[[0.0, 1.325, 2.08, 2.072, 1.312, 2.581, 4.951, 5.73, 5.661, 5.242, 4.695, 3.835, 3.316, 3.689, 3.032, 2.641, 3.54, 4.24, 4.125, 4.273, 4.342, 4.484, 3.807, 3.06, 2.846, 3.007, 3.12, 2.765, 1.912, 1.7, 2.004, 2.156, 1.541, 1.377, 1.37, 1.404, 2.394, 2.26, 1.92, 2.491, 3.347, 3.416, 4.03, 4.49, 4.702, 5.251, 5.028, 4.986, 5.612, 7.876, 10.252, 10.564, 10.06, 9.186, 8.244, 8.095, 10.584, 11.977, 10.76, 10.279, 10.157, 10.712, 10.9, 10.224, 10.024, 9.482, 8.702, 8.684, 8.767, 8.314, 8.118, 7.607, 6.942, 6.46, 5.647, 4.462, 4.547, 5.22, 5.162, 5.37, 5.717, 6.198, 5.473, 5.205, 5.245, 5.124], [1.325, 0.0, 1.204, 1.366, 1.552, 2.26, 4.095, 4.714, 4.643, 4.374, 3.919, 3.552, 3.034, 3.353, 2.881, 2.513, 3.262, 3.855, 3.793, 4.003, 4.097, 4.325, 3.773, 2.973, 3.004, 3.287, 3.422, 3.284, 2.481, 2.145, 2.45, 2.674, 2.145, 1.919, 1.675, 2.184, 3.334, 3.194, 2.791, 3.493, 4.363, 4.369, 4.983, 5.419, 5.716, 6.356, 6.063, 5.934, 6.56, 8.824, 11.269, 11.535, 11.108, 10.272, 9.422, 9.303, 11.638, 12.994, 11.71, 11.227, 11.105, 11.682, 11.862, 11.252, 11.151, 10.562, 9.773, 9.691, 9.767, 9.364, 9.128, 8.677, 7.924, 7.5, 6.788, 5.588, 5.661, 6.261, 6.149, 6.269, 6.599, 7.245, 6.589, 6.326, 6.369, 6.277], [2.08, 1.204, 0.0, 0.875, 1.725, 1.838, 3.377, 4.029, 3.982, 3.834, 3.465, 3.313, 3.0, 3.23, 2.919, 2.673, 2.889, 3.727, 3.821, 4.257, 4.366, 4.725, 4.413, 3.601, 3.615, 3.986, 4.178, 4.067, 3.308, 2.839, 3.18, 3.609, 2.974, 2.676, 2.344, 2.83, 4.23, 3.869, 3.457, 4.137, 5.023, 5.199, 5.977, 6.385, 6.578, 7.136, 6.964, 6.873, 7.499, 9.763, 12.231, 12.543, 12.061, 11.197, 10.291, 10.14, 12.619, 13.913, 12.647, 12.166, 12.044, 12.599, 12.809, 12.224, 12.029, 11.482, 10.693, 10.683, 10.714, 10.258, 10.075, 9.447, 8.693, 8.197, 7.445, 6.204, 6.256, 6.968, 6.868, 7.127, 7.479, 7.931, 7.097, 6.859, 6.865, 6.642], [2.072, 1.366, 0.875, 0.0, 1.584, 1.572, 3.457, 4.265, 4.194, 4.043, 3.643, 3.274, 2.939, 3.209, 2.739, 2.477, 2.79, 3.663, 3.722, 4.006, 4.196, 4.581, 4.247, 3.413, 3.451, 3.774, 3.979, 3.87, 3.136, 2.642, 3.022, 3.311, 2.649, 2.364, 1.976, 2.521, 4.083, 3.744, 3.401, 4.056, 4.936, 5.11, 5.844, 6.267, 6.536, 7.105, 6.917, 6.775, 7.386, 9.656, 12.059, 12.334, 11.848, 11.012, 10.127, 9.987, 12.428, 13.865, 12.562, 12.057, 11.957, 12.512, 12.7, 11.968, 11.819, 11.268, 10.469, 10.462, 10.508, 10.128, 9.955, 9.47, 8.711, 8.218, 7.412, 5.993, 6.127, 6.839, 6.695, 6.941, 7.292, 7.83, 6.962, 6.723, 6.716, 6.488], [1.312, 1.552, 1.725, 1.584, 0.0, 1.946, 4.416, 5.315, 5.299, 5.032, 4.447, 3.678, 3.067, 3.364, 2.699, 2.225, 3.232, 3.993, 3.88, 4.043, 4.102, 4.291, 3.811, 3.059, 3.047, 3.262, 3.375, 3.104, 2.277, 1.943, 2.105, 2.37, 1.792, 1.501, 1.347, 1.675, 2.912, 2.567, 2.408, 2.932, 3.864, 4.081, 4.841, 5.198, 5.469, 6.033, 5.879, 5.725, 6.337, 8.62, 10.929, 11.241, 10.819, 10.057, 9.151, 8.993, 11.479, 12.828, 11.542, 11.027, 10.902, 11.429, 11.559, 10.922, 10.723, 10.18, 9.391, 9.381, 9.406, 8.921, 8.746, 8.114, 7.38, 6.899, 6.124, 4.865, 4.868, 5.599, 5.483, 5.731, 6.071, 6.514, 5.674, 5.462, 5.43, 5.161], [2.581, 2.26, 1.838, 1.572, 1.946, 0.0, 2.712, 3.645, 3.581, 3.267, 2.78, 2.092, 1.755, 1.966, 1.49, 1.432, 1.651, 2.518, 2.597, 2.676, 2.912, 3.474, 3.117, 2.536, 2.84, 3.195, 3.572, 3.537, 2.98, 2.224, 2.609, 3.007, 2.479, 2.334, 1.923, 2.748, 4.493, 4.13, 3.915, 4.555, 5.413, 5.576, 6.306, 6.737, 6.957, 7.555, 7.383, 7.263, 7.878, 10.147, 12.51, 12.811, 12.266, 11.428, 10.501, 10.338, 12.852, 14.331, 13.028, 12.548, 12.428, 12.984, 13.177, 12.434, 12.232, 11.681, 10.938, 10.926, 10.934, 10.49, 10.331, 9.687, 8.964, 8.495, 7.736, 6.381, 6.328, 7.007, 6.765, 7.075, 7.365, 7.922, 7.061, 6.794, 6.832, 6.577], [4.951, 4.095, 3.377, 3.457, 4.416, 2.712, 0.0, 1.077, 1.082, 0.944, 1.047, 1.847, 2.692, 2.15, 2.817, 3.565, 2.063, 2.387, 3.112, 3.493, 4.083, 5.071, 4.888, 4.512, 4.962, 5.53, 5.921, 5.934, 5.516, 4.726, 5.061, 5.45, 4.97, 4.921, 4.457, 5.336, 7.081, 6.651, 6.304, 7.099, 8.001, 8.152, 8.886, 9.324, 9.551, 10.147, 9.975, 9.851, 10.464, 12.733, 15.098, 15.399, 14.858, 14.045, 13.122, 12.964, 15.468, 16.923, 15.62, 15.134, 15.014, 15.57, 15.765, 15.044, 14.842, 14.291, 13.548, 13.513, 13.544, 13.082, 12.919, 12.245, 11.51, 11.008, 10.25, 8.918, 8.861, 9.551, 9.311, 9.611, 9.9, 10.458, 9.592, 9.276, 9.312, 9.062], [5.73, 4.714, 4.029, 4.265, 5.315, 3.645, 1.077, 0.0, 0.723, 0.929, 1.365, 2.386, 3.405, 2.822, 3.539, 4.301, 2.776, 3.089, 3.832, 4.204, 4.8, 5.788, 5.649, 5.276, 5.725, 6.284, 6.689, 6.7, 6.247, 5.451, 5.786, 6.164, 5.682, 5.633, 5.17, 6.096, 7.798, 7.364, 7.021, 7.847, 8.742, 8.931, 9.665, 10.056, 10.33, 10.93, 10.758, 10.586, 11.198, 13.492, 15.815, 16.116, 15.574, 14.819, 13.904, 13.746, 16.242, 17.706, 16.403, 15.898, 15.775, 16.291, 16.481, 15.756, 15.554, 15.003, 14.26, 14.23, 14.256, 13.794, 13.636, 12.962, 12.226, 11.755, 10.999, 9.681, 9.621, 10.301, 10.061, 10.353, 10.642, 11.2, 10.37, 10.022, 10.084, 9.915], [5.661, 4.643, 3.982, 4.194, 5.299, 3.581, 1.082, 0.723, 0.0, 0.895, 1.26, 2.34, 3.359, 2.78, 3.482, 4.23, 2.719, 3.034, 3.781, 4.177, 4.76, 5.739, 5.553, 5.177, 5.628, 6.189, 6.586, 6.599, 6.182, 5.401, 5.738, 6.136, 5.657, 5.607, 5.143, 6.007, 7.763, 7.337, 6.98, 7.805, 8.699, 8.837, 9.568, 9.995, 10.231, 10.831, 10.651, 10.518, 11.129, 13.399, 15.769, 16.07, 15.544, 14.74, 13.813, 13.667, 16.164, 17.598, 16.295, 15.8, 15.68, 16.236, 16.435, 15.73, 15.537, 14.978, 14.234, 14.198, 14.23, 13.768, 13.603, 12.92, 12.18, 11.674, 10.939, 9.607, 9.567, 10.241, 9.997, 10.293, 10.582, 11.14, 10.31, 9.947, 10.006, 9.855], [5.242, 4.374, 3.834, 4.043, 5.032, 3.267, 0.944, 0.929, 0.895, 0.0, 0.969, 2.032, 2.956, 2.445, 3.076, 3.845, 2.318, 2.617, 3.38, 3.788, 4.359, 5.304, 5.126, 4.753, 5.197, 5.741, 6.144, 6.157, 5.755, 4.967, 5.316, 5.736, 5.257, 5.212, 4.743, 5.613, 7.364, 6.977, 6.608, 7.424, 8.304, 8.446, 9.16, 9.577, 9.805, 10.431, 10.234, 10.077, 10.697, 12.972, 15.362, 15.663, 15.144, 14.335, 13.408, 13.234, 15.758, 17.173, 15.862, 15.367, 15.252, 15.81, 16.016, 15.33, 15.128, 14.578, 13.834, 13.798, 13.83, 13.368, 13.203, 12.494, 11.752, 11.232, 10.47, 9.202, 9.119, 9.759, 9.521, 9.84, 10.129, 10.692, 9.893, 9.548, 9.621, 9.452], [4.695, 3.919, 3.465, 3.643, 4.447, 2.78, 1.047, 1.365, 1.26, 0.969, 0.0, 1.444, 2.284, 1.746, 2.461, 3.189, 1.803, 2.213, 2.847, 3.152, 3.723, 4.65, 4.472, 4.129, 4.565, 5.114, 5.517, 5.524, 5.087, 4.371, 4.707, 5.119, 4.658, 4.611, 4.125, 5.048, 6.726, 6.406, 6.02, 6.785, 7.662, 7.871, 8.557, 8.929, 9.176, 9.813, 9.596, 9.423, 10.056, 12.317, 14.726, 15.038, 14.556, 13.766, 12.86, 12.715, 15.188, 16.546, 15.238, 14.74, 14.598, 15.157, 15.352, 14.72, 14.53, 13.98, 13.197, 13.178, 13.203, 12.73, 12.565, 11.851, 11.091, 10.565, 9.836, 8.631, 8.607, 9.249, 9.011, 9.248, 9.527, 10.083, 9.376, 9.028, 9.082, 8.999], [3.835, 3.552, 3.313, 3.274, 3.678, 2.092, 1.847, 2.386, 2.34, 2.032, 1.444, 0.0, 1.182, 1.129, 1.711, 2.092, 1.318, 1.645, 1.993, 2.228, 2.533, 3.492, 3.443, 3.028, 3.475, 4.024, 4.425, 4.445, 3.979, 3.363, 3.679, 3.994, 3.542, 3.545, 3.206, 4.045, 5.494, 5.374, 5.026, 5.691, 6.646, 6.863, 7.488, 7.824, 8.06, 8.703, 8.498, 8.311, 8.935, 11.225, 13.522, 13.847, 13.465, 12.709, 11.832, 11.712, 14.113, 15.426, 14.154, 13.624, 13.507, 14.019, 14.152, 13.5, 13.375, 12.816, 11.985, 11.959, 11.984, 11.514, 11.323, 10.634, 9.857, 9.445, 8.762, 7.558, 7.582, 8.177, 7.945, 8.139, 8.438, 9.036, 8.347, 7.988, 8.063, 8.04], [3.316, 3.034, 3.0, 2.939, 3.067, 1.755, 2.692, 3.405, 3.359, 2.956, 2.284, 1.182, 0.0, 1.007, 1.237, 1.449, 1.088, 1.212, 1.303, 1.61, 1.806, 2.577, 2.382, 1.98, 2.457, 2.98, 3.383, 3.398, 2.956, 2.573, 2.791, 3.029, 2.598, 2.798, 2.54, 3.317, 4.573, 4.763, 4.528, 5.015, 5.88, 6.127, 6.616, 6.926, 7.083, 7.729, 7.475, 7.282, 7.886, 10.172, 12.575, 12.854, 12.492, 11.737, 10.882, 10.769, 13.121, 14.389, 13.101, 12.58, 12.455, 12.99, 13.105, 12.555, 12.448, 11.874, 11.066, 10.998, 11.027, 10.596, 10.36, 9.683, 8.894, 8.497, 7.831, 6.857, 6.834, 7.318, 7.079, 7.173, 7.457, 8.144, 7.65, 7.209, 7.355, 7.396], [3.689, 3.353, 3.23, 3.209, 3.364, 1.966, 2.15, 2.822, 2.78, 2.445, 1.746, 1.129, 1.007, 0.0, 1.139, 1.69, 1.035, 1.187, 1.449, 1.752, 2.138, 3.114, 2.923, 2.571, 3.156, 3.593, 4.016, 3.993, 3.585, 3.212, 3.396, 3.724, 3.301, 3.309, 2.951, 3.796, 5.27, 5.144, 4.819, 5.411, 6.239, 6.369, 7.032, 7.395, 7.629, 8.231, 8.018, 7.857, 8.468, 10.775, 13.28, 13.575, 13.193, 12.45, 11.595, 11.477, 13.813, 14.968, 13.684, 13.163, 13.037, 13.684, 13.773, 13.251, 13.171, 12.604, 11.789, 11.73, 11.733, 11.292, 11.075, 10.439, 9.575, 9.166, 8.51, 7.34, 7.365, 7.957, 7.724, 7.871, 8.108, 8.819, 8.152, 7.787, 7.848, 7.819], [3.032, 2.881, 2.919, 2.739, 2.699, 1.49, 2.817, 3.539, 3.482, 3.076, 2.461, 1.711, 1.237, 1.139, 0.0, 0.955, 0.865, 1.448, 1.53, 1.628, 2.165, 2.779, 2.387, 1.932, 2.349, 2.866, 3.303, 3.306, 2.824, 2.475, 2.607, 2.913, 2.446, 2.417, 2.155, 2.836, 4.44, 4.457, 4.243, 4.679, 5.39, 5.741, 6.373, 6.671, 6.871, 7.473, 7.278, 7.096, 7.724, 10.003, 12.464, 12.744, 12.327, 11.578, 10.701, 10.572, 12.966, 14.227, 12.936, 12.419, 12.267, 12.863, 13.031, 12.437, 12.322, 11.764, 10.924, 10.888, 10.917, 10.438, 10.248, 9.636, 8.809, 8.359, 7.687, 6.433, 6.454, 7.088, 6.837, 7.025, 7.249, 7.945, 7.228, 6.881, 6.975, 6.932], [2.641, 2.513, 2.673, 2.477, 2.225, 1.432, 3.565, 4.301, 4.23, 3.845, 3.189, 2.092, 1.449, 1.69, 0.955, 0.0, 1.554, 2.087, 1.959, 2.125, 2.246, 2.577, 2.122, 1.598, 1.916, 2.199, 2.662, 2.654, 2.274, 2.181, 2.18, 2.432, 1.981, 1.92, 1.685, 2.349, 3.853, 3.984, 3.742, 3.991, 4.718, 5.207, 5.776, 6.059, 6.208, 6.755, 6.6, 6.398, 7.023, 9.333, 11.859, 12.141, 11.756, 11.008, 10.134, 10.005, 12.391, 13.545, 12.247, 11.717, 11.598, 12.226, 12.326, 11.832, 11.722, 11.162, 10.325, 10.287, 10.317, 9.836, 9.635, 8.981, 8.149, 7.698, 7.038, 5.812, 5.848, 6.494, 6.239, 6.426, 6.667, 7.348, 6.601, 6.328, 6.398, 6.343], [3.54, 3.262, 2.889, 2.79, 3.232, 1.651, 2.063, 2.776, 2.719, 2.318, 1.803, 1.318, 1.088, 1.035, 0.865, 1.554, 0.0, 1.084, 1.424, 1.912, 2.454, 3.187, 2.936, 2.563, 3.018, 3.526, 3.93, 3.965, 3.512, 3.028, 3.323, 3.637, 3.183, 3.132, 2.741, 3.566, 5.2, 5.046, 4.737, 5.282, 6.081, 6.377, 7.042, 7.372, 7.589, 8.201, 8.021, 7.824, 8.455, 10.748, 13.223, 13.525, 13.051, 12.302, 11.424, 11.296, 13.691, 14.966, 13.675, 13.149, 13.028, 13.553, 13.764, 13.202, 13.08, 12.522, 11.682, 11.652, 11.688, 11.209, 11.016, 10.314, 9.486, 9.038, 8.363, 7.168, 7.176, 7.816, 7.565, 7.763, 8.025, 8.669, 7.926, 7.603, 7.693, 7.627], [4.24, 3.855, 3.727, 3.663, 3.993, 2.518, 2.387, 3.089, 3.034, 2.617, 2.213, 1.645, 1.212, 1.187, 1.448, 2.087, 1.084, 0.0, 0.899, 1.413, 1.932, 2.862, 2.656, 2.318, 2.972, 3.426, 3.785, 3.892, 3.404, 3.295, 3.321, 3.423, 3.239, 3.559, 3.383, 4.024, 5.198, 5.726, 5.459, 5.909, 6.565, 6.823, 7.29, 7.496, 7.669, 8.245, 8.041, 7.574, 8.194, 10.527, 12.987, 13.26, 12.906, 12.164, 11.328, 11.235, 13.453, 14.684, 13.388, 12.88, 12.756, 13.396, 13.472, 12.983, 12.907, 12.288, 11.523, 11.435, 11.465, 11.127, 10.895, 10.187, 9.376, 9.017, 8.471, 7.518, 7.479, 7.893, 7.669, 7.727, 7.941, 8.602, 8.291, 7.881, 8.001, 8.061], [4.125, 3.793, 3.821, 3.722, 3.88, 2.597, 3.112, 3.832, 3.781, 3.38, 2.847, 1.993, 1.303, 1.449, 1.53, 1.959, 1.424, 0.899, 0.0, 0.967, 1.361, 2.178, 2.059, 1.824, 2.493, 2.983, 3.306, 3.385, 2.988, 3.116, 3.043, 2.959, 3.077, 3.423, 3.25, 3.904, 4.956, 5.596, 5.335, 5.724, 6.398, 6.664, 7.136, 7.367, 7.41, 7.973, 7.749, 7.21, 7.632, 9.969, 12.36, 12.634, 12.299, 11.537, 10.714, 10.655, 12.767, 13.899, 12.643, 12.115, 12.016, 12.723, 12.787, 12.357, 12.276, 11.728, 10.894, 10.883, 10.87, 10.643, 10.448, 9.67, 8.871, 8.547, 8.072, 7.361, 7.332, 7.562, 7.343, 7.347, 7.547, 8.137, 8.046, 7.745, 7.861, 7.977], [4.273, 4.003, 4.257, 4.006, 4.043, 2.676, 3.493, 4.204, 4.177, 3.788, 3.152, 2.228, 1.61, 1.752, 1.628, 2.125, 1.912, 1.413, 0.967, 0.0, 0.969, 1.811, 1.873, 1.839, 2.352, 2.862, 3.159, 3.231, 3.213, 3.137, 2.771, 2.715, 3.159, 3.486, 3.342, 3.994, 4.942, 5.72, 5.557, 6.001, 6.539, 6.899, 7.352, 7.493, 7.485, 8.057, 7.834, 7.249, 7.635, 9.79, 11.908, 12.227, 11.864, 11.103, 10.278, 10.218, 12.216, 13.558, 12.289, 11.777, 11.669, 12.259, 12.389, 11.866, 11.866, 11.301, 10.426, 10.46, 10.424, 10.308, 10.171, 9.401, 8.615, 8.234, 7.894, 7.228, 7.219, 7.342, 7.175, 7.126, 7.303, 7.856, 7.851, 7.508, 7.688, 7.838], [4.342, 4.097, 4.366, 4.196, 4.102, 2.912, 4.083, 4.8, 4.76, 4.359, 3.723, 2.533, 1.806, 2.138, 2.165, 2.246, 2.454, 1.932, 1.361, 0.969, 0.0, 1.129, 1.389, 1.631, 2.11, 2.404, 2.678, 2.918, 3.182, 3.215, 2.811, 2.674, 3.205, 3.527, 3.389, 3.957, 4.884, 5.736, 5.545, 5.906, 6.316, 6.677, 7.172, 7.283, 7.194, 7.67, 7.451, 6.836, 7.163, 9.118, 11.481, 11.742, 11.41, 10.667, 9.839, 9.782, 11.866, 12.975, 11.702, 11.198, 11.13, 11.859, 11.921, 11.464, 11.424, 10.851, 9.998, 9.973, 9.976, 9.84, 9.68, 8.909, 8.185, 7.784, 7.456, 6.995, 6.994, 7.075, 6.919, 6.849, 6.934, 7.491, 7.65, 7.342, 7.509, 7.721], [4.484, 4.325, 4.725, 4.581, 4.291, 3.474, 5.071, 5.788, 5.739, 5.304, 4.65, 3.492, 2.577, 3.114, 2.779, 2.577, 3.187, 2.862, 2.178, 1.811, 1.129, 0.0, 1.148, 1.725, 2.081, 2.18, 2.336, 2.633, 3.135, 3.274, 2.826, 2.667, 3.276, 3.599, 3.47, 3.858, 4.828, 5.731, 5.68, 5.751, 6.085, 6.478, 6.978, 7.069, 6.881, 7.195, 7.047, 6.4, 6.618, 8.59, 10.954, 11.267, 10.892, 10.155, 9.328, 9.268, 11.113, 11.99, 10.739, 10.22, 10.22, 11.037, 11.252, 10.966, 10.962, 10.396, 9.514, 9.521, 9.545, 9.403, 9.269, 8.471, 7.789, 7.351, 7.142, 6.865, 6.864, 6.911, 6.765, 6.663, 6.72, 7.255, 7.534, 7.27, 7.427, 7.671], [3.807, 3.773, 4.413, 4.247, 3.811, 3.117, 4.888, 5.649, 5.553, 5.126, 4.472, 3.443, 2.382, 2.923, 2.387, 2.122, 2.936, 2.656, 2.059, 1.873, 1.389, 1.148, 0.0, 1.076, 1.327, 1.432, 1.732, 1.968, 2.408, 2.624, 2.194, 2.053, 2.66, 3.001, 2.905, 3.147, 4.171, 5.144, 5.072, 5.142, 5.347, 5.802, 6.272, 6.426, 6.25, 6.588, 6.441, 5.846, 6.112, 8.227, 11.003, 11.26, 10.87, 10.075, 9.243, 9.182, 11.207, 12.173, 10.8, 10.33, 10.231, 11.069, 11.345, 10.995, 10.921, 10.332, 9.527, 9.506, 9.539, 9.241, 9.048, 8.27, 7.479, 7.13, 6.736, 6.346, 6.344, 6.403, 6.253, 6.177, 6.278, 6.865, 7.014, 6.714, 6.875, 7.102], [3.06, 2.973, 3.601, 3.413, 3.059, 2.536, 4.512, 5.276, 5.177, 4.753, 4.129, 3.028, 1.98, 2.571, 1.932, 1.598, 2.563, 2.318, 1.824, 1.839, 1.631, 1.725, 1.076, 0.0, 0.933, 1.361, 1.742, 1.781, 1.826, 1.984, 1.711, 1.694, 2.014, 2.316, 2.231, 2.626, 3.71, 4.538, 4.33, 4.594, 4.911, 5.334, 5.818, 5.995, 5.857, 6.317, 6.155, 5.758, 6.085, 8.393, 11.052, 11.334, 10.908, 10.117, 9.281, 9.187, 11.438, 12.483, 11.135, 10.651, 10.553, 11.29, 11.496, 11.047, 10.991, 10.373, 9.586, 9.501, 9.552, 9.241, 9.059, 8.274, 7.481, 7.15, 6.718, 6.041, 6.052, 6.286, 6.062, 6.07, 6.288, 6.869, 6.772, 6.483, 6.61, 6.738], [2.846, 3.004, 3.615, 3.451, 3.047, 2.84, 4.962, 5.725, 5.628, 5.197, 4.565, 3.475, 2.457, 3.156, 2.349, 1.916, 3.018, 2.972, 2.493, 2.352, 2.11, 2.081, 1.327, 0.933, 0.0, 0.838, 1.266, 1.394, 1.631, 1.955, 1.493, 1.486, 1.742, 2.0, 2.113, 2.243, 3.335, 4.177, 4.08, 4.297, 4.536, 5.04, 5.547, 5.767, 5.535, 5.948, 5.829, 5.473, 5.847, 7.944, 10.576, 10.852, 10.417, 9.574, 8.715, 8.596, 10.962, 12.147, 10.777, 10.341, 10.187, 10.787, 11.087, 10.56, 10.448, 9.872, 9.067, 9.008, 9.028, 8.622, 8.483, 7.693, 6.877, 6.469, 6.069, 5.489, 5.498, 5.657, 5.468, 5.482, 5.699, 6.239, 6.168, 5.912, 6.056, 6.211], [3.007, 3.287, 3.986, 3.774, 3.262, 3.195, 5.53, 6.284, 6.189, 5.741, 5.114, 4.024, 2.98, 3.593, 2.866, 2.199, 3.526, 3.426, 2.983, 2.862, 2.404, 2.18, 1.432, 1.361, 0.838, 0.0, 0.731, 1.011, 1.499, 2.033, 1.62, 1.579, 1.816, 2.111, 2.342, 2.174, 3.136, 3.992, 3.892, 4.026, 4.245, 4.754, 5.26, 5.438, 5.187, 5.506, 5.451, 5.029, 5.397, 7.416, 10.146, 10.44, 9.993, 9.198, 8.354, 8.246, 10.551, 11.629, 10.273, 9.771, 9.647, 10.353, 10.606, 10.125, 10.048, 9.47, 8.666, 8.595, 8.608, 8.238, 8.006, 7.3, 6.487, 6.117, 5.615, 5.182, 5.204, 5.268, 5.115, 5.063, 5.202, 5.862, 5.88, 5.616, 5.777, 5.999], [3.12, 3.422, 4.178, 3.979, 3.375, 3.572, 5.921, 6.689, 6.586, 6.144, 5.517, 4.425, 3.383, 4.016, 3.303, 2.662, 3.93, 3.785, 3.306, 3.159, 2.678, 2.336, 1.732, 1.742, 1.266, 0.731, 0.0, 0.776, 1.444, 2.047, 1.721, 1.59, 1.869, 2.179, 2.464, 2.152, 2.905, 3.762, 3.822, 3.825, 4.052, 4.549, 5.025, 5.174, 4.981, 5.31, 5.228, 4.733, 5.116, 7.061, 9.759, 10.041, 9.609, 8.809, 7.964, 7.872, 10.126, 11.234, 9.866, 9.383, 9.258, 9.939, 10.188, 9.742, 9.664, 9.078, 8.283, 8.21, 8.236, 7.911, 7.698, 6.975, 6.194, 5.841, 5.366, 5.048, 5.078, 5.132, 4.978, 4.902, 4.966, 5.577, 5.726, 5.465, 5.634, 5.841], [2.765, 3.284, 4.067, 3.87, 3.104, 3.537, 5.934, 6.7, 6.599, 6.157, 5.524, 4.445, 3.398, 3.993, 3.306, 2.654, 3.965, 3.892, 3.385, 3.231, 2.918, 2.633, 1.968, 1.781, 1.394, 1.011, 0.776, 0.0, 1.172, 1.718, 1.463, 1.415, 1.558, 1.871, 2.151, 1.74, 2.556, 3.394, 3.458, 3.406, 3.735, 4.219, 4.642, 4.891, 4.689, 5.094, 5.021, 4.643, 5.019, 7.011, 9.734, 10.019, 9.566, 8.77, 7.925, 7.818, 10.15, 11.192, 9.817, 9.337, 9.221, 9.934, 10.201, 9.71, 9.625, 9.049, 8.24, 8.191, 8.231, 7.805, 7.644, 6.96, 6.16, 5.759, 5.343, 4.923, 4.954, 5.053, 4.892, 4.849, 4.952, 5.538, 5.581, 5.331, 5.511, 5.66], [1.912, 2.481, 3.308, 3.136, 2.277, 2.98, 5.516, 6.247, 6.182, 5.755, 5.087, 3.979, 2.956, 3.585, 2.824, 2.274, 3.512, 3.404, 2.988, 3.213, 3.182, 3.135, 2.408, 1.826, 1.631, 1.499, 1.444, 1.172, 0.0, 1.05, 1.122, 1.112, 0.96, 1.172, 1.498, 1.331, 2.315, 2.905, 2.7, 2.966, 3.534, 4.021, 4.449, 4.672, 4.703, 5.15, 5.069, 4.561, 5.014, 7.332, 9.939, 10.216, 9.766, 9.007, 8.156, 8.077, 10.391, 11.518, 10.192, 9.69, 9.528, 10.136, 10.425, 9.914, 9.807, 9.248, 8.427, 8.409, 8.465, 8.095, 7.92, 7.191, 6.404, 6.046, 5.597, 4.861, 4.869, 5.149, 4.897, 4.957, 5.163, 5.775, 5.607, 5.331, 5.45, 5.544], [1.7, 2.145, 2.839, 2.642, 1.943, 2.224, 4.726, 5.451, 5.401, 4.967, 4.371, 3.363, 2.573, 3.212, 2.475, 2.181, 3.028, 3.295, 3.116, 3.137, 3.215, 3.274, 2.624, 1.984, 1.955, 2.033, 2.047, 1.718, 1.05, 0.0, 0.88, 1.287, 1.011, 1.241, 1.343, 1.587, 2.686, 3.07, 2.847, 3.347, 4.034, 4.517, 4.944, 5.209, 5.233, 5.758, 5.59, 5.371, 5.808, 8.097, 10.529, 10.831, 10.323, 9.573, 8.652, 8.497, 10.997, 12.319, 11.018, 10.497, 10.38, 10.902, 11.157, 10.497, 10.3, 9.745, 9.018, 8.994, 9.054, 8.575, 8.417, 7.747, 7.037, 6.569, 5.93, 5.119, 5.011, 5.298, 5.051, 5.289, 5.566, 6.18, 5.753, 5.461, 5.593, 5.638], [2.004, 2.45, 3.18, 3.022, 2.105, 2.609, 5.061, 5.786, 5.738, 5.316, 4.707, 3.679, 2.791, 3.396, 2.607, 2.18, 3.323, 3.321, 3.043, 2.771, 2.811, 2.826, 2.194, 1.711, 1.493, 1.62, 1.721, 1.463, 1.122, 0.88, 0.0, 0.814, 0.947, 1.204, 1.435, 1.547, 2.651, 3.318, 3.331, 3.595, 4.057, 4.595, 5.046, 5.279, 5.141, 5.664, 5.522, 5.218, 5.625, 7.772, 10.156, 10.457, 9.983, 9.233, 8.306, 8.146, 10.656, 11.985, 10.701, 10.18, 10.055, 10.567, 10.783, 10.124, 9.922, 9.371, 8.629, 8.592, 8.652, 8.184, 8.032, 7.317, 6.607, 6.139, 5.552, 4.937, 4.828, 4.966, 4.798, 4.965, 5.189, 5.712, 5.486, 5.193, 5.375, 5.476], [2.156, 2.674, 3.609, 3.311, 2.37, 3.007, 5.45, 6.164, 6.136, 5.736, 5.119, 3.994, 3.029, 3.724, 2.913, 2.432, 3.637, 3.423, 2.959, 2.715, 2.674, 2.667, 2.053, 1.694, 1.486, 1.579, 1.59, 1.415, 1.112, 1.287, 0.814, 0.0, 1.01, 1.317, 1.59, 1.526, 2.357, 3.227, 3.306, 3.568, 3.929, 4.323, 4.769, 4.932, 4.926, 5.47, 5.308, 4.757, 5.203, 7.525, 9.732, 9.994, 9.574, 8.81, 7.975, 7.91, 10.14, 11.575, 10.291, 9.77, 9.645, 10.159, 10.321, 9.684, 9.577, 9.001, 8.222, 8.191, 8.217, 7.937, 7.773, 7.064, 6.351, 6.005, 5.509, 4.709, 4.694, 4.904, 4.676, 4.696, 4.979, 5.527, 5.378, 5.085, 5.221, 5.358], [1.541, 2.145, 2.974, 2.649, 1.792, 2.479, 4.97, 5.682, 5.657, 5.257, 4.658, 3.542, 2.598, 3.301, 2.446, 1.981, 3.183, 3.239, 3.077, 3.159, 3.205, 3.276, 2.66, 2.014, 1.742, 1.816, 1.869, 1.558, 0.96, 1.011, 0.947, 1.01, 0.0, 0.683, 0.882, 1.021, 2.255, 2.66, 2.729, 3.06, 3.726, 4.037, 4.472, 4.753, 4.898, 5.513, 5.295, 5.022, 5.617, 7.903, 10.183, 10.473, 9.998, 9.207, 8.311, 8.195, 10.622, 12.116, 10.832, 10.311, 10.186, 10.698, 10.839, 10.074, 9.913, 9.354, 8.61, 8.591, 8.61, 8.216, 8.007, 7.433, 6.707, 6.289, 5.636, 4.547, 4.533, 4.954, 4.704, 4.842, 5.153, 5.822, 5.343, 4.99, 5.141, 5.172], [1.377, 1.919, 2.676, 2.364, 1.501, 2.334, 4.921, 5.633, 5.607, 5.212, 4.611, 3.545, 2.798, 3.309, 2.417, 1.92, 3.132, 3.559, 3.423, 3.486, 3.527, 3.599, 3.001, 2.316, 2.0, 2.111, 2.179, 1.871, 1.172, 1.241, 1.204, 1.317, 0.683, 0.0, 0.686, 0.813, 2.232, 2.373, 2.405, 2.734, 3.44, 3.791, 4.274, 4.595, 4.81, 5.442, 5.232, 5.042, 5.665, 7.951, 10.223, 10.524, 10.036, 9.261, 8.349, 8.22, 10.67, 12.164, 10.88, 10.359, 10.234, 10.746, 10.89, 10.123, 9.969, 9.402, 8.647, 8.648, 8.667, 8.205, 8.066, 7.529, 6.821, 6.356, 5.646, 4.365, 4.35, 4.931, 4.717, 4.934, 5.279, 5.916, 5.215, 4.938, 4.987, 4.969], [1.37, 1.675, 2.344, 1.976, 1.347, 1.923, 4.457, 5.17, 5.143, 4.743, 4.125, 3.206, 2.54, 2.951, 2.155, 1.685, 2.741, 3.383, 3.25, 3.342, 3.389, 3.47, 2.905, 2.231, 2.113, 2.342, 2.464, 2.151, 1.498, 1.343, 1.435, 1.59, 0.882, 0.686, 0.0, 1.068, 2.676, 2.59, 2.57, 3.022, 3.775, 4.024, 4.601, 4.953, 5.222, 5.86, 5.635, 5.463, 6.085, 8.372, 10.708, 10.994, 10.492, 9.696, 8.787, 8.648, 11.108, 12.584, 11.301, 10.779, 10.654, 11.172, 11.36, 10.595, 10.439, 9.892, 9.118, 9.129, 9.148, 8.744, 8.603, 8.068, 7.361, 6.923, 6.155, 4.822, 4.873, 5.475, 5.257, 5.471, 5.805, 6.418, 5.682, 5.431, 5.481, 5.413], [1.404, 2.184, 2.83, 2.521, 1.675, 2.748, 5.336, 6.096, 6.007, 5.613, 5.048, 4.045, 3.317, 3.796, 2.836, 2.349, 3.566, 4.024, 3.904, 3.994, 3.957, 3.858, 3.147, 2.626, 2.243, 2.174, 2.152, 1.74, 1.331, 1.587, 1.547, 1.526, 1.021, 0.813, 1.068, 0.0, 1.788, 2.093, 2.221, 2.366, 2.877, 3.231, 3.82, 4.121, 4.257, 4.841, 4.663, 4.515, 5.141, 7.404, 9.81, 10.077, 9.629, 8.813, 7.932, 7.792, 10.233, 11.612, 10.328, 9.808, 9.685, 10.251, 10.429, 9.774, 9.624, 9.074, 8.268, 8.263, 8.306, 7.866, 7.729, 7.22, 6.51, 6.051, 5.275, 3.966, 4.049, 4.705, 4.517, 4.737, 5.071, 5.671, 4.905, 4.629, 4.653, 4.63], [2.394, 3.334, 4.23, 4.083, 2.912, 4.493, 7.081, 7.798, 7.763, 7.364, 6.726, 5.494, 4.573, 5.27, 4.44, 3.853, 5.2, 5.198, 4.956, 4.942, 4.884, 4.828, 4.171, 3.71, 3.335, 3.136, 2.905, 2.556, 2.315, 2.686, 2.651, 2.357, 2.255, 2.232, 2.676, 1.788, 0.0, 1.312, 1.761, 1.6, 1.951, 2.279, 2.645, 2.85, 2.965, 3.553, 3.262, 3.017, 3.608, 5.878, 8.126, 8.443, 8.075, 7.306, 6.46, 6.356, 8.702, 10.089, 8.805, 8.284, 8.171, 8.702, 8.819, 8.083, 7.927, 7.335, 6.544, 6.546, 6.706, 6.355, 6.148, 5.736, 5.04, 4.615, 3.926, 2.832, 2.931, 3.398, 3.308, 3.4, 3.781, 4.243, 3.724, 3.415, 3.53, 3.604], [2.26, 3.194, 3.869, 3.744, 2.567, 4.13, 6.651, 7.364, 7.337, 6.977, 6.406, 5.374, 4.763, 5.144, 4.457, 3.984, 5.046, 5.726, 5.596, 5.72, 5.736, 5.731, 5.144, 4.538, 4.177, 3.992, 3.762, 3.394, 2.905, 3.07, 3.318, 3.227, 2.66, 2.373, 2.59, 2.093, 1.312, 0.0, 0.947, 0.827, 1.816, 1.887, 2.559, 2.894, 3.188, 3.743, 3.571, 3.399, 4.022, 6.308, 8.511, 8.841, 8.417, 7.664, 6.795, 6.677, 9.07, 10.521, 9.237, 8.716, 8.596, 9.104, 9.226, 8.439, 8.271, 7.707, 6.937, 6.935, 7.001, 6.588, 6.448, 6.031, 5.323, 4.877, 4.162, 2.81, 3.117, 3.605, 3.533, 3.72, 4.014, 4.516, 3.669, 3.399, 3.448, 3.333], [1.92, 2.791, 3.457, 3.401, 2.408, 3.915, 6.304, 7.021, 6.98, 6.608, 6.02, 5.026, 4.528, 4.819, 4.243, 3.742, 4.737, 5.459, 5.335, 5.557, 5.545, 5.68, 5.072, 4.33, 4.08, 3.892, 3.822, 3.458, 2.7, 2.847, 3.331, 3.306, 2.729, 2.405, 2.57, 2.221, 1.761, 0.947, 0.0, 1.104, 1.958, 2.129, 2.771, 3.143, 3.46, 4.012, 3.84, 3.676, 4.298, 6.58, 8.945, 9.24, 8.875, 8.125, 7.251, 7.133, 9.513, 10.79, 9.506, 8.985, 8.86, 9.448, 9.512, 8.918, 8.803, 8.245, 7.418, 7.399, 7.497, 7.06, 6.893, 6.393, 5.65, 5.227, 4.509, 3.351, 3.634, 4.106, 4.03, 4.188, 4.464, 5.03, 4.223, 3.938, 3.98, 3.835], [2.491, 3.493, 4.137, 4.056, 2.932, 4.555, 7.099, 7.847, 7.805, 7.424, 6.785, 5.691, 5.015, 5.411, 4.679, 3.991, 5.282, 5.909, 5.724, 6.001, 5.906, 5.751, 5.142, 4.594, 4.297, 4.026, 3.825, 3.406, 2.966, 3.347, 3.595, 3.568, 3.06, 2.734, 3.022, 2.366, 1.6, 0.827, 1.104, 0.0, 1.212, 1.643, 2.263, 2.528, 2.74, 3.225, 3.094, 2.921, 3.609, 5.823, 8.321, 8.623, 8.258, 7.508, 6.631, 6.502, 8.896, 10.04, 8.726, 8.216, 8.076, 8.725, 8.834, 8.293, 8.178, 7.62, 6.78, 6.773, 6.9, 6.463, 6.359, 5.869, 5.098, 4.754, 3.983, 2.86, 3.351, 3.877, 3.847, 4.026, 4.253, 4.802, 3.928, 3.702, 3.707, 3.467], [3.347, 4.363, 5.023, 4.936, 3.864, 5.413, 8.001, 8.742, 8.699, 8.304, 7.662, 6.646, 5.88, 6.239, 5.39, 4.718, 6.081, 6.565, 6.398, 6.539, 6.316, 6.085, 5.347, 4.911, 4.536, 4.245, 4.052, 3.735, 3.534, 4.034, 4.057, 3.929, 3.726, 3.44, 3.775, 2.877, 1.951, 1.816, 1.958, 1.212, 0.0, 1.026, 1.545, 1.718, 1.831, 2.318, 2.169, 2.383, 2.771, 4.788, 7.445, 7.724, 7.272, 6.514, 5.637, 5.508, 7.902, 9.008, 7.707, 7.18, 7.057, 7.689, 7.92, 7.417, 7.302, 6.744, 5.904, 5.872, 6.002, 5.599, 5.485, 5.097, 4.368, 4.024, 3.347, 2.578, 3.044, 3.431, 3.309, 3.445, 3.644, 4.18, 3.324, 3.097, 3.004, 2.74], [3.416, 4.369, 5.199, 5.11, 4.081, 5.576, 8.152, 8.931, 8.837, 8.446, 7.871, 6.863, 6.127, 6.369, 5.741, 5.207, 6.377, 6.823, 6.664, 6.899, 6.677, 6.478, 5.802, 5.334, 5.04, 4.754, 4.549, 4.219, 4.021, 4.517, 4.595, 4.323, 4.037, 3.791, 4.024, 3.231, 2.279, 1.887, 2.129, 1.643, 1.026, 0.0, 1.093, 1.329, 1.594, 2.095, 1.841, 2.102, 2.535, 4.62, 7.23, 7.525, 7.078, 6.243, 5.398, 5.279, 7.595, 8.777, 7.496, 7.015, 6.893, 7.613, 7.746, 7.21, 7.133, 6.554, 5.751, 5.679, 5.801, 5.456, 5.276, 4.916, 4.196, 3.842, 3.111, 2.327, 2.798, 3.181, 3.074, 3.149, 3.369, 3.948, 3.158, 2.893, 2.847, 2.618], [4.03, 4.983, 5.977, 5.844, 4.841, 6.306, 8.886, 9.665, 9.568, 9.16, 8.557, 7.488, 6.616, 7.032, 6.373, 5.776, 7.042, 7.29, 7.136, 7.352, 7.172, 6.978, 6.272, 5.818, 5.547, 5.26, 5.025, 4.642, 4.449, 4.944, 5.046, 4.769, 4.472, 4.274, 4.601, 3.82, 2.645, 2.559, 2.771, 2.263, 1.545, 1.093, 0.0, 0.719, 1.091, 1.562, 1.336, 1.815, 2.004, 3.894, 6.468, 6.734, 6.3, 5.483, 4.638, 4.52, 6.842, 8.042, 6.761, 6.258, 6.155, 6.861, 6.99, 6.444, 6.349, 5.759, 4.967, 4.915, 5.075, 4.703, 4.498, 4.207, 3.571, 3.265, 2.631, 2.156, 2.487, 2.75, 2.632, 2.634, 2.883, 3.287, 2.689, 2.367, 2.31, 2.118], [4.49, 5.419, 6.385, 6.267, 5.198, 6.737, 9.324, 10.056, 9.995, 9.577, 8.929, 7.824, 6.926, 7.395, 6.671, 6.059, 7.372, 7.496, 7.367, 7.493, 7.283, 7.069, 6.426, 5.995, 5.767, 5.438, 5.174, 4.891, 4.672, 5.209, 5.279, 4.932, 4.753, 4.595, 4.953, 4.121, 2.85, 2.894, 3.143, 2.528, 1.718, 1.329, 0.719, 0.0, 0.886, 1.343, 1.156, 1.547, 1.664, 3.455, 6.026, 6.294, 5.888, 5.125, 4.288, 4.197, 6.435, 7.652, 6.368, 5.847, 5.722, 6.373, 6.493, 6.022, 5.947, 5.33, 4.561, 4.524, 4.67, 4.354, 4.22, 3.828, 3.131, 2.894, 2.298, 2.062, 2.215, 2.45, 2.346, 2.392, 2.539, 2.953, 2.399, 2.126, 2.08, 2.049], [4.702, 5.716, 6.578, 6.536, 5.469, 6.957, 9.551, 10.33, 10.231, 9.805, 9.176, 8.06, 7.083, 7.629, 6.871, 6.208, 7.589, 7.669, 7.41, 7.485, 7.194, 6.881, 6.25, 5.857, 5.535, 5.187, 4.981, 4.689, 4.703, 5.233, 5.141, 4.926, 4.898, 4.81, 5.222, 4.257, 2.965, 3.188, 3.46, 2.74, 1.831, 1.594, 1.091, 0.886, 0.0, 0.986, 0.916, 1.323, 1.559, 3.231, 5.887, 6.182, 5.724, 4.901, 4.046, 3.928, 6.259, 7.389, 6.094, 5.611, 5.487, 6.213, 6.349, 5.858, 5.778, 5.211, 4.398, 4.385, 4.453, 4.049, 3.98, 3.646, 2.952, 2.686, 2.074, 1.842, 2.125, 2.244, 2.155, 2.242, 2.39, 2.796, 2.283, 2.04, 2.018, 2.108], [5.251, 6.356, 7.136, 7.105, 6.033, 7.555, 10.147, 10.93, 10.831, 10.431, 9.813, 8.703, 7.729, 8.231, 7.473, 6.755, 8.201, 8.245, 7.973, 8.057, 7.67, 7.195, 6.588, 6.317, 5.948, 5.506, 5.31, 5.094, 5.15, 5.758, 5.664, 5.47, 5.513, 5.442, 5.86, 4.841, 3.553, 3.743, 4.012, 3.225, 2.318, 2.095, 1.562, 1.343, 0.986, 0.0, 0.825, 1.247, 1.323, 2.863, 5.598, 5.893, 5.436, 4.581, 3.679, 3.564, 5.915, 6.888, 5.705, 5.188, 5.148, 5.889, 6.099, 5.58, 5.492, 4.936, 4.149, 4.21, 4.378, 3.922, 3.919, 3.567, 2.892, 2.629, 2.095, 1.97, 2.178, 2.223, 2.178, 2.35, 2.387, 2.724, 2.319, 2.242, 2.147, 2.295], [5.028, 6.063, 6.964, 6.917, 5.879, 7.383, 9.975, 10.758, 10.651, 10.234, 9.596, 8.498, 7.475, 8.018, 7.278, 6.6, 8.021, 8.041, 7.749, 7.834, 7.451, 7.047, 6.441, 6.155, 5.829, 5.451, 5.228, 5.021, 5.069, 5.59, 5.522, 5.308, 5.295, 5.232, 5.635, 4.663, 3.262, 3.571, 3.84, 3.094, 2.169, 1.841, 1.336, 1.156, 0.916, 0.825, 0.0, 1.115, 1.096, 2.995, 5.778, 6.059, 5.628, 4.768, 3.877, 3.756, 6.054, 6.982, 5.833, 5.321, 5.315, 6.109, 6.268, 5.767, 5.683, 5.103, 4.346, 4.362, 4.575, 4.192, 4.148, 3.844, 3.059, 2.736, 2.059, 1.909, 2.143, 2.225, 2.155, 2.194, 2.376, 2.905, 2.376, 2.193, 2.112, 2.252], [4.986, 5.934, 6.873, 6.775, 5.725, 7.263, 9.851, 10.586, 10.518, 10.077, 9.423, 8.311, 7.282, 7.857, 7.096, 6.398, 7.824, 7.574, 7.21, 7.249, 6.836, 6.4, 5.846, 5.758, 5.473, 5.029, 4.733, 4.643, 4.561, 5.371, 5.218, 4.757, 5.022, 5.042, 5.463, 4.515, 3.017, 3.399, 3.676, 2.921, 2.383, 2.102, 1.815, 1.547, 1.323, 1.247, 1.115, 0.0, 0.864, 3.196, 5.935, 6.192, 5.784, 5.023, 4.193, 4.111, 6.241, 7.212, 5.922, 5.406, 5.384, 6.19, 6.366, 5.953, 5.87, 5.264, 4.533, 4.607, 4.826, 4.537, 4.447, 3.882, 3.113, 2.807, 2.233, 1.774, 2.131, 2.232, 2.256, 2.356, 2.369, 2.907, 2.714, 2.513, 2.584, 2.736], [5.612, 6.56, 7.499, 7.386, 6.337, 7.878, 10.464, 11.198, 11.129, 10.697, 10.056, 8.935, 7.886, 8.468, 7.724, 7.023, 8.455, 8.194, 7.632, 7.635, 7.163, 6.618, 6.112, 6.085, 5.847, 5.397, 5.116, 5.019, 5.014, 5.808, 5.625, 5.203, 5.617, 5.665, 6.085, 5.141, 3.608, 4.022, 4.298, 3.609, 2.771, 2.535, 2.004, 1.664, 1.559, 1.323, 1.096, 0.864, 0.0, 2.711, 5.481, 5.735, 5.331, 4.567, 3.741, 3.671, 5.748, 6.582, 5.277, 4.752, 4.851, 5.676, 5.889, 5.467, 5.395, 4.791, 4.03, 4.084, 4.31, 4.058, 3.932, 3.34, 2.637, 2.345, 1.886, 2.13, 2.294, 2.119, 2.068, 2.115, 2.069, 2.469, 2.471, 2.375, 2.359, 2.636], [7.876, 8.824, 9.763, 9.656, 8.62, 10.147, 12.733, 13.492, 13.399, 12.972, 12.317, 11.225, 10.172, 10.775, 10.003, 9.333, 10.748, 10.527, 9.969, 9.79, 9.118, 8.59, 8.227, 8.393, 7.944, 7.416, 7.061, 7.011, 7.332, 8.097, 7.772, 7.525, 7.903, 7.951, 8.372, 7.404, 5.878, 6.308, 6.58, 5.823, 4.788, 4.62, 3.894, 3.455, 3.231, 2.863, 2.995, 3.196, 2.711, 0.0, 2.937, 3.192, 2.787, 1.999, 1.543, 1.581, 3.258, 4.27, 2.975, 2.554, 2.551, 3.228, 3.418, 2.94, 2.847, 2.263, 1.651, 1.734, 1.942, 1.705, 1.821, 1.697, 1.654, 2.181, 2.66, 4.128, 4.124, 3.433, 3.672, 3.379, 3.113, 2.744, 3.452, 3.79, 3.764, 4.135], [10.252, 11.269, 12.231, 12.059, 10.929, 12.51, 15.098, 15.815, 15.769, 15.362, 14.726, 13.522, 12.575, 13.28, 12.464, 11.859, 13.223, 12.987, 12.36, 11.908, 11.481, 10.954, 11.003, 11.052, 10.576, 10.146, 9.759, 9.734, 9.939, 10.529, 10.156, 9.732, 10.183, 10.223, 10.708, 9.81, 8.126, 8.511, 8.945, 8.321, 7.445, 7.23, 6.468, 6.026, 5.887, 5.598, 5.778, 5.935, 5.481, 2.937, 0.0, 1.0, 1.097, 1.687, 2.254, 2.394, 1.739, 2.629, 2.106, 2.116, 1.786, 1.576, 1.168, 0.806, 0.902, 1.273, 1.694, 1.718, 1.791, 2.105, 2.328, 2.96, 3.771, 4.314, 4.991, 6.421, 6.383, 5.686, 5.928, 5.665, 5.429, 4.859, 5.719, 6.052, 6.044, 6.391], [10.564, 11.535, 12.543, 12.334, 11.241, 12.811, 15.399, 16.116, 16.07, 15.663, 15.038, 13.847, 12.854, 13.575, 12.744, 12.141, 13.525, 13.26, 12.634, 12.227, 11.742, 11.267, 11.26, 11.334, 10.852, 10.44, 10.041, 10.019, 10.216, 10.831, 10.457, 9.994, 10.473, 10.524, 10.994, 10.077, 8.443, 8.841, 9.24, 8.623, 7.724, 7.525, 6.734, 6.294, 6.182, 5.893, 6.059, 6.192, 5.735, 3.192, 1.0, 0.0, 1.034, 1.543, 2.45, 2.68, 1.255, 2.232, 1.776, 1.772, 1.749, 1.311, 1.362, 1.083, 0.914, 1.335, 2.047, 2.015, 2.006, 2.442, 2.621, 3.31, 4.102, 4.632, 5.306, 6.73, 6.719, 6.021, 6.264, 5.941, 5.694, 5.2, 6.053, 6.398, 6.353, 6.722], [10.06, 11.108, 12.061, 11.848, 10.819, 12.266, 14.858, 15.574, 15.544, 15.144, 14.556, 13.465, 12.492, 13.193, 12.327, 11.756, 13.051, 12.906, 12.299, 11.864, 11.41, 10.892, 10.87, 10.908, 10.417, 9.993, 9.609, 9.566, 9.766, 10.323, 9.983, 9.574, 9.998, 10.036, 10.492, 9.629, 8.075, 8.417, 8.875, 8.258, 7.272, 7.078, 6.3, 5.888, 5.724, 5.436, 5.628, 5.784, 5.331, 2.787, 1.097, 1.034, 0.0, 1.012, 1.929, 2.121, 1.093, 2.263, 1.602, 1.569, 1.512, 1.411, 1.744, 1.337, 1.02, 1.207, 1.677, 1.699, 1.709, 2.034, 2.292, 2.91, 3.708, 4.236, 4.911, 6.331, 6.279, 5.571, 5.813, 5.55, 5.283, 4.779, 5.615, 5.948, 5.938, 6.292], [9.186, 10.272, 11.197, 11.012, 10.057, 11.428, 14.045, 14.819, 14.74, 14.335, 13.766, 12.709, 11.737, 12.45, 11.578, 11.008, 12.302, 12.164, 11.537, 11.103, 10.667, 10.155, 10.075, 10.117, 9.574, 9.198, 8.809, 8.77, 9.007, 9.573, 9.233, 8.81, 9.207, 9.261, 9.696, 8.813, 7.306, 7.664, 8.125, 7.508, 6.514, 6.243, 5.483, 5.125, 4.901, 4.581, 4.768, 5.023, 4.567, 1.999, 1.687, 1.543, 1.012, 0.0, 1.058, 1.254, 1.567, 2.97, 1.943, 1.749, 1.836, 2.05, 2.374, 1.886, 1.46, 1.068, 1.409, 1.532, 1.346, 1.666, 1.989, 2.34, 2.965, 3.483, 4.148, 5.541, 5.507, 4.799, 5.037, 4.765, 4.512, 3.999, 4.837, 5.173, 5.153, 5.491], [8.244, 9.422, 10.291, 10.127, 9.151, 10.501, 13.122, 13.904, 13.813, 13.408, 12.86, 11.832, 10.882, 11.595, 10.701, 10.134, 11.424, 11.328, 10.714, 10.278, 9.839, 9.328, 9.243, 9.281, 8.715, 8.354, 7.964, 7.925, 8.156, 8.652, 8.306, 7.975, 8.311, 8.349, 8.787, 7.932, 6.46, 6.795, 7.251, 6.631, 5.637, 5.398, 4.638, 4.288, 4.046, 3.679, 3.877, 4.193, 3.741, 1.543, 2.254, 2.45, 1.929, 1.058, 0.0, 0.579, 2.517, 3.904, 2.853, 2.569, 2.581, 2.942, 3.046, 2.371, 2.021, 1.63, 1.443, 1.709, 1.582, 1.688, 2.026, 1.932, 2.159, 2.604, 3.244, 4.635, 4.556, 3.855, 4.099, 3.893, 3.634, 3.153, 4.071, 4.336, 4.326, 4.6], [8.095, 9.303, 10.14, 9.987, 8.993, 10.338, 12.964, 13.746, 13.667, 13.234, 12.715, 11.712, 10.769, 11.477, 10.572, 10.005, 11.296, 11.235, 10.655, 10.218, 9.782, 9.268, 9.182, 9.187, 8.596, 8.246, 7.872, 7.818, 8.077, 8.497, 8.146, 7.91, 8.195, 8.22, 8.648, 7.792, 6.356, 6.677, 7.133, 6.502, 5.508, 5.279, 4.52, 4.197, 3.928, 3.564, 3.756, 4.111, 3.671, 1.581, 2.394, 2.68, 2.121, 1.254, 0.579, 0.0, 2.674, 4.101, 2.998, 2.733, 2.736, 3.085, 3.203, 2.494, 2.153, 1.724, 1.515, 1.708, 1.596, 1.718, 2.012, 1.937, 2.078, 2.485, 3.093, 4.497, 4.38, 3.683, 3.93, 3.797, 3.566, 3.006, 4.007, 4.271, 4.229, 4.492], [10.584, 11.638, 12.619, 12.428, 11.479, 12.852, 15.468, 16.242, 16.164, 15.758, 15.188, 14.113, 13.121, 13.813, 12.966, 12.391, 13.691, 13.453, 12.767, 12.216, 11.866, 11.113, 11.207, 11.438, 10.962, 10.551, 10.126, 10.15, 10.391, 10.997, 10.656, 10.14, 10.622, 10.67, 11.108, 10.233, 8.702, 9.07, 9.513, 8.896, 7.902, 7.595, 6.842, 6.435, 6.259, 5.915, 6.054, 6.241, 5.748, 3.258, 1.739, 1.255, 1.093, 1.567, 2.517, 2.674, 0.0, 1.605, 1.034, 1.155, 1.311, 1.131, 1.883, 1.798, 1.549, 1.721, 2.326, 2.314, 2.207, 2.68, 2.857, 3.569, 4.342, 4.896, 5.57, 6.93, 6.922, 6.214, 6.452, 6.138, 5.875, 5.415, 6.245, 6.569, 6.565, 6.901], [11.977, 12.994, 13.913, 13.865, 12.828, 14.331, 16.923, 17.706, 17.598, 17.173, 16.546, 15.426, 14.389, 14.968, 14.227, 13.545, 14.966, 14.684, 13.899, 13.558, 12.975, 11.99, 12.173, 12.483, 12.147, 11.629, 11.234, 11.192, 11.518, 12.319, 11.985, 11.575, 12.116, 12.164, 12.584, 11.612, 10.089, 10.521, 10.79, 10.04, 9.008, 8.777, 8.042, 7.652, 7.389, 6.888, 6.982, 7.212, 6.582, 4.27, 2.629, 2.232, 2.263, 2.97, 3.904, 4.101, 1.605, 0.0, 1.455, 1.894, 2.12, 1.851, 2.445, 2.638, 2.591, 3.066, 3.688, 3.66, 3.664, 4.079, 4.235, 4.879, 5.62, 6.159, 6.854, 8.321, 8.335, 7.632, 7.874, 7.519, 7.209, 6.751, 7.64, 7.981, 7.957, 8.328], [10.76, 11.71, 12.647, 12.562, 11.542, 13.028, 15.62, 16.403, 16.295, 15.862, 15.238, 14.154, 13.101, 13.684, 12.936, 12.247, 13.675, 13.388, 12.643, 12.289, 11.702, 10.739, 10.8, 11.135, 10.777, 10.273, 9.866, 9.817, 10.192, 11.018, 10.701, 10.291, 10.832, 10.88, 11.301, 10.328, 8.805, 9.237, 9.506, 8.726, 7.707, 7.496, 6.761, 6.368, 6.094, 5.705, 5.833, 5.922, 5.277, 2.975, 2.106, 1.776, 1.602, 1.943, 2.853, 2.998, 1.034, 1.455, 0.0, 0.919, 1.099, 1.343, 2.124, 2.275, 2.022, 2.079, 2.534, 2.52, 2.432, 2.799, 2.967, 3.583, 4.302, 4.84, 5.567, 7.034, 7.033, 6.342, 6.585, 6.245, 5.935, 5.464, 6.353, 6.694, 6.67, 7.041], [10.279, 11.227, 12.166, 12.057, 11.027, 12.548, 15.134, 15.898, 15.8, 15.367, 14.74, 13.624, 12.58, 13.163, 12.419, 11.717, 13.149, 12.88, 12.115, 11.777, 11.198, 10.22, 10.33, 10.651, 10.341, 9.771, 9.383, 9.337, 9.69, 10.497, 10.18, 9.77, 10.311, 10.359, 10.779, 9.808, 8.284, 8.716, 8.985, 8.216, 7.18, 7.015, 6.258, 5.847, 5.611, 5.188, 5.321, 5.406, 4.752, 2.554, 2.116, 1.772, 1.569, 1.749, 2.569, 2.733, 1.155, 1.894, 0.919, 0.0, 0.752, 1.159, 2.048, 2.231, 1.971, 1.907, 2.242, 2.183, 2.104, 2.329, 2.463, 3.063, 3.796, 4.333, 5.05, 6.533, 6.548, 5.845, 6.087, 5.732, 5.422, 4.963, 5.852, 6.193, 6.169, 6.54], [10.157, 11.105, 12.044, 11.957, 10.902, 12.428, 15.014, 15.775, 15.68, 15.252, 14.598, 13.507, 12.455, 13.037, 12.267, 11.598, 13.028, 12.756, 12.016, 11.669, 11.13, 10.22, 10.231, 10.553, 10.187, 9.647, 9.258, 9.221, 9.528, 10.38, 10.055, 9.645, 10.186, 10.234, 10.654, 9.685, 8.171, 8.596, 8.86, 8.076, 7.057, 6.893, 6.155, 5.722, 5.487, 5.148, 5.315, 5.384, 4.851, 2.551, 1.786, 1.749, 1.512, 1.836, 2.581, 2.736, 1.311, 2.12, 1.099, 0.752, 0.0, 1.049, 1.745, 1.986, 1.735, 1.772, 1.995, 1.931, 1.833, 2.206, 2.322, 2.936, 3.656, 4.177, 4.92, 6.41, 6.407, 5.704, 5.946, 5.6, 5.316, 4.841, 5.73, 6.071, 6.047, 6.418], [10.712, 11.682, 12.599, 12.512, 11.429, 12.984, 15.57, 16.291, 16.236, 15.81, 15.157, 14.019, 12.99, 13.684, 12.863, 12.226, 13.553, 13.396, 12.723, 12.259, 11.859, 11.037, 11.069, 11.29, 10.787, 10.353, 9.939, 9.934, 10.136, 10.902, 10.567, 10.159, 10.698, 10.746, 11.172, 10.251, 8.702, 9.104, 9.448, 8.725, 7.689, 7.613, 6.861, 6.373, 6.213, 5.889, 6.109, 6.19, 5.676, 3.228, 1.576, 1.311, 1.411, 2.05, 2.942, 3.085, 1.131, 1.851, 1.343, 1.159, 1.049, 0.0, 1.211, 1.661, 1.561, 1.847, 2.336, 2.3, 2.257, 2.665, 2.825, 3.449, 4.171, 4.694, 5.455, 6.977, 6.927, 6.251, 6.49, 6.173, 5.914, 5.431, 6.281, 6.622, 6.59, 6.956], [10.9, 11.862, 12.809, 12.7, 11.559, 13.177, 15.765, 16.481, 16.435, 16.016, 15.352, 14.152, 13.105, 13.773, 13.031, 12.326, 13.764, 13.472, 12.787, 12.389, 11.921, 11.252, 11.345, 11.496, 11.087, 10.606, 10.188, 10.201, 10.425, 11.157, 10.783, 10.321, 10.839, 10.89, 11.36, 10.429, 8.819, 9.226, 9.512, 8.834, 7.92, 7.746, 6.99, 6.493, 6.349, 6.099, 6.268, 6.366, 5.889, 3.418, 1.168, 1.362, 1.744, 2.374, 3.046, 3.203, 1.883, 2.445, 2.124, 2.048, 1.745, 1.211, 0.0, 1.073, 1.412, 1.97, 2.438, 2.42, 2.395, 2.787, 2.955, 3.587, 4.348, 4.897, 5.573, 7.105, 7.077, 6.386, 6.63, 6.307, 6.036, 5.527, 6.393, 6.734, 6.732, 7.081], [10.224, 11.252, 12.224, 11.968, 10.922, 12.434, 15.044, 15.756, 15.73, 15.33, 14.72, 13.5, 12.555, 13.251, 12.437, 11.832, 13.202, 12.983, 12.357, 11.866, 11.464, 10.966, 10.995, 11.047, 10.56, 10.125, 9.742, 9.71, 9.914, 10.497, 10.124, 9.684, 10.074, 10.123, 10.595, 9.774, 8.083, 8.439, 8.918, 8.293, 7.417, 7.21, 6.444, 6.022, 5.858, 5.58, 5.767, 5.953, 5.467, 2.94, 0.806, 1.083, 1.337, 1.886, 2.371, 2.494, 1.798, 2.638, 2.275, 2.231, 1.986, 1.661, 1.073, 0.0, 0.732, 1.403, 1.675, 1.71, 1.788, 2.122, 2.279, 2.954, 3.778, 4.313, 4.984, 6.294, 6.278, 5.593, 5.839, 5.568, 5.329, 4.785, 5.62, 5.952, 5.915, 6.285], [10.024, 11.151, 12.029, 11.819, 10.723, 12.232, 14.842, 15.554, 15.537, 15.128, 14.53, 13.375, 12.448, 13.171, 12.322, 11.722, 13.08, 12.907, 12.276, 11.866, 11.424, 10.962, 10.921, 10.991, 10.448, 10.048, 9.664, 9.625, 9.807, 10.3, 9.922, 9.577, 9.913, 9.969, 10.439, 9.624, 7.927, 8.271, 8.803, 8.178, 7.302, 7.133, 6.349, 5.947, 5.778, 5.492, 5.683, 5.87, 5.395, 2.847, 0.902, 0.914, 1.02, 1.46, 2.021, 2.153, 1.549, 2.591, 2.022, 1.971, 1.735, 1.561, 1.412, 0.732, 0.0, 0.912, 1.571, 1.613, 1.544, 1.889, 2.1, 2.777, 3.66, 4.162, 4.785, 6.073, 6.085, 5.401, 5.651, 5.454, 5.221, 4.57, 5.366, 5.709, 5.676, 6.014], [9.482, 10.562, 11.482, 11.268, 10.18, 11.681, 14.291, 15.003, 14.978, 14.578, 13.98, 12.816, 11.874, 12.604, 11.764, 11.162, 12.522, 12.288, 11.728, 11.301, 10.851, 10.396, 10.332, 10.373, 9.872, 9.47, 9.078, 9.049, 9.248, 9.745, 9.371, 9.001, 9.354, 9.402, 9.892, 9.074, 7.335, 7.707, 8.245, 7.62, 6.744, 6.554, 5.759, 5.33, 5.211, 4.936, 5.103, 5