[[0.0, 0.58, 1.0, 1.526, 1.549, 2.093, 1.917, 1.849, 1.375, 2.588, 4.595, 5.88, 7.317, 7.051, 3.935, 1.69, 1.662, 1.883, 1.879, 2.153, 2.07, 2.43, 3.083, 2.812, 2.382, 2.601, 2.445, 2.337, 2.278, 2.461, 2.913, 3.826, 4.406, 4.441, 3.989, 3.873, 3.914, 3.701, 4.014, 4.438, 5.609, 7.01, 6.936, 6.819, 6.693, 7.514, 8.234, 7.567, 6.057, 5.549, 5.933, 6.483, 6.947, 6.837, 6.436, 5.55, 4.903, 4.174, 3.922, 3.669, 2.623, 2.582, 2.709, 2.895, 3.731, 3.894, 3.54, 3.234, 3.174, 4.021, 5.136, 5.97, 5.644, 5.218, 4.49, 2.951, 2.626, 2.737, 3.383, 2.959, 2.187, 2.074, 2.288, 2.461, 2.864, 2.793], [0.58, 0.0, 0.99, 1.604, 1.343, 1.759, 1.675, 1.702, 1.518, 2.9, 4.958, 6.235, 7.665, 7.419, 4.263, 1.619, 1.523, 1.873, 1.893, 1.984, 1.862, 2.198, 2.845, 2.625, 2.146, 2.38, 2.236, 2.049, 1.97, 2.201, 2.634, 3.522, 4.021, 4.072, 3.607, 3.561, 3.555, 3.39, 3.631, 4.092, 5.256, 6.646, 6.572, 6.454, 6.328, 7.146, 7.874, 7.202, 5.72, 5.325, 5.718, 6.406, 6.96, 6.848, 6.399, 5.533, 4.982, 4.192, 3.873, 3.641, 2.669, 2.87, 2.919, 2.686, 3.42, 3.569, 3.262, 2.909, 2.863, 3.67, 4.763, 5.604, 5.291, 4.857, 4.177, 2.789, 2.682, 2.826, 3.465, 2.919, 2.22, 2.202, 2.336, 2.537, 2.937, 2.854], [1.0, 0.99, 0.0, 0.952, 1.06, 1.927, 1.855, 2.278, 1.933, 2.596, 4.458, 5.75, 7.168, 6.978, 3.784, 1.673, 1.845, 2.128, 2.262, 2.301, 2.175, 2.461, 3.069, 2.778, 2.601, 2.795, 2.478, 2.295, 2.313, 2.676, 2.873, 3.834, 4.381, 4.475, 3.997, 3.879, 3.95, 3.917, 4.147, 4.646, 5.721, 7.081, 7.041, 6.89, 6.763, 7.591, 8.311, 7.636, 6.15, 6.134, 6.587, 7.192, 7.75, 7.637, 7.192, 6.266, 5.675, 4.888, 4.607, 4.44, 3.311, 3.108, 3.177, 3.484, 4.195, 4.39, 4.048, 3.674, 3.341, 4.065, 5.198, 6.109, 5.732, 5.299, 4.701, 3.371, 3.367, 3.447, 4.006, 3.551, 2.77, 2.697, 2.955, 3.084, 3.329, 3.278], [1.526, 1.604, 0.952, 0.0, 1.057, 2.203, 2.168, 2.497, 1.996, 2.411, 4.118, 5.342, 6.774, 6.541, 3.368, 1.87, 2.004, 2.156, 2.353, 2.221, 2.187, 2.559, 3.081, 2.804, 2.601, 2.676, 2.375, 2.321, 2.587, 3.009, 3.236, 4.233, 4.861, 4.945, 4.45, 4.292, 4.44, 4.474, 4.598, 5.114, 6.208, 7.546, 7.484, 7.354, 7.228, 8.051, 8.781, 8.104, 6.772, 6.729, 7.123, 7.689, 8.19, 8.076, 7.65, 6.776, 6.147, 5.393, 5.122, 4.916, 3.752, 3.251, 3.29, 4.057, 4.82, 4.963, 4.67, 4.278, 3.955, 4.596, 5.662, 6.546, 6.198, 5.768, 5.175, 3.959, 3.856, 3.875, 4.438, 4.029, 3.252, 3.106, 3.399, 3.471, 3.679, 3.628], [1.549, 1.343, 1.06, 1.057, 0.0, 1.379, 1.382, 1.86, 1.811, 3.081, 4.929, 6.224, 7.67, 7.355, 4.283, 1.771, 1.567, 1.889, 2.004, 1.819, 1.638, 1.787, 2.341, 2.188, 1.933, 2.021, 1.725, 1.81, 1.977, 2.344, 2.54, 3.494, 4.133, 4.233, 3.766, 3.602, 3.741, 3.709, 3.729, 4.251, 5.506, 6.787, 6.745, 6.577, 6.472, 7.314, 8.033, 7.363, 6.08, 5.92, 6.455, 7.15, 7.766, 7.656, 7.162, 6.33, 5.738, 4.943, 4.69, 4.516, 3.4, 3.171, 3.141, 3.344, 3.996, 4.054, 3.84, 3.45, 3.271, 3.953, 4.925, 5.748, 5.421, 4.981, 4.468, 3.525, 3.507, 3.645, 4.27, 3.726, 2.94, 2.843, 3.114, 3.236, 3.424, 3.433], [2.093, 1.759, 1.927, 2.203, 1.379, 0.0, 0.746, 1.704, 2.336, 3.976, 6.107, 7.418, 8.804, 8.613, 5.439, 2.385, 1.9, 2.293, 2.594, 2.172, 1.866, 1.499, 1.645, 1.53, 1.72, 1.763, 1.435, 1.608, 1.583, 1.688, 1.581, 2.231, 2.866, 3.027, 2.575, 2.427, 2.66, 2.936, 2.904, 3.434, 4.361, 5.525, 5.501, 5.324, 5.184, 6.019, 6.729, 6.055, 5.116, 5.371, 6.184, 6.797, 7.501, 7.431, 6.896, 6.072, 5.609, 4.828, 4.467, 4.213, 3.673, 3.745, 3.829, 3.053, 3.474, 3.475, 3.254, 2.813, 2.718, 3.002, 3.68, 4.513, 4.277, 4.136, 3.866, 3.178, 3.345, 3.59, 4.014, 3.524, 3.122, 3.063, 3.051, 3.216, 3.505, 3.812], [1.917, 1.675, 1.855, 2.168, 1.382, 0.746, 0.0, 1.236, 1.922, 3.881, 5.995, 7.281, 8.717, 8.475, 5.369, 2.263, 1.531, 1.934, 2.185, 1.877, 1.553, 1.348, 1.611, 1.305, 1.501, 1.659, 1.108, 1.32, 1.384, 1.492, 1.414, 2.375, 3.025, 3.097, 2.622, 2.456, 2.53, 2.627, 2.684, 3.248, 4.357, 5.648, 5.664, 5.461, 5.328, 6.162, 6.888, 6.203, 4.876, 4.997, 5.809, 6.414, 7.116, 7.056, 6.528, 5.671, 5.255, 4.459, 4.071, 3.807, 3.253, 3.392, 3.416, 2.678, 3.081, 3.252, 2.882, 2.47, 2.364, 2.876, 3.799, 4.641, 4.308, 3.911, 3.521, 2.821, 3.043, 3.25, 3.717, 3.088, 2.741, 2.749, 2.689, 2.952, 3.298, 3.613], [1.849, 1.702, 2.278, 2.497, 1.86, 1.704, 1.236, 0.0, 1.253, 3.53, 5.574, 6.855, 8.305, 7.968, 4.929, 2.011, 1.187, 1.506, 1.615, 1.637, 1.311, 1.498, 1.913, 1.709, 1.435, 1.612, 1.279, 1.286, 1.311, 1.499, 2.062, 3.015, 3.615, 3.708, 3.212, 3.08, 3.145, 2.873, 3.141, 3.564, 4.918, 6.307, 6.25, 6.113, 6.003, 6.841, 7.568, 6.877, 5.197, 4.419, 4.904, 5.563, 6.196, 6.136, 5.632, 4.886, 4.566, 3.806, 3.34, 3.134, 2.832, 2.879, 2.808, 1.883, 2.6, 2.993, 2.478, 2.264, 2.239, 3.19, 4.438, 5.232, 4.928, 4.406, 3.458, 2.4, 2.594, 2.839, 3.297, 2.644, 2.325, 2.325, 2.208, 2.405, 2.841, 3.278], [1.375, 1.518, 1.933, 1.996, 1.811, 2.336, 1.922, 1.253, 0.0, 2.618, 4.637, 5.918, 7.368, 7.025, 3.957, 1.695, 1.436, 1.464, 1.455, 1.716, 1.73, 2.06, 2.746, 2.63, 2.063, 2.32, 2.197, 2.277, 2.249, 2.524, 3.1, 4.131, 4.732, 4.824, 4.329, 4.184, 4.255, 3.9, 4.243, 4.644, 6.036, 7.424, 7.352, 7.219, 7.123, 7.942, 8.679, 7.984, 6.301, 5.284, 5.441, 5.891, 6.335, 6.233, 5.845, 4.971, 4.325, 3.684, 3.483, 3.375, 2.276, 1.983, 2.012, 2.445, 3.549, 3.848, 3.404, 3.146, 3.192, 4.233, 5.557, 6.327, 6.037, 5.491, 4.464, 2.819, 2.397, 2.533, 3.238, 2.723, 1.953, 1.792, 2.001, 2.125, 2.439, 2.604], [2.588, 2.9, 2.596, 2.411, 3.081, 3.976, 3.881, 3.53, 2.618, 0.0, 2.189, 3.532, 4.883, 4.932, 2.254, 2.554, 2.97, 3.003, 2.885, 3.465, 3.446, 3.889, 4.674, 4.302, 4.11, 4.222, 4.122, 3.812, 3.793, 3.965, 4.692, 5.766, 6.38, 6.494, 6.084, 6.022, 6.007, 5.851, 6.222, 6.798, 7.857, 9.135, 9.129, 8.966, 8.865, 9.594, 10.337, 9.626, 8.087, 7.282, 7.072, 6.956, 7.277, 7.208, 6.831, 5.924, 5.101, 4.888, 4.85, 4.111, 2.831, 2.337, 2.615, 4.128, 5.775, 6.304, 5.55, 5.284, 5.045, 5.958, 7.299, 8.346, 7.968, 7.402, 6.551, 4.678, 3.485, 3.277, 3.59, 3.561, 2.805, 2.346, 2.816, 3.004, 2.81, 2.352], [4.595, 4.958, 4.458, 4.118, 4.929, 6.107, 5.995, 5.574, 4.637, 2.189, 0.0, 1.517, 2.955, 3.002, 2.499, 3.946, 4.689, 4.357, 4.143, 4.793, 5.004, 5.763, 6.563, 6.203, 5.854, 5.852, 6.018, 5.862, 5.86, 6.023, 6.736, 7.817, 8.438, 8.574, 8.229, 8.167, 8.151, 7.884, 8.302, 8.909, 10.002, 11.275, 11.27, 11.111, 11.004, 11.682, 12.435, 11.729, 10.212, 9.283, 8.77, 8.619, 8.382, 8.131, 7.729, 6.805, 6.002, 6.241, 6.367, 5.304, 3.977, 3.662, 3.756, 5.897, 7.863, 8.406, 7.587, 7.357, 7.142, 8.098, 9.425, 10.489, 10.112, 9.501, 8.635, 6.822, 5.47, 5.16, 5.176, 5.583, 4.904, 4.284, 4.822, 4.716, 4.416, 3.601], [5.88, 6.235, 5.75, 5.342, 6.224, 7.418, 7.281, 6.855, 5.918, 3.532, 1.517, 0.0, 1.913, 1.941, 2.559, 5.222, 5.975, 5.656, 5.417, 5.805, 6.229, 7.039, 7.845, 7.489, 7.128, 7.116, 7.297, 7.167, 7.16, 7.374, 8.12, 9.216, 9.822, 9.921, 9.571, 9.502, 9.448, 9.186, 9.604, 10.169, 11.329, 12.667, 12.652, 12.478, 12.333, 13.103, 13.846, 13.135, 11.496, 10.474, 9.974, 9.633, 9.367, 8.72, 8.246, 7.285, 6.619, 7.091, 7.354, 6.25, 4.941, 4.612, 4.715, 7.062, 9.09, 9.633, 8.811, 8.596, 8.429, 9.476, 10.816, 11.773, 11.395, 10.787, 9.928, 8.105, 6.74, 6.422, 6.535, 6.869, 6.174, 5.551, 6.035, 5.808, 5.428, 4.715], [7.317, 7.665, 7.168, 6.774, 7.67, 8.804, 8.717, 8.305, 7.368, 4.883, 2.955, 1.913, 0.0, 0.923, 3.61, 6.635, 7.41, 7.101, 6.867, 7.26, 7.686, 8.489, 9.294, 8.955, 8.578, 8.566, 8.733, 8.593, 8.598, 8.776, 9.494, 10.578, 11.191, 11.327, 10.937, 10.875, 10.848, 10.674, 11.055, 11.614, 12.709, 14.011, 14.002, 13.824, 13.712, 14.418, 15.171, 14.464, 12.93, 11.924, 11.424, 11.197, 10.972, 10.574, 10.064, 9.044, 8.475, 8.861, 8.98, 7.927, 6.571, 6.285, 6.381, 8.512, 10.545, 11.088, 10.267, 10.053, 9.873, 10.82, 12.161, 13.186, 12.808, 12.232, 11.376, 9.519, 8.176, 7.872, 7.959, 8.341, 7.629, 6.997, 7.502, 7.319, 7.0, 6.249], [7.051, 7.419, 6.978, 6.541, 7.355, 8.613, 8.475, 7.968, 7.025, 4.932, 3.002, 1.941, 0.923, 0.0, 3.557, 6.42, 7.087, 6.758, 6.526, 6.999, 7.461, 8.27, 9.06, 8.835, 8.235, 8.223, 8.409, 8.578, 8.619, 8.84, 9.586, 10.679, 11.28, 11.38, 10.897, 10.765, 10.811, 10.596, 10.87, 11.353, 12.603, 13.985, 13.936, 13.803, 13.676, 14.516, 15.241, 14.55, 12.854, 11.631, 11.102, 10.882, 10.6, 10.274, 9.826, 8.928, 8.311, 8.564, 8.665, 7.674, 6.312, 5.957, 6.084, 8.252, 10.278, 10.758, 9.963, 9.811, 9.715, 10.749, 12.111, 12.91, 12.616, 12.149, 11.206, 9.36, 7.993, 7.756, 7.978, 8.226, 7.486, 6.808, 7.357, 7.158, 6.75, 6.047], [3.935, 4.263, 3.784, 3.368, 4.283, 5.439, 5.369, 4.929, 3.957, 2.254, 2.499, 2.559, 3.61, 3.557, 0.0, 3.141, 3.978, 3.677, 3.479, 4.151, 4.418, 5.208, 5.998, 5.685, 5.155, 5.131, 5.314, 5.323, 5.336, 5.489, 6.191, 7.273, 7.905, 8.039, 7.615, 7.488, 7.574, 7.417, 7.799, 8.283, 9.348, 10.656, 10.64, 10.514, 10.357, 11.11, 11.846, 11.16, 9.66, 8.755, 8.373, 8.5, 8.814, 8.748, 8.425, 7.516, 6.787, 6.329, 6.251, 5.57, 4.382, 3.82, 4.121, 5.541, 7.314, 7.763, 7.063, 6.847, 6.604, 7.438, 8.744, 9.742, 9.443, 8.962, 8.128, 6.235, 5.007, 4.779, 5.126, 5.138, 4.457, 3.913, 4.437, 4.502, 4.31, 4.08], [1.69, 1.619, 1.673, 1.87, 1.771, 2.385, 2.263, 2.011, 1.695, 2.554, 3.946, 5.222, 6.635, 6.42, 3.141, 0.0, 1.178, 1.12, 1.24, 1.663, 1.699, 2.338, 2.987, 2.586, 2.166, 2.202, 2.309, 2.44, 2.47, 2.77, 3.278, 4.374, 4.98, 5.079, 4.638, 4.506, 4.533, 4.411, 4.763, 5.277, 6.344, 7.708, 7.709, 7.554, 7.368, 8.208, 8.934, 8.243, 6.604, 6.255, 6.476, 7.157, 7.751, 7.647, 7.176, 6.3, 5.804, 5.016, 4.684, 4.335, 3.274, 3.075, 3.211, 3.458, 4.409, 4.815, 4.261, 3.901, 3.597, 4.49, 5.803, 6.645, 6.357, 5.872, 5.095, 3.51, 3.471, 3.567, 4.21, 3.641, 2.978, 2.842, 3.048, 3.171, 3.464, 3.508], [1.662, 1.523, 1.845, 2.004, 1.567, 1.9, 1.531, 1.187, 1.436, 2.97, 4.689, 5.975, 7.41, 7.087, 3.978, 1.178, 0.0, 0.748, 0.955, 1.184, 1.04, 1.644, 2.231, 1.87, 1.4, 1.573, 1.542, 1.762, 1.822, 2.073, 2.657, 3.745, 4.352, 4.442, 3.946, 3.809, 3.875, 3.663, 3.928, 4.42, 5.656, 7.042, 7.003, 6.853, 6.74, 7.567, 8.304, 7.607, 5.921, 5.31, 5.739, 6.423, 7.041, 6.951, 6.446, 5.613, 5.197, 4.391, 3.984, 3.771, 3.005, 2.784, 2.967, 2.697, 3.561, 3.939, 3.361, 3.105, 2.918, 3.852, 5.175, 5.958, 5.67, 5.144, 4.278, 2.912, 2.991, 3.208, 3.694, 3.027, 2.679, 2.602, 2.549, 2.75, 3.101, 3.422], [1.883, 1.873, 2.128, 2.156, 1.889, 2.293, 1.934, 1.506, 1.464, 3.003, 4.357, 5.656, 7.101, 6.758, 3.677, 1.12, 0.748, 0.0, 0.739, 1.192, 1.356, 1.954, 2.627, 2.287, 1.832, 1.87, 1.867, 2.208, 2.279, 2.54, 3.099, 4.177, 4.813, 4.888, 4.387, 4.239, 4.308, 4.086, 4.364, 4.849, 6.146, 7.488, 7.452, 7.275, 7.171, 7.998, 8.735, 8.038, 6.349, 5.643, 5.911, 6.498, 7.094, 7.015, 6.515, 5.687, 5.243, 4.473, 4.136, 3.959, 3.093, 2.792, 2.89, 2.871, 3.933, 4.342, 3.718, 3.571, 3.24, 4.265, 5.606, 6.383, 6.091, 5.574, 4.663, 3.179, 3.118, 3.348, 3.874, 3.243, 2.812, 2.729, 2.792, 2.961, 3.298, 3.589], [1.879, 1.893, 2.262, 2.353, 2.004, 2.594, 2.185, 1.615, 1.455, 2.885, 4.143, 5.417, 6.867, 6.526, 3.479, 1.24, 0.955, 0.739, 0.0, 1.224, 1.332, 2.005, 2.702, 2.524, 1.901, 1.916, 2.054, 2.335, 2.395, 2.634, 3.36, 4.448, 5.055, 5.147, 4.649, 4.509, 4.578, 4.249, 4.564, 5.015, 6.356, 7.753, 7.676, 7.555, 7.443, 8.269, 9.007, 8.309, 6.62, 5.426, 5.703, 6.418, 6.995, 6.882, 6.411, 5.515, 5.056, 4.294, 3.925, 3.792, 2.839, 2.558, 2.614, 2.63, 3.911, 4.367, 3.667, 3.531, 3.539, 4.578, 5.888, 6.666, 6.366, 5.846, 4.819, 3.358, 2.986, 3.24, 3.879, 3.274, 2.759, 2.561, 2.649, 2.808, 3.16, 3.371], [2.153, 1.984, 2.301, 2.221, 1.819, 2.172, 1.877, 1.637, 1.716, 3.465, 4.793, 5.805, 7.26, 6.999, 4.151, 1.663, 1.184, 1.192, 1.224, 0.0, 1.051, 1.726, 2.344, 2.225, 1.602, 1.505, 1.855, 2.062, 2.172, 2.548, 3.073, 4.154, 4.76, 4.859, 4.354, 4.21, 4.286, 4.026, 4.27, 4.676, 6.057, 7.437, 7.363, 7.243, 7.137, 7.98, 8.699, 8.023, 6.465, 5.469, 5.889, 6.461, 7.074, 6.99, 6.504, 5.694, 5.202, 4.454, 4.105, 3.983, 3.172, 2.926, 2.977, 2.728, 3.665, 3.985, 3.536, 3.22, 3.476, 4.37, 5.606, 6.426, 6.061, 5.551, 4.6, 3.468, 3.377, 3.605, 4.315, 3.657, 3.056, 2.877, 2.8, 2.924, 3.231, 3.557], [2.07, 1.862, 2.175, 2.187, 1.638, 1.866, 1.553, 1.311, 1.73, 3.446, 5.004, 6.229, 7.686, 7.461, 4.418, 1.699, 1.04, 1.356, 1.332, 1.051, 0.0, 1.151, 1.8, 1.713, 1.251, 1.38, 1.424, 1.72, 1.865, 2.05, 2.616, 3.679, 4.285, 4.412, 3.914, 3.826, 3.838, 3.506, 3.794, 4.224, 5.61, 6.985, 6.925, 6.786, 6.691, 7.512, 8.236, 7.547, 6.037, 5.283, 5.817, 6.442, 7.102, 7.037, 6.517, 5.677, 5.29, 4.573, 4.102, 3.934, 3.343, 3.133, 3.269, 2.695, 3.46, 3.562, 3.311, 2.966, 3.11, 4.031, 5.182, 6.013, 5.652, 5.118, 4.28, 3.308, 3.421, 3.623, 4.169, 3.526, 3.139, 2.991, 2.744, 2.88, 3.198, 3.582], [2.43, 2.198, 2.461, 2.559, 1.787, 1.499, 1.348, 1.498, 2.06, 3.889, 5.763, 7.039, 8.489, 8.27, 5.208, 2.338, 1.644, 1.954, 2.005, 1.726, 1.151, 0.0, 1.247, 1.304, 1.386, 1.402, 1.114, 1.656, 1.75, 1.767, 2.276, 2.884, 3.523, 3.739, 3.374, 3.289, 3.289, 2.951, 3.15, 3.448, 4.794, 6.164, 6.112, 5.973, 5.871, 6.687, 7.409, 6.772, 5.55, 5.11, 6.026, 6.631, 7.333, 7.273, 6.755, 5.893, 5.483, 4.787, 4.384, 4.228, 3.667, 3.531, 3.598, 2.916, 3.423, 3.181, 3.131, 2.754, 3.148, 3.967, 4.528, 5.201, 5.202, 4.804, 4.217, 3.478, 3.546, 3.689, 4.274, 3.68, 3.181, 3.172, 3.085, 3.226, 3.541, 3.893], [3.083, 2.845, 3.069, 3.081, 2.341, 1.645, 1.611, 1.913, 2.746, 4.674, 6.563, 7.845, 9.294, 9.06, 5.998, 2.987, 2.231, 2.627, 2.702, 2.344, 1.8, 1.247, 0.0, 0.951, 1.316, 1.572, 1.319, 1.584, 1.74, 1.719, 1.697, 1.975, 2.6, 2.725, 2.354, 2.322, 2.455, 2.346, 2.435, 2.816, 3.905, 5.232, 5.219, 5.079, 4.917, 5.749, 6.475, 5.825, 4.862, 4.82, 5.863, 6.569, 7.256, 7.187, 6.779, 6.024, 5.806, 5.141, 4.517, 4.411, 4.286, 4.175, 4.225, 3.178, 3.185, 3.409, 2.987, 2.455, 2.821, 3.208, 3.661, 4.312, 4.231, 3.996, 3.693, 3.618, 3.915, 4.125, 4.379, 3.973, 3.783, 3.787, 3.553, 3.688, 4.045, 4.561], [2.812, 2.625, 2.778, 2.804, 2.188, 1.53, 1.305, 1.709, 2.63, 4.302, 6.203, 7.489, 8.955, 8.835, 5.685, 2.586, 1.87, 2.287, 2.524, 2.225, 1.713, 1.304, 0.951, 0.0, 1.11, 1.381, 0.936, 1.237, 1.487, 1.45, 1.378, 2.09, 2.719, 2.84, 2.552, 2.448, 2.441, 2.404, 2.579, 2.988, 4.085, 5.382, 5.431, 5.185, 5.068, 5.853, 6.59, 5.905, 4.805, 5.0, 5.987, 6.672, 7.286, 7.242, 6.847, 6.066, 5.794, 5.129, 4.505, 4.327, 4.138, 4.108, 4.101, 3.126, 3.278, 3.419, 3.046, 2.625, 2.572, 3.15, 3.747, 4.424, 4.244, 3.89, 3.696, 3.384, 3.739, 3.939, 4.067, 3.631, 3.508, 3.586, 3.412, 3.566, 4.092, 4.449], [2.382, 2.146, 2.601, 2.601, 1.933, 1.72, 1.501, 1.435, 2.063, 4.11, 5.854, 7.128, 8.578, 8.235, 5.155, 2.166, 1.4, 1.832, 1.901, 1.602, 1.251, 1.386, 1.316, 1.11, 0.0, 0.906, 1.088, 1.342, 1.615, 1.823, 2.128, 2.871, 3.505, 3.672, 3.234, 3.086, 3.2, 3.015, 3.148, 3.376, 4.629, 6.056, 5.982, 5.845, 5.751, 6.581, 7.278, 6.671, 5.612, 5.122, 5.706, 6.459, 6.98, 6.933, 6.512, 5.775, 5.526, 4.752, 4.167, 4.098, 3.739, 3.526, 3.617, 2.757, 3.286, 3.254, 3.138, 2.886, 3.096, 3.698, 4.393, 4.937, 4.7, 4.483, 3.896, 3.326, 3.568, 3.831, 4.175, 3.614, 3.416, 3.396, 3.268, 3.447, 3.807, 4.251], [2.601, 2.38, 2.795, 2.676, 2.021, 1.763, 1.659, 1.612, 2.32, 4.222, 5.852, 7.116, 8.566, 8.223, 5.131, 2.202, 1.573, 1.87, 1.916, 1.505, 1.38, 1.402, 1.572, 1.381, 0.906, 0.0, 1.064, 1.593, 1.913, 2.138, 2.463, 3.144, 3.683, 3.789, 3.412, 3.286, 3.487, 3.31, 3.435, 3.687, 4.904, 6.305, 6.23, 6.117, 5.972, 6.797, 7.501, 6.877, 5.865, 5.271, 5.853, 6.695, 7.18, 7.168, 6.796, 6.071, 5.685, 4.851, 4.462, 4.395, 3.914, 3.72, 3.754, 2.961, 3.478, 3.216, 3.252, 3.099, 3.536, 4.113, 4.686, 5.23, 5.055, 4.796, 4.334, 3.572, 3.712, 4.006, 4.51, 3.824, 3.537, 3.482, 3.363, 3.573, 3.948, 4.376], [2.445, 2.236, 2.478, 2.375, 1.725, 1.435, 1.108, 1.279, 2.197, 4.122, 6.018, 7.297, 8.733, 8.409, 5.314, 2.309, 1.542, 1.867, 2.054, 1.855, 1.424, 1.114, 1.319, 0.936, 1.088, 1.064, 0.0, 1.144, 1.495, 1.604, 1.83, 2.515, 3.101, 3.242, 2.843, 2.718, 2.802, 2.678, 2.784, 3.113, 4.367, 5.73, 5.689, 5.545, 5.409, 6.247, 6.973, 6.3, 5.125, 4.991, 5.84, 6.557, 7.117, 7.086, 6.685, 5.978, 5.639, 4.8, 4.331, 4.116, 3.753, 3.746, 3.731, 2.872, 3.187, 3.205, 2.967, 2.74, 2.783, 3.385, 3.97, 4.636, 4.411, 4.107, 3.7, 3.22, 3.508, 3.742, 4.179, 3.467, 3.246, 3.299, 3.222, 3.451, 3.826, 4.22], [2.337, 2.049, 2.295, 2.321, 1.81, 1.608, 1.32, 1.286, 2.277, 3.812, 5.862, 7.167, 8.593, 8.578, 5.323, 2.44, 1.762, 2.208, 2.335, 2.062, 1.72, 1.656, 1.584, 1.237, 1.342, 1.593, 1.144, 0.0, 0.652, 1.005, 1.286, 2.187, 2.778, 2.854, 2.478, 2.402, 2.446, 2.379, 2.608, 3.209, 4.221, 5.538, 5.518, 5.333, 5.207, 5.974, 6.71, 6.024, 4.772, 4.855, 5.439, 6.132, 6.684, 6.626, 6.187, 5.366, 5.063, 4.328, 3.761, 3.56, 3.616, 3.751, 3.674, 2.483, 2.948, 3.215, 2.866, 2.489, 2.277, 2.925, 3.807, 4.645, 4.271, 3.692, 3.279, 2.569, 2.938, 3.069, 3.208, 2.768, 2.698, 2.823, 2.627, 2.827, 3.37, 3.778], [2.278, 1.97, 2.313, 2.587, 1.977, 1.583, 1.384, 1.311, 2.249, 3.793, 5.86, 7.16, 8.598, 8.619, 5.336, 2.47, 1.822, 2.279, 2.395, 2.172, 1.865, 1.75, 1.74, 1.487, 1.615, 1.913, 1.495, 0.652, 0.0, 0.662, 1.097, 2.088, 2.697, 2.782, 2.442, 2.382, 2.373, 2.265, 2.553, 3.169, 4.21, 5.544, 5.53, 5.345, 5.211, 5.975, 6.718, 6.007, 4.607, 4.597, 5.2, 5.887, 6.521, 6.457, 5.965, 5.1, 4.765, 4.081, 3.531, 3.355, 3.499, 3.646, 3.63, 2.337, 2.699, 3.024, 2.616, 2.168, 2.055, 2.754, 3.762, 4.663, 4.285, 3.763, 3.184, 2.314, 2.641, 2.795, 2.842, 2.537, 2.43, 2.623, 2.375, 2.553, 3.101, 3.569], [2.461, 2.201, 2.676, 3.009, 2.344, 1.688, 1.492, 1.499, 2.524, 3.965, 6.023, 7.374, 8.776, 8.84, 5.489, 2.77, 2.073, 2.54, 2.634, 2.548, 2.05, 1.767, 1.719, 1.45, 1.823, 2.138, 1.604, 1.005, 0.662, 0.0, 0.884, 1.864, 2.482, 2.609, 2.27, 2.199, 2.237, 2.069, 2.432, 3.024, 4.033, 5.347, 5.341, 5.181, 5.036, 5.775, 6.519, 5.807, 4.454, 4.322, 5.17, 5.805, 6.474, 6.417, 5.945, 5.159, 4.863, 4.193, 3.565, 3.378, 3.689, 3.857, 3.814, 2.43, 2.518, 2.899, 2.284, 1.987, 2.023, 2.642, 3.549, 4.544, 4.2, 3.717, 3.177, 2.501, 2.76, 2.92, 2.892, 2.709, 2.579, 2.758, 2.545, 2.667, 3.222, 3.68], [2.913, 2.634, 2.873, 3.236, 2.54, 1.581, 1.414, 2.062, 3.1, 4.692, 6.736, 8.12, 9.494, 9.586, 6.191, 3.278, 2.657, 3.099, 3.36, 3.073, 2.616, 2.276, 1.697, 1.378, 2.128, 2.463, 1.83, 1.286, 1.097, 0.884, 0.0, 1.279, 1.915, 2.016, 1.721, 1.56, 1.621, 1.85, 2.073, 2.691, 3.526, 4.677, 4.754, 4.495, 4.352, 5.043, 5.797, 5.09, 4.038, 4.474, 5.42, 6.084, 6.727, 6.685, 6.269, 5.472, 5.203, 4.54, 3.902, 3.825, 4.236, 4.507, 4.476, 2.906, 2.683, 3.046, 2.511, 2.014, 1.875, 2.103, 2.876, 3.86, 3.548, 3.243, 3.0, 2.679, 3.126, 3.292, 3.165, 3.017, 2.96, 3.198, 2.997, 3.132, 3.653, 4.199], [3.826, 3.522, 3.834, 4.233, 3.494, 2.231, 2.375, 3.015, 4.131, 5.766, 7.817, 9.216, 10.578, 10.679, 7.273, 4.374, 3.745, 4.177, 4.448, 4.154, 3.679, 2.884, 1.975, 2.09, 2.871, 3.144, 2.515, 2.187, 2.088, 1.864, 1.279, 0.0, 0.996, 1.241, 1.266, 1.293, 1.456, 1.656, 1.631, 2.019, 2.672, 3.625, 3.768, 3.565, 3.327, 3.966, 4.706, 4.089, 3.71, 4.659, 5.727, 6.465, 7.223, 7.142, 6.729, 6.126, 5.964, 5.265, 4.612, 4.66, 5.164, 5.578, 5.519, 3.697, 3.183, 3.394, 3.046, 2.598, 2.566, 2.35, 2.237, 3.037, 3.304, 3.187, 3.355, 3.51, 4.025, 4.194, 3.991, 3.841, 3.843, 4.137, 3.913, 4.067, 4.654, 5.172], [4.406, 4.021, 4.381, 4.861, 4.133, 2.866, 3.025, 3.615, 4.732, 6.38, 8.438, 9.822, 11.191, 11.28, 7.905, 4.98, 4.352, 4.813, 5.055, 4.76, 4.285, 3.523, 2.6, 2.719, 3.505, 3.683, 3.101, 2.778, 2.697, 2.482, 1.915, 0.996, 0.0, 0.552, 0.813, 1.047, 1.084, 1.314, 1.112, 1.464, 2.029, 2.966, 3.123, 2.922, 2.7, 3.335, 4.065, 3.427, 2.997, 3.867, 4.987, 5.811, 6.581, 6.519, 6.238, 5.87, 5.806, 5.001, 4.428, 5.002, 5.656, 6.188, 6.118, 3.998, 2.659, 2.944, 2.79, 2.549, 2.477, 2.09, 1.812, 2.468, 2.7, 2.607, 2.706, 3.29, 4.096, 4.303, 4.044, 3.714, 3.999, 4.56, 4.255, 4.487, 5.126, 5.638], [4.441, 4.072, 4.475, 4.945, 4.233, 3.027, 3.097, 3.708, 4.824, 6.494, 8.574, 9.921, 11.327, 11.38, 8.039, 5.079, 4.442, 4.888, 5.147, 4.859, 4.412, 3.739, 2.725, 2.84, 3.672, 3.789, 3.242, 2.854, 2.782, 2.609, 2.016, 1.241, 0.552, 0.0, 0.646, 0.89, 0.873, 1.364, 1.18, 1.467, 1.879, 2.82, 2.958, 2.734, 2.488, 3.212, 3.94, 3.295, 2.653, 3.746, 4.912, 5.769, 6.524, 6.51, 6.253, 5.93, 5.866, 5.038, 4.497, 5.03, 5.721, 6.283, 6.219, 3.986, 2.656, 3.0, 2.871, 2.619, 2.513, 2.068, 1.865, 2.441, 2.643, 2.551, 2.729, 3.331, 4.173, 4.357, 4.162, 3.764, 4.027, 4.632, 4.299, 4.57, 5.223, 5.678], [3.989, 3.607, 3.997, 4.45, 3.766, 2.575, 2.622, 3.212, 4.329, 6.084, 8.229, 9.571, 10.937, 10.897, 7.615, 4.638, 3.946, 4.387, 4.649, 4.354, 3.914, 3.374, 2.354, 2.552, 3.234, 3.412, 2.843, 2.478, 2.442, 2.27, 1.721, 1.266, 0.813, 0.646, 0.0, 0.447, 0.676, 1.307, 1.092, 1.529, 2.142, 3.188, 3.241, 3.072, 2.855, 3.634, 4.359, 3.697, 2.873, 3.602, 4.729, 5.547, 6.299, 6.276, 5.94, 5.58, 5.523, 4.689, 4.133, 4.629, 5.305, 5.778, 5.717, 3.543, 2.411, 2.872, 2.55, 2.233, 2.198, 1.721, 1.834, 2.495, 2.538, 2.492, 2.488, 2.989, 3.796, 4.028, 3.951, 3.519, 3.662, 4.184, 3.942, 4.167, 4.737, 5.289], [3.873, 3.561, 3.879, 4.292, 3.602, 2.427, 2.456, 3.08, 4.184, 6.022, 8.167, 9.502, 10.875, 10.765, 7.488, 4.506, 3.809, 4.239, 4.509, 4.21, 3.826, 3.289, 2.322, 2.448, 3.086, 3.286, 2.718, 2.402, 2.382, 2.199, 1.56, 1.293, 1.047, 0.89, 0.447, 0.0, 0.742, 1.471, 1.294, 1.66, 2.289, 3.371, 3.409, 3.188, 3.004, 3.778, 4.504, 3.822, 3.024, 3.684, 4.8, 5.625, 6.385, 6.325, 5.96, 5.622, 5.609, 4.706, 4.15, 4.631, 5.272, 5.634, 5.587, 3.563, 2.462, 2.894, 2.585, 2.283, 2.256, 1.655, 1.779, 2.498, 2.515, 2.597, 2.616, 3.051, 3.851, 4.085, 4.016, 3.597, 3.71, 4.172, 3.979, 4.178, 4.694, 5.325], [3.914, 3.555, 3.95, 4.44, 3.741, 2.66, 2.53, 3.145, 4.255, 6.007, 8.151, 9.448, 10.848, 10.811, 7.574, 4.533, 3.875, 4.308, 4.578, 4.286, 3.838, 3.289, 2.455, 2.441, 3.2, 3.487, 2.802, 2.446, 2.373, 2.237, 1.621, 1.456, 1.084, 0.873, 0.676, 0.742, 0.0, 1.075, 0.923, 1.408, 2.09, 3.271, 3.322, 3.035, 2.934, 3.704, 4.447, 3.742, 2.571, 3.395, 4.542, 5.405, 6.161, 6.117, 5.72, 5.411, 5.354, 4.548, 3.971, 4.436, 5.178, 5.708, 5.649, 3.483, 2.279, 2.716, 2.44, 2.064, 1.976, 1.656, 1.822, 2.477, 2.584, 2.448, 2.392, 2.812, 3.616, 3.823, 3.768, 3.3, 3.48, 4.107, 3.826, 4.051, 4.653, 5.135], [3.701, 3.39, 3.917, 4.474, 3.709, 2.936, 2.627, 2.873, 3.9, 5.851, 7.884, 9.186, 10.674, 10.596, 7.417, 4.411, 3.663, 4.086, 4.249, 4.026, 3.506, 2.951, 2.346, 2.404, 3.015, 3.31, 2.678, 2.379, 2.265, 2.069, 1.85, 1.656, 1.314, 1.364, 1.307, 1.471, 1.075, 0.0, 0.629, 1.184, 2.345, 3.688, 3.668, 3.483, 3.337, 4.116, 4.859, 4.15, 2.75, 3.155, 4.216, 4.928, 5.653, 5.596, 5.236, 4.73, 4.675, 3.955, 3.283, 3.897, 4.75, 5.356, 5.298, 2.994, 1.716, 2.073, 1.726, 1.455, 1.552, 1.769, 2.091, 2.864, 2.916, 2.407, 2.064, 2.427, 3.114, 3.265, 3.184, 2.789, 3.135, 3.788, 3.398, 3.658, 4.288, 4.787], [4.014, 3.631, 4.147, 4.598, 3.729, 2.904, 2.684, 3.141, 4.243, 6.222, 8.302, 9.604, 11.055, 10.87, 7.799, 4.763, 3.928, 4.364, 4.564, 4.27, 3.794, 3.15, 2.435, 2.579, 3.148, 3.435, 2.784, 2.608, 2.553, 2.432, 2.073, 1.631, 1.112, 1.18, 1.092, 1.294, 0.923, 0.629, 0.0, 0.873, 1.984, 3.29, 3.222, 3.028, 2.946, 3.727, 4.47, 3.767, 2.601, 3.143, 4.234, 5.061, 5.793, 5.78, 5.422, 5.041, 4.964, 4.242, 3.583, 4.313, 5.149, 5.693, 5.638, 3.313, 1.898, 2.248, 2.006, 1.665, 1.748, 1.83, 1.887, 2.512, 2.644, 2.331, 2.127, 2.663, 3.346, 3.622, 3.573, 3.145, 3.455, 4.112, 3.74, 4.045, 4.651, 5.117], [4.438, 4.092, 4.646, 5.114, 4.251, 3.434, 3.248, 3.564, 4.644, 6.798, 8.909, 10.169, 11.614, 11.353, 8.283, 5.277, 4.42, 4.849, 5.015, 4.676, 4.224, 3.448, 2.816, 2.988, 3.376, 3.687, 3.113, 3.209, 3.169, 3.024, 2.691, 2.019, 1.464, 1.467, 1.529, 1.66, 1.408, 1.184, 0.873, 0.0, 1.491, 2.844, 2.786, 2.638, 2.593, 3.375, 4.082, 3.522, 2.611, 3.181, 4.29, 5.106, 5.862, 5.837, 5.502, 5.23, 5.185, 4.333, 3.776, 4.753, 5.571, 6.08, 6.043, 3.669, 1.993, 2.214, 2.187, 2.027, 2.223, 2.118, 1.965, 2.373, 2.682, 2.628, 2.379, 2.916, 3.764, 4.057, 4.111, 3.543, 4.011, 4.654, 4.301, 4.54, 5.13, 5.702], [5.609, 5.256, 5.721, 6.208, 5.506, 4.361, 4.357, 4.918, 6.036, 7.857, 10.002, 11.329, 12.709, 12.603, 9.348, 6.344, 5.656, 6.146, 6.356, 6.057, 5.61, 4.794, 3.905, 4.085, 4.629, 4.904, 4.367, 4.221, 4.21, 4.033, 3.526, 2.672, 2.029, 1.879, 2.142, 2.289, 2.09, 2.345, 1.984, 1.491, 0.0, 1.516, 1.623, 1.704, 1.814, 2.341, 2.86, 2.454, 2.379, 3.536, 4.727, 5.578, 6.312, 6.299, 6.042, 6.197, 6.305, 5.518, 4.877, 5.803, 6.91, 7.486, 7.412, 5.107, 3.025, 3.022, 3.187, 3.086, 3.083, 2.394, 1.869, 2.057, 2.427, 2.66, 2.785, 3.517, 4.794, 5.049, 4.972, 4.577, 5.223, 5.893, 5.567, 5.884, 6.463, 6.967], [7.01, 6.646, 7.081, 7.546, 6.787, 5.525, 5.648, 6.307, 7.424, 9.135, 11.275, 12.667, 14.011, 13.985, 10.656, 7.708, 7.042, 7.488, 7.753, 7.437, 6.985, 6.164, 5.232, 5.382, 6.056, 6.305, 5.73, 5.538, 5.544, 5.347, 4.677, 3.625, 2.966, 2.82, 3.188, 3.371, 3.271, 3.688, 3.29, 2.844, 1.516, 0.0, 0.763, 1.147, 1.207, 1.417, 1.886, 1.667, 2.176, 3.728, 5.043, 5.565, 6.231, 6.367, 6.915, 7.464, 7.641, 6.889, 6.209, 7.082, 8.274, 8.869, 8.798, 6.482, 4.293, 4.123, 4.463, 4.437, 4.342, 3.326, 2.238, 2.011, 2.127, 2.542, 3.116, 4.758, 6.107, 6.335, 6.192, 5.92, 6.593, 7.246, 6.935, 7.229, 7.829, 8.325], [6.936, 6.572, 7.041, 7.484, 6.745, 5.501, 5.664, 6.25, 7.352, 9.129, 11.27, 12.652, 14.002, 13.936, 10.64, 7.709, 7.003, 7.452, 7.676, 7.363, 6.925, 6.112, 5.219, 5.431, 5.982, 6.23, 5.689, 5.518, 5.53, 5.341, 4.754, 3.768, 3.123, 2.958, 3.241, 3.409, 3.322, 3.668, 3.222, 2.786, 1.623, 0.763, 0.0, 0.766, 1.026, 1.234, 1.735, 1.37, 1.843, 3.389, 4.699, 5.126, 5.725, 6.038, 6.827, 7.401, 7.572, 6.812, 6.147, 7.071, 8.245, 8.804, 8.736, 6.379, 4.194, 4.016, 4.352, 4.364, 4.358, 3.403, 2.22, 1.836, 1.786, 2.245, 3.019, 4.725, 6.069, 6.331, 6.183, 5.905, 6.555, 7.222, 6.899, 7.214, 7.787, 8.295], [6.819, 6.454, 6.89, 7.354, 6.577, 5.324, 5.461, 6.113, 7.219, 8.966, 11.111, 12.478, 13.824, 13.803, 10.514, 7.554, 6.853, 7.275, 7.555, 7.243, 6.786, 5.973, 5.079, 5.185, 5.845, 6.117, 5.545, 5.333, 5.345, 5.181, 4.495, 3.565, 2.922, 2.734, 3.072, 3.188, 3.035, 3.483, 3.028, 2.638, 1.704, 1.147, 0.766, 0.0, 0.739, 1.049, 1.564, 1.188, 1.377, 3.187, 4.459, 4.905, 5.432, 5.89, 6.709, 7.27, 7.416, 6.694, 6.016, 6.929, 8.112, 8.684, 8.606, 6.252, 4.062, 3.892, 4.227, 4.243, 4.135, 3.145, 1.999, 1.458, 1.415, 1.932, 2.833, 4.547, 5.897, 6.152, 6.003, 5.72, 6.381, 7.062, 6.725, 7.04, 7.636, 8.121], [6.693, 6.328, 6.763, 7.228, 6.472, 5.184, 5.328, 6.003, 7.123, 8.865, 11.004, 12.333, 13.712, 13.676, 10.357, 7.368, 6.74, 7.171, 7.443, 7.137, 6.691, 5.871, 4.917, 5.068, 5.751, 5.972, 5.409, 5.207, 5.211, 5.036, 4.352, 3.327, 2.7, 2.488, 2.855, 3.004, 2.934, 3.337, 2.946, 2.593, 1.814, 1.207, 1.026, 0.739, 0.0, 0.889, 1.578, 1.181, 1.447, 3.141, 4.446, 4.915, 5.386, 5.816, 6.607, 7.166, 7.351, 6.592, 5.907, 6.743, 7.946, 8.569, 8.491, 6.146, 3.949, 3.776, 4.121, 4.137, 4.03, 3.022, 1.807, 1.359, 1.43, 1.867, 2.75, 4.452, 5.817, 6.024, 5.914, 5.615, 6.286, 6.941, 6.629, 6.922, 7.53, 8.025], [7.514, 7.146, 7.591, 8.051, 7.314, 6.019, 6.162, 6.841, 7.942, 9.594, 11.682, 13.103, 14.418, 14.516, 11.11, 8.208, 7.567, 7.998, 8.269, 7.98, 7.512, 6.687, 5.749, 5.853, 6.581, 6.797, 6.247, 5.974, 5.975, 5.775, 5.043, 3.966, 3.335, 3.212, 3.634, 3.778, 3.704, 4.116, 3.727, 3.375, 2.341, 1.417, 1.234, 1.049, 0.889, 0.0, 0.911, 0.921, 1.962, 3.856, 5.1, 5.512, 5.938, 6.581, 7.45, 8.009, 8.157, 7.435, 6.75, 7.583, 8.786, 9.402, 9.334, 6.989, 4.778, 4.613, 4.964, 4.973, 4.825, 3.77, 2.409, 1.913, 2.043, 2.489, 3.514, 5.265, 6.631, 6.832, 6.652, 6.405, 7.072, 7.755, 7.415, 7.708, 8.352, 8.811], [8.234, 7.874, 8.311, 8.781, 8.033, 6.729, 6.888, 7.568, 8.679, 10.337, 12.435, 13.846, 15.171, 15.241, 11.846, 8.934, 8.304, 8.735, 9.007, 8.699, 8.236, 7.409, 6.475, 6.59, 7.278, 7.501, 6.973, 6.71, 6.718, 6.519, 5.797, 4.706, 4.065, 3.94, 4.359, 4.504, 4.447, 4.859, 4.47, 4.082, 2.86, 1.886, 1.735, 1.564, 1.578, 0.911, 0.0, 0.939, 2.442, 4.49, 5.72, 6.134, 6.441, 7.227, 8.162, 8.728, 8.876, 8.154, 7.468, 8.309, 9.511, 10.122, 10.053, 7.708, 5.497, 5.325, 5.683, 5.7, 5.559, 4.496, 3.13, 2.458, 2.676, 3.209, 4.25, 5.983, 7.349, 7.55, 7.388, 7.141, 7.815, 8.48, 8.158, 8.452, 9.078, 9.554], [7.567, 7.202, 7.636, 8.104, 7.363, 6.055, 6.203, 6.877, 7.984, 9.626, 11.729, 13.135, 14.464, 14.55, 11.16, 8.243, 7.607, 8.038, 8.309, 8.023, 7.547, 6.772, 5.825, 5.905, 6.671, 6.877, 6.3, 6.024, 6.007, 5.807, 5.09, 4.089, 3.427, 3.295, 3.697, 3.822, 3.742, 4.15, 3.767, 3.522, 2.454, 1.667, 1.37, 1.188, 1.181, 0.921, 0.939, 0.0, 1.727, 3.817, 5.046, 5.495, 6.024, 6.652, 7.491, 8.053, 8.201, 7.479, 6.794, 7.618, 8.821, 9.445, 9.378, 7.031, 4.82, 4.668, 5.006, 5.011, 4.86, 3.805, 2.484, 2.003, 2.185, 2.622, 3.56, 5.309, 6.675, 6.876, 6.693, 6.446, 7.104, 7.79, 7.446, 7.74, 8.387, 8.843], [6.057, 5.72, 6.15, 6.772, 6.08, 5.116, 4.876, 5.197, 6.301, 8.087, 10.212, 11.496, 12.93, 12.854, 9.66, 6.604, 5.921, 6.349, 6.62, 6.465, 6.037, 5.55, 4.862, 4.805, 5.612, 5.865, 5.125, 4.772, 4.607, 4.454, 4.038, 3.71, 2.997, 2.653, 2.873, 3.024, 2.571, 2.75, 2.601, 2.611, 2.379, 2.176, 1.843, 1.377, 1.447, 1.962, 2.442, 1.727, 0.0, 2.236, 3.498, 4.072, 4.716, 5.118, 5.819, 6.372, 6.52, 5.798, 5.113, 5.968, 7.152, 7.75, 7.697, 5.336, 3.127, 3.344, 3.332, 3.354, 3.187, 2.631, 2.002, 1.662, 1.731, 1.672, 2.172, 3.643, 4.994, 5.237, 5.142, 4.759, 5.396, 6.104, 5.738, 6.052, 6.69, 7.135], [5.549, 5.325, 6.134, 6.729, 5.92, 5.371, 4.997, 4.419, 5.284, 7.282, 9.283, 10.474, 11.924, 11.631, 8.755, 6.255, 5.31, 5.643, 5.426, 5.469, 5.283, 5.11, 4.82, 5.0, 5.122, 5.271, 4.991, 4.855, 4.597, 4.322, 4.474, 4.659, 3.867, 3.746, 3.602, 3.684, 3.395, 3.155, 3.143, 3.181, 3.536, 3.728, 3.389, 3.187, 3.141, 3.856, 4.49, 3.817, 2.236, 0.0, 1.504, 2.205, 2.996, 3.262, 3.732, 4.597, 4.73, 4.026, 3.336, 4.446, 5.665, 6.118, 5.879, 3.472, 1.988, 2.273, 2.157, 2.732, 3.14, 3.03, 2.812, 2.68, 2.303, 2.231, 2.131, 3.238, 3.967, 4.343, 4.466, 4.081, 4.696, 5.054, 4.541, 4.669, 5.2, 5.79], [5.933, 5.718, 6.587, 7.123, 6.455, 6.184, 5.809, 4.904, 5.441, 7.072, 8.77, 9.974, 11.424, 11.102, 8.373, 6.476, 5.739, 5.911, 5.703, 5.889, 5.817, 6.026, 5.863, 5.987, 5.706, 5.853, 5.84, 5.439, 5.2, 5.17, 5.42, 5.727, 4.987, 4.912, 4.729, 4.8, 4.542, 4.216, 4.234, 4.29, 4.727, 5.043, 4.699, 4.459, 4.446, 5.1, 5.72, 5.046, 3.498, 1.504, 0.0, 1.598, 2.264, 2.644, 3.114, 4.082, 4.206, 3.497, 2.91, 3.953, 5.151, 5.622, 5.385, 3.316, 2.779, 2.893, 3.072, 3.742, 3.819, 3.915, 3.894, 3.795, 3.382, 3.09, 2.856, 3.521, 3.849, 4.045, 4.067, 3.877, 4.594, 4.788, 4.451, 4.563, 4.854, 5.354], [6.483, 6.406, 7.192, 7.689, 7.15, 6.797, 6.414, 5.563, 5.891, 6.956, 8.619, 9.633, 11.197, 10.882, 8.5, 7.157, 6.423, 6.498, 6.418, 6.461, 6.442, 6.631, 6.569, 6.672, 6.459, 6.695, 6.557, 6.132, 5.887, 5.805, 6.084, 6.465, 5.811, 5.769, 5.547, 5.625, 5.405, 4.928, 5.061, 5.106, 5.578, 5.565, 5.126, 4.905, 4.915, 5.512, 6.134, 5.495, 4.072, 2.205, 1.598, 0.0, 1.317, 1.785, 2.374, 3.529, 3.603, 3.19, 2.976, 3.601, 4.849, 5.144, 5.134, 3.878, 3.427, 3.665, 3.743, 4.413, 4.474, 4.595, 4.66, 4.56, 3.839, 3.533, 3.294, 4.069, 4.125, 4.268, 4.176, 3.972, 4.668, 4.858, 4.554, 4.652, 4.582, 5.042], [6.947, 6.96, 7.75, 8.19, 7.766, 7.501, 7.116, 6.196, 6.335, 7.277, 8.382, 9.367, 10.972, 10.6, 8.814, 7.751, 7.041, 7.094, 6.995, 7.074, 7.102, 7.333, 7.256, 7.286, 6.98, 7.18, 7.117, 6.684, 6.521, 6.474, 6.727, 7.223, 6.581, 6.524, 6.299, 6.385, 6.161, 5.653, 5.793, 5.862, 6.312, 6.231, 5.725, 5.432, 5.386, 5.938, 6.441, 6.024, 4.716, 2.996, 2.264, 1.317, 0.0, 1.261, 2.315, 3.411, 3.376, 3.356, 3.249, 3.66, 4.882, 5.253, 5.196, 4.464, 4.151, 4.214, 4.42, 5.083, 5.166, 5.334, 5.447, 5.133, 4.519, 4.244, 3.947, 4.612, 4.602, 4.642, 4.321, 4.484, 5.205, 5.32, 5.039, 5.066, 4.894, 5.177], [6.837, 6.848, 7.637, 8.076, 7.656, 7.431, 7.056, 6.136, 6.233, 7.208, 8.131, 8.72, 10.574, 10.274, 8.748, 7.647, 6.951, 7.015, 6.882, 6.99, 7.037, 7.273, 7.187, 7.242, 6.933, 7.168, 7.086, 6.626, 6.457, 6.417, 6.685, 7.142, 6.519, 6.51, 6.276, 6.325, 6.117, 5.596, 5.78, 5.837, 6.299, 6.367, 6.038, 5.89, 5.816, 6.581, 7.227, 6.652, 5.118, 3.262, 2.644, 1.785, 1.261, 0.0, 1.41, 2.402, 2.416, 2.911, 3.096, 3.44, 4.51, 5.078, 4.954, 4.405, 4.136, 4.222, 4.352, 5.02, 5.098, 5.245, 5.398, 5.404, 4.857, 4.517, 3.922, 4.498, 4.475, 4.528, 4.202, 4.372, 5.102, 5.238, 4.926, 4.986, 4.82, 5.119], [6.436, 6.399, 7.192, 7.65, 7.162, 6.896, 6.528, 5.632, 5.845, 6.831, 7.729, 8.246, 10.064, 9.826, 8.425, 7.176, 6.446, 6.515, 6.411, 6.504, 6.517, 6.755, 6.779, 6.847, 6.512, 6.796, 6.685, 6.187, 5.965, 5.945, 6.269, 6.729, 6.238, 6.253, 5.94, 5.96, 5.72, 5.236, 5.422, 5.502, 6.042, 6.915, 6.827, 6.709, 6.607, 7.45, 8.162, 7.491, 5.819, 3.732, 3.114, 2.374, 2.315, 1.41, 0.0, 1.361, 1.801, 2.426, 2.663, 2.989, 4.079, 4.687, 4.507, 4.055, 3.952, 4.043, 4.093, 4.591, 4.654, 4.807, 5.314, 5.878, 5.521, 5.069, 4.07, 4.055, 4.046, 4.117, 3.809, 3.949, 4.677, 4.838, 4.536, 4.582, 4.464, 4.722], [5.55, 5.533, 6.266, 6.776, 6.33, 6.072, 5.671, 4.886, 4.971, 5.924, 6.805, 7.285, 9.044, 8.928, 7.516, 6.3, 5.613, 5.687, 5.515, 5.694, 5.677, 5.893, 6.024, 6.066, 5.775, 6.071, 5.978, 5.366, 5.1, 5.159, 5.472, 6.126, 5.87, 5.93, 5.58, 5.622, 5.411, 4.73, 5.041, 5.23, 6.197, 7.464, 7.401, 7.27, 7.166, 8.009, 8.728, 8.053, 6.372, 4.597, 4.082, 3.529, 3.411, 2.402, 1.361, 0.0, 1.033, 1.799, 1.914, 2.382, 3.27, 3.819, 3.67, 3.427, 3.783, 4.046, 3.694, 3.878, 3.938, 4.543, 5.716, 6.479, 6.108, 5.556, 4.502, 3.444, 3.091, 3.15, 2.845, 2.937, 3.669, 3.844, 3.546, 3.578, 3.527, 3.806], [4.903, 4.982, 5.675, 6.147, 5.738, 5.609, 5.255, 4.566, 4.325, 5.101, 6.002, 6.619, 8.475, 8.311, 6.787, 5.804, 5.197, 5.243, 5.056, 5.202, 5.29, 5.483, 5.806, 5.794, 5.526, 5.685, 5.639, 5.063, 4.765, 4.863, 5.203, 5.964, 5.806, 5.866, 5.523, 5.609, 5.354, 4.675, 4.964, 5.185, 6.305, 7.641, 7.572, 7.416, 7.351, 8.157, 8.876, 8.201, 6.52, 4.73, 4.206, 3.603, 3.376, 2.416, 1.801, 1.033, 0.0, 1.34, 1.657, 1.997, 2.602, 3.067, 3.054, 3.071, 3.758, 4.021, 3.579, 3.653, 3.745, 4.614, 5.898, 6.669, 6.294, 5.704, 4.671, 3.203, 2.524, 2.557, 2.37, 2.479, 3.039, 3.135, 2.936, 2.95, 2.763, 2.989], [4.174, 4.192, 4.888, 5.393, 4.943, 4.828, 4.459, 3.806, 3.684, 4.888, 6.241, 7.091, 8.861, 8.564, 6.329, 5.016, 4.391, 4.473, 4.294, 4.454, 4.573, 4.787, 5.141, 5.129, 4.752, 4.851, 4.8, 4.328, 4.081, 4.193, 4.54, 5.265, 5.001, 5.038, 4.689, 4.706, 4.548, 3.955, 4.242, 4.333, 5.518, 6.889, 6.812, 6.694, 6.592, 7.435, 8.154, 7.479, 5.798, 4.026, 3.497, 3.19, 3.356, 2.911, 2.426, 1.799, 1.34, 0.0, 1.043, 1.803, 2.503, 2.737, 2.789, 2.362, 3.019, 3.339, 2.928, 3.096, 3.144, 3.871, 5.108, 5.879, 5.503, 4.982, 3.941, 2.441, 1.866, 2.046, 2.223, 2.058, 2.528, 2.646, 2.411, 2.376, 2.339, 2.925], [3.922, 3.873, 4.607, 5.122, 4.69, 4.467, 4.071, 3.34, 3.483, 4.85, 6.367, 7.354, 8.98, 8.665, 6.251, 4.684, 3.984, 4.136, 3.925, 4.105, 4.102, 4.384, 4.517, 4.505, 4.167, 4.462, 4.331, 3.761, 3.531, 3.565, 3.902, 4.612, 4.428, 4.497, 4.133, 4.15, 3.971, 3.283, 3.583, 3.776, 4.877, 6.209, 6.147, 6.016, 5.907, 6.75, 7.468, 6.794, 5.113, 3.336, 2.91, 2.976, 3.249, 3.096, 2.663, 1.914, 1.657, 1.043, 0.0, 1.605, 2.677, 2.959, 2.934, 1.814, 2.419, 2.655, 2.088, 2.319, 2.437, 3.201, 4.42, 5.191, 4.825, 4.297, 3.256, 2.038, 1.653, 1.897, 1.957, 1.768, 2.4, 2.58, 2.181, 2.123, 2.221, 2.908], [3.669, 3.641, 4.44, 4.916, 4.516, 4.213, 3.807, 3.134, 3.375, 4.111, 5.304, 6.25, 7.927, 7.674, 5.57, 4.335, 3.771, 3.959, 3.792, 3.983, 3.934, 4.228, 4.411, 4.327, 4.098, 4.395, 4.116, 3.56, 3.355, 3.378, 3.825, 4.66, 5.002, 5.03, 4.629, 4.631, 4.436, 3.897, 4.313, 4.753, 5.803, 7.082, 7.071, 6.929, 6.743, 7.583, 8.309, 7.618, 5.968, 4.446, 3.953, 3.601, 3.66, 3.44, 2.989, 2.382, 1.997, 1.803, 1.605, 0.0, 1.621, 2.347, 2.421, 1.868, 3.457, 3.757, 3.04, 2.991, 3.056, 3.989, 5.213, 6.074, 5.739, 5.178, 4.249, 2.908, 2.076, 1.884, 1.956, 2.051, 2.311, 2.11, 1.796, 1.906, 1.885, 2.211], [2.623, 2.669, 3.311, 3.752, 3.4, 3.673, 3.253, 2.832, 2.276, 2.831, 3.977, 4.941, 6.571, 6.312, 4.382, 3.274, 3.005, 3.093, 2.839, 3.172, 3.343, 3.667, 4.286, 4.138, 3.739, 3.914, 3.753, 3.616, 3.499, 3.689, 4.236, 5.164, 5.656, 5.721, 5.305, 5.272, 5.178, 4.75, 5.149, 5.571, 6.91, 8.274, 8.245, 8.112, 7.946, 8.786, 9.511, 8.821, 7.152, 5.665, 5.151, 4.849, 4.882, 4.51, 4.079, 3.27, 2.602, 2.503, 2.677, 1.621, 0.0, 1.317, 1.37, 2.282, 4.349, 4.837, 4.11, 4.023, 4.081, 5.127, 6.396, 7.23, 6.922, 6.349, 5.362, 3.686, 2.418, 2.259, 2.572, 2.561, 2.039, 1.633, 1.82, 1.785, 1.729, 1.503], [2.582, 2.87, 3.108, 3.251, 3.171, 3.745, 3.392, 2.879, 1.983, 2.337, 3.662, 4.612, 6.285, 5.957, 3.82, 3.075, 2.784, 2.792, 2.558, 2.926, 3.133, 3.531, 4.175, 4.108, 3.526, 3.72, 3.746, 3.751, 3.646, 3.857, 4.507, 5.578, 6.188, 6.283, 5.778, 5.634, 5.708, 5.356, 5.693, 6.08, 7.486, 8.869, 8.804, 8.684, 8.569, 9.402, 10.122, 9.445, 7.75, 6.118, 5.622, 5.144, 5.253, 5.078, 4.687, 3.819, 3.067, 2.737, 2.959, 2.347, 1.317, 0.0, 0.906, 2.682, 4.796, 5.296, 4.574, 4.52, 4.699, 5.744, 7.055, 7.862, 7.497, 6.973, 5.932, 4.206, 2.861, 2.716, 3.106, 3.092, 2.428, 1.877, 2.228, 2.071, 1.672, 1.648], [2.709, 2.919, 3.177, 3.29, 3.141, 3.829, 3.416, 2.808, 2.012, 2.615, 3.756, 4.715, 6.381, 6.084, 4.121, 3.211, 2.967, 2.89, 2.614, 2.977, 3.269, 3.598, 4.225, 4.101, 3.617, 3.754, 3.731, 3.674, 3.63, 3.814, 4.476, 5.519, 6.118, 6.219, 5.717, 5.587, 5.649, 5.298, 5.638, 6.043, 7.412, 8.798, 8.736, 8.606, 8.491, 9.334, 10.053, 9.378, 7.697, 5.879, 5.385, 5.134, 5.196, 4.954, 4.507, 3.67, 3.054, 2.789, 2.934, 2.421, 1.37, 0.906, 0.0, 2.538, 4.643, 5.146, 4.511, 4.452, 4.686, 5.731, 7.051, 7.794, 7.412, 6.882, 5.837, 4.1, 2.874, 2.775, 3.115, 3.017, 2.473, 2.008, 2.412, 2.328, 2.116, 1.972], [2.895, 2.686, 3.484, 4.057, 3.344, 3.053, 2.678, 1.883, 2.445, 4.128, 5.897, 7.062, 8.512, 8.252, 5.541, 3.458, 2.697, 2.871, 2.63, 2.728, 2.695, 2.916, 3.178, 3.126, 2.757, 2.961, 2.872, 2.483, 2.337, 2.43, 2.906, 3.697, 3.998, 3.986, 3.543, 3.563, 3.483, 2.994, 3.313, 3.669, 5.107, 6.482, 6.379, 6.252, 6.146, 6.989, 7.708, 7.031, 5.336, 3.472, 3.316, 3.878, 4.464, 4.405, 4.055, 3.427, 3.071, 2.362, 1.814, 1.868, 2.282, 2.682, 2.538, 0.0, 2.283, 2.695, 2.143, 2.3, 2.548, 3.522, 4.72, 5.452, 5.082, 4.573, 3.541, 2.444, 1.955, 2.269, 2.584, 2.163, 2.176, 2.035, 1.692, 1.695, 2.086, 2.459], [3.731, 3.42, 4.195, 4.82, 3.996, 3.474, 3.081, 2.6, 3.549, 5.775, 7.863, 9.09, 10.545, 10.278, 7.314, 4.409, 3.561, 3.933, 3.911, 3.665, 3.46, 3.423, 3.185, 3.278, 3.286, 3.478, 3.187, 2.948, 2.699, 2.518, 2.683, 3.183, 2.659, 2.656, 2.411, 2.462, 2.279, 1.716, 1.898, 1.993, 3.025, 4.293, 4.194, 4.062, 3.949, 4.778, 5.497, 4.82, 3.127, 1.988, 2.779, 3.427, 4.151, 4.136, 3.952, 3.783, 3.758, 3.019, 2.419, 3.457, 4.349, 4.796, 4.643, 2.283, 0.0, 1.205, 0.967, 1.268, 1.503, 1.644, 2.625, 3.281, 2.882, 2.411, 1.784, 1.918, 2.695, 3.044, 3.148, 2.59, 3.003, 3.586, 3.081, 3.33, 3.873, 4.462], [3.894, 3.569, 4.39, 4.963, 4.054, 3.475, 3.252, 2.993, 3.848, 6.304, 8.406, 9.633, 11.088, 10.758, 7.763, 4.815, 3.939, 4.342, 4.367, 3.985, 3.562, 3.181, 3.409, 3.419, 3.254, 3.216, 3.205, 3.215, 3.024, 2.899, 3.046, 3.394, 2.944, 3.0, 2.872, 2.894, 2.716, 2.073, 2.248, 2.214, 3.022, 4.123, 4.016, 3.892, 3.776, 4.613, 5.325, 4.668, 3.344, 2.273, 2.893, 3.665, 4.214, 4.222, 4.043, 4.046, 4.021, 3.339, 2.655, 3.757, 4.837, 5.296, 5.146, 2.695, 1.205, 0.0, 1.281, 1.679, 2.084, 2.26, 2.462, 3.035, 2.917, 2.533, 2.103, 2.105, 3.067, 3.381, 3.545, 3.038, 3.526, 4.129, 3.605, 3.832, 4.375, 4.977], [3.54, 3.262, 4.048, 4.67, 3.84, 3.254, 2.882, 2.478, 3.404, 5.55, 7.587, 8.811, 10.267, 9.963, 7.063, 4.261, 3.361, 3.718, 3.667, 3.536, 3.311, 3.131, 2.987, 3.046, 3.138, 3.252, 2.967, 2.866, 2.616, 2.284, 2.511, 3.046, 2.79, 2.871, 2.55, 2.585, 2.44, 1.726, 2.006, 2.187, 3.187, 4.463, 4.352, 4.227, 4.121, 4.964, 5.683, 5.006, 3.332, 2.157, 3.072, 3.743, 4.42, 4.352, 4.093, 3.694, 3.579, 2.928, 2.088, 3.04, 4.11, 4.574, 4.511, 2.143, 0.967, 1.281, 0.0, 0.82, 1.33, 1.873, 2.631, 3.395, 3.148, 2.683, 2.033, 1.863, 2.355, 2.682, 2.847, 2.473, 2.834, 3.326, 2.874, 3.077, 3.636, 4.225], [3.234, 2.909, 3.674, 4.278, 3.45, 2.813, 2.47, 2.264, 3.146, 5.284, 7.357, 8.596, 10.053, 9.811, 6.847, 3.901, 3.105, 3