[[0.0, 1.265, 2.062, 2.445, 2.577, 2.431, 2.508, 3.099, 3.308, 3.666, 3.428, 2.65, 3.242, 4.911, 5.914, 5.434, 5.098, 5.341, 5.832, 6.006, 6.031, 5.459, 4.361, 3.202, 1.957, 1.208, 1.283, 1.7, 2.342, 2.374, 3.259, 5.145, 5.662, 5.35, 5.158, 5.48, 5.622, 5.396, 4.65, 3.976, 3.931, 4.322, 4.296, 4.727, 5.267, 7.066, 8.054, 7.947, 7.651, 6.944, 6.248, 6.015, 6.171, 6.361, 6.721, 7.316, 7.91, 7.614, 7.808, 7.908, 7.601, 6.852, 6.656, 7.373, 7.469, 6.601, 6.137, 5.753, 5.833, 6.309, 6.6, 6.319, 6.602, 6.936, 6.376, 6.141, 5.853, 6.159, 5.924, 4.581, 5.268, 5.413, 4.879, 4.591, 4.233, 3.56], [1.265, 0.0, 1.061, 1.462, 1.477, 1.419, 1.588, 1.986, 2.18, 2.48, 2.247, 1.698, 2.111, 3.927, 5.009, 4.755, 4.651, 4.782, 5.068, 5.091, 5.28, 4.952, 3.212, 2.378, 1.788, 1.463, 1.956, 2.46, 3.417, 3.544, 4.382, 6.053, 6.393, 5.878, 5.564, 5.869, 6.051, 5.824, 5.041, 4.379, 4.448, 4.88, 4.917, 5.232, 5.771, 7.887, 8.785, 8.656, 8.398, 7.989, 7.347, 7.108, 7.228, 7.296, 7.66, 8.22, 8.669, 8.588, 8.848, 8.95, 8.56, 7.748, 7.608, 8.407, 8.501, 7.612, 6.962, 6.461, 6.584, 7.012, 7.273, 6.892, 7.338, 7.654, 7.1, 6.891, 6.561, 6.737, 6.14, 4.708, 5.387, 5.574, 4.852, 4.41, 4.134, 3.623], [2.062, 1.061, 0.0, 0.783, 1.031, 1.073, 1.087, 1.3, 1.588, 1.906, 1.865, 1.695, 1.935, 3.286, 4.564, 4.412, 4.269, 4.352, 4.602, 4.703, 4.876, 4.608, 3.132, 2.674, 2.271, 2.143, 2.713, 3.255, 4.228, 4.371, 5.207, 6.878, 7.123, 6.644, 6.362, 6.64, 6.876, 6.654, 5.848, 5.157, 5.21, 5.629, 5.672, 6.002, 6.539, 8.718, 9.616, 9.484, 9.206, 8.759, 8.116, 7.867, 8.03, 8.074, 8.463, 9.072, 9.502, 9.351, 9.625, 9.73, 9.283, 8.407, 8.319, 9.153, 9.258, 8.398, 7.605, 7.126, 7.233, 7.638, 7.899, 7.535, 8.007, 8.334, 7.776, 7.557, 7.211, 7.355, 6.789, 5.328, 6.025, 6.211, 5.521, 5.067, 4.78, 4.285], [2.445, 1.462, 0.783, 0.0, 0.712, 0.977, 0.974, 1.133, 1.469, 1.637, 1.501, 1.367, 1.705, 3.38, 4.69, 4.634, 4.547, 4.65, 4.751, 4.945, 5.102, 4.944, 3.278, 2.716, 2.388, 2.442, 3.064, 3.629, 4.56, 4.695, 5.542, 7.258, 7.552, 7.066, 6.725, 6.983, 7.286, 7.075, 6.238, 5.53, 5.613, 6.007, 6.075, 6.367, 6.964, 9.061, 10.007, 9.882, 9.605, 9.08, 8.44, 8.206, 8.372, 8.356, 8.735, 9.418, 9.905, 9.699, 9.968, 10.087, 9.659, 8.776, 8.711, 9.508, 9.633, 8.783, 7.981, 7.493, 7.598, 7.974, 8.225, 7.844, 8.318, 8.649, 8.026, 7.86, 7.53, 7.618, 7.007, 5.466, 6.141, 6.311, 5.646, 5.216, 4.921, 4.428], [2.577, 1.477, 1.031, 0.712, 0.0, 0.684, 0.741, 0.911, 1.185, 1.429, 1.304, 1.345, 1.579, 3.177, 4.444, 4.504, 4.437, 4.463, 4.535, 4.755, 4.924, 4.714, 2.993, 2.479, 2.379, 2.505, 3.149, 3.659, 4.683, 4.83, 5.678, 7.348, 7.585, 7.053, 6.683, 6.922, 7.199, 6.987, 6.135, 5.476, 5.546, 6.044, 6.076, 6.301, 6.927, 9.133, 10.034, 9.894, 9.651, 9.246, 8.604, 8.358, 8.465, 8.487, 8.854, 9.473, 9.878, 9.783, 10.059, 10.184, 9.862, 9.016, 8.875, 9.642, 9.792, 8.906, 8.223, 7.725, 7.839, 8.222, 8.478, 8.067, 8.537, 8.867, 8.245, 8.084, 7.759, 7.858, 7.128, 5.587, 6.079, 6.261, 5.436, 4.975, 4.758, 4.19], [2.431, 1.419, 1.073, 0.977, 0.684, 0.0, 0.633, 0.926, 1.089, 1.447, 1.38, 1.43, 1.502, 2.976, 4.37, 4.334, 4.226, 4.295, 4.38, 4.67, 4.83, 4.517, 2.661, 2.257, 2.245, 2.355, 2.983, 3.49, 4.472, 4.625, 5.463, 7.134, 7.425, 6.949, 6.624, 6.829, 7.108, 6.905, 6.092, 5.42, 5.484, 5.915, 5.97, 6.26, 6.852, 9.07, 9.976, 9.825, 9.556, 9.08, 8.433, 8.184, 8.248, 8.373, 8.743, 9.338, 9.803, 9.629, 9.883, 10.028, 9.72, 8.89, 8.773, 9.497, 9.689, 8.774, 8.097, 7.6, 7.723, 8.136, 8.388, 7.972, 8.393, 8.721, 8.091, 7.938, 7.634, 7.771, 7.087, 5.488, 5.965, 6.142, 5.339, 4.849, 4.649, 3.954], [2.508, 1.588, 1.087, 0.974, 0.741, 0.633, 0.0, 0.945, 1.151, 1.39, 1.486, 1.581, 1.689, 3.002, 4.444, 4.463, 4.361, 4.393, 4.421, 4.785, 4.937, 4.647, 2.919, 2.473, 2.469, 2.476, 3.017, 3.617, 4.565, 4.718, 5.555, 7.235, 7.408, 6.961, 6.668, 6.829, 7.104, 6.931, 6.024, 5.329, 5.403, 5.959, 5.974, 6.158, 6.819, 9.108, 10.01, 9.853, 9.586, 9.087, 8.433, 8.185, 8.307, 8.4, 8.822, 9.39, 9.827, 9.623, 9.879, 10.001, 9.782, 8.945, 8.771, 9.465, 9.629, 8.747, 8.169, 7.699, 7.794, 8.184, 8.418, 8.066, 8.537, 8.86, 8.264, 8.093, 7.746, 7.887, 7.202, 5.726, 6.249, 6.419, 5.608, 5.094, 4.961, 4.264], [3.099, 1.986, 1.3, 1.133, 0.911, 0.926, 0.945, 0.0, 0.823, 1.207, 1.281, 1.428, 1.427, 2.86, 4.187, 4.447, 4.368, 4.324, 4.231, 4.592, 4.782, 4.492, 2.957, 2.606, 2.704, 2.83, 3.632, 4.156, 5.191, 5.343, 6.185, 7.856, 8.112, 7.586, 7.153, 7.27, 7.59, 7.418, 6.571, 5.878, 5.952, 6.602, 6.557, 6.709, 7.374, 9.711, 10.581, 10.398, 10.196, 9.801, 9.154, 8.906, 8.931, 9.041, 9.424, 9.897, 10.288, 10.239, 10.48, 10.564, 10.21, 9.352, 9.262, 10.022, 10.195, 9.282, 8.558, 8.064, 8.181, 8.599, 8.851, 8.434, 8.857, 9.185, 8.556, 8.399, 8.096, 8.222, 7.49, 5.857, 6.332, 6.511, 5.703, 5.166, 4.967, 4.436], [3.308, 2.18, 1.588, 1.469, 1.185, 1.089, 1.151, 0.823, 0.0, 0.939, 1.006, 1.499, 1.202, 2.737, 3.988, 4.196, 4.083, 4.065, 4.107, 4.294, 4.469, 4.23, 2.534, 2.323, 2.561, 3.003, 3.858, 4.378, 5.421, 5.573, 6.416, 8.086, 8.329, 7.82, 7.345, 7.414, 7.693, 7.548, 6.671, 5.989, 6.055, 6.831, 6.784, 6.829, 7.539, 9.92, 10.772, 10.548, 10.41, 10.024, 9.381, 9.132, 9.161, 9.269, 9.651, 10.113, 10.472, 10.431, 10.624, 10.7, 10.343, 9.473, 9.392, 10.166, 10.323, 9.411, 8.631, 8.123, 8.214, 8.549, 8.783, 8.371, 8.788, 9.115, 8.479, 8.354, 8.088, 8.183, 7.522, 5.736, 6.131, 6.271, 5.427, 4.857, 4.712, 4.237], [3.666, 2.48, 1.906, 1.637, 1.429, 1.447, 1.39, 1.207, 0.939, 0.0, 0.875, 1.52, 1.387, 2.749, 4.133, 4.367, 4.293, 4.324, 4.278, 4.528, 4.675, 4.488, 2.639, 2.53, 2.936, 3.397, 4.25, 4.779, 5.831, 5.978, 6.826, 8.496, 8.72, 8.197, 7.677, 7.798, 7.992, 7.69, 6.801, 6.144, 6.225, 7.208, 7.155, 7.031, 7.824, 10.264, 11.112, 10.831, 10.746, 10.413, 9.771, 9.524, 9.571, 9.634, 10.007, 10.509, 10.825, 10.774, 10.966, 11.027, 10.502, 9.633, 9.556, 10.49, 10.553, 9.633, 8.812, 8.284, 8.386, 8.748, 8.993, 8.575, 9.02, 9.348, 8.711, 8.564, 8.29, 8.352, 7.639, 5.931, 6.399, 6.602, 5.661, 5.079, 4.976, 4.526], [3.428, 2.247, 1.865, 1.501, 1.304, 1.38, 1.486, 1.281, 1.006, 0.875, 0.0, 1.05, 1.147, 3.009, 4.34, 4.504, 4.403, 4.46, 4.517, 4.617, 4.767, 4.637, 2.631, 2.242, 2.592, 3.078, 3.977, 4.536, 5.588, 5.736, 6.582, 8.252, 8.446, 7.9, 7.41, 7.57, 7.811, 7.497, 6.597, 5.936, 6.037, 6.912, 6.878, 6.754, 7.57, 9.96, 10.804, 10.517, 10.452, 10.135, 9.493, 9.249, 9.328, 9.327, 9.745, 10.272, 10.566, 10.513, 10.715, 10.757, 10.271, 9.388, 9.317, 10.201, 10.268, 9.397, 8.555, 8.045, 8.116, 8.46, 8.706, 8.3, 8.762, 9.09, 8.459, 8.304, 8.019, 8.066, 7.332, 5.512, 5.943, 6.141, 5.207, 4.603, 4.471, 4.159], [2.65, 1.698, 1.695, 1.367, 1.345, 1.43, 1.581, 1.428, 1.499, 1.52, 1.05, 0.0, 1.218, 3.439, 4.844, 4.979, 4.873, 4.931, 4.956, 5.163, 5.334, 5.068, 2.868, 2.196, 1.983, 2.3, 3.15, 3.686, 4.737, 4.888, 5.732, 7.402, 7.62, 7.12, 6.662, 6.821, 7.047, 6.792, 5.941, 5.25, 5.33, 6.134, 6.09, 6.096, 6.797, 9.214, 10.067, 9.821, 9.704, 9.318, 8.672, 8.423, 8.477, 8.574, 8.956, 9.437, 9.765, 9.694, 9.885, 9.966, 9.465, 8.584, 8.513, 9.421, 9.486, 8.592, 7.764, 7.262, 7.329, 7.731, 7.991, 7.579, 8.038, 8.368, 7.746, 7.586, 7.255, 7.43, 6.671, 5.084, 5.552, 5.769, 4.952, 4.431, 4.15, 3.829], [3.242, 2.111, 1.935, 1.705, 1.579, 1.502, 1.689, 1.427, 1.202, 1.387, 1.147, 1.218, 0.0, 2.477, 3.962, 4.045, 3.95, 4.001, 3.996, 4.295, 4.464, 4.154, 2.071, 1.647, 2.099, 2.894, 3.864, 4.398, 5.413, 5.56, 6.407, 8.078, 8.326, 7.823, 7.4, 7.45, 7.725, 7.613, 6.722, 6.056, 6.107, 6.851, 6.811, 6.875, 7.577, 9.961, 10.823, 10.634, 10.454, 10.027, 9.378, 9.129, 9.153, 9.29, 9.66, 10.084, 10.496, 10.33, 10.523, 10.582, 9.92, 9.053, 9.057, 10.043, 10.105, 9.15, 8.27, 7.704, 7.683, 7.816, 7.974, 7.567, 7.954, 8.402, 7.847, 7.797, 7.598, 7.671, 7.229, 5.184, 5.473, 5.737, 5.012, 4.466, 4.317, 3.91], [4.911, 3.927, 3.286, 3.38, 3.177, 2.976, 3.002, 2.86, 2.737, 2.749, 3.009, 3.439, 2.477, 0.0, 1.746, 1.803, 1.682, 1.725, 1.643, 2.102, 2.233, 1.859, 1.216, 2.033, 3.755, 4.664, 5.626, 6.157, 7.104, 7.249, 8.096, 9.779, 10.09, 9.63, 9.344, 9.547, 9.786, 9.566, 8.732, 8.044, 8.116, 8.668, 8.618, 8.868, 9.496, 11.742, 12.616, 12.449, 12.238, 11.763, 11.078, 10.829, 10.88, 11.067, 11.437, 11.857, 12.291, 12.065, 12.254, 12.216, 11.505, 10.646, 10.633, 11.629, 11.689, 10.707, 9.87, 9.335, 9.251, 9.31, 9.374, 8.918, 9.323, 9.871, 9.378, 9.39, 9.204, 9.362, 8.974, 6.683, 6.865, 7.081, 5.799, 5.3, 5.642, 4.758], [5.914, 5.009, 4.564, 4.69, 4.444, 4.37, 4.444, 4.187, 3.988, 4.133, 4.34, 4.844, 3.962, 1.746, 0.0, 1.195, 1.307, 1.191, 0.774, 0.93, 0.977, 1.262, 2.279, 3.071, 4.639, 5.512, 6.446, 7.044, 8.024, 8.171, 9.019, 10.689, 10.961, 10.516, 10.158, 10.616, 10.665, 10.332, 9.561, 8.843, 8.834, 9.459, 9.397, 9.549, 10.215, 12.433, 13.291, 13.132, 12.946, 12.604, 11.962, 11.715, 11.764, 11.812, 12.186, 12.677, 13.017, 12.885, 13.094, 13.037, 12.365, 11.522, 11.488, 12.486, 12.546, 11.563, 10.74, 10.159, 10.098, 10.166, 10.182, 9.672, 10.159, 10.737, 10.269, 10.281, 10.072, 10.132, 9.67, 7.338, 7.579, 7.809, 6.466, 6.018, 6.324, 5.656], [5.434, 4.755, 4.412, 4.634, 4.504, 4.334, 4.463, 4.447, 4.196, 4.367, 4.504, 4.979, 4.045, 1.803, 1.195, 0.0, 0.721, 0.774, 1.135, 0.968, 1.104, 0.824, 2.244, 3.001, 4.104, 4.804, 5.851, 6.604, 7.283, 7.414, 8.185, 9.91, 10.395, 9.914, 9.726, 10.062, 10.122, 9.885, 9.089, 8.298, 8.313, 8.737, 8.805, 9.093, 9.69, 11.737, 12.67, 12.543, 12.276, 11.74, 11.086, 10.837, 10.903, 11.021, 11.399, 11.892, 12.357, 12.024, 12.216, 12.163, 11.496, 10.643, 10.578, 11.58, 11.639, 10.689, 9.888, 9.287, 9.199, 9.251, 9.29, 8.8, 9.285, 9.85, 9.361, 9.373, 9.176, 9.282, 8.943, 6.632, 6.792, 6.991, 5.848, 5.44, 5.755, 4.874], [5.098, 4.651, 4.269, 4.547, 4.437, 4.226, 4.361, 4.368, 4.083, 4.293, 4.403, 4.873, 3.95, 1.682, 1.307, 0.721, 0.0, 0.541, 1.172, 1.181, 1.143, 0.811, 2.131, 2.881, 3.675, 4.607, 5.476, 6.235, 6.943, 7.081, 7.882, 9.641, 10.093, 9.817, 9.666, 10.012, 10.108, 9.837, 9.041, 8.288, 8.217, 8.697, 8.574, 8.947, 9.574, 11.496, 12.407, 12.282, 11.995, 11.468, 10.789, 10.54, 10.65, 10.765, 11.156, 11.665, 12.106, 11.765, 11.968, 11.895, 11.199, 10.356, 10.284, 11.27, 11.329, 10.392, 9.604, 9.033, 8.915, 8.914, 8.932, 8.46, 8.939, 9.516, 9.049, 9.063, 8.908, 9.026, 8.701, 6.371, 6.526, 6.738, 5.585, 5.239, 5.573, 4.583], [5.341, 4.782, 4.352, 4.65, 4.463, 4.295, 4.393, 4.324, 4.065, 4.324, 4.46, 4.931, 4.001, 1.725, 1.191, 0.774, 0.541, 0.0, 0.986, 1.07, 1.026, 0.715, 2.168, 2.996, 3.985, 4.853, 5.836, 6.588, 7.228, 7.363, 8.153, 9.866, 10.276, 9.941, 9.767, 10.085, 10.166, 9.904, 9.118, 8.351, 8.309, 8.776, 8.771, 9.067, 9.701, 11.819, 12.731, 12.589, 12.32, 11.776, 11.09, 10.83, 10.952, 11.098, 11.485, 11.985, 12.427, 12.092, 12.269, 12.193, 11.524, 10.654, 10.552, 11.542, 11.597, 10.657, 9.902, 9.331, 9.212, 9.176, 9.223, 8.746, 9.197, 9.775, 9.309, 9.331, 9.21, 9.359, 9.025, 6.699, 6.853, 7.061, 5.909, 5.465, 5.77, 4.844], [5.832, 5.068, 4.602, 4.751, 4.535, 4.38, 4.421, 4.231, 4.107, 4.278, 4.517, 4.956, 3.996, 1.643, 0.774, 1.135, 1.172, 0.986, 0.0, 0.895, 1.04, 1.168, 2.278, 3.084, 4.602, 5.539, 6.484, 7.088, 7.95, 8.09, 8.939, 10.641, 10.967, 10.59, 10.378, 10.733, 10.841, 10.582, 9.807, 9.078, 9.067, 9.542, 9.519, 9.818, 10.443, 12.619, 13.512, 13.367, 13.11, 12.612, 11.921, 11.663, 11.746, 11.925, 12.295, 12.742, 13.179, 12.912, 13.101, 13.011, 12.299, 11.438, 11.373, 12.382, 12.426, 11.471, 10.686, 10.115, 9.997, 10.015, 10.06, 9.557, 9.993, 10.571, 10.105, 10.128, 10.004, 10.186, 9.841, 7.515, 7.649, 7.861, 6.683, 6.222, 6.543, 5.579], [6.006, 5.091, 4.703, 4.945, 4.755, 4.67, 4.785, 4.592, 4.294, 4.528, 4.617, 5.163, 4.295, 2.102, 0.93, 0.968, 1.181, 1.07, 0.895, 0.0, 0.688, 1.146, 2.449, 3.328, 4.662, 5.513, 6.462, 7.148, 8.036, 8.183, 9.031, 10.704, 11.007, 10.452, 10.225, 10.672, 10.703, 10.355, 9.517, 8.778, 8.814, 9.382, 9.369, 9.507, 10.152, 12.346, 13.204, 13.025, 12.895, 12.537, 11.895, 11.652, 11.776, 11.749, 12.184, 12.689, 13.004, 12.853, 13.085, 13.007, 12.316, 11.483, 11.441, 12.411, 12.439, 11.529, 10.729, 10.127, 10.033, 10.044, 10.021, 9.569, 10.073, 10.651, 10.198, 10.22, 10.05, 10.072, 9.602, 7.262, 7.416, 7.64, 6.378, 5.953, 6.281, 5.652], [6.031, 5.28, 4.876, 5.102, 4.924, 4.83, 4.937, 4.782, 4.469, 4.675, 4.767, 5.334, 4.464, 2.233, 0.977, 1.104, 1.143, 1.026, 1.04, 0.688, 0.0, 0.998, 2.639, 3.427, 4.634, 5.472, 6.425, 7.148, 7.939, 8.075, 8.921, 10.629, 11.019, 10.52, 10.35, 10.795, 10.797, 10.457, 9.618, 8.823, 8.781, 9.39, 9.268, 9.448, 10.12, 12.191, 13.047, 12.873, 12.724, 12.378, 11.736, 11.492, 11.667, 11.65, 12.074, 12.58, 12.888, 12.743, 12.976, 12.905, 12.219, 11.385, 11.331, 12.302, 12.341, 11.431, 10.63, 10.03, 9.935, 9.935, 9.899, 9.488, 9.973, 10.54, 10.088, 10.111, 9.94, 9.962, 9.476, 7.153, 7.266, 7.482, 6.214, 5.813, 6.21, 5.575], [5.459, 4.952, 4.608, 4.944, 4.714, 4.517, 4.647, 4.492, 4.23, 4.488, 4.637, 5.068, 4.154, 1.859, 1.262, 0.824, 0.811, 0.715, 1.168, 1.146, 0.998, 0.0, 2.315, 3.184, 4.148, 4.919, 5.914, 6.63, 7.284, 7.426, 8.168, 9.913, 10.294, 9.983, 9.762, 10.061, 10.125, 9.869, 9.107, 8.335, 8.229, 8.817, 8.675, 9.006, 9.604, 11.787, 12.673, 12.499, 12.269, 11.788, 11.101, 10.852, 10.943, 11.092, 11.462, 11.93, 12.328, 12.079, 12.279, 12.219, 11.515, 10.666, 10.583, 11.598, 11.657, 10.701, 9.913, 9.343, 9.224, 9.26, 9.319, 8.859, 9.3, 9.849, 9.353, 9.364, 9.201, 9.353, 9.009, 6.684, 6.824, 7.04, 5.844, 5.343, 5.694, 4.791], [4.361, 3.212, 3.132, 3.278, 2.993, 2.661, 2.919, 2.957, 2.534, 2.639, 2.631, 2.868, 2.071, 1.216, 2.279, 2.244, 2.131, 2.168, 2.278, 2.449, 2.639, 2.315, 0.0, 1.558, 3.16, 4.025, 4.97, 5.49, 6.509, 6.656, 7.503, 9.174, 9.43, 8.945, 8.528, 8.72, 8.942, 8.776, 7.925, 7.234, 7.308, 7.965, 7.92, 8.063, 8.752, 11.063, 11.929, 11.731, 11.555, 11.132, 10.478, 10.229, 10.261, 10.404, 10.773, 11.193, 11.583, 11.425, 11.644, 11.6, 10.868, 10.024, 10.0, 11.007, 11.066, 10.128, 9.27, 8.705, 8.615, 8.764, 8.923, 8.484, 8.854, 9.361, 8.804, 8.733, 8.542, 8.698, 8.294, 5.984, 6.132, 6.327, 5.101, 4.613, 4.924, 4.174], [3.202, 2.378, 2.674, 2.716, 2.479, 2.257, 2.473, 2.606, 2.323, 2.53, 2.242, 2.196, 1.647, 2.033, 3.071, 3.001, 2.881, 2.996, 3.084, 3.328, 3.427, 3.184, 1.558, 0.0, 1.832, 2.678, 3.636, 4.179, 5.206, 5.353, 6.2, 7.88, 8.209, 7.714, 7.475, 7.808, 7.939, 7.698, 6.895, 6.187, 6.243, 6.728, 6.68, 6.996, 7.62, 9.75, 10.642, 10.473, 10.231, 9.806, 9.158, 8.909, 8.946, 9.064, 9.434, 9.88, 10.306, 10.096, 10.321, 10.348, 9.724, 8.849, 8.838, 9.81, 9.871, 8.943, 8.072, 7.504, 7.481, 7.641, 7.805, 7.386, 7.776, 8.248, 7.68, 7.592, 7.405, 7.428, 7.021, 4.754, 4.989, 5.211, 4.077, 3.684, 3.764, 3.098], [1.957, 1.788, 2.271, 2.388, 2.379, 2.245, 2.469, 2.704, 2.561, 2.936, 2.592, 1.983, 2.099, 3.755, 4.639, 4.104, 3.675, 3.985, 4.602, 4.662, 4.634, 4.148, 3.16, 1.832, 0.0, 1.352, 2.096, 2.857, 3.547, 3.561, 4.401, 6.303, 6.797, 6.535, 6.369, 6.744, 6.849, 6.583, 5.806, 5.043, 4.935, 5.426, 5.216, 5.652, 6.291, 8.096, 9.008, 8.88, 8.607, 8.014, 7.34, 7.09, 7.21, 7.34, 7.719, 8.257, 8.733, 8.519, 8.659, 8.718, 8.207, 7.271, 7.211, 8.147, 8.216, 7.323, 6.479, 5.954, 5.969, 6.179, 6.373, 5.986, 6.407, 6.765, 6.181, 6.04, 5.84, 5.972, 5.564, 3.65, 4.081, 4.238, 3.569, 3.331, 3.013, 2.409], [1.208, 1.463, 2.143, 2.442, 2.505, 2.355, 2.476, 2.83, 3.003, 3.397, 3.078, 2.3, 2.894, 4.664, 5.512, 4.804, 4.607, 4.853, 5.539, 5.513, 5.472, 4.919, 4.025, 2.678, 1.352, 0.0, 1.177, 1.945, 2.596, 2.734, 3.558, 5.323, 5.831, 5.431, 5.254, 5.626, 5.689, 5.46, 4.718, 3.92, 3.87, 4.308, 4.261, 4.647, 5.253, 7.138, 8.107, 7.997, 7.704, 7.144, 6.486, 6.249, 6.3, 6.407, 6.781, 7.296, 7.868, 7.648, 7.886, 7.974, 7.564, 6.847, 6.697, 7.432, 7.558, 6.706, 6.113, 5.696, 5.8, 6.313, 6.576, 6.196, 6.662, 6.952, 6.424, 6.206, 5.859, 6.047, 5.377, 3.909, 4.513, 4.647, 4.082, 3.765, 3.405, 2.884], [1.283, 1.956, 2.713, 3.064, 3.149, 2.983, 3.017, 3.632, 3.858, 4.25, 3.977, 3.15, 3.864, 5.626, 6.446, 5.851, 5.476, 5.836, 6.484, 6.462, 6.425, 5.914, 4.97, 3.636, 2.096, 1.177, 0.0, 1.132, 1.674, 1.827, 2.668, 4.493, 4.927, 4.635, 4.478, 4.871, 4.975, 4.71, 3.926, 3.17, 3.052, 3.543, 3.373, 3.807, 4.421, 6.215, 7.207, 7.1, 6.799, 6.192, 5.523, 5.275, 5.377, 5.444, 5.853, 6.466, 7.007, 6.751, 7.001, 7.207, 7.233, 6.59, 6.345, 6.908, 7.002, 6.188, 5.854, 5.441, 5.535, 6.007, 6.276, 5.959, 6.414, 6.7, 6.201, 5.967, 5.607, 5.774, 5.377, 4.158, 4.847, 4.984, 4.556, 4.249, 3.801, 3.435], [1.7, 2.46, 3.255, 3.629, 3.659, 3.49, 3.617, 4.156, 4.378, 4.779, 4.536, 3.686, 4.398, 6.157, 7.044, 6.604, 6.235, 6.588, 7.088, 7.148, 7.148, 6.63, 5.49, 4.179, 2.857, 1.945, 1.132, 0.0, 1.207, 1.506, 2.119, 3.96, 4.373, 4.03, 3.817, 4.173, 4.296, 4.056, 3.304, 2.703, 2.642, 2.995, 2.832, 3.294, 3.867, 5.618, 6.609, 6.503, 6.217, 5.682, 5.074, 4.806, 4.863, 4.968, 5.378, 5.941, 6.513, 6.287, 6.636, 6.991, 7.08, 6.553, 6.345, 6.835, 6.855, 6.136, 5.803, 5.467, 5.513, 6.079, 6.332, 6.068, 6.459, 6.761, 6.251, 6.018, 5.638, 5.865, 5.469, 4.239, 4.86, 5.057, 4.799, 4.475, 3.947, 3.727], [2.342, 3.417, 4.228, 4.56, 4.683, 4.472, 4.565, 5.191, 5.421, 5.831, 5.588, 4.737, 5.413, 7.104, 8.024, 7.283, 6.943, 7.228, 7.95, 8.036, 7.939, 7.284, 6.509, 5.206, 3.547, 2.596, 1.674, 1.207, 0.0, 0.893, 1.284, 3.015, 3.631, 3.351, 3.245, 3.558, 3.604, 3.39, 2.801, 2.125, 1.989, 2.17, 2.055, 2.544, 3.021, 4.811, 5.802, 5.696, 5.398, 4.779, 4.215, 3.981, 4.121, 4.216, 4.671, 5.298, 5.959, 5.628, 5.935, 6.33, 6.548, 6.038, 5.82, 6.278, 6.197, 5.557, 5.293, 5.046, 5.076, 5.637, 5.925, 5.72, 6.036, 6.331, 5.812, 5.577, 5.209, 5.504, 5.409, 4.477, 5.136, 5.303, 5.047, 4.707, 4.188, 3.876], [2.374, 3.544, 4.371, 4.695, 4.83, 4.625, 4.718, 5.343, 5.573, 5.978, 5.736, 4.888, 5.56, 7.249, 8.171, 7.414, 7.081, 7.363, 8.09, 8.183, 8.075, 7.426, 6.656, 5.353, 3.561, 2.734, 1.827, 1.506, 0.893, 0.0, 1.39, 3.618, 4.314, 4.034, 3.886, 4.193, 4.268, 4.052, 3.404, 2.689, 2.44, 2.814, 2.615, 3.22, 3.598, 5.163, 6.091, 6.001, 5.768, 4.883, 4.144, 3.971, 4.17, 4.286, 4.661, 5.416, 6.101, 5.669, 5.855, 6.243, 6.456, 5.912, 5.684, 6.135, 6.034, 5.393, 5.181, 4.918, 4.975, 5.47, 5.795, 5.652, 5.926, 6.109, 5.547, 5.376, 5.11, 5.473, 5.471, 4.621, 5.238, 5.384, 5.229, 5.2, 4.622, 4.114], [3.259, 4.382, 5.207, 5.542, 5.678, 5.463, 5.555, 6.185, 6.416, 6.826, 6.582, 5.732, 6.407, 8.096, 9.019, 8.185, 7.882, 8.153, 8.939, 9.031, 8.921, 8.168, 7.503, 6.2, 4.401, 3.558, 2.668, 2.119, 1.284, 1.39, 0.0, 2.298, 2.999, 2.74, 2.627, 2.955, 3.098, 2.993, 2.478, 2.133, 2.051, 1.956, 1.677, 2.338, 2.525, 4.028, 4.864, 4.747, 4.45, 3.806, 3.499, 3.518, 3.6, 3.67, 4.03, 4.7, 5.35, 5.054, 5.378, 5.878, 6.146, 5.719, 5.519, 5.944, 5.789, 5.22, 5.009, 4.782, 4.867, 5.436, 5.661, 5.473, 5.735, 6.025, 5.464, 5.226, 4.933, 5.219, 5.471, 4.871, 5.565, 5.724, 5.607, 5.374, 4.747, 4.477], [5.145, 6.053, 6.878, 7.258, 7.348, 7.134, 7.235, 7.856, 8.086, 8.496, 8.252, 7.402, 8.078, 9.779, 10.689, 9.91, 9.641, 9.866, 10.641, 10.704, 10.629, 9.913, 9.174, 7.88, 6.303, 5.323, 4.493, 3.96, 3.015, 3.618, 2.298, 0.0, 1.045, 1.139, 1.245, 1.407, 1.45, 1.699, 2.362, 2.7, 2.559, 1.61, 1.737, 2.183, 1.96, 3.099, 3.299, 3.13, 3.005, 2.991, 3.267, 3.384, 3.176, 3.196, 3.555, 3.953, 4.53, 4.376, 4.686, 5.285, 5.805, 5.744, 5.521, 5.785, 5.701, 5.219, 5.476, 5.674, 5.92, 6.419, 6.507, 6.342, 6.561, 6.695, 6.176, 6.003, 5.766, 5.899, 6.568, 6.189, 6.775, 6.945, 6.869, 6.351, 5.788, 6.033], [5.662, 6.393, 7.123, 7.552, 7.585, 7.425, 7.408, 8.112, 8.329, 8.72, 8.446, 7.62, 8.326, 10.09, 10.961, 10.395, 10.093, 10.276, 10.967, 11.007, 11.019, 10.294, 9.43, 8.209, 6.797, 5.831, 4.927, 4.373, 3.631, 4.314, 2.999, 1.045, 0.0, 0.887, 1.214, 1.325, 1.429, 1.843, 2.575, 3.021, 2.916, 2.003, 2.142, 2.513, 2.16, 3.117, 3.235, 3.026, 2.982, 3.073, 3.364, 3.56, 3.364, 3.256, 3.627, 4.011, 4.378, 4.398, 4.74, 5.304, 5.882, 5.956, 5.668, 5.898, 5.815, 5.363, 5.721, 5.952, 6.196, 6.635, 6.617, 6.574, 6.862, 6.96, 6.425, 6.283, 6.034, 6.045, 6.72, 6.662, 7.03, 7.117, 7.0, 6.478, 6.08, 6.647], [5.35, 5.878, 6.644, 7.066, 7.053, 6.949, 6.961, 7.586, 7.82, 8.197, 7.9, 7.12, 7.823, 9.63, 10.516, 9.914, 9.817, 9.941, 10.59, 10.452, 10.52, 9.983, 8.945, 7.714, 6.535, 5.431, 4.635, 4.03, 3.351, 4.034, 2.74, 1.139, 0.887, 0.0, 0.823, 1.185, 1.309, 1.462, 2.023, 2.45, 2.482, 1.54, 1.789, 2.069, 1.719, 3.064, 3.402, 3.211, 3.174, 3.144, 3.31, 3.397, 3.469, 3.303, 3.691, 4.108, 4.52, 4.522, 4.8, 5.477, 6.069, 6.056, 5.834, 6.065, 5.944, 5.413, 5.668, 5.783, 6.068, 6.488, 6.559, 6.448, 6.776, 6.926, 6.42, 6.203, 5.953, 5.865, 6.405, 6.269, 6.56, 6.723, 6.664, 6.124, 5.734, 6.376], [5.158, 5.564, 6.362, 6.725, 6.683, 6.624, 6.668, 7.153, 7.345, 7.677, 7.41, 6.662, 7.4, 9.344, 10.158, 9.726, 9.666, 9.767, 10.378, 10.225, 10.35, 9.762, 8.528, 7.475, 6.369, 5.254, 4.478, 3.817, 3.245, 3.886, 2.627, 1.245, 1.214, 0.823, 0.0, 0.932, 1.201, 1.376, 1.868, 2.16, 2.231, 1.605, 1.826, 2.05, 1.784, 3.239, 3.548, 3.42, 3.417, 3.35, 3.472, 3.596, 3.42, 3.313, 3.666, 4.105, 4.373, 4.574, 4.783, 5.442, 6.047, 6.008, 5.796, 6.069, 5.947, 5.385, 5.662, 5.834, 6.094, 6.6, 6.67, 6.52, 6.823, 6.943, 6.421, 6.26, 5.99, 5.976, 6.508, 6.209, 6.731, 6.911, 6.736, 6.133, 5.627, 6.211], [5.48, 5.869, 6.64, 6.983, 6.922, 6.829, 6.829, 7.27, 7.414, 7.798, 7.57, 6.821, 7.45, 9.547, 10.616, 10.062, 10.012, 10.085, 10.733, 10.672, 10.795, 10.061, 8.72, 7.808, 6.744, 5.626, 4.871, 4.173, 3.558, 4.193, 2.955, 1.407, 1.325, 1.185, 0.932, 0.0, 0.814, 1.289, 1.791, 2.368, 2.44, 1.723, 2.124, 2.017, 1.673, 3.222, 3.64, 3.467, 3.496, 3.445, 3.541, 3.652, 3.421, 3.329, 3.685, 3.973, 4.357, 4.508, 4.82, 5.407, 5.956, 6.009, 5.76, 6.032, 5.95, 5.446, 5.714, 5.889, 6.116, 6.673, 6.744, 6.587, 6.872, 6.989, 6.474, 6.306, 6.036, 6.068, 6.661, 6.289, 6.758, 6.948, 6.762, 6.133, 5.633, 6.27], [5.622, 6.051, 6.876, 7.286, 7.199, 7.108, 7.104, 7.59, 7.693, 7.992, 7.811, 7.047, 7.725, 9.786, 10.665, 10.122, 10.108, 10.166, 10.841, 10.703, 10.797, 10.125, 8.942, 7.939, 6.849, 5.689, 4.975, 4.296, 3.604, 4.268, 3.098, 1.45, 1.429, 1.309, 1.201, 0.814, 0.0, 0.987, 1.697, 2.299, 2.334, 1.668, 1.989, 1.835, 1.58, 3.309, 3.53, 3.384, 3.452, 3.609, 3.658, 3.743, 3.592, 3.467, 3.81, 4.144, 4.465, 4.65, 4.962, 5.542, 6.133, 6.155, 5.935, 6.206, 6.115, 5.549, 5.796, 5.941, 6.171, 6.743, 6.817, 6.66, 6.941, 7.069, 6.546, 6.38, 6.115, 6.135, 6.691, 6.241, 6.759, 6.939, 6.713, 6.024, 5.518, 6.328], [5.396, 5.824, 6.654, 7.075, 6.987, 6.905, 6.931, 7.418, 7.548, 7.69, 7.497, 6.792, 7.613, 9.566, 10.332, 9.885, 9.837, 9.904, 10.582, 10.355, 10.457, 9.869, 8.776, 7.698, 6.583, 5.46, 4.71, 4.056, 3.39, 4.052, 2.993, 1.699, 1.843, 1.462, 1.376, 1.289, 0.987, 0.0, 1.181, 1.784, 1.991, 1.61, 1.897, 1.377, 1.544, 3.525, 3.934, 3.674, 3.825, 3.83, 3.758, 3.749, 3.671, 3.526, 3.887, 4.325, 4.708, 4.785, 5.071, 5.752, 6.29, 6.226, 6.017, 6.289, 6.166, 5.569, 5.805, 5.826, 6.036, 6.624, 6.773, 6.574, 6.89, 7.057, 6.551, 6.326, 6.07, 6.031, 6.499, 5.992, 6.547, 6.725, 6.463, 5.737, 5.161, 6.167], [4.65, 5.041, 5.848, 6.238, 6.135, 6.092, 6.024, 6.571, 6.671, 6.801, 6.597, 5.941, 6.722, 8.732, 9.561, 9.089, 9.041, 9.118, 9.807, 9.517, 9.618, 9.107, 7.925, 6.895, 5.806, 4.718, 3.926, 3.304, 2.801, 3.404, 2.478, 2.362, 2.575, 2.023, 1.868, 1.791, 1.697, 1.181, 0.0, 1.059, 1.446, 1.556, 1.534, 1.004, 1.648, 3.899, 4.591, 4.273, 4.314, 4.138, 3.792, 3.708, 3.764, 3.663, 3.999, 4.528, 4.927, 4.927, 5.292, 5.931, 6.362, 6.089, 5.899, 6.193, 5.992, 5.495, 5.561, 5.339, 5.441, 6.068, 6.209, 6.113, 6.496, 6.737, 6.213, 5.954, 5.629, 5.55, 5.786, 5.178, 5.787, 5.967, 5.738, 4.948, 4.442, 5.385], [3.976, 4.379, 5.157, 5.53, 5.476, 5.42, 5.329, 5.878, 5.989, 6.144, 5.936, 5.25, 6.056, 8.044, 8.843, 8.298, 8.288, 8.351, 9.078, 8.778, 8.823, 8.335, 7.234, 6.187, 5.043, 3.92, 3.17, 2.703, 2.125, 2.689, 2.133, 2.7, 3.021, 2.45, 2.16, 2.368, 2.299, 1.784, 1.059, 0.0, 0.836, 1.324, 1.579, 1.205, 1.921, 4.296, 5.14, 4.812, 4.788, 4.497, 3.963, 3.943, 3.992, 3.917, 4.377, 4.964, 5.329, 5.307, 5.663, 6.154, 6.526, 6.264, 6.072, 6.36, 6.162, 5.661, 5.69, 5.472, 5.587, 6.205, 6.334, 6.241, 6.622, 6.86, 6.331, 6.077, 5.751, 5.69, 6.001, 5.126, 5.786, 5.984, 5.566, 4.827, 4.367, 4.74], [3.931, 4.448, 5.21, 5.613, 5.546, 5.484, 5.403, 5.952, 6.055, 6.225, 6.037, 5.33, 6.107, 8.116, 8.834, 8.313, 8.217, 8.309, 9.067, 8.814, 8.781, 8.229, 7.308, 6.243, 4.935, 3.87, 3.052, 2.642, 1.989, 2.44, 2.051, 2.559, 2.916, 2.482, 2.231, 2.44, 2.334, 1.991, 1.446, 0.836, 0.0, 1.205, 1.434, 1.364, 1.765, 4.107, 4.947, 4.637, 4.582, 4.278, 3.889, 3.825, 3.901, 3.825, 4.311, 4.903, 5.327, 5.262, 5.668, 6.136, 6.436, 6.217, 6.013, 6.258, 6.137, 5.559, 5.726, 5.531, 5.655, 6.268, 6.401, 6.307, 6.688, 6.915, 6.391, 6.137, 5.835, 5.73, 6.052, 5.196, 5.848, 6.046, 5.585, 4.955, 4.447, 4.731], [4.322, 4.88, 5.629, 6.007, 6.044, 5.915, 5.959, 6.602, 6.831, 7.208, 6.912, 6.134, 6.851, 8.668, 9.459, 8.737, 8.697, 8.776, 9.542, 9.382, 9.39, 8.817, 7.965, 6.728, 5.426, 4.308, 3.543, 2.995, 2.17, 2.814, 1.956, 1.61, 2.003, 1.54, 1.605, 1.723, 1.668, 1.61, 1.556, 1.324, 1.205, 0.0, 1.096, 1.279, 1.417, 3.323, 4.079, 3.948, 3.69, 3.603, 3.311, 3.331, 3.426, 3.357, 3.792, 4.353, 4.864, 4.641, 5.066, 5.62, 6.13, 5.923, 5.725, 5.976, 5.8, 5.266, 5.437, 5.348, 5.511, 6.105, 6.226, 6.103, 6.465, 6.659, 6.146, 5.899, 5.63, 5.516, 5.997, 5.217, 5.857, 6.066, 5.789, 5.203, 4.741, 5.012], [4.296, 4.917, 5.672, 6.075, 6.076, 5.97, 5.974, 6.557, 6.784, 7.155, 6.878, 6.09, 6.811, 8.618, 9.397, 8.805, 8.574, 8.771, 9.519, 9.369, 9.268, 8.675, 7.92, 6.68, 5.216, 4.261, 3.373, 2.832, 2.055, 2.615, 1.677, 1.737, 2.142, 1.789, 1.826, 2.124, 1.989, 1.897, 1.534, 1.579, 1.434, 1.096, 0.0, 1.205, 1.694, 3.495, 4.06, 3.918, 3.779, 3.799, 3.574, 3.561, 3.652, 3.546, 3.874, 4.462, 4.935, 4.855, 5.224, 5.889, 6.32, 6.055, 5.858, 6.148, 5.938, 5.444, 5.534, 5.304, 5.397, 6.032, 6.16, 6.073, 6.455, 6.702, 6.174, 5.917, 5.581, 5.522, 5.843, 5.149, 5.72, 5.926, 5.693, 5.142, 4.655, 4.937], [4.727, 5.232, 6.002, 6.367, 6.301, 6.26, 6.158, 6.709, 6.829, 7.031, 6.754, 6.096, 6.875, 8.868, 9.549, 9.093, 8.947, 9.067, 9.818, 9.507, 9.448, 9.006, 8.063, 6.996, 5.652, 4.647, 3.807, 3.294, 2.544, 3.22, 2.338, 2.183, 2.513, 2.069, 2.05, 2.017, 1.835, 1.377, 1.004, 1.205, 1.364, 1.279, 1.205, 0.0, 1.332, 3.546, 4.31, 4.058, 4.108, 3.94, 3.687, 3.653, 3.735, 3.598, 3.957, 4.521, 4.925, 4.917, 5.299, 5.939, 6.375, 6.066, 5.877, 6.198, 5.989, 5.5, 5.482, 5.336, 5.496, 6.085, 6.206, 6.087, 6.447, 6.658, 6.15, 5.889, 5.611, 5.519, 5.864, 5.052, 5.577, 5.771, 5.446, 4.744, 4.347, 5.213], [5.267, 5.771, 6.539, 6.964, 6.927, 6.852, 6.819, 7.374, 7.539, 7.824, 7.57, 6.797, 7.577, 9.496, 10.215, 9.69, 9.574, 9.701, 10.443, 10.152, 10.12, 9.604, 8.752, 7.62, 6.291, 5.253, 4.421, 3.867, 3.021, 3.598, 2.525, 1.96, 2.16, 1.719, 1.784, 1.673, 1.58, 1.544, 1.648, 1.921, 1.765, 1.417, 1.694, 1.332, 0.0, 2.505, 3.42, 3.25, 3.187, 2.937, 2.679, 2.693, 2.84, 2.685, 3.159, 3.795, 4.255, 4.107, 4.6, 5.083, 5.476, 5.237, 5.033, 5.304, 5.129, 4.671, 4.842, 4.942, 5.169, 5.691, 5.746, 5.644, 5.963, 6.105, 5.6, 5.4, 5.138, 5.055, 5.485, 5.158, 5.421, 5.645, 5.414, 4.902, 4.512, 5.391], [7.066, 7.887, 8.718, 9.061, 9.133, 9.07, 9.108, 9.711, 9.92, 10.264, 9.96, 9.214, 9.961, 11.742, 12.433, 11.737, 11.496, 11.819, 12.619, 12.346, 12.191, 11.787, 11.063, 9.75, 8.096, 7.138, 6.215, 5.618, 4.811, 5.163, 4.028, 3.099, 3.117, 3.064, 3.239, 3.222, 3.309, 3.525, 3.899, 4.296, 4.107, 3.323, 3.495, 3.546, 2.505, 0.0, 1.227, 1.31, 1.283, 1.274, 1.77, 2.076, 1.792, 1.422, 1.437, 1.746, 2.172, 2.06, 2.575, 3.011, 3.49, 3.671, 3.654, 3.439, 3.36, 3.423, 4.151, 4.595, 4.895, 4.835, 4.761, 5.137, 4.81, 4.838, 4.421, 4.294, 4.156, 4.122, 4.629, 6.046, 5.913, 5.836, 6.207, 6.652, 6.366, 7.067], [8.054, 8.785, 9.616, 10.007, 10.034, 9.976, 10.01, 10.581, 10.772, 11.112, 10.804, 10.067, 10.823, 12.616, 13.291, 12.67, 12.407, 12.731, 13.512, 13.204, 13.047, 12.673, 11.929, 10.642, 9.008, 8.107, 7.207, 6.609, 5.802, 6.091, 4.864, 3.299, 3.235, 3.402, 3.548, 3.64, 3.53, 3.934, 4.591, 5.14, 4.947, 4.079, 4.06, 4.31, 3.42, 1.227, 0.0, 0.768, 1.279, 1.818, 2.509, 2.937, 2.648, 2.196, 2.017, 1.819, 1.852, 2.22, 2.738, 3.092, 3.801, 4.448, 4.414, 3.806, 3.734, 4.193, 4.909, 5.416, 5.625, 5.509, 5.462, 5.921, 5.466, 5.264, 5.257, 4.982, 4.781, 4.738, 5.377, 6.888, 6.919, 6.814, 7.142, 7.607, 7.221, 7.978], [7.947, 8.656, 9.484, 9.882, 9.894, 9.825, 9.853, 10.398, 10.548, 10.831, 10.517, 9.821, 10.634, 12.449, 13.132, 12.543, 12.282, 12.589, 13.367, 13.025, 12.873, 12.499, 11.731, 10.473, 8.88, 7.997, 7.1, 6.503, 5.696, 6.001, 4.747, 3.13, 3.026, 3.211, 3.42, 3.467, 3.384, 3.674, 4.273, 4.812, 4.637, 3.948, 3.918, 4.058, 3.25, 1.31, 0.768, 0.0, 0.978, 1.637, 2.548, 2.998, 2.618, 2.223, 2.142, 2.077, 2.131, 2.52, 2.967, 3.355, 3.965, 4.521, 4.556, 4.003, 3.934, 4.28, 5.059, 5.5, 5.779, 5.644, 5.63, 6.039, 5.593, 5.482, 5.246, 5.02, 4.898, 4.9, 5.564, 6.846, 7.017, 6.864, 7.039, 7.324, 6.889, 7.83], [7.651, 8.398, 9.206, 9.605, 9.651, 9.556, 9.586, 10.196, 10.41, 10.746, 10.452, 9.704, 10.454, 12.238, 12.946, 12.276, 11.995, 12.32, 13.11, 12.895, 12.724, 12.269, 11.555, 10.231, 8.607, 7.704, 6.799, 6.217, 5.398, 5.768, 4.45, 3.005, 2.982, 3.174, 3.417, 3.496, 3.452, 3.825, 4.314, 4.788, 4.582, 3.69, 3.779, 4.108, 3.187, 1.283, 1.279, 0.978, 0.0, 1.341, 2.234, 2.697, 2.303, 2.027, 1.986, 2.183, 2.324, 2.46, 2.828, 3.122, 3.904, 4.188, 4.284, 3.909, 3.764, 3.971, 4.749, 5.175, 5.481, 5.403, 5.35, 5.731, 5.321, 5.36, 4.928, 4.767, 4.705, 4.698, 5.304, 6.507, 6.74, 6.617, 6.791, 7.284, 6.909, 7.58], [6.944, 7.989, 8.759, 9.08, 9.246, 9.08, 9.087, 9.801, 10.024, 10.413, 10.135, 9.318, 10.027, 11.763, 12.604, 11.74, 11.468, 11.776, 12.612, 12.537, 12.378, 11.788, 11.132, 9.806, 8.014, 7.144, 6.192, 5.682, 4.779, 4.883, 3.806, 2.991, 3.073, 3.144, 3.35, 3.445, 3.609, 3.83, 4.138, 4.497, 4.278, 3.603, 3.799, 3.94, 2.937, 1.274, 1.818, 1.637, 1.341, 0.0, 1.255, 1.73, 1.549, 1.391, 1.405, 1.958, 2.526, 2.198, 2.448, 2.955, 3.506, 3.42, 3.352, 3.367, 3.232, 3.022, 3.663, 4.12, 4.412, 4.426, 4.315, 4.689, 4.565, 4.563, 4.142, 4.057, 3.896, 3.922, 4.682, 5.95, 5.962, 5.787, 6.236, 6.845, 6.595, 7.057], [6.248, 7.347, 8.116, 8.44, 8.604, 8.433, 8.433, 9.154, 9.381, 9.771, 9.493, 8.672, 9.378, 11.078, 11.962, 11.086, 10.789, 11.09, 11.921, 11.895, 11.736, 11.101, 10.478, 9.158, 7.34, 6.486, 5.523, 5.074, 4.215, 4.144, 3.499, 3.267, 3.364, 3.31, 3.472, 3.541, 3.658, 3.758, 3.792, 3.963, 3.889, 3.311, 3.574, 3.687, 2.679, 1.77, 2.509, 2.548, 2.234, 1.255, 0.0, 0.86, 1.126, 1.151, 1.274, 2.091, 2.706, 2.27, 2.339, 2.768, 3.226, 2.979, 2.775, 3.003, 2.832, 2.402, 2.738, 3.091, 3.457, 3.535, 3.471, 3.68, 3.814, 3.846, 3.48, 3.342, 3.078, 3.121, 3.835, 5.181, 5.197, 4.972, 5.672, 6.279, 5.957, 6.382], [6.015, 7.108, 7.867, 8.206, 8.358, 8.184, 8.185, 8.906, 9.132, 9.524, 9.249, 8.423, 9.129, 10.829, 11.715, 10.837, 10.54, 10.83, 11.663, 11.652, 11.492, 10.852, 10.229, 8.909, 7.09, 6.249, 5.275, 4.806, 3.981, 3.971, 3.518, 3.384, 3.56, 3.397, 3.596, 3.652, 3.743, 3.749, 3.708, 3.943, 3.825, 3.331, 3.561, 3.653, 2.693, 2.076, 2.937, 2.998, 2.697, 1.73, 0.86, 0.0, 1.061, 1.24, 1.415, 2.06, 2.619, 2.024, 2.276, 2.648, 3.008, 2.791, 2.6, 2.802, 2.651, 2.114, 2.427, 2.658, 2.997, 3.208, 3.253, 3.269, 3.467, 3.584, 3.209, 3.011, 2.724, 2.768, 3.427, 4.69, 4.675, 4.406, 5.439, 6.064, 5.764, 6.181], [6.171, 7.228, 8.03, 8.372, 8.465, 8.248, 8.307, 8.931, 9.161, 9.571, 9.328, 8.477, 9.153, 10.88, 11.764, 10.903, 10.65, 10.952, 11.746, 11.776, 11.667, 10.943, 10.261, 8.946, 7.21, 6.3, 5.377, 4.863, 4.121, 4.17, 3.6, 3.176, 3.364, 3.469, 3.42, 3.421, 3.592, 3.671, 3.764, 3.992, 3.901, 3.426, 3.652, 3.735, 2.84, 1.792, 2.648, 2.618, 2.303, 1.549, 1.126, 1.061, 0.0, 0.72, 0.969, 1.629, 2.196, 1.757, 1.94, 2.393, 2.776, 2.628, 2.476, 2.709, 2.581, 2.132, 2.695, 3.08, 3.479, 3.563, 3.491, 3.719, 3.604, 3.698, 3.162, 3.045, 2.895, 3.023, 3.768, 4.974, 5.109, 4.937, 5.696, 6.29, 5.836, 6.261], [6.361, 7.296, 8.074, 8.356, 8.487, 8.373, 8.4, 9.041, 9.269, 9.634, 9.327, 8.574, 9.29, 11.067, 11.812, 11.021, 10.765, 11.098, 11.925, 11.749, 11.65, 11.092, 10.404, 9.064, 7.34, 6.407, 5.444, 4.968, 4.216, 4.286, 3.67, 3.196, 3.256, 3.303, 3.313, 3.329, 3.467, 3.526, 3.663, 3.917, 3.825, 3.357, 3.546, 3.598, 2.685, 1.422, 2.196, 2.223, 2.027, 1.391, 1.151, 1.24, 0.72, 0.0, 0.747, 1.487, 2.06, 1.748, 2.037, 2.459, 2.912, 2.868, 2.642, 2.832, 2.747, 2.4, 3.016, 3.387, 3.789, 3.813, 3.744, 4.006, 3.962, 4.001, 3.575, 3.427, 3.231, 3.179, 3.871, 5.121, 5.252, 5.049, 5.731, 6.3, 5.834, 6.435], [6.721, 7.66, 8.463, 8.735, 8.854, 8.743, 8.822, 9.424, 9.651, 10.007, 9.745, 8.956, 9.66, 11.437, 12.186, 11.399, 11.156, 11.485, 12.295, 12.184, 12.074, 11.462, 10.773, 9.434, 7.719, 6.781, 5.853, 5.378, 4.671, 4.661, 4.03, 3.555, 3.627, 3.691, 3.666, 3.685, 3.81, 3.887, 3.999, 4.377, 4.311, 3.792, 3.874, 3.957, 3.159, 1.437, 2.017, 2.142, 1.986, 1.405, 1.274, 1.415, 0.969, 0.747, 0.0, 1.134, 1.673, 1.375, 1.588, 2.106, 2.511, 2.718, 2.599, 2.51, 2.389, 2.288, 2.941, 3.446, 3.66, 3.641, 3.608, 3.98, 3.767, 3.682, 3.463, 3.345, 3.071, 2.945, 3.827, 5.457, 5.573, 5.363, 6.117, 6.728, 6.267, 6.825], [7.316, 8.22, 9.072, 9.418, 9.473, 9.338, 9.39, 9.897, 10.113, 10.509, 10.272, 9.437, 10.084, 11.857, 12.677, 11.892, 11.665, 11.985, 12.742, 12.689, 12.58, 11.93, 11.193, 9.88, 8.257, 7.296, 6.466, 5.941, 5.298, 5.416, 4.7, 3.953, 4.011, 4.108, 4.105, 3.973, 4.144, 4.325, 4.528, 4.964, 4.903, 4.353, 4.462, 4.521, 3.795, 1.746, 1.819, 2.077, 2.183, 1.958, 2.091, 2.06, 1.629, 1.487, 1.134, 0.0, 0.884, 0.913, 1.515, 1.988, 2.393, 3.032, 2.971, 2.394, 2.453, 2.765, 3.406, 3.943, 4.144, 4.1, 4.058, 4.476, 3.985, 3.703, 3.857, 3.552, 3.391, 3.434, 4.228, 5.847, 5.961, 5.66, 6.623, 7.248, 6.794, 7.308], [7.91, 8.669, 9.502, 9.905, 9.878, 9.803, 9.827, 10.288, 10.472, 10.825, 10.566, 9.765, 10.496, 12.291, 13.017, 12.357, 12.106, 12.427, 13.179, 13.004, 12.888, 12.328, 11.583, 10.306, 8.733, 7.868, 7.007, 6.513, 5.959, 6.101, 5.35, 4.53, 4.378, 4.52, 4.373, 4.357, 4.465, 4.708, 4.927, 5.329, 5.327, 4.864, 4.935, 4.925, 4.255, 2.172, 1.852, 2.131, 2.324, 2.526, 2.706, 2.619, 2.196, 2.06, 1.673, 0.884, 0.0, 1.108, 1.615, 1.927, 2.591, 3.422, 3.407, 2.645, 2.65, 3.179, 3.882, 4.401, 4.578, 4.546, 4.468, 4.894, 4.414, 4.129, 4.29, 3.995, 3.841, 3.788, 4.561, 6.112, 6.232, 5.998, 6.933, 7.553, 7.088, 7.745], [7.614, 8.588, 9.351, 9.699, 9.783, 9.629, 9.623, 10.239, 10.431, 10.774, 10.513, 9.694, 10.33, 12.065, 12.885, 12.024, 11.765, 12.092, 12.912, 12.853, 12.743, 12.079, 11.425, 10.096, 8.519, 7.648, 6.751, 6.287, 5.628, 5.669, 5.054, 4.376, 4.398, 4.522, 4.574, 4.508, 4.65, 4.785, 4.927, 5.307, 5.262, 4.641, 4.855, 4.917, 4.107, 2.06, 2.22, 2.52, 2.46, 2.198, 2.27, 2.024, 1.757, 1.748, 1.375, 0.913, 1.108, 0.0, 1.101, 1.537, 2.085, 2.608, 2.639, 1.914, 1.892, 2.406, 3.088, 3.61, 3.767, 3.699, 3.605, 4.072, 3.608, 3.35, 3.613, 3.281, 3.211, 3.107, 3.882, 5.71, 5.839, 5.492, 6.803, 7.475, 7.023, 7.504], [7.808, 8.848, 9.625, 9.968, 10.059, 9.883, 9.879, 10.48, 10.624, 10.966, 10.715, 9.885, 10.523, 12.254, 13.094, 12.216, 11.968, 12.269, 13.101, 13.085, 12.976, 12.279, 11.644, 10.321, 8.659, 7.886, 7.001, 6.636, 5.935, 5.855, 5.378, 4.686, 4.74, 4.8, 4.783, 4.82, 4.962, 5.071, 5.292, 5.663, 5.668, 5.066, 5.224, 5.299, 4.6, 2.575, 2.738, 2.967, 2.828, 2.448, 2.339, 2.276, 1.94, 2.037, 1.588, 1.515, 1.615, 1.101, 0.0, 1.066, 1.801, 2.08, 2.216, 1.625, 1.404, 1.969, 2.642, 3.167, 3.301, 3.326, 3.16, 3.723, 3.342, 3.08, 3.388, 3.225, 3.26, 3.128, 3.734, 5.942, 6.036, 5.718, 7.05, 7.691, 7.224, 7.711], [7.908, 8.95, 9.73, 10.087, 10.184, 10.028, 10.001, 10.564, 10.7, 11.027, 10.757, 9.966, 10.582, 12.216, 13.037, 12.163, 11.895, 12.193, 13.011, 13.007, 12.905, 12.219, 11.6, 10.348, 8.718, 7.974, 7.207, 6.991, 6.33, 6.243, 5.878, 5.285, 5.304, 5.477, 5.442, 5.407, 5.542, 5.752, 5.931, 6.154, 6.136, 5.62, 5.889, 5.939, 5.083, 3.011, 3.092, 3.355, 3.122, 2.955, 2.768, 2.648, 2.393, 2.459, 2.106, 1.988, 1.927, 1.537, 1.066, 0.0, 1.249, 1.821, 1.873, 1.359, 1.213, 1.716, 2.488, 2.982, 3.198, 3.19, 3.293, 3.663, 3.36, 2.937, 3.191, 3.094, 3.134, 3.057, 3.942, 5.914, 5.992, 5.688, 7.045, 7.722, 7.258, 7.735], [7.601, 8.56, 9.283, 9.659, 9.862, 9.72, 9.782, 10.21, 10.343, 10.502, 10.271, 9.465, 9.92, 11.505, 12.365, 11.496, 11.199, 11.524, 12.299, 12.316, 12.219, 11.515, 10.868, 9.724, 8.207, 7.564, 7.233, 7.08, 6.548, 6.456, 6.146, 5.805, 5.882, 6.069, 6.047, 5.956, 6.133, 6.29, 6.362, 6.526, 6.436, 6.13, 6.32, 6.375, 5.476, 3.49, 3.801, 3.965, 3.904, 3.506, 3.226, 3.008, 2.776, 2.912, 2.511, 2.393, 2.591, 2.085, 1.801, 1.249, 0.0, 1.111, 1.288, 1.032, 1.051, 1.416, 1.944, 2.426, 2.529, 2.586, 2.667, 3.022, 2.656, 2.243, 2.528, 2.437, 2.493, 2.426, 3.379, 5.287, 5.305, 5.127, 6.505, 7.204, 6.779, 7.236], [6.852, 7.748, 8.407, 8.776, 9.016, 8.89, 8.945, 9.352, 9.473, 9.633, 9.388, 8.584, 9.053, 10.646, 11.522, 10.643, 10.356, 10.654, 11.438, 11.483, 11.385, 10.666, 10.024, 8.849, 7.271, 6.847, 6.59, 6.553, 6.038, 5.912, 5.719, 5.744, 5.956, 6.056, 6.008, 6.009, 6.155, 6.226, 6.089, 6.264, 6.217, 5.923, 6.055, 6.066, 5.237, 3.671, 4.448, 4.521, 4.188, 3.42, 2.979, 2.791, 2.628, 2.868, 2.718, 3.032, 3.422, 2.608, 2.08, 1.821, 1.111, 0.0, 0.728, 1.216, 1.257, 1.04, 1.126, 1.414, 1.666, 1.787, 1.847, 2.161, 1.897, 1.707, 1.729, 1.725, 1.806, 1.816, 2.545, 4.419, 4.472, 4.267, 5.619, 6.317, 5.888, 6.323], [6.656, 7.608, 8.319, 8.711, 8.875, 8.773, 8.771, 9.262, 9.392, 9.556, 9.317, 8.513, 9.057, 10.633, 11.488, 10.578, 10.284, 10.552, 11.373, 11.441, 11.331, 10.583, 10.0, 8.838, 7.211, 6.697, 6.345, 6.345, 5.82, 5.684, 5.519, 5.521, 5.668, 5.834, 5.796, 5.76, 5.935, 6.017, 5.899, 6.072, 6.013, 5.725, 5.858, 5.877, 5.033, 3.654, 4.414, 4.556, 4.284, 3.352, 2.775, 2.6, 2.476, 2.642, 2.599, 2.971, 3.407, 2.639, 2.216, 1.873, 1.288, 0.728, 0.0, 1.113, 1.222, 0.911, 0.999, 1.445, 1.726, 1.75, 1.833, 2.091, 2.113, 1.856, 1.863, 1.894, 1.952, 1.848, 2.612, 4.373, 4.403, 4.196, 5.56, 6.257, 5.842, 6.268], [7.373, 8.407, 9.153, 9.508, 9.642, 9.497, 9.465, 10.022, 10.166, 10.49, 10.201, 9.421, 10.043, 11.629, 12.486, 11.58, 11.27, 11.542, 12.382, 12.411, 12.302, 11.598, 11.007, 9.81, 8.147, 7.432, 6.908, 6.835, 6.278, 6.135, 5.944, 5.785, 5.898, 6.065, 6.069, 6.032, 6.206, 6.289, 6.193, 6.36, 6.258, 5.976, 6.148, 6.198, 5.304, 3.439, 3.806, 4.003, 3.909, 3.367, 3.003, 2.802, 2.709, 2.832, 2.51, 2.394, 2.645, 1.914, 1.625, 1.359, 1.032, 1.216, 1.113, 0.0, 0.678, 1.229, 1.818, 2.396, 2.596, 2.538, 2.555, 3.084, 2.667, 2.186, 2.52, 2.433, 2.53, 2.434, 3.329, 5.343, 5.38, 5.077, 6.465, 7.155, 6.708, 7.15], [7.469, 8.501, 9.258, 9.633, 9.792, 9.689, 9.629, 10.195, 10.323, 10.553, 10.268, 9.486, 10.105, 11.689, 12.546, 11.639, 11.329, 11.597, 12.426, 12.439, 12.341, 11.657, 11.066, 9.871, 8.216, 7.558, 7.002, 6.855, 6.197, 6.034, 5.789, 5.701, 5.815, 5.944, 5.947, 5.95, 6.115, 6.166, 5.992, 6.162, 6.137, 5.8, 5.938, 5.989, 5.129, 3.36, 3.734, 3.934, 3.764, 3.232, 2.832, 2.651, 2.581, 2.747, 2.389, 2.453, 2.65, 1.892, 1.404, 1.213, 1.051, 1.257, 1.222, 0.678, 0.0, 1.179, 1.85, 2.43, 2.551, 2.523, 2.511, 3.083, 2.652, 2.265, 2.579, 2.503, 2.621, 2.494, 3.267, 5.383, 5.428, 5.143, 6.528, 7.224, 6.817, 7.257], [6.601, 7.612, 8.398, 8.783, 8.906, 8.774, 8.747, 9.282, 9.411, 9.633, 9.397, 8.592, 9.15, 10.707, 11.563, 10.689, 10.392, 10.657, 11.471, 11.529, 11.431, 10.701, 10.128, 8.943, 7.323, 6.706, 6.188, 6.136, 5.557, 5.393, 5.22, 5.219, 5.363, 5.413, 5.385, 5.446, 5.549, 5.569, 5.495, 5.661, 5.559, 5.266, 5.444, 5.5, 4.671, 3.423, 4.193, 4.28, 3.971, 3.022, 2.402, 2.114, 2.132, 2.4, 2.288, 2.765, 3.179, 2.406, 1.969, 1.716, 1.416, 1.04, 0.911, 1.229, 1.179, 0.0, 1.194, 1.587, 1.896, 1.83, 2.005, 2.314, 2.174, 1.946, 1.826, 1.849, 1.888, 1.849, 2.686, 4.475, 4.525, 4.29, 5.674, 6.366, 5.937, 6.366], [6.137, 6.962, 7.605, 7.981, 8.223, 8.097, 8.169, 8.558, 8.631, 8.812, 8.555, 7.764, 8.27, 9.87, 10.74, 9.888, 9.604, 9.902, 10.686, 10.729, 10.63, 9.913, 9.27, 8.072, 6.479, 6.113, 5.854, 5.803, 5.293, 5.181, 5.009, 5.476, 5.7