[[0.0, 0.879, 1.261, 1.23, 1.05, 1.157, 2.026, 2.211, 2.789, 3.044, 1.932, 1.841, 1.94, 1.842, 1.826, 2.408, 1.677, 1.874, 1.713, 1.983, 2.352, 1.736, 1.301, 1.67, 1.91, 1.982, 2.15, 3.425, 3.883, 3.694, 3.476, 3.169, 3.122, 3.091, 2.775, 2.813, 3.166, 3.211, 3.384, 3.033, 3.195, 3.139, 3.334, 3.934, 3.316, 2.427, 2.727, 3.389, 4.013, 3.577, 3.531, 3.623, 4.196, 3.789, 4.019, 5.288, 5.102, 5.424, 5.915, 5.949, 5.492, 4.482, 3.705, 3.372, 3.998, 4.04, 4.188, 4.454, 4.559, 4.358, 4.521, 5.641, 6.238, 5.907, 5.605, 6.333, 6.711, 6.644, 6.8, 6.599, 6.545, 6.75, 6.763, 7.468, 7.179, 8.017], [0.879, 0.0, 0.701, 0.955, 0.937, 1.231, 2.086, 2.039, 2.401, 2.581, 1.927, 2.233, 2.383, 2.125, 2.421, 3.044, 2.153, 2.134, 1.854, 1.837, 2.1, 1.614, 1.35, 1.613, 1.892, 2.235, 2.686, 4.062, 4.504, 4.281, 3.964, 3.672, 3.529, 3.466, 3.277, 3.297, 3.657, 3.758, 3.865, 3.546, 3.545, 3.558, 3.878, 4.553, 3.873, 2.843, 3.161, 3.771, 4.446, 3.828, 3.714, 3.874, 4.662, 4.288, 4.577, 5.783, 5.598, 5.988, 6.525, 6.55, 5.878, 4.693, 3.768, 3.401, 3.83, 4.033, 4.171, 4.315, 4.481, 4.365, 4.433, 5.367, 5.966, 5.632, 5.371, 6.103, 6.444, 6.402, 6.584, 6.34, 6.334, 6.479, 6.644, 7.286, 6.94, 7.729], [1.261, 0.701, 0.0, 0.796, 1.105, 1.495, 2.357, 2.272, 2.45, 2.461, 2.088, 2.565, 2.749, 2.487, 2.746, 3.453, 2.387, 2.385, 2.131, 1.94, 2.217, 1.71, 1.547, 1.875, 2.241, 2.636, 3.165, 4.498, 5.002, 4.746, 4.434, 4.137, 4.009, 3.916, 3.731, 3.737, 4.1, 4.184, 4.256, 3.915, 3.93, 3.922, 4.296, 5.025, 4.282, 3.28, 3.567, 4.226, 4.844, 4.188, 4.092, 4.221, 5.056, 4.743, 4.991, 6.193, 6.045, 6.429, 6.964, 7.003, 6.27, 5.033, 3.958, 3.644, 4.041, 4.158, 4.408, 4.519, 4.712, 4.616, 4.652, 5.505, 6.07, 5.737, 5.533, 6.218, 6.556, 6.497, 6.776, 6.53, 6.531, 6.593, 6.721, 7.336, 7.024, 7.789], [1.23, 0.955, 0.796, 0.0, 0.848, 1.417, 2.219, 2.09, 2.207, 2.253, 1.852, 2.235, 2.453, 2.192, 2.457, 3.297, 2.265, 2.285, 2.086, 1.868, 2.087, 1.659, 1.393, 1.935, 2.212, 2.598, 3.136, 4.391, 4.884, 4.621, 4.349, 4.08, 3.965, 3.813, 3.606, 3.608, 3.988, 4.075, 4.135, 3.777, 3.849, 3.768, 4.173, 4.907, 4.205, 3.214, 3.453, 4.153, 4.733, 4.121, 3.956, 4.136, 4.956, 4.658, 4.855, 6.108, 5.984, 6.321, 6.863, 6.909, 6.185, 4.944, 3.938, 3.578, 3.919, 3.963, 4.292, 4.532, 4.643, 4.494, 4.531, 5.497, 5.978, 5.657, 5.525, 6.16, 6.426, 6.385, 6.734, 6.485, 6.479, 6.517, 6.508, 6.982, 6.785, 7.45], [1.05, 0.937, 1.105, 0.848, 0.0, 1.014, 1.685, 1.684, 2.081, 2.56, 1.884, 1.921, 2.031, 1.805, 2.133, 2.814, 2.009, 1.988, 1.801, 1.802, 1.733, 1.214, 1.01, 1.53, 1.725, 2.156, 2.705, 3.939, 4.405, 4.142, 3.892, 3.627, 3.517, 3.445, 3.192, 3.159, 3.537, 3.627, 3.694, 3.338, 3.368, 3.318, 3.688, 4.437, 3.718, 2.78, 2.994, 3.681, 4.254, 3.666, 3.518, 3.679, 4.505, 4.229, 4.425, 5.659, 5.523, 5.879, 6.429, 6.463, 5.696, 4.561, 3.774, 3.395, 3.471, 3.639, 3.931, 4.159, 4.329, 4.116, 4.201, 5.032, 5.547, 5.21, 5.084, 5.708, 6.014, 5.952, 6.289, 6.043, 6.058, 6.037, 6.112, 6.716, 6.437, 7.235], [1.157, 1.231, 1.495, 1.417, 1.014, 0.0, 1.189, 1.602, 2.526, 2.892, 1.966, 2.108, 2.092, 1.864, 2.001, 2.482, 1.688, 1.751, 1.553, 1.98, 2.068, 1.564, 1.327, 1.38, 1.55, 1.845, 2.182, 3.569, 4.052, 3.844, 3.46, 3.21, 3.123, 3.123, 2.886, 2.821, 3.143, 3.191, 3.295, 2.958, 2.932, 2.983, 3.389, 4.106, 3.336, 2.342, 2.592, 3.254, 3.836, 3.267, 3.272, 3.374, 4.086, 3.813, 4.055, 5.278, 5.073, 5.441, 6.072, 6.091, 5.293, 4.337, 3.707, 3.489, 3.73, 3.748, 3.863, 4.095, 4.282, 4.09, 4.195, 4.975, 5.457, 5.12, 5.004, 5.58, 5.92, 5.853, 6.217, 5.999, 5.999, 5.969, 6.173, 7.06, 6.58, 7.679], [2.026, 2.086, 2.357, 2.219, 1.685, 1.189, 0.0, 1.183, 2.582, 3.272, 2.299, 2.245, 2.164, 2.007, 2.207, 2.462, 1.699, 1.926, 1.981, 2.5, 2.071, 1.771, 1.846, 2.144, 1.897, 1.887, 2.185, 3.448, 3.974, 3.574, 3.07, 2.853, 2.785, 2.842, 2.67, 2.647, 2.832, 2.947, 3.024, 2.744, 2.651, 2.732, 3.275, 4.125, 3.495, 2.275, 2.208, 2.712, 3.453, 2.843, 2.736, 3.038, 3.768, 3.64, 3.778, 5.038, 4.906, 5.152, 5.786, 5.84, 4.74, 3.912, 3.962, 3.862, 3.718, 3.726, 3.85, 4.082, 4.279, 4.056, 3.925, 4.726, 5.09, 4.77, 4.748, 5.243, 5.478, 5.48, 5.974, 5.796, 5.756, 5.572, 5.835, 6.661, 6.127, 7.423], [2.211, 2.039, 2.272, 2.09, 1.684, 1.602, 1.183, 0.0, 1.788, 2.559, 1.952, 2.518, 2.586, 2.409, 2.836, 3.323, 2.371, 2.187, 2.176, 2.383, 1.931, 1.439, 1.812, 2.201, 2.122, 2.421, 3.16, 4.305, 4.973, 4.419, 3.827, 3.618, 3.698, 3.68, 3.562, 3.484, 3.728, 3.759, 3.826, 3.677, 3.489, 3.436, 4.14, 4.971, 4.222, 3.144, 2.962, 3.451, 4.224, 3.66, 3.332, 3.703, 4.704, 4.56, 4.667, 5.744, 5.611, 5.912, 6.517, 6.596, 5.384, 4.286, 4.084, 3.864, 3.547, 3.637, 3.95, 4.172, 4.293, 4.115, 3.954, 4.675, 4.989, 4.71, 4.666, 5.061, 5.336, 5.375, 5.883, 5.65, 5.665, 5.439, 5.398, 5.884, 5.484, 6.634], [2.789, 2.401, 2.45, 2.207, 2.081, 2.526, 2.582, 1.788, 0.0, 1.226, 1.878, 3.17, 3.487, 3.305, 3.801, 4.471, 3.358, 2.858, 2.65, 1.855, 1.719, 2.125, 2.334, 2.689, 2.942, 3.231, 4.166, 5.584, 6.046, 5.967, 5.531, 5.3, 5.096, 4.925, 4.745, 4.682, 5.079, 5.153, 5.252, 4.922, 4.774, 4.902, 5.257, 5.963, 5.114, 4.162, 4.259, 4.832, 5.769, 5.087, 4.627, 5.14, 6.139, 5.849, 6.117, 7.39, 7.116, 7.263, 7.921, 7.953, 6.555, 4.635, 3.929, 3.595, 3.479, 3.581, 3.935, 3.967, 4.261, 4.098, 4.313, 4.889, 5.25, 4.913, 4.93, 5.206, 5.681, 5.622, 6.075, 5.965, 5.917, 5.693, 5.089, 5.409, 5.469, 5.914], [3.044, 2.581, 2.461, 2.253, 2.56, 2.892, 3.272, 2.559, 1.226, 0.0, 1.938, 3.559, 4.042, 3.748, 4.305, 4.946, 3.696, 3.179, 2.802, 2.04, 2.046, 2.76, 2.879, 3.029, 3.556, 3.85, 4.677, 6.106, 6.416, 6.543, 6.196, 5.946, 5.751, 5.593, 5.316, 5.317, 5.777, 5.859, 5.922, 5.596, 5.421, 5.593, 5.87, 6.375, 5.49, 4.642, 4.858, 5.541, 6.453, 5.787, 5.422, 5.86, 6.828, 6.512, 6.814, 8.08, 7.74, 7.825, 8.497, 8.476, 7.122, 5.439, 4.433, 3.904, 4.005, 4.144, 4.412, 4.299, 4.686, 4.633, 4.935, 5.425, 5.769, 5.405, 5.464, 5.625, 6.208, 6.13, 6.568, 6.518, 6.46, 6.145, 5.422, 5.717, 5.815, 6.11], [1.932, 1.927, 2.088, 1.852, 1.884, 1.966, 2.299, 1.952, 1.878, 1.938, 0.0, 1.85, 2.373, 2.099, 2.609, 3.349, 2.643, 2.689, 2.562, 2.615, 2.629, 2.41, 2.129, 2.384, 2.7, 2.936, 3.217, 4.479, 4.921, 4.996, 4.556, 4.41, 4.248, 4.101, 3.834, 3.913, 4.261, 4.442, 4.552, 4.27, 4.241, 4.299, 4.671, 5.183, 4.464, 3.473, 3.854, 4.69, 5.242, 4.702, 4.441, 4.603, 5.37, 5.007, 5.293, 6.535, 6.249, 6.823, 7.29, 7.368, 6.628, 5.389, 4.695, 4.393, 4.675, 4.818, 5.049, 5.093, 5.417, 5.271, 5.458, 6.22, 6.614, 6.295, 6.283, 6.569, 7.013, 6.985, 7.402, 7.256, 7.251, 7.085, 6.571, 6.73, 6.87, 7.179], [1.841, 2.233, 2.565, 2.235, 1.921, 2.108, 2.245, 2.518, 3.17, 3.559, 1.85, 0.0, 0.748, 0.993, 1.265, 1.946, 2.171, 2.671, 2.783, 3.272, 3.289, 2.779, 2.247, 2.888, 2.879, 2.804, 2.642, 2.9, 3.253, 3.259, 3.517, 3.415, 3.172, 3.172, 3.006, 3.057, 3.187, 3.491, 3.765, 3.466, 3.602, 3.566, 3.638, 3.946, 3.734, 2.824, 3.104, 3.854, 4.424, 4.039, 4.027, 4.156, 4.498, 4.019, 4.09, 5.432, 5.251, 5.809, 6.123, 6.252, 6.064, 5.246, 4.866, 4.815, 4.931, 4.986, 5.266, 5.476, 5.711, 5.433, 5.641, 6.596, 7.108, 6.781, 6.602, 7.145, 7.527, 7.498, 7.778, 7.577, 7.578, 7.633, 7.425, 7.771, 7.682, 8.251], [1.94, 2.383, 2.749, 2.453, 2.031, 2.092, 2.164, 2.586, 3.487, 4.042, 2.373, 0.748, 0.0, 0.813, 1.015, 1.654, 2.139, 2.696, 2.91, 3.455, 3.374, 2.613, 2.292, 2.932, 2.933, 2.87, 2.604, 2.512, 2.873, 2.847, 3.162, 3.086, 2.894, 2.93, 2.83, 2.887, 2.9, 3.213, 3.513, 3.178, 3.399, 3.306, 3.376, 3.718, 3.586, 2.701, 2.898, 3.552, 4.125, 3.768, 3.766, 3.935, 4.267, 3.812, 3.789, 5.105, 5.014, 5.544, 5.875, 6.052, 5.882, 5.115, 4.949, 4.979, 4.833, 4.953, 5.304, 5.463, 5.636, 5.353, 5.491, 6.414, 6.924, 6.592, 6.462, 7.005, 7.344, 7.31, 7.643, 7.414, 7.414, 7.445, 7.425, 7.936, 7.679, 8.573], [1.842, 2.125, 2.487, 2.192, 1.805, 1.864, 2.007, 2.409, 3.305, 3.748, 2.099, 0.993, 0.813, 0.0, 0.965, 1.869, 2.278, 2.756, 2.811, 3.233, 2.937, 2.509, 2.085, 2.634, 2.735, 2.788, 2.6, 2.933, 3.357, 3.097, 3.193, 3.144, 2.993, 3.087, 2.959, 3.042, 3.044, 3.344, 3.532, 3.316, 3.384, 3.328, 3.552, 3.923, 3.651, 2.76, 2.966, 3.678, 4.183, 3.74, 3.798, 3.946, 4.19, 3.753, 3.881, 5.105, 5.027, 5.618, 5.972, 6.13, 5.875, 5.146, 4.975, 4.862, 4.693, 4.849, 5.219, 5.506, 5.653, 5.304, 5.4, 6.306, 6.706, 6.381, 6.348, 6.709, 7.102, 7.081, 7.493, 7.287, 7.338, 7.2, 7.304, 7.814, 7.41, 8.262], [1.826, 2.421, 2.746, 2.457, 2.133, 2.001, 2.207, 2.836, 3.801, 4.305, 2.609, 1.265, 1.015, 0.965, 0.0, 1.419, 1.961, 2.443, 2.705, 3.409, 3.3, 2.795, 2.115, 2.707, 2.753, 2.63, 2.228, 2.43, 2.794, 2.684, 2.771, 2.637, 2.569, 2.654, 2.435, 2.52, 2.66, 2.895, 3.071, 2.751, 2.948, 2.901, 2.988, 3.376, 3.079, 2.246, 2.584, 3.212, 3.733, 3.375, 3.423, 3.592, 3.799, 3.345, 3.473, 4.691, 4.607, 5.117, 5.504, 5.643, 5.449, 4.812, 4.562, 4.647, 4.847, 4.834, 5.154, 5.481, 5.583, 5.248, 5.361, 6.421, 6.93, 6.6, 6.442, 7.038, 7.364, 7.324, 7.613, 7.401, 7.388, 7.454, 7.519, 8.248, 7.842, 8.772], [2.408, 3.044, 3.453, 3.297, 2.814, 2.482, 2.462, 3.323, 4.471, 4.946, 3.349, 1.946, 1.654, 1.869, 1.419, 0.0, 1.68, 2.301, 2.761, 3.822, 3.929, 3.179, 2.628, 2.91, 2.884, 2.506, 2.041, 1.791, 2.008, 2.047, 2.099, 1.944, 1.796, 1.872, 1.796, 1.832, 1.995, 2.355, 2.31, 2.16, 2.164, 2.107, 2.105, 2.417, 2.352, 1.692, 1.957, 2.481, 2.965, 2.71, 2.824, 2.988, 3.208, 2.816, 2.813, 3.952, 3.669, 4.265, 4.613, 4.75, 4.503, 4.036, 4.334, 4.685, 5.16, 4.876, 4.901, 5.109, 5.163, 4.89, 5.054, 6.195, 6.803, 6.484, 6.159, 6.869, 7.292, 7.204, 7.344, 7.162, 7.102, 7.305, 7.872, 8.866, 8.447, 9.575], [1.677, 2.153, 2.387, 2.265, 2.009, 1.688, 1.699, 2.371, 3.358, 3.696, 2.643, 2.171, 2.139, 2.278, 1.961, 1.68, 0.0, 0.984, 1.369, 2.445, 2.805, 2.21, 1.772, 2.078, 1.948, 1.629, 1.868, 2.728, 3.103, 3.324, 2.945, 2.577, 2.444, 2.296, 2.152, 2.189, 2.481, 2.563, 2.591, 2.33, 2.252, 2.315, 2.581, 3.187, 2.498, 1.767, 1.939, 2.643, 3.302, 2.718, 2.59, 2.719, 3.479, 3.197, 3.335, 4.597, 4.268, 4.675, 5.217, 5.277, 4.367, 3.553, 3.29, 3.622, 4.201, 3.895, 3.838, 4.012, 4.166, 4.003, 4.227, 5.345, 5.904, 5.579, 5.321, 5.978, 6.359, 6.311, 6.507, 6.323, 6.271, 6.435, 6.727, 7.747, 7.3, 8.417], [1.874, 2.134, 2.385, 2.285, 1.988, 1.751, 1.926, 2.187, 2.858, 3.179, 2.689, 2.671, 2.696, 2.756, 2.443, 2.301, 0.984, 0.0, 0.711, 1.798, 2.268, 2.063, 1.689, 1.95, 1.866, 1.491, 2.316, 3.37, 3.749, 3.954, 3.427, 3.122, 2.97, 2.782, 2.523, 2.509, 2.932, 3.023, 3.092, 2.773, 2.661, 2.799, 3.114, 3.689, 2.786, 2.069, 2.287, 2.895, 3.724, 3.088, 2.775, 2.965, 3.931, 3.654, 3.929, 5.194, 4.858, 5.026, 5.727, 5.709, 4.355, 3.22, 2.778, 3.051, 3.739, 3.364, 3.366, 3.592, 3.79, 3.612, 3.886, 5.009, 5.563, 5.228, 4.987, 5.632, 6.034, 5.965, 6.172, 5.987, 5.933, 6.086, 6.405, 7.398, 6.969, 7.959], [1.713, 1.854, 2.131, 2.086, 1.801, 1.553, 1.981, 2.176, 2.65, 2.802, 2.562, 2.783, 2.91, 2.811, 2.705, 2.761, 1.369, 0.711, 0.0, 1.374, 2.05, 1.976, 1.644, 1.701, 1.762, 1.679, 2.496, 3.769, 4.159, 4.252, 3.86, 3.545, 3.368, 3.21, 2.913, 2.901, 3.36, 3.44, 3.526, 3.207, 3.046, 3.23, 3.53, 4.068, 3.157, 2.367, 2.547, 3.233, 4.113, 3.467, 3.143, 3.395, 4.372, 4.075, 4.373, 5.637, 5.315, 5.403, 6.107, 6.052, 4.596, 3.516, 2.867, 2.85, 3.538, 3.255, 3.301, 3.422, 3.757, 3.62, 3.898, 4.935, 5.505, 5.176, 4.912, 5.576, 6.007, 5.909, 6.097, 5.913, 5.863, 6.023, 6.28, 7.277, 6.855, 7.814], [1.983, 1.837, 1.94, 1.868, 1.802, 1.98, 2.5, 2.383, 1.855, 2.04, 2.615, 3.272, 3.455, 3.233, 3.409, 3.822, 2.445, 1.798, 1.374, 0.0, 1.287, 1.789, 1.69, 1.931, 2.358, 2.5, 3.474, 4.902, 5.267, 5.309, 4.934, 4.639, 4.438, 4.247, 3.944, 3.936, 4.432, 4.477, 4.6, 4.278, 4.115, 4.298, 4.636, 5.207, 4.291, 3.371, 3.545, 4.212, 5.16, 4.51, 4.037, 4.469, 5.459, 5.175, 5.463, 6.716, 6.405, 6.432, 7.137, 7.156, 5.565, 3.795, 2.835, 2.416, 2.818, 2.77, 3.047, 3.039, 3.359, 3.301, 3.57, 4.443, 4.94, 4.6, 4.427, 4.942, 5.376, 5.321, 5.62, 5.425, 5.409, 5.447, 5.464, 6.268, 5.933, 6.743], [2.352, 2.1, 2.217, 2.087, 1.733, 2.068, 2.071, 1.931, 1.719, 2.046, 2.629, 3.289, 3.374, 2.937, 3.3, 3.929, 2.805, 2.268, 2.05, 1.287, 0.0, 1.248, 1.457, 2.008, 2.303, 2.713, 3.701, 4.948, 5.474, 5.085, 4.677, 4.353, 4.363, 4.254, 4.023, 3.932, 4.305, 4.226, 4.373, 4.185, 3.954, 4.095, 4.661, 5.409, 4.462, 3.456, 3.328, 4.025, 4.902, 4.31, 3.934, 4.205, 5.146, 4.935, 5.137, 6.47, 6.26, 6.254, 6.932, 6.981, 5.607, 3.906, 3.31, 2.868, 2.54, 2.692, 3.121, 3.293, 3.588, 3.362, 3.48, 4.004, 4.312, 3.989, 3.918, 4.437, 4.718, 4.678, 5.085, 5.013, 4.944, 4.765, 4.972, 5.609, 5.239, 6.097], [1.736, 1.614, 1.71, 1.659, 1.214, 1.564, 1.771, 1.439, 2.125, 2.76, 2.41, 2.779, 2.613, 2.509, 2.795, 3.179, 2.21, 2.063, 1.976, 1.789, 1.248, 0.0, 0.994, 1.641, 1.853, 2.381, 3.127, 4.163, 4.785, 4.138, 3.836, 3.441, 3.597, 3.474, 3.377, 3.295, 3.513, 3.483, 3.572, 3.418, 3.258, 3.209, 3.899, 4.715, 3.895, 2.961, 2.843, 3.458, 4.055, 3.605, 3.284, 3.396, 4.394, 4.206, 4.268, 5.557, 5.41, 5.608, 6.196, 6.251, 5.266, 3.943, 3.603, 3.261, 2.876, 3.065, 3.418, 3.642, 3.827, 3.628, 3.515, 4.22, 4.613, 4.364, 4.23, 4.919, 5.148, 5.07, 5.388, 5.245, 5.213, 5.126, 5.546, 6.05, 5.718, 6.815], [1.301, 1.35, 1.547, 1.393, 1.01, 1.327, 1.846, 1.812, 2.334, 2.879, 2.129, 2.247, 2.292, 2.085, 2.115, 2.628, 1.772, 1.689, 1.644, 1.69, 1.457, 0.994, 0.0, 1.236, 1.533, 1.987, 2.59, 3.66, 4.201, 3.975, 3.595, 3.264, 3.218, 3.164, 2.947, 2.903, 3.174, 3.189, 3.267, 3.036, 2.959, 2.977, 3.508, 4.207, 3.503, 2.487, 2.604, 3.417, 3.999, 3.432, 3.145, 3.282, 4.124, 3.81, 4.001, 5.288, 5.094, 5.479, 5.994, 6.048, 5.327, 3.929, 3.311, 2.999, 2.965, 3.042, 3.332, 3.668, 3.802, 3.569, 3.646, 4.612, 5.19, 4.856, 4.575, 5.343, 5.669, 5.596, 5.768, 5.581, 5.549, 5.696, 5.898, 6.619, 6.242, 7.101], [1.67, 1.613, 1.875, 1.935, 1.53, 1.38, 2.144, 2.201, 2.689, 3.029, 2.384, 2.888, 2.932, 2.634, 2.707, 2.91, 2.078, 1.95, 1.701, 1.931, 2.008, 1.641, 1.236, 0.0, 1.205, 1.485, 1.959, 3.685, 4.034, 3.916, 3.322, 3.153, 2.928, 2.933, 2.701, 2.655, 2.949, 3.057, 3.167, 2.875, 2.798, 2.863, 3.426, 4.072, 3.242, 2.326, 2.505, 3.283, 3.83, 3.148, 2.903, 3.002, 3.884, 3.594, 3.921, 5.128, 4.969, 5.427, 6.021, 6.066, 5.192, 3.758, 2.952, 2.58, 3.231, 3.415, 3.282, 3.315, 3.449, 3.204, 3.365, 4.474, 5.089, 4.8, 4.48, 5.145, 5.634, 5.466, 5.496, 5.31, 5.114, 5.561, 6.199, 7.055, 6.539, 7.564], [1.91, 1.892, 2.241, 2.212, 1.725, 1.55, 1.897, 2.122, 2.942, 3.556, 2.7, 2.879, 2.933, 2.735, 2.753, 2.884, 1.948, 1.866, 1.762, 2.358, 2.303, 1.853, 1.533, 1.205, 0.0, 1.022, 1.778, 3.432, 3.819, 3.671, 2.884, 2.8, 2.557, 2.512, 2.392, 2.269, 2.468, 2.53, 2.651, 2.298, 2.237, 2.518, 3.16, 3.821, 3.148, 2.37, 2.218, 2.667, 3.171, 2.53, 2.417, 2.441, 3.368, 3.078, 3.407, 4.697, 4.58, 4.862, 5.507, 5.565, 4.46, 3.304, 2.683, 2.656, 3.353, 3.386, 3.328, 3.491, 3.467, 3.28, 3.253, 4.368, 4.979, 4.787, 4.403, 5.068, 5.503, 5.314, 5.277, 5.089, 4.939, 5.408, 6.432, 7.189, 6.692, 7.724], [1.982, 2.235, 2.636, 2.598, 2.156, 1.845, 1.887, 2.421, 3.231, 3.85, 2.936, 2.804, 2.87, 2.788, 2.63, 2.506, 1.629, 1.491, 1.679, 2.5, 2.713, 2.381, 1.987, 1.485, 1.022, 0.0, 1.325, 2.975, 3.315, 3.396, 2.636, 2.476, 2.189, 2.142, 1.967, 1.906, 2.183, 2.256, 2.325, 1.96, 1.859, 2.06, 2.668, 3.3, 2.619, 1.807, 1.861, 2.272, 2.901, 2.207, 1.939, 2.215, 3.104, 2.811, 3.123, 4.374, 4.156, 4.559, 5.193, 5.239, 3.982, 2.873, 2.456, 2.555, 3.704, 3.618, 3.367, 3.497, 3.388, 3.151, 3.301, 4.707, 5.331, 5.138, 4.722, 5.3, 5.864, 5.668, 5.582, 5.385, 5.167, 5.752, 6.683, 7.592, 7.099, 8.161], [2.15, 2.686, 3.165, 3.136, 2.705, 2.182, 2.185, 3.16, 4.166, 4.677, 3.217, 2.642, 2.604, 2.6, 2.228, 2.041, 1.868, 2.316, 2.496, 3.474, 3.701, 3.127, 2.59, 1.959, 1.778, 1.325, 0.0, 2.069, 2.353, 2.299, 1.782, 1.759, 1.53, 1.581, 1.281, 1.384, 1.588, 1.809, 1.979, 1.527, 1.724, 1.974, 2.098, 2.625, 2.297, 1.604, 1.798, 2.105, 2.46, 2.005, 2.194, 2.195, 2.519, 2.127, 2.385, 3.589, 3.457, 3.864, 4.363, 4.453, 4.013, 3.419, 3.23, 3.513, 4.721, 4.62, 4.172, 4.281, 4.231, 3.777, 3.956, 5.337, 5.962, 5.795, 5.344, 5.962, 6.497, 6.303, 6.275, 6.087, 5.824, 6.395, 7.571, 8.546, 8.0, 9.183], [3.425, 4.062, 4.498, 4.391, 3.939, 3.569, 3.448, 4.305, 5.584, 6.106, 4.479, 2.9, 2.512, 2.933, 2.43, 1.791, 2.728, 3.37, 3.769, 4.902, 4.948, 4.163, 3.66, 3.685, 3.432, 2.975, 2.069, 0.0, 1.196, 1.598, 1.764, 2.02, 2.0, 2.119, 2.194, 2.386, 2.311, 2.517, 2.601, 2.334, 2.548, 2.719, 2.481, 2.737, 3.0, 2.568, 2.526, 2.758, 3.038, 2.81, 3.021, 2.986, 3.254, 2.782, 2.38, 3.483, 3.33, 3.588, 3.757, 3.961, 4.122, 4.445, 4.642, 5.254, 6.018, 5.838, 5.532, 5.624, 5.71, 5.101, 5.243, 6.203, 7.0, 6.941, 6.197, 6.745, 7.221, 6.967, 6.906, 6.764, 6.608, 7.332, 8.77, 9.833, 9.37, 10.575], [3.883, 4.504, 5.002, 4.884, 4.405, 4.052, 3.974, 4.973, 6.046, 6.416, 4.921, 3.253, 2.873, 3.357, 2.794, 2.008, 3.103, 3.749, 4.159, 5.267, 5.474, 4.785, 4.201, 4.034, 3.819, 3.315, 2.353, 1.196, 0.0, 1.781, 2.306, 2.503, 2.313, 2.409, 2.454, 2.573, 2.522, 2.706, 2.83, 2.475, 2.737, 2.987, 2.565, 2.69, 2.991, 2.766, 2.857, 2.903, 3.32, 3.1, 3.304, 3.212, 3.356, 2.938, 2.626, 3.991, 3.772, 4.035, 4.175, 4.34, 4.539, 4.471, 4.812, 5.487, 6.626, 6.403, 5.954, 6.018, 6.107, 5.632, 5.848, 7.048, 7.751, 7.665, 7.037, 7.548, 8.124, 7.949, 7.855, 7.634, 7.308, 8.198, 9.381, 10.486, 10.012, 11.163], [3.694, 4.281, 4.746, 4.621, 4.142, 3.844, 3.574, 4.419, 5.967, 6.543, 4.996, 3.259, 2.847, 3.097, 2.684, 2.047, 3.324, 3.954, 4.252, 5.309, 5.085, 4.138, 3.975, 3.916, 3.671, 3.396, 2.299, 1.598, 1.781, 0.0, 1.798, 1.737, 1.757, 1.914, 2.052, 1.965, 1.804, 2.052, 2.125, 2.277, 2.248, 2.204, 2.117, 2.446, 2.566, 2.754, 2.524, 2.204, 2.453, 2.412, 2.617, 2.557, 2.802, 2.475, 2.081, 3.369, 3.309, 3.435, 3.573, 3.74, 3.907, 3.956, 4.932, 5.488, 6.301, 6.117, 5.839, 6.123, 6.064, 5.549, 5.42, 6.654, 7.209, 7.102, 6.5, 7.333, 7.646, 7.497, 7.505, 7.339, 7.014, 7.556, 9.085, 9.972, 9.413, 10.836], [3.476, 3.964, 4.434, 4.349, 3.892, 3.46, 3.07, 3.827, 5.531, 6.196, 4.556, 3.517, 3.162, 3.193, 2.771, 2.099, 2.945, 3.427, 3.86, 4.934, 4.677, 3.836, 3.595, 3.322, 2.884, 2.636, 1.782, 1.764, 2.306, 1.798, 0.0, 0.893, 1.236, 1.525, 1.648, 1.782, 1.638, 1.761, 1.7, 1.61, 1.7, 1.815, 1.996, 2.477, 2.456, 2.039, 1.826, 1.707, 1.856, 1.971, 2.339, 2.158, 2.216, 2.079, 1.939, 2.668, 2.682, 2.949, 3.222, 3.346, 3.418, 3.842, 4.376, 4.955, 5.669, 5.505, 5.28, 5.588, 5.439, 4.862, 4.595, 5.695, 6.328, 6.286, 5.493, 6.228, 6.562, 6.347, 6.39, 6.16, 5.927, 6.563, 8.541, 9.361, 8.636, 10.192], [3.169, 3.672, 4.137, 4.08, 3.627, 3.21, 2.853, 3.618, 5.3, 5.946, 4.41, 3.415, 3.086, 3.144, 2.637, 1.944, 2.577, 3.122, 3.545, 4.639, 4.353, 3.441, 3.264, 3.153, 2.8, 2.476, 1.759, 2.02, 2.503, 1.737, 0.893, 0.0, 1.031, 1.303, 1.31, 1.407, 1.424, 1.42, 1.327, 1.384, 1.312, 1.323, 1.552, 2.058, 1.828, 1.616, 1.42, 1.379, 1.729, 1.798, 2.076, 1.899, 2.102, 1.955, 1.88, 2.726, 2.685, 2.945, 3.282, 3.348, 3.488, 3.474, 4.129, 4.687, 5.391, 5.243, 5.115, 5.364, 5.169, 4.722, 4.593, 5.87, 6.409, 6.332, 5.716, 6.47, 6.8, 6.655, 6.659, 6.469, 6.188, 6.694, 8.295, 9.058, 8.485, 9.939], [3.122, 3.529, 4.009, 3.965, 3.517, 3.123, 2.785, 3.698, 5.096, 5.751, 4.248, 3.172, 2.894, 2.993, 2.569, 1.796, 2.444, 2.97, 3.368, 4.438, 4.363, 3.597, 3.218, 2.928, 2.557, 2.189, 1.53, 2.0, 2.313, 1.757, 1.236, 1.031, 0.0, 0.778, 0.977, 0.982, 0.868, 1.252, 1.24, 1.181, 1.168, 1.272, 1.498, 1.908, 1.834, 1.534, 1.478, 1.415, 1.746, 1.545, 1.822, 1.727, 1.809, 1.593, 1.748, 2.784, 2.745, 3.141, 3.433, 3.659, 3.498, 3.277, 3.914, 4.489, 5.322, 5.272, 4.985, 5.146, 5.05, 4.545, 4.474, 5.809, 6.475, 6.31, 5.942, 6.542, 6.934, 6.796, 6.827, 6.577, 6.387, 6.901, 8.233, 9.079, 8.485, 9.81], [3.091, 3.466, 3.916, 3.813, 3.445, 3.123, 2.842, 3.68, 4.925, 5.593, 4.101, 3.172, 2.93, 3.087, 2.654, 1.872, 2.296, 2.782, 3.21, 4.247, 4.254, 3.474, 3.164, 2.933, 2.512, 2.142, 1.581, 2.119, 2.409, 1.914, 1.525, 1.303, 0.778, 0.0, 0.687, 0.882, 1.07, 1.468, 1.491, 1.284, 1.266, 1.32, 1.651, 2.143, 1.972, 1.562, 1.468, 1.593, 1.907, 1.657, 1.837, 1.712, 1.964, 1.782, 1.914, 2.955, 2.895, 3.261, 3.634, 3.874, 3.562, 3.157, 3.723, 4.289, 5.218, 5.122, 4.784, 4.971, 4.914, 4.416, 4.418, 5.721, 6.338, 6.218, 5.742, 6.514, 6.866, 6.718, 6.719, 6.491, 6.275, 6.773, 8.101, 8.931, 8.462, 9.723], [2.775, 3.277, 3.731, 3.606, 3.192, 2.886, 2.67, 3.562, 4.745, 5.316, 3.834, 3.006, 2.83, 2.959, 2.435, 1.796, 2.152, 2.523, 2.913, 3.944, 4.023, 3.377, 2.947, 2.701, 2.392, 1.967, 1.281, 2.194, 2.454, 2.052, 1.648, 1.31, 0.977, 0.687, 0.0, 0.575, 1.018, 1.37, 1.41, 1.086, 1.286, 1.339, 1.699, 2.225, 1.897, 1.31, 1.288, 1.558, 1.977, 1.686, 1.848, 1.748, 1.926, 1.703, 1.897, 3.024, 2.996, 3.358, 3.837, 3.997, 3.514, 3.032, 3.484, 3.978, 4.992, 4.901, 4.531, 4.74, 4.764, 4.321, 4.309, 5.666, 6.275, 6.096, 5.683, 6.435, 6.823, 6.655, 6.656, 6.43, 6.224, 6.716, 7.876, 8.727, 8.261, 9.47], [2.813, 3.297, 3.737, 3.608, 3.159, 2.821, 2.647, 3.484, 4.682, 5.317, 3.913, 3.057, 2.887, 3.042, 2.52, 1.832, 2.189, 2.509, 2.901, 3.936, 3.932, 3.295, 2.903, 2.655, 2.269, 1.906, 1.384, 2.386, 2.573, 1.965, 1.782, 1.407, 0.982, 0.882, 0.575, 0.0, 0.786, 1.172, 1.262, 1.079, 1.225, 1.25, 1.672, 2.081, 1.731, 1.335, 1.329, 1.386, 1.823, 1.584, 1.733, 1.64, 1.857, 1.623, 1.89, 3.018, 2.952, 3.252, 3.767, 3.906, 3.393, 2.889, 3.405, 3.877, 4.971, 4.852, 4.489, 4.791, 4.746, 4.385, 4.366, 5.799, 6.4, 6.188, 5.768, 6.572, 6.952, 6.774, 6.76, 6.563, 6.25, 6.83, 7.87, 8.706, 8.244, 9.426], [3.166, 3.657, 4.1, 3.988, 3.537, 3.143, 2.832, 3.728, 5.079, 5.777, 4.261, 3.187, 2.9, 3.044, 2.66, 1.995, 2.481, 2.932, 3.36, 4.432, 4.305, 3.513, 3.174, 2.949, 2.468, 2.183, 1.588, 2.311, 2.522, 1.804, 1.638, 1.424, 0.868, 1.07, 1.018, 0.786, 0.0, 0.74, 1.004, 0.972, 1.149, 1.235, 1.678, 1.958, 1.813, 1.665, 1.541, 1.286, 1.55, 1.357, 1.568, 1.456, 1.61, 1.336, 1.48, 2.7, 2.638, 2.926, 3.339, 3.52, 3.201, 2.832, 3.593, 4.284, 5.244, 5.185, 4.93, 5.129, 5.002, 4.632, 4.516, 5.971, 6.56, 6.35, 5.99, 6.711, 7.113, 6.919, 6.877, 6.697, 6.369, 6.99, 8.171, 8.992, 8.464, 9.73], [3.211, 3.758, 4.184, 4.075, 3.627, 3.191, 2.947, 3.759, 5.153, 5.859, 4.442, 3.491, 3.213, 3.344, 2.895, 2.355, 2.563, 3.023, 3.44, 4.477, 4.226, 3.483, 3.189, 3.057, 2.53, 2.256, 1.809, 2.517, 2.706, 2.052, 1.761, 1.42, 1.252, 1.468, 1.37, 1.172, 0.74, 0.0, 0.675, 0.945, 1.216, 1.29, 1.78, 1.972, 1.782, 1.833, 1.614, 1.26, 1.281, 1.155, 1.528, 1.218, 1.375, 1.243, 1.315, 2.515, 2.396, 2.601, 3.092, 3.201, 2.841, 2.684, 3.444, 4.306, 5.223, 5.086, 4.936, 5.205, 5.079, 4.612, 4.599, 6.019, 6.563, 6.378, 5.814, 6.561, 6.98, 6.778, 6.723, 6.512, 6.12, 6.884, 8.233, 8.973, 8.408, 9.763], [3.384, 3.865, 4.256, 4.135, 3.694, 3.295, 3.024, 3.826, 5.252, 5.922, 4.552, 3.765, 3.513, 3.532, 3.071, 2.31, 2.591, 3.092, 3.526, 4.6, 4.373, 3.572, 3.267, 3.167, 2.651, 2.325, 1.979, 2.601, 2.83, 2.125, 1.7, 1.327, 1.24, 1.491, 1.41, 1.262, 1.004, 0.675, 0.0, 0.831, 0.932, 0.999, 1.513, 1.9, 1.567, 1.587, 1.454, 1.162, 0.981, 1.002, 1.392, 1.253, 1.389, 1.269, 1.429, 2.355, 2.19, 2.5, 2.976, 3.035, 2.55, 2.676, 3.552, 4.436, 5.336, 5.145, 5.026, 5.275, 5.144, 4.683, 4.682, 6.097, 6.668, 6.486, 5.901, 6.562, 7.065, 6.858, 6.799, 6.523, 6.175, 6.982, 8.308, 9.152, 8.557, 9.892], [3.033, 3.546, 3.915, 3.777, 3.338, 2.958, 2.744, 3.677, 4.922, 5.596, 4.27, 3.466, 3.178, 3.316, 2.751, 2.16, 2.33, 2.773, 3.207, 4.278, 4.185, 3.418, 3.036, 2.875, 2.298, 1.96, 1.527, 2.334, 2.475, 2.277, 1.61, 1.384, 1.181, 1.284, 1.086, 1.079, 0.972, 0.945, 0.831, 0.0, 0.855, 1.022, 1.51, 1.989, 1.672, 1.329, 1.337, 1.329, 1.304, 1.105, 1.379, 1.254, 1.526, 1.326, 1.452, 2.596, 2.541, 2.855, 3.37, 3.45, 2.947, 2.727, 3.244, 4.083, 5.148, 5.08, 4.733, 4.969, 4.896, 4.452, 4.381, 5.757, 6.401, 6.267, 5.778, 6.431, 6.864, 6.669, 6.618, 6.407, 6.082, 6.797, 8.087, 8.934, 8.445, 9.644], [3.195, 3.545, 3.93, 3.849, 3.368, 2.932, 2.651, 3.489, 4.774, 5.421, 4.241, 3.602, 3.399, 3.384, 2.948, 2.164, 2.252, 2.661, 3.046, 4.115, 3.954, 3.258, 2.959, 2.798, 2.237, 1.859, 1.724, 2.548, 2.737, 2.248, 1.7, 1.312, 1.168, 1.266, 1.286, 1.225, 1.149, 1.216, 0.932, 0.855, 0.0, 0.776, 1.303, 2.039, 1.544, 1.164, 1.138, 1.083, 1.408, 1.143, 1.342, 1.398, 1.828, 1.7, 1.889, 2.833, 2.579, 2.887, 3.443, 3.48, 2.802, 2.514, 3.297, 3.929, 4.893, 4.786, 4.524, 4.679, 4.638, 4.134, 4.193, 5.662, 6.234, 6.036, 5.578, 6.253, 6.748, 6.554, 6.467, 6.321, 5.964, 6.632, 7.83, 8.691, 8.196, 9.434], [3.139, 3.558, 3.922, 3.768, 3.318, 2.983, 2.732, 3.436, 4.902, 5.593, 4.299, 3.566, 3.306, 3.328, 2.901, 2.107, 2.315, 2.799, 3.23, 4.298, 4.095, 3.209, 2.977, 2.863, 2.518, 2.06, 1.974, 2.719, 2.987, 2.204, 1.815, 1.323, 1.272, 1.32, 1.339, 1.25, 1.235, 1.29, 0.999, 1.022, 0.776, 0.0, 1.225, 1.873, 1.36, 1.319, 1.204, 1.122, 1.502, 1.316, 1.445, 1.595, 1.916, 1.8, 1.921, 2.623, 2.589, 3.006, 3.397, 3.477, 3.09, 2.818, 3.559, 4.193, 4.996, 4.889, 4.723, 4.974, 4.828, 4.46, 4.378, 5.862, 6.403, 6.203, 5.752, 6.495, 6.94, 6.749, 6.703, 6.536, 6.22, 6.82, 7.972, 8.797, 8.279, 9.552], [3.334, 3.878, 4.296, 4.173, 3.688, 3.389, 3.275, 4.14, 5.257, 5.87, 4.671, 3.638, 3.376, 3.552, 2.988, 2.105, 2.581, 3.114, 3.53, 4.636, 4.661, 3.899, 3.508, 3.426, 3.16, 2.668, 2.098, 2.481, 2.565, 2.117, 1.996, 1.552, 1.498, 1.651, 1.699, 1.672, 1.678, 1.78, 1.513, 1.51, 1.303, 1.225, 0.0, 1.179, 1.18, 1.633, 1.76, 1.472, 2.03, 2.014, 2.268, 2.341, 2.415, 2.183, 2.316, 2.913, 2.815, 2.969, 3.158, 3.172, 3.367, 3.39, 4.17, 4.78, 5.777, 5.509, 5.144, 5.442, 5.414, 4.948, 5.095, 6.493, 7.124, 6.945, 6.419, 7.137, 7.66, 7.47, 7.42, 7.263, 6.949, 7.571, 8.558, 9.633, 9.171, 10.353], [3.934, 4.553, 5.025, 4.907, 4.437, 4.106, 4.125, 4.971, 5.963, 6.375, 5.183, 3.946, 3.718, 3.923, 3.376, 2.417, 3.187, 3.689, 4.068, 5.207, 5.409, 4.715, 4.207, 4.072, 3.821, 3.3, 2.625, 2.737, 2.69, 2.446, 2.477, 2.058, 1.908, 2.143, 2.225, 2.081, 1.958, 1.972, 1.9, 1.989, 2.039, 1.873, 1.179, 0.0, 1.216, 2.309, 2.582, 2.174, 2.451, 2.524, 2.861, 2.827, 2.614, 2.377, 2.455, 3.048, 2.964, 2.957, 2.821, 2.791, 3.538, 3.824, 4.665, 5.441, 6.585, 6.309, 5.923, 6.178, 6.185, 5.804, 6.039, 7.444, 8.08, 7.924, 7.378, 8.005, 8.566, 8.384, 8.304, 8.104, 7.783, 8.474, 9.411, 10.462, 10.011, 11.132], [3.316, 3.873, 4.282, 4.205, 3.718, 3.336, 3.495, 4.222, 5.114, 5.49, 4.464, 3.734, 3.586, 3.651, 3.079, 2.352, 2.498, 2.786, 3.157, 4.291, 4.462, 3.895, 3.503, 3.242, 3.148, 2.619, 2.297, 3.0, 2.991, 2.566, 2.456, 1.828, 1.834, 1.972, 1.897, 1.731, 1.813, 1.782, 1.567, 1.672, 1.544, 1.36, 1.18, 1.216, 0.0, 1.63, 1.9, 1.71, 2.095, 2.065, 2.368, 2.389, 2.316, 2.101, 2.427, 3.037, 2.819, 2.883, 3.178, 3.205, 3.198, 3.18, 4.003, 4.622, 5.738, 5.444, 5.201, 5.459, 5.527, 5.195, 5.487, 6.929, 7.488, 7.254, 6.787, 7.502, 8.037, 7.847, 7.8, 7.641, 7.342, 7.924, 8.707, 9.674, 9.232, 10.262], [2.427, 2.843, 3.28, 3.214, 2.78, 2.342, 2.275, 3.144, 4.162, 4.642, 3.473, 2.824, 2.701, 2.76, 2.246, 1.692, 1.767, 2.069, 2.367, 3.371, 3.456, 2.961, 2.487, 2.326, 2.37, 1.807, 1.604, 2.568, 2.766, 2.754, 2.039, 1.616, 1.534, 1.562, 1.31, 1.335, 1.665, 1.833, 1.587, 1.329, 1.164, 1.319, 1.633, 2.309, 1.63, 0.0, 0.94, 1.575, 2.21, 1.921, 2.07, 2.212, 2.556, 2.316, 2.656, 3.547, 3.282, 3.598, 4.21, 4.27, 3.654, 3.131, 3.455, 3.806, 4.546, 4.537, 4.314, 4.392, 4.583, 4.233, 4.504, 5.819, 6.442, 6.159, 5.789, 6.499, 6.987, 6.833, 6.853, 6.657, 6.478, 6.922, 7.481, 8.382, 7.916, 9.018], [2.727, 3.161, 3.567, 3.453, 2.994, 2.592, 2.208, 2.962, 4.259, 4.858, 3.854, 3.104, 2.898, 2.966, 2.584, 1.957, 1.939, 2.287, 2.547, 3.545, 3.328, 2.843, 2.604, 2.505, 2.218, 1.861, 1.798, 2.526, 2.857, 2.524, 1.826, 1.42, 1.478, 1.468, 1.288, 1.329, 1.541, 1.614, 1.454, 1.337, 1.138, 1.204, 1.76, 2.582, 1.9, 0.94, 0.0, 1.162, 1.899, 1.71, 1.847, 1.947, 2.343, 2.295, 2.351, 3.341, 3.17, 3.345, 4.008, 4.084, 3.273, 2.853, 3.38, 3.705, 4.323, 4.175, 4.073, 4.26, 4.394, 4.013, 4.05, 5.376, 5.944, 5.641, 5.214, 6.049, 6.442, 6.277, 6.265, 6.114, 5.84, 6.365, 7.223, 8.125, 7.589, 8.845], [3.389, 3.771, 4.226, 4.153, 3.681, 3.254, 2.712, 3.451, 4.832, 5.541, 4.69, 3.854, 3.552, 3.678, 3.212, 2.481, 2.643, 2.895, 3.233, 4.212, 4.025, 3.458, 3.417, 3.283, 2.667, 2.272, 2.105, 2.758, 2.903, 2.204, 1.707, 1.379, 1.415, 1.593, 1.558, 1.386, 1.286, 1.26, 1.162, 1.329, 1.083, 1.122, 1.472, 2.174, 1.71, 1.575, 1.162, 0.0, 1.346, 1.462, 1.637, 1.83, 2.029, 2.028, 2.043, 2.876, 2.759, 2.743, 3.295, 3.369, 2.716, 2.699, 3.584, 4.187, 5.096, 4.785, 4.695, 5.043, 4.902, 4.55, 4.476, 5.855, 6.351, 6.216, 5.504, 6.378, 6.779, 6.52, 6.48, 6.336, 5.957, 6.626, 7.972, 8.794, 8.252, 9.641], [4.013, 4.446, 4.844, 4.733, 4.254, 3.836, 3.453, 4.224, 5.769, 6.453, 5.242, 4.424, 4.125, 4.183, 3.733, 2.965, 3.302, 3.724, 4.113, 5.16, 4.902, 4.055, 3.999, 3.83, 3.171, 2.901, 2.46, 3.038, 3.32, 2.453, 1.856, 1.729, 1.746, 1.907, 1.977, 1.823, 1.55, 1.281, 0.981, 1.304, 1.408, 1.502, 2.03, 2.451, 2.095, 2.21, 1.899, 1.346, 0.0, 0.963, 1.507, 1.285, 1.216, 1.243, 1.361, 1.996, 1.854, 2.214, 2.689, 2.706, 2.138, 2.884, 4.059, 4.992, 5.873, 5.705, 5.477, 5.764, 5.654, 5.123, 4.961, 6.278, 6.783, 6.759, 6.003, 6.787, 7.143, 6.898, 6.907, 6.601, 6.278, 7.04, 8.818, 9.548, 8.954, 10.416], [3.577, 3.828, 4.188, 4.121, 3.666, 3.267, 2.843, 3.66, 5.087, 5.787, 4.702, 4.039, 3.768, 3.74, 3.375, 2.71, 2.718, 3.088, 3.467, 4.51, 4.31, 3.605, 3.432, 3.148, 2.53, 2.207, 2.005, 2.81, 3.1, 2.412, 1.971, 1.798, 1.545, 1.657, 1.686, 1.584, 1.357, 1.155, 1.002, 1.105, 1.143, 1.316, 2.014, 2.524, 2.065, 1.921, 1.71, 1.462, 0.963, 0.0, 0.865, 0.871, 1.283, 1.145, 1.351, 2.371, 2.366, 2.691, 3.29, 3.351, 2.422, 2.287, 3.41, 4.299, 5.22, 5.119, 4.832, 5.09, 4.997, 4.433, 4.231, 5.617, 6.21, 6.082, 5.649, 6.23, 6.651, 6.486, 6.501, 6.199, 5.897, 6.62, 8.144, 8.964, 8.359, 9.713], [3.531, 3.714, 4.092, 3.956, 3.518, 3.272, 2.736, 3.332, 4.627, 5.422, 4.441, 4.027, 3.766, 3.798, 3.423, 2.824, 2.59, 2.775, 3.143, 4.037, 3.934, 3.284, 3.145, 2.903, 2.417, 1.939, 2.194, 3.021, 3.304, 2.617, 2.339, 2.076, 1.822, 1.837, 1.848, 1.733, 1.568, 1.528, 1.392, 1.379, 1.342, 1.445, 2.268, 2.861, 2.368, 2.07, 1.847, 1.637, 1.507, 0.865, 0.0, 0.88, 1.743, 1.589, 1.628, 2.824, 2.786, 3.174, 3.724, 3.778, 2.689, 1.982, 3.005, 3.804, 4.793, 4.729, 4.42, 4.583, 4.53, 4.04, 3.925, 5.279, 5.907, 5.746, 5.366, 6.015, 6.42, 6.255, 6.22, 5.918, 5.646, 6.33, 7.634, 8.52, 7.989, 9.288], [3.623, 3.874, 4.221, 4.136, 3.679, 3.374, 3.038, 3.703, 5.14, 5.86, 4.603, 4.156, 3.935, 3.946, 3.592, 2.988, 2.719, 2.965, 3.395, 4.469, 4.205, 3.396, 3.282, 3.002, 2.441, 2.215, 2.195, 2.986, 3.212, 2.557, 2.158, 1.899, 1.727, 1.712, 1.748, 1.64, 1.456, 1.218, 1.253, 1.254, 1.398, 1.595, 2.341, 2.827, 2.389, 2.212, 1.947, 1.83, 1.285, 0.871, 0.88, 0.0, 1.251, 1.189, 1.175, 2.449, 2.44, 2.808, 3.39, 3.452, 2.531, 2.225, 3.302, 4.234, 5.164, 5.102, 4.774, 4.99, 4.906, 4.356, 4.161, 5.421, 6.01, 5.947, 5.461, 6.085, 6.39, 6.297, 6.257, 6.01, 5.677, 6.355, 8.029, 8.798, 8.233, 9.611], [4.196, 4.662, 5.056, 4.956, 4.505, 4.086, 3.768, 4.704, 6.139, 6.828, 5.37, 4.498, 4.267, 4.19, 3.799, 3.208, 3.479, 3.931, 4.372, 5.459, 5.146, 4.394, 4.124, 3.884, 3.368, 3.104, 2.519, 3.254, 3.356, 2.802, 2.216, 2.102, 1.809, 1.964, 1.926, 1.857, 1.61, 1.375, 1.389, 1.526, 1.828, 1.916, 2.415, 2.614, 2.316, 2.556, 2.343, 2.029, 1.216, 1.283, 1.743, 1.251, 0.0, 0.819, 1.082, 1.499, 1.558, 1.969, 2.389, 2.476, 2.162, 3.048, 4.263, 5.21, 6.165, 6.051, 5.688, 5.979, 5.92, 5.325, 5.159, 6.49, 7.043, 6.961, 6.448, 7.022, 7.317, 7.2, 7.202, 6.919, 6.595, 7.417, 9.102, 9.815, 9.168, 10.583], [3.789, 4.288, 4.743, 4.658, 4.229, 3.813, 3.64, 4.56, 5.849, 6.512, 5.007, 4.019, 3.812, 3.753, 3.345, 2.816, 3.197, 3.654, 4.075, 5.175, 4.935, 4.206, 3.81, 3.594, 3.078, 2.811, 2.127, 2.782, 2.938, 2.475, 2.079, 1.955, 1.593, 1.782, 1.703, 1.623, 1.336, 1.243, 1.269, 1.326, 1.7, 1.8, 2.183, 2.377, 2.101, 2.316, 2.295, 2.028, 1.243, 1.145, 1.589, 1.189, 0.819, 0.0, 0.789, 1.799, 1.808, 2.246, 2.679, 2.758, 2.474, 2.939, 4.023, 4.929, 5.945, 5.841, 5.488, 5.783, 5.692, 5.104, 5.023, 6.366, 6.994, 6.918, 6.402, 6.965, 7.372, 7.231, 7.178, 6.957, 6.619, 7.428, 8.921, 9.712, 9.139, 10.398], [4.019, 4.577, 4.991, 4.855, 4.425, 4.055, 3.778, 4.667, 6.117, 6.814, 5.293, 4.09, 3.789, 3.881, 3.473, 2.813, 3.335, 3.929, 4.373, 5.463, 5.137, 4.268, 4.001, 3.921, 3.407, 3.123, 2.385, 2.38, 2.626, 2.081, 1.939, 1.88, 1.748, 1.914, 1.897, 1.89, 1.48, 1.315, 1.429, 1.452, 1.889, 1.921, 2.316, 2.455, 2.427, 2.656, 2.351, 2.043, 1.361, 1.351, 1.628, 1.175, 1.082, 0.789, 0.0, 1.738, 1.783, 2.107, 2.466, 2.532, 2.512, 3.12, 4.284, 5.205, 6.137, 6.041, 5.736, 5.917, 5.918, 5.312, 5.156, 6.345, 6.954, 6.897, 6.313, 6.904, 7.232, 7.09, 7.018, 6.788, 6.419, 7.308, 9.02, 9.782, 9.267, 10.62], [5.288, 5.783, 6.193, 6.108, 5.659, 5.278, 5.038, 5.744, 7.39, 8.08, 6.535, 5.432, 5.105, 5.105, 4.691, 3.952, 4.597, 5.194, 5.637, 6.716, 6.47, 5.557, 5.288, 5.128, 4.697, 4.374, 3.589, 3.483, 3.991, 3.369, 2.668, 2.726, 2.784, 2.955, 3.024, 3.018, 2.7, 2.515, 2.355, 2.596, 2.833, 2.623, 2.913, 3.048, 3.037, 3.547, 3.341, 2.876, 1.996, 2.371, 2.824, 2.449, 1.499, 1.799, 1.738, 0.0, 0.78, 1.234, 1.404, 1.581, 2.019, 4.293, 5.514, 6.479, 7.362, 7.225, 6.976, 7.127, 7.04, 6.446, 6.251, 7.302, 8.075, 8.041, 7.238, 7.703, 8.034, 7.69, 7.732, 7.463, 7.182, 8.228, 10.222, 11.121, 10.469, 11.908], [5.102, 5.598, 6.045, 5.984, 5.523, 5.073, 4.906, 5.611, 7.116, 7.74, 6.249, 5.251, 5.014, 5.027, 4.607, 3.669, 4.268, 4.858, 5.315, 6.405, 6.26, 5.41, 5.094, 4.969, 4.58, 4.156, 3.457, 3.33, 3.772, 3.309, 2.682, 2.685, 2.745, 2.895, 2.996, 2.952, 2.638, 2.396, 2.19, 2.541, 2.579, 2.589, 2.815, 2.964, 2.819, 3.282, 3.17, 2.759, 1.854, 2.366, 2.786, 2.44, 1.558, 1.808, 1.783, 0.78, 0.0, 1.152, 1.378, 1.42, 1.567, 4.016, 5.302, 6.23, 7.205, 6.983, 6.764, 6.851, 6.745, 6.228, 6.273, 7.324, 8.086, 8.04, 7.03, 7.563, 8.03, 7.592, 7.542, 7.334, 6.993, 8.2, 10.022, 11.019, 10.435, 11.786], [5.424, 5.988, 6.429, 6.321, 5.879, 5.441, 5.152, 5.912, 7.263, 7.825, 6.823, 5.809, 5.544, 5.618, 5.117, 4.265, 4.675, 5.026, 5.403, 6.432, 6.254, 5.608, 5.479, 5.427, 4.862, 4.559, 3.864, 3.588, 4.035, 3.435, 2.949, 2.945, 3.141, 3.261, 3.358, 3.252, 2.926, 2.601, 2.5, 2.855, 2.887, 3.006, 2.969, 2.957, 2.883, 3.598, 3.345, 2.743, 2.214, 2.691, 3.174, 2.808, 1.969, 2.246, 2.107, 1.234, 1.152, 0.0, 0.898, 1.007, 1.495, 4.057, 5.549, 6.497, 7.519, 7.121, 6.827, 7.203, 7.187, 6.629, 6.584, 7.646, 8.377, 8.33, 7.361, 7.971, 8.339, 7.949, 7.867, 7.725, 7.302, 8.483, 10.281, 11.285, 10.74, 12.069], [5.915, 6.525, 6.964, 6.863, 6.429, 6.072, 5.786, 6.517, 7.921, 8.497, 7.29, 6.123, 5.875, 5.972, 5.504, 4.613, 5.217, 5.727, 6.107, 7.137, 6.932, 6.196, 5.994, 6.021, 5.507, 5.193, 4.363, 3.757, 4.175, 3.573, 3.222, 3.282, 3.433, 3.634, 3.837, 3.767, 3.339, 3.092, 2.976, 3.37, 3.443, 3.397, 3.158, 2.821, 3.178, 4.21, 4.008, 3.295, 2.689, 3.29, 3.724, 3.39, 2.389, 2.679, 2.466, 1.404, 1.378, 0.898, 0.0, 0.637, 1.994, 4.735, 6.209, 7.168, 8.168, 7.781, 7.502, 7.868, 7.856, 7.298, 7.241, 8.303, 9.028, 8.977, 7.915, 8.596, 8.984, 8.514, 8.469, 8.31, 7.922, 9.11, 10.944, 11.929, 11.332, 12.718], [5.949, 6.55, 7.003, 6.909, 6.463, 6.091, 5.84, 6.596, 7.953, 8.476, 7.368, 6.252, 6.052, 6.13, 5.643, 4.75, 5.277, 5.709, 6.052, 7.156, 6.981, 6.251, 6.048, 6.066, 5.565, 5.239, 4.453, 3.961, 4.34, 3.74, 3.346, 3.348, 3.659, 3.874, 3.997, 3.906, 3.52, 3.201, 3.035, 3.45, 3.48, 3.477, 3.172, 2.791, 3.205, 4.27, 4.084, 3.369, 2.706, 3.351, 3.778, 3.452, 2.476, 2.758, 2.532, 1.581, 1.42, 1.007, 0.637, 0.0, 1.846, 4.721, 6.243, 7.189, 8.203, 7.786, 7.504, 7.873, 7.861, 7.305, 7.274, 8.336, 9.061, 9.01, 7.885, 8.565, 8.959, 8.516, 8.482, 8.316, 7.948, 9.128, 10.972, 11.962, 11.357, 12.751], [5.492, 5.878, 6.27, 6.185, 5.696, 5.293, 4.74, 5.384, 6.555, 7.122, 6.628, 6.064, 5.882, 5.875, 5.449, 4.503, 4.367, 4.355, 4.596, 5.565, 5.607, 5.266, 5.327, 5.192, 4.46, 3.982, 4.013, 4.122, 4.539, 3.907, 3.418, 3.488, 3.498, 3.562, 3.514, 3.393, 3.201, 2.841, 2.55, 2.947, 2.802, 3.09, 3.367, 3.538, 3.198, 3.654, 3.273, 2.716, 2.138, 2.422, 2.689, 2.531, 2.162, 2.474, 2.512, 2.019, 1.567, 1.495, 1.994, 1.846, 0.0, 3.001, 4.591, 5.521, 6.544, 6.129, 5.862, 6.18, 6.154, 5.629, 5.614, 6.668, 7.399, 7.348, 6.307, 6.917, 7.321, 6.901, 6.839, 6.69, 6.313, 7.489, 9.307, 10.295, 9.711, 11.09], [4.482, 4.693, 5.033, 4.944, 4.561, 4.337, 3.912, 4.286, 4.635, 5.439, 5.389, 5.246, 5.115, 5.146, 4.812, 4.036, 3.553, 3.22, 3.516, 3.795, 3.906, 3.943, 3.929, 3.758, 3.304, 2.873, 3.419, 4.445, 4.471, 3.956, 3.842, 3.474, 3.277, 3.157, 3.032, 2.889, 2.832, 2.684, 2.676, 2.727, 2.514, 2.818, 3.39, 3.824, 3.18, 3.131, 2.853, 2.699, 2.884, 2.287, 1.982, 2.225, 3.048, 2.939, 3.12, 4.293, 4.016, 4.057, 4.735, 4.721, 3.001, 0.0, 1.756, 2.594, 3.606, 3.297, 3.029, 3.311, 3.274, 2.865, 2.936, 4.384, 4.957, 4.768, 4.266, 4.939, 5.474, 5.286, 5.196, 5.0, 4.649, 5.372, 6.411, 7.436, 6.939, 8.144], [3.705, 3.768, 3.958, 3.938, 3.774, 3.707, 3.962, 4.084, 3.929, 4.433, 4.695, 4.866, 4.949, 4.975, 4.562, 4.334, 3.29, 2.778, 2.867, 2.835, 3.31, 3.603, 3.311, 2.952, 2.683, 2.456, 3.23, 4.642, 4.812, 4.932, 4.376, 4.129, 3.914, 3.723, 3.484, 3.405, 3.593, 3.444, 3.552, 3.244, 3.297, 3.559, 4.17, 4.665, 4.003, 3.455, 3.38, 3.584, 4.059, 3.41, 3.005, 3.302, 4.263, 4.023, 4.284, 5.514, 5.302, 5.549, 6.209, 6.243, 4.591, 1.756, 0.0, 1.232, 2.776, 2.535, 2.28, 2.463, 2.432, 2.148, 2.328, 3.775, 4.409, 4.239, 3.717, 4.407, 4.923, 4.733, 4.642, 4.443, 4.105, 4.819, 5.73, 6.68, 6.247, 7.27], [3.372, 3.401, 3.644, 3.578, 3.395, 3.489, 3.862, 3.864, 3.595, 3.904, 4.393, 4.815, 4.979, 4.862, 4.647, 4.685, 3.622, 3.051, 2.85, 2.416, 2.868, 3.261, 2.999, 2.58, 2.656, 2.555, 3.513, 5.254, 5.487, 5.488, 4.955, 4.687, 4.489, 4.289, 3.978, 3.877, 4.284, 4.306, 4.436, 4.083, 3.929, 4.193, 4.78, 5.441, 4.622, 3.806, 3.705, 4.187, 4.992, 4.299, 3.804, 4.234, 5.21, 4.929, 5.205, 6.479, 6.23, 6.497, 7.168, 7.189, 5.521, 2.594, 1.232, 0.0, 1.81, 1.667, 1.653, 1.754, 1.701, 1.602, 1.745, 3.119, 3.716, 3.497, 3.041, 3.732, 4.275, 4.085, 4.01, 3.828, 3.504, 4.148, 4.819, 5.752, 5.347, 6.29], [3.998, 3.83, 4.041, 3.919, 3.471, 3.73, 3.718, 3.547, 3.479, 4.005, 4.675, 4.931, 4.833, 4.693, 4.847, 5.16, 4.201, 3.739, 3.538, 2.818, 2.54, 2.876, 2.965, 3.231, 3.353, 3.704, 4.721, 6.018, 6.626, 6.301, 5.669, 5.391, 5.322, 5.218, 4.992, 4.971, 5.244, 5.223, 5.336, 5.148, 4.893, 4.996, 5.777, 6.585, 5.738, 4.546, 4.323, 5.096, 5.873, 5.22, 4.793, 5.164, 6.165, 5.945, 6.137, 7.362, 7.205, 7.519, 8.168, 8.203, 6.544, 3.606, 2.776, 1.81, 0.0, 1.093, 1.483, 1.522, 1.428, 1.605, 1.61, 1.846, 2.383, 2.065, 1.859, 2.505, 2.902, 2.797, 2.89, 2.686, 2.755, 2.876, 3.331, 4.017, 3.609, 4.623], [4.04, 4.033, 4.158, 3.963, 3.639, 3.748, 3.726, 3.637, 3.581, 4.144, 4.818, 4.986, 4.953, 4.849, 4.834, 4.876, 3.895, 3.364, 3.255, 2.77, 2.692, 3.065, 3.042, 3.415, 3.386, 3.618, 4.62, 5.838, 6.403, 6.117, 5.505, 5.243, 5.272, 5.122, 4.901, 4.852, 5.185, 5.086, 5.145, 5.08, 4.786, 4.889, 5.509, 6.309, 5.444, 4.537, 4.175, 4.785, 5.705, 5.119, 4.729, 5.102, 6.051, 5.841, 6.041, 7.225, 6.983, 7.121, 7.781, 7.786, 6.129, 3.297, 2.535, 1.667, 1.093, 0.0, 1.022, 1.391, 1.348, 1.396, 1.369, 1.989, 2.465, 2.135, 2.013, 2.674, 3.014, 2.964, 3.091, 2.987, 3.017, 3.035, 3.582, 4.394, 3.869, 5.041], [4.188, 4.171, 4.408, 4.292, 3.931, 3.863, 3.85, 3.95, 3.935, 4.412, 5.049, 5.266, 5.304, 5.219, 5.154, 4.901, 3.838, 3.366, 3.301, 3.047, 3.121, 3.418, 3.332, 3.282, 3.328, 3.367, 4.172, 5.532, 5.954, 5.839, 5.28, 5.115, 4.985, 4.784, 4.531, 4.489, 4.93, 4.936, 5.026, 4.733, 4.524, 4.723, 5.144, 5.923, 5.201, 4.314, 4.073, 4.695, 5.477, 4.832, 4.42, 4.774, 5.688, 5.488, 5.736, 6.976, 6.764, 6.827, 7.502, 7.504, 5.862, 3.029, 2.28, 1.653, 1.483, 1.022, 0.0, 1.027, 1.049, 1.022, 1.119, 1.992, 2.537, 2.234, 2.102, 2.851, 3.341, 3.197, 3.076, 2.978, 3.003, 3.285, 3.836, 4.855, 4.357, 5.457], [4.454, 4.315, 4.519, 4.532, 4.159, 4.095, 4.082, 4.172, 3.967, 4.299, 5.093, 5.476, 5.463, 5.506, 5.481, 5.109, 4.012, 3.592, 3.422, 3.039, 3.293, 3.642, 3.668, 3.315, 3.491, 3.497, 4.281, 5.624, 6.018, 6.123, 5.588, 5.364, 5.146, 4.971, 4.74, 4.791, 5.129, 5.205, 5.275, 4.9