[[0.0, 0.649, 0.986, 1.728, 2.214, 2.318, 2.275, 2.432, 2.862, 3.289, 3.845, 4.411, 5.085, 4.722, 3.454, 2.043, 2.019, 2.07, 2.44, 2.769, 3.136, 3.414, 5.135, 6.439, 7.329, 8.072, 6.819, 5.998, 5.937, 5.883, 5.259, 6.199, 7.887, 9.503, 9.211, 8.332, 8.531, 8.71, 8.667, 7.643, 7.577, 7.728, 7.101, 7.044, 7.307, 7.37, 6.585, 6.11, 7.032, 7.906, 8.184, 8.198, 8.227, 7.77, 5.173, 4.304, 4.293, 4.27, 4.485, 4.928, 4.665, 3.473, 2.923, 3.0, 2.969, 3.062, 2.885, 3.247, 3.193, 2.678, 2.859, 2.655, 2.385, 2.754, 3.087, 3.095, 3.244, 3.077, 2.943, 2.905, 2.898, 3.127, 3.081, 2.842, 2.547, 2.457], [0.649, 0.0, 0.767, 1.527, 2.044, 2.125, 2.083, 2.275, 2.697, 3.216, 3.682, 4.213, 4.945, 4.569, 3.321, 1.892, 1.961, 1.949, 2.306, 2.581, 2.957, 3.245, 4.952, 6.254, 7.121, 7.875, 6.629, 5.792, 5.732, 5.631, 5.097, 5.994, 7.69, 9.303, 9.008, 8.137, 8.351, 8.488, 8.464, 7.447, 7.338, 7.514, 6.949, 6.849, 7.117, 7.13, 6.392, 5.925, 6.839, 7.704, 7.983, 7.994, 8.021, 7.568, 4.996, 4.147, 4.156, 4.179, 4.334, 4.836, 4.52, 3.25, 2.808, 2.867, 2.874, 3.004, 2.85, 3.098, 3.172, 2.731, 2.844, 2.612, 2.4, 2.78, 3.106, 3.022, 3.176, 3.112, 3.0, 2.942, 2.923, 3.156, 3.133, 2.812, 2.583, 2.446], [0.986, 0.767, 0.0, 1.057, 1.623, 1.739, 1.658, 1.846, 2.402, 2.921, 3.214, 3.669, 4.42, 4.038, 2.834, 1.535, 1.626, 1.689, 1.913, 2.091, 2.445, 2.728, 4.444, 5.728, 6.617, 7.331, 6.059, 5.266, 5.21, 5.128, 4.584, 5.447, 7.138, 8.735, 8.454, 7.566, 7.741, 7.901, 7.92, 6.934, 6.87, 7.001, 6.426, 6.305, 6.569, 6.621, 5.897, 5.43, 6.283, 7.172, 7.433, 7.443, 7.471, 7.019, 4.466, 3.643, 3.679, 3.702, 3.863, 4.3, 3.964, 2.86, 2.648, 2.731, 2.875, 3.084, 2.873, 2.928, 2.964, 2.589, 2.681, 2.644, 2.469, 2.756, 2.908, 2.836, 2.87, 2.945, 2.91, 2.896, 2.81, 2.958, 2.93, 2.676, 2.468, 2.409], [1.728, 1.527, 1.057, 0.0, 0.923, 1.126, 1.061, 1.278, 2.145, 2.651, 2.917, 2.909, 3.55, 3.154, 1.987, 1.179, 1.516, 1.544, 1.687, 1.496, 1.631, 1.892, 3.575, 4.841, 5.759, 6.446, 5.191, 4.477, 4.287, 4.219, 3.842, 4.61, 6.268, 7.878, 7.58, 6.688, 6.897, 7.025, 7.029, 6.019, 5.938, 6.052, 5.498, 5.41, 5.692, 5.772, 4.978, 4.61, 5.435, 6.309, 6.563, 6.573, 6.605, 6.147, 3.794, 3.186, 3.318, 3.251, 3.435, 3.666, 3.118, 2.469, 2.513, 2.576, 2.804, 3.031, 2.92, 2.664, 2.816, 2.555, 2.636, 2.601, 2.48, 2.616, 2.709, 2.611, 2.678, 2.768, 2.77, 2.788, 2.631, 2.75, 2.732, 2.515, 2.34, 2.308], [2.214, 2.044, 1.623, 0.923, 0.0, 0.687, 0.933, 1.141, 1.799, 2.303, 2.535, 2.488, 3.095, 2.69, 1.714, 1.442, 1.824, 1.948, 2.04, 1.549, 1.221, 1.515, 3.078, 4.36, 5.291, 5.988, 4.72, 4.009, 3.894, 3.861, 3.524, 4.119, 5.809, 7.426, 7.146, 6.197, 6.4, 6.575, 6.543, 5.561, 5.471, 5.662, 5.092, 4.985, 5.35, 5.258, 4.545, 4.299, 5.045, 5.857, 6.1, 6.108, 6.153, 5.676, 3.438, 2.787, 2.936, 2.927, 2.992, 3.284, 2.651, 2.351, 2.5, 2.538, 2.799, 3.025, 2.972, 2.601, 2.547, 2.45, 2.597, 2.383, 2.389, 2.437, 2.307, 2.29, 2.347, 2.461, 2.66, 2.731, 2.504, 2.471, 2.475, 2.246, 2.263, 2.236], [2.318, 2.125, 1.739, 1.126, 0.687, 0.0, 0.571, 0.839, 1.419, 1.932, 2.282, 2.391, 3.052, 2.644, 1.776, 1.694, 2.204, 2.242, 2.302, 1.662, 1.354, 1.839, 3.124, 4.389, 5.273, 5.893, 4.601, 3.911, 3.729, 3.624, 3.329, 4.05, 5.654, 7.277, 6.991, 6.124, 6.328, 6.47, 6.439, 5.414, 5.331, 5.505, 4.908, 4.828, 5.205, 5.19, 4.425, 4.067, 4.852, 5.73, 5.963, 5.968, 6.008, 5.53, 3.229, 2.54, 2.63, 2.642, 2.767, 2.991, 2.547, 2.069, 2.063, 2.175, 2.452, 2.627, 2.56, 2.361, 2.238, 2.17, 2.251, 2.14, 2.118, 2.182, 2.067, 1.987, 2.083, 2.164, 2.339, 2.439, 2.25, 2.189, 2.173, 1.942, 1.97, 1.98], [2.275, 2.083, 1.658, 1.061, 0.933, 0.571, 0.0, 0.711, 1.512, 1.984, 2.23, 2.451, 3.119, 2.713, 1.809, 1.845, 2.094, 2.218, 2.212, 1.706, 1.452, 1.891, 3.21, 4.438, 5.318, 5.943, 4.712, 4.001, 3.845, 3.704, 3.281, 4.12, 5.739, 7.343, 7.06, 6.163, 6.374, 6.542, 6.576, 5.563, 5.512, 5.609, 4.966, 4.885, 5.183, 5.215, 4.458, 4.026, 4.887, 5.746, 6.022, 6.044, 6.069, 5.61, 3.211, 2.59, 2.65, 2.577, 2.852, 3.005, 2.603, 2.059, 2.0, 2.065, 2.318, 2.529, 2.44, 2.221, 2.252, 2.151, 2.151, 2.164, 2.117, 2.219, 2.069, 2.025, 2.039, 2.133, 2.267, 2.331, 2.174, 2.146, 2.137, 1.922, 1.871, 1.952], [2.432, 2.275, 1.846, 1.278, 1.141, 0.839, 0.711, 0.0, 1.104, 1.551, 1.961, 2.277, 3.006, 2.55, 1.848, 2.015, 2.434, 2.562, 2.543, 1.956, 1.594, 2.111, 3.361, 4.347, 5.225, 5.804, 4.621, 3.835, 3.729, 3.546, 3.026, 3.962, 5.621, 7.228, 6.941, 6.01, 6.229, 6.377, 6.487, 5.45, 5.387, 5.471, 4.828, 4.738, 5.014, 5.023, 4.333, 3.763, 4.725, 5.637, 5.933, 5.938, 5.951, 5.501, 2.959, 2.249, 2.271, 2.252, 2.547, 2.79, 2.427, 1.676, 1.672, 1.691, 1.974, 2.161, 2.154, 1.798, 1.992, 1.819, 1.841, 1.921, 1.924, 1.897, 1.792, 1.668, 1.731, 1.851, 1.958, 2.123, 1.869, 1.815, 1.83, 1.552, 1.57, 1.777], [2.862, 2.697, 2.402, 2.145, 1.799, 1.419, 1.512, 1.104, 0.0, 0.87, 1.323, 2.247, 2.99, 2.511, 2.211, 2.567, 3.215, 3.327, 3.287, 2.524, 1.993, 2.493, 3.512, 4.267, 5.141, 5.662, 4.452, 3.667, 3.575, 3.369, 2.89, 3.834, 5.43, 7.03, 6.759, 5.837, 6.035, 6.164, 6.336, 5.291, 5.249, 5.349, 4.663, 4.59, 4.914, 4.879, 4.203, 3.617, 4.552, 5.431, 5.724, 5.735, 5.742, 5.29, 2.647, 1.854, 1.791, 1.788, 2.069, 2.434, 2.288, 1.56, 1.37, 1.484, 1.616, 1.765, 1.963, 1.623, 1.369, 1.453, 1.713, 1.708, 2.011, 1.633, 1.195, 1.203, 1.223, 1.372, 1.8, 2.097, 1.625, 1.456, 1.319, 1.104, 1.536, 1.696], [3.289, 3.216, 2.921, 2.651, 2.303, 1.932, 1.984, 1.551, 0.87, 0.0, 0.945, 2.111, 2.839, 2.377, 2.561, 3.174, 3.729, 3.888, 3.86, 3.079, 2.391, 2.863, 3.681, 4.089, 4.962, 5.399, 4.302, 3.516, 3.424, 3.183, 2.762, 3.639, 5.106, 6.714, 6.424, 5.53, 5.783, 5.965, 6.177, 5.141, 5.165, 5.245, 4.481, 4.38, 4.649, 4.759, 3.989, 3.27, 4.263, 5.164, 5.43, 5.434, 5.459, 5.06, 2.427, 1.714, 1.418, 1.55, 1.83, 2.173, 2.145, 1.591, 1.343, 1.361, 1.565, 1.675, 1.935, 1.593, 1.088, 1.398, 1.669, 1.834, 2.348, 1.756, 1.184, 1.104, 1.068, 1.328, 1.838, 2.237, 1.761, 1.487, 1.381, 1.242, 1.58, 1.819], [3.845, 3.682, 3.214, 2.917, 2.535, 2.282, 2.23, 1.961, 1.323, 0.945, 0.0, 1.561, 2.284, 2.086, 2.616, 3.472, 3.833, 3.971, 3.954, 3.246, 2.501, 2.916, 3.528, 3.666, 4.38, 4.764, 3.826, 3.064, 3.028, 2.78, 2.432, 3.281, 4.456, 6.073, 5.764, 5.021, 5.325, 5.39, 5.735, 4.747, 4.829, 4.96, 4.2, 4.083, 4.273, 4.453, 3.531, 2.824, 3.742, 4.603, 4.85, 4.853, 4.9, 4.486, 1.889, 1.565, 1.31, 1.38, 1.497, 1.609, 2.097, 1.833, 1.874, 1.983, 2.228, 2.391, 2.599, 1.909, 1.563, 1.891, 2.112, 2.498, 3.046, 2.328, 1.62, 1.619, 1.482, 1.666, 2.427, 2.916, 2.391, 1.997, 1.935, 1.754, 2.203, 2.472], [4.411, 4.213, 3.669, 2.909, 2.488, 2.391, 2.451, 2.277, 2.247, 2.111, 1.561, 0.0, 1.191, 1.32, 1.919, 3.131, 3.227, 3.165, 3.111, 2.573, 1.968, 2.223, 2.383, 2.583, 3.197, 4.025, 3.088, 2.629, 2.49, 2.271, 2.591, 3.015, 3.835, 5.274, 5.048, 4.298, 4.693, 4.924, 5.035, 4.178, 4.258, 4.365, 3.605, 3.515, 3.961, 3.953, 2.968, 2.616, 3.194, 3.961, 4.196, 4.18, 4.26, 3.842, 2.026, 2.201, 2.058, 2.01, 1.767, 1.81, 1.996, 2.614, 3.123, 3.228, 3.422, 3.54, 3.87, 3.106, 2.897, 3.036, 3.214, 3.665, 4.017, 3.392, 2.737, 2.57, 2.418, 2.792, 3.438, 3.839, 3.281, 2.866, 2.992, 2.751, 3.046, 3.294], [5.085, 4.945, 4.42, 3.55, 3.095, 3.052, 3.119, 3.006, 2.99, 2.839, 2.284, 1.191, 0.0, 1.136, 2.027, 3.346, 3.709, 3.593, 3.158, 2.749, 2.221, 2.214, 1.78, 1.895, 2.536, 3.344, 2.551, 2.597, 2.642, 2.318, 3.193, 3.332, 3.391, 4.642, 4.443, 3.828, 4.373, 4.607, 4.473, 3.886, 4.117, 4.122, 3.339, 3.438, 4.014, 4.055, 3.103, 2.972, 3.0, 3.483, 3.691, 3.698, 3.829, 3.332, 1.981, 2.396, 2.324, 2.291, 2.055, 2.139, 2.49, 3.301, 3.803, 3.931, 4.123, 4.211, 4.554, 3.764, 3.608, 3.777, 3.959, 4.357, 4.704, 4.041, 3.406, 3.278, 3.078, 3.385, 4.058, 4.534, 3.972, 3.54, 3.617, 3.434, 3.714, 3.916], [4.722, 4.569, 4.038, 3.154, 2.69, 2.644, 2.713, 2.55, 2.511, 2.377, 2.086, 1.32, 1.136, 0.0, 1.454, 2.952, 3.25, 3.178, 2.703, 2.259, 1.785, 1.657, 1.795, 2.253, 2.913, 3.496, 2.631, 2.652, 2.767, 2.431, 3.059, 3.131, 3.387, 4.921, 4.68, 3.969, 4.293, 4.435, 4.633, 4.23, 4.364, 4.405, 3.584, 3.725, 4.421, 4.311, 3.316, 3.116, 3.349, 3.705, 3.796, 3.703, 3.779, 3.271, 1.695, 1.893, 1.939, 2.066, 1.967, 1.969, 2.104, 2.947, 3.379, 3.479, 3.65, 3.776, 4.087, 3.424, 3.147, 3.296, 3.487, 3.874, 4.244, 3.543, 3.016, 2.865, 2.682, 2.957, 3.657, 4.148, 3.567, 3.129, 3.091, 3.022, 3.287, 3.595], [3.454, 3.321, 2.834, 1.987, 1.714, 1.776, 1.809, 1.848, 2.211, 2.561, 2.616, 1.919, 2.027, 1.454, 0.0, 1.683, 2.088, 2.111, 1.777, 1.591, 1.192, 1.222, 2.081, 3.323, 4.047, 4.785, 3.748, 3.349, 3.515, 3.303, 3.648, 3.702, 4.642, 6.237, 5.923, 5.227, 5.544, 5.723, 5.723, 5.115, 5.315, 5.465, 4.647, 4.731, 5.282, 5.299, 4.133, 3.984, 4.331, 4.8, 4.943, 4.908, 5.009, 4.533, 2.495, 2.177, 2.368, 2.413, 2.432, 2.595, 2.628, 2.661, 3.033, 3.013, 3.202, 3.499, 3.664, 3.056, 2.949, 2.799, 2.982, 3.247, 3.449, 3.0, 2.752, 2.761, 2.567, 2.68, 3.0, 3.183, 2.87, 2.675, 2.754, 2.565, 2.706, 2.864], [2.043, 1.892, 1.535, 1.179, 1.442, 1.694, 1.845, 2.015, 2.567, 3.174, 3.472, 3.131, 3.346, 2.952, 1.683, 0.0, 1.251, 1.327, 1.194, 1.221, 1.512, 1.808, 3.322, 4.639, 5.536, 6.289, 5.114, 4.456, 4.416, 4.227, 4.304, 4.569, 6.158, 7.737, 7.457, 6.56, 6.743, 6.914, 6.928, 6.064, 6.145, 6.302, 5.576, 5.623, 6.191, 6.147, 5.195, 5.041, 5.6, 6.321, 6.53, 6.493, 6.485, 5.988, 3.799, 3.312, 3.529, 3.479, 3.499, 3.852, 3.474, 2.937, 3.009, 3.235, 3.373, 3.523, 3.457, 3.333, 3.224, 2.942, 3.041, 3.2, 3.021, 3.072, 3.093, 3.129, 3.079, 3.114, 3.125, 3.143, 3.07, 3.106, 2.965, 2.928, 2.764, 2.699], [2.019, 1.961, 1.626, 1.516, 1.824, 2.204, 2.094, 2.434, 3.215, 3.729, 3.833, 3.227, 3.709, 3.25, 2.088, 1.251, 0.0, 0.738, 1.035, 1.481, 1.869, 2.126, 3.655, 4.956, 5.872, 6.638, 5.511, 4.877, 4.773, 4.714, 4.631, 4.914, 6.498, 8.08, 7.791, 6.876, 7.065, 7.388, 7.345, 6.506, 6.518, 6.671, 5.965, 5.866, 6.377, 6.348, 5.432, 5.153, 5.824, 6.63, 6.825, 6.796, 6.838, 6.371, 4.268, 3.942, 4.077, 4.014, 4.084, 4.279, 3.782, 3.506, 3.596, 3.73, 3.943, 4.201, 4.095, 3.84, 3.936, 3.712, 3.777, 3.794, 3.635, 3.855, 3.82, 3.819, 3.706, 3.844, 3.863, 3.854, 3.745, 3.774, 3.681, 3.602, 3.439, 3.457], [2.07, 1.949, 1.689, 1.544, 1.948, 2.242, 2.218, 2.562, 3.327, 3.888, 3.971, 3.165, 3.593, 3.178, 2.111, 1.327, 0.738, 0.0, 0.753, 1.526, 2.081, 2.056, 3.541, 4.882, 5.749, 6.519, 5.26, 4.735, 4.637, 4.602, 4.74, 5.049, 6.399, 7.962, 7.674, 6.792, 7.059, 7.247, 7.109, 6.251, 6.293, 6.474, 5.85, 5.867, 6.462, 6.292, 5.285, 5.261, 5.784, 6.499, 6.689, 6.656, 6.723, 6.216, 4.275, 4.001, 4.199, 4.14, 4.202, 4.345, 3.758, 3.765, 3.814, 3.969, 4.186, 4.44, 4.221, 4.108, 4.038, 3.734, 3.885, 3.964, 3.819, 3.871, 3.94, 3.967, 3.89, 4.016, 4.025, 4.002, 3.933, 3.907, 3.947, 3.788, 3.647, 3.662], [2.44, 2.306, 1.913, 1.687, 2.04, 2.302, 2.212, 2.543, 3.287, 3.86, 3.954, 3.111, 3.158, 2.703, 1.777, 1.194, 1.035, 0.753, 0.0, 1.277, 1.774, 1.738, 3.049, 4.395, 5.281, 6.038, 4.801, 4.447, 4.411, 4.313, 4.601, 4.731, 5.927, 7.485, 7.207, 6.3, 6.559, 6.753, 6.647, 5.934, 6.029, 6.172, 5.464, 5.561, 6.219, 6.04, 5.029, 5.056, 5.367, 6.034, 6.2, 6.194, 6.258, 5.73, 3.973, 3.75, 3.94, 3.938, 3.985, 4.082, 3.551, 3.777, 3.841, 3.998, 4.241, 4.466, 4.33, 4.115, 4.049, 3.822, 3.95, 4.103, 3.939, 3.962, 3.912, 3.942, 3.831, 3.989, 4.004, 4.001, 3.91, 3.869, 3.856, 3.771, 3.64, 3.655], [2.769, 2.581, 2.091, 1.496, 1.549, 1.662, 1.706, 1.956, 2.524, 3.079, 3.246, 2.573, 2.749, 2.259, 1.591, 1.221, 1.481, 1.526, 1.277, 0.0, 1.111, 1.465, 2.64, 3.902, 4.823, 5.587, 4.531, 4.174, 4.04, 3.745, 3.928, 4.296, 5.476, 7.071, 6.807, 5.84, 6.014, 6.275, 6.405, 5.539, 5.478, 5.541, 4.812, 4.901, 5.559, 5.44, 4.729, 4.521, 5.019, 5.637, 5.849, 5.779, 5.836, 5.299, 3.436, 3.248, 3.478, 3.416, 3.482, 3.609, 2.988, 3.077, 3.179, 3.334, 3.673, 3.795, 3.851, 3.482, 3.545, 3.47, 3.47, 3.517, 3.476, 3.574, 3.284, 3.144, 3.095, 3.237, 3.45, 3.52, 3.278, 3.185, 3.142, 3.027, 3.016, 2.919], [3.136, 2.957, 2.445, 1.631, 1.221, 1.354, 1.452, 1.594, 1.993, 2.391, 2.501, 1.968, 2.221, 1.785, 1.192, 1.512, 1.869, 2.081, 1.774, 1.111, 0.0, 1.065, 2.194, 3.468, 4.38, 5.126, 4.045, 3.4, 3.35, 3.201, 3.204, 3.387, 4.951, 6.556, 6.281, 5.369, 5.51, 5.753, 5.908, 5.037, 5.047, 5.227, 4.495, 4.415, 4.933, 4.956, 4.084, 3.769, 4.278, 5.008, 5.257, 5.257, 5.309, 4.858, 2.657, 2.366, 2.545, 2.551, 2.568, 2.749, 2.429, 2.685, 2.919, 2.982, 3.282, 3.467, 3.592, 3.041, 3.001, 2.995, 3.047, 3.187, 3.215, 3.085, 2.703, 2.53, 2.477, 2.692, 2.993, 3.11, 2.809, 2.705, 2.514, 2.527, 2.597, 2.612], [3.414, 3.245, 2.728, 1.892, 1.515, 1.839, 1.891, 2.111, 2.493, 2.863, 2.916, 2.223, 2.214, 1.657, 1.222, 1.808, 2.126, 2.056, 1.738, 1.465, 1.065, 0.0, 1.828, 3.153, 4.072, 4.81, 3.776, 3.598, 3.629, 3.523, 3.696, 3.769, 4.673, 6.323, 6.073, 5.103, 5.349, 5.611, 5.696, 5.13, 5.15, 5.321, 4.508, 4.541, 5.233, 5.127, 4.205, 4.045, 4.27, 4.76, 5.013, 5.025, 5.177, 4.591, 2.827, 2.468, 2.673, 2.766, 2.747, 2.908, 2.602, 3.147, 3.422, 3.506, 3.759, 3.985, 4.142, 3.499, 3.354, 3.456, 3.561, 3.691, 3.746, 3.518, 3.13, 3.037, 2.776, 3.051, 3.395, 3.513, 3.171, 2.974, 2.915, 2.913, 3.058, 3.141], [5.135, 4.952, 4.444, 3.575, 3.078, 3.124, 3.21, 3.361, 3.512, 3.681, 3.528, 2.383, 1.78, 1.795, 2.081, 3.322, 3.655, 3.541, 3.049, 2.64, 2.194, 1.828, 0.0, 1.631, 2.373, 3.265, 2.847, 3.672, 3.857, 3.516, 4.27, 4.371, 4.112, 5.231, 5.029, 4.304, 4.68, 4.855, 4.821, 5.063, 5.07, 4.739, 4.222, 4.392, 5.229, 5.216, 4.263, 4.182, 4.027, 4.005, 4.236, 4.322, 4.295, 3.514, 2.769, 3.093, 3.285, 3.325, 3.19, 3.305, 3.422, 4.191, 4.424, 4.521, 4.777, 4.938, 5.222, 4.52, 4.366, 4.447, 4.551, 4.857, 5.018, 4.575, 4.154, 3.986, 3.655, 3.911, 4.397, 4.677, 4.234, 3.903, 4.026, 3.881, 4.037, 4.147], [6.439, 6.254, 5.728, 4.841, 4.36, 4.389, 4.438, 4.347, 4.267, 4.089, 3.666, 2.583, 1.895, 2.253, 3.323, 4.639, 4.956, 4.882, 4.395, 3.902, 3.468, 3.153, 1.631, 0.0, 1.19, 2.0, 2.268, 3.42, 3.548, 3.329, 4.091, 4.174, 3.755, 4.515, 4.459, 3.95, 4.11, 4.343, 4.075, 4.597, 4.483, 4.187, 3.81, 3.866, 4.692, 4.767, 3.972, 3.91, 3.613, 3.622, 3.886, 3.947, 3.834, 3.015, 2.761, 3.429, 3.495, 3.6, 3.365, 3.375, 3.316, 4.308, 4.969, 5.154, 5.346, 5.442, 5.703, 4.841, 4.812, 5.107, 5.242, 5.648, 6.017, 5.21, 4.516, 4.402, 4.18, 4.691, 5.369, 5.7, 5.134, 4.786, 4.791, 4.651, 4.993, 5.265], [7.329, 7.121, 6.617, 5.759, 5.291, 5.273, 5.318, 5.225, 5.141, 4.962, 4.38, 3.197, 2.536, 2.913, 4.047, 5.536, 5.872, 5.749, 5.281, 4.823, 4.38, 4.072, 2.373, 1.19, 0.0, 1.164, 2.367, 3.726, 3.999, 3.745, 4.644, 4.746, 4.026, 4.595, 4.521, 4.384, 4.566, 4.638, 4.42, 4.905, 4.705, 4.294, 4.177, 4.163, 4.912, 5.102, 4.478, 4.505, 4.094, 3.758, 3.805, 3.934, 3.912, 3.179, 3.369, 4.069, 4.153, 4.229, 3.951, 3.741, 4.183, 5.206, 5.879, 6.016, 6.228, 6.323, 6.615, 5.734, 5.698, 5.935, 6.109, 6.542, 6.904, 6.141, 5.452, 5.316, 5.082, 5.447, 6.15, 6.582, 6.02, 5.58, 5.622, 5.483, 5.872, 6.159], [8.072, 7.875, 7.331, 6.446, 5.988, 5.893, 5.943, 5.804, 5.662, 5.399, 4.764, 4.025, 3.344, 3.496, 4.785, 6.289, 6.638, 6.519, 6.038, 5.587, 5.126, 4.81, 3.265, 2.0, 1.164, 0.0, 2.129, 3.458, 3.729, 3.509, 4.412, 4.533, 3.74, 4.438, 4.257, 4.124, 4.272, 4.319, 4.127, 4.608, 4.384, 3.997, 3.88, 3.863, 4.655, 4.805, 4.355, 4.482, 3.984, 3.536, 3.559, 3.661, 3.628, 2.903, 3.495, 4.327, 4.523, 4.774, 4.512, 4.085, 4.305, 5.464, 6.203, 6.473, 6.691, 6.773, 6.938, 6.024, 5.975, 6.347, 6.461, 7.022, 7.463, 6.617, 5.913, 5.728, 5.621, 6.055, 6.774, 7.245, 6.729, 6.218, 6.081, 6.112, 6.573, 6.94], [6.819, 6.629, 6.059, 5.191, 4.72, 4.601, 4.712, 4.621, 4.452, 4.302, 3.826, 3.088, 2.551, 2.631, 3.748, 5.114, 5.511, 5.26, 4.801, 4.531, 4.045, 3.776, 2.847, 2.268, 2.367, 2.129, 0.0, 1.495, 1.869, 1.864, 2.642, 2.749, 2.41, 3.474, 3.123, 2.691, 3.117, 3.292, 2.604, 2.652, 2.538, 2.242, 2.05, 2.13, 3.033, 2.971, 2.609, 2.944, 2.474, 1.969, 2.142, 2.227, 2.41, 1.842, 2.355, 3.327, 3.586, 3.911, 3.701, 3.202, 2.724, 4.042, 4.967, 5.182, 5.42, 5.645, 5.494, 4.677, 4.524, 4.928, 5.246, 5.628, 6.139, 5.331, 4.672, 4.611, 4.677, 5.189, 5.796, 6.13, 5.677, 5.188, 5.0, 5.062, 5.579, 5.921], [5.998, 5.792, 5.266, 4.477, 4.009, 3.911, 4.001, 3.835, 3.667, 3.516, 3.064, 2.629, 2.597, 2.652, 3.349, 4.456, 4.877, 4.735, 4.447, 4.174, 3.4, 3.598, 3.672, 3.42, 3.726, 3.458, 1.495, 0.0, 0.928, 1.146, 1.44, 1.594, 2.265, 3.658, 3.353, 2.709, 2.984, 3.467, 2.813, 2.19, 2.414, 2.637, 1.956, 2.076, 2.555, 2.47, 1.976, 1.999, 2.103, 2.139, 2.305, 2.295, 2.38, 2.142, 1.816, 2.608, 2.85, 3.198, 2.962, 2.406, 2.216, 3.195, 4.178, 4.353, 4.571, 4.857, 4.677, 3.815, 3.581, 4.144, 4.447, 4.757, 5.285, 4.498, 3.833, 3.802, 3.902, 4.468, 5.044, 5.365, 4.888, 4.42, 4.202, 4.286, 4.803, 5.143], [5.937, 5.732, 5.21, 4.287, 3.894, 3.729, 3.845, 3.729, 3.575, 3.424, 3.028, 2.49, 2.642, 2.767, 3.515, 4.416, 4.773, 4.637, 4.411, 4.04, 3.35, 3.629, 3.857, 3.548, 3.999, 3.729, 1.869, 0.928, 0.0, 0.698, 1.072, 1.298, 2.303, 3.747, 3.432, 2.546, 2.856, 3.194, 2.807, 1.846, 1.956, 2.229, 1.538, 1.613, 2.068, 2.019, 1.37, 1.373, 1.599, 2.145, 2.409, 2.4, 2.454, 1.998, 2.222, 2.873, 3.052, 3.312, 3.175, 2.608, 1.736, 2.939, 3.95, 4.222, 4.462, 4.709, 4.521, 3.551, 3.439, 4.078, 4.246, 4.671, 5.209, 4.391, 3.631, 3.598, 3.756, 4.373, 4.931, 5.265, 4.795, 4.401, 4.103, 4.175, 4.702, 5.036], [5.883, 5.631, 5.128, 4.219, 3.861, 3.624, 3.704, 3.546, 3.369, 3.183, 2.78, 2.271, 2.318, 2.431, 3.303, 4.227, 4.714, 4.602, 4.313, 3.745, 3.201, 3.523, 3.516, 3.329, 3.745, 3.509, 1.864, 1.146, 0.698, 0.0, 1.113, 1.534, 2.313, 3.821, 3.506, 2.634, 2.951, 3.131, 3.096, 2.168, 2.334, 2.474, 1.759, 1.821, 2.256, 2.246, 1.525, 1.486, 1.718, 2.281, 2.491, 2.462, 2.484, 2.08, 1.882, 2.686, 2.824, 3.102, 2.976, 2.418, 1.762, 2.963, 3.857, 4.025, 4.333, 4.467, 4.475, 3.53, 3.391, 3.941, 4.08, 4.577, 5.113, 4.354, 3.605, 3.423, 3.534, 4.076, 4.671, 5.085, 4.615, 4.184, 3.947, 3.982, 4.445, 4.779], [5.259, 5.097, 4.584, 3.842, 3.524, 3.329, 3.281, 3.026, 2.89, 2.762, 2.432, 2.591, 3.193, 3.059, 3.648, 4.304, 4.631, 4.74, 4.601, 3.928, 3.204, 3.696, 4.27, 4.091, 4.644, 4.412, 2.642, 1.44, 1.072, 1.113, 0.0, 1.285, 2.861, 4.495, 4.187, 3.236, 3.376, 3.588, 3.617, 2.599, 2.552, 2.74, 2.083, 2.001, 2.285, 2.391, 1.739, 1.473, 2.067, 2.825, 3.134, 3.132, 3.144, 2.752, 2.091, 2.511, 2.61, 2.846, 2.888, 2.267, 1.623, 2.184, 3.141, 3.426, 3.662, 3.915, 3.807, 2.744, 2.829, 3.527, 3.615, 3.948, 4.463, 3.789, 2.968, 2.822, 3.085, 3.739, 4.284, 4.613, 4.068, 3.777, 3.438, 3.47, 3.92, 4.23], [6.199, 5.994, 5.447, 4.61, 4.119, 4.05, 4.12, 3.962, 3.834, 3.639, 3.281, 3.015, 3.332, 3.131, 3.702, 4.569, 4.914, 5.049, 4.731, 4.296, 3.387, 3.769, 4.371, 4.174, 4.746, 4.533, 2.749, 1.594, 1.298, 1.534, 1.285, 0.0, 1.846, 3.467, 3.165, 2.255, 2.382, 2.659, 2.707, 2.028, 2.287, 2.517, 1.896, 1.979, 2.053, 1.878, 1.394, 1.453, 1.441, 1.992, 2.22, 2.156, 2.223, 2.356, 2.498, 3.044, 3.186, 3.465, 3.328, 2.764, 1.978, 2.934, 4.061, 4.375, 4.614, 4.872, 4.792, 3.606, 3.696, 4.418, 4.506, 4.933, 5.464, 4.728, 3.883, 3.795, 3.919, 4.607, 5.157, 5.478, 4.957, 4.607, 4.236, 4.371, 4.864, 5.221], [7.887, 7.69, 7.138, 6.268, 5.809, 5.654, 5.739, 5.621, 5.43, 5.106, 4.456, 3.835, 3.391, 3.387, 4.642, 6.158, 6.498, 6.399, 5.927, 5.476, 4.951, 4.673, 4.112, 3.755, 4.026, 3.74, 2.41, 2.265, 2.303, 2.313, 2.861, 1.846, 0.0, 1.679, 1.488, 1.336, 1.593, 1.708, 1.85, 1.995, 2.446, 2.369, 1.824, 2.102, 2.25, 1.989, 2.072, 2.244, 1.709, 1.316, 1.303, 1.078, 1.119, 1.573, 2.923, 3.915, 4.106, 4.467, 4.236, 3.588, 3.407, 4.649, 5.598, 5.985, 6.29, 6.435, 6.449, 5.263, 5.285, 5.928, 6.005, 6.642, 7.232, 6.386, 5.535, 5.371, 5.377, 5.867, 6.595, 7.02, 6.486, 5.963, 5.856, 5.85, 6.346, 6.717], [9.503, 9.303, 8.735, 7.878, 7.426, 7.277, 7.343, 7.228, 7.03, 6.714, 6.073, 5.274, 4.642, 4.921, 6.237, 7.737, 8.08, 7.962, 7.485, 7.071, 6.556, 6.323, 5.231, 4.515, 4.595, 4.438, 3.474, 3.658, 3.747, 3.821, 4.495, 3.467, 1.679, 0.0, 0.964, 1.662, 1.934, 2.009, 1.934, 2.473, 3.047, 2.88, 2.725, 3.038, 2.97, 2.664, 3.242, 3.68, 2.875, 2.318, 1.98, 1.772, 1.576, 2.235, 4.444, 5.376, 5.564, 5.872, 5.631, 4.953, 4.957, 6.273, 7.211, 7.604, 7.908, 8.047, 8.075, 6.88, 6.882, 7.504, 7.606, 8.251, 8.853, 8.019, 7.151, 6.981, 6.957, 7.454, 8.188, 8.642, 8.107, 7.56, 7.477, 7.468, 7.963, 8.273], [9.211, 9.008, 8.454, 7.58, 7.146, 6.991, 7.06, 6.941, 6.759, 6.424, 5.764, 5.048, 4.443, 4.68, 5.923, 7.457, 7.791, 7.674, 7.207, 6.807, 6.281, 6.073, 5.029, 4.459, 4.521, 4.257, 3.123, 3.353, 3.432, 3.506, 4.187, 3.165, 1.488, 0.964, 0.0, 1.207, 1.49, 1.662, 1.507, 2.103, 2.672, 2.593, 2.473, 2.677, 2.628, 2.324, 2.891, 3.363, 2.491, 1.949, 1.66, 1.505, 1.515, 2.167, 4.181, 5.195, 5.394, 5.711, 5.46, 4.768, 4.679, 5.978, 6.922, 7.302, 7.606, 7.768, 7.779, 6.572, 6.603, 7.225, 7.325, 7.956, 8.555, 7.709, 6.864, 6.702, 6.696, 7.18, 7.902, 8.334, 7.803, 7.25, 7.178, 7.16, 7.67, 8.046], [8.332, 8.137, 7.566, 6.688, 6.197, 6.124, 6.163, 6.01, 5.837, 5.53, 5.021, 4.298, 3.828, 3.969, 5.227, 6.56, 6.876, 6.792, 6.3, 5.84, 5.369, 5.103, 4.304, 3.95, 4.384, 4.124, 2.691, 2.709, 2.546, 2.634, 3.236, 2.255, 1.336, 1.662, 1.207, 0.0, 0.92, 1.377, 1.208, 1.715, 2.184, 2.175, 1.865, 2.15, 2.298, 1.823, 2.053, 2.47, 1.773, 1.566, 1.776, 1.555, 1.57, 1.903, 3.647, 4.625, 4.769, 5.172, 4.958, 4.318, 3.734, 5.062, 6.026, 6.425, 6.721, 6.858, 6.887, 5.659, 5.741, 6.426, 6.489, 7.063, 7.617, 6.851, 5.979, 5.786, 5.776, 6.445, 7.066, 7.468, 6.899, 6.424, 6.251, 6.287, 6.763, 7.134], [8.531, 8.351, 7.741, 6.897, 6.4, 6.328, 6.374, 6.229, 6.035, 5.783, 5.325, 4.693, 4.373, 4.293, 5.544, 6.743, 7.065, 7.059, 6.559, 6.014, 5.51, 5.349, 4.68, 4.11, 4.566, 4.272, 3.117, 2.984, 2.856, 2.951, 3.376, 2.382, 1.593, 1.934, 1.49, 0.92, 0.0, 1.018, 1.121, 2.038, 2.472, 2.447, 2.138, 2.454, 2.57, 2.041, 2.535, 2.788, 2.302, 2.099, 2.22, 1.866, 1.731, 2.22, 3.961, 4.961, 5.15, 5.526, 5.335, 4.719, 4.027, 5.263, 6.234, 6.616, 6.921, 7.021, 7.077, 5.879, 5.969, 6.67, 6.728, 7.268, 7.8, 7.061, 6.194, 5.985, 6.017, 6.711, 7.321, 7.722, 7.143, 6.737, 6.43, 6.555, 6.986, 7.348], [8.71, 8.488, 7.901, 7.025, 6.575, 6.47, 6.542, 6.377, 6.164, 5.965, 5.39, 4.924, 4.607, 4.435, 5.723, 6.914, 7.388, 7.247, 6.753, 6.275, 5.753, 5.611, 4.855, 4.343, 4.638, 4.319, 3.292, 3.467, 3.194, 3.131, 3.588, 2.659, 1.708, 2.009, 1.662, 1.377, 1.018, 0.0, 1.357, 2.321, 2.859, 2.608, 2.503, 2.847, 2.983, 2.457, 2.734, 3.123, 2.626, 2.426, 2.452, 2.261, 2.003, 2.488, 4.069, 5.002, 5.221, 5.535, 5.388, 4.796, 4.128, 5.46, 6.448, 6.831, 7.131, 7.219, 7.209, 6.105, 6.141, 6.764, 6.841, 7.414, 7.971, 7.168, 6.328, 6.135, 6.253, 6.739, 7.443, 7.916, 7.386, 6.921, 6.685, 6.758, 7.218, 7.531], [8.667, 8.464, 7.92, 7.029, 6.543, 6.439, 6.576, 6.487, 6.336, 6.177, 5.735, 5.035, 4.473, 4.633, 5.723, 6.928, 7.345, 7.109, 6.647, 6.405, 5.908, 5.696, 4.821, 4.075, 4.42, 4.127, 2.604, 2.813, 2.807, 3.096, 3.617, 2.707, 1.85, 1.934, 1.507, 1.208, 1.121, 1.357, 0.0, 1.597, 2.022, 1.998, 2.032, 2.31, 2.383, 1.992, 2.366, 3.137, 2.284, 1.959, 2.041, 1.77, 1.68, 2.199, 4.318, 5.275, 5.511, 5.889, 5.664, 5.049, 4.168, 5.57, 6.665, 6.992, 7.235, 7.467, 7.256, 6.209, 6.118, 6.78, 6.972, 7.408, 7.959, 7.129, 6.369, 6.33, 6.494, 7.139, 7.706, 8.032, 7.554, 7.096, 6.859, 6.951, 7.469, 7.811], [7.643, 7.447, 6.934, 6.019, 5.561, 5.414, 5.563, 5.45, 5.291, 5.141, 4.747, 4.178, 3.886, 4.23, 5.115, 6.064, 6.506, 6.251, 5.934, 5.539, 5.037, 5.13, 5.063, 4.597, 4.905, 4.608, 2.652, 2.19, 1.846, 2.168, 2.599, 2.028, 1.995, 2.473, 2.103, 1.715, 2.038, 2.321, 1.597, 0.0, 0.845, 1.24, 1.213, 1.364, 1.176, 1.164, 1.66, 2.242, 1.772, 1.68, 1.551, 1.601, 1.902, 2.378, 3.807, 4.615, 4.809, 5.07, 4.912, 4.343, 3.179, 4.533, 5.615, 5.951, 6.19, 6.43, 6.261, 5.178, 5.127, 5.805, 5.982, 6.368, 6.915, 6.128, 5.377, 5.28, 5.469, 6.12, 6.671, 6.995, 6.522, 6.084, 5.878, 5.908, 6.428, 6.768], [7.577, 7.338, 6.87, 5.938, 5.471, 5.331, 5.512, 5.387, 5.249, 5.165, 4.829, 4.258, 4.117, 4.364, 5.315, 6.145, 6.518, 6.293, 6.029, 5.478, 5.047, 5.15, 5.07, 4.483, 4.705, 4.384, 2.538, 2.414, 1.956, 2.334, 2.552, 2.287, 2.446, 3.047, 2.672, 2.184, 2.472, 2.859, 2.022, 0.845, 0.0, 0.935, 1.223, 1.118, 1.27, 1.34, 1.951, 2.429, 2.076, 1.933, 1.832, 2.039, 2.336, 2.461, 4.088, 4.786, 4.946, 5.194, 5.042, 4.474, 3.166, 4.441, 5.53, 5.85, 6.089, 6.347, 6.162, 5.095, 5.178, 5.826, 5.946, 6.279, 6.812, 6.063, 5.378, 5.19, 5.52, 6.149, 6.688, 7.018, 6.493, 6.185, 5.871, 5.867, 6.335, 6.67], [7.728, 7.514, 7.001, 6.052, 5.662, 5.505, 5.609, 5.471, 5.349, 5.245, 4.96, 4.365, 4.122, 4.405, 5.465, 6.302, 6.671, 6.474, 6.172, 5.541, 5.227, 5.321, 4.739, 4.187, 4.294, 3.997, 2.242, 2.637, 2.229, 2.474, 2.74, 2.517, 2.369, 2.88, 2.593, 2.175, 2.447, 2.608, 1.998, 1.24, 0.935, 0.0, 0.964, 1.059, 1.39, 1.485, 2.314, 2.698, 2.329, 1.908, 1.857, 2.03, 2.249, 2.334, 4.217, 5.007, 5.148, 5.397, 5.245, 4.694, 3.252, 4.522, 5.614, 5.967, 6.204, 6.442, 6.265, 5.165, 5.347, 6.0, 6.077, 6.428, 6.956, 6.265, 5.537, 5.271, 5.653, 6.271, 6.793, 7.123, 6.6, 6.316, 6.034, 5.988, 6.465, 6.782], [7.101, 6.949, 6.426, 5.498, 5.092, 4.908, 4.966, 4.828, 4.663, 4.481, 4.2, 3.605, 3.339, 3.584, 4.647, 5.576, 5.965, 5.85, 5.464, 4.812, 4.495, 4.508, 4.222, 3.81, 4.177, 3.88, 2.05, 1.956, 1.538, 1.759, 2.083, 1.896, 1.824, 2.725, 2.473, 1.865, 2.138, 2.503, 2.032, 1.213, 1.223, 0.964, 0.0, 0.719, 1.366, 1.243, 1.831, 2.12, 1.892, 1.746, 1.733, 1.67, 1.83, 1.838, 3.407, 4.179, 4.357, 4.606, 4.454, 3.88, 2.573, 3.865, 4.915, 5.28, 5.534, 5.751, 5.712, 4.511, 4.655, 5.356, 5.377, 5.841, 6.381, 5.684, 4.862, 4.582, 4.879, 5.526, 6.042, 6.368, 5.854, 5.562, 5.317, 5.3, 5.776, 6.09], [7.044, 6.849, 6.305, 5.41, 4.985, 4.828, 4.885, 4.738, 4.59, 4.38, 4.083, 3.515, 3.438, 3.725, 4.731, 5.623, 5.866, 5.867, 5.561, 4.901, 4.415, 4.541, 4.392, 3.866, 4.163, 3.863, 2.13, 2.076, 1.613, 1.821, 2.001, 1.979, 2.102, 3.038, 2.677, 2.15, 2.454, 2.847, 2.31, 1.364, 1.118, 1.059, 0.719, 0.0, 1.076, 1.223, 1.733, 2.02, 1.772, 1.711, 1.77, 1.961, 2.195, 2.112, 3.511, 4.197, 4.283, 4.536, 4.38, 3.851, 2.536, 3.728, 4.774, 5.084, 5.364, 5.59, 5.582, 4.37, 4.627, 5.295, 5.294, 5.724, 6.265, 5.607, 4.8, 4.495, 4.747, 5.386, 5.91, 6.262, 5.724, 5.464, 5.17, 5.147, 5.624, 5.932], [7.307, 7.117, 6.569, 5.692, 5.35, 5.205, 5.183, 5.014, 4.914, 4.649, 4.273, 3.961, 4.014, 4.421, 5.282, 6.191, 6.377, 6.462, 6.219, 5.559, 4.933, 5.233, 5.229, 4.692, 4.912, 4.655, 3.033, 2.555, 2.068, 2.256, 2.285, 2.053, 2.25, 2.97, 2.628, 2.298, 2.57, 2.983, 2.383, 1.176, 1.27, 1.39, 1.366, 1.076, 0.0, 0.987, 1.719, 1.802, 1.604, 1.717, 1.73, 1.86, 2.178, 2.687, 3.961, 4.478, 4.495, 4.72, 4.658, 4.145, 3.018, 4.068, 5.079, 5.28, 5.589, 5.802, 5.811, 4.562, 4.842, 5.525, 5.563, 5.991, 6.508, 5.819, 5.005, 4.731, 4.899, 5.516, 6.059, 6.434, 5.921, 5.609, 5.31, 5.306, 5.803, 6.135], [7.37, 7.13, 6.621, 5.772, 5.258, 5.19, 5.215, 5.023, 4.879, 4.759, 4.453, 3.953, 4.055, 4.311, 5.299, 6.147, 6.348, 6.292, 6.04, 5.44, 4.956, 5.127, 5.216, 4.767, 5.102, 4.805, 2.971, 2.47, 2.019, 2.246, 2.391, 1.878, 1.989, 2.664, 2.324, 1.823, 2.041, 2.457, 1.992, 1.164, 1.34, 1.485, 1.243, 1.223, 0.987, 0.0, 1.44, 1.888, 1.595, 1.704, 1.802, 1.755, 1.915, 2.55, 4.024, 4.654, 4.746, 5.016, 4.836, 4.389, 2.876, 4.171, 5.158, 5.505, 5.771, 5.953, 5.893, 4.729, 4.929, 5.615, 5.65, 6.068, 6.571, 5.845, 5.044, 4.799, 5.117, 5.727, 6.236, 6.589, 6.04, 5.791, 5.534, 5.432, 5.934, 6.264], [6.585, 6.392, 5.897, 4.978, 4.545, 4.425, 4.458, 4.333, 4.203, 3.989, 3.531, 2.968, 3.103, 3.316, 4.133, 5.195, 5.432, 5.285, 5.029, 4.729, 4.084, 4.205, 4.263, 3.972, 4.478, 4.355, 2.609, 1.976, 1.37, 1.525, 1.739, 1.394, 2.072, 3.242, 2.891, 2.053, 2.535, 2.734, 2.366, 1.66, 1.951, 2.314, 1.831, 1.733, 1.719, 1.44, 0.0, 0.967, 0.909, 1.763, 2.109, 2.144, 2.087, 2.213, 2.858, 3.48, 3.581, 3.85, 3.675, 3.219, 2.131, 3.421, 4.481, 4.805, 5.038, 5.264, 5.184, 4.067, 4.033, 4.719, 4.817, 5.349, 5.873, 5.066, 4.227, 4.124, 4.308, 4.904, 5.504, 5.831, 5.356, 4.887, 4.722, 4.75, 5.274, 5.612], [6.11, 5.925, 5.43, 4.61, 4.299, 4.067, 4.026, 3.763, 3.617, 3.27, 2.824, 2.616, 2.972, 3.116, 3.984, 5.041, 5.153, 5.261, 5.056, 4.521, 3.769, 4.045, 4.182, 3.91, 4.505, 4.482, 2.944, 1.999, 1.373, 1.486, 1.473, 1.453, 2.244, 3.68, 3.363, 2.47, 2.788, 3.123, 3.137, 2.242, 2.429, 2.698, 2.12, 2.02, 1.802, 1.888, 0.967, 0.0, 1.107, 2.045, 2.442, 2.521, 2.43, 2.43, 2.372, 2.897, 2.869, 3.14, 3.154, 2.625, 1.974, 2.942, 3.784, 4.167, 4.441, 4.549, 4.59, 3.426, 3.555, 4.153, 4.261, 4.796, 5.324, 4.532, 3.706, 3.525, 3.531, 4.165, 4.799, 5.207, 4.633, 4.182, 3.987, 4.005, 4.456, 4.839], [7.032, 6.839, 6.283, 5.435, 5.045, 4.852, 4.887, 4.725, 4.552, 4.263, 3.742, 3.194, 3.0, 3.349, 4.331, 5.6, 5.824, 5.784, 5.367, 5.019, 4.278, 4.27, 4.027, 3.613, 4.094, 3.984, 2.474, 2.103, 1.599, 1.718, 2.067, 1.441, 1.709, 2.875, 2.491, 1.773, 2.302, 2.626, 2.284, 1.772, 2.076, 2.329, 1.892, 1.772, 1.604, 1.595, 0.909, 1.107, 0.0, 1.142, 1.658, 1.793, 1.921, 2.03, 2.895, 3.558, 3.583, 3.869, 3.758, 3.147, 2.605, 3.799, 4.734, 5.101, 5.393, 5.562, 5.575, 4.351, 4.493, 5.142, 5.191, 5.761, 6.311, 5.529, 4.665, 4.492, 4.48, 5.09, 5.702, 6.124, 5.566, 5.117, 4.921, 4.967, 5.473, 5.855], [7.906, 7.704, 7.172, 6.309, 5.857, 5.73, 5.746, 5.637, 5.431, 5.164, 4.603, 3.961, 3.483, 3.705, 4.8, 6.321, 6.63, 6.499, 6.034, 5.637, 5.008, 4.76, 4.005, 3.622, 3.758, 3.536, 1.969, 2.139, 2.145, 2.281, 2.825, 1.992, 1.316, 2.318, 1.949, 1.566, 2.099, 2.426, 1.959, 1.68, 1.933, 1.908, 1.746, 1.711, 1.717, 1.704, 1.763, 2.045, 1.142, 0.0, 0.818, 1.15, 1.382, 1.711, 3.202, 4.128, 4.294, 4.68, 4.491, 3.815, 3.417, 4.685, 5.61, 5.985, 6.277, 6.467, 6.473, 5.239, 5.343, 5.992, 6.056, 6.648, 7.209, 6.381, 5.523, 5.381, 5.381, 5.993, 6.624, 7.022, 6.456, 5.963, 5.82, 5.852, 6.378, 6.767], [8.184, 7.983, 7.433, 6.563, 6.1, 5.963, 6.022, 5.933, 5.724, 5.43, 4.85, 4.196, 3.691, 3.796, 4.943, 6.53, 6.825, 6.689, 6.2, 5.849, 5.257, 5.013, 4.236, 3.886, 3.805, 3.559, 2.142, 2.305, 2.409, 2.491, 3.134, 2.22, 1.303, 1.98, 1.66, 1.776, 2.22, 2.452, 2.041, 1.551, 1.832, 1.857, 1.733, 1.77, 1.73, 1.802, 2.109, 2.442, 1.658, 0.818, 0.0, 0.666, 1.106, 1.528, 3.351, 4.271, 4.505, 4.78, 4.547, 3.86, 3.646, 4.961, 5.965, 6.257, 6.574, 6.75, 6.755, 5.491, 5.601, 6.207, 6.316, 6.931, 7.516, 6.665, 5.835, 5.675, 5.738, 6.179, 6.828, 7.253, 6.828, 6.326, 6.159, 6.216, 6.745, 7.117], [8.198, 7.994, 7.443, 6.573, 6.108, 5.968, 6.044, 5.938, 5.735, 5.434, 4.853, 4.18, 3.698, 3.703, 4.908, 6.493, 6.796, 6.656, 6.194, 5.779, 5.257, 5.025, 4.322, 3.947, 3.934, 3.661, 2.227, 2.295, 2.4, 2.462, 3.132, 2.156, 1.078, 1.772, 1.505, 1.555, 1.866, 2.261, 1.77, 1.601, 2.039, 2.03, 1.67, 1.961, 1.86, 1.755, 2.144, 2.521, 1.793, 1.15, 0.666, 0.0, 0.738, 1.37, 3.308, 4.278, 4.514, 4.841, 4.608, 3.913, 3.68, 4.963, 5.982, 6.265, 6.579, 6.761, 6.76, 5.536, 5.607, 6.205, 6.313, 6.944, 7.529, 6.678, 5.841, 5.677, 5.748, 6.231, 6.866, 7.301, 6.842, 6.341, 6.175, 6.231, 6.755, 7.128], [8.227, 8.021, 7.471, 6.605, 6.153, 6.008, 6.069, 5.951, 5.742, 5.459, 4.9, 4.26, 3.829, 3.779, 5.009, 6.485, 6.838, 6.723, 6.258, 5.836, 5.309, 5.177, 4.295, 3.834, 3.912, 3.628, 2.41, 2.38, 2.454, 2.484, 3.144, 2.223, 1.119, 1.576, 1.515, 1.57, 1.731, 2.003, 1.68, 1.902, 2.336, 2.249, 1.83, 2.195, 2.178, 1.915, 2.087, 2.43, 1.921, 1.382, 1.106, 0.738, 0.0, 1.159, 3.276, 4.288, 4.6, 4.944, 4.712, 4.017, 3.703, 5.003, 6.006, 6.368, 6.666, 6.765, 6.779, 5.635, 5.615, 6.247, 6.332, 6.972, 7.551, 6.704, 5.851, 5.691, 5.794, 6.304, 6.966, 7.405, 6.93, 6.425, 6.249, 6.311, 6.774, 7.102], [7.77, 7.568, 7.019, 6.147, 5.676, 5.53, 5.61, 5.501, 5.29, 5.06, 4.486, 3.842, 3.332, 3.271, 4.533, 5.988, 6.371, 6.216, 5.73, 5.299, 4.858, 4.591, 3.514, 3.015, 3.179, 2.903, 1.842, 2.142, 1.998, 2.08, 2.752, 2.356, 1.573, 2.235, 2.167, 1.903, 2.22, 2.488, 2.199, 2.378, 2.461, 2.334, 1.838, 2.112, 2.687, 2.55, 2.213, 2.43, 2.03, 1.711, 1.528, 1.37, 1.159, 0.0, 2.853, 3.857, 4.169, 4.479, 4.247, 3.565, 3.224, 4.601, 5.549, 5.936, 6.227, 6.355, 6.342, 5.215, 5.172, 5.783, 5.885, 6.517, 7.1, 6.25, 5.396, 5.241, 5.38, 5.884, 6.558, 6.972, 6.469, 5.961, 5.786, 5.85, 6.343, 6.681], [5.173, 4.996, 4.466, 3.794, 3.438, 3.229, 3.211, 2.959, 2.647, 2.427, 1.889, 2.026, 1.981, 1.695, 2.495, 3.799, 4.268, 4.275, 3.973, 3.436, 2.657, 2.827, 2.769, 2.761, 3.369, 3.495, 2.355, 1.816, 2.222, 1.882, 2.091, 2.498, 2.923, 4.444, 4.181, 3.647, 3.961, 4.069, 4.318, 3.807, 4.088, 4.217, 3.407, 3.511, 3.961, 4.024, 2.858, 2.372, 2.895, 3.202, 3.351, 3.308, 3.276, 2.853, 0.0, 1.183, 1.421, 1.773, 1.599, 1.335, 2.037, 2.435, 3.115, 3.404, 3.654, 3.753, 3.868, 2.973, 2.862, 3.273, 3.448, 3.97, 4.454, 3.682, 2.989, 2.83, 2.741, 3.125, 3.843, 4.309, 3.771, 3.276, 3.143, 3.167, 3.615, 3.922], [4.304, 4.147, 3.643, 3.186, 2.787, 2.54, 2.59, 2.249, 1.854, 1.714, 1.565, 2.201, 2.396, 1.893, 2.177, 3.312, 3.942, 4.001, 3.75, 3.248, 2.366, 2.468, 3.093, 3.429, 4.069, 4.327, 3.327, 2.608, 2.873, 2.686, 2.511, 3.044, 3.915, 5.376, 5.195, 4.625, 4.961, 5.002, 5.275, 4.615, 4.786, 5.007, 4.179, 4.197, 4.478, 4.654, 3.48, 2.897, 3.558, 4.128, 4.271, 4.278, 4.288, 3.857, 1.183, 0.0, 0.777, 1.106, 1.135, 1.116, 2.048, 1.768, 2.206, 2.569, 2.837, 2.965, 3.013, 2.169, 2.048, 2.402, 2.48, 3.074, 3.588, 2.802, 2.024, 1.916, 1.724, 2.196, 2.99, 3.484, 2.936, 2.464, 2.317, 2.296, 2.728, 2.996], [4.293, 4.156, 3.679, 3.318, 2.936, 2.63, 2.65, 2.271, 1.791, 1.418, 1.31, 2.058, 2.324, 1.939, 2.368, 3.529, 4.077, 4.199, 3.94, 3.478, 2.545, 2.673, 3.285, 3.495, 4.153, 4.523, 3.586, 2.85, 3.052, 2.824, 2.61, 3.186, 4.106, 5.564, 5.394, 4.769, 5.15, 5.221, 5.511, 4.809, 4.946, 5.148, 4.357, 4.283, 4.495, 4.746, 3.581, 2.869, 3.583, 4.294, 4.505, 4.514, 4.6, 4.169, 1.421, 0.777, 0.0, 0.727, 0.968, 1.014, 2.149, 1.881, 2.206, 2.386, 2.692, 2.81, 2.969, 2.236, 1.869, 2.27, 2.439, 2.939, 3.44, 2.656, 2.05, 1.912, 1.56, 1.999, 2.784, 3.28, 2.673, 2.201, 2.095, 2.025, 2.54, 2.809], [4.27, 4.179, 3.702, 3.251, 2.927, 2.642, 2.577, 2.252, 1.788, 1.55, 1.38, 2.01, 2.291, 2.066, 2.413, 3.479, 4.014, 4.14, 3.938, 3.416, 2.551, 2.766, 3.325, 3.6, 4.229, 4.774, 3.911, 3.198, 3.312, 3.102, 2.846, 3.465, 4.467, 5.872, 5.711, 5.172, 5.526, 5.535, 5.889, 5.07, 5.194, 5.397, 4.606, 4.536, 4.72, 5.016, 3.85, 3.14, 3.869, 4.68, 4.78, 4.841, 4.944, 4.479, 1.773, 1.106, 0.727, 0.0, 0.835, 1.11, 2.397, 2.049, 2.284, 2.466, 2.681, 2.814, 2.998, 2.278, 2.046, 2.327, 2.562, 2.998, 3.429, 2.666, 2.077, 1.995, 1.615, 1.937, 2.718, 3.22, 2.682, 2.208, 2.12, 2.023, 2.482, 2.747], [4.485, 4.334, 3.863, 3.435, 2.992, 2.767, 2.852, 2.547, 2.069, 1.83, 1.497, 1.767, 2.055, 1.967, 2.432, 3.499, 4.084, 4.202, 3.985, 3.482, 2.568, 2.747, 3.19, 3.365, 3.951, 4.512, 3.701, 2.962, 3.175, 2.976, 2.888, 3.328, 4.236, 5.631, 5.46, 4.958, 5.335, 5.388, 5.664, 4.912, 5.042, 5.245, 4.454, 4.38, 4.658, 4.836, 3.675, 3.154, 3.758, 4.491, 4.547, 4.608, 4.712, 4.247, 1.599, 1.135, 0.968, 0.835, 0.0, 1.08, 2.399, 2.229, 2.582, 2.895, 3.052, 3.189, 3.388, 2.699, 2.486, 2.749, 2.874, 3.392, 3.81, 3.027, 2.318, 2.155, 1.95, 2.288, 3.107, 3.609, 3.067, 2.566, 2.533, 2.398, 2.846, 3.084], [4.928, 4.836, 4.3, 3.666, 3.284, 2.991, 3.005, 2.79, 2.434, 2.173, 1.609, 1.81, 2.139, 1.969, 2.595, 3.852, 4.279, 4.345, 4.082, 3.609, 2.749, 2.908, 3.305, 3.375, 3.741, 4.085, 3.202, 2.406, 2.608, 2.418, 2.267, 2.764, 3.588, 4.953, 4.768, 4.318, 4.719, 4.796, 5.049, 4.343, 4.474, 4.694, 3.88, 3.851, 4.145, 4.389, 3.219, 2.625, 3.147, 3.815, 3.86, 3.913, 4.017, 3.565, 1.335, 1.116, 1.014, 1.11, 1.08, 0.0, 2.028, 2.154, 2.767, 3.094, 3.401, 3.509, 3.621, 2.536, 2.563, 3.002, 3.127, 3.661, 4.229, 3.425, 2.613, 2.46, 2.303, 2.729, 3.503, 3.997, 3.454, 2.925, 2.873, 2.817, 3.309, 3.581], [4.665, 4.52, 3.964, 3.118, 2.651, 2.547, 2.603, 2.427, 2.288, 2.145, 2.097, 1.996, 2.49, 2.104, 2.628, 3.474, 3.782, 3.758, 3.551, 2.988, 2.429, 2.602, 3.422, 3.316, 4.183, 4.305, 2.724, 2.216, 1.736, 1.762, 1.623, 1.978, 3.407, 4.957, 4.679, 3.734, 4.027, 4.128, 4.168, 3.179, 3.166, 3.252, 2.573, 2.536, 3.018, 2.876, 2.131, 1.974, 2.605, 3.417, 3.646, 3.68, 3.703, 3.224, 2.037, 2.048, 2.149, 2.397, 2.399, 2.028, 0.0, 1.527, 2.583, 2.94, 3.223, 3.396, 3.267, 2.206, 2.276, 2.941, 3.04, 3.425, 3.943, 3.256, 2.43, 2.25, 2.48, 3.111, 3.624, 3.951, 3.467, 3.166, 2.946, 2.929, 3.403, 3.715], [3.473, 3.25, 2.86, 2.469, 2.351, 2.069, 2.059, 1.676, 1.56, 1.591, 1.833, 2.614, 3.301, 2.947, 2.661, 2.937, 3.506, 3.765, 3.777, 3.077, 2.685, 3.147, 4.191, 4.308, 5.206, 5.464, 4.042, 3.195, 2.939, 2.963, 2.184, 2.934, 4.649, 6.273, 5.978, 5.062, 5.263, 5.46, 5.57, 4.533, 4.441, 4.522, 3.865, 3.728, 4.068, 4.171, 3.421, 2.942, 3.799, 4.685, 4.961, 4.963, 5.003, 4.601, 2.435, 1.768, 1.881, 2.049, 2.229, 2.154, 1.527, 0.0, 1.191, 1.631, 1.764, 2.034, 2.02, 1.049, 1.57, 1.956, 1.954, 2.179, 2.654, 2.186, 1.58, 1.468, 1.708, 2.195, 2.542, 2.832, 2.389, 2.287, 2.097, 1.877, 2.222, 2.455], [2.923, 2.808, 2.648, 2.513, 2.5, 2.063, 2.0, 1.672, 1.37, 1.343, 1.874, 3.123, 3.803, 3.379, 3.033, 3.009, 3.596, 3.814, 3.841, 3.179, 2.919, 3.422, 4.424, 4.969, 5.879, 6.203, 4.967, 4.178, 3.95, 3.857, 3.141, 4.061, 5.598, 7.211, 6.922, 6.026, 6.234, 6.448, 6.665, 5.615, 5.53, 5.614, 4.915, 4.774, 5.079, 5.158, 4.481, 3.784, 4.734, 5.61, 5.965, 5.982, 6.006, 5.549, 3.115, 2.206, 2.206, 2.284, 2.582, 2.767, 2.583, 1.191, 0.0, 0.961, 1.162, 1.35, 1.222, 1.053, 1.388, 1.427, 1.412, 1.526, 1.797, 1.681, 1.331, 1.274, 1.415, 1.622, 1.76, 2.076, 1.638, 1.638, 1.614, 1.355, 1.356, 1.537], [3.0, 2.867, 2.731, 2.576, 2.538, 2.175, 2.065, 1.691, 1.484, 1.361, 1.983, 3.228, 3.931, 3.479, 3.013, 3.235, 3.73, 3.969, 3.998, 3.334, 2.982, 3.506, 4.521, 5.154, 6.016, 6.473, 5.182, 4.353, 4.222, 4.025, 3.426, 4.375, 5.985, 7.604, 7.302, 6.425, 6.616, 6.831, 6.992, 5.951, 5.85, 5.967, 5.28, 5.084, 5.28, 5.505, 4.805, 4.167, 5.101, 5.985, 6.257, 6.265, 6.368, 5.936, 3.404, 2.569, 2.386, 2.466, 2.895, 3.094, 2.94, 1.631, 0.961, 0.0, 0.634, 0.959, 0.995, 1.112, 1.259, 1.218, 1.553, 1.196, 1.454, 1.473, 1.375, 1.455, 1.448, 1.405, 1.328, 1.528, 1.156, 1.295, 1.297, 1.17, 1.236, 1.339], [2.969, 2.874, 2.875, 2.804, 2.799, 2.452, 2.318, 1.974, 1.616, 1.565, 2.228, 3.422, 4.123, 3.65, 3.202, 3.373, 3.943, 4.186, 4.241, 3.673, 3.282, 3.759, 4.777, 5.346, 6.228, 6.691, 5.42, 4.571, 4.462, 4.333, 3.662, 4.614, 6.29, 7.908, 7.606, 6.721, 6.921, 7.131, 7.235, 6.19, 6.089, 6.204, 5.534, 5.364, 5.589, 5.771, 5.038, 4.441, 5.393, 6.277, 6.574, 6.579, 6.666, 6.227, 3.654, 2.837, 2.692, 2.681, 3.052, 3.401, 3.223, 1.764, 1.162, 0.634, 0.0, 0.729, 0.902, 1.362, 1.304, 1.183, 1.608, 1.082, 1.337, 1.302, 1.345, 1.527, 1.501, 1.479, 1.342, 1.367, 1.018, 1.245, 1.233, 1.167, 1.223, 1.37], [3.062, 3.004, 3.084, 3.031, 3.025, 2.627, 2.529, 2.161, 1.765, 1.675, 2.391, 3.54, 4.211, 3.776, 3.499, 3.523, 4.201, 4.44, 4.466, 3.795, 3.467, 3.985, 4.938, 5.442, 6.323, 6.773, 5.645, 4.857, 4.709, 4.467, 3.915, 4.872, 6.435, 8.047, 7.768, 6.858, 7.021, 7.219, 7.467, 6.43, 6.347, 6.442, 5.751, 5.59, 5.802, 5.953, 5.264, 4.549, 5.562, 6.467, 6.75, 6.761, 6.765, 6.355, 3.753, 2.965, 2.81, 2.814, 3.189, 3.509, 3.396, 2.034, 1.35, 0.959, 0.729, 0.0, 0.916, 1.582, 1.519, 1.216, 1.49, 1.168, 1.255, 1.286, 1.489, 1.606, 1.581, 1.469, 1.227, 1.327, 1.163, 1.399, 1.392, 1.324, 1.19, 1.318], [2.885, 2.85, 2.873, 2.92, 2.972, 2.56, 2.44, 2.154, 1.963, 1.935, 2.599, 3.87, 4.554, 4.087, 3.664, 3.457, 4.095, 4.221, 4.33, 3.851, 3.592, 4.142, 5.222, 5.703, 6.615, 6.938, 5.494, 4.677, 4.521, 4.475, 3.807, 4.792, 6.449, 8.075, 7.779, 6.887, 7.077, 7.209, 7.256, 6.261, 6.162, 6.265, 5.712, 5.582, 5.811, 5.893, 5.184, 4.59, 5.575, 6.473, 6.755, 6.76, 6.779, 6.342, 3.868, 3.013, 2.969, 2.998, 3.388, 3.621, 3.267, 2.02, 1.222, 0.995, 0.902, 0.916, 0.0, 1.493, 1.477, 1.121, 1.173, 1.09, 1.18, 1.095, 1.483, 1.706, 1.757, 1.615, 1.355, 1.441, 1.423, 1.56, 1.585, 1.597, 1.416, 1.419], [3.247, 3.098, 2.928, 2.664, 2.601, 2.361, 2.221, 1.798, 1.623, 1.593, 1.909, 3.106, 3.764, 3.424, 3.056, 3.333, 3.84, 4.108, 4.115, 3.482, 3.041, 3.499, 4.52, 4.841, 5.734, 6.024, 4.677, 3.815, 3.551, 3.53, 2.744, 3.606, 5.263, 6.88, 6.572, 5.659, 5.879, 6.105, 6.209, 5.178, 5.095, 5.165, 4.511, 4.37, 4.562,