[[0.0, 0.812, 1.796, 1.344, 1.377, 2.555, 3.575, 4.297, 4.433, 3.92, 3.781, 4.124, 5.145, 5.75, 6.21, 6.275, 6.238, 5.509, 4.272, 3.897, 5.861, 6.562, 6.308, 5.808, 5.691, 5.665, 6.063, 6.99, 7.247, 7.166, 6.877, 6.201, 5.888, 5.862, 6.501, 7.099, 6.45, 6.846, 8.816, 10.197, 9.656, 8.777, 8.739, 8.902, 9.434, 9.054, 8.142, 8.357, 10.383, 12.134, 12.318, 12.409, 13.746, 14.699, 13.964, 13.432, 13.714, 13.414, 13.183, 14.087, 13.311, 12.866, 12.761, 11.958, 11.376, 11.185, 10.792, 10.222, 9.907, 10.027, 9.653, 8.625, 7.133, 6.318, 6.265, 6.679, 6.87, 6.873, 6.679, 7.199, 7.249, 5.603, 2.847, 2.247, 2.588, 3.184], [0.812, 0.0, 1.574, 1.425, 1.568, 2.735, 3.907, 4.689, 4.859, 4.333, 4.21, 4.485, 5.554, 6.171, 6.633, 6.684, 6.631, 5.895, 4.69, 4.258, 6.241, 6.949, 6.686, 6.228, 6.086, 6.019, 6.497, 7.41, 7.673, 7.619, 7.29, 6.631, 6.312, 6.265, 6.951, 7.541, 6.886, 7.295, 9.272, 10.658, 10.112, 9.219, 9.201, 9.364, 9.897, 9.535, 8.574, 8.78, 10.8, 12.526, 12.706, 12.818, 14.132, 15.089, 14.35, 13.817, 14.1, 13.8, 13.569, 14.472, 13.697, 13.251, 13.147, 12.348, 11.766, 11.571, 11.178, 10.608, 10.297, 10.417, 10.043, 9.011, 7.526, 6.71, 6.658, 7.071, 7.259, 7.258, 7.057, 7.56, 7.626, 5.887, 3.181, 2.605, 2.971, 3.549], [1.796, 1.574, 0.0, 0.938, 1.628, 1.838, 3.028, 3.813, 3.963, 3.402, 3.656, 3.983, 4.774, 5.365, 5.744, 5.746, 5.692, 4.872, 3.837, 3.443, 5.229, 5.905, 5.696, 5.53, 5.376, 5.354, 5.836, 6.739, 6.903, 6.909, 6.457, 5.884, 5.549, 5.408, 6.142, 6.665, 6.13, 6.928, 8.7, 10.039, 9.41, 8.435, 8.675, 8.852, 9.538, 9.212, 8.065, 7.864, 9.848, 11.586, 11.773, 11.863, 13.136, 14.14, 13.322, 12.79, 13.072, 12.772, 12.541, 13.445, 12.669, 12.223, 12.117, 11.303, 10.719, 10.545, 10.154, 9.578, 9.247, 9.367, 8.993, 7.984, 6.535, 5.641, 5.619, 6.06, 6.255, 6.23, 6.029, 6.537, 6.603, 4.989, 2.943, 2.276, 2.498, 2.838], [1.344, 1.425, 0.938, 0.0, 1.167, 1.896, 2.944, 3.615, 3.764, 3.225, 3.152, 3.477, 4.511, 5.137, 5.586, 5.611, 5.56, 4.709, 3.638, 3.134, 5.078, 5.758, 5.516, 5.204, 5.06, 4.981, 5.485, 6.331, 6.617, 6.624, 6.227, 5.597, 5.262, 5.206, 5.885, 6.498, 5.855, 6.4, 8.295, 9.648, 9.112, 8.175, 8.253, 8.457, 9.057, 8.73, 7.603, 7.725, 9.715, 11.454, 11.633, 11.731, 13.01, 14.008, 13.122, 12.514, 12.797, 12.496, 12.265, 13.169, 12.393, 11.948, 11.844, 11.103, 10.521, 10.314, 9.887, 9.33, 9.058, 9.174, 8.807, 7.721, 6.362, 5.533, 5.484, 5.926, 6.096, 5.959, 5.753, 6.256, 6.361, 4.804, 2.485, 1.789, 2.034, 2.55], [1.377, 1.568, 1.628, 1.167, 0.0, 1.589, 2.718, 3.421, 3.583, 3.06, 3.089, 3.438, 4.436, 5.091, 5.46, 5.435, 5.384, 4.528, 3.564, 3.05, 4.861, 5.563, 5.342, 5.199, 5.002, 4.957, 5.479, 6.34, 6.572, 6.584, 6.105, 5.476, 5.174, 5.113, 5.843, 6.401, 5.721, 6.295, 8.294, 9.64, 9.085, 8.101, 8.239, 8.422, 9.009, 8.694, 7.58, 7.592, 9.54, 11.277, 11.484, 11.555, 12.779, 13.808, 12.961, 12.413, 12.695, 12.395, 12.164, 13.068, 12.292, 11.846, 11.742, 10.939, 10.357, 10.168, 9.772, 9.212, 8.891, 9.01, 8.638, 7.606, 6.19, 5.339, 5.275, 5.708, 5.894, 5.853, 5.652, 6.155, 6.205, 4.606, 2.211, 1.672, 1.993, 2.467], [2.555, 2.735, 1.838, 1.896, 1.589, 0.0, 1.376, 2.2, 2.413, 1.909, 2.24, 2.589, 3.29, 3.911, 4.208, 4.138, 4.066, 3.405, 2.412, 1.968, 3.68, 4.407, 4.217, 4.059, 3.918, 3.891, 4.386, 5.377, 5.487, 5.492, 5.039, 4.515, 4.181, 4.075, 4.727, 5.11, 5.012, 5.585, 7.234, 8.576, 7.962, 6.982, 7.206, 7.392, 8.09, 7.765, 6.631, 6.326, 8.238, 9.939, 10.198, 10.248, 11.537, 12.497, 11.84, 11.308, 11.59, 11.29, 11.059, 11.963, 11.187, 10.741, 10.631, 9.812, 9.231, 9.054, 8.661, 8.091, 7.742, 7.912, 7.5, 6.494, 4.973, 4.109, 4.069, 4.526, 4.733, 4.748, 4.547, 5.05, 5.101, 3.316, 2.188, 1.655, 1.71, 1.631], [3.575, 3.907, 3.028, 2.944, 2.718, 1.376, 0.0, 1.344, 1.449, 0.98, 1.258, 1.68, 2.114, 2.702, 2.94, 2.903, 2.823, 2.203, 1.243, 1.026, 2.448, 3.202, 2.997, 2.986, 3.121, 3.014, 3.305, 4.272, 4.326, 4.309, 3.862, 3.497, 3.327, 3.276, 3.698, 4.148, 4.292, 4.792, 6.005, 7.355, 6.709, 5.746, 5.976, 6.146, 6.855, 6.577, 5.392, 5.071, 7.035, 8.677, 8.975, 9.085, 10.311, 11.266, 10.686, 10.154, 10.436, 10.136, 9.905, 10.809, 10.033, 9.587, 9.465, 8.658, 8.071, 7.888, 7.495, 6.926, 6.588, 6.787, 6.362, 5.329, 3.744, 2.928, 3.004, 3.481, 3.631, 3.594, 3.393, 3.896, 3.967, 2.397, 1.865, 1.739, 1.507, 1.235], [4.297, 4.689, 3.813, 3.615, 3.421, 2.2, 1.344, 0.0, 0.647, 0.777, 1.01, 1.265, 1.497, 1.946, 2.15, 2.137, 2.098, 1.428, 1.244, 1.253, 1.701, 2.417, 2.306, 2.312, 2.634, 2.494, 2.533, 3.331, 3.406, 3.413, 3.194, 3.007, 2.877, 3.011, 3.189, 3.67, 4.206, 4.503, 5.418, 6.519, 5.962, 5.262, 5.272, 5.487, 6.13, 5.899, 4.83, 4.401, 6.199, 7.955, 8.138, 8.242, 9.564, 10.513, 9.83, 9.298, 9.58, 9.28, 9.049, 9.953, 9.177, 8.732, 8.622, 7.802, 7.225, 7.045, 6.652, 6.083, 5.735, 5.862, 5.495, 4.486, 3.073, 2.298, 2.251, 2.67, 2.832, 2.759, 2.574, 3.064, 3.126, 1.699, 2.183, 2.332, 2.073, 1.576], [4.433, 4.859, 3.963, 3.764, 3.583, 2.413, 1.449, 0.647, 0.0, 0.817, 1.121, 1.449, 1.594, 1.944, 2.116, 2.107, 1.986, 1.441, 1.347, 1.404, 1.713, 2.377, 2.406, 2.368, 2.714, 2.754, 2.551, 3.365, 3.465, 3.443, 3.179, 2.947, 2.923, 3.081, 3.248, 3.639, 4.303, 4.558, 5.452, 6.574, 6.025, 5.222, 5.326, 5.551, 6.22, 5.941, 4.865, 4.237, 6.063, 7.801, 7.984, 8.073, 9.416, 10.363, 9.621, 9.089, 9.371, 9.071, 8.84, 9.744, 8.968, 8.523, 8.419, 7.627, 7.045, 6.843, 6.45, 5.881, 5.581, 5.698, 5.323, 4.283, 2.971, 2.287, 2.104, 2.574, 2.731, 2.635, 2.514, 2.928, 2.98, 1.749, 2.407, 2.528, 2.214, 1.725], [3.92, 4.333, 3.402, 3.225, 3.06, 1.909, 0.98, 0.777, 0.817, 0.0, 0.929, 1.403, 1.834, 2.34, 2.579, 2.577, 2.499, 1.762, 1.057, 0.992, 2.079, 2.808, 2.72, 2.632, 2.918, 2.776, 2.814, 3.701, 3.828, 3.781, 3.463, 3.247, 3.114, 3.063, 3.425, 3.8, 4.101, 4.629, 5.737, 6.927, 6.355, 5.486, 5.641, 5.846, 6.541, 6.227, 5.148, 4.667, 6.593, 8.336, 8.52, 8.614, 9.934, 10.904, 10.146, 9.614, 9.896, 9.596, 9.365, 10.269, 9.493, 9.047, 8.943, 8.145, 7.564, 7.367, 6.974, 6.405, 6.094, 6.216, 5.838, 4.808, 3.386, 2.528, 2.511, 2.917, 3.077, 3.094, 2.904, 3.411, 3.47, 2.094, 1.937, 1.96, 1.677, 1.193], [3.781, 4.21, 3.656, 3.152, 3.089, 2.24, 1.258, 1.01, 1.121, 0.929, 0.0, 0.938, 1.525, 2.142, 2.578, 2.655, 2.621, 1.868, 1.097, 1.085, 2.188, 2.891, 2.632, 2.299, 2.629, 2.459, 2.556, 3.419, 3.643, 3.601, 3.267, 3.011, 2.899, 3.029, 3.216, 3.911, 4.125, 4.197, 5.288, 6.641, 6.089, 5.191, 5.249, 5.417, 6.048, 5.741, 4.656, 4.753, 6.766, 8.514, 8.699, 8.792, 10.106, 11.082, 10.256, 9.714, 9.996, 9.696, 9.465, 10.369, 9.593, 9.147, 9.043, 8.28, 7.698, 7.469, 7.079, 6.51, 6.231, 6.351, 5.977, 4.908, 3.465, 2.656, 2.655, 3.181, 3.312, 3.163, 2.964, 3.472, 3.517, 2.195, 1.706, 1.923, 1.619, 1.384], [4.124, 4.485, 3.983, 3.477, 3.438, 2.589, 1.68, 1.265, 1.449, 1.403, 0.938, 0.0, 1.235, 1.806, 2.234, 2.313, 2.359, 1.707, 1.179, 1.321, 1.971, 2.646, 2.368, 1.989, 2.124, 2.074, 2.273, 3.083, 3.268, 3.204, 2.861, 2.432, 2.272, 2.386, 2.638, 3.376, 3.53, 3.582, 4.91, 6.27, 5.694, 4.803, 4.883, 5.092, 5.697, 5.375, 4.271, 4.365, 6.375, 8.123, 8.308, 8.402, 9.724, 10.691, 9.928, 9.396, 9.678, 9.378, 9.147, 10.051, 9.275, 8.829, 8.725, 7.945, 7.363, 7.151, 6.759, 6.201, 5.901, 6.016, 5.651, 4.59, 3.12, 2.302, 2.302, 2.717, 2.905, 2.887, 2.787, 3.303, 3.41, 1.807, 1.946, 2.233, 1.927, 1.6], [5.145, 5.554, 4.774, 4.511, 4.436, 3.29, 2.114, 1.497, 1.594, 1.834, 1.525, 1.235, 0.0, 0.936, 1.445, 1.571, 1.567, 1.496, 1.282, 1.685, 1.52, 2.024, 1.73, 1.381, 1.8, 1.889, 1.89, 2.646, 2.704, 2.587, 2.352, 2.155, 2.181, 2.36, 2.369, 2.921, 3.327, 3.526, 4.319, 5.614, 4.718, 3.991, 4.008, 4.235, 4.948, 4.77, 3.692, 3.374, 5.55, 7.229, 7.498, 7.661, 8.986, 9.812, 9.384, 8.852, 9.134, 8.834, 8.603, 9.516, 8.74, 8.285, 8.164, 7.352, 6.759, 6.587, 6.199, 5.657, 5.284, 5.416, 5.06, 4.046, 2.467, 1.588, 1.941, 2.492, 2.663, 2.529, 2.401, 2.764, 2.862, 1.556, 2.741, 3.106, 2.653, 2.167], [5.75, 6.171, 5.365, 5.137, 5.091, 3.911, 2.702, 1.946, 1.944, 2.34, 2.142, 1.806, 0.936, 0.0, 0.934, 1.091, 1.062, 1.328, 1.713, 2.162, 1.276, 1.552, 1.641, 1.614, 2.089, 2.203, 1.993, 2.478, 2.465, 2.332, 2.401, 2.439, 2.585, 2.702, 2.692, 3.265, 3.704, 3.852, 4.115, 5.24, 4.427, 3.823, 3.753, 4.033, 4.642, 4.632, 3.494, 3.19, 4.997, 6.66, 6.944, 7.12, 8.432, 9.222, 8.83, 8.298, 8.581, 8.28, 8.049, 8.953, 8.177, 7.732, 7.603, 6.791, 6.198, 6.026, 5.633, 5.103, 4.731, 4.862, 4.506, 3.517, 2.249, 1.679, 2.033, 2.531, 2.546, 2.168, 2.212, 2.39, 2.519, 1.945, 3.331, 3.711, 3.278, 2.753], [6.21, 6.633, 5.744, 5.586, 5.46, 4.208, 2.94, 2.15, 2.116, 2.579, 2.578, 2.234, 1.445, 0.934, 0.0, 0.703, 0.928, 1.471, 2.003, 2.487, 1.445, 1.394, 1.621, 2.044, 2.468, 2.625, 2.381, 2.552, 2.578, 2.493, 2.443, 2.604, 2.897, 2.987, 3.048, 3.482, 3.902, 4.281, 3.953, 5.01, 4.179, 3.711, 3.568, 3.887, 4.453, 4.481, 3.232, 2.857, 4.573, 6.249, 6.515, 6.676, 8.003, 8.817, 8.4, 7.868, 8.151, 7.85, 7.62, 8.523, 7.748, 7.302, 7.176, 6.364, 5.771, 5.599, 5.206, 4.637, 4.291, 4.43, 4.043, 3.134, 2.106, 1.784, 2.044, 2.549, 2.574, 2.195, 2.333, 2.298, 2.2, 2.077, 3.846, 4.205, 3.766, 3.223], [6.275, 6.684, 5.746, 5.611, 5.435, 4.138, 2.903, 2.137, 2.107, 2.577, 2.655, 2.313, 1.571, 1.091, 0.703, 0.0, 0.593, 1.295, 2.13, 2.517, 1.224, 1.078, 1.295, 1.937, 2.392, 2.443, 2.206, 2.414, 2.425, 2.399, 2.332, 2.496, 2.738, 2.837, 2.93, 3.388, 3.943, 4.215, 3.844, 4.904, 4.239, 3.792, 3.571, 3.867, 4.374, 4.311, 3.202, 2.926, 4.283, 5.937, 6.215, 6.337, 7.652, 8.511, 8.049, 7.517, 7.8, 7.499, 7.269, 8.172, 7.397, 6.951, 6.822, 6.01, 5.417, 5.245, 4.854, 4.283, 3.942, 4.099, 3.694, 2.806, 1.849, 1.571, 1.803, 2.254, 2.241, 1.959, 2.064, 2.0, 1.911, 2.051, 3.949, 4.274, 3.853, 3.325], [6.238, 6.631, 5.692, 5.56, 5.384, 4.066, 2.823, 2.098, 1.986, 2.499, 2.621, 2.359, 1.567, 1.062, 0.928, 0.593, 0.0, 1.114, 2.06, 2.471, 1.009, 0.972, 1.245, 1.845, 2.275, 2.309, 2.146, 2.402, 2.379, 2.379, 2.367, 2.477, 2.69, 2.788, 2.857, 3.264, 3.86, 4.156, 4.135, 5.134, 4.421, 4.026, 3.787, 4.038, 4.674, 4.653, 3.505, 3.124, 4.379, 5.998, 6.313, 6.43, 7.729, 8.577, 8.126, 7.594, 7.877, 7.576, 7.346, 8.249, 7.474, 7.027, 6.897, 6.084, 5.491, 5.32, 4.927, 4.357, 3.999, 4.191, 3.768, 2.873, 1.83, 1.424, 1.662, 2.083, 2.039, 1.655, 1.709, 1.819, 1.949, 2.017, 3.911, 4.236, 3.815, 3.287], [5.509, 5.895, 4.872, 4.709, 4.528, 3.405, 2.203, 1.428, 1.441, 1.762, 1.868, 1.707, 1.496, 1.328, 1.471, 1.295, 1.114, 0.0, 1.501, 1.74, 0.675, 1.312, 1.551, 2.121, 2.557, 2.477, 2.362, 2.781, 2.842, 2.944, 2.842, 2.843, 2.813, 2.908, 3.073, 3.359, 4.068, 4.337, 4.788, 5.893, 5.313, 4.744, 4.615, 4.841, 5.464, 5.364, 4.247, 3.844, 5.183, 6.881, 7.103, 7.268, 8.401, 9.43, 8.658, 8.125, 8.408, 8.107, 7.877, 8.78, 8.005, 7.556, 7.426, 6.629, 6.052, 5.866, 5.456, 4.894, 4.558, 4.689, 4.325, 3.351, 2.177, 1.504, 1.506, 1.945, 1.967, 1.693, 1.624, 2.162, 2.311, 2.051, 3.273, 3.531, 3.151, 2.686], [4.272, 4.69, 3.837, 3.638, 3.564, 2.412, 1.243, 1.244, 1.347, 1.057, 1.097, 1.179, 1.282, 1.713, 2.003, 2.13, 2.06, 1.501, 0.0, 0.844, 1.753, 2.451, 2.261, 2.215, 2.536, 2.416, 2.414, 3.244, 3.31, 3.242, 2.996, 2.907, 2.867, 2.829, 3.134, 3.609, 4.002, 4.386, 5.098, 6.353, 5.69, 4.876, 4.966, 5.165, 5.855, 5.637, 4.472, 4.189, 6.218, 7.958, 8.142, 8.255, 9.606, 10.526, 9.893, 9.361, 9.643, 9.343, 9.112, 10.016, 9.24, 8.794, 8.685, 7.865, 7.286, 7.108, 6.715, 6.145, 5.794, 5.919, 5.555, 4.549, 3.046, 2.221, 2.39, 2.881, 3.04, 2.823, 2.634, 3.154, 3.24, 2.097, 2.309, 2.325, 1.945, 1.436], [3.897, 4.258, 3.443, 3.134, 3.05, 1.968, 1.026, 1.253, 1.404, 0.992, 1.085, 1.321, 1.685, 2.162, 2.487, 2.517, 2.471, 1.74, 0.844, 0.0, 2.084, 2.793, 2.577, 2.391, 2.733, 2.532, 2.731, 3.559, 3.678, 3.723, 3.435, 3.236, 3.022, 3.099, 3.318, 3.964, 4.186, 4.434, 5.452, 6.67, 6.1, 5.306, 5.311, 5.542, 6.193, 5.897, 4.834, 4.677, 6.628, 8.368, 8.551, 8.722, 9.958, 10.93, 10.303, 9.771, 10.053, 9.753, 9.522, 10.426, 9.65, 9.205, 9.085, 8.275, 7.695, 7.508, 7.115, 6.546, 6.192, 6.328, 5.963, 4.949, 3.456, 2.595, 2.652, 3.097, 3.248, 3.212, 3.017, 3.572, 3.632, 2.146, 2.004, 1.881, 1.54, 1.233], [5.861, 6.241, 5.229, 5.078, 4.861, 3.68, 2.448, 1.701, 1.713, 2.079, 2.188, 1.971, 1.52, 1.276, 1.445, 1.224, 1.009, 0.675, 1.753, 2.084, 0.0, 1.122, 1.469, 2.122, 2.584, 2.551, 2.384, 2.762, 2.821, 2.937, 2.854, 2.872, 2.904, 3.029, 3.142, 3.479, 4.186, 4.452, 4.791, 5.794, 5.24, 4.759, 4.579, 4.807, 5.443, 5.362, 4.237, 3.851, 4.931, 6.549, 6.854, 6.963, 8.027, 9.073, 8.322, 7.79, 8.072, 7.772, 7.541, 8.445, 7.669, 7.22, 7.09, 6.294, 5.716, 5.515, 5.12, 4.57, 4.236, 4.448, 4.009, 3.084, 2.111, 1.48, 1.432, 1.923, 1.833, 1.428, 1.337, 1.722, 1.878, 1.957, 3.569, 3.868, 3.488, 3.023], [6.562, 6.949, 5.905, 5.758, 5.563, 4.407, 3.202, 2.417, 2.377, 2.808, 2.891, 2.646, 2.024, 1.552, 1.394, 1.078, 0.972, 1.312, 2.451, 2.793, 1.122, 0.0, 1.001, 1.886, 2.353, 2.375, 2.02, 2.197, 2.311, 2.338, 2.299, 2.49, 2.611, 2.755, 2.88, 3.244, 3.996, 4.255, 4.068, 4.925, 4.45, 4.055, 3.836, 4.064, 4.676, 4.513, 3.477, 3.104, 4.227, 5.882, 6.137, 6.267, 7.35, 8.404, 7.546, 6.986, 7.269, 6.969, 6.738, 7.641, 6.866, 6.42, 6.299, 5.49, 4.913, 4.742, 4.358, 3.771, 3.419, 3.605, 3.192, 2.351, 1.583, 1.283, 1.515, 1.91, 1.864, 1.284, 1.312, 1.271, 1.488, 2.144, 4.308, 4.585, 4.209, 3.74], [6.308, 6.686, 5.696, 5.516, 5.342, 4.217, 2.997, 2.306, 2.406, 2.72, 2.632, 2.368, 1.73, 1.641, 1.621, 1.295, 1.245, 1.551, 2.261, 2.577, 1.469, 1.001, 0.0, 1.123, 1.556, 1.622, 1.366, 1.509, 1.647, 1.712, 1.504, 1.621, 1.84, 1.99, 2.103, 2.633, 3.235, 3.392, 3.49, 4.616, 4.004, 3.436, 3.297, 3.516, 4.195, 3.969, 2.893, 2.673, 4.32, 5.974, 6.243, 6.38, 7.517, 8.519, 7.796, 7.264, 7.546, 7.246, 7.015, 7.919, 7.143, 6.698, 6.575, 5.768, 5.191, 5.015, 4.605, 4.036, 3.697, 3.87, 3.466, 2.462, 1.351, 1.257, 1.574, 1.862, 1.861, 1.754, 1.91, 1.961, 2.027, 1.936, 4.031, 4.319, 3.939, 3.479], [5.808, 6.228, 5.53, 5.204, 5.199, 4.059, 2.986, 2.312, 2.368, 2.632, 2.299, 1.989, 1.381, 1.614, 2.044, 1.937, 1.845, 2.121, 2.215, 2.391, 2.122, 1.886, 1.123, 0.0, 0.745, 0.836, 0.803, 1.63, 1.774, 1.708, 1.53, 1.191, 1.23, 1.436, 1.366, 2.121, 2.548, 2.546, 3.373, 4.683, 3.943, 3.174, 3.205, 3.4, 4.09, 3.813, 2.825, 2.654, 4.731, 6.442, 6.7, 6.891, 8.145, 9.02, 8.538, 8.006, 8.289, 7.988, 7.758, 8.661, 7.886, 7.44, 7.32, 6.508, 5.915, 5.743, 5.35, 4.78, 4.411, 4.548, 4.183, 3.185, 2.051, 1.747, 1.871, 2.237, 2.32, 2.492, 2.575, 2.903, 2.988, 2.001, 3.43, 3.776, 3.351, 2.916], [5.691, 6.086, 5.376, 5.06, 5.002, 3.918, 3.121, 2.634, 2.714, 2.918, 2.629, 2.124, 1.8, 2.089, 2.468, 2.392, 2.275, 2.557, 2.536, 2.733, 2.584, 2.353, 1.556, 0.745, 0.0, 0.65, 0.955, 1.859, 1.936, 1.864, 1.587, 1.187, 0.834, 1.134, 1.272, 1.827, 2.149, 2.183, 3.462, 4.82, 4.099, 3.218, 3.329, 3.566, 4.217, 3.979, 2.907, 2.773, 4.846, 6.549, 6.807, 6.995, 8.263, 9.124, 8.653, 8.121, 8.404, 8.103, 7.873, 8.776, 8.001, 7.555, 7.435, 6.623, 6.03, 5.859, 5.466, 4.912, 4.553, 4.675, 4.322, 3.377, 2.487, 2.154, 2.214, 2.478, 2.616, 2.895, 2.991, 3.307, 3.39, 2.268, 3.329, 3.657, 3.295, 2.822], [5.665, 6.019, 5.354, 4.981, 4.957, 3.891, 3.014, 2.494, 2.754, 2.776, 2.459, 2.074, 1.889, 2.203, 2.625, 2.443, 2.309, 2.477, 2.416, 2.532, 2.551, 2.375, 1.622, 0.836, 0.65, 0.0, 0.844, 1.796, 1.958, 1.968, 1.649, 1.253, 0.954, 1.18, 1.117, 1.894, 2.211, 2.239, 3.578, 4.927, 4.212, 3.33, 3.407, 3.604, 4.292, 4.02, 2.907, 2.812, 4.85, 6.536, 6.795, 6.989, 8.268, 9.096, 8.659, 8.126, 8.409, 8.109, 7.878, 8.781, 8.006, 7.56, 7.441, 6.628, 6.035, 5.864, 5.471, 4.907, 4.545, 4.687, 4.304, 3.323, 2.534, 2.135, 2.101, 2.382, 2.496, 2.799, 2.805, 3.271, 3.328, 2.213, 3.33, 3.623, 3.225, 2.814], [6.063, 6.497, 5.836, 5.485, 5.479, 4.386, 3.305, 2.533, 2.551, 2.814, 2.556, 2.273, 1.89, 1.993, 2.381, 2.206, 2.146, 2.362, 2.414, 2.731, 2.384, 2.02, 1.366, 0.803, 0.955, 0.844, 0.0, 1.205, 1.364, 1.312, 1.194, 1.11, 1.024, 1.276, 1.207, 1.875, 2.418, 2.412, 3.068, 4.294, 3.736, 2.969, 2.988, 3.257, 3.881, 3.649, 2.571, 2.382, 4.347, 6.095, 6.28, 6.416, 7.726, 8.663, 8.03, 7.498, 7.781, 7.48, 7.25, 8.153, 7.378, 6.932, 6.819, 6.002, 5.424, 5.242, 4.849, 4.313, 3.946, 4.071, 3.706, 2.729, 2.155, 1.966, 1.849, 2.12, 2.178, 2.316, 2.475, 2.783, 2.833, 2.127, 3.819, 4.115, 3.73, 3.28], [6.99, 7.41, 6.739, 6.331, 6.34, 5.377, 4.272, 3.331, 3.365, 3.701, 3.419, 3.083, 2.646, 2.478, 2.552, 2.414, 2.402, 2.781, 3.244, 3.559, 2.762, 2.197, 1.509, 1.63, 1.859, 1.796, 1.205, 0.0, 0.588, 0.681, 0.864, 1.412, 1.594, 1.872, 1.508, 2.012, 2.764, 2.393, 2.321, 3.401, 2.865, 2.389, 2.194, 2.509, 3.049, 2.912, 1.874, 1.847, 3.483, 5.226, 5.409, 5.499, 6.792, 7.784, 6.98, 6.447, 6.73, 6.43, 6.199, 7.102, 6.327, 5.881, 5.777, 4.98, 4.399, 4.203, 3.819, 3.302, 3.023, 3.117, 2.711, 1.774, 1.775, 2.051, 2.188, 2.151, 2.138, 2.428, 2.662, 2.548, 2.301, 2.433, 4.85, 5.112, 4.767, 4.347], [7.247, 7.673, 6.903, 6.617, 6.572, 5.487, 4.326, 3.406, 3.465, 3.828, 3.643, 3.268, 2.704, 2.465, 2.578, 2.425, 2.379, 2.842, 3.31, 3.678, 2.821, 2.311, 1.647, 1.774, 1.936, 1.958, 1.364, 0.588, 0.0, 0.506, 0.864, 1.421, 1.668, 1.938, 1.498, 1.813, 2.558, 2.247, 2.176, 3.19, 2.673, 2.174, 2.063, 2.408, 2.922, 2.828, 1.907, 1.778, 3.174, 4.901, 5.085, 5.207, 6.522, 7.469, 6.792, 6.26, 6.543, 6.242, 6.012, 6.915, 6.147, 5.694, 5.59, 4.764, 4.187, 4.016, 3.632, 3.169, 2.862, 2.956, 2.557, 1.772, 1.846, 2.072, 2.24, 2.253, 2.251, 2.561, 2.77, 2.701, 2.42, 2.441, 5.047, 5.327, 4.966, 4.482], [7.166, 7.619, 6.909, 6.624, 6.584, 5.492, 4.309, 3.413, 3.443, 3.781, 3.601, 3.204, 2.587, 2.332, 2.493, 2.399, 2.379, 2.944, 3.242, 3.723, 2.937, 2.338, 1.712, 1.708, 1.864, 1.968, 1.312, 0.681, 0.506, 0.0, 0.786, 1.346, 1.652, 1.847, 1.501, 1.8, 2.492, 2.335, 2.176, 3.231, 2.659, 2.143, 1.967, 2.273, 2.838, 2.741, 1.821, 1.632, 3.312, 5.052, 5.236, 5.33, 6.696, 7.62, 6.928, 6.396, 6.678, 6.378, 6.147, 7.055, 6.28, 5.829, 5.725, 4.923, 4.341, 4.148, 3.767, 3.233, 2.95, 3.045, 2.645, 1.76, 1.844, 2.081, 2.297, 2.287, 2.304, 2.647, 2.835, 2.684, 2.41, 2.465, 4.976, 5.287, 4.893, 4.395], [6.877, 7.29, 6.457, 6.227, 6.105, 5.039, 3.862, 3.194, 3.179, 3.463, 3.267, 2.861, 2.352, 2.401, 2.443, 2.332, 2.367, 2.842, 2.996, 3.435, 2.854, 2.299, 1.504, 1.53, 1.587, 1.649, 1.194, 0.864, 0.864, 0.786, 0.0, 0.936, 1.31, 1.53, 1.356, 1.741, 2.326, 2.283, 2.362, 3.673, 3.049, 2.212, 2.289, 2.509, 3.173, 2.952, 1.799, 1.685, 3.548, 5.297, 5.481, 5.575, 6.918, 7.865, 7.19, 6.658, 6.941, 6.64, 6.409, 7.324, 6.548, 6.092, 5.986, 5.171, 4.586, 4.409, 4.026, 3.463, 3.129, 3.256, 2.88, 2.036, 1.703, 1.887, 2.099, 2.17, 2.238, 2.566, 2.828, 2.755, 2.557, 2.271, 4.656, 4.973, 4.578, 4.112], [6.201, 6.631, 5.884, 5.597, 5.476, 4.515, 3.497, 3.007, 2.947, 3.247, 3.011, 2.432, 2.155, 2.439, 2.604, 2.496, 2.477, 2.843, 2.907, 3.236, 2.872, 2.49, 1.621, 1.191, 1.187, 1.253, 1.11, 1.412, 1.421, 1.346, 0.936, 0.0, 0.968, 1.155, 1.186, 1.598, 1.951, 1.962, 2.956, 4.37, 3.703, 2.71, 2.905, 3.115, 3.76, 3.501, 2.308, 2.163, 4.223, 5.966, 6.15, 6.3, 7.606, 8.534, 7.948, 7.416, 7.698, 7.398, 7.167, 8.073, 7.298, 6.85, 6.735, 5.92, 5.33, 5.159, 4.775, 4.233, 3.867, 3.983, 3.641, 2.66, 1.968, 1.865, 1.929, 2.167, 2.327, 2.755, 3.02, 3.164, 3.002, 2.129, 3.92, 4.28, 3.855, 3.573], [5.888, 6.312, 5.549, 5.262, 5.174, 4.181, 3.327, 2.877, 2.923, 3.114, 2.899, 2.272, 2.181, 2.585, 2.897, 2.738, 2.69, 2.813, 2.867, 3.022, 2.904, 2.611, 1.84, 1.23, 0.834, 0.954, 1.024, 1.594, 1.668, 1.652, 1.31, 0.968, 0.0, 0.669, 0.907, 1.394, 1.662, 1.765, 3.231, 4.561, 3.936, 3.002, 3.187, 3.465, 4.066, 3.822, 2.661, 2.509, 4.529, 6.267, 6.452, 6.626, 7.911, 8.835, 8.262, 7.73, 8.013, 7.712, 7.481, 8.385, 7.61, 7.164, 7.045, 6.234, 5.655, 5.469, 5.102, 4.561, 4.222, 4.329, 3.948, 3.012, 2.374, 2.158, 2.046, 2.21, 2.356, 2.886, 2.985, 3.339, 3.399, 2.243, 3.604, 3.882, 3.512, 3.193], [5.862, 6.265, 5.408, 5.206, 5.113, 4.075, 3.276, 3.011, 3.081, 3.063, 3.029, 2.386, 2.36, 2.702, 2.987, 2.837, 2.788, 2.908, 2.829, 3.099, 3.029, 2.755, 1.99, 1.436, 1.134, 1.18, 1.276, 1.872, 1.938, 1.847, 1.53, 1.155, 0.669, 0.0, 0.973, 1.421, 1.498, 1.8, 3.446, 4.774, 4.072, 3.101, 3.356, 3.568, 4.279, 4.053, 2.815, 2.564, 4.633, 6.364, 6.556, 6.705, 8.042, 8.928, 8.39, 7.858, 8.141, 7.84, 7.61, 8.513, 7.738, 7.292, 7.174, 6.362, 5.783, 5.597, 5.23, 4.668, 4.324, 4.438, 4.083, 3.17, 2.527, 2.286, 2.132, 2.264, 2.348, 2.946, 3.054, 3.394, 3.46, 2.351, 3.569, 3.857, 3.467, 3.031], [6.501, 6.951, 6.142, 5.885, 5.843, 4.727, 3.698, 3.189, 3.248, 3.425, 3.216, 2.638, 2.369, 2.692, 3.048, 2.93, 2.857, 3.073, 3.134, 3.318, 3.142, 2.88, 2.103, 1.366, 1.272, 1.117, 1.207, 1.508, 1.498, 1.501, 1.356, 1.186, 0.907, 0.973, 0.0, 1.195, 1.42, 1.483, 2.767, 4.169, 3.33, 2.404, 2.624, 2.924, 3.604, 3.328, 2.293, 2.077, 4.03, 5.717, 5.995, 6.186, 7.455, 8.283, 7.852, 7.32, 7.603, 7.303, 7.072, 7.975, 7.2, 6.754, 6.635, 5.824, 5.23, 5.061, 4.718, 4.248, 3.928, 4.042, 3.68, 2.878, 2.525, 2.264, 2.173, 2.363, 2.53, 3.051, 3.178, 3.429, 3.341, 2.475, 4.177, 4.504, 4.078, 3.647], [7.099, 7.541, 6.665, 6.498, 6.401, 5.11, 4.148, 3.67, 3.639, 3.8, 3.911, 3.376, 2.921, 3.265, 3.482, 3.388, 3.264, 3.359, 3.609, 3.964, 3.479, 3.244, 2.633, 2.121, 1.827, 1.894, 1.875, 2.012, 1.813, 1.8, 1.741, 1.598, 1.394, 1.421, 1.195, 0.0, 1.317, 1.348, 2.593, 4.053, 3.275, 2.457, 2.672, 3.094, 3.579, 3.538, 2.651, 2.111, 3.684, 5.346, 5.552, 5.738, 7.032, 7.939, 7.411, 6.885, 7.167, 6.867, 6.636, 7.554, 6.797, 6.319, 6.215, 5.389, 4.812, 4.64, 4.357, 4.032, 3.722, 3.811, 3.508, 2.934, 2.591, 2.442, 2.349, 2.39, 2.581, 3.378, 3.487, 3.735, 3.542, 2.789, 4.694, 5.093, 4.65, 4.181], [6.45, 6.886, 6.13, 5.855, 5.721, 5.012, 4.292, 4.206, 4.303, 4.101, 4.125, 3.53, 3.327, 3.704, 3.902, 3.943, 3.86, 4.068, 4.002, 4.186, 4.186, 3.996, 3.235, 2.548, 2.149, 2.211, 2.418, 2.764, 2.558, 2.492, 2.326, 1.951, 1.662, 1.498, 1.42, 1.317, 0.0, 1.373, 3.235, 4.801, 3.787, 2.876, 3.067, 3.542, 4.018, 3.945, 2.953, 2.638, 4.505, 6.157, 6.441, 6.625, 7.941, 8.738, 8.36, 7.845, 8.122, 7.815, 7.6, 8.521, 7.77, 7.257, 7.125, 6.312, 5.722, 5.551, 5.245, 4.852, 4.536, 4.645, 4.285, 3.784, 3.506, 3.286, 3.241, 3.372, 3.536, 4.172, 4.262, 4.554, 4.451, 3.464, 4.093, 4.557, 4.18, 4.102], [6.846, 7.295, 6.928, 6.4, 6.295, 5.585, 4.792, 4.503, 4.558, 4.629, 4.197, 3.582, 3.526, 3.852, 4.281, 4.215, 4.156, 4.337, 4.386, 4.434, 4.452, 4.255, 3.392, 2.546, 2.183, 2.239, 2.412, 2.393, 2.247, 2.335, 2.283, 1.962, 1.765, 1.8, 1.483, 1.348, 1.373, 0.0, 2.276, 3.85, 3.071, 2.356, 2.577, 3.001, 3.366, 3.235, 2.429, 2.621, 3.983, 5.541, 5.82, 6.019, 7.297, 8.109, 7.709, 7.193, 7.47, 7.164, 6.948, 7.867, 7.109, 6.609, 6.502, 5.747, 5.181, 4.989, 4.76, 4.596, 4.299, 4.39, 4.016, 3.622, 3.542, 3.394, 3.373, 3.378, 3.576, 4.415, 4.515, 4.731, 4.478, 3.497, 4.447, 4.98, 4.565, 4.484], [8.816, 9.272, 8.7, 8.295, 8.294, 7.234, 6.005, 5.418, 5.452, 5.737, 5.288, 4.91, 4.319, 4.115, 3.953, 3.844, 4.135, 4.788, 5.098, 5.452, 4.791, 4.068, 3.49, 3.373, 3.462, 3.578, 3.068, 2.321, 2.176, 2.176, 2.362, 2.956, 3.231, 3.446, 2.767, 2.593, 3.235, 2.276, 0.0, 1.796, 1.334, 1.332, 1.435, 1.814, 2.171, 2.087, 1.796, 2.296, 2.76, 3.642, 3.833, 4.035, 5.283, 6.212, 5.669, 5.177, 5.43, 5.123, 4.9, 5.804, 5.048, 4.684, 4.833, 4.172, 3.6, 3.477, 3.517, 3.55, 3.236, 3.287, 3.05, 2.868, 3.352, 3.793, 4.214, 4.191, 4.322, 4.684, 4.887, 4.583, 4.1, 4.327, 6.406, 6.81, 6.398, 6.032], [10.197, 10.658, 10.039, 9.648, 9.64, 8.576, 7.355, 6.519, 6.574, 6.927, 6.641, 6.27, 5.614, 5.24, 5.01, 4.904, 5.134, 5.893, 6.353, 6.67, 5.794, 4.925, 4.616, 4.683, 4.82, 4.927, 4.294, 3.401, 3.19, 3.231, 3.673, 4.37, 4.561, 4.774, 4.169, 4.053, 4.801, 3.85, 1.796, 0.0, 1.171, 2.051, 1.993, 2.038, 1.826, 1.962, 2.505, 2.858, 2.044, 2.421, 2.444, 2.635, 3.687, 4.634, 4.015, 3.547, 3.792, 3.582, 3.332, 4.15, 3.538, 3.352, 3.569, 3.076, 2.566, 2.639, 2.66, 2.723, 2.55, 2.614, 2.724, 3.418, 4.473, 5.049, 5.308, 5.264, 5.291, 5.509, 5.714, 5.269, 4.767, 5.511, 7.879, 8.22, 7.834, 7.409], [9.656, 10.112, 9.41, 9.112, 9.085, 7.962, 6.709, 5.962, 6.025, 6.355, 6.089, 5.694, 4.718, 4.427, 4.179, 4.239, 4.421, 5.313, 5.69, 6.1, 5.24, 4.45, 4.004, 3.943, 4.099, 4.212, 3.736, 2.865, 2.673, 2.659, 3.049, 3.703, 3.936, 4.072, 3.33, 3.275, 3.787, 3.071, 1.334, 1.171, 0.0, 1.083, 1.051, 1.29, 1.538, 1.692, 1.879, 2.132, 2.248, 2.987, 3.202, 3.368, 4.668, 5.488, 5.065, 4.533, 4.816, 4.531, 4.292, 5.188, 4.419, 3.989, 4.114, 3.486, 2.915, 2.873, 2.797, 2.832, 2.604, 2.723, 2.606, 2.923, 3.84, 4.348, 4.763, 4.731, 4.791, 5.051, 5.259, 4.934, 4.465, 4.872, 7.252, 7.648, 7.221, 6.727], [8.777, 9.219, 8.435, 8.175, 8.101, 6.982, 5.746, 5.262, 5.222, 5.486, 5.191, 4.803, 3.991, 3.823, 3.711, 3.792, 4.026, 4.744, 4.876, 5.306, 4.759, 4.055, 3.436, 3.174, 3.218, 3.33, 2.969, 2.389, 2.174, 2.143, 2.212, 2.71, 3.002, 3.101, 2.404, 2.457, 2.876, 2.356, 1.332, 2.051, 1.083, 0.0, 0.889, 1.336, 1.782, 1.723, 1.428, 1.597, 2.553, 3.693, 3.942, 4.122, 5.438, 6.231, 5.84, 5.308, 5.59, 5.29, 5.061, 5.963, 5.188, 4.741, 4.678, 3.916, 3.317, 3.202, 3.019, 2.904, 2.637, 2.712, 2.579, 2.501, 3.097, 3.563, 4.01, 4.03, 4.215, 4.614, 4.829, 4.567, 4.124, 4.132, 6.371, 6.771, 6.317, 5.861], [8.739, 9.201, 8.675, 8.253, 8.239, 7.206, 5.976, 5.272, 5.326, 5.641, 5.249, 4.883, 4.008, 3.753, 3.568, 3.571, 3.787, 4.615, 4.966, 5.311, 4.579, 3.836, 3.297, 3.205, 3.329, 3.407, 2.988, 2.194, 2.063, 1.967, 2.289, 2.905, 3.187, 3.356, 2.624, 2.672, 3.067, 2.577, 1.435, 1.993, 1.051, 0.889, 0.0, 0.968, 1.346, 1.431, 1.202, 1.698, 2.547, 3.816, 4.076, 4.263, 5.582, 6.397, 5.98, 5.448, 5.73, 5.43, 5.199, 6.103, 5.327, 4.879, 4.749, 3.955, 3.39, 3.249, 2.989, 2.694, 2.401, 2.488, 2.358, 2.271, 3.147, 3.674, 4.086, 4.053, 4.126, 4.438, 4.643, 4.327, 3.86, 4.158, 6.369, 6.742, 6.34, 5.92], [8.902, 9.364, 8.852, 8.457, 8.422, 7.392, 6.146, 5.487, 5.551, 5.846, 5.417, 5.092, 4.235, 4.033, 3.887, 3.867, 4.038, 4.841, 5.165, 5.542, 4.807, 4.064, 3.516, 3.4, 3.566, 3.604, 3.257, 2.509, 2.408, 2.273, 2.509, 3.115, 3.465, 3.568, 2.924, 3.094, 3.542, 3.001, 1.814, 2.038, 1.29, 1.336, 0.968, 0.0, 0.947, 1.074, 1.35, 1.893, 2.625, 3.63, 3.901, 4.099, 5.382, 6.213, 5.78, 5.248, 5.53, 5.23, 5.002, 5.92, 5.145, 4.698, 4.563, 3.89, 3.284, 3.21, 2.835, 2.543, 2.325, 2.393, 2.355, 2.581, 3.336, 3.858, 4.315, 4.28, 4.374, 4.66, 4.872, 4.548, 4.087, 4.383, 6.523, 6.917, 6.537, 6.104], [9.434, 9.897, 9.538, 9.057, 9.009, 8.09, 6.855, 6.13, 6.22, 6.541, 6.048, 5.697, 4.948, 4.642, 4.453, 4.374, 4.674, 5.464, 5.855, 6.193, 5.443, 4.676, 4.195, 4.09, 4.217, 4.292, 3.881, 3.049, 2.922, 2.838, 3.173, 3.76, 4.066, 4.279, 3.604, 3.579, 4.018, 3.366, 2.171, 1.826, 1.538, 1.782, 1.346, 0.947, 0.0, 0.879, 1.662, 2.322, 2.568, 3.298, 3.394, 3.643, 4.855, 5.682, 5.267, 4.753, 5.028, 4.746, 4.546, 5.424, 4.695, 4.206, 4.048, 3.461, 2.947, 3.054, 2.73, 2.499, 2.416, 2.425, 2.624, 3.069, 3.961, 4.58, 4.958, 4.928, 4.989, 5.307, 5.519, 5.151, 4.628, 5.043, 7.063, 7.512, 7.141, 6.816], [9.054, 9.535, 9.212, 8.73, 8.694, 7.765, 6.577, 5.899, 5.941, 6.227, 5.741, 5.375, 4.77, 4.632, 4.481, 4.311, 4.653, 5.364, 5.637, 5.897, 5.362, 4.513, 3.969, 3.813, 3.979, 4.02, 3.649, 2.912, 2.828, 2.741, 2.952, 3.501, 3.822, 4.053, 3.328, 3.538, 3.945, 3.235, 2.087, 1.962, 1.692, 1.723, 1.431, 1.074, 0.879, 0.0, 1.497, 2.192, 2.262, 3.258, 3.487, 3.709, 4.936, 5.831, 5.347, 4.832, 5.109, 4.802, 4.587, 5.505, 4.729, 4.258, 4.12, 3.357, 2.793, 2.769, 2.683, 2.387, 2.28, 2.236, 2.505, 2.927, 3.693, 4.211, 4.685, 4.665, 4.808, 5.144, 5.356, 4.988, 4.466, 4.814, 6.809, 7.161, 6.818, 6.572], [8.142, 8.574, 8.065, 7.603, 7.58, 6.631, 5.392, 4.83, 4.865, 5.148, 4.656, 4.271, 3.692, 3.494, 3.232, 3.202, 3.505, 4.247, 4.472, 4.834, 4.237, 3.477, 2.893, 2.825, 2.907, 2.907, 2.571, 1.874, 1.907, 1.821, 1.799, 2.308, 2.661, 2.815, 2.293, 2.651, 2.953, 2.429, 1.796, 2.505, 1.879, 1.428, 1.202, 1.35, 1.662, 1.497, 0.0, 1.136, 2.511, 4.136, 4.387, 4.603, 5.891, 6.724, 6.302, 5.787, 6.064, 5.757, 5.542, 6.46, 5.72, 5.209, 5.075, 4.267, 3.67, 3.5, 3.175, 2.727, 2.406, 2.5, 2.208, 1.942, 2.588, 3.169, 3.619, 3.6, 3.731, 4.093, 4.297, 3.992, 3.497, 3.72, 5.786, 6.159, 5.759, 5.439], [8.357, 8.78, 7.864, 7.725, 7.592, 6.326, 5.071, 4.401, 4.237, 4.667, 4.753, 4.365, 3.374, 3.19, 2.857, 2.926, 3.124, 3.844, 4.189, 4.677, 3.851, 3.104, 2.673, 2.654, 2.773, 2.812, 2.382, 1.847, 1.778, 1.632, 1.685, 2.163, 2.509, 2.564, 2.077, 2.111, 2.638, 2.621, 2.296, 2.858, 2.132, 1.597, 1.698, 1.893, 2.322, 2.192, 1.136, 0.0, 2.336, 4.013, 4.282, 4.446, 5.77, 6.57, 6.182, 5.666, 5.943, 5.636, 5.421, 6.34, 5.59, 5.079, 4.966, 4.141, 3.563, 3.396, 3.063, 2.646, 2.338, 2.431, 2.081, 1.685, 2.154, 2.64, 2.984, 3.033, 3.217, 3.657, 3.882, 3.62, 3.159, 3.252, 6.001, 6.352, 5.913, 5.369], [10.383, 10.8, 9.848, 9.715, 9.54, 8.238, 7.035, 6.199, 6.063, 6.593, 6.766, 6.375, 5.55, 4.997, 4.573, 4.283, 4.379, 5.183, 6.218, 6.628, 4.931, 4.227, 4.32, 4.731, 4.846, 4.85, 4.347, 3.483, 3.174, 3.312, 3.548, 4.223, 4.529, 4.633, 4.03, 3.684, 4.505, 3.983, 2.76, 2.044, 2.248, 2.553, 2.547, 2.625, 2.568, 2.262, 2.511, 2.336, 0.0, 1.794, 2.041, 2.202, 3.47, 4.338, 3.873, 3.371, 3.643, 3.338, 3.155, 4.085, 3.358, 2.854, 2.784, 2.115, 1.683, 1.58, 1.591, 1.739, 1.564, 1.506, 1.629, 2.483, 3.796, 4.389, 4.499, 4.405, 4.343, 4.501, 4.727, 4.179, 3.778, 5.111, 8.099, 8.387, 7.983, 7.453], [12.134, 12.526, 11.586, 11.454, 11.277, 9.939, 8.677, 7.955, 7.801, 8.336, 8.514, 8.123, 7.229, 6.66, 6.249, 5.937, 5.998, 6.881, 7.958, 8.368, 6.549, 5.882, 5.974, 6.442, 6.549, 6.536, 6.095, 5.226, 4.901, 5.052, 5.297, 5.966, 6.267, 6.364, 5.717, 5.346, 6.157, 5.541, 3.642, 2.421, 2.987, 3.693, 3.816, 3.63, 3.298, 3.258, 4.136, 4.013, 1.794, 0.0, 0.843, 0.964, 1.911, 2.624, 2.224, 1.962, 2.083, 1.843, 1.731, 2.5, 1.97, 1.814, 1.998, 1.927, 1.889, 1.914, 2.122, 2.603, 2.672, 2.52, 2.971, 3.992, 5.275, 5.982, 6.099, 5.865, 5.829, 5.933, 6.149, 5.706, 5.269, 6.752, 9.816, 10.133, 9.712, 9.185], [12.318, 12.706, 11.773, 11.633, 11.484, 10.198, 8.975, 8.138, 7.984, 8.52, 8.699, 8.308, 7.498, 6.944, 6.515, 6.215, 6.313, 7.103, 8.142, 8.551, 6.854, 6.137, 6.243, 6.7, 6.807, 6.795, 6.28, 5.409, 5.085, 5.236, 5.481, 6.15, 6.452, 6.556, 5.995, 5.552, 6.441, 5.82, 3.833, 2.444, 3.202, 3.942, 4.076, 3.901, 3.394, 3.487, 4.387, 4.282, 2.041, 0.843, 0.0, 0.972, 1.707, 2.426, 2.018, 1.703, 1.868, 1.71, 1.595, 2.285, 1.874, 1.839, 2.048, 2.058, 1.99, 2.324, 2.491, 2.96, 2.97, 2.771, 3.281, 4.303, 5.631, 6.322, 6.402, 6.206, 6.168, 6.286, 6.494, 6.033, 5.593, 7.01, 10.017, 10.318, 9.9, 9.385], [12.409, 12.818, 11.863, 11.731, 11.555, 10.248, 9.085, 8.242, 8.073, 8.614, 8.792, 8.402, 7.661, 7.12, 6.676, 6.337, 6.43, 7.268, 8.255, 8.722, 6.963, 6.267, 6.38, 6.891, 6.995, 6.989, 6.416, 5.499, 5.207, 5.33, 5.575, 6.3, 6.626, 6.705, 6.186, 5.738, 6.625, 6.019, 4.035, 2.635, 3.368, 4.122, 4.263, 4.099, 3.643, 3.709, 4.603, 4.446, 2.202, 0.964, 0.972, 0.0, 1.523, 2.347, 1.887, 1.642, 1.767, 1.538, 1.355, 2.168, 1.799, 1.606, 1.914, 1.719, 1.845, 2.103, 2.427, 2.89, 3.025, 2.835, 3.274, 4.268, 5.639, 6.439, 6.441, 6.113, 6.075, 6.188, 6.406, 5.952, 5.53, 7.106, 10.213, 10.492, 10.088, 9.556], [13.746, 14.132, 13.136, 13.01, 12.779, 11.537, 10.311, 9.564, 9.416, 9.934, 10.106, 9.724, 8.986, 8.432, 8.003, 7.652, 7.729, 8.401, 9.606, 9.958, 8.027, 7.35, 7.517, 8.145, 8.263, 8.268, 7.726, 6.792, 6.522, 6.696, 6.918, 7.606, 7.911, 8.042, 7.455, 7.032, 7.941, 7.297, 5.283, 3.687, 4.668, 5.438, 5.582, 5.382, 4.855, 4.936, 5.891, 5.77, 3.47, 1.911, 1.707, 1.523, 0.0, 1.168, 1.278, 1.577, 1.44, 1.46, 1.556, 1.57, 2.135, 2.221, 2.229, 2.527, 2.811, 3.111, 3.389, 3.936, 4.151, 4.007, 4.415, 5.383, 6.72, 7.555, 7.527, 7.166, 7.082, 7.245, 7.496, 7.003, 6.691, 8.413, 11.448, 11.739, 11.352, 10.859], [14.699, 15.089, 14.14, 14.008, 13.808, 12.497, 11.266, 10.513, 10.363, 10.904, 11.082, 10.691, 9.812, 9.222, 8.817, 8.511, 8.577, 9.43, 10.526, 10.93, 9.073, 8.404, 8.519, 9.02, 9.124, 9.096, 8.663, 7.784, 7.469, 7.62, 7.865, 8.534, 8.835, 8.928, 8.283, 7.939, 8.738, 8.109, 6.212, 4.634, 5.488, 6.231, 6.397, 6.213, 5.682, 5.831, 6.724, 6.57, 4.338, 2.624, 2.426, 2.347, 1.168, 0.0, 1.649, 2.303, 2.055, 2.164, 2.368, 2.032, 2.853, 2.991, 2.947, 3.476, 3.836, 4.1, 4.43, 4.957, 5.199, 5.044, 5.467, 6.418, 7.722, 8.519, 8.561, 8.199, 8.068, 8.257, 8.529, 8.058, 7.719, 9.309, 12.412, 12.701, 12.296, 11.753], [13.964, 14.35, 13.322, 13.122, 12.961, 11.84, 10.686, 9.83, 9.621, 10.146, 10.256, 9.928, 9.384, 8.83, 8.4, 8.049, 8.126, 8.658, 9.893, 10.303, 8.322, 7.546, 7.796, 8.538, 8.653, 8.659, 8.03, 6.98, 6.792, 6.928, 7.19, 7.948, 8.262, 8.39, 7.852, 7.411, 8.36, 7.709, 5.669, 4.015, 5.065, 5.84, 5.98, 5.78, 5.267, 5.347, 6.302, 6.182, 3.873, 2.224, 2.018, 1.887, 1.278, 1.649, 0.0, 0.928, 0.908, 0.983, 1.313, 1.25, 1.5, 1.638, 1.821, 2.347, 2.763, 2.94, 3.366, 3.921, 4.286, 4.131, 4.521, 5.45, 7.016, 7.866, 7.799, 7.314, 7.107, 7.185, 7.502, 6.997, 6.792, 8.762, 11.827, 12.089, 11.727, 11.237], [13.432, 13.817, 12.79, 12.514, 12.413, 11.308, 10.154, 9.298, 9.089, 9.614, 9.714, 9.396, 8.852, 8.298, 7.868, 7.517, 7.594, 8.125, 9.361, 9.771, 7.79, 6.986, 7.264, 8.006, 8.121, 8.126, 7.498, 6.447, 6.26, 6.396, 6.658, 7.416, 7.73, 7.858, 7.32, 6.885, 7.845, 7.193, 5.177, 3.547, 4.533, 5.308, 5.448, 5.248, 4.753, 4.832, 5.787, 5.666, 3.371, 1.962, 1.703, 1.642, 1.577, 2.303, 0.928, 0.0, 0.675, 0.9, 0.986, 1.376, 1.224, 1.275, 1.672, 1.841, 2.166, 2.377, 2.781, 3.293, 3.675, 3.52, 3.91, 4.859, 6.501, 7.334, 7.267, 6.782, 6.574, 6.562, 6.831, 6.326, 6.207, 8.23, 11.295, 11.557, 11.195, 10.705], [13.714, 14.1, 13.072, 12.797, 12.695, 11.59, 10.436, 9.58, 9.371, 9.896, 9.996, 9.678, 9.134, 8.581, 8.151, 7.8, 7.877, 8.408, 9.643, 10.053, 8.072, 7.269, 7.546, 8.289, 8.404, 8.409, 7.781, 6.73, 6.543, 6.678, 6.941, 7.698, 8.013, 8.141, 7.603, 7.167, 8.122, 7.47, 5.43, 3.792, 4.816, 5.59, 5.73, 5.53, 5.028, 5.109, 6.064, 5.943, 3.643, 2.083, 1.868, 1.767, 1.44, 2.055, 0.908, 0.675, 0.0, 0.631, 0.923, 1.098, 1.389, 1.421, 1.594, 2.008, 2.435, 2.637, 3.042, 3.564, 3.946, 3.794, 4.182, 5.136, 6.778, 7.616, 7.55, 7.065, 6.857, 6.842, 7.092, 6.587, 6.49, 8.513, 11.577, 11.839, 11.478, 10.987], [13.414, 13.8, 12.772, 12.496, 12.395, 11.29, 10.136, 9.28, 9.071, 9.596, 9.696, 9.378, 8.834, 8.28, 7.85, 7.499, 7.576, 8.107, 9.343, 9.753, 7.772, 6.969, 7.246, 7.988, 8.103, 8.109, 7.48, 6.43, 6.242, 6.378, 6.64, 7.398, 7.712, 7.84, 7.303, 6.867, 7.815, 7.164, 5.123, 3.582, 4.531, 5.29, 5.43, 5.23, 4.746, 4.802, 5.757, 5.636, 3.338, 1.843, 1.71, 1.538, 1.46, 2.164, 0.983, 0.9, 0.631, 0.0, 0.78, 1.088, 1.096, 1.075, 1.299, 1.666, 2.134, 2.342, 2.71, 3.247, 3.616, 3.467, 3.851, 4.829, 6.471, 7.316, 7.249, 6.764, 6.557, 6.541, 6.77, 6.284, 6.189, 8.212, 11.277, 11.539, 11.177, 10.687], [13.183, 13.569, 12.541, 12.265, 12.164, 11.059, 9.905, 9.049, 8.84, 9.365, 9.465, 9.147, 8.603, 8.049, 7.62, 7.269, 7.346, 7.877, 9.112, 9.522, 7.541, 6.738, 7.015, 7.758, 7.873, 7.878, 7.25, 6.199, 6.012, 6.147, 6.409, 7.167, 7.481, 7.61, 7.072, 6.636, 7.6, 6.948, 4.9, 3.332, 4.292, 5.061, 5.199, 5.002, 4.546, 4.587, 5.542, 5.421, 3.155, 1.731, 1.595, 1.355, 1.556, 2.368, 1.313, 0.986, 0.923, 0.78, 0.0, 1.065, 0.949, 1.018, 1.243, 1.482, 1.92, 2.117, 2.486, 3.02, 3.388, 3.251, 3.617, 4.614, 6.256, 7.085, 7.018, 6.534, 6.342, 6.311, 6.512, 6.009, 5.959, 7.982, 11.046, 11.308, 10.947, 10.456], [14.087, 14.472, 13.445, 13.169, 13.068, 11.963, 10.809, 9.953, 9.744, 10.269, 10.369, 10.051, 9.516, 8.953, 8.523, 8.172, 8.249, 8.78, 10.016, 10.426, 8.445, 7.641, 7.919, 8.661, 8.776, 8.781, 8.153, 7.102, 6.915, 7.055, 7.324, 8.073, 8.385, 8.513, 7.975, 7.554, 8.521, 7.867, 5.804, 4.15, 5.188, 5.963, 6.103, 5.92, 5.424, 5.505, 6.46, 6.34, 4.085, 2.5, 2.285, 2.168, 1.57, 2.032, 1.25, 1.376, 1.098, 1.088, 1.065, 0.0, 1.067, 1.457, 1.655, 2.296, 2.865, 3.016, 3.382, 3.938, 4.306, 4.169, 4.535, 5.532, 7.174, 7.991, 7.922, 7.437, 7.229, 7.214, 7.416, 6.913, 6.862, 8.885, 11.95, 12.212, 11.85, 11.36], [13.311, 13.697, 12.669, 12.393, 12.292, 11.187, 10.033, 9.177, 8.968, 9.493, 9.593, 9.275, 8.74, 8.177, 7.748, 7.397, 7.474, 8.005, 9.24, 9.65, 7.669, 6.866, 7.143, 7.886, 8.001, 8.006, 7.378, 6.327, 6.147, 6.28, 6.548, 7.298, 7.61, 7.738, 7.2, 6.797, 7.77, 7.109, 5.048, 3.538, 4.419, 5.188, 5.327, 5.145, 4.695, 4.729, 5.72, 5.59, 3.358, 1.97, 1.874, 1.799, 2.135, 2.853, 1.5, 1.224, 1.389, 1.096, 0.949, 1.067, 0.0, 0.795, 1.371, 1.654, 2.098, 2.266, 2.646, 3.162, 3.531, 3.394, 3.76, 4.757, 6.398, 7.216, 7.146, 6.662, 6.454, 6.439, 6.64, 6.137, 6.087, 8.11, 11.174, 11.436, 11.075, 10.584], [12.866, 13.251, 12.223, 11.948, 11.846, 10.741, 9.587, 8.732, 8.523, 9.047, 9.147, 8.829, 8.285, 7.732, 7.302, 6.951, 7.027, 7.556, 8.794, 9.205, 7.22, 6.42, 6.698, 7.44, 7.555, 7.56, 6.932, 5.881, 5.694, 5.829, 6.092, 6.85, 7.164, 7.292, 6.754, 6.319, 7.257, 6.609, 4.684, 3.352, 3.989, 4.741, 4.879, 4.698, 4.206, 4.258, 5.209, 5.079, 2.854, 1.814, 1.839, 1.606, 2.221, 2.991, 1.638, 1.275, 1.421, 1.075, 1.018, 1.457, 0.795, 0.0, 0.899, 1.147, 1.579, 1.735, 2.122, 2.696, 3.046, 2.909, 3.275, 4.271, 5.913, 6.767, 6.701, 6.216, 6.008, 5.993, 6.196, 5.691, 5.641, 7.664, 10.728, 10.99, 10.629, 10.139], [12.761, 13.147, 12.117, 11.844, 11.742, 10.631, 9.465, 8.622, 8.419, 8.943, 9.043, 8.725, 8.164, 7.603, 7.176, 6.822, 6.897, 7.426, 8.685, 9.085, 7.09, 6.299, 6.575, 7.32, 7.435, 7.441, 6.819, 5.777, 5.59, 5.725, 5.986, 6.735, 7.045, 7.174, 6.635, 6.215, 7.125, 6.502, 4.833, 3.569, 4.114, 4.678, 4.749, 4.563, 4.048, 4.12, 5.075, 4.966, 2.784, 1.998, 2.048, 1.914, 2.229, 2.947, 1.821, 1.672, 1.594, 1.299, 1.243, 1.655, 1.371, 0.899, 0.0, 1.087, 1.525, 1.644, 1.984, 2.542, 2.91, 2.773, 3.139, 4.136, 5.794, 6.649, 6.586, 6.109, 5.904, 5.889, 6.09, 5.587, 5.537, 7.55, 10.604, 10.872, 10.507, 10.021], [11.958, 12.348, 11.303, 11.103, 10.939, 9.812, 8.658, 7.802, 7.627, 8.145, 8.28, 7.945, 7.352, 6.791, 6.364, 6.01, 6.084, 6.629, 7.865, 8.275, 6.294, 5.49, 5.768, 6.508, 6.623, 6.628, 6.002, 4.98, 4.764, 4.923, 5.171, 5.92, 6.234, 6.362, 5.824, 5.389, 6.312, 5.747, 4.172, 3.076, 3.486, 3.916, 3.955, 3.89, 3.461, 3.357, 4.267, 4.141, 2.115, 1.927, 2.058, 1.719, 2.527, 3.476, 2.347, 1.841, 2.008, 1.666, 1.482, 2.296, 1.654, 1.147, 1.087, 0.0, 0.744, 1.018, 1.452, 1.827, 2.1, 2.009, 2.334, 3.423, 4.968, 5.838, 5.771, 5.29, 5.116, 5.144, 5.403, 4.881, 4.799, 6.734, 9.796, 10.06, 9.699, 9.209], [11.376, 11.766, 10.719, 10.521, 10.357, 9.231, 8.071, 7.225, 7.045, 7.564, 7.698, 7.363, 6.759, 6.198, 5.771, 5.417, 5.491, 6.052, 7.286, 7.695, 5.716, 4.913, 5.191, 5.915, 6.03, 6.035, 5.424, 4.399, 4.187, 4.341, 4.586, 5.33, 5.655, 5.783, 5.23, 4.812, 5.722, 5.181, 3.6, 2.566, 2.915, 3.317, 3.39, 3.284, 2.947, 2.793, 3.67, 3.563, 1.683, 1.889, 1.99, 1.845, 2.811, 3.836, 2.763, 2.166, 2.435, 2.134, 1.92, 2.865, 2.098, 1.579, 1.525, 0.744, 0.0, 0.699, 1.012, 1.308, 1.556, 1.461, 1.783, 2.824, 4.393, 5.243, 5.192, 4.728, 4.575, 4.603, 4.877, 4.344, 4.219, 6.145, 9.199, 9.482, 9.113, 8.616], [11.185, 11.571, 10.545, 10.314, 10.168, 9.054, 7.888, 7.045, 6.843, 7.367, 7.469, 7.151, 6.587, 6.026, 5.599, 5.245, 5.32, 5.866, 7.108, 7.508, 5.515, 4.742, 5.015, 5.743, 5.859, 5.864, 5.242, 4.203, 4.016, 4.148, 4.409, 5.159, 5.469, 5.597, 5.061, 4.64, 5.551, 4.989, 3.477, 2.639, 2.873, 3.202, 3.249, 3.21, 3.054, 2.769, 3.5, 3.396, 1.58, 1.914, 2.324, 2.103, 3.111, 4.1, 2.94, 2.377, 2.637, 2.342, 2.117, 3.016, 2.266, 1.735, 1.644, 1.018, 0.699, 0.0, 1.003, 1.286, 1.446, 1.371, 1.639, 2.605, 4.219, 5.089, 5.023, 4.546, 4.33, 4.396, 4.676, 4.114, 3.984, 5.973, 9.027, 9.295, 8.931, 8.444], [10.792, 11.178, 10.154, 9.887, 9.772, 8.661, 7.495, 6.652, 6.45, 6.974, 7.079, 6.759, 6.199, 5.633, 5.206, 4.854, 4.927, 5.456, 6.715, 7.115, 5.12, 4.358, 4.605, 5.35, 5.466, 5.471, 4.849, 3.819, 3.632, 3.767, 4.026, 4.775, 5.102, 5.23, 4.718, 4.357, 5.245, 4.76, 3.517, 2.66, 2.797, 3.019, 2.989, 2.835, 2.73, 2.683, 3.175, 3.063, 1.591, 2.122, 2.491, 2.427, 3.389, 4.43, 3.366, 2.781, 3.042, 2.71, 2.486, 3.382, 2.646, 2.122, 1.984, 1.452, 1.012, 1.003, 0.0, 0.808, 1.094, 1.149, 1.277, 2.186, 3.845, 4.713, 4.639, 4.188, 4.054, 4.015, 4.274, 3.683, 3.588, 5.58, 8.634, 8.902, 8.538,