[[0.0, 0.907, 1.55, 1.362, 1.59, 1.798, 2.265, 2.234, 2.401, 2.878, 3.251, 3.169, 3.231, 3.092, 2.919, 2.876, 2.842, 2.622, 1.853, 1.781, 2.077, 2.115, 1.576, 2.069, 2.326, 2.572, 2.62, 2.272, 2.746, 3.027, 4.117, 8.179, 9.216, 9.486, 9.331, 8.559, 7.958, 7.508, 7.646, 7.988, 8.436, 9.36, 10.284, 11.238, 11.905, 11.556, 10.928, 10.487, 10.438, 10.442, 10.475, 10.305, 9.953, 9.438, 8.602, 7.625, 7.856, 8.522, 7.488, 6.896, 6.494, 6.755, 6.911, 7.167, 6.003, 4.091, 4.297, 4.199, 4.608, 4.526, 3.841, 3.896, 3.418, 2.301, 3.112, 4.69, 4.476, 3.639, 4.36, 4.555, 4.259, 3.924, 3.568, 3.409, 3.124, 2.712], [0.907, 0.0, 1.129, 1.206, 1.426, 1.543, 1.93, 2.116, 2.228, 2.777, 3.14, 3.139, 3.179, 2.999, 2.976, 2.874, 2.854, 2.689, 1.706, 1.765, 2.141, 2.179, 1.692, 2.085, 2.42, 2.661, 2.879, 2.471, 2.795, 3.007, 4.126, 8.291, 9.268, 9.538, 9.412, 8.66, 8.196, 7.639, 7.809, 8.147, 8.572, 9.447, 10.389, 11.423, 12.113, 11.793, 11.193, 10.747, 10.672, 10.716, 10.716, 10.601, 10.16, 9.595, 8.711, 7.764, 7.981, 8.702, 7.591, 6.95, 6.606, 6.959, 7.11, 7.347, 6.175, 4.326, 4.53, 4.432, 4.816, 4.734, 4.113, 4.247, 3.817, 2.844, 3.324, 4.961, 4.747, 3.959, 4.764, 4.963, 4.663, 4.363, 3.918, 3.748, 3.394, 2.871], [1.55, 1.129, 0.0, 0.921, 1.378, 1.374, 1.686, 1.933, 2.237, 3.096, 3.683, 3.484, 3.023, 3.006, 2.974, 2.815, 2.775, 2.777, 1.58, 1.723, 2.239, 2.611, 2.022, 2.128, 2.556, 2.426, 2.963, 2.933, 2.993, 3.118, 5.006, 9.15, 10.187, 10.459, 10.319, 9.547, 8.919, 8.485, 8.611, 8.929, 9.416, 10.348, 11.27, 12.229, 12.842, 12.527, 11.939, 11.514, 11.478, 11.41, 11.402, 11.263, 10.862, 10.378, 9.562, 8.584, 8.814, 9.474, 8.463, 7.881, 7.499, 7.682, 7.835, 8.113, 6.944, 4.998, 5.217, 5.119, 5.541, 5.437, 4.794, 4.929, 4.588, 3.418, 3.978, 5.623, 5.437, 4.626, 5.507, 5.693, 5.425, 5.12, 4.649, 4.455, 4.17, 3.724], [1.362, 1.206, 0.921, 0.0, 0.966, 1.063, 1.355, 1.574, 2.04, 2.98, 3.545, 3.354, 2.598, 2.652, 2.611, 2.515, 2.561, 2.685, 1.468, 1.457, 2.174, 2.598, 1.853, 1.953, 2.11, 1.9, 2.492, 2.704, 2.472, 2.663, 5.026, 9.167, 10.204, 10.479, 10.339, 9.568, 8.956, 8.501, 8.633, 8.981, 9.441, 10.357, 11.288, 12.238, 12.89, 12.536, 11.908, 11.472, 11.42, 11.429, 11.463, 11.293, 10.938, 10.431, 9.584, 8.612, 8.842, 9.501, 8.484, 7.901, 7.502, 7.74, 7.896, 8.16, 6.996, 5.076, 5.284, 5.186, 5.593, 5.511, 4.828, 4.9, 4.449, 3.265, 3.993, 5.683, 5.469, 4.598, 5.387, 5.571, 5.319, 5.009, 4.536, 4.399, 4.108, 3.714], [1.59, 1.426, 1.378, 0.966, 0.0, 0.692, 1.076, 0.979, 1.505, 2.601, 3.106, 2.899, 2.099, 2.199, 2.177, 2.083, 2.136, 2.301, 1.368, 1.498, 1.896, 2.262, 1.68, 1.841, 2.053, 2.096, 2.682, 2.694, 2.207, 2.377, 4.48, 8.614, 9.647, 9.917, 9.774, 9.001, 8.496, 7.952, 8.139, 8.486, 8.914, 9.829, 10.745, 11.723, 12.431, 12.098, 11.518, 11.065, 10.996, 11.015, 11.016, 10.901, 10.485, 9.936, 9.051, 8.104, 8.322, 9.018, 7.945, 7.352, 6.956, 7.275, 7.428, 7.674, 6.503, 4.644, 4.831, 4.732, 5.126, 5.048, 4.453, 4.603, 4.354, 3.092, 3.66, 5.261, 5.052, 4.451, 5.31, 5.477, 5.272, 4.963, 4.387, 4.147, 3.858, 3.319], [1.798, 1.543, 1.374, 1.063, 0.692, 0.0, 0.959, 0.959, 1.594, 2.611, 3.148, 2.988, 2.221, 2.284, 2.292, 2.198, 2.215, 2.405, 1.581, 1.571, 1.96, 2.376, 1.876, 2.166, 2.189, 2.163, 2.778, 2.81, 2.251, 2.41, 4.698, 8.8, 9.833, 10.134, 9.994, 9.227, 8.696, 8.142, 8.321, 8.666, 9.133, 10.05, 10.967, 11.942, 12.626, 12.291, 11.729, 11.262, 11.18, 11.213, 11.197, 11.077, 10.665, 10.115, 9.231, 8.284, 8.501, 9.199, 8.166, 7.573, 7.183, 7.456, 7.609, 7.854, 6.684, 4.805, 5.014, 4.916, 5.306, 5.229, 4.604, 4.752, 4.476, 3.209, 3.818, 5.446, 5.233, 4.667, 5.475, 5.581, 5.367, 5.053, 4.533, 4.357, 3.974, 3.641], [2.265, 1.93, 1.686, 1.355, 1.076, 0.959, 0.0, 0.814, 1.771, 2.764, 3.421, 3.298, 2.288, 2.441, 2.395, 2.28, 2.354, 2.687, 1.668, 1.652, 2.265, 2.591, 2.043, 2.514, 2.625, 2.402, 3.174, 3.17, 2.601, 2.742, 5.079, 9.15, 10.2, 10.501, 10.36, 9.597, 9.06, 8.434, 8.6, 8.958, 9.493, 10.417, 11.337, 12.312, 12.985, 12.668, 12.104, 11.641, 11.571, 11.602, 11.544, 11.382, 10.935, 10.388, 9.507, 8.556, 8.774, 9.474, 8.523, 7.94, 7.563, 7.8, 7.93, 8.151, 6.96, 5.107, 5.293, 5.194, 5.582, 5.516, 4.915, 5.045, 4.849, 3.537, 4.122, 5.753, 5.547, 5.124, 5.84, 6.005, 5.852, 5.552, 5.009, 4.739, 4.432, 3.981], [2.234, 2.116, 1.933, 1.574, 0.979, 0.959, 0.814, 0.0, 1.18, 2.15, 2.755, 2.645, 1.709, 1.831, 1.772, 1.655, 1.802, 2.173, 1.488, 1.493, 1.751, 2.257, 1.841, 2.072, 2.089, 2.052, 2.699, 2.666, 2.048, 2.302, 4.772, 8.826, 9.884, 10.184, 10.044, 9.272, 8.733, 8.151, 8.288, 8.637, 9.164, 10.102, 11.0, 11.997, 12.641, 12.337, 11.774, 11.322, 11.253, 11.248, 11.219, 11.049, 10.62, 10.079, 9.21, 8.248, 8.465, 9.156, 8.206, 7.61, 7.232, 7.46, 7.588, 7.82, 6.652, 4.802, 4.992, 4.891, 5.275, 5.191, 4.604, 4.74, 4.546, 3.236, 3.811, 5.418, 5.226, 4.883, 5.574, 5.682, 5.532, 5.294, 4.733, 4.398, 4.149, 3.722], [2.401, 2.228, 2.237, 2.04, 1.505, 1.594, 1.771, 1.18, 0.0, 1.242, 1.817, 1.715, 1.556, 1.294, 1.149, 1.133, 1.102, 1.512, 1.491, 1.45, 1.459, 1.904, 1.67, 1.639, 1.546, 2.003, 2.189, 2.05, 1.536, 1.778, 4.351, 8.418, 9.43, 9.73, 9.61, 8.865, 8.369, 7.7, 7.839, 8.224, 8.759, 9.668, 10.58, 11.615, 12.277, 11.975, 11.44, 10.976, 10.887, 10.919, 10.856, 10.667, 10.211, 9.634, 8.749, 7.776, 7.996, 8.735, 7.794, 7.172, 6.804, 7.089, 7.217, 7.429, 6.221, 4.393, 4.596, 4.478, 4.859, 4.806, 4.248, 4.408, 4.189, 2.88, 3.428, 5.078, 4.893, 4.626, 5.234, 5.327, 5.163, 4.906, 4.442, 4.118, 3.833, 3.477], [2.878, 2.777, 3.096, 2.98, 2.601, 2.611, 2.764, 2.15, 1.242, 0.0, 1.264, 1.213, 1.571, 1.319, 1.295, 1.188, 1.146, 1.798, 1.943, 1.944, 1.704, 1.848, 2.024, 2.11, 2.105, 2.471, 2.526, 2.244, 1.897, 2.051, 4.21, 8.099, 9.093, 9.394, 9.288, 8.546, 7.972, 7.42, 7.493, 7.821, 8.463, 9.382, 10.242, 11.306, 11.892, 11.627, 11.103, 10.663, 10.592, 10.561, 10.469, 10.288, 9.802, 9.193, 8.4, 7.399, 7.634, 8.381, 7.456, 6.869, 6.528, 6.667, 6.795, 7.027, 5.802, 4.036, 4.215, 4.128, 4.478, 4.474, 3.979, 4.182, 4.046, 2.994, 3.181, 4.856, 4.932, 4.973, 5.588, 5.451, 5.282, 5.083, 4.688, 4.405, 4.112, 3.853], [3.251, 3.14, 3.683, 3.545, 3.106, 3.148, 3.421, 2.755, 1.817, 1.264, 0.0, 0.939, 2.269, 1.889, 1.789, 1.923, 1.676, 1.635, 2.7, 2.541, 1.886, 1.702, 2.266, 2.332, 1.999, 3.098, 2.488, 2.011, 1.819, 1.736, 3.434, 7.256, 8.21, 8.511, 8.37, 7.618, 7.121, 6.595, 6.753, 7.127, 7.574, 8.476, 9.37, 10.358, 11.02, 10.72, 10.161, 9.698, 9.616, 9.653, 9.619, 9.515, 9.054, 8.49, 7.605, 6.673, 6.958, 7.595, 6.541, 5.951, 5.571, 5.845, 5.997, 6.24, 5.148, 3.37, 3.559, 3.488, 3.793, 3.751, 3.367, 3.603, 3.435, 2.758, 2.514, 4.086, 4.272, 4.592, 5.229, 4.854, 4.481, 4.354, 4.115, 3.905, 3.533, 3.505], [3.169, 3.139, 3.484, 3.354, 2.899, 2.988, 3.298, 2.645, 1.715, 1.213, 0.939, 0.0, 1.938, 1.741, 1.568, 1.786, 1.484, 1.515, 2.614, 2.456, 1.829, 1.808, 2.303, 2.187, 1.787, 2.799, 2.258, 1.83, 1.562, 1.533, 3.746, 7.846, 8.835, 9.105, 8.921, 8.168, 7.647, 7.159, 7.295, 7.637, 8.096, 9.029, 9.893, 10.903, 11.59, 11.263, 10.702, 10.263, 10.211, 10.178, 10.173, 10.064, 9.645, 9.086, 8.228, 7.255, 7.48, 8.175, 7.084, 6.501, 6.142, 6.436, 6.587, 6.83, 5.658, 3.81, 4.018, 3.924, 4.347, 4.258, 3.686, 3.85, 3.611, 2.752, 2.943, 4.479, 4.515, 4.691, 5.346, 4.968, 4.711, 4.572, 4.253, 4.046, 3.705, 3.703], [3.231, 3.179, 3.023, 2.598, 2.099, 2.221, 2.288, 1.709, 1.556, 1.571, 2.269, 1.938, 0.0, 0.83, 1.172, 1.108, 1.456, 2.439, 2.055, 2.095, 2.241, 2.734, 2.538, 2.372, 2.289, 1.674, 2.339, 2.759, 1.924, 2.118, 5.284, 9.149, 10.174, 10.474, 10.334, 9.563, 8.936, 8.432, 8.599, 8.924, 9.466, 10.392, 11.315, 12.241, 12.882, 12.544, 12.017, 11.56, 11.501, 11.488, 11.435, 11.29, 10.875, 10.348, 9.519, 8.552, 8.782, 9.442, 8.496, 7.92, 7.518, 7.702, 7.83, 8.095, 6.923, 5.113, 5.281, 5.165, 5.552, 5.463, 5.024, 5.262, 5.156, 3.871, 4.19, 5.721, 5.75, 5.684, 6.334, 6.325, 6.161, 5.986, 5.46, 5.086, 4.923, 4.56], [3.092, 2.999, 3.006, 2.652, 2.199, 2.284, 2.441, 1.831, 1.294, 1.319, 1.889, 1.741, 0.83, 0.0, 0.755, 0.804, 1.129, 1.881, 1.845, 1.865, 1.872, 2.359, 2.269, 2.11, 1.834, 1.797, 1.852, 2.37, 1.425, 1.676, 4.744, 8.767, 9.772, 10.072, 9.932, 9.193, 8.579, 8.081, 8.189, 8.483, 9.057, 9.967, 10.915, 11.912, 12.506, 12.216, 11.68, 11.241, 11.171, 11.12, 11.062, 10.906, 10.477, 9.926, 9.129, 8.149, 8.381, 9.095, 8.103, 7.512, 7.115, 7.299, 7.42, 7.656, 6.488, 4.642, 4.862, 4.769, 5.142, 5.071, 4.561, 4.757, 4.616, 3.321, 3.736, 5.311, 5.206, 5.179, 5.776, 5.756, 5.643, 5.424, 4.915, 4.563, 4.306, 4.064], [2.919, 2.976, 2.974, 2.611, 2.177, 2.292, 2.395, 1.772, 1.149, 1.295, 1.789, 1.568, 1.172, 0.755, 0.0, 0.592, 0.819, 1.534, 1.705, 1.606, 1.614, 2.027, 1.985, 1.817, 1.64, 1.92, 1.709, 2.098, 1.203, 1.476, 4.551, 8.561, 9.583, 9.879, 9.742, 8.972, 8.342, 7.759, 7.877, 8.262, 8.866, 9.761, 10.691, 11.675, 12.291, 12.02, 11.466, 11.016, 10.949, 10.867, 10.83, 10.563, 10.15, 9.672, 8.88, 7.859, 8.091, 8.795, 7.905, 7.363, 6.923, 7.077, 7.195, 7.428, 6.221, 4.376, 4.56, 4.463, 4.822, 4.76, 4.212, 4.359, 4.214, 2.925, 3.407, 5.031, 4.897, 4.847, 5.422, 5.412, 5.324, 5.099, 4.583, 4.282, 4.009, 3.848], [2.876, 2.874, 2.815, 2.515, 2.083, 2.198, 2.28, 1.655, 1.133, 1.188, 1.923, 1.786, 1.108, 0.804, 0.592, 0.0, 0.653, 1.651, 1.57, 1.489, 1.625, 2.095, 2.04, 1.956, 1.851, 1.94, 1.965, 2.216, 1.398, 1.598, 4.654, 8.587, 9.637, 9.932, 9.797, 9.026, 8.399, 7.823, 7.926, 8.302, 8.902, 9.845, 10.73, 11.732, 12.313, 12.067, 11.542, 11.12, 11.07, 10.964, 10.839, 10.596, 10.113, 9.712, 8.915, 7.895, 8.127, 8.813, 7.937, 7.412, 6.991, 7.093, 7.219, 7.486, 6.281, 4.396, 4.543, 4.39, 4.825, 4.747, 4.296, 4.465, 4.324, 3.063, 3.456, 5.053, 5.034, 4.917, 5.553, 5.556, 5.467, 5.22, 4.753, 4.426, 4.224, 3.961], [2.842, 2.854, 2.775, 2.561, 2.136, 2.215, 2.354, 1.802, 1.102, 1.146, 1.676, 1.484, 1.456, 1.129, 0.819, 0.653, 0.0, 1.349, 1.598, 1.483, 1.39, 1.814, 1.861, 1.847, 1.74, 2.19, 2.032, 2.029, 1.422, 1.465, 4.333, 8.314, 9.367, 9.662, 9.527, 8.756, 8.086, 7.542, 7.669, 8.032, 8.659, 9.616, 10.468, 11.422, 12.048, 11.796, 11.284, 10.835, 10.791, 10.684, 10.56, 10.32, 9.868, 9.46, 8.646, 7.642, 7.857, 8.536, 7.68, 7.114, 6.77, 6.833, 6.949, 7.221, 6.01, 4.093, 4.247, 4.074, 4.58, 4.516, 3.945, 4.086, 3.904, 2.699, 3.118, 4.765, 4.691, 4.69, 5.31, 5.21, 5.072, 4.818, 4.463, 4.215, 4.007, 3.773], [2.622, 2.689, 2.777, 2.685, 2.301, 2.405, 2.687, 2.173, 1.512, 1.798, 1.635, 1.515, 2.439, 1.881, 1.534, 1.651, 1.349, 0.0, 1.719, 1.581, 1.175, 1.26, 1.775, 1.888, 1.51, 2.868, 2.045, 1.683, 1.383, 1.405, 3.476, 7.563, 8.619, 8.918, 8.779, 8.008, 7.326, 6.753, 6.918, 7.292, 7.852, 8.789, 9.674, 10.629, 11.282, 10.968, 10.395, 9.943, 9.892, 9.825, 9.761, 9.486, 9.126, 8.702, 7.879, 6.882, 7.102, 7.782, 6.902, 6.324, 5.929, 6.067, 6.165, 6.391, 5.225, 3.185, 3.434, 3.383, 3.809, 3.754, 3.071, 3.11, 2.916, 1.844, 2.199, 3.92, 3.8, 3.829, 4.448, 4.212, 4.065, 3.911, 3.603, 3.371, 3.12, 3.179], [1.853, 1.706, 1.58, 1.468, 1.368, 1.581, 1.668, 1.488, 1.491, 1.943, 2.7, 2.614, 2.055, 1.845, 1.705, 1.57, 1.598, 1.719, 0.0, 0.774, 1.533, 2.1, 1.392, 1.651, 1.958, 2.176, 2.392, 2.259, 2.038, 2.312, 4.649, 8.744, 9.802, 10.102, 9.962, 9.19, 8.539, 8.006, 8.118, 8.471, 9.035, 9.97, 10.895, 11.873, 12.47, 12.155, 11.566, 11.139, 11.085, 11.03, 10.969, 10.7, 10.323, 9.884, 9.075, 8.095, 8.325, 8.994, 8.088, 7.506, 7.106, 7.254, 7.351, 7.604, 6.41, 4.451, 4.667, 4.607, 5.01, 4.956, 4.305, 4.366, 4.185, 2.881, 3.423, 5.147, 4.933, 4.486, 5.234, 5.364, 5.268, 5.021, 4.444, 4.131, 3.956, 3.544], [1.781, 1.765, 1.723, 1.457, 1.498, 1.571, 1.652, 1.493, 1.45, 1.944, 2.541, 2.456, 2.095, 1.865, 1.606, 1.489, 1.483, 1.581, 0.774, 0.0, 1.244, 1.937, 1.129, 1.28, 1.452, 1.879, 1.926, 1.835, 1.739, 2.03, 4.61, 8.705, 9.763, 10.064, 9.923, 9.152, 8.461, 7.954, 8.096, 8.433, 8.982, 9.914, 10.839, 11.765, 12.415, 12.076, 11.489, 11.038, 10.986, 10.96, 10.864, 10.622, 10.321, 9.858, 9.052, 8.073, 8.304, 8.946, 8.051, 7.469, 7.065, 7.22, 7.358, 7.61, 6.423, 4.469, 4.621, 4.532, 5.022, 4.927, 4.206, 4.2, 3.953, 2.698, 3.267, 5.003, 4.899, 4.198, 4.933, 5.104, 4.992, 4.673, 4.167, 3.98, 3.781, 3.375], [2.077, 2.141, 2.239, 2.174, 1.896, 1.96, 2.265, 1.751, 1.459, 1.704, 1.886, 1.829, 2.241, 1.872, 1.614, 1.625, 1.39, 1.175, 1.533, 1.244, 0.0, 0.867, 1.089, 1.423, 1.304, 2.57, 2.01, 1.467, 1.42, 1.752, 3.52, 7.637, 8.674, 8.953, 8.812, 8.041, 7.379, 6.953, 7.092, 7.413, 7.886, 8.817, 9.745, 10.687, 11.315, 10.989, 10.363, 9.927, 9.877, 9.847, 9.814, 9.609, 9.319, 8.863, 8.049, 7.07, 7.301, 7.943, 6.956, 6.374, 5.97, 6.156, 6.316, 6.592, 5.428, 3.481, 3.621, 3.532, 4.028, 3.924, 3.228, 3.281, 3.128, 1.93, 2.292, 4.005, 3.974, 3.689, 4.313, 4.263, 4.113, 3.885, 3.42, 3.074, 2.991, 2.813], [2.115, 2.179, 2.611, 2.598, 2.262, 2.376, 2.591, 2.257, 1.904, 1.848, 1.702, 1.808, 2.734, 2.359, 2.027, 2.095, 1.814, 1.26, 2.1, 1.937, 0.867, 0.0, 1.412, 1.999, 1.744, 3.246, 2.522, 1.743, 1.729, 1.947, 2.841, 6.891, 7.937, 8.237, 8.097, 7.326, 6.692, 6.223, 6.348, 6.682, 7.193, 8.114, 9.042, 10.002, 10.617, 10.275, 9.666, 9.249, 9.173, 9.168, 9.142, 8.966, 8.601, 8.131, 7.305, 6.326, 6.557, 7.214, 6.236, 5.671, 5.253, 5.437, 5.591, 5.862, 4.696, 2.775, 2.959, 2.855, 3.296, 3.219, 2.565, 2.69, 2.656, 1.69, 1.675, 3.361, 3.438, 3.416, 4.015, 3.872, 3.62, 3.448, 3.038, 2.759, 2.623, 2.554], [1.576, 1.692, 2.022, 1.853, 1.68, 1.876, 2.043, 1.841, 1.67, 2.024, 2.266, 2.303, 2.538, 2.269, 1.985, 2.04, 1.861, 1.775, 1.392, 1.129, 1.089, 1.412, 0.0, 1.048, 1.419, 2.325, 2.033, 1.578, 1.838, 2.252, 3.941, 8.037, 9.094, 9.395, 9.254, 8.483, 7.841, 7.354, 7.505, 7.841, 8.354, 9.273, 10.204, 11.141, 11.795, 11.444, 10.805, 10.368, 10.281, 10.326, 10.324, 10.147, 9.81, 9.291, 8.462, 7.484, 7.715, 8.386, 7.409, 6.81, 6.417, 6.618, 6.769, 7.02, 5.856, 3.956, 4.164, 4.068, 4.467, 4.432, 3.749, 3.802, 3.532, 2.238, 2.827, 4.55, 4.366, 3.62, 4.395, 4.557, 4.356, 4.117, 3.575, 3.296, 3.149, 2.745], [2.069, 2.085, 2.128, 1.953, 1.841, 2.166, 2.514, 2.072, 1.639, 2.11, 2.332, 2.187, 2.372, 2.11, 1.817, 1.956, 1.847, 1.888, 1.651, 1.28, 1.423, 1.999, 1.048, 0.0, 0.989, 1.734, 1.49, 1.547, 1.767, 2.215, 4.683, 8.77, 9.777, 10.077, 9.937, 9.165, 8.489, 8.026, 8.178, 8.494, 9.048, 9.959, 10.882, 11.783, 12.442, 12.11, 11.464, 11.025, 10.955, 10.963, 10.945, 10.765, 10.446, 9.944, 9.124, 8.156, 8.387, 9.041, 8.099, 7.517, 7.117, 7.271, 7.408, 7.693, 6.522, 4.605, 4.818, 4.719, 5.154, 5.073, 4.394, 4.417, 3.994, 2.733, 3.457, 5.154, 4.959, 3.988, 4.756, 4.87, 4.683, 4.488, 4.08, 3.924, 3.696, 3.361], [2.326, 2.42, 2.556, 2.11, 2.053, 2.189, 2.625, 2.089, 1.546, 2.105, 1.999, 1.787, 2.289, 1.834, 1.64, 1.851, 1.74, 1.51, 1.958, 1.452, 1.304, 1.744, 1.419, 0.989, 0.0, 1.767, 1.26, 1.305, 1.147, 1.641, 4.247, 8.386, 9.367, 9.618, 9.501, 8.716, 8.066, 7.593, 7.761, 8.11, 8.529, 9.456, 10.381, 11.301, 12.018, 11.657, 10.992, 10.54, 10.489, 10.527, 10.566, 10.394, 10.07, 9.562, 8.694, 7.733, 7.95, 8.617, 7.595, 7.013, 6.608, 6.875, 7.038, 7.292, 6.129, 4.287, 4.515, 4.416, 4.846, 4.762, 4.104, 4.119, 3.684, 2.548, 3.162, 4.85, 4.647, 3.888, 4.537, 4.667, 4.438, 4.147, 3.69, 3.566, 3.352, 3.137], [2.572, 2.661, 2.426, 1.9, 2.096, 2.163, 2.402, 2.052, 2.003, 2.471, 3.098, 2.799, 1.674, 1.797, 1.92, 1.94, 2.19, 2.868, 2.176, 1.879, 2.57, 3.246, 2.325, 1.734, 1.767, 0.0, 1.318, 2.117, 2.116, 2.357, 5.943, 10.071, 11.052, 11.314, 11.197, 10.412, 9.72, 9.279, 9.419, 9.764, 10.217, 11.148, 12.075, 12.986, 13.655, 13.296, 12.638, 12.215, 12.161, 12.164, 12.161, 11.98, 11.675, 11.216, 10.379, 9.402, 9.633, 10.274, 9.291, 8.709, 8.304, 8.511, 8.673, 8.946, 7.783, 5.891, 6.101, 6.002, 6.491, 6.37, 5.694, 5.691, 5.117, 3.93, 4.746, 6.435, 6.289, 5.338, 5.83, 5.92, 5.746, 5.499, 5.251, 5.151, 4.988, 4.623], [2.62, 2.879, 2.963, 2.492, 2.682, 2.778, 3.174, 2.699, 2.189, 2.526, 2.488, 2.258, 2.339, 1.852, 1.709, 1.965, 2.032, 2.045, 2.392, 1.926, 2.01, 2.522, 2.033, 1.49, 1.26, 1.318, 0.0, 1.3, 1.383, 1.685, 4.971, 9.077, 10.058, 10.332, 10.215, 9.43, 8.727, 8.312, 8.455, 8.746, 9.27, 10.197, 11.121, 12.033, 12.665, 12.332, 11.679, 11.259, 11.183, 11.187, 11.181, 10.986, 10.659, 10.211, 9.415, 8.425, 8.66, 9.307, 8.323, 7.741, 7.341, 7.506, 7.656, 7.952, 6.78, 4.896, 5.129, 5.005, 5.493, 5.407, 4.748, 4.747, 4.211, 3.112, 3.783, 5.454, 5.306, 4.441, 4.923, 4.919, 4.745, 4.499, 4.337, 4.178, 3.968, 3.781], [2.272, 2.471, 2.933, 2.704, 2.694, 2.81, 3.17, 2.666, 2.05, 2.244, 2.011, 1.83, 2.759, 2.37, 2.098, 2.216, 2.029, 1.683, 2.259, 1.835, 1.467, 1.743, 1.578, 1.547, 1.305, 2.117, 1.3, 0.0, 1.356, 1.737, 3.998, 8.162, 9.199, 9.468, 9.301, 8.53, 7.927, 7.481, 7.626, 7.975, 8.403, 9.339, 10.244, 11.186, 11.872, 11.509, 10.83, 10.424, 10.366, 10.385, 10.374, 10.198, 9.901, 9.425, 8.579, 7.602, 7.831, 8.473, 7.45, 6.868, 6.478, 6.718, 6.878, 7.154, 5.99, 4.121, 4.208, 4.111, 4.606, 4.546, 3.828, 3.834, 3.377, 2.459, 2.892, 4.575, 4.452, 3.671, 4.191, 4.225, 4.007, 3.812, 3.524, 3.275, 3.177, 3.009], [2.746, 2.795, 2.993, 2.472, 2.207, 2.251, 2.601, 2.048, 1.536, 1.897, 1.819, 1.562, 1.924, 1.425, 1.203, 1.398, 1.422, 1.383, 2.038, 1.739, 1.42, 1.729, 1.838, 1.767, 1.147, 2.116, 1.383, 1.356, 0.0, 0.951, 4.031, 8.198, 9.229, 9.499, 9.32, 8.555, 8.079, 7.53, 7.73, 8.078, 8.492, 9.39, 10.289, 11.307, 12.013, 11.667, 11.017, 10.572, 10.488, 10.563, 10.598, 10.434, 10.061, 9.528, 8.643, 7.697, 7.914, 8.606, 7.49, 6.881, 6.527, 6.863, 7.016, 7.26, 6.096, 4.197, 4.418, 4.32, 4.714, 4.653, 3.978, 4.08, 3.785, 2.587, 3.15, 4.823, 4.617, 4.303, 4.898, 4.841, 4.624, 4.403, 3.95, 3.694, 3.399, 3.365], [3.027, 3.007, 3.118, 2.663, 2.377, 2.41, 2.742, 2.302, 1.778, 2.051, 1.736, 1.533, 2.118, 1.676, 1.476, 1.598, 1.465, 1.405, 2.312, 2.03, 1.752, 1.947, 2.252, 2.215, 1.641, 2.357, 1.685, 1.737, 0.951, 0.0, 3.795, 7.91, 8.947, 9.217, 9.061, 8.29, 7.789, 7.462, 7.508, 7.758, 8.197, 9.137, 10.022, 11.028, 11.672, 11.355, 10.768, 10.346, 10.31, 10.283, 10.282, 10.168, 9.713, 9.195, 8.33, 7.363, 7.585, 8.252, 7.224, 6.647, 6.265, 6.506, 6.657, 6.938, 5.773, 3.883, 4.125, 4.003, 4.602, 4.434, 3.78, 3.858, 3.675, 2.759, 3.124, 4.526, 4.334, 4.624, 5.209, 4.883, 4.551, 4.437, 4.175, 3.907, 3.591, 3.662], [4.117, 4.126, 5.006, 5.026, 4.48, 4.698, 5.079, 4.772, 4.351, 4.21, 3.434, 3.746, 5.284, 4.744, 4.551, 4.654, 4.333, 3.476, 4.649, 4.61, 3.52, 2.841, 3.941, 4.683, 4.247, 5.943, 4.971, 3.998, 4.031, 3.795, 0.0, 4.194, 5.201, 5.471, 5.328, 4.619, 4.403, 4.439, 4.531, 4.204, 4.589, 5.431, 6.314, 7.312, 8.012, 7.686, 7.105, 6.657, 6.587, 6.604, 6.611, 6.49, 6.07, 5.501, 4.616, 3.67, 3.891, 4.604, 3.504, 2.9, 2.548, 2.902, 3.031, 3.255, 2.398, 1.824, 2.008, 2.088, 2.253, 2.273, 1.792, 1.843, 2.186, 3.033, 1.75, 1.476, 1.66, 3.16, 3.598, 3.221, 2.933, 2.785, 2.634, 2.078, 2.368, 2.613], [8.179, 8.291, 9.15, 9.167, 8.614, 8.8, 9.15, 8.826, 8.418, 8.099, 7.256, 7.846, 9.149, 8.767, 8.561, 8.587, 8.314, 7.563, 8.744, 8.705, 7.637, 6.891, 8.037, 8.77, 8.386, 10.071, 9.077, 8.162, 8.198, 7.91, 4.194, 0.0, 1.361, 1.631, 1.871, 1.827, 2.374, 3.136, 3.167, 2.384, 2.342, 2.559, 2.929, 3.314, 4.039, 3.911, 3.544, 2.948, 2.983, 3.037, 2.907, 2.945, 2.688, 1.947, 1.378, 1.419, 1.411, 1.219, 1.29, 1.997, 2.232, 2.112, 1.918, 1.756, 2.528, 4.51, 4.259, 4.341, 4.035, 4.006, 4.651, 4.77, 5.339, 6.496, 5.593, 3.75, 3.939, 5.268, 4.835, 4.551, 4.538, 4.75, 4.901, 4.999, 5.147, 5.526], [9.216, 9.268, 10.187, 10.204, 9.647, 9.833, 10.2, 9.884, 9.43, 9.093, 8.21, 8.835, 10.174, 9.772, 9.583, 9.637, 9.367, 8.619, 9.802, 9.763, 8.674, 7.937, 9.094, 9.777, 9.367, 11.052, 10.058, 9.199, 9.229, 8.947, 5.201, 1.361, 0.0, 0.808, 1.482, 1.597, 2.063, 2.506, 2.552, 1.884, 1.783, 1.899, 2.092, 2.362, 3.066, 2.994, 2.583, 2.087, 2.036, 2.13, 1.95, 2.041, 1.825, 1.259, 1.172, 1.966, 1.998, 1.435, 1.907, 2.532, 2.878, 2.711, 2.521, 2.284, 3.451, 5.525, 5.282, 5.393, 5.0, 5.008, 5.708, 5.828, 6.394, 7.554, 6.651, 4.775, 4.943, 6.298, 5.67, 5.421, 5.417, 5.717, 5.81, 5.955, 6.144, 6.504], [9.486, 9.538, 10.459, 10.479, 9.917, 10.134, 10.501, 10.184, 9.73, 9.394, 8.511, 9.105, 10.474, 10.072, 9.879, 9.932, 9.662, 8.918, 10.102, 10.064, 8.953, 8.237, 9.395, 10.077, 9.618, 11.314, 10.332, 9.468, 9.499, 9.217, 5.471, 1.631, 0.808, 0.0, 1.093, 1.386, 2.073, 2.697, 2.608, 2.008, 1.621, 1.606, 1.716, 2.085, 2.819, 2.797, 2.284, 1.84, 1.724, 1.942, 1.862, 1.658, 1.542, 1.165, 1.36, 2.269, 2.177, 1.505, 2.175, 2.749, 3.132, 2.973, 2.807, 2.62, 3.758, 5.826, 5.577, 5.681, 5.317, 5.293, 5.99, 6.116, 6.687, 7.851, 6.949, 5.075, 5.243, 6.598, 5.97, 5.703, 5.699, 6.001, 6.115, 6.251, 6.457, 6.774], [9.331, 9.412, 10.319, 10.339, 9.774, 9.994, 10.36, 10.044, 9.61, 9.288, 8.37, 8.921, 10.334, 9.932, 9.742, 9.797, 9.527, 8.779, 9.962, 9.923, 8.812, 8.097, 9.254, 9.937, 9.501, 11.197, 10.215, 9.301, 9.32, 9.061, 5.328, 1.871, 1.482, 1.093, 0.0, 1.064, 2.111, 2.922, 2.969, 2.316, 1.922, 1.912, 1.883, 2.168, 2.854, 2.847, 2.373, 2.017, 1.967, 2.158, 2.126, 1.86, 1.636, 1.341, 1.62, 2.204, 2.115, 1.618, 1.973, 2.611, 2.95, 2.864, 2.735, 2.529, 3.64, 5.685, 5.442, 5.553, 5.16, 5.167, 5.867, 5.988, 6.554, 7.713, 6.81, 4.934, 5.106, 6.458, 5.869, 5.59, 5.582, 5.882, 5.961, 6.079, 6.303, 6.636], [8.559, 8.66, 9.547, 9.568, 9.001, 9.227, 9.597, 9.272, 8.865, 8.546, 7.618, 8.168, 9.563, 9.193, 8.972, 9.026, 8.756, 8.008, 9.19, 9.152, 8.041, 7.326, 8.483, 9.165, 8.716, 10.412, 9.43, 8.53, 8.555, 8.29, 4.619, 1.827, 1.597, 1.386, 1.064, 0.0, 1.426, 2.189, 2.263, 1.691, 1.591, 1.812, 2.304, 2.921, 3.57, 3.508, 3.009, 2.553, 2.403, 2.642, 2.546, 2.225, 1.836, 1.46, 1.438, 1.827, 1.831, 1.468, 1.698, 2.099, 2.391, 2.281, 2.159, 1.964, 2.89, 4.914, 4.671, 4.787, 4.433, 4.404, 5.087, 5.212, 5.783, 6.942, 6.039, 4.167, 4.331, 5.686, 5.079, 4.801, 4.797, 5.097, 5.179, 5.308, 5.541, 5.899], [7.958, 8.196, 8.919, 8.956, 8.496, 8.696, 9.06, 8.733, 8.369, 7.972, 7.121, 7.647, 8.936, 8.579, 8.342, 8.399, 8.086, 7.326, 8.539, 8.461, 7.379, 6.692, 7.841, 8.489, 8.066, 9.72, 8.727, 7.927, 8.079, 7.789, 4.403, 2.374, 2.063, 2.073, 2.111, 1.426, 0.0, 1.305, 1.33, 1.016, 1.143, 1.962, 2.734, 3.445, 4.115, 4.005, 3.67, 3.121, 3.106, 3.081, 2.987, 2.81, 2.34, 1.885, 1.861, 1.702, 1.847, 1.962, 2.23, 2.465, 2.61, 2.49, 2.209, 1.762, 2.391, 4.354, 4.039, 4.145, 3.724, 3.793, 4.439, 4.597, 5.166, 6.25, 5.35, 3.611, 3.73, 4.976, 4.346, 4.092, 4.107, 4.392, 4.528, 4.681, 4.927, 5.362], [7.508, 7.639, 8.485, 8.501, 7.952, 8.142, 8.434, 8.151, 7.7, 7.42, 6.595, 7.159, 8.432, 8.081, 7.759, 7.823, 7.542, 6.753, 8.006, 7.954, 6.953, 6.223, 7.354, 8.026, 7.593, 9.279, 8.312, 7.481, 7.53, 7.462, 4.439, 3.136, 2.506, 2.697, 2.922, 2.189, 1.305, 0.0, 0.758, 1.221, 1.466, 2.275, 3.174, 4.056, 4.707, 4.498, 4.123, 3.572, 3.5, 3.627, 3.488, 3.208, 2.801, 2.59, 2.421, 2.24, 2.445, 2.748, 2.806, 2.889, 2.948, 3.022, 2.743, 2.234, 2.437, 4.312, 3.816, 3.874, 3.522, 3.404, 4.09, 4.387, 4.925, 5.69, 4.926, 3.673, 3.637, 4.512, 3.856, 3.637, 3.777, 4.025, 4.089, 4.314, 4.49, 4.887], [7.646, 7.809, 8.611, 8.633, 8.139, 8.321, 8.6, 8.288, 7.839, 7.493, 6.753, 7.295, 8.599, 8.189, 7.877, 7.926, 7.669, 6.918, 8.118, 8.096, 7.092, 6.348, 7.505, 8.178, 7.761, 9.419, 8.455, 7.626, 7.73, 7.508, 4.531, 3.167, 2.552, 2.608, 2.969, 2.263, 1.33, 0.758, 0.0, 1.0, 1.315, 2.07, 2.903, 3.899, 4.543, 4.385, 3.966, 3.557, 3.453, 3.421, 3.319, 3.15, 2.689, 2.548, 2.493, 2.163, 2.371, 2.756, 2.902, 3.085, 3.164, 3.155, 2.821, 2.263, 2.392, 4.287, 3.852, 3.944, 3.709, 3.478, 4.212, 4.43, 5.034, 5.831, 5.048, 3.797, 3.66, 4.639, 4.001, 3.749, 3.912, 4.177, 4.235, 4.379, 4.6, 4.969], [7.988, 8.147, 8.929, 8.981, 8.486, 8.666, 8.958, 8.637, 8.224, 7.821, 7.127, 7.637, 8.924, 8.483, 8.262, 8.302, 8.032, 7.292, 8.471, 8.433, 7.413, 6.682, 7.841, 8.494, 8.11, 9.764, 8.746, 7.975, 8.078, 7.758, 4.204, 2.384, 1.884, 2.008, 2.316, 1.691, 1.016, 1.221, 1.0, 0.0, 0.896, 1.698, 2.49, 3.527, 4.164, 4.037, 3.617, 3.157, 3.071, 3.038, 2.911, 2.797, 2.36, 1.977, 1.841, 1.655, 1.894, 2.173, 2.267, 2.559, 2.656, 2.566, 2.245, 1.705, 2.201, 4.317, 4.032, 4.097, 3.974, 3.761, 4.41, 4.529, 5.161, 6.222, 5.32, 3.551, 3.631, 4.945, 4.321, 4.067, 4.116, 4.413, 4.59, 4.718, 4.889, 5.297], [8.436, 8.572, 9.416, 9.441, 8.914, 9.133, 9.493, 9.164, 8.759, 8.463, 7.574, 8.096, 9.466, 9.057, 8.866, 8.902, 8.659, 7.852, 9.035, 8.982, 7.886, 7.193, 8.354, 9.048, 8.529, 10.217, 9.27, 8.403, 8.492, 8.197, 4.589, 2.342, 1.783, 1.621, 1.922, 1.591, 1.143, 1.466, 1.315, 0.896, 0.0, 1.125, 2.02, 2.921, 3.6, 3.484, 3.08, 2.578, 2.507, 2.571, 2.503, 2.371, 1.963, 1.702, 1.799, 1.744, 1.85, 2.031, 2.241, 2.608, 2.704, 2.799, 2.471, 2.012, 2.796, 4.971, 4.64, 4.696, 4.513, 4.36, 4.983, 5.149, 5.798, 6.765, 5.915, 4.042, 4.213, 5.508, 4.886, 4.66, 4.657, 4.966, 5.078, 5.19, 5.416, 5.767], [9.36, 9.447, 10.348, 10.357, 9.829, 10.05, 10.417, 10.102, 9.668, 9.382, 8.476, 9.029, 10.392, 9.967, 9.761, 9.845, 9.616, 8.789, 9.97, 9.914, 8.817, 8.114, 9.273, 9.959, 9.456, 11.148, 10.197, 9.339, 9.39, 9.137, 5.431, 2.559, 1.899, 1.606, 1.912, 1.812, 1.962, 2.275, 2.07, 1.698, 1.125, 0.0, 1.095, 2.094, 2.756, 2.591, 2.171, 1.884, 1.826, 1.931, 1.878, 1.856, 1.631, 1.78, 2.103, 2.487, 2.422, 2.17, 2.746, 3.132, 3.287, 3.359, 3.179, 2.858, 3.732, 5.831, 5.547, 5.631, 5.395, 5.272, 5.879, 6.013, 6.659, 7.696, 6.798, 4.962, 5.129, 6.435, 5.803, 5.584, 5.585, 5.893, 5.994, 6.105, 6.324, 6.706], [10.284, 10.389, 11.27, 11.288, 10.745, 10.967, 11.337, 11.0, 10.58, 10.242, 9.37, 9.893, 11.315, 10.915, 10.691, 10.73, 10.468, 9.674, 10.895, 10.839, 9.745, 9.042, 10.204, 10.882, 10.381, 12.075, 11.121, 10.244, 10.289, 10.022, 6.314, 2.929, 2.092, 1.716, 1.883, 2.304, 2.734, 3.174, 2.903, 2.49, 2.02, 1.095, 0.0, 1.289, 2.003, 1.88, 1.503, 1.434, 1.446, 1.505, 1.613, 1.83, 1.882, 2.079, 2.505, 3.072, 2.893, 2.387, 3.232, 3.769, 4.09, 4.024, 3.831, 3.482, 4.572, 6.666, 6.389, 6.51, 6.265, 6.159, 6.761, 6.891, 7.509, 8.615, 7.713, 5.856, 6.038, 7.367, 6.735, 6.507, 6.507, 6.816, 6.908, 7.032, 7.273, 7.611], [11.238, 11.423, 12.229, 12.238, 11.723, 11.942, 12.312, 11.997, 11.615, 11.306, 10.358, 10.903, 12.241, 11.912, 11.675, 11.732, 11.422, 10.629, 11.873, 11.765, 10.687, 10.002, 11.141, 11.783, 11.301, 12.986, 12.033, 11.186, 11.307, 11.028, 7.312, 3.314, 2.362, 2.085, 2.168, 2.921, 3.445, 4.056, 3.899, 3.527, 2.921, 2.094, 1.289, 0.0, 1.042, 1.064, 0.97, 1.197, 1.246, 1.259, 1.294, 1.705, 2.041, 2.418, 3.08, 3.995, 3.809, 3.031, 3.943, 4.591, 4.9, 4.733, 4.61, 4.355, 5.549, 7.605, 7.326, 7.438, 7.07, 7.099, 7.747, 7.813, 8.364, 9.53, 8.641, 6.791, 6.98, 8.269, 7.644, 7.405, 7.403, 7.712, 7.819, 7.961, 8.252, 8.639], [11.905, 12.113, 12.842, 12.89, 12.431, 12.626, 12.985, 12.641, 12.277, 11.892, 11.02, 11.59, 12.882, 12.506, 12.291, 12.313, 12.048, 11.282, 12.47, 12.415, 11.315, 10.617, 11.795, 12.442, 12.018, 13.655, 12.665, 11.872, 12.013, 11.672, 8.012, 4.039, 3.066, 2.819, 2.854, 3.57, 4.115, 4.707, 4.543, 4.164, 3.6, 2.756, 2.003, 1.042, 0.0, 0.69, 1.284, 1.607, 1.659, 1.514, 1.577, 2.23, 2.582, 2.994, 3.766, 4.675, 4.504, 3.637, 4.614, 5.247, 5.543, 5.298, 5.206, 4.974, 6.146, 8.198, 7.959, 8.054, 7.639, 7.692, 8.372, 8.449, 9.012, 10.198, 9.281, 7.428, 7.609, 8.906, 8.274, 8.038, 8.047, 8.35, 8.476, 8.627, 8.853, 9.272], [11.556, 11.793, 12.527, 12.536, 12.098, 12.291, 12.668, 12.337, 11.975, 11.627, 10.72, 11.263, 12.544, 12.216, 12.02, 12.067, 11.796, 10.968, 12.155, 12.076, 10.989, 10.275, 11.444, 12.11, 11.657, 13.296, 12.332, 11.509, 11.667, 11.355, 7.686, 3.911, 2.994, 2.797, 2.847, 3.508, 4.005, 4.498, 4.385, 4.037, 3.484, 2.591, 1.88, 1.064, 0.69, 0.0, 1.064, 1.281, 1.418, 1.437, 1.421, 2.134, 2.523, 3.008, 3.746, 4.569, 4.398, 3.531, 4.469, 5.074, 5.278, 5.204, 5.098, 4.87, 5.998, 7.887, 7.661, 7.821, 7.449, 7.467, 8.049, 8.112, 8.676, 9.838, 8.944, 7.16, 7.298, 8.583, 7.946, 7.705, 7.713, 8.016, 8.123, 8.276, 8.542, 8.987], [10.928, 11.193, 11.939, 11.908, 11.518, 11.729, 12.104, 11.774, 11.44, 11.103, 10.161, 10.702, 12.017, 11.68, 11.466, 11.542, 11.284, 10.395, 11.566, 11.489, 10.363, 9.666, 10.805, 11.464, 10.992, 12.638, 11.679, 10.83, 11.017, 10.768, 7.105, 3.544, 2.583, 2.284, 2.373, 3.009, 3.67, 4.123, 3.966, 3.617, 3.08, 2.171, 1.503, 0.97, 1.284, 1.064, 0.0, 0.853, 0.87, 0.904, 1.044, 1.552, 2.068, 2.594, 3.333, 4.163, 3.94, 3.129, 4.036, 4.605, 4.889, 4.822, 4.697, 4.408, 5.577, 7.338, 7.16, 7.344, 7.133, 7.011, 7.481, 7.505, 8.05, 9.194, 8.372, 6.61, 6.75, 7.948, 7.291, 7.052, 7.063, 7.364, 7.488, 7.612, 7.928, 8.438], [10.487, 10.747, 11.514, 11.472, 11.065, 11.262, 11.641, 11.322, 10.976, 10.663, 9.698, 10.263, 11.56, 11.241, 11.016, 11.12, 10.835, 9.943, 11.139, 11.038, 9.927, 9.249, 10.368, 11.025, 10.54, 12.215, 11.259, 10.424, 10.572, 10.346, 6.657, 2.948, 2.087, 1.84, 2.017, 2.553, 3.121, 3.572, 3.557, 3.157, 2.578, 1.884, 1.434, 1.197, 1.607, 1.281, 0.853, 0.0, 0.555, 0.837, 0.941, 1.314, 1.691, 2.125, 2.795, 3.657, 3.463, 2.624, 3.467, 4.051, 4.247, 4.247, 4.166, 3.922, 5.053, 6.917, 6.686, 6.855, 6.535, 6.515, 7.031, 7.055, 7.611, 8.767, 7.925, 6.156, 6.285, 7.528, 6.899, 6.635, 6.653, 6.962, 7.072, 7.211, 7.51, 8.013], [10.438, 10.672, 11.478, 11.42, 10.996, 11.18, 11.571, 11.253, 10.887, 10.592, 9.616, 10.211, 11.501, 11.171, 10.949, 11.07, 10.791, 9.892, 11.085, 10.986, 9.877, 9.173, 10.281, 10.955, 10.489, 12.161, 11.183, 10.366, 10.488, 10.31, 6.587, 2.983, 2.036, 1.724, 1.967, 2.403, 3.106, 3.5, 3.453, 3.071, 2.507, 1.826, 1.446, 1.246, 1.659, 1.418, 0.87, 0.555, 0.0, 0.815, 0.924, 1.264, 1.625, 2.047, 2.7, 3.617, 3.443, 2.636, 3.416, 3.958, 4.232, 4.224, 4.143, 3.877, 5.017, 6.864, 6.645, 6.836, 6.539, 6.491, 6.984, 7.002, 7.546, 8.708, 7.869, 6.108, 6.24, 7.462, 6.829, 6.566, 6.579, 6.899, 7.025, 7.168, 7.424, 7.96], [10.442, 10.716, 11.41, 11.429, 11.015, 11.213, 11.602, 11.248, 10.919, 10.561, 9.653, 10.178, 11.488, 11.12, 10.867, 10.964, 10.684, 9.825, 11.03, 10.96, 9.847, 9.168, 10.326, 10.963, 10.527, 12.164, 11.187, 10.385, 10.563, 10.283, 6.604, 3.037, 2.13, 1.942, 2.158, 2.642, 3.081, 3.627, 3.421, 3.038, 2.571, 1.931, 1.505, 1.259, 1.514, 1.437, 0.904, 0.837, 0.815, 0.0, 0.62, 1.437, 1.715, 2.136, 2.874, 3.647, 3.448, 2.651, 3.538, 4.149, 4.401, 4.286, 4.15, 3.845, 5.006, 6.791, 6.576, 6.745, 6.555, 6.434, 6.919, 6.973, 7.536, 8.719, 7.829, 6.01, 6.173, 7.425, 6.803, 6.559, 6.569, 6.864, 7.002, 7.142, 7.416, 7.908], [10.475, 10.716, 11.402, 11.463, 11.016, 11.197, 11.544, 11.219, 10.856, 10.469, 9.619, 10.173, 11.435, 11.062, 10.83, 10.839, 10.56, 9.761, 10.969, 10.864, 9.814, 9.142, 10.324, 10.945, 10.566, 12.161, 11.181, 10.374, 10.598, 10.282, 6.611, 2.907, 1.95, 1.862, 2.126, 2.546, 2.987, 3.488, 3.319, 2.911, 2.503, 1.878, 1.613, 1.294, 1.577, 1.421, 1.044, 0.941, 0.924, 0.62, 0.0, 1.242, 1.546, 1.983, 2.73, 3.528, 3.322, 2.508, 3.462, 4.072, 4.335, 4.138, 3.991, 3.71, 4.886, 6.706, 6.415, 6.59, 6.426, 6.315, 6.844, 6.925, 7.481, 8.644, 7.745, 5.903, 6.117, 7.355, 6.737, 6.487, 6.527, 6.809, 6.983, 7.153, 7.425, 7.894], [10.305, 10.601, 11.263, 11.293, 10.901, 11.077, 11.382, 11.049, 10.667, 10.288, 9.515, 10.064, 11.29, 10.906, 10.563, 10.596, 10.32, 9.486, 10.7, 10.622, 9.609, 8.966, 10.147, 10.765, 10.394, 11.98, 10.986, 10.198, 10.434, 10.168, 6.49, 2.945, 2.041, 1.658, 1.86, 2.225, 2.81, 3.208, 3.15, 2.797, 2.371, 1.856, 1.83, 1.705, 2.23, 2.134, 1.552, 1.314, 1.264, 1.437, 1.242, 0.0, 0.977, 1.64, 2.349, 3.301, 3.167, 2.308, 3.333, 3.809, 4.038, 3.858, 3.782, 3.521, 4.64, 6.396, 6.156, 6.338, 6.085, 6.09, 6.609, 6.568, 7.091, 8.323, 7.402, 5.69, 5.91, 7.004, 6.37, 6.184, 6.327, 6.55, 6.811, 6.971, 7.268, 7.793], [9.953, 10.16, 10.862, 10.938, 10.485, 10.665, 10.935, 10.62, 10.211, 9.802, 9.054, 9.645, 10.875, 10.477, 10.15, 10.113, 9.868, 9.126, 10.323, 10.321, 9.319, 8.601, 9.81, 10.446, 10.07, 11.675, 10.659, 9.901, 10.061, 9.713, 6.07, 2.688, 1.825, 1.542, 1.636, 1.836, 2.34, 2.801, 2.689, 2.36, 1.963, 1.631, 1.882, 2.041, 2.582, 2.523, 2.068, 1.691, 1.625, 1.715, 1.546, 0.977, 0.0, 1.108, 1.912, 2.752, 2.621, 1.898, 2.832, 3.335, 3.581, 3.343, 3.22, 2.987, 4.099, 5.96, 5.732, 5.86, 5.479, 5.56, 6.185, 6.217, 6.782, 8.006, 7.097, 5.363, 5.527, 6.757, 6.12, 5.906, 6.019, 6.28, 6.498, 6.639, 6.879, 7.341], [9.438, 9.595, 10.378, 10.431, 9.936, 10.115, 10.388, 10.079, 9.634, 9.193, 8.49, 9.086, 10.348, 9.926, 9.672, 9.712, 9.46, 8.702, 9.884, 9.858, 8.863, 8.131, 9.291, 9.944, 9.562, 11.216, 10.211, 9.425, 9.528, 9.195, 5.501, 1.947, 1.259, 1.165, 1.341, 1.46, 1.885, 2.59, 2.548, 1.977, 1.702, 1.78, 2.079, 2.418, 2.994, 3.008, 2.594, 2.125, 2.047, 2.136, 1.983, 1.64, 1.108, 0.0, 1.118, 1.983, 1.896, 1.338, 2.096, 2.696, 3.023, 2.754, 2.681, 2.416, 3.517, 5.576, 5.36, 5.484, 5.052, 5.125, 5.789, 5.904, 6.461, 7.632, 6.727, 4.884, 5.066, 6.393, 5.752, 5.507, 5.566, 5.857, 6.025, 6.167, 6.338, 6.748], [8.602, 8.711, 9.562, 9.584, 9.051, 9.231, 9.507, 9.21, 8.749, 8.4, 7.605, 8.228, 9.519, 9.129, 8.88, 8.915, 8.646, 7.879, 9.075, 9.052, 8.049, 7.305, 8.462, 9.124, 8.694, 10.379, 9.415, 8.579, 8.643, 8.33, 4.616, 1.378, 1.172, 1.36, 1.62, 1.438, 1.861, 2.421, 2.493, 1.841, 1.799, 2.103, 2.505, 3.08, 3.766, 3.746, 3.333, 2.795, 2.7, 2.874, 2.73, 2.349, 1.912, 1.118, 0.0, 1.227, 1.267, 1.127, 1.403, 1.949, 2.301, 2.125, 2.081, 1.78, 2.736, 4.784, 4.554, 4.692, 4.314, 4.32, 4.988, 5.103, 5.669, 6.827, 5.925, 4.08, 4.245, 5.596, 5.077, 4.853, 4.871, 5.092, 5.188, 5.339, 5.53, 5.91], [7.625, 7.764, 8.584, 8.612, 8.104, 8.284, 8.556, 8.248, 7.776, 7.399, 6.673, 7.255, 8.552, 8.149, 7.859, 7.895, 7.642, 6.882, 8.095, 8.073, 7.07, 6.326, 7.484, 8.156, 7.733, 9.402, 8.425, 7.602, 7.697, 7.363, 3.67, 1.419, 1.966, 2.269, 2.204, 1.827, 1.702, 2.24, 2.163, 1.655, 1.744, 2.487, 3.072, 3.995, 4.675, 4.569, 4.163, 3.657, 3.617, 3.647, 3.528, 3.301, 2.752, 1.983, 1.227, 0.0, 0.591, 1.324, 1.068, 1.574, 1.8, 1.726, 1.471, 1.113, 1.735, 3.835, 3.564, 3.653, 3.342, 3.297, 3.976, 4.082, 4.676, 5.809, 4.91, 3.13, 3.293, 4.641, 4.178, 3.863, 3.874, 4.096, 4.206, 4.355, 4.551, 4.919], [7.856, 7.981, 8.814, 8.842, 8.322, 8.501, 8.774, 8.465, 7.996, 7.634, 6.958, 7.48, 8.782, 8.381, 8.091, 8.127, 7.857, 7.102, 8.325, 8.304, 7.301, 6.557, 7.715, 8.387, 7.95, 9.633, 8.66, 7.831, 7.914, 7.585, 3.891, 1.411, 1.998, 2.177, 2.115, 1.831, 1.847, 2.445, 2.371, 1.894, 1.85, 2.422, 2.893, 3.809, 4.504, 4.398, 3.94, 3.463, 3.443, 3.448, 3.322, 3.167, 2.621, 1.896, 1.267, 0.591, 0.0, 1.177, 1.267, 1.877, 2.123, 2.027, 1.825, 1.472, 2.035, 4.052, 3.813, 3.91, 3.685, 3.596, 4.2, 4.314, 4.881, 6.04, 5.143, 3.361, 3.513, 4.899, 4.492, 4.205, 4.213, 4.345, 4.445, 4.597, 4.789, 5.182], [8.522, 8.702, 9.474, 9.501, 9.018, 9.199, 9.474, 9.156, 8.735, 8.381, 7.595, 8.175, 9.442, 9.095, 8.795, 8.813, 8.536, 7.782, 8.994, 8.946, 7.943, 7.214, 8.386, 9.041, 8.617, 10.274, 9.307, 8.473, 8.606, 8.252, 4.604, 1.219, 1.435, 1.505, 1.618, 1.468, 1.962, 2.748, 2.756, 2.173, 2.031, 2.17, 2.387, 3.031, 3.637, 3.531, 3.129, 2.624, 2.636, 2.651, 2.508, 2.308, 1.898, 1.338, 1.127, 1.324, 1.177, 0.0, 1.313, 1.977, 2.272, 2.014, 1.972, 1.745, 2.642, 4.699, 4.428, 4.545, 4.166, 4.191, 4.874, 4.976, 5.543, 6.7, 5.798, 3.974, 4.176, 5.49, 4.857, 4.66, 4.714, 4.986, 5.086, 5.238, 5.483, 5.913], [7.488, 7.591, 8.463, 8.484, 7.945, 8.166, 8.523, 8.206, 7.794, 7.456, 6.541, 7.084, 8.496, 8.103, 7.905, 7.937, 7.68, 6.902, 8.088, 8.051, 6.956, 6.236, 7.409, 8.099, 7.595, 9.291, 8.323, 7.45, 7.49, 7.224, 3.504, 1.29, 1.907, 2.175, 1.973, 1.698, 2.23, 2.806, 2.902, 2.267, 2.241, 2.746, 3.232, 3.943, 4.614, 4.469, 4.036, 3.467, 3.416, 3.538, 3.462, 3.333, 2.832, 2.096, 1.403, 1.068, 1.267, 1.313, 0.0, 1.008, 1.361, 1.257, 1.261, 1.152, 1.783, 3.836, 3.559, 3.689, 3.326, 3.33, 3.974, 4.1, 4.671, 5.835, 4.932, 3.085, 3.265, 4.629, 4.147, 3.816, 3.787, 4.023, 4.133, 4.248, 4.466, 4.833], [6.896, 6.95, 7.881, 7.901, 7.352, 7.573, 7.94, 7.61, 7.172, 6.869, 5.951, 6.501, 7.92, 7.512, 7.363, 7.412, 7.114, 6.324, 7.506, 7.469, 6.374, 5.671, 6.81, 7.517, 7.013, 8.709, 7.741, 6.868, 6.881, 6.647, 2.9, 1.997, 2.532, 2.749, 2.611, 2.099, 2.465, 2.889, 3.085, 2.559, 2.608, 3.132, 3.769, 4.591, 5.247, 5.074, 4.605, 4.051, 3.958, 4.149, 4.072, 3.809, 3.335, 2.696, 1.949, 1.574, 1.877, 1.977, 1.008, 0.0, 0.732, 0.922, 1.117, 1.238, 1.591, 3.265, 3.043, 3.189, 2.841, 2.831, 3.42, 3.518, 4.095, 5.253, 4.373, 2.57, 2.699, 4.054, 3.677, 3.328, 3.242, 3.48, 3.601, 3.716, 3.91, 4.239], [6.494, 6.606, 7.499, 7.502, 6.956, 7.183, 7.563, 7.232, 6.804, 6.528, 5.571, 6.142, 7.518, 7.115, 6.923, 6.991, 6.77, 5.929, 7.106, 7.065, 5.97, 5.253, 6.417, 7.117, 6.608, 8.304, 7.341, 6.478, 6.527, 6.265, 2.548, 2.232, 2.878, 3.132, 2.95, 2.391, 2.61, 2.948, 3.164, 2.656, 2.704, 3.287, 4.09, 4.9, 5.543, 5.278, 4.889, 4.247, 4.232, 4.401, 4.335, 4.038, 3.581, 3.023, 2.301, 1.8, 2.123, 2.272, 1.361, 0.732, 0.0, 0.732, 1.026, 1.401, 1.504, 2.871, 2.702, 2.842, 2.447, 2.438, 3.014, 3.114, 3.685, 4.851, 3.946, 2.221, 2.367, 3.721, 3.434, 3.036, 2.866, 3.047, 3.201, 3.31, 3.534, 3.865], [6.755, 6.959, 7.682, 7.74, 7.275, 7.456, 7.8, 7.46, 7.089, 6.667, 5.845, 6.436, 7.702, 7.299, 7.077, 7.093, 6.833, 6.067, 7.254, 7.22, 6.156, 5.437, 6.618, 7.271, 6.875, 8.511, 7.506, 6.718, 6.863, 6.506, 2.902, 2.112, 2.711, 2.973, 2.864, 2.281, 2.49, 3.022, 3.155, 2.566, 2.799, 3.359, 4.024, 4.733, 5.298, 5.204, 4.822, 4.247, 4.224, 4.286, 4.138, 3.858, 3.343, 2.754, 2.125, 1.726, 2.027, 2.014, 1.257, 0.922, 0.732, 0.0, 0.676, 1.174, 1.46, 2.981, 2.738, 2.877, 2.453, 2.49, 3.172, 3.265, 3.812, 4.993, 4.087, 2.395, 2.566, 3.793, 3.586, 3.077, 2.959, 3.24, 3.369, 3.489, 3.711, 4.141], [6.911, 7.11, 7.835, 7.896, 7.428, 7.609, 7.93, 7.588, 7.217, 6.795, 5.997, 6.587, 7.83, 7.42, 7.195, 7.219, 6.949, 6.165, 7.351, 7.358, 6.316, 5.591, 6.769, 7.408, 7.038, 8.673, 7.656, 6.878, 7.016, 6.657, 3.031, 1.918, 2.521, 2.807, 2.735, 2.159, 2.209, 2.743, 2.821, 2.245, 2.471, 3.179, 3.831, 4.61, 5.206, 5.098, 4.697, 4.166, 4.143, 4.15, 3.991, 3.782, 3.22, 2.681, 2.081, 1.471, 1.825, 1.972, 1.261, 1.117, 1.026, 0.676, 0.0, 0.854, 1.352, 3.071, 2.828, 2.972, 2.587, 2.617, 3.304, 3.384, 3.94, 5.093, 4.198, 2.538, 2.697, 3.879, 3.54, 3.082, 3.068, 3.409, 3.529, 3.658, 3.855, 4.272], [7.167, 7.347, 8.113, 8.16, 7.674, 7.854, 8.151, 7.82, 7.429, 7.027, 6.24, 6.83, 8.095, 7.656, 7.428, 7.486, 7.221, 6.391, 7.604, 7.61, 6.592, 5.862, 7.02, 7.693, 7.292, 8.946, 7.952, 7.154, 7.26, 6.938, 3.255, 1.756, 2.284, 2.62, 2.529, 1.964, 1.762, 2.234, 2.263, 1.705, 2.012, 2.858, 3.482, 4.355, 4.974, 4.87, 4.408, 3.922, 3.877, 3.845, 3.71, 3.521, 2.987, 2.416, 1.78, 1.113, 1.472, 1.745, 1.152, 1.238, 1.401, 1.174, 0.854, 0.0, 1.322, 3.32, 3.101, 3.253, 2.934, 2.91, 3.553, 3.627, 4.192, 5.344, 4.45, 2.712, 2.748, 4.066, 3.498, 3.271, 3.335, 3.618, 3.787, 3.922, 4.082, 4.5], [6.003, 6.175, 6.944, 6.996, 6.503, 6.684, 6.96, 6.652, 6.221, 5.802, 5.148, 5.658, 6.923, 6.488, 6.221, 6.281, 6.01, 5.225, 6.41, 6.423, 5.428, 4.696, 5.856, 6.522, 6.129, 7.783, 6.78, 5.99, 6.096, 5.773, 2.398, 2.528, 3.451, 3.758, 3.64, 2.89, 2.391, 2.437, 2.392, 2.201, 2.796, 3.732, 4.572, 5.549, 6.146, 5.998, 5.577, 5.053, 5.017, 5.006, 4.886, 4.64, 4.099, 3.517, 2.736, 1.735, 2.035, 2.642, 1.783, 1.591, 1.504, 1.46, 1.352, 1.322, 0.0, 2.231, 1.972, 2.058, 1.889, 1.743, 2.366, 2.447, 3.045, 4.153, 3.259, 1.895, 1.721, 2.985, 2.615, 2.272, 2.348, 2.486, 2.638, 2.769, 2.918, 3.382], [4.091, 4.326, 4.998, 5.076, 4.644, 4.805, 5.107, 4.802, 4.393, 4.036, 3.37, 3.81, 5.113, 4.642, 4.376, 4.396, 4.093, 3.185, 4.451, 4.469, 3.481, 2.775, 3.956, 4.605, 4.287, 5.891, 4.896, 4.121, 4.197, 3.883, 1.824, 4.51, 5.525, 5.826, 5.685, 4.914, 4.354, 4.312, 4.287, 4.317, 4.971, 5.831, 6.666, 7.605, 8.198, 7.887, 7.338, 6.917, 6.864, 6.791, 6.706, 6.396, 5.96, 5.576, 4.784, 3.835, 4.052, 4.699, 3.836, 3.265, 2.871, 2.981, 3.071, 3.32, 2.231, 0.0, 1.055, 1.091, 1.355, 1.29, 1.139, 1.006, 1.313, 2.204, 1.456, 1.603, 1.586, 2.516, 3.084, 2.732, 2.402, 2.313, 2.268, 1.924, 1.97, 2.303], [4.297, 4.53, 5.217, 5.284, 4.831, 5.014, 5.293, 4.992, 4.596, 4.215, 3.559, 4.018, 5.281, 4.862, 4.56, 4.543, 4.247, 3.434, 4.667, 4.621, 3.621, 2.959, 4.164, 4.818, 4.515, 6.101, 5.129, 4.208, 4.418, 4.125, 2.008, 4.2