[[0.0, 0.617, 1.205, 1.219, 1.457, 1.62, 2.183, 3.088, 3.813, 4.39, 4.213, 3.642, 4.235, 4.914, 5.262, 4.998, 4.787, 4.896, 4.486, 5.068, 5.678, 4.664, 4.784, 4.992, 4.557, 5.785, 6.852, 6.907, 5.271, 5.556, 5.748, 5.012, 5.576, 5.365, 4.759, 3.915, 3.67, 3.764, 2.946, 3.007, 3.023, 3.466, 4.028, 4.017, 4.419, 4.868, 5.137, 5.288, 5.104, 5.013, 5.049, 5.23, 5.348, 5.422, 5.757, 6.695, 7.098, 6.808, 6.786, 6.952, 7.1, 7.978, 8.242, 9.877, 10.774, 10.31, 10.084, 9.103, 8.908, 10.975, 12.15, 9.62, 7.983, 6.92, 7.63, 7.462, 6.103, 5.353, 4.398, 3.407, 2.93, 3.345, 3.581, 3.635, 3.824, 3.925], [0.617, 0.0, 0.813, 0.952, 1.431, 1.48, 1.902, 2.719, 3.441, 4.007, 3.828, 3.229, 3.837, 4.502, 4.851, 4.596, 4.403, 4.514, 4.088, 4.677, 5.267, 4.277, 4.357, 4.596, 4.17, 5.39, 6.446, 6.505, 4.906, 5.294, 5.485, 4.671, 5.148, 4.918, 4.278, 3.467, 3.393, 3.472, 2.638, 2.691, 2.72, 3.176, 3.727, 3.73, 4.211, 4.6, 4.884, 5.06, 4.837, 4.715, 4.798, 4.977, 5.067, 5.143, 5.477, 6.416, 6.846, 6.559, 6.501, 6.626, 6.747, 7.578, 7.788, 9.432, 10.343, 9.829, 9.642, 8.657, 8.493, 10.588, 11.77, 9.226, 7.537, 6.494, 7.22, 7.046, 5.68, 4.958, 4.051, 3.092, 2.625, 3.017, 3.286, 3.318, 3.531, 3.541], [1.205, 0.813, 0.0, 0.878, 1.683, 1.757, 1.985, 2.389, 2.995, 3.568, 3.381, 2.761, 3.389, 4.091, 4.435, 4.186, 3.971, 4.083, 3.666, 4.263, 4.841, 3.831, 3.887, 4.149, 3.738, 4.955, 6.008, 6.084, 4.504, 5.087, 5.205, 4.256, 4.653, 4.413, 3.776, 2.955, 3.213, 3.246, 2.421, 2.535, 2.571, 2.983, 3.507, 3.688, 4.214, 4.566, 4.863, 5.037, 4.788, 4.668, 4.815, 5.008, 5.012, 4.98, 5.324, 6.203, 6.528, 6.222, 6.079, 6.11, 6.233, 7.043, 7.278, 8.967, 9.87, 9.321, 9.156, 8.17, 8.041, 10.143, 11.356, 8.789, 7.066, 6.037, 6.773, 6.603, 5.156, 4.407, 3.532, 2.633, 2.513, 2.906, 3.224, 3.205, 3.082, 3.131], [1.219, 0.952, 0.878, 0.0, 1.232, 1.695, 2.338, 2.954, 3.664, 4.238, 4.024, 3.402, 4.058, 4.766, 5.111, 4.874, 4.661, 4.768, 4.343, 4.932, 5.523, 4.51, 4.561, 4.831, 4.421, 5.636, 6.685, 6.759, 5.074, 4.8, 4.957, 4.29, 5.079, 4.911, 4.368, 3.475, 2.834, 2.931, 2.183, 2.148, 2.27, 2.655, 3.312, 3.246, 3.588, 3.997, 4.268, 4.431, 4.236, 4.158, 4.253, 4.404, 4.509, 4.592, 4.935, 5.853, 6.268, 5.974, 5.876, 5.991, 6.102, 6.99, 7.722, 9.611, 10.493, 9.924, 9.789, 8.78, 8.667, 10.813, 12.029, 9.442, 7.705, 6.697, 7.442, 7.247, 5.287, 4.413, 3.509, 2.583, 2.51, 2.887, 3.247, 3.353, 3.215, 3.706], [1.457, 1.431, 1.683, 1.232, 0.0, 1.573, 2.639, 3.618, 4.329, 4.903, 4.689, 4.063, 4.723, 5.428, 5.774, 5.53, 5.314, 5.42, 5.0, 5.597, 6.186, 5.177, 5.214, 5.484, 5.079, 6.289, 7.389, 7.467, 5.79, 4.745, 4.964, 5.019, 5.836, 5.617, 4.997, 4.146, 3.129, 2.885, 2.255, 2.285, 2.684, 2.884, 3.319, 3.047, 3.174, 3.66, 3.9, 4.013, 3.916, 3.873, 3.947, 4.06, 4.256, 4.45, 4.846, 5.949, 6.364, 6.131, 6.223, 6.544, 6.71, 7.675, 8.428, 10.267, 11.123, 10.533, 10.434, 9.451, 9.376, 11.519, 12.694, 10.138, 8.376, 7.373, 8.148, 7.943, 5.971, 5.06, 4.109, 3.131, 2.691, 2.829, 3.288, 3.681, 3.645, 4.363], [1.62, 1.48, 1.757, 1.695, 1.573, 0.0, 1.327, 2.382, 2.95, 3.389, 3.22, 2.637, 3.302, 4.019, 4.372, 4.08, 3.846, 3.959, 3.538, 4.129, 4.758, 3.792, 3.839, 4.033, 3.651, 4.919, 5.988, 6.106, 4.472, 4.679, 4.931, 4.234, 4.811, 4.552, 3.846, 3.128, 2.838, 2.888, 2.142, 2.116, 2.186, 2.61, 3.165, 3.071, 3.459, 3.872, 4.202, 4.186, 4.043, 3.99, 4.066, 4.218, 4.363, 4.49, 4.872, 5.843, 6.301, 6.039, 6.007, 6.078, 6.225, 7.137, 7.386, 8.883, 9.776, 9.315, 9.154, 8.177, 8.005, 10.052, 11.211, 8.734, 7.055, 6.005, 6.775, 6.597, 5.249, 4.513, 3.519, 2.628, 1.97, 2.216, 2.321, 2.584, 2.834, 2.866], [2.183, 1.902, 1.985, 2.338, 2.639, 1.327, 0.0, 1.351, 1.982, 2.439, 2.545, 2.019, 2.449, 3.007, 3.337, 3.186, 2.985, 2.924, 2.532, 3.076, 3.812, 2.946, 3.146, 3.25, 2.697, 3.915, 5.151, 5.109, 4.264, 5.399, 5.617, 4.687, 4.585, 4.114, 3.281, 2.857, 3.523, 3.6, 2.826, 2.829, 2.833, 3.293, 3.847, 3.826, 4.258, 4.677, 4.993, 5.112, 4.91, 4.823, 4.891, 5.071, 5.193, 5.273, 5.608, 6.532, 6.939, 6.674, 6.59, 6.559, 6.693, 7.316, 6.952, 8.139, 9.025, 8.687, 8.44, 7.562, 7.291, 8.97, 10.129, 7.798, 6.331, 5.285, 5.853, 5.759, 5.462, 4.829, 4.028, 3.085, 2.59, 2.9, 2.856, 3.044, 3.351, 2.774], [3.088, 2.719, 2.389, 2.954, 3.618, 2.382, 1.351, 0.0, 1.239, 1.788, 2.215, 2.011, 2.17, 2.658, 2.693, 2.645, 2.247, 2.127, 1.944, 2.461, 2.971, 2.63, 2.811, 2.554, 2.065, 3.339, 4.51, 4.527, 4.516, 5.839, 5.99, 4.936, 4.582, 3.934, 3.029, 3.023, 3.994, 4.088, 3.294, 3.32, 3.328, 3.761, 4.28, 4.397, 4.938, 5.338, 5.579, 5.756, 5.521, 5.403, 5.568, 5.741, 5.739, 5.756, 6.088, 7.007, 7.311, 7.03, 6.818, 6.71, 6.819, 7.318, 6.733, 7.331, 8.233, 8.15, 7.893, 7.072, 6.706, 8.042, 9.145, 7.159, 6.007, 4.994, 5.345, 5.514, 5.43, 5.014, 4.231, 3.361, 3.043, 3.374, 3.304, 3.48, 3.519, 2.927], [3.813, 3.441, 2.995, 3.664, 4.329, 2.95, 1.982, 1.239, 0.0, 1.052, 1.447, 1.586, 1.486, 1.956, 2.16, 2.128, 1.797, 1.66, 1.638, 1.934, 2.409, 1.894, 2.087, 2.231, 1.617, 2.777, 4.0, 3.987, 3.76, 5.178, 5.317, 4.205, 3.792, 3.293, 2.463, 2.289, 3.464, 3.712, 3.332, 3.277, 3.008, 3.493, 3.753, 4.035, 4.637, 5.152, 5.285, 5.41, 5.125, 5.154, 5.32, 5.381, 5.351, 5.227, 5.556, 6.378, 6.566, 6.369, 6.039, 5.849, 5.941, 6.522, 6.153, 6.699, 7.576, 7.556, 7.332, 6.52, 6.186, 7.357, 8.487, 6.631, 5.433, 4.378, 4.704, 4.89, 4.625, 4.221, 3.433, 2.696, 2.601, 2.83, 2.691, 2.825, 2.713, 2.187], [4.39, 4.007, 3.568, 4.238, 4.903, 3.389, 2.439, 1.788, 1.052, 0.0, 0.901, 1.109, 0.984, 1.22, 1.496, 1.393, 1.111, 1.138, 1.176, 1.27, 1.725, 1.207, 1.512, 1.623, 1.252, 2.24, 3.199, 3.197, 3.028, 4.54, 4.639, 3.494, 3.015, 2.413, 1.706, 1.794, 3.412, 3.793, 3.652, 3.6, 3.085, 3.309, 3.424, 3.961, 4.795, 5.262, 5.553, 5.562, 5.025, 5.002, 5.198, 5.244, 5.29, 4.926, 5.053, 5.783, 5.851, 5.856, 5.331, 5.156, 5.261, 5.728, 5.277, 6.05, 6.93, 6.819, 6.577, 5.768, 5.345, 6.774, 7.907, 5.897, 4.56, 3.543, 3.92, 4.043, 4.037, 3.598, 2.944, 2.459, 2.469, 2.568, 2.314, 2.217, 2.247, 1.644], [4.213, 3.828, 3.381, 4.024, 4.689, 3.22, 2.545, 2.215, 1.447, 0.901, 0.0, 1.029, 0.899, 1.092, 1.479, 1.221, 1.245, 1.311, 1.254, 1.192, 1.655, 1.069, 1.214, 1.524, 1.184, 2.092, 3.022, 3.05, 2.675, 4.175, 4.304, 3.105, 2.551, 2.18, 1.451, 1.626, 3.13, 3.607, 3.318, 3.281, 2.727, 3.037, 3.146, 3.604, 4.457, 4.966, 5.115, 5.092, 4.677, 4.681, 4.848, 4.977, 4.998, 4.607, 4.67, 5.419, 5.437, 5.495, 4.892, 4.668, 4.762, 5.2, 4.933, 5.931, 6.741, 6.561, 6.345, 5.524, 5.14, 6.915, 8.073, 5.772, 4.247, 3.208, 3.732, 3.803, 3.51, 3.15, 2.474, 2.173, 2.231, 2.301, 1.833, 1.848, 1.885, 1.331], [3.642, 3.229, 2.761, 3.402, 4.063, 2.637, 2.019, 2.011, 1.586, 1.109, 1.029, 0.0, 0.955, 1.541, 1.884, 1.675, 1.452, 1.611, 1.301, 1.737, 2.227, 1.369, 1.553, 1.843, 1.452, 2.526, 3.561, 3.593, 2.895, 4.181, 4.311, 3.093, 2.901, 2.491, 1.564, 1.412, 2.863, 3.081, 2.702, 2.696, 2.263, 2.528, 2.939, 3.371, 4.155, 4.522, 4.814, 4.863, 4.45, 4.413, 4.581, 4.812, 4.816, 4.423, 4.63, 5.352, 5.476, 5.425, 4.947, 4.878, 5.012, 5.574, 5.195, 6.35, 7.183, 6.86, 6.722, 5.839, 5.564, 7.557, 8.714, 6.252, 4.559, 3.675, 4.311, 4.204, 3.937, 3.32, 2.51, 1.804, 1.781, 2.017, 1.831, 1.811, 1.833, 1.424], [4.235, 3.837, 3.389, 4.058, 4.723, 3.302, 2.449, 2.17, 1.486, 0.984, 0.899, 0.955, 0.0, 0.93, 1.32, 1.071, 0.93, 1.266, 1.154, 1.342, 1.628, 1.035, 1.093, 1.319, 1.016, 1.875, 3.09, 3.038, 2.717, 4.235, 4.354, 3.073, 2.587, 2.229, 1.425, 1.568, 3.094, 3.499, 3.269, 3.257, 2.703, 2.873, 2.959, 3.433, 4.254, 4.821, 4.968, 4.946, 4.512, 4.53, 4.714, 4.966, 4.974, 4.56, 4.698, 5.364, 5.425, 5.371, 4.809, 4.663, 4.751, 5.245, 4.886, 5.837, 6.749, 6.412, 6.187, 5.328, 5.016, 6.93, 8.101, 5.601, 4.231, 3.359, 3.844, 3.767, 3.694, 3.219, 2.342, 2.031, 2.269, 2.379, 2.019, 1.889, 1.785, 1.282], [4.914, 4.502, 4.091, 4.766, 5.428, 4.019, 3.007, 2.658, 1.956, 1.22, 1.092, 1.541, 0.93, 0.0, 0.677, 0.798, 1.017, 1.321, 1.286, 0.966, 1.189, 0.873, 1.075, 1.295, 1.052, 1.493, 2.665, 2.474, 2.553, 4.323, 4.388, 3.178, 2.412, 1.911, 1.523, 1.996, 3.72, 4.138, 3.961, 3.959, 3.353, 3.386, 3.316, 3.809, 4.776, 5.374, 5.647, 5.563, 5.043, 5.032, 5.173, 5.423, 5.498, 5.075, 4.825, 5.401, 5.542, 5.509, 4.78, 4.496, 4.564, 4.956, 4.551, 5.444, 6.39, 6.151, 5.81, 4.965, 4.577, 6.307, 7.447, 5.13, 3.815, 2.906, 3.215, 3.241, 3.499, 3.172, 2.362, 2.646, 2.869, 2.817, 2.414, 2.212, 2.147, 1.674], [5.262, 4.851, 4.435, 5.111, 5.774, 4.372, 3.337, 2.693, 2.16, 1.496, 1.479, 1.884, 1.32, 0.677, 0.0, 0.716, 1.077, 1.419, 1.465, 0.774, 0.965, 1.06, 1.449, 1.355, 1.106, 1.4, 2.45, 2.226, 2.893, 4.756, 4.806, 3.598, 2.643, 2.005, 1.71, 2.493, 4.128, 4.631, 4.348, 4.328, 3.762, 3.812, 3.822, 4.187, 5.197, 5.718, 6.014, 5.992, 5.463, 5.495, 5.64, 5.919, 5.998, 5.574, 5.249, 5.822, 5.966, 5.95, 5.186, 4.816, 4.742, 5.066, 4.454, 5.153, 6.145, 5.912, 5.531, 4.723, 4.301, 6.009, 7.143, 4.884, 3.701, 2.911, 3.21, 3.197, 3.751, 3.549, 2.634, 2.98, 3.225, 3.167, 2.78, 2.649, 2.657, 2.171], [4.998, 4.596, 4.186, 4.874, 5.53, 4.08, 3.186, 2.645, 2.128, 1.393, 1.221, 1.675, 1.071, 0.798, 0.716, 0.0, 0.777, 1.094, 1.086, 0.994, 1.037, 0.911, 1.052, 1.159, 1.119, 1.527, 2.377, 2.297, 2.702, 4.519, 4.612, 3.381, 2.49, 1.851, 1.354, 2.046, 3.831, 4.25, 4.063, 4.051, 3.447, 3.483, 3.396, 3.883, 4.838, 5.459, 5.717, 5.616, 5.094, 5.105, 5.245, 5.48, 5.544, 5.131, 5.035, 5.629, 5.745, 5.71, 5.017, 4.643, 4.558, 4.913, 4.349, 5.121, 6.078, 5.83, 5.517, 4.65, 4.222, 6.185, 7.369, 4.997, 3.629, 2.922, 3.41, 3.329, 3.578, 3.349, 2.467, 2.728, 2.99, 2.985, 2.537, 2.348, 2.295, 1.748], [4.787, 4.403, 3.971, 4.661, 5.314, 3.846, 2.985, 2.247, 1.797, 1.111, 1.245, 1.452, 0.93, 1.017, 1.077, 0.777, 0.0, 0.887, 1.019, 1.125, 1.208, 0.951, 1.245, 1.076, 0.853, 1.7, 2.657, 2.724, 2.795, 4.405, 4.515, 3.275, 2.676, 2.211, 1.446, 1.896, 3.624, 4.059, 3.851, 3.836, 3.242, 3.264, 3.248, 3.671, 4.645, 5.237, 5.508, 5.435, 4.891, 4.911, 5.072, 5.296, 5.379, 4.939, 4.889, 5.522, 5.63, 5.588, 5.005, 4.785, 4.876, 5.323, 4.82, 5.321, 6.291, 6.118, 5.792, 4.907, 4.634, 6.364, 7.533, 5.322, 4.123, 3.389, 3.873, 3.793, 3.842, 3.406, 2.561, 2.54, 2.77, 2.771, 2.368, 2.182, 2.175, 1.658], [4.896, 4.514, 4.083, 4.768, 5.42, 3.959, 2.924, 2.127, 1.66, 1.138, 1.311, 1.611, 1.266, 1.321, 1.419, 1.094, 0.887, 0.0, 0.753, 1.186, 1.547, 1.237, 1.486, 1.289, 1.156, 1.621, 2.504, 2.629, 3.007, 4.629, 4.785, 3.564, 2.93, 2.32, 1.374, 1.895, 3.783, 4.12, 4.004, 3.962, 3.364, 3.513, 3.512, 4.117, 5.019, 5.594, 5.834, 5.719, 5.173, 5.137, 5.191, 5.279, 5.356, 4.923, 5.076, 5.872, 5.934, 5.887, 5.384, 5.13, 5.222, 5.655, 4.898, 5.341, 6.269, 6.134, 5.882, 5.042, 4.71, 6.131, 7.289, 5.197, 4.14, 3.319, 3.676, 3.731, 4.016, 3.674, 3.171, 2.84, 2.972, 3.093, 2.729, 2.578, 2.422, 1.778], [4.486, 4.088, 3.666, 4.343, 5.0, 3.538, 2.532, 1.944, 1.638, 1.176, 1.254, 1.301, 1.154, 1.286, 1.465, 1.086, 1.019, 0.753, 0.0, 1.309, 1.624, 1.26, 1.392, 1.513, 1.225, 1.942, 2.827, 2.696, 2.983, 4.61, 4.698, 3.451, 2.782, 2.348, 1.433, 1.685, 3.616, 3.725, 3.556, 3.54, 3.024, 3.001, 3.227, 3.815, 4.67, 5.168, 5.45, 5.398, 4.851, 4.7, 4.84, 5.127, 5.137, 4.747, 5.015, 5.678, 5.796, 5.681, 5.222, 4.989, 5.074, 5.499, 4.915, 5.678, 6.536, 6.381, 6.157, 5.302, 4.882, 6.573, 7.744, 5.481, 4.207, 3.423, 3.822, 3.827, 4.026, 3.684, 3.113, 2.665, 2.686, 3.0, 2.67, 2.479, 2.266, 1.807], [5.068, 4.677, 4.263, 4.932, 5.597, 4.129, 3.076, 2.461, 1.934, 1.27, 1.192, 1.737, 1.342, 0.966, 0.774, 0.994, 1.125, 1.186, 1.309, 0.0, 0.982, 1.167, 1.537, 1.426, 1.156, 1.423, 2.34, 2.257, 2.869, 4.691, 4.752, 3.554, 2.658, 2.108, 1.618, 2.433, 4.038, 4.583, 4.22, 4.187, 3.694, 3.859, 3.869, 4.232, 5.247, 5.72, 5.962, 5.977, 5.409, 5.433, 5.578, 5.848, 5.956, 5.498, 5.149, 5.764, 5.886, 6.008, 5.217, 4.898, 4.886, 5.268, 4.46, 5.209, 6.082, 5.93, 5.661, 4.829, 4.425, 5.973, 7.136, 4.95, 3.745, 2.899, 3.181, 3.295, 3.786, 3.579, 2.846, 3.026, 3.079, 2.97, 2.628, 2.534, 2.597, 2.055], [5.678, 5.267, 4.841, 5.523, 6.186, 4.758, 3.812, 2.971, 2.409, 1.725, 1.655, 2.227, 1.628, 1.189, 0.965, 1.037, 1.208, 1.547, 1.624, 0.982, 0.0, 1.252, 1.554, 1.535, 1.397, 1.381, 1.936, 2.003, 3.045, 4.91, 4.871, 3.689, 2.748, 2.14, 1.751, 2.72, 4.49, 4.978, 4.716, 4.704, 4.095, 4.075, 3.912, 4.376, 5.492, 6.088, 6.328, 6.206, 5.584, 5.54, 5.754, 6.078, 6.187, 5.723, 5.345, 5.841, 6.054, 6.072, 5.222, 4.763, 4.689, 4.96, 4.126, 4.607, 5.537, 5.39, 5.036, 4.158, 3.845, 5.569, 6.751, 4.538, 3.349, 2.585, 2.915, 3.06, 3.8, 3.648, 2.926, 3.391, 3.609, 3.559, 3.043, 2.771, 2.894, 2.362], [4.664, 4.277, 3.831, 4.51, 5.177, 3.792, 2.946, 2.63, 1.894, 1.207, 1.069, 1.369, 1.035, 0.873, 1.06, 0.911, 0.951, 1.237, 1.26, 1.167, 1.252, 0.0, 1.081, 1.218, 0.872, 1.581, 2.604, 2.538, 2.523, 4.023, 4.161, 2.941, 2.205, 1.766, 1.261, 1.685, 3.459, 3.895, 3.726, 3.692, 3.062, 3.221, 3.095, 3.493, 4.55, 5.169, 5.42, 5.305, 4.748, 4.721, 4.83, 5.005, 5.071, 4.683, 4.504, 5.214, 5.342, 5.284, 4.71, 4.399, 4.443, 4.84, 4.454, 5.4, 6.344, 6.056, 5.72, 4.884, 4.512, 6.472, 7.667, 5.225, 3.688, 2.832, 3.411, 3.29, 3.316, 3.023, 2.254, 2.342, 2.689, 2.528, 2.069, 1.892, 1.948, 1.422], [4.784, 4.357, 3.887, 4.561, 5.214, 3.839, 3.146, 2.811, 2.087, 1.512, 1.214, 1.553, 1.093, 1.075, 1.449, 1.052, 1.245, 1.486, 1.392, 1.537, 1.554, 1.081, 0.0, 1.138, 1.422, 1.592, 2.566, 2.552, 2.335, 3.892, 4.02, 2.762, 2.033, 1.72, 1.468, 1.8, 3.548, 3.936, 3.759, 3.745, 3.206, 3.234, 3.083, 3.629, 4.638, 5.313, 5.372, 5.193, 4.686, 4.717, 4.776, 4.91, 5.052, 4.465, 4.426, 4.986, 5.108, 5.069, 4.394, 4.114, 4.151, 4.593, 4.342, 5.241, 6.162, 5.941, 5.736, 4.807, 4.383, 6.478, 7.661, 5.283, 3.648, 2.877, 3.391, 3.406, 3.058, 2.777, 2.203, 2.537, 2.799, 2.853, 2.289, 2.169, 2.019, 1.317], [4.992, 4.596, 4.149, 4.831, 5.484, 4.033, 3.25, 2.554, 2.231, 1.623, 1.524, 1.843, 1.319, 1.295, 1.355, 1.159, 1.076, 1.289, 1.513, 1.426, 1.535, 1.218, 1.138, 0.0, 1.048, 1.314, 2.283, 2.354, 2.48, 4.042, 4.15, 2.938, 2.445, 1.774, 1.662, 2.266, 3.883, 4.269, 4.189, 4.148, 3.56, 3.725, 3.554, 4.036, 5.138, 5.784, 5.884, 5.715, 5.164, 5.136, 5.152, 5.28, 5.42, 4.994, 4.711, 5.219, 5.344, 5.348, 4.63, 4.468, 4.564, 5.032, 4.385, 5.018, 5.95, 5.731, 5.466, 4.6, 4.234, 6.133, 7.306, 4.93, 3.582, 2.847, 3.31, 3.327, 3.311, 2.94, 2.447, 2.93, 3.224, 3.076, 2.456, 2.389, 2.552, 1.599], [4.557, 4.17, 3.738, 4.421, 5.079, 3.651, 2.697, 2.065, 1.617, 1.252, 1.184, 1.452, 1.016, 1.052, 1.106, 1.119, 0.853, 1.156, 1.225, 1.156, 1.397, 0.872, 1.422, 1.048, 0.0, 1.654, 2.827, 2.823, 2.912, 4.405, 4.548, 3.287, 2.806, 2.253, 1.699, 2.06, 3.478, 3.97, 3.74, 3.704, 3.132, 3.434, 3.425, 3.75, 4.708, 5.236, 5.512, 5.45, 5.028, 5.01, 5.159, 5.343, 5.361, 5.036, 4.842, 5.588, 5.694, 5.584, 5.092, 4.905, 5.006, 5.468, 4.961, 5.638, 6.566, 6.318, 5.941, 5.146, 4.858, 6.605, 7.778, 5.391, 4.154, 3.299, 3.767, 3.729, 3.755, 3.388, 2.548, 2.409, 2.741, 2.634, 2.195, 2.264, 2.22, 1.582], [5.785, 5.39, 4.955, 5.636, 6.289, 4.919, 3.915, 3.339, 2.777, 2.24, 2.092, 2.526, 1.875, 1.493, 1.4, 1.527, 1.7, 1.621, 1.942, 1.423, 1.381, 1.581, 1.592, 1.314, 1.654, 0.0, 1.746, 1.708, 2.561, 4.349, 4.486, 3.227, 2.305, 1.708, 1.879, 2.885, 4.622, 5.012, 4.823, 4.816, 4.304, 4.436, 4.335, 4.776, 5.813, 6.481, 6.53, 6.388, 5.851, 5.863, 5.928, 6.038, 6.148, 5.572, 5.079, 5.331, 5.545, 5.666, 4.774, 4.382, 4.488, 4.725, 3.855, 4.422, 5.314, 5.058, 4.802, 3.954, 3.69, 5.282, 6.45, 4.06, 3.067, 2.3, 2.601, 2.623, 3.24, 3.042, 2.942, 3.64, 3.9, 3.81, 3.328, 3.137, 3.041, 2.277], [6.852, 6.446, 6.008, 6.685, 7.389, 5.988, 5.151, 4.51, 4.0, 3.199, 3.022, 3.561, 3.09, 2.665, 2.45, 2.377, 2.657, 2.504, 2.827, 2.34, 1.936, 2.604, 2.566, 2.283, 2.827, 1.746, 0.0, 0.824, 2.433, 4.609, 4.467, 3.428, 2.46, 2.194, 2.646, 3.612, 5.573, 6.002, 5.901, 5.863, 5.262, 5.222, 5.021, 5.634, 6.832, 7.443, 7.62, 7.449, 6.695, 6.51, 6.627, 6.63, 6.839, 6.138, 5.355, 5.199, 5.397, 5.53, 4.596, 4.127, 4.051, 3.906, 2.588, 3.19, 4.083, 3.805, 3.571, 2.702, 2.376, 4.178, 5.387, 2.961, 1.857, 1.463, 1.648, 1.949, 3.305, 3.538, 3.895, 4.679, 4.811, 4.739, 4.252, 3.854, 3.983, 3.181], [6.907, 6.505, 6.084, 6.759, 7.467, 6.106, 5.109, 4.527, 3.987, 3.197, 3.05, 3.593, 3.038, 2.474, 2.226, 2.297, 2.724, 2.629, 2.696, 2.257, 2.003, 2.538, 2.552, 2.354, 2.823, 1.708, 0.824, 0.0, 2.308, 4.553, 4.489, 3.315, 2.379, 2.19, 2.753, 3.68, 5.64, 6.066, 5.919, 5.892, 5.265, 5.173, 4.951, 5.616, 6.814, 7.424, 7.603, 7.432, 6.676, 6.498, 6.607, 6.673, 6.882, 6.192, 5.353, 4.971, 5.215, 5.386, 4.39, 3.811, 3.848, 3.502, 2.45, 3.278, 4.182, 3.959, 3.653, 2.845, 2.4, 4.159, 5.396, 2.996, 1.841, 1.417, 1.565, 1.66, 3.156, 3.409, 3.916, 4.703, 4.853, 4.779, 4.324, 3.91, 4.004, 3.288], [5.271, 4.906, 4.504, 5.074, 5.79, 4.472, 4.264, 4.516, 3.76, 3.028, 2.675, 2.895, 2.717, 2.553, 2.893, 2.702, 2.795, 3.007, 2.983, 2.869, 3.045, 2.523, 2.335, 2.48, 2.912, 2.561, 2.433, 2.308, 0.0, 2.626, 2.811, 1.791, 1.727, 1.995, 2.773, 2.535, 3.918, 4.325, 4.227, 4.196, 3.583, 3.616, 3.433, 4.01, 5.205, 5.824, 6.006, 5.833, 5.091, 4.961, 5.034, 4.965, 5.165, 4.451, 3.692, 3.246, 3.36, 3.597, 2.753, 2.627, 2.855, 3.391, 3.454, 5.002, 5.873, 5.428, 5.164, 4.228, 3.93, 5.878, 7.11, 4.594, 3.086, 2.353, 2.838, 2.504, 2.064, 1.82, 2.39, 3.058, 3.27, 3.228, 2.93, 2.527, 2.487, 1.965], [5.556, 5.294, 5.087, 4.8, 4.745, 4.679, 5.399, 5.839, 5.178, 4.54, 4.175, 4.181, 4.235, 4.323, 4.756, 4.519, 4.405, 4.629, 4.61, 4.691, 4.91, 4.023, 3.892, 4.042, 4.405, 4.349, 4.609, 4.553, 2.626, 0.0, 0.789, 1.873, 2.891, 3.158, 3.944, 3.354, 2.455, 2.297, 3.027, 2.891, 2.813, 2.598, 2.35, 2.423, 3.157, 3.508, 3.653, 3.481, 2.768, 2.651, 2.664, 2.576, 2.752, 2.151, 1.614, 1.816, 2.056, 2.007, 2.063, 2.907, 3.062, 3.783, 5.094, 7.149, 7.999, 7.456, 7.344, 6.408, 6.164, 8.294, 9.479, 6.944, 5.262, 4.325, 5.05, 4.866, 3.16, 1.938, 2.543, 2.902, 3.044, 2.811, 2.778, 2.605, 2.717, 3.141], [5.748, 5.485, 5.205, 4.957, 4.964, 4.931, 5.617, 5.99, 5.317, 4.639, 4.304, 4.311, 4.354, 4.388, 4.806, 4.612, 4.515, 4.785, 4.698, 4.752, 4.871, 4.161, 4.02, 4.15, 4.548, 4.486, 4.467, 4.489, 2.811, 0.789, 0.0, 1.701, 2.661, 3.11, 3.928, 3.322, 2.437, 2.286, 3.114, 3.056, 2.965, 2.648, 2.384, 2.564, 3.13, 3.446, 3.571, 3.39, 2.695, 2.512, 2.605, 2.532, 2.668, 2.057, 1.465, 1.722, 1.923, 1.789, 1.801, 2.715, 2.687, 3.599, 5.041, 7.216, 8.025, 7.497, 7.362, 6.466, 6.284, 8.405, 9.591, 7.047, 5.331, 4.542, 5.274, 5.106, 3.379, 2.136, 2.501, 2.955, 3.183, 3.016, 3.05, 2.745, 2.812, 3.294], [5.012, 4.671, 4.256, 4.29, 5.019, 4.234, 4.687, 4.936, 4.205, 3.494, 3.105, 3.093, 3.073, 3.178, 3.598, 3.381, 3.275, 3.564, 3.451, 3.554, 3.689, 2.941, 2.762, 2.938, 3.287, 3.227, 3.428, 3.315, 1.791, 1.873, 1.701, 0.0, 1.415, 1.961, 2.687, 2.112, 2.453, 2.936, 3.04, 2.962, 2.5, 2.578, 2.517, 2.86, 3.843, 4.331, 4.519, 4.341, 3.636, 3.479, 3.566, 3.564, 3.745, 3.051, 2.312, 2.503, 2.606, 2.613, 2.003, 2.117, 2.221, 3.065, 3.915, 6.132, 6.952, 6.35, 6.232, 5.33, 5.159, 7.323, 8.541, 5.952, 4.234, 3.576, 4.168, 3.933, 2.605, 1.669, 1.875, 2.224, 2.682, 2.633, 2.572, 2.041, 1.908, 2.077], [5.576, 5.148, 4.653, 5.079, 5.836, 4.811, 4.585, 4.582, 3.792, 3.015, 2.551, 2.901, 2.587, 2.412, 2.643, 2.49, 2.676, 2.93, 2.782, 2.658, 2.748, 2.205, 2.033, 2.445, 2.806, 2.305, 2.46, 2.379, 1.727, 2.891, 2.661, 1.415, 0.0, 1.076, 1.893, 1.926, 3.396, 3.851, 3.904, 3.928, 3.396, 3.375, 3.266, 3.63, 4.604, 5.182, 5.369, 5.199, 4.508, 4.405, 4.489, 4.564, 4.716, 3.978, 3.187, 3.318, 3.481, 3.498, 2.745, 2.483, 2.513, 2.861, 2.956, 5.132, 5.977, 5.376, 5.277, 4.248, 4.148, 6.374, 7.602, 5.002, 3.3, 2.589, 3.221, 2.958, 2.064, 1.911, 2.301, 2.99, 3.267, 3.28, 3.16, 2.566, 2.424, 2.22], [5.365, 4.918, 4.413, 4.911, 5.617, 4.552, 4.114, 3.934, 3.293, 2.413, 2.18, 2.491, 2.229, 1.911, 2.005, 1.851, 2.211, 2.32, 2.348, 2.108, 2.14, 1.766, 1.72, 1.774, 2.253, 1.708, 2.194, 2.19, 1.995, 3.158, 3.11, 1.961, 1.076, 0.0, 1.372, 1.714, 3.516, 3.926, 3.974, 3.916, 3.401, 3.469, 3.345, 3.81, 4.858, 5.481, 5.663, 5.486, 4.819, 4.763, 4.809, 4.69, 4.852, 4.3, 3.818, 4.134, 4.286, 4.386, 3.542, 3.214, 3.195, 3.526, 3.041, 4.994, 5.861, 5.262, 5.185, 4.193, 4.076, 6.241, 7.437, 4.857, 3.166, 2.271, 2.984, 2.752, 2.229, 1.88, 2.127, 2.926, 3.157, 3.123, 2.922, 2.401, 2.384, 1.969], [4.759, 4.278, 3.776, 4.368, 4.997, 3.846, 3.281, 3.029, 2.463, 1.706, 1.451, 1.564, 1.425, 1.523, 1.71, 1.354, 1.446, 1.374, 1.433, 1.618, 1.751, 1.261, 1.468, 1.662, 1.699, 1.879, 2.646, 2.753, 2.773, 3.944, 3.928, 2.687, 1.893, 1.372, 0.0, 1.192, 3.045, 3.428, 3.332, 3.34, 2.823, 2.86, 2.833, 3.281, 4.268, 4.896, 5.083, 4.931, 4.349, 4.35, 4.484, 4.524, 4.615, 4.164, 4.281, 5.003, 5.037, 5.067, 4.462, 4.181, 4.257, 4.645, 3.854, 5.523, 6.395, 5.821, 5.764, 4.802, 4.635, 6.791, 7.972, 5.41, 3.703, 2.936, 3.519, 3.39, 3.145, 2.807, 2.335, 2.321, 2.521, 2.671, 2.383, 2.012, 2.06, 1.691], [3.915, 3.467, 2.955, 3.475, 4.146, 3.128, 2.857, 3.023, 2.289, 1.794, 1.626, 1.412, 1.568, 1.996, 2.493, 2.046, 1.896, 1.895, 1.685, 2.433, 2.72, 1.685, 1.8, 2.266, 2.06, 2.885, 3.612, 3.68, 2.535, 3.354, 3.322, 2.112, 1.926, 1.714, 1.192, 0.0, 2.215, 2.456, 2.389, 2.392, 1.871, 1.981, 2.091, 2.663, 3.467, 4.057, 4.269, 4.194, 3.704, 3.654, 3.778, 3.823, 3.815, 3.376, 3.554, 4.315, 4.475, 4.296, 3.867, 3.761, 3.895, 4.557, 4.418, 6.484, 7.345, 6.723, 6.59, 5.615, 5.566, 7.729, 8.927, 6.347, 4.661, 3.798, 4.478, 4.238, 3.043, 2.339, 1.945, 1.562, 1.703, 2.038, 2.105, 1.674, 1.376, 1.421], [3.67, 3.393, 3.213, 2.834, 3.129, 2.838, 3.523, 3.994, 3.464, 3.412, 3.13, 2.863, 3.094, 3.72, 4.128, 3.831, 3.624, 3.783, 3.616, 4.038, 4.49, 3.459, 3.548, 3.883, 3.478, 4.622, 5.573, 5.64, 3.918, 2.455, 2.437, 2.453, 3.396, 3.516, 3.045, 2.215, 0.0, 1.061, 1.487, 1.177, 1.127, 1.239, 1.606, 1.617, 1.895, 2.275, 2.474, 2.508, 2.209, 2.248, 2.397, 2.427, 2.438, 2.105, 2.297, 3.327, 3.811, 3.348, 3.348, 3.912, 3.93, 4.749, 6.199, 8.496, 9.356, 8.729, 8.594, 7.597, 7.511, 9.717, 10.935, 8.347, 6.6, 5.613, 6.369, 6.142, 4.013, 2.729, 1.983, 1.364, 1.543, 1.689, 1.906, 1.974, 1.998, 2.688], [3.764, 3.472, 3.246, 2.931, 2.885, 2.888, 3.6, 4.088, 3.712, 3.793, 3.607, 3.081, 3.499, 4.138, 4.631, 4.25, 4.059, 4.12, 3.725, 4.583, 4.978, 3.895, 3.936, 4.269, 3.97, 5.012, 6.002, 6.066, 4.325, 2.297, 2.286, 2.936, 3.851, 3.926, 3.428, 2.456, 1.061, 0.0, 1.217, 1.145, 1.352, 1.335, 1.682, 1.592, 1.811, 2.123, 2.371, 2.358, 2.061, 1.992, 2.114, 2.2, 2.147, 1.906, 2.221, 3.357, 3.715, 3.333, 3.619, 4.35, 4.42, 5.36, 6.641, 8.912, 9.772, 9.149, 9.017, 8.024, 7.934, 10.136, 11.354, 8.765, 7.019, 6.018, 6.771, 6.561, 4.433, 3.092, 2.357, 1.82, 1.834, 2.083, 2.38, 2.471, 2.322, 3.064], [2.946, 2.638, 2.421, 2.183, 2.255, 2.142, 2.826, 3.294, 3.332, 3.652, 3.318, 2.702, 3.269, 3.961, 4.348, 4.063, 3.851, 4.004, 3.556, 4.22, 4.716, 3.726, 3.759, 4.189, 3.74, 4.823, 5.901, 5.919, 4.227, 3.027, 3.114, 3.04, 3.904, 3.974, 3.332, 2.389, 1.487, 1.217, 0.0, 0.654, 1.127, 1.356, 1.855, 1.877, 2.254, 2.571, 2.862, 2.991, 2.76, 2.692, 2.875, 3.104, 3.085, 2.779, 3.071, 4.001, 4.414, 4.056, 4.131, 4.532, 4.657, 5.704, 6.588, 8.766, 9.627, 9.015, 8.893, 7.9, 7.822, 9.993, 11.211, 8.622, 6.89, 5.998, 6.72, 6.454, 4.45, 3.33, 2.425, 1.518, 1.474, 1.795, 2.24, 2.354, 2.146, 3.013], [3.007, 2.691, 2.535, 2.148, 2.285, 2.116, 2.829, 3.32, 3.277, 3.6, 3.281, 2.696, 3.257, 3.959, 4.328, 4.051, 3.836, 3.962, 3.54, 4.187, 4.704, 3.692, 3.745, 4.148, 3.704, 4.816, 5.863, 5.892, 4.196, 2.891, 3.056, 2.962, 3.928, 3.916, 3.34, 2.392, 1.177, 1.145, 0.654, 0.0, 0.798, 1.122, 1.699, 1.689, 2.059, 2.402, 2.632, 2.721, 2.494, 2.476, 2.646, 2.803, 2.773, 2.602, 2.935, 3.887, 4.396, 4.035, 4.061, 4.467, 4.559, 5.562, 6.623, 8.753, 9.627, 9.015, 8.889, 7.894, 7.799, 9.98, 11.198, 8.609, 6.875, 5.94, 6.662, 6.431, 4.383, 3.206, 2.32, 1.463, 1.345, 1.637, 2.086, 2.212, 2.14, 2.958], [3.023, 2.72, 2.571, 2.27, 2.684, 2.186, 2.833, 3.328, 3.008, 3.085, 2.727, 2.263, 2.703, 3.353, 3.762, 3.447, 3.242, 3.364, 3.024, 3.694, 4.095, 3.062, 3.206, 3.56, 3.132, 4.304, 5.262, 5.265, 3.583, 2.813, 2.965, 2.5, 3.396, 3.401, 2.823, 1.871, 1.127, 1.352, 1.127, 0.798, 0.0, 0.837, 1.419, 1.528, 2.228, 2.625, 2.858, 2.849, 2.515, 2.494, 2.672, 2.818, 2.756, 2.587, 2.878, 3.806, 4.286, 3.904, 3.904, 4.107, 4.248, 5.156, 6.072, 8.119, 9.023, 8.4, 8.297, 7.277, 7.148, 9.342, 10.566, 7.969, 6.249, 5.362, 6.084, 5.806, 3.902, 2.81, 1.971, 1.172, 1.088, 1.409, 1.732, 1.683, 1.612, 2.394], [3.466, 3.176, 2.983, 2.655, 2.884, 2.61, 3.293, 3.761, 3.493, 3.309, 3.037, 2.528, 2.873, 3.386, 3.812, 3.483, 3.264, 3.513, 3.001, 3.859, 4.075, 3.221, 3.234, 3.725, 3.434, 4.436, 5.222, 5.173, 3.616, 2.598, 2.648, 2.578, 3.375, 3.469, 2.86, 1.981, 1.239, 1.335, 1.356, 1.122, 0.837, 0.0, 1.004, 1.358, 2.091, 2.563, 2.775, 2.757, 2.288, 2.179, 2.372, 2.65, 2.699, 2.379, 2.636, 3.385, 3.907, 3.456, 3.604, 4.015, 4.156, 4.991, 6.007, 7.984, 8.878, 8.252, 8.122, 7.109, 7.024, 9.286, 10.505, 7.916, 6.189, 5.408, 6.124, 5.829, 3.97, 2.793, 2.022, 1.351, 1.258, 1.679, 1.922, 1.737, 1.683, 2.533], [4.028, 3.727, 3.507, 3.312, 3.319, 3.165, 3.847, 4.28, 3.753, 3.424, 3.146, 2.939, 2.959, 3.316, 3.822, 3.396, 3.248, 3.512, 3.227, 3.869, 3.912, 3.095, 3.083, 3.554, 3.425, 4.335, 5.021, 4.951, 3.433, 2.35, 2.384, 2.517, 3.266, 3.345, 2.833, 2.091, 1.606, 1.682, 1.855, 1.699, 1.419, 1.004, 0.0, 1.149, 2.107, 2.702, 2.957, 2.851, 2.224, 2.211, 2.347, 2.523, 2.616, 2.253, 2.357, 3.303, 3.709, 3.281, 3.386, 3.822, 3.936, 4.852, 5.82, 7.722, 8.609, 8.039, 7.825, 6.739, 6.585, 9.066, 10.306, 7.712, 5.948, 5.214, 5.923, 5.637, 3.841, 2.732, 1.969, 1.472, 1.539, 1.603, 1.874, 1.734, 1.577, 2.425], [4.017, 3.73, 3.688, 3.246, 3.047, 3.071, 3.826, 4.397, 4.035, 3.961, 3.604, 3.371, 3.433, 3.809, 4.187, 3.883, 3.671, 4.117, 3.815, 4.232, 4.376, 3.493, 3.629, 4.036, 3.75, 4.776, 5.634, 5.616, 4.01, 2.423, 2.564, 2.86, 3.63, 3.81, 3.281, 2.663, 1.617, 1.592, 1.877, 1.689, 1.528, 1.358, 1.149, 0.0, 1.321, 1.918, 2.197, 2.069, 1.557, 1.632, 1.711, 2.008, 2.187, 2.136, 2.273, 3.415, 3.877, 3.453, 3.729, 4.189, 4.316, 5.186, 6.299, 8.385, 9.285, 8.659, 8.422, 7.467, 7.367, 9.708, 10.933, 8.323, 6.561, 5.747, 6.471, 6.187, 4.277, 3.063, 2.225, 1.82, 1.879, 1.767, 2.05, 2.074, 2.115, 2.978], [4.419, 4.211, 4.214, 3.588, 3.174, 3.459, 4.258, 4.938, 4.637, 4.795, 4.457, 4.155, 4.254, 4.776, 5.197, 4.838, 4.645, 5.019, 4.67, 5.247, 5.492, 4.55, 4.638, 5.138, 4.708, 5.813, 6.832, 6.814, 5.205, 3.157, 3.13, 3.843, 4.604, 4.858, 4.268, 3.467, 1.895, 1.811, 2.254, 2.059, 2.228, 2.091, 2.107, 1.321, 0.0, 1.009, 1.215, 1.291, 1.264, 1.532, 1.475, 1.612, 1.956, 2.181, 2.463, 3.713, 4.347, 3.675, 4.168, 5.049, 5.096, 5.9, 7.359, 9.585, 10.468, 9.848, 9.625, 8.665, 8.591, 10.888, 12.114, 9.511, 7.743, 6.938, 7.65, 7.366, 5.399, 4.006, 3.101, 2.496, 2.513, 2.594, 3.021, 3.184, 3.061, 4.021], [4.868, 4.6, 4.566, 3.997, 3.66, 3.872, 4.677, 5.338, 5.152, 5.262, 4.966, 4.522, 4.821, 5.374, 5.718, 5.459, 5.237, 5.594, 5.168, 5.72, 6.088, 5.169, 5.313, 5.784, 5.236, 6.481, 7.443, 7.424, 5.824, 3.508, 3.446, 4.331, 5.182, 5.481, 4.896, 4.057, 2.275, 2.123, 2.571, 2.402, 2.625, 2.563, 2.702, 1.918, 1.009, 0.0, 0.833, 0.992, 1.059, 1.214, 1.297, 1.501, 1.737, 2.159, 2.45, 3.938, 4.448, 3.623, 4.519, 5.521, 5.444, 6.261, 7.956, 10.194, 11.077, 10.456, 10.238, 9.283, 9.21, 11.499, 12.725, 10.122, 8.355, 7.538, 8.262, 7.977, 6.009, 4.634, 3.77, 2.966, 2.955, 3.043, 3.538, 3.772, 3.612, 4.63], [5.137, 4.884, 4.863, 4.268, 3.9, 4.202, 4.993, 5.579, 5.285, 5.553, 5.115, 4.814, 4.968, 5.647, 6.014, 5.717, 5.508, 5.834, 5.45, 5.962, 6.328, 5.42, 5.372, 5.884, 5.512, 6.53, 7.62, 7.603, 6.006, 3.653, 3.571, 4.519, 5.369, 5.663, 5.083, 4.269, 2.474, 2.371, 2.862, 2.632, 2.858, 2.775, 2.957, 2.197, 1.215, 0.833, 0.0, 0.545, 0.993, 1.316, 1.352, 1.401, 1.522, 1.989, 2.538, 4.053, 4.598, 3.607, 4.658, 5.75, 5.646, 6.467, 8.155, 10.388, 11.248, 10.626, 10.504, 9.514, 9.439, 11.675, 12.903, 10.298, 8.567, 7.713, 8.437, 8.153, 6.124, 4.765, 3.863, 3.282, 3.218, 3.332, 3.673, 3.953, 3.86, 4.723], [5.288, 5.06, 5.037, 4.431, 4.013, 4.186, 5.112, 5.756, 5.41, 5.562, 5.092, 4.863, 4.946, 5.563, 5.992, 5.616, 5.435, 5.719, 5.398, 5.977, 6.206, 5.305, 5.193, 5.715, 5.45, 6.388, 7.449, 7.432, 5.833, 3.481, 3.39, 4.341, 5.199, 5.486, 4.931, 4.194, 2.508, 2.358, 2.991, 2.721, 2.849, 2.757, 2.851, 2.069, 1.291, 0.992, 0.545, 0.0, 0.86, 1.19, 1.203, 1.158, 1.313, 1.826, 2.338, 3.851, 4.44, 3.464, 4.558, 5.614, 5.528, 6.342, 7.998, 10.226, 11.085, 10.462, 10.336, 9.345, 9.267, 11.501, 12.732, 10.125, 8.412, 7.54, 8.264, 7.979, 5.952, 4.607, 3.759, 3.349, 3.317, 3.389, 3.605, 3.844, 3.803, 4.572], [5.104, 4.837, 4.788, 4.236, 3.916, 4.043, 4.91, 5.521, 5.125, 5.025, 4.677, 4.45, 4.512, 5.043, 5.463, 5.094, 4.891, 5.173, 4.851, 5.409, 5.584, 4.748, 4.686, 5.164, 5.028, 5.851, 6.695, 6.676, 5.091, 2.768, 2.695, 3.636, 4.508, 4.819, 4.349, 3.704, 2.209, 2.061, 2.76, 2.494, 2.515, 2.288, 2.224, 1.557, 1.264, 1.059, 0.993, 0.86, 0.0, 0.648, 0.845, 1.055, 1.143, 1.485, 1.908, 3.345, 3.792, 2.965, 3.923, 4.931, 4.861, 5.665, 7.312, 9.478, 10.337, 9.725, 9.588, 8.602, 8.527, 10.76, 11.983, 9.383, 7.671, 6.801, 7.522, 7.249, 5.324, 3.968, 3.309, 2.965, 2.917, 2.868, 3.14, 3.222, 3.193, 4.022], [5.013, 4.715, 4.668, 4.158, 3.873, 3.99, 4.823, 5.403, 5.154, 5.002, 4.681, 4.413, 4.53, 5.032, 5.495, 5.105, 4.911, 5.137, 4.7, 5.433, 5.54, 4.721, 4.717, 5.136, 5.01, 5.863, 6.51, 6.498, 4.961, 2.651, 2.512, 3.479, 4.405, 4.763, 4.35, 3.654, 2.248, 1.992, 2.692, 2.476, 2.494, 2.179, 2.211, 1.632, 1.532, 1.214, 1.316, 1.19, 0.648, 0.0, 0.638, 1.08, 1.202, 1.486, 1.796, 3.145, 3.608, 2.814, 3.781, 4.788, 4.706, 5.581, 7.17, 9.303, 10.158, 9.557, 9.434, 8.46, 8.375, 10.576, 11.788, 9.199, 7.471, 6.672, 7.382, 7.132, 5.355, 3.983, 3.349, 2.993, 2.937, 2.921, 3.137, 3.071, 3.177, 3.991], [5.049, 4.798, 4.815, 4.253, 3.947, 4.066, 4.891, 5.568, 5.32, 5.198, 4.848, 4.581, 4.714, 5.173, 5.64, 5.245, 5.072, 5.191, 4.84, 5.578, 5.754, 4.83, 4.776, 5.152, 5.159, 5.928, 6.627, 6.607, 5.034, 2.664, 2.605, 3.566, 4.489, 4.809, 4.484, 3.778, 2.397, 2.114, 2.875, 2.646, 2.672, 2.372, 2.347, 1.711, 1.475, 1.297, 1.352, 1.203, 0.845, 0.638, 0.0, 0.807, 1.055, 1.289, 1.715, 3.242, 3.71, 2.915, 3.906, 4.943, 4.854, 5.754, 7.302, 9.423, 10.272, 9.686, 9.581, 8.599, 8.522, 10.703, 11.894, 9.329, 7.604, 6.738, 7.461, 7.216, 5.374, 3.987, 3.489, 3.182, 3.151, 3.067, 3.291, 3.301, 3.295, 4.054], [5.23, 4.977, 5.008, 4.404, 4.06, 4.218, 5.071, 5.741, 5.381, 5.244, 4.977, 4.812, 4.966, 5.423, 5.919, 5.48, 5.296, 5.279, 5.127, 5.848, 6.078, 5.005, 4.91, 5.28, 5.343, 6.038, 6.63, 6.673, 4.965, 2.576, 2.532, 3.564, 4.564, 4.69, 4.524, 3.823, 2.427, 2.2, 3.104, 2.803, 2.818, 2.65, 2.523, 2.008, 1.612, 1.501, 1.401, 1.158, 1.055, 1.08, 0.807, 0.0, 0.833, 1.199, 1.609, 3.251, 3.725, 2.986, 4.032, 5.021, 4.962, 5.886, 7.377, 9.521, 10.364, 9.778, 9.662, 8.721, 8.629, 10.777, 11.964, 9.403, 7.629, 6.71, 7.457, 7.237, 5.286, 3.879, 3.643, 3.331, 3.316, 3.183, 3.414, 3.456, 3.482, 4.07], [5.348, 5.067, 5.012, 4.509, 4.256, 4.363, 5.193, 5.739, 5.351, 5.29, 4.998, 4.816, 4.974, 5.498, 5.998, 5.544, 5.379, 5.356, 5.137, 5.956, 6.187, 5.071, 5.052, 5.42, 5.361, 6.148, 6.839, 6.882, 5.165, 2.752, 2.668, 3.745, 4.716, 4.852, 4.615, 3.815, 2.438, 2.147, 3.085, 2.773, 2.756, 2.699, 2.616, 2.187, 1.956, 1.737, 1.522, 1.313, 1.143, 1.202, 1.055, 0.833, 0.0, 1.03, 1.728, 3.359, 3.908, 3.055, 4.167, 5.211, 5.125, 6.054, 7.565, 9.705, 10.548, 9.966, 9.868, 8.892, 8.816, 10.984, 12.169, 9.6, 7.835, 6.894, 7.649, 7.409, 5.411, 4.004, 3.674, 3.351, 3.299, 3.242, 3.471, 3.594, 3.548, 4.17], [5.422, 5.143, 4.98, 4.592, 4.45, 4.49, 5.273, 5.756, 5.227, 4.926, 4.607, 4.423, 4.56, 5.075, 5.574, 5.131, 4.939, 4.923, 4.747, 5.498, 5.723, 4.683, 4.465, 4.994, 5.036, 5.572, 6.138, 6.192, 4.451, 2.151, 2.057, 3.051, 3.978, 4.3, 4.164, 3.376, 2.105, 1.906, 2.779, 2.602, 2.587, 2.379, 2.253, 2.136, 2.181, 2.159, 1.989, 1.826, 1.485, 1.486, 1.289, 1.199, 1.03, 0.0, 1.067, 2.788, 3.225, 2.424, 3.409, 4.47, 4.389, 5.288, 6.829, 9.003, 9.863, 9.267, 9.144, 8.168, 8.099, 10.269, 11.465, 8.89, 7.157, 6.236, 6.98, 6.724, 4.72, 3.45, 3.298, 2.98, 2.954, 2.931, 3.155, 3.172, 3.084, 3.687], [5.757, 5.477, 5.324, 4.935, 4.846, 4.872, 5.608, 6.088, 5.556, 5.053, 4.67, 4.63, 4.698, 4.825, 5.249, 5.035, 4.889, 5.076, 5.015, 5.149, 5.345, 4.504, 4.426, 4.711, 4.842, 5.079, 5.355, 5.353, 3.692, 1.614, 1.465, 2.312, 3.187, 3.818, 4.281, 3.554, 2.297, 2.221, 3.071, 2.935, 2.878, 2.636, 2.357, 2.273, 2.463, 2.45, 2.538, 2.338, 1.908, 1.796, 1.715, 1.609, 1.728, 1.067, 0.0, 1.912, 2.424, 1.807, 2.56, 3.559, 3.533, 4.39, 5.945, 8.189, 9.044, 8.433, 8.297, 7.361, 7.243, 9.433, 10.647, 8.058, 6.326, 5.457, 6.133, 5.906, 4.119, 2.911, 2.94, 3.199, 3.145, 2.918, 3.114, 2.944, 3.026, 3.607], [6.695, 6.416, 6.203, 5.853, 5.949, 5.843, 6.532, 7.007, 6.378, 5.783, 5.419, 5.352, 5.364, 5.401, 5.822, 5.629, 5.522, 5.872, 5.678, 5.764, 5.841, 5.214, 4.986, 5.219, 5.588, 5.331, 5.199, 4.971, 3.246, 1.816, 1.722, 2.503, 3.318, 4.134, 5.003, 4.315, 3.327, 3.357, 4.001, 3.887, 3.806, 3.385, 3.303, 3.415, 3.713, 3.938, 4.053, 3.851, 3.345, 3.145, 3.242, 3.251, 3.359, 2.788, 1.912, 0.0, 1.134, 1.072, 1.305, 2.111, 2.324, 2.935, 4.574, 7.077, 7.404, 6.942, 6.737, 6.24, 5.996, 7.778, 8.95, 6.392, 4.963, 4.945, 5.342, 5.013, 3.63, 2.779, 3.502, 3.963, 4.088, 3.985, 4.047, 3.679, 3.753, 4.39], [7.098, 6.846, 6.528, 6.268, 6.364, 6.301, 6.939, 7.311, 6.566, 5.851, 5.437, 5.476, 5.425, 5.542, 5.966, 5.745, 5.63, 5.934, 5.796, 5.886, 6.054, 5.342, 5.108, 5.344, 5.694, 5.545, 5.397, 5.215, 3.36, 2.056, 1.923, 2.606, 3.481, 4.286, 5.037, 4.475, 3.811, 3.715, 4.414, 4.396, 4.286, 3.907, 3.709, 3.877, 4.347, 4.448, 4.598, 4.44, 3.792, 3.608, 3.71, 3.725, 3.908, 3.225, 2.424, 1.134, 0.0, 1.315, 1.335, 1.964, 2.204, 2.912, 4.72, 7.093, 7.174, 6.72, 6.567, 6.147, 5.961, 7.438, 8.393, 6.028, 4.984, 5.037, 5.473, 4.853, 3.54, 3.031, 3.686, 4.158, 4.482, 4.399, 4.427, 4.032, 3.942, 4.44], [6.808, 6.559, 6.222, 5.974, 6.131, 6.039, 6.674, 7.03, 6.369, 5.856, 5.495, 5.425, 5.371, 5.509, 5.95, 5.71, 5.588, 5.887, 5.681, 6.008, 6.072, 5.284, 5.069, 5.348, 5.584, 5.666, 5.53, 5.386, 3.597, 2.007, 1.789, 2.613, 3.498, 4.386, 5.067, 4.296, 3.348, 3.333, 4.056, 4.035, 3.904, 3.456, 3.281, 3.453, 3.675, 3.623, 3.607, 3.464, 2.965, 2.814, 2.915, 2.986, 3.055, 2.424, 1.807, 1.072, 1.315, 0.0, 1.351, 2.409, 2.42, 3.133, 5.16, 7.64, 7.998, 7.537, 7.299, 6.778, 6.522, 8.375, 9.524, 6.963, 5.541, 5.498, 5.885, 5.56, 4.193, 3.273, 3.689, 3.931, 4.241, 4.204, 4.364, 3.959, 3.742, 4.442], [6.786, 6.501, 6.079, 5.876, 6.223, 6.007, 6.59, 6.818, 6.039, 5.331, 4.892, 4.947, 4.809, 4.78, 5.186, 5.017, 5.005, 5.384, 5.222, 5.217, 5.222, 4.71, 4.394, 4.63, 5.092, 4.774, 4.596, 4.39, 2.753, 2.063, 1.801, 2.003, 2.745, 3.542, 4.462, 3.867, 3.348, 3.619, 4.131, 4.061, 3.904, 3.604, 3.386, 3.729, 4.168, 4.519, 4.658, 4.558, 3.923, 3.781, 3.906, 4.032, 4.167, 3.409, 2.56, 1.305, 1.335, 1.351, 0.0, 1.242, 1.317, 2.017, 4.119, 6.629, 6.973, 6.551, 6.33, 5.829, 5.565, 7.305, 8.424, 5.939, 4.579, 4.542, 4.951, 4.643, 3.27, 2.378, 2.869, 3.625, 4.289, 4.204, 4.17, 3.737, 3.392, 3.948], [6.952, 6.626, 6.11, 5.991, 6.544, 6.078, 6.559, 6.71, 5.849, 5.156, 4.668, 4.878, 4.663, 4.496, 4.816, 4.643, 4.785, 5.13, 4.989, 4.898, 4.763, 4.399, 4.114, 4.468, 4.905, 4.382, 4.127, 3.811, 2.627, 2.907, 2.715, 2.117, 2.483, 3.214, 4.181, 3.761, 3.912, 4.35, 4.532, 4.467, 4.107, 4.015, 3.822, 4.189, 5.049, 5.521, 5.75, 5.614, 4.931, 4.788, 4.943, 5.021, 5.211, 4.47, 3.559, 2.111, 1.964, 2.409, 1.242, 0.0, 0.729, 1.44, 3.41, 5.927, 6.149, 5.782, 5.539, 5.125, 4.853, 6.414, 7.394, 5.099, 3.88, 3.963, 4.319, 3.982, 2.67, 2.196, 2.908, 3.756, 4.448, 4.322, 4.295, 3.866, 3.403, 3.893], [7.1, 6.747, 6.233, 6.102, 6.71, 6.225, 6.693, 6.819, 5.941, 5.261, 4.762, 5.012, 4.751, 4.564, 4.742, 4.558, 4.876, 5.222, 5.074, 4.886, 4.689, 4.443, 4.151, 4.564, 5.006, 4.488, 4.051, 3.848, 2.855, 3.062, 2.687, 2.221, 2.513, 3.195, 4.257, 3.895, 3.93, 4.42, 4.657, 4.559, 4.248, 4.156, 3.936, 4.316, 5.096, 5.444, 5.646, 5.528, 4.861, 4.706, 4.854, 4.962, 5.125, 4.389, 3.533, 2.324, 2.204, 2.42, 1.317, 0.729, 0.0, 1.333, 3.526, 6.062, 6.293, 5.941, 5.731, 5.303, 5.02, 6.626, 7.59, 5.276, 4.067, 4.134, 4.505, 4.184, 3.004, 2.557, 2.914, 3.872, 4.646, 4.519, 4.462, 4.05, 3.541, 4.022], [7.978, 7.578, 7.043, 6.99, 7.675, 7.137, 7.316, 7.318, 6.522, 5.728, 5.2, 5.574, 5.245, 4.956, 5.066, 4.913, 5.323, 5.655, 5.499, 5.268, 4.96, 4.84, 4.593, 5.032, 5.468, 4.725, 3.906, 3.502, 3.391, 3.783, 3.599, 3.065, 2.861, 3.526, 4.645, 4.557, 4.749, 5.36, 5.704, 5.562, 5.156, 4.991, 4.852, 5.186, 5.9, 6.261, 6.467, 6.342, 5.665, 5.581, 5.754, 5.886, 6.054, 5.288, 4.39, 2.935, 2.912, 3.133, 2.017, 1.44, 1.333, 0.0, 2.993, 5.466, 5.687, 5.373, 5.141, 4.718, 4.435, 6.064, 7.126, 4.681, 3.561, 3.634, 4.004, 3.667, 2.978, 2.923, 3.814, 4.838, 5.58, 5.479, 5.436, 4.978, 4.519, 4.818], [8.242, 7.788, 7.278, 7.722, 8.428, 7.386, 6.952, 6.733, 6.153, 5.277, 4.933, 5.195, 4.886, 4.551, 4.454, 4.349, 4.82, 4.898, 4.915, 4.46, 4.126, 4.454, 4.342, 4.385, 4.961, 3.855, 2.588, 2.45, 3.454, 5.094, 5.041, 3.915, 2.956, 3.041, 3.854, 4.418, 6.199, 6.641, 6.588, 6.623, 6.072, 6.007, 5.82, 6.299, 7.359, 7.956, 8.155, 7.998, 7.312, 7.17, 7.302, 7.377, 7.565, 6.829, 5.945, 4.574, 4.72, 5.16, 4.119, 3.41, 3.526, 2.993, 0.0, 2.659, 3.215, 2.754, 2.598, 2.027, 1.814, 3.661, 4.883, 2.33, 1.275, 1.936, 1.847, 1.959, 2.916, 3.698, 4.773, 5.613, 5.841, 5.843, 5.689, 5.043, 4.984, 4.745], [9.877, 9.432, 8.967, 9.611, 10.267, 8.883, 8.139, 7.331, 6.699, 6.05, 5.931, 6.35, 5.837, 5.444, 5.153, 5.121, 5.321, 5.341, 5.678, 5.209, 4.607, 5.4, 5.241, 5.018, 5.638, 4.422, 3.19, 3.278, 5.002, 7.149, 7.216, 6.132, 5.132, 4.994, 5.523, 6.484, 8.496, 8.912, 8.766, 8.753, 8.119, 7.984, 7.722, 8.385, 9.585, 10.194, 10.388, 10.226, 9.478, 9.303, 9.423, 9.521, 9.705, 9.003, 8.189, 7.077, 7.093, 7.64, 6.629, 5.927, 6.062, 5.466, 2.659, 0.0, 1.363, 1.468, 1.387, 1.519, 1.668, 1.861, 2.676, 2.03, 2.383, 3.111, 2.803, 3.129, 4.834, 5.892, 6.724, 7.515, 7.677, 7.566, 7.054, 6.632, 6.697, 6.099], [10.774, 10.343, 9.87, 10.493, 11.123, 9.776, 9.025, 8.233, 7.576, 6.93, 6.741, 7.183, 6.749, 6.39, 6.145, 6.078, 6.291, 6.269, 6.536, 6.082, 5.537, 6.344, 6.162, 5.95, 6.566, 5.314, 4.083, 4.182, 5.873, 7.999, 8.025, 6.952, 5.977, 5.861, 6.395, 7.345, 9.356, 9.772, 9.627, 9.627, 9.023, 8.878, 8.609, 9.285, 10.468, 11.077, 11.248, 11.085, 10.337, 10.158, 10.272, 10.364, 10.548, 9.863, 9.044, 7.404, 7.174, 7.998, 6.973, 6.149, 6.293, 5.687, 3.215, 1.363, 0.0, 1.017, 1.216, 1.996, 2.245, 1.629, 1.971, 1.717, 2.871, 3.984, 3.587, 3.657, 5.429, 6.751, 7.611, 8.407, 8.543, 8.413, 7.931, 7.495, 7.549, 6.981], [10.31, 9.829, 9.321, 9.924, 10.533, 9.315, 8.687, 8.15, 7.556, 6.819, 6.561, 6.86, 6.412, 6.151, 5.912, 5.83, 6.118, 6.134, 6.381, 5.93, 5.39, 6.056, 5.941, 5.731, 6.318, 5.058, 3.805, 3.959, 5.428, 7.456, 7.497, 6.35, 5.376, 5.262, 5.821, 6.723, 8.729, 9.149, 9.015, 9.015, 8.4, 8.252, 8.039, 8.659, 9.848, 10.456, 10.626, 10.462, 9.725, 9.557, 9.686, 9.778, 9.966, 9.267, 8.433, 6.942, 6.72, 7.537, 6.551, 5.782, 5.941, 5.373, 2.754, 1.468, 1.017, 0.0, 0.847, 1.568, 2.036, 2.146, 2.331, 1.604, 2.566, 3.629, 3.34, 3.225, 4.82, 6.137, 7.013, 7.799, 7.937, 7.845, 7.469, 6.95, 6.989, 6.556], [10.084, 9.642, 9.156, 9.789, 10.434, 9.154, 8.44, 7.893, 7.332, 6.577, 6.345, 6.722, 6.187, 5.81, 5.531, 5.517, 5.792, 5.882, 6.157, 5.661, 5.036, 5.72, 5.736, 5.466, 5.941, 4.802, 3.571, 3.653, 5.164, 7.344, 7.362, 6.232, 5.277, 5.185, 5.764, 6.59, 8.594, 9.017, 8.893, 8.889, 8.297, 8.122, 7.825, 8.422, 9.625, 10.238, 10.504, 10.336, 9.588, 9.434, 9.581, 9.662, 9.868, 9.144, 8.297, 6.737, 6.567, 7.299, 6.33, 5.539, 5.731, 5.141, 2.598, 1.387, 1.216, 0.847, 0.0, 1.17, 1.704, 1.985, 2.574, 1.451, 2.28, 3.389, 3.057, 2.95, 4.71, 6.019, 6.818, 7.565, 7.812, 7.717, 7.36, 6.858, 6.906, 6.347], [9.103, 8.657, 8.17, 8.78, 9.451, 8.177, 7.562, 7.072, 6.52, 5.768, 5.524, 5.839, 5.328, 4.965, 4.723, 4.65, 4.907, 5.042, 5.302, 4.829, 4.158, 4.884, 4.807, 4.6, 5.1