[[0.0, 0.922, 1.315, 1.19, 1.55, 1.327, 2.156, 3.323, 3.819, 4.037, 4.476, 4.362, 3.829, 4.044, 4.392, 4.558, 4.658, 5.034, 5.186, 5.035, 5.072, 5.295, 5.763, 6.26, 6.295, 7.424, 7.725, 7.758, 8.708, 9.568, 7.865, 7.759, 7.606, 6.922, 7.219, 7.906, 7.732, 9.455, 10.535, 9.556, 9.138, 13.08, 15.183, 15.142, 14.773, 14.991, 14.674, 13.993, 13.32, 13.36, 14.281, 14.685, 14.045, 13.082, 13.096, 13.43, 12.82, 11.953, 12.359, 13.565, 14.302, 14.647, 14.757, 14.836, 14.906, 14.542, 13.783, 12.332, 10.707, 10.164, 9.04, 7.871, 8.077, 8.299, 8.191, 5.281, 4.316, 4.822, 4.521, 4.509, 5.052, 6.27, 6.914, 6.866, 6.727, 7.055], [0.922, 0.0, 1.083, 1.605, 2.014, 1.805, 2.414, 3.524, 3.946, 4.142, 4.581, 4.497, 3.892, 4.104, 4.464, 4.648, 4.714, 5.135, 5.297, 5.172, 5.226, 5.58, 5.839, 6.385, 6.404, 7.836, 8.01, 7.948, 9.004, 9.798, 8.3, 8.063, 7.893, 7.257, 7.533, 8.309, 7.948, 9.87, 10.963, 9.984, 9.566, 13.513, 15.616, 15.576, 15.208, 15.43, 15.112, 14.431, 13.758, 13.793, 14.714, 15.118, 14.479, 13.516, 13.53, 13.864, 13.254, 12.387, 12.788, 13.999, 14.736, 15.083, 15.195, 15.27, 15.34, 14.98, 14.217, 12.77, 11.141, 10.602, 9.477, 8.311, 8.517, 8.734, 8.626, 5.642, 4.715, 5.245, 4.941, 4.851, 5.351, 6.658, 7.347, 7.299, 7.16, 7.473], [1.315, 1.083, 0.0, 1.209, 1.92, 1.905, 2.716, 3.81, 4.239, 4.513, 4.888, 4.761, 4.199, 4.415, 4.714, 4.89, 5.07, 5.407, 5.543, 5.483, 5.505, 5.867, 6.089, 6.643, 6.702, 8.104, 8.357, 8.199, 9.271, 10.11, 8.633, 8.344, 8.148, 7.526, 7.8, 8.58, 8.271, 10.144, 11.232, 10.272, 9.845, 13.866, 15.914, 15.909, 15.541, 15.817, 15.499, 14.818, 14.145, 14.122, 15.059, 15.451, 14.83, 13.849, 13.863, 14.197, 13.628, 12.72, 13.132, 14.312, 15.064, 15.457, 15.562, 15.598, 15.668, 15.362, 14.584, 13.152, 11.521, 10.989, 9.817, 8.66, 8.859, 9.093, 9.01, 6.029, 5.048, 5.618, 5.295, 5.203, 5.652, 6.956, 7.677, 7.613, 7.458, 7.739], [1.19, 1.605, 1.209, 0.0, 1.328, 1.715, 2.924, 4.024, 4.569, 4.906, 5.297, 5.072, 4.596, 4.826, 5.118, 5.343, 5.511, 5.742, 5.892, 5.779, 5.801, 5.958, 6.504, 6.968, 7.022, 8.03, 8.427, 8.425, 9.388, 10.209, 8.441, 8.386, 8.232, 7.555, 7.861, 8.587, 8.423, 10.078, 11.094, 10.117, 9.731, 13.705, 15.724, 15.703, 15.335, 15.634, 15.317, 14.636, 13.963, 13.919, 14.877, 15.277, 14.648, 13.643, 13.657, 13.991, 13.445, 12.537, 12.985, 14.107, 14.86, 15.276, 15.377, 15.399, 15.464, 15.182, 14.408, 12.973, 11.342, 10.807, 9.647, 8.469, 8.689, 8.936, 8.846, 6.052, 4.961, 5.503, 5.232, 5.215, 5.879, 6.912, 7.493, 7.41, 7.293, 7.632], [1.55, 2.014, 1.92, 1.328, 0.0, 0.999, 2.015, 2.962, 3.519, 3.998, 4.359, 4.075, 3.661, 3.907, 4.166, 4.452, 4.679, 4.814, 4.882, 4.743, 4.824, 4.888, 5.491, 5.876, 5.953, 6.915, 7.234, 7.267, 8.21, 9.04, 7.312, 7.219, 7.066, 6.391, 6.702, 7.382, 7.228, 8.926, 9.984, 9.005, 8.595, 12.57, 14.622, 14.587, 14.219, 14.494, 14.176, 13.495, 12.822, 12.801, 13.736, 14.15, 13.507, 12.528, 12.542, 12.876, 12.305, 11.399, 11.842, 13.005, 13.747, 14.139, 14.248, 14.281, 14.351, 14.043, 13.265, 11.834, 10.201, 9.666, 8.52, 7.341, 7.547, 7.801, 7.689, 4.927, 3.794, 4.322, 4.039, 4.067, 4.854, 5.825, 6.356, 6.306, 6.188, 6.519], [1.327, 1.805, 1.905, 1.715, 0.999, 0.0, 1.495, 2.563, 2.983, 3.302, 3.698, 3.462, 2.96, 3.223, 3.538, 3.743, 3.946, 4.18, 4.313, 4.186, 4.207, 4.426, 4.887, 5.368, 5.414, 6.508, 6.897, 6.837, 7.821, 8.694, 7.07, 6.83, 6.703, 5.992, 6.293, 7.013, 6.853, 8.539, 9.614, 8.678, 8.267, 12.308, 14.337, 14.353, 13.985, 14.259, 13.941, 13.261, 12.587, 12.566, 13.501, 13.893, 13.272, 12.293, 12.307, 12.642, 12.07, 11.164, 11.574, 12.753, 13.498, 13.905, 14.005, 14.032, 14.102, 13.79, 13.012, 11.58, 9.949, 9.431, 8.224, 7.085, 7.285, 7.536, 7.456, 4.575, 3.525, 4.06, 3.771, 3.722, 4.268, 5.404, 6.121, 6.057, 5.834, 6.129], [2.156, 2.414, 2.716, 2.924, 2.015, 1.495, 0.0, 1.479, 1.884, 2.195, 2.529, 2.397, 1.863, 2.069, 2.426, 2.573, 2.779, 3.066, 3.162, 3.106, 3.119, 3.4, 3.735, 4.27, 4.275, 5.582, 5.872, 5.819, 6.8, 7.615, 6.015, 5.841, 5.706, 5.012, 5.298, 6.04, 5.828, 7.618, 8.624, 7.645, 7.254, 11.265, 13.275, 13.291, 12.933, 13.214, 12.896, 12.215, 11.542, 11.504, 12.456, 12.848, 12.227, 11.231, 11.245, 11.579, 11.025, 10.117, 10.55, 11.693, 12.442, 12.861, 12.957, 12.976, 13.045, 12.752, 11.979, 10.532, 8.914, 8.386, 7.183, 6.04, 6.24, 6.5, 6.409, 3.456, 2.699, 3.16, 3.093, 2.733, 3.163, 4.339, 5.059, 5.017, 4.909, 5.194], [3.323, 3.524, 3.81, 4.024, 2.962, 2.563, 1.479, 0.0, 0.966, 1.393, 1.533, 1.386, 1.174, 1.229, 1.519, 1.797, 2.084, 2.3, 2.214, 1.989, 2.191, 2.187, 2.574, 3.016, 3.054, 4.328, 4.613, 4.493, 5.512, 6.358, 4.84, 4.568, 4.401, 3.753, 4.028, 4.811, 4.502, 6.374, 7.456, 6.492, 6.076, 10.082, 12.134, 12.116, 11.748, 12.032, 11.714, 11.034, 10.36, 10.33, 11.274, 11.671, 11.045, 10.057, 10.071, 10.405, 9.846, 8.935, 9.347, 10.519, 11.273, 11.673, 11.776, 11.807, 11.877, 11.579, 10.801, 9.369, 7.739, 7.204, 6.048, 4.889, 5.103, 5.312, 5.226, 2.373, 2.38, 2.579, 2.649, 2.147, 2.128, 3.197, 3.887, 4.013, 3.929, 3.961], [3.819, 3.946, 4.239, 4.569, 3.519, 2.983, 1.884, 0.966, 0.0, 0.971, 1.147, 1.002, 0.883, 0.868, 1.225, 1.551, 1.619, 1.751, 1.649, 1.463, 1.65, 1.861, 2.08, 2.471, 2.628, 4.066, 4.287, 4.101, 5.229, 6.034, 4.603, 4.299, 4.094, 3.488, 3.754, 4.539, 4.172, 6.08, 7.194, 6.227, 5.796, 9.811, 11.869, 11.879, 11.511, 11.762, 11.444, 10.764, 10.09, 10.092, 11.017, 11.396, 10.783, 9.82, 9.833, 10.168, 9.573, 8.691, 9.078, 10.282, 11.032, 11.404, 11.511, 11.566, 11.636, 11.305, 10.527, 9.092, 7.464, 6.934, 5.743, 4.595, 4.796, 5.039, 4.956, 2.102, 2.552, 2.677, 2.652, 2.06, 2.054, 3.047, 3.682, 3.803, 3.698, 3.739], [4.037, 4.142, 4.513, 4.906, 3.998, 3.302, 2.195, 1.393, 0.971, 0.0, 0.79, 0.919, 0.778, 0.883, 1.159, 1.375, 1.377, 1.562, 1.504, 1.296, 1.523, 1.865, 1.921, 2.383, 2.564, 4.062, 4.299, 3.986, 5.209, 6.031, 4.623, 4.278, 4.052, 3.435, 3.695, 4.483, 4.17, 5.988, 7.141, 6.23, 5.808, 9.836, 11.889, 11.905, 11.537, 11.787, 11.469, 10.794, 10.115, 10.121, 11.043, 11.421, 10.809, 9.846, 9.859, 10.194, 9.598, 8.717, 9.102, 10.306, 11.051, 11.422, 11.536, 11.585, 11.654, 11.321, 10.543, 9.112, 7.494, 6.959, 5.769, 4.66, 4.868, 5.085, 4.992, 2.106, 2.976, 2.97, 2.982, 2.499, 2.129, 3.125, 3.798, 4.085, 3.944, 3.8], [4.476, 4.581, 4.888, 5.297, 4.359, 3.698, 2.529, 1.533, 1.147, 0.79, 0.0, 0.763, 1.009, 0.857, 0.926, 0.985, 1.101, 1.279, 1.257, 1.265, 1.476, 1.737, 1.517, 1.892, 2.071, 3.654, 3.976, 3.583, 4.836, 5.637, 4.225, 3.883, 3.656, 3.029, 3.301, 4.123, 3.833, 5.582, 6.726, 5.855, 5.468, 9.504, 11.494, 11.51, 11.142, 11.454, 11.136, 10.47, 9.782, 9.75, 10.696, 11.088, 10.467, 9.451, 9.465, 9.799, 9.264, 8.356, 8.769, 9.908, 10.653, 11.076, 11.194, 11.203, 11.257, 10.979, 10.201, 8.778, 7.161, 6.625, 5.46, 4.352, 4.56, 4.778, 4.684, 1.809, 2.815, 2.847, 2.872, 2.326, 1.828, 2.662, 3.329, 3.56, 3.399, 3.314], [4.362, 4.497, 4.761, 5.072, 4.075, 3.462, 2.397, 1.386, 1.002, 0.919, 0.763, 0.0, 0.887, 0.829, 1.229, 1.376, 1.416, 1.314, 1.224, 1.086, 1.169, 1.548, 1.667, 1.972, 2.179, 3.693, 4.002, 3.631, 4.872, 5.686, 4.278, 3.933, 3.706, 3.081, 3.351, 4.159, 3.869, 5.619, 6.779, 5.894, 5.506, 9.542, 11.544, 11.56, 11.192, 11.492, 11.172, 10.509, 9.818, 9.788, 10.734, 11.124, 10.503, 9.501, 9.515, 9.849, 9.301, 8.393, 8.805, 9.958, 10.7, 11.115, 11.232, 11.24, 11.307, 11.017, 10.239, 8.819, 7.197, 6.662, 5.485, 4.377, 4.586, 4.803, 4.709, 1.948, 3.001, 3.128, 3.084, 2.512, 2.2, 2.765, 3.421, 3.6, 3.44, 3.396], [3.829, 3.892, 4.199, 4.596, 3.661, 2.96, 1.863, 1.174, 0.883, 0.778, 1.009, 0.887, 0.0, 0.639, 1.088, 1.198, 1.325, 1.463, 1.543, 1.541, 1.608, 1.958, 2.09, 2.56, 2.569, 4.147, 4.494, 4.21, 5.364, 6.181, 4.739, 4.395, 4.195, 3.542, 3.813, 4.63, 4.35, 6.123, 7.247, 6.356, 5.964, 9.995, 12.007, 12.023, 11.655, 11.961, 11.643, 10.963, 10.289, 10.246, 11.203, 11.595, 10.974, 9.963, 9.977, 10.311, 9.772, 8.864, 9.276, 10.422, 11.165, 11.586, 11.702, 11.711, 11.768, 11.487, 10.709, 9.277, 7.646, 7.133, 5.926, 4.787, 4.987, 5.238, 5.155, 2.174, 2.774, 2.949, 2.925, 2.321, 2.059, 3.19, 3.86, 4.029, 3.861, 3.843], [4.044, 4.104, 4.415, 4.826, 3.907, 3.223, 2.069, 1.229, 0.868, 0.883, 0.857, 0.829, 0.639, 0.0, 0.837, 1.102, 1.201, 1.356, 1.408, 1.526, 1.679, 1.96, 1.901, 2.385, 2.453, 4.028, 4.366, 4.057, 5.232, 6.025, 4.618, 4.275, 4.053, 3.418, 3.698, 4.519, 4.23, 5.992, 7.146, 6.245, 5.853, 9.883, 11.883, 11.899, 11.531, 11.85, 11.532, 10.852, 10.179, 10.135, 11.092, 11.485, 10.864, 9.84, 9.854, 10.188, 9.661, 8.753, 9.166, 10.301, 11.045, 11.476, 11.59, 11.604, 11.648, 11.375, 10.6, 9.165, 7.55, 7.022, 5.816, 4.699, 4.908, 5.135, 5.045, 2.089, 2.856, 2.941, 2.942, 2.359, 2.003, 3.061, 3.73, 3.947, 3.81, 3.742], [4.392, 4.464, 4.714, 5.118, 4.166, 3.538, 2.426, 1.519, 1.225, 1.159, 0.926, 1.229, 1.088, 0.837, 0.0, 0.659, 0.994, 1.213, 1.267, 1.501, 1.687, 1.997, 1.688, 2.104, 2.122, 3.771, 4.114, 3.792, 4.984, 5.768, 4.353, 4.014, 3.787, 3.16, 3.441, 4.271, 3.981, 5.76, 6.849, 5.996, 5.604, 9.633, 11.625, 11.643, 11.274, 11.602, 11.284, 10.603, 9.93, 9.886, 10.844, 11.236, 10.615, 9.582, 9.596, 9.93, 9.413, 8.505, 8.917, 10.036, 10.78, 11.219, 11.34, 11.348, 11.383, 11.125, 10.347, 8.915, 7.301, 6.774, 5.567, 4.45, 4.658, 4.887, 4.797, 1.862, 2.571, 2.603, 2.659, 2.037, 1.695, 2.661, 3.428, 3.578, 3.388, 3.382], [4.558, 4.648, 4.89, 5.343, 4.452, 3.743, 2.573, 1.797, 1.551, 1.375, 0.985, 1.376, 1.198, 1.102, 0.659, 0.0, 0.684, 1.063, 1.235, 1.569, 1.69, 1.901, 1.601, 1.993, 1.97, 3.524, 3.887, 3.581, 4.756, 5.492, 4.073, 3.768, 3.557, 2.969, 3.254, 4.088, 3.755, 5.571, 6.611, 5.769, 5.377, 9.398, 11.38, 11.415, 11.025, 11.374, 11.056, 10.376, 9.703, 9.659, 10.616, 11.009, 10.388, 9.325, 9.353, 9.662, 9.185, 8.277, 8.69, 9.773, 10.524, 10.982, 11.105, 11.107, 11.155, 10.89, 10.112, 8.68, 7.063, 6.546, 5.34, 4.218, 4.426, 4.656, 4.568, 1.669, 2.546, 2.571, 2.647, 1.98, 1.499, 2.435, 3.151, 3.301, 3.166, 3.14], [4.658, 4.714, 5.07, 5.511, 4.679, 3.946, 2.779, 2.084, 1.619, 1.377, 1.101, 1.416, 1.325, 1.201, 0.994, 0.684, 0.0, 0.804, 1.117, 1.457, 1.602, 1.805, 1.541, 1.936, 1.943, 3.447, 3.81, 3.504, 4.68, 5.419, 4.0, 3.692, 3.482, 2.917, 3.191, 4.012, 3.677, 5.5, 6.593, 5.692, 5.3, 9.321, 11.303, 11.338, 10.948, 11.297, 10.979, 10.299, 9.626, 9.582, 10.54, 10.932, 10.311, 9.248, 9.276, 9.585, 9.108, 8.2, 8.613, 9.705, 10.455, 10.913, 11.027, 11.05, 11.087, 10.812, 10.034, 8.603, 6.972, 6.469, 5.263, 4.125, 4.324, 4.574, 4.491, 1.66, 2.812, 2.853, 2.936, 2.271, 1.719, 2.486, 3.117, 3.324, 3.238, 3.19], [5.034, 5.135, 5.407, 5.742, 4.814, 4.18, 3.066, 2.3, 1.751, 1.562, 1.279, 1.314, 1.463, 1.356, 1.213, 1.063, 0.804, 0.0, 0.729, 1.127, 1.234, 1.467, 1.197, 1.521, 1.626, 3.173, 3.535, 3.174, 4.405, 5.173, 3.756, 3.417, 3.202, 2.623, 2.921, 3.726, 3.404, 5.182, 6.267, 5.418, 5.021, 9.052, 11.028, 11.064, 10.677, 11.023, 10.705, 10.025, 9.351, 9.308, 10.265, 10.658, 10.037, 8.985, 9.002, 9.333, 8.834, 7.926, 8.339, 9.439, 10.184, 10.637, 10.758, 10.769, 10.805, 10.543, 9.765, 8.334, 6.703, 6.195, 4.988, 3.86, 4.049, 4.3, 4.217, 1.593, 3.061, 3.117, 3.163, 2.488, 2.065, 2.52, 3.087, 3.24, 3.15, 3.006], [5.186, 5.297, 5.543, 5.892, 4.882, 4.313, 3.162, 2.214, 1.649, 1.504, 1.257, 1.224, 1.543, 1.408, 1.267, 1.235, 1.117, 0.729, 0.0, 0.898, 1.03, 1.185, 1.161, 1.403, 1.452, 2.927, 3.215, 2.877, 4.088, 4.901, 3.494, 3.165, 2.936, 2.342, 2.659, 3.421, 3.09, 4.898, 6.031, 5.098, 4.706, 8.752, 10.755, 10.771, 10.403, 10.703, 10.385, 9.705, 9.031, 8.988, 9.945, 10.337, 9.716, 8.711, 8.725, 9.059, 8.514, 7.606, 8.018, 9.174, 9.92, 10.334, 10.445, 10.459, 10.524, 10.23, 9.464, 8.02, 6.399, 5.875, 4.668, 3.55, 3.729, 3.98, 3.897, 1.468, 3.056, 3.038, 3.125, 2.527, 2.068, 2.485, 3.033, 3.237, 3.189, 2.941], [5.035, 5.172, 5.483, 5.779, 4.743, 4.186, 3.106, 1.989, 1.463, 1.296, 1.265, 1.086, 1.541, 1.526, 1.501, 1.569, 1.457, 1.127, 0.898, 0.0, 0.72, 0.937, 1.218, 1.516, 1.56, 2.951, 3.176, 2.875, 4.072, 4.895, 3.491, 3.176, 2.954, 2.368, 2.644, 3.409, 3.033, 4.871, 6.025, 5.092, 4.668, 8.684, 10.751, 10.767, 10.399, 10.635, 10.317, 9.637, 8.963, 8.981, 9.905, 10.283, 9.671, 8.708, 8.722, 9.056, 8.446, 7.579, 7.956, 9.17, 9.916, 10.275, 10.387, 10.45, 10.52, 10.172, 9.397, 7.962, 6.343, 5.807, 4.603, 3.507, 3.689, 3.914, 3.829, 1.574, 2.886, 2.724, 2.809, 2.373, 2.013, 2.435, 2.993, 3.243, 3.189, 2.927], [5.072, 5.226, 5.505, 5.801, 4.824, 4.207, 3.119, 2.191, 1.65, 1.523, 1.476, 1.169, 1.608, 1.679, 1.687, 1.69, 1.602, 1.234, 1.03, 0.72, 0.0, 0.948, 1.356, 1.44, 1.644, 2.935, 3.251, 2.889, 4.076, 4.887, 3.485, 3.143, 2.934, 2.423, 2.635, 3.42, 3.095, 4.879, 5.97, 5.089, 4.697, 8.743, 10.745, 10.761, 10.393, 10.694, 10.376, 9.696, 9.022, 8.979, 9.936, 10.328, 9.707, 8.702, 8.715, 9.05, 8.508, 7.597, 8.009, 9.158, 9.903, 10.331, 10.436, 10.442, 10.507, 10.221, 9.443, 8.011, 6.386, 5.866, 4.72, 3.621, 3.802, 4.022, 3.935, 1.842, 2.905, 2.973, 2.935, 2.463, 2.089, 2.563, 3.026, 3.17, 3.069, 2.898], [5.295, 5.58, 5.867, 5.958, 4.888, 4.426, 3.4, 2.187, 1.861, 1.865, 1.737, 1.548, 1.958, 1.96, 1.997, 1.901, 1.805, 1.467, 1.185, 0.937, 0.948, 0.0, 1.196, 1.363, 1.361, 2.381, 2.748, 2.599, 3.538, 4.364, 2.833, 2.636, 2.534, 2.0, 2.285, 2.966, 2.673, 4.415, 5.436, 4.48, 4.089, 8.11, 10.095, 10.104, 9.736, 10.06, 9.743, 9.07, 8.389, 8.35, 9.303, 9.695, 9.074, 8.045, 8.059, 8.407, 7.883, 6.964, 7.376, 8.507, 9.257, 9.699, 9.799, 9.82, 9.861, 9.604, 8.826, 7.383, 5.768, 5.26, 4.144, 3.093, 3.214, 3.4, 3.307, 1.414, 2.525, 2.343, 2.433, 2.068, 1.774, 2.024, 2.449, 2.712, 2.692, 2.445], [5.763, 5.839, 6.089, 6.504, 5.491, 4.887, 3.735, 2.574, 2.08, 1.921, 1.517, 1.667, 2.09, 1.901, 1.688, 1.601, 1.541, 1.197, 1.161, 1.218, 1.356, 1.196, 0.0, 0.909, 1.269, 2.722, 3.117, 2.709, 3.842, 4.606, 3.214, 2.97, 2.929, 2.466, 2.728, 3.363, 3.05, 4.711, 5.769, 4.899, 4.502, 8.54, 10.449, 10.485, 10.1, 10.455, 10.142, 9.485, 8.811, 8.764, 9.697, 10.078, 9.457, 8.398, 8.433, 8.794, 8.333, 7.375, 7.786, 8.858, 9.603, 10.071, 10.178, 10.195, 10.241, 9.963, 9.191, 7.778, 6.188, 5.658, 4.556, 3.537, 3.624, 3.791, 3.716, 1.881, 2.882, 2.677, 2.768, 2.358, 1.763, 2.039, 2.477, 2.741, 2.702, 2.54], [6.26, 6.385, 6.643, 6.968, 5.876, 5.368, 4.27, 3.016, 2.471, 2.383, 1.892, 1.972, 2.56, 2.385, 2.104, 1.993, 1.936, 1.521, 1.403, 1.516, 1.44, 1.363, 0.909, 0.0, 0.816, 2.195, 2.575, 2.194, 3.258, 4.028, 2.749, 2.587, 2.518, 2.125, 2.392, 2.992, 2.662, 4.202, 5.182, 4.317, 3.955, 7.961, 9.879, 9.916, 9.532, 9.894, 9.56, 8.911, 8.222, 8.191, 9.136, 9.51, 8.889, 7.84, 7.854, 8.293, 7.783, 6.787, 7.193, 8.289, 9.034, 9.485, 9.608, 9.613, 9.653, 9.396, 8.632, 7.214, 5.613, 5.198, 4.119, 3.1, 3.163, 3.251, 3.207, 1.873, 2.816, 2.641, 2.728, 2.297, 1.89, 1.873, 2.15, 2.339, 2.264, 2.088], [6.295, 6.404, 6.702, 7.022, 5.953, 5.414, 4.275, 3.054, 2.628, 2.564, 2.071, 2.179, 2.569, 2.453, 2.122, 1.97, 1.943, 1.626, 1.452, 1.56, 1.644, 1.361, 1.269, 0.816, 0.0, 1.769, 2.13, 1.864, 2.925, 3.729, 2.418, 2.234, 2.093, 1.736, 2.023, 2.614, 2.305, 3.798, 4.813, 3.93, 3.542, 7.574, 9.557, 9.573, 9.205, 9.524, 9.207, 8.527, 7.853, 7.809, 8.767, 9.159, 8.538, 7.513, 7.527, 7.874, 7.339, 6.428, 6.84, 7.967, 8.712, 9.143, 9.264, 9.271, 9.309, 9.049, 8.271, 6.839, 5.238, 4.828, 3.691, 2.621, 2.715, 2.856, 2.796, 1.412, 2.72, 2.416, 2.616, 2.224, 1.604, 1.532, 1.906, 2.177, 2.084, 1.793], [7.424, 7.836, 8.104, 8.03, 6.915, 6.508, 5.582, 4.328, 4.066, 4.062, 3.654, 3.693, 4.147, 4.028, 3.771, 3.524, 3.447, 3.173, 2.927, 2.951, 2.935, 2.381, 2.722, 2.195, 1.769, 0.0, 1.112, 1.096, 1.576, 2.323, 1.122, 1.545, 1.224, 1.643, 1.626, 1.799, 1.763, 2.458, 3.312, 2.331, 1.955, 5.9, 7.86, 7.891, 7.514, 7.85, 7.533, 6.865, 6.179, 6.144, 7.093, 7.485, 6.864, 5.817, 5.83, 6.196, 5.679, 4.753, 5.166, 6.276, 7.021, 7.516, 7.586, 7.603, 7.64, 7.371, 6.593, 5.181, 3.638, 3.299, 2.15, 1.382, 1.484, 1.512, 1.447, 2.4, 3.41, 2.986, 3.24, 3.117, 2.596, 1.717, 1.379, 1.625, 1.655, 1.546], [7.725, 8.01, 8.357, 8.427, 7.234, 6.897, 5.872, 4.613, 4.287, 4.299, 3.976, 4.002, 4.494, 4.366, 4.114, 3.887, 3.81, 3.535, 3.215, 3.176, 3.251, 2.748, 3.117, 2.575, 2.13, 1.112, 0.0, 0.921, 1.366, 1.944, 1.519, 1.657, 1.406, 1.898, 1.933, 2.037, 1.82, 2.341, 3.021, 2.136, 1.935, 5.56, 7.618, 7.634, 7.266, 7.499, 7.17, 6.515, 5.816, 5.87, 6.783, 7.15, 6.538, 5.574, 5.588, 5.938, 5.318, 4.445, 4.833, 6.037, 6.785, 7.132, 7.241, 7.319, 7.389, 7.029, 6.272, 4.837, 3.209, 2.863, 1.79, 1.289, 1.34, 1.19, 1.172, 2.649, 3.75, 3.273, 3.612, 3.319, 2.886, 1.853, 1.574, 1.735, 1.778, 1.772], [7.758, 7.948, 8.199, 8.425, 7.267, 6.837, 5.819, 4.493, 4.101, 3.986, 3.583, 3.631, 4.21, 4.057, 3.792, 3.581, 3.504, 3.174, 2.877, 2.875, 2.889, 2.599, 2.709, 2.194, 1.864, 1.096, 0.921, 0.0, 1.446, 2.162, 1.614, 1.686, 1.323, 1.829, 1.787, 1.959, 1.797, 2.452, 3.298, 2.459, 2.191, 5.959, 7.948, 7.964, 7.596, 7.895, 7.561, 6.912, 6.216, 6.208, 7.137, 7.51, 6.889, 5.905, 5.918, 6.266, 5.72, 4.779, 5.191, 6.365, 7.11, 7.507, 7.621, 7.644, 7.714, 7.406, 6.643, 5.225, 3.61, 3.313, 2.22, 1.563, 1.624, 1.615, 1.514, 2.662, 3.789, 3.424, 3.685, 3.39, 2.82, 1.954, 1.737, 1.9, 1.979, 1.906], [8.708, 9.004, 9.271, 9.388, 8.21, 7.821, 6.8, 5.512, 5.229, 5.209, 4.836, 4.872, 5.364, 5.232, 4.984, 4.756, 4.68, 4.405, 4.088, 4.072, 4.076, 3.538, 3.842, 3.258, 2.925, 1.576, 1.366, 1.446, 0.0, 1.321, 1.91, 2.074, 2.037, 2.702, 2.479, 2.21, 2.001, 1.974, 2.483, 1.646, 1.74, 4.849, 6.706, 6.696, 6.376, 6.684, 6.355, 5.724, 5.045, 5.006, 5.922, 6.271, 5.666, 4.736, 4.713, 5.252, 4.72, 3.682, 4.073, 5.099, 5.86, 6.283, 6.368, 6.394, 6.451, 6.177, 5.413, 4.075, 2.82, 2.785, 2.081, 2.148, 2.025, 1.597, 1.63, 3.617, 4.702, 4.189, 4.421, 4.302, 3.735, 2.597, 2.306, 2.515, 2.615, 2.505], [9.568, 9.798, 10.11, 10.209, 9.04, 8.694, 7.615, 6.358, 6.034, 6.031, 5.637, 5.686, 6.181, 6.025, 5.768, 5.492, 5.419, 5.173, 4.901, 4.895, 4.887, 4.364, 4.606, 4.028, 3.729, 2.323, 1.944, 2.162, 1.321, 0.0, 2.077, 1.936, 2.147, 2.8, 2.521, 2.016, 1.939, 1.585, 1.881, 1.201, 1.448, 4.084, 5.93, 5.952, 5.614, 5.982, 5.653, 5.012, 4.341, 4.302, 5.239, 5.584, 4.972, 3.946, 3.971, 4.467, 3.975, 2.983, 3.354, 4.295, 5.057, 5.545, 5.639, 5.673, 5.695, 5.451, 4.677, 3.257, 2.172, 2.341, 1.603, 2.021, 1.929, 1.983, 2.01, 4.464, 5.474, 4.971, 5.204, 5.118, 4.593, 3.413, 2.945, 3.072, 3.213, 3.083], [7.865, 8.3, 8.633, 8.441, 7.312, 7.07, 6.015, 4.84, 4.603, 4.623, 4.225, 4.278, 4.739, 4.618, 4.353, 4.073, 4.0, 3.756, 3.494, 3.491, 3.485, 2.833, 3.214, 2.749, 2.418, 1.122, 1.519, 1.614, 1.91, 2.077, 0.0, 1.231, 1.283, 1.733, 1.53, 1.505, 1.636, 2.222, 3.017, 2.041, 1.636, 5.548, 7.445, 7.401, 7.112, 7.451, 7.16, 6.456, 5.783, 5.788, 6.722, 7.066, 6.37, 5.331, 5.379, 5.735, 5.256, 4.319, 4.819, 5.77, 6.473, 6.968, 7.082, 7.086, 7.114, 6.863, 6.126, 4.676, 3.08, 2.778, 1.834, 1.28, 1.493, 1.659, 1.566, 2.707, 3.72, 3.32, 3.674, 3.516, 3.076, 2.148, 1.725, 2.003, 2.168, 2.045], [7.759, 8.063, 8.344, 8.386, 7.219, 6.83, 5.841, 4.568, 4.299, 4.278, 3.883, 3.933, 4.395, 4.275, 4.014, 3.768, 3.692, 3.417, 3.165, 3.176, 3.143, 2.636, 2.97, 2.587, 2.234, 1.545, 1.657, 1.686, 2.074, 1.936, 1.231, 0.0, 0.943, 1.259, 0.905, 0.882, 0.985, 2.035, 3.023, 2.121, 1.795, 5.71, 7.624, 7.663, 7.305, 7.675, 7.354, 6.707, 6.019, 5.994, 6.933, 7.278, 6.65, 5.623, 5.63, 5.959, 5.498, 4.57, 4.974, 6.031, 6.791, 7.248, 7.345, 7.385, 7.395, 7.172, 6.401, 4.959, 3.467, 3.157, 1.895, 1.287, 1.653, 2.088, 1.933, 2.756, 3.942, 3.602, 3.756, 3.479, 3.098, 2.65, 2.292, 2.461, 2.642, 2.46], [7.606, 7.893, 8.148, 8.232, 7.066, 6.703, 5.706, 4.401, 4.094, 4.052, 3.656, 3.706, 4.195, 4.053, 3.787, 3.557, 3.482, 3.202, 2.936, 2.954, 2.934, 2.534, 2.929, 2.518, 2.093, 1.224, 1.406, 1.323, 2.037, 2.147, 1.283, 0.943, 0.0, 1.081, 1.018, 1.125, 1.03, 2.113, 3.177, 2.278, 2.002, 5.9, 7.839, 7.87, 7.487, 7.85, 7.516, 6.867, 6.168, 6.146, 7.095, 7.464, 6.843, 5.804, 5.812, 6.147, 5.651, 4.733, 5.148, 6.258, 7.007, 7.465, 7.565, 7.588, 7.624, 7.363, 6.608, 5.175, 3.537, 3.035, 1.916, 1.044, 1.33, 1.796, 1.615, 2.537, 3.854, 3.52, 3.751, 3.461, 2.954, 2.45, 2.01, 2.133, 2.384, 2.31], [6.922, 7.257, 7.526, 7.555, 6.391, 5.992, 5.012, 3.753, 3.488, 3.435, 3.029, 3.081, 3.542, 3.418, 3.16, 2.969, 2.917, 2.623, 2.342, 2.368, 2.423, 2.0, 2.466, 2.125, 1.736, 1.643, 1.898, 1.829, 2.702, 2.8, 1.733, 1.259, 1.081, 0.0, 0.664, 1.286, 1.299, 2.727, 3.78, 2.903, 2.577, 6.534, 8.465, 8.486, 8.118, 8.474, 8.149, 7.503, 6.809, 6.783, 7.716, 8.08, 7.459, 6.422, 6.439, 6.77, 6.301, 5.371, 5.776, 6.884, 7.639, 8.076, 8.182, 8.2, 8.239, 7.967, 7.229, 5.8, 4.181, 3.645, 2.506, 1.48, 1.753, 2.289, 2.127, 1.967, 3.495, 3.169, 3.344, 3.068, 2.605, 2.263, 2.323, 2.525, 2.585, 2.304], [7.219, 7.533, 7.8, 7.861, 6.702, 6.293, 5.298, 4.028, 3.754, 3.695, 3.301, 3.351, 3.813, 3.698, 3.441, 3.254, 3.191, 2.921, 2.659, 2.644, 2.635, 2.285, 2.728, 2.392, 2.023, 1.626, 1.933, 1.787, 2.479, 2.521, 1.53, 0.905, 1.018, 0.664, 0.0, 0.946, 1.044, 2.504, 3.534, 2.68, 2.346, 6.314, 8.215, 8.221, 7.895, 8.24, 7.915, 7.269, 6.578, 6.549, 7.482, 7.804, 7.178, 6.161, 6.208, 6.554, 6.072, 5.125, 5.532, 6.627, 7.39, 7.811, 7.901, 7.921, 7.99, 7.725, 6.984, 5.557, 3.938, 3.457, 2.296, 1.425, 1.769, 2.325, 2.139, 2.301, 3.837, 3.519, 3.665, 3.398, 2.946, 2.614, 2.478, 2.672, 2.756, 2.548], [7.906, 8.309, 8.58, 8.587, 7.382, 7.013, 6.04, 4.811, 4.539, 4.483, 4.123, 4.159, 4.63, 4.519, 4.271, 4.088, 4.012, 3.726, 3.421, 3.409, 3.42, 2.966, 3.363, 2.992, 2.614, 1.799, 2.037, 1.959, 2.21, 2.016, 1.505, 0.882, 1.125, 1.286, 0.946, 0.0, 0.935, 1.733, 2.833, 1.984, 1.841, 5.464, 7.419, 7.425, 7.099, 7.398, 7.073, 6.427, 5.733, 5.73, 6.64, 6.965, 6.344, 5.369, 5.411, 5.748, 5.221, 4.344, 4.689, 5.829, 6.593, 6.977, 7.077, 7.107, 7.205, 6.89, 6.144, 4.714, 3.304, 3.033, 1.691, 1.336, 1.648, 2.194, 2.053, 2.941, 4.251, 3.938, 4.078, 3.853, 3.418, 2.973, 2.666, 2.766, 3.048, 2.858], [7.732, 7.948, 8.271, 8.423, 7.228, 6.853, 5.828, 4.502, 4.172, 4.17, 3.833, 3.869, 4.35, 4.23, 3.981, 3.755, 3.677, 3.404, 3.09, 3.033, 3.095, 2.673, 3.05, 2.662, 2.305, 1.763, 1.82, 1.797, 2.001, 1.939, 1.636, 0.985, 1.03, 1.299, 1.044, 0.935, 0.0, 1.942, 3.025, 2.099, 1.888, 5.687, 7.719, 7.735, 7.367, 7.631, 7.303, 6.648, 5.954, 5.971, 6.883, 7.255, 6.638, 5.675, 5.689, 6.048, 5.48, 4.554, 4.939, 6.138, 6.884, 7.258, 7.37, 7.417, 7.487, 7.154, 6.387, 4.964, 3.349, 2.849, 1.833, 1.328, 1.541, 1.995, 1.88, 2.746, 4.113, 3.751, 3.918, 3.623, 3.218, 3.004, 2.728, 2.801, 3.069, 2.838], [9.455, 9.87, 10.144, 10.078, 8.926, 8.539, 7.618, 6.374, 6.08, 5.988, 5.582, 5.619, 6.123, 5.992, 5.76, 5.571, 5.5, 5.182, 4.898, 4.871, 4.879, 4.415, 4.711, 4.202, 3.798, 2.458, 2.341, 2.452, 1.974, 1.585, 2.222, 2.035, 2.113, 2.727, 2.504, 1.733, 1.942, 0.0, 1.418, 1.197, 1.45, 3.933, 5.959, 5.974, 5.606, 5.875, 5.553, 4.894, 4.209, 4.207, 5.117, 5.506, 4.885, 3.917, 3.949, 4.28, 3.726, 2.839, 3.197, 4.375, 5.12, 5.518, 5.618, 5.654, 5.724, 5.403, 4.63, 3.403, 2.4, 2.271, 1.564, 1.811, 1.796, 1.994, 2.056, 4.375, 5.479, 5.049, 5.314, 5.143, 4.596, 3.695, 3.218, 3.295, 3.476, 3.464], [10.535, 10.963, 11.232, 11.094, 9.984, 9.614, 8.624, 7.456, 7.194, 7.141, 6.726, 6.779, 7.247, 7.146, 6.849, 6.611, 6.593, 6.267, 6.031, 6.025, 5.97, 5.436, 5.769, 5.182, 4.813, 3.312, 3.021, 3.298, 2.483, 1.881, 3.017, 3.023, 3.177, 3.78, 3.534, 2.833, 3.025, 1.418, 0.0, 1.322, 1.767, 2.923, 4.815, 4.831, 4.622, 4.84, 4.53, 3.831, 3.154, 3.114, 4.032, 4.412, 3.791, 2.784, 2.787, 3.208, 2.687, 1.835, 2.118, 3.234, 3.998, 4.496, 4.525, 4.57, 4.575, 4.309, 3.563, 2.444, 1.524, 1.668, 1.638, 2.723, 2.553, 2.406, 2.571, 5.403, 6.377, 5.919, 6.188, 6.154, 5.641, 4.45, 3.844, 3.838, 3.917, 3.879], [9.556, 9.984, 10.272, 10.117, 9.005, 8.678, 7.645, 6.492, 6.227, 6.23, 5.855, 5.894, 6.356, 6.245, 5.996, 5.769, 5.692, 5.418, 5.098, 5.092, 5.089, 4.48, 4.899, 4.317, 3.93, 2.331, 2.136, 2.459, 1.646, 1.201, 2.041, 2.121, 2.278, 2.903, 2.68, 1.984, 2.099, 1.197, 1.322, 0.0, 0.913, 3.727, 5.659, 5.675, 5.407, 5.628, 5.361, 4.619, 3.936, 3.895, 4.847, 5.24, 4.619, 3.649, 3.648, 4.127, 3.549, 2.59, 2.949, 4.079, 4.858, 5.335, 5.362, 5.411, 5.43, 5.133, 4.381, 2.985, 1.797, 1.827, 1.092, 1.743, 1.583, 1.627, 1.735, 4.424, 5.389, 4.887, 5.17, 5.174, 4.678, 3.502, 2.899, 2.949, 3.118, 3.066], [9.138, 9.566, 9.845, 9.731, 8.595, 8.267, 7.254, 6.076, 5.796, 5.808, 5.468, 5.506, 5.964, 5.853, 5.604, 5.377, 5.3, 5.021, 4.706, 4.668, 4.697, 4.089, 4.502, 3.955, 3.542, 1.955, 1.935, 2.191, 1.74, 1.448, 1.636, 1.795, 2.002, 2.577, 2.346, 1.841, 1.888, 1.45, 1.767, 0.913, 0.0, 4.129, 6.093, 6.169, 5.968, 6.142, 5.84, 5.093, 4.396, 4.449, 5.302, 5.672, 5.035, 4.086, 4.088, 4.521, 3.951, 2.969, 3.375, 4.537, 5.331, 5.733, 5.791, 5.9, 5.889, 5.57, 4.793, 3.449, 2.096, 1.924, 1.2, 1.481, 1.577, 1.604, 1.79, 4.005, 4.983, 4.465, 4.762, 4.755, 4.262, 3.114, 2.5, 2.522, 2.709, 2.656], [13.08, 13.513, 13.866, 13.705, 12.57, 12.308, 11.265, 10.082, 9.811, 9.836, 9.504, 9.542, 9.995, 9.883, 9.633, 9.398, 9.321, 9.052, 8.752, 8.684, 8.743, 8.11, 8.54, 7.961, 7.574, 5.9, 5.56, 5.959, 4.849, 4.084, 5.548, 5.71, 5.9, 6.534, 6.314, 5.464, 5.687, 3.933, 2.923, 3.727, 4.129, 0.0, 2.213, 2.214, 2.029, 2.155, 1.833, 1.577, 1.287, 1.289, 1.495, 1.739, 1.487, 1.132, 1.217, 1.301, 1.268, 1.878, 1.268, 1.319, 2.031, 2.115, 2.059, 2.198, 2.389, 2.065, 1.761, 1.7, 2.782, 3.317, 4.15, 5.279, 5.114, 4.874, 5.051, 7.947, 8.954, 8.367, 8.64, 8.722, 8.259, 7.078, 6.382, 6.386, 6.58, 6.323], [15.183, 15.616, 15.914, 15.724, 14.622, 14.337, 13.275, 12.134, 11.869, 11.889, 11.494, 11.544, 12.007, 11.883, 11.625, 11.38, 11.303, 11.028, 10.755, 10.751, 10.745, 10.095, 10.449, 9.879, 9.557, 7.86, 7.618, 7.948, 6.706, 5.93, 7.445, 7.624, 7.839, 8.465, 8.215, 7.419, 7.719, 5.959, 4.815, 5.659, 6.093, 2.213, 0.0, 0.548, 0.872, 0.98, 0.975, 1.56, 2.041, 2.004, 1.386, 1.066, 1.691, 2.255, 2.234, 1.985, 2.819, 3.545, 2.952, 1.808, 1.441, 1.218, 1.173, 1.105, 1.033, 1.098, 1.722, 3.085, 4.613, 5.161, 6.166, 7.344, 7.155, 6.914, 7.075, 10.03, 10.938, 10.404, 10.718, 10.773, 10.304, 8.983, 8.281, 8.344, 8.53, 8.298], [15.142, 15.576, 15.909, 15.703, 14.587, 14.353, 13.291, 12.116, 11.879, 11.905, 11.51, 11.56, 12.023, 11.899, 11.643, 11.415, 11.338, 11.064, 10.771, 10.767, 10.761, 10.104, 10.485, 9.916, 9.573, 7.891, 7.634, 7.964, 6.696, 5.952, 7.401, 7.663, 7.87, 8.486, 8.221, 7.425, 7.735, 5.974, 4.831, 5.675, 6.169, 2.214, 0.548, 0.0, 0.743, 0.894, 1.003, 1.516, 1.989, 1.96, 1.324, 1.076, 1.614, 2.231, 2.228, 2.037, 2.789, 3.598, 2.984, 1.814, 1.429, 1.136, 1.147, 1.076, 1.015, 1.128, 1.741, 2.993, 4.59, 5.171, 6.182, 7.331, 7.147, 6.893, 7.029, 9.984, 10.892, 10.358, 10.711, 10.781, 10.32, 8.999, 8.273, 8.356, 8.558, 8.33], [14.773, 15.208, 15.541, 15.335, 14.219, 13.985, 12.933, 11.748, 11.511, 11.537, 11.142, 11.192, 11.655, 11.531, 11.274, 11.025, 10.948, 10.677, 10.403, 10.399, 10.393, 9.736, 10.1, 9.532, 9.205, 7.514, 7.266, 7.596, 6.376, 5.614, 7.112, 7.305, 7.487, 8.118, 7.895, 7.099, 7.367, 5.606, 4.622, 5.407, 5.968, 2.029, 0.872, 0.743, 0.0, 0.701, 0.893, 1.501, 1.925, 1.848, 1.282, 1.188, 1.656, 2.161, 2.11, 1.97, 2.735, 3.563, 2.912, 1.896, 1.603, 1.308, 1.47, 1.239, 1.227, 1.429, 1.792, 2.938, 4.503, 5.062, 5.899, 6.981, 6.835, 6.551, 6.695, 9.616, 10.565, 10.034, 10.36, 10.413, 9.952, 8.636, 7.936, 7.972, 8.216, 7.995], [14.991, 15.43, 15.817, 15.634, 14.494, 14.259, 13.214, 12.032, 11.762, 11.787, 11.454, 11.492, 11.961, 11.85, 11.602, 11.374, 11.297, 11.023, 10.703, 10.635, 10.694, 10.06, 10.455, 9.894, 9.524, 7.85, 7.499, 7.895, 6.684, 5.982, 7.451, 7.675, 7.85, 8.474, 8.24, 7.398, 7.631, 5.875, 4.84, 5.628, 6.142, 2.155, 0.98, 0.894, 0.701, 0.0, 0.788, 1.371, 2.008, 2.016, 1.29, 1.092, 1.764, 2.4, 2.323, 2.182, 2.867, 3.73, 3.053, 2.073, 1.704, 1.308, 1.464, 1.331, 1.517, 1.462, 1.939, 2.961, 4.647, 5.145, 6.035, 7.174, 6.981, 6.723, 6.864, 9.793, 10.831, 10.244, 10.521, 10.627, 10.205, 8.953, 8.249, 8.322, 8.518, 8.274], [14.674, 15.112, 15.499, 15.317, 14.176, 13.941, 12.896, 11.714, 11.444, 11.469, 11.136, 11.172, 11.643, 11.532, 11.284, 11.056, 10.979, 10.705, 10.385, 10.317, 10.376, 9.743, 10.142, 9.56, 9.207, 7.533, 7.17, 7.561, 6.355, 5.653, 7.16, 7.354, 7.516, 8.149, 7.915, 7.073, 7.303, 5.553, 4.53, 5.361, 5.84, 1.833, 0.975, 1.003, 0.893, 0.788, 0.0, 1.168, 1.768, 1.797, 1.158, 0.908, 1.564, 2.092, 2.04, 1.902, 2.612, 3.452, 2.762, 1.982, 1.657, 1.402, 1.443, 1.441, 1.666, 1.341, 1.656, 2.731, 4.382, 4.884, 5.738, 6.857, 6.691, 6.421, 6.565, 9.484, 10.538, 9.95, 10.209, 10.309, 9.888, 8.642, 7.959, 8.009, 8.205, 7.972], [13.993, 14.431, 14.818, 14.636, 13.495, 13.261, 12.215, 11.034, 10.764, 10.794, 10.47, 10.509, 10.963, 10.852, 10.603, 10.376, 10.299, 10.025, 9.705, 9.637, 9.696, 9.07, 9.485, 8.911, 8.527, 6.865, 6.515, 6.912, 5.724, 5.012, 6.456, 6.707, 6.867, 7.503, 7.269, 6.427, 6.648, 4.894, 3.831, 4.619, 5.093, 1.577, 1.56, 1.516, 1.501, 1.371, 1.168, 0.0, 1.037, 1.148, 1.184, 1.196, 1.06, 1.412, 1.257, 1.281, 1.831, 2.524, 2.309, 1.956, 1.434, 1.418, 1.375, 1.468, 1.543, 1.123, 1.22, 1.86, 3.48, 4.041, 5.043, 6.175, 5.975, 5.727, 5.808, 8.789, 9.788, 9.2, 9.523, 9.629, 9.228, 7.989, 7.273, 7.337, 7.542, 7.28], [13.32, 13.758, 14.145, 13.963, 12.822, 12.587, 11.542, 10.36, 10.09, 10.115, 9.782, 9.818, 10.289, 10.179, 9.93, 9.703, 9.626, 9.351, 9.031, 8.963, 9.022, 8.389, 8.811, 8.222, 7.853, 6.179, 5.816, 6.216, 5.045, 4.341, 5.783, 6.019, 6.168, 6.809, 6.578, 5.733, 5.954, 4.209, 3.154, 3.936, 4.396, 1.287, 2.041, 1.989, 1.925, 2.008, 1.768, 1.037, 0.0, 0.523, 1.139, 1.441, 1.044, 1.141, 1.029, 0.964, 1.343, 1.8, 1.751, 1.555, 1.703, 2.003, 1.903, 1.957, 1.88, 1.495, 1.151, 1.422, 2.802, 3.301, 4.377, 5.503, 5.314, 5.089, 5.173, 8.132, 9.126, 8.534, 8.872, 8.956, 8.542, 7.311, 6.613, 6.665, 6.871, 6.612], [13.36, 13.793, 14.122, 13.919, 12.801, 12.566, 11.504, 10.33, 10.092, 10.121, 9.75, 9.788, 10.246, 10.135, 9.886, 9.659, 9.582, 9.308, 8.988, 8.981, 8.979, 8.35, 8.764, 8.191, 7.809, 6.144, 5.87, 6.208, 5.006, 4.302, 5.788, 5.994, 6.146, 6.783, 6.549, 5.73, 5.971, 4.207, 3.114, 3.895, 4.449, 1.289, 2.004, 1.96, 1.848, 2.016, 1.797, 1.148, 0.523, 0.0, 1.04, 1.434, 1.085, 1.248, 1.199, 1.034, 1.371, 1.864, 1.686, 1.453, 1.754, 2.109, 2.056, 2.005, 1.941, 1.595, 1.303, 1.628, 2.898, 3.489, 4.415, 5.544, 5.36, 5.112, 5.253, 8.208, 9.116, 8.582, 8.924, 8.994, 8.553, 7.265, 6.555, 6.622, 6.824, 6.569], [14.281, 14.714, 15.059, 14.877, 13.736, 13.501, 12.456, 11.274, 11.017, 11.043, 10.696, 10.734, 11.203, 11.092, 10.844, 10.616, 10.54, 10.265, 9.945, 9.905, 9.936, 9.303, 9.697, 9.136, 8.767, 7.093, 6.783, 7.137, 5.922, 5.239, 6.722, 6.933, 7.095, 7.716, 7.482, 6.64, 6.883, 5.117, 4.032, 4.847, 5.302, 1.495, 1.386, 1.324, 1.282, 1.29, 1.158, 1.184, 1.139, 1.04, 0.0, 0.763, 1.023, 1.562, 1.557, 1.406, 1.801, 2.601, 2.142, 1.628, 1.742, 1.861, 1.759, 1.814, 1.803, 1.456, 1.534, 2.257, 3.779, 4.259, 5.32, 6.469, 6.285, 6.031, 6.173, 9.129, 10.066, 9.502, 9.849, 9.919, 9.46, 8.196, 7.496, 7.579, 7.775, 7.532], [14.685, 15.118, 15.451, 15.277, 14.15, 13.893, 12.848, 11.671, 11.396, 11.421, 11.088, 11.124, 11.595, 11.485, 11.236, 11.009, 10.932, 10.658, 10.337, 10.283, 10.328, 9.695, 10.078, 9.51, 9.159, 7.485, 7.15, 7.51, 6.271, 5.584, 7.066, 7.278, 7.464, 8.08, 7.804, 6.965, 7.255, 5.506, 4.412, 5.24, 5.672, 1.739, 1.066, 1.076, 1.188, 1.092, 0.908, 1.196, 1.441, 1.434, 0.763, 0.0, 0.993, 1.791, 1.819, 1.51, 2.119, 2.952, 2.388, 1.655, 1.556, 1.638, 1.44, 1.483, 1.591, 1.26, 1.407, 2.53, 4.135, 4.607, 5.698, 6.847, 6.663, 6.416, 6.578, 9.533, 10.485, 9.907, 10.227, 10.297, 9.837, 8.58, 7.906, 7.973, 8.161, 7.918], [14.045, 14.479, 14.83, 14.648, 13.507, 13.272, 12.227, 11.045, 10.783, 10.809, 10.467, 10.503, 10.974, 10.864, 10.615, 10.388, 10.311, 10.037, 9.716, 9.671, 9.707, 9.074, 9.457, 8.889, 8.538, 6.864, 6.538, 6.889, 5.666, 4.972, 6.37, 6.65, 6.843, 7.459, 7.178, 6.344, 6.638, 4.885, 3.791, 4.619, 5.035, 1.487, 1.691, 1.614, 1.656, 1.764, 1.564, 1.06, 1.044, 1.085, 1.023, 0.993, 0.0, 1.175, 1.14, 1.043, 1.497, 2.157, 2.011, 1.708, 1.729, 1.881, 1.692, 1.78, 1.792, 1.343, 1.11, 1.865, 3.4, 3.884, 5.086, 6.234, 6.051, 5.796, 5.89, 8.875, 9.799, 9.235, 9.615, 9.685, 9.223, 7.959, 7.259, 7.342, 7.538, 7.295], [13.082, 13.516, 13.849, 13.643, 12.528, 12.293, 11.231, 10.057, 9.82, 9.846, 9.451, 9.501, 9.963, 9.84, 9.582, 9.325, 9.248, 8.985, 8.711, 8.708, 8.702, 8.045, 8.398, 7.84, 7.513, 5.817, 5.574, 5.905, 4.736, 3.946, 5.331, 5.623, 5.804, 6.422, 6.161, 5.369, 5.675, 3.917, 2.784, 3.649, 4.086, 1.132, 2.255, 2.231, 2.161, 2.4, 2.092, 1.412, 1.141, 1.248, 1.562, 1.791, 1.175, 0.0, 0.598, 0.99, 1.281, 1.604, 1.537, 1.396, 1.783, 2.054, 1.983, 2.092, 2.152, 1.911, 1.406, 1.324, 2.591, 3.115, 4.124, 5.271, 5.1, 4.833, 4.927, 7.912, 8.801, 8.272, 8.651, 8.722, 8.26, 6.946, 6.21, 6.293, 6.526, 6.298], [13.096, 13.53, 13.863, 13.657, 12.542, 12.307, 11.245, 10.071, 9.833, 9.859, 9.465, 9.515, 9.977, 9.854, 9.596, 9.353, 9.276, 9.002, 8.725, 8.722, 8.715, 8.059, 8.433, 7.854, 7.527, 5.83, 5.588, 5.918, 4.713, 3.971, 5.379, 5.63, 5.812, 6.439, 6.208, 5.411, 5.689, 3.949, 2.787, 3.648, 4.088, 1.217, 2.234, 2.228, 2.11, 2.323, 2.04, 1.257, 1.029, 1.199, 1.557, 1.819, 1.14, 0.598, 0.0, 0.84, 1.251, 1.625, 1.669, 1.701, 1.892, 2.145, 2.06, 2.08, 2.121, 1.766, 1.335, 1.261, 2.584, 3.063, 4.136, 5.285, 5.111, 4.855, 4.943, 7.926, 8.815, 8.285, 8.665, 8.735, 8.274, 6.957, 6.232, 6.315, 6.534, 6.306], [13.43, 13.864, 14.197, 13.991, 12.876, 12.642, 11.579, 10.405, 10.168, 10.194, 9.799, 9.849, 10.311, 10.188, 9.93, 9.662, 9.585, 9.333, 9.059, 9.056, 9.05, 8.407, 8.794, 8.293, 7.874, 6.196, 5.938, 6.266, 5.252, 4.467, 5.735, 5.959, 6.147, 6.77, 6.554, 5.748, 6.048, 4.28, 3.208, 4.127, 4.521, 1.301, 1.985, 2.037, 1.97, 2.182, 1.902, 1.281, 0.964, 1.034, 1.406, 1.51, 1.043, 0.99, 0.84, 0.0, 1.19, 1.818, 1.638, 1.574, 1.771, 2.209, 1.968, 1.978, 1.988, 1.657, 1.462, 1.713, 2.918, 3.397, 4.499, 5.631, 5.453, 5.335, 5.357, 8.26, 9.149, 8.64, 9.006, 9.079, 8.621, 7.348, 6.599, 6.643, 6.907, 6.683], [12.82, 13.254, 13.628, 13.445, 12.305, 12.07, 11.025, 9.846, 9.573, 9.598, 9.264, 9.301, 9.772, 9.661, 9.413, 9.185, 9.108, 8.834, 8.514, 8.446, 8.508, 7.883, 8.333, 7.783, 7.339, 5.679, 5.318, 5.72, 4.72, 3.975, 5.256, 5.498, 5.651, 6.301, 6.072, 5.221, 5.48, 3.726, 2.687, 3.549, 3.951, 1.268, 2.819, 2.789, 2.735, 2.867, 2.612, 1.831, 1.343, 1.371, 1.801, 2.119, 1.497, 1.281, 1.251, 1.19, 0.0, 1.254, 1.268, 1.801, 2.291, 2.602, 2.588, 2.649, 2.464, 2.194, 1.756, 1.504, 2.275, 2.751, 3.914, 5.033, 4.855, 4.709, 4.747, 7.65, 8.597, 8.022, 8.389, 8.46, 8.05, 6.84, 6.141, 6.191, 6.387, 6.155], [11.953, 12.387, 12.72, 12.537, 11.399, 11.164, 10.117, 8.935, 8.691, 8.717, 8.356, 8.393, 8.864, 8.753, 8.505, 8.277, 8.2, 7.926, 7.606, 7.579, 7.597, 6.964, 7.375, 6.787, 6.428, 4.753, 4.445, 4.779, 3.682, 2.983, 4.319, 4.57, 4.733, 5.371, 5.125, 4.344, 4.554, 2.839, 1.835, 2.59, 2.969, 1.878, 3.545, 3.598, 3.563, 3.73, 3.452, 2.524, 1.8, 1.864, 2.601, 2.952, 2.157, 1.604, 1.625, 1.818, 1.254, 0.0, 1.186, 2.141, 2.76, 3.261, 3.188, 3.365, 3.234, 2.855, 2.139, 1.562, 1.537, 2.052, 3.092, 4.142, 3.959, 3.731, 3.812, 6.783, 7.689, 7.143, 7.522, 7.593, 7.145, 5.874, 5.179, 5.239, 5.434, 5.222], [12.359, 12.788, 13.132, 12.985, 11.842, 11.574, 10.55, 9.347, 9.078, 9.102, 8.769, 8.805, 9.276, 9.166, 8.917, 8.69, 8.613, 8.339, 8.018, 7.956, 8.009, 7.376, 7.786, 7.193, 6.84, 5.166, 4.833, 5.191, 4.073, 3.354, 4.819, 4.974, 5.148, 5.776, 5.532, 4.689, 4.939, 3.197, 2.118, 2.949, 3.375, 1.268, 2.952, 2.984, 2.912, 3.053, 2.762, 2.309, 1.751, 1.686, 2.142, 2.388, 2.011, 1.537, 1.669, 1.638, 1.268, 1.186, 0.0, 1.452, 2.374, 2.745, 2.621, 2.769, 2.765, 2.521, 1.948, 1.705, 1.976, 2.539, 3.409, 4.556, 4.368, 4.098, 4.313, 7.227, 8.227, 7.645, 7.933, 8.015, 7.529, 6.339, 5.665, 5.686, 5.878, 5.655], [13.565, 13.999, 14.312, 14.107, 13.005, 12.753, 11.693, 10.519, 10.282, 10.306, 9.908, 9.958, 10.422, 10.301, 10.036, 9.773, 9.705, 9.439, 9.174, 9.17, 9.158, 8.507, 8.858, 8.289, 7.967, 6.276, 6.037, 6.365, 5.099, 4.295, 5.77, 6.031, 6.258, 6.884, 6.627, 5.829, 6.138, 4.375, 3.234, 4.079, 4.537, 1.319, 1.808, 1.814, 1.896, 2.073, 1.982, 1.956, 1.555, 1.453, 1.628, 1.655, 1.708, 1.396, 1.701, 1.574, 1.801, 2.141, 1.452, 0.0, 1.307, 1.709, 1.638, 1.688, 1.781, 1.714, 1.517, 1.856, 2.988, 3.682, 4.585, 5.734, 5.55, 5.296, 5.458, 8.413, 9.321, 8.787, 9.114, 9.184, 8.722, 7.402, 6.651, 6.712, 6.949, 6.718], [14.302, 14.736, 15.064, 14.86, 13.747, 13.498, 12.442, 11.273, 11.032, 11.051, 10.653, 10.7, 11.165, 11.045, 10.78, 10.524, 10.455, 10.184, 9.92, 9.916, 9.903, 9.257, 9.603, 9.034, 8.712, 7.021, 6.785, 7.11, 5.86, 5.057, 6.473, 6.791, 7.007, 7.639, 7.39, 6.593, 6.884, 5.12, 3.998, 4.858, 5.331, 2.031, 1.441, 1.429, 1.603, 1.704, 1.657, 1.434, 1.703, 1.754, 1.742, 1.556, 1.729, 1.783, 1.892, 1.771, 2.291, 2.76, 2.374, 1.307, 0.0, 1.009, 1.066, 1.0, 1.102, 1.106, 1.333, 2.282, 3.728, 4.345, 5.353, 6.487, 6.303, 6.05, 6.15, 9.135, 10.025, 9.495, 9.866, 9.934, 9.469, 8.148, 7.397, 7.474, 7.687, 7.45], [14.647, 15.083, 15.457, 15.276, 14.139, 13.905, 12.861, 11.673, 11.404, 11.422, 11.076, 11.115, 11.586, 11.476, 11.219, 10.982, 10.913, 10.637, 10.334, 10.275, 10.331, 9.699, 10.071, 9.485, 9.143, 7.516, 7.132, 7.507, 6.283, 5.545, 6.968, 7.248, 7.465, 8.076, 7.811, 6.977, 7.258, 5.518, 4.496, 5.335, 5.733, 2.115, 1.218, 1.136, 1.308, 1.308, 1.402, 1.418, 2.003, 2.109, 1.861, 1.638, 1.881, 2.054, 2.145, 2.209, 2.602, 3.261, 2.745, 1.709, 1.009, 0.0, 0.721, 0.857, 1.055, 1.05, 1.448, 2.622, 4.15, 4.8, 5.735, 6.862, 6.682, 6.406, 6.474, 9.453, 10.463, 9.87, 10.187, 10.282, 9.852, 8.585, 7.902, 7.974, 8.164, 7.92], [14.757, 15.195, 15.562, 15.377, 14.248, 14.005, 12.957, 11.776, 11.511, 11.536, 11.194, 11.232, 11.702, 11.59, 11.34, 11.105, 11.027, 10.758, 10.445, 10.387, 10.436, 9.799, 10.178, 9.608, 9.264, 7.586, 7.241, 7.621, 6.368, 5.639, 7.082, 7.345, 7.565, 8.182, 7.901, 7.077, 7.37, 5.618, 4.525, 5.362, 5.791, 2.059, 1.173, 1.147, 1.47, 1.464, 1.443, 1.375, 1.903, 2.056, 1.759, 1.44, 1.692, 1.983, 2.06, 1.968, 2.588, 3.188, 2.621, 1.638, 1.066, 0.721, 0.0, 0.695, 0.968, 0.936, 1.352, 2.625, 4.142, 4.716, 5.788, 6.929, 6.748, 6.482, 6.582, 9.556, 10.561, 9.975, 10.281, 10.382, 9.952, 8.685, 7.967, 8.034, 8.237, 7.996], [14.836, 15.27, 15.598, 15.399, 14.281, 14.032, 12.976, 11.807, 11.566, 11.585, 11.203, 11.24, 11.711, 11.604, 11.348, 11.107, 11.05, 10.769, 10.459, 10.45, 10.442, 9.82, 10.195, 9.613, 9.271, 7.603, 7.319, 7.644, 6.394, 5.673, 7.086, 7.385, 7.588, 8.2, 7.921, 7.107, 7.417, 5.654, 4.57, 5.411, 5.9, 2.198, 1.105, 1.076, 1.239, 1.331, 1.441, 1.468, 1.957, 2.005, 1.814, 1.483, 1.78, 2.092, 2.08, 1.978, 2.649, 3.365, 2.769, 1.688, 1.0, 0.857, 0.695, 0.0, 0.777, 1.072, 1.467, 2.677, 4.304, 4.89, 5.88, 7.023, 6.856, 6.599, 6.695, 9.669, 10.567, 10.038, 10.406, 10.468, 10.003, 8.7, 8.015, 8.089, 8.268, 8.025], [14.906, 15.34, 15.668, 15.464, 14.351, 14.102, 13.045, 11.877, 11.636, 11.654, 11.257, 11.307, 11.768, 11.648, 11.383, 11.155, 11.087, 10.805, 10.524, 10.52, 10.507, 9.861, 10.241, 9.653, 9.309, 7.64, 7.389, 7.714, 6.451, 5.695, 7.114, 7.395, 7.624, 8.239, 7.99, 7.205, 7.487, 5.724, 4.575, 5.43, 5.889, 2.389, 1.033, 1.015, 1.227, 1.517, 1.666, 1.543, 1.88, 1.941, 1.803, 1.591, 1.792, 2.152, 2.121, 1.988, 2.464, 3.234, 2.765, 1.781, 1.102, 1.055, 0.968, 0.777, 0.0, 0.941, 1.312, 2.65, 4.278, 4.797, 5.936, 7.091, 6.914, 6.654, 6.764, 9.739, 10.635, 10.106, 10.47, 10.538, 10.073, 8.752, 8.035, 8.104, 8.291, 8.044], [14.542, 14.98, 15.362, 15.182, 14.043, 13.79, 12.752, 11.579, 11.305, 11.321, 10.979, 11.017, 11.487, 11.375, 11.125, 10.89, 10.812, 10.543, 10.23, 10.172, 10.221, 9.604, 9.963, 9.396, 9.049, 7.371, 7.029, 7.406, 6.177, 5.451, 6.863, 7.172, 7.363, 7.967, 7.725, 6.89, 7.154, 5.403, 4.309, 5.133, 5.57, 2.065, 1.098, 1.128, 1.429, 1.462, 1.341, 1.123, 1.495, 1.595, 1.456, 1.26, 1.343, 1.911, 1.766, 1.657, 2.194, 2.855, 2.521, 1.714, 1.106, 1.05, 0.936, 1.072, 0.941, 0.0, 0.92, 2.284, 3.885, 4.428, 5.575, 6.721, 6.548, 6.284, 6.388, 9.369, 10.342, 9.754, 10.1, 10.171,