[[0.0, 0.813, 0.899, 1.338, 1.58, 1.792, 1.283, 1.75, 2.903, 3.343, 3.868, 4.568, 4.244, 3.349, 2.767, 2.89, 2.927, 3.079, 3.502, 4.233, 5.234, 5.599, 5.091, 5.065, 5.745, 7.904, 10.21, 10.915, 10.762, 11.095, 12.263, 12.578, 12.327, 11.01, 9.803, 10.249, 10.944, 10.713, 10.523, 9.916, 9.401, 9.905, 10.828, 11.275, 10.896, 9.953, 10.765, 12.091, 12.686, 12.287, 11.68, 11.571, 11.583, 11.877, 11.549, 11.254, 11.091, 11.295, 10.676, 9.428, 8.017, 7.907, 7.807, 7.719, 8.336, 8.167, 7.52, 7.614, 7.314, 7.254, 7.766, 7.869, 8.384, 9.108, 9.715, 9.736, 9.771, 9.555, 9.181, 8.976, 9.311, 8.847, 8.192, 8.456, 8.951, 9.194], [0.813, 0.0, 0.785, 1.263, 1.428, 1.654, 1.445, 1.915, 3.004, 3.349, 3.895, 4.561, 4.252, 3.317, 2.797, 2.945, 2.895, 3.133, 3.416, 4.34, 5.318, 5.653, 5.142, 5.119, 5.775, 7.925, 10.289, 10.998, 10.912, 11.363, 12.306, 12.635, 12.423, 11.153, 9.888, 10.295, 10.891, 10.758, 10.548, 9.946, 9.441, 10.0, 10.877, 11.259, 10.845, 9.964, 10.851, 12.102, 12.729, 12.365, 11.66, 11.607, 11.624, 11.931, 11.571, 11.244, 11.098, 11.336, 10.732, 9.484, 8.198, 8.06, 7.934, 7.864, 8.447, 8.42, 7.73, 7.832, 7.517, 7.448, 7.843, 7.846, 8.38, 9.041, 9.712, 9.761, 9.788, 9.684, 9.252, 8.959, 9.281, 8.911, 8.346, 8.536, 8.994, 9.231], [0.899, 0.785, 0.0, 0.918, 1.242, 1.35, 1.268, 1.963, 3.126, 3.629, 4.185, 4.851, 4.505, 3.569, 3.033, 3.18, 3.201, 3.384, 3.768, 4.555, 5.522, 5.875, 5.42, 5.457, 6.099, 8.244, 10.583, 11.269, 10.985, 11.324, 12.628, 12.956, 12.701, 11.254, 10.195, 10.631, 11.182, 11.076, 10.882, 10.244, 9.738, 10.304, 11.212, 11.56, 11.156, 10.295, 11.155, 12.41, 13.065, 12.67, 11.995, 11.934, 11.959, 12.266, 11.906, 11.554, 11.41, 11.664, 11.068, 9.82, 8.408, 8.271, 8.084, 8.087, 8.674, 8.5, 7.758, 7.811, 7.552, 7.557, 8.133, 8.161, 8.709, 9.338, 9.911, 9.938, 9.984, 9.846, 9.356, 9.195, 9.559, 9.074, 8.454, 8.759, 9.292, 9.505], [1.338, 1.263, 0.918, 0.0, 1.165, 1.224, 1.343, 2.096, 3.063, 3.543, 4.052, 4.74, 4.366, 3.455, 2.957, 3.074, 3.184, 3.447, 3.82, 4.468, 5.401, 5.779, 5.37, 5.435, 6.079, 8.142, 10.459, 11.149, 10.852, 11.128, 12.533, 12.844, 12.588, 11.12, 10.082, 10.524, 11.106, 10.982, 10.781, 10.106, 9.648, 10.16, 11.099, 11.462, 11.049, 10.19, 11.018, 12.343, 12.952, 12.558, 11.936, 11.838, 11.846, 12.153, 11.793, 11.441, 11.297, 11.551, 10.955, 9.707, 8.295, 8.163, 7.97, 7.974, 8.491, 8.341, 7.584, 7.557, 7.391, 7.45, 8.026, 8.108, 8.639, 9.263, 9.838, 9.816, 9.852, 9.669, 9.281, 9.138, 9.444, 8.961, 8.294, 8.638, 9.175, 9.38], [1.58, 1.428, 1.242, 1.165, 0.0, 0.941, 1.207, 1.752, 2.789, 3.341, 3.754, 4.284, 3.852, 2.883, 2.541, 2.697, 2.793, 3.057, 3.443, 4.18, 5.057, 5.323, 5.09, 5.187, 5.832, 7.827, 10.096, 10.763, 10.459, 10.725, 12.144, 12.478, 12.225, 10.636, 9.715, 10.123, 10.645, 10.594, 10.407, 9.738, 9.229, 9.798, 10.737, 11.073, 10.639, 9.82, 10.64, 11.836, 12.59, 12.194, 11.46, 11.456, 11.484, 11.791, 11.431, 11.079, 10.935, 11.189, 10.593, 9.344, 7.933, 7.774, 7.554, 7.577, 8.101, 7.954, 7.159, 7.031, 6.905, 7.036, 7.622, 7.617, 8.174, 8.725, 9.115, 9.119, 9.317, 9.207, 8.601, 8.636, 8.969, 8.466, 7.682, 8.197, 8.769, 8.963], [1.792, 1.654, 1.35, 1.224, 0.941, 0.0, 1.164, 2.111, 3.389, 3.923, 4.399, 4.913, 4.533, 3.552, 3.1, 3.306, 3.389, 3.603, 4.044, 4.781, 5.672, 5.927, 5.674, 5.78, 6.429, 8.463, 10.76, 11.437, 11.099, 11.354, 12.773, 13.106, 12.854, 11.264, 10.364, 10.761, 11.274, 11.219, 11.03, 10.386, 9.907, 10.481, 11.366, 11.702, 11.268, 10.449, 11.332, 12.542, 13.219, 12.846, 12.1, 12.085, 12.113, 12.42, 12.06, 11.708, 11.564, 11.818, 11.222, 9.973, 8.562, 8.412, 8.182, 8.214, 8.793, 8.63, 7.776, 7.64, 7.508, 7.65, 8.267, 8.249, 8.839, 9.391, 9.746, 9.84, 10.011, 9.898, 9.299, 9.29, 9.597, 9.094, 8.331, 8.826, 9.395, 9.59], [1.283, 1.445, 1.268, 1.343, 1.207, 1.164, 0.0, 1.655, 2.897, 3.415, 3.947, 4.525, 4.204, 3.356, 2.8, 3.016, 3.172, 3.401, 3.833, 4.471, 5.359, 5.629, 5.374, 5.475, 6.124, 8.155, 10.379, 11.068, 10.725, 10.982, 12.382, 12.717, 12.463, 10.876, 9.988, 10.4, 10.958, 10.841, 10.645, 10.02, 9.579, 10.1, 10.975, 11.335, 10.915, 10.096, 10.951, 12.249, 12.837, 12.466, 11.797, 11.694, 11.722, 12.029, 11.669, 11.32, 11.173, 11.427, 10.831, 9.582, 8.171, 8.032, 7.815, 7.83, 8.414, 8.267, 7.485, 7.392, 7.173, 7.309, 7.908, 7.949, 8.511, 9.083, 9.516, 9.592, 9.701, 9.552, 9.027, 8.963, 9.256, 8.776, 8.021, 8.474, 9.036, 9.24], [1.75, 1.915, 1.963, 2.096, 1.752, 2.111, 1.655, 0.0, 1.494, 2.119, 2.575, 3.185, 2.993, 2.265, 1.647, 1.821, 2.213, 2.37, 2.771, 3.336, 4.163, 4.512, 4.233, 4.323, 4.962, 6.996, 9.057, 9.717, 9.342, 9.916, 11.03, 11.332, 11.062, 9.573, 8.639, 8.997, 9.577, 9.479, 9.283, 8.694, 8.254, 8.751, 9.566, 9.934, 9.518, 8.761, 9.612, 10.931, 11.489, 11.118, 10.418, 10.307, 10.305, 10.612, 10.28, 9.917, 9.756, 10.01, 9.414, 8.228, 6.933, 6.685, 6.428, 6.508, 7.112, 7.05, 6.316, 6.308, 6.075, 6.264, 6.626, 6.664, 7.172, 7.786, 8.286, 8.369, 8.449, 8.222, 7.786, 7.706, 7.893, 7.476, 6.87, 7.098, 7.686, 7.863], [2.903, 3.004, 3.126, 3.063, 2.789, 3.389, 2.897, 1.494, 0.0, 0.795, 1.256, 2.042, 1.883, 1.375, 1.251, 1.341, 1.499, 1.398, 1.681, 2.084, 2.92, 3.248, 2.981, 3.113, 3.689, 5.67, 7.693, 8.425, 8.099, 8.91, 9.839, 10.082, 9.878, 8.462, 7.347, 7.609, 8.243, 8.167, 7.922, 7.414, 6.955, 7.372, 8.189, 8.559, 8.163, 7.429, 8.292, 9.623, 10.16, 9.747, 9.11, 8.935, 8.892, 9.214, 8.941, 8.586, 8.353, 8.592, 8.017, 6.849, 5.691, 5.422, 5.15, 5.393, 5.993, 5.88, 5.343, 5.429, 5.345, 5.423, 5.682, 5.624, 5.984, 6.553, 7.165, 7.273, 7.193, 7.059, 6.717, 6.573, 6.726, 6.413, 5.86, 5.882, 6.344, 6.577], [3.343, 3.349, 3.629, 3.543, 3.341, 3.923, 3.415, 2.119, 0.795, 0.0, 0.794, 1.71, 1.537, 1.41, 1.537, 1.557, 1.388, 1.335, 1.232, 1.594, 2.504, 2.77, 2.382, 2.614, 3.068, 5.065, 7.124, 7.858, 7.787, 8.625, 9.332, 9.595, 9.521, 8.282, 6.845, 7.066, 7.742, 7.609, 7.376, 6.845, 6.368, 6.845, 7.66, 8.037, 7.623, 6.842, 7.721, 9.028, 9.576, 9.228, 8.516, 8.361, 8.365, 8.686, 8.394, 8.053, 7.843, 8.052, 7.49, 6.321, 5.246, 5.0, 4.807, 5.048, 5.657, 5.572, 5.217, 5.259, 5.278, 5.146, 5.295, 5.237, 5.557, 6.08, 6.794, 6.866, 6.733, 6.647, 6.423, 6.122, 6.284, 6.058, 5.524, 5.457, 5.83, 6.071], [3.868, 3.895, 4.185, 4.052, 3.754, 4.399, 3.947, 2.575, 1.256, 0.794, 0.0, 1.14, 1.195, 1.52, 1.794, 1.677, 1.509, 1.55, 1.16, 1.253, 2.019, 2.317, 1.957, 2.023, 2.701, 4.572, 6.606, 7.377, 7.328, 8.13, 8.836, 9.017, 8.87, 7.712, 6.441, 6.591, 7.351, 7.205, 6.939, 6.402, 5.942, 6.32, 7.134, 7.645, 7.247, 6.416, 7.299, 8.644, 9.147, 8.748, 8.131, 7.917, 7.84, 8.163, 7.949, 7.616, 7.326, 7.505, 6.965, 5.797, 4.734, 4.524, 4.404, 4.585, 5.065, 5.006, 4.627, 4.867, 4.997, 4.819, 4.805, 4.85, 5.045, 5.669, 6.363, 6.439, 6.361, 6.241, 6.0, 5.713, 5.846, 5.605, 5.085, 5.074, 5.413, 5.6], [4.568, 4.561, 4.851, 4.74, 4.284, 4.913, 4.525, 3.185, 2.042, 1.71, 1.14, 0.0, 0.797, 1.588, 2.015, 1.898, 1.859, 1.896, 1.587, 1.265, 1.535, 1.765, 1.524, 1.681, 2.376, 4.16, 6.089, 6.803, 6.729, 7.374, 8.162, 8.43, 8.269, 6.899, 5.755, 5.945, 6.534, 6.528, 6.298, 5.672, 5.242, 5.714, 6.54, 6.902, 6.497, 5.766, 6.597, 7.935, 8.459, 8.06, 7.405, 7.204, 7.249, 7.556, 7.25, 6.921, 6.701, 6.956, 6.342, 5.212, 4.14, 3.89, 3.705, 3.881, 4.411, 4.372, 3.884, 4.056, 4.036, 4.0, 3.947, 3.932, 4.328, 4.902, 5.544, 5.615, 5.569, 5.538, 5.191, 4.976, 5.033, 4.837, 4.271, 4.371, 4.743, 4.896], [4.244, 4.252, 4.505, 4.366, 3.852, 4.533, 4.204, 2.993, 1.883, 1.537, 1.195, 0.797, 0.0, 1.214, 1.741, 1.756, 1.587, 1.661, 1.444, 1.391, 1.95, 2.172, 1.963, 2.196, 2.668, 4.484, 6.391, 7.014, 7.127, 7.755, 8.626, 8.85, 8.801, 7.337, 5.997, 6.409, 6.892, 6.853, 6.611, 5.939, 5.448, 6.057, 6.984, 7.361, 6.939, 6.081, 6.877, 8.164, 8.815, 8.397, 7.728, 7.675, 7.719, 8.024, 7.667, 7.331, 7.189, 7.443, 6.809, 5.577, 4.528, 4.355, 4.11, 4.181, 4.722, 4.695, 4.236, 4.336, 4.212, 4.134, 4.175, 4.036, 4.548, 5.172, 5.744, 5.762, 5.696, 5.725, 5.362, 5.205, 5.407, 5.131, 4.434, 4.669, 5.074, 5.294], [3.349, 3.317, 3.569, 3.455, 2.883, 3.552, 3.356, 2.265, 1.375, 1.41, 1.52, 1.588, 1.214, 0.0, 0.913, 0.902, 0.965, 1.065, 1.316, 1.815, 2.589, 2.885, 2.582, 2.734, 3.334, 5.175, 7.312, 7.981, 8.083, 8.655, 9.503, 9.769, 9.687, 8.258, 6.929, 7.397, 7.815, 7.86, 7.65, 6.908, 6.386, 6.987, 7.935, 8.295, 7.889, 7.039, 7.834, 9.047, 9.774, 9.364, 8.629, 8.64, 8.688, 8.983, 8.625, 8.304, 8.162, 8.407, 7.767, 6.558, 5.461, 5.302, 5.082, 5.096, 5.634, 5.625, 5.12, 5.2, 4.97, 4.957, 5.054, 4.859, 5.479, 6.054, 6.603, 6.594, 6.678, 6.68, 6.214, 6.1, 6.331, 6.012, 5.318, 5.62, 6.09, 6.26], [2.767, 2.797, 3.033, 2.957, 2.541, 3.1, 2.8, 1.647, 1.251, 1.537, 1.794, 2.015, 1.741, 0.913, 0.0, 0.68, 1.164, 1.278, 1.626, 2.091, 2.772, 3.078, 2.844, 2.977, 3.568, 5.51, 7.736, 8.436, 8.28, 8.882, 9.77, 10.056, 9.931, 8.472, 7.312, 7.736, 8.306, 8.19, 7.966, 7.358, 6.925, 7.43, 8.296, 8.697, 8.291, 7.459, 8.312, 9.633, 10.166, 9.792, 9.154, 9.015, 9.039, 9.344, 9.003, 8.671, 8.51, 8.763, 8.134, 6.899, 5.706, 5.533, 5.332, 5.353, 5.958, 5.925, 5.372, 5.44, 5.208, 5.273, 5.474, 5.412, 5.907, 6.492, 7.054, 7.117, 7.139, 7.016, 6.656, 6.498, 6.657, 6.284, 5.699, 5.856, 6.407, 6.602], [2.89, 2.945, 3.18, 3.074, 2.697, 3.306, 3.016, 1.821, 1.341, 1.557, 1.677, 1.898, 1.756, 0.902, 0.68, 0.0, 1.035, 1.166, 1.419, 1.771, 2.552, 2.887, 2.597, 2.7, 3.308, 5.33, 7.614, 8.322, 8.122, 8.664, 9.582, 9.877, 9.668, 8.34, 7.173, 7.553, 8.131, 8.038, 7.834, 7.237, 6.807, 7.309, 8.133, 8.536, 8.149, 7.347, 8.193, 9.522, 10.054, 9.665, 8.987, 8.858, 8.875, 9.181, 8.855, 8.518, 8.346, 8.6, 7.965, 6.778, 5.534, 5.33, 5.136, 5.132, 5.712, 5.717, 5.131, 5.201, 5.031, 5.038, 5.261, 5.273, 5.774, 6.347, 6.96, 7.019, 7.05, 6.926, 6.535, 6.331, 6.502, 6.181, 5.588, 5.698, 6.278, 6.428], [2.927, 2.895, 3.201, 3.184, 2.793, 3.389, 3.172, 2.213, 1.499, 1.388, 1.509, 1.859, 1.587, 0.965, 1.164, 1.035, 0.0, 0.699, 0.891, 1.679, 2.594, 2.908, 2.52, 2.537, 3.159, 5.276, 7.643, 8.365, 8.232, 8.663, 9.613, 9.931, 9.735, 8.405, 7.194, 7.591, 8.17, 8.068, 7.842, 7.231, 6.78, 7.338, 8.212, 8.626, 8.197, 7.317, 8.19, 9.435, 10.051, 9.675, 8.95, 8.928, 8.955, 9.261, 8.92, 8.612, 8.472, 8.679, 8.045, 6.807, 5.438, 5.307, 5.226, 5.155, 5.745, 5.687, 5.071, 5.149, 4.882, 4.861, 5.185, 5.155, 5.703, 6.332, 6.958, 7.026, 7.078, 6.998, 6.501, 6.242, 6.579, 6.188, 5.586, 5.841, 6.308, 6.526], [3.079, 3.133, 3.384, 3.447, 3.057, 3.603, 3.401, 2.37, 1.398, 1.335, 1.55, 1.896, 1.661, 1.065, 1.278, 1.166, 0.699, 0.0, 0.817, 1.546, 2.481, 2.818, 2.377, 2.369, 2.972, 5.219, 7.573, 8.297, 8.056, 8.698, 9.577, 9.85, 9.717, 8.303, 7.112, 7.491, 8.044, 7.945, 7.767, 7.198, 6.712, 7.267, 8.123, 8.501, 8.104, 7.246, 8.121, 9.35, 9.976, 9.605, 8.859, 8.823, 8.866, 9.172, 8.82, 8.526, 8.36, 8.59, 7.956, 6.736, 5.421, 5.2, 5.058, 5.085, 5.74, 5.614, 5.161, 5.239, 5.064, 5.01, 5.322, 5.195, 5.656, 6.22, 6.799, 6.91, 6.974, 6.889, 6.375, 6.199, 6.483, 6.077, 5.567, 5.682, 6.177, 6.407], [3.502, 3.416, 3.768, 3.82, 3.443, 4.044, 3.833, 2.771, 1.681, 1.232, 1.16, 1.587, 1.444, 1.316, 1.626, 1.419, 0.891, 0.817, 0.0, 1.114, 2.04, 2.382, 1.983, 1.97, 2.577, 4.697, 7.058, 7.782, 7.677, 8.25, 9.006, 9.331, 9.251, 7.954, 6.667, 6.975, 7.555, 7.473, 7.265, 6.68, 6.196, 6.752, 7.601, 8.013, 7.604, 6.732, 7.606, 8.849, 9.461, 9.09, 8.337, 8.319, 8.343, 8.649, 8.294, 7.997, 7.849, 8.069, 7.433, 6.221, 4.926, 4.766, 4.66, 4.664, 5.306, 5.226, 4.81, 4.83, 4.871, 4.676, 4.891, 4.812, 5.213, 5.765, 6.466, 6.521, 6.563, 6.469, 6.005, 5.717, 6.005, 5.697, 5.137, 5.304, 5.719, 5.933], [4.233, 4.34, 4.555, 4.468, 4.18, 4.781, 4.471, 3.336, 2.084, 1.594, 1.253, 1.265, 1.391, 1.815, 2.091, 1.771, 1.679, 1.546, 1.114, 0.0, 1.217, 1.598, 1.312, 1.448, 1.96, 3.886, 6.23, 7.022, 6.766, 7.603, 8.426, 8.648, 8.558, 7.328, 6.137, 6.242, 6.934, 6.795, 6.571, 6.053, 5.551, 5.924, 6.756, 7.214, 6.873, 6.047, 6.93, 8.273, 8.767, 8.422, 7.748, 7.564, 7.505, 7.825, 7.537, 7.18, 6.962, 7.206, 6.566, 5.394, 4.212, 4.023, 3.876, 4.085, 4.675, 4.451, 4.158, 4.407, 4.589, 4.435, 4.514, 4.643, 4.791, 5.207, 5.913, 5.997, 5.914, 5.706, 5.492, 5.212, 5.394, 5.062, 4.62, 4.641, 4.947, 5.217], [5.234, 5.318, 5.522, 5.401, 5.057, 5.672, 5.359, 4.163, 2.92, 2.504, 2.019, 1.535, 1.95, 2.589, 2.772, 2.552, 2.594, 2.481, 2.04, 1.217, 0.0, 0.742, 0.864, 1.115, 1.277, 2.992, 5.319, 6.108, 5.983, 6.721, 7.541, 7.83, 7.884, 6.557, 5.525, 5.481, 6.046, 5.88, 5.656, 5.143, 4.639, 5.055, 5.837, 6.291, 5.887, 5.127, 6.009, 7.353, 7.846, 7.423, 6.82, 6.624, 6.538, 6.865, 6.623, 6.283, 6.031, 6.266, 5.644, 4.482, 3.346, 3.294, 3.19, 3.471, 3.86, 3.818, 3.59, 3.806, 4.053, 3.977, 3.96, 4.062, 4.136, 4.455, 4.908, 4.979, 4.885, 4.669, 4.549, 4.412, 4.469, 4.177, 3.908, 3.947, 4.136, 4.299], [5.599, 5.653, 5.875, 5.779, 5.323, 5.927, 5.629, 4.512, 3.248, 2.77, 2.317, 1.765, 2.172, 2.885, 3.078, 2.887, 2.908, 2.818, 2.382, 1.598, 0.742, 0.0, 0.769, 1.167, 1.054, 2.772, 5.12, 5.902, 5.811, 6.523, 7.355, 7.64, 7.681, 6.331, 5.417, 5.24, 5.709, 5.657, 5.369, 4.877, 4.378, 4.834, 5.639, 6.031, 5.651, 4.88, 5.757, 7.101, 7.594, 7.174, 6.566, 6.335, 6.338, 6.658, 6.382, 6.043, 5.79, 6.015, 5.445, 4.284, 3.234, 3.123, 3.12, 3.397, 3.69, 3.73, 3.619, 3.755, 3.879, 3.872, 3.875, 3.927, 4.024, 4.336, 4.597, 4.673, 4.592, 4.497, 4.26, 4.243, 4.214, 3.977, 3.719, 3.822, 3.894, 4.024], [5.091, 5.142, 5.42, 5.37, 5.09, 5.674, 5.374, 4.233, 2.981, 2.382, 1.957, 1.524, 1.963, 2.582, 2.844, 2.597, 2.52, 2.377, 1.983, 1.312, 0.864, 0.769, 0.0, 0.748, 1.086, 3.015, 5.342, 6.092, 5.972, 6.751, 7.498, 7.765, 7.806, 6.612, 5.553, 5.38, 5.995, 5.893, 5.626, 5.113, 4.616, 5.072, 5.873, 6.269, 5.874, 5.065, 5.977, 7.307, 7.807, 7.459, 6.794, 6.597, 6.578, 6.907, 6.599, 6.258, 6.046, 6.269, 5.703, 4.535, 3.406, 3.227, 3.28, 3.512, 3.847, 3.834, 3.758, 4.07, 4.205, 4.02, 3.955, 4.054, 4.157, 4.513, 4.986, 5.033, 4.958, 4.806, 4.605, 4.427, 4.453, 4.233, 4.072, 3.986, 4.102, 4.276], [5.065, 5.119, 5.457, 5.435, 5.187, 5.78, 5.475, 4.323, 3.113, 2.614, 2.023, 1.681, 2.196, 2.734, 2.977, 2.7, 2.537, 2.369, 1.97, 1.448, 1.115, 1.167, 0.748, 0.0, 1.148, 3.06, 5.448, 6.331, 6.313, 7.062, 7.735, 7.86, 7.893, 6.83, 5.678, 5.558, 6.395, 6.223, 5.97, 5.44, 4.877, 5.165, 6.015, 6.672, 6.308, 5.325, 6.222, 7.567, 8.087, 7.726, 7.054, 6.939, 6.793, 7.121, 6.876, 6.579, 6.363, 6.441, 5.833, 4.663, 3.619, 3.468, 3.672, 3.624, 4.011, 3.924, 3.926, 4.195, 4.469, 4.231, 3.993, 4.125, 4.225, 4.822, 5.373, 5.435, 5.425, 5.207, 4.965, 4.734, 4.83, 4.582, 4.307, 4.306, 4.432, 4.65], [5.745, 5.775, 6.099, 6.079, 5.832, 6.429, 6.124, 4.962, 3.689, 3.068, 2.701, 2.376, 2.668, 3.334, 3.568, 3.308, 3.159, 2.972, 2.577, 1.96, 1.277, 1.054, 1.086, 1.148, 0.0, 2.443, 4.848, 5.594, 5.742, 6.598, 7.285, 7.522, 7.651, 6.526, 5.184, 5.126, 5.687, 5.466, 5.241, 4.762, 4.196, 4.596, 5.408, 5.953, 5.584, 4.644, 5.529, 6.865, 7.381, 7.061, 6.352, 6.223, 6.134, 6.462, 6.18, 5.814, 5.644, 5.826, 5.217, 4.067, 3.328, 3.299, 3.376, 3.28, 3.724, 3.597, 3.696, 4.073, 4.064, 3.758, 3.614, 3.706, 3.811, 4.286, 4.819, 4.882, 4.662, 4.539, 4.46, 4.215, 4.306, 4.072, 3.859, 3.695, 3.709, 4.043], [7.904, 7.925, 8.244, 8.142, 7.827, 8.463, 8.155, 6.996, 5.67, 5.065, 4.572, 4.16, 4.484, 5.175, 5.51, 5.33, 5.276, 5.219, 4.697, 3.886, 2.992, 2.772, 3.015, 3.06, 2.443, 0.0, 2.452, 3.343, 4.39, 5.1, 5.691, 5.945, 6.313, 5.298, 3.999, 3.913, 4.268, 4.002, 3.645, 3.273, 2.781, 2.73, 3.37, 4.076, 3.742, 2.633, 3.241, 4.585, 5.114, 4.741, 4.135, 4.126, 3.997, 4.235, 3.99, 3.748, 3.607, 3.631, 2.925, 2.369, 3.337, 3.599, 3.922, 3.676, 3.307, 3.308, 4.274, 4.874, 4.7, 3.958, 3.271, 3.26, 3.179, 3.527, 3.784, 3.397, 3.059, 3.104, 3.484, 3.473, 3.213, 3.119, 3.361, 2.878, 2.384, 2.727], [10.21, 10.289, 10.583, 10.459, 10.096, 10.76, 10.379, 9.057, 7.693, 7.124, 6.606, 6.089, 6.391, 7.312, 7.736, 7.614, 7.643, 7.573, 7.058, 6.23, 5.319, 5.12, 5.342, 5.448, 4.848, 2.452, 0.0, 1.342, 2.958, 3.976, 4.281, 4.588, 4.868, 4.125, 3.069, 3.346, 3.401, 3.331, 2.853, 2.921, 2.916, 1.597, 1.546, 2.209, 1.889, 1.146, 1.398, 2.178, 2.788, 2.453, 2.373, 2.402, 2.134, 1.988, 1.897, 1.996, 1.908, 1.935, 2.155, 2.973, 4.287, 4.485, 4.804, 4.7, 4.31, 4.483, 5.424, 5.927, 5.782, 5.11, 4.163, 4.054, 3.995, 3.89, 3.876, 3.591, 3.38, 3.208, 3.717, 3.799, 3.246, 3.429, 4.099, 3.544, 2.968, 2.952], [10.915, 10.998, 11.269, 11.149, 10.763, 11.437, 11.068, 9.717, 8.425, 7.858, 7.377, 6.803, 7.014, 7.981, 8.436, 8.322, 8.365, 8.297, 7.782, 7.022, 6.108, 5.902, 6.092, 6.331, 5.594, 3.343, 1.342, 0.0, 2.168, 3.094, 3.288, 3.791, 4.019, 3.195, 2.455, 2.839, 2.712, 2.681, 2.273, 2.453, 2.478, 1.559, 1.206, 1.491, 1.252, 1.395, 1.01, 1.5, 2.068, 1.834, 1.716, 1.637, 1.358, 1.467, 1.628, 1.695, 1.573, 1.805, 2.082, 2.93, 4.13, 4.268, 4.487, 4.503, 4.144, 4.416, 5.343, 5.753, 5.626, 4.965, 4.057, 3.957, 3.647, 3.566, 3.36, 3.205, 2.926, 2.769, 3.371, 3.434, 3.055, 3.455, 4.155, 3.651, 3.058, 3.037], [10.762, 10.912, 10.985, 10.852, 10.459, 11.099, 10.725, 9.342, 8.099, 7.787, 7.328, 6.729, 7.127, 8.083, 8.28, 8.122, 8.232, 8.056, 7.677, 6.766, 5.983, 5.811, 5.972, 6.313, 5.742, 4.39, 2.958, 2.168, 0.0, 1.383, 2.099, 2.433, 2.396, 1.321, 1.67, 1.754, 1.528, 1.666, 1.658, 2.31, 2.713, 2.065, 1.729, 1.804, 1.951, 2.458, 2.319, 2.52, 2.61, 2.2, 2.052, 1.66, 1.489, 1.876, 2.165, 2.059, 1.724, 2.232, 2.69, 3.332, 3.804, 3.521, 3.546, 3.729, 3.371, 3.579, 4.363, 4.566, 4.6, 4.366, 3.922, 4.0, 3.393, 2.765, 2.434, 2.637, 2.641, 2.391, 2.73, 2.743, 2.573, 2.926, 3.709, 3.286, 2.986, 2.768], [11.095, 11.363, 11.324, 11.128, 10.725, 11.354, 10.982, 9.916, 8.91, 8.625, 8.13, 7.374, 7.755, 8.655, 8.882, 8.664, 8.663, 8.698, 8.25, 7.603, 6.721, 6.523, 6.751, 7.062, 6.598, 5.1, 3.976, 3.094, 1.383, 0.0, 1.582, 1.985, 2.0, 1.226, 2.313, 2.216, 1.908, 2.043, 2.274, 2.851, 3.287, 2.897, 2.673, 2.645, 2.855, 3.352, 3.041, 3.11, 2.749, 2.623, 2.648, 2.324, 2.278, 2.464, 2.921, 2.857, 2.552, 3.013, 3.32, 3.927, 4.156, 4.112, 4.271, 4.205, 3.823, 4.035, 4.736, 4.732, 4.789, 4.526, 4.322, 4.444, 3.933, 3.376, 2.88, 2.88, 3.012, 2.889, 3.158, 3.223, 3.101, 3.445, 4.166, 4.016, 3.68, 3.393], [12.263, 12.306, 12.628, 12.533, 12.144, 12.773, 12.382, 11.03, 9.839, 9.332, 8.836, 8.162, 8.626, 9.503, 9.77, 9.582, 9.613, 9.577, 9.006, 8.426, 7.541, 7.355, 7.498, 7.735, 7.285, 5.691, 4.281, 3.288, 2.099, 1.582, 0.0, 0.94, 1.09, 1.68, 2.808, 2.599, 2.317, 2.398, 2.588, 3.249, 3.714, 3.294, 2.917, 2.965, 3.2, 3.722, 3.452, 3.248, 2.623, 2.707, 2.812, 2.44, 2.314, 2.627, 3.279, 3.301, 2.956, 3.2, 3.621, 4.267, 4.805, 4.714, 5.003, 4.861, 4.513, 4.828, 5.681, 5.753, 5.739, 5.427, 4.888, 4.996, 4.461, 3.873, 3.644, 3.675, 3.697, 3.598, 3.956, 3.889, 3.748, 4.207, 4.918, 4.602, 4.141, 3.863], [12.578, 12.635, 12.956, 12.844, 12.478, 13.106, 12.717, 11.332, 10.082, 9.595, 9.017, 8.43, 8.85, 9.769, 10.056, 9.877, 9.931, 9.85, 9.331, 8.648, 7.83, 7.64, 7.765, 7.86, 7.522, 5.945, 4.588, 3.791, 2.433, 1.985, 0.94, 0.0, 0.796, 1.97, 2.978, 2.685, 2.484, 2.486, 2.601, 3.32, 3.957, 3.471, 3.216, 3.473, 3.745, 4.088, 3.812, 3.708, 3.065, 3.0, 3.013, 2.779, 2.785, 3.036, 3.686, 3.714, 3.282, 3.349, 3.675, 4.346, 4.985, 4.901, 5.176, 4.934, 4.501, 4.726, 5.499, 5.689, 5.731, 5.519, 4.951, 5.137, 4.518, 4.059, 3.785, 3.98, 3.961, 3.788, 4.15, 4.066, 3.837, 4.312, 5.089, 4.659, 4.27, 3.987], [12.327, 12.423, 12.701, 12.588, 12.225, 12.854, 12.463, 11.062, 9.878, 9.521, 8.87, 8.269, 8.801, 9.687, 9.931, 9.668, 9.735, 9.717, 9.251, 8.558, 7.884, 7.681, 7.806, 7.893, 7.651, 6.313, 4.868, 4.019, 2.396, 2.0, 1.09, 0.796, 0.0, 1.74, 3.123, 2.912, 2.678, 2.741, 2.92, 3.536, 4.314, 3.733, 3.474, 3.553, 3.817, 4.408, 4.158, 3.981, 3.349, 3.31, 3.346, 2.945, 2.936, 3.238, 3.911, 3.872, 3.386, 3.552, 3.989, 4.7, 5.271, 4.934, 5.13, 4.857, 4.47, 4.676, 5.296, 5.435, 5.503, 5.32, 4.961, 5.171, 4.615, 4.124, 3.926, 4.189, 4.209, 3.974, 4.249, 4.165, 3.988, 4.38, 5.037, 4.678, 4.493, 4.202], [11.01, 11.153, 11.254, 11.12, 10.636, 11.264, 10.876, 9.573, 8.462, 8.282, 7.712, 6.899, 7.337, 8.258, 8.472, 8.34, 8.405, 8.303, 7.954, 7.328, 6.557, 6.331, 6.612, 6.83, 6.526, 5.298, 4.125, 3.195, 1.321, 1.226, 1.68, 1.97, 1.74, 0.0, 1.882, 1.881, 1.645, 1.767, 2.072, 2.509, 3.156, 2.912, 2.724, 2.654, 2.87, 3.525, 3.199, 3.167, 2.91, 2.529, 2.678, 2.257, 2.181, 2.539, 3.05, 3.0, 2.627, 2.946, 3.351, 3.957, 4.256, 3.83, 3.797, 3.754, 3.502, 3.66, 4.269, 4.308, 4.225, 4.199, 3.871, 3.94, 3.385, 2.833, 2.566, 2.915, 3.016, 2.844, 2.902, 2.919, 2.791, 3.031, 3.67, 3.512, 3.385, 3.162], [9.803, 9.888, 10.195, 10.082, 9.715, 10.364, 9.988, 8.639, 7.347, 6.845, 6.441, 5.755, 5.997, 6.929, 7.312, 7.173, 7.194, 7.112, 6.667, 6.137, 5.525, 5.417, 5.553, 5.678, 5.184, 3.999, 3.069, 2.455, 1.67, 2.313, 2.808, 2.978, 3.123, 1.882, 0.0, 1.096, 1.463, 1.435, 1.433, 1.547, 1.863, 1.719, 1.868, 2.221, 2.292, 2.436, 2.341, 2.983, 3.187, 2.666, 2.222, 2.099, 1.94, 2.248, 2.563, 2.495, 2.008, 2.351, 2.471, 2.918, 3.353, 3.031, 2.965, 2.885, 2.91, 3.029, 3.64, 3.872, 3.698, 3.25, 2.545, 2.528, 2.2, 1.984, 2.116, 2.488, 2.42, 2.148, 2.407, 2.132, 2.115, 2.424, 2.812, 2.333, 2.34, 2.301], [10.249, 10.295, 10.631, 10.524, 10.123, 10.761, 10.4, 8.997, 7.609, 7.066, 6.591, 5.945, 6.409, 7.397, 7.736, 7.553, 7.591, 7.491, 6.975, 6.242, 5.481, 5.24, 5.38, 5.558, 5.126, 3.913, 3.346, 2.839, 1.754, 2.216, 2.599, 2.685, 2.912, 1.881, 1.096, 0.0, 1.021, 0.958, 1.169, 1.382, 1.737, 1.914, 2.059, 2.259, 2.446, 2.601, 2.598, 3.118, 3.21, 2.594, 1.972, 1.964, 1.904, 2.306, 2.638, 2.5, 2.013, 2.206, 2.155, 2.624, 2.997, 2.7, 2.786, 2.81, 2.605, 2.757, 3.625, 3.799, 3.767, 3.365, 2.746, 2.779, 2.162, 1.741, 1.668, 2.15, 2.12, 1.928, 2.095, 1.829, 1.782, 2.209, 2.872, 2.388, 2.039, 2.023], [10.944, 10.891, 11.182, 11.106, 10.645, 11.274, 10.958, 9.577, 8.243, 7.742, 7.351, 6.534, 6.892, 7.815, 8.306, 8.131, 8.17, 8.044, 7.555, 6.934, 6.046, 5.709, 5.995, 6.395, 5.687, 4.268, 3.401, 2.712, 1.528, 1.908, 2.317, 2.484, 2.678, 1.645, 1.463, 1.021, 0.0, 0.785, 1.091, 1.459, 2.036, 2.08, 2.168, 2.094, 2.297, 2.708, 2.495, 2.823, 2.887, 2.255, 1.617, 1.595, 1.706, 2.175, 2.473, 2.283, 1.853, 2.142, 2.25, 2.978, 3.55, 3.28, 3.269, 3.391, 3.029, 3.342, 4.098, 4.183, 4.147, 3.866, 3.434, 3.332, 2.874, 2.048, 1.901, 2.337, 2.154, 2.155, 2.266, 2.231, 1.954, 2.52, 3.309, 2.768, 2.324, 2.166], [10.713, 10.758, 11.076, 10.982, 10.594, 11.219, 10.841, 9.479, 8.167, 7.609, 7.205, 6.528, 6.853, 7.86, 8.19, 8.038, 8.068, 7.945, 7.473, 6.795, 5.88, 5.657, 5.893, 6.223, 5.466, 4.002, 3.331, 2.681, 1.666, 2.043, 2.398, 2.486, 2.741, 1.767, 1.435, 0.958, 0.785, 0.0, 0.904, 1.37, 1.928, 1.988, 2.112, 2.114, 2.292, 2.625, 2.49, 2.918, 2.867, 2.252, 1.565, 1.609, 1.755, 2.18, 2.478, 2.303, 1.838, 2.062, 1.986, 2.645, 3.24, 3.117, 3.16, 3.144, 2.807, 2.994, 3.865, 3.932, 3.974, 3.678, 3.193, 3.278, 2.688, 1.972, 1.806, 2.216, 1.967, 1.892, 2.238, 2.117, 2.0, 2.47, 3.175, 2.621, 2.079, 2.07], [10.523, 10.548, 10.882, 10.781, 10.407, 11.03, 10.645, 9.283, 7.922, 7.376, 6.939, 6.298, 6.611, 7.65, 7.966, 7.834, 7.842, 7.767, 7.265, 6.571, 5.656, 5.369, 5.626, 5.97, 5.241, 3.645, 2.853, 2.273, 1.658, 2.274, 2.588, 2.601, 2.92, 2.072, 1.433, 1.169, 1.091, 0.904, 0.0, 0.99, 1.623, 1.519, 1.729, 1.843, 1.886, 2.04, 2.099, 2.695, 2.79, 2.161, 1.58, 1.498, 1.662, 2.166, 2.421, 2.224, 1.605, 1.772, 1.67, 2.193, 2.871, 2.855, 3.041, 2.946, 2.539, 2.836, 3.617, 3.843, 3.768, 3.474, 2.973, 3.071, 2.456, 1.937, 1.756, 2.04, 1.8, 1.518, 1.954, 1.922, 1.682, 2.166, 2.964, 2.459, 1.898, 1.756], [9.916, 9.946, 10.244, 10.106, 9.738, 10.386, 10.02, 8.694, 7.414, 6.845, 6.402, 5.672, 5.939, 6.908, 7.358, 7.237, 7.231, 7.198, 6.68, 6.053, 5.143, 4.877, 5.113, 5.44, 4.762, 3.273, 2.921, 2.453, 2.31, 2.851, 3.249, 3.32, 3.536, 2.509, 1.547, 1.382, 1.459, 1.37, 0.99, 0.0, 0.983, 1.468, 2.037, 2.448, 2.355, 2.048, 2.32, 3.144, 3.365, 2.738, 2.057, 2.091, 2.288, 2.617, 2.587, 2.426, 1.944, 2.029, 1.556, 1.987, 2.629, 2.467, 2.632, 2.46, 2.08, 2.405, 3.164, 3.379, 3.287, 2.913, 2.33, 2.319, 1.866, 1.394, 1.406, 1.708, 1.493, 1.208, 1.51, 1.418, 1.265, 1.687, 2.396, 1.945, 1.447, 1.406], [9.401, 9.441, 9.738, 9.648, 9.229, 9.907, 9.579, 8.254, 6.955, 6.368, 5.942, 5.242, 5.448, 6.386, 6.925, 6.807, 6.78, 6.712, 6.196, 5.551, 4.639, 4.378, 4.616, 4.877, 4.196, 2.781, 2.916, 2.478, 2.713, 3.287, 3.714, 3.957, 4.314, 3.156, 1.863, 1.737, 2.036, 1.928, 1.623, 0.983, 0.0, 1.583, 2.193, 2.63, 2.521, 1.99, 2.333, 3.183, 3.603, 3.101, 2.405, 2.531, 2.583, 2.901, 2.749, 2.634, 2.223, 2.323, 1.799, 1.719, 2.192, 2.239, 2.327, 2.289, 2.043, 2.299, 3.143, 3.416, 3.315, 2.705, 1.896, 1.815, 1.403, 1.29, 1.437, 1.529, 1.231, 1.088, 1.423, 1.348, 1.396, 1.625, 2.141, 1.719, 1.393, 1.435], [9.905, 10.0, 10.304, 10.16, 9.798, 10.481, 10.1, 8.751, 7.372, 6.845, 6.32, 5.714, 6.057, 6.987, 7.43, 7.309, 7.338, 7.267, 6.752, 5.924, 5.055, 4.834, 5.072, 5.165, 4.596, 2.73, 1.597, 1.559, 2.065, 2.897, 3.294, 3.471, 3.733, 2.912, 1.719, 1.914, 2.08, 1.988, 1.519, 1.468, 1.583, 0.0, 1.306, 2.036, 1.811, 1.086, 1.351, 2.537, 3.085, 2.666, 2.194, 2.139, 1.954, 2.2, 2.16, 1.995, 1.68, 1.841, 1.701, 2.159, 3.079, 3.021, 3.312, 3.256, 2.828, 3.012, 3.966, 4.469, 4.337, 3.748, 2.846, 2.874, 2.538, 2.426, 2.375, 2.386, 2.208, 1.825, 2.285, 2.316, 1.848, 2.23, 2.965, 2.417, 1.765, 1.774], [10.828, 10.877, 11.212, 11.099, 10.737, 11.366, 10.975, 9.566, 8.189, 7.66, 7.134, 6.54, 6.984, 7.935, 8.296, 8.133, 8.212, 8.123, 7.601, 6.756, 5.837, 5.639, 5.873, 6.015, 5.408, 3.37, 1.546, 1.206, 1.729, 2.673, 2.917, 3.216, 3.474, 2.724, 1.868, 2.059, 2.168, 2.112, 1.729, 2.037, 2.193, 1.306, 0.0, 1.086, 1.105, 1.242, 1.486, 1.778, 2.175, 1.903, 1.598, 1.492, 1.184, 1.192, 1.206, 1.167, 0.983, 1.205, 1.626, 2.36, 3.451, 3.591, 3.805, 3.995, 3.592, 3.834, 4.734, 5.059, 5.03, 4.57, 3.777, 3.743, 3.26, 2.925, 2.72, 2.716, 2.431, 2.338, 2.975, 2.962, 2.623, 3.12, 3.943, 3.313, 2.69, 2.588], [11.275, 11.259, 11.56, 11.462, 11.073, 11.702, 11.335, 9.934, 8.559, 8.037, 7.645, 6.902, 7.361, 8.295, 8.697, 8.536, 8.626, 8.501, 8.013, 7.214, 6.291, 6.031, 6.269, 6.672, 5.953, 4.076, 2.209, 1.491, 1.804, 2.645, 2.965, 3.473, 3.553, 2.654, 2.221, 2.259, 2.094, 2.114, 1.843, 2.448, 2.63, 2.036, 1.086, 0.0, 0.619, 1.806, 1.86, 1.597, 1.813, 1.855, 1.712, 1.609, 1.344, 1.32, 1.375, 1.23, 1.242, 1.605, 2.174, 2.932, 3.991, 4.019, 4.079, 4.319, 3.992, 4.315, 5.169, 5.354, 5.279, 4.847, 4.212, 4.145, 3.661, 3.203, 2.982, 2.947, 2.651, 2.632, 3.199, 3.229, 2.821, 3.354, 4.209, 3.642, 3.071, 2.887], [10.896, 10.845, 11.156, 11.049, 10.639, 11.268, 10.915, 9.518, 8.163, 7.623, 7.247, 6.497, 6.939, 7.889, 8.291, 8.149, 8.197, 8.104, 7.604, 6.873, 5.887, 5.651, 5.874, 6.308, 5.584, 3.742, 1.889, 1.252, 1.951, 2.855, 3.2, 3.745, 3.817, 2.87, 2.292, 2.446, 2.297, 2.292, 1.886, 2.355, 2.521, 1.811, 1.105, 0.619, 0.0, 1.477, 1.62, 1.712, 2.133, 2.116, 1.888, 1.767, 1.503, 1.53, 1.535, 1.289, 1.325, 1.718, 2.203, 2.902, 3.959, 3.938, 4.047, 4.211, 3.863, 4.233, 5.091, 5.306, 5.153, 4.668, 3.943, 3.815, 3.51, 3.196, 2.965, 2.892, 2.612, 2.523, 3.035, 3.06, 2.562, 3.071, 3.867, 3.324, 2.857, 2.636], [9.953, 9.964, 10.295, 10.19, 9.82, 10.449, 10.096, 8.761, 7.429, 6.842, 6.416, 5.766, 6.081, 7.039, 7.459, 7.347, 7.317, 7.246, 6.732, 6.047, 5.127, 4.88, 5.065, 5.325, 4.644, 2.633, 1.146, 1.395, 2.458, 3.352, 3.722, 4.088, 4.408, 3.525, 2.436, 2.601, 2.708, 2.625, 2.04, 2.048, 1.99, 1.086, 1.242, 1.806, 1.477, 0.0, 1.265, 2.251, 2.823, 2.535, 2.112, 2.194, 1.99, 2.066, 1.912, 1.748, 1.607, 1.704, 1.803, 2.353, 3.432, 3.553, 3.831, 3.732, 3.455, 3.681, 4.594, 4.97, 4.767, 4.084, 3.2, 3.107, 2.988, 2.881, 2.884, 2.678, 2.461, 2.269, 2.758, 2.791, 2.253, 2.466, 3.266, 2.664, 2.083, 2.069], [10.765, 10.851, 11.155, 11.018, 10.64, 11.332, 10.951, 9.612, 8.292, 7.721, 7.299, 6.597, 6.877, 7.834, 8.312, 8.193, 8.19, 8.121, 7.606, 6.93, 6.009, 5.757, 5.977, 6.222, 5.529, 3.241, 1.398, 1.01, 2.319, 3.041, 3.452, 3.812, 4.158, 3.199, 2.341, 2.598, 2.495, 2.49, 2.099, 2.32, 2.333, 1.351, 1.486, 1.86, 1.62, 1.265, 0.0, 1.453, 2.028, 1.739, 1.531, 1.587, 1.594, 1.726, 1.827, 1.926, 1.737, 1.858, 2.023, 2.755, 3.897, 4.043, 4.279, 4.27, 3.906, 4.212, 5.16, 5.473, 5.355, 4.762, 3.843, 3.681, 3.477, 3.365, 3.245, 3.029, 2.773, 2.634, 3.194, 3.279, 2.807, 3.195, 3.896, 3.406, 2.795, 2.774], [12.091, 12.102, 12.41, 12.343, 11.836, 12.542, 12.249, 10.931, 9.623, 9.028, 8.644, 7.935, 8.164, 9.047, 9.633, 9.522, 9.435, 9.35, 8.849, 8.273, 7.353, 7.101, 7.307, 7.567, 6.865, 4.585, 2.178, 1.5, 2.52, 3.11, 3.248, 3.708, 3.981, 3.167, 2.983, 3.118, 2.823, 2.918, 2.695, 3.144, 3.183, 2.537, 1.778, 1.597, 1.712, 2.251, 1.453, 0.0, 1.106, 1.166, 1.607, 1.73, 1.714, 1.409, 1.597, 1.933, 2.109, 2.15, 2.678, 3.631, 4.823, 4.985, 5.149, 5.298, 4.939, 5.244, 6.19, 6.437, 6.356, 5.77, 4.972, 4.758, 4.36, 4.142, 3.871, 3.774, 3.546, 3.543, 4.002, 4.121, 3.822, 4.282, 5.085, 4.62, 3.937, 3.899], [12.686, 12.729, 13.065, 12.952, 12.59, 13.219, 12.837, 11.489, 10.16, 9.576, 9.147, 8.459, 8.815, 9.774, 10.166, 10.054, 10.051, 9.976, 9.461, 8.767, 7.846, 7.594, 7.807, 8.087, 7.381, 5.114, 2.788, 2.068, 2.61, 2.749, 2.623, 3.065, 3.349, 2.91, 3.187, 3.21, 2.887, 2.867, 2.79, 3.365, 3.603, 3.085, 2.175, 1.813, 2.133, 2.823, 2.028, 1.106, 0.0, 1.006, 1.862, 1.766, 1.79, 1.407, 1.721, 2.079, 2.195, 2.25, 2.757, 3.839, 5.05, 5.201, 5.39, 5.418, 5.115, 5.395, 6.333, 6.52, 6.438, 6.048, 5.335, 5.239, 4.747, 4.379, 4.155, 4.057, 3.778, 3.872, 4.48, 4.406, 4.197, 4.664, 5.527, 4.951, 4.254, 4.172], [12.287, 12.365, 12.67, 12.558, 12.194, 12.846, 12.466, 11.118, 9.747, 9.228, 8.748, 8.06, 8.397, 9.364, 9.792, 9.665, 9.675, 9.605, 9.09, 8.422, 7.423, 7.174, 7.459, 7.726, 7.061, 4.741, 2.453, 1.834, 2.2, 2.623, 2.707, 3.0, 3.31, 2.529, 2.666, 2.594, 2.255, 2.252, 2.161, 2.738, 3.101, 2.666, 1.903, 1.855, 2.116, 2.535, 1.739, 1.166, 1.006, 0.0, 1.217, 1.092, 1.305, 1.126, 1.637, 1.953, 1.693, 1.697, 2.129, 3.278, 4.524, 4.676, 4.906, 4.856, 4.419, 4.734, 5.658, 5.776, 5.779, 5.485, 4.812, 4.699, 4.24, 3.763, 3.528, 3.418, 3.137, 3.31, 3.894, 3.869, 3.659, 4.111, 4.944, 4.436, 3.786, 3.614], [11.68, 11.66, 11.995, 11.936, 11.46, 12.1, 11.797, 10.418, 9.11, 8.516, 8.131, 7.405, 7.728, 8.629, 9.154, 8.987, 8.95, 8.859, 8.337, 7.748, 6.82, 6.566, 6.794, 7.054, 6.352, 4.135, 2.373, 1.716, 2.052, 2.648, 2.812, 3.013, 3.346, 2.678, 2.222, 1.972, 1.617, 1.565, 1.58, 2.057, 2.405, 2.194, 1.598, 1.712, 1.888, 2.112, 1.531, 1.607, 1.862, 1.217, 0.0, 0.774, 1.113, 1.378, 1.716, 1.762, 1.411, 1.379, 1.512, 2.659, 3.945, 4.086, 4.233, 4.21, 3.881, 4.113, 5.007, 5.052, 5.058, 4.725, 4.112, 3.995, 3.524, 2.98, 2.765, 2.741, 2.498, 2.683, 3.149, 3.135, 2.946, 3.488, 4.279, 3.726, 3.1, 2.931], [11.571, 11.607, 11.934, 11.838, 11.456, 12.085, 11.694, 10.307, 8.935, 8.361, 7.917, 7.204, 7.675, 8.64, 9.015, 8.858, 8.928, 8.823, 8.319, 7.564, 6.624, 6.335, 6.597, 6.939, 6.223, 4.126, 2.402, 1.637, 1.66, 2.324, 2.44, 2.779, 2.945, 2.257, 2.099, 1.964, 1.595, 1.609, 1.498, 2.091, 2.531, 2.139, 1.492, 1.609, 1.767, 2.194, 1.587, 1.73, 1.766, 1.092, 0.774, 0.0, 0.886, 1.234, 1.622, 1.657, 1.218, 1.207, 1.564, 2.694, 3.895, 3.921, 4.128, 4.101, 3.767, 4.039, 4.922, 4.99, 4.953, 4.668, 4.131, 4.134, 3.608, 2.976, 2.781, 2.738, 2.454, 2.623, 3.178, 3.13, 2.863, 3.415, 4.203, 3.646, 3.022, 2.821], [11.583, 11.624, 11.959, 11.846, 11.484, 12.113, 11.722, 10.305, 8.892, 8.365, 7.84, 7.249, 7.719, 8.688, 9.039, 8.875, 8.955, 8.866, 8.343, 7.505, 6.538, 6.338, 6.578, 6.793, 6.134, 3.997, 2.134, 1.358, 1.489, 2.278, 2.314, 2.785, 2.936, 2.181, 1.94, 1.904, 1.706, 1.755, 1.662, 2.288, 2.583, 1.954, 1.184, 1.344, 1.503, 1.99, 1.594, 1.714, 1.79, 1.305, 1.113, 0.886, 0.0, 0.924, 1.324, 1.391, 1.091, 1.233, 1.703, 2.773, 3.913, 4.023, 4.2, 4.264, 3.849, 4.157, 5.046, 5.263, 5.262, 4.908, 4.215, 4.201, 3.679, 3.18, 2.914, 2.864, 2.612, 2.734, 3.366, 3.288, 3.027, 3.55, 4.394, 3.779, 3.132, 2.99], [11.877, 11.931, 12.266, 12.153, 11.791, 12.42, 12.029, 10.612, 9.214, 8.686, 8.163, 7.556, 8.024, 8.983, 9.344, 9.181, 9.261, 9.172, 8.649, 7.825, 6.865, 6.658, 6.907, 7.121, 6.462, 4.235, 1.988, 1.467, 1.876, 2.464, 2.627, 3.036, 3.238, 2.539, 2.248, 2.306, 2.175, 2.18, 2.166, 2.617, 2.901, 2.2, 1.192, 1.32, 1.53, 2.066, 1.726, 1.409, 1.407, 1.126, 1.378, 1.234, 0.924, 0.0, 0.985, 1.263, 1.069, 1.273, 1.842, 2.97, 4.262, 4.337, 4.54, 4.642, 4.236, 4.505, 5.428, 5.637, 5.633, 5.294, 4.605, 4.532, 4.005, 3.565, 3.298, 3.21, 2.977, 3.131, 3.755, 3.672, 3.403, 3.938, 4.772, 4.159, 3.504, 3.366], [11.549, 11.571, 11.906, 11.793, 11.431, 12.06, 11.669, 10.28, 8.941, 8.394, 7.949, 7.25, 7.667, 8.625, 9.003, 8.855, 8.92, 8.82, 8.294, 7.537, 6.623, 6.382, 6.599, 6.876, 6.18, 3.99, 1.897, 1.628, 2.165, 2.921, 3.279, 3.686, 3.911, 3.05, 2.563, 2.638, 2.473, 2.478, 2.421, 2.587, 2.749, 2.16, 1.206, 1.375, 1.535, 1.912, 1.827, 1.597, 1.721, 1.637, 1.716, 1.622, 1.324, 0.985, 0.0, 0.676, 1.082, 1.186, 1.816, 2.951, 4.135, 4.24, 4.342, 4.487, 4.152, 4.431, 5.35, 5.513, 5.473, 5.118, 4.441, 4.367, 3.925, 3.386, 3.2, 3.005, 2.791, 2.963, 3.549, 3.476, 3.216, 3.73, 4.583, 3.962, 3.279, 3.195], [11.254, 11.244, 11.554, 11.441, 11.079, 11.708, 11.32, 9.917, 8.586, 8.053, 7.616, 6.921, 7.331, 8.304, 8.671, 8.518, 8.612, 8.526, 7.997, 7.18, 6.283, 6.043, 6.258, 6.579, 5.814, 3.748, 1.996, 1.695, 2.059, 2.857, 3.301, 3.714, 3.872, 3.0, 2.495, 2.5, 2.283, 2.303, 2.224, 2.426, 2.634, 1.995, 1.167, 1.23, 1.289, 1.748, 1.926, 1.933, 2.079, 1.953, 1.762, 1.657, 1.391, 1.263, 0.676, 0.0, 0.891, 0.994, 1.65, 2.756, 3.914, 3.955, 4.033, 4.268, 3.908, 4.195, 5.088, 5.267, 5.226, 4.863, 4.192, 4.208, 3.714, 3.137, 2.928, 2.729, 2.535, 2.669, 3.25, 3.193, 2.88, 3.436, 4.277, 3.658, 3.013, 2.935], [11.091, 11.098, 11.41, 11.297, 10.935, 11.564, 11.173, 9.756, 8.353, 7.843, 7.326, 6.701, 7.189, 8.162, 8.51, 8.346, 8.472, 8.36, 7.849, 6.962, 6.031, 5.79, 6.046, 6.363, 5.644, 3.607, 1.908, 1.573, 1.724, 2.552, 2.956, 3.282, 3.386, 2.627, 2.008, 2.013, 1.853, 1.838, 1.605, 1.944, 2.223, 1.68, 0.983, 1.242, 1.325, 1.607, 1.737, 2.109, 2.195, 1.693, 1.411, 1.218, 1.091, 1.069, 1.082, 0.891, 0.0, 0.698, 1.28, 2.293, 3.541, 3.596, 3.727, 3.827, 3.412, 3.736, 4.601, 4.82, 4.796, 4.442, 3.828, 3.864, 3.353, 2.724, 2.491, 2.404, 2.133, 2.242, 2.868, 2.814, 2.533, 3.059, 3.895, 3.262, 2.651, 2.475], [11.295, 11.336, 11.664, 11.551, 11.189, 11.818, 11.427, 10.01, 8.592, 8.052, 7.505, 6.956, 7.443, 8.407, 8.763, 8.6, 8.679, 8.59, 8.069, 7.206, 6.266, 6.015, 6.269, 6.441, 5.826, 3.631, 1.935, 1.805, 2.232, 3.013, 3.2, 3.349, 3.552, 2.946, 2.351, 2.206, 2.142, 2.062, 1.772, 2.029, 2.323, 1.841, 1.205, 1.605, 1.718, 1.704, 1.858, 2.15, 2.25, 1.697, 1.379, 1.207, 1.233, 1.273, 1.186, 0.994, 0.698, 0.0, 0.961, 2.115, 3.488, 3.641, 3.867, 3.833, 3.4, 3.685, 4.534, 4.76, 4.761, 4.431, 3.783, 3.899, 3.315, 2.744, 2.721, 2.484, 2.267, 2.459, 2.939, 2.917, 2.639, 3.157, 3.969, 3.346, 2.716, 2.533], [10.676, 10.732, 11.068, 10.955, 10.593, 11.222, 10.831, 9.414, 8.017, 7.49, 6.965, 6.342, 6.809, 7.767, 8.134, 7.965, 8.045, 7.956, 7.433, 6.566, 5.644, 5.445, 5.703, 5.833, 5.217, 2.925, 2.155, 2.082, 2.69, 3.32, 3.621, 3.675, 3.989, 3.351, 2.471, 2.155, 2.25, 1.986, 1.67, 1.556, 1.799, 1.701, 1.626, 2.174, 2.203, 1.803, 2.023, 2.678, 2.757, 2.129, 1.512, 1.564, 1.703, 1.842, 1.816, 1.65, 1.28, 0.961, 0.0, 1.378, 2.847, 3.025, 3.285, 3.182, 2.74, 2.935, 3.784, 4.105, 4.089, 3.773, 3.095, 3.17, 2.622, 2.261, 2.402, 2.042, 1.809, 1.97, 2.397, 2.358, 2.133, 2.64, 3.312, 2.708, 2.056, 1.997], [9.428, 9.484, 9.82, 9.707, 9.344, 9.973, 9.582, 8.228, 6.849, 6.321, 5.797, 5.212, 5.577, 6.558, 6.899, 6.778, 6.807, 6.736, 6.221, 5.394, 4.482, 4.284, 4.535, 4.663, 4.067, 2.369, 2.973, 2.93, 3.332, 3.927, 4.267, 4.346, 4.7, 3.957, 2.918, 2.624, 2.978, 2.645, 2.193, 1.987, 1.719, 2.159, 2.36, 2.932, 2.902, 2.353, 2.755, 3.631, 3.839, 3.278, 2.659, 2.694, 2.773, 2.97, 2.951, 2.756, 2.293, 2.115, 1.378, 0.0, 1.705, 2.05, 2.368, 2.061, 1.608, 1.861, 2.7, 3.124, 3.062, 2.658, 2.248, 2.27, 1.882, 2.074, 2.414, 1.995, 1.548, 1.77, 2.259, 2.256, 2.259, 2.434, 2.725, 2.314, 1.859, 2.006], [8.017, 8.198, 8.408, 8.295, 7.933, 8.562, 8.171, 6.933, 5.691, 5.246, 4.734, 4.14, 4.528, 5.461, 5.706, 5.534, 5.438, 5.421, 4.926, 4.212, 3.346, 3.234, 3.406, 3.619, 3.328, 3.337, 4.287, 4.13, 3.804, 4.156, 4.805, 4.985, 5.271, 4.256, 3.353, 2.997, 3.55, 3.24, 2.871, 2.629, 2.192, 3.079, 3.451, 3.991, 3.959, 3.432, 3.897, 4.823, 5.05, 4.524, 3.945, 3.895, 3.913, 4.262, 4.135, 3.914, 3.541, 3.488, 2.847, 1.705, 0.0, 0.813, 1.111, 1.285, 1.44, 1.593, 1.666, 1.854, 2.129, 2.124, 2.099, 2.297, 2.004, 2.182, 2.427, 2.346, 2.194, 2.068, 2.075, 2.103, 2.322, 2.393, 2.538, 2.533, 2.304, 2.412], [7.907, 8.06, 8.271, 8.163, 7.774, 8.412, 8.032, 6.685, 5.422, 5.0, 4.524, 3.89, 4.355, 5.302, 5.533, 5.33, 5.307, 5.2, 4.766, 4.023, 3.294, 3.123, 3.227, 3.468, 3.299, 3.599, 4.485, 4.268, 3.521, 4.112, 4.714, 4.901, 4.934, 3.83, 3.031, 2.7, 3.28, 3.117, 2.855, 2.467, 2.239, 3.021, 3.591, 4.019, 3.938, 3.553, 4.043, 4.985, 5.201, 4.676, 4.086, 3.921, 4.023, 4.337, 4.24, 3.955, 3.596, 3.641, 3.025, 2.05, 0.813, 0.0, 0.841, 1.134, 1.255, 1.43, 1.697, 1.681, 2.043, 2.106, 2.135, 2.104, 1.805, 1.96, 2.239, 2.342, 2.258, 2.108, 1.971, 1.863, 2.047, 2.165, 2.307, 2.253, 2.144, 2.257], [7.807, 7.934, 8.084, 7.97, 7.554, 8.182, 7.815, 6.428, 5.15, 4.807, 4.404, 3.705, 4.11, 5.082, 5.332, 5.136, 5.226, 5.058, 4.66, 3.876, 3.19, 3.12, 3.28, 3.672, 3.376, 3.922, 4.804, 4.487, 3.546, 4.271, 5.003, 5.176, 5.13, 3.797, 2.965, 2.786, 3.269, 3.16, 3.041, 2.632, 2.327, 3.312, 3.805, 4.079, 4.047, 3.831, 4.279, 5.149, 5.39, 4.906, 4.233, 4.128, 4.2, 4.54, 4.342, 4.033, 3.727, 3.867, 3.285, 2.368, 1.111, 0.841, 0.0, 1.118, 1.586, 1.607, 1.462, 1.555, 1.76, 1.953, 2.01, 2.07, 1.781, 1.746, 2.227, 2.496, 2.314, 2.239, 2.018, 1.89, 2.178, 2.28, 2.19, 2.115, 2.323, 2.444], [7.719, 7.864, 8.087, 7.974, 7.577, 8.214, 7.83, 6.508, 5.393, 5.048, 4.585, 3.881, 4.181, 5.096, 5.353, 5.132, 5.155, 5.085, 4.664, 4.085, 3.471, 3.397, 3.512, 3.624, 3.28, 3.676, 4.7, 4.503, 3.729, 4.205, 4.861, 4.934, 4.857, 3.754, 2.885, 2.81, 3.391, 3.144, 2.946, 2.46, 2.289, 3.256, 3.995, 4.319, 4.211, 3.732, 4.27, 5.298, 5.418, 4.856, 4.21, 4.101, 4.264, 4.642, 4.487, 4.268, 3.827, 3.833, 3.182, 2.061, 1.285, 1.134, 1.118, 0.0, 0.962, 1.016, 1.089, 1.357, 1.303, 1.344, 1.361, 1.542, 1.451, 1.74, 2.217, 2.387, 2.362, 2.268, 1.928, 1.66, 2.094, 1.949, 1.791, 1.839, 2.097, 2.241], [8.336, 8.447, 8.674, 8.491, 8.101, 8.793, 8.414, 7.112, 5.993, 5.657, 5.065, 4.411, 4.722, 5.634, 5.958, 5.712, 5.745, 5.74, 5.306, 4.675, 3.86, 3.69, 3.847, 4.011, 3.724, 3.307, 4.31, 4.144, 3.371, 3.823, 4.513, 4.501, 4.47, 3.502, 2.91, 2.605, 3.029, 2.807, 2.539, 2.08, 2.043, 2.828, 3.592, 3.992, 3.863, 3.455, 3.906, 4.939, 5.115, 4.419, 3.881, 3.767, 3.849, 4.236, 4.152, 3.908, 3.412, 3.4, 2.74, 1.608, 1.44, 1.255, 1.586, 0.962, 0.0, 0.797, 1.437, 1.814, 1.815, 1.691, 1.616, 1.687, 1.495, 1.598, 1.88, 1.904, 1.851, 1.769, 1.572, 1.505, 1.739, 1.692, 1.738, 1.796, 1.778, 1.812], [8.167, 8.42, 8.5, 8.341, 7.954, 8.63, 8.267, 7.05, 5.88, 5.572, 5.006, 4.372, 4.695, 5.625, 5.925, 5.717, 5.687, 5.614, 5.226, 4.451, 3.818, 3.73, 3.834, 3.924, 3.597, 3.308, 4.483, 4.416, 3.579, 4.035, 4.828, 4.726, 4.676, 3.66, 3.029, 2.757, 3.342, 2.994, 2.836, 2.405, 2.299, 3.012, 3.834, 4.315, 4.233, 3.681, 4.212, 5.244, 5.395, 4.734, 4.113, 4.039, 4.157, 4.505, 4.431, 4.195, 3.736, 3.685, 2.935, 1.861, 1.593, 1.43, 1.607, 1.016, 0.797, 0.0, 1.236, 1.731, 1.63, 1.523, 1.539, 1.833, 1.642, 1.749, 2.175, 2.303, 2.282, 2.141, 1.835, 1.668, 2.008, 1.786, 1.745, 1.82, 1.897, 2.034], [7.52, 7.73, 7.758, 7.584, 7.159, 7.776, 7.485, 6.316, 5.343, 5.217, 4.627, 3.884, 4.236, 5.12, 5.372, 5.131, 5.071, 5.161, 4.81, 4.158, 3.59, 3.619, 3.758, 3.926, 3.696, 4.274, 5.424, 5.343, 4.363, 4.736, 5.681, 5.499, 5.296, 4.269, 3.64, 3.625, 4.098, 3.865, 3.617, 3.164, 3.143, 3.966, 4.734, 5.169, 5.091, 4.594, 5.16, 6.19, 6.333, 5.658, 5.007, 4.922, 5.046, 5.428, 5.35, 5.088, 4.601, 4.534, 3.784, 2.7, 1.666, 1.697, 1.462, 1.089, 1.437, 1.236, 0.0, 0.989, 1.118, 1.363, 1.722