[[0.0, 3.014, 3.598, 5.934, 6.824, 6.678, 6.985, 7.513, 7.161, 6.497, 7.211, 8.42, 7.395, 7.574, 6.758, 6.084, 6.736, 7.574, 7.434, 7.787, 8.467, 8.727, 8.825, 8.676, 9.147, 10.368, 10.607, 9.545, 7.303, 6.785, 6.715, 6.397, 5.94, 6.214, 6.809, 7.436, 8.6, 9.684, 11.138, 11.993, 12.562, 13.922, 13.474, 15.164, 13.694, 7.335, 3.564, 4.053, 4.1, 3.872, 3.859, 4.129, 4.308, 4.609, 4.858, 4.723, 4.976, 5.359, 6.067, 6.075, 5.778, 5.71, 5.136, 4.97, 4.735, 5.15, 5.805, 5.549, 5.074, 5.305, 6.089, 6.19, 6.25, 6.124, 5.205, 5.182, 5.353, 5.599, 5.214, 3.865, 1.785, 2.125, 3.21, 3.562, 3.198, 2.305], [3.014, 0.0, 0.954, 3.13, 3.973, 3.875, 4.122, 4.573, 4.419, 3.593, 4.454, 5.743, 4.637, 4.729, 3.877, 3.142, 3.986, 4.856, 4.66, 5.016, 5.686, 5.951, 5.961, 5.786, 6.392, 7.679, 7.923, 6.894, 4.727, 4.448, 4.323, 3.966, 3.718, 3.936, 4.442, 5.153, 6.281, 7.182, 8.461, 9.316, 9.885, 11.256, 10.785, 12.502, 10.987, 4.646, 2.612, 4.948, 5.194, 5.13, 5.467, 6.017, 6.439, 6.784, 7.145, 7.211, 7.595, 8.031, 8.741, 8.719, 8.429, 8.382, 7.556, 7.32, 7.003, 7.445, 8.127, 7.807, 7.333, 7.657, 8.412, 8.792, 8.889, 8.766, 7.828, 7.847, 8.008, 8.302, 7.886, 6.499, 3.719, 1.911, 1.253, 1.284, 1.422, 1.818], [3.598, 0.954, 0.0, 2.522, 3.395, 3.257, 3.525, 4.021, 3.967, 3.232, 4.055, 5.388, 4.206, 4.262, 3.303, 2.616, 3.578, 4.443, 4.224, 4.597, 5.269, 5.513, 5.477, 5.382, 5.983, 7.306, 7.523, 6.425, 4.436, 4.459, 4.346, 3.933, 3.721, 3.943, 4.42, 5.096, 6.22, 6.893, 8.107, 8.962, 9.531, 10.89, 10.453, 12.204, 10.656, 4.303, 2.588, 5.124, 5.414, 5.387, 5.816, 6.453, 6.796, 7.044, 7.418, 7.514, 7.868, 8.307, 9.082, 9.113, 8.754, 8.705, 7.888, 7.776, 7.456, 7.873, 8.586, 8.244, 7.746, 8.027, 8.857, 9.218, 9.32, 9.277, 8.366, 8.367, 8.502, 8.66, 8.338, 6.895, 4.079, 2.242, 1.323, 1.223, 1.375, 2.091], [5.934, 3.13, 2.522, 0.0, 1.047, 1.183, 1.442, 2.329, 2.598, 1.86, 2.754, 4.0, 2.803, 2.864, 2.011, 1.427, 1.906, 2.977, 2.563, 3.005, 3.729, 4.126, 3.944, 3.719, 4.341, 5.681, 5.898, 4.999, 4.025, 4.338, 4.172, 3.874, 3.753, 3.649, 4.159, 4.869, 5.955, 6.351, 6.912, 7.456, 8.127, 9.547, 9.314, 10.947, 9.394, 3.033, 3.704, 6.387, 6.744, 6.734, 7.108, 7.674, 8.089, 8.433, 8.872, 9.047, 9.335, 9.758, 10.669, 10.715, 10.376, 10.193, 9.345, 9.272, 8.915, 9.353, 10.08, 9.659, 9.039, 9.384, 10.121, 10.562, 10.735, 10.887, 10.028, 10.024, 10.099, 10.268, 9.961, 8.602, 5.875, 4.136, 3.035, 2.813, 3.117, 3.808], [6.824, 3.973, 3.395, 1.047, 0.0, 0.995, 1.056, 1.596, 1.996, 1.493, 2.255, 3.472, 2.516, 2.212, 1.902, 1.715, 1.614, 2.366, 2.098, 2.495, 3.176, 3.574, 3.386, 3.166, 3.776, 5.118, 5.326, 4.538, 3.906, 4.276, 4.125, 3.909, 3.848, 3.609, 4.094, 4.775, 5.861, 6.245, 6.69, 7.153, 7.839, 9.231, 8.998, 10.53, 8.869, 2.69, 4.414, 6.991, 7.335, 7.321, 7.734, 8.315, 8.676, 9.045, 9.485, 9.659, 9.947, 10.371, 11.258, 11.302, 11.012, 10.799, 10.012, 9.947, 9.786, 10.201, 10.804, 10.382, 9.895, 10.065, 10.988, 11.46, 11.52, 11.754, 10.93, 10.92, 10.918, 10.978, 10.568, 9.226, 6.577, 4.899, 3.918, 3.585, 3.866, 4.604], [6.678, 3.875, 3.257, 1.183, 0.995, 0.0, 1.03, 1.952, 2.55, 2.014, 2.589, 3.892, 2.674, 2.599, 2.099, 1.793, 1.991, 2.796, 2.509, 2.948, 3.675, 4.024, 3.869, 3.647, 4.323, 5.704, 5.875, 5.021, 4.342, 4.623, 4.495, 4.149, 3.991, 4.008, 4.494, 5.168, 6.269, 6.687, 7.274, 7.664, 8.342, 9.74, 9.474, 10.98, 9.314, 3.192, 4.079, 6.546, 6.848, 6.892, 7.291, 7.93, 8.233, 8.524, 8.963, 9.137, 9.426, 9.853, 10.761, 10.808, 10.497, 10.329, 9.588, 9.536, 9.371, 9.747, 10.37, 9.949, 9.545, 9.876, 10.69, 11.066, 11.152, 11.362, 10.513, 10.502, 10.644, 10.624, 10.328, 8.936, 6.352, 4.859, 3.857, 3.524, 3.658, 4.515], [6.985, 4.122, 3.525, 1.442, 1.056, 1.03, 0.0, 1.241, 1.987, 1.528, 1.73, 2.961, 1.965, 1.948, 1.582, 1.374, 1.371, 1.906, 1.629, 2.097, 2.735, 3.077, 2.928, 2.758, 3.377, 4.77, 4.927, 4.121, 3.851, 4.29, 4.151, 3.883, 3.774, 3.653, 4.093, 4.766, 5.864, 6.183, 6.532, 6.768, 7.456, 8.851, 8.583, 10.064, 8.373, 2.269, 4.793, 7.515, 7.783, 7.839, 8.244, 8.849, 9.189, 9.493, 9.933, 10.107, 10.395, 10.818, 11.705, 11.744, 11.443, 11.239, 10.454, 10.408, 10.195, 10.611, 11.274, 10.822, 10.315, 10.479, 11.388, 11.807, 11.939, 12.074, 11.25, 11.24, 11.264, 11.38, 11.016, 9.606, 6.814, 5.1, 4.07, 3.793, 3.982, 4.771], [7.513, 4.573, 4.021, 2.329, 1.596, 1.952, 1.241, 0.0, 1.175, 1.383, 1.176, 2.332, 1.779, 1.23, 1.374, 1.658, 1.097, 1.314, 1.099, 1.258, 1.887, 2.307, 2.199, 2.009, 2.6, 3.934, 4.086, 3.321, 3.763, 4.302, 4.134, 3.99, 3.929, 3.612, 4.079, 4.704, 5.78, 6.064, 5.976, 6.055, 6.764, 8.134, 7.856, 9.281, 7.607, 1.888, 5.69, 8.389, 8.662, 8.746, 9.16, 9.75, 10.072, 10.366, 10.806, 10.98, 11.268, 11.692, 12.578, 12.622, 12.334, 12.144, 11.361, 11.339, 11.141, 11.557, 12.205, 11.771, 11.208, 11.334, 12.283, 12.746, 12.888, 12.992, 12.142, 12.131, 12.18, 12.324, 11.934, 10.477, 7.483, 5.588, 4.415, 4.134, 4.434, 5.453], [7.161, 4.419, 3.967, 2.598, 1.996, 2.55, 1.987, 1.175, 0.0, 1.251, 0.94, 2.04, 1.497, 1.108, 1.651, 1.884, 1.046, 1.053, 1.262, 1.28, 1.706, 2.04, 2.155, 1.987, 2.383, 3.445, 3.631, 2.724, 2.921, 3.489, 3.323, 3.42, 3.398, 2.972, 3.301, 3.903, 4.96, 5.216, 5.116, 5.375, 6.079, 7.396, 7.125, 8.652, 7.005, 1.364, 6.043, 8.839, 9.153, 9.096, 9.533, 10.146, 10.477, 10.844, 11.245, 11.375, 11.705, 12.099, 12.964, 13.01, 12.691, 12.539, 11.655, 11.592, 11.289, 11.714, 12.45, 12.024, 11.428, 11.689, 12.502, 12.943, 13.13, 13.168, 12.234, 12.253, 12.393, 12.58, 12.239, 10.785, 7.787, 5.634, 4.184, 4.045, 4.641, 5.65], [6.497, 3.593, 3.232, 1.86, 1.493, 2.014, 1.528, 1.383, 1.251, 0.0, 1.208, 2.281, 1.692, 1.563, 1.392, 1.3, 0.873, 1.587, 1.538, 1.672, 2.34, 2.56, 2.602, 2.435, 3.02, 4.419, 4.631, 3.775, 3.177, 3.547, 3.392, 3.248, 3.261, 3.028, 3.377, 4.091, 5.241, 5.517, 5.863, 6.264, 6.887, 8.134, 7.804, 9.314, 7.703, 1.763, 5.358, 8.165, 8.435, 8.331, 8.752, 9.338, 9.796, 10.135, 10.509, 10.575, 10.959, 11.395, 12.166, 12.165, 11.867, 11.729, 10.876, 10.621, 10.231, 10.68, 11.404, 11.034, 10.665, 11.015, 11.68, 12.056, 12.202, 12.161, 11.265, 11.212, 11.347, 11.771, 11.345, 9.951, 7.078, 4.994, 3.608, 3.517, 4.004, 4.894], [7.211, 4.454, 4.055, 2.754, 2.255, 2.589, 1.73, 1.176, 0.94, 1.208, 0.0, 1.63, 1.269, 1.163, 1.677, 1.96, 0.984, 0.912, 1.051, 1.051, 1.615, 1.856, 2.018, 1.93, 2.301, 3.432, 3.582, 2.734, 2.871, 3.39, 3.214, 3.142, 3.144, 2.865, 3.178, 3.878, 5.024, 5.267, 5.237, 5.423, 6.081, 7.351, 7.016, 8.504, 6.8, 1.285, 6.29, 9.107, 9.372, 9.297, 9.701, 10.332, 10.723, 11.054, 11.428, 11.542, 11.879, 12.315, 13.075, 13.112, 12.801, 12.692, 11.831, 11.656, 11.303, 11.73, 12.47, 12.13, 11.607, 11.938, 12.69, 13.081, 13.218, 13.183, 12.248, 12.266, 12.406, 12.684, 12.317, 10.885, 7.997, 5.855, 4.396, 4.318, 4.854, 5.821], [8.42, 5.743, 5.388, 4.0, 3.472, 3.892, 2.961, 2.332, 2.04, 2.281, 1.63, 0.0, 1.595, 1.983, 2.653, 3.218, 2.131, 1.392, 1.938, 1.673, 1.846, 1.854, 2.211, 2.46, 2.507, 2.713, 2.563, 1.843, 2.309, 2.734, 2.559, 2.482, 2.883, 2.728, 2.666, 3.082, 4.019, 4.222, 4.21, 4.237, 4.893, 6.05, 5.76, 7.126, 5.477, 1.426, 7.564, 10.365, 10.635, 10.53, 10.952, 11.536, 11.995, 12.335, 12.709, 12.815, 13.159, 13.595, 14.408, 14.41, 14.108, 13.945, 13.082, 12.757, 12.341, 12.82, 13.562, 13.206, 12.862, 13.203, 13.876, 14.195, 14.425, 14.346, 13.433, 13.381, 13.517, 14.016, 13.59, 12.196, 9.277, 7.056, 5.579, 5.535, 6.135, 7.093], [7.395, 4.637, 4.206, 2.803, 2.516, 2.674, 1.965, 1.779, 1.497, 1.692, 1.269, 1.595, 0.0, 1.192, 1.602, 2.0, 1.27, 1.628, 1.811, 1.795, 2.397, 2.731, 2.867, 2.712, 3.072, 3.599, 3.437, 2.668, 3.02, 3.548, 3.367, 3.108, 3.301, 3.08, 3.429, 3.894, 4.766, 5.079, 5.183, 5.414, 6.114, 7.393, 7.126, 8.562, 6.851, 1.713, 6.295, 9.065, 9.402, 9.351, 9.751, 10.364, 10.741, 11.069, 11.47, 11.615, 11.93, 12.327, 13.24, 13.286, 12.945, 12.77, 11.892, 11.832, 11.51, 11.936, 12.672, 12.242, 11.626, 11.928, 12.699, 13.141, 13.328, 13.387, 12.453, 12.472, 12.612, 12.823, 12.491, 11.06, 8.003, 5.816, 4.405, 4.229, 4.867, 5.873], [7.574, 4.729, 4.262, 2.864, 2.212, 2.599, 1.948, 1.23, 1.108, 1.563, 1.163, 1.983, 1.192, 0.0, 1.245, 1.922, 1.273, 1.381, 1.583, 1.438, 2.048, 2.366, 2.407, 2.262, 2.719, 3.632, 3.701, 2.851, 3.314, 3.837, 3.661, 3.642, 3.658, 3.317, 3.775, 4.279, 5.357, 5.655, 5.682, 5.813, 6.516, 7.775, 7.48, 8.853, 7.225, 1.655, 6.206, 8.894, 9.224, 9.271, 9.724, 10.328, 10.626, 10.835, 11.219, 11.393, 11.712, 12.12, 13.02, 13.069, 12.714, 12.624, 11.846, 11.816, 11.61, 12.026, 12.691, 12.299, 11.722, 11.892, 12.791, 13.265, 13.417, 13.453, 12.526, 12.538, 12.678, 12.794, 12.415, 10.937, 7.944, 5.945, 4.554, 4.262, 4.673, 5.936], [6.758, 3.877, 3.303, 2.011, 1.902, 2.099, 1.582, 1.374, 1.651, 1.392, 1.677, 2.653, 1.602, 1.245, 0.0, 1.164, 1.352, 1.878, 1.866, 1.882, 2.493, 2.802, 2.844, 2.727, 3.269, 4.465, 4.669, 3.678, 3.848, 4.36, 4.201, 3.99, 3.899, 3.687, 4.145, 4.778, 5.945, 6.262, 6.362, 6.552, 7.27, 8.518, 8.202, 9.595, 8.03, 2.062, 5.24, 7.856, 8.223, 8.257, 8.722, 9.338, 9.623, 9.816, 10.205, 10.352, 10.695, 11.124, 11.952, 12.046, 11.721, 11.575, 10.863, 10.798, 10.613, 11.03, 11.676, 11.311, 10.813, 10.976, 11.907, 12.318, 12.429, 12.453, 11.576, 11.564, 11.663, 11.779, 11.385, 9.908, 6.975, 5.171, 3.785, 3.539, 3.801, 4.974], [6.084, 3.142, 2.616, 1.427, 1.715, 1.793, 1.374, 1.658, 1.884, 1.3, 1.96, 3.218, 2.0, 1.922, 1.164, 0.0, 1.331, 2.164, 2.07, 2.376, 3.093, 3.394, 3.308, 3.11, 3.67, 5.001, 5.202, 4.308, 4.016, 4.442, 4.302, 4.026, 3.908, 3.805, 4.235, 4.917, 6.016, 6.334, 6.651, 6.912, 7.583, 8.982, 8.719, 10.229, 8.647, 2.525, 4.462, 7.182, 7.46, 7.533, 7.933, 8.543, 8.878, 9.155, 9.594, 9.769, 10.057, 10.48, 11.38, 11.427, 11.113, 10.903, 10.113, 10.088, 9.845, 10.261, 10.959, 10.518, 9.902, 10.118, 10.971, 11.413, 11.635, 11.702, 10.768, 10.787, 10.926, 11.055, 10.703, 9.249, 6.216, 4.171, 2.995, 2.791, 3.127, 4.159], [6.736, 3.986, 3.578, 1.906, 1.614, 1.991, 1.371, 1.097, 1.046, 0.873, 0.984, 2.131, 1.27, 1.273, 1.352, 1.331, 0.0, 1.186, 1.081, 1.33, 2.063, 2.469, 2.462, 2.252, 2.616, 3.861, 4.082, 3.288, 3.146, 3.662, 3.507, 3.311, 3.256, 2.994, 3.458, 4.068, 5.165, 5.467, 5.605, 5.815, 6.535, 7.924, 7.653, 9.164, 7.57, 1.458, 5.551, 8.269, 8.608, 8.576, 8.95, 9.509, 9.931, 10.318, 10.757, 10.932, 11.22, 11.643, 12.53, 12.563, 12.255, 12.052, 11.182, 11.09, 10.727, 11.162, 11.903, 11.501, 10.81, 11.114, 11.842, 12.303, 12.556, 12.622, 11.689, 11.691, 11.831, 12.138, 11.768, 10.336, 7.276, 5.033, 3.677, 3.672, 4.205, 5.147], [7.574, 4.856, 4.443, 2.977, 2.366, 2.796, 1.906, 1.314, 1.053, 1.587, 0.912, 1.392, 1.628, 1.381, 1.878, 2.164, 1.186, 0.0, 0.839, 0.939, 1.412, 1.608, 1.804, 1.819, 1.954, 3.005, 3.216, 2.377, 2.736, 3.251, 3.07, 3.092, 3.041, 2.822, 3.094, 3.674, 4.737, 4.994, 4.97, 4.933, 5.638, 6.977, 6.75, 8.198, 6.56, 1.145, 6.51, 9.273, 9.538, 9.497, 9.899, 10.511, 10.892, 11.238, 11.678, 11.852, 12.14, 12.563, 13.45, 13.47, 13.167, 12.973, 12.113, 12.004, 11.698, 12.123, 12.86, 12.408, 11.849, 12.127, 12.908, 13.299, 13.566, 13.593, 12.679, 12.662, 12.802, 13.059, 12.641, 11.238, 8.215, 5.996, 4.552, 4.534, 5.023, 6.111], [7.434, 4.66, 4.224, 2.563, 2.098, 2.509, 1.629, 1.099, 1.262, 1.538, 1.051, 1.938, 1.811, 1.583, 1.866, 2.07, 1.081, 0.839, 0.0, 0.895, 1.363, 1.745, 1.677, 1.571, 1.941, 3.258, 3.49, 2.776, 3.38, 3.92, 3.742, 3.708, 3.661, 3.345, 3.704, 4.328, 5.367, 5.622, 5.499, 5.388, 6.142, 7.416, 7.226, 8.52, 6.911, 1.511, 6.162, 8.91, 9.214, 9.165, 9.557, 10.125, 10.545, 10.924, 11.364, 11.538, 11.826, 12.25, 13.137, 13.156, 12.857, 12.659, 11.792, 11.687, 11.345, 11.77, 12.506, 12.097, 11.449, 11.764, 12.478, 12.905, 13.185, 13.223, 12.31, 12.308, 12.448, 12.745, 12.344, 10.925, 7.882, 5.739, 4.48, 4.427, 4.865, 5.771], [7.787, 5.016, 4.597, 3.005, 2.495, 2.948, 2.097, 1.258, 1.28, 1.672, 1.051, 1.673, 1.795, 1.438, 1.882, 2.376, 1.33, 0.939, 0.895, 0.0, 0.946, 1.356, 1.446, 1.343, 1.614, 2.911, 3.092, 2.6, 3.248, 3.783, 3.647, 3.646, 3.635, 3.194, 3.526, 4.177, 5.16, 5.438, 5.327, 5.17, 5.899, 7.145, 6.983, 8.124, 6.455, 1.424, 6.633, 9.391, 9.705, 9.613, 10.012, 10.581, 11.011, 11.402, 11.842, 12.016, 12.304, 12.728, 13.615, 13.634, 13.337, 13.129, 12.259, 12.083, 11.685, 12.144, 12.915, 12.531, 11.865, 12.213, 12.881, 13.265, 13.606, 13.615, 12.701, 12.676, 12.819, 13.223, 12.838, 11.407, 8.363, 6.222, 4.744, 4.687, 5.211, 6.209], [8.467, 5.686, 5.269, 3.729, 3.176, 3.675, 2.735, 1.887, 1.706, 2.34, 1.615, 1.846, 2.397, 2.048, 2.493, 3.093, 2.063, 1.412, 1.363, 0.946, 0.0, 0.655, 0.747, 0.884, 1.085, 2.265, 2.463, 2.228, 3.234, 3.705, 3.62, 3.751, 3.765, 3.297, 3.483, 4.155, 5.058, 5.287, 5.084, 4.899, 5.611, 6.777, 6.666, 7.538, 5.832, 1.837, 7.306, 10.115, 10.429, 10.293, 10.728, 11.292, 11.735, 12.12, 12.521, 12.69, 12.981, 13.401, 14.288, 14.305, 14.007, 13.801, 12.932, 12.726, 12.342, 12.801, 13.571, 13.179, 12.589, 12.938, 13.599, 13.956, 14.28, 14.264, 13.316, 13.324, 13.45, 13.896, 13.504, 12.076, 9.043, 6.928, 5.468, 5.424, 5.955, 6.883], [8.727, 5.951, 5.513, 4.126, 3.574, 4.024, 3.077, 2.307, 2.04, 2.56, 1.856, 1.854, 2.731, 2.366, 2.802, 3.394, 2.469, 1.608, 1.745, 1.356, 0.655, 0.0, 0.629, 1.01, 0.975, 2.07, 2.273, 1.936, 3.027, 3.58, 3.522, 3.697, 3.721, 3.405, 3.311, 3.972, 4.899, 5.063, 4.744, 4.6, 5.203, 6.324, 6.191, 7.089, 5.423, 2.088, 7.689, 10.487, 10.777, 10.655, 11.077, 11.661, 12.121, 12.46, 12.834, 12.964, 13.294, 13.72, 14.533, 14.545, 14.244, 14.105, 13.22, 12.92, 12.533, 12.995, 13.765, 13.419, 12.988, 13.325, 14.001, 14.307, 14.573, 14.479, 13.561, 13.527, 13.665, 14.141, 13.719, 12.321, 9.406, 7.329, 5.854, 5.839, 6.309, 7.219], [8.825, 5.961, 5.477, 3.944, 3.386, 3.869, 2.928, 2.199, 2.155, 2.602, 2.018, 2.211, 2.867, 2.407, 2.844, 3.308, 2.462, 1.804, 1.677, 1.446, 0.747, 0.629, 0.0, 0.595, 0.86, 2.124, 2.327, 2.184, 3.319, 3.993, 3.941, 4.08, 4.083, 3.634, 3.555, 4.249, 5.173, 5.403, 5.051, 4.897, 5.584, 6.706, 6.582, 7.379, 5.713, 2.239, 7.508, 10.325, 10.63, 10.494, 10.929, 11.485, 11.939, 12.32, 12.722, 12.851, 13.181, 13.576, 14.421, 14.439, 14.137, 13.994, 13.094, 12.847, 12.493, 12.943, 13.688, 13.342, 12.818, 13.156, 13.824, 14.195, 14.464, 14.39, 13.455, 13.449, 13.566, 14.029, 13.614, 12.209, 9.287, 7.204, 5.881, 5.827, 6.294, 7.072], [8.676, 5.786, 5.382, 3.719, 3.166, 3.647, 2.758, 2.009, 1.987, 2.435, 1.93, 2.46, 2.712, 2.262, 2.727, 3.11, 2.252, 1.819, 1.571, 1.343, 0.884, 1.01, 0.595, 0.0, 0.886, 2.251, 2.471, 2.362, 3.586, 4.268, 4.21, 4.33, 4.35, 3.916, 3.817, 4.475, 5.337, 5.558, 5.268, 5.099, 5.799, 6.957, 6.849, 7.618, 5.978, 2.252, 7.283, 10.105, 10.401, 10.264, 10.7, 11.256, 11.714, 12.091, 12.492, 12.658, 12.952, 13.37, 14.257, 14.27, 13.97, 13.766, 12.897, 12.689, 12.325, 12.776, 13.521, 13.109, 12.584, 12.933, 13.612, 14.002, 14.267, 14.227, 13.325, 13.282, 13.441, 13.865, 13.449, 12.045, 9.078, 6.924, 5.636, 5.611, 6.091, 6.874], [9.147, 6.392, 5.983, 4.341, 3.776, 4.323, 3.377, 2.6, 2.383, 3.02, 2.301, 2.507, 3.072, 2.719, 3.269, 3.67, 2.616, 1.954, 1.941, 1.614, 1.085, 0.975, 0.86, 0.886, 0.0, 1.542, 1.772, 2.003, 3.43, 4.204, 4.229, 4.377, 4.321, 3.919, 3.774, 4.242, 4.993, 5.214, 4.822, 4.59, 5.259, 6.455, 6.376, 6.958, 5.474, 2.415, 8.004, 10.721, 11.064, 10.971, 11.383, 11.889, 12.378, 12.774, 13.214, 13.388, 13.676, 14.099, 14.986, 15.004, 14.705, 14.499, 13.629, 13.422, 13.035, 13.493, 14.263, 13.872, 13.234, 13.54, 14.22, 14.618, 14.978, 14.957, 14.008, 14.016, 14.144, 14.595, 14.194, 12.774, 9.752, 7.446, 6.103, 6.032, 6.617, 7.581], [10.368, 7.679, 7.306, 5.681, 5.118, 5.704, 4.77, 3.934, 3.445, 4.419, 3.432, 2.713, 3.599, 3.632, 4.465, 5.001, 3.861, 3.005, 3.258, 2.911, 2.265, 2.07, 2.124, 2.251, 1.542, 0.0, 0.722, 1.54, 3.516, 4.25, 4.379, 4.614, 4.779, 4.507, 4.133, 3.811, 4.236, 4.452, 3.837, 3.575, 4.153, 5.317, 5.352, 5.767, 4.316, 3.283, 9.349, 12.059, 12.404, 12.345, 12.74, 13.27, 13.724, 14.114, 14.553, 14.727, 15.016, 15.439, 16.326, 16.361, 16.051, 15.843, 14.973, 14.848, 14.458, 14.909, 15.66, 15.264, 14.571, 14.848, 15.58, 16.057, 16.331, 16.377, 15.44, 15.421, 15.579, 15.934, 15.566, 14.134, 11.071, 8.751, 7.323, 7.224, 7.895, 8.92], [10.607, 7.923, 7.523, 5.898, 5.326, 5.875, 4.927, 4.086, 3.631, 4.631, 3.582, 2.563, 3.437, 3.701, 4.669, 5.202, 4.082, 3.216, 3.49, 3.092, 2.463, 2.273, 2.327, 2.471, 1.772, 0.722, 0.0, 1.394, 3.549, 4.23, 4.309, 4.664, 4.987, 4.683, 4.2, 3.63, 3.978, 4.26, 3.71, 3.574, 4.086, 5.257, 5.234, 5.696, 4.206, 3.455, 9.589, 12.277, 12.629, 12.602, 12.979, 13.527, 13.963, 14.331, 14.771, 14.945, 15.233, 15.657, 16.554, 16.601, 16.272, 16.064, 15.201, 15.106, 14.711, 15.162, 15.912, 15.52, 14.817, 15.093, 15.833, 16.311, 16.568, 16.634, 15.698, 15.673, 15.838, 16.152, 15.805, 14.374, 11.289, 9.006, 7.58, 7.449, 8.113, 9.164], [9.545, 6.894, 6.425, 4.999, 4.538, 5.021, 4.121, 3.321, 2.724, 3.775, 2.734, 1.843, 2.668, 2.851, 3.678, 4.308, 3.288, 2.377, 2.776, 2.6, 2.228, 1.936, 2.184, 2.362, 2.003, 1.54, 1.394, 0.0, 2.488, 3.258, 3.364, 3.659, 3.97, 3.727, 3.288, 2.887, 3.548, 3.813, 3.247, 3.192, 3.817, 5.054, 4.782, 6.102, 4.513, 2.534, 8.523, 11.305, 11.631, 11.588, 12.009, 12.622, 12.978, 13.302, 13.703, 13.847, 14.163, 14.559, 15.467, 15.513, 15.176, 15.0, 14.127, 14.088, 13.723, 14.172, 14.913, 14.5, 13.884, 14.201, 14.964, 15.388, 15.575, 15.63, 14.682, 14.685, 14.835, 15.054, 14.718, 13.287, 10.232, 8.056, 6.611, 6.472, 7.1, 8.126], [7.303, 4.727, 4.436, 4.025, 3.906, 4.342, 3.851, 3.763, 2.921, 3.177, 2.871, 2.309, 3.02, 3.314, 3.848, 4.016, 3.146, 2.736, 3.38, 3.248, 3.234, 3.027, 3.319, 3.586, 3.43, 3.516, 3.549, 2.488, 0.0, 1.154, 1.232, 1.436, 1.727, 1.518, 1.129, 1.188, 2.404, 2.926, 3.904, 4.827, 5.305, 6.664, 6.284, 8.02, 6.487, 2.226, 6.855, 9.359, 9.567, 9.471, 9.882, 10.489, 10.896, 11.21, 11.611, 11.69, 12.03, 12.466, 13.246, 13.267, 12.968, 12.823, 11.98, 11.819, 11.461, 11.893, 12.588, 12.239, 11.746, 12.093, 12.807, 13.118, 13.299, 13.249, 12.304, 12.325, 12.444, 12.855, 12.472, 11.041, 8.194, 6.162, 4.865, 5.009, 5.539, 6.281], [6.785, 4.448, 4.459, 4.338, 4.276, 4.623, 4.29, 4.302, 3.489, 3.547, 3.39, 2.734, 3.548, 3.837, 4.36, 4.442, 3.662, 3.251, 3.92, 3.783, 3.705, 3.58, 3.993, 4.268, 4.204, 4.25, 4.23, 3.258, 1.154, 0.0, 0.572, 1.01, 1.327, 1.184, 0.948, 1.252, 2.343, 3.216, 4.535, 5.455, 5.932, 7.292, 6.811, 8.534, 7.011, 2.595, 6.89, 9.275, 9.47, 9.354, 9.682, 10.212, 10.625, 10.911, 11.31, 11.321, 11.605, 12.026, 12.729, 12.676, 12.407, 12.364, 11.679, 11.415, 11.06, 11.538, 12.137, 11.944, 11.455, 11.876, 12.578, 12.67, 12.817, 12.604, 11.684, 11.649, 11.805, 12.278, 11.817, 10.529, 8.004, 6.095, 4.908, 5.057, 5.589, 6.194], [6.715, 4.323, 4.346, 4.172, 4.125, 4.495, 4.151, 4.134, 3.323, 3.392, 3.214, 2.559, 3.367, 3.661, 4.201, 4.302, 3.507, 3.07, 3.742, 3.647, 3.62, 3.522, 3.941, 4.21, 4.229, 4.379, 4.309, 3.364, 1.232, 0.572, 0.0, 0.942, 1.173, 1.042, 1.019, 1.446, 2.459, 3.3, 4.675, 5.621, 6.039, 7.39, 6.908, 8.631, 7.091, 2.462, 6.77, 9.149, 9.342, 9.232, 9.567, 10.078, 10.479, 10.784, 11.193, 11.246, 11.542, 11.965, 12.66, 12.595, 12.33, 12.293, 11.589, 11.258, 10.933, 11.405, 11.987, 11.766, 11.326, 11.765, 12.484, 12.635, 12.765, 12.523, 11.588, 11.578, 11.736, 12.204, 11.742, 10.47, 7.881, 5.978, 4.791, 4.94, 5.472, 6.072], [6.397, 3.966, 3.933, 3.874, 3.909, 4.149, 3.883, 3.99, 3.42, 3.248, 3.142, 2.482, 3.108, 3.642, 3.99, 4.026, 3.311, 3.092, 3.708, 3.646, 3.751, 3.697, 4.08, 4.33, 4.377, 4.614, 4.664, 3.659, 1.436, 1.01, 0.942, 0.0, 0.91, 0.991, 1.062, 1.698, 2.666, 3.489, 4.921, 5.772, 6.303, 7.663, 7.183, 8.966, 7.373, 2.465, 6.328, 8.723, 8.929, 8.818, 9.14, 9.657, 10.063, 10.401, 10.8, 10.882, 11.178, 11.609, 12.319, 12.259, 11.994, 11.939, 11.23, 10.883, 10.531, 11.004, 11.633, 11.404, 10.974, 11.377, 12.084, 12.202, 12.399, 12.232, 11.301, 11.239, 11.415, 11.916, 11.445, 10.117, 7.495, 5.542, 4.365, 4.512, 5.039, 5.64], [5.94, 3.718, 3.721, 3.753, 3.848, 3.991, 3.774, 3.929, 3.398, 3.261, 3.144, 2.883, 3.301, 3.658, 3.899, 3.908, 3.256, 3.041, 3.661, 3.635, 3.765, 3.721, 4.083, 4.35, 4.321, 4.779, 4.987, 3.97, 1.727, 1.327, 1.173, 0.91, 0.0, 0.846, 1.275, 1.833, 2.959, 3.919, 5.369, 6.238, 6.779, 8.165, 7.729, 9.512, 7.874, 2.462, 6.066, 8.28, 8.511, 8.421, 8.699, 9.143, 9.525, 9.883, 10.277, 10.398, 10.679, 11.072, 11.877, 11.815, 11.551, 11.486, 10.677, 10.366, 10.074, 10.533, 11.125, 10.904, 10.429, 10.828, 11.535, 11.702, 11.957, 11.788, 10.839, 10.794, 10.981, 11.474, 11.003, 9.656, 6.925, 5.078, 4.032, 4.174, 4.691, 5.157], [6.214, 3.936, 3.943, 3.649, 3.609, 4.008, 3.653, 3.612, 2.972, 3.028, 2.865, 2.728, 3.08, 3.317, 3.687, 3.805, 2.994, 2.822, 3.345, 3.194, 3.297, 3.405, 3.634, 3.916, 3.919, 4.507, 4.683, 3.727, 1.518, 1.184, 1.042, 0.991, 0.846, 0.0, 0.927, 1.66, 2.819, 3.723, 5.098, 5.938, 6.555, 7.941, 7.505, 9.288, 7.63, 2.049, 6.236, 8.475, 8.717, 8.66, 8.931, 9.397, 9.801, 10.167, 10.574, 10.679, 10.972, 11.368, 12.166, 12.11, 11.851, 11.782, 10.971, 10.682, 10.362, 10.837, 11.425, 11.264, 10.678, 11.064, 11.767, 11.955, 12.246, 12.108, 11.127, 11.12, 11.312, 11.763, 11.323, 9.956, 7.193, 5.307, 4.255, 4.39, 4.943, 5.417], [6.809, 4.442, 4.42, 4.159, 4.094, 4.494, 4.093, 4.079, 3.301, 3.377, 3.178, 2.666, 3.429, 3.775, 4.145, 4.235, 3.458, 3.094, 3.704, 3.526, 3.483, 3.311, 3.555, 3.817, 3.774, 4.133, 4.2, 3.288, 1.129, 0.948, 1.019, 1.062, 1.275, 0.927, 0.0, 1.213, 2.349, 3.115, 4.472, 5.392, 5.874, 7.234, 6.793, 8.577, 6.965, 2.383, 6.808, 9.14, 9.334, 9.226, 9.575, 10.096, 10.494, 10.809, 11.201, 11.253, 11.548, 11.985, 12.741, 12.687, 12.417, 12.351, 11.563, 11.26, 10.92, 11.398, 11.997, 11.78, 11.351, 11.725, 12.426, 12.575, 12.821, 12.659, 11.721, 11.661, 11.837, 12.338, 11.867, 10.526, 7.851, 5.962, 4.827, 4.964, 5.489, 6.048], [7.436, 5.153, 5.096, 4.869, 4.775, 5.168, 4.766, 4.704, 3.903, 4.091, 3.878, 3.082, 3.894, 4.279, 4.778, 4.917, 4.068, 3.674, 4.328, 4.177, 4.155, 3.972, 4.249, 4.475, 4.242, 3.811, 3.63, 2.887, 1.188, 1.252, 1.446, 1.698, 1.833, 1.66, 1.213, 0.0, 1.541, 2.57, 3.782, 4.848, 5.232, 6.602, 6.237, 7.973, 6.43, 3.047, 7.372, 9.566, 9.775, 9.697, 10.039, 10.593, 10.996, 11.334, 11.771, 11.873, 12.148, 12.539, 13.354, 13.373, 13.07, 12.938, 12.138, 11.916, 11.595, 12.031, 12.703, 12.374, 11.82, 12.21, 12.912, 13.178, 13.405, 13.351, 12.451, 12.39, 12.547, 12.962, 12.543, 11.167, 8.357, 6.395, 5.309, 5.451, 5.971, 6.52], [8.6, 6.281, 6.22, 5.955, 5.861, 6.269, 5.864, 5.78, 4.96, 5.241, 5.024, 4.019, 4.766, 5.357, 5.945, 6.016, 5.165, 4.737, 5.367, 5.16, 5.058, 4.899, 5.173, 5.337, 4.993, 4.236, 3.978, 3.548, 2.404, 2.343, 2.459, 2.666, 2.959, 2.819, 2.349, 1.541, 0.0, 1.447, 2.944, 3.694, 4.145, 5.518, 5.199, 6.935, 5.393, 4.21, 8.404, 10.669, 10.9, 10.752, 11.111, 11.627, 12.043, 12.403, 12.839, 13.006, 13.211, 13.607, 14.494, 14.51, 14.208, 14.008, 13.293, 13.105, 12.811, 13.247, 13.916, 13.532, 12.91, 13.365, 14.071, 14.203, 14.508, 14.498, 13.588, 13.526, 13.633, 14.102, 13.68, 12.36, 9.475, 7.456, 6.346, 6.488, 7.033, 7.591], [9.684, 7.182, 6.893, 6.351, 6.245, 6.687, 6.183, 6.064, 5.216, 5.517, 5.267, 4.222, 5.079, 5.655, 6.262, 6.334, 5.467, 4.994, 5.622, 5.438, 5.287, 5.063, 5.403, 5.558, 5.214, 4.452, 4.26, 3.813, 2.926, 3.216, 3.3, 3.489, 3.919, 3.723, 3.115, 2.57, 1.447, 0.0, 1.985, 2.592, 2.923, 4.314, 4.019, 5.731, 4.189, 4.523, 9.08, 11.707, 11.901, 11.746, 12.162, 12.732, 13.169, 13.514, 13.928, 14.111, 14.374, 14.791, 15.673, 15.681, 15.377, 15.175, 14.392, 14.116, 13.793, 14.234, 14.974, 14.542, 14.063, 14.478, 15.179, 15.361, 15.669, 15.626, 14.726, 14.653, 14.782, 15.281, 14.855, 13.481, 10.541, 8.411, 7.08, 7.22, 7.75, 8.569], [11.138, 8.461, 8.107, 6.912, 6.69, 7.274, 6.532, 5.976, 5.116, 5.863, 5.237, 4.21, 5.183, 5.682, 6.362, 6.651, 5.605, 4.97, 5.499, 5.327, 5.084, 4.744, 5.051, 5.268, 4.822, 3.837, 3.71, 3.247, 3.904, 4.535, 4.675, 4.921, 5.369, 5.098, 4.472, 3.782, 2.944, 1.985, 0.0, 1.308, 1.633, 2.86, 2.623, 4.337, 2.812, 4.633, 10.23, 13.018, 13.3, 13.164, 13.599, 14.167, 14.626, 14.991, 15.392, 15.528, 15.852, 16.246, 17.127, 17.139, 16.839, 16.663, 15.766, 15.515, 15.132, 15.583, 16.351, 15.983, 15.493, 15.836, 16.507, 16.82, 17.131, 17.063, 16.143, 16.112, 16.257, 16.735, 16.31, 14.915, 11.914, 9.701, 8.25, 8.243, 8.87, 9.755], [11.993, 9.316, 8.962, 7.456, 7.153, 7.664, 6.768, 6.055, 5.375, 6.264, 5.423, 4.237, 5.414, 5.813, 6.552, 6.912, 5.815, 4.933, 5.388, 5.17, 4.899, 4.6, 4.897, 5.099, 4.59, 3.575, 3.574, 3.192, 4.827, 5.455, 5.621, 5.772, 6.238, 5.938, 5.392, 4.848, 3.694, 2.592, 1.308, 0.0, 1.035, 2.322, 2.12, 3.569, 2.167, 4.906, 11.006, 13.793, 14.09, 13.966, 14.389, 14.945, 15.401, 15.78, 16.209, 16.383, 16.672, 17.095, 17.982, 17.997, 17.696, 17.493, 16.624, 16.383, 15.986, 16.449, 17.219, 16.84, 16.268, 16.62, 17.282, 17.61, 17.974, 17.919, 16.999, 16.98, 17.131, 17.59, 17.185, 15.77, 12.727, 10.461, 8.991, 8.953, 9.582, 10.576], [12.562, 9.885, 9.531, 8.127, 7.839, 8.342, 7.456, 6.764, 6.079, 6.887, 6.081, 4.893, 6.114, 6.516, 7.27, 7.583, 6.535, 5.638, 6.142, 5.899, 5.611, 5.203, 5.584, 5.799, 5.259, 4.153, 4.086, 3.817, 5.305, 5.932, 6.039, 6.303, 6.779, 6.555, 5.874, 5.232, 4.145, 2.923, 1.633, 1.035, 0.0, 1.591, 1.588, 2.992, 1.47, 5.585, 11.627, 14.385, 14.657, 14.565, 14.964, 15.54, 16.0, 16.346, 16.778, 16.952, 17.241, 17.676, 18.551, 18.561, 18.256, 18.054, 17.188, 16.898, 16.492, 16.957, 17.744, 17.348, 16.867, 17.219, 17.881, 18.19, 18.542, 18.477, 17.558, 17.52, 17.669, 18.159, 17.733, 16.339, 13.324, 11.06, 9.583, 9.558, 10.149, 11.17], [13.922, 11.256, 10.89, 9.547, 9.231, 9.74, 8.851, 8.134, 7.396, 8.134, 7.351, 6.05, 7.393, 7.775, 8.518, 8.982, 7.924, 6.977, 7.416, 7.145, 6.777, 6.324, 6.706, 6.957, 6.455, 5.317, 5.257, 5.054, 6.664, 7.292, 7.39, 7.663, 8.165, 7.941, 7.234, 6.602, 5.518, 4.314, 2.86, 2.322, 1.591, 0.0, 1.342, 1.654, 1.46, 6.916, 13.038, 15.86, 16.125, 16.004, 16.425, 17.01, 17.469, 17.809, 18.183, 18.312, 18.636, 19.069, 19.911, 19.916, 19.607, 19.433, 18.564, 18.237, 17.836, 18.305, 19.064, 18.662, 18.336, 18.679, 19.35, 19.655, 19.916, 19.83, 18.913, 18.87, 19.018, 19.519, 19.093, 17.699, 14.752, 12.536, 11.062, 11.033, 11.614, 12.576], [13.474, 10.785, 10.453, 9.314, 8.998, 9.474, 8.583, 7.856, 7.125, 7.804, 7.016, 5.76, 7.126, 7.48, 8.202, 8.719, 7.653, 6.75, 7.226, 6.983, 6.666, 6.191, 6.582, 6.849, 6.376, 5.352, 5.234, 4.782, 6.284, 6.811, 6.908, 7.183, 7.729, 7.505, 6.793, 6.237, 5.199, 4.019, 2.623, 2.12, 1.588, 1.342, 0.0, 1.888, 1.728, 6.454, 12.723, 15.541, 15.797, 15.685, 16.107, 16.691, 17.151, 17.49, 17.868, 17.942, 18.314, 18.75, 19.472, 19.428, 19.121, 19.052, 18.233, 17.811, 17.361, 17.876, 18.587, 18.298, 18.002, 18.343, 19.022, 19.337, 19.552, 19.35, 18.425, 18.382, 18.549, 19.066, 18.612, 17.249, 14.442, 12.225, 10.751, 10.727, 11.303, 12.266], [15.164, 12.502, 12.204, 10.947, 10.53, 10.98, 10.064, 9.281, 8.652, 9.314, 8.504, 7.126, 8.562, 8.853, 9.595, 10.229, 9.164, 8.198, 8.52, 8.124, 7.538, 7.089, 7.379, 7.618, 6.958, 5.767, 5.696, 6.102, 8.02, 8.534, 8.631, 8.966, 9.512, 9.288, 8.577, 7.973, 6.935, 5.731, 4.337, 3.569, 2.992, 1.654, 1.888, 0.0, 2.108, 8.109, 14.455, 17.259, 17.524, 17.421, 17.843, 18.427, 18.886, 19.226, 19.6, 19.666, 20.05, 20.486, 21.189, 21.186, 20.874, 20.79, 19.955, 19.547, 19.11, 19.593, 20.361, 20.028, 19.745, 20.086, 20.763, 21.073, 21.28, 21.059, 20.142, 20.099, 20.281, 20.752, 20.335, 18.968, 16.169, 13.947, 12.472, 12.443, 13.026, 13.986], [13.694, 10.987, 10.656, 9.394, 8.869, 9.314, 8.373, 7.607, 7.005, 7.703, 6.8, 5.477, 6.851, 7.225, 8.03, 8.647, 7.57, 6.56, 6.911, 6.455, 5.832, 5.423, 5.713, 5.978, 5.474, 4.316, 4.206, 4.513, 6.487, 7.011, 7.091, 7.373, 7.874, 7.63, 6.965, 6.43, 5.393, 4.189, 2.812, 2.167, 1.47, 1.46, 1.728, 2.108, 0.0, 6.447, 12.909, 15.689, 15.958, 15.879, 16.291, 16.881, 17.335, 17.683, 18.057, 18.163, 18.508, 18.944, 19.692, 19.622, 19.356, 19.291, 18.431, 18.002, 17.568, 18.074, 18.727, 18.537, 18.185, 18.526, 19.203, 19.52, 19.772, 19.574, 18.605, 18.573, 18.769, 19.289, 18.819, 17.469, 14.626, 12.404, 10.927, 10.89, 11.483, 12.442], [7.335, 4.646, 4.303, 3.033, 2.69, 3.192, 2.269, 1.888, 1.364, 1.763, 1.285, 1.426, 1.713, 1.655, 2.062, 2.525, 1.458, 1.145, 1.511, 1.424, 1.837, 2.088, 2.239, 2.252, 2.415, 3.283, 3.455, 2.534, 2.226, 2.595, 2.462, 2.465, 2.462, 2.049, 2.383, 3.047, 4.21, 4.523, 4.633, 4.906, 5.585, 6.916, 6.454, 8.109, 6.447, 0.0, 6.467, 9.29, 9.582, 9.449, 9.881, 10.441, 10.898, 11.272, 11.678, 11.803, 12.133, 12.528, 13.333, 13.279, 13.018, 12.947, 12.047, 11.795, 11.383, 11.86, 12.497, 12.311, 11.765, 12.095, 12.779, 13.146, 13.413, 13.289, 12.318, 12.292, 12.5, 12.93, 12.477, 11.11, 8.204, 5.972, 4.505, 4.513, 5.09, 6.032], [3.564, 2.612, 2.588, 3.704, 4.414, 4.079, 4.793, 5.69, 6.043, 5.358, 6.29, 7.564, 6.295, 6.206, 5.24, 4.462, 5.551, 6.51, 6.162, 6.633, 7.306, 7.689, 7.508, 7.283, 8.004, 9.349, 9.589, 8.523, 6.855, 6.89, 6.77, 6.328, 6.066, 6.236, 6.808, 7.372, 8.404, 9.08, 10.23, 11.006, 11.627, 13.038, 12.723, 14.455, 12.909, 6.467, 0.0, 2.831, 3.126, 3.176, 3.575, 4.196, 4.506, 4.854, 5.285, 5.44, 5.713, 6.131, 6.982, 7.012, 6.722, 6.553, 5.794, 5.73, 5.529, 5.92, 6.54, 6.11, 5.639, 5.959, 6.79, 7.213, 7.263, 7.435, 6.607, 6.597, 6.689, 6.731, 6.438, 5.086, 2.776, 2.271, 2.626, 2.425, 2.105, 2.292], [4.053, 4.948, 5.124, 6.387, 6.991, 6.546, 7.515, 8.389, 8.839, 8.165, 9.107, 10.365, 9.065, 8.894, 7.856, 7.182, 8.269, 9.273, 8.91, 9.391, 10.115, 10.487, 10.325, 10.105, 10.721, 12.059, 12.277, 11.305, 9.359, 9.275, 9.149, 8.723, 8.28, 8.475, 9.14, 9.566, 10.669, 11.707, 13.018, 13.793, 14.385, 15.86, 15.541, 17.259, 15.689, 9.29, 2.831, 0.0, 0.741, 1.043, 1.436, 1.98, 2.196, 2.382, 2.701, 2.764, 3.155, 3.712, 4.603, 4.711, 4.353, 4.454, 4.083, 4.018, 3.957, 3.957, 4.327, 3.938, 3.884, 4.206, 4.945, 5.454, 5.608, 5.7, 4.946, 4.878, 5.279, 5.194, 5.201, 4.09, 3.07, 3.621, 4.844, 4.868, 4.345, 3.605], [4.1, 5.194, 5.414, 6.744, 7.335, 6.848, 7.783, 8.662, 9.153, 8.435, 9.372, 10.635, 9.402, 9.224, 8.223, 7.46, 8.608, 9.538, 9.214, 9.705, 10.429, 10.777, 10.63, 10.401, 11.064, 12.404, 12.629, 11.631, 9.567, 9.47, 9.342, 8.929, 8.511, 8.717, 9.334, 9.775, 10.9, 11.901, 13.3, 14.09, 14.657, 16.125, 15.797, 17.524, 15.958, 9.582, 3.126, 0.741, 0.0, 0.664, 1.016, 1.676, 1.919, 2.137, 2.391, 2.45, 2.828, 3.195, 4.084, 4.203, 4.071, 4.132, 3.774, 3.736, 3.62, 3.547, 3.883, 3.611, 3.648, 4.017, 4.77, 5.169, 5.286, 5.403, 4.631, 4.519, 5.009, 4.934, 4.938, 3.872, 3.208, 3.865, 5.101, 5.182, 4.614, 3.845], [3.872, 5.13, 5.387, 6.734, 7.321, 6.892, 7.839, 8.746, 9.096, 8.331, 9.297, 10.53, 9.351, 9.271, 8.257, 7.533, 8.576, 9.497, 9.165, 9.613, 10.293, 10.655, 10.494, 10.264, 10.971, 12.345, 12.602, 11.588, 9.471, 9.354, 9.232, 8.818, 8.421, 8.66, 9.226, 9.697, 10.752, 11.746, 13.164, 13.966, 14.565, 16.004, 15.685, 17.421, 15.879, 9.449, 3.176, 1.043, 0.664, 0.0, 0.849, 1.478, 1.802, 2.169, 2.469, 2.471, 2.758, 3.228, 4.147, 4.186, 4.055, 4.124, 3.602, 3.459, 3.393, 3.382, 3.719, 3.424, 3.504, 3.957, 4.629, 4.968, 5.172, 5.236, 4.393, 4.322, 4.814, 4.893, 4.762, 3.663, 3.118, 3.834, 5.022, 5.199, 4.716, 3.835], [3.859, 5.467, 5.816, 7.108, 7.734, 7.291, 8.244, 9.16, 9.533, 8.752, 9.701, 10.952, 9.751, 9.724, 8.722, 7.933, 8.95, 9.899, 9.557, 10.012, 10.728, 11.077, 10.929, 10.7, 11.383, 12.74, 12.979, 12.009, 9.882, 9.682, 9.567, 9.14, 8.699, 8.931, 9.575, 10.039, 11.111, 12.162, 13.599, 14.389, 14.964, 16.425, 16.107, 17.843, 16.291, 9.881, 3.575, 1.436, 1.016, 0.849, 0.0, 0.878, 1.349, 1.733, 2.108, 2.182, 2.428, 2.809, 3.693, 3.735, 3.63, 3.742, 3.163, 2.978, 2.839, 2.821, 3.26, 2.988, 3.055, 3.586, 4.188, 4.556, 4.682, 4.724, 3.863, 3.843, 4.366, 4.447, 4.345, 3.273, 3.117, 4.074, 5.471, 5.596, 5.114, 4.004], [4.129, 6.017, 6.453, 7.674, 8.315, 7.93, 8.849, 9.75, 10.146, 9.338, 10.332, 11.536, 10.364, 10.328, 9.338, 8.543, 9.509, 10.511, 10.125, 10.581, 11.292, 11.661, 11.485, 11.256, 11.889, 13.27, 13.527, 12.622, 10.489, 10.212, 10.078, 9.657, 9.143, 9.397, 10.096, 10.593, 11.627, 12.732, 14.167, 14.945, 15.54, 17.01, 16.691, 18.427, 16.881, 10.441, 4.196, 1.98, 1.676, 1.478, 0.878, 0.0, 0.896, 1.336, 1.653, 1.832, 2.122, 2.443, 3.202, 3.353, 3.321, 3.367, 2.811, 2.647, 2.516, 2.426, 2.744, 2.381, 2.383, 2.909, 3.495, 3.884, 4.094, 4.08, 3.334, 3.3, 3.832, 3.937, 3.968, 3.031, 3.249, 4.598, 6.032, 6.19, 5.739, 4.521], [4.308, 6.439, 6.796, 8.089, 8.676, 8.233, 9.189, 10.072, 10.477, 9.796, 10.723, 11.995, 10.741, 10.626, 9.623, 8.878, 9.931, 10.892, 10.545, 11.011, 11.735, 12.121, 11.939, 11.714, 12.378, 13.724, 13.963, 12.978, 10.896, 10.625, 10.479, 10.063, 9.525, 9.801, 10.494, 10.996, 12.043, 13.169, 14.626, 15.401, 16.0, 17.469, 17.151, 18.886, 17.335, 10.898, 4.506, 2.196, 1.919, 1.802, 1.349, 0.896, 0.0, 0.671, 1.109, 1.331, 1.669, 2.007, 2.827, 2.925, 2.815, 2.672, 2.34, 2.307, 2.302, 2.293, 2.604, 2.068, 1.988, 2.495, 3.156, 3.528, 3.664, 3.711, 2.952, 2.942, 3.412, 3.409, 3.47, 2.679, 3.184, 4.973, 6.426, 6.553, 6.058, 4.915], [4.609, 6.784, 7.044, 8.433, 9.045, 8.524, 9.493, 10.366, 10.844, 10.135, 11.054, 12.335, 11.069, 10.835, 9.816, 9.155, 10.318, 11.238, 10.924, 11.402, 12.12, 12.46, 12.32, 12.091, 12.774, 14.114, 14.331, 13.302, 11.21, 10.911, 10.784, 10.401, 9.883, 10.167, 10.809, 11.334, 12.403, 13.514, 14.991, 15.78, 16.346, 17.809, 17.49, 19.226, 17.683, 11.272, 4.854, 2.382, 2.137, 2.169, 1.733, 1.336, 0.671, 0.0, 0.677, 1.028, 1.338, 1.693, 2.517, 2.717, 2.478, 2.429, 2.184, 2.229, 2.223, 2.178, 2.483, 1.97, 1.946, 2.443, 3.124, 3.433, 3.524, 3.606, 2.795, 2.833, 3.25, 3.194, 3.269, 2.648, 3.37, 5.369, 6.811, 6.89, 6.245, 5.257], [4.858, 7.145, 7.418, 8.872, 9.485, 8.963, 9.933, 10.806, 11.245, 10.509, 11.428, 12.709, 11.47, 11.219, 10.205, 9.594, 10.757, 11.678, 11.364, 11.842, 12.521, 12.834, 12.722, 12.492, 13.214, 14.553, 14.771, 13.703, 11.611, 11.31, 11.193, 10.8, 10.277, 10.574, 11.201, 11.771, 12.839, 13.928, 15.392, 16.209, 16.778, 18.183, 17.868, 19.6, 18.057, 11.678, 5.285, 2.701, 2.391, 2.469, 2.108, 1.653, 1.109, 0.677, 0.0, 0.678, 1.174, 1.553, 2.253, 2.543, 2.272, 2.267, 2.063, 2.057, 2.061, 1.945, 2.223, 1.757, 1.9, 2.318, 3.013, 3.312, 3.316, 3.458, 2.798, 2.657, 3.122, 3.063, 3.224, 2.665, 3.629, 5.808, 7.25, 7.329, 6.667, 5.659], [4.723, 7.211, 7.514, 9.047, 9.659, 9.137, 10.107, 10.98, 11.375, 10.575, 11.542, 12.815, 11.615, 11.393, 10.352, 9.769, 10.932, 11.852, 11.538, 12.016, 12.69, 12.964, 12.851, 12.658, 13.388, 14.727, 14.945, 13.847, 11.69, 11.321, 11.246, 10.882, 10.398, 10.679, 11.253, 11.873, 13.006, 14.111, 15.528, 16.383, 16.952, 18.312, 17.942, 19.666, 18.163, 11.803, 5.44, 2.764, 2.45, 2.471, 2.182, 1.832, 1.331, 1.028, 0.678, 0.0, 0.924, 1.423, 2.134, 2.375, 2.262, 2.442, 2.135, 2.136, 2.06, 1.925, 2.166, 1.939, 2.181, 2.527, 3.195, 3.467, 3.466, 3.547, 2.848, 2.782, 3.289, 3.179, 3.256, 2.547, 3.748, 5.983, 7.425, 7.504, 6.886, 5.807], [4.976, 7.595, 7.868, 9.335, 9.947, 9.426, 10.395, 11.268, 11.705, 10.959, 11.879, 13.159, 11.93, 11.712, 10.695, 10.057, 11.22, 12.14, 11.826, 12.304, 12.981, 13.294, 13.181, 12.952, 13.676, 15.016, 15.233, 14.163, 12.03, 11.605, 11.542, 11.178, 10.679, 10.972, 11.548, 12.148, 13.211, 14.374, 15.852, 16.672, 17.241, 18.636, 18.314, 20.05, 18.508, 12.133, 5.713, 3.155, 2.828, 2.758, 2.428, 2.122, 1.669, 1.338, 1.174, 0.924, 0.0, 0.804, 1.65, 1.864, 1.78, 1.98, 1.757, 1.739, 1.799, 1.631, 1.739, 1.727, 2.097, 2.341, 2.909, 3.125, 3.125, 3.183, 2.402, 2.365, 2.877, 2.793, 2.825, 2.301, 3.945, 6.271, 7.713, 7.792, 7.163, 6.118], [5.359, 8.031, 8.307, 9.758, 10.371, 9.853, 10.818, 11.692, 12.099, 11.395, 12.315, 13.595, 12.327, 12.12, 11.124, 10.48, 11.643, 12.563, 12.25, 12.728, 13.401, 13.72, 13.576, 13.37, 14.099, 15.439, 15.657, 14.559, 12.466, 12.026, 11.965, 11.609, 11.072, 11.368, 11.985, 12.539, 13.607, 14.791, 16.246, 17.095, 17.676, 19.069, 18.75, 20.486, 18.944, 12.528, 6.131, 3.712, 3.195, 3.228, 2.809, 2.443, 2.007, 1.693, 1.553, 1.423, 0.804, 0.0, 1.087, 1.337, 1.27, 1.461, 1.532, 1.604, 1.69, 1.53, 1.506, 1.59, 2.108, 2.134, 2.577, 2.736, 2.621, 2.689, 1.98, 1.963, 2.386, 2.178, 2.24, 2.149, 4.368, 6.694, 8.136, 8.215, 7.597, 6.519], [6.067, 8.741, 9.082, 10.669, 11.258, 10.761, 11.705, 12.578, 12.964, 12.166, 13.075, 14.408, 13.24, 13.02, 11.952, 11.38, 12.53, 13.45, 13.137, 13.615, 14.288, 14.533, 14.421, 14.257, 14.986, 16.326, 16.554, 15.467, 13.246, 12.729, 12.66, 12.319, 11.877, 12.166, 12.741, 13.354, 14.494, 15.673, 17.127, 17.982, 18.551, 19.911, 19.472, 21.189, 19.692, 13.333, 6.982, 4.603, 4.084, 4.147, 3.693, 3.202, 2.827, 2.517, 2.253, 2.134, 1.65, 1.087, 0.0, 0.663, 1.05, 1.098, 1.692, 1.874, 2.217, 1.907, 1.397, 1.801, 2.656, 2.52, 2.408, 2.498, 2.198, 2.089, 1.802, 1.822, 2.079, 1.639, 1.964, 2.391, 5.269, 7.581, 9.023, 9.105, 8.524, 7.406], [6.075, 8.719, 9.113, 10.715, 11.302, 10.808, 11.744, 12.622, 13.01, 12.165, 13.112, 14.41, 13.286, 13.069, 12.046, 11.427, 12.563, 13.47, 13.156, 13.634, 14.305, 14.545, 14.439, 14.27, 15.004, 16.361, 16.601, 15.513, 13.267, 12.676, 12.595, 12.259, 11.815, 12.11, 12.687, 13.373, 14.51, 15.681, 17.139, 17.997, 18.561, 19.916, 19.428, 21.186, 19.622, 13.279, 7.012, 4.711, 4.203, 4.186, 3.735, 3.353, 2.925, 2.717, 2.543, 2.375, 1.864, 1.337, 0.663, 0.0, 0.784, 0.98, 1.68, 1.831, 2.209, 1.915, 1.468, 1.968, 2.858, 2.702, 2.459, 2.481, 2.174, 1.889, 1.728, 1.752, 2.031, 1.646, 1.871, 2.368, 5.316, 7.609, 9.048, 9.151, 8.57, 7.448], [5.778, 8.429, 8.754, 10.376, 11.012, 10.497, 11.443, 12.334, 12.691, 11.867, 12.801, 14.108, 12.945, 12.714, 11.721, 11.113, 12.255, 13.167, 12.857, 13.337, 14.007, 14.244, 14.137, 13.97, 14.705, 16.051, 16.272, 15.176, 12.968, 12.407, 12.33, 11.994, 11.551, 11.851, 12.417, 13.07, 14.208, 15.377, 16.839, 17.696, 18.256, 19.607, 19.121, 20.874, 19.356, 13.018, 6.722, 4.353, 4.071, 4.055, 3.63, 3.321, 2.815, 2.478, 2.272, 2.262, 1.78, 1.27, 1.05, 0.784, 0.0, 0.96, 1.541, 1.659, 2.04, 1.844, 1.691, 1.937, 2.67, 2.5, 2.581, 2.606, 2.313, 2.076, 1.924, 1.877, 2.078, 1.647, 2.004, 2.334, 5.001, 7.306, 8.746, 8.83, 8.195, 7.14], [5.71, 8.382, 8.705, 10.193, 10.799, 10.329, 11.239, 12.144, 12.539, 11.729, 12.692, 13.945, 12.77, 12.624, 11.575, 10.903, 12.052, 12.973, 12.659, 13.129, 13.801, 14.105, 13.994, 13.766, 14.499, 15.843, 16.064, 15.0, 12.823, 12.364, 12.293, 11.939, 11.486, 11.782, 12.351, 12.938, 14.008, 15.175, 16.663, 17.493, 18.054, 19.433, 19.052, 20.79, 19.291, 12.947, 6.553, 4.454, 4.132, 4.124, 3.742, 3.367, 2.672, 2.429, 2.267, 2.442, 1.98, 1.461, 1.098, 0.98, 0.96, 0.0, 1.192, 1.583, 2.036, 1.942, 1.719, 1.776, 2.412, 2.162, 2.126, 2.053, 1.776, 1.828, 1.627, 1.583, 1.792, 1.589, 1.879, 2.193, 4.784, 7.099, 8.538, 8.629, 8.073, 6.939], [5.136, 7.556, 7.888, 9.345, 10.012, 9.588, 10.454, 11.361, 11.655, 10.876, 11.831, 13.082, 11.892, 11.846, 10.863, 10.113, 11.182, 12.113, 11.792, 12.259, 12.932, 13.22, 13.094, 12.897, 13.629, 14.973, 15.201, 14.127, 11.98, 11.679, 11.589, 11.23, 10.677, 10.971, 11.563, 12.138, 13.293, 14.392, 15.766, 16.624, 17.188, 18.564, 18.233, 19.955, 18.431, 12.047, 5.794, 4.083, 3.774, 3.602, 3.163, 2.811, 2.34, 2.184, 2.063, 2.135, 1.757, 1.532, 1.692, 1.68, 1.541, 1.192, 0.0, 0.767, 1.235, 1.29, 1.348, 1.407, 1.928, 1.87, 1.942, 2.046, 2.015, 2.077, 1.461, 1.643, 2.028, 2.016, 2.078, 2.114, 4.002, 6.262, 7.683, 7.795, 7.296, 6.071], [4.97, 7.32, 7.776, 9.272, 9.947, 9.536, 10.408, 11.339, 11.592, 10.621, 11.656, 12.757, 11.832, 11.816, 10.798, 10.088, 11.09, 12.004, 11.687, 12.083, 12.726, 12.92, 12.847, 12.689, 13.422, 14.848, 15.106, 14.088, 11.819, 11.415, 11.258, 10.883, 10.366, 10.682, 11.26, 11.916, 13.105, 14.116, 15.515, 16.383, 16.898, 18.237, 17.811, 19.547, 18.002, 11.795, 5.73, 4.018, 3.736, 3.459, 2.978, 2.647, 2.307, 2.229, 2.057, 2.136, 1.739, 1.604, 1.874, 1.831, 1.659, 1.583, 0.767, 0.0, 0.807, 0.892, 1.129, 1.211, 1.971, 2.022, 2.109, 2.409, 2.475, 2.301, 1.523, 1.603, 2.047, 2.226, 2.179, 2.169, 3.996, 6.172, 7.58, 7.754, 7.28, 5.981], [4.735, 7.003, 7.456, 8.915, 9.786, 9.371, 10.195, 11.141, 11.289, 10.231, 11.303, 12.341, 11.51, 11.61, 10.613, 9.845, 10.727