[[0.0, 1.182, 2.514, 3.421, 2.91, 1.957, 3.023, 4.465, 4.368, 4.71, 4.251, 3.47, 3.005, 2.726, 2.839, 3.256, 4.725, 6.023, 7.204, 7.113, 6.815, 6.668, 6.087, 5.642, 5.118, 4.969, 4.694, 4.821, 4.789, 4.319, 4.473, 4.137, 3.788, 3.581, 3.582, 3.2, 2.841, 3.05, 2.632, 2.343, 2.783, 3.854, 4.524, 4.215, 4.126, 4.29, 3.689, 3.21, 2.61, 2.393, 2.593, 2.396, 2.274, 2.073, 2.2, 2.448, 2.831, 2.738, 2.661, 3.295, 2.8, 2.526, 2.507, 2.535, 3.018, 4.232, 4.749, 4.661, 4.445, 4.111, 4.044, 3.888, 3.326, 2.861, 3.05, 2.741, 2.613, 3.044, 3.226, 3.283, 3.303, 3.053, 2.853, 2.704, 2.61, 2.631], [1.182, 0.0, 1.663, 2.53, 2.148, 1.717, 3.596, 5.247, 5.25, 5.58, 4.818, 4.202, 3.619, 3.156, 3.319, 4.049, 5.397, 6.75, 8.041, 7.955, 7.721, 7.574, 6.971, 6.496, 5.966, 5.692, 5.471, 5.6, 5.615, 5.072, 4.996, 4.739, 4.12, 3.77, 3.855, 3.582, 3.272, 3.694, 3.293, 2.401, 2.228, 3.204, 3.528, 3.191, 3.073, 3.271, 2.722, 2.663, 2.417, 2.032, 2.152, 2.152, 1.938, 1.827, 1.852, 2.169, 2.032, 2.001, 2.693, 3.381, 2.909, 2.658, 2.636, 2.593, 3.164, 4.45, 4.968, 4.953, 4.953, 4.626, 4.534, 4.084, 3.452, 3.078, 3.312, 2.951, 2.855, 3.38, 3.512, 3.475, 3.522, 3.346, 3.11, 2.934, 2.829, 2.885], [2.514, 1.663, 0.0, 1.362, 1.259, 2.184, 4.964, 6.456, 6.476, 6.411, 5.624, 5.223, 4.932, 4.145, 4.214, 5.478, 6.816, 8.08, 9.32, 9.327, 8.969, 8.828, 8.11, 7.604, 6.934, 6.449, 6.276, 6.524, 6.523, 5.917, 5.765, 5.481, 4.794, 4.359, 4.549, 4.344, 4.381, 4.68, 4.404, 3.044, 2.2, 2.601, 2.466, 2.185, 2.188, 2.28, 2.12, 2.722, 3.117, 2.724, 2.865, 2.979, 2.845, 2.671, 2.562, 2.837, 2.429, 2.408, 3.463, 4.129, 3.712, 3.615, 3.671, 3.645, 4.292, 5.763, 6.228, 6.268, 6.308, 6.018, 5.913, 5.275, 4.546, 4.315, 4.606, 4.138, 3.95, 4.273, 4.433, 4.501, 4.483, 4.232, 4.109, 4.023, 3.848, 3.831], [3.421, 2.53, 1.362, 0.0, 0.999, 2.515, 5.677, 7.139, 7.117, 6.949, 6.282, 6.036, 5.87, 5.071, 5.018, 6.348, 7.721, 8.811, 9.93, 10.127, 9.794, 9.607, 8.929, 8.392, 7.665, 7.013, 6.822, 7.246, 7.232, 6.473, 6.212, 5.83, 5.104, 4.641, 4.829, 4.794, 5.015, 5.598, 5.556, 3.96, 2.777, 2.66, 2.11, 1.853, 1.89, 1.894, 2.321, 3.147, 3.785, 3.534, 3.55, 3.751, 3.643, 3.434, 3.168, 3.316, 2.73, 2.992, 4.314, 4.858, 4.366, 4.335, 4.415, 4.367, 5.159, 6.638, 7.162, 7.139, 7.159, 6.839, 6.772, 6.197, 5.415, 5.218, 5.519, 5.081, 4.947, 5.377, 5.564, 5.546, 5.473, 5.354, 5.184, 5.055, 4.832, 4.86], [2.91, 2.148, 1.259, 0.999, 0.0, 2.1, 5.032, 6.461, 6.477, 6.345, 5.649, 5.519, 5.349, 4.474, 4.527, 5.722, 7.077, 8.112, 9.321, 9.405, 9.275, 9.073, 8.393, 7.673, 6.888, 6.369, 6.185, 6.559, 6.492, 5.815, 5.604, 5.22, 4.603, 4.171, 4.351, 4.241, 4.477, 5.127, 5.077, 3.408, 2.714, 2.946, 2.538, 2.313, 2.207, 2.331, 2.39, 3.122, 3.678, 3.366, 3.49, 3.696, 3.505, 3.303, 3.04, 3.22, 2.787, 2.983, 4.222, 4.726, 4.24, 4.041, 4.06, 4.056, 4.785, 6.224, 6.737, 6.673, 6.605, 6.311, 6.287, 5.83, 5.185, 4.897, 5.109, 4.712, 4.514, 5.113, 5.292, 5.17, 5.052, 5.084, 4.885, 4.693, 4.46, 4.465], [1.957, 1.717, 2.184, 2.515, 2.1, 0.0, 3.238, 4.78, 4.798, 4.9, 4.066, 3.984, 4.007, 3.488, 3.382, 4.198, 5.346, 6.388, 7.646, 7.788, 7.652, 7.464, 6.777, 6.265, 5.485, 4.998, 4.702, 4.963, 5.008, 4.413, 4.207, 3.865, 3.412, 3.105, 3.234, 3.123, 3.429, 3.952, 3.764, 2.695, 2.234, 2.871, 3.504, 3.615, 3.424, 3.374, 3.516, 3.875, 3.552, 3.121, 3.35, 3.264, 3.062, 2.988, 3.074, 3.408, 3.347, 3.16, 3.904, 4.425, 4.001, 3.758, 3.74, 3.661, 4.14, 5.385, 5.894, 5.746, 5.363, 5.129, 5.112, 5.033, 4.419, 4.0, 4.177, 3.868, 3.781, 4.433, 4.572, 4.511, 4.655, 4.655, 4.396, 4.104, 3.984, 3.991], [3.023, 3.596, 4.964, 5.677, 5.032, 3.238, 0.0, 1.794, 1.856, 2.134, 1.744, 1.445, 1.59, 1.723, 1.96, 1.77, 2.38, 3.362, 4.6, 4.717, 4.589, 4.424, 3.762, 3.34, 2.706, 2.535, 2.028, 2.093, 2.135, 1.823, 2.597, 2.568, 2.553, 2.777, 2.713, 2.129, 1.772, 2.001, 1.98, 2.532, 4.246, 5.761, 6.602, 6.515, 6.182, 6.353, 5.767, 5.414, 4.788, 4.476, 4.614, 4.463, 4.336, 4.265, 4.462, 4.311, 5.199, 5.253, 4.477, 4.896, 4.65, 4.549, 4.48, 4.494, 3.773, 4.222, 4.978, 4.726, 4.23, 4.095, 3.721, 3.862, 3.924, 3.385, 2.964, 2.92, 2.924, 3.152, 3.346, 3.688, 4.182, 4.391, 4.008, 3.642, 3.509, 3.356], [4.465, 5.247, 6.456, 7.139, 6.461, 4.78, 1.794, 0.0, 0.913, 1.398, 1.735, 1.844, 2.142, 2.609, 2.905, 2.036, 1.883, 1.977, 3.095, 3.297, 3.143, 2.983, 2.349, 2.034, 1.875, 2.114, 1.839, 1.549, 1.582, 2.33, 3.243, 3.207, 3.307, 3.621, 3.614, 3.228, 2.779, 2.552, 2.736, 4.055, 5.732, 7.183, 8.147, 8.187, 7.815, 7.91, 7.395, 6.661, 5.884, 5.893, 6.243, 6.108, 5.99, 5.864, 6.12, 5.944, 6.864, 6.937, 5.612, 5.807, 5.86, 5.726, 5.643, 5.541, 4.604, 4.781, 5.5, 5.323, 4.883, 4.779, 4.337, 4.461, 4.962, 4.294, 3.787, 3.842, 3.542, 3.549, 3.886, 4.241, 4.656, 4.936, 4.562, 4.176, 4.179, 4.029], [4.368, 5.25, 6.476, 7.117, 6.477, 4.798, 1.856, 0.913, 0.0, 1.349, 1.722, 1.698, 2.162, 2.641, 2.729, 1.834, 1.984, 2.239, 3.207, 3.34, 3.131, 2.909, 2.442, 2.162, 1.81, 1.899, 1.764, 1.566, 1.714, 2.158, 2.971, 2.908, 2.999, 3.336, 3.391, 3.053, 2.725, 2.458, 2.721, 4.106, 5.8, 7.331, 8.192, 8.136, 7.897, 8.004, 7.549, 7.028, 6.281, 6.114, 6.394, 6.208, 6.071, 5.936, 6.105, 5.967, 6.877, 6.888, 5.889, 6.166, 6.042, 5.912, 5.857, 5.815, 5.027, 5.134, 5.889, 5.768, 5.362, 5.271, 4.815, 4.926, 5.325, 4.708, 4.184, 4.229, 3.876, 3.976, 4.288, 4.587, 4.887, 5.075, 4.763, 4.385, 4.426, 4.342], [4.71, 5.58, 6.411, 6.949, 6.345, 4.9, 2.134, 1.398, 1.349, 0.0, 1.277, 1.721, 2.439, 2.657, 2.853, 2.181, 2.455, 2.449, 3.356, 3.654, 3.391, 3.234, 2.576, 2.139, 1.607, 1.546, 1.367, 1.586, 1.658, 1.735, 2.384, 2.446, 2.71, 3.187, 3.219, 2.834, 2.689, 2.827, 3.195, 3.933, 5.591, 7.248, 8.232, 8.248, 8.032, 8.117, 7.723, 7.298, 6.606, 6.384, 6.587, 6.39, 6.338, 6.189, 6.425, 6.275, 7.169, 7.157, 6.249, 6.572, 6.365, 6.398, 6.307, 6.309, 5.386, 5.649, 6.469, 6.268, 5.777, 5.65, 5.243, 5.369, 5.605, 5.068, 4.525, 4.566, 4.416, 4.418, 4.721, 5.129, 5.629, 5.83, 5.478, 5.079, 5.001, 4.869], [4.251, 4.818, 5.624, 6.282, 5.649, 4.066, 1.744, 1.735, 1.722, 1.277, 0.0, 1.145, 1.851, 2.071, 2.244, 2.027, 2.385, 2.984, 4.212, 4.358, 4.167, 3.971, 3.275, 2.764, 2.082, 1.727, 1.68, 1.715, 1.806, 1.695, 2.107, 2.093, 2.238, 2.708, 2.75, 2.474, 2.481, 2.297, 2.767, 3.059, 4.816, 6.276, 7.253, 7.235, 7.097, 7.151, 6.865, 6.668, 6.033, 5.662, 5.777, 5.581, 5.583, 5.584, 5.794, 5.618, 6.396, 6.324, 5.674, 6.098, 6.0, 5.943, 5.845, 5.881, 4.979, 5.284, 6.104, 5.908, 5.421, 5.274, 4.888, 5.01, 5.091, 4.616, 4.148, 4.122, 4.166, 4.152, 4.383, 4.762, 5.368, 5.607, 5.185, 4.814, 4.76, 4.6], [3.47, 4.202, 5.223, 6.036, 5.519, 3.984, 1.445, 1.844, 1.698, 1.721, 1.145, 0.0, 1.05, 1.48, 1.661, 1.395, 2.167, 3.137, 4.3, 4.418, 4.072, 3.922, 3.204, 2.863, 2.243, 2.02, 1.811, 1.828, 1.917, 1.664, 2.34, 2.227, 2.188, 2.528, 2.595, 2.262, 1.886, 1.772, 2.031, 2.95, 4.728, 6.271, 7.133, 6.941, 6.797, 6.927, 6.43, 6.119, 5.493, 5.179, 5.289, 5.047, 5.022, 4.915, 5.114, 4.947, 5.82, 5.831, 5.081, 5.495, 5.273, 5.265, 5.179, 5.206, 4.409, 4.72, 5.54, 5.339, 4.856, 4.705, 4.323, 4.446, 4.539, 4.044, 3.579, 3.553, 3.461, 3.415, 3.77, 4.129, 4.657, 4.793, 4.44, 4.033, 4.016, 3.865], [3.005, 3.619, 4.932, 5.87, 5.349, 4.007, 1.59, 2.142, 2.162, 2.439, 1.851, 1.05, 0.0, 1.184, 1.433, 1.384, 2.325, 3.431, 4.784, 4.614, 4.389, 4.289, 3.718, 3.343, 2.892, 2.624, 2.613, 2.589, 2.64, 2.355, 3.033, 2.826, 2.566, 2.522, 2.543, 2.217, 1.695, 1.671, 1.492, 2.843, 4.654, 6.17, 7.017, 6.689, 6.498, 6.749, 6.103, 5.524, 4.92, 4.681, 4.828, 4.537, 4.382, 4.309, 4.444, 4.266, 5.097, 5.104, 4.353, 4.83, 4.586, 4.463, 4.388, 4.477, 3.824, 4.14, 4.965, 4.777, 4.339, 4.148, 3.738, 3.859, 3.946, 3.458, 3.008, 3.018, 2.839, 2.722, 3.109, 3.49, 3.883, 3.966, 3.593, 3.299, 3.223, 3.076], [2.726, 3.156, 4.145, 5.071, 4.474, 3.488, 1.723, 2.609, 2.641, 2.657, 2.071, 1.48, 1.184, 0.0, 0.867, 1.662, 3.052, 4.244, 5.436, 5.497, 5.124, 4.923, 4.229, 3.67, 3.082, 2.819, 2.649, 2.826, 2.801, 2.233, 2.728, 2.551, 2.163, 2.076, 1.942, 1.517, 1.308, 1.572, 1.671, 1.938, 3.744, 5.365, 6.295, 6.105, 6.035, 6.152, 5.664, 5.471, 4.865, 4.536, 4.549, 4.372, 4.232, 4.181, 4.245, 4.117, 4.827, 4.774, 4.332, 4.82, 4.561, 4.442, 4.341, 4.431, 3.839, 4.269, 5.081, 4.875, 4.462, 4.268, 3.796, 3.939, 4.032, 3.478, 3.057, 3.005, 2.793, 2.776, 3.101, 3.589, 4.01, 3.982, 3.626, 3.325, 3.26, 3.153], [2.839, 3.319, 4.214, 5.018, 4.527, 3.382, 1.96, 2.905, 2.729, 2.853, 2.244, 1.661, 1.433, 0.867, 0.0, 1.783, 3.345, 4.532, 5.584, 5.652, 5.202, 4.943, 4.406, 3.943, 3.353, 2.826, 2.872, 3.128, 3.166, 2.445, 2.658, 2.474, 2.016, 1.878, 1.709, 1.255, 1.295, 1.901, 1.935, 2.221, 3.887, 5.426, 6.333, 6.143, 6.036, 6.149, 5.804, 5.755, 5.21, 4.829, 4.882, 4.643, 4.524, 4.495, 4.515, 4.423, 4.98, 4.778, 4.682, 5.216, 4.918, 4.667, 4.641, 4.774, 4.247, 4.671, 5.472, 5.227, 4.742, 4.601, 4.191, 4.348, 4.432, 3.893, 3.481, 3.419, 3.179, 3.115, 3.465, 3.984, 4.371, 4.189, 3.928, 3.726, 3.611, 3.496], [3.256, 4.049, 5.478, 6.348, 5.722, 4.198, 1.77, 2.036, 1.834, 2.181, 2.027, 1.395, 1.384, 1.662, 1.783, 0.0, 1.689, 3.006, 4.211, 4.2, 3.942, 3.704, 3.103, 2.667, 2.218, 2.263, 1.974, 1.9, 1.929, 1.99, 2.723, 2.576, 2.65, 2.848, 2.84, 2.496, 2.04, 2.0, 1.841, 3.295, 5.11, 6.616, 7.461, 7.164, 7.027, 7.225, 6.578, 6.062, 5.317, 5.15, 5.358, 5.065, 4.98, 4.85, 4.993, 4.86, 5.649, 5.6, 4.729, 5.049, 4.91, 4.824, 4.84, 4.869, 4.042, 4.262, 5.045, 4.813, 4.333, 4.251, 3.832, 3.972, 4.388, 3.721, 3.204, 3.267, 2.87, 2.914, 3.171, 3.57, 3.962, 3.917, 3.595, 3.33, 3.284, 3.139], [4.725, 5.397, 6.816, 7.721, 7.077, 5.346, 2.38, 1.883, 1.984, 2.455, 2.385, 2.167, 2.325, 3.052, 3.345, 1.689, 0.0, 1.609, 2.917, 2.806, 2.827, 2.702, 2.23, 2.012, 2.001, 2.359, 2.033, 1.687, 1.646, 2.287, 3.214, 3.196, 3.708, 4.187, 4.295, 3.956, 3.406, 2.83, 2.713, 4.499, 6.343, 7.791, 8.635, 8.373, 8.217, 8.398, 7.748, 6.805, 5.926, 6.037, 6.36, 6.182, 6.038, 6.017, 6.235, 6.106, 6.875, 6.922, 5.27, 5.436, 5.61, 5.541, 5.531, 5.462, 4.479, 4.197, 4.933, 4.929, 4.665, 4.596, 4.098, 4.336, 5.01, 4.334, 3.83, 4.014, 3.383, 3.26, 3.45, 3.732, 3.83, 4.055, 3.811, 3.572, 3.58, 3.58], [6.023, 6.75, 8.08, 8.811, 8.112, 6.388, 3.362, 1.977, 2.239, 2.449, 2.984, 3.137, 3.431, 4.244, 4.532, 3.006, 1.609, 0.0, 1.525, 1.629, 1.757, 1.645, 1.362, 1.479, 1.74, 2.244, 2.371, 2.026, 2.094, 2.935, 3.767, 4.035, 4.719, 5.224, 5.307, 4.959, 4.439, 4.01, 4.009, 5.648, 7.396, 8.92, 9.804, 9.721, 9.376, 9.586, 8.962, 7.968, 7.094, 7.251, 7.626, 7.408, 7.263, 7.15, 7.424, 7.258, 8.184, 8.279, 6.597, 6.644, 6.83, 6.678, 6.667, 6.588, 5.582, 5.319, 6.102, 6.01, 5.775, 5.695, 5.16, 5.479, 6.181, 5.519, 5.0, 5.193, 4.536, 4.425, 4.739, 4.917, 5.153, 5.443, 5.181, 4.907, 4.949, 4.898], [7.204, 8.041, 9.32, 9.93, 9.321, 7.646, 4.6, 3.095, 3.207, 3.356, 4.212, 4.3, 4.784, 5.436, 5.584, 4.211, 2.917, 1.525, 0.0, 0.846, 1.092, 1.204, 1.372, 1.946, 2.725, 3.245, 3.341, 3.153, 3.237, 3.925, 4.716, 5.004, 5.669, 6.205, 6.271, 5.92, 5.436, 5.332, 5.391, 6.951, 8.613, 10.149, 11.038, 11.065, 10.708, 10.857, 10.255, 9.369, 8.506, 8.59, 8.963, 8.855, 8.734, 8.559, 8.825, 8.679, 9.611, 9.69, 8.084, 7.976, 8.187, 8.01, 8.034, 7.961, 6.918, 6.411, 7.125, 7.18, 7.002, 6.91, 6.425, 6.789, 7.562, 6.924, 6.405, 6.566, 5.936, 5.845, 6.097, 6.247, 6.307, 6.597, 6.518, 6.283, 6.299, 6.324], [7.113, 7.955, 9.327, 10.127, 9.405, 7.788, 4.717, 3.297, 3.34, 3.654, 4.358, 4.418, 4.614, 5.497, 5.652, 4.2, 2.806, 1.629, 0.846, 0.0, 0.916, 1.189, 1.473, 2.03, 2.789, 3.34, 3.663, 3.412, 3.52, 4.285, 5.063, 5.26, 5.942, 6.404, 6.49, 6.167, 5.604, 5.394, 5.228, 7.081, 8.833, 10.385, 11.245, 11.066, 10.79, 11.014, 10.377, 9.398, 8.501, 8.645, 9.027, 8.837, 8.667, 8.543, 8.724, 8.573, 9.442, 9.475, 7.932, 7.939, 8.085, 7.884, 7.897, 7.875, 6.951, 6.556, 7.301, 7.311, 7.102, 7.019, 6.497, 6.799, 7.55, 6.916, 6.396, 6.613, 5.825, 5.678, 5.99, 6.169, 6.067, 6.338, 6.287, 6.119, 6.103, 6.086], [6.815, 7.721, 8.969, 9.794, 9.275, 7.652, 4.589, 3.143, 3.131, 3.391, 4.167, 4.072, 4.389, 5.124, 5.202, 3.942, 2.827, 1.757, 1.092, 0.916, 0.0, 0.574, 1.085, 1.72, 2.59, 3.042, 3.451, 3.274, 3.38, 3.964, 4.694, 4.893, 5.595, 6.081, 6.149, 5.799, 5.249, 5.056, 4.989, 6.914, 8.689, 10.25, 11.108, 10.828, 10.69, 10.877, 10.33, 9.434, 8.576, 8.618, 8.909, 8.768, 8.647, 8.522, 8.682, 8.545, 9.356, 9.365, 7.927, 8.04, 8.15, 8.039, 8.047, 8.009, 7.099, 6.857, 7.601, 7.572, 7.272, 7.201, 6.71, 6.956, 7.674, 6.999, 6.485, 6.612, 5.841, 5.608, 6.058, 6.334, 6.314, 6.468, 6.232, 6.038, 6.089, 6.066], [6.668, 7.574, 8.828, 9.607, 9.073, 7.464, 4.424, 2.983, 2.909, 3.234, 3.971, 3.922, 4.289, 4.923, 4.943, 3.704, 2.702, 1.645, 1.204, 1.189, 0.574, 0.0, 0.879, 1.484, 2.389, 2.918, 3.253, 3.084, 3.168, 3.763, 4.467, 4.641, 5.271, 5.762, 5.812, 5.48, 4.992, 4.879, 4.89, 6.706, 8.481, 10.046, 10.914, 10.667, 10.565, 10.716, 10.161, 9.323, 8.489, 8.511, 8.763, 8.641, 8.522, 8.399, 8.559, 8.423, 9.24, 9.225, 7.839, 7.995, 8.067, 7.946, 7.953, 7.946, 7.029, 6.768, 7.505, 7.484, 7.207, 7.126, 6.622, 6.898, 7.589, 6.908, 6.4, 6.498, 5.78, 5.552, 5.983, 6.254, 6.247, 6.293, 6.166, 5.935, 6.017, 6.017], [6.087, 6.971, 8.11, 8.929, 8.393, 6.777, 3.762, 2.349, 2.442, 2.576, 3.275, 3.204, 3.718, 4.229, 4.406, 3.103, 2.23, 1.362, 1.372, 1.473, 1.085, 0.879, 0.0, 0.909, 1.715, 2.291, 2.567, 2.391, 2.454, 3.109, 3.89, 4.105, 4.788, 5.268, 5.338, 5.022, 4.471, 4.195, 4.256, 5.972, 7.763, 9.324, 10.224, 10.003, 9.91, 10.04, 9.5, 8.75, 7.96, 7.905, 8.197, 7.993, 7.881, 7.768, 7.929, 7.819, 8.635, 8.649, 7.358, 7.576, 7.582, 7.56, 7.518, 7.485, 6.574, 6.328, 7.103, 7.069, 6.805, 6.735, 6.215, 6.48, 7.055, 6.376, 5.865, 5.915, 5.291, 5.135, 5.522, 5.861, 5.979, 6.023, 5.853, 5.468, 5.546, 5.523], [5.642, 6.496, 7.604, 8.392, 7.673, 6.265, 3.34, 2.034, 2.162, 2.139, 2.764, 2.863, 3.343, 3.67, 3.943, 2.667, 2.012, 1.479, 1.946, 2.03, 1.72, 1.484, 0.909, 0.0, 0.988, 1.663, 1.966, 1.808, 1.8, 2.499, 3.242, 3.447, 4.103, 4.597, 4.663, 4.347, 3.843, 3.747, 3.971, 5.341, 7.065, 8.774, 9.702, 9.521, 9.449, 9.569, 9.065, 8.352, 7.561, 7.507, 7.777, 7.582, 7.47, 7.363, 7.516, 7.374, 8.163, 8.157, 6.951, 7.185, 7.162, 7.092, 7.057, 7.051, 6.172, 6.072, 6.845, 6.758, 6.416, 6.352, 5.867, 6.081, 6.655, 5.975, 5.472, 5.525, 4.865, 4.763, 5.089, 5.499, 5.679, 5.76, 5.458, 5.167, 5.183, 5.118], [5.118, 5.966, 6.934, 7.665, 6.888, 5.485, 2.706, 1.875, 1.81, 1.607, 2.082, 2.243, 2.892, 3.082, 3.353, 2.218, 2.001, 1.74, 2.725, 2.789, 2.59, 2.389, 1.715, 0.988, 0.0, 1.056, 1.195, 1.264, 1.263, 1.671, 2.436, 2.648, 3.343, 3.815, 3.896, 3.656, 3.268, 3.237, 3.485, 4.523, 6.254, 7.995, 8.922, 8.828, 8.689, 8.793, 8.358, 7.837, 7.092, 6.908, 7.151, 6.938, 6.802, 6.717, 6.885, 6.758, 7.538, 7.531, 6.581, 6.83, 6.762, 6.672, 6.623, 6.599, 5.791, 5.916, 6.736, 6.545, 6.1, 6.016, 5.561, 5.709, 6.141, 5.493, 4.974, 5.039, 4.484, 4.494, 4.808, 5.245, 5.642, 5.815, 5.458, 5.14, 5.077, 4.94], [4.969, 5.692, 6.449, 7.013, 6.369, 4.998, 2.535, 2.114, 1.899, 1.546, 1.727, 2.02, 2.624, 2.819, 2.826, 2.263, 2.359, 2.244, 3.245, 3.34, 3.042, 2.918, 2.291, 1.663, 1.056, 0.0, 0.962, 1.34, 1.492, 1.4, 1.935, 2.084, 2.732, 3.203, 3.272, 3.033, 2.921, 3.224, 3.528, 4.187, 5.876, 7.444, 8.427, 8.394, 8.238, 8.315, 8.073, 7.877, 7.199, 6.928, 7.009, 6.834, 6.663, 6.582, 6.683, 6.531, 7.324, 7.176, 6.731, 7.025, 6.831, 6.743, 6.681, 6.739, 5.968, 6.179, 7.002, 6.8, 6.332, 6.223, 5.789, 5.905, 6.177, 5.653, 5.084, 5.159, 4.734, 4.78, 5.076, 5.516, 5.897, 6.071, 5.719, 5.451, 5.34, 5.198], [4.694, 5.471, 6.276, 6.822, 6.185, 4.702, 2.028, 1.839, 1.764, 1.367, 1.68, 1.811, 2.613, 2.649, 2.872, 1.974, 2.033, 2.371, 3.341, 3.663, 3.451, 3.253, 2.567, 1.966, 1.195, 0.962, 0.0, 0.764, 0.831, 0.931, 1.739, 1.894, 2.509, 3.063, 3.08, 2.818, 2.894, 2.955, 3.324, 3.819, 5.413, 7.019, 8.028, 8.099, 7.799, 7.887, 7.516, 7.179, 6.46, 6.277, 6.505, 6.292, 6.237, 6.084, 6.34, 6.178, 7.082, 7.03, 6.189, 6.454, 6.342, 6.326, 6.225, 6.135, 5.211, 5.546, 6.278, 6.025, 5.562, 5.462, 5.052, 5.181, 5.51, 4.879, 4.36, 4.418, 4.228, 4.432, 4.655, 5.051, 5.561, 5.762, 5.38, 5.022, 4.841, 4.712], [4.821, 5.6, 6.524, 7.246, 6.559, 4.963, 2.093, 1.549, 1.566, 1.586, 1.715, 1.828, 2.589, 2.826, 3.128, 1.9, 1.687, 2.026, 3.153, 3.412, 3.274, 3.084, 2.391, 1.808, 1.264, 1.34, 0.764, 0.0, 0.635, 1.257, 2.231, 2.392, 3.005, 3.527, 3.585, 3.264, 3.069, 2.719, 3.132, 4.029, 5.626, 7.092, 8.126, 8.248, 7.909, 7.944, 7.489, 7.064, 6.332, 6.216, 6.437, 6.319, 6.273, 6.188, 6.46, 6.294, 7.184, 7.232, 6.154, 6.377, 6.4, 6.379, 6.266, 6.163, 5.075, 5.133, 5.835, 5.659, 5.267, 5.203, 4.736, 4.909, 5.329, 4.695, 4.173, 4.251, 4.066, 4.27, 4.443, 4.783, 5.281, 5.526, 5.121, 4.765, 4.668, 4.531], [4.789, 5.615, 6.523, 7.232, 6.492, 5.008, 2.135, 1.582, 1.714, 1.658, 1.806, 1.917, 2.64, 2.801, 3.166, 1.929, 1.646, 2.094, 3.237, 3.52, 3.38, 3.168, 2.454, 1.8, 1.263, 1.492, 0.831, 0.635, 0.0, 1.123, 2.168, 2.283, 2.918, 3.464, 3.514, 3.21, 3.009, 2.743, 3.165, 3.984, 5.577, 7.14, 8.161, 8.267, 7.933, 7.964, 7.499, 6.922, 6.163, 6.116, 6.429, 6.34, 6.273, 6.18, 6.448, 6.291, 7.192, 7.253, 5.946, 6.152, 6.224, 6.162, 6.086, 5.972, 4.82, 4.999, 5.721, 5.507, 5.087, 4.995, 4.555, 4.698, 5.197, 4.526, 3.989, 4.048, 3.942, 4.132, 4.314, 4.663, 5.179, 5.41, 5.013, 4.657, 4.49, 4.368], [4.319, 5.072, 5.917, 6.473, 5.815, 4.413, 1.823, 2.33, 2.158, 1.735, 1.695, 1.664, 2.355, 2.233, 2.445, 1.99, 2.287, 2.935, 3.925, 4.285, 3.964, 3.763, 3.109, 2.499, 1.671, 1.4, 0.931, 1.257, 1.123, 0.0, 1.178, 1.39, 1.935, 2.503, 2.559, 2.321, 2.522, 2.952, 3.328, 3.43, 5.012, 6.653, 7.657, 7.769, 7.427, 7.495, 7.087, 6.744, 6.11, 5.873, 6.01, 5.926, 5.79, 5.702, 5.888, 5.76, 6.634, 6.671, 5.878, 6.273, 5.996, 5.953, 5.885, 5.866, 5.056, 5.546, 6.27, 6.001, 5.506, 5.361, 5.009, 5.144, 5.226, 4.642, 4.225, 4.19, 4.238, 4.447, 4.683, 5.077, 5.573, 5.761, 5.399, 5.028, 4.853, 4.705], [4.473, 4.996, 5.765, 6.212, 5.604, 4.207, 2.597, 3.243, 2.971, 2.384, 2.107, 2.34, 3.033, 2.728, 2.658, 2.723, 3.214, 3.767, 4.716, 5.063, 4.694, 4.467, 3.89, 3.242, 2.436, 1.935, 1.739, 2.231, 2.168, 1.178, 0.0, 0.748, 1.373, 2.073, 2.089, 2.005, 2.795, 3.79, 4.157, 3.635, 4.905, 6.52, 7.534, 7.642, 7.304, 7.378, 7.116, 7.029, 6.462, 6.15, 6.262, 6.079, 5.962, 5.882, 6.009, 5.896, 6.647, 6.554, 6.258, 6.711, 6.395, 6.192, 6.116, 6.146, 5.644, 6.373, 7.007, 6.844, 6.296, 6.155, 5.856, 5.982, 5.927, 5.27, 4.985, 4.957, 4.909, 5.26, 5.492, 5.893, 6.317, 6.441, 6.076, 5.72, 5.533, 5.41], [4.137, 4.739, 5.481, 5.83, 5.22, 3.865, 2.568, 3.207, 2.908, 2.446, 2.093, 2.227, 2.826, 2.551, 2.474, 2.576, 3.196, 4.035, 5.004, 5.26, 4.893, 4.641, 4.105, 3.447, 2.648, 2.084, 1.894, 2.392, 2.283, 1.39, 0.748, 0.0, 1.062, 1.653, 1.74, 1.727, 2.636, 3.623, 3.952, 3.526, 4.63, 6.182, 7.224, 7.362, 7.039, 7.059, 6.913, 6.742, 6.174, 5.876, 6.03, 5.806, 5.652, 5.58, 5.702, 5.609, 6.39, 6.249, 6.085, 6.554, 6.186, 5.851, 5.764, 5.805, 5.536, 6.242, 6.874, 6.683, 6.15, 6.002, 5.695, 5.829, 5.796, 5.139, 4.836, 4.81, 4.721, 5.049, 5.291, 5.694, 6.114, 6.234, 5.872, 5.536, 5.356, 5.229], [3.788, 4.12, 4.794, 5.104, 4.603, 3.412, 2.553, 3.307, 2.999, 2.71, 2.238, 2.188, 2.566, 2.163, 2.016, 2.65, 3.708, 4.719, 5.669, 5.942, 5.595, 5.271, 4.788, 4.103, 3.343, 2.732, 2.509, 3.005, 2.918, 1.935, 1.373, 1.062, 0.0, 0.975, 1.039, 1.244, 2.255, 3.355, 3.609, 2.922, 3.924, 5.467, 6.475, 6.648, 6.387, 6.36, 6.344, 6.321, 5.777, 5.412, 5.541, 5.368, 5.205, 5.148, 5.228, 5.131, 5.777, 5.593, 5.629, 6.074, 5.742, 5.39, 5.38, 5.457, 5.071, 5.844, 6.414, 6.308, 5.73, 5.591, 5.367, 5.443, 5.334, 4.678, 4.454, 4.376, 4.281, 4.678, 4.921, 5.313, 5.643, 5.721, 5.401, 5.063, 4.89, 4.792], [3.581, 3.77, 4.359, 4.641, 4.171, 3.105, 2.777, 3.621, 3.336, 3.187, 2.708, 2.528, 2.522, 2.076, 1.878, 2.848, 4.187, 5.224, 6.205, 6.404, 6.081, 5.762, 5.268, 4.597, 3.815, 3.203, 3.063, 3.527, 3.464, 2.503, 2.073, 1.653, 0.975, 0.0, 0.722, 1.223, 2.235, 3.272, 3.527, 2.823, 3.603, 5.02, 6.097, 6.259, 5.998, 5.992, 5.891, 6.059, 5.635, 5.16, 5.388, 5.273, 4.935, 5.008, 5.055, 5.011, 5.363, 5.213, 5.538, 5.997, 5.654, 5.209, 5.176, 5.196, 5.004, 5.748, 6.34, 6.221, 5.681, 5.509, 5.266, 5.351, 5.261, 4.635, 4.391, 4.294, 4.136, 4.562, 4.789, 5.177, 5.486, 5.55, 5.245, 4.959, 4.758, 4.644], [3.582, 3.855, 4.549, 4.829, 4.351, 3.234, 2.713, 3.614, 3.391, 3.219, 2.75, 2.595, 2.543, 1.942, 1.709, 2.84, 4.295, 5.307, 6.271, 6.49, 6.149, 5.812, 5.338, 4.663, 3.896, 3.272, 3.08, 3.585, 3.514, 2.559, 2.089, 1.74, 1.039, 0.722, 0.0, 0.956, 1.961, 3.094, 3.312, 2.658, 3.684, 5.18, 6.246, 6.417, 6.143, 6.136, 6.054, 6.041, 5.581, 5.155, 5.345, 5.214, 4.922, 4.962, 5.003, 4.958, 5.447, 5.274, 5.431, 5.878, 5.621, 5.211, 5.154, 5.166, 4.877, 5.547, 6.192, 5.998, 5.467, 5.321, 5.03, 5.142, 5.134, 4.503, 4.182, 4.132, 3.982, 4.339, 4.578, 4.973, 5.341, 5.417, 5.1, 4.798, 4.617, 4.489], [3.2, 3.582, 4.344, 4.794, 4.241, 3.123, 2.129, 3.228, 3.053, 2.834, 2.474, 2.262, 2.217, 1.517, 1.255, 2.496, 3.956, 4.959, 5.92, 6.167, 5.799, 5.48, 5.022, 4.347, 3.656, 3.033, 2.818, 3.264, 3.21, 2.321, 2.005, 1.727, 1.244, 1.223, 0.956, 0.0, 1.333, 2.422, 2.71, 2.216, 3.512, 5.146, 6.133, 6.207, 5.936, 6.014, 5.786, 5.738, 5.229, 4.835, 4.996, 4.788, 4.611, 4.574, 4.635, 4.532, 5.196, 5.038, 4.987, 5.419, 5.143, 4.819, 4.774, 4.857, 4.377, 4.946, 5.684, 5.432, 4.962, 4.787, 4.441, 4.574, 4.62, 4.021, 3.645, 3.6, 3.482, 3.751, 3.996, 4.392, 4.8, 4.906, 4.597, 4.278, 4.115, 3.968], [2.841, 3.272, 4.381, 5.015, 4.477, 3.429, 1.772, 2.779, 2.725, 2.689, 2.481, 1.886, 1.695, 1.308, 1.295, 2.04, 3.406, 4.439, 5.436, 5.604, 5.249, 4.992, 4.471, 3.843, 3.268, 2.921, 2.894, 3.069, 3.009, 2.522, 2.795, 2.636, 2.255, 2.235, 1.961, 1.333, 0.0, 1.583, 1.666, 1.99, 3.677, 5.402, 6.33, 6.223, 6.063, 6.188, 5.68, 5.502, 4.879, 4.567, 4.592, 4.423, 4.278, 4.222, 4.254, 4.147, 4.909, 4.864, 4.406, 4.789, 4.57, 4.462, 4.378, 4.468, 3.752, 4.05, 4.867, 4.641, 4.227, 4.079, 3.645, 3.76, 3.902, 3.424, 2.911, 2.891, 2.626, 2.679, 2.956, 3.391, 3.851, 3.965, 3.642, 3.296, 3.21, 3.08], [3.05, 3.694, 4.68, 5.598, 5.127, 3.952, 2.001, 2.552, 2.458, 2.827, 2.297, 1.772, 1.671, 1.572, 1.901, 2.0, 2.83, 4.01, 5.332, 5.394, 5.056, 4.879, 4.195, 3.747, 3.237, 3.224, 2.955, 2.719, 2.743, 2.952, 3.79, 3.623, 3.355, 3.272, 3.094, 2.422, 1.583, 0.0, 1.085, 2.213, 3.982, 5.444, 6.386, 6.111, 6.206, 6.257, 5.767, 5.395, 4.558, 4.254, 4.469, 4.385, 4.372, 4.397, 4.586, 4.446, 5.201, 5.188, 4.119, 4.459, 4.485, 4.585, 4.477, 4.488, 3.382, 3.359, 4.148, 4.064, 3.741, 3.608, 3.087, 3.186, 3.492, 2.975, 2.406, 2.492, 2.525, 2.439, 2.728, 2.992, 3.458, 3.647, 3.186, 2.885, 2.989, 2.887], [2.632, 3.293, 4.404, 5.556, 5.077, 3.764, 1.98, 2.736, 2.721, 3.195, 2.767, 2.031, 1.492, 1.671, 1.935, 1.841, 2.713, 4.009, 5.391, 5.228, 4.989, 4.89, 4.256, 3.971, 3.485, 3.528, 3.324, 3.132, 3.165, 3.328, 4.157, 3.952, 3.609, 3.527, 3.312, 2.71, 1.666, 1.085, 0.0, 2.23, 4.065, 5.551, 6.39, 6.035, 5.904, 6.127, 5.457, 4.948, 4.243, 4.029, 4.238, 3.953, 3.854, 3.843, 4.032, 3.895, 4.633, 4.627, 3.638, 4.042, 4.009, 4.037, 3.975, 3.97, 3.056, 3.163, 3.926, 3.78, 3.491, 3.372, 2.86, 2.93, 3.241, 2.718, 2.16, 2.19, 1.937, 1.779, 2.123, 2.479, 2.82, 2.935, 2.551, 2.247, 2.261, 2.133], [2.343, 2.401, 3.044, 3.96, 3.408, 2.695, 2.532, 4.055, 4.106, 3.933, 3.059, 2.95, 2.843, 1.938, 2.221, 3.295, 4.499, 5.648, 6.951, 7.081, 6.914, 6.706, 5.972, 5.341, 4.523, 4.187, 3.819, 4.029, 3.984, 3.43, 3.635, 3.526, 2.922, 2.823, 2.658, 2.216, 1.99, 2.213, 2.23, 0.0, 1.906, 3.492, 4.492, 4.425, 4.318, 4.348, 4.051, 3.984, 3.331, 2.976, 3.024, 2.919, 2.846, 2.907, 3.034, 2.892, 3.56, 3.455, 3.007, 3.503, 3.533, 3.464, 3.354, 3.35, 2.627, 3.358, 3.963, 3.896, 3.739, 3.523, 3.271, 2.915, 2.795, 2.276, 2.181, 1.82, 1.893, 2.459, 2.448, 2.556, 3.056, 3.227, 2.781, 2.487, 2.402, 2.317], [2.783, 2.228, 2.2, 2.777, 2.714, 2.234, 4.246, 5.732, 5.8, 5.591, 4.816, 4.728, 4.654, 3.744, 3.887, 5.11, 6.343, 7.396, 8.613, 8.833, 8.689, 8.481, 7.763, 7.065, 6.254, 5.876, 5.413, 5.626, 5.577, 5.012, 4.905, 4.63, 3.924, 3.603, 3.684, 3.512, 3.677, 3.982, 4.065, 1.906, 0.0, 1.813, 2.858, 3.027, 2.874, 2.747, 2.858, 3.149, 2.623, 2.232, 2.424, 2.452, 2.297, 2.385, 2.491, 2.598, 2.736, 2.553, 2.921, 3.55, 3.42, 3.252, 3.157, 2.979, 3.328, 4.72, 5.145, 5.275, 5.317, 5.052, 4.879, 4.115, 3.318, 3.143, 3.577, 3.082, 3.22, 3.724, 3.532, 3.49, 3.782, 3.844, 3.585, 3.445, 3.389, 3.387], [3.854, 3.204, 2.601, 2.66, 2.946, 2.871, 5.761, 7.183, 7.331, 7.248, 6.276, 6.271, 6.17, 5.365, 5.426, 6.616, 7.791, 8.92, 10.149, 10.385, 10.25, 10.046, 9.324, 8.774, 7.995, 7.444, 7.019, 7.092, 7.14, 6.653, 6.52, 6.182, 5.467, 5.02, 5.18, 5.146, 5.402, 5.444, 5.551, 3.492, 1.813, 0.0, 1.521, 2.407, 2.106, 1.732, 2.171, 2.793, 2.933, 2.853, 2.617, 2.751, 2.857, 2.999, 2.911, 3.164, 3.051, 2.593, 3.481, 4.176, 4.153, 4.161, 4.104, 3.978, 4.607, 6.021, 6.391, 6.522, 6.563, 6.298, 6.126, 5.362, 4.511, 4.39, 4.835, 4.343, 4.718, 5.214, 4.896, 4.824, 4.942, 4.952, 4.75, 4.801, 4.724, 4.759], [4.524, 3.528, 2.466, 2.11, 2.538, 3.504, 6.602, 8.147, 8.192, 8.232, 7.253, 7.133, 7.017, 6.295, 6.333, 7.461, 8.635, 9.804, 11.038, 11.245, 11.108, 10.914, 10.224, 9.702, 8.922, 8.427, 8.028, 8.126, 8.161, 7.657, 7.534, 7.224, 6.475, 6.097, 6.246, 6.133, 6.33, 6.386, 6.39, 4.492, 2.858, 1.521, 0.0, 1.443, 1.284, 1.004, 1.506, 2.627, 3.437, 3.305, 3.097, 3.36, 3.436, 3.481, 3.312, 3.467, 2.736, 2.857, 4.234, 4.942, 4.825, 4.896, 4.85, 4.788, 5.471, 6.898, 7.336, 7.481, 7.523, 7.243, 7.077, 6.307, 5.456, 5.33, 5.769, 5.273, 5.587, 6.14, 5.809, 5.734, 5.816, 5.842, 5.671, 5.686, 5.599, 5.631], [4.215, 3.191, 2.185, 1.853, 2.313, 3.615, 6.515, 8.187, 8.136, 8.248, 7.235, 6.941, 6.689, 6.105, 6.143, 7.164, 8.373, 9.721, 11.065, 11.066, 10.828, 10.667, 10.003, 9.521, 8.828, 8.394, 8.099, 8.248, 8.267, 7.769, 7.642, 7.362, 6.648, 6.259, 6.417, 6.207, 6.223, 6.111, 6.035, 4.425, 3.027, 2.407, 1.443, 0.0, 1.089, 1.116, 1.477, 2.467, 3.235, 3.034, 2.737, 3.032, 3.115, 3.243, 2.998, 3.153, 2.23, 2.347, 3.734, 4.415, 4.363, 4.561, 4.541, 4.509, 5.191, 6.569, 7.06, 7.193, 7.233, 6.956, 6.805, 6.037, 5.182, 5.066, 5.479, 5.036, 5.427, 5.894, 5.638, 5.416, 5.482, 5.464, 5.286, 5.314, 5.277, 5.32], [4.126, 3.073, 2.188, 1.89, 2.207, 3.424, 6.182, 7.815, 7.897, 8.032, 7.097, 6.797, 6.498, 6.035, 6.036, 7.027, 8.217, 9.376, 10.708, 10.79, 10.69, 10.565, 9.91, 9.449, 8.689, 8.238, 7.799, 7.909, 7.933, 7.427, 7.304, 7.039, 6.387, 5.998, 6.143, 5.936, 6.063, 6.206, 5.904, 4.318, 2.874, 2.106, 1.284, 1.089, 0.0, 0.758, 1.058, 1.996, 2.907, 2.768, 2.574, 2.725, 2.793, 2.83, 2.638, 2.805, 1.981, 2.231, 3.685, 4.411, 4.237, 4.329, 4.295, 4.188, 5.001, 6.472, 6.848, 6.963, 6.993, 6.745, 6.587, 5.822, 4.976, 4.847, 5.252, 4.781, 5.085, 5.693, 5.432, 5.211, 5.248, 5.282, 5.086, 5.069, 5.051, 5.042], [4.29, 3.271, 2.28, 1.894, 2.331, 3.374, 6.353, 7.91, 8.004, 8.117, 7.151, 6.927, 6.749, 6.152, 6.149, 7.225, 8.398, 9.586, 10.857, 11.014, 10.877, 10.716, 10.04, 9.569, 8.793, 8.315, 7.887, 7.944, 7.964, 7.495, 7.378, 7.059, 6.36, 5.992, 6.136, 6.014, 6.188, 6.257, 6.127, 4.348, 2.747, 1.732, 1.004, 1.116, 0.758, 0.0, 1.114, 2.193, 3.079, 2.956, 2.745, 2.987, 3.047, 3.124, 2.936, 3.11, 2.263, 2.502, 3.948, 4.676, 4.559, 4.654, 4.62, 4.513, 5.244, 6.661, 6.953, 7.052, 7.109, 6.849, 6.694, 5.933, 5.075, 4.995, 5.429, 4.941, 5.31, 5.86, 5.547, 5.411, 5.521, 5.528, 5.33, 5.365, 5.278, 5.319], [3.689, 2.722, 2.12, 2.321, 2.39, 3.516, 5.767, 7.395, 7.549, 7.723, 6.865, 6.43, 6.103, 5.664, 5.804, 6.578, 7.748, 8.962, 10.255, 10.377, 10.33, 10.161, 9.5, 9.065, 8.358, 8.073, 7.516, 7.489, 7.499, 7.087, 7.116, 6.913, 6.344, 5.891, 6.054, 5.786, 5.68, 5.767, 5.457, 4.051, 2.858, 2.171, 1.506, 1.477, 1.058, 1.114, 0.0, 1.304, 2.209, 2.141, 1.93, 2.17, 2.171, 2.22, 2.039, 2.186, 1.583, 1.752, 3.091, 3.856, 3.716, 3.802, 3.772, 3.666, 4.431, 5.83, 6.187, 6.287, 6.331, 6.082, 5.927, 5.168, 4.308, 4.232, 4.607, 4.128, 4.674, 5.198, 4.858, 4.616, 4.614, 4.726, 4.6, 4.605, 4.581, 4.607], [3.21, 2.663, 2.722, 3.147, 3.122, 3.875, 5.414, 6.661, 7.028, 7.298, 6.668, 6.119, 5.524, 5.471, 5.755, 6.062, 6.805, 7.968, 9.369, 9.398, 9.434, 9.323, 8.75, 8.352, 7.837, 7.877, 7.179, 7.064, 6.922, 6.744, 7.029, 6.742, 6.321, 6.059, 6.041, 5.738, 5.502, 5.395, 4.948, 3.984, 3.149, 2.793, 2.627, 2.467, 1.996, 2.193, 1.304, 0.0, 1.142, 1.355, 1.412, 1.535, 1.542, 1.528, 1.444, 1.583, 1.592, 1.668, 1.934, 2.681, 2.564, 2.635, 2.606, 2.495, 3.268, 4.715, 5.081, 5.19, 5.232, 4.977, 4.822, 4.057, 3.235, 3.095, 3.584, 3.157, 3.67, 4.153, 3.888, 3.55, 3.61, 3.708, 3.538, 3.569, 3.521, 3.509], [2.61, 2.417, 3.117, 3.785, 3.678, 3.552, 4.788, 5.884, 6.281, 6.606, 6.033, 5.493, 4.92, 4.865, 5.21, 5.317, 5.926, 7.094, 8.506, 8.501, 8.576, 8.489, 7.96, 7.561, 7.092, 7.199, 6.46, 6.332, 6.163, 6.11, 6.462, 6.174, 5.777, 5.635, 5.581, 5.229, 4.879, 4.558, 4.243, 3.331, 2.623, 2.933, 3.437, 3.235, 2.907, 3.079, 2.209, 1.142, 0.0, 0.926, 1.127, 1.326, 1.37, 1.215, 1.283, 1.446, 1.794, 1.867, 1.148, 1.893, 1.93, 1.928, 1.88, 1.744, 2.394, 3.795, 4.16, 4.273, 4.314, 4.055, 3.901, 3.136, 2.457, 2.231, 2.688, 2.348, 2.85, 3.242, 2.942, 2.602, 2.81, 2.796, 2.703, 2.754, 2.678, 2.703], [2.393, 2.032, 2.724, 3.534, 3.366, 3.121, 4.476, 5.893, 6.114, 6.384, 5.662, 5.179, 4.681, 4.536, 4.829, 5.15, 6.037, 7.251, 8.59, 8.645, 8.618, 8.511, 7.905, 7.507, 6.908, 6.928, 6.277, 6.216, 6.116, 5.873, 6.15, 5.876, 5.412, 5.16, 5.155, 4.835, 4.567, 4.254, 4.029, 2.976, 2.232, 2.853, 3.305, 3.034, 2.768, 2.956, 2.141, 1.355, 0.926, 0.0, 0.858, 1.118, 1.079, 1.04, 1.199, 1.375, 1.623, 1.795, 1.426, 2.197, 2.218, 2.137, 2.104, 2.061, 2.617, 3.911, 4.359, 4.466, 4.508, 4.255, 4.1, 3.361, 2.51, 2.36, 2.768, 2.45, 2.953, 3.459, 3.149, 2.816, 2.996, 3.009, 2.858, 2.864, 2.908, 2.923], [2.593, 2.152, 2.865, 3.55, 3.49, 3.35, 4.614, 6.243, 6.394, 6.587, 5.777, 5.289, 4.828, 4.549, 4.882, 5.358, 6.36, 7.626, 8.963, 9.027, 8.909, 8.763, 8.197, 7.777, 7.151, 7.009, 6.505, 6.437, 6.429, 6.01, 6.262, 6.03, 5.541, 5.388, 5.345, 4.996, 4.592, 4.469, 4.238, 3.024, 2.424, 2.617, 3.097, 2.737, 2.574, 2.745, 1.93, 1.412, 1.127, 0.858, 0.0, 0.879, 0.951, 1.025, 1.156, 1.345, 1.515, 1.602, 1.532, 2.292, 2.386, 2.5, 2.413, 2.359, 2.933, 4.272, 4.728, 4.825, 4.875, 4.621, 4.448, 3.728, 2.884, 2.751, 3.134, 2.805, 3.297, 3.793, 3.474, 3.188, 3.244, 3.319, 3.142, 3.184, 3.184, 3.194], [2.396, 2.152, 2.979, 3.751, 3.696, 3.264, 4.463, 6.108, 6.208, 6.39, 5.581, 5.047, 4.537, 4.372, 4.643, 5.065, 6.182, 7.408, 8.855, 8.837, 8.768, 8.641, 7.993, 7.582, 6.938, 6.834, 6.292, 6.319, 6.34, 5.926, 6.079, 5.806, 5.368, 5.273, 5.214, 4.788, 4.423, 4.385, 3.953, 2.919, 2.452, 2.751, 3.36, 3.032, 2.725, 2.987, 2.17, 1.535, 1.326, 1.118, 0.879, 0.0, 0.626, 0.757, 0.987, 1.198, 1.492, 1.453, 1.46, 2.303, 2.196, 2.313, 2.221, 2.206, 2.821, 4.214, 4.686, 4.794, 4.844, 4.585, 4.415, 3.658, 2.821, 2.745, 3.164, 2.69, 3.075, 3.537, 3.268, 2.989, 3.131, 3.119, 2.919, 2.913, 2.969, 2.978], [2.274, 1.938, 2.845, 3.643, 3.505, 3.062, 4.336, 5.99, 6.071, 6.338, 5.583, 5.022, 4.382, 4.232, 4.524, 4.98, 6.038, 7.263, 8.734, 8.667, 8.647, 8.522, 7.881, 7.47, 6.802, 6.663, 6.237, 6.273, 6.273, 5.79, 5.962, 5.652, 5.205, 4.935, 4.922, 4.611, 4.278, 4.372, 3.854, 2.846, 2.297, 2.857, 3.436, 3.115, 2.793, 3.047, 2.171, 1.542, 1.37, 1.079, 0.951, 0.626, 0.0, 0.64, 0.83, 1.092, 1.337, 1.332, 1.546, 2.295, 2.173, 2.16, 2.045, 1.938, 2.787, 4.111, 4.579, 4.686, 4.736, 4.483, 4.313, 3.552, 2.713, 2.657, 3.152, 2.626, 2.907, 3.408, 3.118, 2.878, 3.059, 3.087, 2.876, 2.857, 2.917, 2.917], [2.073, 1.827, 2.671, 3.434, 3.303, 2.988, 4.265, 5.864, 5.936, 6.189, 5.584, 4.915, 4.309, 4.181, 4.495, 4.85, 6.017, 7.15, 8.559, 8.543, 8.522, 8.399, 7.768, 7.363, 6.717, 6.582, 6.084, 6.188, 6.18, 5.702, 5.882, 5.58, 5.148, 5.008, 4.962, 4.574, 4.222, 4.397, 3.843, 2.907, 2.385, 2.999, 3.481, 3.243, 2.83, 3.124, 2.22, 1.528, 1.215, 1.04, 1.025, 0.757, 0.64, 0.0, 0.607, 0.879, 1.315, 1.494, 1.51, 2.215, 2.018, 2.001, 1.922, 1.896, 2.763, 4.15, 4.631, 4.732, 4.782, 4.53, 4.36, 3.604, 2.776, 2.682, 3.199, 2.679, 2.85, 3.344, 3.119, 2.88, 2.915, 2.871, 2.757, 2.69, 2.746, 2.769], [2.2, 1.852, 2.562, 3.168, 3.04, 3.074, 4.462, 6.12, 6.105, 6.425, 5.794, 5.114, 4.444, 4.245, 4.515, 4.993, 6.235, 7.424, 8.825, 8.724, 8.682, 8.559, 7.929, 7.516, 6.885, 6.683, 6.34, 6.46, 6.448, 5.888, 6.009, 5.702, 5.228, 5.055, 5.003, 4.635, 4.254, 4.586, 4.032, 3.034, 2.491, 2.911, 3.312, 2.998, 2.638, 2.936, 2.039, 1.444, 1.283, 1.199, 1.156, 0.987, 0.83, 0.607, 0.0, 0.621, 1.051, 1.162, 1.577, 2.199, 1.946, 1.999, 2.005, 2.025, 2.997, 4.41, 4.904, 5.007, 5.049, 4.8, 4.626, 3.88, 3.025, 2.943, 3.485, 2.991, 3.081, 3.562, 3.348, 3.109, 3.03, 3.017, 2.957, 2.898, 2.904, 2.928], [2.448, 2.169, 2.837, 3.316, 3.22, 3.408, 4.311, 5.944, 5.967, 6.275, 5.618, 4.947, 4.266, 4.117, 4.423, 4.86, 6.106, 7.258, 8.679, 8.573, 8.545, 8.423, 7.819, 7.374, 6.758, 6.531, 6.178, 6.294, 6.291, 5.76, 5.896, 5.609, 5.131, 5.011, 4.958, 4.532, 4.147, 4.446, 3.895, 2.892, 2.598, 3.164, 3.467, 3.153, 2.805, 3.11, 2.186, 1.583, 1.446, 1.375, 1.345, 1.198, 1.092, 0.879, 0.621, 0.0, 1.149, 1.357, 1.474, 2.042, 1.853, 1.941, 1.904, 2.068, 2.814, 4.216, 4.708, 4.823, 4.864, 4.604, 4.431, 3.684, 2.834, 2.768, 3.282, 2.795, 2.955, 3.43, 3.23, 2.965, 2.845, 2.883, 2.823, 2.77, 2.784, 2.798], [2.831, 2.032, 2.429, 2.73, 2.787, 3.347, 5.199, 6.864, 6.877, 7.169, 6.396, 5.82, 5.097, 4.827, 4.98, 5.649, 6.875, 8.184, 9.611, 9.442, 9.356, 9.24, 8.635, 8.163, 7.538, 7.324, 7.082, 7.184, 7.192, 6.634, 6.647, 6.39, 5.777, 5.363, 5.447, 5.196, 4.909, 5.201, 4.633, 3.56, 2.736, 3.051, 2.736, 2.23, 1.981, 2.263, 1.583, 1.592, 1.794, 1.623, 1.515, 1.492, 1.337, 1.315, 1.051, 1.149, 0.0, 0.998, 2.277, 2.951, 2.693, 2.746, 2.74, 2.741, 3.779, 5.208, 5.695, 5.798, 5.848, 5.588, 5.416, 4.669, 3.824, 3.744, 4.179, 3.676, 3.761, 4.199, 4.02, 3.812, 3.649, 3.658, 3.508, 3.607, 3.597, 3.642], [2.738, 2.001, 2.408, 2.992, 2.983, 3.16, 5.253, 6.937, 6.888, 7.157, 6.324, 5.831, 5.104, 4.774, 4.778, 5.6, 6.922, 8.279, 9.69, 9.475, 9.365, 9.225, 8.649, 8.157, 7.531, 7.176, 7.03, 7.232, 7.253, 6.671, 6.554, 6.249, 5.593, 5.213, 5.274, 5.038, 4.864, 5.188, 4.627, 3.455, 2.553, 2.593, 2.857, 2.347, 2.231, 2.502, 1.752, 1.668, 1.867, 1.795, 1.602, 1.453, 1.332, 1.494, 1.162, 1.357, 0.998, 0.0, 2.088, 2.785, 2.574, 2.634, 2.641, 2.646, 3.691, 5.086, 5.539, 5.656, 5.706, 5.444, 5.287, 4.512, 3.688, 3.672, 4.134, 3.605, 3.803, 4.205, 4.015, 3.765, 3.608, 3.546, 3.395, 3.611, 3.585, 3.618], [2.661, 2.693, 3.463, 4.314, 4.222, 3.904, 4.477, 5.612, 5.889, 6.249, 5.674, 5.081, 4.353, 4.332, 4.682, 4.729, 5.27, 6.597, 8.084, 7.932, 7.927, 7.839, 7.358, 6.951, 6.581, 6.731, 6.189, 6.154, 5.946, 5.878, 6.258, 6.085, 5.629, 5.538, 5.431, 4.987, 4.406, 4.119, 3.638, 3.007, 2.921, 3.481, 4.234, 3.734, 3.685, 3.948, 3.091, 1.934, 1.148, 1.426, 1.532, 1.46, 1.546, 1.51, 1.577, 1.474, 2.277, 2.088, 0.0, 1.11, 1.361, 1.577, 1.516, 1.559, 1.844, 3.217, 3.708, 3.802, 3.852, 3.594, 3.426, 2.676, 2.097, 1.892, 2.375, 2.083, 2.262, 2.501, 2.271, 1.983, 2.1, 2.05, 1.973, 2.034, 1.939, 1.976], [3.295, 3.381, 4.129, 4.858, 4.726, 4.425, 4.896, 5.807, 6.166, 6.572, 6.098, 5.495, 4.83, 4.82, 5.216, 5.049, 5.436, 6.644, 7.976, 7.939, 8.04, 7.995, 7.576, 7.185, 6.83, 7.025, 6.454, 6.377, 6.152, 6.273, 6.711, 6.554, 6.074, 5.997, 5.878, 5.419, 4.789, 4.459, 4.042, 3.503, 3.55, 4.176, 4.942, 4.415, 4.411, 4.676, 3.856, 2.681, 1.893, 2.197, 2.292, 2.303, 2.295, 2.215, 2.199, 2.042, 2.951, 2.785, 1.11, 0.0, 1.087, 1.377, 1.426, 1.393, 1.384, 2.379, 2.823, 2.894, 2.967, 2.779, 2.71, 2.069, 1.888, 1.956, 2.504, 2.358, 2.458, 2.673, 2.358, 2.019, 2.207, 2.32, 2.226, 2.374, 2.194, 2.231], [2.8, 2.909, 3.712, 4.366, 4.24, 4.001, 4.65, 5.86, 6.042, 6.365, 6.0, 5.273, 4.586, 4.561, 4.918, 4.91, 5.61, 6.83, 8.187, 8.085, 8.15, 8.067, 7.582, 7.162, 6.762, 6.831, 6.342, 6.4, 6.224, 5.996, 6.395, 6.186, 5.742, 5.654, 5.621, 5.143, 4.57, 4.485, 4.009, 3.533, 3.42, 4.153, 4.825, 4.363, 4.237, 4.559, 3.716, 2.564, 1.93, 2.218, 2.386, 2.196, 2.173, 2.018, 1.946, 1.853, 2.693, 2.574, 1.361, 1.087, 0.0, 0.91, 0.929, 0.984, 1.786, 2.734, 3.178, 3.311, 3.357, 3.067, 3.007, 2.376, 1.91, 2.244, 2.725, 2.512, 2.66, 2.954, 2.768, 2.556, 2.562, 2.56, 2.55, 2.527, 2.391, 2.468], [2.526, 2.658, 3.615, 4.335, 4.041, 3.758, 4.549, 5.726, 5.912, 6.398, 5.943, 5.265, 4.463, 4.442, 4.667, 4.824, 5.541, 6.678, 8.01, 7.884, 8.039, 7.946, 7.56, 7.092, 6.672, 6.743, 6.326, 6.379, 6.162, 5.953, 6.192, 5.851, 5.39, 5.209, 5.211, 4.819, 4.462, 4.585, 4.037, 3.464, 3.252, 4.161, 4.896, 4.561, 4.329, 4.654, 3.802, 2.635, 1.928, 2.137, 2.5, 2.313, 2.16, 2.001, 1.999, 1.941, 2.746, 2.634, 1.577, 1.377, 0.91, 0.0, 0.598, 0.786, 1.726, 2.744, 3.187, 3.318, 3.338, 3.014, 2.933, 2.408, 1.882, 2.242, 2.776, 2.548, 2.581, 2.902, 2.771, 2.532, 2.497, 2.486, 2.503, 2.623, 2.455, 2.53], [2.507, 2.636, 3.671, 4.415, 4.06, 3.74, 4.48, 5.643, 5.857, 6.307, 5.845, 5.179, 4.388, 4.341, 4.641, 4.84, 5.531, 6.667, 8.034, 7.897, 8.047, 7.953, 7.518, 7.057, 6.623, 6.681, 6.225, 6.266, 6.086, 5.885, 6.116, 5.764, 5.38, 5.176, 5.154, 4.774, 4.378, 4.477, 3.975, 3.354, 3.157, 4.104, 4.85, 4.541, 4.295, 4.62, 3.772, 2.606, 1.88, 2.104, 2.413, 2.221, 2.045, 1.922, 2.005, 1.904, 2.74, 2.641, 1.516, 1.426, 0.929, 0.598, 0.0, 0.563, 1.633, 2.738, 3.175, 3.325, 3.362, 3.04, 2.859, 2.353, 1.794, 2.193, 2.686, 2.501, 2.601, 2.971, 2.798, 2.564, 2.487, 2.538, 2.513, 2.609, 2.448, 2.535], [2.535, 2.593, 3.645, 4.367, 4.056, 3.661, 4.494, 5.541, 5.815, 6.309, 5.881, 5.206, 4.477, 4.431, 4.774, 4.869, 5.462, 6.588, 7.961, 7.875, 8.009, 7.946, 7.485, 7.051, 6.599, 6.739, 6.135, 6.163, 5.972, 5.866, 6.146, 5.805, 5.457, 5.196, 5.166, 4.857, 4.468, 4.488, 3.97, 3.35, 2.979, 3.978, 4.788, 4.509, 4.188, 4.513, 3.666, 2.495, 1.744, 2.061, 2.359, 2.206, 1.938, 1.896, 2.025, 2.068, 2.741, 2.646, 1.559, 1.393, 0.984, 0.786, 0.563, 0.0, 1.504, 2.66, 3.105, 3.265, 3.305, 3.004, 2.786, 2.184, 1.843, 2.062, 2.605, 2.377, 2.495, 2.838, 2.676, 2.425, 2.429, 2.547, 2.461, 2.487, 2.326, 2.409], [3.018, 3.164, 4.292, 5.159, 4.785, 4.14, 3.773, 4.604, 5.027, 5.386, 4.979, 4.409, 3.824, 3.839, 4.247, 4.042, 4.479, 5.582, 6.918, 6.951, 7.099, 7.029, 6.574, 6.172, 5.791, 5.968, 5.211, 5.075, 4.82, 5.056, 5.644, 5.536, 5.071, 5.004, 4.877, 4.377, 3.752, 3.382, 3.056, 2.627, 3.328, 4.607, 5.471, 5.191, 5.001, 5.244, 4.431, 3.268, 2.394, 2.617, 2.933, 2.821, 2.787, 2.763, 2.997, 2.814, 3.779, 3.691, 1.844, 1.384, 1.786, 1.726, 1.633, 1.504, 0.0, 1.543, 2.084, 2.148, 2.174, 1.886, 1.691, 1.199, 1.241, 1.056, 1.402, 1.304, 1.697, 2.027, 1.971, 1.583, 1.932, 2.19, 1.948, 1.785, 1.591, 1.575], [4.232, 4.45, 5.763, 6.638, 6.224, 5.385, 4.222, 4.781, 5.134, 5.649, 5.284, 4.72, 4.14, 4.269, 4.671, 4.262, 4.197, 5.319, 6.411, 6.556, 6.857, 6.768, 6.328, 6.072, 5.916, 6.179, 5.546, 5.133, 4.999, 5.546, 6.373, 6.242, 5.844, 5.748, 5.547, 4.946, 4.05, 3.359, 3.163, 3.358, 4.72, 6.021, 6.898, 6.569, 6.472, 6.661, 5.83, 4.715, 3.795, 3.911, 4.272, 4.214, 4.111, 4.15, 4.41, 4.216, 5.208, 5.086, 3.217, 2.379, 2.734, 2.744, 2.738, 2.66, 1.543, 0.0, 1.043, 1.192, 1.61, 1.524, 1.021, 0.995, 1.813, 1.961, 1.641, 1.978, 2.102, 2.218, 2.143, 1.846, 2.208, 2.598, 2.457, 2.36, 2.312, 2.293], [4.749, 4.968, 6.228, 7.162, 6.737, 5.894, 4.978, 5.5, 5.889, 6.469, 6.104, 5.54, 4.965, 5.081, 5.472, 5.045, 4.933, 6.102, 7.125, 7.301, 7.601, 7.505, 7.103, 6.845, 6.736, 7.002, 6.278, 5.835, 5.721, 6.27, 7.007, 6.874, 6.414, 6.34, 6.192, 5.684, 4.867, 4.148, 3.926, 3.963, 5.145, 6.391, 7.336, 7.06, 6.848, 6.953, 6.187, 5.081, 4.16, 4.359, 4.728, 4.686, 4.579, 4.631, 4.904, 4.708, 5.695, 5.539, 3.708, 2.823, 3.178, 3.187, 3.175, 3.105, 2.084, 1.043, 0.0, 0.81, 1.446, 1.439, 1.353, 1.409, 1.958, 2.202, 2.157, 2.415, 2.726, 3.046, 2.864, 2.618, 2.729, 3.005, 2.936, 2.805, 2.833, 2.891], [4.661, 4.953, 6.268, 7.139, 6.673, 5.746, 4.726, 5.323, 5.768, 6.268, 5.908, 5.339, 4.777, 4.875, 5.227, 4.813, 4.929, 6.01, 7.18, 7.311, 7.572, 7.484, 7.069, 6.758, 6.545, 6.8, 6.025, 5.659, 5.507, 6.001, 6.844, 6.683, 6.308, 6.221, 5.99