[[0.0, 0.933, 1.214, 1.764, 2.301, 2.971, 3.158, 3.173, 3.14, 3.318, 3.241, 2.844, 3.509, 3.785, 4.138, 4.36, 3.901, 3.887, 3.761, 4.045, 4.703, 4.917, 5.03, 4.347, 3.885, 3.519, 3.805, 4.618, 4.78, 3.833, 2.929, 4.846, 5.599, 4.337, 5.143, 4.554, 3.678, 3.842, 3.643, 3.559, 3.413, 3.633, 4.793, 5.253, 4.881, 4.442, 5.299, 6.404, 7.563, 7.67, 7.544, 7.02, 7.124, 7.109, 6.895, 6.839, 6.799, 6.985, 6.897, 6.717, 6.111, 5.996, 5.645, 5.993, 6.351, 5.907, 6.171, 6.907, 6.99, 7.037, 7.201, 7.29, 6.778, 5.795, 3.833, 2.606, 1.941, 1.907, 2.062, 2.216, 2.304, 3.554, 4.999, 5.184, 5.066, 4.615], [0.933, 0.0, 0.654, 1.253, 1.885, 2.635, 2.787, 2.715, 2.631, 2.805, 2.67, 2.444, 3.035, 3.308, 3.727, 4.125, 3.618, 3.602, 3.391, 3.674, 4.208, 4.429, 4.606, 3.984, 3.722, 3.301, 3.394, 4.155, 4.277, 3.335, 2.401, 4.481, 5.3, 4.007, 4.805, 4.213, 3.35, 3.523, 3.325, 3.123, 2.933, 3.266, 4.345, 4.771, 4.382, 4.264, 5.205, 6.356, 7.451, 7.48, 7.377, 6.846, 6.92, 6.722, 6.683, 6.806, 6.749, 6.875, 7.005, 6.836, 6.16, 5.807, 5.508, 5.504, 5.84, 5.522, 6.282, 7.025, 7.077, 7.185, 7.389, 7.516, 7.044, 6.037, 3.797, 2.161, 1.372, 1.485, 1.707, 1.731, 1.974, 3.286, 4.657, 4.804, 4.698, 4.237], [1.214, 0.654, 0.0, 0.868, 1.487, 2.152, 2.317, 2.265, 2.172, 2.394, 2.334, 2.106, 2.614, 2.905, 3.333, 3.737, 3.246, 3.189, 3.009, 3.278, 3.825, 4.02, 4.215, 3.719, 3.451, 3.015, 3.013, 3.785, 3.84, 2.922, 2.086, 4.188, 5.182, 3.958, 4.77, 4.19, 3.309, 3.399, 3.267, 3.121, 2.907, 3.059, 3.952, 4.348, 3.957, 4.032, 5.13, 6.169, 7.174, 7.316, 6.994, 6.449, 6.579, 6.317, 6.257, 6.451, 6.426, 6.545, 6.786, 6.907, 6.231, 5.829, 5.422, 5.057, 5.501, 5.275, 6.115, 6.837, 6.889, 7.043, 7.335, 7.525, 6.996, 5.892, 3.619, 1.858, 1.363, 1.592, 1.893, 1.797, 2.133, 3.18, 4.515, 4.684, 4.515, 4.103], [1.764, 1.253, 0.868, 0.0, 1.063, 1.551, 1.753, 1.741, 1.865, 2.299, 2.203, 1.801, 2.351, 2.59, 2.93, 3.278, 2.733, 2.715, 2.586, 2.796, 3.417, 3.733, 3.857, 3.447, 3.087, 2.642, 2.497, 3.294, 3.343, 2.816, 2.184, 4.451, 5.377, 4.206, 4.99, 4.369, 3.523, 3.522, 3.524, 3.513, 3.063, 2.989, 3.714, 4.087, 3.761, 3.887, 4.916, 5.961, 7.008, 7.087, 6.736, 6.164, 6.285, 5.995, 5.854, 6.076, 6.064, 6.158, 6.696, 6.784, 6.122, 5.703, 5.303, 4.644, 4.988, 4.844, 5.711, 6.424, 6.488, 6.713, 7.021, 7.236, 6.722, 5.512, 3.333, 1.649, 1.635, 2.037, 2.388, 2.276, 2.705, 3.584, 4.71, 4.826, 4.69, 4.289], [2.301, 1.885, 1.487, 1.063, 0.0, 1.21, 1.48, 1.519, 2.064, 2.521, 2.452, 1.838, 1.908, 2.237, 2.594, 2.798, 2.287, 2.33, 2.101, 2.306, 3.0, 3.341, 3.548, 2.876, 2.379, 2.057, 2.224, 2.871, 3.153, 2.774, 2.655, 4.897, 6.001, 4.914, 5.688, 5.022, 4.227, 4.151, 4.233, 4.098, 3.461, 2.997, 3.305, 3.708, 3.456, 3.354, 4.374, 5.445, 6.476, 6.556, 6.184, 5.691, 5.856, 5.589, 5.279, 5.411, 5.408, 5.616, 5.985, 6.137, 5.552, 5.155, 4.916, 4.361, 4.627, 4.363, 4.982, 5.638, 5.739, 6.049, 6.38, 6.626, 6.011, 4.789, 2.741, 1.509, 1.843, 2.69, 3.031, 2.896, 3.307, 4.28, 5.402, 5.438, 5.263, 4.889], [2.971, 2.635, 2.152, 1.551, 1.21, 0.0, 1.029, 1.086, 1.663, 2.292, 2.447, 1.838, 1.747, 1.884, 2.175, 2.207, 1.872, 1.992, 1.966, 2.11, 3.023, 3.459, 3.609, 3.036, 2.442, 2.298, 2.218, 2.597, 2.895, 2.769, 2.848, 4.462, 5.589, 4.867, 5.654, 4.83, 4.311, 4.332, 4.329, 4.336, 3.761, 3.313, 3.404, 3.752, 3.594, 3.749, 4.647, 5.491, 6.502, 6.675, 6.203, 5.721, 6.03, 5.67, 4.928, 5.361, 5.336, 5.612, 6.237, 6.389, 5.956, 5.538, 5.18, 4.349, 4.665, 4.596, 5.136, 5.722, 5.741, 6.209, 6.532, 6.803, 6.235, 4.983, 3.063, 1.947, 2.721, 3.504, 3.842, 3.758, 4.19, 4.701, 5.651, 5.525, 5.165, 4.778], [3.158, 2.787, 2.317, 1.753, 1.48, 1.029, 0.0, 0.699, 1.362, 2.016, 2.206, 1.913, 1.667, 1.698, 2.089, 2.243, 1.974, 2.087, 2.081, 2.112, 2.983, 3.447, 3.594, 3.006, 2.677, 2.351, 2.063, 2.516, 2.852, 2.763, 2.917, 4.625, 5.659, 4.97, 5.645, 4.819, 4.112, 4.323, 4.411, 4.423, 3.938, 3.377, 3.406, 3.804, 3.481, 3.901, 4.793, 5.778, 6.806, 6.965, 6.455, 5.864, 6.143, 5.749, 5.189, 5.651, 5.617, 5.908, 6.543, 6.65, 6.046, 5.607, 5.241, 4.279, 4.555, 4.517, 4.961, 5.66, 5.761, 6.462, 6.737, 7.072, 6.524, 5.27, 3.091, 1.967, 2.977, 3.672, 4.0, 3.972, 4.377, 4.839, 5.846, 5.775, 5.437, 5.084], [3.173, 2.715, 2.265, 1.741, 1.519, 1.086, 0.699, 0.0, 1.124, 1.823, 2.035, 1.972, 1.859, 1.867, 2.356, 2.603, 2.347, 2.41, 2.434, 2.464, 3.331, 3.775, 4.005, 3.393, 3.098, 2.703, 2.366, 2.82, 3.075, 2.822, 2.758, 4.433, 5.41, 4.746, 5.367, 4.566, 3.963, 4.161, 4.232, 4.35, 3.79, 3.663, 3.784, 4.149, 3.751, 4.221, 5.16, 6.198, 7.226, 7.373, 6.876, 6.264, 6.55, 6.124, 5.595, 6.072, 6.039, 6.33, 6.956, 7.074, 6.471, 6.007, 5.662, 4.616, 4.872, 4.831, 5.369, 6.057, 6.134, 6.885, 7.142, 7.48, 6.944, 5.69, 3.496, 2.202, 2.875, 3.565, 3.883, 3.872, 4.269, 4.647, 5.648, 5.525, 5.187, 4.818], [3.14, 2.631, 2.172, 1.865, 2.064, 1.663, 1.362, 1.124, 0.0, 1.003, 1.283, 1.655, 1.658, 1.673, 2.261, 2.897, 2.529, 2.522, 2.601, 2.614, 3.271, 3.622, 3.991, 3.492, 3.296, 2.857, 2.339, 2.89, 2.838, 2.225, 2.261, 4.046, 5.045, 4.422, 5.102, 4.259, 3.588, 3.848, 3.798, 3.595, 3.021, 3.212, 3.841, 4.124, 3.655, 4.335, 5.32, 6.366, 7.382, 7.527, 7.037, 6.402, 6.702, 6.195, 5.826, 6.235, 6.196, 6.497, 7.113, 7.215, 6.573, 6.124, 5.688, 4.347, 4.84, 4.967, 5.498, 6.158, 6.301, 7.05, 7.333, 7.67, 7.112, 5.859, 3.576, 2.263, 2.586, 3.293, 3.611, 3.598, 3.984, 4.368, 5.366, 5.352, 4.986, 4.65], [3.318, 2.805, 2.394, 2.299, 2.521, 2.292, 2.016, 1.823, 1.003, 0.0, 0.937, 1.633, 1.87, 2.066, 2.598, 3.237, 2.797, 2.741, 2.793, 2.816, 3.388, 3.754, 4.11, 3.64, 3.575, 3.144, 2.587, 3.069, 3.041, 1.934, 1.743, 3.632, 4.62, 4.114, 4.818, 3.969, 3.292, 3.568, 3.378, 3.012, 2.705, 3.277, 4.025, 4.298, 3.815, 4.454, 5.439, 6.485, 7.508, 7.655, 7.171, 6.527, 6.82, 6.315, 6.035, 6.376, 6.359, 6.642, 7.238, 7.347, 6.7, 6.243, 5.788, 4.393, 4.955, 5.065, 5.604, 6.262, 6.4, 7.177, 7.441, 7.781, 7.234, 5.978, 3.755, 2.574, 2.541, 3.078, 3.352, 3.35, 3.738, 4.074, 5.145, 5.104, 4.787, 4.486], [3.241, 2.67, 2.334, 2.203, 2.452, 2.447, 2.206, 2.035, 1.283, 0.937, 0.0, 1.532, 1.992, 2.412, 2.939, 3.543, 3.007, 2.924, 2.849, 2.91, 3.37, 3.766, 4.059, 3.57, 3.653, 3.185, 2.681, 3.234, 3.142, 1.923, 1.543, 3.576, 4.632, 3.985, 4.754, 3.964, 3.146, 3.557, 3.23, 2.648, 2.397, 3.083, 4.056, 4.3, 3.791, 4.277, 5.274, 6.29, 7.346, 7.477, 7.072, 6.454, 6.657, 6.239, 6.149, 6.377, 6.274, 6.538, 7.081, 7.159, 6.509, 6.061, 5.603, 4.369, 4.815, 4.897, 5.542, 6.169, 6.271, 7.0, 7.273, 7.583, 7.053, 5.836, 3.746, 2.525, 2.28, 2.683, 2.97, 2.968, 3.355, 3.971, 5.123, 5.078, 4.802, 4.526], [2.844, 2.444, 2.106, 1.801, 1.838, 1.838, 1.913, 1.972, 1.655, 1.633, 1.532, 0.0, 1.131, 1.691, 2.061, 2.413, 1.933, 1.908, 1.905, 1.979, 2.531, 2.849, 3.015, 2.775, 2.738, 2.291, 1.897, 2.213, 2.274, 1.815, 2.14, 4.127, 5.306, 4.731, 5.607, 4.754, 4.119, 4.186, 3.905, 3.226, 2.559, 2.071, 2.937, 3.231, 2.846, 3.103, 4.044, 5.093, 6.177, 6.329, 5.9, 5.269, 5.47, 5.125, 4.916, 5.149, 5.135, 5.343, 5.932, 5.994, 5.317, 4.945, 4.448, 3.579, 3.966, 3.925, 4.569, 5.322, 5.429, 5.915, 6.228, 6.467, 5.888, 4.727, 2.601, 1.657, 2.209, 3.262, 3.585, 3.516, 3.948, 4.694, 5.807, 5.8, 5.438, 5.119], [3.509, 3.035, 2.614, 2.351, 1.908, 1.747, 1.667, 1.859, 1.658, 1.87, 1.992, 1.131, 0.0, 0.968, 1.432, 1.764, 1.352, 1.451, 1.374, 1.453, 2.119, 2.335, 2.624, 2.45, 2.354, 1.965, 1.499, 1.665, 1.917, 1.736, 2.81, 4.423, 5.588, 5.134, 6.006, 5.125, 4.492, 4.628, 4.499, 3.854, 3.071, 2.251, 2.473, 2.749, 2.457, 2.991, 3.85, 4.873, 5.927, 6.082, 5.578, 4.938, 5.23, 4.744, 4.478, 4.789, 4.751, 5.034, 5.659, 5.787, 5.113, 4.677, 4.231, 3.158, 3.607, 3.651, 4.188, 4.933, 5.126, 5.739, 6.048, 6.292, 5.703, 4.444, 2.258, 1.598, 2.736, 3.886, 4.225, 4.15, 4.577, 5.183, 6.205, 6.184, 5.771, 5.459], [3.785, 3.308, 2.905, 2.59, 2.237, 1.884, 1.698, 1.867, 1.673, 2.066, 2.412, 1.691, 0.968, 0.0, 0.848, 1.387, 1.299, 1.377, 1.391, 1.536, 2.155, 2.43, 2.767, 2.333, 2.126, 1.741, 1.285, 1.681, 1.902, 1.881, 3.248, 4.743, 5.864, 5.378, 6.227, 5.413, 4.76, 4.899, 4.852, 4.368, 3.439, 2.543, 2.678, 2.919, 2.653, 3.093, 3.991, 5.05, 6.104, 6.26, 5.756, 5.104, 5.407, 4.954, 4.474, 4.96, 4.929, 5.212, 5.837, 5.963, 5.288, 4.855, 4.403, 3.332, 3.754, 3.748, 4.279, 5.024, 5.218, 5.872, 6.174, 6.418, 5.834, 4.561, 2.195, 1.724, 3.061, 4.2, 4.569, 4.466, 4.884, 5.531, 6.518, 6.359, 5.997, 5.591], [4.138, 3.727, 3.333, 2.93, 2.594, 2.175, 2.089, 2.356, 2.261, 2.598, 2.939, 2.061, 1.432, 0.848, 0.0, 1.013, 1.142, 1.116, 1.277, 1.361, 1.904, 2.078, 2.335, 1.87, 1.779, 1.476, 1.135, 1.261, 1.483, 2.145, 3.812, 5.329, 6.432, 5.957, 6.862, 5.994, 5.33, 5.469, 5.427, 4.821, 3.717, 2.45, 2.324, 2.552, 2.384, 2.512, 3.444, 4.49, 5.564, 5.732, 5.197, 4.55, 4.859, 4.49, 3.977, 4.396, 4.365, 4.648, 5.273, 5.401, 4.724, 4.329, 3.878, 3.023, 3.386, 3.288, 3.762, 4.47, 4.687, 5.311, 5.624, 5.871, 5.274, 4.001, 1.702, 1.841, 3.554, 4.753, 5.14, 5.016, 5.437, 6.09, 7.078, 6.924, 6.567, 6.191], [4.36, 4.125, 3.737, 3.278, 2.798, 2.207, 2.243, 2.603, 2.897, 3.237, 3.543, 2.413, 1.764, 1.387, 1.013, 0.0, 0.936, 1.013, 1.166, 1.236, 1.617, 1.802, 1.908, 1.669, 1.374, 1.25, 1.198, 1.219, 1.496, 2.433, 4.154, 5.67, 6.969, 6.418, 7.3, 6.447, 5.998, 6.019, 5.829, 5.093, 4.019, 2.71, 2.159, 2.253, 2.36, 2.305, 2.896, 3.825, 4.859, 5.119, 4.531, 4.01, 4.306, 4.005, 3.325, 3.716, 3.674, 3.972, 4.625, 4.758, 4.122, 3.741, 3.32, 2.702, 3.039, 2.925, 3.365, 4.059, 4.168, 4.643, 4.967, 5.205, 4.599, 3.364, 1.289, 2.243, 3.959, 5.15, 5.507, 5.397, 5.832, 6.447, 7.434, 7.328, 6.934, 6.531], [3.901, 3.618, 3.246, 2.733, 2.287, 1.872, 1.974, 2.347, 2.529, 2.797, 3.007, 1.933, 1.352, 1.299, 1.142, 0.936, 0.0, 0.585, 0.662, 0.807, 1.408, 1.832, 2.001, 1.562, 1.337, 1.164, 1.113, 1.253, 1.609, 1.956, 3.615, 5.368, 6.489, 5.741, 6.62, 5.898, 5.42, 5.532, 5.157, 4.536, 3.538, 2.211, 1.944, 2.234, 2.147, 2.38, 3.084, 4.035, 5.115, 5.34, 4.765, 4.158, 4.45, 4.172, 3.715, 3.962, 3.967, 4.217, 4.845, 4.959, 4.341, 3.973, 3.534, 2.827, 3.095, 2.988, 3.546, 4.271, 4.37, 4.786, 5.115, 5.353, 4.795, 3.518, 1.466, 1.662, 3.462, 4.643, 4.99, 4.891, 5.327, 5.891, 6.865, 6.791, 6.522, 6.176], [3.887, 3.602, 3.189, 2.715, 2.33, 1.992, 2.087, 2.41, 2.522, 2.741, 2.924, 1.908, 1.451, 1.377, 1.116, 1.013, 0.585, 0.0, 0.616, 0.698, 1.326, 1.755, 1.894, 1.465, 1.41, 1.113, 0.998, 1.141, 1.387, 1.809, 3.558, 5.351, 6.491, 5.673, 6.514, 5.874, 5.382, 5.585, 5.044, 4.343, 3.312, 2.047, 1.864, 2.151, 1.905, 2.208, 2.975, 3.997, 5.043, 5.309, 4.73, 4.112, 4.429, 4.145, 3.735, 4.072, 4.022, 4.181, 4.828, 4.956, 4.285, 3.933, 3.482, 2.754, 3.083, 2.889, 3.65, 4.372, 4.394, 4.724, 5.053, 5.344, 4.778, 3.52, 1.503, 1.659, 3.422, 4.584, 4.916, 4.844, 5.272, 5.77, 6.797, 6.705, 6.55, 6.186], [3.761, 3.391, 3.009, 2.586, 2.101, 1.966, 2.081, 2.434, 2.601, 2.793, 2.849, 1.905, 1.374, 1.391, 1.277, 1.166, 0.662, 0.616, 0.0, 0.563, 1.284, 1.67, 1.866, 1.309, 1.302, 1.14, 1.036, 1.215, 1.568, 1.807, 3.481, 5.484, 6.643, 5.707, 6.558, 5.956, 5.375, 5.592, 5.027, 4.218, 3.235, 1.952, 1.744, 2.016, 1.878, 2.084, 2.848, 3.833, 4.892, 5.053, 4.563, 3.976, 4.259, 4.019, 3.668, 3.993, 3.921, 4.002, 4.612, 4.738, 4.145, 3.724, 3.369, 2.764, 3.031, 2.812, 3.634, 4.325, 4.373, 4.598, 4.93, 5.179, 4.607, 3.417, 1.484, 1.601, 3.227, 4.408, 4.746, 4.656, 5.091, 5.697, 6.843, 6.818, 6.674, 6.32], [4.045, 3.674, 3.278, 2.796, 2.306, 2.11, 2.112, 2.464, 2.614, 2.816, 2.91, 1.979, 1.453, 1.536, 1.361, 1.236, 0.807, 0.698, 0.563, 0.0, 1.056, 1.534, 1.717, 1.3, 1.404, 1.276, 1.114, 1.058, 1.322, 1.878, 3.581, 5.542, 6.69, 5.798, 6.638, 5.963, 5.417, 5.641, 5.152, 4.309, 3.174, 1.984, 1.647, 1.97, 1.804, 2.162, 2.813, 3.828, 4.875, 5.057, 4.533, 3.914, 4.21, 3.89, 3.523, 3.858, 3.8, 3.99, 4.615, 4.743, 4.099, 3.699, 3.343, 2.533, 2.804, 2.618, 3.404, 4.136, 4.174, 4.57, 4.896, 5.158, 4.61, 3.329, 1.381, 1.772, 3.507, 4.673, 5.003, 4.927, 5.359, 5.916, 6.981, 6.908, 6.721, 6.361], [4.703, 4.208, 3.825, 3.417, 3.0, 3.023, 2.983, 3.331, 3.271, 3.388, 3.37, 2.531, 2.119, 2.155, 1.904, 1.617, 1.408, 1.326, 1.284, 1.056, 0.0, 0.771, 0.996, 1.035, 1.442, 1.609, 1.481, 1.204, 1.284, 2.435, 4.026, 6.162, 7.32, 6.467, 7.278, 6.632, 6.004, 6.213, 5.679, 4.473, 3.146, 2.132, 1.559, 1.505, 1.563, 1.92, 2.429, 3.256, 4.241, 4.377, 3.929, 3.467, 3.624, 3.25, 3.175, 3.306, 3.299, 3.386, 3.957, 4.087, 3.507, 3.024, 2.633, 1.786, 2.042, 2.04, 2.916, 3.647, 3.574, 3.898, 4.23, 4.531, 3.964, 2.77, 1.481, 2.354, 3.907, 5.049, 5.375, 5.32, 5.746, 6.454, 7.593, 7.597, 7.402, 7.041], [4.917, 4.429, 4.02, 3.733, 3.341, 3.459, 3.447, 3.775, 3.622, 3.754, 3.766, 2.849, 2.335, 2.43, 2.078, 1.802, 1.832, 1.755, 1.67, 1.534, 0.771, 0.0, 0.731, 1.168, 1.645, 1.812, 1.78, 1.353, 1.265, 2.644, 4.293, 6.368, 7.529, 6.776, 7.629, 6.939, 6.393, 6.493, 5.911, 4.682, 3.293, 2.252, 1.694, 1.684, 1.622, 1.641, 2.008, 2.867, 3.888, 4.052, 3.573, 3.034, 3.241, 2.942, 2.823, 2.987, 2.986, 3.073, 3.624, 3.732, 3.077, 2.629, 2.204, 1.339, 1.805, 1.779, 2.637, 3.398, 3.428, 3.66, 3.959, 4.212, 3.63, 2.521, 1.509, 2.634, 4.072, 5.225, 5.564, 5.499, 5.907, 6.652, 7.831, 7.892, 7.65, 7.256], [5.03, 4.606, 4.215, 3.857, 3.548, 3.609, 3.594, 4.005, 3.991, 4.11, 4.059, 3.015, 2.624, 2.767, 2.335, 1.908, 2.001, 1.894, 1.866, 1.717, 0.996, 0.731, 0.0, 1.109, 1.669, 1.831, 1.899, 1.432, 1.464, 2.995, 4.645, 6.716, 7.94, 7.173, 7.961, 7.288, 6.722, 6.905, 6.307, 4.784, 3.445, 2.279, 1.758, 1.759, 1.811, 1.533, 1.804, 2.61, 3.567, 3.696, 3.24, 2.834, 2.979, 2.733, 2.538, 2.612, 2.634, 2.714, 3.246, 3.368, 2.765, 2.342, 1.841, 1.272, 1.644, 1.514, 2.352, 3.096, 2.965, 3.235, 3.523, 3.813, 3.326, 2.207, 1.559, 2.735, 4.413, 5.572, 5.914, 5.834, 6.259, 7.073, 8.23, 8.327, 8.109, 7.719], [4.347, 3.984, 3.719, 3.447, 2.876, 3.036, 3.006, 3.393, 3.492, 3.64, 3.57, 2.775, 2.45, 2.333, 1.87, 1.669, 1.562, 1.465, 1.309, 1.3, 1.035, 1.168, 1.109, 0.0, 1.027, 1.29, 1.508, 1.364, 1.609, 2.745, 4.32, 6.456, 7.648, 6.751, 7.5, 6.955, 6.338, 6.558, 5.961, 4.835, 3.643, 2.349, 1.85, 1.978, 2.117, 1.804, 2.256, 3.177, 4.186, 4.281, 3.878, 3.474, 3.619, 3.485, 3.213, 3.249, 3.185, 3.354, 3.741, 3.848, 3.297, 2.857, 2.492, 2.196, 2.355, 2.042, 2.758, 3.441, 3.381, 3.695, 4.011, 4.346, 3.771, 2.639, 1.201, 2.251, 3.877, 5.103, 5.468, 5.364, 5.74, 6.65, 7.91, 7.905, 7.739, 7.379], [3.885, 3.722, 3.451, 3.087, 2.379, 2.442, 2.677, 3.098, 3.296, 3.575, 3.653, 2.738, 2.354, 2.126, 1.779, 1.374, 1.337, 1.41, 1.302, 1.404, 1.442, 1.645, 1.669, 1.027, 0.0, 0.787, 1.314, 1.521, 1.854, 2.7, 4.185, 6.35, 7.42, 6.552, 7.406, 6.654, 6.1, 6.193, 5.75, 5.043, 3.939, 2.635, 2.149, 2.303, 2.464, 2.211, 2.635, 3.532, 4.517, 4.693, 4.237, 3.859, 4.099, 3.933, 3.413, 3.334, 3.317, 3.629, 4.003, 4.149, 3.681, 3.363, 3.019, 2.635, 2.936, 2.599, 3.011, 3.621, 3.626, 3.988, 4.299, 4.497, 3.997, 2.724, 1.009, 1.911, 3.64, 4.858, 5.218, 5.082, 5.49, 6.443, 7.542, 7.596, 7.329, 6.937], [3.519, 3.301, 3.015, 2.642, 2.057, 2.298, 2.351, 2.703, 2.857, 3.144, 3.185, 2.291, 1.965, 1.741, 1.476, 1.25, 1.164, 1.113, 1.14, 1.276, 1.609, 1.812, 1.831, 1.29, 0.787, 0.0, 0.859, 1.307, 1.692, 2.397, 3.737, 5.975, 7.04, 6.153, 6.973, 6.175, 5.605, 5.737, 5.373, 4.598, 3.547, 2.26, 2.204, 2.418, 2.301, 1.968, 2.754, 3.851, 4.908, 5.081, 4.628, 4.062, 4.284, 4.067, 3.719, 3.748, 3.772, 4.046, 4.461, 4.575, 3.923, 3.595, 3.244, 2.77, 3.045, 2.711, 3.26, 3.985, 4.051, 4.428, 4.727, 4.964, 4.48, 3.193, 1.072, 1.374, 3.188, 4.408, 4.764, 4.629, 5.04, 6.057, 7.152, 7.246, 6.924, 6.533], [3.805, 3.394, 3.013, 2.497, 2.224, 2.218, 2.063, 2.366, 2.339, 2.587, 2.681, 1.897, 1.499, 1.285, 1.135, 1.198, 1.113, 0.998, 1.036, 1.114, 1.481, 1.78, 1.899, 1.508, 1.314, 0.859, 0.0, 1.171, 1.389, 1.994, 3.463, 5.464, 6.56, 5.828, 6.685, 5.771, 5.194, 5.307, 5.109, 4.34, 3.257, 2.121, 2.115, 2.295, 2.112, 2.259, 3.092, 4.171, 5.209, 5.327, 4.878, 4.283, 4.505, 4.114, 3.8, 4.056, 4.084, 4.33, 4.902, 5.02, 4.359, 3.911, 3.539, 2.629, 2.954, 2.868, 3.55, 4.274, 4.333, 4.85, 5.119, 5.458, 4.901, 3.611, 1.347, 1.437, 3.213, 4.383, 4.726, 4.649, 5.067, 5.837, 6.925, 6.94, 6.59, 6.235], [4.618, 4.155, 3.785, 3.294, 2.871, 2.597, 2.516, 2.82, 2.89, 3.069, 3.234, 2.213, 1.665, 1.681, 1.261, 1.219, 1.253, 1.141, 1.215, 1.058, 1.204, 1.353, 1.432, 1.364, 1.521, 1.307, 1.171, 0.0, 0.87, 2.183, 3.962, 5.607, 6.918, 6.416, 7.209, 6.283, 5.874, 6.038, 5.647, 4.453, 3.179, 1.971, 1.516, 1.667, 1.6, 1.84, 2.594, 3.604, 4.653, 4.807, 4.28, 3.638, 3.943, 3.526, 3.128, 3.482, 3.477, 3.721, 4.357, 4.468, 3.85, 3.4, 2.965, 2.019, 2.356, 2.422, 3.052, 3.759, 3.828, 4.289, 4.557, 4.875, 4.411, 3.183, 1.439, 2.196, 3.961, 5.155, 5.51, 5.398, 5.833, 6.448, 7.456, 7.461, 7.104, 6.719], [4.78, 4.277, 3.84, 3.343, 3.153, 2.895, 2.852, 3.075, 2.838, 3.041, 3.142, 2.274, 1.917, 1.902, 1.483, 1.496, 1.609, 1.387, 1.568, 1.322, 1.284, 1.265, 1.464, 1.609, 1.854, 1.692, 1.389, 0.87, 0.0, 1.934, 3.71, 5.539, 6.804, 6.23, 7.072, 6.241, 5.801, 5.935, 5.474, 4.245, 3.018, 1.979, 1.677, 1.742, 1.505, 1.774, 2.578, 3.624, 4.626, 4.772, 4.278, 3.64, 3.939, 3.464, 3.205, 3.53, 3.501, 3.735, 4.355, 4.469, 3.818, 3.376, 2.976, 1.844, 2.405, 2.576, 3.242, 3.885, 4.0, 4.388, 4.69, 4.923, 4.504, 3.344, 1.648, 2.385, 3.925, 5.057, 5.375, 5.346, 5.761, 6.217, 7.18, 7.222, 6.952, 6.586], [3.833, 3.335, 2.922, 2.816, 2.774, 2.769, 2.763, 2.822, 2.225, 1.934, 1.923, 1.815, 1.736, 1.881, 2.145, 2.433, 1.956, 1.809, 1.807, 1.878, 2.435, 2.644, 2.995, 2.745, 2.7, 2.397, 1.994, 2.183, 1.934, 0.0, 2.069, 4.078, 5.425, 4.613, 5.451, 4.753, 4.278, 4.393, 3.786, 3.124, 2.358, 2.185, 2.665, 2.953, 2.477, 3.06, 4.033, 5.08, 6.121, 6.26, 5.763, 5.14, 5.423, 4.974, 4.745, 5.133, 5.105, 5.217, 5.839, 5.949, 5.296, 4.838, 4.403, 3.355, 4.141, 4.243, 5.055, 5.757, 5.817, 6.034, 6.317, 6.542, 6.033, 4.95, 2.812, 2.195, 2.599, 3.362, 3.691, 3.758, 4.048, 4.325, 5.386, 5.578, 5.363, 4.942], [2.929, 2.401, 2.086, 2.184, 2.655, 2.848, 2.917, 2.758, 2.261, 1.743, 1.543, 2.14, 2.81, 3.248, 3.812, 4.154, 3.615, 3.558, 3.481, 3.581, 4.026, 4.293, 4.645, 4.32, 4.185, 3.737, 3.463, 3.962, 3.71, 2.069, 0.0, 2.648, 3.842, 2.976, 3.819, 3.079, 2.505, 2.623, 2.07, 1.981, 2.683, 3.602, 4.416, 4.664, 4.182, 4.677, 5.662, 6.697, 7.748, 7.884, 7.43, 6.799, 7.027, 6.627, 6.515, 6.775, 6.782, 6.919, 7.483, 7.585, 6.908, 6.475, 6.039, 4.97, 5.627, 5.789, 6.532, 7.196, 7.28, 7.57, 7.882, 8.125, 7.608, 6.509, 4.302, 2.959, 2.502, 2.162, 2.145, 2.174, 2.499, 2.738, 3.817, 3.94, 3.692, 3.296], [4.846, 4.481, 4.188, 4.451, 4.897, 4.462, 4.625, 4.433, 4.046, 3.632, 3.576, 4.127, 4.423, 4.743, 5.329, 5.67, 5.368, 5.351, 5.484, 5.542, 6.162, 6.368, 6.716, 6.456, 6.35, 5.975, 5.464, 5.607, 5.539, 4.078, 2.648, 0.0, 1.731, 1.455, 2.208, 1.598, 2.11, 2.038, 1.574, 2.734, 4.922, 5.842, 6.457, 6.761, 6.292, 6.946, 7.873, 8.916, 9.963, 10.126, 9.622, 8.968, 9.273, 8.767, 8.319, 8.826, 8.816, 9.078, 9.703, 9.831, 9.168, 8.72, 8.281, 6.988, 7.628, 7.791, 8.402, 9.128, 9.255, 9.782, 10.099, 10.334, 9.799, 8.615, 6.455, 5.36, 4.9, 4.26, 3.906, 3.688, 3.618, 2.89, 2.702, 2.259, 1.969, 2.352], [5.599, 5.3, 5.182, 5.377, 6.001, 5.589, 5.659, 5.41, 5.045, 4.62, 4.632, 5.306, 5.588, 5.864, 6.432, 6.969, 6.489, 6.491, 6.643, 6.69, 7.32, 7.529, 7.94, 7.648, 7.42, 7.04, 6.56, 6.918, 6.804, 5.425, 3.842, 1.731, 0.0, 1.541, 1.236, 1.475, 2.362, 2.562, 2.188, 4.032, 6.236, 7.157, 7.836, 8.137, 7.648, 8.311, 9.263, 10.316, 11.363, 11.525, 11.021, 10.368, 10.673, 10.172, 9.815, 10.244, 10.194, 10.476, 11.103, 11.222, 10.554, 10.109, 9.643, 8.281, 8.909, 8.951, 9.568, 10.32, 10.442, 11.096, 11.402, 11.646, 11.097, 9.786, 7.616, 6.288, 5.862, 5.109, 4.705, 4.507, 4.391, 3.361, 2.369, 1.644, 1.674, 2.132], [4.337, 4.007, 3.958, 4.206, 4.914, 4.867, 4.97, 4.746, 4.422, 4.114, 3.985, 4.731, 5.134, 5.378, 5.957, 6.418, 5.741, 5.673, 5.707, 5.798, 6.467, 6.776, 7.173, 6.751, 6.552, 6.153, 5.828, 6.416, 6.23, 4.613, 2.976, 1.455, 1.541, 0.0, 1.259, 0.985, 1.421, 1.566, 1.097, 3.193, 5.398, 6.318, 7.113, 7.389, 6.869, 7.499, 8.435, 9.495, 10.542, 10.704, 10.245, 9.59, 9.86, 9.447, 9.264, 9.616, 9.524, 9.691, 10.282, 10.399, 9.733, 9.285, 8.819, 7.623, 8.261, 8.266, 9.159, 9.909, 9.96, 10.274, 10.589, 10.848, 10.276, 8.999, 6.833, 5.189, 4.571, 3.778, 3.428, 3.165, 3.06, 2.167, 2.012, 1.476, 1.627, 2.254], [5.143, 4.805, 4.77, 4.99, 5.688, 5.654, 5.645, 5.367, 5.102, 4.818, 4.754, 5.607, 6.006, 6.227, 6.862, 7.3, 6.62, 6.514, 6.558, 6.638, 7.278, 7.629, 7.961, 7.5, 7.406, 6.973, 6.685, 7.209, 7.072, 5.451, 3.819, 2.208, 1.236, 1.259, 0.0, 1.09, 2.044, 2.154, 1.858, 4.02, 6.203, 7.187, 7.933, 8.225, 7.719, 8.371, 9.312, 10.372, 11.418, 11.574, 11.097, 10.472, 10.747, 10.32, 10.111, 10.476, 10.424, 10.553, 11.158, 11.265, 10.609, 10.152, 9.685, 8.454, 9.044, 9.08, 9.963, 10.707, 10.698, 11.104, 11.395, 11.725, 11.153, 9.886, 7.692, 6.013, 5.356, 4.531, 4.169, 3.893, 3.748, 2.603, 1.588, 1.157, 1.444, 2.019], [4.554, 4.213, 4.19, 4.369, 5.022, 4.83, 4.819, 4.566, 4.259, 3.969, 3.964, 4.754, 5.125, 5.413, 5.994, 6.447, 5.898, 5.874, 5.956, 5.963, 6.632, 6.939, 7.288, 6.955, 6.654, 6.175, 5.771, 6.283, 6.241, 4.753, 3.079, 1.598, 1.475, 0.985, 1.09, 0.0, 1.269, 1.479, 1.281, 3.391, 5.554, 6.558, 7.272, 7.564, 7.084, 7.721, 8.683, 9.742, 10.785, 10.941, 10.445, 9.794, 10.093, 9.582, 9.285, 9.656, 9.624, 9.887, 10.52, 10.632, 9.976, 9.519, 9.052, 7.659, 8.271, 8.419, 9.123, 9.869, 9.906, 10.466, 10.741, 11.074, 10.524, 9.235, 6.937, 5.304, 4.774, 3.949, 3.587, 3.311, 3.171, 2.131, 1.795, 1.441, 1.362, 1.899], [3.678, 3.35, 3.309, 3.523, 4.227, 4.311, 4.112, 3.963, 3.588, 3.292, 3.146, 4.119, 4.492, 4.76, 5.33, 5.998, 5.42, 5.382, 5.375, 5.417, 6.004, 6.393, 6.722, 6.338, 6.1, 5.605, 5.194, 5.874, 5.801, 4.278, 2.505, 2.11, 2.362, 1.421, 2.044, 1.269, 0.0, 0.961, 1.194, 2.783, 4.952, 5.918, 6.769, 7.021, 6.506, 7.11, 8.043, 9.102, 10.152, 10.31, 9.852, 9.199, 9.471, 9.02, 8.866, 9.133, 9.001, 9.284, 9.889, 9.999, 9.34, 8.885, 8.419, 7.134, 7.67, 7.699, 8.395, 9.118, 9.202, 9.832, 10.126, 10.43, 9.884, 8.572, 6.256, 4.493, 3.833, 3.024, 2.668, 2.384, 2.32, 1.633, 2.187, 2.119, 2.056, 2.073], [3.842, 3.523, 3.399, 3.522, 4.151, 4.332, 4.323, 4.161, 3.848, 3.568, 3.557, 4.186, 4.628, 4.899, 5.469, 6.019, 5.532, 5.585, 5.592, 5.641, 6.213, 6.493, 6.905, 6.558, 6.193, 5.737, 5.307, 6.038, 5.935, 4.393, 2.623, 2.038, 2.562, 1.566, 2.154, 1.479, 0.961, 0.0, 1.081, 2.994, 5.197, 6.117, 6.877, 7.112, 6.626, 7.237, 8.192, 9.237, 10.284, 10.447, 9.942, 9.314, 9.594, 9.1, 8.891, 9.175, 9.18, 9.432, 10.024, 10.149, 9.475, 9.036, 8.569, 7.255, 7.897, 7.967, 8.605, 9.36, 9.487, 10.057, 10.367, 10.612, 10.019, 8.75, 6.361, 4.638, 3.805, 2.975, 2.624, 2.334, 2.204, 1.478, 1.897, 1.998, 1.888, 2.234], [3.643, 3.325, 3.267, 3.524, 4.233, 4.329, 4.411, 4.232, 3.798, 3.378, 3.23, 3.905, 4.499, 4.852, 5.427, 5.829, 5.157, 5.044, 5.027, 5.152, 5.679, 5.911, 6.307, 5.961, 5.75, 5.373, 5.109, 5.647, 5.474, 3.786, 2.07, 1.574, 2.188, 1.097, 1.858, 1.281, 1.194, 1.081, 0.0, 2.336, 4.54, 5.461, 6.261, 6.518, 5.999, 6.606, 7.552, 8.609, 9.656, 9.819, 9.321, 8.682, 8.974, 8.542, 8.398, 8.713, 8.689, 8.807, 9.396, 9.517, 8.847, 8.404, 7.939, 6.751, 7.461, 7.495, 8.351, 9.095, 9.147, 9.423, 9.734, 9.977, 9.413, 8.199, 6.063, 4.547, 3.886, 3.105, 2.709, 2.497, 2.371, 1.741, 2.148, 2.05, 1.981, 2.363], [3.559, 3.123, 3.121, 3.513, 4.098, 4.336, 4.423, 4.35, 3.595, 3.012, 2.648, 3.226, 3.854, 4.368, 4.821, 5.093, 4.536, 4.343, 4.218, 4.309, 4.473, 4.682, 4.784, 4.835, 5.043, 4.598, 4.34, 4.453, 4.245, 3.124, 1.981, 2.734, 4.032, 3.193, 4.02, 3.391, 2.783, 2.994, 2.336, 0.0, 2.237, 3.35, 4.558, 4.886, 4.308, 4.577, 5.634, 6.607, 7.661, 7.748, 7.599, 7.078, 7.141, 6.894, 6.919, 7.102, 7.088, 7.146, 7.403, 7.266, 6.601, 6.238, 5.767, 5.306, 5.858, 5.856, 6.693, 7.333, 7.362, 7.435, 7.621, 7.846, 7.508, 6.586, 4.932, 4.105, 3.444, 2.998, 2.643, 2.526, 2.535, 3.031, 4.206, 4.32, 4.155, 3.946], [3.413, 2.933, 2.907, 3.063, 3.461, 3.761, 3.938, 3.79, 3.021, 2.705, 2.397, 2.559, 3.071, 3.439, 3.717, 4.019, 3.538, 3.312, 3.235, 3.174, 3.146, 3.293, 3.445, 3.643, 3.939, 3.547, 3.257, 3.179, 3.018, 2.358, 2.683, 4.922, 6.236, 5.398, 6.203, 5.554, 4.952, 5.197, 4.54, 2.237, 0.0, 1.627, 2.734, 3.072, 2.57, 2.829, 3.848, 4.875, 5.831, 5.948, 5.815, 5.307, 5.372, 5.17, 5.178, 5.333, 5.32, 5.385, 5.516, 5.226, 4.606, 4.333, 4.03, 3.624, 4.134, 4.198, 4.987, 5.539, 5.534, 5.596, 5.745, 5.924, 5.72, 4.859, 3.738, 3.274, 2.877, 3.143, 3.38, 3.639, 3.932, 5.042, 6.388, 6.52, 6.359, 5.978], [3.633, 3.266, 3.059, 2.989, 2.997, 3.313, 3.377, 3.663, 3.212, 3.277, 3.083, 2.071, 2.251, 2.543, 2.45, 2.71, 2.211, 2.047, 1.952, 1.984, 2.132, 2.252, 2.279, 2.349, 2.635, 2.26, 2.121, 1.971, 1.979, 2.185, 3.602, 5.842, 7.157, 6.318, 7.187, 6.558, 5.918, 6.117, 5.461, 3.35, 1.627, 0.0, 1.363, 1.76, 1.411, 1.529, 2.626, 3.527, 4.53, 4.588, 4.414, 3.918, 3.978, 3.903, 3.831, 3.894, 3.885, 3.96, 4.228, 4.153, 3.534, 3.144, 2.715, 2.635, 3.054, 2.909, 3.664, 4.236, 4.312, 4.321, 4.578, 4.793, 4.532, 3.58, 2.498, 1.992, 3.081, 4.283, 4.609, 4.58, 4.931, 5.952, 7.285, 7.44, 7.279, 6.898], [4.793, 4.345, 3.952, 3.714, 3.305, 3.404, 3.406, 3.784, 3.841, 4.025, 4.056, 2.937, 2.473, 2.678, 2.324, 2.159, 1.944, 1.864, 1.744, 1.647, 1.559, 1.694, 1.758, 1.85, 2.149, 2.204, 2.115, 1.516, 1.677, 2.665, 4.416, 6.457, 7.836, 7.113, 7.933, 7.272, 6.769, 6.877, 6.261, 4.558, 2.734, 1.363, 0.0, 0.676, 0.749, 1.397, 2.243, 2.873, 3.745, 3.809, 3.468, 2.941, 3.159, 2.907, 2.664, 2.904, 2.898, 2.991, 3.429, 3.509, 2.979, 2.559, 2.313, 2.111, 2.384, 2.305, 2.97, 3.494, 3.598, 3.672, 3.969, 4.184, 3.932, 3.105, 2.166, 2.703, 4.209, 5.39, 5.732, 5.63, 5.997, 6.743, 7.916, 8.109, 7.898, 7.514], [5.253, 4.771, 4.348, 4.087, 3.708, 3.752, 3.804, 4.149, 4.124, 4.298, 4.3, 3.231, 2.749, 2.919, 2.552, 2.253, 2.234, 2.151, 2.016, 1.97, 1.505, 1.684, 1.759, 1.978, 2.303, 2.418, 2.295, 1.667, 1.742, 2.953, 4.664, 6.761, 8.137, 7.389, 8.225, 7.564, 7.021, 7.112, 6.518, 4.886, 3.072, 1.76, 0.676, 0.0, 0.749, 1.572, 2.33, 2.746, 3.449, 3.492, 3.095, 2.676, 2.886, 2.625, 2.535, 2.707, 2.746, 2.722, 3.179, 3.372, 2.953, 2.58, 2.362, 1.954, 2.281, 2.297, 2.943, 3.387, 3.37, 3.402, 3.664, 3.947, 3.835, 3.098, 2.351, 3.078, 4.57, 5.746, 6.082, 5.973, 6.375, 7.034, 8.202, 8.403, 8.198, 7.817], [4.881, 4.382, 3.957, 3.761, 3.456, 3.594, 3.481, 3.751, 3.655, 3.815, 3.791, 2.846, 2.457, 2.653, 2.384, 2.36, 2.147, 1.905, 1.878, 1.804, 1.563, 1.622, 1.811, 2.117, 2.464, 2.301, 2.112, 1.6, 1.505, 2.477, 4.182, 6.292, 7.648, 6.869, 7.719, 7.084, 6.506, 6.626, 5.999, 4.308, 2.57, 1.411, 0.749, 0.749, 0.0, 1.464, 2.377, 2.937, 3.792, 3.917, 3.516, 3.006, 3.189, 2.911, 2.845, 3.052, 3.07, 3.097, 3.561, 3.654, 3.098, 2.691, 2.412, 1.963, 2.387, 2.393, 3.099, 3.617, 3.708, 3.755, 4.039, 4.257, 4.043, 3.262, 2.394, 2.753, 4.134, 5.275, 5.56, 5.572, 5.932, 6.488, 7.748, 7.905, 7.737, 7.355], [4.442, 4.264, 4.032, 3.887, 3.354, 3.749, 3.901, 4.221, 4.335, 4.454, 4.277, 3.103, 2.991, 3.093, 2.512, 2.305, 2.38, 2.208, 2.084, 2.162, 1.92, 1.641, 1.533, 1.804, 2.211, 1.968, 2.259, 1.84, 1.774, 3.06, 4.677, 6.946, 8.311, 7.499, 8.371, 7.721, 7.11, 7.237, 6.606, 4.577, 2.829, 1.529, 1.397, 1.572, 1.464, 0.0, 1.471, 2.332, 3.364, 3.437, 3.205, 2.746, 2.858, 2.796, 2.582, 2.648, 2.643, 2.714, 2.964, 2.947, 2.358, 2.018, 1.68, 1.935, 2.179, 1.865, 2.493, 3.062, 3.124, 3.153, 3.463, 3.646, 3.258, 2.32, 1.837, 2.801, 4.115, 5.27, 5.632, 5.588, 5.956, 6.998, 8.332, 8.555, 8.363, 7.95], [5.299, 5.205, 5.13, 4.916, 4.374, 4.647, 4.793, 5.16, 5.32, 5.439, 5.274, 4.044, 3.85, 3.991, 3.444, 2.896, 3.084, 2.975, 2.848, 2.813, 2.429, 2.008, 1.804, 2.256, 2.635, 2.754, 3.092, 2.594, 2.578, 4.033, 5.662, 7.873, 9.263, 8.435, 9.312, 8.683, 8.043, 8.192, 7.552, 5.634, 3.848, 2.626, 2.243, 2.33, 2.377, 1.471, 0.0, 1.352, 2.511, 2.687, 2.451, 1.976, 2.156, 2.075, 1.831, 1.792, 1.766, 1.826, 2.224, 2.13, 1.526, 1.422, 1.4, 1.937, 1.576, 1.546, 1.902, 2.321, 2.404, 2.449, 2.701, 2.788, 2.446, 1.693, 2.374, 3.82, 5.076, 6.336, 6.669, 6.664, 6.844, 7.915, 9.31, 9.514, 9.304, 8.891], [6.404, 6.356, 6.169, 5.961, 5.445, 5.491, 5.778, 6.198, 6.366, 6.485, 6.29, 5.093, 4.873, 5.05, 4.49, 3.825, 4.035, 3.997, 3.833, 3.828, 3.256, 2.867, 2.61, 3.177, 3.532, 3.851, 4.171, 3.604, 3.624, 5.08, 6.697, 8.916, 10.316, 9.495, 10.372, 9.742, 9.102, 9.237, 8.609, 6.607, 4.875, 3.527, 2.873, 2.746, 2.937, 2.332, 1.352, 0.0, 1.282, 1.642, 1.43, 1.244, 1.347, 1.333, 1.124, 1.121, 1.181, 1.052, 1.288, 1.286, 1.371, 1.712, 1.788, 2.412, 1.873, 1.913, 1.916, 1.783, 1.773, 1.777, 2.054, 2.023, 1.878, 2.046, 3.407, 4.929, 6.165, 7.432, 7.749, 7.756, 7.974, 8.964, 10.356, 10.562, 10.363, 9.95], [7.563, 7.451, 7.174, 7.008, 6.476, 6.502, 6.806, 7.226, 7.382, 7.508, 7.346, 6.177, 5.927, 6.104, 5.564, 4.859, 5.115, 5.043, 4.892, 4.875, 4.241, 3.888, 3.567, 4.186, 4.517, 4.908, 5.209, 4.653, 4.626, 6.121, 7.748, 9.963, 11.363, 10.542, 11.418, 10.785, 10.152, 10.284, 9.656, 7.661, 5.831, 4.53, 3.745, 3.449, 3.792, 3.364, 2.511, 1.282, 0.0, 0.83, 0.773, 1.213, 1.016, 1.354, 1.783, 1.662, 1.703, 1.42, 1.235, 1.569, 1.923, 2.269, 2.374, 3.18, 2.705, 2.72, 2.77, 2.375, 2.149, 1.733, 1.897, 2.199, 2.435, 2.941, 4.453, 6.01, 7.27, 8.519, 8.811, 8.804, 9.069, 10.02, 11.378, 11.602, 11.41, 10.997], [7.67, 7.48, 7.316, 7.087, 6.556, 6.675, 6.965, 7.373, 7.527, 7.655, 7.477, 6.329, 6.082, 6.26, 5.732, 5.119, 5.34, 5.309, 5.053, 5.057, 4.377, 4.052, 3.696, 4.281, 4.693, 5.081, 5.327, 4.807, 4.772, 6.26, 7.884, 10.126, 11.525, 10.704, 11.574, 10.941, 10.31, 10.447, 9.819, 7.748, 5.948, 4.588, 3.809, 3.492, 3.917, 3.437, 2.687, 1.642, 0.83, 0.0, 0.743, 1.242, 1.002, 1.407, 1.925, 1.83, 1.927, 1.699, 1.376, 1.54, 1.989, 2.333, 2.47, 3.347, 2.765, 2.772, 2.867, 2.474, 2.314, 1.898, 1.934, 2.415, 2.625, 3.166, 4.59, 6.058, 7.285, 8.504, 8.888, 8.867, 9.103, 10.119, 11.524, 11.765, 11.573, 11.159], [7.544, 7.377, 6.994, 6.736, 6.184, 6.203, 6.455, 6.876, 7.037, 7.171, 7.072, 5.9, 5.578, 5.756, 5.197, 4.531, 4.765, 4.73, 4.563, 4.533, 3.929, 3.573, 3.24, 3.878, 4.237, 4.628, 4.878, 4.28, 4.278, 5.763, 7.43, 9.622, 11.021, 10.245, 11.097, 10.445, 9.852, 9.942, 9.321, 7.599, 5.815, 4.414, 3.468, 3.095, 3.516, 3.205, 2.451, 1.43, 0.773, 0.743, 0.0, 0.791, 0.711, 1.014, 1.608, 1.484, 1.598, 1.344, 1.288, 1.699, 1.998, 2.31, 2.377, 2.83, 2.437, 2.503, 2.52, 2.196, 2.096, 1.83, 1.999, 2.432, 2.532, 2.921, 4.21, 5.711, 7.191, 8.368, 8.735, 8.673, 9.013, 9.753, 11.027, 11.265, 11.068, 10.655], [7.02, 6.846, 6.449, 6.164, 5.691, 5.721, 5.864, 6.264, 6.402, 6.527, 6.454, 5.269, 4.938, 5.104, 4.55, 4.01, 4.158, 4.112, 3.976, 3.914, 3.467, 3.034, 2.834, 3.474, 3.859, 4.062, 4.283, 3.638, 3.64, 5.14, 6.799, 8.968, 10.368, 9.59, 10.472, 9.794, 9.199, 9.314, 8.682, 7.078, 5.307, 3.918, 2.941, 2.676, 3.006, 2.746, 1.976, 1.244, 1.213, 1.242, 0.791, 0.0, 0.54, 0.688, 1.225, 1.253, 1.326, 1.183, 1.255, 1.738, 1.904, 2.217, 2.253, 2.41, 2.01, 2.086, 2.252, 2.062, 2.149, 2.022, 2.262, 2.537, 2.616, 2.654, 3.633, 5.103, 6.641, 7.802, 8.216, 8.121, 8.438, 9.128, 10.416, 10.607, 10.415, 10.002], [7.124, 6.92, 6.579, 6.285, 5.856, 6.03, 6.143, 6.55, 6.702, 6.82, 6.657, 5.47, 5.23, 5.407, 4.859, 4.306, 4.45, 4.429, 4.259, 4.21, 3.624, 3.241, 2.979, 3.619, 4.099, 4.284, 4.505, 3.943, 3.939, 5.423, 7.027, 9.273, 10.673, 9.86, 10.747, 10.093, 9.471, 9.594, 8.974, 7.141, 5.372, 3.978, 3.159, 2.886, 3.189, 2.858, 2.156, 1.347, 1.016, 1.002, 0.711, 0.54, 0.0, 0.686, 1.526, 1.495, 1.581, 1.381, 1.343, 1.739, 1.916, 2.196, 2.24, 2.61, 2.062, 2.125, 2.32, 2.179, 2.239, 2.027, 2.25, 2.567, 2.653, 2.799, 3.814, 5.252, 6.704, 7.865, 8.279, 8.183, 8.511, 9.385, 10.7, 10.912, 10.72, 10.307], [7.109, 6.722, 6.317, 5.995, 5.589, 5.67, 5.749, 6.124, 6.195, 6.315, 6.239, 5.125, 4.744, 4.954, 4.49, 4.005, 4.172, 4.145, 4.019, 3.89, 3.25, 2.942, 2.733, 3.485, 3.933, 4.067, 4.114, 3.526, 3.464, 4.974, 6.627, 8.767, 10.172, 9.447, 10.32, 9.582, 9.02, 9.1, 8.542, 6.894, 5.17, 3.903, 2.907, 2.625, 2.911, 2.796, 2.075, 1.333, 1.354, 1.407, 1.014, 0.688, 0.686, 0.0, 1.209, 1.347, 1.521, 1.388, 1.517, 1.966, 2.167, 2.364, 2.418, 2.387, 1.856, 2.152, 2.353, 2.21, 2.28, 2.274, 2.568, 2.76, 2.756, 2.762, 3.723, 4.995, 6.455, 7.61, 8.0, 7.929, 8.258, 9.004, 10.229, 10.457, 10.214, 9.801], [6.895, 6.683, 6.257, 5.854, 5.279, 4.928, 5.189, 5.595, 5.826, 6.035, 6.149, 4.916, 4.478, 4.474, 3.977, 3.325, 3.715, 3.735, 3.668, 3.523, 3.175, 2.823, 2.538, 3.213, 3.413, 3.719, 3.8, 3.128, 3.205, 4.745, 6.515, 8.319, 9.815, 9.264, 10.111, 9.285, 8.866, 8.891, 8.398, 6.919, 5.178, 3.831, 2.664, 2.535, 2.845, 2.582, 1.831, 1.124, 1.783, 1.925, 1.608, 1.225, 1.526, 1.209, 0.0, 0.941, 1.049, 1.081, 1.512, 1.838, 2.129, 2.373, 2.411, 2.413, 1.948, 2.165, 2.138, 1.894, 1.969, 2.135, 2.404, 2.498, 2.331, 2.236, 3.422, 4.852, 6.411, 7.563, 7.977, 7.916, 8.252, 8.899, 10.01, 10.193, 9.862, 9.387], [6.839, 6.806, 6.451, 6.076, 5.411, 5.361, 5.651, 6.072, 6.235, 6.376, 6.377, 5.149, 4.789, 4.96, 4.396, 3.716, 3.962, 4.072, 3.993, 3.858, 3.306, 2.987, 2.612, 3.249, 3.334, 3.748, 4.056, 3.482, 3.53, 5.133, 6.775, 8.826, 10.244, 9.616, 10.476, 9.656, 9.133, 9.175, 8.713, 7.102, 5.333, 3.894, 2.904, 2.707, 3.052, 2.648, 1.792, 1.121, 1.662, 1.83, 1.484, 1.253, 1.495, 1.347, 0.941, 0.0, 0.466, 0.616, 1.057, 1.551, 1.742, 2.051, 2.089, 2.309, 1.895, 1.946, 1.796, 1.603, 1.363, 1.583, 1.909, 1.984, 1.82, 1.828, 3.291, 4.952, 6.579, 7.772, 8.198, 8.094, 8.418, 9.242, 10.37, 10.601, 10.273, 9.881], [6.799, 6.749, 6.426, 6.064, 5.408, 5.336, 5.617, 6.039, 6.196, 6.359, 6.274, 5.135, 4.751, 4.929, 4.365, 3.674, 3.967, 4.022, 3.921, 3.8, 3.299, 2.986, 2.634, 3.185, 3.317, 3.772, 4.084, 3.477, 3.501, 5.105, 6.782, 8.816, 10.194, 9.524, 10.424, 9.624, 9.001, 9.18, 8.689, 7.088, 5.32, 3.885, 2.898, 2.746, 3.07, 2.643, 1.766, 1.181, 1.703, 1.927, 1.598, 1.326, 1.581, 1.521, 1.049, 0.466, 0.0, 0.585, 1.136, 1.594, 1.766, 2.037, 2.03, 2.31, 1.86, 1.866, 1.768, 1.622, 1.382, 1.627, 1.927, 1.97, 1.725, 1.723, 3.236, 4.955, 6.535, 7.759, 8.168, 8.057, 8.395, 9.224, 10.361, 10.542, 10.244, 9.892], [6.985, 6.875, 6.545, 6.158, 5.616, 5.612, 5.908, 6.33, 6.497, 6.642, 6.538, 5.343, 5.034, 5.212, 4.648, 3.972, 4.217, 4.181, 4.002, 3.99, 3.386, 3.073, 2.714, 3.354, 3.629, 4.046, 4.33, 3.721, 3.735, 5.217, 6.919, 9.078, 10.476, 9.691, 10.553, 9.887, 9.284, 9.432, 8.807, 7.146, 5.385, 3.96, 2.991, 2.722, 3.097, 2.714, 1.826, 1.052, 1.42, 1.699, 1.344, 1.183, 1.381, 1.388, 1.081, 0.616, 0.585, 0.0, 0.925, 1.5, 1.691, 1.976, 1.983, 2.399, 1.977, 1.995, 2.098, 1.908, 1.54, 1.439, 1.733, 1.72, 1.626, 1.959, 3.606, 5.153, 6.649, 7.836, 8.25, 8.155, 8.505, 9.296, 10.491, 10.722, 10.525, 10.112], [6.897, 7.005, 6.786, 6.696, 5.985, 6.237, 6.543, 6.956, 7.113, 7.238, 7.081, 5.932, 5.659, 5.837, 5.273, 4.625, 4.845, 4.828, 4.612, 4.615, 3.957, 3.624, 3.246, 3.741, 4.003, 4.461, 4.902, 4.357, 4.355, 5.839, 7.483, 9.703, 11.103, 10.282, 11.158, 10.52, 9.889, 10.024, 9.396, 7.403, 5.516, 4.228, 3.429, 3.179, 3.561, 2.964, 2.224, 1.288, 1.235, 1.376, 1.288, 1.255, 1.343, 1.517, 1.512, 1.057, 1.136, 0.925, 0.0, 1.109, 1.532, 1.942, 2.13, 2.895, 2.467, 2.342, 2.162, 1.849, 1.506, 1.256, 1.454, 1.484, 1.584, 2.172, 3.81, 5.578, 6.882, 8.044, 8.438, 8.353, 8.664, 9.738, 11.107, 11.342, 11.15, 10.737], [6.717, 6.836, 6.907, 6.784, 6.137, 6.389, 6.65, 7.074, 7.215, 7.347, 7.159, 5.994, 5.787, 5.963, 5.401, 4.758, 4.959, 4.956, 4.738, 4.743, 4.087, 3.732, 3.368, 3.848, 4.149, 4.575, 5.02, 4.468, 4.469, 5.949, 7.585, 9.831, 11.222, 10.399, 11.265, 10.632, 9.999, 10.149, 9.517, 7.266, 5.226, 4.153, 3.509, 3.372, 3.654, 2.947, 2.13, 1.286, 1.569, 1.54, 1.699, 1.738, 1.739, 1.966, 1.838, 1.551, 1.594, 1.5, 1.109, 0.0, 0.845, 1.314, 1.685, 2.998, 2.469, 2.413, 2.099, 1.762, 1.564, 1.377, 1.554, 1.593, 1.798, 2.463, 3.867, 5.673, 6.775, 7.883, 8.236, 8.369, 8.588, 9.824, 11.227, 11.468, 11.278, 10.864], [6.111, 6.16, 6.231, 6.122, 5.552, 5.956, 6.046, 6.471, 6.573, 6.7, 6.509, 5.317, 5.113, 5.288, 4.724, 4.122, 4.341, 4.285, 4.145, 4.099, 3.507, 3.077, 2.765, 3.297, 3.681, 3.923, 4.359, 3.85, 3.818, 5.296, 6.908, 9.168, 10.554, 9.733, 10.609, 9.976, 9.34, 9.475, 8.847, 6.601, 4.606, 3.534, 2.979, 2.953, 3.098, 2.358, 1.526, 1.371, 1.923, 1.989, 1.998, 1.904, 1.916, 2.167, 2.129, 1.742, 1.766, 1.691, 1.532, 0.845, 0.0, 0.846, 1.141, 2.353, 1.969, 1.813, 1.658, 1.831, 1.683, 1.586, 1.758, 1.867, 1.808, 2.156, 3.254, 4.997, 6.099, 7.212, 7.565, 7.694, 7.911, 9.154, 10.57, 10.793, 10.601, 10.188], [5.996, 5.807, 5.829, 5.703, 5.155, 5.538, 5.607, 6.007, 6.124, 6.243, 6.061, 4.945, 4.677, 4.855, 4.329, 3.741, 3.973, 3.933, 3.724, 3.699, 3.024, 2.629, 2.342, 2.857, 3.363, 3.595, 3.911, 3.4, 3.376, 4.838, 6.475, 8.72, 10.109, 9.285, 10.152, 9.519, 8.885, 9.036, 8.404, 6.238, 4.333, 3.144, 2.559, 2.58, 2.691, 2.018, 1.422, 1.712, 2.269, 2.333, 2.31, 2.217, 2.196, 2.364, 2.373, 2.051, 2.037, 1.976, 1.942, 1.314, 0.846, 0.0, 0.752, 1.961, 1.736, 1.556, 1.785, 2.196, 2.055, 1.884, 2.128, 2.164, 2.304, 2.212, 3.002, 4.604, 5.683, 6.978, 7.307, 7.314, 7.529, 8.733, 10.129, 10.36, 10.167, 9.754], [5.645, 5.508, 5.422, 5.303, 4.916, 5.18, 5.241, 5.662, 5.688, 5.788, 5.603, 4.448, 4.231, 4.403, 3.878, 3.32, 3.534, 3.482, 3.369, 3.343, 2.633, 2.204, 1.841, 2.492, 3.019, 3.244, 3.539, 2.965, 2.976, 4.403, 6.039, 8.281, 9.643, 8.819, 9.685, 9.052, 8.419, 8.569, 7.939, 5.767, 4.03, 2.715, 2.313, 2.362, 2.412, 1.68, 1.4, 1.788, 2.374, 2.47, 2.377, 2.253, 2.24, 2.418, 2.411, 2.089, 2.03, 1.983, 2.13, 1.685, 1.141, 0.752, 0.0, 1.573, 1.506, 1.232, 1.708, 2.284, 2.107, 2.045, 2.219, 2.367, 2.296, 2.059, 2.637, 4.141, 5.381, 6.586, 6.901, 6.916, 7.25, 8.331, 9.695, 9.911, 9.701, 9.292], [5.993, 5.504, 5.057, 4.644, 4.361, 4.349, 4.279, 4.616, 4.347, 4.393, 4.369, 3.579, 3.158, 3.332, 3.023, 2.702, 2.827, 2.754, 2.764, 2.533, 1.786, 1.339, 1.272, 2.196, 2.635, 2.77, 2.629, 2.019, 1.844, 3.355, 4.97, 6.988, 8.281, 7.623, 8.454, 7.659, 7.134, 7.255, 6.751, 5.306, 3.624, 2.635, 2.111, 1.954, 1.963, 1.935, 1.937, 2.412, 3.18, 3.347, 2.83, 2.41, 2.61, 2.387, 2.413, 2.309, 2.31, 2.399, 2.895, 2.998, 2.353, 1.961, 1.573, 0.0, 1.091, 1.13, 1.897, 2.605, 2.522, 2.874, 3.183, 3.447, 2.987, 2.216, 2.397, 3.569, 5.013, 6.14, 6.495, 6.409, 6.835, 7.518, 8.576, 8.674, 8.413, 8.034], [6.351, 5.84, 5.501, 4.988, 4.627, 4.665, 4.555, 4.872, 4.84, 4.955, 4.815, 3.966, 3.607, 3.754, 3.386, 3.039, 3.095, 3.083, 3.031, 2.804, 2.042, 1.805, 1.644, 2.355, 2.936, 3.045, 2.954, 2.356, 2.405, 4.141, 5.627, 7.628, 8.909, 8.261, 9.044, 8.271, 7.67, 7.897, 7.461, 5.858, 4.134, 3.054, 2.384, 2.281, 2.387, 2.179, 1.576, 1.873, 2.705, 2.765, 2.437, 2.01, 2.062, 1.856, 1.948, 1.895, 1.86, 1.977, 2.467, 2.469, 1.969, 1.736, 1.506, 1.091, 0.0, 0.791, 1.266, 1.833, 1.756, 2.27, 2.536, 2.888, 2.525, 1.806, 2.644, 3.937, 5.533, 6.713, 7.075, 6.976, 7.397, 8.261, 9.379, 9.347, 9.117, 8.765], [5.907, 5.522, 5.275, 4.844, 4.363, 4.596, 4.517, 4.831, 4.967, 5.065, 4.897, 3.925, 3.651, 3.748, 3.288, 2.925, 2.988, 2.889, 2.812, 2.618, 2.04, 1.779, 1.514, 2.042, 2.599, 2.711, 2.868, 2.422, 2.576, 4.243, 5.789, 7.791, 8.951, 8.266, 9.08, 8.419, 7.699, 7.967, 7.495, 5.856, 4.198, 2.909, 2.305, 2.297, 2.393, 1.865, 1.546, 1.913, 2.72, 2.772, 2.503, 2.086, 2.125, 2.152, 2.165, 1.946, 1.866, 1.995, 2.342, 2.413, 1.813, 1.556, 1.232, 1.13, 0.791, 0.0, 1.089, 1.83, 1.734, 2.195, 2.506, 2.814, 2.341, 1.594, 2.255, 3.729, 5.396, 6.59, 6.951, 6.832, 7.266, 8.286, 9.45, 9.4, 9.215, 8.858], [6.171, 6.282, 6.115, 5.711, 4.982, 5.136, 4.961, 5.369, 5.498, 5.604, 5.542, 4.569, 4.188, 4.279, 3.762, 3.365, 3.546, 3.65, 3.634, 3.404, 2.916, 2.637, 2.352, 2.758, 3.011, 3.26, 3.55, 3.052, 3.242, 5.055, 6.532, 8.402, 9.568, 9.159, 9.963, 9.123, 8.395, 8.605, 8.351, 6.693, 4.987, 3.664, 2.97, 2.943, 3.099, 2.493, 1.902, 1.916, 2.77, 2.867, 2.52, 2.252, 2.32, 2.353, 2.138, 1.796, 1.768, 2.098, 2.162, 2.099, 1.658, 1.785, 1.708, 1.897, 1.266, 1.089, 0.0, 0.844, 1.037, 1.757, 2.081, 2.295, 2.002, 1.527, 2.591, 4.495, 6.235, 7.398, 7.753, 7.637, 8.107, 9.194, 10.275, 10.257, 9.864, 9.58], [6.907, 7.025, 6.837, 6.424, 5.638, 5.722, 5.66, 6.