[[0.0, 1.205, 1.241, 3.703, 8.929, 10.376, 9.72, 9.448, 9.477, 9.503, 9.47, 10.021, 11.302, 11.541, 11.029, 10.475, 9.125, 8.347, 7.861, 7.274, 7.275, 7.799, 7.899, 6.566, 6.267, 7.135, 6.986, 6.774, 6.678, 6.661, 6.354, 6.122, 6.02, 6.089, 6.967, 8.266, 9.081, 7.398, 5.403, 4.097, 3.872, 3.842, 3.893, 4.019, 4.471, 4.945, 5.138, 5.291, 5.195, 5.089, 5.065, 4.811, 4.678, 5.341, 5.544, 5.949, 5.708, 5.271, 5.64, 6.156, 7.017, 7.061, 5.857, 5.173, 5.126, 5.262, 5.288, 5.65, 5.627, 5.433, 4.914, 5.886, 5.871, 5.72, 5.165, 4.722, 4.662, 4.588, 4.066, 4.9, 5.29, 5.408, 5.408, 5.547, 5.951, 5.942], [1.205, 0.0, 1.091, 4.45, 9.693, 11.338, 10.616, 10.25, 10.374, 10.448, 10.54, 11.057, 12.351, 12.57, 12.066, 11.519, 10.23, 9.375, 8.963, 8.279, 7.963, 8.42, 8.556, 7.059, 7.244, 8.207, 8.029, 7.77, 7.761, 7.6, 7.108, 6.758, 6.727, 6.459, 7.38, 8.728, 9.474, 7.684, 5.437, 4.131, 3.791, 3.789, 3.79, 3.93, 4.299, 4.89, 5.089, 5.258, 5.134, 4.938, 4.968, 4.818, 4.705, 5.37, 5.538, 5.946, 5.701, 5.155, 5.47, 5.898, 6.676, 6.726, 5.543, 4.909, 4.82, 5.006, 5.018, 5.403, 5.195, 4.68, 4.044, 4.927, 4.76, 4.58, 4.24, 3.977, 4.241, 4.161, 3.833, 4.909, 5.304, 5.447, 5.448, 5.624, 6.038, 5.964], [1.241, 1.091, 0.0, 3.755, 9.044, 10.694, 9.956, 9.552, 9.721, 9.79, 9.816, 10.332, 11.628, 11.812, 11.352, 10.786, 9.472, 8.574, 8.125, 7.475, 7.189, 7.629, 7.751, 6.288, 6.406, 7.387, 7.28, 7.061, 7.026, 6.888, 6.371, 6.037, 5.874, 5.735, 6.579, 7.881, 8.659, 6.922, 4.885, 3.565, 3.336, 3.288, 3.366, 3.616, 4.071, 4.587, 4.813, 5.082, 5.065, 5.054, 5.034, 4.606, 4.397, 5.081, 5.215, 5.573, 5.449, 5.115, 5.495, 6.03, 6.846, 6.89, 5.718, 5.079, 4.943, 5.14, 5.171, 5.525, 5.322, 4.95, 4.448, 5.485, 5.341, 5.189, 4.692, 4.373, 4.481, 4.344, 3.996, 4.516, 4.798, 4.82, 4.828, 5.012, 5.392, 5.445], [3.703, 4.45, 3.755, 0.0, 5.394, 7.09, 6.367, 5.917, 6.035, 6.084, 6.139, 6.674, 7.998, 8.224, 7.714, 7.175, 6.001, 5.034, 4.637, 4.009, 3.788, 4.329, 4.46, 3.283, 2.978, 3.974, 3.858, 3.568, 3.636, 3.391, 2.862, 2.616, 2.526, 2.546, 3.474, 4.725, 5.589, 4.223, 3.938, 4.016, 4.023, 4.226, 4.997, 5.651, 6.119, 6.216, 6.471, 6.816, 6.85, 6.645, 6.952, 6.575, 6.206, 6.673, 6.49, 6.59, 6.499, 6.422, 6.879, 7.842, 9.125, 9.082, 7.762, 6.848, 6.876, 6.846, 6.899, 7.254, 7.847, 8.275, 7.908, 9.071, 8.908, 8.698, 8.119, 7.641, 7.425, 6.982, 5.404, 5.167, 4.8, 4.103, 4.194, 4.349, 4.165, 3.728], [8.929, 9.693, 9.044, 5.394, 0.0, 2.5, 2.116, 1.763, 1.698, 1.612, 1.481, 1.802, 3.024, 3.274, 2.852, 2.416, 1.526, 1.444, 1.846, 2.128, 2.543, 2.821, 2.66, 2.941, 2.97, 2.037, 2.09, 2.342, 2.761, 2.465, 2.853, 3.167, 3.281, 3.628, 3.075, 2.607, 2.84, 3.917, 7.522, 8.401, 8.675, 8.937, 9.797, 10.458, 10.909, 11.011, 11.327, 11.737, 11.78, 11.561, 11.76, 11.282, 10.899, 11.315, 11.07, 11.048, 10.911, 10.967, 11.446, 12.376, 13.821, 13.85, 12.516, 11.413, 11.14, 11.058, 11.137, 11.694, 12.875, 13.398, 13.013, 14.15, 14.019, 13.819, 13.214, 12.742, 12.52, 12.064, 9.99, 8.955, 8.15, 7.295, 7.328, 7.46, 7.105, 5.643], [10.376, 11.338, 10.694, 7.09, 2.5, 0.0, 1.031, 1.572, 1.439, 1.537, 1.676, 1.611, 1.527, 1.701, 1.414, 1.512, 1.981, 2.737, 3.207, 3.727, 4.279, 4.17, 4.059, 4.651, 4.734, 3.743, 3.747, 4.152, 4.505, 4.028, 4.465, 4.99, 4.985, 5.352, 4.772, 3.871, 3.541, 5.468, 9.271, 10.146, 10.454, 10.687, 11.545, 12.16, 12.607, 12.708, 12.98, 13.419, 13.454, 13.234, 13.468, 12.978, 12.591, 12.986, 12.807, 12.77, 12.657, 12.714, 13.242, 14.144, 15.533, 15.577, 14.236, 13.141, 12.861, 12.792, 12.873, 13.457, 14.673, 15.166, 14.822, 15.867, 15.827, 15.627, 15.038, 14.559, 14.327, 13.845, 11.738, 10.601, 9.756, 8.979, 8.953, 8.974, 8.679, 6.95], [9.72, 10.616, 9.956, 6.367, 2.116, 1.031, 0.0, 0.871, 0.981, 1.174, 1.459, 1.622, 2.163, 2.384, 2.071, 1.968, 1.744, 2.427, 2.876, 3.351, 3.596, 3.413, 3.326, 3.932, 4.2, 3.387, 3.409, 3.845, 4.229, 3.597, 3.804, 4.294, 4.285, 4.645, 4.076, 3.175, 2.9, 4.77, 8.543, 9.424, 9.736, 9.966, 10.84, 11.453, 11.852, 11.96, 12.245, 12.684, 12.72, 12.52, 12.729, 12.22, 11.818, 12.219, 12.084, 12.049, 11.93, 11.975, 12.506, 13.424, 14.808, 14.867, 13.496, 12.432, 12.152, 12.081, 12.164, 12.744, 13.957, 14.454, 14.115, 15.139, 15.108, 14.914, 14.333, 13.856, 13.62, 13.128, 11.013, 9.872, 9.036, 8.245, 8.2, 8.24, 7.958, 6.204], [9.448, 10.25, 9.552, 5.917, 1.763, 1.572, 0.871, 0.0, 0.7, 0.983, 1.449, 1.762, 2.404, 2.631, 2.277, 2.21, 1.792, 2.135, 2.593, 2.912, 3.014, 2.966, 2.837, 3.518, 3.673, 2.998, 3.094, 3.457, 3.907, 3.191, 3.37, 3.777, 3.817, 4.215, 3.598, 2.738, 2.588, 4.42, 8.22, 9.033, 9.298, 9.546, 10.417, 11.076, 11.521, 11.646, 11.962, 12.383, 12.421, 12.203, 12.408, 11.895, 11.523, 11.929, 11.719, 11.703, 11.565, 11.592, 12.103, 13.016, 14.471, 14.497, 13.16, 12.057, 11.757, 11.691, 11.775, 12.337, 13.506, 14.009, 13.654, 14.791, 14.659, 14.437, 13.849, 13.379, 13.164, 12.703, 10.627, 9.536, 8.68, 7.786, 7.753, 7.882, 7.533, 5.75], [9.477, 10.374, 9.721, 6.035, 1.698, 1.439, 0.981, 0.7, 0.0, 0.688, 1.173, 1.474, 2.236, 2.447, 2.034, 1.811, 1.53, 1.971, 2.388, 2.778, 3.103, 3.078, 2.953, 3.668, 3.636, 2.841, 2.934, 3.291, 3.779, 3.185, 3.518, 3.94, 4.032, 4.434, 3.815, 2.962, 2.652, 4.656, 8.454, 9.256, 9.499, 9.755, 10.623, 11.284, 11.723, 11.854, 12.165, 12.593, 12.631, 12.411, 12.626, 12.105, 11.73, 12.134, 11.942, 11.925, 11.791, 11.786, 12.297, 13.228, 14.668, 14.706, 13.359, 12.257, 11.96, 11.892, 11.977, 12.536, 13.705, 14.211, 13.849, 14.996, 14.847, 14.64, 14.047, 13.577, 13.362, 12.901, 10.843, 9.737, 8.897, 8.003, 7.969, 8.098, 7.753, 5.957], [9.503, 10.448, 9.79, 6.084, 1.612, 1.537, 1.174, 0.983, 0.688, 0.0, 0.887, 1.224, 2.13, 2.335, 1.911, 1.707, 1.455, 1.769, 2.195, 2.618, 3.135, 3.123, 3.029, 3.738, 3.609, 2.697, 2.751, 3.08, 3.601, 3.206, 3.606, 4.015, 4.109, 4.517, 3.902, 3.037, 2.74, 4.73, 8.528, 9.318, 9.571, 9.827, 10.694, 11.361, 11.799, 11.931, 12.25, 12.678, 12.716, 12.488, 12.694, 12.184, 11.799, 12.207, 11.997, 11.983, 11.859, 11.864, 12.374, 13.302, 14.741, 14.774, 13.429, 12.327, 12.032, 11.961, 12.046, 12.605, 13.77, 14.281, 13.919, 15.065, 14.917, 14.699, 14.108, 13.639, 13.424, 12.97, 10.902, 9.815, 8.984, 8.09, 8.057, 8.183, 7.837, 6.062], [9.47, 10.54, 9.816, 6.139, 1.481, 1.676, 1.459, 1.449, 1.173, 0.887, 0.0, 0.845, 1.932, 2.169, 1.78, 1.537, 1.326, 1.535, 1.951, 2.544, 3.27, 3.305, 3.191, 3.813, 3.615, 2.558, 2.64, 2.848, 3.104, 3.019, 3.546, 4.12, 4.221, 4.631, 4.016, 3.255, 3.12, 4.876, 8.657, 9.436, 9.647, 9.899, 10.767, 11.434, 11.887, 12.004, 12.326, 12.755, 12.795, 12.565, 12.774, 12.268, 11.899, 12.318, 12.11, 12.101, 11.958, 11.961, 12.463, 13.379, 14.833, 14.856, 13.505, 12.401, 12.107, 12.041, 12.129, 12.688, 13.855, 14.374, 13.995, 15.14, 14.993, 14.796, 14.191, 13.72, 13.505, 13.044, 10.991, 9.909, 9.099, 8.204, 8.182, 8.313, 7.955, 6.284], [10.021, 11.057, 10.332, 6.674, 1.802, 1.611, 1.622, 1.762, 1.474, 1.224, 0.845, 0.0, 1.412, 1.621, 1.323, 1.275, 1.433, 1.938, 2.376, 3.031, 3.768, 3.764, 3.663, 4.318, 4.123, 3.067, 3.115, 3.334, 3.476, 3.58, 4.104, 4.659, 4.727, 5.155, 4.529, 3.699, 3.536, 5.349, 9.145, 9.936, 10.155, 10.414, 11.253, 11.913, 12.367, 12.496, 12.817, 13.249, 13.284, 13.062, 13.288, 12.761, 12.401, 12.826, 12.61, 12.601, 12.446, 12.48, 12.984, 13.912, 15.353, 15.342, 13.985, 12.916, 12.614, 12.541, 12.62, 13.189, 14.352, 14.838, 14.474, 15.636, 15.486, 15.265, 14.674, 14.203, 13.987, 13.532, 11.505, 10.426, 9.61, 8.717, 8.685, 8.809, 8.463, 6.784], [11.302, 12.351, 11.628, 7.998, 3.024, 1.527, 2.163, 2.404, 2.236, 2.13, 1.932, 1.412, 0.0, 0.605, 0.866, 1.265, 2.32, 3.165, 3.625, 4.305, 5.043, 4.989, 4.868, 5.602, 5.407, 4.303, 4.376, 4.621, 4.699, 4.814, 5.335, 5.904, 6.003, 6.465, 5.802, 4.946, 4.554, 6.637, 10.435, 11.218, 11.441, 11.693, 12.535, 13.202, 13.656, 13.785, 14.118, 14.549, 14.584, 14.34, 14.568, 14.044, 13.674, 14.1, 13.892, 13.883, 13.736, 13.765, 14.268, 15.202, 16.634, 16.622, 15.276, 14.196, 13.914, 13.821, 13.899, 14.468, 15.632, 16.139, 15.774, 16.937, 16.788, 16.558, 15.969, 15.497, 15.278, 14.817, 12.794, 11.711, 10.883, 9.99, 9.959, 10.088, 9.737, 8.03], [11.541, 12.57, 11.812, 8.224, 3.274, 1.701, 2.384, 2.631, 2.447, 2.335, 2.169, 1.621, 0.605, 0.0, 0.754, 1.293, 2.447, 3.307, 3.781, 4.484, 5.217, 5.154, 5.027, 5.796, 5.573, 4.469, 4.558, 4.832, 4.926, 5.064, 5.563, 6.098, 6.197, 6.695, 6.006, 5.125, 4.725, 6.821, 10.619, 11.397, 11.639, 11.862, 12.701, 13.368, 13.822, 13.954, 14.287, 14.719, 14.754, 14.509, 14.74, 14.21, 13.856, 14.281, 14.072, 14.063, 13.92, 13.95, 14.453, 15.38, 16.816, 16.799, 15.447, 14.366, 14.078, 13.985, 14.063, 14.633, 15.813, 16.29, 15.939, 17.103, 16.953, 16.717, 16.13, 15.66, 15.444, 14.986, 12.974, 11.896, 11.065, 10.173, 10.144, 10.273, 9.922, 8.292], [11.029, 12.066, 11.352, 7.714, 2.852, 1.414, 2.071, 2.277, 2.034, 1.911, 1.78, 1.323, 0.866, 0.754, 0.0, 0.923, 1.987, 2.858, 3.302, 4.022, 4.759, 4.709, 4.601, 5.341, 5.14, 4.008, 4.081, 4.328, 4.458, 4.613, 5.114, 5.691, 5.781, 6.25, 5.593, 4.724, 4.343, 6.421, 10.219, 10.995, 11.22, 11.466, 12.305, 12.965, 13.419, 13.548, 13.869, 14.3, 14.336, 14.114, 14.34, 13.813, 13.455, 13.879, 13.67, 13.661, 13.52, 13.527, 14.029, 14.945, 16.372, 16.378, 15.031, 13.928, 13.632, 13.559, 13.645, 14.202, 15.364, 15.868, 15.511, 16.668, 16.523, 16.291, 15.702, 15.233, 15.019, 14.565, 12.532, 11.475, 10.664, 9.77, 9.736, 9.862, 9.517, 7.843], [10.475, 11.519, 10.786, 7.175, 2.416, 1.512, 1.968, 2.21, 1.811, 1.707, 1.537, 1.275, 1.265, 1.293, 0.923, 0.0, 1.485, 2.454, 2.911, 3.527, 4.239, 4.154, 4.03, 4.774, 4.598, 3.447, 3.55, 3.854, 4.017, 4.122, 4.662, 5.226, 5.275, 5.756, 5.128, 4.263, 3.954, 5.93, 9.728, 10.5, 10.722, 10.941, 11.772, 12.439, 12.88, 13.008, 13.329, 13.76, 13.796, 13.577, 13.819, 13.286, 12.936, 13.372, 13.166, 13.167, 13.03, 13.019, 13.51, 14.425, 15.833, 15.816, 14.475, 13.386, 13.092, 13.0, 13.083, 13.648, 14.806, 15.315, 14.94, 16.121, 15.956, 15.729, 15.158, 14.679, 14.459, 14.003, 12.013, 10.956, 10.145, 9.261, 9.218, 9.362, 9.008, 7.396], [9.125, 10.23, 9.472, 6.001, 1.526, 1.981, 1.744, 1.792, 1.53, 1.455, 1.326, 1.433, 2.32, 2.447, 1.987, 1.485, 0.0, 1.279, 1.697, 2.196, 3.065, 3.027, 2.842, 3.455, 3.335, 2.23, 2.332, 2.724, 3.055, 2.967, 3.492, 3.985, 4.009, 4.547, 3.9, 3.165, 3.261, 4.618, 8.393, 9.148, 9.463, 9.615, 10.435, 11.047, 11.523, 11.589, 11.897, 12.325, 12.361, 12.157, 12.407, 11.879, 11.516, 11.964, 11.787, 11.783, 11.658, 11.689, 12.153, 13.06, 14.429, 14.462, 13.098, 12.0, 11.73, 11.657, 11.728, 12.301, 13.5, 14.045, 13.676, 14.703, 14.667, 14.497, 13.884, 13.422, 13.181, 12.707, 10.617, 9.564, 8.772, 7.964, 7.922, 8.004, 7.692, 6.297], [8.347, 9.375, 8.574, 5.034, 1.444, 2.737, 2.427, 2.135, 1.971, 1.769, 1.535, 1.938, 3.165, 3.307, 2.858, 2.454, 1.279, 0.0, 0.794, 1.266, 2.194, 2.43, 2.208, 2.555, 2.394, 1.49, 1.535, 1.83, 2.214, 2.108, 2.615, 3.077, 3.094, 3.56, 2.905, 2.693, 3.062, 3.803, 7.456, 8.21, 8.466, 8.639, 9.469, 10.14, 10.586, 10.706, 11.014, 11.442, 11.478, 11.274, 11.522, 10.995, 10.633, 11.084, 10.879, 10.886, 10.757, 10.739, 11.207, 12.123, 13.524, 13.536, 12.192, 11.079, 10.777, 10.709, 10.796, 11.353, 12.516, 13.04, 12.688, 13.811, 13.681, 13.467, 12.896, 12.418, 12.197, 11.718, 9.71, 8.663, 7.851, 6.989, 6.956, 7.105, 6.802, 5.58], [7.861, 8.963, 8.125, 4.637, 1.846, 3.207, 2.876, 2.593, 2.388, 2.195, 1.951, 2.376, 3.625, 3.781, 3.302, 2.911, 1.697, 0.794, 0.0, 1.0, 1.991, 2.301, 2.085, 2.16, 1.999, 1.365, 1.492, 1.533, 1.979, 1.961, 2.468, 2.917, 2.857, 3.224, 2.583, 2.664, 3.201, 3.573, 7.074, 7.847, 8.104, 8.286, 9.063, 9.744, 10.272, 10.296, 10.59, 11.006, 11.047, 10.855, 11.116, 10.605, 10.223, 10.686, 10.497, 10.505, 10.376, 10.361, 10.812, 11.704, 13.1, 13.113, 11.769, 10.651, 10.341, 10.274, 10.361, 10.918, 12.092, 12.666, 12.292, 13.393, 13.289, 13.104, 12.491, 12.029, 11.779, 11.339, 9.303, 8.251, 7.459, 6.625, 6.592, 6.748, 6.385, 5.346], [7.274, 8.279, 7.475, 4.009, 2.128, 3.727, 3.351, 2.912, 2.778, 2.618, 2.544, 3.031, 4.305, 4.484, 4.022, 3.527, 2.196, 1.266, 1.0, 0.0, 1.436, 1.972, 1.736, 1.502, 1.35, 1.337, 1.474, 1.551, 1.997, 1.878, 2.345, 2.732, 2.651, 2.898, 2.154, 2.402, 3.102, 3.078, 6.389, 7.155, 7.45, 7.557, 8.393, 9.059, 9.548, 9.613, 9.902, 10.3, 10.347, 10.165, 10.432, 9.92, 9.539, 10.005, 9.812, 9.819, 9.69, 9.672, 10.099, 11.021, 12.399, 12.41, 11.075, 9.95, 9.627, 9.557, 9.653, 10.198, 11.374, 11.908, 11.526, 12.663, 12.542, 12.362, 11.754, 11.272, 11.059, 10.592, 8.601, 7.574, 6.802, 5.977, 5.952, 6.095, 5.772, 4.776], [7.275, 7.963, 7.189, 3.788, 2.543, 4.279, 3.596, 3.014, 3.103, 3.135, 3.27, 3.768, 5.043, 5.217, 4.759, 4.239, 3.065, 2.194, 1.991, 1.436, 0.0, 1.107, 1.098, 1.32, 1.855, 2.284, 2.455, 2.708, 3.191, 2.737, 2.866, 2.892, 2.915, 3.003, 2.149, 1.846, 2.48, 2.242, 5.672, 6.438, 6.726, 6.894, 7.684, 8.343, 8.821, 8.899, 9.189, 9.593, 9.64, 9.457, 9.719, 9.202, 8.828, 9.299, 9.094, 9.101, 8.972, 8.954, 9.391, 10.307, 11.694, 11.697, 10.354, 9.235, 8.928, 8.848, 8.94, 9.492, 10.654, 11.194, 10.791, 11.953, 11.801, 11.628, 10.992, 10.523, 10.308, 9.879, 7.893, 6.859, 6.048, 5.221, 5.268, 5.381, 5.262, 4.167], [7.799, 8.42, 7.629, 4.329, 2.821, 4.17, 3.413, 2.966, 3.078, 3.123, 3.305, 3.764, 4.989, 5.154, 4.709, 4.154, 3.027, 2.43, 2.301, 1.972, 1.107, 0.0, 0.932, 1.614, 2.299, 2.846, 3.033, 3.29, 3.834, 3.361, 3.442, 3.462, 3.519, 3.461, 2.575, 1.925, 2.369, 2.174, 5.841, 6.651, 7.12, 7.353, 8.049, 8.641, 9.1, 8.965, 9.253, 9.656, 9.702, 9.52, 9.783, 9.296, 9.005, 9.469, 9.262, 9.154, 9.082, 9.017, 9.479, 10.372, 11.757, 11.735, 10.384, 9.299, 8.987, 8.893, 8.979, 9.746, 10.906, 11.392, 10.925, 11.977, 12.046, 11.998, 11.202, 10.722, 10.405, 10.117, 8.084, 7.045, 6.351, 5.571, 5.547, 5.684, 5.681, 4.551], [7.899, 8.556, 7.751, 4.46, 2.66, 4.059, 3.326, 2.837, 2.953, 3.029, 3.191, 3.663, 4.868, 5.027, 4.601, 4.03, 2.842, 2.208, 2.085, 1.736, 1.098, 0.932, 0.0, 1.682, 2.125, 2.552, 2.723, 2.971, 3.514, 3.066, 3.195, 3.244, 3.19, 3.257, 2.4, 1.81, 2.173, 2.397, 5.935, 6.744, 7.142, 7.327, 8.083, 8.656, 9.133, 9.135, 9.411, 9.805, 9.846, 9.672, 9.956, 9.453, 9.068, 9.542, 9.351, 9.353, 9.253, 9.206, 9.62, 10.53, 11.892, 11.868, 10.541, 9.441, 9.123, 9.029, 9.139, 9.75, 10.925, 11.392, 10.969, 12.092, 12.021, 11.929, 11.202, 10.705, 10.486, 10.07, 8.135, 7.154, 6.389, 5.663, 5.68, 5.807, 5.763, 4.696], [6.566, 7.059, 6.288, 3.283, 2.941, 4.651, 3.932, 3.518, 3.668, 3.738, 3.813, 4.318, 5.602, 5.796, 5.341, 4.774, 3.455, 2.555, 2.16, 1.502, 1.32, 1.614, 1.682, 0.0, 1.475, 1.968, 2.099, 2.384, 2.784, 2.331, 2.395, 2.497, 2.459, 2.168, 1.524, 1.981, 2.779, 2.131, 5.227, 6.025, 6.343, 6.437, 7.223, 7.892, 8.427, 8.431, 8.69, 9.084, 9.128, 8.959, 9.242, 8.752, 8.372, 8.851, 8.643, 8.65, 8.54, 8.503, 8.911, 9.809, 11.177, 11.147, 9.82, 8.723, 8.407, 8.314, 8.403, 8.959, 10.138, 10.666, 10.258, 11.35, 11.262, 11.1, 10.471, 10.002, 9.787, 9.355, 7.388, 6.409, 5.681, 4.885, 4.914, 5.066, 4.74, 3.91], [6.267, 7.244, 6.406, 2.978, 2.97, 4.734, 4.2, 3.673, 3.636, 3.609, 3.615, 4.123, 5.407, 5.573, 5.14, 4.598, 3.335, 2.394, 1.999, 1.35, 1.855, 2.299, 2.125, 1.475, 0.0, 1.345, 1.42, 1.583, 1.864, 1.566, 1.925, 2.309, 2.153, 2.451, 2.171, 2.878, 3.703, 2.977, 5.492, 6.337, 6.649, 6.744, 7.538, 8.163, 8.69, 8.668, 8.915, 9.299, 9.347, 9.179, 9.462, 9.015, 8.632, 9.104, 8.894, 8.937, 8.839, 8.753, 9.161, 10.038, 11.369, 11.343, 10.024, 8.935, 8.662, 8.592, 8.635, 9.224, 10.396, 10.893, 10.452, 11.553, 11.47, 11.301, 10.644, 10.167, 9.926, 9.551, 7.628, 6.875, 6.264, 5.393, 5.45, 5.652, 5.4, 4.608], [7.135, 8.207, 7.387, 3.974, 2.037, 3.743, 3.387, 2.998, 2.841, 2.697, 2.558, 3.067, 4.303, 4.469, 4.008, 3.447, 2.23, 1.49, 1.365, 1.337, 2.284, 2.846, 2.552, 1.968, 1.345, 0.0, 0.695, 1.038, 1.344, 1.079, 1.754, 2.276, 2.19, 2.819, 2.516, 3.026, 3.632, 3.789, 6.651, 7.454, 7.742, 7.859, 8.627, 9.279, 9.789, 9.83, 10.068, 10.421, 10.469, 10.302, 10.588, 10.197, 9.827, 10.294, 10.08, 10.129, 9.978, 9.903, 10.282, 11.198, 12.532, 12.461, 11.14, 10.04, 9.81, 9.693, 9.767, 10.316, 11.421, 11.957, 11.529, 12.685, 12.542, 12.367, 11.744, 11.273, 11.058, 10.645, 8.734, 7.955, 7.305, 6.487, 6.532, 6.693, 6.327, 5.408], [6.986, 8.029, 7.28, 3.858, 2.09, 3.747, 3.409, 3.094, 2.934, 2.751, 2.64, 3.115, 4.376, 4.558, 4.081, 3.55, 2.332, 1.535, 1.492, 1.474, 2.455, 3.033, 2.723, 2.099, 1.42, 0.695, 0.0, 0.824, 1.149, 1.056, 1.74, 2.28, 2.217, 2.84, 2.613, 3.146, 3.718, 3.965, 6.721, 7.481, 7.676, 7.859, 8.643, 9.273, 9.756, 9.848, 10.076, 10.409, 10.45, 10.284, 10.583, 10.214, 9.844, 10.312, 10.12, 10.176, 10.027, 9.938, 10.324, 11.278, 12.577, 12.475, 11.111, 10.06, 9.893, 9.81, 9.862, 10.371, 11.382, 11.826, 11.479, 12.612, 12.463, 12.271, 11.705, 11.227, 11.027, 10.573, 8.786, 8.106, 7.491, 6.705, 6.753, 6.878, 6.526, 5.553], [6.774, 7.77, 7.061, 3.568, 2.342, 4.152, 3.845, 3.457, 3.291, 3.08, 2.848, 3.334, 4.621, 4.832, 4.328, 3.854, 2.724, 1.83, 1.533, 1.551, 2.708, 3.29, 2.971, 2.384, 1.583, 1.038, 0.824, 0.0, 0.89, 0.973, 1.614, 2.173, 2.079, 2.579, 2.52, 3.388, 3.946, 4.202, 6.536, 7.307, 7.469, 7.683, 8.46, 9.089, 9.58, 9.672, 9.916, 10.24, 10.258, 10.085, 10.404, 10.038, 9.669, 10.136, 9.947, 10.002, 9.853, 9.764, 10.15, 11.096, 12.39, 12.276, 10.917, 9.868, 9.746, 9.663, 9.73, 10.213, 11.167, 11.605, 11.23, 12.393, 12.231, 12.026, 11.46, 10.989, 10.779, 10.334, 8.609, 7.939, 7.354, 6.551, 6.598, 6.774, 6.444, 5.466], [6.678, 7.761, 7.026, 3.636, 2.761, 4.505, 4.229, 3.907, 3.779, 3.601, 3.104, 3.476, 4.699, 4.926, 4.458, 4.017, 3.055, 2.214, 1.979, 1.997, 3.191, 3.834, 3.514, 2.784, 1.864, 1.344, 1.149, 0.89, 0.0, 0.91, 1.571, 2.188, 2.051, 2.609, 2.678, 3.765, 4.52, 4.376, 6.481, 7.235, 7.437, 7.612, 8.389, 9.038, 9.52, 9.614, 9.862, 10.186, 10.209, 10.014, 10.333, 9.967, 9.598, 10.065, 9.874, 9.93, 9.782, 9.693, 10.079, 11.038, 12.341, 12.252, 10.888, 9.833, 9.738, 9.676, 9.751, 10.206, 11.161, 11.585, 11.211, 12.375, 12.223, 12.015, 11.456, 10.985, 10.783, 10.319, 8.552, 7.873, 7.316, 6.562, 6.633, 6.789, 6.445, 5.534], [6.661, 7.6, 6.888, 3.391, 2.465, 4.028, 3.597, 3.191, 3.185, 3.206, 3.019, 3.58, 4.814, 5.064, 4.613, 4.122, 2.967, 2.108, 1.961, 1.878, 2.737, 3.361, 3.066, 2.331, 1.566, 1.079, 1.056, 0.973, 0.91, 0.0, 0.94, 1.628, 1.535, 2.118, 2.191, 3.216, 3.818, 3.949, 6.085, 6.858, 7.028, 7.255, 8.066, 8.74, 9.195, 9.282, 9.546, 9.904, 9.951, 9.735, 10.008, 9.633, 9.242, 9.708, 9.494, 9.548, 9.397, 9.327, 9.708, 10.642, 11.964, 11.933, 10.658, 9.543, 9.331, 9.275, 9.327, 9.865, 10.95, 11.39, 11.029, 12.174, 12.03, 11.841, 11.27, 10.799, 10.579, 10.106, 8.179, 7.449, 6.864, 6.104, 6.188, 6.368, 6.017, 5.075], [6.354, 7.108, 6.371, 2.862, 2.853, 4.465, 3.804, 3.37, 3.518, 3.606, 3.546, 4.104, 5.335, 5.563, 5.114, 4.662, 3.492, 2.615, 2.468, 2.345, 2.866, 3.442, 3.195, 2.395, 1.925, 1.754, 1.74, 1.614, 1.571, 0.94, 0.0, 0.982, 0.957, 1.344, 1.943, 3.166, 3.742, 3.771, 5.472, 6.115, 6.288, 6.528, 7.376, 8.061, 8.512, 8.616, 8.902, 9.312, 9.348, 9.101, 9.343, 8.906, 8.51, 8.976, 8.764, 8.788, 8.64, 8.642, 9.041, 9.961, 11.365, 11.406, 10.089, 9.039, 8.782, 8.758, 8.843, 9.299, 10.359, 10.874, 10.512, 11.651, 11.523, 11.289, 10.698, 10.23, 10.004, 9.55, 7.552, 6.772, 6.262, 5.504, 5.614, 5.807, 5.46, 4.498], [6.122, 6.758, 6.037, 2.616, 3.167, 4.99, 4.294, 3.777, 3.94, 4.015, 4.12, 4.659, 5.904, 6.098, 5.691, 5.226, 3.985, 3.077, 2.917, 2.732, 2.892, 3.462, 3.244, 2.497, 2.309, 2.276, 2.28, 2.173, 2.188, 1.628, 0.982, 0.0, 0.777, 1.166, 1.812, 3.096, 3.703, 3.557, 4.948, 5.431, 5.655, 5.87, 6.727, 7.424, 7.878, 7.984, 8.303, 8.693, 8.749, 8.491, 8.724, 8.262, 7.832, 8.296, 8.108, 8.112, 7.987, 7.982, 8.4, 9.345, 10.771, 10.808, 9.464, 8.454, 8.286, 8.276, 8.348, 8.757, 9.781, 10.305, 9.937, 11.078, 10.951, 10.721, 10.12, 9.65, 9.434, 8.969, 6.945, 6.298, 5.844, 5.126, 5.196, 5.348, 5.076, 4.311], [6.02, 6.727, 5.874, 2.526, 3.281, 4.985, 4.285, 3.817, 4.032, 4.109, 4.221, 4.727, 6.003, 6.197, 5.781, 5.275, 4.009, 3.094, 2.857, 2.651, 2.915, 3.519, 3.19, 2.459, 2.153, 2.19, 2.217, 2.079, 2.051, 1.535, 0.957, 0.777, 0.0, 0.922, 1.797, 3.023, 3.787, 3.474, 4.771, 5.4, 5.693, 5.876, 6.7, 7.348, 7.842, 7.946, 8.258, 8.63, 8.662, 8.432, 8.671, 8.257, 7.862, 8.276, 8.063, 8.091, 7.946, 7.898, 8.348, 9.337, 10.775, 10.807, 9.447, 8.453, 8.335, 8.302, 8.353, 8.761, 9.744, 10.286, 9.885, 11.014, 10.896, 10.697, 10.101, 9.622, 9.387, 8.933, 6.936, 6.25, 5.751, 5.069, 5.121, 5.253, 5.004, 4.316], [6.089, 6.459, 5.735, 2.546, 3.628, 5.352, 4.645, 4.215, 4.434, 4.517, 4.631, 5.155, 6.465, 6.695, 6.25, 5.756, 4.547, 3.56, 3.224, 2.898, 3.003, 3.461, 3.257, 2.168, 2.451, 2.819, 2.84, 2.579, 2.609, 2.118, 1.344, 1.166, 0.922, 0.0, 1.312, 2.605, 3.332, 2.853, 4.276, 4.98, 5.216, 5.481, 6.335, 7.012, 7.466, 7.548, 7.847, 8.228, 8.265, 8.063, 8.287, 7.854, 7.469, 7.906, 7.68, 7.665, 7.523, 7.532, 8.033, 8.978, 10.389, 10.449, 9.08, 8.093, 7.893, 7.864, 7.95, 8.382, 9.365, 9.881, 9.533, 10.64, 10.517, 10.298, 9.706, 9.228, 9.014, 8.588, 6.575, 5.746, 5.202, 4.516, 4.573, 4.683, 4.46, 3.643], [6.967, 7.38, 6.579, 3.474, 3.075, 4.772, 4.076, 3.598, 3.815, 3.902, 4.016, 4.529, 5.802, 6.006, 5.593, 5.128, 3.9, 2.905, 2.583, 2.154, 2.149, 2.575, 2.4, 1.524, 2.171, 2.516, 2.613, 2.52, 2.678, 2.191, 1.943, 1.812, 1.797, 1.312, 0.0, 1.586, 2.344, 1.982, 4.771, 5.621, 5.868, 6.114, 6.971, 7.631, 8.085, 8.163, 8.447, 8.852, 8.894, 8.701, 8.947, 8.442, 8.072, 8.519, 8.313, 8.301, 8.177, 8.198, 8.67, 9.592, 11.003, 11.007, 9.677, 8.565, 8.285, 8.215, 8.286, 8.854, 10.036, 10.542, 10.182, 11.279, 11.181, 10.957, 10.325, 9.853, 9.647, 9.239, 7.209, 6.201, 5.384, 4.517, 4.492, 4.619, 4.317, 3.407], [8.266, 8.728, 7.881, 4.725, 2.607, 3.871, 3.175, 2.738, 2.962, 3.037, 3.255, 3.699, 4.946, 5.125, 4.724, 4.263, 3.165, 2.693, 2.664, 2.402, 1.846, 1.925, 1.81, 1.981, 2.878, 3.026, 3.146, 3.388, 3.765, 3.216, 3.166, 3.096, 3.023, 2.605, 1.586, 0.0, 1.144, 1.9, 5.621, 6.494, 6.798, 7.047, 7.854, 8.491, 8.966, 9.022, 9.332, 9.754, 9.786, 9.553, 9.797, 9.29, 8.942, 9.393, 9.177, 9.162, 9.028, 9.054, 9.537, 10.451, 11.855, 11.841, 10.516, 9.422, 9.114, 9.039, 9.169, 9.745, 10.911, 11.439, 11.203, 12.211, 12.108, 11.897, 11.229, 10.747, 10.501, 10.103, 8.078, 6.958, 6.128, 5.364, 5.367, 5.456, 5.26, 4.167], [9.081, 9.474, 8.659, 5.589, 2.84, 3.541, 2.9, 2.588, 2.652, 2.74, 3.12, 3.536, 4.554, 4.725, 4.343, 3.954, 3.261, 3.062, 3.201, 3.102, 2.48, 2.369, 2.173, 2.779, 3.703, 3.632, 3.718, 3.946, 4.52, 3.818, 3.742, 3.703, 3.787, 3.332, 2.344, 1.144, 0.0, 2.349, 6.055, 6.963, 7.298, 7.605, 8.394, 9.023, 9.414, 9.464, 9.757, 10.209, 10.217, 9.997, 10.212, 9.738, 9.415, 9.865, 9.659, 9.54, 9.43, 9.433, 9.93, 10.856, 12.257, 12.281, 10.951, 9.864, 9.585, 9.532, 9.674, 10.26, 11.418, 11.913, 11.637, 12.731, 12.62, 12.419, 11.744, 11.26, 11.047, 10.615, 8.552, 7.431, 6.693, 5.925, 5.954, 5.984, 5.937, 4.773], [7.398, 7.684, 6.922, 4.223, 3.917, 5.468, 4.77, 4.42, 4.656, 4.73, 4.876, 5.349, 6.637, 6.821, 6.421, 5.93, 4.618, 3.803, 3.573, 3.078, 2.242, 2.174, 2.397, 2.131, 2.977, 3.789, 3.965, 4.202, 4.376, 3.949, 3.771, 3.557, 3.474, 2.853, 1.982, 1.9, 2.349, 0.0, 4.037, 5.073, 5.601, 5.852, 6.554, 7.181, 7.683, 7.475, 7.741, 8.166, 8.191, 7.969, 8.227, 7.8, 7.444, 7.91, 7.672, 7.551, 7.535, 7.462, 7.932, 8.782, 10.183, 10.236, 8.958, 7.861, 7.531, 7.518, 7.628, 8.403, 9.603, 10.113, 9.709, 10.636, 10.798, 10.726, 9.94, 9.457, 9.103, 8.779, 6.619, 5.457, 4.752, 4.03, 4.029, 4.092, 4.124, 3.17], [5.403, 5.437, 4.885, 3.938, 7.522, 9.271, 8.543, 8.22, 8.454, 8.528, 8.657, 9.145, 10.435, 10.619, 10.219, 9.728, 8.393, 7.456, 7.074, 6.389, 5.672, 5.841, 5.935, 5.227, 5.492, 6.651, 6.721, 6.536, 6.481, 6.085, 5.472, 4.948, 4.771, 4.276, 4.771, 5.621, 6.055, 4.037, 0.0, 1.611, 1.994, 2.136, 2.746, 3.237, 3.782, 3.743, 3.968, 4.363, 4.36, 4.131, 4.395, 4.038, 3.635, 4.047, 3.834, 3.8, 3.734, 3.697, 4.2, 5.109, 6.52, 6.525, 5.144, 4.205, 4.018, 3.99, 4.09, 4.627, 5.71, 6.239, 6.131, 6.86, 6.939, 6.829, 6.043, 5.546, 5.255, 4.831, 2.889, 1.992, 1.646, 1.633, 1.642, 1.352, 1.689, 2.537], [4.097, 4.131, 3.565, 4.016, 8.401, 10.146, 9.424, 9.033, 9.256, 9.318, 9.436, 9.936, 11.218, 11.397, 10.995, 10.5, 9.148, 8.21, 7.847, 7.155, 6.438, 6.651, 6.744, 6.025, 6.337, 7.454, 7.481, 7.307, 7.235, 6.858, 6.115, 5.431, 5.4, 4.98, 5.621, 6.494, 6.963, 5.073, 1.611, 0.0, 0.931, 1.261, 1.817, 2.353, 2.748, 2.81, 3.104, 3.532, 3.573, 3.539, 3.523, 3.039, 2.698, 3.114, 2.943, 2.884, 2.743, 2.768, 3.336, 4.261, 5.671, 5.737, 4.416, 3.56, 3.442, 3.451, 3.581, 4.017, 4.745, 5.212, 5.062, 5.85, 5.866, 5.859, 5.07, 4.589, 4.347, 3.871, 2.038, 1.971, 1.92, 2.092, 2.006, 1.967, 2.658, 3.466], [3.872, 3.791, 3.336, 4.023, 8.675, 10.454, 9.736, 9.298, 9.499, 9.571, 9.647, 10.155, 11.441, 11.639, 11.22, 10.722, 9.463, 8.466, 8.104, 7.45, 6.726, 7.12, 7.142, 6.343, 6.649, 7.742, 7.676, 7.469, 7.437, 7.028, 6.288, 5.655, 5.693, 5.216, 5.868, 6.798, 7.298, 5.601, 1.994, 0.931, 0.0, 0.784, 1.221, 1.889, 2.315, 2.509, 2.836, 3.251, 3.288, 3.256, 3.179, 2.693, 2.312, 2.857, 2.647, 2.734, 2.783, 2.846, 3.449, 4.243, 5.499, 5.643, 4.456, 3.741, 3.52, 3.581, 3.691, 4.026, 4.431, 4.823, 4.835, 5.658, 5.476, 5.292, 4.637, 4.142, 3.928, 3.468, 2.196, 2.11, 2.08, 2.333, 2.268, 2.259, 2.738, 3.672], [3.842, 3.789, 3.288, 4.226, 8.937, 10.687, 9.966, 9.546, 9.755, 9.827, 9.899, 10.414, 11.693, 11.862, 11.466, 10.941, 9.615, 8.639, 8.286, 7.557, 6.894, 7.353, 7.327, 6.437, 6.744, 7.859, 7.859, 7.683, 7.612, 7.255, 6.528, 5.87, 5.876, 5.481, 6.114, 7.047, 7.605, 5.852, 2.136, 1.261, 0.784, 0.0, 0.954, 1.632, 2.181, 2.212, 2.627, 3.008, 3.07, 3.037, 2.989, 2.514, 2.137, 2.808, 2.667, 2.845, 2.866, 2.928, 3.501, 4.303, 5.529, 5.676, 4.499, 3.744, 3.577, 3.638, 3.76, 4.059, 4.44, 4.664, 4.63, 5.398, 5.252, 5.027, 4.396, 3.916, 3.812, 3.322, 2.378, 2.213, 2.245, 2.561, 2.453, 2.31, 2.601, 3.911], [3.893, 3.79, 3.366, 4.997, 9.797, 11.545, 10.84, 10.417, 10.623, 10.694, 10.767, 11.253, 12.535, 12.701, 12.305, 11.772, 10.435, 9.469, 9.063, 8.393, 7.684, 8.049, 8.083, 7.223, 7.538, 8.627, 8.643, 8.46, 8.389, 8.066, 7.376, 6.727, 6.7, 6.335, 6.971, 7.854, 8.394, 6.554, 2.746, 1.817, 1.221, 0.954, 0.0, 0.935, 1.472, 1.742, 2.035, 2.318, 2.372, 2.433, 2.334, 1.816, 1.49, 2.238, 2.113, 2.401, 2.367, 2.351, 2.967, 3.7, 4.84, 4.954, 3.92, 3.377, 3.05, 3.117, 3.198, 3.447, 3.729, 4.143, 4.355, 4.741, 4.6, 4.283, 3.608, 3.157, 3.016, 2.673, 2.188, 1.894, 2.324, 2.937, 2.981, 2.792, 3.104, 4.729], [4.019, 3.93, 3.616, 5.651, 10.458, 12.16, 11.453, 11.076, 11.284, 11.361, 11.434, 11.913, 13.202, 13.368, 12.965, 12.439, 11.047, 10.14, 9.744, 9.059, 8.343, 8.641, 8.656, 7.892, 8.163, 9.279, 9.273, 9.089, 9.038, 8.74, 8.061, 7.424, 7.348, 7.012, 7.631, 8.491, 9.023, 7.181, 3.237, 2.353, 1.889, 1.632, 0.935, 0.0, 0.958, 1.775, 1.957, 1.99, 1.977, 2.01, 1.891, 1.356, 1.134, 1.761, 1.745, 2.111, 1.936, 1.911, 2.507, 3.107, 4.112, 4.266, 3.342, 3.018, 2.684, 2.767, 2.81, 2.935, 3.166, 3.715, 4.109, 4.36, 4.318, 3.805, 3.153, 2.557, 2.364, 2.085, 2.063, 2.09, 2.75, 3.569, 3.617, 3.323, 3.727, 5.394], [4.471, 4.299, 4.071, 6.119, 10.909, 12.607, 11.852, 11.521, 11.723, 11.799, 11.887, 12.367, 13.656, 13.822, 13.419, 12.88, 11.523, 10.586, 10.272, 9.548, 8.821, 9.1, 9.133, 8.427, 8.69, 9.789, 9.756, 9.58, 9.52, 9.195, 8.512, 7.878, 7.842, 7.466, 8.085, 8.966, 9.414, 7.683, 3.782, 2.748, 2.315, 2.181, 1.472, 0.958, 0.0, 1.328, 1.573, 1.56, 1.544, 1.857, 1.476, 0.899, 0.98, 1.588, 1.46, 1.807, 1.587, 1.846, 2.481, 2.968, 3.881, 4.158, 3.418, 3.317, 3.056, 3.029, 3.015, 3.033, 3.233, 3.812, 4.255, 4.533, 4.378, 3.851, 3.122, 2.475, 2.251, 2.184, 2.541, 2.514, 3.192, 4.093, 4.153, 3.909, 4.2, 5.866], [4.945, 4.89, 4.587, 6.216, 11.011, 12.708, 11.96, 11.646, 11.854, 11.931, 12.004, 12.496, 13.785, 13.954, 13.548, 13.008, 11.589, 10.706, 10.296, 9.613, 8.899, 8.965, 9.135, 8.431, 8.668, 9.83, 9.848, 9.672, 9.614, 9.282, 8.616, 7.984, 7.946, 7.548, 8.163, 9.022, 9.464, 7.475, 3.743, 2.81, 2.509, 2.212, 1.742, 1.775, 1.328, 0.0, 0.802, 1.195, 1.258, 1.768, 1.349, 1.103, 1.478, 1.9, 1.614, 1.638, 1.545, 2.108, 2.847, 3.07, 3.997, 4.296, 3.816, 3.686, 3.336, 3.534, 3.643, 3.758, 4.141, 4.819, 5.05, 5.042, 5.317, 4.807, 3.933, 3.356, 2.977, 3.243, 3.299, 2.921, 3.223, 3.994, 3.982, 3.862, 4.273, 5.992], [5.138, 5.089, 4.813, 6.471, 11.327, 12.98, 12.245, 11.962, 12.165, 12.25, 12.326, 12.817, 14.118, 14.287, 13.869, 13.329, 11.897, 11.014, 10.59, 9.902, 9.189, 9.253, 9.411, 8.69, 8.915, 10.068, 10.076, 9.916, 9.862, 9.546, 8.902, 8.303, 8.258, 7.847, 8.447, 9.332, 9.757, 7.741, 3.968, 3.104, 2.836, 2.627, 2.035, 1.957, 1.573, 0.802, 0.0, 0.938, 0.948, 1.482, 1.338, 1.218, 1.505, 1.866, 1.624, 1.571, 1.769, 2.065, 2.847, 2.963, 3.675, 4.03, 3.711, 3.654, 3.234, 3.46, 3.618, 3.718, 4.186, 4.9, 5.133, 5.096, 5.418, 4.908, 4.05, 3.462, 3.044, 3.296, 3.282, 2.889, 3.417, 4.259, 4.272, 4.122, 4.6, 6.288], [5.291, 5.258, 5.082, 6.816, 11.737, 13.419, 12.684, 12.383, 12.593, 12.678, 12.755, 13.249, 14.549, 14.719, 14.3, 13.76, 12.325, 11.442, 11.006, 10.3, 9.593, 9.656, 9.805, 9.084, 9.299, 10.421, 10.409, 10.24, 10.186, 9.904, 9.312, 8.693, 8.63, 8.228, 8.852, 9.754, 10.209, 8.166, 4.363, 3.532, 3.251, 3.008, 2.318, 1.99, 1.56, 1.195, 0.938, 0.0, 0.729, 1.186, 1.037, 1.068, 1.219, 1.509, 1.453, 1.402, 1.567, 1.89, 2.459, 2.49, 3.316, 3.591, 3.315, 3.341, 3.061, 3.112, 3.252, 3.259, 3.637, 4.348, 4.742, 4.689, 4.938, 4.418, 3.539, 2.898, 2.55, 2.808, 3.17, 3.178, 3.812, 4.667, 4.683, 4.564, 4.887, 6.676], [5.195, 5.134, 5.065, 6.85, 11.78, 13.454, 12.72, 12.421, 12.631, 12.716, 12.795, 13.284, 14.584, 14.754, 14.336, 13.796, 12.361, 11.478, 11.047, 10.347, 9.64, 9.702, 9.846, 9.128, 9.347, 10.469, 10.45, 10.258, 10.209, 9.951, 9.348, 8.749, 8.662, 8.265, 8.894, 9.786, 10.217, 8.191, 4.36, 3.573, 3.288, 3.07, 2.372, 1.977, 1.544, 1.258, 0.948, 0.729, 0.0, 0.921, 1.033, 1.162, 1.345, 1.658, 1.337, 1.455, 1.575, 1.817, 2.266, 2.463, 3.215, 3.488, 3.045, 3.218, 2.982, 3.041, 3.194, 3.148, 3.487, 4.16, 4.538, 4.479, 4.72, 4.193, 3.332, 2.729, 2.387, 2.721, 3.114, 3.22, 3.868, 4.707, 4.711, 4.583, 4.922, 6.713], [5.089, 4.938, 5.054, 6.645, 11.561, 13.234, 12.52, 12.203, 12.411, 12.488, 12.565, 13.062, 14.34, 14.509, 14.114, 13.577, 12.157, 11.274, 10.855, 10.165, 9.457, 9.52, 9.672, 8.959, 9.179, 10.302, 10.284, 10.085, 10.014, 9.735, 9.101, 8.491, 8.432, 8.063, 8.701, 9.553, 9.997, 7.969, 4.131, 3.539, 3.256, 3.037, 2.433, 2.01, 1.857, 1.768, 1.482, 1.186, 0.921, 0.0, 1.124, 1.457, 1.406, 1.694, 1.644, 1.689, 2.009, 1.561, 1.947, 2.314, 3.262, 3.46, 2.886, 2.917, 2.728, 2.683, 2.893, 2.915, 3.229, 3.901, 4.31, 4.289, 4.516, 4.031, 3.246, 2.586, 2.284, 2.518, 2.69, 3.04, 3.656, 4.522, 4.524, 4.445, 4.704, 6.503], [5.065, 4.968, 5.034, 6.952, 11.76, 13.468, 12.729, 12.408, 12.626, 12.694, 12.774, 13.288, 14.568, 14.74, 14.34, 13.819, 12.407, 11.522, 11.116, 10.432, 9.719, 9.783, 9.956, 9.242, 9.462, 10.588, 10.583, 10.404, 10.333, 10.008, 9.343, 8.724, 8.671, 8.287, 8.947, 9.797, 10.212, 8.227, 4.395, 3.523, 3.179, 2.989, 2.334, 1.891, 1.476, 1.349, 1.338, 1.037, 1.033, 1.124, 0.0, 0.926, 1.214, 1.443, 1.348, 1.513, 1.394, 1.422, 2.033, 2.261, 3.202, 3.45, 3.092, 3.065, 2.83, 2.867, 2.924, 2.907, 3.315, 4.05, 4.438, 4.477, 4.647, 4.12, 3.251, 2.628, 2.286, 2.471, 2.64, 3.07, 3.864, 4.754, 4.781, 4.598, 4.962, 6.721], [4.811, 4.818, 4.606, 6.575, 11.282, 12.978, 12.22, 11.895, 12.105, 12.184, 12.268, 12.761, 14.044, 14.21, 13.813, 13.286, 11.879, 10.995, 10.605, 9.92, 9.202, 9.296, 9.453, 8.752, 9.015, 10.197, 10.214, 10.038, 9.967, 9.633, 8.906, 8.262, 8.257, 7.854, 8.442, 9.29, 9.738, 7.8, 4.038, 3.039, 2.693, 2.514, 1.816, 1.356, 0.899, 1.103, 1.218, 1.068, 1.162, 1.457, 0.926, 0.0, 0.816, 1.243, 1.147, 1.341, 1.26, 1.563, 2.267, 2.592, 3.533, 3.826, 3.372, 3.301, 3.012, 3.027, 3.072, 3.018, 3.344, 4.091, 4.55, 4.641, 4.741, 4.216, 3.335, 2.684, 2.362, 2.506, 2.66, 2.649, 3.409, 4.33, 4.354, 4.124, 4.478, 6.208], [4.678, 4.705, 4.397, 6.206, 10.899, 12.591, 11.818, 11.523, 11.73, 11.799, 11.899, 12.401, 13.674, 13.856, 13.455, 12.936, 11.516, 10.633, 10.223, 9.539, 8.828, 9.005, 9.068, 8.372, 8.632, 9.827, 9.844, 9.669, 9.598, 9.242, 8.51, 7.832, 7.862, 7.469, 8.072, 8.942, 9.415, 7.444, 3.635, 2.698, 2.312, 2.137, 1.49, 1.134, 0.98, 1.478, 1.505, 1.219, 1.345, 1.406, 1.214, 0.816, 0.0, 0.971, 1.064, 1.333, 1.471, 1.561, 2.079, 2.571, 3.652, 3.868, 3.226, 3.115, 2.885, 2.74, 2.745, 2.711, 3.123, 3.888, 4.368, 4.464, 4.471, 3.94, 3.079, 2.491, 2.183, 2.179, 2.411, 2.313, 3.009, 3.92, 3.943, 3.738, 4.078, 5.842], [5.341, 5.37, 5.081, 6.673, 11.315, 12.986, 12.219, 11.929, 12.134, 12.207, 12.318, 12.826, 14.1, 14.281, 13.879, 13.372, 11.964, 11.084, 10.686, 10.005, 9.299, 9.469, 9.542, 8.851, 9.104, 10.294, 10.312, 10.136, 10.065, 9.708, 8.976, 8.296, 8.276, 7.906, 8.519, 9.393, 9.865, 7.91, 4.047, 3.114, 2.857, 2.808, 2.238, 1.761, 1.588, 1.9, 1.866, 1.509, 1.658, 1.694, 1.443, 1.243, 0.971, 0.0, 0.931, 1.106, 1.636, 1.757, 1.883, 2.056, 3.172, 3.426, 3.1, 3.179, 3.167, 2.901, 2.838, 2.513, 3.038, 3.998, 4.642, 4.709, 4.68, 4.143, 3.405, 2.889, 2.489, 2.482, 2.746, 2.736, 3.45, 4.351, 4.354, 4.136, 4.488, 6.258], [5.544, 5.538, 5.215, 6.49, 11.07, 12.807, 12.084, 11.719, 11.942, 11.997, 12.11, 12.61, 13.892, 14.072, 13.67, 13.166, 11.787, 10.879, 10.497, 9.812, 9.094, 9.262, 9.351, 8.643, 8.894, 10.08, 10.12, 9.947, 9.874, 9.494, 8.764, 8.108, 8.063, 7.68, 8.313, 9.177, 9.659, 7.672, 3.834, 2.943, 2.647, 2.667, 2.113, 1.745, 1.46, 1.614, 1.624, 1.453, 1.337, 1.644, 1.348, 1.147, 1.064, 0.931, 0.0, 0.684, 1.139, 1.626, 2.009, 2.192, 3.195, 3.478, 3.227, 3.319, 3.174, 3.06, 3.049, 2.743, 3.268, 4.349, 4.978, 5.047, 5.055, 4.456, 3.714, 3.109, 2.66, 2.828, 2.858, 2.661, 3.266, 4.12, 4.121, 3.931, 4.299, 6.046], [5.949, 5.946, 5.573, 6.59, 11.048, 12.77, 12.049, 11.703, 11.925, 11.983, 12.101, 12.601, 13.883, 14.063, 13.661, 13.167, 11.783, 10.886, 10.505, 9.819, 9.101, 9.154, 9.353, 8.65, 8.937, 10.129, 10.176, 10.002, 9.93, 9.548, 8.788, 8.112, 8.091, 7.665, 8.301, 9.162, 9.54, 7.551, 3.8, 2.884, 2.734, 2.845, 2.401, 2.111, 1.807, 1.638, 1.571, 1.402, 1.455, 1.689, 1.513, 1.341, 1.333, 1.106, 0.684, 0.0, 1.034, 1.665, 2.067, 2.23, 3.159, 3.468, 3.293, 3.335, 3.206, 3.061, 3.13, 2.986, 3.535, 4.649, 5.205, 5.253, 5.398, 4.854, 4.098, 3.472, 3.021, 3.108, 3.063, 2.746, 3.261, 4.104, 4.105, 3.902, 4.285, 6.042], [5.708, 5.701, 5.449, 6.499, 10.911, 12.657, 11.93, 11.565, 11.791, 11.859, 11.958, 12.446, 13.736, 13.92, 13.52, 13.03, 11.658, 10.757, 10.376, 9.69, 8.972, 9.082, 9.253, 8.54, 8.839, 9.978, 10.027, 9.853, 9.782, 9.397, 8.64, 7.987, 7.946, 7.523, 8.177, 9.028, 9.43, 7.535, 3.734, 2.743, 2.783, 2.866, 2.367, 1.936, 1.587, 1.545, 1.769, 1.567, 1.575, 2.009, 1.394, 1.26, 1.471, 1.636, 1.139, 1.034, 0.0, 1.387, 2.097, 2.459, 3.532, 3.759, 3.334, 3.234, 2.988, 2.99, 3.086, 2.982, 3.658, 4.751, 5.197, 5.399, 5.409, 4.903, 4.057, 3.427, 3.097, 3.024, 2.712, 2.536, 3.145, 4.057, 4.105, 3.845, 4.158, 5.913], [5.271, 5.155, 5.115, 6.422, 10.967, 12.714, 11.975, 11.592, 11.786, 11.864, 11.961, 12.48, 13.765, 13.95, 13.527, 13.019, 11.689, 10.739, 10.361, 9.672, 8.954, 9.017, 9.206, 8.503, 8.753, 9.903, 9.938, 9.764, 9.693, 9.327, 8.642, 7.982, 7.898, 7.532, 8.198, 9.054, 9.433, 7.462, 3.697, 2.768, 2.846, 2.928, 2.351, 1.911, 1.846, 2.108, 2.065, 1.89, 1.817, 1.561, 1.422, 1.563, 1.561, 1.757, 1.626, 1.665, 1.387, 0.0, 1.036, 1.712, 3.033, 3.153, 2.379, 2.135, 1.958, 1.958, 2.041, 2.164, 2.924, 3.967, 4.376, 4.492, 4.631, 4.18, 3.352, 2.668, 2.35, 2.256, 1.884, 2.303, 3.146, 3.99, 3.99, 3.848, 4.171, 5.937], [5.64, 5.47, 5.495, 6.879, 11.446, 13.242, 12.506, 12.103, 12.297, 12.374, 12.463, 12.984, 14.268, 14.453, 14.029, 13.51, 12.153, 11.207, 10.812, 10.099, 9.391, 9.479, 9.62, 8.911, 9.161, 10.282, 10.324, 10.15, 10.079, 9.708, 9.041, 8.4, 8.348, 8.033, 8.67, 9.537, 9.93, 7.932, 4.2, 3.336, 3.449, 3.501, 2.967, 2.507, 2.481, 2.847, 2.847, 2.459, 2.266, 1.947, 2.033, 2.267, 2.079, 1.883, 2.009, 2.067, 2.097, 1.036, 0.0, 1.096, 2.453, 2.494, 1.736, 1.869, 2.107, 1.926, 1.788, 1.676, 2.2, 3.26, 4.001, 4.048, 4.051, 3.717, 3.188, 2.666, 2.337, 2.162, 2.074, 2.807, 3.635, 4.466, 4.491, 4.42, 4.682, 6.46], [6.156, 5.898, 6.03, 7.842, 12.376, 14.144, 13.424, 13.016, 13.228, 13.302, 13.379, 13.912, 15.202, 15.38, 14.945, 14.425, 13.06, 12.123, 11.704, 11.021, 10.307, 10.372, 10.53, 9.809, 10.038, 11.198, 11.278, 11.096, 11.038, 10.642, 9.961, 9.345, 9.337, 8.978, 9.592, 10.451, 10.856, 8.782, 5.109, 4.261, 4.243, 4.303, 3.7, 3.107, 2.968, 3.07, 2.963, 2.49, 2.463, 2.314, 2.261, 2.592, 2.571, 2.056, 2.192, 2.23, 2.459, 1.712, 1.096, 0.0, 1.488, 1.66, 1.761, 2.206, 2.236, 2.188, 2.077, 1.846, 2.352, 3.597, 4.362, 4.287, 4.406, 3.98, 3.401, 2.899, 2.382, 2.413, 2.703, 3.625, 4.484, 5.332, 5.343, 5.252, 5.563, 7.372], [7.017, 6.676, 6.846, 9.125, 13.821, 15.533, 14.808, 14.471, 14.668, 14.741, 14.833, 15.353, 16.634, 16.816, 16.372, 15.833, 14.429, 13.524, 13.1, 12.399, 11.694, 11.757, 11.892, 11.177, 11.369, 12.532, 12.577, 12.39, 12.341, 11.964, 11.365, 10.771, 10.775, 10.389, 11.003, 11.855, 12.257, 10.183, 6.52, 5.671, 5.499, 5.529, 4.84, 4.112, 3.881, 3.997, 3.675, 3.316, 3.215, 3.262, 3.202, 3.533, 3.652, 3.172, 3.195, 3.159, 3.532, 3.033, 2.453, 1.488, 0.0, 0.911, 1.798, 2.821, 2.859, 2.911, 2.789, 2.289, 2.147, 3.282, 4.247, 3.919, 4.246, 3.833, 3.552, 3.062, 2.681, 2.662, 3.92, 4.991, 5.846, 6.724, 6.761, 6.649, 6.999, 8.803], [7.061, 6.726, 6.89, 9.082, 13.85, 15.577, 14.867, 14.497, 14.706, 14.774, 14.856, 15.342, 16.622, 16.799, 16.378, 15.816, 14.462, 13.536, 13.113, 12.41, 11.697, 11.735, 11.868, 11.147, 11.343, 12.461, 12.475, 12.276, 12.252, 11.933, 11.406, 10.808, 10.807, 10.449, 11.007, 11.841, 12.281, 10.236, 6.525, 5.737, 5.643, 5.676, 4.954, 4.266, 4.158, 4.296, 4.03, 3.591, 3.488, 3.46, 3.45, 3.826, 3.868, 3.426, 3.478, 3.468, 3.759, 3.153, 2.494, 1.66, 0.911, 0.0, 1.768, 2.814, 2.941, 2.919, 2.796, 2.308, 1.821, 2.96, 4.152, 3.698, 4.125, 3.838, 3.62, 3.211, 2.82, 2.779, 3.938, 5.023, 5.885, 6.761, 6.798, 6.678, 7.01, 8.816], [5.857, 5.543, 5.718, 7.762, 12.516, 14.236, 13.496, 13.16, 13.359, 13.429, 13.505, 13.985, 15.276, 15.447, 15.031, 14.475, 13.098, 12.192, 11.769, 11.075, 10.354, 10.384, 10.541, 9.82, 10.024, 11.14, 11.111, 10.917, 10.888, 10.658, 10.089, 9.464, 9.447, 9.08, 9.677, 10.516, 10.951, 8.958, 5.144, 4.416, 4.456, 4.499, 3.92, 3.342, 3.418, 3.816, 3.711, 3.315, 3.045, 2.886, 3.092, 3.372, 3.226, 3.1, 3.227, 3.293, 3.334, 2.379, 1.736, 1.761, 1.798, 1.768, 0.0, 1.366, 1.744, 1.684, 1.76, 1.562, 1.684, 2.332, 2.995, 2.937, 3.198, 2.998, 2.88, 2.341, 2.029, 1.891, 2.616, 3.848, 4.828, 5.55, 5.534, 5.494, 5.789, 7.476], [5.173, 4.909, 5.079, 6.848, 11.413, 13.141, 12.432, 12.057, 12.257, 12.327, 12.401, 12.916, 14.196, 14.366, 13.928, 13.386, 12.0, 11.079, 10.651, 9.95, 9.235, 9.299, 9.441, 8.723, 8.935, 10.04, 10.06, 9.868, 9.833, 9.543, 9.039, 8.454, 8.453, 8.093, 8.565, 9.422, 9.864, 7.861, 4.205, 3.56, 3.741, 3.744, 3.377, 3.018, 3.317, 3.686, 3.654, 3.341, 3.218, 2.917, 3.065, 3.301, 3.115, 3.179, 3.319, 3.335, 3.234, 2.135, 1.869, 2.206, 2.821, 2.814, 1.366, 0.0, 1.028, 1.11, 1.235, 1.747, 2.501, 2.92, 2.949, 3.311, 3.684, 3.558, 2.869, 2.336, 2.047, 1.781, 1.795, 2.945, 3.953, 4.605, 4.551, 4.506, 4.866, 6.38], [5.126, 4.82, 4.943, 6.876, 11.14, 12.861, 12.152, 11.757, 11.96, 12.032, 12.107, 12.614, 13.914, 14.078, 13.632, 13.092, 11.73, 10.777, 10.341, 9.627, 8.928, 8.987, 9.123, 8.407, 8.662, 9.81, 9.893, 9.746, 9.738, 9.331, 8.782, 8.286, 8.335, 7.893, 8.285, 9.114, 9.585, 7.531, 4.018, 3.442, 3.52, 3.577, 3.05, 2.684, 3.056, 3.336, 3.234, 3.061, 2.982, 2.728, 2.83, 3.012, 2.885, 3.167, 3.174, 3.206, 2.988, 1.958, 2.107, 2.236, 2.859, 2.941, 1.744, 1.028, 0.0, 0.839, 1.213, 1.904, 2.72, 3.38, 3.542, 3.705, 4.088, 3.95, 3.094, 2.493, 2.166, 1.942, 1.67, 2.495, 3.415, 4.097, 4.11, 4.064, 4.395, 6.075], [5.262, 5.006, 5.14, 6.846, 11.058, 12.792, 12.081, 11.691, 11.892, 11.961, 12.041, 12.541, 13.821, 13.985, 13.559, 13.0, 11.657, 10