[[0.0, 0.787, 0.795, 1.093, 1.478, 1.764, 2.831, 3.471, 4.75, 6.025, 6.243, 5.636, 5.405, 5.777, 5.439, 4.631, 4.443, 4.602, 4.679, 4.511, 4.512, 4.385, 4.376, 4.69, 4.972, 4.962, 5.846, 6.308, 5.734, 5.097, 4.986, 5.173, 5.406, 5.293, 4.794, 4.668, 4.712, 5.231, 5.518, 5.498, 5.185, 5.11, 5.28, 5.583, 5.317, 4.79, 4.321, 4.688, 5.247, 6.093, 6.636, 7.18, 7.232, 7.598, 7.624, 6.796, 6.296, 5.787, 5.652, 5.244, 4.758, 4.567, 5.0, 5.161, 5.063, 5.207, 4.612, 4.438, 4.442, 4.166, 3.714, 3.509, 3.966, 4.474, 4.642, 4.891, 4.709, 4.237, 4.227, 4.454, 4.544, 4.449, 4.249, 4.442, 4.335, 4.266], [0.787, 0.0, 0.638, 1.332, 1.702, 1.826, 2.763, 3.388, 4.576, 5.891, 5.992, 5.493, 5.266, 5.772, 5.546, 4.737, 4.443, 4.592, 4.696, 4.593, 4.521, 4.259, 4.254, 4.453, 4.65, 4.883, 5.914, 6.434, 5.856, 5.347, 5.005, 5.089, 5.371, 5.358, 4.939, 4.871, 4.897, 5.382, 5.743, 5.697, 5.403, 5.261, 5.451, 5.706, 5.421, 4.855, 4.483, 4.833, 5.387, 6.283, 6.827, 7.418, 7.553, 7.888, 7.91, 7.084, 6.498, 6.007, 5.846, 5.45, 4.949, 4.692, 5.233, 5.459, 5.361, 5.503, 4.712, 4.53, 4.69, 4.431, 3.721, 3.537, 3.856, 4.358, 4.508, 4.752, 4.55, 4.104, 4.173, 4.665, 4.684, 4.662, 4.461, 4.653, 4.385, 4.53], [0.795, 0.638, 0.0, 0.924, 1.375, 1.747, 2.699, 3.445, 4.705, 5.875, 5.981, 5.535, 5.386, 5.799, 5.551, 4.683, 4.455, 4.633, 4.696, 4.486, 4.572, 4.336, 4.274, 4.442, 4.791, 4.959, 5.841, 6.304, 5.705, 5.341, 5.036, 5.198, 5.503, 5.411, 4.888, 4.73, 4.719, 5.191, 5.526, 5.492, 5.193, 5.056, 5.226, 5.493, 5.219, 4.752, 4.358, 4.658, 5.272, 6.036, 6.581, 7.193, 7.294, 7.638, 7.662, 6.834, 6.289, 5.791, 5.645, 5.314, 4.753, 4.472, 5.105, 5.31, 5.222, 5.344, 4.652, 4.383, 4.595, 4.387, 3.82, 3.652, 4.055, 4.547, 4.672, 4.943, 4.71, 4.255, 4.308, 4.656, 4.721, 4.741, 4.477, 4.525, 4.35, 4.385], [1.093, 1.332, 0.924, 0.0, 0.725, 1.747, 2.615, 3.462, 4.773, 5.919, 6.22, 5.665, 5.446, 5.824, 5.559, 4.629, 4.536, 4.726, 4.755, 4.502, 4.658, 4.4, 4.275, 4.708, 5.222, 5.175, 5.778, 6.189, 5.618, 5.458, 5.487, 5.399, 5.59, 5.472, 4.757, 4.686, 4.584, 5.051, 5.241, 5.152, 4.948, 4.752, 4.954, 5.166, 4.947, 4.599, 4.28, 4.451, 4.909, 5.532, 6.145, 6.826, 6.924, 7.29, 7.312, 6.491, 5.955, 5.54, 5.308, 4.962, 4.467, 4.289, 4.989, 5.198, 5.106, 5.282, 4.607, 4.282, 4.546, 4.456, 3.917, 3.757, 4.237, 4.695, 4.805, 5.089, 4.763, 4.322, 4.468, 4.792, 4.888, 4.893, 4.624, 4.667, 4.739, 4.539], [1.478, 1.702, 1.375, 0.725, 0.0, 1.384, 2.304, 3.402, 4.834, 5.937, 6.562, 5.673, 5.224, 5.463, 5.229, 4.24, 4.222, 4.429, 4.383, 4.237, 4.637, 4.391, 4.538, 5.124, 5.652, 5.41, 5.392, 5.746, 5.332, 5.429, 5.857, 5.529, 5.316, 5.193, 4.472, 4.383, 4.204, 4.628, 4.765, 4.691, 4.472, 4.202, 4.495, 4.671, 4.582, 4.246, 3.991, 4.152, 4.551, 5.076, 5.757, 6.37, 6.467, 6.852, 6.867, 6.041, 5.497, 5.121, 4.891, 4.517, 4.072, 3.92, 4.689, 4.901, 4.786, 4.986, 4.262, 4.002, 4.261, 4.179, 3.7, 3.602, 4.139, 4.573, 4.651, 4.881, 4.552, 4.158, 4.256, 4.507, 4.624, 4.605, 4.64, 4.821, 5.099, 4.729], [1.764, 1.826, 1.747, 1.747, 1.384, 0.0, 1.438, 2.684, 4.187, 5.323, 5.893, 5.059, 4.516, 4.689, 4.483, 3.366, 3.376, 3.599, 3.549, 3.493, 3.884, 3.724, 3.899, 4.412, 4.92, 4.596, 4.588, 5.052, 4.706, 4.803, 5.116, 4.859, 4.438, 4.31, 3.709, 3.713, 3.786, 4.218, 4.629, 4.686, 4.233, 3.844, 4.204, 4.165, 4.228, 3.807, 3.284, 3.522, 4.232, 5.166, 5.776, 6.563, 6.849, 7.245, 7.214, 6.238, 5.55, 4.94, 4.812, 4.299, 3.692, 3.425, 4.227, 4.432, 4.339, 4.465, 3.774, 3.475, 3.752, 3.478, 2.998, 2.898, 3.343, 3.912, 3.959, 4.204, 3.922, 3.435, 3.508, 3.755, 3.726, 3.754, 3.959, 4.356, 4.334, 4.254], [2.831, 2.763, 2.699, 2.615, 2.304, 1.438, 0.0, 1.699, 3.211, 4.377, 5.079, 4.24, 3.347, 3.669, 3.363, 2.383, 2.234, 2.455, 2.415, 2.818, 3.249, 2.917, 3.119, 3.698, 4.216, 3.924, 3.617, 4.105, 3.648, 4.06, 4.551, 4.142, 3.337, 3.347, 2.838, 3.006, 3.223, 3.894, 4.873, 4.97, 4.271, 3.711, 4.287, 4.112, 3.794, 3.203, 2.679, 3.156, 4.238, 5.356, 6.125, 6.968, 7.394, 7.83, 7.781, 6.709, 5.893, 5.172, 5.09, 4.585, 3.699, 2.894, 3.55, 3.726, 3.778, 3.867, 3.264, 2.922, 3.026, 2.614, 2.135, 2.218, 2.528, 2.978, 2.733, 2.974, 2.698, 2.512, 2.471, 2.75, 2.811, 2.822, 3.271, 3.741, 3.78, 3.605], [3.471, 3.388, 3.445, 3.462, 3.402, 2.684, 1.699, 0.0, 1.675, 3.159, 3.807, 2.884, 2.271, 2.883, 2.518, 1.655, 1.511, 1.815, 1.781, 1.9, 2.161, 1.749, 1.945, 2.446, 2.976, 2.831, 2.914, 3.434, 2.802, 2.702, 3.124, 2.898, 2.555, 2.685, 2.317, 3.111, 3.582, 4.49, 5.673, 5.795, 4.952, 4.334, 4.932, 4.862, 4.233, 3.551, 3.006, 3.69, 4.931, 6.196, 6.947, 7.835, 8.308, 8.751, 8.681, 7.599, 6.765, 5.915, 5.858, 5.434, 4.428, 3.51, 3.567, 3.825, 4.011, 4.019, 3.811, 3.693, 3.169, 2.85, 2.73, 2.29, 1.825, 2.075, 1.978, 2.207, 1.901, 1.732, 1.895, 2.352, 2.318, 2.15, 2.527, 2.816, 2.655, 2.316], [4.75, 4.576, 4.705, 4.773, 4.834, 4.187, 3.211, 1.675, 0.0, 1.944, 2.518, 1.652, 1.214, 1.979, 1.756, 1.639, 2.103, 2.527, 2.031, 1.479, 1.56, 1.168, 1.227, 1.608, 1.844, 1.769, 2.185, 2.714, 2.111, 1.78, 2.061, 1.701, 1.775, 2.772, 3.307, 4.26, 4.726, 5.662, 6.867, 7.02, 6.214, 5.596, 6.244, 6.159, 5.495, 4.75, 4.231, 4.956, 6.214, 7.507, 8.284, 9.037, 9.62, 10.057, 9.934, 8.837, 7.985, 7.099, 7.032, 6.637, 5.789, 4.793, 4.773, 5.071, 5.258, 5.265, 5.1, 5.081, 4.448, 4.126, 3.778, 3.105, 2.316, 1.758, 1.809, 2.005, 2.051, 1.773, 2.042, 2.749, 2.669, 2.199, 2.254, 2.377, 2.099, 1.77], [6.025, 5.891, 5.875, 5.919, 5.937, 5.323, 4.377, 3.159, 1.944, 0.0, 0.974, 1.116, 1.788, 2.191, 2.473, 2.929, 3.555, 4.021, 3.331, 2.259, 1.881, 1.915, 1.823, 1.776, 1.953, 1.619, 2.236, 2.896, 2.474, 1.912, 1.611, 1.42, 2.957, 4.129, 4.659, 5.597, 6.115, 7.028, 8.3, 8.501, 7.697, 7.015, 7.636, 7.468, 6.906, 6.218, 5.611, 6.279, 7.557, 8.827, 9.699, 10.503, 11.139, 11.556, 11.429, 10.305, 9.443, 8.535, 8.491, 8.106, 7.249, 6.228, 6.364, 6.632, 6.84, 6.788, 6.636, 6.622, 6.114, 5.805, 5.197, 4.461, 3.671, 3.024, 3.1, 3.387, 3.462, 3.003, 3.232, 4.183, 4.243, 3.47, 2.743, 2.487, 2.185, 2.359], [6.243, 5.992, 5.981, 6.22, 6.562, 5.893, 5.079, 3.807, 2.518, 0.974, 0.0, 1.328, 2.381, 2.843, 3.121, 3.624, 4.216, 4.684, 3.988, 2.968, 2.369, 2.468, 2.245, 1.881, 1.736, 1.944, 2.8, 3.479, 3.128, 2.537, 1.719, 1.795, 3.546, 4.72, 5.288, 6.251, 6.811, 7.726, 8.965, 9.163, 8.304, 7.689, 8.268, 8.157, 7.565, 6.871, 6.255, 6.952, 8.245, 9.521, 10.337, 11.156, 11.778, 12.197, 12.074, 10.96, 10.101, 9.2, 9.147, 8.797, 7.861, 6.929, 7.056, 7.271, 7.489, 7.446, 7.329, 7.282, 6.751, 6.442, 5.731, 4.855, 3.923, 3.362, 3.573, 3.768, 3.856, 3.419, 3.824, 4.819, 4.88, 4.096, 3.162, 2.585, 2.503, 2.716], [5.636, 5.493, 5.535, 5.665, 5.673, 5.059, 4.24, 2.884, 1.652, 1.116, 1.328, 0.0, 1.409, 1.852, 2.092, 2.584, 3.243, 3.638, 2.954, 1.968, 1.77, 1.677, 1.557, 1.576, 1.592, 1.51, 1.821, 2.462, 2.096, 1.627, 1.374, 1.112, 2.631, 3.701, 4.306, 5.185, 5.745, 6.66, 7.856, 8.094, 7.209, 6.648, 7.171, 7.121, 6.606, 5.916, 5.272, 5.941, 7.254, 8.512, 9.275, 10.062, 10.67, 11.104, 10.994, 9.879, 9.014, 8.103, 8.087, 7.765, 6.838, 5.892, 6.01, 6.212, 6.444, 6.389, 6.308, 6.3, 5.717, 5.438, 4.87, 4.111, 3.188, 2.563, 2.651, 2.92, 2.975, 2.634, 3.033, 3.833, 3.844, 3.065, 2.504, 2.397, 1.965, 2.104], [5.405, 5.266, 5.386, 5.446, 5.224, 4.516, 3.347, 2.271, 1.214, 1.788, 2.381, 1.409, 0.0, 1.086, 1.262, 1.622, 2.087, 2.482, 1.834, 1.539, 1.739, 1.465, 1.655, 1.908, 2.28, 1.918, 1.227, 1.782, 1.384, 1.815, 2.044, 1.541, 1.44, 2.51, 3.058, 4.03, 4.59, 5.567, 6.813, 7.032, 6.18, 5.541, 6.127, 5.979, 5.36, 4.659, 4.041, 4.794, 6.078, 7.354, 8.179, 9.029, 9.651, 10.085, 9.962, 8.845, 7.98, 7.069, 7.024, 6.661, 5.761, 4.72, 4.803, 5.081, 5.289, 5.265, 5.08, 5.062, 4.582, 4.417, 4.123, 3.819, 3.018, 2.508, 2.311, 2.487, 2.504, 2.327, 2.402, 2.854, 2.707, 2.213, 2.44, 2.873, 2.525, 2.306], [5.777, 5.772, 5.799, 5.824, 5.463, 4.689, 3.669, 2.883, 1.979, 2.191, 2.843, 1.852, 1.086, 0.0, 0.977, 1.713, 2.147, 2.361, 1.852, 1.676, 2.117, 2.113, 2.21, 2.501, 2.996, 2.329, 0.835, 1.017, 0.987, 1.849, 2.312, 1.841, 1.415, 2.307, 2.91, 3.725, 4.182, 5.109, 6.337, 6.551, 5.764, 5.05, 5.71, 5.512, 5.093, 4.416, 3.772, 4.495, 5.822, 6.946, 7.781, 8.527, 9.155, 9.592, 9.469, 8.347, 7.482, 6.571, 6.525, 6.197, 5.471, 4.324, 4.434, 4.712, 4.91, 4.86, 4.799, 4.802, 4.239, 4.245, 4.441, 4.436, 3.786, 3.201, 3.048, 3.055, 3.212, 3.077, 2.723, 2.65, 2.435, 2.23, 2.58, 2.917, 2.601, 2.472], [5.439, 5.546, 5.551, 5.559, 5.229, 4.483, 3.363, 2.518, 1.756, 2.473, 3.121, 2.092, 1.262, 0.977, 0.0, 1.27, 1.884, 2.01, 1.512, 1.331, 1.804, 1.761, 1.895, 2.19, 2.736, 2.165, 1.207, 1.168, 0.893, 1.694, 2.393, 2.211, 1.19, 2.225, 2.777, 3.554, 3.952, 4.856, 6.04, 6.204, 5.349, 4.728, 5.37, 5.221, 4.771, 4.134, 3.552, 4.129, 5.37, 6.623, 7.452, 8.216, 8.796, 9.233, 9.121, 8.023, 7.176, 6.271, 6.215, 5.789, 5.158, 3.995, 4.109, 4.343, 4.544, 4.535, 4.52, 4.464, 3.949, 4.019, 4.341, 4.22, 3.502, 2.958, 2.66, 2.763, 2.886, 2.78, 2.525, 2.508, 2.238, 1.917, 2.307, 2.74, 2.527, 2.129], [4.631, 4.737, 4.683, 4.629, 4.24, 3.366, 2.383, 1.655, 1.639, 2.929, 3.624, 2.584, 1.622, 1.713, 1.27, 0.0, 1.234, 1.652, 1.108, 1.061, 1.742, 1.478, 1.673, 2.221, 2.89, 2.481, 1.56, 1.912, 1.557, 2.022, 2.816, 2.627, 1.72, 2.161, 2.331, 3.254, 3.772, 4.686, 5.846, 6.01, 5.135, 4.411, 5.11, 4.795, 4.474, 3.892, 3.253, 3.866, 5.156, 6.365, 7.186, 8.027, 8.535, 8.973, 8.912, 7.829, 6.983, 6.087, 6.022, 5.533, 4.681, 3.723, 3.909, 4.172, 4.368, 4.344, 4.306, 4.161, 3.645, 3.514, 3.655, 3.407, 2.669, 2.231, 1.904, 2.057, 2.044, 1.895, 1.795, 1.962, 1.917, 1.506, 2.138, 2.616, 2.343, 1.915], [4.443, 4.443, 4.455, 4.536, 4.222, 3.376, 2.234, 1.511, 2.103, 3.555, 4.216, 3.243, 2.087, 2.147, 1.884, 1.234, 0.0, 0.765, 0.665, 1.85, 2.402, 2.048, 2.359, 2.863, 3.43, 3.207, 2.352, 2.485, 2.272, 2.828, 3.457, 3.256, 1.658, 1.683, 1.766, 2.666, 3.168, 4.02, 5.182, 5.345, 4.485, 3.92, 4.465, 4.42, 3.846, 3.172, 2.61, 3.267, 4.489, 5.73, 6.475, 7.358, 7.87, 8.308, 8.247, 7.165, 6.318, 5.422, 5.372, 4.995, 3.983, 3.045, 3.133, 3.409, 3.606, 3.608, 3.381, 3.285, 2.802, 2.568, 2.655, 2.916, 2.357, 2.315, 1.96, 1.86, 1.826, 1.772, 1.582, 1.376, 1.274, 1.363, 2.711, 3.154, 2.955, 2.632], [4.602, 4.592, 4.633, 4.726, 4.429, 3.599, 2.455, 1.815, 2.527, 4.021, 4.684, 3.638, 2.482, 2.361, 2.01, 1.652, 0.765, 0.0, 0.921, 2.232, 2.854, 2.485, 2.772, 3.276, 3.883, 3.59, 2.767, 2.558, 2.48, 3.141, 3.91, 3.669, 1.865, 1.57, 1.732, 2.359, 2.739, 3.524, 4.68, 4.823, 3.99, 3.48, 3.971, 3.986, 3.484, 2.746, 2.254, 2.84, 4.042, 5.287, 5.986, 6.835, 7.346, 7.784, 7.724, 6.641, 5.794, 4.933, 4.908, 4.515, 3.696, 2.701, 2.694, 2.932, 3.152, 3.142, 2.946, 2.811, 2.471, 2.433, 2.78, 3.12, 2.644, 2.696, 2.316, 2.204, 2.27, 2.207, 2.007, 1.733, 1.272, 1.659, 3.049, 3.468, 3.286, 3.008], [4.679, 4.696, 4.696, 4.755, 4.383, 3.549, 2.415, 1.781, 2.031, 3.331, 3.988, 2.954, 1.834, 1.852, 1.512, 1.108, 0.665, 0.921, 0.0, 1.535, 2.174, 1.84, 2.114, 2.603, 3.23, 2.892, 2.057, 2.154, 1.963, 2.553, 3.292, 3.11, 1.606, 1.817, 2.028, 2.873, 3.369, 4.216, 5.337, 5.49, 4.657, 4.043, 4.626, 4.597, 4.118, 3.414, 2.842, 3.493, 4.706, 5.926, 6.685, 7.495, 8.048, 8.491, 8.405, 7.308, 6.453, 5.582, 5.531, 5.13, 4.228, 3.226, 3.37, 3.63, 3.824, 3.805, 3.617, 3.533, 3.069, 2.962, 3.02, 3.227, 2.613, 2.326, 2.012, 1.872, 2.036, 1.89, 1.701, 1.643, 1.444, 1.33, 2.517, 2.912, 2.706, 2.445], [4.511, 4.593, 4.486, 4.502, 4.237, 3.493, 2.818, 1.9, 1.479, 2.259, 2.968, 1.968, 1.539, 1.676, 1.331, 1.061, 1.85, 2.232, 1.535, 0.0, 1.09, 1.013, 1.113, 1.62, 2.237, 1.807, 1.67, 2.064, 1.544, 1.5, 2.174, 2.074, 1.983, 2.62, 2.976, 3.67, 4.168, 5.022, 6.243, 6.433, 5.572, 4.936, 5.56, 5.428, 5.015, 4.339, 3.749, 4.44, 5.748, 6.844, 7.621, 8.432, 9.011, 9.453, 9.347, 8.25, 7.392, 6.49, 6.449, 6.073, 5.232, 4.154, 4.289, 4.594, 4.774, 4.765, 4.679, 4.632, 4.094, 4.021, 4.172, 3.577, 2.784, 2.214, 2.194, 2.463, 2.497, 2.068, 1.997, 2.383, 2.418, 1.797, 1.625, 1.934, 1.711, 1.379], [4.512, 4.521, 4.572, 4.658, 4.637, 3.884, 3.249, 2.161, 1.56, 1.881, 2.369, 1.77, 1.739, 2.117, 1.804, 1.742, 2.402, 2.854, 2.174, 1.09, 0.0, 0.688, 0.808, 1.08, 1.525, 1.102, 2.043, 2.54, 2.0, 1.433, 1.574, 1.568, 2.196, 2.926, 3.411, 4.356, 4.905, 5.868, 7.134, 7.331, 6.475, 5.865, 6.388, 6.283, 5.675, 4.951, 4.355, 5.114, 6.454, 7.672, 8.422, 9.325, 9.932, 10.369, 10.259, 9.145, 8.283, 7.378, 7.336, 7.032, 5.982, 5.031, 4.983, 5.312, 5.503, 5.507, 5.335, 5.311, 4.783, 4.599, 4.399, 3.655, 2.796, 2.264, 2.382, 2.597, 2.678, 2.15, 2.197, 2.852, 2.982, 2.27, 1.389, 1.509, 1.448, 1.304], [4.385, 4.259, 4.336, 4.4, 4.391, 3.724, 2.917, 1.749, 1.168, 1.915, 2.468, 1.677, 1.465, 2.113, 1.761, 1.478, 2.048, 2.485, 1.84, 1.013, 0.688, 0.0, 0.608, 1.06, 1.576, 1.301, 2.183, 2.701, 2.053, 1.56, 1.798, 1.576, 2.021, 2.693, 3.191, 4.132, 4.668, 5.629, 6.887, 7.082, 6.226, 5.605, 6.145, 6.059, 5.443, 4.692, 4.103, 4.868, 6.157, 7.435, 8.201, 9.076, 9.675, 10.117, 10.011, 8.896, 8.036, 7.131, 7.077, 6.751, 5.743, 4.749, 4.73, 5.069, 5.269, 5.273, 5.034, 5.052, 4.519, 4.26, 3.875, 3.212, 2.391, 1.786, 1.878, 2.139, 2.17, 1.665, 1.773, 2.611, 2.694, 2.023, 1.622, 1.825, 1.653, 1.412], [4.376, 4.254, 4.274, 4.275, 4.538, 3.899, 3.119, 1.945, 1.227, 1.823, 2.245, 1.557, 1.655, 2.21, 1.895, 1.673, 2.359, 2.772, 2.114, 1.113, 0.808, 0.608, 0.0, 0.695, 1.314, 1.149, 2.21, 2.714, 2.08, 1.566, 1.612, 1.468, 2.16, 2.936, 3.368, 4.367, 4.922, 5.871, 7.124, 7.336, 6.479, 5.805, 6.378, 6.218, 5.594, 4.922, 4.307, 5.013, 6.317, 7.589, 8.412, 9.33, 9.928, 10.37, 10.264, 9.149, 8.284, 7.373, 7.327, 6.963, 5.959, 4.974, 5.028, 5.293, 5.495, 5.51, 5.354, 5.284, 4.764, 4.511, 4.169, 3.48, 2.652, 2.055, 2.136, 2.417, 2.443, 1.889, 1.983, 2.85, 2.907, 2.25, 1.718, 1.677, 1.401, 1.252], [4.69, 4.453, 4.442, 4.708, 5.124, 4.412, 3.698, 2.446, 1.608, 1.776, 1.881, 1.576, 1.908, 2.501, 2.19, 2.221, 2.863, 3.276, 2.603, 1.62, 1.08, 1.06, 0.695, 0.0, 0.924, 1.059, 2.431, 2.934, 2.336, 1.706, 1.283, 1.602, 2.527, 3.418, 3.863, 4.867, 5.44, 6.365, 7.631, 7.877, 6.982, 6.34, 6.885, 6.772, 6.156, 5.486, 4.834, 5.571, 6.86, 8.143, 8.944, 9.832, 10.431, 10.872, 10.766, 9.652, 8.786, 7.875, 7.83, 7.487, 6.476, 5.555, 5.603, 5.809, 6.038, 6.034, 5.927, 5.854, 5.319, 5.024, 4.624, 3.936, 3.039, 2.515, 2.628, 2.904, 2.906, 2.305, 2.498, 3.387, 3.446, 2.686, 1.921, 1.631, 1.363, 1.349], [4.972, 4.65, 4.791, 5.222, 5.652, 4.92, 4.216, 2.976, 1.844, 1.953, 1.736, 1.592, 2.28, 2.996, 2.736, 2.89, 3.43, 3.883, 3.23, 2.237, 1.525, 1.576, 1.314, 0.924, 0.0, 1.084, 2.986, 3.485, 2.882, 2.068, 1.477, 1.922, 3.032, 4.054, 4.506, 5.425, 5.964, 6.923, 8.15, 8.457, 7.505, 6.895, 7.466, 7.376, 6.723, 6.031, 5.457, 6.2, 7.448, 8.775, 9.575, 10.355, 10.954, 11.396, 11.29, 10.175, 9.31, 8.399, 8.353, 8.017, 7.083, 6.16, 6.155, 6.38, 6.622, 6.614, 6.472, 6.462, 5.823, 5.434, 4.604, 3.745, 2.779, 2.263, 2.527, 2.677, 2.75, 2.335, 2.818, 3.824, 3.944, 3.12, 2.08, 1.957, 1.761, 1.871], [4.962, 4.883, 4.959, 5.175, 5.41, 4.596, 3.924, 2.831, 1.769, 1.619, 1.944, 1.51, 1.918, 2.329, 2.165, 2.481, 3.207, 3.59, 2.892, 1.807, 1.102, 1.301, 1.149, 1.059, 1.084, 0.0, 2.124, 2.714, 2.198, 1.417, 1.328, 1.408, 2.584, 3.518, 4.018, 4.927, 5.502, 6.427, 7.681, 8.025, 7.064, 6.421, 6.976, 6.86, 6.347, 5.721, 5.068, 5.8, 7.053, 8.375, 9.173, 9.853, 10.424, 10.844, 10.727, 9.612, 8.756, 7.925, 7.814, 7.51, 6.677, 5.783, 5.803, 5.977, 6.236, 6.187, 6.145, 6.091, 5.526, 5.145, 4.66, 3.88, 2.988, 2.513, 2.75, 2.927, 2.979, 2.455, 2.533, 3.407, 3.672, 2.872, 1.673, 1.699, 1.502, 1.769], [5.846, 5.914, 5.841, 5.778, 5.392, 4.588, 3.617, 2.914, 2.185, 2.236, 2.8, 1.821, 1.227, 0.835, 1.207, 1.56, 2.352, 2.767, 2.057, 1.67, 2.043, 2.183, 2.21, 2.431, 2.986, 2.124, 0.0, 0.857, 0.89, 1.709, 2.045, 1.735, 1.668, 2.575, 2.963, 3.849, 4.434, 5.31, 6.501, 6.86, 5.895, 5.137, 5.734, 5.485, 5.158, 4.654, 3.966, 4.672, 5.986, 7.114, 7.966, 8.696, 9.266, 9.699, 9.579, 8.465, 7.6, 6.762, 6.656, 6.35, 5.568, 4.628, 4.848, 5.041, 5.281, 5.25, 5.222, 5.117, 4.599, 4.41, 4.656, 4.589, 3.852, 3.367, 3.119, 3.209, 3.195, 3.002, 2.721, 2.683, 2.82, 2.352, 2.52, 2.909, 2.707, 2.541], [6.308, 6.434, 6.304, 6.189, 5.746, 5.052, 4.105, 3.434, 2.714, 2.896, 3.479, 2.462, 1.782, 1.017, 1.168, 1.912, 2.485, 2.558, 2.154, 2.064, 2.54, 2.701, 2.714, 2.934, 3.485, 2.714, 0.857, 0.0, 0.799, 1.973, 2.661, 2.424, 1.703, 2.392, 2.912, 3.408, 3.759, 4.616, 5.807, 6.163, 5.198, 4.444, 5.083, 4.82, 4.511, 4.072, 3.692, 4.237, 5.437, 6.488, 7.264, 8.025, 8.625, 9.062, 8.955, 7.841, 6.976, 6.115, 6.067, 5.808, 5.343, 4.247, 4.218, 4.365, 4.606, 4.677, 4.962, 4.774, 4.174, 4.36, 4.858, 5.082, 4.368, 3.889, 3.592, 3.498, 3.701, 3.494, 3.178, 2.8, 2.671, 2.517, 2.912, 3.25, 3.195, 2.897], [5.734, 5.856, 5.705, 5.618, 5.332, 4.706, 3.648, 2.802, 2.111, 2.474, 3.128, 2.096, 1.384, 0.987, 0.893, 1.557, 2.272, 2.48, 1.963, 1.544, 2.0, 2.053, 2.08, 2.336, 2.882, 2.198, 0.89, 0.799, 0.0, 1.455, 2.23, 2.042, 1.639, 2.378, 2.875, 3.437, 3.945, 4.83, 6.068, 6.413, 5.447, 4.729, 5.325, 5.147, 4.65, 4.122, 3.657, 4.277, 5.544, 6.614, 7.467, 8.277, 8.875, 9.317, 9.211, 8.096, 7.231, 6.331, 6.305, 6.049, 5.316, 4.239, 4.231, 4.431, 4.675, 4.754, 4.926, 4.707, 4.078, 4.214, 4.648, 4.574, 3.842, 3.292, 3.04, 3.146, 3.155, 3.003, 2.737, 2.609, 2.48, 2.19, 2.334, 2.688, 2.646, 2.278], [5.097, 5.347, 5.341, 5.458, 5.429, 4.803, 4.06, 2.702, 1.78, 1.912, 2.537, 1.627, 1.815, 1.849, 1.694, 2.022, 2.828, 3.141, 2.553, 1.5, 1.433, 1.56, 1.566, 1.706, 2.068, 1.417, 1.709, 1.973, 1.455, 0.0, 1.343, 1.491, 2.365, 3.17, 3.57, 4.219, 4.67, 5.591, 6.811, 7.191, 6.258, 5.677, 6.191, 6.116, 5.55, 4.916, 4.46, 5.174, 6.398, 7.67, 8.398, 9.002, 9.555, 9.983, 9.876, 8.762, 7.897, 7.06, 7.022, 6.792, 6.06, 5.083, 4.809, 4.999, 5.243, 5.283, 5.473, 5.461, 4.522, 4.481, 4.759, 4.299, 3.516, 2.862, 2.978, 3.234, 3.279, 2.81, 2.616, 2.815, 2.945, 2.21, 1.756, 1.761, 1.61, 1.528], [4.986, 5.005, 5.036, 5.487, 5.857, 5.116, 4.551, 3.124, 2.061, 1.611, 1.719, 1.374, 2.044, 2.312, 2.393, 2.816, 3.457, 3.91, 3.292, 2.174, 1.574, 1.798, 1.612, 1.283, 1.477, 1.328, 2.045, 2.661, 2.23, 1.343, 0.0, 1.131, 2.873, 3.855, 4.338, 5.168, 5.704, 6.687, 7.897, 8.305, 7.289, 6.75, 7.255, 7.172, 6.542, 5.862, 5.348, 6.105, 7.328, 8.654, 9.462, 10.122, 10.674, 11.105, 10.997, 9.883, 9.063, 8.155, 8.166, 7.844, 6.994, 6.104, 5.917, 6.138, 6.379, 6.349, 6.325, 6.388, 5.54, 5.122, 5.066, 4.427, 3.603, 3.085, 3.186, 3.493, 3.58, 2.922, 2.876, 3.492, 3.84, 2.901, 2.086, 1.832, 1.495, 1.647], [5.173, 5.089, 5.198, 5.399, 5.529, 4.859, 4.142, 2.898, 1.701, 1.42, 1.795, 1.112, 1.541, 1.841, 2.211, 2.627, 3.256, 3.669, 3.11, 2.074, 1.568, 1.576, 1.468, 1.602, 1.922, 1.408, 1.735, 2.424, 2.042, 1.491, 1.131, 0.0, 2.237, 3.307, 3.955, 4.86, 5.367, 6.377, 7.709, 8.0, 7.143, 6.587, 7.106, 7.002, 6.325, 5.591, 5.014, 5.815, 7.148, 8.368, 9.179, 9.926, 10.57, 10.987, 10.843, 9.72, 8.861, 7.948, 7.971, 7.683, 6.757, 5.876, 5.736, 5.91, 6.153, 6.11, 6.073, 6.102, 5.381, 5.061, 4.736, 4.065, 3.26, 2.663, 2.836, 3.127, 3.2, 2.555, 2.581, 3.438, 3.584, 2.824, 2.148, 2.148, 1.808, 1.965], [5.406, 5.371, 5.503, 5.59, 5.316, 4.438, 3.337, 2.555, 1.775, 2.957, 3.546, 2.631, 1.44, 1.415, 1.19, 1.72, 1.658, 1.865, 1.606, 1.983, 2.196, 2.021, 2.16, 2.527, 3.032, 2.584, 1.668, 1.703, 1.639, 2.365, 2.873, 2.237, 0.0, 1.394, 2.102, 3.012, 3.419, 4.426, 5.758, 5.989, 5.168, 4.534, 5.102, 4.937, 4.263, 3.529, 2.991, 3.795, 5.093, 6.308, 7.133, 7.974, 8.619, 9.036, 8.892, 7.769, 6.91, 5.996, 5.967, 5.647, 4.84, 3.81, 3.788, 4.037, 4.227, 4.197, 4.085, 4.163, 3.532, 3.472, 3.639, 3.71, 3.247, 2.921, 2.65, 2.578, 2.766, 2.585, 2.289, 2.105, 1.747, 1.833, 2.85, 3.321, 3.082, 2.674], [5.293, 5.358, 5.411, 5.472, 5.193, 4.31, 3.347, 2.685, 2.772, 4.129, 4.72, 3.701, 2.51, 2.307, 2.225, 2.161, 1.683, 1.57, 1.817, 2.62, 2.926, 2.693, 2.936, 3.418, 4.054, 3.518, 2.575, 2.392, 2.378, 3.17, 3.855, 3.307, 1.394, 0.0, 1.048, 1.907, 2.366, 3.288, 4.586, 4.858, 3.978, 3.365, 3.85, 3.726, 3.091, 2.385, 1.879, 2.587, 3.927, 5.108, 5.902, 6.802, 7.446, 7.863, 7.723, 6.599, 5.737, 4.824, 4.818, 4.545, 3.668, 2.726, 2.617, 2.837, 3.071, 3.059, 3.045, 2.939, 2.439, 2.526, 3.143, 3.671, 3.428, 3.48, 3.167, 2.939, 3.04, 2.846, 2.612, 2.192, 1.537, 2.303, 3.591, 4.092, 3.801, 3.36], [4.794, 4.939, 4.888, 4.757, 4.472, 3.709, 2.838, 2.317, 3.307, 4.659, 5.288, 4.306, 3.058, 2.91, 2.777, 2.331, 1.766, 1.732, 2.028, 2.976, 3.411, 3.191, 3.368, 3.863, 4.506, 4.018, 2.963, 2.912, 2.875, 3.57, 4.338, 3.955, 2.102, 1.048, 0.0, 1.194, 1.806, 2.707, 4.008, 4.333, 3.394, 2.73, 3.271, 3.055, 2.422, 1.843, 1.36, 1.967, 3.29, 4.495, 5.362, 6.224, 6.868, 7.285, 7.141, 6.018, 5.16, 4.252, 4.216, 3.922, 2.943, 2.109, 2.146, 2.331, 2.575, 2.555, 2.523, 2.39, 1.886, 1.966, 2.635, 3.34, 3.422, 3.839, 3.466, 3.296, 3.302, 3.137, 2.818, 2.225, 1.845, 2.501, 3.832, 4.328, 4.171, 3.685], [4.668, 4.871, 4.73, 4.686, 4.383, 3.713, 3.006, 3.111, 4.26, 5.597, 6.251, 5.185, 4.03, 3.725, 3.554, 3.254, 2.666, 2.359, 2.873, 3.67, 4.356, 4.132, 4.367, 4.867, 5.425, 4.927, 3.849, 3.408, 3.437, 4.219, 5.168, 4.86, 3.012, 1.907, 1.194, 0.0, 0.911, 1.635, 2.94, 3.305, 2.312, 1.806, 2.313, 2.21, 1.711, 1.091, 1.035, 1.426, 2.683, 3.738, 4.438, 5.174, 5.785, 6.202, 6.058, 4.935, 4.106, 3.202, 3.284, 3.127, 2.479, 1.574, 1.448, 1.55, 1.703, 1.895, 1.926, 1.855, 1.448, 1.929, 2.624, 3.692, 4.186, 4.652, 4.216, 4.142, 4.217, 4.058, 3.598, 2.781, 2.357, 3.237, 4.468, 4.854, 4.847, 4.32], [4.712, 4.897, 4.719, 4.584, 4.204, 3.786, 3.223, 3.582, 4.726, 6.115, 6.811, 5.745, 4.59, 4.182, 3.952, 3.772, 3.168, 2.739, 3.369, 4.168, 4.905, 4.668, 4.922, 5.44, 5.964, 5.502, 4.434, 3.759, 3.945, 4.67, 5.704, 5.367, 3.419, 2.366, 1.806, 0.911, 0.0, 1.096, 2.413, 2.772, 1.896, 1.453, 1.967, 1.906, 1.557, 1.155, 1.163, 1.368, 2.435, 3.438, 4.039, 4.666, 5.234, 5.651, 5.507, 4.41, 3.578, 2.819, 2.886, 2.838, 2.437, 1.409, 1.33, 1.471, 1.52, 1.734, 1.753, 1.737, 1.552, 2.169, 2.904, 4.05, 4.639, 5.074, 4.709, 4.639, 4.706, 4.547, 4.016, 3.195, 2.726, 3.632, 4.862, 5.15, 5.254, 4.74], [5.231, 5.382, 5.191, 5.051, 4.628, 4.218, 3.894, 4.49, 5.662, 7.028, 7.726, 6.66, 5.567, 5.109, 4.856, 4.686, 4.02, 3.524, 4.216, 5.022, 5.868, 5.629, 5.871, 6.365, 6.923, 6.427, 5.31, 4.616, 4.83, 5.591, 6.687, 6.377, 4.426, 3.288, 2.707, 1.635, 1.096, 0.0, 1.431, 1.78, 1.179, 1.016, 1.12, 1.075, 1.292, 1.283, 1.664, 1.153, 1.634, 2.55, 3.068, 3.63, 4.193, 4.61, 4.499, 3.405, 2.566, 1.919, 1.952, 1.992, 1.815, 1.271, 1.444, 1.358, 1.309, 1.444, 1.452, 1.392, 1.916, 2.767, 3.706, 4.865, 5.473, 5.96, 5.636, 5.563, 5.602, 5.449, 4.892, 4.057, 3.6, 4.532, 5.755, 6.056, 6.164, 5.719], [5.518, 5.743, 5.526, 5.241, 4.765, 4.629, 4.873, 5.673, 6.867, 8.3, 8.965, 7.856, 6.813, 6.337, 6.04, 5.846, 5.182, 4.68, 5.337, 6.243, 7.134, 6.887, 7.124, 7.631, 8.15, 7.681, 6.501, 5.807, 6.068, 6.811, 7.897, 7.709, 5.758, 4.586, 4.008, 2.94, 2.413, 1.431, 0.0, 0.761, 0.945, 1.55, 1.011, 1.491, 2.017, 2.402, 2.888, 2.18, 1.627, 1.705, 1.842, 2.309, 2.86, 3.295, 3.189, 2.155, 1.637, 1.186, 1.232, 1.305, 1.693, 2.215, 2.412, 2.188, 2.259, 2.32, 2.304, 2.271, 2.97, 3.853, 4.769, 5.946, 6.612, 7.12, 6.803, 6.746, 6.767, 6.611, 6.06, 5.215, 4.77, 5.702, 6.925, 7.233, 7.364, 6.901], [5.498, 5.697, 5.492, 5.152, 4.691, 4.686, 4.97, 5.795, 7.02, 8.501, 9.163, 8.094, 7.032, 6.551, 6.204, 6.01, 5.345, 4.823, 5.49, 6.433, 7.331, 7.082, 7.336, 7.877, 8.457, 8.025, 6.86, 6.163, 6.413, 7.191, 8.305, 8.0, 5.989, 4.858, 4.333, 3.305, 2.772, 1.78, 0.761, 0.0, 1.156, 1.798, 1.241, 1.753, 2.285, 2.618, 3.165, 2.437, 1.814, 1.667, 1.618, 2.17, 2.645, 3.083, 2.982, 2.043, 1.47, 1.324, 1.151, 1.182, 1.74, 2.408, 2.578, 2.348, 2.308, 2.468, 2.386, 2.335, 3.136, 4.14, 5.0, 6.096, 6.754, 7.251, 6.956, 6.871, 6.918, 6.807, 6.378, 5.502, 4.962, 5.931, 7.17, 7.399, 7.556, 7.076], [5.185, 5.403, 5.193, 4.948, 4.472, 4.233, 4.271, 4.952, 6.214, 7.697, 8.304, 7.209, 6.18, 5.764, 5.349, 5.135, 4.485, 3.99, 4.657, 5.572, 6.475, 6.226, 6.479, 6.982, 7.505, 7.064, 5.895, 5.198, 5.447, 6.258, 7.289, 7.143, 5.168, 3.978, 3.394, 2.312, 1.896, 1.179, 0.945, 1.156, 0.0, 0.951, 0.873, 1.31, 1.806, 1.903, 2.342, 1.756, 1.623, 2.167, 2.424, 3.011, 3.475, 3.905, 3.794, 2.765, 2.136, 1.564, 1.661, 1.598, 1.611, 1.737, 1.893, 1.747, 1.766, 2.011, 1.933, 1.872, 2.437, 3.297, 4.195, 5.368, 5.954, 6.477, 6.082, 6.025, 6.066, 5.912, 5.443, 4.617, 4.13, 5.062, 6.285, 6.581, 6.7, 6.217], [5.11, 5.261, 5.056, 4.752, 4.202, 3.844, 3.711, 4.334, 5.596, 7.015, 7.689, 6.648, 5.541, 5.05, 4.728, 4.411, 3.92, 3.48, 4.043, 4.936, 5.865, 5.605, 5.805, 6.34, 6.895, 6.421, 5.137, 4.444, 4.729, 5.677, 6.75, 6.587, 4.534, 3.365, 2.73, 1.806, 1.453, 1.016, 1.55, 1.798, 0.951, 0.0, 0.962, 1.059, 1.389, 1.413, 1.768, 1.213, 1.762, 2.495, 3.042, 3.695, 4.25, 4.686, 4.563, 3.439, 2.58, 1.989, 1.938, 1.756, 1.554, 1.157, 1.654, 1.689, 1.563, 1.85, 1.692, 1.509, 2.059, 2.882, 3.839, 4.997, 5.51, 5.991, 5.598, 5.487, 5.499, 5.358, 4.949, 4.111, 3.679, 4.619, 5.842, 6.159, 6.263, 5.754], [5.28, 5.451, 5.226, 4.954, 4.495, 4.204, 4.287, 4.932, 6.244, 7.636, 8.268, 7.171, 6.127, 5.71, 5.37, 5.11, 4.465, 3.971, 4.626, 5.56, 6.388, 6.145, 6.378, 6.885, 7.466, 6.976, 5.734, 5.083, 5.325, 6.191, 7.255, 7.106, 5.102, 3.85, 3.271, 2.313, 1.967, 1.12, 1.011, 1.241, 0.873, 0.962, 0.0, 0.769, 1.199, 1.727, 2.151, 1.405, 1.073, 1.741, 2.299, 2.999, 3.597, 4.025, 3.902, 2.778, 1.938, 1.175, 1.164, 1.197, 1.208, 1.568, 2.035, 1.726, 1.629, 1.653, 1.634, 1.581, 2.525, 3.38, 4.327, 5.498, 6.04, 6.546, 6.17, 6.073, 6.049, 5.905, 5.502, 4.672, 4.247, 5.179, 6.402, 6.725, 6.821, 6.337], [5.583, 5.706, 5.493, 5.166, 4.671, 4.165, 4.112, 4.862, 6.159, 7.468, 8.157, 7.121, 5.979, 5.512, 5.221, 4.795, 4.42, 3.986, 4.597, 5.428, 6.283, 6.059, 6.218, 6.772, 7.376, 6.86, 5.485, 4.82, 5.147, 6.116, 7.172, 7.002, 4.937, 3.726, 3.055, 2.21, 1.906, 1.075, 1.491, 1.753, 1.31, 1.059, 0.769, 0.0, 1.01, 1.638, 1.997, 1.321, 1.187, 1.995, 2.669, 3.42, 4.001, 4.425, 4.302, 3.178, 2.344, 1.592, 1.599, 1.646, 1.692, 1.555, 2.0, 1.731, 1.683, 1.734, 1.702, 1.666, 2.555, 3.417, 4.372, 5.533, 6.052, 6.558, 6.184, 6.086, 6.051, 5.911, 5.508, 4.663, 4.262, 5.194, 6.421, 6.786, 6.821, 6.349], [5.317, 5.421, 5.219, 4.947, 4.582, 4.228, 3.794, 4.233, 5.495, 6.906, 7.565, 6.606, 5.36, 5.093, 4.771, 4.474, 3.846, 3.484, 4.118, 5.015, 5.675, 5.443, 5.594, 6.156, 6.723, 6.347, 5.158, 4.511, 4.65, 5.55, 6.542, 6.325, 4.263, 3.091, 2.422, 1.711, 1.557, 1.292, 2.017, 2.285, 1.806, 1.389, 1.199, 1.01, 0.0, 0.946, 1.468, 1.011, 1.335, 2.286, 3.082, 3.896, 4.541, 4.959, 4.836, 3.712, 2.831, 2.012, 2.025, 2.133, 1.803, 1.554, 1.643, 1.387, 1.254, 1.439, 1.328, 1.418, 2.078, 2.935, 3.894, 5.041, 5.51, 5.973, 5.56, 5.439, 5.437, 5.29, 4.925, 4.106, 3.658, 4.617, 5.863, 6.211, 6.326, 5.688], [4.79, 4.855, 4.752, 4.599, 4.246, 3.807, 3.203, 3.551, 4.75, 6.218, 6.871, 5.916, 4.659, 4.416, 4.134, 3.892, 3.172, 2.746, 3.414, 4.339, 4.951, 4.692, 4.922, 5.486, 6.031, 5.721, 4.654, 4.072, 4.122, 4.916, 5.862, 5.591, 3.529, 2.385, 1.843, 1.091, 1.155, 1.283, 2.402, 2.618, 1.903, 1.413, 1.727, 1.638, 0.946, 0.0, 0.795, 0.891, 2.012, 2.973, 3.695, 4.587, 5.231, 5.648, 5.518, 4.394, 3.522, 2.736, 2.711, 2.613, 1.96, 1.227, 1.205, 1.236, 1.208, 1.548, 1.406, 1.224, 1.411, 2.198, 3.152, 4.185, 4.657, 5.146, 4.751, 4.643, 4.656, 4.556, 4.236, 3.414, 2.928, 3.896, 5.16, 5.423, 5.579, 4.962], [4.321, 4.483, 4.358, 4.28, 3.991, 3.284, 2.679, 3.006, 4.231, 5.611, 6.255, 5.272, 4.041, 3.772, 3.552, 3.253, 2.61, 2.254, 2.842, 3.749, 4.355, 4.103, 4.307, 4.834, 5.457, 5.068, 3.966, 3.692, 3.657, 4.46, 5.348, 5.014, 2.991, 1.879, 1.36, 1.035, 1.163, 1.664, 2.888, 3.165, 2.342, 1.768, 2.151, 1.997, 1.468, 0.795, 0.0, 0.963, 2.323, 3.384, 4.211, 5.102, 5.746, 6.163, 6.02, 4.896, 4.037, 3.126, 3.094, 2.859, 2.036, 1.093, 1.609, 1.676, 1.632, 1.748, 1.565, 1.372, 1.552, 1.897, 2.755, 3.753, 4.213, 4.703, 4.296, 4.191, 4.195, 4.067, 3.755, 2.965, 2.475, 3.396, 4.655, 5.03, 4.996, 4.501], [4.688, 4.833, 4.658, 4.451, 4.152, 3.522, 3.156, 3.69, 4.956, 6.279, 6.952, 5.941, 4.794, 4.495, 4.129, 3.866, 3.267, 2.84, 3.493, 4.44, 5.114, 4.868, 5.013, 5.571, 6.2, 5.8, 4.672, 4.237, 4.277, 5.174, 6.105, 5.815, 3.795, 2.587, 1.967, 1.426, 1.368, 1.153, 2.18, 2.437, 1.756, 1.213, 1.405, 1.321, 1.011, 0.891, 0.963, 0.0, 1.447, 2.606, 3.473, 4.36, 4.998, 5.415, 5.28, 4.156, 3.302, 2.393, 2.347, 2.032, 1.447, 1.005, 1.453, 1.412, 1.405, 1.514, 1.311, 1.002, 1.744, 2.467, 3.311, 4.432, 4.941, 5.432, 5.027, 4.917, 4.91, 4.775, 4.477, 3.75, 3.136, 4.11, 5.46, 5.877, 5.761, 5.331], [5.247, 5.387, 5.272, 4.909, 4.551, 4.232, 4.238, 4.931, 6.214, 7.557, 8.245, 7.254, 6.078, 5.822, 5.37, 5.156, 4.489, 4.042, 4.706, 5.748, 6.454, 6.157, 6.317, 6.86, 7.448, 7.053, 5.986, 5.437, 5.544, 6.398, 7.328, 7.148, 5.093, 3.927, 3.29, 2.683, 2.435, 1.634, 1.627, 1.814, 1.623, 1.762, 1.073, 1.187, 1.335, 2.012, 2.323, 1.447, 0.0, 1.409, 2.24, 3.087, 3.721, 4.142, 4.019, 2.895, 2.111, 1.283, 1.315, 1.269, 1.534, 1.942, 2.425, 2.089, 1.927, 1.81, 1.832, 1.778, 2.796, 3.578, 4.354, 5.525, 6.078, 6.605, 6.231, 6.136, 6.098, 5.958, 5.654, 4.95, 4.379, 5.247, 6.665, 7.12, 7.018, 6.635], [6.093, 6.283, 6.036, 5.532, 5.076, 5.166, 5.356, 6.196, 7.507, 8.827, 9.521, 8.512, 7.354, 6.946, 6.623, 6.365, 5.73, 5.287, 5.926, 6.844, 7.672, 7.435, 7.589, 8.143, 8.775, 8.375, 7.114, 6.488, 6.614, 7.67, 8.654, 8.368, 6.308, 5.108, 4.495, 3.738, 3.438, 2.55, 1.705, 1.667, 2.167, 2.495, 1.741, 1.995, 2.286, 2.973, 3.384, 2.606, 1.409, 0.0, 1.059, 1.865, 2.514, 2.912, 2.772, 1.724, 1.321, 1.23, 1.265, 1.503, 1.936, 2.794, 3.499, 3.137, 2.922, 2.87, 2.832, 2.791, 3.81, 4.72, 5.591, 6.727, 7.311, 7.856, 7.507, 7.413, 7.355, 7.222, 6.915, 6.077, 5.547, 6.506, 7.751, 8.061, 8.171, 7.667], [6.636, 6.827, 6.581, 6.145, 5.757, 5.776, 6.125, 6.947, 8.284, 9.699, 10.337, 9.275, 8.179, 7.781, 7.452, 7.186, 6.475, 5.986, 6.685, 7.621, 8.422, 8.201, 8.412, 8.944, 9.575, 9.173, 7.966, 7.264, 7.467, 8.398, 9.462, 9.179, 7.133, 5.902, 5.362, 4.438, 4.039, 3.068, 1.842, 1.618, 2.424, 3.042, 2.299, 2.669, 3.082, 3.695, 4.211, 3.473, 2.24, 1.059, 0.0, 1.027, 1.612, 2.029, 1.999, 1.449, 1.295, 1.686, 1.774, 2.063, 2.619, 3.582, 3.855, 3.557, 3.424, 3.491, 3.511, 3.463, 4.426, 5.425, 6.278, 7.395, 7.997, 8.542, 8.217, 8.123, 8.06, 7.962, 7.663, 6.788, 6.247, 7.217, 8.456, 8.706, 8.853, 8.39], [7.18, 7.418, 7.193, 6.826, 6.37, 6.563, 6.968, 7.835, 9.037, 10.503, 11.156, 10.062, 9.029, 8.527, 8.216, 8.027, 7.358, 6.835, 7.495, 8.432, 9.325, 9.076, 9.33, 9.832, 10.355, 9.853, 8.696, 8.025, 8.277, 9.002, 10.122, 9.926, 7.974, 6.802, 6.224, 5.174, 4.666, 3.63, 2.309, 2.17, 3.011, 3.695, 2.999, 3.42, 3.896, 4.587, 5.102, 4.36, 3.087, 1.865, 1.027, 0.0, 0.894, 1.305, 1.305, 1.112, 1.419, 2.09, 2.193, 2.556, 3.461, 4.393, 4.568, 4.245, 4.132, 4.133, 4.24, 4.296, 5.113, 5.866, 6.795, 8.03, 8.74, 9.25, 8.979, 8.908, 8.928, 8.771, 8.128, 7.214, 6.842, 7.714, 8.94, 9.323, 9.527, 9.086], [7.232, 7.553, 7.294, 6.924, 6.467, 6.849, 7.394, 8.308, 9.62, 11.139, 11.778, 10.67, 9.651, 9.155, 8.796, 8.535, 7.87, 7.346, 8.048, 9.011, 9.932, 9.675, 9.928, 10.431, 10.954, 10.424, 9.266, 8.625, 8.875, 9.555, 10.674, 10.57, 8.619, 7.446, 6.868, 5.785, 5.234, 4.193, 2.86, 2.645, 3.475, 4.25, 3.597, 4.001, 4.541, 5.231, 5.746, 4.998, 3.721, 2.514, 1.612, 0.894, 0.0, 0.714, 1.049, 1.36, 1.815, 2.628, 2.67, 3.11, 4.034, 4.987, 5.078, 4.77, 4.635, 4.606, 4.757, 4.807, 5.517, 6.124, 7.049, 8.342, 9.17, 9.673, 9.399, 9.344, 9.363, 9.221, 8.49, 7.456, 7.119, 8.012, 9.265, 9.759, 9.965, 9.507], [7.598, 7.888, 7.638, 7.29, 6.852, 7.245, 7.83, 8.751, 10.057, 11.556, 12.197, 11.104, 10.085, 9.592, 9.233, 8.973, 8.308, 7.784, 8.491, 9.453, 10.369, 10.117, 10.37, 10.872, 11.396, 10.844, 9.699, 9.062, 9.317, 9.983, 11.105, 10.987, 9.036, 7.863, 7.285, 6.202, 5.651, 4.61, 3.295, 3.083, 3.905, 4.686, 4.025, 4.425, 4.959, 5.648, 6.163, 5.415, 4.142, 2.912, 2.029, 1.305, 0.714, 0.0, 0.824, 1.38, 2.142, 3.048, 3.078, 3.527, 4.451, 5.429, 5.52, 5.212, 5.077, 5.035, 5.199, 5.249, 5.959, 6.523, 7.421, 8.72, 9.593, 10.1, 9.825, 9.77, 9.784, 9.647, 8.889, 7.865, 7.536, 8.427, 9.705, 10.202, 10.379, 9.949], [7.624, 7.91, 7.662, 7.312, 6.867, 7.214, 7.781, 8.681, 9.934, 11.429, 12.074, 10.994, 9.962, 9.469, 9.121, 8.912, 8.247, 7.724, 8.405, 9.347, 10.259, 10.011, 10.264, 10.766, 11.29, 10.727, 9.579, 8.955, 9.211, 9.876, 10.997, 10.843, 8.892, 7.723, 7.141, 6.058, 5.507, 4.499, 3.189, 2.982, 3.794, 4.563, 3.902, 4.302, 4.836, 5.518, 6.02, 5.28, 4.019, 2.772, 1.999, 1.305, 1.049, 0.824, 0.0, 1.201, 2.049, 2.925, 2.955, 3.392, 4.342, 5.323, 5.414, 5.11, 4.97, 4.929, 5.093, 5.146, 5.876, 6.483, 7.4, 8.693, 9.553, 10.06, 9.786, 9.73, 9.744, 9.608, 8.859, 7.811, 7.474, 8.387, 9.642, 10.116, 10.303, 9.857], [6.796, 7.084, 6.834, 6.491, 6.041, 6.238, 6.709, 7.599, 8.837, 10.305, 10.96, 9.879, 8.845, 8.347, 8.023, 7.829, 7.165, 6.641, 7.308, 8.25, 9.145, 8.896, 9.149, 9.652, 10.175, 9.612, 8.465, 7.841, 8.096, 8.762, 9.883, 9.72, 7.769, 6.599, 6.018, 4.935, 4.41, 3.405, 2.155, 2.043, 2.765, 3.439, 2.778, 3.178, 3.712, 4.394, 4.896, 4.156, 2.895, 1.724, 1.449, 1.112, 1.36, 1.38, 1.201, 0.0, 0.993, 1.801, 1.845, 2.378, 3.274, 4.208, 4.385, 4.062, 3.873, 3.872, 3.993, 4.057, 4.811, 5.481, 6.433, 7.689, 8.494, 8.997, 8.724, 8.667, 8.687, 8.536, 7.841, 6.802, 6.487, 7.358, 8.589, 9.027, 9.269, 8.808], [6.296, 6.498, 6.289, 5.955, 5.497, 5.55, 5.893, 6.765, 7.985, 9.443, 10.101, 9.014, 7.98, 7.482, 7.176, 6.983, 6.318, 5.794, 6.453, 7.392, 8.283, 8.036, 8.284, 8.786, 9.31, 8.756, 7.6, 6.976, 7.231, 7.897, 9.063, 8.861, 6.91, 5.737, 5.16, 4.106, 3.578, 2.566, 1.637, 1.47, 2.136, 2.58, 1.938, 2.344, 2.831, 3.522, 4.037, 3.302, 2.111, 1.321, 1.295, 1.419, 1.815, 2.142, 2.049, 0.993, 0.0, 1.17, 1.155, 1.718, 2.525, 3.348, 3.583, 3.23, 3.084, 3.131, 3.187, 3.228, 4.04, 4.71, 5.722, 6.941, 7.665, 8.168, 7.906, 7.838, 7.858, 7.701, 7.062, 6.039, 5.754, 6.626, 7.851, 8.241, 8.48, 8.027], [5.787, 6.007, 5.791, 5.54, 5.121, 4.94, 5.172, 5.915, 7.099, 8.535, 9.2, 8.103, 7.069, 6.571, 6.271, 6.087, 5.422, 4.933, 5.582, 6.49, 7.378, 7.131, 7.373, 7.875, 8.399, 7.925, 6.762, 6.115, 6.331, 7.06, 8.155, 7.948, 5.996, 4.824, 4.252, 3.202, 2.819, 1.919, 1.186, 1.324, 1.564, 1.989, 1.175, 1.592, 2.012, 2.736, 3.126, 2.393, 1.283, 1.23, 1.686, 2.09, 2.628, 3.048, 2.925, 1.801, 1.17, 0.0, 0.637, 1.22, 1.79, 2.464, 2.878, 2.53, 2.303, 2.19, 2.37, 2.483, 3.267, 3.947, 4.995, 6.19, 6.878, 7.377, 7.045, 6.989, 7.019, 6.866, 6.212, 5.328, 4.978, 5.85, 7.075, 7.5, 7.569, 7.142], [5.652, 5.846, 5.645, 5.308, 4.891, 4.812, 5.09, 5.858, 7.032, 8.491, 9.147, 8.087, 7.024, 6.525, 6.215, 6.022, 5.372, 4.908, 5.531, 6.449, 7.336, 7.077, 7.327, 7.83, 8.353, 7.814, 6.656, 6.067, 6.305, 7.022, 8.166, 7.971, 5.967, 4.818, 4.216, 3.284, 2.886, 1.952, 1.232, 1.151, 1.661, 1.938, 1.164, 1.599, 2.025, 2.711, 3.094, 2.347, 1.315, 1.265, 1.774, 2.193, 2.67, 3.078, 2.955, 1.845, 1.155, 0.637, 0.0, 0.872, 1.612, 2.39, 2.966, 2.644, 2.431, 2.244, 2.387, 2.412, 3.309, 3.95, 4.995, 6.192, 6.863, 7.367, 7.06, 6.975, 6.982, 6.841, 6.21, 5.289, 4.996, 5.868, 7.094, 7.493, 7.586, 7.151], [5.244, 5.45, 5.314, 4.962, 4.517, 4.299, 4.585, 5.434, 6.637, 8.106, 8.797, 7.765, 6.661, 6.197, 5.789, 5.533, 4.995, 4.515, 5.13, 6.073, 7.032, 6.751, 6.963, 7.487, 8.017, 7.51, 6.35, 5.808, 6.049, 6.792, 7.844, 7.683, 5.647, 4.545, 3.922, 3.127, 2.838, 1.992, 1.305, 1.182, 1.598, 1.756, 1.197, 1.646, 2.133, 2.613, 2.859, 2.032, 1.269, 1.503, 2.063, 2.556, 3.11, 3.527, 3.392, 2.378, 1.718, 1.22, 0.872, 0.0, 1.332, 2.124, 2.801, 2.55, 2.437, 2.281, 2.239, 2.09, 3.048, 3.782, 4.641, 5.813, 6.449, 6.953, 6.659, 6.574, 6.57, 6.428, 5.942, 5.128, 4.671, 5.567, 6.886, 7.335, 7.301, 6.948], [4.758, 4.949, 4.753, 4.467, 4.072, 3.692, 3.699, 4.428, 5.789, 7.249, 7.861, 6.838, 5.761, 5.471, 5.158, 4.681, 3.983, 3.696, 4.228, 5.232, 5.982, 5.743, 5.959, 6.476, 7.083, 6.677, 5.568, 5.343, 5.316, 6.06, 6.994, 6.757, 4.84, 3.668, 2.943, 2.479, 2.437, 1.815, 1.693, 1.74, 1.611, 1.554, 1.208, 1.692, 1.803, 1.96, 2.036, 1.447, 1.534, 1.936, 2.619, 3.461, 4.034, 4.451, 4.342, 3.274, 2.525, 1.79, 1.612, 1.332, 0.0, 1.345, 2.339, 2.216, 2.06, 2.022, 1.663, 1.463, 2.331, 2.949, 3.831, 4.977, 5.533, 6.078, 5.735, 5.641, 5.579, 5.44, 5.133, 4.339, 3.911, 4.76, 6.035, 6.424, 6.427, 6.018], [4.567, 4.692, 4.472, 4.289, 3.92, 3.425, 2.894, 3.51, 4.793, 6.228, 6.929, 5.892, 4.72, 4.324, 3.995, 3.723, 3.045, 2.701, 3.226, 4.154, 5.031, 4.749, 4.974, 5.555, 6.16, 5.783, 4.628, 4.247, 4.239, 5.083, 6.104, 5.876, 3.81, 2.726, 2.109, 1.574, 1.409, 1.271, 2.215, 2.408, 1.737, 1.157, 1.568, 1.555, 1.554, 1.227, 1.093, 1.005, 1.942, 2.794, 3.582, 4.393, 4.987, 5.429, 5.323, 4.208, 3.348, 2.464, 2.39, 2.124, 1.345, 0.0, 1.365, 1.542, 1.451, 1.494, 1.117, 0.901, 1.458, 2.238, 3.1, 4.169, 4.694, 5.188, 4.775, 4.678, 4.722, 4.628, 4.28, 3.445, 2.978, 3.888, 5.132, 5.482, 5.422, 4.989], [5.0, 5.233, 5.105, 4.989, 4.689, 4.227, 3.55, 3.567, 4.773, 6.364, 7.056, 6.01, 4.803, 4.434, 4.109, 3.909, 3.133, 2.694, 3.37, 4.289, 4.983, 4.73, 5.028, 5.603, 6.155, 5.803, 4.848, 4.218, 4.231, 4.809, 5.917, 5.736, 3.788, 2.617, 2.146, 1.448, 1.33, 1.444, 2.412, 2.578, 1.893, 1.654, 2.035, 2.0, 1.643, 1.205, 1.609, 1.453, 2.425, 3.499, 3.855, 4.568, 5.078, 5.52, 5.414, 4.385, 3.583, 2.878, 2.966, 2.801, 2.339, 1.365, 0.0, 0.626, 0.952, 1.241, 1.406, 1.362, 1.058, 2.045, 3.051, 4.004, 4.539, 4.958, 4.537, 4.456, 4.575, 4.476, 3.955, 3.143, 2.711, 3.581, 4.828, 5.118, 5.252, 4.709], [5.161, 5.459, 5.31, 5.198, 4.901, 4.432, 3.726, 3.825, 5.071, 6.632, 7.271, 6.212, 5.081, 4.712, 4.343, 4.172, 3.409, 2.932, 3.63, 4.594, 5.312, 5.069, 5.293, 5.809, 6.38, 5.977, 5.041, 4.365, 4.431, 4.999, 6.138, 5.91, 4.037, 2.837, 2.331, 1.55, 1.471, 1.358, 2.188, 2.348, 1.747, 1.689, 1.726, 1.731, 1.387, 1.236, 1.676, 1.412, 2.089, 3.137, 3.557, 4.245, 4.77, 5.212, 5.11, 4.062, 3.23, 2.53, 2.644, 2.55, 2.216, 1.542, 0.626, 0.0, 0.696, 0.913, 1.282, 1.335, 1.216, 2.221, 3.192, 4.191, 4.75, 5.193, 4.846, 4.765, 4.854, 4.716, 4.226, 3.407, 2.939, 3.829, 5.027, 5.37, 5.49, 4.935], [5.063, 5.361, 5.222, 5.106, 4.786, 4.339, 3.778, 4.011, 5.258, 6.84, 7.489, 6.444, 5.289, 4.91, 4.544, 4.368, 3.606, 3.152, 3.824, 4.774, 5.503, 5.269, 5.495, 6.038, 6.622, 6.236, 5.281, 4.606, 4.675, 5.243, 6.379, 6.153, 4.227, 3.071, 2.575, 1.703, 1.52, 1.309, 2.259, 2.308, 1.766, 1.563, 1.629, 1.683, 1.254, 1.208, 1.632, 1.405, 1.927, 2.922, 3.424, 4.132, 4.635, 5.077, 4.97, 3.873, 3.084, 2.303, 2.431, 2.437, 2.06, 1.451, 0.952, 0.696, 0.0, 0.678, 0.999, 1.236, 1.323, 2.343, 3.334, 4.396, 4.961, 5.386, 5.024, 4.949, 5.05, 4.933, 4.432, 3.607, 3.139, 4.041, 5.166, 5.481, 5.575, 5.03], [5.207, 5.503, 5.344, 5.282, 4.986, 4.465, 3.867, 4.019, 5.265, 6.788, 7.446, 6.389, 5.265, 4.86, 4.535, 4.344, 3.608, 3.142, 3.805, 4.765, 5.507, 5.273, 5.51, 6.034, 6.614, 6.187, 5.25, 4.677, 4.754, 5.283, 6.349, 6.11, 4.197, 3.059, 2.555, 1.895, 1.734, 1.444, 2.32, 2.468, 2.011, 1.85, 1.653, 1.734, 1.439, 1.548, 1.748, 1.514, 1.81, 2.87, 3.491, 4.133, 4.606, 5.035, 4.929, 3.872, 3.131, 2.19, 2.244, 2.281, 2.022, 1.494, 1.241, 0.913, 0.678, 0.0, 1.011, 1.227, 1.521, 2.323, 3.347, 4.389, 4.961, 5.394, 5.053, 4.973, 5.057, 4.946, 4.322, 3.519, 3.06, 3.958, 5.148, 5.513, 5.521, 5.113], [4.612, 4.712, 4.652, 4.607, 4.262, 3.774, 3.264, 3.811, 5.1, 6.636, 7.329, 6.308, 5.08, 4.799, 4.52, 4.306, 3.381, 2.946, 3.617, 4.679, 5.335, 5.034, 5.354, 5.927, 6.472, 6.145, 5.222, 4.962, 4.926, 5.473, 6.325, 6.073, 4.085, 3.045, 2.523, 1.926, 1.753, 1.452, 2.304, 2.386, 1.933, 1.692, 1.634, 1.702, 1.328, 1.406, 1.565, 1.311, 1.832, 2.832, 3.511, 4.24, 4.757, 5.199, 5.093, 3.993, 3.187, 2.37, 2.387, 2.239, 1.663, 1.117, 1.406, 1.282, 0.999, 1.011, 0.0, 0.787, 1.622, 2.345, 3.139, 4.242, 4.799, 5.254, 4.883, 4.823, 4.903, 4.799, 4.321, 3.571, 3.066, 3.952, 5.221, 5.59, 5.625, 5.22], [4.438, 4.53, 4.383, 4.282, 4.002, 3.475, 2.922, 3.693, 5.081, 6.622, 7.282, 6.3, 5.062, 4.802, 4.464, 4.161, 3.285, 2.811, 3.533, 4.632, 5.311, 5.052, 5.284, 5.854, 6.462, 6.091, 5.117, 4.774, 4.707, 5.461, 6.388, 6