[[0.0, 0.865, 1.33, 2.379, 3.076, 1.758, 1.689, 2.132, 2.271, 2.422, 2.449, 3.81, 6.018, 7.501, 8.439, 7.783, 6.611, 6.494, 7.381, 7.814, 7.56, 7.689, 8.694, 9.413, 8.895, 8.539, 8.933, 9.358, 9.2, 9.901, 9.347, 8.057, 7.618, 7.676, 7.382, 8.129, 9.168, 9.624, 6.955, 4.792, 4.855, 4.047, 4.043, 3.837, 3.602, 4.416, 3.827, 4.908, 5.865, 6.042, 5.956, 6.445, 6.595, 6.668, 6.838, 7.139, 8.002, 9.27, 10.051, 10.158, 10.369, 10.611, 10.176, 8.651, 7.958, 7.377, 6.909, 7.118, 7.57, 7.87, 8.025, 7.617, 6.523, 6.56, 6.779, 5.676, 4.699, 5.694, 5.899, 6.509, 6.934, 7.657, 8.931, 9.334, 8.883, 7.936], [0.865, 0.0, 0.79, 1.921, 2.618, 1.326, 1.381, 1.897, 2.103, 2.372, 2.631, 4.123, 6.301, 7.835, 8.765, 8.134, 7.032, 6.954, 7.814, 8.209, 7.96, 8.113, 9.07, 9.777, 9.274, 8.91, 9.323, 9.737, 9.559, 10.248, 9.656, 8.368, 7.996, 8.007, 7.724, 8.512, 9.436, 9.919, 7.351, 5.229, 5.291, 4.508, 4.484, 4.264, 4.026, 4.921, 4.299, 5.345, 6.301, 6.478, 6.392, 6.881, 7.031, 7.104, 7.274, 7.575, 8.438, 9.706, 10.487, 10.594, 10.809, 11.044, 10.613, 9.08, 8.391, 7.807, 7.348, 7.554, 8.007, 8.31, 8.466, 8.058, 6.971, 7.008, 7.227, 6.113, 5.147, 6.142, 6.346, 6.957, 7.382, 8.096, 9.368, 9.763, 9.312, 8.365], [1.33, 0.79, 0.0, 1.257, 1.961, 1.099, 1.458, 2.125, 2.44, 2.709, 3.201, 4.701, 6.859, 8.412, 9.348, 8.729, 7.663, 7.602, 8.467, 8.882, 8.641, 8.794, 9.729, 10.441, 9.927, 9.559, 10.012, 10.424, 10.167, 10.862, 10.282, 8.986, 8.603, 8.605, 8.308, 9.154, 9.98, 10.457, 8.033, 5.95, 6.012, 5.223, 5.202, 4.98, 4.723, 5.629, 5.011, 6.069, 7.023, 7.199, 7.114, 7.602, 7.753, 7.825, 7.996, 8.296, 9.159, 10.427, 11.208, 11.316, 11.534, 11.765, 11.332, 9.803, 9.112, 8.532, 8.073, 8.279, 8.732, 9.035, 9.191, 8.783, 7.695, 7.733, 7.951, 6.834, 5.871, 6.866, 7.071, 7.681, 8.106, 8.82, 10.089, 10.485, 10.034, 9.087], [2.379, 1.921, 1.257, 0.0, 1.165, 1.593, 2.166, 2.986, 3.335, 3.595, 4.207, 5.633, 7.871, 9.278, 10.194, 9.803, 8.722, 8.659, 9.522, 9.955, 9.718, 9.913, 10.828, 11.463, 10.939, 10.573, 11.004, 11.438, 11.134, 11.835, 11.236, 9.926, 9.52, 9.551, 9.257, 10.127, 10.958, 11.386, 9.183, 7.084, 7.146, 6.35, 6.323, 6.101, 5.835, 6.742, 6.131, 7.2, 8.156, 8.333, 8.248, 8.736, 8.886, 8.959, 9.13, 9.43, 10.293, 11.561, 12.342, 12.441, 12.652, 12.874, 12.44, 10.923, 10.221, 9.65, 9.19, 9.396, 9.849, 10.152, 10.309, 9.9, 8.826, 8.864, 9.082, 7.968, 7.002, 7.997, 8.202, 8.812, 9.237, 9.951, 11.223, 11.606, 11.155, 10.208], [3.076, 2.618, 1.961, 1.165, 0.0, 1.995, 2.605, 3.474, 3.954, 4.202, 4.825, 6.157, 8.483, 9.862, 10.831, 10.438, 9.324, 9.291, 10.151, 10.612, 10.368, 10.567, 11.472, 12.116, 11.595, 11.22, 11.641, 12.083, 11.798, 12.484, 11.929, 10.618, 10.205, 10.226, 9.944, 10.805, 11.63, 12.008, 9.824, 7.763, 7.812, 7.004, 6.957, 6.73, 6.497, 7.372, 6.76, 7.855, 8.805, 8.982, 8.897, 9.385, 9.535, 9.608, 9.783, 10.087, 10.961, 12.213, 12.991, 13.096, 13.307, 13.534, 13.1, 11.572, 10.881, 10.305, 9.845, 10.051, 10.504, 10.808, 10.964, 10.556, 9.481, 9.518, 9.737, 8.617, 7.657, 8.68, 8.877, 9.474, 9.892, 10.605, 11.872, 12.255, 11.806, 10.857], [1.758, 1.326, 1.099, 1.593, 1.995, 0.0, 0.9, 1.662, 2.173, 2.488, 3.106, 4.609, 6.774, 8.233, 9.178, 8.693, 7.605, 7.461, 8.331, 8.76, 8.556, 8.702, 9.625, 10.301, 9.787, 9.417, 9.864, 10.27, 10.009, 10.694, 10.13, 8.827, 8.416, 8.465, 8.165, 8.978, 9.939, 10.436, 7.921, 5.896, 5.942, 5.156, 5.133, 4.969, 4.766, 5.702, 4.959, 5.987, 6.919, 7.088, 7.008, 7.494, 7.638, 7.717, 7.901, 8.204, 9.092, 10.325, 11.077, 11.173, 11.382, 11.607, 11.185, 9.661, 8.953, 8.391, 7.921, 8.127, 8.588, 8.905, 9.061, 8.65, 7.584, 7.639, 7.834, 6.747, 5.827, 6.824, 7.008, 7.605, 8.019, 8.714, 9.961, 10.342, 9.902, 8.945], [1.689, 1.381, 1.458, 2.166, 2.605, 0.9, 0.0, 1.0, 1.493, 1.843, 2.426, 3.924, 6.089, 7.485, 8.452, 8.03, 6.935, 6.79, 7.664, 8.092, 7.902, 8.024, 8.959, 9.592, 9.084, 8.721, 9.161, 9.578, 9.297, 9.982, 9.406, 8.105, 7.7, 7.75, 7.457, 8.287, 9.209, 9.687, 7.261, 5.243, 5.283, 4.535, 4.578, 4.448, 4.235, 5.188, 4.419, 5.327, 6.259, 6.428, 6.348, 6.829, 6.974, 7.053, 7.241, 7.545, 8.421, 9.654, 10.414, 10.513, 10.722, 10.941, 10.516, 8.991, 8.288, 7.717, 7.259, 7.466, 7.911, 8.233, 8.385, 7.975, 6.913, 6.968, 7.163, 6.076, 5.227, 6.204, 6.337, 6.934, 7.348, 8.044, 9.301, 9.679, 9.241, 8.275], [2.132, 1.897, 2.125, 2.986, 3.474, 1.662, 1.0, 0.0, 0.695, 1.001, 1.714, 3.151, 5.186, 6.632, 7.608, 7.118, 6.019, 5.904, 6.754, 7.199, 6.976, 7.171, 8.079, 8.773, 8.259, 7.89, 8.313, 8.722, 8.491, 9.175, 8.616, 7.313, 6.888, 6.908, 6.603, 7.457, 8.37, 8.847, 6.391, 4.457, 4.51, 3.797, 3.96, 3.842, 3.675, 4.604, 3.825, 4.558, 5.439, 5.617, 5.527, 5.985, 6.12, 6.194, 6.386, 6.704, 7.575, 8.798, 9.549, 9.643, 9.854, 10.079, 9.656, 8.135, 7.426, 6.858, 6.393, 6.599, 7.061, 7.375, 7.531, 7.119, 6.056, 6.119, 6.345, 5.234, 4.59, 5.575, 5.487, 6.077, 6.514, 7.187, 8.433, 8.814, 8.369, 7.421], [2.271, 2.103, 2.44, 3.335, 3.954, 2.173, 1.493, 0.695, 0.0, 0.708, 1.398, 2.756, 4.751, 6.193, 7.213, 6.608, 5.538, 5.424, 6.273, 6.727, 6.494, 6.706, 7.623, 8.342, 7.838, 7.471, 7.878, 8.29, 8.115, 8.799, 8.236, 6.934, 6.503, 6.511, 6.215, 7.039, 7.998, 8.429, 5.923, 4.048, 4.102, 3.414, 3.643, 3.531, 3.396, 4.321, 3.678, 4.162, 4.976, 5.158, 5.076, 5.526, 5.661, 5.735, 5.924, 6.247, 7.115, 8.338, 9.09, 9.184, 9.395, 9.621, 9.191, 7.666, 6.969, 6.392, 5.934, 6.14, 6.592, 6.903, 7.059, 6.648, 5.597, 5.66, 5.905, 4.833, 4.279, 5.349, 5.057, 5.622, 6.06, 6.738, 7.974, 8.346, 7.9, 6.963], [2.422, 2.372, 2.709, 3.595, 4.202, 2.488, 1.843, 1.001, 0.708, 0.0, 1.046, 2.437, 4.385, 5.921, 6.904, 6.31, 5.175, 5.156, 6.01, 6.474, 6.229, 6.438, 7.344, 8.059, 7.536, 7.167, 7.602, 8.018, 7.77, 8.454, 7.86, 6.56, 6.164, 6.166, 5.871, 6.74, 7.61, 8.015, 5.685, 3.731, 3.816, 3.131, 3.36, 3.21, 3.158, 4.065, 3.586, 3.855, 4.711, 4.873, 4.794, 5.272, 5.416, 5.495, 5.674, 6.004, 6.881, 8.103, 8.855, 8.949, 9.16, 9.375, 8.954, 7.426, 6.722, 6.157, 5.699, 5.905, 6.359, 6.67, 6.826, 6.414, 5.37, 5.417, 5.612, 4.572, 4.095, 5.194, 4.798, 5.394, 5.803, 6.495, 7.739, 8.099, 7.658, 6.708], [2.449, 2.631, 3.201, 4.207, 4.825, 3.106, 2.426, 1.714, 1.398, 1.046, 0.0, 1.82, 3.797, 5.309, 6.272, 5.687, 4.578, 4.519, 5.409, 5.86, 5.601, 5.821, 6.722, 7.427, 6.902, 6.518, 6.972, 7.397, 7.14, 7.827, 7.254, 5.95, 5.524, 5.541, 5.247, 6.098, 7.013, 7.436, 5.078, 3.125, 3.221, 2.506, 2.715, 2.671, 2.842, 3.514, 3.297, 3.25, 4.118, 4.28, 4.209, 4.671, 4.806, 4.886, 5.08, 5.425, 6.288, 7.501, 8.245, 8.339, 8.55, 8.763, 8.336, 6.809, 6.112, 5.547, 5.089, 5.295, 5.745, 6.053, 6.209, 5.798, 4.756, 4.814, 5.005, 3.948, 3.574, 4.693, 4.2, 4.787, 5.188, 5.891, 7.129, 7.49, 7.048, 6.098], [3.81, 4.123, 4.701, 5.633, 6.157, 4.609, 3.924, 3.151, 2.756, 2.437, 1.82, 0.0, 2.833, 4.158, 5.079, 4.453, 3.359, 3.426, 4.331, 4.715, 4.416, 4.572, 5.483, 6.189, 5.691, 5.317, 5.725, 6.153, 5.933, 6.6, 6.073, 4.761, 4.343, 4.363, 4.048, 4.899, 5.843, 6.214, 3.888, 2.792, 2.956, 2.882, 3.143, 3.274, 3.912, 4.21, 4.202, 3.198, 3.34, 3.377, 3.267, 3.773, 3.88, 3.885, 4.147, 4.688, 5.131, 6.322, 7.059, 7.15, 7.346, 7.53, 7.093, 5.584, 4.945, 4.345, 3.87, 4.081, 4.544, 4.849, 5.141, 4.851, 4.5, 4.258, 4.032, 3.557, 4.276, 5.277, 4.088, 4.066, 4.422, 5.027, 5.961, 6.35, 5.926, 5.122], [6.018, 6.301, 6.859, 7.871, 8.483, 6.774, 6.089, 5.186, 4.751, 4.385, 3.797, 2.833, 0.0, 1.643, 2.612, 2.009, 1.447, 1.185, 1.778, 2.211, 2.066, 2.279, 3.218, 3.942, 3.493, 3.196, 3.384, 3.83, 3.695, 4.18, 3.657, 2.814, 2.526, 2.239, 2.392, 2.957, 3.463, 3.85, 2.677, 3.789, 4.049, 4.201, 4.369, 4.419, 5.141, 5.363, 5.336, 4.244, 3.738, 3.766, 3.666, 3.63, 3.717, 3.694, 4.048, 4.684, 4.202, 4.351, 4.846, 5.025, 5.108, 5.216, 4.795, 3.881, 3.686, 3.273, 2.972, 3.277, 3.705, 4.007, 4.629, 4.745, 4.651, 4.5, 4.266, 4.531, 5.421, 6.099, 4.928, 4.613, 4.785, 5.072, 5.613, 5.761, 5.431, 4.993], [7.501, 7.835, 8.412, 9.278, 9.862, 8.233, 7.485, 6.632, 6.193, 5.921, 5.309, 4.158, 1.643, 0.0, 1.235, 1.378, 1.88, 1.677, 1.195, 1.276, 1.321, 1.883, 2.665, 3.397, 2.943, 2.644, 2.694, 3.131, 3.202, 3.255, 2.999, 2.686, 2.661, 2.197, 2.356, 2.77, 2.942, 2.918, 3.224, 4.817, 5.083, 5.274, 5.459, 5.473, 6.125, 6.341, 6.323, 5.301, 4.626, 4.564, 4.501, 4.303, 4.389, 4.285, 4.604, 5.258, 4.627, 4.146, 4.434, 4.58, 4.622, 4.47, 4.177, 4.036, 4.028, 3.882, 3.79, 3.981, 4.324, 4.63, 5.234, 5.436, 5.409, 5.352, 5.144, 5.492, 6.418, 6.893, 5.786, 5.342, 5.459, 5.464, 5.847, 5.951, 5.641, 5.253], [8.439, 8.765, 9.348, 10.194, 10.831, 9.178, 8.452, 7.608, 7.213, 6.904, 6.272, 5.079, 2.612, 1.235, 0.0, 1.263, 2.402, 2.349, 1.644, 1.447, 1.679, 2.025, 2.459, 2.936, 2.65, 2.443, 2.476, 2.713, 2.698, 2.634, 2.575, 2.407, 2.528, 2.053, 2.316, 2.429, 2.454, 2.355, 3.185, 5.207, 5.514, 5.739, 5.979, 6.103, 6.493, 6.494, 6.586, 5.747, 4.902, 4.82, 4.779, 4.484, 4.44, 4.329, 4.602, 5.324, 4.588, 4.023, 4.208, 4.358, 4.35, 4.155, 3.874, 3.927, 4.13, 4.145, 4.168, 4.189, 4.361, 4.606, 5.242, 5.524, 5.545, 5.481, 5.249, 5.61, 6.592, 6.973, 5.889, 5.434, 5.528, 5.489, 5.801, 5.871, 5.558, 5.26], [7.783, 8.134, 8.729, 9.803, 10.438, 8.693, 8.03, 7.118, 6.608, 6.31, 5.687, 4.453, 2.009, 1.378, 1.263, 0.0, 1.631, 1.684, 1.303, 1.237, 1.495, 1.575, 1.927, 2.512, 2.149, 1.951, 1.988, 2.294, 2.422, 2.555, 2.26, 1.957, 1.938, 1.671, 1.863, 1.868, 1.975, 2.191, 2.265, 4.411, 4.703, 4.962, 5.234, 5.362, 5.694, 5.533, 5.683, 4.955, 3.994, 3.956, 3.887, 3.582, 3.478, 3.329, 3.579, 4.274, 3.567, 3.169, 3.477, 3.649, 3.666, 3.602, 3.245, 3.033, 3.369, 3.42, 3.562, 3.471, 3.529, 3.72, 4.226, 4.465, 4.56, 4.469, 4.187, 4.599, 5.608, 5.894, 4.796, 4.364, 4.492, 4.619, 4.982, 5.065, 4.753, 4.407], [6.611, 7.032, 7.663, 8.722, 9.324, 7.605, 6.935, 6.019, 5.538, 5.175, 4.578, 3.359, 1.447, 1.88, 2.402, 1.631, 0.0, 0.878, 1.254, 1.686, 1.59, 1.557, 2.392, 3.155, 2.603, 2.319, 2.651, 3.073, 2.918, 3.558, 3.019, 1.973, 1.724, 1.551, 1.737, 2.252, 2.925, 3.262, 1.807, 3.459, 3.699, 3.967, 4.165, 4.209, 4.744, 4.823, 4.861, 3.967, 3.277, 3.251, 3.206, 3.047, 3.028, 2.917, 3.241, 3.861, 3.297, 3.399, 3.964, 4.128, 4.238, 4.386, 3.983, 3.183, 3.134, 2.981, 2.784, 2.849, 3.077, 3.334, 3.848, 4.006, 4.072, 3.876, 3.55, 3.937, 4.918, 5.293, 4.197, 3.812, 3.91, 4.09, 4.627, 4.765, 4.427, 4.063], [6.494, 6.954, 7.602, 8.659, 9.291, 7.461, 6.79, 5.904, 5.424, 5.156, 4.519, 3.426, 1.185, 1.677, 2.349, 1.684, 0.878, 0.0, 1.03, 1.511, 1.566, 1.66, 2.494, 3.29, 2.721, 2.483, 2.711, 3.183, 3.092, 3.618, 3.092, 2.168, 1.84, 1.653, 1.806, 2.347, 3.046, 3.486, 2.08, 3.486, 3.679, 3.968, 4.185, 4.259, 4.807, 4.829, 4.864, 3.963, 3.23, 3.191, 3.159, 2.931, 3.002, 2.941, 3.337, 3.933, 3.41, 3.524, 4.018, 4.238, 4.324, 4.43, 4.077, 3.074, 2.933, 2.718, 2.62, 2.668, 2.997, 3.279, 3.889, 4.051, 3.969, 3.862, 3.66, 3.974, 4.925, 5.48, 4.323, 3.968, 4.136, 4.409, 4.944, 5.1, 4.785, 4.34], [7.381, 7.814, 8.467, 9.522, 10.151, 8.331, 7.664, 6.754, 6.273, 6.01, 5.409, 4.331, 1.778, 1.195, 1.644, 1.303, 1.254, 1.03, 0.0, 0.705, 1.062, 1.26, 2.014, 2.888, 2.319, 2.054, 2.097, 2.572, 2.684, 2.862, 2.469, 2.002, 1.913, 1.539, 1.745, 2.151, 2.554, 2.82, 2.417, 4.152, 4.291, 4.659, 4.842, 4.96, 5.467, 5.407, 5.486, 4.633, 3.769, 3.698, 3.646, 3.386, 3.422, 3.343, 3.665, 4.299, 3.631, 3.194, 3.524, 3.757, 3.785, 3.677, 3.382, 3.073, 3.097, 3.049, 3.065, 3.083, 3.32, 3.592, 4.206, 4.46, 4.456, 4.408, 4.186, 4.546, 5.493, 5.919, 4.824, 4.371, 4.481, 4.489, 4.952, 5.051, 4.743, 4.365], [7.814, 8.209, 8.882, 9.955, 10.612, 8.76, 8.092, 7.199, 6.727, 6.474, 5.86, 4.715, 2.211, 1.276, 1.447, 1.237, 1.686, 1.511, 0.705, 0.0, 0.909, 1.129, 1.887, 2.629, 2.206, 1.947, 2.056, 2.314, 2.47, 2.638, 2.346, 2.095, 2.129, 1.767, 2.005, 2.281, 2.53, 2.581, 2.662, 4.349, 4.494, 4.822, 5.003, 5.199, 5.734, 5.578, 5.683, 4.767, 3.886, 3.821, 3.758, 3.569, 3.606, 3.51, 3.822, 4.478, 3.678, 3.199, 3.44, 3.557, 3.566, 3.445, 3.192, 3.081, 3.169, 3.112, 3.134, 3.167, 3.44, 3.702, 4.288, 4.543, 4.59, 4.57, 4.325, 4.703, 5.673, 6.014, 4.942, 4.513, 4.582, 4.549, 4.92, 5.003, 4.691, 4.349], [7.56, 7.96, 8.641, 9.718, 10.368, 8.556, 7.902, 6.976, 6.494, 6.229, 5.601, 4.416, 2.066, 1.321, 1.679, 1.495, 1.59, 1.566, 1.062, 0.909, 0.0, 0.937, 1.928, 2.694, 2.308, 2.077, 2.094, 2.44, 2.5, 2.656, 2.385, 2.206, 2.289, 1.722, 2.037, 2.282, 2.655, 2.588, 2.908, 4.493, 4.714, 4.946, 5.129, 5.161, 5.811, 5.905, 5.925, 4.939, 4.219, 4.15, 4.073, 3.822, 3.829, 3.717, 4.05, 4.717, 3.989, 3.419, 3.65, 3.789, 3.811, 3.728, 3.461, 3.258, 3.362, 3.279, 3.214, 3.388, 3.633, 3.924, 4.657, 4.928, 4.921, 4.898, 4.641, 5.023, 6.003, 6.397, 5.284, 4.849, 4.97, 4.978, 5.318, 5.409, 5.096, 4.771], [7.689, 8.113, 8.794, 9.913, 10.567, 8.702, 8.024, 7.171, 6.706, 6.438, 5.821, 4.572, 2.279, 1.883, 2.025, 1.575, 1.557, 1.66, 1.26, 1.129, 0.937, 0.0, 1.447, 2.18, 1.857, 1.677, 1.896, 2.045, 2.043, 2.557, 2.088, 1.805, 1.847, 1.513, 1.718, 2.047, 2.575, 2.608, 2.346, 4.094, 4.371, 4.598, 4.782, 4.87, 5.489, 5.409, 5.5, 4.584, 3.83, 3.752, 3.698, 3.433, 3.388, 3.256, 3.417, 4.164, 3.304, 2.801, 3.041, 3.219, 3.241, 3.358, 3.037, 2.869, 3.031, 2.966, 2.904, 3.022, 3.187, 3.39, 3.916, 4.227, 4.426, 4.368, 4.084, 4.49, 5.498, 5.682, 4.694, 4.246, 4.219, 4.22, 4.634, 4.707, 4.394, 4.074], [8.694, 9.07, 9.729, 10.828, 11.472, 9.625, 8.959, 8.079, 7.623, 7.344, 6.722, 5.483, 3.218, 2.665, 2.459, 1.927, 2.392, 2.494, 2.014, 1.887, 1.928, 1.447, 0.0, 1.046, 0.881, 0.94, 1.127, 1.136, 1.115, 1.779, 1.526, 1.603, 1.746, 1.624, 1.852, 1.717, 1.847, 2.046, 2.227, 4.266, 4.516, 4.975, 5.109, 5.256, 5.561, 5.493, 5.694, 4.754, 3.96, 3.85, 3.797, 3.44, 3.387, 3.236, 3.205, 3.968, 2.995, 2.153, 2.161, 2.297, 2.179, 2.387, 1.997, 2.47, 2.893, 2.942, 3.042, 2.952, 3.062, 3.234, 3.7, 4.075, 4.368, 4.268, 3.93, 4.459, 5.438, 5.447, 4.633, 4.099, 3.856, 3.6, 3.832, 3.92, 3.609, 3.372], [9.413, 9.777, 10.441, 11.463, 12.116, 10.301, 9.592, 8.773, 8.342, 8.059, 7.427, 6.189, 3.942, 3.397, 2.936, 2.512, 3.155, 3.29, 2.888, 2.629, 2.694, 2.18, 1.046, 0.0, 0.941, 1.381, 1.485, 1.081, 0.986, 1.642, 1.34, 1.916, 2.121, 2.255, 2.466, 1.977, 1.641, 1.802, 2.669, 4.93, 4.992, 5.677, 5.78, 5.922, 6.075, 5.958, 6.277, 5.194, 4.397, 4.351, 4.257, 3.818, 3.735, 3.562, 3.418, 3.997, 3.005, 2.197, 2.071, 2.178, 1.946, 1.944, 1.63, 2.602, 3.185, 3.34, 3.611, 3.456, 3.297, 3.366, 3.754, 4.183, 4.557, 4.402, 4.06, 4.782, 5.691, 5.474, 4.855, 4.288, 3.886, 3.549, 3.392, 3.397, 3.098, 3.166], [8.895, 9.274, 9.927, 10.939, 11.595, 9.787, 9.084, 8.259, 7.838, 7.536, 6.902, 5.691, 3.493, 2.943, 2.65, 2.149, 2.603, 2.721, 2.319, 2.206, 2.308, 1.857, 0.881, 0.941, 0.0, 0.743, 1.038, 1.097, 1.129, 1.86, 1.464, 1.489, 1.702, 1.876, 2.019, 1.565, 1.652, 2.036, 2.166, 4.338, 4.55, 5.071, 5.205, 5.362, 5.561, 5.25, 5.562, 4.779, 3.708, 3.653, 3.602, 3.172, 3.089, 2.918, 2.873, 3.585, 2.634, 1.953, 2.093, 2.318, 2.185, 2.195, 1.857, 2.265, 2.697, 2.833, 3.086, 2.907, 2.799, 2.926, 3.315, 3.69, 4.018, 3.914, 3.584, 4.19, 5.161, 5.074, 4.264, 3.722, 3.517, 3.24, 3.401, 3.454, 3.163, 3.03], [8.539, 8.91, 9.559, 10.573, 11.22, 9.417, 8.721, 7.89, 7.471, 7.167, 6.518, 5.317, 3.196, 2.644, 2.443, 1.951, 2.319, 2.483, 2.054, 1.947, 2.077, 1.677, 0.94, 1.381, 0.743, 0.0, 0.976, 1.201, 1.237, 2.042, 1.76, 1.459, 1.695, 1.573, 1.799, 1.502, 1.844, 2.332, 2.025, 4.025, 4.275, 4.734, 4.85, 5.071, 5.306, 4.984, 5.238, 4.487, 3.456, 3.349, 3.344, 2.977, 2.937, 2.803, 2.843, 3.571, 2.719, 2.055, 2.344, 2.48, 2.529, 2.608, 2.144, 2.163, 2.533, 2.556, 2.774, 2.6, 2.644, 2.899, 3.304, 3.641, 3.888, 3.821, 3.516, 4.081, 4.999, 5.093, 4.227, 3.661, 3.558, 3.345, 3.637, 3.731, 3.433, 3.159], [8.933, 9.323, 10.012, 11.004, 11.641, 9.864, 9.161, 8.313, 7.878, 7.602, 6.972, 5.725, 3.384, 2.694, 2.476, 1.988, 2.651, 2.711, 2.097, 2.056, 2.094, 1.896, 1.127, 1.485, 1.038, 0.976, 0.0, 1.045, 1.341, 1.833, 1.715, 1.745, 2.011, 1.693, 2.057, 1.659, 1.799, 2.165, 2.413, 4.478, 4.622, 5.159, 5.338, 5.477, 5.715, 5.438, 5.73, 4.811, 3.885, 3.777, 3.716, 3.239, 3.21, 3.079, 2.995, 3.726, 2.803, 2.027, 2.131, 2.347, 2.348, 2.177, 1.856, 2.099, 2.587, 2.737, 2.999, 2.88, 2.784, 2.992, 3.466, 3.849, 4.102, 4.043, 3.774, 4.517, 5.316, 5.259, 4.455, 3.852, 3.756, 3.447, 3.797, 3.936, 3.712, 3.595], [9.358, 9.737, 10.424, 11.438, 12.083, 10.27, 9.578, 8.722, 8.29, 8.018, 7.397, 6.153, 3.83, 3.131, 2.713, 2.294, 3.073, 3.183, 2.572, 2.314, 2.44, 2.045, 1.136, 1.081, 1.097, 1.201, 1.045, 0.0, 0.841, 1.469, 1.365, 1.874, 2.229, 2.119, 2.394, 1.934, 1.733, 1.945, 2.699, 4.85, 5.079, 5.515, 5.718, 5.857, 6.121, 5.764, 6.085, 5.288, 4.272, 4.189, 4.125, 3.701, 3.594, 3.444, 3.49, 4.238, 3.294, 2.414, 2.281, 2.383, 2.238, 2.027, 1.721, 2.564, 3.171, 3.273, 3.492, 3.353, 3.346, 3.511, 3.969, 4.345, 4.664, 4.547, 4.231, 4.795, 5.77, 5.752, 4.813, 4.362, 4.21, 3.851, 3.883, 3.904, 3.592, 3.534], [9.2, 9.559, 10.167, 11.134, 11.798, 10.009, 9.297, 8.491, 8.115, 7.77, 7.14, 5.933, 3.695, 3.202, 2.698, 2.422, 2.918, 3.092, 2.684, 2.47, 2.5, 2.043, 1.115, 0.986, 1.129, 1.237, 1.341, 0.841, 0.0, 1.307, 1.299, 1.675, 1.952, 1.852, 2.091, 1.887, 1.568, 1.841, 2.623, 4.822, 5.134, 5.485, 5.73, 5.856, 6.068, 5.832, 6.057, 5.352, 4.244, 4.157, 4.108, 3.797, 3.73, 3.578, 3.652, 4.426, 3.473, 2.615, 2.516, 2.616, 2.406, 2.337, 2.074, 2.819, 3.308, 3.324, 3.511, 3.406, 3.471, 3.66, 4.133, 4.495, 4.789, 4.692, 4.396, 4.889, 5.903, 5.925, 4.988, 4.523, 4.363, 4.0, 3.852, 3.878, 3.571, 3.43], [9.901, 10.248, 10.862, 11.835, 12.484, 10.694, 9.982, 9.175, 8.799, 8.454, 7.827, 6.6, 4.18, 3.255, 2.634, 2.555, 3.558, 3.618, 2.862, 2.638, 2.656, 2.557, 1.779, 1.642, 1.86, 2.042, 1.833, 1.469, 1.307, 0.0, 1.269, 2.354, 2.695, 2.385, 2.752, 2.496, 1.844, 1.789, 3.281, 5.738, 6.019, 6.376, 6.585, 6.693, 6.96, 6.735, 6.992, 6.278, 5.248, 5.189, 5.124, 4.757, 4.655, 4.522, 4.596, 5.359, 4.397, 3.448, 3.268, 3.453, 3.196, 2.538, 2.599, 3.65, 4.217, 4.343, 4.518, 4.371, 4.402, 4.615, 5.085, 5.446, 5.734, 5.656, 5.32, 5.77, 6.818, 6.847, 5.922, 5.483, 5.273, 4.913, 4.519, 4.254, 4.018, 4.044], [9.347, 9.656, 10.282, 11.236, 11.929, 10.13, 9.406, 8.616, 8.236, 7.86, 7.254, 6.073, 3.657, 2.999, 2.575, 2.26, 3.019, 3.092, 2.469, 2.346, 2.385, 2.088, 1.526, 1.34, 1.464, 1.76, 1.715, 1.365, 1.299, 1.269, 0.0, 1.513, 1.993, 1.79, 2.187, 1.848, 1.376, 1.503, 2.718, 5.281, 5.532, 5.895, 6.093, 6.174, 6.441, 6.351, 6.59, 5.852, 4.852, 4.831, 4.733, 4.351, 4.238, 4.071, 4.102, 4.71, 3.717, 2.856, 2.759, 2.969, 2.737, 2.328, 2.271, 3.227, 3.838, 3.975, 4.136, 4.062, 3.984, 4.087, 4.465, 4.915, 5.288, 5.143, 4.802, 5.186, 6.378, 6.162, 5.253, 4.916, 4.628, 4.264, 4.058, 4.03, 3.713, 3.559], [8.057, 8.368, 8.986, 9.926, 10.618, 8.827, 8.105, 7.313, 6.934, 6.56, 5.95, 4.761, 2.814, 2.686, 2.407, 1.957, 1.973, 2.168, 2.002, 2.095, 2.206, 1.805, 1.603, 1.916, 1.489, 1.459, 1.745, 1.874, 1.675, 2.354, 1.513, 0.0, 0.849, 1.093, 1.241, 1.114, 1.669, 2.163, 1.653, 4.373, 4.646, 4.95, 5.185, 5.265, 5.55, 5.435, 5.638, 4.947, 3.946, 3.955, 3.861, 3.546, 3.422, 3.256, 3.322, 4.034, 3.169, 2.666, 3.038, 3.194, 3.263, 3.36, 2.916, 2.842, 3.192, 3.248, 3.321, 3.186, 3.149, 3.329, 3.68, 4.061, 4.408, 4.281, 3.941, 4.342, 5.5, 5.448, 4.485, 4.082, 3.895, 3.695, 4.011, 4.156, 3.856, 3.438], [7.618, 7.996, 8.603, 9.52, 10.205, 8.416, 7.7, 6.888, 6.503, 6.164, 5.524, 4.343, 2.526, 2.661, 2.528, 1.938, 1.724, 1.84, 1.913, 2.129, 2.289, 1.847, 1.746, 2.121, 1.702, 1.695, 2.011, 2.229, 1.952, 2.695, 1.993, 0.849, 0.0, 1.014, 0.929, 1.199, 1.966, 2.448, 1.427, 3.962, 4.229, 4.537, 4.775, 4.841, 5.126, 5.026, 5.227, 4.534, 3.517, 3.511, 3.408, 3.062, 2.925, 2.779, 2.847, 3.598, 2.699, 2.646, 3.251, 3.357, 3.474, 3.612, 3.165, 2.615, 2.905, 2.922, 2.971, 2.86, 2.917, 2.985, 3.314, 3.693, 4.008, 3.896, 3.551, 3.985, 5.097, 5.053, 4.12, 3.718, 3.473, 3.532, 4.036, 4.219, 3.915, 3.406], [7.676, 8.007, 8.605, 9.551, 10.226, 8.465, 7.75, 6.908, 6.511, 6.166, 5.541, 4.363, 2.239, 2.197, 2.053, 1.671, 1.551, 1.653, 1.539, 1.767, 1.722, 1.513, 1.624, 2.255, 1.876, 1.573, 1.693, 2.119, 1.852, 2.385, 1.79, 1.093, 1.014, 0.0, 0.824, 1.196, 1.783, 2.262, 1.902, 4.19, 4.46, 4.747, 4.944, 5.005, 5.402, 5.494, 5.585, 4.763, 3.911, 3.829, 3.781, 3.471, 3.391, 3.268, 3.472, 4.259, 3.363, 2.802, 3.235, 3.444, 3.532, 3.572, 3.126, 2.773, 2.966, 3.03, 3.059, 3.068, 3.248, 3.455, 4.007, 4.344, 4.521, 4.473, 4.19, 4.595, 5.593, 5.794, 4.79, 4.342, 4.271, 4.141, 4.668, 4.844, 4.54, 4.047], [7.382, 7.724, 8.308, 9.257, 9.944, 8.165, 7.457, 6.603, 6.215, 5.871, 5.247, 4.048, 2.392, 2.356, 2.316, 1.863, 1.737, 1.806, 1.745, 2.005, 2.037, 1.718, 1.852, 2.466, 2.019, 1.799, 2.057, 2.394, 2.091, 2.752, 2.187, 1.241, 0.929, 0.824, 0.0, 1.19, 2.049, 2.56, 1.688, 3.835, 4.09, 4.422, 4.637, 4.685, 5.012, 5.099, 5.196, 4.423, 3.527, 3.461, 3.391, 3.091, 3.001, 2.86, 2.992, 3.763, 2.864, 2.759, 3.335, 3.489, 3.617, 3.727, 3.283, 2.567, 2.75, 2.737, 2.861, 2.793, 3.011, 3.098, 3.5, 3.849, 4.119, 4.045, 3.714, 4.147, 5.192, 5.273, 4.29, 3.879, 3.743, 3.798, 4.347, 4.551, 4.296, 3.687], [8.129, 8.512, 9.154, 10.127, 10.805, 8.978, 8.287, 7.457, 7.039, 6.74, 6.098, 4.899, 2.957, 2.77, 2.429, 1.868, 2.252, 2.347, 2.151, 2.281, 2.282, 2.047, 1.717, 1.977, 1.565, 1.502, 1.659, 1.934, 1.887, 2.496, 1.848, 1.114, 1.199, 1.196, 1.19, 0.0, 1.477, 1.994, 1.561, 4.287, 4.605, 4.862, 5.168, 5.289, 5.532, 5.186, 5.41, 4.855, 3.693, 3.689, 3.62, 3.17, 3.023, 2.854, 2.967, 3.589, 2.681, 2.075, 2.571, 2.716, 2.874, 2.912, 2.542, 2.267, 2.719, 2.933, 3.169, 3.0, 2.876, 2.85, 3.292, 3.68, 4.146, 3.929, 3.614, 3.916, 5.212, 5.016, 4.034, 3.666, 3.535, 3.388, 3.82, 3.978, 3.674, 3.205], [9.168, 9.436, 9.98, 10.958, 11.63, 9.939, 9.209, 8.37, 7.998, 7.61, 7.013, 5.843, 3.463, 2.942, 2.454, 1.975, 2.925, 3.046, 2.554, 2.53, 2.655, 2.575, 1.847, 1.641, 1.652, 1.844, 1.799, 1.733, 1.568, 1.844, 1.376, 1.669, 1.966, 1.783, 2.049, 1.477, 0.0, 1.016, 2.574, 5.403, 5.725, 5.983, 6.296, 6.416, 6.656, 6.292, 6.506, 5.963, 4.788, 4.794, 4.713, 4.308, 4.168, 4.0, 4.068, 4.643, 3.633, 2.679, 2.64, 2.797, 2.589, 2.383, 2.169, 3.133, 3.823, 3.984, 4.2, 4.056, 3.964, 4.051, 4.381, 4.856, 5.254, 5.106, 4.76, 5.144, 6.35, 6.037, 5.177, 4.859, 4.472, 4.063, 3.975, 4.044, 3.736, 3.445], [9.624, 9.919, 10.457, 11.386, 12.008, 10.436, 9.687, 8.847, 8.429, 8.015, 7.436, 6.214, 3.85, 2.918, 2.355, 2.191, 3.262, 3.486, 2.82, 2.581, 2.588, 2.608, 2.046, 1.802, 2.036, 2.332, 2.165, 1.945, 1.841, 1.789, 1.503, 2.163, 2.448, 2.262, 2.56, 1.994, 1.016, 0.0, 2.919, 5.789, 6.103, 6.354, 6.671, 6.793, 7.032, 6.694, 6.912, 6.343, 5.188, 5.192, 5.108, 4.715, 4.574, 4.406, 4.47, 5.048, 4.032, 3.017, 2.899, 2.98, 2.644, 2.484, 2.521, 3.587, 4.254, 4.432, 4.651, 4.505, 4.381, 4.444, 4.796, 5.262, 5.654, 5.511, 5.164, 5.537, 6.746, 6.447, 5.582, 5.262, 4.862, 4.437, 4.133, 4.172, 3.901, 3.773], [6.955, 7.351, 8.033, 9.183, 9.824, 7.921, 7.261, 6.391, 5.923, 5.685, 5.078, 3.888, 2.677, 3.224, 3.185, 2.265, 1.807, 2.08, 2.417, 2.662, 2.908, 2.346, 2.227, 2.669, 2.166, 2.025, 2.413, 2.699, 2.623, 3.281, 2.718, 1.653, 1.427, 1.902, 1.688, 1.561, 2.574, 2.919, 0.0, 2.984, 3.292, 3.557, 3.862, 4.005, 4.264, 3.913, 4.131, 3.548, 2.54, 2.592, 2.527, 2.254, 2.143, 2.013, 2.024, 2.791, 2.252, 2.599, 3.211, 3.324, 3.524, 3.771, 3.322, 2.563, 2.752, 2.782, 2.737, 2.493, 2.437, 2.546, 2.679, 2.813, 3.101, 2.872, 2.458, 2.863, 3.961, 4.021, 3.022, 2.597, 2.506, 2.583, 3.15, 3.358, 3.044, 2.625], [4.792, 5.229, 5.95, 7.084, 7.763, 5.896, 5.243, 4.457, 4.048, 3.731, 3.125, 2.792, 3.789, 4.817, 5.207, 4.411, 3.459, 3.486, 4.152, 4.349, 4.493, 4.094, 4.266, 4.93, 4.338, 4.025, 4.478, 4.85, 4.822, 5.738, 5.281, 4.373, 3.962, 4.19, 3.835, 4.287, 5.403, 5.789, 2.984, 0.0, 0.932, 0.947, 1.137, 1.332, 1.709, 1.783, 1.809, 0.956, 1.277, 1.375, 1.293, 1.716, 1.949, 2.012, 2.063, 2.418, 3.22, 4.489, 5.258, 5.366, 5.584, 5.831, 5.399, 3.86, 3.177, 2.692, 2.518, 2.473, 2.901, 3.112, 3.262, 2.876, 2.169, 1.982, 2.018, 1.345, 1.754, 2.682, 1.671, 1.982, 2.357, 3.043, 4.144, 4.545, 4.128, 3.298], [4.855, 5.291, 6.012, 7.146, 7.812, 5.942, 5.283, 4.51, 4.102, 3.816, 3.221, 2.956, 4.049, 5.083, 5.514, 4.703, 3.699, 3.679, 4.291, 4.494, 4.714, 4.371, 4.516, 4.992, 4.55, 4.275, 4.622, 5.079, 5.134, 6.019, 5.532, 4.646, 4.229, 4.46, 4.09, 4.605, 5.725, 6.103, 3.292, 0.932, 0.0, 1.069, 1.351, 1.679, 1.783, 2.088, 2.053, 0.976, 1.663, 1.686, 1.537, 1.909, 2.162, 2.232, 2.173, 2.321, 3.154, 4.434, 5.206, 5.303, 5.522, 5.781, 5.353, 3.805, 3.117, 2.656, 2.462, 2.324, 2.744, 3.038, 3.326, 2.95, 2.218, 1.951, 2.105, 1.566, 1.773, 2.868, 2.119, 2.241, 2.575, 3.202, 4.117, 4.508, 4.088, 3.612], [4.047, 4.508, 5.223, 6.35, 7.004, 5.156, 4.535, 3.797, 3.414, 3.131, 2.506, 2.882, 4.201, 5.274, 5.739, 4.962, 3.967, 3.968, 4.659, 4.822, 4.946, 4.598, 4.975, 5.677, 5.071, 4.734, 5.159, 5.515, 5.485, 6.376, 5.895, 4.95, 4.537, 4.747, 4.422, 4.862, 5.983, 6.354, 3.557, 0.947, 1.069, 0.0, 0.838, 1.122, 1.348, 1.649, 1.453, 1.138, 1.893, 2.0, 1.927, 2.401, 2.587, 2.673, 2.808, 3.115, 3.985, 5.226, 6.007, 6.115, 6.333, 6.572, 6.149, 4.609, 3.919, 3.39, 3.068, 3.108, 3.533, 3.829, 4.006, 3.592, 2.688, 2.559, 2.74, 1.666, 1.657, 2.829, 2.044, 2.519, 2.925, 3.635, 4.888, 5.291, 4.854, 3.904], [4.043, 4.484, 5.202, 6.323, 6.957, 5.133, 4.578, 3.96, 3.643, 3.36, 2.715, 3.143, 4.369, 5.459, 5.979, 5.234, 4.165, 4.185, 4.842, 5.003, 5.129, 4.782, 5.109, 5.78, 5.205, 4.85, 5.338, 5.718, 5.73, 6.585, 6.093, 5.185, 4.775, 4.944, 4.637, 5.168, 6.296, 6.671, 3.862, 1.137, 1.351, 0.838, 0.0, 0.683, 1.285, 1.293, 1.475, 1.242, 2.045, 2.159, 2.085, 2.581, 2.812, 2.884, 2.916, 3.278, 4.078, 5.326, 6.107, 6.215, 6.433, 6.676, 6.263, 4.704, 4.015, 3.482, 3.18, 3.27, 3.631, 3.923, 4.071, 3.687, 2.738, 2.686, 2.837, 1.875, 1.421, 2.516, 2.14, 2.574, 2.972, 3.714, 4.988, 5.387, 4.941, 4.058], [3.837, 4.264, 4.98, 6.101, 6.73, 4.969, 4.448, 3.842, 3.531, 3.21, 2.671, 3.274, 4.419, 5.473, 6.103, 5.362, 4.209, 4.259, 4.96, 5.199, 5.161, 4.87, 5.256, 5.922, 5.362, 5.071, 5.477, 5.857, 5.856, 6.693, 6.174, 5.265, 4.841, 5.005, 4.685, 5.289, 6.416, 6.793, 4.005, 1.332, 1.679, 1.122, 0.683, 0.0, 1.059, 1.214, 1.374, 1.579, 2.34, 2.433, 2.406, 2.783, 2.979, 3.052, 3.169, 3.482, 4.346, 5.593, 6.369, 6.466, 6.686, 6.933, 6.509, 4.969, 4.298, 3.829, 3.523, 3.614, 3.979, 4.189, 4.338, 3.943, 2.935, 2.879, 3.101, 2.136, 1.548, 2.521, 2.318, 2.836, 3.221, 3.981, 5.241, 5.652, 5.227, 4.35], [3.602, 4.026, 4.723, 5.835, 6.497, 4.766, 4.235, 3.675, 3.396, 3.158, 2.842, 3.912, 5.141, 6.125, 6.493, 5.694, 4.744, 4.807, 5.467, 5.734, 5.811, 5.489, 5.561, 6.075, 5.561, 5.306, 5.715, 6.121, 6.068, 6.96, 6.441, 5.55, 5.126, 5.402, 5.012, 5.532, 6.656, 7.032, 4.264, 1.709, 1.783, 1.348, 1.285, 1.059, 0.0, 1.428, 1.243, 1.803, 2.655, 2.755, 2.709, 3.077, 3.266, 3.334, 3.406, 3.709, 4.582, 5.827, 6.595, 6.698, 6.921, 7.166, 6.741, 5.201, 4.56, 4.178, 4.066, 3.934, 4.132, 4.42, 4.568, 4.162, 3.068, 3.108, 3.334, 2.343, 1.642, 2.74, 2.577, 3.061, 3.465, 4.214, 5.489, 5.884, 5.433, 4.631], [4.416, 4.921, 5.629, 6.742, 7.372, 5.702, 5.188, 4.604, 4.321, 4.065, 3.514, 4.21, 5.363, 6.341, 6.494, 5.533, 4.823, 4.829, 5.407, 5.578, 5.905, 5.409, 5.493, 5.958, 5.25, 4.984, 5.438, 5.764, 5.832, 6.735, 6.351, 5.435, 5.026, 5.494, 5.099, 5.186, 6.292, 6.694, 3.913, 1.783, 2.088, 1.649, 1.293, 1.214, 1.428, 0.0, 1.044, 1.995, 1.995, 2.168, 2.17, 2.44, 2.497, 2.6, 2.755, 2.999, 3.738, 5.004, 5.833, 5.877, 6.096, 6.361, 5.97, 4.413, 3.922, 3.766, 3.853, 3.544, 3.406, 3.646, 3.753, 3.35, 2.342, 2.33, 2.542, 1.654, 0.957, 1.742, 1.668, 2.24, 2.664, 3.376, 4.65, 5.064, 4.678, 3.84], [3.827, 4.299, 5.011, 6.131, 6.76, 4.959, 4.419, 3.825, 3.678, 3.586, 3.297, 4.202, 5.336, 6.323, 6.586, 5.683, 4.861, 4.864, 5.486, 5.683, 5.925, 5.5, 5.694, 6.277, 5.562, 5.238, 5.73, 6.085, 6.057, 6.992, 6.59, 5.638, 5.227, 5.585, 5.196, 5.41, 6.506, 6.912, 4.131, 1.809, 2.053, 1.453, 1.475, 1.374, 1.243, 1.044, 0.0, 1.974, 2.25, 2.399, 2.388, 2.704, 2.903, 2.993, 3.154, 3.393, 4.266, 5.498, 6.276, 6.383, 6.602, 6.861, 6.435, 4.882, 4.231, 3.982, 4.014, 3.767, 3.878, 4.127, 4.246, 3.84, 2.743, 2.787, 3.002, 2.0, 1.235, 2.159, 2.224, 2.763, 3.167, 3.882, 5.157, 5.566, 5.15, 4.206], [4.908, 5.345, 6.069, 7.2, 7.855, 5.987, 5.327, 4.558, 4.162, 3.855, 3.25, 3.198, 4.244, 5.301, 5.747, 4.955, 3.967, 3.963, 4.633, 4.767, 4.939, 4.584, 4.754, 5.194, 4.779, 4.487, 4.811, 5.288, 5.352, 6.278, 5.852, 4.947, 4.534, 4.763, 4.423, 4.855, 5.963, 6.343, 3.548, 0.956, 0.976, 1.138, 1.242, 1.579, 1.803, 1.995, 1.974, 0.0, 1.51, 1.499, 1.534, 2.036, 2.226, 2.314, 2.229, 2.378, 3.133, 4.496, 5.143, 5.286, 5.552, 5.797, 5.329, 3.768, 3.067, 2.567, 2.372, 2.431, 2.72, 2.994, 3.154, 2.766, 1.874, 1.836, 1.894, 1.41, 1.597, 2.584, 2.043, 2.157, 2.379, 3.161, 4.138, 4.457, 4.071, 3.628], [5.865, 6.301, 7.023, 8.156, 8.805, 6.919, 6.259, 5.439, 4.976, 4.711, 4.118, 3.34, 3.738, 4.626, 4.902, 3.994, 3.277, 3.23, 3.769, 3.886, 4.219, 3.83, 3.96, 4.397, 3.708, 3.456, 3.885, 4.272, 4.244, 5.248, 4.852, 3.946, 3.517, 3.911, 3.527, 3.693, 4.788, 5.188, 2.54, 1.277, 1.663, 1.893, 2.045, 2.34, 2.655, 1.995, 2.25, 1.51, 0.0, 0.48, 0.497, 1.007, 1.184, 1.23, 1.335, 1.793, 2.21, 3.511, 4.297, 4.332, 4.536, 4.81, 4.427, 2.817, 2.194, 1.887, 2.023, 1.706, 1.906, 2.164, 2.333, 2.059, 1.464, 1.271, 1.445, 1.274, 1.926, 2.592, 1.62, 1.528, 1.84, 2.595, 3.377, 3.735, 3.472, 2.745], [6.042, 6.478, 7.199, 8.333, 8.982, 7.088, 6.428, 5.617, 5.158, 4.873, 4.28, 3.377, 3.766, 4.564, 4.82, 3.956, 3.251, 3.191, 3.698, 3.821, 4.15, 3.752, 3.85, 4.351, 3.653, 3.349, 3.777, 4.189, 4.157, 5.189, 4.831, 3.955, 3.511, 3.829, 3.461, 3.689, 4.794, 5.192, 2.592, 1.375, 1.686, 2.0, 2.159, 2.433, 2.755, 2.168, 2.399, 1.499, 0.48, 0.0, 0.51, 1.034, 1.225, 1.27, 1.296, 1.7, 2.097, 3.358, 4.143, 4.175, 4.404, 4.68, 4.258, 2.647, 2.046, 1.771, 1.927, 1.597, 1.807, 1.956, 2.23, 1.991, 1.485, 1.315, 1.377, 1.346, 2.089, 2.616, 1.733, 1.607, 1.823, 2.51, 3.309, 3.587, 3.391, 2.675], [5.956, 6.392, 7.114, 8.248, 8.897, 7.008, 6.348, 5.527, 5.076, 4.794, 4.209, 3.267, 3.666, 4.501, 4.779, 3.887, 3.206, 3.159, 3.646, 3.758, 4.073, 3.698, 3.797, 4.257, 3.602, 3.344, 3.716, 4.125, 4.108, 5.124, 4.733, 3.861, 3.408, 3.781, 3.391, 3.62, 4.713, 5.108, 2.527, 1.293, 1.537, 1.927, 2.085, 2.406, 2.709, 2.17, 2.388, 1.534, 0.497, 0.51, 0.0, 0.873, 1.075, 1.12, 1.222, 1.648, 2.093, 3.362, 4.178, 4.207, 4.428, 4.696, 4.316, 2.725, 2.05, 1.671, 1.808, 1.535, 1.793, 2.098, 2.33, 2.094, 1.62, 1.356, 1.461, 1.392, 2.128, 2.822, 1.812, 1.724, 1.987, 2.656, 3.406, 3.726, 3.48, 2.817], [6.445, 6.881, 7.602, 8.736, 9.385, 7.494, 6.829, 5.985, 5.526, 5.272, 4.671, 3.773, 3.63, 4.303, 4.484, 3.582, 3.047, 2.931, 3.386, 3.569, 3.822, 3.433, 3.44, 3.818, 3.172, 2.977, 3.239, 3.701, 3.797, 4.757, 4.351, 3.546, 3.062, 3.471, 3.091, 3.17, 4.308, 4.715, 2.254, 1.716, 1.909, 2.401, 2.581, 2.783, 3.077, 2.44, 2.704, 2.036, 1.007, 1.034, 0.873, 0.0, 0.5, 0.561, 0.947, 1.352, 1.669, 2.835, 3.628, 3.713, 3.932, 4.188, 3.761, 2.252, 1.699, 1.66, 1.835, 1.601, 1.526, 1.723, 2.035, 1.848, 1.507, 1.194, 1.398, 1.676, 2.398, 2.889, 1.811, 1.71, 1.991, 2.597, 3.232, 3.545, 3.456, 2.85], [6.595, 7.031, 7.753, 8.886, 9.535, 7.638, 6.974, 6.12, 5.661, 5.416, 4.806, 3.88, 3.717, 4.389, 4.44, 3.478, 3.028, 3.002, 3.422, 3.606, 3.829, 3.388, 3.387, 3.735, 3.089, 2.937, 3.21, 3.594, 3.73, 4.655, 4.238, 3.422, 2.925, 3.391, 3.001, 3.023, 4.168, 4.574, 2.143, 1.949, 2.162, 2.587, 2.812, 2.979, 3.266, 2.497, 2.903, 2.226, 1.184, 1.225, 1.075, 0.5, 0.0, 0.311, 0.938, 1.289, 1.508, 2.696, 3.46, 3.563, 3.782, 4.04, 3.631, 2.142, 1.802, 1.775, 1.977, 1.725, 1.511, 1.578, 1.821, 1.686, 1.509, 1.182, 1.254, 1.717, 2.499, 2.818, 1.714, 1.639, 1.995, 2.629, 3.238, 3.539, 3.458, 2.883], [6.668, 7.104, 7.825, 8.959, 9.608, 7.717, 7.053, 6.194, 5.735, 5.495, 4.886, 3.885, 3.694, 4.285, 4.329, 3.329, 2.917, 2.941, 3.343, 3.51, 3.717, 3.256, 3.236, 3.562, 2.918, 2.803, 3.079, 3.444, 3.578, 4.522, 4.071, 3.256, 2.779, 3.268, 2.86, 2.854, 4.0, 4.406, 2.013, 2.012, 2.232, 2.673, 2.884, 3.052, 3.334, 2.6, 2.993, 2.314, 1.23, 1.27, 1.12, 0.561, 0.311, 0.0, 0.793, 1.247, 1.409, 2.62, 3.383, 3.49, 3.709, 3.966, 3.55, 2.052, 1.817, 1.803, 1.978, 1.746, 1.587, 1.56, 1.771, 1.65, 1.544, 1.25, 1.198, 1.734, 2.573, 2.806, 1.717, 1.548, 1.903, 2.539, 3.158, 3.443, 3.344, 2.76], [6.838, 7.274, 7.996, 9.13, 9.783, 7.901, 7.241, 6.386, 5.924, 5.674, 5.08, 4.147, 4.048, 4.604, 4.602, 3.579, 3.241, 3.337, 3.665, 3.822, 4.05, 3.417, 3.205, 3.418, 2.873, 2.843, 2.995, 3.49, 3.652, 4.596, 4.102, 3.322, 2.847, 3.472, 2.992, 2.967, 4.068, 4.47, 2.024, 2.063, 2.173, 2.808, 2.916, 3.169, 3.406, 2.755, 3.154, 2.229, 1.335, 1.296, 1.222, 0.947, 0.938, 0.793, 0.0, 1.067, 1.244, 2.475, 3.22, 3.323, 3.564, 3.817, 3.388, 1.956, 1.931, 1.941, 2.067, 1.867, 1.69, 1.567, 1.486, 1.404, 1.413, 1.228, 1.231, 1.695, 2.557, 2.414, 1.721, 1.315, 1.597, 2.239, 2.821, 3.106, 3.034, 2.557], [7.139, 7.575, 8.296, 9.43, 10.087, 8.204, 7.545, 6.704, 6.247, 6.004, 5.425, 4.688, 4.684, 5.258, 5.324, 4.274, 3.861, 3.933, 4.299, 4.478, 4.717, 4.164, 3.968, 3.997, 3.585, 3.571, 3.726, 4.238, 4.426, 5.359, 4.71, 4.034, 3.598, 4.259, 3.763, 3.589, 4.643, 5.048, 2.791, 2.418, 2.321, 3.115, 3.278, 3.482, 3.709, 2.999, 3.393, 2.378, 1.793, 1.7, 1.648, 1.352, 1.289, 1.247, 1.067, 0.0, 1.201, 2.566, 3.096, 3.243, 3.532, 3.786, 3.265, 1.945, 1.9, 2.216, 2.416, 2.16, 1.789, 1.465, 1.428, 1.272, 1.37, 0.933, 1.239, 1.846, 2.67, 2.238, 1.762, 1.656, 1.885, 2.453, 2.952, 3.2, 3.125, 2.964], [8.002, 8.438, 9.159, 10.293, 10.961, 9.092, 8.421, 7.575, 7.115, 6.881, 6.288, 5.131, 4.202, 4.627, 4.588, 3.567, 3.297, 3.41, 3.631, 3.678, 3.989, 3.304, 2.995, 3.005, 2.634, 2.719, 2.803, 3.294, 3.473, 4.397, 3.717, 3.169, 2.699, 3.363, 2.864, 2.681, 3.633, 4.032, 2.252, 3.22, 3.154, 3.985, 4.078, 4.346, 4.582, 3.738, 4.266, 3.133, 2.21, 2.097, 2.093, 1.669, 1.508, 1.409, 1.244, 1.201, 0.0, 1.542, 2.124, 2.205, 2.466, 2.724, 2.29, 1.316, 1.591, 1.885, 2.044, 1.787, 1.403, 1.176, 1.286, 1.518, 1.995, 1.737, 1.583, 2.473, 3.44, 2.669, 2.294, 1.787, 1.612, 2.134, 2.667, 2.864, 2.799, 2.683], [9.27, 9.706, 10.427, 11.561, 12.213, 10.325, 9.654, 8.798, 8.338, 8.103, 7.501, 6.322, 4.351, 4.146, 4.023, 3.169, 3.399, 3.524, 3.194, 3.199, 3.419, 2.801, 2.153, 2.197, 1.953, 2.055, 2.027, 2.414, 2.615, 3.448, 2.856, 2.666, 2.646, 2.802, 2.759, 2.075, 2.679, 3.017, 2.599, 4.489, 4.434, 5.226, 5.326, 5.593, 5.827, 5.004, 5.498, 4.496, 3.511, 3.358, 3.362, 2.835, 2.696, 2.62, 2.475, 2.566, 1.542, 0.0, 0.973, 1.069, 1.22, 1.486, 1.437, 1.563, 2.115, 2.48, 2.827, 2.654, 2.254, 2.137, 2.353, 2.741, 3.325, 3.109, 2.92, 3.71, 4.764, 3.853, 3.448, 2.856, 2.608, 2.19, 2.478, 2.853, 2.675, 2.832], [10.051, 10.487, 11.208, 12.342, 12.991, 11.077, 10.414, 9.549, 9.09, 8.855, 8.245, 7.059, 4.846, 4.434, 4.208, 3.477, 3.964, 4.018, 3.524, 3.44, 3.65, 3.041, 2.161, 2.071, 2.093, 2.344, 2.131, 2.281, 2.516, 3.268, 2.759, 3.038, 3.251, 3.235, 3.335, 2.571, 2.64, 2.899, 3.211, 5.258, 5.206, 6.007, 6.107, 6.369, 6.595, 5.833, 6.276, 5.143, 4.297, 4.143, 4.178, 3.628, 3.46, 3.383, 3.22, 3.096, 2.124, 0.973, 0.0, 0.555, 0.745, 1.146, 1.087, 1.954, 2.609, 3.038, 3.425, 3.249, 2.733, 2.613, 2.804, 3.211, 3.883, 3.702, 3.539, 4.448, 5.528, 4.53, 4.248, 3.646, 3.314, 2.65, 2.675, 3.077, 2.928, 3.22], [10.158, 10.594, 11.316, 12.441, 13.096, 11.173, 10.513, 9.643, 9.184, 8.949, 8.339, 7.15, 5.025, 4.58, 4.358, 3.649, 4.128, 4.238, 3.757, 3.557, 3.789, 3.219, 2.297, 2.178, 2.318, 2.48, 2.347, 2.383, 2.616, 3.453, 2.969, 3.194, 3.357, 3.444, 3.489, 2.716, 2.797, 2.98, 3.324, 5.366, 5.303, 6.115, 6.215, 6.466, 6.698, 5.877, 6.383, 5.286, 4.332, 4.175, 4.207, 3.713, 3.563, 3.49, 3.323, 3.243, 2.205, 1.069, 0.555, 0.0, 0.613, 1.231, 1.249, 2.096, 2.75, 3.167, 3.551, 3.324, 2.762, 2.697, 2.874, 3.274, 3.993, 3.812, 3.634, 4.567, 5.602, 4.605, 4.288, 3.683, 3.352, 2.684, 2.631, 3.034, 2.853, 3.175], [10.369, 10.809, 11.534, 12.652, 13.307, 11.382, 10.722, 9.854, 9.395, 9.16, 8.55, 7.346, 5.108, 4.622, 4.35, 3.666, 4.238, 4.324, 3.785, 3.566, 3.811, 3.241, 2.179, 1.946, 2.185, 2.529, 2.348, 2.238, 2.406, 3.196, 2.737, 3.263, 3.474, 3.532, 3.617, 2.874, 2.589, 2.644, 3.524, 5.584, 5.522, 6.333, 6.433, 6.686, 6.921, 6.096, 6.602, 5.552, 4.536, 4.404, 4.428, 3.932, 3.782, 3.709, 3.564, 3.532, 2.466, 1.22, 0.745, 0.613, 0.0, 0.884, 1.111, 2.332, 2.986, 3.384, 3.805, 3.575, 3.022, 2.953, 3.135, 3.541, 4.277, 4.098, 3.91, 4.77, 5.804, 4.838, 4.502, 3.887, 3.55, 2.793, 2.421, 2.864, 2.719, 3.085], [10.611, 11.044, 11.765, 12.874, 13.534, 11.607, 10.941, 10.079, 9.621, 9.375, 8.763, 7.53, 5.216, 4.47, 4.155, 3.602, 4.386, 4.43, 3.677, 3.445, 3.728, 3.358, 2.387, 1.944, 2.195, 2.608, 2.177, 2.027, 2.337, 2.538, 2.328, 3.36, 3.612, 3.572, 3.727, 2.912, 2.383, 2.484, 3.771, 5.831, 5.781, 6.572, 6.676, 6.933, 7.166, 6.361, 6.861, 5.797, 4.81, 4.68, 4.696, 4.188, 4.04, 3.966, 3.817, 3.786, 2.724, 1.486, 1.146, 1.231, 0.884, 0.0, 0.817, 2.438, 3.107, 3.564, 3.996, 3.809, 3.237, 3.19, 3.428, 3.841, 4.561, 4.375, 4.201, 5.034, 6.088, 5.14, 4.774, 4.174, 3.833, 3.116, 2.522, 2.762, 2.6, 3.083], [10.176, 10.613, 11.332, 12.44, 13.1, 11.185, 10.516, 9.656, 9.191, 8.954, 8.336, 7.093, 4.795, 4.177, 3.874, 3.245, 3.983, 4.077, 3.382, 3.192, 3.461, 3.037, 1.997, 1.63, 1.857, 2.144, 1.856, 1.721, 2.074, 2.599, 2.271, 2.916, 3.165, 3.126, 3.283, 2.542, 2.169, 2.521, 3.322, 5.399, 5.353, 6.149, 6.263, 6.509, 6.741, 5.97, 6.435, 5.329, 4.427, 4.258, 4.316, 3.761, 3.631, 3.55, 3.388, 3.265, 2.29, 1.437, 1.087, 1.249, 1.111, 0.817, 0.0, 1.918, 2.611, 3.08, 3.485, 3.334, 2.791, 2.69, 2.893, 3.336, 4.068, 3.892, 3.717, 4.661, 5.673, 4.822, 4.473, 3.858, 3.509, 3.039, 2.849, 2.919, 2.772, 3.107], [8.651, 9.08, 9.803, 10.923, 11.572, 9.661, 8.991, 8.135, 7.666, 7.426, 6.809, 5.584, 3.881, 4.036, 3.927, 3.033, 3.183, 3.074, 3.073, 3.081, 3.258, 2.869, 2.47, 2.602, 2.265, 2.163, 2.099, 2.564, 2.819, 3.65, 3.227, 2.842, 2.615, 2.773, 2.567, 2.267, 3.133, 3.587, 2.563, 3.86, 3.805, 4.609, 4.704, 4.969, 5.201, 4.413, 4.882, 3.768, 2.817, 2.647, 2.725, 2.252, 2.142, 2.052, 1.956, 1.945, 1.316, 1.563, 1.954, 2.096, 2.332, 2.438, 1.918, 0.0, 0.976, 1.376, 1.798, 1.592, 1.322, 1.12, 1.694, 2.006, 2.351, 2.223, 2.044, 3.168, 4.067, 3.675, 3.299, 2.665, 2.605, 2.959, 3.401, 3.458, 3.436, 3.415], [7.958, 8.391, 9.112, 10.221, 10.881, 8.953, 8.288, 7.426, 6.969, 6.722, 6.112, 4.945, 3.686, 4.028, 4.13, 3.369, 3.134, 2.933, 3.097, 3.169, 3.362, 3.031, 2.893, 3.185, 2.697, 2.533, 2.587, 3.171, 3.308, 4.217, 3.838, 3.192, 2.905, 2.966, 2.75, 2.719, 3.823, 4.254, 2.752, 3.177, 3.117, 3.919, 4.015, 4.298, 4.56, 3.922, 4.231, 3.067, 2.194, 2.046, 2.05, 1.699, 1.802, 1.817, 1.931, 1.9, 1.591, 2.115, 2.609, 2.75, 2.986, 3.107, 2.611, 0.976, 0.0, 0.875, 1.301, 1.069, 1.035, 1.078, 1.73, 1.964, 1.908, 1.951, 1.933, 2.921, 3.543, 3.698, 3.275, 2.76, 2.728, 3.16, 3.558, 3.643, 3.739, 3.624], [7.377, 7.807, 8.532, 9.65, 10.305, 8.391, 7.717, 6.858, 6.392, 6.157, 5.547, 4.345, 3.273, 3.882, 4.145, 3.42, 2.981, 2.718, 3.049, 3.112, 3.279, 2.966, 2.942, 3.34, 2.833, 2.556, 2.737, 3.273, 3.324, 4.343, 3.975, 3.248, 2.922, 3.03, 2.737, 2.933, 3.984, 4.432, 2.782, 2.692, 2.656, 3.39, 3.482, 3.829, 4.178, 3.766, 3.982, 2.567, 1.887, 1.771, 1.671, 1.66, 1.775, 1.803, 1.941, 2.216, 1.885, 2.48, 3.038, 3.167, 3.384, 3.564, 3.08, 1.376, 0.875, 0.0, 0.771, 0.705, 1.158, 1.395, 2.009, 2.229, 2.09, 2.019, 1.941, 2.795, 3.411, 3.781, 3.246, 2.748, 2.72, 3.175, 3.639, 3.769, 3.801, 3.539], [6.909, 7.348, 8.073, 9.19, 9.845, 7.921, 7.259, 6.393, 5.934, 5.699, 5.089, 3.87, 2.972, 3.79, 4.168, 3.562, 2.784, 2.62, 3.065, 3.134, 3.214, 2.904, 3.042, 3.611, 3.086, 2.774, 2.999, 3.492, 3.511, 4.518, 4.136, 3.321, 2.971, 3.059, 2.861, 3.169, 4.2, 4.651, 2.737, 2.518, 2.462, 3.068, 3.18, 3.523, 4.066, 3.853, 4.014, 2.372, 2.023, 1.927, 1.808, 1.835, 1.977, 1.978, 2.067, 2.416, 2.044, 2.827, 3.425, 3.551, 3.805, 3.996, 3.485, 1.798, 1.301, 0.771, 0.0, 0.686, 1.39, 1.63, 2.315, 2.53, 2.362, 2.252, 2.155, 2.865, 3.523, 4.012, 3.382, 2.915, 2.921, 3.425, 3.901, 4.049, 3.999, 3.696], [7.118, 7.554, 8.279, 9.