[[0.0, 0.891, 1.363, 1.864, 1.886, 1.708, 1.702, 1.77, 2.056, 2.457, 2.312, 2.538, 2.792, 3.199, 3.746, 4.284, 5.012, 5.993, 5.626, 5.89, 6.53, 6.876, 7.123, 7.327, 7.471, 7.594, 8.119, 8.105, 7.701, 10.762, 14.151, 14.384, 14.531, 14.951, 14.144, 13.584, 12.63, 12.713, 13.088, 13.582, 13.81, 12.418, 11.796, 12.233, 12.947, 11.566, 10.863, 11.118, 10.67, 9.834, 9.393, 9.596, 8.553, 7.162, 6.368, 5.757, 6.072, 6.319, 6.305, 5.612, 5.302, 5.456, 5.772, 5.892, 5.744, 5.458, 5.386, 5.507, 5.628, 5.585, 5.425, 5.43, 5.897, 5.002, 4.409, 4.277, 4.077, 3.672, 4.24, 5.639, 6.606, 6.834, 7.536, 7.821, 7.787, 8.024], [0.891, 0.0, 1.069, 1.552, 1.642, 1.52, 1.647, 1.594, 1.802, 2.269, 2.295, 2.61, 2.895, 3.055, 3.528, 4.065, 4.821, 5.789, 5.409, 5.653, 6.33, 6.667, 6.904, 7.078, 7.207, 7.385, 7.904, 7.83, 7.469, 10.423, 13.817, 14.02, 14.193, 14.61, 13.804, 13.246, 12.286, 12.365, 12.728, 13.227, 13.46, 12.094, 11.455, 11.896, 12.553, 11.229, 10.542, 10.779, 10.325, 9.501, 9.047, 9.222, 8.2, 6.821, 6.003, 5.477, 5.82, 6.091, 6.049, 5.338, 5.097, 5.25, 5.488, 5.793, 5.588, 5.325, 5.19, 5.189, 5.359, 5.341, 5.212, 5.201, 5.651, 5.028, 4.551, 4.339, 4.066, 3.83, 4.046, 5.25, 6.203, 6.449, 7.217, 7.487, 7.478, 7.726], [1.363, 1.069, 0.0, 0.94, 1.005, 1.092, 1.551, 1.315, 1.362, 1.915, 2.321, 2.687, 3.077, 3.283, 3.393, 3.775, 4.384, 5.35, 5.227, 5.461, 6.014, 6.382, 6.86, 7.133, 7.221, 7.328, 7.493, 7.365, 6.984, 9.585, 13.042, 13.269, 13.45, 13.854, 13.058, 12.485, 11.525, 11.472, 11.8, 12.324, 12.567, 11.248, 10.746, 11.114, 11.781, 10.381, 9.76, 10.008, 9.527, 8.762, 8.298, 8.508, 7.502, 6.15, 5.365, 5.205, 5.551, 5.907, 5.97, 5.254, 5.122, 5.251, 5.671, 5.988, 5.787, 5.518, 5.384, 5.285, 5.34, 5.07, 4.858, 4.972, 5.555, 5.227, 4.753, 4.478, 4.008, 3.792, 3.746, 4.598, 5.423, 5.834, 6.603, 6.68, 6.753, 7.042], [1.864, 1.552, 0.94, 0.0, 0.802, 1.073, 1.348, 1.228, 1.343, 1.896, 2.346, 2.788, 3.293, 3.505, 3.635, 4.009, 4.468, 5.495, 5.487, 5.676, 6.183, 6.625, 7.268, 7.548, 7.63, 7.806, 7.806, 7.622, 7.302, 9.571, 13.105, 13.32, 13.507, 13.903, 13.113, 12.503, 11.492, 11.395, 11.764, 12.19, 12.5, 11.255, 10.865, 11.19, 11.865, 10.371, 9.863, 10.027, 9.626, 8.958, 8.361, 8.465, 7.483, 6.112, 5.359, 5.469, 5.722, 6.168, 6.219, 5.503, 5.311, 5.445, 5.869, 6.152, 5.978, 5.697, 5.582, 5.623, 5.606, 5.364, 5.142, 5.186, 5.781, 5.365, 4.863, 4.627, 4.2, 3.906, 3.808, 4.892, 5.671, 6.071, 6.867, 6.698, 6.822, 7.131], [1.886, 1.642, 1.005, 0.802, 0.0, 0.999, 1.562, 1.499, 1.45, 1.723, 2.202, 2.525, 3.033, 3.291, 3.431, 3.791, 4.227, 5.204, 5.241, 5.422, 5.981, 6.423, 6.996, 7.272, 7.388, 7.523, 7.472, 7.231, 6.883, 9.262, 12.768, 13.02, 13.212, 13.603, 12.8, 12.207, 11.181, 11.098, 11.465, 11.926, 12.239, 10.926, 10.559, 10.85, 11.534, 10.076, 9.536, 9.758, 9.294, 8.587, 8.017, 8.079, 7.065, 5.84, 5.207, 5.179, 5.414, 5.888, 5.946, 5.223, 4.997, 5.133, 5.551, 5.79, 5.628, 5.315, 5.243, 5.339, 5.316, 5.088, 4.829, 4.897, 5.489, 5.095, 4.638, 4.313, 3.979, 3.659, 3.58, 4.439, 5.266, 5.685, 6.458, 6.489, 6.536, 6.81], [1.708, 1.52, 1.092, 1.073, 0.999, 0.0, 0.914, 0.943, 1.049, 1.56, 1.959, 2.413, 2.784, 2.999, 3.299, 3.737, 4.338, 5.372, 5.239, 5.43, 6.039, 6.495, 6.878, 7.142, 7.35, 7.569, 7.791, 7.547, 7.195, 9.67, 13.186, 13.444, 13.621, 14.019, 13.228, 12.627, 11.61, 11.554, 11.873, 12.342, 12.64, 11.232, 10.73, 11.259, 11.872, 10.434, 9.808, 10.079, 9.606, 8.713, 8.054, 8.189, 7.203, 6.127, 5.022, 5.081, 5.322, 5.813, 5.896, 5.183, 4.926, 5.05, 5.475, 5.709, 5.573, 5.282, 5.18, 5.175, 5.209, 5.005, 4.732, 4.81, 5.433, 4.916, 4.408, 4.224, 3.781, 3.497, 3.441, 4.534, 5.525, 5.829, 6.597, 6.61, 6.491, 6.854], [1.702, 1.647, 1.551, 1.348, 1.562, 0.914, 0.0, 0.801, 1.215, 1.843, 2.093, 2.652, 3.05, 3.28, 3.646, 4.094, 4.71, 5.757, 5.577, 5.812, 6.38, 6.896, 7.258, 7.434, 7.717, 8.011, 8.351, 8.123, 7.725, 10.243, 13.778, 14.026, 14.203, 14.598, 13.804, 13.222, 12.192, 12.146, 12.484, 12.935, 13.219, 11.798, 11.356, 11.851, 12.538, 10.983, 10.41, 10.674, 10.198, 9.268, 8.685, 8.863, 7.834, 6.675, 5.556, 5.469, 5.641, 6.188, 6.248, 5.558, 5.241, 5.418, 5.781, 5.998, 5.859, 5.568, 5.467, 5.544, 5.555, 5.382, 5.16, 5.192, 5.78, 5.196, 4.613, 4.455, 4.065, 3.807, 3.885, 5.306, 6.212, 6.46, 7.161, 7.127, 7.088, 7.39], [1.77, 1.594, 1.315, 1.228, 1.499, 0.943, 0.801, 0.0, 0.76, 1.6, 2.006, 2.642, 2.924, 3.145, 3.374, 3.789, 4.334, 5.358, 5.239, 5.454, 6.037, 6.498, 6.888, 7.136, 7.427, 7.713, 7.961, 7.736, 7.353, 10.145, 13.678, 13.932, 14.105, 14.503, 13.716, 13.118, 12.096, 12.062, 12.423, 12.883, 13.138, 11.727, 11.221, 11.758, 12.433, 10.891, 10.303, 10.581, 10.101, 9.16, 8.527, 8.65, 7.594, 6.431, 5.384, 5.122, 5.342, 5.864, 5.955, 5.214, 4.98, 5.132, 5.526, 5.779, 5.625, 5.339, 5.219, 5.193, 5.241, 5.017, 4.706, 4.873, 5.467, 5.009, 4.453, 4.274, 3.804, 3.631, 3.655, 5.023, 6.058, 6.295, 6.989, 6.971, 6.692, 7.065], [2.056, 1.802, 1.362, 1.343, 1.45, 1.049, 1.215, 0.76, 0.0, 1.137, 1.677, 2.322, 2.624, 2.841, 2.87, 3.229, 3.75, 4.765, 4.674, 4.854, 5.442, 5.997, 6.357, 6.671, 6.94, 7.217, 7.447, 7.236, 6.857, 9.736, 13.268, 13.526, 13.712, 14.11, 13.327, 12.727, 11.69, 11.639, 12.006, 12.447, 12.727, 11.284, 10.818, 11.366, 12.021, 10.466, 9.891, 10.168, 9.685, 8.745, 8.08, 8.069, 6.97, 5.747, 4.811, 4.559, 4.829, 5.272, 5.327, 4.621, 4.503, 4.648, 5.05, 5.356, 5.193, 4.881, 4.75, 4.68, 4.704, 4.431, 4.213, 4.409, 4.979, 4.629, 4.173, 3.908, 3.443, 3.304, 3.217, 4.551, 5.656, 5.893, 6.615, 6.535, 6.213, 6.558], [2.457, 2.269, 1.915, 1.896, 1.723, 1.56, 1.843, 1.6, 1.137, 0.0, 0.896, 1.579, 1.985, 2.071, 1.983, 2.338, 2.957, 4.064, 3.932, 4.125, 4.893, 5.513, 5.8, 6.105, 6.417, 6.702, 7.075, 6.873, 6.495, 9.501, 13.064, 13.325, 13.508, 13.906, 13.101, 12.5, 11.47, 11.368, 11.677, 12.138, 12.441, 11.032, 10.567, 11.11, 11.673, 10.222, 9.64, 9.908, 9.438, 8.478, 7.751, 7.541, 6.398, 5.158, 4.328, 3.748, 3.936, 4.407, 4.492, 3.756, 3.564, 3.695, 4.105, 4.388, 4.222, 3.935, 3.854, 3.863, 3.935, 3.642, 3.618, 3.653, 4.158, 3.706, 3.257, 3.069, 2.746, 2.608, 2.477, 4.175, 5.313, 5.592, 6.363, 6.274, 5.923, 6.297], [2.312, 2.295, 2.321, 2.346, 2.202, 1.959, 2.093, 2.006, 1.677, 0.896, 0.0, 0.995, 1.457, 1.565, 1.893, 2.348, 3.076, 4.108, 3.878, 4.085, 4.91, 5.553, 5.802, 5.972, 6.316, 6.696, 7.267, 7.123, 6.875, 9.961, 13.515, 13.775, 13.961, 14.359, 13.555, 12.958, 11.921, 11.807, 12.143, 12.603, 12.906, 11.502, 11.032, 11.569, 12.139, 10.681, 10.099, 10.367, 9.897, 8.945, 8.234, 7.989, 6.85, 5.485, 4.702, 3.829, 4.101, 4.387, 4.448, 3.678, 3.411, 3.56, 3.824, 3.981, 3.826, 3.532, 3.474, 3.652, 3.819, 3.7, 3.759, 3.675, 4.025, 3.238, 2.631, 2.652, 2.521, 2.264, 2.616, 4.64, 5.774, 6.057, 6.85, 6.747, 6.402, 6.761], [2.538, 2.61, 2.687, 2.788, 2.525, 2.413, 2.652, 2.642, 2.322, 1.579, 0.995, 0.0, 0.962, 1.22, 1.75, 2.277, 2.973, 4.019, 3.603, 3.992, 4.714, 5.13, 5.362, 5.458, 5.68, 6.133, 7.001, 6.92, 6.673, 9.777, 13.338, 13.593, 13.787, 14.177, 13.366, 12.779, 11.738, 11.651, 11.977, 12.449, 12.746, 11.33, 10.911, 11.403, 12.063, 10.521, 9.936, 10.202, 9.734, 8.82, 8.151, 8.008, 6.945, 5.54, 4.82, 4.007, 4.29, 4.269, 4.193, 3.462, 3.181, 3.323, 3.542, 3.577, 3.384, 3.08, 3.048, 3.394, 3.554, 3.575, 3.497, 3.386, 3.785, 2.759, 2.195, 2.014, 2.174, 1.906, 2.728, 4.562, 5.677, 5.977, 6.714, 6.616, 6.442, 6.701], [2.792, 2.895, 3.077, 3.293, 3.033, 2.784, 3.05, 2.924, 2.624, 1.985, 1.457, 0.962, 0.0, 0.961, 1.599, 2.22, 2.849, 3.816, 3.41, 3.737, 4.428, 4.787, 4.924, 5.115, 5.378, 5.837, 6.804, 6.704, 6.478, 9.63, 13.16, 13.421, 13.604, 14.002, 13.201, 12.601, 11.583, 11.521, 11.851, 12.299, 12.586, 11.167, 10.68, 11.236, 11.886, 10.349, 9.779, 10.056, 9.575, 8.596, 7.941, 7.928, 6.854, 5.467, 4.637, 3.834, 4.128, 4.17, 3.951, 3.256, 2.973, 3.089, 3.215, 3.236, 3.047, 2.749, 2.714, 3.042, 3.31, 3.298, 3.273, 3.203, 3.582, 2.295, 1.939, 1.706, 1.987, 1.716, 2.521, 4.37, 5.486, 5.736, 6.473, 6.438, 6.146, 6.482], [3.199, 3.055, 3.283, 3.505, 3.291, 2.999, 3.28, 3.145, 2.841, 2.071, 1.565, 1.22, 0.961, 0.0, 1.102, 1.704, 2.329, 3.405, 3.121, 3.555, 4.312, 4.638, 4.701, 4.748, 5.114, 5.769, 6.814, 6.742, 6.517, 9.643, 13.197, 13.458, 13.642, 14.038, 13.234, 12.634, 11.61, 11.523, 11.833, 12.316, 12.599, 11.203, 10.701, 11.254, 11.82, 10.363, 9.786, 10.043, 9.574, 8.622, 7.932, 7.855, 6.751, 5.364, 4.516, 3.572, 3.853, 3.792, 3.532, 2.672, 2.332, 2.452, 2.661, 2.829, 2.677, 2.391, 2.327, 2.551, 2.728, 2.828, 2.836, 2.79, 2.954, 2.054, 1.741, 1.484, 1.497, 1.81, 2.403, 4.301, 5.452, 5.716, 6.485, 6.458, 6.073, 6.479], [3.746, 3.528, 3.393, 3.635, 3.431, 3.299, 3.646, 3.374, 2.87, 1.983, 1.893, 1.75, 1.599, 1.102, 0.0, 0.695, 1.385, 2.546, 2.434, 2.811, 3.602, 4.166, 4.402, 4.513, 4.876, 5.314, 6.133, 6.031, 5.778, 8.9, 12.458, 12.719, 12.901, 13.299, 12.495, 11.895, 10.866, 10.751, 11.076, 11.529, 11.836, 10.423, 9.961, 10.505, 11.072, 9.617, 9.035, 9.303, 8.834, 7.874, 7.146, 6.92, 5.804, 4.434, 3.633, 2.71, 2.989, 2.853, 3.028, 2.08, 1.83, 1.945, 2.337, 2.649, 2.457, 2.207, 2.126, 2.182, 2.198, 2.15, 2.214, 2.155, 2.41, 2.021, 1.816, 1.745, 1.383, 1.664, 1.773, 3.565, 4.719, 4.978, 5.745, 5.684, 5.28, 5.703], [4.284, 4.065, 3.775, 4.009, 3.791, 3.737, 4.094, 3.789, 3.229, 2.338, 2.348, 2.277, 2.22, 1.704, 0.695, 0.0, 1.107, 2.352, 2.274, 2.609, 3.463, 4.051, 4.38, 4.56, 4.903, 5.272, 5.952, 5.824, 5.56, 8.679, 12.239, 12.5, 12.682, 13.079, 12.274, 11.674, 10.647, 10.532, 10.858, 11.308, 11.616, 10.202, 9.741, 10.285, 10.854, 9.396, 8.815, 9.082, 8.613, 7.654, 6.919, 6.561, 5.442, 4.157, 3.441, 2.487, 2.684, 2.671, 2.9, 1.977, 1.703, 1.791, 2.166, 2.519, 2.311, 2.092, 2.071, 2.038, 2.246, 2.095, 2.126, 2.139, 2.341, 2.15, 2.023, 1.844, 1.625, 2.035, 1.909, 3.492, 4.564, 4.771, 5.539, 5.449, 4.997, 5.449], [5.012, 4.821, 4.384, 4.468, 4.227, 4.338, 4.71, 4.334, 3.75, 2.957, 3.076, 2.973, 2.849, 2.329, 1.385, 1.107, 0.0, 1.434, 1.684, 1.975, 2.617, 3.18, 3.68, 3.921, 4.278, 4.572, 4.98, 4.874, 4.629, 7.709, 11.283, 11.543, 11.72, 12.11, 11.305, 10.704, 9.686, 9.584, 9.893, 10.345, 10.654, 9.233, 8.772, 9.316, 9.885, 8.427, 7.846, 8.114, 7.644, 6.685, 5.957, 5.678, 4.547, 3.234, 2.638, 1.96, 2.147, 2.139, 2.28, 1.624, 1.667, 1.703, 2.043, 2.484, 2.301, 2.072, 1.897, 1.685, 1.684, 1.467, 1.48, 1.533, 1.873, 2.059, 2.527, 2.387, 1.828, 2.053, 1.744, 2.861, 3.815, 4.028, 4.711, 4.513, 4.151, 4.487], [5.993, 5.789, 5.35, 5.495, 5.204, 5.372, 5.757, 5.358, 4.765, 4.064, 4.108, 4.019, 3.816, 3.405, 2.546, 2.352, 1.434, 0.0, 0.882, 0.94, 1.415, 1.888, 2.412, 2.707, 3.039, 3.307, 3.708, 3.592, 3.354, 6.449, 10.014, 10.274, 10.457, 10.85, 10.045, 9.444, 8.426, 8.315, 8.624, 9.077, 9.391, 7.972, 7.52, 8.054, 8.62, 7.166, 6.584, 6.852, 6.396, 5.424, 4.724, 4.522, 3.407, 2.087, 1.888, 1.202, 1.446, 1.462, 1.529, 1.582, 2.401, 2.349, 2.687, 2.852, 2.965, 2.801, 2.199, 1.591, 1.248, 1.097, 1.307, 1.154, 1.512, 2.659, 3.745, 3.448, 2.746, 2.645, 2.174, 2.189, 3.109, 3.377, 3.833, 3.542, 3.013, 3.368], [5.626, 5.409, 5.227, 5.487, 5.241, 5.239, 5.577, 5.239, 4.674, 3.932, 3.878, 3.603, 3.41, 3.121, 2.434, 2.274, 1.684, 0.882, 0.0, 0.606, 1.498, 2.028, 2.303, 2.585, 2.893, 3.227, 4.071, 3.984, 3.77, 6.896, 10.446, 10.71, 10.886, 11.284, 10.482, 9.894, 8.863, 8.752, 9.085, 9.55, 9.855, 8.426, 7.972, 8.504, 9.151, 7.615, 7.035, 7.306, 6.833, 5.903, 5.197, 4.947, 3.816, 2.611, 2.182, 1.244, 1.587, 1.579, 1.543, 1.291, 2.051, 1.978, 2.286, 2.511, 2.551, 2.375, 1.95, 1.422, 1.143, 1.127, 1.423, 1.229, 1.533, 2.292, 3.35, 2.938, 2.367, 2.209, 2.063, 2.529, 3.614, 3.933, 4.316, 3.967, 3.407, 3.861], [5.89, 5.653, 5.461, 5.676, 5.422, 5.43, 5.812, 5.454, 4.854, 4.125, 4.085, 3.992, 3.737, 3.555, 2.811, 2.609, 1.975, 0.94, 0.606, 0.0, 1.198, 1.843, 2.138, 2.518, 2.813, 2.966, 3.677, 3.554, 3.348, 6.448, 10.02, 10.28, 10.455, 10.848, 10.044, 9.443, 8.425, 8.321, 8.657, 9.097, 9.392, 7.984, 7.573, 8.109, 8.666, 7.21, 6.613, 6.884, 6.432, 5.498, 4.701, 4.449, 3.31, 2.233, 2.008, 1.16, 1.451, 1.527, 1.479, 1.584, 2.436, 2.371, 2.703, 2.872, 2.972, 2.803, 2.335, 1.762, 1.437, 1.34, 1.704, 1.453, 1.581, 2.687, 3.797, 3.453, 2.845, 2.496, 2.23, 2.485, 3.337, 3.632, 4.063, 3.723, 3.114, 3.501], [6.53, 6.33, 6.014, 6.183, 5.981, 6.039, 6.38, 6.037, 5.442, 4.893, 4.91, 4.714, 4.428, 4.312, 3.602, 3.463, 2.617, 1.415, 1.498, 1.198, 0.0, 1.044, 1.481, 1.904, 2.157, 2.169, 2.663, 2.567, 2.388, 5.485, 9.078, 9.301, 9.483, 9.885, 9.086, 8.483, 7.477, 7.406, 7.719, 8.145, 8.438, 7.045, 6.587, 7.168, 7.797, 6.232, 5.657, 5.891, 5.452, 4.565, 4.047, 3.789, 2.736, 1.913, 1.999, 1.799, 1.812, 1.425, 1.702, 2.459, 3.371, 3.315, 3.658, 3.8, 3.941, 3.772, 3.094, 2.395, 1.997, 1.868, 1.971, 2.041, 1.874, 3.619, 4.706, 4.22, 3.449, 3.176, 3.001, 2.642, 3.19, 3.278, 3.441, 3.048, 2.527, 2.662], [6.876, 6.667, 6.382, 6.625, 6.423, 6.495, 6.896, 6.498, 5.997, 5.513, 5.553, 5.13, 4.787, 4.638, 4.166, 4.051, 3.18, 1.888, 2.028, 1.843, 1.044, 0.0, 0.811, 1.22, 1.402, 1.614, 2.339, 2.239, 2.076, 5.194, 8.799, 8.999, 9.187, 9.57, 8.785, 8.163, 7.165, 7.136, 7.451, 7.897, 8.139, 6.796, 6.259, 6.832, 7.478, 5.896, 5.374, 5.553, 5.119, 4.3, 3.965, 3.658, 2.686, 2.096, 2.196, 2.36, 2.324, 1.663, 1.688, 2.828, 3.736, 3.68, 4.019, 4.165, 4.305, 4.131, 3.497, 2.729, 2.315, 2.234, 2.372, 2.473, 2.275, 3.989, 5.128, 4.648, 3.858, 3.668, 3.608, 2.677, 2.899, 3.071, 3.204, 2.803, 2.407, 2.503], [7.123, 6.904, 6.86, 7.268, 6.996, 6.878, 7.258, 6.888, 6.357, 5.8, 5.802, 5.362, 4.924, 4.701, 4.402, 4.38, 3.68, 2.412, 2.303, 2.138, 1.481, 0.811, 0.0, 0.79, 1.038, 1.368, 2.411, 2.295, 2.092, 5.25, 8.805, 9.059, 9.24, 9.633, 8.818, 8.217, 7.256, 7.26, 7.6, 8.078, 8.296, 6.882, 6.35, 6.925, 7.564, 5.908, 5.446, 5.69, 5.159, 4.397, 4.091, 3.724, 2.775, 2.439, 2.491, 2.626, 2.632, 1.906, 1.637, 2.929, 3.8, 3.7, 3.973, 4.12, 4.261, 4.092, 3.553, 2.843, 2.49, 2.58, 2.673, 2.768, 2.501, 3.982, 5.199, 4.727, 4.082, 4.05, 3.918, 3.07, 3.274, 3.351, 3.42, 3.059, 2.547, 2.632], [7.327, 7.078, 7.133, 7.548, 7.272, 7.142, 7.434, 7.136, 6.671, 6.105, 5.972, 5.458, 5.115, 4.748, 4.513, 4.56, 3.921, 2.707, 2.585, 2.518, 1.904, 1.22, 0.79, 0.0, 0.74, 1.515, 2.528, 2.398, 2.226, 5.333, 8.902, 9.164, 9.328, 9.729, 8.914, 8.322, 7.358, 7.336, 7.68, 8.16, 8.378, 6.989, 6.486, 7.063, 7.709, 6.03, 5.608, 5.84, 5.297, 4.648, 4.34, 3.883, 2.991, 2.985, 3.054, 2.864, 2.845, 2.11, 2.013, 3.045, 3.829, 3.797, 3.913, 4.033, 4.173, 4.036, 3.585, 2.869, 2.545, 2.723, 2.852, 2.819, 2.61, 4.005, 5.213, 4.739, 4.126, 4.179, 4.163, 3.404, 3.519, 3.729, 3.722, 3.337, 2.859, 2.915], [7.471, 7.207, 7.221, 7.63, 7.388, 7.35, 7.717, 7.427, 6.94, 6.417, 6.316, 5.68, 5.378, 5.114, 4.876, 4.903, 4.278, 3.039, 2.893, 2.813, 2.157, 1.402, 1.038, 0.74, 0.0, 1.089, 2.069, 1.961, 1.877, 5.046, 8.513, 8.721, 8.863, 9.273, 8.531, 7.954, 6.905, 7.004, 7.425, 7.854, 8.051, 6.721, 6.154, 6.817, 7.446, 5.77, 5.285, 5.441, 4.98, 4.56, 4.37, 3.866, 3.08, 3.226, 3.342, 3.237, 3.236, 2.475, 2.29, 3.363, 4.259, 4.156, 4.357, 4.498, 4.638, 4.47, 3.929, 3.244, 2.936, 3.074, 3.187, 3.144, 2.982, 4.371, 5.592, 5.073, 4.412, 4.485, 4.539, 3.521, 3.526, 3.607, 3.564, 3.11, 2.785, 2.735], [7.594, 7.385, 7.328, 7.806, 7.523, 7.569, 8.011, 7.713, 7.217, 6.702, 6.696, 6.133, 5.837, 5.769, 5.314, 5.272, 4.572, 3.307, 3.227, 2.966, 2.169, 1.614, 1.368, 1.515, 1.089, 0.0, 1.194, 1.398, 1.426, 4.408, 7.836, 7.96, 8.031, 8.503, 7.842, 7.287, 6.105, 6.197, 6.77, 7.147, 7.365, 6.079, 5.424, 6.182, 6.807, 5.167, 4.636, 4.766, 4.34, 3.94, 3.832, 3.429, 2.702, 2.99, 3.268, 3.551, 3.531, 2.837, 2.785, 4.072, 4.975, 4.896, 5.212, 5.351, 5.491, 5.317, 4.672, 3.832, 3.489, 3.531, 3.673, 3.638, 3.542, 5.121, 6.255, 5.745, 4.804, 4.8, 4.813, 3.606, 3.455, 3.206, 2.992, 2.649, 2.327, 2.381], [8.119, 7.904, 7.493, 7.806, 7.472, 7.791, 8.351, 7.961, 7.447, 7.075, 7.267, 7.001, 6.804, 6.814, 6.133, 5.952, 4.98, 3.708, 4.071, 3.677, 2.663, 2.339, 2.411, 2.528, 2.069, 1.194, 0.0, 0.671, 0.958, 3.39, 6.778, 6.88, 6.962, 7.428, 6.8, 6.261, 5.083, 5.222, 5.834, 6.158, 6.374, 5.183, 4.565, 5.335, 5.852, 4.293, 3.791, 3.904, 3.419, 3.209, 3.149, 2.604, 2.05, 2.601, 3.461, 4.09, 3.966, 3.619, 3.828, 5.121, 6.032, 5.978, 6.316, 6.456, 6.595, 6.421, 5.746, 4.859, 4.522, 4.333, 4.277, 4.38, 4.455, 6.204, 7.3, 6.814, 5.724, 5.523, 5.091, 3.651, 3.361, 3.005, 2.369, 2.102, 1.942, 1.707], [8.105, 7.83, 7.365, 7.622, 7.231, 7.547, 8.123, 7.736, 7.236, 6.873, 7.123, 6.92, 6.704, 6.742, 6.031, 5.824, 4.874, 3.592, 3.984, 3.554, 2.567, 2.239, 2.295, 2.398, 1.961, 1.398, 0.671, 0.0, 0.76, 3.322, 6.734, 6.848, 7.02, 7.432, 6.775, 6.217, 5.109, 5.245, 5.693, 6.122, 6.34, 5.094, 4.558, 5.26, 5.816, 4.167, 3.721, 3.863, 3.343, 3.115, 3.036, 2.466, 1.842, 2.374, 3.195, 3.883, 3.803, 3.495, 3.741, 5.025, 5.937, 5.882, 6.22, 6.367, 6.508, 6.334, 5.659, 4.768, 4.426, 4.236, 4.177, 4.287, 4.368, 6.124, 7.226, 6.737, 5.732, 5.415, 4.876, 3.456, 3.128, 2.787, 2.248, 1.959, 1.77, 1.551], [7.701, 7.469, 6.984, 7.302, 6.883, 7.195, 7.725, 7.353, 6.857, 6.495, 6.875, 6.673, 6.478, 6.517, 5.778, 5.56, 4.629, 3.354, 3.77, 3.348, 2.388, 2.076, 2.092, 2.226, 1.877, 1.426, 0.958, 0.76, 0.0, 3.393, 6.793, 7.043, 7.222, 7.604, 6.864, 6.306, 5.332, 5.507, 5.872, 6.302, 6.514, 5.216, 4.724, 5.339, 5.908, 4.314, 3.796, 4.021, 3.471, 3.106, 2.915, 2.473, 1.665, 2.254, 2.83, 3.508, 3.431, 3.243, 3.508, 4.785, 5.698, 5.642, 5.981, 6.128, 6.268, 6.1, 5.42, 4.528, 4.186, 3.997, 3.935, 4.043, 4.135, 5.899, 7.002, 6.527, 5.596, 5.231, 4.551, 3.09, 2.763, 2.41, 2.151, 1.921, 1.696, 1.589], [10.762, 10.423, 9.585, 9.571, 9.262, 9.67, 10.243, 10.145, 9.736, 9.501, 9.961, 9.777, 9.63, 9.643, 8.9, 8.679, 7.709, 6.449, 6.896, 6.448, 5.485, 5.194, 5.25, 5.333, 5.046, 4.408, 3.39, 3.322, 3.393, 0.0, 3.699, 3.937, 4.059, 4.471, 3.662, 3.086, 2.261, 2.339, 2.794, 3.084, 3.309, 2.523, 2.203, 2.536, 2.85, 1.556, 1.447, 1.324, 1.183, 1.867, 2.24, 2.32, 3.311, 4.585, 5.333, 6.57, 6.526, 6.367, 6.631, 7.91, 8.822, 8.767, 9.105, 9.252, 9.393, 9.224, 8.545, 7.653, 7.311, 7.121, 7.06, 7.168, 7.265, 9.03, 10.137, 9.657, 8.742, 8.297, 7.513, 5.43, 4.397, 4.194, 3.529, 3.378, 3.831, 3.37], [14.151, 13.817, 13.042, 13.105, 12.768, 13.186, 13.778, 13.678, 13.268, 13.064, 13.515, 13.338, 13.16, 13.197, 12.458, 12.239, 11.283, 10.014, 10.446, 10.02, 9.078, 8.799, 8.805, 8.902, 8.513, 7.836, 6.778, 6.734, 6.793, 3.699, 0.0, 0.977, 1.078, 1.267, 0.792, 1.184, 2.315, 2.258, 1.688, 1.446, 1.29, 2.177, 2.765, 2.093, 1.779, 3.025, 3.599, 3.437, 3.775, 4.693, 5.513, 5.882, 6.91, 8.175, 8.907, 10.167, 10.094, 9.934, 10.197, 11.478, 12.371, 12.32, 12.66, 12.806, 12.951, 12.773, 12.106, 11.217, 10.86, 10.671, 10.609, 10.728, 10.837, 12.585, 13.695, 13.228, 12.282, 11.877, 11.068, 8.933, 7.782, 7.526, 6.762, 6.845, 7.294, 6.862], [14.384, 14.02, 13.269, 13.32, 13.02, 13.444, 14.026, 13.932, 13.526, 13.325, 13.775, 13.593, 13.421, 13.458, 12.719, 12.5, 11.543, 10.274, 10.71, 10.28, 9.301, 8.999, 9.059, 9.164, 8.721, 7.96, 6.88, 6.848, 7.043, 3.937, 0.977, 0.0, 0.897, 1.049, 0.855, 1.483, 2.559, 2.525, 1.834, 1.72, 1.656, 2.584, 2.882, 2.285, 1.955, 3.29, 3.855, 3.631, 4.014, 4.955, 5.782, 6.15, 7.18, 8.446, 9.177, 10.438, 10.354, 10.197, 10.457, 11.741, 12.645, 12.591, 12.93, 13.076, 13.218, 13.04, 12.368, 11.483, 11.134, 10.944, 10.881, 10.991, 11.097, 12.845, 13.95, 13.467, 12.454, 12.111, 11.326, 9.196, 8.055, 7.789, 7.021, 7.094, 7.535, 7.096], [14.531, 14.193, 13.45, 13.507, 13.212, 13.621, 14.203, 14.105, 13.712, 13.508, 13.961, 13.787, 13.604, 13.642, 12.901, 12.682, 11.72, 10.457, 10.886, 10.455, 9.483, 9.187, 9.24, 9.328, 8.863, 8.031, 6.962, 7.02, 7.222, 4.059, 1.078, 0.897, 0.0, 0.913, 0.94, 1.535, 2.604, 2.597, 2.189, 1.969, 1.774, 2.805, 3.101, 2.54, 2.264, 3.437, 4.009, 3.752, 4.196, 5.155, 5.932, 6.282, 7.353, 8.632, 9.363, 10.624, 10.546, 10.389, 10.642, 11.933, 12.837, 12.784, 13.127, 13.266, 13.406, 13.232, 12.556, 11.669, 11.334, 11.144, 11.072, 11.183, 11.274, 13.031, 14.133, 13.649, 12.578, 12.29, 11.508, 9.386, 8.255, 7.989, 7.221, 7.294, 7.735, 7.285], [14.951, 14.61, 13.854, 13.903, 13.603, 14.019, 14.598, 14.503, 14.11, 13.906, 14.359, 14.177, 14.002, 14.038, 13.299, 13.079, 12.11, 10.85, 11.284, 10.848, 9.885, 9.57, 9.633, 9.729, 9.273, 8.503, 7.428, 7.432, 7.604, 4.471, 1.267, 1.049, 0.913, 0.0, 1.09, 1.807, 2.987, 3.009, 2.388, 2.131, 1.943, 3.017, 3.487, 2.901, 2.514, 3.851, 4.418, 4.177, 4.593, 5.539, 6.334, 6.688, 7.734, 9.013, 9.745, 11.006, 10.938, 10.781, 11.035, 12.325, 13.229, 13.174, 13.513, 13.659, 13.798, 13.624, 12.949, 12.06, 11.718, 11.529, 11.465, 11.575, 11.665, 13.428, 14.531, 14.05, 13.036, 12.69, 11.906, 9.778, 8.64, 8.374, 7.605, 7.678, 8.12, 7.672], [14.144, 13.804, 13.058, 13.113, 12.8, 13.228, 13.804, 13.716, 13.327, 13.101, 13.555, 13.366, 13.201, 13.234, 12.495, 12.274, 11.305, 10.045, 10.482, 10.044, 9.086, 8.785, 8.818, 8.914, 8.531, 7.842, 6.8, 6.775, 6.864, 3.662, 0.792, 0.855, 0.94, 1.09, 0.0, 1.098, 2.265, 2.21, 1.68, 1.491, 1.403, 2.274, 2.708, 2.085, 1.774, 3.062, 3.615, 3.411, 3.79, 4.729, 5.531, 5.885, 6.918, 8.197, 8.93, 10.189, 10.133, 9.977, 10.23, 11.513, 12.419, 12.364, 12.702, 12.849, 12.99, 12.82, 12.142, 11.25, 10.908, 10.718, 10.657, 10.764, 10.86, 12.625, 13.727, 13.252, 12.293, 11.893, 11.103, 8.973, 7.829, 7.563, 6.795, 6.9, 7.34, 6.873], [13.584, 13.246, 12.485, 12.503, 12.207, 12.627, 13.222, 13.118, 12.727, 12.5, 12.958, 12.779, 12.601, 12.634, 11.895, 11.674, 10.704, 9.444, 9.894, 9.443, 8.483, 8.163, 8.217, 8.322, 7.954, 7.287, 6.261, 6.217, 6.306, 3.086, 1.184, 1.483, 1.535, 1.807, 1.098, 0.0, 1.411, 1.512, 1.289, 1.392, 1.596, 1.768, 2.257, 1.722, 1.787, 2.475, 3.057, 2.847, 3.213, 4.131, 4.95, 5.318, 6.327, 7.597, 8.333, 9.59, 9.533, 9.376, 9.629, 10.914, 11.821, 11.766, 12.105, 12.251, 12.392, 12.219, 11.543, 10.652, 10.31, 10.121, 10.059, 10.164, 10.26, 12.029, 13.131, 12.66, 11.711, 11.301, 10.507, 8.373, 7.232, 6.981, 6.259, 6.301, 6.764, 6.31], [12.63, 12.286, 11.525, 11.492, 11.181, 11.61, 12.192, 12.096, 11.69, 11.47, 11.921, 11.738, 11.583, 11.61, 10.866, 10.647, 9.686, 8.426, 8.863, 8.425, 7.477, 7.165, 7.256, 7.358, 6.905, 6.105, 5.083, 5.109, 5.332, 2.261, 2.315, 2.559, 2.604, 2.987, 2.265, 1.411, 0.0, 0.713, 1.62, 2.091, 2.374, 1.722, 1.743, 1.989, 2.252, 1.655, 2.141, 1.953, 2.295, 3.182, 4.028, 4.41, 5.396, 6.625, 7.356, 8.582, 8.538, 8.352, 8.608, 9.894, 10.806, 10.753, 11.091, 11.235, 11.375, 11.201, 10.525, 9.639, 9.297, 9.107, 9.042, 9.146, 9.242, 10.99, 12.097, 11.617, 10.548, 10.258, 9.473, 7.377, 6.303, 6.041, 5.338, 5.264, 5.698, 5.247], [12.713, 12.365, 11.472, 11.395, 11.098, 11.554, 12.146, 12.062, 11.639, 11.368, 11.807, 11.651, 11.521, 11.523, 10.751, 10.532, 9.584, 8.315, 8.752, 8.321, 7.406, 7.136, 7.26, 7.336, 7.004, 6.197, 5.222, 5.245, 5.507, 2.339, 2.258, 2.525, 2.597, 3.009, 2.21, 1.512, 0.713, 0.0, 1.261, 1.786, 2.111, 1.613, 1.551, 1.885, 2.091, 1.692, 2.174, 1.962, 2.326, 3.172, 3.954, 4.315, 5.34, 6.565, 7.284, 8.523, 8.441, 8.238, 8.498, 9.782, 10.686, 10.634, 10.979, 11.117, 11.258, 11.081, 10.409, 9.542, 9.186, 8.998, 8.937, 9.032, 9.132, 10.877, 11.989, 11.526, 10.465, 10.173, 9.358, 7.276, 6.232, 6.092, 5.445, 5.306, 5.682, 5.201], [13.088, 12.728, 11.8, 11.764, 11.465, 11.873, 12.484, 12.423, 12.006, 11.677, 12.143, 11.977, 11.851, 11.833, 11.076, 10.858, 9.893, 8.624, 9.085, 8.657, 7.719, 7.451, 7.6, 7.68, 7.425, 6.77, 5.834, 5.693, 5.872, 2.794, 1.688, 1.834, 2.189, 2.388, 1.68, 1.289, 1.62, 1.261, 0.0, 1.037, 1.31, 1.187, 1.634, 1.315, 1.327, 1.897, 2.523, 2.376, 2.692, 3.455, 4.189, 4.549, 5.611, 6.816, 7.552, 8.786, 8.721, 8.527, 8.807, 10.069, 10.976, 10.922, 11.26, 11.407, 11.548, 11.378, 10.701, 9.832, 9.463, 9.276, 9.236, 9.351, 9.445, 11.213, 12.327, 11.863, 11.031, 10.509, 9.689, 7.606, 6.565, 6.452, 5.846, 5.663, 6.078, 5.627], [13.582, 13.227, 12.324, 12.19, 11.926, 12.342, 12.935, 12.883, 12.447, 12.138, 12.603, 12.449, 12.299, 12.316, 11.529, 11.308, 10.345, 9.077, 9.55, 9.097, 8.145, 7.897, 8.078, 8.16, 7.854, 7.147, 6.158, 6.122, 6.302, 3.084, 1.446, 1.72, 1.969, 2.131, 1.491, 1.392, 2.091, 1.786, 1.037, 0.0, 0.679, 1.569, 2.049, 1.572, 1.394, 2.339, 3.001, 2.809, 3.172, 3.95, 4.625, 4.938, 6.021, 7.282, 8.017, 9.258, 9.171, 8.981, 9.261, 10.523, 11.43, 11.375, 11.716, 11.861, 12.002, 11.832, 11.155, 10.301, 9.931, 9.744, 9.684, 9.81, 9.9, 11.672, 12.776, 12.332, 11.406, 10.972, 10.143, 8.07, 7.123, 6.945, 6.346, 6.113, 6.548, 6.091], [13.81, 13.46, 12.567, 12.5, 12.239, 12.64, 13.219, 13.138, 12.727, 12.441, 12.906, 12.746, 12.586, 12.599, 11.836, 11.616, 10.654, 9.391, 9.855, 9.392, 8.438, 8.139, 8.296, 8.378, 8.051, 7.365, 6.374, 6.34, 6.514, 3.309, 1.29, 1.656, 1.774, 1.943, 1.403, 1.596, 2.374, 2.111, 1.31, 0.679, 0.0, 1.817, 2.33, 1.769, 1.475, 2.567, 3.217, 3.018, 3.378, 4.166, 4.887, 5.247, 6.323, 7.583, 8.319, 9.563, 9.475, 9.292, 9.571, 10.833, 11.74, 11.686, 12.028, 12.172, 12.313, 12.142, 11.466, 10.574, 10.236, 10.044, 9.988, 10.098, 10.202, 11.97, 13.084, 12.618, 11.673, 11.264, 10.454, 8.381, 7.348, 7.166, 6.559, 6.318, 6.773, 6.316], [12.418, 12.094, 11.248, 11.255, 10.926, 11.232, 11.798, 11.727, 11.284, 11.032, 11.502, 11.33, 11.167, 11.203, 10.423, 10.202, 9.233, 7.972, 8.426, 7.984, 7.045, 6.796, 6.882, 6.989, 6.721, 6.079, 5.183, 5.094, 5.216, 2.523, 2.177, 2.584, 2.805, 3.017, 2.274, 1.768, 1.722, 1.613, 1.187, 1.569, 1.817, 0.0, 1.273, 1.489, 1.484, 1.368, 1.92, 1.783, 2.113, 2.836, 3.545, 3.905, 5.012, 6.155, 6.89, 8.123, 8.061, 7.881, 8.161, 9.423, 10.33, 10.276, 10.614, 10.761, 10.902, 10.732, 10.055, 9.184, 8.815, 8.627, 8.562, 8.68, 8.801, 10.572, 11.67, 11.206, 10.323, 9.866, 9.044, 6.968, 6.023, 5.822, 5.155, 4.959, 5.388, 4.928], [11.796, 11.455, 10.746, 10.865, 10.559, 10.73, 11.356, 11.221, 10.818, 10.567, 11.032, 10.911, 10.68, 10.701, 9.961, 9.741, 8.772, 7.52, 7.972, 7.573, 6.587, 6.259, 6.35, 6.486, 6.154, 5.424, 4.565, 4.558, 4.724, 2.203, 2.765, 2.882, 3.101, 3.487, 2.708, 2.257, 1.743, 1.551, 1.634, 2.049, 2.33, 1.273, 0.0, 1.189, 1.623, 1.121, 1.426, 1.339, 1.629, 2.325, 3.21, 3.566, 4.69, 5.727, 6.43, 7.662, 7.584, 7.424, 7.696, 8.966, 9.873, 9.818, 10.157, 10.304, 10.445, 10.275, 9.598, 8.706, 8.36, 8.171, 8.109, 8.222, 8.327, 10.094, 11.206, 10.746, 9.741, 9.392, 8.587, 6.543, 5.488, 5.125, 4.407, 4.395, 4.836, 4.379], [12.233, 11.896, 11.114, 11.19, 10.85, 11.259, 11.851, 11.758, 11.366, 11.11, 11.569, 11.403, 11.236, 11.254, 10.505, 10.285, 9.316, 8.054, 8.504, 8.109, 7.168, 6.832, 6.925, 7.063, 6.817, 6.182, 5.335, 5.26, 5.339, 2.536, 2.093, 2.285, 2.54, 2.901, 2.085, 1.722, 1.989, 1.885, 1.315, 1.572, 1.769, 1.489, 1.189, 0.0, 0.992, 1.467, 1.809, 1.728, 2.076, 2.82, 3.658, 4.06, 5.185, 6.217, 6.949, 8.188, 8.121, 7.961, 8.24, 9.503, 10.409, 10.355, 10.694, 10.841, 10.982, 10.811, 10.135, 9.243, 8.89, 8.702, 8.637, 8.759, 8.872, 10.638, 11.752, 11.301, 10.428, 9.95, 9.122, 6.973, 5.833, 5.62, 4.954, 4.989, 5.469, 5.015], [12.947, 12.553, 11.781, 11.865, 11.534, 11.872, 12.538, 12.433, 12.021, 11.673, 12.139, 12.063, 11.886, 11.82, 11.072, 10.854, 9.885, 8.62, 9.151, 8.666, 7.797, 7.478, 7.564, 7.709, 7.446, 6.807, 5.852, 5.816, 5.908, 2.85, 1.779, 1.955, 2.264, 2.514, 1.774, 1.787, 2.252, 2.091, 1.327, 1.394, 1.475, 1.484, 1.623, 0.992, 0.0, 1.793, 2.322, 2.186, 2.563, 3.343, 4.053, 4.421, 5.533, 6.741, 7.487, 8.727, 8.684, 8.524, 8.803, 10.065, 10.958, 10.91, 11.249, 11.396, 11.54, 11.359, 10.697, 9.807, 9.462, 9.25, 9.252, 9.356, 9.441, 11.208, 12.322, 11.961, 11.134, 10.61, 9.685, 7.539, 6.43, 6.26, 5.67, 5.702, 6.182, 5.721], [11.566, 11.229, 10.381, 10.371, 10.076, 10.434, 10.983, 10.891, 10.466, 10.222, 10.681, 10.521, 10.349, 10.363, 9.617, 9.396, 8.427, 7.166, 7.615, 7.21, 6.232, 5.896, 5.908, 6.03, 5.77, 5.167, 4.293, 4.167, 4.314, 1.556, 3.025, 3.29, 3.437, 3.851, 3.062, 2.475, 1.655, 1.692, 1.897, 2.339, 2.567, 1.368, 1.121, 1.467, 1.793, 0.0, 0.835, 0.749, 1.093, 1.858, 2.578, 3.029, 4.186, 5.299, 6.045, 7.285, 7.242, 7.082, 7.351, 8.623, 9.53, 9.476, 9.815, 9.961, 10.103, 9.932, 9.256, 8.364, 8.012, 7.825, 7.76, 7.885, 7.983, 9.75, 10.863, 10.399, 9.482, 9.067, 8.233, 6.187, 5.181, 4.929, 4.255, 4.04, 4.496, 4.035], [10.863, 10.542, 9.76, 9.863, 9.536, 9.808, 10.41, 10.303, 9.891, 9.64, 10.099, 9.936, 9.779, 9.786, 9.035, 8.815, 7.846, 6.584, 7.035, 6.613, 5.657, 5.374, 5.446, 5.608, 5.285, 4.636, 3.791, 3.721, 3.796, 1.447, 3.599, 3.855, 4.009, 4.418, 3.615, 3.057, 2.141, 2.174, 2.523, 3.001, 3.217, 1.92, 1.426, 1.809, 2.322, 0.835, 0.0, 0.632, 0.921, 1.487, 2.095, 2.548, 3.653, 4.72, 5.466, 6.709, 6.67, 6.503, 6.77, 8.044, 8.951, 8.897, 9.235, 9.382, 9.524, 9.353, 8.676, 7.785, 7.433, 7.246, 7.181, 7.301, 7.419, 9.168, 10.282, 9.821, 8.885, 8.48, 7.66, 5.55, 4.513, 4.291, 3.572, 3.493, 3.933, 3.473], [11.118, 10.779, 10.008, 10.027, 9.758, 10.079, 10.674, 10.581, 10.168, 9.908, 10.367, 10.202, 10.056, 10.043, 9.303, 9.082, 8.114, 6.852, 7.306, 6.884, 5.891, 5.553, 5.69, 5.84, 5.441, 4.766, 3.904, 3.863, 4.021, 1.324, 3.437, 3.631, 3.752, 4.177, 3.411, 2.847, 1.953, 1.962, 2.376, 2.809, 3.018, 1.783, 1.339, 1.728, 2.186, 0.749, 0.632, 0.0, 0.885, 1.699, 2.317, 2.772, 3.909, 4.991, 5.737, 6.977, 6.935, 6.773, 7.037, 8.315, 9.222, 9.168, 9.506, 9.653, 9.794, 9.624, 8.947, 8.056, 7.71, 7.52, 7.46, 7.572, 7.67, 9.436, 10.55, 10.074, 9.086, 8.722, 7.92, 5.812, 4.734, 4.495, 3.798, 3.73, 4.177, 3.7], [10.67, 10.325, 9.527, 9.626, 9.294, 9.606, 10.198, 10.101, 9.685, 9.438, 9.897, 9.734, 9.575, 9.574, 8.834, 8.613, 7.644, 6.396, 6.833, 6.432, 5.452, 5.119, 5.159, 5.297, 4.98, 4.34, 3.419, 3.343, 3.471, 1.183, 3.775, 4.014, 4.196, 4.593, 3.79, 3.213, 2.295, 2.326, 2.692, 3.172, 3.378, 2.113, 1.629, 2.076, 2.563, 1.093, 0.921, 0.885, 0.0, 1.435, 1.949, 2.294, 3.4, 4.518, 5.264, 6.504, 6.46, 6.3, 6.568, 7.842, 8.749, 8.695, 9.033, 9.18, 9.321, 9.151, 8.474, 7.582, 7.232, 7.045, 6.98, 7.099, 7.199, 8.967, 10.081, 9.609, 8.677, 8.258, 7.45, 5.338, 4.285, 4.054, 3.353, 3.257, 3.716, 3.242], [9.834, 9.501, 8.762, 8.958, 8.587, 8.713, 9.268, 9.16, 8.745, 8.478, 8.945, 8.82, 8.596, 8.622, 7.874, 7.654, 6.685, 5.424, 5.903, 5.498, 4.565, 4.3, 4.397, 4.648, 4.56, 3.94, 3.209, 3.115, 3.106, 1.867, 4.693, 4.955, 5.155, 5.539, 4.729, 4.131, 3.182, 3.172, 3.455, 3.95, 4.166, 2.836, 2.325, 2.82, 3.343, 1.858, 1.487, 1.699, 1.435, 0.0, 1.066, 1.801, 2.673, 3.619, 4.311, 5.532, 5.488, 5.344, 5.608, 6.87, 7.772, 7.723, 8.061, 8.208, 8.349, 8.173, 7.502, 6.61, 6.252, 6.064, 5.999, 6.134, 6.24, 8.007, 9.122, 8.699, 7.846, 7.377, 6.558, 4.502, 3.566, 3.27, 2.748, 2.938, 3.232, 2.764], [9.393, 9.047, 8.298, 8.361, 8.017, 8.054, 8.685, 8.527, 8.08, 7.751, 8.234, 8.151, 7.941, 7.932, 7.146, 6.919, 5.957, 4.724, 5.197, 4.701, 4.047, 3.965, 4.091, 4.34, 4.37, 3.832, 3.149, 3.036, 2.915, 2.24, 5.513, 5.782, 5.932, 6.334, 5.531, 4.95, 4.028, 3.954, 4.189, 4.625, 4.887, 3.545, 3.21, 3.658, 4.053, 2.578, 2.095, 2.317, 1.949, 1.066, 0.0, 1.379, 2.133, 2.931, 3.615, 4.796, 4.759, 4.742, 4.905, 6.133, 7.029, 6.981, 7.321, 7.467, 7.612, 7.43, 6.769, 5.878, 5.511, 5.321, 5.319, 5.431, 5.54, 7.273, 8.394, 8.022, 7.185, 6.689, 5.831, 3.923, 3.182, 2.979, 2.659, 2.786, 2.808, 2.375], [9.596, 9.222, 8.508, 8.465, 8.079, 8.189, 8.863, 8.65, 8.069, 7.541, 7.989, 8.008, 7.928, 7.855, 6.92, 6.561, 5.678, 4.522, 4.947, 4.449, 3.789, 3.658, 3.724, 3.883, 3.866, 3.429, 2.604, 2.466, 2.473, 2.32, 5.882, 6.15, 6.282, 6.688, 5.885, 5.318, 4.41, 4.315, 4.549, 4.938, 5.247, 3.905, 3.566, 4.06, 4.421, 3.029, 2.548, 2.772, 2.294, 1.801, 1.379, 0.0, 1.294, 2.664, 3.515, 4.439, 4.356, 4.251, 4.572, 5.738, 6.615, 6.567, 6.906, 7.053, 7.197, 7.072, 6.573, 5.782, 5.427, 5.163, 5.322, 5.354, 5.264, 7.012, 8.067, 7.868, 7.176, 6.597, 5.617, 4.048, 3.495, 3.31, 2.746, 2.656, 2.538, 2.048], [8.553, 8.2, 7.502, 7.483, 7.065, 7.203, 7.834, 7.594, 6.97, 6.398, 6.85, 6.945, 6.854, 6.751, 5.804, 5.442, 4.547, 3.407, 3.816, 3.31, 2.736, 2.686, 2.775, 2.991, 3.08, 2.702, 2.05, 1.842, 1.665, 3.311, 6.91, 7.18, 7.353, 7.734, 6.918, 6.327, 5.396, 5.34, 5.611, 6.021, 6.323, 5.012, 4.69, 5.185, 5.533, 4.186, 3.653, 3.909, 3.4, 2.673, 2.133, 1.294, 0.0, 1.587, 2.495, 3.273, 3.244, 3.102, 3.441, 4.599, 5.511, 5.456, 5.795, 5.941, 6.082, 5.968, 5.446, 4.654, 4.334, 4.068, 4.249, 4.264, 4.174, 5.877, 6.941, 6.72, 6.041, 5.505, 4.474, 3.096, 2.755, 2.515, 2.171, 2.088, 1.77, 1.608], [7.162, 6.821, 6.15, 6.112, 5.84, 6.127, 6.675, 6.431, 5.747, 5.158, 5.485, 5.54, 5.467, 5.364, 4.434, 4.157, 3.234, 2.087, 2.611, 2.233, 1.913, 2.096, 2.439, 2.985, 3.226, 2.99, 2.601, 2.374, 2.254, 4.585, 8.175, 8.446, 8.632, 9.013, 8.197, 7.597, 6.625, 6.565, 6.816, 7.282, 7.583, 6.155, 5.727, 6.217, 6.741, 5.299, 4.72, 4.991, 4.518, 3.619, 2.931, 2.664, 1.587, 0.0, 1.32, 2.137, 2.176, 2.163, 2.211, 3.325, 4.238, 4.182, 4.521, 4.668, 4.808, 4.655, 4.082, 3.289, 2.96, 2.694, 2.873, 2.881, 2.928, 4.531, 5.637, 5.368, 4.67, 4.126, 3.138, 2.173, 2.336, 2.197, 2.385, 2.133, 1.958, 1.899], [6.368, 6.003, 5.365, 5.359, 5.207, 5.022, 5.556, 5.384, 4.811, 4.328, 4.702, 4.82, 4.637, 4.516, 3.633, 3.441, 2.638, 1.888, 2.182, 2.008, 1.999, 2.196, 2.491, 3.054, 3.342, 3.268, 3.461, 3.195, 2.83, 5.333, 8.907, 9.177, 9.363, 9.745, 8.93, 8.333, 7.356, 7.284, 7.552, 8.017, 8.319, 6.89, 6.43, 6.949, 7.487, 6.045, 5.466, 5.737, 5.264, 4.311, 3.615, 3.515, 2.495, 1.32, 0.0, 1.605, 1.83, 1.978, 1.863, 2.64, 3.507, 3.434, 3.806, 3.919, 4.06, 3.899, 3.26, 2.454, 2.251, 2.044, 2.123, 2.25, 2.612, 3.861, 4.872, 4.595, 3.839, 3.33, 2.392, 1.41, 1.972, 2.068, 2.584, 2.259, 2.101, 2.428], [5.757, 5.477, 5.205, 5.469, 5.179, 5.081, 5.469, 5.122, 4.559, 3.748, 3.829, 4.007, 3.834, 3.572, 2.71, 2.487, 1.96, 1.202, 1.244, 1.16, 1.799, 2.36, 2.626, 2.864, 3.237, 3.551, 4.09, 3.883, 3.508, 6.57, 10.167, 10.438, 10.624, 11.006, 10.189, 9.59, 8.582, 8.523, 8.786, 9.258, 9.563, 8.123, 7.662, 8.188, 8.727, 7.285, 6.709, 6.977, 6.504, 5.532, 4.796, 4.439, 3.273, 2.137, 1.605, 0.0, 0.788, 1.293, 1.54, 1.474, 2.361, 2.315, 2.569, 2.699, 2.823, 2.719, 2.21, 1.63, 1.377, 1.311, 1.708, 1.454, 1.618, 2.7, 3.715, 3.459, 2.88, 2.52, 1.923, 2.063, 2.986, 3.304, 3.808, 3.577, 3.035, 3.441], [6.072, 5.82, 5.551, 5.722, 5.414, 5.322, 5.641, 5.342, 4.829, 3.936, 4.101, 4.29, 4.128, 3.853, 2.989, 2.684, 2.147, 1.446, 1.587, 1.451, 1.812, 2.324, 2.632, 2.845, 3.236, 3.531, 3.966, 3.803, 3.431, 6.526, 10.094, 10.354, 10.546, 10.938, 10.133, 9.533, 8.538, 8.441, 8.721, 9.171, 9.475, 8.061, 7.584, 8.121, 8.684, 7.242, 6.67, 6.935, 6.46, 5.488, 4.759, 4.356, 3.244, 2.176, 1.83, 0.788, 0.0, 1.206, 1.592, 1.678, 2.415, 2.394, 2.652, 2.854, 2.944, 2.914, 2.441, 1.863, 1.645, 1.535, 1.896, 1.614, 1.553, 2.96, 3.989, 3.679, 3.121, 2.869, 2.168, 2.204, 2.975, 3.283, 3.823, 3.59, 3.033, 3.404], [6.319, 6.091, 5.907, 6.168, 5.888, 5.813, 6.188, 5.864, 5.272, 4.407, 4.387, 4.269, 4.17, 3.792, 2.853, 2.671, 2.139, 1.462, 1.579, 1.527, 1.425, 1.663, 1.906, 2.11, 2.475, 2.837, 3.619, 3.495, 3.243, 6.367, 9.934, 10.197, 10.389, 10.781, 9.977, 9.376, 8.352, 8.238, 8.527, 8.981, 9.292, 7.881, 7.424, 7.961, 8.524, 7.082, 6.503, 6.773, 6.3, 5.344, 4.742, 4.251, 3.102, 2.163, 1.978, 1.293, 1.206, 0.0, 1.045, 1.653, 2.485, 2.429, 2.748, 2.904, 3.025, 2.909, 2.391, 1.74, 1.421, 1.384, 1.664, 1.544, 1.252, 2.869, 3.917, 3.669, 3.087, 3.05, 2.671, 2.262, 2.922, 3.195, 3.636, 3.41, 2.947, 3.214], [6.305, 6.049, 5.97, 6.219, 5.946, 5.896, 6.248, 5.955, 5.327, 4.492, 4.448, 4.193, 3.951, 3.532, 3.028, 2.9, 2.28, 1.529, 1.543, 1.479, 1.702, 1.688, 1.637, 2.013, 2.29, 2.785, 3.828, 3.741, 3.508, 6.631, 10.197, 10.457, 10.642, 11.035, 10.23, 9.629, 8.608, 8.498, 8.807, 9.261, 9.571, 8.161, 7.696, 8.24, 8.803, 7.351, 6.77, 7.037, 6.568, 5.608, 4.905, 4.572, 3.441, 2.211, 1.863, 1.54, 1.592, 1.045, 0.0, 1.436, 2.296, 2.225, 2.548, 2.673, 2.773, 2.613, 2.184, 1.703, 1.393, 1.38, 1.719, 1.646, 1.258, 2.571, 3.739, 3.475, 3.039, 2.978, 2.76, 2.266, 2.935, 3.156, 3.732, 3.505, 3.097, 3.444], [5.612, 5.338, 5.254, 5.503, 5.223, 5.183, 5.558, 5.214, 4.621, 3.756, 3.678, 3.462, 3.256, 2.672, 2.08, 1.977, 1.624, 1.582, 1.291, 1.584, 2.459, 2.828, 2.929, 3.045, 3.363, 4.072, 5.121, 5.025, 4.785, 7.91, 11.478, 11.741, 11.933, 12.325, 11.513, 10.914, 9.894, 9.782, 10.069, 10.523, 10.833, 9.423, 8.966, 9.503, 10.065, 8.623, 8.044, 8.315, 7.842, 6.87, 6.133, 5.738, 4.599, 3.325, 2.64, 1.474, 1.678, 1.653, 1.436, 0.0, 1.024, 0.984, 1.307, 1.474, 1.525, 1.449, 1.217, 1.272, 1.042, 1.045, 1.331, 1.192, 1.172, 1.625, 2.72, 2.468, 2.132, 2.333, 2.138, 2.791, 3.803, 4.09, 4.815, 4.666, 4.24, 4.667], [5.302, 5.097, 5.122, 5.311, 4.997, 4.926, 5.241, 4.98, 4.503, 3.564, 3.411, 3.181, 2.973, 2.332, 1.83, 1.703, 1.667, 2.401, 2.051, 2.436, 3.371, 3.736, 3.8, 3.829, 4.259, 4.975, 6.032, 5.937, 5.698, 8.822, 12.371, 12.645, 12.837, 13.229, 12.419, 11.821, 10.806, 10.686, 10.976, 11.43, 11.74, 10.33, 9.873, 10.409, 10.958, 9.53, 8.951, 9.222, 8.749, 7.772, 7.029, 6.615, 5.511, 4.238, 3.507, 2.361, 2.415, 2.485, 2.296, 1.024, 0.0, 0.499, 0.759, 1.213, 1.138, 0.939, 1.29, 1.697, 1.622, 1.749, 1.88, 1.72, 1.616, 1.308, 2.258, 2.012, 1.892, 2.098, 2.056, 3.489, 4.605, 4.889, 5.658, 5.568, 5.122, 5.57], [5.456, 5.25, 5.251, 5.445, 5.133, 5.05, 5.418, 5.132, 4.648, 3.695, 3.56, 3.323, 3.089, 2.452, 1.945, 1.791, 1.703, 2.349, 1.978, 2.371, 3.315, 3.68, 3.7, 3.797, 4.156, 4.896, 5.978, 5.882, 5.642, 8.767, 12.32, 12.591, 12.784, 13.174, 12.364, 11.766, 10.753, 10.634, 10.922, 11.375, 11.686, 10.276, 9.818, 10.355, 10.91, 9.476, 8.897, 9.168, 8.695, 7.723, 6.981, 6.567, 5.456, 4.182, 3.434, 2.315, 2.394, 2.429, 2.225, 0.984, 0.499, 0.0, 0.723, 1.093, 1.075, 0.931, 1.135, 1.491, 1.551, 1.678, 1.814, 1.682, 1.616, 1.399, 2.35, 2.081, 2.018, 2.25, 2.127, 3.502, 4.596, 4.908, 5.649, 5.519, 5.069, 5.518], [5.772, 5.488, 5.671, 5.869, 5.551, 5.475, 5.781, 5.526, 5.05, 4.105, 3.824, 3.542, 3.215, 2.661, 2.337, 2.166, 2.043, 2.687, 2.286, 2.703, 3.658, 4.019, 3.973, 3.913, 4.357, 5.212, 6.316, 6.22, 5.981, 9.105, 12.66, 12.93, 13.127, 13.513, 12.702, 12.105, 11.091, 10.979, 11.26, 11.716, 12.028, 10.614, 10.157, 10.694, 11.249, 9.815, 9.235, 9.506, 9.033, 8.061, 7.321, 6.906, 5.795, 4.521, 3.806, 2.569, 2.652, 2.748, 2.548, 1.307, 0.759, 0.723, 0.0, 0.813, 0.62, 0.767, 1.232, 1.741, 1.844, 2.015, 2.168, 2.011, 1.939, 1.412, 2.479, 2.138, 2.316, 2.546, 2.385, 3.795, 4.93, 5.237, 5.948, 5.853, 5.411, 5.862], [5.892, 5.793, 5.988, 6.152, 5.79, 5.709, 5.998, 5.779, 5.356, 4.388, 3.981, 3.577, 3.236, 2.829, 2.649, 2.519, 2.484, 2.852, 2.511, 2.872, 3.8, 4.165, 4.12, 4.033, 4.498, 5.351, 6.456, 6.367, 6.128, 9.252, 12.806, 13.076, 13.266, 13.659, 12.849, 12.251, 11.235, 11.117, 11.407, 11.861, 12.172, 10.761, 10.304, 10.841, 11.396, 9.961, 9.382, 9.653, 9.18, 8.208, 7.467, 7.053, 5.941, 4.668, 3.919, 2.699, 2.854, 2.904, 2.673, 1.474, 1.213, 1.093, 0.813, 0.0, 0.605, 0.781, 1.113, 1.746, 1.986, 2.168, 2.31, 2.193, 2.054, 1.394, 2.457, 2.114, 2.492, 2.583, 2.568, 3.927, 5.062, 5.354, 6.098, 5.999, 5.548, 6.0], [5.744, 5.588, 5.787, 5.978, 5.628, 5.573, 5.859, 5.625, 5.193, 4.222, 3.826, 3.384, 3.047, 2.677, 2.457, 2.311, 2.301, 2.965, 2.551, 2.972, 3.941, 4.305, 4.261, 4.173, 4.638, 5.491, 6.595, 6.508, 6.268, 9.393, 12.951, 13.218, 13.406, 13.798, 12.99, 12.392, 11.375, 11.258, 11.548, 12.002, 12.313, 10.902, 10.445, 10.982, 11.54, 10.103, 9.524, 9.794, 9.321, 8.349, 7.612, 7.197, 6.082, 4.808, 4.06, 2.823, 2.944, 3.025, 2.773, 1.525, 1.138, 1.075, 0.62, 0.605, 0.0, 0.56, 1.021, 1.808, 2.103, 2.298, 2.395, 2.272, 2.181, 1.34, 2.256, 1.966, 2.433, 2.584, 2.563, 4.045, 5.195, 5.471, 6.238, 6.14, 5.688, 6.14], [5.458, 5.325, 5.518, 5.697, 5.315, 5.282, 5.568, 5.339, 4.881, 3.935, 3.532, 3.08, 2.749, 2.391, 2.207, 2.092, 2.072, 2.801, 2.375, 2.803, 3.772, 4.131, 4.092, 4.036, 4.47, 5.317, 6.421, 6.334, 6.1, 9.224, 12.773, 13.04, 13.232, 13.624, 12.82, 12.219, 11.201, 11.081, 11.378, 11.832, 12.142, 10.732, 10.275, 10.811, 11.359, 9.932, 9.353, 9.624, 9.151, 8.173, 7.43, 7.072, 5.968, 4.655, 3.899, 2.719, 2.914, 2.909, 2.613, 1.449, 0.939, 0.931, 0.767, 0.781, 0.56, 0.0, 0.824, 1.641, 1.928, 2.14, 2.244, 2.107, 2.038, 1.033, 1.982, 1.589, 2.101, 2.2