[[0.0, 1.156, 1.808, 2.697, 2.708, 1.973, 3.279, 3.875, 4.28, 7.189, 9.373, 8.654, 8.965, 9.656, 9.721, 9.807, 8.518, 6.948, 6.715, 7.548, 7.682, 7.79, 7.274, 6.11, 5.713, 5.768, 5.242, 5.512, 6.216, 6.812, 6.83, 6.617, 7.028, 5.336, 4.505, 3.975, 3.84, 3.554, 3.207, 2.866, 2.923, 2.668, 2.834, 3.212, 3.964, 4.662, 4.842, 4.41, 5.12, 4.896, 4.058, 5.231, 5.916, 4.921, 3.776, 3.228, 3.171, 3.73, 3.686, 2.675, 3.009, 3.402, 3.24, 3.384, 3.466, 3.593, 4.449, 4.982, 5.776, 6.256, 5.977, 6.649, 7.292, 7.91, 7.935, 8.458, 9.038, 9.717, 9.234, 8.548, 9.527, 10.477, 9.255, 8.769, 9.295, 8.962], [1.156, 0.0, 0.922, 1.697, 1.727, 1.141, 2.313, 2.954, 3.281, 6.23, 8.362, 7.651, 7.969, 8.685, 8.767, 8.849, 7.56, 5.983, 5.755, 6.589, 6.719, 6.854, 6.338, 5.154, 4.762, 4.797, 4.247, 4.549, 5.211, 5.812, 5.839, 5.663, 6.074, 4.332, 3.48, 3.046, 3.028, 2.607, 2.27, 1.959, 2.144, 1.861, 2.029, 2.229, 2.946, 3.606, 3.796, 3.453, 4.213, 4.004, 3.124, 4.258, 4.968, 3.93, 2.806, 2.349, 2.269, 2.797, 2.808, 2.373, 2.441, 2.474, 2.31, 2.393, 2.496, 2.679, 3.487, 4.059, 4.826, 5.285, 5.026, 5.66, 6.307, 6.923, 6.93, 7.484, 8.052, 8.75, 8.241, 7.554, 8.526, 9.495, 8.237, 7.771, 8.33, 7.975], [1.808, 0.922, 0.0, 1.018, 1.221, 0.969, 1.776, 2.327, 2.706, 5.64, 7.727, 7.073, 7.391, 8.096, 8.179, 8.274, 7.0, 5.398, 5.171, 6.005, 6.165, 6.28, 5.764, 4.587, 4.202, 4.237, 3.717, 3.999, 4.579, 5.148, 5.189, 5.025, 5.507, 3.724, 2.897, 2.57, 2.674, 2.179, 1.817, 1.588, 1.62, 1.518, 1.771, 1.945, 2.486, 3.144, 3.278, 2.922, 3.672, 3.444, 2.498, 3.658, 4.312, 3.278, 2.202, 1.909, 2.004, 2.612, 2.649, 2.462, 2.379, 2.059, 1.803, 1.906, 1.989, 2.25, 2.947, 3.496, 4.23, 4.688, 4.47, 5.008, 5.681, 6.309, 6.367, 6.908, 7.477, 8.162, 7.595, 6.954, 7.896, 8.937, 7.611, 7.154, 7.707, 7.355], [2.697, 1.697, 1.018, 0.0, 0.711, 1.295, 1.343, 1.692, 2.043, 4.767, 6.809, 6.217, 6.535, 7.171, 7.275, 7.396, 6.079, 4.608, 4.4, 5.084, 5.233, 5.39, 4.873, 3.683, 3.278, 3.319, 2.95, 3.235, 3.798, 4.378, 4.466, 4.192, 4.645, 3.05, 2.307, 2.29, 2.619, 2.143, 1.632, 1.44, 1.386, 1.341, 1.656, 1.664, 2.079, 2.425, 2.546, 2.158, 2.859, 2.636, 1.735, 2.853, 3.487, 2.438, 1.716, 1.515, 1.665, 2.174, 2.286, 2.35, 2.234, 1.699, 1.354, 1.342, 1.343, 1.682, 2.304, 2.757, 3.451, 3.967, 3.81, 4.171, 4.823, 5.47, 5.46, 5.99, 6.55, 7.309, 6.806, 6.156, 7.122, 8.029, 6.728, 6.292, 6.875, 6.542], [2.708, 1.727, 1.221, 0.711, 0.0, 1.038, 1.236, 1.737, 2.044, 4.805, 6.832, 6.222, 6.52, 7.215, 7.247, 7.396, 6.005, 4.416, 4.23, 4.988, 5.24, 5.366, 4.853, 3.618, 3.233, 3.208, 2.793, 3.109, 3.919, 4.507, 4.524, 4.275, 4.728, 3.016, 2.195, 2.399, 2.807, 2.336, 1.864, 1.592, 1.625, 1.537, 1.643, 1.67, 1.953, 2.388, 2.639, 2.244, 2.874, 2.705, 1.852, 2.995, 3.73, 2.677, 1.849, 1.674, 1.55, 1.893, 2.041, 2.221, 1.928, 1.691, 1.337, 1.276, 1.319, 1.552, 2.34, 2.86, 3.548, 3.996, 3.818, 4.11, 4.857, 5.523, 5.45, 5.9, 6.495, 7.335, 6.891, 6.276, 7.217, 8.142, 6.726, 6.243, 6.928, 6.617], [1.973, 1.141, 0.969, 1.295, 1.038, 0.0, 1.515, 2.086, 2.641, 5.576, 7.592, 6.993, 7.285, 8.002, 8.033, 8.182, 6.798, 5.107, 4.886, 5.787, 6.027, 6.152, 5.64, 4.41, 4.019, 3.979, 3.442, 3.751, 4.684, 5.249, 5.26, 5.068, 5.507, 3.635, 2.733, 2.503, 2.593, 2.207, 2.018, 1.763, 1.859, 1.601, 1.72, 1.989, 2.427, 3.265, 3.519, 3.149, 3.694, 3.554, 2.725, 3.839, 4.567, 3.511, 2.553, 2.246, 2.092, 2.422, 2.418, 2.498, 2.47, 2.436, 2.066, 1.986, 2.123, 2.371, 3.208, 3.795, 4.421, 4.749, 4.496, 4.878, 5.643, 6.321, 6.279, 6.731, 7.259, 8.124, 7.682, 7.067, 8.008, 8.981, 7.51, 7.033, 7.719, 7.408], [3.279, 2.313, 1.776, 1.343, 1.236, 1.515, 0.0, 0.838, 1.172, 4.074, 6.144, 5.555, 5.899, 6.552, 6.642, 6.794, 5.431, 3.88, 3.64, 4.43, 4.602, 4.754, 4.246, 3.072, 2.666, 2.634, 2.281, 2.552, 3.388, 3.969, 3.976, 3.764, 4.158, 2.457, 1.69, 1.696, 2.112, 1.738, 1.483, 1.359, 1.568, 1.85, 2.041, 1.906, 2.0, 2.511, 2.676, 2.286, 2.61, 2.5, 2.195, 2.853, 3.192, 2.411, 2.059, 2.072, 1.929, 1.82, 1.955, 2.567, 2.468, 2.359, 2.076, 1.746, 1.812, 2.159, 2.426, 2.926, 3.424, 3.712, 3.446, 3.739, 4.314, 4.966, 4.987, 5.456, 6.015, 6.836, 6.428, 5.733, 6.591, 7.619, 6.206, 5.737, 6.36, 6.066], [3.875, 2.954, 2.327, 1.692, 1.737, 2.086, 0.838, 0.0, 0.793, 3.606, 5.65, 5.076, 5.345, 6.028, 6.144, 6.268, 4.86, 3.42, 3.166, 3.877, 4.113, 4.194, 3.725, 2.653, 2.242, 2.35, 2.144, 2.429, 3.374, 3.856, 3.865, 3.679, 3.805, 2.167, 1.484, 1.494, 1.877, 1.68, 1.627, 1.644, 1.776, 2.244, 2.483, 2.382, 2.354, 2.706, 2.897, 2.386, 2.241, 2.243, 2.461, 3.02, 3.009, 2.574, 2.405, 2.429, 2.327, 1.787, 2.102, 3.016, 2.84, 2.609, 2.356, 2.028, 2.069, 2.444, 2.563, 2.961, 3.461, 3.574, 3.309, 3.365, 3.921, 4.53, 4.557, 4.952, 5.544, 6.372, 6.076, 5.359, 6.175, 7.201, 5.777, 5.305, 5.899, 5.654], [4.28, 3.281, 2.706, 2.043, 2.044, 2.641, 1.172, 0.793, 0.0, 3.012, 5.176, 4.461, 4.808, 5.498, 5.597, 5.723, 4.52, 3.121, 2.814, 3.491, 3.627, 3.689, 3.202, 2.429, 2.006, 2.144, 2.028, 2.21, 3.083, 3.548, 3.538, 3.271, 3.347, 1.95, 1.397, 1.407, 1.826, 1.685, 1.698, 1.933, 2.196, 2.698, 2.931, 2.557, 2.487, 2.57, 2.756, 2.298, 1.816, 2.049, 2.416, 2.917, 2.676, 2.388, 2.336, 2.41, 2.416, 1.823, 2.179, 3.119, 2.916, 2.58, 2.283, 2.005, 2.088, 2.403, 2.356, 2.617, 3.088, 3.241, 2.967, 3.055, 3.416, 4.021, 4.068, 4.525, 5.105, 5.816, 5.593, 4.846, 5.54, 6.604, 5.333, 4.968, 5.445, 5.203], [7.189, 6.23, 5.64, 4.767, 4.805, 5.576, 4.074, 3.606, 3.012, 0.0, 2.266, 1.824, 2.141, 2.612, 2.681, 2.823, 1.812, 1.345, 1.639, 1.601, 1.328, 1.476, 1.386, 1.942, 2.191, 2.084, 2.574, 2.381, 2.102, 2.393, 2.47, 2.143, 1.649, 2.414, 3.673, 3.82, 4.126, 4.252, 4.402, 4.644, 4.718, 5.291, 5.66, 5.01, 4.041, 2.826, 2.781, 3.107, 2.681, 2.811, 3.738, 3.126, 2.614, 3.353, 3.897, 4.253, 4.491, 3.99, 4.147, 5.273, 4.957, 4.404, 4.425, 4.365, 4.388, 4.198, 3.308, 2.755, 2.028, 2.038, 1.813, 1.491, 1.362, 1.689, 1.608, 2.067, 2.621, 3.416, 3.33, 2.695, 3.023, 3.937, 3.323, 2.9, 3.142, 2.923], [9.373, 8.362, 7.727, 6.809, 6.832, 7.592, 6.144, 5.65, 5.176, 2.266, 0.0, 1.026, 1.014, 0.927, 1.038, 1.371, 1.542, 2.974, 3.076, 2.09, 1.894, 2.414, 2.677, 3.706, 4.047, 3.996, 4.556, 4.266, 3.407, 2.991, 3.201, 2.999, 2.612, 4.375, 5.594, 5.881, 6.201, 6.399, 6.51, 6.699, 6.795, 7.407, 7.687, 6.977, 5.987, 4.816, 4.66, 5.204, 4.73, 4.905, 5.755, 4.684, 4.347, 5.167, 5.913, 6.255, 6.368, 5.869, 6.059, 7.197, 6.904, 6.382, 6.396, 6.264, 6.298, 6.148, 5.172, 4.687, 3.716, 3.25, 3.484, 2.889, 2.139, 1.805, 1.641, 1.487, 1.367, 1.927, 1.932, 1.927, 1.803, 2.319, 1.882, 1.803, 1.635, 1.621], [8.654, 7.651, 7.073, 6.217, 6.222, 6.993, 5.555, 5.076, 4.461, 1.824, 1.026, 0.0, 0.66, 1.239, 1.389, 1.573, 1.478, 2.65, 2.699, 1.898, 1.567, 1.92, 2.109, 3.19, 3.466, 3.479, 3.998, 3.666, 2.773, 2.422, 2.684, 2.405, 1.931, 3.96, 5.149, 5.241, 5.546, 5.731, 5.833, 6.035, 6.184, 6.77, 7.077, 6.424, 5.469, 4.261, 4.057, 4.506, 3.934, 4.131, 5.076, 3.995, 3.627, 4.471, 5.246, 5.643, 5.767, 5.107, 5.382, 6.536, 6.257, 5.611, 5.595, 5.468, 5.49, 5.406, 4.546, 4.078, 3.085, 2.683, 2.8, 2.375, 1.866, 1.634, 1.414, 1.339, 1.48, 1.883, 1.866, 1.513, 1.744, 2.374, 1.997, 1.996, 1.801, 1.548], [8.965, 7.969, 7.391, 6.535, 6.52, 7.285, 5.899, 5.345, 4.808, 2.141, 1.014, 0.66, 0.0, 1.01, 1.387, 1.576, 1.623, 2.85, 2.883, 1.928, 1.704, 2.003, 2.367, 3.402, 3.718, 3.716, 4.256, 3.97, 3.034, 2.685, 2.875, 2.638, 2.186, 4.261, 5.448, 5.53, 5.873, 6.057, 6.173, 6.348, 6.494, 7.08, 7.367, 6.714, 5.764, 4.586, 4.387, 4.839, 4.271, 4.468, 5.41, 4.331, 3.865, 4.802, 5.57, 5.97, 6.061, 5.401, 5.666, 6.879, 6.511, 5.894, 5.933, 5.746, 5.752, 5.723, 4.874, 4.416, 3.409, 2.988, 3.106, 2.671, 2.119, 1.724, 1.669, 1.473, 1.418, 1.6, 1.791, 1.529, 1.592, 2.141, 1.973, 1.931, 1.691, 1.577], [9.656, 8.685, 8.096, 7.171, 7.215, 8.002, 6.552, 6.028, 5.498, 2.612, 0.927, 1.239, 1.01, 0.0, 0.865, 1.102, 1.692, 3.263, 3.376, 2.367, 2.106, 2.452, 2.866, 3.867, 4.228, 4.291, 4.9, 4.701, 3.789, 3.293, 3.356, 3.263, 2.77, 4.872, 6.13, 6.257, 6.555, 6.746, 6.853, 7.09, 7.146, 7.724, 8.075, 7.432, 6.48, 5.203, 5.015, 5.419, 4.939, 5.109, 6.049, 4.957, 4.541, 5.444, 6.261, 6.622, 6.772, 6.093, 6.239, 7.416, 7.014, 6.523, 6.616, 6.435, 6.393, 6.324, 5.51, 4.971, 4.092, 3.56, 3.816, 3.381, 2.559, 2.129, 1.986, 1.668, 1.449, 1.524, 1.84, 1.925, 1.541, 2.029, 1.94, 2.061, 1.694, 1.691], [9.721, 8.767, 8.179, 7.275, 7.247, 8.033, 6.642, 6.144, 5.597, 2.681, 1.038, 1.389, 1.387, 0.865, 0.0, 0.756, 1.72, 3.35, 3.472, 2.548, 2.313, 2.485, 2.667, 3.813, 4.268, 4.364, 4.978, 4.747, 3.875, 3.383, 3.345, 3.338, 2.815, 4.86, 6.111, 6.346, 6.623, 6.789, 6.915, 7.17, 7.216, 7.794, 8.168, 7.535, 6.511, 5.234, 5.08, 5.398, 4.9, 5.073, 6.024, 4.855, 4.543, 5.437, 6.293, 6.704, 6.856, 6.14, 6.179, 7.291, 6.963, 6.532, 6.632, 6.536, 6.501, 6.258, 5.47, 4.978, 4.159, 3.563, 3.873, 3.417, 2.67, 2.226, 1.993, 1.689, 1.497, 1.656, 1.942, 1.948, 1.616, 2.121, 1.789, 1.912, 1.62, 1.568], [9.807, 8.849, 8.274, 7.396, 7.396, 8.182, 6.794, 6.268, 5.723, 2.823, 1.371, 1.573, 1.576, 1.102, 0.756, 0.0, 1.695, 3.522, 3.695, 2.86, 2.5, 2.584, 2.848, 4.004, 4.407, 4.532, 5.094, 4.85, 3.956, 3.481, 3.436, 3.437, 2.898, 5.068, 6.321, 6.444, 6.731, 6.899, 7.023, 7.274, 7.333, 7.915, 8.286, 7.638, 6.638, 5.374, 5.18, 5.523, 4.974, 5.161, 6.139, 4.971, 4.688, 5.596, 6.407, 6.794, 6.956, 6.133, 6.26, 7.361, 7.051, 6.533, 6.676, 6.53, 6.444, 6.338, 5.566, 5.084, 4.243, 3.677, 3.957, 3.53, 2.764, 2.362, 2.132, 1.745, 1.681, 1.77, 2.211, 2.152, 1.62, 2.084, 1.875, 2.153, 1.828, 1.67], [8.518, 7.56, 7.0, 6.079, 6.005, 6.798, 5.431, 4.86, 4.52, 1.812, 1.542, 1.478, 1.623, 1.692, 1.72, 1.695, 0.0, 1.975, 2.511, 2.063, 1.917, 2.194, 2.282, 2.95, 3.3, 3.13, 3.615, 3.427, 2.562, 2.304, 2.415, 2.166, 1.928, 3.6, 4.832, 5.13, 5.465, 5.643, 5.768, 5.915, 5.989, 6.56, 6.849, 6.2, 5.203, 4.079, 3.987, 4.524, 4.184, 4.313, 5.233, 4.224, 4.183, 5.013, 5.457, 5.686, 5.885, 5.39, 5.642, 6.692, 6.227, 5.796, 5.845, 5.715, 5.714, 5.607, 4.767, 4.131, 3.204, 2.522, 2.728, 2.284, 1.958, 2.039, 1.853, 1.857, 2.051, 2.87, 3.048, 2.53, 2.554, 3.527, 2.799, 2.53, 2.712, 2.479], [6.948, 5.983, 5.398, 4.608, 4.416, 5.107, 3.88, 3.42, 3.121, 1.345, 2.974, 2.65, 2.85, 3.263, 3.35, 3.522, 1.975, 0.0, 0.937, 1.402, 1.573, 1.794, 1.833, 2.089, 2.003, 1.676, 1.907, 1.89, 2.11, 2.375, 2.317, 2.295, 2.118, 2.018, 3.024, 3.578, 3.929, 4.055, 4.17, 4.284, 4.335, 4.914, 5.113, 4.465, 3.473, 2.695, 2.767, 3.1, 2.778, 3.01, 3.854, 3.323, 2.994, 3.717, 4.124, 4.344, 4.506, 4.086, 4.33, 5.366, 4.908, 4.47, 4.501, 4.366, 4.373, 4.242, 3.472, 2.767, 2.458, 2.259, 1.877, 1.681, 2.01, 2.38, 2.284, 2.609, 3.161, 4.153, 4.076, 3.4, 3.775, 4.68, 3.807, 3.305, 3.743, 3.569], [6.715, 5.755, 5.171, 4.4, 4.23, 4.886, 3.64, 3.166, 2.814, 1.639, 3.076, 2.699, 2.883, 3.376, 3.472, 3.695, 2.511, 0.937, 0.0, 1.129, 1.531, 1.732, 1.76, 1.928, 1.803, 1.454, 1.69, 1.791, 2.316, 2.356, 2.396, 2.398, 2.306, 1.963, 2.876, 3.421, 3.734, 3.861, 3.963, 4.059, 4.102, 4.681, 4.946, 4.301, 3.365, 2.636, 2.766, 3.008, 2.539, 2.708, 3.582, 3.049, 2.574, 3.197, 3.651, 3.916, 4.074, 3.66, 3.815, 4.979, 4.505, 4.102, 4.135, 3.998, 4.005, 3.919, 3.074, 2.585, 2.304, 2.277, 1.894, 1.694, 2.177, 2.562, 2.427, 2.591, 3.13, 4.074, 3.982, 3.279, 3.814, 4.688, 3.595, 3.139, 3.666, 3.492], [7.548, 6.589, 6.005, 5.084, 4.988, 5.787, 4.43, 3.877, 3.491, 1.601, 2.09, 1.898, 1.928, 2.367, 2.548, 2.86, 2.063, 1.402, 1.129, 0.0, 1.098, 1.534, 1.704, 2.203, 2.281, 2.13, 2.595, 2.412, 2.404, 2.246, 2.405, 2.256, 2.057, 2.717, 3.822, 4.13, 4.482, 4.653, 4.779, 4.906, 4.975, 5.554, 5.857, 5.208, 4.204, 3.235, 3.14, 3.563, 3.116, 3.274, 4.192, 3.367, 2.876, 3.646, 4.238, 4.565, 4.643, 4.187, 4.325, 5.517, 5.099, 4.64, 4.679, 4.514, 4.521, 4.457, 3.593, 3.052, 2.567, 2.352, 2.218, 1.967, 1.932, 2.142, 2.045, 2.149, 2.351, 3.096, 3.023, 2.435, 3.024, 3.706, 2.917, 2.414, 2.735, 2.577], [7.682, 6.719, 6.165, 5.233, 5.24, 6.027, 4.602, 4.113, 3.627, 1.328, 1.894, 1.567, 1.704, 2.106, 2.313, 2.5, 1.917, 1.573, 1.531, 1.098, 0.0, 1.053, 1.495, 2.37, 2.518, 2.406, 2.911, 2.86, 2.366, 2.307, 2.49, 2.248, 1.918, 2.89, 4.121, 4.296, 4.579, 4.796, 4.896, 5.085, 5.163, 5.742, 6.051, 5.399, 4.45, 3.287, 3.181, 3.597, 3.146, 3.346, 4.219, 3.286, 2.854, 3.634, 4.356, 4.68, 4.783, 4.23, 4.419, 5.577, 5.251, 4.648, 4.68, 4.528, 4.547, 4.491, 3.606, 3.085, 2.413, 2.312, 2.111, 1.967, 2.077, 2.045, 1.936, 2.083, 2.298, 3.053, 2.992, 2.26, 2.837, 3.511, 2.878, 2.506, 2.754, 2.531], [7.79, 6.854, 6.28, 5.39, 5.366, 6.152, 4.754, 4.194, 3.689, 1.476, 2.414, 1.92, 2.003, 2.452, 2.485, 2.584, 2.194, 1.794, 1.732, 1.534, 1.053, 0.0, 1.19, 2.188, 2.343, 2.401, 2.956, 3.07, 2.762, 2.755, 2.938, 2.618, 2.164, 2.986, 4.202, 4.408, 4.688, 4.834, 4.979, 5.246, 5.289, 5.863, 6.245, 5.596, 4.571, 3.39, 3.416, 3.569, 2.986, 3.159, 4.124, 3.399, 2.744, 3.52, 4.397, 4.8, 4.947, 4.133, 4.14, 5.244, 4.853, 4.447, 4.604, 4.475, 4.358, 4.266, 3.547, 3.087, 2.441, 2.489, 2.167, 2.015, 2.375, 2.293, 2.267, 2.479, 2.82, 3.113, 2.961, 2.248, 2.731, 3.58, 3.288, 2.967, 2.911, 2.883], [7.274, 6.338, 5.764, 4.873, 4.853, 5.64, 4.246, 3.725, 3.202, 1.386, 2.677, 2.109, 2.367, 2.866, 2.667, 2.848, 2.282, 1.833, 1.76, 1.704, 1.495, 1.19, 0.0, 1.389, 1.786, 1.901, 2.495, 2.295, 1.943, 2.086, 2.196, 1.945, 1.526, 2.415, 3.668, 3.9, 4.28, 4.331, 4.478, 4.737, 4.777, 5.346, 5.728, 5.079, 4.058, 2.851, 2.707, 2.984, 2.472, 2.645, 3.601, 2.677, 2.16, 3.108, 3.901, 4.289, 4.476, 3.65, 3.77, 4.753, 4.435, 3.993, 4.13, 4.007, 3.935, 3.755, 2.995, 2.527, 1.966, 1.779, 1.961, 1.735, 1.99, 1.99, 1.923, 2.283, 2.919, 3.379, 3.149, 2.361, 2.882, 3.898, 3.171, 2.924, 2.979, 2.904], [6.11, 5.154, 4.587, 3.683, 3.618, 4.41, 3.072, 2.653, 2.429, 1.942, 3.706, 3.19, 3.402, 3.867, 3.813, 4.004, 2.95, 2.089, 1.928, 2.203, 2.37, 2.188, 1.389, 0.0, 0.926, 1.073, 1.568, 1.502, 1.826, 2.071, 2.222, 2.021, 1.824, 1.595, 2.716, 3.136, 3.668, 3.374, 3.355, 3.561, 3.604, 4.176, 4.513, 3.864, 2.828, 1.927, 1.861, 1.909, 1.741, 1.724, 2.526, 2.088, 1.669, 2.334, 3.01, 3.222, 3.481, 2.796, 2.898, 3.877, 3.417, 3.013, 3.097, 2.991, 2.943, 2.799, 2.152, 1.847, 1.75, 1.765, 1.873, 1.975, 2.199, 2.667, 2.597, 3.134, 3.693, 4.335, 3.933, 3.198, 3.946, 5.025, 3.721, 3.388, 3.79, 3.543], [5.713, 4.762, 4.202, 3.278, 3.233, 4.019, 2.666, 2.242, 2.006, 2.191, 4.047, 3.466, 3.718, 4.228, 4.268, 4.407, 3.3, 2.003, 1.803, 2.281, 2.518, 2.343, 1.786, 0.926, 0.0, 0.761, 1.069, 1.273, 1.977, 2.36, 2.393, 2.081, 2.13, 1.529, 2.376, 2.83, 3.248, 3.009, 2.959, 3.161, 3.197, 3.773, 4.133, 3.484, 2.468, 1.701, 1.682, 1.618, 1.341, 1.474, 2.235, 1.927, 1.587, 2.04, 2.73, 3.041, 3.219, 2.548, 2.687, 3.626, 3.186, 2.683, 2.741, 2.622, 2.581, 2.44, 1.755, 1.472, 1.835, 2.034, 1.951, 2.107, 2.471, 2.926, 2.914, 3.413, 3.989, 4.639, 4.281, 3.561, 4.378, 5.435, 4.035, 3.758, 4.15, 3.952], [5.768, 4.797, 4.237, 3.319, 3.208, 3.979, 2.634, 2.35, 2.144, 2.084, 3.996, 3.479, 3.716, 4.291, 4.364, 4.532, 3.13, 1.676, 1.454, 2.13, 2.406, 2.401, 1.901, 1.073, 0.761, 0.0, 0.918, 1.14, 1.803, 2.093, 2.107, 1.914, 2.124, 1.53, 2.344, 2.93, 3.414, 3.219, 3.096, 3.173, 3.258, 3.823, 4.09, 3.444, 2.452, 1.677, 1.718, 1.868, 1.78, 1.786, 2.422, 2.039, 1.793, 2.181, 2.669, 2.923, 3.146, 2.707, 2.895, 3.83, 3.371, 2.942, 2.977, 2.847, 2.846, 2.733, 1.961, 1.592, 1.683, 1.949, 1.777, 1.938, 2.423, 2.923, 2.889, 3.367, 3.949, 4.815, 4.448, 3.732, 4.494, 5.548, 4.014, 3.572, 4.189, 3.971], [5.242, 4.247, 3.717, 2.95, 2.793, 3.442, 2.281, 2.144, 2.028, 2.574, 4.556, 3.998, 4.256, 4.9, 4.978, 5.094, 3.615, 1.907, 1.69, 2.595, 2.911, 2.956, 2.495, 1.568, 1.069, 0.918, 0.0, 0.818, 1.854, 2.361, 2.304, 2.226, 2.541, 1.209, 1.709, 2.497, 3.049, 2.724, 2.615, 2.601, 2.607, 3.103, 3.355, 2.723, 1.939, 1.497, 1.681, 1.781, 1.78, 1.87, 2.344, 2.261, 2.01, 2.332, 2.809, 2.994, 3.152, 2.805, 2.999, 3.917, 3.513, 2.95, 2.98, 2.829, 2.835, 2.688, 2.046, 1.815, 2.177, 2.23, 1.914, 2.236, 2.824, 3.481, 3.443, 3.894, 4.457, 5.372, 5.018, 4.302, 5.048, 6.105, 4.58, 4.124, 4.755, 4.513], [5.512, 4.549, 3.999, 3.235, 3.109, 3.751, 2.552, 2.429, 2.21, 2.381, 4.266, 3.666, 3.97, 4.701, 4.747, 4.85, 3.427, 1.89, 1.791, 2.412, 2.86, 3.07, 2.295, 1.502, 1.273, 1.14, 0.818, 0.0, 1.498, 1.942, 1.893, 1.906, 2.186, 1.099, 1.823, 2.626, 3.194, 2.928, 2.827, 2.88, 2.851, 3.334, 3.492, 2.854, 2.107, 1.636, 1.737, 1.876, 1.81, 2.024, 2.514, 2.406, 2.033, 2.583, 3.101, 3.274, 3.365, 3.097, 3.383, 4.22, 3.931, 3.233, 3.205, 3.089, 3.13, 2.929, 2.275, 1.822, 2.038, 1.908, 1.775, 2.026, 2.483, 3.123, 3.096, 3.552, 4.104, 5.112, 4.735, 3.995, 4.745, 5.751, 4.312, 3.885, 4.474, 4.17], [6.216, 5.211, 4.579, 3.798, 3.919, 4.684, 3.388, 3.374, 3.083, 2.102, 3.407, 2.773, 3.034, 3.789, 3.875, 3.956, 2.562, 2.11, 2.316, 2.404, 2.366, 2.762, 1.943, 1.826, 1.977, 1.803, 1.854, 1.498, 0.0, 0.891, 0.986, 0.917, 1.222, 1.947, 3.102, 3.446, 3.908, 3.673, 3.497, 3.54, 3.546, 4.161, 4.486, 3.809, 2.862, 1.926, 1.762, 2.45, 2.538, 2.578, 3.044, 2.259, 2.298, 2.974, 3.41, 3.655, 3.787, 3.899, 4.153, 4.907, 4.637, 3.86, 3.835, 3.741, 3.786, 3.604, 2.787, 1.977, 1.518, 1.24, 1.429, 1.684, 2.149, 2.616, 2.453, 2.771, 3.236, 4.115, 3.698, 2.927, 3.725, 4.651, 3.43, 2.993, 3.531, 3.145], [6.812, 5.812, 5.148, 4.378, 4.507, 5.249, 3.969, 3.856, 3.548, 2.393, 2.991, 2.422, 2.685, 3.293, 3.383, 3.481, 2.304, 2.375, 2.356, 2.246, 2.307, 2.755, 2.086, 2.071, 2.36, 2.093, 2.361, 1.942, 0.891, 0.0, 0.693, 0.905, 1.144, 2.359, 3.517, 3.969, 4.424, 4.183, 4.03, 4.111, 4.053, 4.677, 5.023, 4.287, 3.388, 2.536, 2.366, 3.061, 3.047, 3.019, 3.591, 2.606, 2.448, 3.183, 3.66, 3.903, 4.029, 4.19, 4.465, 5.268, 4.987, 4.318, 4.3, 4.218, 4.255, 4.128, 3.081, 2.415, 1.678, 1.388, 1.637, 1.776, 2.14, 2.507, 2.371, 2.482, 2.775, 3.645, 3.201, 2.442, 3.259, 4.17, 2.874, 2.44, 2.979, 2.634], [6.83, 5.839, 5.189, 4.466, 4.524, 5.26, 3.976, 3.865, 3.538, 2.47, 3.201, 2.684, 2.875, 3.356, 3.345, 3.436, 2.415, 2.317, 2.396, 2.405, 2.49, 2.938, 2.196, 2.222, 2.393, 2.107, 2.304, 1.893, 0.986, 0.693, 0.0, 0.828, 1.258, 2.265, 3.403, 3.831, 4.291, 4.092, 4.038, 4.129, 4.121, 4.734, 5.046, 4.319, 3.359, 2.55, 2.401, 3.033, 3.051, 3.048, 3.635, 2.638, 2.628, 3.325, 3.811, 4.061, 4.221, 4.248, 4.53, 5.35, 5.064, 4.41, 4.418, 4.341, 4.381, 4.215, 3.158, 2.434, 1.884, 1.433, 1.696, 1.927, 2.252, 2.492, 2.439, 2.563, 2.742, 3.629, 3.252, 2.549, 3.208, 4.147, 2.829, 2.387, 2.907, 2.594], [6.617, 5.663, 5.025, 4.192, 4.275, 5.068, 3.764, 3.679, 3.271, 2.143, 2.999, 2.405, 2.638, 3.263, 3.338, 3.437, 2.166, 2.295, 2.398, 2.256, 2.248, 2.618, 1.945, 2.021, 2.081, 1.914, 2.226, 1.906, 0.917, 0.905, 0.828, 0.0, 0.901, 2.218, 3.434, 3.659, 4.066, 3.941, 3.876, 3.978, 4.028, 4.591, 5.007, 4.323, 3.338, 2.287, 2.157, 2.771, 2.706, 2.779, 3.268, 2.345, 2.442, 3.124, 3.545, 3.832, 4.043, 4.002, 4.225, 4.996, 4.719, 4.014, 4.005, 3.968, 4.001, 3.813, 2.832, 2.14, 1.521, 1.232, 1.44, 1.663, 1.958, 2.363, 2.277, 2.543, 2.762, 3.541, 3.15, 2.316, 3.084, 4.141, 2.785, 2.346, 2.842, 2.551], [7.028, 6.074, 5.507, 4.645, 4.728, 5.507, 4.158, 3.805, 3.347, 1.649, 2.612, 1.931, 2.186, 2.77, 2.815, 2.898, 1.928, 2.118, 2.306, 2.057, 1.918, 2.164, 1.526, 1.824, 2.13, 2.124, 2.541, 2.186, 1.222, 1.144, 1.258, 0.901, 0.0, 2.383, 3.688, 3.744, 4.194, 4.147, 4.213, 4.422, 4.473, 5.069, 5.485, 4.832, 3.878, 2.707, 2.56, 2.938, 2.578, 2.725, 3.586, 2.528, 2.442, 3.268, 3.793, 4.167, 4.357, 3.893, 4.165, 5.095, 4.814, 4.146, 4.177, 4.131, 4.144, 3.959, 3.017, 2.448, 1.737, 1.354, 1.624, 1.55, 1.593, 1.889, 1.726, 2.051, 2.365, 3.141, 2.794, 2.012, 2.673, 3.623, 2.525, 2.147, 2.458, 2.185], [5.336, 4.332, 3.724, 3.05, 3.016, 3.635, 2.457, 2.167, 1.95, 2.414, 4.375, 3.96, 4.261, 4.872, 4.86, 5.068, 3.6, 2.018, 1.963, 2.717, 2.89, 2.986, 2.415, 1.595, 1.529, 1.53, 1.209, 1.099, 1.947, 2.359, 2.265, 2.218, 2.383, 0.0, 1.418, 1.971, 2.545, 2.359, 2.483, 2.626, 2.619, 3.181, 3.502, 2.772, 1.849, 1.603, 1.945, 1.805, 1.807, 2.253, 2.682, 2.902, 2.402, 2.718, 3.282, 3.443, 3.575, 3.192, 3.576, 4.448, 4.078, 3.452, 3.303, 3.118, 3.177, 2.999, 2.444, 1.941, 2.214, 2.189, 1.935, 2.085, 2.545, 3.11, 3.314, 3.84, 4.386, 5.345, 4.794, 4.022, 4.743, 5.936, 4.388, 3.887, 4.446, 4.236], [4.505, 3.48, 2.897, 2.307, 2.195, 2.733, 1.69, 1.484, 1.397, 3.673, 5.594, 5.149, 5.448, 6.13, 6.111, 6.321, 4.832, 3.024, 2.876, 3.822, 4.121, 4.202, 3.668, 2.716, 2.376, 2.344, 1.709, 1.823, 3.102, 3.517, 3.403, 3.434, 3.688, 1.418, 0.0, 1.357, 2.001, 1.79, 1.747, 1.803, 1.905, 2.359, 2.467, 1.789, 1.736, 2.498, 2.79, 2.387, 2.405, 2.612, 2.877, 3.391, 3.048, 2.809, 2.981, 2.998, 2.87, 2.545, 2.936, 3.776, 3.54, 3.223, 2.903, 2.693, 2.714, 2.948, 2.601, 2.821, 3.36, 3.444, 3.163, 3.233, 3.777, 4.335, 4.494, 5.013, 5.534, 6.577, 6.121, 5.322, 6.013, 7.176, 5.678, 5.182, 5.712, 5.569], [3.975, 3.046, 2.57, 2.29, 2.399, 2.503, 1.696, 1.494, 1.407, 3.82, 5.881, 5.241, 5.53, 6.257, 6.346, 6.444, 5.13, 3.578, 3.421, 4.13, 4.296, 4.408, 3.9, 3.136, 2.83, 2.93, 2.497, 2.626, 3.446, 3.969, 3.831, 3.659, 3.744, 1.971, 1.357, 0.0, 0.923, 0.824, 1.169, 1.421, 1.821, 2.162, 2.372, 2.102, 2.125, 2.962, 3.085, 2.708, 2.454, 2.809, 3.031, 3.593, 3.252, 3.007, 3.075, 3.171, 3.081, 2.649, 2.97, 3.787, 3.715, 3.358, 3.014, 2.781, 2.824, 3.165, 2.852, 2.997, 3.546, 3.7, 3.408, 3.591, 3.973, 4.463, 4.694, 5.234, 5.799, 6.627, 6.171, 5.351, 6.032, 7.219, 5.92, 5.444, 5.913, 5.616], [3.84, 3.028, 2.674, 2.619, 2.807, 2.593, 2.112, 1.877, 1.826, 4.126, 6.201, 5.546, 5.873, 6.555, 6.623, 6.731, 5.465, 3.929, 3.734, 4.482, 4.579, 4.688, 4.28, 3.668, 3.248, 3.414, 3.049, 3.194, 3.908, 4.424, 4.291, 4.066, 4.194, 2.545, 2.001, 0.923, 0.0, 0.899, 1.404, 1.718, 2.123, 2.408, 2.669, 2.558, 2.532, 3.282, 3.414, 3.047, 2.803, 3.154, 3.438, 3.97, 3.652, 3.37, 3.462, 3.542, 3.476, 3.076, 3.314, 4.109, 4.079, 3.761, 3.424, 3.212, 3.242, 3.567, 3.275, 3.279, 3.839, 4.053, 3.772, 3.781, 4.163, 4.697, 4.859, 5.454, 5.995, 6.742, 6.278, 5.427, 6.305, 7.413, 6.163, 5.697, 6.139, 5.847], [3.554, 2.607, 2.179, 2.143, 2.336, 2.207, 1.738, 1.68, 1.685, 4.252, 6.399, 5.731, 6.057, 6.746, 6.789, 6.899, 5.643, 4.055, 3.861, 4.653, 4.796, 4.834, 4.331, 3.374, 3.009, 3.219, 2.724, 2.928, 3.673, 4.183, 4.092, 3.941, 4.147, 2.359, 1.79, 0.824, 0.899, 0.0, 0.867, 1.267, 1.65, 1.975, 2.235, 2.014, 1.988, 2.826, 2.98, 2.522, 2.394, 2.675, 2.929, 3.493, 3.215, 2.897, 2.859, 3.115, 2.968, 2.744, 2.78, 3.549, 3.582, 3.316, 3.024, 2.817, 2.847, 3.105, 2.812, 2.917, 3.49, 3.637, 3.394, 3.712, 4.32, 4.895, 5.057, 5.627, 6.184, 6.835, 6.218, 5.469, 6.402, 7.557, 6.301, 5.805, 6.243, 5.937], [3.207, 2.27, 1.817, 1.632, 1.864, 2.018, 1.483, 1.627, 1.698, 4.402, 6.51, 5.833, 6.173, 6.853, 6.915, 7.023, 5.768, 4.17, 3.963, 4.779, 4.896, 4.979, 4.478, 3.355, 2.959, 3.096, 2.615, 2.827, 3.497, 4.03, 4.038, 3.876, 4.213, 2.483, 1.747, 1.169, 1.404, 0.867, 0.0, 0.715, 1.054, 1.55, 1.963, 1.633, 1.677, 2.375, 2.504, 2.153, 2.282, 2.271, 2.339, 3.116, 3.085, 2.661, 2.577, 2.661, 2.634, 2.533, 2.655, 3.216, 3.138, 2.782, 2.425, 2.258, 2.284, 2.583, 2.338, 2.544, 3.145, 3.496, 3.265, 3.807, 4.455, 5.093, 5.165, 5.725, 6.271, 6.91, 6.331, 5.667, 6.623, 7.652, 6.402, 5.958, 6.426, 6.105], [2.866, 1.959, 1.588, 1.44, 1.592, 1.763, 1.359, 1.644, 1.933, 4.644, 6.699, 6.035, 6.348, 7.09, 7.17, 7.274, 5.915, 4.284, 4.059, 4.906, 5.085, 5.246, 4.737, 3.561, 3.161, 3.173, 2.601, 2.88, 3.54, 4.111, 4.129, 3.978, 4.422, 2.626, 1.803, 1.421, 1.718, 1.267, 0.715, 0.0, 0.712, 1.189, 1.525, 1.371, 1.439, 2.237, 2.415, 2.15, 2.557, 2.507, 2.239, 3.064, 3.358, 2.734, 2.534, 2.556, 2.461, 2.488, 2.724, 3.144, 2.94, 2.5, 2.225, 2.027, 2.015, 2.303, 2.185, 2.567, 3.199, 3.681, 3.401, 3.928, 4.64, 5.27, 5.32, 5.852, 6.42, 7.153, 6.589, 5.935, 6.895, 7.903, 6.614, 6.129, 6.707, 6.358], [2.923, 2.144, 1.62, 1.386, 1.625, 1.859, 1.568, 1.776, 2.196, 4.718, 6.795, 6.184, 6.494, 7.146, 7.216, 7.333, 5.989, 4.335, 4.102, 4.975, 5.163, 5.289, 4.777, 3.604, 3.197, 3.258, 2.607, 2.851, 3.546, 4.053, 4.121, 4.028, 4.473, 2.619, 1.905, 1.821, 2.123, 1.65, 1.054, 0.712, 0.0, 0.925, 1.405, 1.279, 1.484, 2.303, 2.462, 2.205, 2.677, 2.541, 2.258, 3.115, 3.391, 2.8, 2.594, 2.533, 2.546, 2.743, 2.936, 3.296, 3.016, 2.579, 2.214, 2.073, 2.025, 2.231, 2.117, 2.485, 3.271, 3.703, 3.448, 3.962, 4.716, 5.346, 5.422, 5.932, 6.513, 7.248, 6.709, 6.046, 7.019, 7.964, 6.692, 6.208, 6.76, 6.435], [2.668, 1.861, 1.518, 1.341, 1.537, 1.601, 1.85, 2.244, 2.698, 5.291, 7.407, 6.77, 7.08, 7.724, 7.794, 7.915, 6.56, 4.914, 4.681, 5.554, 5.742, 5.863, 5.346, 4.176, 3.773, 3.823, 3.103, 3.334, 4.161, 4.677, 4.734, 4.591, 5.069, 3.181, 2.359, 2.162, 2.408, 1.975, 1.55, 1.189, 0.925, 0.0, 0.738, 0.999, 1.714, 2.757, 2.89, 2.575, 3.318, 3.102, 2.363, 3.426, 4.03, 3.091, 2.631, 2.593, 2.577, 2.903, 3.014, 3.252, 3.003, 2.466, 2.078, 1.983, 1.965, 2.103, 2.588, 3.153, 3.895, 4.289, 4.01, 4.568, 5.322, 5.957, 5.997, 6.529, 7.102, 7.84, 7.322, 6.646, 7.626, 8.557, 7.308, 6.815, 7.361, 7.049], [2.834, 2.029, 1.771, 1.656, 1.643, 1.72, 2.041, 2.483, 2.931, 5.66, 7.687, 7.077, 7.367, 8.075, 8.168, 8.286, 6.849, 5.113, 4.946, 5.857, 6.051, 6.245, 5.728, 4.513, 4.133, 4.09, 3.355, 3.492, 4.486, 5.023, 5.046, 5.007, 5.485, 3.502, 2.467, 2.372, 2.669, 2.235, 1.963, 1.525, 1.405, 0.738, 0.0, 0.918, 1.838, 3.055, 3.241, 2.969, 3.717, 3.498, 2.754, 3.843, 4.468, 3.528, 2.92, 2.862, 2.727, 3.13, 3.291, 3.465, 3.22, 2.74, 2.397, 2.238, 2.232, 2.387, 2.978, 3.554, 4.306, 4.664, 4.392, 4.845, 5.626, 6.306, 6.252, 6.751, 7.315, 8.196, 7.703, 7.062, 8.014, 8.954, 7.626, 7.125, 7.745, 7.413], [3.212, 2.229, 1.945, 1.664, 1.67, 1.989, 1.906, 2.382, 2.557, 5.01, 6.977, 6.424, 6.714, 7.432, 7.535, 7.638, 6.2, 4.465, 4.301, 5.208, 5.399, 5.596, 5.079, 3.864, 3.484, 3.444, 2.723, 2.854, 3.809, 4.287, 4.319, 4.323, 4.832, 2.772, 1.789, 2.102, 2.558, 2.014, 1.633, 1.371, 1.279, 0.999, 0.918, 0.0, 1.173, 2.451, 2.594, 2.328, 3.108, 2.941, 2.434, 3.394, 3.728, 2.887, 2.698, 2.683, 2.633, 3.01, 3.183, 3.57, 3.224, 2.723, 2.344, 2.158, 2.138, 2.235, 2.36, 2.89, 3.638, 3.992, 3.746, 4.135, 4.892, 5.565, 5.595, 6.111, 6.675, 7.557, 6.985, 6.339, 7.293, 8.302, 6.91, 6.405, 7.014, 6.683], [3.964, 2.946, 2.486, 2.079, 1.953, 2.427, 2.0, 2.354, 2.487, 4.041, 5.987, 5.469, 5.764, 6.48, 6.511, 6.638, 5.203, 3.473, 3.365, 4.204, 4.45, 4.571, 4.058, 2.828, 2.468, 2.452, 1.939, 2.107, 2.862, 3.388, 3.359, 3.338, 3.878, 1.849, 1.736, 2.125, 2.532, 1.988, 1.677, 1.439, 1.484, 1.714, 1.838, 1.173, 0.0, 1.458, 1.703, 1.534, 2.306, 2.227, 2.261, 2.853, 2.936, 2.566, 2.78, 2.874, 2.879, 3.04, 3.305, 3.813, 3.424, 2.811, 2.559, 2.338, 2.378, 2.267, 1.994, 2.06, 2.647, 3.061, 2.844, 3.119, 3.934, 4.587, 4.642, 5.154, 5.694, 6.585, 6.014, 5.36, 6.312, 7.343, 5.873, 5.355, 6.002, 5.699], [4.662, 3.606, 3.144, 2.425, 2.388, 3.265, 2.511, 2.706, 2.57, 2.826, 4.816, 4.261, 4.586, 5.203, 5.234, 5.374, 4.079, 2.695, 2.636, 3.235, 3.287, 3.39, 2.851, 1.927, 1.701, 1.677, 1.497, 1.636, 1.926, 2.536, 2.55, 2.287, 2.707, 1.603, 2.498, 2.962, 3.282, 2.826, 2.375, 2.237, 2.303, 2.757, 3.055, 2.451, 1.458, 0.0, 0.666, 1.113, 1.767, 1.742, 1.919, 2.109, 2.189, 2.39, 2.751, 2.921, 3.081, 3.03, 3.247, 3.793, 3.356, 2.575, 2.642, 2.512, 2.527, 2.219, 1.606, 1.2, 1.594, 1.928, 1.841, 2.245, 2.906, 3.602, 3.442, 4.002, 4.535, 5.333, 4.812, 4.17, 5.111, 6.086, 4.684, 4.225, 4.832, 4.52], [4.842, 3.796, 3.278, 2.546, 2.639, 3.519, 2.676, 2.897, 2.756, 2.781, 4.66, 4.057, 4.387, 5.015, 5.08, 5.18, 3.987, 2.767, 2.766, 3.14, 3.181, 3.416, 2.707, 1.861, 1.682, 1.718, 1.681, 1.737, 1.762, 2.366, 2.401, 2.157, 2.56, 1.945, 2.79, 3.085, 3.414, 2.98, 2.504, 2.415, 2.462, 2.89, 3.241, 2.594, 1.703, 0.666, 0.0, 1.121, 1.759, 1.7, 1.841, 1.748, 1.899, 2.219, 2.617, 2.82, 2.991, 3.049, 3.17, 3.727, 3.39, 2.584, 2.621, 2.5, 2.527, 2.262, 1.636, 1.21, 1.568, 1.88, 1.893, 2.403, 2.924, 3.445, 3.298, 3.876, 4.388, 5.123, 4.575, 3.917, 4.864, 5.877, 4.529, 4.09, 4.638, 4.312], [4.41, 3.453, 2.922, 2.158, 2.244, 3.149, 2.286, 2.386, 2.298, 3.107, 5.204, 4.506, 4.839, 5.419, 5.398, 5.523, 4.524, 3.1, 3.008, 3.563, 3.597, 3.569, 2.984, 1.909, 1.618, 1.868, 1.781, 1.876, 2.45, 3.061, 3.033, 2.771, 2.938, 1.805, 2.387, 2.708, 3.047, 2.522, 2.153, 2.15, 2.205, 2.575, 2.969, 2.328, 1.534, 1.113, 1.121, 0.0, 1.194, 1.135, 1.311, 1.739, 1.841, 1.723, 2.255, 2.54, 2.853, 2.519, 2.567, 3.313, 2.943, 2.155, 2.171, 2.06, 2.035, 1.71, 1.525, 1.416, 2.024, 2.338, 2.238, 2.802, 3.313, 3.849, 3.765, 4.342, 4.88, 5.421, 4.886, 4.234, 5.197, 6.152, 5.08, 4.72, 5.105, 4.786], [5.12, 4.213, 3.672, 2.859, 2.874, 3.694, 2.61, 2.241, 1.816, 2.681, 4.73, 3.934, 4.271, 4.939, 4.9, 4.974, 4.184, 2.778, 2.539, 3.116, 3.146, 2.986, 2.472, 1.741, 1.341, 1.78, 1.78, 1.81, 2.538, 3.047, 3.051, 2.706, 2.578, 1.807, 2.405, 2.454, 2.803, 2.394, 2.282, 2.557, 2.677, 3.318, 3.717, 3.108, 2.306, 1.767, 1.759, 1.194, 0.0, 0.806, 1.602, 1.866, 1.476, 1.634, 2.371, 2.835, 3.078, 2.408, 2.568, 3.477, 3.13, 2.387, 2.344, 2.321, 2.327, 2.047, 1.599, 1.411, 2.099, 2.406, 2.169, 2.445, 2.926, 3.406, 3.325, 3.834, 4.399, 4.839, 4.422, 3.745, 4.644, 5.661, 4.673, 4.363, 4.64, 4.424], [4.896, 4.004, 3.444, 2.636, 2.705, 3.554, 2.5, 2.243, 2.049, 2.811, 4.905, 4.131, 4.468, 5.109, 5.073, 5.161, 4.313, 3.01, 2.708, 3.274, 3.346, 3.159, 2.645, 1.724, 1.474, 1.786, 1.87, 2.024, 2.578, 3.019, 3.048, 2.779, 2.725, 2.253, 2.612, 2.809, 3.154, 2.675, 2.271, 2.507, 2.541, 3.102, 3.498, 2.941, 2.227, 1.742, 1.7, 1.135, 0.806, 0.0, 1.362, 1.45, 1.431, 1.39, 1.967, 2.39, 2.66, 2.124, 2.189, 3.081, 2.771, 2.02, 2.063, 2.093, 2.095, 1.878, 1.366, 1.443, 1.986, 2.365, 2.164, 2.481, 3.071, 3.59, 3.477, 4.02, 4.579, 5.03, 4.521, 3.834, 4.783, 5.791, 4.809, 4.478, 4.822, 4.559], [4.058, 3.124, 2.498, 1.735, 1.852, 2.725, 2.195, 2.461, 2.416, 3.738, 5.755, 5.076, 5.41, 6.049, 6.024, 6.139, 5.233, 3.854, 3.582, 4.192, 4.219, 4.124, 3.601, 2.526, 2.235, 2.422, 2.344, 2.514, 3.044, 3.591, 3.635, 3.268, 3.586, 2.682, 2.877, 3.031, 3.438, 2.929, 2.339, 2.239, 2.258, 2.363, 2.754, 2.434, 2.261, 1.919, 1.841, 1.311, 1.602, 1.362, 0.0, 1.427, 1.991, 1.274, 1.468, 1.781, 2.222, 2.267, 2.239, 2.593, 2.186, 1.36, 1.351, 1.335, 1.387, 1.081, 1.305, 1.594, 2.347, 3.012, 2.887, 3.373, 3.905, 4.415, 4.408, 4.99, 5.516, 6.021, 5.364, 4.691, 5.686, 6.796, 5.65, 5.309, 5.651, 5.349], [5.231, 4.258, 3.658, 2.853, 2.995, 3.839, 2.853, 3.02, 2.917, 3.126, 4.684, 3.995, 4.331, 4.957, 4.855, 4.971, 4.224, 3.323, 3.049, 3.367, 3.286, 3.399, 2.677, 2.088, 1.927, 2.039, 2.261, 2.406, 2.259, 2.606, 2.638, 2.345, 2.528, 2.902, 3.391, 3.593, 3.97, 3.493, 3.116, 3.064, 3.115, 3.426, 3.843, 3.394, 2.853, 2.109, 1.748, 1.739, 1.866, 1.45, 1.427, 0.0, 1.352, 1.497, 1.933, 2.404, 2.712, 2.554, 2.444, 3.132, 2.822, 2.203, 2.262, 2.292, 2.3, 1.983, 1.672, 1.79, 2.055, 2.256, 2.531, 2.947, 3.381, 3.725, 3.489, 3.988, 4.441, 4.874, 4.269, 3.486, 4.497, 5.629, 4.563, 4.253, 4.564, 4.265], [5.916, 4.968, 4.312, 3.487, 3.73, 4.567, 3.192, 3.009, 2.676, 2.614, 4.347, 3.627, 3.865, 4.541, 4.543, 4.688, 4.183, 2.994, 2.574, 2.876, 2.854, 2.744, 2.16, 1.669, 1.587, 1.793, 2.01, 2.033, 2.298, 2.448, 2.628, 2.442, 2.442, 2.402, 3.048, 3.252, 3.652, 3.215, 3.085, 3.358, 3.391, 4.03, 4.468, 3.728, 2.936, 2.189, 1.899, 1.841, 1.476, 1.431, 1.991, 1.352, 0.0, 1.265, 2.368, 2.869, 3.066, 2.765, 2.865, 3.778, 3.506, 2.895, 2.948, 2.879, 2.901, 2.613, 1.735, 1.706, 1.994, 2.395, 2.423, 2.631, 2.831, 3.018, 3.067, 3.654, 4.118, 4.587, 3.986, 3.132, 4.022, 5.227, 4.385, 3.993, 4.112, 3.907], [4.921, 3.93, 3.278, 2.438, 2.677, 3.511, 2.411, 2.574, 2.388, 3.353, 5.167, 4.471, 4.802, 5.444, 5.437, 5.596, 5.013, 3.717, 3.197, 3.646, 3.634, 3.52, 3.108, 2.334, 2.04, 2.181, 2.332, 2.583, 2.974, 3.183, 3.325, 3.124, 3.268, 2.718, 2.809, 3.007, 3.37, 2.897, 2.661, 2.734, 2.8, 3.091, 3.528, 2.887, 2.566, 2.39, 2.219, 1.723, 1.634, 1.39, 1.274, 1.497, 1.265, 0.0, 1.329, 1.881, 2.051, 2.055, 1.977, 2.832, 2.549, 2.0, 1.956, 1.917, 1.934, 1.669, 1.345, 1.904, 2.326, 3.042, 2.893, 3.037, 3.435, 3.741, 3.833, 4.452, 4.936, 5.458, 4.874, 4.085, 5.026, 6.171, 5.159, 4.784, 5.031, 4.744], [3.776, 2.806, 2.202, 1.716, 1.849, 2.553, 2.059, 2.405, 2.336, 3.897, 5.913, 5.246, 5.57, 6.261, 6.293, 6.407, 5.457, 4.124, 3.651, 4.238, 4.356, 4.397, 3.901, 3.01, 2.73, 2.669, 2.809, 3.101, 3.41, 3.66, 3.811, 3.545, 3.793, 3.282, 2.981, 3.075, 3.462, 2.859, 2.577, 2.534, 2.594, 2.631, 2.92, 2.698, 2.78, 2.751, 2.617, 2.255, 2.371, 1.967, 1.468, 1.933, 2.368, 1.329, 0.0, 0.75, 1.13, 1.704, 1.698, 2.046, 1.771, 1.44, 1.421, 1.535, 1.607, 1.671, 1.924, 2.372, 2.661, 3.427, 3.175, 3.411, 4.09, 4.507, 4.574, 5.12, 5.677, 6.323, 5.712, 5.014, 5.948, 7.038, 5.806, 5.374, 5.807, 5.496], [3.228, 2.349, 1.909, 1.515, 1.674, 2.246, 2.072, 2.429, 2.41, 4.253, 6.255, 5.643, 5.97, 6.622, 6.704, 6.794, 5.686, 4.344, 3.916, 4.565, 4.68, 4.8, 4.289, 3.222, 3.041, 2.923, 2.994, 3.274, 3.655, 3.903, 4.061, 3.832, 4.167, 3.443, 2.998, 3.171, 3.542, 3.115, 2.661, 2.556, 2.533, 2.593, 2.862, 2.683, 2.874, 2.921, 2.82, 2.54, 2.835, 2.39, 1.781, 2.404, 2.869, 1.881, 0.75, 0.0, 0.952, 1.64, 1.776, 1.798, 1.666, 1.4, 1.362, 1.537, 1.63, 1.842, 2.241, 2.68, 2.995, 3.694, 3.494, 3.685, 4.354, 4.852, 4.896, 5.471, 6.018, 6.733, 6.199, 5.503, 6.469, 7.432, 6.132, 5.724, 6.232, 5.883], [3.171, 2.269, 2.004, 1.665, 1.55, 2.092, 1.929, 2.327, 2.416, 4.491, 6.368, 5.767, 6.061, 6.772, 6.856, 6.956, 5.885, 4.506, 4.074, 4.643, 4.783, 4.947, 4.476, 3.481, 3.219, 3.146, 3.152, 3.365, 3.787, 4.029, 4.221, 4.043, 4.357, 3.575, 2.87, 3.081, 3.476, 2.968, 2.634, 2.461, 2.546, 2.577, 2.727, 2.633, 2.879, 3.081, 2.991, 2.853, 3.078, 2.66, 2.222, 2.712, 3.066, 2.051, 1.13, 0.952, 0.0, 1.147, 1.404, 1.486, 1.355, 1.699, 1.542, 1.659, 1.691, 2.048, 2.335, 2.942, 3.289, 3.993, 3.772, 3.834, 4.423, 4.918, 4.986, 5.481, 6.067, 6.887, 6.338, 5.661, 6.615, 7.628, 6.287, 5.817, 6.367, 6.031], [3.73, 2.797, 2.612, 2.174, 1.893, 2.422, 1.82, 1.787, 1.823, 3.99, 5.869, 5.107, 5.401, 6.093, 6.14, 6.133, 5.39, 4.086, 3.66, 4.187, 4.23, 4.133, 3.65, 2.796, 2.548, 2.707, 2.805, 3.097, 3.899, 4.19, 4.248, 4.002, 3.893, 3.192, 2.545, 2.649, 3.076, 2.744, 2.533, 2.488, 2.743, 2.903, 3.13, 3.01, 3.04, 3.03, 3.049, 2.519, 2.408, 2.124, 2.267, 2.554, 2.765, 2.055, 1.704, 1.64, 1.147, 0.0, 0.87, 1.677, 1.379, 1.708, 1.586, 1.522, 1.504, 1.874, 2.137, 2.915, 3.312, 3.723, 3.517, 3.69, 4.122, 4.51, 4.538, 4.986, 5.595, 6.142, 5.726, 5.034, 5.937, 7.016, 5.814, 5.463, 5.8, 5.513], [3.686, 2.808, 2.649, 2.286, 2.041, 2.418, 1.955, 2.102, 2.179, 4.147, 6.059, 5.382, 5.666, 6.239, 6.179, 6.26, 5.642, 4.33, 3.815, 4.325, 4.419, 4.14, 3.77, 2.898, 2.687, 2.895, 2.999, 3.383, 4.153, 4.465, 4.53, 4.225, 4.165, 3.576, 2.936, 2.97, 3.314, 2.78, 2.655, 2.724, 2.936, 3.014, 3.291, 3.183, 3.305, 3.247, 3.17, 2.567, 2.568, 2.189, 2.239, 2.444, 2.865, 1.977, 1.698, 1.776, 1.404, 0.87, 0.0, 1.348, 1.315, 1.81, 1.777, 1.669, 1.659, 1.971, 2.257, 3.005, 3.37, 3.69, 3.566, 3.848, 4.375, 4.768, 4.751, 5.271, 5.823, 6.224, 5.718, 5.074, 6.003, 7.145, 6.006, 5.631, 5.931, 5.687], [2.675, 2.373, 2.462, 2.35, 2.221, 2.498, 2.567, 3.016, 3.119, 5.273, 7.197, 6.536, 6.879, 7.416, 7.291, 7.361, 6.692, 5.366, 4.979, 5.517, 5.577, 5.244, 4.753, 3.877, 3.626, 3.83, 3.917, 4.22, 4.907, 5.268, 5.35, 4.996, 5.095, 4.448, 3.776, 3.787, 4.109, 3.549, 3.216, 3.144, 3.296, 3.252, 3.465, 3.57, 3.813, 3.793, 3.727, 3.313, 3.477, 3.081, 2.593, 3.132, 3.778, 2.832, 2.046, 1.798, 1.486, 1.677, 1.348, 0.0, 0.881, 1.67, 1.754, 1.91, 1.851, 2.109, 2.729, 3.458, 4.018, 4.578, 4.488, 4.886, 5.416, 5.864, 5.884, 6.407, 6.944, 7.369, 6.749, 6.094, 7.052, 8.213, 7.109, 6.754, 7.004, 6.767], [3.009, 2.441, 2.379, 2.234, 1.928, 2.47, 2.468, 2.84, 2.916, 4.957, 6.904, 6.257, 6.511, 7.014, 6.963, 7.051, 6.227, 4.908, 4.505, 5.099, 5.251, 4.853, 4.435, 3.417, 3.186, 3.371, 3.513, 3.931, 4.637, 4.987, 5.064, 4.719, 4.814, 4.078, 3.54, 3.715, 4.079, 3.582, 3.138, 2.94, 3.016, 3.003, 3.22, 3.224, 3.424, 3.356, 3.39, 2.943, 3.13, 2.771, 2.186, 2.822, 3.506, 2.549, 1.771, 1.666, 1.355, 1.379, 1.315, 0.881, 0.0, 1.245, 1.413, 1.606, 1.493, 1.689, 2.266, 3.051, 3.707, 4.267, 4.195, 4.583, 5.153, 5.611, 5.62, 6.102, 6.68, 7.057, 6.493, 5.847, 6.826, 7.987, 6.823, 6.463, 6.715, 6.505], [3.402, 2.474, 2.059, 1.699, 1.691, 2.436, 2.359, 2.609, 2.58, 4.404, 6.382, 5.611, 5.894, 6.523, 6.532, 6.533, 5.796, 4.47, 4.102, 4.64, 4.648, 4.447, 3.993, 3.013, 2.683, 2.942, 2.95, 3.233, 3.86, 4.318, 4.41, 4.014, 4.146, 3.452, 3.223, 3.358, 3.761, 3.316, 2.782, 2.5, 2.579, 2.466, 2.74, 2.723, 2.811, 2.575, 2.584, 2.155, 2.387, 2.02, 1.36, 2.203, 2.895, 2.0, 1.44, 1.4, 1.699, 1.708, 1.81, 1.67, 1.245, 0.0, 0.715, 0.973, 0.929, 0.984, 1.639, 2.334, 3.013, 3.712, 3.547, 4.024, 4.512, 4.978, 4.978, 5.462, 6.054, 6.438, 5.911, 5.281, 6.265, 7.343, 6.302, 5.964, 6.215, 5.935], [3.24, 2.31, 1.803, 1.354, 1.337, 2.066, 2.076, 2.356, 2.283, 4.425, 6.396, 5.595, 5.933, 6.616, 6.632, 6.676, 5.845, 4.501, 4.135, 4.679, 4.68, 4.604, 4.13, 3.097, 2.741, 2.977, 2.98, 3.205, 3.835, 4.3, 4.418, 4.005, 4.177, 3.303, 2.903, 3.014, 3.424, 3.024, 2.425, 2.225, 2.214, 2.078, 2.397, 2.344, 2.559, 2.642, 2.621, 2.171, 2.344, 2.063, 1.351, 2.262, 2.948, 1.956, 1.421, 1.362, 1.542, 1.586, 1.777, 1.754, 1.413, 0.715, 0.0, 0.644, 0.652, 0.903, 1.602, 2.382, 2.995, 3.765, 3.572, 4.025, 4.506, 5.003, 4.999, 5.536, 6.082, 6.575, 6.063, 5.394, 6.35, 7.431, 6.301, 5.95, 6.315, 6.014], [3.384, 2.393, 1.906, 1.342, 1.276, 1.986, 1.746, 2.028, 2.005, 4.365, 6.264, 5.468, 5.746, 6.435, 6.536, 6.53, 5.715, 4.366, 3.998, 4.514, 4.528, 4.475, 4.007, 2.991, 2.622, 2.847, 2.829, 3.089, 3.741, 4.218, 4.341, 3.968, 4.131, 3.118, 2.693, 2.781, 3.212, 2.817, 2.258, 2.027, 2.073, 1.983, 2.238, 2.158, 2.338, 2.512, 2.5, 2.06, 2.321, 2.093, 1.335, 2.292, 2.879, 1.917, 1.535, 1.537, 1.659, 1.522, 1.669, 1.91, 1.606, 0.973, 0.644, 0.0, 0.429, 0.84, 1.577, 2.356, 2.998, 3.712, 3.53, 3.938, 4.4, 4.862, 4.881, 5.387, 5.956, 6.431, 6.0, 5.339, 6.292, 7.335, 6.209, 5.853, 6.201, 5.878], [3.466, 2.496, 1.989, 1.343, 1.319, 2.123, 1.812, 2.069, 2.088, 4.388, 6.298, 5.49, 5.752, 6.393, 6.501, 6.444, 5.714, 4.373, 4.005, 4.521, 4.547, 4.358, 3.935, 2.943, 2.581, 2.846, 2.835, 3.13, 3.786, 4.255, 4.381, 4.001, 4.144, 3.177, 2.714, 2.824, 3.242, 2.847, 2.284, 2.015, 2.025, 1.965, 2.232, 2.138, 2.378, 2.527, 2.527, 2.035, 2.327, 2.095, 1.387, 2.3, 2.901, 1.934, 1.607, 1.63, 1.691, 1.504, 1.659, 1.851, 1.493, 0.929, 0.652, 0.429, 0.0, 0.803, 1.549, 2.34, 3.022, 3.721, 3.569, 3.983, 4.437, 4.863, 4.915, 5.395, 5.984, 6.367, 5.935, 5.273, 6.249, 7.263, 6.242, 5.899, 6.188, 5.872], [3.593, 2.679, 2.25, 1.682, 1.552, 2.371, 2.159, 2.444, 2.403, 4.198, 6.148, 5.406, 5.723, 6.324, 6.258, 6.338, 5.607, 4.242, 3.919, 4.457, 4.491, 4.266, 3.755, 2.799, 2.44, 2.733, 2.688, 2.929, 3.604, 4.128, 4.215, 3.813, 3.959, 2.999, 2.948, 3.165, 3.567, 3.105, 2.583, 2.303, 2.231, 2.103, 2.387, 2.235, 2.267, 2.219, 2.262, 1.71, 2.047, 1.878, 1.081, 1.983, 2.613, 1.669, 1.671, 1.842, 2.048, 1.874, 1.971, 2.109, 1.689, 0.984, 0.903, 0.84, 0.803, 0.0, 1.21, 2.0, 2.832, 3.436, 3.323, 3.786, 4.308, 4.751, 4.772, 5.261, 5.835, 6.264, 5.744, 5.089, 6.061, 7.152, 6.071, 5.735, 5.938, 5.67], [4.449, 3.487, 2.947, 2.304, 2.34, 3.208, 2.426, 2.563, 2.356, 3.308, 5.172, 4.546, 4.874, 5.51, 5.47, 5.566, 4.767, 3.472, 3.074, 3.593, 3.606, 3.547, 2.995, 2.152, 1.755, 1.961, 2.046, 2.275, 2.787, 3.081, 3.158, 2.832, 3.017, 2.444, 2.601, 2.852, 3.275, 2.812, 2.338, 2.185, 2.117, 2.588, 2.978, 2.36, 1.994, 1.606, 1.636, 1.525, 1.599, 1.366, 1.305, 1.672, 1.735, 1.345, 1.924, 2.241, 2.335, 2.137, 2.257, 2.729, 2.266, 1.639, 1.602, 1.577, 1.549, 1.21, 0.0, 1.107, 1.792, 2.514, 2.51, 2.83, 3.274, 3.686, 3.841, 4.376, 4.913, 5.49, 4.862, 4.156, 5.143, 6.289, 5.117, 4.703, 4.965, 4.652], [4.982, 4.059, 3.496, 2.757, 2.86, 3.795, 2.926, 2.961, 2.617, 2.755, 4.687, 4.078, 4.416, 4.971, 4.978, 5.084, 4.131, 2.767, 2.585, 3.052, 3.085, 3.087, 2.527, 1.847, 1.472, 1.592, 1.815, 1.822, 1.977, 2.415, 2.434, 2.14, 2.448, 1.941, 2.821, 2.997, 3.279, 2.917, 2.544, 2.567, 2.485, 3.153, 3.554, 2.89, 2.06, 1.2,