[[0.0, 0.658, 0.994, 1.146, 1.537, 1.813, 1.339, 1.906, 2.177, 2.799, 4.01, 5.025, 5.363, 5.21, 3.903, 3.246, 3.586, 4.379, 5.111, 5.723, 5.907, 4.801, 3.721, 4.146, 4.902, 3.792, 3.948, 3.933, 2.855, 3.062, 3.11, 2.856, 2.925, 2.508, 2.497, 2.26, 2.362, 2.487, 2.574, 3.099, 3.597, 3.87, 4.013, 4.218, 4.469, 4.141, 4.366, 5.535, 5.51, 5.485, 5.489, 5.349, 5.71, 6.46, 5.895, 5.351, 4.74, 4.489, 4.259, 3.765, 3.468, 3.709, 3.907, 3.347, 2.799, 3.004, 3.221, 3.526, 3.815, 4.565, 5.749, 6.371, 6.15, 5.953, 5.792, 5.774, 5.299, 4.581, 4.381, 5.258, 5.194, 4.728, 4.438, 4.677, 5.203, 5.235], [0.658, 0.0, 0.996, 1.17, 1.682, 1.904, 1.675, 2.075, 2.175, 2.854, 4.073, 5.077, 5.415, 5.259, 4.093, 3.305, 3.6, 4.42, 5.161, 5.776, 5.98, 4.853, 3.773, 4.198, 4.947, 3.857, 4.047, 4.006, 2.995, 3.352, 3.262, 3.194, 3.307, 2.905, 2.677, 2.607, 2.829, 2.892, 2.791, 3.212, 3.663, 3.937, 4.123, 4.276, 4.509, 4.169, 4.346, 5.496, 5.435, 5.41, 5.398, 5.23, 5.613, 6.37, 5.859, 5.414, 4.836, 4.523, 4.231, 3.765, 3.482, 3.72, 3.987, 3.341, 2.799, 3.07, 3.297, 3.571, 3.911, 4.645, 5.692, 6.331, 6.074, 5.871, 5.714, 5.696, 5.247, 4.528, 4.303, 5.196, 5.197, 4.808, 4.511, 4.774, 5.272, 5.323], [0.994, 0.996, 0.0, 0.895, 1.384, 1.63, 1.174, 1.853, 2.054, 2.804, 3.982, 4.956, 5.293, 5.137, 3.901, 3.196, 3.503, 4.338, 5.086, 5.671, 5.94, 4.8, 3.752, 4.151, 4.982, 3.846, 3.891, 3.956, 2.771, 2.941, 2.876, 2.695, 2.674, 2.339, 2.341, 2.389, 2.504, 2.588, 2.824, 3.27, 3.746, 4.051, 4.197, 4.392, 4.616, 4.216, 4.415, 5.54, 5.485, 5.505, 5.514, 5.328, 5.73, 6.429, 5.889, 5.502, 4.902, 4.592, 4.29, 3.752, 3.598, 3.678, 3.919, 3.341, 2.829, 3.079, 3.401, 3.675, 3.95, 4.718, 5.748, 6.406, 6.114, 5.958, 5.819, 5.801, 5.389, 4.649, 4.399, 5.265, 5.268, 4.908, 4.635, 4.816, 5.344, 5.418], [1.146, 1.17, 0.895, 0.0, 1.25, 1.653, 1.608, 2.195, 2.272, 3.002, 4.236, 5.217, 5.554, 5.398, 4.066, 3.43, 3.749, 4.518, 5.3, 5.915, 6.104, 4.986, 3.962, 4.439, 5.24, 4.134, 4.216, 4.244, 2.953, 3.151, 3.132, 2.857, 2.872, 2.441, 2.251, 2.383, 2.552, 2.739, 2.781, 3.256, 3.671, 3.956, 4.189, 4.34, 4.522, 4.138, 4.344, 5.433, 5.419, 5.309, 5.324, 5.178, 5.547, 6.3, 5.839, 5.503, 4.892, 4.542, 4.168, 3.692, 3.47, 3.647, 3.836, 3.231, 2.861, 3.066, 3.234, 3.544, 3.853, 4.695, 5.623, 6.266, 5.973, 5.777, 5.594, 5.577, 5.133, 4.389, 4.279, 5.098, 5.165, 4.894, 4.599, 4.796, 5.337, 5.411], [1.537, 1.682, 1.384, 1.25, 0.0, 0.792, 1.707, 2.611, 2.971, 3.598, 4.789, 5.795, 6.159, 6.068, 4.624, 4.035, 4.488, 5.067, 5.854, 6.469, 6.679, 5.575, 4.514, 4.96, 5.761, 4.662, 4.703, 4.772, 3.666, 3.591, 3.431, 2.644, 2.387, 2.12, 1.969, 1.691, 1.909, 2.218, 2.068, 2.269, 2.81, 3.124, 3.342, 3.534, 3.764, 3.453, 3.685, 4.836, 4.798, 4.785, 4.804, 4.673, 5.003, 5.807, 5.266, 4.53, 3.945, 3.802, 3.586, 3.043, 2.753, 2.922, 3.057, 2.608, 2.025, 2.333, 2.554, 2.802, 3.038, 3.834, 5.06, 5.688, 5.444, 5.248, 5.052, 5.04, 4.603, 3.839, 3.676, 4.577, 4.495, 3.941, 3.659, 3.854, 4.369, 4.418], [1.813, 1.904, 1.63, 1.653, 0.792, 0.0, 1.731, 2.65, 3.045, 3.776, 4.904, 5.858, 6.199, 6.087, 4.717, 4.117, 4.547, 5.306, 6.012, 6.642, 6.962, 5.844, 4.716, 5.104, 5.944, 4.754, 4.877, 4.894, 3.655, 3.482, 3.419, 2.724, 2.189, 1.864, 1.719, 1.46, 1.794, 1.974, 1.9, 2.193, 2.673, 3.043, 3.12, 3.292, 3.509, 3.09, 3.333, 4.506, 4.48, 4.583, 4.623, 4.599, 4.934, 5.596, 5.091, 4.423, 3.789, 3.467, 3.252, 2.844, 2.669, 2.703, 2.649, 2.224, 1.705, 1.928, 2.322, 2.46, 2.651, 3.508, 4.722, 5.341, 5.121, 4.983, 4.841, 4.874, 4.467, 3.752, 3.486, 4.214, 4.174, 3.735, 3.499, 3.769, 4.224, 4.307], [1.339, 1.675, 1.174, 1.608, 1.707, 1.731, 0.0, 1.206, 1.526, 2.158, 3.276, 4.244, 4.607, 4.547, 3.182, 2.493, 2.968, 3.67, 4.357, 5.001, 5.314, 4.21, 3.032, 3.494, 4.312, 3.123, 3.232, 3.266, 2.193, 2.387, 2.245, 1.92, 1.932, 1.784, 1.982, 2.021, 2.025, 2.388, 3.018, 3.529, 4.092, 4.433, 4.521, 4.743, 5.087, 4.695, 4.991, 6.175, 6.139, 6.144, 6.145, 6.022, 6.388, 7.093, 6.483, 5.795, 5.196, 5.057, 4.864, 4.36, 4.097, 4.202, 4.282, 3.861, 3.32, 3.52, 3.738, 3.922, 4.199, 5.104, 6.39, 6.999, 6.79, 6.6, 6.461, 6.488, 6.081, 5.362, 5.096, 5.898, 5.8, 5.251, 4.92, 5.131, 5.723, 5.748], [1.906, 2.075, 1.853, 2.195, 2.611, 2.65, 1.206, 0.0, 0.993, 1.536, 2.401, 3.285, 3.605, 3.513, 2.261, 1.648, 2.149, 2.782, 3.481, 4.153, 4.565, 3.454, 2.335, 2.702, 3.56, 2.43, 2.572, 2.484, 1.586, 1.918, 1.902, 1.828, 2.074, 2.126, 2.721, 2.95, 2.912, 3.271, 3.984, 4.457, 5.101, 5.477, 5.522, 5.774, 6.109, 5.619, 5.891, 7.098, 7.058, 7.16, 7.136, 7.052, 7.399, 8.039, 7.471, 6.675, 6.159, 6.005, 5.792, 5.326, 5.048, 5.116, 5.202, 4.769, 4.217, 4.482, 4.735, 4.918, 5.178, 6.011, 7.312, 7.956, 7.727, 7.601, 7.481, 7.521, 7.114, 6.394, 6.129, 6.827, 6.777, 6.196, 5.913, 6.041, 6.703, 6.706], [2.177, 2.175, 2.054, 2.272, 2.971, 3.045, 1.526, 0.993, 0.0, 1.164, 2.17, 2.995, 3.369, 3.306, 2.512, 1.46, 1.788, 2.498, 3.151, 3.738, 4.147, 3.051, 1.931, 2.352, 3.205, 2.199, 2.374, 2.243, 1.536, 2.054, 1.981, 2.073, 2.285, 2.472, 3.018, 3.342, 3.411, 3.57, 4.269, 4.929, 5.441, 5.804, 5.866, 6.054, 6.409, 5.96, 6.257, 7.456, 7.418, 7.426, 7.434, 7.256, 7.645, 8.33, 7.799, 7.151, 6.567, 6.311, 6.12, 5.638, 5.387, 5.499, 5.535, 5.116, 4.657, 4.812, 5.045, 5.248, 5.452, 6.436, 7.669, 8.265, 8.07, 7.894, 7.755, 7.738, 7.329, 6.61, 6.345, 7.152, 7.081, 6.647, 6.329, 6.45, 7.002, 7.086], [2.799, 2.854, 2.804, 3.002, 3.598, 3.776, 2.158, 1.536, 1.164, 0.0, 1.563, 2.375, 2.74, 2.584, 2.165, 1.221, 1.264, 1.748, 2.423, 3.016, 3.375, 2.248, 1.337, 1.646, 2.421, 1.468, 1.581, 1.461, 1.351, 1.976, 1.8, 2.154, 2.679, 3.129, 3.773, 4.049, 3.972, 4.307, 5.053, 5.545, 6.141, 6.448, 6.555, 6.778, 7.103, 6.735, 7.0, 8.192, 8.155, 8.132, 8.132, 7.973, 8.35, 9.076, 8.455, 7.828, 7.24, 7.085, 6.876, 6.357, 6.039, 6.213, 6.319, 5.877, 5.329, 5.543, 5.748, 5.905, 6.247, 7.133, 8.406, 9.009, 8.807, 8.61, 8.447, 8.446, 8.039, 7.32, 7.073, 7.896, 7.83, 7.248, 6.951, 7.175, 7.724, 7.75], [4.01, 4.073, 3.982, 4.236, 4.789, 4.904, 3.276, 2.401, 2.17, 1.563, 0.0, 1.52, 1.766, 1.846, 1.246, 1.294, 1.138, 1.037, 1.377, 1.994, 2.518, 1.646, 1.02, 1.109, 1.699, 1.284, 1.733, 1.445, 1.545, 2.076, 1.932, 2.653, 3.418, 4.175, 4.825, 5.072, 4.845, 5.278, 6.059, 6.545, 7.194, 7.55, 7.604, 7.838, 8.209, 7.762, 8.06, 9.267, 9.252, 9.36, 9.336, 9.231, 9.609, 10.273, 9.589, 8.729, 8.315, 8.228, 8.027, 7.529, 7.246, 7.266, 7.34, 6.925, 6.387, 6.672, 6.895, 7.03, 7.301, 8.174, 9.479, 10.076, 9.904, 9.79, 9.673, 9.713, 9.306, 8.587, 8.322, 9.071, 8.948, 8.353, 8.079, 8.177, 8.829, 8.782], [5.025, 5.077, 4.956, 5.217, 5.795, 5.858, 4.244, 3.285, 2.995, 2.375, 1.52, 0.0, 1.097, 1.187, 1.525, 2.111, 1.69, 1.274, 1.26, 1.468, 1.537, 0.956, 1.517, 1.5, 1.677, 2.24, 2.507, 1.884, 2.458, 2.877, 2.78, 3.547, 4.347, 5.085, 5.759, 5.962, 5.832, 6.199, 6.979, 7.413, 8.267, 8.634, 8.656, 8.905, 9.296, 8.779, 9.083, 10.285, 10.245, 10.368, 10.345, 10.232, 10.61, 11.229, 10.568, 9.725, 9.152, 9.096, 8.911, 8.503, 8.255, 8.298, 8.279, 7.897, 7.389, 7.677, 7.935, 8.111, 8.225, 9.142, 10.514, 11.137, 10.937, 10.811, 10.692, 10.732, 10.325, 9.605, 9.34, 10.011, 9.979, 9.375, 9.097, 9.08, 9.752, 9.744], [5.363, 5.415, 5.293, 5.554, 6.159, 6.199, 4.607, 3.605, 3.369, 2.74, 1.766, 1.097, 0.0, 0.571, 1.749, 2.322, 1.937, 1.44, 1.184, 1.606, 1.463, 1.242, 1.9, 1.922, 1.991, 2.489, 2.893, 2.327, 2.815, 3.218, 3.116, 3.936, 4.696, 5.379, 6.072, 6.324, 6.234, 6.577, 7.295, 7.845, 8.596, 8.949, 8.965, 9.225, 9.611, 9.107, 9.403, 10.604, 10.563, 10.707, 10.684, 10.566, 10.944, 11.554, 10.9, 10.116, 9.521, 9.429, 9.227, 8.843, 8.609, 8.623, 8.584, 8.181, 7.722, 7.996, 8.252, 8.427, 8.603, 9.44, 10.822, 11.453, 11.25, 11.145, 11.029, 11.069, 10.662, 9.943, 9.677, 10.348, 10.299, 9.724, 9.446, 9.488, 10.163, 10.155], [5.21, 5.259, 5.137, 5.398, 6.068, 6.087, 4.547, 3.513, 3.306, 2.584, 1.846, 1.187, 0.571, 0.0, 1.877, 2.344, 1.912, 1.483, 1.228, 1.724, 1.585, 1.376, 1.902, 1.827, 1.947, 2.566, 2.91, 2.357, 2.815, 3.267, 3.09, 3.879, 4.657, 5.256, 5.929, 6.206, 6.227, 6.516, 7.226, 7.849, 8.511, 8.833, 8.886, 9.143, 9.449, 8.932, 9.184, 10.391, 10.36, 10.535, 10.522, 10.406, 10.784, 11.43, 10.776, 10.051, 9.507, 9.336, 9.134, 8.694, 8.493, 8.454, 8.498, 8.014, 7.498, 7.845, 8.071, 8.238, 8.559, 9.334, 10.65, 11.266, 11.068, 10.989, 10.873, 10.913, 10.506, 9.787, 9.521, 10.192, 10.165, 9.631, 9.361, 9.472, 10.161, 10.163], [3.903, 4.093, 3.901, 4.066, 4.624, 4.717, 3.182, 2.261, 2.512, 2.165, 1.246, 1.525, 1.749, 1.877, 0.0, 1.455, 1.331, 1.457, 1.715, 2.446, 2.853, 1.908, 1.593, 1.955, 2.387, 2.147, 2.433, 2.115, 1.529, 1.847, 1.975, 2.532, 3.289, 4.05, 4.761, 4.915, 4.803, 5.171, 5.906, 6.338, 7.085, 7.453, 7.481, 7.708, 8.115, 7.674, 7.975, 9.179, 9.139, 9.212, 9.221, 9.13, 9.472, 10.13, 9.499, 8.637, 8.073, 8.064, 7.863, 7.362, 7.1, 7.185, 7.229, 6.819, 6.288, 6.523, 6.765, 6.941, 7.128, 8.019, 9.39, 9.961, 9.796, 9.641, 9.525, 9.565, 9.158, 8.438, 8.173, 8.902, 8.807, 8.204, 7.934, 8.059, 8.608, 8.584], [3.246, 3.305, 3.196, 3.43, 4.035, 4.117, 2.493, 1.648, 1.46, 1.221, 1.294, 2.111, 2.322, 2.344, 1.455, 0.0, 0.91, 1.38, 2.071, 3.013, 3.358, 2.384, 1.501, 1.892, 2.585, 1.577, 1.855, 1.611, 1.162, 1.714, 1.566, 1.992, 2.733, 3.438, 4.09, 4.35, 4.351, 4.625, 5.368, 5.924, 6.455, 6.816, 6.883, 7.121, 7.451, 7.045, 7.334, 8.52, 8.494, 8.596, 8.565, 8.46, 8.838, 9.526, 8.852, 8.128, 7.617, 7.49, 7.288, 6.79, 6.482, 6.542, 6.631, 6.204, 5.662, 5.915, 6.114, 6.273, 6.598, 7.456, 8.735, 9.342, 9.143, 9.017, 8.901, 8.941, 8.534, 7.814, 7.549, 8.332, 8.186, 7.61, 7.335, 7.551, 8.167, 8.16], [3.586, 3.6, 3.503, 3.749, 4.488, 4.547, 2.968, 2.149, 1.788, 1.264, 1.138, 1.69, 1.937, 1.912, 1.331, 0.91, 0.0, 1.045, 1.665, 2.495, 2.9, 1.913, 1.086, 1.543, 2.075, 1.574, 1.799, 1.47, 1.354, 1.81, 1.746, 2.456, 3.235, 3.824, 4.474, 4.736, 4.795, 5.095, 5.777, 6.361, 7.01, 7.298, 7.355, 7.587, 7.896, 7.443, 7.755, 8.952, 8.927, 8.927, 8.935, 8.773, 9.151, 9.822, 9.227, 8.645, 8.026, 7.806, 7.589, 7.113, 6.908, 6.948, 7.049, 6.603, 6.099, 6.292, 6.532, 6.73, 6.984, 7.901, 9.166, 9.746, 9.566, 9.397, 9.257, 9.254, 8.847, 8.128, 7.863, 8.633, 8.601, 8.133, 7.802, 7.974, 8.534, 8.57], [4.379, 4.42, 4.338, 4.518, 5.067, 5.306, 3.67, 2.782, 2.498, 1.748, 1.037, 1.274, 1.44, 1.483, 1.457, 1.38, 1.045, 0.0, 0.9, 1.819, 2.13, 1.364, 1.051, 1.323, 1.525, 1.637, 2.01, 1.552, 2.075, 2.533, 2.432, 3.18, 3.989, 4.707, 5.366, 5.633, 5.412, 5.853, 6.638, 7.051, 7.679, 7.969, 8.138, 8.363, 8.642, 8.329, 8.581, 9.732, 9.697, 9.713, 9.66, 9.555, 9.941, 10.714, 10.032, 9.313, 8.823, 8.718, 8.508, 7.976, 7.587, 7.818, 7.911, 7.481, 6.902, 7.077, 7.249, 7.452, 7.828, 8.699, 9.956, 10.582, 10.343, 10.147, 9.985, 10.025, 9.646, 8.899, 8.672, 9.519, 9.39, 8.783, 8.539, 8.702, 9.322, 9.289], [5.111, 5.161, 5.086, 5.3, 5.854, 6.012, 4.357, 3.481, 3.151, 2.423, 1.377, 1.26, 1.184, 1.228, 1.715, 2.071, 1.665, 0.9, 0.0, 1.22, 1.555, 1.371, 1.474, 1.366, 1.244, 1.875, 2.106, 1.845, 2.765, 3.207, 3.128, 3.883, 4.68, 5.419, 6.089, 6.324, 6.055, 6.52, 7.305, 7.705, 8.404, 8.754, 8.82, 9.039, 9.416, 9.035, 9.314, 10.515, 10.477, 10.467, 10.474, 10.338, 10.716, 11.415, 10.774, 9.952, 9.463, 9.394, 9.204, 8.677, 8.354, 8.54, 8.613, 8.201, 7.643, 7.858, 8.071, 8.252, 8.516, 9.402, 10.729, 11.322, 11.13, 10.934, 10.792, 10.815, 10.408, 9.688, 9.423, 10.217, 10.14, 9.515, 9.244, 9.357, 9.917, 9.869], [5.723, 5.776, 5.671, 5.915, 6.469, 6.642, 5.001, 4.153, 3.738, 3.016, 1.994, 1.468, 1.606, 1.724, 2.446, 3.013, 2.495, 1.819, 1.22, 0.0, 1.313, 1.405, 2.109, 1.858, 1.42, 2.109, 2.124, 2.156, 3.363, 3.814, 3.719, 4.465, 5.264, 6.006, 6.675, 6.908, 6.612, 7.101, 7.888, 8.286, 9.045, 9.416, 9.436, 9.677, 10.078, 9.644, 9.94, 11.147, 11.107, 11.123, 11.132, 10.95, 11.33, 12.019, 11.398, 10.536, 10.044, 9.981, 9.791, 9.291, 9.012, 9.138, 9.199, 8.803, 8.267, 8.488, 8.729, 8.904, 9.098, 10.004, 11.359, 11.951, 11.761, 11.593, 11.454, 11.437, 11.023, 10.303, 10.038, 10.836, 10.772, 10.152, 9.877, 9.936, 10.464, 10.415], [5.907, 5.98, 5.94, 6.104, 6.679, 6.962, 5.314, 4.565, 4.147, 3.375, 2.518, 1.537, 1.463, 1.585, 2.853, 3.358, 2.9, 2.13, 1.555, 1.313, 0.0, 1.179, 2.411, 2.109, 1.666, 2.915, 2.962, 2.599, 3.781, 4.239, 4.083, 4.879, 5.66, 6.364, 7.033, 7.282, 7.07, 7.545, 8.304, 8.739, 9.356, 9.672, 9.806, 10.029, 10.317, 9.986, 10.252, 11.42, 11.386, 11.364, 11.368, 11.186, 11.568, 12.33, 11.707, 11.009, 10.463, 10.339, 10.149, 9.609, 9.261, 9.485, 9.572, 9.147, 8.58, 8.767, 8.965, 9.149, 9.496, 10.359, 11.634, 12.26, 12.034, 11.838, 11.684, 11.666, 11.19, 10.469, 10.266, 11.147, 11.053, 10.451, 10.19, 10.355, 10.926, 10.882], [4.801, 4.853, 4.8, 4.986, 5.575, 5.844, 4.21, 3.454, 3.051, 2.248, 1.646, 0.956, 1.242, 1.376, 1.908, 2.384, 1.913, 1.364, 1.371, 1.405, 1.179, 0.0, 1.557, 1.522, 1.636, 2.278, 2.517, 2.022, 2.705, 3.208, 3.057, 3.813, 4.563, 5.259, 5.904, 6.195, 6.069, 6.449, 7.203, 7.653, 8.244, 8.566, 8.702, 8.928, 9.225, 8.882, 9.123, 10.289, 10.256, 10.235, 10.238, 10.057, 10.438, 11.201, 10.584, 9.936, 9.362, 9.232, 9.024, 8.481, 8.129, 8.361, 8.465, 8.021, 7.451, 7.636, 7.835, 8.022, 8.396, 9.263, 10.503, 11.131, 10.904, 10.707, 10.555, 10.537, 10.086, 9.365, 9.135, 10.019, 9.942, 9.345, 9.085, 9.265, 9.83, 9.806], [3.721, 3.773, 3.752, 3.962, 4.514, 4.716, 3.032, 2.335, 1.931, 1.337, 1.02, 1.517, 1.9, 1.902, 1.593, 1.501, 1.086, 1.051, 1.474, 2.109, 2.411, 1.557, 0.0, 0.826, 1.443, 1.317, 1.58, 1.117, 1.668, 2.16, 2.044, 2.695, 3.31, 4.058, 4.71, 4.927, 4.692, 5.149, 5.934, 6.346, 7.072, 7.405, 7.464, 7.679, 8.061, 7.66, 7.957, 9.164, 9.124, 9.111, 9.119, 8.951, 9.329, 10.037, 9.417, 8.608, 8.093, 8.015, 7.825, 7.31, 6.999, 7.161, 7.248, 6.83, 6.284, 6.506, 6.716, 6.892, 7.132, 8.028, 9.376, 9.964, 9.778, 9.582, 9.437, 9.427, 9.02, 8.301, 8.036, 8.851, 8.789, 8.164, 7.868, 7.98, 8.554, 8.513], [4.146, 4.198, 4.151, 4.439, 4.96, 5.104, 3.494, 2.702, 2.352, 1.646, 1.109, 1.5, 1.922, 1.827, 1.955, 1.892, 1.543, 1.323, 1.366, 1.858, 2.109, 1.522, 0.826, 0.0, 0.969, 1.409, 1.541, 1.077, 2.081, 2.575, 2.422, 3.066, 3.773, 4.438, 5.096, 5.359, 5.069, 5.586, 6.37, 6.773, 7.514, 7.869, 7.924, 8.164, 8.522, 8.05, 8.343, 9.548, 9.509, 9.546, 9.554, 9.373, 9.752, 10.422, 9.806, 9.033, 8.529, 8.404, 8.211, 7.701, 7.435, 7.547, 7.639, 7.216, 6.671, 6.895, 7.151, 7.327, 7.57, 8.415, 9.761, 10.379, 10.162, 10.02, 9.881, 9.863, 9.445, 8.725, 8.46, 9.238, 9.188, 8.579, 8.307, 8.379, 8.984, 8.944], [4.902, 4.947, 4.982, 5.24, 5.761, 5.944, 4.312, 3.56, 3.205, 2.421, 1.699, 1.677, 1.991, 1.947, 2.387, 2.585, 2.075, 1.525, 1.244, 1.42, 1.666, 1.636, 1.443, 0.969, 0.0, 1.755, 1.79, 1.491, 2.838, 3.325, 3.203, 3.873, 4.613, 5.286, 5.864, 6.129, 5.825, 6.342, 7.127, 7.527, 8.224, 8.586, 8.649, 8.906, 9.24, 8.84, 9.103, 10.31, 10.282, 10.292, 10.292, 10.103, 10.485, 11.189, 10.572, 9.777, 9.285, 9.179, 8.979, 8.439, 8.198, 8.336, 8.464, 8.003, 7.438, 7.668, 7.902, 8.069, 8.32, 9.195, 10.524, 11.09, 10.925, 10.745, 10.606, 10.588, 10.168, 9.449, 9.184, 9.977, 9.942, 9.317, 9.065, 9.148, 9.707, 9.659], [3.792, 3.857, 3.846, 4.134, 4.662, 4.754, 3.123, 2.43, 2.199, 1.468, 1.284, 2.24, 2.489, 2.566, 2.147, 1.577, 1.574, 1.637, 1.875, 2.109, 2.915, 2.278, 1.317, 1.409, 1.755, 0.0, 0.963, 1.244, 1.654, 2.221, 1.98, 2.586, 3.325, 4.008, 4.623, 4.868, 4.564, 5.086, 5.884, 6.278, 7.067, 7.423, 7.46, 7.709, 8.084, 7.614, 7.919, 9.124, 9.083, 9.138, 9.126, 9.009, 9.387, 10.035, 9.374, 8.546, 8.039, 7.946, 7.745, 7.281, 7.037, 7.116, 7.167, 6.769, 6.232, 6.466, 6.723, 6.899, 7.064, 7.965, 9.335, 9.927, 9.74, 9.59, 9.453, 9.493, 9.086, 8.367, 8.101, 8.819, 8.758, 8.149, 7.873, 7.893, 8.548, 8.516], [3.948, 4.047, 3.891, 4.216, 4.703, 4.877, 3.232, 2.572, 2.374, 1.581, 1.733, 2.507, 2.893, 2.91, 2.433, 1.855, 1.799, 2.01, 2.106, 2.124, 2.962, 2.517, 1.58, 1.541, 1.79, 0.963, 0.0, 1.067, 1.809, 2.349, 2.198, 2.673, 3.408, 4.145, 4.802, 4.991, 4.714, 5.176, 5.979, 6.351, 7.215, 7.586, 7.598, 7.835, 8.248, 7.792, 8.097, 9.3, 9.26, 9.291, 9.3, 9.118, 9.498, 10.167, 9.547, 8.643, 8.091, 8.107, 7.917, 7.423, 7.18, 7.288, 7.332, 6.935, 6.41, 6.641, 6.896, 7.072, 7.194, 8.123, 9.512, 10.091, 9.918, 9.763, 9.624, 9.606, 9.184, 8.465, 8.2, 8.964, 8.931, 8.322, 8.045, 8.045, 8.461, 8.411], [3.933, 4.006, 3.956, 4.244, 4.772, 4.894, 3.266, 2.484, 2.243, 1.461, 1.445, 1.884, 2.327, 2.357, 2.115, 1.611, 1.47, 1.552, 1.845, 2.156, 2.599, 2.022, 1.117, 1.077, 1.491, 1.244, 1.067, 0.0, 1.725, 2.256, 2.069, 2.67, 3.41, 4.09, 4.749, 4.996, 4.804, 5.199, 6.004, 6.401, 7.219, 7.589, 7.609, 7.87, 8.251, 7.75, 8.052, 9.257, 9.217, 9.287, 9.295, 9.142, 9.519, 10.142, 9.532, 8.667, 8.153, 8.055, 7.866, 7.419, 7.175, 7.263, 7.285, 6.902, 6.365, 6.638, 6.905, 7.068, 7.229, 8.108, 9.472, 10.102, 9.892, 9.766, 9.627, 9.633, 9.226, 8.507, 8.241, 8.929, 8.934, 8.325, 8.048, 8.042, 8.643, 8.634], [2.855, 2.995, 2.771, 2.953, 3.666, 3.655, 2.193, 1.586, 1.536, 1.351, 1.545, 2.458, 2.815, 2.815, 1.529, 1.162, 1.354, 2.075, 2.765, 3.363, 3.781, 2.705, 1.668, 2.081, 2.838, 1.654, 1.809, 1.725, 0.0, 0.83, 0.885, 1.411, 2.162, 2.804, 3.427, 3.661, 3.793, 3.978, 4.698, 5.349, 5.993, 6.36, 6.396, 6.605, 6.945, 6.465, 6.771, 7.974, 7.928, 8.036, 8.013, 7.915, 8.299, 8.927, 8.328, 7.612, 6.992, 6.796, 6.567, 6.174, 5.979, 6.012, 5.94, 5.569, 5.146, 5.354, 5.593, 5.773, 5.899, 6.883, 8.178, 8.768, 8.589, 8.468, 8.352, 8.392, 7.985, 7.265, 7.0, 7.709, 7.622, 7.236, 6.901, 6.963, 7.547, 7.632], [3.062, 3.352, 2.941, 3.151, 3.591, 3.482, 2.387, 1.918, 2.054, 1.976, 2.076, 2.877, 3.218, 3.267, 1.847, 1.714, 1.81, 2.533, 3.207, 3.814, 4.239, 3.208, 2.16, 2.575, 3.325, 2.221, 2.349, 2.256, 0.83, 0.0, 0.907, 1.306, 1.905, 2.562, 3.321, 3.562, 3.699, 3.897, 4.536, 5.211, 5.84, 6.217, 6.198, 6.395, 6.685, 6.19, 6.508, 7.621, 7.62, 7.661, 7.653, 7.644, 7.999, 8.607, 8.24, 7.474, 6.819, 6.467, 6.162, 5.984, 5.769, 5.85, 5.582, 5.229, 4.971, 5.128, 5.373, 5.587, 5.625, 6.638, 7.8, 8.431, 8.224, 8.094, 7.971, 8.011, 7.604, 6.885, 6.628, 7.348, 7.295, 7.047, 6.74, 6.797, 7.286, 7.437], [3.11, 3.262, 2.876, 3.132, 3.431, 3.419, 2.245, 1.902, 1.981, 1.8, 1.932, 2.78, 3.116, 3.09, 1.975, 1.566, 1.746, 2.432, 3.128, 3.719, 4.083, 3.057, 2.044, 2.422, 3.203, 1.98, 2.198, 2.069, 0.885, 0.907, 0.0, 1.038, 1.763, 2.374, 3.075, 3.369, 3.557, 3.64, 4.351, 5.123, 5.708, 6.063, 6.066, 6.301, 6.631, 6.11, 6.38, 7.583, 7.581, 7.762, 7.743, 7.631, 8.011, 8.629, 8.067, 7.236, 6.734, 6.46, 6.246, 5.926, 5.745, 5.649, 5.582, 5.171, 4.745, 5.084, 5.321, 5.49, 5.702, 6.573, 7.844, 8.473, 8.291, 8.221, 8.104, 8.144, 7.737, 7.018, 6.753, 7.424, 7.379, 6.971, 6.637, 6.658, 7.332, 7.417], [2.856, 3.194, 2.695, 2.857, 2.644, 2.724, 1.92, 1.828, 2.073, 2.154, 2.653, 3.547, 3.936, 3.879, 2.532, 1.992, 2.456, 3.18, 3.883, 4.465, 4.879, 3.813, 2.695, 3.066, 3.873, 2.586, 2.673, 2.67, 1.411, 1.306, 1.038, 0.0, 0.908, 1.692, 2.438, 2.646, 2.663, 2.856, 3.632, 4.225, 4.93, 5.349, 5.347, 5.588, 5.938, 5.405, 5.613, 6.829, 6.828, 7.028, 7.023, 6.943, 7.297, 7.912, 7.357, 6.336, 5.887, 5.745, 5.56, 5.182, 4.98, 4.933, 4.885, 4.445, 4.0, 4.351, 4.592, 4.766, 4.909, 5.784, 7.137, 7.746, 7.563, 7.481, 7.365, 7.405, 6.998, 6.278, 6.013, 6.684, 6.635, 6.135, 5.829, 5.758, 6.44, 6.515], [2.925, 3.307, 2.674, 2.872, 2.387, 2.189, 1.932, 2.074, 2.285, 2.679, 3.418, 4.347, 4.696, 4.657, 3.289, 2.733, 3.235, 3.989, 4.68, 5.264, 5.66, 4.563, 3.31, 3.773, 4.613, 3.325, 3.408, 3.41, 2.162, 1.905, 1.763, 0.908, 0.0, 1.079, 2.017, 2.061, 2.218, 2.367, 3.108, 3.629, 4.22, 4.586, 4.519, 4.75, 5.105, 4.619, 4.801, 6.011, 6.034, 6.309, 6.346, 6.325, 6.646, 7.268, 6.805, 5.686, 5.219, 5.002, 4.807, 4.539, 4.475, 4.262, 4.094, 3.624, 3.23, 3.614, 3.847, 3.999, 4.138, 5.014, 6.326, 6.948, 6.743, 6.689, 6.567, 6.607, 6.2, 5.503, 5.215, 5.891, 5.847, 5.403, 5.161, 5.186, 5.712, 5.822], [2.508, 2.905, 2.339, 2.441, 2.12, 1.864, 1.784, 2.126, 2.472, 3.129, 4.175, 5.085, 5.379, 5.256, 4.05, 3.438, 3.824, 4.707, 5.419, 6.006, 6.364, 5.259, 4.058, 4.438, 5.286, 4.008, 4.145, 4.09, 2.804, 2.562, 2.374, 1.692, 1.079, 0.0, 1.096, 1.422, 1.561, 1.734, 2.413, 3.192, 3.637, 3.964, 3.92, 4.168, 4.438, 3.928, 4.177, 5.332, 5.326, 5.494, 5.504, 5.458, 5.809, 6.459, 5.977, 5.202, 4.658, 4.249, 3.978, 3.776, 3.866, 3.504, 3.426, 2.922, 2.621, 2.838, 3.085, 3.268, 3.53, 4.366, 5.598, 6.244, 6.013, 5.925, 5.809, 5.849, 5.442, 4.742, 4.457, 5.13, 5.137, 4.755, 4.525, 4.6, 5.164, 5.297], [2.497, 2.677, 2.341, 2.251, 1.969, 1.719, 1.982, 2.721, 3.018, 3.773, 4.825, 5.759, 6.072, 5.929, 4.761, 4.09, 4.474, 5.366, 6.089, 6.675, 7.033, 5.904, 4.71, 5.096, 5.864, 4.623, 4.802, 4.749, 3.427, 3.321, 3.075, 2.438, 2.017, 1.096, 0.0, 0.907, 1.214, 1.427, 1.65, 2.624, 2.907, 3.322, 3.351, 3.571, 3.79, 3.256, 3.481, 4.623, 4.608, 4.739, 4.713, 4.622, 5.013, 5.599, 5.123, 4.581, 4.047, 3.605, 3.331, 3.059, 3.237, 2.805, 2.858, 2.306, 2.073, 2.144, 2.35, 2.523, 2.875, 3.764, 4.815, 5.489, 5.245, 5.15, 5.034, 5.074, 4.667, 3.982, 3.722, 4.371, 4.442, 4.184, 3.949, 3.918, 4.586, 4.708], [2.26, 2.607, 2.389, 2.383, 1.691, 1.46, 2.021, 2.95, 3.342, 4.049, 5.072, 5.962, 6.324, 6.206, 4.915, 4.35, 4.736, 5.633, 6.324, 6.908, 7.282, 6.195, 4.927, 5.359, 6.129, 4.868, 4.991, 4.996, 3.661, 3.562, 3.369, 2.646, 2.061, 1.422, 0.907, 0.0, 0.828, 1.138, 1.352, 1.954, 2.519, 2.85, 2.909, 3.121, 3.457, 2.948, 3.239, 4.412, 4.398, 4.587, 4.643, 4.591, 4.913, 5.497, 4.94, 4.095, 3.458, 3.285, 3.059, 2.756, 2.919, 2.484, 2.569, 2.137, 1.695, 1.989, 2.185, 2.307, 2.467, 3.351, 4.643, 5.259, 5.063, 4.984, 4.868, 4.908, 4.501, 3.842, 3.556, 4.219, 4.167, 3.724, 3.46, 3.455, 4.053, 4.135], [2.362, 2.829, 2.504, 2.552, 1.909, 1.794, 2.025, 2.912, 3.411, 3.972, 4.845, 5.832, 6.234, 6.227, 4.803, 4.351, 4.795, 5.412, 6.055, 6.612, 7.07, 6.069, 4.692, 5.069, 5.825, 4.564, 4.714, 4.804, 3.793, 3.699, 3.557, 2.663, 2.218, 1.561, 1.214, 0.828, 0.0, 1.026, 1.562, 1.992, 2.724, 3.097, 3.159, 3.403, 3.77, 3.247, 3.524, 4.715, 4.69, 4.831, 4.833, 4.756, 5.092, 5.693, 5.107, 4.134, 3.582, 3.483, 3.312, 3.052, 3.099, 2.824, 2.87, 2.437, 1.981, 2.288, 2.505, 2.577, 2.69, 3.555, 4.936, 5.551, 5.351, 5.224, 5.108, 5.148, 4.741, 4.096, 3.809, 4.46, 4.392, 3.788, 3.548, 3.453, 4.16, 4.136], [2.487, 2.892, 2.588, 2.739, 2.218, 1.974, 2.388, 3.271, 3.57, 4.307, 5.278, 6.199, 6.577, 6.516, 5.171, 4.625, 5.095, 5.853, 6.52, 7.101, 7.545, 6.449, 5.149, 5.586, 6.342, 5.086, 5.176, 5.199, 3.978, 3.897, 3.64, 2.856, 2.367, 1.734, 1.427, 1.138, 1.026, 0.0, 1.218, 2.113, 2.252, 2.666, 2.711, 2.91, 3.319, 2.785, 3.037, 4.203, 4.229, 4.434, 4.407, 4.307, 4.702, 5.314, 4.754, 3.704, 3.23, 3.14, 3.107, 2.96, 2.994, 2.479, 2.47, 2.085, 1.848, 2.164, 2.214, 2.227, 2.303, 3.217, 4.486, 5.085, 4.925, 4.847, 4.726, 4.765, 4.37, 3.788, 3.464, 4.108, 4.032, 3.562, 3.514, 3.249, 3.746, 3.85], [2.574, 2.791, 2.824, 2.781, 2.068, 1.9, 3.018, 3.984, 4.269, 5.053, 6.059, 6.979, 7.295, 7.226, 5.906, 5.368, 5.777, 6.638, 7.305, 7.888, 8.304, 7.203, 5.934, 6.37, 7.127, 5.884, 5.979, 6.004, 4.698, 4.536, 4.351, 3.632, 3.108, 2.413, 1.65, 1.352, 1.562, 1.218, 0.0, 1.341, 1.533, 1.967, 2.085, 2.197, 2.549, 2.025, 2.252, 3.411, 3.426, 3.629, 3.607, 3.565, 3.898, 4.498, 3.918, 3.103, 2.528, 2.359, 2.252, 2.081, 2.217, 1.81, 1.829, 1.439, 1.303, 1.474, 1.594, 1.681, 1.641, 2.479, 3.652, 4.274, 4.101, 4.023, 3.902, 3.941, 3.548, 2.923, 2.633, 3.287, 3.186, 2.867, 2.705, 2.545, 3.132, 3.207], [3.099, 3.212, 3.27, 3.256, 2.269, 2.193, 3.529, 4.457, 4.929, 5.545, 6.545, 7.413, 7.845, 7.849, 6.338, 5.924, 6.361, 7.051, 7.705, 8.286, 8.739, 7.653, 6.346, 6.773, 7.527, 6.278, 6.351, 6.401, 5.349, 5.211, 5.123, 4.225, 3.629, 3.192, 2.624, 1.954, 1.992, 2.113, 1.341, 0.0, 1.175, 1.777, 2.044, 2.043, 2.324, 1.846, 1.822, 3.025, 3.032, 3.297, 3.354, 3.353, 3.684, 4.206, 3.689, 2.585, 1.857, 1.984, 1.766, 1.713, 1.743, 1.516, 1.87, 1.689, 1.378, 1.68, 2.074, 1.94, 1.69, 1.984, 3.259, 3.862, 3.65, 3.52, 3.39, 3.429, 3.047, 2.5, 2.133, 2.754, 2.68, 2.218, 2.078, 2.094, 2.556, 2.569], [3.597, 3.663, 3.746, 3.671, 2.81, 2.673, 4.092, 5.101, 5.441, 6.141, 7.194, 8.267, 8.596, 8.511, 7.085, 6.455, 7.01, 7.679, 8.404, 9.045, 9.356, 8.244, 7.072, 7.514, 8.224, 7.067, 7.215, 7.219, 5.993, 5.84, 5.708, 4.93, 4.22, 3.637, 2.907, 2.519, 2.724, 2.252, 1.533, 1.175, 0.0, 1.182, 1.462, 1.458, 1.523, 1.185, 1.146, 2.154, 2.227, 2.522, 2.652, 2.682, 3.001, 3.602, 3.121, 2.207, 1.648, 1.637, 1.572, 1.728, 1.716, 1.24, 1.381, 1.343, 1.491, 1.409, 1.515, 1.327, 1.25, 1.486, 2.501, 3.059, 2.819, 2.659, 2.522, 2.553, 2.241, 1.834, 1.401, 2.113, 2.018, 1.765, 2.07, 1.952, 2.233, 2.298], [3.87, 3.937, 4.051, 3.956, 3.124, 3.043, 4.433, 5.477, 5.804, 6.448, 7.55, 8.634, 8.949, 8.833, 7.453, 6.816, 7.298, 7.969, 8.754, 9.416, 9.672, 8.566, 7.405, 7.869, 8.586, 7.423, 7.586, 7.589, 6.36, 6.217, 6.063, 5.349, 4.586, 3.964, 3.322, 2.85, 3.097, 2.666, 1.967, 1.777, 1.182, 0.0, 0.72, 0.746, 1.069, 1.1, 1.479, 2.348, 2.322, 2.744, 2.955, 2.956, 3.321, 4.158, 3.659, 2.823, 2.253, 2.283, 2.285, 2.518, 2.354, 1.766, 1.456, 1.677, 1.992, 1.871, 1.641, 1.519, 1.37, 1.663, 3.073, 3.302, 3.209, 3.047, 2.714, 2.365, 2.309, 2.07, 1.776, 2.297, 2.555, 2.395, 2.825, 2.809, 2.817, 2.834], [4.013, 4.123, 4.197, 4.189, 3.342, 3.12, 4.521, 5.522, 5.866, 6.555, 7.604, 8.656, 8.965, 8.886, 7.481, 6.883, 7.355, 8.138, 8.82, 9.436, 9.806, 8.702, 7.464, 7.924, 8.649, 7.46, 7.598, 7.609, 6.396, 6.198, 6.066, 5.347, 4.519, 3.92, 3.351, 2.909, 3.159, 2.711, 2.085, 2.044, 1.462, 0.72, 0.0, 0.521, 0.981, 1.158, 1.7, 2.485, 2.511, 3.019, 3.262, 3.312, 3.65, 4.415, 3.98, 3.003, 2.468, 2.477, 2.512, 2.833, 2.698, 2.064, 1.508, 1.781, 2.099, 1.981, 1.731, 1.444, 1.311, 1.567, 3.274, 3.368, 3.281, 3.244, 2.777, 2.406, 2.295, 2.078, 1.964, 2.393, 2.794, 2.638, 3.059, 3.007, 2.951, 3.035], [4.218, 4.276, 4.392, 4.34, 3.534, 3.292, 4.743, 5.774, 6.054, 6.778, 7.838, 8.905, 9.225, 9.143, 7.708, 7.121, 7.587, 8.363, 9.039, 9.677, 10.029, 8.928, 7.679, 8.164, 8.906, 7.709, 7.835, 7.87, 6.605, 6.395, 6.301, 5.588, 4.75, 4.168, 3.571, 3.121, 3.403, 2.91, 2.197, 2.043, 1.458, 0.746, 0.521, 0.0, 0.779, 1.122, 1.577, 2.359, 2.339, 2.852, 3.084, 3.123, 3.454, 4.245, 3.807, 2.878, 2.341, 2.365, 2.409, 2.806, 2.596, 1.987, 1.49, 1.96, 2.246, 2.042, 1.801, 1.535, 1.374, 1.434, 3.142, 3.255, 3.075, 3.064, 2.602, 2.201, 1.996, 1.899, 1.784, 2.248, 2.655, 2.566, 3.04, 3.003, 2.84, 2.924], [4.469, 4.509, 4.616, 4.522, 3.764, 3.509, 5.087, 6.109, 6.409, 7.103, 8.209, 9.296, 9.611, 9.449, 8.115, 7.451, 7.896, 8.642, 9.416, 10.078, 10.317, 9.225, 8.061, 8.522, 9.24, 8.084, 8.248, 8.251, 6.945, 6.685, 6.631, 5.938, 5.105, 4.438, 3.79, 3.457, 3.77, 3.319, 2.549, 2.324, 1.523, 1.069, 0.981, 0.779, 0.0, 0.883, 1.42, 1.907, 1.848, 2.276, 2.49, 2.506, 2.843, 3.686, 3.419, 2.669, 2.205, 2.115, 2.202, 2.558, 2.349, 1.786, 1.391, 1.965, 2.346, 2.039, 1.915, 1.589, 1.58, 1.248, 2.689, 2.763, 2.596, 2.582, 2.145, 1.801, 1.732, 1.723, 1.551, 1.949, 2.315, 2.421, 2.951, 2.938, 2.69, 2.774], [4.141, 4.169, 4.216, 4.138, 3.453, 3.09, 4.695, 5.619, 5.96, 6.735, 7.762, 8.779, 9.107, 8.932, 7.674, 7.045, 7.443, 8.329, 9.035, 9.644, 9.986, 8.882, 7.66, 8.05, 8.84, 7.614, 7.792, 7.75, 6.465, 6.19, 6.11, 5.405, 4.619, 3.928, 3.256, 2.948, 3.247, 2.785, 2.025, 1.846, 1.185, 1.1, 1.158, 1.122, 0.883, 0.0, 1.175, 1.98, 1.951, 2.343, 2.598, 2.605, 2.972, 3.656, 3.337, 2.539, 2.047, 1.96, 2.005, 2.278, 2.278, 1.484, 0.872, 1.333, 1.812, 1.662, 1.64, 1.432, 1.243, 1.259, 2.714, 2.86, 2.761, 2.731, 2.455, 2.317, 2.207, 1.891, 1.633, 2.08, 2.403, 2.372, 2.771, 2.616, 2.621, 2.706], [4.366, 4.346, 4.415, 4.344, 3.685, 3.333, 4.991, 5.891, 6.257, 7.0, 8.06, 9.083, 9.403, 9.184, 7.975, 7.334, 7.755, 8.581, 9.314, 9.94, 10.252, 9.123, 7.957, 8.343, 9.103, 7.919, 8.097, 8.052, 6.771, 6.508, 6.38, 5.613, 4.801, 4.177, 3.481, 3.239, 3.524, 3.037, 2.252, 1.822, 1.146, 1.479, 1.7, 1.577, 1.42, 1.175, 0.0, 1.38, 1.594, 2.135, 2.283, 2.304, 2.67, 3.176, 2.738, 1.924, 1.534, 1.334, 1.251, 1.696, 1.655, 1.257, 1.563, 1.58, 1.85, 1.784, 1.926, 1.661, 1.558, 1.263, 1.99, 2.465, 2.199, 2.117, 2.012, 2.0, 1.834, 1.713, 1.139, 1.392, 1.565, 1.599, 2.02, 2.055, 2.095, 2.168], [5.535, 5.496, 5.54, 5.433, 4.836, 4.506, 6.175, 7.098, 7.456, 8.192, 9.267, 10.285, 10.604, 10.391, 9.179, 8.52, 8.952, 9.732, 10.515, 11.147, 11.42, 10.289, 9.164, 9.548, 10.31, 9.124, 9.3, 9.257, 7.974, 7.621, 7.583, 6.829, 6.011, 5.332, 4.623, 4.412, 4.715, 4.203, 3.411, 3.025, 2.154, 2.348, 2.485, 2.359, 1.907, 1.98, 1.38, 0.0, 0.887, 1.178, 1.301, 1.417, 1.62, 2.221, 2.028, 1.649, 1.522, 1.45, 1.677, 2.018, 2.242, 2.017, 2.254, 2.611, 2.963, 2.931, 2.888, 2.668, 2.522, 1.902, 1.091, 1.314, 1.36, 1.447, 1.45, 1.694, 1.93, 2.155, 1.45, 1.303, 1.244, 1.542, 2.029, 2.145, 1.814, 1.779], [5.51, 5.435, 5.485, 5.419, 4.798, 4.48, 6.139, 7.058, 7.418, 8.155, 9.252, 10.245, 10.563, 10.36, 9.139, 8.494, 8.927, 9.697, 10.477, 11.107, 11.386, 10.256, 9.124, 9.509, 10.282, 9.083, 9.26, 9.217, 7.928, 7.62, 7.581, 6.828, 6.034, 5.326, 4.608, 4.398, 4.69, 4.229, 3.426, 3.032, 2.227, 2.322, 2.511, 2.339, 1.848, 1.951, 1.594, 0.887, 0.0, 1.047, 1.293, 1.53, 1.662, 2.162, 2.078, 1.853, 1.684, 1.721, 1.737, 2.148, 2.269, 2.042, 2.257, 2.72, 2.989, 2.862, 2.798, 2.749, 2.534, 1.993, 1.391, 1.594, 1.632, 1.672, 1.729, 1.858, 2.171, 2.398, 1.665, 1.496, 1.548, 1.93, 2.413, 2.379, 2.157, 2.167], [5.485, 5.41, 5.505, 5.309, 4.785, 4.583, 6.144, 7.16, 7.426, 8.132, 9.36, 10.368, 10.707, 10.535, 9.212, 8.596, 8.927, 9.713, 10.467, 11.123, 11.364, 10.235, 9.111, 9.546, 10.292, 9.138, 9.291, 9.287, 8.036, 7.661, 7.762, 7.028, 6.309, 5.494, 4.739, 4.587, 4.831, 4.434, 3.629, 3.297, 2.522, 2.744, 3.019, 2.852, 2.276, 2.343, 2.135, 1.178, 1.047, 0.0, 0.803, 0.95, 1.176, 1.784, 2.026, 1.923, 1.788, 1.644, 1.813, 2.006, 2.184, 2.222, 2.622, 3.115, 3.361, 3.09, 3.022, 3.122, 3.012, 2.445, 1.496, 1.713, 1.583, 1.546, 1.565, 1.779, 2.202, 2.406, 1.772, 1.743, 1.684, 1.824, 2.127, 2.266, 1.912, 1.939], [5.489, 5.398, 5.514, 5.324, 4.804, 4.623, 6.145, 7.136, 7.434, 8.132, 9.336, 10.345, 10.684, 10.522, 9.221, 8.565, 8.935, 9.66, 10.474, 11.132, 11.368, 10.238, 9.119, 9.554, 10.292, 9.126, 9.3, 9.295, 8.013, 7.653, 7.743, 7.023, 6.346, 5.504, 4.713, 4.643, 4.833, 4.407, 3.607, 3.354, 2.652, 2.955, 3.262, 3.084, 2.49, 2.598, 2.283, 1.301, 1.293, 0.803, 0.0, 0.551, 0.809, 1.577, 1.762, 1.845, 1.838, 1.619, 1.864, 2.147, 2.232, 2.336, 2.825, 3.318, 3.453, 3.251, 3.118, 3.234, 3.208, 2.624, 1.499, 1.483, 1.642, 1.512, 1.493, 1.931, 2.413, 2.614, 1.989, 1.867, 1.536, 1.604, 1.919, 2.153, 1.688, 1.668], [5.349, 5.23, 5.328, 5.178, 4.673, 4.599, 6.022, 7.052, 7.256, 7.973, 9.231, 10.232, 10.566, 10.406, 9.13, 8.46, 8.773, 9.555, 10.338, 10.95, 11.186, 10.057, 8.951, 9.373, 10.103, 9.009, 9.118, 9.142, 7.915, 7.644, 7.631, 6.943, 6.325, 5.458, 4.622, 4.591, 4.756, 4.307, 3.565, 3.353, 2.682, 2.956, 3.312, 3.123, 2.506, 2.605, 2.304, 1.417, 1.53, 0.95, 0.551, 0.0, 0.745, 1.625, 1.794, 1.914, 1.896, 1.646, 1.924, 1.978, 2.17, 2.32, 2.871, 3.346, 3.489, 3.3, 3.181, 3.256, 3.236, 2.656, 1.642, 1.619, 1.798, 1.785, 1.672, 2.052, 2.521, 2.703, 2.04, 1.874, 1.603, 1.606, 1.795, 2.016, 1.516, 1.586], [5.71, 5.613, 5.73, 5.547, 5.003, 4.934, 6.388, 7.399, 7.645, 8.35, 9.609, 10.61, 10.944, 10.784, 9.472, 8.838, 9.151, 9.941, 10.716, 11.33, 11.568, 10.438, 9.329, 9.752, 10.485, 9.387, 9.498, 9.519, 8.299, 7.999, 8.011, 7.297, 6.646, 5.809, 5.013, 4.913, 5.092, 4.702, 3.898, 3.684, 3.001, 3.321, 3.65, 3.454, 2.843, 2.972, 2.67, 1.62, 1.662, 1.176, 0.809, 0.745, 0.0, 1.122, 1.448, 1.794, 2.053, 1.859, 2.215, 2.277, 2.497, 2.636, 3.228, 3.737, 3.786, 3.667, 3.582, 3.581, 3.491, 2.886, 1.429, 1.246, 1.639, 1.704, 1.911, 2.281, 2.664, 2.969, 2.351, 1.916, 1.567, 1.776, 1.901, 2.12, 1.641, 1.75], [6.46, 6.37, 6.429, 6.3, 5.807, 5.596, 7.093, 8.039, 8.33, 9.076, 10.273, 11.229, 11.554, 11.43, 10.13, 9.526, 9.822, 10.714, 11.415, 12.019, 12.33, 11.201, 10.037, 10.422, 11.189, 10.035, 10.167, 10.142, 8.927, 8.607, 8.629, 7.912, 7.268, 6.459, 5.599, 5.497, 5.693, 5.314, 4.498, 4.206, 3.602, 4.158, 4.415, 4.245, 3.686, 3.656, 3.176, 2.221, 2.162, 1.784, 1.577, 1.625, 1.122, 0.0, 1.191, 2.05, 2.55, 2.425, 2.731, 2.847, 3.267, 3.176, 3.913, 4.267, 4.33, 4.281, 4.311, 4.229, 4.0, 3.237, 1.482, 1.255, 1.483, 1.816, 2.344, 2.734, 3.055, 3.481, 3.013, 2.344, 2.012, 2.24, 2.402, 2.374, 2.104, 2.168], [5.895, 5.859, 5.889, 5.839, 5.266, 5.091, 6.483, 7.471, 7.799, 8.455, 9.589, 10.568, 10.9, 10.776, 9.499, 8.852, 9.227, 10.032, 10.774, 11.398, 11.707, 10.584, 9.417, 9.806, 10.572, 9.374, 9.547, 9.532, 8.328, 8.24, 8.067, 7.357, 6.805, 5.977, 5.123, 4.94, 5.107, 4.754, 3.918, 3.689, 3.121, 3.659, 3.98, 3.807, 3.419, 3.337, 2.738, 2.028, 2.078, 2.026, 1.762, 1.794, 1.448, 1.191, 0.0, 1.566, 2.019, 2.036, 2.444, 2.543, 2.825, 2.688, 3.589, 3.951, 3.892, 3.9, 4.01, 3.791, 3.524, 2.72, 1.517, 1.481, 1.439, 1.667, 2.199, 2.755, 3.033, 3.386, 2.824, 2.245, 1.819, 1.76, 2.203, 2.215, 1.984, 2.018], [5.351, 5.414, 5.502, 5.503, 4.53, 4.423, 5.795, 6.675, 7.151, 7.828, 8.729, 9.725, 10.116, 10.051, 8.637, 8.128, 8.645, 9.313, 9.952, 10.536, 11.009, 9.936, 8.608, 9.033, 9.777, 8.546, 8.643, 8.667, 7.612, 7.474, 7.236, 6.336, 5.686, 5.202, 4.581, 4.095, 4.134, 3.704, 3.103, 2.585, 2.207, 2.823, 3.003, 2.878, 2.669, 2.539, 1.924, 1.649, 1.853, 1.923, 1.845, 1.914, 1.794, 2.05, 1.566, 0.0, 1.11, 1.467, 2.017, 2.338, 2.45, 1.968, 2.752, 3.115, 3.084, 3.365, 3.478, 3.198, 2.764, 2.107, 1.68, 1.839, 1.748, 1.819, 2.163, 2.469, 2.637, 2.963, 2.298, 1.92, 1.59, 1.453, 1.923, 1.844, 1.672, 1.503], [4.74, 4.836, 4.902, 4.892, 3.945, 3.789, 5.196, 6.159, 6.567, 7.24, 8.315, 9.152, 9.521, 9.507, 8.073, 7.617, 8.026, 8.823, 9.463, 10.044, 10.463, 9.362, 8.093, 8.529, 9.285, 8.039, 8.091, 8.153, 6.992, 6.819, 6.734, 5.887, 5.219, 4.658, 4.047, 3.458, 3.582, 3.23, 2.528, 1.857, 1.648, 2.253, 2.468, 2.341, 2.205, 2.047, 1.534, 1.522, 1.684, 1.788, 1.838, 1.896, 2.053, 2.55, 2.019, 1.11, 0.0, 0.833, 1.301, 1.718, 1.877, 1.545, 2.199, 2.634, 2.566, 2.749, 2.917, 2.733, 2.356, 1.738, 1.826, 2.219, 2.079, 2.036, 2.061, 2.208, 2.254, 2.486, 1.663, 1.607, 1.545, 1.268, 1.618, 1.475, 1.282, 1.267], [4.489, 4.523, 4.592, 4.542, 3.802, 3.467, 5.057, 6.005, 6.311, 7.085, 8.228, 9.096, 9.429, 9.336, 8.064, 7.49, 7.806, 8.718, 9.394, 9.981, 10.339, 9.232, 8.015, 8.404, 9.179, 7.946, 8.107, 8.055, 6.796, 6.467, 6.46, 5.745, 5.002, 4.249, 3.605, 3.285, 3.483, 3.14, 2.359, 1.984, 1.637, 2.283, 2.477, 2.365, 2.115, 1.96, 1.334, 1.45, 1.721, 1.644, 1.619, 1.646, 1.859, 2.425, 2.036, 1.467, 0.833, 0.0, 0.786, 1.26, 1.419, 1.381, 2.043, 2.38, 2.36, 2.505, 2.733, 2.531, 2.236, 1.733, 1.684, 2.189, 2.025, 2.005, 2.016, 2.167, 2.176, 2.273, 1.409, 1.471, 1.321, 1.073, 1.353, 1.334, 1.253, 1.372], [4.259, 4.231, 4.29, 4.168, 3.586, 3.252, 4.864, 5.792, 6.12, 6.876, 8.027, 8.911, 9.227, 9.134, 7.863, 7.288, 7.589, 8.508, 9.204, 9.791, 10.149, 9.024, 7.825, 8.211, 8.979, 7.745, 7.917, 7.866, 6.567, 6.162, 6.246, 5.56, 4.807, 3.978, 3.331, 3.059, 3.312, 3.107, 2.252, 1.766, 1.572, 2.285, 2.512, 2.409, 2.202, 2.005, 1.251, 1.677, 1.737, 1.813, 1.864, 1.924, 2.215, 2.731, 2.444, 2.017, 1.301, 0.786, 0.0, 1.041, 1.269, 1.356, 2.082, 2.1, 2.111, 2.227, 2.512, 2.357, 2.147, 1.877, 1.885, 2.444, 2.323, 2.305, 2.259, 2.38, 2.28, 2.129, 1.351, 1.513, 1.431, 1.354, 1.413, 1.45, 1.658, 1.779], [3.765, 3.765, 3.752, 3.692, 3.043, 2.844, 4.36, 5.326, 5.638, 6.357, 7.529, 8.503, 8.843, 8.694, 7.362, 6.79, 7.113, 7.976, 8.677, 9.291, 9.609, 8.481, 7.31, 7.701, 8.439, 7.281, 7.423, 7.419, 6.174, 5.984, 5.926, 5.182, 4.539, 3.776, 3.059, 2.756, 3.052, 2.96, 2.081, 1.713, 1.728, 2.518, 2.833, 2.806, 2.558, 2.278, 1.696, 2.018, 2.148, 2.006, 2.147, 1.978, 2.277, 2.847, 2.543, 2.338, 1.718, 1.26, 1.041, 0.0, 0.939, 1.335, 2.38, 2.243, 1.92, 2.13, 2.589, 2.459, 2.459, 2.303, 2.123, 2.752, 2.73, 2.749, 2.723, 2.843, 2.748, 2.535, 1.862, 1.88, 1.761, 1.525, 1.178, 1.348, 1.819, 2.013], [3.468, 3.482, 3.598, 3.47, 2.753, 2.669, 4.097, 5.048, 5.387, 6.039, 7.246, 8.255, 8.609, 8.493, 7.1, 6.482, 6.908, 7.587, 8.354, 9.012, 9.261, 8.129, 6.999, 7.435, 8.198, 7.037, 7.18, 7.175, 5.979, 5.769, 5.745, 4.98, 4.475, 3.866, 3.237, 2.919, 3.099, 2.994, 2.217, 1.743, 1.716, 2.354, 2.698, 2.596, 2.349, 2.278, 1.655, 2.242, 2.269, 2.184, 2.232, 2.17, 2.497, 3.267, 2.825, 2.45, 1.877, 1.419, 1.269, 0.939, 0.0, 1.262, 2.245, 2.392, 2.112, 2.319, 2.608, 2.393, 2.458, 2.197, 2.429, 3.064, 2.87, 2.775, 2.687, 2.813, 2.706, 2.466, 1.758, 2.193, 1.969, 1.678, 1.501, 1.875, 2.062, 2.17], [3.709, 3.72, 3.678, 3.647, 2.922, 2.703, 4.202, 5.116, 5.499, 6.213, 7.266, 8.298, 8.623, 8.454, 7.185, 6.542, 6.948, 7.818, 8.54, 9.138, 9.485, 8.361, 7.161, 7.547, 8.336, 7.116, 7.288, 7.263, 6.012, 5.85, 5.649, 4.933, 4.262, 3.504, 2.805, 2.484, 2.824, 2.479, 1.81, 1.516, 1.24, 1.766, 2.064, 1.987, 1.786, 1.484, 1.257, 2.017, 2.042, 2.222, 2.336, 2.32, 2.636, 3.176, 2.688, 1.968, 1.545, 1.381, 1.356, 1.335, 1.262, 0.0, 1.45, 1.748, 1.66, 1.941, 2.158, 1.874, 1.944, 1.659, 2.243, 2.899, 2.696, 2.652, 2.622, 2.761, 2.42, 2.237, 1.49, 2.082, 2.133, 1.803, 1.98, 1.939, 2.136, 2.183], [3.907, 3.987, 3.919, 3.836, 3.057, 2.649, 4.282, 5.202, 5.535, 6.319, 7.34, 8.279, 8.584, 8.498, 7.229, 6.631, 7.049, 7.911, 8.613, 9.199, 9.572, 8.465, 7.248, 7.639, 8.464, 7.167, 7.332, 7.285, 5.94, 5.582, 5.582, 4.885, 4.094, 3.426, 2.858, 2.569, 2.87, 2.47, 1.829, 1.87, 1.381, 1.456, 1.508, 1.49, 1.391, 0.872, 1.563, 2.254, 2.257, 2.622, 2.825, 2.871, 3.228, 3.913, 3.589, 2.752, 2.199, 2.043, 2.082, 2.38, 2.245, 1.45, 0.0, 1.105, 1.659, 1.622, 1.661, 1.509, 1.295, 1.559, 2.861, 3.173, 3.094, 3.059, 2.826, 2.809, 2.614, 2.242, 1.873, 2.474, 2.689, 2.642, 3.069, 2.817, 2.755, 2.854], [3.347, 3.341, 3.341, 3.231, 2.608, 2.224, 3.861, 4.769, 5.116, 5.877, 6.925, 7.897, 8.181, 8.014, 6.819, 6.204, 6.603, 7.481, 8.201, 8.803, 9.147, 8.021, 6.83, 7.216, 8.003, 6.769, 6.935, 6.902, 5.569, 5.229, 5.171, 4.445, 3.624, 2.922, 2.306, 2.137, 2.437, 2.085, 1.439, 1.689, 1.343, 1.677, 1.781, 1.96, 1.965, 1.333, 1.58, 2.611, 2.72, 3.115, 3.318, 3.346, 3.737, 4.267, 3.951, 3.115, 2.634, 2.38, 2.1, 2.243, 2.392, 1.748, 1.105, 0.0, 1.004, 1.024, 1.152, 1.197, 1.314, 1.918, 3.1, 3.578, 3.421, 3.308, 3.182, 3.199, 2.836, 2.224, 2.002, 2.536, 2.718, 2.737, 3.031, 2.879, 3.252, 3.374], [2.799, 2.799, 2.829, 2.861, 2.025, 1.705, 3.32, 4.217, 4.657, 5.329, 6.387, 7.389, 7.722, 7.498, 6.288, 5.662, 6.099, 6.902, 7.643, 8.267, 8.58, 7.451, 6.284, 6.671, 7.438, 6.232, 6.41, 6.365, 5.146, 4.971, 4.745, 4.0, 3.23, 2.621, 2.073, 1.695, 1.981, 1.848, 1.303, 1.378, 1.491, 1.992, 2.099, 2.246, 2.346, 1.812, 1.85, 2.963, 2.989, 3.361, 3.453, 3.489, 3.786, 4.33, 3.892, 3.084, 2.566, 2.36, 2.111, 1.92, 2.112, 1.66, 1.659, 1.004, 0.0, 1.022, 1.364, 1.386, 1.624, 2.26, 3.273, 3.913, 3.722, 3.667, 3.54, 3.579, 3.204, 2.565, 2.213, 2.904, 2.975, 2.616, 2.555, 2.675, 3.191, 3.256], [3.004, 3.07, 3.079, 3.066, 2.333, 1.928, 3.52, 4.482, 4.812, 5.543, 6.672, 7.677, 7.996, 7.845, 6.523, 5.915, 6.292, 7.077, 7.858, 8.488, 8.767, 7.636, 6.506, 6.895, 7.668, 6.466, 6.641, 6.638, 5.354, 5.128, 5.084, 4.351, 3.614, 2.838, 2.144, 1.989, 2.288, 2.164, 1.474, 1.68, 1.409, 1.871, 1.981, 2.042, 2.039, 1.662, 1.784, 2.931, 2.862, 3.09, 3.251, 3.3, 3.667, 4.281, 3.9, 3.365, 2.749, 2.505, 2.227, 2.13, 2.319, 1.941, 1.622, 1.024, 1.022, 0.0, 0.723, 1.03, 1.329, 2.05, 3.266, 3.849, 3.45, 3.276, 3.089, 3.116, 2.768, 2.081, 1.917, 2.595, 2.775, 2.704, 2.882, 2.938, 3.333, 3.407], [3.221, 3.297, 3.401, 3.234, 2.554, 2.322, 3.738, 4.735, 5.045, 5.748, 6.895, 7.935, 8.252, 8.071, 6.765, 6.114, 6.532, 7.249, 8.071, 8.729, 8.965, 7.835, 6.716, 7.151, 7.902, 6.723, 6.896, 6.905, 5.593, 5.373, 5.321, 4.592, 3.847, 3.085, 2.35, 2.185, 2.505, 2.214, 1.594, 2.074, 1.515, 1.641, 1.731, 1.801, 1.915, 1.64, 1.926, 2.888, 2.798, 3.022, 3.118, 3.181, 3.582, 4.311, 4.01, 3.478, 2.917, 2.733, 2.512, 2.589, 2.608, 2.158, 1.661, 1.152, 1.364, 0.723, 0.0, 0.824, 1.237, 2.061, 3.287, 3.737, 3.397, 3.21, 2.85, 2.892, 2.645, 1.971, 1.983, 2.647, 2.907, 2.853, 3.212, 3.143, 3.423, 3.498], [3.526,