[[0.0, 1.234, 2.459, 2.266, 2.495, 3.898, 4.295, 3.579, 3.313, 3.343, 3.843, 4.105, 4.241, 4.661, 5.409, 5.624, 5.324, 4.599, 2.751, 2.789, 3.033, 3.181, 3.293, 2.581, 2.769, 3.111, 3.435, 3.623, 4.425, 4.922, 4.943, 4.914, 5.144, 5.89, 5.879, 5.49, 5.404, 6.061, 6.172, 6.387, 6.009, 4.965, 4.932, 5.769, 7.097, 7.119, 6.938, 7.813, 8.822, 8.793, 8.983, 7.931, 5.678, 4.604, 3.981, 3.826, 3.863, 4.368, 4.651, 4.915, 3.946, 3.389, 2.928, 2.11, 2.255, 2.163, 2.341, 2.597, 2.526, 2.665, 2.935, 3.321, 3.885, 3.788, 4.25, 5.044, 5.175, 4.17, 2.298, 1.892, 2.837, 2.098, 2.394, 2.252, 1.743, 1.658], [1.234, 0.0, 1.357, 1.25, 1.5, 2.933, 3.242, 2.526, 2.26, 2.249, 2.878, 3.157, 3.183, 3.664, 4.234, 4.457, 4.196, 3.44, 2.124, 2.766, 2.851, 3.067, 3.471, 2.798, 2.954, 3.228, 3.867, 4.349, 5.294, 5.973, 5.851, 5.877, 6.026, 6.861, 6.874, 6.358, 6.49, 7.085, 7.216, 7.461, 6.999, 5.824, 5.755, 6.508, 7.767, 7.76, 7.557, 8.551, 9.834, 9.771, 9.87, 8.867, 6.421, 5.144, 4.743, 4.677, 4.788, 5.331, 5.706, 5.822, 4.902, 4.037, 3.49, 2.924, 3.243, 3.01, 2.984, 3.375, 3.32, 3.457, 3.753, 4.192, 4.924, 4.821, 5.2, 6.069, 6.223, 5.257, 3.246, 2.711, 3.617, 3.012, 3.151, 2.942, 1.906, 1.95], [2.459, 1.357, 0.0, 0.619, 0.821, 1.919, 2.153, 1.511, 1.325, 1.241, 1.644, 2.096, 2.254, 2.678, 3.199, 3.387, 2.948, 2.175, 1.697, 2.954, 3.267, 3.37, 3.697, 3.4, 3.115, 3.57, 4.554, 5.38, 6.404, 7.15, 7.032, 7.003, 7.203, 8.049, 8.062, 7.521, 7.725, 8.288, 8.413, 8.648, 8.183, 7.019, 6.862, 7.612, 8.768, 8.705, 8.352, 9.663, 11.095, 10.969, 10.974, 10.049, 7.468, 6.103, 5.802, 5.833, 5.943, 6.533, 6.931, 7.074, 6.107, 5.114, 4.438, 4.098, 4.407, 4.143, 4.161, 4.504, 4.396, 4.589, 4.898, 5.344, 6.095, 6.009, 6.389, 7.258, 7.399, 6.482, 4.404, 3.878, 4.8, 4.181, 4.195, 3.965, 2.636, 2.554], [2.266, 1.25, 0.619, 0.0, 0.894, 2.265, 2.422, 1.77, 1.432, 1.384, 1.971, 2.391, 2.663, 3.049, 3.491, 3.691, 3.131, 2.353, 1.926, 3.153, 3.425, 3.468, 3.844, 3.352, 3.285, 3.765, 4.671, 5.332, 6.258, 6.995, 6.9, 6.894, 7.068, 7.894, 7.907, 7.434, 7.548, 8.123, 8.252, 8.488, 8.023, 6.833, 6.678, 7.446, 8.643, 8.568, 8.184, 9.511, 10.915, 10.786, 10.817, 9.882, 7.303, 6.088, 5.713, 5.685, 5.761, 6.35, 6.743, 6.905, 5.931, 4.975, 4.389, 3.919, 4.223, 3.965, 4.023, 4.369, 4.236, 4.441, 4.749, 5.184, 5.934, 5.854, 6.233, 7.078, 7.227, 6.273, 4.249, 3.723, 4.645, 4.035, 4.059, 3.797, 2.592, 2.72], [2.495, 1.5, 0.821, 0.894, 0.0, 1.65, 1.939, 1.285, 1.15, 1.144, 1.539, 1.931, 2.258, 2.655, 3.181, 3.453, 3.044, 2.193, 1.842, 3.006, 3.39, 3.452, 3.836, 3.381, 3.018, 3.532, 4.59, 5.522, 6.583, 7.314, 7.185, 7.18, 7.363, 8.206, 8.22, 7.667, 7.834, 8.416, 8.568, 8.804, 8.339, 7.146, 6.991, 7.707, 8.923, 8.884, 8.447, 9.728, 11.15, 11.072, 11.12, 10.174, 7.631, 6.337, 6.005, 5.957, 6.061, 6.618, 7.043, 7.17, 6.237, 5.253, 4.613, 4.223, 4.536, 4.284, 4.296, 4.641, 4.548, 4.729, 5.037, 5.489, 6.248, 6.152, 6.526, 7.383, 7.543, 6.575, 4.563, 4.042, 4.964, 4.337, 4.323, 4.112, 2.824, 2.768], [3.898, 2.933, 1.919, 2.265, 1.65, 0.0, 0.83, 1.102, 1.384, 1.486, 1.041, 1.203, 1.361, 1.585, 2.074, 2.329, 2.016, 1.425, 2.108, 3.232, 3.879, 4.396, 4.574, 4.541, 3.621, 3.937, 5.498, 6.724, 7.944, 8.692, 8.563, 8.51, 8.738, 9.588, 9.602, 9.026, 9.207, 9.793, 9.951, 10.186, 9.721, 8.524, 8.369, 9.091, 10.267, 10.297, 9.786, 11.111, 12.546, 12.462, 12.496, 11.552, 9.044, 7.579, 7.345, 7.268, 7.443, 8.02, 8.437, 8.572, 7.614, 6.666, 5.828, 5.557, 5.868, 5.613, 5.654, 6.005, 5.9, 6.11, 6.419, 6.871, 7.63, 7.529, 7.908, 8.761, 8.925, 7.968, 5.942, 5.42, 6.343, 5.716, 5.7, 5.479, 3.996, 3.614], [4.295, 3.242, 2.153, 2.422, 1.939, 0.83, 0.0, 0.917, 1.359, 1.401, 1.042, 1.125, 1.366, 1.619, 1.963, 2.203, 1.673, 1.333, 2.141, 3.532, 4.179, 4.708, 4.817, 4.823, 3.952, 4.285, 5.867, 7.149, 8.369, 9.117, 8.988, 8.935, 9.163, 10.009, 10.023, 9.446, 9.62, 10.213, 10.371, 10.607, 10.142, 8.943, 8.788, 9.485, 10.679, 10.652, 10.063, 11.479, 12.934, 12.866, 12.901, 11.971, 9.422, 7.982, 7.749, 7.686, 7.849, 8.415, 8.842, 8.966, 8.035, 7.056, 6.24, 5.947, 6.25, 6.015, 6.075, 6.426, 6.321, 6.531, 6.84, 7.292, 8.051, 7.949, 8.329, 9.182, 9.341, 8.375, 6.363, 5.845, 6.767, 6.141, 6.097, 5.875, 4.422, 4.012], [3.579, 2.526, 1.511, 1.77, 1.285, 1.102, 0.917, 0.0, 0.695, 0.818, 1.052, 1.479, 1.877, 2.244, 2.726, 2.959, 2.41, 1.661, 1.927, 3.208, 3.756, 4.084, 4.142, 4.098, 3.258, 3.687, 5.186, 6.451, 7.651, 8.4, 8.271, 8.218, 8.446, 9.292, 9.306, 8.729, 8.902, 9.496, 9.654, 9.889, 9.424, 8.226, 8.071, 8.767, 9.962, 9.935, 9.332, 10.754, 12.215, 12.145, 12.181, 11.254, 8.704, 7.265, 7.032, 6.969, 7.13, 7.697, 8.124, 8.248, 7.318, 6.338, 5.57, 5.229, 5.532, 5.297, 5.357, 5.709, 5.603, 5.813, 6.123, 6.575, 7.333, 7.232, 7.611, 8.465, 8.623, 7.655, 5.646, 5.128, 6.05, 5.423, 5.381, 5.158, 3.775, 3.349], [3.313, 2.26, 1.325, 1.432, 1.15, 1.384, 1.359, 0.695, 0.0, 0.639, 1.381, 1.821, 2.166, 2.57, 3.038, 3.28, 2.7, 1.909, 2.066, 3.207, 3.733, 3.866, 4.057, 3.896, 3.248, 3.644, 5.159, 6.188, 7.367, 8.115, 7.986, 7.933, 8.161, 9.009, 9.024, 8.466, 8.628, 9.216, 9.372, 9.607, 9.142, 7.947, 7.792, 8.506, 9.68, 9.653, 9.075, 10.521, 11.957, 11.876, 11.907, 10.975, 8.422, 7.018, 6.75, 6.69, 6.858, 7.436, 7.852, 7.987, 7.037, 6.056, 5.247, 4.947, 5.25, 5.015, 5.075, 5.427, 5.321, 5.531, 5.841, 6.293, 7.051, 6.95, 7.329, 8.183, 8.345, 7.383, 5.364, 4.843, 5.765, 5.139, 5.122, 4.893, 3.451, 3.237], [3.343, 2.249, 1.241, 1.384, 1.144, 1.486, 1.401, 0.818, 0.639, 0.0, 1.253, 1.804, 2.05, 2.423, 2.829, 3.087, 2.476, 1.7, 2.104, 3.346, 3.783, 4.004, 4.226, 4.02, 3.459, 3.848, 5.293, 6.204, 7.327, 8.076, 7.947, 7.897, 8.122, 8.975, 8.988, 8.442, 8.652, 9.215, 9.341, 9.576, 9.111, 7.947, 7.802, 8.524, 9.649, 9.621, 9.11, 10.571, 12.0, 11.899, 11.887, 10.975, 8.391, 7.031, 6.728, 6.701, 6.876, 7.454, 7.871, 8.005, 7.037, 6.025, 5.25, 4.93, 5.219, 4.984, 5.044, 5.398, 5.29, 5.5, 5.82, 6.261, 7.02, 6.918, 7.298, 8.151, 8.315, 7.401, 5.33, 4.81, 5.726, 5.099, 5.129, 4.906, 3.448, 3.317], [3.843, 2.878, 1.644, 1.971, 1.539, 1.041, 1.042, 1.052, 1.381, 1.253, 0.0, 0.829, 1.24, 1.494, 1.973, 2.19, 1.716, 1.217, 2.127, 3.34, 3.912, 4.248, 4.582, 4.562, 3.776, 4.216, 5.453, 6.628, 7.843, 8.592, 8.462, 8.409, 8.637, 9.491, 9.503, 8.929, 9.154, 9.715, 9.854, 10.089, 9.624, 8.447, 8.303, 9.045, 10.166, 10.135, 9.69, 11.083, 12.505, 12.398, 12.403, 11.477, 8.904, 7.468, 7.245, 7.219, 7.376, 7.954, 8.37, 8.505, 7.536, 6.552, 5.752, 5.432, 5.732, 5.497, 5.557, 5.911, 5.803, 6.013, 6.325, 6.775, 7.533, 7.432, 7.811, 8.665, 8.828, 7.901, 5.846, 5.32, 6.242, 5.615, 5.629, 5.406, 4.008, 3.551], [4.105, 3.157, 2.096, 2.391, 1.931, 1.203, 1.125, 1.479, 1.821, 1.804, 0.829, 0.0, 0.802, 1.056, 1.645, 1.802, 1.656, 1.691, 2.129, 3.409, 4.119, 4.541, 4.953, 4.938, 4.161, 4.483, 5.694, 6.937, 8.157, 8.906, 8.776, 8.723, 8.951, 9.8, 9.815, 9.238, 9.425, 10.006, 10.163, 10.398, 9.933, 8.734, 8.582, 9.337, 10.487, 10.487, 10.115, 11.334, 12.773, 12.684, 12.715, 11.762, 9.229, 7.774, 7.558, 7.486, 7.648, 8.243, 8.642, 8.777, 7.826, 6.894, 6.083, 5.738, 6.041, 5.806, 5.889, 6.239, 6.112, 6.326, 6.65, 7.084, 7.842, 7.741, 8.12, 8.975, 9.135, 8.173, 6.154, 5.633, 6.556, 5.929, 5.906, 5.683, 4.257, 3.819], [4.241, 3.183, 2.254, 2.663, 2.258, 1.361, 1.366, 1.877, 2.166, 2.05, 1.24, 0.802, 0.0, 0.9, 1.476, 1.716, 1.684, 1.647, 2.129, 3.511, 4.042, 4.777, 5.311, 5.28, 4.503, 4.588, 5.86, 7.023, 8.209, 8.958, 8.829, 8.776, 9.004, 9.855, 9.87, 9.293, 9.517, 10.074, 10.218, 10.453, 9.988, 8.799, 8.671, 9.427, 10.593, 10.622, 10.396, 11.493, 12.888, 12.759, 12.814, 11.841, 9.354, 7.854, 7.609, 7.575, 7.734, 8.327, 8.722, 8.857, 7.889, 6.956, 6.174, 5.805, 6.096, 5.867, 5.93, 6.312, 6.22, 6.4, 6.706, 7.147, 7.897, 7.803, 8.175, 9.028, 9.192, 8.253, 6.212, 5.686, 6.608, 5.981, 5.978, 5.758, 4.273, 3.891], [4.661, 3.664, 2.678, 3.049, 2.655, 1.585, 1.619, 2.244, 2.57, 2.423, 1.494, 1.056, 0.9, 0.0, 0.955, 1.212, 1.35, 1.776, 2.436, 3.89, 4.474, 5.215, 5.748, 5.73, 4.953, 5.114, 6.321, 7.417, 8.609, 9.358, 9.229, 9.176, 9.404, 10.257, 10.27, 9.697, 9.937, 10.501, 10.622, 10.857, 10.392, 9.238, 9.111, 9.938, 11.009, 11.006, 10.851, 11.924, 13.308, 13.194, 13.19, 12.279, 9.713, 8.233, 8.009, 7.987, 8.162, 8.752, 9.148, 9.283, 8.314, 7.383, 6.647, 6.241, 6.5, 6.29, 6.368, 6.716, 6.62, 6.803, 7.143, 7.56, 8.316, 8.217, 8.581, 9.455, 9.596, 8.679, 6.612, 6.087, 7.009, 6.381, 6.406, 6.183, 4.714, 4.316], [5.409, 4.234, 3.199, 3.491, 3.181, 2.074, 1.963, 2.726, 3.038, 2.829, 1.973, 1.645, 1.476, 0.955, 0.0, 0.681, 1.098, 1.858, 2.958, 4.629, 5.14, 5.815, 6.396, 6.391, 5.614, 5.752, 7.028, 8.161, 9.334, 10.087, 9.953, 9.9, 10.128, 10.981, 10.994, 10.423, 10.677, 11.239, 11.348, 11.584, 11.119, 9.963, 9.836, 10.6, 11.688, 11.679, 11.467, 12.626, 14.043, 13.923, 13.929, 13.003, 10.415, 8.959, 8.748, 8.726, 8.9, 9.499, 9.893, 10.021, 9.052, 8.06, 7.297, 6.958, 7.227, 6.992, 7.064, 7.431, 7.321, 7.511, 7.849, 8.271, 9.028, 8.93, 9.306, 10.159, 10.323, 9.417, 7.337, 6.824, 7.733, 7.106, 7.143, 6.92, 5.433, 5.056], [5.624, 4.457, 3.387, 3.691, 3.453, 2.329, 2.203, 2.959, 3.28, 3.087, 2.19, 1.802, 1.716, 1.212, 0.681, 0.0, 1.143, 2.062, 3.187, 4.857, 5.326, 6.03, 6.637, 6.637, 5.857, 6.036, 7.252, 8.383, 9.513, 10.286, 10.133, 10.08, 10.307, 11.161, 11.174, 10.608, 10.872, 11.443, 11.527, 11.76, 11.295, 10.13, 9.999, 10.781, 11.881, 11.849, 11.703, 12.856, 14.246, 14.118, 14.091, 13.2, 10.59, 9.144, 8.918, 8.924, 9.067, 9.686, 10.06, 10.188, 9.222, 8.265, 7.518, 7.13, 7.403, 7.179, 7.255, 7.611, 7.511, 7.703, 8.018, 8.452, 9.209, 9.111, 9.484, 10.336, 10.504, 9.591, 7.516, 6.99, 7.912, 7.285, 7.306, 7.083, 5.595, 5.219], [5.324, 4.196, 2.948, 3.131, 3.044, 2.016, 1.673, 2.41, 2.7, 2.476, 1.716, 1.656, 1.684, 1.35, 1.098, 1.143, 0.0, 1.198, 2.887, 4.579, 5.044, 5.679, 6.178, 6.173, 5.4, 5.67, 6.97, 8.075, 9.235, 9.993, 9.855, 9.802, 10.03, 10.883, 10.896, 10.326, 10.618, 11.183, 11.251, 11.486, 11.021, 9.878, 9.732, 10.475, 11.563, 11.558, 11.244, 12.591, 13.997, 13.847, 13.824, 12.95, 10.305, 8.866, 8.654, 8.663, 8.806, 9.395, 9.801, 9.943, 8.967, 7.95, 7.236, 6.86, 7.129, 6.899, 6.985, 7.359, 7.204, 7.425, 7.77, 8.173, 8.93, 8.848, 9.223, 10.063, 10.228, 9.331, 7.238, 6.734, 7.634, 7.008, 7.053, 6.831, 5.343, 4.964], [4.599, 3.44, 2.175, 2.353, 2.193, 1.425, 1.333, 1.661, 1.909, 1.7, 1.217, 1.691, 1.647, 1.776, 1.858, 2.062, 1.198, 0.0, 2.373, 3.911, 4.349, 4.912, 5.326, 5.32, 4.535, 4.857, 6.218, 7.352, 8.533, 9.282, 9.153, 9.1, 9.328, 10.181, 10.194, 9.621, 9.886, 10.442, 10.546, 10.782, 10.317, 9.155, 9.01, 9.74, 10.854, 10.827, 10.397, 11.811, 13.246, 13.109, 13.103, 12.209, 9.596, 8.162, 7.934, 7.932, 8.086, 8.663, 9.078, 9.213, 8.244, 7.23, 6.462, 6.137, 6.425, 6.19, 6.255, 6.606, 6.498, 6.705, 7.03, 7.467, 8.226, 8.129, 8.504, 9.357, 9.521, 8.609, 6.536, 6.013, 6.932, 6.306, 6.332, 6.11, 4.622, 4.243], [2.751, 2.124, 1.697, 1.926, 1.842, 2.108, 2.141, 1.927, 2.066, 2.104, 2.127, 2.129, 2.129, 2.436, 2.958, 3.187, 2.887, 2.373, 0.0, 1.949, 2.543, 3.223, 3.604, 3.529, 2.83, 2.966, 4.145, 5.49, 6.702, 7.451, 7.322, 7.269, 7.497, 8.335, 8.349, 7.772, 7.964, 8.571, 8.697, 8.933, 8.468, 7.269, 7.156, 7.882, 9.068, 9.067, 8.761, 9.844, 11.298, 11.229, 11.265, 10.319, 7.773, 6.308, 6.075, 6.012, 6.172, 6.776, 7.165, 7.281, 6.365, 5.437, 4.684, 4.357, 4.654, 4.399, 4.473, 4.82, 4.697, 4.884, 5.2, 5.632, 6.377, 6.275, 6.676, 7.508, 7.672, 6.698, 4.689, 4.179, 5.101, 4.467, 4.409, 4.157, 2.759, 2.358], [2.789, 2.766, 2.954, 3.153, 3.006, 3.232, 3.532, 3.208, 3.207, 3.346, 3.34, 3.409, 3.511, 3.89, 4.629, 4.857, 4.579, 3.911, 1.949, 0.0, 1.151, 1.747, 2.068, 2.055, 1.515, 1.586, 2.57, 3.812, 4.997, 5.751, 5.626, 5.582, 5.793, 6.633, 6.637, 6.065, 6.284, 6.849, 6.984, 7.22, 6.757, 5.591, 5.476, 6.272, 7.428, 7.461, 7.208, 8.25, 9.611, 9.533, 9.564, 8.636, 6.152, 4.707, 4.496, 4.362, 4.512, 5.067, 5.491, 5.601, 4.732, 3.92, 3.13, 2.682, 2.967, 2.734, 2.797, 3.125, 3.037, 3.223, 3.55, 3.944, 4.713, 4.6, 4.987, 5.848, 5.969, 5.019, 3.067, 2.76, 3.436, 2.798, 2.783, 2.571, 1.692, 1.782], [3.033, 2.851, 3.267, 3.425, 3.39, 3.879, 4.179, 3.756, 3.733, 3.783, 3.912, 4.119, 4.042, 4.474, 5.14, 5.326, 5.044, 4.349, 2.543, 1.151, 0.0, 1.229, 1.864, 2.185, 1.981, 1.648, 2.17, 3.239, 4.277, 5.068, 4.897, 4.843, 5.069, 5.917, 5.934, 5.37, 5.616, 6.185, 6.304, 6.513, 6.071, 4.922, 4.883, 5.68, 6.901, 6.952, 6.815, 7.778, 8.975, 8.86, 8.959, 8.026, 5.578, 3.987, 3.71, 3.702, 3.815, 4.418, 4.785, 4.92, 4.003, 3.222, 2.604, 2.284, 2.544, 2.253, 2.248, 2.623, 2.495, 2.763, 3.028, 3.358, 4.03, 3.933, 4.295, 5.172, 5.292, 4.334, 2.787, 2.737, 2.907, 2.336, 2.416, 2.238, 1.81, 1.784], [3.181, 3.067, 3.37, 3.468, 3.452, 4.396, 4.708, 4.084, 3.866, 4.004, 4.248, 4.541, 4.777, 5.215, 5.815, 6.03, 5.679, 4.912, 3.223, 1.747, 1.229, 0.0, 1.172, 1.647, 2.101, 1.693, 1.696, 2.554, 3.663, 4.413, 4.28, 4.236, 4.46, 5.308, 5.32, 4.752, 5.002, 5.564, 5.68, 5.903, 5.438, 4.253, 4.105, 4.875, 6.017, 6.015, 5.761, 6.948, 8.368, 8.219, 8.24, 7.33, 4.771, 3.357, 3.102, 3.087, 3.195, 3.785, 4.172, 4.306, 3.359, 2.437, 1.868, 2.181, 2.543, 2.114, 1.968, 2.127, 2.047, 2.473, 2.812, 3.095, 3.615, 3.384, 3.689, 4.526, 4.656, 3.81, 2.849, 2.798, 2.717, 2.263, 2.397, 2.218, 1.928, 2.124], [3.293, 3.471, 3.697, 3.844, 3.836, 4.574, 4.817, 4.142, 4.057, 4.226, 4.582, 4.953, 5.311, 5.748, 6.396, 6.637, 6.178, 5.326, 3.604, 2.068, 1.864, 1.172, 0.0, 1.12, 2.045, 1.576, 1.608, 2.444, 3.577, 4.325, 4.196, 4.144, 4.371, 5.213, 5.228, 4.655, 4.849, 5.418, 5.576, 5.811, 5.346, 4.153, 4.026, 4.714, 5.908, 5.964, 5.416, 6.772, 8.157, 8.079, 8.113, 7.176, 4.683, 3.285, 3.062, 2.96, 3.087, 3.669, 4.067, 4.165, 3.276, 2.438, 1.82, 2.281, 2.647, 2.283, 2.108, 2.103, 2.111, 2.434, 2.786, 3.11, 3.544, 3.362, 3.7, 4.48, 4.587, 3.739, 2.871, 2.855, 2.756, 2.338, 2.363, 2.174, 2.166, 2.413], [2.581, 2.798, 3.4, 3.352, 3.381, 4.541, 4.823, 4.098, 3.896, 4.02, 4.562, 4.938, 5.28, 5.73, 6.391, 6.637, 6.173, 5.32, 3.529, 2.055, 2.185, 1.647, 1.12, 0.0, 1.504, 1.945, 1.962, 2.72, 3.734, 4.462, 4.35, 4.408, 4.544, 5.383, 5.353, 4.807, 5.005, 5.542, 5.713, 5.936, 5.471, 4.317, 4.187, 4.884, 6.099, 6.158, 5.632, 6.935, 8.309, 8.222, 8.238, 7.313, 4.842, 3.573, 3.345, 3.258, 3.273, 3.798, 4.176, 4.334, 3.45, 2.701, 2.03, 1.916, 2.158, 1.835, 1.799, 2.036, 1.964, 2.259, 2.537, 3.013, 3.573, 3.497, 3.86, 4.616, 4.708, 3.873, 2.38, 2.183, 2.61, 2.01, 2.169, 2.018, 1.651, 2.132], [2.769, 2.954, 3.115, 3.285, 3.018, 3.621, 3.952, 3.258, 3.248, 3.459, 3.776, 4.161, 4.503, 4.953, 5.614, 5.857, 5.4, 4.535, 2.83, 1.515, 1.981, 2.101, 2.045, 1.504, 0.0, 1.509, 2.515, 3.992, 4.958, 5.453, 5.466, 5.661, 5.739, 6.508, 6.451, 5.937, 6.074, 6.582, 6.814, 6.986, 6.496, 5.376, 5.359, 5.973, 7.244, 7.315, 6.762, 7.944, 9.293, 9.201, 9.213, 8.303, 5.916, 4.871, 4.566, 4.533, 4.421, 4.895, 5.246, 5.528, 4.526, 3.801, 3.161, 2.566, 2.883, 2.649, 2.595, 2.871, 2.763, 3.008, 3.237, 3.727, 4.416, 4.351, 4.849, 5.566, 5.68, 4.811, 2.907, 2.553, 3.264, 2.761, 2.688, 2.67, 2.139, 2.153], [3.111, 3.228, 3.57, 3.765, 3.532, 3.937, 4.285, 3.687, 3.644, 3.848, 4.216, 4.483, 4.588, 5.114, 5.752, 6.036, 5.67, 4.857, 2.966, 1.586, 1.648, 1.693, 1.576, 1.945, 1.509, 0.0, 1.885, 3.325, 4.511, 5.258, 5.134, 5.085, 5.309, 6.164, 6.149, 5.59, 5.733, 6.337, 6.492, 6.731, 6.278, 5.149, 4.992, 5.679, 7.031, 7.098, 6.696, 7.793, 9.085, 9.008, 9.142, 8.108, 5.808, 4.323, 4.018, 3.858, 4.02, 4.553, 4.966, 5.128, 4.188, 3.438, 2.598, 2.639, 3.049, 2.724, 2.626, 2.745, 2.749, 3.074, 3.215, 3.58, 4.258, 4.127, 4.501, 5.385, 5.457, 4.502, 3.0, 3.02, 3.151, 2.65, 2.627, 2.498, 2.095, 2.287], [3.435, 3.867, 4.554, 4.671, 4.59, 5.498, 5.867, 5.186, 5.159, 5.293, 5.453, 5.694, 5.86, 6.321, 7.028, 7.252, 6.97, 6.218, 4.145, 2.57, 2.17, 1.696, 1.608, 1.962, 2.515, 1.885, 0.0, 1.787, 2.808, 3.542, 3.444, 3.479, 3.612, 4.457, 4.453, 3.907, 4.099, 4.628, 4.78, 5.01, 4.575, 3.457, 3.361, 4.078, 5.408, 5.522, 5.348, 6.226, 7.446, 7.377, 7.481, 6.468, 4.154, 2.782, 2.506, 2.394, 2.391, 2.926, 3.257, 3.461, 2.586, 2.094, 1.906, 2.329, 2.721, 2.395, 2.241, 2.196, 2.261, 2.645, 2.74, 3.047, 3.239, 2.955, 3.028, 3.746, 3.919, 3.247, 2.723, 2.945, 2.628, 2.308, 2.157, 2.154, 2.634, 2.653], [3.623, 4.349, 5.38, 5.332, 5.522, 6.724, 7.149, 6.451, 6.188, 6.204, 6.628, 6.937, 7.023, 7.417, 8.161, 8.383, 8.075, 7.352, 5.49, 3.812, 3.239, 2.554, 2.444, 2.72, 3.992, 3.325, 1.787, 0.0, 1.342, 2.006, 1.957, 2.0, 2.04, 2.896, 2.88, 2.35, 2.611, 3.123, 3.249, 3.483, 3.053, 1.998, 1.951, 2.763, 3.986, 4.138, 4.099, 5.008, 6.031, 5.892, 5.922, 4.975, 2.668, 1.543, 1.488, 1.235, 1.172, 1.595, 1.912, 2.056, 1.52, 1.551, 1.688, 2.295, 2.525, 2.363, 2.288, 2.077, 2.213, 2.547, 2.588, 2.722, 2.603, 2.279, 2.081, 2.684, 2.784, 2.523, 2.476, 2.791, 2.324, 2.227, 2.277, 2.258, 3.15, 3.57], [4.425, 5.294, 6.404, 6.258, 6.583, 7.944, 8.369, 7.651, 7.367, 7.327, 7.843, 8.157, 8.209, 8.609, 9.334, 9.513, 9.235, 8.533, 6.702, 4.997, 4.277, 3.663, 3.577, 3.734, 4.958, 4.511, 2.808, 1.342, 0.0, 1.165, 1.117, 1.238, 1.029, 1.729, 1.714, 1.389, 1.661, 2.104, 2.067, 2.29, 1.941, 1.379, 1.336, 1.87, 2.964, 3.101, 3.205, 4.073, 4.918, 4.84, 4.854, 3.937, 1.639, 1.192, 1.232, 1.171, 1.128, 1.475, 1.492, 1.324, 1.425, 1.932, 2.424, 2.872, 2.823, 2.788, 2.827, 2.713, 2.779, 2.982, 2.967, 2.877, 2.578, 2.349, 2.16, 2.464, 2.478, 2.539, 2.695, 3.144, 2.657, 2.718, 2.785, 2.841, 4.065, 4.441], [4.922, 5.973, 7.15, 6.995, 7.314, 8.692, 9.117, 8.4, 8.115, 8.076, 8.592, 8.906, 8.958, 9.358, 10.087, 10.286, 9.993, 9.282, 7.451, 5.751, 5.068, 4.413, 4.325, 4.462, 5.453, 5.258, 3.542, 2.006, 1.165, 0.0, 0.98, 1.111, 1.228, 1.559, 1.563, 1.505, 1.461, 1.699, 1.616, 1.757, 1.483, 1.256, 1.446, 1.849, 2.599, 2.807, 2.821, 3.405, 4.311, 4.156, 4.178, 3.25, 1.223, 1.632, 1.696, 1.817, 1.606, 1.536, 1.189, 1.382, 1.596, 2.273, 2.983, 3.3, 3.277, 3.351, 3.198, 2.897, 3.063, 3.151, 2.993, 2.82, 2.259, 2.021, 2.024, 2.08, 2.027, 2.162, 3.08, 3.382, 2.738, 3.333, 3.329, 3.548, 4.86, 5.295], [4.943, 5.851, 7.032, 6.9, 7.185, 8.563, 8.988, 8.271, 7.986, 7.947, 8.462, 8.776, 8.829, 9.229, 9.953, 10.133, 9.855, 9.153, 7.322, 5.626, 4.897, 4.28, 4.196, 4.35, 5.466, 5.134, 3.444, 1.957, 1.117, 0.98, 0.0, 0.719, 1.061, 1.278, 1.336, 1.1, 1.434, 1.798, 1.676, 1.758, 1.5, 1.291, 1.369, 1.789, 2.603, 2.672, 2.893, 3.662, 4.463, 4.462, 4.468, 3.587, 1.548, 1.312, 1.574, 1.555, 1.577, 1.725, 1.339, 1.294, 1.543, 2.25, 2.837, 3.352, 3.095, 3.178, 3.167, 3.048, 3.067, 3.205, 3.098, 2.673, 2.133, 2.011, 1.824, 2.021, 2.078, 2.189, 3.015, 3.454, 2.864, 3.112, 3.212, 3.315, 4.627, 5.046], [4.914, 5.877, 7.003, 6.894, 7.18, 8.51, 8.935, 8.218, 7.933, 7.897, 8.409, 8.723, 8.776, 9.176, 9.9, 10.08, 9.802, 9.1, 7.269, 5.582, 4.843, 4.236, 4.144, 4.408, 5.661, 5.085, 3.479, 2.0, 1.238, 1.111, 0.719, 0.0, 1.229, 1.604, 1.848, 1.607, 1.806, 2.23, 2.008, 1.961, 1.881, 1.625, 1.759, 2.241, 2.947, 3.099, 3.254, 3.952, 4.768, 4.768, 4.796, 3.891, 1.7, 1.387, 1.685, 1.538, 1.79, 2.022, 1.567, 1.52, 1.785, 2.372, 2.771, 3.458, 3.157, 3.317, 3.334, 3.212, 3.257, 3.349, 3.289, 2.914, 2.462, 2.271, 2.11, 2.34, 2.37, 2.413, 3.166, 3.645, 3.019, 3.163, 3.375, 3.421, 4.579, 5.006], [5.144, 6.026, 7.203, 7.068, 7.363, 8.738, 9.163, 8.446, 8.161, 8.122, 8.637, 8.951, 9.004, 9.404, 10.128, 10.307, 10.03, 9.328, 7.497, 5.793, 5.069, 4.46, 4.371, 4.544, 5.739, 5.309, 3.612, 2.04, 1.029, 1.228, 1.061, 1.229, 0.0, 1.006, 1.126, 1.067, 1.457, 1.733, 1.604, 1.721, 1.479, 1.185, 1.362, 1.646, 2.344, 2.517, 2.709, 3.438, 4.266, 4.191, 4.174, 3.301, 1.42, 1.525, 1.636, 1.701, 1.662, 1.865, 1.661, 1.317, 1.838, 2.536, 3.044, 3.519, 3.367, 3.471, 3.424, 3.297, 3.359, 3.543, 3.483, 3.213, 2.846, 2.66, 2.442, 2.729, 2.746, 2.853, 3.221, 3.758, 3.179, 3.317, 3.392, 3.496, 4.774, 5.213], [5.89, 6.861, 8.049, 7.894, 8.206, 9.588, 10.009, 9.292, 9.009, 8.975, 9.491, 9.8, 9.855, 10.257, 10.981, 11.161, 10.883, 10.181, 8.335, 6.633, 5.917, 5.308, 5.213, 5.383, 6.508, 6.164, 4.457, 2.896, 1.729, 1.559, 1.278, 1.604, 1.006, 0.0, 0.701, 1.048, 1.342, 1.415, 1.184, 1.23, 1.235, 1.49, 1.589, 1.414, 1.727, 1.845, 2.127, 2.757, 3.555, 3.549, 3.485, 2.78, 1.374, 2.161, 2.328, 2.488, 2.305, 2.202, 2.005, 1.692, 2.384, 3.189, 3.821, 4.25, 3.997, 4.1, 4.124, 3.901, 3.996, 4.142, 4.003, 3.558, 2.964, 2.855, 2.539, 2.733, 2.76, 2.918, 3.872, 4.442, 3.793, 4.003, 4.1, 4.231, 5.6, 6.015], [5.879, 6.874, 8.062, 7.907, 8.22, 9.602, 10.023, 9.306, 9.024, 8.988, 9.503, 9.815, 9.87, 10.27, 10.994, 11.174, 10.896, 10.194, 8.349, 6.637, 5.934, 5.32, 5.228, 5.353, 6.451, 6.149, 4.453, 2.88, 1.714, 1.563, 1.336, 1.848, 1.126, 0.701, 0.0, 0.816, 1.063, 1.118, 1.024, 1.103, 1.093, 1.305, 1.379, 1.167, 1.781, 1.867, 2.105, 2.779, 3.567, 3.493, 3.451, 2.663, 1.485, 2.139, 2.387, 2.48, 2.235, 2.053, 1.848, 1.714, 2.34, 3.117, 3.836, 4.183, 3.919, 4.042, 4.049, 3.827, 3.924, 4.049, 3.9, 3.473, 2.785, 2.678, 2.354, 2.563, 2.48, 2.724, 3.784, 4.342, 3.7, 3.983, 4.049, 4.25, 5.613, 6.021], [5.49, 6.358, 7.521, 7.434, 7.667, 9.026, 9.446, 8.729, 8.466, 8.442, 8.929, 9.238, 9.293, 9.697, 10.423, 10.608, 10.326, 9.621, 7.772, 6.065, 5.37, 4.752, 4.655, 4.807, 5.937, 5.59, 3.907, 2.35, 1.389, 1.505, 1.1, 1.607, 1.067, 1.048, 0.816, 0.0, 0.944, 1.18, 1.21, 1.309, 1.127, 0.992, 1.071, 1.117, 2.101, 2.278, 2.409, 3.175, 3.948, 3.906, 3.905, 3.042, 1.398, 1.696, 2.027, 2.003, 1.887, 1.881, 1.617, 1.436, 2.012, 2.731, 3.316, 3.808, 3.595, 3.71, 3.626, 3.505, 3.551, 3.691, 3.559, 3.209, 2.617, 2.488, 2.25, 2.463, 2.427, 2.59, 3.534, 3.968, 3.349, 3.681, 3.73, 3.826, 5.063, 5.457], [5.404, 6.49, 7.725, 7.548, 7.834, 9.207, 9.62, 8.902, 8.628, 8.652, 9.154, 9.425, 9.517, 9.937, 10.677, 10.872, 10.618, 9.886, 7.964, 6.284, 5.616, 5.002, 4.849, 5.005, 6.074, 5.733, 4.099, 2.611, 1.661, 1.461, 1.434, 1.806, 1.457, 1.342, 1.063, 0.944, 0.0, 1.152, 1.251, 1.453, 1.2, 1.068, 1.158, 1.446, 2.335, 2.397, 2.353, 2.834, 3.686, 3.656, 3.723, 2.776, 1.526, 2.08, 2.236, 2.063, 1.978, 1.583, 1.284, 1.368, 1.878, 2.763, 3.479, 3.922, 3.77, 3.881, 3.752, 3.528, 3.571, 3.579, 3.309, 2.876, 2.263, 2.144, 1.939, 2.027, 1.974, 2.163, 3.699, 4.005, 3.274, 3.871, 3.895, 3.946, 5.311, 5.713], [6.061, 7.085, 8.288, 8.123, 8.416, 9.793, 10.213, 9.496, 9.216, 9.215, 9.715, 10.006, 10.074, 10.501, 11.239, 11.443, 11.183, 10.442, 8.571, 6.849, 6.185, 5.564, 5.418, 5.542, 6.582, 6.337, 4.628, 3.123, 2.104, 1.699, 1.798, 2.23, 1.733, 1.415, 1.118, 1.18, 1.152, 0.0, 0.918, 1.097, 1.1, 1.611, 1.712, 1.281, 1.76, 1.985, 2.054, 2.625, 3.264, 3.16, 3.185, 2.28, 1.746, 2.545, 2.665, 2.755, 2.57, 2.214, 1.924, 1.94, 2.588, 3.432, 4.032, 4.434, 4.316, 4.504, 4.35, 4.046, 4.292, 4.402, 4.089, 3.712, 2.917, 2.826, 2.613, 2.428, 2.285, 2.699, 4.249, 4.634, 3.934, 4.451, 4.448, 4.648, 5.929, 6.325], [6.172, 7.216, 8.413, 8.252, 8.568, 9.951, 10.371, 9.654, 9.372, 9.341, 9.854, 10.163, 10.218, 10.622, 11.348, 11.527, 11.251, 10.546, 8.697, 6.984, 6.304, 5.68, 5.576, 5.713, 6.814, 6.492, 4.78, 3.249, 2.067, 1.616, 1.676, 2.008, 1.604, 1.184, 1.024, 1.21, 1.251, 0.918, 0.0, 0.601, 0.84, 1.537, 1.631, 1.204, 1.584, 1.809, 2.036, 2.663, 3.223, 3.156, 3.088, 2.305, 1.442, 2.532, 2.74, 2.805, 2.66, 2.22, 2.006, 1.892, 2.62, 3.408, 4.14, 4.458, 4.197, 4.434, 4.368, 4.02, 4.173, 4.217, 4.022, 3.551, 2.85, 2.776, 2.486, 2.543, 2.279, 2.617, 4.126, 4.681, 3.878, 4.341, 4.454, 4.657, 5.984, 6.4], [6.387, 7.461, 8.648, 8.488, 8.804, 10.186, 10.607, 9.889, 9.607, 9.576, 10.089, 10.398, 10.453, 10.857, 11.584, 11.76, 11.486, 10.782, 8.933, 7.22, 6.513, 5.903, 5.811, 5.936, 6.986, 6.731, 5.01, 3.483, 2.29, 1.757, 1.758, 1.961, 1.721, 1.23, 1.103, 1.309, 1.453, 1.097, 0.601, 0.0, 0.802, 1.698, 1.848, 1.494, 1.804, 2.038, 2.293, 2.697, 3.257, 3.188, 3.11, 2.366, 1.514, 2.714, 2.951, 2.991, 2.825, 2.465, 2.175, 2.031, 2.772, 3.584, 4.376, 4.682, 4.389, 4.6, 4.55, 4.209, 4.35, 4.417, 4.142, 3.737, 2.995, 2.963, 2.645, 2.61, 2.344, 2.769, 4.267, 4.831, 4.025, 4.493, 4.578, 4.851, 6.211, 6.609], [6.009, 6.999, 8.183, 8.023, 8.339, 9.721, 10.142, 9.424, 9.142, 9.111, 9.624, 9.933, 9.988, 10.392, 11.119, 11.295, 11.021, 10.317, 8.468, 6.757, 6.071, 5.438, 5.346, 5.471, 6.496, 6.278, 4.575, 3.053, 1.941, 1.483, 1.5, 1.881, 1.479, 1.235, 1.093, 1.127, 1.2, 1.1, 0.84, 0.802, 0.0, 1.268, 1.412, 1.344, 1.955, 2.106, 2.387, 2.772, 3.504, 3.366, 3.273, 2.491, 1.337, 2.27, 2.525, 2.554, 2.404, 2.023, 1.733, 1.652, 2.278, 3.116, 3.911, 4.284, 4.072, 4.18, 4.102, 3.745, 3.829, 3.877, 3.675, 3.264, 2.635, 2.609, 2.25, 2.188, 2.144, 2.549, 3.864, 4.349, 3.472, 4.128, 4.138, 4.391, 5.743, 6.193], [4.965, 5.824, 7.019, 6.833, 7.146, 8.524, 8.943, 8.226, 7.947, 7.947, 8.447, 8.734, 8.799, 9.238, 9.963, 10.13, 9.878, 9.155, 7.269, 5.591, 4.922, 4.253, 4.153, 4.317, 5.376, 5.149, 3.457, 1.998, 1.379, 1.256, 1.291, 1.625, 1.185, 1.49, 1.305, 0.992, 1.068, 1.611, 1.537, 1.698, 1.268, 0.0, 0.635, 1.24, 2.393, 2.481, 2.512, 3.221, 4.237, 4.131, 4.135, 3.237, 1.119, 1.426, 1.742, 1.688, 1.587, 1.59, 1.287, 1.173, 1.618, 2.158, 2.81, 3.328, 3.318, 3.276, 3.137, 2.931, 2.95, 3.038, 2.979, 2.717, 2.299, 2.079, 1.847, 2.055, 2.132, 2.224, 3.072, 3.341, 2.719, 3.311, 3.248, 3.356, 4.575, 5.11], [4.932, 5.755, 6.862, 6.678, 6.991, 8.369, 8.788, 8.071, 7.792, 7.802, 8.303, 8.582, 8.671, 9.111, 9.836, 9.999, 9.732, 9.01, 7.156, 5.476, 4.883, 4.105, 4.026, 4.187, 5.359, 4.992, 3.361, 1.951, 1.336, 1.446, 1.369, 1.759, 1.362, 1.589, 1.379, 1.071, 1.158, 1.712, 1.631, 1.848, 1.412, 0.635, 0.0, 1.18, 2.339, 2.42, 2.458, 3.271, 4.408, 4.299, 4.234, 3.402, 1.151, 1.443, 1.762, 1.662, 1.649, 1.626, 1.455, 1.201, 1.771, 2.098, 2.725, 3.299, 3.375, 3.228, 3.195, 2.891, 2.923, 3.102, 3.086, 2.826, 2.412, 2.225, 1.898, 2.196, 2.269, 2.362, 3.139, 3.417, 2.862, 3.32, 3.276, 3.307, 4.442, 5.071], [5.769, 6.508, 7.612, 7.446, 7.707, 9.091, 9.485, 8.767, 8.506, 8.524, 9.045, 9.337, 9.427, 9.938, 10.6, 10.781, 10.475, 9.74, 7.882, 6.272, 5.68, 4.875, 4.714, 4.884, 5.973, 5.679, 4.078, 2.763, 1.87, 1.849, 1.789, 2.241, 1.646, 1.414, 1.167, 1.117, 1.446, 1.281, 1.204, 1.494, 1.344, 1.24, 1.18, 0.0, 1.54, 1.656, 1.707, 2.582, 3.641, 3.544, 3.572, 2.669, 1.424, 2.145, 2.431, 2.464, 2.227, 2.198, 2.094, 1.84, 2.44, 2.94, 3.412, 4.106, 4.159, 4.021, 3.973, 3.671, 3.791, 3.908, 3.772, 3.514, 3.016, 2.894, 2.631, 2.747, 2.791, 2.96, 3.929, 4.234, 3.637, 4.206, 4.031, 4.069, 5.29, 5.877], [7.097, 7.767, 8.768, 8.643, 8.923, 10.267, 10.679, 9.962, 9.68, 9.649, 10.166, 10.487, 10.593, 11.009, 11.688, 11.881, 11.563, 10.854, 9.068, 7.428, 6.901, 6.017, 5.908, 6.099, 7.244, 7.031, 5.408, 3.986, 2.964, 2.599, 2.603, 2.947, 2.344, 1.727, 1.781, 2.101, 2.335, 1.76, 1.584, 1.804, 1.955, 2.393, 2.339, 1.54, 0.0, 0.734, 1.181, 1.881, 2.683, 2.559, 2.455, 2.027, 1.802, 3.039, 3.431, 3.575, 3.44, 3.205, 3.019, 2.757, 3.552, 3.978, 4.55, 5.281, 5.273, 5.258, 5.142, 4.773, 4.842, 5.018, 4.898, 4.435, 3.943, 3.859, 3.56, 3.501, 3.474, 3.929, 5.092, 5.404, 4.727, 5.362, 5.233, 5.321, 6.46, 7.107], [7.119, 7.76, 8.705, 8.568, 8.884, 10.297, 10.652, 9.935, 9.653, 9.621, 10.135, 10.487, 10.622, 11.006, 11.679, 11.849, 11.558, 10.827, 9.067, 7.461, 6.952, 6.015, 5.964, 6.158, 7.315, 7.098, 5.522, 4.138, 3.101, 2.807, 2.672, 3.099, 2.517, 1.845, 1.867, 2.278, 2.397, 1.985, 1.809, 2.038, 2.106, 2.481, 2.42, 1.656, 0.734, 0.0, 0.93, 1.827, 2.622, 2.617, 2.56, 2.228, 2.066, 3.121, 3.479, 3.724, 3.506, 3.342, 3.166, 2.886, 3.549, 3.95, 4.635, 5.438, 5.382, 5.208, 5.198, 4.962, 4.956, 5.033, 4.969, 4.459, 4.059, 3.967, 3.561, 3.566, 3.651, 4.107, 5.228, 5.476, 4.802, 5.461, 5.433, 5.323, 6.569, 7.244], [6.938, 7.557, 8.352, 8.184, 8.447, 9.786, 10.063, 9.332, 9.075, 9.11, 9.69, 10.115, 10.396, 10.851, 11.467, 11.703, 11.244, 10.397, 8.761, 7.208, 6.815, 5.761, 5.416, 5.632, 6.762, 6.696, 5.348, 4.099, 3.205, 2.821, 2.893, 3.254, 2.709, 2.127, 2.105, 2.409, 2.353, 2.054, 2.036, 2.293, 2.387, 2.512, 2.458, 1.707, 1.181, 0.93, 0.0, 1.8, 2.984, 2.961, 2.992, 2.329, 2.184, 3.252, 3.533, 3.677, 3.552, 3.314, 3.217, 2.949, 3.611, 3.94, 4.566, 5.507, 5.563, 5.399, 5.252, 5.024, 5.066, 5.143, 4.986, 4.603, 4.211, 4.046, 3.707, 3.665, 3.687, 4.111, 5.421, 5.515, 4.881, 5.639, 5.434, 5.33, 6.57, 7.225], [7.813, 8.551, 9.663, 9.511, 9.728, 11.111, 11.479, 10.754, 10.521, 10.571, 11.083, 11.334, 11.493, 11.924, 12.626, 12.856, 12.591, 11.811, 9.844, 8.25, 7.778, 6.948, 6.772, 6.935, 7.944, 7.793, 6.226, 5.008, 4.073, 3.405, 3.662, 3.952, 3.438, 2.757, 2.779, 3.175, 2.834, 2.625, 2.663, 2.697, 2.772, 3.221, 3.271, 2.582, 1.881, 1.827, 1.8, 0.0, 1.688, 1.926, 1.927, 1.509, 2.612, 4.105, 4.325, 4.456, 4.31, 3.803, 3.604, 3.291, 4.242, 4.778, 5.493, 6.337, 6.375, 6.284, 6.081, 5.699, 5.752, 5.462, 5.228, 4.881, 4.461, 4.473, 4.116, 3.497, 3.696, 4.467, 6.164, 6.225, 5.33, 6.475, 6.237, 6.177, 7.501, 8.129], [8.822, 9.834, 11.095, 10.915, 11.15, 12.546, 12.934, 12.215, 11.957, 12.0, 12.505, 12.773, 12.888, 13.308, 14.043, 14.246, 13.997, 13.246, 11.298, 9.611, 8.975, 8.368, 8.157, 8.309, 9.293, 9.085, 7.446, 6.031, 4.918, 4.311, 4.463, 4.768, 4.266, 3.555, 3.567, 3.948, 3.686, 3.264, 3.223, 3.257, 3.504, 4.237, 4.408, 3.641, 2.683, 2.622, 2.984, 1.688, 0.0, 0.843, 1.111, 1.452, 3.803, 5.249, 5.367, 5.42, 5.239, 4.753, 4.394, 4.198, 5.14, 6.104, 6.811, 7.312, 7.172, 7.275, 7.121, 6.809, 6.91, 6.644, 6.278, 5.948, 5.351, 5.371, 5.023, 4.247, 4.389, 5.318, 7.065, 7.317, 6.472, 7.3, 7.23, 7.337, 8.723, 9.144], [8.793, 9.771, 10.969, 10.786, 11.072, 12.462, 12.866, 12.145, 11.876, 11.899, 12.398, 12.684, 12.759, 13.194, 13.923, 14.118, 13.847, 13.109, 11.229, 9.533, 8.86, 8.219, 8.079, 8.222, 9.201, 9.008, 7.377, 5.892, 4.84, 4.156, 4.462, 4.768, 4.191, 3.549, 3.493, 3.906, 3.656, 3.16, 3.156, 3.188, 3.366, 4.131, 4.299, 3.544, 2.559, 2.617, 2.961, 1.926, 0.843, 0.0, 0.956, 1.358, 3.683, 5.154, 5.307, 5.377, 5.162, 4.613, 4.328, 4.159, 5.069, 5.966, 6.724, 7.185, 7.152, 7.171, 6.985, 6.666, 6.805, 6.584, 6.184, 5.854, 5.253, 5.285, 4.93, 4.194, 4.268, 5.22, 6.931, 7.189, 6.351, 7.286, 7.164, 7.278, 8.606, 9.069], [8.983, 9.87, 10.974, 10.817, 11.12, 12.496, 12.901, 12.181, 11.907, 11.887, 12.403, 12.715, 12.814, 13.19, 13.929, 14.091, 13.824, 13.103, 11.265, 9.564, 8.959, 8.24, 8.113, 8.238, 9.213, 9.142, 7.481, 5.922, 4.854, 4.178, 4.468, 4.796, 4.174, 3.485, 3.451, 3.905, 3.723, 3.185, 3.088, 3.11, 3.273, 4.135, 4.234, 3.572, 2.455, 2.56, 2.992, 1.927, 1.111, 0.956, 0.0, 1.149, 3.571, 5.113, 5.351, 5.44, 5.263, 4.653, 4.402, 4.233, 5.108, 5.97, 6.706, 7.152, 7.148, 7.215, 7.017, 6.575, 6.699, 6.512, 6.16, 5.8, 5.242, 5.27, 4.897, 4.18, 4.192, 5.225, 6.887, 7.19, 6.34, 7.27, 7.144, 7.279, 8.571, 9.11], [7.931, 8.867, 10.049, 9.882, 10.174, 11.552, 11.971, 11.254, 10.975, 10.975, 11.477, 11.762, 11.841, 12.279, 13.003, 13.2, 12.95, 12.209, 10.319, 8.636, 8.026, 7.33, 7.176, 7.313, 8.303, 8.108, 6.468, 4.975, 3.937, 3.25, 3.587, 3.891, 3.301, 2.78, 2.663, 3.042, 2.776, 2.28, 2.305, 2.366, 2.491, 3.237, 3.402, 2.669, 2.027, 2.228, 2.329, 1.509, 1.452, 1.358, 1.149, 0.0, 2.732, 4.256, 4.423, 4.467, 4.304, 3.727, 3.444, 3.29, 4.185, 5.062, 5.774, 6.254, 6.247, 6.272, 6.103, 5.72, 5.898, 5.66, 5.252, 4.964, 4.376, 4.389, 4.049, 3.291, 3.454, 4.322, 6.039, 6.287, 5.428, 6.384, 6.274, 6.401, 7.715, 8.231], [5.678, 6.421, 7.468, 7.303, 7.631, 9.044, 9.422, 8.704, 8.422, 8.391, 8.904, 9.229, 9.354, 9.713, 10.415, 10.59, 10.305, 9.596, 7.773, 6.152, 5.578, 4.771, 4.683, 4.842, 5.916, 5.808, 4.154, 2.668, 1.639, 1.223, 1.548, 1.7, 1.42, 1.374, 1.485, 1.398, 1.526, 1.746, 1.442, 1.514, 1.337, 1.119, 1.151, 1.424, 1.802, 2.066, 2.184, 2.612, 3.803, 3.683, 3.571, 2.732, 0.0, 1.733, 2.033, 2.194, 2.054, 1.9, 1.705, 1.428, 2.112, 2.533, 3.321, 3.884, 3.885, 3.85, 3.726, 3.321, 3.405, 3.528, 3.52, 3.216, 2.814, 2.654, 2.41, 2.543, 2.617, 2.824, 3.684, 3.938, 3.171, 3.969, 3.842, 3.925, 5.231, 5.814], [4.604, 5.144, 6.103, 6.088, 6.337, 7.579, 7.982, 7.265, 7.018, 7.031, 7.468, 7.774, 7.854, 8.233, 8.959, 9.144, 8.866, 8.162, 6.308, 4.707, 3.987, 3.357, 3.285, 3.573, 4.871, 4.323, 2.782, 1.543, 1.192, 1.632, 1.312, 1.387, 1.525, 2.161, 2.139, 1.696, 2.08, 2.545, 2.532, 2.714, 2.27, 1.426, 1.443, 2.145, 3.039, 3.121, 3.252, 4.105, 5.249, 5.154, 5.113, 4.256, 1.733, 0.0, 0.906, 1.131, 1.337, 1.832, 1.578, 1.439, 1.447, 1.837, 2.329, 3.055, 3.061, 2.902, 3.013, 2.886, 2.857, 3.019, 3.109, 2.757, 2.476, 2.242, 1.955, 2.308, 2.324, 2.452, 2.897, 3.266, 2.709, 2.966, 2.855, 2.74, 3.808, 4.242], [3.981, 4.743, 5.802, 5.713, 6.005, 7.345, 7.749, 7.032, 6.75, 6.728, 7.245, 7.558, 7.609, 8.009, 8.748, 8.918, 8.654, 7.934, 6.075, 4.496, 3.71, 3.102, 3.062, 3.345, 4.566, 4.018, 2.506, 1.488, 1.232, 1.696, 1.574, 1.685, 1.636, 2.328, 2.387, 2.027, 2.236, 2.665, 2.74, 2.951, 2.525, 1.742, 1.762, 2.431, 3.431, 3.479, 3.533, 4.325, 5.367, 5.307, 5.351, 4.423, 2.033, 0.906, 0.0, 0.916, 1.071, 1.704, 1.603, 1.492, 1.151, 1.412, 1.935, 2.537, 2.659, 2.459, 2.467, 2.361, 2.395, 2.652, 2.767, 2.589, 2.297, 2.062, 1.886, 2.317, 2.313, 2.241, 2.602, 2.917, 2.281, 2.482, 2.48, 2.37, 3.544, 3.975], [3.826, 4.677, 5.833, 5.685, 5.957, 7.268, 7.686, 6.969, 6.69, 6.701, 7.219, 7.486, 7.575, 7.987, 8.726, 8.924, 8.663, 7.932, 6.012, 4.362, 3.702, 3.087, 2.96, 3.258, 4.533, 3.858, 2.394, 1.235, 1.171, 1.817, 1.555, 1.538, 1.701, 2.488, 2.48, 2.003, 2.063, 2.755, 2.805, 2.991, 2.554, 1.688, 1.662, 2.464, 3.575, 3.724, 3.677, 4.456, 5.42, 5.377, 5.44, 4.467, 2.194, 1.131, 0.916, 0.0, 0.859, 1.33, 1.425, 1.503, 1.01, 1.227, 1.646, 2.363, 2.335, 2.301, 2.293, 2.101, 2.181, 2.344, 2.371, 2.381, 2.244, 1.991, 1.831, 2.271, 2.252, 2.128, 2.387, 2.708, 2.15, 2.359, 2.383, 2.315, 3.427, 3.927], [3.863, 4.788, 5.943, 5.761, 6.061, 7.443, 7.849, 7.13, 6.858, 6.876, 7.376, 7.648, 7.734, 8.162, 8.9, 9.067, 8.806, 8.086, 6.172, 4.512, 3.815, 3.195, 3.087, 3.273, 4.421, 4.02, 2.391, 1.172, 1.128, 1.606, 1.577, 1.79, 1.662, 2.305, 2.235, 1.887, 1.978, 2.57, 2.66, 2.825, 2.404, 1.587, 1.649, 2.227, 3.44, 3.506, 3.552, 4.31, 5.239, 5.162, 5.263, 4.304, 2.054, 1.337, 1.071, 0.859, 0.0, 1.012, 1.252, 1.338, 0.877, 1.294, 1.849, 2.278, 2.307, 2.191, 2.194, 2.04, 2.094, 2.291, 2.38, 2.397, 2.171, 1.936, 1.848, 2.219, 2.237, 2.048, 2.432, 2.729, 2.124, 2.356, 2.302, 2.374, 3.566, 3.945], [4.368, 5.331, 6.533, 6.35, 6.618, 8.02, 8.415, 7.697, 7.436, 7.454, 7.954, 8.243, 8.327, 8.752, 9.499, 9.686, 9.395, 8.663, 6.776, 5.067, 4.418, 3.785, 3.669, 3.798, 4.895, 4.553, 2.926, 1.595, 1.475, 1.536, 1.725, 2.022, 1.865, 2.202, 2.053, 1.881, 1.583, 2.214, 2.22, 2.465, 2.023, 1.59, 1.626, 2.198, 3.205, 3.342, 3.314, 3.803, 4.753, 4.613, 4.653, 3.727, 1.9, 1.832, 1.704, 1.33, 1.012, 0.0, 0.96, 1.299, 1.15, 1.586, 2.29, 2.678, 2.679, 2.763, 2.566, 2.233, 2.407, 2.427, 2.154, 2.077, 1.809, 1.583, 1.404, 1.861, 1.808, 1.632, 2.593, 2.892, 2.278, 2.838, 2.758, 2.873, 4.209, 4.676], [4.651, 5.706, 6.931, 6.743, 7.043, 8.437, 8.842, 8.124, 7.852, 7.871, 8.37, 8.642, 8.722, 9.148, 9.893, 10.06, 9.801, 9.078, 7.165, 5.491, 4.785, 4.172, 4.067, 4.176, 5.246, 4.966, 3.257, 1.912, 1.492, 1.189, 1.339, 1.567, 1.661, 2.005, 1.848, 1.617, 1.284, 1.924, 2.006, 2.175, 1.733, 1.287, 1.455, 2.094, 3.019, 3.166, 3.217, 3.604, 4.394, 4.328, 4.402, 3.444, 1.705, 1.578, 1.603, 1.425, 1.252, 0.96, 0.0, 0.876, 1.009, 1.909, 2.667, 3.014, 2.888, 3.049, 2.899, 2.574, 2.72, 2.765, 2.452, 2.214, 1.759, 1.575, 1.466, 1.523, 1.549, 1.568, 2.822, 3.16, 2.437, 3.045, 3.023, 3.182, 4.551, 4.953], [4.915, 5.822, 7.074, 6.905, 7.17, 8.572, 8.966, 8.248, 7.987, 8.005, 8.505, 8.777, 8.857, 9.283, 10.021, 10.188, 9.943, 9.213, 7.281, 5.601, 4.92, 4.306, 4.165, 4.334, 5.528, 5.128, 3.461, 2.056, 1.324, 1.382, 1.294, 1.52, 1.317, 1.692, 1.714, 1.436, 1.368, 1.94, 1.892, 2.031, 1.652, 1.173, 1.201, 1.84, 2.757, 2.886, 2.949, 3.291, 4.198, 4.159, 4.233, 3.29, 1.428, 1.439, 1.492, 1.503, 1.338, 1.299, 0.876, 0.0, 1.309, 2.179, 2.832, 3.332, 3.21, 3.275, 3.213, 2.974, 3.084, 3.109, 2.916, 2.646, 2.259, 2.008, 1.741, 1.869, 1.944, 2.112, 3.211, 3.542, 2.808, 3.275, 3.239, 3.364, 4.698, 5.119], [3.946, 4.902, 6.107, 5.931, 6.237, 7.614, 8.035, 7.318, 7.037, 7.037, 7.536, 7.826, 7.889, 8.314, 9.052, 9.222, 8.967, 8.244, 6.365, 4.732, 4.003, 3.359, 3.276, 3.45, 4.526, 4.188, 2.586, 1.52, 1.425, 1.596, 1.543, 1.785, 1.838, 2.384, 2.34, 2.012, 1.878, 2.588, 2.62, 2.772, 2.278, 1.618, 1.771, 2.44, 3.552, 3.549, 3.611, 4.242, 5.14, 5.069, 5.108, 4.185, 2.112, 1.447, 1.151, 1.01, 0.877, 1.15, 1.009, 1.309, 0.0, 1.182, 1.958, 2.379, 2.327, 2.267, 2.233, 2.029, 2.026, 2.163, 2.06, 1.91, 1.751, 1.458, 1.459, 1.854, 1.839, 1.638, 2.299, 2.571, 1.846, 2.37, 2.368, 2.463, 3.743, 4.154], [3.389, 4.037, 5.114, 4.975, 5.253, 6.666, 7.056, 6.338, 6.056, 6.025, 6.552, 6.894, 6.956, 7.383, 8.06, 8.265, 7.95, 7.23, 5.437, 3.92, 3.222, 2.437, 2.438, 2.701, 3.801, 3.438, 2.094, 1.551, 1.932, 2.273, 2.25, 2.372, 2.536, 3.189, 3.117, 2.731, 2.763, 3.432, 3.408, 3.584, 3.116, 2.158, 2.098, 2.94, 3.978, 3.95, 3.94, 4.778, 6.104, 5.966, 5.97, 5.062, 2.533, 1.837, 1.412, 1.227, 1.294, 1.586, 1.909, 2.179, 1.182, 0.0, 1.103, 1.869, 1.939, 1.703, 1.575, 1.369, 1.359, 1.542, 1.719, 1.798, 1.965, 1.677, 1.727, 2.348, 2.426, 1.953, 1.956, 2.06, 1.478, 1.936, 2.016, 1.873, 2.972, 3.626], [2.928, 3.49, 4.438, 4.389, 4.613, 5.828, 6.24, 5.57, 5.247, 5.25, 5.752, 6.083, 6.174, 6.647, 7.297, 7.518, 7.236, 6.462, 4.684, 3.13, 2.604, 1.868, 1.82, 2.03, 3.161, 2.598, 1.906, 1.688, 2.424, 2.983, 2.837, 2.771, 3.044, 3.821, 3.836, 3.316, 3.479, 4.032, 4.14, 4.376, 3.911, 2.81, 2.725, 3.412, 4.55, 4.635, 4.566, 5.493, 6.811, 6.724, 6.706, 5.774, 3.321, 2.329, 1.935, 1.646, 1.849, 2.29, 2.667, 2.832, 1.958, 1.103, 0.0, 1.341, 1.457, 1.303, 1.205, 1.081, 1.066, 1.266, 1.56, 1.862, 2.112, 1.901, 2.235, 3.036, 3.128, 2.291, 1.735, 1.828, 1.514, 1.597, 1.794, 1.647, 2.269, 2.931], [2.11, 2.924, 4.098, 3.919, 4.223, 5.557, 5.947, 5.229, 4.947, 4.93, 5.432, 5.738, 5.805, 6.241, 6.958, 7.13, 6.86, 6.137, 4.357, 2.682, 2.284, 2.181, 2.281, 1.916, 2.566, 2.639, 2.329, 2.295, 2.872, 3.3, 3.352, 3.458, 3.519, 4.25, 4.183, 3.808, 3.922, 4.434, 4.458, 4.682, 4.284, 3.328, 3.299, 4.106, 5.281, 5.438, 5.507, 6.337, 7.312, 7.185, 7.152, 6.254, 3.884, 3.055, 2.537, 2.363, 2.278, 2.678, 3.014, 3.332, 2.379, 1.869, 1.341, 0.0, 0.66, 0.773, 0.877, 0.903, 0.849, 1.087, 1.378, 1.785, 2.206, 2.15, 2.563, 3.418, 3.404, 2.498, 1.153, 1.209, 1.407, 1.018, 1.429, 1.476, 1.857, 2.372], [2.255, 3.243, 4.407, 4.223, 4.536, 5.868, 6.25, 5.532, 5.25, 5.219, 5.732, 6.041, 6.096, 6.5, 7.227, 7.403, 7.129, 6.425, 4.654, 2.967, 2.544, 2.543, 2.647, 2.158, 2.883, 3.049, 2.721, 2.525, 2.823, 3.277, 3.095, 3.157, 3.367, 3.997, 3.919, 3.595, 3.77, 4.316, 4.197, 4.389, 4.072, 3.318, 3.375, 4.159, 5.273, 5.382, 5.563, 6.375, 7.172, 7.152, 7.148, 6.247, 3.885, 3.061, 2.659, 2.335, 2.307, 2.679, 2.888, 3.21, 2.327, 1.939, 1.457, 0.66, 0.0, 0.739, 1.02, 1.136, 1.08, 1.162, 1.462, 1.767, 2.08, 2.075, 2.489, 3.233, 3.217, 2.367, 1.042, 1.262, 1.453, 0.972, 1.531, 1.608, 2.107, 2.535], [2.163, 3.01, 4.143, 3.965, 4.284, 5.613, 6.015, 5.297, 5.015, 4.984, 5.497, 5.806, 5.867, 6.29, 6.992, 7.179, 6.899, 6.19, 4.399, 2.734, 2.253, 2.114, 2.283, 1.835, 2.649, 2.724, 2.395, 2.363, 2.788, 3.351, 3.178, 3.317, 3.471, 4.1, 4.042, 3.71, 3.881, 4.504, 4.434, 4.6, 4.18, 3.276, 3.228, 4.021, 5.258, 5.208, 5.399, 6.284, 7.275, 7.171, 7.215, 6.272, 3.85, 2.902, 2.459, 2.301, 2.191, 2.763, 3.049, 3.275, 2.267, 1.703, 1.303, 0.773, 0.739, 0.0, 0.799, 1.111, 0.942, 1.118, 1.436, 1.74, 2.193, 2.181, 2.512, 3.292, 3.397, 2.59, 1.24, 1.296, 1.365, 1.072, 1.418, 1.413, 1.862, 2.343], [2.341, 2.984, 4.161, 4.023, 4.296, 5.654, 6.075, 5.357, 5.075, 5.044, 5.557, 5.889, 5.93, 6.368, 7.064, 7.255, 6.985, 6.255, 4.473, 2.797, 2.248, 1.968, 2.108, 1.799, 2.595, 2.626, 2.241, 2.288, 2.827, 3.198, 3.167, 3.334, 3.424, 4.124, 4.049, 3.626, 3.752, 4.35, 4.368, 4.55, 4.102, 3.137, 3.195, 3.973, 5.142, 5.198, 5.252, 6.081, 7.121, 6.985, 7.017, 6.103, 3.726, 3.013, 2.467, 2.293, 2.194, 2.566, 2.899, 3.213, 2.233, 1.575, 1.205, 0.877, 1.02, 0.799, 0.0, 0.728, 0.719, 1.01, 1.247, 1.673, 2.085, 2.027, 2.437, 3.24, 3