[[0.0, 0.777, 1.138, 1.971, 3.084, 2.652, 2.561, 2.759, 2.704, 2.265, 1.88, 1.409, 1.987, 3.19, 3.019, 1.927, 1.511, 1.273, 1.739, 2.571, 2.877, 3.252, 3.042, 2.376, 1.987, 2.143, 2.135, 2.081, 2.303, 2.39, 2.587, 2.076, 1.661, 3.582, 5.159, 4.909, 4.695, 5.124, 5.343, 5.456, 4.991, 4.718, 4.531, 4.539, 4.439, 4.451, 4.612, 4.91, 4.955, 4.525, 3.762, 2.933, 2.164, 1.71, 1.771, 1.689, 1.577, 2.28, 3.346, 3.6, 3.079, 2.555, 2.382, 2.837, 3.531, 4.643, 5.47, 5.086, 5.766, 8.117, 8.859, 8.825, 9.649, 10.372, 10.665, 9.964, 9.308, 9.684, 9.745, 9.221, 8.475, 8.991, 9.004, 8.56, 8.357, 8.176], [0.777, 0.0, 0.705, 1.429, 2.558, 2.239, 2.238, 2.467, 2.309, 1.921, 1.81, 1.417, 1.58, 2.534, 2.524, 1.787, 1.629, 1.411, 1.65, 2.565, 2.817, 3.228, 3.026, 2.231, 1.882, 2.038, 2.054, 1.953, 2.193, 2.226, 2.037, 1.546, 1.792, 4.081, 5.64, 5.237, 5.323, 5.782, 5.998, 6.088, 5.605, 5.082, 4.904, 5.05, 5.051, 5.041, 5.171, 5.556, 5.596, 5.078, 4.042, 3.17, 2.348, 1.733, 1.631, 1.664, 1.386, 1.728, 2.758, 3.143, 2.713, 2.269, 1.977, 2.334, 2.936, 4.038, 4.867, 4.552, 5.152, 7.521, 8.282, 8.221, 9.019, 9.739, 10.032, 9.281, 8.657, 9.053, 9.093, 8.61, 7.866, 8.382, 8.384, 7.919, 7.702, 7.53], [1.138, 0.705, 0.0, 1.317, 2.551, 2.281, 2.332, 2.569, 2.412, 2.059, 1.983, 1.756, 1.661, 2.487, 2.451, 1.783, 1.827, 1.693, 1.776, 2.706, 2.943, 3.365, 3.12, 2.34, 1.845, 2.103, 2.231, 2.027, 2.412, 2.398, 2.03, 1.613, 2.046, 4.264, 5.814, 5.448, 5.599, 6.087, 6.296, 6.391, 5.929, 5.359, 5.181, 5.372, 5.362, 5.413, 5.571, 5.881, 5.885, 5.375, 4.137, 3.196, 2.38, 1.836, 1.716, 1.798, 1.522, 1.572, 2.619, 3.095, 2.734, 2.245, 2.038, 2.345, 2.777, 3.899, 4.796, 4.592, 5.036, 7.327, 8.215, 8.135, 8.813, 9.495, 9.769, 8.982, 8.387, 8.869, 8.832, 8.303, 7.646, 8.137, 8.084, 7.641, 7.403, 7.249], [1.971, 1.429, 1.317, 0.0, 1.687, 1.984, 1.92, 2.039, 1.77, 1.528, 1.812, 1.628, 1.306, 1.949, 2.227, 1.618, 1.968, 2.306, 1.724, 2.328, 2.614, 2.975, 2.964, 2.155, 1.726, 1.872, 2.102, 1.808, 2.216, 2.106, 1.648, 1.529, 2.809, 5.346, 6.912, 6.438, 6.469, 6.964, 7.16, 7.234, 6.762, 6.197, 5.973, 6.148, 6.137, 6.07, 6.133, 6.698, 6.73, 6.241, 5.197, 4.25, 3.475, 2.59, 2.376, 2.686, 2.325, 1.434, 2.09, 2.439, 2.268, 2.035, 1.708, 1.661, 2.203, 3.189, 3.722, 3.66, 4.021, 6.51, 7.197, 7.091, 7.766, 8.547, 8.794, 8.24, 7.533, 7.83, 7.976, 7.404, 6.63, 7.123, 7.237, 6.848, 6.652, 6.576], [3.084, 2.558, 2.551, 1.687, 0.0, 1.143, 1.357, 1.223, 0.974, 1.309, 1.975, 2.431, 1.731, 1.25, 1.384, 1.885, 2.756, 3.249, 2.38, 1.974, 1.909, 2.076, 2.195, 1.903, 2.575, 2.349, 2.441, 2.406, 2.061, 1.843, 1.601, 2.054, 3.891, 6.54, 8.001, 7.526, 7.609, 8.03, 8.292, 8.378, 7.824, 7.386, 7.247, 7.249, 7.191, 7.133, 7.131, 7.722, 7.808, 7.307, 6.406, 5.488, 4.691, 3.803, 3.515, 3.842, 3.345, 1.892, 1.359, 1.312, 1.398, 1.947, 1.756, 1.278, 1.318, 2.236, 2.645, 2.56, 2.946, 5.473, 6.178, 6.1, 6.848, 7.575, 7.855, 7.225, 6.574, 6.878, 6.981, 6.36, 5.592, 6.087, 6.136, 5.71, 5.538, 5.522], [2.652, 2.239, 2.281, 1.984, 1.143, 0.0, 0.688, 1.146, 1.134, 1.465, 1.976, 2.131, 1.356, 1.334, 1.063, 1.539, 2.257, 2.661, 1.733, 1.51, 1.526, 1.556, 1.512, 1.168, 1.911, 1.71, 1.876, 1.843, 1.644, 1.675, 1.674, 2.203, 3.33, 5.891, 7.43, 7.178, 6.979, 7.416, 7.679, 7.754, 7.285, 6.767, 6.591, 6.712, 6.716, 6.684, 6.88, 7.252, 7.241, 6.728, 5.809, 4.971, 4.141, 3.488, 3.373, 3.505, 3.108, 2.277, 1.849, 1.882, 1.514, 1.569, 1.569, 1.299, 1.333, 2.277, 3.168, 2.793, 3.422, 5.889, 6.586, 6.489, 7.297, 8.032, 8.308, 7.672, 7.0, 7.307, 7.433, 6.891, 6.123, 6.633, 6.71, 6.262, 6.05, 5.911], [2.561, 2.238, 2.332, 1.92, 1.357, 0.688, 0.0, 0.841, 1.068, 1.191, 1.595, 1.812, 1.028, 1.423, 1.086, 1.468, 2.203, 2.62, 1.617, 1.317, 1.326, 1.416, 1.503, 1.075, 1.64, 1.562, 1.664, 1.568, 1.438, 1.451, 1.571, 2.133, 3.199, 5.755, 7.309, 7.09, 6.843, 7.293, 7.491, 7.547, 7.175, 6.771, 6.5, 6.543, 6.532, 6.491, 6.681, 7.109, 7.09, 6.608, 5.845, 5.042, 4.2, 3.492, 3.31, 3.405, 3.042, 2.177, 1.762, 1.87, 1.339, 1.498, 1.483, 1.296, 1.436, 2.398, 3.205, 2.859, 3.593, 6.057, 6.634, 6.602, 7.42, 8.192, 8.46, 7.919, 7.205, 7.472, 7.676, 7.109, 6.32, 6.815, 6.953, 6.541, 6.326, 6.153], [2.759, 2.467, 2.569, 2.039, 1.223, 1.146, 0.841, 0.0, 0.706, 0.941, 1.492, 2.001, 1.331, 1.301, 1.181, 1.611, 2.574, 2.952, 1.847, 1.637, 1.661, 1.606, 1.781, 1.428, 2.096, 1.893, 2.004, 1.921, 1.746, 1.49, 1.363, 2.09, 3.597, 6.052, 7.678, 7.49, 7.24, 7.669, 7.828, 7.913, 7.554, 7.29, 7.037, 7.011, 6.885, 6.804, 6.901, 7.397, 7.457, 7.065, 6.286, 5.383, 4.608, 3.767, 3.523, 3.752, 3.224, 2.106, 1.343, 1.417, 0.999, 1.596, 1.574, 1.411, 1.475, 2.297, 2.903, 2.544, 3.23, 5.581, 6.34, 6.3, 7.099, 7.814, 8.105, 7.487, 6.762, 7.131, 7.251, 6.725, 6.002, 6.514, 6.559, 6.123, 5.908, 5.714], [2.704, 2.309, 2.412, 1.77, 0.974, 1.134, 1.068, 0.706, 0.0, 0.804, 1.609, 2.089, 1.311, 1.221, 1.274, 1.703, 2.661, 3.008, 1.976, 1.817, 1.76, 1.794, 1.944, 1.538, 2.231, 2.018, 2.254, 2.109, 2.012, 1.711, 1.388, 1.868, 3.548, 6.112, 7.655, 7.317, 7.247, 7.695, 7.91, 8.0, 7.557, 7.161, 6.903, 6.969, 6.916, 6.841, 6.879, 7.424, 7.469, 7.023, 6.21, 5.294, 4.502, 3.646, 3.318, 3.646, 3.1, 1.91, 1.231, 1.372, 1.232, 1.739, 1.524, 1.187, 1.461, 2.318, 2.819, 2.498, 3.122, 5.521, 6.235, 6.198, 7.007, 7.74, 8.021, 7.407, 6.713, 7.047, 7.184, 6.582, 5.829, 6.345, 6.443, 6.007, 5.793, 5.626], [2.265, 1.921, 2.059, 1.528, 1.309, 1.465, 1.191, 0.941, 0.804, 0.0, 1.02, 1.515, 1.081, 1.463, 1.569, 1.568, 2.309, 2.589, 1.683, 1.712, 1.703, 1.859, 2.04, 1.381, 1.939, 1.743, 2.039, 1.692, 1.863, 1.57, 1.369, 1.692, 3.14, 5.674, 7.236, 6.91, 6.755, 7.185, 7.37, 7.441, 7.027, 6.715, 6.438, 6.493, 6.387, 6.305, 6.354, 6.929, 6.973, 6.567, 5.779, 4.88, 4.081, 3.234, 2.947, 3.218, 2.684, 1.685, 1.494, 1.699, 1.434, 1.811, 1.503, 1.458, 1.852, 2.754, 3.325, 2.931, 3.661, 6.117, 6.736, 6.697, 7.535, 8.293, 8.565, 7.994, 7.279, 7.595, 7.759, 7.194, 6.413, 6.925, 7.033, 6.624, 6.412, 6.24], [1.88, 1.81, 1.983, 1.812, 1.975, 1.976, 1.595, 1.492, 1.609, 1.02, 0.0, 0.935, 1.146, 2.178, 2.194, 1.784, 2.021, 2.124, 1.434, 1.512, 1.792, 2.045, 2.279, 1.64, 1.8, 1.619, 1.801, 1.325, 1.63, 1.414, 1.687, 1.885, 2.701, 5.136, 6.737, 6.528, 6.141, 6.501, 6.671, 6.757, 6.35, 6.233, 6.007, 5.928, 5.711, 5.607, 5.621, 6.24, 6.323, 6.017, 5.357, 4.478, 3.693, 2.855, 2.69, 2.829, 2.377, 1.753, 2.251, 2.435, 1.997, 2.168, 1.954, 2.129, 2.562, 3.393, 4.116, 3.714, 4.538, 7.0, 7.531, 7.535, 8.384, 9.154, 9.429, 8.897, 8.174, 8.428, 8.668, 8.066, 7.281, 7.791, 7.935, 7.524, 7.312, 7.147], [1.409, 1.417, 1.756, 1.628, 2.431, 2.131, 1.812, 2.001, 2.089, 1.515, 0.935, 0.0, 1.229, 2.605, 2.491, 1.709, 1.686, 1.708, 1.241, 1.558, 1.968, 2.227, 2.284, 1.619, 1.542, 1.537, 1.603, 1.184, 1.621, 1.583, 1.924, 1.843, 2.03, 4.458, 6.074, 5.909, 5.492, 5.914, 6.118, 6.162, 5.782, 5.633, 5.354, 5.234, 5.113, 5.088, 5.174, 5.665, 5.738, 5.324, 4.687, 3.87, 3.104, 2.302, 2.187, 2.266, 1.846, 1.759, 2.739, 3.016, 2.447, 2.198, 2.026, 2.21, 2.92, 3.891, 4.618, 4.222, 5.021, 7.533, 8.064, 8.053, 8.895, 9.664, 9.947, 9.406, 8.705, 8.96, 9.17, 8.576, 7.787, 8.298, 8.435, 8.025, 7.813, 7.647], [1.987, 1.58, 1.661, 1.306, 1.731, 1.356, 1.028, 1.331, 1.311, 1.081, 1.146, 1.229, 0.0, 1.63, 1.555, 1.144, 1.761, 2.049, 1.134, 1.374, 1.639, 1.91, 1.853, 1.076, 1.351, 1.216, 1.526, 1.223, 1.539, 1.434, 1.403, 1.619, 2.54, 5.086, 6.698, 6.4, 6.245, 6.711, 6.905, 6.955, 6.6, 6.131, 5.893, 5.956, 5.931, 5.849, 5.985, 6.483, 6.499, 6.042, 5.179, 4.318, 3.523, 2.763, 2.51, 2.68, 2.269, 1.596, 1.868, 2.251, 1.69, 1.521, 1.4, 1.402, 1.897, 2.953, 3.814, 3.476, 4.146, 6.639, 7.261, 7.213, 7.992, 8.753, 9.036, 8.467, 7.772, 8.047, 8.243, 7.669, 6.902, 7.417, 7.514, 7.108, 6.871, 6.699], [3.19, 2.534, 2.487, 1.949, 1.25, 1.334, 1.423, 1.301, 1.221, 1.463, 2.178, 2.605, 1.63, 0.0, 0.858, 1.854, 2.944, 3.378, 2.329, 2.194, 2.13, 2.186, 2.248, 1.816, 2.534, 2.343, 2.468, 2.313, 2.026, 1.761, 1.264, 1.829, 3.638, 6.318, 7.823, 7.42, 7.631, 8.091, 8.331, 8.401, 7.924, 7.336, 7.175, 7.325, 7.312, 7.258, 7.307, 7.814, 7.891, 7.353, 6.137, 5.173, 4.382, 3.539, 3.273, 3.594, 3.122, 1.84, 1.2, 1.428, 1.134, 1.569, 1.553, 1.163, 1.171, 1.862, 2.716, 2.523, 2.946, 5.348, 6.239, 6.116, 6.806, 7.543, 7.811, 7.012, 6.424, 6.834, 6.845, 6.313, 5.624, 6.116, 6.083, 5.605, 5.402, 5.299], [3.019, 2.524, 2.451, 2.227, 1.384, 1.063, 1.086, 1.181, 1.274, 1.569, 2.194, 2.491, 1.555, 0.858, 0.0, 1.593, 2.723, 3.184, 2.167, 1.891, 1.774, 1.853, 1.845, 1.61, 2.264, 2.138, 2.215, 2.184, 1.765, 1.626, 1.431, 2.17, 3.446, 6.125, 7.581, 7.312, 7.435, 7.916, 8.121, 8.216, 7.759, 7.285, 7.104, 7.151, 7.107, 7.066, 7.168, 7.619, 7.67, 7.175, 6.093, 5.128, 4.34, 3.529, 3.272, 3.478, 3.01, 2.046, 1.256, 1.468, 1.048, 1.343, 1.346, 1.182, 1.195, 1.971, 2.896, 2.579, 3.112, 5.401, 6.328, 6.276, 7.038, 7.726, 8.027, 7.21, 6.623, 7.065, 7.052, 6.497, 5.822, 6.328, 6.24, 5.796, 5.562, 5.45], [1.927, 1.787, 1.783, 1.618, 1.885, 1.539, 1.468, 1.611, 1.703, 1.568, 1.784, 1.709, 1.144, 1.854, 1.593, 0.0, 1.331, 1.827, 1.319, 1.884, 2.156, 2.452, 2.359, 1.372, 1.221, 1.263, 1.551, 1.443, 1.61, 1.54, 1.702, 2.109, 2.805, 5.093, 6.659, 6.433, 6.193, 6.649, 6.887, 6.983, 6.548, 6.272, 6.111, 5.968, 5.863, 5.868, 6.0, 6.337, 6.394, 5.984, 5.182, 4.246, 3.492, 2.866, 2.721, 2.802, 2.334, 1.893, 1.876, 2.068, 1.586, 1.208, 1.172, 1.42, 2.24, 3.301, 4.116, 3.686, 4.355, 6.81, 7.537, 7.499, 8.314, 9.033, 9.344, 8.633, 7.999, 8.335, 8.419, 7.789, 7.053, 7.563, 7.56, 7.135, 6.953, 6.85], [1.511, 1.629, 1.827, 1.968, 2.756, 2.257, 2.203, 2.574, 2.661, 2.309, 2.021, 1.686, 1.761, 2.944, 2.723, 1.331, 0.0, 0.781, 1.216, 2.003, 2.675, 2.952, 2.799, 1.825, 1.246, 1.296, 1.325, 1.498, 1.689, 1.811, 2.303, 2.33, 2.509, 4.394, 5.975, 5.804, 5.314, 5.591, 5.773, 5.891, 5.657, 5.594, 5.43, 5.163, 5.008, 4.929, 5.326, 5.452, 5.413, 5.156, 4.589, 3.915, 3.121, 2.74, 2.686, 2.652, 2.465, 2.344, 3.026, 3.214, 2.688, 2.149, 2.144, 2.564, 3.299, 4.398, 5.178, 4.75, 5.426, 7.921, 8.601, 8.574, 9.422, 10.152, 10.449, 9.794, 9.141, 9.432, 9.552, 8.895, 8.122, 8.628, 8.672, 8.286, 8.112, 7.962], [1.273, 1.411, 1.693, 2.306, 3.249, 2.661, 2.62, 2.952, 3.008, 2.589, 2.124, 1.708, 2.049, 3.378, 3.184, 1.827, 0.781, 0.0, 1.393, 2.338, 3.018, 3.228, 3.039, 2.125, 1.613, 1.702, 1.669, 1.828, 2.056, 2.273, 2.75, 2.449, 2.233, 4.01, 5.531, 5.409, 4.972, 5.123, 5.392, 5.543, 5.358, 5.226, 5.064, 4.786, 4.74, 4.691, 5.059, 5.113, 5.074, 4.753, 4.212, 3.609, 2.808, 2.461, 2.46, 2.292, 2.215, 2.458, 3.487, 3.677, 3.149, 2.631, 2.625, 3.035, 3.74, 4.856, 5.676, 5.273, 5.93, 8.401, 9.134, 9.095, 9.912, 10.633, 10.932, 10.276, 9.619, 9.918, 10.043, 9.375, 8.621, 9.129, 9.174, 8.792, 8.61, 8.459], [1.739, 1.65, 1.776, 1.724, 2.38, 1.733, 1.617, 1.847, 1.976, 1.683, 1.434, 1.241, 1.134, 2.329, 2.167, 1.319, 1.216, 1.393, 0.0, 1.266, 1.853, 2.107, 1.934, 1.198, 1.213, 0.925, 1.149, 1.046, 1.443, 1.604, 1.922, 2.048, 2.383, 4.662, 6.273, 6.182, 5.741, 6.033, 6.177, 6.342, 6.041, 6.002, 5.786, 5.629, 5.454, 5.309, 5.581, 5.922, 5.904, 5.634, 4.899, 4.138, 3.32, 2.699, 2.604, 2.624, 2.267, 2.029, 2.48, 2.717, 2.165, 1.707, 1.658, 2.035, 2.643, 3.805, 4.666, 4.282, 4.928, 7.338, 8.142, 8.104, 8.898, 9.609, 9.909, 9.176, 8.531, 8.919, 8.978, 8.484, 7.767, 8.271, 8.274, 7.817, 7.592, 7.392], [2.571, 2.565, 2.706, 2.328, 1.974, 1.51, 1.317, 1.637, 1.817, 1.712, 1.512, 1.558, 1.374, 2.194, 1.891, 1.884, 2.003, 2.338, 1.266, 0.0, 0.923, 1.253, 1.389, 1.264, 1.796, 1.474, 1.446, 1.429, 1.423, 1.628, 2.102, 2.467, 3.132, 5.471, 7.172, 7.018, 6.435, 6.66, 6.777, 6.899, 6.713, 6.727, 6.45, 6.305, 5.979, 5.769, 5.967, 6.462, 6.585, 6.394, 5.784, 5.032, 4.248, 3.546, 3.383, 3.419, 3.012, 2.648, 2.588, 2.439, 2.133, 2.298, 2.248, 2.047, 2.339, 3.236, 4.019, 3.604, 4.398, 6.904, 7.447, 7.436, 8.281, 9.052, 9.329, 8.809, 8.102, 8.345, 8.553, 7.979, 7.212, 7.701, 7.834, 7.407, 7.195, 7.03], [2.877, 2.817, 2.943, 2.614, 1.909, 1.526, 1.326, 1.661, 1.76, 1.703, 1.792, 1.968, 1.639, 2.13, 1.774, 2.156, 2.675, 3.018, 1.853, 0.923, 0.0, 1.056, 1.199, 1.409, 2.19, 1.931, 2.02, 1.82, 1.806, 1.98, 2.316, 2.68, 3.317, 5.805, 7.344, 7.124, 6.833, 7.22, 7.299, 7.397, 6.948, 6.887, 6.638, 6.58, 6.334, 6.259, 6.37, 6.928, 6.977, 6.657, 6.038, 5.36, 4.554, 3.816, 3.643, 3.611, 3.193, 2.779, 2.602, 2.37, 2.207, 2.374, 2.293, 2.055, 2.133, 2.824, 3.579, 3.322, 4.094, 6.495, 7.019, 7.014, 7.864, 8.636, 8.914, 8.414, 7.7, 7.947, 8.152, 7.557, 6.76, 7.248, 7.414, 7.002, 6.79, 6.625], [3.252, 3.228, 3.365, 2.975, 2.076, 1.556, 1.416, 1.606, 1.794, 1.859, 2.045, 2.227, 1.91, 2.186, 1.853, 2.452, 2.952, 3.228, 2.107, 1.253, 1.056, 0.0, 0.85, 1.494, 2.497, 2.17, 2.353, 2.161, 2.065, 2.046, 2.508, 2.85, 3.618, 5.948, 7.648, 7.502, 6.997, 7.437, 7.549, 7.609, 7.346, 7.296, 7.01, 6.857, 6.627, 6.551, 6.666, 7.114, 7.178, 6.916, 6.41, 5.692, 4.929, 4.174, 3.971, 3.99, 3.599, 3.051, 2.725, 2.437, 2.199, 2.448, 2.517, 2.208, 1.977, 2.333, 3.133, 3.004, 3.751, 5.981, 6.552, 6.534, 7.37, 8.13, 8.415, 7.887, 7.191, 7.451, 7.629, 7.056, 6.289, 6.797, 6.912, 6.485, 6.273, 6.108], [3.042, 3.026, 3.12, 2.964, 2.195, 1.512, 1.503, 1.781, 1.944, 2.04, 2.279, 2.284, 1.853, 2.248, 1.845, 2.359, 2.799, 3.039, 1.934, 1.389, 1.199, 0.85, 0.0, 1.379, 2.328, 1.997, 2.164, 2.166, 2.025, 2.219, 2.482, 2.795, 3.265, 5.55, 7.213, 7.089, 6.711, 7.181, 7.306, 7.349, 7.107, 6.983, 6.72, 6.603, 6.504, 6.435, 6.631, 6.911, 6.928, 6.596, 5.975, 5.31, 4.521, 3.869, 3.71, 3.659, 3.355, 2.981, 2.754, 2.551, 2.271, 2.478, 2.511, 2.286, 2.037, 2.567, 3.569, 3.333, 3.833, 6.18, 6.916, 6.873, 7.654, 8.369, 8.664, 8.057, 7.351, 7.693, 7.839, 7.307, 6.593, 7.103, 7.141, 6.708, 6.489, 6.288], [2.376, 2.231, 2.34, 2.155, 1.903, 1.168, 1.075, 1.428, 1.538, 1.381, 1.64, 1.619, 1.076, 1.816, 1.61, 1.372, 1.825, 2.125, 1.198, 1.264, 1.409, 1.494, 1.379, 0.0, 1.194, 0.934, 1.372, 1.201, 1.327, 1.576, 1.96, 2.295, 2.851, 5.073, 6.685, 6.553, 6.133, 6.563, 6.726, 6.8, 6.52, 6.387, 6.111, 6.009, 5.979, 5.916, 6.16, 6.393, 6.358, 6.003, 5.365, 4.707, 3.917, 3.376, 3.214, 3.197, 2.805, 2.191, 2.123, 2.276, 1.767, 1.531, 1.551, 1.52, 2.001, 3.11, 3.968, 3.586, 4.282, 6.756, 7.444, 7.398, 8.2, 8.918, 9.209, 8.621, 7.928, 8.221, 8.394, 7.844, 7.107, 7.621, 7.684, 7.263, 7.051, 6.858], [1.987, 1.882, 1.845, 1.726, 2.575, 1.911, 1.64, 2.096, 2.231, 1.939, 1.8, 1.542, 1.351, 2.534, 2.264, 1.221, 1.246, 1.613, 1.213, 1.796, 2.19, 2.497, 2.328, 1.194, 0.0, 0.769, 1.103, 0.963, 1.163, 1.424, 1.929, 2.241, 2.583, 4.521, 6.112, 6.011, 5.612, 6.043, 6.188, 6.261, 5.948, 5.825, 5.575, 5.467, 5.436, 5.494, 5.74, 5.906, 5.809, 5.466, 4.842, 4.272, 3.484, 3.049, 2.947, 2.861, 2.457, 2.318, 2.504, 2.838, 2.254, 1.812, 1.782, 1.984, 2.67, 3.749, 4.579, 4.234, 4.908, 7.397, 7.998, 7.972, 8.814, 9.588, 9.856, 9.267, 8.556, 8.859, 9.05, 8.484, 7.692, 8.186, 8.323, 7.896, 7.684, 7.521], [2.143, 2.038, 2.103, 1.872, 2.349, 1.71, 1.562, 1.893, 2.018, 1.743, 1.619, 1.537, 1.216, 2.343, 2.138, 1.263, 1.296, 1.702, 0.925, 1.474, 1.931, 2.17, 1.997, 0.934, 0.769, 0.0, 0.75, 0.856, 1.069, 1.349, 1.818, 2.225, 2.645, 4.766, 6.343, 6.253, 5.78, 6.08, 6.154, 6.296, 6.061, 6.121, 5.855, 5.658, 5.517, 5.43, 5.67, 5.859, 5.884, 5.667, 5.103, 4.449, 3.655, 3.19, 3.046, 3.012, 2.628, 2.255, 2.4, 2.635, 2.077, 1.771, 1.707, 1.919, 2.597, 3.687, 4.555, 4.137, 4.864, 7.3, 7.997, 7.963, 8.787, 9.529, 9.816, 9.186, 8.492, 8.807, 8.968, 8.41, 7.655, 8.171, 8.246, 7.832, 7.598, 7.441], [2.135, 2.054, 2.231, 2.102, 2.441, 1.876, 1.664, 2.004, 2.254, 2.039, 1.801, 1.603, 1.526, 2.468, 2.215, 1.551, 1.325, 1.669, 1.149, 1.446, 2.02, 2.353, 2.164, 1.372, 1.103, 0.75, 0.0, 1.032, 0.903, 1.289, 1.753, 2.135, 2.703, 4.92, 6.536, 6.403, 5.842, 6.04, 6.105, 6.293, 6.102, 6.172, 5.91, 5.68, 5.455, 5.302, 5.634, 5.893, 5.96, 5.75, 5.159, 4.467, 3.656, 3.143, 2.996, 2.982, 2.723, 2.461, 2.575, 2.708, 2.172, 2.122, 2.028, 2.144, 2.684, 3.763, 4.641, 4.193, 4.933, 7.373, 8.072, 8.041, 8.865, 9.599, 9.886, 9.262, 8.561, 8.877, 9.042, 8.484, 7.737, 8.253, 8.319, 7.905, 7.678, 7.513], [2.081, 1.953, 2.027, 1.808, 2.406, 1.843, 1.568, 1.921, 2.109, 1.692, 1.325, 1.184, 1.223, 2.313, 2.184, 1.443, 1.498, 1.828, 1.046, 1.429, 1.82, 2.161, 2.166, 1.201, 0.963, 0.856, 1.032, 0.0, 0.986, 1.322, 1.861, 2.22, 2.65, 4.929, 6.571, 6.433, 5.911, 6.238, 6.411, 6.463, 6.193, 6.148, 5.864, 5.693, 5.48, 5.474, 5.698, 6.023, 6.07, 5.783, 5.227, 4.467, 3.645, 3.059, 2.938, 2.933, 2.532, 2.029, 2.436, 2.692, 2.124, 1.693, 1.66, 1.872, 2.57, 3.546, 4.376, 3.962, 4.768, 7.253, 7.798, 7.794, 8.646, 9.414, 9.692, 9.139, 8.425, 8.69, 8.914, 8.326, 7.543, 8.053, 8.186, 7.759, 7.551, 7.387], [2.303, 2.193, 2.412, 2.216, 2.061, 1.644, 1.438, 1.746, 2.012, 1.863, 1.63, 1.621, 1.539, 2.026, 1.765, 1.61, 1.689, 2.056, 1.443, 1.423, 1.806, 2.065, 2.025, 1.327, 1.163, 1.069, 0.903, 0.986, 0.0, 0.757, 1.476, 2.005, 2.767, 5.071, 6.746, 6.608, 6.088, 6.46, 6.672, 6.712, 6.383, 6.385, 6.159, 5.974, 5.809, 5.813, 5.942, 6.251, 6.315, 5.981, 5.453, 4.723, 3.922, 3.299, 3.145, 3.115, 2.745, 2.266, 2.218, 2.309, 1.812, 1.903, 1.839, 1.934, 2.295, 3.36, 4.211, 3.761, 4.472, 6.937, 7.623, 7.587, 8.446, 9.18, 9.45, 8.779, 8.115, 8.448, 8.57, 8.048, 7.279, 7.789, 7.855, 7.407, 7.195, 7.024], [2.39, 2.226, 2.398, 2.106, 1.843, 1.675, 1.451, 1.49, 1.711, 1.57, 1.414, 1.583, 1.434, 1.761, 1.626, 1.54, 1.811, 2.273, 1.604, 1.628, 1.98, 2.046, 2.219, 1.576, 1.424, 1.349, 1.289, 1.322, 0.757, 0.0, 1.051, 1.607, 2.77, 5.304, 6.815, 6.682, 6.322, 6.806, 7.025, 7.077, 6.647, 6.529, 6.341, 6.129, 6.043, 6.003, 6.063, 6.481, 6.531, 6.103, 5.483, 4.701, 3.904, 3.193, 2.978, 3.078, 2.636, 2.035, 1.858, 1.945, 1.511, 1.801, 1.768, 1.868, 2.198, 3.062, 3.881, 3.46, 4.156, 6.624, 7.311, 7.272, 8.131, 8.866, 9.136, 8.443, 7.801, 8.133, 8.255, 7.648, 6.88, 7.39, 7.425, 6.992, 6.818, 6.693], [2.587, 2.037, 2.03, 1.648, 1.601, 1.674, 1.571, 1.363, 1.388, 1.369, 1.687, 1.924, 1.403, 1.264, 1.431, 1.702, 2.303, 2.75, 1.922, 2.102, 2.316, 2.508, 2.482, 1.96, 1.929, 1.818, 1.753, 1.861, 1.476, 1.051, 0.0, 1.22, 2.876, 5.591, 7.059, 6.773, 6.823, 7.329, 7.536, 7.613, 7.19, 6.65, 6.462, 6.596, 6.581, 6.507, 6.546, 7.037, 7.087, 6.574, 5.427, 4.48, 3.693, 2.839, 2.624, 2.838, 2.387, 1.506, 1.357, 1.727, 1.421, 1.771, 1.654, 1.589, 1.84, 2.7, 3.481, 3.137, 3.68, 5.98, 6.916, 6.841, 7.598, 8.292, 8.593, 7.821, 7.183, 7.614, 7.634, 7.079, 6.396, 6.904, 6.868, 6.425, 6.214, 6.037], [2.076, 1.546, 1.613, 1.529, 2.054, 2.203, 2.133, 2.09, 1.868, 1.692, 1.885, 1.843, 1.619, 1.829, 2.17, 2.109, 2.33, 2.449, 2.048, 2.467, 2.68, 2.85, 2.795, 2.295, 2.241, 2.225, 2.135, 2.22, 2.005, 1.607, 1.22, 0.0, 2.368, 5.088, 6.567, 6.162, 6.347, 6.874, 7.084, 7.156, 6.713, 6.152, 5.972, 6.094, 6.09, 6.015, 5.996, 6.531, 6.583, 6.081, 4.835, 3.792, 3.034, 2.121, 1.957, 2.311, 2.091, 1.548, 2.137, 2.425, 2.243, 2.509, 2.188, 2.16, 2.357, 3.215, 4.211, 4.058, 4.401, 6.871, 7.729, 7.607, 8.158, 8.908, 9.123, 8.377, 7.732, 8.181, 8.215, 7.629, 6.948, 7.395, 7.433, 7.015, 6.818, 6.761], [1.661, 1.792, 2.046, 2.809, 3.891, 3.33, 3.199, 3.597, 3.548, 3.14, 2.701, 2.03, 2.54, 3.638, 3.446, 2.805, 2.509, 2.233, 2.383, 3.132, 3.317, 3.618, 3.265, 2.851, 2.583, 2.645, 2.703, 2.65, 2.767, 2.77, 2.876, 2.368, 0.0, 2.811, 4.325, 4.24, 4.299, 4.862, 4.933, 4.994, 4.591, 4.275, 4.138, 4.17, 4.092, 4.053, 4.099, 4.394, 4.438, 4.005, 3.066, 2.395, 1.905, 1.592, 1.633, 1.52, 1.707, 2.53, 3.657, 4.134, 3.584, 3.117, 3.112, 3.458, 4.074, 5.268, 6.235, 5.858, 6.445, 8.786, 9.687, 9.638, 10.398, 11.096, 11.384, 10.568, 9.991, 10.423, 10.419, 9.878, 9.187, 9.692, 9.633, 9.106, 8.915, 8.794], [3.582, 4.081, 4.264, 5.346, 6.54, 5.891, 5.755, 6.052, 6.112, 5.674, 5.136, 4.458, 5.086, 6.318, 6.125, 5.093, 4.394, 4.01, 4.662, 5.471, 5.805, 5.948, 5.55, 5.073, 4.521, 4.766, 4.92, 4.929, 5.071, 5.304, 5.591, 5.088, 2.811, 0.0, 1.912, 2.016, 1.931, 2.365, 2.585, 2.696, 2.475, 2.181, 2.158, 2.465, 2.28, 2.378, 2.397, 2.221, 2.273, 1.862, 1.376, 2.089, 3.085, 3.56, 3.637, 3.307, 3.626, 5.257, 6.328, 6.767, 6.169, 5.606, 5.672, 6.113, 6.728, 7.905, 8.847, 8.488, 9.062, 11.399, 12.3, 12.254, 13.01, 13.724, 14.0, 13.179, 12.601, 13.044, 13.048, 12.546, 11.846, 12.35, 12.304, 11.754, 11.545, 11.409], [5.159, 5.64, 5.814, 6.912, 8.001, 7.43, 7.309, 7.678, 7.655, 7.236, 6.737, 6.074, 6.698, 7.823, 7.581, 6.659, 5.975, 5.531, 6.273, 7.172, 7.344, 7.648, 7.213, 6.685, 6.112, 6.343, 6.536, 6.571, 6.746, 6.815, 7.059, 6.567, 4.325, 1.912, 0.0, 0.978, 1.528, 1.647, 1.821, 2.089, 1.794, 1.639, 1.77, 1.87, 1.954, 2.244, 2.271, 1.898, 1.758, 1.313, 1.98, 3.504, 4.386, 4.976, 5.08, 4.688, 5.067, 6.711, 7.796, 8.254, 7.664, 7.113, 7.195, 7.643, 8.269, 9.454, 10.382, 10.039, 10.633, 12.891, 13.867, 13.804, 14.581, 15.272, 15.571, 14.718, 14.157, 14.6, 14.597, 14.026, 13.351, 13.856, 13.769, 13.258, 13.048, 12.877], [4.909, 5.237, 5.448, 6.438, 7.526, 7.178, 7.09, 7.49, 7.317, 6.91, 6.528, 5.909, 6.4, 7.42, 7.312, 6.433, 5.804, 5.409, 6.182, 7.018, 7.124, 7.502, 7.089, 6.553, 6.011, 6.253, 6.403, 6.433, 6.608, 6.682, 6.773, 6.162, 4.24, 2.016, 0.978, 0.0, 1.154, 1.411, 1.693, 1.947, 1.667, 1.125, 1.351, 1.599, 1.66, 1.925, 1.915, 1.658, 1.47, 1.079, 1.767, 3.277, 4.277, 4.773, 4.822, 4.52, 4.823, 6.249, 7.409, 7.825, 7.444, 6.945, 6.876, 7.206, 7.825, 9.042, 9.918, 9.649, 10.146, 12.599, 13.421, 13.35, 14.115, 14.829, 15.112, 14.332, 13.721, 14.126, 14.175, 13.556, 12.826, 13.333, 13.332, 12.894, 12.723, 12.606], [4.695, 5.323, 5.599, 6.469, 7.609, 6.979, 6.843, 7.24, 7.247, 6.755, 6.141, 5.492, 6.245, 7.631, 7.435, 6.193, 5.314, 4.972, 5.741, 6.435, 6.833, 6.997, 6.711, 6.133, 5.612, 5.78, 5.842, 5.911, 6.088, 6.322, 6.823, 6.347, 4.299, 1.931, 1.528, 1.154, 0.0, 0.699, 1.079, 1.241, 1.071, 0.912, 1.176, 1.254, 1.238, 1.439, 1.39, 1.176, 1.03, 0.865, 1.889, 3.414, 4.407, 4.906, 4.982, 4.692, 4.993, 6.493, 7.643, 8.005, 7.417, 6.838, 6.811, 7.232, 7.937, 9.114, 9.969, 9.584, 10.219, 12.712, 13.42, 13.363, 14.208, 14.945, 15.208, 14.528, 13.872, 14.217, 14.331, 13.771, 13.014, 13.521, 13.584, 13.142, 12.925, 12.754], [5.124, 5.782, 6.087, 6.964, 8.03, 7.416, 7.293, 7.669, 7.695, 7.185, 6.501, 5.914, 6.711, 8.091, 7.916, 6.649, 5.591, 5.123, 6.033, 6.66, 7.22, 7.437, 7.181, 6.563, 6.043, 6.08, 6.04, 6.238, 6.46, 6.806, 7.329, 6.874, 4.862, 2.365, 1.647, 1.411, 0.699, 0.0, 0.868, 1.087, 1.035, 1.159, 1.354, 1.332, 1.376, 1.546, 1.649, 1.269, 1.098, 1.094, 2.323, 3.91, 4.849, 5.416, 5.489, 5.215, 5.527, 6.993, 8.129, 8.444, 7.855, 7.313, 7.272, 7.703, 8.41, 9.575, 10.437, 10.005, 10.704, 13.161, 13.894, 13.861, 14.68, 15.407, 15.684, 15.01, 14.342, 14.687, 14.809, 14.253, 13.508, 14.022, 14.078, 13.633, 13.415, 13.23], [5.343, 5.998, 6.296, 7.16, 8.292, 7.679, 7.491, 7.828, 7.91, 7.37, 6.671, 6.118, 6.905, 8.331, 8.121, 6.887, 5.773, 5.392, 6.177, 6.777, 7.299, 7.549, 7.306, 6.726, 6.188, 6.154, 6.105, 6.411, 6.672, 7.025, 7.536, 7.084, 4.933, 2.585, 1.821, 1.693, 1.079, 0.868, 0.0, 0.773, 0.911, 1.299, 1.388, 1.322, 1.282, 1.389, 1.627, 1.134, 0.985, 1.31, 2.581, 4.13, 5.093, 5.603, 5.676, 5.363, 5.715, 7.208, 8.361, 8.632, 8.071, 7.523, 7.498, 7.904, 8.614, 9.753, 10.634, 10.202, 10.915, 13.342, 14.091, 14.059, 14.876, 15.591, 15.88, 15.222, 14.541, 14.879, 15.019, 14.462, 13.729, 14.243, 14.302, 13.868, 13.65, 13.47], [5.456, 6.088, 6.391, 7.234, 8.378, 7.754, 7.547, 7.913, 8.0, 7.441, 6.757, 6.162, 6.955, 8.401, 8.216, 6.983, 5.891, 5.543, 6.342, 6.899, 7.397, 7.609, 7.349, 6.8, 6.261, 6.296, 6.293, 6.463, 6.712, 7.077, 7.613, 7.156, 4.994, 2.696, 2.089, 1.947, 1.241, 1.087, 0.773, 0.0, 0.746, 1.41, 1.481, 1.412, 1.329, 1.552, 1.592, 1.107, 0.98, 1.511, 2.716, 4.265, 5.253, 5.708, 5.809, 5.487, 5.793, 7.345, 8.478, 8.768, 8.183, 7.623, 7.593, 8.006, 8.656, 9.813, 10.681, 10.246, 10.95, 13.45, 14.132, 14.101, 14.913, 15.641, 15.914, 15.302, 14.607, 14.921, 15.094, 14.551, 13.81, 14.323, 14.395, 13.952, 13.735, 13.537], [4.991, 5.605, 5.929, 6.762, 7.824, 7.285, 7.175, 7.554, 7.557, 7.027, 6.35, 5.782, 6.6, 7.924, 7.759, 6.548, 5.657, 5.358, 6.041, 6.713, 6.948, 7.346, 7.107, 6.52, 5.948, 6.061, 6.102, 6.193, 6.383, 6.647, 7.19, 6.713, 4.591, 2.475, 1.794, 1.667, 1.071, 1.035, 0.911, 0.746, 0.0, 0.992, 1.073, 0.954, 1.048, 1.405, 1.427, 1.135, 0.873, 1.118, 2.248, 3.826, 4.805, 5.278, 5.364, 5.063, 5.37, 6.879, 8.016, 8.252, 7.775, 7.203, 7.089, 7.542, 8.262, 9.408, 10.259, 9.858, 10.514, 12.97, 13.691, 13.651, 14.49, 15.221, 15.502, 14.824, 14.164, 14.498, 14.61, 14.067, 13.316, 13.821, 13.882, 13.432, 13.216, 13.037], [4.718, 5.082, 5.359, 6.197, 7.386, 6.767, 6.771, 7.29, 7.161, 6.715, 6.233, 5.633, 6.131, 7.336, 7.285, 6.272, 5.594, 5.226, 6.002, 6.727, 6.887, 7.296, 6.983, 6.387, 5.825, 6.121, 6.172, 6.148, 6.385, 6.529, 6.65, 6.152, 4.275, 2.181, 1.639, 1.125, 0.912, 1.159, 1.299, 1.41, 0.992, 0.0, 0.631, 1.072, 1.308, 1.554, 1.591, 1.377, 1.086, 0.945, 1.667, 3.233, 4.202, 4.706, 4.795, 4.557, 4.869, 6.276, 7.525, 7.931, 7.419, 6.87, 6.746, 7.051, 7.669, 8.824, 9.746, 9.375, 10.003, 12.499, 13.186, 13.101, 13.897, 14.642, 14.879, 14.182, 13.558, 13.907, 14.008, 13.438, 12.711, 13.193, 13.266, 12.839, 12.638, 12.515], [4.531, 4.904, 5.181, 5.973, 7.247, 6.591, 6.5, 7.037, 6.903, 6.438, 6.007, 5.354, 5.893, 7.175, 7.104, 6.111, 5.43, 5.064, 5.786, 6.45, 6.638, 7.01, 6.72, 6.111, 5.575, 5.855, 5.91, 5.864, 6.159, 6.341, 6.462, 5.972, 4.138, 2.158, 1.77, 1.351, 1.176, 1.354, 1.388, 1.481, 1.073, 0.631, 0.0, 0.932, 1.043, 1.399, 1.577, 1.376, 1.15, 1.09, 1.648, 3.123, 4.083, 4.554, 4.661, 4.379, 4.71, 6.123, 7.368, 7.764, 7.28, 6.714, 6.566, 6.807, 7.462, 8.586, 9.485, 9.121, 9.773, 12.255, 12.951, 12.889, 13.659, 14.404, 14.638, 14.027, 13.356, 13.681, 13.822, 13.215, 12.49, 12.974, 13.094, 12.67, 12.47, 12.333], [4.539, 5.05, 5.372, 6.148, 7.249, 6.712, 6.543, 7.011, 6.969, 6.493, 5.928, 5.234, 5.956, 7.325, 7.151, 5.968, 5.163, 4.786, 5.629, 6.305, 6.58, 6.857, 6.603, 6.009, 5.467, 5.658, 5.68, 5.693, 5.974, 6.129, 6.596, 6.094, 4.17, 2.465, 1.87, 1.599, 1.254, 1.332, 1.322, 1.412, 0.954, 1.072, 0.932, 0.0, 0.779, 1.134, 1.345, 1.187, 1.031, 0.952, 1.871, 3.303, 4.196, 4.661, 4.737, 4.45, 4.792, 6.19, 7.392, 7.732, 7.139, 6.632, 6.622, 6.929, 7.677, 8.799, 9.651, 9.244, 9.945, 12.428, 13.107, 13.063, 13.868, 14.603, 14.881, 14.264, 13.588, 13.892, 14.043, 13.313, 12.55, 13.048, 13.17, 12.807, 12.635, 12.497], [4.439, 5.051, 5.362, 6.137, 7.191, 6.716, 6.532, 6.885, 6.916, 6.387, 5.711, 5.113, 5.931, 7.312, 7.107, 5.863, 5.008, 4.74, 5.454, 5.979, 6.334, 6.627, 6.504, 5.979, 5.436, 5.517, 5.455, 5.48, 5.809, 6.043, 6.581, 6.09, 4.092, 2.28, 1.954, 1.66, 1.238, 1.376, 1.282, 1.329, 1.048, 1.308, 1.043, 0.779, 0.0, 0.728, 1.012, 0.838, 0.923, 1.104, 2.021, 3.253, 4.247, 4.665, 4.74, 4.447, 4.752, 6.2, 7.389, 7.598, 7.076, 6.531, 6.51, 6.907, 7.682, 8.76, 9.592, 9.178, 9.903, 12.365, 13.059, 13.012, 13.831, 14.586, 14.881, 14.258, 13.591, 13.886, 14.046, 13.312, 12.547, 13.044, 13.166, 12.787, 12.605, 12.45], [4.451, 5.041, 5.413, 6.07, 7.133, 6.684, 6.491, 6.804, 6.841, 6.305, 5.607, 5.088, 5.849, 7.258, 7.066, 5.868, 4.929, 4.691, 5.309, 5.769, 6.259, 6.551, 6.435, 5.916, 5.494, 5.43, 5.302, 5.474, 5.813, 6.003, 6.507, 6.015, 4.053, 2.378, 2.244, 1.925, 1.439, 1.546, 1.389, 1.552, 1.405, 1.554, 1.399, 1.134, 0.728, 0.0, 0.76, 1.063, 1.12, 1.255, 2.082, 3.277, 4.245, 4.575, 4.631, 4.395, 4.677, 6.104, 7.281, 7.494, 6.969, 6.471, 6.468, 6.836, 7.603, 8.703, 9.555, 9.126, 9.871, 12.314, 13.002, 12.971, 13.798, 14.55, 14.823, 14.191, 13.517, 13.838, 13.991, 13.262, 12.486, 12.993, 13.122, 12.743, 12.57, 12.41], [4.612, 5.171, 5.571, 6.133, 7.131, 6.88, 6.681, 6.901, 6.879, 6.354, 5.621, 5.174, 5.985, 7.307, 7.168, 6.0, 5.326, 5.059, 5.581, 5.967, 6.37, 6.666, 6.631, 6.16, 5.74, 5.67, 5.634, 5.698, 5.942, 6.063, 6.546, 5.996, 4.099, 2.397, 2.271, 1.915, 1.39, 1.649, 1.627, 1.592, 1.427, 1.591, 1.577, 1.345, 1.012, 0.76, 0.0, 0.855, 1.046, 1.392, 2.28, 3.416, 4.456, 4.724, 4.705, 4.524, 4.742, 6.093, 7.274, 7.517, 6.998, 6.625, 6.554, 6.904, 7.676, 8.806, 9.603, 9.166, 9.921, 12.347, 13.042, 13.002, 13.855, 14.6, 14.873, 14.241, 13.56, 13.875, 14.04, 13.318, 12.513, 13.028, 13.153, 12.794, 12.62, 12.465], [4.91, 5.556, 5.881, 6.698, 7.722, 7.252, 7.109, 7.397, 7.424, 6.929, 6.24, 5.665, 6.483, 7.814, 7.619, 6.337, 5.452, 5.113, 5.922, 6.462, 6.928, 7.114, 6.911, 6.393, 5.906, 5.859, 5.893, 6.023, 6.251, 6.481, 7.037, 6.531, 4.394, 2.221, 1.898, 1.658, 1.176, 1.269, 1.134, 1.107, 1.135, 1.377, 1.376, 1.187, 0.838, 1.063, 0.855, 0.0, 0.622, 1.224, 2.298, 3.64, 4.671, 5.098, 5.17, 4.84, 5.141, 6.604, 7.764, 8.029, 7.501, 7.038, 7.045, 7.407, 8.182, 9.304, 10.169, 9.739, 10.448, 12.874, 13.633, 13.595, 14.412, 15.127, 15.417, 14.753, 14.076, 14.416, 14.556, 13.857, 13.08, 13.601, 13.683, 13.321, 13.14, 12.982], [4.955, 5.596, 5.885, 6.73, 7.808, 7.241, 7.09, 7.457, 7.469, 6.973, 6.323, 5.738, 6.499, 7.891, 7.67, 6.394, 5.413, 5.074, 5.904, 6.585, 6.977, 7.178, 6.928, 6.358, 5.809, 5.884, 5.96, 6.07, 6.315, 6.531, 7.087, 6.583, 4.438, 2.273, 1.758, 1.47, 1.03, 1.098, 0.985, 0.98, 0.873, 1.086, 1.15, 1.031, 0.923, 1.12, 1.046, 0.622, 0.0, 0.967, 2.145, 3.607, 4.62, 5.105, 5.208, 4.883, 5.193, 6.638, 7.829, 8.073, 7.574, 7.047, 7.089, 7.465, 8.205, 9.358, 10.206, 9.809, 10.484, 12.943, 13.66, 13.623, 14.452, 15.178, 15.445, 14.804, 14.123, 14.458, 14.608, 13.898, 13.106, 13.616, 13.741, 13.371, 13.199, 13.032], [4.525, 5.078, 5.375, 6.241, 7.307, 6.728, 6.608, 7.065, 7.023, 6.567, 6.017, 5.324, 6.042, 7.353, 7.175, 5.984, 5.156, 4.753, 5.634, 6.394, 6.657, 6.916, 6.596, 6.003, 5.466, 5.667, 5.75, 5.783, 5.981, 6.103, 6.574, 6.081, 4.005, 1.862, 1.313, 1.079, 0.865, 1.094, 1.31, 1.511, 1.118, 0.945, 1.09, 0.952, 1.104, 1.255, 1.392, 1.224, 0.967, 0.0, 1.584, 3.117, 4.085, 4.604, 4.667, 4.349, 4.677, 6.134, 7.332, 7.682, 7.105, 6.624, 6.613, 6.989, 7.693, 8.881, 9.741, 9.348, 10.001, 12.497, 13.202, 13.153, 13.97, 14.699, 14.964, 14.284, 13.631, 13.979, 14.087, 13.417, 12.65, 13.157, 13.222, 12.844, 12.671, 12.515], [3.762, 4.042, 4.137, 5.197, 6.406, 5.809, 5.845, 6.286, 6.21, 5.779, 5.357, 4.687, 5.179, 6.137, 6.093, 5.182, 4.589, 4.212, 4.899, 5.784, 6.038, 6.41, 5.975, 5.365, 4.842, 5.103, 5.159, 5.227, 5.453, 5.483, 5.427, 4.835, 3.066, 1.376, 1.98, 1.767, 1.889, 2.323, 2.581, 2.716, 2.248, 1.667, 1.648, 1.871, 2.021, 2.082, 2.28, 2.298, 2.145, 1.584, 0.0, 1.754, 2.683, 3.233, 3.353, 3.089, 3.459, 4.88, 6.186, 6.656, 6.265, 5.71, 5.69, 6.029, 6.525, 7.696, 8.759, 8.437, 8.949, 11.344, 12.245, 12.147, 12.813, 13.528, 13.78, 12.965, 12.383, 12.847, 12.842, 12.243, 11.58, 12.064, 12.017, 11.488, 11.33, 11.271], [2.933, 3.17, 3.196, 4.25, 5.488, 4.971, 5.042, 5.383, 5.294, 4.88, 4.478, 3.87, 4.318, 5.173, 5.128, 4.246, 3.915, 3.609, 4.138, 5.032, 5.36, 5.692, 5.31, 4.707, 4.272, 4.449, 4.467, 4.467, 4.723, 4.701, 4.48, 3.792, 2.395, 2.089, 3.504, 3.277, 3.414, 3.91, 4.13, 4.265, 3.826, 3.233, 3.123, 3.303, 3.253, 3.277, 3.416, 3.64, 3.607, 3.117, 1.754, 0.0, 1.251, 1.792, 2.179, 2.027, 2.457, 3.841, 5.159, 5.628, 5.188, 4.719, 4.75, 5.115, 5.556, 6.659, 7.826, 7.523, 8.004, 10.328, 11.314, 11.227, 11.788, 12.466, 12.636, 11.765, 11.276, 11.824, 11.772, 10.983, 10.466, 10.877, 10.886, 10.434, 10.24, 10.015], [2.164, 2.348, 2.38, 3.475, 4.691, 4.141, 4.2, 4.608, 4.502, 4.081, 3.693, 3.104, 3.523, 4.382, 4.34, 3.492, 3.121, 2.808, 3.32, 4.248, 4.554, 4.929, 4.521, 3.917, 3.484, 3.655, 3.656, 3.645, 3.922, 3.904, 3.693, 3.034, 1.905, 3.085, 4.386, 4.277, 4.407, 4.849, 5.093, 5.253, 4.805, 4.202, 4.083, 4.196, 4.247, 4.245, 4.456, 4.671, 4.62, 4.085, 2.683, 1.251, 0.0, 1.041, 1.478, 1.209, 1.698, 3.087, 4.41, 4.844, 4.48, 3.945, 3.972, 4.333, 4.8, 5.89, 7.056, 6.739, 7.236, 9.528, 10.53, 10.427, 11.022, 11.697, 11.872, 10.998, 10.516, 11.06, 11.008, 10.236, 9.734, 10.148, 10.158, 9.666, 9.463, 9.209], [1.71, 1.733, 1.836, 2.59, 3.803, 3.488, 3.492, 3.767, 3.646, 3.234, 2.855, 2.302, 2.763, 3.539, 3.529, 2.866, 2.74, 2.461, 2.699, 3.546, 3.816, 4.174, 3.869, 3.376, 3.049, 3.19, 3.143, 3.059, 3.299, 3.193, 2.839, 2.121, 1.592, 3.56, 4.976, 4.773, 4.906, 5.416, 5.603, 5.708, 5.278, 4.706, 4.554, 4.661, 4.665, 4.575, 4.724, 5.098, 5.105, 4.604, 3.233, 1.792, 1.041, 0.0, 0.719, 0.802, 1.281, 2.294, 3.567, 4.05, 3.652, 3.232, 3.135, 3.472, 3.929, 4.986, 6.172, 5.891, 6.343, 8.664, 9.656, 9.57, 10.118, 10.795, 10.968, 10.108, 9.612, 10.156, 10.104, 9.355, 8.832, 9.255, 9.255, 8.766, 8.564, 8.367], [1.771, 1.631, 1.716, 2.376, 3.515, 3.373, 3.31, 3.523, 3.318, 2.947, 2.69, 2.187, 2.51, 3.273, 3.272, 2.721, 2.686, 2.46, 2.604, 3.383, 3.643, 3.971, 3.71, 3.214, 2.947, 3.046, 2.996, 2.938, 3.145, 2.978, 2.624, 1.957, 1.633, 3.637, 5.08, 4.822, 4.982, 5.489, 5.676, 5.809, 5.364, 4.795, 4.661, 4.737, 4.74, 4.631, 4.705, 5.17, 5.208, 4.667, 3.353, 2.179, 1.478, 0.719, 0.0, 0.8, 1.232, 1.979, 3.252, 3.687, 3.374, 3.086, 2.881, 3.226, 3.681, 4.845, 5.884, 5.619, 6.076, 8.347, 9.345, 9.261, 9.901, 10.596, 10.824, 9.963, 9.421, 9.931, 9.907, 9.24, 8.617, 9.078, 9.046, 8.54, 8.318, 8.199], [1.689, 1.664, 1.798, 2.686, 3.842, 3.505, 3.405, 3.752, 3.646, 3.218, 2.829, 2.266, 2.68, 3.594, 3.478, 2.802, 2.652, 2.292, 2.624, 3.419, 3.611, 3.99, 3.659, 3.197, 2.861, 3.012, 2.982, 2.933, 3.115, 3.078, 2.838, 2.311, 1.52, 3.307, 4.688, 4.52, 4.692, 5.215, 5.363, 5.487, 5.063, 4.557, 4.379, 4.45, 4.447, 4.395, 4.524, 4.84, 4.883, 4.349, 3.089, 2.027, 1.209, 0.802, 0.8, 0.0, 0.909, 2.239, 3.555, 3.987, 3.617, 3.196, 3.128, 3.476, 4.033, 5.205, 6.214, 5.892, 6.419, 8.677, 9.68, 9.606, 10.312, 10.986, 11.277, 10.407, 9.866, 10.347, 10.313, 9.669, 9.034, 9.526, 9.452, 8.954, 8.751, 8.59], [1.577, 1.386, 1.522, 2.325, 3.345, 3.108, 3.042, 3.224, 3.1, 2.684, 2.377, 1.846, 2.269, 3.122, 3.01, 2.334, 2.465, 2.215, 2.267, 3.012, 3.193, 3.599, 3.355, 2.805, 2.457, 2.628, 2.723, 2.532, 2.745, 2.636, 2.387, 2.091, 1.707, 3.626, 5.067, 4.823, 4.993, 5.527, 5.715, 5.793, 5.37, 4.869, 4.71, 4.792, 4.752, 4.677, 4.742, 5.141, 5.193, 4.677, 3.459, 2.457, 1.698, 1.281, 1.232, 0.909, 0.0, 1.775, 3.05, 3.475, 3.08, 2.707, 2.635, 2.977, 3.602, 4.75, 5.726, 5.397, 5.931, 8.236, 9.177, 9.118, 9.828, 10.511, 10.775, 9.946, 9.383, 9.868, 9.832, 9.198, 8.549, 9.034, 8.983, 8.462, 8.302, 8.146], [2.28, 1.728, 1.572, 1.434, 1.892, 2.277, 2.177, 2.106, 1.91, 1.685, 1.753, 1.759, 1.596, 1.84, 2.046, 1.893, 2.344, 2.458, 2.029, 2.648, 2.779, 3.051, 2.981, 2.191, 2.318, 2.255, 2.461, 2.029, 2.266, 2.035, 1.506, 1.548, 2.53, 5.257, 6.711, 6.249, 6.493, 6.993, 7.208, 7.345, 6.879, 6.276, 6.123, 6.19, 6.2, 6.104, 6.093, 6.604, 6.638, 6.134, 4.88, 3.841, 3.087, 2.294, 1.979, 2.239, 1.775, 0.0, 1.651, 2.086, 1.921, 1.94, 1.738, 1.794, 2.143, 3.398, 4.079, 3.971, 4.276, 6.672, 7.602, 7.515, 8.163, 8.852, 9.119, 8.336, 7.737, 8.201, 8.185, 7.512, 6.825, 7.324, 7.277, 6.916, 6.731, 6.674], [3.346, 2.758, 2.619, 2.09, 1.359, 1.849, 1.762, 1.343, 1.231, 1.494, 2.251, 2.739, 1.868, 1.2, 1.256, 1.876, 3.026, 3.487, 2.48, 2.588, 2.602, 2.725, 2.754, 2.123, 2.504, 2.4, 2.575, 2.436, 2.218, 1.858, 1.357, 2.137, 3.657, 6.328, 7.796, 7.409, 7.643, 8.129, 8.361, 8.478, 8.016, 7.525, 7.368, 7.392, 7.389, 7.281, 7.274, 7.764, 7.829, 7.332, 6.186, 5.159, 4.41, 3.567, 3.252, 3.555, 3.05, 1.651, 0.0, 0.92, 0.906, 1.568, 1.496, 1.15, 1.433, 2.367, 2.827, 2.572, 2.983, 5.322, 6.249, 6.205, 6.936, 7.632, 7.929, 7.09, 6.512, 6.958, 6.956, 6.335, 5.622, 6.129, 6.058, 5.602, 5.423, 5.352], [3.6, 3.143, 3.095, 2.439, 1.312, 1.882, 1.87, 1.417, 1.372, 1.699, 2.435, 3.016, 2.251, 1.428, 1.468, 2.068, 3.214, 3.677, 2.717, 2.439, 2.37, 2.437, 2.551, 2.276, 2.838, 2.635, 2.708, 2.692, 2.309, 1.945, 1.727, 2.425, 4.134, 6.767, 8.254, 7.825, 8.005, 8.444, 8.632, 8.768, 8.252, 7.931, 7.764, 7.732, 7.598, 7.494, 7.517, 8.029, 8.073, 7.682, 6.656, 5.628, 4.844, 4.05, 3.687, 3.987, 3.475, 2.086, 0.92, 0.0, 1.221, 2.006, 1.839, 1.559, 1.605, 2.449, 2.668, 2.367, 2.838, 5.245, 6.037, 6.012, 6.788, 7.502, 7.791, 7.006, 6.397, 6.786, 6.848, 6.233, 5.45, 5.972, 5.956, 5.499, 5.329, 5.259], [3.079, 2.713, 2.734, 2.268, 1.398, 1.514, 1.339, 0.999, 1.232, 1.434, 1.997, 2.447, 1.69, 1.134, 1.048, 1.586, 2.688, 3.149, 2.165, 2.133, 2.207, 2.199, 2.271, 1.767, 2.254, 2.077, 2.172, 2.124, 1.812, 1.511, 1.421, 2.243, 3.584, 6.169, 7.664, 7.444, 7.417, 7.855, 8.071, 8.183, 7.775, 7.419, 7.28, 7.139, 7.076, 6.969, 6.998, 7.501, 7.574, 7.105, 6.265, 5.188, 4.48, 3.652, 3.374, 3.617, 3.08, 1.921, 0.906, 1.221, 0.0, 1.084, 1.178, 1.063, 1.296, 2.28, 2.985, 2.613, 3.234, 5.598, 6.439, 6.396, 7.185, 7.907, 8.188, 7.365, 6.786, 7.204, 7.221, 6.623, 5.881, 6.392, 6.337, 5.913, 5.742, 5.583], [2.555, 2.269, 2.245, 2.035, 1.947, 1.569, 1.498, 1.596, 1.739, 1.811, 2.168, 2.198, 1.521, 1.569, 1.343, 1.208, 2.149, 2.631, 1.707, 2.298, 2.374, 2.448, 2.478, 1.531, 1.812, 1.771, 2.122, 1.693, 1.903, 1.801, 1.771, 2.509, 3.117, 5.606, 7.113, 6.945, 6.838, 7.313, 7.523, 7.623, 7.203, 6.87, 6.714, 6.632, 6.531, 6.471, 6.625, 7.038, 7.047, 6.624, 5.71, 4.719, 3.945, 3.232, 3.086, 3.196, 2.707, 1.94, 1.568, 2.006, 1.084, 0.0, 0.72, 1.119, 1.755, 2.723, 3.573, 3.146, 3.749, 6.078, 6.938, 6.885, 7.674, 8.385, 8.672, 7.869, 7.268, 7.69, 7.706, 7.143, 6.436, 6.943, 6.916, 6.431, 6.261, 6.074], [2.382, 1.977, 2.038, 1.708, 1.756, 1.569, 1.483, 1.574, 1.524, 1.503, 1.954, 2.026, 1.4, 1.553, 1.346, 1.172, 2.144, 2.625, 1.658, 2.248, 2.293, 2.517, 2.511, 1.551, 1.782, 1.707, 2.028, 1.66, 1.839, 1.768, 1.654, 2.188, 3.112, 5.672, 7.195, 6.876, 6.811, 7.272, 7.498, 7.593, 7.089, 6.746, 6.566, 6.622, 6.51, 6.468, 6.554, 7.045, 7.089, 6.613, 5.69, 4.75, 3.972, 3.135, 2.881, 3.128, 2.635, 1.738, 1.496, 1.839, 1.178, 0.72, 0.0, 0.981, 1.672, 2.699, 3.46, 3.059, 3.657, 6.06, 6.822, 6.784, 7.576, 8.304, 8.583, 7.827, 7.187, 7.59, 7.636, 7.14, 6.411, 6.918, 6.881, 6.442, 6.219, 6.061], [2.837, 2.334, 2.345, 1.661, 1.278, 1.299, 1.296, 1.411, 1.187, 1.458, 2.129, 2.21, 1.402, 1.163, 1.182, 1.42, 2.564, 3.035, 2.035, 2.047, 2.055, 2.208, 2.286, 1.52, 1.984, 1.919, 2.144, 1.872, 1.934, 1.868, 1.589, 2.16, 3.458, 6.113, 7.643, 7.206, 7.232, 7.703, 7.904, 8.006, 7.542, 7.051, 6.807, 6.929, 6.907, 6.836, 6.904, 7.407, 7.465, 6.989, 6.029, 5.115, 4.333, 3.472, 3.226, 3.476, 2.977, 1.794, 1.15, 1.559, 1.063, 1.119, 0.981, 0.0, 1.101, 2.093, 2.857, 2.619, 3.114, 5.619, 6.369, 6.291, 7.031, 7.776, 8.041, 7.414, 6.738, 7.061, 7.199, 6.575, 5.835, 6.35, 6.433, 6.004, 5.782, 5.749], [3.531, 2.936, 2.777, 2.203, 1.318, 1.333, 1.436, 1.475, 1.461, 1.852, 2.562, 2.92, 1.897, 1.171, 1.195, 2.24, 3.299, 3.74, 2.643, 2.339, 2.133, 1.977, 2.037, 2.001, 2.67, 2.597, 2.684, 2.57, 2.295, 2.198, 1.84, 2.357, 4.074, 6.728, 8.269, 7.825, 7.937, 8.41, 8.614, 8.656, 8.262, 7.669, 7.462, 7.677, 7.682, 7.603, 7.676, 8.182, 8.205, 7.693, 6.525, 5.556, 4.8, 3.929, 3.681, 4.033, 3.602, 2.143, 1.433, 1.605, 1.296, 1.755, 1.672, 1.101, 0.0, 1.416, 2.313, 2.258, 2.496, 5.038, 5.846, 5.75, 6.347, 7.066, 7.323, 6.677, 6.0, 6.39, 6.459, 5.944, 5.254, 5.736, 5.761, 5.353, 5.158, 5.046], [4.643, 4.038, 3.899, 3.189, 2.236, 2.277, 2.398, 2.297, 2.318, 2.754, 3.393, 3.891, 2.953, 1.862, 1.971, 3.301, 4.398, 4.856, 3.805, 3.236, 2.824, 2.333, 2.567, 3.11, 3.749, 3.687, 3.763, 3.546, 3.36, 3.062, 2.7, 3.215, 5.268, 7.905, 9.454, 9.042, 9.114, 9.575, 9.753, 9.813, 9.408, 8.824, 8.586, 8.799, 8.76, 8.703, 8.806, 9.304, 9.358, 8.881, 7.696, 6.659, 5.89, 4.986, 4.845, 5.205, 4.75, 3.398, 2.367, 2.449, 2.28, 2.723, 2.699, 2.093, 1.416, 0.0, 1.496, 1.963, 2.055, 4.218, 4.927, 4.82, 5.214, 6.03, 6.235, 5.658, 4.978, 5.265, 5.441, 4.834, 4.152, 4.633, 4.744, 4.375, 4.191, 4.164], [5.47, 4.867, 4.796, 3.722, 2.645, 3.168, 3.205, 2.903, 2.819, 3.325, 4.116, 4.618, 3.814, 2.716, 2.896, 4.116, 5.178, 5.676, 4.666, 4.019, 3.579, 3.133, 3.569, 3.968, 4.579, 4.555, 4.641, 4.376, 4.211, 3.881, 3.481, 4.211, 6.235, 8.847, 10.382, 9.918, 9.969, 10.437, 10.634, 10.681, 10.259, 9.746, 9.485, 9.651, 9.592, 9.555, 9.603, 10.169, 10.206, 9.741, 8.759, 7.826, 7.056, 6.172, 5.884, 6.214, 5.726, 4.079, 2.827, 2.668, 2.985, 3.573, 3.46, 2.857, 2.313, 1.496, 0.0, 1.232, 1.48