[[0.0, 1.463, 3.199, 4.181, 4.784, 4.384, 4.737, 4.846, 4.689, 4.169, 4.049, 4.351, 4.096, 3.599, 3.238, 2.687, 1.91, 2.073, 2.369, 2.773, 2.716, 2.556, 2.062, 2.138, 1.869, 1.29, 1.46, 1.45, 1.527, 1.573, 1.912, 1.757, 1.803, 1.531, 1.324, 1.404, 1.741, 1.698, 1.237, 1.376, 2.096, 2.683, 1.597, 1.354, 1.396, 1.332, 1.266, 1.246, 1.693, 2.099, 2.08, 2.819, 3.952, 4.962, 5.656, 6.769, 7.185, 6.492, 5.205, 4.882, 5.327, 5.804, 5.789, 5.067, 4.581, 4.587, 4.509, 4.774, 4.295, 4.496, 4.815, 5.155, 5.129, 5.167, 4.546, 3.642, 3.812, 4.048, 3.946, 3.767, 3.773, 3.013, 2.817, 2.815, 2.801, 2.739], [1.463, 0.0, 1.897, 3.121, 3.866, 3.503, 3.758, 3.916, 3.796, 3.323, 3.118, 3.444, 3.233, 2.771, 2.489, 2.335, 2.336, 2.764, 3.112, 3.771, 3.76, 3.591, 2.923, 2.951, 2.972, 2.498, 2.51, 2.446, 2.075, 2.23, 1.798, 1.914, 2.535, 1.849, 1.692, 2.082, 2.643, 2.849, 2.474, 2.35, 3.313, 3.738, 2.728, 2.299, 2.23, 2.23, 1.809, 1.729, 1.617, 1.66, 1.85, 2.787, 3.462, 4.362, 4.959, 5.878, 6.326, 5.59, 4.478, 4.403, 4.832, 5.22, 5.138, 4.564, 4.164, 4.206, 4.292, 4.448, 4.131, 4.374, 4.745, 5.039, 5.059, 5.013, 4.532, 3.497, 3.158, 3.254, 3.136, 2.967, 2.857, 2.514, 2.427, 2.356, 2.403, 2.136], [3.199, 1.897, 0.0, 1.276, 2.106, 1.783, 2.034, 2.226, 2.193, 1.973, 1.937, 1.931, 1.967, 1.835, 1.783, 1.992, 3.153, 4.097, 4.621, 5.361, 5.362, 5.153, 4.483, 4.413, 4.558, 4.145, 4.022, 3.877, 3.371, 3.444, 2.754, 3.083, 3.755, 3.023, 2.926, 3.483, 4.251, 4.637, 4.196, 3.993, 4.898, 5.449, 4.414, 3.867, 3.798, 3.807, 3.313, 3.003, 2.276, 1.937, 2.219, 2.939, 3.416, 3.635, 4.138, 4.725, 4.9, 4.251, 3.475, 3.712, 4.454, 4.813, 4.622, 4.494, 4.285, 4.344, 4.607, 4.786, 4.759, 4.95, 5.311, 5.611, 5.592, 5.616, 5.038, 4.033, 3.241, 3.278, 3.361, 3.26, 3.152, 2.785, 2.707, 2.561, 2.495, 2.252], [4.181, 3.121, 1.276, 0.0, 0.913, 0.858, 1.067, 1.514, 1.629, 1.645, 1.642, 1.556, 1.66, 1.654, 1.801, 2.169, 3.984, 5.098, 5.609, 6.396, 6.4, 6.301, 5.601, 5.442, 5.631, 5.108, 4.982, 4.826, 4.304, 4.302, 3.602, 3.976, 4.74, 4.008, 3.906, 4.538, 5.306, 5.685, 5.145, 4.902, 5.844, 6.571, 5.407, 4.824, 4.717, 4.756, 4.259, 3.886, 3.025, 2.414, 2.619, 3.099, 3.482, 3.652, 3.873, 4.292, 4.224, 3.711, 3.293, 3.762, 4.646, 4.786, 4.554, 4.663, 4.565, 4.706, 5.063, 5.319, 5.269, 5.496, 5.859, 6.208, 6.135, 6.235, 5.503, 4.547, 3.725, 3.817, 3.936, 3.798, 3.691, 3.378, 3.398, 3.303, 3.075, 2.93], [4.784, 3.866, 2.106, 0.913, 0.0, 0.584, 0.779, 1.265, 1.401, 1.516, 1.528, 1.385, 1.509, 1.636, 1.857, 2.45, 4.53, 5.646, 6.21, 7.012, 6.987, 6.927, 6.236, 6.187, 6.193, 5.645, 5.559, 5.38, 4.851, 4.84, 4.106, 4.497, 5.27, 4.546, 4.523, 5.195, 6.016, 6.318, 5.778, 5.423, 6.459, 7.192, 6.057, 5.334, 5.199, 5.217, 4.76, 4.397, 3.427, 2.943, 3.019, 3.213, 3.429, 3.599, 3.751, 4.068, 4.001, 3.543, 3.221, 3.897, 4.87, 4.892, 4.617, 4.813, 4.853, 4.998, 5.459, 5.758, 5.668, 5.897, 6.347, 6.675, 6.612, 6.676, 5.941, 4.916, 4.113, 4.191, 4.32, 4.169, 4.15, 3.997, 4.173, 4.075, 3.827, 3.592], [4.384, 3.503, 1.783, 0.858, 0.584, 0.0, 0.741, 1.142, 1.216, 1.271, 1.308, 1.212, 1.307, 1.306, 1.547, 2.036, 4.049, 5.195, 5.797, 6.626, 6.599, 6.521, 5.826, 5.754, 5.734, 5.179, 5.082, 4.903, 4.38, 4.353, 3.616, 4.011, 4.783, 4.099, 4.083, 4.774, 5.609, 5.911, 5.37, 4.956, 6.038, 6.751, 5.615, 4.932, 4.791, 4.801, 4.321, 3.99, 2.976, 2.561, 2.637, 3.038, 3.216, 3.365, 3.529, 3.901, 3.834, 3.401, 3.05, 3.746, 4.721, 4.722, 4.473, 4.653, 4.687, 4.848, 5.302, 5.6, 5.52, 5.761, 6.203, 6.536, 6.47, 6.537, 5.79, 4.761, 3.953, 4.031, 4.161, 4.013, 3.991, 3.77, 3.887, 3.785, 3.56, 3.316], [4.737, 3.758, 2.034, 1.067, 0.779, 0.741, 0.0, 0.715, 0.929, 1.148, 1.239, 1.126, 1.294, 1.525, 1.894, 2.485, 4.347, 5.616, 6.287, 7.112, 7.074, 6.991, 6.274, 6.216, 6.155, 5.533, 5.423, 5.266, 4.778, 4.828, 4.078, 4.418, 5.214, 4.486, 4.381, 5.151, 5.949, 6.253, 5.711, 5.408, 6.453, 7.13, 5.969, 5.356, 5.224, 5.218, 4.733, 4.439, 3.444, 2.949, 2.96, 2.959, 3.009, 3.082, 3.217, 3.604, 3.477, 3.128, 2.714, 3.394, 4.375, 4.449, 4.122, 4.294, 4.412, 4.514, 5.045, 5.359, 5.308, 5.507, 6.079, 6.34, 6.298, 6.372, 5.626, 4.519, 3.705, 3.757, 3.911, 3.831, 3.873, 3.83, 4.077, 3.955, 3.75, 3.486], [4.846, 3.916, 2.226, 1.514, 1.265, 1.142, 0.715, 0.0, 0.629, 1.093, 1.306, 1.148, 1.296, 1.66, 2.079, 2.715, 4.593, 5.822, 6.484, 7.308, 7.272, 7.187, 6.471, 6.415, 6.333, 5.712, 5.604, 5.42, 4.936, 5.0, 4.242, 4.605, 5.392, 4.689, 4.572, 5.313, 6.13, 6.43, 5.893, 5.593, 6.653, 7.279, 6.147, 5.497, 5.363, 5.348, 4.925, 4.665, 3.703, 3.146, 3.129, 3.001, 2.789, 2.83, 2.838, 3.135, 3.043, 2.634, 2.282, 2.923, 3.928, 4.06, 3.617, 3.948, 4.134, 4.258, 4.798, 5.128, 5.163, 5.38, 6.005, 6.19, 6.094, 6.208, 5.511, 4.306, 3.482, 3.478, 3.71, 3.665, 3.786, 3.788, 4.022, 3.869, 3.672, 3.432], [4.689, 3.796, 2.193, 1.629, 1.401, 1.216, 0.929, 0.629, 0.0, 0.777, 0.993, 0.877, 0.997, 1.352, 1.767, 2.397, 4.376, 5.616, 6.275, 7.097, 7.068, 6.981, 6.255, 6.196, 6.134, 5.54, 5.415, 5.159, 4.692, 4.721, 4.087, 4.498, 5.119, 4.428, 4.443, 5.122, 5.957, 6.262, 5.724, 5.426, 6.437, 7.126, 5.968, 5.293, 5.155, 5.163, 4.723, 4.43, 3.405, 2.933, 2.93, 2.8, 2.558, 2.547, 2.586, 2.961, 3.053, 2.429, 2.086, 2.803, 3.803, 3.908, 3.508, 3.857, 4.042, 4.157, 4.734, 5.056, 5.095, 5.308, 5.946, 6.122, 6.024, 6.144, 5.449, 4.244, 3.416, 3.389, 3.632, 3.59, 3.711, 3.715, 3.916, 3.769, 3.582, 3.296], [4.169, 3.323, 1.973, 1.645, 1.516, 1.271, 1.148, 1.093, 0.777, 0.0, 0.457, 0.658, 0.736, 0.836, 1.312, 1.87, 3.808, 5.04, 5.663, 6.49, 6.454, 6.371, 5.641, 5.59, 5.57, 4.973, 4.855, 4.576, 4.127, 4.182, 3.675, 4.098, 4.642, 4.011, 4.002, 4.591, 5.351, 5.663, 5.132, 4.867, 5.827, 6.512, 5.341, 4.726, 4.59, 4.637, 4.144, 3.82, 2.87, 2.384, 2.363, 2.334, 2.387, 2.483, 2.623, 3.225, 3.564, 2.819, 2.138, 2.732, 3.715, 3.829, 3.579, 3.664, 3.801, 3.889, 4.453, 4.772, 4.722, 4.915, 5.547, 5.754, 5.716, 5.799, 5.065, 3.927, 3.114, 3.135, 3.327, 3.27, 3.325, 3.325, 3.445, 3.329, 3.13, 2.81], [4.049, 3.118, 1.937, 1.642, 1.528, 1.308, 1.239, 1.306, 0.993, 0.457, 0.0, 0.572, 0.55, 0.619, 1.078, 1.645, 3.648, 4.873, 5.474, 6.288, 6.274, 6.224, 5.484, 5.372, 5.418, 4.848, 4.701, 4.467, 3.993, 4.003, 3.47, 3.914, 4.495, 3.84, 3.791, 4.385, 5.217, 5.538, 5.005, 4.699, 5.681, 6.394, 5.223, 4.555, 4.415, 4.483, 3.99, 3.611, 2.65, 2.162, 2.2, 2.198, 2.284, 2.399, 2.539, 3.258, 3.7, 2.935, 2.226, 2.743, 3.688, 3.739, 3.569, 3.638, 3.798, 3.862, 4.449, 4.761, 4.708, 4.901, 5.488, 5.746, 5.705, 5.788, 5.042, 3.924, 3.109, 3.132, 3.316, 3.243, 3.283, 3.215, 3.327, 3.215, 3.016, 2.689], [4.351, 3.444, 1.931, 1.556, 1.385, 1.212, 1.126, 1.148, 0.877, 0.658, 0.572, 0.0, 0.498, 0.887, 1.311, 1.913, 3.978, 5.192, 5.779, 6.602, 6.572, 6.529, 5.806, 5.717, 5.718, 5.163, 5.009, 4.768, 4.295, 4.272, 3.659, 4.081, 4.618, 3.913, 3.959, 4.741, 5.591, 5.892, 5.348, 4.993, 6.038, 6.736, 5.586, 4.902, 4.762, 4.806, 4.332, 3.975, 2.943, 2.479, 2.534, 2.428, 2.402, 2.483, 2.574, 3.246, 3.666, 2.87, 2.346, 2.964, 3.92, 3.91, 3.773, 3.874, 4.004, 4.111, 4.623, 4.919, 4.846, 5.104, 5.618, 5.878, 5.825, 5.906, 5.167, 4.092, 3.277, 3.343, 3.494, 3.387, 3.402, 3.362, 3.55, 3.401, 3.214, 2.942], [4.096, 3.233, 1.967, 1.66, 1.509, 1.307, 1.294, 1.296, 0.997, 0.736, 0.55, 0.498, 0.0, 0.717, 1.1, 1.68, 3.712, 4.927, 5.554, 6.356, 6.337, 6.294, 5.57, 5.484, 5.495, 4.911, 4.745, 4.529, 4.074, 4.063, 3.505, 3.935, 4.468, 3.807, 3.798, 4.505, 5.357, 5.656, 5.116, 4.757, 5.808, 6.492, 5.353, 4.65, 4.51, 4.537, 4.1, 3.744, 2.689, 2.25, 2.311, 2.282, 2.233, 2.319, 2.548, 3.258, 3.691, 2.866, 2.282, 2.792, 3.738, 3.821, 3.738, 3.756, 3.87, 3.949, 4.51, 4.804, 4.737, 4.96, 5.478, 5.785, 5.722, 5.788, 5.041, 3.978, 3.155, 3.199, 3.345, 3.246, 3.26, 3.169, 3.354, 3.204, 3.019, 2.744], [3.599, 2.771, 1.835, 1.654, 1.636, 1.306, 1.525, 1.66, 1.352, 0.836, 0.619, 0.887, 0.717, 0.0, 0.611, 1.249, 3.276, 4.434, 5.052, 5.893, 5.863, 5.806, 5.096, 4.99, 4.979, 4.42, 4.298, 4.063, 3.692, 3.651, 3.159, 3.577, 4.052, 3.439, 3.421, 4.079, 4.863, 5.155, 4.612, 4.21, 5.307, 6.012, 4.859, 4.188, 4.048, 4.07, 3.601, 3.244, 2.223, 1.727, 1.842, 2.056, 2.187, 2.417, 2.663, 3.521, 3.992, 3.262, 2.517, 2.889, 3.737, 3.805, 3.774, 3.706, 3.751, 3.886, 4.369, 4.659, 4.587, 4.822, 5.345, 5.638, 5.576, 5.649, 4.903, 3.835, 3.012, 3.086, 3.224, 3.116, 3.135, 3.008, 3.088, 2.976, 2.777, 2.445], [3.238, 2.489, 1.783, 1.801, 1.857, 1.547, 1.894, 2.079, 1.767, 1.312, 1.078, 1.311, 1.1, 0.611, 0.0, 0.805, 2.869, 4.019, 4.604, 5.441, 5.412, 5.362, 4.642, 4.55, 4.576, 3.998, 3.905, 3.822, 3.443, 3.434, 2.958, 3.302, 3.859, 3.259, 3.214, 3.798, 4.524, 4.746, 4.208, 3.82, 4.869, 5.593, 4.43, 3.791, 3.651, 3.682, 3.166, 2.809, 1.805, 1.338, 1.602, 1.914, 2.133, 2.428, 2.747, 3.779, 4.309, 3.52, 2.658, 2.929, 3.71, 3.849, 3.804, 3.699, 3.612, 3.8, 4.203, 4.486, 4.43, 4.672, 5.155, 5.446, 5.42, 5.463, 4.73, 3.685, 2.849, 2.944, 3.062, 2.96, 2.948, 2.828, 2.92, 2.836, 2.57, 2.32], [2.687, 2.335, 1.992, 2.169, 2.45, 2.036, 2.485, 2.715, 2.397, 1.87, 1.645, 1.913, 1.68, 1.249, 0.805, 0.0, 2.127, 3.33, 3.942, 4.746, 4.732, 4.661, 3.924, 3.853, 3.886, 3.298, 3.189, 3.238, 2.911, 2.883, 2.672, 3.012, 3.344, 3.018, 2.922, 3.339, 3.931, 4.056, 3.543, 3.224, 4.165, 4.866, 3.831, 3.151, 2.991, 3.077, 2.548, 2.168, 1.227, 1.084, 1.368, 2.004, 2.448, 2.792, 3.29, 4.391, 4.944, 4.126, 3.188, 3.265, 3.922, 4.025, 4.074, 3.787, 3.664, 3.881, 4.165, 4.435, 4.375, 4.631, 5.024, 5.376, 5.381, 5.426, 4.692, 3.683, 2.875, 2.975, 3.147, 3.079, 3.019, 2.758, 2.689, 2.604, 2.334, 2.098], [1.91, 2.336, 3.153, 3.984, 4.53, 4.049, 4.347, 4.593, 4.376, 3.808, 3.648, 3.978, 3.712, 3.276, 2.869, 2.127, 0.0, 1.365, 2.031, 2.851, 2.814, 2.731, 2.046, 1.973, 1.893, 1.541, 1.757, 2.006, 1.805, 1.937, 2.134, 2.46, 2.563, 2.582, 2.534, 2.557, 2.735, 2.515, 2.124, 1.771, 2.482, 3.192, 2.535, 1.955, 1.797, 1.896, 1.673, 1.377, 1.298, 1.73, 1.731, 2.415, 3.504, 4.466, 5.187, 6.385, 6.883, 6.198, 5.008, 4.503, 4.954, 5.17, 5.343, 4.614, 3.955, 4.037, 3.93, 4.14, 3.853, 4.116, 4.527, 4.845, 4.904, 4.901, 4.318, 3.453, 3.605, 3.92, 3.807, 3.627, 3.63, 3.054, 2.541, 2.582, 2.633, 2.721], [2.073, 2.764, 4.097, 5.098, 5.646, 5.195, 5.616, 5.822, 5.616, 5.04, 4.873, 5.192, 4.927, 4.434, 4.019, 3.33, 1.365, 0.0, 0.742, 1.552, 1.571, 1.593, 0.934, 0.84, 0.923, 1.256, 1.62, 1.84, 1.827, 1.851, 2.243, 2.524, 2.497, 2.634, 2.534, 2.355, 2.35, 2.121, 1.906, 1.544, 1.873, 2.535, 2.355, 1.925, 1.77, 1.834, 1.798, 1.564, 2.316, 2.806, 2.809, 3.302, 4.587, 5.621, 6.364, 7.577, 8.112, 7.402, 6.114, 5.571, 5.999, 6.046, 6.369, 5.59, 4.703, 4.68, 4.342, 4.555, 3.998, 4.098, 4.44, 4.842, 4.954, 4.874, 4.422, 4.273, 4.662, 4.915, 4.767, 4.603, 4.612, 4.05, 3.495, 3.601, 3.788, 3.835], [2.369, 3.112, 4.621, 5.609, 6.21, 5.797, 6.287, 6.484, 6.275, 5.663, 5.474, 5.779, 5.554, 5.052, 4.604, 3.942, 2.031, 0.742, 0.0, 0.955, 1.121, 1.239, 0.753, 0.781, 0.955, 1.433, 1.82, 2.039, 2.094, 2.15, 2.691, 2.861, 2.697, 2.908, 2.838, 2.441, 2.326, 2.055, 1.875, 1.81, 1.827, 2.51, 2.422, 2.067, 1.99, 2.078, 2.091, 1.96, 2.949, 3.43, 3.411, 3.773, 5.177, 6.283, 7.026, 8.226, 8.766, 7.994, 6.693, 5.894, 6.234, 6.324, 6.738, 5.869, 4.966, 4.896, 4.508, 4.681, 4.1, 4.063, 4.324, 4.739, 4.885, 4.79, 4.45, 4.556, 4.995, 5.271, 5.076, 4.935, 4.989, 4.527, 4.02, 4.126, 4.312, 4.375], [2.773, 3.771, 5.361, 6.396, 7.012, 6.626, 7.112, 7.308, 7.097, 6.49, 6.288, 6.602, 6.356, 5.893, 5.441, 4.746, 2.851, 1.552, 0.955, 0.0, 0.681, 0.775, 0.991, 1.129, 1.127, 1.808, 2.114, 2.286, 2.532, 2.551, 3.299, 3.151, 2.86, 3.286, 3.248, 2.542, 2.288, 1.919, 1.939, 2.024, 1.707, 2.128, 2.267, 2.102, 2.126, 2.183, 2.473, 2.695, 3.781, 4.246, 4.244, 4.592, 5.999, 7.112, 7.855, 9.055, 9.601, 8.782, 7.522, 6.53, 6.715, 6.902, 7.451, 6.448, 5.511, 5.376, 4.939, 5.1, 4.636, 4.45, 4.562, 4.972, 5.114, 5.014, 4.765, 5.089, 5.62, 5.953, 5.753, 5.581, 5.637, 5.244, 4.759, 4.87, 5.052, 5.131], [2.716, 3.76, 5.362, 6.4, 6.987, 6.599, 7.074, 7.272, 7.068, 6.454, 6.274, 6.572, 6.337, 5.863, 5.412, 4.732, 2.814, 1.571, 1.121, 0.681, 0.0, 0.587, 1.093, 1.221, 1.141, 1.811, 2.085, 2.24, 2.499, 2.537, 3.279, 3.124, 2.781, 3.216, 3.151, 2.458, 2.135, 1.753, 1.87, 1.9, 1.263, 1.796, 1.944, 1.959, 1.978, 2.046, 2.416, 2.693, 3.758, 4.235, 4.198, 4.584, 6.003, 7.111, 7.853, 9.034, 9.572, 8.783, 7.475, 6.548, 6.828, 7.012, 7.451, 6.534, 5.613, 5.505, 5.167, 5.385, 4.786, 4.677, 4.959, 5.327, 5.49, 5.381, 4.991, 5.216, 5.665, 5.986, 5.774, 5.616, 5.652, 5.257, 4.76, 4.87, 5.053, 5.111], [2.556, 3.591, 5.153, 6.301, 6.927, 6.521, 6.991, 7.187, 6.981, 6.371, 6.224, 6.529, 6.294, 5.806, 5.362, 4.661, 2.731, 1.593, 1.239, 0.775, 0.587, 0.0, 1.02, 1.128, 1.068, 1.668, 1.942, 2.064, 2.402, 2.43, 3.206, 2.998, 2.656, 3.09, 3.008, 2.277, 1.939, 1.58, 1.671, 1.801, 1.293, 1.724, 1.848, 1.833, 1.905, 1.925, 2.341, 2.64, 3.671, 4.193, 4.14, 4.573, 5.97, 7.068, 7.81, 8.981, 9.494, 8.726, 7.405, 6.418, 6.656, 6.953, 7.337, 6.346, 5.496, 5.364, 4.929, 5.171, 4.695, 4.625, 4.906, 5.306, 5.415, 5.328, 4.846, 5.064, 5.498, 5.813, 5.596, 5.419, 5.457, 5.025, 4.563, 4.667, 4.892, 4.952], [2.062, 2.923, 4.483, 5.601, 6.236, 5.826, 6.274, 6.471, 6.255, 5.641, 5.484, 5.806, 5.57, 5.096, 4.642, 3.924, 2.046, 0.934, 0.753, 0.991, 1.093, 1.02, 0.0, 0.657, 0.813, 1.279, 1.656, 1.745, 1.82, 1.937, 2.56, 2.573, 2.487, 2.69, 2.606, 2.121, 1.976, 1.742, 1.611, 1.532, 1.541, 2.067, 1.928, 1.7, 1.669, 1.757, 1.843, 1.946, 2.97, 3.445, 3.421, 3.835, 5.254, 6.335, 7.077, 8.246, 8.774, 7.994, 6.692, 5.905, 6.233, 6.42, 6.651, 5.792, 4.905, 4.893, 4.579, 4.807, 4.259, 4.24, 4.499, 4.92, 5.037, 4.958, 4.5, 4.48, 4.914, 5.16, 4.973, 4.852, 4.923, 4.421, 3.888, 4.014, 4.189, 4.25], [2.138, 2.951, 4.413, 5.442, 6.187, 5.754, 6.216, 6.415, 6.196, 5.59, 5.372, 5.717, 5.484, 4.99, 4.55, 3.853, 1.973, 0.84, 0.781, 1.129, 1.221, 1.128, 0.657, 0.0, 0.735, 1.323, 1.742, 1.834, 1.894, 1.884, 2.455, 2.552, 2.46, 2.699, 2.6, 2.267, 2.175, 2.0, 1.799, 1.615, 1.736, 2.306, 2.111, 1.803, 1.725, 1.832, 1.914, 1.896, 2.895, 3.34, 3.354, 3.768, 5.168, 6.195, 6.935, 8.158, 8.677, 7.881, 6.675, 5.868, 6.159, 6.325, 6.705, 5.785, 4.947, 4.86, 4.526, 4.708, 4.117, 4.229, 4.543, 4.978, 5.103, 5.016, 4.553, 4.509, 4.938, 5.173, 5.004, 4.869, 4.928, 4.383, 3.848, 3.94, 4.147, 4.229], [1.869, 2.972, 4.558, 5.631, 6.193, 5.734, 6.155, 6.333, 6.134, 5.57, 5.418, 5.718, 5.495, 4.979, 4.576, 3.886, 1.893, 0.923, 0.955, 1.127, 1.141, 1.068, 0.813, 0.735, 0.0, 0.956, 1.305, 1.427, 1.669, 1.716, 2.395, 2.406, 2.214, 2.407, 2.3, 1.951, 1.938, 1.69, 1.45, 1.361, 1.503, 2.037, 1.886, 1.706, 1.683, 1.727, 1.862, 1.99, 2.886, 3.367, 3.312, 3.835, 5.189, 6.225, 6.972, 8.124, 8.609, 7.932, 6.654, 5.96, 6.27, 6.434, 6.732, 5.933, 5.121, 5.02, 4.661, 4.859, 4.299, 4.356, 4.64, 5.079, 5.219, 5.116, 4.64, 4.67, 5.092, 5.327, 5.165, 5.012, 5.065, 4.48, 3.956, 4.047, 4.216, 4.259], [1.29, 2.498, 4.145, 5.108, 5.645, 5.179, 5.533, 5.712, 5.54, 4.973, 4.848, 5.163, 4.911, 4.42, 3.998, 3.298, 1.541, 1.256, 1.433, 1.808, 1.811, 1.668, 1.279, 1.323, 0.956, 0.0, 0.789, 1.17, 1.395, 1.408, 2.003, 2.048, 2.03, 2.019, 1.975, 1.728, 1.848, 1.554, 1.196, 1.276, 1.513, 2.019, 1.657, 1.511, 1.483, 1.46, 1.575, 1.629, 2.367, 2.845, 2.843, 3.488, 4.687, 5.701, 6.44, 7.601, 8.067, 7.378, 6.144, 5.583, 6.055, 6.389, 6.451, 5.548, 4.88, 4.962, 4.728, 4.931, 4.374, 4.543, 4.893, 5.297, 5.374, 5.364, 4.746, 4.246, 4.645, 4.946, 4.833, 4.65, 4.669, 3.934, 3.428, 3.505, 3.618, 3.591], [1.46, 2.51, 4.022, 4.982, 5.559, 5.082, 5.423, 5.604, 5.415, 4.855, 4.701, 5.009, 4.745, 4.298, 3.905, 3.189, 1.757, 1.62, 1.82, 2.114, 2.085, 1.942, 1.656, 1.742, 1.305, 0.789, 0.0, 0.797, 1.005, 1.113, 1.787, 1.882, 1.579, 1.732, 1.746, 1.437, 1.544, 1.463, 1.139, 1.14, 1.517, 2.014, 1.465, 1.43, 1.441, 1.461, 1.558, 1.695, 2.431, 2.895, 2.989, 3.729, 4.837, 5.683, 6.344, 7.484, 7.978, 7.229, 6.174, 5.965, 6.401, 6.706, 6.646, 5.906, 5.381, 5.476, 5.27, 5.497, 4.951, 5.117, 5.473, 5.875, 5.951, 5.94, 5.345, 4.646, 4.858, 5.123, 5.017, 4.862, 4.855, 4.057, 3.534, 3.543, 3.642, 3.566], [1.45, 2.446, 3.877, 4.826, 5.38, 4.903, 5.266, 5.42, 5.159, 4.576, 4.467, 4.768, 4.529, 4.063, 3.822, 3.238, 2.006, 1.84, 2.039, 2.286, 2.24, 2.064, 1.745, 1.834, 1.427, 1.17, 0.797, 0.0, 0.712, 0.74, 1.454, 1.447, 1.155, 1.406, 1.382, 1.197, 1.425, 1.557, 1.101, 0.969, 1.523, 2.148, 1.28, 1.262, 1.332, 1.326, 1.446, 1.777, 2.484, 2.923, 3.094, 3.871, 4.876, 5.712, 6.314, 7.419, 7.887, 7.137, 6.159, 6.189, 6.61, 6.863, 6.773, 6.136, 5.679, 5.787, 5.558, 5.785, 5.28, 5.376, 5.739, 6.145, 6.22, 6.212, 5.665, 4.894, 5.029, 5.23, 5.119, 4.963, 4.964, 4.128, 3.728, 3.681, 3.848, 3.671], [1.527, 2.075, 3.371, 4.304, 4.851, 4.38, 4.778, 4.936, 4.692, 4.127, 3.993, 4.295, 4.074, 3.692, 3.443, 2.911, 1.805, 1.827, 2.094, 2.532, 2.499, 2.402, 1.82, 1.894, 1.669, 1.395, 1.005, 0.712, 0.0, 0.547, 1.081, 1.285, 1.227, 1.34, 1.352, 1.323, 1.765, 1.96, 1.5, 1.069, 1.901, 2.509, 1.537, 1.189, 1.203, 1.199, 1.254, 1.577, 2.173, 2.596, 2.794, 3.594, 4.611, 5.448, 6.031, 7.084, 7.51, 6.749, 5.814, 5.919, 6.34, 6.598, 6.505, 5.946, 5.516, 5.634, 5.445, 5.688, 5.285, 5.49, 5.839, 6.249, 6.324, 6.316, 5.747, 4.71, 4.76, 4.977, 4.859, 4.693, 4.691, 3.92, 3.575, 3.518, 3.626, 3.437], [1.573, 2.23, 3.444, 4.302, 4.84, 4.353, 4.828, 5.0, 4.721, 4.182, 4.003, 4.272, 4.063, 3.651, 3.434, 2.883, 1.937, 1.851, 2.15, 2.551, 2.537, 2.43, 1.937, 1.884, 1.716, 1.408, 1.113, 0.74, 0.547, 0.0, 1.073, 1.205, 1.053, 1.21, 1.199, 1.375, 1.854, 2.06, 1.552, 1.124, 1.896, 2.619, 1.719, 1.269, 1.279, 1.215, 1.339, 1.587, 2.135, 2.582, 2.796, 3.617, 4.542, 5.384, 6.015, 7.08, 7.503, 6.772, 5.849, 5.998, 6.44, 6.507, 6.576, 6.093, 5.712, 5.847, 5.668, 5.895, 5.465, 5.639, 5.988, 6.41, 6.485, 6.477, 5.921, 4.919, 4.873, 5.073, 4.961, 4.812, 4.803, 4.136, 3.772, 3.658, 3.778, 3.56], [1.912, 1.798, 2.754, 3.602, 4.106, 3.616, 4.078, 4.242, 4.087, 3.675, 3.47, 3.659, 3.505, 3.159, 2.958, 2.672, 2.134, 2.243, 2.691, 3.299, 3.279, 3.206, 2.56, 2.455, 2.395, 2.003, 1.787, 1.454, 1.081, 1.073, 0.0, 0.698, 1.456, 1.378, 1.346, 1.659, 2.377, 2.569, 2.036, 1.581, 2.645, 3.323, 2.269, 1.814, 1.755, 1.615, 1.448, 1.68, 2.051, 2.479, 2.759, 3.67, 4.23, 4.954, 5.553, 6.399, 6.732, 6.093, 5.371, 5.643, 6.194, 6.356, 6.302, 5.93, 5.617, 5.81, 5.675, 5.906, 5.507, 5.687, 6.046, 6.451, 6.526, 6.518, 5.929, 4.898, 4.67, 4.852, 4.809, 4.612, 4.505, 4.07, 3.791, 3.643, 3.693, 3.378], [1.757, 1.914, 3.083, 3.976, 4.497, 4.011, 4.418, 4.605, 4.498, 4.098, 3.914, 4.081, 3.935, 3.577, 3.302, 3.012, 2.46, 2.524, 2.861, 3.151, 3.124, 2.998, 2.573, 2.552, 2.406, 2.048, 1.882, 1.447, 1.285, 1.205, 0.698, 0.0, 1.319, 1.44, 1.267, 1.529, 2.072, 2.191, 1.693, 1.397, 2.39, 3.05, 1.975, 1.576, 1.608, 1.472, 1.532, 1.884, 2.288, 2.706, 2.995, 3.878, 4.465, 5.213, 5.839, 6.668, 7.0, 6.398, 5.603, 5.884, 6.421, 6.579, 6.519, 6.089, 5.733, 5.914, 5.83, 5.987, 5.581, 5.844, 6.191, 6.587, 6.649, 6.651, 6.07, 5.081, 4.817, 4.991, 4.914, 4.713, 4.611, 4.148, 3.934, 3.824, 3.861, 3.582], [1.803, 2.535, 3.755, 4.74, 5.27, 4.783, 5.214, 5.392, 5.119, 4.642, 4.495, 4.618, 4.468, 4.052, 3.859, 3.344, 2.563, 2.497, 2.697, 2.86, 2.781, 2.656, 2.487, 2.46, 2.214, 2.03, 1.579, 1.155, 1.227, 1.053, 1.456, 1.319, 0.0, 0.91, 1.148, 1.211, 1.621, 1.834, 1.467, 1.457, 2.159, 2.64, 1.865, 1.736, 1.825, 1.672, 1.635, 2.077, 2.617, 3.073, 3.277, 4.009, 4.916, 5.621, 6.17, 7.24, 7.723, 7.118, 6.253, 6.345, 6.774, 6.785, 6.849, 6.362, 5.972, 6.11, 5.921, 6.161, 5.724, 5.82, 6.127, 6.563, 6.676, 6.604, 6.13, 5.172, 5.199, 5.35, 5.221, 5.08, 5.033, 4.382, 3.998, 3.891, 4.034, 3.782], [1.531, 1.849, 3.023, 4.008, 4.546, 4.099, 4.486, 4.689, 4.428, 4.011, 3.84, 3.913, 3.807, 3.439, 3.259, 3.018, 2.582, 2.634, 2.908, 3.286, 3.216, 3.09, 2.69, 2.699, 2.407, 2.019, 1.732, 1.406, 1.34, 1.21, 1.378, 1.44, 0.91, 0.0, 0.632, 1.192, 1.994, 2.365, 1.885, 1.822, 2.711, 3.204, 2.264, 2.111, 2.15, 2.017, 1.836, 1.971, 2.294, 2.631, 2.859, 3.611, 4.359, 5.13, 5.656, 6.677, 7.137, 6.485, 5.686, 5.86, 6.305, 6.373, 6.458, 6.102, 5.675, 5.701, 5.567, 5.908, 5.451, 5.485, 5.791, 6.143, 6.183, 6.128, 5.642, 4.763, 4.736, 4.88, 4.714, 4.532, 4.472, 3.91, 3.598, 3.486, 3.631, 3.329], [1.324, 1.692, 2.926, 3.906, 4.523, 4.083, 4.381, 4.572, 4.443, 4.002, 3.791, 3.959, 3.798, 3.421, 3.214, 2.922, 2.534, 2.534, 2.838, 3.248, 3.151, 3.008, 2.606, 2.6, 2.3, 1.975, 1.746, 1.382, 1.352, 1.199, 1.346, 1.267, 1.148, 0.632, 0.0, 0.939, 1.695, 2.096, 1.682, 1.72, 2.507, 3.035, 1.988, 1.883, 1.963, 1.797, 1.692, 1.814, 2.153, 2.506, 2.697, 3.538, 4.28, 5.12, 5.72, 6.726, 7.119, 6.431, 5.53, 5.721, 6.183, 6.294, 6.36, 6.023, 5.584, 5.602, 5.516, 5.833, 5.353, 5.472, 5.736, 6.052, 6.072, 6.037, 5.601, 4.704, 4.585, 4.687, 4.513, 4.309, 4.249, 3.74, 3.497, 3.376, 3.502, 3.295], [1.404, 2.082, 3.483, 4.538, 5.195, 4.774, 5.151, 5.313, 5.122, 4.591, 4.385, 4.741, 4.505, 4.079, 3.798, 3.339, 2.557, 2.355, 2.441, 2.542, 2.458, 2.277, 2.121, 2.267, 1.951, 1.728, 1.437, 1.197, 1.323, 1.375, 1.659, 1.529, 1.211, 1.192, 0.939, 0.0, 1.006, 1.413, 1.101, 1.542, 1.992, 2.311, 1.487, 1.672, 1.77, 1.687, 1.591, 1.847, 2.486, 2.854, 3.004, 3.842, 4.913, 5.813, 6.419, 7.391, 7.798, 7.06, 6.088, 6.13, 6.559, 6.693, 6.686, 6.192, 5.694, 5.744, 5.577, 5.887, 5.371, 5.397, 5.641, 5.889, 5.997, 5.913, 5.522, 4.859, 4.88, 5.007, 4.852, 4.695, 4.626, 3.94, 3.704, 3.626, 3.765, 3.681], [1.741, 2.643, 4.251, 5.306, 6.016, 5.609, 5.949, 6.13, 5.957, 5.351, 5.217, 5.591, 5.357, 4.863, 4.524, 3.931, 2.735, 2.35, 2.326, 2.288, 2.135, 1.939, 1.976, 2.175, 1.938, 1.848, 1.544, 1.425, 1.765, 1.854, 2.377, 2.072, 1.621, 1.994, 1.695, 1.006, 0.0, 0.777, 1.066, 1.49, 1.521, 1.754, 1.233, 1.502, 1.727, 1.692, 1.832, 2.178, 3.021, 3.345, 3.455, 4.212, 5.401, 6.343, 7.052, 8.155, 8.564, 7.847, 6.589, 6.377, 6.801, 7.027, 7.098, 6.343, 5.739, 5.776, 5.615, 5.854, 5.35, 5.43, 5.671, 5.926, 5.991, 5.89, 5.506, 5.048, 5.075, 5.187, 5.024, 4.837, 4.783, 4.059, 3.82, 3.791, 3.982, 4.084], [1.698, 2.849, 4.637, 5.685, 6.318, 5.911, 6.253, 6.43, 6.262, 5.663, 5.538, 5.892, 5.656, 5.155, 4.746, 4.056, 2.515, 2.121, 2.055, 1.919, 1.753, 1.58, 1.742, 2.0, 1.69, 1.554, 1.463, 1.557, 1.96, 2.06, 2.569, 2.191, 1.834, 2.365, 2.096, 1.413, 0.777, 0.0, 0.758, 1.316, 1.086, 1.506, 1.196, 1.457, 1.613, 1.569, 1.745, 2.078, 2.988, 3.466, 3.439, 4.093, 5.354, 6.424, 7.158, 8.286, 8.751, 8.096, 6.718, 6.184, 6.618, 6.857, 6.91, 5.97, 5.377, 5.501, 5.298, 5.447, 4.922, 4.998, 5.267, 5.585, 5.674, 5.588, 5.183, 4.833, 4.893, 5.077, 4.905, 4.722, 4.716, 4.129, 3.886, 3.91, 4.052, 4.198], [1.237, 2.474, 4.196, 5.145, 5.778, 5.37, 5.711, 5.893, 5.724, 5.132, 5.005, 5.348, 5.116, 4.612, 4.208, 3.543, 2.124, 1.906, 1.875, 1.939, 1.87, 1.671, 1.611, 1.799, 1.45, 1.196, 1.139, 1.101, 1.5, 1.552, 2.036, 1.693, 1.467, 1.885, 1.682, 1.101, 1.066, 0.758, 0.0, 0.999, 1.216, 1.796, 1.128, 1.237, 1.394, 1.306, 1.363, 1.611, 2.467, 2.955, 2.913, 3.573, 4.801, 5.886, 6.616, 7.784, 8.245, 7.555, 6.172, 5.802, 6.231, 6.501, 6.406, 5.724, 5.246, 5.361, 5.167, 5.377, 4.829, 4.938, 5.252, 5.65, 5.722, 5.719, 5.147, 4.507, 4.616, 4.86, 4.756, 4.596, 4.577, 3.961, 3.807, 3.809, 3.83, 3.785], [1.376, 2.35, 3.993, 4.902, 5.423, 4.956, 5.408, 5.593, 5.426, 4.867, 4.699, 4.993, 4.757, 4.21, 3.82, 3.224, 1.771, 1.544, 1.81, 2.024, 1.9, 1.801, 1.532, 1.615, 1.361, 1.276, 1.14, 0.969, 1.069, 1.124, 1.581, 1.397, 1.457, 1.822, 1.72, 1.542, 1.49, 1.316, 0.999, 0.0, 1.26, 2.032, 1.313, 0.914, 0.915, 0.984, 1.091, 1.437, 2.137, 2.667, 2.711, 3.363, 4.5, 5.519, 6.233, 7.405, 7.865, 7.223, 5.953, 5.791, 6.231, 6.327, 6.339, 5.668, 5.184, 5.303, 5.12, 5.36, 4.95, 5.158, 5.518, 5.92, 5.994, 5.986, 5.452, 4.534, 4.637, 4.851, 4.756, 4.605, 4.608, 3.94, 3.648, 3.679, 3.755, 3.696], [2.096, 3.313, 4.898, 5.844, 6.459, 6.038, 6.453, 6.653, 6.437, 5.827, 5.681, 6.038, 5.808, 5.307, 4.869, 4.165, 2.482, 1.873, 1.827, 1.707, 1.263, 1.293, 1.541, 1.736, 1.503, 1.513, 1.517, 1.523, 1.901, 1.896, 2.645, 2.39, 2.159, 2.711, 2.507, 1.992, 1.521, 1.086, 1.216, 1.26, 0.0, 1.076, 1.033, 1.295, 1.394, 1.419, 1.823, 2.228, 3.164, 3.629, 3.618, 4.264, 5.526, 6.588, 7.315, 8.478, 8.977, 8.266, 6.863, 6.477, 6.937, 7.108, 7.201, 6.432, 5.823, 5.92, 5.616, 5.866, 5.331, 5.381, 5.725, 6.126, 6.201, 6.194, 5.626, 5.168, 5.432, 5.713, 5.6, 5.429, 5.424, 4.818, 4.377, 4.419, 4.56, 4.595], [2.683, 3.738, 5.449, 6.571, 7.192, 6.751, 7.13, 7.279, 7.126, 6.512, 6.394, 6.736, 6.492, 6.012, 5.593, 4.866, 3.192, 2.535, 2.51, 2.128, 1.796, 1.724, 2.067, 2.306, 2.037, 2.019, 2.014, 2.148, 2.509, 2.619, 3.323, 3.05, 2.64, 3.204, 3.035, 2.311, 1.754, 1.506, 1.796, 2.032, 1.076, 0.0, 1.291, 2.009, 2.139, 2.094, 2.508, 2.994, 3.925, 4.382, 4.365, 5.122, 6.324, 7.335, 8.048, 9.216, 9.618, 8.909, 7.648, 7.242, 7.661, 7.955, 7.908, 7.055, 6.344, 6.444, 6.142, 6.394, 5.824, 5.827, 6.055, 6.451, 6.545, 6.476, 6.013, 5.816, 6.065, 6.267, 6.143, 5.985, 5.981, 5.33, 4.801, 4.896, 5.06, 5.076], [1.597, 2.728, 4.414, 5.407, 6.057, 5.615, 5.969, 6.147, 5.968, 5.341, 5.223, 5.586, 5.353, 4.859, 4.43, 3.831, 2.535, 2.355, 2.422, 2.267, 1.944, 1.848, 1.928, 2.111, 1.886, 1.657, 1.465, 1.28, 1.537, 1.719, 2.269, 1.975, 1.865, 2.264, 1.988, 1.487, 1.233, 1.196, 1.128, 1.313, 1.033, 1.291, 0.0, 1.019, 1.193, 1.198, 1.499, 2.014, 2.888, 3.26, 3.329, 4.108, 5.202, 6.197, 6.888, 8.074, 8.501, 7.781, 6.485, 6.3, 6.729, 7.167, 7.014, 6.373, 5.851, 5.868, 5.736, 6.019, 5.527, 5.642, 5.946, 6.294, 6.315, 6.307, 5.693, 4.991, 5.109, 5.337, 5.209, 5.034, 5.037, 4.331, 4.153, 4.165, 4.182, 4.063], [1.354, 2.299, 3.867, 4.824, 5.334, 4.932, 5.356, 5.497, 5.293, 4.726, 4.555, 4.902, 4.65, 4.188, 3.791, 3.151, 1.955, 1.925, 2.067, 2.102, 1.959, 1.833, 1.7, 1.803, 1.706, 1.511, 1.43, 1.262, 1.189, 1.269, 1.814, 1.576, 1.736, 2.111, 1.883, 1.672, 1.502, 1.457, 1.237, 0.914, 1.295, 2.009, 1.019, 0.0, 0.444, 0.518, 0.902, 1.403, 2.221, 2.605, 2.674, 3.402, 4.528, 5.498, 6.259, 7.383, 7.806, 7.064, 5.762, 5.615, 6.122, 6.52, 6.464, 5.789, 5.392, 5.434, 5.365, 5.645, 5.261, 5.513, 5.865, 6.206, 6.18, 6.217, 5.602, 4.513, 4.716, 4.951, 4.839, 4.687, 4.677, 3.922, 3.624, 3.588, 3.621, 3.467], [1.396, 2.23, 3.798, 4.717, 5.199, 4.791, 5.224, 5.363, 5.155, 4.59, 4.415, 4.762, 4.51, 4.048, 3.651, 2.991, 1.797, 1.77, 1.99, 2.126, 1.978, 1.905, 1.669, 1.725, 1.683, 1.483, 1.441, 1.332, 1.203, 1.279, 1.755, 1.608, 1.825, 2.15, 1.963, 1.77, 1.727, 1.613, 1.394, 0.915, 1.394, 2.139, 1.193, 0.444, 0.0, 0.442, 0.77, 1.318, 2.088, 2.51, 2.551, 3.281, 4.416, 5.403, 6.136, 7.255, 7.672, 6.953, 5.628, 5.482, 6.01, 6.382, 6.42, 5.712, 5.274, 5.313, 5.224, 5.52, 5.13, 5.419, 5.803, 6.118, 6.079, 6.118, 5.509, 4.412, 4.632, 4.894, 4.769, 4.622, 4.61, 3.903, 3.538, 3.501, 3.553, 3.429], [1.332, 2.23, 3.807, 4.756, 5.217, 4.801, 5.218, 5.348, 5.163, 4.637, 4.483, 4.806, 4.537, 4.07, 3.682, 3.077, 1.896, 1.834, 2.078, 2.183, 2.046, 1.925, 1.757, 1.832, 1.727, 1.46, 1.461, 1.326, 1.199, 1.215, 1.615, 1.472, 1.672, 2.017, 1.797, 1.687, 1.692, 1.569, 1.306, 0.984, 1.419, 2.094, 1.198, 0.518, 0.442, 0.0, 0.703, 1.354, 2.116, 2.543, 2.624, 3.404, 4.502, 5.467, 6.201, 7.301, 7.704, 6.978, 5.694, 5.549, 6.073, 6.446, 6.45, 5.747, 5.374, 5.417, 5.316, 5.643, 5.223, 5.414, 5.782, 6.11, 6.083, 6.121, 5.506, 4.454, 4.66, 4.92, 4.81, 4.657, 4.645, 3.985, 3.629, 3.566, 3.568, 3.46], [1.266, 1.809, 3.313, 4.259, 4.76, 4.321, 4.733, 4.925, 4.723, 4.144, 3.99, 4.332, 4.1, 3.601, 3.166, 2.548, 1.673, 1.798, 2.091, 2.473, 2.416, 2.341, 1.843, 1.914, 1.862, 1.575, 1.558, 1.446, 1.254, 1.339, 1.448, 1.532, 1.635, 1.836, 1.692, 1.591, 1.832, 1.745, 1.363, 1.091, 1.823, 2.508, 1.499, 0.902, 0.77, 0.703, 0.0, 0.858, 1.575, 2.05, 2.134, 2.94, 4.022, 4.973, 5.642, 6.813, 7.267, 6.544, 5.273, 5.129, 5.65, 5.949, 5.883, 5.27, 4.914, 4.972, 4.85, 5.182, 4.774, 5.028, 5.446, 5.735, 5.734, 5.737, 5.14, 4.045, 4.151, 4.392, 4.272, 4.108, 4.101, 3.491, 3.231, 3.183, 3.154, 2.959], [1.246, 1.729, 3.003, 3.886, 4.397, 3.99, 4.439, 4.665, 4.43, 3.82, 3.611, 3.975, 3.744, 3.244, 2.809, 2.168, 1.377, 1.564, 1.96, 2.695, 2.693, 2.64, 1.946, 1.896, 1.99, 1.629, 1.695, 1.777, 1.577, 1.587, 1.68, 1.884, 2.077, 1.971, 1.814, 1.847, 2.178, 2.078, 1.611, 1.437, 2.228, 2.994, 2.014, 1.403, 1.318, 1.354, 0.858, 0.0, 1.174, 1.652, 1.705, 2.388, 3.5, 4.527, 5.269, 6.452, 6.937, 6.189, 4.921, 4.655, 5.18, 5.377, 5.4, 4.815, 4.479, 4.562, 4.395, 4.734, 4.299, 4.551, 4.958, 5.252, 5.279, 5.274, 4.675, 3.568, 3.66, 3.917, 3.818, 3.644, 3.653, 3.149, 2.933, 2.873, 2.863, 2.674], [1.693, 1.617, 2.276, 3.025, 3.427, 2.976, 3.444, 3.703, 3.405, 2.87, 2.65, 2.943, 2.689, 2.223, 1.805, 1.227, 1.298, 2.316, 2.949, 3.781, 3.758, 3.671, 2.97, 2.895, 2.886, 2.367, 2.431, 2.484, 2.173, 2.135, 2.051, 2.288, 2.617, 2.294, 2.153, 2.486, 3.021, 2.988, 2.467, 2.137, 3.164, 3.925, 2.888, 2.221, 2.088, 2.116, 1.575, 1.174, 0.0, 0.785, 1.124, 1.912, 2.605, 3.515, 4.212, 5.382, 5.894, 5.134, 4.018, 4.024, 4.546, 4.661, 4.734, 4.27, 3.958, 4.096, 4.062, 4.319, 4.166, 4.409, 4.808, 5.121, 5.141, 5.193, 4.52, 3.462, 3.017, 3.236, 3.18, 3.071, 3.013, 2.616, 2.485, 2.411, 2.27, 2.009], [2.099, 1.66, 1.937, 2.414, 2.943, 2.561, 2.949, 3.146, 2.933, 2.384, 2.162, 2.479, 2.25, 1.727, 1.338, 1.084, 1.73, 2.806, 3.43, 4.246, 4.235, 4.193, 3.445, 3.34, 3.367, 2.845, 2.895, 2.923, 2.596, 2.582, 2.479, 2.706, 3.073, 2.631, 2.506, 2.854, 3.345, 3.466, 2.955, 2.667, 3.629, 4.382, 3.26, 2.605, 2.51, 2.543, 2.05, 1.652, 0.785, 0.0, 0.692, 1.502, 2.17, 3.038, 3.752, 4.94, 5.419, 4.66, 3.457, 3.526, 4.029, 4.159, 4.261, 3.811, 3.49, 3.599, 3.617, 3.904, 3.763, 4.015, 4.384, 4.739, 4.71, 4.75, 4.072, 3.036, 2.553, 2.745, 2.717, 2.566, 2.503, 2.121, 2.058, 1.979, 1.76, 1.55], [2.08, 1.85, 2.219, 2.619, 3.019, 2.637, 2.96, 3.129, 2.93, 2.363, 2.2, 2.534, 2.311, 1.842, 1.602, 1.368, 1.731, 2.809, 3.411, 4.244, 4.198, 4.14, 3.421, 3.354, 3.312, 2.843, 2.989, 3.094, 2.794, 2.796, 2.759, 2.995, 3.277, 2.859, 2.697, 3.004, 3.455, 3.439, 2.913, 2.711, 3.618, 4.365, 3.329, 2.674, 2.551, 2.624, 2.134, 1.705, 1.124, 0.692, 0.0, 1.153, 2.035, 3.051, 3.814, 4.975, 5.448, 4.75, 3.428, 3.251, 3.759, 4.011, 4.066, 3.518, 3.194, 3.273, 3.262, 3.584, 3.276, 3.525, 4.005, 4.293, 4.238, 4.278, 3.619, 2.508, 2.302, 2.525, 2.47, 2.357, 2.31, 1.904, 1.881, 1.81, 1.748, 1.514], [2.819, 2.787, 2.939, 3.099, 3.213, 3.038, 2.959, 3.001, 2.8, 2.334, 2.198, 2.428, 2.282, 2.056, 1.914, 2.004, 2.415, 3.302, 3.773, 4.592, 4.584, 4.573, 3.835, 3.768, 3.835, 3.488, 3.729, 3.871, 3.594, 3.617, 3.67, 3.878, 4.009, 3.611, 3.538, 3.842, 4.212, 4.093, 3.573, 3.363, 4.264, 5.122, 4.108, 3.402, 3.281, 3.404, 2.94, 2.388, 1.912, 1.502, 1.153, 0.0, 1.463, 2.599, 3.378, 4.591, 5.085, 4.371, 3.104, 2.724, 3.167, 3.346, 3.506, 2.908, 2.519, 2.538, 2.528, 2.971, 2.715, 2.907, 3.505, 3.722, 3.682, 3.761, 3.033, 1.92, 1.88, 2.098, 2.011, 1.945, 2.169, 2.005, 2.279, 2.201, 2.105, 2.052], [3.952, 3.462, 3.416, 3.482, 3.429, 3.216, 3.009, 2.789, 2.558, 2.387, 2.284, 2.402, 2.233, 2.187, 2.133, 2.448, 3.504, 4.587, 5.177, 5.999, 6.003, 5.97, 5.254, 5.168, 5.189, 4.687, 4.837, 4.876, 4.611, 4.542, 4.23, 4.465, 4.916, 4.359, 4.28, 4.913, 5.401, 5.354, 4.801, 4.5, 5.526, 6.324, 5.202, 4.528, 4.416, 4.502, 4.022, 3.5, 2.605, 2.17, 2.035, 1.463, 0.0, 1.184, 1.948, 3.192, 3.758, 3.034, 1.905, 1.973, 2.406, 2.593, 2.704, 2.312, 2.25, 2.481, 2.888, 3.453, 3.503, 3.675, 4.277, 4.401, 4.248, 4.379, 3.689, 2.572, 1.943, 1.932, 2.047, 2.028, 2.144, 2.492, 3.027, 2.913, 2.683, 2.543], [4.962, 4.362, 3.635, 3.652, 3.599, 3.365, 3.082, 2.83, 2.547, 2.483, 2.399, 2.483, 2.319, 2.417, 2.428, 2.792, 4.466, 5.621, 6.283, 7.112, 7.111, 7.068, 6.335, 6.195, 6.225, 5.701, 5.683, 5.712, 5.448, 5.384, 4.954, 5.213, 5.621, 5.13, 5.12, 5.813, 6.343, 6.424, 5.886, 5.519, 6.588, 7.335, 6.197, 5.498, 5.403, 5.467, 4.973, 4.527, 3.515, 3.038, 3.051, 2.599, 1.184, 0.0, 1.07, 2.199, 2.806, 2.107, 1.376, 1.964, 2.351, 2.287, 2.272, 2.366, 2.889, 3.159, 3.608, 4.219, 4.477, 4.745, 5.188, 5.178, 5.016, 5.126, 4.467, 3.454, 2.567, 2.456, 2.665, 2.759, 2.891, 3.281, 3.781, 3.665, 3.405, 3.238], [5.656, 4.959, 4.138, 3.873, 3.751, 3.529, 3.217, 2.838, 2.586, 2.623, 2.539, 2.574, 2.548, 2.663, 2.747, 3.29, 5.187, 6.364, 7.026, 7.855, 7.853, 7.81, 7.077, 6.935, 6.972, 6.44, 6.344, 6.314, 6.031, 6.015, 5.553, 5.839, 6.17, 5.656, 5.72, 6.419, 7.052, 7.158, 6.616, 6.233, 7.315, 8.048, 6.888, 6.259, 6.136, 6.201, 5.642, 5.269, 4.212, 3.752, 3.814, 3.378, 1.948, 1.07, 0.0, 1.341, 2.028, 1.343, 1.184, 2.091, 2.58, 1.944, 1.571, 2.424, 3.497, 3.771, 4.194, 4.829, 5.135, 5.46, 5.851, 5.739, 5.541, 5.623, 5.057, 4.022, 3.127, 2.954, 3.204, 3.31, 3.467, 3.875, 4.344, 4.235, 3.931, 3.795], [6.769, 5.878, 4.725, 4.292, 4.068, 3.901, 3.604, 3.135, 2.961, 3.225, 3.258, 3.246, 3.258, 3.521, 3.779, 4.391, 6.385, 7.577, 8.226, 9.055, 9.034, 8.981, 8.246, 8.158, 8.124, 7.601, 7.484, 7.419, 7.084, 7.08, 6.399, 6.668, 7.24, 6.677, 6.726, 7.391, 8.155, 8.286, 7.784, 7.405, 8.478, 9.216, 8.074, 7.383, 7.255, 7.301, 6.813, 6.452, 5.382, 4.94, 4.975, 4.591, 3.192, 2.199, 1.341, 0.0, 0.838, 0.791, 1.788, 2.962, 3.419, 2.517, 1.935, 3.415, 4.574, 4.849, 5.296, 5.863, 6.208, 6.555, 6.94, 6.757, 6.492, 6.653, 6.127, 5.05, 4.128, 3.956, 4.222, 4.347, 4.456, 4.817, 5.234, 5.116, 4.826, 4.736], [7.185, 6.326, 4.9, 4.224, 4.001, 3.834, 3.477, 3.043, 3.053, 3.564, 3.7, 3.666, 3.691, 3.992, 4.309, 4.944, 6.883, 8.112, 8.766, 9.601, 9.572, 9.494, 8.774, 8.677, 8.609, 8.067, 7.978, 7.887, 7.51, 7.503, 6.732, 7.0, 7.723, 7.137, 7.119, 7.798, 8.564, 8.751, 8.245, 7.865, 8.977, 9.618, 8.501, 7.806, 7.672, 7.704, 7.267, 6.937, 5.894, 5.419, 5.448, 5.085, 3.758, 2.806, 2.028, 0.838, 0.0, 0.944, 2.15, 3.381, 3.837, 2.967, 2.374, 3.867, 5.017, 5.294, 5.772, 6.321, 6.657, 6.995, 7.354, 7.195, 6.915, 7.086, 6.588, 5.505, 4.583, 4.402, 4.657, 4.779, 4.883, 5.225, 5.67, 5.511, 5.248, 5.154], [6.492, 5.59, 4.251, 3.711, 3.543, 3.401, 3.128, 2.634, 2.429, 2.819, 2.935, 2.87, 2.866, 3.262, 3.52, 4.126, 6.198, 7.402, 7.994, 8.782, 8.783, 8.726, 7.994, 7.881, 7.932, 7.378, 7.229, 7.137, 6.749, 6.772, 6.093, 6.398, 7.118, 6.485, 6.431, 7.06, 7.847, 8.096, 7.555, 7.223, 8.266, 8.909, 7.781, 7.064, 6.953, 6.978, 6.544, 6.189, 5.134, 4.66, 4.75, 4.371, 3.034, 2.107, 1.343, 0.791, 0.944, 0.0, 1.447, 2.72, 3.234, 2.345, 1.886, 3.222, 4.329, 4.607, 5.085, 5.647, 5.954, 6.297, 6.678, 6.537, 6.242, 6.425, 5.89, 4.818, 3.89, 3.718, 3.977, 4.121, 4.232, 4.547, 4.922, 4.801, 4.534, 4.434], [5.205, 4.478, 3.475, 3.293, 3.221, 3.05, 2.714, 2.282, 2.086, 2.138, 2.226, 2.346, 2.282, 2.517, 2.658, 3.188, 5.008, 6.114, 6.693, 7.522, 7.475, 7.405, 6.692, 6.675, 6.654, 6.144, 6.174, 6.159, 5.814, 5.849, 5.371, 5.603, 6.253, 5.686, 5.53, 6.088, 6.589, 6.718, 6.172, 5.953, 6.863, 7.648, 6.485, 5.762, 5.628, 5.694, 5.273, 4.921, 4.018, 3.457, 3.428, 3.104, 1.905, 1.376, 1.184, 1.788, 2.15, 1.447, 0.0, 1.347, 2.007, 1.9, 1.633, 2.216, 2.981, 3.238, 3.7, 4.267, 4.59, 4.922, 5.31, 5.233, 5.005, 5.131, 4.507, 3.44, 2.528, 2.371, 2.62, 2.741, 2.863, 3.302, 3.861, 3.731, 3.446, 3.386], [4.882, 4.403, 3.712, 3.762, 3.897, 3.746, 3.394, 2.923, 2.803, 2.732, 2.743, 2.964, 2.792, 2.889, 2.929, 3.265, 4.503, 5.571, 5.894, 6.53, 6.548, 6.418, 5.905, 5.868, 5.96, 5.583, 5.965, 6.189, 5.919, 5.998, 5.643, 5.884, 6.345, 5.86, 5.721, 6.13, 6.377, 6.184, 5.802, 5.791, 6.477, 7.242, 6.3, 5.615, 5.482, 5.549, 5.129, 4.655, 4.024, 3.526, 3.251, 2.724, 1.973, 1.964, 2.091, 2.962, 3.381, 2.72, 1.347, 0.0, 1.09, 1.592, 1.773, 1.665, 1.978, 2.074, 2.614, 3.082, 3.381, 3.708, 4.142, 4.113, 3.905, 4.026, 3.362, 2.333, 1.744, 1.799, 2.06, 2.062, 2.221, 2.857, 3.364, 3.259, 3.028, 3.058], [5.327, 4.832, 4.454, 4.646, 4.87, 4.721, 4.375, 3.928, 3.803, 3.715, 3.688, 3.92, 3.738, 3.737, 3.71, 3.922, 4.954, 5.999, 6.234, 6.715, 6.828, 6.656, 6.233, 6.159, 6.27, 6.055, 6.401, 6.61, 6.34, 6.44, 6.194, 6.421, 6.774, 6.305, 6.183, 6.559, 6.801, 6.618, 6.231, 6.231, 6.937, 7.661, 6.729, 6.122, 6.01, 6.073, 5.65, 5.18, 4.546, 4.029, 3.759, 3.167, 2.406, 2.351, 2.58, 3.419, 3.837, 3.234, 2.007, 1.09, 0.0, 1.353, 1.807, 1.642, 1.922, 1.841, 2.222, 2.652, 2.989, 3.336, 3.712, 3.615, 3.364, 3.533, 3.022, 2.381, 1.985, 2.011, 2.281, 2.344, 2.57, 3.199, 3.724, 3.589, 3.373, 3.509], [5.804, 5.22, 4.813, 4.786, 4.892, 4.722, 4.449, 4.06, 3.908, 3.829, 3.739, 3.91, 3.821, 3.805, 3.849, 4.025, 5.17, 6.046, 6.324, 6.902, 7.012, 6.953, 6.42, 6.325, 6.434, 6.389, 6.706, 6.863, 6.598, 6.507, 6.356, 6.579, 6.785, 6.373, 6.294, 6.693, 7.027, 6.857, 6.501, 6.327, 7.108, 7.955, 7.167, 6.52, 6.382, 6.446, 5.949, 5.377, 4.661, 4.159, 4.011, 3.346, 2.593, 2.287, 1.944, 2.517, 2.967, 2.345, 1.9, 1.592, 1.353, 0.0, 1.236, 1.688, 2.56, 2.663, 3.044, 3.592, 3.932, 4.225, 4.579, 4.45, 4.329, 4.371, 3.908, 3.164, 2.462, 2.439, 2.642, 2.786, 2.951, 3.753, 4.268, 4.119, 3.933, 4.088], [5.789, 5.138, 4.622, 4.554, 4.617, 4.473, 4.122, 3.617, 3.508, 3.579, 3.569, 3.773, 3.738, 3.774, 3.804, 4.074, 5.343, 6.369, 6.738, 7.451, 7.451, 7.337, 6.651, 6.705, 6.732, 6.451, 6.646, 6.773, 6.505, 6.576, 6.302, 6.519, 6.849, 6.458, 6.36, 6.686, 7.098, 6.91, 6.406, 6.339, 7.201, 7.908, 7.014, 6.464, 6.42, 6.45, 5.883, 5.4, 4.734, 4.261, 4.066, 3.506, 2.704, 2.272, 1.571, 1.935, 2.374, 1.886, 1.633, 1.773, 1.807, 1.236, 0.0, 1.643, 2.781, 3.116, 3.521, 4.02, 4.365, 4.693, 5.094, 4.902, 4.725, 4.855, 4.374, 3.468, 2.496, 2.349, 2.666, 2.864, 3.052, 3.655, 4.22, 4.113, 3.854, 3.862], [5.067, 4.564, 4.494, 4.663, 4.813, 4.653, 4.294, 3.948, 3.857, 3.664, 3.638, 3.874, 3.756, 3.706, 3.699, 3.787, 4.614, 5.59, 5.869, 6.448, 6.534, 6.346, 5.792, 5.785, 5.933, 5.548, 5.906, 6.136, 5.946, 6.093, 5.93, 6.089, 6.362, 6.102, 6.023, 6.192, 6.343, 5.97, 5.724, 5.668, 6.432, 7.055, 6.373, 5.789, 5.712, 5.747, 5.27, 4.815, 4.27, 3.811, 3.518, 2.908, 2.312, 2.366, 2.424, 3.415, 3.867, 3.222, 2.216, 1.665, 1.642, 1.688, 1.643, 0.0, 1.302, 1.737, 2.282, 2.55, 2.909, 3.283, 3.705, 3.598, 3.41, 3.523, 2.921, 2.151, 1.752, 1.689, 1.848, 2.022, 2.175, 2.824, 3.266, 3.202, 2.986, 3.192], [4.581, 4.164, 4.285, 4.565, 4.853, 4.687, 4.412, 4.134, 4.042, 3.801, 3.798, 4.004, 3.87, 3.751, 3.612, 3.664, 3.955, 4.703, 4.966, 5.511, 5.613, 5.496, 4.905, 4.947, 5.121, 4.88, 5.381, 5.679, 5.516, 5.712, 5.617, 5.733, 5.972, 5.675, 5.584, 5.694, 5.739, 5.377, 5.246, 5.184, 5.823, 6.344, 5.851, 5.392, 5.274, 5.374, 4.914, 4.479, 3.958, 3.49, 3.194, 2.519, 2.25, 2.889, 3.497, 4.574, 5.017, 4.329, 2.981, 1.978, 1.922, 2.56, 2.781, 1.302, 0.0, 0.872, 1.439, 1.487, 1.756, 2.143, 2.52, 2.523, 2.43, 2.553, 1.883, 1.492, 1.463, 1.532, 1.55, 1.663, 1.817, 2.31, 2.546, 2.653, 2.558, 2.924], [4.587, 4.206, 4.344, 4.706, 4.998, 4.848, 4.514, 4.258, 4.157, 3.889, 3.862, 4.111, 3.949, 3.886, 3.8, 3.881, 4.037, 4.68, 4.896, 5.376, 5.505, 5.364, 4.893, 4.86, 5.02, 4.962, 5.476, 5.787, 5.634, 5.847, 5.81, 5.914, 6.11, 5.701, 5.602, 5.744, 5.776, 5.501, 5.361, 5.303, 5.92, 6.444, 5.868, 5.434, 5.313, 5.417, 4.972, 4.562, 4.096, 3.599, 3.273, 2.538, 2.481, 3.159, 3.771, 4.849, 5.294, 4.607, 3.238, 2.074, 1.841, 2.663, 3.116, 1.737, 0.872, 0.0, 1.081, 1.323, 1.533, 1.79, 2.186, 2.181, 2.025, 2.147, 1.592, 1.52, 1.721, 1.783, 1.759, 1.774, 2.036, 2.427, 2.656, 2.825, 2.724, 3.094], [4.509, 4.292, 4.607, 5.063, 5.459, 5.302, 5.045, 4.798, 4.734, 4.453, 4.449, 4.623, 4.51, 4.369, 4.203, 4.165, 3.93, 4.342, 4.508, 4.939, 5.167, 4.929, 4.579, 4.526, 4.661, 4.728, 5.27, 5.558, 5.445, 5.668, 5.675, 5.83, 5.921, 5.567, 5.516, 5.577, 5.615, 5.298, 5.167, 5.12, 5.616, 6.142, 5.736, 5.365, 5.224, 5.316, 4.85, 4.395, 4.062, 3.617, 3.262, 2.528, 2.888, 3.608, 4.194, 5.296, 5.772, 5.085, 3.7, 2.614, 2.222, 3.044, 3.521, 2.282, 1.439, 1.081, 0.0, 1.02, 1.307, 1.444, 1.721, 1.754, 1.584, 1.621, 1.225, 1.514, 1.867, 2.1, 2.001, 1.957, 2.289, 2.6, 2.822, 2.94, 2.917, 3.299], [4.774, 4.448, 4.786, 5.319, 5.758, 5.6, 5.359, 5.128, 5.056, 4.772, 4.761, 4.919, 4.804, 4.659, 4.486, 4.435, 4.14, 4.555, 4.681, 5.1, 5.385, 5.171, 4.807, 4.708, 4.859, 4.931, 5.497, 5.785, 5.688, 5.895, 5.906, 5.987, 6.161, 5.908, 5.833, 5.887, 5.854, 5.447, 5.377, 5.36, 5.866, 6.394, 6.019, 5.