[[0.0, 1.578, 1.573, 2.201, 3.241, 3.223, 2.545, 2.414, 2.208, 2.16, 2.259, 2.819, 2.764, 3.112, 2.342, 2.281, 1.539, 2.259, 2.914, 3.377, 3.201, 2.72, 1.883, 1.263, 1.702, 2.103, 2.591, 2.625, 2.273, 2.038, 1.957, 1.85, 2.181, 2.118, 1.737, 1.736, 3.029, 4.316, 5.378, 5.693, 5.767, 5.229, 4.272, 4.244, 4.618, 4.99, 5.683, 7.42, 8.874, 9.347, 9.411, 10.23, 10.207, 9.904, 8.465, 7.124, 7.308, 7.536, 7.627, 7.661, 6.692, 5.586, 4.478, 3.819, 3.125, 2.869, 3.97, 4.801, 5.521, 4.951, 4.205, 3.641, 4.318, 4.133, 2.892, 2.156, 2.295, 2.045, 1.811, 2.52, 3.161, 3.661, 5.172, 6.092, 5.588, 4.831], [1.578, 0.0, 0.842, 2.069, 2.537, 2.399, 2.032, 2.645, 2.324, 1.973, 1.671, 1.782, 2.24, 2.588, 2.529, 2.378, 1.892, 2.965, 4.044, 4.527, 4.148, 3.412, 2.573, 1.459, 1.217, 1.517, 1.68, 1.796, 1.749, 1.976, 1.378, 1.344, 2.134, 2.136, 1.571, 0.93, 2.003, 3.16, 4.297, 4.899, 5.048, 4.827, 4.311, 4.185, 4.098, 4.306, 5.017, 6.777, 8.118, 8.347, 8.637, 9.319, 9.138, 8.85, 7.485, 6.252, 6.269, 6.587, 6.475, 6.584, 5.65, 4.605, 3.653, 3.022, 2.66, 2.388, 3.006, 3.822, 4.421, 3.828, 3.044, 2.461, 3.295, 3.163, 2.061, 1.699, 2.29, 1.629, 1.159, 1.537, 2.07, 2.682, 3.962, 4.879, 4.557, 4.526], [1.573, 0.842, 0.0, 1.787, 2.191, 2.302, 1.708, 2.421, 2.088, 1.794, 1.437, 1.629, 2.282, 2.568, 2.309, 2.271, 1.653, 2.611, 3.663, 4.145, 3.766, 3.057, 2.28, 1.389, 1.25, 1.231, 1.543, 1.551, 1.51, 1.736, 1.225, 1.019, 1.732, 1.726, 1.281, 1.132, 2.274, 3.477, 4.54, 5.082, 5.165, 4.874, 4.37, 4.238, 4.19, 4.404, 5.169, 6.908, 8.263, 8.598, 8.785, 9.515, 9.486, 9.191, 7.803, 6.504, 6.532, 6.815, 6.84, 6.909, 5.995, 4.89, 3.847, 3.234, 2.831, 2.529, 3.319, 4.098, 4.779, 4.189, 3.374, 2.844, 3.58, 3.364, 2.391, 1.974, 2.336, 1.577, 1.129, 1.437, 2.232, 2.911, 4.341, 5.261, 4.829, 4.813], [2.201, 2.069, 1.787, 0.0, 1.318, 1.787, 1.489, 1.218, 1.202, 1.314, 1.328, 1.836, 1.086, 1.532, 1.299, 1.546, 1.618, 1.853, 2.43, 2.747, 2.544, 1.973, 1.42, 2.005, 2.208, 1.682, 1.491, 1.309, 0.922, 0.846, 1.364, 1.211, 0.954, 0.863, 1.249, 2.532, 3.801, 5.065, 6.105, 6.65, 6.807, 6.461, 5.89, 5.707, 5.682, 5.978, 6.498, 8.344, 9.681, 10.274, 10.4, 11.267, 11.108, 10.904, 9.517, 8.207, 8.134, 8.244, 8.399, 8.558, 7.604, 6.575, 5.538, 4.81, 4.177, 3.988, 5.006, 5.762, 6.393, 5.748, 5.007, 4.431, 5.127, 4.987, 3.782, 3.094, 3.698, 2.927, 2.181, 2.743, 3.903, 4.645, 5.86, 6.795, 6.39, 5.925], [3.241, 2.537, 2.191, 1.318, 0.0, 1.341, 1.333, 1.577, 1.931, 1.701, 1.735, 1.791, 1.167, 1.613, 1.805, 2.176, 2.459, 2.678, 3.041, 3.288, 3.197, 2.727, 2.282, 3.061, 3.158, 2.396, 1.683, 1.354, 1.46, 1.508, 1.886, 1.943, 1.29, 1.286, 1.916, 2.935, 4.042, 5.271, 6.394, 6.939, 7.074, 6.826, 6.363, 6.239, 6.187, 6.383, 7.062, 8.813, 10.146, 10.381, 10.68, 11.365, 11.16, 10.96, 9.579, 8.457, 8.271, 8.664, 8.594, 8.588, 7.677, 6.725, 5.694, 5.098, 4.875, 4.56, 5.226, 5.854, 6.464, 5.872, 5.1, 4.534, 5.405, 5.259, 4.299, 4.013, 4.37, 3.627, 2.827, 2.83, 3.912, 4.729, 6.007, 6.928, 6.693, 6.912], [3.223, 2.399, 2.302, 1.787, 1.341, 0.0, 1.221, 2.109, 1.931, 1.798, 1.662, 1.525, 1.583, 2.301, 2.303, 2.775, 2.754, 3.155, 3.535, 3.763, 3.716, 3.171, 2.743, 3.103, 2.959, 2.104, 1.307, 1.301, 1.491, 1.706, 1.81, 1.944, 1.46, 1.707, 1.966, 2.778, 3.727, 4.752, 5.898, 6.459, 6.638, 6.562, 6.032, 5.88, 5.86, 6.152, 6.862, 8.542, 9.853, 9.99, 10.329, 10.884, 10.472, 10.291, 8.934, 8.024, 7.932, 8.436, 8.106, 7.879, 7.006, 6.093, 5.181, 4.813, 4.761, 4.416, 4.597, 5.214, 5.763, 5.214, 4.386, 3.978, 5.119, 4.918, 4.01, 3.797, 4.075, 3.264, 2.669, 2.386, 3.283, 4.137, 5.511, 6.304, 6.42, 6.681], [2.545, 2.032, 1.708, 1.489, 1.333, 1.221, 0.0, 1.626, 1.373, 1.358, 1.342, 1.624, 1.841, 2.323, 2.164, 2.346, 2.143, 2.665, 3.123, 3.455, 3.406, 2.86, 2.358, 2.581, 2.601, 1.878, 1.105, 0.967, 1.06, 1.285, 1.411, 1.294, 1.012, 1.167, 1.364, 2.402, 3.579, 4.601, 5.599, 6.025, 6.152, 6.037, 5.575, 5.468, 5.376, 5.596, 6.334, 8.012, 9.346, 9.578, 9.801, 10.487, 10.383, 10.115, 8.674, 7.737, 7.572, 7.972, 7.93, 7.825, 6.894, 5.805, 4.723, 4.349, 4.11, 3.79, 4.387, 4.981, 5.678, 5.105, 4.455, 3.93, 4.77, 4.508, 3.792, 3.378, 3.635, 2.939, 2.36, 2.224, 3.226, 3.947, 5.443, 6.242, 6.025, 6.214], [2.414, 2.645, 2.421, 1.218, 1.577, 2.109, 1.626, 0.0, 1.269, 1.366, 1.746, 2.416, 1.568, 1.663, 1.307, 1.805, 1.933, 1.64, 2.193, 2.364, 2.153, 1.733, 1.418, 2.134, 2.564, 2.132, 1.935, 1.824, 1.617, 1.447, 1.86, 1.762, 1.18, 1.288, 1.881, 3.047, 4.34, 5.721, 6.773, 7.19, 7.314, 6.975, 6.434, 6.254, 6.136, 6.489, 7.117, 9.002, 10.335, 10.765, 10.953, 11.734, 11.537, 11.306, 9.894, 8.616, 8.632, 8.864, 8.939, 8.986, 8.048, 7.025, 5.959, 5.208, 4.567, 4.364, 5.433, 6.18, 6.829, 6.24, 5.497, 4.967, 5.652, 5.577, 4.224, 3.737, 4.154, 3.429, 2.666, 3.341, 4.395, 5.162, 6.47, 7.379, 6.89, 6.423], [2.208, 2.324, 2.088, 1.202, 1.931, 1.931, 1.373, 1.269, 0.0, 0.856, 1.118, 1.692, 1.622, 2.307, 1.819, 2.393, 2.288, 2.125, 2.459, 2.849, 2.767, 2.268, 1.762, 1.852, 2.011, 1.581, 1.269, 1.194, 0.994, 1.109, 1.46, 1.254, 1.082, 1.368, 1.502, 2.675, 3.901, 5.146, 6.182, 6.726, 6.863, 6.501, 5.991, 5.83, 5.73, 6.01, 6.543, 8.418, 9.768, 10.299, 10.464, 11.279, 11.154, 10.927, 9.56, 8.227, 8.171, 8.302, 8.446, 8.601, 7.643, 6.597, 5.55, 4.812, 4.207, 4.0, 5.018, 5.81, 6.44, 5.814, 5.057, 4.532, 5.241, 5.106, 3.828, 3.18, 3.648, 3.015, 2.388, 2.995, 4.041, 4.747, 5.934, 6.864, 6.436, 5.841], [2.16, 1.973, 1.794, 1.314, 1.701, 1.798, 1.358, 1.366, 0.856, 0.0, 0.96, 1.332, 1.409, 2.078, 1.688, 2.365, 2.171, 2.275, 2.785, 3.189, 3.048, 2.557, 1.996, 1.793, 1.915, 1.41, 1.11, 1.263, 1.029, 1.117, 1.319, 1.028, 1.119, 1.379, 1.596, 2.363, 3.533, 4.933, 6.03, 6.592, 6.747, 6.431, 5.886, 5.705, 5.583, 5.898, 6.489, 8.395, 9.718, 10.087, 10.38, 11.093, 10.8, 10.635, 9.252, 7.955, 7.907, 8.142, 8.115, 8.235, 7.293, 6.365, 5.385, 4.582, 4.013, 3.783, 4.773, 5.547, 6.092, 5.47, 4.707, 4.155, 4.9, 4.899, 3.512, 3.136, 3.604, 2.882, 1.909, 2.525, 3.684, 4.458, 5.628, 6.548, 6.244, 5.812], [2.259, 1.671, 1.437, 1.328, 1.735, 1.662, 1.342, 1.746, 1.118, 0.96, 0.0, 0.968, 1.594, 2.463, 2.211, 2.503, 2.179, 2.682, 3.246, 3.619, 3.472, 2.998, 2.4, 1.975, 1.711, 1.016, 0.944, 0.939, 0.906, 1.13, 1.031, 0.754, 1.137, 1.505, 1.436, 2.062, 3.162, 4.502, 5.56, 6.118, 6.259, 5.936, 5.403, 5.207, 5.13, 5.418, 5.987, 7.861, 9.163, 9.68, 9.866, 10.673, 10.482, 10.294, 8.903, 7.594, 7.524, 7.633, 7.762, 7.923, 6.973, 5.976, 4.956, 4.19, 3.716, 3.446, 4.407, 5.156, 5.769, 5.104, 4.37, 3.816, 4.516, 4.406, 3.22, 2.678, 3.209, 2.377, 1.72, 2.177, 3.293, 4.046, 5.259, 6.163, 5.783, 5.461], [2.819, 1.782, 1.629, 1.836, 1.791, 1.525, 1.624, 2.416, 1.692, 1.332, 0.968, 0.0, 1.577, 2.506, 2.528, 2.867, 2.67, 3.239, 3.822, 4.22, 4.082, 3.557, 2.989, 2.524, 2.05, 1.108, 0.91, 1.06, 1.322, 1.567, 1.247, 1.13, 1.532, 1.862, 1.623, 1.861, 2.78, 4.105, 5.244, 5.873, 6.026, 5.747, 5.219, 5.04, 4.952, 5.194, 5.841, 7.672, 9.012, 9.309, 9.617, 10.331, 10.055, 9.838, 8.492, 7.246, 7.163, 7.416, 7.373, 7.473, 6.552, 5.619, 4.645, 3.902, 3.856, 3.586, 4.01, 4.817, 5.352, 4.744, 3.936, 3.393, 4.177, 4.134, 3.027, 2.713, 3.091, 2.34, 1.959, 2.13, 2.888, 3.672, 4.815, 5.748, 5.489, 5.504], [2.764, 2.24, 2.282, 1.086, 1.167, 1.583, 1.841, 1.568, 1.622, 1.409, 1.594, 1.577, 0.0, 1.338, 1.495, 1.972, 2.231, 2.449, 3.067, 3.358, 3.24, 2.687, 2.125, 2.581, 2.797, 2.263, 1.773, 1.579, 1.411, 1.371, 1.8, 1.764, 1.474, 1.409, 1.875, 2.838, 3.971, 5.241, 6.389, 7.083, 7.255, 7.015, 6.489, 6.329, 6.241, 6.464, 7.09, 8.915, 10.21, 10.536, 10.842, 11.531, 11.187, 11.008, 9.665, 8.404, 8.376, 8.553, 8.476, 8.581, 7.681, 6.783, 5.858, 5.132, 4.663, 4.391, 5.162, 5.981, 6.487, 5.813, 5.033, 4.538, 5.375, 5.336, 4.029, 3.72, 4.354, 3.553, 2.441, 2.814, 4.028, 4.845, 5.876, 6.801, 6.689, 6.514], [3.112, 2.588, 2.568, 1.532, 1.613, 2.301, 2.323, 1.663, 2.307, 2.078, 2.463, 2.506, 1.338, 0.0, 1.064, 1.231, 2.169, 1.768, 2.457, 2.573, 2.197, 1.704, 2.212, 2.716, 3.121, 2.785, 2.366, 2.26, 2.027, 1.939, 2.295, 2.289, 1.997, 1.66, 2.257, 3.185, 4.419, 5.606, 6.772, 7.388, 7.536, 7.305, 6.783, 6.625, 6.575, 6.786, 7.515, 9.277, 10.625, 10.846, 11.125, 11.773, 11.603, 11.285, 9.966, 8.681, 8.757, 9.076, 8.929, 9.042, 8.106, 7.064, 6.134, 5.509, 5.044, 4.727, 5.431, 6.294, 6.888, 6.285, 5.489, 4.917, 5.787, 5.661, 4.412, 4.103, 4.653, 3.851, 2.889, 3.247, 4.383, 5.126, 6.408, 7.332, 7.053, 6.911], [2.342, 2.529, 2.309, 1.299, 1.805, 2.303, 2.164, 1.307, 1.819, 1.688, 2.211, 2.528, 1.495, 1.064, 0.0, 1.218, 1.631, 1.267, 2.095, 2.368, 2.08, 1.464, 1.498, 1.941, 2.574, 2.421, 2.304, 2.184, 1.858, 1.771, 2.205, 2.078, 1.6, 1.444, 2.024, 2.914, 4.216, 5.591, 6.684, 7.145, 7.287, 6.992, 6.385, 6.157, 6.056, 6.469, 7.177, 9.028, 10.376, 10.712, 10.912, 11.647, 11.448, 11.213, 9.771, 8.505, 8.574, 8.839, 8.871, 8.917, 7.951, 6.925, 5.852, 5.115, 4.491, 4.237, 5.324, 6.099, 6.759, 6.182, 5.436, 4.871, 5.536, 5.444, 4.09, 3.776, 4.15, 3.289, 2.386, 3.119, 4.244, 5.02, 6.403, 7.323, 6.869, 6.432], [2.281, 2.378, 2.271, 1.546, 2.176, 2.775, 2.346, 1.805, 2.393, 2.365, 2.503, 2.867, 1.972, 1.231, 1.218, 0.0, 1.447, 1.678, 2.543, 2.77, 2.376, 1.71, 1.778, 2.217, 2.784, 2.665, 2.5, 2.358, 1.997, 1.871, 2.292, 2.165, 1.957, 1.54, 1.945, 2.542, 3.807, 5.024, 6.045, 6.438, 6.542, 6.292, 5.683, 5.572, 5.516, 5.79, 6.557, 8.278, 9.642, 10.103, 10.199, 11.034, 10.945, 10.677, 9.264, 7.957, 8.015, 8.273, 8.332, 8.366, 7.445, 6.373, 5.282, 4.646, 4.046, 3.823, 4.771, 5.543, 6.238, 5.649, 4.888, 4.347, 5.139, 4.956, 3.777, 3.419, 4.0, 3.199, 2.533, 2.921, 4.002, 4.567, 5.858, 6.774, 6.284, 5.976], [1.539, 1.892, 1.653, 1.618, 2.459, 2.754, 2.143, 1.933, 2.288, 2.171, 2.179, 2.67, 2.231, 2.169, 1.631, 1.447, 0.0, 1.501, 2.466, 2.922, 2.739, 2.245, 1.705, 1.764, 2.257, 2.248, 2.274, 2.281, 1.94, 1.755, 1.885, 1.822, 1.886, 1.563, 1.658, 2.153, 3.496, 4.754, 5.784, 6.17, 6.222, 5.805, 5.132, 4.884, 5.134, 5.47, 6.261, 7.993, 9.373, 9.779, 9.901, 10.682, 10.608, 10.306, 8.858, 7.545, 7.728, 7.986, 8.043, 8.078, 6.997, 5.878, 4.888, 4.184, 3.551, 3.267, 4.266, 5.148, 5.954, 5.384, 4.638, 4.114, 4.753, 4.548, 3.485, 2.89, 3.178, 2.358, 1.809, 2.52, 3.557, 4.143, 5.617, 6.525, 6.02, 5.544], [2.259, 2.965, 2.611, 1.853, 2.678, 3.155, 2.665, 1.64, 2.125, 2.275, 2.682, 3.239, 2.449, 1.768, 1.267, 1.678, 1.501, 0.0, 1.285, 1.665, 1.488, 1.174, 1.37, 1.956, 2.686, 2.705, 2.828, 2.78, 2.35, 2.171, 2.424, 2.401, 2.059, 1.891, 2.168, 3.347, 4.729, 6.031, 7.095, 7.497, 7.547, 7.068, 6.394, 6.154, 6.374, 6.758, 7.469, 9.263, 10.68, 11.1, 11.244, 12.004, 11.916, 11.65, 10.163, 8.872, 9.031, 9.259, 9.332, 9.383, 8.305, 7.177, 6.226, 5.401, 4.699, 4.462, 5.572, 6.459, 7.265, 6.694, 5.949, 5.384, 6.047, 5.804, 4.56, 3.828, 3.888, 3.424, 2.835, 3.615, 4.746, 5.36, 6.915, 7.836, 7.331, 6.582], [2.914, 4.044, 3.663, 2.43, 3.041, 3.535, 3.123, 2.193, 2.459, 2.785, 3.246, 3.822, 3.067, 2.457, 2.095, 2.543, 2.466, 1.285, 0.0, 0.718, 1.336, 1.417, 1.753, 2.871, 3.691, 3.529, 3.386, 3.292, 2.939, 2.572, 3.217, 3.105, 2.51, 2.37, 2.972, 4.43, 5.817, 7.116, 8.183, 8.524, 8.599, 8.055, 7.126, 6.973, 7.434, 7.814, 8.484, 10.217, 11.685, 12.158, 12.221, 13.041, 13.004, 12.702, 11.25, 9.91, 10.119, 10.346, 10.423, 10.453, 9.383, 8.242, 7.267, 6.493, 5.759, 5.523, 6.639, 7.545, 8.353, 7.782, 7.037, 6.472, 7.135, 6.89, 5.648, 4.744, 4.702, 4.46, 3.917, 4.696, 5.794, 6.431, 8.003, 8.924, 8.419, 7.645], [3.377, 4.527, 4.145, 2.747, 3.288, 3.763, 3.455, 2.364, 2.849, 3.189, 3.619, 4.22, 3.358, 2.573, 2.368, 2.77, 2.922, 1.665, 0.718, 0.0, 1.154, 1.475, 2.063, 3.342, 4.173, 3.945, 3.773, 3.623, 3.299, 2.906, 3.666, 3.548, 2.869, 2.751, 3.439, 4.912, 6.299, 7.598, 8.665, 9.006, 9.081, 8.538, 7.614, 7.455, 7.916, 8.292, 8.962, 10.686, 12.162, 12.636, 12.699, 13.519, 13.481, 13.179, 11.734, 10.391, 10.596, 10.824, 10.906, 10.937, 9.877, 8.731, 7.744, 6.98, 6.241, 5.985, 7.096, 8.029, 8.835, 8.264, 7.519, 6.954, 7.617, 7.372, 6.13, 5.226, 5.183, 4.942, 4.4, 5.178, 6.276, 6.913, 8.485, 9.406, 8.901, 8.127], [3.201, 4.148, 3.766, 2.544, 3.197, 3.716, 3.406, 2.153, 2.767, 3.048, 3.472, 4.082, 3.24, 2.197, 2.08, 2.376, 2.739, 1.488, 1.336, 1.154, 0.0, 0.909, 1.827, 2.971, 3.796, 3.634, 3.683, 3.608, 3.162, 2.774, 3.412, 3.281, 2.757, 2.572, 3.127, 4.533, 5.92, 7.219, 8.286, 8.627, 8.709, 8.241, 7.39, 7.204, 7.537, 7.924, 8.599, 10.324, 11.8, 12.274, 12.343, 13.202, 13.119, 12.859, 11.37, 10.092, 10.234, 10.462, 10.548, 10.581, 9.552, 8.47, 7.39, 6.68, 5.955, 5.74, 6.848, 7.68, 8.456, 7.885, 7.14, 6.575, 7.238, 6.993, 5.751, 4.86, 4.962, 4.606, 4.027, 4.799, 5.897, 6.564, 8.106, 9.027, 8.522, 7.748], [2.72, 3.412, 3.057, 1.973, 2.727, 3.171, 2.86, 1.733, 2.268, 2.557, 2.998, 3.557, 2.687, 1.704, 1.464, 1.71, 2.245, 1.174, 1.417, 1.475, 0.909, 0.0, 1.27, 2.252, 3.094, 3.029, 3.094, 2.976, 2.603, 2.366, 2.846, 2.724, 2.2, 2.092, 2.501, 3.79, 5.174, 6.522, 7.563, 7.932, 8.045, 7.656, 6.89, 6.707, 6.822, 7.26, 7.877, 9.657, 11.1, 11.583, 11.68, 12.537, 12.387, 12.159, 10.663, 9.417, 9.521, 9.723, 9.817, 9.849, 8.889, 7.828, 6.724, 6.028, 5.319, 5.097, 6.223, 6.982, 7.71, 7.139, 6.393, 5.829, 6.492, 6.304, 5.008, 4.23, 4.387, 3.974, 3.329, 4.114, 5.16, 5.903, 7.36, 8.28, 7.776, 7.088], [1.883, 2.573, 2.28, 1.42, 2.282, 2.743, 2.358, 1.418, 1.762, 1.996, 2.4, 2.989, 2.125, 2.212, 1.498, 1.778, 1.705, 1.37, 1.753, 2.063, 1.827, 1.27, 0.0, 1.618, 2.364, 2.388, 2.538, 2.405, 2.075, 1.72, 2.19, 2.115, 1.704, 1.569, 1.77, 2.962, 4.31, 5.642, 6.683, 7.032, 7.163, 6.797, 6.025, 5.864, 5.979, 6.363, 7.008, 8.756, 10.219, 10.739, 10.79, 11.664, 11.574, 11.296, 9.852, 8.573, 8.657, 8.865, 8.956, 9.01, 8.078, 6.987, 5.911, 5.198, 4.478, 4.281, 5.389, 6.18, 6.868, 6.278, 5.53, 4.965, 5.628, 5.41, 4.148, 3.356, 3.6, 3.166, 2.554, 3.286, 4.305, 5.041, 6.497, 7.417, 6.913, 6.191], [1.263, 1.459, 1.389, 2.005, 3.061, 3.103, 2.581, 2.134, 1.852, 1.793, 1.975, 2.524, 2.581, 2.716, 1.941, 2.217, 1.764, 1.956, 2.871, 3.342, 2.971, 2.252, 1.618, 0.0, 1.225, 1.735, 2.328, 2.358, 2.119, 2.153, 1.932, 1.616, 2.17, 2.256, 1.966, 1.76, 2.983, 4.34, 5.405, 5.811, 5.962, 5.608, 4.986, 4.784, 4.767, 5.127, 5.699, 7.563, 8.943, 9.461, 9.578, 10.427, 10.258, 10.018, 8.623, 7.315, 7.316, 7.54, 7.623, 7.703, 6.76, 5.732, 4.668, 3.929, 3.266, 3.091, 4.14, 4.895, 5.543, 4.953, 4.199, 3.623, 4.286, 4.155, 2.855, 2.28, 2.634, 2.133, 1.548, 2.298, 3.12, 3.797, 5.143, 6.063, 5.583, 4.961], [1.702, 1.217, 1.25, 2.208, 3.158, 2.959, 2.601, 2.564, 2.011, 1.915, 1.711, 2.05, 2.797, 3.121, 2.574, 2.784, 2.257, 2.686, 3.691, 4.173, 3.796, 3.094, 2.364, 1.225, 0.0, 1.183, 1.985, 2.119, 2.065, 2.169, 1.585, 1.492, 2.228, 2.455, 1.795, 1.454, 2.184, 3.449, 4.503, 5.025, 5.137, 4.78, 4.241, 4.057, 3.976, 4.295, 4.894, 6.731, 8.092, 8.619, 8.748, 9.596, 9.507, 9.242, 7.876, 6.541, 6.521, 6.701, 6.811, 6.954, 5.995, 4.914, 3.868, 3.166, 2.739, 2.526, 3.361, 4.141, 4.776, 4.179, 3.406, 2.814, 3.523, 3.32, 2.039, 1.421, 1.932, 1.263, 1.213, 1.999, 2.396, 2.975, 4.313, 5.233, 4.766, 4.168], [2.103, 1.517, 1.231, 1.682, 2.396, 2.104, 1.878, 2.132, 1.581, 1.41, 1.016, 1.108, 2.263, 2.785, 2.421, 2.665, 2.248, 2.705, 3.529, 3.945, 3.634, 3.029, 2.388, 1.735, 1.183, 0.0, 1.022, 1.274, 1.322, 1.558, 0.893, 0.854, 1.578, 1.891, 1.439, 1.424, 2.489, 3.767, 4.858, 5.448, 5.567, 5.217, 4.686, 4.494, 4.405, 4.73, 5.273, 7.152, 8.477, 8.973, 9.185, 9.977, 9.795, 9.578, 8.188, 6.878, 6.835, 6.972, 7.086, 7.244, 6.289, 5.288, 4.251, 3.526, 3.327, 3.08, 3.713, 4.493, 5.069, 4.446, 3.694, 3.109, 3.835, 3.733, 2.474, 2.028, 2.451, 1.682, 1.46, 1.89, 2.608, 3.353, 4.546, 5.491, 5.085, 4.751], [2.591, 1.68, 1.543, 1.491, 1.683, 1.307, 1.105, 1.935, 1.269, 1.11, 0.944, 0.91, 1.773, 2.366, 2.304, 2.5, 2.274, 2.828, 3.386, 3.773, 3.683, 3.094, 2.538, 2.328, 1.985, 1.022, 0.0, 0.654, 0.825, 1.177, 1.022, 0.992, 1.205, 1.496, 1.278, 1.849, 2.926, 4.19, 5.304, 5.888, 6.044, 5.762, 5.232, 5.065, 4.981, 5.219, 5.865, 7.674, 9.005, 9.381, 9.646, 10.397, 10.169, 9.977, 8.591, 7.308, 7.238, 7.404, 7.479, 7.604, 6.654, 5.701, 4.689, 3.998, 3.843, 3.585, 4.119, 4.883, 5.429, 4.842, 4.05, 3.498, 4.239, 4.179, 3.075, 2.697, 3.143, 2.345, 1.994, 2.183, 2.976, 3.763, 4.918, 5.866, 5.516, 5.524], [2.625, 1.796, 1.551, 1.309, 1.354, 1.301, 0.967, 1.824, 1.194, 1.263, 0.939, 1.06, 1.579, 2.26, 2.184, 2.358, 2.281, 2.78, 3.292, 3.623, 3.608, 2.976, 2.405, 2.358, 2.119, 1.274, 0.654, 0.0, 0.76, 1.052, 1.114, 1.026, 1.058, 1.245, 1.169, 2.064, 3.106, 4.298, 5.371, 5.948, 6.082, 5.804, 5.287, 5.147, 5.081, 5.312, 5.877, 7.674, 8.997, 9.498, 9.676, 10.5, 10.306, 10.091, 8.727, 7.558, 7.328, 7.538, 7.651, 7.756, 6.802, 5.807, 4.774, 4.118, 3.946, 3.7, 4.309, 5.002, 5.597, 4.959, 4.254, 3.664, 4.408, 4.247, 3.354, 2.891, 3.29, 2.547, 2.151, 2.126, 3.093, 3.872, 5.067, 6.006, 5.678, 5.74], [2.273, 1.749, 1.51, 0.922, 1.46, 1.491, 1.06, 1.617, 0.994, 1.029, 0.906, 1.322, 1.411, 2.027, 1.858, 1.997, 1.94, 2.35, 2.939, 3.299, 3.162, 2.603, 2.075, 2.119, 2.065, 1.322, 0.825, 0.76, 0.0, 0.69, 0.877, 0.849, 0.935, 0.926, 1.046, 2.149, 3.349, 4.559, 5.626, 6.236, 6.359, 6.009, 5.498, 5.35, 5.281, 5.559, 6.079, 7.935, 9.254, 9.788, 9.974, 10.781, 10.607, 10.405, 9.022, 7.765, 7.635, 7.732, 7.904, 8.052, 7.098, 6.088, 5.065, 4.346, 3.892, 3.675, 4.534, 5.272, 5.894, 5.236, 4.501, 3.937, 4.677, 4.512, 3.494, 2.894, 3.373, 2.607, 2.055, 2.304, 3.404, 4.159, 5.346, 6.283, 5.905, 5.761], [2.038, 1.976, 1.736, 0.846, 1.508, 1.706, 1.285, 1.447, 1.109, 1.117, 1.13, 1.567, 1.371, 1.939, 1.771, 1.871, 1.755, 2.171, 2.572, 2.906, 2.774, 2.366, 1.72, 2.153, 2.169, 1.558, 1.177, 1.052, 0.69, 0.0, 1.059, 1.021, 0.978, 0.774, 0.971, 2.37, 3.721, 4.888, 5.957, 6.426, 6.545, 6.172, 5.514, 5.369, 5.479, 5.713, 6.359, 8.076, 9.533, 10.108, 10.152, 11.035, 11.011, 10.709, 9.358, 8.022, 8.025, 8.165, 8.308, 8.457, 7.494, 6.383, 5.329, 4.697, 4.046, 3.847, 4.802, 5.631, 6.278, 5.676, 4.911, 4.318, 5.035, 4.777, 3.704, 2.783, 3.338, 2.754, 2.267, 2.694, 3.776, 4.417, 5.776, 6.723, 6.269, 5.752], [1.957, 1.378, 1.225, 1.364, 1.886, 1.81, 1.411, 1.86, 1.46, 1.319, 1.031, 1.247, 1.8, 2.295, 2.205, 2.292, 1.885, 2.424, 3.217, 3.666, 3.412, 2.846, 2.19, 1.932, 1.585, 0.893, 1.022, 1.114, 0.877, 1.059, 0.0, 0.769, 1.355, 1.353, 1.051, 1.68, 2.889, 4.007, 5.181, 5.782, 5.873, 5.508, 5.009, 4.896, 4.86, 5.1, 5.69, 7.492, 8.831, 9.242, 9.509, 10.231, 10.108, 9.84, 8.502, 7.273, 7.148, 7.356, 7.453, 7.557, 6.621, 5.555, 4.541, 3.896, 3.556, 3.236, 3.984, 4.795, 5.387, 4.745, 4.008, 3.428, 4.267, 4.049, 2.899, 2.364, 2.893, 2.177, 1.696, 1.955, 2.939, 3.607, 4.858, 5.792, 5.463, 5.23], [1.85, 1.344, 1.019, 1.211, 1.943, 1.944, 1.294, 1.762, 1.254, 1.028, 0.754, 1.13, 1.764, 2.289, 2.078, 2.165, 1.822, 2.401, 3.105, 3.548, 3.281, 2.724, 2.115, 1.616, 1.492, 0.854, 0.992, 1.026, 0.849, 1.021, 0.769, 0.0, 1.175, 1.217, 1.105, 1.649, 2.88, 4.132, 5.193, 5.713, 5.829, 5.499, 4.959, 4.809, 4.726, 5.007, 5.622, 7.459, 8.786, 9.317, 9.47, 10.272, 10.137, 9.891, 8.526, 7.207, 7.161, 7.344, 7.446, 7.586, 6.627, 5.568, 4.537, 3.836, 3.25, 3.04, 4.003, 4.784, 5.418, 4.785, 4.058, 3.463, 4.157, 4.024, 2.949, 2.331, 2.799, 2.071, 1.482, 1.858, 2.948, 3.659, 4.958, 5.875, 5.446, 5.155], [2.181, 2.134, 1.732, 0.954, 1.29, 1.46, 1.012, 1.18, 1.082, 1.119, 1.137, 1.532, 1.474, 1.997, 1.6, 1.957, 1.886, 2.059, 2.51, 2.869, 2.757, 2.2, 1.704, 2.17, 2.228, 1.578, 1.205, 1.058, 0.935, 0.978, 1.355, 1.175, 0.0, 0.763, 1.063, 2.456, 3.623, 4.986, 6.027, 6.493, 6.565, 6.183, 5.633, 5.449, 5.409, 5.765, 6.389, 8.243, 9.614, 10.02, 10.205, 10.991, 10.902, 10.648, 9.219, 7.884, 7.948, 8.165, 8.256, 8.327, 7.405, 6.358, 5.257, 4.563, 4.091, 3.823, 4.753, 5.506, 6.199, 5.61, 4.81, 4.253, 4.954, 4.845, 3.733, 3.131, 3.407, 2.695, 2.297, 2.712, 3.683, 4.407, 5.776, 6.696, 6.199, 5.833], [2.118, 2.136, 1.726, 0.863, 1.286, 1.707, 1.167, 1.288, 1.368, 1.379, 1.505, 1.862, 1.409, 1.66, 1.444, 1.54, 1.563, 1.891, 2.37, 2.751, 2.572, 2.092, 1.569, 2.256, 2.455, 1.891, 1.496, 1.245, 0.926, 0.774, 1.353, 1.217, 0.763, 0.0, 1.059, 2.425, 3.788, 5.049, 6.079, 6.437, 6.517, 6.162, 5.551, 5.416, 5.491, 5.738, 6.439, 8.198, 9.605, 10.062, 10.155, 10.998, 10.946, 10.64, 9.244, 7.92, 8.012, 8.253, 8.344, 8.378, 7.436, 6.341, 5.241, 4.637, 4.058, 3.804, 4.725, 5.534, 6.246, 5.656, 4.89, 4.375, 5.095, 4.872, 3.86, 3.128, 3.467, 2.847, 2.391, 2.765, 3.761, 4.419, 5.87, 6.772, 6.268, 5.995], [1.737, 1.571, 1.281, 1.249, 1.916, 1.966, 1.364, 1.881, 1.502, 1.596, 1.436, 1.623, 1.875, 2.257, 2.024, 1.945, 1.658, 2.168, 2.972, 3.439, 3.127, 2.501, 1.77, 1.966, 1.795, 1.439, 1.278, 1.169, 1.046, 0.971, 1.051, 1.105, 1.063, 1.059, 0.0, 1.898, 3.016, 4.261, 5.289, 5.668, 5.787, 5.445, 4.814, 4.689, 4.741, 4.957, 5.623, 7.348, 8.801, 9.351, 9.399, 10.283, 10.258, 9.951, 8.591, 7.276, 7.273, 7.435, 7.565, 7.704, 6.739, 5.624, 4.576, 3.938, 3.5, 3.271, 4.04, 4.873, 5.525, 4.933, 4.158, 3.611, 4.337, 4.114, 3.188, 2.365, 2.719, 2.146, 1.942, 2.196, 3.185, 3.793, 5.057, 5.98, 5.529, 5.218], [1.736, 0.93, 1.132, 2.532, 2.935, 2.778, 2.402, 3.047, 2.675, 2.363, 2.062, 1.861, 2.838, 3.185, 2.914, 2.542, 2.153, 3.347, 4.43, 4.912, 4.533, 3.79, 2.962, 1.76, 1.454, 1.424, 1.849, 2.064, 2.149, 2.37, 1.68, 1.649, 2.456, 2.425, 1.898, 0.0, 1.656, 2.919, 4.041, 4.426, 4.494, 4.181, 3.685, 3.569, 3.518, 3.759, 4.466, 6.236, 7.584, 7.861, 8.125, 8.851, 8.72, 8.475, 7.058, 5.779, 5.785, 6.088, 6.081, 6.151, 5.226, 4.221, 3.126, 2.558, 2.4, 2.119, 2.627, 3.381, 4.018, 3.431, 2.607, 2.093, 2.906, 2.836, 1.669, 1.554, 1.961, 1.403, 1.38, 1.661, 1.879, 2.412, 3.631, 4.5, 4.08, 4.057], [3.029, 2.003, 2.274, 3.801, 4.042, 3.727, 3.579, 4.34, 3.901, 3.533, 3.162, 2.78, 3.971, 4.419, 4.216, 3.807, 3.496, 4.729, 5.817, 6.299, 5.92, 5.174, 4.31, 2.983, 2.184, 2.489, 2.926, 3.106, 3.349, 3.721, 2.889, 2.88, 3.623, 3.788, 3.016, 1.656, 0.0, 1.664, 2.681, 3.257, 3.402, 3.123, 2.672, 2.477, 2.335, 2.582, 3.227, 5.103, 6.427, 6.698, 6.992, 7.668, 7.356, 7.179, 5.834, 4.678, 4.547, 4.824, 4.715, 4.778, 3.89, 2.999, 2.288, 2.022, 2.434, 2.364, 2.14, 2.463, 2.767, 2.15, 1.57, 1.161, 1.759, 1.849, 1.408, 1.638, 1.75, 1.419, 1.961, 2.183, 1.453, 1.605, 2.213, 3.203, 3.165, 3.535], [4.316, 3.16, 3.477, 5.065, 5.271, 4.752, 4.601, 5.721, 5.146, 4.933, 4.502, 4.105, 5.241, 5.606, 5.591, 5.024, 4.754, 6.031, 7.116, 7.598, 7.219, 6.522, 5.642, 4.34, 3.449, 3.767, 4.19, 4.298, 4.559, 4.888, 4.007, 4.132, 4.986, 5.049, 4.261, 2.919, 1.664, 0.0, 1.307, 1.962, 2.131, 2.542, 2.11, 2.03, 1.652, 2.166, 2.548, 3.895, 5.231, 5.455, 5.775, 6.342, 6.148, 5.88, 4.603, 3.723, 3.437, 3.862, 3.778, 3.631, 3.129, 2.674, 2.601, 2.812, 3.296, 3.25, 2.794, 2.602, 2.367, 2.228, 1.956, 1.364, 1.326, 1.041, 1.717, 2.478, 2.488, 2.729, 3.434, 3.111, 2.208, 1.661, 1.421, 2.295, 2.31, 2.833], [5.378, 4.297, 4.54, 6.105, 6.394, 5.898, 5.599, 6.773, 6.182, 6.03, 5.56, 5.244, 6.389, 6.772, 6.684, 6.045, 5.784, 7.095, 8.183, 8.665, 8.286, 7.563, 6.683, 5.405, 4.503, 4.858, 5.304, 5.371, 5.626, 5.957, 5.181, 5.193, 6.027, 6.079, 5.289, 4.041, 2.681, 1.307, 0.0, 1.026, 1.174, 1.887, 2.089, 2.277, 1.611, 1.774, 1.897, 2.886, 4.098, 4.471, 4.739, 5.285, 5.062, 4.828, 3.768, 3.075, 2.73, 3.038, 3.269, 2.796, 2.563, 2.286, 2.639, 3.271, 3.873, 3.962, 3.154, 2.47, 2.136, 2.302, 2.254, 2.166, 1.414, 1.465, 2.73, 3.483, 3.546, 3.795, 4.527, 4.025, 2.85, 2.093, 1.162, 1.951, 2.1, 2.716], [5.693, 4.899, 5.082, 6.65, 6.939, 6.459, 6.025, 7.19, 6.726, 6.592, 6.118, 5.873, 7.083, 7.388, 7.145, 6.438, 6.17, 7.497, 8.524, 9.006, 8.627, 7.932, 7.032, 5.811, 5.025, 5.448, 5.888, 5.948, 6.236, 6.426, 5.782, 5.713, 6.493, 6.437, 5.668, 4.426, 3.257, 1.962, 1.026, 0.0, 0.788, 1.774, 2.193, 2.417, 1.652, 1.624, 1.665, 2.481, 3.766, 4.298, 4.46, 5.018, 4.751, 4.49, 3.703, 3.07, 2.762, 3.114, 3.452, 2.692, 2.307, 2.167, 2.555, 3.413, 4.012, 4.127, 3.248, 2.411, 2.139, 2.468, 2.56, 2.69, 1.828, 1.824, 3.23, 3.861, 3.828, 4.164, 5.072, 4.583, 3.297, 2.484, 1.661, 2.127, 2.208, 2.883], [5.767, 5.048, 5.165, 6.807, 7.074, 6.638, 6.152, 7.314, 6.863, 6.747, 6.259, 6.026, 7.255, 7.536, 7.287, 6.542, 6.222, 7.547, 8.599, 9.081, 8.709, 8.045, 7.163, 5.962, 5.137, 5.567, 6.044, 6.082, 6.359, 6.545, 5.873, 5.829, 6.565, 6.517, 5.787, 4.494, 3.402, 2.131, 1.174, 0.788, 0.0, 1.422, 1.846, 2.127, 1.482, 1.538, 1.476, 2.179, 3.394, 3.8, 3.983, 4.589, 4.53, 4.203, 3.218, 2.486, 2.286, 2.624, 3.118, 2.451, 2.265, 2.128, 2.437, 3.319, 3.904, 3.99, 3.146, 2.461, 2.2, 2.449, 2.657, 2.864, 1.941, 1.98, 3.322, 3.968, 3.898, 4.185, 5.216, 4.881, 3.592, 2.698, 1.736, 2.009, 1.945, 2.679], [5.229, 4.827, 4.874, 6.461, 6.826, 6.562, 6.037, 6.975, 6.501, 6.431, 5.936, 5.747, 7.015, 7.305, 6.992, 6.292, 5.805, 7.068, 8.055, 8.538, 8.241, 7.656, 6.797, 5.608, 4.78, 5.217, 5.762, 5.804, 6.009, 6.172, 5.508, 5.499, 6.183, 6.162, 5.445, 4.181, 3.123, 2.542, 1.887, 1.774, 1.422, 0.0, 1.29, 2.041, 1.507, 1.35, 1.162, 2.355, 3.723, 4.154, 4.293, 5.032, 5.078, 4.752, 3.469, 2.545, 2.653, 2.732, 2.946, 2.648, 2.099, 2.057, 2.201, 2.988, 3.489, 3.549, 2.875, 2.371, 2.246, 2.357, 2.603, 2.812, 1.931, 2.025, 3.056, 3.544, 3.371, 3.781, 4.931, 5.02, 3.712, 2.816, 1.687, 1.688, 1.739, 2.048], [4.272, 4.311, 4.37, 5.89, 6.363, 6.032, 5.575, 6.434, 5.991, 5.886, 5.403, 5.219, 6.489, 6.783, 6.385, 5.683, 5.132, 6.394, 7.126, 7.614, 7.39, 6.89, 6.025, 4.986, 4.241, 4.686, 5.232, 5.287, 5.498, 5.514, 5.009, 4.959, 5.633, 5.551, 4.814, 3.685, 2.672, 2.11, 2.089, 2.193, 1.846, 1.29, 0.0, 1.303, 1.443, 1.805, 1.986, 3.231, 4.632, 5.095, 5.158, 5.977, 5.993, 5.67, 4.245, 3.039, 3.154, 3.352, 3.428, 3.499, 3.065, 2.752, 2.55, 2.768, 3.201, 3.199, 2.962, 2.905, 2.631, 2.491, 2.514, 2.407, 1.794, 1.644, 2.546, 2.908, 2.599, 3.16, 4.321, 4.607, 3.599, 2.929, 1.855, 2.204, 1.827, 2.032], [4.244, 4.185, 4.238, 5.707, 6.239, 5.88, 5.468, 6.254, 5.83, 5.705, 5.207, 5.04, 6.329, 6.625, 6.157, 5.572, 4.884, 6.154, 6.973, 7.455, 7.204, 6.707, 5.864, 4.784, 4.057, 4.494, 5.065, 5.147, 5.35, 5.369, 4.896, 4.809, 5.449, 5.416, 4.689, 3.569, 2.477, 2.03, 2.277, 2.417, 2.127, 2.041, 1.303, 0.0, 1.29, 2.261, 2.637, 3.358, 4.756, 5.2, 5.275, 6.113, 6.066, 5.764, 4.374, 3.19, 3.437, 3.585, 3.639, 3.994, 3.752, 3.327, 3.094, 3.153, 3.475, 3.444, 3.322, 3.366, 3.21, 3.078, 2.852, 2.699, 1.73, 1.641, 2.517, 2.81, 2.444, 2.913, 4.062, 4.39, 3.422, 2.904, 2.388, 2.647, 2.007, 2.272], [4.618, 4.098, 4.19, 5.682, 6.187, 5.86, 5.376, 6.136, 5.73, 5.583, 5.13, 4.952, 6.241, 6.575, 6.056, 5.516, 5.134, 6.374, 7.434, 7.916, 7.537, 6.822, 5.979, 4.767, 3.976, 4.405, 4.981, 5.081, 5.281, 5.479, 4.86, 4.726, 5.409, 5.491, 4.741, 3.518, 2.335, 1.652, 1.611, 1.652, 1.482, 1.507, 1.443, 1.29, 0.0, 1.301, 1.622, 3.034, 4.355, 4.823, 4.909, 5.759, 5.615, 5.371, 3.961, 2.95, 2.925, 3.037, 3.304, 3.162, 2.659, 2.362, 2.247, 2.481, 2.836, 2.888, 2.628, 2.386, 2.275, 2.263, 2.271, 2.272, 1.154, 1.342, 2.318, 2.922, 2.781, 3.002, 4.006, 4.315, 3.143, 2.463, 1.59, 2.285, 1.97, 2.398], [4.99, 4.306, 4.404, 5.978, 6.383, 6.152, 5.596, 6.489, 6.01, 5.898, 5.418, 5.194, 6.464, 6.786, 6.469, 5.79, 5.47, 6.758, 7.814, 8.292, 7.924, 7.26, 6.363, 5.127, 4.295, 4.73, 5.219, 5.312, 5.559, 5.713, 5.1, 5.007, 5.765, 5.738, 4.957, 3.759, 2.582, 2.166, 1.774, 1.624, 1.538, 1.35, 1.805, 2.261, 1.301, 0.0, 1.011, 2.68, 3.991, 4.446, 4.53, 5.368, 5.314, 5.024, 3.757, 2.791, 2.668, 2.813, 3.203, 2.912, 1.9, 1.58, 1.675, 2.113, 2.639, 2.773, 2.203, 1.849, 1.818, 1.721, 2.076, 2.343, 1.612, 1.781, 2.727, 3.163, 3.125, 3.424, 4.392, 4.56, 3.404, 2.582, 1.675, 2.44, 2.314, 2.785], [5.683, 5.017, 5.169, 6.498, 7.062, 6.862, 6.334, 7.117, 6.543, 6.489, 5.987, 5.841, 7.09, 7.515, 7.177, 6.557, 6.261, 7.469, 8.484, 8.962, 8.599, 7.877, 7.008, 5.699, 4.894, 5.273, 5.865, 5.877, 6.079, 6.359, 5.69, 5.622, 6.389, 6.439, 5.623, 4.466, 3.227, 2.548, 1.897, 1.665, 1.476, 1.162, 1.986, 2.637, 1.622, 1.011, 0.0, 1.949, 3.273, 3.86, 3.98, 4.861, 4.717, 4.499, 3.281, 2.41, 2.173, 2.213, 2.735, 2.312, 1.578, 1.732, 2.072, 2.657, 3.207, 3.399, 2.803, 2.231, 2.049, 2.203, 2.694, 2.993, 2.014, 2.268, 3.293, 3.819, 3.812, 4.11, 5.062, 5.179, 4.001, 3.22, 1.744, 2.166, 2.149, 2.607], [7.42, 6.777, 6.908, 8.344, 8.813, 8.542, 8.012, 9.002, 8.418, 8.395, 7.861, 7.672, 8.915, 9.277, 9.028, 8.278, 7.993, 9.263, 10.217, 10.686, 10.324, 9.657, 8.756, 7.563, 6.731, 7.152, 7.674, 7.674, 7.935, 8.076, 7.492, 7.459, 8.243, 8.198, 7.348, 6.236, 5.103, 3.895, 2.886, 2.481, 2.179, 2.355, 3.231, 3.358, 3.034, 2.68, 1.949, 0.0, 1.518, 2.225, 2.498, 3.086, 3.037, 2.743, 2.156, 2.219, 2.296, 2.353, 2.372, 2.353, 2.548, 3.141, 3.653, 4.436, 4.931, 5.16, 4.475, 3.796, 3.495, 3.849, 4.395, 4.657, 3.647, 3.734, 5.045, 5.54, 5.553, 5.941, 6.939, 6.767, 5.554, 4.697, 3.338, 2.436, 2.423, 2.814], [8.874, 8.118, 8.263, 9.681, 10.146, 9.853, 9.346, 10.335, 9.768, 9.718, 9.163, 9.012, 10.21, 10.625, 10.376, 9.642, 9.373, 10.68, 11.685, 12.162, 11.8, 11.1, 10.219, 8.943, 8.092, 8.477, 9.005, 8.997, 9.254, 9.533, 8.831, 8.786, 9.614, 9.605, 8.801, 7.584, 6.427, 5.231, 4.098, 3.766, 3.394, 3.723, 4.632, 4.756, 4.355, 3.991, 3.273, 1.518, 0.0, 1.121, 1.54, 1.82, 1.758, 1.611, 1.823, 2.626, 2.574, 2.467, 2.758, 2.932, 3.511, 4.184, 4.832, 5.585, 6.114, 6.42, 5.738, 4.902, 4.533, 4.827, 5.683, 5.959, 4.953, 5.084, 6.393, 6.999, 7.009, 7.32, 8.263, 8.046, 6.858, 6.025, 4.629, 3.708, 3.628, 4.133], [9.347, 8.347, 8.598, 10.274, 10.381, 9.99, 9.578, 10.765, 10.299, 10.087, 9.68, 9.309, 10.536, 10.846, 10.712, 10.103, 9.779, 11.1, 12.158, 12.636, 12.274, 11.583, 10.739, 9.461, 8.619, 8.973, 9.381, 9.498, 9.788, 10.108, 9.242, 9.317, 10.02, 10.062, 9.351, 7.861, 6.698, 5.455, 4.471, 4.298, 3.8, 4.154, 5.095, 5.2, 4.823, 4.446, 3.86, 2.225, 1.121, 0.0, 0.983, 1.298, 1.239, 1.134, 1.446, 2.529, 2.422, 2.47, 2.671, 2.891, 3.512, 4.323, 5.031, 5.843, 6.52, 6.696, 5.892, 5.06, 4.641, 5.026, 5.884, 6.193, 5.259, 5.468, 6.694, 7.524, 7.5, 7.776, 8.547, 8.327, 7.038, 6.214, 4.939, 3.996, 3.937, 4.667], [9.411, 8.637, 8.785, 10.4, 10.68, 10.329, 9.801, 10.953, 10.464, 10.38, 9.866, 9.617, 10.842, 11.125, 10.912, 10.199, 9.901, 11.244, 12.221, 12.699, 12.343, 11.68, 10.79, 9.578, 8.748, 9.185, 9.646, 9.676, 9.974, 10.152, 9.509, 9.47, 10.205, 10.155, 9.399, 8.125, 6.992, 5.775, 4.739, 4.46, 3.983, 4.293, 5.158, 5.275, 4.909, 4.53, 3.98, 2.498, 1.54, 0.983, 0.0, 1.135, 1.361, 1.54, 1.712, 2.729, 2.602, 2.571, 2.767, 3.095, 3.787, 4.596, 5.249, 6.05, 6.656, 6.923, 6.178, 5.395, 4.985, 5.344, 6.189, 6.507, 5.518, 5.592, 6.939, 7.591, 7.55, 7.877, 8.844, 8.685, 7.407, 6.551, 5.234, 4.343, 4.158, 4.751], [10.23, 9.319, 9.515, 11.267, 11.365, 10.884, 10.487, 11.734, 11.279, 11.093, 10.673, 10.331, 11.531, 11.773, 11.647, 11.034, 10.682, 12.004, 13.041, 13.519, 13.202, 12.537, 11.664, 10.427, 9.596, 9.977, 10.397, 10.5, 10.781, 11.035, 10.231, 10.272, 10.991, 10.998, 10.283, 8.851, 7.668, 6.342, 5.285, 5.018, 4.589, 5.032, 5.977, 6.113, 5.759, 5.368, 4.861, 3.086, 1.82, 1.298, 1.135, 0.0, 1.015, 1.138, 2.141, 3.262, 3.292, 3.328, 3.34, 3.506, 4.304, 5.128, 5.909, 6.804, 7.454, 7.65, 6.77, 5.912, 5.442, 5.913, 6.771, 7.086, 6.216, 6.359, 7.674, 8.446, 8.379, 8.64, 9.531, 9.157, 7.858, 6.948, 5.901, 4.901, 4.932, 5.602], [10.207, 9.138, 9.486, 11.108, 11.16, 10.472, 10.383, 11.537, 11.154, 10.8, 10.482, 10.055, 11.187, 11.603, 11.448, 10.945, 10.608, 11.916, 13.004, 13.481, 13.119, 12.387, 11.574, 10.258, 9.507, 9.795, 10.169, 10.306, 10.607, 11.011, 10.108, 10.137, 10.902, 10.946, 10.258, 8.72, 7.356, 6.148, 5.062, 4.751, 4.53, 5.078, 5.993, 6.066, 5.615, 5.314, 4.717, 3.037, 1.758, 1.239, 1.361, 1.015, 0.0, 0.815, 1.911, 3.214, 3.158, 3.209, 3.175, 3.18, 3.985, 4.894, 5.835, 6.612, 7.331, 7.561, 6.526, 5.508, 4.838, 5.438, 6.277, 6.744, 5.984, 6.235, 7.518, 8.451, 8.366, 8.586, 9.166, 8.535, 7.384, 6.704, 5.523, 4.504, 4.749, 5.574], [9.904, 8.85, 9.191, 10.904, 10.96, 10.291, 10.115, 11.306, 10.927, 10.635, 10.294, 9.838, 11.008, 11.285, 11.213, 10.677, 10.306, 11.65, 12.702, 13.179, 12.859, 12.159, 11.296, 10.018, 9.242, 9.578, 9.977, 10.091, 10.405, 10.709, 9.84, 9.891, 10.648, 10.64, 9.951, 8.475, 7.179, 5.88, 4.828, 4.49, 4.203, 4.752, 5.67, 5.764, 5.371, 5.024, 4.499, 2.743, 1.611, 1.134, 1.54, 1.138, 0.815, 0.0, 1.739, 2.982, 3.09, 3.2, 3.134, 3.021, 3.763, 4.592, 5.557, 6.403, 7.104, 7.285, 6.212, 5.309, 4.678, 5.256, 6.097, 6.49, 5.787, 5.985, 7.282, 8.136, 8.04, 8.284, 9.028, 8.361, 7.121, 6.366, 5.329, 4.325, 4.541, 5.259], [8.465, 7.485, 7.803, 9.517, 9.579, 8.934, 8.674, 9.894, 9.56, 9.252, 8.903, 8.492, 9.665, 9.966, 9.771, 9.264, 8.858, 10.163, 11.25, 11.734, 11.37, 10.663, 9.852, 8.623, 7.876, 8.188, 8.591, 8.727, 9.022, 9.358, 8.502, 8.526, 9.219, 9.244, 8.591, 7.058, 5.834, 4.603, 3.768, 3.703, 3.218, 3.469, 4.245, 4.374, 3.961, 3.757, 3.281, 2.156, 1.823, 1.446, 1.712, 2.141, 1.911, 1.739, 0.0, 1.618, 1.823, 1.888, 1.782, 2.009, 2.898, 3.579, 4.274, 5.069, 5.73, 5.891, 4.904, 4.187, 3.728, 4.025, 4.901, 5.245, 4.412, 4.663, 5.868, 6.781, 6.601, 6.851, 7.58, 7.391, 6.164, 5.416, 4.085, 3.183, 3.133, 3.906], [7.124, 6.252, 6.504, 8.207, 8.457, 8.024, 7.737, 8.616, 8.227, 7.955, 7.594, 7.246, 8.404, 8.681, 8.505, 7.957, 7.545, 8.872, 9.91, 10.391, 10.092, 9.417, 8.573, 7.315, 6.541, 6.878, 7.308, 7.558, 7.765, 8.022, 7.273, 7.207, 7.884, 7.92, 7.276, 5.779, 4.678, 3.723, 3.075, 3.07, 2.486, 2.545, 3.039, 3.19, 2.95, 2.791, 2.41, 2.219, 2.626, 2.529, 2.729, 3.262, 3.214, 2.982, 1.618, 0.0, 0.977, 1.026, 1.256, 1.503, 2.48, 2.952, 3.365, 3.908, 4.42, 4.562, 3.854, 3.562, 3.092, 3.247, 4.004, 4.396, 3.351, 3.627, 4.622, 5.418, 5.302, 5.553, 6.367, 6.637, 5.449, 4.731, 3.215, 2.641, 2.148, 2.872], [7.308, 6.269, 6.532, 8.134, 8.271, 7.932, 7.572, 8.632, 8.171, 7.907, 7.524, 7.163, 8.376, 8.757, 8.574, 8.015, 7.728, 9.031, 10.119, 10.596, 10.234, 9.521, 8.657, 7.316, 6.521, 6.835, 7.238, 7.328, 7.635, 8.025, 7.148, 7.161, 7.948, 8.012, 7.273, 5.785, 4.547, 3.437, 2.73, 2.762, 2.286, 2.653, 3.154, 3.437, 2.925, 2.668, 2.173, 2.296, 2.574, 2.422, 2.602, 3.292, 3.158, 3.09, 1.823, 0.977, 0.0, 0.784, 1.394, 1.45, 2.099, 2.705, 3.192, 3.743, 4.421, 4.658, 3.899, 3.327, 2.744, 2.93, 3.766, 4.067, 3.27, 3.419, 4.582, 5.465, 5.443, 5.691, 6.376, 6.244, 5.21, 4.594, 2.932, 2.617, 2.315, 3.343], [7.536, 6.587, 6.815, 8.244, 8.664, 8.436, 7.972, 8.864, 8.302, 8.142, 7.633, 7.416, 8.553, 9.076, 8.839, 8.273, 7.986, 9.259, 10.346, 10.824, 10.462, 9.723, 8.865, 7.54, 6.701, 6.972, 7.404, 7.538, 7.732, 8.165, 7.356, 7.344, 8.165, 8.253, 7.435, 6.088, 4.824, 3.862, 3.038, 3.114, 2.624, 2.732, 3.352, 3.585, 3.037, 2.813, 2.213, 2.353, 2.467, 2.47, 2.571, 3.328, 3.209, 3.2, 1.888, 1.026, 0.784, 0.0, 1.222, 1.554, 2.413, 3.071, 3.543, 3.977, 4.622, 4.9, 4.256, 3.722, 3.174, 3.335, 4.245, 4.591, 3.443, 3.734, 4.883, 5.653, 5.671, 5.911, 6.652, 6.781, 5.733, 5.022, 3.215, 2.829, 2.388, 3.274], [7.627, 6.475, 6.84, 8.399, 8.594, 8.106, 7.93, 8.939, 8.446, 8.115, 7.762, 7.373, 8.476, 8.929, 8.871, 8.332, 8.043, 9.332, 10.423, 10.906, 10.548, 9.817, 8.956, 7.623, 6.811, 7.086, 7.479, 7.651, 7.904, 8.308, 7.453, 7.446, 8.256, 8.344, 7.565, 6.081, 4.715, 3.778, 3.269, 3.452, 3.118, 2.946, 3.428, 3.639, 3.304, 3.203, 2.735, 2.372, 2.758, 2.671, 2.767, 3.34, 3.175, 3.134, 1.782, 1.256, 1.394, 1.222, 0.0, 1.218, 2.342, 3.001, 3.52, 3.993, 4.694, 4.938, 3.996, 3.669, 2.977, 3.101, 3.904, 4.307, 3.608, 3.76, 4.888, 5.775, 5.771, 5.995, 6.601, 6.487, 5.53, 4.931, 3.133, 2.232, 2.172, 3.021], [7.661, 6.584, 6.909, 8.558, 8.588, 7.879, 7.825, 8.986, 8.601, 8.235, 7.923, 7.473, 8.581, 9.042, 8.917, 8.366, 8.078, 9.383, 10.453, 10.937, 10.581, 9.849, 9.01, 7.703, 6.954, 7.244, 7.604, 7.756, 8.052, 8.457, 7.557, 7.586, 8.327, 8.378, 7.704, 6.151, 4.778, 3.631, 2.796, 2.692, 2.451, 2.648, 3.499, 3.994, 3.162, 2.912, 2.312, 2.353, 2.932, 2.891, 3.095, 3.506, 3.18, 3.021, 2.009, 1.503, 1.45, 1.554, 1.218, 0.0, 1.557, 2.456, 3.249, 3.99, 4.728, 4.982, 4.01, 3.131, 2.418, 2.878, 3.646, 4.182, 3.478, 3.701, 4.949, 5.897, 5.804, 6.053, 6.614, 6.004, 4.926, 4.336, 2.881, 2.217, 2.61, 3.525], [6.692, 5.65, 5.995, 7.604, 7.677, 7.006, 6.894, 8.048, 7.643, 7.293, 6.973, 6.552, 7.681, 8.106, 7.951, 7.445, 6.997, 8.305, 9.383, 9.877, 9.552, 8.889, 8.078, 6.76, 5.995, 6.289, 6.654, 6.802, 7.098, 7.494, 6.621, 6.627, 7.405, 7.436, 6.739, 5.226, 3.89, 3.129, 2.563, 2.307, 2.265, 2.099, 3.065, 3.752, 2.659, 1.9, 1.578, 2.548, 3.511, 3.512, 3.787, 4.304, 3.985, 3.763, 2.898, 2.48, 2.099, 2.413, 2.342, 1.557, 0.0, 1.302, 2.279, 2.942, 3.697, 3.923, 2.937, 2.09, 1.638, 2.0, 2.842, 3.232, 2.798, 3.061, 4.109, 4.94, 4.868, 5.056, 5.626, 5.155, 4.127, 3.408, 2.207, 2.297, 2.918, 3.743], [5.586, 4.605, 4.89, 6.575, 6.725, 6.093, 5.805, 7.025, 6.597, 6.365, 5.976, 5.619, 6.783, 7.064, 6.925, 6.373, 5.878, 7.177, 8.242, 8.731, 8.47, 7.828, 6.987, 5.732, 4.914, 5.288, 5.701, 5.807, 6.088, 6.383, 5.555, 5.568, 6.358, 6.341, 5.624, 4.221, 2.999, 2.674, 2.286, 2.167, 2.128, 2.057, 2.752, 3.327, 2.362, 1.58, 1.732, 3.141, 4.184, 4.323, 4.596, 5.128, 4.894, 4.592, 3.579, 2.952, 2.705, 3.071, 3.001, 2.456, 1.302, 0.0, 1.185, 1.924, 2.651, 2.819, 1.876, 1.103, 1.169, 1.155, 1.997, 2.35, 2.467, 2.651, 3.314, 3.857, 3.831, 3.955, 4.722, 4.27, 3.157, 2.304, 2.186, 2.576, 3.098, 3.735], [4.478, 3.653, 3.847, 5.538, 5.694, 5.181, 4.723, 5.959, 5.55, 5.385, 4.956, 4.645, 5.858, 6.134, 5.852, 5.282, 4.888, 6.226, 7.267, 7.744, 7.39, 6.724, 5.911, 4.668, 3.868, 4.251, 4.689, 4.774, 5.065, 5.329, 4.541, 4.537, 5.257, 5.241, 4.576, 3.126, 2.288, 2.601, 2.639, 2.555, 2.437, 2.201, 2.55, 3.094, 2.247, 1.675, 2.072, 3.653, 4.832, 5.031, 5.249, 5.909, 5.835, 5.557, 4.274, 3.365, 3.192, 3.543, 3.52, 3.249, 2.279, 1.185, 0.0, 1.147, 1.794, 1.892, 1.146, 0.844, 1.46, 1.153, 1.56, 1.798, 2.506, 2.44, 2.536, 2.917, 3.016, 2.89, 3.769, 3.607, 2.497, 2.079, 2.444, 2.715, 2.962, 3.538], [3.819, 3.022, 3.234, 4.81, 5.098, 4.813, 4.349, 5.208, 4.812, 4.582, 4.19, 3.902, 5.132, 5.509, 5.115, 4.646, 4.184, 5.401, 6.493, 6.98, 6.68, 6.028, 5.198, 3.929, 3.166, 3.526, 3.998, 4.118, 4.346, 4.697, 3.896, 3.836, 4.563, 4.637, 3.938, 2.558, 2.022, 2.812, 3.271, 3.413, 3.319, 2.988, 2.768, 3.153, 2.481, 2.113, 2.657, 4.436, 5.585, 5.843, 6.05, 6.804, 6.612, 6.403, 5.069, 3.908, 3.743, 3.977, 3.993, 3.99, 2.942, 1.924, 1.147, 0.0, 0.913, 1.066, 1.269, 1.546, 2.123, 1.684, 1.728, 1.882, 2.77, 2.689, 2.215, 2.329, 2.534, 2.318, 2.93, 3.212, 2.861, 2.678, 2.927, 3.373, 3.028, 3.48], [3.125, 2.66, 2.831, 4.177, 4.875, 4.761, 4.11, 4.567, 4.207, 4.013, 3.716, 3.856, 4.663, 5.044, 4.491, 4.046, 3.551, 4.699, 5.759, 6.241, 5.955, 5.319, 4.478, 3.266, 2.739, 3.327, 3.843, 3.946, 3.892, 4.046, 3.556, 3.25, 4.091, 4.058, 3.5, 2.4, 2.434, 3.296, 3.873, 4.012, 3.904, 3.489, 3.201, 3.475, 2.836, 2.639, 3.207, 4.931, 6.114, 6.52, 6.656, 7.454, 7.331, 7.104, 5.73, 4.42, 4.421, 4.622, 4.694, 4.728, 3.697, 2.651, 1.794, 0.913, 0.0, 0.646, 1.679, 2.142, 2.78, 2.353, 2.254, 2.469, 3.293, 3.205, 2.411, 2.136, 2.556, 2.171, 2.463, 3.143, 3.296, 3.175, 3.643, 4.092, 3.651, 3.64], [2.869, 2.388, 2.529, 3.988, 4.56, 4.416, 3.79, 4.364, 4.0, 3.783, 3.446, 3.586, 4.391, 4.727, 4.237, 3.823, 3.267, 4.462, 5.523, 5.985, 5.74, 5.097, 4.281, 3.091, 2.526, 3.08, 3.585, 3.7, 3.675, 3.847, 3.236, 3.04, 3.823, 3.804, 3.271, 2.119, 2.364, 3.25, 3.962, 4.127, 3.99, 3.549, 3.199, 3.444, 2.888, 2.773, 3.399, 5.16, 6.42, 6.696, 6.923, 7.65, 7.561, 7.285, 5.891, 4.562, 4.658, 4.9, 4.938, 4.982, 3.923, 2.819, 1.892, 1.066, 0.646, 0.0, 1.567, 2.206, 2.991, 2.516, 2.315, 2.401, 3.268, 3.252, 2.309, 2.055, 2.523, 2.086, 2.227, 2.849, 3.12, 3.003, 3.656, 4.164, 3.663, 3.728], [3.97, 3.006, 3.319, 5.006, 5.226, 4.597, 4.387, 5.433, 5.018, 4.773, 4.407, 4.01, 5.162, 5.431, 5.324, 4.771, 4.266, 5.572, 6.639, 7.096, 6.848, 6.223, 5.389, 4.14, 3.361, 3.713, 4.119, 4.309, 4.534, 4.802, 3.984, 4.003, 4.753, 4.725, 4.04, 2.627, 2.14, 2.794, 3.154, 3.248, 3.146, 2.875, 2.962, 3.322, 2.628, 2.203, 2.803, 4.475, 5.738, 5.892, 6.178, 6.77, 6.526, 6.212, 4.904, 3.854, 3.899, 4.256, 3.996, 4.01, 2.937, 1.876, 1.146, 1.269, 1.679, 1.567, 0.0, 1.216, 1.971, 1.572, 1.641, 1.942, 2.833, 2.822, 2.572, 2.821, 2.909, 2.573, 3.1