[[0.0, 1.198, 1.321, 1.057, 1.063, 0.89, 1.527, 2.093, 1.827, 1.852, 1.87, 1.93, 2.033, 2.738, 3.293, 2.818, 2.485, 2.53, 2.698, 2.615, 2.5, 2.599, 2.748, 3.179, 3.805, 5.351, 5.072, 4.809, 5.009, 5.536, 5.693, 5.58, 4.889, 4.783, 4.957, 5.44, 5.954, 5.751, 5.975, 6.595, 6.535, 5.886, 4.964, 4.296, 3.992, 4.131, 4.428, 4.302, 4.238, 3.732, 3.03, 2.64, 2.869, 2.841, 2.659, 3.206, 3.363, 3.267, 3.248, 2.959, 2.455, 2.537, 2.762, 2.545, 3.083, 3.599, 3.883, 4.072, 3.96, 3.566, 3.332, 1.803, 2.505, 2.775, 1.943, 1.956, 2.415, 2.738, 2.866, 3.037, 2.598, 2.762, 3.188, 3.102, 2.93, 3.29], [1.198, 0.0, 0.809, 1.037, 1.348, 1.055, 1.16, 1.512, 1.735, 1.817, 1.844, 1.877, 1.906, 2.104, 2.638, 2.805, 2.674, 2.641, 2.816, 2.719, 2.647, 2.859, 2.997, 3.404, 4.048, 5.626, 5.296, 5.075, 5.241, 5.764, 5.94, 5.819, 5.12, 5.05, 5.207, 5.644, 6.152, 6.046, 6.279, 6.923, 6.877, 6.223, 5.283, 4.567, 4.273, 4.442, 4.743, 4.658, 4.597, 4.103, 3.411, 2.949, 3.217, 3.147, 3.06, 3.62, 4.018, 3.666, 3.712, 3.519, 2.981, 3.106, 3.428, 3.214, 3.333, 4.014, 4.241, 4.458, 4.574, 4.015, 3.686, 2.202, 2.006, 2.35, 1.765, 2.081, 2.829, 3.213, 3.448, 3.7, 3.29, 3.5, 3.87, 3.784, 3.614, 4.054], [1.321, 0.809, 0.0, 0.981, 1.379, 1.155, 1.187, 1.588, 1.704, 1.798, 1.772, 1.693, 1.73, 2.087, 2.633, 2.734, 2.593, 2.592, 2.761, 2.659, 2.598, 2.793, 2.918, 3.365, 4.008, 5.566, 5.225, 5.002, 5.182, 5.705, 5.88, 5.76, 5.057, 4.967, 5.13, 5.621, 6.128, 5.98, 6.223, 6.966, 6.987, 6.344, 5.313, 4.54, 4.28, 4.433, 4.826, 4.78, 4.723, 4.226, 3.428, 3.036, 3.232, 3.297, 3.238, 3.929, 4.311, 3.936, 3.933, 3.836, 3.24, 3.36, 3.515, 3.342, 3.287, 4.085, 4.32, 4.577, 4.744, 4.152, 3.835, 2.322, 1.831, 2.234, 1.643, 2.077, 2.822, 3.257, 3.454, 3.707, 3.297, 3.521, 3.902, 3.816, 3.649, 4.082], [1.057, 1.037, 0.981, 0.0, 0.869, 0.831, 1.193, 1.894, 1.803, 1.884, 1.816, 1.849, 1.982, 2.585, 3.151, 2.899, 2.668, 2.751, 2.853, 2.692, 2.574, 2.734, 2.866, 3.272, 4.023, 5.508, 5.179, 4.923, 5.141, 5.685, 5.872, 5.754, 5.021, 4.878, 5.088, 5.667, 6.164, 5.89, 6.115, 6.834, 6.862, 6.219, 5.188, 4.427, 4.165, 4.318, 4.697, 4.652, 4.594, 4.09, 3.254, 2.869, 3.127, 3.067, 3.095, 3.641, 3.983, 3.666, 3.575, 3.441, 2.856, 2.98, 3.158, 2.83, 2.81, 3.543, 3.818, 4.034, 4.076, 3.611, 3.334, 1.815, 2.17, 2.496, 1.573, 1.821, 2.371, 2.722, 2.915, 3.167, 2.757, 2.976, 3.353, 3.268, 3.128, 3.528], [1.063, 1.348, 1.379, 0.869, 0.0, 0.864, 1.653, 2.508, 2.147, 2.169, 2.205, 2.132, 2.289, 3.155, 3.742, 3.271, 3.017, 3.041, 3.222, 3.017, 2.859, 3.053, 3.19, 3.548, 4.31, 5.82, 5.506, 5.282, 5.478, 6.024, 6.174, 6.05, 5.331, 5.209, 5.394, 5.961, 6.439, 6.192, 6.419, 7.106, 7.062, 6.405, 5.455, 4.768, 4.478, 4.608, 4.937, 4.844, 4.788, 4.295, 3.437, 3.048, 3.324, 3.298, 3.222, 3.737, 4.028, 3.738, 3.554, 3.303, 2.758, 2.911, 2.86, 2.464, 2.549, 3.208, 3.452, 3.661, 3.625, 3.217, 3.037, 1.56, 2.427, 2.646, 1.627, 1.606, 2.003, 2.26, 2.342, 2.549, 2.203, 2.535, 2.724, 2.656, 2.699, 3.125], [0.89, 1.055, 1.155, 0.831, 0.864, 0.0, 1.205, 2.073, 1.881, 1.924, 1.838, 1.843, 2.043, 2.771, 3.308, 2.871, 2.581, 2.594, 2.813, 2.656, 2.651, 2.772, 2.912, 3.357, 3.976, 5.56, 5.223, 4.986, 5.177, 5.729, 5.891, 5.758, 5.063, 4.98, 5.15, 5.571, 6.071, 5.925, 6.178, 6.898, 6.886, 6.244, 5.238, 4.495, 4.229, 4.379, 4.746, 4.686, 4.632, 4.131, 3.315, 2.865, 3.192, 3.098, 3.088, 3.606, 3.898, 3.683, 3.637, 3.353, 2.786, 2.906, 3.123, 2.819, 2.821, 3.523, 3.767, 3.947, 3.922, 3.478, 3.256, 1.946, 2.364, 2.582, 1.615, 1.759, 2.333, 2.653, 2.82, 2.995, 2.606, 2.731, 3.182, 3.097, 2.923, 3.337], [1.527, 1.16, 1.187, 1.193, 1.653, 1.205, 0.0, 1.19, 1.825, 1.846, 1.566, 1.425, 1.382, 1.853, 2.431, 2.641, 2.563, 2.606, 2.7, 2.58, 2.68, 2.809, 2.867, 3.543, 3.99, 5.478, 5.169, 4.949, 4.995, 5.434, 5.709, 5.485, 4.859, 4.863, 5.052, 5.305, 5.817, 5.884, 6.208, 7.009, 7.11, 6.46, 5.449, 4.472, 4.257, 4.433, 4.931, 4.911, 4.854, 4.363, 3.697, 3.341, 3.553, 3.379, 3.347, 4.031, 4.488, 4.205, 4.255, 4.066, 3.487, 3.595, 3.801, 3.527, 3.49, 4.212, 4.557, 4.791, 4.852, 4.349, 4.005, 2.433, 1.797, 1.855, 1.6, 2.365, 3.18, 3.554, 3.794, 4.047, 3.641, 3.776, 4.172, 4.097, 3.939, 4.32], [2.093, 1.512, 1.588, 1.894, 2.508, 2.073, 1.19, 0.0, 1.379, 1.728, 1.396, 1.412, 1.25, 1.345, 1.856, 2.245, 2.25, 2.262, 2.308, 2.241, 2.358, 2.547, 2.595, 3.227, 3.698, 5.15, 4.763, 4.688, 4.637, 5.029, 5.401, 5.111, 4.338, 4.385, 4.61, 4.807, 5.355, 5.51, 5.928, 6.791, 6.869, 6.212, 5.167, 4.162, 4.019, 4.202, 4.687, 4.68, 4.578, 4.058, 3.559, 3.067, 3.279, 3.25, 3.218, 3.811, 4.469, 4.18, 4.367, 4.031, 3.384, 3.548, 4.052, 4.212, 4.209, 4.918, 5.344, 5.582, 5.746, 5.167, 4.781, 3.134, 1.618, 1.779, 2.283, 3.192, 4.054, 4.483, 4.721, 4.973, 4.57, 4.717, 5.153, 5.081, 4.923, 5.291], [1.827, 1.735, 1.704, 1.803, 2.147, 1.881, 1.825, 1.379, 0.0, 0.852, 1.182, 1.558, 1.574, 1.747, 1.872, 1.519, 1.311, 1.321, 1.461, 1.395, 1.312, 1.567, 1.887, 2.057, 2.549, 4.108, 3.71, 3.55, 3.691, 4.215, 4.393, 4.238, 3.559, 3.467, 3.637, 4.099, 4.597, 4.476, 4.797, 5.586, 5.656, 5.0, 3.981, 3.048, 3.045, 3.017, 3.489, 3.472, 3.424, 3.078, 2.471, 1.995, 2.048, 2.133, 2.161, 3.148, 3.692, 3.523, 3.831, 3.411, 2.647, 2.939, 3.461, 3.681, 3.562, 4.288, 4.747, 5.042, 5.215, 4.629, 4.251, 2.731, 1.583, 2.163, 2.305, 2.904, 3.56, 3.957, 4.199, 4.451, 4.112, 4.264, 4.661, 4.578, 4.421, 4.838], [1.852, 1.817, 1.798, 1.884, 2.169, 1.924, 1.846, 1.728, 0.852, 0.0, 1.106, 1.431, 1.462, 1.569, 1.991, 1.579, 1.376, 1.39, 1.544, 1.306, 1.153, 1.383, 1.683, 1.891, 2.429, 3.914, 3.536, 3.332, 3.562, 4.141, 4.196, 4.07, 3.356, 3.342, 3.453, 3.955, 4.455, 4.307, 4.605, 5.38, 5.478, 4.838, 3.922, 2.966, 2.731, 2.942, 3.375, 3.352, 3.298, 2.918, 2.441, 1.991, 2.172, 2.061, 2.026, 3.201, 3.783, 3.534, 3.806, 3.423, 2.777, 2.958, 3.414, 3.524, 3.416, 4.107, 4.58, 4.867, 5.056, 4.464, 4.046, 2.545, 1.604, 2.028, 2.221, 2.831, 3.455, 3.79, 4.028, 4.28, 3.991, 4.128, 4.415, 4.343, 4.189, 4.638], [1.87, 1.844, 1.772, 1.816, 2.205, 1.838, 1.566, 1.396, 1.182, 1.106, 0.0, 0.773, 0.992, 1.456, 1.915, 1.718, 1.431, 1.42, 1.545, 1.386, 1.52, 1.752, 1.763, 2.42, 2.853, 4.296, 3.922, 3.755, 3.744, 4.246, 4.489, 4.261, 3.539, 3.523, 3.654, 4.066, 4.609, 4.568, 4.943, 5.814, 5.977, 5.394, 4.556, 3.355, 3.151, 3.374, 3.859, 3.875, 3.887, 3.477, 2.808, 2.414, 2.66, 2.736, 2.669, 3.427, 4.048, 3.68, 3.843, 3.441, 2.829, 2.98, 3.375, 3.577, 3.494, 4.198, 4.649, 4.941, 5.11, 4.524, 4.094, 2.626, 1.336, 1.741, 2.012, 2.647, 3.411, 3.848, 4.09, 4.342, 3.932, 4.157, 4.415, 4.346, 4.247, 4.651], [1.93, 1.877, 1.693, 1.849, 2.132, 1.843, 1.425, 1.412, 1.558, 1.431, 0.773, 0.0, 0.712, 1.504, 2.174, 2.08, 1.827, 1.84, 1.898, 1.775, 1.81, 2.064, 2.091, 2.735, 3.23, 4.695, 4.309, 4.181, 4.162, 4.639, 4.93, 4.64, 3.805, 3.848, 4.026, 4.237, 4.85, 4.946, 5.35, 6.235, 6.346, 5.722, 4.836, 3.721, 3.568, 3.702, 4.202, 4.194, 4.186, 3.75, 2.971, 2.711, 2.874, 2.934, 2.88, 3.69, 4.23, 3.926, 4.053, 3.663, 2.97, 3.086, 3.397, 3.477, 3.417, 4.113, 4.558, 4.855, 5.009, 4.436, 4.039, 2.601, 1.359, 1.552, 1.856, 2.53, 3.317, 3.771, 4.004, 4.265, 3.846, 4.09, 4.347, 4.261, 4.157, 4.602], [2.033, 1.906, 1.73, 1.982, 2.289, 2.043, 1.382, 1.25, 1.574, 1.462, 0.992, 0.712, 0.0, 1.247, 2.022, 2.139, 1.994, 1.964, 2.077, 1.946, 2.043, 2.303, 2.442, 2.965, 3.455, 4.887, 4.524, 4.375, 4.343, 4.769, 5.108, 4.836, 3.972, 3.953, 4.216, 4.429, 5.024, 5.124, 5.558, 6.451, 6.59, 5.951, 5.03, 3.941, 3.77, 3.879, 4.435, 4.417, 4.375, 3.902, 3.166, 2.841, 2.977, 3.029, 3.011, 3.914, 4.507, 4.162, 4.326, 3.893, 3.137, 3.303, 3.618, 3.718, 3.607, 4.29, 4.766, 5.079, 5.252, 4.663, 4.247, 2.734, 1.281, 1.256, 1.818, 2.707, 3.545, 4.004, 4.227, 4.501, 4.075, 4.367, 4.559, 4.517, 4.405, 4.842], [2.738, 2.104, 2.087, 2.585, 3.155, 2.771, 1.853, 1.345, 1.747, 1.569, 1.456, 1.504, 1.247, 0.0, 1.103, 1.747, 1.881, 1.807, 1.865, 1.753, 2.102, 2.394, 2.663, 3.063, 3.292, 4.635, 4.257, 4.142, 4.023, 4.404, 4.749, 4.477, 3.702, 3.697, 3.935, 4.152, 4.721, 4.841, 5.296, 6.254, 6.427, 5.848, 5.012, 3.758, 3.545, 3.904, 4.311, 4.276, 4.314, 4.073, 3.447, 3.066, 3.172, 3.188, 3.244, 4.331, 4.853, 4.708, 5.071, 4.599, 3.963, 4.049, 4.518, 4.816, 4.674, 5.381, 5.858, 6.165, 6.347, 5.757, 5.295, 3.651, 1.354, 1.555, 2.747, 3.765, 4.639, 5.083, 5.32, 5.572, 5.169, 5.354, 5.639, 5.588, 5.456, 5.781], [3.293, 2.638, 2.633, 3.151, 3.742, 3.308, 2.431, 1.856, 1.872, 1.991, 1.915, 2.174, 2.022, 1.103, 0.0, 1.192, 1.593, 1.559, 1.387, 1.576, 2.195, 2.448, 2.782, 2.936, 2.614, 3.862, 3.516, 3.36, 3.17, 3.608, 3.899, 3.631, 3.057, 3.159, 3.285, 3.46, 4.018, 4.044, 4.513, 5.445, 5.57, 5.092, 4.392, 3.132, 3.28, 3.511, 3.789, 3.748, 3.917, 3.959, 3.648, 3.129, 3.124, 3.214, 3.364, 4.491, 5.154, 5.016, 5.362, 5.009, 4.321, 4.452, 5.089, 5.41, 5.281, 5.993, 6.47, 6.753, 6.934, 6.343, 5.889, 4.265, 1.723, 2.255, 3.34, 4.352, 5.224, 5.669, 5.911, 6.163, 5.753, 5.884, 6.239, 6.171, 6.035, 6.387], [2.818, 2.805, 2.734, 2.899, 3.271, 2.871, 2.641, 2.245, 1.519, 1.579, 1.718, 2.08, 2.139, 1.747, 1.192, 0.0, 0.902, 0.913, 0.837, 1.131, 1.612, 1.808, 2.168, 2.379, 1.996, 3.17, 2.976, 2.747, 2.743, 3.225, 3.351, 3.192, 2.638, 2.644, 2.753, 2.97, 3.498, 3.483, 3.748, 4.753, 4.909, 4.484, 3.669, 2.534, 2.634, 2.933, 3.151, 3.093, 3.35, 3.374, 2.969, 2.448, 2.431, 2.6, 2.778, 3.746, 4.438, 4.38, 4.696, 4.37, 3.677, 3.802, 4.435, 4.737, 4.622, 5.336, 5.813, 6.104, 6.257, 5.684, 5.291, 3.85, 1.952, 2.588, 3.182, 3.937, 4.56, 5.019, 5.246, 5.508, 5.172, 5.222, 5.7, 5.612, 5.439, 5.757], [2.485, 2.674, 2.593, 2.668, 3.017, 2.581, 2.563, 2.25, 1.311, 1.376, 1.431, 1.827, 1.994, 1.881, 1.593, 0.902, 0.0, 0.67, 0.715, 0.883, 1.26, 1.494, 1.673, 1.93, 1.882, 3.17, 2.924, 2.8, 2.839, 3.469, 3.572, 3.405, 2.701, 2.601, 2.759, 3.146, 3.661, 3.482, 3.783, 4.756, 4.96, 4.428, 3.588, 2.593, 2.525, 2.699, 3.017, 3.075, 3.144, 2.997, 2.447, 2.012, 2.079, 2.252, 2.404, 3.342, 4.033, 3.81, 4.116, 3.785, 3.124, 3.296, 3.853, 4.142, 4.027, 4.741, 5.218, 5.5, 5.688, 5.11, 4.735, 3.541, 1.916, 2.461, 2.885, 3.462, 4.02, 4.414, 4.688, 4.979, 4.671, 4.69, 5.162, 5.1, 4.867, 5.242], [2.53, 2.641, 2.592, 2.751, 3.041, 2.594, 2.606, 2.262, 1.321, 1.39, 1.42, 1.84, 1.964, 1.807, 1.559, 0.913, 0.67, 0.0, 0.56, 0.738, 1.136, 1.373, 1.637, 1.859, 1.87, 3.146, 2.967, 2.876, 2.886, 3.582, 3.671, 3.484, 2.684, 2.594, 2.842, 3.153, 3.638, 3.574, 3.816, 4.719, 4.893, 4.435, 3.597, 2.713, 2.526, 2.667, 2.934, 2.905, 3.119, 2.975, 2.386, 1.837, 1.906, 2.1, 2.384, 3.344, 3.873, 3.748, 4.032, 3.719, 3.016, 3.2, 3.752, 4.049, 3.932, 4.646, 5.122, 5.404, 5.578, 4.997, 4.654, 3.566, 1.846, 2.412, 2.865, 3.446, 3.968, 4.311, 4.595, 4.889, 4.616, 4.612, 5.078, 5.087, 4.834, 5.158], [2.698, 2.816, 2.761, 2.853, 3.222, 2.813, 2.7, 2.308, 1.461, 1.544, 1.545, 1.898, 2.077, 1.865, 1.387, 0.837, 0.715, 0.56, 0.0, 0.772, 1.302, 1.55, 1.872, 2.092, 1.865, 3.022, 2.856, 2.792, 2.648, 3.288, 3.377, 3.197, 2.523, 2.49, 2.689, 2.941, 3.422, 3.42, 3.72, 4.73, 4.958, 4.502, 3.667, 2.606, 2.608, 2.788, 3.088, 2.994, 3.244, 3.16, 2.604, 2.081, 2.121, 2.253, 2.524, 3.529, 4.156, 4.024, 4.274, 3.951, 3.258, 3.433, 4.027, 4.331, 4.225, 4.945, 5.424, 5.711, 5.867, 5.28, 4.901, 3.79, 2.022, 2.564, 3.018, 3.593, 4.165, 4.599, 4.841, 5.109, 4.811, 4.846, 5.309, 5.303, 5.102, 5.46], [2.615, 2.719, 2.659, 2.692, 3.017, 2.656, 2.58, 2.241, 1.395, 1.306, 1.386, 1.775, 1.946, 1.753, 1.576, 1.131, 0.883, 0.738, 0.772, 0.0, 0.995, 1.33, 1.639, 1.93, 1.914, 3.082, 2.81, 2.784, 2.742, 3.474, 3.525, 3.332, 2.565, 2.532, 2.755, 3.074, 3.527, 3.449, 3.864, 4.766, 4.942, 4.548, 3.689, 2.685, 2.46, 2.756, 3.04, 2.825, 3.109, 2.901, 2.352, 1.869, 1.956, 2.1, 2.238, 3.252, 3.907, 3.736, 4.068, 3.627, 2.921, 3.116, 3.697, 4.003, 3.883, 4.595, 5.072, 5.355, 5.533, 4.933, 4.518, 3.509, 1.932, 2.511, 2.978, 3.441, 3.906, 4.246, 4.525, 4.816, 4.544, 4.497, 4.943, 4.967, 4.735, 5.081], [2.5, 2.647, 2.598, 2.574, 2.859, 2.651, 2.68, 2.358, 1.312, 1.153, 1.52, 1.81, 2.043, 2.102, 2.195, 1.612, 1.26, 1.136, 1.302, 0.995, 0.0, 0.683, 1.032, 1.278, 1.709, 3.076, 2.88, 2.817, 3.118, 3.955, 3.919, 3.757, 2.899, 2.601, 2.863, 3.384, 3.694, 3.443, 3.716, 4.525, 4.68, 4.059, 3.124, 2.447, 2.153, 2.117, 2.561, 2.578, 2.544, 2.326, 1.879, 1.508, 1.597, 1.725, 1.674, 2.565, 3.145, 2.921, 3.309, 2.995, 2.283, 2.398, 3.007, 3.296, 3.187, 3.899, 4.376, 4.659, 4.833, 4.273, 3.897, 3.136, 2.021, 2.651, 2.908, 3.137, 3.441, 3.621, 3.865, 4.184, 4.09, 3.984, 4.291, 4.414, 4.118, 4.416], [2.599, 2.859, 2.793, 2.734, 3.053, 2.772, 2.809, 2.547, 1.567, 1.383, 1.752, 2.064, 2.303, 2.394, 2.448, 1.808, 1.494, 1.373, 1.55, 1.33, 0.683, 0.0, 0.781, 0.995, 1.613, 3.013, 2.837, 2.838, 3.218, 4.05, 3.939, 3.805, 2.982, 2.631, 2.848, 3.429, 3.646, 3.246, 3.521, 4.252, 4.353, 3.744, 2.847, 2.422, 2.022, 1.885, 2.337, 2.343, 2.28, 1.962, 1.83, 1.631, 1.74, 1.696, 1.62, 2.341, 2.872, 2.807, 3.09, 2.888, 2.265, 2.348, 2.91, 3.174, 3.06, 3.757, 4.235, 4.518, 4.714, 4.149, 3.782, 3.174, 2.296, 2.923, 3.106, 3.284, 3.561, 3.579, 3.851, 4.185, 4.176, 3.956, 4.248, 4.398, 4.002, 4.211], [2.748, 2.997, 2.918, 2.866, 3.19, 2.912, 2.867, 2.595, 1.887, 1.683, 1.763, 2.091, 2.442, 2.663, 2.782, 2.168, 1.673, 1.637, 1.872, 1.639, 1.032, 0.781, 0.0, 0.919, 1.533, 2.941, 2.786, 2.938, 3.267, 4.149, 4.037, 3.875, 3.052, 2.596, 2.835, 3.516, 3.721, 3.145, 3.44, 4.254, 4.365, 3.787, 2.959, 2.521, 1.945, 1.972, 2.508, 2.644, 2.551, 2.19, 2.052, 1.934, 2.062, 2.002, 1.971, 2.365, 2.96, 2.684, 2.932, 2.827, 2.434, 2.35, 2.846, 3.145, 3.045, 3.677, 4.126, 4.411, 4.578, 4.008, 3.714, 3.2, 2.584, 3.108, 3.182, 3.374, 3.646, 3.63, 3.906, 4.173, 4.228, 4.036, 4.32, 4.437, 3.958, 4.171], [3.179, 3.404, 3.365, 3.272, 3.548, 3.357, 3.543, 3.227, 2.057, 1.891, 2.42, 2.735, 2.965, 3.063, 2.936, 2.379, 1.93, 1.859, 2.092, 1.93, 1.278, 0.995, 0.919, 0.0, 1.42, 2.877, 2.686, 2.842, 3.323, 4.236, 4.075, 3.952, 3.078, 2.568, 2.833, 3.593, 3.717, 2.778, 2.94, 3.639, 3.702, 3.102, 2.501, 2.309, 1.644, 1.469, 1.989, 2.126, 1.877, 1.685, 1.742, 1.821, 1.855, 1.867, 1.723, 2.316, 2.785, 2.664, 2.914, 2.875, 2.409, 2.477, 2.912, 3.167, 3.107, 3.602, 4.078, 4.339, 4.517, 3.97, 3.753, 3.326, 2.851, 3.498, 3.619, 3.653, 3.911, 3.844, 4.116, 4.364, 4.463, 4.272, 4.454, 4.601, 4.069, 4.233], [3.805, 4.048, 4.008, 4.023, 4.31, 3.976, 3.99, 3.698, 2.549, 2.429, 2.853, 3.23, 3.455, 3.292, 2.614, 1.996, 1.882, 1.87, 1.865, 1.914, 1.709, 1.613, 1.533, 1.42, 0.0, 1.907, 1.687, 1.856, 2.275, 3.132, 2.979, 2.818, 2.072, 1.668, 1.859, 2.41, 2.668, 2.04, 2.428, 3.094, 3.255, 2.967, 2.309, 1.763, 1.909, 2.135, 2.307, 2.522, 2.56, 2.573, 2.479, 2.332, 2.294, 2.326, 2.523, 3.237, 3.828, 3.77, 4.013, 3.866, 3.403, 3.463, 3.991, 4.262, 4.215, 4.803, 5.232, 5.5, 5.666, 5.098, 4.796, 4.318, 3.339, 3.933, 4.241, 4.487, 4.848, 4.892, 5.163, 5.375, 5.423, 5.249, 5.531, 5.602, 5.14, 5.307], [5.351, 5.626, 5.566, 5.508, 5.82, 5.56, 5.478, 5.15, 4.108, 3.914, 4.296, 4.695, 4.887, 4.635, 3.862, 3.17, 3.17, 3.146, 3.022, 3.082, 3.076, 3.013, 2.941, 2.877, 1.907, 0.0, 0.873, 1.21, 1.708, 1.898, 1.698, 1.532, 1.237, 1.39, 1.159, 1.476, 1.524, 1.854, 2.481, 2.329, 2.951, 3.571, 2.623, 2.404, 2.769, 3.36, 3.73, 3.776, 3.846, 3.954, 3.988, 3.758, 3.757, 3.804, 3.999, 4.736, 5.245, 5.283, 5.555, 5.468, 4.88, 4.969, 5.518, 5.838, 5.762, 6.334, 6.802, 7.074, 7.249, 6.671, 6.389, 5.86, 4.825, 5.377, 5.836, 6.076, 6.378, 6.303, 6.574, 6.885, 6.925, 6.736, 7.018, 7.162, 6.723, 6.887], [5.072, 5.296, 5.225, 5.179, 5.506, 5.223, 5.169, 4.763, 3.71, 3.536, 3.922, 4.309, 4.524, 4.257, 3.516, 2.976, 2.924, 2.967, 2.856, 2.81, 2.88, 2.837, 2.786, 2.686, 1.687, 0.873, 0.0, 1.176, 1.798, 2.034, 1.843, 1.606, 1.192, 1.093, 1.022, 1.58, 1.753, 1.671, 2.53, 2.431, 2.787, 3.34, 2.37, 1.953, 2.46, 3.278, 3.647, 3.697, 3.733, 3.873, 3.792, 3.5, 3.434, 3.48, 3.705, 4.625, 5.105, 5.117, 5.399, 5.201, 4.644, 4.757, 5.287, 5.629, 5.524, 6.16, 6.637, 6.921, 7.097, 6.512, 6.087, 5.459, 4.485, 5.072, 5.545, 5.778, 6.109, 6.112, 6.355, 6.564, 6.594, 6.529, 6.781, 6.814, 6.388, 6.596], [4.809, 5.075, 5.002, 4.923, 5.282, 4.986, 4.949, 4.688, 3.55, 3.332, 3.755, 4.181, 4.375, 4.142, 3.36, 2.747, 2.8, 2.876, 2.792, 2.784, 2.817, 2.838, 2.938, 2.842, 1.856, 1.21, 1.176, 0.0, 1.16, 1.639, 1.528, 1.402, 1.304, 1.504, 1.192, 1.656, 1.856, 1.981, 2.559, 2.483, 3.052, 3.782, 2.856, 1.994, 2.642, 3.155, 3.457, 3.489, 3.569, 3.868, 3.858, 3.424, 3.371, 3.48, 3.61, 4.598, 5.235, 5.246, 5.529, 5.27, 4.596, 4.737, 5.337, 5.678, 5.568, 6.239, 6.696, 6.995, 7.198, 6.603, 6.182, 5.192, 4.347, 4.971, 5.332, 5.642, 5.972, 6.115, 6.274, 6.497, 6.39, 6.37, 6.582, 6.563, 6.364, 6.526], [5.009, 5.241, 5.182, 5.141, 5.478, 5.177, 4.995, 4.637, 3.691, 3.562, 3.744, 4.162, 4.343, 4.023, 3.17, 2.743, 2.839, 2.886, 2.648, 2.742, 3.118, 3.218, 3.267, 3.323, 2.275, 1.708, 1.798, 1.16, 0.0, 1.173, 1.421, 1.394, 1.446, 1.797, 1.629, 1.866, 2.052, 2.49, 2.896, 3.357, 3.793, 4.465, 3.593, 2.489, 3.079, 3.58, 3.873, 3.938, 4.177, 4.358, 4.356, 3.853, 3.823, 3.899, 4.029, 5.045, 5.773, 5.733, 6.016, 5.755, 5.057, 5.204, 5.832, 6.152, 6.017, 6.733, 7.213, 7.508, 7.668, 7.109, 6.639, 5.578, 4.379, 4.971, 5.478, 5.878, 6.301, 6.574, 6.732, 6.95, 6.684, 6.74, 7.018, 7.045, 6.835, 7.072], [5.536, 5.764, 5.705, 5.685, 6.024, 5.729, 5.434, 5.029, 4.215, 4.141, 4.246, 4.639, 4.769, 4.404, 3.608, 3.225, 3.469, 3.582, 3.288, 3.474, 3.955, 4.05, 4.149, 4.236, 3.132, 1.898, 2.034, 1.639, 1.173, 0.0, 0.951, 1.042, 1.548, 2.282, 1.762, 1.566, 1.764, 2.832, 3.489, 3.559, 4.106, 4.779, 3.843, 2.905, 3.611, 4.423, 4.785, 4.822, 4.906, 5.304, 5.332, 4.814, 4.778, 4.85, 4.995, 5.991, 6.684, 6.714, 6.996, 6.735, 6.048, 6.171, 6.816, 7.143, 6.998, 7.71, 8.187, 8.475, 8.658, 8.079, 7.622, 6.294, 4.88, 5.415, 6.043, 6.598, 7.081, 7.437, 7.643, 7.897, 7.561, 7.626, 7.95, 7.918, 7.759, 8.018], [5.693, 5.94, 5.88, 5.872, 6.174, 5.891, 5.709, 5.401, 4.393, 4.196, 4.489, 4.93, 5.108, 4.749, 3.899, 3.351, 3.572, 3.671, 3.377, 3.525, 3.919, 3.939, 4.037, 4.075, 2.979, 1.698, 1.843, 1.528, 1.421, 0.951, 0.0, 0.661, 1.565, 2.149, 1.577, 1.449, 1.524, 2.649, 3.286, 3.103, 3.514, 4.176, 3.259, 2.484, 3.293, 4.267, 4.609, 4.642, 4.771, 5.171, 5.2, 4.693, 4.675, 4.762, 4.909, 5.855, 6.53, 6.562, 6.842, 6.588, 5.9, 6.023, 6.676, 7.0, 6.876, 7.579, 8.056, 8.338, 8.518, 7.934, 7.482, 6.263, 5.095, 5.695, 6.217, 6.678, 7.076, 7.287, 7.492, 7.777, 7.59, 7.601, 7.813, 7.784, 7.62, 7.873], [5.58, 5.819, 5.76, 5.754, 6.05, 5.758, 5.485, 5.111, 4.238, 4.07, 4.261, 4.64, 4.836, 4.477, 3.631, 3.192, 3.405, 3.484, 3.197, 3.332, 3.757, 3.805, 3.875, 3.952, 2.818, 1.532, 1.606, 1.402, 1.394, 1.042, 0.661, 0.0, 1.286, 1.871, 1.358, 1.299, 1.357, 2.51, 3.228, 2.996, 3.359, 4.029, 3.11, 2.322, 3.16, 4.163, 4.517, 4.554, 4.66, 5.046, 5.075, 4.56, 4.54, 4.611, 4.757, 5.727, 6.41, 6.439, 6.722, 6.461, 5.774, 5.89, 6.551, 6.866, 6.751, 7.455, 7.932, 8.216, 8.394, 7.822, 7.358, 6.183, 4.895, 5.426, 6.085, 6.559, 6.973, 7.144, 7.382, 7.641, 7.51, 7.512, 7.701, 7.69, 7.513, 7.764], [4.889, 5.12, 5.057, 5.021, 5.331, 5.063, 4.859, 4.338, 3.559, 3.356, 3.539, 3.805, 3.972, 3.702, 3.057, 2.638, 2.701, 2.684, 2.523, 2.565, 2.899, 2.982, 3.052, 3.078, 2.072, 1.237, 1.192, 1.304, 1.446, 1.548, 1.565, 1.286, 0.0, 0.96, 0.8, 1.178, 1.44, 1.97, 2.786, 2.934, 3.384, 3.926, 3.031, 2.209, 2.913, 3.686, 4.04, 4.08, 4.102, 4.253, 4.205, 3.715, 3.72, 3.886, 4.069, 5.085, 5.589, 5.582, 5.856, 5.589, 4.894, 5.011, 5.653, 6.006, 5.886, 6.575, 7.03, 7.326, 7.499, 6.926, 6.501, 5.453, 4.147, 4.602, 5.258, 5.687, 6.024, 6.316, 6.554, 6.832, 6.611, 6.582, 6.835, 6.827, 6.641, 6.936], [4.783, 5.05, 4.967, 4.878, 5.209, 4.98, 4.863, 4.385, 3.467, 3.342, 3.523, 3.848, 3.953, 3.697, 3.159, 2.644, 2.601, 2.594, 2.49, 2.532, 2.601, 2.631, 2.596, 2.568, 1.668, 1.39, 1.093, 1.504, 1.797, 2.282, 2.149, 1.871, 0.96, 0.0, 0.964, 1.636, 1.798, 1.715, 2.445, 2.864, 3.02, 3.383, 2.547, 1.801, 2.462, 3.16, 3.488, 3.523, 3.595, 3.707, 3.53, 3.159, 3.116, 3.332, 3.539, 4.47, 4.934, 4.882, 5.156, 4.92, 4.276, 4.41, 4.967, 5.3, 5.182, 5.875, 6.352, 6.653, 6.815, 6.224, 5.794, 5.066, 4.081, 4.589, 5.166, 5.411, 5.7, 5.801, 6.021, 6.246, 6.189, 6.145, 6.305, 6.361, 6.038, 6.234], [4.957, 5.207, 5.13, 5.088, 5.394, 5.15, 5.052, 4.61, 3.637, 3.453, 3.654, 4.026, 4.216, 3.935, 3.285, 2.753, 2.759, 2.842, 2.689, 2.755, 2.863, 2.848, 2.835, 2.833, 1.859, 1.159, 1.022, 1.192, 1.629, 1.762, 1.577, 1.358, 0.8, 0.964, 0.0, 1.274, 1.439, 1.666, 2.534, 2.598, 3.107, 3.671, 2.777, 2.072, 2.736, 3.513, 3.822, 3.861, 3.893, 4.077, 3.995, 3.61, 3.559, 3.714, 3.919, 4.864, 5.329, 5.329, 5.598, 5.345, 4.72, 4.818, 5.436, 5.757, 5.657, 6.346, 6.809, 7.081, 7.269, 6.674, 6.248, 5.396, 4.235, 4.786, 5.35, 5.619, 5.99, 6.152, 6.406, 6.689, 6.541, 6.53, 6.657, 6.621, 6.373, 6.629], [5.44, 5.644, 5.621, 5.667, 5.961, 5.571, 5.305, 4.807, 4.099, 3.955, 4.066, 4.237, 4.429, 4.152, 3.46, 2.97, 3.146, 3.153, 2.941, 3.074, 3.384, 3.429, 3.516, 3.593, 2.41, 1.476, 1.58, 1.656, 1.866, 1.566, 1.449, 1.299, 1.178, 1.636, 1.274, 0.0, 1.034, 2.163, 3.024, 3.028, 3.555, 4.139, 3.18, 2.628, 3.212, 3.984, 4.288, 4.332, 4.422, 4.741, 4.744, 4.32, 4.334, 4.42, 4.538, 5.407, 6.037, 6.077, 6.349, 6.111, 5.451, 5.57, 6.199, 6.512, 6.41, 7.115, 7.586, 7.862, 8.044, 7.45, 7.019, 6.241, 4.638, 5.06, 5.802, 6.157, 6.549, 6.844, 7.109, 7.404, 7.173, 7.062, 7.437, 7.469, 7.19, 7.443], [5.954, 6.152, 6.128, 6.164, 6.439, 6.071, 5.817, 5.355, 4.597, 4.455, 4.609, 4.85, 5.024, 4.721, 4.018, 3.498, 3.661, 3.638, 3.422, 3.527, 3.694, 3.646, 3.721, 3.717, 2.668, 1.524, 1.753, 1.856, 2.052, 1.764, 1.524, 1.357, 1.44, 1.798, 1.439, 1.034, 0.0, 1.909, 2.704, 2.568, 3.106, 3.738, 2.867, 2.821, 3.427, 4.095, 4.361, 4.262, 4.302, 4.608, 4.826, 4.596, 4.627, 4.741, 4.824, 5.447, 5.99, 6.119, 6.368, 6.253, 5.583, 5.548, 6.099, 6.393, 6.29, 6.923, 7.417, 7.701, 7.951, 7.428, 7.196, 6.698, 5.169, 5.623, 6.311, 6.56, 6.901, 6.924, 7.298, 7.616, 7.533, 7.141, 7.492, 7.742, 7.411, 7.516], [5.751, 6.046, 5.98, 5.89, 6.192, 5.925, 5.884, 5.51, 4.476, 4.307, 4.568, 4.946, 5.124, 4.841, 4.044, 3.483, 3.482, 3.574, 3.42, 3.449, 3.443, 3.246, 3.145, 2.778, 2.04, 1.854, 1.671, 1.981, 2.49, 2.832, 2.649, 2.51, 1.97, 1.715, 1.666, 2.163, 1.909, 0.0, 1.364, 1.703, 2.071, 2.837, 2.57, 2.574, 2.74, 2.991, 3.187, 2.997, 2.998, 3.418, 3.923, 3.984, 3.901, 3.929, 4.055, 4.57, 4.933, 5.155, 5.39, 5.343, 4.911, 4.885, 5.216, 5.435, 5.369, 5.599, 6.142, 6.375, 6.752, 6.358, 6.293, 5.883, 5.106, 5.715, 6.147, 6.261, 6.481, 6.385, 6.656, 6.937, 7.014, 6.595, 6.692, 7.025, 6.5, 6.322], [5.975, 6.279, 6.223, 6.115, 6.419, 6.178, 6.208, 5.928, 4.797, 4.605, 4.943, 5.35, 5.558, 5.296, 4.513, 3.748, 3.783, 3.816, 3.72, 3.864, 3.716, 3.521, 3.44, 2.94, 2.428, 2.481, 2.53, 2.559, 2.896, 3.489, 3.286, 3.228, 2.786, 2.445, 2.534, 3.024, 2.704, 1.364, 0.0, 1.363, 1.955, 2.609, 2.939, 2.73, 2.763, 2.605, 2.619, 2.506, 2.516, 3.061, 3.772, 3.881, 3.782, 3.797, 3.937, 4.192, 4.576, 4.88, 5.089, 5.094, 4.866, 4.85, 5.082, 5.269, 5.226, 5.287, 5.768, 5.947, 6.187, 5.958, 6.115, 5.754, 5.475, 6.116, 6.415, 6.493, 6.604, 6.496, 6.689, 6.85, 6.968, 6.548, 6.602, 6.962, 6.386, 6.198], [6.595, 6.923, 6.966, 6.834, 7.106, 6.898, 7.009, 6.791, 5.586, 5.38, 5.814, 6.235, 6.451, 6.254, 5.445, 4.753, 4.756, 4.719, 4.73, 4.766, 4.525, 4.252, 4.254, 3.639, 3.094, 2.329, 2.431, 2.483, 3.357, 3.559, 3.103, 2.996, 2.934, 2.864, 2.598, 3.028, 2.568, 1.703, 1.363, 0.0, 1.138, 2.189, 2.59, 3.076, 3.103, 2.994, 2.783, 2.737, 2.718, 3.328, 4.175, 4.339, 4.179, 4.161, 4.314, 4.542, 4.86, 5.19, 5.402, 5.411, 5.331, 5.312, 5.469, 5.673, 5.632, 5.63, 6.125, 6.29, 6.501, 6.291, 6.454, 6.254, 6.323, 6.969, 7.149, 7.061, 7.044, 6.94, 7.153, 7.281, 7.431, 6.989, 7.037, 7.412, 6.826, 6.574], [6.535, 6.877, 6.987, 6.862, 7.062, 6.886, 7.11, 6.869, 5.656, 5.478, 5.977, 6.346, 6.59, 6.427, 5.57, 4.909, 4.96, 4.893, 4.958, 4.942, 4.68, 4.353, 4.365, 3.702, 3.255, 2.951, 2.787, 3.052, 3.793, 4.106, 3.514, 3.359, 3.384, 3.02, 3.107, 3.555, 3.106, 2.071, 1.955, 1.138, 0.0, 1.426, 2.024, 2.896, 3.114, 2.983, 2.644, 2.537, 2.56, 3.233, 4.082, 4.256, 4.103, 4.094, 4.22, 4.424, 4.814, 5.106, 5.318, 5.334, 5.241, 5.214, 5.376, 5.576, 5.585, 5.546, 6.074, 6.279, 6.484, 6.188, 6.351, 6.159, 6.421, 7.114, 7.193, 7.029, 6.996, 6.887, 7.072, 7.196, 7.352, 6.93, 6.99, 7.341, 6.763, 6.492], [5.886, 6.223, 6.344, 6.219, 6.405, 6.244, 6.46, 6.212, 5.0, 4.838, 5.394, 5.722, 5.951, 5.848, 5.092, 4.484, 4.428, 4.435, 4.502, 4.548, 4.059, 3.744, 3.787, 3.102, 2.967, 3.571, 3.34, 3.782, 4.465, 4.779, 4.176, 4.029, 3.926, 3.383, 3.671, 4.139, 3.738, 2.837, 2.609, 2.189, 1.426, 0.0, 1.472, 2.473, 2.608, 2.314, 2.255, 2.414, 2.258, 2.555, 3.373, 3.608, 3.425, 3.369, 3.494, 3.675, 4.071, 4.358, 4.563, 4.602, 4.556, 4.501, 4.676, 4.87, 4.933, 4.928, 5.432, 5.627, 5.851, 5.458, 5.598, 5.513, 5.807, 6.497, 6.579, 6.402, 6.358, 6.217, 6.375, 6.492, 6.694, 6.264, 6.405, 6.715, 6.099, 5.945], [4.964, 5.283, 5.313, 5.188, 5.455, 5.238, 5.449, 5.167, 3.981, 3.922, 4.556, 4.836, 5.03, 5.012, 4.392, 3.669, 3.588, 3.597, 3.667, 3.689, 3.124, 2.847, 2.959, 2.501, 2.309, 2.623, 2.37, 2.856, 3.593, 3.843, 3.259, 3.11, 3.031, 2.547, 2.777, 3.18, 2.867, 2.57, 2.939, 2.59, 2.024, 1.472, 0.0, 1.659, 2.253, 2.543, 2.776, 2.852, 2.629, 2.836, 3.114, 2.985, 2.938, 3.027, 3.104, 3.645, 4.223, 4.318, 4.596, 4.494, 3.921, 3.914, 4.391, 4.636, 4.555, 5.146, 5.623, 5.908, 6.159, 5.667, 5.437, 5.024, 4.949, 5.611, 5.6, 5.533, 5.638, 5.52, 5.727, 5.896, 6.069, 5.704, 5.923, 6.211, 5.693, 5.8], [4.296, 4.567, 4.54, 4.427, 4.768, 4.495, 4.472, 4.162, 3.048, 2.966, 3.355, 3.721, 3.941, 3.758, 3.132, 2.534, 2.593, 2.713, 2.606, 2.685, 2.447, 2.422, 2.521, 2.309, 1.763, 2.404, 1.953, 1.994, 2.489, 2.905, 2.484, 2.322, 2.209, 1.801, 2.072, 2.628, 2.821, 2.574, 2.73, 3.076, 2.896, 2.473, 1.659, 0.0, 1.56, 2.218, 2.755, 3.034, 2.862, 3.133, 3.153, 2.785, 2.689, 2.687, 2.753, 3.743, 4.444, 4.473, 4.756, 4.495, 3.867, 4.028, 4.582, 4.897, 4.787, 5.449, 5.925, 6.225, 6.42, 5.839, 5.371, 4.418, 3.956, 4.566, 4.915, 5.165, 5.404, 5.53, 5.592, 5.745, 5.728, 5.733, 5.9, 5.865, 5.573, 5.851], [3.992, 4.273, 4.28, 4.165, 4.478, 4.229, 4.257, 4.019, 3.045, 2.731, 3.151, 3.568, 3.77, 3.545, 3.28, 2.634, 2.525, 2.526, 2.608, 2.46, 2.153, 2.022, 1.945, 1.644, 1.909, 2.769, 2.46, 2.642, 3.079, 3.611, 3.293, 3.16, 2.913, 2.462, 2.736, 3.212, 3.427, 2.74, 2.763, 3.103, 3.114, 2.608, 2.253, 1.56, 0.0, 1.481, 2.003, 2.326, 2.205, 2.355, 2.661, 2.534, 2.448, 2.37, 2.355, 2.969, 3.588, 3.628, 3.888, 3.777, 3.509, 3.503, 3.948, 4.173, 4.143, 4.682, 5.093, 5.342, 5.536, 4.957, 4.654, 4.034, 3.878, 4.504, 4.678, 4.812, 4.911, 4.897, 5.118, 5.337, 5.391, 5.287, 5.495, 5.529, 5.065, 5.157], [4.131, 4.442, 4.433, 4.318, 4.608, 4.379, 4.433, 4.202, 3.017, 2.942, 3.374, 3.702, 3.879, 3.904, 3.511, 2.933, 2.699, 2.667, 2.788, 2.756, 2.117, 1.885, 1.972, 1.469, 2.135, 3.36, 3.278, 3.155, 3.58, 4.423, 4.267, 4.163, 3.686, 3.16, 3.513, 3.984, 4.095, 2.991, 2.605, 2.994, 2.983, 2.314, 2.543, 2.218, 1.481, 0.0, 1.031, 1.415, 1.281, 1.32, 1.936, 2.1, 1.999, 1.781, 1.812, 2.267, 2.693, 2.945, 3.125, 3.175, 2.985, 3.124, 3.343, 3.566, 3.402, 3.734, 4.209, 4.449, 4.632, 4.111, 4.093, 3.844, 3.91, 4.548, 4.772, 4.806, 4.805, 4.607, 4.747, 4.916, 5.134, 4.867, 4.992, 5.25, 4.643, 4.524], [4.428, 4.743, 4.826, 4.697, 4.937, 4.746, 4.931, 4.687, 3.489, 3.375, 3.859, 4.202, 4.435, 4.311, 3.789, 3.151, 3.017, 2.934, 3.088, 3.04, 2.561, 2.337, 2.508, 1.989, 2.307, 3.73, 3.647, 3.457, 3.873, 4.785, 4.609, 4.517, 4.04, 3.488, 3.822, 4.288, 4.361, 3.187, 2.619, 2.783, 2.644, 2.255, 2.776, 2.755, 2.003, 1.031, 0.0, 0.918, 1.124, 1.447, 1.978, 2.135, 1.949, 1.849, 2.032, 2.202, 2.743, 2.895, 3.136, 3.18, 3.115, 3.129, 3.43, 3.658, 3.587, 3.669, 4.151, 4.388, 4.48, 4.073, 4.156, 4.062, 4.335, 5.026, 5.148, 5.048, 4.942, 4.803, 4.915, 5.054, 5.292, 4.955, 5.083, 5.393, 4.754, 4.55], [4.302, 4.658, 4.78, 4.652, 4.844, 4.686, 4.911, 4.68, 3.472, 3.352, 3.875, 4.194, 4.417, 4.276, 3.748, 3.093, 3.075, 2.905, 2.994, 2.825, 2.578, 2.343, 2.644, 2.126, 2.522, 3.776, 3.697, 3.489, 3.938, 4.822, 4.642, 4.554, 4.08, 3.523, 3.861, 4.332, 4.262, 2.997, 2.506, 2.737, 2.537, 2.414, 2.852, 3.034, 2.326, 1.415, 0.918, 0.0, 0.977, 1.43, 1.95, 2.175, 2.013, 1.968, 2.082, 2.241, 2.7, 2.943, 3.259, 3.182, 3.176, 3.164, 3.38, 3.591, 3.483, 3.547, 4.072, 4.307, 4.441, 4.057, 4.188, 4.106, 4.308, 5.01, 5.105, 4.927, 4.967, 4.813, 4.986, 5.113, 5.351, 4.961, 5.094, 5.41, 4.779, 4.522], [4.238, 4.597, 4.723, 4.594, 4.788, 4.632, 4.854, 4.578, 3.424, 3.298, 3.887, 4.186, 4.375, 4.314, 3.917, 3.35, 3.144, 3.119, 3.244, 3.109, 2.544, 2.28, 2.551, 1.877, 2.56, 3.846, 3.733, 3.569, 4.177, 4.906, 4.771, 4.66, 4.102, 3.595, 3.893, 4.422, 4.302, 2.998, 2.516, 2.718, 2.56, 2.258, 2.629, 2.862, 2.205, 1.281, 1.124, 0.977, 0.0, 1.169, 1.919, 2.19, 2.032, 1.977, 1.943, 2.213, 2.561, 2.889, 3.168, 3.104, 3.043, 3.045, 3.236, 3.508, 3.417, 3.522, 4.002, 4.247, 4.37, 3.998, 4.156, 4.007, 4.32, 4.949, 4.979, 4.782, 4.806, 4.707, 4.903, 5.02, 5.206, 4.789, 4.946, 5.278, 4.631, 4.402], [3.732, 4.103, 4.226, 4.09, 4.295, 4.131, 4.363, 4.058, 3.078, 2.918, 3.477, 3.75, 3.902, 4.073, 3.959, 3.374, 2.997, 2.975, 3.16, 2.901, 2.326, 1.962, 2.19, 1.685, 2.573, 3.954, 3.873, 3.868, 4.358, 5.304, 5.171, 5.046, 4.253, 3.707, 4.077, 4.741, 4.608, 3.418, 3.061, 3.328, 3.233, 2.555, 2.836, 3.133, 2.355, 1.32, 1.447, 1.43, 1.169, 0.0, 1.35, 1.757, 1.637, 1.558, 1.368, 1.528, 1.9, 2.13, 2.25, 2.352, 2.361, 2.41, 2.532, 2.693, 2.812, 2.796, 3.154, 3.412, 3.588, 3.143, 3.248, 3.308, 3.982, 4.586, 4.532, 4.328, 4.115, 3.984, 4.116, 4.229, 4.434, 4.024, 4.129, 4.47, 3.804, 3.631], [3.03, 3.411, 3.428, 3.254, 3.437, 3.315, 3.697, 3.559, 2.471, 2.441, 2.808, 2.971, 3.166, 3.447, 3.648, 2.969, 2.447, 2.386, 2.604, 2.352, 1.879, 1.83, 2.052, 1.742, 2.479, 3.988, 3.792, 3.858, 4.356, 5.332, 5.2, 5.075, 4.205, 3.53, 3.995, 4.744, 4.826, 3.923, 3.772, 4.175, 4.082, 3.373, 3.114, 3.153, 2.661, 1.936, 1.978, 1.95, 1.919, 1.35, 0.0, 0.86, 0.862, 1.014, 1.07, 1.544, 2.062, 1.981, 2.18, 1.958, 1.464, 1.613, 1.741, 2.04, 2.258, 2.589, 2.903, 3.222, 3.432, 2.861, 2.634, 2.472, 3.083, 3.585, 3.637, 3.423, 3.193, 3.059, 3.183, 3.296, 3.498, 3.288, 3.459, 3.683, 3.072, 3.125], [2.64, 2.949, 3.036, 2.869, 3.048, 2.865, 3.341, 3.067, 1.995, 1.991, 2.414, 2.711, 2.841, 3.066, 3.129, 2.448, 2.012, 1.837, 2.081, 1.869, 1.508, 1.631, 1.934, 1.821, 2.332, 3.758, 3.5, 3.424, 3.853, 4.814, 4.693, 4.56, 3.715, 3.159, 3.61, 4.32, 4.596, 3.984, 3.881, 4.339, 4.256, 3.608, 2.985, 2.785, 2.534, 2.1, 2.135, 2.175, 2.19, 1.757, 0.86, 0.0, 0.694, 0.832, 1.047, 1.958, 2.557, 2.388, 2.594, 2.265, 1.491, 1.768, 2.163, 2.399, 2.506, 3.04, 3.423, 3.73, 3.908, 3.322, 2.988, 2.341, 2.793, 3.326, 3.368, 3.216, 3.112, 3.098, 3.225, 3.358, 3.44, 3.325, 3.534, 3.669, 3.26, 3.52], [2.869, 3.217, 3.232, 3.127, 3.324, 3.192, 3.553, 3.279, 2.048, 2.172, 2.66, 2.874, 2.977, 3.172, 3.124, 2.431, 2.079, 1.906, 2.121, 1.956, 1.597, 1.74, 2.062, 1.855, 2.294, 3.757, 3.434, 3.371, 3.823, 4.778, 4.675, 4.54, 3.72, 3.116, 3.559, 4.334, 4.627, 3.901, 3.782, 4.179, 4.103, 3.425, 2.938, 2.689, 2.448, 1.999, 1.949, 2.013, 2.032, 1.637, 0.862, 0.694, 0.0, 0.813, 1.069, 1.959, 2.498, 2.308, 2.631, 2.2, 1.655, 1.826, 2.212, 2.493, 2.626, 3.081, 3.475, 3.79, 3.974, 3.378, 3.073, 2.459, 2.938, 3.511, 3.539, 3.508, 3.364, 3.369, 3.446, 3.525, 3.691, 3.687, 3.795, 3.88, 3.431, 3.645], [2.841, 3.147, 3.297, 3.067, 3.298, 3.098, 3.379, 3.25, 2.133, 2.061, 2.736, 2.934, 3.029, 3.188, 3.214, 2.6, 2.252, 2.1, 2.253, 2.1, 1.725, 1.696, 2.002, 1.867, 2.326, 3.804, 3.48, 3.48, 3.899, 4.85, 4.762, 4.611, 3.886, 3.332, 3.714, 4.42, 4.741, 3.929, 3.797, 4.161, 4.094, 3.369, 3.027, 2.687, 2.37, 1.781, 1.849, 1.968, 1.977, 1.558, 1.014, 0.832, 0.813, 0.0, 0.816, 1.852, 2.444, 2.394, 2.712, 2.292, 1.944, 2.177, 2.383, 2.562, 2.539, 2.994, 3.395, 3.698, 3.89, 3.302, 2.897, 2.535, 3.066, 3.516, 3.551, 3.576, 3.531, 3.527, 3.605, 3.694, 3.806, 3.645, 3.897, 3.97, 3.404, 3.453], [2.659, 3.06, 3.238, 3.095, 3.222, 3.088, 3.347, 3.218, 2.161, 2.026, 2.669, 2.88, 3.011, 3.244, 3.364, 2.778, 2.404, 2.384, 2.524, 2.238, 1.674, 1.62, 1.971, 1.723, 2.523, 3.999, 3.705, 3.61, 4.029, 4.995, 4.909, 4.757, 4.069, 3.539, 3.919, 4.538, 4.824, 4.055, 3.937, 4.314, 4.22, 3.494, 3.104, 2.753, 2.355, 1.812, 2.032, 2.082, 1.943, 1.368, 1.07, 1.047, 1.069, 0.816, 0.0, 1.535, 2.172, 2.185, 2.471, 2.106, 1.643, 1.951, 2.193, 2.378, 2.508, 2.83, 3.233, 3.529, 3.729, 3.172, 2.734, 2.34, 3.125, 3.631, 3.612, 3.41, 3.272, 3.324, 3.34, 3.395, 3.571, 3.384, 3.545, 3.726, 3.094, 3.222], [3.206, 3.62, 3.929, 3.641, 3.737, 3.606, 4.031, 3.811, 3.148, 3.201, 3.427, 3.69, 3.914, 4.331, 4.491, 3.746, 3.342, 3.344, 3.529, 3.252, 2.565, 2.341, 2.365, 2.316, 3.237, 4.736, 4.625, 4.598, 5.045, 5.991, 5.855, 5.727, 5.085, 4.47, 4.864, 5.407, 5.447, 4.57, 4.192, 4.542, 4.424, 3.675, 3.645, 3.743, 2.969, 2.267, 2.202, 2.241, 2.213, 1.528, 1.544, 1.958, 1.959, 1.852, 1.535, 0.0, 1.152, 1.047, 1.263, 1.211, 1.751, 1.638, 1.843, 2.164, 2.72, 2.531, 2.397, 2.629, 2.76, 2.263, 2.325, 2.743, 4.151, 4.641, 4.258, 3.907, 3.497, 3.24, 3.38, 3.387, 3.576, 3.313, 3.321, 3.651, 2.949, 2.778], [3.363, 4.018, 4.311, 3.983, 4.028, 3.898, 4.488, 4.469, 3.692, 3.783, 4.048, 4.23, 4.507, 4.853, 5.154, 4.438, 4.033, 3.873, 4.156, 3.907, 3.145, 2.872, 2.96, 2.785, 3.828, 5.245, 5.105, 5.235, 5.773, 6.684, 6.53, 6.41, 5.589, 4.934, 5.329, 6.037, 5.99, 4.933, 4.576, 4.86, 4.814, 4.071, 4.223, 4.444, 3.588, 2.693, 2.743, 2.7, 2.561, 1.9, 2.062, 2.557, 2.498, 2.444, 2.172, 1.152, 0.0, 0.922, 1.075, 1.295, 2.057, 1.974, 1.969, 2.241, 3.005, 2.672, 2.211, 2.277, 2.568, 2.19, 2.548, 3.015, 4.666, 5.165, 4.604, 4.182, 3.694, 3.33, 3.418, 3.45, 3.706, 3.388, 3.412, 3.83, 3.102, 2.914], [3.267, 3.666, 3.936, 3.666, 3.738, 3.683, 4.205, 4.18, 3.523, 3.534, 3.68, 3.926, 4.162, 4.708, 5.016, 4.38, 3.81, 3.748, 4.024, 3.736, 2.921, 2.807, 2.684, 2.664, 3.77, 5.283, 5.117, 5.246, 5.733, 6.714, 6.562, 6.439, 5.582, 4.882, 5.329, 6.077, 6.119, 5.155, 4.88, 5.19, 5.106, 4.358, 4.318, 4.473, 3.628, 2.945, 2.895, 2.943, 2.889, 2.13, 1.981, 2.388, 2.308, 2.394, 2.185, 1.047, 0.922, 0.0, 0.821, 0.979, 1.921, 1.703, 1.733, 1.981, 2.662, 2.352, 1.92, 2.224, 2.523, 2.004, 2.189, 2.693, 4.451, 4.768, 4.039, 3.624, 3.218, 2.834, 3.015, 3.093, 3.382, 3.194, 3.099, 3.536, 2.778, 2.749], [3.248, 3.712, 3.933, 3.575, 3.554, 3.637, 4.255, 4.367, 3.831, 3.806, 3.843, 4.053, 4.326, 5.071, 5.362, 4.696, 4.116, 4.032, 4.274, 4.068, 3.309, 3.09, 2.932, 2.914, 4.013, 5.555, 5.399, 5.529, 6.016, 6.996, 6.842, 6.722, 5.856, 5.156, 5.598, 6.349, 6.368, 5.39, 5.089, 5.402, 5.318, 4.563, 4.596, 4.756, 3.888, 3.125, 3.136, 3.259, 3.168, 2.25, 2.18, 2.594, 2.631, 2.712, 2.471, 1.263, 1.075, 0.821, 0.0, 1.101, 2.039, 1.931, 1.932, 1.998, 2.776, 2.51, 2.055, 2.136, 2.363, 1.921, 2.207, 2.729, 4.656, 5.044, 4.258, 3.795, 3.307, 2.89, 2.988, 2.985, 3.179, 3.001, 2.933, 3.338, 2.604, 2.508], [2.959, 3.519, 3.836, 3.441, 3.303, 3.353, 4.066, 4.031, 3.411, 3.423, 3.441, 3.663, 3.893, 4.599, 5.009, 4.37, 3.785, 3.719, 3.951, 3.627, 2.995, 2.888, 2.827, 2.875, 3.866, 5.468, 5.201, 5.27, 5.755, 6.735, 6.588, 6.461, 5.589, 4.92, 5.345, 6.111, 6.253, 5.343, 5.094, 5.411, 5.334, 4.602, 4.494, 4.495, 3.777, 3.175, 3.18, 3.182, 3.104, 2.352, 1.958, 2.265, 2.2, 2.292, 2.106, 1.211, 1.295, 0.979, 1.101, 0.0, 1.379, 1.257, 1.278, 1.602, 2.514, 2.275, 2.153, 2.262, 2.223, 1.75, 2.01, 2.312, 4.018, 4.5, 3.793, 3.394, 2.9, 2.726, 2.733, 2.652, 2.767, 2.761, 2.533, 2.908, 2.248, 2.35], [2.455, 2.981, 3.24, 2.856, 2.758, 2.786, 3.487, 3.384, 2.647, 2.777, 2.829, 2.97, 3.137, 3.963, 4.321, 3.677, 3.124, 3.016, 3.258, 2.921, 2.283, 2.265, 2.434, 2.409, 3.403, 4.88, 4.644, 4.596, 5.057, 6.048, 5.9, 5.774, 4.894, 4.276, 4.72, 5.451, 5.583, 4.911, 4.866, 5.331, 5.241, 4.556, 3.921, 3.867, 3.509, 2.985, 3.115, 3.176, 3.043, 2.361, 1.464, 1.491, 1.655, 1.944, 1.643, 1.751, 2.057, 1.921, 2.039, 1.379, 0.0, 0.681, 1.036, 1.416, 2.272, 2.543, 2.771, 2.916, 2.814, 2.285, 2.244, 1.836, 3.197, 3.586, 3.26, 2.903, 2.402, 2.278, 2.219, 2.193, 2.307, 2.238, 2.286, 2.602, 2.142, 2.556], [2.537, 3.106, 3.36, 2.98, 2.911, 2.906, 3.595, 3.548, 2.939, 2.958, 2.98, 3.086, 3.303, 4.049, 4.452, 3.802, 3.296, 3.2, 3.433, 3.116, 2.398, 2.348, 2.35, 2.477, 3.463, 4.969, 4.757, 4.737, 5.204, 6.171, 6.023, 5.89, 5.011, 4.41, 4.818, 5.57, 5.548, 4.885, 4.85, 5.312, 5.214, 4.501, 3.914, 4.028, 3.503, 3.124, 3.129, 3.164, 3.045, 2.41, 1.613, 1.768, 1.826, 2.177, 1.951, 1.638, 1.974, 1.703, 1.931, 1.257, 0.681, 0.0, 0.864, 1.386, 2.264, 2.431, 2.637, 2.791, 2.709, 2.232, 2.332, 2.024, 3.46, 3.87, 3.378, 3.002, 2.493, 2.264, 2.271, 2.268, 2.424, 2.254, 2.305, 2.642, 2.167, 2.534], [2.762, 3.428, 3.515, 3.158, 2.86, 3.123, 3.801, 4.052, 3.461, 3.414, 3.375, 3.397, 3.618, 4.518, 5.089, 4.435, 3.853, 3.752, 4.027, 3.697, 3.007, 2.91, 2.846, 2.912, 3.991, 5.518, 5.287, 5.337, 5.832, 6.816, 6.676, 6.551, 5.653, 4.967, 5.436, 6.199, 6.099, 5.216, 5.082, 5.469, 5.376, 4.676, 4.391, 4.582, 3.948, 3.343, 3.43, 3.38, 3.236, 2.532, 1.741, 2.163, 2.212, 2.383, 2.193, 1.843, 1.969, 1.733, 1.932, 1.278, 1.036, 0.864, 0.0, 0.913, 1.717, 1.802, 1.982, 2.161, 2.1, 1.665, 1.893, 1.804, 3.676, 3.943, 3.165, 2.78, 2.274, 2.056, 2.104, 1.984, 2.274, 2.157, 2.001, 2.422, 2.034, 2.208], [2.545, 3.214, 3.342, 2.83, 2.464, 2.819, 3.527, 4.212, 3.681, 3.524, 3.577, 3.477, 3.718, 4.816, 5.41, 4.737, 4.142, 4.049, 4.331, 4.003, 3.296, 3.174, 3.145, 3.167, 4.262, 5.838, 5.629, 5.678, 6.152, 7.143, 7.0, 6.866, 6.006, 5.3, 5.757, 6.512, 6.393, 5.435, 5.269, 5.673, 5.576, 4.87, 4.636, 4.897, 4.173, 3.566, 3.658, 3.591, 3.508, 2.693, 2.04, 2.399, 2.493, 2.562, 2.378, 2.164, 2.241, 1.981, 1.998, 1.602, 1.416, 1.386, 0.913, 0.0, 1.408, 1.43, 1.584, 1.752, 1.73, 1.411, 1.586, 1.449, 3.89, 3.901, 2.897, 2.436, 1.944, 1.684, 1.641, 1.688, 2.033, 1.964, 1.831, 2.239, 1.937, 1.982], [3.083, 3.333, 3.287, 2.81, 2.549, 2.821, 3.49, 4.209, 3.562, 3.416, 3.494, 3.417, 3.607, 4.674, 5.281, 4.622, 4.027, 3.932, 4.225, 3.883, 3.187, 3.06, 3.045, 3.107, 4.215, 5.762, 5.524, 5.568, 6.017, 6.998, 6.876, 6.751, 5.886, 5.182, 5.657, 6.41, 6.29, 5.369, 5.226, 5.632, 5.585, 4.933, 4.555, 4.787, 4.143, 3.402, 3.587, 3.483, 3.417, 2.812, 2.258, 2.506, 2.626, 2.539, 2.508, 2.72, 3.005, 2.662, 2.776, 2.514, 2.272, 2.264, 1.717, 1.408, 0.0, 0.965, 1.389, 1.648, 1.947, 1.605, 1.72, 2.099, 3.69, 3.659, 2.379, 1.881, 1.84, 1.656, 1.88, 2.071, 2.586, 2.478, 2.372, 2.69, 2.556, 2.587], [3.599, 4.014, 4.085, 3.543, 3.208, 3.523, 4.212, 4.918, 4.288, 4.107, 4.198, 4.113, 4.29, 5.381, 5.993, 5.336, 4.741, 4.646, 4.945, 4.595, 3.899, 3.757, 3.677, 3.602, 4.803, 6.334, 6.16, 6.239, 6.733, 7.71, 7.579, 7.455, 6.575, 5.875, 6.346, 7.115, 6.923, 5.599, 5.287, 5.63, 5.546, 4.928, 5.146, 5.449, 4.682, 3.734, 3.669, 3.547, 3.522, 2.796, 2.589, 3.04, 3.081, 2.994, 2.83, 2.531, 2.672, 2.352, 2.51, 2.275, 2.543, 2.431, 1.802, 1.43, 0.965, 0.0, 0.92, 1.231, 1.522, 1.312, 1.631, 2.362, 4.405, 4.288, 2.973, 2.457, 2.13, 1.959, 2.217, 2.445, 2.897, 2.696, 2.582, 2.97, 2.685, 2.548], [3.883, 4.241, 4.32, 3.818, 3.452, 3.767, 4.557, 5.344, 4.747, 4.58, 4.649, 4.558, 4.766, 5.858, 6.47, 5.813, 5.218, 5.122, 5.424, 5.072, 4.376, 4.235, 4.126, 4.078, 5.232, 6.802, 6.637, 6.696, 7.213, 8.187, 8.056, 7.932, 7.03, 6.352, 6.809, 7.586, 7.417, 6.142, 5.768, 6.125, 6.074, 5.432, 5.623, 5.925, 5.093, 4.209, 4.151, 4.072, 4.002, 3.154, 2.903, 3.423, 3.475, 3.395, 3.233, 2.397, 2.211, 1.92, 2.055, 2.153, 2.771, 2.637, 1.982, 1.584, 1.389, 0.92, 0.0, 0.654, 1.167, 1.021, 1.434, 2.644, 4.898, 4.765, 3.386, 2.77, 2.257, 1.952, 2.175, 2.31, 2.794, 2.644, 2.341, 2.899, 2.58, 2.413], [4.072, 4.458, 4.577, 4.034, 3.661, 3.947, 4.791, 5.582, 5.042, 4.867, 4.941, 4.855, 5.079, 6.165, 6.753, 6.104, 5.5, 5.404, 5.711, 5.355, 4.659, 4.518, 4.411, 4.339, 5.5, 7.074, 6.921, 6.995, 7.508, 8.475, 8.338, 8.216, 7.326, 6.653, 7.081, 7.862, 7.701, 6.375, 5.947, 6.29, 6.279, 5.627, 5.908, 6.225, 5.342, 4.449, 4.38