[[0.0, 0.757, 1.104, 1.326, 2.125, 1.943, 1.549, 1.512, 1.36, 1.431, 1.699, 1.891, 1.692, 1.632, 1.57, 1.658, 2.033, 1.994, 1.934, 1.613, 1.55, 1.842, 1.792, 1.831, 1.746, 1.977, 4.134, 6.111, 6.416, 5.549, 5.175, 5.696, 6.547, 7.646, 7.787, 7.341, 6.806, 6.129, 5.987, 6.838, 7.164, 7.43, 6.812, 7.1, 7.549, 7.335, 8.399, 10.033, 11.365, 11.802, 12.321, 12.146, 11.32, 10.184, 9.23, 9.659, 9.827, 9.963, 9.959, 9.181, 8.153, 7.969, 7.788, 7.615, 7.318, 6.956, 6.789, 6.537, 7.608, 9.528, 11.015, 11.325, 11.202, 12.49, 13.307, 12.509, 12.29, 11.995, 11.829, 11.706, 11.09, 11.08, 11.702, 11.35, 11.278, 11.707], [0.757, 0.0, 0.726, 1.069, 1.86, 1.833, 1.773, 1.732, 1.618, 1.692, 1.831, 1.99, 1.741, 1.579, 1.43, 1.418, 1.663, 1.681, 1.773, 1.668, 1.52, 1.763, 1.637, 1.619, 1.535, 2.015, 4.22, 6.17, 6.431, 5.583, 5.194, 5.8, 6.628, 7.754, 7.904, 7.47, 6.936, 6.272, 6.112, 6.87, 7.227, 7.533, 6.804, 7.164, 7.616, 7.459, 8.498, 10.117, 11.475, 11.845, 12.31, 12.124, 11.35, 10.193, 9.297, 9.79, 9.861, 10.02, 9.993, 9.227, 8.22, 7.995, 7.856, 7.725, 7.387, 7.098, 6.934, 6.659, 7.658, 9.59, 11.047, 11.366, 11.223, 12.534, 13.388, 12.559, 12.358, 12.086, 11.893, 11.736, 11.096, 11.11, 11.737, 11.387, 11.306, 11.752], [1.104, 0.726, 0.0, 0.904, 1.939, 1.847, 1.967, 1.876, 1.721, 1.906, 2.049, 2.213, 1.989, 1.775, 1.512, 1.504, 1.795, 1.802, 1.986, 1.776, 1.579, 1.788, 1.601, 1.525, 1.543, 2.051, 4.222, 6.219, 6.534, 5.794, 5.3, 6.021, 6.853, 7.965, 8.087, 7.672, 7.223, 6.589, 6.338, 7.16, 7.455, 7.714, 7.008, 7.424, 7.885, 7.625, 8.617, 10.224, 11.64, 12.022, 12.507, 12.293, 11.506, 10.355, 9.683, 10.019, 10.108, 10.102, 10.233, 9.474, 8.417, 8.157, 8.067, 7.969, 7.656, 7.335, 7.057, 6.813, 7.806, 9.653, 11.123, 11.496, 11.336, 12.669, 13.508, 12.687, 12.498, 12.167, 11.963, 11.836, 11.256, 11.287, 11.964, 11.585, 11.498, 11.895], [1.326, 1.069, 0.904, 0.0, 1.437, 1.483, 1.665, 1.772, 1.762, 2.068, 2.307, 2.393, 2.15, 1.805, 1.318, 1.22, 1.501, 1.531, 1.592, 1.445, 1.245, 1.316, 1.039, 1.206, 1.06, 2.053, 4.213, 6.2, 6.568, 5.925, 5.533, 6.229, 6.869, 7.92, 8.047, 7.777, 7.436, 6.824, 6.566, 7.36, 7.655, 7.896, 6.959, 7.399, 7.83, 7.626, 8.618, 10.192, 11.585, 12.002, 12.459, 12.236, 11.44, 10.424, 9.783, 10.123, 10.077, 10.087, 10.197, 9.461, 8.42, 8.074, 8.148, 8.163, 7.862, 7.53, 7.222, 6.985, 7.971, 9.76, 11.117, 11.45, 11.308, 12.678, 13.484, 12.642, 12.442, 12.103, 11.891, 11.774, 11.169, 11.269, 11.902, 11.497, 11.449, 11.868], [2.125, 1.86, 1.939, 1.437, 0.0, 0.884, 1.582, 2.075, 2.115, 2.569, 2.822, 2.841, 2.397, 2.055, 1.698, 1.321, 1.454, 1.607, 1.655, 1.617, 1.621, 1.625, 1.348, 1.144, 1.548, 2.562, 4.727, 6.831, 7.13, 6.357, 6.383, 6.878, 7.392, 8.103, 8.16, 8.051, 7.861, 7.35, 7.226, 7.9, 8.113, 8.335, 7.423, 7.641, 8.022, 7.762, 8.832, 10.563, 11.749, 12.2, 12.688, 12.337, 11.724, 10.85, 10.137, 10.344, 10.413, 10.354, 10.353, 9.59, 8.579, 8.507, 8.616, 8.686, 8.552, 8.101, 7.745, 7.453, 8.395, 10.23, 11.616, 11.926, 11.844, 13.09, 13.688, 12.914, 12.621, 12.347, 12.23, 12.124, 11.697, 11.62, 12.151, 11.855, 11.84, 12.209], [1.943, 1.833, 1.847, 1.483, 0.884, 0.0, 1.251, 1.692, 1.787, 2.314, 2.623, 2.706, 2.193, 1.845, 1.402, 1.375, 1.614, 1.784, 1.8, 1.528, 1.474, 1.593, 1.437, 1.343, 1.423, 2.558, 4.561, 6.614, 6.937, 6.331, 6.303, 6.77, 7.254, 8.01, 8.116, 7.969, 7.72, 7.245, 7.023, 7.717, 7.952, 8.173, 7.292, 7.47, 7.892, 7.63, 8.647, 10.347, 11.685, 12.069, 12.526, 12.242, 11.578, 10.685, 10.052, 10.251, 10.197, 10.34, 10.292, 9.517, 8.543, 8.307, 8.493, 8.598, 8.489, 7.997, 7.614, 7.336, 8.302, 10.087, 11.435, 11.754, 11.644, 12.933, 13.588, 12.764, 12.566, 12.281, 12.107, 11.903, 11.478, 11.475, 12.095, 11.66, 11.654, 11.998], [1.549, 1.773, 1.967, 1.665, 1.582, 1.251, 0.0, 0.816, 0.904, 1.435, 1.743, 1.731, 1.325, 1.275, 1.12, 1.566, 1.872, 2.177, 1.935, 1.279, 1.164, 1.275, 1.47, 1.755, 1.55, 1.834, 3.717, 5.63, 5.99, 5.351, 5.414, 5.884, 6.299, 7.085, 7.213, 7.064, 6.875, 6.433, 6.223, 6.865, 7.083, 7.274, 6.359, 6.536, 6.952, 6.704, 7.727, 9.476, 10.778, 11.149, 11.555, 11.328, 10.675, 9.794, 9.125, 9.388, 9.305, 9.401, 9.285, 8.489, 7.477, 7.297, 7.524, 7.673, 7.621, 7.08, 6.627, 6.378, 7.317, 9.163, 10.488, 10.775, 10.705, 12.006, 12.624, 11.821, 11.612, 11.315, 11.103, 10.947, 10.481, 10.461, 11.064, 10.71, 10.627, 11.009], [1.512, 1.732, 1.876, 1.772, 2.075, 1.692, 0.816, 0.0, 0.755, 1.2, 1.368, 1.35, 1.208, 1.247, 1.208, 1.81, 2.173, 2.488, 2.208, 1.405, 1.207, 1.414, 1.59, 2.005, 1.762, 1.822, 3.605, 5.287, 5.665, 5.13, 5.2, 5.668, 5.869, 6.754, 6.907, 6.676, 6.584, 6.169, 5.931, 6.578, 6.804, 6.908, 6.186, 6.469, 6.796, 6.529, 7.516, 9.007, 10.46, 10.835, 11.247, 11.049, 10.286, 9.251, 8.745, 8.983, 9.086, 9.338, 9.246, 8.455, 7.426, 7.09, 7.272, 7.416, 7.394, 6.867, 6.297, 5.989, 6.997, 8.657, 9.998, 10.319, 10.222, 11.494, 12.371, 11.538, 11.371, 11.03, 10.875, 10.674, 10.04, 10.081, 10.749, 10.424, 10.407, 10.748], [1.36, 1.618, 1.721, 1.762, 2.115, 1.787, 0.904, 0.755, 0.0, 0.883, 1.241, 1.394, 1.274, 1.328, 1.377, 1.682, 1.888, 2.179, 1.9, 1.289, 1.176, 1.285, 1.414, 1.79, 1.645, 1.9, 3.751, 5.437, 5.642, 5.06, 4.928, 5.354, 6.044, 7.151, 7.235, 6.871, 6.577, 6.103, 5.77, 6.424, 6.599, 6.744, 6.301, 6.686, 7.088, 6.766, 7.794, 9.384, 10.767, 11.179, 11.625, 11.423, 10.637, 9.35, 8.898, 9.215, 9.349, 9.478, 9.425, 8.601, 7.536, 7.24, 7.217, 7.214, 7.07, 6.538, 6.098, 5.81, 6.866, 8.73, 10.155, 10.563, 10.463, 11.783, 12.657, 11.79, 11.617, 11.327, 11.082, 10.896, 10.359, 10.359, 11.028, 10.777, 10.589, 10.956], [1.431, 1.692, 1.906, 2.068, 2.569, 2.314, 1.435, 1.2, 0.883, 0.0, 0.815, 1.2, 1.121, 1.3, 1.635, 1.93, 2.139, 2.278, 1.911, 1.4, 1.315, 1.545, 1.768, 2.085, 1.959, 1.988, 3.764, 5.423, 5.681, 4.899, 4.852, 5.098, 6.03, 7.147, 7.311, 6.807, 6.435, 5.842, 5.448, 6.067, 6.477, 6.644, 6.378, 6.797, 7.157, 6.89, 7.754, 9.414, 10.763, 11.189, 11.636, 11.451, 10.644, 9.366, 8.623, 9.108, 9.361, 9.603, 9.428, 8.658, 7.566, 7.226, 7.027, 6.913, 6.625, 6.042, 5.831, 5.528, 6.75, 8.628, 10.061, 10.522, 10.445, 11.784, 12.646, 11.76, 11.634, 11.342, 11.071, 10.845, 10.326, 10.411, 11.052, 10.808, 10.643, 10.992], [1.699, 1.831, 2.049, 2.307, 2.822, 2.623, 1.743, 1.368, 1.241, 0.815, 0.0, 0.629, 1.044, 1.341, 1.815, 2.202, 2.499, 2.75, 2.338, 1.673, 1.541, 1.838, 2.068, 2.436, 2.35, 1.785, 3.159, 4.872, 5.123, 4.339, 4.348, 4.659, 5.415, 6.513, 6.678, 6.223, 5.827, 5.289, 4.941, 5.622, 5.989, 6.133, 5.804, 6.207, 6.559, 6.305, 7.107, 8.781, 10.142, 10.538, 11.004, 10.83, 10.008, 8.728, 7.991, 8.449, 8.722, 8.993, 8.812, 8.038, 6.951, 6.654, 6.501, 6.402, 6.28, 5.725, 5.413, 5.108, 6.198, 8.012, 9.505, 9.907, 9.794, 11.137, 12.017, 11.108, 10.973, 10.724, 10.517, 10.315, 9.729, 9.742, 10.371, 10.169, 10.002, 10.347], [1.891, 1.99, 2.213, 2.393, 2.841, 2.706, 1.731, 1.35, 1.394, 1.2, 0.629, 0.0, 0.9, 1.327, 1.805, 2.263, 2.506, 2.846, 2.518, 1.669, 1.707, 2.007, 2.265, 2.621, 2.594, 1.797, 3.019, 4.651, 4.913, 4.103, 4.117, 4.474, 5.026, 6.046, 6.238, 5.815, 5.544, 5.095, 4.777, 5.453, 5.71, 5.854, 5.466, 5.771, 6.111, 5.874, 6.675, 8.333, 9.675, 10.114, 10.574, 10.372, 9.595, 8.383, 7.628, 8.109, 8.281, 8.582, 8.426, 7.574, 6.569, 6.306, 6.186, 6.233, 6.254, 5.695, 5.206, 4.832, 5.904, 7.699, 9.162, 9.482, 9.403, 10.753, 11.557, 10.697, 10.563, 10.283, 10.114, 9.925, 9.345, 9.324, 9.942, 9.731, 9.569, 9.943], [1.692, 1.741, 1.989, 2.15, 2.397, 2.193, 1.325, 1.208, 1.274, 1.121, 1.044, 0.9, 0.0, 0.813, 1.414, 1.916, 2.195, 2.609, 2.299, 1.391, 1.393, 1.694, 2.017, 2.268, 2.231, 1.693, 3.374, 5.134, 5.418, 4.557, 4.706, 5.029, 5.545, 6.383, 6.544, 6.165, 6.021, 5.635, 5.31, 5.879, 6.13, 6.266, 5.792, 6.023, 6.401, 6.141, 6.958, 8.653, 10.008, 10.436, 10.854, 10.643, 9.915, 8.847, 8.062, 8.42, 8.568, 8.891, 8.72, 7.823, 6.9, 6.564, 6.516, 6.762, 6.846, 6.277, 5.792, 5.313, 6.307, 8.172, 9.567, 9.938, 9.81, 11.174, 11.875, 11.041, 10.843, 10.635, 10.408, 10.23, 9.76, 9.66, 10.259, 9.95, 9.803, 10.187], [1.632, 1.579, 1.775, 1.805, 2.055, 1.845, 1.275, 1.247, 1.328, 1.3, 1.341, 1.327, 0.813, 0.0, 0.859, 1.394, 1.751, 2.146, 1.866, 1.118, 1.185, 1.447, 1.711, 1.946, 1.946, 1.937, 3.799, 5.527, 5.84, 5.053, 5.098, 5.465, 6.02, 6.84, 6.973, 6.472, 6.337, 5.978, 5.733, 6.255, 6.509, 6.638, 6.155, 6.37, 6.701, 6.554, 7.497, 9.138, 10.358, 10.734, 11.182, 10.947, 10.202, 9.073, 8.313, 8.684, 8.979, 9.381, 9.244, 8.376, 7.407, 7.089, 7.046, 7.248, 7.246, 6.708, 6.25, 5.81, 6.789, 8.653, 10.084, 10.446, 10.313, 11.682, 12.424, 11.55, 11.373, 11.152, 10.966, 10.751, 10.244, 10.178, 10.785, 10.472, 10.339, 10.721], [1.57, 1.43, 1.512, 1.318, 1.698, 1.402, 1.12, 1.208, 1.377, 1.635, 1.815, 1.805, 1.414, 0.859, 0.0, 1.113, 1.53, 1.864, 1.663, 1.137, 1.005, 1.187, 1.23, 1.6, 1.442, 2.019, 3.849, 5.615, 5.992, 5.399, 5.422, 5.893, 6.249, 7.086, 7.195, 6.858, 6.721, 6.331, 6.18, 6.777, 6.994, 7.141, 6.344, 6.6, 6.945, 6.828, 7.866, 9.418, 10.68, 11.006, 11.505, 11.224, 10.453, 9.477, 8.919, 9.15, 9.324, 9.528, 9.531, 8.739, 7.76, 7.408, 7.561, 7.698, 7.62, 7.11, 6.651, 6.358, 7.319, 9.066, 10.42, 10.733, 10.62, 11.954, 12.721, 11.892, 11.697, 11.408, 11.235, 11.071, 10.518, 10.535, 11.154, 10.752, 10.742, 11.126], [1.658, 1.418, 1.504, 1.22, 1.321, 1.375, 1.566, 1.81, 1.682, 1.93, 2.202, 2.263, 1.916, 1.394, 1.113, 0.0, 0.782, 1.047, 1.006, 1.0, 1.22, 1.357, 1.068, 1.106, 1.39, 2.621, 4.441, 6.132, 6.39, 5.571, 5.406, 5.89, 6.727, 7.732, 7.818, 7.333, 6.962, 6.438, 6.288, 6.917, 7.116, 7.421, 6.701, 7.129, 7.537, 7.386, 8.448, 10.04, 11.321, 11.7, 12.097, 11.875, 11.151, 9.957, 9.214, 9.682, 9.857, 10.112, 10.044, 9.253, 8.17, 7.951, 7.824, 7.763, 7.586, 7.128, 6.893, 6.604, 7.564, 9.471, 10.914, 11.308, 11.16, 12.555, 13.341, 12.458, 12.319, 12.035, 11.807, 11.606, 11.051, 11.083, 11.707, 11.394, 11.253, 11.64], [2.033, 1.663, 1.795, 1.501, 1.454, 1.614, 1.872, 2.173, 1.888, 2.139, 2.499, 2.506, 2.195, 1.751, 1.53, 0.782, 0.0, 0.715, 0.744, 1.25, 1.552, 1.557, 1.207, 1.321, 1.721, 3.134, 4.902, 6.552, 6.693, 5.856, 5.54, 5.921, 6.976, 7.992, 8.114, 7.567, 7.113, 6.515, 6.288, 6.884, 7.241, 7.501, 7.068, 7.352, 7.763, 7.656, 8.724, 10.33, 11.585, 11.944, 12.372, 12.159, 11.41, 10.163, 9.38, 9.921, 10.077, 10.364, 10.282, 9.464, 8.505, 8.174, 8.021, 7.882, 7.617, 7.246, 7.05, 6.707, 7.795, 9.742, 11.157, 11.547, 11.418, 12.793, 13.632, 12.761, 12.598, 12.337, 12.081, 11.868, 11.307, 11.365, 12.001, 11.626, 11.518, 11.925], [1.994, 1.681, 1.802, 1.531, 1.607, 1.784, 2.177, 2.488, 2.179, 2.278, 2.75, 2.846, 2.609, 2.146, 1.864, 1.047, 0.715, 0.0, 0.71, 1.512, 1.866, 1.804, 1.483, 1.408, 1.896, 3.29, 5.089, 6.745, 6.943, 6.139, 5.617, 6.113, 7.274, 8.348, 8.465, 7.893, 7.439, 6.818, 6.578, 7.21, 7.511, 7.752, 7.294, 7.703, 8.108, 8.022, 9.114, 10.687, 11.923, 12.323, 12.767, 12.552, 11.777, 10.507, 9.732, 10.265, 10.429, 10.66, 10.668, 9.872, 8.871, 8.53, 8.382, 8.159, 7.614, 7.287, 7.203, 6.902, 8.067, 10.084, 11.494, 11.923, 11.787, 13.153, 14.027, 13.176, 12.966, 12.681, 12.403, 12.218, 11.664, 11.743, 12.364, 11.987, 11.9, 12.311], [1.934, 1.773, 1.986, 1.592, 1.655, 1.8, 1.935, 2.208, 1.9, 1.911, 2.338, 2.518, 2.299, 1.866, 1.663, 1.006, 0.744, 0.71, 0.0, 1.139, 1.578, 1.521, 1.244, 1.431, 1.833, 3.048, 4.794, 6.472, 6.684, 5.867, 5.467, 5.842, 6.948, 8.005, 8.144, 7.603, 7.052, 6.441, 6.115, 6.768, 7.197, 7.422, 7.129, 7.398, 7.809, 7.673, 8.743, 10.38, 11.641, 12.027, 12.466, 12.274, 11.507, 10.21, 9.347, 9.932, 10.073, 10.406, 10.315, 9.483, 8.509, 8.189, 8.006, 7.8, 7.27, 6.97, 6.926, 6.616, 7.724, 9.748, 11.174, 11.619, 11.438, 12.832, 13.677, 12.82, 12.629, 12.356, 12.09, 11.89, 11.362, 11.394, 12.011, 11.639, 11.533, 11.956], [1.613, 1.668, 1.776, 1.445, 1.617, 1.528, 1.279, 1.405, 1.289, 1.4, 1.673, 1.669, 1.391, 1.118, 1.137, 1.0, 1.25, 1.512, 1.139, 0.0, 0.814, 0.915, 1.066, 1.374, 1.575, 2.222, 3.908, 5.582, 5.945, 5.13, 5.068, 5.417, 6.187, 7.162, 7.313, 6.943, 6.544, 6.068, 5.828, 6.417, 6.653, 6.808, 6.339, 6.72, 7.115, 6.862, 7.885, 9.485, 10.879, 11.245, 11.69, 11.451, 10.718, 9.566, 8.786, 9.239, 9.337, 9.642, 9.541, 8.677, 7.691, 7.339, 7.251, 7.257, 7.155, 6.655, 6.299, 5.986, 6.94, 8.908, 10.304, 10.727, 10.605, 12.005, 12.774, 11.909, 11.713, 11.469, 11.225, 11.01, 10.519, 10.534, 11.153, 10.8, 10.695, 11.088], [1.55, 1.52, 1.579, 1.245, 1.621, 1.474, 1.164, 1.207, 1.176, 1.315, 1.541, 1.707, 1.393, 1.185, 1.005, 1.22, 1.552, 1.866, 1.578, 0.814, 0.0, 0.759, 0.918, 1.361, 1.212, 1.85, 3.839, 5.593, 5.816, 5.244, 5.245, 5.663, 6.247, 7.252, 7.353, 7.114, 6.867, 6.373, 6.068, 6.787, 6.94, 7.178, 6.349, 6.786, 7.202, 6.939, 7.917, 9.499, 10.908, 11.267, 11.732, 11.48, 10.732, 9.644, 9.139, 9.402, 9.486, 9.536, 9.491, 8.749, 7.651, 7.341, 7.443, 7.503, 7.429, 6.863, 6.474, 6.202, 7.16, 8.906, 10.266, 10.659, 10.566, 11.914, 12.796, 11.87, 11.741, 11.415, 11.155, 10.981, 10.402, 10.496, 11.182, 10.86, 10.734, 11.111], [1.842, 1.763, 1.788, 1.316, 1.625, 1.593, 1.275, 1.414, 1.285, 1.545, 1.838, 2.007, 1.694, 1.447, 1.187, 1.357, 1.557, 1.804, 1.521, 0.915, 0.759, 0.0, 0.696, 1.212, 1.027, 2.039, 3.882, 5.598, 5.946, 5.447, 5.507, 5.856, 6.486, 7.449, 7.527, 7.324, 7.108, 6.675, 6.348, 6.975, 7.129, 7.248, 6.639, 6.975, 7.388, 7.115, 8.048, 9.626, 11.115, 11.411, 11.773, 11.531, 10.825, 9.764, 9.412, 9.634, 9.692, 9.742, 9.67, 8.914, 7.838, 7.404, 7.62, 7.73, 7.595, 7.044, 6.612, 6.322, 7.248, 9.07, 10.314, 10.763, 10.713, 12.003, 12.922, 12.007, 11.928, 11.61, 11.277, 10.995, 10.495, 10.617, 11.362, 11.039, 10.914, 11.24], [1.792, 1.637, 1.601, 1.039, 1.348, 1.437, 1.47, 1.59, 1.414, 1.768, 2.068, 2.265, 2.017, 1.711, 1.23, 1.068, 1.207, 1.483, 1.244, 1.066, 0.918, 0.696, 0.0, 0.847, 0.942, 2.254, 4.023, 5.808, 6.129, 5.637, 5.584, 6.003, 6.703, 7.74, 7.847, 7.612, 7.309, 6.79, 6.498, 7.153, 7.314, 7.506, 6.811, 7.232, 7.684, 7.456, 8.406, 9.929, 11.414, 11.753, 12.126, 11.897, 11.158, 10.05, 9.635, 9.943, 9.953, 10.003, 9.962, 9.237, 8.172, 7.671, 7.821, 7.865, 7.677, 7.175, 6.818, 6.551, 7.565, 9.393, 10.598, 11.055, 11.01, 12.325, 13.286, 12.375, 12.26, 11.934, 11.585, 11.348, 10.844, 10.972, 11.669, 11.324, 11.198, 11.578], [1.831, 1.619, 1.525, 1.206, 1.144, 1.343, 1.755, 2.005, 1.79, 2.085, 2.436, 2.621, 2.268, 1.946, 1.6, 1.106, 1.321, 1.408, 1.431, 1.374, 1.361, 1.212, 0.847, 0.0, 0.941, 2.375, 4.374, 6.303, 6.723, 5.926, 5.975, 6.431, 7.229, 8.302, 8.384, 8.022, 7.715, 7.192, 6.929, 7.625, 7.792, 7.984, 7.339, 7.842, 8.243, 7.913, 8.898, 10.527, 11.929, 12.292, 12.727, 12.471, 11.732, 10.635, 10.017, 10.321, 10.515, 10.587, 10.513, 9.76, 8.598, 8.233, 8.175, 8.244, 8.054, 7.597, 7.261, 7.024, 7.952, 9.85, 11.167, 11.641, 11.616, 12.924, 13.76, 12.864, 12.715, 12.42, 12.112, 11.879, 11.432, 11.523, 12.179, 11.916, 11.751, 12.098], [1.746, 1.535, 1.543, 1.06, 1.548, 1.423, 1.55, 1.762, 1.645, 1.959, 2.35, 2.594, 2.231, 1.946, 1.442, 1.39, 1.721, 1.896, 1.833, 1.575, 1.212, 1.027, 0.942, 0.941, 0.0, 1.902, 4.147, 6.14, 6.55, 6.036, 6.039, 6.523, 7.165, 8.129, 8.242, 8.097, 7.803, 7.296, 7.026, 7.719, 7.847, 8.019, 7.2, 7.634, 8.036, 7.824, 8.771, 10.372, 11.86, 12.143, 12.488, 12.273, 11.589, 10.563, 10.122, 10.387, 10.366, 10.415, 10.347, 9.594, 8.551, 8.067, 8.279, 8.35, 8.159, 7.689, 7.314, 7.09, 8.04, 9.847, 11.05, 11.521, 11.45, 12.757, 13.644, 12.761, 12.667, 12.323, 11.999, 11.694, 11.158, 11.343, 12.091, 11.723, 11.616, 11.979], [1.977, 2.015, 2.051, 2.053, 2.562, 2.558, 1.834, 1.822, 1.9, 1.988, 1.785, 1.797, 1.693, 1.937, 2.019, 2.621, 3.134, 3.29, 3.048, 2.222, 1.85, 2.039, 2.254, 2.375, 1.902, 0.0, 2.814, 4.993, 5.355, 4.798, 4.921, 5.429, 5.933, 6.687, 6.769, 6.635, 6.576, 6.047, 5.85, 6.575, 6.765, 6.99, 5.933, 6.264, 6.642, 6.326, 7.366, 9.037, 10.318, 10.704, 11.182, 10.936, 10.224, 9.355, 8.798, 8.983, 9.04, 8.892, 8.874, 8.169, 7.012, 6.831, 7.054, 7.217, 7.063, 6.593, 6.221, 5.995, 6.937, 8.603, 9.889, 10.224, 10.241, 11.47, 12.166, 11.295, 11.115, 10.787, 10.519, 10.417, 9.993, 10.024, 10.622, 10.395, 10.313, 10.641], [4.134, 4.22, 4.222, 4.213, 4.727, 4.561, 3.717, 3.605, 3.751, 3.764, 3.159, 3.019, 3.374, 3.799, 3.849, 4.441, 4.902, 5.089, 4.794, 3.908, 3.839, 3.882, 4.023, 4.374, 4.147, 2.814, 0.0, 2.375, 2.881, 2.324, 2.53, 3.03, 3.526, 4.28, 4.361, 4.275, 4.238, 3.739, 3.503, 4.178, 4.35, 4.527, 3.508, 3.888, 4.205, 3.904, 4.89, 6.55, 7.964, 8.278, 8.627, 8.365, 7.766, 6.907, 6.434, 6.614, 6.636, 6.623, 6.513, 5.781, 4.652, 4.292, 4.559, 4.771, 4.631, 4.184, 3.734, 3.534, 4.497, 6.149, 7.353, 7.758, 7.764, 9.01, 9.743, 8.874, 8.771, 8.42, 8.078, 7.797, 7.409, 7.529, 8.268, 7.955, 7.881, 8.149], [6.111, 6.17, 6.219, 6.2, 6.831, 6.614, 5.63, 5.287, 5.437, 5.423, 4.872, 4.651, 5.134, 5.527, 5.615, 6.132, 6.552, 6.745, 6.472, 5.582, 5.593, 5.598, 5.808, 6.303, 6.14, 4.993, 2.375, 0.0, 0.921, 1.22, 1.667, 1.608, 1.7, 2.289, 2.307, 2.213, 2.157, 1.986, 1.908, 2.255, 2.259, 2.341, 1.577, 2.129, 2.411, 2.001, 2.994, 4.386, 5.891, 6.211, 6.596, 6.383, 5.595, 4.708, 4.357, 4.557, 4.627, 4.592, 4.62, 3.882, 2.741, 2.282, 2.536, 2.675, 2.549, 2.05, 1.758, 2.056, 2.336, 3.978, 5.101, 5.509, 5.593, 6.776, 7.719, 6.806, 6.686, 6.335, 5.967, 5.744, 5.271, 5.451, 6.23, 5.931, 5.835, 6.136], [6.416, 6.431, 6.534, 6.568, 7.13, 6.937, 5.99, 5.665, 5.642, 5.681, 5.123, 4.913, 5.418, 5.84, 5.992, 6.39, 6.693, 6.943, 6.684, 5.945, 5.816, 5.946, 6.129, 6.723, 6.55, 5.355, 2.881, 0.921, 0.0, 1.12, 1.53, 1.235, 1.273, 1.944, 2.05, 1.696, 1.639, 1.644, 1.548, 1.873, 1.723, 1.821, 1.078, 1.789, 2.011, 1.598, 2.502, 4.067, 5.483, 5.801, 6.267, 6.081, 5.265, 4.109, 3.788, 4.005, 4.092, 4.098, 4.081, 3.353, 2.189, 1.827, 2.043, 2.016, 2.044, 1.535, 1.207, 1.613, 1.787, 3.429, 4.699, 5.137, 5.08, 6.39, 7.328, 6.418, 6.298, 5.975, 5.635, 5.433, 4.899, 5.015, 5.73, 5.448, 5.308, 5.643], [5.549, 5.583, 5.794, 5.925, 6.357, 6.331, 5.351, 5.13, 5.06, 4.899, 4.339, 4.103, 4.557, 5.053, 5.399, 5.571, 5.856, 6.139, 5.867, 5.13, 5.244, 5.447, 5.637, 5.926, 6.036, 4.798, 2.324, 1.22, 1.12, 0.0, 0.984, 1.086, 1.666, 2.688, 2.848, 2.265, 2.001, 1.843, 1.665, 2.186, 2.218, 2.493, 1.778, 2.288, 2.628, 2.337, 3.221, 4.912, 6.277, 6.648, 7.106, 6.933, 6.121, 4.98, 4.24, 4.579, 4.804, 4.909, 4.785, 4.049, 2.865, 2.571, 2.479, 2.515, 2.499, 1.993, 1.684, 1.687, 2.365, 4.21, 5.574, 5.993, 5.917, 7.282, 8.123, 7.209, 7.082, 6.77, 6.433, 6.267, 5.723, 5.859, 6.488, 6.227, 6.033, 6.413], [5.175, 5.194, 5.3, 5.533, 6.383, 6.303, 5.414, 5.2, 4.928, 4.852, 4.348, 4.117, 4.706, 5.098, 5.422, 5.406, 5.54, 5.617, 5.467, 5.068, 5.245, 5.507, 5.584, 5.975, 6.039, 4.921, 2.53, 1.667, 1.53, 0.984, 0.0, 0.862, 1.896, 3.156, 3.327, 2.761, 2.265, 1.876, 1.665, 2.234, 2.336, 2.571, 2.048, 2.595, 3.013, 2.805, 3.725, 5.401, 6.793, 7.164, 7.655, 7.484, 6.655, 5.336, 4.589, 5.061, 5.139, 5.225, 5.222, 4.455, 3.418, 3.106, 2.939, 2.791, 2.461, 2.141, 1.913, 1.834, 2.674, 4.631, 6.111, 6.537, 6.355, 7.781, 8.634, 7.736, 7.576, 7.286, 7.014, 6.852, 6.263, 6.324, 6.979, 6.623, 6.463, 6.887], [5.696, 5.8, 6.021, 6.229, 6.878, 6.77, 5.884, 5.668, 5.354, 5.098, 4.659, 4.474, 5.029, 5.465, 5.893, 5.89, 5.921, 6.113, 5.842, 5.417, 5.663, 5.856, 6.003, 6.431, 6.523, 5.429, 3.03, 1.608, 1.235, 1.086, 0.862, 0.0, 1.423, 2.66, 2.784, 2.223, 1.835, 1.482, 1.318, 1.757, 1.806, 1.946, 1.632, 2.104, 2.553, 2.341, 3.223, 4.883, 6.276, 6.639, 7.139, 6.969, 6.118, 4.787, 3.981, 4.491, 4.6, 4.731, 4.688, 3.911, 2.852, 2.554, 2.378, 2.131, 1.942, 1.485, 1.464, 1.548, 2.059, 4.092, 5.55, 5.978, 5.815, 7.229, 8.12, 7.202, 7.053, 6.755, 6.478, 6.293, 5.721, 5.819, 6.464, 6.103, 5.941, 6.369], [6.547, 6.628, 6.853, 6.869, 7.392, 7.254, 6.299, 5.869, 6.044, 6.03, 5.415, 5.026, 5.545, 6.02, 6.249, 6.727, 6.976, 7.274, 6.948, 6.187, 6.247, 6.486, 6.703, 7.229, 7.165, 5.933, 3.526, 1.7, 1.273, 1.666, 1.896, 1.423, 0.0, 1.495, 1.837, 1.546, 1.566, 1.682, 1.725, 1.536, 1.492, 1.424, 1.244, 1.171, 1.39, 1.46, 2.22, 3.665, 5.003, 5.381, 5.887, 5.739, 4.876, 3.783, 3.291, 3.515, 3.592, 3.784, 3.675, 2.933, 2.189, 1.957, 2.184, 2.224, 2.426, 2.01, 1.347, 1.433, 1.646, 3.197, 4.568, 4.892, 4.743, 6.038, 6.932, 6.104, 5.874, 5.591, 5.416, 5.31, 4.66, 4.647, 5.287, 4.97, 4.93, 5.347], [7.646, 7.754, 7.965, 7.92, 8.103, 8.01, 7.085, 6.754, 7.151, 7.147, 6.513, 6.046, 6.383, 6.84, 7.086, 7.732, 7.992, 8.348, 8.005, 7.162, 7.252, 7.449, 7.74, 8.302, 8.129, 6.687, 4.28, 2.289, 1.944, 2.688, 3.156, 2.66, 1.495, 0.0, 0.802, 1.409, 1.93, 2.267, 2.669, 2.245, 2.15, 2.022, 1.658, 1.302, 1.369, 1.328, 1.78, 2.949, 4.073, 4.562, 5.039, 4.813, 4.118, 3.489, 3.282, 3.153, 3.306, 3.383, 3.369, 2.593, 1.907, 1.819, 2.311, 2.616, 2.975, 2.612, 2.175, 2.369, 1.913, 3.14, 4.182, 4.436, 4.457, 5.564, 6.15, 5.488, 5.285, 4.963, 4.877, 4.712, 4.254, 4.178, 4.773, 4.596, 4.664, 4.91], [7.787, 7.904, 8.087, 8.047, 8.16, 8.116, 7.213, 6.907, 7.235, 7.311, 6.678, 6.238, 6.544, 6.973, 7.195, 7.818, 8.114, 8.465, 8.144, 7.313, 7.353, 7.527, 7.847, 8.384, 8.242, 6.769, 4.361, 2.307, 2.05, 2.848, 3.327, 2.784, 1.837, 0.802, 0.0, 1.23, 1.843, 2.276, 2.687, 2.282, 2.126, 2.116, 1.816, 1.501, 1.384, 1.302, 1.705, 2.686, 3.778, 4.221, 4.774, 4.503, 3.832, 3.197, 3.069, 2.94, 3.027, 3.091, 3.116, 2.34, 1.615, 1.515, 1.989, 2.335, 2.684, 2.414, 2.245, 2.45, 1.842, 2.817, 3.93, 4.167, 4.272, 5.285, 5.887, 5.191, 4.979, 4.649, 4.566, 4.376, 4.025, 3.905, 4.547, 4.372, 4.413, 4.638], [7.341, 7.47, 7.672, 7.777, 8.051, 7.969, 7.064, 6.676, 6.871, 6.807, 6.223, 5.815, 6.165, 6.472, 6.858, 7.333, 7.567, 7.893, 7.603, 6.943, 7.114, 7.324, 7.612, 8.022, 8.097, 6.635, 4.275, 2.213, 1.696, 2.265, 2.761, 2.223, 1.546, 1.409, 1.23, 0.0, 1.019, 1.666, 2.016, 1.671, 1.452, 1.574, 1.619, 1.608, 1.558, 1.259, 1.806, 3.129, 4.286, 4.695, 5.236, 5.068, 4.186, 3.135, 2.505, 2.524, 3.072, 3.353, 3.272, 2.412, 1.519, 1.408, 1.403, 1.634, 2.025, 1.814, 1.794, 2.014, 1.365, 2.711, 4.158, 4.47, 4.393, 5.663, 6.377, 5.591, 5.357, 5.083, 4.928, 4.824, 4.277, 4.228, 4.78, 4.528, 4.476, 4.833], [6.806, 6.936, 7.223, 7.436, 7.861, 7.72, 6.875, 6.584, 6.577, 6.435, 5.827, 5.544, 6.021, 6.337, 6.721, 6.962, 7.113, 7.439, 7.052, 6.544, 6.867, 7.108, 7.309, 7.715, 7.803, 6.576, 4.238, 2.157, 1.639, 2.001, 2.265, 1.835, 1.566, 1.93, 1.843, 1.019, 0.0, 1.035, 1.456, 1.286, 1.391, 1.552, 1.643, 1.853, 2.027, 1.806, 2.42, 3.728, 4.936, 5.335, 5.882, 5.749, 4.888, 3.702, 2.814, 3.11, 3.338, 3.688, 3.648, 2.876, 2.002, 1.933, 1.734, 1.682, 1.895, 1.708, 1.87, 2.252, 1.695, 3.204, 4.701, 5.046, 4.862, 6.165, 7.013, 6.196, 5.986, 5.715, 5.546, 5.417, 4.791, 4.763, 5.375, 5.0, 4.942, 5.409], [6.129, 6.272, 6.589, 6.824, 7.35, 7.245, 6.433, 6.169, 6.103, 5.842, 5.289, 5.095, 5.635, 5.978, 6.331, 6.438, 6.515, 6.818, 6.441, 6.068, 6.373, 6.675, 6.79, 7.192, 7.296, 6.047, 3.739, 1.986, 1.644, 1.843, 1.876, 1.482, 1.682, 2.267, 2.276, 1.666, 1.035, 0.0, 0.852, 1.202, 1.613, 1.922, 1.683, 2.067, 2.469, 2.125, 2.935, 4.471, 5.707, 6.117, 6.664, 6.531, 5.663, 4.458, 3.479, 3.878, 4.074, 4.307, 4.334, 3.571, 2.651, 2.554, 2.283, 2.043, 2.019, 1.733, 2.012, 2.271, 2.123, 3.906, 5.438, 5.739, 5.585, 6.871, 7.734, 6.917, 6.707, 6.436, 6.265, 6.138, 5.498, 5.485, 6.096, 5.721, 5.654, 6.13], [5.987, 6.112, 6.338, 6.566, 7.226, 7.023, 6.223, 5.931, 5.77, 5.448, 4.941, 4.777, 5.31, 5.733, 6.18, 6.288, 6.288, 6.578, 6.115, 5.828, 6.068, 6.348, 6.498, 6.929, 7.026, 5.85, 3.503, 1.908, 1.548, 1.665, 1.665, 1.318, 1.725, 2.669, 2.687, 2.016, 1.456, 0.852, 0.0, 1.023, 1.701, 1.963, 1.789, 2.264, 2.657, 2.252, 3.03, 4.655, 6.052, 6.436, 6.947, 6.794, 5.93, 4.674, 3.69, 4.257, 4.392, 4.577, 4.539, 3.75, 2.804, 2.594, 2.38, 2.193, 2.021, 1.729, 1.832, 2.056, 2.113, 4.019, 5.525, 5.89, 5.681, 7.069, 7.903, 7.072, 6.874, 6.589, 6.398, 6.245, 5.62, 5.669, 6.294, 5.895, 5.795, 6.228], [6.838, 6.87, 7.16, 7.36, 7.9, 7.717, 6.865, 6.578, 6.424, 6.067, 5.622, 5.453, 5.879, 6.255, 6.777, 6.917, 6.884, 7.21, 6.768, 6.417, 6.787, 6.975, 7.153, 7.625, 7.719, 6.575, 4.178, 2.255, 1.873, 2.186, 2.234, 1.757, 1.536, 2.245, 2.282, 1.671, 1.286, 1.202, 1.023, 0.0, 1.116, 1.335, 1.673, 2.055, 2.219, 2.07, 2.606, 3.999, 5.294, 5.652, 6.112, 5.953, 5.125, 3.861, 3.083, 3.578, 3.667, 4.045, 3.894, 3.084, 2.433, 2.132, 2.096, 2.021, 1.978, 1.826, 1.908, 2.127, 1.735, 3.32, 4.793, 5.139, 4.967, 6.37, 7.225, 6.343, 6.147, 5.902, 5.636, 5.487, 4.885, 4.934, 5.535, 5.181, 5.059, 5.516], [7.164, 7.227, 7.455, 7.655, 8.113, 7.952, 7.083, 6.804, 6.599, 6.477, 5.989, 5.71, 6.13, 6.509, 6.994, 7.116, 7.241, 7.511, 7.197, 6.653, 6.94, 7.129, 7.314, 7.792, 7.847, 6.765, 4.35, 2.259, 1.723, 2.218, 2.336, 1.806, 1.492, 2.15, 2.126, 1.452, 1.391, 1.613, 1.701, 1.116, 0.0, 0.706, 1.235, 1.733, 1.867, 1.961, 2.253, 3.375, 4.688, 5.044, 5.502, 5.346, 4.522, 3.273, 2.79, 3.145, 3.216, 3.405, 3.288, 2.648, 2.213, 1.916, 1.953, 1.818, 2.058, 1.835, 1.734, 1.951, 1.595, 2.776, 4.102, 4.538, 4.379, 5.771, 6.624, 5.742, 5.545, 5.291, 5.018, 4.844, 4.266, 4.341, 4.934, 4.608, 4.474, 4.899], [7.43, 7.533, 7.714, 7.896, 8.335, 8.173, 7.274, 6.908, 6.744, 6.644, 6.133, 5.854, 6.266, 6.638, 7.141, 7.421, 7.501, 7.752, 7.422, 6.808, 7.178, 7.248, 7.506, 7.984, 8.019, 6.99, 4.527, 2.341, 1.821, 2.493, 2.571, 1.946, 1.424, 2.022, 2.116, 1.574, 1.552, 1.922, 1.963, 1.335, 0.706, 0.0, 1.269, 1.723, 1.767, 1.778, 2.062, 3.203, 4.438, 4.822, 5.283, 5.111, 4.363, 3.21, 2.848, 3.23, 3.212, 3.519, 3.254, 2.658, 2.284, 1.923, 2.053, 1.984, 2.06, 1.754, 1.576, 1.816, 1.389, 2.735, 3.911, 4.3, 4.171, 5.54, 6.394, 5.515, 5.324, 5.095, 4.857, 4.678, 4.134, 4.125, 4.712, 4.398, 4.28, 4.723], [6.812, 6.804, 7.008, 6.959, 7.423, 7.292, 6.359, 6.186, 6.301, 6.378, 5.804, 5.466, 5.792, 6.155, 6.344, 6.701, 7.068, 7.294, 7.129, 6.339, 6.349, 6.639, 6.811, 7.339, 7.2, 5.933, 3.508, 1.577, 1.078, 1.778, 2.048, 1.632, 1.244, 1.658, 1.816, 1.619, 1.643, 1.683, 1.789, 1.673, 1.235, 1.269, 0.0, 1.168, 1.336, 1.215, 2.075, 3.516, 4.889, 5.258, 5.683, 5.478, 4.739, 3.755, 3.243, 3.465, 3.381, 3.544, 3.508, 2.774, 2.079, 1.726, 2.158, 2.081, 2.182, 1.761, 1.378, 1.784, 1.694, 3.216, 4.458, 4.83, 4.682, 6.053, 6.845, 5.985, 5.818, 5.503, 5.242, 5.054, 4.481, 4.566, 5.19, 4.779, 4.713, 5.118], [7.1, 7.164, 7.424, 7.399, 7.641, 7.47, 6.536, 6.469, 6.686, 6.797, 6.207, 5.771, 6.023, 6.37, 6.6, 7.129, 7.352, 7.703, 7.398, 6.72, 6.786, 6.975, 7.232, 7.842, 7.634, 6.264, 3.888, 2.129, 1.789, 2.288, 2.595, 2.104, 1.171, 1.302, 1.501, 1.608, 1.853, 2.067, 2.264, 2.055, 1.733, 1.723, 1.168, 0.0, 0.765, 0.959, 1.824, 3.354, 4.463, 4.869, 5.385, 5.187, 4.462, 3.788, 3.228, 3.219, 3.266, 3.33, 3.229, 2.6, 1.999, 1.779, 2.239, 2.414, 2.583, 2.145, 1.697, 1.863, 1.77, 3.342, 4.561, 4.827, 4.729, 5.931, 6.588, 5.857, 5.636, 5.292, 5.132, 4.989, 4.454, 4.486, 5.072, 4.618, 4.685, 5.1], [7.549, 7.616, 7.885, 7.83, 8.022, 7.892, 6.952, 6.796, 7.088, 7.157, 6.559, 6.111, 6.401, 6.701, 6.945, 7.537, 7.763, 8.108, 7.809, 7.115, 7.202, 7.388, 7.684, 8.243, 8.036, 6.642, 4.205, 2.411, 2.011, 2.628, 3.013, 2.553, 1.39, 1.369, 1.384, 1.558, 2.027, 2.469, 2.657, 2.219, 1.867, 1.767, 1.336, 0.765, 0.0, 0.814, 1.558, 2.996, 4.007, 4.399, 4.953, 4.72, 4.02, 3.419, 2.909, 2.886, 2.913, 3.007, 2.876, 2.256, 1.749, 1.559, 2.102, 2.285, 2.513, 2.144, 1.653, 1.873, 1.714, 3.044, 4.195, 4.458, 4.363, 5.564, 6.191, 5.489, 5.243, 4.89, 4.767, 4.572, 4.083, 4.101, 4.696, 4.252, 4.358, 4.732], [7.335, 7.459, 7.625, 7.626, 7.762, 7.63, 6.704, 6.529, 6.766, 6.89, 6.305, 5.874, 6.141, 6.554, 6.828, 7.386, 7.656, 8.022, 7.673, 6.862, 6.939, 7.115, 7.456, 7.913, 7.824, 6.326, 3.904, 2.001, 1.598, 2.337, 2.805, 2.341, 1.46, 1.328, 1.302, 1.259, 1.806, 2.125, 2.252, 2.07, 1.961, 1.778, 1.215, 0.959, 0.814, 0.0, 1.357, 3.03, 4.21, 4.632, 5.15, 4.928, 4.211, 3.387, 2.895, 2.873, 2.976, 3.129, 3.016, 2.224, 1.469, 1.299, 1.749, 1.999, 2.275, 1.767, 1.408, 1.725, 1.365, 2.871, 4.168, 4.48, 4.396, 5.628, 6.207, 5.466, 5.221, 4.894, 4.771, 4.619, 4.198, 4.125, 4.714, 4.376, 4.393, 4.686], [8.399, 8.498, 8.617, 8.618, 8.832, 8.647, 7.727, 7.516, 7.794, 7.754, 7.107, 6.675, 6.958, 7.497, 7.866, 8.448, 8.724, 9.114, 8.743, 7.885, 7.917, 8.048, 8.406, 8.898, 8.771, 7.366, 4.89, 2.994, 2.502, 3.221, 3.725, 3.223, 2.22, 1.78, 1.705, 1.806, 2.42, 2.935, 3.03, 2.606, 2.253, 2.062, 2.075, 1.824, 1.558, 1.357, 0.0, 1.997, 3.262, 3.676, 4.101, 3.856, 3.231, 2.413, 2.166, 2.184, 2.292, 2.412, 2.134, 1.37, 1.151, 1.318, 1.549, 1.749, 2.284, 2.276, 2.169, 2.414, 1.305, 1.943, 3.042, 3.373, 3.225, 4.512, 5.06, 4.328, 4.177, 3.909, 3.792, 3.663, 3.228, 3.107, 3.664, 3.455, 3.36, 3.589], [10.033, 10.117, 10.224, 10.192, 10.563, 10.347, 9.476, 9.007, 9.384, 9.414, 8.781, 8.333, 8.653, 9.138, 9.418, 10.04, 10.33, 10.687, 10.38, 9.485, 9.499, 9.626, 9.929, 10.527, 10.372, 9.037, 6.55, 4.386, 4.067, 4.912, 5.401, 4.883, 3.665, 2.949, 2.686, 3.129, 3.728, 4.471, 4.655, 3.999, 3.375, 3.203, 3.516, 3.354, 2.996, 3.03, 1.997, 0.0, 1.685, 2.063, 2.392, 2.233, 1.488, 1.384, 1.979, 1.732, 1.627, 1.682, 1.883, 1.663, 2.417, 2.542, 2.787, 2.953, 3.68, 3.888, 3.778, 4.052, 2.867, 1.617, 1.824, 1.918, 2.053, 2.83, 3.613, 2.923, 2.841, 2.593, 2.544, 2.594, 2.295, 2.216, 2.543, 2.546, 2.589, 2.755], [11.365, 11.475, 11.64, 11.585, 11.749, 11.685, 10.778, 10.46, 10.767, 10.763, 10.142, 9.675, 10.008, 10.358, 10.68, 11.321, 11.585, 11.923, 11.641, 10.879, 10.908, 11.115, 11.414, 11.929, 11.86, 10.318, 7.964, 5.891, 5.483, 6.277, 6.793, 6.276, 5.003, 4.073, 3.778, 4.286, 4.936, 5.707, 6.052, 5.294, 4.688, 4.438, 4.889, 4.463, 4.007, 4.21, 3.262, 1.685, 0.0, 0.978, 1.211, 1.233, 1.049, 1.809, 2.715, 2.092, 1.825, 1.77, 1.876, 2.604, 3.605, 3.914, 4.136, 4.345, 5.056, 5.281, 5.182, 5.446, 4.258, 2.346, 1.616, 1.544, 1.515, 2.193, 2.533, 2.261, 2.168, 1.888, 1.962, 2.04, 2.108, 1.816, 1.842, 1.945, 2.099, 2.219], [11.802, 11.845, 12.022, 12.002, 12.2, 12.069, 11.149, 10.835, 11.179, 11.189, 10.538, 10.114, 10.436, 10.734, 11.006, 11.7, 11.944, 12.323, 12.027, 11.245, 11.267, 11.411, 11.753, 12.292, 12.143, 10.704, 8.278, 6.211, 5.801, 6.648, 7.164, 6.639, 5.381, 4.562, 4.221, 4.695, 5.335, 6.117, 6.436, 5.652, 5.044, 4.822, 5.258, 4.869, 4.399, 4.632, 3.676, 2.063, 0.978, 0.0, 0.774, 1.149, 1.201, 2.208, 3.026, 2.459, 2.202, 2.17, 2.267, 2.981, 3.979, 4.266, 4.517, 4.695, 5.412, 5.662, 5.563, 5.818, 4.613, 2.636, 1.84, 1.405, 1.472, 1.701, 2.133, 1.788, 1.715, 1.463, 1.576, 1.725, 1.921, 1.606, 1.536, 1.523, 1.616, 1.758], [12.321, 12.31, 12.507, 12.459, 12.688, 12.526, 11.555, 11.247, 11.625, 11.636, 11.004, 10.574, 10.854, 11.182, 11.505, 12.097, 12.372, 12.767, 12.466, 11.69, 11.732, 11.773, 12.126, 12.727, 12.488, 11.182, 8.627, 6.596, 6.267, 7.106, 7.655, 7.139, 5.887, 5.039, 4.774, 5.236, 5.882, 6.664, 6.947, 6.112, 5.502, 5.283, 5.683, 5.385, 4.953, 5.15, 4.101, 2.392, 1.211, 0.774, 0.0, 0.83, 1.321, 2.52, 3.482, 2.993, 2.702, 2.751, 2.69, 3.397, 4.435, 4.721, 4.982, 5.183, 5.878, 6.119, 6.05, 6.315, 5.114, 3.098, 1.944, 1.533, 1.652, 1.765, 2.085, 1.821, 1.867, 1.643, 1.591, 1.838, 1.907, 1.809, 1.697, 1.746, 1.809, 1.926], [12.146, 12.124, 12.293, 12.236, 12.337, 12.242, 11.328, 11.049, 11.423, 11.451, 10.83, 10.372, 10.643, 10.947, 11.224, 11.875, 12.159, 12.552, 12.274, 11.451, 11.48, 11.531, 11.897, 12.471, 12.273, 10.936, 8.365, 6.383, 6.081, 6.933, 7.484, 6.969, 5.739, 4.813, 4.503, 5.068, 5.749, 6.531, 6.794, 5.953, 5.346, 5.111, 5.478, 5.187, 4.72, 4.928, 3.856, 2.233, 1.233, 1.149, 0.83, 0.0, 1.107, 2.366, 3.34, 2.906, 2.587, 2.536, 2.581, 3.129, 4.22, 4.498, 4.781, 5.015, 5.73, 5.963, 5.893, 6.157, 4.949, 2.942, 2.003, 1.654, 1.749, 2.166, 2.55, 2.065, 2.024, 1.833, 1.699, 2.036, 2.034, 2.007, 1.982, 2.075, 2.15, 2.259], [11.32, 11.35, 11.506, 11.44, 11.724, 11.578, 10.675, 10.286, 10.637, 10.644, 10.008, 9.595, 9.915, 10.202, 10.453, 11.151, 11.41, 11.777, 11.507, 10.718, 10.732, 10.825, 11.158, 11.732, 11.589, 10.224, 7.766, 5.595, 5.265, 6.121, 6.655, 6.118, 4.876, 4.118, 3.832, 4.186, 4.888, 5.663, 5.93, 5.125, 4.522, 4.363, 4.739, 4.462, 4.02, 4.211, 3.231, 1.488, 1.049, 1.201, 1.321, 1.107, 0.0, 1.527, 2.491, 2.011, 1.774, 1.873, 2.087, 2.537, 3.535, 3.752, 4.02, 4.177, 4.876, 5.116, 5.029, 5.313, 4.102, 2.229, 1.65, 1.499, 1.743, 2.395, 2.898, 2.346, 2.311, 2.104, 1.983, 2.269, 2.068, 1.902, 2.174, 2.29, 2.318, 2.493], [10.184, 10.193, 10.355, 10.424, 10.85, 10.685, 9.794, 9.251, 9.35, 9.366, 8.728, 8.383, 8.847, 9.073, 9.477, 9.957, 10.163, 10.507, 10.21, 9.566, 9.644, 9.764, 10.05, 10.635, 10.563, 9.355, 6.907, 4.708, 4.109, 4.98, 5.336, 4.787, 3.783, 3.489, 3.197, 3.135, 3.702, 4.458, 4.674, 3.861, 3.273, 3.21, 3.755, 3.788, 3.419, 3.387, 2.413, 1.384, 1.809, 2.208, 2.52, 2.366, 1.527, 0.0, 1.294, 1.085, 1.359, 1.822, 1.989, 1.825, 2.584, 2.787, 2.816, 2.841, 3.53, 3.757, 3.704, 3.972, 2.844, 1.42, 1.751, 2.135, 2.029, 3.026, 3.81, 2.992, 2.938, 2.758, 2.696, 2.743, 2.486, 2.349, 2.737, 2.761, 2.601, 2.852], [9.23, 9.297, 9.683, 9.783, 10.137, 10.052, 9.125, 8.745, 8.898, 8.623, 7.991, 7.628, 8.062, 8.313, 8.919, 9.214, 9.38, 9.732, 9.347, 8.786, 9.139, 9.412, 9.635, 10.017, 10.122, 8.798, 6.434, 4.357, 3.788, 4.24, 4.589, 3.981, 3.291, 3.282, 3.069, 2.505, 2.814, 3.479, 3.69, 3.083, 2.79, 2.848, 3.243, 3.228, 2.909, 2.895, 2.166, 1.979, 2.715, 3.026, 3.482, 3.34, 2.491, 1.294, 0.0, 0.944, 1.293, 1.925, 1.895, 1.475, 2.027, 2.324, 1.962, 1.938, 2.638, 2.948, 3.118, 3.398, 2.34, 1.675, 2.685, 2.991, 2.773, 3.968, 4.672, 3.824, 3.648, 3.444, 3.352, 3.319, 2.92, 3.012, 3.392, 3.06, 2.985, 3.448], [9.659, 9.79, 10.019, 10.123, 10.344, 10.251, 9.388, 8.983, 9.215, 9.108, 8.449, 8.109, 8.42, 8.684, 9.15, 9.682, 9.921, 10.265, 9.932, 9.239, 9.402, 9.634, 9.943, 10.321, 10.387, 8.983, 6.614, 4.557, 4.005, 4.579, 5.061, 4.491, 3.515, 3.153, 2.94, 2.524, 3.11, 3.878, 4.257, 3.578, 3.145, 3.23, 3.465, 3.219, 2.886, 2.873, 2.184, 1.732, 2.092, 2.459, 2.993, 2.906, 2.011, 1.085, 0.944, 0.0, 0.991, 1.516, 1.783, 1.418, 2.131, 2.447, 2.455, 2.521, 3.235, 3.48, 3.52, 3.764, 2.697, 1.595, 2.316, 2.561, 2.386, 3.463, 4.152, 3.43, 3.185, 2.985, 2.955, 2.905, 2.658, 2.67, 2.967, 2.647, 2.625, 3.021], [9.827, 9.861, 10.108, 10.077, 10.413, 10.197, 9.305, 9.086, 9.349, 9.361, 8.722, 8.281, 8.568, 8.979, 9.324, 9.857, 10.077, 10.429, 10.073, 9.337, 9.486, 9.692, 9.953, 10.515, 10.366, 9.04, 6.636, 4.627, 4.092, 4.804, 5.139, 4.6, 3.592, 3.306, 3.027, 3.072, 3.338, 4.074, 4.392, 3.667, 3.216, 3.212, 3.381, 3.266, 2.913, 2.976, 2.292, 1.627, 1.825, 2.202, 2.702, 2.587, 1.774, 1.359, 1.293, 0.991, 0.0, 0.997, 1.197, 1.227, 2.164, 2.412, 2.613, 2.677, 3.356, 3.673, 3.694, 4.014, 2.908, 1.449, 1.965, 2.229, 1.974, 3.116, 3.786, 3.084, 2.856, 2.569, 2.536, 2.417, 2.179, 2.213, 2.601, 2.14, 2.102, 2.545], [9.963, 10.02, 10.102, 10.087, 10.354, 10.34, 9.401, 9.338, 9.478, 9.603, 8.993, 8.582, 8.891, 9.381, 9.528, 10.112, 10.364, 10.66, 10.406, 9.642, 9.536, 9.742, 10.003, 10.587, 10.415, 8.892, 6.623, 4.592, 4.098, 4.909, 5.225, 4.731, 3.784, 3.383, 3.091, 3.353, 3.688, 4.307, 4.577, 4.045, 3.405, 3.519, 3.544, 3.33, 3.007, 3.129, 2.412, 1.682, 1.77, 2.17, 2.751, 2.536, 1.873, 1.822, 1.925, 1.516, 0.997, 0.0, 1.014, 1.435, 2.187, 2.567, 2.844, 2.863, 3.528, 3.792, 3.894, 4.287, 3.151, 1.56, 1.813, 2.049, 1.893, 3.017, 3.628, 2.899, 2.635, 2.257, 2.183, 2.219, 1.907, 2.11, 2.451, 2.048, 2.126, 2.537], [9.959, 9.993, 10.233, 10.197, 10.353, 10.292, 9.285, 9.246, 9.425, 9.428, 8.812, 8.426, 8.72, 9.244, 9.531, 10.044, 10.282, 10.668, 10.315, 9.541, 9.491, 9.67, 9.962, 10.513, 10.347, 8.874, 6.513, 4.62, 4.081, 4.785, 5.222, 4.688, 3.675, 3.369, 3.116, 3.272, 3.648, 4.334, 4.539, 3.894, 3.288, 3.254, 3.508, 3.229, 2.876, 3.016, 2.134, 1.883, 1.876, 2.267, 2.69, 2.581, 2.087, 1.989, 1.895, 1.783, 1.197, 1.014, 0.0, 1.131, 2.027, 2.38, 2.609, 2.742, 3.441, 3.692, 3.732, 4.1, 2.909, 1.461, 1.796, 2.055, 1.888, 3.027, 3.628, 2.877, 2.662, 2.329, 2.145, 2.111, 1.759, 1.843, 2.318, 1.989, 1.974, 2.421], [9.181, 9.227, 9.474, 9.461, 9.59, 9.517, 8.489, 8.455, 8.601, 8.658, 8.038, 7.574, 7.823, 8.376, 8.739, 9.253, 9.464, 9.872, 9.483, 8.677, 8.749, 8.914, 9.237, 9.76, 9.594, 8.169, 5.781, 3.882, 3.353, 4.049, 4.455, 3.911, 2.933, 2.593, 2.34, 2.412, 2.876, 3.571, 3.75, 3.084, 2.648, 2.658, 2.774, 2.6, 2.256, 2.224, 1.37, 1.663, 2.604, 2.981, 3.397, 3.129, 2.537, 1.825, 1.475, 1.418, 1.227, 1.435, 1.131, 0.0, 1.279, 1.622, 1.838, 1.963, 2.693, 2.957, 2.932, 3.227, 2.102, 1.339, 2.458, 2.748, 2.561, 3.82, 4.385, 3.608, 3.371, 3.14, 2.947, 2.845, 2.533, 2.516, 2.991, 2.623, 2.586, 3.0], [8.153, 8.22, 8.417, 8.42, 8.579, 8.543, 7.477, 7.426, 7.536, 7.566, 6.951, 6.569, 6.9, 7.407, 7.76, 8.17, 8.505, 8.871, 8.509, 7.691, 7.651, 7.838, 8.172, 8.598, 8.551, 7.012, 4.652, 2.741, 2.189, 2.865, 3.418, 2.852, 2.189, 1.907, 1.615, 1.519, 2.002, 2.651, 2.804, 2.433, 2.213, 2.284, 2.079, 1.999, 1.749, 1.469, 1.151, 2.417, 3.605, 3.979, 4.435, 4.22, 3.535, 2.584, 2.027, 2.131, 2.164, 2.187, 2.027, 1.279, 0.0, 0.752, 1.125, 1.174, 1.727, 1.875, 1.942, 2.387, 1.307, 2.049, 3.322, 3.621, 3.503, 4.742, 5.364, 4.531, 4.351, 4.039, 3.788, 3.683, 3.294, 3.337, 3.861, 3.636, 3.558, 3.918], [7.969, 7.995, 8.157, 8.074, 8.507, 8.307, 7.297, 7.09, 7.24, 7.226, 6.654, 6.306, 6.564, 7.089, 7.408, 7.951, 8.174, 8.53, 8.189, 7.339, 7.341, 7.404, 7.671, 8.233, 8.067, 6.831, 4.292, 2.282, 1.827, 2.571, 3.106, 2.554, 1.957, 1.819, 1.515, 1.408, 1.933, 2.554, 2.594, 2.132, 1.916, 1.923, 1.726, 1.779, 1.559, 1.299, 1.318, 2.542, 3.914, 4.266, 4.721, 4.498, 3.752, 2.787, 2.324, 2.447, 2.412, 2.567, 2.38, 1.622, 0.752, 0.0, 0.926, 1.153, 1.666, 1.58, 1.695, 2.079, 1.055, 2.108, 3.284, 3.693, 3.612, 4.952, 5.691, 4.797, 4.708, 4.365, 4.014, 3.788, 3.369, 3.491, 4.1, 3.752, 3.64, 4.022], [7.788, 7.856, 8.067, 8.148, 8.616, 8.493, 7.524, 7.272, 7.217, 7.027, 6.501, 6.186, 6.516, 7.046, 7.561, 7.824, 8.021, 8.382, 8.006, 7.251, 7.443, 7.62, 7.821, 8.175, 8.279, 7.054, 4.559, 2.536, 2.043, 2.479, 2.939, 2.378, 2.184, 2.311, 1.989, 1.403, 1.734, 2.283, 2.38, 2.096, 1.953, 2.053, 2.158, 2.239, 2.102, 1.749, 1.549, 2.787, 4.136, 4.517, 4.982, 4.781, 4.02, 2.816, 1.962, 2.455, 2.613, 2.844, 2.609, 1.838, 1.125, 0.926, 0.0, 0.782, 1.384, 1.454, 1.702, 1.995, 1.006, 2.083, 3.435, 3.872, 3.752, 5.179, 5.961, 5.063, 4.91, 4.601, 4.256, 4.089, 3.593, 3.756, 4.348, 3.985, 3.859, 4.268], [7.615, 7.725, 7.969, 8.163, 8.686, 8.598, 7.673, 7.416, 7.214, 6.913, 6.402, 6.233, 6.762, 7.248, 7.698, 7.763, 7.882, 8.159, 7.8, 7.257, 7.503, 7.73, 7.865, 8.244, 8.35, 7.217, 4.771, 2.675, 2.016, 2.515, 2.791, 2.131, 2.224, 2.616, 2.335, 1.634, 1.682, 2.043, 2.193, 2.021, 1.818, 1.984, 2.081, 2.414, 2.285, 1.999, 1.749, 2.953, 4.345, 4.695, 5.183, 5.015, 4.177, 2.841, 1.938, 2.521, 2.677, 2.863, 2.742, 1.963, 1.174, 1.153, 0.782, 0.0, 0.872, 1.118, 1.595, 2.055, 1.16, 2.222, 3.597, 4.015, 3.83, 5.235, 6.16, 5.24, 5.095, 4.801, 4.5, 4.314, 3.76, 3.885, 4.505, 4.15, 3.983, 4.432], [7.318, 7.387, 7.656, 7.862, 8.552, 8.489, 7.621, 7.394, 7.07, 6.625, 6.28, 6.254, 6.846, 7.246, 7.62, 7.586, 7.617, 7.614, 7.27, 7.155, 7.429, 7.595, 7.677, 8.054, 8.159, 7.063, 4.631, 2.549, 2.044, 2.499, 2.461, 1.942, 2.426, 2.975, 2.684, 2.025, 1.895, 2.019, 2.021, 1.978, 2.058, 2.06, 2.182, 2.583, 2.513, 2.275, 2.284, 3.68, 5.056, 5.412, 5.878, 5.73, 4.876, 3.53, 2.638, 3.235, 3.356, 3.528, 3.441, 2.693, 1.727, 1.666, 1.384, 0.872, 0.0, 0.774, 1.607, 2.119, 1.415, 2.9, 4.281, 4.748, 4.575, 5.972, 6.887, 5.972, 5.826, 5.524, 5.216, 5.034, 4.502, 4.638, 5.254, 4.897, 4.756, 5.199], [6.956, 7.098, 7.335, 7.53, 8.101, 7.997, 7.08, 6.867, 6.538, 6.042, 5.725, 5.695, 6.277, 6.708, 7.11, 7.128, 7.246, 7.287, 6.97, 6.655, 6.863, 7.044, 7.175, 7.597, 7.689, 6.593, 4.184, 2.05, 1.535, 1.993, 2.141, 1.485, 2.01, 2.612, 2.414, 1.814, 1.708, 1.733, 1.729, 1.826, 1.835, 1.754, 1.761, 2.145, 2.144, 1.767, 2.276, 3.888, 5.281, 5.662, 6.119, 5.963, 5.116, 3.757, 2.948, 3.48, 3.673, 3.792, 3.692, 2.957, 1.875, 1.58, 1.454, 1.118, 0.774, 0.0, 1.079, 1.537, 1.203, 3.085, 4.519, 4.986, 4.842, 6.207, 7.121, 6.208, 6.061, 5.761, 5.455, 5.272, 4.72, 4.874, 5.497, 5.132, 4.992, 5.428], [6.789, 6.934, 7.057, 7.222, 7.745, 7.614, 6.627, 6.297, 6.098, 5.831, 5.413, 5.206, 5.792, 