[[0.0, 0.472, 0.655, 0.902, 3.287, 4.327, 3.728, 3.444, 4.327, 6.316, 7.295, 6.916, 6.438, 6.338, 6.523, 6.547, 6.112, 5.92, 6.707, 7.247, 7.499, 7.704, 8.046, 8.003, 7.911, 9.396, 10.783, 12.342, 13.623, 13.844, 13.971, 13.318, 12.959, 13.091, 12.272, 11.631, 11.627, 10.982, 9.581, 8.981, 9.149, 8.782, 7.588, 6.368, 5.634, 5.46, 5.306, 4.574, 4.12, 4.058, 3.808, 3.165, 3.218, 2.597, 1.589, 1.389, 1.728, 1.405, 1.215, 1.734, 2.109, 2.391, 2.924, 3.051, 3.463, 3.762, 3.362, 2.468, 1.806, 1.586, 1.708, 2.442, 2.973, 2.141, 2.104, 1.839, 1.149, 2.447, 3.136, 4.268, 5.86, 6.596, 6.822, 6.411, 5.286, 5.945], [0.472, 0.0, 0.633, 0.735, 3.093, 4.135, 3.559, 3.24, 4.133, 6.097, 7.097, 6.704, 6.257, 6.149, 6.327, 6.346, 5.895, 5.702, 6.504, 7.02, 7.282, 7.509, 7.85, 7.807, 7.724, 9.198, 10.585, 12.144, 13.425, 13.646, 13.765, 13.12, 12.764, 12.898, 12.062, 11.42, 11.419, 10.769, 9.381, 8.786, 8.947, 8.591, 7.448, 6.172, 5.476, 5.237, 5.118, 4.397, 3.896, 3.811, 3.59, 2.973, 3.059, 2.376, 1.402, 1.25, 1.562, 1.341, 1.253, 1.887, 2.267, 2.467, 3.117, 3.251, 3.656, 3.946, 3.534, 2.647, 1.886, 1.647, 1.699, 2.183, 2.727, 1.928, 1.809, 1.595, 1.237, 2.593, 3.264, 4.441, 6.035, 6.77, 6.991, 6.585, 5.433, 6.109], [0.655, 0.633, 0.0, 0.91, 3.548, 4.589, 4.012, 3.684, 4.581, 6.528, 7.551, 7.141, 6.709, 6.593, 6.775, 6.8, 6.35, 6.138, 6.918, 7.438, 7.736, 7.962, 8.307, 8.251, 8.129, 9.651, 11.033, 12.594, 13.875, 14.092, 14.22, 13.546, 13.211, 13.352, 12.498, 11.84, 11.855, 11.221, 9.834, 9.236, 9.398, 9.038, 7.88, 6.567, 5.914, 5.684, 5.572, 4.84, 4.343, 4.237, 3.869, 3.315, 3.519, 2.775, 1.741, 1.411, 1.759, 1.399, 1.102, 1.588, 1.885, 2.192, 2.729, 2.837, 3.201, 3.492, 3.085, 2.221, 1.776, 1.767, 1.968, 2.529, 2.893, 2.182, 2.167, 1.853, 1.314, 2.242, 2.888, 4.045, 5.636, 6.371, 6.595, 6.189, 5.029, 5.694], [0.902, 0.735, 0.91, 0.0, 2.895, 3.955, 3.377, 3.021, 3.958, 6.076, 7.012, 6.667, 6.193, 6.022, 6.205, 6.265, 5.851, 5.631, 6.406, 6.865, 7.169, 7.41, 7.704, 7.618, 7.501, 9.02, 10.408, 11.969, 13.25, 13.466, 13.591, 12.921, 12.678, 12.794, 11.906, 11.22, 11.227, 10.593, 9.205, 8.599, 8.781, 8.405, 7.251, 6.074, 5.406, 5.116, 5.034, 4.366, 3.811, 3.729, 3.292, 2.762, 2.91, 2.322, 1.39, 1.143, 1.345, 1.058, 1.198, 2.016, 2.439, 2.681, 3.326, 3.456, 3.854, 4.145, 3.715, 2.833, 2.39, 2.0, 1.865, 2.164, 2.537, 1.841, 1.821, 1.431, 1.362, 2.683, 3.263, 4.478, 6.092, 6.827, 7.023, 6.602, 5.485, 6.149], [3.287, 3.093, 3.548, 2.895, 0.0, 1.479, 1.489, 1.3, 1.417, 3.331, 4.356, 4.007, 3.569, 3.342, 3.487, 3.605, 3.215, 3.111, 3.865, 4.335, 4.531, 4.747, 5.067, 4.988, 4.872, 6.125, 7.554, 9.088, 10.37, 10.602, 10.772, 10.142, 9.92, 10.004, 9.203, 8.534, 8.425, 7.763, 6.346, 5.815, 6.095, 5.786, 4.754, 3.669, 2.863, 2.56, 2.345, 1.827, 1.609, 1.671, 1.863, 1.553, 1.031, 1.392, 1.994, 2.411, 2.224, 2.68, 3.667, 4.823, 5.215, 5.452, 6.176, 6.312, 6.717, 7.026, 6.591, 5.673, 4.7, 3.277, 2.513, 1.402, 1.78, 2.138, 2.048, 2.183, 3.59, 5.269, 5.921, 7.158, 8.793, 9.509, 9.697, 9.302, 8.267, 8.953], [4.327, 4.135, 4.589, 3.955, 1.479, 0.0, 0.857, 1.093, 0.85, 2.263, 3.287, 2.964, 2.504, 2.323, 2.484, 2.564, 2.212, 2.127, 2.806, 3.226, 3.418, 3.655, 3.926, 3.866, 3.77, 5.095, 6.492, 8.049, 9.33, 9.55, 9.697, 9.066, 8.833, 8.933, 8.117, 7.447, 7.351, 6.695, 5.276, 4.732, 4.992, 4.66, 3.565, 2.494, 1.688, 1.394, 1.377, 0.942, 0.927, 0.94, 1.219, 1.57, 1.638, 2.298, 3.041, 3.419, 3.205, 3.629, 4.673, 5.825, 6.228, 6.451, 7.176, 7.317, 7.726, 8.026, 7.592, 6.677, 5.721, 4.235, 3.465, 2.273, 2.17, 3.062, 2.87, 3.148, 4.601, 6.273, 6.944, 8.186, 9.792, 10.516, 10.721, 10.306, 9.282, 9.967], [3.728, 3.559, 4.012, 3.377, 1.489, 0.857, 0.0, 0.652, 0.961, 2.816, 3.809, 3.521, 3.034, 2.887, 3.054, 3.113, 2.738, 2.586, 3.25, 3.735, 4.02, 4.233, 4.457, 4.434, 4.401, 5.701, 7.089, 8.65, 9.932, 10.147, 10.275, 9.633, 9.39, 9.508, 8.647, 7.976, 7.925, 7.271, 5.893, 5.288, 5.5, 5.098, 4.04, 2.98, 2.175, 1.971, 1.961, 1.488, 1.122, 1.134, 1.184, 1.52, 1.508, 2.068, 2.447, 2.931, 2.675, 3.029, 4.069, 5.217, 5.618, 5.841, 6.571, 6.712, 7.12, 7.421, 6.986, 6.068, 5.107, 3.743, 3.085, 2.012, 2.051, 2.488, 2.288, 2.608, 3.993, 5.664, 6.337, 7.577, 9.181, 9.907, 10.114, 9.696, 8.672, 9.357], [3.444, 3.24, 3.684, 3.021, 1.3, 1.093, 0.652, 0.0, 1.041, 3.136, 4.108, 3.804, 3.358, 3.16, 3.353, 3.433, 3.075, 2.911, 3.624, 4.038, 4.27, 4.458, 4.749, 4.68, 4.611, 6.004, 7.395, 8.954, 10.236, 10.456, 10.586, 9.948, 9.705, 9.815, 8.957, 8.288, 8.24, 7.578, 6.192, 5.581, 5.832, 5.477, 4.381, 3.276, 2.499, 2.24, 2.217, 1.715, 1.269, 1.226, 1.069, 1.392, 1.517, 1.867, 2.155, 2.624, 2.448, 2.798, 3.758, 4.887, 5.281, 5.531, 6.263, 6.394, 6.799, 7.116, 6.681, 5.763, 4.825, 3.595, 2.976, 1.748, 1.679, 2.213, 2.017, 2.264, 3.706, 5.354, 6.007, 7.235, 8.859, 9.582, 9.781, 9.375, 8.343, 9.03], [4.327, 4.133, 4.581, 3.958, 1.417, 0.85, 0.961, 1.041, 0.0, 2.212, 3.187, 2.833, 2.437, 2.19, 2.401, 2.484, 2.108, 2.024, 2.781, 3.18, 3.459, 3.676, 3.87, 3.97, 3.857, 5.093, 6.473, 8.034, 9.315, 9.533, 9.675, 8.996, 8.738, 8.842, 7.997, 7.328, 7.306, 6.662, 5.295, 4.678, 4.943, 4.643, 3.571, 2.515, 1.784, 1.593, 1.556, 1.263, 1.257, 1.288, 1.54, 1.914, 1.604, 2.219, 2.994, 3.461, 3.226, 3.635, 4.649, 5.783, 6.179, 6.428, 7.157, 7.287, 7.693, 8.018, 7.585, 6.672, 5.669, 4.209, 3.375, 2.175, 2.092, 3.039, 2.827, 3.1, 4.554, 6.239, 6.901, 8.145, 9.766, 10.484, 10.677, 10.277, 9.257, 9.94], [6.316, 6.097, 6.528, 6.076, 3.331, 2.263, 2.816, 3.136, 2.212, 0.0, 1.234, 0.975, 0.831, 0.888, 0.938, 0.974, 0.764, 0.803, 1.008, 1.433, 1.99, 2.224, 2.138, 2.626, 2.904, 3.504, 4.531, 6.093, 7.374, 7.59, 7.725, 7.077, 6.713, 6.855, 6.042, 5.397, 5.379, 4.747, 3.543, 2.771, 2.985, 2.764, 1.898, 1.65, 1.414, 1.421, 1.439, 2.001, 2.539, 2.644, 3.113, 3.47, 3.33, 3.935, 4.934, 5.387, 5.242, 5.649, 6.602, 7.741, 8.134, 8.369, 9.095, 9.236, 9.645, 9.968, 9.539, 8.623, 7.647, 6.085, 4.978, 4.141, 4.034, 4.986, 4.776, 5.045, 6.513, 8.199, 8.855, 10.108, 11.704, 12.418, 12.631, 12.219, 11.188, 11.873], [7.295, 7.097, 7.551, 7.012, 4.356, 3.287, 3.809, 4.108, 3.187, 1.234, 0.0, 0.659, 1.032, 1.227, 1.036, 1.061, 1.341, 1.509, 1.021, 0.819, 1.48, 1.705, 1.688, 2.115, 2.299, 2.735, 3.509, 5.076, 6.357, 6.572, 6.688, 6.037, 5.688, 5.825, 4.985, 4.34, 4.349, 3.717, 2.467, 1.735, 1.936, 1.672, 1.265, 1.681, 1.893, 2.111, 2.191, 2.871, 3.402, 3.471, 3.912, 4.39, 4.299, 4.934, 5.992, 6.447, 6.202, 6.577, 7.624, 8.743, 9.135, 9.387, 10.114, 10.27, 10.678, 10.975, 10.542, 9.626, 8.659, 7.136, 5.938, 5.1, 4.995, 5.986, 5.807, 6.092, 7.529, 9.197, 9.857, 11.097, 12.744, 13.443, 13.633, 13.241, 12.207, 12.892], [6.916, 6.704, 7.141, 6.667, 4.007, 2.964, 3.521, 3.804, 2.833, 0.975, 0.659, 0.0, 0.713, 0.821, 0.724, 0.836, 1.03, 1.257, 0.948, 0.8, 1.423, 1.679, 1.763, 2.281, 2.474, 3.007, 3.95, 5.509, 6.79, 7.006, 7.155, 6.492, 6.152, 6.273, 5.474, 4.829, 4.798, 4.165, 2.844, 2.189, 2.465, 2.167, 1.268, 1.407, 1.604, 1.863, 1.995, 2.538, 3.09, 3.171, 3.594, 4.046, 3.992, 4.594, 5.581, 5.983, 5.851, 6.235, 7.178, 8.295, 8.688, 8.948, 9.674, 9.82, 10.229, 10.552, 10.123, 9.207, 8.22, 6.682, 5.588, 4.75, 4.645, 5.548, 5.363, 5.639, 7.092, 8.786, 9.419, 10.677, 12.291, 13.011, 13.191, 12.809, 11.758, 12.443], [6.438, 6.257, 6.709, 6.193, 3.569, 2.504, 3.034, 3.358, 2.437, 0.831, 1.032, 0.713, 0.0, 0.48, 0.642, 0.727, 0.778, 0.99, 1.075, 1.14, 1.69, 1.972, 1.994, 2.449, 2.759, 3.365, 4.359, 5.919, 7.2, 7.415, 7.565, 6.888, 6.526, 6.669, 5.866, 5.223, 5.195, 4.561, 3.323, 2.587, 2.774, 2.5, 1.543, 1.492, 1.287, 1.53, 1.541, 2.096, 2.634, 2.688, 3.107, 3.545, 3.494, 4.128, 5.199, 5.588, 5.358, 5.735, 6.771, 7.894, 8.286, 8.549, 9.26, 9.422, 9.83, 10.121, 9.688, 8.778, 7.816, 6.264, 5.09, 4.254, 4.14, 5.147, 4.929, 5.251, 6.665, 8.372, 9.027, 10.263, 11.882, 12.608, 12.798, 12.42, 11.365, 12.049], [6.338, 6.149, 6.593, 6.022, 3.342, 2.323, 2.887, 3.16, 2.19, 0.888, 1.227, 0.821, 0.48, 0.0, 0.511, 0.633, 0.706, 1.01, 1.178, 1.282, 1.78, 2.03, 2.011, 2.373, 2.581, 3.311, 4.459, 6.021, 7.302, 7.517, 7.66, 6.983, 6.675, 6.787, 5.954, 5.311, 5.291, 4.656, 3.36, 2.68, 2.946, 2.69, 1.697, 1.423, 1.205, 1.451, 1.446, 1.997, 2.496, 2.566, 2.963, 3.439, 3.35, 4.028, 5.081, 5.475, 5.217, 5.626, 6.656, 7.804, 8.196, 8.46, 9.164, 9.297, 9.7, 10.025, 9.592, 8.682, 7.686, 6.169, 4.942, 4.128, 4.021, 5.058, 4.833, 5.107, 6.569, 8.277, 8.927, 10.173, 11.792, 12.508, 12.702, 12.325, 11.275, 11.96], [6.523, 6.327, 6.775, 6.205, 3.487, 2.484, 3.054, 3.353, 2.401, 0.938, 1.036, 0.724, 0.642, 0.511, 0.0, 0.54, 0.742, 1.121, 1.007, 1.155, 1.79, 2.042, 1.929, 2.327, 2.533, 3.24, 4.275, 5.835, 7.116, 7.331, 7.476, 6.797, 6.498, 6.603, 5.777, 5.134, 5.106, 4.471, 3.153, 2.536, 2.833, 2.565, 1.612, 1.365, 1.298, 1.502, 1.595, 2.145, 2.667, 2.755, 3.162, 3.635, 3.545, 4.216, 5.263, 5.651, 5.398, 5.828, 6.864, 8.017, 8.412, 8.652, 9.369, 9.511, 9.908, 10.22, 9.785, 8.867, 7.905, 6.354, 5.135, 4.313, 4.207, 5.266, 5.042, 5.301, 6.778, 8.477, 9.134, 10.381, 11.984, 12.693, 12.905, 12.51, 11.468, 12.152], [6.547, 6.346, 6.8, 6.265, 3.605, 2.564, 3.113, 3.433, 2.484, 0.974, 1.061, 0.836, 0.727, 0.633, 0.54, 0.0, 0.624, 1.079, 1.036, 1.249, 1.89, 2.087, 2.037, 2.402, 2.536, 3.154, 4.248, 5.809, 7.09, 7.307, 7.436, 6.779, 6.475, 6.588, 5.725, 5.089, 5.094, 4.451, 3.155, 2.528, 2.812, 2.532, 1.705, 1.426, 1.326, 1.647, 1.677, 2.223, 2.778, 2.846, 3.258, 3.706, 3.617, 4.262, 5.292, 5.7, 5.465, 5.849, 6.883, 8.052, 8.473, 8.696, 9.389, 9.53, 9.938, 10.239, 9.804, 8.905, 7.955, 6.406, 5.222, 4.382, 4.27, 5.302, 5.099, 5.35, 6.827, 8.516, 9.17, 10.434, 12.037, 12.747, 12.953, 12.557, 11.527, 12.212], [6.112, 5.895, 6.35, 5.851, 3.215, 2.212, 2.738, 3.075, 2.108, 0.764, 1.341, 1.03, 0.778, 0.706, 0.742, 0.624, 0.0, 0.746, 0.96, 1.457, 2.111, 2.355, 2.277, 2.521, 2.746, 3.471, 4.691, 6.25, 7.531, 7.752, 7.887, 7.231, 6.89, 7.003, 6.191, 5.552, 5.539, 4.898, 3.586, 2.918, 3.186, 2.886, 1.993, 1.492, 1.211, 1.484, 1.499, 1.906, 2.43, 2.511, 2.923, 3.306, 3.214, 3.818, 4.858, 5.25, 5.056, 5.435, 6.45, 7.625, 8.034, 8.265, 8.962, 9.103, 9.511, 9.812, 9.377, 8.49, 7.507, 5.979, 4.839, 4.003, 3.879, 4.859, 4.672, 4.969, 6.398, 8.082, 8.723, 9.98, 11.611, 12.321, 12.513, 12.124, 11.088, 11.772], [5.92, 5.702, 6.138, 5.631, 3.111, 2.127, 2.586, 2.911, 2.024, 0.803, 1.509, 1.257, 0.99, 1.01, 1.121, 1.079, 0.746, 0.0, 1.005, 1.524, 2.279, 2.576, 2.487, 2.715, 2.871, 3.693, 4.938, 6.499, 7.78, 7.997, 8.115, 7.456, 7.118, 7.248, 6.392, 5.742, 5.757, 5.128, 3.836, 3.133, 3.305, 2.968, 1.987, 1.597, 1.424, 1.677, 1.591, 1.862, 2.325, 2.343, 2.779, 3.143, 2.974, 3.655, 4.682, 5.105, 4.81, 5.205, 6.244, 7.408, 7.808, 8.031, 8.748, 8.889, 9.3, 9.596, 9.165, 8.247, 7.29, 5.765, 4.7, 3.806, 3.651, 4.631, 4.455, 4.813, 6.181, 7.854, 8.506, 9.75, 11.383, 12.1, 12.289, 11.878, 10.849, 11.533], [6.707, 6.504, 6.918, 6.406, 3.865, 2.806, 3.25, 3.624, 2.781, 1.008, 1.021, 0.948, 1.075, 1.178, 1.007, 1.036, 0.96, 1.005, 0.0, 0.959, 1.91, 2.192, 2.143, 2.536, 2.829, 3.292, 4.351, 5.912, 7.186, 7.396, 7.527, 6.855, 6.53, 6.66, 5.798, 5.138, 5.175, 4.538, 3.236, 2.575, 2.721, 2.334, 1.453, 1.268, 1.48, 1.798, 1.963, 2.409, 2.897, 2.96, 3.389, 3.784, 3.688, 4.386, 5.416, 5.891, 5.486, 5.905, 6.813, 7.959, 8.379, 8.605, 9.31, 9.463, 9.879, 10.16, 9.735, 8.823, 7.87, 6.476, 5.337, 4.538, 4.296, 5.201, 5.092, 5.478, 6.764, 8.398, 9.057, 10.294, 12.015, 12.652, 12.841, 12.438, 11.401, 12.085], [7.247, 7.02, 7.438, 6.865, 4.335, 3.226, 3.735, 4.038, 3.18, 1.433, 0.819, 0.8, 1.14, 1.282, 1.155, 1.249, 1.457, 1.524, 0.959, 0.0, 1.124, 1.486, 1.627, 2.294, 2.553, 2.925, 3.655, 5.216, 6.498, 6.714, 6.832, 6.162, 5.87, 5.989, 5.097, 4.441, 4.478, 3.845, 2.515, 1.913, 2.065, 1.714, 0.839, 1.413, 1.854, 2.044, 2.309, 2.845, 3.347, 3.412, 3.8, 4.296, 4.166, 4.873, 5.947, 6.422, 6.061, 6.462, 7.511, 8.658, 9.054, 9.285, 10.017, 10.147, 10.553, 10.87, 10.435, 9.531, 8.532, 7.026, 5.874, 5.043, 4.879, 5.889, 5.705, 6.052, 7.424, 9.097, 9.764, 10.979, 12.625, 13.35, 13.54, 13.129, 12.1, 12.785], [7.499, 7.282, 7.736, 7.169, 4.531, 3.418, 4.02, 4.27, 3.459, 1.99, 1.48, 1.423, 1.69, 1.78, 1.79, 1.89, 2.111, 2.279, 1.91, 1.124, 0.0, 0.872, 1.407, 1.948, 2.192, 2.872, 3.335, 4.874, 6.155, 6.376, 6.528, 5.849, 5.528, 5.627, 4.833, 4.198, 4.158, 3.526, 2.23, 1.911, 2.038, 1.76, 1.196, 1.812, 2.061, 2.283, 2.59, 3.115, 3.518, 3.624, 4.048, 4.578, 4.495, 5.057, 6.152, 6.598, 6.372, 6.781, 7.831, 8.96, 9.343, 9.606, 10.336, 10.483, 10.881, 11.2, 10.767, 9.849, 8.868, 7.357, 6.228, 5.301, 5.189, 6.209, 6.015, 6.28, 7.741, 9.414, 10.08, 11.288, 12.952, 13.658, 13.848, 13.446, 12.416, 13.1], [7.704, 7.509, 7.962, 7.41, 4.747, 3.655, 4.233, 4.458, 3.676, 2.224, 1.705, 1.679, 1.972, 2.03, 2.042, 2.087, 2.355, 2.576, 2.192, 1.486, 0.872, 0.0, 0.863, 1.384, 1.645, 2.321, 3.141, 4.65, 5.925, 6.176, 6.307, 5.629, 5.323, 5.432, 4.647, 4.072, 4.047, 3.485, 2.481, 2.304, 2.502, 2.243, 1.702, 2.012, 2.262, 2.537, 2.876, 3.379, 3.716, 3.799, 4.256, 4.772, 4.73, 5.28, 6.366, 6.826, 6.605, 6.999, 8.035, 9.14, 9.521, 9.805, 10.525, 10.698, 11.096, 11.398, 10.966, 10.054, 9.065, 7.584, 6.484, 5.507, 5.391, 6.407, 6.221, 6.455, 7.912, 9.604, 10.263, 11.484, 13.153, 13.853, 14.026, 13.637, 12.61, 13.275], [8.046, 7.85, 8.307, 7.704, 5.067, 3.926, 4.457, 4.749, 3.87, 2.138, 1.688, 1.763, 1.994, 2.011, 1.929, 2.037, 2.277, 2.487, 2.143, 1.627, 1.407, 0.863, 0.0, 0.959, 1.419, 2.006, 2.867, 4.379, 5.597, 5.813, 5.95, 5.316, 5.046, 5.195, 4.363, 3.857, 3.939, 3.482, 2.578, 2.338, 2.491, 2.275, 1.933, 2.379, 2.53, 2.672, 2.987, 3.549, 4.028, 4.116, 4.547, 5.115, 4.971, 5.623, 6.714, 7.188, 6.917, 7.333, 8.35, 9.461, 9.839, 10.128, 10.843, 10.991, 11.396, 11.718, 11.289, 10.377, 9.372, 7.875, 6.668, 5.835, 5.715, 6.732, 6.514, 6.783, 8.233, 9.923, 10.582, 11.805, 13.455, 14.173, 14.345, 13.946, 12.91, 13.588], [8.003, 7.807, 8.251, 7.618, 4.988, 3.866, 4.434, 4.68, 3.97, 2.626, 2.115, 2.281, 2.449, 2.373, 2.327, 2.402, 2.521, 2.715, 2.536, 2.294, 1.948, 1.384, 0.959, 0.0, 0.8, 1.69, 2.93, 4.4, 5.668, 5.882, 6.02, 5.399, 5.223, 5.347, 4.58, 4.03, 4.027, 3.513, 2.606, 2.432, 2.621, 2.436, 2.483, 2.646, 2.656, 3.076, 3.333, 3.741, 4.029, 4.102, 4.5, 5.07, 5.008, 5.613, 6.657, 7.095, 6.865, 7.271, 8.301, 9.398, 9.785, 10.07, 10.797, 10.939, 11.345, 11.67, 11.237, 10.324, 9.339, 7.919, 6.765, 5.805, 5.68, 6.666, 6.532, 6.791, 8.198, 9.872, 10.523, 11.753, 13.4, 14.125, 14.298, 13.891, 12.862, 13.541], [7.911, 7.724, 8.129, 7.501, 4.872, 3.77, 4.401, 4.611, 3.857, 2.904, 2.299, 2.474, 2.759, 2.581, 2.533, 2.536, 2.746, 2.871, 2.829, 2.553, 2.192, 1.645, 1.419, 0.8, 0.0, 1.627, 2.97, 4.487, 5.774, 5.996, 6.153, 5.519, 5.481, 5.566, 4.76, 4.178, 4.137, 3.595, 2.497, 2.474, 2.783, 2.658, 2.76, 2.94, 2.888, 3.381, 3.608, 3.886, 4.093, 4.087, 4.434, 4.97, 5.025, 5.671, 6.521, 6.964, 6.78, 7.178, 8.22, 9.338, 9.715, 9.993, 10.721, 10.858, 11.264, 11.589, 11.156, 10.243, 9.26, 7.892, 6.971, 5.715, 5.586, 6.589, 6.482, 6.655, 8.134, 9.801, 10.459, 11.675, 13.321, 14.047, 14.222, 13.815, 12.786, 13.468], [9.396, 9.198, 9.651, 9.02, 6.125, 5.095, 5.701, 6.004, 5.093, 3.504, 2.735, 3.007, 3.365, 3.311, 3.24, 3.154, 3.471, 3.693, 3.292, 2.925, 2.872, 2.321, 2.006, 1.69, 1.627, 0.0, 1.659, 3.084, 4.299, 4.579, 4.745, 4.201, 4.163, 4.205, 3.454, 2.954, 2.799, 2.339, 2.271, 2.278, 2.441, 2.615, 3.074, 3.661, 3.904, 4.251, 4.328, 4.887, 5.406, 5.487, 5.915, 6.469, 6.287, 6.99, 8.039, 8.485, 8.289, 8.699, 9.72, 10.809, 11.195, 11.486, 12.208, 12.364, 12.769, 13.084, 12.655, 11.751, 10.74, 9.215, 8.021, 7.205, 7.084, 8.083, 7.87, 8.11, 9.596, 11.283, 11.932, 13.174, 14.827, 15.54, 15.709, 15.308, 14.279, 14.952], [10.783, 10.585, 11.033, 10.408, 7.554, 6.492, 7.089, 7.395, 6.473, 4.531, 3.509, 3.95, 4.359, 4.459, 4.275, 4.248, 4.691, 4.938, 4.351, 3.655, 3.335, 3.141, 2.867, 2.93, 2.97, 1.659, 0.0, 1.72, 2.882, 3.111, 3.276, 2.824, 2.794, 2.786, 2.105, 1.812, 1.688, 1.475, 1.932, 2.011, 2.146, 2.404, 3.423, 4.773, 5.223, 5.406, 5.506, 6.233, 6.772, 6.868, 7.294, 7.856, 7.674, 8.358, 9.427, 9.873, 9.669, 10.079, 11.099, 12.193, 12.581, 12.865, 13.593, 13.743, 14.147, 14.465, 14.033, 13.129, 12.122, 10.594, 9.388, 8.584, 8.462, 9.463, 9.253, 9.508, 10.978, 12.668, 13.318, 14.553, 16.205, 16.921, 17.092, 16.686, 15.657, 16.337], [12.342, 12.144, 12.594, 11.969, 9.088, 8.049, 8.65, 8.954, 8.034, 6.093, 5.076, 5.509, 5.919, 6.021, 5.835, 5.809, 6.25, 6.499, 5.912, 5.216, 4.874, 4.65, 4.379, 4.4, 4.487, 3.084, 1.72, 0.0, 1.372, 1.586, 1.923, 1.436, 1.336, 1.49, 1.728, 1.86, 1.76, 1.877, 2.852, 3.424, 3.284, 3.62, 4.981, 6.353, 6.798, 6.974, 7.074, 7.796, 8.34, 8.441, 8.86, 9.415, 9.233, 9.917, 10.986, 11.432, 11.23, 11.64, 12.666, 13.764, 14.151, 14.432, 15.16, 15.308, 15.714, 16.032, 15.6, 14.693, 13.683, 12.156, 10.949, 10.145, 10.029, 11.026, 10.825, 11.066, 12.549, 14.239, 14.889, 16.122, 17.768, 18.488, 18.659, 18.253, 17.224, 17.906], [13.623, 13.425, 13.875, 13.25, 10.37, 9.33, 9.932, 10.236, 9.315, 7.374, 6.357, 6.79, 7.2, 7.302, 7.116, 7.09, 7.531, 7.78, 7.186, 6.498, 6.155, 5.925, 5.597, 5.668, 5.774, 4.299, 2.882, 1.372, 0.0, 0.506, 0.734, 0.812, 1.437, 1.965, 2.659, 2.982, 2.809, 3.082, 4.134, 4.682, 4.52, 4.901, 6.249, 7.603, 8.063, 8.244, 8.344, 9.068, 9.611, 9.703, 10.136, 10.696, 10.514, 11.198, 12.267, 12.713, 12.511, 12.921, 13.937, 15.022, 15.412, 15.704, 16.421, 16.581, 16.984, 17.297, 16.872, 15.968, 14.957, 13.434, 12.225, 11.427, 11.301, 12.302, 12.086, 12.324, 13.813, 15.496, 16.15, 17.391, 19.044, 19.753, 19.922, 19.525, 18.492, 19.165], [13.844, 13.646, 14.092, 13.466, 10.602, 9.55, 10.147, 10.456, 9.533, 7.59, 6.572, 7.006, 7.415, 7.517, 7.331, 7.307, 7.752, 7.997, 7.396, 6.714, 6.376, 6.176, 5.813, 5.882, 5.996, 4.579, 3.111, 1.586, 0.506, 0.0, 0.616, 0.856, 1.495, 1.996, 2.703, 3.0, 2.826, 3.158, 4.331, 4.896, 4.728, 5.121, 6.462, 7.816, 8.271, 8.453, 8.552, 9.283, 9.823, 9.918, 10.355, 10.914, 10.735, 11.419, 12.487, 12.934, 12.727, 13.137, 14.155, 15.238, 15.626, 15.914, 16.638, 16.791, 17.196, 17.514, 17.082, 16.178, 15.17, 13.643, 12.434, 11.636, 11.51, 12.518, 12.297, 12.567, 14.023, 15.715, 16.363, 17.601, 19.253, 19.969, 20.14, 19.735, 18.706, 19.382], [13.971, 13.765, 14.22, 13.591, 10.772, 9.697, 10.275, 10.586, 9.675, 7.725, 6.688, 7.155, 7.565, 7.66, 7.476, 7.436, 7.887, 8.115, 7.527, 6.832, 6.528, 6.307, 5.95, 6.02, 6.153, 4.745, 3.276, 1.923, 0.734, 0.616, 0.0, 0.788, 1.618, 2.153, 2.908, 3.247, 3.049, 3.224, 4.483, 5.068, 4.875, 5.261, 6.596, 7.945, 8.411, 8.594, 8.685, 9.443, 9.97, 10.046, 10.485, 11.036, 10.854, 11.547, 12.612, 13.088, 12.853, 13.255, 14.277, 15.369, 15.754, 16.043, 16.767, 16.921, 17.325, 17.643, 17.211, 16.307, 15.298, 13.774, 12.562, 11.758, 11.642, 12.64, 12.428, 12.699, 14.154, 15.843, 16.492, 17.731, 19.383, 20.096, 20.268, 19.864, 18.836, 19.511], [13.318, 13.12, 13.546, 12.921, 10.142, 9.066, 9.633, 9.948, 8.996, 7.077, 6.037, 6.492, 6.888, 6.983, 6.797, 6.779, 7.231, 7.456, 6.855, 6.162, 5.849, 5.629, 5.316, 5.399, 5.519, 4.201, 2.824, 1.436, 0.812, 0.856, 0.788, 0.0, 1.113, 1.71, 2.403, 2.757, 2.605, 2.753, 3.89, 4.437, 4.252, 4.653, 5.933, 7.291, 7.747, 7.927, 8.039, 8.774, 9.31, 9.402, 9.829, 10.383, 10.192, 10.897, 11.982, 12.446, 12.189, 12.59, 13.615, 14.724, 15.101, 15.379, 16.107, 16.249, 16.655, 16.979, 16.547, 15.634, 14.63, 13.095, 11.889, 11.085, 10.975, 11.975, 11.776, 12.03, 13.497, 15.187, 15.844, 17.063, 18.708, 19.433, 19.607, 19.2, 18.171, 18.852], [12.959, 12.764, 13.211, 12.678, 9.92, 8.833, 9.39, 9.705, 8.738, 6.713, 5.688, 6.152, 6.526, 6.675, 6.498, 6.475, 6.89, 7.118, 6.53, 5.87, 5.528, 5.323, 5.046, 5.223, 5.481, 4.163, 2.794, 1.336, 1.437, 1.495, 1.618, 1.113, 0.0, 0.905, 1.613, 2.043, 2.043, 2.372, 3.681, 4.165, 3.928, 4.351, 5.676, 6.944, 7.396, 7.606, 7.673, 8.397, 8.952, 9.043, 9.514, 10.039, 9.928, 10.537, 11.626, 12.086, 11.872, 12.256, 13.276, 14.36, 14.742, 15.034, 15.746, 15.935, 16.34, 16.622, 16.195, 15.292, 14.314, 12.781, 11.599, 10.772, 10.634, 11.639, 11.419, 11.699, 13.137, 14.824, 15.486, 16.716, 18.39, 19.077, 19.251, 18.867, 17.836, 18.493], [13.091, 12.898, 13.352, 12.794, 10.004, 8.933, 9.508, 9.815, 8.842, 6.855, 5.825, 6.273, 6.669, 6.787, 6.603, 6.588, 7.003, 7.248, 6.66, 5.989, 5.627, 5.432, 5.195, 5.347, 5.566, 4.205, 2.786, 1.49, 1.965, 1.996, 2.153, 1.71, 0.905, 0.0, 1.06, 1.697, 1.739, 2.388, 3.761, 4.24, 4.035, 4.464, 5.802, 7.083, 7.534, 7.737, 7.816, 8.543, 9.081, 9.177, 9.629, 10.16, 10.04, 10.669, 11.755, 12.215, 11.99, 12.388, 13.408, 14.519, 14.898, 15.184, 15.904, 16.073, 16.47, 16.777, 16.345, 15.442, 14.445, 12.932, 11.727, 10.892, 10.771, 11.789, 11.575, 11.838, 13.291, 14.982, 15.642, 16.861, 18.542, 19.233, 19.404, 19.017, 17.983, 18.651], [12.272, 12.062, 12.498, 11.906, 9.203, 8.117, 8.647, 8.957, 7.997, 6.042, 4.985, 5.474, 5.866, 5.954, 5.777, 5.725, 6.191, 6.392, 5.798, 5.097, 4.833, 4.647, 4.363, 4.58, 4.76, 3.454, 2.105, 1.728, 2.659, 2.703, 2.908, 2.403, 1.613, 1.06, 0.0, 0.772, 0.915, 1.53, 2.907, 3.402, 3.179, 3.592, 4.902, 6.231, 6.716, 6.886, 6.983, 7.74, 8.26, 8.33, 8.747, 9.306, 9.17, 9.849, 10.928, 11.419, 11.129, 11.536, 12.543, 13.672, 14.059, 14.32, 15.049, 15.182, 15.588, 15.913, 15.48, 14.583, 13.566, 12.069, 10.832, 10.03, 9.918, 10.927, 10.729, 10.974, 12.438, 14.125, 14.788, 16.011, 17.65, 18.367, 18.551, 18.152, 17.114, 17.796], [11.631, 11.42, 11.84, 11.22, 8.534, 7.447, 7.976, 8.288, 7.328, 5.397, 4.34, 4.829, 5.223, 5.311, 5.134, 5.089, 5.552, 5.742, 5.138, 4.441, 4.198, 4.072, 3.857, 4.03, 4.178, 2.954, 1.812, 1.86, 2.982, 3.0, 3.247, 2.757, 2.043, 1.697, 0.772, 0.0, 0.559, 0.949, 2.236, 2.735, 2.514, 2.928, 4.222, 5.572, 6.074, 6.241, 6.338, 7.099, 7.619, 7.689, 8.112, 8.66, 8.493, 9.211, 10.291, 10.783, 10.47, 10.875, 11.882, 13.016, 13.402, 13.659, 14.389, 14.522, 14.927, 15.253, 14.82, 13.922, 12.905, 11.403, 10.166, 9.368, 9.264, 10.267, 10.072, 10.322, 11.778, 13.464, 14.137, 15.353, 16.979, 17.705, 17.892, 17.483, 16.454, 17.136], [11.627, 11.419, 11.855, 11.227, 8.425, 7.351, 7.925, 8.24, 7.306, 5.379, 4.349, 4.798, 5.195, 5.291, 5.106, 5.094, 5.539, 5.757, 5.175, 4.478, 4.158, 4.047, 3.939, 4.027, 4.137, 2.799, 1.688, 1.76, 2.809, 2.826, 3.049, 2.605, 2.043, 1.739, 0.915, 0.559, 0.0, 0.894, 2.123, 2.677, 2.516, 2.904, 4.235, 5.621, 6.065, 6.232, 6.338, 7.068, 7.606, 7.711, 8.136, 8.674, 8.5, 9.204, 10.269, 10.746, 10.5, 10.904, 11.931, 13.053, 13.434, 13.708, 14.438, 14.571, 14.977, 15.302, 14.869, 13.956, 12.954, 11.419, 10.21, 9.406, 9.296, 10.308, 10.11, 10.364, 11.827, 13.514, 14.177, 15.402, 17.029, 17.754, 17.94, 17.531, 16.503, 17.185], [10.982, 10.769, 11.221, 10.593, 7.763, 6.695, 7.271, 7.578, 6.662, 4.747, 3.717, 4.165, 4.561, 4.656, 4.471, 4.451, 4.898, 5.128, 4.538, 3.845, 3.526, 3.485, 3.482, 3.513, 3.595, 2.339, 1.475, 1.877, 3.082, 3.158, 3.224, 2.753, 2.372, 2.388, 1.53, 0.949, 0.894, 0.0, 1.448, 2.115, 1.897, 2.275, 3.599, 4.992, 5.437, 5.6, 5.704, 6.431, 6.972, 7.08, 7.494, 8.039, 7.858, 8.559, 9.619, 10.096, 9.865, 10.269, 11.296, 12.42, 12.802, 13.072, 13.804, 13.934, 14.34, 14.665, 14.232, 13.319, 12.32, 10.782, 9.576, 8.771, 8.658, 9.676, 9.478, 9.724, 11.194, 12.876, 13.545, 14.772, 16.394, 17.12, 17.308, 16.9, 15.87, 16.552], [9.581, 9.381, 9.834, 9.205, 6.346, 5.276, 5.893, 6.192, 5.295, 3.543, 2.467, 2.844, 3.323, 3.36, 3.153, 3.155, 3.586, 3.836, 3.236, 2.515, 2.23, 2.481, 2.578, 2.606, 2.497, 2.271, 1.932, 2.852, 4.134, 4.331, 4.483, 3.89, 3.681, 3.761, 2.907, 2.236, 2.123, 1.448, 0.0, 1.089, 1.019, 1.135, 2.299, 3.64, 4.091, 4.266, 4.477, 5.071, 5.603, 5.711, 6.127, 6.661, 6.48, 7.174, 8.223, 8.668, 8.478, 8.882, 9.918, 11.05, 11.433, 11.695, 12.427, 12.557, 12.963, 13.289, 12.855, 11.942, 10.932, 9.404, 8.204, 7.394, 7.281, 8.296, 8.098, 8.35, 9.827, 11.501, 12.168, 13.396, 15.016, 15.742, 15.935, 15.528, 14.5, 15.186], [8.981, 8.786, 9.236, 8.599, 5.815, 4.732, 5.288, 5.581, 4.678, 2.771, 1.735, 2.189, 2.587, 2.68, 2.536, 2.528, 2.918, 3.133, 2.575, 1.913, 1.911, 2.304, 2.338, 2.432, 2.474, 2.278, 2.011, 3.424, 4.682, 4.896, 5.068, 4.437, 4.165, 4.24, 3.402, 2.735, 2.677, 2.115, 1.089, 0.0, 0.678, 0.732, 1.661, 3.03, 3.483, 3.647, 3.741, 4.477, 5.001, 5.107, 5.517, 6.06, 5.866, 6.569, 7.648, 8.123, 7.873, 8.281, 9.324, 10.445, 10.825, 11.099, 11.831, 11.962, 12.367, 12.693, 12.26, 11.344, 10.337, 8.809, 7.59, 6.792, 6.68, 7.699, 7.502, 7.773, 9.218, 10.904, 11.569, 12.781, 14.422, 15.148, 15.332, 14.927, 13.895, 14.577], [9.149, 8.947, 9.398, 8.781, 6.095, 4.992, 5.5, 5.832, 4.943, 2.985, 1.936, 2.465, 2.774, 2.946, 2.833, 2.812, 3.186, 3.305, 2.721, 2.065, 2.038, 2.502, 2.491, 2.621, 2.783, 2.441, 2.146, 3.284, 4.52, 4.728, 4.875, 4.252, 3.928, 4.035, 3.179, 2.514, 2.516, 1.897, 1.019, 0.678, 0.0, 0.537, 1.794, 3.162, 3.626, 3.815, 3.944, 4.656, 5.176, 5.255, 5.667, 6.212, 6.016, 6.726, 7.809, 8.296, 8.027, 8.432, 9.474, 10.595, 10.972, 11.25, 11.978, 12.114, 12.519, 12.845, 12.412, 11.498, 10.489, 8.963, 7.746, 6.948, 6.839, 7.852, 7.657, 7.945, 9.367, 11.057, 11.716, 12.929, 14.576, 15.301, 15.477, 15.071, 14.043, 14.725], [8.782, 8.591, 9.038, 8.405, 5.786, 4.66, 5.098, 5.477, 4.643, 2.764, 1.672, 2.167, 2.5, 2.69, 2.565, 2.532, 2.886, 2.968, 2.334, 1.714, 1.76, 2.243, 2.275, 2.436, 2.658, 2.615, 2.404, 3.62, 4.901, 5.121, 5.261, 4.653, 4.351, 4.464, 3.592, 2.928, 2.904, 2.275, 1.135, 0.732, 0.537, 0.0, 1.398, 2.777, 3.256, 3.484, 3.659, 4.314, 4.79, 4.872, 5.285, 5.82, 5.628, 6.375, 7.464, 7.966, 7.636, 8.039, 9.095, 10.207, 10.579, 10.855, 11.583, 11.718, 12.123, 12.449, 12.016, 11.106, 10.092, 8.572, 7.404, 6.607, 6.478, 7.456, 7.26, 7.617, 8.995, 10.661, 11.32, 12.538, 14.18, 14.905, 15.082, 14.676, 13.648, 14.33], [7.588, 7.448, 7.88, 7.251, 4.754, 3.565, 4.04, 4.381, 3.571, 1.898, 1.265, 1.268, 1.543, 1.697, 1.612, 1.705, 1.993, 1.987, 1.453, 0.839, 1.196, 1.702, 1.933, 2.483, 2.76, 3.074, 3.423, 4.981, 6.249, 6.462, 6.596, 5.933, 5.676, 5.802, 4.902, 4.222, 4.235, 3.599, 2.299, 1.661, 1.794, 1.398, 0.0, 1.497, 2.064, 2.373, 2.657, 3.163, 3.623, 3.692, 4.069, 4.616, 4.39, 5.223, 6.368, 6.806, 6.377, 6.727, 7.782, 8.883, 9.252, 9.482, 10.213, 10.344, 10.75, 11.075, 10.642, 9.802, 8.734, 7.293, 6.26, 5.429, 5.245, 6.176, 6.008, 6.444, 7.701, 9.288, 9.953, 11.184, 12.803, 13.528, 13.715, 13.314, 12.286, 12.972], [6.368, 6.172, 6.567, 6.074, 3.669, 2.494, 2.98, 3.276, 2.515, 1.65, 1.681, 1.407, 1.492, 1.423, 1.365, 1.426, 1.492, 1.597, 1.268, 1.413, 1.812, 2.012, 2.379, 2.646, 2.94, 3.661, 4.773, 6.353, 7.603, 7.816, 7.945, 7.291, 6.944, 7.083, 6.231, 5.572, 5.621, 4.992, 3.64, 3.03, 3.162, 2.777, 1.497, 0.0, 0.916, 1.429, 1.82, 2.115, 2.376, 2.384, 2.814, 3.413, 3.282, 3.913, 5.108, 5.514, 5.076, 5.431, 6.479, 7.483, 7.885, 8.131, 8.832, 9.004, 9.402, 9.705, 9.279, 8.48, 7.47, 5.988, 5.095, 4.107, 3.885, 4.833, 4.656, 5.141, 6.321, 7.933, 8.612, 9.822, 11.478, 12.166, 12.347, 11.951, 10.923, 11.605], [5.634, 5.476, 5.914, 5.406, 2.863, 1.688, 2.175, 2.499, 1.784, 1.414, 1.893, 1.604, 1.287, 1.205, 1.298, 1.326, 1.211, 1.424, 1.48, 1.854, 2.061, 2.262, 2.53, 2.656, 2.888, 3.904, 5.223, 6.798, 8.063, 8.271, 8.411, 7.747, 7.396, 7.534, 6.716, 6.074, 6.065, 5.437, 4.091, 3.483, 3.626, 3.256, 2.064, 0.916, 0.0, 0.799, 1.06, 1.302, 1.649, 1.727, 2.166, 2.699, 2.598, 3.255, 4.363, 4.801, 4.496, 4.871, 5.936, 6.999, 7.378, 7.657, 8.383, 8.552, 8.95, 9.251, 8.818, 7.927, 6.948, 5.439, 4.413, 3.465, 3.331, 4.301, 4.114, 4.486, 5.835, 7.467, 8.122, 9.357, 11.014, 11.705, 11.889, 11.49, 10.462, 11.147], [5.46, 5.237, 5.684, 5.116, 2.56, 1.394, 1.971, 2.24, 1.593, 1.421, 2.111, 1.863, 1.53, 1.451, 1.502, 1.647, 1.484, 1.677, 1.798, 2.044, 2.283, 2.537, 2.672, 3.076, 3.381, 4.251, 5.406, 6.974, 8.244, 8.453, 8.594, 7.927, 7.606, 7.737, 6.886, 6.241, 6.232, 5.6, 4.266, 3.647, 3.815, 3.484, 2.373, 1.429, 0.799, 0.0, 0.74, 1.046, 1.449, 1.531, 1.977, 2.525, 2.386, 3.004, 4.113, 4.569, 4.288, 4.694, 5.71, 6.825, 7.207, 7.48, 8.211, 8.342, 8.748, 9.074, 8.64, 7.742, 6.746, 5.254, 4.101, 3.203, 3.115, 4.094, 3.883, 4.212, 5.618, 7.29, 7.95, 9.185, 10.818, 11.528, 11.713, 11.312, 10.285, 10.966], [5.306, 5.118, 5.572, 5.034, 2.345, 1.377, 1.961, 2.217, 1.556, 1.439, 2.191, 1.995, 1.541, 1.446, 1.595, 1.677, 1.499, 1.591, 1.963, 2.309, 2.59, 2.876, 2.987, 3.333, 3.608, 4.328, 5.506, 7.074, 8.344, 8.552, 8.685, 8.039, 7.673, 7.816, 6.983, 6.338, 6.338, 5.704, 4.477, 3.741, 3.944, 3.659, 2.657, 1.82, 1.06, 0.74, 0.0, 0.86, 1.411, 1.557, 1.965, 2.372, 2.276, 2.891, 3.975, 4.458, 4.209, 4.591, 5.619, 6.721, 7.108, 7.373, 8.105, 8.273, 8.671, 8.967, 8.534, 7.631, 6.659, 5.12, 3.94, 3.103, 2.982, 3.991, 3.778, 4.077, 5.497, 7.186, 7.846, 9.084, 10.729, 11.419, 11.609, 11.206, 10.178, 10.863], [4.574, 4.397, 4.84, 4.366, 1.827, 0.942, 1.488, 1.715, 1.263, 2.001, 2.871, 2.538, 2.096, 1.997, 2.145, 2.223, 1.906, 1.862, 2.409, 2.845, 3.115, 3.379, 3.549, 3.741, 3.886, 4.887, 6.233, 7.796, 9.068, 9.283, 9.443, 8.774, 8.397, 8.543, 7.74, 7.099, 7.068, 6.431, 5.071, 4.477, 4.656, 4.314, 3.163, 2.115, 1.302, 1.046, 0.86, 0.0, 0.79, 0.956, 1.407, 1.677, 1.752, 2.207, 3.273, 3.696, 3.494, 3.878, 4.888, 5.997, 6.387, 6.644, 7.376, 7.544, 7.951, 8.244, 7.81, 6.908, 5.932, 4.392, 3.444, 2.46, 2.325, 3.259, 3.056, 3.386, 4.773, 6.449, 7.122, 8.353, 10.003, 10.712, 10.886, 10.482, 9.452, 10.135], [4.12, 3.896, 4.343, 3.811, 1.609, 0.927, 1.122, 1.269, 1.257, 2.539, 3.402, 3.09, 2.634, 2.496, 2.667, 2.778, 2.43, 2.325, 2.897, 3.347, 3.518, 3.716, 4.028, 4.029, 4.093, 5.406, 6.772, 8.34, 9.611, 9.823, 9.97, 9.31, 8.952, 9.081, 8.26, 7.619, 7.606, 6.972, 5.603, 5.001, 5.176, 4.79, 3.623, 2.376, 1.649, 1.449, 1.411, 0.79, 0.0, 0.454, 0.964, 1.29, 1.382, 1.868, 2.785, 3.233, 2.925, 3.317, 4.371, 5.466, 5.848, 6.106, 6.836, 6.996, 7.393, 7.7, 7.267, 6.373, 5.424, 3.96, 3.23, 1.95, 2.061, 2.726, 2.539, 2.893, 4.287, 5.913, 6.585, 7.807, 9.463, 10.153, 10.349, 9.942, 8.912, 9.596], [4.058, 3.811, 4.237, 3.729, 1.671, 0.94, 1.134, 1.226, 1.288, 2.644, 3.471, 3.171, 2.688, 2.566, 2.755, 2.846, 2.511, 2.343, 2.96, 3.412, 3.624, 3.799, 4.116, 4.102, 4.087, 5.487, 6.868, 8.441, 9.703, 9.918, 10.046, 9.402, 9.043, 9.177, 8.33, 7.689, 7.711, 7.08, 5.711, 5.107, 5.255, 4.872, 3.692, 2.384, 1.727, 1.531, 1.557, 0.956, 0.454, 0.0, 0.822, 1.279, 1.556, 1.946, 2.747, 3.156, 2.852, 3.23, 4.261, 5.357, 5.743, 6.013, 6.731, 6.908, 7.305, 7.605, 7.174, 6.282, 5.334, 3.962, 3.37, 1.93, 1.898, 2.645, 2.459, 2.817, 4.177, 5.818, 6.485, 7.706, 9.368, 10.059, 10.253, 9.86, 8.818, 9.503], [3.808, 3.59, 3.869, 3.292, 1.863, 1.219, 1.184, 1.069, 1.54, 3.113, 3.912, 3.594, 3.107, 2.963, 3.162, 3.258, 2.923, 2.779, 3.389, 3.8, 4.048, 4.256, 4.547, 4.5, 4.434, 5.915, 7.294, 8.86, 10.136, 10.355, 10.485, 9.829, 9.514, 9.629, 8.747, 8.112, 8.136, 7.494, 6.127, 5.517, 5.667, 5.285, 4.069, 2.814, 2.166, 1.977, 1.965, 1.407, 0.964, 0.822, 0.0, 0.936, 1.812, 2.235, 2.55, 2.852, 2.545, 2.815, 3.845, 4.945, 5.329, 5.59, 6.327, 6.451, 6.857, 7.182, 6.778, 5.875, 5.064, 4.03, 3.571, 2.049, 1.739, 2.352, 2.291, 2.589, 3.917, 5.477, 6.075, 7.285, 8.927, 9.644, 9.828, 9.461, 8.4, 9.084], [3.165, 2.973, 3.315, 2.762, 1.553, 1.57, 1.52, 1.392, 1.914, 3.47, 4.39, 4.046, 3.545, 3.439, 3.635, 3.706, 3.306, 3.143, 3.784, 4.296, 4.578, 4.772, 5.115, 5.07, 4.97, 6.469, 7.856, 9.415, 10.696, 10.914, 11.036, 10.383, 10.039, 10.16, 9.306, 8.66, 8.674, 8.039, 6.661, 6.06, 6.212, 5.82, 4.616, 3.413, 2.699, 2.525, 2.372, 1.677, 1.29, 1.279, 0.936, 0.0, 1.394, 1.87, 2.049, 2.386, 2.109, 2.265, 3.275, 4.431, 4.813, 5.059, 5.79, 5.931, 6.339, 6.64, 6.205, 5.305, 4.439, 3.493, 3.074, 1.604, 1.532, 1.871, 1.765, 2.052, 3.363, 4.896, 5.544, 6.769, 8.386, 9.12, 9.307, 8.92, 7.869, 8.555], [3.218, 3.059, 3.519, 2.91, 1.031, 1.638, 1.508, 1.517, 1.604, 3.33, 4.299, 3.992, 3.494, 3.35, 3.545, 3.617, 3.214, 2.974, 3.688, 4.166, 4.495, 4.73, 4.971, 5.008, 5.025, 6.287, 7.674, 9.233, 10.514, 10.735, 10.854, 10.192, 9.928, 10.04, 9.17, 8.493, 8.5, 7.858, 6.48, 5.866, 6.016, 5.628, 4.39, 3.282, 2.598, 2.386, 2.276, 1.752, 1.382, 1.556, 1.812, 1.394, 0.0, 1.026, 2.01, 2.416, 2.076, 2.426, 3.481, 4.628, 5.023, 5.255, 5.986, 6.127, 6.533, 6.836, 6.401, 5.485, 4.517, 3.013, 2.201, 1.356, 1.985, 1.957, 1.858, 2.176, 3.432, 5.066, 5.733, 6.975, 8.591, 9.32, 9.509, 9.103, 8.079, 8.764], [2.597, 2.376, 2.775, 2.322, 1.392, 2.298, 2.068, 1.867, 2.219, 3.935, 4.934, 4.594, 4.128, 4.028, 4.216, 4.262, 3.818, 3.655, 4.386, 4.873, 5.057, 5.28, 5.623, 5.613, 5.671, 6.99, 8.358, 9.917, 11.198, 11.419, 11.547, 10.897, 10.537, 10.669, 9.849, 9.211, 9.204, 8.559, 7.174, 6.569, 6.726, 6.375, 5.223, 3.913, 3.255, 3.004, 2.891, 2.207, 1.868, 1.946, 2.235, 1.87, 1.026, 0.0, 1.35, 1.699, 1.615, 1.895, 2.81, 3.917, 4.298, 4.558, 5.29, 5.438, 5.846, 6.147, 5.712, 4.836, 3.875, 2.497, 1.717, 1.371, 2.06, 1.675, 1.661, 1.79, 2.755, 4.366, 5.04, 6.251, 7.896, 8.626, 8.799, 8.406, 7.374, 8.052], [1.589, 1.402, 1.741, 1.39, 1.994, 3.041, 2.447, 2.155, 2.994, 4.934, 5.992, 5.581, 5.199, 5.081, 5.263, 5.292, 4.858, 4.682, 5.416, 5.947, 6.152, 6.366, 6.714, 6.657, 6.521, 8.039, 9.427, 10.986, 12.267, 12.487, 12.612, 11.982, 11.626, 11.755, 10.928, 10.291, 10.269, 9.619, 8.223, 7.648, 7.809, 7.464, 6.368, 5.108, 4.363, 4.113, 3.975, 3.273, 2.785, 2.747, 2.55, 2.049, 2.01, 1.35, 0.0, 0.814, 1.107, 1.197, 1.803, 2.858, 3.247, 3.496, 4.234, 4.361, 4.77, 5.089, 4.659, 3.738, 2.809, 1.928, 1.789, 1.756, 2.29, 1.618, 1.595, 1.292, 1.718, 3.304, 3.976, 5.19, 6.822, 7.552, 7.741, 7.332, 6.305, 6.991], [1.389, 1.25, 1.411, 1.143, 2.411, 3.419, 2.931, 2.624, 3.461, 5.387, 6.447, 5.983, 5.588, 5.475, 5.651, 5.7, 5.25, 5.105, 5.891, 6.422, 6.598, 6.826, 7.188, 7.095, 6.964, 8.485, 9.873, 11.432, 12.713, 12.934, 13.088, 12.446, 12.086, 12.215, 11.419, 10.783, 10.746, 10.096, 8.668, 8.123, 8.296, 7.966, 6.806, 5.514, 4.801, 4.569, 4.458, 3.696, 3.233, 3.156, 2.852, 2.386, 2.416, 1.699, 0.814, 0.0, 1.055, 0.978, 1.455, 2.443, 2.863, 3.112, 3.797, 3.936, 4.334, 4.661, 4.2, 3.301, 2.611, 2.217, 2.155, 2.093, 2.537, 1.869, 1.789, 1.399, 1.561, 3.004, 3.651, 4.888, 6.499, 7.182, 7.381, 6.913, 5.912, 6.6], [1.728, 1.562, 1.759, 1.345, 2.224, 3.205, 2.675, 2.448, 3.226, 5.242, 6.202, 5.851, 5.358, 5.217, 5.398, 5.465, 5.056, 4.81, 5.486, 6.061, 6.372, 6.605, 6.917, 6.865, 6.78, 8.289, 9.669, 11.23, 12.511, 12.727, 12.853, 12.189, 11.872, 11.99, 11.129, 10.47, 10.5, 9.865, 8.478, 7.873, 8.027, 7.636, 6.377, 5.076, 4.496, 4.288, 4.209, 3.494, 2.925, 2.852, 2.545, 2.109, 2.076, 1.615, 1.107, 1.055, 0.0, 0.864, 1.686, 2.747, 3.151, 3.357, 4.013, 4.154, 4.57, 4.861, 4.447, 3.616, 2.934, 2.255, 2.148, 1.918, 2.16, 1.653, 1.728, 1.461, 1.957, 3.24, 3.874, 5.12, 6.776, 7.475, 7.66, 7.235, 6.173, 6.857], [1.405, 1.341, 1.399, 1.058, 2.68, 3.629, 3.029, 2.798, 3.635, 5.649, 6.577, 6.235, 5.735, 5.626, 5.828, 5.849, 5.435, 5.205, 5.905, 6.462, 6.781, 6.999, 7.333, 7.271, 7.178, 8.699, 10.079, 11.64, 12.921, 13.137, 13.255, 12.59, 12.256, 12.388, 11.536, 10.875, 10.904, 10.269, 8.882, 8.281, 8.432, 8.039, 6.727, 5.431, 4.871, 4.694, 4.591, 3.878, 3.317, 3.23, 2.815, 2.265, 2.426, 1.895, 1.197, 0.978, 0.864, 0.0, 1.279, 2.301, 2.687, 2.947, 3.576, 3.713, 4.121, 4.422, 4.002, 3.158, 2.525, 2.132, 2.273, 2.236, 2.434, 1.895, 1.806, 1.576, 1.733, 2.816, 3.41, 4.662, 6.288, 7.014, 7.203, 6.806, 5.723, 6.407], [1.215, 1.253, 1.102, 1.198, 3.667, 4.673, 4.069, 3.758, 4.649, 6.602, 7.624, 7.178, 6.771, 6.656, 6.864, 6.883, 6.45, 6.244, 6.813, 7.511, 7.831, 8.035, 8.35, 8.301, 8.22, 9.72, 11.099, 12.666, 13.937, 14.155, 14.277, 13.615, 13.276, 13.408, 12.543, 11.882, 11.931, 11.296, 9.918, 9.324, 9.474, 9.095, 7.782, 6.479, 5.936, 5.71, 5.619, 4.888, 4.371, 4.261, 3.845, 3.275, 3.481, 2.81, 1.803, 1.455, 1.686, 1.279, 0.0, 1.413, 1.738, 2.089, 2.665, 2.738, 3.081, 3.387, 3.003, 2.229, 2.019, 1.977, 2.353, 2.72, 2.892, 2.152, 2.087, 1.84, 1.408, 2.065, 2.553, 3.767, 5.437, 6.096, 6.295, 5.928, 4.772, 5.444], [1.734, 1.887, 1.588, 2.016, 4.823, 5.825, 5.217, 4.887, 5.783, 7.741, 8.743, 8.295, 7.894, 7.804, 8.017, 8.052, 7.625, 7.408, 7.959, 8.658, 8.96, 9.14, 9.461, 9.398, 9.338, 10.809, 12.193, 13.764, 15.022, 15.238, 15.369, 14.724, 14.36, 14.519, 13.672, 13.016, 13.053, 12.42, 11.05, 10.445, 10.595, 10.207, 8.883, 7.483, 6.999, 6.825, 6.721, 5.997, 5.466, 5.357, 4.945, 4.431, 4.628, 3.917, 2.858, 2.443, 2.747, 2.301, 1.413, 0.0, 0.814, 1.13, 1.714, 1.856, 2.131, 2.508, 2.226, 1.781, 1.601, 2.04, 2.979, 3.778, 3.817, 2.786, 3.021, 2.77, 1.56, 1.467, 1.754, 3.008, 4.683, 5.249, 5.35, 4.818, 3.708, 4.358], [2.109, 2.267, 1.885, 2.439, 5.215, 6.228, 5.618, 5.281, 6.179, 8.134, 9.135, 8.688, 8.286, 8.196, 8.412, 8.473, 8.034, 7.808, 8.379, 9.054, 9.343, 9.521, 9.839, 9.785, 9.715, 11.195, 12.581, 14.151, 15.412, 15.626, 15.754, 15.101, 14.742, 14.898, 14.059, 13.402, 13.434, 12.802, 11.433, 10.825, 10.972, 10.579, 9.252, 7.885, 7.378, 7.207, 7.108, 6.387, 5.848, 5.743, 5.329, 4.813, 5.023, 4.298, 3.247, 2.863, 3.151, 2.687, 1.738, 0.814, 0.0, 1.075, 1.698, 1.74, 1.802, 2.31, 2.213, 1.913, 1.724, 2.319, 3.39, 4.197, 4.238, 3.214, 3.426, 3.176, 1.968, 1.513, 1.681, 2.745, 4.425, 4.999, 5.099, 4.593, 3.508, 4.153], [2.391, 2.467, 2.192, 2.681, 5.452, 6.451, 5.841, 5.531, 6.428, 8.369, 9.387, 8.948, 8.549, 8.46, 8.652, 8.696, 8.265, 8.031, 8.605, 9.285, 9.606, 9.805, 10.128, 10.07, 9.993, 11.486, 12.865, 14.432, 15.704, 15.914, 16.043, 15.379, 15.034, 15.184, 14.32, 13.659, 13.708, 13.072, 11.695, 11.099, 11.25, 10.855, 9.482, 8.131, 7.657, 7.48, 7.373, 6.644, 6.106, 6.013, 5.59, 5.059, 5.255, 4.558, 3.496, 3.112, 3.357, 2.947, 2.089, 1.13, 1.075, 0.0, 0.986, 1.138, 1.575, 1.842, 1.831, 1.677, 1.369, 2.462, 3.647, 4.438, 4.514, 3.459, 3.701, 3.452, 2.128, 1.374, 1.409, 2.551, 4.166, 4.733, 4.831, 4.333, 3.204, 3.872], [2.924, 3.117, 2.729, 3.326, 6.176, 7.176, 6.571, 6.263, 7.157, 9.095, 10.114, 9.674, 9.26, 9.164, 9.369, 9.389, 8.962, 8.748, 9.31, 10.017, 10.336, 10.525, 10.843, 10.797, 10.721, 12.208, 13.593, 15.16, 16.421, 16.638, 16.767, 16.107, 15.746, 15.904, 15.049, 14.389, 14.438, 13.804, 12.427, 11.831, 11.978, 11.583, 10.213, 8.832, 8.383, 8.211, 8.105, 7.376, 6.836, 6.731, 6.327, 5.79, 5.986, 5.29, 4.234, 3.797, 4.013, 3.576, 2.665, 1.714, 1.698, 0.986, 0.0, 0.73, 1.304, 1.288, 1.37, 1.366, 1.628, 3.035, 4.297, 5.112, 5.168, 4.149, 4.37, 4.15, 2.698, 1.518, 1.453, 2.258, 3.814, 4.324, 4.577, 3.988, 2.845, 3.384], [3.051, 3.251, 2.837, 3.456, 6.312, 7.317, 6.712, 6.394, 7.287, 9.236, 10.27, 9.82, 9.422, 9.297, 9.511, 9.53, 9.103, 8.889, 9.463, 10.147, 10.483, 10.698, 10.991, 10.939, 10.858, 12.364, 13.743, 15.308, 16.581, 16.791, 16.921, 16.249, 15.935, 16.073, 15.182, 14.522, 14.571, 13.934, 12.557, 11.962, 12.114, 11.718, 10.344, 9.004, 8.552, 8.342, 8.273, 7.544, 6.996, 6.908, 6.451, 5.931, 6.127, 5.438, 4.361, 3.936, 4.154, 3.713, 2.738, 1.856, 1.74, 1.138, 0.73, 0.0, 0.958, 1.258, 1.362, 1.395, 1.843, 3.186, 4.401, 5.2, 5.342, 4.317, 4.536, 4.292, 2.825, 1.728, 1.517, 2.264, 3.667, 4.252, 4.473, 4.028, 2.847, 3.463], [3.463, 3.656, 3.201, 3.854, 6.717, 7.726, 7.12, 6.799, 7.693, 9.645, 10.678, 10.229, 9.83, 9.7, 9.908, 9.938, 9.511, 9.3, 9.879, 10.553, 10.881, 11.096, 11.396, 11.345, 11.264, 12.769, 14.147, 15.714, 16.984, 17.196, 17.325, 16.655, 16.34, 16.47, 15.588, 14.927, 14.977, 14.34, 12.963, 12.367, 12.519, 12.123, 10.75, 9.402, 8.95, 8.748, 8.671, 7.951, 7.393, 7.305, 6.857, 6.339, 6.533, 5.846, 4.77, 4.334, 4.57, 4.121, 3.081, 2.131, 1.802, 1.575, 1.304, 0.958, 0.0, 1.103, 1.193, 1.617, 2.195, 3.668, 4.834, 5.608, 5.742, 4.733, 4.951, 4.704, 3.238, 1.873, 1.305, 1.7, 3.296, 3.873, 4.044, 3.555, 2.475, 2.989], [3.762, 3.946, 3.492, 4.145, 7.026, 8.026, 7.421, 7.116, 8.018, 9.968, 10.975, 10.552, 10.121, 10.025, 10.22, 10.239, 9.812, 9.596, 10.16, 10.87, 11.2, 11.398, 11.718, 11.67, 11.589, 13.084, 14.465, 16.032, 17.297, 17.514, 17.643, 16.979, 16.622, 16.777, 15.913, 15.253, 15.302, 14.665, 13.289, 12.693, 12.845, 12.449, 11.075, 9.705, 9.251, 9.074, 8.967, 8.244, 7.7, 7.605, 7.182, 6.64, 6.836, 6.147, 5.089, 4.661, 4.861, 4.422, 3.387, 2.508, 2.31, 1.842, 1.288, 1.