[[0.0, 0.968, 1.17, 1.34, 1.247, 1.321, 1.94, 2.847, 3.083, 2.506, 2.639, 2.815, 2.819, 3.072, 3.009, 3.2, 3.8, 4.709, 4.962, 4.738, 5.416, 7.941, 10.302, 11.276, 10.16, 9.816, 11.482, 13.538, 14.567, 14.362, 12.886, 11.879, 11.611, 9.8, 6.147, 3.262, 3.446, 4.507, 5.529, 5.532, 5.804, 6.125, 5.614, 5.253, 5.284, 5.101, 4.747, 4.761, 4.813, 4.859, 4.784, 4.935, 5.072, 4.665, 4.802, 4.893, 4.541, 3.777, 2.97, 1.79, 1.654, 1.719, 2.006, 2.362, 2.453, 2.362, 2.324, 2.814, 2.977, 4.189, 5.784, 8.05, 10.493, 10.59, 10.254, 10.426, 10.944, 10.864, 10.766, 10.683, 10.929, 10.731, 11.102, 11.178, 10.866, 11.1], [0.968, 0.0, 0.664, 0.946, 0.906, 1.061, 1.619, 2.465, 2.715, 2.167, 2.045, 2.282, 2.25, 2.503, 2.588, 2.814, 3.594, 4.229, 4.645, 4.463, 5.438, 8.008, 10.534, 11.565, 10.419, 10.069, 11.759, 13.848, 14.879, 14.676, 13.202, 12.191, 11.923, 10.122, 6.504, 3.795, 4.266, 5.032, 5.947, 6.163, 6.459, 6.757, 6.269, 5.947, 5.972, 5.799, 5.478, 5.479, 5.491, 5.416, 5.208, 5.242, 5.379, 5.036, 5.061, 5.108, 4.593, 3.967, 2.904, 2.163, 2.113, 2.316, 2.426, 2.946, 3.229, 3.028, 2.862, 3.453, 3.774, 4.494, 6.097, 8.372, 10.803, 10.921, 10.585, 10.745, 11.254, 11.147, 11.068, 11.0, 11.259, 11.064, 11.431, 11.501, 11.195, 11.429], [1.17, 0.664, 0.0, 0.625, 0.721, 0.901, 1.546, 2.261, 2.431, 1.914, 1.954, 2.219, 2.187, 2.484, 2.586, 2.878, 3.676, 4.34, 4.773, 4.582, 5.6, 8.216, 10.875, 11.87, 10.701, 10.351, 12.001, 14.127, 15.163, 14.957, 13.508, 12.477, 12.246, 10.432, 6.823, 4.116, 4.354, 5.051, 5.992, 6.248, 6.527, 6.852, 6.338, 6.021, 6.047, 5.883, 5.551, 5.562, 5.572, 5.5, 5.247, 5.212, 5.417, 5.021, 5.038, 4.982, 4.469, 3.882, 2.79, 2.217, 2.228, 2.446, 2.617, 3.093, 3.368, 3.204, 2.967, 3.503, 3.831, 4.831, 6.422, 8.696, 11.123, 11.236, 10.899, 11.065, 11.574, 11.447, 11.389, 11.323, 11.571, 11.393, 11.758, 11.81, 11.527, 11.758], [1.34, 0.946, 0.625, 0.0, 0.719, 0.736, 1.409, 2.213, 2.354, 1.853, 1.951, 2.287, 2.219, 2.53, 2.691, 2.97, 3.856, 4.543, 4.962, 4.78, 5.698, 8.31, 11.01, 12.047, 10.881, 10.533, 12.173, 14.293, 15.327, 15.12, 13.677, 12.651, 12.415, 10.604, 7.119, 4.38, 4.467, 5.131, 6.055, 6.317, 6.613, 6.913, 6.424, 6.114, 6.142, 5.987, 5.648, 5.668, 5.669, 5.623, 5.417, 5.33, 5.536, 5.148, 5.105, 5.071, 4.561, 3.985, 2.874, 2.27, 2.376, 2.617, 2.82, 3.265, 3.493, 3.356, 3.102, 3.607, 3.936, 5.072, 6.612, 8.853, 11.299, 11.428, 11.087, 11.221, 11.768, 11.63, 11.581, 11.504, 11.749, 11.559, 11.941, 11.993, 11.689, 11.909], [1.247, 0.906, 0.721, 0.719, 0.0, 0.732, 1.328, 2.222, 2.381, 1.723, 1.859, 2.169, 2.094, 2.444, 2.405, 2.733, 3.578, 4.331, 4.557, 4.412, 5.366, 8.006, 10.869, 11.904, 10.757, 10.423, 12.091, 14.168, 15.214, 14.999, 13.526, 12.502, 12.264, 10.456, 7.027, 4.317, 4.492, 5.256, 6.197, 6.447, 6.739, 7.051, 6.553, 6.227, 6.259, 6.087, 5.732, 5.743, 5.754, 5.705, 5.492, 5.431, 5.647, 5.267, 5.241, 5.234, 4.52, 4.04, 2.733, 2.35, 2.432, 2.607, 2.815, 3.236, 3.498, 3.356, 3.074, 3.642, 3.959, 4.914, 6.466, 8.701, 11.15, 11.282, 10.936, 11.071, 11.618, 11.482, 11.43, 11.352, 11.595, 11.406, 11.788, 11.851, 11.541, 11.761], [1.321, 1.061, 0.901, 0.736, 0.732, 0.0, 1.073, 2.049, 2.287, 1.908, 2.114, 2.392, 2.316, 2.621, 2.72, 2.967, 3.766, 4.482, 4.721, 4.575, 5.485, 8.104, 10.964, 12.017, 10.868, 10.498, 12.138, 14.271, 15.314, 15.103, 13.638, 12.608, 12.371, 10.561, 7.077, 4.394, 4.311, 4.946, 5.875, 6.133, 6.416, 6.737, 6.237, 5.9, 5.924, 5.769, 5.425, 5.437, 5.458, 5.412, 5.261, 5.214, 5.45, 5.092, 5.036, 5.047, 4.349, 3.786, 2.609, 2.145, 2.397, 2.594, 2.82, 3.235, 3.415, 3.299, 3.032, 3.426, 3.818, 5.042, 6.554, 8.818, 11.252, 11.371, 11.034, 11.199, 11.703, 11.59, 11.518, 11.447, 11.696, 11.516, 11.891, 11.948, 11.647, 11.878], [1.94, 1.619, 1.546, 1.409, 1.328, 1.073, 0.0, 1.215, 1.625, 1.715, 2.614, 2.776, 2.703, 2.987, 3.14, 3.532, 4.388, 5.029, 5.194, 5.068, 6.066, 8.759, 11.771, 12.832, 11.686, 11.332, 12.976, 15.113, 16.146, 15.944, 14.474, 13.454, 13.205, 11.403, 7.861, 4.943, 4.556, 5.001, 5.74, 6.172, 6.462, 6.774, 6.338, 6.065, 6.084, 5.936, 5.625, 5.662, 5.699, 5.612, 5.431, 5.272, 5.505, 5.133, 5.098, 5.031, 4.316, 3.791, 2.705, 2.508, 2.824, 3.066, 3.274, 3.705, 3.952, 3.742, 3.431, 3.749, 4.232, 5.776, 7.377, 9.655, 12.086, 12.211, 11.875, 12.026, 12.528, 12.419, 12.349, 12.282, 12.538, 12.346, 12.715, 12.786, 12.478, 12.712], [2.847, 2.465, 2.261, 2.213, 2.222, 2.049, 1.215, 0.0, 0.865, 1.688, 3.166, 3.433, 3.301, 3.584, 3.968, 4.465, 5.324, 5.745, 6.036, 6.002, 7.042, 9.757, 12.864, 13.92, 12.787, 12.431, 14.079, 16.213, 17.244, 17.039, 15.578, 14.568, 14.312, 12.499, 8.871, 5.731, 4.765, 5.181, 5.897, 6.354, 6.653, 6.954, 6.53, 6.246, 6.264, 6.128, 5.82, 5.869, 5.87, 5.763, 5.452, 5.295, 5.499, 5.086, 5.073, 4.907, 4.233, 3.834, 2.788, 2.752, 3.466, 3.62, 3.626, 4.307, 4.689, 4.382, 3.635, 3.921, 4.73, 6.817, 8.466, 10.754, 13.186, 13.298, 12.962, 13.124, 13.635, 13.538, 13.459, 13.376, 13.636, 13.439, 13.805, 13.876, 13.57, 13.806], [3.083, 2.715, 2.431, 2.354, 2.381, 2.287, 1.625, 0.865, 0.0, 1.419, 3.013, 3.291, 3.138, 3.494, 4.054, 4.561, 5.429, 5.9, 6.116, 6.233, 7.353, 10.035, 13.081, 14.143, 12.983, 12.625, 14.266, 16.408, 17.448, 17.236, 15.787, 14.757, 14.515, 12.705, 9.075, 5.926, 4.702, 5.115, 5.893, 6.293, 6.587, 6.909, 6.456, 6.177, 6.192, 6.039, 5.725, 5.77, 5.773, 5.668, 5.355, 5.219, 5.338, 5.015, 4.994, 4.836, 4.122, 3.747, 2.601, 2.742, 3.649, 3.8, 3.81, 4.485, 4.862, 4.536, 3.51, 3.815, 4.895, 7.053, 8.675, 10.96, 13.394, 13.504, 13.168, 13.325, 13.839, 13.72, 13.66, 13.589, 13.835, 13.65, 14.018, 14.081, 13.783, 14.013], [2.506, 2.167, 1.914, 1.853, 1.723, 1.908, 1.715, 1.688, 1.419, 0.0, 1.689, 2.124, 2.016, 2.382, 3.063, 3.626, 4.468, 4.931, 5.186, 5.288, 6.486, 9.165, 12.132, 13.176, 12.009, 11.651, 13.308, 15.443, 16.468, 16.265, 14.824, 13.786, 13.561, 11.755, 8.263, 5.309, 5.193, 6.103, 6.919, 7.311, 7.59, 7.931, 7.396, 7.043, 7.075, 6.886, 6.504, 6.508, 6.522, 6.508, 6.241, 6.243, 6.38, 6.015, 6.003, 5.736, 5.022, 4.668, 3.356, 2.885, 3.157, 3.376, 3.431, 3.993, 4.322, 4.056, 3.786, 4.401, 4.752, 6.138, 7.734, 10.002, 12.442, 12.566, 12.23, 12.369, 12.89, 12.764, 12.711, 12.638, 12.888, 12.7, 13.078, 13.136, 12.831, 13.057], [2.639, 2.045, 1.954, 1.951, 1.859, 2.114, 2.614, 3.166, 3.013, 1.689, 0.0, 0.901, 0.928, 1.287, 1.824, 2.215, 3.137, 3.639, 3.915, 3.941, 5.074, 7.728, 10.661, 11.699, 10.514, 10.157, 11.824, 13.948, 14.968, 14.765, 13.328, 12.286, 12.073, 10.303, 7.006, 5.026, 5.815, 6.881, 7.696, 8.091, 8.368, 8.71, 8.17, 7.781, 7.803, 7.609, 7.223, 7.194, 7.279, 7.26, 7.006, 7.023, 7.161, 6.784, 6.769, 6.493, 5.831, 5.503, 4.096, 3.479, 3.335, 3.445, 3.554, 4.087, 4.512, 4.381, 4.504, 5.114, 5.207, 5.105, 6.275, 8.506, 10.959, 11.091, 10.746, 10.883, 11.42, 11.281, 11.236, 11.159, 11.403, 11.214, 11.595, 11.648, 11.345, 11.565], [2.815, 2.282, 2.219, 2.287, 2.169, 2.392, 2.776, 3.433, 3.291, 2.124, 0.901, 0.0, 0.463, 0.625, 1.234, 1.625, 2.564, 3.075, 3.394, 3.391, 4.466, 7.289, 10.199, 11.239, 10.093, 9.698, 11.357, 13.489, 14.509, 14.306, 12.869, 11.826, 11.611, 9.816, 6.452, 5.055, 5.884, 6.958, 7.758, 8.171, 8.43, 8.818, 8.239, 7.851, 7.871, 7.678, 7.282, 7.261, 7.342, 7.351, 7.127, 7.133, 7.265, 6.957, 6.918, 6.704, 5.973, 5.539, 4.26, 3.603, 3.39, 3.472, 3.58, 4.108, 4.571, 4.437, 4.567, 5.186, 5.251, 4.846, 5.8, 8.046, 10.501, 10.63, 10.29, 10.423, 10.957, 10.821, 10.773, 10.696, 10.942, 10.753, 11.135, 11.19, 10.883, 11.104], [2.819, 2.25, 2.187, 2.219, 2.094, 2.316, 2.703, 3.301, 3.138, 2.016, 0.928, 0.463, 0.0, 0.671, 1.276, 1.705, 2.563, 3.056, 3.373, 3.389, 4.572, 7.315, 10.268, 11.307, 10.138, 9.762, 11.429, 13.559, 14.579, 14.376, 12.939, 11.897, 11.681, 9.873, 6.445, 5.086, 5.934, 6.998, 7.812, 8.216, 8.484, 8.848, 8.286, 7.898, 7.922, 7.728, 7.338, 7.309, 7.392, 7.382, 7.157, 7.161, 7.299, 6.984, 6.948, 6.757, 5.965, 5.571, 4.214, 3.59, 3.426, 3.508, 3.616, 4.145, 4.615, 4.487, 4.621, 5.231, 5.292, 5.0, 5.873, 8.116, 10.569, 10.698, 10.358, 10.491, 11.026, 10.888, 10.841, 10.764, 11.011, 10.822, 11.203, 11.26, 10.952, 11.174], [3.072, 2.503, 2.484, 2.53, 2.444, 2.621, 2.987, 3.584, 3.494, 2.382, 1.287, 0.625, 0.671, 0.0, 0.972, 1.425, 2.335, 2.818, 3.148, 3.174, 4.217, 7.088, 9.946, 10.998, 9.874, 9.478, 11.109, 13.24, 14.26, 14.057, 12.62, 11.578, 11.362, 9.561, 6.18, 5.145, 6.059, 7.169, 7.985, 8.381, 8.64, 9.02, 8.415, 8.039, 8.033, 7.856, 7.469, 7.449, 7.546, 7.556, 7.348, 7.354, 7.496, 7.18, 7.144, 6.959, 6.225, 5.749, 4.485, 3.78, 3.521, 3.558, 3.658, 4.209, 4.703, 4.585, 4.777, 5.394, 5.376, 4.966, 5.554, 7.8, 10.24, 10.369, 10.029, 10.167, 10.699, 10.566, 10.518, 10.442, 10.691, 10.503, 10.881, 10.937, 10.631, 10.855], [3.009, 2.588, 2.586, 2.691, 2.405, 2.72, 3.14, 3.968, 4.054, 3.063, 1.824, 1.234, 1.276, 0.972, 0.0, 0.734, 1.659, 2.327, 2.558, 2.448, 3.526, 6.335, 9.336, 10.364, 9.164, 8.824, 10.488, 12.597, 13.609, 13.405, 11.978, 10.925, 10.715, 8.918, 5.594, 4.927, 5.981, 7.132, 7.884, 8.304, 8.551, 8.958, 8.318, 7.923, 7.9, 7.727, 7.348, 7.319, 7.441, 7.502, 7.405, 7.412, 7.639, 7.313, 7.28, 7.181, 6.41, 5.771, 4.391, 3.663, 3.358, 3.366, 3.492, 4.071, 4.533, 4.415, 4.677, 5.322, 5.179, 4.671, 4.968, 7.157, 9.617, 9.746, 9.399, 9.532, 10.073, 9.938, 9.889, 9.808, 10.051, 9.862, 10.245, 10.303, 9.993, 10.211], [3.2, 2.814, 2.878, 2.97, 2.733, 2.967, 3.532, 4.465, 4.561, 3.626, 2.215, 1.625, 1.705, 1.425, 0.734, 0.0, 1.346, 2.043, 2.27, 2.037, 3.014, 5.813, 8.777, 9.811, 8.639, 8.275, 9.943, 12.059, 13.081, 12.86, 11.419, 10.365, 10.156, 8.366, 5.185, 4.999, 6.075, 7.224, 7.982, 8.391, 8.644, 9.051, 8.402, 8.003, 7.979, 7.807, 7.427, 7.404, 7.517, 7.593, 7.489, 7.49, 7.724, 7.44, 7.358, 7.373, 6.693, 5.953, 4.688, 3.803, 3.442, 3.45, 3.64, 4.191, 4.612, 4.509, 4.796, 5.394, 5.241, 4.712, 4.478, 6.601, 9.068, 9.205, 8.85, 8.983, 9.532, 9.375, 9.334, 9.254, 9.496, 9.313, 9.694, 9.749, 9.441, 9.66], [3.8, 3.594, 3.676, 3.856, 3.578, 3.766, 4.388, 5.324, 5.429, 4.468, 3.137, 2.564, 2.563, 2.335, 1.659, 1.346, 0.0, 1.404, 1.6, 1.386, 2.354, 4.979, 7.909, 8.915, 7.71, 7.406, 9.089, 11.103, 12.08, 11.872, 10.427, 9.402, 9.169, 7.408, 4.725, 5.337, 6.487, 7.662, 8.426, 8.919, 9.056, 9.464, 8.802, 8.401, 8.372, 8.199, 7.825, 7.803, 7.926, 8.021, 7.957, 7.955, 8.196, 7.873, 7.919, 7.895, 7.285, 6.508, 5.438, 4.465, 4.04, 3.978, 4.136, 4.558, 4.97, 4.868, 5.205, 5.803, 5.587, 5.022, 3.995, 5.622, 8.072, 8.215, 7.866, 8.017, 8.555, 8.377, 8.345, 8.261, 8.502, 8.32, 8.696, 8.759, 8.462, 8.69], [4.709, 4.229, 4.34, 4.543, 4.331, 4.482, 5.029, 5.745, 5.9, 4.931, 3.639, 3.075, 3.056, 2.818, 2.327, 2.043, 1.404, 0.0, 0.86, 0.937, 1.939, 4.601, 7.48, 8.498, 7.327, 6.952, 8.625, 10.736, 11.765, 11.57, 10.12, 9.092, 8.953, 7.257, 5.412, 6.329, 7.654, 8.832, 9.556, 9.953, 10.222, 10.638, 9.962, 9.543, 9.5, 9.325, 8.943, 8.97, 9.088, 9.184, 9.053, 9.07, 9.282, 8.958, 8.936, 8.799, 8.129, 7.507, 6.211, 5.221, 4.979, 4.942, 5.059, 5.626, 6.022, 5.96, 6.359, 6.963, 6.629, 5.972, 4.538, 5.311, 7.76, 7.899, 7.547, 7.68, 8.225, 8.08, 8.039, 7.952, 8.187, 8.011, 8.385, 8.449, 8.152, 8.379], [4.962, 4.645, 4.773, 4.962, 4.557, 4.721, 5.194, 6.036, 6.116, 5.186, 3.915, 3.394, 3.373, 3.148, 2.558, 2.27, 1.6, 0.86, 0.0, 0.773, 1.59, 4.23, 7.253, 8.303, 7.136, 6.8, 8.405, 10.549, 11.594, 11.365, 9.886, 8.88, 8.75, 7.068, 5.552, 6.355, 7.679, 8.906, 9.571, 9.975, 10.246, 10.667, 9.974, 9.557, 9.513, 9.352, 8.983, 9.011, 9.206, 9.314, 9.239, 9.24, 9.47, 9.2, 9.16, 9.12, 8.411, 7.739, 6.39, 5.316, 4.996, 5.048, 5.231, 5.721, 6.05, 5.981, 6.484, 7.091, 6.665, 6.009, 4.656, 5.084, 7.533, 7.67, 7.316, 7.453, 7.999, 7.854, 7.811, 7.726, 7.96, 7.79, 8.158, 8.255, 7.924, 8.152], [4.738, 4.463, 4.582, 4.78, 4.412, 4.575, 5.068, 6.002, 6.233, 5.288, 3.941, 3.391, 3.389, 3.174, 2.448, 2.037, 1.386, 0.937, 0.773, 0.0, 1.333, 4.089, 7.037, 8.097, 6.964, 6.574, 8.274, 10.314, 11.367, 11.161, 9.689, 8.685, 8.477, 6.765, 5.253, 6.064, 7.404, 8.595, 9.3, 9.7, 9.971, 10.392, 9.698, 9.271, 9.237, 9.071, 8.688, 8.719, 8.88, 8.987, 8.93, 8.916, 9.155, 8.873, 8.911, 8.908, 8.184, 7.475, 6.234, 5.091, 4.771, 4.788, 4.963, 5.376, 5.75, 5.694, 6.165, 6.764, 6.355, 5.73, 4.337, 4.9, 7.317, 7.456, 7.104, 7.26, 7.785, 7.623, 7.582, 7.502, 7.762, 7.584, 7.942, 8.014, 7.723, 7.957], [5.416, 5.438, 5.6, 5.698, 5.366, 5.485, 6.066, 7.042, 7.353, 6.486, 5.074, 4.466, 4.572, 4.217, 3.526, 3.014, 2.354, 1.939, 1.59, 1.333, 0.0, 2.918, 5.941, 7.014, 5.968, 5.729, 7.253, 9.332, 10.509, 10.323, 8.713, 7.813, 7.413, 5.716, 4.941, 5.998, 7.524, 8.711, 9.526, 9.782, 10.054, 10.484, 9.764, 9.368, 9.293, 9.152, 8.845, 8.908, 9.081, 9.246, 9.273, 9.28, 9.779, 9.669, 9.624, 9.746, 9.076, 8.276, 7.262, 5.675, 5.024, 5.175, 5.495, 5.842, 5.81, 5.939, 6.711, 7.051, 6.415, 5.62, 4.042, 3.97, 6.317, 6.354, 6.004, 6.326, 6.807, 6.824, 6.554, 6.466, 6.695, 6.547, 6.862, 6.937, 6.639, 6.906], [7.941, 8.008, 8.216, 8.31, 8.006, 8.104, 8.759, 9.757, 10.035, 9.165, 7.728, 7.289, 7.315, 7.088, 6.335, 5.813, 4.979, 4.601, 4.23, 4.089, 2.918, 0.0, 3.43, 4.818, 4.173, 4.05, 5.519, 7.66, 8.878, 8.708, 6.906, 6.007, 5.598, 4.704, 5.58, 6.896, 9.373, 10.233, 10.989, 11.068, 11.517, 11.924, 11.405, 10.874, 10.709, 10.729, 10.552, 10.447, 10.602, 10.92, 11.183, 11.495, 12.2, 12.156, 11.987, 12.133, 11.665, 10.805, 9.896, 8.225, 7.34, 7.507, 7.952, 7.969, 7.713, 7.991, 9.105, 9.338, 7.797, 6.311, 4.862, 3.082, 4.493, 4.314, 4.04, 4.466, 4.925, 5.354, 5.094, 5.152, 5.281, 5.23, 5.65, 5.457, 5.099, 5.227], [10.302, 10.534, 10.875, 11.01, 10.869, 10.964, 11.771, 12.864, 13.081, 12.132, 10.661, 10.199, 10.268, 9.946, 9.336, 8.777, 7.909, 7.48, 7.253, 7.037, 5.941, 3.43, 0.0, 1.701, 1.548, 1.607, 2.394, 4.292, 5.558, 5.384, 3.573, 3.254, 3.652, 4.329, 6.143, 8.389, 10.859, 12.436, 13.472, 12.953, 12.77, 13.23, 12.812, 12.204, 12.063, 12.275, 12.158, 12.032, 12.259, 12.545, 12.847, 13.39, 13.961, 13.889, 13.988, 14.388, 14.359, 13.419, 12.697, 10.831, 9.694, 9.724, 10.039, 9.638, 9.325, 9.637, 10.875, 11.013, 9.276, 7.383, 5.679, 3.411, 2.059, 1.847, 1.647, 1.656, 2.74, 3.835, 3.668, 3.957, 4.118, 4.174, 4.595, 4.114, 3.546, 3.423], [11.276, 11.565, 11.87, 12.047, 11.904, 12.017, 12.832, 13.92, 14.143, 13.176, 11.699, 11.239, 11.307, 10.998, 10.364, 9.811, 8.915, 8.498, 8.303, 8.097, 7.014, 4.818, 1.701, 0.0, 1.452, 1.858, 1.391, 2.865, 4.104, 3.94, 2.457, 2.854, 3.401, 4.187, 6.572, 9.688, 11.747, 13.719, 14.762, 14.034, 13.594, 14.05, 13.535, 13.135, 12.988, 13.25, 13.24, 13.287, 13.614, 13.876, 14.089, 14.527, 14.813, 14.692, 14.999, 15.373, 15.392, 14.471, 13.772, 11.88, 10.747, 10.646, 10.757, 10.662, 10.397, 10.705, 11.907, 12.082, 10.254, 8.39, 6.408, 3.847, 2.023, 2.058, 1.711, 1.572, 2.409, 3.509, 3.369, 3.716, 3.861, 3.966, 4.349, 3.831, 3.261, 3.068], [10.16, 10.419, 10.701, 10.881, 10.757, 10.868, 11.686, 12.787, 12.983, 12.009, 10.514, 10.093, 10.138, 9.874, 9.164, 8.639, 7.71, 7.327, 7.136, 6.964, 5.968, 4.173, 1.548, 1.452, 0.0, 0.785, 1.601, 3.579, 4.75, 4.572, 2.989, 3.244, 3.731, 4.37, 6.475, 9.28, 11.338, 13.215, 14.204, 13.555, 13.402, 13.848, 13.386, 12.739, 12.733, 12.919, 12.79, 12.97, 13.257, 13.509, 13.625, 13.87, 14.071, 13.839, 14.057, 14.375, 14.351, 13.437, 12.638, 10.794, 9.876, 9.657, 9.852, 9.952, 9.851, 10.091, 11.054, 11.348, 9.863, 8.081, 6.122, 3.428, 2.273, 2.376, 1.876, 1.648, 2.724, 3.674, 3.7, 4.006, 4.172, 4.245, 4.727, 4.197, 3.606, 3.379], [9.816, 10.069, 10.351, 10.533, 10.423, 10.498, 11.332, 12.431, 12.625, 11.651, 10.157, 9.698, 9.762, 9.478, 8.824, 8.275, 7.406, 6.952, 6.8, 6.574, 5.729, 4.05, 1.607, 1.858, 0.785, 0.0, 1.839, 3.849, 4.91, 4.739, 3.24, 3.121, 3.609, 4.296, 6.44, 9.223, 11.207, 13.065, 14.074, 13.361, 13.332, 13.884, 13.323, 12.686, 12.7, 12.894, 12.719, 12.913, 13.168, 13.369, 13.492, 13.716, 13.806, 13.534, 13.798, 14.081, 13.995, 13.03, 12.259, 10.512, 9.626, 9.459, 9.612, 9.744, 9.66, 9.919, 10.788, 11.194, 9.827, 8.018, 6.103, 3.333, 2.308, 2.474, 2.007, 1.458, 2.596, 3.415, 3.534, 3.849, 3.977, 4.049, 4.498, 3.98, 3.4, 3.165], [11.482, 11.759, 12.001, 12.173, 12.091, 12.138, 12.976, 14.079, 14.266, 13.308, 11.824, 11.357, 11.429, 11.109, 10.488, 9.943, 9.089, 8.625, 8.405, 8.274, 7.253, 5.519, 2.394, 1.391, 1.601, 1.839, 0.0, 2.284, 3.489, 3.255, 2.444, 3.209, 3.763, 4.872, 7.358, 10.459, 12.391, 14.462, 15.501, 14.782, 14.397, 14.913, 14.384, 13.797, 13.798, 14.023, 13.912, 14.081, 14.387, 14.615, 14.761, 14.963, 15.052, 14.916, 15.13, 15.532, 15.631, 14.696, 13.957, 12.059, 11.157, 10.992, 11.101, 11.054, 10.895, 11.176, 12.206, 12.414, 10.989, 9.169, 7.119, 4.222, 2.624, 2.838, 2.385, 1.877, 2.827, 3.774, 3.797, 4.145, 4.179, 4.377, 4.656, 4.061, 3.511, 3.307], [13.538, 13.848, 14.127, 14.293, 14.168, 14.271, 15.113, 16.213, 16.408, 15.443, 13.948, 13.489, 13.559, 13.24, 12.597, 12.059, 11.103, 10.736, 10.549, 10.314, 9.332, 7.66, 4.292, 2.865, 3.579, 3.849, 2.284, 0.0, 1.359, 1.642, 2.774, 4.071, 4.44, 5.929, 8.76, 12.333, 14.148, 16.381, 17.448, 16.707, 15.935, 16.38, 15.858, 15.441, 15.468, 15.742, 15.681, 15.866, 16.194, 16.36, 16.537, 16.725, 16.854, 16.655, 17.093, 17.577, 17.648, 16.709, 15.996, 14.161, 13.221, 13.055, 13.014, 12.809, 12.585, 12.94, 13.942, 14.202, 12.736, 10.854, 8.633, 5.937, 3.688, 4.018, 3.826, 3.508, 3.545, 4.32, 4.264, 4.764, 4.869, 4.912, 5.065, 4.609, 4.376, 4.124], [14.567, 14.879, 15.163, 15.327, 15.214, 15.314, 16.146, 17.244, 17.448, 16.468, 14.968, 14.509, 14.579, 14.26, 13.609, 13.081, 12.08, 11.765, 11.594, 11.367, 10.509, 8.878, 5.558, 4.104, 4.75, 4.91, 3.489, 1.359, 0.0, 1.252, 3.388, 4.797, 5.248, 6.866, 9.881, 13.513, 15.293, 17.577, 18.673, 17.889, 17.048, 17.45, 16.99, 16.575, 16.623, 16.906, 16.838, 17.047, 17.374, 17.573, 17.759, 17.967, 17.95, 17.656, 18.148, 18.64, 18.706, 17.779, 17.046, 15.297, 14.442, 14.253, 14.15, 13.883, 13.724, 14.141, 14.933, 15.343, 13.917, 12.011, 9.798, 7.001, 4.756, 5.11, 5.035, 4.675, 4.269, 4.65, 4.833, 5.447, 5.566, 5.626, 5.542, 5.364, 5.164, 4.94], [14.362, 14.676, 14.957, 15.12, 14.999, 15.103, 15.944, 17.039, 17.236, 16.265, 14.765, 14.306, 14.376, 14.057, 13.405, 12.86, 11.872, 11.57, 11.365, 11.161, 10.323, 8.708, 5.384, 3.94, 4.572, 4.739, 3.255, 1.642, 1.252, 0.0, 2.513, 3.815, 4.349, 5.982, 9.364, 13.24, 15.026, 17.329, 18.422, 17.645, 16.682, 16.933, 16.52, 16.181, 16.247, 16.545, 16.498, 16.708, 17.047, 17.261, 17.486, 17.663, 17.613, 17.32, 17.759, 18.37, 18.486, 17.566, 16.823, 15.098, 14.263, 14.078, 13.975, 13.554, 13.483, 13.876, 14.707, 15.053, 13.695, 11.634, 9.525, 6.737, 4.497, 4.764, 4.843, 4.472, 3.993, 3.845, 4.148, 4.516, 4.655, 4.863, 4.695, 4.52, 4.682, 4.444], [12.886, 13.202, 13.508, 13.677, 13.526, 13.638, 14.474, 15.578, 15.787, 14.824, 13.328, 12.869, 12.939, 12.62, 11.978, 11.419, 10.427, 10.12, 9.886, 9.689, 8.713, 6.906, 3.573, 2.457, 2.989, 3.24, 2.444, 2.774, 3.388, 2.513, 0.0, 1.674, 2.114, 3.691, 7.21, 11.197, 13.174, 15.449, 16.479, 15.761, 14.774, 14.73, 14.443, 14.142, 14.221, 14.607, 14.526, 14.689, 15.052, 15.275, 15.534, 15.774, 16.003, 15.744, 16.179, 16.748, 16.88, 15.943, 15.33, 13.505, 12.556, 12.391, 12.336, 11.752, 11.574, 11.894, 13.034, 13.186, 11.741, 9.594, 7.53, 4.988, 3.046, 3.122, 3.19, 2.687, 2.211, 2.429, 2.536, 2.598, 2.583, 2.719, 2.969, 2.847, 2.724, 2.447], [11.879, 12.191, 12.477, 12.651, 12.502, 12.608, 13.454, 14.568, 14.757, 13.786, 12.286, 11.826, 11.897, 11.578, 10.925, 10.365, 9.402, 9.092, 8.88, 8.685, 7.813, 6.007, 3.254, 2.854, 3.244, 3.121, 3.209, 4.071, 4.797, 3.815, 1.674, 0.0, 1.071, 2.633, 6.309, 10.143, 12.243, 14.544, 15.539, 14.855, 13.898, 13.664, 13.407, 13.191, 13.243, 13.64, 13.55, 13.677, 14.077, 14.37, 14.594, 14.878, 14.978, 14.716, 15.062, 15.614, 15.841, 14.949, 14.294, 12.578, 11.688, 11.489, 11.453, 10.769, 10.69, 11.0, 12.051, 12.179, 10.769, 8.548, 6.587, 4.204, 2.687, 2.642, 2.637, 2.087, 1.762, 1.901, 2.088, 1.887, 1.831, 2.164, 2.538, 2.338, 2.062, 2.115], [11.611, 11.923, 12.246, 12.415, 12.264, 12.371, 13.205, 14.312, 14.515, 13.561, 12.073, 11.611, 11.681, 11.362, 10.715, 10.156, 9.169, 8.953, 8.75, 8.477, 7.413, 5.598, 3.652, 3.401, 3.731, 3.609, 3.763, 4.44, 5.248, 4.349, 2.114, 1.071, 0.0, 1.998, 5.755, 9.586, 11.806, 14.006, 14.96, 14.299, 13.379, 13.125, 12.833, 12.656, 12.778, 13.093, 13.118, 13.203, 13.516, 13.841, 14.089, 14.415, 14.675, 14.461, 14.768, 15.341, 15.564, 14.639, 14.01, 12.249, 11.244, 11.095, 11.061, 10.42, 10.159, 10.466, 11.751, 11.751, 10.284, 7.928, 6.081, 4.046, 3.107, 2.953, 2.759, 2.487, 1.732, 1.794, 1.643, 1.534, 1.345, 1.583, 1.841, 1.9, 1.857, 1.989], [9.8, 10.122, 10.432, 10.604, 10.456, 10.561, 11.403, 12.499, 12.705, 11.755, 10.303, 9.816, 9.873, 9.561, 8.918, 8.366, 7.408, 7.257, 7.068, 6.765, 5.716, 4.704, 4.329, 4.187, 4.37, 4.296, 4.872, 5.929, 6.866, 5.982, 3.691, 2.633, 1.998, 0.0, 3.92, 7.836, 9.995, 12.198, 13.183, 12.506, 11.573, 11.378, 11.045, 10.876, 11.017, 11.336, 11.369, 11.442, 11.769, 12.03, 12.285, 12.597, 12.845, 12.65, 13.078, 13.623, 13.764, 12.835, 12.211, 10.381, 9.398, 9.289, 9.229, 8.664, 8.311, 8.627, 9.91, 9.982, 8.526, 6.19, 4.41, 2.651, 3.388, 3.289, 3.232, 3.334, 3.018, 2.579, 2.29, 1.805, 1.696, 1.719, 2.026, 2.269, 2.108, 2.402], [6.147, 6.504, 6.823, 7.119, 7.027, 7.077, 7.861, 8.871, 9.075, 8.263, 7.006, 6.452, 6.445, 6.18, 5.594, 5.185, 4.725, 5.412, 5.552, 5.253, 4.941, 5.58, 6.143, 6.572, 6.475, 6.44, 7.358, 8.76, 9.881, 9.364, 7.21, 6.309, 5.755, 3.92, 0.0, 4.063, 6.243, 8.388, 9.42, 8.825, 7.916, 7.844, 7.462, 7.205, 7.243, 7.597, 7.627, 7.642, 7.955, 8.192, 8.468, 8.931, 9.316, 9.152, 9.533, 10.034, 10.077, 9.166, 8.537, 6.733, 5.584, 5.499, 5.541, 4.91, 4.596, 4.926, 6.229, 6.315, 4.74, 2.66, 1.609, 3.476, 5.301, 5.14, 5.218, 5.769, 5.813, 5.834, 5.413, 5.134, 5.152, 4.883, 5.182, 5.292, 5.011, 5.29], [3.262, 3.795, 4.116, 4.38, 4.317, 4.394, 4.943, 5.731, 5.926, 5.309, 5.026, 5.055, 5.086, 5.145, 4.927, 4.999, 5.337, 6.329, 6.355, 6.064, 5.998, 6.896, 8.389, 9.688, 9.28, 9.223, 10.459, 12.333, 13.513, 13.24, 11.197, 10.143, 9.586, 7.836, 4.063, 0.0, 3.04, 4.758, 5.75, 5.35, 5.194, 5.155, 4.606, 4.225, 4.154, 4.275, 4.172, 4.019, 4.31, 4.708, 5.018, 5.617, 6.165, 6.057, 6.228, 6.646, 6.606, 5.686, 4.996, 3.394, 2.43, 2.34, 2.464, 1.853, 1.55, 1.731, 2.988, 3.024, 1.635, 1.837, 3.773, 6.637, 8.857, 8.541, 8.576, 8.942, 9.328, 9.647, 9.199, 8.974, 9.052, 8.815, 9.085, 9.094, 8.863, 9.115], [3.446, 4.266, 4.354, 4.467, 4.492, 4.311, 4.556, 4.765, 4.702, 5.193, 5.815, 5.884, 5.934, 6.059, 5.981, 6.075, 6.487, 7.654, 7.679, 7.404, 7.524, 9.373, 10.859, 11.747, 11.338, 11.207, 12.391, 14.148, 15.293, 15.026, 13.174, 12.243, 11.806, 9.995, 6.243, 3.04, 0.0, 2.53, 3.805, 3.15, 2.735, 3.031, 2.496, 2.053, 2.033, 2.028, 1.883, 1.94, 2.244, 2.435, 2.63, 2.943, 3.311, 3.166, 3.495, 3.936, 4.108, 3.179, 2.881, 2.675, 2.758, 2.755, 2.637, 2.426, 2.209, 2.177, 1.842, 1.41, 2.072, 4.157, 5.959, 8.724, 10.842, 10.751, 10.526, 11.057, 11.277, 11.448, 11.054, 10.979, 11.108, 10.912, 11.274, 11.296, 11.117, 11.33], [4.507, 5.032, 5.051, 5.131, 5.256, 4.946, 5.001, 5.181, 5.115, 6.103, 6.881, 6.958, 6.998, 7.169, 7.132, 7.224, 7.662, 8.832, 8.906, 8.595, 8.711, 10.233, 12.436, 13.719, 13.215, 13.065, 14.462, 16.381, 17.577, 17.329, 15.449, 14.544, 14.006, 12.198, 8.388, 4.758, 2.53, 0.0, 1.521, 1.475, 1.788, 2.328, 2.066, 2.071, 2.024, 1.747, 1.627, 1.754, 1.646, 1.496, 1.516, 1.626, 2.147, 2.136, 2.154, 2.499, 2.587, 1.852, 2.971, 3.766, 4.008, 4.195, 4.359, 4.473, 4.246, 4.113, 3.258, 2.922, 4.169, 6.261, 8.088, 10.877, 13.101, 12.901, 12.7, 13.13, 13.541, 13.738, 13.344, 13.213, 13.319, 13.112, 13.415, 13.47, 13.247, 13.489], [5.529, 5.947, 5.992, 6.055, 6.197, 5.875, 5.74, 5.897, 5.893, 6.919, 7.696, 7.758, 7.812, 7.985, 7.884, 7.982, 8.426, 9.556, 9.571, 9.3, 9.526, 10.989, 13.472, 14.762, 14.204, 14.074, 15.501, 17.448, 18.673, 18.422, 16.479, 15.539, 14.96, 13.183, 9.42, 5.75, 3.805, 1.521, 0.0, 1.292, 2.195, 2.644, 2.581, 2.673, 2.667, 2.35, 2.333, 2.457, 2.098, 1.916, 1.899, 1.78, 2.032, 2.375, 2.184, 2.302, 2.219, 2.36, 3.758, 4.585, 4.875, 5.231, 5.429, 5.575, 5.293, 5.146, 4.463, 4.068, 5.167, 7.263, 9.084, 11.929, 14.126, 13.906, 13.702, 14.143, 14.541, 14.808, 14.398, 14.221, 14.292, 14.071, 14.36, 14.388, 14.21, 14.44], [5.532, 6.163, 6.248, 6.317, 6.447, 6.133, 6.172, 6.354, 6.293, 7.311, 8.091, 8.171, 8.216, 8.381, 8.304, 8.391, 8.919, 9.953, 9.975, 9.7, 9.782, 11.068, 12.953, 14.034, 13.555, 13.361, 14.782, 16.707, 17.889, 17.645, 15.761, 14.855, 14.299, 12.506, 8.825, 5.35, 3.15, 1.475, 1.292, 0.0, 1.396, 1.867, 1.949, 2.049, 2.022, 1.872, 1.982, 2.112, 1.939, 1.86, 1.956, 1.925, 1.862, 2.151, 2.38, 2.539, 2.722, 2.76, 4.074, 4.84, 4.993, 5.068, 5.139, 5.349, 4.986, 4.89, 4.304, 3.855, 4.65, 6.753, 8.438, 11.287, 13.423, 13.241, 13.049, 13.498, 13.856, 14.047, 13.659, 13.518, 13.631, 13.433, 13.74, 13.742, 13.583, 13.808], [5.804, 6.459, 6.527, 6.613, 6.739, 6.416, 6.462, 6.653, 6.587, 7.59, 8.368, 8.43, 8.484, 8.64, 8.551, 8.644, 9.056, 10.222, 10.246, 9.971, 10.054, 11.517, 12.77, 13.594, 13.402, 13.332, 14.397, 15.935, 17.048, 16.682, 14.774, 13.898, 13.379, 11.573, 7.916, 5.194, 2.735, 1.788, 2.195, 1.396, 0.0, 1.301, 1.292, 1.446, 1.451, 1.524, 1.758, 1.941, 1.951, 1.812, 2.025, 1.931, 2.138, 2.167, 2.606, 3.142, 3.374, 3.115, 4.367, 5.111, 5.302, 5.362, 5.202, 4.944, 4.553, 4.551, 3.956, 3.501, 4.375, 6.134, 7.688, 10.512, 12.5, 12.427, 12.324, 12.897, 13.029, 13.092, 12.676, 12.522, 12.681, 12.432, 12.724, 12.894, 12.654, 12.902], [6.125, 6.757, 6.852, 6.913, 7.051, 6.737, 6.774, 6.954, 6.909, 7.931, 8.71, 8.818, 8.848, 9.02, 8.958, 9.051, 9.464, 10.638, 10.667, 10.392, 10.484, 11.924, 13.23, 14.05, 13.848, 13.884, 14.913, 16.38, 17.45, 16.933, 14.73, 13.664, 13.125, 11.378, 7.844, 5.155, 3.031, 2.328, 2.644, 1.867, 1.301, 0.0, 0.999, 1.304, 1.345, 1.605, 1.901, 2.02, 2.126, 2.1, 2.262, 2.189, 2.44, 2.457, 2.721, 3.268, 3.658, 3.475, 4.783, 5.546, 5.714, 5.729, 5.606, 5.142, 4.77, 4.755, 4.311, 3.698, 4.35, 6.164, 7.884, 10.959, 12.763, 12.467, 12.709, 13.341, 13.263, 13.377, 12.961, 12.617, 12.559, 12.371, 12.663, 12.747, 12.545, 12.773], [5.614, 6.269, 6.338, 6.424, 6.553, 6.237, 6.338, 6.53, 6.456, 7.396, 8.17, 8.239, 8.286, 8.415, 8.318, 8.402, 8.802, 9.962, 9.974, 9.698, 9.764, 11.405, 12.812, 13.535, 13.386, 13.323, 14.384, 15.858, 16.99, 16.52, 14.443, 13.407, 12.833, 11.045, 7.462, 4.606, 2.496, 2.066, 2.581, 1.949, 1.292, 0.999, 0.0, 0.87, 0.966, 1.155, 1.413, 1.595, 1.669, 1.703, 1.919, 2.084, 2.359, 2.334, 2.67, 3.334, 3.578, 3.081, 4.193, 4.897, 4.993, 5.065, 4.923, 4.476, 4.05, 4.047, 3.722, 3.091, 3.849, 5.696, 7.344, 10.387, 12.312, 12.027, 12.122, 12.753, 12.846, 12.936, 12.494, 12.238, 12.284, 12.047, 12.33, 12.336, 12.183, 12.439], [5.253, 5.947, 6.021, 6.114, 6.227, 5.9, 6.065, 6.246, 6.177, 7.043, 7.781, 7.851, 7.898, 8.039, 7.923, 8.003, 8.401, 9.543, 9.557, 9.271, 9.368, 10.874, 12.204, 13.135, 12.739, 12.686, 13.797, 15.441, 16.575, 16.181, 14.142, 13.191, 12.656, 10.876, 7.205, 4.225, 2.053, 2.071, 2.673, 2.049, 1.446, 1.304, 0.87, 0.0, 0.529, 0.89, 1.007, 1.251, 1.42, 1.571, 1.82, 2.223, 2.505, 2.392, 2.725, 3.288, 3.545, 2.917, 3.841, 4.492, 4.667, 4.665, 4.517, 3.987, 3.648, 3.646, 3.362, 2.75, 3.332, 5.209, 6.955, 9.861, 11.878, 11.711, 11.743, 12.264, 12.379, 12.6, 12.15, 11.918, 11.985, 11.787, 12.159, 12.178, 11.962, 12.182], [5.284, 5.972, 6.047, 6.142, 6.259, 5.924, 6.084, 6.264, 6.192, 7.075, 7.803, 7.871, 7.922, 8.033, 7.9, 7.979, 8.372, 9.5, 9.513, 9.237, 9.293, 10.709, 12.063, 12.988, 12.733, 12.7, 13.798, 15.468, 16.623, 16.247, 14.221, 13.243, 12.778, 11.017, 7.243, 4.154, 2.033, 2.024, 2.667, 2.022, 1.451, 1.345, 0.966, 0.529, 0.0, 0.719, 0.989, 1.157, 1.411, 1.569, 1.835, 2.226, 2.556, 2.478, 2.753, 3.321, 3.607, 3.004, 3.861, 4.449, 4.567, 4.628, 4.472, 4.001, 3.688, 3.7, 3.417, 2.811, 3.282, 5.204, 7.033, 9.927, 11.98, 11.818, 11.72, 12.278, 12.446, 12.667, 12.219, 12.012, 12.114, 11.917, 12.241, 12.334, 12.078, 12.295], [5.101, 5.799, 5.883, 5.987, 6.087, 5.769, 5.936, 6.128, 6.039, 6.886, 7.609, 7.678, 7.728, 7.856, 7.727, 7.807, 8.199, 9.325, 9.352, 9.071, 9.152, 10.729, 12.275, 13.25, 12.919, 12.894, 14.023, 15.742, 16.906, 16.545, 14.607, 13.64, 13.093, 11.336, 7.597, 4.275, 2.028, 1.747, 2.35, 1.872, 1.524, 1.605, 1.155, 0.89, 0.719, 0.0, 0.712, 0.93, 1.071, 1.188, 1.411, 1.85, 2.217, 2.162, 2.332, 2.925, 3.216, 2.684, 3.639, 4.248, 4.414, 4.454, 4.335, 3.997, 3.719, 3.599, 3.29, 2.672, 3.382, 5.48, 7.31, 10.248, 12.307, 12.137, 11.966, 12.549, 12.744, 12.965, 12.524, 12.37, 12.461, 12.244, 12.598, 12.587, 12.454, 12.668], [4.747, 5.478, 5.551, 5.648, 5.732, 5.425, 5.625, 5.82, 5.725, 6.504, 7.223, 7.282, 7.338, 7.469, 7.348, 7.427, 7.825, 8.943, 8.983, 8.688, 8.845, 10.552, 12.158, 13.24, 12.79, 12.719, 13.912, 15.681, 16.838, 16.498, 14.526, 13.55, 13.118, 11.369, 7.627, 4.172, 1.883, 1.627, 2.333, 1.982, 1.758, 1.901, 1.413, 1.007, 0.989, 0.712, 0.0, 0.711, 0.867, 1.061, 1.347, 1.768, 2.174, 2.066, 2.227, 2.708, 2.939, 2.406, 3.289, 3.858, 4.14, 4.116, 3.997, 3.599, 3.427, 3.353, 2.867, 2.274, 3.282, 5.437, 7.295, 10.118, 12.193, 12.107, 12.004, 12.412, 12.66, 12.907, 12.475, 12.346, 12.476, 12.286, 12.649, 12.674, 12.467, 12.672], [4.761, 5.479, 5.562, 5.668, 5.743, 5.437, 5.662, 5.869, 5.77, 6.508, 7.194, 7.261, 7.309, 7.449, 7.319, 7.404, 7.803, 8.97, 9.011, 8.719, 8.908, 10.447, 12.032, 13.287, 12.97, 12.913, 14.081, 15.866, 17.047, 16.708, 14.689, 13.677, 13.203, 11.442, 7.642, 4.019, 1.94, 1.754, 2.457, 2.112, 1.941, 2.02, 1.595, 1.251, 1.157, 0.93, 0.711, 0.0, 0.618, 0.958, 1.368, 1.957, 2.402, 2.291, 2.517, 2.921, 3.111, 2.639, 3.337, 3.889, 4.09, 4.066, 4.005, 3.575, 3.554, 3.227, 2.915, 2.264, 3.309, 5.436, 7.372, 10.25, 12.391, 12.138, 12.103, 12.559, 12.864, 13.111, 12.67, 12.435, 12.562, 12.374, 12.662, 12.737, 12.489, 12.722], [4.813, 5.491, 5.572, 5.669, 5.754, 5.458, 5.699, 5.87, 5.773, 6.522, 7.279, 7.342, 7.392, 7.546, 7.441, 7.517, 7.926, 9.088, 9.206, 8.88, 9.081, 10.602, 12.259, 13.614, 13.257, 13.168, 14.387, 16.194, 17.374, 17.047, 15.052, 14.077, 13.516, 11.769, 7.955, 4.31, 2.244, 1.646, 2.098, 1.939, 1.951, 2.126, 1.669, 1.42, 1.411, 1.071, 0.867, 0.618, 0.0, 0.681, 1.101, 1.731, 2.223, 2.204, 2.275, 2.691, 2.952, 2.551, 3.363, 4.072, 4.27, 4.231, 4.193, 3.821, 3.805, 3.464, 3.004, 2.384, 3.662, 5.724, 7.674, 10.556, 12.705, 12.5, 12.42, 12.856, 13.183, 13.45, 13.011, 12.785, 12.88, 12.672, 12.96, 13.034, 12.795, 13.031], [4.859, 5.416, 5.5, 5.623, 5.705, 5.412, 5.612, 5.763, 5.668, 6.508, 7.26, 7.351, 7.382, 7.556, 7.502, 7.593, 8.021, 9.184, 9.314, 8.987, 9.246, 10.92, 12.545, 13.876, 13.509, 13.369, 14.615, 16.36, 17.573, 17.261, 15.275, 14.37, 13.841, 12.03, 8.192, 4.708, 2.435, 1.496, 1.916, 1.86, 1.812, 2.1, 1.703, 1.571, 1.569, 1.188, 1.061, 0.958, 0.681, 0.0, 0.682, 1.291, 1.786, 1.768, 1.863, 2.326, 2.575, 2.238, 3.32, 4.198, 4.409, 4.392, 4.326, 4.022, 4.082, 3.743, 3.072, 2.53, 4.008, 6.121, 7.958, 10.815, 12.925, 12.74, 12.647, 13.052, 13.434, 13.642, 13.215, 13.056, 13.177, 12.97, 13.254, 13.324, 13.1, 13.327], [4.784, 5.208, 5.247, 5.417, 5.492, 5.261, 5.431, 5.452, 5.355, 6.241, 7.006, 7.127, 7.157, 7.348, 7.405, 7.489, 7.957, 9.053, 9.239, 8.93, 9.273, 11.183, 12.847, 14.089, 13.625, 13.492, 14.761, 16.537, 17.759, 17.486, 15.534, 14.594, 14.089, 12.285, 8.468, 5.018, 2.63, 1.516, 1.899, 1.956, 2.025, 2.262, 1.919, 1.82, 1.835, 1.411, 1.347, 1.368, 1.101, 0.682, 0.0, 0.938, 1.459, 1.497, 1.508, 1.935, 2.167, 1.929, 3.198, 4.178, 4.414, 4.393, 4.362, 4.247, 4.339, 3.966, 3.167, 2.707, 4.279, 6.39, 8.184, 11.004, 13.207, 13.011, 12.915, 13.27, 13.632, 13.885, 13.456, 13.322, 13.456, 13.239, 13.514, 13.564, 13.378, 13.617], [4.935, 5.242, 5.212, 5.33, 5.431, 5.214, 5.272, 5.295, 5.219, 6.243, 7.023, 7.133, 7.161, 7.354, 7.412, 7.49, 7.955, 9.07, 9.24, 8.916, 9.28, 11.495, 13.39, 14.527, 13.87, 13.716, 14.963, 16.725, 17.967, 17.663, 15.774, 14.878, 14.415, 12.597, 8.931, 5.617, 2.943, 1.626, 1.78, 1.925, 1.931, 2.189, 2.084, 2.223, 2.226, 1.85, 1.768, 1.957, 1.731, 1.291, 0.938, 0.0, 1.057, 1.22, 1.059, 1.457, 1.707, 1.721, 3.159, 4.171, 4.623, 4.672, 4.552, 4.539, 4.561, 4.351, 3.274, 2.949, 4.662, 6.896, 8.676, 11.33, 13.481, 13.499, 13.221, 13.634, 13.94, 14.062, 13.718, 13.593, 13.733, 13.527, 13.905, 13.96, 13.759, 14.003], [5.072, 5.379, 5.417, 5.536, 5.647, 5.45, 5.505, 5.499, 5.338, 6.38, 7.161, 7.265, 7.299, 7.496, 7.639, 7.724, 8.196, 9.282, 9.47, 9.155, 9.779, 12.2, 13.961, 14.813, 14.071, 13.806, 15.052, 16.854, 17.95, 17.613, 16.003, 14.978, 14.675, 12.845, 9.316, 6.165, 3.311, 2.147, 2.032, 1.862, 2.138, 2.44, 2.359, 2.505, 2.556, 2.217, 2.174, 2.402, 2.223, 1.786, 1.459, 1.057, 0.0, 0.74, 1.058, 1.551, 1.885, 2.112, 3.407, 4.559, 5.161, 5.018, 4.64, 4.776, 4.965, 4.76, 3.502, 3.324, 5.116, 7.382, 9.027, 11.436, 13.733, 13.838, 13.553, 13.87, 14.208, 14.013, 13.929, 13.775, 13.979, 13.79, 14.18, 14.268, 14.08, 14.312], [4.665, 5.036, 5.021, 5.148, 5.267, 5.092, 5.133, 5.086, 5.015, 6.015, 6.784, 6.957, 6.984, 7.18, 7.313, 7.44, 7.873, 8.958, 9.2, 8.873, 9.669, 12.156, 13.889, 14.692, 13.839, 13.534, 14.916, 16.655, 17.656, 17.32, 15.744, 14.716, 14.461, 12.65, 9.152, 6.057, 3.166, 2.136, 2.375, 2.151, 2.167, 2.457, 2.334, 2.392, 2.478, 2.162, 2.066, 2.291, 2.204, 1.768, 1.497, 1.22, 0.74, 0.0, 0.936, 1.398, 1.728, 1.757, 3.101, 4.42, 4.973, 4.785, 4.346, 4.612, 4.867, 4.632, 3.319, 3.219, 4.978, 7.258, 8.911, 11.277, 13.552, 13.678, 13.405, 13.722, 14.018, 13.84, 13.724, 13.604, 13.773, 13.577, 13.979, 14.09, 13.893, 14.142], [4.802, 5.061, 5.038, 5.105, 5.241, 5.036, 5.098, 5.073, 4.994, 6.003, 6.769, 6.918, 6.948, 7.144, 7.28, 7.358, 7.919, 8.936, 9.16, 8.911, 9.624, 11.987, 13.988, 14.999, 14.057, 13.798, 15.13, 17.093, 18.148, 17.759, 16.179, 15.062, 14.768, 13.078, 9.533, 6.228, 3.495, 2.154, 2.184, 2.38, 2.606, 2.721, 2.67, 2.725, 2.753, 2.332, 2.227, 2.517, 2.275, 1.863, 1.508, 1.059, 1.058, 0.936, 0.0, 1.024, 1.49, 1.733, 3.062, 4.361, 4.963, 4.879, 4.677, 4.897, 5.23, 4.965, 3.577, 3.392, 5.265, 7.516, 9.272, 11.703, 14.038, 14.133, 13.782, 14.053, 14.389, 14.277, 14.205, 14.068, 14.146, 13.991, 14.448, 14.459, 14.316, 14.521], [4.893, 5.108, 4.982, 5.071, 5.234, 5.047, 5.031, 4.907, 4.836, 5.736, 6.493, 6.704, 6.757, 6.959, 7.181, 7.373, 7.895, 8.799, 9.12, 8.908, 9.746, 12.133, 14.388, 15.373, 14.375, 14.081, 15.532, 17.577, 18.64, 18.37, 16.748, 15.614, 15.341, 13.623, 10.034, 6.646, 3.936, 2.499, 2.302, 2.539, 3.142, 3.268, 3.334, 3.288, 3.321, 2.925, 2.708, 2.921, 2.691, 2.326, 1.935, 1.457, 1.551, 1.398, 1.024, 0.0, 0.978, 1.59, 3.062, 4.449, 5.172, 5.091, 4.891, 5.317, 5.672, 5.393, 4.072, 3.943, 5.674, 7.988, 9.722, 12.221, 14.513, 14.585, 14.237, 14.499, 14.869, 14.84, 14.742, 14.615, 14.726, 14.551, 14.97, 15.023, 14.808, 15.031], [4.541, 4.593, 4.469, 4.561, 4.52, 4.349, 4.316, 4.233, 4.122, 5.022, 5.831, 5.973, 5.965, 6.225, 6.41, 6.693, 7.285, 8.129, 8.411, 8.184, 9.076, 11.665, 14.359, 15.392, 14.351, 13.995, 15.631, 17.648, 18.706, 18.486, 16.88, 15.841, 15.564, 13.764, 10.077, 6.606, 4.108, 2.587, 2.219, 2.722, 3.374, 3.658, 3.578, 3.545, 3.607, 3.216, 2.939, 3.111, 2.952, 2.575, 2.167, 1.707, 1.885, 1.728, 1.49, 0.978, 0.0, 1.196, 2.352, 4.008, 4.865, 4.954, 4.909, 5.531, 5.708, 5.488, 4.201, 4.067, 5.758, 8.048, 9.781, 12.226, 14.565, 14.626, 14.316, 14.529, 14.985, 14.961, 14.847, 14.717, 14.867, 14.667, 15.04, 15.143, 14.852, 15.063], [3.777, 3.967, 3.882, 3.985, 4.04, 3.786, 3.791, 3.834, 3.747, 4.668, 5.503, 5.539, 5.571, 5.749, 5.771, 5.953, 6.508, 7.507, 7.739, 7.475, 8.276, 10.805, 13.419, 14.471, 13.437, 13.03, 14.696, 16.709, 17.779, 17.566, 15.943, 14.949, 14.639, 12.835, 9.166, 5.686, 3.179, 1.852, 2.36, 2.76, 3.115, 3.475, 3.081, 2.917, 3.004, 2.684, 2.406, 2.639, 2.551, 2.238, 1.929, 1.721, 2.112, 1.757, 1.733, 1.59, 1.196, 0.0, 1.761, 3.194, 3.961, 4.054, 4.064, 4.654, 4.737, 4.562, 3.263, 3.161, 4.811, 7.096, 8.867, 11.319, 13.614, 13.69, 13.389, 13.586, 14.061, 14.036, 13.921, 13.808, 13.982, 13.729, 14.107, 14.203, 13.929, 14.16], [2.97, 2.904, 2.79, 2.874, 2.733, 2.609, 2.705, 2.788, 2.601, 3.356, 4.096, 4.26, 4.214, 4.485, 4.391, 4.688, 5.438, 6.211, 6.39, 6.234, 7.262, 9.896, 12.697, 13.772, 12.638, 12.259, 13.957, 15.996, 17.046, 16.823, 15.33, 14.294, 14.01, 12.211, 8.537, 4.996, 2.881, 2.971, 3.758, 4.074, 4.367, 4.783, 4.193, 3.841, 3.861, 3.639, 3.289, 3.337, 3.363, 3.32, 3.198, 3.159, 3.407, 3.101, 3.062, 3.062, 2.352, 1.761, 0.0, 2.113, 3.178, 3.3, 3.276, 3.882, 4.085, 3.852, 2.667, 2.579, 4.148, 6.47, 8.185, 10.49, 12.932, 13.026, 12.739, 12.861, 13.374, 13.281, 13.197, 13.105, 13.319, 13.12, 13.488, 13.546, 13.273, 13.505], [1.79, 2.163, 2.217, 2.27, 2.35, 2.145, 2.508, 2.752, 2.742, 2.885, 3.479, 3.603, 3.59, 3.78, 3.663, 3.803, 4.465, 5.221, 5.316, 5.091, 5.675, 8.225, 10.831, 11.88, 10.794, 10.512, 12.059, 14.161, 15.297, 15.098, 13.505, 12.578, 12.249, 10.381, 6.733, 3.394, 2.675, 3.766, 4.585, 4.84, 5.111, 5.546, 4.897, 4.492, 4.449, 4.248, 3.858, 3.889, 4.072, 4.198, 4.178, 4.171, 4.559, 4.42, 4.361, 4.449, 4.008, 3.194, 2.113, 0.0, 1.365, 1.478, 1.597, 2.275, 2.38, 2.113, 1.737, 2.069, 2.661, 4.662, 6.375, 8.756, 11.096, 11.213, 10.892, 11.096, 11.572, 11.523, 11.356, 11.262, 11.55, 11.363, 11.698, 11.781, 11.5, 11.734], [1.654, 2.113, 2.228, 2.376, 2.432, 2.397, 2.824, 3.466, 3.649, 3.157, 3.335, 3.39, 3.426, 3.521, 3.358, 3.442, 4.04, 4.979, 4.996, 4.771, 5.024, 7.34, 9.694, 10.747, 9.876, 9.626, 11.157, 13.221, 14.442, 14.263, 12.556, 11.688, 11.244, 9.398, 5.584, 2.43, 2.758, 4.008, 4.875, 4.993, 5.302, 5.714, 4.993, 4.667, 4.567, 4.414, 4.14, 4.09, 4.27, 4.409, 4.414, 4.623, 5.161, 4.973, 4.963, 5.172, 4.865, 3.961, 3.178, 1.365, 0.0, 0.763, 1.069, 1.536, 1.64, 1.536, 2.154, 2.462, 2.108, 3.576, 5.301, 7.871, 10.148, 10.067, 9.765, 10.116, 10.564, 10.728, 10.413, 10.339, 10.544, 10.343, 10.666, 10.691, 10.435, 10.681], [1.719, 2.316, 2.446, 2.617, 2.607, 2.594, 3.066, 3.62, 3.8, 3.376, 3.445, 3.472, 3.508, 3.558, 3.366, 3.45, 3.978, 4.942, 5.048, 4.788, 5.175, 7.507, 9.724, 10.646, 9.657, 9.459, 10.992, 13.055, 14.253, 14.078, 12.391, 11.489, 11.095, 9.289, 5.499, 2.34, 2.755, 4.195, 5.231, 5.068, 5.362, 5.729, 5.065, 4.665, 4.628, 4.454, 4.116, 4.066, 4.231, 4.392, 4.393, 4.672, 5.018, 4.785, 4.879, 5.091, 4.954, 4.054, 3.3, 1.478, 0.763, 0.0, 0.775, 1.279, 1.702, 1.552, 1.999, 2.397, 2.115, 3.542, 5.186, 7.726, 9.989, 9.998, 9.669, 9.937, 10.401, 10.539, 10.262, 10.228, 10.406, 10.237, 10.59, 10.583, 10.31, 10.559], [2.006, 2.426, 2.617, 2.82, 2.815, 2.82, 3.274, 3.626, 3.81, 3.431, 3.554, 3.58, 3.616, 3.658, 3.492, 3.64, 4.136, 5.059, 5.231, 4.963, 5.495, 7.952, 10.039, 10.757, 9.852, 9.612, 11.101, 13.014, 14.15, 13.975, 12.336, 11.453, 11.061, 9.229, 5.541, 2.464, 2.637, 4.359, 5.429, 5.139, 5.202, 5.606, 4.923, 4.517, 4.472, 4.335, 3.997, 4.005, 4.193, 4.326, 4.362, 4.552, 4.64, 4.346, 4.677, 4.891, 4.909, 4.064, 3.276, 1.597, 1.069, 0.775, 0.0, 1.172, 1.709, 1.491, 1.76, 2.207, 2.12, 3.582, 5.243, 7.676, 9.951, 10.005, 9.712, 10.051, 10.428, 10.461, 10.229, 10.152, 10.371, 10.183, 10.523, 10.581, 10.309, 10.563], [2.362, 2.946, 3.093, 3.265, 3.236, 3.235, 3.705, 4.307, 4.485, 3.993, 4.087, 4.108, 4.145, 4.209, 4.071, 4.191, 4.558, 5.626, 5.721, 5.376, 5.842, 7.969, 9.638, 10.662, 9.952, 9.744, 11.054, 12.809, 13.883, 13.554, 11.752, 10.769, 10.42, 8.664, 4.91, 1.853, 2.426, 4.473, 5.575, 5.349, 4.944, 5.142, 4.476, 3.987, 4.001, 3.997, 3.599, 3.575, 3.821, 4.022, 4.247, 4.539, 4.776, 4.612, 4.897, 5.317, 5.531, 4.654, 3.882, 2.275, 1.536, 1.279, 1.172, 0.0, 1.114, 0.971, 1.559, 1.902, 1.583, 2.904, 4.665, 7.244, 9.471, 9.517, 9.306, 9.543, 9.923, 9.985, 9.807, 9.647, 9.761, 9.553, 9.943, 9.971, 9.684, 9.881], [2.453, 3.229, 3.368, 3.493, 3.498, 3.415, 3.952, 4.689, 4.862, 4.322, 4.512, 4.571, 4.615, 4.703, 4.533, 4.612, 4.97, 6.022, 6.05, 5.75, 5.81, 7.713, 9.325, 10.397, 9.851, 9.66, 10.895, 12.585, 13.724, 13.483, 11.574, 10.69, 10.159, 8.311, 4.596, 1.55, 2.209, 4.246, 5.293, 4.986, 4.553, 4.77, 4.05, 3.648, 3.688, 3