[[0.0, 0.671, 0.973, 2.007, 2.534, 3.751, 4.794, 3.604, 3.469, 3.565, 3.695, 4.142, 4.42, 4.347, 4.528, 4.868, 5.04, 5.33, 5.502, 5.949, 6.064, 6.061, 7.591, 8.346, 7.202, 4.649, 4.407, 4.059, 3.68, 3.353, 3.86, 3.471, 2.78, 2.624, 2.293, 1.935, 2.0, 1.881, 1.908, 1.825, 2.385, 3.757, 4.499, 5.041, 6.24, 6.5, 6.846, 7.014, 6.58, 6.03, 5.8, 5.198, 5.129, 5.447, 5.773, 5.812, 5.81, 5.633, 5.657, 4.774, 3.242, 2.308, 2.821, 2.954, 3.536, 3.987, 4.001, 3.913, 3.53, 3.256, 2.726, 2.668, 2.187, 2.299, 2.815, 3.169, 2.105, 2.425, 2.71, 2.003, 1.88, 1.827, 2.965, 4.668, 5.169, 5.116], [0.671, 0.0, 0.783, 1.767, 2.303, 3.537, 4.571, 3.43, 3.241, 3.236, 3.388, 3.845, 4.143, 4.141, 4.333, 4.666, 4.79, 5.043, 5.223, 5.71, 5.819, 5.832, 7.397, 8.103, 6.993, 4.442, 4.236, 3.801, 3.398, 3.16, 3.635, 3.216, 2.51, 2.446, 2.178, 1.891, 1.963, 1.908, 2.006, 1.916, 2.554, 3.927, 4.67, 5.144, 6.371, 6.659, 7.026, 7.242, 6.803, 6.239, 6.008, 5.406, 5.31, 5.612, 5.962, 6.017, 6.037, 5.86, 5.724, 4.889, 3.392, 2.414, 2.917, 3.109, 3.78, 4.167, 4.164, 4.071, 3.68, 3.406, 2.824, 2.823, 2.35, 2.333, 2.815, 3.062, 2.017, 2.343, 2.552, 1.907, 1.943, 1.886, 3.109, 4.811, 5.37, 5.335], [0.973, 0.783, 0.0, 1.295, 1.794, 3.123, 4.146, 2.935, 2.77, 3.025, 3.098, 3.562, 3.703, 3.626, 3.802, 4.214, 4.312, 4.592, 4.873, 5.474, 5.473, 5.6, 7.129, 7.832, 6.723, 4.072, 3.831, 3.585, 3.071, 3.041, 3.399, 2.847, 2.111, 1.99, 1.725, 1.628, 1.61, 1.554, 1.969, 2.031, 2.825, 4.094, 4.842, 5.74, 6.897, 7.072, 7.177, 7.4, 6.981, 6.386, 6.151, 5.516, 5.486, 5.804, 6.148, 6.154, 6.159, 6.006, 6.001, 5.266, 3.751, 2.916, 3.04, 3.296, 4.102, 4.5, 4.331, 4.239, 3.894, 3.877, 3.465, 3.465, 2.861, 2.417, 2.764, 2.957, 2.047, 1.987, 2.34, 1.616, 1.778, 2.032, 3.561, 5.038, 5.495, 5.471], [2.007, 1.767, 1.295, 0.0, 1.092, 2.241, 3.171, 2.25, 2.768, 3.047, 3.083, 3.537, 3.7, 3.572, 3.63, 3.857, 3.953, 4.324, 4.266, 4.745, 4.748, 4.83, 6.165, 6.77, 6.01, 3.943, 3.09, 2.717, 2.426, 2.236, 2.551, 2.031, 1.588, 1.777, 1.818, 2.138, 2.19, 2.25, 2.785, 2.905, 4.003, 5.251, 5.985, 6.757, 7.758, 8.064, 8.372, 8.597, 8.191, 7.597, 7.362, 6.718, 6.635, 7.012, 7.368, 7.396, 7.371, 7.2, 6.7, 5.886, 4.167, 3.142, 3.154, 3.346, 4.206, 4.562, 4.342, 4.241, 3.961, 4.066, 4.074, 4.255, 3.435, 2.509, 2.376, 2.442, 1.789, 1.655, 1.793, 1.309, 1.619, 2.494, 4.393, 6.165, 6.707, 6.677], [2.534, 2.303, 1.794, 1.092, 0.0, 1.723, 2.632, 1.626, 2.268, 2.715, 2.695, 3.209, 3.227, 3.128, 3.018, 3.218, 3.348, 3.672, 3.742, 4.089, 4.131, 4.152, 5.515, 6.216, 5.142, 3.345, 2.371, 2.133, 1.899, 1.784, 1.923, 1.643, 1.286, 1.348, 1.449, 2.082, 2.23, 2.452, 3.271, 3.16, 4.487, 5.778, 6.574, 7.389, 8.457, 8.7, 8.886, 9.094, 8.68, 8.098, 7.846, 7.218, 7.141, 7.475, 7.826, 7.845, 7.839, 7.75, 7.354, 6.693, 5.026, 3.773, 3.494, 3.661, 4.658, 4.941, 4.648, 4.635, 4.57, 4.712, 4.729, 4.856, 4.103, 2.856, 2.624, 2.215, 1.785, 1.292, 1.291, 1.377, 2.024, 3.01, 5.021, 6.702, 7.183, 7.205], [3.751, 3.537, 3.123, 2.241, 1.723, 0.0, 1.181, 1.721, 2.995, 3.451, 3.634, 4.197, 3.919, 3.597, 3.399, 3.36, 3.427, 3.736, 3.686, 3.795, 3.942, 3.892, 4.542, 5.049, 4.782, 3.642, 2.56, 2.064, 2.124, 1.718, 1.408, 1.477, 1.848, 1.959, 2.477, 3.367, 3.436, 3.77, 4.635, 4.494, 5.906, 7.14, 7.879, 8.391, 9.318, 9.76, 10.239, 10.47, 10.078, 9.484, 9.249, 8.617, 8.538, 8.893, 9.245, 9.255, 9.247, 9.07, 8.571, 7.451, 5.489, 4.083, 3.529, 3.39, 4.562, 4.86, 4.569, 4.61, 4.844, 5.327, 5.74, 5.973, 5.072, 3.577, 2.569, 2.273, 2.628, 2.087, 1.806, 2.193, 2.851, 4.17, 6.131, 7.978, 8.594, 8.563], [4.794, 4.571, 4.146, 3.171, 2.632, 1.181, 0.0, 1.79, 3.288, 3.915, 4.128, 4.533, 4.166, 3.715, 3.144, 3.132, 3.117, 3.282, 3.293, 3.43, 3.488, 3.506, 3.875, 4.323, 4.296, 3.439, 2.302, 1.861, 2.144, 2.173, 1.482, 1.84, 2.708, 2.891, 3.432, 4.319, 4.376, 4.717, 5.582, 5.514, 6.841, 8.08, 8.83, 9.396, 10.32, 10.797, 11.178, 11.388, 10.982, 10.387, 10.152, 9.553, 9.473, 9.86, 10.212, 10.233, 10.214, 10.006, 9.531, 8.467, 6.474, 5.033, 4.138, 4.338, 5.279, 5.503, 5.378, 5.545, 5.851, 6.322, 6.761, 6.997, 6.085, 4.57, 3.372, 3.297, 3.666, 3.106, 2.791, 3.179, 3.848, 5.165, 7.17, 8.998, 9.549, 9.508], [3.604, 3.43, 2.935, 2.25, 1.626, 1.721, 1.79, 0.0, 2.024, 2.655, 2.945, 3.377, 2.855, 2.405, 1.971, 1.996, 2.149, 2.427, 2.5, 2.941, 2.952, 3.015, 4.407, 5.022, 3.97, 2.213, 1.384, 1.361, 1.167, 1.503, 1.364, 1.295, 1.757, 1.742, 2.194, 3.134, 3.196, 3.537, 4.403, 4.31, 5.567, 6.929, 7.679, 8.544, 9.599, 9.854, 9.991, 10.2, 9.774, 9.17, 8.935, 8.29, 8.226, 8.594, 8.94, 8.963, 8.975, 8.797, 8.496, 7.811, 6.156, 5.04, 4.606, 4.79, 5.914, 6.218, 5.919, 5.792, 5.755, 5.991, 5.906, 6.007, 5.28, 3.888, 3.715, 3.206, 2.829, 2.033, 2.113, 2.559, 3.149, 4.172, 6.171, 7.81, 8.278, 8.263], [3.469, 3.241, 2.77, 2.768, 2.268, 2.995, 3.288, 2.024, 0.0, 1.097, 1.177, 1.584, 1.295, 1.219, 1.941, 2.816, 2.83, 3.177, 3.654, 4.313, 4.284, 4.467, 5.886, 6.66, 5.538, 2.791, 2.448, 2.509, 2.005, 2.272, 2.557, 2.083, 1.765, 1.828, 1.887, 2.131, 2.135, 2.345, 3.25, 3.654, 4.528, 5.852, 6.563, 7.633, 9.0, 9.165, 8.872, 8.851, 8.221, 7.752, 7.473, 7.191, 7.358, 7.563, 7.725, 7.869, 7.828, 7.88, 8.296, 7.739, 6.229, 5.509, 5.492, 5.744, 6.686, 6.899, 6.692, 6.504, 6.254, 6.464, 5.991, 5.914, 5.351, 4.229, 4.309, 3.98, 3.275, 2.808, 2.785, 3.234, 3.679, 4.3, 6.019, 7.134, 7.145, 7.165], [3.565, 3.236, 3.025, 3.047, 2.715, 3.451, 3.915, 2.655, 1.097, 0.0, 0.89, 1.185, 1.319, 1.542, 2.562, 3.458, 3.492, 3.83, 4.25, 4.902, 4.891, 5.049, 6.52, 7.198, 6.081, 3.322, 3.028, 3.117, 2.637, 2.816, 3.13, 2.64, 2.274, 2.368, 2.404, 2.237, 2.415, 2.561, 3.176, 3.406, 4.252, 5.645, 6.349, 7.303, 8.687, 8.852, 8.61, 8.51, 7.748, 7.21, 6.973, 6.884, 7.047, 7.233, 7.325, 7.466, 7.417, 7.565, 7.945, 7.41, 6.001, 5.49, 5.882, 6.128, 6.94, 7.223, 7.085, 6.899, 6.592, 6.56, 5.844, 5.628, 5.327, 4.562, 4.689, 4.362, 3.528, 3.231, 3.218, 3.674, 4.093, 4.388, 5.733, 6.799, 6.773, 6.772], [3.695, 3.388, 3.098, 3.083, 2.695, 3.634, 4.128, 2.945, 1.177, 0.89, 0.0, 0.834, 1.007, 1.496, 2.623, 3.488, 3.508, 3.853, 4.277, 4.923, 4.925, 5.105, 6.592, 7.309, 6.192, 3.433, 3.099, 3.215, 2.755, 2.822, 3.205, 2.745, 2.353, 2.457, 2.477, 2.201, 2.419, 2.565, 3.378, 3.764, 4.636, 6.015, 6.685, 7.698, 9.067, 9.193, 8.912, 8.759, 7.957, 7.449, 7.264, 7.266, 7.442, 7.65, 7.707, 7.861, 7.842, 7.973, 8.404, 7.874, 6.375, 5.71, 6.002, 6.233, 7.076, 7.363, 7.189, 6.992, 6.653, 6.658, 6.072, 5.986, 5.493, 4.647, 4.697, 4.481, 3.646, 3.294, 3.332, 3.699, 4.095, 4.541, 6.077, 7.132, 7.095, 7.091], [4.142, 3.845, 3.562, 3.537, 3.209, 4.197, 4.533, 3.377, 1.584, 1.185, 0.834, 0.0, 1.08, 1.777, 2.978, 3.744, 3.801, 4.188, 4.563, 5.228, 5.264, 5.522, 6.996, 7.741, 6.624, 3.865, 3.531, 3.635, 3.141, 3.326, 3.712, 3.135, 2.808, 2.959, 2.935, 2.555, 2.918, 2.917, 3.614, 4.049, 5.043, 6.124, 6.637, 7.799, 9.116, 9.218, 8.898, 8.672, 7.873, 7.351, 7.368, 7.426, 7.642, 7.794, 7.911, 8.113, 8.081, 8.18, 8.598, 8.135, 6.776, 6.169, 6.476, 6.717, 7.535, 7.822, 7.672, 7.489, 7.142, 7.119, 6.518, 6.321, 5.93, 5.189, 5.2, 5.066, 4.173, 3.832, 3.895, 4.177, 4.552, 5.004, 6.493, 7.315, 7.134, 7.113], [4.42, 4.143, 3.703, 3.7, 3.227, 3.919, 4.166, 2.855, 1.295, 1.319, 1.007, 1.08, 0.0, 0.96, 1.99, 2.852, 2.895, 3.229, 3.668, 4.326, 4.297, 4.505, 5.952, 6.715, 5.597, 2.838, 2.515, 2.876, 2.415, 2.868, 3.319, 2.922, 2.707, 2.785, 2.831, 2.922, 2.996, 3.2, 4.112, 4.467, 5.43, 6.695, 7.305, 8.367, 9.709, 9.825, 9.548, 9.377, 8.615, 8.083, 7.916, 7.934, 8.132, 8.313, 8.391, 8.571, 8.537, 8.651, 9.094, 8.589, 7.137, 6.484, 6.562, 6.763, 7.725, 7.971, 7.732, 7.505, 7.191, 7.361, 6.841, 6.727, 6.223, 5.215, 5.194, 4.954, 4.183, 3.719, 3.727, 4.184, 4.607, 5.269, 6.864, 7.819, 7.716, 7.725], [4.347, 4.141, 3.626, 3.572, 3.128, 3.597, 3.715, 2.405, 1.219, 1.542, 1.496, 1.777, 0.96, 0.0, 1.29, 2.082, 2.093, 2.494, 2.902, 3.571, 3.548, 3.826, 5.295, 6.046, 4.929, 2.17, 1.958, 2.346, 1.927, 2.46, 2.907, 2.542, 2.53, 2.408, 2.589, 2.876, 3.007, 3.184, 4.15, 4.546, 5.51, 6.77, 7.5, 8.638, 10.033, 10.176, 9.926, 9.812, 9.101, 8.579, 8.339, 8.248, 8.398, 8.582, 8.679, 8.831, 8.776, 8.899, 9.294, 8.729, 7.226, 6.451, 6.46, 6.661, 7.614, 7.865, 7.634, 7.393, 7.065, 7.319, 6.862, 6.804, 6.23, 5.095, 4.998, 4.814, 4.083, 3.571, 3.569, 4.074, 4.409, 5.184, 6.9, 8.084, 8.1, 8.104], [4.528, 4.333, 3.802, 3.63, 3.018, 3.399, 3.144, 1.971, 1.941, 2.562, 2.623, 2.978, 1.99, 1.29, 0.0, 1.079, 1.088, 1.42, 1.749, 2.417, 2.405, 2.628, 4.044, 4.815, 3.684, 1.136, 1.143, 1.685, 1.587, 2.216, 2.462, 2.312, 2.67, 2.523, 2.82, 3.562, 3.577, 3.808, 4.781, 4.89, 6.016, 7.258, 8.04, 9.062, 10.322, 10.514, 10.42, 10.508, 10.033, 9.515, 9.275, 8.741, 8.793, 9.008, 9.327, 9.373, 9.394, 9.308, 9.542, 8.942, 7.429, 6.457, 6.278, 6.479, 7.507, 7.734, 7.478, 7.209, 7.035, 7.315, 7.006, 6.994, 6.404, 5.009, 5.022, 4.641, 4.042, 3.367, 3.4, 3.925, 4.417, 5.165, 7.149, 8.442, 8.713, 8.732], [4.868, 4.666, 4.214, 3.857, 3.218, 3.36, 3.132, 1.996, 2.816, 3.458, 3.488, 3.744, 2.852, 2.082, 1.079, 0.0, 0.545, 0.919, 1.053, 1.637, 1.631, 1.956, 3.386, 4.161, 3.09, 1.11, 1.361, 1.727, 1.714, 2.348, 2.488, 2.405, 2.918, 2.782, 3.185, 4.044, 4.177, 4.447, 5.267, 5.399, 6.749, 7.798, 8.48, 9.696, 10.974, 11.133, 11.149, 11.299, 10.869, 10.326, 10.099, 9.562, 9.506, 9.832, 10.192, 10.22, 10.197, 9.992, 10.094, 9.374, 7.791, 6.667, 6.326, 6.527, 7.623, 7.882, 7.612, 7.377, 7.246, 7.521, 7.317, 7.393, 6.743, 5.259, 5.152, 4.793, 4.292, 3.551, 3.555, 4.044, 4.582, 5.632, 7.596, 9.101, 9.546, 9.499], [5.04, 4.79, 4.312, 3.953, 3.348, 3.427, 3.117, 2.149, 2.83, 3.492, 3.508, 3.801, 2.895, 2.093, 1.088, 0.545, 0.0, 0.638, 0.917, 1.55, 1.542, 1.864, 3.304, 4.073, 3.051, 1.124, 1.387, 1.792, 1.812, 2.339, 2.491, 2.402, 2.944, 2.812, 3.231, 4.054, 4.208, 4.454, 5.296, 5.476, 6.776, 7.824, 8.603, 9.757, 10.98, 11.172, 11.223, 11.341, 10.878, 10.345, 10.116, 9.653, 9.495, 9.883, 10.253, 10.273, 10.239, 10.082, 10.097, 9.409, 7.859, 6.82, 6.451, 6.659, 7.77, 8.03, 7.76, 7.534, 7.407, 7.672, 7.399, 7.457, 6.819, 5.372, 5.277, 4.945, 4.414, 3.688, 3.655, 4.173, 4.701, 5.635, 7.619, 9.175, 9.634, 9.607], [5.33, 5.043, 4.592, 4.324, 3.672, 3.736, 3.282, 2.427, 3.177, 3.83, 3.853, 4.188, 3.229, 2.494, 1.42, 0.919, 0.638, 0.0, 0.695, 1.259, 1.229, 1.515, 2.898, 3.662, 2.618, 1.343, 1.687, 2.087, 2.165, 2.625, 2.597, 2.67, 3.279, 3.185, 3.643, 4.44, 4.536, 4.846, 5.679, 5.839, 7.085, 8.242, 8.998, 10.028, 11.262, 11.449, 11.508, 11.647, 11.211, 10.678, 10.443, 9.951, 9.802, 10.184, 10.57, 10.591, 10.559, 10.369, 10.289, 9.628, 8.084, 7.146, 6.739, 6.952, 8.077, 8.35, 8.079, 7.856, 7.724, 8.0, 7.665, 7.674, 7.052, 5.682, 5.605, 5.268, 4.714, 3.969, 3.986, 4.499, 5.051, 5.91, 7.837, 9.443, 9.938, 9.897], [5.502, 5.223, 4.873, 4.266, 3.742, 3.686, 3.293, 2.5, 3.654, 4.25, 4.277, 4.563, 3.668, 2.902, 1.749, 1.053, 0.917, 0.695, 0.0, 0.839, 0.906, 1.147, 2.549, 3.284, 2.348, 1.575, 1.781, 2.019, 2.18, 2.562, 2.55, 2.684, 3.405, 3.407, 3.842, 4.762, 4.957, 5.21, 6.07, 6.071, 7.464, 8.54, 9.305, 10.202, 11.348, 11.596, 11.864, 12.068, 11.65, 11.107, 10.88, 10.304, 10.17, 10.526, 10.918, 10.928, 10.927, 10.717, 10.472, 9.688, 8.121, 7.031, 6.722, 6.89, 7.981, 8.24, 7.97, 7.749, 7.621, 7.879, 7.666, 7.746, 7.072, 5.621, 5.493, 5.161, 4.656, 4.004, 3.967, 4.438, 5.002, 5.996, 7.936, 9.663, 10.283, 10.238], [5.949, 5.71, 5.474, 4.745, 4.089, 3.795, 3.43, 2.941, 4.313, 4.902, 4.923, 5.228, 4.326, 3.571, 2.417, 1.637, 1.55, 1.259, 0.839, 0.0, 0.656, 0.697, 1.99, 2.698, 1.811, 1.982, 2.223, 2.294, 2.674, 2.949, 2.733, 3.095, 3.926, 3.966, 4.482, 5.415, 5.582, 5.854, 6.728, 6.644, 8.081, 9.209, 9.97, 10.658, 11.776, 12.068, 12.489, 12.692, 12.275, 11.732, 11.505, 10.918, 10.789, 11.134, 11.526, 11.518, 11.535, 11.334, 11.011, 10.161, 8.547, 7.109, 6.769, 6.908, 8.019, 8.284, 8.012, 7.825, 7.714, 8.048, 8.026, 8.206, 7.399, 5.978, 5.654, 5.294, 4.913, 4.425, 4.163, 4.746, 5.321, 6.502, 8.444, 10.259, 10.894, 10.854], [6.064, 5.819, 5.473, 4.748, 4.131, 3.942, 3.488, 2.952, 4.284, 4.891, 4.925, 5.264, 4.297, 3.548, 2.405, 1.631, 1.542, 1.229, 0.906, 0.656, 0.0, 0.558, 1.931, 2.631, 1.886, 2.053, 2.223, 2.39, 2.644, 3.115, 2.951, 3.201, 3.898, 3.911, 4.415, 5.374, 5.543, 5.841, 6.665, 6.633, 8.049, 9.171, 9.916, 10.683, 11.847, 12.095, 12.456, 12.641, 12.224, 11.681, 11.454, 10.891, 10.748, 11.122, 11.514, 11.512, 11.52, 11.294, 11.03, 10.175, 8.532, 7.355, 6.925, 7.115, 8.229, 8.498, 8.226, 8.031, 7.909, 8.164, 8.064, 8.272, 7.464, 6.044, 5.8, 5.434, 5.089, 4.497, 4.297, 4.791, 5.373, 6.602, 8.516, 10.28, 10.862, 10.826], [6.061, 5.832, 5.6, 4.83, 4.152, 3.892, 3.506, 3.015, 4.467, 5.049, 5.105, 5.522, 4.505, 3.826, 2.628, 1.956, 1.864, 1.515, 1.147, 0.697, 0.558, 0.0, 1.712, 2.407, 1.642, 2.079, 2.319, 2.339, 2.773, 3.064, 2.891, 3.275, 4.096, 4.154, 4.681, 5.658, 5.751, 6.081, 6.945, 6.832, 8.186, 9.437, 10.204, 10.71, 11.831, 12.129, 12.593, 12.798, 12.379, 11.836, 11.609, 11.023, 10.885, 11.242, 11.634, 11.626, 11.643, 11.429, 11.105, 10.183, 8.55, 7.21, 6.849, 6.959, 8.076, 8.356, 8.087, 7.924, 7.808, 8.073, 8.045, 8.235, 7.416, 6.013, 5.747, 5.334, 4.974, 4.523, 4.277, 4.822, 5.448, 6.615, 8.515, 10.389, 10.999, 10.959], [7.591, 7.397, 7.129, 6.165, 5.515, 4.542, 3.875, 4.407, 5.886, 6.52, 6.592, 6.996, 5.952, 5.295, 4.044, 3.386, 3.304, 2.898, 2.549, 1.99, 1.931, 1.712, 0.0, 1.002, 1.098, 3.446, 3.582, 3.771, 4.316, 4.432, 3.881, 4.638, 5.45, 5.644, 6.173, 7.15, 7.283, 7.601, 8.429, 8.328, 9.719, 10.933, 11.692, 12.309, 13.36, 13.693, 14.056, 14.238, 13.821, 13.278, 13.051, 12.484, 12.347, 12.71, 13.139, 13.096, 13.111, 12.884, 12.474, 11.54, 9.737, 8.027, 7.163, 7.541, 8.745, 8.976, 8.707, 8.697, 8.842, 9.315, 9.579, 9.702, 8.896, 7.532, 6.701, 6.462, 6.344, 5.959, 5.604, 6.134, 6.754, 8.093, 10.01, 11.918, 12.511, 12.447], [8.346, 8.103, 7.832, 6.77, 6.216, 5.049, 4.323, 5.022, 6.66, 7.198, 7.309, 7.741, 6.715, 6.046, 4.815, 4.161, 4.073, 3.662, 3.284, 2.698, 2.631, 2.407, 1.002, 0.0, 1.382, 4.082, 4.314, 4.472, 4.963, 5.168, 4.573, 5.282, 6.224, 6.432, 6.961, 7.938, 8.011, 8.346, 9.213, 9.145, 10.374, 11.708, 12.479, 12.962, 13.923, 14.339, 14.775, 14.979, 14.538, 13.971, 13.727, 13.14, 12.99, 13.389, 13.802, 13.775, 13.826, 13.608, 13.078, 12.074, 10.204, 8.569, 7.519, 8.026, 9.186, 9.411, 9.174, 9.217, 9.412, 9.873, 10.208, 10.429, 9.523, 8.116, 7.26, 6.984, 7.016, 6.681, 6.263, 6.824, 7.428, 8.68, 10.729, 12.606, 13.145, 13.103], [7.202, 6.993, 6.723, 6.01, 5.142, 4.782, 4.296, 3.97, 5.538, 6.081, 6.192, 6.624, 5.597, 4.929, 3.684, 3.09, 3.051, 2.618, 2.348, 1.811, 1.886, 1.642, 1.098, 1.382, 0.0, 2.859, 3.273, 3.546, 4.071, 4.258, 3.802, 4.53, 5.292, 5.372, 5.879, 6.854, 6.92, 7.264, 8.131, 7.991, 9.275, 10.671, 11.442, 12.047, 13.043, 13.462, 13.695, 13.855, 13.42, 12.859, 12.592, 11.999, 11.885, 12.223, 12.646, 12.577, 12.653, 12.522, 12.102, 11.331, 9.704, 8.162, 7.402, 7.761, 9.009, 9.262, 8.992, 8.864, 8.84, 9.207, 9.292, 9.381, 8.588, 7.265, 6.97, 6.372, 5.997, 5.592, 5.363, 6.043, 6.69, 7.718, 9.717, 11.478, 12.041, 12.016], [4.649, 4.442, 4.072, 3.943, 3.345, 3.642, 3.439, 2.213, 2.791, 3.322, 3.433, 3.865, 2.838, 2.17, 1.136, 1.11, 1.124, 1.343, 1.575, 1.982, 2.053, 2.079, 3.446, 4.082, 2.859, 0.0, 1.478, 1.897, 1.958, 2.466, 2.714, 2.773, 3.164, 3.026, 3.436, 4.176, 4.179, 4.53, 5.437, 5.326, 6.521, 7.985, 8.737, 9.433, 10.563, 10.863, 10.961, 11.081, 10.634, 10.062, 9.798, 9.234, 9.23, 9.507, 9.832, 9.842, 9.865, 9.754, 9.816, 9.014, 7.555, 6.459, 6.382, 6.569, 7.554, 7.791, 7.514, 7.271, 7.112, 7.38, 7.036, 7.079, 6.431, 5.098, 5.202, 4.662, 4.033, 3.59, 3.674, 4.255, 4.78, 5.335, 7.342, 8.863, 9.235, 9.209], [4.407, 4.236, 3.831, 3.09, 2.371, 2.56, 2.302, 1.384, 2.448, 3.028, 3.099, 3.531, 2.515, 1.958, 1.143, 1.361, 1.387, 1.687, 1.781, 2.223, 2.223, 2.319, 3.582, 4.314, 3.273, 1.478, 0.0, 0.962, 1.168, 1.592, 1.534, 1.689, 2.257, 2.257, 2.714, 3.687, 3.779, 4.104, 5.003, 4.948, 6.171, 7.582, 8.376, 9.296, 10.403, 10.693, 10.686, 10.811, 10.343, 9.836, 9.584, 9.027, 8.951, 9.201, 9.603, 9.598, 9.616, 9.548, 9.277, 8.631, 6.915, 5.701, 5.417, 5.645, 6.718, 6.941, 6.665, 6.415, 6.297, 6.578, 6.601, 6.684, 5.938, 4.565, 4.309, 3.839, 3.374, 2.769, 2.638, 3.256, 3.703, 4.926, 6.966, 8.609, 9.001, 9.013], [4.059, 3.801, 3.585, 2.717, 2.133, 2.064, 1.861, 1.361, 2.509, 3.117, 3.215, 3.635, 2.876, 2.346, 1.685, 1.727, 1.792, 2.087, 2.019, 2.294, 2.39, 2.339, 3.771, 4.472, 3.546, 1.897, 0.962, 0.0, 0.877, 1.058, 1.145, 1.311, 2.051, 2.169, 2.682, 3.666, 3.73, 4.063, 4.933, 4.796, 6.089, 7.405, 8.172, 8.695, 9.822, 10.147, 10.528, 10.739, 10.305, 9.762, 9.535, 8.942, 8.793, 9.125, 9.517, 9.541, 9.552, 9.376, 8.939, 8.099, 6.449, 5.147, 4.839, 5.013, 6.081, 6.332, 6.057, 5.848, 5.723, 5.992, 6.012, 6.178, 5.365, 3.956, 3.711, 3.252, 2.897, 2.449, 2.213, 2.804, 3.301, 4.496, 6.426, 8.325, 8.916, 8.858], [3.68, 3.398, 3.071, 2.426, 1.899, 2.124, 2.144, 1.167, 2.005, 2.637, 2.755, 3.141, 2.415, 1.927, 1.587, 1.714, 1.812, 2.165, 2.18, 2.674, 2.644, 2.773, 4.316, 4.963, 4.071, 1.958, 1.168, 0.877, 0.0, 1.047, 1.4, 1.147, 1.68, 1.733, 2.154, 3.1, 3.175, 3.505, 4.387, 4.36, 5.579, 6.855, 7.63, 8.272, 9.429, 9.714, 10.089, 10.274, 9.817, 9.279, 9.048, 8.47, 8.314, 8.657, 9.044, 9.074, 9.101, 8.925, 8.553, 7.748, 6.177, 5.06, 4.799, 4.985, 6.021, 6.261, 6.004, 5.742, 5.601, 5.877, 5.7, 5.823, 5.104, 3.622, 3.582, 3.173, 2.781, 2.21, 2.074, 2.653, 3.096, 4.114, 6.071, 7.882, 8.416, 8.378], [3.353, 3.16, 3.041, 2.236, 1.784, 1.718, 2.173, 1.503, 2.272, 2.816, 2.822, 3.326, 2.868, 2.46, 2.216, 2.348, 2.339, 2.625, 2.562, 2.949, 3.115, 3.064, 4.432, 5.168, 4.258, 2.466, 1.592, 1.058, 1.047, 0.0, 0.999, 1.057, 1.499, 1.646, 2.144, 3.098, 3.19, 3.537, 4.403, 4.279, 5.6, 6.882, 7.649, 7.993, 9.112, 9.488, 10.066, 10.278, 9.837, 9.294, 9.068, 8.473, 8.325, 8.655, 9.026, 9.07, 9.077, 8.897, 8.441, 7.495, 5.877, 4.652, 4.516, 4.502, 5.527, 5.771, 5.513, 5.262, 5.119, 5.392, 5.338, 5.489, 4.696, 3.3, 3.042, 2.693, 2.327, 1.934, 1.892, 2.429, 2.914, 3.985, 5.783, 7.795, 8.435, 8.393], [3.86, 3.635, 3.399, 2.551, 1.923, 1.408, 1.482, 1.364, 2.557, 3.13, 3.205, 3.712, 3.319, 2.907, 2.462, 2.488, 2.491, 2.597, 2.55, 2.733, 2.951, 2.891, 3.881, 4.573, 3.802, 2.714, 1.534, 1.145, 1.4, 0.999, 0.0, 1.022, 1.844, 1.989, 2.511, 3.485, 3.577, 3.913, 4.779, 4.639, 5.964, 7.264, 8.028, 8.616, 9.695, 10.044, 10.388, 10.585, 10.15, 9.607, 9.38, 8.783, 8.645, 8.991, 9.37, 9.385, 9.384, 9.215, 8.774, 7.886, 6.153, 4.676, 4.261, 4.438, 5.584, 5.851, 5.58, 5.377, 5.283, 5.667, 5.91, 6.044, 5.238, 3.843, 3.248, 2.885, 2.668, 2.213, 1.919, 2.5, 3.07, 4.345, 6.265, 8.179, 8.771, 8.722], [3.471, 3.216, 2.847, 2.031, 1.643, 1.477, 1.84, 1.295, 2.083, 2.64, 2.745, 3.135, 2.922, 2.542, 2.312, 2.405, 2.402, 2.67, 2.684, 3.095, 3.201, 3.275, 4.638, 5.282, 4.53, 2.773, 1.689, 1.311, 1.147, 1.057, 1.022, 0.0, 1.168, 1.423, 1.834, 2.735, 2.869, 3.157, 4.019, 4.029, 5.371, 6.532, 7.304, 8.119, 9.197, 9.513, 9.794, 9.985, 9.563, 9.024, 8.793, 8.227, 8.081, 8.435, 8.827, 8.819, 8.828, 8.643, 8.157, 7.343, 5.64, 4.579, 4.239, 4.393, 5.498, 5.754, 5.49, 5.262, 5.145, 5.43, 5.476, 5.62, 4.796, 3.424, 2.999, 2.675, 2.356, 1.745, 1.555, 2.12, 2.586, 3.782, 5.814, 7.625, 8.197, 8.162], [2.78, 2.51, 2.111, 1.588, 1.286, 1.848, 2.708, 1.757, 1.765, 2.274, 2.353, 2.808, 2.707, 2.53, 2.67, 2.918, 2.944, 3.279, 3.405, 3.926, 3.898, 4.096, 5.45, 6.224, 5.292, 3.164, 2.257, 2.051, 1.68, 1.499, 1.844, 1.168, 0.0, 0.76, 1.007, 1.756, 1.918, 2.222, 3.034, 3.18, 4.442, 5.596, 6.412, 7.475, 8.593, 8.869, 8.945, 9.074, 8.581, 8.1, 7.816, 7.375, 7.227, 7.567, 7.943, 7.952, 7.926, 7.848, 7.454, 6.807, 5.144, 4.112, 4.078, 4.291, 5.273, 5.512, 5.265, 5.035, 4.775, 4.972, 4.836, 4.951, 4.192, 2.922, 2.727, 2.504, 1.762, 1.33, 1.262, 1.721, 2.139, 3.145, 5.124, 6.862, 7.349, 7.37], [2.624, 2.446, 1.99, 1.777, 1.348, 1.959, 2.891, 1.742, 1.828, 2.368, 2.457, 2.959, 2.785, 2.408, 2.523, 2.782, 2.812, 3.185, 3.407, 3.966, 3.911, 4.154, 5.644, 6.432, 5.372, 3.026, 2.257, 2.169, 1.733, 1.646, 1.989, 1.423, 0.76, 0.0, 0.718, 1.559, 1.698, 2.001, 2.854, 3.036, 4.286, 5.486, 6.303, 7.471, 8.64, 8.867, 8.865, 8.969, 8.413, 7.954, 7.658, 7.251, 7.148, 7.443, 7.801, 7.806, 7.796, 7.765, 7.627, 6.981, 5.365, 4.342, 4.22, 4.421, 5.414, 5.653, 5.396, 5.144, 4.92, 5.199, 4.891, 4.979, 4.308, 2.955, 2.845, 2.6, 1.93, 1.347, 1.393, 1.819, 2.228, 3.206, 5.207, 6.797, 7.24, 7.269], [2.293, 2.178, 1.725, 1.818, 1.449, 2.477, 3.432, 2.194, 1.887, 2.404, 2.477, 2.935, 2.831, 2.589, 2.82, 3.185, 3.231, 3.643, 3.842, 4.482, 4.415, 4.681, 6.173, 6.961, 5.879, 3.436, 2.714, 2.682, 2.154, 2.144, 2.511, 1.834, 1.007, 0.718, 0.0, 1.115, 1.361, 1.605, 2.426, 2.593, 3.846, 5.085, 5.887, 7.159, 8.332, 8.555, 8.507, 8.574, 8.014, 7.539, 7.255, 6.858, 6.798, 7.031, 7.33, 7.321, 7.401, 7.387, 7.338, 6.694, 5.097, 4.116, 4.016, 4.226, 5.204, 5.443, 5.188, 4.96, 4.735, 4.974, 4.642, 4.695, 4.047, 2.74, 2.701, 2.546, 1.833, 1.475, 1.588, 1.624, 2.089, 2.953, 4.922, 6.457, 6.824, 6.868], [1.935, 1.891, 1.628, 2.138, 2.082, 3.367, 4.319, 3.134, 2.131, 2.237, 2.201, 2.555, 2.922, 2.876, 3.562, 4.044, 4.054, 4.44, 4.762, 5.415, 5.374, 5.658, 7.15, 7.938, 6.854, 4.176, 3.687, 3.666, 3.1, 3.098, 3.485, 2.735, 1.756, 1.559, 1.115, 0.0, 0.875, 0.968, 1.593, 1.894, 3.0, 4.347, 5.154, 6.427, 7.637, 7.835, 7.75, 7.755, 7.086, 6.622, 6.332, 6.034, 6.054, 6.281, 6.492, 6.501, 6.52, 6.561, 6.681, 6.062, 4.549, 3.793, 4.068, 4.313, 5.133, 5.42, 5.268, 5.089, 4.74, 4.741, 4.201, 4.139, 3.584, 2.782, 2.966, 3.121, 2.083, 2.072, 2.322, 1.87, 2.207, 2.626, 4.275, 5.746, 5.94, 5.995], [2.0, 1.963, 1.61, 2.19, 2.23, 3.436, 4.376, 3.196, 2.135, 2.415, 2.419, 2.918, 2.996, 3.007, 3.577, 4.177, 4.208, 4.536, 4.957, 5.582, 5.543, 5.751, 7.283, 8.011, 6.92, 4.179, 3.779, 3.73, 3.175, 3.19, 3.577, 2.869, 1.918, 1.698, 1.361, 0.875, 0.0, 0.662, 1.446, 1.819, 2.773, 4.152, 4.931, 6.089, 7.371, 7.546, 7.418, 7.442, 6.819, 6.388, 6.091, 5.728, 5.774, 5.982, 6.248, 6.272, 6.227, 6.253, 6.458, 5.882, 4.399, 3.734, 3.85, 4.065, 4.942, 5.224, 5.025, 4.827, 4.503, 4.638, 4.127, 4.037, 3.493, 2.502, 2.76, 3.016, 1.909, 1.963, 2.167, 1.836, 2.065, 2.512, 4.144, 5.458, 5.695, 5.719], [1.881, 1.908, 1.554, 2.25, 2.452, 3.77, 4.717, 3.537, 2.345, 2.561, 2.565, 2.917, 3.2, 3.184, 3.808, 4.447, 4.454, 4.846, 5.21, 5.854, 5.841, 6.081, 7.601, 8.346, 7.264, 4.53, 4.104, 4.063, 3.505, 3.537, 3.913, 3.157, 2.222, 2.001, 1.605, 0.968, 0.662, 0.0, 1.171, 1.588, 2.552, 3.806, 4.577, 5.836, 7.128, 7.283, 7.148, 7.189, 6.572, 6.126, 5.829, 5.469, 5.508, 5.713, 5.947, 5.947, 5.994, 6.01, 6.272, 5.707, 4.216, 3.541, 3.719, 3.965, 4.762, 5.052, 4.937, 4.786, 4.467, 4.459, 3.962, 3.89, 3.32, 2.539, 2.802, 3.14, 2.128, 2.202, 2.42, 1.93, 2.132, 2.341, 3.959, 5.216, 5.458, 5.5], [1.908, 2.006, 1.969, 2.785, 3.271, 4.635, 5.582, 4.403, 3.25, 3.176, 3.378, 3.614, 4.112, 4.15, 4.781, 5.267, 5.296, 5.679, 6.07, 6.728, 6.665, 6.945, 8.429, 9.213, 8.131, 5.437, 5.003, 4.933, 4.387, 4.403, 4.779, 4.019, 3.034, 2.854, 2.426, 1.593, 1.446, 1.171, 0.0, 1.205, 1.88, 2.989, 3.704, 5.082, 6.336, 6.511, 6.385, 6.372, 5.781, 5.323, 5.034, 4.69, 4.721, 4.97, 5.224, 5.279, 5.188, 5.198, 5.428, 4.887, 3.428, 3.112, 3.582, 3.887, 4.535, 4.902, 4.91, 4.819, 4.437, 4.142, 3.434, 3.146, 2.95, 2.785, 3.343, 3.854, 2.71, 2.835, 3.128, 2.606, 2.514, 2.264, 3.15, 4.44, 4.662, 4.675], [1.825, 1.916, 2.031, 2.905, 3.16, 4.494, 5.514, 4.31, 3.654, 3.406, 3.764, 4.049, 4.467, 4.546, 4.89, 5.399, 5.476, 5.839, 6.071, 6.644, 6.633, 6.832, 8.328, 9.145, 7.991, 5.326, 4.948, 4.796, 4.36, 4.279, 4.639, 4.029, 3.18, 3.036, 2.593, 1.894, 1.819, 1.588, 1.205, 0.0, 1.725, 2.873, 3.622, 4.68, 5.868, 6.068, 6.095, 6.201, 5.753, 5.236, 4.985, 4.424, 4.45, 4.677, 5.002, 5.001, 5.014, 4.939, 5.026, 4.314, 2.879, 2.582, 3.27, 3.258, 3.972, 4.236, 4.21, 4.121, 3.805, 3.587, 2.857, 2.555, 2.388, 2.452, 3.202, 3.633, 2.526, 2.673, 3.061, 2.449, 2.133, 1.677, 2.651, 4.049, 4.41, 4.436], [2.385, 2.554, 2.825, 4.003, 4.487, 5.906, 6.841, 5.567, 4.528, 4.252, 4.636, 5.043, 5.43, 5.51, 6.016, 6.749, 6.776, 7.085, 7.464, 8.081, 8.049, 8.186, 9.719, 10.374, 9.275, 6.521, 6.171, 6.089, 5.579, 5.6, 5.964, 5.371, 4.442, 4.286, 3.846, 3.0, 2.773, 2.552, 1.88, 1.725, 0.0, 1.832, 2.535, 3.481, 4.753, 4.995, 4.896, 4.943, 4.353, 3.866, 3.588, 3.16, 3.174, 3.372, 3.633, 3.668, 3.69, 3.74, 3.853, 3.361, 2.341, 2.6, 3.752, 3.676, 3.693, 3.943, 3.919, 3.876, 3.389, 2.997, 2.318, 1.972, 2.073, 3.504, 4.592, 4.955, 3.85, 4.099, 4.364, 3.833, 3.163, 1.971, 1.696, 2.986, 3.118, 3.184], [3.757, 3.927, 4.094, 5.251, 5.778, 7.14, 8.08, 6.929, 5.852, 5.645, 6.015, 6.124, 6.695, 6.77, 7.258, 7.798, 7.824, 8.242, 8.54, 9.209, 9.171, 9.437, 10.933, 11.708, 10.671, 7.985, 7.582, 7.405, 6.855, 6.882, 7.264, 6.532, 5.596, 5.486, 5.085, 4.347, 4.152, 3.806, 2.989, 2.873, 1.832, 0.0, 0.951, 2.217, 3.43, 3.585, 3.501, 3.638, 3.203, 2.798, 2.643, 2.267, 2.155, 2.355, 2.638, 2.688, 2.678, 2.468, 2.717, 2.538, 2.544, 3.852, 4.999, 4.831, 4.519, 4.658, 4.625, 4.573, 4.187, 3.542, 2.795, 2.477, 2.949, 4.694, 5.668, 6.333, 5.219, 5.33, 5.615, 4.981, 4.401, 3.256, 1.735, 1.584, 1.982, 2.019], [4.499, 4.67, 4.842, 5.985, 6.574, 7.879, 8.83, 7.679, 6.563, 6.349, 6.685, 6.637, 7.305, 7.5, 8.04, 8.48, 8.603, 8.998, 9.305, 9.97, 9.916, 10.204, 11.692, 12.479, 11.442, 8.737, 8.376, 8.172, 7.63, 7.649, 8.028, 7.304, 6.412, 6.303, 5.887, 5.154, 4.931, 4.577, 3.704, 3.622, 2.535, 0.951, 0.0, 1.525, 2.785, 3.054, 3.048, 3.206, 2.851, 2.591, 2.541, 2.34, 2.187, 2.157, 2.554, 2.575, 2.411, 2.17, 2.578, 2.698, 2.978, 4.506, 5.634, 5.413, 4.983, 5.012, 4.948, 4.848, 4.54, 3.727, 3.115, 2.845, 3.587, 5.279, 6.243, 6.942, 5.877, 6.012, 6.363, 5.745, 5.145, 4.01, 2.183, 1.356, 1.557, 1.575], [5.041, 5.144, 5.74, 6.757, 7.389, 8.391, 9.396, 8.544, 7.633, 7.303, 7.698, 7.799, 8.367, 8.638, 9.062, 9.696, 9.757, 10.028, 10.202, 10.658, 10.683, 10.71, 12.309, 12.962, 12.047, 9.433, 9.296, 8.695, 8.272, 7.993, 8.616, 8.119, 7.475, 7.471, 7.159, 6.427, 6.089, 5.836, 5.082, 4.68, 3.481, 2.217, 1.525, 0.0, 1.782, 2.567, 3.191, 3.476, 3.134, 2.956, 2.953, 2.741, 2.668, 2.582, 2.889, 3.063, 2.906, 2.58, 2.687, 2.475, 3.147, 4.696, 5.86, 5.34, 4.814, 4.755, 4.7, 4.668, 4.34, 3.42, 2.991, 2.923, 3.579, 5.159, 6.353, 6.807, 6.153, 6.781, 6.998, 6.496, 5.898, 4.606, 2.629, 1.636, 1.801, 1.936], [6.24, 6.371, 6.897, 7.758, 8.457, 9.318, 10.32, 9.599, 9.0, 8.687, 9.067, 9.116, 9.709, 10.033, 10.322, 10.974, 10.98, 11.262, 11.348, 11.776, 11.847, 11.831, 13.36, 13.923, 13.043, 10.563, 10.403, 9.822, 9.429, 9.112, 9.695, 9.197, 8.593, 8.64, 8.332, 7.637, 7.371, 7.128, 6.336, 5.868, 4.753, 3.43, 2.785, 1.782, 0.0, 1.505, 2.318, 2.618, 2.577, 2.719, 2.767, 2.6, 2.329, 2.354, 2.525, 2.668, 2.542, 2.232, 1.973, 2.082, 4.008, 5.58, 6.779, 6.2, 5.594, 5.385, 5.28, 5.281, 5.1, 4.36, 4.01, 3.903, 4.519, 5.991, 7.316, 7.49, 7.174, 7.815, 8.065, 7.453, 7.001, 5.569, 3.537, 2.02, 2.137, 2.289], [6.5, 6.659, 7.072, 8.064, 8.7, 9.76, 10.797, 9.854, 9.165, 8.852, 9.193, 9.218, 9.825, 10.176, 10.514, 11.133, 11.172, 11.449, 11.596, 12.068, 12.095, 12.129, 13.693, 14.339, 13.462, 10.863, 10.693, 10.147, 9.714, 9.488, 10.044, 9.513, 8.869, 8.867, 8.555, 7.835, 7.546, 7.283, 6.511, 6.068, 4.995, 3.585, 3.054, 2.567, 1.505, 0.0, 1.239, 1.631, 1.932, 2.241, 2.32, 2.207, 2.039, 1.866, 1.925, 2.011, 1.907, 1.687, 1.76, 2.534, 4.556, 6.203, 7.416, 6.978, 6.528, 6.531, 6.394, 6.342, 6.211, 5.434, 4.805, 4.623, 5.216, 6.93, 7.972, 8.519, 7.698, 8.118, 8.419, 7.798, 7.304, 6.005, 3.897, 2.217, 2.227, 2.289], [6.846, 7.026, 7.177, 8.372, 8.886, 10.239, 11.178, 9.991, 8.872, 8.61, 8.912, 8.898, 9.548, 9.926, 10.42, 11.149, 11.223, 11.508, 11.864, 12.489, 12.456, 12.593, 14.056, 14.775, 13.695, 10.961, 10.686, 10.528, 10.089, 10.066, 10.388, 9.794, 8.945, 8.865, 8.507, 7.75, 7.418, 7.148, 6.385, 6.095, 4.896, 3.501, 3.048, 3.191, 2.318, 1.239, 0.0, 0.732, 1.378, 1.814, 1.934, 1.98, 1.946, 1.706, 1.656, 1.691, 1.656, 1.51, 1.98, 3.093, 5.025, 6.737, 7.866, 7.652, 7.246, 7.228, 7.1, 7.045, 6.901, 6.159, 5.499, 5.249, 5.834, 7.598, 8.65, 9.126, 8.144, 8.354, 8.734, 8.126, 7.602, 6.292, 4.386, 2.464, 2.133, 2.205], [7.014, 7.242, 7.4, 8.597, 9.094, 10.47, 11.388, 10.2, 8.851, 8.51, 8.759, 8.672, 9.377, 9.812, 10.508, 11.299, 11.341, 11.647, 12.068, 12.692, 12.641, 12.798, 14.238, 14.979, 13.855, 11.081, 10.811, 10.739, 10.274, 10.278, 10.585, 9.985, 9.074, 8.969, 8.574, 7.755, 7.442, 7.189, 6.372, 6.201, 4.943, 3.638, 3.206, 3.476, 2.618, 1.631, 0.732, 0.0, 0.995, 1.596, 1.79, 2.045, 2.136, 1.85, 1.608, 1.721, 1.587, 1.56, 2.201, 3.34, 5.256, 6.935, 8.093, 7.901, 7.486, 7.466, 7.362, 7.267, 7.147, 6.412, 5.72, 5.458, 6.029, 7.812, 8.861, 9.358, 8.337, 8.551, 8.918, 8.332, 7.807, 6.529, 4.611, 2.709, 2.211, 2.203], [6.58, 6.803, 6.981, 8.191, 8.68, 10.078, 10.982, 9.774, 8.221, 7.748, 7.957, 7.873, 8.615, 9.101, 10.033, 10.869, 10.878, 11.211, 11.65, 12.275, 12.224, 12.379, 13.821, 14.538, 13.42, 10.634, 10.343, 10.305, 9.817, 9.837, 10.15, 9.563, 8.581, 8.413, 8.014, 7.086, 6.819, 6.572, 5.781, 5.753, 4.353, 3.203, 2.851, 3.134, 2.577, 1.932, 1.378, 0.995, 0.0, 0.823, 1.05, 1.621, 1.736, 1.471, 1.316, 1.53, 1.347, 1.497, 1.977, 2.919, 4.817, 6.511, 7.658, 7.479, 7.078, 7.073, 6.962, 6.863, 6.749, 6.016, 5.315, 5.058, 5.622, 7.378, 8.446, 8.915, 7.893, 8.144, 8.453, 7.929, 7.378, 6.108, 4.194, 2.353, 1.803, 2.048], [6.03, 6.239, 6.386, 7.597, 8.098, 9.484, 10.387, 9.17, 7.752, 7.21, 7.449, 7.351, 8.083, 8.579, 9.515, 10.326, 10.345, 10.678, 11.107, 11.732, 11.681, 11.836, 13.278, 13.971, 12.859, 10.062, 9.836, 9.762, 9.279, 9.294, 9.607, 9.024, 8.1, 7.954, 7.539, 6.622, 6.388, 6.126, 5.323, 5.236, 3.866, 2.798, 2.591, 2.956, 2.719, 2.241, 1.814, 1.596, 0.823, 0.0, 0.573, 1.138, 1.235, 1.139, 1.262, 1.435, 1.312, 1.339, 1.823, 2.387, 4.155, 5.927, 7.081, 6.876, 6.495, 6.56, 6.41, 6.332, 6.307, 5.611, 4.884, 4.622, 5.094, 6.823, 7.896, 8.304, 7.323, 7.558, 7.923, 7.342, 6.831, 5.511, 3.66, 2.017, 1.626, 1.993], [5.8, 6.008, 6.151, 7.362, 7.846, 9.249, 10.152, 8.935, 7.473, 6.973, 7.264, 7.368, 7.916, 8.339, 9.275, 10.099, 10.116, 10.443, 10.88, 11.505, 11.454, 11.609, 13.051, 13.727, 12.592, 9.798, 9.584, 9.535, 9.048, 9.068, 9.38, 8.793, 7.816, 7.658, 7.255, 6.332, 6.091, 5.829, 5.034, 4.985, 3.588, 2.643, 2.541, 2.953, 2.767, 2.32, 1.934, 1.79, 1.05, 0.573, 0.0, 0.87, 1.074, 1.025, 1.096, 1.222, 1.18, 1.253, 1.693, 2.156, 3.916, 5.671, 6.836, 6.68, 6.294, 6.384, 6.252, 6.172, 6.163, 5.487, 4.749, 4.47, 4.9, 6.607, 7.703, 8.072, 7.067, 7.326, 7.687, 7.111, 6.594, 5.263, 3.519, 2.007, 1.708, 2.161], [5.198, 5.406, 5.516, 6.718, 7.218, 8.617, 9.553, 8.29, 7.191, 6.884, 7.266, 7.426, 7.934, 8.248, 8.741, 9.562, 9.653, 9.951, 10.304, 10.918, 10.891, 11.023, 12.484, 13.14, 11.999, 9.234, 9.027, 8.942, 8.47, 8.473, 8.783, 8.227, 7.375, 7.251, 6.858, 6.034, 5.728, 5.469, 4.69, 4.424, 3.16, 2.267, 2.34, 2.741, 2.6, 2.207, 1.98, 2.045, 1.621, 1.138, 0.87, 0.0, 0.777, 0.944, 1.054, 1.188, 1.189, 1.151, 1.479, 1.785, 3.348, 5.142, 6.315, 6.2, 5.806, 5.879, 5.748, 5.672, 5.642, 4.973, 4.221, 3.91, 4.38, 6.113, 7.221, 7.552, 6.512, 6.736, 7.15, 6.52, 6.003, 4.671, 3.009, 1.704, 1.585, 2.042], [5.129, 5.31, 5.486, 6.635, 7.141, 8.538, 9.473, 8.226, 7.358, 7.047, 7.442, 7.642, 8.132, 8.398, 8.793, 9.506, 9.495, 9.802, 10.17, 10.789, 10.748, 10.885, 12.347, 12.99, 11.885, 9.23, 8.951, 8.793, 8.314, 8.325, 8.645, 8.081, 7.227, 7.148, 6.798, 6.054, 5.774, 5.508, 4.721, 4.45, 3.174, 2.155, 2.187, 2.668, 2.329, 2.039, 1.946, 2.136, 1.736, 1.235, 1.074, 0.777, 0.0, 0.634, 1.079, 1.124, 1.11, 0.956, 1.212, 1.608, 3.232, 4.98, 6.141, 6.062, 5.664, 5.744, 5.61, 5.508, 5.465, 4.771, 4.047, 3.719, 4.228, 5.957, 7.066, 7.421, 6.349, 6.664, 6.973, 6.423, 5.851, 4.54, 2.853, 1.498, 1.735, 2.141], [5.447, 5.612, 5.804, 7.012, 7.475, 8.893, 9.86, 8.594, 7.563, 7.233, 7.65, 7.794, 8.313, 8.582, 9.008, 9.832, 9.883, 10.184, 10.526, 11.134, 11.122, 11.242, 12.71, 13.389, 12.223, 9.507, 9.201, 9.125, 8.657, 8.655, 8.991, 8.435, 7.567, 7.443, 7.031, 6.281, 5.982, 5.713, 4.97, 4.677, 3.372, 2.355, 2.157, 2.582, 2.354, 1.866, 1.706, 1.85, 1.471, 1.139, 1.025, 0.944, 0.634, 0.0, 0.778, 0.901, 0.823, 0.803, 1.196, 1.824, 3.611, 5.29, 6.45, 6.275, 5.873, 5.957, 5.806, 5.734, 5.701, 4.991, 4.272, 3.991, 4.474, 6.207, 7.295, 7.709, 6.68, 6.941, 7.293, 6.786, 6.22, 4.901, 3.058, 1.485, 1.574, 1.966], [5.773, 5.962, 6.148, 7.368, 7.826, 9.245, 10.212, 8.94, 7.725, 7.325, 7.707, 7.911, 8.391, 8.679, 9.327, 10.192, 10.253, 10.57, 10.918, 11.526, 11.514, 11.634, 13.139, 13.802, 12.646, 9.832, 9.603, 9.517, 9.044, 9.026, 9.37, 8.827, 7.943, 7.801, 7.33, 6.492, 6.248, 5.947, 5.224, 5.002, 3.633, 2.638, 2.554, 2.889, 2.525, 1.925, 1.656, 1.608, 1.316, 1.262, 1.096, 1.054, 1.079, 0.778, 0.0, 0.678, 0.69, 0.899, 1.318, 2.167, 4.032, 5.675, 6.824, 6.591, 6.192, 6.23, 6.116, 6.072, 5.979, 5.255, 4.54, 4.273, 4.805, 6.535, 7.662, 8.081, 7.092, 7.287, 7.648, 7.141, 6.617, 5.295, 3.38, 1.772, 1.784, 2.122], [5.812, 6.017, 6.154, 7.396, 7.845, 9.255, 10.233, 8.963, 7.869, 7.466, 7.861, 8.113, 8.571, 8.831, 9.373, 10.22, 10.273, 10.591, 10.928, 11.518, 11.512, 11.626, 13.096, 13.775, 12.577, 9.842, 9.598, 9.541, 9.074, 9.07, 9.385, 8.819, 7.952, 7.806, 7.321, 6.501, 6.272, 5.947, 5.279, 5.001, 3.668, 2.688, 2.575, 3.063, 2.668, 2.011, 1.691, 1.721, 1.53, 1.435, 1.222, 1.188, 1.124, 0.901, 0.678, 0.0, 0.637, 0.942, 1.294, 2.099, 3.919, 5.64, 6.797, 6.627, 6.205, 6.219, 6.095, 5.935, 5.864, 5.21, 4.485, 4.2, 4.769, 6.574, 7.66, 8.01, 7.054, 7.314, 7.701, 7.15, 6.656, 5.312, 3.424, 1.911, 1.954, 2.37], [5.81, 6.037, 6.159, 7.371, 7.839, 9.247, 10.214, 8.975, 7.828, 7.417, 7.842, 8.081, 8.537, 8.776, 9.394, 10.197, 10.239, 10.559, 10.927, 11.535, 11.52, 11.643, 13.111, 13.826, 12.653, 9.865, 9.616, 9.552, 9.101, 9.077, 9.384, 8.828, 7.926, 7.796, 7.401, 6.52, 6.227, 5.994, 5.188, 5.014, 3.69, 2.678, 2.411, 2.906, 2.542, 1.907, 1.656, 1.587, 1.347, 1.312, 1.18, 1.189, 1.11, 0.823, 0.69, 0.637, 0.0, 0.673, 1.276, 2.133, 3.969, 5.726, 6.869, 6.648, 6.213, 6.209, 6.052, 5.944, 5.867, 5.155, 4.469, 4.194, 4.818, 6.61, 7.649, 8.073, 7.116, 7.31, 7.696, 7.152, 6.629, 5.346, 3.406, 1.775, 1.814, 2.075], [5.633, 5.86, 6.006, 7.2, 7.75, 9.07, 10.006, 8.797, 7.88, 7.565, 7.973, 8.18, 8.651, 8.899, 9.308, 9.992, 10.082, 10.369, 10.717, 11.334, 11.294, 11.429, 12.884, 13.608, 12.522, 9.754, 9.548, 9.376, 8.925, 8.897, 9.215, 8.643, 7.848, 7.765, 7.387, 6.561, 6.253, 6.01, 5.198, 4.939, 3.74, 2.468, 2.17, 2.58, 2.232, 1.687, 1.51, 1.56, 1.497, 1.339, 1.253, 1.151, 0.956, 0.803, 0.899, 0.942, 0.673, 0.0, 1.079, 1.888, 3.791, 5.55, 6.678, 6.461, 6.033, 6.025, 5.869, 5.776, 5.71, 4.98, 4.291, 4.034, 4.638, 6.425, 7.478, 7.936, 6.94, 7.183, 7.567, 6.964, 6.432, 5.171, 3.217, 1.49, 1.684, 1.869], [5.657, 5.724, 6.001, 6.7, 7.354, 8.571, 9.531, 8.496, 8.296, 7.945, 8.404, 8.598, 9.094, 9.294, 9.542, 10.094, 10.097, 10.289, 10.472, 11.011, 11.03, 11.105, 12.474, 13.078, 12.102, 9.816, 9.277, 8.939, 8.553, 8.441, 8.774, 8.157, 7.454, 7.627, 7.338, 6.681, 6.458, 6.272, 5.428, 5.026, 3.853, 2.717, 2.578, 2.687, 1.973, 1.76, 1.98, 2.201, 1.977, 1.823, 1.693, 1.479, 1.212, 1.196, 1.318, 1.294, 1.276, 1.079, 0.0, 1.343, 3.241, 4.934, 6.088, 5.913, 5.524, 5.508, 5.355, 5.239, 5.174, 4.472, 3.899, 3.663, 4.181, 5.958, 7.03, 7.367, 6.461, 6.809, 7.062, 6.502, 5.936, 4.702, 2.898, 1.643, 1.988, 2.327], [4.774, 4.889, 5.266, 5.886, 6.693, 7.451, 8.467, 7.811, 7.739, 7.41, 7.874, 8.135, 8.589, 8.729, 8.942, 9.374, 9.409, 9.628, 9.688, 10.161, 10.175, 10.183, 11.54, 12.074, 11.331, 9.014, 8.631, 8.099, 7.748, 7.495, 7.886, 7.343, 6.807, 6.981, 6.694, 6.062, 5.882, 5.707, 4.887, 4.314, 3.361, 2.538, 2.698, 2.475, 2.082, 2.534, 3.093, 3.34, 2.919, 2.387, 2.156, 1.785, 1.608, 1.824, 2.167, 2.099, 2.133, 1.888, 1.343, 0.0, 2.09, 3.918, 5.114, 4.799, 4.426, 4.512, 4.399, 4.299, 4.311, 3.648, 3.152, 3.005, 3.292, 4.889, 5.906, 6.187, 5.564, 6.063, 6.314, 5.666, 5.21, 3.97, 2.234, 1.761, 2.267, 2.624], [3.242, 3.392, 3.751, 4.167, 5.026, 5.489, 6.474, 6.156, 6.229, 6.001, 6.375, 6.776, 7.137, 7.226, 7.429, 7.791, 7.859, 8.084, 8.121, 8.547, 8.532, 8.55, 9.737, 10.204, 9.704, 7.555, 6.915, 6.449, 6.177, 5.877, 6.153, 5.64, 5.144, 5.365, 5.097, 4.549, 4.399, 4.216, 3.428, 2.879, 2.341, 2.544, 2.978, 3.147, 4.008, 4.556, 5.025, 5.256, 4.817, 4.155, 3.916, 3.348, 3.232, 3.611, 4.032, 3.919, 3.969, 3.791, 3.241, 2.09, 0.0, 2.143, 3.414, 3.01, 2.891, 3.263, 3.257, 3.169, 3.096, 2.596, 2.191, 2.2, 2.024, 3.457, 4.101, 4.261, 3.952, 4.464, 4.697, 3.94, 3.492, 2.517, 1.964, 2.934, 3.442, 3.443], [2.308, 2.414, 2.916, 3.142, 3.773, 4.083, 5.033, 5.04, 5.509, 5.49, 5.71, 6.169, 6.484, 6.451, 6.457, 6.667, 6.82, 7.146, 7.031, 7.109, 7.355, 7.21, 8.027, 8.569, 8.162, 6.459, 5.701, 5.147, 5.06, 4.652, 4.676, 4.579, 4.112, 4.342, 4.116, 3.793, 3.734, 3.541, 3.112, 2.582, 2.6, 3.852, 4.506, 4.696, 5.58, 6.203, 6.737, 6.935, 6.511, 5.927, 5.671, 5.142, 4.98, 5.29, 5.675, 5.64, 5.726, 5.55, 4.934, 3.918, 2.143, 0.0, 1.538, 1.523, 1.757, 2.133, 2.146, 2.002, 1.924, 1.93, 1.998, 2.192, 1.45, 2.357, 2.587, 2.932, 2.593, 3.347, 3.231, 2.757, 2.216, 1.652, 2.574, 4.536, 5.146, 5.118], [2.821, 2.917, 3.04, 3.154, 3.494, 3.529, 4.138, 4.606, 5.492, 5.882, 6.002, 6.476, 6.562, 6.46, 6.278, 6.326, 6.451, 6.739, 6.722, 6.769, 6.925, 6.849, 7.163, 7.519, 7.402, 6.382, 5.417, 4.839, 4.799, 4.516, 4.261, 4.239, 4.078, 4.22, 4.016, 4.068, 3.85, 3.719, 3.582, 3.27, 3.752, 4.999, 5.634, 5.86, 6.779, 7.416, 7.866, 8.093, 7.658, 7.081, 6.836, 6.315, 6.141, 6.45, 6.824, 6.797, 6.869, 6.678, 6.088, 5.114, 3.414, 1.538, 0.0, 1.26, 2.063, 2.438, 2.334, 2.506, 2.58, 2.902, 3.18, 3.442, 2.525, 2.343, 2.538, 2.889, 2.775, 3.082, 2.957, 2.565, 2.236, 2.494, 3.803, 5.719, 6.307, 6.268], [2.954, 3.109, 3.296, 3.346, 3.661, 3.39, 4.338, 4.79, 5.744, 6.128, 6.233, 6.717, 6.763, 6.661, 6.479, 6.527, 6.659, 6.952, 6.89, 6.908, 7.115, 6.959, 7.541, 8.026, 7.761, 6.569, 5.645, 5.013, 4.985, 4.502, 4.438, 4.393, 4.291, 4.421, 4.226, 4.313, 4.065, 3.965, 3.887, 3.258, 3.676, 4.831, 5.413, 5.34, 6.2, 6.978, 7.652, 7.901, 7.479, 6.876, 6.68, 6.2, 6.062, 6.275, 6.591, 6.627, 6.648, 6.461, 5.913, 4.799, 3.01, 1.523, 1.26, 0.0, 1.323, 1.64, 1.456, 1.667, 1.863, 2.199, 2.69, 3.097, 2.173, 2.033, 2.144, 2.497, 2.895, 3.225, 3.157, 2.656, 2.331, 2.256, 3.483, 5.432, 6.067, 6.037], [3.536, 3.78, 4.102, 4.206, 4.658, 4.562, 5.279, 5.914, 6.686, 6.94, 7.076, 7.535, 7.725, 7.614, 7.507, 7.623, 7.77, 8.077, 7.981, 8.019, 8.229, 8.076, 8.745, 9.186, 9.009, 7.554, 6.718, 6.081, 6.021, 5.527, 5.584, 5.498, 5.273, 5.414, 5.204, 5.133, 4.942, 4.762, 4.535, 3.972, 3.693, 4.519, 4.983, 4.814, 5.594, 6.528, 7.246, 7.486, 7.078, 6.495, 6.294, 5.806, 5.664, 5.873, 6.192, 6.205, 6.213, 6.033, 5.524, 4.426, 2.891, 1.757, 2.063, 1.323, 0.0, 0.935, 1.109, 1.465, 1.694, 1.803, 2.238, 2.702, 2.223, 2.642, 2.722, 3.317, 3.745, 4.253, 4.182, 3.647, 3.265, 2.75, 3.124, 5.068, 5.723, 5.69], [3.987, 4.167, 4.5, 4.562, 4.941, 4.86, 5.503, 6.218, 6.899, 7.223, 7.363, 7.822, 7.971, 7.865, 7.734, 7.882, 8.03, 8.35, 8.24, 8.284, 8.498, 8.356, 8.976, 9.411, 9.262, 7.791, 6.941, 6.332, 6.261, 5.771, 5.851, 5.754, 5.512, 5.653, 5.443, 5.42, 5.224, 5.052, 4.902, 4.236, 3.943, 4.658, 5.012, 4.755, 5.385, 6.531, 7.228, 7.466, 7.073, 6.56, 6.384, 5.879, 5.744, 5.957, 6.23, 6.219, 6.209, 6.025, 5.508, 4.512, 3.263, 2.133, 2.438, 1.64, 0.935, 0.0, 0.697, 1.185, 1.617, 1.699, 2.298, 2.74, 2.45, 2.824, 2.896, 3.442, 4.004, 4.536, 4.422, 3.925, 3.511, 2.942, 3.17, 5.091, 5.751, 5.696], [4.001, 4.164, 4.331, 4.342, 4.648, 4.569, 5.378, 5.919, 6.692, 7.085, 7.189, 7.672, 7.732, 7.634, 7.478, 7.612, 7.76, 8.079, 7.97, 8.012, 8.226, 8.087, 8.707, 9.174, 8.992, 7.514, 6.665, 6.057, 6.004, 5.513, 5.58, 5.49, 5.265, 5.396, 5.188, 5.268, 5.025, 4.937, 4.91, 4.21, 3.919, 4.625, 4.948, 4.7, 5.28, 6.394, 7.1, 7.362, 6.962, 6.41, 6.252, 5.748, 5.61, 5.806, 6.116, 6.095, 6.052, 5.869, 5.355, 4.399, 3.257, 2.146, 2.334, 1.456, 1.109, 0.697, 0.0, 0.848, 1.376, 1.626, 2.224