[[0.0, 0.599, 1.061, 1.279, 1.538, 1.314, 1.489, 2.635, 2.831, 3.068, 2.274, 1.76, 1.568, 1.742, 1.795, 1.975, 2.074, 2.065, 3.605, 4.003, 4.426, 5.19, 5.419, 4.859, 4.808, 5.275, 3.786, 2.291, 1.962, 2.131, 2.274, 2.225, 2.194, 2.408, 2.459, 2.212, 2.001, 2.325, 2.744, 2.953, 3.691, 4.482, 4.066, 3.401, 2.724, 2.775, 3.01, 3.285, 3.353, 3.282, 3.331, 2.596, 1.929, 1.736, 2.202, 2.514, 2.679, 3.583, 3.138, 3.385, 4.284, 3.509, 2.383, 1.981, 2.157, 2.406, 3.894, 3.452, 2.699, 3.308, 2.274, 2.153, 2.189, 2.503, 1.919, 1.865, 2.148, 2.463, 2.028, 3.308, 3.706, 3.786, 3.58, 3.022, 2.499, 3.117], [0.599, 0.0, 0.862, 1.256, 1.62, 1.222, 1.571, 2.722, 2.962, 3.176, 2.444, 1.725, 1.46, 1.594, 1.669, 1.892, 2.048, 2.13, 3.749, 4.12, 4.545, 5.299, 5.575, 4.989, 4.973, 5.432, 3.977, 2.252, 1.835, 2.107, 2.211, 2.071, 2.04, 2.22, 2.253, 2.069, 1.812, 2.042, 2.524, 2.704, 3.455, 4.245, 3.83, 3.184, 2.6, 2.646, 2.82, 3.083, 3.116, 3.058, 3.11, 2.507, 1.821, 1.471, 1.991, 2.241, 2.52, 3.341, 2.903, 3.165, 4.071, 3.274, 2.251, 1.941, 2.169, 2.481, 3.725, 3.364, 2.671, 3.181, 2.235, 2.21, 2.185, 2.364, 1.84, 1.805, 1.992, 2.323, 1.785, 3.057, 3.469, 3.549, 3.358, 2.784, 2.209, 2.884], [1.061, 0.862, 0.0, 1.327, 1.709, 0.995, 1.514, 2.663, 2.894, 3.173, 2.552, 1.639, 1.318, 1.448, 1.425, 1.758, 2.179, 2.363, 4.062, 4.431, 4.826, 5.59, 5.824, 5.305, 5.213, 5.647, 4.248, 2.54, 1.901, 2.119, 2.296, 2.054, 2.01, 2.261, 2.193, 2.073, 1.598, 1.848, 2.531, 2.673, 3.455, 4.191, 3.776, 3.204, 2.546, 2.746, 2.951, 3.166, 3.164, 3.133, 3.147, 2.668, 1.992, 1.407, 1.724, 2.024, 2.332, 3.289, 2.905, 3.196, 4.036, 3.249, 2.313, 2.175, 2.611, 2.772, 3.905, 3.556, 2.864, 3.351, 2.298, 2.242, 2.096, 2.392, 1.838, 1.459, 1.688, 1.902, 1.631, 3.042, 3.415, 3.494, 3.265, 2.663, 2.034, 2.813], [1.279, 1.256, 1.327, 0.0, 1.056, 1.351, 1.281, 1.957, 2.012, 2.381, 1.796, 1.349, 1.475, 1.875, 2.048, 2.18, 2.237, 1.797, 3.114, 3.603, 3.859, 4.48, 4.759, 4.286, 4.184, 4.657, 3.336, 2.063, 1.882, 2.39, 2.668, 2.806, 2.763, 2.897, 2.329, 1.94, 2.053, 2.688, 3.39, 3.571, 4.357, 5.152, 4.762, 4.112, 3.313, 3.508, 3.82, 4.047, 4.07, 4.02, 4.023, 3.504, 2.883, 2.349, 2.35, 2.969, 3.345, 4.28, 3.836, 4.15, 5.031, 4.221, 3.221, 2.875, 3.143, 3.288, 4.743, 4.381, 3.626, 4.242, 3.263, 3.089, 3.108, 3.384, 2.777, 2.42, 2.456, 2.186, 2.488, 3.954, 4.373, 4.452, 4.223, 3.624, 3.021, 3.772], [1.538, 1.62, 1.709, 1.056, 0.0, 1.513, 1.167, 1.504, 1.834, 1.836, 1.346, 1.131, 1.357, 1.89, 2.079, 2.545, 2.382, 1.406, 2.542, 2.975, 3.317, 4.017, 4.155, 3.731, 3.605, 4.023, 2.702, 1.705, 2.022, 2.777, 3.074, 3.187, 3.13, 3.247, 2.654, 2.19, 2.376, 3.063, 3.78, 3.943, 4.743, 5.524, 5.107, 4.458, 3.615, 3.704, 4.113, 4.341, 4.418, 4.337, 4.383, 3.637, 3.003, 2.655, 2.694, 3.444, 3.941, 4.744, 4.216, 4.444, 5.337, 4.578, 3.467, 3.062, 3.226, 3.401, 4.985, 4.523, 3.667, 4.332, 3.25, 3.087, 3.232, 3.636, 2.798, 2.532, 2.7, 2.224, 2.823, 4.461, 4.789, 4.852, 4.666, 4.067, 3.528, 4.214], [1.314, 1.222, 0.995, 1.351, 1.513, 0.0, 1.117, 2.451, 2.806, 2.984, 2.172, 1.142, 0.775, 1.118, 1.163, 1.481, 1.781, 1.988, 3.862, 4.249, 4.696, 5.471, 5.572, 5.072, 4.998, 5.389, 3.934, 1.98, 1.395, 1.779, 1.983, 1.969, 1.965, 2.131, 1.701, 1.535, 1.335, 2.0, 2.62, 2.736, 3.519, 4.287, 3.886, 3.255, 2.578, 2.64, 2.976, 3.192, 3.313, 3.198, 3.274, 2.82, 2.121, 1.5, 1.672, 2.164, 2.569, 3.405, 2.97, 3.248, 4.093, 3.354, 2.495, 2.394, 2.747, 2.815, 3.907, 3.643, 3.012, 3.418, 2.375, 2.39, 2.194, 2.411, 1.825, 1.79, 1.809, 2.137, 1.768, 3.122, 3.489, 3.568, 3.339, 2.753, 2.172, 2.893], [1.489, 1.571, 1.514, 1.281, 1.167, 1.117, 0.0, 1.921, 2.33, 2.549, 1.765, 0.974, 1.305, 1.825, 1.794, 1.945, 2.077, 1.462, 3.089, 3.467, 3.946, 4.756, 4.951, 4.35, 4.348, 4.802, 3.196, 1.605, 1.479, 2.131, 2.443, 2.52, 2.509, 2.617, 1.99, 1.597, 1.81, 2.413, 3.139, 3.283, 4.062, 4.831, 4.464, 3.856, 2.987, 3.071, 3.486, 3.696, 3.758, 3.692, 3.723, 3.157, 2.512, 2.007, 1.89, 2.646, 3.129, 3.955, 3.497, 3.773, 4.649, 3.877, 2.823, 2.648, 2.999, 3.01, 4.374, 3.916, 3.241, 3.753, 2.915, 2.917, 2.789, 3.034, 2.238, 2.2, 2.327, 2.173, 2.387, 3.694, 4.017, 4.065, 3.926, 3.392, 2.765, 3.416], [2.635, 2.722, 2.663, 1.957, 1.504, 2.451, 1.921, 0.0, 0.873, 0.967, 0.96, 1.549, 2.103, 2.577, 3.006, 3.471, 3.402, 1.95, 2.089, 2.512, 2.813, 3.515, 3.626, 3.266, 3.128, 3.513, 2.276, 1.979, 2.9, 3.744, 4.119, 4.219, 4.135, 4.246, 3.567, 3.077, 3.456, 4.167, 4.858, 5.01, 5.79, 6.554, 6.171, 5.516, 4.755, 4.892, 5.26, 5.428, 5.493, 5.468, 5.459, 4.774, 4.184, 3.749, 3.616, 4.344, 4.839, 5.679, 5.236, 5.476, 6.379, 5.596, 4.54, 3.986, 4.148, 4.461, 6.169, 5.725, 4.823, 5.489, 4.287, 3.927, 4.001, 4.614, 3.702, 3.354, 3.389, 2.593, 3.83, 5.416, 5.75, 5.825, 5.589, 5.0, 4.411, 5.115], [2.831, 2.962, 2.894, 2.012, 1.834, 2.806, 2.33, 0.873, 0.0, 1.157, 1.092, 1.853, 2.465, 3.014, 3.417, 3.881, 3.855, 2.194, 2.244, 2.86, 2.995, 3.425, 3.554, 3.447, 3.09, 3.53, 2.519, 2.279, 3.233, 4.113, 4.491, 4.619, 4.566, 4.682, 4.002, 3.45, 3.834, 4.532, 5.244, 5.4, 6.164, 6.957, 6.549, 5.89, 5.099, 5.243, 5.608, 5.792, 5.885, 5.861, 5.87, 5.14, 4.55, 4.143, 3.989, 4.714, 5.145, 6.114, 5.663, 5.909, 6.802, 6.031, 4.901, 4.398, 4.577, 4.842, 6.509, 6.071, 5.193, 5.876, 4.653, 4.14, 4.1, 4.866, 4.085, 3.523, 3.479, 2.643, 4.129, 5.726, 6.164, 6.249, 6.014, 5.412, 4.764, 5.512], [3.068, 3.176, 3.173, 2.381, 1.836, 2.984, 2.549, 0.967, 1.157, 0.0, 1.154, 2.01, 2.604, 3.204, 3.525, 4.006, 3.874, 2.152, 1.739, 2.257, 2.366, 2.972, 3.085, 2.836, 2.659, 3.068, 1.987, 2.341, 3.356, 4.222, 4.614, 4.726, 4.664, 4.78, 4.101, 3.569, 3.948, 4.657, 5.366, 5.521, 6.291, 7.078, 6.664, 6.0, 5.223, 5.381, 5.741, 5.903, 6.0, 5.973, 5.968, 5.271, 4.681, 4.257, 4.208, 4.953, 5.402, 6.273, 5.779, 6.022, 6.909, 6.142, 5.083, 4.557, 4.625, 5.062, 6.649, 6.215, 5.349, 6.039, 4.879, 4.315, 4.444, 5.029, 4.255, 3.827, 3.812, 3.011, 4.372, 5.985, 6.318, 6.392, 6.138, 5.527, 4.968, 5.717], [2.274, 2.444, 2.552, 1.796, 1.346, 2.172, 1.765, 0.96, 1.092, 1.154, 0.0, 1.22, 1.902, 2.516, 2.769, 3.266, 3.117, 1.465, 1.972, 2.489, 2.792, 3.559, 3.67, 3.203, 3.109, 3.479, 2.095, 1.576, 2.602, 3.478, 3.872, 3.965, 3.903, 4.019, 3.338, 2.813, 3.193, 3.894, 4.62, 4.777, 5.548, 6.334, 5.897, 5.243, 4.454, 4.545, 4.907, 5.124, 5.22, 5.153, 5.2, 4.477, 3.841, 3.492, 3.428, 4.169, 4.651, 5.483, 5.015, 5.264, 6.151, 5.384, 4.258, 3.87, 4.008, 4.289, 5.818, 5.397, 4.618, 5.194, 4.037, 3.797, 3.8, 4.265, 3.433, 3.164, 3.191, 2.648, 3.669, 5.197, 5.536, 5.627, 5.388, 4.786, 4.186, 4.908], [1.76, 1.725, 1.639, 1.349, 1.131, 1.142, 0.974, 1.549, 1.853, 2.01, 1.22, 0.0, 0.987, 1.582, 1.754, 2.144, 2.257, 1.397, 3.017, 3.394, 3.845, 4.624, 4.737, 4.211, 4.173, 4.543, 3.074, 1.453, 1.586, 2.382, 2.773, 2.866, 2.802, 2.921, 2.216, 1.789, 2.093, 2.81, 3.523, 3.68, 4.448, 5.232, 4.8, 4.147, 3.398, 3.548, 3.883, 4.056, 4.148, 4.096, 4.106, 3.573, 2.871, 2.393, 2.354, 3.065, 3.52, 4.378, 3.909, 4.159, 5.045, 4.278, 3.308, 3.161, 3.409, 3.513, 4.817, 4.492, 3.785, 4.275, 3.247, 3.097, 2.96, 3.22, 2.557, 2.407, 2.362, 2.273, 2.704, 4.108, 4.444, 4.528, 4.269, 3.665, 3.09, 3.827], [1.568, 1.46, 1.318, 1.475, 1.357, 0.775, 1.305, 2.103, 2.465, 2.604, 1.902, 0.987, 0.0, 0.806, 1.058, 1.593, 1.71, 1.669, 3.612, 3.986, 4.423, 5.194, 5.324, 4.851, 4.754, 5.153, 3.728, 1.738, 1.376, 1.999, 2.259, 2.249, 2.159, 2.292, 1.74, 1.582, 1.678, 2.378, 2.978, 3.095, 3.855, 4.596, 4.171, 3.571, 2.949, 3.084, 3.395, 3.542, 3.66, 3.568, 3.619, 3.196, 2.47, 1.91, 2.102, 2.587, 3.044, 3.806, 3.325, 3.624, 4.43, 3.726, 2.976, 2.83, 3.027, 3.204, 4.37, 4.098, 3.402, 3.86, 2.853, 2.742, 2.671, 2.886, 2.215, 2.24, 2.246, 2.392, 2.211, 3.54, 3.841, 3.903, 3.671, 3.055, 2.531, 3.233], [1.742, 1.594, 1.448, 1.875, 1.89, 1.118, 1.825, 2.577, 3.014, 3.204, 2.516, 1.582, 0.806, 0.0, 0.874, 1.308, 1.382, 2.264, 4.209, 4.571, 4.996, 5.759, 5.868, 5.45, 5.328, 5.728, 4.331, 2.167, 1.458, 1.761, 1.911, 1.936, 1.827, 1.875, 1.638, 1.706, 1.728, 2.178, 2.662, 2.729, 3.495, 4.184, 3.778, 3.221, 2.712, 2.869, 3.14, 3.268, 3.39, 3.322, 3.349, 2.981, 2.28, 1.657, 2.195, 2.329, 2.721, 3.424, 3.023, 3.312, 4.067, 3.364, 2.757, 2.774, 2.896, 3.004, 4.097, 3.841, 3.181, 3.614, 2.64, 2.584, 2.505, 2.657, 2.016, 2.343, 2.452, 2.718, 2.17, 3.257, 3.421, 3.482, 3.313, 2.681, 2.217, 2.771], [1.795, 1.669, 1.425, 2.048, 2.079, 1.163, 1.794, 3.006, 3.417, 3.525, 2.769, 1.754, 1.058, 0.874, 0.0, 0.916, 1.231, 2.377, 4.339, 4.713, 5.167, 5.946, 6.119, 5.587, 5.518, 5.945, 4.448, 2.165, 1.257, 1.46, 1.585, 1.676, 1.536, 1.425, 1.373, 1.534, 1.473, 1.845, 2.329, 2.37, 3.111, 3.756, 3.386, 2.877, 2.413, 2.542, 2.807, 2.941, 3.045, 2.936, 3.002, 2.654, 1.97, 1.42, 1.923, 2.016, 2.384, 2.937, 2.705, 2.925, 3.655, 2.993, 2.488, 2.567, 2.717, 2.689, 3.759, 3.513, 2.863, 3.331, 2.573, 2.588, 2.477, 2.381, 2.009, 2.366, 2.544, 2.953, 2.212, 2.927, 3.008, 3.067, 2.942, 2.36, 1.912, 2.414], [1.975, 1.892, 1.758, 2.18, 2.545, 1.481, 1.945, 3.471, 3.881, 4.006, 3.266, 2.144, 1.593, 1.308, 0.916, 0.0, 0.813, 2.572, 4.686, 4.986, 5.516, 6.322, 6.617, 5.898, 6.028, 6.445, 4.862, 2.317, 1.243, 1.058, 1.215, 1.196, 1.18, 1.221, 1.458, 1.661, 1.554, 1.804, 2.086, 2.154, 2.799, 3.384, 2.999, 2.565, 2.042, 2.198, 2.467, 2.596, 2.696, 2.603, 2.668, 2.411, 1.819, 1.328, 1.871, 1.963, 1.989, 2.446, 2.223, 2.655, 3.36, 2.615, 2.069, 2.26, 2.466, 2.379, 3.426, 3.173, 2.693, 2.935, 2.47, 2.595, 2.39, 2.18, 2.006, 2.633, 2.803, 3.297, 2.391, 2.536, 2.543, 2.53, 2.287, 1.87, 1.686, 1.995], [2.074, 2.048, 2.179, 2.237, 2.382, 1.781, 2.077, 3.402, 3.855, 3.874, 3.117, 2.257, 1.71, 1.382, 1.231, 0.813, 0.0, 2.22, 4.405, 4.602, 5.19, 6.048, 6.344, 5.64, 5.764, 6.242, 4.578, 2.005, 1.115, 1.102, 1.229, 1.378, 1.289, 1.207, 1.321, 1.498, 1.588, 1.859, 2.072, 2.122, 2.818, 3.424, 3.103, 2.719, 2.11, 2.282, 2.497, 2.609, 2.723, 2.658, 2.774, 2.536, 1.962, 1.523, 2.152, 2.215, 2.253, 2.681, 2.425, 2.832, 3.475, 2.779, 2.315, 2.505, 2.599, 2.368, 3.43, 3.213, 2.812, 3.044, 2.865, 3.016, 2.857, 2.469, 2.362, 3.122, 3.269, 3.796, 2.799, 2.693, 2.689, 2.631, 2.667, 2.244, 2.028, 2.308], [2.065, 2.13, 2.363, 1.797, 1.406, 1.988, 1.462, 1.95, 2.194, 2.152, 1.465, 1.397, 1.669, 2.264, 2.377, 2.572, 2.22, 0.0, 2.204, 2.475, 2.996, 3.829, 4.125, 3.44, 3.545, 4.022, 2.433, 1.281, 1.878, 2.683, 3.031, 3.095, 3.009, 3.116, 2.451, 2.031, 2.371, 3.063, 3.761, 3.888, 4.638, 5.382, 4.988, 4.446, 3.561, 3.724, 4.028, 4.216, 4.322, 4.265, 4.322, 3.727, 3.212, 2.832, 2.725, 3.482, 4.004, 4.749, 4.231, 4.492, 5.377, 4.597, 3.629, 3.239, 3.476, 3.544, 4.961, 4.563, 3.855, 4.418, 3.836, 3.658, 3.745, 3.83, 3.137, 3.206, 3.296, 3.204, 3.293, 4.432, 4.684, 4.706, 4.631, 4.065, 3.616, 4.276], [3.605, 3.749, 4.062, 3.114, 2.542, 3.862, 3.089, 2.089, 2.244, 1.739, 1.972, 3.017, 3.612, 4.209, 4.339, 4.686, 4.405, 2.204, 0.0, 0.862, 1.111, 1.752, 1.97, 1.478, 1.393, 1.917, 0.811, 2.591, 3.818, 4.686, 5.026, 5.155, 5.092, 5.219, 4.529, 3.984, 4.301, 5.124, 5.813, 5.898, 6.635, 7.405, 7.107, 6.447, 5.498, 5.565, 5.978, 6.25, 6.358, 6.32, 6.374, 5.627, 5.005, 4.804, 4.81, 5.611, 6.121, 6.863, 6.33, 6.545, 7.458, 6.714, 5.578, 4.865, 4.8, 5.133, 6.816, 6.258, 5.387, 6.182, 5.384, 5.195, 5.418, 5.708, 4.83, 4.697, 4.921, 4.299, 4.957, 6.485, 6.799, 6.85, 6.758, 6.163, 5.66, 6.353], [4.003, 4.12, 4.431, 3.603, 2.975, 4.249, 3.467, 2.512, 2.86, 2.257, 2.489, 3.394, 3.986, 4.571, 4.713, 4.986, 4.602, 2.475, 0.862, 0.0, 0.777, 1.501, 1.791, 1.149, 1.265, 1.682, 1.069, 2.864, 4.047, 4.964, 5.347, 5.443, 5.352, 5.512, 4.818, 4.322, 4.642, 5.324, 6.037, 6.155, 6.866, 7.627, 7.36, 6.743, 5.743, 5.776, 6.146, 6.438, 6.58, 6.568, 6.707, 5.994, 5.414, 5.162, 5.081, 5.93, 6.428, 7.143, 6.634, 6.904, 7.819, 7.044, 5.89, 5.207, 5.169, 5.375, 7.049, 6.553, 5.705, 6.388, 5.75, 5.56, 5.788, 6.053, 5.196, 5.065, 5.292, 4.726, 5.351, 6.676, 7.003, 7.013, 7.026, 6.462, 6.001, 6.694], [4.426, 4.545, 4.826, 3.859, 3.317, 4.696, 3.946, 2.813, 2.995, 2.366, 2.792, 3.845, 4.423, 4.996, 5.167, 5.516, 5.19, 2.996, 1.111, 0.777, 0.0, 0.959, 1.257, 0.849, 0.877, 1.164, 1.27, 3.388, 4.609, 5.492, 5.867, 5.991, 5.941, 6.083, 5.365, 4.845, 5.18, 5.887, 6.599, 6.742, 7.442, 8.233, 7.936, 7.304, 6.312, 6.356, 6.75, 7.04, 7.186, 7.148, 7.235, 6.531, 5.897, 5.671, 5.629, 6.463, 6.972, 7.706, 7.173, 7.404, 8.328, 7.564, 6.438, 5.714, 5.662, 5.91, 7.628, 7.098, 6.215, 6.969, 6.167, 5.962, 6.224, 6.56, 5.682, 5.499, 5.731, 5.061, 5.761, 7.277, 7.596, 7.621, 7.589, 7.004, 6.492, 7.222], [5.19, 5.299, 5.59, 4.48, 4.017, 5.471, 4.756, 3.515, 3.425, 2.972, 3.559, 4.624, 5.194, 5.759, 5.946, 6.322, 6.048, 3.829, 1.752, 1.501, 0.959, 0.0, 0.89, 1.009, 0.884, 1.056, 1.85, 4.197, 5.447, 6.331, 6.675, 6.839, 6.789, 6.902, 6.228, 5.69, 6.003, 6.743, 7.445, 7.581, 8.307, 9.098, 8.746, 8.099, 7.139, 7.209, 7.619, 7.905, 8.051, 8.013, 8.072, 7.326, 6.708, 6.481, 6.465, 7.273, 7.772, 8.514, 7.981, 8.2, 9.138, 8.361, 7.231, 6.472, 6.422, 6.739, 8.453, 7.911, 6.988, 7.774, 6.93, 6.731, 7.0, 7.361, 6.487, 6.272, 6.507, 5.611, 6.538, 8.134, 8.451, 8.493, 8.397, 7.804, 7.3, 8.018], [5.419, 5.575, 5.824, 4.759, 4.155, 5.572, 4.951, 3.626, 3.554, 3.085, 3.67, 4.737, 5.324, 5.868, 6.119, 6.617, 6.344, 4.125, 1.97, 1.791, 1.257, 0.89, 0.0, 0.926, 1.028, 1.017, 1.89, 4.434, 5.722, 6.597, 6.934, 7.101, 7.054, 7.167, 6.485, 5.929, 6.242, 7.023, 7.726, 7.843, 8.57, 9.361, 9.044, 8.361, 7.408, 7.49, 7.915, 8.19, 8.314, 8.276, 8.328, 7.507, 6.879, 6.709, 6.76, 7.528, 8.045, 8.785, 8.251, 8.421, 9.347, 8.615, 7.491, 6.635, 6.503, 6.931, 8.677, 8.099, 7.195, 8.071, 7.104, 6.812, 7.091, 7.499, 6.575, 6.389, 6.616, 5.727, 6.74, 8.427, 8.75, 8.789, 8.689, 8.094, 7.562, 8.231], [4.859, 4.989, 5.305, 4.286, 3.731, 5.072, 4.35, 3.266, 3.447, 2.836, 3.203, 4.211, 4.851, 5.45, 5.587, 5.898, 5.64, 3.44, 1.478, 1.149, 0.849, 1.009, 0.926, 0.0, 0.819, 0.917, 1.351, 3.723, 4.992, 5.872, 6.245, 6.406, 6.343, 6.459, 5.798, 5.253, 5.562, 6.319, 7.017, 7.125, 7.865, 8.656, 8.318, 7.62, 6.695, 6.753, 7.212, 7.486, 7.609, 7.577, 7.646, 6.845, 6.28, 6.057, 6.041, 6.825, 7.338, 8.067, 7.54, 7.782, 8.728, 7.928, 6.782, 5.947, 5.853, 6.221, 7.972, 7.394, 6.462, 7.367, 6.58, 6.372, 6.581, 6.898, 6.03, 5.926, 6.128, 5.516, 6.192, 7.691, 8.019, 8.085, 7.947, 7.375, 6.858, 7.557], [4.808, 4.973, 5.213, 4.184, 3.605, 4.998, 4.348, 3.128, 3.09, 2.659, 3.109, 4.173, 4.754, 5.328, 5.518, 6.028, 5.764, 3.545, 1.393, 1.265, 0.877, 0.884, 1.028, 0.819, 0.0, 0.712, 1.364, 3.838, 5.127, 6.001, 6.346, 6.515, 6.459, 6.578, 5.896, 5.34, 5.653, 6.442, 7.141, 7.248, 7.988, 8.772, 8.449, 7.776, 6.827, 6.896, 7.335, 7.61, 7.725, 7.687, 7.74, 6.952, 6.294, 6.116, 6.164, 6.947, 7.462, 8.194, 7.666, 7.84, 8.754, 8.03, 6.907, 6.072, 5.938, 6.36, 8.091, 7.513, 6.606, 7.493, 6.542, 6.274, 6.541, 6.947, 6.042, 5.847, 6.055, 5.309, 6.165, 7.834, 8.154, 8.209, 8.1, 7.504, 6.976, 7.669], [5.275, 5.432, 5.647, 4.657, 4.023, 5.389, 4.802, 3.513, 3.53, 3.068, 3.479, 4.543, 5.153, 5.728, 5.945, 6.445, 6.242, 4.022, 1.917, 1.682, 1.164, 1.056, 1.017, 0.917, 0.712, 0.0, 1.688, 4.293, 5.582, 6.456, 6.823, 7.022, 6.969, 7.085, 6.406, 5.85, 6.163, 6.92, 7.618, 7.742, 8.491, 9.282, 8.919, 8.2, 7.275, 7.348, 7.813, 8.089, 8.235, 8.196, 8.245, 7.428, 6.8, 6.568, 6.61, 7.379, 7.855, 8.639, 8.103, 8.297, 9.219, 8.487, 7.354, 6.512, 6.328, 6.822, 8.598, 8.02, 7.063, 7.968, 6.918, 6.622, 6.879, 7.321, 6.396, 6.215, 6.428, 5.718, 6.587, 8.277, 8.617, 8.687, 8.523, 7.915, 7.383, 8.087], [3.786, 3.977, 4.248, 3.336, 2.702, 3.934, 3.196, 2.276, 2.519, 1.987, 2.095, 3.074, 3.728, 4.331, 4.448, 4.862, 4.578, 2.433, 0.811, 1.069, 1.27, 1.85, 1.89, 1.351, 1.364, 1.688, 0.0, 2.663, 3.952, 4.827, 5.163, 5.363, 5.312, 5.427, 4.748, 4.191, 4.505, 5.256, 5.955, 6.094, 6.833, 7.624, 7.283, 6.606, 5.636, 5.715, 6.149, 6.431, 6.577, 6.537, 6.593, 5.813, 5.153, 4.955, 4.99, 5.764, 6.288, 7.03, 6.502, 6.679, 7.584, 6.866, 5.736, 4.877, 4.73, 5.167, 6.939, 6.362, 5.439, 6.312, 5.502, 5.286, 5.456, 5.805, 4.905, 4.841, 4.983, 4.469, 5.167, 6.652, 6.979, 7.023, 6.933, 6.338, 5.806, 6.494], [2.291, 2.252, 2.54, 2.063, 1.705, 1.98, 1.605, 1.979, 2.279, 2.341, 1.576, 1.453, 1.738, 2.167, 2.165, 2.317, 2.005, 1.281, 2.591, 2.864, 3.388, 4.197, 4.434, 3.723, 3.838, 4.293, 2.663, 0.0, 1.35, 2.225, 2.629, 2.953, 2.795, 2.878, 2.194, 1.786, 2.106, 2.674, 3.368, 3.51, 4.292, 5.083, 4.708, 4.094, 3.163, 3.262, 3.623, 3.871, 4.031, 3.993, 4.086, 3.568, 2.891, 2.472, 2.421, 3.219, 3.707, 4.459, 3.953, 4.269, 5.14, 4.35, 3.339, 3.128, 3.288, 3.186, 4.465, 4.127, 3.5, 4.142, 3.619, 3.643, 3.528, 3.463, 2.957, 3.404, 3.373, 3.343, 3.238, 4.042, 4.358, 4.419, 4.374, 3.859, 3.413, 3.999], [1.962, 1.835, 1.901, 1.882, 2.022, 1.395, 1.479, 2.9, 3.233, 3.356, 2.602, 1.586, 1.376, 1.458, 1.257, 1.243, 1.115, 1.878, 3.818, 4.047, 4.609, 5.447, 5.722, 4.992, 5.127, 5.582, 3.952, 1.35, 0.0, 1.012, 1.422, 1.786, 1.619, 1.67, 1.258, 1.085, 1.26, 1.722, 2.252, 2.362, 3.108, 3.848, 3.522, 2.994, 2.253, 2.378, 2.709, 2.893, 2.995, 2.977, 3.108, 2.794, 2.131, 1.526, 1.835, 2.222, 2.531, 3.209, 2.873, 3.263, 3.995, 3.282, 2.543, 2.589, 2.736, 2.585, 3.605, 3.405, 2.84, 3.297, 2.99, 3.043, 2.846, 2.65, 2.386, 2.9, 2.973, 3.277, 2.592, 2.894, 3.137, 3.2, 3.184, 2.722, 2.322, 2.876], [2.131, 2.107, 2.119, 2.39, 2.777, 1.779, 2.131, 3.744, 4.113, 4.222, 3.478, 2.382, 1.999, 1.761, 1.46, 1.058, 1.102, 2.683, 4.686, 4.964, 5.492, 6.331, 6.597, 5.872, 6.001, 6.456, 4.827, 2.225, 1.012, 0.0, 0.683, 1.151, 1.145, 1.029, 1.155, 1.224, 1.227, 1.525, 1.609, 1.718, 2.388, 3.019, 2.732, 2.217, 1.573, 1.757, 2.001, 2.158, 2.248, 2.228, 2.318, 2.076, 1.57, 1.456, 1.988, 2.046, 1.898, 2.342, 2.229, 2.666, 3.188, 2.574, 2.025, 2.216, 2.283, 2.082, 2.874, 2.639, 2.352, 2.802, 2.606, 2.7, 2.622, 2.238, 2.29, 3.097, 3.263, 3.685, 2.766, 2.46, 2.359, 2.36, 2.414, 2.072, 2.028, 2.201], [2.274, 2.211, 2.296, 2.668, 3.074, 1.983, 2.443, 4.119, 4.491, 4.614, 3.872, 2.773, 2.259, 1.911, 1.585, 1.215, 1.229, 3.031, 5.026, 5.347, 5.867, 6.675, 6.934, 6.245, 6.346, 6.823, 5.163, 2.629, 1.422, 0.683, 0.0, 0.851, 0.973, 1.003, 1.253, 1.459, 1.276, 1.609, 1.583, 1.735, 2.161, 2.724, 2.458, 2.036, 1.721, 1.896, 1.946, 1.998, 2.15, 2.151, 2.172, 1.945, 1.563, 1.443, 2.032, 2.028, 1.759, 2.082, 2.068, 2.443, 2.856, 2.257, 1.899, 2.205, 2.309, 2.048, 2.764, 2.547, 2.255, 2.643, 2.561, 2.705, 2.601, 2.116, 2.387, 3.183, 3.341, 3.756, 2.694, 2.223, 2.109, 2.047, 2.129, 1.827, 1.966, 2.012], [2.225, 2.071, 2.054, 2.806, 3.187, 1.969, 2.52, 4.219, 4.619, 4.726, 3.965, 2.866, 2.249, 1.936, 1.676, 1.196, 1.378, 3.095, 5.155, 5.443, 5.991, 6.839, 7.101, 6.406, 6.515, 7.022, 5.363, 2.953, 1.786, 1.151, 0.851, 0.0, 0.749, 1.072, 1.565, 1.717, 1.375, 1.722, 1.787, 1.898, 2.271, 2.731, 2.506, 2.09, 1.851, 2.06, 1.99, 2.014, 2.104, 2.07, 2.12, 1.939, 1.54, 1.324, 1.959, 1.937, 1.766, 2.026, 1.891, 2.289, 2.81, 2.176, 1.811, 1.888, 2.28, 2.21, 2.8, 2.586, 2.414, 2.576, 2.411, 2.638, 2.448, 2.05, 2.118, 2.855, 3.006, 3.52, 2.41, 2.357, 2.118, 1.857, 1.89, 1.649, 1.755, 1.807], [2.194, 2.04, 2.01, 2.763, 3.13, 1.965, 2.509, 4.135, 4.566, 4.664, 3.903, 2.802, 2.159, 1.827, 1.536, 1.18, 1.289, 3.009, 5.092, 5.352, 5.941, 6.789, 7.054, 6.343, 6.459, 6.969, 5.312, 2.795, 1.619, 1.145, 0.973, 0.749, 0.0, 0.918, 1.343, 1.586, 1.22, 1.627, 1.663, 1.709, 2.253, 2.804, 2.622, 2.258, 1.904, 1.964, 1.976, 2.052, 2.115, 2.184, 2.287, 2.05, 1.631, 1.33, 1.862, 1.889, 1.74, 2.16, 2.136, 2.539, 3.123, 2.454, 1.937, 2.127, 2.416, 2.294, 2.939, 2.688, 2.467, 2.646, 2.584, 2.798, 2.561, 2.135, 2.15, 2.875, 3.04, 3.561, 2.566, 2.377, 2.151, 1.912, 1.972, 1.76, 1.869, 2.038], [2.408, 2.22, 2.261, 2.897, 3.247, 2.131, 2.617, 4.246, 4.682, 4.78, 4.019, 2.921, 2.292, 1.875, 1.425, 1.221, 1.207, 3.116, 5.219, 5.512, 6.083, 6.902, 7.167, 6.459, 6.578, 7.085, 5.427, 2.878, 1.67, 1.029, 1.003, 1.072, 0.918, 0.0, 0.943, 1.378, 1.281, 1.481, 1.28, 1.369, 2.07, 2.621, 2.398, 2.16, 1.651, 1.755, 1.886, 1.954, 2.013, 2.095, 2.157, 2.037, 1.636, 1.455, 1.985, 1.863, 1.766, 2.038, 2.176, 2.553, 3.012, 2.541, 2.217, 2.441, 2.579, 2.222, 2.711, 2.51, 2.342, 2.914, 2.865, 2.955, 2.815, 2.312, 2.364, 3.211, 3.404, 3.927, 2.941, 2.302, 1.952, 1.925, 2.252, 1.964, 2.008, 2.144], [2.459, 2.253, 2.193, 2.329, 2.654, 1.701, 1.99, 3.567, 4.002, 4.101, 3.338, 2.216, 1.74, 1.638, 1.373, 1.458, 1.321, 2.451, 4.529, 4.818, 5.365, 6.228, 6.485, 5.798, 5.896, 6.406, 4.748, 2.194, 1.258, 1.155, 1.253, 1.565, 1.343, 0.943, 0.0, 0.777, 0.907, 1.519, 1.963, 2.011, 2.702, 3.296, 3.117, 2.783, 2.093, 2.223, 2.512, 2.576, 2.597, 2.573, 2.656, 2.547, 2.176, 1.807, 1.766, 1.936, 2.235, 2.674, 2.796, 3.137, 3.576, 3.137, 2.825, 2.99, 3.091, 2.717, 3.372, 3.084, 2.847, 3.569, 3.446, 3.516, 3.361, 2.902, 2.673, 3.224, 3.23, 3.661, 2.912, 2.884, 2.661, 2.66, 2.942, 2.598, 2.499, 2.785], [2.212, 2.069, 2.073, 1.94, 2.19, 1.535, 1.597, 3.077, 3.45, 3.569, 2.813, 1.789, 1.582, 1.706, 1.534, 1.661, 1.498, 2.031, 3.984, 4.322, 4.845, 5.69, 5.929, 5.253, 5.34, 5.85, 4.191, 1.786, 1.085, 1.224, 1.459, 1.717, 1.586, 1.378, 0.777, 0.0, 0.769, 1.722, 2.226, 2.329, 3.023, 3.661, 3.495, 3.065, 2.342, 2.491, 2.76, 2.902, 2.944, 2.942, 2.98, 2.789, 2.282, 1.836, 1.625, 2.084, 2.441, 3.114, 2.997, 3.396, 3.918, 3.339, 2.923, 2.984, 3.079, 2.904, 3.627, 3.358, 3.1, 3.699, 3.46, 3.569, 3.373, 3.031, 2.746, 3.158, 3.078, 3.267, 2.875, 3.184, 3.069, 3.001, 3.284, 2.912, 2.67, 3.067], [2.001, 1.812, 1.598, 2.053, 2.376, 1.335, 1.81, 3.456, 3.834, 3.948, 3.193, 2.093, 1.678, 1.728, 1.473, 1.554, 1.588, 2.371, 4.301, 4.642, 5.18, 6.003, 6.242, 5.562, 5.653, 6.163, 4.505, 2.106, 1.26, 1.227, 1.276, 1.375, 1.22, 1.281, 0.907, 0.769, 0.0, 1.242, 1.81, 1.874, 2.584, 3.26, 3.071, 2.571, 1.827, 2.031, 2.306, 2.45, 2.435, 2.421, 2.458, 2.25, 1.745, 1.297, 1.204, 1.634, 2.034, 2.722, 2.478, 2.84, 3.462, 2.873, 2.327, 2.446, 2.68, 2.507, 3.127, 2.841, 2.492, 3.103, 2.876, 3.015, 2.788, 2.478, 2.234, 2.6, 2.584, 2.888, 2.344, 2.666, 2.691, 2.703, 2.907, 2.465, 2.194, 2.616], [2.325, 2.042, 1.848, 2.688, 3.063, 2.0, 2.413, 4.167, 4.532, 4.657, 3.894, 2.81, 2.378, 2.178, 1.845, 1.804, 1.859, 3.063, 5.124, 5.324, 5.887, 6.743, 7.023, 6.319, 6.442, 6.92, 5.256, 2.674, 1.722, 1.525, 1.609, 1.722, 1.627, 1.481, 1.519, 1.722, 1.242, 0.0, 1.048, 1.159, 1.826, 2.532, 2.283, 1.889, 1.28, 1.374, 1.51, 1.994, 1.821, 1.817, 1.828, 1.601, 1.463, 1.031, 1.03, 1.121, 1.533, 1.945, 1.826, 2.168, 2.744, 2.088, 1.584, 2.076, 2.355, 2.267, 2.262, 1.977, 1.683, 2.292, 2.139, 2.235, 2.089, 1.708, 1.552, 2.122, 2.345, 2.852, 2.07, 1.849, 1.906, 1.954, 2.215, 1.854, 1.587, 1.994], [2.744, 2.524, 2.531, 3.39, 3.78, 2.62, 3.139, 4.858, 5.244, 5.366, 4.62, 3.523, 2.978, 2.662, 2.329, 2.086, 2.072, 3.761, 5.813, 6.037, 6.599, 7.445, 7.726, 7.017, 7.141, 7.618, 5.955, 3.368, 2.252, 1.609, 1.583, 1.787, 1.663, 1.28, 1.963, 2.226, 1.81, 1.048, 0.0, 0.634, 1.168, 1.782, 1.66, 1.535, 1.341, 1.223, 1.161, 1.439, 1.338, 1.403, 1.434, 1.396, 1.335, 1.428, 1.776, 1.714, 1.589, 1.648, 1.531, 1.85, 2.394, 1.872, 1.57, 2.054, 2.237, 2.123, 1.682, 1.492, 1.494, 2.114, 2.09, 2.171, 2.15, 1.681, 2.006, 2.797, 3.053, 3.637, 2.676, 1.766, 1.513, 1.641, 1.983, 1.857, 1.73, 1.852], [2.953, 2.704, 2.673, 3.571, 3.943, 2.736, 3.283, 5.01, 5.4, 5.521, 4.777, 3.68, 3.095, 2.729, 2.37, 2.154, 2.122, 3.888, 5.898, 6.155, 6.742, 7.581, 7.843, 7.125, 7.248, 7.742, 6.094, 3.51, 2.362, 1.718, 1.735, 1.898, 1.709, 1.369, 2.011, 2.329, 1.874, 1.159, 0.634, 0.0, 0.895, 1.619, 1.473, 1.694, 1.45, 1.272, 1.356, 1.544, 1.427, 1.428, 1.472, 1.521, 1.515, 1.488, 1.842, 1.711, 1.662, 1.504, 1.5, 1.735, 2.214, 1.752, 1.604, 2.21, 2.479, 2.354, 1.639, 1.489, 1.423, 2.0, 1.935, 2.269, 2.11, 1.699, 2.052, 2.694, 3.045, 3.671, 2.684, 1.643, 1.311, 1.468, 1.801, 1.546, 1.612, 1.755], [3.691, 3.455, 3.455, 4.357, 4.743, 3.519, 4.062, 5.79, 6.164, 6.291, 5.548, 4.448, 3.855, 3.495, 3.111, 2.799, 2.818, 4.638, 6.635, 6.866, 7.442, 8.307, 8.57, 7.865, 7.988, 8.491, 6.833, 4.292, 3.108, 2.388, 2.161, 2.271, 2.253, 2.07, 2.702, 3.023, 2.584, 1.826, 1.168, 0.895, 0.0, 0.875, 0.938, 1.39, 1.629, 1.545, 1.416, 1.692, 1.594, 1.519, 1.409, 1.853, 2.052, 2.16, 2.384, 1.9, 1.676, 1.338, 1.458, 1.487, 1.752, 1.474, 1.737, 2.71, 2.984, 2.816, 1.589, 1.487, 1.827, 1.655, 2.115, 2.588, 2.468, 1.751, 2.444, 3.032, 3.179, 3.811, 2.706, 1.489, 1.042, 1.205, 1.493, 1.463, 1.67, 1.712], [4.482, 4.245, 4.191, 5.152, 5.524, 4.287, 4.831, 6.554, 6.957, 7.078, 6.334, 5.232, 4.596, 4.184, 3.756, 3.384, 3.424, 5.382, 7.405, 7.627, 8.233, 9.098, 9.361, 8.656, 8.772, 9.282, 7.624, 5.083, 3.848, 3.019, 2.724, 2.731, 2.804, 2.621, 3.296, 3.661, 3.26, 2.532, 1.782, 1.619, 0.875, 0.0, 0.858, 1.598, 2.186, 2.037, 1.854, 1.965, 1.786, 1.739, 1.607, 2.308, 2.639, 2.918, 3.111, 2.477, 2.233, 1.559, 1.828, 1.64, 1.521, 1.513, 2.252, 3.208, 3.468, 3.263, 1.716, 1.696, 2.413, 1.956, 2.663, 3.141, 3.161, 2.331, 3.165, 3.763, 3.8, 4.544, 3.127, 1.742, 1.172, 1.454, 1.763, 1.92, 2.303, 1.983], [4.066, 3.83, 3.776, 4.762, 5.107, 3.886, 4.464, 6.171, 6.549, 6.664, 5.897, 4.8, 4.171, 3.778, 3.386, 2.999, 3.103, 4.988, 7.107, 7.36, 7.936, 8.746, 9.044, 8.318, 8.449, 8.919, 7.283, 4.708, 3.522, 2.732, 2.458, 2.506, 2.622, 2.398, 3.117, 3.495, 3.071, 2.283, 1.66, 1.473, 0.938, 0.858, 0.0, 1.245, 1.792, 1.889, 1.663, 1.716, 1.592, 1.495, 1.352, 1.898, 2.352, 2.561, 2.784, 2.169, 1.932, 1.125, 1.4, 1.324, 1.27, 1.168, 1.85, 2.791, 2.923, 2.776, 1.599, 1.474, 2.101, 1.631, 2.363, 2.818, 2.81, 1.971, 2.749, 3.334, 3.387, 4.141, 2.687, 1.375, 0.842, 1.194, 1.404, 1.556, 1.918, 1.507], [3.401, 3.184, 3.204, 4.112, 4.458, 3.255, 3.856, 5.516, 5.89, 6.0, 5.243, 4.147, 3.571, 3.221, 2.877, 2.565, 2.719, 4.446, 6.447, 6.743, 7.304, 8.099, 8.361, 7.62, 7.776, 8.2, 6.606, 4.094, 2.994, 2.217, 2.036, 2.09, 2.258, 2.16, 2.783, 3.065, 2.571, 1.889, 1.535, 1.694, 1.39, 1.598, 1.245, 0.0, 1.172, 1.314, 1.112, 1.328, 1.344, 1.351, 1.061, 1.303, 1.789, 2.054, 2.224, 1.746, 1.552, 1.255, 1.394, 1.476, 1.999, 1.374, 1.663, 2.38, 2.546, 2.351, 1.483, 1.481, 2.088, 1.822, 2.359, 2.529, 2.577, 1.636, 2.224, 3.058, 2.961, 3.534, 2.413, 1.671, 1.5, 1.553, 1.728, 1.739, 1.725, 1.427], [2.724, 2.6, 2.546, 3.313, 3.615, 2.578, 2.987, 4.755, 5.099, 5.223, 4.454, 3.398, 2.949, 2.712, 2.413, 2.042, 2.11, 3.561, 5.498, 5.743, 6.312, 7.139, 7.408, 6.695, 6.827, 7.275, 5.636, 3.163, 2.253, 1.573, 1.721, 1.851, 1.904, 1.651, 2.093, 2.342, 1.827, 1.28, 1.341, 1.45, 1.629, 2.186, 1.792, 1.172, 0.0, 0.732, 1.001, 1.479, 1.436, 1.395, 1.306, 1.257, 1.43, 1.572, 1.777, 1.747, 1.737, 1.886, 1.756, 1.945, 2.597, 1.966, 1.715, 2.183, 2.41, 2.057, 1.664, 1.476, 1.92, 2.04, 2.284, 2.344, 2.392, 1.732, 1.879, 2.642, 2.803, 3.177, 2.37, 1.891, 1.919, 1.965, 2.281, 2.026, 1.89, 1.795], [2.775, 2.646, 2.746, 3.508, 3.704, 2.64, 3.071, 4.892, 5.243, 5.381, 4.545, 3.548, 3.084, 2.869, 2.542, 2.198, 2.282, 3.724, 5.565, 5.776, 6.356, 7.209, 7.49, 6.753, 6.896, 7.348, 5.715, 3.262, 2.378, 1.757, 1.896, 2.06, 1.964, 1.755, 2.223, 2.491, 2.031, 1.374, 1.223, 1.272, 1.545, 2.037, 1.889, 1.314, 0.732, 0.0, 0.797, 1.405, 1.458, 1.55, 1.542, 1.469, 1.554, 1.704, 1.812, 1.857, 1.822, 2.03, 1.894, 2.156, 2.8, 2.196, 1.836, 2.336, 2.517, 2.269, 1.654, 1.426, 1.871, 2.133, 2.182, 2.305, 2.361, 1.699, 1.781, 2.553, 2.79, 3.257, 2.362, 1.884, 1.846, 2.0, 2.352, 2.119, 1.962, 1.998], [3.01, 2.82, 2.951, 3.82, 4.113, 2.976, 3.486, 5.26, 5.608, 5.741, 4.907, 3.883, 3.395, 3.14, 2.807, 2.467, 2.497, 4.028, 5.978, 6.146, 6.75, 7.619, 7.915, 7.212, 7.335, 7.813, 6.149, 3.623, 2.709, 2.001, 1.946, 1.99, 1.976, 1.886, 2.512, 2.76, 2.306, 1.51, 1.161, 1.356, 1.416, 1.854, 1.663, 1.112, 1.001, 0.797, 0.0, 0.985, 1.088, 1.272, 1.222, 1.155, 1.508, 1.849, 2.09, 2.083, 1.93, 1.801, 1.711, 2.021, 2.609, 2.013, 1.717, 2.167, 2.304, 2.079, 1.427, 1.289, 1.921, 2.03, 2.307, 2.42, 2.441, 1.775, 2.076, 2.905, 3.131, 3.611, 2.657, 2.022, 1.819, 1.768, 2.239, 2.211, 2.112, 1.954], [3.285, 3.083, 3.166, 4.047, 4.341, 3.192, 3.696, 5.428, 5.792, 5.903, 5.124, 4.056, 3.542, 3.268, 2.941, 2.596, 2.609, 4.216, 6.25, 6.438, 7.04, 7.905, 8.19, 7.486, 7.61, 8.089, 6.431, 3.871, 2.893, 2.158, 1.998, 2.014, 2.052, 1.954, 2.576, 2.902, 2.45, 1.994, 1.439, 1.544, 1.692, 1.965, 1.716, 1.328, 1.479, 1.405, 0.985, 0.0, 0.715, 1.207, 1.17, 1.261, 1.595, 2.004, 2.596, 2.568, 2.392, 1.808, 1.804, 1.998, 2.504, 2.043, 1.818, 2.06, 2.265, 1.601, 1.18, 1.321, 2.064, 2.219, 2.575, 2.656, 2.677, 2.053, 2.71, 3.528, 3.72, 4.234, 3.266, 2.332, 2.0, 1.977, 2.481, 2.526, 2.584, 2.232], [3.353, 3.116, 3.164, 4.07, 4.418, 3.313, 3.758, 5.493, 5.885, 6.0, 5.22, 4.148, 3.66, 3.39, 3.045, 2.696, 2.723, 4.322, 6.358, 6.58, 7.186, 8.051, 8.314, 7.609, 7.725, 8.235, 6.577, 4.031, 2.995, 2.248, 2.15, 2.104, 2.115, 2.013, 2.597, 2.944, 2.435, 1.821, 1.338, 1.427, 1.594, 1.786, 1.592, 1.344, 1.436, 1.458, 1.088, 0.715, 0.0, 0.74, 0.786, 0.991, 1.533, 1.959, 2.418, 2.415, 2.246, 1.653, 1.44, 1.688, 2.197, 1.708, 1.502, 2.022, 2.121, 1.751, 1.005, 1.072, 1.79, 1.898, 2.287, 2.406, 2.488, 1.938, 2.612, 3.427, 3.654, 4.194, 3.301, 2.173, 1.884, 1.858, 2.393, 2.403, 2.514, 2.153], [3.282, 3.058, 3.133, 4.02, 4.337, 3.198, 3.692, 5.468, 5.861, 5.973, 5.153, 4.096, 3.568, 3.322, 2.936, 2.603, 2.658, 4.265, 6.32, 6.568, 7.148, 8.013, 8.276, 7.577, 7.687, 8.196, 6.537, 3.993, 2.977, 2.228, 2.151, 2.07, 2.184, 2.095, 2.573, 2.942, 2.421, 1.817, 1.403, 1.428, 1.519, 1.739, 1.495, 1.351, 1.395, 1.55, 1.272, 1.207, 0.74, 0.0, 0.536, 0.922, 1.424, 1.962, 2.296, 2.156, 2.032, 1.43, 1.091, 1.282, 1.775, 1.341, 1.358, 1.876, 2.074, 1.785, 1.022, 1.026, 1.451, 1.625, 1.966, 2.131, 2.364, 1.696, 2.354, 3.185, 3.41, 3.995, 3.041, 1.961, 1.796, 1.779, 2.207, 2.091, 2.204, 1.859], [3.331, 3.11, 3.147, 4.023, 4.383, 3.274, 3.723, 5.459, 5.87, 5.968, 5.2, 4.106, 3.619, 3.349, 3.002, 2.668, 2.774, 4.322, 6.374, 6.707, 7.235, 8.072, 8.328, 7.646, 7.74, 8.245, 6.593, 4.086, 3.108, 2.318, 2.172, 2.12, 2.287, 2.157, 2.656, 2.98, 2.458, 1.828, 1.434, 1.472, 1.409, 1.607, 1.352, 1.061, 1.306, 1.542, 1.222, 1.17, 0.786, 0.536, 0.0, 0.912, 1.474, 1.902, 2.239, 2.036, 1.941, 1.396, 1.121, 1.306, 1.861, 1.312, 1.289, 1.938, 2.167, 1.963, 1.115, 0.986, 1.615, 1.744, 2.1, 2.213, 2.378, 1.676, 2.365, 3.158, 3.355, 3.915, 3.013, 1.972, 1.762, 1.797, 2.15, 2.038, 2.141, 1.777], [2.596, 2.507, 2.668, 3.504, 3.637, 2.82, 3.157, 4.774, 5.14, 5.271, 4.477, 3.573, 3.196, 2.981, 2.654, 2.411, 2.536, 3.727, 5.627, 5.994, 6.531, 7.326, 7.507, 6.845, 6.952, 7.428, 5.813, 3.568, 2.794, 2.076, 1.945, 1.939, 2.05, 2.037, 2.547, 2.789, 2.25, 1.601, 1.396, 1.521, 1.853, 2.308, 1.898, 1.303, 1.257, 1.469, 1.155, 1.261, 0.991, 0.922, 0.912, 0.0, 0.901, 1.599, 2.072, 2.108, 2.042, 1.719, 1.421, 1.65, 2.363, 1.674, 1.158, 1.338, 1.506, 1.458, 1.493, 1.236, 1.339, 1.798, 1.825, 1.712, 1.978, 1.466, 1.924, 2.755, 3.145, 3.587, 2.823, 2.112, 2.114, 2.076, 2.317, 2.134, 2.206, 1.807], [1.929, 1.821, 1.992, 2.883, 3.003, 2.121, 2.512, 4.184, 4.55, 4.681, 3.841, 2.871, 2.47, 2.28, 1.97, 1.819, 1.962, 3.212, 5.005, 5.414, 5.897, 6.708, 6.879, 6.28, 6.294, 6.8, 5.153, 2.891, 2.131, 1.57, 1.563, 1.54, 1.631, 1.636, 2.176, 2.282, 1.745, 1.463, 1.335, 1.515, 2.052, 2.639, 2.352, 1.789, 1.43, 1.554, 1.508, 1.595, 1.533, 1.424, 1.474, 0.901, 0.0, 1.057, 1.869, 1.944, 1.921, 2.105, 1.613, 1.785, 2.598, 1.868, 1.195, 1.262, 1.361, 1.478, 2.084, 1.722, 1.429, 1.925, 1.658, 1.588, 1.697, 1.379, 1.613, 2.463, 2.799, 3.258, 2.419, 2.098, 2.247, 2.235, 2.37, 2.065, 1.889, 1.838], [1.736, 1.471, 1.407, 2.349, 2.655, 1.5, 2.007, 3.749, 4.143, 4.257, 3.492, 2.393, 1.91, 1.657, 1.42, 1.328, 1.523, 2.832, 4.804, 5.162, 5.671, 6.481, 6.709, 6.057, 6.116, 6.568, 4.955, 2.472, 1.526, 1.456, 1.443, 1.324, 1.33, 1.455, 1.807, 1.836, 1.297, 1.031, 1.428, 1.488, 2.16, 2.918, 2.561, 2.054, 1.572, 1.704, 1.849, 2.004, 1.959, 1.962, 1.902, 1.599, 1.057, 0.0, 1.191, 1.295, 1.48, 2.139, 1.681, 1.918, 2.724, 1.972, 1.269, 1.585, 1.914, 2.064, 2.659, 2.38, 1.887, 2.201, 1.747, 1.93, 1.658, 1.428, 1.31, 2.011, 2.205, 2.7, 1.847, 1.971, 2.174, 2.229, 2.219, 1.711, 1.325, 1.763], [2.202, 1.991, 1.724, 2.35, 2.694, 1.672, 1.89, 3.616, 3.989, 4.208, 3.428, 2.354, 2.102, 2.195, 1.923, 1.871, 2.152, 2.725, 4.81, 5.081, 5.629, 6.465, 6.76, 6.041, 6.164, 6.61, 4.99, 2.421, 1.835, 1.988, 2.032, 1.959, 1.862, 1.985, 1.766, 1.625, 1.204, 1.03, 1.776, 1.842, 2.384, 3.111, 2.784, 2.224, 1.777, 1.812, 2.09, 2.596, 2.418, 2.296, 2.239, 2.072, 1.869, 1.191, 0.0, 0.926, 1.447, 2.183, 1.851, 2.293, 3.039, 2.275, 1.731, 2.381, 2.76, 2.772, 2.962, 2.67, 2.301, 2.575, 2.375, 2.638, 2.243, 1.846, 1.653, 1.966, 1.802, 2.118, 1.763, 1.988, 2.282, 2.338, 2.374, 1.983, 1.667, 2.092], [2.514, 2.241, 2.024, 2.969, 3.444, 2.164, 2.646, 4.344, 4.714, 4.953, 4.169, 3.065, 2.587, 2.329, 2.016, 1.963, 2.215, 3.482, 5.611, 5.93, 6.463, 7.273, 7.528, 6.825, 6.947, 7.379, 5.764, 3.219, 2.222, 2.046, 2.028, 1.937, 1.889, 1.863, 1.936, 2.084, 1.634, 1.121, 1.714, 1.711, 1.9, 2.477, 2.169, 1.746, 1.747, 1.857, 2.083, 2.568, 2.415, 2.156, 2.036, 2.108, 1.944, 1.295, 0.926, 0.0, 0.829, 1.499, 1.584, 1.742, 2.356, 1.65, 1.715, 2.457, 2.795, 2.939, 2.774, 2.532, 2.298, 2.292, 2.307, 2.614, 2.217, 1.582, 1.538, 1.916, 1.757, 2.467, 1.57, 1.504, 1.657, 1.666, 1.747, 1.453, 1.129, 1.421], [2.679, 2.52, 2.332, 3.345, 3.941, 2.569, 3.129, 4.839, 5.145, 5.402, 4.651, 3.52, 3.044, 2.721, 2.384, 1.989, 2.253, 4.004, 6.121, 6.428, 6.972, 7.772, 8.045, 7.338, 7.462, 7.855, 6.288, 3.707, 2.531, 1.898, 1.759, 1.766, 1.74, 1.766, 2.235, 2.441, 2.034, 1.533, 1.589, 1.662, 1.676, 2.233, 1.932, 1.552, 1.737, 1.822, 1.93, 2.392, 2.246, 2.032, 1.941, 2.042, 1.921, 1.48, 1.447, 0.829, 0.0, 1.252, 1.397, 1.667, 2.188, 1.538, 1.662, 2.367, 2.725, 2.821, 2.593, 2.386, 2.264, 2.129, 2.24, 2.552, 2.195, 1.424, 1.79, 2.363, 2.229, 2.936, 1.942, 1.558, 1.429, 1.32, 1.366, 1.307, 1.206, 1.359], [3.583, 3.341, 3.289, 4.28, 4.744, 3.405, 3.955, 5.679, 6.114, 6.273, 5.483, 4.378, 3.806, 3.424, 2.937, 2.446, 2.681, 4.749, 6.863, 7.143, 7.706, 8.514, 8.785, 8.067, 8.194, 8.639, 7.03, 4.459, 3.209, 2.342, 2.082, 2.026, 2.16, 2.038, 2.674, 3.114, 2.722, 1.945, 1.648, 1.504, 1.338, 1.559, 1.125, 1.255, 1.886, 2.03, 1.801, 1.808, 1.653, 1.43, 1.396, 1.719, 2.105, 2.139, 2.183, 1.499, 1.252, 0.0, 0.978, 1.116, 1.448, 0.994, 1.561, 2.406, 2.644, 2.491, 1.795, 1.732, 2.121, 1.749, 2.212, 2.671, 2.528, 1.674, 2.448, 3.022, 3.054, 3.826, 2.687, 1.515, 1.014, 0.839, 1.038, 1.271, 1.556, 1.183], [3.138, 2.903, 2.905, 3.836, 4.216, 2.97, 3.497, 5.236, 5.663, 5.779, 5.015, 3.909, 3.325, 3.023, 2.705, 2.223, 2.425, 4.231, 6.33, 6.634, 7.173, 7.981, 8.251, 7.54, 7.666, 8.103, 6.502, 3.953, 2.873, 2.229, 2.068, 1.891, 2.136, 2.176, 2.796, 2.997, 2.478, 1.826, 1.531, 1.5, 1.458, 1.828, 1.4, 1.394, 1.756, 1.894, 1.711, 1.804, 1.44, 1.091, 1.121, 1.421, 1.613, 1.681, 1.851, 1.584, 1.397, 0.978, 0.0, 0.716, 1.479, 0.822, 0.968, 1.858, 2.088, 2.17, 1.6, 1.54, 1.523, 1.322, 1.598, 2.044, 1.987, 1.379, 2.038, 2.695, 2.842, 3.527, 2.476, 1.575, 1.344, 1.29, 1.486, 1.429, 1.496, 1.312], [3.385, 3.165, 3.196, 4.15, 4.444, 3.248, 3.773, 5.476, 5.909, 6.022, 5.264, 4.159, 3.624, 3.312, 2.925, 2.655, 2.832, 4.492, 6.545, 6.904, 7.404, 8.2, 8.421, 7.782, 7.84, 8.297, 6.679, 4.269, 3.263, 2.666, 2.443, 2.289, 2.539, 2.553, 3.137, 3.396, 2.84, 2.168, 1.85, 1.735, 1.487, 1.64, 1.324, 1.476, 1.945, 2.156, 2.021, 1.998, 1.688, 1.282, 1.306, 1.65, 1.785, 1.918, 2.293, 1.742, 1.667, 1.116, 0.716, 0.0, 1.078, 0.61, 1.268, 2.109, 2.377, 2.358, 1.606, 1.651, 1.664, 1.191, 1.674, 2.233, 2.156, 1.527, 2.203, 2.792, 2.812, 3.531, 2.475, 1.683, 1.447, 1.486, 1.669, 1.626, 1.646, 1.453], [4.284, 4.071, 4.036, 5.031, 5.337, 4.093, 4.649, 6.379, 6.802, 6.909, 6.151, 5.045, 4.43, 4.067, 3.655, 3.36, 3.475, 5.377, 7.458, 7.819, 8.328, 9.138, 9.347, 8.728, 8.754, 9.219, 7.584, 5.14, 3.995, 3.188, 2.856, 2.81, 3.123, 3.012, 3.576, 3.918, 3.462, 2.744, 2.394, 2.214, 1.752, 1.521, 1.27, 1.999, 2.597, 2.8, 2.609, 2.504, 2.197, 1.775, 1.861, 2.363, 2.598, 2.724, 3.039, 2.356, 2.188, 1.448, 1.479, 1.078, 0.0, 1.031, 2.099, 2.956, 3.17, 3.038, 2.064, 2.198, 2.393, 1.642, 2.51, 3.085, 3.043, 2.238, 3.079, 3.663, 3.678, 4.406, 2.959, 1.665, 1.455, 1.726, 1.869, 1.976, 2.322, 1.904], [3.509, 3.274, 3.249, 4.221, 4.578, 3.354, 3.877, 5.596, 6.031, 6.142, 5.384, 4.278, 3.726, 3.364, 2.993, 2.615, 2.779, 4.597, 6.714, 7.044, 7.564, 8.361, 8.615, 7.928, 8.03, 8.487, 6.866, 4.35, 3.282, 2.574, 2.257, 2.176, 2.454, 2.541, 3.137, 3.339, 2.873, 2.088, 1.872, 1.752, 1.474, 1.513, 1.168, 1.374, 1.966, 2.196, 2.013, 2.043, 1.708, 1.341, 1.312, 1.674, 1.868, 1.972, 2.275, 1.65, 1.538, 0.994, 0.822, 0.61, 1.031, 0.0, 1.284, 2.153, 2.376, 2.47, 1.725, 1.72, 1.809, 1.163, 1.806, 2.324, 2.268, 1.53, 2.304, 2.957, 2.9, 3.649, 2.427, 1.473, 1.297, 1.296, 1.382, 1.39, 1.56, 1.163], [2.383, 2.251, 2.313, 3.221, 3.467, 2.495, 2.823, 4.54, 4.901, 5.083, 4.258, 3.308, 2.976, 2.757, 2.488, 2.069, 2.315, 3.629, 5.578, 5.89, 6.438, 7.231, 7.491, 6.782, 6.907, 7.354, 5.736, 3.339, 2.543, 2.025, 1.899, 1.811, 1.937, 2.217, 2.825, 2.923, 2.327, 1.584, 1.57, 1.604, 1.737, 2.252, 1.85, 1.663, 1.715, 1.836, 1.717, 1.818, 1.502, 1.358, 1.289, 1.158, 1.195, 1.269, 1.731, 1.715, 1.662, 1.561, 0.968, 1.268, 2.099, 1.284, 0.0, 1.136, 1.515, 1.737, 1.867, 1.523, 1.269, 1.179, 1.11, 1.381, 1.332, 1.078, 1.571, 2.223, 2.539, 2.927, 2.195, 1.699, 1.712, 1.797, 1.733, 1.478, 1.474, 1.571], [1.981, 1.941, 2.175, 2.875, 3.062, 2.394, 2.648, 3.986, 4.398, 4.557, 3.87, 3.161, 2.83, 2.774, 2.567, 2.26, 2.505, 3.239, 4.865, 5.207, 5.714, 6.472, 6.635, 5.947, 6.072, 6.512, 4.877, 3.128, 2.589, 2.216, 2.205, 1.888, 2.127, 2.441, 2.99, 2.984, 2.446, 2.076, 2.054, 2.21, 2.71, 3.208, 2.791, 2.38, 2.183, 2.336, 2.167, 2.06, 2.022, 1.876, 1.938, 1.338, 1.262, 1.585, 2.381, 2.457, 2.367, 2.406, 1.858, 2.109, 2.956, 2.153, 1.136, 0.0, 0.898, 1.233, 2.385, 1.899, 1.415, 1.974, 1.611, 1.564, 1.725, 1.669, 1.866, 2.499, 2.979, 3.356, 2.628, 2.631, 2.649, 2.604, 2.638, 2.421, 2.276, 2.299], [2.157, 2.169, 2.611, 3.143, 3.226, 2.747, 2.999, 4.148, 4.577, 4.625, 4.008, 3.409, 3.027, 2.896, 2.717, 2.466, 2.599, 3.476, 4.8, 5.169, 5.662, 6.422, 6.503, 5.853, 5.938, 6.328, 4.73, 3.288, 2.736, 2.283, 2.309, 2.28, 2.416, 2.579, 3.091, 3.079, 2.68, 2.355, 2.237, 2.479, 2.984, 3.468, 2.923, 2.546, 2.41, 2.517, 2.304, 2.265, 2.121, 2.074, 2.167, 1.506, 1.361, 1.914, 2.76, 2.795, 2.725, 2.644, 2.088, 2.377, 3.17, 2.376, 1.515, 0.898, 0.0, 1.1, 2.545, 2.001, 1.514, 2.158, 1.875, 1.791, 2.08, 1.917, 2.127, 2.923, 3.45, 3.845, 3.154, 2.843, 2.943, 2.863, 2.914, 2.761, 2.64, 2.476], [2.406, 2.481, 2.772, 3.288, 3.401, 2.815, 3.01, 4.461, 4.842, 5.062, 4.289, 3.513, 3.204, 3.004, 2.689, 2.379, 2.368, 3.544, 5.133, 5.375, 5.91, 6.739, 6.931, 6.221, 6.36, 6.822, 5.167, 3.186, 2.585, 2.082, 2.048, 2.21, 2.294, 2.222, 2.717, 2.904, 2.507, 2.267, 2.123, 2.354, 2.816, 3.263, 2.776, 2.351, 2.057, 2.269, 2.079, 1.601, 1.751, 1.785, 1.963, 1.458, 1.478, 2.064, 2.772, 2.939, 2.821, 2.491, 2.17, 2.358, 3.038, 2.47, 1.737, 1.233, 1.1, 0.0, 1.968, 1.676, 1.463, 2.133, 2.21, 2.179, 2.415, 2.094, 2.454, 3.272, 3.792, 4.172, 3.428, 2.789, 2.824, 2.753, 3.072, 2.919, 2.903, 2.752], [3.894, 3.725, 3.905, 4.743, 4.985, 3.907, 4.374, 6.169, 6.509, 6.649, 5.818, 4.817, 4.37, 4.097, 3.759, 3.426, 3.43, 4.961, 6.816, 7.049, 7.628, 8.453, 8.677, 7.972, 8.091, 8.598, 6.939, 4.465, 3.605, 2.874, 2.764, 2.8, 2.939, 2.711, 3.372, 3.627, 3.127, 2.262, 1.682, 1.639, 1.589, 1.716, 1.599, 1.483, 1.664, 1.654, 1.427, 1.18, 1.005, 1.022, 1.115, 1.493, 2.084, 2.659, 2.962, 2.774, 2.593, 1.795, 1.6, 1.606, 2.064, 1.725, 1.867, 2.385, 2.545, 1.968, 0.0, 0.849, 1.641, 1.687, 2.138, 2.483, 2.623, 2.008, 2.737, 3.4, 3.762, 4.36, 3.384, 2.312, 2.046, 2.005, 2.521, 2.508, 2.643, 2.311], [3.452, 3.364, 3.556, 4.381, 4.523, 3.643, 3.916, 5.725, 6.071, 6.215, 5.397, 4.492, 4.098, 3.841, 3.513, 3.173, 3.213, 4.563, 6.258, 6.553, 7.098, 7.911, 8.099, 7.394, 7.513, 8.02, 6.362, 4.127, 3.405, 2.639, 2.547, 2.586, 2.688, 2.51, 3.084, 3.358, 2.841, 1.977, 1.492, 1.489, 1.487