[[0.0, 1.131, 1.266, 2.21, 3.444, 3.261, 2.348, 1.422, 1.978, 2.371, 2.009, 2.439, 3.766, 4.885, 4.223, 3.976, 4.028, 4.56, 5.352, 5.459, 5.313, 4.464, 5.207, 6.19, 6.453, 7.491, 8.931, 9.825, 9.918, 9.313, 8.696, 8.033, 7.751, 7.641, 7.179, 7.526, 8.48, 8.907, 9.632, 10.233, 9.792, 10.268, 9.73, 8.763, 8.842, 9.015, 9.506, 10.008, 9.745, 9.777, 10.195, 10.765, 11.56, 12.503, 14.123, 15.185, 14.269, 12.926, 11.412, 9.592, 7.712, 5.714, 5.328, 7.158, 8.266, 8.071, 8.734, 9.262, 9.08, 9.388, 9.766, 9.975, 10.159, 9.988, 10.294, 10.386, 10.447, 11.101, 12.313, 12.889, 12.487, 12.231, 11.742, 10.914, 10.431, 9.472], [1.131, 0.0, 0.825, 1.984, 3.278, 3.001, 2.062, 1.293, 2.294, 2.921, 2.518, 2.898, 3.995, 5.018, 4.581, 4.317, 4.423, 4.903, 5.874, 6.016, 5.76, 4.881, 5.597, 6.533, 6.831, 7.773, 9.203, 10.097, 10.19, 9.585, 9.003, 8.21, 7.918, 7.771, 7.721, 8.065, 8.934, 9.378, 10.023, 10.61, 10.089, 10.541, 10.121, 9.142, 9.239, 9.397, 9.867, 10.405, 10.127, 10.106, 10.469, 11.022, 11.795, 12.8, 14.398, 15.409, 14.483, 13.132, 11.759, 9.937, 8.233, 6.206, 5.93, 7.677, 8.719, 8.58, 9.21, 9.715, 9.592, 9.816, 10.062, 10.22, 10.329, 10.161, 10.525, 10.908, 10.94, 11.422, 12.621, 13.167, 12.804, 12.564, 12.069, 11.367, 10.895, 9.843], [1.266, 0.825, 0.0, 1.507, 2.845, 2.495, 1.578, 1.107, 2.421, 3.13, 2.668, 3.071, 4.045, 5.222, 4.607, 4.253, 4.374, 4.881, 5.87, 6.001, 5.752, 4.855, 5.653, 6.795, 7.137, 8.176, 9.635, 10.528, 10.622, 10.016, 9.409, 8.635, 8.306, 8.097, 7.837, 8.242, 9.169, 9.615, 10.392, 10.995, 10.519, 10.959, 10.418, 9.398, 9.467, 9.636, 10.146, 10.655, 10.376, 10.433, 10.872, 11.468, 12.241, 13.23, 14.828, 15.84, 14.915, 13.539, 12.114, 10.253, 8.307, 6.232, 5.948, 7.872, 9.015, 8.816, 9.472, 10.012, 9.884, 10.153, 10.469, 10.649, 10.777, 10.606, 10.944, 11.229, 11.264, 11.777, 13.054, 13.611, 13.24, 12.977, 12.495, 11.742, 11.26, 10.194], [2.21, 1.984, 1.507, 0.0, 1.565, 1.616, 1.423, 1.84, 3.549, 4.389, 3.876, 4.229, 5.157, 6.579, 5.707, 5.005, 5.128, 5.579, 6.737, 6.949, 6.668, 5.62, 6.588, 7.801, 8.361, 9.562, 11.016, 11.909, 12.003, 11.397, 10.776, 10.016, 9.686, 9.429, 9.138, 9.551, 10.482, 10.934, 11.718, 12.298, 11.727, 12.209, 11.618, 10.612, 10.673, 10.944, 11.424, 11.867, 11.596, 11.681, 12.138, 12.741, 13.594, 14.588, 16.206, 17.221, 16.303, 14.979, 13.472, 11.565, 9.468, 7.192, 6.872, 9.033, 10.238, 9.959, 10.6, 11.162, 10.993, 11.319, 11.769, 12.008, 12.193, 12.022, 12.328, 12.475, 12.457, 13.15, 14.401, 14.974, 14.578, 14.326, 13.811, 13.001, 12.522, 11.388], [3.444, 3.278, 2.845, 1.565, 0.0, 1.338, 2.064, 2.986, 4.767, 5.586, 5.101, 5.441, 6.4, 7.822, 6.913, 6.157, 6.208, 6.707, 7.77, 7.882, 7.755, 6.621, 7.58, 8.944, 9.629, 10.821, 12.259, 13.152, 13.246, 12.64, 12.019, 11.259, 10.927, 10.672, 10.357, 10.776, 11.714, 12.159, 12.962, 13.572, 13.076, 13.559, 12.961, 11.954, 12.015, 12.229, 12.702, 13.211, 12.949, 13.019, 13.482, 14.068, 14.891, 15.83, 17.454, 18.516, 17.599, 16.267, 14.711, 12.852, 10.73, 8.408, 8.109, 10.274, 11.42, 11.067, 11.809, 12.409, 12.182, 12.537, 13.069, 13.305, 13.489, 13.319, 13.625, 13.678, 13.679, 14.4, 15.652, 16.222, 15.817, 15.568, 15.044, 14.186, 13.728, 12.703], [3.261, 3.001, 2.495, 1.616, 1.338, 0.0, 1.223, 2.256, 3.915, 4.771, 4.319, 4.657, 5.57, 6.991, 6.213, 5.45, 5.539, 5.971, 6.861, 7.055, 6.917, 5.792, 6.503, 7.937, 8.702, 9.98, 11.429, 12.322, 12.415, 11.81, 11.194, 10.429, 10.107, 9.847, 9.56, 9.982, 10.924, 11.361, 12.144, 12.722, 12.142, 12.581, 12.064, 11.017, 11.08, 11.36, 11.829, 12.267, 11.949, 12.032, 12.518, 13.108, 13.961, 15.0, 16.619, 17.634, 16.708, 15.363, 13.898, 12.011, 9.86, 7.618, 7.217, 9.367, 10.541, 10.244, 10.846, 11.414, 11.166, 11.568, 12.135, 12.375, 12.559, 12.389, 12.716, 12.842, 12.818, 13.569, 14.815, 15.375, 14.965, 14.719, 14.181, 13.324, 12.87, 11.739], [2.348, 2.062, 1.578, 1.423, 2.064, 1.223, 0.0, 1.405, 3.009, 3.861, 3.435, 3.79, 4.634, 6.069, 5.335, 4.604, 4.681, 5.109, 6.021, 6.189, 6.018, 4.91, 5.637, 6.931, 7.753, 9.054, 10.499, 11.39, 11.469, 10.878, 10.266, 9.483, 9.182, 8.923, 8.66, 9.087, 10.025, 10.471, 11.237, 11.812, 11.257, 11.637, 11.167, 10.118, 10.203, 10.456, 10.894, 11.336, 11.018, 11.091, 11.52, 12.066, 12.985, 14.054, 15.671, 16.686, 15.768, 14.44, 12.997, 11.11, 8.958, 6.733, 6.364, 8.455, 9.616, 9.331, 9.952, 10.53, 10.286, 10.613, 11.114, 11.356, 11.558, 11.369, 11.768, 11.897, 11.868, 12.625, 13.873, 14.447, 14.044, 13.79, 13.263, 12.424, 11.947, 10.776], [1.422, 1.293, 1.107, 1.84, 2.986, 2.256, 1.405, 0.0, 1.968, 2.79, 2.323, 2.68, 3.75, 5.025, 4.285, 3.821, 3.936, 4.246, 5.19, 5.348, 5.152, 4.182, 5.012, 6.203, 6.739, 7.99, 9.441, 10.338, 10.416, 9.793, 9.171, 8.414, 8.099, 7.937, 7.556, 7.955, 8.902, 9.337, 10.145, 10.737, 10.205, 10.644, 10.051, 9.039, 9.118, 9.34, 9.821, 10.292, 10.027, 10.095, 10.549, 11.116, 11.959, 12.983, 14.602, 15.617, 14.696, 13.351, 11.875, 9.968, 7.884, 5.688, 5.321, 7.433, 8.518, 8.261, 8.911, 9.507, 9.308, 9.594, 10.133, 10.373, 10.557, 10.386, 10.699, 10.834, 10.816, 11.56, 12.813, 13.384, 12.98, 12.742, 12.26, 11.417, 10.926, 9.787], [1.978, 2.294, 2.421, 3.549, 4.767, 3.915, 3.009, 1.968, 0.0, 0.962, 1.113, 1.229, 2.002, 3.274, 2.69, 2.445, 2.509, 2.901, 3.697, 3.82, 3.639, 2.791, 3.49, 4.476, 4.922, 6.097, 7.541, 8.429, 8.521, 7.919, 7.314, 6.547, 6.262, 6.118, 5.803, 6.218, 7.172, 7.591, 8.291, 8.847, 8.352, 8.854, 8.356, 7.387, 7.466, 7.678, 8.155, 8.631, 8.369, 8.403, 8.8, 9.301, 10.135, 11.106, 12.725, 13.76, 12.849, 11.557, 10.071, 8.257, 6.283, 4.283, 3.811, 5.612, 6.768, 6.507, 7.188, 7.739, 7.547, 7.843, 8.309, 8.549, 8.734, 8.563, 8.869, 8.948, 8.943, 9.682, 10.925, 11.502, 11.111, 10.847, 10.364, 9.544, 9.044, 7.966], [2.371, 2.921, 3.13, 4.389, 5.586, 4.771, 3.861, 2.79, 0.962, 0.0, 0.873, 0.857, 1.888, 2.749, 2.274, 2.182, 2.25, 2.77, 3.27, 3.412, 3.339, 2.704, 3.154, 4.023, 4.289, 5.256, 6.681, 7.575, 7.668, 7.063, 6.462, 5.791, 5.539, 5.443, 5.076, 5.375, 6.343, 6.743, 7.426, 8.021, 7.578, 8.095, 7.602, 6.632, 6.711, 6.892, 7.376, 7.883, 7.613, 7.651, 8.029, 8.525, 9.326, 10.253, 11.889, 12.951, 12.035, 10.736, 9.262, 7.472, 5.633, 3.825, 3.299, 5.019, 6.051, 5.901, 6.551, 7.061, 6.878, 7.167, 7.524, 7.74, 7.935, 7.754, 8.06, 8.172, 8.224, 8.907, 10.115, 10.686, 10.284, 10.066, 9.602, 8.749, 8.29, 7.256], [2.009, 2.518, 2.668, 3.876, 5.101, 4.319, 3.435, 2.323, 1.113, 0.873, 0.0, 0.853, 2.151, 3.119, 2.432, 2.337, 2.369, 2.855, 3.601, 3.746, 3.619, 2.817, 3.566, 4.523, 4.804, 5.786, 7.194, 8.095, 8.181, 7.575, 6.954, 6.251, 5.97, 5.848, 5.406, 5.756, 6.686, 7.117, 7.904, 8.538, 8.08, 8.558, 7.969, 6.997, 7.075, 7.258, 7.75, 8.264, 7.982, 8.018, 8.466, 9.063, 9.862, 10.783, 12.425, 13.487, 12.571, 11.209, 9.652, 7.835, 5.992, 3.926, 3.578, 5.474, 6.612, 6.411, 7.097, 7.607, 7.49, 7.774, 8.064, 8.277, 8.474, 8.301, 8.596, 8.774, 8.83, 9.432, 10.65, 11.23, 10.841, 10.612, 10.166, 9.31, 8.888, 7.841], [2.439, 2.898, 3.071, 4.229, 5.441, 4.657, 3.79, 2.68, 1.229, 0.857, 0.853, 0.0, 1.863, 2.747, 2.116, 2.101, 2.135, 2.678, 3.417, 3.461, 3.347, 2.772, 3.229, 4.227, 4.486, 5.453, 6.852, 7.755, 7.836, 7.223, 6.602, 5.904, 5.634, 5.512, 5.075, 5.459, 6.407, 6.806, 7.582, 8.257, 7.794, 8.288, 7.713, 6.764, 6.851, 7.025, 7.523, 8.001, 7.735, 7.771, 8.174, 8.75, 9.543, 10.448, 12.07, 13.122, 12.209, 10.879, 9.357, 7.544, 5.662, 3.63, 3.271, 5.179, 6.249, 6.074, 6.737, 7.262, 7.124, 7.392, 7.747, 7.945, 8.14, 7.957, 8.242, 8.428, 8.5, 9.107, 10.33, 10.913, 10.51, 10.293, 9.844, 9.012, 8.55, 7.53], [3.766, 3.995, 4.045, 5.157, 6.4, 5.57, 4.634, 3.75, 2.002, 1.888, 2.151, 1.863, 0.0, 1.539, 1.302, 1.569, 1.775, 1.79, 2.525, 2.346, 2.125, 1.836, 2.026, 3.033, 3.455, 4.556, 5.92, 6.822, 6.907, 6.281, 5.665, 4.879, 4.569, 4.38, 4.155, 4.562, 5.503, 5.932, 6.713, 7.323, 6.91, 7.391, 6.855, 5.868, 5.945, 6.124, 6.628, 7.087, 6.813, 6.857, 7.256, 7.774, 8.592, 9.526, 11.155, 12.204, 11.267, 9.964, 8.46, 6.662, 4.699, 2.684, 2.345, 4.136, 5.304, 5.013, 5.734, 6.324, 6.149, 6.424, 6.771, 7.004, 7.235, 7.036, 7.316, 7.493, 7.585, 8.151, 9.407, 9.997, 9.603, 9.355, 8.903, 8.053, 7.618, 6.583], [4.885, 5.018, 5.222, 6.579, 7.822, 6.991, 6.069, 5.025, 3.274, 2.749, 3.119, 2.747, 1.539, 0.0, 1.329, 2.284, 2.26, 2.09, 2.018, 1.633, 1.645, 2.101, 1.501, 2.13, 2.391, 3.258, 4.576, 5.449, 5.551, 4.931, 4.312, 3.475, 3.216, 3.021, 2.818, 3.244, 4.102, 4.564, 5.412, 6.066, 5.626, 6.107, 5.526, 4.535, 4.612, 4.791, 5.288, 5.753, 5.426, 5.481, 5.932, 6.529, 7.342, 8.236, 9.851, 10.901, 9.954, 8.571, 7.071, 5.238, 3.46, 1.966, 1.778, 3.022, 4.113, 3.935, 4.641, 5.184, 5.062, 5.312, 5.563, 5.765, 5.933, 5.736, 6.035, 6.365, 6.459, 6.892, 8.121, 8.685, 8.292, 8.095, 7.657, 6.887, 6.48, 5.46], [4.223, 4.581, 4.607, 5.707, 6.913, 6.213, 5.335, 4.285, 2.69, 2.274, 2.432, 2.116, 1.302, 1.329, 0.0, 1.354, 1.293, 1.14, 1.787, 1.748, 1.621, 1.472, 1.776, 2.879, 3.235, 4.207, 5.615, 6.514, 6.603, 5.997, 5.345, 4.54, 4.258, 4.064, 3.627, 3.997, 4.93, 5.447, 6.29, 6.939, 6.557, 7.015, 6.355, 5.345, 5.415, 5.601, 6.088, 6.528, 6.213, 6.271, 6.817, 7.483, 8.295, 9.239, 10.855, 11.905, 10.954, 9.492, 7.912, 6.014, 4.039, 2.137, 1.727, 3.747, 4.933, 4.693, 5.428, 6.026, 5.895, 6.202, 6.491, 6.705, 6.937, 6.737, 7.017, 7.258, 7.349, 7.905, 9.156, 9.733, 9.338, 9.113, 8.634, 7.837, 7.379, 6.347], [3.976, 4.317, 4.253, 5.005, 6.157, 5.45, 4.604, 3.821, 2.445, 2.182, 2.337, 2.101, 1.569, 2.284, 1.354, 0.0, 0.561, 1.136, 2.25, 2.445, 2.134, 1.417, 2.441, 3.729, 4.142, 5.301, 6.727, 7.625, 7.714, 7.116, 6.464, 5.658, 5.351, 5.08, 4.646, 5.056, 6.013, 6.55, 7.366, 7.995, 7.581, 8.048, 7.326, 6.265, 6.37, 6.539, 7.037, 7.506, 7.193, 7.291, 7.861, 8.527, 9.36, 10.358, 11.962, 12.972, 12.021, 10.559, 9.0, 7.051, 4.887, 2.426, 2.415, 4.669, 5.871, 5.621, 6.35, 6.957, 6.811, 7.12, 7.523, 7.773, 8.002, 7.804, 8.084, 8.238, 8.313, 8.989, 10.241, 10.83, 10.429, 10.185, 9.715, 8.88, 8.39, 7.304], [4.028, 4.423, 4.374, 5.128, 6.208, 5.539, 4.681, 3.936, 2.509, 2.25, 2.369, 2.135, 1.775, 2.26, 1.293, 0.561, 0.0, 1.044, 2.185, 2.388, 2.084, 1.313, 2.34, 3.66, 4.079, 5.201, 6.624, 7.524, 7.621, 7.0, 6.348, 5.542, 5.236, 4.951, 4.524, 4.945, 5.901, 6.435, 7.25, 7.908, 7.487, 7.954, 7.232, 6.17, 6.276, 6.462, 6.942, 7.415, 7.116, 7.214, 7.772, 8.432, 9.283, 10.242, 11.847, 12.895, 11.944, 10.487, 8.912, 6.992, 4.81, 2.435, 2.332, 4.603, 5.764, 5.503, 6.258, 6.85, 6.708, 7.012, 7.428, 7.695, 7.922, 7.727, 8.007, 8.119, 8.184, 8.895, 10.138, 10.721, 10.319, 10.077, 9.598, 8.769, 8.272, 7.19], [4.56, 4.903, 4.881, 5.579, 6.707, 5.971, 5.109, 4.246, 2.901, 2.77, 2.855, 2.678, 1.79, 2.09, 1.14, 1.136, 1.044, 0.0, 1.426, 1.634, 1.357, 1.021, 1.857, 2.924, 3.498, 4.693, 6.13, 7.028, 7.117, 6.518, 5.866, 5.06, 4.753, 4.491, 4.016, 4.438, 5.395, 5.95, 6.755, 7.364, 6.929, 7.396, 6.678, 5.627, 5.722, 5.955, 6.429, 6.857, 6.542, 6.64, 7.213, 7.878, 8.771, 9.76, 11.36, 12.383, 11.432, 9.97, 8.401, 6.447, 4.217, 2.101, 1.865, 3.985, 5.153, 4.869, 5.601, 6.22, 6.038, 6.377, 6.9, 7.183, 7.404, 7.215, 7.494, 7.605, 7.622, 8.376, 9.622, 10.217, 9.818, 9.563, 9.075, 8.241, 7.748, 6.612], [5.352, 5.874, 5.87, 6.737, 7.77, 6.861, 6.021, 5.19, 3.697, 3.27, 3.601, 3.417, 2.525, 2.018, 1.787, 2.25, 2.185, 1.426, 0.0, 0.726, 0.943, 1.265, 1.436, 1.971, 2.593, 3.77, 5.161, 6.059, 6.148, 5.552, 4.9, 4.111, 3.838, 3.659, 3.071, 3.524, 4.43, 4.978, 5.766, 6.39, 5.917, 6.368, 5.669, 4.604, 4.7, 4.959, 5.437, 5.835, 5.519, 5.618, 6.193, 6.886, 7.779, 8.791, 10.391, 11.397, 10.441, 8.978, 7.436, 5.465, 3.202, 2.053, 1.897, 3.122, 4.15, 3.878, 4.531, 5.149, 4.967, 5.354, 5.902, 6.191, 6.406, 6.222, 6.498, 6.631, 6.644, 7.423, 8.648, 9.235, 8.834, 8.597, 8.097, 7.238, 6.763, 5.681], [5.459, 6.016, 6.001, 6.949, 7.882, 7.055, 6.189, 5.348, 3.82, 3.412, 3.746, 3.461, 2.346, 1.633, 1.748, 2.445, 2.388, 1.634, 0.726, 0.0, 0.695, 1.515, 1.294, 1.786, 2.318, 3.459, 4.873, 5.771, 5.86, 5.26, 4.607, 3.822, 3.544, 3.354, 2.776, 3.209, 4.139, 4.69, 5.478, 6.111, 5.692, 6.158, 5.441, 4.407, 4.491, 4.714, 5.193, 5.629, 5.308, 5.406, 5.979, 6.644, 7.522, 8.501, 10.106, 11.135, 10.184, 8.721, 7.143, 5.199, 2.991, 1.813, 1.878, 2.901, 3.896, 3.577, 4.333, 4.951, 4.765, 5.137, 5.656, 5.935, 6.198, 5.967, 6.247, 6.352, 6.354, 7.134, 8.367, 8.955, 8.556, 8.304, 7.813, 6.984, 6.516, 5.506], [5.313, 5.76, 5.752, 6.668, 7.755, 6.917, 6.018, 5.152, 3.639, 3.339, 3.619, 3.347, 2.125, 1.645, 1.621, 2.134, 2.084, 1.357, 0.943, 0.695, 0.0, 1.348, 1.486, 1.991, 2.485, 3.648, 5.082, 5.981, 6.07, 5.471, 4.819, 4.013, 3.706, 3.491, 2.965, 3.38, 4.348, 4.904, 5.688, 6.317, 5.879, 6.346, 5.63, 4.583, 4.674, 4.906, 5.38, 5.809, 5.493, 5.592, 6.164, 6.83, 7.719, 8.713, 10.313, 11.331, 10.38, 8.918, 7.354, 5.395, 3.16, 1.572, 1.736, 2.99, 4.095, 3.818, 4.549, 5.159, 5.005, 5.329, 5.85, 6.131, 6.389, 6.163, 6.443, 6.565, 6.576, 7.345, 8.575, 9.172, 8.766, 8.533, 8.03, 7.206, 6.725, 5.645], [4.464, 4.881, 4.855, 5.62, 6.621, 5.792, 4.91, 4.182, 2.791, 2.704, 2.817, 2.772, 1.836, 2.101, 1.472, 1.417, 1.313, 1.021, 1.265, 1.515, 1.348, 0.0, 1.52, 2.94, 3.636, 4.855, 6.294, 7.192, 7.281, 6.685, 6.034, 5.228, 4.923, 4.695, 4.18, 4.592, 5.563, 6.108, 6.899, 7.524, 7.065, 7.513, 6.807, 5.765, 5.844, 6.109, 6.573, 6.978, 6.663, 6.761, 7.334, 8.017, 8.91, 9.925, 11.524, 12.533, 11.575, 10.109, 8.569, 6.599, 4.345, 2.104, 2.007, 4.101, 5.284, 5.002, 5.689, 6.299, 6.079, 6.478, 7.034, 7.322, 7.538, 7.354, 7.631, 7.765, 7.769, 8.538, 9.784, 10.369, 9.967, 9.72, 9.209, 8.369, 7.873, 6.734], [5.207, 5.597, 5.653, 6.588, 7.58, 6.503, 5.637, 5.012, 3.49, 3.154, 3.566, 3.229, 2.026, 1.501, 1.776, 2.441, 2.34, 1.857, 1.436, 1.294, 1.486, 1.52, 0.0, 1.7, 2.489, 3.774, 5.219, 6.112, 6.204, 5.596, 4.954, 4.17, 3.855, 3.648, 3.278, 3.684, 4.622, 5.107, 5.902, 6.503, 6.003, 6.369, 5.814, 4.756, 4.843, 5.123, 5.553, 5.897, 5.52, 5.637, 6.129, 6.782, 7.741, 8.815, 10.418, 11.427, 10.491, 9.056, 7.591, 5.684, 3.579, 2.13, 1.694, 3.068, 4.249, 3.964, 4.58, 5.195, 5.007, 5.347, 5.849, 6.121, 6.341, 6.151, 6.506, 6.658, 6.649, 7.419, 8.664, 9.245, 8.841, 8.596, 8.088, 7.242, 6.746, 5.57], [6.19, 6.533, 6.795, 7.801, 8.944, 7.937, 6.931, 6.203, 4.476, 4.023, 4.523, 4.227, 3.033, 2.13, 2.879, 3.729, 3.66, 2.924, 1.971, 1.786, 1.991, 2.94, 1.7, 0.0, 1.004, 2.283, 3.649, 4.528, 4.625, 4.013, 3.411, 2.717, 2.47, 2.424, 2.316, 2.777, 3.568, 3.947, 4.41, 4.972, 4.455, 4.856, 4.584, 3.689, 3.734, 3.953, 4.344, 4.77, 4.499, 4.435, 4.716, 5.207, 6.16, 7.224, 8.843, 9.857, 8.927, 7.59, 6.225, 4.441, 2.634, 2.261, 2.185, 1.836, 2.873, 2.669, 3.117, 3.68, 3.442, 3.759, 4.263, 4.534, 4.746, 4.56, 4.93, 5.054, 5.039, 5.821, 7.064, 7.643, 7.251, 6.984, 6.522, 5.669, 5.175, 4.009], [6.453, 6.831, 7.137, 8.361, 9.629, 8.702, 7.753, 6.739, 4.922, 4.289, 4.804, 4.486, 3.455, 2.391, 3.235, 4.142, 4.079, 3.498, 2.593, 2.318, 2.485, 3.636, 2.489, 1.004, 0.0, 1.43, 2.81, 3.66, 3.763, 3.146, 2.546, 1.908, 1.651, 1.676, 1.676, 2.114, 2.774, 3.126, 3.546, 4.099, 3.668, 4.077, 3.794, 3.0, 3.055, 3.134, 3.545, 3.987, 3.792, 3.724, 4.015, 4.493, 5.29, 6.372, 7.977, 8.991, 8.066, 6.734, 5.371, 3.586, 1.984, 2.111, 2.189, 1.302, 2.152, 2.08, 2.5, 3.008, 2.851, 3.087, 3.486, 3.716, 3.948, 3.727, 4.063, 4.233, 4.289, 4.998, 6.21, 6.81, 6.409, 6.168, 5.693, 4.859, 4.363, 3.33], [7.491, 7.773, 8.176, 9.562, 10.821, 9.98, 9.054, 7.99, 6.097, 5.256, 5.786, 5.453, 4.556, 3.258, 4.207, 5.301, 5.201, 4.693, 3.77, 3.459, 3.648, 4.855, 3.774, 2.283, 1.43, 0.0, 1.503, 2.392, 2.479, 1.944, 1.536, 0.913, 0.716, 0.91, 1.198, 1.33, 1.677, 1.992, 2.346, 2.923, 2.512, 3.029, 2.636, 1.924, 1.973, 1.991, 2.456, 2.898, 2.691, 2.633, 2.949, 3.413, 4.186, 5.115, 6.693, 7.741, 6.785, 5.52, 4.149, 2.406, 1.416, 3.129, 3.268, 1.302, 1.698, 1.907, 1.745, 2.139, 2.522, 2.619, 3.051, 3.46, 3.545, 3.065, 3.319, 3.536, 3.447, 3.892, 5.068, 5.562, 5.221, 5.012, 4.547, 4.178, 4.003, 3.65], [8.931, 9.203, 9.635, 11.016, 12.259, 11.429, 10.499, 9.441, 7.541, 6.681, 7.194, 6.852, 5.92, 4.576, 5.615, 6.727, 6.624, 6.13, 5.161, 4.873, 5.082, 6.294, 5.219, 3.649, 2.81, 1.503, 0.0, 1.042, 1.168, 1.044, 1.156, 1.36, 1.557, 1.777, 2.167, 1.997, 1.889, 1.93, 1.487, 1.869, 1.643, 1.99, 1.729, 1.483, 1.495, 1.435, 1.598, 1.979, 1.854, 1.792, 1.878, 2.161, 2.926, 3.829, 5.418, 6.465, 5.53, 4.359, 3.118, 1.63, 2.127, 4.545, 4.667, 2.532, 2.086, 2.265, 1.606, 1.772, 2.574, 2.861, 3.122, 3.578, 3.445, 2.867, 2.906, 3.29, 3.427, 3.514, 3.932, 4.328, 4.252, 4.137, 4.001, 4.127, 4.262, 4.227], [9.825, 10.097, 10.528, 11.909, 13.152, 12.322, 11.39, 10.338, 8.429, 7.575, 8.095, 7.755, 6.822, 5.449, 6.514, 7.625, 7.524, 7.028, 6.059, 5.771, 5.981, 7.192, 6.112, 4.528, 3.66, 2.392, 1.042, 0.0, 0.581, 1.153, 1.474, 2.149, 2.344, 2.602, 3.098, 2.739, 2.524, 2.445, 1.853, 1.956, 1.905, 1.903, 1.885, 2.088, 2.034, 1.972, 1.956, 1.874, 1.95, 1.909, 1.878, 1.85, 2.192, 3.105, 4.649, 5.691, 4.81, 3.727, 2.583, 1.83, 2.988, 5.445, 5.564, 3.298, 2.619, 2.802, 2.047, 1.897, 2.711, 2.895, 3.223, 3.584, 3.334, 2.837, 2.844, 3.152, 3.376, 3.39, 3.479, 3.995, 4.014, 3.964, 3.833, 4.165, 4.315, 4.417], [9.918, 10.19, 10.622, 12.003, 13.246, 12.415, 11.469, 10.416, 8.521, 7.668, 8.181, 7.836, 6.907, 5.551, 6.603, 7.714, 7.621, 7.117, 6.148, 5.86, 6.07, 7.281, 6.204, 4.625, 3.763, 2.479, 1.168, 0.581, 0.0, 0.92, 1.416, 2.195, 2.427, 2.678, 3.199, 2.813, 2.421, 2.446, 1.815, 1.901, 1.85, 1.906, 1.853, 2.024, 1.917, 1.882, 1.891, 1.872, 2.008, 1.983, 1.888, 1.767, 2.037, 2.953, 4.526, 5.557, 4.622, 3.56, 2.557, 1.796, 3.021, 5.533, 5.66, 3.297, 2.516, 2.725, 1.954, 1.706, 2.456, 2.582, 2.923, 3.279, 2.992, 2.518, 2.531, 2.852, 3.138, 3.222, 3.302, 3.763, 3.805, 3.75, 3.585, 3.913, 4.079, 4.207], [9.313, 9.585, 10.016, 11.397, 12.64, 11.81, 10.878, 9.793, 7.919, 7.063, 7.575, 7.223, 6.281, 4.931, 5.997, 7.116, 7.0, 6.518, 5.552, 5.26, 5.471, 6.685, 5.596, 4.013, 3.146, 1.944, 1.044, 1.153, 0.92, 0.0, 0.783, 1.648, 1.889, 2.087, 2.609, 2.433, 2.097, 2.193, 1.737, 1.966, 1.846, 2.12, 2.044, 1.866, 1.786, 1.81, 1.987, 2.154, 2.07, 2.229, 2.176, 2.05, 2.454, 3.357, 4.965, 6.014, 5.073, 3.943, 2.948, 1.883, 2.408, 4.936, 5.046, 2.626, 1.809, 1.979, 1.342, 1.291, 2.032, 2.077, 2.397, 2.772, 2.766, 2.131, 2.187, 2.518, 2.793, 2.918, 3.372, 3.868, 3.72, 3.621, 3.44, 3.461, 3.526, 3.534], [8.696, 9.003, 9.409, 10.776, 12.019, 11.194, 10.266, 9.171, 7.314, 6.462, 6.954, 6.602, 5.665, 4.312, 5.345, 6.464, 6.348, 5.866, 4.9, 4.607, 4.819, 6.034, 4.954, 3.411, 2.546, 1.536, 1.156, 1.474, 1.416, 0.783, 0.0, 1.258, 1.461, 1.656, 2.046, 2.075, 1.848, 2.16, 1.905, 2.264, 2.109, 2.472, 2.322, 1.87, 1.807, 1.897, 2.204, 2.412, 2.247, 2.437, 2.46, 2.511, 3.074, 3.964, 5.563, 6.615, 5.67, 4.468, 3.241, 2.001, 1.972, 4.291, 4.394, 2.077, 1.453, 1.619, 1.251, 1.159, 1.815, 2.067, 2.35, 2.847, 2.907, 2.325, 2.382, 2.585, 2.855, 3.127, 3.944, 4.458, 4.218, 4.107, 3.714, 3.458, 3.517, 3.369], [8.033, 8.21, 8.635, 10.016, 11.259, 10.429, 9.483, 8.414, 6.547, 5.791, 6.251, 5.904, 4.879, 3.475, 4.54, 5.658, 5.542, 5.06, 4.111, 3.822, 4.013, 5.228, 4.17, 2.717, 1.908, 0.913, 1.36, 2.149, 2.195, 1.648, 1.258, 0.0, 0.546, 0.82, 1.251, 1.59, 1.584, 1.892, 2.218, 2.748, 2.38, 2.922, 2.634, 2.165, 2.185, 2.161, 2.496, 2.867, 2.616, 2.635, 2.876, 3.106, 3.913, 4.807, 6.415, 7.461, 6.511, 5.179, 3.898, 2.318, 1.647, 3.546, 3.732, 1.591, 1.43, 1.773, 1.523, 1.95, 2.487, 2.69, 3.06, 3.556, 3.677, 3.152, 3.289, 3.436, 3.368, 3.734, 4.812, 5.255, 4.942, 4.755, 4.435, 4.14, 4.141, 3.808], [7.751, 7.918, 8.306, 9.686, 10.927, 10.107, 9.182, 8.099, 6.262, 5.539, 5.97, 5.634, 4.569, 3.216, 4.258, 5.351, 5.236, 4.753, 3.838, 3.544, 3.706, 4.923, 3.855, 2.47, 1.651, 0.716, 1.557, 2.344, 2.427, 1.889, 1.461, 0.546, 0.0, 0.647, 1.146, 1.472, 1.674, 1.912, 2.406, 2.944, 2.565, 3.062, 2.712, 2.165, 2.199, 2.224, 2.574, 2.917, 2.676, 2.724, 3.043, 3.435, 4.236, 5.131, 6.739, 7.785, 6.83, 5.484, 4.095, 2.418, 1.527, 3.274, 3.464, 1.396, 1.575, 1.863, 1.72, 2.119, 2.571, 2.74, 3.123, 3.658, 3.733, 3.277, 3.443, 3.591, 3.542, 3.901, 5.082, 5.568, 5.223, 5.051, 4.637, 4.28, 4.19, 3.859], [7.641, 7.771, 8.097, 9.429, 10.672, 9.847, 8.923, 7.937, 6.118, 5.443, 5.848, 5.512, 4.38, 3.021, 4.064, 5.08, 4.951, 4.491, 3.659, 3.354, 3.491, 4.695, 3.648, 2.424, 1.676, 0.91, 1.777, 2.602, 2.678, 2.087, 1.656, 0.82, 0.647, 0.0, 0.991, 1.53, 1.805, 2.115, 2.562, 3.182, 2.803, 3.281, 2.853, 2.144, 2.21, 2.236, 2.644, 3.052, 2.798, 2.787, 3.151, 3.692, 4.498, 5.393, 7.0, 8.047, 7.089, 5.704, 4.269, 2.514, 1.493, 3.118, 3.338, 1.609, 1.557, 1.818, 1.843, 2.378, 2.881, 3.114, 3.415, 3.944, 4.045, 3.561, 3.733, 3.881, 3.843, 4.208, 5.32, 5.831, 5.463, 5.309, 4.93, 4.529, 4.536, 4.104], [7.179, 7.721, 7.837, 9.138, 10.357, 9.56, 8.66, 7.556, 5.803, 5.076, 5.406, 5.075, 4.155, 2.818, 3.627, 4.646, 4.524, 4.016, 3.071, 2.776, 2.965, 4.18, 3.278, 2.316, 1.676, 1.198, 2.167, 3.098, 3.199, 2.609, 2.046, 1.251, 1.146, 0.991, 0.0, 0.943, 1.602, 2.054, 2.815, 3.522, 3.119, 3.586, 2.946, 2.068, 2.118, 2.246, 2.722, 3.147, 2.841, 2.899, 3.43, 4.056, 4.869, 5.786, 7.415, 8.464, 7.513, 6.068, 4.504, 2.642, 1.204, 2.469, 2.634, 1.581, 1.815, 2.01, 2.114, 2.616, 3.18, 3.372, 3.871, 4.411, 4.59, 4.098, 4.222, 4.18, 4.117, 4.631, 5.732, 6.244, 5.888, 5.738, 5.371, 4.898, 4.85, 4.348], [7.526, 8.065, 8.242, 9.551, 10.776, 9.982, 9.087, 7.955, 6.218, 5.375, 5.756, 5.459, 4.562, 3.244, 3.997, 5.056, 4.945, 4.438, 3.524, 3.209, 3.38, 4.592, 3.684, 2.777, 2.114, 1.33, 1.997, 2.739, 2.813, 2.433, 2.075, 1.59, 1.472, 1.53, 0.943, 0.0, 1.135, 1.542, 2.353, 3.053, 2.66, 3.149, 2.472, 1.62, 1.667, 1.765, 2.242, 2.688, 2.468, 2.407, 2.937, 3.587, 4.4, 5.336, 6.959, 8.008, 7.057, 5.61, 4.035, 2.254, 1.397, 2.858, 2.976, 1.818, 2.345, 2.692, 2.407, 2.504, 3.027, 3.339, 3.833, 4.301, 4.39, 3.93, 3.994, 4.137, 4.095, 4.779, 5.482, 5.906, 5.759, 5.743, 5.214, 4.974, 4.892, 4.632], [8.48, 8.934, 9.169, 10.482, 11.714, 10.924, 10.025, 8.902, 7.172, 6.343, 6.686, 6.407, 5.503, 4.102, 4.93, 6.013, 5.901, 5.395, 4.43, 4.139, 4.348, 5.563, 4.622, 3.568, 2.774, 1.677, 1.889, 2.524, 2.421, 2.097, 1.848, 1.584, 1.674, 1.805, 1.602, 1.135, 0.0, 0.835, 1.589, 2.165, 1.809, 2.253, 1.654, 1.288, 1.334, 1.231, 1.534, 2.033, 1.898, 1.795, 2.277, 2.744, 3.61, 4.404, 6.017, 7.067, 6.116, 4.679, 3.108, 1.423, 1.71, 3.821, 3.932, 2.201, 2.416, 2.718, 2.415, 2.203, 2.635, 3.11, 3.583, 3.904, 3.925, 3.486, 3.404, 3.698, 3.973, 4.5, 5.138, 5.302, 5.207, 5.263, 4.887, 4.723, 4.764, 4.677], [8.907, 9.378, 9.615, 10.934, 12.159, 11.361, 10.471, 9.337, 7.591, 6.743, 7.117, 6.806, 5.932, 4.564, 5.447, 6.55, 6.435, 5.95, 4.978, 4.69, 4.904, 6.108, 5.107, 3.947, 3.126, 1.992, 1.93, 2.445, 2.446, 2.193, 2.16, 1.892, 1.912, 2.115, 2.054, 1.542, 0.835, 0.0, 1.137, 1.682, 1.431, 1.88, 1.559, 1.545, 1.644, 1.384, 1.395, 1.828, 1.973, 1.781, 1.994, 2.349, 3.152, 3.876, 5.487, 6.538, 5.595, 4.188, 2.786, 1.462, 2.235, 4.36, 4.48, 2.473, 2.76, 3.022, 2.562, 2.368, 2.926, 3.363, 3.823, 4.08, 3.999, 3.544, 3.464, 3.904, 4.219, 4.543, 5.055, 5.073, 5.066, 5.123, 4.917, 4.946, 4.994, 4.945], [9.632, 10.023, 10.392, 11.718, 12.962, 12.144, 11.237, 10.145, 8.291, 7.426, 7.904, 7.582, 6.713, 5.412, 6.29, 7.366, 7.25, 6.755, 5.766, 5.478, 5.688, 6.899, 5.902, 4.41, 3.546, 2.346, 1.487, 1.853, 1.815, 1.737, 1.905, 2.218, 2.406, 2.562, 2.815, 2.353, 1.589, 1.137, 0.0, 0.812, 0.924, 1.265, 1.307, 1.606, 1.633, 1.364, 1.122, 1.381, 1.698, 1.375, 1.162, 1.438, 2.205, 3.031, 4.648, 5.699, 4.756, 3.359, 2.17, 1.14, 2.648, 5.175, 5.296, 2.969, 2.6, 2.789, 2.208, 2.015, 2.7, 3.206, 3.599, 3.833, 3.711, 3.127, 3.09, 3.511, 3.939, 4.215, 4.417, 4.468, 4.587, 4.573, 4.505, 4.733, 4.797, 4.867], [10.233, 10.61, 10.995, 12.298, 13.572, 12.722, 11.812, 10.737, 8.847, 8.021, 8.538, 8.257, 7.323, 6.066, 6.939, 7.995, 7.908, 7.364, 6.39, 6.111, 6.317, 7.524, 6.503, 4.972, 4.099, 2.923, 1.869, 1.956, 1.901, 1.966, 2.264, 2.748, 2.944, 3.182, 3.522, 3.053, 2.165, 1.682, 0.812, 0.0, 1.03, 1.121, 1.325, 2.009, 1.948, 1.735, 1.38, 1.444, 1.797, 1.58, 1.174, 1.135, 1.862, 2.584, 4.007, 5.033, 4.09, 2.911, 1.843, 1.38, 3.275, 5.81, 5.928, 3.504, 2.964, 3.154, 2.504, 2.265, 2.903, 3.42, 3.779, 4.045, 3.847, 3.287, 3.195, 3.603, 4.118, 4.419, 4.484, 4.435, 4.59, 4.633, 4.655, 4.973, 5.049, 5.107], [9.792, 10.089, 10.519, 11.727, 13.076, 12.142, 11.257, 10.205, 8.352, 7.578, 8.08, 7.794, 6.91, 5.626, 6.557, 7.581, 7.487, 6.929, 5.917, 5.692, 5.879, 7.065, 6.003, 4.455, 3.668, 2.512, 1.643, 1.905, 1.85, 1.846, 2.109, 2.38, 2.565, 2.803, 3.119, 2.66, 1.809, 1.431, 0.924, 1.03, 0.0, 0.835, 1.002, 1.659, 1.643, 1.467, 1.239, 1.545, 1.849, 1.55, 1.397, 1.478, 2.277, 2.95, 4.495, 5.506, 4.595, 3.546, 2.451, 1.454, 2.913, 5.41, 5.418, 3.116, 2.735, 2.952, 2.277, 2.074, 2.743, 3.251, 3.634, 3.872, 3.671, 3.127, 3.038, 3.529, 3.991, 4.32, 4.488, 4.358, 4.518, 4.642, 4.564, 4.866, 4.913, 4.843], [10.268, 10.541, 10.959, 12.209, 13.559, 12.581, 11.637, 10.644, 8.854, 8.095, 8.558, 8.288, 7.391, 6.107, 7.015, 8.048, 7.954, 7.396, 6.368, 6.158, 6.346, 7.513, 6.369, 4.856, 4.077, 3.029, 1.99, 1.903, 1.906, 2.12, 2.472, 2.922, 3.062, 3.281, 3.586, 3.149, 2.253, 1.88, 1.265, 1.121, 0.835, 0.0, 0.799, 1.876, 1.804, 1.666, 1.268, 1.217, 1.514, 1.257, 1.031, 1.303, 1.988, 2.665, 4.137, 5.134, 4.254, 3.123, 2.07, 1.303, 3.286, 5.817, 5.848, 3.586, 3.183, 3.386, 2.656, 2.413, 3.088, 3.477, 3.849, 4.099, 3.828, 3.35, 3.269, 3.738, 4.228, 4.56, 4.535, 4.469, 4.659, 4.784, 4.803, 5.153, 5.228, 5.144], [9.73, 10.121, 10.418, 11.618, 12.961, 12.064, 11.167, 10.051, 8.356, 7.602, 7.969, 7.713, 6.855, 5.526, 6.355, 7.326, 7.232, 6.678, 5.669, 5.441, 5.63, 6.807, 5.814, 4.584, 3.794, 2.636, 1.729, 1.885, 1.853, 2.044, 2.322, 2.634, 2.712, 2.853, 2.946, 2.472, 1.654, 1.559, 1.307, 1.325, 1.002, 0.799, 0.0, 1.186, 1.112, 1.027, 0.877, 1.054, 1.217, 1.059, 1.262, 1.697, 2.411, 3.178, 4.743, 5.747, 4.825, 3.592, 2.236, 0.867, 2.606, 5.144, 5.162, 3.24, 3.086, 3.251, 2.572, 2.353, 3.048, 3.479, 3.866, 4.125, 3.886, 3.399, 3.225, 3.694, 4.198, 4.544, 4.54, 4.563, 4.657, 4.75, 4.775, 5.121, 5.197, 5.194], [8.763, 9.142, 9.398, 10.612, 11.954, 11.017, 10.118, 9.039, 7.387, 6.632, 6.997, 6.764, 5.868, 4.535, 5.345, 6.265, 6.17, 5.627, 4.604, 4.407, 4.583, 5.765, 4.756, 3.689, 3.0, 1.924, 1.483, 2.088, 2.024, 1.866, 1.87, 2.165, 2.165, 2.144, 2.068, 1.62, 1.288, 1.545, 1.606, 2.009, 1.659, 1.876, 1.186, 0.0, 0.395, 0.572, 0.96, 1.428, 1.365, 1.328, 1.718, 2.364, 3.208, 4.24, 5.845, 6.857, 5.909, 4.513, 3.024, 1.295, 1.566, 4.035, 4.078, 2.641, 2.596, 2.764, 2.118, 1.943, 2.687, 3.133, 3.554, 3.899, 3.709, 3.169, 3.071, 3.604, 3.885, 4.289, 4.781, 5.015, 4.905, 4.983, 4.523, 4.811, 4.883, 4.752], [8.842, 9.239, 9.467, 10.673, 12.015, 11.08, 10.203, 9.118, 7.466, 6.711, 7.075, 6.851, 5.945, 4.612, 5.415, 6.37, 6.276, 5.722, 4.7, 4.491, 4.674, 5.844, 4.843, 3.734, 3.055, 1.973, 1.495, 2.034, 1.917, 1.786, 1.807, 2.185, 2.199, 2.21, 2.118, 1.667, 1.334, 1.644, 1.633, 1.948, 1.643, 1.804, 1.112, 0.395, 0.0, 0.535, 0.954, 1.36, 1.34, 1.358, 1.704, 2.297, 3.103, 4.131, 5.745, 6.757, 5.81, 4.422, 2.923, 1.208, 1.667, 4.161, 4.161, 2.671, 2.538, 2.713, 2.092, 1.893, 2.626, 3.093, 3.506, 3.845, 3.61, 3.104, 2.985, 3.511, 3.82, 4.276, 4.693, 4.935, 4.876, 4.944, 4.499, 4.725, 4.804, 4.707], [9.015, 9.397, 9.636, 10.944, 12.229, 11.36, 10.456, 9.34, 7.678, 6.892, 7.258, 7.025, 6.124, 4.791, 5.601, 6.539, 6.462, 5.955, 4.959, 4.714, 4.906, 6.109, 5.123, 3.953, 3.134, 1.991, 1.435, 1.972, 1.882, 1.81, 1.897, 2.161, 2.224, 2.236, 2.246, 1.765, 1.231, 1.384, 1.364, 1.735, 1.467, 1.666, 1.027, 0.572, 0.535, 0.0, 0.703, 1.308, 1.346, 1.237, 1.559, 2.148, 2.908, 3.87, 5.483, 6.496, 5.55, 4.159, 2.686, 1.029, 1.788, 4.323, 4.434, 2.803, 2.657, 2.825, 2.281, 2.031, 2.782, 3.273, 3.653, 3.925, 3.686, 3.16, 3.054, 3.631, 3.933, 4.381, 4.676, 4.869, 4.835, 4.927, 4.525, 4.848, 4.904, 4.82], [9.506, 9.867, 10.146, 11.424, 12.702, 11.829, 10.894, 9.821, 8.155, 7.376, 7.75, 7.523, 6.628, 5.288, 6.088, 7.037, 6.942, 6.429, 5.437, 5.193, 5.38, 6.573, 5.553, 4.344, 3.545, 2.456, 1.598, 1.956, 1.891, 1.987, 2.204, 2.496, 2.574, 2.644, 2.722, 2.242, 1.534, 1.395, 1.122, 1.38, 1.239, 1.268, 0.877, 0.96, 0.954, 0.703, 0.0, 0.871, 1.068, 0.924, 1.149, 1.649, 2.432, 3.431, 5.041, 6.054, 5.11, 3.707, 2.316, 0.925, 2.281, 4.806, 4.913, 3.128, 2.981, 3.159, 2.556, 2.364, 3.076, 3.491, 3.854, 4.114, 3.832, 3.313, 3.255, 3.835, 4.228, 4.555, 4.594, 4.783, 4.875, 4.899, 4.769, 5.12, 5.193, 5.093], [10.008, 10.405, 10.655, 11.867, 13.211, 12.267, 11.336, 10.292, 8.631, 7.883, 8.264, 8.001, 7.087, 5.753, 6.528, 7.506, 7.415, 6.857, 5.835, 5.629, 5.809, 6.978, 5.897, 4.77, 3.987, 2.898, 1.979, 1.874, 1.872, 2.154, 2.412, 2.867, 2.917, 3.052, 3.147, 2.688, 2.033, 1.828, 1.381, 1.444, 1.545, 1.217, 1.054, 1.428, 1.36, 1.308, 0.871, 0.0, 0.682, 0.789, 0.843, 1.397, 2.013, 3.047, 4.652, 5.655, 4.703, 3.25, 1.845, 1.097, 2.74, 5.275, 5.315, 3.353, 3.186, 3.378, 2.674, 2.467, 3.251, 3.509, 3.878, 4.18, 3.977, 3.446, 3.443, 3.898, 4.3, 4.648, 4.597, 4.82, 4.918, 4.94, 4.879, 5.207, 5.296, 5.228], [9.745, 10.127, 10.376, 11.596, 12.949, 11.949, 11.018, 10.027, 8.369, 7.613, 7.982, 7.735, 6.813, 5.426, 6.213, 7.193, 7.116, 6.542, 5.519, 5.308, 5.493, 6.663, 5.52, 4.499, 3.792, 2.691, 1.854, 1.95, 2.008, 2.07, 2.247, 2.616, 2.676, 2.798, 2.841, 2.468, 1.898, 1.973, 1.698, 1.797, 1.849, 1.514, 1.217, 1.365, 1.34, 1.346, 1.068, 0.682, 0.0, 0.769, 1.197, 1.719, 2.427, 3.464, 5.069, 6.072, 5.092, 3.634, 2.152, 1.136, 2.425, 4.96, 4.992, 3.17, 2.985, 3.18, 2.524, 2.328, 3.133, 3.462, 3.829, 4.184, 4.082, 3.519, 3.519, 3.922, 4.236, 4.58, 4.617, 4.99, 5.013, 5.035, 4.906, 5.176, 5.259, 5.076], [9.777, 10.106, 10.433, 11.681, 13.019, 12.032, 11.091, 10.095, 8.403, 7.651, 8.018, 7.771, 6.857, 5.481, 6.271, 7.291, 7.214, 6.64, 5.618, 5.406, 5.592, 6.761, 5.637, 4.435, 3.724, 2.633, 1.792, 1.909, 1.983, 2.229, 2.437, 2.635, 2.724, 2.787, 2.899, 2.407, 1.795, 1.781, 1.375, 1.58, 1.55, 1.257, 1.059, 1.328, 1.358, 1.237, 0.924, 0.789, 0.769, 0.0, 0.916, 1.516, 2.337, 3.332, 4.937, 5.94, 4.98, 3.511, 2.073, 1.029, 2.523, 5.058, 5.089, 3.193, 3.146, 3.337, 2.616, 2.509, 3.199, 3.663, 4.049, 4.44, 4.179, 3.657, 3.666, 4.159, 4.448, 4.77, 4.726, 5.014, 5.089, 5.161, 5.05, 5.39, 5.463, 5.329], [10.195, 10.469, 10.872, 12.138, 13.482, 12.518, 11.52, 10.549, 8.8, 8.029, 8.466, 8.174, 7.256, 5.932, 6.817, 7.861, 7.772, 7.213, 6.193, 5.979, 6.164, 7.334, 6.129, 4.716, 4.015, 2.949, 1.878, 1.878, 1.888, 2.176, 2.46, 2.876, 3.043, 3.151, 3.43, 2.937, 2.277, 1.994, 1.162, 1.174, 1.397, 1.031, 1.262, 1.718, 1.704, 1.559, 1.149, 0.843, 1.197, 0.916, 0.0, 0.932, 1.756, 2.768, 4.347, 5.349, 4.426, 2.99, 1.821, 1.318, 3.096, 5.631, 5.679, 3.531, 3.218, 3.409, 2.686, 2.509, 3.228, 3.574, 3.929, 4.237, 3.996, 3.425, 3.514, 3.991, 4.361, 4.705, 4.685, 4.843, 4.964, 5.018, 4.923, 5.287, 5.361, 5.288], [10.765, 11.022, 11.468, 12.741, 14.068, 13.108, 12.066, 11.116, 9.301, 8.525, 9.063, 8.75, 7.774, 6.529, 7.483, 8.527, 8.432, 7.878, 6.886, 6.644, 6.83, 8.017, 6.782, 5.207, 4.493, 3.413, 2.161, 1.85, 1.767, 2.05, 2.511, 3.106, 3.435, 3.692, 4.056, 3.587, 2.744, 2.349, 1.438, 1.135, 1.478, 1.303, 1.697, 2.364, 2.297, 2.148, 1.649, 1.397, 1.719, 1.516, 0.932, 0.0, 1.286, 2.225, 3.668, 4.672, 3.804, 2.61, 1.897, 1.813, 3.761, 6.296, 6.362, 3.95, 3.204, 3.449, 2.653, 2.41, 3.043, 3.393, 3.693, 3.984, 3.745, 3.163, 3.247, 3.73, 4.127, 4.473, 4.357, 4.491, 4.599, 4.666, 4.685, 5.052, 5.131, 5.026], [11.56, 11.795, 12.241, 13.594, 14.891, 13.961, 12.985, 11.959, 10.135, 9.326, 9.862, 9.543, 8.592, 7.342, 8.295, 9.36, 9.283, 8.771, 7.779, 7.522, 7.719, 8.91, 7.741, 6.16, 5.29, 4.186, 2.926, 2.192, 2.037, 2.454, 3.074, 3.913, 4.236, 4.498, 4.869, 4.4, 3.61, 3.152, 2.205, 1.862, 2.277, 1.988, 2.411, 3.208, 3.103, 2.908, 2.432, 2.013, 2.427, 2.337, 1.756, 1.286, 0.0, 1.268, 2.791, 3.738, 2.932, 2.005, 1.815, 2.525, 4.578, 7.127, 7.25, 4.835, 3.692, 4.0, 3.319, 2.759, 3.206, 3.166, 3.444, 3.56, 3.281, 2.841, 2.796, 3.204, 3.736, 3.922, 3.735, 3.719, 3.925, 4.088, 4.138, 4.606, 4.698, 4.783], [12.503, 12.8, 13.23, 14.588, 15.83, 15.0, 14.054, 12.983, 11.106, 10.253, 10.783, 10.448, 9.526, 8.236, 9.239, 10.358, 10.242, 9.76, 8.791, 8.501, 8.713, 9.925, 8.815, 7.224, 6.372, 5.115, 3.829, 3.105, 2.953, 3.357, 3.964, 4.807, 5.131, 5.393, 5.786, 5.336, 4.404, 3.876, 3.031, 2.584, 2.95, 2.665, 3.178, 4.24, 4.131, 3.87, 3.431, 3.047, 3.464, 3.332, 2.768, 2.225, 1.268, 0.0, 1.691, 2.731, 1.923, 1.524, 2.134, 3.352, 5.633, 8.185, 8.282, 5.829, 4.645, 4.932, 4.324, 3.759, 4.0, 3.863, 4.028, 4.097, 3.807, 3.562, 3.253, 3.574, 4.118, 4.13, 3.791, 3.667, 3.989, 4.171, 4.281, 4.847, 5.021, 5.397], [14.123, 14.398, 14.828, 16.206, 17.454, 16.619, 15.671, 14.602, 12.725, 11.889, 12.425, 12.07, 11.155, 9.851, 10.855, 11.962, 11.847, 11.36, 10.391, 10.106, 10.313, 11.524, 10.418, 8.843, 7.977, 6.693, 5.418, 4.649, 4.526, 4.965, 5.563, 6.415, 6.739, 7.0, 7.415, 6.959, 6.017, 5.487, 4.648, 4.007, 4.495, 4.137, 4.743, 5.845, 5.745, 5.483, 5.041, 4.652, 5.069, 4.937, 4.347, 3.668, 2.791, 1.691, 0.0, 1.112, 0.734, 1.649, 3.014, 4.934, 7.238, 9.79, 9.882, 7.432, 6.249, 6.531, 5.892, 5.318, 5.557, 5.217, 4.972, 5.006, 4.858, 4.789, 4.484, 4.583, 5.032, 4.803, 4.417, 4.172, 4.617, 4.745, 4.881, 5.506, 5.662, 6.194], [15.185, 15.409, 15.84, 17.221, 18.516, 17.634, 16.686, 15.617, 13.76, 12.951, 13.487, 13.122, 12.204, 10.901, 11.905, 12.972, 12.895, 12.383, 11.397, 11.135, 11.331, 12.533, 11.427, 9.857, 8.991, 7.741, 6.465, 5.691, 5.557, 6.014, 6.615, 7.461, 7.785, 8.047, 8.464, 8.008, 7.067, 6.538, 5.699, 5.033, 5.506, 5.134, 5.747, 6.857, 6.757, 6.496, 6.054, 5.655, 6.072, 5.94, 5.349, 4.672, 3.738, 2.731, 1.112, 0.0, 1.018, 2.471, 4.002, 5.937, 8.241, 10.793, 10.886, 8.448, 7.252, 7.581, 6.888, 6.32, 6.532, 6.114, 5.676, 5.643, 5.518, 5.512, 5.2, 5.305, 5.658, 5.438, 5.025, 4.694, 5.139, 5.238, 5.436, 6.077, 6.269, 6.819], [14.269, 14.483, 14.915, 16.303, 17.599, 16.708, 15.768, 14.696, 12.849, 12.035, 12.571, 12.209, 11.267, 9.954, 10.954, 12.021, 11.944, 11.432, 10.441, 10.184, 10.38, 11.575, 10.491, 8.927, 8.066, 6.785, 5.53, 4.81, 4.622, 5.073, 5.67, 6.511, 6.83, 7.089, 7.513, 7.057, 6.116, 5.595, 4.756, 4.09, 4.595, 4.254, 4.825, 5.909, 5.81, 5.55, 5.11, 4.703, 5.092, 4.98, 4.426, 3.804, 2.932, 1.923, 0.734, 1.018, 0.0, 1.508, 3.051, 4.985, 7.28, 9.833, 9.935, 7.501, 6.291, 6.63, 5.937, 5.367, 5.58, 5.251, 5.098, 5.17, 4.971, 4.913, 4.601, 4.806, 5.255, 5.063, 4.664, 4.342, 4.83, 4.923, 5.103, 5.741, 5.926, 6.393], [12.926, 13.132, 13.539, 14.979, 16.267, 15.363, 14.44, 13.351, 11.557, 10.736, 11.209, 10.879, 9.964, 8.571, 9.492, 10.559, 10.487, 9.97, 8.978, 8.721, 8.918, 10.109, 9.056, 7.59, 6.734, 5.52, 4.359, 3.727, 3.56, 3.943, 4.468, 5.179, 5.484, 5.704, 6.068, 5.61, 4.679, 4.188, 3.359, 2.911, 3.546, 3.123, 3.592, 4.513, 4.422, 4.159, 3.707, 3.25, 3.634, 3.511, 2.99, 2.61, 2.005, 1.524, 1.649, 2.471, 1.508, 0.0, 1.61, 3.523, 5.784, 8.336, 8.464, 6.078, 5.005, 5.318, 4.717, 4.22, 4.633, 4.734, 4.93, 5.067, 4.766, 4.512, 4.252, 4.679, 5.171, 5.187, 4.846, 4.809, 5.162, 5.2, 5.307, 5.922, 6.071, 6.384], [11.412, 11.759, 12.114, 13.472, 14.711, 13.898, 12.997, 11.875, 10.071, 9.262, 9.652, 9.357, 8.46, 7.071, 7.912, 9.0, 8.912, 8.401, 7.436, 7.143, 7.354, 8.569, 7.591, 6.225, 5.371, 4.149, 3.118, 2.583, 2.557, 2.948, 3.241, 3.898, 4.095, 4.269, 4.504, 4.035, 3.108, 2.786, 2.17, 1.843, 2.451, 2.07, 2.236, 3.024, 2.923, 2.686, 2.316, 1.845, 2.152, 2.073, 1.821, 1.897, 1.815, 2.134, 3.014, 4.002, 3.051, 1.61, 0.0, 1.987, 4.274, 6.827, 6.953, 4.597, 4.151, 4.332, 3.779, 3.405, 4.041, 4.265, 4.551, 4.753, 4.544, 4.183, 3.899, 4.288, 4.775, 4.89, 4.721, 4.878, 5.051, 5.184, 5.145, 5.606, 5.734, 6.019], [9.592, 9.937, 10.253, 11.565, 12.852, 12.011, 11.11, 9.968, 8.257, 7.472, 7.835, 7.544, 6.662, 5.238, 6.014, 7.051, 6.992, 6.447, 5.465, 5.199, 5.395, 6.599, 5.684, 4.441, 3.586, 2.406, 1.63, 1.83, 1.796, 1.883, 2.001, 2.318, 2.418, 2.514, 2.642, 2.254, 1.423, 1.462, 1.14, 1.38, 1.454, 1.303, 0.867, 1.295, 1.208, 1.029, 0.925, 1.097, 1.136, 1.029, 1.318, 1.813, 2.525, 3.352, 4.934, 5.937, 4.985, 3.523, 1.987, 0.0, 2.311, 4.856, 5.013, 3.006, 2.8, 2.998, 2.407, 2.167, 2.934, 3.414, 3.815, 4.111, 3.89, 3.442, 3.198, 3.669, 4.037, 4.252, 4.514, 4.692, 4.753, 4.819, 4.71, 5.003, 5.078, 5.104], [7.712, 8.233, 8.307, 9.468, 10.73, 9.86, 8.958, 7.884, 6.283, 5.633, 5.992, 5.662, 4.699, 3.46, 4.039, 4.887, 4.81, 4.217, 3.202, 2.991, 3.16, 4.345, 3.579, 2.634, 1.984, 1.416, 2.127, 2.988, 3.021, 2.408, 1.972, 1.647, 1.527, 1.493, 1.204, 1.397, 1.71, 2.235, 2.648, 3.275, 2.913, 3.286, 2.606, 1.566, 1.667, 1.788, 2.281, 2.74, 2.425, 2.523, 3.096, 3.761, 4.578, 5.633, 7.238, 8.241, 7.28, 5.784, 4.274, 2.311, 0.0, 2.582, 2.762, 1.736, 1.951, 2.04, 1.936, 2.255, 2.679, 2.972, 3.482, 3.926, 4.074, 3.514, 3.687, 3.764, 3.821, 4.371, 5.56, 6.114, 5.778, 5.644, 5.079, 4.69, 4.582, 4.275], [5.714, 6.206, 6.232, 7.192, 8.408, 7.618, 6.733, 5.688, 4.283, 3.825, 3.926, 3.63, 2.684, 1.966, 2.137, 2.426, 2.435, 2.101, 2.053, 1.813, 1.572, 2.104, 2.13, 2.261, 2.111, 3.129, 4.545, 5.445, 5.533, 4.936, 4.291, 3.546, 3.274, 3.118, 2.469, 2.858, 3.821, 4.36, 5.175, 5.81, 5.41, 5.817, 5.144, 4.035, 4.161, 4.323, 4.806, 5.275, 4.96, 5.058, 5.631, 6.296, 7.127, 8.185, 9.79, 10.793, 9.833, 8.336, 6.827, 4.856, 2.582, 0.0, 1.246, 2.519, 3.679, 3.547, 4.12, 4.72, 4.577, 4.842, 5.308, 5.592, 5.79, 5.571, 5.878, 6.058, 6.119, 6.808, 8.049, 8.649, 8.243, 8.005, 7.552, 6.686, 6.233, 5.1], [5.328, 5.93, 5.948, 6.872, 8.109, 7.217, 6.364, 5.321, 3.811, 3.299, 3.578, 3.271, 2.345, 1.778, 1.727, 2.415, 2.332, 1.865, 1.897, 1.878, 1.736, 2.007, 1.694, 2.185, 2.189, 3.268, 4.667, 5.564, 5.66, 5.046, 4.394, 3.732, 3.464, 3.338, 2.634, 2.976, 3.932, 4.48, 5.296, 5.928, 5.418, 5.848, 5.162, 4.078, 4.161, 4.434, 4.913, 5.315, 4.992, 5.089, 5.679, 6.362, 7.25, 8.282, 9.882, 10.886, 9.935, 8.464, 6.953, 5.013, 2.762, 1.246, 0.0, 2.543, 3.75, 3.576, 4.093, 4.734, 4.546, 4.86, 5.385, 5.668, 5.88, 5.696, 5.97, 6.147, 6.17, 6.989, 8.171, 8.742, 8.331, 8.093, 7.635, 6.807, 6.29, 5.15], [7.158, 7.677, 7.872, 9.033, 10.274, 9.367, 8.455, 7.433, 5.612, 5.019, 5.474, 5.179, 4.136, 3.022, 3.747, 4.669, 4.603, 3.985, 3.122, 2.901, 2.99, 4.101, 3.068, 1.836, 1.302, 1.302, 2.532, 3.298, 3.297, 2.626, 2.077, 1.591, 1.396, 1.609, 1.581, 1.818, 2.201, 2.473, 2.969, 3.504, 3.116, 3.586, 3.24, 2.641, 2.671, 2.803, 3.128, 3.353, 3.17, 3.193, 3.531, 3.95, 4.835, 5.829, 7.432, 8.448, 7.501, 6.078, 4.597, 3.006, 1.736, 2.519, 2.543, 0.0, 1.746, 1.717, 1.838, 2.361, 2.285, 2.536, 3.123, 3.64, 3.749, 3.429, 3.686, 3.719, 3.747, 4.534, 5.749, 6.288, 5.901, 5.729, 5.244, 4.413, 4.135, 3.259], [8.266, 8.719, 9.015, 10.238, 11.42, 10.541, 9.616, 8.518, 6.768, 6.051, 6.612, 6.249, 5.304, 4.113, 4.933, 5.871, 5.764, 5.153, 4.15, 3.896, 4.095, 5.284, 4.249, 2.873, 2.152, 1.698, 2.086, 2.619, 2.516, 1.809, 1.453, 1.43, 1.575, 1.557, 1.815, 2.345, 2.416, 2.76, 2.6, 2.964, 2.735, 3.183, 3.086, 2.596, 2.538, 2.657, 2.981, 3.186, 2.985, 3.146, 3.218, 3.204, 3.692, 4.645, 6.249, 7.252, 6.291, 5.005, 4.151, 2.8, 1.951, 3.679, 3.75, 1.746, 0.0, 0.743, 0.961, 1.252, 1.599, 1.843, 2.381, 2.953, 3.165, 2.636, 2.756, 2.728, 2.709, 3.478, 4.559, 5.107, 4.742, 4.583, 4.122, 3.594, 3.518, 3.038], [8.071, 8.58, 8.816, 9.959, 11.067, 10.244, 9.331, 8.261, 6.507, 5.901, 6.411, 6.074, 5.013, 3.935, 4.693, 5.621, 5.503, 4.869, 3.878, 3.577, 3.818, 5.002, 3.964, 2.669, 2.08, 1.907, 2.265, 2.802, 2.725, 1.979, 1.619, 1.773, 1.863, 1.818, 2.01, 2.692, 2.718, 3.022, 2.789, 3.154, 2.952, 3.386, 3.251, 2.764, 2.713, 2.825, 3.159, 3.378, 3.18, 3.337, 3.409, 3.449, 4.0, 4.932, 6.531, 7.581, 6.63, 5.318, 4.332, 2.998, 2.04, 3.547, 3.576, 1.717, 0.743, 0.0, 1.076, 1.47, 1.79, 2.115, 2.696, 3.144, 3.38, 2.762, 2.92, 3.011, 3.09, 3.617, 4.795, 5.397, 5.027, 4.805, 4.379, 3.781, 3.674, 3.186], [8.734, 9.21, 9.472, 10.6, 11.809, 10.846, 9.952, 8.911, 7.188, 6.551, 7.097, 6.737, 5.734, 4.641, 5.428, 6.35, 6.258, 5.601, 4.531, 4.333, 4.549, 5.689, 4.58, 3.117, 2.5, 1.745, 1.