[[0.0, 0.724, 0.985, 1.198, 1.87, 2.803, 2.122, 3.331, 4.578, 6.041, 7.177, 7.21, 7.106, 7.176, 7.536, 7.767, 7.469, 6.966, 6.499, 6.176, 5.842, 5.635, 6.299, 5.973, 5.365, 5.134, 5.195, 5.457, 4.828, 5.109, 5.696, 5.53, 5.599, 6.193, 6.64, 6.427, 5.779, 5.74, 6.094, 6.641, 6.654, 5.929, 4.709, 2.969, 2.441, 4.039, 4.876, 4.798, 4.985, 5.396, 5.027, 2.102, 2.934, 2.869, 3.086, 2.809, 2.674, 2.846, 2.868, 3.584, 5.239, 6.882, 7.337, 8.002, 8.382, 8.105, 8.083, 8.127, 8.279, 8.313, 8.256, 8.625, 8.494, 8.006, 7.435, 7.071, 6.8, 6.444, 5.855, 5.768, 5.259, 4.791, 4.734, 4.945, 4.943, 4.083], [0.724, 0.0, 0.755, 0.964, 1.518, 2.489, 1.771, 2.982, 4.328, 5.67, 6.813, 6.843, 6.742, 6.815, 7.176, 7.419, 7.144, 6.617, 6.171, 5.857, 5.481, 5.366, 6.001, 5.632, 4.997, 4.819, 4.944, 5.093, 4.541, 4.893, 5.44, 5.286, 5.507, 6.148, 6.565, 6.282, 5.683, 5.57, 5.958, 6.493, 6.526, 5.687, 4.425, 2.677, 2.207, 3.788, 4.677, 4.567, 4.732, 5.152, 4.794, 1.924, 2.685, 2.56, 2.776, 2.551, 2.411, 2.577, 2.564, 3.337, 5.094, 6.811, 7.169, 7.721, 8.178, 7.913, 7.906, 7.954, 8.064, 8.05, 7.962, 8.37, 8.262, 7.743, 7.191, 6.803, 6.502, 6.113, 5.47, 5.397, 4.891, 4.429, 4.337, 4.646, 4.629, 3.813], [0.985, 0.755, 0.0, 0.825, 1.576, 2.638, 1.63, 2.765, 4.138, 5.459, 6.655, 6.674, 6.492, 6.591, 6.916, 7.204, 6.942, 6.45, 5.976, 5.689, 5.232, 5.283, 5.863, 5.505, 4.753, 4.691, 4.833, 5.115, 4.621, 4.893, 5.387, 5.15, 5.439, 6.166, 6.583, 6.142, 5.501, 5.452, 5.827, 6.222, 6.308, 5.515, 4.187, 2.503, 2.416, 4.0, 4.854, 4.748, 4.94, 5.296, 4.945, 2.189, 2.455, 2.438, 2.663, 2.403, 2.312, 2.487, 2.534, 3.357, 4.838, 6.722, 7.028, 7.5, 7.993, 7.711, 7.677, 7.727, 7.871, 7.876, 7.751, 8.182, 8.073, 7.547, 7.005, 6.613, 6.292, 5.897, 5.279, 5.21, 4.789, 4.381, 4.281, 4.528, 4.571, 3.916], [1.198, 0.964, 0.825, 0.0, 1.617, 2.714, 1.877, 2.824, 4.108, 5.413, 6.624, 6.632, 6.412, 6.506, 6.878, 7.108, 6.821, 6.344, 5.955, 5.653, 5.223, 5.396, 5.867, 5.498, 4.697, 4.664, 4.908, 5.356, 4.893, 4.954, 5.463, 5.239, 5.353, 6.01, 6.414, 6.016, 5.567, 5.373, 5.687, 6.128, 6.193, 5.396, 4.131, 2.634, 2.701, 4.353, 5.192, 5.084, 5.229, 5.501, 5.12, 2.397, 2.515, 2.707, 2.607, 2.509, 2.538, 2.621, 2.811, 3.456, 4.81, 6.548, 6.869, 7.302, 7.836, 7.565, 7.617, 7.632, 7.789, 7.764, 7.717, 8.069, 7.928, 7.464, 6.878, 6.505, 6.166, 5.781, 5.221, 5.164, 4.965, 4.632, 4.483, 4.712, 4.741, 4.35], [1.87, 1.518, 1.576, 1.617, 0.0, 1.3, 1.786, 3.339, 4.534, 6.008, 6.76, 6.675, 6.715, 6.907, 7.425, 7.751, 7.637, 7.294, 6.946, 6.512, 5.541, 5.296, 5.812, 5.476, 4.947, 4.844, 4.866, 5.051, 4.804, 5.569, 5.634, 5.568, 6.272, 7.335, 7.741, 7.327, 6.658, 6.619, 7.034, 7.422, 7.489, 6.562, 5.169, 3.088, 2.002, 3.397, 4.113, 4.02, 4.128, 4.394, 3.947, 1.88, 2.785, 2.507, 2.678, 2.476, 2.273, 2.46, 2.432, 3.723, 6.073, 7.699, 8.052, 8.223, 8.844, 8.678, 8.793, 8.787, 8.942, 8.519, 8.337, 8.797, 8.688, 8.152, 7.626, 7.228, 6.877, 6.383, 5.564, 5.382, 4.671, 4.238, 4.097, 4.56, 4.658, 3.831], [2.803, 2.489, 2.638, 2.714, 1.3, 0.0, 2.24, 3.899, 5.23, 6.655, 6.885, 6.797, 6.889, 7.065, 7.628, 8.058, 8.244, 7.938, 7.636, 7.209, 6.158, 5.681, 6.136, 5.692, 5.804, 5.59, 5.52, 5.762, 5.568, 6.563, 6.499, 6.605, 7.265, 8.319, 8.739, 8.336, 7.688, 7.677, 8.055, 8.38, 8.476, 7.51, 6.098, 4.071, 2.375, 2.896, 3.601, 3.563, 3.65, 3.93, 3.463, 2.02, 3.364, 2.802, 3.066, 2.921, 2.767, 2.95, 2.976, 4.652, 7.112, 8.643, 8.909, 8.842, 9.684, 9.546, 9.645, 9.651, 9.782, 9.219, 8.759, 8.981, 8.976, 8.641, 8.181, 7.789, 7.363, 6.827, 5.932, 5.65, 4.822, 4.268, 4.228, 4.828, 5.04, 3.461], [2.122, 1.771, 1.63, 1.877, 1.786, 2.24, 0.0, 1.91, 3.357, 4.793, 5.406, 5.414, 5.247, 5.386, 5.827, 6.279, 6.325, 5.941, 5.603, 5.188, 4.369, 4.264, 4.802, 4.295, 4.082, 3.897, 4.009, 4.296, 4.142, 4.671, 4.69, 4.789, 5.405, 6.293, 6.723, 6.325, 5.724, 5.684, 6.002, 6.45, 6.512, 5.585, 4.161, 2.277, 2.287, 3.752, 4.376, 4.475, 4.67, 4.98, 4.655, 2.202, 1.701, 1.53, 1.977, 1.81, 1.512, 1.563, 1.629, 2.974, 5.135, 6.659, 6.887, 6.819, 7.645, 7.595, 7.747, 7.726, 7.91, 7.46, 7.076, 7.322, 7.312, 6.925, 6.422, 5.994, 5.602, 5.087, 4.296, 4.037, 3.397, 3.073, 2.956, 3.403, 3.526, 3.029], [3.331, 2.982, 2.765, 2.824, 3.339, 3.899, 1.91, 0.0, 1.785, 3.193, 3.967, 4.033, 3.859, 3.952, 4.33, 4.711, 4.663, 4.169, 3.775, 3.402, 2.872, 2.872, 3.439, 2.918, 2.531, 2.456, 2.582, 3.125, 3.086, 3.088, 3.278, 3.276, 3.806, 4.558, 4.929, 4.599, 4.023, 3.986, 4.274, 4.75, 4.844, 3.88, 2.569, 1.431, 3.474, 4.853, 5.475, 5.551, 5.716, 6.191, 5.923, 3.398, 1.74, 2.04, 2.541, 2.444, 2.189, 2.083, 1.83, 1.695, 3.34, 4.843, 5.036, 5.101, 5.909, 5.858, 6.053, 6.048, 6.158, 5.93, 5.552, 5.731, 5.709, 5.379, 4.864, 4.41, 4.061, 3.595, 2.86, 2.65, 2.339, 2.319, 2.117, 2.125, 2.361, 3.493], [4.578, 4.328, 4.138, 4.108, 4.534, 5.23, 3.357, 1.785, 0.0, 1.872, 2.782, 2.892, 2.636, 2.803, 3.205, 3.471, 3.378, 3.081, 2.786, 2.491, 1.791, 1.639, 2.116, 1.699, 1.39, 1.27, 1.556, 2.252, 2.434, 2.23, 1.992, 1.958, 2.399, 3.239, 3.616, 3.248, 2.689, 2.613, 3.018, 3.478, 3.558, 2.61, 1.845, 2.282, 4.231, 5.429, 6.031, 6.191, 6.334, 7.017, 6.784, 4.348, 2.329, 2.857, 2.762, 2.95, 2.86, 2.848, 2.699, 1.821, 2.542, 3.905, 4.073, 4.3, 4.639, 4.566, 4.796, 4.767, 4.796, 4.476, 4.22, 4.447, 4.305, 3.879, 3.46, 3.125, 2.878, 2.528, 2.052, 1.95, 2.247, 2.783, 2.622, 1.933, 1.927, 4.33], [6.041, 5.67, 5.459, 5.413, 6.008, 6.655, 4.793, 3.193, 1.872, 0.0, 1.444, 1.616, 1.587, 1.423, 1.722, 1.864, 1.788, 1.715, 1.486, 1.325, 1.262, 1.479, 1.9, 1.778, 1.558, 1.644, 1.99, 2.297, 2.442, 1.836, 1.564, 1.553, 1.576, 1.974, 2.28, 2.085, 1.718, 1.51, 1.783, 2.115, 2.289, 1.788, 2.141, 3.568, 5.802, 6.905, 7.493, 7.615, 7.794, 8.375, 8.184, 5.843, 3.609, 4.184, 4.245, 4.459, 4.383, 4.317, 4.148, 3.179, 2.285, 3.28, 3.113, 3.24, 3.636, 3.506, 3.721, 3.672, 3.696, 3.333, 2.937, 3.188, 3.081, 2.714, 2.27, 1.955, 1.755, 1.619, 1.64, 1.966, 2.833, 3.45, 3.236, 2.566, 2.383, 5.699], [7.177, 6.813, 6.655, 6.624, 6.76, 6.885, 5.406, 3.967, 2.782, 1.444, 0.0, 0.946, 1.167, 1.056, 1.338, 1.603, 1.995, 1.832, 1.609, 1.512, 1.652, 1.838, 2.165, 2.027, 2.135, 2.172, 2.421, 2.771, 2.966, 2.34, 2.042, 2.144, 2.076, 2.307, 2.717, 2.37, 2.269, 2.32, 2.429, 2.558, 2.647, 2.623, 3.3, 4.516, 6.464, 7.425, 7.98, 8.136, 8.309, 8.918, 8.691, 6.483, 4.464, 4.54, 4.725, 5.046, 5.023, 4.919, 4.825, 3.976, 2.898, 3.736, 3.568, 3.416, 4.027, 3.909, 4.137, 4.101, 4.084, 3.579, 3.0, 2.87, 2.914, 2.865, 2.392, 2.267, 2.067, 2.119, 2.008, 2.159, 2.924, 3.766, 3.482, 2.909, 2.759, 6.211], [7.21, 6.843, 6.674, 6.632, 6.675, 6.797, 5.414, 4.033, 2.892, 1.616, 0.946, 0.0, 1.026, 1.021, 1.351, 1.769, 2.033, 1.953, 1.87, 1.787, 1.762, 1.75, 1.841, 1.919, 2.087, 2.227, 2.417, 2.783, 3.009, 2.538, 2.243, 2.387, 2.384, 2.557, 2.92, 2.48, 2.463, 2.517, 2.66, 2.779, 2.922, 2.755, 3.375, 4.533, 6.316, 7.062, 7.641, 7.821, 8.008, 8.627, 8.434, 6.311, 4.586, 4.492, 4.514, 4.934, 4.9, 4.782, 4.72, 3.977, 2.893, 3.585, 3.465, 3.298, 3.905, 3.748, 3.96, 3.901, 3.942, 3.316, 2.766, 2.915, 2.833, 2.704, 2.298, 2.154, 2.064, 2.116, 1.906, 2.004, 2.639, 3.492, 3.277, 2.747, 2.613, 5.952], [7.106, 6.742, 6.492, 6.412, 6.715, 6.889, 5.247, 3.859, 2.636, 1.587, 1.167, 1.026, 0.0, 0.745, 1.135, 1.539, 1.819, 1.726, 1.621, 1.558, 1.584, 1.838, 2.174, 2.127, 2.16, 2.258, 2.649, 3.012, 3.251, 2.695, 2.346, 2.463, 2.357, 2.484, 2.673, 2.455, 2.291, 2.387, 2.544, 2.603, 2.751, 2.591, 3.161, 4.474, 6.524, 7.388, 7.971, 8.147, 8.343, 8.923, 8.709, 6.463, 4.397, 4.591, 4.689, 5.044, 4.984, 4.859, 4.882, 3.987, 2.731, 3.485, 3.347, 3.104, 3.752, 3.618, 3.838, 3.769, 3.776, 3.152, 2.633, 2.621, 2.586, 2.442, 2.115, 1.963, 1.91, 1.963, 1.862, 1.918, 2.775, 3.609, 3.363, 2.863, 2.675, 6.179], [7.176, 6.815, 6.591, 6.506, 6.907, 7.065, 5.386, 3.952, 2.803, 1.423, 1.056, 1.021, 0.745, 0.0, 0.739, 1.31, 1.588, 1.513, 1.497, 1.533, 1.697, 1.971, 2.274, 2.359, 2.259, 2.401, 2.788, 3.182, 3.419, 2.67, 2.46, 2.564, 2.392, 2.241, 2.452, 2.284, 2.275, 2.318, 2.416, 2.346, 2.531, 2.446, 3.131, 4.58, 6.767, 7.637, 8.197, 8.41, 8.599, 9.187, 8.945, 6.711, 4.52, 4.823, 4.893, 5.271, 5.164, 5.083, 5.114, 4.148, 2.586, 3.326, 3.123, 2.875, 3.533, 3.415, 3.618, 3.532, 3.566, 2.946, 2.376, 2.261, 2.267, 2.156, 1.817, 1.628, 1.603, 1.674, 1.73, 1.993, 2.983, 3.774, 3.541, 3.032, 2.842, 6.391], [7.536, 7.176, 6.916, 6.878, 7.425, 7.628, 5.827, 4.33, 3.205, 1.722, 1.338, 1.351, 1.135, 0.739, 0.0, 0.853, 1.247, 1.305, 1.604, 1.763, 2.087, 2.502, 2.834, 2.848, 2.758, 2.844, 3.227, 3.602, 3.857, 2.964, 2.76, 2.893, 2.671, 2.208, 2.212, 2.015, 2.404, 2.426, 2.364, 2.267, 2.42, 2.415, 3.327, 4.958, 7.25, 8.102, 8.643, 8.849, 9.034, 9.618, 9.411, 7.138, 4.884, 5.286, 5.415, 5.821, 5.704, 5.579, 5.641, 4.626, 2.625, 2.963, 2.738, 2.473, 3.125, 2.99, 3.207, 3.138, 3.172, 2.593, 2.205, 2.127, 2.146, 2.002, 1.712, 1.605, 1.715, 1.941, 2.213, 2.565, 3.569, 4.395, 4.138, 3.612, 3.413, 6.95], [7.767, 7.419, 7.204, 7.108, 7.751, 8.058, 6.279, 4.711, 3.471, 1.864, 1.603, 1.769, 1.539, 1.31, 0.853, 0.0, 0.827, 1.149, 1.614, 1.978, 2.402, 2.8, 3.239, 3.244, 3.084, 3.205, 3.497, 3.82, 4.032, 3.135, 2.884, 2.992, 2.763, 2.138, 1.996, 2.027, 2.516, 2.412, 2.264, 2.106, 2.086, 2.33, 3.4, 5.256, 7.533, 8.458, 9.017, 9.167, 9.353, 9.914, 9.777, 7.446, 5.146, 5.619, 5.772, 6.12, 6.041, 5.939, 5.903, 4.922, 2.808, 2.757, 2.445, 2.15, 2.757, 2.594, 2.814, 2.749, 2.783, 2.267, 2.146, 2.109, 2.108, 1.91, 1.397, 1.393, 1.546, 1.903, 2.521, 3.058, 4.134, 4.924, 4.674, 4.011, 3.739, 7.32], [7.469, 7.144, 6.942, 6.821, 7.637, 8.244, 6.325, 4.663, 3.378, 1.788, 1.995, 2.033, 1.819, 1.588, 1.247, 0.827, 0.0, 0.842, 1.366, 1.83, 2.367, 2.819, 3.312, 3.289, 3.047, 3.197, 3.521, 3.734, 3.968, 3.018, 2.817, 2.917, 2.659, 1.805, 1.616, 1.762, 2.281, 2.143, 1.873, 1.694, 1.656, 1.929, 3.131, 5.083, 7.417, 8.485, 9.042, 9.19, 9.37, 9.947, 9.771, 7.407, 5.124, 5.709, 5.823, 6.119, 6.039, 5.944, 5.807, 4.837, 2.509, 2.326, 2.036, 1.901, 2.31, 2.15, 2.435, 2.361, 2.335, 2.087, 2.013, 2.123, 2.003, 1.694, 1.257, 1.172, 1.437, 1.948, 2.594, 3.214, 4.282, 5.026, 4.817, 4.094, 3.803, 7.375], [6.966, 6.617, 6.45, 6.344, 7.294, 7.938, 5.941, 4.169, 3.081, 1.715, 1.832, 1.953, 1.726, 1.513, 1.305, 1.149, 0.842, 0.0, 0.823, 1.295, 2.027, 2.62, 3.109, 3.013, 2.568, 2.835, 3.193, 3.372, 3.532, 2.522, 2.588, 2.589, 2.237, 1.557, 1.484, 1.652, 1.978, 1.863, 1.617, 1.397, 1.466, 1.681, 2.761, 4.676, 7.113, 8.298, 8.837, 8.957, 9.135, 9.737, 9.496, 6.938, 4.94, 5.522, 5.654, 5.952, 5.878, 5.79, 5.613, 4.507, 2.187, 2.531, 2.278, 2.208, 2.649, 2.476, 2.781, 2.694, 2.71, 2.568, 2.481, 2.493, 2.394, 2.118, 1.579, 1.471, 1.649, 2.015, 2.529, 3.046, 4.071, 4.85, 4.606, 3.965, 3.666, 7.233], [6.499, 6.171, 5.976, 5.955, 6.946, 7.636, 5.603, 3.775, 2.786, 1.486, 1.609, 1.87, 1.621, 1.497, 1.604, 1.614, 1.366, 0.823, 0.0, 0.704, 1.668, 2.356, 2.841, 2.683, 2.259, 2.428, 2.855, 3.002, 3.034, 2.019, 2.226, 2.169, 1.727, 1.293, 1.587, 1.573, 1.562, 1.531, 1.488, 1.419, 1.459, 1.641, 2.579, 4.303, 6.815, 7.996, 8.545, 8.659, 8.821, 9.376, 9.168, 6.51, 4.605, 5.234, 5.386, 5.665, 5.605, 5.498, 5.349, 4.102, 2.274, 2.838, 2.618, 2.797, 3.142, 2.966, 3.241, 3.226, 3.211, 3.116, 2.84, 2.854, 2.819, 2.569, 2.071, 1.859, 1.845, 2.054, 2.325, 2.778, 3.768, 4.564, 4.326, 3.702, 3.399, 6.922], [6.176, 5.857, 5.689, 5.653, 6.512, 7.209, 5.188, 3.402, 2.491, 1.325, 1.512, 1.787, 1.558, 1.533, 1.763, 1.978, 1.83, 1.295, 0.704, 0.0, 1.307, 2.023, 2.502, 2.357, 1.903, 2.098, 2.508, 2.663, 2.573, 1.604, 1.866, 1.876, 1.403, 1.526, 1.873, 1.842, 1.623, 1.679, 1.619, 1.743, 1.849, 1.756, 2.501, 3.898, 6.458, 7.637, 8.194, 8.298, 8.459, 8.977, 8.757, 6.065, 4.248, 4.883, 5.03, 5.324, 5.251, 5.141, 4.992, 3.701, 2.375, 3.191, 2.967, 3.158, 3.623, 3.47, 3.737, 3.732, 3.738, 3.648, 3.349, 3.363, 3.284, 3.072, 2.572, 2.268, 2.188, 2.154, 2.136, 2.416, 3.365, 4.125, 3.879, 3.306, 3.044, 6.559], [5.842, 5.481, 5.232, 5.223, 5.541, 6.158, 4.369, 2.872, 1.791, 1.262, 1.652, 1.762, 1.584, 1.697, 2.087, 2.402, 2.367, 2.027, 1.668, 1.307, 0.0, 0.942, 1.806, 1.62, 1.472, 1.372, 1.615, 1.848, 1.98, 1.501, 1.299, 1.458, 1.65, 2.395, 2.737, 2.497, 2.038, 2.105, 2.256, 2.506, 2.556, 2.066, 2.234, 3.168, 5.422, 6.579, 7.121, 7.215, 7.398, 7.965, 7.656, 5.281, 3.471, 3.925, 4.036, 4.256, 4.188, 4.107, 3.978, 2.761, 2.813, 3.77, 3.667, 3.675, 4.242, 4.064, 4.298, 4.204, 4.252, 3.877, 3.626, 3.796, 3.7, 3.376, 2.895, 2.569, 2.391, 2.146, 1.759, 1.852, 2.317, 3.09, 2.888, 2.331, 2.008, 5.5], [5.635, 5.366, 5.283, 5.396, 5.296, 5.681, 4.264, 2.872, 1.639, 1.479, 1.838, 1.75, 1.838, 1.971, 2.502, 2.8, 2.819, 2.62, 2.356, 2.023, 0.942, 0.0, 1.228, 1.193, 1.457, 1.27, 1.321, 1.731, 1.94, 1.723, 1.33, 1.559, 2.077, 2.951, 3.332, 3.001, 2.476, 2.514, 2.769, 3.038, 3.138, 2.372, 2.382, 3.089, 4.839, 5.871, 6.429, 6.589, 6.79, 7.494, 7.33, 5.057, 3.338, 3.357, 3.526, 3.701, 3.466, 3.375, 3.289, 2.472, 2.994, 4.003, 3.977, 4.041, 4.433, 4.299, 4.481, 4.387, 4.472, 3.971, 3.575, 3.79, 3.709, 3.314, 2.858, 2.559, 2.334, 2.115, 1.635, 1.664, 1.883, 2.519, 2.383, 1.76, 1.566, 4.705], [6.299, 6.001, 5.863, 5.867, 5.812, 6.136, 4.802, 3.439, 2.116, 1.9, 2.165, 1.841, 2.174, 2.274, 2.834, 3.239, 3.312, 3.109, 2.841, 2.502, 1.806, 1.228, 0.0, 0.877, 1.734, 1.592, 1.644, 2.202, 2.485, 2.312, 1.987, 2.077, 2.439, 3.339, 3.765, 3.491, 2.935, 2.904, 3.168, 3.462, 3.585, 2.734, 2.654, 3.607, 4.956, 5.597, 6.116, 6.425, 6.64, 7.479, 7.382, 5.574, 3.888, 3.903, 3.657, 3.911, 3.893, 3.73, 3.674, 3.023, 3.172, 4.187, 4.308, 4.425, 4.851, 4.685, 4.827, 4.738, 4.851, 4.279, 3.63, 3.934, 3.854, 3.442, 3.17, 2.838, 2.466, 2.132, 1.705, 1.64, 1.895, 2.662, 2.63, 1.962, 2.059, 4.442], [5.973, 5.632, 5.505, 5.498, 5.476, 5.692, 4.295, 2.918, 1.699, 1.778, 2.027, 1.919, 2.127, 2.359, 2.848, 3.244, 3.289, 3.013, 2.683, 2.357, 1.62, 1.193, 0.877, 0.0, 1.406, 1.282, 1.496, 2.081, 2.329, 2.285, 1.94, 1.897, 2.483, 3.396, 3.802, 3.435, 2.849, 2.823, 3.132, 3.523, 3.61, 2.804, 2.649, 3.281, 4.731, 5.572, 6.135, 6.322, 6.528, 7.279, 7.105, 5.219, 3.504, 3.592, 3.501, 3.705, 3.711, 3.517, 3.403, 2.695, 3.192, 4.29, 4.33, 4.366, 4.867, 4.724, 4.913, 4.856, 4.92, 4.462, 3.978, 4.205, 4.138, 3.792, 3.397, 3.064, 2.771, 2.482, 1.98, 1.788, 1.905, 2.607, 2.514, 1.915, 2.06, 4.393], [5.365, 4.997, 4.753, 4.697, 4.947, 5.804, 4.082, 2.531, 1.39, 1.558, 2.135, 2.087, 2.16, 2.259, 2.758, 3.084, 3.047, 2.568, 2.259, 1.903, 1.472, 1.457, 1.734, 1.406, 0.0, 0.874, 1.426, 1.97, 1.936, 1.853, 1.849, 1.614, 2.024, 2.738, 3.11, 2.741, 2.251, 2.176, 2.476, 2.889, 2.933, 2.176, 2.047, 2.731, 4.855, 6.094, 6.722, 6.784, 6.97, 7.58, 7.322, 4.649, 3.372, 3.68, 3.625, 3.791, 3.774, 3.684, 3.489, 2.242, 2.636, 3.754, 3.863, 3.935, 4.463, 4.247, 4.444, 4.382, 4.486, 4.166, 3.983, 4.236, 4.132, 3.692, 3.24, 2.886, 2.645, 2.374, 2.014, 2.075, 2.472, 3.017, 2.882, 2.397, 2.405, 5.108], [5.134, 4.819, 4.691, 4.664, 4.844, 5.59, 3.897, 2.456, 1.27, 1.644, 2.172, 2.227, 2.258, 2.401, 2.844, 3.205, 3.197, 2.835, 2.428, 2.098, 1.372, 1.27, 1.592, 1.282, 0.874, 0.0, 1.073, 1.603, 1.717, 1.538, 1.55, 1.471, 1.938, 2.874, 3.303, 2.927, 2.367, 2.311, 2.689, 3.071, 3.112, 2.344, 1.991, 2.633, 4.683, 5.855, 6.506, 6.564, 6.747, 7.409, 7.178, 4.558, 3.164, 3.436, 3.405, 3.551, 3.467, 3.397, 3.317, 2.025, 2.812, 4.035, 4.169, 4.28, 4.75, 4.503, 4.623, 4.557, 4.63, 4.252, 4.081, 4.253, 4.196, 3.782, 3.308, 2.996, 2.808, 2.532, 2.019, 1.947, 2.265, 2.843, 2.704, 2.152, 2.199, 4.863], [5.195, 4.944, 4.833, 4.908, 4.866, 5.52, 4.009, 2.582, 1.556, 1.99, 2.421, 2.417, 2.649, 2.788, 3.227, 3.497, 3.521, 3.193, 2.855, 2.508, 1.615, 1.321, 1.644, 1.496, 1.426, 1.073, 0.0, 1.132, 1.297, 1.563, 1.566, 1.673, 2.228, 3.213, 3.662, 3.387, 2.836, 2.765, 3.152, 3.424, 3.477, 2.741, 2.315, 2.788, 4.266, 5.414, 6.019, 6.115, 6.321, 7.019, 6.773, 4.481, 3.239, 3.346, 3.44, 3.447, 3.271, 3.099, 2.995, 2.159, 3.183, 4.317, 4.524, 4.701, 5.12, 4.899, 5.025, 4.972, 5.031, 4.697, 4.449, 4.656, 4.564, 4.177, 3.72, 3.449, 3.175, 2.859, 2.261, 2.178, 2.106, 2.608, 2.493, 2.17, 2.189, 4.439], [5.457, 5.093, 5.115, 5.356, 5.051, 5.762, 4.296, 3.125, 2.252, 2.297, 2.771, 2.783, 3.012, 3.182, 3.602, 3.82, 3.734, 3.372, 3.002, 2.663, 1.848, 1.731, 2.202, 2.081, 1.97, 1.603, 1.132, 0.0, 0.973, 1.677, 1.639, 1.792, 2.382, 3.389, 3.818, 3.532, 3.047, 2.969, 3.268, 3.594, 3.709, 3.074, 2.653, 3.131, 4.148, 5.12, 5.773, 5.836, 6.017, 6.67, 6.521, 4.515, 3.731, 3.773, 4.155, 4.036, 3.859, 3.664, 3.387, 2.58, 3.589, 4.74, 4.944, 5.122, 5.478, 5.228, 5.404, 5.341, 5.366, 5.075, 4.963, 5.194, 5.11, 4.68, 4.16, 3.9, 3.72, 3.442, 2.806, 2.688, 2.409, 2.481, 2.561, 2.604, 2.409, 4.223], [4.828, 4.541, 4.621, 4.893, 4.804, 5.568, 4.142, 3.086, 2.434, 2.442, 2.966, 3.009, 3.251, 3.419, 3.857, 4.032, 3.968, 3.532, 3.034, 2.573, 1.98, 1.94, 2.485, 2.329, 1.936, 1.717, 1.297, 0.973, 0.0, 1.385, 1.827, 1.766, 2.182, 3.225, 3.679, 3.353, 2.863, 2.765, 3.06, 3.475, 3.507, 2.997, 2.596, 2.951, 4.161, 5.378, 6.041, 6.098, 6.263, 6.856, 6.693, 4.065, 3.757, 3.75, 4.249, 4.048, 3.864, 3.72, 3.331, 2.522, 3.578, 4.804, 5.025, 5.286, 5.687, 5.419, 5.507, 5.473, 5.541, 5.319, 5.23, 5.496, 5.377, 4.939, 4.441, 4.151, 3.903, 3.618, 2.967, 2.885, 2.606, 2.686, 2.705, 2.729, 2.589, 4.513], [5.109, 4.893, 4.893, 4.954, 5.569, 6.563, 4.671, 3.088, 2.23, 1.836, 2.34, 2.538, 2.695, 2.67, 2.964, 3.135, 3.018, 2.522, 2.019, 1.604, 1.501, 1.723, 2.312, 2.285, 1.853, 1.538, 1.563, 1.677, 1.385, 0.0, 1.081, 1.167, 1.237, 2.077, 2.522, 2.372, 1.944, 1.926, 2.083, 2.373, 2.416, 2.038, 2.098, 3.117, 5.367, 6.562, 7.21, 7.281, 7.447, 8.101, 7.927, 5.037, 3.864, 4.228, 4.409, 4.572, 4.418, 4.412, 4.207, 2.614, 2.811, 3.963, 4.056, 4.426, 4.698, 4.427, 4.488, 4.475, 4.526, 4.459, 4.4, 4.588, 4.481, 4.072, 3.558, 3.304, 3.136, 2.9, 2.369, 2.52, 2.969, 3.557, 3.336, 2.807, 2.578, 5.724], [5.696, 5.44, 5.387, 5.463, 5.634, 6.499, 4.69, 3.278, 1.992, 1.564, 2.042, 2.243, 2.346, 2.46, 2.76, 2.884, 2.817, 2.588, 2.226, 1.866, 1.299, 1.33, 1.987, 1.94, 1.849, 1.55, 1.566, 1.639, 1.827, 1.081, 0.0, 0.8, 1.306, 2.169, 2.562, 2.273, 1.91, 1.963, 2.152, 2.478, 2.701, 2.181, 2.27, 3.187, 5.119, 6.189, 6.812, 6.963, 7.075, 7.844, 7.753, 5.283, 3.682, 4.142, 4.073, 4.143, 4.023, 4.09, 3.92, 2.447, 2.837, 4.0, 4.06, 4.368, 4.419, 4.242, 4.434, 4.413, 4.36, 4.066, 4.08, 4.312, 4.2, 3.657, 3.249, 3.107, 2.914, 2.714, 2.293, 2.344, 2.734, 3.313, 3.107, 2.527, 2.209, 5.436], [5.53, 5.286, 5.15, 5.239, 5.568, 6.605, 4.789, 3.276, 1.958, 1.553, 2.144, 2.387, 2.463, 2.564, 2.893, 2.992, 2.917, 2.589, 2.169, 1.876, 1.458, 1.559, 2.077, 1.897, 1.614, 1.471, 1.673, 1.792, 1.766, 1.167, 0.8, 0.0, 1.019, 2.016, 2.396, 2.109, 1.587, 1.583, 1.907, 2.243, 2.44, 2.01, 2.169, 2.972, 5.135, 6.224, 6.995, 7.066, 7.177, 7.857, 7.801, 5.221, 3.748, 4.194, 4.14, 4.214, 4.141, 4.152, 4.022, 2.33, 2.667, 4.045, 4.061, 4.453, 4.57, 4.256, 4.37, 4.338, 4.295, 4.104, 4.156, 4.414, 4.284, 3.752, 3.368, 3.248, 3.083, 2.885, 2.489, 2.599, 3.018, 3.565, 3.404, 2.703, 2.565, 5.502], [5.599, 5.507, 5.439, 5.353, 6.272, 7.265, 5.405, 3.806, 2.399, 1.576, 2.076, 2.384, 2.357, 2.392, 2.671, 2.763, 2.659, 2.237, 1.727, 1.403, 1.65, 2.077, 2.439, 2.483, 2.024, 1.938, 2.228, 2.382, 2.182, 1.237, 1.306, 1.019, 0.0, 1.259, 1.708, 1.491, 1.148, 1.195, 1.402, 1.811, 1.847, 1.744, 2.129, 3.463, 5.865, 7.021, 7.757, 7.838, 7.954, 8.643, 8.52, 5.668, 4.255, 4.851, 4.683, 4.821, 4.81, 4.814, 4.709, 2.918, 2.255, 3.545, 3.644, 4.209, 4.265, 3.956, 4.034, 4.077, 4.015, 3.871, 3.93, 4.203, 4.083, 3.536, 3.151, 3.026, 2.893, 2.702, 2.466, 2.741, 3.559, 4.198, 3.995, 3.272, 2.979, 6.266], [6.193, 6.148, 6.166, 6.01, 7.335, 8.319, 6.293, 4.558, 3.239, 1.974, 2.307, 2.557, 2.484, 2.241, 2.208, 2.138, 1.805, 1.557, 1.293, 1.526, 2.395, 2.951, 3.339, 3.396, 2.738, 2.874, 3.213, 3.389, 3.225, 2.077, 2.169, 2.016, 1.259, 0.0, 0.669, 0.796, 1.136, 1.134, 1.005, 1.044, 1.182, 1.447, 2.512, 4.452, 6.918, 8.094, 8.825, 8.905, 9.019, 9.713, 9.546, 6.784, 5.187, 5.882, 5.693, 5.783, 5.861, 5.866, 5.752, 3.926, 1.931, 2.7, 2.722, 3.335, 3.308, 3.024, 3.18, 3.166, 3.089, 3.136, 3.29, 3.449, 3.255, 2.792, 2.398, 2.334, 2.387, 2.554, 3.047, 3.506, 4.499, 5.19, 4.968, 4.244, 3.846, 7.319], [6.64, 6.565, 6.583, 6.414, 7.741, 8.739, 6.723, 4.929, 3.616, 2.28, 2.717, 2.92, 2.673, 2.452, 2.212, 1.996, 1.616, 1.484, 1.587, 1.873, 2.737, 3.332, 3.765, 3.802, 3.11, 3.303, 3.662, 3.818, 3.679, 2.522, 2.562, 2.396, 1.708, 0.669, 0.0, 0.879, 1.473, 1.402, 1.039, 1.088, 1.185, 1.642, 2.791, 4.845, 7.352, 8.504, 9.254, 9.337, 9.448, 10.142, 9.959, 7.214, 5.616, 6.311, 6.12, 6.201, 6.278, 6.283, 6.163, 4.333, 2.223, 2.386, 2.363, 2.988, 2.928, 2.678, 2.89, 2.889, 2.788, 2.864, 3.173, 3.387, 3.212, 2.603, 2.26, 2.244, 2.528, 2.891, 3.42, 3.918, 4.881, 5.601, 5.389, 4.659, 4.24, 7.739], [6.427, 6.282, 6.142, 6.016, 7.327, 8.336, 6.325, 4.599, 3.248, 2.085, 2.37, 2.48, 2.455, 2.284, 2.015, 2.027, 1.762, 1.652, 1.573, 1.842, 2.497, 3.001, 3.491, 3.435, 2.741, 2.927, 3.387, 3.532, 3.353, 2.372, 2.273, 2.109, 1.491, 0.796, 0.879, 0.0, 1.102, 1.008, 1.018, 1.292, 1.414, 1.703, 2.511, 4.452, 6.944, 8.135, 8.88, 8.963, 9.072, 9.764, 9.571, 6.873, 5.242, 5.932, 5.745, 5.78, 5.877, 5.894, 5.765, 3.934, 1.821, 2.529, 2.525, 3.114, 3.106, 2.817, 2.914, 2.921, 2.873, 2.891, 3.054, 3.277, 3.185, 2.661, 2.361, 2.312, 2.464, 2.813, 3.288, 3.613, 4.515, 5.2, 4.999, 4.268, 3.861, 7.33], [5.779, 5.683, 5.501, 5.567, 6.658, 7.688, 5.724, 4.023, 2.689, 1.718, 2.269, 2.463, 2.291, 2.275, 2.404, 2.516, 2.281, 1.978, 1.562, 1.623, 2.038, 2.476, 2.935, 2.849, 2.251, 2.367, 2.836, 3.047, 2.863, 1.944, 1.91, 1.587, 1.148, 1.136, 1.473, 1.102, 0.0, 0.677, 1.05, 1.464, 1.716, 1.749, 2.246, 3.73, 6.263, 7.432, 8.289, 8.324, 8.455, 9.132, 9.028, 6.265, 4.674, 5.327, 5.132, 5.228, 5.246, 5.227, 5.13, 3.283, 1.833, 3.118, 3.239, 3.897, 3.919, 3.588, 3.587, 3.545, 3.467, 3.586, 3.62, 3.826, 3.69, 3.244, 2.851, 2.733, 2.698, 2.844, 2.938, 3.228, 3.968, 4.582, 4.391, 3.659, 3.387, 6.687], [5.74, 5.57, 5.452, 5.373, 6.619, 7.677, 5.684, 3.986, 2.613, 1.51, 2.32, 2.517, 2.387, 2.318, 2.426, 2.412, 2.143, 1.863, 1.531, 1.679, 2.105, 2.514, 2.904, 2.823, 2.176, 2.311, 2.765, 2.969, 2.765, 1.926, 1.963, 1.583, 1.195, 1.134, 1.402, 1.008, 0.677, 0.0, 0.835, 1.347, 1.458, 1.468, 1.979, 3.76, 6.232, 7.427, 8.29, 8.305, 8.444, 9.113, 8.993, 6.205, 4.629, 5.307, 5.122, 5.223, 5.246, 5.217, 5.12, 3.273, 1.733, 2.999, 3.064, 3.613, 3.718, 3.354, 3.384, 3.346, 3.264, 3.375, 3.449, 3.636, 3.57, 3.015, 2.608, 2.497, 2.437, 2.656, 2.912, 3.226, 4.026, 4.619, 4.42, 3.708, 3.435, 6.679], [6.094, 5.958, 5.827, 5.687, 7.034, 8.055, 6.002, 4.274, 3.018, 1.783, 2.429, 2.66, 2.544, 2.416, 2.364, 2.264, 1.873, 1.617, 1.488, 1.619, 2.256, 2.769, 3.168, 3.132, 2.476, 2.689, 3.152, 3.268, 3.06, 2.083, 2.152, 1.907, 1.402, 1.005, 1.039, 1.018, 1.05, 0.835, 0.0, 0.874, 1.158, 1.325, 2.099, 4.039, 6.653, 7.828, 8.638, 8.685, 8.805, 9.392, 9.316, 6.541, 4.932, 5.624, 5.51, 5.64, 5.662, 5.58, 5.469, 3.764, 1.881, 2.734, 2.804, 3.359, 3.442, 3.044, 3.167, 3.114, 3.07, 3.25, 3.454, 3.696, 3.513, 3.022, 2.573, 2.504, 2.414, 2.598, 3.107, 3.446, 4.306, 4.949, 4.735, 4.006, 3.693, 7.043], [6.641, 6.493, 6.222, 6.128, 7.422, 8.38, 6.45, 4.75, 3.478, 2.115, 2.558, 2.779, 2.603, 2.346, 2.267, 2.106, 1.694, 1.397, 1.419, 1.743, 2.506, 3.038, 3.462, 3.523, 2.889, 3.071, 3.424, 3.594, 3.475, 2.373, 2.478, 2.243, 1.811, 1.044, 1.088, 1.292, 1.464, 1.347, 0.874, 0.0, 0.804, 1.384, 2.5, 4.467, 7.105, 8.224, 9.052, 9.088, 9.235, 9.755, 9.707, 7.021, 5.338, 6.036, 5.917, 6.057, 6.075, 5.997, 5.937, 4.218, 2.133, 2.986, 2.789, 3.084, 3.195, 2.862, 2.966, 2.887, 2.827, 3.064, 3.252, 3.423, 3.199, 2.816, 2.417, 2.328, 2.326, 2.58, 3.164, 3.632, 4.578, 5.27, 5.057, 4.342, 3.946, 7.457], [6.654, 6.526, 6.308, 6.193, 7.489, 8.476, 6.512, 4.844, 3.558, 2.289, 2.647, 2.922, 2.751, 2.531, 2.42, 2.086, 1.656, 1.466, 1.459, 1.849, 2.556, 3.138, 3.585, 3.61, 2.933, 3.112, 3.477, 3.709, 3.507, 2.416, 2.701, 2.44, 1.847, 1.182, 1.185, 1.414, 1.716, 1.458, 1.158, 0.804, 0.0, 1.164, 2.489, 4.597, 7.215, 8.375, 9.168, 9.19, 9.337, 9.898, 9.777, 7.027, 5.457, 6.152, 6.04, 6.17, 6.182, 6.1, 6.006, 4.281, 2.295, 2.703, 2.527, 2.786, 2.881, 2.52, 2.727, 2.668, 2.668, 2.835, 3.135, 3.315, 3.096, 2.57, 2.119, 2.1, 2.11, 2.527, 3.066, 3.635, 4.653, 5.389, 5.176, 4.444, 4.022, 7.562], [5.929, 5.687, 5.515, 5.396, 6.562, 7.51, 5.585, 3.88, 2.61, 1.788, 2.623, 2.755, 2.591, 2.446, 2.415, 2.33, 1.929, 1.681, 1.641, 1.756, 2.066, 2.372, 2.734, 2.804, 2.176, 2.344, 2.741, 3.074, 2.997, 2.038, 2.181, 2.01, 1.744, 1.447, 1.642, 1.703, 1.749, 1.468, 1.325, 1.384, 1.164, 0.0, 1.597, 3.716, 6.212, 7.432, 8.227, 8.216, 8.37, 8.979, 8.886, 6.231, 4.511, 5.212, 5.09, 5.156, 5.145, 5.069, 4.992, 3.314, 1.912, 2.59, 2.452, 2.777, 2.997, 2.718, 2.875, 2.796, 2.892, 2.942, 3.191, 3.419, 3.164, 2.626, 2.227, 1.986, 1.846, 1.824, 2.253, 2.764, 3.696, 4.383, 4.204, 3.459, 3.134, 6.528], [4.709, 4.425, 4.187, 4.131, 5.169, 6.098, 4.161, 2.569, 1.845, 2.141, 3.3, 3.375, 3.161, 3.131, 3.327, 3.4, 3.131, 2.761, 2.579, 2.501, 2.234, 2.382, 2.654, 2.649, 2.047, 1.991, 2.315, 2.653, 2.596, 2.098, 2.27, 2.169, 2.129, 2.512, 2.791, 2.511, 2.246, 1.979, 2.099, 2.5, 2.489, 1.597, 0.0, 2.225, 4.816, 6.079, 6.956, 6.931, 7.068, 7.637, 7.586, 4.971, 3.225, 3.944, 3.862, 3.852, 3.81, 3.712, 3.619, 2.167, 1.618, 3.022, 3.275, 3.716, 4.081, 3.766, 3.833, 3.807, 3.933, 3.872, 4.045, 4.448, 4.306, 3.622, 3.255, 2.939, 2.626, 2.338, 2.099, 2.166, 2.602, 3.164, 2.982, 2.353, 2.194, 5.132], [2.969, 2.677, 2.503, 2.634, 3.088, 4.071, 2.277, 1.431, 2.282, 3.568, 4.516, 4.533, 4.474, 4.58, 4.958, 5.256, 5.083, 4.676, 4.303, 3.898, 3.168, 3.089, 3.607, 3.281, 2.731, 2.633, 2.788, 3.131, 2.951, 3.117, 3.187, 2.972, 3.463, 4.452, 4.845, 4.452, 3.73, 3.76, 4.039, 4.467, 4.597, 3.716, 2.225, 0.0, 2.819, 4.167, 5.083, 5.049, 5.201, 5.655, 5.576, 2.974, 1.586, 2.01, 2.323, 2.009, 1.94, 1.87, 1.661, 1.376, 3.243, 4.976, 5.272, 5.68, 6.089, 5.776, 5.873, 5.846, 5.959, 5.88, 5.849, 6.337, 6.201, 5.582, 5.174, 4.818, 4.468, 4.039, 3.358, 3.232, 2.828, 2.526, 2.396, 2.473, 2.566, 3.182], [2.441, 2.207, 2.416, 2.701, 2.002, 2.375, 2.287, 3.474, 4.231, 5.802, 6.464, 6.316, 6.524, 6.767, 7.25, 7.533, 7.417, 7.113, 6.815, 6.458, 5.422, 4.839, 4.956, 4.731, 4.855, 4.683, 4.266, 4.148, 4.161, 5.367, 5.119, 5.135, 5.865, 6.918, 7.352, 6.944, 6.263, 6.232, 6.653, 7.105, 7.215, 6.212, 4.816, 2.819, 0.0, 1.73, 2.59, 2.556, 2.656, 3.178, 3.022, 1.615, 2.507, 2.217, 2.151, 1.825, 1.828, 1.843, 1.872, 3.315, 5.715, 7.422, 7.678, 8.072, 8.423, 8.193, 8.259, 8.247, 8.346, 7.995, 7.93, 8.449, 8.313, 7.709, 7.286, 7.018, 6.697, 6.24, 5.47, 5.256, 4.26, 3.522, 3.661, 4.174, 4.34, 2.685], [4.039, 3.788, 4.0, 4.353, 3.397, 2.896, 3.752, 4.853, 5.429, 6.905, 7.425, 7.062, 7.388, 7.637, 8.102, 8.458, 8.485, 8.298, 7.996, 7.637, 6.579, 5.871, 5.597, 5.572, 6.094, 5.855, 5.414, 5.12, 5.378, 6.562, 6.189, 6.224, 7.021, 8.094, 8.504, 8.135, 7.432, 7.427, 7.828, 8.224, 8.375, 7.432, 6.079, 4.167, 1.73, 0.0, 1.233, 1.269, 1.426, 2.223, 2.471, 2.412, 3.716, 3.276, 2.997, 2.934, 3.046, 3.082, 3.218, 4.574, 7.032, 8.726, 8.989, 9.381, 9.595, 9.328, 9.394, 9.369, 9.495, 9.007, 8.823, 9.337, 9.172, 8.554, 8.279, 8.053, 7.719, 7.283, 6.456, 6.218, 5.104, 4.411, 4.609, 5.163, 5.425, 2.465], [4.876, 4.677, 4.854, 5.192, 4.113, 3.601, 4.376, 5.475, 6.031, 7.493, 7.98, 7.641, 7.971, 8.197, 8.643, 9.017, 9.042, 8.837, 8.545, 8.194, 7.121, 6.429, 6.116, 6.135, 6.722, 6.506, 6.019, 5.773, 6.041, 7.21, 6.812, 6.995, 7.757, 8.825, 9.254, 8.88, 8.289, 8.29, 8.638, 9.052, 9.168, 8.227, 6.956, 5.083, 2.59, 1.233, 0.0, 0.856, 1.2, 1.956, 2.262, 3.032, 4.327, 3.906, 3.655, 3.698, 3.756, 3.818, 3.923, 5.523, 7.979, 9.405, 9.695, 9.986, 10.232, 10.121, 10.295, 10.308, 10.445, 9.826, 9.461, 9.913, 9.733, 9.185, 8.959, 8.691, 8.343, 7.9, 7.073, 6.818, 5.697, 5.031, 5.225, 5.803, 6.106, 2.905], [4.798, 4.567, 4.748, 5.084, 4.02, 3.563, 4.475, 5.551, 6.191, 7.615, 8.136, 7.821, 8.147, 8.41, 8.849, 9.167, 9.19, 8.957, 8.659, 8.298, 7.215, 6.589, 6.425, 6.322, 6.784, 6.564, 6.115, 5.836, 6.098, 7.281, 6.963, 7.066, 7.838, 8.905, 9.337, 8.963, 8.324, 8.305, 8.685, 9.088, 9.19, 8.216, 6.931, 5.049, 2.556, 1.269, 0.856, 0.0, 0.775, 1.575, 1.885, 3.072, 4.472, 4.029, 3.854, 3.818, 3.895, 3.875, 4.002, 5.541, 7.962, 9.451, 9.7, 10.08, 10.385, 10.191, 10.315, 10.311, 10.507, 9.912, 9.665, 10.182, 10.009, 9.49, 9.102, 8.832, 8.502, 8.06, 7.244, 7.015, 5.939, 5.228, 5.394, 5.949, 6.185, 3.18], [4.985, 4.732, 4.94, 5.229, 4.128, 3.65, 4.67, 5.716, 6.334, 7.794, 8.309, 8.008, 8.343, 8.599, 9.034, 9.353, 9.37, 9.135, 8.821, 8.459, 7.398, 6.79, 6.64, 6.528, 6.97, 6.747, 6.321, 6.017, 6.263, 7.447, 7.075, 7.177, 7.954, 9.019, 9.448, 9.072, 8.455, 8.444, 8.805, 9.235, 9.337, 8.37, 7.068, 5.201, 2.656, 1.426, 1.2, 0.775, 0.0, 1.199, 1.461, 3.228, 4.619, 4.215, 4.032, 3.914, 4.04, 4.077, 4.184, 5.651, 8.078, 9.607, 9.854, 10.244, 10.482, 10.324, 10.455, 10.451, 10.617, 10.009, 9.83, 10.337, 10.156, 9.567, 9.223, 9.014, 8.683, 8.24, 7.413, 7.184, 6.082, 5.38, 5.559, 6.11, 6.34, 3.424], [5.396, 5.152, 5.296, 5.501, 4.394, 3.93, 4.98, 6.191, 7.017, 8.375, 8.918, 8.627, 8.923, 9.187, 9.618, 9.914, 9.947, 9.737, 9.376, 8.977, 7.965, 7.494, 7.479, 7.279, 7.58, 7.409, 7.019, 6.67, 6.856, 8.101, 7.844, 7.857, 8.643, 9.713, 10.142, 9.764, 9.132, 9.113, 9.392, 9.755, 9.898, 8.979, 7.637, 5.655, 3.178, 2.223, 1.956, 1.575, 1.199, 0.0, 0.997, 3.562, 5.045, 4.71, 4.691, 4.517, 4.598, 4.544, 4.634, 6.225, 8.718, 10.313, 10.496, 10.71, 11.162, 10.982, 11.14, 11.124, 11.316, 10.74, 10.565, 11.086, 10.914, 10.325, 9.95, 9.686, 9.268, 8.791, 7.966, 7.733, 6.72, 5.944, 6.098, 6.699, 6.875, 4.021], [5.027, 4.794, 4.945, 5.12, 3.947, 3.463, 4.655, 5.923, 6.784, 8.184, 8.691, 8.434, 8.709, 8.945, 9.411, 9.777, 9.771, 9.496, 9.168, 8.757, 7.656, 7.33, 7.382, 7.105, 7.322, 7.178, 6.773, 6.521, 6.693, 7.927, 7.753, 7.801, 8.52, 9.546, 9.959, 9.571, 9.028, 8.993, 9.316, 9.707, 9.777, 8.886, 7.586, 5.576, 3.022, 2.471, 2.262, 1.885, 1.461, 0.997, 0.0, 3.139, 4.801, 4.421, 4.527, 4.382, 4.409, 4.399, 4.419, 6.127, 8.626, 10.104, 10.294, 10.447, 11.052, 10.952, 11.139, 11.129, 11.29, 10.767, 10.472, 10.902, 10.734, 10.26, 9.885, 9.537, 9.132, 8.657, 7.779, 7.508, 6.46, 5.642, 5.846, 6.499, 6.712, 4.103], [2.102, 1.924, 2.189, 2.397, 1.88, 2.02, 2.202, 3.398, 4.348, 5.843, 6.483, 6.311, 6.463, 6.711, 7.138, 7.446, 7.407, 6.938, 6.51, 6.065, 5.281, 5.057, 5.574, 5.219, 4.649, 4.558, 4.481, 4.515, 4.065, 5.037, 5.283, 5.221, 5.668, 6.784, 7.214, 6.873, 6.265, 6.205, 6.541, 7.021, 7.027, 6.231, 4.971, 2.974, 1.615, 2.412, 3.032, 3.072, 3.228, 3.562, 3.139, 0.0, 2.511, 2.151, 2.407, 2.224, 2.216, 2.397, 2.323, 3.501, 5.924, 7.401, 7.752, 7.989, 8.6, 8.415, 8.581, 8.64, 8.79, 8.414, 8.272, 8.655, 8.501, 8.042, 7.544, 7.171, 6.839, 6.338, 5.541, 5.332, 4.471, 3.849, 3.807, 4.425, 4.557, 3.32], [2.934, 2.685, 2.455, 2.515, 2.785, 3.364, 1.701, 1.74, 2.329, 3.609, 4.464, 4.586, 4.397, 4.52, 4.884, 5.146, 5.124, 4.94, 4.605, 4.248, 3.471, 3.338, 3.888, 3.504, 3.372, 3.164, 3.239, 3.731, 3.757, 3.864, 3.682, 3.748, 4.255, 5.187, 5.616, 5.242, 4.674, 4.629, 4.932, 5.338, 5.457, 4.511, 3.225, 1.586, 2.507, 3.716, 4.327, 4.472, 4.619, 5.045, 4.801, 2.511, 0.0, 0.909, 1.448, 1.382, 1.226, 1.419, 1.441, 2.365, 4.24, 5.652, 5.799, 5.951, 6.483, 6.394, 6.59, 6.618, 6.752, 6.279, 5.984, 6.271, 6.102, 5.757, 5.323, 4.952, 4.611, 4.179, 3.53, 3.36, 3.055, 2.802, 2.626, 2.705, 2.975, 3.109], [2.869, 2.56, 2.438, 2.707, 2.507, 2.802, 1.53, 2.04, 2.857, 4.184, 4.54, 4.492, 4.591, 4.823, 5.286, 5.619, 5.709, 5.522, 5.234, 4.883, 3.925, 3.357, 3.903, 3.592, 3.68, 3.436, 3.346, 3.773, 3.75, 4.228, 4.142, 4.194, 4.851, 5.882, 6.311, 5.932, 5.327, 5.307, 5.624, 6.036, 6.152, 5.212, 3.944, 2.01, 2.217, 3.276, 3.906, 4.029, 4.215, 4.71, 4.421, 2.151, 0.909, 0.0, 1.317, 1.159, 0.988, 1.206, 1.275, 2.654, 4.935, 6.333, 6.494, 6.498, 7.156, 7.106, 7.271, 7.277, 7.456, 6.826, 6.271, 6.608, 6.469, 6.147, 5.711, 5.37, 5.015, 4.504, 3.735, 3.47, 2.784, 2.494, 2.336, 2.574, 2.919, 2.737], [3.086, 2.776, 2.663, 2.607, 2.678, 3.066, 1.977, 2.541, 2.762, 4.245, 4.725, 4.514, 4.689, 4.893, 5.415, 5.772, 5.823, 5.654, 5.386, 5.03, 4.036, 3.526, 3.657, 3.501, 3.625, 3.405, 3.44, 4.155, 4.249, 4.409, 4.073, 4.14, 4.683, 5.693, 6.12, 5.745, 5.132, 5.122, 5.51, 5.917, 6.04, 5.09, 3.862, 2.323, 2.151, 2.997, 3.655, 3.854, 4.032, 4.691, 4.527, 2.407, 1.448, 1.317, 0.0, 1.012, 1.24, 1.372, 1.693, 2.666, 4.766, 6.198, 6.458, 6.695, 7.039, 6.958, 7.126, 7.144, 7.265, 6.619, 6.185, 6.615, 6.442, 5.916, 5.609, 5.332, 4.974, 4.502, 3.771, 3.492, 3.056, 2.926, 2.788, 2.757, 3.166, 3.289], [2.809, 2.551, 2.403, 2.509, 2.476, 2.921, 1.81, 2.444, 2.95, 4.459, 5.046, 4.934, 5.044, 5.271, 5.821, 6.12, 6.119, 5.952, 5.665, 5.324, 4.256, 3.701, 3.911, 3.705, 3.791, 3.551, 3.447, 4.036, 4.048, 4.572, 4.143, 4.214, 4.821, 5.783, 6.201, 5.78, 5.228, 5.223, 5.64, 6.057, 6.17, 5.156, 3.852, 2.009, 1.825, 2.934, 3.698, 3.818, 3.914, 4.517, 4.382, 2.224, 1.382, 1.159, 1.012, 0.0, 0.822, 1.061, 1.187, 2.479, 4.754, 6.313, 6.546, 6.889, 7.154, 7.062, 7.171, 7.199, 7.299, 6.724, 6.386, 6.899, 6.747, 6.083, 5.783, 5.558, 5.203, 4.745, 4.056, 3.769, 3.113, 2.879, 2.774, 2.854, 3.149, 2.804], [2.674, 2.411, 2.312, 2.538, 2.273, 2.767, 1.512, 2.189, 2.86, 4.383, 5.023, 4.9, 4.984, 5.164, 5.704, 6.041, 6.039, 5.878, 5.605, 5.251, 4.188, 3.466, 3.893, 3.711, 3.774, 3.467, 3.271, 3.859, 3.864, 4.418, 4.023, 4.141, 4.81, 5.861, 6.278, 5.877, 5.246, 5.246, 5.662, 6.075, 6.182, 5.145, 3.81, 1.94, 1.828, 3.046, 3.756, 3.895, 4.04, 4.598, 4.409, 2.216, 1.226, 0.988, 1.24, 0.822, 0.0, 0.674, 0.923, 2.284, 4.688, 6.286, 6.483, 6.794, 7.132, 7.073, 7.183, 7.19, 7.288, 6.665, 6.334, 6.815, 6.686, 6.044, 5.674, 5.377, 5.03, 4.585, 3.822, 3.608, 2.924, 2.58, 2.47, 2.723, 2.956, 2.445], [2.846, 2.577, 2.487, 2.621, 2.46, 2.95, 1.563, 2.083, 2.848, 4.317, 4.919, 4.782, 4.859, 5.083, 5.579, 5.939, 5.944, 5.79, 5.498, 5.141, 4.107, 3.375, 3.73, 3.517, 3.684, 3.397, 3.099, 3.664, 3.72, 4.412, 4.09, 4.152, 4.814, 5.866, 6.283, 5.894, 5.227, 5.217, 5.58, 5.997, 6.1, 5.069, 3.712, 1.87, 1.843, 3.082, 3.818, 3.875, 4.077, 4.544, 4.399, 2.397, 1.419, 1.206, 1.372, 1.061, 0.674, 0.0, 0.738, 2.313, 4.641, 6.233, 6.387, 6.674, 7.126, 7.039, 7.175, 7.116, 7.309, 6.628, 6.285, 6.805, 6.683, 6.114, 5.694, 5.352, 4.975, 4.528, 3.729, 3.53, 2.819, 2.411, 2.386, 2.651, 2.954, 2.28], [2.868, 2.564, 2.534, 2.811, 2.432, 2.976, 1.629, 1.83, 2.699, 4.148, 4.825, 4.72, 4.882, 5.114, 5.641, 5.903, 5.807, 5.613, 5.349, 4.992, 3.978, 3.289, 3.674, 3.403, 3.489, 3.317, 2.995, 3.387, 3.331, 4.207, 3.92, 4.022, 4.709, 5.752, 6.163, 5.765, 5.13, 5.12, 5.469, 5.937, 6.006, 4.992, 3.619, 1.661, 1.872, 3.218, 3.923, 4.002, 4.184, 4.634, 4.419, 2.323, 1.441, 1.275, 1.693, 1.187, 0.923, 0.738, 0.0, 2.169, 4.551, 6.106, 6.314, 6.525, 7.035, 6.927, 7.094, 7.099, 7.218, 6.729, 6.326, 6.822, 6.7, 6.15, 5.708, 5.3, 4.95, 4.52, 3.746, 3.5, 2.578, 2.178, 2.172, 2.502, 2.703, 2.206], [3.584, 3.337, 3.357, 3.456, 3.723, 4.652, 2.974, 1.695, 1.821, 3.179, 3.976, 3.977, 3.987, 4.148, 4.626, 4.922, 4.837, 4.507, 4.102, 3.701, 2.761, 2.472, 3.023, 2.695, 2.242, 2.025, 2.159, 2.58, 2.522, 2.614, 2.447, 2.33, 2.918, 3.926, 4.333, 3.934, 3.283, 3.273, 3.764, 4.218, 4.281, 3.314, 2.167, 1.376, 3.315, 4.574, 5.523, 5.541, 5.651, 6.225, 6.127, 3.501, 2.365, 2.654, 2.666, 2.479, 2.284, 2.313, 2.169, 0.0, 2.765, 4.709, 4.977, 5.448, 5.781, 5.613, 5.596, 5.555, 5.645, 5.343, 5.303, 5.823, 5.695, 5.025, 4.622, 4.33, 4.017, 3.564, 2.818, 2.64, 2.255, 2.278, 2.133, 1.851, 1.922, 3.554], [5.239, 5.094, 4.838, 4.81, 6.073, 7.112, 5.135, 3.34, 2.542, 2.285, 2.898, 2.893, 2.731, 2.586, 2.625, 2.808, 2.509, 2.187, 2.274, 2.375, 2.813, 2.994, 3.172, 3.192, 2.636, 2.812, 3.183, 3.589, 3.578, 2.811, 2.837, 2.667, 2.255, 1.931, 2.223, 1.821, 1.833, 1.733, 1.881, 2.133, 2.295, 1.912, 1.618, 3.243, 5.715, 7.032, 7.979, 7.962, 8.078, 8.718, 8.626, 5.924, 4.24, 4.935, 4.766, 4.754, 4.688, 4.641, 4.551, 2.765, 0.0, 2.191, 2.45, 3.034, 3.301, 3.089, 3.027, 2.998, 3.119, 3.156, 3.23, 3.697, 3.449, 2.854, 2.42, 2.253, 2.197, 2.172, 2.402, 2.62, 3.449, 4.102, 3.92, 3.116, 2.717, 6.074], [6.882, 6.811, 6.722, 6.548, 7.699, 8.643, 6.659, 4.843, 3.905, 3.28, 3.736, 3.585, 3.485, 3.326, 2.963, 2.757, 2.326, 2.531, 2.838, 3.191, 3.77, 4.003, 4.187, 4.29, 3.754, 4.035, 4.317, 4.74, 4.804, 3.963, 4.0, 4.045, 3.545, 2.7, 2.386, 2.529, 3.118, 2.999, 2.734, 2.986, 2.703, 2.59, 3.022, 4.976, 7.422, 8.726, 9.405, 9.451, 9.607, 10.313, 10.104, 7.401, 5.652, 6.333, 6.198, 6.313, 6.286, 6.233, 6.106, 4.709, 2.191, 0.0, 0.911, 1.483, 1.698, 1.71, 1.969, 1.995, 2.045, 2.067, 2.67, 3.273, 3.036, 2.606, 2.168, 2.185, 2.547, 2.82, 3.286, 3.862, 4.877, 5.586, 5.395, 4.612, 4.195, 7.712], [7.337, 7.169, 7.028, 6.869, 8.052, 8.909, 6.887, 5.036, 4.073, 3.113, 3.568, 3.465, 3.347, 3.123, 2.738, 2.445, 2.036, 2.278, 2.618, 2.967, 3.667, 3.977, 4.308, 4.33, 3.863, 4.169, 4.524, 4.944, 5.025, 4.056, 4.06, 4.061, 3.644, 2.722, 2.363, 2.525, 3.239, 3.064, 2.804, 2.789, 2.527, 2.452, 3.275, 5.272, 7.678, 8.989, 9.695, 9.7, 9.854, 10.496, 10.294, 7.752, 5.799, 6.494, 6.458, 6.546, 6.483, 6.387, 6.314, 4.977, 2.45, 0.911, 0.0, 0.93, 1.27, 1.326, 1.546, 1.594, 1.645, 1.736, 2.273, 2.895, 2.671, 2.295, 1.937, 1.932, 2.308, 2.665, 3.315, 3.975, 5.034, 5.727, 5.528, 4.75, 4.379, 7.843], [8.002, 7.721, 7.5, 7.302, 8.223, 8.842, 6.819, 5.101, 4.3, 3.24, 3.416, 3.298, 3.104, 2.875, 2.473, 2.15, 1.901, 2.208, 2.797, 3.158, 3.675, 4.041, 4.425, 4.366, 3.935, 4.28, 4.701, 5.122, 5.286, 4.426, 4.368, 4.453, 4.209, 3.335, 2.988, 3.114, 3.897, 3.613, 3.359, 3.084, 2.786, 2.777, 3.716, 5.68, 8.072, 9.381, 9.986, 10.08, 10.244, 10.71, 10.447, 7.989, 5.951, 6.498, 6.695, 6.889, 6.794, 6.674, 6.525, 5.448, 3.034, 1.483, 0.93, 0.0, 1.126, 1.333, 1.536, 1.556, 1.693, 1.637, 2.179, 2.563, 2.401, 2.25, 1.913, 1.876, 2.269, 2.607, 3.328, 3.952, 4.99, 5.735, 5.473, 4.834, 4.483, 8.112], [8.382, 8.178, 7.993, 7.836, 8.844, 9.684, 7.645, 5.909, 4.639, 3.636, 4.027, 3.905, 3.752, 3.533, 3.125, 2.757, 2.31, 2.649, 3.142, 3.623, 4.242, 4.433, 4.851, 4.867, 4.463, 4.75, 5.12, 5.478, 5.687, 4.698, 4.419, 4.57, 4.265, 3.308, 2.928, 3.106, 3.919, 3.718, 3.442, 3.195, 2.881, 2.997, 4.081, 6.089, 8.423, 9.595, 10.232, 10.385, 10.482, 11.162, 11.052, 8.6, 6.483, 7.156, 7.039, 7.154, 7.132, 7.126, 7.035, 5.781, 3.301, 1.698, 1.27, 1.126, 0.0, 0.777, 1.032, 1.007, 1.124, 1.284, 2.158, 2.721, 2.506, 2.119, 2.024, 2.233, 2.729, 3.249, 4.001, 4.645, 5.701, 6.413, 6.22, 5.465, 5.09, 8.579], [8.105, 7.913, 7.711, 7.565, 8.678, 9.546, 7.595, 5.858, 4.566, 3.506, 3.909, 3.748, 3.618, 3.415, 2.99, 2.594, 2.15, 2.476, 2.966, 3.47, 4.064, 4.299, 4.685, 4.724, 4.247, 4.503, 4.899, 5.228, 5.419, 4.427, 4.242, 4.256, 3.956, 3.024, 2.678, 2.817, 3.588, 3.354, 3.044, 2.862, 2.52, 2.718, 3.766, 5.776, 8.193, 9.328, 10.121, 10.191, 10.324, 10.982, 10.952, 8.415, 6.394, 7.106, 6.958, 7.062, 7.073, 7.039, 6.927, 5.613, 3.089, 1.71, 1.326, 1.333, 0.777, 0.0, 0.675, 0.834, 1.037, 1.011, 2.011, 2.682, 2.462, 2.025, 1.925, 2.134, 2.657, 3.172, 3.918, 4.576, 5.635, 6.341, 6.177, 5.425, 4.991, 8.483], [8.083, 7.906, 7.677, 7.617, 8.793, 9.645, 7.747, 6.053, 4.796, 3.721, 4.137, 3.96, 3.838, 3.618, 3.207, 2.814, 2.435, 2.781, 3.241, 3.737, 4.298, 4.481, 4.827, 4.913, 4.444, 4.623, 5.025, 5.404, 5.507, 4.488, 4.434, 4.37, 4.034, 3.18, 2.89, 2.914, 3.587, 3.384, 3.167, 2.966, 2.727, 2.875, 3.833, 5.873, 8.259, 9.394, 10.295, 10.315, 10.455, 11.14, 11.139, 8.581, 6.59, 7.271, 7.126, 7.171, 7.183, 7.175, 7.094, 5.596, 3.027, 1.969, 1.546, 1.536, 1.032, 0.675, 0.0, 0.564, 0.831, 1.136, 2.145, 2.862, 2.708, 2.214, 2.122, 2.294, 2.83, 3.356, 4.051, 4.721, 5.796, 6.499, 6.339, 5.569, 5.136, 8.602], [8.127, 7.954, 7.727, 7.632, 8.787, 9.651, 7.726, 6.048, 4.767, 3.672, 4.101, 3.901, 3.769, 3.532, 3.138, 2.749, 2.361, 2.694, 3.226, 3.732, 4.204, 4.387, 4.738, 4.8