[[0.0, 0.576, 1.126, 2.479, 4.016, 4.852, 4.876, 4.556, 4.499, 5.258, 5.988, 6.143, 5.793, 4.444, 4.472, 4.158, 4.053, 3.218, 2.149, 2.496, 3.11, 5.469, 6.242, 5.862, 5.581, 4.841, 4.517, 3.953, 3.521, 3.645, 3.622, 4.443, 4.939, 5.533, 5.56, 5.253, 5.107, 5.539, 6.226, 6.651, 6.745, 7.149, 7.717, 7.722, 7.233, 5.714, 5.158, 5.342, 4.381, 3.814, 2.79, 2.449, 2.354, 2.357, 3.106, 2.804, 2.18, 2.32, 3.099, 3.97, 4.221, 4.301, 4.348, 4.798, 4.306, 3.816, 4.649, 4.551, 4.203, 4.101, 3.822, 3.073, 4.136, 5.689, 5.952, 5.707, 5.1, 5.563, 5.997, 6.026, 4.293, 2.446, 1.927, 1.875, 1.605, 1.298], [0.576, 0.0, 1.038, 2.371, 3.911, 4.721, 4.74, 4.398, 4.355, 5.119, 5.853, 6.0, 5.62, 4.314, 4.378, 4.022, 3.936, 3.156, 2.126, 2.407, 2.976, 5.339, 6.14, 5.778, 5.496, 4.724, 4.43, 3.874, 3.449, 3.692, 3.591, 4.282, 4.762, 5.361, 5.405, 5.088, 4.976, 5.373, 6.07, 6.485, 6.624, 6.988, 7.552, 7.559, 7.083, 5.592, 5.106, 5.174, 4.351, 3.779, 2.802, 2.548, 2.545, 2.382, 2.924, 2.664, 2.173, 2.281, 3.038, 3.929, 4.164, 4.248, 4.269, 4.722, 4.237, 3.766, 4.588, 4.492, 4.128, 4.021, 3.733, 2.961, 3.982, 5.572, 5.832, 5.61, 4.992, 5.457, 5.899, 5.928, 4.256, 2.381, 1.791, 1.611, 1.693, 1.479], [1.126, 1.038, 0.0, 1.853, 3.353, 4.213, 4.223, 3.886, 3.856, 4.627, 5.354, 5.469, 5.032, 3.775, 3.798, 3.475, 3.351, 2.573, 1.876, 1.997, 2.409, 4.933, 5.766, 5.406, 5.137, 4.366, 4.064, 3.494, 3.055, 3.114, 3.087, 3.765, 4.223, 4.807, 4.807, 4.556, 4.464, 4.801, 5.483, 5.893, 6.056, 6.402, 6.966, 6.943, 6.49, 5.12, 4.767, 4.739, 3.849, 3.302, 2.784, 3.0, 2.953, 2.548, 2.691, 2.426, 2.185, 2.211, 2.898, 3.468, 3.623, 3.694, 3.765, 4.233, 3.688, 3.194, 4.007, 3.915, 3.549, 3.44, 3.127, 2.459, 3.505, 5.199, 5.489, 5.255, 4.641, 5.115, 5.562, 5.584, 3.857, 2.059, 1.368, 1.435, 1.637, 1.774], [2.479, 2.371, 1.853, 0.0, 1.851, 2.749, 2.801, 2.561, 2.462, 3.258, 4.091, 4.367, 4.05, 2.792, 2.795, 2.431, 2.348, 1.97, 2.656, 2.64, 1.767, 3.392, 4.313, 3.97, 3.668, 3.202, 2.909, 2.241, 2.241, 2.408, 2.651, 2.975, 3.275, 3.883, 3.887, 3.963, 3.951, 4.077, 4.534, 4.856, 5.075, 5.374, 5.902, 5.9, 5.607, 4.905, 4.589, 4.31, 3.746, 3.133, 3.328, 3.696, 3.538, 3.092, 2.565, 2.649, 2.604, 2.33, 2.626, 2.661, 2.543, 2.508, 2.613, 2.706, 2.404, 2.455, 3.25, 3.214, 3.131, 3.032, 3.075, 2.644, 2.632, 3.987, 4.242, 3.946, 3.448, 3.834, 4.245, 4.268, 3.099, 1.702, 1.641, 1.905, 2.765, 2.98], [4.016, 3.911, 3.353, 1.851, 0.0, 1.163, 1.304, 1.244, 1.174, 1.749, 2.531, 2.749, 2.482, 1.793, 1.745, 1.727, 2.01, 2.785, 3.467, 3.551, 2.274, 2.31, 3.012, 2.788, 2.486, 2.085, 1.957, 1.982, 2.499, 2.641, 2.837, 2.845, 3.029, 3.373, 3.461, 3.713, 3.864, 3.66, 3.835, 4.073, 4.139, 4.274, 4.574, 4.756, 4.921, 4.641, 4.236, 3.88, 3.543, 3.28, 3.656, 4.155, 4.184, 3.781, 3.076, 3.11, 3.12, 2.825, 3.071, 2.754, 2.506, 2.34, 2.378, 2.46, 2.001, 2.891, 3.334, 3.374, 3.518, 3.419, 3.338, 3.217, 1.786, 2.59, 2.83, 2.564, 2.138, 2.425, 2.875, 3.07, 3.284, 2.594, 2.868, 3.165, 4.019, 4.18], [4.852, 4.721, 4.213, 2.749, 1.163, 0.0, 0.612, 0.86, 0.854, 1.031, 1.781, 1.983, 1.871, 1.686, 1.7, 1.896, 2.354, 3.18, 3.87, 3.946, 2.761, 2.175, 2.851, 3.007, 2.783, 2.363, 2.323, 2.674, 3.203, 3.237, 3.366, 2.972, 3.012, 3.234, 3.301, 3.656, 3.871, 3.642, 3.79, 4.029, 4.168, 4.197, 4.401, 4.673, 4.904, 4.688, 4.231, 3.88, 3.968, 3.682, 4.032, 4.795, 4.733, 4.198, 3.34, 3.458, 3.632, 3.454, 3.649, 3.187, 2.892, 2.696, 2.683, 2.787, 2.446, 3.03, 3.433, 3.484, 3.685, 3.657, 3.736, 3.851, 2.276, 2.365, 2.498, 2.325, 2.048, 2.179, 2.917, 3.406, 3.823, 3.388, 3.652, 3.879, 4.81, 4.971], [4.876, 4.74, 4.223, 2.801, 1.304, 0.612, 0.0, 0.624, 0.74, 0.881, 1.594, 1.782, 1.773, 1.6, 1.622, 1.925, 2.391, 3.214, 3.893, 3.932, 2.807, 2.146, 2.66, 2.874, 2.729, 2.456, 2.2, 2.699, 3.216, 3.212, 3.356, 2.938, 3.011, 3.369, 3.45, 3.793, 4.002, 3.729, 3.871, 4.126, 4.282, 4.325, 4.508, 4.816, 5.033, 4.767, 4.342, 4.028, 3.982, 3.754, 3.999, 4.794, 4.726, 4.178, 3.36, 3.439, 3.613, 3.469, 3.651, 3.335, 3.072, 2.872, 2.756, 2.803, 2.458, 3.012, 3.495, 3.474, 3.66, 3.642, 3.698, 3.86, 2.267, 2.362, 2.506, 2.212, 1.95, 2.142, 2.897, 3.331, 3.82, 3.439, 3.616, 3.894, 4.799, 4.967], [4.556, 4.398, 3.886, 2.561, 1.244, 0.86, 0.624, 0.0, 0.562, 0.996, 1.772, 2.001, 1.825, 1.42, 1.48, 1.829, 2.187, 2.975, 3.673, 3.707, 2.581, 2.1, 2.78, 2.924, 2.84, 2.526, 2.232, 2.633, 3.025, 3.025, 3.184, 2.898, 3.07, 3.448, 3.535, 3.886, 4.087, 3.824, 3.979, 4.29, 4.448, 4.478, 4.675, 4.955, 5.193, 4.914, 4.397, 4.221, 4.04, 3.772, 3.903, 4.599, 4.506, 3.996, 3.251, 3.283, 3.403, 3.307, 3.605, 3.402, 3.163, 2.974, 2.901, 2.92, 2.412, 2.915, 3.536, 3.531, 3.599, 3.515, 3.554, 3.617, 2.118, 2.517, 2.74, 2.402, 1.998, 2.35, 3.089, 3.443, 3.778, 3.179, 3.257, 3.529, 4.485, 4.659], [4.499, 4.355, 3.856, 2.462, 1.174, 0.854, 0.74, 0.562, 0.0, 0.961, 1.811, 2.064, 1.861, 1.359, 1.328, 1.625, 1.961, 2.772, 3.52, 3.569, 2.561, 2.32, 2.928, 2.952, 2.795, 2.464, 2.124, 2.595, 3.042, 3.04, 3.154, 2.71, 2.887, 3.252, 3.336, 3.697, 3.885, 3.651, 3.751, 4.07, 4.255, 4.31, 4.495, 4.786, 5.032, 4.715, 4.295, 4.088, 4.018, 3.75, 3.963, 4.623, 4.467, 3.945, 3.118, 3.188, 3.408, 3.232, 3.616, 3.333, 3.044, 2.881, 2.786, 2.848, 2.343, 2.8, 3.348, 3.34, 3.439, 3.428, 3.437, 3.497, 2.033, 2.545, 2.779, 2.488, 2.071, 2.429, 3.108, 3.428, 3.808, 3.097, 3.197, 3.436, 4.414, 4.595], [5.258, 5.119, 4.627, 3.258, 1.749, 1.031, 0.881, 0.996, 0.961, 0.0, 1.149, 1.312, 1.315, 1.585, 1.861, 2.132, 2.548, 3.397, 4.084, 4.212, 3.13, 2.084, 2.563, 2.979, 2.729, 2.534, 2.436, 3.082, 3.549, 3.593, 3.715, 3.22, 3.319, 3.628, 3.695, 4.054, 4.256, 4.041, 4.102, 4.286, 4.429, 4.435, 4.584, 4.883, 5.122, 4.893, 4.445, 4.163, 4.227, 4.187, 4.4, 5.166, 5.077, 4.553, 3.65, 3.734, 3.941, 3.776, 4.032, 3.725, 3.426, 3.298, 3.175, 3.209, 2.783, 3.317, 3.767, 3.71, 3.879, 3.932, 3.997, 4.082, 2.563, 2.183, 2.317, 2.135, 1.842, 1.901, 2.929, 3.549, 4.222, 3.677, 3.968, 4.199, 5.05, 5.208], [5.988, 5.853, 5.354, 4.091, 2.531, 1.781, 1.594, 1.772, 1.811, 1.149, 0.0, 0.659, 1.226, 2.139, 2.378, 2.661, 3.162, 3.894, 4.626, 4.583, 3.688, 2.548, 2.79, 3.438, 3.169, 2.918, 2.875, 3.599, 4.233, 4.263, 4.313, 3.579, 3.803, 4.015, 4.115, 4.473, 4.559, 4.417, 4.417, 4.59, 4.666, 4.542, 4.653, 4.948, 5.207, 5.028, 4.568, 4.331, 4.547, 4.57, 4.937, 5.7, 5.615, 5.045, 4.21, 4.217, 4.529, 4.34, 4.571, 4.146, 3.858, 3.787, 3.711, 3.701, 3.354, 3.775, 4.009, 4.075, 4.256, 4.4, 4.432, 4.543, 3.064, 2.573, 2.415, 2.422, 2.259, 2.114, 3.044, 3.909, 4.625, 4.319, 4.671, 4.904, 5.648, 5.821], [6.143, 6.0, 5.469, 4.367, 2.749, 1.983, 1.782, 2.001, 2.064, 1.312, 0.659, 0.0, 1.13, 2.119, 2.347, 2.677, 3.13, 3.891, 4.502, 4.492, 3.723, 2.467, 2.55, 3.294, 3.016, 2.766, 2.76, 3.544, 4.285, 4.335, 4.264, 3.429, 3.56, 3.721, 3.837, 4.167, 4.226, 4.147, 4.096, 4.253, 4.356, 4.294, 4.403, 4.714, 4.982, 4.748, 4.457, 4.154, 4.242, 4.371, 4.696, 5.547, 5.548, 4.981, 4.149, 4.129, 4.502, 4.296, 4.382, 3.972, 3.694, 3.636, 3.606, 3.527, 3.207, 3.619, 3.744, 3.773, 3.989, 4.184, 4.265, 4.366, 2.995, 2.348, 2.179, 2.282, 2.198, 1.925, 2.827, 3.665, 4.378, 4.361, 4.778, 4.976, 5.68, 5.83], [5.793, 5.62, 5.032, 4.05, 2.482, 1.871, 1.773, 1.825, 1.861, 1.315, 1.226, 1.13, 0.0, 1.618, 1.797, 2.16, 2.489, 3.346, 3.932, 4.078, 3.303, 2.513, 2.862, 3.313, 3.032, 2.756, 2.767, 3.354, 3.866, 3.858, 3.872, 3.31, 3.355, 3.46, 3.61, 3.877, 3.984, 3.976, 3.797, 4.005, 4.195, 4.101, 4.213, 4.53, 4.794, 4.523, 4.487, 4.192, 4.18, 4.322, 4.591, 5.17, 5.134, 4.598, 3.916, 3.94, 4.231, 4.053, 4.32, 4.011, 3.766, 3.683, 3.658, 3.582, 3.198, 3.492, 3.514, 3.507, 3.634, 3.861, 3.897, 3.804, 2.654, 2.429, 2.335, 2.273, 2.018, 2.286, 3.281, 3.809, 4.241, 3.949, 4.261, 4.473, 5.161, 5.255], [4.444, 4.314, 3.775, 2.792, 1.793, 1.686, 1.6, 1.42, 1.359, 1.585, 2.139, 2.119, 1.618, 0.0, 0.778, 1.103, 1.395, 2.291, 2.912, 3.041, 2.279, 2.479, 3.074, 3.17, 2.982, 2.486, 2.253, 2.602, 2.907, 2.809, 2.861, 2.784, 2.811, 3.257, 3.289, 3.565, 3.558, 3.569, 3.477, 3.668, 3.772, 3.839, 4.163, 4.423, 4.462, 4.135, 3.779, 3.621, 3.437, 3.473, 3.671, 4.244, 4.028, 3.57, 2.965, 3.063, 3.275, 3.034, 3.409, 3.352, 3.105, 3.019, 3.199, 3.246, 2.518, 2.51, 2.885, 2.784, 2.872, 3.006, 2.955, 2.848, 1.775, 2.473, 2.653, 2.483, 2.098, 2.555, 3.289, 3.529, 3.405, 2.704, 3.053, 3.257, 3.906, 4.005], [4.472, 4.378, 3.798, 2.795, 1.745, 1.7, 1.622, 1.48, 1.328, 1.861, 2.378, 2.347, 1.797, 0.778, 0.0, 0.964, 1.152, 2.049, 2.626, 2.708, 2.185, 2.57, 3.185, 3.208, 3.086, 2.601, 2.227, 2.435, 2.709, 2.47, 2.433, 2.474, 2.511, 2.921, 2.995, 3.204, 3.165, 3.278, 3.193, 3.461, 3.537, 3.627, 4.007, 4.284, 4.222, 3.819, 3.618, 3.616, 3.247, 3.103, 3.347, 3.943, 3.771, 3.355, 2.771, 2.937, 3.175, 2.923, 3.234, 3.206, 2.973, 2.804, 3.002, 3.051, 2.382, 2.073, 2.379, 2.388, 2.421, 2.509, 2.539, 2.524, 1.709, 2.671, 2.923, 2.694, 2.252, 2.761, 3.314, 3.584, 3.134, 2.695, 3.068, 3.279, 3.818, 3.904], [4.158, 4.022, 3.475, 2.431, 1.727, 1.896, 1.925, 1.829, 1.625, 2.132, 2.661, 2.677, 2.16, 1.103, 0.964, 0.0, 0.856, 1.661, 2.448, 2.458, 1.706, 2.516, 3.295, 3.09, 2.973, 2.508, 2.052, 2.233, 2.506, 2.226, 2.246, 2.29, 2.201, 2.7, 2.851, 3.037, 2.988, 3.054, 2.989, 3.322, 3.562, 3.616, 3.975, 4.257, 4.237, 3.739, 3.63, 3.465, 3.17, 2.964, 3.151, 3.764, 3.47, 2.961, 2.438, 2.637, 2.987, 2.652, 3.041, 3.038, 2.781, 2.597, 2.712, 2.814, 2.138, 1.957, 2.357, 2.341, 2.399, 2.344, 2.492, 2.309, 1.355, 2.85, 3.157, 2.923, 2.449, 2.965, 3.259, 3.416, 2.939, 2.291, 2.751, 2.962, 3.52, 3.63], [4.053, 3.936, 3.351, 2.348, 2.01, 2.354, 2.391, 2.187, 1.961, 2.548, 3.162, 3.13, 2.489, 1.395, 1.152, 0.856, 0.0, 1.237, 2.184, 2.35, 1.817, 2.947, 3.784, 3.434, 3.238, 2.681, 2.212, 2.278, 2.435, 2.109, 2.133, 2.172, 2.22, 2.594, 2.677, 2.738, 2.698, 2.846, 2.86, 3.098, 3.312, 3.423, 3.885, 4.034, 3.942, 3.457, 3.573, 3.554, 3.154, 2.883, 3.132, 3.551, 3.253, 2.88, 2.407, 2.654, 2.996, 2.725, 3.078, 3.097, 2.832, 2.666, 2.762, 2.885, 2.242, 1.796, 2.005, 2.063, 2.051, 2.12, 2.253, 2.014, 1.641, 3.315, 3.614, 3.385, 2.935, 3.501, 3.702, 3.73, 2.981, 2.287, 2.592, 2.829, 3.349, 3.507], [3.218, 3.156, 2.573, 1.97, 2.785, 3.18, 3.214, 2.975, 2.772, 3.397, 3.894, 3.891, 3.346, 2.291, 2.049, 1.661, 1.237, 0.0, 1.535, 1.8, 1.728, 3.841, 4.76, 4.405, 4.124, 3.386, 2.941, 2.413, 2.391, 2.13, 2.305, 2.186, 2.571, 2.981, 3.034, 2.813, 2.581, 2.983, 3.323, 3.671, 3.822, 4.161, 4.725, 4.856, 4.512, 3.632, 3.818, 3.777, 3.292, 2.714, 2.666, 3.075, 2.776, 2.558, 2.078, 2.163, 2.44, 2.28, 2.724, 2.838, 2.659, 2.626, 2.685, 3.093, 2.559, 1.698, 1.693, 1.97, 1.695, 1.875, 2.027, 1.718, 2.451, 4.296, 4.592, 4.368, 3.824, 4.419, 4.675, 4.674, 3.113, 1.918, 2.176, 2.146, 2.558, 2.761], [2.149, 2.126, 1.876, 2.656, 3.467, 3.87, 3.893, 3.673, 3.52, 4.084, 4.626, 4.502, 3.932, 2.912, 2.626, 2.448, 2.184, 1.535, 0.0, 1.17, 2.005, 4.436, 5.296, 4.951, 4.664, 3.891, 3.521, 2.957, 2.58, 2.484, 2.37, 2.631, 3.108, 3.585, 3.667, 3.224, 3.043, 3.625, 4.159, 4.585, 4.684, 5.078, 5.642, 5.668, 5.169, 3.803, 3.735, 3.738, 3.127, 2.589, 1.791, 1.998, 1.758, 1.571, 1.613, 1.541, 1.422, 1.518, 2.186, 2.936, 3.026, 3.094, 3.124, 3.685, 3.083, 2.095, 2.571, 2.487, 2.175, 2.272, 2.151, 1.545, 2.958, 4.776, 5.073, 4.848, 4.334, 4.823, 5.155, 5.166, 3.39, 2.067, 2.211, 2.021, 1.831, 1.633], [2.496, 2.407, 1.997, 2.64, 3.551, 3.946, 3.932, 3.707, 3.569, 4.212, 4.583, 4.492, 4.078, 3.041, 2.708, 2.458, 2.35, 1.8, 1.17, 0.0, 1.579, 4.286, 5.178, 4.869, 4.618, 3.871, 3.503, 2.995, 2.696, 2.478, 2.05, 2.434, 2.83, 3.332, 3.504, 3.095, 2.966, 3.501, 4.066, 4.431, 4.58, 4.907, 5.45, 5.483, 5.007, 3.681, 3.646, 3.636, 2.973, 2.54, 2.004, 2.262, 1.955, 1.685, 1.679, 1.705, 1.812, 1.956, 2.364, 2.869, 2.876, 2.871, 2.913, 3.439, 3.043, 1.891, 2.54, 2.52, 2.15, 1.983, 2.042, 1.817, 3.005, 4.716, 5.017, 4.797, 4.368, 4.752, 5.027, 5.055, 3.267, 2.215, 2.299, 2.034, 1.819, 1.813], [3.11, 2.976, 2.409, 1.767, 2.274, 2.761, 2.807, 2.581, 2.561, 3.13, 3.688, 3.723, 3.303, 2.279, 2.185, 1.706, 1.817, 1.728, 2.005, 1.579, 0.0, 2.997, 3.944, 3.576, 3.336, 2.757, 2.348, 1.837, 2.083, 2.187, 2.185, 2.048, 2.292, 2.934, 2.965, 3.005, 3.042, 3.179, 3.522, 3.942, 4.236, 4.418, 4.92, 4.924, 4.779, 4.088, 3.858, 3.533, 3.176, 2.679, 2.528, 2.984, 2.837, 2.113, 1.682, 1.809, 1.974, 1.942, 2.357, 2.415, 2.153, 2.115, 2.203, 2.425, 1.897, 1.807, 2.666, 2.602, 2.505, 2.335, 2.424, 2.209, 1.951, 3.564, 3.865, 3.637, 3.187, 3.622, 3.835, 3.858, 2.647, 1.79, 2.026, 2.303, 2.502, 2.614], [5.469, 5.339, 4.933, 3.392, 2.31, 2.175, 2.146, 2.1, 2.32, 2.084, 2.548, 2.467, 2.513, 2.479, 2.57, 2.516, 2.947, 3.841, 4.436, 4.286, 2.997, 0.0, 1.349, 1.792, 1.762, 1.917, 1.995, 2.336, 2.926, 3.158, 3.173, 3.131, 3.286, 3.609, 3.651, 4.081, 4.337, 4.047, 4.261, 4.5, 4.68, 4.659, 4.877, 5.134, 5.365, 5.164, 4.733, 4.358, 4.175, 3.873, 4.117, 4.504, 4.733, 4.223, 3.47, 3.619, 3.966, 3.455, 3.311, 3.12, 2.991, 2.716, 2.606, 2.386, 2.366, 3.427, 4.015, 4.013, 4.001, 3.826, 3.86, 3.677, 2.36, 1.873, 1.9, 1.452, 1.476, 1.652, 2.017, 2.542, 3.307, 3.542, 4.236, 4.58, 4.963, 5.114], [6.242, 6.14, 5.766, 4.313, 3.012, 2.851, 2.66, 2.78, 2.928, 2.563, 2.79, 2.55, 2.862, 3.074, 3.185, 3.295, 3.784, 4.76, 5.296, 5.178, 3.944, 1.349, 0.0, 1.081, 1.315, 1.827, 2.023, 2.562, 3.283, 3.517, 3.665, 3.409, 3.318, 3.621, 3.671, 4.129, 4.341, 4.015, 4.042, 4.371, 4.607, 4.537, 4.702, 5.0, 5.278, 4.994, 4.539, 4.111, 3.956, 4.044, 4.641, 5.434, 5.75, 5.084, 4.118, 4.273, 4.612, 4.172, 3.647, 3.282, 3.2, 3.078, 2.971, 2.634, 2.849, 4.007, 4.16, 4.126, 4.275, 4.15, 4.006, 4.242, 2.64, 1.64, 1.678, 1.311, 1.564, 1.451, 1.522, 1.864, 3.306, 4.156, 4.969, 5.293, 5.569, 5.783], [5.862, 5.778, 5.406, 3.97, 2.788, 3.007, 2.874, 2.924, 2.952, 2.979, 3.438, 3.294, 3.313, 3.17, 3.208, 3.09, 3.434, 4.405, 4.951, 4.869, 3.576, 1.792, 1.081, 0.0, 0.861, 1.551, 1.654, 2.219, 2.964, 3.202, 3.284, 2.944, 2.971, 3.264, 3.335, 3.812, 4.042, 3.727, 3.739, 4.08, 4.352, 4.29, 4.454, 4.741, 4.971, 4.755, 4.36, 3.913, 3.715, 3.793, 4.395, 5.101, 5.367, 4.726, 3.778, 3.941, 4.3, 3.796, 3.389, 3.02, 2.92, 2.794, 2.683, 2.367, 2.564, 3.754, 3.924, 3.872, 3.965, 3.876, 3.73, 3.833, 2.232, 1.953, 2.107, 1.69, 1.86, 1.892, 1.495, 1.398, 2.932, 3.721, 4.569, 4.902, 5.133, 5.424], [5.581, 5.496, 5.137, 3.668, 2.486, 2.783, 2.729, 2.84, 2.795, 2.729, 3.169, 3.016, 3.032, 2.982, 3.086, 2.973, 3.238, 4.124, 4.664, 4.618, 3.336, 1.762, 1.315, 0.861, 0.0, 1.032, 1.321, 1.922, 2.782, 3.028, 3.038, 2.761, 2.919, 3.221, 3.198, 3.69, 3.942, 3.581, 3.657, 3.874, 4.067, 3.962, 4.147, 4.409, 4.645, 4.51, 4.008, 3.587, 3.503, 3.645, 4.131, 4.84, 5.118, 4.512, 3.535, 3.62, 3.953, 3.494, 3.167, 2.747, 2.611, 2.552, 2.452, 2.131, 2.314, 3.485, 3.766, 3.707, 3.844, 3.831, 3.674, 3.721, 2.232, 1.904, 2.048, 1.635, 1.722, 1.714, 1.487, 1.48, 2.77, 3.487, 4.321, 4.657, 4.897, 5.169], [4.841, 4.724, 4.366, 3.202, 2.085, 2.363, 2.456, 2.526, 2.464, 2.534, 2.918, 2.766, 2.756, 2.486, 2.601, 2.508, 2.681, 3.386, 3.891, 3.871, 2.757, 1.917, 1.827, 1.551, 1.032, 0.0, 0.743, 1.366, 2.147, 2.422, 2.425, 2.171, 2.463, 2.887, 2.873, 3.183, 3.298, 3.056, 3.214, 3.48, 3.585, 3.676, 3.951, 4.067, 4.241, 4.01, 3.443, 3.083, 2.926, 3.019, 3.547, 4.211, 4.521, 3.867, 2.965, 2.987, 3.339, 2.851, 2.619, 2.224, 2.076, 2.04, 2.05, 2.02, 1.818, 2.9, 3.082, 3.132, 3.135, 3.257, 3.007, 3.083, 1.881, 1.73, 1.856, 1.7, 1.706, 1.854, 1.932, 1.848, 2.383, 2.84, 3.631, 3.932, 4.237, 4.418], [4.517, 4.43, 4.064, 2.909, 1.957, 2.323, 2.2, 2.232, 2.124, 2.436, 2.875, 2.76, 2.767, 2.253, 2.227, 2.052, 2.212, 2.941, 3.521, 3.503, 2.348, 1.995, 2.023, 1.654, 1.321, 0.743, 0.0, 1.09, 1.848, 2.03, 2.106, 1.851, 2.097, 2.566, 2.574, 2.902, 3.019, 2.833, 2.886, 3.159, 3.392, 3.563, 3.876, 4.008, 4.137, 3.787, 3.327, 3.035, 2.727, 2.768, 3.225, 3.854, 4.121, 3.511, 2.687, 2.597, 2.952, 2.499, 2.422, 2.052, 1.938, 1.946, 1.922, 1.931, 1.553, 2.446, 2.771, 2.731, 2.853, 2.866, 2.738, 2.807, 1.555, 1.952, 2.211, 2.026, 1.929, 2.208, 2.107, 2.013, 2.197, 2.591, 3.324, 3.605, 3.959, 4.132], [3.953, 3.874, 3.494, 2.241, 1.982, 2.674, 2.699, 2.633, 2.595, 3.082, 3.599, 3.544, 3.354, 2.602, 2.435, 2.233, 2.278, 2.413, 2.957, 2.995, 1.837, 2.336, 2.562, 2.219, 1.922, 1.366, 1.09, 0.0, 1.188, 1.506, 1.651, 1.574, 1.786, 2.394, 2.398, 2.572, 2.622, 2.606, 2.907, 3.31, 3.556, 3.8, 4.3, 4.353, 4.272, 3.714, 3.346, 2.991, 2.616, 2.185, 2.686, 3.258, 3.529, 2.969, 2.115, 2.092, 2.392, 1.931, 1.801, 1.511, 1.431, 1.414, 1.528, 1.614, 1.377, 2.09, 2.398, 2.418, 2.366, 2.412, 2.34, 2.333, 1.665, 2.546, 2.833, 2.625, 2.442, 2.893, 2.795, 2.631, 1.964, 2.143, 3.028, 3.109, 3.455, 3.565], [3.521, 3.449, 3.055, 2.241, 2.499, 3.203, 3.216, 3.025, 3.042, 3.549, 4.233, 4.285, 3.866, 2.907, 2.709, 2.506, 2.435, 2.391, 2.58, 2.696, 2.083, 2.926, 3.283, 2.964, 2.782, 2.147, 1.848, 1.188, 0.0, 0.818, 1.188, 1.762, 2.086, 2.761, 2.74, 2.735, 2.652, 2.644, 3.247, 3.538, 3.662, 4.057, 4.602, 4.582, 4.166, 3.165, 2.827, 2.669, 2.283, 1.86, 2.359, 2.863, 3.118, 2.521, 2.075, 2.011, 2.185, 1.855, 1.666, 1.707, 1.851, 1.957, 2.074, 2.213, 2.026, 2.039, 2.472, 2.409, 2.304, 2.142, 2.036, 2.093, 2.165, 3.317, 3.618, 3.43, 3.213, 3.737, 3.608, 3.373, 2.147, 1.988, 2.721, 2.799, 3.141, 3.203], [3.645, 3.692, 3.114, 2.408, 2.641, 3.237, 3.212, 3.025, 3.04, 3.593, 4.263, 4.335, 3.858, 2.809, 2.47, 2.226, 2.109, 2.13, 2.484, 2.478, 2.187, 3.158, 3.517, 3.202, 3.028, 2.422, 2.03, 1.506, 0.818, 0.0, 0.896, 1.809, 2.001, 2.591, 2.552, 2.537, 2.47, 2.33, 3.058, 3.28, 3.361, 3.734, 4.281, 4.315, 3.832, 2.91, 2.607, 2.706, 2.058, 1.713, 2.214, 2.86, 2.875, 2.47, 2.023, 2.155, 2.415, 2.069, 1.911, 1.863, 1.933, 2.043, 2.14, 2.442, 2.244, 1.804, 2.103, 2.121, 1.969, 1.817, 1.689, 1.845, 2.181, 3.54, 3.873, 3.706, 3.533, 4.098, 3.934, 3.638, 2.276, 2.16, 2.891, 2.978, 3.154, 3.226], [3.622, 3.591, 3.087, 2.651, 2.837, 3.366, 3.356, 3.184, 3.154, 3.715, 4.313, 4.264, 3.872, 2.861, 2.433, 2.246, 2.133, 2.305, 2.37, 2.05, 2.185, 3.173, 3.665, 3.284, 3.038, 2.425, 2.106, 1.651, 1.188, 0.896, 0.0, 1.638, 1.937, 2.546, 2.516, 2.477, 2.422, 2.404, 3.054, 3.266, 3.359, 3.673, 4.256, 4.263, 3.76, 2.646, 2.471, 2.437, 1.958, 1.702, 2.083, 2.665, 2.665, 2.113, 1.848, 2.007, 2.229, 2.001, 2.066, 2.022, 2.031, 2.093, 2.261, 2.55, 2.303, 1.837, 2.215, 2.231, 2.016, 1.843, 1.691, 1.938, 2.284, 3.663, 3.985, 3.795, 3.57, 4.098, 3.983, 3.712, 2.418, 2.271, 3.005, 2.843, 3.069, 3.132], [4.443, 4.282, 3.765, 2.975, 2.845, 2.972, 2.938, 2.898, 2.71, 3.22, 3.579, 3.429, 3.31, 2.784, 2.474, 2.29, 2.172, 2.186, 2.631, 2.434, 2.048, 3.131, 3.409, 2.944, 2.761, 2.171, 1.851, 1.574, 1.762, 1.809, 1.638, 0.0, 1.018, 1.498, 1.646, 1.573, 1.54, 1.744, 2.218, 2.65, 2.846, 3.121, 3.558, 3.555, 3.384, 2.782, 2.814, 2.579, 2.524, 2.123, 2.333, 3.226, 3.193, 2.511, 1.731, 1.962, 2.621, 2.345, 2.17, 1.778, 1.568, 1.608, 1.597, 1.908, 1.795, 1.618, 1.791, 1.848, 1.763, 1.803, 1.984, 2.234, 2.12, 3.26, 3.58, 3.437, 3.431, 3.849, 3.651, 3.29, 2.289, 2.894, 3.39, 3.364, 3.916, 3.986], [4.939, 4.762, 4.223, 3.275, 3.029, 3.012, 3.011, 3.07, 2.887, 3.319, 3.803, 3.56, 3.355, 2.811, 2.511, 2.201, 2.22, 2.571, 3.108, 2.83, 2.292, 3.286, 3.318, 2.971, 2.919, 2.463, 2.097, 1.786, 2.086, 2.001, 1.937, 1.018, 0.0, 0.904, 1.023, 1.174, 1.34, 1.406, 1.603, 2.093, 2.457, 2.498, 2.893, 3.024, 3.043, 2.53, 2.675, 2.432, 2.353, 2.124, 2.493, 3.573, 3.583, 2.866, 2.154, 2.432, 3.134, 2.898, 2.366, 1.97, 1.656, 1.526, 1.641, 1.722, 1.783, 1.532, 1.692, 1.798, 1.764, 1.683, 1.984, 2.492, 2.024, 3.054, 3.391, 3.468, 3.53, 3.88, 3.562, 3.063, 2.248, 3.173, 3.727, 3.754, 4.334, 4.402], [5.533, 5.361, 4.807, 3.883, 3.373, 3.234, 3.369, 3.448, 3.252, 3.628, 4.015, 3.721, 3.46, 3.257, 2.921, 2.7, 2.594, 2.981, 3.585, 3.332, 2.934, 3.609, 3.621, 3.264, 3.221, 2.887, 2.566, 2.394, 2.761, 2.591, 2.546, 1.498, 0.904, 0.0, 0.683, 0.76, 1.221, 1.281, 1.488, 1.919, 2.227, 2.223, 2.466, 2.617, 2.726, 2.389, 2.763, 2.544, 2.506, 2.302, 2.949, 3.976, 4.022, 3.417, 2.763, 2.987, 3.694, 3.47, 2.87, 2.248, 1.921, 1.86, 1.99, 1.886, 2.156, 2.047, 1.985, 2.092, 2.165, 2.091, 2.453, 2.981, 2.566, 3.432, 3.702, 3.769, 3.904, 4.148, 3.673, 3.175, 2.631, 3.88, 4.355, 4.327, 4.901, 4.958], [5.56, 5.405, 4.807, 3.887, 3.461, 3.301, 3.45, 3.535, 3.336, 3.695, 4.115, 3.837, 3.61, 3.289, 2.995, 2.851, 2.677, 3.034, 3.667, 3.504, 2.965, 3.651, 3.671, 3.335, 3.198, 2.873, 2.574, 2.398, 2.74, 2.552, 2.516, 1.646, 1.023, 0.683, 0.0, 0.796, 1.201, 1.098, 1.396, 1.813, 2.11, 2.152, 2.476, 2.593, 2.591, 2.265, 2.61, 2.443, 2.352, 2.198, 2.971, 3.943, 4.061, 3.46, 2.81, 3.074, 3.722, 3.505, 2.894, 2.247, 1.918, 1.867, 2.029, 1.862, 2.212, 2.093, 1.955, 2.121, 2.232, 2.169, 2.377, 2.959, 2.615, 3.453, 3.728, 3.834, 3.967, 4.157, 3.686, 3.295, 2.643, 3.893, 4.318, 4.359, 4.919, 5.0], [5.253, 5.088, 4.556, 3.963, 3.713, 3.656, 3.793, 3.886, 3.697, 4.054, 4.473, 4.167, 3.877, 3.565, 3.204, 3.037, 2.738, 2.813, 3.224, 3.095, 3.005, 4.081, 4.129, 3.812, 3.69, 3.183, 2.902, 2.572, 2.735, 2.537, 2.477, 1.573, 1.174, 0.76, 0.796, 0.0, 0.757, 1.097, 1.571, 1.943, 2.091, 2.223, 2.644, 2.598, 2.514, 2.12, 2.611, 2.42, 2.294, 2.095, 2.676, 3.641, 3.727, 3.172, 2.492, 2.751, 3.43, 3.211, 2.606, 2.134, 1.813, 1.923, 2.044, 2.183, 2.412, 2.122, 1.812, 1.974, 1.972, 2.044, 2.28, 2.676, 2.932, 3.877, 4.153, 4.267, 4.402, 4.632, 4.152, 3.597, 2.689, 3.884, 4.277, 4.173, 4.619, 4.699], [5.107, 4.976, 4.464, 3.951, 3.864, 3.871, 4.002, 4.087, 3.885, 4.256, 4.559, 4.226, 3.984, 3.558, 3.165, 2.988, 2.698, 2.581, 3.043, 2.966, 3.042, 4.337, 4.341, 4.042, 3.942, 3.298, 3.019, 2.622, 2.652, 2.47, 2.422, 1.54, 1.34, 1.221, 1.201, 0.757, 0.0, 1.244, 1.525, 1.768, 1.888, 2.228, 2.692, 2.734, 2.472, 1.844, 2.444, 2.317, 2.184, 2.008, 2.631, 3.59, 3.65, 3.074, 2.433, 2.718, 3.381, 3.159, 2.539, 2.107, 1.899, 1.952, 2.16, 2.337, 2.505, 2.042, 1.487, 1.739, 1.778, 2.02, 2.239, 2.536, 2.956, 4.02, 4.317, 4.438, 4.567, 4.827, 4.345, 3.841, 2.583, 3.798, 4.176, 4.093, 4.501, 4.583], [5.539, 5.373, 4.801, 4.077, 3.66, 3.642, 3.729, 3.824, 3.651, 4.041, 4.417, 4.147, 3.976, 3.569, 3.278, 3.054, 2.846, 2.983, 3.625, 3.501, 3.179, 4.047, 4.015, 3.727, 3.581, 3.056, 2.833, 2.606, 2.644, 2.33, 2.404, 1.744, 1.406, 1.281, 1.098, 1.097, 1.244, 0.0, 1.086, 1.658, 1.831, 1.954, 2.325, 2.439, 2.324, 1.827, 1.977, 1.889, 1.844, 1.902, 2.94, 3.949, 4.028, 3.525, 2.785, 3.028, 3.723, 3.5, 2.891, 2.186, 2.037, 2.138, 2.268, 2.28, 2.459, 2.357, 1.841, 2.276, 2.31, 2.115, 2.109, 2.816, 2.873, 3.783, 4.067, 4.184, 4.324, 4.505, 4.042, 3.463, 2.647, 4.004, 4.425, 4.256, 4.834, 4.947], [6.226, 6.07, 5.483, 4.534, 3.835, 3.79, 3.871, 3.979, 3.751, 4.102, 4.417, 4.096, 3.797, 3.477, 3.193, 2.989, 2.86, 3.323, 4.159, 4.066, 3.522, 4.261, 4.042, 3.739, 3.657, 3.214, 2.886, 2.907, 3.247, 3.058, 3.054, 2.218, 1.603, 1.488, 1.396, 1.571, 1.525, 1.086, 0.0, 0.977, 1.327, 1.325, 1.646, 1.936, 1.973, 1.815, 2.333, 2.143, 2.325, 2.588, 3.701, 4.745, 4.813, 4.302, 3.524, 3.75, 4.447, 4.236, 3.615, 2.906, 2.602, 2.645, 2.932, 2.643, 2.601, 2.685, 2.073, 2.314, 2.534, 2.575, 2.694, 3.339, 2.877, 3.776, 4.065, 4.193, 4.338, 4.539, 4.016, 3.528, 3.033, 4.389, 4.765, 4.873, 5.48, 5.601], [6.651, 6.485, 5.893, 4.856, 4.073, 4.029, 4.126, 4.29, 4.07, 4.286, 4.59, 4.253, 4.005, 3.668, 3.461, 3.322, 3.098, 3.671, 4.585, 4.431, 3.942, 4.5, 4.371, 4.08, 3.874, 3.48, 3.159, 3.31, 3.538, 3.28, 3.266, 2.65, 2.093, 1.919, 1.813, 1.943, 1.768, 1.658, 0.977, 0.0, 0.702, 0.863, 1.261, 1.546, 1.561, 1.679, 2.459, 2.31, 2.567, 2.988, 4.04, 5.049, 5.102, 4.607, 3.871, 4.117, 4.82, 4.575, 3.969, 3.302, 3.023, 3.082, 3.329, 3.152, 3.118, 3.081, 2.216, 2.455, 2.821, 3.001, 3.151, 3.776, 3.317, 4.106, 4.413, 4.558, 4.71, 4.851, 4.352, 3.876, 3.525, 4.852, 5.217, 5.361, 5.971, 6.075], [6.745, 6.624, 6.056, 5.075, 4.139, 4.168, 4.282, 4.448, 4.255, 4.429, 4.666, 4.356, 4.195, 3.772, 3.537, 3.562, 3.312, 3.822, 4.684, 4.58, 4.236, 4.68, 4.607, 4.352, 4.067, 3.585, 3.392, 3.556, 3.662, 3.361, 3.359, 2.846, 2.457, 2.227, 2.11, 2.091, 1.888, 1.831, 1.327, 0.702, 0.0, 0.708, 1.267, 1.443, 1.424, 1.596, 2.344, 2.286, 2.696, 3.107, 4.164, 5.085, 5.183, 4.738, 4.056, 4.228, 4.921, 4.692, 4.075, 3.39, 3.156, 3.305, 3.549, 3.493, 3.378, 3.291, 2.354, 2.57, 3.027, 3.217, 3.331, 3.929, 3.635, 4.336, 4.621, 4.798, 4.951, 5.07, 4.579, 4.086, 3.727, 5.047, 5.351, 5.516, 6.132, 6.236], [7.149, 6.988, 6.402, 5.374, 4.274, 4.197, 4.325, 4.478, 4.31, 4.435, 4.542, 4.294, 4.101, 3.839, 3.627, 3.616, 3.423, 4.161, 5.078, 4.907, 4.418, 4.659, 4.537, 4.29, 3.962, 3.676, 3.563, 3.8, 4.057, 3.734, 3.673, 3.121, 2.498, 2.223, 2.152, 2.223, 2.228, 1.954, 1.325, 0.863, 0.708, 0.0, 0.793, 1.114, 1.251, 1.774, 2.359, 2.331, 2.917, 3.462, 4.532, 5.497, 5.575, 5.084, 4.421, 4.644, 5.34, 5.137, 4.497, 3.786, 3.494, 3.589, 3.852, 3.65, 3.575, 3.534, 2.743, 2.969, 3.363, 3.441, 3.637, 4.256, 3.749, 4.243, 4.509, 4.721, 4.892, 5.001, 4.571, 4.05, 3.992, 5.341, 5.648, 5.838, 6.456, 6.56], [7.717, 7.552, 6.966, 5.902, 4.574, 4.401, 4.508, 4.675, 4.495, 4.584, 4.653, 4.403, 4.213, 4.163, 4.007, 3.975, 3.885, 4.725, 5.642, 5.45, 4.92, 4.877, 4.702, 4.454, 4.147, 3.951, 3.876, 4.3, 4.602, 4.281, 4.256, 3.558, 2.893, 2.466, 2.476, 2.644, 2.692, 2.325, 1.646, 1.261, 1.267, 0.793, 0.0, 0.793, 1.25, 2.111, 2.76, 2.725, 3.431, 4.028, 5.123, 6.108, 6.162, 5.632, 4.949, 5.194, 5.898, 5.684, 5.068, 4.32, 4.006, 4.031, 4.255, 3.992, 3.911, 4.065, 3.298, 3.396, 3.88, 3.992, 4.194, 4.802, 4.056, 4.434, 4.643, 4.864, 5.038, 5.142, 4.713, 4.316, 4.47, 5.854, 6.19, 6.377, 7.001, 7.106], [7.722, 7.559, 6.943, 5.9, 4.756, 4.673, 4.816, 4.955, 4.786, 4.883, 4.948, 4.714, 4.53, 4.423, 4.284, 4.257, 4.034, 4.856, 5.668, 5.483, 4.924, 5.134, 5.0, 4.741, 4.409, 4.067, 4.008, 4.353, 4.582, 4.315, 4.263, 3.555, 3.024, 2.617, 2.593, 2.598, 2.734, 2.439, 1.936, 1.546, 1.443, 1.114, 0.793, 0.0, 0.801, 2.175, 2.684, 2.632, 3.444, 4.046, 5.105, 6.056, 6.163, 5.593, 4.923, 5.162, 5.868, 5.643, 5.041, 4.297, 3.982, 4.11, 4.336, 4.18, 4.026, 4.158, 3.47, 3.461, 3.918, 4.065, 4.252, 4.868, 4.267, 4.704, 4.946, 5.171, 5.342, 5.45, 5.049, 4.52, 4.471, 5.848, 6.203, 6.405, 7.059, 7.143], [7.233, 7.083, 6.49, 5.607, 4.921, 4.904, 5.033, 5.193, 5.032, 5.122, 5.207, 4.982, 4.794, 4.462, 4.222, 4.237, 3.942, 4.512, 5.169, 5.007, 4.779, 5.365, 5.278, 4.971, 4.645, 4.241, 4.137, 4.272, 4.166, 3.832, 3.76, 3.384, 3.043, 2.726, 2.591, 2.514, 2.472, 2.324, 1.973, 1.561, 1.424, 1.251, 1.25, 0.801, 0.0, 1.702, 2.241, 2.204, 2.952, 3.54, 4.592, 5.547, 5.652, 5.143, 4.521, 4.796, 5.458, 5.227, 4.604, 3.971, 3.783, 4.04, 4.298, 4.199, 4.087, 3.805, 3.133, 3.196, 3.56, 3.695, 3.786, 4.378, 4.313, 4.964, 5.214, 5.449, 5.623, 5.727, 5.301, 4.703, 4.219, 5.443, 5.774, 5.966, 6.578, 6.662], [5.714, 5.592, 5.12, 4.905, 4.641, 4.688, 4.767, 4.914, 4.715, 4.893, 5.028, 4.748, 4.523, 4.135, 3.819, 3.739, 3.457, 3.632, 3.803, 3.681, 4.088, 5.164, 4.994, 4.755, 4.51, 4.01, 3.787, 3.714, 3.165, 2.91, 2.646, 2.782, 2.53, 2.389, 2.265, 2.12, 1.844, 1.827, 1.815, 1.679, 1.596, 1.774, 2.111, 2.175, 1.702, 0.0, 1.351, 1.425, 1.786, 2.282, 3.243, 4.173, 4.245, 3.725, 3.554, 3.618, 4.24, 4.058, 3.599, 3.109, 3.091, 3.361, 3.626, 3.599, 3.572, 2.965, 2.237, 2.373, 2.582, 2.606, 2.505, 3.123, 3.748, 4.642, 4.926, 5.104, 5.268, 5.373, 4.875, 4.314, 3.431, 4.411, 4.839, 4.703, 5.057, 5.086], [5.158, 5.106, 4.767, 4.589, 4.236, 4.231, 4.342, 4.397, 4.295, 4.445, 4.568, 4.457, 4.487, 3.779, 3.618, 3.63, 3.573, 3.818, 3.735, 3.646, 3.858, 4.733, 4.539, 4.36, 4.008, 3.443, 3.327, 3.346, 2.827, 2.607, 2.471, 2.814, 2.675, 2.763, 2.61, 2.611, 2.444, 1.977, 2.333, 2.459, 2.344, 2.359, 2.76, 2.684, 2.241, 1.351, 0.0, 0.995, 1.335, 1.818, 2.817, 3.908, 3.916, 3.408, 3.225, 3.26, 3.775, 3.606, 3.197, 2.724, 2.767, 3.074, 3.342, 3.361, 3.22, 2.79, 2.594, 2.905, 2.95, 2.717, 2.434, 3.156, 3.5, 4.112, 4.382, 4.589, 4.762, 4.867, 4.478, 3.976, 3.215, 4.099, 4.702, 4.523, 4.71, 4.71], [5.342, 5.174, 4.739, 4.31, 3.88, 3.88, 4.028, 4.221, 4.088, 4.163, 4.331, 4.154, 4.192, 3.621, 3.616, 3.465, 3.554, 3.777, 3.738, 3.636, 3.533, 4.358, 4.111, 3.913, 3.587, 3.083, 3.035, 2.991, 2.669, 2.706, 2.437, 2.579, 2.432, 2.544, 2.443, 2.42, 2.317, 1.889, 2.143, 2.31, 2.286, 2.331, 2.725, 2.632, 2.204, 1.425, 0.995, 0.0, 1.263, 1.885, 2.986, 4.182, 4.309, 3.57, 2.997, 3.17, 3.649, 3.492, 2.943, 2.422, 2.349, 2.738, 3.017, 2.978, 2.79, 2.808, 2.548, 2.785, 2.824, 2.667, 2.428, 3.164, 3.091, 3.698, 3.973, 4.181, 4.352, 4.461, 4.021, 3.509, 2.944, 3.799, 4.533, 4.364, 4.905, 4.882], [4.381, 4.351, 3.849, 3.746, 3.543, 3.968, 3.982, 4.04, 4.018, 4.227, 4.547, 4.242, 4.18, 3.437, 3.247, 3.17, 3.154, 3.292, 3.127, 2.973, 3.176, 4.175, 3.956, 3.715, 3.503, 2.926, 2.727, 2.616, 2.283, 2.058, 1.958, 2.524, 2.353, 2.506, 2.352, 2.294, 2.184, 1.844, 2.325, 2.567, 2.696, 2.917, 3.431, 3.444, 2.952, 1.786, 1.335, 1.263, 0.0, 1.141, 2.227, 3.244, 3.43, 3.022, 2.733, 2.686, 3.052, 2.855, 2.329, 2.065, 2.061, 2.39, 2.604, 2.584, 2.452, 2.247, 2.142, 2.363, 2.437, 2.141, 1.759, 2.309, 2.619, 3.37, 3.667, 3.824, 3.979, 4.135, 3.785, 3.303, 2.254, 3.081, 3.769, 3.577, 3.881, 3.843], [3.814, 3.779, 3.302, 3.133, 3.28, 3.682, 3.754, 3.772, 3.75, 4.187, 4.57, 4.371, 4.322, 3.473, 3.103, 2.964, 2.883, 2.714, 2.589, 2.54, 2.679, 3.873, 4.044, 3.793, 3.645, 3.019, 2.768, 2.185, 1.86, 1.713, 1.702, 2.123, 2.124, 2.302, 2.198, 2.095, 2.008, 1.902, 2.588, 2.988, 3.107, 3.462, 4.028, 4.046, 3.54, 2.282, 1.818, 1.885, 1.141, 0.0, 1.533, 2.606, 2.772, 2.372, 1.988, 2.064, 2.407, 2.097, 1.619, 1.491, 1.721, 1.892, 2.074, 2.109, 2.046, 1.762, 1.864, 2.226, 2.153, 1.912, 1.521, 1.866, 2.436, 3.505, 3.779, 3.838, 3.928, 4.179, 3.9, 3.505, 1.958, 2.611, 3.367, 3.218, 3.348, 3.354], [2.79, 2.802, 2.784, 3.328, 3.656, 4.032, 3.999, 3.903, 3.963, 4.4, 4.937, 4.696, 4.591, 3.671, 3.347, 3.151, 3.132, 2.666, 1.791, 2.004, 2.528, 4.117, 4.641, 4.395, 4.131, 3.547, 3.225, 2.686, 2.359, 2.214, 2.083, 2.333, 2.493, 2.949, 2.971, 2.676, 2.631, 2.94, 3.701, 4.04, 4.164, 4.532, 5.123, 5.105, 4.592, 3.243, 2.817, 2.986, 2.227, 1.533, 0.0, 1.434, 1.524, 1.222, 1.403, 1.47, 1.609, 1.511, 1.43, 2.045, 2.143, 2.249, 2.277, 2.777, 2.469, 1.824, 2.463, 2.499, 2.29, 2.06, 1.948, 1.947, 2.863, 4.167, 4.471, 4.441, 4.351, 4.721, 4.573, 4.375, 2.635, 2.742, 3.267, 3.193, 2.621, 2.323], [2.449, 2.548, 3.0, 3.696, 4.155, 4.795, 4.794, 4.599, 4.623, 5.166, 5.7, 5.547, 5.17, 4.244, 3.943, 3.764, 3.551, 3.075, 1.998, 2.262, 2.984, 4.504, 5.434, 5.101, 4.84, 4.211, 3.854, 3.258, 2.863, 2.86, 2.665, 3.226, 3.573, 3.976, 3.943, 3.641, 3.59, 3.949, 4.745, 5.049, 5.085, 5.497, 6.108, 6.056, 5.547, 4.173, 3.908, 4.182, 3.244, 2.606, 1.434, 0.0, 0.804, 1.293, 2.088, 1.901, 1.809, 1.789, 2.166, 2.938, 3.122, 3.168, 3.198, 3.707, 3.426, 2.745, 3.422, 3.379, 3.101, 2.885, 2.736, 2.364, 3.532, 5.065, 5.343, 5.167, 4.854, 5.426, 5.418, 5.311, 3.593, 3.158, 3.432, 3.195, 2.549, 2.047], [2.354, 2.545, 2.953, 3.538, 4.184, 4.733, 4.726, 4.506, 4.467, 5.077, 5.615, 5.548, 5.134, 4.028, 3.771, 3.47, 3.253, 2.776, 1.758, 1.955, 2.837, 4.733, 5.75, 5.367, 5.118, 4.521, 4.121, 3.529, 3.118, 2.875, 2.665, 3.193, 3.583, 4.022, 4.061, 3.727, 3.65, 4.028, 4.813, 5.102, 5.183, 5.575, 6.162, 6.163, 5.652, 4.245, 3.916, 4.309, 3.43, 2.772, 1.524, 0.804, 0.0, 1.104, 1.963, 1.884, 1.831, 1.906, 2.443, 3.171, 3.268, 3.241, 3.242, 3.867, 3.604, 2.623, 3.364, 3.326, 3.031, 2.839, 2.717, 2.326, 3.642, 5.362, 5.662, 5.435, 5.061, 5.661, 5.713, 5.659, 3.909, 3.157, 3.436, 3.093, 2.501, 1.859], [2.357, 2.382, 2.548, 3.092, 3.781, 4.198, 4.178, 3.996, 3.945, 4.553, 5.045, 4.981, 4.598, 3.57, 3.355, 2.961, 2.88, 2.558, 1.571, 1.685, 2.113, 4.223, 5.084, 4.726, 4.512, 3.867, 3.511, 2.969, 2.521, 2.47, 2.113, 2.511, 2.866, 3.417, 3.46, 3.172, 3.074, 3.525, 4.302, 4.607, 4.738, 5.084, 5.632, 5.593, 5.143, 3.725, 3.408, 3.57, 3.022, 2.372, 1.222, 1.293, 1.104, 0.0, 1.198, 1.375, 1.345, 1.479, 2.007, 2.736, 2.794, 2.795, 2.826, 3.388, 3.094, 2.269, 3.085, 3.044, 2.8, 2.543, 2.505, 2.065, 2.993, 4.716, 5.023, 4.799, 4.466, 5.061, 5.086, 5.006, 3.385, 2.736, 3.05, 2.847, 2.27, 1.931], [3.106, 2.924, 2.691, 2.565, 3.076, 3.34, 3.36, 3.251, 3.118, 3.65, 4.21, 4.149, 3.916, 2.965, 2.771, 2.438, 2.407, 2.078, 1.613, 1.679, 1.682, 3.47, 4.118, 3.778, 3.535, 2.965, 2.687, 2.115, 2.075, 2.023, 1.848, 1.731, 2.154, 2.763, 2.81, 2.492, 2.433, 2.785, 3.524, 3.871, 4.056, 4.421, 4.949, 4.923, 4.521, 3.554, 3.225, 2.997, 2.733, 1.988, 1.403, 2.088, 1.963, 1.198, 0.0, 1.022, 1.363, 1.226, 1.399, 1.958, 1.894, 1.871, 1.921, 2.484, 2.234, 1.773, 2.408, 2.399, 2.19, 2.059, 2.037, 1.764, 2.27, 3.789, 4.089, 3.867, 3.682, 4.169, 4.168, 4.06, 2.784, 2.364, 2.853, 2.813, 2.684, 2.679], [2.804, 2.664, 2.426, 2.649, 3.11, 3.458, 3.439, 3.283, 3.188, 3.734, 4.217, 4.129, 3.94, 3.063, 2.937, 2.637, 2.654, 2.163, 1.541, 1.705, 1.809, 3.619, 4.273, 3.941, 3.62, 2.987, 2.597, 2.092, 2.011, 2.155, 2.007, 1.962, 2.432, 2.987, 3.074, 2.751, 2.718, 3.028, 3.75, 4.117, 4.228, 4.644, 5.194, 5.162, 4.796, 3.618, 3.26, 3.17, 2.686, 2.064, 1.47, 1.901, 1.884, 1.375, 1.022, 0.0, 0.95, 1.046, 1.335, 1.782, 1.938, 2.048, 2.068, 2.682, 2.15, 1.853, 2.623, 2.537, 2.316, 2.314, 2.126, 1.633, 2.33, 3.899, 4.2, 3.97, 3.654, 4.195, 4.222, 4.183, 2.698, 2.356, 2.661, 2.365, 2.352, 2.42], [2.18, 2.173, 2.185, 2.604, 3.12, 3.632, 3.613, 3.403, 3.408, 3.941, 4.529, 4.502, 4.231, 3.275, 3.175, 2.987, 2.996, 2.44, 1.422, 1.812, 1.974, 3.966, 4.612, 4.3, 3.953, 3.339, 2.952, 2.392, 2.185, 2.415, 2.229, 2.621, 3.134, 3.694, 3.722, 3.43, 3.381, 3.723, 4.447, 4.82, 4.921, 5.34, 5.898, 5.868, 5.458, 4.24, 3.775, 3.649, 3.052, 2.407, 1.609, 1.809, 1.831, 1.345, 1.363, 0.95, 0.0, 0.943, 1.509, 2.175, 2.388, 2.484, 2.508, 3.117, 2.544, 2.411, 3.255, 3.112, 2.883, 2.862, 2.643, 2.075, 2.716, 4.245, 4.546, 4.311, 3.862, 4.267, 4.531, 4.509, 2.97, 2.145, 2.516, 2.258, 1.934, 1.914], [2.32, 2.281, 2.211, 2.33, 2.825, 3.454, 3.469, 3.307, 3.232, 3.776, 4.34, 4.296, 4.053, 3.034, 2.923, 2.652, 2.725, 2.28, 1.518, 1.956, 1.942, 3.455, 4.172, 3.796, 3.494, 2.851, 2.499, 1.931, 1.855, 2.069, 2.001, 2.345, 2.898, 3.47, 3.505, 3.211, 3.159, 3.5, 4.236, 4.575, 4.692, 5.137, 5.684, 5.643, 5.227, 4.058, 3.606, 3.492, 2.855, 2.097, 1.511, 1.789, 1.906, 1.479, 1.226, 1.046, 0.943, 0.0, 1.15, 1.785, 2.016, 2.099, 2.145, 2.627, 2.258, 2.265, 2.995, 2.879, 2.679, 2.639, 2.405, 1.706, 2.394, 3.829, 4.123, 3.878, 3.379, 3.892, 4.103, 4.096, 2.628, 1.885, 2.552, 2.328, 2.01, 2.001], [3.099, 3.038, 2.898, 2.626, 3.071, 3.649, 3.651, 3.605, 3.616, 4.032, 4.571, 4.382, 4.32, 3.409, 3.234, 3.041, 3.078, 2.724, 2.186, 2.364, 2.357, 3.311, 3.647, 3.389, 3.167, 2.619, 2.422, 1.801, 1.666, 1.911, 2.066, 2.17, 2.366, 2.87, 2.894, 2.606, 2.539, 2.891, 3.615, 3.969, 4.075, 4.497, 5.068, 5.041, 4.604, 3.599, 3.197, 2.943, 2.329, 1.619, 1.43, 2.166, 2.443, 2.007, 1.399, 1.335, 1.509, 1.15, 0.0, 1.173, 1.368, 1.475, 1.555, 1.919, 1.836, 1.864, 2.348, 2.356, 2.174, 2.195, 1.93, 1.761, 2.258, 3.197, 3.381, 3.284, 3.32, 3.681, 3.541, 3.32, 1.896, 2.319, 3.06, 2.996, 2.682, 2.774], [3.97, 3.929, 3.468, 2.661, 2.754, 3.187, 3.335, 3.402, 3.333, 3.725, 4.146, 3.972, 4.011, 3.352, 3.206, 3.038, 3.097, 2.838, 2.936, 2.869, 2.415, 3.12, 3.282, 3.02, 2.747, 2.224, 2.052, 1.511, 1.707, 1.863, 2.022, 1.778, 1.97, 2.248, 2.247, 2.134, 2.107, 2.186, 2.906, 3.302, 3.39, 3.786, 4.32, 4.297, 3.971, 3.109, 2.724, 2.422, 2.065, 1.491, 2.045, 2.938, 3.171, 2.736, 1.958, 1.782, 2.175, 1.785, 1.173, 0.0, 0.715, 0.972, 1.143, 1.361, 1.576, 1.87, 2.042, 2.196, 2.182, 2.187, 1.975, 2.005, 2.256, 2.83, 3.102, 3.111, 3.187, 3.409, 2.987, 2.817, 1.754, 2.619, 3.392, 3.279, 3.546, 3.663], [4.221, 4.164, 3.623, 2.543, 2.506, 2.892, 3.072, 3.163, 3.044, 3.426, 3.858, 3.694, 3.766, 3.105, 2.973, 2.781, 2.832, 2.659, 3.026, 2.876, 2.153, 2.991, 3.2, 2.92, 2.611, 2.076, 1.938, 1.431, 1.851, 1.933, 2.031, 1.568, 1.656, 1.921, 1.918, 1.813, 1.899, 2.037, 2.602, 3.023, 3.156, 3.494, 4.006, 3.982, 3.783, 3.091, 2.767, 2.349, 2.061, 1.721, 2.143, 3.122, 3.268, 2.794, 1.894, 1.938, 2.388, 2.016, 1.368, 0.715, 0.0, 0.659, 0.895, 1.176, 1.254, 1.74, 1.954, 2.083, 2.056, 2.022, 1.952, 2.165, 2.135, 2.712, 2.988, 3.034, 3.114, 3.288, 2.88, 2.641, 1.741, 2.645, 3.454, 3.44, 3.815, 3.899], [4.301, 4.248, 3.694, 2.508, 2.34, 2.696, 2.872, 2.974, 2.881, 3.298, 3.787, 3.636, 3.683, 3.019, 2.804, 2.597, 2.666, 2.626, 3.094, 2.871, 2.115, 2.716, 3.078, 2.794, 2.552, 2.04, 1.946, 1.414, 1.957, 2.043, 2.093, 1.608, 1.526, 1.86, 1.867, 1.923, 1.952, 2.138, 2.645, 3.082, 3.305, 3.589, 4.031, 4.11, 4.04, 3.361, 3.074, 2.738, 2.39, 1.892, 2.249, 3.168, 3.241, 2.795, 1.871, 2.048, 2.484, 2.099, 1.475, 0.972, 0.659, 0.0, 0.581, 0.912, 1.204, 1.693, 1.928, 2.151, 2.108, 2.026, 2.071, 2.328, 1.968, 2.573, 2.812, 2.803, 2.956, 3.151, 2.818, 2.657, 1.983, 2.75, 3.488, 3.56, 3.882, 3.983], [4.348, 4.269, 3.765, 2.613, 2.378, 2.683, 2.756, 2.901, 2.786, 3.175, 3.711, 3.606, 3.658, 3.199, 3.002, 2.712, 2.762, 2.685, 3.124, 2.913, 2.203, 2.606, 2.971, 2.683, 2.452, 2.05, 1.922, 1.528, 2.074, 2.14, 2.261, 1.597, 1.641, 1.99, 2.029, 2.044, 2.16, 2.268, 2.932, 3.329, 3.549, 3.852, 4.255, 4.336, 4.298, 3.626, 3.342, 3.017, 2.604, 2.074, 2.277, 3.198, 3.242, 2.826, 1.921, 2.068, 2.508, 2.145, 1.555, 1.143, 0.895, 0.581, 0.0, 0.828, 1.279, 1.791, 2.048, 2.242, 2.234, 2.122, 2.176, 2.386, 2.079, 2.54, 2.8, 2.686, 2.915, 3.068, 2.775, 2.63, 2.17, 2.851, 3.615, 3.62, 3.94, 3.999], [4.798, 4.722, 4.233, 2.706, 2.46, 2.787, 2.803, 2.92, 2.848, 3.209, 3.701, 3.527, 3.582, 3.246, 3.051, 2.814, 2.885, 3.093, 3.685, 3.439, 2.425, 2.386, 2.634, 2.367, 2.131, 2.02, 1.931, 1.614, 2.213, 2.442, 2.55, 1.908, 1.722, 1.886, 1.862, 2.183, 2.337, 2.28, 2.643, 3.152, 3.493, 3.65, 3.992, 4.18, 4.199, 3.599, 3.361, 2.978, 2.584, 2.109, 2.777, 3.707, 3.867, 3.388, 2.484, 2.682, 3.117, 2.627, 1.919, 1.361, 1.176, 0.912, 0.828, 0.0, 1.225, 1.897, 2.211, 2.461, 2.494, 2.43, 2.469, 2.775, 2.116, 2.435, 2.608, 2.419, 2.69, 2.776, 2.344, 2.205, 1.976, 2.989, 3.823, 3.981, 4.328, 4.45], [4.306, 4.237, 3.688, 2.404, 2.001, 2.446, 2.458, 2.412, 2.343, 2.783, 3.354, 3.207, 3.198, 2.518, 2.382, 2.138, 2.242, 2.559, 3.083, 3.043, 1.897, 2.366, 2.849, 2.564, 2.314, 1.818, 1.553, 1.377, 2.026, 2.244, 2.303, 1.795, 1.783, 2.156, 2.212, 2.412, 2.505, 2.459, 2.601, 3.118, 3.378, 3.575, 3.911, 4.026, 4.087, 3.572, 3.22, 2.79, 2.452, 2.046, 2.469, 3.426, 3.604, 3.094, 2.234, 2.15, 2.544, 2.258, 1.836, 1.576, 1.254, 1.204, 1.279, 1.225, 0.0, 1.578, 2.142, 2.296, 2.265, 2.203, 2.142, 2.413, 1.466, 2.316, 2.581, 2.501, 2.383, 2.769, 2.633, 2.356, 1.679, 2.394, 3.108, 3.421, 3.909, 3.986], [3.816, 3.766, 3.194, 2.455, 2.891, 3.03, 3.012, 2.915, 2.8, 3.317, 3.775, 3.619, 3.492, 2.51, 2.073, 1.957, 1.796, 1.698, 2.095, 1.891, 1.807, 3.427, 4.007, 3.754, 3.485, 2.9, 2.446, 2.09, 2.039, 1.804, 1.837, 1.618, 1.532, 2.047, 2.093, 2.122, 2.042, 2.357, 2.685, 3.081, 3.291, 3.534, 4.065, 4.158, 3.805, 2.965, 2.79, 2.808, 2.247, 1.762, 1.824, 2.745, 2.623, 2.269, 1.773, 1.853, 2.411, 2.265, 1.864, 1.87, 1.74, 1.693, 1.791, 1.897, 1.578, 0.0, 1.307, 1.404, 1.221, 1.164, 1.395, 1.719, 1.927, 3.283, 3.556, 3.521, 3.451, 3.838, 3.718, 3.643, 2.065, 2.17, 2.708, 2.884, 3.198, 3.274], [4.649, 4.588, 4.007, 3.25, 3.334, 3.433, 3.495, 3.536, 3.348, 3.767, 4.009, 3.744, 3.514, 2.885, 2.379, 2.357, 2.005, 1.693, 2.571, 2.54, 2.666, 4.015, 4.16, 3.924, 3.766, 3.082, 2.771, 2.398, 2.472, 2.103, 2.215, 1.791, 1.692, 1.985, 1.955, 1.812, 1.487, 1.841, 2.073, 2.216, 2.354, 2.743, 3.298, 3.47, 3.133, 2.237, 2.594, 2.548, 2.142, 1.864, 2.463, 3.422, 3.364, 3.085, 2.408, 2.623, 3.255, 2.995, 2.348, 2.042, 1.954, 1.928, 2.048, 2.211, 2.142, 1.307, 0.0, 0.913, 0.996, 1.253, 1.345, 1.853, 2.297, 3.43, 3.746, 3.806, 3.932, 4.208, 4.006, 3.687, 2.309, 3.026, 3.485, 3.534, 3.925, 4.074], [4.551, 4.492, 3.915, 3.214, 3.374, 3.484, 3.474, 3.531, 3.34, 3.71, 4.075, 3.773, 3.507, 2.784, 2.388, 2.341, 2.063, 1.97, 2.487, 2.52, 2.602, 4.013, 4.126, 3.872, 3.707, 3.132, 2.731, 2.418, 2.409, 2.121, 2.231, 1.848, 1.798, 2.092, 2.121, 1.974, 1.739, 2