[[0.0, 3.968, 6.123, 4.397, 4.515, 5.722, 5.728, 5.483, 7.107, 7.185, 6.77, 9.135, 9.867, 10.72, 11.389, 11.075, 11.487, 11.716, 11.701, 11.791, 11.605, 11.255, 11.046, 11.495, 12.272, 12.72, 12.921, 13.189, 13.463, 13.417, 13.536, 13.558, 13.547, 13.555, 13.36, 12.669, 11.724, 11.649, 11.457, 11.237, 11.166, 11.322, 9.847, 8.674, 9.077, 8.418, 8.461, 8.01, 6.728, 7.477, 7.334, 7.766, 9.471, 10.045, 9.696, 10.044, 9.771, 10.102, 10.702, 9.741, 7.993, 7.029, 6.534, 6.351, 6.552, 6.522, 6.674, 6.417, 5.903, 6.345, 6.627, 6.817, 7.229, 6.42, 5.621, 5.618, 5.777, 5.894, 5.93, 5.412, 5.219, 5.27, 5.517, 5.379, 4.903, 4.251], [3.968, 0.0, 2.358, 1.841, 2.126, 3.126, 2.652, 2.858, 3.728, 3.796, 3.509, 5.268, 5.995, 6.841, 7.509, 7.202, 7.637, 7.936, 7.931, 7.971, 7.858, 7.471, 7.156, 7.58, 8.352, 8.783, 9.022, 9.3, 9.536, 9.535, 9.661, 9.73, 9.716, 9.735, 9.529, 8.755, 7.983, 7.987, 7.915, 7.583, 7.445, 7.532, 6.194, 4.897, 5.323, 4.717, 4.972, 4.483, 3.325, 4.127, 4.002, 4.348, 5.893, 6.241, 6.009, 6.358, 6.071, 6.331, 6.982, 6.252, 4.686, 3.768, 3.22, 3.074, 3.19, 3.098, 3.246, 3.056, 2.546, 2.676, 2.866, 3.144, 3.571, 2.908, 2.067, 2.028, 2.242, 2.251, 2.395, 1.965, 1.904, 1.893, 2.231, 1.996, 1.91, 1.766], [6.123, 2.358, 0.0, 1.865, 2.136, 1.986, 1.719, 1.808, 2.143, 2.339, 2.176, 3.087, 3.865, 4.658, 5.295, 5.019, 5.484, 5.824, 5.866, 5.831, 5.761, 5.388, 5.038, 5.449, 6.258, 6.721, 6.984, 7.263, 7.49, 7.46, 7.637, 7.706, 7.686, 7.743, 7.514, 6.744, 6.022, 6.021, 5.949, 5.586, 5.431, 5.507, 4.2, 2.95, 3.345, 2.736, 3.013, 2.571, 1.734, 2.301, 2.076, 2.341, 3.86, 4.133, 3.844, 4.327, 4.077, 4.373, 5.039, 4.298, 2.777, 2.001, 2.15, 2.251, 2.118, 1.926, 1.812, 1.856, 2.408, 2.193, 1.783, 1.539, 1.634, 1.292, 1.74, 1.735, 1.653, 1.563, 1.298, 1.575, 1.779, 1.545, 1.376, 1.88, 2.561, 3.017], [4.397, 1.841, 1.865, 0.0, 0.958, 1.874, 1.784, 1.601, 2.874, 2.981, 2.574, 4.881, 5.599, 6.452, 7.12, 6.807, 7.219, 7.502, 7.484, 7.558, 7.413, 6.989, 6.795, 7.246, 8.021, 8.467, 8.669, 8.937, 9.211, 9.164, 9.282, 9.314, 9.292, 9.302, 9.107, 8.417, 7.479, 7.382, 7.317, 7.041, 6.947, 7.066, 5.623, 4.42, 4.8, 4.141, 4.192, 3.759, 2.469, 3.164, 3.14, 3.613, 5.249, 5.775, 5.483, 5.801, 5.516, 5.856, 6.456, 5.512, 3.777, 2.785, 2.36, 2.358, 2.476, 2.411, 2.476, 2.28, 2.319, 2.428, 2.396, 2.614, 3.016, 2.207, 1.831, 1.819, 1.831, 1.901, 1.805, 1.425, 1.318, 1.201, 1.424, 1.564, 1.775, 1.891], [4.515, 2.126, 2.136, 0.958, 0.0, 1.7, 1.769, 1.498, 3.027, 3.178, 2.696, 5.001, 5.686, 6.531, 7.208, 6.934, 7.333, 7.558, 7.569, 7.731, 7.552, 7.156, 6.959, 7.418, 8.212, 8.66, 8.861, 9.129, 9.403, 9.364, 9.482, 9.504, 9.503, 9.511, 9.307, 8.609, 7.68, 7.542, 7.414, 7.185, 7.053, 7.225, 5.78, 4.614, 5.003, 4.344, 4.384, 3.954, 2.626, 3.29, 3.412, 3.858, 5.569, 6.002, 5.782, 6.072, 5.79, 6.049, 6.635, 5.531, 3.843, 2.859, 2.401, 2.254, 2.42, 2.457, 2.495, 2.338, 2.21, 2.54, 2.593, 2.762, 3.134, 2.411, 1.942, 1.899, 1.807, 1.872, 1.946, 1.521, 1.408, 1.54, 1.633, 1.61, 1.896, 1.971], [5.722, 3.126, 1.986, 1.874, 1.7, 0.0, 0.769, 0.7, 1.702, 1.947, 1.663, 3.689, 4.379, 5.219, 5.898, 5.621, 5.995, 6.201, 6.218, 6.369, 6.172, 5.819, 5.643, 6.094, 6.871, 7.316, 7.517, 7.785, 8.059, 8.018, 8.136, 8.16, 8.131, 8.125, 7.961, 7.266, 6.316, 6.176, 6.045, 5.756, 5.707, 5.88, 4.463, 3.28, 3.662, 3.003, 3.022, 2.606, 1.559, 2.135, 2.011, 2.469, 4.187, 4.66, 4.384, 4.731, 4.433, 4.703, 5.295, 4.376, 2.624, 1.819, 1.927, 2.016, 2.148, 2.071, 1.842, 1.8, 2.169, 2.348, 2.151, 2.15, 2.192, 2.069, 2.383, 2.311, 2.056, 1.879, 1.923, 2.065, 2.022, 2.242, 2.016, 2.256, 2.513, 2.784], [5.728, 2.652, 1.719, 1.784, 1.769, 0.769, 0.0, 0.818, 1.685, 1.897, 1.799, 3.556, 4.273, 5.125, 5.786, 5.473, 5.891, 6.188, 6.171, 6.224, 6.068, 5.65, 5.462, 5.914, 6.695, 7.139, 7.34, 7.608, 7.882, 7.832, 7.95, 7.989, 7.954, 7.958, 7.775, 7.089, 6.157, 6.051, 5.96, 5.686, 5.623, 5.734, 4.287, 3.082, 3.48, 2.821, 2.917, 2.529, 1.447, 2.027, 1.869, 2.348, 3.995, 4.519, 4.221, 4.562, 4.245, 4.516, 5.156, 4.27, 2.535, 1.682, 1.746, 1.774, 1.907, 1.767, 1.503, 1.493, 1.774, 1.895, 1.762, 1.905, 1.994, 1.695, 1.896, 1.832, 1.516, 1.379, 1.459, 1.539, 1.624, 1.861, 1.702, 1.885, 2.239, 2.564], [5.483, 2.858, 1.808, 1.601, 1.498, 0.7, 0.818, 0.0, 1.802, 2.079, 1.783, 3.82, 4.515, 5.376, 6.071, 5.797, 6.187, 6.402, 6.409, 6.546, 6.35, 5.954, 5.794, 6.259, 7.04, 7.478, 7.679, 7.947, 8.221, 8.183, 8.292, 8.345, 8.305, 8.287, 8.117, 7.428, 6.478, 6.333, 6.21, 5.947, 5.869, 6.042, 4.64, 3.447, 3.84, 3.181, 3.198, 2.795, 1.674, 2.265, 2.268, 2.697, 4.41, 4.865, 4.622, 4.952, 4.642, 4.859, 5.464, 4.537, 2.845, 1.896, 1.987, 2.061, 2.245, 2.095, 1.84, 1.815, 2.14, 2.285, 2.161, 2.168, 2.285, 1.853, 2.138, 2.059, 1.856, 1.733, 1.772, 1.83, 1.851, 2.009, 1.762, 2.092, 2.383, 2.585], [7.107, 3.728, 2.143, 2.874, 3.027, 1.702, 1.685, 1.802, 0.0, 0.78, 1.017, 2.222, 2.843, 3.696, 4.382, 4.073, 4.493, 4.737, 4.725, 4.827, 4.645, 4.238, 4.072, 4.537, 5.318, 5.793, 5.984, 6.275, 6.576, 6.586, 6.676, 6.748, 6.708, 6.685, 6.455, 5.772, 4.848, 4.842, 4.654, 4.272, 4.26, 4.419, 3.197, 2.065, 2.319, 1.841, 1.71, 1.722, 1.605, 1.782, 1.662, 1.732, 2.884, 3.304, 3.056, 3.408, 3.118, 3.267, 3.836, 3.036, 1.686, 1.9, 2.383, 2.583, 2.65, 2.36, 2.022, 2.093, 2.716, 2.77, 2.6, 2.464, 2.222, 2.465, 2.84, 2.795, 2.655, 2.531, 2.398, 2.594, 2.701, 2.844, 2.601, 2.915, 3.284, 3.76], [7.185, 3.796, 2.339, 2.981, 3.178, 1.947, 1.897, 2.079, 0.78, 0.0, 0.914, 2.096, 2.728, 3.584, 4.277, 3.968, 4.391, 4.686, 4.671, 4.692, 4.561, 4.155, 3.915, 4.38, 5.161, 5.636, 5.826, 6.122, 6.419, 6.452, 6.548, 6.645, 6.563, 6.57, 6.328, 5.615, 4.738, 4.74, 4.549, 4.262, 4.212, 4.336, 3.019, 1.957, 2.193, 1.955, 1.699, 1.71, 1.562, 1.681, 1.774, 1.756, 2.712, 3.189, 2.895, 3.259, 2.909, 3.118, 3.635, 2.826, 1.643, 1.995, 2.399, 2.628, 2.638, 2.358, 2.055, 2.151, 2.824, 2.949, 2.768, 2.667, 2.457, 2.604, 2.913, 2.964, 2.807, 2.667, 2.457, 2.773, 2.836, 2.878, 2.62, 2.857, 3.296, 3.816], [6.77, 3.509, 2.176, 2.574, 2.696, 1.663, 1.799, 1.783, 1.017, 0.914, 0.0, 2.533, 3.262, 4.095, 4.774, 4.474, 4.961, 5.242, 5.295, 5.247, 5.131, 4.688, 4.411, 4.824, 5.605, 6.066, 6.294, 6.576, 6.851, 6.853, 6.984, 7.111, 7.066, 7.094, 6.809, 6.087, 5.364, 5.443, 5.287, 4.921, 4.807, 4.935, 3.563, 2.324, 2.669, 2.209, 2.165, 1.796, 1.636, 1.84, 1.963, 2.078, 3.397, 3.78, 3.465, 3.938, 3.637, 3.705, 4.293, 3.478, 1.998, 2.056, 2.404, 2.554, 2.614, 2.401, 2.061, 2.12, 2.649, 2.783, 2.692, 2.627, 2.464, 2.638, 2.915, 2.827, 2.658, 2.521, 2.519, 2.69, 2.703, 2.885, 2.711, 2.82, 3.087, 3.436], [9.135, 5.268, 3.087, 4.881, 5.001, 3.689, 3.556, 3.82, 2.222, 2.096, 2.533, 0.0, 0.954, 1.685, 2.349, 2.127, 2.721, 3.018, 3.061, 2.994, 2.9, 2.505, 2.091, 2.458, 3.284, 3.81, 4.057, 4.336, 4.591, 4.552, 4.754, 4.912, 4.868, 4.92, 4.66, 3.914, 3.261, 3.289, 3.188, 2.848, 2.673, 2.75, 1.938, 1.52, 1.441, 1.614, 1.687, 1.881, 2.9, 2.247, 2.549, 2.29, 1.69, 1.751, 1.656, 1.864, 1.507, 1.724, 2.266, 1.653, 2.134, 2.88, 3.542, 3.873, 3.691, 3.322, 3.108, 3.455, 4.288, 4.034, 3.631, 3.27, 2.73, 3.554, 4.329, 4.332, 4.17, 3.988, 3.836, 4.159, 4.391, 4.181, 4.076, 4.406, 4.918, 5.581], [9.867, 5.995, 3.865, 5.599, 5.686, 4.379, 4.273, 4.515, 2.843, 2.728, 3.262, 0.954, 0.0, 0.978, 1.602, 1.433, 1.939, 2.231, 2.262, 2.238, 2.088, 1.705, 1.417, 1.803, 2.653, 3.205, 3.426, 3.724, 4.048, 4.01, 4.184, 4.303, 4.268, 4.316, 3.995, 3.256, 2.666, 2.694, 2.543, 2.25, 2.127, 2.248, 2.093, 1.903, 1.749, 2.099, 2.034, 2.285, 3.507, 2.868, 3.164, 2.739, 1.82, 1.629, 1.759, 1.458, 1.429, 1.634, 1.738, 1.726, 2.455, 3.36, 4.283, 4.664, 4.435, 4.065, 3.827, 4.251, 5.02, 4.768, 4.326, 3.97, 3.418, 4.308, 5.096, 5.131, 4.945, 4.723, 4.579, 4.924, 5.125, 4.898, 4.798, 5.188, 5.659, 6.341], [10.72, 6.841, 4.658, 6.452, 6.531, 5.219, 5.125, 5.376, 3.696, 3.584, 4.095, 1.685, 0.978, 0.0, 0.812, 0.744, 1.238, 1.452, 1.554, 1.504, 1.442, 1.221, 1.139, 1.224, 1.928, 2.444, 2.677, 2.989, 3.293, 3.298, 3.507, 3.617, 3.581, 3.631, 3.342, 2.617, 2.014, 2.137, 2.04, 2.043, 1.879, 1.881, 2.244, 2.629, 2.426, 2.86, 2.702, 3.1, 4.345, 3.699, 4.002, 3.387, 2.037, 1.658, 1.945, 1.577, 1.598, 1.592, 1.425, 1.996, 3.19, 4.219, 5.065, 5.453, 5.236, 4.864, 4.642, 5.011, 5.814, 5.556, 5.111, 4.788, 4.171, 5.097, 5.902, 5.925, 5.722, 5.517, 5.374, 5.709, 5.942, 5.74, 5.633, 6.003, 6.522, 7.187], [11.389, 7.509, 5.295, 7.12, 7.208, 5.898, 5.786, 6.071, 4.382, 4.277, 4.774, 2.349, 1.602, 0.812, 0.0, 0.575, 0.8, 0.98, 1.031, 0.967, 1.028, 1.121, 1.326, 1.096, 1.349, 1.823, 2.066, 2.398, 2.689, 2.652, 2.895, 3.044, 3.023, 3.071, 2.737, 2.131, 1.768, 1.859, 1.892, 1.855, 1.653, 1.645, 2.442, 3.129, 2.971, 3.435, 3.201, 3.663, 4.901, 4.322, 4.625, 3.992, 2.386, 1.972, 2.248, 1.877, 1.939, 1.879, 1.554, 2.299, 3.799, 4.804, 5.759, 6.152, 5.922, 5.513, 5.298, 5.731, 6.429, 6.156, 5.761, 5.42, 4.84, 5.808, 6.606, 6.649, 6.421, 6.16, 6.014, 6.354, 6.582, 6.408, 6.303, 6.709, 7.198, 7.88], [11.075, 7.202, 5.019, 6.807, 6.934, 5.621, 5.473, 5.797, 4.073, 3.968, 4.474, 2.127, 1.433, 0.744, 0.575, 0.0, 0.778, 1.092, 1.084, 1.079, 1.116, 1.167, 1.247, 1.212, 1.581, 2.038, 2.288, 2.587, 2.871, 2.88, 3.082, 3.223, 3.19, 3.238, 2.911, 2.323, 1.803, 1.879, 1.88, 1.835, 1.676, 1.69, 2.229, 2.863, 2.732, 3.215, 2.982, 3.376, 4.62, 4.009, 4.313, 3.686, 2.157, 1.824, 2.018, 1.663, 1.685, 1.681, 1.27, 2.048, 3.498, 4.509, 5.456, 5.849, 5.619, 5.224, 5.001, 5.433, 6.17, 5.93, 5.504, 5.209, 4.591, 5.524, 6.321, 6.383, 6.148, 5.874, 5.718, 6.051, 6.293, 6.097, 5.994, 6.41, 6.889, 7.57], [11.487, 7.637, 5.484, 7.219, 7.333, 5.995, 5.891, 6.187, 4.493, 4.391, 4.961, 2.721, 1.939, 1.238, 0.8, 0.778, 0.0, 0.523, 0.638, 0.658, 0.752, 1.098, 1.402, 1.33, 1.439, 1.72, 1.977, 2.255, 2.538, 2.577, 2.687, 2.801, 2.732, 2.752, 2.412, 1.979, 1.617, 1.646, 1.7, 1.723, 1.5, 1.522, 2.457, 3.269, 3.122, 3.556, 3.261, 3.718, 4.982, 4.414, 4.715, 4.083, 2.39, 2.019, 2.34, 1.863, 2.051, 2.076, 1.613, 2.548, 3.89, 4.926, 5.935, 6.343, 6.104, 5.763, 5.525, 5.956, 6.645, 6.383, 6.041, 5.736, 5.119, 5.991, 6.76, 6.868, 6.639, 6.36, 6.178, 6.587, 6.708, 6.565, 6.427, 6.888, 7.323, 8.004], [11.716, 7.936, 5.824, 7.502, 7.558, 6.201, 6.188, 6.402, 4.737, 4.686, 5.242, 3.018, 2.231, 1.452, 0.98, 1.092, 0.523, 0.0, 0.475, 0.618, 0.726, 1.247, 1.631, 1.459, 1.358, 1.647, 1.887, 2.172, 2.412, 2.46, 2.594, 2.684, 2.614, 2.637, 2.299, 1.793, 1.563, 1.624, 1.663, 1.679, 1.525, 1.571, 2.783, 3.617, 3.433, 3.875, 3.558, 4.032, 5.293, 4.756, 5.03, 4.363, 2.678, 2.278, 2.609, 2.141, 2.379, 2.411, 1.941, 2.869, 4.202, 5.256, 6.257, 6.656, 6.412, 6.086, 5.858, 6.281, 6.947, 6.737, 6.381, 6.059, 5.443, 6.303, 7.071, 7.187, 6.984, 6.717, 6.542, 6.935, 7.038, 6.872, 6.719, 7.195, 7.615, 8.302], [11.701, 7.931, 5.866, 7.484, 7.569, 6.218, 6.171, 6.409, 4.725, 4.671, 5.295, 3.061, 2.262, 1.554, 1.031, 1.084, 0.638, 0.475, 0.0, 0.511, 0.619, 1.207, 1.558, 1.559, 1.365, 1.491, 1.707, 2.009, 2.3, 2.342, 2.456, 2.544, 2.468, 2.471, 2.152, 1.748, 1.533, 1.593, 1.645, 1.73, 1.518, 1.566, 2.749, 3.57, 3.401, 3.844, 3.566, 4.059, 5.298, 4.727, 5.001, 4.334, 2.612, 2.169, 2.574, 2.073, 2.328, 2.358, 1.863, 2.822, 4.181, 5.237, 6.238, 6.637, 6.399, 6.066, 5.833, 6.251, 6.954, 6.696, 6.326, 6.006, 5.39, 6.285, 7.054, 7.14, 6.937, 6.682, 6.509, 6.91, 7.013, 6.859, 6.708, 7.182, 7.603, 8.289], [11.791, 7.971, 5.831, 7.558, 7.731, 6.369, 6.224, 6.546, 4.827, 4.692, 5.247, 2.994, 2.238, 1.504, 0.967, 1.079, 0.658, 0.618, 0.511, 0.0, 0.6, 1.144, 1.478, 1.322, 1.168, 1.339, 1.535, 1.849, 2.119, 2.134, 2.263, 2.366, 2.277, 2.307, 1.993, 1.579, 1.427, 1.532, 1.592, 1.701, 1.516, 1.489, 2.666, 3.526, 3.354, 3.796, 3.539, 4.013, 5.283, 4.687, 4.989, 4.362, 2.56, 2.174, 2.447, 2.116, 2.294, 2.3, 1.784, 2.788, 4.202, 5.216, 6.234, 6.641, 6.403, 6.062, 5.815, 6.24, 6.929, 6.673, 6.312, 5.993, 5.381, 6.289, 7.059, 7.14, 6.907, 6.654, 6.467, 6.889, 7.007, 6.872, 6.711, 7.186, 7.606, 8.294], [11.605, 7.858, 5.761, 7.413, 7.552, 6.172, 6.068, 6.35, 4.645, 4.561, 5.131, 2.9, 2.088, 1.442, 1.028, 1.116, 0.752, 0.726, 0.619, 0.6, 0.0, 0.773, 1.169, 1.185, 1.179, 1.57, 1.774, 2.058, 2.47, 2.383, 2.418, 2.495, 2.397, 2.402, 2.179, 1.653, 1.545, 1.665, 1.644, 1.806, 1.658, 1.677, 2.646, 3.401, 3.234, 3.66, 3.433, 3.897, 5.161, 4.558, 4.822, 4.163, 2.388, 2.049, 2.449, 1.967, 2.189, 2.197, 1.748, 2.659, 4.042, 5.082, 6.104, 6.511, 6.273, 5.932, 5.694, 6.119, 6.806, 6.548, 6.182, 5.837, 5.245, 6.159, 6.929, 7.01, 6.777, 6.52, 6.349, 6.765, 6.892, 6.751, 6.572, 7.056, 7.47, 8.163], [11.255, 7.471, 5.388, 6.989, 7.156, 5.819, 5.65, 5.954, 4.238, 4.155, 4.688, 2.505, 1.705, 1.221, 1.121, 1.167, 1.098, 1.247, 1.207, 1.144, 0.773, 0.0, 0.853, 1.195, 1.515, 2.016, 2.238, 2.523, 2.982, 2.851, 2.851, 2.892, 2.84, 2.856, 2.614, 1.985, 1.802, 1.778, 1.901, 1.953, 1.774, 1.747, 2.355, 3.015, 2.818, 3.253, 3.019, 3.514, 4.761, 4.19, 4.488, 3.861, 2.01, 1.671, 2.136, 1.628, 1.826, 1.813, 1.496, 2.294, 3.663, 4.675, 5.69, 6.087, 5.867, 5.5, 5.257, 5.685, 6.359, 6.118, 5.747, 5.409, 4.82, 5.722, 6.492, 6.573, 6.34, 6.087, 5.914, 6.346, 6.458, 6.306, 6.16, 6.619, 7.051, 7.732], [11.046, 7.156, 5.038, 6.795, 6.959, 5.643, 5.462, 5.794, 4.072, 3.915, 4.411, 2.091, 1.417, 1.139, 1.326, 1.247, 1.402, 1.631, 1.558, 1.478, 1.169, 0.853, 0.0, 1.175, 1.609, 2.196, 2.426, 2.678, 3.055, 3.138, 3.235, 3.347, 3.294, 3.316, 2.995, 2.368, 2.168, 2.091, 2.17, 2.062, 2.034, 2.022, 2.105, 2.716, 2.523, 2.998, 2.82, 3.265, 4.541, 3.981, 4.277, 3.664, 1.846, 1.487, 2.019, 1.511, 1.641, 1.499, 1.132, 1.872, 3.441, 4.439, 5.323, 5.724, 5.483, 5.105, 4.894, 5.264, 5.876, 5.649, 5.326, 4.979, 4.421, 5.382, 6.21, 6.236, 6.009, 5.79, 5.646, 5.952, 6.148, 6.034, 5.926, 6.314, 6.816, 7.498], [11.495, 7.58, 5.449, 7.246, 7.418, 6.094, 5.914, 6.259, 4.537, 4.38, 4.824, 2.458, 1.803, 1.224, 1.096, 1.212, 1.33, 1.459, 1.559, 1.322, 1.185, 1.195, 1.175, 0.0, 1.073, 1.842, 2.079, 2.365, 2.672, 2.809, 3.046, 3.24, 3.241, 3.258, 2.938, 2.038, 1.807, 2.0, 1.873, 1.812, 1.697, 1.646, 2.13, 2.981, 2.696, 3.271, 3.117, 3.552, 4.928, 4.395, 4.645, 4.086, 2.33, 2.036, 2.344, 1.895, 2.005, 1.736, 1.528, 2.202, 3.865, 4.791, 5.567, 5.989, 5.727, 5.432, 5.242, 5.52, 6.162, 5.92, 5.572, 5.24, 4.714, 5.671, 6.538, 6.507, 6.274, 6.087, 5.927, 6.298, 6.508, 6.465, 6.324, 6.685, 7.135, 7.833], [12.272, 8.352, 6.258, 8.021, 8.212, 6.871, 6.695, 7.04, 5.318, 5.161, 5.605, 3.284, 2.653, 1.928, 1.349, 1.581, 1.439, 1.358, 1.365, 1.168, 1.179, 1.515, 1.609, 1.073, 0.0, 0.945, 1.16, 1.396, 1.705, 1.868, 2.077, 2.285, 2.289, 2.299, 1.999, 1.361, 1.603, 1.77, 1.939, 1.982, 1.814, 1.723, 2.773, 3.722, 3.411, 4.04, 3.873, 4.336, 5.676, 5.143, 5.394, 4.835, 2.896, 2.46, 2.916, 2.453, 2.66, 2.393, 1.874, 2.889, 4.642, 5.564, 6.324, 6.755, 6.484, 6.213, 6.023, 6.283, 6.933, 6.686, 6.338, 6.006, 5.482, 6.438, 7.319, 7.273, 7.04, 6.868, 6.698, 7.078, 7.284, 7.246, 7.105, 7.466, 7.916, 8.614], [12.72, 8.783, 6.721, 8.467, 8.66, 7.316, 7.139, 7.478, 5.793, 5.636, 6.066, 3.81, 3.205, 2.444, 1.823, 2.038, 1.72, 1.647, 1.491, 1.339, 1.57, 2.016, 2.196, 1.842, 0.945, 0.0, 0.502, 0.795, 1.109, 1.239, 1.446, 1.632, 1.617, 1.61, 1.46, 1.517, 1.97, 2.088, 2.285, 2.342, 2.119, 1.967, 3.168, 4.17, 3.888, 4.537, 4.401, 4.866, 6.174, 5.573, 5.824, 5.264, 3.32, 2.851, 3.298, 2.896, 3.108, 2.845, 2.366, 3.415, 5.133, 6.043, 6.791, 7.214, 6.946, 6.652, 6.461, 6.771, 7.45, 7.19, 6.801, 6.486, 5.94, 6.896, 7.757, 7.732, 7.499, 7.309, 7.152, 7.516, 7.723, 7.685, 7.544, 7.904, 8.359, 9.053], [12.921, 9.022, 6.984, 8.669, 8.861, 7.517, 7.34, 7.679, 5.984, 5.826, 6.294, 4.057, 3.426, 2.677, 2.066, 2.288, 1.977, 1.887, 1.707, 1.535, 1.774, 2.238, 2.426, 2.079, 1.16, 0.502, 0.0, 0.459, 0.863, 0.99, 1.208, 1.359, 1.336, 1.307, 1.21, 1.45, 2.101, 2.223, 2.322, 2.381, 2.196, 2.047, 3.401, 4.387, 4.098, 4.749, 4.61, 5.08, 6.388, 5.755, 6.005, 5.446, 3.492, 3.044, 3.524, 3.079, 3.295, 3.015, 2.537, 3.582, 5.31, 6.224, 6.97, 7.392, 7.125, 6.843, 6.653, 6.957, 7.66, 7.38, 6.987, 6.641, 6.113, 7.071, 7.948, 7.907, 7.674, 7.498, 7.328, 7.708, 7.922, 7.876, 7.735, 8.096, 8.546, 9.244], [13.189, 9.3, 7.263, 8.937, 9.129, 7.785, 7.608, 7.947, 6.275, 6.122, 6.576, 4.336, 3.724, 2.989, 2.398, 2.587, 2.255, 2.172, 2.009, 1.849, 2.058, 2.523, 2.678, 2.365, 1.396, 0.795, 0.459, 0.0, 0.734, 0.898, 1.076, 1.277, 1.217, 1.18, 1.126, 1.537, 2.224, 2.378, 2.403, 2.513, 2.352, 2.258, 3.653, 4.643, 4.353, 5.005, 4.899, 5.376, 6.658, 5.989, 6.237, 5.687, 3.743, 3.3, 3.776, 3.307, 3.531, 3.266, 2.773, 3.789, 5.568, 6.486, 7.168, 7.604, 7.306, 7.091, 6.901, 7.086, 7.897, 7.637, 7.196, 6.895, 6.361, 7.315, 8.197, 8.125, 7.916, 7.746, 7.576, 7.956, 8.183, 8.125, 7.984, 8.344, 8.795, 9.493], [13.463, 9.536, 7.49, 9.211, 9.403, 8.059, 7.882, 8.221, 6.576, 6.419, 6.851, 4.591, 4.048, 3.293, 2.689, 2.871, 2.538, 2.412, 2.3, 2.119, 2.47, 2.982, 3.055, 2.672, 1.705, 1.109, 0.863, 0.734, 0.0, 0.8, 1.088, 1.153, 1.133, 1.048, 1.08, 1.509, 2.129, 2.34, 2.362, 2.526, 2.452, 2.302, 3.757, 4.871, 4.581, 5.24, 5.193, 5.645, 6.928, 6.249, 6.486, 5.939, 4.036, 3.59, 3.981, 3.58, 3.8, 3.466, 3.026, 4.087, 5.88, 6.788, 7.414, 7.85, 7.556, 7.338, 7.148, 7.36, 8.107, 7.803, 7.445, 7.147, 6.607, 7.562, 8.444, 8.371, 8.163, 7.993, 7.823, 8.21, 8.441, 8.397, 8.231, 8.591, 9.042, 9.739], [13.417, 9.535, 7.46, 9.164, 9.364, 8.018, 7.832, 8.183, 6.586, 6.452, 6.853, 4.552, 4.01, 3.298, 2.652, 2.88, 2.577, 2.46, 2.342, 2.134, 2.383, 2.851, 3.138, 2.809, 1.868, 1.239, 0.99, 0.898, 0.8, 0.0, 0.559, 0.799, 0.943, 0.849, 0.9, 1.288, 1.99, 2.176, 2.223, 2.495, 2.474, 2.322, 3.73, 4.812, 4.587, 5.215, 5.242, 5.722, 7.004, 6.213, 6.373, 5.839, 3.969, 3.528, 3.935, 3.554, 3.752, 3.536, 3.215, 4.15, 5.856, 6.767, 7.492, 7.884, 7.636, 7.297, 7.078, 7.476, 8.267, 7.967, 7.536, 7.191, 6.599, 7.545, 8.37, 8.396, 8.163, 7.938, 7.782, 8.177, 8.435, 8.32, 8.127, 8.484, 8.976, 9.658], [13.536, 9.661, 7.637, 9.282, 9.482, 8.136, 7.95, 8.292, 6.676, 6.548, 6.984, 4.754, 4.184, 3.507, 2.895, 3.082, 2.687, 2.594, 2.456, 2.263, 2.418, 2.851, 3.235, 3.046, 2.077, 1.446, 1.208, 1.076, 1.088, 0.559, 0.0, 0.503, 0.719, 0.621, 0.727, 1.31, 2.097, 2.241, 2.393, 2.678, 2.695, 2.573, 4.085, 5.019, 4.794, 5.42, 5.423, 5.89, 7.184, 6.312, 6.458, 5.951, 4.11, 3.695, 4.07, 3.671, 3.881, 3.769, 3.483, 4.393, 5.946, 6.943, 7.647, 8.047, 7.825, 7.517, 7.321, 7.66, 8.463, 8.172, 7.739, 7.42, 6.801, 7.695, 8.487, 8.546, 8.317, 8.051, 7.885, 8.437, 8.685, 8.451, 8.261, 8.633, 9.086, 9.747], [13.558, 9.73, 7.706, 9.314, 9.504, 8.16, 7.989, 8.345, 6.748, 6.645, 7.111, 4.912, 4.303, 3.617, 3.044, 3.223, 2.801, 2.684, 2.544, 2.366, 2.495, 2.892, 3.347, 3.24, 2.285, 1.632, 1.359, 1.277, 1.153, 0.799, 0.503, 0.0, 0.531, 0.464, 0.74, 1.523, 2.209, 2.33, 2.477, 2.759, 2.781, 2.7, 4.194, 5.159, 4.994, 5.55, 5.538, 6.017, 7.299, 6.419, 6.514, 5.961, 4.145, 3.73, 4.097, 3.69, 3.908, 3.934, 3.616, 4.521, 6.02, 7.089, 7.83, 8.193, 7.988, 7.664, 7.459, 7.834, 8.664, 8.374, 7.902, 7.576, 6.957, 7.856, 8.63, 8.697, 8.485, 8.222, 8.03, 8.529, 8.766, 8.516, 8.334, 8.761, 9.258, 9.892], [13.547, 9.716, 7.686, 9.292, 9.503, 8.131, 7.954, 8.305, 6.708, 6.563, 7.066, 4.868, 4.268, 3.581, 3.023, 3.19, 2.732, 2.614, 2.468, 2.277, 2.397, 2.84, 3.294, 3.241, 2.289, 1.617, 1.336, 1.217, 1.133, 0.943, 0.719, 0.531, 0.0, 0.38, 0.705, 1.556, 2.226, 2.333, 2.496, 2.717, 2.778, 2.703, 4.228, 5.226, 5.084, 5.606, 5.466, 5.951, 7.206, 6.378, 6.601, 6.008, 4.144, 3.707, 4.052, 3.674, 3.899, 3.973, 3.598, 4.556, 6.028, 7.1, 7.921, 8.312, 8.097, 7.766, 7.538, 7.929, 8.74, 8.464, 8.011, 7.679, 7.065, 7.965, 8.736, 8.811, 8.59, 8.323, 8.14, 8.609, 8.807, 8.565, 8.391, 8.866, 9.312, 9.976], [13.555, 9.735, 7.743, 9.302, 9.511, 8.125, 7.958, 8.287, 6.685, 6.57, 7.094, 4.92, 4.316, 3.631, 3.071, 3.238, 2.752, 2.637, 2.471, 2.307, 2.402, 2.856, 3.316, 3.258, 2.299, 1.61, 1.307, 1.18, 1.048, 0.849, 0.621, 0.464, 0.38, 0.0, 0.722, 1.481, 2.116, 2.274, 2.393, 2.634, 2.703, 2.629, 4.169, 5.174, 5.011, 5.56, 5.452, 5.938, 7.211, 6.346, 6.553, 5.991, 4.158, 3.744, 4.111, 3.676, 3.908, 3.896, 3.554, 4.526, 6.018, 7.047, 7.874, 8.279, 8.05, 7.724, 7.512, 7.888, 8.683, 8.417, 7.967, 7.636, 7.021, 7.931, 8.705, 8.78, 8.548, 8.287, 8.11, 8.567, 8.795, 8.566, 8.349, 8.833, 9.262, 9.94], [13.36, 9.529, 7.514, 9.107, 9.307, 7.961, 7.775, 8.117, 6.455, 6.328, 6.809, 4.66, 3.995, 3.342, 2.737, 2.911, 2.412, 2.299, 2.152, 1.993, 2.179, 2.614, 2.995, 2.938, 1.999, 1.46, 1.21, 1.126, 1.08, 0.9, 0.727, 0.74, 0.705, 0.722, 0.0, 1.122, 1.899, 1.988, 2.09, 2.324, 2.362, 2.285, 3.848, 4.883, 4.69, 5.208, 5.111, 5.592, 6.872, 6.136, 6.378, 5.794, 3.947, 3.529, 3.865, 3.465, 3.677, 3.598, 3.227, 4.17, 5.734, 6.722, 7.635, 8.042, 7.802, 7.455, 7.236, 7.649, 8.343, 8.069, 7.728, 7.395, 6.802, 7.692, 8.467, 8.563, 8.334, 8.055, 7.875, 8.314, 8.458, 8.314, 8.164, 8.614, 9.057, 9.726], [12.669, 8.755, 6.744, 8.417, 8.609, 7.266, 7.089, 7.428, 5.772, 5.615, 6.087, 3.914, 3.256, 2.617, 2.131, 2.323, 1.979, 1.793, 1.748, 1.579, 1.653, 1.985, 2.368, 2.038, 1.361, 1.517, 1.45, 1.537, 1.509, 1.288, 1.31, 1.523, 1.556, 1.481, 1.122, 0.0, 1.104, 1.291, 1.388, 1.603, 1.605, 1.483, 3.066, 4.064, 3.832, 4.432, 4.344, 4.793, 6.083, 5.442, 5.644, 5.127, 3.222, 2.802, 3.187, 2.745, 2.963, 2.761, 2.574, 3.461, 5.075, 6.003, 6.829, 7.226, 6.986, 6.657, 6.447, 6.848, 7.49, 7.269, 6.901, 6.548, 5.969, 6.883, 7.674, 7.73, 7.497, 7.24, 7.082, 7.565, 7.746, 7.609, 7.426, 7.79, 8.256, 8.937], [11.724, 7.983, 6.022, 7.479, 7.68, 6.316, 6.157, 6.478, 4.848, 4.738, 5.364, 3.261, 2.666, 2.014, 1.768, 1.803, 1.617, 1.563, 1.533, 1.427, 1.545, 1.802, 2.168, 1.807, 1.603, 1.97, 2.101, 2.224, 2.129, 1.99, 2.097, 2.209, 2.226, 2.116, 1.899, 1.104, 0.0, 0.565, 0.772, 1.087, 1.114, 1.07, 2.405, 3.416, 3.224, 3.741, 3.595, 4.127, 5.353, 4.524, 4.737, 4.172, 2.519, 2.211, 2.552, 1.989, 2.133, 2.078, 1.976, 2.719, 4.156, 5.202, 6.051, 6.456, 6.216, 5.897, 5.686, 6.064, 6.839, 6.622, 6.194, 5.884, 5.246, 6.12, 6.889, 6.996, 6.766, 6.476, 6.291, 6.752, 6.98, 6.763, 6.545, 7.017, 7.441, 8.121], [11.649, 7.987, 6.021, 7.382, 7.542, 6.176, 6.051, 6.333, 4.842, 4.74, 5.443, 3.289, 2.694, 2.137, 1.859, 1.879, 1.646, 1.624, 1.593, 1.532, 1.665, 1.778, 2.091, 2.0, 1.77, 2.088, 2.223, 2.378, 2.34, 2.176, 2.241, 2.33, 2.333, 2.274, 1.988, 1.291, 0.565, 0.0, 0.834, 1.111, 1.054, 1.013, 2.365, 3.561, 3.344, 3.861, 3.604, 4.211, 5.403, 4.539, 4.772, 4.198, 2.386, 2.027, 2.409, 1.87, 2.035, 2.162, 1.921, 2.689, 4.133, 5.24, 6.036, 6.453, 6.245, 5.919, 5.69, 6.107, 6.953, 6.731, 6.309, 5.984, 5.346, 6.155, 6.905, 7.053, 6.854, 6.537, 6.308, 6.757, 6.93, 6.685, 6.544, 6.999, 7.482, 8.116], [11.457, 7.915, 5.949, 7.317, 7.414, 6.045, 5.96, 6.21, 4.654, 4.549, 5.287, 3.188, 2.543, 2.04, 1.892, 1.88, 1.7, 1.663, 1.645, 1.592, 1.644, 1.901, 2.17, 1.873, 1.939, 2.285, 2.322, 2.403, 2.362, 2.223, 2.393, 2.477, 2.496, 2.393, 2.09, 1.388, 0.772, 0.834, 0.0, 0.832, 0.924, 0.988, 2.167, 3.376, 3.163, 3.666, 3.416, 4.003, 5.159, 4.35, 4.568, 3.969, 2.409, 2.214, 2.511, 1.913, 2.029, 2.063, 1.976, 2.447, 3.912, 4.961, 5.898, 6.304, 6.065, 5.722, 5.499, 5.932, 6.718, 6.554, 6.143, 5.773, 5.156, 5.985, 6.762, 6.91, 6.68, 6.371, 6.141, 6.588, 6.729, 6.539, 6.378, 6.855, 7.276, 7.969], [11.237, 7.583, 5.586, 7.041, 7.185, 5.756, 5.686, 5.947, 4.272, 4.262, 4.921, 2.848, 2.25, 2.043, 1.855, 1.835, 1.723, 1.679, 1.73, 1.701, 1.806, 1.953, 2.062, 1.812, 1.982, 2.342, 2.381, 2.513, 2.526, 2.495, 2.678, 2.759, 2.717, 2.634, 2.324, 1.603, 1.087, 1.111, 0.832, 0.0, 0.621, 0.794, 1.955, 2.987, 2.776, 3.307, 3.008, 3.577, 4.792, 4.14, 4.398, 3.757, 2.317, 2.118, 2.309, 1.862, 1.809, 1.809, 1.908, 2.231, 3.72, 4.744, 5.74, 6.147, 5.907, 5.559, 5.325, 5.754, 6.421, 6.224, 5.884, 5.591, 4.97, 5.817, 6.586, 6.715, 6.473, 6.161, 5.98, 6.391, 6.522, 6.379, 6.218, 6.694, 7.115, 7.808], [11.166, 7.445, 5.431, 6.947, 7.053, 5.707, 5.623, 5.869, 4.26, 4.212, 4.807, 2.673, 2.127, 1.879, 1.653, 1.676, 1.5, 1.525, 1.518, 1.516, 1.658, 1.774, 2.034, 1.697, 1.814, 2.119, 2.196, 2.352, 2.452, 2.474, 2.695, 2.781, 2.778, 2.703, 2.362, 1.605, 1.114, 1.054, 0.924, 0.621, 0.0, 0.529, 1.811, 2.871, 2.656, 3.158, 2.949, 3.501, 4.738, 4.092, 4.369, 3.726, 2.226, 1.959, 2.101, 1.826, 1.788, 1.744, 1.874, 2.261, 3.661, 4.7, 5.643, 6.051, 5.813, 5.468, 5.233, 5.662, 6.329, 6.09, 5.726, 5.458, 4.815, 5.699, 6.469, 6.556, 6.318, 6.067, 5.874, 6.295, 6.416, 6.273, 6.142, 6.596, 7.038, 7.72], [11.322, 7.532, 5.507, 7.066, 7.225, 5.88, 5.734, 6.042, 4.419, 4.336, 4.935, 2.75, 2.248, 1.881, 1.645, 1.69, 1.522, 1.571, 1.566, 1.489, 1.677, 1.747, 2.022, 1.646, 1.723, 1.967, 2.047, 2.258, 2.302, 2.322, 2.573, 2.7, 2.703, 2.629, 2.285, 1.483, 1.07, 1.013, 0.988, 0.794, 0.529, 0.0, 1.813, 2.931, 2.715, 3.267, 3.084, 3.633, 4.835, 4.185, 4.491, 3.883, 2.184, 1.948, 2.148, 1.797, 1.779, 1.723, 1.841, 2.252, 3.793, 4.802, 5.685, 6.093, 5.855, 5.513, 5.275, 5.704, 6.377, 6.132, 5.79, 5.475, 4.863, 5.746, 6.544, 6.617, 6.387, 6.099, 5.942, 6.337, 6.481, 6.324, 6.227, 6.647, 7.122, 7.804], [9.847, 6.194, 4.2, 5.623, 5.78, 4.463, 4.287, 4.64, 3.197, 3.019, 3.563, 1.938, 2.093, 2.244, 2.442, 2.229, 2.457, 2.783, 2.749, 2.666, 2.646, 2.355, 2.105, 2.13, 2.773, 3.168, 3.401, 3.653, 3.757, 3.73, 4.085, 4.194, 4.228, 4.169, 3.848, 3.066, 2.405, 2.365, 2.167, 1.955, 1.811, 1.813, 0.0, 1.484, 1.259, 1.791, 1.808, 2.276, 3.529, 2.76, 2.931, 2.408, 1.618, 1.847, 1.988, 1.926, 1.61, 1.261, 1.81, 1.283, 2.286, 3.22, 3.971, 4.365, 4.123, 3.802, 3.581, 3.956, 4.698, 4.559, 4.163, 3.84, 3.194, 4.052, 4.913, 4.965, 4.714, 4.481, 4.323, 4.626, 4.796, 4.737, 4.603, 4.997, 5.471, 6.155], [8.674, 4.897, 2.95, 4.42, 4.614, 3.28, 3.082, 3.447, 2.065, 1.957, 2.324, 1.52, 1.903, 2.629, 3.129, 2.863, 3.269, 3.617, 3.57, 3.526, 3.401, 3.015, 2.716, 2.981, 3.722, 4.17, 4.387, 4.643, 4.871, 4.812, 5.019, 5.159, 5.226, 5.174, 4.883, 4.064, 3.416, 3.561, 3.376, 2.987, 2.871, 2.931, 1.484, 0.0, 0.764, 0.844, 1.155, 1.26, 2.322, 1.683, 1.735, 1.608, 1.805, 2.137, 1.967, 2.202, 1.954, 1.72, 2.509, 1.71, 1.396, 2.111, 2.873, 3.238, 3.017, 2.644, 2.409, 2.836, 3.595, 3.377, 2.995, 2.734, 2.118, 2.944, 3.753, 3.837, 3.591, 3.281, 3.137, 3.533, 3.748, 3.584, 3.414, 3.805, 4.276, 4.956], [9.077, 5.323, 3.345, 4.8, 5.003, 3.662, 3.48, 3.84, 2.319, 2.193, 2.669, 1.441, 1.749, 2.426, 2.971, 2.732, 3.122, 3.433, 3.401, 3.354, 3.234, 2.818, 2.523, 2.696, 3.411, 3.888, 4.098, 4.353, 4.581, 4.587, 4.794, 4.994, 5.084, 5.011, 4.69, 3.832, 3.224, 3.344, 3.163, 2.776, 2.656, 2.715, 1.259, 0.764, 0.0, 0.87, 1.202, 1.483, 2.634, 1.938, 2.016, 1.772, 1.597, 1.895, 1.882, 2.12, 1.824, 1.468, 2.211, 1.468, 1.562, 2.324, 3.028, 3.436, 3.199, 2.885, 2.671, 3.047, 3.734, 3.529, 3.178, 2.924, 2.291, 3.111, 3.959, 3.997, 3.753, 3.489, 3.343, 3.793, 3.982, 3.935, 3.725, 4.076, 4.519, 5.217], [8.418, 4.717, 2.736, 4.141, 4.344, 3.003, 2.821, 3.181, 1.841, 1.955, 2.209, 1.614, 2.099, 2.86, 3.435, 3.215, 3.556, 3.875, 3.844, 3.796, 3.66, 3.253, 2.998, 3.271, 4.04, 4.537, 4.749, 5.005, 5.24, 5.215, 5.42, 5.55, 5.606, 5.56, 5.208, 4.432, 3.741, 3.861, 3.666, 3.307, 3.158, 3.267, 1.791, 0.844, 0.87, 0.0, 0.933, 0.984, 1.972, 1.489, 1.568, 1.544, 1.963, 2.388, 2.261, 2.472, 2.237, 1.998, 2.801, 1.899, 1.15, 1.726, 2.547, 2.954, 2.727, 2.388, 2.158, 2.566, 3.231, 3.032, 2.746, 2.476, 1.863, 2.662, 3.414, 3.491, 3.239, 3.032, 2.842, 3.226, 3.405, 3.354, 3.161, 3.521, 3.99, 4.672], [8.461, 4.972, 3.013, 4.192, 4.384, 3.022, 2.917, 3.198, 1.71, 1.699, 2.165, 1.687, 2.034, 2.702, 3.201, 2.982, 3.261, 3.558, 3.566, 3.539, 3.433, 3.019, 2.82, 3.117, 3.873, 4.401, 4.61, 4.899, 5.193, 5.242, 5.423, 5.538, 5.466, 5.452, 5.111, 4.344, 3.595, 3.604, 3.416, 3.008, 2.949, 3.084, 1.808, 1.155, 1.202, 0.933, 0.0, 0.762, 1.935, 1.49, 1.898, 1.732, 1.949, 2.277, 2.075, 2.301, 2.073, 1.959, 2.464, 1.762, 1.284, 1.944, 2.867, 3.269, 3.089, 2.746, 2.565, 2.906, 3.584, 3.606, 3.362, 3.073, 2.469, 3.117, 3.916, 4.051, 3.765, 3.521, 3.27, 3.616, 3.687, 3.605, 3.463, 3.909, 4.236, 4.917], [8.01, 4.483, 2.571, 3.759, 3.954, 2.606, 2.529, 2.795, 1.722, 1.71, 1.796, 1.881, 2.285, 3.1, 3.663, 3.376, 3.718, 4.032, 4.059, 4.013, 3.897, 3.514, 3.265, 3.552, 4.336, 4.866, 5.08, 5.376, 5.645, 5.722, 5.89, 6.017, 5.951, 5.938, 5.592, 4.793, 4.127, 4.211, 4.003, 3.577, 3.501, 3.633, 2.276, 1.26, 1.483, 0.984, 0.762, 0.0, 1.482, 1.134, 1.542, 1.56, 2.293, 2.69, 2.468, 2.722, 2.495, 2.4, 2.967, 2.191, 1.169, 1.515, 2.425, 2.821, 2.661, 2.346, 2.151, 2.49, 3.163, 3.172, 2.936, 2.672, 2.068, 2.733, 3.506, 3.628, 3.342, 3.116, 2.885, 3.219, 3.293, 3.159, 3.068, 3.488, 3.788, 4.44], [6.728, 3.325, 1.734, 2.469, 2.626, 1.559, 1.447, 1.674, 1.605, 1.562, 1.636, 2.9, 3.507, 4.345, 4.901, 4.62, 4.982, 5.293, 5.298, 5.283, 5.161, 4.761, 4.541, 4.928, 5.676, 6.174, 6.388, 6.658, 6.928, 7.004, 7.184, 7.299, 7.206, 7.211, 6.872, 6.083, 5.353, 5.403, 5.159, 4.792, 4.738, 4.835, 3.529, 2.322, 2.634, 1.972, 1.935, 1.482, 0.0, 1.186, 1.438, 1.915, 3.428, 3.849, 3.604, 3.97, 3.635, 3.646, 4.197, 3.325, 1.787, 0.923, 1.447, 1.673, 1.498, 1.312, 1.139, 1.348, 1.979, 2.106, 1.945, 1.871, 1.729, 1.762, 2.312, 2.432, 2.151, 2.006, 1.876, 1.988, 2.066, 1.932, 1.868, 2.182, 2.547, 3.2], [7.477, 4.127, 2.301, 3.164, 3.29, 2.135, 2.027, 2.265, 1.782, 1.681, 1.84, 2.247, 2.868, 3.699, 4.322, 4.009, 4.414, 4.756, 4.727, 4.687, 4.558, 4.19, 3.981, 4.395, 5.143, 5.573, 5.755, 5.989, 6.249, 6.213, 6.312, 6.419, 6.378, 6.346, 6.136, 5.442, 4.524, 4.539, 4.35, 4.14, 4.092, 4.185, 2.76, 1.683, 1.938, 1.489, 1.49, 1.134, 1.186, 0.0, 0.998, 1.228, 2.58, 3.107, 2.883, 3.156, 2.813, 2.866, 3.523, 2.497, 1.066, 1.06, 1.787, 2.125, 1.931, 1.717, 1.514, 1.963, 2.817, 2.814, 2.445, 2.189, 1.701, 2.184, 2.944, 3.106, 2.834, 2.612, 2.403, 2.663, 2.794, 2.465, 2.357, 2.768, 3.139, 3.829], [7.334, 4.002, 2.076, 3.14, 3.412, 2.011, 1.869, 2.268, 1.662, 1.774, 1.963, 2.549, 3.164, 4.002, 4.625, 4.313, 4.715, 5.03, 5.001, 4.989, 4.822, 4.488, 4.277, 4.645, 5.394, 5.824, 6.005, 6.237, 6.486, 6.373, 6.458, 6.514, 6.601, 6.553, 6.378, 5.644, 4.737, 4.772, 4.568, 4.398, 4.369, 4.491, 2.931, 1.735, 2.016, 1.568, 1.898, 1.542, 1.438, 0.998, 0.0, 0.839, 2.557, 3.2, 2.885, 3.187, 2.902, 3.067, 3.803, 2.773, 1.132, 1.274, 1.838, 2.085, 1.806, 1.603, 1.376, 1.705, 2.613, 2.595, 2.098, 1.806, 1.339, 1.74, 2.455, 2.668, 2.436, 2.203, 1.972, 2.445, 2.693, 2.36, 1.988, 2.549, 3.065, 3.648], [7.766, 4.348, 2.341, 3.613, 3.858, 2.469, 2.348, 2.697, 1.732, 1.756, 2.078, 2.29, 2.739, 3.387, 3.992, 3.686, 4.083, 4.363, 4.334, 4.362, 4.163, 3.861, 3.664, 4.086, 4.835, 5.264, 5.446, 5.687, 5.939, 5.839, 5.951, 5.961, 6.008, 5.991, 5.794, 5.127, 4.172, 4.198, 3.969, 3.757, 3.726, 3.883, 2.408, 1.608, 1.772, 1.544, 1.732, 1.56, 1.915, 1.228, 0.839, 0.0, 1.97, 2.582, 2.283, 2.615, 2.343, 2.629, 3.349, 2.428, 1.089, 1.794, 2.476, 2.711, 2.455, 2.229, 1.953, 2.278, 3.14, 3.064, 2.498, 2.198, 1.681, 2.205, 2.911, 3.074, 2.852, 2.638, 2.406, 2.925, 3.157, 2.878, 2.547, 3.13, 3.719, 4.292], [9.471, 5.893, 3.86, 5.249, 5.569, 4.187, 3.995, 4.41, 2.884, 2.712, 3.397, 1.69, 1.82, 2.037, 2.386, 2.157, 2.39, 2.678, 2.612, 2.56, 2.388, 2.01, 1.846, 2.33, 2.896, 3.32, 3.492, 3.743, 4.036, 3.969, 4.11, 4.145, 4.144, 4.158, 3.947, 3.222, 2.519, 2.386, 2.409, 2.317, 2.226, 2.184, 1.618, 1.805, 1.597, 1.963, 1.949, 2.293, 3.428, 2.58, 2.557, 1.97, 0.0, 0.824, 1.069, 0.982, 0.818, 1.111, 1.626, 1.293, 2.12, 3.279, 4.01, 4.38, 4.103, 3.808, 3.556, 3.955, 4.875, 4.647, 4.148, 3.795, 3.204, 3.942, 4.675, 4.83, 4.613, 4.355, 4.13, 4.656, 4.879, 4.58, 4.334, 4.89, 5.429, 6.043], [10.045, 6.241, 4.133, 5.775, 6.002, 4.66, 4.519, 4.865, 3.304, 3.189, 3.78, 1.751, 1.629, 1.658, 1.972, 1.824, 2.019, 2.278, 2.169, 2.174, 2.049, 1.671, 1.487, 2.036, 2.46, 2.851, 3.044, 3.3, 3.59, 3.528, 3.695, 3.73, 3.707, 3.744, 3.529, 2.802, 2.211, 2.027, 2.214, 2.118, 1.959, 1.948, 1.847, 2.137, 1.895, 2.388, 2.277, 2.69, 3.849, 3.107, 3.2, 2.582, 0.824, 0.0, 0.767, 0.874, 0.867, 1.206, 1.364, 1.589, 2.733, 3.825, 4.521, 4.909, 4.631, 4.348, 4.12, 4.501, 5.383, 5.136, 4.63, 4.304, 3.702, 4.491, 5.277, 5.347, 5.127, 4.907, 4.701, 5.186, 5.389, 5.116, 4.963, 5.457, 6.02, 6.633], [9.696, 6.009, 3.844, 5.483, 5.782, 4.384, 4.221, 4.622, 3.056, 2.895, 3.465, 1.656, 1.759, 1.945, 2.248, 2.018, 2.34, 2.609, 2.574, 2.447, 2.449, 2.136, 2.019, 2.344, 2.916, 3.298, 3.524, 3.776, 3.981, 3.935, 4.07, 4.097, 4.052, 4.111, 3.865, 3.187, 2.552, 2.409, 2.511, 2.309, 2.101, 2.148, 1.988, 1.967, 1.882, 2.261, 2.075, 2.468, 3.604, 2.883, 2.885, 2.283, 1.069, 0.767, 0.0, 1.089, 1.039, 1.405, 1.753, 1.722, 2.457, 3.582, 4.322, 4.694, 4.44, 4.151, 3.913, 4.294, 5.178, 4.966, 4.474, 4.185, 3.563, 4.293, 5.041, 5.181, 4.951, 4.711, 4.497, 4.967, 5.161, 4.893, 4.66, 5.237, 5.76, 6.373], [10.044, 6.358, 4.327, 5.801, 6.072, 4.731, 4.562, 4.952, 3.408, 3.259, 3.938, 1.864, 1.458, 1.577, 1.877, 1.663, 1.863, 2.141, 2.073, 2.116, 1.967, 1.628, 1.511, 1.895, 2.453, 2.896, 3.079, 3.307, 3.58, 3.554, 3.671, 3.69, 3.674, 3.676, 3.465, 2.745, 1.989, 1.87, 1.913, 1.862, 1.826, 1.797, 1.926, 2.202, 2.12, 2.472, 2.301, 2.722, 3.97, 3.156, 3.187, 2.615, 0.982, 0.874, 1.089, 0.0, 0.648, 1.188, 1.293, 1.559, 2.73, 3.868, 4.605, 4.977, 4.703, 4.413, 4.2, 4.586, 5.523, 5.289, 4.798, 4.444, 3.842, 4.578, 5.332, 5.48, 5.263, 4.991, 4.766, 5.29, 5.488, 5.171, 4.991, 5.522, 6.061, 6.675], [9.771, 6.071, 4.077, 5.516, 5.79, 4.433, 4.245, 4.642, 3.118, 2.909, 3.637, 1.507, 1.429, 1.598, 1.939, 1.685, 2.051, 2.379, 2.328, 2.294, 2.189, 1.826, 1.641, 2.005, 2.66, 3.108, 3.295, 3.531, 3.8, 3.752, 3.881, 3.908, 3.899, 3.908, 3.677, 2.963, 2.133, 2.035, 2.029, 1.809, 1.788, 1.779, 1.61, 1.954, 1.824, 2.237, 2.073, 2.495, 3.635, 2.813, 2.902, 2.343, 0.818, 0.867, 1.039, 0.648, 0.0, 0.853, 1.235, 1.205, 2.464, 3.571, 4.342, 4.681, 4.399, 4.106, 3.876, 4.291, 5.204, 5.009, 4.497, 4.173, 3.555, 4.278, 5.001, 5.184, 4.968, 4.682, 4.436, 4.95, 5.158, 4.843, 4.672, 5.188, 5.731, 6.345], [10.102, 6.331, 4.373, 5.856, 6.049, 4.703, 4.516, 4.859, 3.267, 3.118, 3.705, 1.724, 1.634, 1.592, 1.879, 1.681, 2.076, 2.411, 2.358, 2.3, 2.197, 1.813, 1.499, 1.736, 2.393, 2.845, 3.015, 3.266, 3.466, 3.536, 3.769, 3.934, 3.973, 3.896, 3.598, 2.761, 2.078, 2.162, 2.063, 1.809, 1.744, 1.723, 1.261, 1.72, 1.468, 1.998, 1.959, 2.4, 3.646, 2.866, 3.067, 2.629, 1.111, 1.206, 1.405, 1.188, 0.853, 0.0, 0.978, 1.0, 2.526, 3.434, 4.197, 4.583, 4.333, 3.986, 3.769, 4.184, 4.86, 4.676, 4.346, 4.048, 3.417, 4.265, 5.106, 5.207, 4.956, 4.673, 4.512, 4.863, 5.114, 5.028, 4.85, 5.204, 5.673, 6.36], [10.702, 6.982, 5.039, 6.456, 6.635, 5.295, 5.156, 5.464, 3.836, 3.635, 4.293, 2.266, 1.738, 1.425, 1.554, 1.27, 1.613, 1.941, 1.863, 1.784, 1.748, 1.496, 1.132, 1.528, 1.874, 2.366, 2.537, 2.773, 3.026, 3.215, 3.483, 3.616, 3.598, 3.554, 3.227, 2.574, 1.976, 1.921, 1.976, 1.908, 1.874, 1.841, 1.81, 2.509, 2.211, 2.801, 2.464, 2.967, 4.197, 3.523, 3.803, 3.349, 1.626, 1.364, 1.753, 1.293, 1.235, 0.978, 0.0, 1.306, 3.021, 4.02, 4.869, 5.284, 5.022, 4.712, 4.49, 4.862, 5.521, 5.473, 5.122, 4.801, 4.214, 5.046, 5.922, 5.995, 5.753, 5.46, 5.288, 5.521, 5.727, 5.665, 5.552, 5.944, 6.419, 7.104], [9.741, 6.252, 4.298, 5.512, 5.531, 4.376, 4.27, 4.537, 3.036, 2.826, 3.478, 1.653, 1.726, 1.996, 2.299, 2.048, 2.548, 2.869, 2.822, 2.788, 2.659, 2.294, 1.872, 2.202, 2.889, 3.415, 3.582, 3.789, 4.087, 4.15, 4.393, 4.521, 4.556, 4.526, 4.17, 3.461, 2.719, 2.689, 2.447, 2.231, 2.261, 2.252, 1.283, 1.71, 1.468, 1.899, 1.762, 2.191, 3.325, 2.497, 2.773, 2.428, 1.293, 1.589, 1.722, 1.559, 1.205, 1.0, 1.306, 0.0, 1.909, 2.918, 3.734, 4.134, 3.875, 3.557, 3.359, 3.848, 4.583, 4.64, 4.251, 3.915, 3.275, 4.103, 4.965, 5.077, 4.822, 4.56, 4.318, 4.557, 4.724, 4.531, 4.383, 4.736, 5.301, 5.971], [7.993, 4.686, 2.777, 3.777, 3.843, 2.624, 2.535, 2.845, 1.686, 1.643, 1.998, 2.134, 2.455, 3.19, 3.799, 3.498, 3.89, 4.202, 4.181, 4.202, 4.042, 3.663, 3.441, 3.865, 4.642, 5.133, 5.31, 5.568, 5.88, 5.856, 5.946, 6.02, 6.028, 6.018, 5.734, 5.075, 4.156, 4.133, 3.912, 3.72, 3.661, 3.793, 2.286, 1.396, 1.562, 1.15, 1.284, 1.169, 1.787, 1.066, 1.132, 1.089, 2.12, 2.733, 2.457, 2.73, 2.464, 2.526, 3.021, 1.909, 0.0, 1.419, 2.239, 2.592, 2.385, 2.164, 1.967, 2.459, 3.322, 3.283, 2.901, 2.563, 1.948, 2.629, 3.354, 3.555, 3.361, 3.055, 2.758, 3.179, 3.28, 2.938, 2.727, 3.144, 3.699, 4.334], [7.029, 3.768, 2.001, 2.785, 2.859, 1.819, 1.682, 1.896, 1.9, 1.995, 2.056, 2.88, 3.36, 4.219, 4.804, 4.509, 4.926, 5.256, 5.237, 5.216, 5.082, 4.675, 4.439, 4.791, 5.564, 6.043, 6.224, 6.486, 6.788, 6.767, 6.943, 7.089, 7.1, 7.047, 6.722, 6.003, 5.202, 5.24, 4.961, 4.744, 4.7, 4.802, 3.22, 2.111, 2.324, 1.726, 1.944, 1.515, 0.923, 1.06, 1.274, 1.794, 3.279, 3.825, 3.582, 3.868, 3.571, 3.434, 4.02, 2.918, 1.419, 0.0, 1.113, 1.48, 1.407, 1.174, 0.978, 1.352, 2.076, 2.141, 1.87, 1.566, 1.261, 1.551, 2.33, 2.433, 2.185, 2.033, 1.825, 2.021, 2.114, 1.957, 1.78, 2.175, 2.457, 3.154], [6.534, 3.22, 2.15, 2.36, 2.401, 1.927, 1.746, 1.987, 2.383, 2.399, 2.404, 3.542, 4.283, 5.065, 5.759, 5.456, 5.935, 6.257, 6.238, 6.234, 6.104, 5.69, 5.323, 5.567, 6.324, 6.791, 6.97, 7.168, 7.414, 7.492, 7.647, 7.83, 7.921, 7.874, 7.635, 6.829, 6.051, 6.036, 5.898, 5.74, 5.643, 5.685, 3.971, 2.873, 3.028, 2.547, 2.867, 2.425, 1.447, 1.787, 1.838, 2.476, 4.01, 4.521, 4.322, 4.605, 4.342, 4.197, 4.869, 3.734, 2.239, 1.113, 0.0, 0.664, 0.696, 0.742, 0.951, 0.856, 1.426, 1.475, 1.281, 1.259, 1.428, 1.262, 1.617, 1.569, 1.515, 1.576, 1.409, 1.53, 1.625, 1.615, 1.519, 1.424, 1.843, 2.456], [6.351, 3.074, 2.251, 2.358, 2.254, 2.016, 1.774, 2.061, 2.583, 2.628, 2.554, 3.873, 4.664, 5.453, 6.152, 5.849, 6.343, 6.656, 6.637, 6.641, 6.511, 6.087, 5.724, 5.989, 6.755, 7.214, 7.392, 7.604, 7.85, 7.884, 8.047, 8.193, 8.312, 8.279, 8.042, 7.226, 6.456, 6.453, 6.304, 6.147, 6.051, 6.093, 4.365, 3.238, 3.436, 2.954, 3.269, 2.821, 1.673, 2.125, 2.085, 2.711, 4.38, 4.909, 4.694, 4.977, 4.681, 4.583, 5.284, 4.134, 2.592, 1.48, 0.664, 0.0, 0.574, 0.873, 1.082, 0.927, 1.285, 1.252, 1.161, 1.268, 1.632, 1.334, 1.365, 1.357, 1.343, 1.517, 1.432, 1.434, 1.453, 1.646, 1.6, 1.28, 1.637, 2.193], [6.552, 3.19, 2.118, 2.476, 2.42, 2.148, 1.907, 2.245, 2.65, 2.638, 2.614, 3.691, 4.435, 5.236, 5.922, 5.619, 6.104, 6.412, 6.399, 6.403, 6.273, 5.867, 5.483, 5.727, 6.484, 6.946, 7.125, 7.306, 7.556, 7.636, 7.825, 7.988, 8.097, 8.05, 7.802, 6.986, 6.216, 6.245, 6.065, 5.907, 5.813, 5.855, 4.123, 3.017, 3.199, 2.727, 3.089, 2.661, 1.498, 1.931, 1.806, 2.455, 4.103, 4.631, 4.44, 4.703, 4.399, 4.333, 5.022, 3.875, 2.385, 1.407, 0.696, 0.574, 0.0, 0.619, 0.895, 0.785, 1.395, 1.447, 1.171, 1.17, 1.42, 1.254, 1.507, 1.531, 1.403, 1.526, 1.388, 1.496, 1.617, 1.613, 1.506, 1.427, 1.864, 2.482], [6.522, 3.098, 1.926, 2.411, 2.457, 2.071, 1.767, 2.095, 2.36, 2.358, 2.401, 3.322, 4.065, 4.864, 5.513, 5.224, 5.763, 6.086, 6.066, 6.062, 5.932, 5.5, 5.105, 5.432, 6.213, 6.652, 6.843, 7.091, 7.338, 7.297, 7.517, 7.664, 7.766, 7.724, 7.455, 6.657, 5.897, 5.919, 5.722, 5.559, 5.468, 5.513, 3.802, 2.644, 2.885, 2.388, 2.746, 2.346, 1.312, 1.717, 1.603, 2.229, 3.808, 4.348, 4.151, 4.413, 4.106, 3.986, 4.712, 3.557, 2.164, 1.174, 0.742, 0.873, 0.619, 0.0, 0.613, 0.718, 1.333, 1.35, 1.122, 1.131, 1.306, 1.214, 1.519, 1.576, 1.411, 1.409, 1.256, 1.349, 1.55, 1.526, 1.408, 1.427, 1.89, 2.506], [6.674, 3.246, 1.812, 2.476, 2.495, 1.842, 1.503, 1.84, 2.022, 2.055, 2.061, 3.108, 3.827, 4.642, 5.298, 5.001, 5.525, 5.858, 5.833, 5.815, 5.694, 5.257, 4.894, 5.242, 6.023, 6.461, 6.653, 6.901, 7.148, 7.078, 7.321, 7.459, 7.538, 7.512, 7.236, 6.447, 5.686, 5.69, 5.499, 5.325, 5.233, 5.275, 3.581, 2.409, 2.671, 2.158, 2.565, 2.151, 1.139, 1.514, 1.376, 1.953, 3.556, 4.12, 3.913, 4.2, 3.876, 3.769, 4.49, 3.359, 1.967, 0.978, 0.951, 1.082, 0.895, 0.613, 0.0, 0.748, 1.559, 1.607, 1.324, 1.18, 1.217, 1.262, 1.718, 1.776, 1.537, 1.461, 1.285, 1.465, 1.655, 1.683, 1.547, 1.609, 2.07, 2.718], [6.417, 3.056, 1.856, 2.28, 2.338, 1.8, 1.493, 1.815, 2.093, 2.151, 2.12, 3.455, 4.251, 5.011, 5.731, 5.433, 5.956, 6.281, 6.251, 6.24, 6.119, 5.685, 5.264, 5.52, 6.283, 6.771, 6.957, 7.086, 7.36, 7.