[[0.0, 1.083, 1.498, 1.623, 1.762, 2.654, 3.107, 2.836, 2.892, 2.585, 2.56, 2.74, 3.424, 3.927, 4.118, 4.401, 4.998, 4.939, 4.938, 5.205, 4.467, 3.857, 3.929, 4.445, 4.688, 4.795, 4.791, 4.957, 5.793, 6.579, 6.83, 7.026, 8.321, 10.146, 10.828, 9.389, 10.594, 10.359, 9.527, 9.887, 9.455, 9.146, 9.679, 10.426, 10.583, 11.073, 10.557, 10.136, 11.485, 11.54, 11.009, 10.528, 9.673, 9.504, 8.513, 6.911, 6.151, 5.723, 5.77, 5.92, 5.877, 5.788, 5.683, 5.712, 5.86, 5.223, 4.968, 4.422, 2.915, 2.46, 2.268, 2.449, 3.027, 3.264, 3.351, 3.71, 3.465, 2.679, 2.514, 3.673, 5.49, 6.798, 8.238, 8.775, 8.573, 6.946], [1.083, 0.0, 0.984, 1.333, 1.538, 2.344, 2.889, 2.625, 2.577, 2.158, 2.146, 2.249, 2.703, 3.07, 3.241, 3.48, 4.112, 4.068, 4.043, 4.318, 3.587, 2.961, 3.02, 3.509, 3.742, 3.88, 3.895, 4.033, 4.894, 5.75, 5.951, 6.171, 7.444, 9.317, 10.006, 8.576, 9.771, 9.541, 8.659, 9.079, 8.714, 8.405, 8.923, 9.678, 9.83, 10.325, 9.793, 9.35, 10.724, 10.79, 10.263, 9.76, 8.876, 8.626, 7.645, 6.034, 5.289, 4.893, 4.939, 5.061, 5.007, 4.931, 4.842, 4.865, 4.962, 4.361, 4.056, 3.528, 2.13, 2.045, 1.86, 2.24, 3.269, 3.697, 3.69, 4.06, 3.645, 2.935, 2.732, 4.292, 6.228, 7.56, 9.001, 9.537, 9.337, 7.708], [1.498, 0.984, 0.0, 0.956, 1.373, 2.075, 2.596, 2.444, 2.49, 2.007, 2.11, 2.161, 2.547, 3.059, 3.267, 3.551, 4.137, 4.051, 4.063, 4.333, 3.629, 3.09, 3.189, 3.67, 3.914, 3.915, 3.883, 4.088, 4.879, 5.62, 5.799, 5.978, 7.334, 9.023, 9.556, 8.137, 9.423, 9.252, 8.483, 8.774, 8.305, 8.002, 8.51, 9.223, 9.385, 9.869, 9.337, 8.959, 10.277, 10.351, 9.831, 9.332, 8.566, 8.509, 7.508, 5.947, 5.133, 4.712, 4.754, 4.978, 4.859, 4.721, 4.676, 4.82, 4.902, 4.324, 3.992, 3.447, 2.346, 2.016, 1.804, 2.316, 3.512, 3.969, 4.075, 4.413, 3.954, 3.155, 2.962, 4.708, 6.634, 7.935, 9.372, 9.91, 9.71, 8.084], [1.623, 1.333, 0.956, 0.0, 1.119, 1.869, 2.191, 1.918, 2.225, 2.052, 2.229, 2.429, 3.026, 3.626, 3.844, 4.131, 4.712, 4.6, 4.586, 4.922, 4.237, 3.708, 3.764, 4.29, 4.522, 4.555, 4.442, 4.752, 5.388, 6.047, 6.295, 6.436, 7.827, 9.478, 9.964, 8.637, 9.783, 9.613, 8.882, 9.058, 8.57, 8.256, 8.833, 9.589, 9.772, 10.266, 9.71, 9.328, 10.621, 10.691, 10.185, 9.709, 8.989, 8.99, 8.02, 6.444, 5.645, 5.215, 5.206, 5.358, 5.306, 5.059, 5.059, 5.25, 5.317, 4.73, 4.416, 3.98, 2.734, 2.229, 1.85, 2.289, 3.445, 3.898, 3.964, 4.323, 3.904, 3.119, 2.914, 4.514, 6.44, 7.733, 9.17, 9.71, 9.506, 7.885], [1.762, 1.538, 1.373, 1.119, 0.0, 1.358, 1.858, 1.743, 1.809, 1.743, 1.9, 1.959, 2.696, 3.301, 3.667, 3.92, 4.339, 4.284, 4.308, 4.581, 3.908, 3.612, 3.693, 4.049, 4.364, 4.224, 4.101, 4.426, 5.048, 5.699, 5.935, 6.153, 7.427, 9.201, 9.748, 8.321, 9.615, 9.418, 8.558, 8.844, 8.207, 7.876, 8.534, 9.255, 9.446, 9.931, 9.456, 9.124, 10.356, 10.353, 9.878, 9.477, 8.73, 8.603, 7.697, 6.099, 5.28, 4.822, 4.895, 4.989, 4.98, 4.791, 4.652, 4.802, 4.918, 4.34, 4.163, 3.831, 2.607, 2.436, 2.054, 2.717, 3.853, 4.263, 4.307, 4.694, 4.263, 3.537, 3.33, 4.919, 6.844, 8.15, 9.588, 10.127, 9.926, 8.299], [2.654, 2.344, 2.075, 1.869, 1.358, 0.0, 0.749, 1.161, 1.529, 1.896, 2.252, 2.051, 2.713, 3.27, 3.806, 3.998, 4.315, 4.342, 4.346, 4.286, 4.09, 4.189, 4.156, 4.245, 4.501, 4.164, 3.77, 4.268, 4.798, 5.086, 5.166, 5.44, 6.719, 8.06, 8.754, 7.413, 8.466, 8.276, 7.503, 7.798, 7.429, 7.291, 7.896, 8.652, 8.825, 9.27, 8.767, 8.351, 9.697, 9.783, 9.217, 8.658, 7.856, 7.865, 7.123, 5.678, 4.69, 4.474, 4.572, 4.642, 4.371, 4.069, 4.103, 4.333, 4.51, 4.339, 4.262, 4.071, 2.961, 2.858, 2.491, 3.169, 4.203, 4.712, 4.804, 5.131, 4.593, 3.907, 3.731, 5.371, 7.324, 8.658, 10.081, 10.618, 10.426, 8.789], [3.107, 2.889, 2.596, 2.191, 1.858, 0.749, 0.0, 1.216, 1.619, 2.227, 2.657, 2.549, 3.018, 3.607, 4.113, 4.342, 4.611, 4.782, 4.73, 4.68, 4.571, 4.701, 4.594, 4.684, 4.853, 4.505, 4.018, 4.503, 5.059, 5.246, 5.197, 5.513, 6.758, 8.076, 8.78, 7.609, 8.394, 8.169, 7.509, 7.807, 7.474, 7.339, 7.941, 8.698, 8.87, 9.316, 8.813, 8.394, 9.743, 9.829, 9.264, 8.713, 8.033, 7.961, 7.203, 5.924, 4.957, 4.841, 4.966, 4.998, 4.545, 4.254, 4.279, 4.524, 4.783, 4.658, 4.573, 4.5, 3.445, 3.351, 2.94, 3.478, 4.31, 4.754, 4.857, 5.221, 4.61, 4.067, 3.881, 5.425, 7.314, 8.654, 10.057, 10.595, 10.412, 8.782], [2.836, 2.625, 2.444, 1.918, 1.743, 1.161, 1.216, 0.0, 1.342, 1.959, 2.385, 2.417, 3.074, 3.673, 4.299, 4.481, 4.72, 4.762, 4.734, 4.643, 4.478, 4.607, 4.475, 4.591, 4.86, 4.539, 4.158, 4.655, 5.178, 5.492, 5.672, 5.95, 7.264, 8.875, 9.633, 8.261, 9.285, 9.079, 8.16, 8.6, 8.255, 8.117, 8.722, 9.478, 9.651, 10.096, 9.593, 9.174, 10.523, 10.609, 10.043, 9.484, 8.583, 8.426, 7.484, 6.079, 5.175, 4.975, 4.938, 5.087, 4.871, 4.565, 4.541, 4.702, 4.921, 4.714, 4.632, 4.517, 3.369, 3.316, 2.68, 2.752, 3.579, 4.071, 4.09, 4.434, 3.99, 3.366, 3.189, 4.602, 6.528, 7.821, 9.25, 9.788, 9.596, 7.973], [2.892, 2.577, 2.49, 2.225, 1.809, 1.529, 1.619, 1.342, 0.0, 1.246, 1.693, 1.782, 2.253, 2.877, 3.606, 3.802, 4.056, 4.145, 3.918, 3.951, 3.762, 3.905, 3.673, 3.763, 3.932, 3.614, 3.235, 3.768, 4.383, 4.952, 5.067, 5.443, 6.518, 8.613, 9.455, 8.107, 9.045, 8.832, 7.792, 8.459, 8.208, 8.02, 8.603, 9.361, 9.534, 9.979, 9.476, 9.058, 10.406, 10.492, 9.926, 9.367, 8.402, 7.814, 6.846, 5.327, 4.604, 4.507, 4.56, 4.621, 4.514, 4.298, 4.174, 3.943, 4.205, 3.942, 3.981, 3.967, 3.015, 2.855, 2.301, 2.657, 3.621, 4.191, 4.153, 4.513, 3.959, 3.241, 3.149, 4.661, 6.555, 7.882, 9.301, 9.84, 9.647, 8.034], [2.585, 2.158, 2.007, 2.052, 1.743, 1.896, 2.227, 1.959, 1.246, 0.0, 0.691, 1.107, 1.704, 2.21, 2.73, 2.965, 3.395, 3.299, 3.065, 3.418, 3.07, 2.906, 2.786, 3.016, 3.187, 3.104, 2.892, 3.29, 3.949, 4.712, 4.929, 5.312, 6.437, 8.474, 9.241, 7.889, 8.886, 8.681, 7.657, 8.241, 7.959, 7.782, 8.387, 9.143, 9.316, 9.761, 9.258, 8.84, 10.188, 10.274, 9.708, 9.149, 8.184, 7.664, 6.663, 4.993, 4.347, 4.095, 4.133, 4.303, 4.283, 4.09, 3.861, 3.752, 3.892, 3.352, 3.162, 3.032, 2.022, 1.897, 1.369, 2.341, 3.584, 4.269, 4.258, 4.559, 4.019, 3.186, 3.057, 4.85, 6.794, 8.124, 9.545, 10.083, 9.891, 8.253], [2.56, 2.146, 2.11, 2.229, 1.9, 2.252, 2.657, 2.385, 1.693, 0.691, 0.0, 0.77, 1.698, 2.108, 2.586, 2.839, 3.329, 3.22, 2.938, 3.289, 2.722, 2.486, 2.463, 2.75, 2.951, 2.888, 2.825, 3.16, 3.887, 4.777, 5.054, 5.393, 6.488, 8.545, 9.325, 7.945, 8.972, 8.752, 7.711, 8.268, 7.955, 7.772, 8.377, 9.133, 9.306, 9.751, 9.248, 8.829, 10.178, 10.264, 9.698, 9.15, 8.185, 7.712, 6.721, 5.031, 4.433, 4.111, 4.143, 4.309, 4.286, 4.103, 3.916, 3.745, 3.93, 3.31, 3.106, 2.856, 1.61, 1.439, 1.106, 2.106, 3.409, 4.179, 4.228, 4.417, 3.88, 2.979, 2.911, 4.825, 6.777, 8.11, 9.55, 10.088, 9.896, 8.259], [2.74, 2.249, 2.161, 2.429, 1.959, 2.051, 2.549, 2.417, 1.782, 1.107, 0.77, 0.0, 1.386, 1.786, 2.413, 2.603, 2.958, 2.926, 2.76, 2.888, 2.336, 2.432, 2.307, 2.435, 2.732, 2.481, 2.421, 2.703, 3.47, 4.387, 4.668, 5.002, 6.085, 8.161, 8.908, 7.528, 8.593, 8.347, 7.332, 7.861, 7.561, 7.373, 7.964, 8.72, 8.893, 9.338, 8.835, 8.417, 9.765, 9.851, 9.285, 8.726, 7.761, 7.333, 6.334, 4.609, 4.054, 3.722, 3.762, 3.929, 3.894, 3.715, 3.548, 3.366, 3.534, 3.028, 3.004, 2.72, 1.54, 1.441, 1.353, 2.477, 3.768, 4.596, 4.626, 4.82, 4.269, 3.368, 3.307, 5.219, 7.176, 8.506, 9.947, 10.485, 10.293, 8.655], [3.424, 2.703, 2.547, 3.026, 2.696, 2.713, 3.018, 3.074, 2.253, 1.704, 1.698, 1.386, 0.0, 0.922, 1.722, 1.916, 2.097, 2.175, 1.993, 2.17, 1.825, 1.931, 1.766, 1.861, 2.017, 1.838, 1.506, 1.838, 2.43, 3.486, 3.667, 3.994, 5.153, 7.169, 8.023, 6.65, 7.613, 7.4, 6.303, 7.014, 6.775, 6.542, 7.057, 7.847, 8.009, 8.461, 7.937, 7.51, 8.888, 8.974, 8.427, 7.866, 6.903, 6.35, 5.29, 3.599, 3.061, 2.797, 2.796, 2.961, 2.953, 2.782, 2.507, 2.331, 2.53, 2.011, 2.091, 2.151, 1.96, 2.285, 2.253, 3.515, 4.678, 5.338, 5.361, 5.691, 5.159, 4.403, 4.315, 6.135, 8.015, 9.36, 10.797, 11.327, 11.135, 9.512], [3.927, 3.07, 3.059, 3.626, 3.301, 3.27, 3.607, 3.673, 2.877, 2.21, 2.108, 1.786, 0.922, 0.0, 1.266, 1.331, 1.517, 1.572, 1.51, 1.587, 1.426, 1.623, 1.55, 1.566, 1.446, 1.416, 1.272, 1.422, 2.085, 3.048, 3.247, 3.53, 4.69, 6.683, 7.513, 6.158, 7.109, 6.895, 5.905, 6.557, 6.336, 6.149, 6.656, 7.413, 7.585, 8.03, 7.528, 7.109, 8.457, 8.544, 7.977, 7.419, 6.453, 5.928, 4.869, 3.198, 2.562, 2.366, 2.418, 2.654, 2.635, 2.398, 2.155, 2.015, 2.251, 1.935, 1.978, 1.818, 1.837, 2.377, 2.373, 3.708, 4.992, 5.781, 5.838, 6.044, 5.485, 4.705, 4.675, 6.463, 8.413, 9.753, 11.184, 11.721, 11.529, 9.902], [4.118, 3.241, 3.267, 3.844, 3.667, 3.806, 4.113, 4.299, 3.606, 2.73, 2.586, 2.413, 1.722, 1.266, 0.0, 0.601, 1.24, 1.398, 1.423, 1.76, 1.364, 1.296, 1.323, 1.297, 1.284, 1.553, 1.617, 1.541, 2.281, 3.144, 3.398, 3.615, 4.807, 6.575, 7.474, 6.167, 7.055, 6.842, 6.009, 6.501, 6.25, 6.092, 6.646, 7.392, 7.565, 8.01, 7.507, 7.088, 8.437, 8.523, 7.957, 7.398, 6.439, 6.043, 5.025, 3.364, 2.629, 2.408, 2.524, 2.829, 2.71, 2.436, 2.136, 2.085, 2.357, 2.057, 1.776, 1.468, 1.559, 2.12, 2.399, 3.752, 5.053, 5.859, 6.022, 6.234, 5.499, 4.813, 4.861, 6.645, 8.499, 9.839, 11.272, 11.82, 11.644, 9.991], [4.401, 3.48, 3.551, 4.131, 3.92, 3.998, 4.342, 4.481, 3.802, 2.965, 2.839, 2.603, 1.916, 1.331, 0.601, 0.0, 0.9, 1.138, 1.249, 1.424, 1.218, 1.395, 1.5, 1.39, 1.326, 1.498, 1.537, 1.408, 1.973, 2.785, 3.055, 3.285, 4.457, 6.222, 7.121, 5.812, 6.705, 6.485, 5.618, 6.152, 5.907, 5.749, 6.297, 7.038, 7.211, 7.656, 7.153, 6.735, 8.083, 8.169, 7.603, 7.044, 6.082, 5.661, 4.661, 3.025, 2.24, 2.049, 2.147, 2.466, 2.371, 2.087, 1.812, 1.789, 2.064, 1.876, 1.698, 1.402, 1.793, 2.451, 2.693, 4.083, 5.377, 6.218, 6.345, 6.542, 5.854, 5.112, 5.147, 6.953, 8.842, 10.183, 11.611, 12.16, 11.988, 10.334], [4.998, 4.112, 4.137, 4.712, 4.339, 4.315, 4.611, 4.72, 4.056, 3.395, 3.329, 2.958, 2.097, 1.517, 1.24, 0.9, 0.0, 0.777, 1.015, 1.15, 1.351, 2.018, 2.107, 1.772, 1.672, 1.531, 1.402, 1.187, 1.53, 2.24, 2.578, 2.767, 3.802, 5.64, 6.498, 5.199, 6.081, 5.861, 4.953, 5.543, 5.273, 5.097, 5.671, 6.416, 6.589, 7.034, 6.531, 6.112, 7.461, 7.547, 6.981, 6.422, 5.457, 4.99, 3.934, 2.282, 1.603, 1.416, 1.498, 1.796, 1.786, 1.605, 1.316, 1.267, 1.453, 1.336, 1.474, 1.341, 2.323, 3.194, 3.302, 4.825, 6.113, 6.889, 6.98, 7.177, 6.576, 5.849, 5.828, 7.602, 9.506, 10.847, 12.263, 12.8, 12.627, 10.991], [4.939, 4.068, 4.051, 4.6, 4.284, 4.342, 4.782, 4.762, 4.145, 3.299, 3.22, 2.926, 2.175, 1.572, 1.398, 1.138, 0.777, 0.0, 0.591, 0.923, 1.41, 1.974, 2.139, 1.89, 1.869, 1.788, 1.634, 1.513, 1.636, 2.155, 2.601, 2.796, 3.7, 5.525, 6.27, 4.955, 5.911, 5.7, 4.851, 5.38, 5.146, 5.002, 5.442, 6.172, 6.345, 6.79, 6.287, 5.869, 7.217, 7.303, 6.737, 6.178, 5.213, 4.784, 3.803, 2.178, 1.464, 1.264, 1.327, 1.602, 1.552, 1.387, 1.377, 1.144, 1.271, 1.102, 1.155, 0.942, 2.355, 3.23, 3.283, 4.816, 6.156, 6.996, 7.107, 7.289, 6.678, 5.809, 5.841, 7.709, 9.679, 11.019, 12.446, 12.983, 12.791, 11.154], [4.938, 4.043, 4.063, 4.586, 4.308, 4.346, 4.73, 4.734, 3.918, 3.065, 2.938, 2.76, 1.993, 1.51, 1.423, 1.249, 1.015, 0.591, 0.0, 0.944, 1.402, 1.881, 1.964, 1.812, 1.737, 1.693, 1.473, 1.55, 1.646, 2.368, 2.717, 3.007, 3.785, 5.755, 6.558, 5.243, 6.165, 5.953, 4.982, 5.624, 5.36, 5.208, 5.726, 6.444, 6.624, 7.053, 6.55, 6.131, 7.48, 7.566, 7.0, 6.441, 5.476, 4.927, 3.893, 2.185, 1.695, 1.532, 1.46, 1.669, 1.703, 1.56, 1.556, 1.129, 1.192, 1.007, 0.951, 1.024, 2.377, 3.186, 3.299, 4.724, 6.044, 6.822, 6.864, 7.041, 6.478, 5.679, 5.65, 7.472, 9.425, 10.765, 12.191, 12.728, 12.536, 10.899], [5.205, 4.318, 4.333, 4.922, 4.581, 4.286, 4.68, 4.643, 3.951, 3.418, 3.289, 2.888, 2.17, 1.587, 1.76, 1.424, 1.15, 0.923, 0.944, 0.0, 1.198, 2.013, 2.14, 1.832, 1.858, 1.46, 1.225, 1.223, 1.241, 1.967, 2.213, 2.534, 3.402, 5.424, 6.187, 4.848, 5.836, 5.631, 4.682, 5.272, 5.045, 4.89, 5.327, 6.064, 6.237, 6.682, 6.179, 5.76, 7.109, 7.195, 6.629, 6.07, 5.105, 4.605, 3.618, 1.938, 1.307, 1.217, 1.179, 1.451, 1.515, 1.364, 1.13, 1.056, 1.302, 1.416, 1.549, 1.49, 2.729, 3.524, 3.645, 4.962, 6.316, 7.105, 7.175, 7.35, 6.773, 5.893, 5.854, 7.752, 9.722, 11.062, 12.498, 13.036, 12.844, 11.207], [4.467, 3.587, 3.629, 4.237, 3.908, 4.09, 4.571, 4.478, 3.762, 3.07, 2.722, 2.336, 1.825, 1.426, 1.364, 1.218, 1.351, 1.41, 1.402, 1.198, 0.0, 1.015, 1.167, 1.198, 1.451, 1.378, 1.553, 1.48, 2.038, 2.93, 3.117, 3.405, 4.407, 6.469, 7.206, 5.818, 6.901, 6.74, 5.798, 6.323, 5.985, 5.769, 6.277, 6.88, 7.098, 7.559, 7.05, 6.635, 7.947, 8.002, 7.452, 6.962, 6.045, 5.643, 4.645, 2.942, 2.362, 1.988, 1.983, 2.168, 2.266, 2.204, 2.067, 1.907, 2.063, 1.913, 1.919, 1.701, 2.108, 2.812, 3.009, 4.067, 5.419, 6.272, 6.346, 6.47, 5.891, 4.923, 4.896, 6.85, 8.819, 10.16, 11.6, 12.144, 11.956, 10.311], [3.857, 2.961, 3.09, 3.708, 3.612, 4.189, 4.701, 4.607, 3.905, 2.906, 2.486, 2.432, 1.931, 1.623, 1.296, 1.395, 2.018, 1.974, 1.881, 2.013, 1.015, 0.0, 0.763, 1.16, 1.312, 1.852, 2.17, 2.092, 2.823, 3.754, 3.951, 4.23, 5.323, 7.305, 8.034, 6.625, 7.743, 7.545, 6.641, 7.116, 6.708, 6.451, 6.947, 7.625, 7.822, 8.295, 7.779, 7.341, 8.681, 8.752, 8.215, 7.752, 6.828, 6.524, 5.528, 3.86, 3.235, 2.834, 2.836, 2.949, 3.061, 2.955, 2.843, 2.725, 2.891, 2.488, 2.199, 1.927, 1.777, 2.208, 2.536, 3.426, 4.76, 5.526, 5.677, 5.842, 5.251, 4.242, 4.257, 6.181, 8.15, 9.491, 10.93, 11.472, 11.28, 9.642], [3.929, 3.02, 3.189, 3.764, 3.693, 4.156, 4.594, 4.475, 3.673, 2.786, 2.463, 2.307, 1.766, 1.55, 1.323, 1.5, 2.107, 2.139, 1.964, 2.14, 1.167, 0.763, 0.0, 0.807, 0.972, 1.375, 1.865, 1.882, 2.828, 3.896, 4.043, 4.42, 5.411, 7.489, 8.248, 6.882, 7.901, 7.75, 6.761, 7.339, 7.002, 6.748, 7.273, 7.911, 8.088, 8.582, 8.034, 7.619, 8.943, 9.025, 8.499, 8.011, 7.061, 6.63, 5.591, 3.819, 3.357, 2.954, 2.912, 3.016, 3.218, 3.106, 2.972, 2.777, 2.934, 2.59, 2.397, 2.226, 1.956, 2.296, 2.66, 3.505, 4.725, 5.453, 5.582, 5.734, 5.176, 4.18, 4.09, 5.937, 7.87, 9.21, 10.65, 11.195, 11.016, 9.362], [4.445, 3.509, 3.67, 4.29, 4.049, 4.245, 4.684, 4.591, 3.763, 3.016, 2.75, 2.435, 1.861, 1.566, 1.297, 1.39, 1.772, 1.89, 1.812, 1.832, 1.198, 1.16, 0.807, 0.0, 0.614, 1.07, 1.651, 1.614, 2.491, 3.557, 3.788, 4.169, 5.161, 7.237, 7.996, 6.637, 7.649, 7.444, 6.424, 7.01, 6.759, 6.583, 7.052, 7.803, 7.97, 8.417, 7.913, 7.494, 8.844, 8.93, 8.383, 7.822, 6.859, 6.378, 5.339, 3.553, 3.105, 2.742, 2.752, 2.925, 2.937, 2.824, 2.658, 2.441, 2.626, 2.284, 2.247, 2.003, 2.118, 2.589, 2.927, 3.897, 5.07, 5.785, 5.942, 6.111, 5.542, 4.548, 4.501, 6.137, 8.025, 9.353, 10.787, 11.332, 11.153, 9.533], [4.688, 3.742, 3.914, 4.522, 4.364, 4.501, 4.853, 4.86, 3.932, 3.187, 2.951, 2.732, 2.017, 1.446, 1.284, 1.326, 1.672, 1.869, 1.737, 1.858, 1.451, 1.312, 0.972, 0.614, 0.0, 1.002, 1.559, 1.461, 2.402, 3.536, 3.704, 4.07, 5.066, 7.138, 7.969, 6.636, 7.565, 7.351, 6.343, 7.026, 6.788, 6.636, 7.115, 7.854, 8.028, 8.472, 7.969, 7.551, 8.899, 8.985, 8.419, 7.86, 6.895, 6.316, 5.249, 3.401, 3.016, 2.79, 2.847, 3.092, 3.142, 2.896, 2.612, 2.345, 2.586, 2.381, 2.345, 2.197, 2.422, 2.768, 3.101, 4.059, 5.14, 5.836, 6.059, 6.147, 5.592, 4.677, 4.657, 6.159, 8.014, 9.343, 10.741, 11.286, 11.107, 9.484], [4.795, 3.88, 3.915, 4.555, 4.224, 4.164, 4.505, 4.539, 3.614, 3.104, 2.888, 2.481, 1.838, 1.416, 1.553, 1.498, 1.531, 1.788, 1.693, 1.46, 1.378, 1.852, 1.375, 1.07, 1.002, 0.0, 0.926, 0.996, 1.936, 3.057, 3.185, 3.552, 4.559, 6.632, 7.449, 6.104, 7.059, 6.859, 5.879, 6.553, 6.333, 6.159, 6.626, 7.344, 7.517, 7.962, 7.459, 7.039, 8.389, 8.475, 7.909, 7.35, 6.385, 5.818, 4.751, 2.87, 2.515, 2.303, 2.328, 2.568, 2.642, 2.502, 2.223, 2.009, 2.282, 2.171, 2.31, 2.17, 2.508, 2.981, 3.213, 4.316, 5.601, 6.295, 6.314, 6.529, 5.916, 5.096, 5.031, 6.635, 8.477, 9.797, 11.204, 11.741, 11.562, 9.934], [4.791, 3.895, 3.883, 4.442, 4.101, 3.77, 4.018, 4.158, 3.235, 2.892, 2.825, 2.421, 1.506, 1.272, 1.617, 1.537, 1.402, 1.634, 1.473, 1.225, 1.553, 2.17, 1.865, 1.651, 1.559, 0.926, 0.0, 0.699, 1.361, 2.399, 2.497, 2.872, 3.907, 5.946, 6.806, 5.469, 6.39, 6.195, 5.225, 5.946, 5.717, 5.528, 6.009, 6.724, 6.896, 7.342, 6.839, 6.42, 7.768, 7.855, 7.288, 6.73, 5.764, 5.177, 4.115, 2.323, 1.938, 1.824, 1.802, 1.949, 2.038, 1.907, 1.682, 1.501, 1.699, 1.762, 1.908, 2.018, 2.693, 3.259, 3.289, 4.598, 5.863, 6.578, 6.573, 6.828, 6.215, 5.488, 5.428, 7.157, 9.034, 10.374, 11.814, 12.352, 12.161, 10.526], [4.957, 4.033, 4.088, 4.752, 4.426, 4.268, 4.503, 4.655, 3.768, 3.29, 3.16, 2.703, 1.838, 1.422, 1.541, 1.408, 1.187, 1.513, 1.55, 1.223, 1.48, 2.092, 1.882, 1.614, 1.461, 0.996, 0.699, 0.0, 1.286, 2.459, 2.484, 2.847, 3.894, 5.965, 6.839, 5.502, 6.409, 6.235, 5.272, 5.987, 5.767, 5.579, 6.06, 6.757, 6.929, 7.375, 6.872, 6.453, 7.801, 7.888, 7.321, 6.763, 5.797, 5.21, 4.155, 2.223, 1.944, 1.779, 1.839, 2.1, 2.191, 2.086, 1.773, 1.583, 1.845, 1.916, 2.004, 1.98, 2.708, 3.382, 3.378, 4.704, 5.965, 6.712, 6.711, 6.958, 6.297, 5.591, 5.534, 7.262, 9.02, 10.351, 11.798, 12.327, 12.161, 10.534], [5.793, 4.894, 4.879, 5.388, 5.048, 4.798, 5.059, 5.178, 4.383, 3.949, 3.887, 3.47, 2.43, 2.085, 2.281, 1.973, 1.53, 1.636, 1.646, 1.241, 2.038, 2.823, 2.828, 2.491, 2.402, 1.936, 1.361, 1.286, 0.0, 1.319, 1.56, 1.877, 2.837, 4.884, 5.738, 4.365, 5.328, 5.115, 4.036, 4.748, 4.509, 4.309, 4.806, 5.562, 5.735, 6.18, 5.677, 5.258, 6.607, 6.693, 6.142, 5.581, 4.619, 4.057, 2.995, 1.304, 1.294, 1.291, 1.364, 1.613, 1.842, 1.803, 1.425, 1.297, 1.541, 1.76, 1.858, 2.027, 3.376, 4.157, 4.253, 5.69, 6.93, 7.667, 7.68, 7.929, 7.368, 6.595, 6.572, 8.391, 10.253, 11.593, 13.033, 13.562, 13.378, 11.745], [6.579, 5.75, 5.62, 6.047, 5.699, 5.086, 5.246, 5.492, 4.952, 4.712, 4.777, 4.387, 3.486, 3.048, 3.144, 2.785, 2.24, 2.155, 2.368, 1.967, 2.93, 3.754, 3.896, 3.557, 3.536, 3.057, 2.399, 2.459, 1.319, 0.0, 0.811, 1.044, 1.993, 3.847, 4.578, 3.238, 4.259, 4.02, 3.095, 3.631, 3.443, 3.232, 3.698, 4.455, 4.627, 5.073, 4.57, 4.151, 5.5, 5.586, 5.019, 4.461, 3.495, 3.077, 2.133, 1.796, 1.426, 1.543, 1.659, 1.804, 1.666, 1.679, 1.667, 1.719, 2.071, 2.347, 2.56, 2.584, 4.089, 4.996, 5.036, 6.538, 7.875, 8.701, 8.811, 8.999, 8.435, 7.531, 7.532, 9.438, 11.399, 12.732, 14.173, 14.711, 14.519, 12.881], [6.83, 5.951, 5.799, 6.295, 5.935, 5.166, 5.197, 5.672, 5.067, 4.929, 5.054, 4.668, 3.667, 3.247, 3.398, 3.055, 2.578, 2.601, 2.717, 2.213, 3.117, 3.951, 4.043, 3.788, 3.704, 3.185, 2.497, 2.484, 1.56, 0.811, 0.0, 0.889, 1.629, 3.558, 4.504, 3.128, 4.068, 3.947, 3.013, 3.696, 3.502, 3.313, 3.777, 4.419, 4.619, 5.047, 4.577, 4.152, 5.492, 5.548, 4.962, 4.402, 3.508, 2.977, 2.294, 1.935, 1.486, 1.819, 1.885, 1.943, 1.843, 1.903, 1.89, 2.068, 2.344, 2.704, 2.801, 2.97, 4.476, 5.355, 5.372, 6.707, 7.987, 8.822, 8.891, 9.053, 8.391, 7.635, 7.582, 9.356, 11.284, 12.627, 14.054, 14.599, 14.42, 12.766], [7.026, 6.171, 5.978, 6.436, 6.153, 5.44, 5.513, 5.95, 5.443, 5.312, 5.393, 5.002, 3.994, 3.53, 3.615, 3.285, 2.767, 2.796, 3.007, 2.534, 3.405, 4.23, 4.42, 4.169, 4.07, 3.552, 2.872, 2.847, 1.877, 1.044, 0.889, 0.0, 1.55, 3.226, 4.169, 2.891, 3.769, 3.632, 2.869, 3.371, 3.179, 3.016, 3.459, 4.084, 4.287, 4.712, 4.242, 3.817, 5.157, 5.213, 4.628, 4.067, 3.192, 2.932, 2.288, 2.062, 1.661, 2.035, 2.162, 2.267, 2.138, 2.161, 2.227, 2.34, 2.603, 2.943, 3.096, 3.173, 4.666, 5.516, 5.539, 6.92, 8.23, 9.125, 9.246, 9.383, 8.679, 7.914, 7.951, 9.718, 11.657, 12.999, 14.389, 14.934, 14.758, 13.101], [8.321, 7.444, 7.334, 7.827, 7.427, 6.719, 6.758, 7.264, 6.518, 6.437, 6.488, 6.085, 5.153, 4.69, 4.807, 4.457, 3.802, 3.7, 3.785, 3.402, 4.407, 5.323, 5.411, 5.161, 5.066, 4.559, 3.907, 3.894, 2.837, 1.993, 1.629, 1.55, 0.0, 2.114, 3.074, 1.895, 2.751, 2.582, 1.815, 2.512, 2.373, 2.248, 2.632, 3.025, 3.189, 3.617, 3.183, 2.735, 4.062, 4.118, 3.533, 2.972, 2.162, 1.654, 1.468, 1.936, 2.431, 2.867, 2.946, 2.78, 2.778, 3.032, 3.086, 3.153, 3.028, 3.65, 3.899, 4.194, 5.878, 6.737, 6.769, 8.132, 9.414, 10.326, 10.369, 10.495, 9.805, 9.044, 9.037, 10.807, 12.744, 14.087, 15.484, 16.029, 15.85, 14.196], [10.146, 9.317, 9.023, 9.478, 9.201, 8.06, 8.076, 8.875, 8.613, 8.474, 8.545, 8.161, 7.169, 6.683, 6.575, 6.222, 5.64, 5.525, 5.755, 5.424, 6.469, 7.305, 7.489, 7.237, 7.138, 6.632, 5.946, 5.965, 4.884, 3.847, 3.558, 3.226, 2.114, 0.0, 1.32, 1.266, 1.553, 1.341, 1.594, 1.721, 2.224, 1.963, 2.218, 1.906, 1.814, 1.971, 1.749, 1.269, 2.174, 2.378, 2.038, 1.512, 1.155, 1.407, 2.242, 3.832, 4.168, 4.565, 4.659, 4.576, 4.448, 4.602, 4.804, 5.075, 4.959, 5.532, 5.8, 6.009, 7.715, 8.522, 8.555, 10.002, 11.358, 12.256, 12.421, 12.564, 11.81, 11.087, 11.127, 12.914, 14.797, 16.14, 17.536, 18.081, 17.901, 16.248], [10.828, 10.006, 9.556, 9.964, 9.748, 8.754, 8.78, 9.633, 9.455, 9.241, 9.325, 8.908, 8.023, 7.513, 7.474, 7.121, 6.498, 6.27, 6.558, 6.187, 7.206, 8.034, 8.248, 7.996, 7.969, 7.449, 6.806, 6.839, 5.738, 4.578, 4.504, 4.169, 3.074, 1.32, 0.0, 1.536, 1.198, 1.176, 2.153, 1.873, 2.2, 2.156, 1.925, 1.294, 1.309, 1.542, 1.528, 1.108, 1.272, 1.308, 0.935, 0.765, 1.328, 1.936, 3.032, 4.699, 5.028, 5.333, 5.397, 5.344, 5.209, 5.388, 5.65, 5.912, 5.784, 6.344, 6.639, 6.817, 8.465, 9.236, 9.219, 10.707, 12.212, 13.11, 13.275, 13.404, 12.767, 11.896, 11.938, 13.808, 15.778, 17.118, 18.558, 19.103, 18.913, 17.27], [9.389, 8.576, 8.137, 8.637, 8.321, 7.413, 7.609, 8.261, 8.107, 7.889, 7.945, 7.528, 6.65, 6.158, 6.167, 5.812, 5.199, 4.955, 5.243, 4.848, 5.818, 6.625, 6.882, 6.637, 6.636, 6.104, 5.469, 5.502, 4.365, 3.238, 3.128, 2.891, 1.895, 1.266, 1.536, 0.0, 1.396, 1.409, 1.49, 1.453, 1.793, 1.544, 2.002, 1.965, 1.972, 2.279, 2.022, 1.453, 2.378, 2.43, 1.856, 1.376, 1.22, 1.637, 2.386, 3.511, 3.743, 4.04, 4.116, 4.058, 3.92, 4.079, 4.337, 4.573, 4.536, 5.109, 5.315, 5.5, 7.085, 7.87, 7.86, 9.327, 10.831, 11.736, 11.901, 12.016, 11.381, 10.48, 10.493, 12.423, 14.392, 15.733, 17.172, 17.717, 17.535, 15.884], [10.594, 9.771, 9.423, 9.783, 9.615, 8.466, 8.394, 9.285, 9.045, 8.886, 8.972, 8.593, 7.613, 7.109, 7.055, 6.705, 6.081, 5.911, 6.165, 5.836, 6.901, 7.743, 7.901, 7.649, 7.565, 7.059, 6.39, 6.409, 5.328, 4.259, 4.068, 3.769, 2.751, 1.553, 1.198, 1.396, 0.0, 0.898, 1.617, 1.543, 2.077, 2.202, 2.347, 1.903, 1.86, 1.997, 2.085, 1.624, 1.656, 1.645, 1.32, 1.207, 1.59, 2.087, 3.065, 4.338, 4.584, 5.002, 5.081, 5.011, 4.914, 5.038, 5.253, 5.497, 5.387, 5.997, 6.246, 6.481, 8.136, 8.928, 8.943, 10.448, 11.822, 12.699, 12.864, 12.99, 12.319, 11.532, 11.573, 13.398, 15.329, 16.67, 18.11, 18.654, 18.475, 16.821], [10.359, 9.541, 9.252, 9.613, 9.418, 8.276, 8.169, 9.079, 8.832, 8.681, 8.752, 8.347, 7.4, 6.895, 6.842, 6.485, 5.861, 5.7, 5.953, 5.631, 6.74, 7.545, 7.75, 7.444, 7.351, 6.859, 6.195, 6.235, 5.115, 4.02, 3.947, 3.632, 2.582, 1.341, 1.176, 1.409, 0.898, 0.0, 1.203, 1.034, 1.65, 1.901, 2.136, 1.814, 1.552, 1.688, 1.664, 1.222, 1.611, 1.866, 1.565, 1.319, 1.359, 1.877, 2.857, 4.196, 4.496, 4.864, 4.926, 4.831, 4.648, 4.808, 5.026, 5.288, 5.178, 5.736, 6.018, 6.231, 7.937, 8.758, 8.762, 10.302, 11.668, 12.53, 12.678, 12.87, 12.207, 11.416, 11.465, 13.281, 15.217, 16.558, 17.996, 18.533, 18.347, 16.704], [9.527, 8.659, 8.483, 8.882, 8.558, 7.503, 7.509, 8.16, 7.792, 7.657, 7.711, 7.332, 6.303, 5.905, 6.009, 5.618, 4.953, 4.851, 4.982, 4.682, 5.798, 6.641, 6.761, 6.424, 6.343, 5.879, 5.225, 5.272, 4.036, 3.095, 3.013, 2.869, 1.815, 1.594, 2.153, 1.49, 1.617, 1.203, 0.0, 0.887, 1.296, 1.753, 2.433, 2.477, 2.283, 2.411, 2.133, 1.79, 2.625, 2.832, 2.524, 2.208, 1.937, 2.052, 2.442, 3.384, 3.74, 4.118, 4.13, 4.03, 3.889, 3.988, 4.102, 4.287, 4.225, 4.824, 5.021, 5.314, 7.04, 7.902, 7.953, 9.478, 10.735, 11.585, 11.639, 11.85, 11.288, 10.462, 10.47, 12.32, 14.251, 15.584, 17.025, 17.562, 17.37, 15.734], [9.887, 9.079, 8.774, 9.058, 8.844, 7.798, 7.807, 8.6, 8.459, 8.241, 8.268, 7.861, 7.014, 6.557, 6.501, 6.152, 5.543, 5.38, 5.624, 5.272, 6.323, 7.116, 7.339, 7.01, 7.026, 6.553, 5.946, 5.987, 4.748, 3.631, 3.696, 3.371, 2.512, 1.721, 1.873, 1.453, 1.543, 1.034, 0.887, 0.0, 1.086, 1.568, 2.317, 2.282, 1.903, 1.92, 1.805, 1.502, 2.067, 2.356, 2.189, 1.954, 1.98, 2.491, 3.093, 4.146, 4.357, 4.604, 4.656, 4.598, 4.386, 4.424, 4.705, 4.933, 4.941, 5.501, 5.66, 5.813, 7.416, 8.234, 8.287, 9.894, 11.34, 12.202, 12.351, 12.533, 11.959, 11.025, 11.057, 13.0, 14.959, 16.293, 17.733, 18.271, 18.079, 16.442], [9.455, 8.714, 8.305, 8.57, 8.207, 7.429, 7.474, 8.255, 8.208, 7.959, 7.955, 7.561, 6.775, 6.336, 6.25, 5.907, 5.273, 5.146, 5.36, 5.045, 5.985, 6.708, 7.002, 6.759, 6.788, 6.333, 5.717, 5.767, 4.509, 3.443, 3.502, 3.179, 2.373, 2.224, 2.2, 1.793, 2.077, 1.65, 1.296, 1.086, 0.0, 1.035, 1.645, 1.85, 1.713, 1.885, 1.61, 1.657, 2.416, 2.51, 2.264, 2.226, 2.407, 2.802, 2.987, 3.935, 4.146, 4.347, 4.357, 4.281, 4.134, 4.187, 4.423, 4.626, 4.622, 5.246, 5.421, 5.623, 7.111, 7.935, 7.984, 9.587, 11.113, 11.963, 12.111, 12.301, 11.739, 10.804, 10.804, 12.777, 14.725, 16.058, 17.499, 18.036, 17.844, 16.207], [9.146, 8.405, 8.002, 8.256, 7.876, 7.291, 7.339, 8.117, 8.02, 7.782, 7.772, 7.373, 6.542, 6.149, 6.092, 5.749, 5.097, 5.002, 5.208, 4.89, 5.769, 6.451, 6.748, 6.583, 6.636, 6.159, 5.528, 5.579, 4.309, 3.232, 3.313, 3.016, 2.248, 1.963, 2.156, 1.544, 2.202, 1.901, 1.753, 1.568, 1.035, 0.0, 1.118, 1.634, 1.679, 2.113, 1.733, 1.517, 2.651, 2.612, 2.211, 2.064, 2.07, 2.443, 2.728, 3.771, 4.011, 4.191, 4.195, 4.02, 3.928, 3.976, 4.212, 4.495, 4.433, 5.02, 5.206, 5.393, 6.966, 7.759, 7.828, 9.415, 10.935, 11.751, 11.874, 12.113, 11.551, 10.616, 10.617, 12.592, 14.544, 15.878, 17.318, 17.856, 17.664, 16.026], [9.679, 8.923, 8.51, 8.833, 8.534, 7.896, 7.941, 8.722, 8.603, 8.387, 8.377, 7.964, 7.057, 6.656, 6.646, 6.297, 5.671, 5.442, 5.726, 5.327, 6.277, 6.947, 7.273, 7.052, 7.115, 6.626, 6.009, 6.06, 4.806, 3.698, 3.777, 3.459, 2.632, 2.218, 1.925, 2.002, 2.347, 2.136, 2.433, 2.317, 1.645, 1.118, 0.0, 1.058, 1.35, 1.826, 1.723, 1.624, 2.471, 2.449, 2.003, 1.927, 1.917, 2.297, 2.847, 4.076, 4.401, 4.546, 4.566, 4.421, 4.242, 4.401, 4.718, 5.048, 4.909, 5.423, 5.666, 5.796, 7.564, 8.324, 8.332, 9.892, 11.413, 12.231, 12.355, 12.594, 12.032, 11.097, 11.098, 13.073, 15.042, 16.377, 17.816, 18.355, 18.155, 16.525], [10.426, 9.678, 9.223, 9.589, 9.255, 8.652, 8.698, 9.478, 9.361, 9.143, 9.133, 8.72, 7.847, 7.413, 7.392, 7.038, 6.416, 6.172, 6.444, 6.064, 6.88, 7.625, 7.911, 7.803, 7.854, 7.344, 6.724, 6.757, 5.562, 4.455, 4.419, 4.084, 3.025, 1.906, 1.294, 1.965, 1.903, 1.814, 2.477, 2.282, 1.85, 1.634, 1.058, 0.0, 0.804, 1.325, 1.298, 1.262, 1.702, 1.662, 1.251, 1.434, 1.638, 2.093, 2.968, 4.576, 4.932, 5.096, 5.103, 4.991, 4.958, 5.164, 5.473, 5.731, 5.6, 6.167, 6.463, 6.641, 8.298, 9.057, 9.062, 10.539, 12.057, 12.933, 13.098, 13.245, 12.682, 11.748, 11.748, 13.723, 15.693, 17.033, 18.473, 19.018, 18.829, 17.185], [10.583, 9.83, 9.385, 9.772, 9.446, 8.825, 8.87, 9.651, 9.534, 9.316, 9.306, 8.893, 8.009, 7.585, 7.565, 7.211, 6.589, 6.345, 6.624, 6.237, 7.098, 7.822, 8.088, 7.97, 8.028, 7.517, 6.896, 6.929, 5.735, 4.627, 4.619, 4.287, 3.189, 1.814, 1.309, 1.972, 1.86, 1.552, 2.283, 1.903, 1.713, 1.679, 1.35, 0.804, 0.0, 0.872, 0.937, 1.089, 1.495, 1.444, 1.306, 1.446, 1.683, 2.205, 3.086, 4.775, 5.131, 5.287, 5.3, 5.179, 5.127, 5.334, 5.635, 5.908, 5.769, 6.329, 6.625, 6.803, 8.471, 9.228, 9.234, 10.731, 12.257, 13.095, 13.26, 13.445, 12.882, 11.948, 11.948, 13.923, 15.893, 17.233, 18.673, 19.217, 19.025, 17.385], [11.073, 10.325, 9.869, 10.266, 9.931, 9.27, 9.316, 10.096, 9.979, 9.761, 9.751, 9.338, 8.461, 8.03, 8.01, 7.656, 7.034, 6.79, 7.053, 6.682, 7.559, 8.295, 8.582, 8.417, 8.472, 7.962, 7.342, 7.375, 6.18, 5.073, 5.047, 4.712, 3.617, 1.971, 1.542, 2.279, 1.997, 1.688, 2.411, 1.92, 1.885, 2.113, 1.826, 1.325, 0.872, 0.0, 0.83, 1.226, 1.448, 1.364, 1.596, 1.722, 1.992, 2.414, 3.308, 5.174, 5.529, 5.689, 5.688, 5.644, 5.554, 5.764, 6.087, 6.349, 6.205, 6.782, 7.077, 7.255, 8.916, 9.673, 9.679, 11.159, 12.685, 13.548, 13.713, 13.873, 13.31, 12.376, 12.376, 14.351, 16.321, 17.661, 19.101, 19.646, 19.455, 17.813], [10.557, 9.793, 9.337, 9.71, 9.456, 8.767, 8.813, 9.593, 9.476, 9.258, 9.248, 8.835, 7.937, 7.528, 7.507, 7.153, 6.531, 6.287, 6.55, 6.179, 7.05, 7.779, 8.034, 7.913, 7.969, 7.459, 6.839, 6.872, 5.677, 4.57, 4.577, 4.242, 3.183, 1.749, 1.528, 2.022, 2.085, 1.664, 2.133, 1.805, 1.61, 1.733, 1.723, 1.298, 0.937, 0.83, 0.0, 0.84, 1.601, 1.644, 1.688, 1.671, 1.845, 2.172, 2.792, 4.701, 5.059, 5.219, 5.202, 5.079, 5.029, 5.24, 5.563, 5.846, 5.681, 6.258, 6.553, 6.731, 8.413, 9.17, 9.177, 10.69, 12.215, 13.04, 13.188, 13.403, 12.841, 11.906, 11.907, 13.882, 15.851, 17.192, 18.632, 19.173, 18.981, 17.343], [10.136, 9.35, 8.959, 9.328, 9.124, 8.351, 8.394, 9.174, 9.058, 8.84, 8.829, 8.417, 7.51, 7.109, 7.088, 6.735, 6.112, 5.869, 6.131, 5.76, 6.635, 7.341, 7.619, 7.494, 7.551, 7.039, 6.42, 6.453, 5.258, 4.151, 4.152, 3.817, 2.735, 1.269, 1.108, 1.453, 1.624, 1.222, 1.79, 1.502, 1.657, 1.517, 1.624, 1.262, 1.089, 1.226, 0.84, 0.0, 1.51, 1.704, 1.448, 1.158, 1.193, 1.586, 2.472, 4.276, 4.634, 4.793, 4.78, 4.65, 4.59, 4.801, 5.124, 5.427, 5.242, 5.818, 6.114, 6.292, 7.994, 8.751, 8.758, 10.264, 11.79, 12.617, 12.757, 12.977, 12.415, 11.48, 11.481, 13.456, 15.426, 16.766, 18.206, 18.748, 18.556, 16.918], [11.485, 10.724, 10.277, 10.621, 10.356, 9.697, 9.743, 10.523, 10.406, 10.188, 10.178, 9.765, 8.888, 8.457, 8.437, 8.083, 7.461, 7.217, 7.48, 7.109, 7.947, 8.681, 8.943, 8.844, 8.899, 8.389, 7.768, 7.801, 6.607, 5.5, 5.492, 5.157, 4.062, 2.174, 1.272, 2.378, 1.656, 1.611, 2.625, 2.067, 2.416, 2.651, 2.471, 1.702, 1.495, 1.448, 1.601, 1.51, 0.0, 0.827, 1.026, 1.238, 2.016, 2.645, 3.718, 5.616, 5.974, 6.134, 6.121, 5.987, 5.98, 6.191, 6.514, 6.776, 6.632, 7.209, 7.504, 7.682, 9.343, 10.1, 10.106, 11.605, 13.13, 13.975, 14.14, 14.318, 13.756, 12.821, 12.822, 14.797, 16.766, 18.107, 19.547, 20.09, 19.898, 18.258], [11.54, 10.79, 10.351, 10.691, 10.353, 9.783, 9.829, 10.609, 10.492, 10.274, 10.264, 9.851, 8.974, 8.544, 8.523, 8.169, 7.547, 7.303, 7.566, 7.195, 8.002, 8.752, 9.025, 8.93, 8.985, 8.475, 7.855, 7.888, 6.693, 5.586, 5.548, 5.213, 4.118, 2.378, 1.308, 2.43, 1.645, 1.866, 2.832, 2.356, 2.51, 2.612, 2.449, 1.662, 1.444, 1.364, 1.644, 1.704, 0.827, 0.0, 0.828, 1.261, 2.189, 2.863, 3.803, 5.672, 6.03, 6.199, 6.181, 6.064, 6.067, 6.278, 6.6, 6.862, 6.718, 7.295, 7.59, 7.768, 9.429, 10.186, 10.193, 11.67, 13.186, 14.061, 14.226, 14.373, 13.811, 12.876, 12.877, 14.852, 16.822, 18.162, 19.602, 20.147, 19.958, 18.314], [11.009, 10.263, 9.831, 10.185, 9.878, 9.217, 9.264, 10.043, 9.926, 9.708, 9.698, 9.285, 8.427, 7.977, 7.957, 7.603, 6.981, 6.737, 7.0, 6.629, 7.452, 8.215, 8.499, 8.383, 8.419, 7.909, 7.288, 7.321, 6.142, 5.019, 4.962, 4.628, 3.533, 2.038, 0.935, 1.856, 1.32, 1.565, 2.524, 2.189, 2.264, 2.211, 2.003, 1.251, 1.306, 1.596, 1.688, 1.448, 1.026, 0.828, 0.0, 0.728, 1.683, 2.436, 3.449, 5.103, 5.445, 5.641, 5.634, 5.559, 5.519, 5.73, 6.053, 6.311, 6.171, 6.748, 7.043, 7.221, 8.862, 9.638, 9.626, 11.103, 12.617, 13.513, 13.678, 13.797, 13.226, 12.291, 12.292, 14.267, 16.236, 17.577, 19.017, 19.561, 19.375, 17.729], [10.528, 9.76, 9.332, 9.709, 9.477, 8.658, 8.713, 9.484, 9.367, 9.149, 9.15, 8.726, 7.866, 7.419, 7.398, 7.044, 6.422, 6.178, 6.441, 6.07, 6.962, 7.752, 8.011, 7.822, 7.86, 7.35, 6.73, 6.763, 5.581, 4.461, 4.402, 4.067, 2.972, 1.512, 0.765, 1.376, 1.207, 1.319, 2.208, 1.954, 2.226, 2.064, 1.927, 1.434, 1.446, 1.722, 1.671, 1.158, 1.238, 1.261, 0.728, 0.0, 1.136, 1.857, 2.89, 4.542, 4.887, 5.082, 5.099, 5.071, 4.958, 5.17, 5.491, 5.75, 5.609, 6.186, 6.482, 6.66, 8.304, 9.076, 9.068, 10.545, 12.058, 12.952, 13.117, 13.238, 12.666, 11.731, 11.732, 13.707, 15.676, 17.017, 18.457, 19.001, 18.815, 17.168], [9.673, 8.876, 8.566, 8.989, 8.73, 7.856, 8.033, 8.583, 8.402, 8.184, 8.185, 7.761, 6.903, 6.453, 6.439, 6.082, 5.457, 5.213, 5.476, 5.105, 6.045, 6.828, 7.061, 6.859, 6.895, 6.385, 5.764, 5.797, 4.619, 3.495, 3.508, 3.192, 2.162, 1.155, 1.328, 1.22, 1.59, 1.359, 1.937, 1.98, 2.407, 2.07, 1.917, 1.638, 1.683, 1.992, 1.845, 1.193, 2.016, 2.189, 1.683, 1.136, 0.0, 0.979, 1.942, 3.627, 3.986, 4.156, 4.175, 4.106, 3.996, 4.223, 4.529, 4.788, 4.647, 5.224, 5.519, 5.698, 7.348, 8.18, 8.175, 9.698, 11.142, 11.995, 12.155, 12.329, 11.767, 10.832, 10.833, 12.808, 14.778, 16.118, 17.558, 18.099, 17.907, 16.27], [9.504, 8.626, 8.509, 8.99, 8.603, 7.865, 7.961, 8.426, 7.814, 7.664, 7.712, 7.333, 6.35, 5.928, 6.043, 5.661, 4.99, 4.784, 4.927, 4.605, 5.643, 6.524, 6.63, 6.378, 6.316, 5.818, 5.177, 5.21, 4.057, 3.077, 2.977, 2.932, 1.654, 1.407, 1.936, 1.637, 2.087, 1.877, 2.052, 2.491, 2.802, 2.443, 2.297, 2.093, 2.205, 2.414, 2.172, 1.586, 2.645, 2.863, 2.436, 1.857, 0.979, 0.0, 1.256, 3.03, 3.513, 3.862, 3.895, 3.781, 3.763, 4.036, 4.129, 4.229, 4.099, 4.684, 5.011, 5.352, 7.054, 7.919, 7.96, 9.333, 10.626, 11.518, 11.593, 11.73, 11.167, 10.311, 10.321, 12.194, 14.145, 15.485, 16.925, 17.47, 17.281, 15.637], [8.513, 7.645, 7.508, 8.02, 7.697, 7.123, 7.203, 7.484, 6.846, 6.663, 6.721, 6.334, 5.29, 4.869, 5.025, 4.661, 3.934, 3.803, 3.893, 3.618, 4.645, 5.528, 5.591, 5.339, 5.249, 4.751, 4.115, 4.155, 2.995, 2.133, 2.294, 2.288, 1.468, 2.242, 3.032, 2.386, 3.065, 2.857, 2.442, 3.093, 2.987, 2.728, 2.847, 2.968, 3.086, 3.308, 2.792, 2.472, 3.718, 3.803, 3.449, 2.89, 1.942, 1.256, 0.0, 1.991, 2.587, 2.909, 2.878, 2.902, 2.99, 3.266, 3.221, 3.168, 3.059, 3.634, 4.021, 4.336, 6.055, 6.914, 6.973, 8.338, 9.599, 10.45, 10.516, 10.654, 10.145, 9.319, 9.311, 11.128, 13.079, 14.419, 15.859, 16.404, 16.215, 14.571], [6.911, 6.034, 5.947, 6.444, 6.099, 5.678, 5.924, 6.079, 5.327, 4.993, 5.031, 4.609, 3.599, 3.198, 3.364, 3.025, 2.282, 2.178, 2.185, 1.938, 2.942, 3.86, 3.819, 3.553, 3.401, 2.87, 2.323, 2.223, 1.304, 1.796, 1.935, 2.062, 1.936, 3.832, 4.699, 3.511, 4.338, 4.196, 3.384, 4.146, 3.935, 3.771, 4.076, 4.576, 4.775, 5.174, 4.701, 4.276, 5.616, 5.672, 5.103, 4.542, 3.627, 3.03, 1.991, 0.0, 1.121, 1.417, 1.407, 1.453, 1.873, 2.065, 1.859, 1.66, 1.44, 2.001, 2.279, 2.767, 4.469, 5.314, 5.343, 6.702, 7.955, 8.766, 8.77, 8.963, 8.345, 7.609, 7.566, 9.323, 11.15, 12.49, 13.93, 14.475, 14.296, 12.646], [6.151, 5.289, 5.133, 5.645, 5.28, 4.69, 4.957, 5.175, 4.604, 4.347, 4.433, 4.054, 3.061, 2.562, 2.629, 2.24, 1.603, 1.464, 1.695, 1.307, 2.362, 3.235, 3.357, 3.105, 3.016, 2.515, 1.938, 1.944, 1.294, 1.426, 1.486, 1.661, 2.431, 4.168, 5.028, 3.743, 4.584, 4.496, 3.74, 4.357, 4.146, 4.011, 4.401, 4.932, 5.131, 5.529, 5.059, 4.634, 5.974, 6.03, 5.445, 4.887, 3.986, 3.513, 2.587, 1.121, 0.0, 0.681, 0.764, 0.898, 1.068, 1.17, 1.097, 1.113, 1.136, 1.536, 1.746, 2.037, 3.704, 4.548, 4.577, 6.01, 7.301, 8.203, 8.313, 8.441, 7.799, 7.005, 7.025, 8.844, 10.792, 12.132, 13.572, 14.117, 13.931, 12.284], [5.723, 4.893, 4.712, 5.215, 4.822, 4.474, 4.841, 4.975, 4.507, 4.095, 4.111, 3.722, 2.797, 2.366, 2.408, 2.049, 1.416, 1.264, 1.532, 1.217, 1.988, 2.834, 2.954, 2.742, 2.79, 2.303, 1.824, 1.779, 1.291, 1.543, 1.819, 2.035, 2.867, 4.565, 5.333, 4.04, 5.002, 4.864, 4.118, 4.604, 4.347, 4.191, 4.546, 5.096, 5.287, 5.689, 5.219, 4.793, 6.134, 6.199, 5.641, 5.082, 4.156, 3.862, 2.909, 1.417, 0.681, 0.0, 0.611, 0.807, 0.913, 1.02, 0.983, 1.102, 1.167, 1.408, 1.685, 1.764, 3.312, 4.201, 4.232, 5.656, 7.046, 7.872, 8.037, 8.184, 7.642, 6.718, 6.695, 8.663, 10.633, 11.973, 13.413, 13.958, 13.767, 12.125], [5.77, 4.939, 4.754, 5.206, 4.895, 4.572, 4.966, 4.938, 4.56, 4.133, 4.143, 3.762, 2.796, 2.418, 2.524, 2.147, 1.498, 1.327, 1.46, 1.179, 1.983, 2.836, 2.912, 2.752, 2.847, 2.328, 1.802, 1.839, 1.364, 1.659, 1.885, 2.162, 2.946, 4.659, 5.397, 4.116, 5.081, 4.926, 4.13, 4.656, 4.357, 4.195, 4.566, 5.103, 5.3, 5.688, 5.202, 4.78, 6.121, 6.181, 5.634, 5.099, 4.175, 3.895, 2.878, 1.407, 0.764, 0.611, 0.0, 0.68, 0.877, 1.02, 1.05, 1.063, 1.054, 1.364, 1.546, 1.794, 3.436, 4.315, 4.356, 5.759, 7.114, 7.947, 8.045, 8.205, 7.695, 6.772, 6.711, 8.68, 10.65, 11.99, 13.43, 13.975, 13.785, 12.142], [5.92, 5.061, 4.978, 5.358, 4.989, 4.642, 4.998, 5.087, 4.621, 4.303, 4.309, 3.929, 2.961, 2.654, 2.829, 2.466, 1.796, 1.602, 1.669, 1.451, 2.168, 2.949, 3.016, 2.925, 3.092, 2.568, 1.949, 2.1, 1.613, 1.804, 1.943, 2.267, 2.78, 4.576, 5.344, 4.058, 5.011, 4.831, 4.03, 4.598, 4.281, 4.02, 4.421, 4.991, 5.179, 5.644, 5.079, 4.65, 5.987, 6.064, 5.559, 5.071, 4.106, 3.781, 2.902, 1.453, 0.898, 0.807, 0.68, 0.0, 0.734, 1.038, 1.176, 1.219, 1.03, 1.384, 1.652, 1.974, 3.678, 4.53, 4.58, 5.972, 7.329, 8.117, 8.188, 8.421, 7.908, 6.985, 6.925, 8.9, 10.869, 12.21, 13.65, 14.19, 13.998, 12.361], [5.877, 5.007, 4.859, 5.306, 4.98, 4.371, 4.545, 4.871, 4.514, 4.283, 4.286, 3.894, 2.953, 2.635, 2.71, 2.371, 1.786, 1.552, 1.703, 1.515, 2.266, 3.061, 3.218, 2.937, 3.142, 2.642, 2.038, 2.191, 1.842, 1.666, 1.843, 2.138, 2.778, 4.448, 5.209, 3.92, 4.914, 4.648, 3.889, 4.386, 4.134, 3.928, 4.242, 4.958, 5.127, 5.554, 5.029, 4.59, 5.98, 6.067, 5.519, 4.958, 3.996, 3.763, 2.99, 1.873, 1.068, 0.913, 0.877, 0.734, 0.0, 0.611, 1.001, 1.179, 1.136, 1.398, 1.63, 1.788, 3.543, 4.424, 4.466, 5.95, 7.312, 8.151, 8.225, 8.464, 7.913, 6.978, 6.968, 8.943, 10.912, 12.25, 13.691, 14.228, 14.032, 12.399], [5.788, 4.931, 4.721, 5.059, 4.791, 4.069, 4.254, 4.565, 4.298, 4.09, 4.103, 3.715, 2.782, 2.398, 2.436, 2.087, 1.605, 1.387, 1.56, 1.364, 2.204, 2.955, 3.106, 2.824, 2.896, 2.502, 1.907, 2.086, 1.803, 1.679, 1.903, 2.161, 3.032, 4.602, 5.388, 4.079, 5.038, 4.808, 3.988, 4.424, 4.187, 3.976, 4.401, 5.164, 5.334, 5.764, 5.24, 4.801, 6.191, 6.278, 5.73, 5.17, 4.223, 4.036, 3.266, 2.065, 1.17, 1.02, 1.02, 1.038, 0.611, 0.0, 0.76, 1.012, 1.118, 1.424, 1.576, 1.626, 3.354, 4.195, 4.275, 5.839, 7.212, 8.022, 8.114, 8.353, 7.804, 6.898, 6.899, 8.832, 10.792, 12.125, 13.566, 14.103, 13.907, 12.274], [5.683, 4.842, 4.676, 5.059, 4.652, 4.103, 4.279, 4.541, 4.174, 3.861, 3.916, 3.548, 2.507, 2.155, 2.136, 1.812, 1.316, 1.377, 1.556, 1.13, 2.067, 2.843, 2.972, 2.658, 2.612, 2.223, 1.682, 1.773, 1.425, 1.667, 1.89, 2.227, 3.086, 4.804, 5.65, 4.337, 5.253, 5.026, 4.102, 4.705, 4.423, 4.212, 4.718, 5.473, 5.635, 6.087, 5.563, 5.124, 6.514, 6.6, 6.053, 5.491, 4.529, 4.129, 3.221, 1.859, 1.097, 0.983, 1.05, 1.176, 1.001, 0.76, 0.0, 0.886, 1.082, 1.327, 1.483, 1.652, 3.156, 4.038, 4.18, 5.702, 6.959, 7.733, 7.839, 8.108, 7.556, 6.745, 6.759, 8.594, 10.507, 11.841, 13.281, 13.819, 13.627, 11.993], [5.712, 4.865, 4.82, 5.25, 4.802, 4.333, 4.524, 4.702, 3.943, 3.752, 3.745, 3.366, 2.331, 2.015, 2.085, 1.789, 1.267, 1.144, 1.129, 1.056, 1.907, 2.725, 2.777, 2.441, 2.345, 2.009, 1.501, 1.583, 1.297, 1.719, 2.068, 2.34, 3.153, 5.075, 5.912, 4.573, 5.497, 5.288, 4.287, 4.933, 4.626, 4.495, 5.048, 5.731, 5.908, 6.349, 5.846, 5.427, 6.776, 6.862, 6.311, 5.75, 4.788, 4.229, 3.168, 1.66, 1.113, 1.102, 1.063, 1.219, 1.179, 1.012, 0.886, 0.0, 0.712, 1.041, 1.233, 1.611, 3.097, 3.969, 4.149, 5.602, 6.85, 7.607, 7.612, 7.888, 7.358, 6.585, 6.561, 8.375, 10.211, 11.544, 12.99, 13.5, 13.339, 11.71], [5.86, 4.962, 4.902, 5.317, 4.918, 4.51, 4.783, 4.921, 4.205, 3.892, 3.93, 3.534, 2.53, 2.251, 2.357, 2.064, 1.453, 1.271, 1.192, 1.302, 2.063, 2.891, 2.934, 2.626, 2.586, 2.282, 1.699, 1.845, 1.541, 2.071, 2.344, 2.603, 3.028, 4.959, 5.784, 4.536, 5.387, 5.178, 4.225, 4.941, 4.622, 4.433, 4.909, 5.6, 5.769, 6.205, 5.681, 5.242, 6.632, 6.718, 6.171, 5.609, 4.647, 4.099, 3.059, 1.44, 1.136, 1.167, 1.054, 1.03, 1.136, 1.118, 1.082, 0.712, 0.0, 0.884, 1.107, 1.609, 3.307, 4.186, 4.327, 5.82, 7.066, 7.821, 7.786, 8.082, 7.537, 6.747, 6.724, 8.545, 10.425, 11.755, 13.202, 13.724, 13.545, 11.917], [5.223, 4.361, 4.324, 4.73, 4.34, 4.339, 4.658, 4.714, 3.942, 3.352, 3.31, 3.028, 2.011, 1.935, 2.057, 1.876, 1.336, 1.102, 1.007, 1.416, 1.913, 2.488, 2.59, 2.284, 2.381, 2.171, 1.762, 1.916, 1.76, 2.347, 2.704, 2.943, 3.65, 5.532, 6.344, 5.109, 5.997, 5.736, 4.824, 5.501, 5.246, 5.02, 5.423, 6.167, 6.329, 6.782, 6.258, 5.818, 7.209, 7.295, 6.748, 6.186, 5.224, 4.684, 3.634, 2.001, 1.536, 1.408, 1.364, 1.384, 1.398, 1.424, 1.327, 1.041, 0.884, 0.0, 0.745, 1.145, 2.7, 3.544, 3.71, 5.144, 6.386, 7.14, 7.156, 7.445, 6.927, 6.141, 6.135, 7.958, 9.843, 11.169, 12.616, 13.138, 12.959, 11.335], [4.968, 4.056, 3.992, 4.416, 4.163, 4.262, 4.573, 4.632, 3.981, 3.162, 3.106, 3.004, 2.091, 1.978, 1.776, 1.698, 1.474, 1.155, 0.951, 1.549, 1.919, 2.199, 2.397, 2.247, 2.345, 2.31, 1.908, 2.004, 1.858, 2.56, 2.801, 3.096, 3.899, 5.8, 6.639, 5.315, 6.246, 6.018, 5.021, 5.66, 5.421, 5.206, 5.666, 6.463,