[[0.0, 1.072, 1.428, 1.845, 1.91, 1.942, 1.751, 1.982, 1.821, 1.967, 2.154, 2.174, 1.982, 2.292, 1.923, 3.218, 5.085, 3.873, 2.445, 2.495, 2.723, 2.817, 2.791, 2.626, 2.91, 3.159, 3.249, 3.054, 2.3, 2.047, 2.417, 2.659, 2.501, 2.418, 2.035, 1.993, 2.058, 2.119, 1.915, 2.094, 1.953, 1.759, 1.776, 1.729, 1.806, 1.658, 1.494, 1.331, 1.564, 1.713, 1.725, 1.623, 1.366, 2.551, 5.561, 6.818, 7.065, 6.52, 6.369, 5.997, 5.699, 5.23, 5.21, 5.849, 6.632, 7.631, 8.311, 7.817, 6.372, 6.44, 7.183, 7.043, 6.518, 6.007, 5.498, 5.325, 5.434, 5.436, 6.252, 6.829, 6.601, 6.378, 5.908, 6.082, 6.3, 7.267], [1.072, 0.0, 1.564, 1.821, 1.854, 1.765, 1.719, 2.254, 2.049, 1.819, 1.756, 1.809, 2.039, 2.506, 2.053, 2.809, 4.615, 3.499, 2.077, 2.168, 2.336, 2.42, 2.396, 2.254, 2.474, 2.681, 2.792, 2.656, 2.183, 2.011, 2.463, 2.783, 2.283, 2.071, 1.936, 2.058, 2.168, 2.306, 2.185, 2.373, 2.334, 2.15, 1.89, 1.668, 1.432, 1.4, 1.279, 1.242, 1.741, 1.648, 1.794, 1.52, 1.188, 2.932, 5.996, 7.252, 7.501, 6.948, 6.81, 6.436, 6.134, 5.664, 5.646, 6.293, 7.074, 8.065, 8.75, 8.258, 6.799, 6.889, 7.635, 7.546, 7.061, 6.58, 5.815, 5.778, 5.854, 6.119, 6.835, 7.279, 7.089, 6.78, 6.331, 6.596, 6.822, 7.79], [1.428, 1.564, 0.0, 1.172, 1.193, 1.323, 1.09, 1.24, 1.185, 1.466, 1.573, 1.898, 1.576, 1.618, 1.707, 3.482, 5.369, 3.769, 1.968, 2.079, 2.349, 2.483, 2.485, 2.532, 2.416, 2.409, 2.693, 2.428, 1.518, 1.472, 1.727, 2.025, 1.805, 1.742, 1.411, 1.491, 1.768, 1.994, 1.711, 1.82, 1.818, 1.621, 1.514, 1.621, 1.731, 1.864, 1.771, 1.882, 2.025, 2.16, 2.029, 1.89, 1.47, 1.788, 4.677, 5.934, 6.198, 5.64, 5.491, 5.18, 4.86, 4.412, 4.323, 4.978, 5.754, 6.765, 7.466, 6.989, 5.497, 5.85, 6.744, 6.594, 6.101, 5.897, 5.644, 5.483, 5.168, 5.288, 5.962, 6.34, 6.074, 5.847, 5.402, 5.575, 5.824, 6.77], [1.845, 1.821, 1.172, 0.0, 1.346, 1.356, 1.259, 1.223, 1.185, 1.555, 1.81, 2.053, 1.507, 1.569, 1.674, 3.644, 5.568, 3.772, 2.067, 2.303, 2.622, 2.67, 2.586, 2.787, 2.745, 2.344, 2.573, 2.481, 1.614, 1.488, 1.483, 1.385, 1.357, 1.42, 1.298, 1.569, 2.051, 2.122, 2.089, 2.109, 1.933, 1.623, 1.561, 1.645, 1.762, 1.789, 1.793, 1.869, 2.325, 2.302, 2.035, 2.019, 1.786, 1.944, 4.532, 5.742, 6.017, 5.526, 5.372, 5.018, 4.795, 4.25, 4.16, 4.843, 5.66, 6.561, 7.256, 6.767, 5.325, 5.622, 6.567, 6.319, 5.942, 6.002, 6.041, 5.914, 5.483, 5.299, 5.931, 6.229, 5.917, 5.746, 5.286, 5.416, 5.595, 6.459], [1.91, 1.854, 1.193, 1.346, 0.0, 0.841, 0.925, 1.37, 1.44, 1.251, 1.243, 1.673, 1.713, 1.618, 1.644, 2.879, 4.749, 2.957, 1.361, 1.495, 1.796, 1.831, 1.778, 1.93, 1.96, 1.899, 1.93, 1.731, 0.997, 0.972, 1.335, 1.825, 1.285, 1.244, 1.206, 1.455, 2.173, 2.339, 1.965, 2.268, 2.211, 1.891, 1.607, 1.734, 1.722, 1.851, 1.804, 2.042, 2.332, 2.181, 2.177, 1.886, 1.498, 2.589, 5.319, 6.569, 6.806, 6.381, 6.205, 5.838, 5.66, 5.099, 4.966, 5.645, 6.521, 7.377, 8.07, 7.591, 6.128, 6.419, 7.343, 7.157, 6.71, 6.744, 6.534, 6.372, 6.109, 6.15, 6.823, 7.13, 6.842, 6.632, 6.167, 6.295, 6.513, 7.384], [1.942, 1.765, 1.323, 1.356, 0.841, 0.0, 0.717, 1.239, 1.24, 1.07, 0.997, 1.28, 1.402, 1.455, 1.47, 2.595, 4.518, 2.762, 1.083, 1.243, 1.56, 1.653, 1.514, 1.727, 1.828, 1.737, 1.707, 1.547, 1.036, 0.964, 1.313, 1.945, 1.226, 1.111, 1.231, 1.51, 2.202, 2.373, 1.986, 2.188, 2.179, 1.82, 1.638, 1.676, 1.525, 1.587, 1.587, 1.782, 2.249, 1.935, 1.83, 1.518, 1.357, 2.632, 5.536, 6.783, 7.039, 6.534, 6.351, 6.042, 5.82, 5.3, 5.195, 5.833, 6.657, 7.636, 8.334, 7.878, 6.352, 6.615, 7.53, 7.371, 6.882, 6.817, 6.558, 6.417, 6.11, 6.273, 6.985, 7.287, 7.014, 6.813, 6.338, 6.456, 6.7, 7.589], [1.751, 1.719, 1.09, 1.259, 0.925, 0.717, 0.0, 1.013, 1.027, 0.884, 0.94, 1.183, 1.131, 1.287, 1.214, 2.644, 4.562, 2.94, 1.232, 1.295, 1.551, 1.621, 1.636, 1.823, 1.752, 1.718, 1.814, 1.635, 1.256, 1.057, 1.12, 1.743, 1.239, 1.273, 1.103, 1.333, 1.858, 2.032, 1.653, 1.953, 1.909, 1.596, 1.433, 1.521, 1.306, 1.312, 1.422, 1.588, 2.052, 1.632, 1.52, 1.397, 1.074, 2.39, 5.48, 6.729, 6.985, 6.45, 6.295, 5.974, 5.642, 5.192, 5.135, 5.773, 6.564, 7.577, 8.261, 7.801, 6.297, 6.532, 7.401, 7.314, 6.823, 6.612, 6.409, 6.234, 5.948, 6.05, 6.744, 7.099, 6.828, 6.631, 6.169, 6.314, 6.575, 7.505], [1.982, 2.254, 1.24, 1.223, 1.37, 1.239, 1.013, 0.0, 0.787, 1.306, 1.564, 1.745, 1.173, 1.005, 1.396, 3.458, 5.36, 3.706, 1.926, 2.043, 2.287, 2.32, 2.378, 2.613, 2.527, 2.213, 2.507, 2.339, 1.41, 1.391, 1.242, 1.488, 1.437, 1.413, 1.254, 1.53, 1.673, 1.826, 1.559, 1.546, 1.596, 1.439, 1.67, 1.792, 1.825, 1.899, 1.861, 1.92, 2.053, 2.236, 1.889, 1.993, 1.672, 1.793, 4.664, 5.924, 6.168, 5.627, 5.472, 5.222, 4.873, 4.437, 4.306, 4.957, 5.737, 6.777, 7.482, 7.022, 5.47, 5.865, 6.803, 6.64, 6.181, 6.147, 6.066, 5.911, 5.543, 5.395, 6.07, 6.377, 6.131, 5.897, 5.431, 5.617, 5.864, 6.786], [1.821, 2.049, 1.185, 1.185, 1.44, 1.24, 1.027, 0.787, 0.0, 1.184, 1.412, 1.561, 0.892, 0.892, 1.116, 3.37, 5.259, 3.577, 1.871, 2.038, 2.301, 2.308, 2.292, 2.537, 2.497, 2.394, 2.42, 2.333, 1.5, 1.312, 1.482, 1.543, 1.581, 1.442, 1.092, 1.158, 1.444, 1.648, 1.452, 1.409, 1.255, 1.208, 1.329, 1.461, 1.595, 1.616, 1.648, 1.618, 1.873, 2.032, 1.712, 1.886, 1.604, 1.69, 4.749, 6.007, 6.268, 5.731, 5.564, 5.254, 4.952, 4.489, 4.399, 5.046, 5.833, 6.858, 7.547, 7.099, 5.575, 5.845, 6.754, 6.676, 6.181, 6.016, 5.891, 5.749, 5.34, 5.427, 6.179, 6.52, 6.252, 6.043, 5.585, 5.7, 5.956, 6.844], [1.967, 1.819, 1.466, 1.555, 1.251, 1.07, 0.884, 1.306, 1.184, 0.0, 0.673, 0.852, 1.114, 1.503, 1.25, 2.557, 4.415, 2.795, 1.333, 1.418, 1.509, 1.526, 1.556, 1.74, 1.73, 1.535, 1.617, 1.512, 1.359, 1.245, 1.537, 2.104, 1.352, 1.132, 1.019, 1.215, 2.041, 2.152, 1.718, 2.005, 2.008, 1.637, 1.346, 1.442, 1.282, 1.307, 1.402, 1.598, 2.202, 1.795, 1.79, 1.664, 1.417, 2.595, 5.713, 6.956, 7.24, 6.686, 6.528, 6.283, 5.938, 5.512, 5.366, 5.99, 6.797, 7.816, 8.563, 8.11, 6.529, 6.78, 7.636, 7.531, 7.047, 6.841, 6.605, 6.495, 6.19, 6.397, 7.061, 7.405, 7.125, 6.87, 6.41, 6.566, 6.821, 7.742], [2.154, 1.756, 1.573, 1.81, 1.243, 0.997, 0.94, 1.564, 1.412, 0.673, 0.0, 0.627, 1.364, 1.664, 1.495, 2.241, 4.055, 2.464, 1.009, 1.219, 1.307, 1.476, 1.471, 1.554, 1.423, 1.372, 1.417, 1.228, 1.272, 1.259, 1.633, 2.264, 1.35, 1.039, 1.161, 1.402, 2.2, 2.397, 1.875, 2.205, 2.252, 1.912, 1.564, 1.598, 1.256, 1.409, 1.481, 1.756, 2.322, 1.84, 1.862, 1.718, 1.426, 2.893, 6.025, 7.268, 7.551, 6.998, 6.84, 6.56, 6.234, 5.79, 5.674, 6.31, 7.109, 8.105, 8.849, 8.399, 6.841, 7.07, 7.961, 7.88, 7.385, 7.145, 6.868, 6.734, 6.452, 6.67, 7.312, 7.68, 7.421, 7.207, 6.749, 6.908, 7.168, 8.061], [2.174, 1.809, 1.898, 2.053, 1.673, 1.28, 1.183, 1.745, 1.561, 0.852, 0.627, 0.0, 1.218, 1.608, 1.328, 2.087, 3.871, 2.355, 1.036, 1.214, 1.277, 1.422, 1.392, 1.43, 1.568, 1.517, 1.531, 1.418, 1.673, 1.704, 1.883, 2.424, 1.631, 1.373, 1.433, 1.454, 2.183, 2.474, 1.874, 2.328, 2.369, 2.106, 1.72, 1.712, 1.197, 1.268, 1.451, 1.766, 2.281, 1.703, 1.88, 1.855, 1.484, 2.971, 6.162, 7.408, 7.671, 7.111, 6.97, 6.769, 6.42, 5.998, 5.818, 6.435, 7.222, 8.294, 9.049, 8.596, 6.968, 7.374, 8.24, 8.156, 7.658, 7.342, 6.995, 6.915, 6.6, 6.844, 7.606, 7.967, 7.691, 7.495, 7.039, 7.18, 7.439, 8.355], [1.982, 2.039, 1.576, 1.507, 1.713, 1.402, 1.131, 1.173, 0.892, 1.114, 1.364, 1.218, 0.0, 0.925, 0.808, 2.945, 4.782, 3.281, 1.672, 1.721, 1.857, 1.904, 1.823, 2.059, 2.258, 2.221, 2.231, 2.145, 1.709, 1.534, 1.563, 1.948, 1.594, 1.542, 1.318, 1.168, 1.503, 1.859, 1.466, 1.76, 1.685, 1.724, 1.613, 1.614, 1.299, 1.313, 1.421, 1.498, 1.929, 1.667, 1.523, 1.75, 1.444, 2.169, 5.199, 6.473, 6.732, 6.219, 6.027, 5.81, 5.547, 5.038, 4.853, 5.496, 6.346, 7.342, 8.09, 7.637, 6.037, 6.447, 7.312, 7.309, 6.809, 6.555, 6.282, 6.15, 5.827, 6.089, 6.857, 7.194, 6.916, 6.724, 6.256, 6.382, 6.635, 7.5], [2.292, 2.506, 1.618, 1.569, 1.618, 1.455, 1.287, 1.005, 0.892, 1.503, 1.664, 1.608, 0.925, 0.0, 1.018, 3.421, 5.332, 3.596, 1.911, 2.008, 2.245, 2.28, 2.188, 2.501, 2.539, 2.395, 2.403, 2.349, 1.676, 1.537, 1.444, 1.639, 1.704, 1.75, 1.614, 1.494, 1.587, 1.885, 1.578, 1.699, 1.593, 1.712, 1.788, 1.822, 1.736, 1.759, 1.832, 2.079, 2.188, 2.144, 1.803, 2.235, 1.856, 1.817, 4.687, 5.917, 6.186, 5.747, 5.542, 5.362, 5.133, 4.592, 4.354, 4.919, 5.855, 6.867, 7.637, 7.185, 5.534, 6.002, 6.962, 6.869, 6.392, 6.321, 6.164, 6.06, 5.67, 5.782, 6.478, 6.786, 6.505, 6.306, 5.838, 5.953, 6.203, 7.068], [1.923, 2.053, 1.707, 1.674, 1.644, 1.47, 1.214, 1.396, 1.116, 1.25, 1.495, 1.328, 0.808, 1.018, 0.0, 2.679, 4.621, 3.044, 1.539, 1.771, 1.881, 1.888, 1.655, 1.889, 2.194, 2.066, 2.032, 2.067, 1.878, 1.602, 1.642, 2.095, 1.663, 1.754, 1.562, 1.356, 1.742, 1.995, 1.513, 2.036, 1.875, 1.901, 1.788, 1.755, 1.404, 1.45, 1.552, 1.718, 2.099, 1.737, 1.672, 1.907, 1.472, 2.369, 5.359, 6.624, 6.893, 6.439, 6.213, 5.968, 5.707, 5.166, 5.033, 5.635, 6.543, 7.481, 8.223, 7.772, 6.215, 6.563, 7.466, 7.452, 6.951, 6.727, 6.361, 6.257, 6.01, 6.289, 7.022, 7.356, 7.081, 6.885, 6.417, 6.534, 6.782, 7.647], [3.218, 2.809, 3.482, 3.644, 2.879, 2.595, 2.644, 3.458, 3.37, 2.557, 2.241, 2.087, 2.945, 3.421, 2.679, 0.0, 2.085, 0.957, 1.816, 1.733, 1.442, 1.394, 1.315, 1.313, 1.532, 1.736, 1.588, 1.78, 2.933, 2.729, 3.055, 3.944, 3.202, 2.833, 3.056, 2.943, 3.647, 3.961, 3.153, 3.793, 3.784, 3.567, 3.172, 3.061, 2.494, 2.505, 2.747, 2.953, 3.47, 2.671, 2.969, 2.744, 2.581, 4.745, 8.009, 9.273, 9.531, 8.977, 8.837, 8.486, 8.175, 7.703, 7.67, 8.296, 9.085, 10.116, 10.805, 10.336, 8.837, 8.958, 9.782, 9.726, 9.224, 8.805, 8.354, 8.208, 8.117, 8.395, 9.157, 9.551, 9.365, 9.07, 8.589, 8.8, 9.026, 9.929], [5.085, 4.615, 5.369, 5.568, 4.749, 4.518, 4.562, 5.36, 5.259, 4.415, 4.055, 3.871, 4.782, 5.332, 4.621, 2.085, 0.0, 1.874, 3.626, 3.453, 3.205, 3.112, 3.167, 3.002, 3.112, 3.554, 3.386, 3.529, 4.848, 4.74, 5.025, 5.882, 5.025, 4.609, 4.794, 4.696, 5.341, 5.653, 4.833, 5.561, 5.671, 5.421, 5.027, 4.862, 4.202, 4.253, 4.447, 4.749, 5.261, 4.443, 4.792, 4.525, 4.331, 6.68, 9.947, 11.218, 11.471, 10.922, 10.762, 10.392, 10.093, 9.622, 9.594, 10.241, 11.03, 12.036, 12.732, 12.254, 10.764, 10.976, 11.774, 11.703, 11.199, 10.751, 10.131, 10.039, 9.994, 10.345, 11.096, 11.484, 11.246, 11.024, 10.561, 10.735, 10.993, 11.922], [3.873, 3.499, 3.769, 3.772, 2.957, 2.762, 2.94, 3.706, 3.577, 2.795, 2.464, 2.355, 3.281, 3.596, 3.044, 0.957, 1.874, 0.0, 1.9, 1.924, 1.776, 1.691, 1.569, 1.551, 1.698, 1.904, 1.685, 1.799, 3.058, 2.951, 3.236, 4.056, 3.227, 2.859, 3.174, 3.227, 4.128, 4.405, 3.552, 4.13, 4.247, 3.986, 3.572, 3.539, 3.012, 3.083, 3.33, 3.595, 4.085, 3.275, 3.565, 3.249, 3.046, 5.085, 8.171, 9.444, 9.707, 9.2, 9.011, 8.626, 8.37, 7.849, 7.825, 8.474, 9.304, 10.264, 10.959, 10.47, 8.991, 9.166, 10.038, 9.944, 9.445, 9.293, 8.916, 8.776, 8.578, 8.753, 9.504, 9.828, 9.575, 9.349, 8.884, 9.009, 9.258, 10.13], [2.445, 2.077, 1.968, 2.067, 1.361, 1.083, 1.232, 1.926, 1.871, 1.333, 1.009, 1.036, 1.672, 1.911, 1.539, 1.816, 3.626, 1.9, 0.0, 0.749, 1.01, 1.187, 1.058, 1.106, 1.098, 1.2, 1.138, 0.954, 1.444, 1.412, 1.669, 2.45, 1.633, 1.264, 1.645, 1.825, 2.453, 2.732, 2.185, 2.646, 2.684, 2.403, 1.985, 1.917, 1.35, 1.528, 1.765, 2.061, 2.653, 2.052, 2.177, 1.931, 1.629, 3.316, 6.384, 7.644, 7.916, 7.386, 7.213, 6.87, 6.577, 6.109, 6.033, 6.674, 7.476, 8.466, 9.167, 8.705, 7.223, 7.512, 8.407, 8.27, 7.791, 7.648, 7.324, 7.193, 6.916, 7.096, 7.827, 8.138, 7.856, 7.666, 7.189, 7.31, 7.559, 8.456], [2.495, 2.168, 2.079, 2.303, 1.495, 1.243, 1.295, 2.043, 2.038, 1.418, 1.219, 1.214, 1.721, 2.008, 1.771, 1.733, 3.453, 1.924, 0.749, 0.0, 0.723, 0.912, 0.928, 0.966, 0.987, 1.43, 1.424, 1.115, 1.622, 1.53, 1.921, 2.685, 1.863, 1.564, 1.738, 1.952, 2.547, 2.852, 2.326, 2.724, 2.768, 2.475, 2.062, 2.048, 1.546, 1.638, 1.826, 2.1, 2.718, 2.083, 2.176, 1.918, 1.656, 3.317, 6.53, 7.813, 8.074, 7.532, 7.36, 7.052, 6.727, 6.303, 6.18, 6.819, 7.623, 8.628, 9.381, 8.91, 7.358, 7.732, 8.556, 8.471, 7.979, 7.734, 7.406, 7.257, 7.011, 7.201, 7.963, 8.312, 8.03, 7.836, 7.368, 7.504, 7.759, 8.68], [2.723, 2.336, 2.349, 2.622, 1.796, 1.56, 1.551, 2.287, 2.301, 1.509, 1.307, 1.277, 1.857, 2.245, 1.881, 1.442, 3.205, 1.776, 1.01, 0.723, 0.0, 0.519, 0.676, 0.85, 0.901, 1.261, 1.327, 1.059, 1.898, 1.805, 2.044, 2.963, 2.088, 1.757, 1.983, 2.053, 2.635, 2.973, 2.403, 2.919, 2.958, 2.66, 2.248, 2.179, 1.573, 1.71, 1.999, 2.267, 2.878, 2.189, 2.25, 2.01, 1.838, 3.573, 6.823, 8.103, 8.365, 7.807, 7.653, 7.361, 7.021, 6.596, 6.473, 7.114, 7.916, 8.926, 9.663, 9.203, 7.658, 8.023, 8.852, 8.781, 8.301, 7.906, 7.626, 7.461, 7.244, 7.458, 8.212, 8.577, 8.327, 8.11, 7.644, 7.812, 8.07, 8.996], [2.817, 2.42, 2.483, 2.67, 1.831, 1.653, 1.621, 2.32, 2.308, 1.526, 1.476, 1.422, 1.904, 2.28, 1.888, 1.394, 3.112, 1.691, 1.187, 0.912, 0.519, 0.0, 0.532, 0.9, 1.027, 1.297, 1.317, 1.156, 1.959, 1.797, 2.095, 2.984, 2.14, 1.868, 1.978, 2.03, 2.723, 3.054, 2.421, 2.951, 3.032, 2.742, 2.343, 2.275, 1.73, 1.808, 2.141, 2.366, 2.993, 2.196, 2.31, 2.109, 1.926, 3.666, 6.877, 8.16, 8.4, 7.846, 7.7, 7.43, 7.076, 6.637, 6.533, 7.165, 7.961, 9.017, 9.718, 9.245, 7.71, 8.073, 8.898, 8.841, 8.366, 8.003, 7.721, 7.567, 7.369, 7.538, 8.297, 8.643, 8.397, 8.177, 7.709, 7.873, 8.131, 9.046], [2.791, 2.396, 2.485, 2.586, 1.778, 1.514, 1.636, 2.378, 2.292, 1.556, 1.471, 1.392, 1.823, 2.188, 1.655, 1.315, 3.167, 1.569, 1.058, 0.928, 0.676, 0.532, 0.0, 0.833, 1.122, 1.239, 1.095, 1.081, 1.883, 1.706, 2.042, 2.944, 2.073, 1.808, 1.967, 1.991, 2.762, 3.114, 2.437, 2.976, 3.037, 2.815, 2.374, 2.288, 1.73, 1.816, 2.124, 2.378, 2.992, 2.201, 2.348, 2.122, 1.937, 3.664, 6.79, 8.073, 8.318, 7.811, 7.62, 7.36, 7.054, 6.552, 6.461, 7.081, 7.913, 8.919, 9.637, 9.173, 7.639, 7.96, 8.821, 8.772, 8.274, 8.031, 7.688, 7.525, 7.302, 7.554, 8.324, 8.662, 8.385, 8.192, 7.724, 7.843, 8.095, 8.972], [2.626, 2.254, 2.532, 2.787, 1.93, 1.727, 1.823, 2.613, 2.537, 1.74, 1.554, 1.43, 2.059, 2.501, 1.889, 1.313, 3.002, 1.551, 1.106, 0.966, 0.85, 0.9, 0.833, 0.0, 0.905, 1.395, 1.41, 1.314, 2.149, 2.047, 2.353, 3.253, 2.38, 2.082, 2.299, 2.279, 2.891, 3.239, 2.63, 3.224, 3.198, 2.959, 2.537, 2.406, 1.789, 1.927, 2.148, 2.493, 3.0, 2.281, 2.498, 2.265, 1.825, 3.794, 6.96, 8.23, 8.506, 7.996, 7.82, 7.459, 7.198, 6.734, 6.602, 7.249, 8.095, 9.11, 9.795, 9.345, 7.857, 8.179, 9.012, 8.969, 8.468, 8.109, 7.659, 7.545, 7.379, 7.685, 8.438, 8.808, 8.543, 8.344, 7.877, 8.027, 8.283, 9.169], [2.91, 2.474, 2.416, 2.745, 1.96, 1.828, 1.752, 2.527, 2.497, 1.73, 1.423, 1.568, 2.258, 2.539, 2.194, 1.532, 3.112, 1.698, 1.098, 0.987, 0.901, 1.027, 1.122, 0.905, 0.0, 1.086, 1.264, 1.14, 2.158, 2.076, 2.331, 3.174, 2.338, 1.983, 2.204, 2.369, 2.878, 3.161, 2.635, 3.03, 3.041, 2.774, 2.454, 2.347, 1.769, 1.914, 2.267, 2.529, 3.181, 2.415, 2.472, 2.215, 2.074, 3.802, 6.958, 8.23, 8.505, 7.98, 7.814, 7.443, 7.178, 6.729, 6.602, 7.249, 8.078, 9.106, 9.809, 9.33, 7.843, 8.163, 9.006, 8.894, 8.419, 8.081, 7.78, 7.591, 7.346, 7.513, 8.215, 8.626, 8.384, 8.141, 7.677, 7.886, 8.156, 9.109], [3.159, 2.681, 2.409, 2.344, 1.899, 1.737, 1.718, 2.213, 2.394, 1.535, 1.372, 1.517, 2.221, 2.395, 2.066, 1.736, 3.554, 1.904, 1.2, 1.43, 1.261, 1.297, 1.239, 1.395, 1.086, 0.0, 0.862, 1.064, 1.828, 1.927, 1.921, 2.597, 1.785, 1.421, 1.885, 2.15, 2.975, 3.11, 2.555, 3.011, 3.107, 2.58, 2.275, 2.357, 1.893, 2.073, 2.318, 2.707, 3.293, 2.484, 2.529, 2.326, 2.314, 3.679, 6.53, 7.779, 8.067, 7.532, 7.359, 7.013, 6.699, 6.259, 6.155, 6.826, 7.622, 8.612, 9.341, 8.864, 7.356, 7.599, 8.554, 8.37, 7.969, 7.964, 7.867, 7.711, 7.341, 7.257, 7.822, 8.163, 7.859, 7.659, 7.217, 7.333, 7.571, 8.518], [3.249, 2.792, 2.693, 2.573, 1.93, 1.707, 1.814, 2.507, 2.42, 1.617, 1.417, 1.531, 2.231, 2.403, 2.032, 1.588, 3.386, 1.685, 1.138, 1.424, 1.327, 1.317, 1.095, 1.41, 1.264, 0.862, 0.0, 0.839, 1.705, 1.694, 1.869, 2.776, 1.96, 1.521, 1.893, 2.239, 3.137, 3.274, 2.596, 3.093, 3.228, 2.8, 2.478, 2.494, 2.081, 2.156, 2.426, 2.754, 3.327, 2.537, 2.616, 2.4, 2.407, 3.943, 6.825, 8.074, 8.324, 7.871, 7.676, 7.336, 7.11, 6.543, 6.496, 7.096, 7.997, 8.942, 9.631, 9.174, 7.674, 7.795, 8.635, 8.599, 8.141, 8.102, 7.931, 7.771, 7.484, 7.588, 8.209, 8.55, 8.302, 7.981, 7.533, 7.647, 7.913, 8.798], [3.054, 2.656, 2.428, 2.481, 1.731, 1.547, 1.635, 2.339, 2.333, 1.512, 1.228, 1.418, 2.145, 2.349, 2.067, 1.78, 3.529, 1.799, 0.954, 1.115, 1.059, 1.156, 1.081, 1.314, 1.14, 1.064, 0.839, 0.0, 1.604, 1.537, 1.74, 2.71, 1.881, 1.421, 1.838, 2.093, 2.937, 3.134, 2.412, 2.984, 3.123, 2.741, 2.342, 2.384, 1.948, 2.034, 2.263, 2.577, 3.152, 2.407, 2.506, 2.166, 2.16, 3.844, 6.794, 8.038, 8.322, 7.825, 7.642, 7.278, 7.018, 6.532, 6.428, 7.09, 7.927, 8.895, 9.611, 9.135, 7.64, 7.83, 8.671, 8.554, 8.076, 8.045, 7.759, 7.58, 7.378, 7.54, 8.142, 8.472, 8.183, 7.905, 7.456, 7.586, 7.848, 8.74], [2.3, 2.183, 1.518, 1.614, 0.997, 1.036, 1.256, 1.41, 1.5, 1.359, 1.272, 1.673, 1.709, 1.676, 1.878, 2.933, 4.848, 3.058, 1.444, 1.622, 1.898, 1.959, 1.883, 2.149, 2.158, 1.828, 1.705, 1.604, 0.0, 0.844, 1.101, 1.8, 1.28, 0.997, 1.175, 1.367, 2.108, 2.152, 1.779, 2.092, 2.16, 1.737, 1.563, 1.732, 1.773, 1.928, 1.79, 2.072, 2.271, 2.235, 2.214, 1.947, 1.794, 2.725, 5.444, 6.642, 6.902, 6.437, 6.26, 5.986, 5.749, 5.204, 5.102, 5.751, 6.57, 7.544, 8.246, 7.788, 6.256, 6.43, 7.339, 7.188, 6.778, 6.803, 6.597, 6.4, 6.252, 6.268, 6.83, 7.132, 6.831, 6.532, 6.115, 6.244, 6.495, 7.35], [2.047, 2.011, 1.472, 1.488, 0.972, 0.964, 1.057, 1.391, 1.312, 1.245, 1.259, 1.704, 1.534, 1.537, 1.602, 2.729, 4.74, 2.951, 1.412, 1.53, 1.805, 1.797, 1.706, 2.047, 2.076, 1.927, 1.694, 1.537, 0.844, 0.0, 0.979, 1.792, 1.386, 1.117, 1.1, 1.372, 2.153, 2.276, 1.757, 2.033, 2.0, 1.695, 1.512, 1.626, 1.834, 1.869, 1.753, 1.883, 2.07, 1.84, 1.813, 1.562, 1.545, 2.732, 5.656, 6.894, 7.157, 6.696, 6.495, 6.165, 5.943, 5.396, 5.322, 5.939, 6.798, 7.767, 8.466, 8.01, 6.485, 6.508, 7.336, 7.225, 6.747, 6.728, 6.589, 6.386, 6.261, 6.303, 6.968, 7.286, 7.052, 6.685, 6.241, 6.386, 6.633, 7.479], [2.417, 2.463, 1.727, 1.483, 1.335, 1.313, 1.12, 1.242, 1.482, 1.537, 1.633, 1.883, 1.563, 1.444, 1.642, 3.055, 5.025, 3.236, 1.669, 1.921, 2.044, 2.095, 2.042, 2.353, 2.331, 1.921, 1.869, 1.74, 1.101, 0.979, 0.0, 1.319, 1.288, 1.402, 1.436, 1.647, 2.044, 2.194, 1.604, 2.07, 2.021, 1.797, 1.799, 1.903, 1.908, 1.904, 1.914, 2.149, 2.099, 1.959, 1.843, 1.824, 1.645, 2.793, 5.425, 6.631, 6.876, 6.484, 6.293, 5.979, 5.738, 5.204, 5.069, 5.752, 6.586, 7.478, 8.168, 7.703, 6.224, 6.378, 7.322, 7.024, 6.669, 6.794, 6.704, 6.509, 6.327, 6.232, 6.765, 7.077, 6.818, 6.446, 6.078, 6.218, 6.382, 7.255], [2.659, 2.783, 2.025, 1.385, 1.825, 1.945, 1.743, 1.488, 1.543, 2.104, 2.264, 2.424, 1.948, 1.639, 2.095, 3.944, 5.882, 4.056, 2.45, 2.685, 2.963, 2.984, 2.944, 3.253, 3.174, 2.597, 2.776, 2.71, 1.8, 1.792, 1.319, 0.0, 1.221, 1.807, 1.793, 1.865, 1.978, 1.937, 1.923, 2.224, 1.813, 1.621, 1.607, 1.679, 2.128, 2.015, 2.1, 2.353, 2.339, 2.518, 2.255, 2.408, 2.227, 2.406, 4.51, 5.696, 5.978, 5.573, 5.369, 5.048, 4.83, 4.235, 4.157, 4.878, 5.703, 6.537, 7.157, 6.667, 5.454, 5.592, 6.638, 6.375, 6.195, 6.463, 6.661, 6.549, 6.099, 5.548, 5.859, 6.131, 5.9, 5.667, 5.43, 5.421, 5.549, 6.285], [2.501, 2.283, 1.805, 1.357, 1.285, 1.226, 1.239, 1.437, 1.581, 1.352, 1.35, 1.631, 1.594, 1.704, 1.663, 3.202, 5.025, 3.227, 1.633, 1.863, 2.088, 2.14, 2.073, 2.38, 2.338, 1.785, 1.96, 1.881, 1.28, 1.386, 1.288, 1.221, 0.0, 0.859, 1.163, 1.511, 2.401, 2.391, 2.143, 2.428, 2.457, 1.9, 1.661, 1.728, 1.684, 1.761, 1.803, 2.085, 2.539, 2.275, 2.243, 2.007, 1.813, 2.92, 5.077, 6.343, 6.59, 6.229, 5.99, 5.785, 5.516, 4.906, 4.744, 5.467, 6.363, 7.185, 7.888, 7.42, 6.009, 6.336, 7.523, 7.272, 7.031, 7.207, 7.209, 7.066, 6.649, 6.258, 6.732, 6.997, 6.709, 6.551, 6.271, 6.273, 6.436, 7.199], [2.418, 2.071, 1.742, 1.42, 1.244, 1.111, 1.273, 1.413, 1.442, 1.132, 1.039, 1.373, 1.542, 1.75, 1.754, 2.833, 4.609, 2.859, 1.264, 1.564, 1.757, 1.868, 1.808, 2.082, 1.983, 1.421, 1.521, 1.421, 0.997, 1.117, 1.402, 1.807, 0.859, 0.0, 0.829, 1.404, 2.369, 2.406, 2.082, 2.215, 2.342, 1.784, 1.519, 1.707, 1.58, 1.723, 1.712, 1.948, 2.481, 2.15, 2.184, 1.821, 1.831, 2.903, 5.5, 6.762, 7.039, 6.57, 6.355, 6.051, 5.818, 5.246, 5.149, 5.797, 6.683, 7.59, 8.322, 7.86, 6.333, 6.496, 7.563, 7.434, 7.05, 7.111, 7.03, 6.886, 6.515, 6.404, 6.955, 7.274, 6.973, 6.776, 6.333, 6.433, 6.669, 7.534], [2.035, 1.936, 1.411, 1.298, 1.206, 1.231, 1.103, 1.254, 1.092, 1.019, 1.161, 1.433, 1.318, 1.614, 1.562, 3.056, 4.794, 3.174, 1.645, 1.738, 1.983, 1.978, 1.967, 2.299, 2.204, 1.885, 1.893, 1.838, 1.175, 1.1, 1.436, 1.793, 1.163, 0.829, 0.0, 0.895, 1.938, 2.03, 1.631, 1.654, 1.817, 1.356, 1.245, 1.468, 1.569, 1.667, 1.596, 1.75, 2.088, 1.992, 1.966, 1.702, 1.617, 2.316, 5.265, 6.521, 6.775, 6.303, 6.109, 5.775, 5.516, 4.971, 4.903, 5.563, 6.43, 7.354, 8.063, 7.585, 6.073, 6.259, 7.111, 7.099, 6.621, 6.53, 6.43, 6.284, 5.928, 5.991, 6.647, 6.993, 6.704, 6.511, 6.047, 6.161, 6.412, 7.278], [1.993, 2.058, 1.491, 1.569, 1.455, 1.51, 1.333, 1.53, 1.158, 1.215, 1.402, 1.454, 1.168, 1.494, 1.356, 2.943, 4.696, 3.227, 1.825, 1.952, 2.053, 2.03, 1.991, 2.279, 2.369, 2.15, 2.239, 2.093, 1.367, 1.372, 1.647, 1.865, 1.511, 1.404, 0.895, 0.0, 1.353, 1.56, 1.166, 1.555, 1.522, 1.305, 1.062, 1.325, 1.383, 1.482, 1.433, 1.655, 1.809, 1.769, 1.806, 1.837, 1.68, 2.218, 5.367, 6.624, 6.887, 6.372, 6.196, 5.868, 5.557, 5.058, 5.019, 5.648, 6.481, 7.464, 8.156, 7.686, 6.18, 6.373, 7.203, 7.168, 6.679, 6.411, 6.23, 6.09, 5.774, 5.98, 6.701, 7.037, 6.759, 6.566, 6.097, 6.232, 6.491, 7.362], [2.058, 2.168, 1.768, 2.051, 2.173, 2.202, 1.858, 1.673, 1.444, 2.041, 2.2, 2.183, 1.503, 1.587, 1.742, 3.647, 5.341, 4.128, 2.453, 2.547, 2.635, 2.723, 2.762, 2.891, 2.878, 2.975, 3.137, 2.937, 2.108, 2.153, 2.044, 1.978, 2.401, 2.369, 1.938, 1.353, 0.0, 0.757, 1.003, 1.156, 1.111, 1.474, 1.457, 1.417, 1.408, 1.49, 1.373, 1.563, 1.432, 1.764, 1.607, 1.925, 1.683, 1.999, 5.036, 6.305, 6.565, 6.024, 5.866, 5.502, 5.184, 4.737, 4.689, 5.333, 6.134, 7.128, 7.825, 7.342, 5.866, 6.071, 6.827, 6.744, 6.245, 5.818, 5.247, 5.264, 5.095, 5.38, 5.934, 6.406, 6.168, 5.946, 5.507, 5.74, 6.005, 6.975], [2.119, 2.306, 1.994, 2.122, 2.339, 2.373, 2.032, 1.826, 1.648, 2.152, 2.397, 2.474, 1.859, 1.885, 1.995, 3.961, 5.653, 4.405, 2.732, 2.852, 2.973, 3.054, 3.114, 3.239, 3.161, 3.11, 3.274, 3.134, 2.152, 2.276, 2.194, 1.937, 2.391, 2.406, 2.03, 1.56, 0.757, 0.0, 1.261, 1.42, 1.247, 1.245, 1.41, 1.388, 1.622, 1.616, 1.523, 1.617, 1.506, 1.909, 1.722, 1.877, 1.808, 2.066, 5.023, 6.286, 6.549, 6.001, 5.84, 5.48, 5.187, 4.721, 4.672, 5.32, 6.108, 7.128, 7.821, 7.334, 5.872, 5.952, 6.666, 6.543, 6.129, 5.698, 5.215, 5.302, 5.176, 5.296, 5.734, 6.271, 6.034, 5.778, 5.334, 5.533, 5.799, 6.774], [1.915, 2.185, 1.711, 2.089, 1.965, 1.986, 1.653, 1.559, 1.452, 1.718, 1.875, 1.874, 1.466, 1.578, 1.513, 3.153, 4.833, 3.552, 2.185, 2.326, 2.403, 2.421, 2.437, 2.63, 2.635, 2.555, 2.596, 2.412, 1.779, 1.757, 1.604, 1.923, 2.143, 2.082, 1.631, 1.166, 1.003, 1.261, 0.0, 0.993, 1.267, 1.443, 1.499, 1.563, 1.611, 1.559, 1.479, 1.666, 1.479, 1.567, 1.528, 1.686, 1.488, 2.301, 5.512, 6.767, 7.023, 6.479, 6.329, 5.966, 5.645, 5.199, 5.164, 5.808, 6.597, 7.59, 8.282, 7.797, 6.322, 6.338, 7.078, 6.988, 6.484, 6.016, 5.638, 5.487, 5.346, 5.707, 6.35, 6.757, 6.543, 6.29, 5.801, 5.992, 6.253, 7.207], [2.094, 2.373, 1.82, 2.109, 2.268, 2.188, 1.953, 1.546, 1.409, 2.005, 2.205, 2.328, 1.76, 1.699, 2.036, 3.793, 5.561, 4.13, 2.646, 2.724, 2.919, 2.951, 2.976, 3.224, 3.03, 3.011, 3.093, 2.984, 2.092, 2.033, 2.07, 2.224, 2.428, 2.215, 1.654, 1.555, 1.156, 1.42, 0.993, 0.0, 1.061, 1.449, 1.638, 1.888, 2.081, 2.01, 1.902, 1.801, 1.62, 1.875, 1.782, 1.85, 1.839, 1.776, 4.931, 6.188, 6.437, 5.888, 5.742, 5.37, 5.063, 4.597, 4.58, 5.228, 6.011, 7.01, 7.7, 7.21, 5.738, 5.793, 6.573, 6.421, 5.908, 5.511, 5.195, 5.039, 4.849, 4.97, 5.639, 6.132, 5.948, 5.67, 5.171, 5.415, 5.652, 6.619], [1.953, 2.334, 1.818, 1.933, 2.211, 2.179, 1.909, 1.596, 1.255, 2.008, 2.252, 2.369, 1.685, 1.593, 1.875, 3.784, 5.671, 4.247, 2.684, 2.768, 2.958, 3.032, 3.037, 3.198, 3.041, 3.107, 3.228, 3.123, 2.16, 2.0, 2.021, 1.813, 2.457, 2.342, 1.817, 1.522, 1.111, 1.247, 1.267, 1.061, 0.0, 0.836, 1.153, 1.329, 1.737, 1.63, 1.712, 1.607, 1.459, 1.836, 1.462, 1.788, 1.873, 1.834, 4.907, 6.158, 6.405, 5.851, 5.716, 5.358, 5.047, 4.581, 4.554, 5.204, 5.993, 6.988, 7.668, 7.194, 5.706, 5.663, 6.437, 6.264, 5.716, 5.306, 5.278, 5.179, 4.882, 5.012, 5.664, 6.129, 5.954, 5.653, 5.116, 5.305, 5.54, 6.433], [1.759, 2.15, 1.621, 1.623, 1.891, 1.82, 1.596, 1.439, 1.208, 1.637, 1.912, 2.106, 1.724, 1.712, 1.901, 3.567, 5.421, 3.986, 2.403, 2.475, 2.66, 2.742, 2.815, 2.959, 2.774, 2.58, 2.8, 2.741, 1.737, 1.695, 1.797, 1.621, 1.9, 1.784, 1.356, 1.305, 1.474, 1.245, 1.443, 1.449, 0.836, 0.0, 0.696, 0.939, 1.52, 1.443, 1.406, 1.41, 1.597, 1.864, 1.591, 1.61, 1.8, 1.983, 5.071, 6.322, 6.57, 6.028, 5.88, 5.54, 5.217, 4.75, 4.729, 5.368, 6.162, 7.158, 7.849, 7.363, 5.911, 5.785, 6.576, 6.425, 5.952, 5.625, 5.726, 5.594, 5.251, 5.204, 5.893, 6.345, 6.132, 5.849, 5.314, 5.481, 5.731, 6.617], [1.776, 1.89, 1.514, 1.561, 1.607, 1.638, 1.433, 1.67, 1.329, 1.346, 1.564, 1.72, 1.613, 1.788, 1.788, 3.172, 5.027, 3.572, 1.985, 2.062, 2.248, 2.343, 2.374, 2.537, 2.454, 2.275, 2.478, 2.342, 1.563, 1.512, 1.799, 1.607, 1.661, 1.519, 1.245, 1.062, 1.457, 1.41, 1.499, 1.638, 1.153, 0.696, 0.0, 0.649, 1.142, 1.074, 1.081, 1.306, 1.707, 1.77, 1.633, 1.594, 1.644, 2.192, 5.363, 6.618, 6.86, 6.334, 6.172, 5.821, 5.5, 5.034, 5.018, 5.659, 6.454, 7.447, 8.138, 7.647, 6.178, 6.112, 6.878, 6.753, 6.284, 5.957, 6.055, 5.906, 5.52, 5.606, 6.267, 6.649, 6.449, 6.157, 5.623, 5.833, 6.073, 6.979], [1.729, 1.668, 1.621, 1.645, 1.734, 1.676, 1.521, 1.792, 1.461, 1.442, 1.598, 1.712, 1.614, 1.822, 1.755, 3.061, 4.862, 3.539, 1.917, 2.048, 2.179, 2.275, 2.288, 2.406, 2.347, 2.357, 2.494, 2.384, 1.732, 1.626, 1.903, 1.679, 1.728, 1.707, 1.468, 1.325, 1.417, 1.388, 1.563, 1.888, 1.329, 0.939, 0.649, 0.0, 0.907, 0.918, 0.92, 1.153, 1.678, 1.644, 1.599, 1.563, 1.537, 2.299, 5.502, 6.758, 7.013, 6.459, 6.312, 5.963, 5.64, 5.183, 5.149, 5.799, 6.58, 7.587, 8.283, 7.787, 6.343, 6.285, 7.031, 6.957, 6.506, 6.119, 6.042, 5.963, 5.645, 5.789, 6.368, 6.761, 6.59, 6.285, 5.809, 6.055, 6.299, 7.205], [1.806, 1.432, 1.731, 1.762, 1.722, 1.525, 1.306, 1.825, 1.595, 1.282, 1.256, 1.197, 1.299, 1.736, 1.404, 2.494, 4.202, 3.012, 1.35, 1.546, 1.573, 1.73, 1.73, 1.789, 1.769, 1.893, 2.081, 1.948, 1.773, 1.834, 1.908, 2.128, 1.684, 1.58, 1.569, 1.383, 1.408, 1.622, 1.611, 2.081, 1.737, 1.52, 1.142, 0.907, 0.0, 0.479, 0.715, 1.06, 1.795, 1.469, 1.469, 1.481, 1.208, 2.698, 5.965, 7.227, 7.494, 6.943, 6.782, 6.422, 6.106, 5.638, 5.614, 6.262, 7.05, 8.054, 8.748, 8.257, 6.785, 7.013, 7.787, 7.708, 7.218, 6.807, 6.313, 6.268, 6.016, 6.377, 6.988, 7.427, 7.194, 6.951, 6.488, 6.705, 6.976, 7.935], [1.658, 1.4, 1.864, 1.789, 1.851, 1.587, 1.312, 1.899, 1.616, 1.307, 1.409, 1.268, 1.313, 1.759, 1.45, 2.505, 4.253, 3.083, 1.528, 1.638, 1.71, 1.808, 1.816, 1.927, 1.914, 2.073, 2.156, 2.034, 1.928, 1.869, 1.904, 2.015, 1.761, 1.723, 1.667, 1.482, 1.49, 1.616, 1.559, 2.01, 1.63, 1.443, 1.074, 0.918, 0.479, 0.0, 0.666, 0.914, 1.654, 1.271, 1.276, 1.262, 1.115, 2.805, 6.054, 7.314, 7.57, 7.02, 6.871, 6.493, 6.188, 5.728, 5.703, 6.35, 7.139, 8.136, 8.821, 8.332, 6.866, 7.001, 7.76, 7.63, 7.141, 6.715, 6.285, 6.167, 5.956, 6.292, 6.907, 7.376, 7.19, 6.934, 6.419, 6.629, 6.888, 7.854], [1.494, 1.279, 1.771, 1.793, 1.804, 1.587, 1.422, 1.861, 1.648, 1.402, 1.481, 1.451, 1.421, 1.832, 1.552, 2.747, 4.447, 3.33, 1.765, 1.826, 1.999, 2.141, 2.124, 2.148, 2.267, 2.318, 2.426, 2.263, 1.79, 1.753, 1.914, 2.1, 1.803, 1.712, 1.596, 1.433, 1.373, 1.523, 1.479, 1.902, 1.712, 1.406, 1.081, 0.92, 0.715, 0.666, 0.0, 0.81, 1.399, 1.232, 1.306, 1.216, 1.038, 2.775, 6.024, 7.286, 7.554, 7.0, 6.842, 6.507, 6.185, 5.717, 5.674, 6.321, 7.11, 8.107, 8.827, 8.337, 6.842, 6.912, 7.677, 7.595, 7.093, 6.622, 5.938, 5.911, 5.887, 6.265, 6.819, 7.292, 7.034, 6.811, 6.363, 6.592, 6.859, 7.826], [1.331, 1.242, 1.882, 1.869, 2.042, 1.782, 1.588, 1.92, 1.618, 1.598, 1.756, 1.766, 1.498, 2.079, 1.718, 2.953, 4.749, 3.595, 2.061, 2.1, 2.267, 2.366, 2.378, 2.493, 2.529, 2.707, 2.754, 2.577, 2.072, 1.883, 2.149, 2.353, 2.085, 1.948, 1.75, 1.655, 1.563, 1.617, 1.666, 1.801, 1.607, 1.41, 1.306, 1.153, 1.06, 0.914, 0.81, 0.0, 1.113, 1.08, 1.127, 1.05, 1.222, 2.879, 6.141, 7.393, 7.643, 7.096, 6.951, 6.581, 6.273, 5.808, 5.787, 6.438, 7.219, 8.209, 8.896, 8.414, 6.939, 6.969, 7.7, 7.564, 7.035, 6.494, 5.839, 5.79, 5.912, 5.996, 6.715, 7.333, 7.146, 6.886, 6.361, 6.597, 6.834, 7.773], [1.564, 1.741, 2.025, 2.325, 2.332, 2.249, 2.052, 2.053, 1.873, 2.202, 2.322, 2.281, 1.929, 2.188, 2.099, 3.47, 5.261, 4.085, 2.653, 2.718, 2.878, 2.993, 2.992, 3.0, 3.181, 3.293, 3.327, 3.152, 2.271, 2.07, 2.099, 2.339, 2.539, 2.481, 2.088, 1.809, 1.432, 1.506, 1.479, 1.62, 1.459, 1.597, 1.707, 1.678, 1.795, 1.654, 1.399, 1.113, 0.0, 1.105, 1.08, 1.368, 1.509, 2.946, 6.197, 7.442, 7.689, 7.135, 7.006, 6.637, 6.333, 5.867, 5.843, 6.493, 7.27, 8.254, 8.937, 8.438, 6.979, 6.951, 7.659, 7.516, 6.939, 6.328, 5.788, 5.826, 5.903, 5.871, 6.71, 7.313, 7.135, 6.864, 6.356, 6.564, 6.8, 7.681], [1.713, 1.648, 2.16, 2.302, 2.181, 1.935, 1.632, 2.236, 2.032, 1.795, 1.84, 1.703, 1.667, 2.144, 1.737, 2.671, 4.443, 3.275, 2.052, 2.083, 2.189, 2.196, 2.201, 2.281, 2.415, 2.484, 2.537, 2.407, 2.235, 1.84, 1.959, 2.518, 2.275, 2.15, 1.992, 1.769, 1.764, 1.909, 1.567, 1.875, 1.836, 1.864, 1.77, 1.644, 1.469, 1.271, 1.232, 1.08, 1.105, 0.0, 0.76, 0.979, 1.125, 3.424, 6.675, 7.923, 8.171, 7.617, 7.484, 7.115, 6.813, 6.348, 6.321, 6.971, 7.752, 8.736, 9.418, 8.92, 7.46, 7.407, 8.138, 7.994, 7.431, 6.81, 6.215, 6.275, 6.385, 6.349, 7.229, 7.802, 7.618, 7.319, 6.832, 7.041, 7.265, 8.145], [1.725, 1.794, 2.029, 2.035, 2.177, 1.83, 1.52, 1.889, 1.712, 1.79, 1.862, 1.88, 1.523, 1.803, 1.672, 2.969, 4.792, 3.565, 2.177, 2.176, 2.25, 2.31, 2.348, 2.498, 2.472, 2.529, 2.616, 2.506, 2.214, 1.813, 1.843, 2.255, 2.243, 2.184, 1.966, 1.806, 1.607, 1.722, 1.528, 1.782, 1.462, 1.591, 1.633, 1.599, 1.469, 1.276, 1.306, 1.127, 1.08, 0.76, 0.0, 0.867, 1.288, 3.028, 6.273, 7.519, 7.766, 7.212, 7.083, 6.714, 6.413, 5.946, 5.919, 6.57, 7.347, 8.331, 9.013, 8.517, 7.055, 6.966, 7.693, 7.559, 6.985, 6.396, 6.029, 5.965, 6.068, 5.992, 6.817, 7.404, 7.225, 6.954, 6.428, 6.62, 6.846, 7.711], [1.623, 1.52, 1.89, 2.019, 1.886, 1.518, 1.397, 1.993, 1.886, 1.664, 1.718, 1.855, 1.75, 2.235, 1.907, 2.744, 4.525, 3.249, 1.931, 1.918, 2.01, 2.109, 2.122, 2.265, 2.215, 2.326, 2.4, 2.166, 1.947, 1.562, 1.824, 2.408, 2.007, 1.821, 1.702, 1.837, 1.925, 1.877, 1.686, 1.85, 1.788, 1.61, 1.594, 1.563, 1.481, 1.262, 1.216, 1.05, 1.368, 0.979, 0.867, 0.0, 1.032, 3.17, 6.402, 7.646, 7.894, 7.34, 7.212, 6.843, 6.545, 6.075, 6.048, 6.699, 7.475, 8.47, 9.142, 8.663, 7.194, 7.082, 7.805, 7.665, 7.087, 6.595, 6.052, 5.942, 6.121, 6.241, 6.981, 7.528, 7.347, 7.015, 6.522, 6.739, 6.977, 7.879], [1.366, 1.188, 1.47, 1.786, 1.498, 1.357, 1.074, 1.672, 1.604, 1.417, 1.426, 1.484, 1.444, 1.856, 1.472, 2.581, 4.331, 3.046, 1.629, 1.656, 1.838, 1.926, 1.937, 1.825, 2.074, 2.314, 2.407, 2.16, 1.794, 1.545, 1.645, 2.227, 1.813, 1.831, 1.617, 1.68, 1.683, 1.808, 1.488, 1.839, 1.873, 1.8, 1.644, 1.537, 1.208, 1.115, 1.038, 1.222, 1.509, 1.125, 1.288, 1.032, 0.0, 2.833, 6.061, 7.315, 7.571, 7.018, 6.871, 6.507, 6.199, 5.733, 5.707, 6.358, 7.139, 8.137, 8.833, 8.344, 6.861, 6.983, 7.73, 7.632, 7.129, 6.666, 5.966, 5.863, 5.86, 6.22, 6.892, 7.341, 7.121, 6.875, 6.395, 6.624, 6.89, 7.859], [2.551, 2.932, 1.788, 1.944, 2.589, 2.632, 2.39, 1.793, 1.69, 2.595, 2.893, 2.971, 2.169, 1.817, 2.369, 4.745, 6.68, 5.085, 3.316, 3.317, 3.573, 3.666, 3.664, 3.794, 3.802, 3.679, 3.943, 3.844, 2.725, 2.732, 2.793, 2.406, 2.92, 2.903, 2.316, 2.218, 1.999, 2.066, 2.301, 1.776, 1.834, 1.983, 2.192, 2.299, 2.698, 2.805, 2.775, 2.879, 2.946, 3.424, 3.028, 3.17, 2.833, 0.0, 3.276, 4.564, 4.817, 4.264, 4.103, 3.84, 3.503, 3.075, 2.964, 3.57, 4.366, 5.402, 6.148, 5.683, 4.109, 4.57, 5.362, 5.293, 4.821, 4.64, 4.768, 4.689, 4.296, 4.264, 4.767, 5.115, 4.845, 4.644, 4.188, 4.334, 4.583, 5.482], [5.561, 5.996, 4.677, 4.532, 5.319, 5.536, 5.48, 4.664, 4.749, 5.713, 6.025, 6.162, 5.199, 4.687, 5.359, 8.009, 9.947, 8.171, 6.384, 6.53, 6.823, 6.877, 6.79, 6.96, 6.958, 6.53, 6.825, 6.794, 5.444, 5.656, 5.425, 4.51, 5.077, 5.5, 5.265, 5.367, 5.036, 5.023, 5.512, 4.931, 4.907, 5.071, 5.363, 5.502, 5.965, 6.054, 6.024, 6.141, 6.197, 6.675, 6.273, 6.402, 6.061, 3.276, 0.0, 1.349, 1.565, 1.318, 1.162, 1.221, 0.983, 1.168, 1.428, 1.802, 2.168, 2.509, 3.106, 2.734, 1.919, 3.027, 3.679, 3.415, 3.518, 3.72, 4.389, 4.401, 4.092, 3.271, 2.512, 2.543, 2.328, 2.206, 2.243, 2.233, 2.301, 2.715], [6.818, 7.252, 5.934, 5.742, 6.569, 6.783, 6.729, 5.924, 6.007, 6.956, 7.268, 7.408, 6.473, 5.917, 6.624, 9.273, 11.218, 9.444, 7.644, 7.813, 8.103, 8.16, 8.073, 8.23, 8.23, 7.779, 8.074, 8.038, 6.642, 6.894, 6.631, 5.696, 6.343, 6.762, 6.521, 6.624, 6.305, 6.286, 6.767, 6.188, 6.158, 6.322, 6.618, 6.758, 7.227, 7.314, 7.286, 7.393, 7.442, 7.923, 7.519, 7.646, 7.315, 4.564, 1.349, 0.0, 0.665, 0.951, 1.046, 1.266, 1.425, 1.864, 1.91, 1.929, 1.786, 1.843, 2.19, 1.918, 1.989, 2.88, 3.405, 3.088, 3.313, 3.548, 4.333, 4.35, 3.987, 3.291, 2.279, 2.091, 1.929, 1.95, 2.243, 2.22, 2.176, 2.023], [7.065, 7.501, 6.198, 6.017, 6.806, 7.039, 6.985, 6.168, 6.268, 7.24, 7.551, 7.671, 6.732, 6.186, 6.893, 9.531, 11.471, 9.707, 7.916, 8.074, 8.365, 8.4, 8.318, 8.506, 8.505, 8.067, 8.324, 8.322, 6.902, 7.157, 6.876, 5.978, 6.59, 7.039, 6.775, 6.887, 6.565, 6.549, 7.023, 6.437, 6.405, 6.57, 6.86, 7.013, 7.494, 7.57, 7.554, 7.643, 7.689, 8.171, 7.766, 7.894, 7.571, 4.817, 1.565, 0.665, 0.0, 0.899, 1.136, 1.385, 1.609, 2.086, 2.059, 2.054, 1.842, 1.689, 2.065, 1.843, 1.982, 2.813, 3.288, 2.967, 3.238, 3.484, 4.282, 4.32, 3.889, 3.295, 2.188, 1.879, 1.778, 1.895, 2.276, 2.207, 2.15, 2.017], [6.52, 6.948, 5.64, 5.526, 6.381, 6.534, 6.45, 5.627, 5.731, 6.686, 6.998, 7.111, 6.219, 5.747, 6.439, 8.977, 10.922, 9.2, 7.386, 7.532, 7.807, 7.846, 7.811, 7.996, 7.98, 7.532, 7.871, 7.825, 6.437, 6.696, 6.484, 5.573, 6.229, 6.57, 6.303, 6.372, 6.024, 6.001, 6.479, 5.888, 5.851, 6.028, 6.334, 6.459, 6.943, 7.02, 7.0, 7.096, 7.135, 7.617, 7.212, 7.34, 7.018, 4.264, 1.318, 0.951, 0.899, 0.0, 0.662, 0.925, 1.068, 1.647, 1.958, 1.987, 1.87, 1.838, 2.259, 2.122, 2.059, 2.904, 3.332, 3.086, 3.301, 3.461, 4.286, 4.281, 3.837, 3.193, 2.179, 1.892, 1.693, 1.72, 2.109, 2.11, 2.115, 2.112], [6.369, 6.81, 5.491, 5.372, 6.205, 6.351, 6.295, 5.472, 5.564, 6.528, 6.84, 6.97, 6.027, 5.542, 6.213, 8.837, 10.762, 9.011, 7.213, 7.36, 7.653, 7.7, 7.62, 7.82, 7.814, 7.359, 7.676, 7.642, 6.26, 6.495, 6.293, 5.369, 5.99, 6.355, 6.109, 6.196, 5.866, 5.84, 6.329, 5.742, 5.716, 5.88, 6.172, 6.312, 6.782, 6.871, 6.842, 6.951, 7.006, 7.484, 7.083, 7.212, 6.871, 4.103, 1.162, 1.046, 1.136, 0.662, 0.0, 0.666, 0.984, 1.505, 1.973, 2.079, 1.896, 1.91, 2.303, 2.189, 2.211, 3.025, 3.448, 3.212, 3.392, 3.571, 4.43, 4.424, 3.93, 3.295, 2.245, 1.904, 1.818, 1.949, 2.291, 2.266, 2.281, 2.325], [5.997, 6.436, 5.18, 5.018, 5.838, 6.042, 5.974, 5.222, 5.254, 6.283, 6.56, 6.769, 5.81, 5.362, 5.968, 8.486, 10.392, 8.626, 6.87, 7.052, 7.361, 7.43, 7.36, 7.459, 7.443, 7.013, 7.336, 7.278, 5.986, 6.165, 5.979, 5.048, 5.785, 6.051, 5.775, 5.868, 5.502, 5.48, 5.966, 5.37, 5.358, 5.54, 5.821, 5.963, 6.422, 6.493, 6.507, 6.581, 6.637, 7.115, 6.714, 6.843, 6.507, 3.84, 1.221, 1.266, 1.385, 0.925, 0.666, 0.0, 0.757, 1.297, 1.869, 2.022, 1.954, 2.027, 2.487, 2.196, 2.217, 2.86, 3.298, 3.032, 3.214, 3.363, 4.16, 4.152, 3.746, 2.999, 2.086, 1.956, 1.783, 1.853, 2.04, 2.01, 2.085, 2.305], [5.699, 6.134, 4.86, 4.795, 5.66, 5.82, 5.642, 4.873, 4.952, 5.938, 6.234, 6.42, 5.547, 5.133, 5.707, 8.175, 10.093, 8.37, 6.577, 6.727, 7.021, 7.076, 7.054, 7.198, 7.178, 6.699, 7.11, 7.018, 5.749, 5.943, 5.738, 4.83, 5.516, 5.818, 5.516, 5.557, 5.184, 5.187, 5.645, 5.063, 5.047, 5.217, 5.5, 5.64, 6.106, 6.188, 6.185, 6.273, 6.333, 6.813, 6.413, 6.545, 6.199, 3.503, 0.983, 1.425, 1.609, 1.068, 0.984, 0.757, 0.0, 1.14, 1.952, 2.209, 2.221, 2.415, 2.799, 2.551, 2.313, 3.176, 3.649, 3.419, 3.534, 3.595, 4.316, 4.334, 3.976, 3.189, 2.309, 2.139, 2.035, 2.027, 2.225, 2.193, 2.264, 2.444], [5.23, 5.664, 4.412, 4.25, 5.099, 5.3, 5.192, 4.437, 4.489, 5.512, 5.79, 5.998, 5.038, 4.592, 5.166, 7.703, 9.622, 7.849, 6.109, 6.303, 6.596, 6.637, 6.552, 6.734, 6.729, 6.259, 6.543, 6.532, 5.204, 5.396, 5.204, 4.235, 4.906, 5.246, 4.971, 5.058, 4.737, 4.721, 5.199, 4.597, 4.581, 4.75, 5.034, 5.183, 5.638, 5.728, 5.717, 5.808, 5.867, 6.348, 5.946, 6.075, 5.733, 3.075, 1.168, 1.864, 2.086, 1.647, 1.505, 1.297, 1.14, 0.0, 1.115, 1.433, 2.079, 2.644, 3.137, 2.753, 2.011, 2.763, 3.392, 3.175, 3.238, 3.485, 4.03, 4.031, 3.696, 2.96, 2.5, 2.541, 2.334, 2.494, 2.507, 2.194, 2.321, 2.835], [5.21, 5.646, 4.323, 4.16, 4.966, 5.195, 5.135, 4.306, 4.399, 5.366, 5.674, 5.818, 4.853, 4.354, 5.033, 7.67, 9.594, 7.825, 6.033, 6.18, 6.473, 6.533, 6.461, 6.602, 6.602, 6.155, 6.496, 6.428, 5.102, 5.322, 5.069, 4.157, 4.744, 5.149, 4.903, 5.019, 4.689, 4.672, 5.164, 4.58, 4.554, 4.729, 5.018, 5.149, 5.614, 5.703, 5.674, 5.787, 5.843, 6.321, 5.919, 6.048, 5.707, 2.964, 1.428, 1.91, 2.059, 1.958, 1.973, 1.869, 1.952, 1.115, 0.0, 1.1, 2.059, 2.66, 3.404, 2.942, 1.738, 2.571, 3.362, 3.179, 3.182, 3.568, 4.011, 3.937, 3.528, 2.963, 2.749, 2.863, 2.616, 2.636, 2.646, 2.4, 2.508, 3.171], [5.849, 6.293, 4.978, 4.843, 5.645, 5.833, 5.773, 4.957, 5.046, 5.99, 6.31, 6.435, 5.496, 4.919, 5.635, 8.296, 10.241, 8.474, 6.674, 6.819, 7.114, 7.165, 7.081, 7.249, 7.249, 6.826, 7.096, 7.09, 5.751, 5.939, 5.752, 4.878, 5.467, 5.797, 5.563, 5.648, 5.333, 5.32, 5.808, 5.228, 5.204, 5.368, 5.659, 5.799, 6.262, 6.35, 6.321, 6.438, 6.493, 6.971, 6.57, 6.699, 6.358, 3.57, 1.802, 1.929, 2.054, 1.987, 2.079, 2.022, 2.209, 1.433, 1.1, 0.0, 1.325, 2.269, 2.914, 2.502, 1.4, 1.995, 2.921, 2.614, 2.651, 3.038, 3.416, 3.383, 3.05, 2.683, 2.378, 2.398, 2.145, 2.397, 2.358, 2.111, 2.162, 2.712], [6.632, 7.074, 5.754, 5.66, 6.521, 6.657, 6.564, 5.737, 5.833, 6.797, 7.109, 7.222, 6.346, 5.855, 6.543, 9.085, 11.03, 9.304, 7.476, 7.623, 7.916, 7.961, 7.913, 8.095, 8.078, 7.622, 7.997, 7.927, 6.57, 6.798, 6.586, 5.703, 6.363, 6.683, 6.43, 6.481, 6.134, 6.108, 6.597, 6.011, 5.993, 6.162, 6.454, 6.58, 7.05, 7.139, 7.11, 7.219, 7.27, 7.752, 7.347, 7.475, 7.139, 4.366, 2.168, 1.786, 1.842, 1.87, 1.896, 1.954, 2.221, 2.079, 2.059, 1.325, 0.0, 1.368, 1.931, 1.608, 1.166, 1.475, 2.107, 1.76, 1.804, 2.076, 2.667, 2.744, 2.403, 2.033, 1.488, 1.538, 1.516, 1.774, 1.823, 1.51, 1.404, 1.649], [7.631, 8.065, 6.765, 6.561, 7.377, 7.636, 7.577, 6.777, 6.858, 7.816, 8.105, 8.294, 7.342, 6.867, 7.481, 10.116, 12.036, 10.264, 8.466, 8.628, 8.926, 9.017, 8.919, 9.11, 9.106, 8.612, 8.942, 8.895, 7.544, 7.767, 7.478, 6.537, 7.185, 7.59, 7.354, 7.464, 7.128, 7.128, 7.59, 7.01, 6.988, 7.158, 7.447, 7.587, 8.054, 8.136, 8.107, 8.209, 8.254, 8.736, 8.331, 8.47, 8.137, 5.402, 2.509, 1.843, 1.689, 1.838, 1.91, 2.027, 2.415, 2.644, 2.66, 2.269, 1.368, 0.0, 0.956, 0.844, 1.531, 1.946, 2.005, 1.749, 2.04, 2.423, 3.235, 3.295, 2.783, 2.713, 1.845, 1.498, 1.511, 1.874, 2.174, 1.933, 1.732, 1.472], [8.311, 8.75, 7.466, 7.256, 8.07, 8.334, 8.261, 7.482, 7.547, 8.563, 8.849, 9.049, 8.09, 7.637, 8.223, 10.805, 12.732, 10.959, 9.167, 9.381, 9.663, 9.718, 9.637, 9.795, 9.809, 9.341, 9.631, 9.611, 8.246, 8.466, 8.168, 7.157, 7.888, 8.322, 8.063, 8.156, 7.825, 7.821, 8.282, 7.7, 7.668, 7.849, 8.138, 8.283, 8.748, 8.821, 8.827, 8.896, 8.937, 9.418, 9.013, 9.142, 8.833, 6.148, 3.106, 2.19, 2.065, 2.259, 2.303, 2.487, 2.799, 3.137, 3.404, 2.914, 1.931, 0.956, 0.0, 0.68, 2.219, 2.345, 2.026, 1.973, 2.371, 2.889, 3.712, 3.712, 3.3, 3.393, 2.465, 1.95, 2.019, 2.328, 2.786, 2.592, 2.418, 1.835], [7.817, 8.258, 6.989, 6.767, 7.591, 7.878, 7.801, 7.022, 7.099, 8.11, 8.399, 8.596, 7.637, 7.185, 7.772, 10.336, 12.254, 10.47, 8.705, 8.91, 9.203, 9.245, 9.173, 9.345, 9.33, 8.864, 9.174, 9.135, 7.788, 8.01, 7.703, 6.667, 7.42, 7.86, 7.585, 7.686, 7.342, 7.334, 7.797, 7.21, 7.19