[[0.0, 0.597, 0.827, 1.114, 1.31, 1.46, 1.58, 1.547, 1.72, 2.968, 3.167, 3.005, 3.114, 2.716, 2.118, 2.22, 2.477, 2.502, 2.397, 2.671, 2.725, 2.842, 2.893, 2.564, 2.36, 2.717, 3.924, 4.059, 4.112, 4.714, 5.067, 3.0, 4.925, 6.021, 6.301, 7.702, 8.107, 8.049, 8.028, 7.712, 7.83, 7.465, 7.151, 8.156, 8.229, 8.061, 8.357, 8.469, 8.023, 7.909, 9.566, 10.029, 9.654, 9.97, 9.958, 10.402, 10.802, 10.816, 10.733, 11.062, 11.206, 11.422, 11.623, 12.556, 13.055, 12.333, 11.01, 9.032, 7.474, 6.712, 6.953, 6.875, 7.82, 7.703, 7.357, 8.424, 7.988, 6.89, 6.582, 6.311, 6.377, 6.469, 6.336, 4.56, 2.874, 3.461], [0.597, 0.0, 0.92, 1.267, 1.456, 1.545, 1.66, 1.639, 1.898, 3.088, 3.2, 3.027, 3.148, 2.799, 2.244, 2.374, 2.53, 2.572, 2.439, 2.703, 2.822, 3.004, 3.088, 2.698, 2.594, 2.949, 4.031, 4.136, 4.192, 4.806, 5.167, 3.076, 5.088, 6.168, 6.389, 7.666, 8.118, 8.044, 7.983, 7.698, 7.732, 7.394, 7.063, 8.09, 8.159, 7.992, 8.293, 8.372, 8.0, 7.818, 9.478, 10.018, 9.63, 9.962, 9.92, 10.387, 10.809, 10.782, 10.738, 10.995, 11.133, 11.346, 11.558, 12.491, 13.003, 12.335, 10.956, 8.996, 7.412, 6.701, 6.917, 6.805, 7.757, 7.677, 7.284, 8.401, 7.925, 6.859, 6.541, 6.285, 6.387, 6.519, 6.404, 4.632, 3.075, 3.509], [0.827, 0.92, 0.0, 0.881, 0.877, 1.091, 1.202, 1.331, 1.735, 3.145, 3.308, 3.018, 3.248, 2.728, 2.143, 2.37, 2.6, 2.641, 2.526, 2.842, 2.878, 2.964, 2.95, 2.593, 2.441, 2.92, 4.091, 4.204, 4.259, 4.874, 5.233, 3.281, 4.763, 5.756, 6.217, 7.53, 7.996, 7.92, 7.876, 7.577, 7.623, 7.316, 6.993, 8.003, 8.074, 7.894, 8.198, 8.285, 7.803, 7.722, 9.407, 9.903, 9.515, 9.83, 9.795, 10.269, 10.677, 10.668, 10.586, 10.917, 11.049, 11.256, 11.459, 12.406, 12.898, 12.148, 10.798, 8.842, 7.232, 6.513, 6.701, 6.64, 7.582, 7.478, 7.095, 8.21, 7.776, 6.659, 6.281, 6.004, 6.112, 6.231, 6.104, 4.199, 3.031, 3.801], [1.114, 1.267, 0.881, 0.0, 0.721, 1.053, 1.049, 1.158, 1.645, 3.421, 3.581, 3.33, 3.52, 3.005, 2.492, 2.621, 2.911, 2.928, 2.837, 3.181, 3.19, 3.271, 3.255, 2.912, 2.695, 3.11, 4.382, 4.495, 4.55, 5.165, 5.499, 3.514, 4.334, 5.389, 5.806, 7.264, 7.724, 7.686, 7.606, 7.306, 7.388, 7.07, 6.737, 7.754, 7.816, 7.644, 7.949, 8.008, 7.545, 7.454, 9.142, 9.661, 9.28, 9.588, 9.561, 10.037, 10.442, 10.433, 10.347, 10.682, 10.813, 11.017, 11.224, 12.169, 12.66, 11.932, 10.581, 8.629, 6.982, 6.286, 6.475, 6.37, 7.319, 7.232, 6.858, 7.998, 7.547, 6.383, 5.991, 5.729, 5.802, 5.905, 5.796, 3.894, 2.825, 3.765], [1.31, 1.456, 0.877, 0.721, 0.0, 0.857, 0.807, 0.979, 1.449, 3.328, 3.564, 3.246, 3.414, 2.87, 2.4, 2.559, 2.769, 2.886, 2.809, 3.074, 3.113, 3.23, 3.072, 2.794, 2.575, 2.956, 4.173, 4.285, 4.341, 4.956, 5.295, 3.368, 4.209, 5.205, 5.888, 7.424, 7.97, 7.909, 7.819, 7.48, 7.58, 7.267, 6.935, 7.954, 8.005, 7.822, 8.126, 8.19, 7.694, 7.636, 9.329, 9.885, 9.49, 9.801, 9.787, 10.236, 10.645, 10.673, 10.58, 10.89, 11.012, 11.201, 11.415, 12.352, 12.837, 12.125, 10.747, 8.807, 7.178, 6.491, 6.641, 6.552, 7.483, 7.402, 7.036, 8.159, 7.738, 6.562, 6.0, 5.759, 5.843, 5.907, 5.834, 3.705, 2.759, 3.685], [1.46, 1.545, 1.091, 1.053, 0.857, 0.0, 0.519, 0.939, 1.632, 3.823, 3.914, 3.709, 3.942, 3.376, 2.742, 3.017, 3.209, 3.304, 3.227, 3.426, 3.562, 3.659, 3.596, 3.212, 3.05, 3.484, 4.737, 4.849, 4.905, 5.52, 5.852, 3.871, 4.472, 5.39, 5.859, 6.934, 7.542, 7.398, 7.316, 6.963, 7.037, 6.737, 6.4, 7.416, 7.475, 7.284, 7.628, 7.663, 7.159, 7.108, 8.838, 9.381, 8.987, 9.302, 9.28, 9.725, 10.137, 10.162, 10.083, 10.446, 10.569, 10.773, 10.979, 11.916, 12.399, 11.65, 10.332, 8.385, 6.736, 6.041, 6.195, 6.11, 7.048, 6.98, 6.614, 7.738, 7.289, 6.1, 5.646, 5.33, 5.336, 5.49, 5.402, 3.54, 3.183, 4.139], [1.58, 1.66, 1.202, 1.049, 0.807, 0.519, 0.0, 0.769, 1.437, 3.621, 3.756, 3.52, 3.739, 3.15, 2.565, 2.859, 3.006, 3.13, 3.057, 3.243, 3.353, 3.454, 3.352, 2.993, 2.836, 3.261, 4.471, 4.584, 4.639, 5.254, 5.608, 3.799, 4.43, 5.373, 5.907, 7.152, 7.781, 7.645, 7.555, 7.196, 7.284, 6.973, 6.64, 7.662, 7.719, 7.532, 7.869, 7.885, 7.358, 7.33, 9.065, 9.621, 9.226, 9.548, 9.517, 9.972, 10.381, 10.409, 10.317, 10.675, 10.797, 10.993, 11.205, 12.137, 12.617, 11.869, 10.55, 8.61, 6.961, 6.273, 6.422, 6.336, 7.266, 7.205, 6.839, 7.963, 7.525, 6.276, 5.773, 5.538, 5.534, 5.601, 5.524, 3.569, 3.156, 4.091], [1.547, 1.639, 1.331, 1.158, 0.979, 0.939, 0.769, 0.0, 1.108, 3.201, 3.424, 3.186, 3.361, 2.822, 2.365, 2.614, 2.672, 2.834, 2.849, 3.025, 3.139, 3.196, 3.051, 2.73, 2.531, 2.879, 4.07, 4.182, 4.238, 4.853, 5.189, 3.41, 4.386, 5.511, 6.099, 7.561, 8.17, 8.075, 7.985, 7.599, 7.698, 7.389, 7.046, 8.077, 8.129, 7.945, 8.305, 8.297, 7.765, 7.731, 9.493, 10.051, 9.657, 9.968, 9.948, 10.39, 10.807, 10.839, 10.757, 11.116, 11.238, 11.419, 11.638, 12.563, 13.043, 12.297, 10.999, 9.058, 7.409, 6.714, 6.868, 6.776, 7.717, 7.653, 7.287, 8.411, 7.965, 6.71, 6.197, 5.973, 5.941, 5.983, 5.869, 3.772, 2.894, 3.828], [1.72, 1.898, 1.735, 1.645, 1.449, 1.632, 1.437, 1.108, 0.0, 2.383, 2.643, 2.544, 2.595, 2.095, 1.834, 1.915, 1.844, 2.008, 2.148, 2.278, 2.414, 2.388, 2.294, 2.071, 1.743, 2.08, 3.267, 3.379, 3.435, 4.05, 4.436, 3.35, 4.783, 5.935, 6.606, 8.264, 8.831, 8.778, 8.688, 8.339, 8.439, 8.13, 7.787, 8.819, 8.871, 8.683, 8.999, 9.023, 8.504, 8.471, 10.195, 10.755, 10.36, 10.671, 10.652, 11.093, 11.509, 11.541, 11.45, 11.809, 11.932, 12.11, 12.33, 13.261, 13.732, 12.999, 11.699, 9.756, 8.108, 7.413, 7.567, 7.475, 8.42, 8.352, 7.986, 9.111, 8.661, 7.39, 6.902, 6.676, 6.687, 6.608, 6.581, 4.425, 2.873, 3.736], [2.968, 3.088, 3.145, 3.421, 3.328, 3.823, 3.621, 3.201, 2.383, 0.0, 1.648, 1.781, 1.666, 1.489, 1.818, 1.582, 1.389, 1.389, 1.639, 1.844, 1.913, 1.736, 1.627, 1.374, 1.329, 1.036, 1.248, 1.33, 1.521, 1.931, 2.333, 2.452, 5.825, 7.737, 8.681, 10.474, 10.96, 10.907, 10.864, 10.539, 10.639, 10.352, 9.987, 11.02, 11.075, 10.887, 11.196, 11.227, 10.69, 10.671, 12.395, 12.872, 12.446, 12.756, 12.737, 13.177, 13.603, 13.622, 13.551, 13.791, 13.943, 14.136, 14.314, 15.235, 15.68, 15.15, 13.759, 11.807, 10.24, 9.495, 9.637, 9.605, 10.57, 10.471, 10.076, 11.147, 10.704, 9.62, 9.042, 8.903, 8.948, 8.812, 8.766, 6.55, 3.469, 3.408], [3.167, 3.2, 3.308, 3.581, 3.564, 3.914, 3.756, 3.424, 2.643, 1.648, 0.0, 0.883, 1.338, 1.544, 1.94, 1.822, 1.888, 1.694, 1.529, 1.411, 1.459, 1.512, 1.665, 1.739, 1.787, 1.902, 1.674, 1.864, 2.1, 2.153, 2.412, 3.334, 6.087, 8.144, 8.777, 10.454, 11.027, 10.97, 10.892, 10.53, 10.619, 10.318, 9.966, 10.999, 11.065, 10.875, 11.186, 11.219, 10.688, 10.653, 12.397, 12.959, 12.566, 12.883, 12.86, 13.292, 13.731, 13.729, 13.678, 14.043, 14.169, 14.363, 14.575, 15.505, 15.968, 15.266, 13.949, 11.993, 10.363, 9.649, 9.815, 9.756, 10.707, 10.628, 10.235, 11.355, 10.904, 9.645, 9.187, 8.999, 8.975, 8.877, 8.757, 6.73, 4.222, 4.317], [3.005, 3.027, 3.018, 3.33, 3.246, 3.709, 3.52, 3.186, 2.544, 1.781, 0.883, 0.0, 1.071, 1.352, 1.575, 1.728, 1.818, 1.642, 1.422, 1.328, 1.276, 1.206, 1.384, 1.604, 1.681, 1.777, 1.998, 2.251, 2.454, 2.517, 2.761, 3.47, 5.793, 7.577, 8.409, 10.166, 10.659, 10.6, 10.568, 10.241, 10.341, 10.029, 9.689, 10.718, 10.775, 10.585, 10.896, 10.921, 10.397, 10.369, 12.094, 12.566, 12.17, 12.485, 12.461, 12.896, 13.318, 13.346, 13.252, 13.574, 13.7, 13.915, 14.102, 15.033, 15.496, 14.823, 13.476, 11.496, 9.917, 9.168, 9.337, 9.311, 10.235, 10.123, 9.779, 10.872, 10.42, 9.312, 8.719, 8.56, 8.639, 8.555, 8.504, 6.301, 3.917, 4.23], [3.114, 3.148, 3.248, 3.52, 3.414, 3.942, 3.739, 3.361, 2.595, 1.666, 1.338, 1.071, 0.0, 1.004, 1.566, 1.513, 1.47, 1.377, 1.163, 0.929, 0.824, 1.051, 1.173, 1.591, 1.624, 1.604, 1.84, 2.213, 2.49, 2.527, 2.702, 3.481, 6.382, 7.668, 8.653, 10.418, 10.936, 10.885, 10.833, 10.523, 10.618, 10.308, 9.97, 10.989, 11.044, 10.85, 11.159, 11.192, 10.677, 10.634, 12.357, 12.848, 12.342, 12.65, 12.631, 13.063, 13.49, 13.518, 13.484, 13.773, 13.919, 14.127, 14.294, 15.172, 15.626, 15.099, 13.663, 11.735, 10.206, 9.469, 9.607, 9.583, 10.51, 10.385, 9.987, 11.051, 10.67, 9.576, 8.963, 8.813, 8.929, 8.844, 8.78, 6.585, 4.151, 4.311], [2.716, 2.799, 2.728, 3.005, 2.87, 3.376, 3.15, 2.822, 2.095, 1.489, 1.544, 1.352, 1.004, 0.0, 0.975, 0.943, 1.037, 0.969, 0.944, 0.923, 1.064, 1.063, 0.771, 1.034, 1.069, 1.234, 1.747, 2.014, 2.303, 2.5, 2.906, 3.534, 6.033, 7.281, 8.194, 9.995, 10.512, 10.458, 10.406, 10.102, 10.195, 9.885, 9.55, 10.562, 10.611, 10.424, 10.732, 10.756, 10.247, 10.207, 11.913, 12.411, 11.966, 12.289, 12.257, 12.699, 13.126, 13.158, 13.065, 13.345, 13.489, 13.701, 13.862, 14.774, 15.238, 14.657, 13.217, 11.301, 9.771, 9.035, 9.172, 9.149, 10.041, 9.945, 9.534, 10.618, 10.233, 9.16, 8.51, 8.37, 8.488, 8.412, 8.376, 6.192, 3.911, 4.343], [2.118, 2.244, 2.143, 2.492, 2.4, 2.742, 2.565, 2.365, 1.834, 1.818, 1.94, 1.575, 1.566, 0.975, 0.0, 0.759, 1.189, 1.072, 0.956, 1.033, 1.248, 1.3, 1.115, 0.997, 1.09, 1.388, 2.243, 2.499, 2.676, 3.078, 3.523, 3.836, 6.067, 7.124, 7.744, 9.338, 9.8, 9.766, 9.736, 9.399, 9.488, 9.177, 8.844, 9.855, 9.914, 9.723, 10.044, 10.095, 9.607, 9.537, 11.218, 11.711, 11.292, 11.606, 11.579, 12.041, 12.455, 12.464, 12.376, 12.676, 12.822, 13.041, 13.201, 14.138, 14.624, 13.977, 12.55, 10.61, 9.065, 8.342, 8.479, 8.441, 9.36, 9.231, 8.855, 9.951, 9.562, 8.469, 7.886, 7.697, 7.796, 7.846, 7.756, 5.763, 4.005, 4.597], [2.22, 2.374, 2.37, 2.621, 2.559, 3.017, 2.859, 2.614, 1.915, 1.582, 1.822, 1.728, 1.513, 0.943, 0.759, 0.0, 0.878, 0.803, 0.917, 1.135, 1.263, 1.325, 1.116, 0.983, 0.845, 1.099, 2.144, 2.28, 2.396, 2.809, 3.37, 3.619, 6.082, 7.295, 7.886, 9.597, 10.09, 10.067, 10.021, 9.69, 9.778, 9.468, 9.135, 10.141, 10.205, 10.002, 10.313, 10.365, 9.868, 9.808, 11.506, 12.018, 11.639, 11.938, 11.926, 12.354, 12.783, 12.809, 12.736, 12.98, 13.111, 13.298, 13.514, 14.444, 14.922, 14.274, 12.805, 10.957, 9.352, 8.663, 8.763, 8.718, 9.675, 9.542, 9.126, 10.22, 9.854, 8.738, 8.144, 8.002, 8.084, 8.11, 7.994, 5.947, 3.931, 4.358], [2.477, 2.53, 2.6, 2.911, 2.769, 3.209, 3.006, 2.672, 1.844, 1.389, 1.888, 1.818, 1.47, 1.037, 1.189, 0.878, 0.0, 0.749, 1.075, 1.157, 1.498, 1.454, 1.285, 1.126, 0.876, 1.066, 1.988, 2.078, 2.074, 2.576, 3.181, 3.298, 6.113, 7.311, 7.964, 9.756, 10.312, 10.289, 10.191, 9.861, 9.949, 9.639, 9.306, 10.315, 10.367, 10.174, 10.489, 10.512, 9.994, 9.961, 11.673, 12.233, 11.847, 12.155, 12.134, 12.579, 12.988, 13.029, 12.937, 13.25, 13.381, 13.562, 13.778, 14.704, 15.168, 14.475, 13.087, 11.186, 9.563, 8.89, 9.022, 8.921, 9.852, 9.748, 9.391, 10.507, 10.123, 8.9, 8.286, 8.111, 8.203, 8.127, 8.087, 5.919, 3.862, 4.114], [2.502, 2.572, 2.641, 2.928, 2.886, 3.304, 3.13, 2.834, 2.008, 1.389, 1.694, 1.642, 1.377, 0.969, 1.072, 0.803, 0.749, 0.0, 0.783, 1.058, 1.206, 1.138, 1.167, 1.088, 0.959, 1.084, 1.936, 2.097, 2.21, 2.579, 3.191, 3.589, 6.234, 7.481, 8.067, 9.813, 10.35, 10.315, 10.224, 9.885, 9.979, 9.683, 9.329, 10.36, 10.422, 10.229, 10.541, 10.587, 10.058, 10.013, 11.73, 12.281, 11.889, 12.206, 12.182, 12.616, 13.051, 13.057, 12.979, 13.271, 13.396, 13.591, 13.803, 14.733, 15.207, 14.553, 13.174, 11.256, 9.585, 8.917, 9.036, 8.959, 9.913, 9.847, 9.455, 10.588, 10.146, 8.955, 8.402, 8.263, 8.303, 8.251, 8.134, 6.04, 3.979, 4.363], [2.397, 2.439, 2.526, 2.837, 2.809, 3.227, 3.057, 2.849, 2.148, 1.639, 1.529, 1.422, 1.163, 0.944, 0.956, 0.917, 1.075, 0.783, 0.0, 0.704, 0.835, 1.172, 1.293, 1.335, 1.322, 1.463, 1.975, 2.073, 2.326, 2.618, 3.122, 3.694, 6.331, 7.525, 8.026, 9.749, 10.268, 10.215, 10.143, 9.821, 9.918, 9.606, 9.266, 10.291, 10.351, 10.159, 10.471, 10.523, 10.012, 9.958, 11.659, 12.2, 11.818, 12.133, 12.107, 12.552, 12.971, 12.984, 12.894, 13.184, 13.309, 13.508, 13.719, 14.653, 15.135, 14.458, 13.034, 11.104, 9.474, 8.804, 8.928, 8.859, 9.81, 9.708, 9.311, 10.439, 10.035, 8.884, 8.304, 8.147, 8.238, 8.249, 8.133, 6.135, 4.224, 4.517], [2.671, 2.703, 2.842, 3.181, 3.074, 3.426, 3.243, 3.025, 2.278, 1.844, 1.411, 1.328, 0.929, 0.923, 1.033, 1.135, 1.157, 1.058, 0.704, 0.0, 0.704, 1.059, 1.092, 1.313, 1.368, 1.573, 1.971, 2.2, 2.45, 2.541, 2.942, 3.909, 6.606, 7.649, 8.322, 10.025, 10.545, 10.492, 10.422, 10.106, 10.197, 9.893, 9.552, 10.571, 10.629, 10.438, 10.75, 10.774, 10.28, 10.223, 11.933, 12.476, 12.081, 12.403, 12.372, 12.807, 13.237, 13.256, 13.172, 13.445, 13.569, 13.764, 13.975, 14.906, 15.375, 14.72, 13.268, 11.381, 9.76, 9.086, 9.204, 9.134, 10.063, 9.97, 9.532, 10.654, 10.289, 9.161, 8.534, 8.387, 8.484, 8.442, 8.37, 6.331, 4.44, 4.704], [2.725, 2.822, 2.878, 3.19, 3.113, 3.562, 3.353, 3.139, 2.414, 1.913, 1.459, 1.276, 0.824, 1.064, 1.248, 1.263, 1.498, 1.206, 0.835, 0.704, 0.0, 0.776, 1.123, 1.578, 1.556, 1.699, 1.906, 2.326, 2.603, 2.675, 3.003, 3.919, 6.53, 7.816, 8.442, 10.194, 10.678, 10.625, 10.588, 10.274, 10.37, 10.06, 9.722, 10.737, 10.796, 10.611, 10.907, 10.958, 10.454, 10.408, 12.099, 12.583, 12.203, 12.519, 12.493, 12.943, 13.352, 13.381, 13.292, 13.573, 13.696, 13.908, 14.104, 15.035, 15.51, 14.844, 13.431, 11.499, 9.931, 9.204, 9.344, 9.318, 10.235, 10.11, 9.744, 10.829, 10.426, 9.308, 8.711, 8.532, 8.658, 8.658, 8.581, 6.503, 4.4, 4.728], [2.842, 3.004, 2.964, 3.271, 3.23, 3.659, 3.454, 3.196, 2.388, 1.736, 1.512, 1.206, 1.051, 1.063, 1.3, 1.325, 1.454, 1.138, 1.172, 1.059, 0.776, 0.0, 0.841, 1.271, 1.326, 1.441, 1.81, 2.322, 2.618, 2.78, 3.126, 3.982, 6.478, 7.805, 8.603, 10.319, 10.815, 10.756, 10.732, 10.395, 10.492, 10.181, 9.84, 10.869, 10.927, 10.736, 11.049, 11.077, 10.567, 10.528, 12.253, 12.727, 12.294, 12.618, 12.585, 13.031, 13.452, 13.468, 13.376, 13.725, 13.871, 14.089, 14.248, 15.171, 15.641, 14.984, 13.65, 11.636, 10.083, 9.334, 9.503, 9.477, 10.413, 10.292, 9.949, 11.044, 10.586, 9.446, 8.911, 8.732, 8.793, 8.712, 8.634, 6.524, 4.334, 4.748], [2.893, 3.088, 2.95, 3.255, 3.072, 3.596, 3.352, 3.051, 2.294, 1.627, 1.665, 1.384, 1.173, 0.771, 1.115, 1.116, 1.285, 1.167, 1.293, 1.092, 1.123, 0.841, 0.0, 0.886, 1.013, 1.157, 1.712, 2.153, 2.399, 2.582, 3.03, 3.804, 6.177, 7.505, 8.471, 10.259, 10.771, 10.712, 10.661, 10.36, 10.452, 10.141, 9.807, 10.824, 10.872, 10.685, 10.993, 11.018, 10.503, 10.468, 12.179, 12.67, 12.239, 12.559, 12.53, 12.972, 13.396, 13.426, 13.333, 13.62, 13.764, 13.977, 14.137, 15.062, 15.524, 14.926, 13.493, 11.555, 10.021, 9.289, 9.426, 9.389, 10.3, 10.204, 9.791, 10.88, 10.49, 9.388, 8.783, 8.62, 8.705, 8.635, 8.58, 6.383, 4.065, 4.575], [2.564, 2.698, 2.593, 2.912, 2.794, 3.212, 2.993, 2.73, 2.071, 1.374, 1.739, 1.604, 1.591, 1.034, 0.997, 0.983, 1.126, 1.088, 1.335, 1.313, 1.578, 1.271, 0.886, 0.0, 0.645, 0.879, 1.862, 2.064, 2.25, 2.649, 3.162, 3.53, 5.857, 7.23, 8.098, 9.819, 10.307, 10.253, 10.232, 9.904, 9.995, 9.688, 9.349, 10.369, 10.427, 10.237, 10.548, 10.581, 10.072, 10.021, 11.744, 12.238, 11.845, 12.171, 12.139, 12.569, 13.01, 13.017, 12.931, 13.175, 13.307, 13.495, 13.716, 14.643, 15.1, 14.502, 13.023, 11.146, 9.564, 8.851, 8.968, 8.941, 9.898, 9.745, 9.335, 10.408, 10.066, 8.962, 8.342, 8.232, 8.314, 8.224, 8.163, 6.018, 3.785, 4.293], [2.36, 2.594, 2.441, 2.695, 2.575, 3.05, 2.836, 2.531, 1.743, 1.329, 1.787, 1.681, 1.624, 1.069, 1.09, 0.845, 0.876, 0.959, 1.322, 1.368, 1.556, 1.326, 1.013, 0.645, 0.0, 0.679, 1.902, 2.044, 2.123, 2.638, 3.174, 3.328, 5.649, 7.046, 7.899, 9.649, 10.157, 10.104, 10.06, 9.736, 9.836, 9.523, 9.183, 10.206, 10.278, 10.073, 10.384, 10.424, 9.909, 9.858, 11.579, 12.087, 11.708, 12.006, 11.999, 12.424, 12.855, 12.877, 12.8, 13.055, 13.178, 13.37, 13.584, 14.514, 14.974, 14.345, 12.886, 10.99, 9.394, 8.695, 8.813, 8.79, 9.747, 9.602, 9.178, 10.293, 9.914, 8.808, 8.167, 8.064, 8.152, 8.063, 7.999, 5.806, 3.413, 4.045], [2.717, 2.949, 2.92, 3.11, 2.956, 3.484, 3.261, 2.879, 2.08, 1.036, 1.902, 1.777, 1.604, 1.234, 1.388, 1.099, 1.066, 1.084, 1.463, 1.573, 1.699, 1.441, 1.157, 0.879, 0.679, 0.0, 1.521, 1.727, 1.832, 2.3, 2.811, 3.001, 5.664, 7.332, 8.303, 10.089, 10.589, 10.53, 10.494, 10.178, 10.277, 9.965, 9.626, 10.644, 10.705, 10.512, 10.82, 10.863, 10.336, 10.295, 12.011, 12.495, 12.087, 12.385, 12.382, 12.807, 13.24, 13.262, 13.179, 13.436, 13.58, 13.786, 13.954, 14.882, 15.331, 14.762, 13.308, 11.38, 9.845, 9.108, 9.246, 9.233, 10.187, 10.037, 9.605, 10.696, 10.323, 9.25, 8.602, 8.502, 8.595, 8.458, 8.424, 6.177, 3.409, 3.718], [3.924, 4.031, 4.091, 4.382, 4.173, 4.737, 4.471, 4.07, 3.267, 1.248, 1.674, 1.998, 1.84, 1.747, 2.243, 2.144, 1.988, 1.936, 1.975, 1.971, 1.906, 1.81, 1.712, 1.862, 1.902, 1.521, 0.0, 0.672, 1.071, 1.297, 1.712, 2.683, 6.249, 8.578, 9.526, 11.386, 11.9, 11.847, 11.811, 11.489, 11.585, 11.275, 10.937, 11.951, 12.0, 11.805, 12.119, 12.145, 11.613, 11.596, 13.311, 13.794, 13.359, 13.671, 13.65, 14.092, 14.507, 14.552, 14.459, 14.774, 14.918, 15.105, 15.277, 16.183, 16.616, 15.997, 14.657, 12.682, 11.163, 10.414, 10.584, 10.541, 11.455, 11.329, 10.982, 12.066, 11.655, 10.53, 9.895, 9.713, 9.83, 9.728, 9.704, 7.38, 4.335, 3.987], [4.059, 4.136, 4.204, 4.495, 4.285, 4.849, 4.584, 4.182, 3.379, 1.33, 1.864, 2.251, 2.213, 2.014, 2.499, 2.28, 2.078, 2.097, 2.073, 2.2, 2.326, 2.322, 2.153, 2.064, 2.044, 1.727, 0.672, 0.0, 0.686, 0.967, 1.487, 2.54, 6.357, 8.713, 9.602, 11.465, 11.984, 11.937, 11.878, 11.57, 11.664, 11.354, 11.018, 12.03, 12.079, 11.881, 12.195, 12.224, 11.692, 11.672, 13.382, 13.894, 13.507, 13.82, 13.8, 14.24, 14.656, 14.701, 14.608, 14.892, 15.015, 15.176, 15.4, 16.32, 16.75, 16.078, 14.713, 12.819, 11.229, 10.524, 10.67, 10.623, 11.518, 11.405, 11.035, 12.136, 11.761, 10.61, 9.959, 9.815, 9.943, 9.81, 9.802, 7.473, 4.351, 3.98], [4.112, 4.192, 4.259, 4.55, 4.341, 4.905, 4.639, 4.238, 3.435, 1.521, 2.1, 2.454, 2.49, 2.303, 2.676, 2.396, 2.074, 2.21, 2.326, 2.45, 2.603, 2.618, 2.399, 2.25, 2.123, 1.832, 1.071, 0.686, 0.0, 0.785, 1.578, 2.425, 6.407, 8.729, 9.607, 11.489, 11.99, 11.953, 11.888, 11.573, 11.671, 11.355, 11.019, 12.04, 12.095, 11.892, 12.2, 12.226, 11.692, 11.675, 13.384, 13.893, 13.508, 13.819, 13.798, 14.24, 14.655, 14.701, 14.609, 14.893, 15.014, 15.186, 15.399, 16.318, 16.761, 16.085, 14.715, 12.838, 11.239, 10.543, 10.675, 10.627, 11.542, 11.408, 11.043, 12.145, 11.781, 10.637, 9.976, 9.828, 9.945, 9.862, 9.83, 7.495, 4.407, 3.97], [4.714, 4.806, 4.874, 5.165, 4.956, 5.52, 5.254, 4.853, 4.05, 1.931, 2.153, 2.517, 2.527, 2.5, 3.078, 2.809, 2.576, 2.579, 2.618, 2.541, 2.675, 2.78, 2.582, 2.649, 2.638, 2.3, 1.297, 0.967, 0.785, 0.0, 1.089, 2.798, 7.029, 9.367, 10.255, 12.128, 12.62, 12.596, 12.545, 12.228, 12.316, 12.005, 11.673, 12.679, 12.737, 12.531, 12.843, 12.881, 12.344, 12.32, 14.027, 14.528, 14.143, 14.455, 14.44, 14.875, 15.296, 15.337, 15.247, 15.53, 15.648, 15.82, 16.031, 16.954, 17.389, 16.715, 15.365, 13.481, 11.892, 11.187, 11.314, 11.264, 12.178, 12.051, 11.694, 12.783, 12.419, 11.279, 10.629, 10.47, 10.586, 10.503, 10.471, 8.136, 5.031, 4.586], [5.067, 5.167, 5.233, 5.499, 5.295, 5.852, 5.608, 5.189, 4.436, 2.333, 2.412, 2.761, 2.702, 2.906, 3.523, 3.37, 3.181, 3.191, 3.122, 2.942, 3.003, 3.126, 3.03, 3.162, 3.174, 2.811, 1.712, 1.487, 1.578, 1.089, 0.0, 2.909, 7.372, 9.596, 10.63, 12.494, 12.99, 12.942, 12.898, 12.577, 12.677, 12.364, 12.025, 13.049, 13.103, 12.905, 13.214, 13.238, 12.705, 12.689, 14.407, 14.88, 14.446, 14.757, 14.736, 15.178, 15.593, 15.635, 15.542, 15.805, 15.958, 16.138, 16.316, 17.211, 17.617, 17.071, 15.719, 13.8, 12.256, 11.533, 11.656, 11.632, 12.562, 12.445, 12.056, 13.119, 12.734, 11.671, 11.019, 10.862, 10.978, 10.879, 10.863, 8.528, 5.308, 4.825], [3.0, 3.076, 3.281, 3.514, 3.368, 3.871, 3.799, 3.41, 3.35, 2.452, 3.334, 3.47, 3.481, 3.534, 3.836, 3.619, 3.298, 3.589, 3.694, 3.909, 3.919, 3.982, 3.804, 3.53, 3.328, 3.001, 2.683, 2.54, 2.425, 2.798, 2.909, 0.0, 4.872, 7.081, 8.156, 10.005, 10.515, 10.482, 10.431, 10.121, 10.209, 9.893, 9.562, 10.565, 10.613, 10.413, 10.727, 10.759, 10.228, 10.204, 11.911, 12.401, 11.934, 12.247, 12.229, 12.666, 13.085, 13.129, 13.059, 13.332, 13.484, 13.665, 13.848, 14.718, 15.136, 14.62, 13.224, 11.351, 9.813, 9.09, 9.21, 9.157, 10.08, 9.974, 9.553, 10.6, 10.26, 9.18, 8.533, 8.372, 8.491, 8.404, 8.372, 6.061, 2.785, 2.31], [4.925, 5.088, 4.763, 4.334, 4.209, 4.472, 4.43, 4.386, 4.783, 5.825, 6.087, 5.793, 6.382, 6.033, 6.067, 6.082, 6.113, 6.234, 6.331, 6.606, 6.53, 6.478, 6.177, 5.857, 5.649, 5.664, 6.249, 6.357, 6.407, 7.029, 7.372, 4.872, 0.0, 2.46, 3.562, 5.208, 5.712, 5.663, 5.62, 5.31, 5.402, 5.104, 4.764, 5.772, 5.822, 5.654, 5.935, 5.964, 5.434, 5.436, 7.118, 7.605, 7.196, 7.506, 7.488, 7.929, 8.345, 8.392, 8.301, 8.569, 8.711, 8.9, 9.078, 10.003, 10.445, 9.822, 8.444, 6.542, 5.009, 4.584, 4.67, 4.68, 5.42, 5.254, 4.995, 5.904, 5.584, 4.747, 4.643, 4.567, 4.944, 4.533, 4.5, 3.22, 2.57, 2.977], [6.021, 6.168, 5.756, 5.389, 5.205, 5.39, 5.373, 5.511, 5.935, 7.737, 8.144, 7.577, 7.668, 7.281, 7.124, 7.295, 7.311, 7.481, 7.525, 7.649, 7.816, 7.805, 7.505, 7.23, 7.046, 7.332, 8.578, 8.713, 8.729, 9.367, 9.596, 7.081, 2.46, 0.0, 1.556, 3.038, 3.495, 3.473, 3.47, 3.285, 3.35, 3.106, 2.659, 3.737, 3.76, 3.588, 3.812, 3.84, 3.299, 3.287, 4.947, 5.386, 4.953, 5.272, 5.265, 5.681, 6.09, 6.169, 6.051, 6.353, 6.471, 6.666, 6.814, 7.696, 8.148, 7.606, 6.202, 4.544, 4.016, 4.214, 4.382, 4.42, 4.928, 4.729, 4.374, 4.727, 4.579, 4.285, 4.28, 4.267, 4.628, 4.441, 4.554, 3.702, 4.417, 5.056], [6.301, 6.389, 6.217, 5.806, 5.888, 5.859, 5.907, 6.099, 6.606, 8.681, 8.777, 8.409, 8.653, 8.194, 7.744, 7.886, 7.964, 8.067, 8.026, 8.322, 8.442, 8.603, 8.471, 8.098, 7.899, 8.303, 9.526, 9.602, 9.607, 10.255, 10.63, 8.156, 3.562, 1.556, 0.0, 1.937, 2.494, 2.528, 2.51, 2.391, 2.483, 2.265, 1.892, 2.955, 2.825, 2.707, 2.85, 2.813, 2.31, 2.317, 3.995, 4.474, 4.11, 4.499, 4.461, 4.791, 5.142, 5.223, 5.167, 5.505, 5.575, 5.754, 5.916, 6.826, 7.295, 6.587, 5.307, 4.111, 3.923, 4.35, 4.674, 4.503, 4.973, 4.791, 4.55, 4.643, 4.41, 4.293, 4.432, 4.408, 4.82, 4.797, 4.862, 4.482, 5.418, 6.136], [7.702, 7.666, 7.53, 7.264, 7.424, 6.934, 7.152, 7.561, 8.264, 10.474, 10.454, 10.166, 10.418, 9.995, 9.338, 9.597, 9.756, 9.813, 9.749, 10.025, 10.194, 10.319, 10.259, 9.819, 9.649, 10.089, 11.386, 11.465, 11.489, 12.128, 12.494, 10.005, 5.208, 3.038, 1.937, 0.0, 0.908, 1.168, 1.446, 1.338, 1.526, 1.486, 1.706, 2.168, 1.581, 1.284, 1.211, 1.231, 0.998, 1.178, 2.575, 3.12, 3.023, 3.196, 3.178, 3.182, 3.555, 3.702, 3.833, 4.095, 4.004, 4.118, 4.325, 5.129, 5.62, 4.927, 3.928, 3.189, 3.478, 4.032, 4.483, 4.114, 4.662, 4.397, 4.208, 4.074, 4.004, 4.011, 4.449, 4.446, 4.729, 4.719, 4.713, 4.77, 7.263, 7.972], [8.107, 8.118, 7.996, 7.724, 7.97, 7.542, 7.781, 8.17, 8.831, 10.96, 11.027, 10.659, 10.936, 10.512, 9.8, 10.09, 10.312, 10.35, 10.268, 10.545, 10.678, 10.815, 10.771, 10.307, 10.157, 10.589, 11.9, 11.984, 11.99, 12.62, 12.99, 10.515, 5.712, 3.495, 2.494, 0.908, 0.0, 0.878, 1.241, 1.316, 1.518, 1.554, 1.982, 1.887, 1.625, 1.312, 1.057, 1.205, 1.418, 1.581, 2.283, 2.684, 2.614, 2.76, 2.711, 2.864, 3.171, 3.288, 3.403, 3.524, 3.417, 3.543, 3.728, 4.568, 5.166, 4.369, 3.33, 2.887, 3.315, 3.846, 4.249, 3.944, 4.418, 4.11, 4.062, 3.859, 3.808, 3.987, 4.398, 4.448, 4.768, 4.777, 4.794, 4.911, 7.763, 8.461], [8.049, 8.044, 7.92, 7.686, 7.909, 7.398, 7.645, 8.075, 8.778, 10.907, 10.97, 10.6, 10.885, 10.458, 9.766, 10.067, 10.289, 10.315, 10.215, 10.492, 10.625, 10.756, 10.712, 10.253, 10.104, 10.53, 11.847, 11.937, 11.953, 12.596, 12.942, 10.482, 5.663, 3.473, 2.528, 1.168, 0.878, 0.0, 0.712, 0.931, 1.099, 1.225, 1.572, 1.544, 1.337, 1.323, 1.322, 1.281, 1.327, 1.277, 1.96, 2.343, 2.227, 2.504, 2.505, 2.666, 3.049, 3.158, 3.188, 3.489, 3.41, 3.533, 3.732, 4.605, 5.209, 4.413, 3.353, 2.603, 2.898, 3.386, 3.731, 3.539, 3.987, 3.721, 3.657, 3.436, 3.362, 3.541, 3.982, 4.007, 4.289, 4.489, 4.531, 4.815, 7.714, 8.425], [8.028, 7.983, 7.876, 7.606, 7.819, 7.316, 7.555, 7.985, 8.688, 10.864, 10.892, 10.568, 10.833, 10.406, 9.736, 10.021, 10.191, 10.224, 10.143, 10.422, 10.588, 10.732, 10.661, 10.232, 10.06, 10.494, 11.811, 11.878, 11.888, 12.545, 12.898, 10.431, 5.62, 3.47, 2.51, 1.446, 1.241, 0.712, 0.0, 0.713, 0.859, 1.195, 1.534, 1.352, 1.2, 1.394, 1.434, 1.513, 1.355, 1.291, 1.99, 2.413, 2.303, 2.626, 2.635, 2.85, 3.175, 3.315, 3.244, 3.621, 3.522, 3.618, 3.764, 4.686, 5.255, 4.414, 3.427, 2.735, 2.801, 3.307, 3.675, 3.448, 3.836, 3.637, 3.536, 3.422, 3.27, 3.482, 3.957, 3.991, 4.29, 4.438, 4.527, 4.882, 7.678, 8.382], [7.712, 7.698, 7.577, 7.306, 7.48, 6.963, 7.196, 7.599, 8.339, 10.539, 10.53, 10.241, 10.523, 10.102, 9.399, 9.69, 9.861, 9.885, 9.821, 10.106, 10.274, 10.395, 10.36, 9.904, 9.736, 10.178, 11.489, 11.57, 11.573, 12.228, 12.577, 10.121, 5.31, 3.285, 2.391, 1.338, 1.316, 0.931, 0.713, 0.0, 0.697, 0.911, 1.431, 1.437, 1.227, 1.249, 1.351, 1.355, 1.196, 1.135, 2.338, 2.863, 2.728, 3.054, 3.107, 3.318, 3.647, 3.741, 3.601, 3.933, 3.855, 4.011, 4.166, 5.128, 5.705, 4.884, 3.847, 3.118, 3.201, 3.675, 4.027, 3.833, 4.262, 4.058, 3.908, 3.77, 3.644, 3.714, 4.148, 4.126, 4.376, 4.602, 4.587, 4.806, 7.368, 8.064], [7.83, 7.732, 7.623, 7.388, 7.58, 7.037, 7.284, 7.698, 8.439, 10.639, 10.619, 10.341, 10.618, 10.195, 9.488, 9.778, 9.949, 9.979, 9.918, 10.197, 10.37, 10.492, 10.452, 9.995, 9.836, 10.277, 11.585, 11.664, 11.671, 12.316, 12.677, 10.209, 5.402, 3.35, 2.483, 1.526, 1.518, 1.099, 0.859, 0.697, 0.0, 0.731, 1.187, 1.132, 1.05, 1.188, 1.396, 1.353, 1.249, 1.224, 2.302, 2.797, 2.683, 3.012, 2.979, 3.202, 3.556, 3.628, 3.582, 3.845, 3.798, 3.955, 4.15, 5.089, 5.65, 4.875, 3.75, 3.161, 3.199, 3.633, 3.86, 3.808, 4.153, 3.98, 3.868, 3.88, 3.679, 3.814, 4.248, 4.245, 4.455, 4.707, 4.703, 4.932, 7.46, 8.157], [7.465, 7.394, 7.316, 7.07, 7.267, 6.737, 6.973, 7.389, 8.13, 10.352, 10.318, 10.029, 10.308, 9.885, 9.177, 9.468, 9.639, 9.683, 9.606, 9.893, 10.06, 10.181, 10.141, 9.688, 9.523, 9.965, 11.275, 11.354, 11.355, 12.005, 12.364, 9.893, 5.104, 3.106, 2.265, 1.486, 1.554, 1.225, 1.195, 0.911, 0.731, 0.0, 1.074, 1.361, 1.23, 1.169, 1.37, 1.483, 1.364, 1.439, 2.599, 3.053, 2.916, 3.177, 3.16, 3.387, 3.756, 3.814, 3.781, 4.024, 4.054, 4.29, 4.507, 5.439, 6.042, 5.233, 4.003, 3.353, 3.431, 3.849, 4.097, 3.983, 4.385, 4.206, 4.084, 4.091, 3.903, 3.995, 4.41, 4.391, 4.639, 4.853, 4.85, 4.876, 7.147, 7.837], [7.151, 7.063, 6.993, 6.737, 6.935, 6.4, 6.64, 7.046, 7.787, 9.987, 9.966, 9.689, 9.97, 9.55, 8.844, 9.135, 9.306, 9.329, 9.266, 9.552, 9.722, 9.84, 9.807, 9.349, 9.183, 9.626, 10.937, 11.018, 11.019, 11.673, 12.025, 9.562, 4.764, 2.659, 1.892, 1.706, 1.982, 1.572, 1.534, 1.431, 1.187, 1.074, 0.0, 1.348, 1.339, 1.373, 1.79, 1.768, 1.502, 1.233, 2.686, 3.216, 2.922, 3.228, 3.202, 3.575, 4.023, 3.972, 4.001, 4.251, 4.384, 4.606, 4.811, 5.748, 6.311, 5.57, 4.238, 3.001, 2.954, 3.376, 3.665, 3.536, 3.983, 3.767, 3.614, 3.7, 3.478, 3.56, 4.078, 4.044, 4.262, 4.515, 4.491, 4.643, 6.816, 7.509], [8.156, 8.09, 8.003, 7.754, 7.954, 7.416, 7.662, 8.077, 8.819, 11.02, 10.999, 10.718, 10.989, 10.562, 9.855, 10.141, 10.315, 10.36, 10.291, 10.571, 10.737, 10.869, 10.824, 10.369, 10.206, 10.644, 11.951, 12.03, 12.04, 12.679, 13.049, 10.565, 5.772, 3.737, 2.955, 2.168, 1.887, 1.544, 1.352, 1.437, 1.132, 1.361, 1.348, 0.0, 0.978, 1.51, 1.605, 1.792, 1.754, 1.528, 2.103, 2.545, 2.408, 2.624, 2.61, 2.909, 3.209, 3.214, 3.182, 3.431, 3.544, 3.786, 3.97, 4.878, 5.478, 4.647, 3.398, 2.772, 2.617, 3.095, 3.351, 3.375, 3.544, 3.384, 3.292, 3.394, 3.112, 3.255, 3.767, 3.802, 3.985, 4.284, 4.302, 4.791, 7.824, 8.514], [8.229, 8.159, 8.074, 7.816, 8.005, 7.475, 7.719, 8.129, 8.871, 11.075, 11.065, 10.775, 11.044, 10.611, 9.914, 10.205, 10.367, 10.422, 10.351, 10.629, 10.796, 10.927, 10.872, 10.427, 10.278, 10.705, 12.0, 12.079, 12.095, 12.737, 13.103, 10.613, 5.822, 3.76, 2.825, 1.581, 1.625, 1.337, 1.2, 1.227, 1.05, 1.23, 1.339, 0.978, 0.0, 0.872, 1.143, 1.279, 1.153, 1.023, 2.065, 2.559, 2.461, 2.624, 2.648, 2.918, 3.252, 3.284, 3.224, 3.424, 3.507, 3.706, 3.881, 4.773, 5.376, 4.54, 3.341, 2.697, 2.879, 3.479, 3.931, 3.68, 3.933, 3.684, 3.645, 3.478, 3.41, 3.618, 4.213, 4.279, 4.467, 4.719, 4.762, 5.297, 7.871, 8.56], [8.061, 7.992, 7.894, 7.644, 7.822, 7.284, 7.532, 7.945, 8.683, 10.887, 10.875, 10.585, 10.85, 10.424, 9.723, 10.002, 10.174, 10.229, 10.159, 10.438, 10.611, 10.736, 10.685, 10.237, 10.073, 10.512, 11.805, 11.881, 11.892, 12.531, 12.905, 10.413, 5.654, 3.588, 2.707, 1.284, 1.312, 1.323, 1.394, 1.249, 1.188, 1.169, 1.373, 1.51, 0.872, 0.0, 0.718, 0.984, 0.968, 1.062, 2.457, 2.999, 2.949, 2.957, 2.974, 3.147, 3.432, 3.51, 3.507, 3.585, 3.614, 3.769, 3.984, 4.861, 5.419, 4.625, 3.439, 3.011, 3.401, 3.962, 4.364, 4.023, 4.456, 4.219, 4.16, 4.002, 3.941, 4.103, 4.635, 4.682, 4.914, 5.032, 5.005, 5.323, 7.676, 8.367], [8.357, 8.293, 8.198, 7.949, 8.126, 7.628, 7.869, 8.305, 8.999, 11.196, 11.186, 10.896, 11.159, 10.732, 10.044, 10.313, 10.489, 10.541, 10.471, 10.75, 10.907, 11.049, 10.993, 10.548, 10.384, 10.82, 12.119, 12.195, 12.2, 12.843, 13.214, 10.727, 5.935, 3.812, 2.85, 1.211, 1.057, 1.322, 1.434, 1.351, 1.396, 1.37, 1.79, 1.605, 1.143, 0.718, 0.0, 0.87, 1.162, 1.328, 2.383, 2.918, 2.963, 2.962, 2.983, 3.1, 3.387, 3.538, 3.471, 3.499, 3.363, 3.54, 3.766, 4.68, 5.208, 4.375, 3.418, 3.079, 3.483, 4.06, 4.511, 4.121, 4.545, 4.308, 4.247, 4.091, 4.055, 4.175, 4.686, 4.735, 4.997, 5.025, 4.998, 5.258, 7.991, 8.682], [8.469, 8.372, 8.285, 8.008, 8.19, 7.663, 7.885, 8.297, 9.023, 11.227, 11.219, 10.921, 11.192, 10.756, 10.095, 10.365, 10.512, 10.587, 10.523, 10.774, 10.958, 11.077, 11.018, 10.581, 10.424, 10.863, 12.145, 12.224, 12.226, 12.881, 13.238, 10.759, 5.964, 3.84, 2.813, 1.231, 1.205, 1.281, 1.513, 1.355, 1.353, 1.483, 1.768, 1.792, 1.279, 0.984, 0.87, 0.0, 0.911, 1.155, 2.365, 3.005, 2.878, 3.016, 2.911, 3.141, 3.39, 3.488, 3.538, 3.527, 3.373, 3.616, 3.876, 4.66, 5.104, 4.357, 3.37, 2.937, 3.383, 3.975, 4.416, 4.038, 4.557, 4.271, 4.107, 3.974, 3.905, 3.994, 4.477, 4.478, 4.733, 4.908, 4.886, 5.283, 8.016, 8.706], [8.023, 8.0, 7.803, 7.545, 7.694, 7.159, 7.358, 7.765, 8.504, 10.69, 10.688, 10.397, 10.677, 10.247, 9.607, 9.868, 9.994, 10.058, 10.012, 10.28, 10.454, 10.567, 10.503, 10.072, 9.909, 10.336, 11.613, 11.692, 11.692, 12.344, 12.705, 10.228, 5.434, 3.299, 2.31, 0.998, 1.418, 1.327, 1.355, 1.196, 1.249, 1.364, 1.502, 1.754, 1.153, 0.968, 1.162, 0.911, 0.0, 0.759, 2.307, 2.879, 2.763, 2.917, 2.916, 3.037, 3.276, 3.441, 3.386, 3.566, 3.614, 3.88, 4.11, 4.93, 5.379, 4.686, 3.528, 2.803, 3.106, 3.66, 4.122, 3.766, 4.287, 4.015, 3.831, 3.7, 3.645, 3.651, 4.081, 4.138, 4.344, 4.549, 4.576, 4.968, 7.484, 8.174], [7.909, 7.818, 7.722, 7.454, 7.636, 7.108, 7.33, 7.731, 8.471, 10.671, 10.653, 10.369, 10.634, 10.207, 9.537, 9.808, 9.961, 10.013, 9.958, 10.223, 10.408, 10.528, 10.468, 10.021, 9.858, 10.295, 11.596, 11.672, 11.675, 12.32, 12.689, 10.204, 5.436, 3.287, 2.317, 1.178, 1.581, 1.277, 1.291, 1.135, 1.224, 1.439, 1.233, 1.528, 1.023, 1.062, 1.328, 1.155, 0.759, 0.0, 2.05, 2.689, 2.544, 2.828, 2.824, 3.059, 3.427, 3.535, 3.514, 3.743, 3.753, 3.956, 4.18, 5.027, 5.54, 4.834, 3.717, 2.722, 2.947, 3.493, 3.971, 3.63, 4.114, 3.871, 3.673, 3.521, 3.443, 3.488, 4.034, 4.079, 4.286, 4.49, 4.513, 5.035, 7.467, 8.157], [9.566, 9.478, 9.407, 9.142, 9.329, 8.838, 9.065, 9.493, 10.195, 12.395, 12.397, 12.094, 12.357, 11.913, 11.218, 11.506, 11.673, 11.73, 11.659, 11.933, 12.099, 12.253, 12.179, 11.744, 11.579, 12.011, 13.311, 13.382, 13.384, 14.027, 14.407, 11.911, 7.118, 4.947, 3.995, 2.575, 2.283, 1.96, 1.99, 2.338, 2.302, 2.599, 2.686, 2.103, 2.065, 2.457, 2.383, 2.365, 2.307, 2.05, 0.0, 0.932, 1.045, 1.326, 1.301, 1.519, 1.952, 1.997, 1.978, 2.163, 2.087, 2.186, 2.362, 3.266, 3.83, 3.081, 2.23, 1.77, 2.48, 3.18, 3.364, 3.251, 2.881, 2.827, 3.111, 2.384, 2.358, 3.006, 3.772, 3.861, 3.971, 4.268, 4.291, 5.967, 9.176, 9.882], [10.029, 10.018, 9.903, 9.661, 9.885, 9.381, 9.621, 10.051, 10.755, 12.872, 12.959, 12.566, 12.848, 12.411, 11.711, 12.018, 12.233, 12.281, 12.2, 12.476, 12.583, 12.727, 12.67, 12.238, 12.087, 12.495, 13.794, 13.894, 13.893, 14.528, 14.88, 12.401, 7.605, 5.386, 4.474, 3.12, 2.684, 2.343, 2.413, 2.863, 2.797, 3.053, 3.216, 2.545, 2.559, 2.999, 2.918, 3.005, 2.879, 2.689, 0.932, 0.0, 0.732, 0.865, 0.807, 0.95, 1.318, 1.349, 1.382, 1.614, 1.568, 1.606, 1.812, 2.728, 3.33, 2.528, 1.808, 1.97, 2.986, 3.527, 3.587, 3.59, 3.106, 3.069, 3.497, 2.488, 2.375, 3.462, 4.08, 4.251, 4.326, 4.62, 4.615, 6.525, 9.657, 10.356], [9.654, 9.63, 9.515, 9.28, 9.49, 8.987, 9.226, 9.657, 10.36, 12.446, 12.566, 12.17, 12.342, 11.966, 11.292, 11.639, 11.847, 11.889, 11.818, 12.081, 12.203, 12.294, 12.239, 11.845, 11.708, 12.087, 13.359, 13.507, 13.508, 14.143, 14.446, 11.934, 7.196, 4.953, 4.11, 3.023, 2.614, 2.227, 2.303, 2.728, 2.683, 2.916, 2.922, 2.408, 2.461, 2.949, 2.963, 2.878, 2.763, 2.544, 1.045, 0.732, 0.0, 0.697, 0.659, 1.024, 1.387, 1.398, 1.494, 1.781, 1.842, 2.011, 2.171, 3.03, 3.629, 2.918, 1.951, 1.79, 2.707, 3.277, 3.356, 3.368, 2.909, 2.84, 3.265, 2.291, 2.114, 3.179, 3.832, 3.928, 4.02, 4.425, 4.416, 6.129, 9.249, 9.878], [9.97, 9.962, 9.83, 9.588, 9.801, 9.302, 9.548, 9.968, 10.671, 12.756, 12.883, 12.485, 12.65, 12.289, 11.606, 11.938, 12.155, 12.206, 12.133, 12.403, 12.519, 12.618, 12.559, 12.171, 12.006, 12.385, 13.671, 13.82, 13.819, 14.455, 14.757, 12.247, 7.506, 5.272, 4.499, 3.196, 2.76, 2.504, 2.626, 3.054, 3.012, 3.177, 3.228, 2.624, 2.624, 2.957, 2.962, 3.016, 2.917, 2.828, 1.326, 0.865, 0.697, 0.0, 0.646, 0.807, 1.084, 1.126, 1.301, 1.585, 1.712, 1.851, 2.026, 2.832, 3.386, 2.672, 1.725, 1.743, 2.902, 3.461, 3.469, 3.441, 2.923, 2.957, 3.366, 2.325, 2.235, 3.409, 3.948, 4.106, 4.139, 4.456, 4.453, 6.439, 9.56, 10.191], [9.958, 9.92, 9.795, 9.561, 9.787, 9.28, 9.517, 9.948, 10.652, 12.737, 12.86, 12.461, 12.631, 12.257, 11.579, 11.926, 12.134, 12.182, 12.107, 12.372, 12.493, 12.585, 12.53, 12.139, 11.999, 12.382, 13.65, 13.8, 13.798, 14.44, 14.736, 12.229, 7.488, 5.265, 4.461, 3.178, 2.711, 2.505, 2.635, 3.107, 2.979, 3.16, 3.202, 2.61, 2.648, 2.974, 2.983, 2.911, 2.916, 2.824, 1.301, 0.807, 0.659, 0.646, 0.0, 0.751, 1.076, 1.133, 1.382, 1.596, 1.678, 1.844, 2.012, 2.805, 3.371, 2.701, 1.694, 1.71, 2.889, 3.462, 3.476, 3.506, 3.019, 2.97, 3.355, 2.394, 2.28, 3.394, 4.032, 4.18, 4.238, 4.533, 4.533, 6.419, 9.541, 10.169], [10.402, 10.387, 10.269, 10.037, 10.236, 9.725, 9.972, 10.39, 11.093, 13.177, 13.292, 12.896, 13.063, 12.699, 12.041, 12.354, 12.579, 12.616, 12.552, 12.807, 12.943, 13.031, 12.972, 12.569, 12.424, 12.807, 14.092, 14.24, 14.24, 14.875, 15.178, 12.666, 7.929, 5.681, 4.791, 3.182, 2.864, 2.666, 2.85, 3.318, 3.202, 3.387, 3.575, 2.909, 2.918, 3.147, 3.1, 3.141, 3.037, 3.059, 1.519, 0.95, 1.024, 0.807, 0.751, 0.0, 0.7, 0.932, 1.278, 1.533, 1.49, 1.662, 1.751, 2.469, 2.97, 2.411, 1.57, 2.075, 3.216, 3.828, 3.818, 3.797, 3.266, 3.248, 3.689, 2.676, 2.637, 3.798, 4.395, 4.559, 4.591, 4.789, 4.809, 6.861, 9.983, 10.611], [10.802, 10.809, 10.677, 10.442, 10.645, 10.137, 10.381, 10.807, 11.509, 13.603, 13.731, 13.318, 13.49, 13.126, 12.455, 12.783, 12.988, 13.051, 12.971, 13.237, 13.352, 13.452, 13.396, 13.01, 12.855, 13.24, 14.507, 14.656, 14.655, 15.296, 15.593, 13.085, 8.345, 6.09, 5.142, 3.555, 3.171, 3.049, 3.175, 3.647, 3.556, 3.756, 4.023, 3.209, 3.252, 3.432, 3.387, 3.39, 3.276, 3.427, 1.952, 1.318, 1.387, 1.084, 1.076, 0.7, 0.0, 0.662, 0.931, 1.175, 1.147, 1.39, 1.445, 2.067, 2.557, 2.015, 1.339, 2.287, 3.579, 4.212, 4.075, 4.167, 3.471, 3.536, 3.939, 2.882, 2.991, 4.178, 4.749, 4.935, 4.889, 5.031, 5.114, 7.277, 10.399, 11.027], [10.816, 10.782, 10.668, 10.433, 10.673, 10.162, 10.409, 10.839, 11.541, 13.622, 13.729, 13.346, 13.518, 13.158, 12.464, 12.809, 13.029, 13.057, 12.984, 13.256, 13.381, 13.468, 13.426, 13.017, 12.877, 13.262, 14.552, 14.701, 14.701, 15.337, 15.635, 13.129, 8.392, 6.169, 5.223, 3.702, 3.288, 3.158, 3.315, 3.741, 3.628, 3.814, 3.972, 3.214, 3.284, 3.51, 3.538, 3.488, 3.441, 3.535, 1.997, 1.349, 1.398, 1.126, 1.133, 0.932, 0.662, 0.0, 0.71, 1.051, 1.248, 1.397, 1.48, 2.056, 2.621, 1.993, 1.304, 2.143, 3.532, 4.208, 4.114, 4.173, 3.359, 3.407, 3.859, 2.78, 2.985, 4.156, 4.782, 4.974, 4.915, 5.035, 5.113, 7.316, 10.445, 11.073], [10.733, 10.738, 10.586, 10.347, 10.58, 10.083, 10.317, 10.757, 11.45, 13.551, 13.678, 13.252, 13.484, 13.065, 12.376, 12.736, 12.937, 12.979, 12.894, 13.172, 13.292, 13.376, 13.333, 12.931, 12.8, 13.179, 14.459, 14.608, 14.609, 15.247, 15.542, 13.059, 8.301, 6.051, 5.167, 3.833, 3.403, 3.188, 3.244, 3.601, 3.582, 3.781, 4.001, 3.182, 3.224, 3.507, 3.471, 3.538, 3.386, 3.514, 1.978, 1.382, 1.494, 1.301, 1.382, 1.278, 0.931, 0.71, 0.0, 0.755, 1.009, 1.324, 1.391, 2.064, 2.601, 1.883, 1.28, 2.002, 3.455, 4.113, 3.992, 4.081, 3.183, 3.263, 3.701, 2.626, 2.895, 4.063, 4.695, 4.882, 4.836, 4.905, 5.037, 7.224, 10.356, 11.008], [11.062, 10.995, 10.917, 10.682, 10.89, 10.446, 10.675, 11.116, 11.809, 13.791, 14.043, 13.574, 13.773, 13.345, 12.676, 12.98, 13.25, 13.271, 13.184, 13.445, 13.573, 13.725, 13.62, 13.175, 13.055, 13.436, 14.774, 14.892, 14.893, 15.53, 15.805, 13.332, 8.569, 6.353, 5.505, 4.095, 3.524, 3.489, 3.621, 3.933, 3.845, 4.024, 4.251, 3.431, 3.424, 3.585, 3.499, 3.527, 3.566, 3.743, 2.163, 1.614, 1.781, 1.585, 1.596, 1.533, 1.175, 1.051, 0.755, 0.0, 0.618, 0.993, 1.086, 1.736, 2.203, 1.738, 1.203, 2.221, 3.728, 4.416, 4.265, 4.345, 3.467, 3.566, 3.943, 2.845, 3.159, 4.428, 4.983, 5.203, 5.193, 5.262, 5.394, 7.557, 10.582, 11.287], [11.206, 11.133, 11.049, 10.813, 11.012, 10.569, 10.797, 11.238, 11.932, 13.943, 14.169, 13.7, 13.919, 13.489, 12.822, 13.111, 13.381, 13.396, 13.309, 13.569, 13.696, 13.871, 13.764, 13.307, 13.178, 13.58, 14.918, 15.015, 15.014, 15.648, 15.958, 13.484, 8.711, 6.471, 5.575, 4.004, 3.417, 3.41, 3.522, 3.855, 3.798, 4.054, 4.384, 3.544, 3.507, 3.614, 3.363, 3.373, 3.614, 3.753, 2.087, 1.568, 1.842, 1.712, 1.678, 1.49, 1.147, 1.248, 1.009, 0.618, 0.0, 0.685, 0.857, 1.608, 2.085, 1.597, 1.333, 2.496, 3.9, 4.564, 4.413, 4.492, 3.694, 3.808, 4.162, 3.07, 3.309, 4.56, 5.105, 5.324, 5.314, 5.401, 5.525, 7.683, 10.733, 11.438], [11.422, 11.346, 11.256, 11.017, 11.201, 10.773, 10.993, 11.419, 12.11, 14.136, 14.363, 13.915, 14.127, 13.701, 13.041, 13.298, 13.562, 13.591, 13.508, 13.764, 13.908, 14.089, 13.977, 13.495, 13.37, 13.786, 15.105, 15.176, 15.186, 15.82, 16.138, 13.665, 8.9, 6.666, 5.754, 4.118, 3.543, 3.533, 3.618, 4.011, 3.955, 4.29, 4.606, 3.786, 3.706, 3.769, 3.54, 3.616, 3.88, 3.956, 2.186, 1.606, 2.011, 1.851, 1.844, 1.662, 1.39, 1.397, 1.324, 0.993, 0.685, 0.0, 0.714, 1.481, 1.833, 1.359, 1.56, 2.793, 4.159, 4.808, 4.662, 4.759, 3.952, 4.085, 4.411, 3.317, 3.531, 4.776, 5.296, 5.515, 5.515, 5.641, 5.754, 7.858, 10.919, 11.621], [11.623, 11.558, 11.459, 11.224, 11.415, 10.979, 11.205, 11.638, 12.33, 14.314, 14.575, 14.102, 14.294, 13.862, 13.201, 13.514, 13.778, 13.803, 13.719, 13.975, 14.104, 14.248, 14.137, 13.716, 13.584, 13.954, 15.277, 15.4, 15.399, 16.031, 16.316, 13.848, 9.078, 6.814, 5.916, 4.325, 3.728, 3.732, 3.764, 4.166, 4.15, 4.507, 4.811, 3.97, 3.881, 3.984, 3.766, 3.876, 4.11, 4.18, 2.362, 1.812, 2.171, 2.026, 2.012, 1.751, 1.445, 1.48, 1.391, 1.086, 0.857, 0.714, 0.0, 1.121, 1.626, 1.261, 1.467, 2.842, 4.343, 4.994, 4.865, 4.941, 4.081, 4.147, 4.508, 3.443, 3.719, 4.974, 5.508, 5.727, 5.741, 5.805, 5.94, 8.08, 11.108, 11.805], [12.556, 12.491, 12.406, 12.169, 12.352, 11.916, 12.137, 12.563, 13.261, 15.235, 15.505, 15.033, 15.172, 14.774, 14.138, 14.444, 14.704, 14.733, 14.653, 14.906, 15.035, 15.171, 15.062, 14.643, 14.514, 14.882, 16.183, 16.32, 16.318, 16.954, 17.211, 14.718, 10.003, 7.696, 6.826, 5.129, 4.568, 4.605, 4.686, 5.128, 5.089, 5.439, 5.748, 4.878, 4.773, 4.861, 4.68, 4.66, 4.93, 5.027, 3.266, 2.728, 3.03, 2.832, 2.805, 2.469, 2.067, 2.056, 2.064, 1.736, 1.608, 1.481, 1.121, 0.0, 0.75, 1.072, 1.847, 3.674, 5.227, 5.909, 5.773, 5.846, 4.976, 5.062, 5.434, 4.322, 4.65, 5.918, 6.438, 6.667, 6.649, 6.711, 6.854, 9.001, 12.031, 12.674], [13.055, 13.003, 12.898, 12.66, 12.837, 12.399, 12.617, 13.043, 13.732, 15.68, 15.968, 15.496, 15.626, 15.238, 14.624, 14.922, 15.168, 15.207, 15.135, 15.375, 15.51, 15.641, 15.524, 15.1, 14.974, 15.331, 16.616, 16.75, 16.761, 17.389, 17.617, 15.136, 10.445, 8.148, 7.295, 5.62, 5.166, 5.209, 5.255, 5.705, 5.65, 6.042, 6.311, 5.478, 5.376, 5.419, 5.208, 5.104, 5.379, 5.54, 3.83, 3.33, 3.629, 3.386, 3.371, 2.97, 2.557, 2.621, 2.601, 2.203, 2.085, 1