[[0.0, 2.817, 8.66, 13.573, 16.215, 25.843, 32.163, 34.554, 35.99, 37.946, 38.262, 41.648, 50.216, 53.345, 53.634, 54.442, 56.888, 58.165, 58.475, 58.342, 58.409, 58.416, 58.552, 61.162, 63.556, 63.312, 61.725, 61.027, 61.763, 64.807, 66.48, 66.411, 66.789, 67.286, 67.344, 68.381, 68.926, 68.529, 67.969, 66.544, 65.743, 65.987, 65.916, 65.309, 65.149, 65.394, 65.683, 65.37, 64.426, 64.494, 64.964, 64.557, 64.359, 64.381, 65.343, 66.187, 66.643, 66.782, 66.877, 67.6, 68.473, 69.549, 69.898, 68.918, 69.929, 72.424, 74.437, 74.765, 74.142, 71.812, 69.471, 69.591, 70.513, 70.849, 71.276, 71.931, 72.144, 72.059, 71.271, 69.745, 68.604, 67.956, 67.488, 66.374, 66.423, 66.681], [2.817, 0.0, 6.924, 12.378, 15.134, 25.111, 31.672, 34.16, 35.542, 37.43, 37.766, 41.271, 49.886, 52.941, 53.124, 53.859, 56.312, 57.591, 57.88, 57.711, 57.776, 57.803, 57.935, 60.509, 62.81, 62.517, 60.923, 60.223, 60.986, 64.032, 65.69, 65.612, 65.979, 66.475, 66.548, 67.613, 68.19, 67.805, 67.24, 65.795, 64.969, 65.203, 65.151, 64.554, 64.399, 64.65, 64.969, 64.686, 63.778, 63.875, 64.341, 63.93, 63.749, 63.816, 64.821, 65.687, 66.14, 66.277, 66.371, 67.089, 67.965, 69.061, 69.425, 68.457, 69.463, 71.913, 73.887, 74.222, 73.624, 71.32, 68.982, 69.088, 69.99, 70.285, 70.669, 71.316, 71.53, 71.437, 70.64, 69.113, 67.986, 67.358, 66.912, 65.819, 65.881, 66.156], [8.66, 6.924, 0.0, 6.891, 10.66, 21.935, 29.924, 33.21, 34.699, 36.101, 36.391, 39.763, 48.214, 51.206, 51.463, 52.306, 54.834, 56.131, 56.42, 56.238, 56.247, 56.235, 56.261, 58.749, 61.139, 61.086, 59.603, 58.809, 59.481, 62.475, 64.136, 64.037, 64.388, 64.828, 64.777, 65.859, 66.637, 66.339, 65.785, 64.402, 63.475, 63.664, 63.674, 63.153, 62.987, 63.316, 63.806, 63.536, 62.536, 62.509, 62.969, 62.604, 62.482, 62.676, 63.858, 64.749, 65.196, 65.392, 65.493, 66.137, 66.987, 68.108, 68.558, 67.712, 68.735, 71.045, 72.888, 73.275, 72.859, 70.696, 68.292, 68.312, 69.193, 69.36, 69.52, 70.147, 70.345, 70.217, 69.457, 68.005, 66.939, 66.35, 66.072, 65.197, 65.296, 65.498], [13.573, 12.378, 6.891, 0.0, 6.493, 20.308, 29.266, 33.08, 34.607, 35.901, 36.134, 39.306, 47.584, 50.629, 51.13, 52.272, 54.916, 56.225, 56.512, 56.356, 56.322, 56.325, 56.357, 58.811, 61.284, 61.402, 60.06, 59.22, 59.814, 62.799, 64.468, 64.366, 64.707, 65.095, 64.958, 66.095, 67.037, 66.814, 66.235, 64.879, 63.913, 64.049, 64.083, 63.571, 63.379, 63.706, 64.254, 64.068, 63.053, 62.878, 63.283, 62.964, 62.891, 63.131, 64.42, 65.378, 65.843, 66.079, 66.228, 66.848, 67.647, 68.726, 69.237, 68.546, 69.631, 71.862, 73.65, 74.076, 73.751, 71.604, 69.089, 69.058, 69.943, 70.033, 70.077, 70.748, 70.947, 70.795, 70.066, 68.692, 67.692, 67.085, 66.803, 66.041, 66.24, 66.371], [16.215, 15.134, 10.66, 6.493, 0.0, 16.144, 26.024, 30.223, 31.813, 33.067, 33.392, 36.561, 45.094, 48.377, 49.088, 50.271, 52.943, 54.36, 54.705, 54.552, 54.481, 54.489, 54.499, 57.045, 59.793, 60.117, 58.912, 58.075, 58.73, 61.864, 63.637, 63.554, 63.872, 64.251, 64.071, 65.151, 66.1, 65.88, 65.379, 64.194, 63.251, 63.41, 63.481, 63.037, 62.828, 63.269, 64.091, 64.035, 62.961, 62.647, 63.014, 62.661, 62.534, 62.717, 64.065, 65.088, 65.518, 65.757, 65.94, 66.556, 67.343, 68.431, 69.01, 68.435, 69.618, 71.894, 73.7, 74.136, 73.874, 71.825, 69.312, 69.225, 70.092, 70.165, 70.225, 70.951, 71.159, 70.98, 70.233, 68.864, 67.849, 67.187, 66.864, 66.134, 66.326, 66.365], [25.843, 25.111, 21.935, 20.308, 16.144, 0.0, 12.736, 19.297, 21.721, 22.591, 23.038, 25.755, 34.522, 38.576, 39.963, 41.197, 43.632, 45.299, 46.07, 46.185, 46.121, 46.045, 45.987, 48.917, 53.196, 54.775, 54.038, 53.159, 53.922, 57.686, 59.849, 59.801, 60.128, 60.572, 60.357, 61.242, 62.142, 61.989, 61.691, 61.438, 60.982, 61.322, 61.487, 61.397, 61.288, 62.303, 64.252, 64.376, 62.935, 62.143, 62.525, 62.181, 61.778, 61.75, 63.201, 64.224, 64.462, 64.66, 64.768, 65.234, 66.007, 67.09, 67.741, 67.279, 68.567, 71.015, 72.888, 73.283, 73.048, 71.197, 68.805, 68.587, 69.409, 69.534, 69.59, 70.271, 70.465, 70.123, 69.3, 67.939, 66.878, 66.231, 66.043, 65.503, 65.661, 65.564], [32.163, 31.672, 29.924, 29.266, 26.024, 12.736, 0.0, 8.887, 13.022, 15.135, 15.74, 19.569, 29.79, 34.236, 35.847, 37.203, 39.461, 41.042, 41.969, 42.32, 42.463, 42.482, 42.6, 45.904, 51.02, 53.211, 52.755, 52.037, 53.169, 57.702, 60.207, 60.215, 60.575, 61.158, 61.116, 61.963, 62.741, 62.61, 62.317, 62.492, 62.758, 63.5, 63.772, 63.825, 63.823, 65.055, 67.491, 67.806, 66.348, 65.39, 65.623, 65.231, 64.679, 64.458, 65.728, 66.631, 66.759, 66.921, 67.035, 67.472, 68.209, 69.186, 69.728, 69.168, 70.394, 72.957, 74.992, 75.37, 74.978, 73.096, 70.82, 70.603, 71.445, 71.741, 71.976, 72.603, 72.788, 72.4, 71.489, 70.033, 68.894, 68.204, 67.857, 67.132, 67.268, 67.227], [34.554, 34.16, 33.21, 33.08, 30.223, 19.297, 8.887, 0.0, 6.515, 10.926, 11.775, 16.957, 28.217, 32.6, 34.195, 35.706, 38.044, 39.541, 40.397, 40.781, 41.025, 41.156, 41.424, 44.873, 50.017, 52.257, 51.963, 51.429, 52.83, 57.659, 60.269, 60.303, 60.669, 61.312, 61.367, 62.188, 62.895, 62.759, 62.435, 62.631, 63.345, 64.509, 64.901, 64.983, 65.017, 66.224, 68.745, 69.2, 67.794, 66.838, 66.991, 66.576, 66.019, 65.685, 66.747, 67.554, 67.648, 67.801, 67.966, 68.43, 69.129, 70.024, 70.47, 69.856, 71.072, 73.681, 75.883, 76.332, 75.866, 73.968, 71.723, 71.493, 72.356, 72.803, 73.204, 73.796, 73.975, 73.61, 72.659, 71.134, 69.952, 69.256, 68.788, 67.859, 67.971, 68.023], [35.99, 35.542, 34.699, 34.607, 31.813, 21.721, 13.022, 6.515, 0.0, 7.014, 8.963, 14.528, 26.121, 30.376, 31.876, 33.614, 36.19, 37.713, 38.545, 38.837, 39.097, 39.257, 39.535, 42.959, 48.069, 50.363, 50.271, 49.913, 51.407, 56.319, 58.972, 59.003, 59.361, 59.987, 59.954, 60.683, 61.413, 61.31, 60.969, 61.169, 62.064, 63.437, 64.0, 64.153, 64.187, 65.463, 68.202, 68.844, 67.504, 66.439, 66.447, 65.993, 65.448, 65.059, 65.959, 66.677, 66.741, 66.923, 67.133, 67.596, 68.258, 69.12, 69.538, 68.932, 70.143, 72.676, 74.918, 75.507, 75.157, 73.333, 71.05, 70.761, 71.628, 72.142, 72.649, 73.26, 73.419, 73.071, 72.11, 70.576, 69.359, 68.604, 68.03, 66.992, 67.096, 67.221], [37.946, 37.43, 36.101, 35.901, 33.067, 22.591, 15.135, 10.926, 7.014, 0.0, 4.531, 10.586, 22.308, 26.786, 28.587, 30.568, 33.291, 34.913, 35.877, 36.082, 36.095, 36.058, 36.103, 39.6, 45.356, 48.195, 48.337, 47.914, 49.337, 54.395, 57.21, 57.261, 57.608, 58.209, 58.055, 58.712, 59.55, 59.494, 59.181, 59.518, 60.413, 61.835, 62.517, 62.924, 63.005, 64.477, 67.644, 68.441, 67.064, 65.856, 65.83, 65.387, 64.808, 64.365, 65.24, 65.881, 65.92, 66.172, 66.414, 66.829, 67.47, 68.349, 68.807, 68.236, 69.412, 71.851, 74.046, 74.688, 74.483, 72.782, 70.473, 70.148, 71.023, 71.516, 71.989, 72.624, 72.756, 72.379, 71.432, 69.882, 68.608, 67.75, 67.142, 66.058, 65.996, 66.024], [38.262, 37.766, 36.391, 36.134, 33.392, 23.038, 15.74, 11.775, 8.963, 4.531, 0.0, 9.758, 22.152, 26.586, 28.473, 30.498, 33.087, 34.603, 35.591, 35.828, 35.807, 35.776, 35.881, 39.627, 45.621, 48.553, 48.736, 48.313, 49.807, 54.955, 57.818, 57.913, 58.267, 58.872, 58.779, 59.53, 60.385, 60.312, 60.009, 60.361, 61.241, 62.644, 63.285, 63.712, 63.855, 65.322, 68.442, 69.224, 67.864, 66.696, 66.73, 66.333, 65.761, 65.322, 66.271, 66.991, 67.055, 67.284, 67.514, 67.923, 68.566, 69.422, 69.866, 69.31, 70.487, 72.96, 75.18, 75.794, 75.548, 73.794, 71.491, 71.201, 72.088, 72.595, 73.08, 73.709, 73.845, 73.466, 72.518, 70.961, 69.688, 68.836, 68.231, 67.129, 67.026, 67.044], [41.648, 41.271, 39.763, 39.306, 36.561, 25.755, 19.569, 16.957, 14.528, 10.586, 9.758, 0.0, 14.07, 19.947, 23.099, 26.486, 29.779, 31.577, 32.901, 33.349, 33.159, 32.877, 32.748, 36.335, 43.038, 46.679, 47.202, 46.707, 47.885, 53.109, 56.173, 56.31, 56.657, 57.166, 56.736, 57.257, 58.253, 58.266, 58.051, 58.735, 59.796, 61.337, 62.111, 62.685, 62.822, 64.685, 68.46, 69.464, 68.029, 66.527, 66.448, 66.077, 65.478, 64.927, 65.871, 66.605, 66.679, 67.001, 67.308, 67.672, 68.245, 69.041, 69.587, 69.287, 70.536, 72.879, 75.026, 75.705, 75.623, 74.021, 71.655, 71.281, 72.172, 72.691, 73.17, 73.846, 73.974, 73.558, 72.632, 71.168, 69.939, 68.994, 68.301, 67.234, 67.181, 67.205], [50.216, 49.886, 48.214, 47.584, 45.094, 34.522, 29.79, 28.217, 26.121, 22.308, 22.152, 14.07, 0.0, 9.023, 15.597, 21.67, 26.005, 27.979, 29.585, 30.218, 29.615, 28.906, 28.599, 31.64, 39.128, 43.939, 45.207, 44.78, 45.504, 50.701, 53.933, 54.115, 54.414, 54.75, 53.956, 54.321, 55.642, 55.865, 55.771, 57.124, 58.729, 60.546, 61.537, 62.483, 62.655, 64.882, 69.762, 71.345, 70.031, 68.226, 67.954, 67.714, 67.18, 66.499, 67.23, 67.848, 67.904, 68.33, 68.805, 69.094, 69.52, 70.104, 70.664, 70.77, 72.066, 74.074, 76.136, 77.006, 77.148, 75.763, 73.311, 72.767, 73.638, 74.214, 74.699, 75.396, 75.515, 75.056, 74.187, 72.942, 71.834, 70.843, 70.044, 68.907, 68.879, 68.998], [53.345, 52.941, 51.206, 50.629, 48.377, 38.576, 34.236, 32.6, 30.376, 26.786, 26.586, 19.947, 9.023, 0.0, 9.02, 17.952, 23.601, 25.418, 26.63, 27.203, 26.752, 26.295, 26.141, 29.042, 36.103, 40.994, 42.663, 42.391, 43.279, 48.576, 51.786, 51.995, 52.26, 52.52, 51.778, 52.379, 53.887, 54.17, 54.091, 55.593, 57.515, 59.52, 60.614, 61.663, 61.901, 64.078, 69.32, 71.383, 70.382, 68.634, 68.228, 68.058, 67.687, 67.042, 67.646, 68.277, 68.369, 68.719, 69.296, 69.618, 69.962, 70.385, 70.806, 71.055, 72.379, 74.226, 76.304, 77.325, 77.54, 76.167, 73.657, 73.054, 73.91, 74.519, 75.049, 75.745, 75.872, 75.401, 74.525, 73.412, 72.431, 71.477, 70.603, 69.365, 69.434, 69.797], [53.634, 53.124, 51.463, 51.13, 49.088, 39.963, 35.847, 34.195, 31.876, 28.587, 28.473, 23.099, 15.597, 9.02, 0.0, 11.561, 18.905, 20.826, 21.602, 21.901, 22.057, 22.416, 22.697, 25.595, 31.581, 35.62, 37.321, 37.254, 38.652, 44.181, 47.224, 47.434, 47.739, 48.095, 47.706, 48.66, 50.085, 50.316, 50.209, 51.668, 53.753, 55.793, 56.836, 57.882, 58.223, 60.307, 65.563, 67.941, 67.395, 66.022, 65.676, 65.558, 65.326, 64.799, 65.405, 66.245, 66.369, 66.463, 67.051, 67.495, 67.813, 68.188, 68.422, 68.662, 70.053, 71.875, 74.002, 75.06, 75.227, 73.776, 71.292, 70.694, 71.507, 72.106, 72.688, 73.391, 73.543, 73.047, 72.075, 71.007, 70.169, 69.28, 68.358, 67.081, 67.307, 67.881], [54.442, 53.859, 52.306, 52.272, 50.271, 41.197, 37.203, 35.706, 33.614, 30.568, 30.498, 26.486, 21.67, 17.952, 11.561, 0.0, 9.018, 12.476, 13.853, 14.063, 14.714, 15.988, 16.91, 20.283, 26.671, 30.456, 31.81, 31.763, 33.77, 39.647, 42.466, 42.593, 42.975, 43.569, 43.723, 44.777, 45.678, 45.75, 45.717, 47.213, 49.154, 51.006, 51.914, 53.005, 53.475, 55.632, 60.914, 63.298, 63.004, 62.244, 62.254, 62.205, 61.972, 61.505, 62.228, 63.331, 63.373, 63.158, 63.595, 64.066, 64.446, 64.924, 65.063, 65.174, 66.586, 68.432, 70.513, 71.402, 71.453, 70.062, 67.808, 67.23, 67.913, 68.419, 68.984, 69.701, 69.884, 69.325, 68.245, 67.184, 66.449, 65.647, 64.838, 63.768, 64.127, 64.703], [56.888, 56.312, 54.834, 54.916, 52.943, 43.632, 39.461, 38.044, 36.19, 33.291, 33.087, 29.779, 26.005, 23.601, 18.905, 9.018, 0.0, 5.729, 8.85, 10.085, 11.337, 13.092, 14.507, 17.943, 25.037, 29.357, 30.808, 30.727, 32.753, 38.586, 41.348, 41.493, 41.908, 42.626, 43.075, 44.11, 44.699, 44.695, 44.76, 46.565, 48.55, 50.321, 51.144, 52.309, 52.866, 55.033, 60.252, 62.503, 62.149, 61.566, 61.858, 61.956, 61.713, 61.157, 61.909, 63.118, 63.12, 62.782, 63.137, 63.534, 63.904, 64.378, 64.492, 64.638, 66.03, 67.864, 69.928, 70.712, 70.692, 69.352, 67.209, 66.612, 67.249, 67.745, 68.27, 68.944, 69.131, 68.534, 67.443, 66.466, 65.877, 65.182, 64.482, 63.621, 64.096, 64.646], [58.165, 57.591, 56.131, 56.225, 54.36, 45.299, 41.042, 39.541, 37.713, 34.913, 34.603, 31.577, 27.979, 25.418, 20.826, 12.476, 5.729, 0.0, 4.45, 6.979, 9.346, 11.84, 13.67, 16.75, 23.317, 27.924, 29.845, 29.982, 31.996, 37.631, 40.381, 40.588, 40.986, 41.682, 42.205, 43.371, 44.063, 44.115, 44.196, 46.163, 48.471, 50.447, 51.304, 52.498, 53.098, 55.14, 60.31, 62.639, 62.317, 61.665, 61.95, 62.224, 62.111, 61.525, 62.185, 63.382, 63.419, 63.045, 63.453, 63.823, 64.113, 64.448, 64.493, 64.805, 66.223, 68.004, 70.159, 71.04, 71.041, 69.68, 67.453, 66.797, 67.465, 68.043, 68.605, 69.236, 69.417, 68.842, 67.766, 66.881, 66.445, 65.831, 65.144, 64.317, 64.93, 65.599], [58.475, 57.88, 56.42, 56.512, 54.705, 46.07, 41.969, 40.397, 38.545, 35.877, 35.591, 32.901, 29.585, 26.63, 21.602, 13.853, 8.85, 4.45, 0.0, 3.906, 7.697, 11.176, 13.477, 16.247, 21.851, 26.272, 28.46, 28.794, 31.076, 36.671, 39.325, 39.549, 39.933, 40.604, 41.229, 42.57, 43.349, 43.429, 43.487, 45.452, 47.987, 50.15, 51.047, 52.23, 52.843, 54.733, 59.829, 62.282, 62.07, 61.424, 61.634, 61.976, 62.018, 61.482, 62.081, 63.263, 63.32, 62.908, 63.375, 63.778, 64.016, 64.261, 64.222, 64.576, 66.001, 67.737, 69.969, 70.937, 70.93, 69.515, 67.218, 66.529, 67.215, 67.835, 68.428, 69.046, 69.233, 68.668, 67.588, 66.729, 66.366, 65.82, 65.138, 64.295, 64.997, 65.766], [58.342, 57.711, 56.238, 56.356, 54.552, 46.185, 42.32, 40.781, 38.837, 36.082, 35.828, 33.349, 30.218, 27.203, 21.901, 14.063, 10.085, 6.979, 3.906, 0.0, 5.421, 9.867, 12.446, 15.287, 20.717, 24.99, 27.137, 27.528, 30.048, 35.826, 38.458, 38.642, 39.009, 39.682, 40.366, 41.787, 42.593, 42.652, 42.696, 44.575, 47.103, 49.303, 50.233, 51.467, 52.108, 54.012, 59.133, 61.613, 61.508, 60.937, 61.116, 61.425, 61.491, 61.064, 61.726, 62.925, 63.0, 62.587, 63.038, 63.461, 63.717, 63.988, 63.953, 64.254, 65.649, 67.35, 69.559, 70.543, 70.538, 69.096, 66.811, 66.143, 66.814, 67.406, 68.003, 68.636, 68.833, 68.272, 67.166, 66.264, 65.862, 65.287, 64.568, 63.626, 64.235, 64.996], [58.409, 57.776, 56.247, 56.322, 54.481, 46.121, 42.463, 41.025, 39.097, 36.095, 35.807, 33.159, 29.615, 26.752, 22.057, 14.714, 11.337, 9.346, 7.697, 5.421, 0.0, 5.598, 9.121, 12.568, 19.671, 24.92, 26.983, 27.133, 29.465, 35.524, 38.385, 38.551, 38.859, 39.416, 39.915, 41.32, 42.279, 42.304, 42.344, 44.174, 46.55, 48.747, 49.803, 51.14, 51.771, 53.799, 59.204, 61.75, 61.544, 60.853, 60.99, 61.282, 61.267, 60.827, 61.593, 62.702, 62.741, 62.491, 62.981, 63.369, 63.665, 63.974, 64.068, 64.439, 65.848, 67.487, 69.628, 70.617, 70.661, 69.228, 66.889, 66.248, 66.917, 67.469, 68.066, 68.761, 68.956, 68.387, 67.292, 66.327, 65.781, 65.075, 64.288, 63.257, 63.643, 64.233], [58.416, 57.803, 56.235, 56.325, 54.489, 46.045, 42.482, 41.156, 39.257, 36.058, 35.776, 32.877, 28.906, 26.295, 22.416, 15.988, 13.092, 11.84, 11.176, 9.867, 5.598, 0.0, 4.765, 9.756, 19.206, 25.44, 27.421, 27.418, 29.465, 35.724, 38.807, 38.936, 39.225, 39.678, 39.83, 41.022, 42.105, 42.136, 42.142, 43.919, 46.208, 48.443, 49.614, 51.023, 51.64, 53.818, 59.48, 62.04, 61.679, 60.813, 60.89, 61.135, 61.022, 60.486, 61.229, 62.287, 62.328, 62.239, 62.745, 63.083, 63.408, 63.754, 63.948, 64.295, 65.667, 67.272, 69.365, 70.395, 70.546, 69.216, 66.85, 66.192, 66.871, 67.422, 68.02, 68.74, 68.927, 68.367, 67.287, 66.247, 65.565, 64.762, 63.959, 62.91, 63.149, 63.608], [58.552, 57.935, 56.261, 56.357, 54.499, 45.987, 42.6, 41.424, 39.535, 36.103, 35.881, 32.748, 28.599, 26.141, 22.697, 16.91, 14.507, 13.67, 13.477, 12.446, 9.121, 4.765, 0.0, 7.342, 18.761, 25.557, 27.486, 27.405, 29.382, 35.827, 39.027, 39.065, 39.36, 39.81, 39.662, 40.534, 41.649, 41.733, 41.741, 43.463, 45.642, 47.924, 49.183, 50.672, 51.274, 53.642, 59.493, 62.01, 61.544, 60.607, 60.682, 60.867, 60.672, 60.083, 60.786, 61.81, 61.905, 61.909, 62.388, 62.678, 63.011, 63.413, 63.663, 63.914, 65.221, 66.788, 68.783, 69.824, 70.119, 68.955, 66.64, 65.952, 66.615, 67.121, 67.641, 68.342, 68.509, 67.951, 66.889, 65.801, 65.057, 64.188, 63.39, 62.361, 62.519, 62.94], [61.162, 60.509, 58.749, 58.811, 57.045, 48.917, 45.904, 44.873, 42.959, 39.6, 39.627, 36.335, 31.64, 29.042, 25.595, 20.283, 17.943, 16.75, 16.247, 15.287, 12.568, 9.756, 7.342, 0.0, 13.523, 22.005, 24.525, 24.61, 26.117, 32.398, 35.7, 35.738, 36.0, 36.393, 36.017, 36.695, 38.006, 38.238, 38.305, 40.33, 42.886, 45.433, 46.88, 48.556, 49.171, 51.703, 58.054, 60.843, 60.426, 59.377, 59.427, 59.729, 59.567, 58.818, 59.357, 60.365, 60.479, 60.514, 61.111, 61.367, 61.587, 61.864, 62.135, 62.744, 64.16, 65.386, 67.16, 68.302, 68.82, 67.827, 65.433, 64.605, 65.2, 65.646, 66.082, 66.785, 66.95, 66.377, 65.316, 64.348, 63.744, 62.867, 62.071, 61.157, 61.479, 61.998], [63.556, 62.81, 61.139, 61.284, 59.793, 53.196, 51.02, 50.017, 48.069, 45.356, 45.621, 43.038, 39.128, 36.103, 31.581, 26.671, 25.037, 23.317, 21.851, 20.717, 19.671, 19.206, 18.761, 13.523, 0.0, 10.842, 15.356, 16.59, 17.709, 23.018, 26.305, 26.575, 26.789, 27.207, 27.211, 28.399, 29.989, 30.386, 30.508, 32.905, 36.629, 39.779, 41.299, 43.005, 43.67, 45.832, 52.456, 56.042, 56.181, 55.219, 55.139, 55.696, 55.846, 54.948, 55.276, 56.725, 57.094, 56.83, 57.789, 58.264, 58.258, 58.098, 58.11, 59.52, 61.294, 62.052, 63.666, 65.01, 65.674, 64.658, 62.051, 61.081, 61.61, 62.088, 62.613, 63.339, 63.557, 63.016, 61.887, 61.211, 61.047, 60.329, 59.504, 58.717, 59.651, 60.645], [63.312, 62.517, 61.086, 61.402, 60.117, 54.775, 53.211, 52.257, 50.363, 48.195, 48.553, 46.679, 43.939, 40.994, 35.62, 30.456, 29.357, 27.924, 26.272, 24.99, 24.92, 25.44, 25.557, 22.005, 10.842, 0.0, 6.918, 10.266, 13.499, 19.296, 22.201, 22.504, 22.86, 23.62, 24.478, 26.219, 27.325, 27.534, 27.568, 29.537, 33.501, 36.671, 37.943, 39.4, 40.073, 41.711, 47.986, 52.022, 52.877, 52.574, 52.551, 53.062, 53.425, 52.674, 52.997, 54.875, 55.465, 54.835, 55.863, 56.697, 56.681, 56.36, 56.01, 57.302, 59.176, 60.046, 61.691, 62.919, 63.385, 62.179, 59.653, 58.844, 59.39, 59.892, 60.563, 61.305, 61.574, 61.075, 59.877, 59.365, 59.429, 58.766, 57.753, 56.788, 58.048, 59.425], [61.725, 60.923, 59.603, 60.06, 58.912, 54.038, 52.755, 51.963, 50.271, 48.337, 48.736, 47.202, 45.207, 42.663, 37.321, 31.81, 30.808, 29.845, 28.46, 27.137, 26.983, 27.421, 27.486, 24.525, 15.356, 6.918, 0.0, 5.276, 11.124, 18.825, 22.076, 22.253, 22.686, 23.627, 24.682, 26.37, 27.042, 26.971, 26.947, 28.307, 31.693, 34.632, 35.806, 37.148, 37.804, 39.485, 45.739, 49.66, 50.615, 50.74, 50.872, 51.251, 51.523, 50.903, 51.378, 53.314, 53.914, 53.226, 54.116, 55.061, 55.239, 55.045, 54.64, 55.561, 57.387, 58.496, 60.087, 61.051, 61.263, 59.869, 57.447, 56.831, 57.401, 57.853, 58.541, 59.301, 59.607, 59.097, 57.876, 57.325, 57.289, 56.571, 55.476, 54.371, 55.574, 56.995], [61.027, 60.223, 58.809, 59.22, 58.075, 53.159, 52.037, 51.429, 49.913, 47.914, 48.313, 46.707, 44.78, 42.391, 37.254, 31.763, 30.727, 29.982, 28.794, 27.528, 27.133, 27.418, 27.405, 24.61, 16.59, 10.266, 5.276, 0.0, 8.222, 17.696, 21.496, 21.702, 22.14, 23.081, 24.096, 25.819, 26.516, 26.299, 26.234, 27.533, 30.46, 33.207, 34.417, 35.848, 36.501, 38.375, 44.882, 48.744, 49.54, 49.574, 49.721, 50.044, 50.235, 49.676, 50.425, 52.417, 52.998, 52.353, 53.188, 54.108, 54.409, 54.385, 54.094, 54.971, 56.818, 58.009, 59.487, 60.266, 60.365, 58.859, 56.403, 55.882, 56.49, 56.852, 57.453, 58.265, 58.59, 58.028, 56.805, 56.228, 56.125, 55.332, 54.217, 53.118, 54.276, 55.626], [61.763, 60.986, 59.481, 59.814, 58.73, 53.922, 53.169, 52.83, 51.407, 49.337, 49.807, 47.885, 45.504, 43.279, 38.652, 33.77, 32.753, 31.996, 31.076, 30.048, 29.465, 29.465, 29.382, 26.117, 17.709, 13.499, 11.124, 8.222, 0.0, 11.374, 16.51, 16.977, 17.359, 18.213, 19.052, 21.029, 22.196, 22.028, 21.937, 23.715, 26.921, 29.706, 31.014, 32.7, 33.33, 35.527, 42.826, 46.881, 47.358, 46.703, 46.696, 47.204, 47.392, 46.667, 47.557, 49.791, 50.451, 49.823, 50.708, 51.5, 51.656, 51.492, 51.5, 53.158, 55.245, 56.089, 57.281, 58.104, 58.391, 56.895, 54.16, 53.517, 54.113, 54.43, 54.96, 55.852, 56.201, 55.61, 54.43, 53.991, 54.027, 53.222, 52.273, 51.581, 53.035, 54.39], [64.807, 64.032, 62.475, 62.799, 61.864, 57.686, 57.702, 57.659, 56.319, 54.395, 54.955, 53.109, 50.701, 48.576, 44.181, 39.647, 38.586, 37.631, 36.671, 35.826, 35.524, 35.724, 35.827, 32.398, 23.018, 19.296, 18.825, 17.696, 11.374, 0.0, 6.564, 7.908, 8.088, 9.038, 11.095, 14.418, 15.915, 15.912, 15.985, 18.426, 22.393, 25.23, 26.337, 28.11, 28.76, 30.604, 38.21, 42.798, 43.414, 42.39, 42.353, 43.365, 43.858, 43.003, 43.864, 46.665, 47.474, 46.486, 47.514, 48.218, 48.12, 47.667, 47.769, 50.78, 53.332, 53.534, 54.458, 55.493, 56.154, 54.907, 51.963, 51.012, 51.406, 51.634, 52.102, 53.03, 53.424, 52.849, 51.674, 51.537, 52.04, 51.539, 51.073, 51.19, 53.205, 54.631], [66.48, 65.69, 64.136, 64.468, 63.637, 59.849, 60.207, 60.269, 58.972, 57.21, 57.818, 56.173, 53.933, 51.786, 47.224, 42.466, 41.348, 40.381, 39.325, 38.458, 38.385, 38.807, 39.027, 35.7, 26.305, 22.201, 22.076, 21.496, 16.51, 6.564, 0.0, 2.634, 3.563, 5.618, 9.648, 13.561, 14.584, 14.683, 14.674, 16.91, 20.974, 23.627, 24.42, 26.033, 26.776, 28.195, 35.504, 40.383, 41.436, 40.858, 41.083, 42.311, 43.02, 42.276, 43.097, 46.161, 46.99, 45.694, 46.693, 47.416, 47.288, 46.901, 46.855, 50.081, 52.767, 52.747, 53.579, 54.637, 55.408, 54.349, 51.525, 50.466, 50.696, 50.806, 51.195, 52.087, 52.511, 51.935, 50.707, 50.659, 51.379, 51.086, 50.874, 51.29, 53.473, 54.925], [66.411, 65.612, 64.037, 64.366, 63.554, 59.801, 60.215, 60.303, 59.003, 57.261, 57.913, 56.31, 54.115, 51.995, 47.434, 42.593, 41.493, 40.588, 39.549, 38.642, 38.551, 38.936, 39.065, 35.738, 26.575, 22.504, 22.253, 21.702, 16.977, 7.908, 2.634, 0.0, 2.475, 5.384, 9.471, 13.129, 13.948, 14.112, 13.986, 15.982, 19.991, 22.708, 23.542, 25.15, 25.91, 27.37, 34.687, 39.527, 40.612, 40.182, 40.492, 41.708, 42.415, 41.749, 42.623, 45.694, 46.508, 45.191, 46.123, 46.825, 46.722, 46.409, 46.354, 49.431, 52.08, 52.097, 52.925, 53.964, 54.761, 53.787, 51.032, 49.958, 50.153, 50.222, 50.564, 51.432, 51.854, 51.272, 50.038, 49.976, 50.695, 50.443, 50.323, 50.808, 52.982, 54.415], [66.789, 65.979, 64.388, 64.707, 63.872, 60.128, 60.575, 60.669, 59.361, 57.608, 58.267, 56.657, 54.414, 52.26, 47.739, 42.975, 41.908, 40.986, 39.933, 39.009, 38.859, 39.225, 39.36, 36.0, 26.789, 22.86, 22.686, 22.14, 17.359, 8.088, 3.563, 2.475, 0.0, 3.506, 8.415, 12.705, 13.88, 14.074, 14.026, 16.022, 20.014, 22.734, 23.626, 25.268, 26.007, 27.438, 34.868, 39.792, 40.839, 40.321, 40.544, 41.765, 42.486, 41.849, 42.771, 45.836, 46.646, 45.356, 46.324, 47.017, 46.907, 46.56, 46.562, 49.749, 52.41, 52.414, 53.272, 54.344, 55.15, 54.16, 51.363, 50.274, 50.469, 50.531, 50.862, 51.736, 52.158, 51.583, 50.345, 50.249, 50.941, 50.696, 50.566, 51.021, 53.181, 54.597], [67.286, 66.475, 64.828, 65.095, 64.251, 60.572, 61.158, 61.312, 59.987, 58.209, 58.872, 57.166, 54.75, 52.52, 48.095, 43.569, 42.626, 41.682, 40.604, 39.682, 39.416, 39.678, 39.81, 36.393, 27.207, 23.62, 23.627, 23.081, 18.213, 9.038, 5.618, 5.384, 3.506, 0.0, 5.96, 11.587, 13.79, 14.107, 14.158, 16.127, 19.997, 22.764, 23.839, 25.528, 26.228, 27.68, 35.391, 40.491, 41.471, 40.78, 40.896, 42.142, 42.908, 42.308, 43.272, 46.267, 47.072, 45.897, 46.929, 47.591, 47.482, 47.105, 47.201, 50.537, 53.219, 53.141, 53.988, 55.167, 56.064, 55.075, 52.187, 51.072, 51.278, 51.327, 51.642, 52.533, 52.95, 52.388, 51.173, 51.068, 51.688, 51.396, 51.229, 51.622, 53.708, 55.072], [67.344, 66.548, 64.777, 64.958, 64.071, 60.357, 61.116, 61.367, 59.954, 58.055, 58.779, 56.736, 53.956, 51.778, 47.706, 43.723, 43.075, 42.205, 41.229, 40.366, 39.915, 39.83, 39.662, 36.017, 27.211, 24.478, 24.682, 24.096, 19.052, 11.095, 9.648, 9.471, 8.415, 5.96, 0.0, 7.37, 11.903, 12.741, 12.833, 14.911, 18.761, 21.963, 23.613, 25.438, 26.006, 27.958, 36.278, 41.43, 42.112, 40.99, 40.967, 42.188, 42.91, 42.205, 43.08, 45.85, 46.653, 45.795, 46.917, 47.494, 47.395, 47.102, 47.39, 50.784, 53.467, 53.256, 53.984, 55.353, 56.626, 55.922, 52.945, 51.716, 51.928, 51.948, 52.219, 53.138, 53.514, 52.984, 51.857, 51.763, 52.255, 51.797, 51.598, 51.991, 53.881, 55.092], [68.381, 67.613, 65.859, 66.095, 65.151, 61.242, 61.963, 62.188, 60.683, 58.712, 59.53, 57.257, 54.321, 52.379, 48.66, 44.777, 44.11, 43.371, 42.57, 41.787, 41.32, 41.022, 40.534, 36.695, 28.399, 26.219, 26.37, 25.819, 21.029, 14.418, 13.561, 13.129, 12.705, 11.587, 7.37, 0.0, 6.595, 8.421, 8.669, 11.798, 16.59, 20.671, 22.927, 24.924, 25.385, 27.966, 36.66, 41.632, 41.959, 40.397, 40.226, 41.329, 41.857, 40.75, 41.158, 43.642, 44.368, 43.708, 44.875, 45.379, 45.264, 45.106, 45.435, 48.646, 51.232, 50.851, 51.444, 52.895, 54.546, 54.507, 51.767, 50.354, 50.481, 50.539, 50.879, 51.793, 52.115, 51.634, 50.593, 50.534, 50.95, 50.373, 50.277, 51.008, 52.918, 54.053], [68.926, 68.19, 66.637, 67.037, 66.1, 62.142, 62.741, 62.895, 61.413, 59.55, 60.385, 58.253, 55.642, 53.887, 50.085, 45.678, 44.699, 44.063, 43.349, 42.593, 42.279, 42.105, 41.649, 38.006, 29.989, 27.325, 27.042, 26.516, 22.196, 15.915, 14.584, 13.948, 13.88, 13.79, 11.903, 6.595, 0.0, 2.921, 3.977, 8.919, 14.773, 19.172, 21.323, 23.306, 23.83, 26.471, 35.037, 39.862, 40.227, 38.817, 38.642, 39.612, 39.985, 38.618, 38.698, 41.233, 41.914, 41.009, 42.062, 42.635, 42.543, 42.411, 42.507, 45.396, 47.884, 47.553, 48.199, 49.507, 51.028, 51.253, 48.932, 47.544, 47.568, 47.713, 48.262, 49.166, 49.485, 49.013, 47.939, 47.923, 48.378, 47.818, 47.79, 48.834, 51.051, 52.335], [68.529, 67.805, 66.339, 66.814, 65.88, 61.989, 62.61, 62.759, 61.31, 59.494, 60.312, 58.266, 55.865, 54.17, 50.316, 45.75, 44.695, 44.115, 43.429, 42.652, 42.304, 42.136, 41.733, 38.238, 30.386, 27.534, 26.971, 26.299, 22.028, 15.912, 14.683, 14.112, 14.074, 14.107, 12.741, 8.421, 2.921, 0.0, 2.736, 7.997, 13.711, 18.061, 20.147, 22.147, 22.717, 25.374, 34.049, 38.919, 39.35, 38.07, 37.918, 38.838, 39.165, 37.767, 37.877, 40.484, 41.178, 40.187, 41.187, 41.814, 41.797, 41.703, 41.752, 44.55, 47.046, 46.82, 47.503, 48.712, 50.091, 50.198, 47.959, 46.703, 46.737, 46.89, 47.526, 48.467, 48.798, 48.32, 47.215, 47.197, 47.638, 47.038, 46.95, 47.943, 50.156, 51.466], [67.969, 67.24, 65.785, 66.235, 65.379, 61.691, 62.317, 62.435, 60.969, 59.181, 60.009, 58.051, 55.771, 54.091, 50.209, 45.717, 44.76, 44.196, 43.487, 42.696, 42.344, 42.142, 41.741, 38.305, 30.508, 27.568, 26.947, 26.234, 21.937, 15.985, 14.674, 13.986, 14.026, 14.158, 12.833, 8.669, 3.977, 2.736, 0.0, 6.25, 12.792, 17.471, 19.624, 21.55, 22.129, 24.745, 33.365, 38.27, 38.738, 37.445, 37.267, 38.166, 38.507, 37.151, 37.314, 39.97, 40.673, 39.697, 40.695, 41.333, 41.329, 41.301, 41.36, 44.078, 46.57, 46.348, 47.043, 48.264, 49.653, 49.75, 47.468, 46.23, 46.309, 46.463, 47.093, 48.035, 48.372, 47.907, 46.792, 46.726, 47.143, 46.544, 46.471, 47.48, 49.714, 51.029], [66.544, 65.795, 64.402, 64.879, 64.194, 61.438, 62.492, 62.631, 61.169, 59.518, 60.361, 58.735, 57.124, 55.593, 51.668, 47.213, 46.565, 46.163, 45.452, 44.575, 44.174, 43.919, 43.463, 40.33, 32.905, 29.537, 28.307, 27.533, 23.715, 18.426, 16.91, 15.982, 16.022, 16.127, 14.911, 11.798, 8.919, 7.997, 6.25, 0.0, 8.153, 13.91, 16.472, 18.168, 18.755, 21.376, 30.123, 35.281, 35.999, 35.116, 35.046, 35.909, 36.294, 35.071, 35.339, 38.178, 38.967, 37.96, 38.91, 39.634, 39.745, 39.896, 39.978, 42.497, 45.005, 44.81, 45.426, 46.571, 48.025, 48.147, 45.883, 44.755, 44.816, 44.873, 45.523, 46.523, 46.882, 46.476, 45.318, 45.124, 45.45, 44.773, 44.684, 45.668, 47.848, 49.14], [65.743, 64.969, 63.475, 63.913, 63.251, 60.982, 62.758, 63.345, 62.064, 60.413, 61.241, 59.796, 58.729, 57.515, 53.753, 49.154, 48.55, 48.471, 47.987, 47.103, 46.55, 46.208, 45.642, 42.886, 36.629, 33.501, 31.693, 30.46, 26.921, 22.393, 20.974, 19.991, 20.014, 19.997, 18.761, 16.59, 14.773, 13.711, 12.792, 8.153, 0.0, 6.841, 10.437, 12.377, 13.011, 16.538, 26.213, 31.576, 32.489, 32.201, 32.584, 33.474, 33.826, 32.896, 33.779, 36.962, 37.802, 36.738, 37.476, 38.212, 38.569, 39.142, 39.442, 41.782, 44.329, 44.205, 44.448, 45.238, 46.804, 47.006, 44.848, 43.921, 43.853, 43.544, 44.069, 45.258, 45.648, 45.194, 44.028, 43.829, 44.091, 43.291, 43.3, 44.368, 46.221, 47.186], [65.987, 65.203, 63.664, 64.049, 63.41, 61.322, 63.5, 64.509, 63.437, 61.835, 62.644, 61.337, 60.546, 59.52, 55.793, 51.006, 50.321, 50.447, 50.15, 49.303, 48.747, 48.443, 47.924, 45.433, 39.779, 36.671, 34.632, 33.207, 29.706, 25.23, 23.627, 22.708, 22.734, 22.764, 21.963, 20.671, 19.172, 18.061, 17.471, 13.91, 6.841, 0.0, 4.58, 7.09, 7.845, 12.341, 22.778, 28.432, 29.789, 30.176, 31.053, 32.12, 32.55, 31.966, 33.452, 37.155, 38.055, 36.717, 37.245, 38.025, 38.514, 39.315, 39.686, 42.076, 44.702, 44.596, 44.53, 44.968, 46.477, 46.603, 44.537, 43.747, 43.539, 42.912, 43.303, 44.693, 45.171, 44.662, 43.479, 43.427, 43.865, 43.12, 43.228, 44.463, 46.308, 47.09], [65.916, 65.151, 63.674, 64.083, 63.481, 61.487, 63.772, 64.901, 64.0, 62.517, 63.285, 62.111, 61.537, 60.614, 56.836, 51.914, 51.144, 51.304, 51.047, 50.233, 49.803, 49.614, 49.183, 46.88, 41.299, 37.943, 35.806, 34.417, 31.014, 26.337, 24.42, 23.542, 23.626, 23.839, 23.613, 22.927, 21.323, 20.147, 19.624, 16.472, 10.437, 4.58, 0.0, 3.662, 4.956, 9.685, 20.044, 25.766, 27.523, 28.533, 29.836, 31.096, 31.654, 31.341, 33.252, 37.447, 38.455, 36.78, 37.153, 37.997, 38.5, 39.307, 39.58, 42.03, 44.743, 44.76, 44.68, 44.891, 46.184, 46.122, 44.137, 43.445, 43.193, 42.486, 42.804, 44.219, 44.782, 44.258, 43.04, 43.073, 43.742, 43.198, 43.462, 44.857, 46.894, 47.712], [65.309, 64.554, 63.153, 63.571, 63.037, 61.397, 63.825, 64.983, 64.153, 62.924, 63.712, 62.685, 62.483, 61.663, 57.882, 53.005, 52.309, 52.498, 52.23, 51.467, 51.14, 51.023, 50.672, 48.556, 43.005, 39.4, 37.148, 35.848, 32.7, 28.11, 26.033, 25.15, 25.268, 25.528, 25.438, 24.924, 23.306, 22.147, 21.55, 18.168, 12.377, 7.09, 3.662, 0.0, 2.303, 7.349, 17.503, 23.41, 25.462, 26.897, 28.411, 29.749, 30.422, 30.259, 32.363, 36.856, 37.935, 36.1, 36.416, 37.326, 37.862, 38.734, 38.96, 41.41, 44.193, 44.264, 44.184, 44.309, 45.538, 45.445, 43.5, 42.846, 42.563, 41.812, 42.143, 43.59, 44.192, 43.714, 42.497, 42.586, 43.365, 42.924, 43.276, 44.836, 47.062, 47.924], [65.149, 64.399, 62.987, 63.379, 62.828, 61.288, 63.823, 65.017, 64.187, 63.005, 63.855, 62.822, 62.655, 61.901, 58.223, 53.475, 52.866, 53.098, 52.843, 52.108, 51.771, 51.64, 51.274, 49.171, 43.67, 40.073, 37.804, 36.501, 33.33, 28.76, 26.776, 25.91, 26.007, 26.228, 26.006, 25.385, 23.83, 22.717, 22.129, 18.755, 13.011, 7.845, 4.956, 2.303, 0.0, 6.343, 16.842, 22.862, 24.866, 26.232, 27.732, 29.106, 29.834, 29.677, 31.821, 36.378, 37.478, 35.65, 35.984, 36.91, 37.432, 38.301, 38.562, 41.088, 43.912, 43.957, 43.837, 43.959, 45.236, 45.193, 43.217, 42.545, 42.258, 41.478, 41.8, 43.293, 43.905, 43.45, 42.284, 42.455, 43.266, 42.812, 43.158, 44.794, 47.1, 47.959], [65.394, 64.65, 63.316, 63.706, 63.269, 62.303, 65.055, 66.224, 65.463, 64.477, 65.322, 64.685, 64.882, 64.078, 60.307, 55.632, 55.033, 55.14, 54.733, 54.012, 53.799, 53.818, 53.642, 51.703, 45.832, 41.711, 39.485, 38.375, 35.527, 30.604, 28.195, 27.37, 27.438, 27.68, 27.958, 27.966, 26.471, 25.374, 24.745, 21.376, 16.538, 12.341, 9.685, 7.349, 6.343, 0.0, 11.709, 19.171, 22.329, 24.712, 26.571, 28.376, 29.625, 29.764, 32.042, 36.961, 38.173, 36.055, 36.459, 37.538, 37.991, 38.648, 38.664, 41.345, 44.277, 44.453, 44.596, 44.711, 45.727, 45.388, 43.334, 42.728, 42.453, 41.698, 42.095, 43.617, 44.292, 43.9, 42.732, 43.132, 44.303, 44.12, 44.481, 46.16, 48.77, 49.763], [65.683, 64.969, 63.806, 64.254, 64.091, 64.252, 67.491, 68.745, 68.202, 67.644, 68.442, 68.46, 69.762, 69.32, 65.563, 60.914, 60.252, 60.31, 59.829, 59.133, 59.204, 59.48, 59.493, 58.054, 52.456, 47.986, 45.739, 44.882, 42.826, 38.21, 35.504, 34.687, 34.868, 35.391, 36.278, 36.66, 35.037, 34.049, 33.365, 30.123, 26.213, 22.778, 20.044, 17.503, 16.842, 11.709, 0.0, 9.648, 15.862, 21.482, 24.779, 27.206, 29.108, 30.17, 33.196, 38.741, 40.071, 37.431, 37.485, 38.63, 39.127, 39.94, 39.723, 42.107, 45.003, 45.533, 45.933, 45.735, 46.279, 45.694, 43.922, 43.476, 43.099, 42.263, 42.623, 44.068, 44.824, 44.577, 43.427, 44.034, 45.842, 46.34, 47.214, 49.443, 52.482, 53.505], [65.37, 64.686, 63.536, 64.068, 64.035, 64.376, 67.806, 69.2, 68.844, 68.441, 69.224, 69.464, 71.345, 71.383, 67.941, 63.298, 62.503, 62.639, 62.282, 61.613, 61.75, 62.04, 62.01, 60.843, 56.042, 52.022, 49.66, 48.744, 46.881, 42.798, 40.383, 39.527, 39.792, 40.491, 41.43, 41.632, 39.862, 38.919, 38.27, 35.281, 31.576, 28.432, 25.766, 23.41, 22.862, 19.171, 9.648, 0.0, 8.889, 17.812, 22.7, 25.326, 27.161, 28.903, 32.831, 38.583, 39.843, 37.043, 36.493, 37.393, 38.07, 39.21, 39.116, 41.033, 43.803, 44.744, 45.199, 44.628, 44.82, 44.177, 42.727, 42.381, 41.943, 41.024, 41.162, 42.401, 43.175, 42.976, 41.909, 42.563, 44.754, 45.971, 47.708, 50.613, 53.831, 54.779], [64.426, 63.778, 62.536, 63.053, 62.961, 62.935, 66.348, 67.794, 67.504, 67.064, 67.864, 68.029, 70.031, 70.382, 67.395, 63.004, 62.149, 62.317, 62.07, 61.508, 61.544, 61.679, 61.544, 60.426, 56.181, 52.877, 50.615, 49.54, 47.358, 43.414, 41.436, 40.612, 40.839, 41.471, 42.112, 41.959, 40.227, 39.35, 38.738, 35.999, 32.489, 29.789, 27.523, 25.462, 24.866, 22.329, 15.862, 8.889, 0.0, 10.954, 17.393, 20.347, 21.889, 23.752, 28.773, 34.742, 35.934, 33.302, 32.423, 32.955, 33.778, 35.176, 35.524, 37.594, 40.488, 41.675, 42.2, 41.576, 41.817, 41.258, 39.667, 39.252, 38.905, 38.012, 37.985, 39.104, 39.843, 39.648, 38.746, 39.352, 41.575, 43.329, 46.034, 49.704, 53.146, 54.044], [64.494, 63.875, 62.509, 62.878, 62.647, 62.143, 65.39, 66.838, 66.439, 65.856, 66.696, 66.527, 68.226, 68.634, 66.022, 62.244, 61.566, 61.665, 61.424, 60.937, 60.853, 60.813, 60.607, 59.377, 55.219, 52.574, 50.74, 49.574, 46.703, 42.39, 40.858, 40.182, 40.321, 40.78, 40.99, 40.397, 38.817, 38.07, 37.445, 35.116, 32.201, 30.176, 28.533, 26.897, 26.232, 24.712, 21.482, 17.812, 10.954, 0.0, 8.019, 12.266, 14.058, 16.188, 23.058, 29.66, 31.003, 28.828, 28.122, 28.269, 28.879, 30.209, 31.375, 34.56, 37.599, 38.308, 38.807, 38.69, 39.596, 39.34, 37.17, 36.45, 36.227, 35.516, 35.68, 36.902, 37.533, 37.438, 36.755, 37.367, 39.46, 41.236, 44.551, 49.108, 53.093, 54.097], [64.964, 64.341, 62.969, 63.283, 63.014, 62.525, 65.623, 66.991, 66.447, 65.83, 66.73, 66.448, 67.954, 68.228, 65.676, 62.254, 61.858, 61.95, 61.634, 61.116, 60.99, 60.89, 60.682, 59.427, 55.139, 52.551, 50.872, 49.721, 46.696, 42.353, 41.083, 40.492, 40.544, 40.896, 40.967, 40.226, 38.642, 37.918, 37.267, 35.046, 32.584, 31.053, 29.836, 28.411, 27.732, 26.571, 24.779, 22.7, 17.393, 8.019, 0.0, 5.709, 8.79, 12.219, 20.364, 27.172, 28.748, 27.018, 26.659, 26.83, 27.243, 28.311, 29.787, 33.34, 36.119, 36.203, 36.597, 36.869, 38.185, 38.134, 35.738, 34.957, 34.818, 34.254, 34.745, 36.097, 36.647, 36.721, 36.183, 36.798, 38.675, 40.162, 43.421, 48.333, 52.863, 54.176], [64.557, 63.93, 62.604, 62.964, 62.661, 62.181, 65.231, 66.576, 65.993, 65.387, 66.333, 66.077, 67.714, 68.058, 65.558, 62.205, 61.956, 62.224, 61.976, 61.425, 61.282, 61.135, 60.867, 59.729, 55.696, 53.062, 51.251, 50.044, 47.204, 43.365, 42.311, 41.708, 41.765, 42.142, 42.188, 41.329, 39.612, 38.838, 38.166, 35.909, 33.474, 32.12, 31.096, 29.749, 29.106, 28.376, 27.206, 25.326, 20.347, 12.266, 5.709, 0.0, 4.462, 9.952, 19.134, 25.831, 27.488, 26.086, 25.665, 25.938, 26.522, 27.807, 29.372, 32.301, 34.71, 34.681, 34.89, 35.06, 36.427, 36.544, 34.386, 33.804, 33.731, 33.146, 33.713, 35.064, 35.56, 35.721, 35.256, 35.669, 37.155, 38.418, 41.715, 46.754, 51.475, 52.987], [64.359, 63.749, 62.482, 62.891, 62.534, 61.778, 64.679, 66.019, 65.448, 64.808, 65.761, 65.478, 67.18, 67.687, 65.326, 61.972, 61.713, 62.111, 62.018, 61.491, 61.267, 61.022, 60.672, 59.567, 55.846, 53.425, 51.523, 50.235, 47.392, 43.858, 43.02, 42.415, 42.486, 42.908, 42.91, 41.857, 39.985, 39.165, 38.507, 36.294, 33.826, 32.55, 31.654, 30.422, 29.834, 29.625, 29.108, 27.161, 21.889, 14.058, 8.79, 4.462, 0.0, 7.249, 17.541, 24.324, 25.977, 24.736, 24.118, 24.307, 25.09, 26.612, 28.39, 31.089, 33.458, 33.612, 33.763, 33.75, 35.073, 35.275, 33.264, 32.79, 32.75, 32.176, 32.797, 34.152, 34.604, 34.747, 34.277, 34.464, 35.628, 36.757, 40.165, 45.313, 49.98, 51.46], [64.381, 63.816, 62.676, 63.131, 62.717, 61.75, 64.458, 65.685, 65.059, 64.365, 65.322, 64.927, 66.499, 67.042, 64.799, 61.505, 61.157, 61.525, 61.482, 61.064, 60.827, 60.486, 60.083, 58.818, 54.948, 52.674, 50.903, 49.676, 46.667, 43.003, 42.276, 41.749, 41.849, 42.308, 42.205, 40.75, 38.618, 37.767, 37.151, 35.071, 32.896, 31.966, 31.341, 30.259, 29.677, 29.764, 30.17, 28.903, 23.752, 16.188, 12.219, 9.952, 7.249, 0.0, 11.346, 18.979, 20.918, 19.664, 19.405, 19.8, 20.539, 22.075, 23.958, 27.231, 30.019, 30.251, 30.677, 30.83, 32.363, 32.807, 30.536, 29.834, 29.89, 29.663, 30.709, 32.174, 32.553, 32.742, 32.299, 32.541, 33.624, 34.506, 37.707, 42.813, 47.46, 48.909], [65.343, 64.821, 63.858, 64.42, 64.065, 63.201, 65.728, 66.747, 65.959, 65.24, 66.271, 65.871, 67.23, 67.646, 65.405, 62.228, 61.909, 62.185, 62.081, 61.726, 61.593, 61.229, 60.786, 59.357, 55.276, 52.997, 51.378, 50.425, 47.557, 43.864, 43.097, 42.623, 42.771, 43.272, 43.08, 41.158, 38.698, 37.877, 37.314, 35.339, 33.779, 33.452, 33.252, 32.363, 31.821, 32.042, 33.196, 32.831, 28.773, 23.058, 20.364, 19.134, 17.541, 11.346, 0.0, 9.314, 12.188, 10.904, 12.004, 13.428, 14.049, 15.732, 17.351, 21.108, 24.292, 24.298, 25.437, 26.317, 28.253, 29.293, 26.815, 25.554, 25.724, 26.258, 28.086, 29.586, 29.764, 30.215, 29.956, 30.443, 31.438, 31.89, 34.572, 39.342, 43.865, 45.411], [66.187, 65.687, 64.749, 65.378, 65.088, 64.224, 66.631, 67.554, 66.677, 65.881, 66.991, 66.605, 67.848, 68.277, 66.245, 63.331, 63.118, 63.382, 63.263, 62.925, 62.702, 62.287, 61.81, 60.365, 56.725, 54.875, 53.314, 52.417, 49.791, 46.665, 46.161, 45.694, 45.836, 46.267, 45.85, 43.642, 41.233, 40.484, 39.97, 38.178, 36.962, 37.155, 37.447, 36.856, 36.378, 36.961, 38.741, 38.583, 34.742, 29.66, 27.172, 25.831, 24.324, 18.979, 9.314, 0.0, 4.518, 6.88, 9.701, 11.329, 12.19, 14.478, 16.181, 19.028, 21.789, 21.37, 22.837, 24.421, 26.687, 28.186, 25.627, 24.076, 24.49, 25.502, 27.563, 28.907, 28.826, 29.474, 29.631, 30.229, 30.787, 30.909, 33.462, 37.911, 41.951, 43.452], [66.643, 66.14, 65.196, 65.843, 65.518, 64.462, 66.759, 67.648, 66.741, 65.92, 67.055, 66.679, 67.904, 68.369, 66.369, 63.373, 63.12, 63.419, 63.32, 63.0, 62.741, 62.328, 61.905, 60.479, 57.094, 55.465, 53.914, 52.998, 50.451, 47.474, 46.99, 46.508, 46.646, 47.072, 46.653, 44.368, 41.914, 41.178, 40.673, 38.967, 37.802, 38.055, 38.455, 37.935, 37.478, 38.173, 40.071, 39.843, 35.934, 31.003, 28.748, 27.488, 25.977, 20.918, 12.188, 4.518, 0.0, 5.411, 8.567, 10.046, 11.109, 13.868, 15.731, 18.447, 21.407, 21.075, 22.531, 24.151, 26.462, 28.159, 25.649, 23.949, 24.317, 25.332, 27.367, 28.688, 28.574, 29.189, 29.39, 30.009, 30.534, 30.778, 33.503, 38.046, 41.997, 43.416], [66.782, 66.277, 65.392, 66.079, 65.757, 64.66, 66.921, 67.801, 66.923, 66.172, 67.284, 67.001, 68.33, 68.719, 66.463, 63.158, 62.782, 63.045, 62.908, 62.587, 62.491, 62.239, 61.909, 60.514, 56.83, 54.835, 53.226, 52.353, 49.823, 46.486, 45.694, 45.191, 45.356, 45.897, 45.795, 43.708, 41.009, 40.187, 39.697, 37.96, 36.738, 36.717, 36.78, 36.1, 35.65, 36.055, 37.431, 37.043, 33.302, 28.828, 27.018, 26.086, 24.736, 19.664, 10.904, 6.88, 5.411, 0.0, 4.847, 7.589, 8.698, 11.514, 12.784, 16.226, 20.055, 20.385, 22.17, 23.397, 25.237, 26.633, 24.29, 22.596, 22.751, 23.781, 26.022, 27.413, 27.413, 27.921, 27.836, 28.532, 29.565, 30.201, 33.06, 37.797, 42.129, 43.707], [66.877, 66.371, 65.493, 66.228, 65.94, 64.768, 67.035, 67.966, 67.133, 66.414, 67.514, 67.308, 68.805, 69.296, 67.051, 63.595, 63.137, 63.453, 63.375, 63.038, 62.981, 62.745, 62.388, 61.111, 57.789, 55.863, 54.116, 53.188, 50.708, 47.514, 46.693, 46.123, 46.324, 46.929, 46.917, 44.875, 42.062, 41.187, 40.695, 38.91, 37.476, 37.245, 37.153, 36.416, 35.984, 36.459, 37.485, 36.493, 32.423, 28.122, 26.659, 25.665, 24.118, 19.405, 12.004, 9.701, 8.567, 4.847, 0.0, 3.874, 6.165, 10.185, 11.602, 14.153, 18.109, 19.092, 20.935, 21.753, 23.245, 24.599, 22.676, 21.153, 21.184, 22.135, 24.391, 25.689, 25.712, 26.167, 26.041, 26.751, 27.885, 28.885, 32.227, 37.302, 41.784, 43.457], [67.6, 67.089, 66.137, 66.848, 66.556, 65.234, 67.472, 68.43, 67.596, 66.829, 67.923, 67.672, 69.094, 69.618, 67.495, 64.066, 63.534, 63.823, 63.778, 63.461, 63.369, 63.083, 62.678, 61.367, 58.264, 56.697,