[[0.0, 8.509, 20.154, 24.676, 25.631, 28.02, 31.994, 35.692, 36.718, 36.64, 36.242, 35.979, 37.966, 39.111, 39.62, 41.629, 44.789, 48.581, 50.795, 51.393, 51.876, 51.943, 51.663, 52.291, 53.212, 54.061, 54.049, 55.111, 58.51, 60.163, 61.191, 61.414, 61.665, 62.469, 63.276, 65.938, 69.403, 69.154, 68.099, 69.181, 70.061, 69.718, 68.97, 68.212, 67.686, 68.485, 69.693, 69.407, 68.861, 66.347, 65.163, 66.469, 66.274, 61.533, 59.324, 59.357, 59.836, 59.637, 59.392, 59.173, 59.034, 58.448, 58.039, 58.31, 58.619, 59.14, 59.756, 59.893, 58.802, 57.706, 57.014, 56.616, 56.357, 56.307, 56.586, 56.646, 55.912, 54.53, 54.4, 54.707, 54.661, 54.203, 54.152, 54.714, 54.817, 55.209], [8.509, 0.0, 14.321, 20.244, 21.245, 23.568, 27.433, 31.068, 32.38, 32.448, 32.122, 31.992, 34.156, 35.281, 35.77, 37.971, 41.344, 45.245, 47.485, 48.13, 48.616, 48.681, 48.44, 49.089, 49.96, 50.84, 50.817, 52.123, 55.858, 57.605, 58.587, 58.793, 59.012, 59.801, 60.68, 63.824, 67.925, 67.799, 66.73, 67.844, 68.77, 68.405, 67.627, 66.89, 66.347, 67.145, 68.455, 68.309, 67.79, 65.203, 63.962, 65.384, 65.331, 60.72, 58.552, 58.54, 58.997, 58.801, 58.645, 58.436, 58.356, 57.804, 57.421, 57.81, 58.246, 58.803, 59.435, 59.544, 58.279, 56.956, 56.182, 55.802, 55.517, 55.405, 55.589, 55.537, 54.718, 53.271, 53.199, 53.53, 53.445, 52.964, 52.975, 53.613, 53.732, 54.092], [20.154, 14.321, 0.0, 9.098, 13.866, 16.306, 19.625, 23.164, 25.21, 25.709, 25.719, 25.839, 28.702, 30.109, 30.348, 32.697, 36.636, 41.042, 43.403, 43.911, 44.245, 44.321, 44.318, 44.788, 45.387, 46.488, 46.476, 48.19, 52.403, 54.193, 55.181, 55.277, 55.481, 56.283, 57.303, 61.038, 66.4, 66.799, 65.589, 66.702, 67.786, 67.44, 66.62, 65.888, 65.303, 66.14, 67.626, 67.719, 67.303, 64.67, 63.279, 64.68, 64.794, 60.394, 58.259, 58.234, 58.656, 58.49, 58.538, 58.325, 58.287, 57.864, 57.536, 58.068, 58.474, 58.894, 59.553, 59.757, 58.624, 57.039, 55.659, 55.018, 54.715, 54.463, 54.459, 54.226, 53.261, 51.701, 51.767, 52.194, 52.037, 51.503, 51.494, 52.197, 52.383, 52.707], [24.676, 20.244, 9.098, 0.0, 8.856, 12.269, 15.596, 19.237, 21.236, 21.993, 22.29, 22.457, 25.729, 27.457, 27.819, 30.284, 34.561, 39.614, 42.301, 42.869, 43.113, 43.127, 43.146, 43.53, 44.133, 45.241, 45.135, 46.879, 50.976, 52.727, 53.765, 53.744, 54.026, 54.878, 55.852, 59.491, 64.984, 65.721, 64.684, 65.725, 66.789, 66.479, 65.737, 65.023, 64.443, 65.364, 67.011, 67.186, 66.636, 63.898, 62.366, 63.566, 63.694, 59.39, 57.287, 57.257, 57.67, 57.567, 57.736, 57.537, 57.454, 57.081, 56.883, 57.456, 57.709, 57.982, 58.655, 58.943, 58.013, 56.491, 54.879, 54.126, 53.81, 53.552, 53.629, 53.439, 52.458, 50.744, 50.729, 51.122, 50.892, 50.33, 50.405, 51.179, 51.424, 51.765], [25.631, 21.245, 13.866, 8.856, 0.0, 5.484, 10.963, 15.379, 17.044, 17.934, 18.219, 18.395, 21.752, 23.487, 24.237, 26.926, 31.321, 36.924, 40.043, 40.972, 41.346, 41.281, 41.13, 41.586, 42.327, 43.124, 42.832, 44.557, 48.542, 50.303, 51.22, 51.163, 51.484, 52.366, 53.197, 56.832, 62.202, 62.931, 62.409, 63.506, 64.369, 64.017, 63.351, 62.657, 62.083, 63.046, 64.917, 65.236, 64.461, 61.525, 59.94, 61.14, 61.335, 57.329, 55.568, 55.581, 56.008, 55.963, 56.159, 55.99, 55.913, 55.593, 55.619, 56.215, 56.434, 56.72, 57.407, 57.645, 56.679, 55.395, 54.151, 53.585, 53.251, 53.134, 53.5, 53.419, 52.408, 50.471, 50.163, 50.368, 50.052, 49.453, 49.716, 50.617, 50.864, 51.209], [28.02, 23.568, 16.306, 12.269, 5.484, 0.0, 6.767, 12.217, 14.411, 15.547, 15.876, 16.157, 19.816, 21.647, 22.494, 25.532, 30.199, 35.994, 39.248, 40.265, 40.693, 40.61, 40.424, 40.825, 41.561, 42.263, 41.822, 43.63, 47.693, 49.43, 50.304, 50.251, 50.578, 51.467, 52.29, 56.077, 61.654, 62.393, 61.979, 63.133, 63.957, 63.577, 62.884, 62.167, 61.574, 62.537, 64.492, 64.868, 64.035, 61.01, 59.396, 60.626, 60.823, 56.747, 54.893, 54.836, 55.241, 55.196, 55.388, 55.212, 55.175, 54.851, 54.871, 55.459, 55.666, 55.947, 56.649, 56.871, 55.88, 54.667, 53.531, 53.02, 52.688, 52.604, 53.024, 52.953, 51.939, 49.985, 49.645, 49.806, 49.471, 48.887, 49.239, 50.201, 50.452, 50.776], [31.994, 27.433, 19.625, 15.596, 10.963, 6.767, 0.0, 6.747, 10.223, 11.944, 12.666, 13.09, 16.937, 18.931, 19.896, 23.591, 28.956, 34.978, 38.298, 39.388, 39.865, 39.781, 39.608, 39.899, 40.585, 41.35, 40.839, 42.843, 47.055, 48.816, 49.688, 49.572, 49.899, 50.8, 51.662, 55.634, 61.463, 62.285, 61.853, 63.001, 63.847, 63.467, 62.766, 62.066, 61.489, 62.492, 64.549, 64.976, 64.108, 60.983, 59.299, 60.562, 60.768, 56.466, 54.326, 54.142, 54.52, 54.483, 54.706, 54.512, 54.477, 54.103, 54.059, 54.657, 54.843, 55.08, 55.794, 56.039, 55.049, 53.781, 52.564, 52.038, 51.706, 51.597, 52.008, 51.911, 50.852, 48.869, 48.582, 48.754, 48.389, 47.827, 48.27, 49.3, 49.575, 49.889], [35.692, 31.068, 23.164, 19.237, 15.379, 12.217, 6.747, 0.0, 5.516, 8.598, 9.734, 10.552, 14.315, 16.574, 18.142, 22.638, 28.637, 34.803, 38.116, 39.267, 39.769, 39.689, 39.627, 40.046, 40.786, 41.548, 41.104, 43.237, 47.498, 49.31, 50.155, 49.961, 50.253, 51.125, 51.971, 55.982, 61.899, 62.779, 62.406, 63.533, 64.375, 64.03, 63.378, 62.742, 62.254, 63.298, 65.417, 65.867, 64.891, 61.702, 59.971, 61.218, 61.464, 57.093, 54.799, 54.539, 54.897, 54.874, 55.13, 54.948, 54.906, 54.489, 54.385, 54.977, 55.203, 55.48, 56.218, 56.472, 55.529, 54.255, 52.967, 52.41, 52.069, 51.909, 52.246, 52.139, 51.124, 49.112, 48.789, 48.933, 48.551, 48.018, 48.534, 49.616, 49.925, 50.242], [36.718, 32.38, 25.21, 21.236, 17.044, 14.411, 10.223, 5.516, 0.0, 4.606, 6.743, 7.887, 11.997, 14.445, 16.937, 21.888, 28.028, 34.513, 38.077, 39.393, 39.86, 39.746, 39.703, 40.243, 41.126, 41.912, 41.427, 43.553, 47.788, 49.636, 50.497, 50.384, 50.702, 51.521, 52.291, 56.247, 62.047, 62.928, 62.673, 63.759, 64.503, 64.178, 63.691, 63.146, 62.674, 63.742, 65.856, 66.376, 65.3, 62.019, 60.272, 61.413, 61.616, 57.148, 54.842, 54.594, 54.976, 54.944, 55.165, 54.968, 54.888, 54.433, 54.259, 54.801, 55.102, 55.451, 56.194, 56.448, 55.517, 54.249, 52.928, 52.335, 51.984, 51.797, 52.121, 52.039, 51.183, 49.321, 49.067, 49.233, 48.891, 48.355, 48.882, 50.006, 50.33, 50.685], [36.64, 32.448, 25.709, 21.993, 17.934, 15.547, 11.944, 8.598, 4.606, 0.0, 3.433, 5.513, 10.77, 13.197, 15.698, 20.526, 26.492, 32.944, 36.572, 37.904, 38.322, 38.184, 38.147, 38.698, 39.713, 40.643, 40.143, 42.359, 46.809, 48.79, 49.718, 49.751, 50.156, 50.946, 51.715, 55.718, 61.521, 62.395, 62.127, 63.231, 63.976, 63.639, 63.233, 62.827, 62.384, 63.435, 65.481, 66.044, 65.054, 61.785, 60.078, 61.231, 61.44, 56.87, 54.554, 54.341, 54.728, 54.623, 54.752, 54.528, 54.429, 53.98, 53.762, 54.255, 54.572, 54.958, 55.717, 55.985, 55.058, 53.815, 52.494, 51.848, 51.484, 51.291, 51.606, 51.513, 50.695, 48.915, 48.714, 48.907, 48.615, 48.063, 48.533, 49.647, 49.954, 50.364], [36.242, 32.122, 25.719, 22.29, 18.219, 15.876, 12.666, 9.734, 6.743, 3.433, 0.0, 3.947, 10.49, 12.956, 15.267, 19.926, 25.774, 32.077, 35.59, 36.888, 37.312, 37.175, 37.15, 37.772, 38.854, 39.751, 39.309, 41.548, 46.066, 48.108, 49.045, 49.067, 49.438, 50.218, 50.999, 54.971, 60.719, 61.547, 61.267, 62.41, 63.184, 62.851, 62.428, 62.078, 61.717, 62.74, 64.738, 65.275, 64.342, 61.13, 59.469, 60.701, 60.964, 56.464, 54.25, 54.083, 54.464, 54.324, 54.419, 54.209, 54.116, 53.707, 53.55, 54.048, 54.357, 54.772, 55.553, 55.813, 54.87, 53.698, 52.535, 51.956, 51.595, 51.451, 51.801, 51.715, 50.846, 48.952, 48.61, 48.741, 48.461, 47.897, 48.316, 49.394, 49.675, 50.085], [35.979, 31.992, 25.839, 22.457, 18.395, 16.157, 13.09, 10.552, 7.887, 5.513, 3.947, 0.0, 7.567, 10.755, 13.46, 18.619, 25.008, 31.607, 35.134, 36.481, 36.969, 36.808, 36.651, 37.219, 38.38, 39.38, 38.986, 41.284, 45.844, 47.827, 48.602, 48.469, 48.789, 49.601, 50.457, 54.533, 60.293, 61.084, 60.751, 61.907, 62.723, 62.41, 62.02, 61.707, 61.389, 62.502, 64.609, 65.217, 64.314, 61.045, 59.334, 60.562, 60.868, 56.472, 54.349, 54.212, 54.64, 54.538, 54.667, 54.449, 54.323, 53.904, 53.751, 54.261, 54.597, 55.011, 55.782, 56.058, 55.133, 53.926, 52.72, 52.137, 51.784, 51.609, 51.959, 51.875, 50.968, 49.027, 48.666, 48.797, 48.507, 47.91, 48.324, 49.441, 49.727, 50.137], [37.966, 34.156, 28.702, 25.729, 21.752, 19.816, 16.937, 14.315, 11.997, 10.77, 10.49, 7.567, 0.0, 5.711, 10.495, 16.878, 24.447, 31.583, 35.244, 36.827, 37.518, 37.301, 36.832, 37.19, 38.466, 39.612, 39.26, 41.757, 46.372, 48.313, 48.67, 48.078, 48.313, 49.198, 50.202, 54.616, 60.545, 61.267, 60.898, 62.067, 62.885, 62.539, 62.226, 62.012, 61.756, 63.084, 65.672, 66.513, 65.466, 61.893, 60.053, 61.257, 61.653, 57.655, 55.75, 55.536, 55.998, 55.984, 56.142, 55.885, 55.756, 55.298, 55.157, 55.702, 56.205, 56.77, 57.53, 57.798, 56.815, 55.493, 54.23, 53.634, 53.28, 53.077, 53.49, 53.441, 52.569, 50.687, 50.354, 50.457, 50.097, 49.461, 50.054, 51.379, 51.69, 52.1], [39.111, 35.281, 30.109, 27.457, 23.487, 21.647, 18.931, 16.574, 14.445, 13.197, 12.956, 10.755, 5.711, 0.0, 7.271, 14.869, 22.441, 29.347, 33.023, 34.782, 35.46, 35.237, 34.732, 35.055, 36.437, 37.576, 37.18, 40.092, 45.057, 47.322, 47.687, 47.009, 47.331, 48.191, 49.224, 53.817, 59.891, 60.583, 60.226, 61.384, 62.15, 61.743, 61.461, 61.3, 61.027, 62.355, 65.117, 66.31, 65.417, 61.756, 59.974, 61.39, 61.955, 58.246, 56.567, 56.342, 56.786, 56.769, 56.908, 56.669, 56.551, 56.062, 55.948, 56.527, 57.157, 57.866, 58.635, 58.88, 57.847, 56.531, 55.425, 54.92, 54.567, 54.428, 54.925, 54.862, 53.977, 52.115, 51.765, 51.834, 51.446, 50.788, 51.432, 52.788, 53.07, 53.487], [39.62, 35.77, 30.348, 27.819, 24.237, 22.494, 19.896, 18.142, 16.937, 15.698, 15.267, 13.46, 10.495, 7.271, 0.0, 9.457, 18.576, 25.454, 29.141, 30.946, 31.68, 31.504, 30.89, 31.014, 32.575, 34.035, 33.719, 36.954, 42.615, 45.188, 45.488, 45.001, 45.595, 46.552, 47.729, 52.548, 58.821, 59.513, 59.063, 60.297, 61.142, 60.744, 60.418, 60.279, 59.99, 61.287, 64.067, 65.439, 64.994, 61.531, 59.781, 61.425, 62.137, 58.672, 57.158, 56.974, 57.406, 57.369, 57.476, 57.209, 57.121, 56.744, 56.688, 57.228, 57.774, 58.416, 59.171, 59.414, 58.369, 57.024, 55.92, 55.419, 55.054, 54.903, 55.389, 55.251, 54.181, 52.171, 51.749, 51.789, 51.371, 50.667, 51.265, 52.577, 52.812, 53.238], [41.629, 37.971, 32.697, 30.284, 26.926, 25.532, 23.591, 22.638, 21.888, 20.526, 19.926, 18.619, 16.878, 14.869, 9.457, 0.0, 11.221, 19.266, 23.416, 25.297, 26.149, 25.984, 25.151, 25.026, 26.678, 28.513, 28.347, 31.417, 37.366, 40.15, 40.329, 40.116, 40.948, 42.072, 43.421, 48.482, 54.974, 55.713, 55.288, 56.626, 57.476, 57.079, 56.787, 56.763, 56.543, 57.879, 60.729, 62.317, 62.355, 59.259, 57.634, 59.399, 60.371, 58.017, 57.648, 57.847, 58.334, 58.348, 58.584, 58.352, 58.26, 58.344, 58.858, 59.528, 59.971, 60.518, 61.243, 61.476, 60.417, 59.11, 58.053, 57.527, 57.127, 56.979, 57.512, 57.368, 56.106, 53.728, 52.921, 52.81, 52.325, 51.488, 51.909, 53.093, 53.268, 53.737], [44.789, 41.344, 36.636, 34.561, 31.321, 30.199, 28.956, 28.637, 28.028, 26.492, 25.774, 25.008, 24.447, 22.441, 18.576, 11.221, 0.0, 10.123, 15.668, 17.893, 18.938, 18.81, 17.922, 18.426, 21.055, 23.147, 22.931, 26.018, 32.362, 35.672, 35.998, 36.524, 37.953, 39.269, 40.661, 45.815, 52.405, 53.183, 52.909, 54.264, 54.916, 54.48, 54.285, 54.408, 54.233, 55.441, 58.047, 60.107, 60.727, 58.066, 56.967, 58.931, 60.18, 59.018, 59.922, 60.603, 61.151, 61.139, 61.437, 61.302, 61.148, 61.526, 62.443, 63.208, 63.638, 64.149, 64.848, 65.052, 63.993, 62.786, 61.866, 61.381, 60.979, 60.842, 61.39, 61.247, 59.967, 57.52, 56.512, 56.307, 55.826, 54.86, 54.961, 55.872, 55.958, 56.489], [48.581, 45.245, 41.042, 39.614, 36.924, 35.994, 34.978, 34.803, 34.513, 32.944, 32.077, 31.607, 31.583, 29.347, 25.454, 19.266, 10.123, 0.0, 6.715, 9.734, 11.217, 11.292, 10.408, 12.083, 16.64, 19.349, 19.487, 23.597, 31.251, 35.45, 35.956, 37.176, 39.168, 40.506, 41.949, 47.002, 53.407, 54.051, 53.718, 55.068, 55.663, 55.209, 55.03, 55.317, 55.252, 56.289, 58.563, 61.008, 62.346, 60.079, 59.368, 61.851, 63.436, 62.728, 63.983, 64.81, 65.329, 65.202, 65.417, 65.321, 65.104, 65.469, 66.343, 67.031, 67.431, 67.923, 68.615, 68.812, 67.809, 66.758, 65.99, 65.525, 65.142, 65.011, 65.484, 65.264, 63.925, 61.486, 60.403, 60.169, 59.726, 58.718, 58.601, 59.285, 59.301, 59.856], [50.795, 47.485, 43.403, 42.301, 40.043, 39.248, 38.298, 38.116, 38.077, 36.572, 35.59, 35.134, 35.244, 33.023, 29.141, 23.416, 15.668, 6.715, 0.0, 4.156, 6.384, 6.733, 6.31, 9.612, 15.5, 18.583, 19.111, 23.707, 31.887, 36.492, 37.128, 38.44, 40.457, 41.732, 43.241, 48.185, 54.394, 54.874, 54.412, 55.787, 56.464, 56.031, 55.814, 56.215, 56.292, 57.261, 59.374, 61.97, 63.759, 61.789, 61.176, 63.954, 65.746, 65.109, 66.362, 67.222, 67.716, 67.537, 67.725, 67.638, 67.403, 67.759, 68.569, 69.184, 69.506, 69.94, 70.636, 70.855, 69.943, 68.981, 68.21, 67.714, 67.34, 67.18, 67.566, 67.308, 65.894, 63.336, 62.142, 61.891, 61.464, 60.44, 60.193, 60.756, 60.753, 61.296], [51.393, 48.13, 43.911, 42.869, 40.972, 40.265, 39.388, 39.267, 39.393, 37.904, 36.888, 36.481, 36.827, 34.782, 30.946, 25.297, 17.893, 9.734, 4.156, 0.0, 3.436, 4.37, 5.06, 9.32, 15.499, 18.793, 19.502, 23.903, 32.037, 36.68, 37.469, 38.923, 40.943, 42.18, 43.687, 48.484, 54.601, 55.066, 54.513, 55.917, 56.669, 56.256, 55.994, 56.428, 56.556, 57.485, 59.439, 62.015, 64.008, 62.238, 61.674, 64.473, 66.273, 65.591, 66.841, 67.762, 68.257, 68.059, 68.25, 68.172, 67.92, 68.315, 69.133, 69.726, 69.999, 70.38, 71.072, 71.324, 70.52, 69.623, 68.784, 68.223, 67.856, 67.66, 67.951, 67.682, 66.255, 63.659, 62.445, 62.214, 61.819, 60.802, 60.452, 60.926, 60.921, 61.469], [51.876, 48.616, 44.245, 43.113, 41.346, 40.693, 39.865, 39.769, 39.86, 38.322, 37.312, 36.969, 37.518, 35.46, 31.68, 26.149, 18.938, 11.217, 6.384, 3.436, 0.0, 2.047, 4.691, 9.209, 15.169, 18.531, 19.279, 23.704, 31.876, 36.625, 37.526, 39.051, 41.085, 42.237, 43.729, 48.494, 54.64, 55.189, 54.631, 56.016, 56.764, 56.339, 56.095, 56.546, 56.667, 57.56, 59.386, 61.989, 64.039, 62.34, 61.801, 64.585, 66.389, 65.637, 66.882, 67.844, 68.344, 68.136, 68.336, 68.268, 67.995, 68.394, 69.202, 69.8, 70.105, 70.51, 71.201, 71.468, 70.733, 69.877, 69.008, 68.41, 68.043, 67.832, 68.077, 67.799, 66.391, 63.816, 62.621, 62.416, 62.046, 61.052, 60.675, 61.114, 61.114, 61.67], [51.943, 48.681, 44.321, 43.127, 41.281, 40.61, 39.781, 39.689, 39.746, 38.184, 37.175, 36.808, 37.301, 35.237, 31.504, 25.984, 18.81, 11.292, 6.733, 4.37, 2.047, 0.0, 3.624, 8.645, 14.887, 18.347, 19.057, 23.528, 31.746, 36.519, 37.42, 38.929, 40.949, 42.096, 43.593, 48.385, 54.548, 55.115, 54.581, 55.966, 56.708, 56.276, 56.049, 56.517, 56.642, 57.545, 59.374, 61.988, 64.015, 62.295, 61.75, 64.51, 66.305, 65.524, 66.754, 67.716, 68.221, 68.008, 68.206, 68.136, 67.855, 68.243, 69.048, 69.647, 69.953, 70.356, 71.052, 71.321, 70.586, 69.739, 68.868, 68.262, 67.893, 67.677, 67.919, 67.643, 66.238, 63.666, 62.475, 62.269, 61.899, 60.901, 60.534, 60.985, 60.987, 61.549], [51.663, 48.44, 44.318, 43.146, 41.13, 40.424, 39.608, 39.627, 39.703, 38.147, 37.15, 36.651, 36.832, 34.732, 30.89, 25.151, 17.922, 10.408, 6.31, 5.06, 4.691, 3.624, 0.0, 6.185, 13.619, 17.466, 18.117, 22.733, 31.103, 35.902, 36.651, 38.057, 40.106, 41.338, 42.905, 47.844, 54.051, 54.578, 54.048, 55.459, 56.199, 55.76, 55.546, 56.008, 56.126, 57.104, 59.108, 61.738, 63.683, 61.835, 61.247, 64.006, 65.808, 65.128, 66.42, 67.364, 67.895, 67.714, 67.909, 67.826, 67.552, 67.942, 68.786, 69.399, 69.715, 70.114, 70.794, 71.05, 70.256, 69.382, 68.547, 67.965, 67.598, 67.394, 67.679, 67.417, 66.001, 63.461, 62.306, 62.102, 61.721, 60.703, 60.395, 60.925, 60.927, 61.488], [52.291, 49.089, 44.788, 43.53, 41.586, 40.825, 39.899, 40.046, 40.243, 38.698, 37.772, 37.219, 37.19, 35.055, 31.014, 25.026, 18.426, 12.083, 9.612, 9.32, 9.209, 8.645, 6.185, 0.0, 9.026, 14.04, 14.781, 19.613, 28.366, 33.315, 33.975, 35.254, 37.364, 38.616, 40.259, 45.398, 51.919, 52.599, 52.019, 53.436, 54.225, 53.764, 53.562, 54.036, 54.115, 55.173, 57.394, 60.074, 61.971, 60.053, 59.407, 62.219, 64.189, 63.844, 65.388, 66.369, 66.918, 66.809, 67.095, 67.025, 66.773, 67.309, 68.37, 69.055, 69.354, 69.765, 70.416, 70.666, 69.887, 69.051, 68.271, 67.698, 67.331, 67.2, 67.603, 67.367, 65.873, 63.249, 62.063, 61.86, 61.456, 60.438, 60.226, 60.843, 60.843, 61.401], [53.212, 49.96, 45.387, 44.133, 42.327, 41.561, 40.585, 40.786, 41.126, 39.713, 38.854, 38.38, 38.466, 36.437, 32.575, 26.678, 21.055, 16.64, 15.5, 15.499, 15.169, 14.887, 13.619, 9.026, 0.0, 6.739, 9.411, 13.977, 22.849, 27.82, 28.554, 30.103, 32.494, 33.632, 34.986, 39.914, 46.786, 47.903, 47.382, 48.68, 49.532, 49.129, 48.959, 49.486, 49.532, 50.584, 52.814, 55.478, 57.417, 55.649, 54.997, 57.912, 60.285, 60.852, 63.212, 64.428, 64.965, 64.946, 65.577, 65.674, 65.421, 66.348, 67.982, 68.878, 69.151, 69.608, 70.243, 70.476, 69.792, 69.158, 68.642, 68.17, 67.788, 67.851, 68.492, 68.29, 66.613, 63.563, 62.011, 61.688, 61.222, 60.276, 60.173, 60.786, 60.759, 61.302], [54.061, 50.84, 46.488, 45.241, 43.124, 42.263, 41.35, 41.548, 41.912, 40.643, 39.751, 39.38, 39.612, 37.576, 34.035, 28.513, 23.147, 19.349, 18.583, 18.793, 18.531, 18.347, 17.466, 14.04, 6.739, 0.0, 5.706, 11.027, 19.951, 24.942, 25.781, 27.654, 30.431, 31.537, 32.463, 36.886, 43.655, 44.959, 44.713, 45.936, 46.767, 46.432, 46.279, 46.813, 46.861, 47.862, 50.088, 52.823, 54.733, 52.994, 52.346, 55.32, 57.897, 59.078, 61.995, 63.338, 63.83, 63.816, 64.633, 64.923, 64.704, 65.789, 67.751, 68.784, 69.057, 69.583, 70.249, 70.447, 69.782, 69.311, 69.094, 68.792, 68.397, 68.637, 69.476, 69.303, 67.54, 64.178, 62.289, 61.807, 61.267, 60.359, 60.344, 60.927, 60.879, 61.407], [54.049, 50.817, 46.476, 45.135, 42.832, 41.822, 40.839, 41.104, 41.427, 40.143, 39.309, 38.986, 39.26, 37.18, 33.719, 28.347, 22.931, 19.487, 19.111, 19.502, 19.279, 19.057, 18.117, 14.781, 9.411, 5.706, 0.0, 8.785, 19.144, 24.449, 25.438, 27.218, 30.07, 31.279, 32.313, 37.028, 43.922, 45.109, 44.846, 46.131, 46.956, 46.579, 46.389, 46.788, 46.691, 47.657, 49.96, 52.742, 54.562, 52.733, 52.084, 54.979, 57.345, 58.111, 60.774, 62.044, 62.536, 62.507, 63.22, 63.499, 63.401, 64.422, 66.247, 67.238, 67.543, 68.128, 68.818, 68.986, 68.234, 67.686, 67.465, 67.203, 66.8, 67.045, 67.91, 67.749, 66.031, 62.807, 61.105, 60.676, 60.133, 59.218, 59.254, 59.874, 59.831, 60.367], [55.111, 52.123, 48.19, 46.879, 44.557, 43.63, 42.843, 43.237, 43.553, 42.359, 41.548, 41.284, 41.757, 40.092, 36.954, 31.417, 26.018, 23.597, 23.707, 23.903, 23.704, 23.528, 22.733, 19.613, 13.977, 11.027, 8.785, 0.0, 11.669, 17.785, 19.185, 21.751, 25.158, 26.506, 27.446, 32.047, 38.904, 39.973, 39.718, 41.084, 41.758, 41.387, 41.235, 41.644, 41.512, 42.408, 44.577, 47.422, 49.584, 48.299, 47.926, 50.785, 53.301, 54.772, 58.318, 59.91, 60.457, 60.558, 61.491, 61.838, 61.777, 63.406, 65.903, 66.977, 67.148, 67.674, 68.319, 68.476, 67.836, 67.457, 67.353, 67.135, 66.733, 67.034, 68.043, 67.975, 66.158, 62.665, 60.723, 60.22, 59.67, 58.761, 58.764, 59.323, 59.247, 59.793], [58.51, 55.858, 52.403, 50.976, 48.542, 47.693, 47.055, 47.498, 47.788, 46.809, 46.066, 45.844, 46.372, 45.057, 42.615, 37.366, 32.362, 31.251, 31.887, 32.037, 31.876, 31.746, 31.103, 28.366, 22.849, 19.951, 19.144, 11.669, 0.0, 7.834, 10.781, 14.299, 18.539, 20.069, 20.459, 24.253, 30.932, 31.978, 31.897, 33.302, 33.856, 33.576, 33.56, 34.176, 34.127, 35.068, 37.351, 40.462, 42.788, 42.091, 42.086, 44.834, 47.83, 51.24, 56.527, 58.579, 59.139, 59.44, 60.802, 61.356, 61.279, 63.742, 67.487, 68.935, 69.022, 69.534, 70.147, 70.299, 69.831, 69.766, 69.925, 69.814, 69.424, 69.843, 71.031, 71.053, 69.175, 65.352, 63.004, 62.331, 61.73, 60.881, 60.934, 61.442, 61.341, 61.856], [60.163, 57.605, 54.193, 52.727, 50.303, 49.43, 48.816, 49.31, 49.636, 48.79, 48.108, 47.827, 48.313, 47.322, 45.188, 40.15, 35.672, 35.45, 36.492, 36.68, 36.625, 36.519, 35.902, 33.315, 27.82, 24.942, 24.449, 17.785, 7.834, 0.0, 5.624, 11.164, 15.867, 17.56, 17.49, 20.639, 27.47, 28.873, 28.837, 30.221, 30.977, 30.838, 30.861, 31.551, 31.483, 32.413, 34.592, 37.518, 39.832, 39.432, 39.438, 41.841, 45.001, 49.467, 55.584, 57.875, 58.445, 58.802, 60.401, 61.086, 61.01, 63.778, 68.022, 69.754, 69.908, 70.437, 71.047, 71.201, 70.799, 70.87, 71.17, 71.095, 70.713, 71.165, 72.35, 72.363, 70.462, 66.567, 64.135, 63.429, 62.833, 62.071, 62.14, 62.601, 62.496, 62.997], [61.191, 58.587, 55.181, 53.765, 51.22, 50.304, 49.688, 50.155, 50.497, 49.718, 49.045, 48.602, 48.67, 47.687, 45.488, 40.329, 35.998, 35.956, 37.128, 37.469, 37.526, 37.42, 36.651, 33.975, 28.554, 25.781, 25.438, 19.185, 10.781, 5.624, 0.0, 8.263, 14.131, 16.211, 16.467, 20.526, 27.861, 29.271, 29.228, 30.659, 31.306, 31.048, 31.088, 31.808, 31.764, 32.8, 35.328, 38.41, 40.624, 40.02, 39.907, 42.223, 45.466, 50.419, 56.749, 59.018, 59.632, 60.041, 61.649, 62.313, 62.254, 64.975, 69.134, 70.873, 71.167, 71.764, 72.348, 72.486, 72.029, 72.039, 72.367, 72.317, 71.942, 72.374, 73.573, 73.605, 71.72, 67.891, 65.505, 64.801, 64.197, 63.43, 63.569, 64.13, 64.038, 64.518], [61.414, 58.793, 55.277, 53.744, 51.163, 50.251, 49.572, 49.961, 50.384, 49.751, 49.067, 48.469, 48.078, 47.009, 45.001, 40.116, 36.524, 37.176, 38.44, 38.923, 39.051, 38.929, 38.057, 35.254, 30.103, 27.654, 27.218, 21.751, 14.299, 11.164, 8.263, 0.0, 7.272, 10.2, 11.565, 17.858, 26.386, 27.763, 27.365, 28.937, 29.967, 29.623, 29.559, 30.256, 30.278, 31.676, 35.304, 38.627, 40.33, 39.249, 38.981, 41.42, 44.94, 50.591, 57.108, 59.246, 59.862, 60.412, 62.064, 62.677, 62.689, 65.447, 69.694, 71.508, 71.901, 72.621, 73.223, 73.352, 72.823, 72.731, 73.076, 73.083, 72.708, 73.139, 74.364, 74.415, 72.554, 68.791, 66.479, 65.788, 65.131, 64.338, 64.621, 65.355, 65.294, 65.723], [61.665, 59.012, 55.481, 54.026, 51.484, 50.578, 49.899, 50.253, 50.702, 50.156, 49.438, 48.789, 48.313, 47.331, 45.595, 40.948, 37.953, 39.168, 40.457, 40.943, 41.085, 40.949, 40.106, 37.364, 32.494, 30.431, 30.07, 25.158, 18.539, 15.867, 14.131, 7.272, 0.0, 4.123, 7.698, 16.022, 25.213, 26.563, 25.839, 27.533, 28.997, 28.725, 28.546, 29.143, 29.28, 30.838, 34.81, 37.942, 39.376, 38.24, 37.898, 40.429, 44.068, 50.159, 56.927, 59.095, 59.723, 60.354, 62.079, 62.679, 62.727, 65.576, 69.98, 71.929, 72.376, 73.139, 73.761, 73.887, 73.31, 73.211, 73.644, 73.707, 73.336, 73.768, 74.955, 75.001, 73.149, 69.4, 67.089, 66.402, 65.75, 64.976, 65.268, 66.015, 65.959, 66.35], [62.469, 59.801, 56.283, 54.878, 52.366, 51.467, 50.8, 51.125, 51.521, 50.946, 50.218, 49.601, 49.198, 48.191, 46.552, 42.072, 39.269, 40.506, 41.732, 42.18, 42.237, 42.096, 41.338, 38.616, 33.632, 31.537, 31.279, 26.506, 20.069, 17.56, 16.211, 10.2, 4.123, 0.0, 5.142, 14.411, 23.988, 25.588, 24.875, 26.534, 28.13, 27.908, 27.759, 28.406, 28.582, 30.122, 34.043, 37.191, 38.651, 37.621, 37.288, 39.891, 43.66, 49.979, 56.938, 59.171, 59.796, 60.437, 62.216, 62.84, 62.891, 65.808, 70.309, 72.321, 72.798, 73.591, 74.22, 74.349, 73.81, 73.786, 74.306, 74.401, 74.032, 74.488, 75.671, 75.71, 73.86, 70.085, 67.731, 67.037, 66.396, 65.649, 65.929, 66.646, 66.585, 66.964], [63.276, 60.68, 57.303, 55.852, 53.197, 52.29, 51.662, 51.971, 52.291, 51.715, 50.999, 50.457, 50.202, 49.224, 47.729, 43.421, 40.661, 41.949, 43.241, 43.687, 43.729, 43.593, 42.905, 40.259, 34.986, 32.463, 32.313, 27.446, 20.459, 17.49, 16.467, 11.565, 7.698, 5.142, 0.0, 10.073, 20.448, 22.753, 22.538, 24.034, 25.611, 25.534, 25.523, 26.271, 26.429, 27.896, 31.782, 35.089, 36.581, 35.741, 35.417, 37.936, 41.938, 48.86, 56.274, 58.636, 59.23, 59.874, 61.764, 62.471, 62.504, 65.561, 70.298, 72.383, 72.797, 73.56, 74.19, 74.319, 73.89, 74.065, 74.738, 74.884, 74.518, 75.065, 76.331, 76.378, 74.506, 70.579, 68.056, 67.295, 66.629, 65.894, 66.168, 66.837, 66.764, 67.153], [65.938, 63.824, 61.038, 59.491, 56.832, 56.077, 55.634, 55.982, 56.247, 55.718, 54.971, 54.533, 54.616, 53.817, 52.548, 48.482, 45.815, 47.002, 48.185, 48.484, 48.494, 48.385, 47.844, 45.398, 39.914, 36.886, 37.028, 32.047, 24.253, 20.639, 20.526, 17.858, 16.022, 14.411, 10.073, 0.0, 11.658, 15.92, 16.689, 17.698, 19.567, 20.063, 20.365, 21.371, 21.74, 23.076, 26.679, 30.065, 31.757, 31.616, 31.435, 33.834, 38.418, 47.001, 55.624, 58.359, 58.895, 59.575, 61.7, 62.582, 62.541, 65.946, 71.308, 73.593, 73.84, 74.531, 75.17, 75.309, 75.138, 75.811, 76.87, 77.122, 76.765, 77.501, 78.911, 78.996, 77.059, 72.807, 69.914, 69.013, 68.317, 67.623, 67.831, 68.331, 68.228, 68.63], [69.403, 67.925, 66.4, 64.984, 62.202, 61.654, 61.463, 61.899, 62.047, 61.521, 60.719, 60.293, 60.545, 59.891, 58.821, 54.974, 52.405, 53.407, 54.394, 54.601, 54.64, 54.548, 54.051, 51.919, 46.786, 43.655, 43.922, 38.904, 30.932, 27.47, 27.861, 26.386, 25.213, 23.988, 20.448, 11.658, 0.0, 7.512, 11.003, 11.169, 13.147, 14.713, 15.793, 17.326, 18.252, 19.421, 22.556, 26.009, 27.946, 28.595, 28.76, 31.186, 36.269, 46.451, 56.237, 59.324, 59.828, 60.587, 62.869, 63.872, 63.745, 67.464, 73.425, 75.866, 75.93, 76.524, 77.142, 77.282, 77.306, 78.42, 79.897, 80.308, 79.955, 80.843, 82.424, 82.577, 80.582, 76.062, 72.833, 71.788, 71.07, 70.4, 70.547, 70.889, 70.744, 71.156], [69.154, 67.799, 66.799, 65.721, 62.931, 62.393, 62.285, 62.779, 62.928, 62.395, 61.547, 61.084, 61.267, 60.583, 59.513, 55.713, 53.183, 54.051, 54.874, 55.066, 55.189, 55.115, 54.578, 52.599, 47.903, 44.959, 45.109, 39.973, 31.978, 28.873, 29.271, 27.763, 26.563, 25.588, 22.753, 15.92, 7.512, 0.0, 6.607, 7.852, 9.686, 11.575, 12.743, 14.571, 15.967, 17.311, 21.06, 25.096, 27.241, 27.798, 28.108, 30.836, 35.878, 46.038, 55.915, 58.992, 59.49, 60.288, 62.514, 63.487, 63.381, 67.185, 73.263, 75.68, 75.712, 76.294, 76.903, 77.03, 76.997, 78.13, 79.697, 80.181, 79.835, 80.719, 82.362, 82.56, 80.576, 76.037, 72.762, 71.689, 70.966, 70.254, 70.379, 70.734, 70.579, 70.991], [68.099, 66.73, 65.589, 64.684, 62.409, 61.979, 61.853, 62.406, 62.673, 62.127, 61.267, 60.751, 60.898, 60.226, 59.063, 55.288, 52.909, 53.718, 54.412, 54.513, 54.631, 54.581, 54.048, 52.019, 47.382, 44.713, 44.846, 39.718, 31.897, 28.837, 29.228, 27.365, 25.839, 24.875, 22.538, 16.689, 11.003, 6.607, 0.0, 4.091, 8.818, 10.813, 11.294, 12.996, 14.488, 16.073, 19.913, 23.769, 26.185, 26.687, 27.004, 29.939, 34.88, 44.834, 54.694, 57.778, 58.302, 59.092, 61.299, 62.255, 62.185, 66.042, 72.144, 74.63, 74.8, 75.494, 76.111, 76.241, 76.166, 77.238, 78.793, 79.259, 78.936, 79.779, 81.338, 81.507, 79.544, 75.126, 71.991, 71.007, 70.337, 69.653, 69.754, 70.122, 69.971, 70.39], [69.181, 67.844, 66.702, 65.725, 63.506, 63.133, 63.001, 63.533, 63.759, 63.231, 62.41, 61.907, 62.067, 61.384, 60.297, 56.626, 54.264, 55.068, 55.787, 55.917, 56.016, 55.966, 55.459, 53.436, 48.68, 45.936, 46.131, 41.084, 33.302, 30.221, 30.659, 28.937, 27.533, 26.534, 24.034, 17.698, 11.169, 7.852, 4.091, 0.0, 6.53, 9.263, 10.194, 12.132, 13.643, 15.138, 18.732, 22.659, 25.053, 25.651, 26.017, 28.867, 33.971, 44.515, 54.766, 57.952, 58.478, 59.311, 61.623, 62.617, 62.514, 66.397, 72.57, 75.098, 75.251, 75.949, 76.561, 76.695, 76.668, 77.812, 79.456, 79.962, 79.642, 80.562, 82.209, 82.392, 80.417, 75.943, 72.738, 71.724, 71.041, 70.38, 70.506, 70.86, 70.703, 71.131], [70.061, 68.77, 67.786, 66.789, 64.369, 63.957, 63.847, 64.375, 64.503, 63.976, 63.184, 62.723, 62.885, 62.15, 61.142, 57.476, 54.916, 55.663, 56.464, 56.669, 56.764, 56.708, 56.199, 54.225, 49.532, 46.767, 46.956, 41.758, 33.856, 30.977, 31.306, 29.967, 28.997, 28.13, 25.611, 19.567, 13.147, 9.686, 8.818, 6.53, 0.0, 4.064, 6.593, 9.228, 11.176, 12.613, 16.444, 21.376, 23.785, 24.449, 25.048, 27.807, 33.033, 43.972, 54.596, 57.883, 58.446, 59.35, 61.702, 62.668, 62.485, 66.386, 72.557, 74.981, 75.038, 75.66, 76.225, 76.358, 76.379, 77.595, 79.287, 79.84, 79.527, 80.531, 82.438, 82.765, 80.796, 76.211, 72.839, 71.74, 71.023, 70.333, 70.488, 70.856, 70.686, 71.121], [69.718, 68.405, 67.44, 66.479, 64.017, 63.577, 63.467, 64.03, 64.178, 63.639, 62.851, 62.41, 62.539, 61.743, 60.744, 57.079, 54.48, 55.209, 56.031, 56.256, 56.339, 56.276, 55.76, 53.764, 49.129, 46.432, 46.579, 41.387, 33.576, 30.838, 31.048, 29.623, 28.725, 27.908, 25.534, 20.063, 14.713, 11.575, 10.813, 9.263, 4.064, 0.0, 3.904, 7.454, 9.651, 11.262, 15.711, 21.074, 23.371, 24.007, 24.744, 27.598, 32.827, 43.667, 54.217, 57.462, 58.036, 58.954, 61.28, 62.199, 62.003, 65.86, 71.951, 74.32, 74.392, 75.053, 75.615, 75.744, 75.762, 76.968, 78.654, 79.205, 78.89, 79.912, 81.915, 82.331, 80.397, 75.82, 72.434, 71.329, 70.603, 69.915, 70.116, 70.52, 70.349, 70.782], [68.97, 67.627, 66.62, 65.737, 63.351, 62.884, 62.766, 63.378, 63.691, 63.233, 62.428, 62.02, 62.226, 61.461, 60.418, 56.787, 54.285, 55.03, 55.814, 55.994, 56.095, 56.049, 55.546, 53.562, 48.959, 46.279, 46.389, 41.235, 33.56, 30.861, 31.088, 29.559, 28.546, 27.759, 25.523, 20.365, 15.793, 12.743, 11.294, 10.194, 6.593, 3.904, 0.0, 4.568, 7.462, 9.372, 14.465, 19.638, 21.916, 22.733, 23.552, 26.628, 31.861, 42.691, 53.218, 56.443, 57.005, 57.915, 60.243, 61.175, 61.028, 64.911, 71.016, 73.405, 73.506, 74.214, 74.789, 74.912, 74.93, 76.165, 77.898, 78.461, 78.15, 79.189, 81.191, 81.618, 79.694, 75.123, 71.726, 70.619, 69.903, 69.262, 69.496, 69.897, 69.729, 70.144], [68.212, 66.89, 65.888, 65.023, 62.657, 62.167, 62.066, 62.742, 63.146, 62.827, 62.078, 61.707, 62.012, 61.3, 60.279, 56.763, 54.408, 55.317, 56.215, 56.428, 56.546, 56.517, 56.008, 54.036, 49.486, 46.813, 46.788, 41.644, 34.176, 31.551, 31.808, 30.256, 29.143, 28.406, 26.271, 21.371, 17.326, 14.571, 12.996, 12.132, 9.228, 7.454, 4.568, 0.0, 3.988, 6.555, 12.688, 17.82, 19.852, 20.684, 21.558, 24.733, 29.906, 40.908, 51.624, 54.913, 55.503, 56.465, 58.837, 59.791, 59.681, 63.592, 69.727, 72.13, 72.239, 72.943, 73.488, 73.592, 73.621, 74.914, 76.718, 77.312, 77.018, 78.076, 80.1, 80.531, 78.609, 74.112, 70.792, 69.717, 69.02, 68.421, 68.685, 69.086, 68.921, 69.312], [67.686, 66.347, 65.303, 64.443, 62.083, 61.574, 61.489, 62.254, 62.674, 62.384, 61.717, 61.389, 61.756, 61.027, 59.99, 56.543, 54.233, 55.252, 56.292, 56.556, 56.667, 56.642, 56.126, 54.115, 49.532, 46.861, 46.691, 41.512, 34.127, 31.483, 31.764, 30.278, 29.28, 28.582, 26.429, 21.74, 18.252, 15.967, 14.488, 13.643, 11.176, 9.651, 7.462, 3.988, 0.0, 3.957, 11.533, 17.05, 19.105, 19.887, 20.789, 23.861, 28.92, 39.991, 50.766, 54.063, 54.663, 55.655, 58.044, 58.997, 58.909, 62.814, 68.922, 71.318, 71.43, 72.126, 72.643, 72.733, 72.759, 74.057, 75.879, 76.48, 76.187, 77.252, 79.283, 79.698, 77.769, 73.375, 70.213, 69.198, 68.513, 67.922, 68.2, 68.615, 68.451, 68.85], [68.485, 67.145, 66.14, 65.364, 63.046, 62.537, 62.492, 63.298, 63.742, 63.435, 62.74, 62.502, 63.084, 62.355, 61.287, 57.879, 55.441, 56.289, 57.261, 57.485, 57.56, 57.545, 57.104, 55.173, 50.584, 47.862, 47.657, 42.408, 35.068, 32.413, 32.8, 31.676, 30.838, 30.122, 27.896, 23.076, 19.421, 17.311, 16.073, 15.138, 12.613, 11.262, 9.372, 6.555, 3.957, 0.0, 8.63, 15.042, 18.028, 19.757, 21.018, 24.078, 29.015, 40.086, 50.997, 54.406, 55.013, 55.981, 58.376, 59.353, 59.268, 63.188, 69.274, 71.653, 71.733, 72.389, 72.886, 72.968, 73.03, 74.398, 76.303, 76.938, 76.653, 77.742, 79.774, 80.179, 78.216, 73.81, 70.649, 69.645, 68.989, 68.412, 68.624, 68.961, 68.775, 69.176], [69.693, 68.455, 67.626, 67.011, 64.917, 64.492, 64.549, 65.417, 65.856, 65.481, 64.738, 64.609, 65.672, 65.117, 64.067, 60.729, 58.047, 58.563, 59.374, 59.439, 59.386, 59.374, 59.108, 57.394, 52.814, 50.088, 49.96, 44.577, 37.351, 34.592, 35.328, 35.304, 34.81, 34.043, 31.782, 26.679, 22.556, 21.06, 19.913, 18.732, 16.444, 15.711, 14.465, 12.688, 11.533, 8.63, 0.0, 9.035, 15.339, 19.616, 21.67, 24.582, 29.047, 39.488, 50.761, 54.604, 55.308, 56.17, 58.607, 59.699, 59.54, 63.519, 69.595, 71.968, 72.01, 72.579, 73.047, 73.137, 73.334, 74.888, 76.877, 77.498, 77.242, 78.337, 80.29, 80.667, 78.661, 74.171, 70.892, 69.898, 69.363, 68.886, 68.9, 68.995, 68.767, 69.182], [69.407, 68.309, 67.719, 67.186, 65.236, 64.868, 64.976, 65.867, 66.376, 66.044, 65.275, 65.217, 66.513, 66.31, 65.439, 62.317, 60.107, 61.008, 61.97, 62.015, 61.989, 61.988, 61.738, 60.074, 55.478, 52.823, 52.742, 47.422, 40.462, 37.518, 38.41, 38.627, 37.942, 37.191, 35.089, 30.065, 26.009, 25.096, 23.769, 22.659, 21.376, 21.074, 19.638, 17.82, 17.05, 15.042, 9.035, 0.0, 9.704, 16.488, 18.836, 21.669, 25.677, 35.876, 47.63, 51.802, 52.59, 53.446, 56.016, 57.237, 57.081, 61.253, 67.576, 70.091, 70.191, 70.822, 71.282, 71.361, 71.651, 73.438, 75.645, 76.287, 76.048, 77.214, 79.137, 79.524, 77.497, 72.932, 69.519, 68.506, 68.086, 67.86, 67.916, 67.911, 67.67, 68.059], [68.861, 67.79, 67.303, 66.636, 64.461, 64.035, 64.108, 64.891, 65.3, 65.054, 64.342, 64.314, 65.466, 65.417, 64.994, 62.355, 60.727, 62.346, 63.759, 64.008, 64.039, 64.015, 63.683, 61.971, 57.417, 54.733, 54.562, 49.584, 42.788, 39.832, 40.624, 40.33, 39.376, 38.651, 36.581, 31.757, 27.946, 27.241, 26.185, 25.053, 23.785, 23.371, 21.916, 19.852, 19.105, 18.028, 15.339, 9.704, 0.0, 8.816, 12.17, 14.905, 19.139, 30.899, 43.571, 47.791, 48.584, 49.63, 52.423, 53.739, 53.598, 57.885, 64.59, 67.32, 67.565, 68.399, 68.883, 68.936, 69.225, 71.178, 73.65, 74.402, 74.162, 75.451, 77.508, 77.983, 76.091, 71.637, 68.261, 67.236, 66.811, 66.75, 67.173, 67.377, 67.167, 67.527], [66.347, 65.203, 64.67, 63.898, 61.525, 61.01, 60.983, 61.702, 62.019, 61.785, 61.13, 61.045, 61.893, 61.756, 61.531, 59.259, 58.066, 60.079, 61.789, 62.238, 62.34, 62.295, 61.835, 60.053, 55.649, 52.994, 52.733, 48.299, 42.091, 39.432, 40.02, 39.249, 38.24, 37.621, 35.741, 31.616, 28.595, 27.798, 26.687, 25.651, 24.449, 24.007, 22.733, 20.684, 19.887, 19.757, 19.616, 16.488, 8.816, 0.0, 5.267, 9.976, 14.753, 27.189, 40.103, 44.094, 44.874, 46.017, 48.803, 50.107, 49.99, 54.139, 60.919, 63.79, 64.251, 65.286, 65.801, 65.845, 66.019, 67.937, 70.537, 71.379, 71.138, 72.473, 74.621, 75.115, 73.335, 69.114, 65.978, 65.019, 64.583, 64.526, 65.216, 65.712, 65.545, 65.896], [65.163, 63.962, 63.279, 62.366, 59.94, 59.396, 59.299, 59.971, 60.272, 60.078, 59.469, 59.334, 60.053, 59.974, 59.781, 57.634, 56.967, 59.368, 61.176, 61.674, 61.801, 61.75, 61.247, 59.407, 54.997, 52.346, 52.084, 47.926, 42.086, 39.438, 39.907, 38.981, 37.898, 37.288, 35.417, 31.435, 28.76, 28.108, 27.004, 26.017, 25.048, 24.744, 23.552, 21.558, 20.789, 21.018, 21.67, 18.836, 12.17, 5.267, 0.0, 7.001, 12.591, 25.502, 38.412, 42.306, 43.072, 44.267, 47.125, 48.422, 48.337, 52.467, 59.255, 62.183, 62.68, 63.742, 64.27, 64.327, 64.495, 66.391, 68.97, 69.81, 69.567, 70.908, 73.081, 73.585, 71.81, 67.58, 64.462, 63.513, 63.055, 62.998, 63.768, 64.365, 64.251, 64.604], [66.469, 65.384, 64.68, 63.566, 61.14, 60.626, 60.562, 61.218, 61.413, 61.231, 60.701, 60.562, 61.257, 61.39, 61.425, 59.399, 58.931, 61.851, 63.954, 64.473, 64.585, 64.51, 64.006, 62.219, 57.912, 55.32, 54.979, 50.785, 44.834, 41.841, 42.223, 41.42, 40.429, 39.891, 37.936, 33.834, 31.186, 30.836, 29.939, 28.867, 27.807, 27.598, 26.628, 24.733, 23.861, 24.078, 24.582, 21.669, 14.905, 9.976, 7.001, 0.0, 7.776, 23.997, 37.764, 41.825, 42.63, 43.933, 46.945, 48.302, 48.238, 52.473, 59.355, 62.317, 62.789, 63.814, 64.322, 64.397, 64.644, 66.59, 69.121, 69.931, 69.701, 71.049, 73.247, 73.799, 72.12, 67.97, 64.894, 63.956, 63.5, 63.466, 64.281, 64.908, 64.841, 65.265], [66.274, 65.331, 64.794, 63.694, 61.335, 60.823, 60.768, 61.464, 61.616, 61.44, 60.964, 60.868, 61.653, 61.955, 62.137, 60.371, 60.18, 63.436, 65.746, 66.273, 66.389, 66.305, 65.808, 64.189, 60.285, 57.897, 57.345, 53.301, 47.83, 45.001, 45.466, 44.94, 44.068, 43.66, 41.938, 38.418, 36.269, 35.878, 34.88, 33.971, 33.033, 32.827, 31.861, 29.906, 28.92, 29.015, 29.047, 25.677, 19.139, 14.753, 12.591, 7.776, 0.0, 18.711, 33.416, 37.715, 38.601, 40.026, 43.158, 44.592, 44.566, 48.848, 55.867, 58.945, 59.496, 60.546, 61.008, 61.076, 61.393, 63.517, 66.266, 67.157, 66.975, 68.382, 70.6, 71.209, 69.614, 65.655, 62.757, 61.904, 61.547, 61.646, 62.522, 63.162, 63.113, 63.572], [61.533, 60.72, 60.394, 59.39, 57.329, 56.747, 56.466, 57.093, 57.148, 56.87, 56.464, 56.472, 57.655, 58.246, 58.672, 58.017, 59.018, 62.728, 65.109, 65.591, 65.637, 65.524, 65.128, 63.844, 60.852, 59.078, 58.111, 54.772, 51.24, 49.467, 50.419, 50.591, 50.159, 49.979, 48.86, 47.001, 46.451, 46.038, 44.834, 44.515, 43.972, 43.667, 42.691, 40.908, 39.991, 40.086, 39.488, 35.876, 30.899, 27.189, 25.502, 23.997, 18.711, 0.0, 15.697, 20.851, 22.187, 23.637, 26.861, 28.483, 28.418, 32.746, 40.017, 43.373, 44.221, 45.528, 45.963, 46.051, 46.758, 49.554, 52.832, 53.88, 53.819, 55.347, 57.588, 58.408, 57.007, 53.478, 51.177, 50.706, 50.768, 51.401, 52.454, 53.088, 53.069, 53.503], [59.324, 58.552, 58.259, 57.287, 55.568, 54.893, 54.326, 54.799, 54.842, 54.554, 54.25, 54.349, 55.75, 56.567, 57.158, 57.648, 59.922, 63.983, 66.362, 66.841, 66.882, 66.754, 66.42, 65.388, 63.212, 61.995, 60.774, 58.318, 56.527, 55.584, 56.749, 57.108, 56.927, 56.938, 56.274, 55.624, 56.237, 55.915, 54.694, 54.766, 54.596, 54.217, 53.218, 51.624, 50.766, 50.997, 50.761, 47.63, 43.571, 40.103, 38.412, 37.764, 33.416, 15.697, 0.0, 6.246, 8.511, 10.111, 13.421, 15.152, 15.189, 19.271, 26.713, 30.425, 31.526, 33.222, 33.726, 33.797, 34.814, 38.223, 42.055, 43.335, 43.395, 45.052, 47.284, 48.322, 47.212, 44.305, 42.852, 42.837, 43.261, 44.448, 45.867, 46.621, 46.664, 47.008], [59.357, 58.54, 58.234, 57.257, 55.581, 54.836, 54.142, 54.539, 54.594, 54.341, 54.083, 54.212, 55.536, 56.342, 56.974, 57.847, 60.603, 64.81, 67.222, 67.762, 67.844, 67.716, 67.364, 66.369, 64.428, 63.338, 62.044, 59.91, 58.579, 57.875, 59.018, 59.246, 59.095, 59.171, 58.636, 58.359, 59.324, 58.992, 57.778, 57.952, 57.883, 57.462, 56.443, 54.913, 54.063, 54.406, 54.604, 51.802, 47.791, 44.094, 42.306, 41.825, 37.715, 20.851, 6.246, 0.0, 3.114, 5.643, 9.376, 11.084, 11.429, 15.409, 23.217, 27.175, 28.375, 30.321, 30.894, 30.882, 31.724, 35.146, 39.283, 40.755, 40.834, 42.615, 44.927, 46.012, 45.04, 42.405, 41.26, 41.342, 41.783, 43.087, 44.794, 45.74, 45.811, 46.097], [59.836, 58.997, 58.656, 57.67, 56.008, 55.241, 54.52, 54.897, 54.976, 54.728, 54.464, 54.64, 55.998, 56.786, 57.406, 58.334, 61.151, 65.329, 67.716, 68.257, 68.344, 68.221, 67.895, 66.918, 64.965, 63.83, 62.536, 60.457, 59.139, 58.445, 59.632, 59.862, 59.723, 59.796, 59.23, 58.895, 59.828, 59.49, 58.302, 58.478, 58.446, 58.036, 57.005, 55.503, 54.663, 55.013, 55.308, 52.59, 48.584, 44.874, 43.072, 42.63, 38.601, 22.187, 8.511, 3.114, 0.0, 3.739, 8.282, 10.15, 10.551, 14.817, 23.051, 27.12, 28.223, 30.195, 30.837, 30.803, 31.59, 35.042, 39.274, 40.789, 40.859, 42.718, 45.072, 46.134, 45.169, 42.503, 41.309, 41.343, 41.736, 43.02, 44.769, 45.719, 45.786, 46.051], [59.637, 58.801, 58.49, 57.567, 55.963, 55.196, 54.483, 54.874, 54.944, 54.623, 54.324, 54.538, 55.984, 56.769, 57.369, 58.348, 61.139, 65.202, 67.537, 68.059, 68.136, 68.008, 67.714, 66.809, 64.946, 63.816, 62.507, 60.558, 59.44, 58.802, 60.041, 60.412, 60.354, 60.437, 59.874, 59.575, 60.587, 60.288, 59.092, 59.311, 59.35, 58.954, 57.915, 56.465, 55.655, 55.981, 56.17, 53.446, 49.63, 46.017, 44.267, 43.933, 40.026, 23.637, 10.111, 5.643, 3.739, 0.0, 5.428, 7.909, 8.317, 12.845, 21.366, 25.584, 26.967, 29.248, 30.051, 30.031, 30.828, 34.367, 38.615, 40.073, 40.147, 42.018, 44.272, 45.269, 44.354, 41.773, 40.624, 40.687, 41.153, 42.486, 44.168, 45.037, 45.092, 45.371], [59.392, 58.645, 58.538, 57.736, 56.159, 55.388, 54.706, 55.13, 55.165, 54.752, 54.419, 54.667, 56.142, 56.908, 57.476, 58.584, 61.437, 65.417, 67.725, 68.25, 68.336, 68.206, 67.909, 67.095, 65.577, 64.633, 63.22, 61.491, 60.802, 60.401, 61.649, 62.064, 62.079, 62.216, 61.764, 61.7, 62.869, 62.514, 61.299, 61.623, 61.702, 61.28, 60.243, 58.837, 58.044, 58.376, 58.607, 56.016, 52.423, 48.803, 47.125, 46.945, 43.158, 26.861, 13.421, 9.376, 8.282, 5.428, 0.0, 3.523, 5.207, 9.607, 18.168, 22.441, 24.276, 27.102, 28.05, 27.978, 28.711, 32.392, 36.808, 38.308, 38.409, 40.315, 42.519, 43.522, 42.774, 40.576, 39.785, 39.984, 40.578, 41.985, 43.648, 44.511, 44.559, 44.853], [59.173, 58.436, 58.325, 57.537, 55.99, 55.212, 54.512, 54.948, 54.968, 54.528, 54.209, 54.449, 55.885, 56.669, 57.209, 58.352, 61.302, 65.3