[[0.0, 7.052, 10.586, 15.013, 19.314, 21.915, 23.013, 23.465, 24.5, 25.713, 27.103, 29.925, 31.967, 31.794, 33.486, 35.272, 37.648, 42.165, 46.292, 47.406, 48.94, 49.754, 48.769, 48.207, 47.971, 46.616, 45.362, 47.626, 49.72, 50.667, 51.134, 50.626, 50.071, 51.826, 54.969, 55.624, 55.364, 55.051, 55.872, 57.798, 59.486, 60.502, 58.268, 54.381, 52.889, 53.072, 54.082, 55.018, 54.944, 54.067, 52.833, 52.577, 53.821, 54.903, 54.803, 54.113, 54.005, 55.023, 55.764, 56.695, 57.756, 57.922, 57.737, 58.049, 58.134, 57.294, 56.606, 56.254, 55.628, 54.676, 54.569, 54.579, 54.572, 54.512, 54.425, 54.151, 53.769, 54.54, 55.935, 56.868, 57.391, 57.947, 58.553, 59.558, 60.571, 60.719], [7.052, 0.0, 5.103, 11.161, 15.986, 18.542, 19.686, 20.144, 21.097, 22.436, 24.234, 27.704, 30.056, 29.811, 31.306, 32.801, 34.785, 38.933, 43.074, 44.301, 46.0, 46.93, 46.087, 45.75, 45.742, 44.698, 44.129, 47.02, 49.455, 50.606, 51.139, 50.466, 49.83, 52.046, 55.76, 56.66, 56.463, 56.236, 57.309, 59.472, 61.246, 62.438, 60.327, 56.191, 54.275, 54.2, 55.05, 55.959, 55.936, 55.076, 53.837, 53.638, 54.955, 56.022, 55.897, 55.32, 55.361, 56.442, 57.239, 58.225, 59.274, 59.404, 59.148, 59.315, 59.356, 58.568, 57.867, 57.459, 56.825, 55.888, 55.736, 55.706, 55.704, 55.656, 55.577, 55.244, 54.893, 55.918, 57.606, 58.704, 59.286, 59.862, 60.502, 61.549, 62.514, 62.551], [10.586, 5.103, 0.0, 6.898, 12.492, 15.572, 16.94, 17.432, 18.441, 20.078, 22.277, 25.823, 27.971, 27.633, 29.153, 30.728, 32.712, 36.892, 41.164, 42.421, 44.161, 45.222, 44.559, 44.284, 44.328, 43.473, 43.49, 46.737, 49.237, 50.401, 50.964, 50.24, 49.539, 51.829, 55.657, 56.677, 56.646, 56.613, 57.807, 60.035, 61.93, 63.203, 61.068, 56.782, 54.623, 54.334, 55.059, 55.978, 56.017, 55.283, 54.207, 54.106, 55.451, 56.483, 56.374, 55.87, 55.964, 57.027, 57.796, 58.682, 59.585, 59.631, 59.354, 59.509, 59.553, 58.784, 58.061, 57.598, 56.962, 56.097, 55.96, 55.904, 55.895, 55.886, 55.827, 55.48, 55.217, 56.371, 58.181, 59.407, 60.084, 60.702, 61.356, 62.372, 63.28, 63.31], [15.013, 11.161, 6.898, 0.0, 6.504, 10.908, 12.887, 13.518, 14.995, 17.443, 20.248, 23.495, 25.104, 24.71, 26.323, 28.083, 30.268, 34.91, 39.504, 40.745, 42.368, 43.491, 43.012, 42.714, 42.713, 41.98, 42.647, 46.174, 48.717, 50.012, 50.694, 49.975, 49.317, 51.735, 55.608, 56.722, 56.881, 57.136, 58.464, 60.708, 62.7, 63.909, 61.577, 56.997, 54.509, 54.061, 54.766, 55.742, 55.846, 55.284, 54.456, 54.471, 55.812, 56.766, 56.67, 56.314, 56.567, 57.625, 58.329, 59.006, 59.627, 59.518, 59.201, 59.346, 59.402, 58.678, 57.966, 57.471, 56.911, 56.276, 56.23, 56.146, 56.128, 56.175, 56.209, 55.934, 55.878, 57.252, 59.19, 60.54, 61.333, 62.013, 62.699, 63.689, 64.604, 64.768], [19.314, 15.986, 12.492, 6.504, 0.0, 5.53, 8.252, 9.269, 11.737, 15.361, 18.737, 21.785, 23.089, 22.696, 24.305, 25.985, 28.116, 33.215, 38.247, 39.419, 40.809, 41.918, 41.561, 41.298, 41.282, 40.569, 41.569, 45.241, 47.881, 49.449, 50.351, 49.722, 49.182, 51.724, 55.613, 56.789, 57.029, 57.467, 59.046, 61.526, 63.646, 64.708, 62.111, 57.21, 54.449, 53.94, 54.635, 55.583, 55.662, 55.136, 54.418, 54.475, 55.773, 56.654, 56.547, 56.274, 56.646, 57.709, 58.37, 58.914, 59.387, 59.251, 58.968, 59.125, 59.197, 58.506, 57.803, 57.303, 56.817, 56.317, 56.277, 56.145, 56.119, 56.191, 56.326, 56.153, 56.278, 57.871, 59.947, 61.411, 62.279, 62.983, 63.695, 64.669, 65.589, 65.863], [21.915, 18.542, 15.572, 10.908, 5.53, 0.0, 3.339, 5.467, 9.465, 14.084, 17.819, 21.065, 22.443, 22.076, 23.69, 25.092, 26.89, 32.275, 37.819, 38.951, 40.108, 41.111, 40.789, 40.661, 40.711, 39.987, 40.963, 44.662, 47.383, 49.126, 50.2, 49.662, 49.152, 51.699, 55.584, 56.766, 56.971, 57.406, 59.213, 62.069, 64.35, 65.292, 62.465, 57.329, 54.464, 54.025, 54.718, 55.569, 55.554, 54.946, 54.19, 54.236, 55.502, 56.381, 56.287, 56.008, 56.382, 57.442, 58.087, 58.622, 59.138, 59.13, 59.01, 59.288, 59.4, 58.667, 57.908, 57.39, 56.891, 56.286, 56.122, 55.955, 55.929, 56.0, 56.193, 56.079, 56.252, 57.911, 60.008, 61.489, 62.342, 63.018, 63.751, 64.718, 65.601, 65.866], [23.013, 19.686, 16.94, 12.887, 8.252, 3.339, 0.0, 3.444, 8.594, 13.754, 17.688, 21.03, 22.411, 22.073, 23.782, 25.153, 26.843, 32.38, 38.159, 39.233, 40.29, 41.245, 40.957, 40.909, 40.966, 40.161, 40.947, 44.554, 47.268, 49.053, 50.199, 49.722, 49.218, 51.707, 55.539, 56.709, 56.897, 57.304, 59.139, 62.127, 64.492, 65.38, 62.44, 57.217, 54.343, 53.962, 54.67, 55.449, 55.353, 54.676, 53.891, 53.916, 55.17, 56.077, 55.993, 55.675, 56.012, 57.05, 57.682, 58.219, 58.77, 58.848, 58.851, 59.237, 59.376, 58.601, 57.814, 57.299, 56.794, 56.121, 55.898, 55.731, 55.714, 55.786, 56.01, 55.928, 56.094, 57.739, 59.807, 61.277, 62.118, 62.788, 63.561, 64.545, 65.418, 65.677], [23.465, 20.144, 17.432, 13.518, 9.269, 5.467, 3.444, 0.0, 5.77, 11.56, 15.927, 19.524, 21.005, 20.671, 22.503, 24.022, 25.744, 31.353, 37.189, 38.19, 39.232, 40.185, 39.886, 39.826, 39.829, 38.967, 39.825, 43.568, 46.295, 48.061, 49.229, 48.763, 48.273, 50.845, 54.769, 55.98, 56.188, 56.64, 58.514, 61.469, 63.822, 64.787, 61.95, 56.811, 53.961, 53.548, 54.272, 55.054, 54.926, 54.258, 53.509, 53.547, 54.838, 55.789, 55.709, 55.381, 55.715, 56.741, 57.368, 57.906, 58.442, 58.504, 58.515, 58.911, 59.06, 58.321, 57.562, 57.051, 56.54, 55.872, 55.64, 55.461, 55.452, 55.556, 55.827, 55.762, 55.922, 57.574, 59.659, 61.147, 61.996, 62.676, 63.483, 64.488, 65.369, 65.645], [24.5, 21.097, 18.441, 14.995, 11.737, 9.465, 8.594, 5.77, 0.0, 6.421, 11.77, 16.28, 18.211, 17.912, 19.958, 21.773, 23.559, 29.297, 35.247, 36.161, 37.165, 38.08, 37.719, 37.6, 37.491, 36.601, 37.863, 42.058, 44.793, 46.386, 47.495, 46.95, 46.38, 49.132, 53.342, 54.687, 54.944, 55.516, 57.556, 60.446, 62.651, 63.755, 61.277, 56.546, 53.893, 53.434, 54.187, 55.052, 54.981, 54.408, 53.731, 53.794, 55.155, 56.176, 56.131, 55.835, 56.178, 57.18, 57.803, 58.362, 58.874, 58.868, 58.85, 59.257, 59.432, 58.77, 58.071, 57.554, 57.01, 56.341, 56.1, 55.892, 55.884, 56.051, 56.4, 56.355, 56.488, 58.084, 60.144, 61.626, 62.45, 63.099, 63.895, 64.906, 65.795, 66.072], [25.713, 22.436, 20.078, 17.443, 15.361, 14.084, 13.754, 11.56, 6.421, 0.0, 6.48, 12.487, 15.316, 15.162, 17.331, 19.388, 21.374, 27.453, 33.647, 34.564, 35.54, 36.394, 35.928, 35.712, 35.465, 34.54, 36.241, 40.979, 43.69, 44.929, 45.899, 45.271, 44.613, 47.523, 52.006, 53.48, 53.804, 54.5, 56.687, 59.429, 61.299, 62.463, 60.442, 56.327, 54.073, 53.663, 54.474, 55.466, 55.507, 55.034, 54.4, 54.497, 55.926, 56.992, 56.969, 56.712, 57.068, 58.046, 58.664, 59.271, 59.8, 59.721, 59.665, 60.122, 60.348, 59.748, 59.097, 58.594, 58.05, 57.388, 57.154, 56.939, 56.916, 57.134, 57.585, 57.592, 57.689, 59.188, 61.18, 62.617, 63.393, 63.981, 64.724, 65.724, 66.617, 66.877], [27.103, 24.234, 22.277, 20.248, 18.737, 17.819, 17.688, 15.927, 11.77, 6.48, 0.0, 7.322, 11.544, 11.723, 13.645, 15.832, 18.604, 25.442, 31.954, 32.939, 33.809, 34.635, 34.091, 33.764, 33.372, 32.362, 34.32, 39.532, 42.317, 43.36, 44.312, 43.753, 43.191, 46.179, 50.671, 52.18, 52.594, 53.416, 55.716, 58.366, 59.989, 61.171, 59.482, 55.84, 53.972, 53.66, 54.404, 55.374, 55.446, 55.017, 54.423, 54.617, 56.098, 57.128, 57.097, 56.865, 57.256, 58.273, 58.913, 59.602, 60.226, 60.144, 60.072, 60.554, 60.808, 60.266, 59.668, 59.235, 58.793, 58.197, 57.953, 57.723, 57.67, 57.885, 58.421, 58.496, 58.562, 60.007, 61.987, 63.403, 64.156, 64.727, 65.431, 66.394, 67.268, 67.515], [29.925, 27.704, 25.823, 23.495, 21.785, 21.065, 21.03, 19.524, 16.28, 12.487, 7.322, 0.0, 5.391, 6.389, 8.155, 11.462, 16.309, 24.536, 31.316, 32.253, 32.894, 33.748, 33.31, 32.773, 32.034, 30.639, 32.657, 38.055, 40.938, 42.069, 43.123, 42.661, 42.332, 45.369, 49.673, 51.179, 51.75, 52.799, 55.149, 57.698, 59.276, 60.41, 58.786, 55.321, 53.598, 53.344, 54.02, 54.951, 55.072, 54.812, 54.434, 54.756, 56.207, 57.136, 57.114, 56.908, 57.313, 58.33, 58.941, 59.544, 60.084, 59.942, 59.848, 60.349, 60.65, 60.227, 59.737, 59.405, 59.144, 58.765, 58.564, 58.305, 58.226, 58.439, 59.072, 59.235, 59.347, 60.808, 62.836, 64.328, 65.158, 65.781, 66.48, 67.387, 68.252, 68.592], [31.967, 30.056, 27.971, 25.104, 23.089, 22.443, 22.411, 21.005, 18.211, 15.316, 11.544, 5.391, 0.0, 2.726, 6.051, 10.776, 16.561, 25.156, 31.944, 32.797, 33.33, 34.231, 33.989, 33.386, 32.432, 30.801, 32.857, 38.142, 41.017, 42.255, 43.357, 42.886, 42.617, 45.66, 49.856, 51.345, 52.023, 53.227, 55.562, 58.082, 59.762, 60.881, 59.148, 55.555, 53.703, 53.439, 54.148, 55.114, 55.297, 55.187, 55.005, 55.391, 56.788, 57.662, 57.675, 57.503, 57.91, 58.887, 59.442, 59.891, 60.261, 60.061, 59.982, 60.523, 60.849, 60.452, 59.989, 59.678, 59.48, 59.222, 59.067, 58.809, 58.723, 58.948, 59.618, 59.801, 59.966, 61.464, 63.513, 65.066, 65.964, 66.627, 67.338, 68.207, 69.06, 69.476], [31.794, 29.811, 27.633, 24.71, 22.696, 22.076, 22.073, 20.671, 17.912, 15.162, 11.723, 6.389, 2.726, 0.0, 4.909, 10.313, 16.16, 24.561, 31.293, 32.183, 32.857, 33.864, 33.659, 33.089, 32.156, 30.521, 32.557, 37.819, 40.737, 42.055, 43.168, 42.668, 42.367, 45.428, 49.682, 51.186, 51.875, 53.088, 55.439, 58.023, 59.795, 61.041, 59.439, 55.934, 54.096, 53.801, 54.482, 55.43, 55.586, 55.423, 55.198, 55.563, 56.953, 57.826, 57.836, 57.649, 58.037, 59.008, 59.566, 60.015, 60.38, 60.182, 60.09, 60.605, 60.924, 60.55, 60.117, 59.822, 59.602, 59.297, 59.121, 58.86, 58.77, 58.98, 59.604, 59.717, 59.796, 61.227, 63.251, 64.801, 65.7, 66.36, 67.076, 67.949, 68.789, 69.186], [33.486, 31.306, 29.153, 26.323, 24.305, 23.69, 23.782, 22.503, 19.958, 17.331, 13.645, 8.155, 6.051, 4.909, 0.0, 6.437, 13.347, 22.453, 29.535, 30.623, 31.388, 32.419, 32.256, 31.744, 30.83, 29.245, 31.688, 37.311, 40.413, 41.838, 42.953, 42.412, 42.181, 45.452, 49.855, 51.403, 52.09, 53.356, 55.823, 58.421, 60.124, 61.408, 59.96, 56.616, 54.809, 54.446, 55.017, 55.928, 56.146, 56.058, 55.863, 56.246, 57.638, 58.475, 58.463, 58.305, 58.725, 59.711, 60.302, 60.788, 61.145, 60.888, 60.696, 61.111, 61.472, 61.253, 60.903, 60.622, 60.435, 60.197, 60.01, 59.73, 59.643, 59.838, 60.494, 60.609, 60.691, 62.175, 64.28, 65.88, 66.809, 67.483, 68.187, 69.054, 69.904, 70.313], [35.272, 32.801, 30.728, 28.083, 25.985, 25.092, 25.153, 24.022, 21.773, 19.388, 15.832, 11.462, 10.776, 10.313, 6.437, 0.0, 8.153, 18.715, 26.648, 28.08, 28.73, 29.615, 29.551, 29.35, 28.671, 27.515, 30.902, 37.114, 40.463, 42.006, 43.112, 42.547, 42.33, 45.843, 50.44, 51.982, 52.576, 53.837, 56.556, 59.406, 61.108, 62.291, 60.66, 57.065, 55.104, 54.727, 55.208, 56.057, 56.351, 56.384, 56.229, 56.686, 58.107, 58.893, 58.893, 58.794, 59.251, 60.274, 60.928, 61.485, 61.894, 61.635, 61.365, 61.686, 62.076, 61.891, 61.47, 61.109, 60.915, 60.671, 60.425, 60.131, 60.043, 60.215, 60.886, 61.027, 61.218, 62.882, 65.094, 66.681, 67.574, 68.247, 68.91, 69.733, 70.545, 70.911], [37.648, 34.785, 32.712, 30.268, 28.116, 26.89, 26.843, 25.744, 23.559, 21.374, 18.604, 16.309, 16.561, 16.16, 13.347, 8.153, 0.0, 12.132, 21.395, 23.281, 24.006, 24.895, 25.05, 25.362, 25.01, 24.392, 29.123, 36.101, 39.79, 41.594, 42.702, 42.033, 41.797, 45.678, 50.652, 52.248, 52.763, 54.069, 57.132, 60.36, 62.171, 63.381, 61.716, 57.912, 55.703, 55.241, 55.645, 56.431, 56.773, 56.856, 56.668, 57.158, 58.608, 59.371, 59.392, 59.308, 59.727, 60.732, 61.429, 62.059, 62.527, 62.304, 61.953, 62.113, 62.486, 62.294, 61.77, 61.296, 61.036, 60.703, 60.358, 60.029, 59.939, 60.089, 60.737, 60.851, 61.083, 62.9, 65.229, 66.813, 67.663, 68.309, 68.94, 69.759, 70.555, 70.866], [42.165, 38.933, 36.892, 34.91, 33.215, 32.275, 32.38, 31.353, 29.297, 27.453, 25.442, 24.536, 25.156, 24.561, 22.453, 18.715, 12.132, 0.0, 10.526, 13.538, 15.326, 17.175, 17.992, 19.228, 19.58, 20.532, 27.865, 35.773, 39.921, 42.292, 43.443, 42.622, 42.51, 46.875, 52.273, 54.006, 54.527, 55.904, 59.21, 62.625, 64.6, 66.358, 65.416, 61.865, 59.389, 58.54, 58.581, 59.18, 59.534, 59.59, 59.288, 59.862, 61.359, 62.004, 62.008, 61.966, 62.369, 63.384, 64.155, 64.955, 65.578, 65.412, 64.861, 64.541, 64.665, 64.5, 64.022, 63.607, 63.416, 63.077, 62.694, 62.323, 62.201, 62.329, 62.857, 62.742, 62.715, 64.551, 67.097, 68.737, 69.566, 70.227, 70.813, 71.611, 72.358, 72.544], [46.292, 43.074, 41.164, 39.504, 38.247, 37.819, 38.159, 37.189, 35.247, 33.647, 31.954, 31.316, 31.944, 31.293, 29.535, 26.648, 21.395, 10.526, 0.0, 5.307, 10.132, 13.824, 15.292, 16.908, 17.933, 20.543, 29.287, 37.21, 41.456, 44.253, 45.438, 44.552, 44.539, 49.042, 54.574, 56.405, 56.952, 58.347, 61.62, 64.871, 66.886, 69.141, 68.92, 65.835, 63.342, 62.183, 61.936, 62.426, 62.797, 62.848, 62.481, 63.124, 64.699, 65.238, 65.186, 65.18, 65.618, 66.658, 67.463, 68.348, 69.027, 68.845, 68.089, 67.315, 67.171, 67.084, 66.755, 66.474, 66.387, 66.128, 65.798, 65.408, 65.257, 65.385, 65.803, 65.48, 65.167, 66.864, 69.519, 71.215, 72.054, 72.741, 73.279, 74.044, 74.765, 74.881], [47.406, 44.301, 42.421, 40.745, 39.419, 38.951, 39.233, 38.19, 36.161, 34.564, 32.939, 32.253, 32.797, 32.183, 30.623, 28.08, 23.281, 13.538, 5.307, 0.0, 7.019, 11.817, 13.743, 15.581, 16.732, 19.552, 28.449, 36.283, 40.504, 43.473, 44.761, 43.891, 43.89, 48.366, 53.919, 55.831, 56.431, 57.873, 61.137, 64.317, 66.375, 68.733, 68.661, 65.759, 63.338, 62.144, 61.86, 62.298, 62.652, 62.727, 62.388, 63.041, 64.683, 65.315, 65.308, 65.302, 65.732, 66.754, 67.539, 68.418, 69.11, 68.973, 68.27, 67.491, 67.297, 67.189, 66.887, 66.642, 66.578, 66.335, 66.015, 65.626, 65.483, 65.645, 66.095, 65.781, 65.401, 66.993, 69.606, 71.311, 72.153, 72.843, 73.388, 74.146, 74.877, 75.016], [48.94, 46.0, 44.161, 42.368, 40.809, 40.108, 40.29, 39.232, 37.165, 35.54, 33.809, 32.894, 33.33, 32.857, 31.388, 28.73, 24.006, 15.326, 10.132, 7.019, 0.0, 5.843, 9.284, 12.247, 13.967, 17.676, 27.662, 35.71, 39.796, 42.695, 43.955, 43.025, 42.913, 47.317, 52.796, 54.694, 55.307, 56.81, 60.206, 63.496, 65.626, 67.934, 67.69, 64.603, 62.128, 61.032, 60.696, 61.023, 61.394, 61.627, 61.44, 62.197, 63.833, 64.498, 64.734, 64.962, 65.524, 66.613, 67.424, 68.295, 68.994, 68.913, 68.329, 67.697, 67.554, 67.345, 66.936, 66.695, 66.735, 66.562, 66.226, 65.837, 65.695, 65.905, 66.436, 66.209, 65.948, 67.594, 70.112, 71.643, 72.353, 73.037, 73.57, 74.244, 74.949, 75.167], [49.754, 46.93, 45.222, 43.491, 41.918, 41.111, 41.245, 40.185, 38.08, 36.394, 34.635, 33.748, 34.231, 33.864, 32.419, 29.615, 24.895, 17.175, 13.824, 11.817, 5.843, 0.0, 5.159, 9.683, 12.198, 16.82, 27.5, 35.601, 39.416, 42.119, 43.264, 42.205, 41.937, 46.397, 51.94, 53.761, 54.262, 55.778, 59.349, 62.757, 64.925, 67.209, 66.837, 63.641, 61.235, 60.365, 60.138, 60.46, 60.851, 61.178, 61.066, 61.862, 63.498, 64.204, 64.633, 65.075, 65.776, 66.938, 67.786, 68.665, 69.367, 69.325, 68.842, 68.344, 68.279, 68.045, 67.576, 67.297, 67.337, 67.146, 66.765, 66.37, 66.233, 66.477, 67.067, 66.901, 66.737, 68.404, 70.781, 72.115, 72.666, 73.297, 73.818, 74.467, 75.18, 75.456], [48.769, 46.087, 44.559, 43.012, 41.561, 40.789, 40.957, 39.886, 37.719, 35.928, 34.091, 33.31, 33.989, 33.659, 32.256, 29.551, 25.05, 17.992, 15.292, 13.743, 9.284, 5.159, 0.0, 5.52, 9.028, 14.821, 25.898, 33.907, 37.423, 39.991, 41.16, 40.082, 39.792, 44.384, 50.058, 51.852, 52.242, 53.706, 57.363, 60.832, 63.075, 65.482, 65.198, 62.129, 59.892, 59.158, 59.069, 59.463, 59.832, 60.12, 59.978, 60.784, 62.48, 63.248, 63.72, 64.215, 65.008, 66.261, 67.139, 68.04, 68.769, 68.761, 68.355, 67.959, 67.958, 67.751, 67.293, 66.993, 66.954, 66.654, 66.201, 65.78, 65.635, 65.88, 66.478, 66.306, 66.109, 67.69, 69.953, 71.192, 71.666, 72.239, 72.735, 73.374, 74.077, 74.338], [48.207, 45.75, 44.284, 42.714, 41.298, 40.661, 40.909, 39.826, 37.6, 35.712, 33.764, 32.773, 33.386, 33.089, 31.744, 29.35, 25.362, 19.228, 16.908, 15.581, 12.247, 9.683, 5.52, 0.0, 4.769, 12.14, 23.873, 31.792, 34.981, 37.417, 38.704, 37.686, 37.48, 42.203, 47.94, 49.759, 50.171, 51.671, 55.33, 58.751, 61.064, 63.611, 63.462, 60.566, 58.38, 57.54, 57.471, 57.96, 58.343, 58.649, 58.571, 59.449, 61.225, 62.003, 62.46, 62.983, 63.904, 65.282, 66.182, 67.046, 67.727, 67.706, 67.349, 67.038, 67.091, 66.938, 66.526, 66.242, 66.187, 65.868, 65.39, 64.941, 64.782, 65.031, 65.658, 65.492, 65.266, 66.8, 69.067, 70.363, 70.879, 71.446, 71.928, 72.552, 73.237, 73.504], [47.971, 45.742, 44.328, 42.713, 41.282, 40.711, 40.966, 39.829, 37.491, 35.465, 33.372, 32.034, 32.432, 32.156, 30.83, 28.671, 25.01, 19.58, 17.933, 16.732, 13.967, 12.198, 9.028, 4.769, 0.0, 8.42, 21.24, 29.529, 32.742, 35.204, 36.602, 35.658, 35.659, 40.557, 46.303, 48.126, 48.593, 50.189, 53.863, 57.21, 59.478, 62.038, 61.976, 59.253, 57.105, 56.185, 56.138, 56.682, 57.095, 57.457, 57.458, 58.363, 60.13, 60.897, 61.325, 61.779, 62.648, 64.012, 64.898, 65.73, 66.375, 66.335, 65.999, 65.748, 65.848, 65.755, 65.414, 65.185, 65.175, 64.908, 64.448, 63.993, 63.832, 64.094, 64.786, 64.68, 64.457, 65.98, 68.285, 69.664, 70.246, 70.831, 71.326, 71.955, 72.653, 72.964], [46.616, 44.698, 43.473, 41.98, 40.569, 39.987, 40.161, 38.967, 36.601, 34.54, 32.362, 30.639, 30.801, 30.521, 29.245, 27.515, 24.392, 20.532, 20.543, 19.552, 17.676, 16.82, 14.821, 12.14, 8.42, 0.0, 14.016, 23.278, 27.242, 30.325, 32.083, 31.32, 31.683, 36.758, 42.48, 44.296, 44.823, 46.503, 50.186, 53.568, 55.876, 58.456, 58.444, 55.896, 53.958, 53.229, 53.381, 53.943, 54.268, 54.562, 54.552, 55.367, 57.103, 57.975, 58.361, 58.586, 59.269, 60.558, 61.402, 62.284, 63.058, 63.104, 62.827, 62.676, 62.868, 62.893, 62.691, 62.584, 62.657, 62.432, 61.969, 61.495, 61.329, 61.582, 62.373, 62.368, 62.115, 63.565, 65.823, 67.243, 67.886, 68.483, 69.032, 69.724, 70.494, 70.899], [45.362, 44.129, 43.49, 42.647, 41.569, 40.963, 40.947, 39.825, 37.863, 36.241, 34.32, 32.657, 32.857, 32.557, 31.688, 30.902, 29.123, 27.865, 29.287, 28.449, 27.662, 27.5, 25.898, 23.873, 21.24, 14.016, 0.0, 10.613, 16.677, 21.864, 24.787, 24.705, 25.768, 30.504, 35.773, 37.485, 37.971, 39.489, 43.059, 46.767, 49.532, 52.365, 52.522, 50.457, 49.297, 49.29, 49.925, 50.362, 50.24, 50.1, 49.856, 50.448, 52.226, 53.517, 53.902, 53.683, 54.107, 55.426, 56.255, 57.39, 58.728, 59.238, 59.247, 59.34, 59.69, 59.881, 59.904, 59.99, 60.084, 59.69, 59.09, 58.584, 58.412, 58.56, 59.383, 59.463, 58.98, 60.031, 61.938, 63.225, 63.816, 64.358, 65.01, 65.824, 66.668, 67.142], [47.626, 47.02, 46.737, 46.174, 45.241, 44.662, 44.554, 43.568, 42.058, 40.979, 39.532, 38.055, 38.142, 37.819, 37.311, 37.114, 36.101, 35.773, 37.21, 36.283, 35.71, 35.601, 33.907, 31.792, 29.529, 23.278, 10.613, 0.0, 8.631, 17.119, 21.603, 22.351, 23.945, 27.765, 32.149, 33.706, 34.13, 35.489, 38.915, 42.943, 46.422, 49.597, 49.908, 48.336, 47.831, 48.396, 49.436, 49.769, 49.269, 48.857, 48.544, 49.004, 50.823, 52.447, 52.92, 52.498, 52.894, 54.33, 55.146, 56.288, 57.886, 58.817, 59.186, 59.5, 59.934, 60.215, 60.381, 60.582, 60.657, 60.131, 59.441, 58.924, 58.751, 58.804, 59.557, 59.655, 59.008, 59.673, 61.216, 62.34, 62.851, 63.336, 64.037, 64.884, 65.739, 66.283], [49.72, 49.455, 49.237, 48.717, 47.881, 47.383, 47.268, 46.295, 44.793, 43.69, 42.317, 40.938, 41.017, 40.737, 40.413, 40.463, 39.79, 39.921, 41.456, 40.504, 39.796, 39.416, 37.423, 34.981, 32.742, 27.242, 16.677, 8.631, 0.0, 10.545, 16.554, 18.085, 20.122, 23.638, 27.738, 29.303, 29.77, 31.292, 35.042, 39.364, 43.258, 46.738, 47.329, 46.357, 46.402, 47.273, 48.589, 49.019, 48.463, 48.118, 47.956, 48.478, 50.436, 52.274, 52.864, 52.507, 53.11, 54.732, 55.566, 56.601, 58.131, 59.221, 60.016, 60.788, 61.405, 61.692, 61.845, 62.012, 61.997, 61.364, 60.621, 60.117, 59.949, 60.007, 60.807, 60.952, 60.275, 60.765, 62.108, 63.146, 63.623, 64.067, 64.756, 65.581, 66.417, 66.999], [50.667, 50.606, 50.401, 50.012, 49.449, 49.126, 49.053, 48.061, 46.386, 44.929, 43.36, 42.069, 42.255, 42.055, 41.838, 42.006, 41.594, 42.292, 44.253, 43.473, 42.695, 42.119, 39.991, 37.417, 35.204, 30.325, 21.864, 17.119, 10.545, 0.0, 7.396, 10.461, 13.453, 17.162, 21.483, 23.181, 23.861, 25.776, 30.111, 34.713, 38.368, 41.877, 42.964, 42.932, 43.847, 45.149, 46.746, 47.411, 47.015, 46.814, 46.774, 47.362, 49.453, 51.467, 52.137, 51.849, 52.62, 54.394, 55.264, 56.268, 57.729, 58.758, 59.846, 61.306, 62.331, 62.657, 62.772, 62.881, 62.784, 62.077, 61.31, 60.851, 60.697, 60.77, 61.68, 61.925, 61.274, 61.659, 62.791, 63.704, 64.153, 64.561, 65.234, 66.067, 66.91, 67.504], [51.134, 51.139, 50.964, 50.694, 50.351, 50.2, 50.199, 49.229, 47.495, 45.899, 44.312, 43.123, 43.357, 43.168, 42.953, 43.112, 42.702, 43.443, 45.438, 44.761, 43.955, 43.264, 41.16, 38.704, 36.602, 32.083, 24.787, 21.603, 16.554, 7.396, 0.0, 5.028, 9.674, 14.154, 18.978, 20.808, 21.559, 23.665, 28.157, 32.72, 35.937, 39.321, 40.817, 41.458, 42.954, 44.585, 46.338, 47.144, 46.899, 46.791, 46.769, 47.318, 49.387, 51.447, 52.191, 51.953, 52.699, 54.44, 55.318, 56.319, 57.725, 58.609, 59.624, 61.334, 62.662, 63.103, 63.25, 63.377, 63.298, 62.636, 61.909, 61.474, 61.324, 61.398, 62.351, 62.646, 61.999, 62.31, 63.317, 64.145, 64.578, 64.99, 65.67, 66.527, 67.409, 68.035], [50.626, 50.466, 50.24, 49.975, 49.722, 49.662, 49.722, 48.763, 46.95, 45.271, 43.753, 42.661, 42.886, 42.668, 42.412, 42.547, 42.033, 42.622, 44.552, 43.891, 43.025, 42.205, 40.082, 37.686, 35.658, 31.32, 24.705, 22.351, 18.085, 10.461, 5.028, 0.0, 6.15, 12.933, 19.214, 21.302, 21.94, 24.026, 28.443, 32.713, 35.766, 39.334, 41.029, 41.657, 43.049, 44.698, 46.514, 47.402, 47.273, 47.242, 47.221, 47.725, 49.757, 51.817, 52.648, 52.552, 53.336, 55.029, 55.928, 56.932, 58.243, 58.988, 59.856, 61.449, 62.779, 63.291, 63.489, 63.625, 63.558, 62.964, 62.304, 61.885, 61.746, 61.851, 62.794, 63.047, 62.411, 62.75, 63.772, 64.587, 65.007, 65.43, 66.117, 66.981, 67.884, 68.524], [50.071, 49.83, 49.539, 49.317, 49.182, 49.152, 49.218, 48.273, 46.38, 44.613, 43.191, 42.332, 42.617, 42.367, 42.181, 42.33, 41.797, 42.51, 44.539, 43.89, 42.913, 41.937, 39.792, 37.48, 35.659, 31.683, 25.768, 23.945, 20.122, 13.453, 9.674, 6.15, 0.0, 8.975, 16.948, 19.372, 19.89, 22.012, 26.627, 30.934, 34.103, 37.92, 39.735, 40.477, 42.042, 43.847, 45.779, 46.744, 46.678, 46.696, 46.651, 47.085, 49.131, 51.286, 52.252, 52.298, 53.164, 54.886, 55.821, 56.829, 58.081, 58.772, 59.644, 61.273, 62.602, 63.101, 63.324, 63.422, 63.254, 62.585, 61.928, 61.553, 61.452, 61.561, 62.421, 62.605, 61.991, 62.292, 63.158, 63.808, 64.118, 64.501, 65.188, 66.06, 66.963, 67.591], [51.826, 52.046, 51.829, 51.735, 51.724, 51.699, 51.707, 50.845, 49.132, 47.523, 46.179, 45.369, 45.66, 45.428, 45.452, 45.843, 45.678, 46.875, 49.042, 48.366, 47.317, 46.397, 44.384, 42.203, 40.557, 36.758, 30.504, 27.765, 23.638, 17.162, 14.154, 12.933, 8.975, 0.0, 8.855, 11.974, 12.987, 15.706, 20.924, 25.841, 29.729, 33.92, 36.195, 38.099, 40.795, 43.053, 45.024, 45.844, 45.579, 45.526, 45.494, 45.817, 47.799, 50.121, 51.235, 51.191, 51.942, 53.685, 54.616, 55.622, 56.968, 57.824, 58.954, 60.899, 62.352, 62.866, 63.214, 63.422, 63.222, 62.41, 61.675, 61.328, 61.262, 61.325, 62.067, 62.216, 61.512, 61.478, 61.898, 62.259, 62.425, 62.762, 63.472, 64.342, 65.24, 65.913], [54.969, 55.76, 55.657, 55.608, 55.613, 55.584, 55.539, 54.769, 53.342, 52.006, 50.671, 49.673, 49.856, 49.682, 49.855, 50.44, 50.652, 52.273, 54.574, 53.919, 52.796, 51.94, 50.058, 47.94, 46.303, 42.48, 35.773, 32.149, 27.738, 21.483, 18.978, 19.214, 16.948, 8.855, 0.0, 4.4, 7.235, 11.185, 16.892, 22.556, 27.22, 31.38, 33.711, 36.608, 40.369, 43.077, 45.035, 45.628, 45.116, 45.006, 45.084, 45.376, 47.208, 49.585, 50.811, 50.607, 51.167, 52.896, 53.779, 54.746, 56.223, 57.322, 58.777, 61.078, 62.661, 63.157, 63.557, 63.888, 63.76, 62.891, 62.081, 61.731, 61.67, 61.7, 62.41, 62.615, 61.873, 61.566, 61.621, 61.766, 61.848, 62.176, 62.9, 63.717, 64.587, 65.349], [55.624, 56.66, 56.677, 56.722, 56.789, 56.766, 56.709, 55.98, 54.687, 53.48, 52.18, 51.179, 51.345, 51.186, 51.403, 51.982, 52.248, 54.006, 56.405, 55.831, 54.694, 53.761, 51.852, 49.759, 48.126, 44.296, 37.485, 33.706, 29.303, 23.181, 20.808, 21.302, 19.372, 11.974, 4.4, 0.0, 4.088, 8.947, 15.311, 21.688, 26.728, 30.709, 32.585, 35.447, 39.592, 42.638, 44.694, 45.245, 44.704, 44.587, 44.692, 44.983, 46.748, 49.123, 50.41, 50.169, 50.656, 52.391, 53.266, 54.232, 55.778, 56.987, 58.573, 60.996, 62.606, 63.024, 63.335, 63.616, 63.461, 62.535, 61.67, 61.312, 61.24, 61.249, 61.96, 62.209, 61.515, 61.176, 61.092, 61.095, 61.096, 61.402, 62.121, 62.921, 63.779, 64.567], [55.364, 56.463, 56.646, 56.881, 57.029, 56.971, 56.897, 56.188, 54.944, 53.804, 52.594, 51.75, 52.023, 51.875, 52.09, 52.576, 52.763, 54.527, 56.952, 56.431, 55.307, 54.262, 52.242, 50.171, 48.593, 44.823, 37.971, 34.13, 29.77, 23.861, 21.559, 21.94, 19.89, 12.987, 7.235, 4.088, 0.0, 5.856, 13.632, 20.849, 26.147, 30.085, 31.763, 34.569, 38.897, 42.209, 44.407, 44.965, 44.46, 44.355, 44.406, 44.681, 46.451, 48.866, 50.196, 49.95, 50.403, 52.145, 53.047, 54.042, 55.623, 56.871, 58.479, 60.91, 62.517, 62.903, 63.178, 63.412, 63.177, 62.156, 61.248, 60.896, 60.83, 60.813, 61.492, 61.732, 61.038, 60.666, 60.479, 60.354, 60.267, 60.544, 61.253, 62.054, 62.903, 63.664], [55.051, 56.236, 56.613, 57.136, 57.467, 57.406, 57.304, 56.64, 55.516, 54.5, 53.416, 52.799, 53.227, 53.088, 53.356, 53.837, 54.069, 55.904, 58.347, 57.873, 56.81, 55.778, 53.706, 51.671, 50.189, 46.503, 39.489, 35.489, 31.292, 25.776, 23.665, 24.026, 22.012, 15.706, 11.185, 8.947, 5.856, 0.0, 9.149, 17.815, 23.857, 28.186, 30.099, 33.074, 37.684, 41.269, 43.625, 44.095, 43.466, 43.266, 43.224, 43.51, 45.319, 47.838, 49.218, 48.943, 49.405, 51.213, 52.165, 53.218, 54.882, 56.204, 57.87, 60.36, 61.972, 62.339, 62.682, 63.031, 62.831, 61.749, 60.817, 60.525, 60.519, 60.463, 61.02, 61.154, 60.361, 59.864, 59.48, 59.151, 58.977, 59.29, 60.019, 60.785, 61.584, 62.299], [55.872, 57.309, 57.807, 58.464, 59.046, 59.213, 59.139, 58.514, 57.556, 56.687, 55.716, 55.149, 55.562, 55.439, 55.823, 56.556, 57.132, 59.21, 61.62, 61.137, 60.206, 59.349, 57.363, 55.33, 53.863, 50.186, 43.059, 38.915, 35.042, 30.111, 28.157, 28.443, 26.627, 20.924, 16.892, 15.311, 13.632, 9.149, 0.0, 10.425, 18.58, 24.246, 27.257, 31.203, 36.304, 40.023, 42.641, 43.098, 42.357, 42.161, 42.15, 42.388, 44.169, 46.822, 48.233, 47.981, 48.524, 50.343, 51.298, 52.32, 53.91, 55.162, 56.823, 59.402, 61.036, 61.489, 62.116, 62.787, 62.84, 61.983, 61.196, 61.012, 61.135, 61.087, 61.474, 61.441, 60.518, 59.837, 59.211, 58.715, 58.544, 58.98, 59.755, 60.464, 61.268, 62.06], [57.798, 59.472, 60.035, 60.708, 61.526, 62.069, 62.127, 61.469, 60.446, 59.429, 58.366, 57.698, 58.082, 58.023, 58.421, 59.406, 60.36, 62.625, 64.871, 64.317, 63.496, 62.757, 60.832, 58.751, 57.21, 53.568, 46.767, 42.943, 39.364, 34.713, 32.72, 32.713, 30.934, 25.841, 22.556, 21.688, 20.849, 17.815, 10.425, 0.0, 10.755, 19.066, 24.82, 31.055, 36.735, 40.21, 42.983, 43.665, 43.153, 43.237, 43.326, 43.41, 45.094, 47.806, 49.223, 49.126, 49.744, 51.375, 52.24, 53.191, 54.562, 55.503, 56.936, 59.425, 61.058, 61.75, 62.747, 63.717, 64.05, 63.614, 63.13, 63.025, 63.228, 63.326, 63.778, 63.719, 62.759, 61.98, 61.352, 60.956, 60.914, 61.443, 62.213, 62.905, 63.827, 64.771], [59.486, 61.246, 61.93, 62.7, 63.646, 64.35, 64.492, 63.822, 62.651, 61.299, 59.989, 59.276, 59.762, 59.795, 60.124, 61.108, 62.171, 64.6, 66.886, 66.375, 65.626, 64.925, 63.075, 61.064, 59.478, 55.876, 49.532, 46.422, 43.258, 38.368, 35.937, 35.766, 34.103, 29.729, 27.22, 26.728, 26.147, 23.857, 18.58, 10.755, 0.0, 11.129, 21.147, 30.516, 37.325, 40.995, 43.967, 44.918, 44.664, 44.857, 44.883, 44.825, 46.435, 49.163, 50.533, 50.466, 50.99, 52.34, 53.063, 53.996, 55.295, 55.978, 57.197, 59.784, 61.661, 62.575, 63.72, 64.789, 65.253, 65.07, 64.805, 64.765, 64.946, 65.136, 65.918, 66.12, 65.24, 64.456, 63.878, 63.578, 63.628, 64.179, 64.942, 65.699, 66.765, 67.787], [60.502, 62.438, 63.203, 63.909, 64.708, 65.292, 65.38, 64.787, 63.755, 62.463, 61.171, 60.41, 60.881, 61.041, 61.408, 62.291, 63.381, 66.358, 69.141, 68.733, 67.934, 67.209, 65.482, 63.611, 62.038, 58.456, 52.365, 49.597, 46.738, 41.877, 39.321, 39.334, 37.92, 33.92, 31.38, 30.709, 30.085, 28.186, 24.246, 19.066, 11.129, 0.0, 13.236, 25.919, 34.338, 38.79, 42.299, 43.567, 43.473, 43.742, 43.835, 43.664, 45.182, 47.969, 49.348, 49.204, 49.549, 50.653, 51.192, 51.928, 53.112, 53.744, 55.118, 58.304, 60.67, 61.586, 62.58, 63.508, 63.915, 63.779, 63.598, 63.641, 63.826, 64.023, 65.155, 65.872, 65.312, 64.6, 63.985, 63.712, 63.791, 64.302, 65.078, 65.914, 67.119, 68.268], [58.268, 60.327, 61.068, 61.577, 62.111, 62.465, 62.44, 61.95, 61.277, 60.442, 59.482, 58.786, 59.148, 59.439, 59.96, 60.66, 61.716, 65.416, 68.92, 68.661, 67.69, 66.837, 65.198, 63.462, 61.976, 58.444, 52.522, 49.908, 47.329, 42.964, 40.817, 41.029, 39.735, 36.195, 33.711, 32.585, 31.763, 30.099, 27.257, 24.82, 21.147, 13.236, 0.0, 14.923, 25.25, 31.295, 35.858, 37.568, 37.643, 38.191, 38.56, 38.446, 39.968, 42.829, 44.386, 44.315, 44.739, 45.955, 46.472, 46.98, 48.079, 48.891, 50.655, 54.444, 57.128, 57.686, 58.106, 58.598, 58.848, 58.686, 58.496, 58.597, 58.805, 58.996, 60.334, 61.558, 61.695, 61.536, 61.116, 60.88, 60.941, 61.43, 62.204, 63.039, 64.3, 65.568], [54.381, 56.191, 56.782, 56.997, 57.21, 57.329, 57.217, 56.811, 56.546, 56.327, 55.84, 55.321, 55.555, 55.934, 56.616, 57.065, 57.912, 61.865, 65.835, 65.759, 64.603, 63.641, 62.129, 60.566, 59.253, 55.896, 50.457, 48.336, 46.357, 42.932, 41.458, 41.657, 40.477, 38.099, 36.608, 35.447, 34.569, 33.074, 31.203, 31.055, 30.516, 25.919, 14.923, 0.0, 12.049, 20.912, 27.173, 29.416, 29.648, 30.62, 31.399, 31.721, 33.456, 36.269, 38.08, 38.381, 39.341, 41.078, 41.845, 42.321, 43.414, 44.431, 46.448, 50.367, 52.951, 52.919, 52.603, 52.665, 52.928, 52.878, 52.712, 52.855, 53.071, 53.239, 54.549, 55.93, 56.831, 57.823, 58.193, 58.216, 58.35, 58.956, 59.752, 60.515, 61.705, 62.993], [52.889, 54.275, 54.623, 54.509, 54.449, 54.464, 54.343, 53.961, 53.893, 54.073, 53.972, 53.598, 53.703, 54.096, 54.809, 55.104, 55.703, 59.389, 63.342, 63.338, 62.128, 61.235, 59.892, 58.38, 57.105, 53.958, 49.297, 47.831, 46.402, 43.847, 42.954, 43.049, 42.042, 40.795, 40.369, 39.592, 38.897, 37.684, 36.304, 36.735, 37.325, 34.338, 25.25, 12.049, 0.0, 11.121, 19.063, 22.088, 22.865, 24.681, 26.141, 27.105, 29.086, 31.663, 33.605, 34.437, 36.093, 38.268, 39.26, 39.732, 40.645, 41.622, 43.672, 47.442, 49.757, 49.294, 48.564, 48.465, 48.939, 49.234, 49.237, 49.429, 49.68, 49.92, 51.243, 52.582, 53.842, 55.792, 57.304, 58.059, 58.552, 59.371, 60.217, 60.949, 62.109, 63.401], [53.072, 54.2, 54.334, 54.061, 53.94, 54.025, 53.962, 53.548, 53.434, 53.663, 53.66, 53.344, 53.439, 53.801, 54.446, 54.727, 55.241, 58.54, 62.183, 62.144, 61.032, 60.365, 59.158, 57.54, 56.185, 53.229, 49.29, 48.396, 47.273, 45.149, 44.585, 44.698, 43.847, 43.053, 43.077, 42.638, 42.209, 41.269, 40.023, 40.21, 40.995, 38.79, 31.295, 20.912, 11.121, 0.0, 9.239, 13.771, 16.008, 19.23, 21.511, 22.944, 25.103, 27.369, 29.209, 30.618, 33.195, 35.857, 37.053, 37.608, 38.399, 39.233, 41.173, 44.706, 46.763, 46.12, 45.333, 45.288, 46.034, 46.768, 47.001, 47.231, 47.545, 47.891, 49.262, 50.525, 51.777, 54.111, 56.634, 58.445, 59.587, 60.695, 61.619, 62.395, 63.583, 64.845], [54.082, 55.05, 55.059, 54.766, 54.635, 54.718, 54.67, 54.272, 54.187, 54.474, 54.404, 54.02, 54.148, 54.482, 55.017, 55.208, 55.645, 58.581, 61.936, 61.86, 60.696, 60.138, 59.069, 57.471, 56.138, 53.381, 49.925, 49.436, 48.589, 46.746, 46.338, 46.514, 45.779, 45.024, 45.035, 44.694, 44.407, 43.625, 42.641, 42.983, 43.967, 42.299, 35.858, 27.173, 19.063, 9.239, 0.0, 6.203, 10.99, 15.863, 18.754, 20.46, 22.457, 24.239, 26.02, 27.918, 31.194, 34.294, 35.715, 36.501, 37.455, 38.31, 40.138, 43.358, 45.134, 44.346, 43.516, 43.547, 44.525, 45.532, 45.853, 46.085, 46.431, 46.799, 48.142, 49.305, 50.465, 52.899, 55.942, 58.448, 60.154, 61.607, 62.649, 63.451, 64.606, 65.793], [55.018, 55.959, 55.978, 55.742, 55.583, 55.569, 55.449, 55.054, 55.052, 55.466, 55.374, 54.951, 55.114, 55.43, 55.928, 56.057, 56.431, 59.18, 62.426, 62.298, 61.023, 60.46, 59.463, 57.96, 56.682, 53.943, 50.362, 49.769, 49.019, 47.411, 47.144, 47.402, 46.744, 45.844, 45.628, 45.245, 44.965, 44.095, 43.098, 43.665, 44.918, 43.567, 37.568, 29.416, 22.088, 13.771, 6.203, 0.0, 6.593, 12.731, 16.161, 18.151, 20.043, 21.753, 23.709, 25.949, 29.654, 33.061, 34.668, 35.715, 37.011, 38.125, 40.015, 43.034, 44.574, 43.67, 42.897, 43.135, 44.342, 45.453, 45.769, 45.992, 46.362, 46.682, 47.904, 48.965, 50.002, 52.35, 55.383, 57.935, 59.801, 61.541, 62.798, 63.654, 64.756, 65.881], [54.944, 55.936, 56.017, 55.846, 55.662, 55.554, 55.353, 54.926, 54.981, 55.507, 55.446, 55.072, 55.297, 55.586, 56.146, 56.351, 56.773, 59.534, 62.797, 62.652, 61.394, 60.851, 59.832, 58.343, 57.095, 54.268, 50.24, 49.269, 48.463, 47.015, 46.899, 47.273, 46.678, 45.579, 45.116, 44.704, 44.46, 43.466, 42.357, 43.153, 44.664, 43.473, 37.643, 29.648, 22.865, 16.008, 10.99, 6.593, 0.0, 7.133, 11.65, 14.411, 16.777, 18.875, 21.021, 23.541, 27.768, 31.524, 33.245, 34.477, 36.099, 37.535, 39.596, 42.558, 43.973, 43.026, 42.398, 42.886, 44.22, 45.269, 45.533, 45.752, 46.145, 46.392, 47.471, 48.474, 49.387, 51.584, 54.451, 56.817, 58.573, 60.42, 61.955, 62.984, 64.081, 65.163], [54.067, 55.076, 55.283, 55.284, 55.136, 54.946, 54.676, 54.258, 54.408, 55.034, 55.017, 54.812, 55.187, 55.423, 56.058, 56.384, 56.856, 59.59, 62.848, 62.727, 61.627, 61.178, 60.12, 58.649, 57.457, 54.562, 50.1, 48.857, 48.118, 46.814, 46.791, 47.242, 46.696, 45.526, 45.006, 44.587, 44.355, 43.266, 42.161, 43.237, 44.857, 43.742, 38.191, 30.62, 24.681, 19.23, 15.863, 12.731, 7.133, 0.0, 5.59, 9.56, 12.903, 15.589, 17.801, 20.502, 25.34, 29.555, 31.45, 33.014, 35.078, 36.799, 38.951, 41.826, 43.142, 42.202, 41.729, 42.396, 43.753, 44.646, 44.835, 45.064, 45.476, 45.613, 46.55, 47.509, 48.277, 50.342, 53.096, 55.331, 56.962, 58.778, 60.527, 61.837, 63.028, 64.052], [52.833, 53.837, 54.207, 54.456, 54.418, 54.19, 53.891, 53.509, 53.731, 54.4, 54.423, 54.434, 55.005, 55.198, 55.863, 56.229, 56.668, 59.288, 62.481, 62.388, 61.44, 61.066, 59.978, 58.571, 57.458, 54.552, 49.856, 48.544, 47.956, 46.774, 46.769, 47.221, 46.651, 45.494, 45.084, 44.692, 44.406, 43.224, 42.15, 43.326, 44.883, 43.835, 38.56, 31.399, 26.141, 21.511, 18.754, 16.161, 11.65, 5.59, 0.0, 5.114, 9.62, 12.967, 15.198, 17.967, 23.26, 27.851, 29.929, 31.835, 34.278, 36.132, 38.211, 40.937, 42.181, 41.29, 40.936, 41.708, 43.046, 43.806, 43.956, 44.213, 44.648, 44.703, 45.545, 46.458, 47.109, 49.111, 51.836, 54.009, 55.592, 57.373, 59.153, 60.613, 61.924, 62.932], [52.577, 53.638, 54.106, 54.471, 54.475, 54.236, 53.916, 53.547, 53.794, 54.497, 54.617, 54.756, 55.391, 55.563, 56.246, 56.686, 57.158, 59.862, 63.124, 63.041, 62.197, 61.862, 60.784, 59.449, 58.363, 55.367, 50.448, 49.004, 48.478, 47.362, 47.318, 47.725, 47.085, 45.817, 45.376, 44.983, 44.681, 43.51, 42.388, 43.41, 44.825, 43.664, 38.446, 31.721, 27.105, 22.944, 20.46, 18.151, 14.411, 9.56, 5.114, 0.0, 5.62, 10.122, 12.504, 15.319, 21.028, 25.852, 28.015, 30.023, 32.59, 34.506, 36.573, 39.31, 40.624, 39.867, 39.673, 40.524, 41.857, 42.652, 42.858, 43.148, 43.631, 43.655, 44.483, 45.437, 46.074, 48.037, 50.76, 53.008, 54.704, 56.549, 58.366, 59.888, 61.329, 62.466], [53.821, 54.955, 55.451, 55.812, 55.773, 55.502, 55.17, 54.838, 55.155, 55.926, 56.098, 56.207, 56.788, 56.953, 57.638, 58.107, 58.608, 61.359, 64.699, 64.683, 63.833, 63.498, 62.48, 61.225, 60.13, 57.103, 52.226, 50.823, 50.436, 49.453, 49.387, 49.757, 49.131, 47.799, 47.208, 46.748, 46.451, 45.319, 44.169, 45.094, 46.435, 45.182, 39.968, 33.456, 29.086, 25.103, 22.457, 20.043, 16.777, 12.903, 9.62, 5.62, 0.0, 5.589, 9.023, 12.633, 18.971, 24.04, 26.313, 28.348, 30.968, 32.963, 35.063, 37.845, 39.198, 38.445, 38.314, 39.299, 40.812, 41.79, 42.065, 42.361, 42.87, 42.891, 43.725, 44.712, 45.404, 47.452, 50.281, 52.652, 54.502, 56.498, 58.37, 59.856, 61.321, 62.629], [54.903, 56.022, 56.483, 56.766, 56.654, 56.381, 56.077, 55.789, 56.176, 56.992, 57.128, 57.136, 57.662, 57.826, 58.475, 58.893, 59.371, 62.004, 65.238, 65.315, 64.498, 64.204, 63.248, 62.003, 60.897, 57.975, 53.517, 52.447, 52.274, 51.467, 51.447, 51.817, 51.286, 50.121, 49.585, 49.123, 48.866, 47.838, 46.822, 47.806, 49.163, 47.969, 42.829, 36.269, 31.663, 27.369, 24.239, 21.753, 18.875, 15.589, 12.967, 10.122, 5.589, 0.0, 5.243, 10.799, 18.259, 23.685, 26.096, 28.12, 30.627, 32.516, 34.467, 37.058, 38.3, 37.455, 37.26, 38.324, 40.067, 41.279, 41.622, 41.911, 42.404, 42.4, 43.216, 44.183, 44.964, 47.271, 50.429, 53.046, 55.082, 57.225, 59.126, 60.551, 61.955, 63.3], [54.803, 55.897, 56.374, 56.67, 56.547, 56.287, 55.993, 55.709, 56.131, 56.969, 57.097, 57.114, 57.675, 57.836, 58.463, 58.893, 59.392, 62.008, 65.186, 65.308, 64.734, 64.633, 63.72, 62.46, 61.325, 58.361, 53.902, 52.92, 52.864, 52.137, 52.191, 52.648, 52.252, 51.235, 50.811, 50.41, 50.196, 49.218, 48.233, 49.223, 50.533, 49.348, 44.386, 38.08, 33.605, 29.209, 26.02, 23.709, 21.021, 17.801, 15.198, 12.504, 9.023, 5.243, 0.0, 7.384, 16.41, 22.344, 24.906, 27.057, 29.622, 31.441, 33.257, 35.703, 36.871, 36.087, 36.029, 37.195, 38.999, 40.325, 40.748, 41.044, 41.556, 41.47, 42.19, 43.117, 43.867, 46.292, 49.79, 52.843, 55.223, 57.517, 59.497, 60.985, 62.356, 63.589], [54.113, 55.32, 55.87, 56.314, 56.274, 56.008, 55.675, 55.381, 55.835, 56.712, 56.865, 56.908, 57.503, 57.649, 58.305, 58.794, 59.308, 61.966, 65.18, 65.302, 64.962, 65.075, 64.215, 62.983, 61.779, 58.586, 53.683, 52.498, 52.507, 51.849, 51.953, 52.552, 52.298, 51.191, 50.607, 50.169, 49.95, 48.943, 47.981, 49.126, 50.466, 49.204, 44.315, 38.381, 34.437, 30.618, 27.918, 25.949, 23.541, 20.502, 17.967, 15.319, 12.633, 10.799, 7.384, 0.0, 9.833, 16.344, 19.173, 21.671, 24.771, 26.975, 29.052, 31.776, 33.168, 32.583, 32.719, 34.01, 35.749, 36.93, 37.321, 37.631, 38.192, 38.08, 38.871, 39.928, 40.583, 42.941, 46.687, 50.223, 53.001, 55.433, 57.462, 59.013, 60.43, 61.661], [54.005, 55.361, 55.964, 56.567, 56.646, 56.382, 56.012, 55.715, 56.178, 57.068, 57.256, 57.313, 57.91, 58.037, 58.725, 59.251, 59.727, 62.369, 65.618, 65.732, 65.524, 65.776, 65.008, 63.904, 62.648, 59.269, 54.107, 52.894, 53.11, 52.62, 52.699, 53.336, 53.164, 51.942, 51.167, 50.656, 50.403, 49.405, 48.524, 49.744, 50.99, 49.549, 44.739, 39.341, 36.093, 33.195, 31.194, 29.654, 27.768, 25.34, 23.26, 21.028, 18.971, 18.259, 16.41, 9.833, 0.0, 7.048, 10.383, 13.632, 17.784, 20.71, 23.289, 26.571, 28.418, 28.098, 28.408, 29.846, 31.523, 32.494, 32.864, 33.207, 33.819, 33.844, 34.972, 36.353, 36.91, 39.044, 42.891, 46.817, 49.945, 52.497, 54.537, 56.127, 57.677, 59.046], [55.023, 56.442, 57.027, 57.625, 57.709, 57.442, 57.05, 56.741, 57.18, 58.046, 58.273, 58.33, 58.887, 59.008, 59.711, 60.274, 60.732, 63.384, 66.658, 66.754, 66.613, 66.938, 66.261, 65.282, 64.012, 60.558, 55.426, 54.33, 54.732, 54.394, 54.44, 55.029, 54.886, 53.685, 52.896, 52.391, 52.145, 51.213, 50.343, 51.375, 52.34, 50.653, 45.955, 41.078, 38.268, 35.857, 34.294, 33.061, 31.524, 29.555, 27.851, 25.852, 24.04, 23.685, 22.344, 16.344, 7.048, 0.0, 3.896, 8.139, 13.197, 16.608, 19.559, 23.313, 25.522, 25.424, 25.939, 27.554, 29.278, 30.29, 30.809, 31.193, 31.835, 32.094, 33.633, 35.316, 35.821, 37.705, 41.512, 45.665, 49.017, 51.631, 53.678, 55.31, 57.015, 58.545], [55.764, 57.239, 57.796, 58.329, 58.37, 58.087, 57.682, 57.368, 57.803, 58.664, 58.913, 58.941, 59.442, 59.566, 60.302, 60.928, 61.429, 64.155, 67.463, 67.539, 67.424, 67.786, 67.139, 66.182, 64.898, 61.402, 56.255, 55.146, 55.566, 55.264, 55.318, 55.928, 55.821, 54.616, 53.779, 53.266, 53.047, 52.165, 51.298, 52.24, 53.063, 51.192, 46.472, 41.845, 39.26, 37.053, 35.715, 34.668, 33.245, 31.45, 29.929, 28.015, 26.313, 26.096, 24.906, 19.173, 10.383, 3.896, 0.0, 4.971, 10.668, 14.507, 17.868, 22.075, 24.535, 24.504, 25.061, 26.701, 28.386, 29.387, 30.003, 30.438, 31.068, 31.476, 33.349, 35.254, 35.732, 37.435, 41.139, 45.371, 48.827, 51.449, 53.491, 55.141, 56.938, 58.58], [56.695, 58.225, 58.682, 59.006, 58.914, 58.622, 58.219, 57.906, 58.362, 59.271, 59.602, 59.544, 59.891, 60.015, 60.788, 61.485, 62.059, 64.955, 68.348,