[[0.0, 3.129, 4.018, 5.165, 12.083, 17.277, 19.809, 24.374, 28.551, 30.912, 31.722, 31.783, 32.868, 34.224, 35.759, 36.926, 38.669, 41.813, 44.273, 46.152, 47.564, 48.35, 49.554, 50.506, 50.967, 51.642, 52.109, 52.909, 54.129, 55.138, 55.493, 54.746, 53.833, 53.931, 54.107, 53.705, 52.746, 50.608, 47.686, 46.073, 45.266, 45.166, 45.331, 44.643, 45.244, 45.953, 46.119, 45.502, 45.112, 47.699, 49.081, 49.408, 49.678, 49.792, 50.5, 50.848, 50.908, 51.854, 53.758, 55.389, 55.267, 55.688, 56.832, 56.506, 57.071, 57.831, 57.987, 58.818, 60.984, 61.978, 61.942, 62.61, 64.484, 65.917, 66.184, 66.404, 66.477, 68.435, 71.56, 73.458, 73.92, 73.418, 72.724, 72.67, 72.931, 73.291], [3.129, 0.0, 1.5, 3.355, 10.955, 16.324, 18.965, 23.722, 28.071, 30.527, 31.274, 31.123, 32.168, 33.63, 35.252, 36.533, 38.322, 41.534, 44.11, 46.034, 47.482, 48.31, 49.506, 50.551, 51.18, 51.913, 52.416, 53.255, 54.461, 55.436, 55.768, 54.976, 54.036, 54.225, 54.52, 54.176, 53.215, 51.063, 48.088, 46.409, 45.606, 45.531, 45.668, 44.931, 45.538, 46.277, 46.455, 45.828, 45.261, 47.646, 49.017, 49.367, 49.64, 49.783, 50.463, 50.752, 50.766, 51.668, 53.536, 55.171, 55.078, 55.52, 56.698, 56.459, 57.132, 57.956, 58.135, 58.918, 61.06, 62.128, 62.185, 62.898, 64.798, 66.252, 66.526, 66.735, 66.843, 68.862, 71.982, 73.846, 74.302, 73.831, 73.188, 73.157, 73.428, 73.772], [4.018, 1.5, 0.0, 2.905, 10.877, 16.323, 19.012, 23.767, 28.104, 30.53, 31.23, 31.047, 32.104, 33.591, 35.241, 36.525, 38.303, 41.528, 44.124, 46.057, 47.494, 48.287, 49.444, 50.506, 51.183, 51.928, 52.437, 53.296, 54.516, 55.491, 55.822, 55.02, 54.052, 54.224, 54.53, 54.216, 53.28, 51.127, 48.127, 46.426, 45.619, 45.539, 45.674, 44.948, 45.578, 46.328, 46.495, 45.845, 45.221, 47.552, 48.913, 49.258, 49.525, 49.665, 50.327, 50.598, 50.6, 51.484, 53.335, 54.955, 54.862, 55.301, 56.487, 56.279, 56.978, 57.808, 57.988, 58.766, 60.909, 61.999, 62.091, 62.832, 64.755, 66.223, 66.499, 66.703, 66.814, 68.839, 71.956, 73.817, 74.273, 73.805, 73.166, 73.137, 73.41, 73.75], [5.165, 3.355, 2.905, 0.0, 8.619, 14.589, 17.645, 22.754, 27.347, 29.945, 30.696, 30.452, 31.567, 33.082, 34.619, 35.825, 37.688, 41.024, 43.713, 45.727, 47.192, 48.017, 49.186, 50.259, 50.995, 51.775, 52.308, 53.179, 54.42, 55.436, 55.779, 54.973, 54.027, 54.208, 54.488, 54.165, 53.227, 51.087, 48.116, 46.43, 45.629, 45.557, 45.681, 44.932, 45.55, 46.298, 46.465, 45.831, 45.231, 47.563, 48.923, 49.281, 49.55, 49.672, 50.329, 50.613, 50.616, 51.504, 53.417, 55.121, 55.063, 55.544, 56.773, 56.581, 57.286, 58.13, 58.312, 59.077, 61.212, 62.297, 62.392, 63.135, 65.072, 66.555, 66.834, 67.042, 67.2, 69.259, 72.36, 74.217, 74.686, 74.242, 73.644, 73.641, 73.916, 74.245], [12.083, 10.955, 10.877, 8.619, 0.0, 6.955, 11.521, 18.112, 23.916, 27.323, 28.429, 28.136, 29.393, 30.823, 31.781, 32.814, 34.961, 38.55, 41.596, 43.87, 45.456, 46.516, 47.875, 49.027, 49.873, 50.731, 51.295, 52.025, 53.129, 54.133, 54.435, 53.597, 52.82, 53.187, 53.481, 53.208, 52.279, 50.109, 47.205, 45.684, 45.032, 45.053, 45.125, 44.357, 45.104, 45.91, 46.125, 45.744, 45.368, 47.644, 49.015, 49.484, 49.814, 49.98, 50.726, 51.076, 51.053, 51.944, 54.11, 56.2, 56.3, 56.912, 58.245, 58.012, 58.734, 59.69, 59.894, 60.565, 62.669, 63.682, 63.724, 64.447, 66.415, 67.925, 68.165, 68.373, 68.752, 70.944, 73.941, 75.78, 76.318, 75.997, 75.615, 75.75, 76.049, 76.318], [17.277, 16.324, 16.323, 14.589, 6.955, 0.0, 6.13, 14.012, 20.554, 24.558, 26.255, 26.315, 27.603, 28.805, 29.305, 30.24, 32.585, 36.266, 39.499, 41.921, 43.635, 44.955, 46.553, 47.705, 48.464, 49.348, 49.862, 50.273, 51.112, 52.031, 52.221, 51.345, 50.819, 51.43, 51.784, 51.604, 50.726, 48.488, 45.655, 44.48, 44.13, 44.313, 44.402, 43.65, 44.508, 45.414, 45.754, 45.641, 45.515, 47.856, 49.209, 49.764, 50.183, 50.395, 51.261, 51.714, 51.709, 52.661, 55.129, 57.578, 57.771, 58.409, 59.694, 59.301, 59.983, 61.01, 61.21, 61.849, 63.976, 64.892, 64.81, 65.484, 67.438, 68.927, 69.127, 69.344, 69.846, 72.134, 75.138, 76.996, 77.57, 77.304, 77.031, 77.244, 77.556, 77.801], [19.809, 18.965, 19.012, 17.645, 11.521, 6.13, 0.0, 8.635, 15.665, 20.336, 22.751, 23.38, 24.736, 25.761, 26.267, 27.195, 29.563, 33.32, 36.66, 39.17, 41.031, 42.602, 44.449, 45.569, 46.16, 47.028, 47.479, 47.604, 48.253, 49.205, 49.356, 48.473, 48.2, 49.04, 49.467, 49.379, 48.568, 46.263, 43.367, 42.484, 42.533, 43.039, 43.33, 42.597, 43.39, 44.38, 44.944, 45.072, 45.26, 47.875, 49.171, 49.753, 50.259, 50.495, 51.453, 52.006, 52.047, 53.109, 55.908, 58.604, 58.777, 59.325, 60.421, 59.783, 60.383, 61.432, 61.62, 62.308, 64.496, 65.302, 65.035, 65.601, 67.509, 68.961, 69.152, 69.397, 69.878, 72.161, 75.278, 77.218, 77.79, 77.446, 77.087, 77.271, 77.576, 77.848], [24.374, 23.722, 23.767, 22.754, 18.112, 14.012, 8.635, 0.0, 8.161, 14.677, 18.291, 19.713, 21.129, 21.972, 22.675, 23.543, 25.72, 29.362, 32.555, 35.074, 37.109, 38.915, 41.0, 42.056, 42.461, 43.313, 43.727, 43.713, 44.394, 45.502, 45.629, 44.782, 44.828, 45.938, 46.49, 46.541, 45.856, 43.628, 40.849, 40.386, 40.964, 41.894, 42.45, 41.923, 42.655, 43.711, 44.633, 45.188, 46.0, 48.939, 50.119, 50.687, 51.228, 51.481, 52.502, 53.101, 53.12, 54.303, 57.437, 60.231, 60.264, 60.603, 61.323, 60.343, 60.796, 61.829, 62.035, 62.796, 64.98, 65.57, 65.015, 65.367, 67.098, 68.45, 68.631, 68.885, 69.268, 71.45, 74.676, 76.746, 77.312, 76.806, 76.262, 76.377, 76.657, 76.964], [28.551, 28.071, 28.104, 27.347, 23.916, 20.554, 15.665, 8.161, 0.0, 8.076, 13.081, 15.823, 17.789, 18.472, 19.81, 20.908, 22.803, 26.286, 29.213, 31.637, 33.762, 35.612, 37.728, 38.807, 39.286, 40.169, 40.514, 40.394, 41.064, 42.242, 42.311, 41.499, 41.749, 42.885, 43.449, 43.628, 43.118, 41.119, 38.818, 38.94, 39.927, 41.186, 42.056, 41.648, 42.064, 43.086, 44.3, 45.09, 46.137, 49.241, 50.286, 50.791, 51.362, 51.629, 52.682, 53.309, 53.345, 54.576, 57.799, 60.556, 60.473, 60.641, 61.066, 59.864, 60.246, 61.243, 61.427, 62.286, 64.479, 64.903, 64.163, 64.338, 65.866, 67.116, 67.316, 67.606, 67.951, 70.102, 73.513, 75.737, 76.285, 75.647, 74.986, 75.098, 75.402, 75.772], [30.912, 30.527, 30.53, 29.945, 27.323, 24.558, 20.336, 14.677, 8.076, 0.0, 6.26, 11.345, 14.759, 15.495, 17.939, 19.662, 21.184, 24.689, 27.488, 29.786, 31.857, 33.412, 35.271, 36.566, 37.497, 38.487, 38.828, 38.826, 39.53, 40.648, 40.664, 39.818, 39.947, 40.773, 41.231, 41.478, 41.132, 39.402, 37.626, 38.153, 39.232, 40.562, 41.619, 41.394, 41.583, 42.457, 43.695, 44.501, 45.422, 48.508, 49.5, 49.937, 50.526, 50.82, 51.863, 52.552, 52.656, 53.819, 56.851, 59.421, 59.309, 59.442, 59.793, 58.624, 59.109, 60.096, 60.229, 61.151, 63.366, 63.747, 63.013, 63.129, 64.56, 65.778, 66.017, 66.348, 66.763, 68.976, 72.536, 74.896, 75.447, 74.757, 74.071, 74.219, 74.575, 75.005], [31.722, 31.274, 31.23, 30.696, 28.429, 26.255, 22.751, 18.291, 13.081, 6.26, 0.0, 7.067, 12.027, 13.111, 16.269, 18.522, 19.768, 23.308, 26.216, 28.473, 30.445, 31.689, 33.17, 34.771, 36.383, 37.532, 38.028, 38.471, 39.541, 40.804, 40.953, 40.05, 39.815, 40.399, 40.877, 41.121, 40.793, 39.238, 37.583, 37.965, 38.922, 40.178, 41.242, 41.335, 41.774, 42.624, 43.734, 44.479, 45.203, 48.003, 48.987, 49.439, 49.94, 50.212, 51.161, 51.816, 51.964, 52.968, 55.687, 58.071, 57.983, 58.122, 58.453, 57.384, 57.983, 58.985, 59.122, 60.029, 62.197, 62.598, 61.943, 62.055, 63.463, 64.699, 64.962, 65.318, 65.81, 68.023, 71.571, 73.968, 74.532, 73.853, 73.205, 73.394, 73.781, 74.213], [31.783, 31.123, 31.047, 30.452, 28.136, 26.315, 23.38, 19.713, 15.823, 11.345, 7.067, 0.0, 6.343, 9.011, 13.139, 16.194, 17.699, 21.436, 24.703, 27.204, 29.309, 30.584, 31.838, 33.654, 35.974, 37.486, 38.208, 39.043, 40.467, 41.875, 42.139, 41.123, 40.631, 41.403, 42.133, 42.299, 41.833, 40.335, 38.404, 38.249, 39.003, 40.153, 41.03, 41.184, 42.029, 43.148, 44.312, 45.036, 45.487, 47.811, 48.794, 49.347, 49.754, 49.952, 50.765, 51.298, 51.439, 52.352, 54.832, 57.161, 57.175, 57.319, 57.605, 56.58, 57.25, 58.319, 58.542, 59.358, 61.362, 61.794, 61.231, 61.345, 62.777, 64.057, 64.343, 64.709, 65.284, 67.64, 71.114, 73.404, 73.983, 73.402, 72.914, 73.191, 73.606, 73.972], [32.868, 32.168, 32.104, 31.567, 29.393, 27.603, 24.736, 21.129, 17.789, 14.759, 12.027, 6.343, 0.0, 5.058, 10.656, 14.487, 16.156, 19.66, 22.802, 25.436, 27.728, 29.128, 30.426, 32.171, 34.568, 36.293, 37.034, 37.898, 39.48, 40.945, 41.197, 40.144, 39.709, 40.764, 41.71, 41.838, 41.298, 39.814, 37.72, 37.4, 38.175, 39.316, 40.032, 40.155, 41.295, 42.784, 44.282, 45.272, 45.903, 48.145, 49.114, 49.712, 50.067, 50.192, 50.989, 51.513, 51.618, 52.57, 55.113, 57.428, 57.43, 57.489, 57.595, 56.392, 56.98, 58.084, 58.377, 59.179, 61.065, 61.398, 60.715, 60.755, 62.188, 63.481, 63.778, 64.165, 64.737, 67.228, 70.758, 73.002, 73.595, 73.044, 72.594, 72.878, 73.279, 73.609], [34.224, 33.63, 33.591, 33.082, 30.823, 28.805, 25.761, 21.972, 18.472, 15.495, 13.111, 9.011, 5.058, 0.0, 6.856, 11.414, 13.063, 16.406, 19.456, 22.131, 24.476, 25.984, 27.387, 29.114, 31.496, 33.151, 33.871, 34.762, 36.439, 38.068, 38.433, 37.421, 37.068, 38.187, 39.149, 39.323, 38.806, 37.327, 35.32, 35.217, 36.17, 37.45, 38.345, 38.635, 39.916, 41.557, 43.285, 44.648, 45.812, 48.302, 49.257, 49.883, 50.206, 50.312, 51.166, 51.725, 51.86, 52.782, 55.387, 57.802, 57.789, 57.815, 57.835, 56.365, 56.746, 57.824, 58.106, 58.948, 60.876, 61.055, 60.155, 60.108, 61.532, 62.811, 63.074, 63.503, 64.105, 66.534, 70.07, 72.351, 72.954, 72.379, 71.88, 72.136, 72.515, 72.868], [35.759, 35.252, 35.241, 34.619, 31.781, 29.305, 26.267, 22.675, 19.81, 17.939, 16.269, 13.139, 10.656, 6.856, 0.0, 5.506, 8.271, 12.325, 16.163, 19.387, 21.969, 23.973, 25.628, 27.39, 29.831, 31.41, 32.236, 33.152, 35.016, 36.949, 37.453, 36.402, 36.09, 37.388, 38.393, 38.612, 38.071, 36.537, 34.47, 34.358, 35.382, 36.717, 37.732, 38.315, 40.013, 41.783, 43.497, 45.061, 46.663, 49.268, 50.268, 51.031, 51.312, 51.368, 52.247, 52.807, 52.97, 53.794, 56.441, 59.131, 59.238, 59.355, 59.405, 57.735, 57.879, 58.924, 59.213, 60.034, 61.971, 62.037, 60.981, 60.89, 62.348, 63.637, 63.835, 64.281, 64.968, 67.301, 70.673, 72.908, 73.538, 73.012, 72.552, 72.817, 73.165, 73.502], [36.926, 36.533, 36.525, 35.825, 32.814, 30.24, 27.195, 23.543, 20.908, 19.662, 18.522, 16.194, 14.487, 11.414, 5.506, 0.0, 4.823, 10.155, 14.619, 18.294, 20.996, 23.312, 25.252, 26.995, 29.292, 30.794, 31.707, 32.632, 34.658, 36.865, 37.5, 36.503, 36.232, 37.569, 38.538, 38.792, 38.298, 36.783, 34.778, 34.72, 35.782, 37.134, 38.261, 39.023, 40.827, 42.6, 44.278, 45.845, 47.626, 50.377, 51.389, 52.185, 52.461, 52.462, 53.346, 53.918, 54.063, 54.855, 57.577, 60.39, 60.537, 60.695, 60.769, 59.039, 59.048, 60.029, 60.316, 61.149, 63.104, 63.122, 61.992, 61.884, 63.38, 64.711, 64.904, 65.347, 65.994, 68.189, 71.469, 73.705, 74.348, 73.82, 73.327, 73.549, 73.862, 74.197], [38.669, 38.322, 38.303, 37.688, 34.961, 32.585, 29.563, 25.72, 22.803, 21.184, 19.768, 17.699, 16.156, 13.063, 8.271, 4.823, 0.0, 6.366, 11.569, 15.537, 18.339, 20.766, 22.944, 24.88, 27.318, 28.84, 29.863, 31.048, 33.442, 35.935, 36.738, 35.845, 35.569, 36.903, 37.862, 38.124, 37.715, 36.325, 34.403, 34.304, 35.382, 36.811, 38.078, 39.055, 40.929, 42.684, 44.359, 46.009, 48.01, 50.85, 51.892, 52.733, 52.991, 52.971, 53.827, 54.386, 54.525, 55.304, 57.979, 60.736, 60.854, 60.956, 60.945, 59.134, 59.072, 60.02, 60.309, 61.16, 63.152, 63.139, 61.916, 61.742, 63.229, 64.597, 64.818, 65.276, 65.878, 67.998, 71.296, 73.587, 74.248, 73.682, 73.12, 73.298, 73.599, 73.944], [41.813, 41.534, 41.528, 41.024, 38.55, 36.266, 33.32, 29.362, 26.286, 24.689, 23.308, 21.436, 19.66, 16.406, 12.325, 10.155, 6.366, 0.0, 6.348, 10.911, 13.979, 16.906, 19.536, 21.702, 24.35, 25.814, 26.919, 28.411, 31.228, 34.127, 35.187, 34.461, 34.294, 35.741, 36.626, 36.841, 36.525, 35.348, 33.639, 33.555, 34.684, 36.117, 37.456, 38.708, 40.816, 42.72, 44.534, 46.48, 49.053, 51.997, 52.989, 53.925, 54.124, 54.054, 54.902, 55.432, 55.584, 56.33, 58.954, 61.707, 61.781, 61.768, 61.574, 59.501, 59.196, 60.074, 60.386, 61.256, 63.269, 63.122, 61.656, 61.335, 62.727, 64.061, 64.271, 64.764, 65.331, 67.359, 70.643, 72.967, 73.636, 73.017, 72.373, 72.503, 72.773, 73.122], [44.273, 44.11, 44.124, 43.713, 41.596, 39.499, 36.66, 32.555, 29.213, 27.488, 26.216, 24.703, 22.802, 19.456, 16.163, 14.619, 11.569, 6.348, 0.0, 5.337, 9.028, 12.469, 15.535, 17.694, 20.493, 22.012, 23.22, 25.205, 28.583, 31.824, 33.107, 32.659, 32.693, 34.143, 34.966, 35.11, 34.859, 34.015, 32.906, 33.195, 34.382, 35.712, 37.062, 38.462, 40.525, 42.537, 44.629, 46.915, 50.08, 53.273, 54.174, 55.042, 55.216, 55.114, 55.982, 56.515, 56.649, 57.418, 60.023, 62.606, 62.555, 62.42, 62.033, 59.733, 59.188, 59.935, 60.239, 61.166, 63.131, 62.797, 61.093, 60.596, 61.765, 62.967, 63.161, 63.677, 64.183, 66.14, 69.453, 71.831, 72.492, 71.795, 71.035, 71.084, 71.309, 71.677], [46.152, 46.034, 46.057, 45.727, 43.87, 41.921, 39.17, 35.074, 31.637, 29.786, 28.473, 27.204, 25.436, 22.131, 19.387, 18.294, 15.537, 10.911, 5.337, 0.0, 4.474, 8.786, 12.381, 14.566, 17.592, 19.12, 20.383, 22.854, 26.822, 30.47, 32.07, 31.995, 32.221, 33.639, 34.456, 34.6, 34.394, 33.795, 33.116, 33.636, 34.845, 36.122, 37.522, 38.948, 40.897, 42.93, 45.121, 47.547, 51.058, 54.443, 55.307, 56.125, 56.289, 56.191, 57.063, 57.593, 57.725, 58.514, 61.038, 63.439, 63.295, 63.087, 62.584, 60.134, 59.425, 60.056, 60.321, 61.289, 63.242, 62.801, 60.952, 60.339, 61.335, 62.427, 62.594, 63.096, 63.544, 65.43, 68.768, 71.194, 71.851, 71.111, 70.262, 70.232, 70.425, 70.813], [47.564, 47.482, 47.494, 47.192, 45.456, 43.635, 41.031, 37.109, 33.762, 31.857, 30.445, 29.309, 27.728, 24.476, 21.969, 20.996, 18.339, 13.979, 9.028, 4.474, 0.0, 5.307, 9.812, 12.405, 15.887, 17.34, 18.632, 21.573, 25.966, 29.947, 31.943, 32.221, 32.434, 33.713, 34.491, 34.668, 34.525, 34.067, 33.608, 34.184, 35.342, 36.592, 38.097, 39.569, 41.461, 43.502, 45.685, 48.124, 51.791, 55.228, 56.045, 56.852, 57.0, 56.882, 57.772, 58.302, 58.421, 59.173, 61.591, 63.901, 63.716, 63.473, 62.948, 60.398, 59.51, 60.024, 60.26, 61.255, 63.208, 62.687, 60.741, 60.081, 61.034, 62.106, 62.271, 62.769, 63.173, 64.97, 68.292, 70.74, 71.391, 70.631, 69.741, 69.665, 69.839, 70.23], [48.35, 48.31, 48.287, 48.017, 46.516, 44.955, 42.602, 38.915, 35.612, 33.412, 31.689, 30.584, 29.128, 25.984, 23.973, 23.312, 20.766, 16.906, 12.469, 8.786, 5.307, 0.0, 5.667, 9.239, 13.822, 15.504, 16.812, 20.51, 25.485, 29.52, 31.71, 32.249, 32.253, 33.168, 33.951, 34.204, 34.138, 33.812, 33.539, 34.121, 35.147, 36.285, 37.794, 39.419, 41.357, 43.366, 45.501, 47.927, 51.641, 55.071, 55.859, 56.63, 56.769, 56.651, 57.558, 58.165, 58.297, 59.042, 61.35, 63.474, 63.263, 63.015, 62.503, 59.988, 59.026, 59.41, 59.611, 60.653, 62.553, 61.961, 59.983, 59.301, 60.227, 61.289, 61.459, 61.96, 62.38, 64.178, 67.535, 70.022, 70.663, 69.877, 68.967, 68.892, 69.075, 69.472], [49.554, 49.506, 49.444, 49.186, 47.875, 46.553, 44.449, 41.0, 37.728, 35.271, 33.17, 31.838, 30.426, 27.387, 25.628, 25.252, 22.944, 19.536, 15.535, 12.381, 9.812, 5.667, 0.0, 5.845, 12.742, 14.785, 16.332, 20.756, 26.209, 30.213, 32.394, 32.96, 32.768, 33.4, 34.235, 34.556, 34.489, 34.256, 34.106, 34.611, 35.51, 36.513, 38.015, 39.9, 41.925, 43.816, 45.852, 48.276, 51.92, 55.225, 55.993, 56.748, 56.864, 56.763, 57.593, 58.18, 58.376, 59.121, 61.3, 63.274, 63.078, 62.834, 62.291, 59.83, 58.893, 59.21, 59.375, 60.433, 62.244, 61.614, 59.667, 58.954, 59.791, 60.805, 60.968, 61.463, 61.954, 63.752, 67.101, 69.603, 70.238, 69.438, 68.549, 68.526, 68.747, 69.15], [50.506, 50.551, 50.506, 50.259, 49.027, 47.705, 45.569, 42.056, 38.807, 36.566, 34.771, 33.654, 32.171, 29.114, 27.39, 26.995, 24.88, 21.702, 17.694, 14.566, 12.405, 9.239, 5.845, 0.0, 8.102, 10.859, 12.728, 17.851, 24.047, 28.261, 30.437, 31.205, 31.306, 32.028, 32.942, 33.337, 33.289, 33.096, 33.084, 33.746, 34.702, 35.682, 37.226, 39.229, 41.361, 43.314, 45.429, 47.994, 51.896, 55.385, 56.197, 56.962, 57.11, 57.01, 57.858, 58.493, 58.795, 59.805, 62.235, 64.275, 64.04, 63.739, 63.121, 60.587, 59.572, 59.834, 59.953, 61.036, 62.842, 62.117, 60.012, 59.173, 59.891, 60.798, 60.909, 61.402, 61.871, 63.636, 66.992, 69.494, 70.125, 69.291, 68.347, 68.301, 68.514, 68.94], [50.967, 51.18, 51.183, 50.995, 49.873, 48.464, 46.16, 42.461, 39.286, 37.497, 36.383, 35.974, 34.568, 31.496, 29.831, 29.292, 27.318, 24.35, 20.493, 17.592, 15.887, 13.822, 12.742, 8.102, 0.0, 4.431, 6.914, 12.763, 19.979, 24.562, 26.76, 27.94, 28.688, 29.672, 30.704, 31.235, 31.303, 31.099, 31.184, 32.128, 33.21, 34.199, 35.836, 37.878, 40.106, 42.171, 44.397, 47.168, 51.558, 55.448, 56.278, 57.014, 57.219, 57.133, 58.101, 58.873, 59.258, 60.615, 63.587, 65.83, 65.481, 65.093, 64.399, 61.69, 60.492, 60.682, 60.749, 61.904, 63.786, 62.91, 60.494, 59.508, 60.155, 60.961, 61.01, 61.528, 61.902, 63.562, 66.979, 69.533, 70.156, 69.221, 68.089, 67.918, 68.079, 68.548], [51.642, 51.913, 51.928, 51.775, 50.731, 49.348, 47.028, 43.313, 40.169, 38.487, 37.532, 37.486, 36.293, 33.151, 31.41, 30.794, 28.84, 25.814, 22.012, 19.12, 17.34, 15.504, 14.785, 10.859, 4.431, 0.0, 3.981, 10.908, 18.511, 23.541, 26.095, 27.464, 28.267, 29.196, 30.154, 30.775, 30.929, 30.78, 30.96, 32.009, 33.157, 34.184, 35.918, 37.932, 40.047, 42.051, 44.283, 47.173, 51.838, 55.879, 56.669, 57.366, 57.559, 57.49, 58.495, 59.257, 59.643, 60.977, 64.039, 66.401, 65.998, 65.549, 64.778, 61.881, 60.518, 60.671, 60.721, 61.929, 63.88, 62.872, 60.241, 59.189, 59.826, 60.609, 60.646, 61.178, 61.522, 63.092, 66.538, 69.153, 69.767, 68.745, 67.466, 67.209, 67.333, 67.833], [52.109, 52.416, 52.437, 52.308, 51.295, 49.862, 47.479, 43.727, 40.514, 38.828, 38.028, 38.208, 37.034, 33.871, 32.236, 31.707, 29.863, 26.919, 23.22, 20.383, 18.632, 16.812, 16.332, 12.728, 6.914, 3.981, 0.0, 7.807, 16.108, 21.528, 24.294, 25.911, 26.857, 27.685, 28.571, 29.228, 29.432, 29.33, 29.683, 30.972, 32.25, 33.328, 35.089, 37.04, 39.116, 41.153, 43.443, 46.406, 51.199, 55.337, 56.112, 56.779, 56.972, 56.903, 57.941, 58.773, 59.185, 60.547, 63.69, 66.098, 65.686, 65.24, 64.472, 61.536, 60.138, 60.267, 60.303, 61.547, 63.521, 62.46, 59.749, 58.673, 59.291, 60.045, 60.081, 60.628, 60.996, 62.633, 66.18, 68.849, 69.467, 68.417, 67.104, 66.841, 66.958, 67.464], [52.909, 53.255, 53.296, 53.179, 52.025, 50.273, 47.604, 43.713, 40.394, 38.826, 38.471, 39.043, 37.898, 34.762, 33.152, 32.632, 31.048, 28.411, 25.205, 22.854, 21.573, 20.51, 20.756, 17.851, 12.763, 10.908, 7.807, 0.0, 9.466, 16.02, 19.409, 21.609, 23.246, 24.323, 25.277, 26.134, 26.503, 26.414, 26.975, 28.718, 30.311, 31.61, 33.539, 35.249, 37.173, 39.301, 41.676, 44.707, 49.614, 53.937, 54.709, 55.354, 55.574, 55.48, 56.598, 57.621, 58.143, 59.611, 63.075, 65.774, 65.415, 65.123, 64.554, 61.648, 60.248, 60.372, 60.391, 61.674, 63.68, 62.574, 59.807, 58.706, 59.31, 60.045, 60.069, 60.617, 61.063, 62.922, 66.688, 69.429, 70.057, 68.999, 67.694, 67.468, 67.613, 68.113], [54.129, 54.461, 54.516, 54.42, 53.129, 51.112, 48.253, 44.394, 41.064, 39.53, 39.541, 40.467, 39.48, 36.439, 35.016, 34.658, 33.442, 31.228, 28.583, 26.822, 25.966, 25.485, 26.209, 24.047, 19.979, 18.511, 16.108, 9.466, 0.0, 7.998, 12.962, 16.212, 18.544, 19.954, 20.976, 22.153, 22.815, 22.912, 23.986, 26.354, 28.284, 29.873, 32.001, 33.186, 34.571, 36.735, 39.264, 42.372, 47.325, 51.794, 52.591, 53.186, 53.387, 53.288, 54.516, 55.672, 56.275, 57.759, 61.401, 64.424, 64.133, 64.076, 63.965, 61.261, 59.912, 60.024, 60.009, 61.301, 63.336, 62.215, 59.441, 58.305, 58.864, 59.587, 59.611, 60.149, 60.727, 62.919, 66.914, 69.699, 70.328, 69.297, 68.07, 67.947, 68.141, 68.61], [55.138, 55.436, 55.491, 55.436, 54.133, 52.031, 49.205, 45.502, 42.242, 40.648, 40.804, 41.875, 40.945, 38.068, 36.949, 36.865, 35.935, 34.127, 31.824, 30.47, 29.947, 29.52, 30.213, 28.261, 24.562, 23.541, 21.528, 16.02, 7.998, 0.0, 6.492, 11.145, 14.24, 16.011, 17.438, 18.909, 19.758, 20.096, 21.85, 24.868, 27.003, 28.663, 30.691, 31.681, 32.881, 35.04, 37.647, 40.816, 45.651, 50.038, 50.923, 51.441, 51.566, 51.499, 52.795, 54.02, 54.629, 56.182, 59.952, 63.052, 62.797, 62.859, 63.113, 60.821, 59.719, 59.863, 59.804, 61.062, 63.063, 61.997, 59.323, 58.181, 58.638, 59.288, 59.313, 59.851, 60.56, 62.991, 67.083, 69.865, 70.497, 69.52, 68.414, 68.413, 68.645, 69.084], [55.493, 55.768, 55.822, 55.779, 54.435, 52.221, 49.356, 45.629, 42.311, 40.664, 40.953, 42.139, 41.197, 38.433, 37.453, 37.5, 36.738, 35.187, 33.107, 32.07, 31.943, 31.71, 32.394, 30.437, 26.76, 26.095, 24.294, 19.409, 12.962, 6.492, 0.0, 6.162, 11.163, 13.564, 15.395, 17.033, 17.933, 18.267, 20.295, 23.854, 26.263, 27.905, 29.664, 30.777, 32.268, 34.472, 37.078, 40.278, 44.976, 49.265, 50.224, 50.708, 50.804, 50.787, 52.082, 53.311, 53.896, 55.594, 59.62, 62.756, 62.519, 62.54, 62.776, 60.734, 59.982, 60.287, 60.218, 61.428, 63.39, 62.393, 59.841, 58.734, 59.149, 59.749, 59.773, 60.327, 61.104, 63.587, 67.648, 70.4, 71.044, 70.111, 69.086, 69.152, 69.403, 69.84], [54.746, 54.976, 55.02, 54.973, 53.597, 51.345, 48.473, 44.782, 41.499, 39.818, 40.05, 41.123, 40.144, 37.421, 36.402, 36.503, 35.845, 34.461, 32.659, 31.995, 32.221, 32.249, 32.96, 31.205, 27.94, 27.464, 25.911, 21.609, 16.212, 11.145, 6.162, 0.0, 6.696, 10.318, 12.749, 14.581, 15.444, 15.648, 17.503, 21.367, 24.104, 25.91, 27.594, 28.95, 30.893, 33.189, 35.793, 39.075, 43.713, 47.922, 48.955, 49.478, 49.548, 49.55, 50.808, 51.965, 52.544, 54.257, 58.441, 61.75, 61.59, 61.572, 61.69, 59.735, 59.295, 59.868, 59.879, 61.019, 62.963, 62.064, 59.66, 58.632, 59.108, 59.744, 59.771, 60.292, 61.095, 63.58, 67.554, 70.254, 70.917, 70.035, 69.084, 69.203, 69.479, 69.903], [53.833, 54.036, 54.052, 54.027, 52.82, 50.819, 48.2, 44.828, 41.749, 39.947, 39.815, 40.631, 39.709, 37.068, 36.09, 36.232, 35.569, 34.294, 32.693, 32.221, 32.434, 32.253, 32.768, 31.306, 28.688, 28.267, 26.857, 23.246, 18.544, 14.24, 11.163, 6.696, 0.0, 5.407, 9.292, 11.54, 12.394, 12.681, 14.612, 18.438, 21.196, 23.085, 24.868, 26.546, 28.813, 31.107, 33.596, 36.889, 41.544, 45.715, 46.835, 47.379, 47.35, 47.314, 48.535, 49.647, 50.241, 51.837, 55.918, 59.312, 59.249, 59.276, 59.448, 57.62, 57.294, 57.945, 58.05, 59.166, 61.069, 60.241, 57.964, 57.018, 57.577, 58.295, 58.331, 58.79, 59.63, 62.16, 66.137, 68.854, 69.543, 68.71, 67.824, 67.997, 68.302, 68.701], [53.931, 54.225, 54.224, 54.208, 53.187, 51.43, 49.04, 45.938, 42.885, 40.773, 40.399, 41.403, 40.764, 38.187, 37.388, 37.569, 36.903, 35.741, 34.143, 33.639, 33.713, 33.168, 33.4, 32.028, 29.672, 29.196, 27.685, 24.323, 19.954, 16.011, 13.564, 10.318, 5.407, 0.0, 5.121, 8.216, 9.553, 10.36, 13.542, 17.839, 20.365, 22.089, 23.958, 25.708, 27.768, 29.891, 32.272, 35.514, 40.285, 44.715, 45.86, 46.301, 46.218, 46.161, 47.382, 48.551, 49.192, 50.707, 54.658, 57.929, 57.846, 57.917, 58.175, 56.438, 56.116, 56.67, 56.735, 57.942, 59.853, 58.98, 56.74, 55.824, 56.366, 57.07, 57.103, 57.543, 58.402, 60.941, 65.031, 67.863, 68.564, 67.713, 66.808, 66.985, 67.3, 67.725], [54.107, 54.52, 54.53, 54.488, 53.481, 51.784, 49.467, 46.49, 43.449, 41.231, 40.877, 42.133, 41.71, 39.149, 38.393, 38.538, 37.862, 36.626, 34.966, 34.456, 34.491, 33.951, 34.235, 32.942, 30.704, 30.154, 28.571, 25.277, 20.976, 17.438, 15.395, 12.749, 9.292, 5.121, 0.0, 4.199, 6.656, 8.318, 12.831, 17.654, 20.112, 21.741, 23.719, 25.458, 27.341, 29.401, 31.728, 34.92, 39.915, 44.635, 45.768, 46.168, 46.045, 45.935, 47.148, 48.354, 49.044, 50.478, 54.298, 57.535, 57.428, 57.496, 57.778, 56.017, 55.669, 56.208, 56.236, 57.467, 59.517, 58.675, 56.435, 55.539, 56.083, 56.783, 56.811, 57.251, 58.027, 60.437, 64.508, 67.374, 68.084, 67.228, 66.291, 66.443, 66.745, 67.197], [53.705, 54.176, 54.216, 54.165, 53.208, 51.604, 49.379, 46.541, 43.628, 41.478, 41.121, 42.299, 41.838, 39.323, 38.612, 38.792, 38.124, 36.841, 35.11, 34.6, 34.668, 34.204, 34.556, 33.337, 31.235, 30.775, 29.228, 26.134, 22.153, 18.909, 17.033, 14.581, 11.54, 8.216, 4.199, 0.0, 3.393, 6.397, 11.957, 16.952, 19.328, 20.886, 22.835, 24.654, 26.6, 28.662, 30.947, 34.101, 39.148, 43.912, 45.059, 45.468, 45.292, 45.105, 46.271, 47.467, 48.177, 49.573, 53.32, 56.515, 56.405, 56.457, 56.724, 54.963, 54.63, 55.197, 55.239, 56.435, 58.534, 57.815, 55.633, 54.74, 55.243, 55.936, 55.993, 56.436, 57.177, 59.576, 63.635, 66.494, 67.231, 66.409, 65.499, 65.66, 65.959, 66.407], [52.746, 53.215, 53.28, 53.227, 52.279, 50.726, 48.568, 45.856, 43.118, 41.132, 40.793, 41.833, 41.298, 38.806, 38.071, 38.298, 37.715, 36.525, 34.859, 34.394, 34.525, 34.138, 34.489, 33.289, 31.303, 30.929, 29.432, 26.503, 22.815, 19.758, 17.933, 15.444, 12.394, 9.553, 6.656, 3.393, 0.0, 4.279, 10.641, 15.797, 18.148, 19.7, 21.629, 23.517, 25.594, 27.675, 29.943, 33.098, 38.113, 42.843, 44.021, 44.465, 44.297, 44.102, 45.249, 46.412, 47.113, 48.54, 52.333, 55.555, 55.46, 55.508, 55.767, 54.023, 53.741, 54.351, 54.408, 55.579, 57.653, 57.026, 54.962, 54.11, 54.597, 55.275, 55.353, 55.799, 56.562, 59.021, 63.084, 65.923, 66.677, 65.894, 65.033, 65.219, 65.53, 65.961], [50.608, 51.063, 51.127, 51.087, 50.109, 48.488, 46.263, 43.628, 41.119, 39.402, 39.238, 40.335, 39.814, 37.327, 36.537, 36.783, 36.325, 35.348, 34.015, 33.795, 34.067, 33.812, 34.256, 33.096, 31.099, 30.78, 29.33, 26.414, 22.912, 20.096, 18.267, 15.648, 12.681, 10.36, 8.318, 6.397, 4.279, 0.0, 7.206, 13.043, 15.672, 17.447, 19.458, 21.464, 23.975, 26.233, 28.485, 31.603, 36.6, 41.426, 42.664, 43.168, 43.056, 42.901, 44.093, 45.273, 45.976, 47.519, 51.536, 54.912, 54.865, 54.96, 55.297, 53.631, 53.429, 54.088, 54.146, 55.306, 57.422, 56.889, 54.953, 54.251, 54.905, 55.647, 55.713, 56.169, 56.933, 59.397, 63.433, 66.238, 66.995, 66.241, 65.402, 65.587, 65.895, 66.315], [47.686, 48.088, 48.127, 48.116, 47.205, 45.655, 43.367, 40.849, 38.818, 37.626, 37.583, 38.404, 37.72, 35.32, 34.47, 34.778, 34.403, 33.639, 32.906, 33.116, 33.608, 33.539, 34.106, 33.084, 31.184, 30.96, 29.683, 26.975, 23.986, 21.85, 20.295, 17.503, 14.612, 13.542, 12.831, 11.957, 10.641, 7.206, 0.0, 6.826, 10.504, 13.186, 15.602, 17.894, 21.617, 24.281, 26.367, 29.361, 34.355, 39.179, 40.558, 41.281, 41.214, 41.103, 42.287, 43.422, 44.136, 45.781, 50.076, 53.739, 53.801, 53.952, 54.354, 52.728, 52.622, 53.402, 53.532, 54.637, 56.792, 56.393, 54.574, 54.069, 55.153, 56.146, 56.22, 56.663, 57.413, 59.94, 63.897, 66.606, 67.377, 66.668, 65.853, 66.032, 66.334, 66.721], [46.073, 46.409, 46.426, 46.43, 45.684, 44.48, 42.484, 40.386, 38.94, 38.153, 37.965, 38.249, 37.4, 35.217, 34.358, 34.72, 34.304, 33.555, 33.195, 33.636, 34.184, 34.121, 34.611, 33.746, 32.128, 32.009, 30.972, 28.718, 26.354, 24.868, 23.854, 21.367, 18.438, 17.839, 17.654, 16.952, 15.797, 13.043, 6.826, 0.0, 4.794, 8.651, 11.849, 15.014, 20.093, 22.97, 24.665, 27.517, 32.561, 37.176, 38.665, 39.633, 39.545, 39.433, 40.504, 41.493, 42.226, 43.887, 48.229, 52.122, 52.35, 52.601, 53.134, 51.573, 51.483, 52.296, 52.504, 53.536, 55.702, 55.464, 53.749, 53.362, 54.783, 56.083, 56.21, 56.626, 57.393, 59.967, 63.809, 66.418, 67.21, 66.57, 65.821, 66.023, 66.338, 66.686], [45.266, 45.606, 45.619, 45.629, 45.032, 44.13, 42.533, 40.964, 39.927, 39.232, 38.922, 39.003, 38.175, 36.17, 35.382, 35.782, 35.382, 34.684, 34.382, 34.845, 35.342, 35.147, 35.51, 34.702, 33.21, 33.157, 32.25, 30.311, 28.284, 27.003, 26.263, 24.104, 21.196, 20.365, 20.112, 19.328, 18.148, 15.672, 10.504, 4.794, 0.0, 4.9, 9.165, 13.12, 18.805, 21.736, 23.212, 25.989, 31.16, 35.82, 37.385, 38.417, 38.303, 38.176, 39.187, 40.09, 40.834, 42.531, 46.82, 50.729, 51.049, 51.437, 52.18, 50.778, 50.691, 51.445, 51.654, 52.679, 54.846, 54.718, 53.121, 52.815, 54.316, 55.723, 55.922, 56.332, 57.099, 59.674, 63.459, 66.03, 66.833, 66.244, 65.549, 65.772, 66.102, 66.437], [45.166, 45.531, 45.539, 45.557, 45.053, 44.313, 43.039, 41.894, 41.186, 40.562, 40.178, 40.153, 39.316, 37.45, 36.717, 37.134, 36.811, 36.117, 35.712, 36.122, 36.592, 36.285, 36.513, 35.682, 34.199, 34.184, 33.328, 31.61, 29.873, 28.663, 27.905, 25.91, 23.085, 22.089, 21.741, 20.886, 19.7, 17.447, 13.186, 8.651, 4.9, 0.0, 5.702, 11.429, 17.953, 20.978, 22.271, 25.065, 30.404, 35.088, 36.662, 37.712, 37.523, 37.367, 38.353, 39.274, 40.029, 41.768, 46.037, 49.846, 50.195, 50.662, 51.512, 50.223, 50.161, 50.862, 51.05, 52.07, 54.213, 54.109, 52.573, 52.324, 53.826, 55.229, 55.477, 55.968, 56.758, 59.258, 62.94, 65.477, 66.3, 65.762, 65.119, 65.354, 65.68, 66.004], [45.331, 45.668, 45.674, 45.681, 45.125, 44.402, 43.33, 42.45, 42.056, 41.619, 41.242, 41.03, 40.032, 38.345, 37.732, 38.261, 38.078, 37.456, 37.062, 37.522, 38.097, 37.794, 38.015, 37.226, 35.836, 35.918, 35.089, 33.539, 32.001, 30.691, 29.664, 27.594, 24.868, 23.958, 23.719, 22.835, 21.629, 19.458, 15.602, 11.849, 9.165, 5.702, 0.0, 8.423, 16.68, 19.993, 21.278, 24.105, 29.304, 33.741, 35.392, 36.474, 36.211, 36.101, 37.108, 38.141, 38.921, 40.712, 45.079, 48.819, 49.205, 49.73, 50.657, 49.604, 49.747, 50.505, 50.703, 51.674, 53.728, 53.636, 52.155, 51.946, 53.417, 54.768, 54.999, 55.578, 56.615, 59.332, 62.992, 65.473, 66.308, 65.834, 65.299, 65.601, 65.925, 66.218], [44.643, 44.931, 44.948, 44.932, 44.357, 43.65, 42.597, 41.923, 41.648, 41.394, 41.335, 41.184, 40.155, 38.635, 38.315, 39.023, 39.055, 38.708, 38.462, 38.948, 39.569, 39.419, 39.9, 39.229, 37.878, 37.932, 37.04, 35.249, 33.186, 31.681, 30.777, 28.95, 26.546, 25.708, 25.458, 24.654, 23.517, 21.464, 17.894, 15.014, 13.12, 11.429, 8.423, 0.0, 9.675, 14.035, 16.144, 19.333, 24.734, 29.739, 31.599, 32.669, 32.646, 32.795, 34.016, 35.149, 35.865, 37.81, 42.49, 46.426, 46.836, 47.442, 48.592, 47.672, 47.921, 48.719, 48.904, 49.924, 51.997, 51.899, 50.462, 50.277, 51.722, 53.035, 53.329, 53.914, 55.202, 58.716, 62.84, 65.376, 66.169, 65.69, 65.207, 65.566, 65.933, 66.231], [45.244, 45.538, 45.578, 45.55, 45.104, 44.508, 43.39, 42.655, 42.064, 41.583, 41.774, 42.029, 41.295, 39.916, 40.013, 40.827, 40.929, 40.816, 40.525, 40.897, 41.461, 41.357, 41.925, 41.361, 40.106, 40.047, 39.116, 37.173, 34.571, 32.881, 32.268, 30.893, 28.813, 27.768, 27.341, 26.6, 25.594, 23.975, 21.617, 20.093, 18.805, 17.953, 16.68, 9.675, 0.0, 5.846, 10.161, 14.437, 20.69, 27.114, 29.183, 30.092, 30.498, 30.994, 32.364, 33.342, 33.793, 35.836, 40.63, 44.615, 45.027, 45.688, 46.986, 46.062, 46.289, 46.994, 47.106, 48.279, 50.401, 50.291, 48.955, 48.797, 50.143, 51.472, 51.996, 52.57, 53.877, 57.98, 62.714, 65.475, 66.233, 65.675, 65.147, 65.504, 65.911, 66.244], [45.953, 46.277, 46.328, 46.298, 45.91, 45.414, 44.38, 43.711, 43.086, 42.457, 42.624, 43.148, 42.784, 41.557, 41.783, 42.6, 42.684, 42.72, 42.537, 42.93, 43.502, 43.366, 43.816, 43.314, 42.171, 42.051, 41.153, 39.301, 36.735, 35.04, 34.472, 33.189, 31.107, 29.891, 29.401, 28.662, 27.675, 26.233, 24.281, 22.97, 21.736, 20.978, 19.993, 14.035, 5.846, 0.0, 5.869, 11.229, 18.397, 25.66, 28.027, 28.992, 29.598, 30.28, 31.594, 32.418, 32.749, 34.78, 39.537, 43.531, 44.041, 44.797, 46.199, 45.383, 45.661, 46.302, 46.393, 47.615, 49.723, 49.691, 48.531, 48.497, 49.941, 51.426, 52.085, 52.603, 53.908, 58.11, 63.019, 65.934, 66.736, 66.171, 65.644, 66.02, 66.444, 66.781], [46.119, 46.455, 46.495, 46.465, 46.125, 45.754, 44.944, 44.633, 44.3, 43.695, 43.734, 44.312, 44.282, 43.285, 43.497, 44.278, 44.359, 44.534, 44.629, 45.121, 45.685, 45.501, 45.852, 45.429, 44.397, 44.283, 43.443, 41.676, 39.264, 37.647, 37.078, 35.793, 33.596, 32.272, 31.728, 30.947, 29.943, 28.485, 26.367, 24.665, 23.212, 22.271, 21.278, 16.144, 10.161, 5.869, 0.0, 6.456, 15.318, 23.364, 26.092, 27.301, 27.917, 28.594, 29.803, 30.613, 31.054, 33.113, 37.861, 42.067, 42.81, 43.708, 45.29, 44.705, 45.096, 45.686, 45.744, 46.93, 49.108, 49.329, 48.45, 48.613, 50.278, 51.931, 52.615, 53.054, 54.316, 58.464, 63.292, 66.197, 67.085, 66.637, 66.203, 66.633, 67.091, 67.406], [45.502, 45.828, 45.845, 45.831, 45.744, 45.641, 45.072, 45.188, 45.09, 44.501, 44.479, 45.036, 45.272, 44.648, 45.061, 45.845, 46.009, 46.48, 46.915, 47.547, 48.124, 47.927, 48.276, 47.994, 47.168, 47.173, 46.406, 44.707, 42.372, 40.816, 40.278, 39.075, 36.889, 35.514, 34.92, 34.101, 33.098, 31.603, 29.361, 27.517, 25.989, 25.065, 24.105, 19.333, 14.437, 11.229, 6.456, 0.0, 10.484, 19.857, 23.122, 24.486, 25.149, 25.78, 26.94, 27.844, 28.436, 30.586, 35.329, 39.69, 40.641, 41.714, 43.605, 43.433, 44.055, 44.586, 44.575, 45.725, 47.977, 48.586, 48.177, 48.581, 50.404, 52.151, 52.889, 53.307, 54.5, 58.661, 63.456, 66.266, 67.188, 66.92, 66.652, 67.144, 67.634, 67.921], [45.112, 45.261, 45.221, 45.231, 45.368, 45.515, 45.26, 46.0, 46.137, 45.422, 45.203, 45.487, 45.903, 45.812, 46.663, 47.626, 48.01, 49.053, 50.08, 51.058, 51.791, 51.641, 51.92, 51.896, 51.558, 51.838, 51.199, 49.614, 47.325, 45.651, 44.976, 43.713, 41.544, 40.285, 39.915, 39.148, 38.113, 36.6, 34.355, 32.561, 31.16, 30.404, 29.304, 24.734, 20.69, 18.397, 15.318, 10.484, 0.0, 11.339, 15.98, 17.644, 18.775, 19.835, 21.099, 22.285, 23.13, 25.392, 30.405, 35.16, 36.461, 37.819, 40.266, 40.89, 42.14, 42.811, 42.744, 43.739, 45.836, 46.975, 47.398, 48.177, 50.123, 51.976, 52.841, 53.354, 54.79, 59.251, 64.03, 66.64, 67.493, 67.475, 67.7, 68.518, 69.136, 69.373], [47.699, 47.646, 47.552, 47.563, 47.644, 47.856, 47.875, 48.939, 49.241, 48.508, 48.003, 47.811, 48.145, 48.302, 49.268, 50.377, 50.85, 51.997, 53.273, 54.443, 55.228, 55.071, 55.225, 55.385, 55.448, 55.879, 55.337, 53.937, 51.794, 50.038, 49.265, 47.922, 45.715, 44.715, 44.635, 43.912, 42.843, 41.426, 39.179, 37.176, 35.82, 35.088, 33.741, 29.739, 27.114, 25.66, 23.364, 19.857, 11.339, 0.0, 6.89, 10.245, 11.941, 13.836, 15.246, 16.71, 17.895, 20.208, 25.777, 31.367, 33.177, 34.596, 37.328, 38.566, 40.245, 41.126, 41.12, 41.782, 43.579, 45.112, 46.171, 47.262, 49.379, 51.396, 52.357, 53.021, 54.883, 59.598, 64.13, 66.446, 67.204, 67.359, 68.103, 69.438, 70.302, 70.482], [49.081, 49.017, 48.913, 48.923, 49.015, 49.209, 49.171, 50.119, 50.286, 49.5, 48.987, 48.794, 49.114, 49.257, 50.268, 51.389, 51.892, 52.989, 54.174, 55.307, 56.045, 55.859, 55.993, 56.197, 56.278, 56.669, 56.112, 54.709, 52.591, 50.923, 50.224, 48.955, 46.835, 45.86, 45.768, 45.059, 44.021, 42.664, 40.558, 38.665, 37.385, 36.662, 35.392, 31.599, 29.183, 28.027, 26.092, 23.122, 15.98, 6.89, 0.0, 5.168, 8.095, 10.754, 12.533, 14.338, 15.851, 18.463, 24.602, 30.661, 32.554, 33.76, 36.312, 37.458, 39.059, 39.914, 39.907, 40.56, 42.376, 43.996, 45.192, 46.366, 48.526, 50.549, 51.513, 52.261, 54.165, 58.835, 63.341, 65.604, 66.275, 66.364, 67.189, 68.787, 69.877, 70.095], [49.408, 49.367, 49.258, 49.281, 49.484, 49.764, 49.753, 50.687, 50.791, 49.937, 49.439, 49.347, 49.712, 49.883, 51.031, 52.185, 52.733, 53.925, 55.042, 56.125, 56.852, 56.63, 56.748, 56.962, 57.014, 57.366, 56.779, 55.354, 53.186, 51.441, 50.708, 49.478, 47.379, 46.301, 46.168, 45.468, 44.465, 43.168, 41.281, 39.633, 38.417, 37.712, 36.474, 32.669, 30.092, 28.992, 27.301, 24.486, 17.644, 10.245, 5.168, 0.0, 4.746, 8.363, 10.576, 12.866, 14.641, 17.526, 23.902, 29.813, 31.573, 32.756, 35.457, 36.905, 38.735, 39.606, 39.562, 40.308, 42.157, 43.793, 45.045, 46.208, 48.261, 50.18, 51.115, 51.809, 53.542, 58.082, 62.643, 64.942, 65.557, 65.562, 66.324, 67.931, 69.099, 69.38], [49.678, 49.64, 49.525, 49.55, 49.814, 50.183, 50.259, 51.228, 51.362, 50.526, 49.94, 49.754, 50.067, 50.206, 51.312, 52.461, 52.991, 54.124, 55.216, 56.289, 57.0, 56.769, 56.864, 57.11, 57.219, 57.559, 56.972, 55.574, 53.387, 51.566, 50.804, 49.548, 47.35, 46.218, 46.045, 45.292, 44.297, 43.056, 41.214, 39.545, 38.303, 37.523, 36.211, 32.646, 30.498, 29.598, 27.917, 25.149, 18.775, 11.941, 8.095, 4.746, 0.0, 4.41, 7.11, 10.135, 12.45, 15.365, 21.838, 27.764, 29.564, 30.936, 33.973, 35.798, 37.863, 38.778, 38.732, 39.485, 41.4, 43.119, 44.399, 45.557, 47.588, 49.489, 50.403, 51.032, 52.594, 56.946, 61.447, 63.722, 64.341, 64.358, 65.095, 66.679, 67.824, 68.111], [49.792, 49.783, 49.665, 49.672, 49.98, 50.395, 50.495, 51.481, 51.629, 50.82, 50.212, 49.952, 50.192, 50.312, 51.368, 52.462, 52.971, 54.054, 55.114, 56.191, 56.882, 56.651, 56.763, 57.01, 57.133, 57.49, 56.903, 55.48, 53.288, 51.499, 50.787, 49.55, 47.314, 46.161, 45.935, 45.105, 44.102, 42.901, 41.103, 39.433, 38.176, 37.367, 36.101, 32.795, 30.994, 30.28, 28.594, 25.78, 19.835, 13.836, 10.754, 8.363, 4.41, 0.0, 3.882, 8.483, 11.432, 14.371, 20.865, 26.86, 28.751, 30.291, 33.494, 35.463, 37.57, 38.438, 38.384, 39.151, 41.127, 42.979, 44.319, 45.482, 47.518, 49.417, 50.323, 50.854, 52.193, 56.392, 60.853, 63.092, 63.737, 63.791, 64.491, 66.017, 67.13, 67.399], [50.5, 50.463, 50.327, 50.329, 50.726, 51.261, 51.453, 52.502, 52.682, 51.863, 51.161, 50.765, 50.989, 51.166, 52.247, 53.346, 53.827, 54.902, 55.982, 57.063, 57.772, 57.558, 57.593, 57.858, 58.101, 58.495, 57.941, 56.598, 54.516, 52.795, 52.082, 50.808, 48.535, 47.382, 47.148, 46.271, 45.249, 44.093, 42.287, 40.504, 39.187, 38.353, 37.108, 34.016, 32.364, 31.594, 29.803, 26.94, 21.099, 15.246, 12.533, 10.576, 7.11, 3.882, 0.0, 5.838, 9.502, 12.679, 19.401, 25.631, 27.752, 29.402, 32.715, 35.002, 37.354, 38.238, 38.178, 38.922, 40.906, 42.977, 44.533, 45.779, 47.865, 49.82, 50.788, 51.278, 52.565, 56.745, 61.189, 63.424, 64.094, 64.175, 64.874, 66.384, 67.492, 67.754], [50.848, 50.752, 50.598, 50.613, 51.076, 51.714, 52.006, 53.101, 53.309, 52.552, 51.816, 51.298, 51.513, 51.725, 52.807, 53.918, 54.386, 55.432, 56.515, 57.593, 58.302, 58.165, 58.18, 58.493, 58.873, 59.257, 58.773, 57.621, 55.672, 54.02, 53.311, 51.965, 49.647, 48.551, 48.354, 47.467, 46.412, 45.273, 43.422, 41.493, 40.09, 39.274, 38.141, 35.149, 33.342, 32.418, 30.613, 27.844, 22.285, 16.71, 14.338, 12.866, 10.135, 8.483, 5.838, 0.0, 4.904, 9.288, 16.759, 23.642, 26.016, 27.546, 30.842, 33.31, 35.847, 36.802, 36.735, 37.458, 39.495, 41.757, 43.507, 44.88, 47.07, 49.181, 50.313, 50.849, 52.172, 56.408, 60.889, 63.159, 63.863, 63.975, 64.728, 66.282, 67.394, 67.652], [50.908, 50.766, 50.6, 50.616, 51.053, 51.709, 52.047, 53.12, 53.345, 52.656, 51.964, 51.439, 51.618, 51.86, 52.97, 54.063, 54.525, 55.584, 56.649, 57.725, 58.421, 58.297, 58.376, 58.795, 59.258, 59.643, 59.185, 58.143, 56.275, 54.629, 53.896, 52.544, 50.241, 49.192, 49.044, 48.177, 47.113, 45.976, 44.136, 42.226, 40.834, 40.029, 38.921, 35.865, 33.793, 32.749, 31.054, 28.436, 23.13, 17.895, 15.851, 14.641, 12.45, 11.432, 9.502, 4.904, 0.0, 6.343, 15.068, 22.198, 24.634, 26.01, 29.214, 31.744, 34.349, 35.339, 35.318, 35.994, 37.947, 40.294, 42.251, 43.824, 46.222, 48.582, 49.894, 50.42, 51.698, 55.975, 60.492, 62.808, 63.55, 63.694, 64.47, 66.019, 67.111, 67.346], [51.854, 51.668, 51.484, 51.504, 51.944, 52.661, 53.109, 54.303, 54.576, 53.819, 52.968, 52.352, 52.57, 52.782, 53.794, 54.855, 55.304, 56.33, 57.418, 58.514, 59.173, 59.042, 59.121, 59.805, 60.615, 60.977, 60.547, 59.611, 57.759, 56.182, 55.594, 54.257, 51.837, 50.707, 50.478, 49.573, 48.54, 47.519, 45.781, 43.887, 42.531, 41.768, 40.712, 37.81, 35.836, 34.78, 33.113, 30.586, 25.392, 20.208, 18.463, 17.526, 15.365, 14.371, 12.679, 9.288, 6.343, 0.0, 10.196, 18.639, 21.626, 23.262, 26.816, 29.53, 32.162, 33.167, 33.217, 33.729, 35.59, 38.156, 40.51, 42.412, 45.108, 47.734, 49.164, 49.619, 50.83, 55.039, 59.465, 61.747, 62.501, 62.724, 63.61, 65.21, 66.304, 66.506], [53.758, 53.536, 53.335, 53.417, 54.11, 55.129, 55.908, 57.437, 57.799, 56.851, 55.687, 54.832, 55.113, 55.387, 56.441, 57.577, 57.979, 58.954, 60.023, 61.038, 61.591, 61.35, 61.3, 62.235, 63.587, 64.039, 63.69, 63.075, 61.401, 59.952, 59.62, 58.441, 55.918, 54.658, 54.298, 53.32, 52.333, 51.536, 50.076, 48.229, 46.82, 46.037, 45.079, 42.49, 40.63, 39.537, 37.861, 35.329, 30.405, 25.777, 24.602, 23.902, 21.838, 20.865, 19.401, 16.759, 15.068, 10.196, 0.0, 10.736, 15.479, 18.151, 23.119, 26.853, 29.737, 30.653, 30.735, 30.901, 32.613, 35.756, 38.881, 41.129, 43.944, 46.71, 48.167, 48.36, 49.22, 53.217, 57.495, 59.661, 60.403, 60.794, 61.915, 63.632, 64.755, 64.896], [55.389, 55.171, 54.955, 55.121, 56.2, 57.578, 58.604, 60.231, 60.556, 59.421, 58.071, 57.161, 57.428, 57.802, 59.131, 60.39, 60.736, 61.707, 62.606, 63.439, 63.90