[[0.0, 6.523, 12.72, 17.308, 21.72, 25.525, 27.744, 29.6, 30.625, 31.018, 31.048, 31.829, 33.112, 34.724, 35.967, 36.517, 36.765, 37.626, 40.552, 42.079, 40.711, 39.25, 39.153, 40.754, 42.572, 42.546, 41.441, 41.513, 42.449, 44.226, 47.981, 53.007, 57.145, 59.272, 60.14, 60.0, 58.159, 57.061, 57.123, 56.023, 54.38, 53.547, 54.075, 54.672, 54.664, 54.302, 54.694, 54.392, 54.173, 54.227, 54.976, 56.558, 56.888, 56.76, 57.449, 58.484, 58.815, 58.08, 57.76, 57.12, 57.449, 58.338, 58.955, 59.293, 59.707, 60.263, 60.88, 61.396, 61.406, 61.514, 61.63, 61.323, 61.83, 62.236, 62.611, 62.391, 61.704, 62.247, 64.028, 65.616, 65.116, 65.803, 67.302, 66.883, 65.842, 64.631], [6.523, 0.0, 7.05, 12.822, 18.557, 23.106, 25.606, 27.819, 29.224, 29.712, 29.591, 30.292, 31.594, 32.847, 33.581, 34.026, 34.405, 35.476, 38.3, 40.06, 39.348, 38.445, 38.653, 40.304, 42.251, 42.571, 41.677, 41.636, 42.447, 44.282, 48.24, 53.582, 57.853, 59.98, 60.913, 60.855, 59.13, 58.213, 58.345, 57.285, 55.679, 54.756, 55.118, 55.615, 55.728, 55.566, 56.116, 56.055, 56.034, 56.068, 56.52, 57.659, 57.883, 57.858, 58.52, 59.443, 59.603, 58.644, 58.284, 57.668, 58.053, 59.009, 59.722, 60.114, 60.476, 60.863, 61.267, 61.63, 61.517, 61.592, 61.708, 61.276, 61.819, 62.37, 62.903, 62.806, 62.135, 62.496, 63.9, 65.234, 64.689, 65.251, 66.471, 65.934, 64.906, 63.788], [12.72, 7.05, 0.0, 7.381, 14.891, 20.398, 23.299, 25.965, 27.869, 28.629, 28.592, 29.45, 30.985, 32.013, 32.185, 32.515, 33.014, 34.233, 36.916, 38.83, 38.648, 38.164, 38.614, 40.342, 42.522, 43.2, 42.519, 42.425, 43.15, 45.014, 49.042, 54.492, 58.763, 60.817, 61.74, 61.759, 60.231, 59.588, 59.838, 58.803, 57.184, 56.136, 56.328, 56.694, 56.828, 56.732, 57.235, 57.162, 57.213, 57.193, 57.397, 58.198, 58.397, 58.557, 59.246, 60.081, 60.123, 58.937, 58.485, 57.951, 58.439, 59.44, 60.208, 60.63, 60.937, 61.18, 61.441, 61.673, 61.425, 61.442, 61.575, 61.081, 61.608, 62.261, 62.957, 63.009, 62.383, 62.598, 63.633, 64.652, 63.991, 64.446, 65.474, 64.86, 63.864, 62.82], [17.308, 12.822, 7.381, 0.0, 8.623, 15.128, 18.592, 21.76, 24.108, 25.22, 25.418, 26.633, 28.672, 30.141, 30.692, 31.411, 32.035, 33.205, 35.789, 37.577, 37.174, 36.532, 36.94, 38.743, 41.274, 42.242, 41.695, 41.564, 42.159, 43.9, 47.729, 52.845, 56.867, 58.806, 59.686, 59.792, 58.504, 58.352, 59.034, 58.194, 56.659, 55.642, 55.866, 56.241, 56.37, 56.261, 56.691, 56.544, 56.627, 56.591, 56.748, 57.584, 57.821, 58.087, 58.851, 59.672, 59.689, 58.491, 57.994, 57.458, 57.932, 58.902, 59.653, 60.035, 60.322, 60.626, 61.002, 61.266, 61.009, 61.019, 61.167, 60.747, 61.313, 62.017, 62.769, 62.872, 62.266, 62.447, 63.364, 64.171, 63.326, 63.723, 64.705, 64.007, 62.942, 61.817], [21.72, 18.557, 14.891, 8.623, 0.0, 7.499, 12.251, 16.336, 19.19, 20.818, 21.485, 23.296, 26.157, 28.732, 30.51, 31.944, 32.595, 33.505, 36.01, 37.47, 36.301, 35.142, 35.249, 36.979, 39.837, 40.865, 40.254, 40.064, 40.533, 42.098, 45.54, 50.032, 53.732, 55.643, 56.519, 56.706, 55.574, 55.924, 57.375, 57.1, 55.839, 54.975, 55.379, 55.882, 55.999, 55.85, 56.216, 55.931, 56.007, 56.021, 56.304, 57.406, 57.688, 57.949, 58.777, 59.622, 59.696, 58.684, 58.165, 57.588, 58.014, 58.904, 59.548, 59.822, 60.136, 60.659, 61.247, 61.604, 61.423, 61.459, 61.647, 61.462, 62.091, 62.743, 63.419, 63.484, 62.91, 63.194, 64.246, 65.002, 64.007, 64.453, 65.531, 64.775, 63.598, 62.286], [25.525, 23.106, 20.398, 15.128, 7.499, 0.0, 6.09, 11.1, 14.456, 16.668, 17.916, 20.356, 23.944, 27.62, 30.731, 32.811, 33.461, 34.138, 36.415, 37.545, 35.904, 34.566, 34.491, 35.945, 38.702, 39.61, 38.984, 38.781, 39.202, 40.796, 44.085, 47.96, 51.089, 52.776, 53.578, 53.753, 52.678, 53.31, 55.35, 55.746, 54.969, 54.354, 54.923, 55.526, 55.636, 55.491, 55.894, 55.701, 55.87, 55.956, 56.301, 57.517, 57.762, 57.879, 58.673, 59.525, 59.605, 58.785, 58.347, 57.765, 58.158, 59.001, 59.591, 59.839, 60.183, 60.875, 61.663, 62.126, 62.018, 62.071, 62.251, 62.19, 62.884, 63.505, 64.118, 64.137, 63.54, 63.843, 64.957, 65.674, 64.561, 64.947, 66.055, 65.259, 63.961, 62.494], [27.744, 25.606, 23.299, 18.592, 12.251, 6.09, 0.0, 5.553, 9.875, 13.142, 15.213, 18.242, 22.25, 26.427, 30.157, 32.569, 33.314, 33.989, 36.105, 37.217, 35.678, 34.464, 34.355, 35.575, 38.154, 39.08, 38.557, 38.355, 38.755, 40.448, 43.791, 47.361, 49.984, 51.33, 51.94, 52.006, 50.922, 51.663, 53.91, 54.681, 54.36, 54.072, 54.804, 55.425, 55.502, 55.35, 55.776, 55.742, 56.042, 56.178, 56.493, 57.652, 57.831, 57.795, 58.497, 59.326, 59.372, 58.62, 58.244, 57.639, 58.024, 58.901, 59.543, 59.865, 60.228, 60.975, 61.91, 62.47, 62.406, 62.492, 62.653, 62.532, 63.236, 63.893, 64.523, 64.503, 63.853, 64.111, 65.169, 65.825, 64.644, 64.917, 65.971, 65.126, 63.729, 62.205], [29.6, 27.819, 25.965, 21.76, 16.336, 11.1, 5.553, 0.0, 5.433, 9.982, 13.112, 16.867, 21.318, 25.981, 30.154, 32.72, 33.526, 34.195, 36.191, 37.232, 35.768, 34.662, 34.512, 35.496, 37.87, 38.774, 38.308, 38.11, 38.488, 40.193, 43.479, 46.725, 48.918, 49.987, 50.412, 50.344, 49.216, 49.993, 52.322, 53.317, 53.381, 53.471, 54.449, 55.129, 55.182, 55.027, 55.442, 55.521, 55.924, 56.091, 56.377, 57.505, 57.618, 57.413, 58.007, 58.808, 58.866, 58.242, 57.935, 57.312, 57.686, 58.581, 59.263, 59.658, 60.045, 60.839, 61.903, 62.557, 62.575, 62.739, 62.912, 62.811, 63.562, 64.228, 64.828, 64.756, 64.114, 64.463, 65.593, 66.242, 65.029, 65.216, 66.249, 65.387, 63.922, 62.356], [30.625, 29.224, 27.869, 24.108, 19.19, 14.456, 9.875, 5.433, 0.0, 5.502, 9.914, 14.594, 19.697, 25.259, 30.101, 32.749, 33.565, 34.149, 35.941, 36.592, 34.975, 34.011, 33.877, 34.607, 36.674, 37.514, 37.129, 36.945, 37.302, 39.025, 42.259, 45.151, 46.989, 47.932, 48.269, 48.073, 46.906, 47.699, 50.078, 51.181, 51.451, 51.891, 53.335, 54.308, 54.431, 54.352, 54.814, 54.922, 55.312, 55.452, 55.708, 56.877, 56.907, 56.487, 56.958, 57.725, 57.791, 57.299, 57.056, 56.379, 56.663, 57.519, 58.215, 58.672, 59.071, 59.916, 61.094, 61.824, 61.963, 62.251, 62.423, 62.34, 63.108, 63.706, 64.226, 64.092, 63.474, 63.961, 65.275, 66.008, 64.8, 64.982, 66.129, 65.318, 63.811, 62.171], [31.018, 29.712, 28.629, 25.22, 20.818, 16.668, 13.142, 9.982, 5.502, 0.0, 5.523, 11.229, 17.077, 23.66, 29.234, 31.917, 32.726, 33.298, 34.859, 35.064, 33.404, 32.833, 32.952, 33.57, 35.237, 35.943, 35.68, 35.528, 35.902, 37.759, 41.105, 43.922, 45.641, 46.611, 47.013, 46.739, 45.522, 46.22, 48.468, 49.476, 49.723, 50.288, 52.072, 53.429, 53.808, 53.978, 54.632, 54.83, 55.201, 55.287, 55.405, 56.483, 56.426, 55.872, 56.241, 56.95, 56.963, 56.52, 56.373, 55.677, 55.871, 56.679, 57.374, 57.872, 58.282, 59.116, 60.275, 60.988, 61.179, 61.539, 61.695, 61.635, 62.463, 62.996, 63.416, 63.195, 62.567, 63.156, 64.612, 65.41, 64.251, 64.447, 65.654, 64.887, 63.362, 61.679], [31.048, 29.591, 28.592, 25.418, 21.485, 17.916, 15.213, 13.112, 9.914, 5.523, 0.0, 6.375, 13.233, 20.986, 27.356, 30.187, 30.936, 31.426, 32.817, 32.946, 31.493, 31.368, 31.868, 32.643, 34.103, 34.72, 34.551, 34.438, 34.887, 36.974, 40.575, 43.587, 45.471, 46.57, 47.063, 46.772, 45.512, 46.096, 48.156, 48.987, 49.11, 49.604, 51.395, 52.932, 53.616, 54.136, 55.076, 55.449, 55.851, 55.904, 55.911, 56.896, 56.817, 56.235, 56.555, 57.211, 57.105, 56.595, 56.546, 55.858, 55.987, 56.758, 57.443, 57.96, 58.377, 59.161, 60.22, 60.863, 61.02, 61.373, 61.504, 61.414, 62.306, 62.839, 63.21, 62.908, 62.218, 62.803, 64.274, 65.103, 64.005, 64.184, 65.341, 64.574, 63.053, 61.388], [31.829, 30.292, 29.45, 26.633, 23.296, 20.356, 18.242, 16.867, 14.594, 11.229, 6.375, 0.0, 8.017, 17.318, 24.758, 27.868, 28.53, 28.866, 30.122, 30.381, 29.258, 29.634, 30.61, 31.638, 32.968, 33.587, 33.567, 33.515, 34.058, 36.388, 40.276, 43.403, 45.309, 46.437, 46.946, 46.625, 45.338, 45.825, 47.692, 48.358, 48.389, 48.8, 50.523, 52.124, 53.097, 54.069, 55.416, 56.086, 56.569, 56.595, 56.522, 57.438, 57.349, 56.735, 57.013, 57.622, 57.353, 56.714, 56.752, 56.081, 56.151, 56.897, 57.599, 58.122, 58.492, 59.204, 60.169, 60.743, 60.847, 61.187, 61.281, 61.133, 62.103, 62.685, 63.045, 62.68, 61.906, 62.421, 63.831, 64.678, 63.623, 63.723, 64.78, 63.994, 62.474, 60.838], [33.112, 31.594, 30.985, 28.672, 26.157, 23.944, 22.25, 21.318, 19.697, 17.077, 13.233, 8.017, 0.0, 10.667, 19.639, 23.238, 23.827, 24.13, 25.581, 26.557, 26.388, 27.736, 29.551, 31.007, 32.177, 32.818, 32.983, 33.041, 33.761, 36.414, 40.725, 43.976, 45.59, 46.343, 46.626, 46.179, 44.888, 45.243, 46.753, 47.178, 47.158, 47.457, 48.99, 50.522, 51.665, 53.066, 55.02, 56.336, 56.982, 56.946, 56.759, 57.569, 57.441, 56.707, 56.862, 57.398, 56.873, 55.997, 56.163, 55.551, 55.591, 56.349, 57.127, 57.641, 57.851, 58.384, 59.161, 59.613, 59.683, 60.068, 60.091, 59.839, 60.964, 61.667, 62.052, 61.666, 60.88, 61.325, 62.618, 63.456, 62.397, 62.188, 62.998, 62.205, 60.712, 59.127], [34.724, 32.847, 32.013, 30.141, 28.732, 27.62, 26.427, 25.981, 25.259, 23.66, 20.986, 17.318, 10.667, 0.0, 10.396, 15.006, 15.785, 16.562, 18.751, 21.748, 24.059, 26.987, 29.819, 31.884, 33.361, 34.39, 34.717, 34.809, 35.656, 38.499, 43.247, 47.049, 48.699, 49.025, 49.009, 48.49, 47.264, 47.546, 48.619, 48.689, 48.49, 48.499, 49.596, 50.747, 51.762, 53.156, 55.461, 57.505, 58.373, 58.263, 57.959, 58.522, 58.314, 57.553, 57.576, 58.0, 57.174, 55.853, 56.035, 55.439, 55.494, 56.358, 57.332, 57.936, 57.956, 58.12, 58.546, 58.829, 58.811, 59.225, 59.16, 58.556, 59.694, 60.591, 61.147, 60.881, 60.134, 60.344, 61.271, 62.019, 60.947, 60.293, 60.672, 59.856, 58.478, 57.059], [35.967, 33.581, 32.185, 30.692, 30.51, 30.731, 30.157, 30.154, 30.101, 29.234, 27.356, 24.758, 19.639, 10.396, 0.0, 5.851, 8.003, 10.699, 14.771, 20.53, 25.299, 29.13, 32.365, 34.68, 36.442, 37.692, 37.907, 37.866, 38.641, 41.301, 46.09, 50.606, 52.88, 53.248, 53.175, 52.703, 51.504, 51.653, 52.346, 51.987, 51.386, 51.013, 51.755, 52.509, 53.266, 54.413, 56.585, 58.745, 59.68, 59.511, 59.062, 59.311, 59.061, 58.435, 58.408, 58.705, 57.681, 55.922, 55.946, 55.404, 55.601, 56.602, 57.673, 58.319, 58.294, 58.112, 58.129, 58.224, 58.082, 58.463, 58.344, 57.336, 58.228, 59.209, 59.927, 59.833, 59.145, 59.109, 59.684, 60.403, 59.449, 58.741, 58.94, 58.156, 56.988, 55.819], [36.517, 34.026, 32.515, 31.411, 31.944, 32.811, 32.569, 32.72, 32.749, 31.917, 30.187, 27.868, 23.238, 15.006, 5.851, 0.0, 4.313, 8.855, 14.145, 21.082, 26.597, 30.551, 33.835, 36.159, 37.756, 38.916, 39.066, 38.983, 39.73, 42.289, 47.05, 51.894, 54.517, 54.949, 54.852, 54.353, 53.081, 53.068, 53.522, 52.903, 52.066, 51.554, 52.221, 52.907, 53.636, 54.749, 56.885, 59.04, 59.989, 59.836, 59.322, 59.404, 59.153, 58.57, 58.511, 58.768, 57.709, 55.812, 55.764, 55.307, 55.628, 56.679, 57.733, 58.345, 58.322, 58.027, 57.894, 57.927, 57.738, 58.112, 58.007, 56.887, 57.646, 58.618, 59.35, 59.294, 58.651, 58.599, 59.156, 59.949, 59.114, 58.489, 58.704, 57.963, 56.885, 55.827], [36.765, 34.405, 33.014, 32.035, 32.595, 33.461, 33.314, 33.526, 33.565, 32.726, 30.936, 28.53, 23.827, 15.785, 8.003, 4.313, 0.0, 5.39, 11.819, 19.574, 25.372, 29.357, 32.77, 35.291, 37.005, 38.305, 38.548, 38.554, 39.424, 42.099, 46.935, 51.724, 54.367, 54.819, 54.699, 54.183, 52.867, 52.833, 53.274, 52.618, 51.755, 51.243, 51.869, 52.555, 53.34, 54.471, 56.657, 58.924, 59.892, 59.783, 59.439, 59.639, 59.412, 58.846, 58.821, 59.141, 58.161, 56.322, 56.285, 55.825, 56.136, 57.138, 58.151, 58.713, 58.647, 58.365, 58.286, 58.363, 58.179, 58.557, 58.474, 57.391, 58.178, 59.177, 59.915, 59.853, 59.23, 59.204, 59.801, 60.608, 59.746, 59.066, 59.268, 58.547, 57.483, 56.443], [37.626, 35.476, 34.233, 33.205, 33.505, 34.138, 33.989, 34.195, 34.149, 33.298, 31.426, 28.866, 24.13, 16.562, 10.699, 8.855, 5.39, 0.0, 8.153, 17.055, 23.213, 27.376, 31.024, 33.751, 35.632, 37.159, 37.563, 37.677, 38.693, 41.553, 46.465, 51.019, 53.57, 54.011, 53.827, 53.296, 52.025, 52.097, 52.621, 52.034, 51.271, 50.883, 51.549, 52.243, 53.051, 54.209, 56.461, 58.855, 59.846, 59.737, 59.583, 60.031, 59.848, 59.26, 59.259, 59.625, 58.669, 56.899, 56.921, 56.427, 56.632, 57.507, 58.437, 58.91, 58.756, 58.515, 58.536, 58.67, 58.504, 58.907, 58.79, 57.717, 58.576, 59.624, 60.347, 60.233, 59.609, 59.585, 60.263, 61.11, 60.172, 59.365, 59.549, 58.861, 57.816, 56.779], [40.552, 38.3, 36.916, 35.789, 36.01, 36.415, 36.105, 36.191, 35.941, 34.859, 32.817, 30.122, 25.581, 18.751, 14.771, 14.145, 11.819, 8.153, 0.0, 10.751, 19.292, 24.997, 29.263, 31.969, 34.048, 36.486, 37.735, 38.142, 39.263, 42.371, 47.45, 51.756, 54.086, 54.516, 54.336, 53.78, 52.654, 52.943, 53.475, 52.992, 52.514, 52.414, 53.192, 53.98, 54.908, 56.172, 58.503, 61.114, 62.24, 62.139, 61.941, 62.205, 61.908, 61.329, 61.321, 61.694, 60.752, 59.036, 59.153, 58.577, 58.52, 59.193, 60.143, 60.668, 60.376, 60.105, 60.237, 60.434, 60.249, 60.656, 60.489, 59.349, 60.304, 61.438, 62.183, 62.008, 61.345, 61.216, 61.781, 62.509, 61.49, 60.422, 60.325, 59.584, 58.542, 57.536], [42.079, 40.06, 38.83, 37.577, 37.47, 37.545, 37.217, 37.232, 36.592, 35.064, 32.946, 30.381, 26.557, 21.748, 20.53, 21.082, 19.574, 17.055, 10.751, 0.0, 10.885, 18.759, 23.899, 26.596, 29.078, 32.702, 34.975, 35.723, 36.927, 40.239, 45.475, 49.489, 51.721, 52.536, 52.735, 52.291, 51.286, 51.789, 52.447, 52.048, 51.694, 51.862, 53.011, 54.241, 55.435, 56.792, 59.124, 61.678, 62.795, 62.77, 62.706, 62.99, 62.521, 61.984, 62.158, 62.681, 61.985, 60.565, 60.744, 60.056, 59.72, 60.199, 61.155, 61.732, 61.362, 61.165, 61.498, 61.842, 61.742, 62.17, 62.016, 61.021, 61.992, 62.983, 63.604, 63.351, 62.677, 62.588, 63.267, 63.981, 62.948, 62.033, 62.061, 61.306, 60.181, 59.013], [40.711, 39.348, 38.648, 37.174, 36.301, 35.904, 35.678, 35.768, 34.975, 33.404, 31.493, 29.258, 26.388, 24.059, 25.299, 26.597, 25.372, 23.213, 19.292, 10.885, 0.0, 9.134, 15.197, 18.744, 22.314, 26.753, 29.52, 30.498, 31.774, 35.072, 40.252, 43.966, 46.362, 47.83, 48.551, 48.357, 47.394, 48.125, 49.22, 48.978, 48.552, 48.846, 50.35, 51.965, 53.276, 54.535, 56.729, 59.005, 60.008, 60.142, 60.549, 61.446, 61.033, 60.569, 61.134, 62.001, 61.669, 60.626, 60.771, 59.997, 59.547, 59.932, 60.79, 61.267, 60.911, 60.959, 61.584, 62.158, 62.227, 62.66, 62.593, 61.975, 62.947, 63.734, 64.191, 63.858, 63.16, 63.213, 64.207, 65.04, 63.996, 63.481, 63.956, 63.218, 61.951, 60.514], [39.25, 38.445, 38.164, 36.532, 35.142, 34.566, 34.464, 34.662, 34.011, 32.833, 31.368, 29.634, 27.736, 26.987, 29.13, 30.551, 29.357, 27.376, 24.997, 18.759, 9.134, 0.0, 6.93, 12.559, 18.183, 23.408, 26.381, 27.567, 28.907, 31.951, 36.845, 40.535, 43.504, 45.603, 46.654, 46.697, 45.718, 46.603, 48.109, 47.959, 47.396, 47.716, 49.329, 50.99, 52.172, 53.111, 54.97, 56.848, 57.693, 57.977, 58.89, 60.389, 60.148, 59.787, 60.686, 61.918, 61.962, 61.204, 61.25, 60.38, 59.876, 60.219, 60.972, 61.33, 61.041, 61.29, 62.099, 62.852, 63.059, 63.481, 63.517, 63.175, 64.077, 64.735, 65.126, 64.776, 64.072, 64.244, 65.475, 66.426, 65.373, 65.143, 65.953, 65.239, 63.904, 62.349], [39.153, 38.653, 38.614, 36.94, 35.249, 34.491, 34.355, 34.512, 33.877, 32.952, 31.868, 30.61, 29.551, 29.819, 32.365, 33.835, 32.77, 31.024, 29.263, 23.899, 15.197, 6.93, 0.0, 7.303, 14.814, 20.954, 24.339, 25.765, 27.08, 29.862, 34.511, 38.337, 41.937, 44.591, 45.911, 46.127, 45.142, 46.091, 47.875, 47.894, 47.364, 47.788, 49.521, 51.231, 52.339, 53.085, 54.669, 56.209, 56.944, 57.31, 58.488, 60.26, 60.09, 59.753, 60.785, 62.238, 62.627, 62.172, 62.202, 61.272, 60.698, 60.983, 61.659, 61.961, 61.757, 62.125, 62.983, 63.798, 64.079, 64.493, 64.583, 64.393, 65.201, 65.728, 66.052, 65.686, 64.986, 65.252, 66.656, 67.696, 66.662, 66.642, 67.658, 66.948, 65.555, 63.921], [40.754, 40.304, 40.342, 38.743, 36.979, 35.945, 35.575, 35.496, 34.607, 33.57, 32.643, 31.638, 31.007, 31.884, 34.68, 36.159, 35.291, 33.751, 31.969, 26.596, 18.744, 12.559, 7.303, 0.0, 9.022, 16.669, 21.124, 22.891, 24.115, 26.866, 31.586, 35.603, 39.593, 42.646, 44.269, 44.6, 43.623, 44.539, 46.409, 46.658, 46.331, 46.945, 48.914, 50.844, 52.113, 53.036, 54.677, 56.261, 57.11, 57.496, 58.574, 60.245, 59.981, 59.526, 60.501, 61.972, 62.558, 62.454, 62.661, 61.762, 61.107, 61.318, 61.957, 62.259, 62.109, 62.496, 63.281, 64.038, 64.328, 64.742, 64.82, 64.721, 65.528, 65.954, 66.184, 65.772, 65.046, 65.345, 66.827, 67.892, 66.901, 66.989, 68.054, 67.31, 65.836, 64.104], [42.572, 42.251, 42.522, 41.274, 39.837, 38.702, 38.154, 37.87, 36.674, 35.237, 34.103, 32.968, 32.177, 33.361, 36.442, 37.756, 37.005, 35.632, 34.048, 29.078, 22.314, 18.183, 14.814, 9.022, 0.0, 9.218, 15.441, 17.83, 19.215, 22.478, 27.769, 32.253, 36.598, 39.948, 41.896, 42.232, 41.164, 41.755, 43.329, 43.625, 43.41, 44.157, 46.389, 48.729, 50.404, 51.854, 54.038, 56.207, 57.345, 57.715, 58.52, 60.008, 59.665, 58.949, 59.75, 61.118, 61.66, 61.828, 62.445, 61.821, 61.21, 61.348, 61.875, 62.116, 62.017, 62.351, 62.916, 63.516, 63.782, 64.192, 64.211, 64.237, 65.2, 65.562, 65.603, 65.035, 64.227, 64.567, 66.179, 67.318, 66.435, 66.524, 67.547, 66.81, 65.272, 63.441], [42.546, 42.571, 43.2, 42.242, 40.865, 39.61, 39.08, 38.774, 37.514, 35.943, 34.72, 33.587, 32.818, 34.39, 37.692, 38.916, 38.305, 37.159, 36.486, 32.702, 26.753, 23.408, 20.954, 16.669, 9.218, 0.0, 7.408, 10.656, 12.653, 16.78, 22.718, 27.916, 33.144, 37.15, 39.577, 39.956, 38.614, 38.631, 39.972, 40.309, 39.955, 40.6, 42.947, 45.586, 47.494, 49.293, 51.912, 54.503, 55.828, 56.203, 56.908, 58.503, 58.242, 57.356, 58.066, 59.359, 59.833, 60.189, 61.189, 61.087, 60.829, 60.985, 61.292, 61.372, 61.418, 61.814, 62.155, 62.542, 62.731, 63.083, 63.091, 63.389, 64.49, 64.702, 64.461, 63.699, 62.833, 63.321, 65.251, 66.594, 65.878, 66.111, 67.227, 66.548, 65.004, 63.077], [41.441, 41.677, 42.519, 41.695, 40.254, 38.984, 38.557, 38.308, 37.129, 35.68, 34.551, 33.567, 32.983, 34.717, 37.907, 39.066, 38.548, 37.563, 37.735, 34.975, 29.52, 26.381, 24.339, 21.124, 15.441, 7.408, 0.0, 4.183, 7.457, 12.674, 19.242, 25.171, 31.284, 35.898, 38.685, 39.135, 37.581, 37.256, 38.601, 38.915, 38.235, 38.576, 40.848, 43.5, 45.371, 47.171, 49.82, 52.469, 53.848, 54.226, 54.969, 56.769, 56.6, 55.653, 56.337, 57.583, 58.037, 58.452, 59.577, 59.867, 60.086, 60.429, 60.64, 60.644, 60.813, 61.264, 61.476, 61.719, 61.836, 62.15, 62.172, 62.588, 63.677, 63.766, 63.387, 62.585, 61.744, 62.346, 64.478, 65.989, 65.406, 65.816, 67.057, 66.43, 64.923, 62.977], [41.513, 41.636, 42.425, 41.564, 40.064, 38.781, 38.355, 38.11, 36.945, 35.528, 34.438, 33.515, 33.041, 34.809, 37.866, 38.983, 38.554, 37.677, 38.142, 35.723, 30.498, 27.567, 25.765, 22.891, 17.83, 10.656, 4.183, 0.0, 4.104, 10.147, 17.284, 23.714, 30.224, 35.144, 38.16, 38.703, 37.199, 36.971, 38.451, 38.791, 37.961, 38.094, 40.286, 42.908, 44.783, 46.608, 49.243, 51.913, 53.331, 53.694, 54.399, 56.211, 56.022, 55.018, 55.659, 56.853, 57.266, 57.675, 58.801, 59.187, 59.633, 60.158, 60.425, 60.457, 60.644, 61.051, 61.2, 61.42, 61.548, 61.87, 61.859, 62.202, 63.235, 63.297, 62.928, 62.191, 61.388, 61.993, 64.125, 65.669, 65.145, 65.63, 66.903, 66.283, 64.785, 62.837], [42.449, 42.447, 43.15, 42.159, 40.533, 39.202, 38.755, 38.488, 37.302, 35.902, 34.887, 34.058, 33.761, 35.656, 38.641, 39.73, 39.424, 38.693, 39.263, 36.927, 31.774, 28.907, 27.08, 24.115, 19.215, 12.653, 7.457, 4.104, 0.0, 6.567, 14.226, 21.203, 28.214, 33.547, 36.868, 37.578, 36.19, 36.152, 37.812, 38.233, 37.366, 37.422, 39.617, 42.271, 44.197, 46.104, 48.784, 51.506, 52.991, 53.364, 54.018, 55.782, 55.545, 54.513, 55.162, 56.347, 56.772, 57.239, 58.379, 58.772, 59.248, 59.846, 60.174, 60.239, 60.45, 60.847, 61.001, 61.255, 61.431, 61.758, 61.705, 62.024, 63.056, 63.122, 62.766, 62.081, 61.286, 61.878, 64.0, 65.538, 65.054, 65.607, 66.886, 66.241, 64.725, 62.754], [44.226, 44.282, 45.014, 43.9, 42.098, 40.796, 40.448, 40.193, 39.025, 37.759, 36.974, 36.388, 36.414, 38.499, 41.301, 42.289, 42.099, 41.553, 42.371, 40.239, 35.072, 31.951, 29.862, 26.866, 22.478, 16.78, 12.674, 10.147, 6.567, 0.0, 8.209, 16.609, 25.121, 31.396, 35.22, 36.211, 34.911, 35.028, 36.918, 37.361, 36.353, 36.353, 38.612, 41.305, 43.244, 45.237, 47.957, 50.662, 52.205, 52.609, 53.292, 55.123, 54.878, 53.873, 54.616, 55.843, 56.367, 57.019, 58.181, 58.59, 59.065, 59.693, 60.029, 60.094, 60.396, 60.867, 61.074, 61.386, 61.648, 61.968, 61.91, 62.373, 63.426, 63.454, 63.066, 62.408, 61.613, 62.248, 64.482, 66.06, 65.643, 66.36, 67.719, 67.068, 65.548, 63.553], [47.981, 48.24, 49.042, 47.729, 45.54, 44.085, 43.791, 43.479, 42.259, 41.105, 40.575, 40.276, 40.725, 43.247, 46.09, 47.05, 46.935, 46.465, 47.45, 45.475, 40.252, 36.845, 34.511, 31.586, 27.769, 22.718, 19.242, 17.284, 14.226, 8.209, 0.0, 10.576, 21.579, 29.281, 33.726, 35.082, 33.927, 34.273, 36.602, 37.27, 36.24, 36.269, 38.637, 41.381, 43.289, 45.39, 48.129, 50.732, 52.322, 52.761, 53.49, 55.468, 55.278, 54.327, 55.177, 56.416, 57.061, 58.013, 59.21, 59.638, 60.055, 60.599, 60.784, 60.719, 61.174, 61.888, 62.236, 62.622, 62.995, 63.296, 63.255, 64.058, 65.205, 65.17, 64.686, 64.012, 63.22, 63.968, 66.437, 68.074, 67.712, 68.636, 70.127, 69.492, 67.977, 65.952], [53.007, 53.582, 54.492, 52.845, 50.032, 47.96, 47.361, 46.725, 45.151, 43.922, 43.587, 43.403, 43.976, 47.049, 50.606, 51.894, 51.724, 51.019, 51.756, 49.489, 43.966, 40.535, 38.337, 35.603, 32.253, 27.916, 25.171, 23.714, 21.203, 16.609, 10.576, 0.0, 13.055, 22.7, 28.115, 29.938, 29.311, 30.508, 33.769, 35.24, 34.876, 35.446, 38.225, 41.212, 43.066, 45.211, 48.004, 50.909, 52.714, 53.226, 54.11, 56.399, 56.23, 55.13, 55.975, 57.198, 57.9, 59.232, 60.538, 60.892, 61.071, 61.396, 61.433, 61.201, 61.623, 62.714, 63.611, 64.28, 64.845, 65.212, 65.097, 66.164, 67.583, 67.635, 67.102, 66.398, 65.597, 66.433, 69.078, 70.666, 70.208, 71.033, 72.544, 71.933, 70.397, 68.304], [57.145, 57.853, 58.763, 56.867, 53.732, 51.089, 49.984, 48.918, 46.989, 45.641, 45.471, 45.309, 45.59, 48.699, 52.88, 54.517, 54.367, 53.57, 54.086, 51.721, 46.362, 43.504, 41.937, 39.593, 36.598, 33.144, 31.284, 30.224, 28.214, 25.121, 21.579, 13.055, 0.0, 11.192, 17.942, 20.313, 20.62, 23.259, 27.633, 30.34, 31.419, 33.013, 36.286, 39.442, 41.187, 43.318, 46.243, 49.961, 52.218, 52.789, 53.647, 56.057, 55.806, 54.354, 55.026, 56.178, 56.763, 58.334, 59.825, 60.1, 60.071, 60.324, 60.487, 60.362, 60.6, 61.894, 63.567, 64.709, 65.507, 66.007, 65.771, 66.837, 68.536, 68.801, 68.322, 67.621, 66.818, 67.628, 70.192, 71.607, 70.969, 71.375, 72.692, 72.045, 70.427, 68.257], [59.272, 59.98, 60.817, 58.806, 55.643, 52.776, 51.33, 49.987, 47.932, 46.611, 46.57, 46.437, 46.343, 49.025, 53.248, 54.949, 54.819, 54.011, 54.516, 52.536, 47.83, 45.603, 44.591, 42.646, 39.948, 37.15, 35.898, 35.144, 33.547, 31.396, 29.281, 22.7, 11.192, 0.0, 7.659, 10.669, 12.16, 16.653, 22.072, 25.912, 28.397, 30.884, 34.381, 37.391, 38.86, 40.801, 43.808, 48.156, 50.746, 51.319, 52.073, 54.517, 54.263, 52.565, 53.064, 54.144, 54.548, 56.129, 57.679, 57.825, 57.681, 57.993, 58.355, 58.413, 58.513, 59.895, 62.228, 63.854, 64.88, 65.498, 65.198, 66.162, 67.983, 68.423, 68.041, 67.386, 66.615, 67.369, 69.817, 71.145, 70.348, 70.353, 71.464, 70.753, 69.045, 66.838], [60.14, 60.913, 61.74, 59.686, 56.519, 53.578, 51.94, 50.412, 48.269, 47.013, 47.063, 46.946, 46.626, 49.009, 53.175, 54.852, 54.699, 53.827, 54.336, 52.735, 48.551, 46.654, 45.911, 44.269, 41.896, 39.577, 38.685, 38.16, 36.868, 35.22, 33.726, 28.115, 17.942, 7.659, 0.0, 3.932, 7.427, 13.954, 20.036, 24.415, 27.617, 30.556, 34.086, 36.824, 37.948, 39.647, 42.598, 47.018, 49.646, 50.176, 50.894, 53.417, 53.223, 51.387, 51.751, 52.792, 53.089, 54.609, 56.087, 56.053, 55.794, 56.137, 56.601, 56.738, 56.767, 58.238, 60.959, 62.899, 64.133, 64.879, 64.569, 65.45, 67.297, 67.822, 67.504, 66.892, 66.182, 66.959, 69.402, 70.741, 69.83, 69.604, 70.646, 69.92, 68.168, 65.96], [60.0, 60.855, 61.759, 59.792, 56.706, 53.753, 52.006, 50.344, 48.073, 46.739, 46.772, 46.625, 46.179, 48.49, 52.703, 54.353, 54.183, 53.296, 53.78, 52.291, 48.357, 46.697, 46.127, 44.6, 42.232, 39.956, 39.135, 38.703, 37.578, 36.211, 35.082, 29.938, 20.313, 10.669, 3.932, 0.0, 5.251, 12.557, 18.774, 23.399, 26.975, 30.2, 33.815, 36.498, 37.537, 39.203, 42.167, 46.657, 49.302, 49.806, 50.448, 52.906, 52.679, 50.697, 50.919, 51.91, 52.158, 53.675, 55.182, 55.14, 54.876, 55.243, 55.752, 55.94, 55.948, 57.424, 60.215, 62.209, 63.517, 64.366, 64.101, 64.966, 66.84, 67.385, 67.055, 66.412, 65.735, 66.588, 69.084, 70.453, 69.513, 69.17, 70.176, 69.466, 67.707, 65.495], [58.159, 59.13, 60.231, 58.504, 55.574, 52.678, 50.922, 49.216, 46.906, 45.522, 45.512, 45.338, 44.888, 47.264, 51.504, 53.081, 52.867, 52.025, 52.654, 51.286, 47.394, 45.718, 45.142, 43.623, 41.164, 38.614, 37.581, 37.199, 36.19, 34.911, 33.927, 29.311, 20.62, 12.16, 7.427, 5.251, 0.0, 7.893, 14.877, 19.92, 23.749, 27.369, 31.305, 34.119, 35.192, 36.888, 39.944, 44.455, 47.166, 47.745, 48.394, 50.814, 50.581, 48.614, 48.877, 49.891, 50.204, 51.822, 53.368, 53.403, 53.265, 53.687, 54.185, 54.422, 54.58, 56.171, 58.989, 60.961, 62.192, 63.006, 62.921, 64.021, 65.961, 66.495, 66.127, 65.388, 64.65, 65.569, 68.18, 69.652, 68.769, 68.545, 69.61, 68.88, 67.093, 64.868], [57.061, 58.213, 59.588, 58.352, 55.924, 53.31, 51.663, 49.993, 47.699, 46.22, 46.096, 45.825, 45.243, 47.546, 51.653, 53.068, 52.833, 52.097, 52.943, 51.789, 48.125, 46.603, 46.091, 44.539, 41.755, 38.631, 37.256, 36.971, 36.152, 35.028, 34.273, 30.508, 23.259, 16.653, 13.954, 12.557, 7.893, 0.0, 8.021, 14.072, 18.701, 23.062, 27.428, 30.467, 31.668, 33.629, 36.951, 41.623, 44.48, 45.132, 45.682, 48.003, 47.764, 45.773, 46.073, 47.101, 47.474, 49.319, 51.092, 51.362, 51.385, 51.792, 52.214, 52.479, 52.824, 54.517, 57.284, 59.166, 60.277, 61.0, 61.112, 62.7, 64.873, 65.377, 64.877, 63.986, 63.188, 64.213, 67.007, 68.624, 67.871, 67.772, 68.883, 68.156, 66.37, 64.154], [57.123, 58.345, 59.838, 59.034, 57.375, 55.35, 53.91, 52.322, 50.078, 48.468, 48.156, 47.692, 46.753, 48.619, 52.346, 53.522, 53.274, 52.621, 53.475, 52.447, 49.22, 48.109, 47.875, 46.409, 43.329, 39.972, 38.601, 38.451, 37.812, 36.918, 36.602, 33.769, 27.633, 22.072, 20.036, 18.774, 14.877, 8.021, 0.0, 7.237, 13.53, 19.098, 23.822, 27.028, 28.48, 30.943, 34.7, 39.868, 42.92, 43.539, 43.866, 45.933, 45.661, 43.638, 43.924, 44.936, 45.262, 47.23, 49.338, 49.868, 49.963, 50.327, 50.764, 51.082, 51.424, 53.005, 55.659, 57.464, 58.493, 59.159, 59.349, 61.294, 63.78, 64.329, 63.727, 62.702, 61.845, 62.914, 65.787, 67.461, 66.806, 66.617, 67.632, 66.942, 65.209, 63.065], [56.023, 57.285, 58.803, 58.194, 57.1, 55.746, 54.681, 53.317, 51.181, 49.476, 48.987, 48.358, 47.178, 48.689, 51.987, 52.903, 52.618, 52.034, 52.992, 52.048, 48.978, 47.959, 47.894, 46.658, 43.625, 40.309, 38.915, 38.791, 38.233, 37.361, 37.27, 35.24, 30.34, 25.912, 24.415, 23.399, 19.92, 14.072, 7.237, 0.0, 7.618, 14.623, 20.093, 23.69, 25.469, 28.354, 32.393, 37.659, 40.721, 41.291, 41.557, 43.568, 43.35, 41.524, 41.966, 43.037, 43.409, 45.32, 47.507, 48.174, 48.379, 48.794, 49.282, 49.647, 50.004, 51.479, 54.028, 55.775, 56.751, 57.401, 57.668, 59.769, 62.393, 62.984, 62.376, 61.3, 60.392, 61.467, 64.351, 66.063, 65.491, 65.357, 66.385, 65.73, 64.06, 62.01], [54.38, 55.679, 57.184, 56.659, 55.839, 54.969, 54.36, 53.381, 51.451, 49.723, 49.11, 48.389, 47.158, 48.49, 51.386, 52.066, 51.755, 51.271, 52.514, 51.694, 48.552, 47.396, 47.364, 46.331, 43.41, 39.955, 38.235, 37.961, 37.366, 36.353, 36.24, 34.876, 31.419, 28.397, 27.617, 26.975, 23.749, 18.701, 13.53, 7.618, 0.0, 8.194, 15.181, 19.81, 22.202, 25.548, 29.76, 34.793, 37.785, 38.334, 38.585, 40.681, 40.55, 38.946, 39.602, 40.754, 41.21, 42.985, 45.118, 45.984, 46.499, 47.098, 47.561, 47.917, 48.412, 49.837, 52.196, 53.861, 54.829, 55.449, 55.764, 57.931, 60.54, 61.119, 60.632, 59.728, 58.846, 59.908, 62.742, 64.492, 64.027, 64.154, 65.332, 64.718, 63.12, 61.12], [53.547, 54.756, 56.136, 55.642, 54.975, 54.354, 54.072, 53.471, 51.891, 50.288, 49.604, 48.8, 47.457, 48.499, 51.013, 51.554, 51.243, 50.883, 52.414, 51.862, 48.846, 47.716, 47.788, 46.945, 44.157, 40.6, 38.576, 38.094, 37.422, 36.353, 36.269, 35.446, 33.013, 30.884, 30.556, 30.2, 27.369, 23.062, 19.098, 14.623, 8.194, 0.0, 8.445, 14.427, 17.915, 22.161, 26.702, 31.939, 35.13, 35.695, 35.735, 37.654, 37.555, 36.08, 36.876, 38.064, 38.483, 40.115, 42.285, 43.433, 44.341, 45.225, 45.699, 46.022, 46.646, 47.967, 50.045, 51.595, 52.598, 53.183, 53.437, 55.654, 58.346, 58.985, 58.739, 58.301, 57.589, 58.56, 61.138, 62.789, 62.423, 62.702, 63.86, 63.23, 61.714, 59.795], [54.075, 55.118, 56.328, 55.866, 55.379, 54.923, 54.804, 54.449, 53.335, 52.072, 51.395, 50.523, 48.99, 49.596, 51.755, 52.221, 51.869, 51.549, 53.192, 53.011, 50.35, 49.329, 49.521, 48.914, 46.389, 42.947, 40.848, 40.286, 39.617, 38.612, 38.637, 38.225, 36.286, 34.381, 34.086, 33.815, 31.305, 27.428, 23.822, 20.093, 15.181, 8.445, 0.0, 7.144, 12.454, 18.253, 23.526, 29.778, 33.557, 34.23, 34.005, 35.376, 35.276, 34.022, 34.985, 36.25, 36.671, 38.338, 40.726, 42.2, 43.424, 44.498, 45.014, 45.257, 45.904, 47.106, 48.95, 50.406, 51.383, 51.924, 52.145, 54.515, 57.456, 58.274, 58.172, 58.085, 57.628, 58.541, 60.846, 62.314, 62.001, 62.179, 63.026, 62.315, 60.894, 59.132], [54.672, 55.615, 56.694, 56.241, 55.882, 55.526, 55.425, 55.129, 54.308, 53.429, 52.932, 52.124, 50.522, 50.747, 52.509, 52.907, 52.555, 52.243, 53.98, 54.241, 51.965, 50.99, 51.231, 50.844, 48.729, 45.586, 43.5, 42.908, 42.271, 41.305, 41.381, 41.212, 39.442, 37.391, 36.824, 36.498, 34.119, 30.467, 27.028, 23.69, 19.81, 14.427, 7.144, 0.0, 6.937, 14.172, 20.016, 27.261, 31.665, 32.435, 32.08, 33.079, 33.04, 32.064, 33.229, 34.582, 35.023, 36.727, 39.222, 40.854, 42.249, 43.428, 44.028, 44.269, 44.919, 46.065, 47.884, 49.361, 50.319, 50.856, 51.117, 53.568, 56.664, 57.692, 57.73, 57.79, 57.491, 58.444, 60.624, 61.992, 61.663, 61.681, 62.287, 61.535, 60.205, 58.595], [54.664, 55.728, 56.828, 56.37, 55.999, 55.636, 55.502, 55.182, 54.431, 53.808, 53.616, 53.097, 51.665, 51.762, 53.266, 53.636, 53.34, 53.051, 54.908, 55.435, 53.276, 52.172, 52.339, 52.113, 50.404, 47.494, 45.371, 44.783, 44.197, 43.244, 43.289, 43.066, 41.187, 38.86, 37.948, 37.537, 35.192, 31.668, 28.48, 25.469, 22.202, 17.915, 12.454, 6.937, 0.0, 8.126, 14.758, 23.05, 27.986, 28.789, 28.536, 29.725, 29.818, 28.931, 30.298, 31.817, 32.415, 34.267, 36.756, 38.422, 39.877, 41.044, 41.652, 41.927, 42.639, 43.935, 46.055, 47.758, 48.787, 49.344, 49.638, 52.106, 55.2, 56.347, 56.498, 56.635, 56.411, 57.487, 59.868, 61.359, 60.962, 60.916, 61.591, 60.914, 59.667, 58.138], [54.302, 55.566, 56.732, 56.261, 55.85, 55.491, 55.35, 55.027, 54.352, 53.978, 54.136, 54.069, 53.066, 53.156, 54.413, 54.749, 54.471, 54.209, 56.172, 56.792, 54.535, 53.111, 53.085, 53.036, 51.854, 49.293, 47.171, 46.608, 46.104, 45.237, 45.39, 45.211, 43.318, 40.801, 39.647, 39.203, 36.888, 33.629, 30.943, 28.354, 25.548, 22.161, 18.253, 14.172, 8.126, 0.0, 8.097, 18.408, 23.996, 24.977, 25.292, 27.062, 27.292, 26.535, 28.202, 30.058, 31.082, 33.069, 35.295, 36.821, 38.338, 39.536, 40.186, 40.598, 41.377, 42.824, 45.413, 47.526, 48.656, 49.174, 49.51, 51.863, 54.78, 55.977, 56.258, 56.48, 56.299, 57.43, 60.004, 61.677, 61.199, 61.126, 61.943, 61.337, 60.159, 58.703], [54.694, 56.116, 57.235, 56.691, 56.216, 55.894, 55.776, 55.442, 54.814, 54.632, 55.076, 55.416, 55.02, 55.461, 56.585, 56.885, 56.657, 56.461, 58.503, 59.124, 56.729, 54.97, 54.669, 54.677, 54.038, 51.912, 49.82, 49.243, 48.784, 47.957, 48.129, 48.004, 46.243, 43.808, 42.598, 42.167, 39.944, 36.951, 34.7, 32.393, 29.76, 26.702, 23.526, 20.016, 14.758, 8.097, 0.0, 12.294, 18.93, 20.371, 21.296, 23.696, 24.097, 23.704, 25.85, 28.097, 29.782, 32.081, 33.979, 35.403, 37.144, 38.519, 39.292, 39.974, 40.853, 42.259, 45.08, 47.371, 48.527, 49.037, 49.511, 51.883, 54.598, 55.762, 56.179, 56.599, 56.549, 57.774, 60.335, 61.973, 61.526, 61.627, 62.603, 62.0, 60.846, 59.446], [54.392, 56.055, 57.162, 56.544, 55.931, 55.701, 55.742, 55.521, 54.922, 54.83, 55.449, 56.086, 56.336, 57.505, 58.745, 59.04, 58.924, 58.855, 61.114, 61.678, 59.005, 56.848, 56.209, 56.261, 56.207, 54.503, 52.469, 51.913, 51.506, 50.662, 50.732, 50.909, 49.961, 48.156, 47.018, 46.657, 44.455, 41.623, 39.868, 37.659, 34.793, 31.939, 29.778, 27.261, 23.05, 18.408, 12.294, 0.0, 7.785, 10.339, 12.65, 17.116, 18.291, 19.074, 22.223, 24.907, 27.44, 29.833, 30.837, 31.971, 34.019, 35.484, 36.07, 36.911, 38.163, 39.841, 42.855, 45.11, 46.156, 46.603, 47.363, 49.915, 52.172, 53.021, 53.512, 54.187, 54.328, 55.759, 58.455, 60.173, 59.884, 60.949, 62.784, 62.256, 61.055, 59.635], [54.173, 56.034, 57.213, 56.627, 56.007, 55.87, 56.042, 55.924, 55.312, 55.201, 55.851, 56.569, 56.982, 58.373, 59.68, 59.989, 59.892, 59.846, 62.24, 62.795, 60.008, 57.693, 56.944, 57.11, 57.345, 55.828, 53.848, 53.331, 52.991, 52.205, 52.322, 52.714, 52.218, 50.746, 49.646, 49.302, 47.166, 44.48, 42.92, 40.721, 37.785, 35.13, 33.557, 31.665, 27.986, 23.996, 18.93, 7.785, 0.0, 4.125, 9.31, 15.931, 17.682, 18.828, 22.037, 24.733, 27.448, 29.568, 29.939, 30.712, 32.687, 34.014, 34.352, 35.13, 36.448, 38.255, 41.379, 43.686, 44.718, 45.127, 46.003, 48.546, 50.41, 50.96, 51.409, 52.181, 52.467, 54.1, 57.059, 58.988, 58.758, 60.374, 62.911, 62.61, 61.459, 60.025], [54.227, 56.068, 57.193, 56.591, 56.021, 55.956, 56.178, 56.091, 55.452, 55.287, 55.904, 56.595, 56.946, 58.263, 59.511, 59.836, 59.783, 59.737, 62.139, 62.77, 60.142, 57.977, 57.31, 57.496, 57.715, 56.203, 54.226, 53.694, 53.364, 52.609, 52.761, 53.226, 52.789, 51.319, 50.176, 49.806, 47.745, 45.132, 43.539, 41.291, 38.334, 35.695, 34.23, 32.435, 28.789, 24.977, 20.371, 10.339, 4.125, 0.0, 6.771, 14.563, 16.64, 17.705, 20.75, 23.3, 25.952, 28.039, 28.403, 29.207, 31.251, 32.586, 32.872, 33.658, 34.975, 36.721, 39.799, 42.098, 43.162, 43.601, 44.496, 47.073, 48.917, 49.436, 49.886, 50.711, 51.079, 52.805, 55.901, 57.93, 57.699, 59.325, 62.024, 61.896, 60.851, 59.445], [54.976, 56.52, 57.397, 56.748, 56.304, 56.301, 56.493, 56.377, 55.708, 55.405, 55.911, 56.522, 56.759, 57.959, 59.062, 59.322, 59.439, 59.583, 61.941, 62.706, 60.549, 58.89, 58.488, 58.574, 58.52, 56.908, 54.969, 54.399, 54.018, 53.292, 53.49, 54.11, 53.647, 52.073, 50.894, 50.448, 48.394, 45.682, 43.866, 41.557, 38.585, 35.735, 34.005, 32.08, 28.536, 25.292, 21.296, 12.65, 9.31, 6.771, 0.0, 8.863, 11.634, 13.293, 16.59, 18.906, 21.481, 23.771, 24.467, 25.825, 28.401, 29.967, 30.3, 31.235, 32.783, 34.459, 37.298, 39.356, 40.286, 40.717, 41.711, 44.588, 46.72, 47.363, 47.87, 48.794, 49.224, 50.966, 53.962, 55.882, 55.731, 57.375, 59.974, 59.873, 58.912, 57.581], [56.558, 57.659, 58.198, 57.584, 57.406, 57.517, 57.652, 57.505, 56.877, 56.483, 56.896, 57.438, 57.569, 58.522, 59.311, 59.404, 59.639, 60.031, 62.205, 62.99, 61.446, 60.389, 60.26, 60.245, 60.008, 58.503, 56.769, 56.211, 55.782, 55.123, 55.468, 56.399, 56.057, 54.517, 53.417, 52.906, 50.814, 48.003, 45.933, 43.568, 40.681, 37.654, 35.376, 33.079, 29.725, 27.062, 23.696, 17.116, 15.931, 14.563, 8.863, 0.0, 4.46, 9.352, 13.338, 15.437, 18.141, 20.659, 21.752, 23.734, 26.826, 28.593, 29.131, 30.349, 32.141, 33.62, 36.094, 37.846, 38.441, 38.688, 39.824, 43.005, 45.504, 46.394, 47.022, 48.054, 48.527, 50.171, 52.86, 54.554, 54.524, 56.175, 58.493, 58.326, 57.476, 56.348], [56.888, 57.883, 58.397, 57.821, 57.688, 57.762, 57.831, 57.618, 56.907, 56.426, 56.817, 57.349, 57.441, 58.314, 59.061, 59.153, 59.412, 59.848, 61.908, 62.521, 61.033, 60.148, 60.09, 59.981, 59.665, 58.242, 56.6, 56.022, 55.545, 54.878, 55.278, 56.23, 55.806, 54.263, 53.223, 52.679, 50.581, 47.764, 45.661, 43.35, 40.55, 37.555, 35.276, 33.04, 29.818, 27.292, 24.097, 18.291, 17.682, 16.64, 11.634, 4.46, 0.0, 6.625, 11.093, 13.383, 16.413, 19.467, 20.881, 22.841, 25.933, 27.831, 28.566, 30.006, 31.813, 33.112, 35.462, 37.252, 37.917, 38.238, 39.34, 42.428, 45.007, 45.962, 46.622, 47.708, 48.249, 49.905, 52.543, 54.208, 54.199, 55.786, 58.01, 57.816, 56.961, 55.857], [56.76, 57.858, 58.557, 58.087, 57.949, 57.879, 57.795, 57.413, 56.487, 55.872, 56.235, 56.735, 56.707, 57.553, 58.435, 58.57, 58.846, 59.26, 61.329, 61.984, 60.569, 59.787, 59.753, 59.526, 58.949, 57.356, 55.653, 55.018, 54.513, 53.873, 54.327, 55.13, 54.354, 52.565, 51.387, 50.697, 48.614, 45.773, 43.638, 41.524, 38.946, 36.08, 34.022, 32.064, 28.931, 26.535, 23.704, 19.074, 18.828, 17.705, 13.293, 9.352, 6.625, 0.0, 5.178, 8.471, 12.315, 16.602, 18.735, 20.846, 24.062, 26.157, 26.94, 28.533, 30.297, 31.383, 33.675, 35.749, 36.895, 37.573, 38.514, 41.352, 43.942, 44.852, 45.438, 46.557, 47.247, 49.144, 52.051, 53.864, 53.829, 55.157, 57.358, 57.245, 56.334, 55.106], [57.449, 58.52, 59.246, 58.851, 58.777, 58.673, 58.497, 58.007, 56.958, 56.241, 56.555, 57.013, 56.862, 57.576, 58.408, 58.511, 58.821, 59.259, 61.321, 62.158, 61.134, 60.686, 60.785, 60.501, 59.75, 58.066, 56.337, 55.659, 55.162, 54.616, 55.177, 55.975, 55.026, 53.064, 51.751, 50.919, 48.877, 46.073, 43.924, 41.966, 39.602, 36.876, 34.985, 33.229, 30.298, 28.202, 25.85, 22.223, 22.037, 20.75, 16.59, 13.338, 11.093, 5.178, 0.0, 4.278, 9.136, 14.33, 16.965, 19.375, 22.872, 25.129, 25.954, 27.714, 29.478, 30.325, 32.442, 34.59, 35.958, 36.848, 37.72, 40.395, 42.99, 43.903, 44.477, 45.651, 46.486, 48.588, 51.687, 53.602, 53.57, 54.721, 56.874, 56.84, 55.95, 54.688], [58.484, 59.443, 60.081, 59.672, 59.622, 59.525, 59.326, 58.808, 57.725, 56.95, 57.211, 57.622, 57.398, 58.0, 58.705, 58.768, 59.141, 59.625, 61.694, 62.681, 62.001, 61.918, 62.238, 61.972, 61.118, 59.359, 57.583, 56.853, 56.347, 55.843, 56.416, 57.198, 56.178, 54.144, 52.792, 51.91, 49.891, 47.101, 44.936, 43.037, 40.754, 38.064, 36.25, 34.582, 31.817, 30.058, 28.097, 24.907, 24.733, 23.3, 18.906, 15.437, 13.383, 8.471, 4.278, 0.0, 5.889, 12.095, 15.272, 18.176, 22.085, 24.495, 25.296, 27.104, 28.936, 29.712, 31.689, 33.726, 35.073, 36.008, 36.906, 39.653, 42.353, 43.319, 43.915, 45.117, 45.976, 48.097, 51.234, 53.18, 53.178, 54.329, 56.474, 56.476, 55.64, 54.411], [58.815, 59.603, 60.123, 59.689, 59.696, 59.605, 59.372, 58.866, 57.791, 56.963, 57.105, 57.353, 56.873, 57.174, 57.681, 57.709, 58.161, 58.669, 60.752, 61.985, 61.669, 61.962, 62.627, 62.558, 61.66, 59.833, 58.037, 57.266, 56.772, 56.367, 57.061, 57.9, 56.763, 54.548, 53.089, 52.158, 50.204, 47.474, 45.262, 43.409, 41.21, 38.483, 36.671, 35.023, 32.415, 31.082, 29.782, 27.44, 27.448, 25.952, 21.481, 18.141, 16.413, 12.315, 9.136, 5.889, 0.0, 7.661, 12.23, 15.863, 20.256, 22.956, 23.82, 25.659, 27.459, 28.131, 29.987, 31.952, 33.326, 34.324, 35.123, 37.842, 40.784, 41.912, 42.601, 43.847, 44.615, 46.519, 49.476, 51.41, 51.415, 52.447, 54.537, 54.586, 53.814, 52.646], [58.08, 58.644, 58.937, 58.491, 58.684, 58.785, 58.62, 58.242, 57.299, 56.52, 56.595, 56.714, 55.997, 55.853, 55.922, 55.812, 56.322, 56.899, 59.036, 60.565, 60.626, 61.204, 62.172, 62.454, 61.828, 60.189, 58.452, 57.675, 57.239, 57.019, 58.013, 59.232, 58.334, 56.129, 54.609, 53.675, 51.822, 49.319, 47.23, 45.32, 42.985, 40.115, 38.338, 36.727, 34.267, 33.069, 32.081, 29.833, 29.568, 28.039, 23.771, 20.659, 19.467, 16.602, 14.33, 12.095, 7.661, 0.0, 6.259, 11.753, 17.468, 20.76, 21.749, 23.805, 25.669, 26.222, 27.987, 29.904, 31.138, 32.127, 32.864, 35.069, 37.867, 39.201, 40.307, 41.878, 42.653, 44.25, 46.762, 48.631, 48.672, 49.812, 51.931, 51.978, 51.286, 50.23], [57.76, 58.284, 58.485, 57.994, 58.165, 58.347, 58.244, 57.935, 57.056, 56.373, 56.546, 56.752, 56.163, 56.035, 55.946, 55.764, 56.285, 56.921, 59.153, 60.744, 60.771, 61.25, 62.202, 62.661, 62.445, 61.189, 59.577, 58.801, 58.379, 58.181, 59.21, 60.538, 59.825, 57.679, 56.087, 55.182, 53.368, 51.092, 49.338, 47.507, 45.118, 42.285, 40.726, 39.222, 36.756, 35.295, 33.979, 30.837, 29.939, 28.403, 24.467, 21.752, 20.881, 18.735, 16.965, 15.272, 12.23, 6.259, 0.0, 7.467, 14.846, 18.948, 20.168, 22.494, 24.582, 25.44, 27.704, 29.959, 31.228, 32.209, 33.078, 34.853, 37.114, 38.441, 39.875, 41.723, 42.567, 44.062, 46.332, 48.18, 48.183, 49.644, 52.018, 52.036, 51.329, 50.309], [57.12, 57.668, 57.951, 57.458, 57.588, 57.765, 57.639, 57.312, 56.379, 55.677, 55.858, 56.081, 55.551, 55.439, 55.404, 55.307, 55.