[[0.0, 8.975, 16.509, 25.621, 26.223, 25.482, 26.788, 27.341, 27.759, 28.64, 29.343, 29.196, 29.565, 29.765, 30.297, 33.672, 38.06, 41.825, 44.234, 44.992, 45.87, 46.036, 44.766, 44.461, 44.678, 45.17, 45.461, 45.285, 45.558, 46.347, 46.993, 47.133, 47.129, 48.09, 50.339, 51.066, 50.853, 50.774, 51.093, 51.409, 51.053, 50.232, 49.574, 49.352, 49.543, 50.018, 50.852, 51.431, 51.722, 53.245, 55.183, 55.143, 53.568, 54.159, 55.67, 56.649, 56.804, 56.587, 57.402, 58.314, 57.423, 56.797, 58.141, 59.598, 59.563, 58.372, 57.503, 56.991, 55.964, 54.774, 55.11, 55.669, 56.211, 57.456, 58.063, 59.382, 59.657, 59.377, 59.604, 60.114, 59.414, 56.698, 54.224, 51.949, 50.053, 50.751], [8.975, 0.0, 9.764, 20.525, 21.651, 20.704, 22.047, 22.874, 23.528, 25.115, 26.467, 26.571, 27.075, 27.227, 27.691, 31.225, 35.733, 39.396, 41.864, 42.801, 43.908, 44.463, 43.797, 43.871, 44.116, 44.525, 44.884, 44.801, 45.116, 45.96, 46.594, 46.795, 46.778, 47.995, 51.268, 52.635, 52.616, 52.585, 52.851, 53.186, 52.92, 52.145, 51.574, 51.38, 51.488, 51.888, 52.686, 53.251, 53.6, 55.203, 57.131, 57.146, 55.733, 56.299, 57.7, 58.56, 58.492, 58.093, 58.985, 60.132, 59.334, 58.687, 59.971, 61.342, 61.306, 60.15, 59.304, 58.811, 57.901, 56.81, 57.031, 57.628, 58.179, 59.214, 59.669, 60.909, 61.208, 60.924, 61.1, 61.54, 60.839, 58.253, 56.01, 53.841, 52.052, 52.68], [16.509, 9.764, 0.0, 12.642, 16.088, 15.373, 16.637, 17.681, 18.562, 21.794, 24.528, 25.087, 25.637, 25.896, 26.512, 30.222, 34.927, 38.432, 40.629, 41.697, 43.198, 44.256, 44.185, 44.538, 44.648, 44.916, 45.401, 45.416, 45.78, 46.72, 47.342, 47.404, 47.253, 48.594, 52.139, 53.794, 54.106, 54.112, 54.059, 54.434, 54.518, 53.851, 53.415, 53.249, 53.189, 53.473, 54.12, 54.529, 54.833, 56.513, 58.528, 58.824, 57.849, 58.307, 59.439, 60.064, 59.619, 59.054, 60.121, 61.587, 61.021, 60.393, 61.499, 62.637, 62.573, 61.576, 60.822, 60.314, 59.689, 58.831, 58.814, 59.613, 60.375, 61.014, 61.082, 62.197, 62.514, 62.064, 62.025, 62.305, 61.658, 59.426, 57.678, 55.697, 54.239, 54.881], [25.621, 20.525, 12.642, 0.0, 7.568, 9.538, 11.879, 13.794, 14.403, 18.327, 21.865, 22.627, 23.037, 23.334, 23.931, 27.664, 32.434, 35.721, 37.545, 38.599, 40.273, 41.559, 41.84, 42.476, 42.492, 42.643, 43.327, 43.549, 44.057, 45.114, 45.726, 45.714, 45.496, 46.949, 50.776, 52.609, 53.254, 53.551, 53.413, 53.93, 54.356, 53.773, 53.449, 53.41, 53.39, 53.756, 54.305, 54.455, 54.58, 56.161, 58.012, 58.4, 57.863, 58.252, 59.116, 59.562, 58.85, 58.122, 59.301, 61.032, 60.623, 59.997, 61.005, 62.031, 62.005, 61.072, 60.326, 59.808, 59.484, 58.988, 58.815, 59.744, 60.773, 61.131, 60.975, 61.934, 62.135, 61.481, 61.263, 61.384, 60.725, 58.892, 57.817, 56.271, 55.485, 56.54], [26.223, 21.651, 16.088, 7.568, 0.0, 5.375, 10.003, 12.56, 13.253, 16.624, 19.362, 19.653, 19.935, 20.251, 20.836, 24.982, 29.949, 33.392, 35.437, 36.425, 37.814, 38.718, 38.487, 38.998, 39.116, 39.355, 40.077, 40.306, 40.739, 41.704, 42.323, 42.449, 42.396, 43.941, 48.004, 50.044, 50.708, 51.269, 51.67, 52.456, 52.746, 52.068, 51.664, 51.63, 51.835, 52.436, 53.133, 53.296, 53.369, 54.81, 56.402, 56.409, 55.587, 56.037, 56.988, 57.579, 57.143, 56.524, 57.597, 59.119, 58.513, 57.866, 59.06, 60.286, 60.305, 59.207, 58.296, 57.789, 57.367, 56.809, 56.767, 57.54, 58.371, 58.832, 58.961, 60.0, 60.105, 59.531, 59.506, 59.755, 59.017, 57.103, 55.963, 54.486, 53.826, 55.25], [25.482, 20.704, 15.373, 9.538, 5.375, 0.0, 5.815, 8.998, 11.017, 16.08, 19.224, 19.642, 19.997, 20.366, 21.242, 25.736, 30.827, 34.389, 36.592, 37.606, 38.947, 39.808, 39.439, 39.845, 39.97, 40.195, 40.829, 40.969, 41.334, 42.229, 42.836, 42.979, 42.896, 44.412, 48.501, 50.569, 51.189, 51.733, 52.233, 53.053, 53.238, 52.54, 52.066, 51.905, 52.035, 52.564, 53.313, 53.619, 53.812, 55.328, 56.977, 56.919, 55.895, 56.308, 57.3, 57.956, 57.64, 57.087, 58.163, 59.592, 58.878, 58.171, 59.364, 60.612, 60.596, 59.473, 58.604, 58.115, 57.591, 56.907, 56.908, 57.664, 58.363, 58.898, 59.115, 60.191, 60.398, 59.995, 60.121, 60.441, 59.675, 57.542, 56.063, 54.373, 53.473, 54.82], [26.788, 22.047, 16.637, 11.879, 10.003, 5.815, 0.0, 4.568, 8.49, 15.526, 19.48, 20.204, 20.701, 21.217, 22.56, 27.445, 32.746, 36.257, 38.33, 39.333, 40.681, 41.637, 41.388, 41.847, 41.876, 41.964, 42.562, 42.626, 42.959, 43.85, 44.425, 44.535, 44.421, 45.95, 49.996, 52.056, 52.709, 53.28, 53.758, 54.535, 54.777, 54.117, 53.641, 53.436, 53.438, 53.832, 54.541, 54.888, 55.1, 56.593, 58.216, 58.163, 57.183, 57.532, 58.406, 59.016, 58.656, 58.049, 59.215, 60.716, 59.97, 59.219, 60.339, 61.51, 61.467, 60.359, 59.538, 59.06, 58.539, 57.799, 57.734, 58.502, 59.093, 59.535, 59.696, 60.74, 61.071, 60.826, 61.034, 61.345, 60.585, 58.42, 56.839, 55.025, 54.087, 55.386], [27.341, 22.874, 17.681, 13.794, 12.56, 8.998, 4.568, 0.0, 6.431, 15.385, 19.706, 20.408, 20.956, 21.662, 23.33, 28.441, 33.819, 37.282, 39.269, 40.201, 41.541, 42.575, 42.364, 42.789, 42.794, 42.888, 43.442, 43.381, 43.645, 44.504, 45.032, 44.988, 44.765, 46.462, 50.578, 52.668, 53.339, 53.849, 54.186, 54.857, 55.194, 54.659, 54.22, 53.938, 53.817, 54.15, 54.836, 55.144, 55.253, 56.666, 58.361, 58.445, 57.553, 57.937, 58.807, 59.364, 58.896, 58.205, 59.344, 60.809, 60.08, 59.375, 60.429, 61.437, 61.29, 60.266, 59.563, 59.083, 58.574, 57.759, 57.639, 58.39, 58.847, 59.166, 59.205, 60.313, 60.767, 60.529, 60.757, 61.1, 60.384, 58.285, 56.757, 54.853, 53.775, 54.911], [27.759, 23.528, 18.562, 14.403, 13.253, 11.017, 8.49, 6.431, 0.0, 10.702, 16.225, 17.325, 18.046, 18.919, 20.774, 26.068, 31.66, 35.127, 36.881, 37.661, 38.997, 40.162, 40.345, 41.014, 40.958, 40.923, 41.438, 41.466, 41.856, 42.806, 43.34, 43.233, 43.057, 44.843, 48.944, 51.032, 51.773, 52.211, 52.394, 53.083, 53.562, 53.082, 52.95, 53.004, 52.877, 53.103, 53.649, 53.74, 53.628, 54.937, 56.602, 56.833, 56.238, 56.672, 57.431, 57.852, 57.186, 56.42, 57.607, 59.235, 58.696, 58.071, 58.998, 59.806, 59.63, 58.678, 57.962, 57.447, 57.007, 56.265, 56.061, 56.752, 57.234, 57.448, 57.387, 58.488, 58.933, 58.68, 58.887, 59.235, 58.631, 56.719, 55.41, 53.655, 52.763, 53.908], [28.64, 25.115, 21.794, 18.327, 16.624, 16.08, 15.526, 15.385, 10.702, 0.0, 7.401, 10.1, 11.478, 12.527, 15.03, 21.146, 27.07, 30.608, 32.117, 32.604, 33.799, 34.985, 35.78, 36.999, 36.963, 36.799, 37.274, 37.536, 38.267, 39.336, 39.894, 40.0, 40.098, 41.63, 45.443, 47.462, 48.264, 48.674, 49.07, 50.007, 50.506, 49.946, 50.068, 51.018, 51.43, 51.661, 52.057, 51.916, 51.56, 52.639, 53.942, 53.933, 53.543, 54.135, 54.792, 55.105, 54.36, 53.614, 54.75, 56.44, 56.043, 55.468, 56.463, 57.465, 57.473, 56.401, 55.496, 54.994, 54.485, 53.816, 53.626, 54.068, 54.477, 54.691, 54.771, 55.726, 56.009, 55.888, 56.172, 56.506, 55.928, 54.003, 52.7, 51.226, 50.835, 52.437], [29.343, 26.467, 24.528, 21.865, 19.362, 19.224, 19.48, 19.706, 16.225, 7.401, 0.0, 4.393, 6.762, 8.181, 11.911, 19.321, 25.278, 28.705, 30.174, 30.449, 31.411, 32.338, 33.002, 34.352, 34.475, 34.502, 34.993, 35.169, 35.877, 36.862, 37.381, 37.656, 37.966, 39.4, 43.076, 45.153, 45.98, 46.472, 47.212, 48.347, 48.731, 48.128, 48.179, 49.45, 50.437, 50.963, 51.411, 51.19, 50.594, 51.244, 52.098, 51.701, 51.155, 51.877, 52.62, 53.016, 52.467, 51.83, 52.785, 54.185, 53.659, 53.118, 54.36, 55.712, 55.867, 54.666, 53.651, 53.193, 52.504, 51.757, 51.728, 51.885, 51.95, 52.194, 52.526, 53.423, 53.545, 53.511, 53.938, 54.339, 53.673, 51.622, 50.221, 48.927, 48.845, 50.89], [29.196, 26.571, 25.087, 22.627, 19.653, 19.642, 20.204, 20.408, 17.325, 10.1, 4.393, 0.0, 3.321, 5.642, 10.513, 18.817, 24.898, 28.147, 29.467, 29.65, 30.489, 31.229, 31.591, 32.816, 32.98, 33.079, 33.561, 33.565, 34.079, 35.002, 35.49, 35.773, 36.191, 37.829, 41.755, 44.025, 44.873, 45.457, 46.406, 47.664, 48.067, 47.457, 47.417, 48.594, 49.759, 50.614, 51.197, 50.928, 50.134, 50.438, 51.013, 50.469, 49.866, 50.643, 51.448, 51.882, 51.44, 50.852, 51.706, 52.916, 52.266, 51.781, 53.216, 54.739, 54.939, 53.66, 52.557, 52.102, 51.367, 50.568, 50.628, 50.633, 50.387, 50.556, 50.957, 51.886, 51.95, 51.893, 52.376, 52.783, 52.036, 49.992, 48.688, 47.548, 47.691, 49.929], [29.565, 27.075, 25.637, 23.037, 19.935, 19.997, 20.701, 20.956, 18.046, 11.478, 6.762, 3.321, 0.0, 3.37, 9.493, 18.335, 24.476, 27.651, 28.834, 28.971, 29.775, 30.435, 30.676, 31.809, 31.967, 32.099, 32.594, 32.575, 33.047, 33.971, 34.472, 34.763, 35.213, 36.88, 40.912, 43.294, 44.175, 44.813, 45.844, 47.185, 47.626, 47.026, 46.978, 48.132, 49.307, 50.278, 50.952, 50.673, 49.798, 49.956, 50.397, 49.821, 49.249, 50.032, 50.847, 51.276, 50.851, 50.324, 51.174, 52.319, 51.64, 51.167, 52.654, 54.224, 54.442, 53.134, 51.973, 51.505, 50.784, 50.005, 50.088, 50.067, 49.764, 49.897, 50.291, 51.178, 51.192, 51.128, 51.628, 52.005, 51.201, 49.166, 47.946, 46.944, 47.281, 49.623], [29.765, 27.227, 25.896, 23.334, 20.251, 20.366, 21.217, 21.662, 18.919, 12.527, 8.181, 5.642, 3.37, 0.0, 7.192, 16.659, 23.039, 26.361, 27.643, 27.876, 28.725, 29.374, 29.61, 30.738, 30.88, 31.028, 31.61, 31.701, 32.204, 33.137, 33.672, 34.041, 34.492, 36.024, 40.103, 42.52, 43.369, 44.024, 45.128, 46.558, 46.965, 46.329, 46.266, 47.438, 48.654, 49.635, 50.327, 50.121, 49.411, 49.724, 50.196, 49.586, 48.957, 49.689, 50.495, 50.924, 50.517, 50.069, 50.976, 52.17, 51.518, 51.02, 52.493, 54.091, 54.328, 53.007, 51.827, 51.362, 50.632, 49.871, 49.988, 49.98, 49.707, 49.888, 50.337, 51.185, 51.139, 51.056, 51.56, 51.945, 51.125, 49.011, 47.709, 46.704, 47.071, 49.452], [30.297, 27.691, 26.512, 23.931, 20.836, 21.242, 22.56, 23.33, 20.774, 15.03, 11.911, 10.513, 9.493, 7.192, 0.0, 10.126, 17.362, 21.443, 23.487, 24.227, 25.373, 26.231, 26.525, 27.76, 27.954, 28.178, 29.005, 29.465, 30.242, 31.326, 31.938, 32.453, 32.861, 34.1, 38.306, 40.747, 41.474, 42.133, 43.303, 44.845, 45.119, 44.369, 44.247, 45.32, 46.541, 47.613, 48.34, 48.253, 48.29, 49.491, 50.244, 49.543, 48.712, 49.358, 50.234, 50.696, 50.315, 49.896, 50.855, 52.204, 51.617, 51.053, 52.441, 53.974, 54.192, 52.883, 51.631, 51.155, 50.484, 49.822, 50.017, 50.044, 49.928, 50.232, 50.816, 51.676, 51.489, 51.155, 51.514, 51.944, 51.133, 48.903, 47.471, 46.342, 46.545, 48.862], [33.672, 31.225, 30.222, 27.664, 24.982, 25.736, 27.445, 28.441, 26.068, 21.146, 19.321, 18.817, 18.335, 16.659, 10.126, 0.0, 8.528, 14.107, 17.537, 19.213, 20.956, 22.287, 23.197, 24.863, 25.253, 25.752, 26.918, 28.069, 29.496, 30.848, 31.546, 32.222, 32.519, 33.306, 37.529, 39.843, 40.388, 40.95, 42.014, 43.596, 43.737, 42.903, 42.772, 43.777, 44.909, 46.01, 46.773, 46.781, 47.874, 50.48, 51.776, 51.177, 50.331, 50.979, 51.979, 52.415, 51.904, 51.404, 52.275, 53.724, 53.311, 52.705, 53.877, 55.211, 55.385, 54.162, 52.875, 52.385, 51.903, 51.521, 51.736, 51.787, 51.963, 52.313, 52.885, 53.69, 53.374, 52.729, 52.812, 53.197, 52.401, 50.188, 48.801, 47.645, 47.649, 49.712], [38.06, 35.733, 34.927, 32.434, 29.949, 30.827, 32.746, 33.819, 31.66, 27.07, 25.278, 24.898, 24.476, 23.039, 17.362, 8.528, 0.0, 7.137, 12.477, 15.195, 17.639, 19.609, 21.389, 23.503, 24.11, 25.097, 26.514, 28.025, 29.942, 31.46, 32.181, 32.994, 33.287, 33.9, 38.256, 40.51, 40.959, 41.515, 42.494, 44.009, 44.035, 43.229, 43.108, 44.121, 45.311, 46.499, 47.338, 47.38, 48.856, 52.041, 53.626, 53.161, 52.409, 53.214, 54.382, 54.812, 54.19, 53.557, 54.184, 55.441, 55.092, 54.533, 55.63, 56.924, 57.116, 55.962, 54.722, 54.27, 53.907, 53.739, 53.966, 53.876, 54.057, 54.31, 54.832, 55.538, 55.14, 54.333, 54.218, 54.504, 53.664, 51.561, 50.391, 49.425, 49.421, 51.338], [41.825, 39.396, 38.432, 35.721, 33.392, 34.389, 36.257, 37.282, 35.127, 30.608, 28.705, 28.147, 27.651, 26.361, 21.443, 14.107, 7.137, 0.0, 6.845, 10.952, 14.531, 17.672, 20.626, 23.152, 23.783, 24.94, 26.42, 27.876, 29.901, 31.516, 32.21, 33.066, 33.458, 34.295, 39.015, 41.46, 42.024, 42.702, 43.702, 45.215, 45.357, 44.623, 44.52, 45.6, 46.909, 48.266, 49.169, 49.133, 50.387, 53.257, 54.638, 54.303, 53.917, 54.877, 55.992, 56.245, 55.41, 54.622, 55.066, 56.18, 55.889, 55.483, 56.65, 58.034, 58.326, 57.156, 55.884, 55.481, 55.256, 55.218, 55.398, 55.116, 55.017, 54.987, 55.367, 55.967, 55.543, 54.686, 54.493, 54.589, 53.643, 51.771, 51.015, 50.441, 50.905, 52.901], [44.234, 41.864, 40.629, 37.545, 35.437, 36.592, 38.33, 39.269, 36.881, 32.117, 30.174, 29.467, 28.834, 27.643, 23.487, 17.537, 12.477, 6.845, 0.0, 5.897, 11.221, 15.448, 19.691, 22.73, 23.301, 24.373, 25.751, 27.051, 29.081, 30.764, 31.411, 32.164, 32.632, 33.738, 38.622, 41.226, 41.986, 42.708, 43.688, 45.314, 45.754, 45.091, 45.073, 46.368, 47.753, 49.158, 49.996, 49.776, 50.619, 52.966, 54.021, 53.912, 54.181, 55.293, 56.191, 56.177, 55.069, 54.163, 54.5, 55.565, 55.428, 55.21, 56.436, 57.896, 58.309, 57.115, 55.765, 55.367, 55.279, 55.34, 55.431, 55.04, 54.707, 54.369, 54.525, 55.014, 54.632, 53.846, 53.654, 53.52, 52.509, 50.917, 50.575, 50.41, 51.517, 53.659], [44.992, 42.801, 41.697, 38.599, 36.425, 37.606, 39.333, 40.201, 37.661, 32.604, 30.449, 29.65, 28.971, 27.876, 24.227, 19.213, 15.195, 10.952, 5.897, 0.0, 6.776, 12.272, 17.589, 21.036, 21.663, 22.755, 23.897, 24.996, 27.148, 28.887, 29.484, 30.2, 30.746, 31.965, 36.87, 39.503, 40.348, 41.151, 42.303, 44.107, 44.689, 44.049, 44.132, 45.635, 47.06, 48.426, 49.235, 48.949, 49.565, 51.671, 52.662, 52.615, 53.179, 54.621, 55.595, 55.562, 54.425, 53.506, 53.764, 54.71, 54.62, 54.518, 55.829, 57.383, 57.852, 56.64, 55.285, 54.888, 54.794, 54.845, 54.935, 54.508, 54.071, 53.661, 53.764, 54.245, 53.896, 53.197, 53.093, 52.967, 51.953, 50.387, 50.118, 50.061, 51.284, 53.479], [45.87, 43.908, 43.198, 40.273, 37.814, 38.947, 40.681, 41.541, 38.997, 33.799, 31.411, 30.489, 29.775, 28.725, 25.373, 20.956, 17.639, 14.531, 11.221, 6.776, 0.0, 7.229, 14.641, 18.845, 19.607, 20.765, 21.861, 22.919, 25.135, 26.863, 27.428, 28.26, 28.989, 30.199, 35.043, 37.718, 38.618, 39.564, 41.024, 43.006, 43.593, 42.927, 43.031, 44.663, 46.147, 47.535, 48.389, 48.098, 48.613, 50.617, 51.595, 51.493, 52.039, 53.699, 54.874, 54.965, 53.932, 53.083, 53.319, 54.129, 53.968, 53.934, 55.382, 57.06, 57.584, 56.34, 54.95, 54.53, 54.358, 54.362, 54.512, 54.042, 53.54, 53.214, 53.411, 53.91, 53.526, 52.902, 52.9, 52.841, 51.832, 50.219, 49.903, 49.911, 51.133, 53.366], [46.036, 44.463, 44.256, 41.559, 38.718, 39.808, 41.637, 42.575, 40.162, 34.985, 32.338, 31.229, 30.435, 29.374, 26.231, 22.287, 19.609, 17.672, 15.448, 12.272, 7.229, 0.0, 9.4, 14.716, 15.918, 17.611, 18.972, 20.248, 22.453, 24.038, 24.61, 25.609, 26.575, 27.623, 32.292, 35.049, 35.957, 37.027, 38.843, 41.076, 41.628, 40.877, 40.933, 42.67, 44.366, 45.925, 46.866, 46.588, 47.04, 48.993, 49.888, 49.615, 49.973, 51.632, 52.895, 53.216, 52.505, 51.819, 52.023, 52.659, 52.368, 52.363, 53.986, 55.845, 56.447, 55.151, 53.644, 53.182, 52.909, 52.859, 53.129, 52.64, 52.149, 52.016, 52.399, 52.9, 52.399, 51.815, 51.894, 51.93, 50.919, 49.216, 48.796, 48.841, 50.099, 52.519], [44.766, 43.797, 44.185, 41.84, 38.487, 39.439, 41.388, 42.364, 40.345, 35.78, 33.002, 31.591, 30.676, 29.61, 26.525, 23.197, 21.389, 20.626, 19.691, 17.589, 14.641, 9.4, 0.0, 6.285, 9.153, 12.761, 14.752, 16.315, 18.387, 19.688, 20.29, 21.341, 22.376, 23.033, 27.519, 30.443, 31.228, 32.618, 35.145, 37.8, 38.168, 37.282, 37.229, 38.832, 40.842, 42.787, 43.965, 43.836, 44.356, 46.318, 47.059, 46.278, 46.048, 47.739, 49.197, 49.855, 49.819, 49.517, 49.696, 50.088, 49.541, 49.479, 51.326, 53.465, 54.131, 52.727, 51.102, 50.667, 50.244, 50.048, 50.562, 50.106, 49.598, 49.807, 50.572, 51.087, 50.38, 49.761, 49.991, 50.288, 49.21, 47.247, 46.543, 46.47, 47.701, 50.558], [44.461, 43.871, 44.538, 42.476, 38.998, 39.845, 41.847, 42.789, 41.014, 36.999, 34.352, 32.816, 31.809, 30.738, 27.76, 24.863, 23.503, 23.152, 22.73, 21.036, 18.845, 14.716, 6.285, 0.0, 5.344, 10.76, 13.109, 14.705, 16.481, 17.561, 18.209, 19.131, 20.02, 20.374, 24.694, 27.716, 28.418, 30.022, 33.009, 36.021, 36.326, 35.367, 35.282, 36.697, 38.791, 40.974, 42.351, 42.386, 43.019, 45.06, 45.855, 44.894, 44.324, 46.114, 47.801, 48.574, 48.793, 48.799, 49.057, 49.355, 48.717, 48.63, 50.538, 52.741, 53.395, 51.983, 50.399, 50.01, 49.538, 49.259, 49.863, 49.468, 48.977, 49.348, 50.243, 50.773, 49.995, 49.339, 49.637, 50.076, 48.958, 46.829, 45.936, 45.727, 46.813, 49.796], [44.678, 44.116, 44.648, 42.492, 39.116, 39.97, 41.876, 42.794, 40.958, 36.963, 34.475, 32.98, 31.967, 30.88, 27.954, 25.253, 24.11, 23.783, 23.301, 21.663, 19.607, 15.918, 9.153, 5.344, 0.0, 6.364, 9.76, 11.842, 13.708, 15.009, 15.863, 16.967, 17.93, 18.289, 22.836, 26.065, 26.903, 28.582, 31.711, 34.899, 35.256, 34.24, 34.18, 35.585, 37.578, 39.71, 41.056, 41.11, 41.792, 43.949, 44.867, 44.002, 43.529, 45.33, 47.044, 47.828, 47.924, 47.959, 48.6, 49.256, 48.694, 48.545, 50.307, 52.364, 52.996, 51.618, 50.059, 49.672, 49.263, 49.056, 49.56, 49.215, 48.881, 49.275, 50.147, 50.667, 49.94, 49.347, 49.683, 50.154, 49.104, 47.051, 46.212, 45.98, 47.041, 49.962], [45.17, 44.525, 44.916, 42.643, 39.355, 40.195, 41.964, 42.888, 40.923, 36.799, 34.502, 33.079, 32.099, 31.028, 28.178, 25.752, 25.097, 24.94, 24.373, 22.755, 20.765, 17.611, 12.761, 10.76, 6.364, 0.0, 4.883, 8.213, 10.555, 12.283, 13.352, 14.832, 16.041, 16.37, 21.259, 24.706, 25.703, 27.382, 30.715, 34.041, 34.465, 33.431, 33.445, 34.97, 36.838, 38.793, 39.969, 39.934, 40.547, 42.689, 43.599, 42.789, 42.529, 44.331, 45.954, 46.71, 46.708, 46.724, 47.744, 48.919, 48.541, 48.343, 49.971, 51.933, 52.559, 51.154, 49.573, 49.179, 48.818, 48.712, 49.081, 48.735, 48.576, 49.035, 49.91, 50.387, 49.721, 49.263, 49.672, 50.163, 49.208, 47.222, 46.411, 46.217, 47.388, 50.308], [45.461, 44.884, 45.401, 43.327, 40.077, 40.829, 42.562, 43.442, 41.438, 37.274, 34.993, 33.561, 32.594, 31.61, 29.005, 26.918, 26.514, 26.42, 25.751, 23.897, 21.861, 18.972, 14.752, 13.109, 9.76, 4.883, 0.0, 4.633, 8.028, 10.196, 11.416, 13.053, 14.476, 14.875, 19.978, 23.533, 24.567, 26.195, 29.765, 33.266, 33.768, 32.779, 32.869, 34.554, 36.447, 38.326, 39.409, 39.303, 39.711, 41.661, 42.583, 41.88, 41.818, 43.848, 45.545, 46.278, 46.246, 46.252, 47.215, 48.417, 48.205, 48.134, 49.807, 51.825, 52.448, 51.006, 49.46, 49.084, 48.691, 48.565, 48.916, 48.49, 48.193, 48.611, 49.435, 49.898, 49.303, 48.919, 49.351, 49.833, 48.901, 46.847, 45.943, 45.73, 46.886, 49.78], [45.285, 44.801, 45.416, 43.549, 40.306, 40.969, 42.626, 43.381, 41.466, 37.536, 35.169, 33.565, 32.575, 31.701, 29.465, 28.069, 28.025, 27.876, 27.051, 24.996, 22.919, 20.248, 16.315, 14.705, 11.842, 8.213, 4.633, 0.0, 4.479, 7.404, 8.852, 10.599, 12.413, 13.664, 19.279, 23.1, 24.29, 25.983, 29.618, 33.185, 33.836, 32.911, 32.931, 34.535, 36.504, 38.492, 39.598, 39.424, 39.489, 40.994, 41.836, 41.231, 41.295, 43.501, 45.26, 45.978, 45.92, 45.903, 46.804, 47.815, 47.587, 47.749, 49.66, 51.802, 52.421, 50.953, 49.453, 49.088, 48.64, 48.381, 48.742, 48.262, 47.642, 47.881, 48.603, 49.109, 48.6, 48.217, 48.633, 49.073, 48.106, 46.037, 45.12, 44.852, 45.956, 48.822], [45.558, 45.116, 45.78, 44.057, 40.739, 41.334, 42.959, 43.645, 41.856, 38.267, 35.877, 34.079, 33.047, 32.204, 30.242, 29.496, 29.942, 29.901, 29.081, 27.148, 25.135, 22.453, 18.387, 16.481, 13.708, 10.555, 8.028, 4.479, 0.0, 3.612, 5.502, 7.633, 10.232, 12.376, 18.539, 22.818, 24.176, 25.971, 29.829, 33.573, 34.333, 33.441, 33.377, 34.823, 36.877, 39.026, 40.192, 40.02, 39.882, 41.052, 41.749, 41.083, 41.054, 43.186, 44.885, 45.597, 45.62, 45.75, 46.754, 47.699, 47.397, 47.692, 49.86, 52.132, 52.756, 51.273, 49.774, 49.408, 48.911, 48.541, 48.912, 48.422, 47.621, 47.784, 48.476, 48.995, 48.494, 48.13, 48.589, 49.05, 48.09, 46.07, 45.168, 44.876, 45.993, 48.917], [46.347, 45.96, 46.72, 45.114, 41.704, 42.229, 43.85, 44.504, 42.806, 39.336, 36.862, 35.002, 33.971, 33.137, 31.326, 30.848, 31.46, 31.516, 30.764, 28.887, 26.863, 24.038, 19.688, 17.561, 15.009, 12.283, 10.196, 7.404, 3.612, 0.0, 2.579, 5.493, 8.77, 11.17, 17.604, 22.236, 23.693, 25.595, 29.793, 33.759, 34.526, 33.656, 33.562, 34.992, 37.18, 39.422, 40.622, 40.503, 40.34, 41.426, 42.06, 41.284, 41.114, 43.195, 44.856, 45.58, 45.726, 46.012, 47.042, 47.9, 47.549, 47.869, 50.182, 52.565, 53.194, 51.718, 50.261, 49.914, 49.36, 48.935, 49.331, 48.816, 47.939, 48.121, 48.846, 49.347, 48.831, 48.528, 49.067, 49.596, 48.665, 46.645, 45.686, 45.386, 46.502, 49.497], [46.993, 46.594, 47.342, 45.726, 42.323, 42.836, 44.425, 45.032, 43.34, 39.894, 37.381, 35.49, 34.472, 33.672, 31.938, 31.546, 32.181, 32.21, 31.411, 29.484, 27.428, 24.61, 20.29, 18.209, 15.863, 13.352, 11.416, 8.852, 5.502, 2.579, 0.0, 3.903, 8.014, 10.857, 17.541, 22.299, 23.791, 25.7, 29.937, 33.979, 34.816, 33.984, 33.902, 35.355, 37.601, 39.899, 41.102, 40.964, 40.746, 41.748, 42.338, 41.559, 41.418, 43.505, 45.116, 45.778, 45.909, 46.21, 47.227, 48.052, 47.699, 48.034, 50.379, 52.795, 53.444, 51.989, 50.55, 50.21, 49.652, 49.215, 49.614, 49.06, 48.078, 48.187, 48.875, 49.364, 48.855, 48.567, 49.142, 49.716, 48.821, 46.838, 45.913, 45.641, 46.779, 49.778], [47.133, 46.795, 47.404, 45.714, 42.449, 42.979, 44.535, 44.988, 43.233, 40.0, 37.656, 35.773, 34.763, 34.041, 32.453, 32.222, 32.994, 33.066, 32.164, 30.2, 28.26, 25.609, 21.341, 19.131, 16.967, 14.832, 13.053, 10.599, 7.633, 5.493, 3.903, 0.0, 5.121, 9.413, 16.735, 21.599, 23.149, 24.889, 28.798, 32.859, 33.921, 33.235, 33.216, 34.596, 36.758, 39.067, 40.221, 39.981, 39.621, 40.574, 41.301, 40.78, 40.863, 42.971, 44.545, 45.096, 45.054, 45.316, 46.332, 47.153, 46.873, 47.264, 49.558, 51.85, 52.46, 51.166, 49.913, 49.58, 49.073, 48.626, 48.974, 48.518, 47.579, 47.589, 48.118, 48.639, 48.212, 47.851, 48.36, 48.953, 48.143, 46.282, 45.491, 45.218, 46.335, 49.226], [47.129, 46.778, 47.253, 45.496, 42.396, 42.896, 44.421, 44.765, 43.057, 40.098, 37.966, 36.191, 35.213, 34.492, 32.861, 32.519, 33.287, 33.458, 32.632, 30.746, 28.989, 26.575, 22.376, 20.02, 17.93, 16.041, 14.476, 12.413, 10.232, 8.77, 8.014, 5.121, 0.0, 6.366, 15.15, 20.086, 21.628, 23.221, 26.841, 30.888, 32.066, 31.526, 31.508, 32.733, 34.791, 37.058, 38.169, 37.929, 37.667, 38.899, 39.941, 39.676, 39.841, 41.911, 43.512, 44.013, 43.808, 44.01, 45.066, 45.931, 45.702, 46.059, 48.248, 50.401, 50.917, 49.812, 48.972, 48.747, 48.301, 47.919, 48.217, 47.99, 47.364, 47.46, 47.885, 48.412, 48.086, 47.649, 48.061, 48.655, 47.9, 46.027, 45.222, 44.836, 45.808, 48.577], [48.09, 47.995, 48.594, 46.949, 43.941, 44.412, 45.95, 46.462, 44.843, 41.63, 39.4, 37.829, 36.88, 36.024, 34.1, 33.306, 33.9, 34.295, 33.738, 31.965, 30.199, 27.623, 23.033, 20.374, 18.289, 16.37, 14.875, 13.664, 12.376, 11.17, 10.857, 9.413, 6.366, 0.0, 10.094, 15.469, 17.213, 19.11, 23.557, 28.268, 29.353, 28.721, 28.737, 30.28, 32.662, 34.979, 36.118, 36.048, 36.217, 37.959, 39.1, 38.579, 38.463, 40.503, 42.146, 42.718, 42.712, 43.182, 44.375, 45.319, 45.14, 45.38, 47.518, 49.816, 50.426, 49.319, 48.516, 48.38, 47.906, 47.598, 47.976, 47.912, 47.663, 48.018, 48.603, 48.98, 48.517, 48.07, 48.456, 49.108, 48.38, 46.274, 45.141, 44.645, 45.602, 48.606], [50.339, 51.268, 52.139, 50.776, 48.004, 48.501, 49.996, 50.578, 48.944, 45.443, 43.076, 41.755, 40.912, 40.103, 38.306, 37.529, 38.256, 39.015, 38.622, 36.87, 35.043, 32.292, 27.519, 24.694, 22.836, 21.259, 19.978, 19.279, 18.539, 17.604, 17.541, 16.735, 15.15, 10.094, 0.0, 6.814, 10.314, 13.291, 19.27, 25.085, 26.265, 25.451, 25.688, 27.829, 30.666, 33.052, 34.17, 34.171, 34.583, 36.621, 37.758, 36.948, 36.682, 38.797, 40.47, 41.113, 41.412, 42.391, 43.763, 44.691, 44.683, 44.961, 47.077, 49.511, 50.259, 49.229, 48.351, 48.178, 47.659, 47.363, 47.794, 47.883, 48.09, 48.741, 49.458, 49.724, 49.062, 48.557, 48.895, 49.627, 49.006, 46.81, 45.377, 44.795, 45.814, 49.107], [51.066, 52.635, 53.794, 52.609, 50.044, 50.569, 52.056, 52.668, 51.032, 47.462, 45.153, 44.025, 43.294, 42.52, 40.747, 39.843, 40.51, 41.46, 41.226, 39.503, 37.718, 35.049, 30.443, 27.716, 26.065, 24.706, 23.533, 23.1, 22.818, 22.236, 22.299, 21.599, 20.086, 15.469, 6.814, 0.0, 5.106, 9.135, 15.913, 22.143, 23.298, 22.403, 22.8, 25.202, 28.116, 30.434, 31.503, 31.58, 32.243, 34.74, 36.248, 35.542, 35.211, 37.352, 39.145, 39.852, 40.198, 41.295, 42.685, 43.646, 43.761, 43.993, 45.963, 48.348, 49.105, 48.195, 47.554, 47.432, 46.92, 46.743, 47.21, 47.505, 48.181, 49.159, 49.945, 50.209, 49.532, 48.977, 49.262, 50.044, 49.49, 47.177, 45.566, 44.873, 45.729, 48.984], [50.853, 52.616, 54.106, 53.254, 50.708, 51.189, 52.709, 53.339, 51.773, 48.264, 45.98, 44.873, 44.175, 43.369, 41.474, 40.388, 40.959, 42.024, 41.986, 40.348, 38.618, 35.957, 31.228, 28.418, 26.903, 25.703, 24.567, 24.29, 24.176, 23.693, 23.791, 23.149, 21.628, 17.213, 10.314, 5.106, 0.0, 5.564, 13.676, 20.211, 21.107, 20.153, 20.563, 22.961, 25.934, 28.307, 29.422, 29.643, 30.583, 33.476, 35.257, 34.554, 33.981, 36.103, 38.055, 38.857, 39.278, 40.391, 41.725, 42.679, 42.791, 42.953, 44.863, 47.261, 48.025, 47.133, 46.659, 46.646, 46.075, 45.927, 46.514, 46.904, 47.716, 48.921, 49.828, 50.106, 49.459, 48.936, 49.255, 50.108, 49.559, 47.089, 45.29, 44.47, 45.114, 48.312], [50.774, 52.585, 54.112, 53.551, 51.269, 51.733, 53.28, 53.849, 52.211, 48.674, 46.472, 45.457, 44.813, 44.024, 42.133, 40.95, 41.515, 42.702, 42.708, 41.151, 39.564, 37.027, 32.618, 30.022, 28.582, 27.382, 26.195, 25.983, 25.971, 25.595, 25.7, 24.889, 23.221, 19.11, 13.291, 9.135, 5.564, 0.0, 9.415, 16.709, 17.829, 17.062, 17.746, 20.631, 23.756, 26.048, 26.946, 27.009, 27.928, 31.204, 33.507, 33.276, 32.932, 34.997, 36.961, 37.684, 37.859, 38.903, 40.245, 41.369, 41.805, 42.092, 43.905, 46.211, 46.996, 46.301, 46.044, 46.04, 45.468, 45.378, 45.936, 46.492, 47.593, 48.833, 49.533, 49.752, 49.234, 48.674, 48.815, 49.64, 49.258, 46.823, 44.989, 44.033, 44.392, 47.346], [51.093, 52.851, 54.059, 53.413, 51.67, 52.233, 53.758, 54.186, 52.394, 49.07, 47.212, 46.406, 45.844, 45.128, 43.303, 42.014, 42.494, 43.702, 43.688, 42.303, 41.024, 38.843, 35.145, 33.009, 31.711, 30.715, 29.765, 29.618, 29.829, 29.793, 29.937, 28.798, 26.841, 23.557, 19.27, 15.913, 13.676, 9.415, 0.0, 8.628, 11.24, 11.199, 13.021, 16.427, 19.358, 21.67, 22.417, 21.996, 22.683, 26.889, 30.471, 31.447, 31.743, 33.525, 35.482, 36.115, 35.616, 36.148, 37.425, 38.869, 39.834, 40.435, 42.116, 44.005, 44.698, 44.632, 44.942, 44.834, 44.406, 44.498, 44.922, 45.971, 48.087, 49.511, 49.762, 49.995, 49.642, 48.664, 48.185, 48.85, 48.72, 46.566, 45.044, 43.925, 43.659, 45.954], [51.409, 53.186, 54.434, 53.93, 52.456, 53.053, 54.535, 54.857, 53.083, 50.007, 48.347, 47.664, 47.185, 46.558, 44.845, 43.596, 44.009, 45.215, 45.314, 44.107, 43.006, 41.076, 37.8, 36.021, 34.899, 34.041, 33.266, 33.185, 33.573, 33.759, 33.979, 32.859, 30.888, 28.268, 25.085, 22.143, 20.211, 16.709, 8.628, 0.0, 5.033, 6.982, 9.586, 12.909, 15.351, 17.723, 18.708, 18.176, 18.715, 23.74, 28.28, 29.899, 30.432, 32.173, 34.315, 35.085, 34.344, 34.198, 35.072, 36.613, 37.734, 38.46, 40.164, 41.915, 42.526, 42.835, 43.588, 43.416, 43.043, 43.302, 43.699, 45.027, 48.053, 50.147, 50.406, 50.655, 50.417, 49.242, 48.46, 49.057, 48.998, 46.909, 45.463, 44.207, 43.329, 45.083], [51.053, 52.92, 54.518, 54.356, 52.746, 53.238, 54.777, 55.194, 53.562, 50.506, 48.731, 48.067, 47.626, 46.965, 45.119, 43.737, 44.035, 45.357, 45.754, 44.689, 43.593, 41.628, 38.168, 36.326, 35.256, 34.465, 33.768, 33.836, 34.333, 34.526, 34.816, 33.921, 32.066, 29.353, 26.265, 23.298, 21.107, 17.829, 11.24, 5.033, 0.0, 4.041, 7.035, 10.47, 13.29, 15.741, 16.932, 16.8, 18.031, 23.593, 28.164, 29.365, 29.315, 31.106, 33.574, 34.672, 34.305, 34.173, 34.886, 36.339, 37.25, 37.743, 39.438, 41.337, 41.981, 42.206, 42.924, 42.812, 42.278, 42.506, 43.082, 44.386, 47.576, 50.119, 50.808, 51.096, 50.793, 49.744, 49.12, 49.825, 49.702, 47.377, 45.612, 44.262, 43.133, 44.898], [50.232, 52.145, 53.851, 53.773, 52.068, 52.54, 54.117, 54.659, 53.082, 49.946, 48.128, 47.457, 47.026, 46.329, 44.369, 42.903, 43.229, 44.623, 45.091, 44.049, 42.927, 40.877, 37.282, 35.367, 34.24, 33.431, 32.779, 32.911, 33.441, 33.656, 33.984, 33.235, 31.526, 28.721, 25.451, 22.403, 20.153, 17.062, 11.199, 6.982, 4.041, 0.0, 4.647, 9.08, 12.478, 15.246, 16.595, 16.668, 18.349, 24.059, 28.464, 29.416, 29.154, 30.897, 33.376, 34.523, 34.315, 34.347, 35.167, 36.645, 37.435, 37.815, 39.583, 41.616, 42.301, 42.367, 42.854, 42.715, 42.157, 42.331, 42.981, 44.249, 47.387, 49.955, 50.77, 51.194, 50.843, 49.806, 49.249, 49.953, 49.744, 47.309, 45.415, 44.04, 42.95, 44.793], [49.574, 51.574, 53.415, 53.449, 51.664, 52.066, 53.641, 54.22, 52.95, 50.068, 48.179, 47.417, 46.978, 46.266, 44.247, 42.772, 43.108, 44.52, 45.073, 44.132, 43.031, 40.933, 37.229, 35.282, 34.18, 33.445, 32.869, 32.931, 33.377, 33.562, 33.902, 33.216, 31.508, 28.737, 25.688, 22.8, 20.563, 17.746, 13.021, 9.586, 7.035, 4.647, 0.0, 6.05, 10.897, 14.481, 16.277, 16.803, 18.967, 24.753, 29.026, 29.794, 29.325, 31.001, 33.451, 34.643, 34.617, 34.651, 35.403, 36.729, 37.271, 37.546, 39.487, 41.798, 42.53, 42.42, 42.768, 42.605, 41.991, 42.119, 42.857, 44.113, 47.158, 49.845, 50.78, 51.258, 50.977, 50.0, 49.504, 50.162, 49.821, 47.192, 45.079, 43.615, 42.494, 44.405], [49.352, 51.38, 53.249, 53.41, 51.63, 51.905, 53.436, 53.938, 53.004, 51.018, 49.45, 48.594, 48.132, 47.438, 45.32, 43.777, 44.121, 45.6, 46.368, 45.635, 44.663, 42.67, 38.832, 36.697, 35.585, 34.97, 34.554, 34.535, 34.823, 34.992, 35.355, 34.596, 32.733, 30.28, 27.829, 25.202, 22.961, 20.631, 16.427, 12.909, 10.47, 9.08, 6.05, 0.0, 6.472, 11.686, 14.433, 15.657, 18.709, 25.12, 29.776, 30.721, 29.949, 31.413, 34.036, 35.402, 35.457, 35.381, 36.132, 37.404, 37.682, 37.755, 39.604, 41.767, 42.344, 42.305, 42.802, 42.641, 42.044, 42.134, 42.92, 44.368, 47.602, 50.489, 51.509, 52.129, 51.935, 50.909, 50.407, 51.071, 50.636, 47.943, 45.759, 44.097, 42.601, 44.215], [49.543, 51.488, 53.189, 53.39, 51.835, 52.035, 53.438, 53.817, 52.877, 51.43, 50.437, 49.759, 49.307, 48.654, 46.541, 44.909, 45.311, 46.909, 47.753, 47.06, 46.147, 44.366, 40.842, 38.791, 37.578, 36.838, 36.447, 36.504, 36.877, 37.18, 37.601, 36.758, 34.791, 32.662, 30.666, 28.116, 25.934, 23.756, 19.358, 15.351, 13.29, 12.478, 10.897, 6.472, 0.0, 6.539, 10.422, 12.503, 16.865, 24.636, 30.181, 31.722, 31.151, 32.535, 35.236, 36.581, 36.336, 36.023, 36.932, 38.534, 38.875, 38.719, 40.083, 41.709, 42.081, 42.248, 42.972, 42.81, 42.38, 42.542, 43.145, 44.879, 48.591, 51.627, 52.525, 53.244, 53.207, 52.189, 51.718, 52.441, 52.061, 49.461, 47.342, 45.52, 43.662, 44.745], [50.018, 51.888, 53.473, 53.756, 52.436, 52.564, 53.832, 54.15, 53.103, 51.661, 50.963, 50.614, 50.278, 49.635, 47.613, 46.01, 46.499, 48.266, 49.158, 48.426, 47.535, 45.925, 42.787, 40.974, 39.71, 38.793, 38.326, 38.492, 39.026, 39.422, 39.899, 39.067, 37.058, 34.979, 33.052, 30.434, 28.307, 26.048, 21.67, 17.723, 15.741, 15.246, 14.481, 11.686, 6.539, 0.0, 5.051, 8.79, 14.875, 24.038, 30.416, 32.416, 32.066, 33.454, 36.109, 37.381, 36.893, 36.477, 37.578, 39.552, 40.104, 39.708, 40.509, 41.713, 41.99, 42.313, 43.251, 43.149, 42.804, 43.028, 43.423, 45.371, 49.517, 52.675, 53.505, 54.207, 54.317, 53.476, 53.135, 54.008, 53.78, 51.226, 49.03, 47.084, 44.984, 45.727], [50.852, 52.686, 54.12, 54.305, 53.133, 53.313, 54.541, 54.836, 53.649, 52.057, 51.411, 51.197, 50.952, 50.327, 48.34, 46.773, 47.338, 49.169, 49.996, 49.235, 48.389, 46.866, 43.965, 42.351, 41.056, 39.969, 39.409, 39.598, 40.192, 40.622, 41.102, 40.221, 38.169, 36.118, 34.17, 31.503, 29.422, 26.946, 22.417, 18.708, 16.932, 16.595, 16.277, 14.433, 10.422, 5.051, 0.0, 5.165, 12.61, 22.59, 29.407, 31.801, 31.799, 33.111, 35.587, 36.742, 36.081, 35.646, 36.901, 39.182, 40.033, 39.632, 40.11, 41.082, 41.373, 41.819, 42.89, 42.837, 42.546, 42.865, 43.16, 45.154, 49.429, 52.535, 53.301, 53.948, 54.111, 53.327, 52.976, 53.923, 53.929, 51.581, 49.479, 47.599, 45.617, 46.295], [51.431, 53.251, 54.529, 54.455, 53.296, 53.619, 54.888, 55.144, 53.74, 51.916, 51.19, 50.928, 50.673, 50.121, 48.253, 46.781, 47.38, 49.133, 49.776, 48.949, 48.098, 46.588, 43.836, 42.386, 41.11, 39.934, 39.303, 39.424, 40.02, 40.503, 40.964, 39.981, 37.929, 36.048, 34.171, 31.58, 29.643, 27.009, 21.996, 18.176, 16.8, 16.668, 16.803, 15.657, 12.503, 8.79, 5.165, 0.0, 8.598, 19.351, 26.515, 29.34, 29.85, 31.141, 33.518, 34.595, 33.737, 33.198, 34.442, 36.86, 38.005, 37.829, 38.306, 39.175, 39.488, 40.043, 41.138, 41.058, 40.823, 41.228, 41.479, 43.44, 47.783, 50.768, 51.427, 52.048, 52.184, 51.267, 50.737, 51.631, 51.853, 49.897, 48.167, 46.55, 44.893, 45.663], [51.722, 53.6, 54.833, 54.58, 53.369, 53.812, 55.1, 55.253, 53.628, 51.56, 50.594, 50.134, 49.798, 49.411, 48.29, 47.874, 48.856, 50.387, 50.619, 49.565, 48.613, 47.04, 44.356, 43.019, 41.792, 40.547, 39.711, 39.489, 39.882, 40.34, 40.746, 39.621, 37.667, 36.217, 34.583, 32.243, 30.583, 27.928, 22.683, 18.715, 18.031, 18.349, 18.967, 18.709, 16.865, 14.875, 12.61, 8.598, 0.0, 11.413, 19.716, 23.748, 25.289, 26.956, 29.455, 30.514, 29.437, 28.732, 29.847, 32.241, 33.735, 34.024, 34.76, 35.832, 36.329, 36.969, 38.162, 38.073, 37.807, 38.231, 38.459, 40.299, 44.597, 47.49, 47.99, 48.551, 48.684, 47.708, 47.032, 47.807, 48.186, 46.709, 45.615, 44.556, 43.449, 44.438], [53.245, 55.203, 56.513, 56.161, 54.81, 55.328, 56.593, 56.666, 54.937, 52.639, 51.244, 50.438, 49.956, 49.724, 49.491, 50.48, 52.041, 53.257, 52.966, 51.671, 50.617, 48.993, 46.318, 45.06, 43.949, 42.689, 41.661, 40.994, 41.052, 41.426, 41.748, 40.574, 38.899, 37.959, 36.621, 34.74, 33.476, 31.204, 26.889, 23.74, 23.593, 24.059, 24.753, 25.12, 24.636, 24.038, 22.59, 19.351, 11.413, 0.0, 10.047, 16.261, 19.682, 22.07, 24.723, 25.678, 24.557, 23.875, 24.727, 26.786, 28.537, 29.455, 30.659, 32.381, 33.367, 33.887, 35.009, 34.958, 34.577, 35.025, 35.367, 36.773, 40.651, 43.493, 43.98, 44.388, 44.398, 43.485, 42.822, 43.389, 43.775, 42.78, 42.504, 42.509, 42.653, 44.222], [55.183, 57.131, 58.528, 58.012, 56.402, 56.977, 58.216, 58.361, 56.602, 53.942, 52.098, 51.013, 50.397, 50.196, 50.244, 51.776, 53.626, 54.638, 54.021, 52.662, 51.595, 49.888, 47.059, 45.855, 44.867, 43.599, 42.583, 41.836, 41.749, 42.06, 42.338, 41.301, 39.941, 39.1, 37.758, 36.248, 35.257, 33.507, 30.471, 28.28, 28.164, 28.464, 29.026, 29.776, 30.181, 30.416, 29.407, 26.515, 19.716, 10.047, 0.0, 8.188, 14.199, 16.987, 19.445, 20.212, 19.544, 19.364, 20.027, 21.773, 23.573, 24.986, 26.757, 29.398, 31.0, 31.105, 31.796, 31.826, 31.307, 31.862, 32.379, 33.206, 36.731, 39.787, 40.659, 40.772, 40.389, 39.638, 39.251, 39.619, 39.784, 39.05, 39.312, 40.523, 42.604, 45.347], [55.143, 57.146, 58.824, 58.4, 56.409, 56.919, 58.163, 58.445, 56.833, 53.933, 51.701, 50.469, 49.821, 49.586, 49.543, 51.177, 53.161, 54.303, 53.912, 52.615, 51.493, 49.615, 46.278, 44.894, 44.002, 42.789, 41.88, 41.231, 41.083, 41.284, 41.559, 40.78, 39.676, 38.579, 36.948, 35.542, 34.554, 33.276, 31.447, 29.899, 29.365, 29.416, 29.794, 30.721, 31.722, 32.416, 31.801, 29.34, 23.748, 16.261, 8.188, 0.0, 7.818, 11.614, 14.748, 16.278, 17.286, 18.101, 18.717, 19.953, 21.083, 22.393, 24.841, 28.398, 30.317, 29.904, 30.082, 30.228, 29.398, 29.75, 30.585, 31.116, 34.469, 38.015, 39.613, 39.591, 38.802, 38.248, 38.279, 38.84, 38.781, 37.725, 37.595, 39.031, 41.927, 45.726], [53.568, 55.733, 57.849, 57.863, 55.587, 55.895, 57.183, 57.553, 56.238, 53.543, 51.155, 49.866, 49.249, 48.957, 48.712, 50.331, 52.409, 53.917, 54.181, 53.179, 52.039, 49.973, 46.048, 44.324, 43.529, 42.529, 41.818, 41.295, 41.054, 41.114, 41.418, 40.863, 39.841, 38.463, 36.682, 35.211, 33.981, 32.932, 31.743, 30.432, 29.315, 29.154, 29.325, 29.949, 31.151, 32.066, 31.799, 29.85, 25.289, 19.682, 14.199, 7.818, 0.0, 6.544, 12.246, 15.459, 18.222, 19.761, 20.49, 21.215, 21.298, 22.029, 24.838, 28.693, 30.459, 29.801, 29.848, 30.114, 28.905, 28.816, 30.027, 30.723, 34.169, 38.255, 40.427, 40.55, 39.591, 39.064, 39.336, 40.308, 40.166, 38.535, 37.642, 38.558, 40.856, 44.94], [54.159, 56.299, 58.307, 58.252, 56.037, 56.308, 57.532, 57.937, 56.672, 54.135, 51.877, 50.643, 50.032, 49.689, 49.358, 50.979, 53.214, 54.877, 55.293, 54.621, 53.699, 51.632, 47.739, 46.114, 45.33, 44.331, 43.848, 43.501, 43.186, 43.195, 43.505, 42.971, 41.911, 40.503, 38.797, 37.352, 36.103, 34.997, 33.525, 32.173, 31.106, 30.897, 31.001, 31.413, 32.535, 33.454, 33.111, 31.141, 26.956, 22.07, 16.987, 11.614, 6.544, 0.0, 7.039, 11.459, 15.262, 17.447, 18.893, 20.253, 20.333, 20.866, 23.754, 27.642, 29.423, 28.878, 29.005, 29.31, 28.082, 28.01, 29.204, 30.33, 34.454, 38.791, 41.011, 41.071, 40.088, 39.57, 39.781, 40.722, 40.668, 39.17, 38.28, 39.181, 41.62, 45.796], [55.67, 57.7, 59.439, 59.116, 56.988, 57.3, 58.406, 58.807, 57.431, 54.792, 52.62, 51.448, 50.847, 50.495, 50.234, 51.979, 54.382, 55.992, 56.191, 55.595, 54.874, 52.895, 49.197, 47.801, 47.044, 45.954, 45.545, 45.26, 44.885, 44.856, 45.116, 44.545, 43.512, 42.146, 40.47, 39.145, 38.055, 36.961, 35.482, 34.315, 33.574, 33.376, 33.451, 34.036, 35.236, 36.109, 35.587, 33.518, 29.455, 24.723, 19.445, 14.748, 12.246, 7.039, 0.0, 5.68, 11.131, 14.266, 16.61, 18.85, 19.381, 19.945, 22.779, 26.89, 28.922, 28.368, 28.338, 28.648, 27.575, 27.678, 28.68, 29.991, 34.412, 38.694, 40.794, 40.686, 39.793, 39.442, 39.654, 40.462, 40.555, 39.384, 38.708, 39.8, 42.815, 47.234], [56.649, 58.56, 60.064, 59.562, 57.579, 57.956, 59.016, 59.364, 57.852, 55.105, 53.016, 51.882, 51.276, 50.924, 50.696, 52.415, 54.812, 56.245, 56.177, 55.562, 54.965, 53.216, 49.855, 48.574, 47.828, 46.71, 46.278, 45.978, 45.597, 45.58, 45.778, 45.096, 44.013, 42.718, 41.113, 39.852, 38.857, 37.684, 36.115, 35.085, 34.672, 34.523, 34.643, 35.402, 36.581, 37.381, 36.742, 34.595, 30.514, 25.678, 20.212, 16.278, 15.459, 11.459, 5.68, 0.0, 6.767, 11.175, 14.205, 17.175, 18.411, 19.115, 21.619, 25.725, 27.95, 27.435, 27.437, 27.8, 26.998, 27.357, 28.1, 29.41, 33.875, 37.901, 39.676, 39.475, 38.71, 38.401, 38.628, 39.355, 39.552, 38.622, 38.204, 39.521, 43.028, 47.519], [56.804, 58.492, 59.619, 58.85, 57.143, 57.64, 58.656, 58.896, 57.186, 54.36, 52.467, 51.44, 50.851, 50.517, 50.315, 51.904, 54.19, 55.41, 55.069, 54.425, 53.932, 52.505, 49.819, 48.793, 47.924, 46.708, 46.246, 45.92, 45.62, 45.726, 45.909, 45.054, 43.808, 42.712, 41.412, 40.198, 39.278, 37.859, 35.616, 34.344, 34.305, 34.315, 34.617, 35.457, 36.336, 36.893, 36.081, 33.737, 29.437, 24.557, 19.544, 17.286, 18.222, 15.262, 11.131, 6.767, 0.0, 6.167, 10.912, 15.394, 17.626, 18.471, 20.333, 23.774, 26.024, 25.954, 26.449, 26.846, 26.496, 27.183, 27.427, 29.024, 33.773, 37.225, 38.308, 38.146, 37.658, 37.222, 37.194, 37.723, 38.043, 37.437, 37.477, 38.836, 42.382, 46.526], [56.587, 58.093, 59.054, 58.122, 56.524, 57.087, 58.049, 58.205, 56.42, 53.614, 51.83, 50.852, 50.324, 50.069, 49.896, 51.404, 53.557, 54.622, 54.163, 53.506, 53.083, 51.819, 49.517, 48.799, 47.959, 46.724, 46.252, 45.903, 45.75, 46.012, 46.21, 45.316, 44.01, 43.182, 42.391, 41.295, 40.391, 38.903, 36.148, 34.198, 34.173, 34.347, 34.651, 35.381, 36.023, 36.477, 35.646, 33.198, 28.732, 23.875, 19.364, 18.101, 19.761, 17.447, 14.266, 11.175, 6.167, 0.0, 6.748, 12.922, 15.538, 16.46, 18.184, 21.291, 23.498, 23.689, 24.583, 24.981, 24.869, 25.801, 25.783, 27.565, 32.716, 36.124, 36.949, 36.898, 36.67, 36.13, 35.858, 36.239, 36.573, 36.127, 36.51, 37.769, 41.024, 44.822], [57.402, 58.985, 60.121, 59.301, 57.597, 58.163, 59.215, 59.344, 57.607, 54.75, 52.785, 51.706, 51.174, 50.976, 50.855, 52.275, 54.184, 55.066, 54.5, 53.764, 53.319, 52.023, 49.696, 49.057, 48.6, 47.744, 47.215, 46.804, 46.754, 47.042, 47.227, 46.332, 45.066, 44.375, 43.763, 42.685, 41.725, 40.245, 37.425, 35.072, 34.886, 35.167, 35.403, 36.132, 36.932, 37.578, 36.901, 34.442, 29.847, 24.727, 20.027, 18.717, 20.49, 18.893, 16.61, 14.205, 10.912, 6.748, 0.0, 7.332, 11.026, 12.827, 15.466, 19.403, 21.773, 21.859, 22.925, 23.387, 23.228, 24.261, 24.401, 25.898, 31.045, 34.691, 35.579, 35.554, 35.317, 34.696, 34.347, 34.617, 34.862, 34.485, 35.093, 36.574, 39.929, 43.757], [58.314, 60.132, 61.587, 61.032, 59.119, 59.592, 60.716, 60.809, 59.235, 56.44, 54.185, 52.916, 52.319, 52.17, 52.204, 53.724, 55.441, 56.18, 55.565, 54.71, 54.129, 52.659, 50.088, 