[[0.0, 8.596, 13.329, 16.28, 17.999, 19.995, 21.383, 22.912, 26.801, 39.157, 53.883, 59.718, 60.2, 63.284, 65.901, 64.752, 62.856, 61.602, 60.717, 60.122, 60.083, 60.102, 60.189, 59.718, 58.273, 58.273, 59.619, 59.678, 59.533, 60.351, 62.178, 64.69, 65.695, 66.148, 66.173, 66.661, 67.348, 68.013, 68.699, 69.565, 70.813, 71.135, 70.539, 69.514, 69.886, 72.141, 72.01, 73.407, 74.939, 74.207, 74.826, 75.704, 77.263, 78.292, 77.902, 77.172, 77.257, 77.474, 77.705, 77.836, 78.202, 77.339, 74.961, 73.398, 72.588, 72.335, 72.629, 72.995, 72.709, 71.658, 71.011, 70.715, 70.547, 70.739, 70.822, 70.167, 69.714, 69.81, 69.944, 70.123, 70.572, 72.234, 74.67, 75.766, 75.482, 75.358], [8.596, 0.0, 7.059, 12.146, 14.182, 16.552, 18.534, 19.72, 22.459, 34.126, 48.878, 54.83, 55.44, 58.595, 61.269, 60.226, 58.384, 57.238, 56.584, 56.132, 56.123, 56.177, 56.36, 55.89, 54.382, 54.466, 55.942, 56.142, 56.268, 57.172, 58.971, 61.484, 62.488, 62.915, 63.037, 64.064, 64.968, 65.562, 66.211, 67.086, 68.369, 68.693, 68.177, 67.379, 68.202, 70.859, 70.687, 72.418, 74.472, 73.771, 74.358, 75.231, 76.756, 77.736, 77.361, 76.684, 76.752, 76.808, 76.921, 77.034, 77.38, 76.528, 74.164, 72.575, 71.771, 71.563, 71.888, 72.259, 71.882, 70.73, 70.09, 69.778, 69.534, 69.648, 69.663, 69.06, 68.769, 68.922, 69.05, 69.225, 69.668, 71.338, 73.771, 74.864, 74.565, 74.414], [13.329, 7.059, 0.0, 7.486, 10.612, 13.331, 15.661, 16.611, 18.975, 30.856, 46.028, 52.143, 52.822, 56.411, 59.334, 58.275, 56.501, 55.497, 54.929, 54.488, 54.483, 54.501, 54.644, 54.079, 52.437, 52.494, 54.019, 54.309, 54.558, 55.529, 57.288, 59.726, 60.736, 61.207, 61.254, 62.366, 63.591, 64.31, 64.876, 65.649, 66.846, 67.111, 66.598, 65.783, 66.492, 69.092, 68.868, 70.434, 72.527, 71.961, 72.569, 73.447, 75.003, 75.98, 75.487, 74.712, 74.892, 74.968, 74.995, 75.101, 75.43, 74.543, 72.093, 70.374, 69.51, 69.285, 69.603, 69.975, 69.606, 68.539, 67.966, 67.599, 67.281, 67.395, 67.466, 66.96, 66.756, 66.951, 67.115, 67.335, 67.776, 69.343, 71.583, 72.58, 72.281, 72.084], [16.28, 12.146, 7.486, 0.0, 4.59, 8.525, 10.985, 12.085, 15.109, 28.018, 43.627, 49.968, 50.669, 54.437, 57.563, 56.273, 54.3, 53.303, 52.705, 52.242, 52.23, 52.205, 52.284, 51.713, 50.073, 50.114, 51.613, 51.922, 52.221, 53.267, 55.101, 57.534, 58.545, 59.085, 59.199, 60.216, 61.55, 62.568, 63.189, 63.911, 65.059, 65.263, 64.702, 63.783, 64.342, 66.857, 66.591, 68.131, 70.146, 69.702, 70.43, 71.305, 72.906, 73.946, 73.303, 72.164, 72.222, 72.3, 72.343, 72.491, 72.838, 71.894, 69.307, 67.493, 66.573, 66.308, 66.602, 67.002, 66.652, 65.626, 65.09, 64.724, 64.425, 64.586, 64.678, 64.157, 63.949, 64.143, 64.348, 64.655, 65.102, 66.585, 68.669, 69.536, 69.212, 68.993], [17.999, 14.182, 10.612, 4.59, 0.0, 5.406, 8.42, 9.915, 13.505, 26.881, 42.704, 49.159, 49.86, 53.532, 56.664, 55.315, 53.254, 52.215, 51.626, 51.178, 51.171, 51.168, 51.304, 50.828, 49.29, 49.383, 50.885, 51.202, 51.554, 52.645, 54.539, 57.017, 58.044, 58.617, 58.817, 59.895, 61.176, 62.266, 62.966, 63.709, 64.882, 65.082, 64.507, 63.607, 64.273, 66.865, 66.619, 68.296, 70.349, 69.895, 70.676, 71.544, 73.145, 74.234, 73.604, 72.334, 72.254, 72.281, 72.339, 72.51, 72.867, 71.899, 69.269, 67.447, 66.528, 66.269, 66.559, 66.979, 66.626, 65.561, 65.003, 64.651, 64.366, 64.525, 64.593, 64.053, 63.848, 64.043, 64.258, 64.591, 65.048, 66.556, 68.661, 69.507, 69.167, 68.96], [19.995, 16.552, 13.331, 8.525, 5.406, 0.0, 4.722, 7.981, 12.798, 26.711, 42.812, 49.457, 50.092, 53.632, 56.746, 55.326, 53.188, 52.159, 51.662, 51.188, 51.136, 51.144, 51.303, 50.886, 49.397, 49.473, 50.957, 51.266, 51.651, 52.796, 54.759, 57.216, 58.238, 58.846, 59.081, 60.16, 61.369, 62.469, 63.175, 63.922, 65.108, 65.314, 64.726, 63.767, 64.293, 66.795, 66.604, 68.344, 70.32, 69.839, 70.679, 71.536, 73.138, 74.265, 73.643, 72.318, 72.169, 72.158, 72.21, 72.391, 72.75, 71.748, 69.023, 67.106, 66.17, 65.945, 66.245, 66.682, 66.362, 65.322, 64.744, 64.389, 64.145, 64.325, 64.379, 63.816, 63.586, 63.761, 63.971, 64.305, 64.751, 66.279, 68.446, 69.319, 68.984, 68.809], [21.383, 18.534, 15.661, 10.985, 8.42, 4.722, 0.0, 5.104, 11.733, 26.525, 42.788, 49.53, 50.118, 53.51, 56.556, 55.034, 52.79, 51.735, 51.222, 50.727, 50.668, 50.674, 50.813, 50.376, 48.804, 48.742, 50.125, 50.378, 50.732, 51.899, 53.9, 56.394, 57.462, 58.11, 58.336, 59.32, 60.478, 61.61, 62.319, 63.066, 64.279, 64.502, 63.899, 62.849, 63.176, 65.552, 65.381, 67.136, 69.067, 68.568, 69.446, 70.32, 71.931, 73.078, 72.445, 71.066, 70.868, 70.875, 70.972, 71.169, 71.529, 70.514, 67.767, 65.838, 64.899, 64.682, 64.975, 65.414, 65.096, 64.056, 63.468, 63.112, 62.902, 63.091, 63.143, 62.564, 62.282, 62.404, 62.599, 62.929, 63.359, 64.885, 67.079, 67.957, 67.617, 67.46], [22.912, 19.72, 16.611, 12.085, 9.915, 7.981, 5.104, 0.0, 7.975, 23.941, 40.657, 47.48, 48.007, 51.366, 54.395, 52.89, 50.754, 49.803, 49.318, 48.87, 48.878, 48.915, 49.062, 48.604, 47.037, 46.987, 48.278, 48.521, 48.964, 50.151, 52.07, 54.523, 55.64, 56.3, 56.547, 57.55, 58.721, 59.857, 60.558, 61.3, 62.527, 62.794, 62.267, 61.32, 61.802, 64.278, 64.078, 65.871, 67.93, 67.461, 68.307, 69.208, 70.833, 71.957, 71.315, 69.911, 69.704, 69.681, 69.75, 69.944, 70.272, 69.244, 66.547, 64.684, 63.767, 63.54, 63.815, 64.232, 63.861, 62.837, 62.326, 61.95, 61.666, 61.79, 61.828, 61.298, 61.064, 61.162, 61.321, 61.643, 62.072, 63.554, 65.645, 66.463, 66.113, 65.919], [26.801, 22.459, 18.975, 15.109, 13.505, 12.798, 11.733, 7.975, 0.0, 16.889, 34.487, 41.743, 42.259, 45.789, 48.917, 47.578, 45.811, 45.133, 44.859, 44.56, 44.671, 44.745, 44.929, 44.548, 43.286, 43.534, 44.845, 45.161, 45.814, 47.0, 48.762, 51.038, 52.152, 52.831, 53.158, 54.425, 55.689, 56.802, 57.486, 58.203, 59.416, 59.707, 59.398, 58.915, 60.058, 62.888, 62.639, 64.604, 67.025, 66.621, 67.344, 68.239, 69.846, 70.876, 70.267, 68.996, 68.837, 68.664, 68.551, 68.681, 68.953, 67.902, 65.304, 63.602, 62.789, 62.57, 62.834, 63.219, 62.735, 61.66, 61.225, 60.831, 60.403, 60.363, 60.34, 59.921, 59.844, 59.954, 60.052, 60.34, 60.745, 62.15, 64.114, 64.881, 64.525, 64.261], [39.157, 34.126, 30.856, 28.018, 26.881, 26.711, 26.525, 23.941, 16.889, 0.0, 19.262, 28.138, 28.904, 33.043, 36.64, 35.585, 34.734, 34.715, 34.956, 34.994, 35.307, 35.469, 35.808, 35.657, 35.287, 36.435, 37.906, 38.523, 39.734, 40.927, 42.387, 44.218, 45.215, 45.901, 46.461, 48.483, 49.982, 51.047, 51.722, 52.479, 53.746, 54.031, 54.13, 54.896, 58.118, 61.943, 61.565, 64.152, 67.391, 67.097, 67.598, 68.429, 69.912, 70.716, 70.202, 69.266, 69.199, 68.699, 68.229, 68.197, 68.324, 67.238, 64.877, 63.61, 63.129, 62.956, 63.162, 63.476, 62.764, 61.434, 61.004, 60.578, 59.863, 59.475, 59.33, 59.166, 59.42, 59.568, 59.556, 59.798, 60.141, 61.341, 63.049, 63.742, 63.387, 63.012], [53.883, 48.878, 46.028, 43.627, 42.704, 42.812, 42.788, 40.657, 34.487, 19.262, 0.0, 11.097, 13.165, 18.198, 22.773, 22.378, 23.158, 24.101, 25.018, 25.643, 26.174, 26.424, 27.032, 27.394, 28.463, 30.505, 31.867, 32.884, 34.788, 35.897, 36.788, 37.97, 38.769, 39.405, 40.318, 43.303, 45.062, 46.001, 46.647, 47.521, 48.892, 49.159, 49.62, 51.837, 57.918, 63.155, 62.629, 66.297, 70.55, 70.332, 70.684, 71.438, 72.732, 73.333, 72.89, 72.123, 72.021, 71.258, 70.567, 70.434, 70.475, 69.46, 67.401, 66.576, 66.461, 66.387, 66.562, 66.826, 65.902, 64.269, 63.791, 63.385, 62.483, 61.892, 61.643, 61.649, 62.2, 62.361, 62.224, 62.461, 62.746, 63.699, 65.097, 65.692, 65.319, 64.897], [59.718, 54.83, 52.143, 49.968, 49.159, 49.457, 49.53, 47.48, 41.743, 28.138, 11.097, 0.0, 5.339, 12.608, 17.762, 18.429, 20.516, 21.86, 23.02, 23.994, 24.579, 24.84, 25.586, 26.257, 28.089, 30.38, 31.538, 32.589, 34.597, 35.538, 35.971, 36.728, 37.386, 38.028, 39.136, 42.439, 44.266, 45.163, 45.817, 46.707, 48.079, 48.333, 48.839, 51.436, 58.663, 64.636, 64.045, 68.082, 72.745, 72.555, 72.844, 73.576, 74.811, 75.362, 74.903, 74.124, 74.012, 73.189, 72.447, 72.307, 72.347, 71.39, 69.41, 68.659, 68.63, 68.579, 68.739, 68.985, 68.002, 66.291, 65.816, 65.404, 64.448, 63.877, 63.608, 63.599, 64.226, 64.433, 64.296, 64.559, 64.856, 65.73, 66.954, 67.477, 67.089, 66.684], [60.2, 55.44, 52.822, 50.669, 49.86, 50.092, 50.118, 48.007, 42.259, 28.904, 13.165, 5.339, 0.0, 10.059, 15.586, 16.429, 19.342, 20.948, 22.051, 22.866, 23.474, 23.751, 24.455, 25.281, 27.677, 30.209, 31.28, 32.312, 34.353, 35.314, 35.689, 36.296, 36.994, 37.662, 38.756, 41.789, 43.445, 44.355, 45.013, 45.869, 47.224, 47.536, 48.138, 50.873, 58.183, 64.116, 63.572, 67.606, 72.236, 72.067, 72.328, 73.06, 74.238, 74.719, 74.255, 73.434, 73.273, 72.413, 71.61, 71.424, 71.432, 70.427, 68.407, 67.687, 67.717, 67.698, 67.872, 68.121, 67.118, 65.394, 64.931, 64.52, 63.533, 62.905, 62.609, 62.595, 63.208, 63.402, 63.245, 63.496, 63.785, 64.643, 65.87, 66.411, 66.036, 65.624], [63.284, 58.595, 56.411, 54.437, 53.532, 53.632, 53.51, 51.366, 45.789, 33.043, 18.198, 12.608, 10.059, 0.0, 6.603, 8.595, 13.298, 15.614, 17.335, 18.669, 19.474, 19.927, 20.748, 22.087, 25.411, 28.089, 28.933, 30.201, 32.704, 33.654, 33.746, 34.185, 34.856, 35.473, 36.993, 40.385, 41.652, 42.376, 43.234, 44.411, 45.986, 46.453, 47.254, 50.516, 58.767, 65.104, 64.65, 69.57, 74.577, 74.277, 74.554, 75.169, 76.056, 76.384, 76.053, 75.249, 74.778, 73.715, 72.955, 72.752, 72.728, 71.722, 69.826, 69.358, 69.571, 69.663, 69.922, 70.229, 69.148, 67.23, 66.718, 66.41, 65.475, 64.737, 64.302, 64.212, 64.802, 64.882, 64.599, 64.802, 65.086, 66.037, 67.456, 68.132, 67.759, 67.398], [65.901, 61.269, 59.334, 57.563, 56.664, 56.746, 56.556, 54.395, 48.917, 36.64, 22.773, 17.762, 15.586, 6.603, 0.0, 6.075, 12.666, 15.121, 17.099, 18.639, 19.488, 20.067, 20.985, 22.522, 26.352, 29.076, 29.737, 31.015, 33.53, 34.31, 34.135, 34.458, 35.111, 35.653, 37.251, 40.71, 41.765, 42.299, 43.238, 44.505, 46.13, 46.701, 47.664, 51.194, 59.723, 66.187, 65.755, 70.975, 76.288, 75.956, 76.165, 76.744, 77.489, 77.716, 77.482, 76.81, 76.264, 75.098, 74.326, 74.085, 74.016, 73.029, 71.292, 70.989, 71.273, 71.405, 71.705, 72.026, 70.9, 68.881, 68.321, 68.04, 67.107, 66.323, 65.831, 65.72, 66.32, 66.37, 66.044, 66.212, 66.492, 67.48, 68.958, 69.69, 69.332, 68.986], [64.752, 60.226, 58.275, 56.273, 55.315, 55.326, 55.034, 52.89, 47.578, 35.585, 22.378, 18.429, 16.429, 8.595, 6.075, 0.0, 7.669, 10.965, 13.336, 15.06, 16.1, 16.761, 17.768, 19.493, 23.438, 26.218, 26.914, 28.346, 31.196, 32.325, 32.512, 33.103, 33.853, 34.448, 36.082, 39.394, 40.381, 41.054, 42.054, 43.372, 45.048, 45.6, 46.458, 49.813, 58.225, 64.597, 64.159, 69.383, 74.576, 74.41, 74.798, 75.388, 76.199, 76.486, 76.147, 75.252, 74.616, 73.462, 72.753, 72.546, 72.483, 71.44, 69.586, 69.198, 69.443, 69.57, 69.861, 70.193, 69.073, 67.065, 66.54, 66.266, 65.335, 64.564, 64.085, 63.949, 64.55, 64.66, 64.411, 64.639, 64.92, 65.877, 67.337, 68.031, 67.662, 67.339], [62.856, 58.384, 56.501, 54.3, 53.254, 53.188, 52.79, 50.754, 45.811, 34.734, 23.158, 20.516, 19.342, 13.298, 12.666, 7.669, 0.0, 5.052, 9.254, 11.818, 13.043, 13.89, 15.308, 17.299, 20.868, 23.394, 24.167, 25.83, 29.08, 30.561, 31.233, 32.326, 33.161, 33.805, 35.513, 38.868, 39.81, 40.607, 41.712, 43.216, 45.066, 45.59, 46.192, 49.09, 57.155, 63.455, 63.017, 68.438, 73.536, 73.454, 74.172, 74.799, 75.634, 76.039, 75.558, 74.286, 73.426, 72.27, 71.715, 71.616, 71.613, 70.548, 68.524, 67.966, 68.131, 68.261, 68.519, 68.859, 67.774, 65.767, 65.249, 64.978, 64.082, 63.372, 62.895, 62.654, 63.239, 63.443, 63.324, 63.648, 63.953, 64.982, 66.528, 67.199, 66.782, 66.522], [61.602, 57.238, 55.497, 53.303, 52.215, 52.159, 51.735, 49.803, 45.133, 34.715, 24.101, 21.86, 20.948, 15.614, 15.121, 10.965, 5.052, 0.0, 5.621, 8.948, 10.265, 11.287, 13.151, 15.519, 19.439, 22.031, 22.813, 24.519, 27.818, 29.389, 30.279, 31.713, 32.619, 33.312, 34.988, 38.294, 39.243, 40.033, 41.193, 42.789, 44.768, 45.345, 45.895, 48.672, 56.637, 62.934, 62.521, 68.041, 73.164, 73.018, 73.821, 74.593, 75.503, 75.95, 75.456, 74.127, 73.218, 72.102, 71.624, 71.548, 71.57, 70.504, 68.427, 67.81, 67.936, 68.075, 68.317, 68.635, 67.561, 65.498, 64.901, 64.61, 63.729, 63.052, 62.577, 62.261, 62.801, 63.026, 62.929, 63.258, 63.577, 64.716, 66.429, 67.16, 66.729, 66.478], [60.717, 56.584, 54.929, 52.705, 51.626, 51.662, 51.222, 49.318, 44.859, 34.956, 25.018, 23.02, 22.051, 17.335, 17.099, 13.336, 9.254, 5.621, 0.0, 4.209, 6.118, 7.394, 9.773, 12.642, 17.048, 19.756, 20.456, 22.292, 25.791, 27.555, 28.524, 30.118, 31.156, 31.896, 33.493, 36.541, 37.482, 38.297, 39.469, 41.092, 43.14, 43.766, 44.317, 47.117, 55.171, 61.487, 61.094, 66.583, 71.637, 71.46, 72.248, 73.177, 74.277, 74.761, 74.272, 72.973, 72.133, 71.107, 70.664, 70.574, 70.577, 69.433, 67.255, 66.645, 66.802, 66.941, 67.164, 67.45, 66.385, 64.319, 63.687, 63.389, 62.5, 61.809, 61.364, 61.05, 61.535, 61.706, 61.554, 61.865, 62.196, 63.363, 65.153, 65.936, 65.512, 65.243], [60.122, 56.132, 54.488, 52.242, 51.178, 51.188, 50.727, 48.87, 44.56, 34.994, 25.643, 23.994, 22.866, 18.669, 18.639, 15.06, 11.818, 8.948, 4.209, 0.0, 2.647, 4.553, 7.633, 10.945, 15.63, 18.379, 19.078, 21.015, 24.583, 26.435, 27.475, 29.151, 30.285, 31.018, 32.501, 35.359, 36.27, 37.075, 38.209, 39.822, 41.921, 42.598, 43.151, 45.925, 53.895, 60.132, 59.754, 65.172, 70.181, 69.993, 70.755, 71.764, 72.982, 73.493, 73.018, 71.776, 71.0, 70.006, 69.547, 69.431, 69.4, 68.175, 65.93, 65.347, 65.547, 65.681, 65.874, 66.128, 65.089, 63.041, 62.37, 62.073, 61.194, 60.496, 60.085, 59.808, 60.259, 60.38, 60.2, 60.498, 60.835, 62.015, 63.84, 64.66, 64.253, 63.976], [60.083, 56.123, 54.483, 52.23, 51.171, 51.136, 50.668, 48.878, 44.671, 35.307, 26.174, 24.579, 23.474, 19.474, 19.488, 16.1, 13.043, 10.265, 6.118, 2.647, 0.0, 2.673, 6.587, 10.375, 15.174, 17.875, 18.631, 20.598, 24.115, 25.963, 27.029, 28.732, 29.846, 30.55, 32.002, 34.864, 35.776, 36.576, 37.702, 39.291, 41.422, 42.128, 42.675, 45.401, 53.292, 59.511, 59.14, 64.588, 69.637, 69.443, 70.208, 71.23, 72.473, 73.007, 72.554, 71.346, 70.588, 69.589, 69.117, 68.988, 68.942, 67.69, 65.414, 64.835, 65.049, 65.187, 65.374, 65.62, 64.596, 62.533, 61.817, 61.52, 60.664, 59.998, 59.606, 59.33, 59.767, 59.874, 59.691, 59.987, 60.331, 61.536, 63.39, 64.228, 63.823, 63.562], [60.102, 56.177, 54.501, 52.205, 51.168, 51.144, 50.674, 48.915, 44.745, 35.469, 26.424, 24.84, 23.751, 19.927, 20.067, 16.761, 13.89, 11.287, 7.394, 4.553, 2.673, 0.0, 4.522, 8.973, 14.148, 16.902, 17.668, 19.628, 23.16, 25.09, 26.176, 27.838, 28.918, 29.656, 31.142, 33.991, 34.963, 35.842, 36.975, 38.497, 40.59, 41.276, 41.805, 44.506, 52.431, 58.678, 58.306, 63.746, 68.793, 68.631, 69.399, 70.43, 71.717, 72.292, 71.87, 70.733, 70.063, 69.095, 68.598, 68.454, 68.417, 67.158, 64.85, 64.247, 64.455, 64.598, 64.814, 65.086, 64.069, 62.012, 61.291, 60.991, 60.137, 59.511, 59.162, 58.894, 59.329, 59.441, 59.274, 59.588, 59.948, 61.159, 63.016, 63.859, 63.461, 63.203], [60.189, 56.36, 54.644, 52.284, 51.304, 51.303, 50.813, 49.062, 44.929, 35.808, 27.032, 25.586, 24.455, 20.748, 20.985, 17.768, 15.308, 13.151, 9.773, 7.633, 6.587, 4.522, 0.0, 5.553, 11.882, 14.899, 15.633, 17.619, 21.316, 23.423, 24.565, 26.143, 27.214, 28.064, 29.651, 32.411, 33.444, 34.488, 35.675, 37.178, 39.222, 39.874, 40.381, 43.077, 51.157, 57.469, 57.1, 62.483, 67.451, 67.317, 68.05, 69.102, 70.486, 71.113, 70.746, 69.813, 69.389, 68.522, 67.999, 67.838, 67.812, 66.553, 64.219, 63.582, 63.775, 63.91, 64.171, 64.49, 63.476, 61.46, 60.782, 60.504, 59.658, 59.068, 58.797, 58.568, 58.979, 59.048, 58.862, 59.182, 59.556, 60.759, 62.625, 63.499, 63.117, 62.849], [59.718, 55.89, 54.079, 51.713, 50.828, 50.886, 50.376, 48.604, 44.548, 35.657, 27.394, 26.257, 25.281, 22.087, 22.522, 19.493, 17.299, 15.519, 12.642, 10.945, 10.375, 8.973, 5.553, 0.0, 7.598, 11.398, 12.508, 14.93, 19.307, 21.73, 22.909, 24.597, 25.764, 26.689, 28.311, 31.161, 32.386, 33.494, 34.685, 36.318, 38.438, 39.062, 39.483, 42.063, 50.154, 56.503, 56.112, 61.307, 66.166, 66.013, 66.706, 67.815, 69.316, 69.994, 69.672, 68.957, 68.846, 68.185, 67.714, 67.56, 67.529, 66.254, 63.876, 63.189, 63.347, 63.434, 63.688, 64.016, 63.036, 61.11, 60.497, 60.22, 59.368, 58.775, 58.585, 58.434, 58.813, 58.834, 58.642, 58.967, 59.369, 60.574, 62.414, 63.32, 62.955, 62.664], [58.273, 54.382, 52.437, 50.073, 49.29, 49.397, 48.804, 47.037, 43.286, 35.287, 28.463, 28.089, 27.677, 25.411, 26.352, 23.438, 20.868, 19.439, 17.048, 15.63, 15.174, 14.148, 11.882, 7.598, 0.0, 5.104, 7.852, 11.226, 16.798, 19.831, 21.087, 23.136, 24.436, 25.286, 26.851, 30.086, 31.646, 32.721, 33.848, 35.639, 37.9, 38.465, 38.612, 40.72, 48.488, 54.848, 54.448, 59.564, 64.33, 64.132, 64.906, 66.036, 67.598, 68.361, 68.056, 67.435, 67.532, 67.121, 66.87, 66.802, 66.816, 65.592, 63.146, 62.34, 62.435, 62.494, 62.742, 63.101, 62.189, 60.331, 59.747, 59.478, 58.676, 58.149, 58.061, 57.981, 58.326, 58.281, 58.095, 58.429, 58.858, 60.098, 61.917, 62.834, 62.459, 62.179], [58.273, 54.466, 52.494, 50.114, 49.383, 49.473, 48.742, 46.987, 43.534, 36.435, 30.505, 30.38, 30.209, 28.089, 29.076, 26.218, 23.394, 22.031, 19.756, 18.379, 17.875, 16.902, 14.899, 11.398, 5.104, 0.0, 4.407, 9.21, 15.428, 18.757, 20.103, 22.352, 23.784, 24.67, 26.128, 29.356, 31.067, 32.096, 33.104, 34.9, 37.207, 37.768, 37.807, 39.659, 47.223, 53.552, 53.165, 58.45, 63.261, 63.048, 63.899, 65.015, 66.568, 67.367, 67.056, 66.442, 66.594, 66.27, 66.132, 66.147, 66.196, 64.997, 62.543, 61.682, 61.745, 61.817, 62.08, 62.463, 61.572, 59.737, 59.152, 58.896, 58.168, 57.733, 57.708, 57.649, 57.967, 57.844, 57.62, 57.946, 58.37, 59.601, 61.416, 62.35, 61.966, 61.7], [59.619, 55.942, 54.019, 51.613, 50.885, 50.957, 50.125, 48.278, 44.845, 37.906, 31.867, 31.538, 31.28, 28.933, 29.737, 26.914, 24.167, 22.813, 20.456, 19.078, 18.631, 17.668, 15.633, 12.508, 7.852, 4.407, 0.0, 6.473, 13.686, 17.325, 18.615, 20.745, 22.353, 23.406, 24.921, 27.937, 29.556, 30.545, 31.5, 33.326, 35.67, 36.275, 36.369, 38.32, 46.134, 52.552, 52.185, 57.671, 62.573, 62.35, 63.214, 64.361, 65.941, 66.754, 66.448, 65.838, 65.977, 65.645, 65.532, 65.577, 65.655, 64.491, 62.099, 61.299, 61.384, 61.468, 61.734, 62.11, 61.2, 59.365, 58.784, 58.516, 57.785, 57.34, 57.308, 57.251, 57.568, 57.428, 57.188, 57.51, 57.91, 59.094, 60.883, 61.813, 61.434, 61.172], [59.678, 56.142, 54.309, 51.922, 51.202, 51.266, 50.378, 48.521, 45.161, 38.523, 32.884, 32.589, 32.312, 30.201, 31.015, 28.346, 25.83, 24.519, 22.292, 21.015, 20.598, 19.628, 17.619, 14.93, 11.226, 9.21, 6.473, 0.0, 8.229, 12.612, 14.229, 16.56, 18.352, 19.658, 21.269, 24.18, 25.653, 26.71, 27.776, 29.72, 32.181, 32.817, 32.83, 34.672, 42.755, 49.447, 49.131, 54.809, 59.814, 59.464, 60.318, 61.467, 63.072, 63.945, 63.721, 63.277, 63.504, 63.209, 63.175, 63.224, 63.413, 62.585, 60.687, 60.228, 60.36, 60.419, 60.696, 61.089, 60.153, 58.216, 57.52, 57.227, 56.544, 56.122, 56.071, 55.954, 56.225, 56.096, 55.854, 56.126, 56.52, 57.763, 59.617, 60.577, 60.2, 60.04], [59.533, 56.268, 54.558, 52.221, 51.554, 51.651, 50.732, 48.964, 45.814, 39.734, 34.788, 34.597, 34.353, 32.704, 33.53, 31.196, 29.08, 27.818, 25.791, 24.583, 24.115, 23.16, 21.316, 19.307, 16.798, 15.428, 13.686, 8.229, 0.0, 5.252, 8.117, 11.348, 13.44, 15.173, 16.678, 19.181, 20.592, 21.804, 22.884, 24.739, 27.274, 27.951, 27.871, 29.557, 37.867, 44.897, 44.604, 50.535, 55.787, 55.243, 56.012, 57.047, 58.506, 59.359, 59.255, 59.206, 59.688, 59.43, 59.405, 59.443, 59.7, 59.332, 58.469, 58.796, 59.058, 59.051, 59.321, 59.71, 58.715, 56.612, 55.704, 55.383, 54.82, 54.52, 54.519, 54.361, 54.538, 54.362, 54.043, 54.19, 54.596, 55.951, 57.904, 58.957, 58.59, 58.587], [60.351, 57.172, 55.529, 53.267, 52.645, 52.796, 51.899, 50.151, 47.0, 40.927, 35.897, 35.538, 35.314, 33.654, 34.31, 32.325, 30.561, 29.389, 27.555, 26.435, 25.963, 25.09, 23.423, 21.73, 19.831, 18.757, 17.325, 12.612, 5.252, 0.0, 4.26, 8.392, 10.652, 12.544, 14.035, 16.592, 18.055, 19.262, 20.302, 22.073, 24.632, 25.369, 25.396, 27.266, 35.863, 43.138, 42.798, 48.942, 54.49, 53.806, 54.468, 55.387, 56.582, 57.26, 57.209, 57.463, 58.109, 57.827, 57.751, 57.762, 57.989, 57.782, 57.593, 58.565, 59.01, 58.964, 59.217, 59.594, 58.549, 56.343, 55.334, 55.018, 54.503, 54.246, 54.298, 54.166, 54.306, 54.076, 53.688, 53.745, 54.155, 55.561, 57.535, 58.647, 58.283, 58.337], [62.178, 58.971, 57.288, 55.101, 54.539, 54.759, 53.9, 52.07, 48.762, 42.387, 36.788, 35.971, 35.689, 33.746, 34.135, 32.512, 31.233, 30.279, 28.524, 27.475, 27.029, 26.176, 24.565, 22.909, 21.087, 20.103, 18.615, 14.229, 8.117, 4.26, 0.0, 5.006, 7.858, 10.027, 11.815, 14.886, 16.569, 17.69, 18.733, 20.513, 23.081, 23.864, 24.077, 26.352, 35.458, 42.976, 42.594, 48.865, 54.637, 53.886, 54.433, 55.319, 56.363, 56.888, 56.86, 57.256, 57.976, 57.672, 57.571, 57.549, 57.741, 57.553, 57.493, 58.68, 59.259, 59.227, 59.477, 59.858, 58.788, 56.561, 55.577, 55.282, 54.738, 54.46, 54.554, 54.485, 54.642, 54.358, 53.914, 53.938, 54.349, 55.726, 57.609, 58.713, 58.355, 58.396], [64.69, 61.484, 59.726, 57.534, 57.017, 57.216, 56.394, 54.523, 51.038, 44.218, 37.97, 36.728, 36.296, 34.185, 34.458, 33.103, 32.326, 31.713, 30.118, 29.151, 28.732, 27.838, 26.143, 24.597, 23.136, 22.352, 20.745, 16.56, 11.348, 8.392, 5.006, 0.0, 4.059, 7.372, 9.917, 13.262, 15.056, 16.297, 17.347, 19.021, 21.396, 22.115, 22.457, 25.15, 34.858, 42.569, 42.169, 48.534, 54.41, 53.669, 54.126, 54.953, 55.97, 56.469, 56.461, 56.931, 57.698, 57.339, 57.181, 57.145, 57.351, 57.24, 57.312, 58.622, 59.26, 59.236, 59.51, 59.916, 58.834, 56.622, 55.69, 55.424, 54.882, 54.605, 54.711, 54.671, 54.86, 54.568, 54.11, 54.14, 54.545, 55.841, 57.593, 58.664, 58.324, 58.376], [65.695, 62.488, 60.736, 58.545, 58.044, 58.238, 57.462, 55.64, 52.152, 45.215, 38.769, 37.386, 36.994, 34.856, 35.111, 33.853, 33.161, 32.619, 31.156, 30.285, 29.846, 28.918, 27.214, 25.764, 24.436, 23.784, 22.353, 18.352, 13.44, 10.652, 7.858, 4.059, 0.0, 4.393, 8.033, 12.044, 13.969, 15.386, 16.656, 18.465, 20.826, 21.452, 21.674, 24.334, 34.268, 42.125, 41.722, 48.211, 54.151, 53.412, 53.887, 54.642, 55.613, 56.108, 56.142, 56.674, 57.451, 57.062, 56.906, 56.859, 57.085, 57.025, 57.166, 58.59, 59.27, 59.243, 59.608, 60.097, 59.019, 56.764, 55.823, 55.594, 55.081, 54.826, 54.926, 54.885, 55.091, 54.813, 54.355, 54.382, 54.8, 56.116, 57.893, 58.993, 58.657, 58.733], [66.148, 62.915, 61.207, 59.085, 58.617, 58.846, 58.11, 56.3, 52.831, 45.901, 39.405, 38.028, 37.662, 35.473, 35.653, 34.448, 33.805, 33.312, 31.896, 31.018, 30.55, 29.656, 28.064, 26.689, 25.286, 24.67, 23.406, 19.658, 15.173, 12.544, 10.027, 7.372, 4.393, 0.0, 5.173, 10.591, 12.671, 13.95, 15.39, 17.54, 20.17, 20.869, 21.049, 23.798, 33.858, 41.754, 41.349, 47.926, 53.972, 53.217, 53.729, 54.449, 55.278, 55.674, 55.761, 56.36, 57.118, 56.7, 56.556, 56.471, 56.677, 56.649, 56.868, 58.46, 59.235, 59.206, 59.644, 60.229, 59.166, 56.851, 55.876, 55.675, 55.156, 54.852, 54.932, 54.929, 55.141, 54.827, 54.341, 54.331, 54.75, 56.103, 57.922, 59.064, 58.728, 58.808], [66.173, 63.037, 61.254, 59.199, 58.817, 59.081, 58.336, 56.547, 53.158, 46.461, 40.318, 39.136, 38.756, 36.993, 37.251, 36.082, 35.513, 34.988, 33.493, 32.501, 32.002, 31.142, 29.651, 28.311, 26.851, 26.128, 24.921, 21.269, 16.678, 14.035, 11.815, 9.917, 8.033, 5.173, 0.0, 7.098, 10.215, 11.307, 12.581, 14.85, 17.825, 18.65, 18.854, 21.772, 31.821, 39.667, 39.277, 45.765, 51.914, 51.165, 51.714, 52.468, 53.273, 53.663, 53.781, 54.526, 55.499, 55.179, 54.98, 54.832, 55.035, 55.132, 55.553, 57.281, 58.089, 58.048, 58.493, 59.09, 58.035, 55.685, 54.638, 54.376, 53.794, 53.504, 53.661, 53.736, 53.936, 53.579, 53.032, 52.96, 53.372, 54.729, 56.545, 57.704, 57.376, 57.47], [66.661, 64.064, 62.366, 60.216, 59.895, 60.16, 59.32, 57.55, 54.425, 48.483, 43.303, 42.439, 41.789, 40.385, 40.71, 39.394, 38.868, 38.294, 36.541, 35.359, 34.864, 33.991, 32.411, 31.161, 30.086, 29.356, 27.937, 24.18, 19.181, 16.592, 14.886, 13.262, 12.044, 10.591, 7.098, 0.0, 5.105, 7.703, 9.138, 11.473, 14.663, 15.628, 15.699, 18.411, 28.349, 36.021, 35.726, 42.244, 48.241, 47.495, 48.121, 48.888, 49.717, 50.156, 50.293, 51.08, 52.209, 52.034, 51.828, 51.608, 51.826, 52.042, 52.735, 54.752, 55.657, 55.615, 56.106, 56.735, 55.691, 53.393, 52.344, 52.04, 51.426, 51.191, 51.46, 51.553, 51.663, 51.255, 50.641, 50.523, 50.93, 52.223, 53.997, 55.19, 54.898, 55.061], [67.348, 64.968, 63.591, 61.55, 61.176, 61.369, 60.478, 58.721, 55.689, 49.982, 45.062, 44.266, 43.445, 41.652, 41.765, 40.381, 39.81, 39.243, 37.482, 36.27, 35.776, 34.963, 33.444, 32.386, 31.646, 31.067, 29.556, 25.653, 20.592, 18.055, 16.569, 15.056, 13.969, 12.671, 10.215, 5.105, 0.0, 4.705, 7.525, 10.937, 14.641, 15.845, 15.9, 18.524, 28.54, 36.18, 36.043, 42.789, 48.572, 47.686, 48.364, 49.076, 49.847, 50.29, 50.536, 51.303, 52.213, 51.98, 51.85, 51.61, 51.853, 52.13, 52.945, 55.149, 56.17, 56.173, 56.681, 57.325, 56.286, 53.96, 52.906, 52.653, 52.08, 51.789, 51.984, 52.002, 52.04, 51.605, 50.961, 50.8, 51.185, 52.513, 54.401, 55.654, 55.374, 55.628], [68.013, 65.562, 64.31, 62.568, 62.266, 62.469, 61.61, 59.857, 56.802, 51.047, 46.001, 45.163, 44.355, 42.376, 42.299, 41.054, 40.607, 40.033, 38.297, 37.075, 36.576, 35.842, 34.488, 33.494, 32.721, 32.096, 30.545, 26.71, 21.804, 19.262, 17.69, 16.297, 15.386, 13.95, 11.307, 7.703, 4.705, 0.0, 4.251, 9.405, 13.938, 15.474, 15.814, 19.067, 29.497, 37.186, 37.104, 43.917, 49.819, 48.799, 49.368, 50.117, 50.851, 51.195, 51.556, 52.621, 53.595, 53.336, 53.212, 52.958, 53.168, 53.501, 54.47, 56.751, 57.799, 57.825, 58.314, 58.911, 57.871, 55.519, 54.408, 54.152, 53.581, 53.248, 53.42, 53.46, 53.487, 52.993, 52.264, 52.016, 52.381, 53.759, 55.728, 57.038, 56.765, 57.012], [68.699, 66.211, 64.876, 63.189, 62.966, 63.175, 62.319, 60.558, 57.486, 51.722, 46.647, 45.817, 45.013, 43.234, 43.238, 42.054, 41.712, 41.193, 39.469, 38.209, 37.702, 36.975, 35.675, 34.685, 33.848, 33.104, 31.5, 27.776, 22.884, 20.302, 18.733, 17.347, 16.656, 15.39, 12.581, 9.138, 7.525, 4.251, 0.0, 6.273, 11.411, 13.152, 13.788, 17.648, 28.41, 36.132, 36.022, 42.845, 48.948, 47.935, 48.425, 49.206, 49.904, 50.145, 50.5, 51.809, 52.999, 52.752, 52.555, 52.281, 52.459, 52.873, 54.098, 56.509, 57.558, 57.579, 58.048, 58.605, 57.56, 55.262, 54.156, 53.863, 53.325, 53.078, 53.333, 53.441, 53.466, 52.896, 52.084, 51.758, 52.09, 53.425, 55.324, 56.633, 56.366, 56.597], [69.565, 67.086, 65.649, 63.911, 63.709, 63.922, 63.066, 61.3, 58.203, 52.479, 47.521, 46.707, 45.869, 44.411, 44.505, 43.372, 43.216, 42.789, 41.092, 39.822, 39.291, 38.497, 37.178, 36.318, 35.639, 34.9, 33.326, 29.72, 24.739, 22.073, 20.513, 19.021, 18.465, 17.54, 14.85, 11.473, 10.937, 9.405, 6.273, 0.0, 5.694, 7.894, 9.299, 14.274, 25.569, 33.503, 33.33, 40.171, 46.679, 45.727, 46.076, 46.84, 47.475, 47.673, 48.08, 49.737, 51.315, 51.086, 50.68, 50.36, 50.551, 51.078, 52.639, 55.239, 56.29, 56.303, 56.805, 57.363, 56.26, 53.949, 52.853, 52.543, 52.067, 52.134, 52.645, 52.85, 52.879, 52.287, 51.445, 51.062, 51.372, 52.657, 54.458, 55.75, 55.484, 55.716], [70.813, 68.369, 66.846, 65.059, 64.882, 65.108, 64.279, 62.527, 59.416, 53.746, 48.892, 48.079, 47.224, 45.986, 46.13, 45.048, 45.066, 44.768, 43.14, 41.921, 41.422, 40.59, 39.222, 38.438, 37.9, 37.207, 35.67, 32.181, 27.274, 24.632, 23.081, 21.396, 20.826, 20.17, 17.825, 14.663, 14.641, 13.938, 11.411, 5.694, 0.0, 2.976, 5.932, 12.011, 23.629, 31.692, 31.427, 38.26, 45.085, 44.203, 44.402, 45.066, 45.659, 45.858, 46.32, 48.287, 50.223, 50.027, 49.462, 49.115, 49.309, 49.931, 51.766, 54.511, 55.549, 55.549, 56.101, 56.68, 55.533, 53.247, 52.201, 51.903, 51.446, 51.765, 52.549, 52.868, 52.912, 52.33, 51.486, 51.074, 51.377, 52.587, 54.256, 55.515, 55.258, 55.481], [71.135, 68.693, 67.111, 65.263, 65.082, 65.314, 64.502, 62.794, 59.707, 54.031, 49.159, 48.333, 47.536, 46.453, 46.701, 45.6, 45.59, 45.345, 43.766, 42.598, 42.128, 41.276, 39.874, 39.062, 38.465, 37.768, 36.275, 32.817, 27.951, 25.369, 23.864, 22.115, 21.452, 20.869, 18.65, 15.628, 15.845, 15.474, 13.152, 7.894, 2.976, 0.0, 4.042, 10.777, 22.786, 30.973, 30.646, 37.459, 44.36, 43.556, 43.76, 44.378, 44.987, 45.248, 45.691, 47.662, 49.7, 49.536, 48.948, 48.625, 48.843, 49.508, 51.361, 54.067, 55.063, 55.058, 55.645, 56.26, 55.125, 52.88, 51.876, 51.578, 51.116, 51.502, 52.383, 52.761, 52.823, 52.256, 51.436, 51.039, 51.354, 52.533, 54.128, 55.353, 55.095, 55.323], [70.539, 68.177, 66.598, 64.702, 64.507, 64.726, 63.899, 62.267, 59.398, 54.13, 49.62, 48.839, 48.138, 47.254, 47.664, 46.458, 46.192, 45.895, 44.317, 43.151, 42.675, 41.805, 40.381, 39.483, 38.612, 37.807, 36.369, 32.83, 27.871, 25.396, 24.077, 22.457, 21.674, 21.049, 18.854, 15.699, 15.9, 15.814, 13.788, 9.299, 5.932, 4.042, 0.0, 7.577, 20.789, 29.396, 29.079, 36.101, 43.021, 42.231, 42.591, 43.177, 43.875, 44.366, 44.841, 46.665, 48.684, 48.624, 48.17, 47.91, 48.211, 48.929, 50.641, 53.18, 54.094, 54.096, 54.742, 55.434, 54.362, 52.158, 51.162, 50.844, 50.415, 50.893, 51.809, 52.161, 52.233, 51.708, 50.944, 50.6, 50.951, 52.153, 53.745, 54.959, 54.695, 54.986], [69.514, 67.379, 65.783, 63.783, 63.607, 63.767, 62.849, 61.32, 58.915, 54.896, 51.837, 51.436, 50.873, 50.516, 51.194, 49.813, 49.09, 48.672, 47.117, 45.925, 45.401, 44.506, 43.077, 42.063, 40.72, 39.659, 38.32, 34.672, 29.557, 27.266, 26.352, 25.15, 24.334, 23.798, 21.772, 18.411, 18.524, 19.067, 17.648, 14.274, 12.011, 10.777, 7.577, 0.0, 14.446, 23.822, 23.608, 31.154, 38.232, 37.474, 38.215, 38.75, 39.656, 40.603, 41.134, 42.908, 45.171, 45.425, 45.232, 45.089, 45.532, 46.35, 47.985, 50.399, 51.185, 51.161, 51.902, 52.71, 51.746, 49.658, 48.667, 48.324, 48.031, 48.778, 49.844, 50.17, 50.21, 49.792, 49.192, 48.93, 49.33, 50.57, 52.189, 53.407, 53.143, 53.561], [69.886, 68.202, 66.492, 64.342, 64.273, 64.293, 63.176, 61.802, 60.058, 58.118, 57.918, 58.663, 58.183, 58.767, 59.723, 58.225, 57.155, 56.637, 55.171, 53.895, 53.292, 52.431, 51.157, 50.154, 48.488, 47.223, 46.134, 42.755, 37.867, 35.863, 35.458, 34.858, 34.268, 33.858, 31.821, 28.349, 28.54, 29.497, 28.41, 25.569, 23.629, 22.786, 20.789, 14.446, 0.0, 10.324, 10.608, 19.287, 27.212, 26.722, 28.288, 28.832, 30.03, 31.705, 32.244, 34.297, 37.614, 38.597, 38.666, 38.651, 39.281, 40.375, 42.481, 45.084, 45.703, 45.575, 46.402, 47.339, 46.586, 44.821, 43.792, 43.373, 43.352, 44.607, 46.05, 46.48, 46.41, 46.114, 45.849, 45.664, 46.072, 47.279, 48.827, 50.03, 49.804, 50.391], [72.141, 70.859, 69.092, 66.857, 66.865, 66.795, 65.552, 64.278, 62.888, 61.943, 63.155, 64.636, 64.116, 65.104, 66.187, 64.597, 63.455, 62.934, 61.487, 60.132, 59.511, 58.678, 57.469, 56.503, 54.848, 53.552, 52.552, 49.447, 44.897, 43.138, 42.976, 42.569, 42.125, 41.754, 39.667, 36.021, 36.18, 37.186, 36.132, 33.503, 31.692, 30.973, 29.396, 23.822, 10.324, 0.0, 3.548, 12.521, 20.553, 20.644, 22.996, 23.546, 24.872, 27.02, 27.457, 29.569, 33.712, 35.321, 35.506, 35.536, 36.26, 37.477, 39.939, 42.743, 43.307, 43.099, 43.912, 44.893, 44.342, 42.932, 41.933, 41.512, 41.682, 43.143, 44.788, 45.33, 45.181, 44.941, 44.925, 44.841, 45.21, 46.237, 47.609, 48.757, 48.598, 49.247], [72.01, 70.687, 68.868, 66.591, 66.619, 66.604, 65.381, 64.078, 62.639, 61.565, 62.629, 64.045, 63.572, 64.65, 65.755, 64.159, 63.017, 62.521, 61.094, 59.754, 59.14, 58.306, 57.1, 56.112, 54.448, 53.165, 52.185, 49.131, 44.604, 42.798, 42.594, 42.169, 41.722, 41.349, 39.277, 35.726, 36.043, 37.104, 36.022, 33.33, 31.427, 30.646, 29.079, 23.608, 10.608, 3.548, 0.0, 11.466, 20.381, 20.617, 22.809, 23.31, 24.684, 26.784, 27.027, 29.088, 33.324, 34.906, 35.056, 35.108, 35.795, 36.985, 39.505, 42.396, 42.983, 42.744, 43.535, 44.499, 43.9, 42.47, 41.508, 41.112, 41.261, 42.736, 44.432, 44.995, 44.874, 44.666, 44.667, 44.619, 45.041, 46.028, 47.267, 48.345, 48.168, 48.79], [73.407, 72.418, 70.434, 68.131, 68.296, 68.344, 67.136, 65.871, 64.604, 64.152, 66.297, 68.082, 67.606, 69.57, 70.975, 69.383, 68.438, 68.041, 66.583, 65.172, 64.588, 63.746, 62.483, 61.307, 59.564, 58.45, 57.671, 54.809, 50.535, 48.942, 48.865, 48.534, 48.211, 47.926, 45.765, 42.244, 42.789, 43.917, 42.845, 40.171, 38.26, 37.459, 36.101, 31.154, 19.287, 12.521, 11.466, 0.0, 10.734, 12.353, 14.738, 16.278, 19.856, 22.798, 22.828, 26.238, 32.526, 35.011, 34.935, 34.809, 35.292, 36.365, 39.139, 42.038, 42.361, 41.839, 42.479, 43.327, 43.0, 42.242, 41.512, 40.903, 40.968, 42.617, 44.62, 45.391, 45.233, 45.182, 45.453, 45.466, 45.903, 46.642, 47.397, 48.264, 48.208, 48.741], [74.939, 74.472, 72.527, 70.146, 70.349, 70.32, 69.067, 67.93, 67.025, 67.391, 70.55, 72.745, 72.236, 74.577, 76.288, 74.576, 73.536, 73.164, 71.637, 70.181, 69.637, 68.793, 67.451, 66.166, 64.33, 63.261, 62.573, 59.814, 55.787, 54.49, 54.637, 54.41, 54.151, 53.972, 51.914, 48.241, 48.572, 49.819, 48.948, 46.679, 45.085, 44.36, 43.021, 38.232, 27.212, 20.553, 20.381, 10.734, 0.0, 6.485, 10.937, 13.222, 18.932, 22.825, 22.656, 26.063, 33.109, 36.309, 36.38, 36.209, 36.63, 37.463, 39.95, 42.685, 42.881, 42.174, 42.678, 43.471, 43.482, 43.362, 42.879, 42.238, 42.358, 43.966, 45.976, 46.734, 46.431, 46.459, 46.941, 47.068, 47.453, 47.964, 48.528, 49.292, 49.337, 49.896], [74.207, 73.771, 71.961, 69.702, 69.895, 69.839, 68.568, 67.461, 66.621, 67.097, 70.332, 72.555, 72.067, 74.277, 75.956, 74.41, 73.454, 73.018, 71.46, 69.993, 69.443, 68.631, 67.317, 66.013, 64.132, 63.048, 62.35, 59.464, 55.243, 53.806, 53.886, 53.669, 53.412, 53.217, 51.165, 47.495, 47.686, 48.799, 47.935, 45.727, 44.203, 43.556, 42.231, 37.474, 26.722, 20.644, 20.617, 12.353, 6.485, 0.0, 6.477, 10.3, 16.849, 20.96, 21.383, 25.782, 32.97, 36.11, 36.144, 35.916, 36.365, 37.368, 40.108, 43.048, 43.362, 42.707, 43.16, 43.908, 43.899, 43.639, 43.009, 42.386, 42.604, 44.194, 46.136, 46.842, 46.455, 46.353, 46.695, 46.713, 47.086, 47.716, 48.557, 49.559, 49.639, 50.209], [74.826, 74.358, 72.569, 70.43, 70.676, 70.679, 69.446, 68.307, 67.344, 67.598, 70.684, 72.844, 72.328, 74.554, 76.165, 74.798, 74.172, 73.821, 72.248, 70.755, 70.208, 69.399, 68.05, 66.706, 64.906, 63.899, 63.214, 60.318, 56.012, 54.468, 54.433, 54.126, 53.887, 53.729, 51.714, 48.121, 48.364, 49.368, 48.425, 46.076, 44.402, 43.76, 42.591, 38.215, 28.288, 22.996, 22.809, 14.738, 10.937, 6.477, 0.0, 7.359, 15.518, 19.461, 20.4, 26.474, 34.328, 37.396, 37.044, 36.616, 37.0, 38.097, 41.142, 44.247, 44.613, 43.946, 44.334, 44.946, 44.858, 44.568, 43.887, 43.235, 43.441, 45.008, 46.981, 47.816, 47.482, 47.299, 47.488, 47.366, 47.736, 48.326, 49.082, 50.174, 50.36, 50.882], [75.704, 75.231, 73.447, 71.305, 71.544, 71.536, 70.32, 69.208, 68.239, 68.429, 71.438, 73.576, 73.06, 75.169, 76.744, 75.388, 74.799, 74.593, 73.177, 71.764, 71.23, 70.43, 69.102, 67.815, 66.036, 65.015, 64.361, 61.467, 57.047, 55.387, 55.319, 54.953, 54.642, 54.449, 52.468, 48.888, 49.076, 50.117, 49.206, 46.84, 45.066, 44.378, 43.177, 38.75, 28.832, 23.546, 23.31, 16.278, 13.222, 10.3, 7.359, 0.0, 10.034, 15.452, 16.942, 24.03, 32.468, 35.636, 35.303, 34.873, 35.361, 36.893, 40.659, 44.303, 44.858, 44.225, 44.756, 45.427, 45.192, 44.72, 43.987, 43.468, 43.786, 45.336, 47.239, 48.084, 47.788, 47.579, 47.663, 47.442, 47.795, 48.338, 49.016, 50.113, 50.327, 51.115], [77.263, 76.756, 75.003, 72.906, 73.145, 73.138, 71.931, 70.833, 69.846, 69.912, 72.732, 74.811, 74.238, 76.056, 77.489, 76.199, 75.634, 75.503, 74.277, 72.982, 72.473, 71.717, 70.486, 69.316, 67.598, 66.568, 65.941, 63.072, 58.506, 56.582, 56.363, 55.97, 55.613, 55.278, 53.273, 49.717, 49.847, 50.851, 49.904, 47.475, 45.659, 44.987, 43.875, 39.656, 30.03, 24.872, 24.684, 19.856, 18.932, 16.849, 15.518, 10.034, 0.0, 7.423, 10.57, 19.422, 28.526, 31.81, 31.48, 31.028, 31.601, 33.823, 39.106, 43.932, 44.916, 44.389, 45.071, 45.83, 45.37, 44.581, 43.81, 43.48, 43.902, 45.358, 47.172, 48.046, 47.732, 47.406, 47.427, 47.097, 47.378, 47.973, 48.75, 50.028, 50.239, 51.253], [78.292, 77.736, 75.98, 73.946, 74.234, 74.265, 73.078, 71.957, 70.876, 70.716, 73.333, 75.362, 74.719, 76.384, 77.716, 76.486, 76.039, 75.95, 74.761, 73.493, 73.007, 72.292, 71.113, 69.994, 68.361, 67.367, 66.754, 63.945, 59.359, 57.26, 56.888, 56.469, 56.108, 55.674, 53.663, 50.156, 50.29, 51.195, 50.145, 47.673, 45.858, 45.248, 44.366, 40.603, 31.705, 27.02, 26.784, 22.798, 22.825, 20.96, 19.461, 15.452, 7.423, 0.0, 6.383, 18.276, 27.814, 31.009, 30.466, 29.822, 30.268, 32.724, 38.889, 44.494, 45.8, 45.305, 45.951, 46.666, 46.101, 45.235, 44.512, 44.253, 44.655, 45.97, 47.74, 48.663, 48.316, 47.861, 47.771, 47.318, 47.525, 48.093, 48.864, 50.245, 50.481, 51.414], [77.902, 77.361, 75.487, 73.303, 73.604, 73.643, 72.445, 71.315, 70.267, 70.202, 72.89, 74.903, 74.255, 76.053, 77.482, 76.147, 75.558, 75.456, 74.272, 73.018, 72.554, 71.87, 70.746, 69.672, 68.056, 67.056, 66.448, 63.721, 59.255, 57.209, 56.86, 56.461, 56.142, 55.761, 53.781, 50.293, 50.536, 51.556, 50.5, 48.08, 46.32, 45.691, 44.841, 41.134, 32.244, 27.457, 27.027, 22.828, 22.656, 21.383, 20.4, 16.942, 10.57, 6.383, 0.0, 13.711, 24.219, 27.751, 27.288, 26.769, 27.302, 29.91, 36.345, 42.173, 43.53, 42.966, 43.513, 44.194, 43.645, 42.933, 42.331, 42.035, 42.444, 43.835, 45.645, 46.508, 46.15, 45.829, 45.909, 45.546, 45.747, 46.183, 46.688, 47.901, 48.117, 49.058], [77.172, 76.684, 74.712, 72.164, 72.334, 72.318, 71.066, 69.911, 68.996, 69.266, 72.123, 74.124, 73.434, 75.249, 76.81, 75.252, 74.286, 74.127, 72.973, 71.776, 71.346, 70.733, 69.813, 68.957, 67.435, 66.442, 65.838, 63.277, 59.206, 57.463, 57.256, 56.931, 56.674, 56.36, 54.526, 51.08, 51.303, 52.621, 51.809, 49.737, 48.287, 47.662, 46.665, 42.908, 34.297, 29.569, 29.088, 26.238, 26.063, 25.782, 26.474, 24.03, 19.422, 18.276, 13.711, 0.0, 11.808, 16.785, 17.397, 17.678, 18.973, 22.165, 28.844, 35.037, 36.479, 35.902, 36.478, 37.378, 36.85, 36.202, 35.857, 35.757, 36.399, 37.923, 39.572, 40.108, 39.721, 39.766, 40.404, 40.475, 40.71, 40.984, 41.174, 42.123, 42.266, 43.419], [77.257, 76.752, 74.892, 72.222, 72.254, 72.169, 70.868, 69.704, 68.837, 69.199, 72.021, 74.012, 73.273, 74.778, 76.264, 74.616, 73.426, 73.218, 72.133, 71.0, 70.588, 70.063, 69.389, 68.846, 67.532, 66.594, 65.977, 63.504, 59.688, 58.109, 57.976, 57.698, 57.451, 57.118, 55.499, 52.209, 52.213, 53.595, 52.999, 51.315, 50.223, 49.7, 48.684, 45.171, 37.614, 33.712, 33.324, 32.526, 33.109, 32.97, 34.328, 32.468, 28.526, 27.814, 24.219, 11.808, 0.0, 6.978, 10.496, 12.179, 14.3, 18.073, 24.972, 31.635, 33.31, 32.934, 33.742, 34.915, 34.305, 33.313, 33.015, 33.299, 34.274, 35.621, 36.686, 36.662, 36.199, 36.47, 37.433, 37.765, 37.986, 38.322, 38.661, 39.563, 39.622, 40.959], [77.474, 76.808, 74.968, 72.3, 72.281, 72.158, 70.875, 69.681, 68.664, 68.699, 71.258, 73.189, 72.413, 73.715, 75.098, 73.462, 72.27, 72.102, 71.107, 70.006, 69.589, 69.095, 68.522, 68.185, 67.121, 66.27, 65.645, 63.209, 59.43, 57.827, 57.672, 57.339, 57.062, 56.7, 55.179, 52.034, 51.98, 53.336, 52.752, 51.086, 50.027, 49.536, 48.624, 45.425, 38.597, 35.321, 34.906, 35.011, 36.309, 36.11, 37.396, 35.636, 31.81, 31.009, 27.751, 16.785, 6.978, 0.0, 5.89, 8.823, 11.159, 15.453, 23.225, 30.405, 32.287, 32.034, 32.964, 34.189, 33.408, 32.115, 31.762, 32.238, 33.325, 34.547, 35.287, 35.047, 34.67, 35.021, 36.024, 36.383, 36.626, 37.079, 37.589, 38.559, 38.591, 39.982], [77.705, 76.921, 74.995, 72.343, 72.339, 72.21, 70.972, 69.75, 68.551, 68.229, 70.567, 72.447, 71.61, 72.955, 74.326, 72.753, 71.715, 71.624, 70.664, 69.547, 69.117, 68.598, 67.999, 67.714, 66.87, 66.132, 65.532, 63.175, 59.405, 57.751, 57.571, 57.181, 56.906, 56.556, 54.98, 51.828, 51.85, 53.212, 52.555, 50.68, 49.462, 48.948, 48.17, 45.232, 38.666, 35.506, 35.056, 34.935, 36.38, 36.144, 37.044, 35.303, 31.48, 30.466, 27.288, 17.397, 10.496, 5.89, 0.0, 4.15, 7.51, 12.884, 21.854, 29.443, 31.433, 31.152, 31.981, 33.088, 32.234, 30.963, 30.604, 31.006, 32.0, 33.236, 34.07, 34.038, 33.825, 34.202, 35.164, 35.482, 35.758, 36.182, 36.639, 37.688, 37.789, 39.135], [77.836, 77.034, 75.101, 72.491, 72.51, 72.391, 71.169, 69.944, 68.681, 68.197, 70.434, 72.307, 71.424, 72.752, 74.085, 72.546, 71.616, 71.548, 70.574, 69.431, 68.988, 68.454, 67.838, 67.56, 66.802, 