[[0.0, 3.444, 6.391, 8.671, 13.653, 20.117, 23.621, 28.426, 32.481, 35.667, 38.611, 41.14, 41.735, 42.367, 43.378, 44.272, 45.399, 45.859, 45.762, 45.911, 46.483, 48.108, 50.77, 52.26, 51.878, 51.447, 51.462, 52.05, 52.178, 53.077, 53.608, 54.17, 56.057, 57.462, 58.017, 57.734, 57.078, 57.111, 56.819, 56.806, 56.857, 56.222, 55.803, 56.693, 58.196, 59.612, 58.231, 56.589, 57.089, 57.122, 57.217, 54.042, 52.858, 51.97, 51.744, 52.111, 52.184, 52.123, 51.938, 52.151, 55.643, 58.417, 59.855, 62.726, 64.224, 64.264, 64.027, 64.05, 64.127, 63.512, 63.508, 64.658, 63.723, 61.545, 60.108, 59.455, 59.555, 59.684, 59.181, 59.102, 57.972, 56.902, 56.89, 58.134, 58.046, 54.431], [3.444, 0.0, 3.694, 6.896, 12.743, 19.433, 22.743, 27.533, 31.606, 34.784, 37.676, 40.189, 40.827, 41.461, 42.46, 43.372, 44.553, 45.045, 44.954, 45.094, 45.683, 47.362, 50.074, 51.567, 51.131, 50.672, 50.689, 51.297, 51.428, 52.314, 52.918, 53.572, 55.496, 56.934, 57.512, 57.259, 56.688, 56.79, 56.501, 56.488, 56.584, 56.013, 55.657, 56.655, 58.258, 59.673, 58.258, 56.618, 57.152, 57.296, 57.394, 54.192, 52.959, 52.055, 51.802, 52.156, 52.231, 52.172, 51.974, 52.154, 55.631, 58.365, 59.827, 62.738, 64.237, 64.28, 64.042, 64.056, 64.118, 63.512, 63.474, 64.593, 63.656, 61.454, 60.039, 59.405, 59.503, 59.625, 59.128, 59.048, 57.927, 56.883, 56.852, 58.0, 57.914, 54.329], [6.391, 3.694, 0.0, 4.438, 12.276, 19.658, 22.55, 26.915, 30.83, 33.887, 36.612, 39.077, 39.804, 40.477, 41.512, 42.474, 43.74, 44.292, 44.253, 44.402, 44.989, 46.68, 49.375, 50.801, 50.29, 49.853, 49.914, 50.62, 50.757, 51.55, 52.282, 53.068, 55.007, 56.45, 57.013, 56.774, 56.322, 56.55, 56.242, 56.176, 56.344, 55.912, 55.686, 56.851, 58.597, 60.015, 58.557, 56.921, 57.451, 57.632, 57.687, 54.315, 52.888, 51.944, 51.612, 51.992, 52.075, 52.02, 51.735, 51.733, 55.131, 57.751, 59.266, 62.255, 63.733, 63.789, 63.554, 63.555, 63.602, 63.02, 62.956, 64.028, 63.073, 60.865, 59.515, 58.926, 59.036, 59.162, 58.667, 58.568, 57.466, 56.453, 56.4, 57.463, 57.379, 53.974], [8.671, 6.896, 4.438, 0.0, 9.536, 18.513, 22.244, 26.639, 30.655, 33.941, 36.675, 38.977, 39.695, 40.452, 41.551, 42.624, 44.033, 44.646, 44.631, 44.801, 45.386, 47.062, 49.733, 51.1, 50.553, 50.128, 50.237, 51.054, 51.18, 51.833, 52.441, 53.166, 55.066, 56.462, 57.007, 56.765, 56.374, 56.706, 56.466, 56.331, 56.41, 56.003, 55.778, 56.897, 58.797, 60.482, 59.103, 57.466, 57.938, 57.939, 57.732, 54.416, 53.166, 52.265, 51.904, 52.372, 52.497, 52.44, 52.104, 52.065, 55.583, 58.278, 59.816, 62.908, 64.44, 64.502, 64.258, 64.248, 64.301, 63.734, 63.651, 64.73, 63.76, 61.546, 60.229, 59.656, 59.774, 59.906, 59.379, 59.233, 58.108, 57.088, 57.043, 58.124, 58.068, 54.668], [13.653, 12.743, 12.276, 9.536, 0.0, 11.56, 19.68, 26.312, 31.459, 35.839, 39.054, 40.942, 41.274, 42.023, 43.118, 44.319, 45.812, 46.396, 46.27, 46.444, 47.082, 48.789, 51.557, 53.04, 52.58, 52.072, 52.196, 52.976, 53.068, 53.733, 53.715, 54.006, 55.807, 57.132, 57.696, 57.483, 57.054, 57.297, 57.385, 57.399, 57.114, 56.374, 55.794, 56.381, 58.292, 60.719, 59.761, 58.174, 58.563, 58.159, 57.526, 55.063, 54.837, 54.12, 53.918, 54.41, 54.578, 54.488, 54.371, 55.013, 59.08, 62.2, 63.597, 66.683, 68.399, 68.434, 68.179, 68.154, 68.228, 67.627, 67.511, 68.693, 67.828, 65.619, 64.233, 63.602, 63.679, 63.788, 63.221, 63.025, 61.782, 60.656, 60.662, 61.911, 61.96, 57.95], [20.117, 19.433, 19.658, 18.513, 11.56, 0.0, 12.999, 23.324, 30.203, 35.623, 39.441, 41.326, 41.278, 41.788, 42.823, 43.975, 45.235, 45.67, 45.46, 45.643, 46.399, 48.173, 51.006, 52.698, 52.456, 51.882, 51.933, 52.504, 52.606, 53.644, 53.472, 53.576, 55.35, 56.687, 57.268, 57.091, 56.58, 56.639, 57.032, 57.611, 57.475, 56.557, 55.715, 55.942, 57.501, 60.017, 59.342, 57.849, 58.281, 57.93, 57.485, 55.549, 55.656, 54.944, 54.907, 55.317, 55.429, 55.26, 55.304, 56.515, 60.728, 63.9, 65.159, 68.081, 69.796, 69.797, 69.537, 69.535, 69.638, 69.014, 68.932, 70.214, 69.523, 67.343, 65.871, 65.195, 65.228, 65.314, 64.773, 64.575, 63.254, 62.081, 62.095, 63.409, 63.508, 59.119], [23.621, 22.743, 22.55, 22.244, 19.68, 12.999, 0.0, 12.659, 21.282, 27.82, 32.596, 35.322, 35.507, 35.748, 36.515, 37.371, 38.349, 38.717, 38.619, 38.882, 39.807, 41.714, 44.555, 46.461, 46.684, 46.379, 46.413, 47.018, 47.22, 48.369, 48.714, 49.238, 51.061, 52.421, 52.937, 52.748, 52.272, 52.379, 52.653, 53.522, 54.27, 54.223, 54.097, 55.063, 56.808, 58.774, 57.799, 56.383, 57.102, 57.499, 57.847, 55.42, 54.518, 53.546, 53.32, 53.541, 53.573, 53.302, 52.889, 53.364, 56.986, 59.695, 61.034, 64.11, 65.685, 65.663, 65.429, 65.467, 65.575, 64.952, 64.795, 66.025, 65.432, 63.332, 61.889, 61.24, 61.333, 61.48, 60.957, 60.718, 59.398, 58.28, 58.248, 59.394, 59.441, 55.413], [28.426, 27.533, 26.915, 26.639, 26.312, 23.324, 12.659, 0.0, 10.016, 18.339, 24.618, 28.319, 28.908, 28.972, 29.19, 29.706, 30.694, 31.157, 31.2, 31.58, 32.645, 34.62, 37.454, 39.547, 40.331, 40.516, 40.734, 41.678, 41.991, 42.656, 43.051, 43.938, 45.765, 47.057, 47.482, 47.263, 46.881, 47.19, 47.309, 47.977, 49.323, 50.55, 51.742, 53.879, 56.459, 58.51, 57.371, 56.063, 56.992, 57.871, 58.561, 55.734, 54.159, 53.04, 52.416, 52.283, 52.281, 51.965, 51.019, 50.429, 53.552, 56.043, 57.435, 60.964, 62.674, 62.634, 62.436, 62.483, 62.545, 61.899, 61.479, 62.516, 61.998, 60.136, 58.872, 58.275, 58.482, 58.745, 58.167, 57.823, 56.484, 55.357, 55.339, 56.329, 56.464, 52.927], [32.481, 31.606, 30.83, 30.655, 31.459, 30.203, 21.282, 10.016, 0.0, 9.498, 17.252, 22.28, 23.438, 23.446, 23.295, 23.486, 24.511, 25.068, 25.234, 25.735, 26.939, 28.938, 31.799, 34.039, 35.172, 35.704, 36.029, 37.192, 37.598, 37.779, 38.263, 39.611, 41.59, 42.974, 43.389, 43.191, 42.978, 43.531, 43.464, 43.783, 45.334, 47.374, 49.848, 53.351, 56.827, 58.907, 57.613, 56.334, 57.322, 58.504, 59.328, 55.968, 53.811, 52.592, 51.576, 51.063, 51.01, 50.661, 49.309, 47.746, 50.424, 52.809, 54.181, 58.039, 59.931, 59.875, 59.683, 59.706, 59.701, 59.057, 58.438, 59.283, 58.841, 57.239, 56.189, 55.653, 55.95, 56.309, 55.695, 55.313, 53.985, 52.855, 52.85, 53.686, 54.036, 51.176], [35.667, 34.784, 33.887, 33.941, 35.839, 35.623, 27.82, 18.339, 9.498, 0.0, 9.023, 16.145, 18.405, 18.472, 18.375, 18.513, 19.623, 20.306, 20.733, 21.395, 22.671, 24.512, 27.254, 29.514, 30.74, 31.484, 31.846, 33.183, 33.812, 33.649, 34.706, 36.816, 38.989, 40.531, 40.965, 40.834, 40.862, 41.706, 41.335, 41.259, 42.918, 45.293, 48.664, 53.527, 57.88, 59.775, 58.209, 56.904, 57.852, 59.219, 60.111, 56.037, 53.217, 51.877, 50.56, 49.835, 49.719, 49.342, 47.593, 45.038, 47.195, 49.343, 50.715, 54.747, 56.685, 56.634, 56.439, 56.448, 56.386, 55.847, 55.209, 55.859, 55.476, 54.137, 53.33, 52.889, 53.229, 53.659, 53.106, 52.749, 51.49, 50.43, 50.378, 50.957, 51.494, 49.62], [38.611, 37.676, 36.612, 36.675, 39.054, 39.441, 32.596, 24.618, 17.252, 9.023, 0.0, 8.946, 12.808, 13.423, 14.161, 15.085, 16.839, 17.886, 18.587, 19.274, 20.35, 21.82, 24.224, 26.162, 27.25, 28.252, 28.823, 30.52, 31.418, 30.905, 32.479, 35.207, 37.41, 38.985, 39.431, 39.441, 39.837, 41.01, 40.492, 40.111, 41.675, 44.004, 47.689, 53.391, 58.694, 60.923, 59.269, 57.929, 58.743, 60.012, 60.728, 56.264, 53.1, 51.689, 50.24, 49.503, 49.355, 48.968, 46.908, 43.668, 45.588, 47.613, 49.024, 53.208, 55.135, 55.122, 54.933, 54.924, 54.825, 54.424, 53.764, 54.212, 53.839, 52.711, 52.174, 51.829, 52.144, 52.618, 52.173, 51.83, 50.655, 49.719, 49.624, 49.972, 50.624, 49.472], [41.14, 40.189, 39.077, 38.977, 40.942, 41.326, 35.322, 28.319, 22.28, 16.145, 8.946, 0.0, 5.535, 7.703, 10.024, 12.318, 15.036, 16.615, 17.307, 17.826, 18.585, 19.764, 21.963, 23.578, 24.65, 26.1, 27.17, 29.417, 30.509, 29.566, 30.749, 33.432, 35.435, 36.869, 37.287, 37.492, 38.273, 39.674, 39.421, 39.086, 40.374, 42.522, 46.13, 51.983, 58.214, 61.626, 60.362, 59.073, 59.744, 60.725, 61.127, 56.889, 53.953, 52.589, 51.191, 50.519, 50.365, 49.99, 47.9, 44.642, 46.772, 48.887, 50.231, 54.562, 56.549, 56.567, 56.397, 56.346, 56.22, 55.846, 55.044, 55.385, 55.031, 53.999, 53.599, 53.279, 53.555, 54.054, 53.649, 53.272, 52.109, 51.225, 51.167, 51.533, 52.264, 51.075], [41.735, 40.827, 39.804, 39.695, 41.274, 41.278, 35.507, 28.908, 23.438, 18.405, 12.808, 5.535, 0.0, 3.817, 7.578, 10.592, 13.526, 15.253, 15.852, 16.251, 16.916, 18.093, 20.372, 21.985, 23.115, 24.761, 26.083, 28.551, 29.796, 28.874, 29.538, 31.839, 33.735, 35.145, 35.563, 35.831, 36.66, 38.092, 38.197, 38.234, 39.444, 41.402, 44.826, 50.442, 56.761, 60.755, 59.884, 58.691, 59.32, 60.215, 60.588, 56.617, 53.933, 52.604, 51.275, 50.611, 50.454, 50.092, 48.202, 45.329, 47.719, 49.914, 51.141, 55.478, 57.526, 57.57, 57.417, 57.355, 57.223, 56.797, 55.937, 56.281, 55.929, 54.893, 54.486, 54.148, 54.401, 54.88, 54.452, 54.057, 52.87, 51.965, 51.953, 52.395, 53.112, 51.612], [42.367, 41.461, 40.477, 40.452, 42.023, 41.788, 35.748, 28.972, 23.446, 18.472, 13.423, 7.703, 3.817, 0.0, 4.538, 8.105, 11.228, 13.013, 13.659, 14.081, 14.85, 16.162, 18.634, 20.461, 21.681, 23.297, 24.675, 27.263, 28.62, 27.725, 28.379, 30.686, 32.57, 34.026, 34.455, 34.75, 35.611, 37.057, 37.234, 37.45, 38.847, 40.894, 44.353, 49.984, 56.259, 60.184, 59.363, 58.286, 58.974, 59.941, 60.418, 56.623, 54.073, 52.778, 51.503, 50.824, 50.647, 50.289, 48.536, 45.848, 48.218, 50.365, 51.554, 55.893, 57.944, 57.998, 57.867, 57.808, 57.671, 57.229, 56.356, 56.673, 56.321, 55.299, 54.903, 54.562, 54.816, 55.282, 54.846, 54.451, 53.239, 52.292, 52.29, 52.733, 53.427, 51.747], [43.378, 42.46, 41.512, 41.551, 43.118, 42.823, 36.515, 29.19, 23.295, 18.375, 14.161, 10.024, 7.578, 4.538, 0.0, 4.522, 8.515, 10.606, 11.332, 11.888, 12.849, 14.309, 17.048, 19.317, 20.908, 22.582, 23.949, 26.612, 28.01, 26.956, 27.486, 29.853, 31.7, 33.098, 33.495, 33.794, 34.681, 36.134, 36.294, 36.503, 38.077, 40.464, 44.161, 49.91, 56.233, 60.102, 59.266, 58.29, 59.117, 60.249, 60.836, 57.27, 54.904, 53.671, 52.429, 51.691, 51.52, 51.167, 49.48, 46.826, 49.115, 51.246, 52.422, 56.831, 58.931, 58.979, 58.876, 58.831, 58.688, 58.223, 57.317, 57.591, 57.242, 56.232, 55.834, 55.488, 55.766, 56.23, 55.782, 55.38, 54.146, 53.169, 53.194, 53.649, 54.34, 52.466], [44.272, 43.372, 42.474, 42.624, 44.319, 43.975, 37.371, 29.706, 23.486, 18.513, 15.085, 12.318, 10.592, 8.105, 4.522, 0.0, 4.753, 7.402, 8.411, 9.128, 10.271, 11.999, 14.939, 17.521, 19.553, 21.451, 22.89, 25.65, 27.099, 26.086, 26.863, 29.375, 31.119, 32.406, 32.756, 33.039, 33.953, 35.402, 35.485, 35.77, 37.638, 40.288, 44.16, 49.952, 56.025, 59.563, 58.663, 57.756, 58.738, 60.276, 61.23, 57.794, 55.382, 54.15, 52.904, 52.021, 51.82, 51.459, 49.775, 47.071, 49.18, 51.222, 52.39, 56.776, 58.836, 58.864, 58.797, 58.774, 58.625, 58.151, 57.2, 57.441, 57.093, 56.084, 55.677, 55.33, 55.647, 56.108, 55.635, 55.238, 53.999, 53.005, 53.042, 53.477, 54.151, 52.135], [45.399, 44.553, 43.74, 44.033, 45.812, 45.235, 38.349, 30.694, 24.511, 19.623, 16.839, 15.036, 13.526, 11.228, 8.515, 4.753, 0.0, 3.263, 4.945, 5.949, 7.43, 9.565, 12.728, 15.524, 17.958, 20.062, 21.61, 24.324, 25.786, 24.956, 25.96, 28.543, 30.151, 31.413, 31.747, 32.029, 32.946, 34.342, 34.398, 34.932, 37.16, 39.918, 43.837, 49.625, 55.408, 58.621, 57.692, 56.862, 57.945, 59.84, 61.323, 58.086, 55.554, 54.294, 53.08, 52.047, 51.762, 51.375, 49.724, 47.012, 48.812, 50.675, 51.803, 56.097, 58.059, 58.071, 58.058, 58.043, 57.887, 57.41, 56.429, 56.648, 56.334, 55.367, 54.972, 54.63, 54.966, 55.416, 54.933, 54.557, 53.308, 52.293, 52.33, 52.773, 53.441, 51.317], [45.859, 45.045, 44.292, 44.646, 46.396, 45.67, 38.717, 31.157, 25.068, 20.306, 17.886, 16.615, 15.253, 13.013, 10.606, 7.402, 3.263, 0.0, 2.385, 3.962, 5.967, 8.578, 12.067, 14.981, 17.501, 19.577, 21.12, 23.658, 25.008, 24.343, 25.423, 28.049, 29.663, 30.994, 31.368, 31.638, 32.51, 33.848, 33.904, 34.57, 36.937, 39.697, 43.573, 49.298, 54.906, 57.936, 56.969, 56.169, 57.282, 59.275, 61.011, 57.947, 55.401, 54.124, 52.91, 51.784, 51.446, 51.045, 49.427, 46.73, 48.355, 50.182, 51.314, 55.547, 57.474, 57.476, 57.49, 57.469, 57.307, 56.823, 55.834, 56.04, 55.731, 54.77, 54.38, 54.037, 54.375, 54.815, 54.339, 53.975, 52.712, 51.691, 51.742, 52.19, 52.876, 50.692], [45.762, 44.954, 44.253, 44.631, 46.27, 45.46, 38.619, 31.2, 25.234, 20.733, 18.587, 17.307, 15.852, 13.659, 11.332, 8.411, 4.945, 2.385, 0.0, 2.309, 5.038, 8.234, 12.143, 15.131, 17.527, 19.478, 21.026, 23.493, 24.724, 24.109, 25.038, 27.585, 29.244, 30.633, 31.048, 31.327, 32.188, 33.47, 33.563, 34.272, 36.6, 39.304, 43.105, 48.734, 54.325, 57.443, 56.523, 55.729, 56.837, 58.794, 60.513, 57.59, 55.174, 53.928, 52.726, 51.594, 51.257, 50.862, 49.329, 46.742, 48.404, 50.319, 51.461, 55.668, 57.607, 57.597, 57.609, 57.569, 57.399, 56.895, 55.87, 56.071, 55.749, 54.753, 54.331, 53.971, 54.309, 54.75, 54.269, 53.9, 52.61, 51.57, 51.642, 52.124, 52.851, 50.55], [45.911, 45.094, 44.402, 44.801, 46.444, 45.643, 38.882, 31.58, 25.735, 21.395, 19.274, 17.826, 16.251, 14.081, 11.888, 9.128, 5.949, 3.962, 2.309, 0.0, 3.384, 7.329, 11.653, 14.515, 16.657, 18.61, 20.255, 22.785, 23.978, 23.338, 24.321, 26.864, 28.481, 29.889, 30.307, 30.628, 31.567, 32.867, 32.996, 33.757, 36.089, 38.742, 42.506, 48.132, 53.768, 56.921, 56.044, 55.3, 56.401, 58.35, 60.057, 57.231, 54.931, 53.762, 52.657, 51.608, 51.284, 50.912, 49.503, 47.008, 48.708, 50.641, 51.794, 56.014, 57.937, 57.933, 57.948, 57.892, 57.714, 57.202, 56.132, 56.307, 55.962, 54.939, 54.513, 54.149, 54.487, 54.925, 54.429, 54.054, 52.753, 51.691, 51.765, 52.23, 52.956, 50.538], [46.483, 45.683, 44.989, 45.386, 47.082, 46.399, 39.807, 32.645, 26.939, 22.671, 20.35, 18.585, 16.916, 14.85, 12.849, 10.271, 7.43, 5.967, 5.038, 3.384, 0.0, 4.776, 9.708, 12.482, 14.544, 16.698, 18.522, 21.258, 22.573, 21.99, 23.094, 25.694, 27.236, 28.627, 29.035, 29.392, 30.438, 31.835, 32.017, 32.811, 35.149, 37.757, 41.499, 47.142, 52.814, 55.968, 55.111, 54.421, 55.508, 57.47, 59.198, 56.407, 54.14, 53.075, 52.173, 51.247, 50.926, 50.578, 49.264, 46.833, 48.553, 50.493, 51.635, 55.865, 57.791, 57.8, 57.825, 57.771, 57.587, 57.072, 55.966, 56.088, 55.712, 54.71, 54.328, 53.97, 54.299, 54.727, 54.225, 53.844, 52.541, 51.466, 51.548, 51.99, 52.706, 50.216], [48.108, 47.362, 46.68, 47.062, 48.789, 48.173, 41.714, 34.62, 28.938, 24.512, 21.82, 19.764, 18.093, 16.162, 14.309, 11.999, 9.565, 8.578, 8.234, 7.329, 4.776, 0.0, 5.6, 9.167, 12.143, 14.822, 16.937, 20.151, 21.94, 21.379, 22.548, 25.247, 26.592, 27.773, 28.072, 28.439, 29.544, 31.069, 31.309, 32.118, 34.498, 37.179, 41.052, 46.857, 52.662, 55.898, 55.075, 54.43, 55.49, 57.414, 59.129, 56.272, 53.939, 52.925, 52.165, 51.341, 51.032, 50.662, 49.287, 46.829, 48.542, 50.371, 51.397, 55.666, 57.609, 57.62, 57.655, 57.616, 57.433, 56.969, 55.876, 55.91, 55.609, 54.799, 54.531, 54.191, 54.512, 54.956, 54.472, 54.065, 52.767, 51.691, 51.769, 52.204, 52.95, 50.587], [50.77, 50.074, 49.375, 49.733, 51.557, 51.006, 44.555, 37.454, 31.799, 27.254, 24.224, 21.963, 20.372, 18.634, 17.048, 14.939, 12.728, 12.067, 12.143, 11.653, 9.708, 5.6, 0.0, 5.181, 10.386, 14.097, 16.731, 20.486, 22.74, 22.184, 23.48, 26.165, 27.119, 27.883, 27.995, 28.317, 29.519, 31.23, 31.498, 32.373, 34.917, 37.782, 41.867, 47.833, 53.686, 56.896, 56.141, 55.621, 56.67, 58.68, 60.455, 57.584, 55.14, 54.125, 53.378, 52.503, 52.162, 51.797, 50.286, 47.68, 49.237, 50.839, 51.717, 56.001, 57.927, 57.962, 58.015, 58.011, 57.822, 57.45, 56.351, 56.193, 55.919, 55.345, 55.251, 54.949, 55.279, 55.745, 55.256, 54.812, 53.524, 52.441, 52.502, 52.846, 53.612, 51.401], [52.26, 51.567, 50.801, 51.1, 53.04, 52.698, 46.461, 39.547, 34.039, 29.514, 26.162, 23.578, 21.985, 20.461, 19.317, 17.521, 15.524, 14.981, 15.131, 14.515, 12.482, 9.167, 5.181, 0.0, 6.88, 11.944, 15.29, 19.381, 21.62, 21.157, 22.921, 25.758, 26.533, 27.21, 27.33, 27.669, 29.167, 31.169, 31.472, 32.378, 34.952, 37.723, 41.756, 47.702, 53.476, 56.493, 55.742, 55.329, 56.335, 58.447, 60.28, 57.475, 55.025, 54.04, 53.396, 52.601, 52.196, 51.96, 50.628, 48.087, 49.591, 51.201, 52.108, 56.292, 58.143, 58.211, 58.295, 58.298, 58.089, 57.753, 56.577, 56.244, 55.841, 55.296, 55.327, 55.055, 55.348, 55.786, 55.283, 54.824, 53.549, 52.476, 52.522, 52.721, 53.467, 51.257], [51.878, 51.131, 50.29, 50.553, 52.58, 52.456, 46.684, 40.331, 35.172, 30.74, 27.25, 24.65, 23.115, 21.681, 20.908, 19.553, 17.958, 17.501, 17.527, 16.657, 14.544, 12.143, 10.386, 6.88, 0.0, 6.251, 10.781, 15.629, 17.817, 17.418, 20.123, 23.432, 24.313, 25.222, 25.521, 25.992, 27.807, 30.044, 30.336, 31.225, 33.66, 35.988, 39.658, 45.567, 51.308, 53.979, 53.094, 52.745, 53.678, 55.754, 57.444, 54.705, 52.573, 51.746, 51.302, 50.831, 50.432, 50.357, 49.692, 47.707, 49.445, 51.209, 52.271, 56.423, 58.202, 58.304, 58.393, 58.38, 58.152, 57.848, 56.691, 56.299, 55.784, 55.164, 55.227, 54.974, 55.232, 55.619, 55.12, 54.676, 53.421, 52.373, 52.412, 52.498, 53.188, 50.92], [51.447, 50.672, 49.853, 50.128, 52.072, 51.882, 46.379, 40.516, 35.704, 31.484, 28.252, 26.1, 24.761, 23.297, 22.582, 21.451, 20.062, 19.577, 19.478, 18.61, 16.698, 14.822, 14.097, 11.944, 6.251, 0.0, 5.952, 11.88, 14.353, 14.187, 17.497, 21.224, 22.34, 23.521, 24.009, 24.595, 26.521, 28.775, 29.05, 29.975, 32.313, 34.247, 37.513, 43.296, 48.965, 51.364, 50.321, 49.986, 50.893, 52.918, 54.545, 51.928, 50.116, 49.479, 49.214, 48.9, 48.519, 48.471, 48.383, 47.149, 49.24, 51.184, 52.308, 56.462, 58.248, 58.347, 58.429, 58.409, 58.184, 57.884, 56.753, 56.378, 55.865, 55.232, 55.279, 55.02, 55.261, 55.62, 55.119, 54.686, 53.454, 52.435, 52.477, 52.554, 53.181, 50.799], [51.462, 50.689, 49.914, 50.237, 52.196, 51.933, 46.413, 40.734, 36.029, 31.846, 28.823, 27.17, 26.083, 24.675, 23.949, 22.89, 21.61, 21.12, 21.026, 20.255, 18.522, 16.937, 16.731, 15.29, 10.781, 5.952, 0.0, 6.761, 10.182, 10.744, 14.87, 19.14, 20.718, 22.352, 23.028, 23.707, 25.667, 27.911, 28.101, 29.059, 31.418, 33.131, 36.181, 41.895, 47.352, 49.477, 48.269, 47.866, 48.783, 50.88, 52.659, 50.059, 48.268, 47.696, 47.58, 47.343, 46.987, 46.881, 46.961, 46.194, 48.686, 50.793, 51.91, 55.975, 57.761, 57.87, 57.935, 57.91, 57.692, 57.361, 56.234, 55.88, 55.406, 54.776, 54.793, 54.521, 54.724, 55.057, 54.585, 54.18, 52.978, 51.992, 52.028, 52.113, 52.681, 50.275], [52.05, 51.297, 50.62, 51.054, 52.976, 52.504, 47.018, 41.678, 37.192, 33.183, 30.52, 29.417, 28.551, 27.263, 26.612, 25.65, 24.324, 23.658, 23.493, 22.785, 21.258, 20.151, 20.486, 19.381, 15.629, 11.88, 6.761, 0.0, 5.007, 8.162, 13.201, 17.891, 20.091, 22.377, 23.357, 24.124, 25.939, 27.975, 28.1, 29.183, 31.472, 32.785, 35.5, 40.99, 45.949, 47.6, 46.233, 45.759, 46.67, 48.914, 51.037, 48.664, 46.966, 46.393, 46.463, 46.323, 45.973, 45.809, 46.066, 45.801, 48.652, 51.052, 52.205, 55.952, 57.67, 57.782, 57.852, 57.824, 57.606, 57.183, 56.046, 55.727, 55.277, 54.61, 54.572, 54.276, 54.404, 54.681, 54.268, 53.92, 52.74, 51.777, 51.821, 51.928, 52.449, 49.957], [52.178, 51.428, 50.757, 51.18, 53.068, 52.606, 47.22, 41.991, 37.598, 33.812, 31.418, 30.509, 29.796, 28.62, 28.01, 27.099, 25.786, 25.008, 24.724, 23.978, 22.573, 21.94, 22.74, 21.62, 17.817, 14.353, 10.182, 5.007, 0.0, 6.047, 12.168, 17.171, 19.652, 22.232, 23.408, 24.216, 26.019, 27.955, 28.007, 29.014, 31.197, 32.344, 34.906, 40.204, 44.888, 46.248, 44.75, 44.235, 45.141, 47.464, 49.71, 47.617, 46.169, 45.625, 45.783, 45.788, 45.452, 45.318, 45.707, 45.547, 48.485, 51.19, 52.578, 56.278, 57.965, 58.055, 58.139, 58.113, 57.885, 57.396, 56.207, 55.908, 55.382, 54.637, 54.599, 54.292, 54.401, 54.656, 54.244, 53.916, 52.727, 51.76, 51.825, 51.953, 52.473, 49.87], [53.077, 52.314, 51.55, 51.833, 53.733, 53.644, 48.369, 42.656, 37.779, 33.649, 30.905, 29.566, 28.874, 27.725, 26.956, 26.086, 24.956, 24.343, 24.109, 23.338, 21.99, 21.379, 22.184, 21.157, 17.418, 14.187, 10.744, 8.162, 6.047, 0.0, 8.72, 14.884, 17.236, 19.711, 20.797, 21.762, 23.951, 26.108, 26.071, 26.685, 28.919, 30.662, 33.908, 39.925, 45.637, 47.781, 46.437, 45.982, 46.864, 48.936, 50.847, 48.919, 47.836, 47.395, 47.433, 47.48, 47.252, 47.114, 47.263, 46.486, 49.231, 51.801, 53.281, 57.481, 59.279, 59.366, 59.443, 59.397, 59.144, 58.684, 57.458, 57.17, 56.678, 55.971, 55.994, 55.729, 55.923, 56.229, 55.774, 55.396, 54.17, 53.161, 53.223, 53.376, 53.994, 51.468], [53.608, 52.918, 52.282, 52.441, 53.715, 53.472, 48.714, 43.051, 38.263, 34.706, 32.479, 30.749, 29.538, 28.379, 27.486, 26.863, 25.96, 25.423, 25.038, 24.321, 23.094, 22.548, 23.48, 22.921, 20.123, 17.497, 14.87, 13.201, 12.168, 8.72, 0.0, 7.045, 10.321, 13.609, 15.035, 16.007, 18.263, 20.414, 20.923, 21.735, 23.521, 25.393, 29.08, 35.479, 42.476, 46.522, 45.943, 45.593, 46.405, 48.03, 49.659, 48.486, 48.195, 47.941, 48.112, 48.126, 48.002, 47.887, 48.106, 47.505, 50.555, 53.443, 54.738, 59.189, 61.369, 61.481, 61.555, 61.498, 61.22, 60.662, 59.395, 59.224, 58.773, 58.036, 57.996, 57.699, 57.9, 58.193, 57.659, 57.231, 55.887, 54.75, 54.903, 55.381, 56.109, 53.061], [54.17, 53.572, 53.068, 53.166, 54.006, 53.576, 49.238, 43.938, 39.611, 36.816, 35.207, 33.432, 31.839, 30.686, 29.853, 29.375, 28.543, 28.049, 27.585, 26.864, 25.694, 25.247, 26.165, 25.758, 23.432, 21.224, 19.14, 17.891, 17.171, 14.884, 7.045, 0.0, 5.078, 9.434, 11.262, 12.048, 14.05, 16.06, 17.204, 18.653, 20.005, 21.507, 25.21, 31.581, 39.233, 44.495, 44.611, 44.492, 45.248, 46.614, 48.146, 47.675, 48.053, 47.978, 48.364, 48.417, 48.35, 48.303, 48.748, 48.498, 51.812, 54.9, 56.038, 60.484, 62.86, 63.046, 63.13, 63.083, 62.798, 62.193, 60.923, 60.796, 60.3, 59.503, 59.414, 59.084, 59.279, 59.547, 58.941, 58.488, 57.061, 55.81, 56.04, 56.746, 57.492, 53.904], [56.057, 55.496, 55.007, 55.066, 55.807, 55.35, 51.061, 45.765, 41.59, 38.989, 37.41, 35.435, 33.735, 32.57, 31.7, 31.119, 30.151, 29.663, 29.244, 28.481, 27.236, 26.592, 27.119, 26.533, 24.313, 22.34, 20.718, 20.091, 19.652, 17.236, 10.321, 5.078, 0.0, 4.803, 6.886, 8.162, 11.156, 13.566, 15.036, 16.879, 18.423, 20.131, 24.076, 30.702, 38.863, 44.504, 44.913, 45.103, 45.892, 47.241, 48.816, 48.836, 49.606, 49.666, 50.167, 50.262, 50.194, 50.179, 50.664, 50.398, 53.633, 56.544, 57.591, 62.098, 64.443, 64.658, 64.778, 64.739, 64.457, 63.91, 62.638, 62.467, 61.987, 61.251, 61.198, 60.872, 61.095, 61.377, 60.736, 60.249, 58.786, 57.467, 57.708, 58.482, 59.248, 55.42], [57.462, 56.934, 56.45, 56.462, 57.132, 56.687, 52.421, 47.057, 42.974, 40.531, 38.985, 36.869, 35.145, 34.026, 33.098, 32.406, 31.413, 30.994, 30.633, 29.889, 28.627, 27.773, 27.883, 27.21, 25.222, 23.521, 22.352, 22.377, 22.232, 19.711, 13.609, 9.434, 4.803, 0.0, 2.531, 4.631, 8.887, 11.786, 13.546, 15.566, 17.238, 19.355, 23.555, 30.32, 38.854, 44.805, 45.424, 45.826, 46.661, 47.998, 49.507, 49.86, 50.992, 51.154, 51.718, 51.855, 51.803, 51.814, 52.269, 51.925, 55.128, 57.927, 58.941, 63.57, 65.922, 66.137, 66.267, 66.263, 65.994, 65.519, 64.302, 64.117, 63.666, 62.992, 62.948, 62.614, 62.873, 63.179, 62.51, 61.987, 60.502, 59.145, 59.393, 60.218, 60.999, 57.053], [58.017, 57.512, 57.013, 57.007, 57.696, 57.268, 52.937, 47.482, 43.389, 40.965, 39.431, 37.287, 35.563, 34.455, 33.495, 32.756, 31.747, 31.368, 31.048, 30.307, 29.035, 28.072, 27.995, 27.33, 25.521, 24.009, 23.028, 23.357, 23.408, 20.797, 15.035, 11.262, 6.886, 2.531, 0.0, 3.315, 8.27, 11.369, 13.193, 15.248, 17.081, 19.483, 23.839, 30.689, 39.341, 45.375, 46.06, 46.538, 47.386, 48.708, 50.19, 50.584, 51.774, 51.982, 52.583, 52.753, 52.712, 52.719, 53.118, 52.636, 55.727, 58.389, 59.383, 64.089, 66.431, 66.65, 66.776, 66.778, 66.519, 66.081, 64.898, 64.721, 64.298, 63.641, 63.586, 63.251, 63.535, 63.861, 63.179, 62.638, 61.148, 59.78, 60.027, 60.87, 61.66, 57.718], [57.734, 57.259, 56.774, 56.765, 57.483, 57.091, 52.748, 47.263, 43.191, 40.834, 39.441, 37.492, 35.831, 34.75, 33.794, 33.039, 32.029, 31.638, 31.327, 30.628, 29.392, 28.439, 28.317, 27.669, 25.992, 24.595, 23.707, 24.124, 24.216, 21.762, 16.007, 12.048, 8.162, 4.631, 3.315, 0.0, 5.581, 9.258, 11.237, 13.452, 15.468, 18.138, 22.666, 29.583, 38.222, 44.359, 45.129, 45.629, 46.463, 47.784, 49.291, 49.706, 50.994, 51.22, 51.866, 52.066, 52.059, 52.112, 52.519, 51.969, 55.037, 57.76, 58.771, 63.527, 65.943, 66.182, 66.304, 66.326, 66.068, 65.699, 64.629, 64.459, 64.012, 63.345, 63.275, 62.933, 63.221, 63.542, 62.855, 62.312, 60.812, 59.433, 59.706, 60.581, 61.357, 57.399], [57.078, 56.688, 56.322, 56.374, 57.054, 56.58, 52.272, 46.881, 42.978, 40.862, 39.837, 38.273, 36.66, 35.611, 34.681, 33.953, 32.946, 32.51, 32.188, 31.567, 30.438, 29.544, 29.519, 29.167, 27.807, 26.521, 25.667, 25.939, 26.019, 23.951, 18.263, 14.05, 11.156, 8.887, 8.27, 5.581, 0.0, 4.501, 7.349, 10.503, 12.729, 15.615, 20.25, 27.109, 35.6, 41.994, 43.003, 43.526, 44.331, 45.531, 47.106, 47.638, 49.219, 49.475, 50.198, 50.459, 50.554, 50.622, 51.102, 50.662, 53.861, 56.727, 57.737, 62.564, 65.108, 65.38, 65.493, 65.559, 65.317, 65.005, 64.198, 64.146, 63.722, 63.062, 62.934, 62.568, 62.852, 63.159, 62.495, 61.975, 60.462, 59.068, 59.384, 60.377, 61.12, 57.172], [57.111, 56.79, 56.55, 56.706, 57.297, 56.639, 52.379, 47.19, 43.531, 41.706, 41.01, 39.674, 38.092, 37.057, 36.134, 35.402, 34.342, 33.848, 33.47, 32.867, 31.835, 31.069, 31.23, 31.169, 30.044, 28.775, 27.911, 27.975, 27.955, 26.108, 20.414, 16.06, 13.566, 11.786, 11.369, 9.258, 4.501, 0.0, 4.611, 9.055, 11.426, 14.227, 18.694, 25.369, 33.917, 40.681, 41.935, 42.515, 43.316, 44.369, 46.02, 46.905, 48.816, 49.137, 49.988, 50.297, 50.45, 50.501, 51.086, 50.874, 54.187, 57.12, 58.101, 62.926, 65.5, 65.761, 65.876, 65.95, 65.72, 65.379, 64.66, 64.741, 64.374, 63.686, 63.479, 63.084, 63.377, 63.683, 63.028, 62.527, 60.974, 59.535, 59.867, 60.992, 61.731, 57.654], [56.819, 56.501, 56.242, 56.466, 57.385, 57.032, 52.653, 47.309, 43.464, 41.335, 40.492, 39.421, 38.197, 37.234, 36.294, 35.485, 34.398, 33.904, 33.563, 32.996, 32.017, 31.309, 31.498, 31.472, 30.336, 29.05, 28.101, 28.1, 28.007, 26.071, 20.923, 17.204, 15.036, 13.546, 13.193, 11.237, 7.349, 4.611, 0.0, 5.515, 9.395, 13.115, 18.197, 25.53, 34.21, 40.505, 41.439, 41.978, 42.796, 43.945, 45.657, 46.4, 48.24, 48.556, 49.423, 49.79, 49.955, 50.02, 50.531, 50.143, 53.365, 56.268, 57.322, 62.165, 64.695, 64.96, 65.074, 65.155, 64.919, 64.644, 63.969, 64.02, 63.659, 62.993, 62.799, 62.412, 62.726, 63.056, 62.425, 61.922, 60.359, 58.905, 59.214, 60.319, 61.095, 57.193], [56.806, 56.488, 56.176, 56.331, 57.399, 57.611, 53.522, 47.977, 43.783, 41.259, 40.111, 39.086, 38.234, 37.45, 36.503, 35.77, 34.932, 34.57, 34.272, 33.757, 32.811, 32.118, 32.373, 32.378, 31.225, 29.975, 29.059, 29.183, 29.014, 26.685, 21.735, 18.653, 16.879, 15.566, 15.248, 13.452, 10.503, 9.055, 5.515, 0.0, 5.787, 11.497, 17.76, 25.976, 35.281, 41.5, 42.085, 42.457, 43.225, 44.255, 45.645, 46.183, 48.105, 48.474, 49.307, 49.75, 49.959, 50.038, 50.406, 49.77, 53.039, 56.079, 57.221, 62.163, 64.751, 65.006, 65.102, 65.18, 64.943, 64.735, 64.091, 64.117, 63.772, 63.163, 63.008, 62.627, 62.952, 63.31, 62.693, 62.165, 60.589, 59.131, 59.424, 60.482, 61.325, 57.676], [56.857, 56.584, 56.344, 56.41, 57.114, 57.475, 54.27, 49.323, 45.334, 42.918, 41.675, 40.374, 39.444, 38.847, 38.077, 37.638, 37.16, 36.937, 36.6, 36.089, 35.149, 34.498, 34.917, 34.952, 33.66, 32.313, 31.418, 31.472, 31.197, 28.919, 23.521, 20.005, 18.423, 17.238, 17.081, 15.468, 12.729, 11.426, 9.395, 5.787, 0.0, 7.191, 14.645, 23.639, 34.014, 41.172, 42.003, 42.281, 42.867, 43.39, 44.219, 45.042, 47.57, 48.098, 49.056, 49.624, 49.9, 50.032, 50.561, 50.242, 53.949, 57.359, 58.478, 63.387, 66.115, 66.368, 66.436, 66.514, 66.285, 66.071, 65.452, 65.518, 65.177, 64.579, 64.421, 64.008, 64.287, 64.63, 64.014, 63.486, 61.892, 60.416, 60.735, 61.885, 62.769, 59.033], [56.222, 56.013, 55.912, 56.003, 56.374, 56.557, 54.223, 50.55, 47.374, 45.293, 44.004, 42.522, 41.402, 40.894, 40.464, 40.288, 39.918, 39.697, 39.304, 38.742, 37.757, 37.179, 37.782, 37.723, 35.988, 34.247, 33.131, 32.785, 32.344, 30.662, 25.393, 21.507, 20.131, 19.355, 19.483, 18.138, 15.615, 14.227, 13.115, 11.497, 7.191, 0.0, 8.478, 18.608, 29.988, 37.963, 39.122, 39.422, 39.777, 39.825, 40.376, 41.767, 45.149, 45.94, 47.352, 48.331, 48.669, 48.878, 49.88, 50.364, 54.621, 58.356, 59.444, 64.088, 66.785, 67.058, 67.117, 67.19, 66.978, 66.776, 66.252, 66.37, 65.987, 65.321, 65.119, 64.675, 64.855, 65.134, 64.562, 64.084, 62.498, 61.022, 61.339, 62.572, 63.42, 59.472], [55.803, 55.657, 55.686, 55.778, 55.794, 55.715, 54.097, 51.742, 49.848, 48.664, 47.689, 46.13, 44.826, 44.353, 44.161, 44.16, 43.837, 43.573, 43.105, 42.506, 41.499, 41.052, 41.867, 41.756, 39.658, 37.513, 36.181, 35.5, 34.906, 33.908, 29.08, 25.21, 24.076, 23.555, 23.839, 22.666, 20.25, 18.694, 18.197, 17.76, 14.645, 8.478, 0.0, 11.016, 23.675, 33.018, 34.721, 35.146, 35.265, 34.684, 35.057, 37.727, 42.514, 43.696, 45.786, 47.364, 47.795, 48.086, 49.723, 51.322, 56.195, 60.234, 61.352, 65.704, 68.298, 68.584, 68.648, 68.731, 68.56, 68.369, 67.999, 68.244, 67.81, 66.971, 66.633, 66.146, 66.239, 66.433, 65.897, 65.447, 63.858, 62.395, 62.706, 64.019, 64.745, 60.39], [56.693, 56.655, 56.851, 56.897, 56.381, 55.942, 55.063, 53.879, 53.351, 53.527, 53.391, 51.983, 50.442, 49.984, 49.91, 49.952, 49.625, 49.298, 48.734, 48.132, 47.142, 46.857, 47.833, 47.702, 45.567, 43.296, 41.895, 40.99, 40.204, 39.925, 35.479, 31.581, 30.702, 30.32, 30.689, 29.583, 27.109, 25.369, 25.53, 25.976, 23.639, 18.608, 11.016, 0.0, 14.487, 26.7, 29.688, 30.345, 30.212, 28.928, 29.367, 34.27, 40.821, 42.419, 45.22, 47.281, 47.832, 48.196, 50.498, 53.499, 59.037, 63.449, 64.58, 68.59, 71.149, 71.425, 71.501, 71.617, 71.505, 71.235, 70.955, 71.371, 70.88, 69.835, 69.31, 68.75, 68.769, 68.879, 68.327, 67.885, 66.291, 64.835, 65.175, 66.61, 67.176, 62.203], [58.196, 58.258, 58.597, 58.797, 58.292, 57.501, 56.808, 56.459, 56.827, 57.88, 58.694, 58.214, 56.761, 56.259, 56.233, 56.025, 55.408, 54.906, 54.325, 53.768, 52.814, 52.662, 53.686, 53.476, 51.308, 48.965, 47.352, 45.949, 44.888, 45.637, 42.476, 39.233, 38.863, 38.854, 39.341, 38.222, 35.6, 33.917, 34.21, 35.281, 34.014, 29.988, 23.675, 14.487, 0.0, 15.137, 20.119, 21.231, 21.007, 20.517, 23.263, 30.119, 37.669, 39.489, 42.956, 45.421, 46.083, 46.476, 49.468, 53.962, 59.9, 64.522, 65.711, 69.066, 71.444, 71.74, 71.844, 72.034, 71.997, 71.7, 71.661, 72.208, 71.617, 70.399, 69.704, 69.076, 68.993, 68.984, 68.485, 68.134, 66.644, 65.287, 65.621, 66.989, 67.285, 61.977], [59.612, 59.673, 60.015, 60.482, 60.719, 60.017, 58.774, 58.51, 58.907, 59.775, 60.923, 61.626, 60.755, 60.184, 60.102, 59.563, 58.621, 57.936, 57.443, 56.921, 55.968, 55.898, 56.896, 56.493, 53.979, 51.364, 49.477, 47.6, 46.248, 47.781, 46.522, 44.495, 44.504, 44.805, 45.375, 44.359, 41.994, 40.681, 40.505, 41.5, 41.172, 37.963, 33.018, 26.7, 15.137, 0.0, 7.452, 10.824, 11.265, 15.034, 21.477, 28.25, 35.445, 37.314, 41.155, 43.901, 44.526, 44.96, 48.478, 53.545, 59.212, 63.713, 65.111, 67.836, 69.8, 70.136, 70.282, 70.56, 70.588, 70.399, 70.613, 71.079, 70.327, 69.037, 68.31, 67.672, 67.547, 67.468, 67.044, 66.829, 65.514, 64.286, 64.532, 65.524, 65.532, 60.345], [58.231, 58.258, 58.557, 59.103, 59.761, 59.342, 57.799, 57.371, 57.613, 58.209, 59.269, 60.362, 59.884, 59.363, 59.266, 58.663, 57.692, 56.969, 56.523, 56.044, 55.111, 55.075, 56.141, 55.742, 53.094, 50.321, 48.269, 46.233, 44.75, 46.437, 45.943, 44.611, 44.913, 45.424, 46.06, 45.129, 43.003, 41.935, 41.439, 42.085, 42.003, 39.122, 34.721, 29.688, 20.119, 7.452, 0.0, 5.341, 7.095, 13.638, 20.997, 26.452, 32.978, 34.834, 38.775, 41.72, 42.362, 42.785, 46.247, 51.179, 56.709, 61.224, 62.774, 65.432, 67.239, 67.55, 67.711, 67.998, 68.047, 67.919, 68.218, 68.657, 67.881, 66.605, 65.904, 65.282, 65.147, 65.074, 64.723, 64.566, 63.364, 62.245, 62.431, 63.274, 63.208, 58.411], [56.589, 56.618, 56.921, 57.466, 58.174, 57.849, 56.383, 56.063, 56.334, 56.904, 57.929, 59.073, 58.691, 58.286, 58.29, 57.756, 56.862, 56.169, 55.729, 55.3, 54.421, 54.43, 55.621, 55.329, 52.745, 49.986, 47.866, 45.759, 44.235, 45.982, 45.593, 44.492, 45.103, 45.826, 46.538, 45.629, 43.526, 42.515, 41.978, 42.457, 42.281, 39.422, 35.146, 30.345, 21.231, 10.824, 5.341, 0.0, 3.88, 12.044, 19.855, 24.178, 30.22, 31.957, 35.936, 39.1, 39.863, 40.25, 43.628, 48.676, 54.405, 59.102, 60.723, 63.359, 65.171, 65.447, 65.603, 65.888, 65.958, 65.81, 66.165, 66.684, 65.927, 64.648, 63.935, 63.318, 63.147, 63.072, 62.794, 62.657, 61.53, 60.552, 60.722, 61.585, 61.515, 57.066], [57.089, 57.152, 57.451, 57.938, 58.563, 58.281, 57.102, 56.992, 57.322, 57.852, 58.743, 59.744, 59.32, 58.974, 59.117, 58.738, 57.945, 57.282, 56.837, 56.401, 55.508, 55.49, 56.67, 56.335, 53.678, 50.893, 48.783, 46.67, 45.141, 46.864, 46.405, 45.248, 45.892, 46.661, 47.386, 46.463, 44.331, 43.316, 42.796, 43.225, 42.867, 39.777, 35.265, 30.212, 21.007, 11.265, 7.095, 3.88, 0.0, 9.127, 17.427, 22.4, 29.184, 31.022, 35.209, 38.622, 39.421, 39.859, 43.402, 48.702, 54.687, 59.548, 61.173, 63.768, 65.597, 65.889, 66.028, 66.304, 66.374, 66.243, 66.638, 67.16, 66.407, 65.146, 64.448, 63.837, 63.662, 63.592, 63.315, 63.156, 62.028, 61.056, 61.249, 62.149, 62.11, 57.755], [57.122, 57.296, 57.632, 57.939, 58.159, 57.93, 57.499, 57.871, 58.504, 59.219, 60.012, 60.725, 60.215, 59.941, 60.249, 60.276, 59.84, 59.275, 58.794, 58.35, 57.47, 57.414, 58.68, 58.447, 55.754, 52.918, 50.88, 48.914, 47.464, 48.936, 48.03, 46.614, 47.241, 47.998, 48.708, 47.784, 45.531, 44.369, 43.945, 44.255, 43.39, 39.825, 34.684, 28.928, 20.517, 15.034, 13.638, 12.044, 9.127, 0.0, 9.977, 18.161, 27.592, 29.932, 34.635, 38.703, 39.644, 40.147, 43.962, 49.624, 56.063, 61.139, 62.732, 65.431, 67.364, 67.66, 67.756, 67.973, 68.043, 67.886, 68.323, 68.97, 68.294, 67.072, 66.368, 65.757, 65.6, 65.564, 65.265, 65.045, 63.869, 62.836, 63.077, 64.293, 64.356, 60.079], [57.217, 57.394, 57.687, 57.732, 57.526, 57.485, 57.847, 58.561, 59.328, 60.111, 60.728, 61.127, 60.588, 60.418, 60.836, 61.23, 61.323, 61.011, 60.513, 60.057, 59.198, 59.129, 60.455, 60.28, 57.444, 54.545, 52.659, 51.037, 49.71, 50.847, 49.659, 48.146, 48.816, 49.507, 50.19, 49.291, 47.106, 46.02, 45.657, 45.645, 44.219, 40.376, 35.057, 29.367, 23.263, 21.477, 20.997, 19.855, 17.427, 9.977, 0.0, 14.205, 27.026, 29.903, 34.74, 39.405, 40.545, 41.183, 45.19, 51.072, 58.05, 63.349, 64.946, 67.784, 69.847, 70.134, 70.121, 70.319, 70.389, 70.302, 70.752, 71.398, 70.733, 69.506, 68.81, 68.215, 68.064, 68.073, 67.752, 67.454, 66.21, 65.128, 65.358, 66.592, 66.837, 62.807], [54.042, 54.192, 54.315, 54.416, 55.063, 55.549, 55.42, 55.734, 55.968, 56.037, 56.264, 56.889, 56.617, 56.623, 57.27, 57.794, 58.086, 57.947, 57.59, 57.231, 56.407, 56.272, 57.584, 57.475, 54.705, 51.928, 50.059, 48.664, 47.617, 48.919, 48.486, 47.675, 48.836, 49.86, 50.584, 49.706, 47.638, 46.905, 46.4, 46.183, 45.042, 41.767, 37.727, 34.27, 30.119, 28.25, 26.452, 24.178, 22.4, 18.161, 14.205, 0.0, 14.557, 18.147, 23.541, 29.473, 30.946, 31.656, 35.747, 41.938, 49.224, 54.508, 56.083, 58.65, 60.634, 60.88, 60.792, 61.0, 61.107, 61.118, 61.872, 62.622, 62.078, 61.024, 60.359, 59.816, 59.614, 59.631, 59.47, 59.18, 58.16, 57.412, 57.58, 58.684, 58.984, 57.01], [52.858, 52.959, 52.888, 53.166, 54.837, 55.656, 54.518, 54.159, 53.811, 53.217, 53.1, 53.953, 53.933, 54.073, 54.904, 55.382, 55.554, 55.401, 55.174, 54.931, 54.14, 53.939, 55.14, 55.025, 52.573, 50.116, 48.268, 46.966, 46.169, 47.836, 48.195, 48.053, 49.606, 50.992, 51.774, 50.994, 49.219, 48.816, 48.24, 48.105, 47.57, 45.149, 42.514, 40.821, 37.669, 35.445, 32.978, 30.22, 29.184, 27.592, 27.026, 14.557, 0.0, 5.471, 12.401, 19.332, 21.099, 21.793, 25.69, 32.062, 39.07, 44.257, 45.71, 47.914, 49.888, 50.088, 50.015, 50.193, 50.336, 50.297, 51.088, 51.882, 51.448, 50.66, 50.147, 49.661, 49.397, 49.388, 49.352, 49.096, 48.415, 48.137, 48.243, 49.295, 49.466, 49.496], [51.97, 52.055, 51.944, 52.265, 54.12, 54.944, 53.546, 53.04, 52.592, 51.877, 51.689, 52.589, 52.604, 52.778, 53.671, 54.15, 54.294, 54.124, 53.928, 53.762, 53.075, 52.925, 54.125, 54.04, 51.746, 49.479, 47.696, 46.393, 45.625, 47.395, 47.941, 47.978, 49.666, 51.154, 51.982, 51.22, 49.475, 49.137, 48.556, 48.474, 48.098, 45.94, 43.696, 42.419, 39.489, 37.314, 34.834, 31.957, 31.022, 29.932, 29.903, 18.147, 5.471, 0.0, 8.092, 15.656, 17.576, 18.295, 22.133, 28.86, 36.202, 41.631, 43.142, 45.285, 47.271, 47.468, 47.411, 47.6, 47.753, 47.705, 48.532, 49.335, 48.899, 48.14, 47.669, 47.198, 46.921, 46.909, 46.916, 46.671, 46.053, 45.875, 45.97, 46.995, 47.131, 47.45], [51.744, 51.802, 51.612, 51.904, 53.918, 54.907, 53.32, 52.416, 51.576, 50.56, 50.24, 51.191, 51.275, 51.503, 52.429, 52.904, 53.08, 52.91, 52.726, 52.657, 52.173, 52.165, 53.378, 53.396, 51.302, 49.214, 47.58, 46.463, 45.783, 47.433, 48.112, 48.364, 50.167, 51.718, 52.583, 51.866, 50.198, 49.988, 49.423, 49.307, 49.056, 47.352, 45.786, 45.22, 42.956, 41.155, 38.775, 35.936, 35.209, 34.635, 34.74, 23.541, 12.401, 8.092, 0.0, 9.213, 11.95, 12.765, 16.949, 24.309, 32.193, 37.949, 39.471, 41.632, 43.722, 43.902, 43.84, 44.037, 44.195, 44.178, 45.045, 45.839, 45.478, 44.857, 44.486, 44.068, 43.836, 43.872, 43.893, 43.605, 43.079, 43.065, 43.185, 44.144, 44.341, 45.439], [52.111, 52.156, 51.992, 52.372, 54.41, 55.317, 53.541, 52.283, 51.063, 49.835, 49.503, 50.519, 50.611, 50.824, 51.691, 52.021, 52.047, 51.784, 51.594, 51.608, 51.247, 51.341, 52.503, 52.601, 50.831, 48.9, 47.343, 46.323, 45.788, 47.48, 48.126, 48.417, 50.262, 51.855, 52.753, 52.066, 50.459, 50.297, 49.79, 49.75, 49.624, 48.331, 47.364, 47.281, 45.421, 43.901, 41.72, 39.1, 38.622, 38.703, 39.405, 29.473, 19.332, 15.656, 9.213, 0.0, 4.272, 5.55, 11.235, 19.948, 28.06, 34.239, 35.473, 37.558, 40.058, 40.248, 40.216, 40.473, 40.628, 40.512, 41.245, 41.953, 41.631, 41.158, 40.926, 40.534, 40.403, 40.469, 40.386, 40.095, 39.584, 39.606, 39.851, 40.841, 41.054, 42.143], [52.184, 52.231, 52.075, 52.497, 54.578, 55.429, 53.573, 52.281, 51.01, 49.719, 49.355, 50.365, 50.454, 50.647, 51.52, 51.82, 51.762, 51.446, 51.257, 51.284, 50.926, 51.032, 52.162, 52.196, 50.432, 48.519, 46.987, 45.973, 45.452, 47.252, 48.002, 48.35, 50.194, 51.803, 52.712, 52.059, 50.554, 50.45, 49.955, 49.959, 49.9, 48.669, 47.795, 47.832, 46.083, 44.526, 42.362, 39.863, 39.421, 39.644, 40.545, 30.946, 21.099, 17.576, 11.95, 4.272, 0.0, 3.498, 10.404, 19.587, 27.615, 33.797, 34.973, 36.807, 39.244, 39.426, 39.398, 39.663, 39.804, 39.661, 40.3, 40.943, 40.581, 40.093, 39.884, 39.489, 39.366, 39.433, 39.332, 39.057, 38.522, 38.504, 38.771, 39.755, 39.973, 40.96], [52.123, 52.172, 52.02, 52.44, 54.488, 55.26, 53.302, 51.965, 50.661, 49.342, 48.968, 49.99, 50.092, 50.289, 51.167, 51.459, 51.375, 51.045, 50.862, 50.912, 50.578, 50.662, 51.797, 51.96, 50.357, 48.471, 46.881, 45.809, 45.318, 47.114, 47.887, 48.303, 50.179, 51.814, 52.719, 52.112, 50.622, 50.501, 50.02, 50.038, 50.032, 48.878, 48.086, 48.196, 46.476, 44.96, 42.785, 40.25, 39.859, 40.147, 41.183, 31.656, 21.793, 18.295, 12.765, 5.55, 3.498, 0.0, 8.374, 18.468, 26.795, 33.0, 34.146, 35.97, 38.421, 38.597, 38.563, 38.829, 38.982, 38.801, 39.493, 40.267, 40.027, 39.564, 39.332, 38.927, 38.8, 38.876, 38.815, 38.547, 38.016, 38.009, 38.257, 39.302, 39.531, 40.601], [51.938, 51.974, 51.735, 52.104, 54.371, 55.304, 52.889, 51.019, 49.309, 47.593, 46.908, 47.9, 48.202, 48.536, 49.48, 49.775, 49.724, 49.427, 49.329, 49.503, 49.264, 49.287, 50.286, 50.628, 49.692, 48.383, 46.961, 46.066, 45.707, 47.263, 48.106, 48.748, 50.664, 52.269, 53.118, 52.519, 51.102, 51.086, 50.531, 50.406, 50.561, 49.88, 49.723, 50.498, 49.468, 48.478, 46.247, 43.628, 43.402, 43.962, 45.19, 35.747, 25.69, 22.133, 16.949, 11.235, 10.404, 8.374, 0.0, 12.041, 21.861, 28.62, 29.836, 31.961, 34.675, 34.858, 34.816, 35.138, 35.311, 35.232, 36.105, 36.992, 36.865, 36.557, 36.462, 36.101, 35.99, 36.142, 36.203, 35.951, 35.471, 35.547, 35.725, 36.754, 37.082, 39.014], [52.151, 52.154, 51.733, 52.065, 55.013, 56.515, 53.364, 50.429, 47.746, 45.038, 43.668, 44.642, 45.329, 45.848, 46.826, 47.071, 47.012, 46.73, 46.742, 47.008, 46.833, 46.829, 47.68, 48.087, 47.707, 47.149, 46.194, 45.801, 45.547, 46.486, 47