[[0.0, 4.739, 6.219, 12.326, 13.412, 15.459, 17.828, 18.199, 19.705, 23.762, 27.085, 30.106, 33.425, 34.749, 35.988, 38.889, 39.42, 40.747, 41.96, 43.215, 46.521, 49.721, 51.162, 50.927, 49.868, 49.275, 49.592, 48.717, 47.251, 47.689, 48.753, 49.48, 49.981, 51.274, 51.816, 51.664, 51.888, 51.866, 52.039, 52.998, 53.262, 52.94, 53.701, 53.968, 53.085, 51.5, 49.071, 48.375, 50.361, 50.44, 50.244, 51.054, 51.595, 51.381, 51.369, 50.42, 49.173, 49.231, 49.574, 49.539, 49.037, 48.8, 50.713, 51.133, 51.55, 51.589, 51.911, 51.907, 51.804, 52.031, 52.291, 52.438, 52.571, 51.793, 51.564, 51.874, 51.343, 50.845, 50.654, 50.196, 49.56, 49.258, 47.85, 47.653, 47.533, 45.238], [4.739, 0.0, 5.203, 12.435, 13.322, 15.371, 17.942, 18.248, 19.756, 23.854, 27.122, 30.05, 33.182, 34.55, 35.947, 38.898, 39.415, 40.765, 42.037, 43.183, 46.293, 49.314, 50.654, 50.364, 49.278, 48.67, 48.952, 48.03, 46.516, 46.939, 47.927, 48.601, 49.107, 50.411, 50.969, 50.875, 51.13, 51.108, 51.264, 52.211, 52.458, 52.155, 52.945, 53.199, 52.276, 50.652, 48.221, 47.499, 49.517, 49.642, 49.387, 50.179, 50.75, 50.571, 50.604, 49.784, 48.627, 48.689, 49.12, 49.086, 48.531, 48.218, 50.148, 50.575, 50.986, 51.034, 51.369, 51.375, 51.288, 51.525, 51.782, 51.925, 52.062, 51.261, 51.005, 51.307, 50.784, 50.281, 50.067, 49.612, 48.954, 48.628, 47.148, 46.884, 46.809, 44.655], [6.219, 5.203, 0.0, 8.782, 11.192, 14.465, 17.223, 17.569, 19.073, 23.552, 27.573, 30.963, 34.127, 35.475, 36.643, 39.483, 40.092, 41.581, 43.044, 44.578, 48.232, 51.582, 52.98, 52.731, 51.686, 51.041, 51.299, 50.383, 48.865, 49.345, 50.486, 51.262, 51.746, 53.074, 53.664, 53.608, 53.904, 53.889, 54.035, 54.99, 55.243, 54.879, 55.662, 55.919, 54.937, 53.228, 50.829, 50.163, 52.179, 52.227, 52.051, 52.716, 53.146, 52.892, 52.613, 51.658, 50.46, 50.428, 50.681, 50.604, 49.966, 49.728, 51.791, 52.199, 52.708, 52.767, 53.073, 53.122, 53.004, 53.133, 53.368, 53.534, 53.716, 52.908, 52.661, 53.001, 52.515, 52.005, 51.808, 51.32, 50.566, 50.033, 48.584, 48.399, 48.274, 46.195], [12.326, 12.435, 8.782, 0.0, 5.934, 12.202, 15.598, 15.902, 17.712, 23.459, 28.104, 31.68, 34.951, 36.253, 37.299, 40.324, 40.966, 42.293, 43.709, 45.51, 49.401, 52.777, 54.081, 53.877, 52.923, 52.331, 52.635, 51.794, 50.385, 50.935, 52.218, 53.088, 53.571, 54.894, 55.471, 55.404, 55.701, 55.748, 55.992, 57.009, 57.277, 56.86, 57.531, 57.771, 56.846, 55.189, 52.652, 51.888, 53.781, 53.809, 53.942, 54.629, 54.923, 54.611, 54.147, 52.889, 51.69, 51.591, 51.424, 51.227, 50.479, 50.518, 52.556, 52.943, 53.495, 53.498, 53.796, 53.841, 53.686, 53.745, 53.938, 54.091, 54.209, 53.427, 53.263, 53.603, 53.034, 52.499, 52.363, 51.844, 51.188, 50.719, 49.384, 49.247, 48.804, 46.439], [13.412, 13.322, 11.192, 5.934, 0.0, 8.157, 12.524, 12.844, 14.881, 21.06, 25.576, 29.107, 32.688, 34.207, 35.485, 38.67, 39.249, 40.375, 41.659, 43.432, 47.231, 50.547, 51.821, 51.536, 50.505, 49.968, 50.33, 49.52, 48.162, 48.655, 49.972, 50.901, 51.418, 52.737, 53.264, 53.174, 53.485, 53.565, 53.91, 55.054, 55.361, 54.945, 55.636, 55.935, 55.133, 53.586, 50.887, 49.898, 51.747, 51.863, 52.078, 52.894, 53.237, 52.925, 52.558, 51.231, 50.059, 49.97, 49.75, 49.515, 48.88, 48.99, 50.88, 51.337, 51.728, 51.655, 52.01, 52.006, 51.893, 52.081, 52.296, 52.439, 52.495, 51.718, 51.57, 51.872, 51.194, 50.639, 50.531, 50.012, 49.447, 49.214, 47.997, 47.854, 47.322, 44.711], [15.459, 15.371, 14.465, 12.202, 8.157, 0.0, 5.573, 6.447, 9.488, 16.993, 21.44, 25.049, 29.203, 31.021, 32.318, 35.528, 36.006, 36.923, 38.097, 40.077, 44.239, 47.792, 49.122, 48.697, 47.509, 47.013, 47.426, 46.649, 45.316, 45.86, 47.463, 48.565, 49.12, 50.599, 51.133, 50.967, 51.275, 51.377, 51.786, 53.24, 53.765, 53.372, 54.179, 54.624, 54.014, 52.652, 49.721, 48.381, 50.371, 50.762, 51.039, 51.959, 52.384, 52.068, 51.796, 50.471, 49.323, 49.4, 49.251, 49.046, 48.611, 48.597, 50.304, 50.755, 50.858, 50.655, 51.097, 51.05, 50.956, 51.275, 51.534, 51.682, 51.684, 50.931, 50.752, 50.91, 50.036, 49.419, 49.337, 48.816, 48.353, 48.45, 47.413, 47.227, 46.64, 43.809], [17.828, 17.942, 17.223, 15.598, 12.524, 5.573, 0.0, 2.646, 7.135, 14.894, 19.176, 22.884, 27.228, 29.165, 30.356, 33.511, 33.956, 34.761, 35.973, 38.201, 42.851, 46.822, 48.326, 47.897, 46.674, 46.136, 46.532, 45.775, 44.442, 45.022, 46.776, 48.004, 48.599, 50.169, 50.743, 50.589, 50.905, 51.018, 51.394, 52.993, 53.808, 53.43, 54.247, 54.807, 54.278, 52.987, 50.019, 48.595, 50.725, 51.258, 51.559, 52.494, 52.932, 52.637, 52.396, 51.115, 49.995, 50.111, 49.981, 49.772, 49.362, 49.298, 50.877, 51.255, 51.295, 51.061, 51.527, 51.488, 51.377, 51.685, 51.948, 52.11, 52.129, 51.416, 51.183, 51.258, 50.328, 49.678, 49.611, 49.086, 48.651, 48.831, 47.853, 47.647, 47.026, 44.086], [18.199, 18.248, 17.569, 15.902, 12.844, 6.447, 2.646, 0.0, 6.314, 14.564, 18.745, 22.371, 26.599, 28.461, 29.802, 33.084, 33.529, 34.36, 35.642, 37.826, 42.362, 46.301, 47.805, 47.388, 46.196, 45.678, 46.068, 45.314, 44.016, 44.593, 46.315, 47.532, 48.112, 49.677, 50.252, 50.113, 50.415, 50.524, 50.92, 52.511, 53.318, 52.992, 53.815, 54.353, 53.821, 52.55, 49.624, 48.244, 50.372, 50.893, 51.235, 52.239, 52.676, 52.395, 52.208, 50.987, 49.913, 50.024, 49.878, 49.661, 49.269, 49.24, 50.81, 51.211, 51.28, 51.048, 51.532, 51.501, 51.394, 51.697, 51.958, 52.118, 52.136, 51.443, 51.242, 51.306, 50.324, 49.652, 49.594, 49.069, 48.663, 48.884, 47.926, 47.735, 47.084, 44.113], [19.705, 19.756, 19.073, 17.712, 14.881, 9.488, 7.135, 6.314, 0.0, 9.836, 15.716, 20.268, 24.633, 26.334, 27.571, 30.897, 31.366, 32.216, 33.601, 36.125, 41.14, 45.288, 46.881, 46.44, 45.115, 44.516, 44.958, 44.227, 42.976, 43.708, 45.829, 47.383, 47.906, 49.461, 50.017, 49.845, 50.173, 50.299, 50.669, 52.348, 53.186, 52.738, 53.898, 54.631, 54.03, 52.67, 49.987, 48.982, 51.317, 51.783, 52.027, 52.98, 53.399, 53.118, 52.889, 51.819, 50.837, 50.856, 50.872, 50.677, 50.302, 50.217, 51.795, 52.27, 52.326, 52.09, 52.596, 52.547, 52.451, 52.789, 53.05, 53.211, 53.299, 52.589, 52.368, 52.557, 51.735, 51.164, 51.096, 50.557, 49.98, 49.937, 48.899, 48.749, 48.175, 45.288], [23.762, 23.854, 23.552, 23.459, 21.06, 16.993, 14.894, 14.564, 9.836, 0.0, 8.568, 15.393, 20.702, 22.854, 24.214, 27.16, 27.553, 28.451, 30.055, 33.261, 39.425, 44.29, 46.214, 45.729, 44.174, 43.309, 43.732, 42.991, 41.627, 42.325, 44.64, 46.501, 47.095, 48.623, 49.18, 49.014, 49.408, 49.533, 49.787, 51.503, 52.622, 52.068, 53.5, 54.734, 54.243, 52.752, 50.154, 49.206, 51.74, 52.306, 52.324, 53.122, 53.544, 53.257, 52.889, 51.969, 51.094, 50.965, 51.259, 51.076, 50.624, 50.415, 51.752, 52.187, 52.237, 52.028, 52.61, 52.544, 52.449, 52.814, 53.078, 53.262, 53.48, 52.848, 52.562, 52.849, 52.309, 51.875, 51.801, 51.278, 50.554, 50.354, 49.253, 49.087, 48.773, 46.088], [27.085, 27.122, 27.573, 28.104, 25.576, 21.44, 19.176, 18.745, 15.716, 8.568, 0.0, 8.494, 15.598, 18.814, 21.029, 23.865, 23.976, 24.881, 26.592, 29.763, 35.985, 41.067, 43.176, 42.738, 41.167, 40.267, 40.688, 39.938, 38.552, 39.114, 41.316, 43.154, 43.855, 45.413, 45.977, 45.799, 46.16, 46.252, 46.433, 48.114, 49.507, 49.093, 50.434, 51.943, 51.879, 50.817, 48.135, 46.565, 48.998, 49.894, 49.936, 50.875, 51.38, 51.141, 51.047, 50.268, 49.505, 49.447, 49.869, 49.698, 49.232, 48.91, 49.819, 50.192, 50.156, 49.916, 50.627, 50.541, 50.407, 50.797, 51.094, 51.277, 51.494, 51.047, 50.783, 50.936, 50.345, 49.912, 49.87, 49.392, 48.866, 49.177, 48.253, 47.994, 47.711, 44.937], [30.106, 30.05, 30.963, 31.68, 29.107, 25.049, 22.884, 22.371, 20.268, 15.393, 8.494, 0.0, 8.992, 13.854, 17.401, 20.266, 20.229, 21.637, 23.882, 26.407, 32.078, 37.257, 39.503, 39.214, 37.808, 37.025, 37.548, 36.837, 35.49, 35.974, 38.166, 40.008, 40.761, 42.344, 42.946, 42.754, 43.044, 43.096, 43.18, 44.787, 46.368, 46.086, 47.326, 48.831, 49.073, 48.851, 46.626, 44.575, 46.895, 48.124, 48.304, 49.551, 50.15, 50.026, 50.327, 49.715, 49.035, 49.095, 49.563, 49.451, 49.002, 48.402, 49.126, 49.607, 49.458, 49.186, 50.025, 49.952, 49.764, 50.13, 50.481, 50.652, 50.852, 50.559, 50.325, 50.31, 49.575, 49.109, 49.094, 48.669, 48.422, 49.33, 48.623, 48.271, 47.942, 45.079], [33.425, 33.182, 34.127, 34.951, 32.688, 29.203, 27.228, 26.599, 24.633, 20.702, 15.598, 8.992, 0.0, 7.164, 13.097, 16.231, 16.371, 18.918, 22.185, 23.821, 29.048, 34.61, 37.015, 36.847, 35.648, 34.778, 35.266, 34.595, 33.2, 33.611, 35.895, 37.917, 38.579, 40.137, 40.824, 40.682, 40.944, 40.916, 40.855, 42.334, 43.959, 43.675, 45.025, 46.494, 46.639, 46.888, 45.874, 44.415, 46.937, 48.241, 48.43, 49.873, 50.528, 50.598, 51.202, 50.858, 50.311, 50.317, 50.794, 50.792, 50.182, 49.278, 50.073, 50.655, 50.557, 50.346, 51.227, 51.197, 50.971, 51.254, 51.64, 51.824, 52.147, 51.918, 51.664, 51.641, 51.042, 50.702, 50.683, 50.275, 49.985, 50.869, 50.098, 49.683, 49.354, 46.543], [34.749, 34.55, 35.475, 36.253, 34.207, 31.021, 29.165, 28.461, 26.334, 22.854, 18.814, 13.854, 7.164, 0.0, 8.415, 13.273, 13.553, 16.296, 19.732, 20.966, 26.117, 31.876, 34.34, 34.223, 33.16, 32.273, 32.795, 32.207, 30.882, 31.424, 33.921, 36.242, 36.825, 38.374, 39.137, 39.006, 39.232, 39.165, 39.055, 40.511, 42.066, 41.73, 43.263, 44.74, 44.741, 44.948, 44.514, 44.084, 47.027, 48.236, 48.429, 49.958, 50.64, 50.824, 51.64, 51.403, 50.839, 50.841, 51.323, 51.35, 50.796, 49.943, 50.787, 51.406, 51.425, 51.245, 52.116, 52.098, 51.879, 52.164, 52.542, 52.702, 53.043, 52.833, 52.619, 52.669, 52.138, 51.873, 51.846, 51.409, 51.063, 51.821, 50.946, 50.552, 50.178, 47.287], [35.988, 35.947, 36.643, 37.299, 35.485, 32.318, 30.356, 29.802, 27.571, 24.214, 21.029, 17.401, 13.097, 8.415, 0.0, 6.939, 7.972, 11.256, 15.574, 17.949, 24.936, 31.608, 34.333, 34.254, 33.174, 32.215, 32.823, 32.328, 30.98, 31.752, 34.516, 37.133, 37.774, 39.46, 40.383, 40.271, 40.563, 40.527, 40.332, 41.863, 43.439, 43.007, 44.705, 46.189, 46.077, 46.155, 45.727, 45.831, 49.477, 50.744, 50.896, 52.283, 52.903, 53.084, 53.786, 53.388, 52.631, 52.681, 53.106, 53.129, 52.643, 51.689, 52.585, 53.143, 53.195, 53.018, 53.812, 53.795, 53.545, 53.816, 54.179, 54.333, 54.7, 54.468, 54.245, 54.341, 53.82, 53.525, 53.494, 53.002, 52.524, 53.07, 52.087, 51.705, 51.34, 48.468], [38.889, 38.898, 39.483, 40.324, 38.67, 35.528, 33.511, 33.084, 30.897, 27.16, 23.865, 20.266, 16.231, 13.273, 6.939, 0.0, 3.349, 9.475, 15.204, 18.578, 26.51, 33.717, 36.629, 36.514, 35.381, 34.327, 34.885, 34.423, 32.97, 33.67, 36.504, 39.106, 39.748, 41.467, 42.408, 42.339, 42.717, 42.677, 42.383, 43.893, 45.545, 45.082, 46.848, 48.395, 48.296, 48.435, 48.135, 48.046, 51.903, 53.418, 53.486, 54.687, 55.247, 55.381, 55.912, 55.52, 54.776, 54.869, 55.356, 55.414, 54.918, 53.665, 54.53, 55.102, 55.089, 54.907, 55.684, 55.681, 55.389, 55.59, 55.952, 56.127, 56.574, 56.359, 56.077, 56.146, 55.705, 55.421, 55.381, 54.899, 54.298, 54.754, 53.81, 53.429, 53.198, 50.568], [39.42, 39.415, 40.092, 40.966, 39.249, 36.006, 33.956, 33.529, 31.366, 27.553, 23.976, 20.229, 16.371, 13.553, 7.972, 3.349, 0.0, 7.342, 13.578, 17.431, 25.787, 33.102, 36.018, 35.848, 34.652, 33.593, 34.173, 33.737, 32.297, 33.049, 36.003, 38.641, 39.293, 41.05, 41.969, 41.871, 42.246, 42.231, 41.945, 43.476, 45.163, 44.714, 46.51, 48.132, 48.112, 48.267, 47.834, 47.582, 51.397, 53.015, 53.109, 54.284, 54.847, 54.955, 55.494, 55.112, 54.387, 54.518, 55.061, 55.12, 54.617, 53.328, 54.116, 54.685, 54.629, 54.425, 55.235, 55.237, 54.952, 55.163, 55.512, 55.669, 56.097, 55.907, 55.626, 55.667, 55.203, 54.921, 54.886, 54.404, 53.826, 54.392, 53.506, 53.119, 52.873, 50.192], [40.747, 40.765, 41.581, 42.293, 40.375, 36.923, 34.761, 34.36, 32.216, 28.451, 24.881, 21.637, 18.918, 16.296, 11.256, 9.475, 7.342, 0.0, 7.158, 12.659, 22.639, 30.455, 33.453, 33.223, 32.021, 31.01, 31.689, 31.428, 30.291, 31.346, 34.584, 37.532, 38.306, 40.082, 40.982, 40.818, 41.176, 41.25, 41.002, 42.614, 44.428, 43.98, 45.823, 47.555, 47.652, 47.793, 47.121, 46.915, 50.878, 52.552, 52.689, 53.885, 54.441, 54.603, 55.304, 54.883, 54.122, 54.323, 54.889, 54.913, 54.575, 53.404, 53.908, 54.372, 54.262, 54.002, 54.796, 54.764, 54.498, 54.803, 55.14, 55.236, 55.602, 55.458, 55.198, 55.211, 54.662, 54.343, 54.319, 53.811, 53.349, 54.079, 53.189, 52.803, 52.483, 49.61], [41.96, 42.037, 43.044, 43.709, 41.659, 38.097, 35.973, 35.642, 33.601, 30.055, 26.592, 23.882, 22.185, 19.732, 15.574, 15.204, 13.578, 7.158, 0.0, 8.687, 20.4, 28.285, 31.158, 30.901, 29.768, 28.858, 29.683, 29.627, 28.898, 30.268, 33.623, 36.812, 37.706, 39.428, 40.277, 40.001, 40.291, 40.416, 40.218, 41.877, 43.739, 43.28, 45.111, 46.921, 47.129, 47.227, 46.327, 46.301, 50.384, 52.046, 52.182, 53.438, 54.055, 54.307, 55.183, 54.672, 53.845, 54.108, 54.658, 54.662, 54.533, 53.613, 53.837, 54.191, 54.062, 53.738, 54.486, 54.4, 54.136, 54.538, 54.884, 54.918, 55.192, 55.091, 54.87, 54.882, 54.259, 53.894, 53.875, 53.351, 53.064, 53.971, 52.974, 52.558, 52.21, 49.077], [43.215, 43.183, 44.578, 45.51, 43.432, 40.077, 38.201, 37.826, 36.125, 33.261, 29.763, 26.407, 23.821, 20.966, 17.949, 18.578, 17.431, 12.659, 8.687, 0.0, 13.014, 21.88, 25.024, 24.94, 24.292, 23.46, 24.246, 24.326, 23.945, 25.459, 28.792, 32.281, 33.366, 35.076, 36.033, 35.785, 36.055, 36.189, 35.855, 37.251, 39.121, 38.696, 40.443, 42.119, 42.391, 43.05, 43.081, 43.681, 47.955, 49.645, 49.773, 51.385, 52.164, 52.901, 54.525, 54.243, 53.467, 53.812, 54.417, 54.469, 54.476, 53.528, 53.583, 53.905, 53.8, 53.488, 54.179, 54.06, 53.784, 54.248, 54.612, 54.569, 54.824, 54.819, 54.64, 54.613, 54.042, 53.73, 53.676, 53.165, 52.999, 54.054, 52.964, 52.477, 52.106, 48.919], [46.521, 46.293, 48.232, 49.401, 47.231, 44.239, 42.851, 42.362, 41.14, 39.425, 35.985, 32.078, 29.048, 26.117, 24.936, 26.51, 25.787, 22.639, 20.4, 13.014, 0.0, 10.17, 14.271, 14.806, 15.252, 14.988, 15.801, 16.242, 17.043, 18.806, 21.921, 25.686, 26.92, 28.443, 29.432, 29.307, 29.49, 29.653, 29.215, 30.179, 31.94, 31.778, 33.364, 34.664, 35.218, 37.097, 38.507, 39.864, 44.132, 45.977, 46.28, 48.493, 49.491, 50.84, 53.93, 54.271, 53.715, 54.225, 54.904, 55.003, 55.233, 54.35, 54.086, 54.416, 54.293, 53.968, 54.601, 54.44, 54.164, 54.675, 55.032, 54.899, 55.052, 55.162, 55.068, 54.936, 54.298, 54.047, 53.959, 53.508, 53.603, 54.998, 53.982, 53.434, 52.892, 49.799], [49.721, 49.314, 51.582, 52.777, 50.547, 47.792, 46.822, 46.301, 45.288, 44.29, 41.067, 37.257, 34.61, 31.876, 31.608, 33.717, 33.102, 30.455, 28.285, 21.88, 10.17, 0.0, 5.13, 7.015, 9.082, 10.081, 11.306, 12.563, 15.086, 17.084, 19.812, 23.408, 24.568, 25.768, 26.496, 26.267, 26.195, 26.407, 26.206, 27.16, 28.674, 28.738, 30.15, 31.138, 31.984, 34.606, 36.472, 38.244, 42.34, 44.252, 44.796, 47.425, 48.58, 50.168, 54.115, 54.872, 54.554, 55.178, 55.884, 55.991, 56.328, 55.72, 55.271, 55.591, 55.407, 55.02, 55.628, 55.416, 55.149, 55.724, 56.088, 55.891, 55.859, 55.955, 55.914, 55.729, 54.973, 54.731, 54.63, 54.242, 54.627, 56.276, 55.265, 54.661, 53.933, 50.831], [51.162, 50.654, 52.98, 54.081, 51.821, 49.122, 48.326, 47.805, 46.881, 46.214, 43.176, 39.503, 37.015, 34.34, 34.333, 36.629, 36.018, 33.453, 31.158, 25.024, 14.271, 5.13, 0.0, 3.754, 7.577, 9.382, 10.722, 12.403, 15.461, 17.478, 20.133, 23.523, 24.593, 25.739, 26.335, 25.985, 25.775, 26.006, 26.022, 27.115, 28.469, 28.56, 29.809, 30.674, 31.613, 34.345, 36.258, 38.242, 42.303, 44.225, 44.889, 47.64, 48.824, 50.447, 54.514, 55.291, 55.096, 55.763, 56.415, 56.519, 56.844, 56.386, 55.92, 56.238, 56.014, 55.588, 56.19, 55.943, 55.678, 56.3, 56.677, 56.443, 56.313, 56.379, 56.35, 56.138, 55.339, 55.098, 54.992, 54.624, 55.139, 56.872, 55.828, 55.199, 54.37, 51.217], [50.927, 50.364, 52.731, 53.877, 51.536, 48.697, 47.897, 47.388, 46.44, 45.729, 42.738, 39.214, 36.847, 34.223, 34.254, 36.514, 35.848, 33.223, 30.901, 24.94, 14.806, 7.015, 3.754, 0.0, 4.761, 7.18, 8.646, 10.56, 13.857, 15.923, 18.937, 22.518, 23.639, 25.004, 25.591, 25.199, 25.055, 25.315, 25.46, 26.748, 28.113, 28.182, 29.525, 30.519, 31.485, 34.03, 35.82, 37.818, 41.984, 44.007, 44.679, 47.37, 48.541, 50.11, 54.09, 54.831, 54.678, 55.415, 56.128, 56.243, 56.534, 56.006, 55.519, 55.838, 55.546, 55.107, 55.721, 55.444, 55.199, 55.857, 56.23, 55.988, 55.853, 55.904, 55.848, 55.628, 54.862, 54.66, 54.554, 54.18, 54.648, 56.356, 55.317, 54.67, 53.821, 50.656], [49.868, 49.278, 51.686, 52.923, 50.505, 47.509, 46.674, 46.196, 45.115, 44.174, 41.167, 37.808, 35.648, 33.16, 33.174, 35.381, 34.652, 32.021, 29.768, 24.292, 15.252, 9.082, 7.577, 4.761, 0.0, 3.794, 6.46, 8.538, 11.969, 14.307, 17.811, 21.673, 22.849, 24.415, 24.996, 24.557, 24.524, 24.842, 25.113, 26.686, 28.087, 28.099, 29.753, 31.002, 31.937, 34.108, 35.449, 37.256, 41.542, 43.611, 44.239, 46.836, 47.994, 49.439, 53.256, 53.979, 53.781, 54.545, 55.433, 55.592, 55.827, 55.21, 54.749, 55.072, 54.729, 54.285, 54.907, 54.62, 54.411, 55.086, 55.443, 55.218, 55.09, 55.097, 55.006, 54.813, 54.064, 53.883, 53.781, 53.386, 53.74, 55.359, 54.291, 53.632, 52.818, 49.622], [49.275, 48.67, 51.041, 52.331, 49.968, 47.013, 46.136, 45.678, 44.516, 43.309, 40.267, 37.025, 34.778, 32.273, 32.215, 34.327, 33.593, 31.01, 28.858, 23.46, 14.988, 10.081, 9.382, 7.18, 3.794, 0.0, 3.783, 6.395, 9.943, 12.575, 16.524, 20.737, 21.996, 23.672, 24.325, 23.992, 24.074, 24.392, 24.569, 26.129, 27.576, 27.521, 29.38, 30.808, 31.63, 33.509, 34.908, 36.826, 41.245, 43.269, 43.754, 46.264, 47.444, 48.918, 52.696, 53.491, 53.287, 53.976, 54.962, 55.156, 55.353, 54.671, 54.173, 54.455, 54.145, 53.717, 54.321, 54.046, 53.835, 54.482, 54.825, 54.62, 54.556, 54.543, 54.412, 54.266, 53.641, 53.528, 53.411, 53.008, 53.235, 54.7, 53.558, 52.897, 52.166, 49.047], [49.592, 48.952, 51.299, 52.635, 50.33, 47.426, 46.532, 46.068, 44.958, 43.732, 40.688, 37.548, 35.266, 32.795, 32.823, 34.885, 34.173, 31.689, 29.683, 24.246, 15.801, 11.306, 10.722, 8.646, 6.46, 3.783, 0.0, 3.918, 8.209, 10.792, 15.017, 19.423, 20.759, 22.595, 23.29, 23.132, 23.311, 23.614, 23.697, 25.187, 26.676, 26.664, 28.524, 29.953, 30.771, 32.613, 34.322, 36.47, 40.955, 43.019, 43.425, 45.888, 47.095, 48.677, 52.6, 53.557, 53.428, 54.085, 55.094, 55.283, 55.502, 54.786, 54.213, 54.449, 54.143, 53.721, 54.307, 54.032, 53.808, 54.417, 54.74, 54.537, 54.528, 54.52, 54.351, 54.2, 53.695, 53.668, 53.526, 53.128, 53.267, 54.629, 53.463, 52.778, 52.064, 49.07], [48.717, 48.03, 50.383, 51.794, 49.52, 46.649, 45.775, 45.314, 44.227, 42.991, 39.938, 36.837, 34.595, 32.207, 32.328, 34.423, 33.737, 31.428, 29.627, 24.326, 16.242, 12.563, 12.403, 10.56, 8.538, 6.395, 3.918, 0.0, 4.994, 8.184, 12.791, 17.252, 18.657, 20.706, 21.58, 21.641, 21.989, 22.306, 22.27, 23.779, 25.307, 25.31, 27.291, 28.784, 29.561, 31.259, 32.886, 35.028, 39.594, 41.715, 42.056, 44.496, 45.719, 47.324, 51.314, 52.385, 52.248, 52.899, 53.91, 54.111, 54.392, 53.671, 53.245, 53.529, 53.238, 52.83, 53.423, 53.164, 52.936, 53.512, 53.815, 53.62, 53.654, 53.638, 53.461, 53.313, 52.818, 52.774, 52.607, 52.201, 52.279, 53.595, 52.415, 51.729, 51.084, 48.178], [47.251, 46.516, 48.865, 50.385, 48.162, 45.316, 44.442, 44.016, 42.976, 41.627, 38.552, 35.49, 33.2, 30.882, 30.98, 32.97, 32.297, 30.291, 28.898, 23.945, 17.043, 15.086, 15.461, 13.857, 11.969, 9.943, 8.209, 4.994, 0.0, 4.747, 10.397, 14.824, 16.202, 18.587, 19.708, 19.934, 20.5, 20.833, 20.677, 22.291, 23.935, 23.849, 25.953, 27.608, 28.249, 29.631, 31.065, 33.064, 37.805, 40.055, 40.315, 42.702, 43.963, 45.526, 49.399, 50.493, 50.345, 50.977, 51.984, 52.221, 52.438, 51.662, 51.551, 51.945, 51.685, 51.317, 51.958, 51.717, 51.487, 52.045, 52.345, 52.167, 52.248, 52.215, 52.02, 51.885, 51.438, 51.38, 51.191, 50.785, 50.812, 52.097, 50.866, 50.135, 49.611, 46.821], [47.689, 46.939, 49.345, 50.935, 48.655, 45.86, 45.022, 44.593, 43.708, 42.325, 39.114, 35.974, 33.611, 31.424, 31.752, 33.67, 33.049, 31.346, 30.268, 25.459, 18.806, 17.084, 17.478, 15.923, 14.307, 12.575, 10.792, 8.184, 4.747, 0.0, 6.96, 11.763, 13.018, 15.528, 16.718, 17.068, 17.803, 18.187, 18.112, 19.97, 21.884, 21.806, 23.822, 25.607, 26.37, 27.913, 29.511, 31.445, 36.222, 38.618, 38.91, 41.4, 42.731, 44.332, 48.249, 49.394, 49.343, 49.957, 50.977, 51.218, 51.409, 50.64, 50.597, 51.131, 50.884, 50.55, 51.266, 51.001, 50.782, 51.368, 51.673, 51.489, 51.584, 51.573, 51.369, 51.221, 50.847, 50.829, 50.633, 50.262, 50.337, 51.678, 50.46, 49.699, 49.228, 46.544], [48.753, 47.927, 50.486, 52.218, 49.972, 47.463, 46.776, 46.315, 45.829, 44.64, 41.316, 38.166, 35.895, 33.921, 34.516, 36.504, 36.003, 34.584, 33.623, 28.792, 21.921, 19.812, 20.133, 18.937, 17.811, 16.524, 15.017, 12.791, 10.397, 6.96, 0.0, 5.813, 8.053, 10.817, 12.531, 13.322, 14.24, 14.678, 14.553, 16.335, 18.554, 18.873, 20.602, 22.348, 23.264, 25.126, 26.994, 29.057, 33.842, 36.312, 36.568, 39.305, 40.787, 42.584, 46.818, 48.07, 48.029, 48.7, 49.771, 50.018, 50.288, 49.597, 49.524, 50.073, 49.931, 49.655, 50.375, 50.099, 49.892, 50.486, 50.782, 50.583, 50.659, 50.687, 50.518, 50.331, 49.926, 49.863, 49.647, 49.305, 49.534, 51.022, 49.746, 48.948, 48.574, 46.029], [49.48, 48.601, 51.262, 53.088, 50.901, 48.565, 48.004, 47.532, 47.383, 46.501, 43.154, 40.008, 37.917, 36.242, 37.133, 39.106, 38.641, 37.532, 36.812, 32.281, 25.686, 23.408, 23.523, 22.518, 21.673, 20.737, 19.423, 17.252, 14.824, 11.763, 5.813, 0.0, 4.585, 7.995, 10.068, 11.393, 12.461, 12.92, 12.919, 14.738, 17.03, 17.798, 19.081, 20.576, 21.598, 23.638, 25.448, 27.261, 31.913, 34.572, 34.844, 37.718, 39.293, 41.138, 45.558, 46.927, 46.976, 47.713, 48.76, 49.053, 49.356, 48.761, 48.9, 49.518, 49.391, 49.161, 49.89, 49.635, 49.426, 49.987, 50.276, 50.063, 50.084, 50.093, 49.939, 49.667, 49.17, 49.048, 48.819, 48.504, 48.86, 50.499, 49.21, 48.364, 48.046, 45.664], [49.981, 49.107, 51.746, 53.571, 51.418, 49.12, 48.599, 48.112, 47.906, 47.095, 43.855, 40.761, 38.579, 36.825, 37.774, 39.748, 39.293, 38.306, 37.706, 33.366, 26.92, 24.568, 24.593, 23.639, 22.849, 21.996, 20.759, 18.657, 16.202, 13.018, 8.053, 4.585, 0.0, 4.816, 7.728, 9.501, 10.836, 11.35, 11.395, 13.605, 16.013, 16.68, 18.158, 19.692, 20.671, 22.771, 24.799, 26.71, 31.312, 34.026, 34.334, 37.246, 38.851, 40.62, 45.016, 46.549, 46.713, 47.446, 48.549, 48.899, 49.269, 48.744, 49.112, 49.969, 49.915, 49.717, 50.562, 50.357, 50.152, 50.711, 51.008, 50.799, 50.826, 50.819, 50.671, 50.43, 49.949, 49.842, 49.607, 49.308, 49.673, 51.286, 49.994, 49.159, 48.847, 46.546], [51.274, 50.411, 53.074, 54.894, 52.737, 50.599, 50.169, 49.677, 49.461, 48.623, 45.413, 42.344, 40.137, 38.374, 39.46, 41.467, 41.05, 40.082, 39.428, 35.076, 28.443, 25.768, 25.739, 25.004, 24.415, 23.672, 22.595, 20.706, 18.587, 15.528, 10.817, 7.995, 4.816, 0.0, 4.23, 7.26, 8.956, 9.624, 9.683, 11.862, 14.608, 15.322, 16.673, 18.29, 19.351, 21.624, 23.934, 25.955, 30.384, 33.118, 33.379, 36.356, 38.061, 39.908, 44.44, 46.118, 46.363, 47.059, 48.224, 48.61, 49.143, 48.74, 49.12, 50.152, 50.184, 50.007, 50.917, 50.755, 50.59, 51.169, 51.462, 51.228, 51.23, 51.254, 51.136, 50.926, 50.47, 50.343, 50.092, 49.838, 50.315, 52.016, 50.717, 49.897, 49.704, 47.563], [51.816, 50.969, 53.664, 55.471, 53.264, 51.133, 50.743, 50.252, 50.017, 49.18, 45.977, 42.946, 40.824, 39.137, 40.383, 42.408, 41.969, 40.982, 40.277, 36.033, 29.432, 26.496, 26.335, 25.591, 24.996, 24.325, 23.29, 21.58, 19.708, 16.718, 12.531, 10.068, 7.728, 4.23, 0.0, 4.535, 6.985, 7.9, 8.383, 10.818, 13.725, 14.483, 15.846, 17.55, 18.681, 20.89, 23.098, 25.07, 29.42, 32.229, 32.453, 35.484, 37.27, 39.106, 43.673, 45.351, 45.718, 46.396, 47.595, 48.015, 48.596, 48.248, 48.502, 49.585, 49.567, 49.351, 50.294, 50.111, 50.016, 50.674, 50.963, 50.702, 50.661, 50.707, 50.603, 50.407, 49.979, 49.875, 49.611, 49.392, 49.945, 51.745, 50.439, 49.604, 49.453, 47.328], [51.664, 50.875, 53.608, 55.404, 53.174, 50.967, 50.589, 50.113, 49.845, 49.014, 45.799, 42.754, 40.682, 39.006, 40.271, 42.339, 41.871, 40.818, 40.001, 35.785, 29.307, 26.267, 25.985, 25.199, 24.557, 23.992, 23.132, 21.641, 19.934, 17.068, 13.322, 11.393, 9.501, 7.26, 4.535, 0.0, 3.453, 5.035, 6.291, 9.76, 12.817, 13.299, 14.771, 16.718, 17.922, 20.132, 22.082, 24.068, 28.589, 31.384, 31.667, 35.0, 36.899, 38.683, 43.136, 44.708, 45.111, 45.862, 47.085, 47.509, 48.081, 47.78, 48.08, 49.195, 49.153, 48.892, 49.905, 49.677, 49.586, 50.407, 50.765, 50.493, 50.419, 50.47, 50.391, 50.244, 49.814, 49.698, 49.448, 49.241, 49.899, 51.784, 50.456, 49.639, 49.473, 47.163], [51.888, 51.13, 53.904, 55.701, 53.485, 51.275, 50.905, 50.415, 50.173, 49.408, 46.16, 43.044, 40.944, 39.232, 40.563, 42.717, 42.246, 41.176, 40.291, 36.055, 29.49, 26.195, 25.775, 25.055, 24.524, 24.074, 23.311, 21.989, 20.5, 17.803, 14.24, 12.461, 10.836, 8.956, 6.985, 3.453, 0.0, 2.379, 4.704, 9.167, 12.381, 12.883, 14.203, 16.127, 17.422, 19.802, 21.738, 23.817, 28.383, 31.116, 31.458, 35.045, 37.026, 38.829, 43.323, 44.936, 45.352, 46.127, 47.353, 47.756, 48.366, 48.178, 48.544, 49.653, 49.622, 49.344, 50.371, 50.135, 50.008, 50.864, 51.318, 51.078, 50.985, 51.021, 50.963, 50.818, 50.328, 50.167, 49.933, 49.734, 50.493, 52.445, 51.119, 50.333, 50.155, 47.755], [51.866, 51.108, 53.889, 55.748, 53.565, 51.377, 51.018, 50.524, 50.299, 49.533, 46.252, 43.096, 40.916, 39.165, 40.527, 42.677, 42.231, 41.25, 40.416, 36.189, 29.653, 26.407, 26.006, 25.315, 24.842, 24.392, 23.614, 22.306, 20.833, 18.187, 14.678, 12.92, 11.35, 9.624, 7.9, 5.035, 2.379, 0.0, 3.389, 8.592, 11.981, 12.561, 13.87, 15.798, 17.115, 19.55, 21.694, 23.885, 28.46, 31.153, 31.431, 35.071, 37.092, 38.893, 43.402, 45.061, 45.489, 46.237, 47.428, 47.832, 48.455, 48.295, 48.684, 49.78, 49.761, 49.492, 50.508, 50.275, 50.13, 50.959, 51.468, 51.285, 51.227, 51.259, 51.193, 51.046, 50.555, 50.391, 50.159, 49.962, 50.712, 52.659, 51.334, 50.56, 50.417, 48.034], [52.039, 51.264, 54.035, 55.992, 53.91, 51.786, 51.394, 50.92, 50.669, 49.787, 46.433, 43.18, 40.855, 39.055, 40.332, 42.383, 41.945, 41.002, 40.218, 35.855, 29.215, 26.206, 26.022, 25.46, 25.113, 24.569, 23.697, 22.27, 20.677, 18.112, 14.553, 12.919, 11.395, 9.683, 8.383, 6.291, 4.704, 3.389, 0.0, 6.209, 10.406, 11.123, 12.675, 14.844, 16.257, 19.021, 21.724, 24.055, 28.681, 31.365, 31.434, 34.958, 37.003, 38.873, 43.462, 45.247, 45.652, 46.403, 47.655, 48.048, 48.689, 48.427, 48.795, 49.845, 49.863, 49.631, 50.623, 50.405, 50.235, 51.01, 51.51, 51.347, 51.4, 51.493, 51.408, 51.272, 50.853, 50.71, 50.472, 50.269, 50.945, 52.834, 51.504, 50.726, 50.68, 48.407], [52.998, 52.211, 54.99, 57.009, 55.054, 53.24, 52.993, 52.511, 52.348, 51.503, 48.114, 44.787, 42.334, 40.511, 41.863, 43.893, 43.476, 42.614, 41.877, 37.251, 30.179, 27.16, 27.115, 26.748, 26.686, 26.129, 25.187, 23.779, 22.291, 19.97, 16.335, 14.738, 13.605, 11.862, 10.818, 9.76, 9.167, 8.592, 6.209, 0.0, 5.762, 7.649, 9.191, 11.687, 13.604, 17.293, 21.224, 23.737, 28.087, 30.771, 30.678, 34.082, 36.088, 38.127, 43.052, 45.014, 45.451, 46.216, 47.583, 47.99, 48.644, 48.309, 48.447, 49.424, 49.543, 49.376, 50.313, 50.114, 49.953, 50.675, 51.127, 50.93, 51.06, 51.352, 51.359, 51.232, 50.971, 50.947, 50.705, 50.521, 51.169, 53.069, 51.769, 50.989, 51.012, 48.972], [53.262, 52.458, 55.243, 57.277, 55.361, 53.765, 53.808, 53.318, 53.186, 52.622, 49.507, 46.368, 43.959, 42.066, 43.439, 45.545, 45.163, 44.428, 43.739, 39.121, 31.94, 28.674, 28.469, 28.113, 28.087, 27.576, 26.676, 25.307, 23.935, 21.884, 18.554, 17.03, 16.013, 14.608, 13.725, 12.817, 12.381, 11.981, 10.406, 5.762, 0.0, 4.37, 7.273, 9.257, 11.029, 15.015, 20.029, 23.196, 27.366, 29.845, 29.759, 33.216, 35.153, 37.261, 42.418, 44.497, 44.921, 45.678, 47.12, 47.569, 48.284, 48.015, 48.197, 49.209, 49.38, 49.199, 50.085, 49.895, 49.775, 50.539, 51.011, 50.821, 50.942, 51.274, 51.453, 51.425, 51.215, 51.287, 51.042, 50.847, 51.418, 53.233, 51.946, 51.22, 51.229, 49.296], [52.94, 52.155, 54.879, 56.86, 54.945, 53.372, 53.43, 52.992, 52.738, 52.068, 49.093, 46.086, 43.675, 41.73, 43.007, 45.082, 44.714, 43.98, 43.28, 38.696, 31.778, 28.738, 28.56, 28.182, 28.099, 27.521, 26.664, 25.31, 23.849, 21.806, 18.873, 17.798, 16.68, 15.322, 14.483, 13.299, 12.883, 12.561, 11.123, 7.649, 4.37, 0.0, 5.604, 8.482, 9.945, 13.572, 18.86, 22.628, 27.001, 29.296, 29.239, 32.743, 34.667, 36.784, 41.786, 43.809, 44.233, 44.949, 46.414, 46.855, 47.585, 47.409, 47.76, 48.881, 49.113, 48.901, 49.816, 49.619, 49.494, 50.379, 50.922, 50.758, 50.911, 51.199, 51.382, 51.535, 51.464, 51.573, 51.324, 51.126, 51.652, 53.311, 52.002, 51.344, 51.349, 49.371], [53.701, 52.945, 55.662, 57.531, 55.636, 54.179, 54.247, 53.815, 53.898, 53.5, 50.434, 47.326, 45.025, 43.263, 44.705, 46.848, 46.51, 45.823, 45.111, 40.443, 33.364, 30.15, 29.809, 29.525, 29.753, 29.38, 28.524, 27.291, 25.953, 23.822, 20.602, 19.081, 18.158, 16.673, 15.846, 14.771, 14.203, 13.87, 12.675, 9.191, 7.273, 5.604, 0.0, 4.766, 8.067, 12.979, 18.071, 21.595, 25.791, 28.237, 28.41, 32.153, 34.161, 36.396, 41.515, 43.44, 43.938, 44.718, 46.007, 46.385, 47.053, 47.092, 47.462, 48.534, 48.827, 48.632, 49.562, 49.369, 49.207, 50.115, 50.686, 50.485, 50.568, 50.908, 51.084, 51.195, 51.163, 51.245, 51.008, 50.847, 51.593, 53.442, 52.17, 51.481, 51.414, 49.395], [53.968, 53.199, 55.919, 57.771, 55.935, 54.624, 54.807, 54.353, 54.631, 54.734, 51.943, 48.831, 46.494, 44.74, 46.189, 48.395, 48.132, 47.555, 46.921, 42.119, 34.664, 31.138, 30.674, 30.519, 31.002, 30.808, 29.953, 28.784, 27.608, 25.607, 22.348, 20.576, 19.692, 18.29, 17.55, 16.718, 16.127, 15.798, 14.844, 11.687, 9.257, 8.482, 4.766, 0.0, 4.88, 11.77, 17.847, 21.757, 25.848, 28.192, 28.496, 32.41, 34.438, 36.777, 42.091, 44.105, 44.571, 45.396, 46.597, 46.965, 47.682, 47.776, 48.322, 49.381, 49.683, 49.495, 50.37, 50.219, 50.07, 50.934, 51.494, 51.274, 51.306, 51.596, 51.8, 51.864, 51.748, 51.813, 51.571, 51.408, 52.204, 54.074, 52.811, 52.118, 51.971, 49.968], [53.085, 52.276, 54.937, 56.846, 55.133, 54.014, 54.278, 53.821, 54.03, 54.243, 51.879, 49.073, 46.639, 44.741, 46.077, 48.296, 48.112, 47.652, 47.129, 42.391, 35.218, 31.984, 31.613, 31.485, 31.937, 31.63, 30.771, 29.561, 28.249, 26.37, 23.264, 21.598, 20.671, 19.351, 18.681, 17.922, 17.422, 17.115, 16.257, 13.604, 11.029, 9.945, 8.067, 4.88, 0.0, 8.238, 16.229, 21.573, 26.025, 28.032, 28.187, 32.047, 34.084, 36.469, 41.691, 43.784, 44.194, 44.947, 46.189, 46.583, 47.298, 47.409, 48.264, 49.374, 49.763, 49.594, 50.424, 50.323, 50.207, 51.067, 51.625, 51.429, 51.506, 51.68, 51.859, 52.02, 51.951, 52.025, 51.76, 51.568, 52.236, 53.842, 52.452, 51.798, 51.703, 49.772], [51.5, 50.652, 53.228, 55.189, 53.586, 52.652, 52.987, 52.55, 52.67, 52.752, 50.817, 48.851, 46.888, 44.948, 46.155, 48.435, 48.267, 47.793, 47.227, 43.05, 37.097, 34.606, 34.345, 34.03, 34.108, 33.509, 32.613, 31.259, 29.631, 27.913, 25.126, 23.638, 22.771, 21.624, 20.89, 20.132, 19.802, 19.55, 19.021, 17.293, 15.015, 13.572, 12.979, 11.77, 8.238, 0.0, 11.118, 19.374, 24.63, 26.303, 26.079, 29.616, 31.738, 34.134, 39.155, 41.269, 41.657, 42.291, 43.679, 44.118, 44.915, 45.344, 46.48, 47.647, 48.189, 48.003, 48.769, 48.694, 48.656, 49.594, 50.149, 49.995, 50.12, 50.172, 50.338, 50.688, 50.756, 50.869, 50.559, 50.34, 50.842, 52.078, 50.512, 49.913, 49.975, 48.211], [49.071, 48.221, 50.829, 52.652, 50.887, 49.721, 50.019, 49.624, 49.987, 50.154, 48.135, 46.626, 45.874, 44.514, 45.727, 48.135, 47.834, 47.121, 46.327, 43.081, 38.507, 36.472, 36.258, 35.82, 35.449, 34.908, 34.322, 32.886, 31.065, 29.511, 26.994, 25.448, 24.799, 23.934, 23.098, 22.082, 21.738, 21.694, 21.724, 21.224, 20.029, 18.86, 18.071, 17.847, 16.229, 11.118, 0.0, 11.112, 18.135, 20.471, 20.458, 24.21, 26.676, 28.863, 33.709, 35.627, 35.967, 36.771, 38.263, 38.687, 39.836, 40.874, 42.212, 43.519, 44.066, 43.743, 44.6, 44.55, 44.609, 45.739, 46.326, 46.197, 46.114, 46.134, 46.363, 46.682, 46.367, 46.198, 45.901, 45.722, 46.766, 48.515, 46.983, 46.335, 46.486, 44.718], [48.375, 47.499, 50.163, 51.888, 49.898, 48.381, 48.595, 48.244, 48.982, 49.206, 46.565, 44.575, 44.415, 44.084, 45.831, 48.046, 47.582, 46.915, 46.301, 43.681, 39.864, 38.244, 38.242, 37.818, 37.256, 36.826, 36.47, 35.028, 33.064, 31.445, 29.057, 27.261, 26.71, 25.955, 25.07, 24.068, 23.817, 23.885, 24.055, 23.737, 23.196, 22.628, 21.595, 21.757, 21.573, 19.374, 11.112, 0.0, 9.634, 14.505, 15.315, 20.125, 22.926, 24.801, 29.549, 31.449, 31.929, 33.003, 34.533, 34.868, 36.136, 37.108, 38.306, 39.816, 40.156, 39.76, 40.956, 40.993, 41.08, 42.237, 42.812, 42.693, 42.445, 42.654, 43.028, 43.112, 42.411, 42.016, 41.777, 41.721, 43.332, 46.137, 45.16, 44.462, 44.634, 42.862], [50.361, 49.517, 52.179, 53.781, 51.747, 50.371, 50.725, 50.372, 51.317, 51.74, 48.998, 46.895, 46.937, 47.027, 49.477, 51.903, 51.397, 50.878, 50.384, 47.955, 44.132, 42.34, 42.303, 41.984, 41.542, 41.245, 40.955, 39.594, 37.805, 36.222, 33.842, 31.913, 31.312, 30.384, 29.42, 28.589, 28.383, 28.46, 28.681, 28.087, 27.366, 27.001, 25.791, 25.848, 26.025, 24.63, 18.135, 9.634, 0.0, 7.338, 9.482, 15.136, 18.183, 20.131, 25.383, 27.642, 28.449, 29.648, 31.259, 31.558, 33.087, 34.375, 35.568, 37.354, 37.681, 37.296, 38.686, 38.819, 38.938, 40.189, 40.76, 40.639, 40.304, 40.635, 41.252, 41.445, 40.679, 40.254, 40.051, 40.176, 42.095, 45.396, 45.292, 44.975, 45.116, 43.889], [50.44, 49.642, 52.227, 53.809, 51.863, 50.762, 51.258, 50.893, 51.783, 52.306, 49.894, 48.124, 48.241, 48.236, 50.744, 53.418, 53.015, 52.552, 52.046, 49.645, 45.977, 44.252, 44.225, 44.007, 43.611, 43.269, 43.019, 41.715, 40.055, 38.618, 36.312, 34.572, 34.026, 33.118, 32.229, 31.384, 31.116, 31.153, 31.365, 30.771, 29.845, 29.296, 28.237, 28.192, 28.032, 26.303, 20.471, 14.505, 7.338, 0.0, 5.236, 12.606, 15.497, 17.647, 23.078, 25.43, 26.174, 27.275, 28.896, 29.209, 30.983, 32.804, 34.369, 36.21, 36.763, 36.473, 37.75, 37.923, 38.024, 39.381, 40.053, 39.982, 39.695, 39.914, 40.655, 41.188, 40.558, 40.131, 39.935, 40.075, 41.917, 44.885, 45.065, 45.348, 45.507, 44.498], [50.244, 49.387, 52.051, 53.942, 52.078, 51.039, 51.559, 51.235, 52.027, 52.324, 49.936, 48.304, 48.43, 48.429, 50.896, 53.486, 53.109, 52.689, 52.182, 49.773, 46.28, 44.796, 44.889, 44.679, 44.239, 43.754, 43.425, 42.056, 40.315, 38.91, 36.568, 34.844, 34.334, 33.379, 32.453, 31.667, 31.458, 31.431, 31.434, 30.678, 29.759, 29.239, 28.41, 28.496, 28.187, 26.079, 20.458, 15.315, 9.482, 5.236, 0.0, 9.571, 13.427, 15.858, 21.622, 24.36, 25.104, 26.123, 28.261, 28.737, 30.741, 32.328, 33.772, 35.57, 36.168, 35.946, 37.155, 37.319, 37.451, 38.821, 39.488, 39.417, 39.252, 39.441, 40.078, 40.667, 40.22, 39.836, 39.555, 39.699, 41.351, 44.144, 44.196, 44.455, 45.063, 44.517], [51.054, 50.179, 52.716, 54.629, 52.894, 51.959, 52.494, 52.239, 52.98, 53.122, 50.875, 49.551, 49.873, 49.958, 52.283, 54.687, 54.284, 53.885, 53.438, 51.385, 48.493, 47.425, 47.64, 47.37, 46.836, 46.264, 45.888, 44.496, 42.702, 41.4, 39.305, 37.718, 37.246, 36.356, 35.484, 35.0, 35.045, 35.071, 34.958, 34.082, 33.216, 32.743, 32.153, 32.41, 32.047, 29.616, 24.21, 20.125, 15.136, 12.606, 9.571, 0.0, 5.694, 8.994, 15.549, 19.047, 20.197, 21.169, 24.124, 24.967, 27.326, 28.452, 29.75, 31.753, 32.41, 32.23, 33.198, 33.453, 33.607, 34.871, 35.509, 35.461, 35.443, 35.618, 36.173, 36.846, 36.586, 36.344, 35.995, 36.237, 37.745, 40.259, 40.701, 41.103, 42.151, 43.529], [51.595, 50.75, 53.146, 54.923, 53.237, 52.384, 52.932, 52.676, 53.399, 53.544, 51.38, 50.15, 50.528, 50.64, 52.903, 55.247, 54.847, 54.441, 54.055, 52.164, 49.491, 48.58, 48.824, 48.541, 47.994, 47.444, 47.095, 45.719, 43.963, 42.731, 40.787, 39.293, 38.851, 38.061, 37.27, 36.899, 37.026, 37.092, 37.003, 36.088, 35.153, 34.667, 34.161, 34.438, 34.084, 31.738, 26.676, 22.926, 18.183, 15.497, 13.427, 5.694, 0.0, 5.057, 12.574, 16.51, 18.022, 19.024, 22.17, 23.085, 25.553, 26.508, 27.866, 30.017, 30.831, 30.66, 31.452, 31.801, 31.932, 33.1, 33.781, 33.791, 33.823, 34.045, 34.721, 35.471, 35.268, 35.107, 34.763, 35.026, 36.443, 38.735, 39.385, 40.113, 41.085, 43.103], [51.381, 50.571, 52.892, 54.611, 52.925, 52.068, 52.637, 52.395, 53.118, 53.257, 51.141, 50.026, 50.598, 50.824, 53.084, 55.381, 54.955, 54.603, 54.307, 52.901, 50.84, 50.168, 50.447, 50.11, 49.439, 48.918, 48.677, 47.324, 45.526, 44.332, 42.584, 41.138, 40.62, 39.908, 39.106, 38.683, 38.829, 38.893, 38.873, 38.127, 37.261, 36.784, 36.396, 36.777, 36.469, 34.134, 28.863, 24.801, 20.131, 17.647, 15.858, 8.994, 5.057, 0.0, 8.696, 13.475, 15.433, 16.616, 20.132, 21.159, 23.751, 24.707, 26.326, 28.703, 29.558, 29.37, 30.247, 30.677, 30.863, 32.045, 32.748, 32.812, 32.82, 33.053, 33.798, 34.576, 34.337, 34.184, 33.854, 34.141, 35.575, 37.919, 38.697, 39.511, 40.515, 42.665], [51.369, 50.604, 52.613, 54.147, 52.558, 51.796, 52.396, 52.208, 52.889, 52.889, 51.047, 50.327, 51.202, 51.64, 53.786, 55.912, 55.494, 55.304, 55.183, 54.525, 53.93, 54.115, 54.514, 54.09, 53.256, 52.696, 52.6, 51.314, 49.399, 48.249, 46.818, 45.558, 45.016, 44.44, 43.673, 43.136, 43.323, 43.402, 43.462, 43.052, 42.418, 41.786, 41.515, 42.091, 41.691, 39.155, 33.709, 29.549, 25.383, 23.078, 21.622, 15.549, 12.574, 8.696, 0.0, 7.471, 10.619, 11.886, 16.4, 17.644, 20.522, 21.599, 24.305, 27.177, 28.217, 28.077, 29.169, 29.732, 30.024, 31.295, 32.013, 32.15, 32.208, 32.337, 33.112, 34.105, 33.973, 33.766, 33.462, 33.766, 35.076, 37.135, 38.113, 39.108, 40.297, 42.859], [50.42, 49.784, 51.658, 52.889, 51.231, 50.471, 51.115, 50.987, 51.819, 51.969, 50.268, 49.715, 50.858, 51.403, 53.388, 55.52, 55.112, 54.883, 54.672, 54.243, 54.271, 54.872, 55.291, 54.831, 53.979, 53.491, 53.557, 52.385, 50.493, 49.394, 48.07, 46.927, 46.549, 46.118, 45.351, 44.708, 44.936, 45.061, 45.247, 45.014, 44.497, 43.809, 43.44, 44.105, 43.784, 41.269, 35.627, 31.449, 27.642, 25.43, 24.36, 19.047, 16.51, 13.475, 7.471, 0.0, 4.861, 6.632, 11.139, 12.777, 15.775, 17.544, 20.492, 23.654, 24.813, 24.682, 25.772, 26.237, 26.59, 28.144, 28.956, 29.103, 29.013, 29.133, 30.063, 31.208, 31.059, 30.827, 30.593, 30.891, 32.327, 34.509, 35.636, 36.798, 37.91, 40.419], [49.173, 48.627, 50.46, 51.69, 50.059, 49.323, 49.995, 49.913, 50.837, 51.094, 49.505, 49.035, 50.311, 50.839, 52.631, 54.776, 54.387, 54.122, 53.845, 53.467, 53.715, 54.554, 55.096, 54.678, 53.781, 53.287, 53.428, 52.248, 50.345, 49.343, 48.029, 46.976, 46.713, 46.363, 45.718, 45.111, 45.352, 45.489, 45.652, 45.451, 44.921, 44.233, 43.938, 44.571, 44.194, 41.657, 35.967, 31.929, 28.449, 26.174, 25.104, 20.197, 18.022, 15.433, 10.619, 4.861, 0.0, 4.398, 9.714, 11.465, 14.722, 16.502, 19.615, 22.708, 24.022, 23.971, 24.993, 25.457, 25.858, 27.447, 28.241, 28.38, 28.262, 28.362, 29.384, 30.594, 30.343, 30.041, 29.845, 30.058, 31.413, 33.605, 34.766, 36.015, 37.182, 39.516], [49.231, 48.689, 50.428, 51.591, 49.97, 49.4, 50.111, 50.024, 50.856, 50.965, 49.447, 49.095, 50.317, 50.841, 52.681, 54.869, 54.518, 54.323, 54.108, 53.812, 54.225, 55.178, 55.763, 55.415, 54.545, 53.976, 54.085, 52.899, 50.977, 49.957, 48.7, 47.713, 47.446, 47.059, 46.396, 45.862, 46.127, 46.237, 46.403, 46.216, 45.678, 44.949, 44.718, 45.396, 44.947, 42.291, 36.771, 33.003, 29.648, 27.275, 26.123, 21.169, 19.024, 16.616, 11.886, 6.632, 4.398, 0.0, 7.407, 9.549, 12.984, 15.519, 18.587, 21.854, 23.397, 23.44, 24.38, 24.88, 25.302, 26.79, 27.575, 27.771, 27.731, 27.772, 28.813, 30.156, 30.032, 29.825, 29.637, 29.848, 31.056, 32.985, 34.058, 35.355, 36.622, 39.111], [49.574, 49.12, 50.681, 51.424, 49.75, 49.251, 49.981, 49.878, 50.872, 51.259, 49.869, 49.563, 50.794, 51.323, 53.106, 55.356, 55.061, 54.889, 54.658, 54.417, 54.904, 55.884, 56.415, 56.128, 55.433, 54.962, 55.094, 53.91, 51.984, 50.977, 49.771, 48.76, 48.549, 48.224, 47.595, 47.085, 47.353, 47.428, 47.655, 47.583, 47.12, 46.414, 46.007, 46.597, 46.189, 43.679, 38.263, 34.533, 31.259, 28.896, 28.261, 24.124, 22.17, 20.132, 16.4, 11.139, 9.714, 7.407, 0.0, 4.143, 9.166, 14.001, 17.64, 20.939, 22.534, 22.612, 23.44, 23.926, 24.221, 25.612, 26.475, 26.743, 26.638, 26.599, 27.746, 29.081, 28.798, 28.457, 28.349, 28.546, 29.939, 31.956, 33.169, 34.705, 35.683, 37.913], [49.539, 49.086, 50.604, 51.227, 49.515, 49.046, 49.772, 49.661, 50.677, 51.076, 49.698, 49.451, 50.792, 51.35, 53.129, 55.414, 55.12, 54.913, 54.662, 54.469, 55.00