[[0.0, 6.76, 9.368, 10.204, 14.995, 19.189, 20.546, 21.504, 22.567, 24.081, 25.31, 26.031, 26.687, 27.876, 29.524, 30.814, 30.741, 31.207, 32.216, 32.292, 33.065, 33.937, 35.246, 36.611, 36.702, 36.131, 35.86, 36.492, 37.533, 40.152, 42.335, 43.18, 43.33, 43.106, 42.432, 42.444, 42.869, 44.033, 44.834, 44.47, 44.774, 45.45, 46.013, 45.674, 45.078, 45.831, 47.503, 47.986, 47.855, 47.889, 48.022, 48.621, 48.733, 48.883, 48.586, 48.029, 48.758, 50.07, 50.039, 50.175, 50.349, 51.103, 51.862, 53.063, 53.814, 52.921, 51.3, 50.704, 50.259, 49.336, 49.018, 49.085, 49.28, 49.199, 49.838, 51.8, 52.267, 51.552, 50.6, 49.456, 48.816, 47.015, 46.193, 47.264, 47.282, 46.672], [6.76, 0.0, 4.171, 7.112, 14.542, 19.813, 20.955, 21.408, 21.84, 22.632, 23.741, 24.492, 25.187, 26.161, 27.604, 29.139, 29.08, 29.679, 30.529, 30.549, 31.507, 32.382, 33.546, 35.038, 35.019, 34.286, 34.102, 34.922, 35.86, 38.127, 40.196, 40.936, 40.925, 40.516, 40.087, 40.685, 41.234, 42.204, 43.058, 42.671, 42.592, 42.97, 43.427, 43.113, 42.728, 43.657, 45.282, 45.743, 45.466, 45.359, 45.402, 45.718, 45.726, 45.944, 45.824, 45.442, 46.261, 47.504, 47.546, 47.704, 47.829, 48.523, 49.427, 50.943, 51.762, 51.025, 49.769, 49.701, 49.455, 48.545, 48.173, 48.327, 48.596, 48.469, 49.225, 51.415, 51.974, 51.184, 50.134, 48.867, 48.169, 45.923, 44.425, 45.116, 45.08, 44.753], [9.368, 4.171, 0.0, 6.281, 15.828, 21.504, 22.695, 23.221, 23.696, 24.26, 25.115, 25.802, 26.409, 27.002, 28.259, 29.855, 29.771, 30.458, 31.154, 30.76, 31.247, 31.881, 33.135, 34.782, 34.677, 34.03, 34.014, 35.009, 36.062, 38.4, 40.54, 41.23, 40.967, 40.369, 39.991, 40.756, 41.507, 42.352, 43.042, 42.632, 42.292, 42.404, 42.787, 42.538, 42.284, 43.193, 44.719, 45.154, 44.791, 44.613, 44.621, 44.864, 44.875, 45.123, 45.058, 44.693, 45.414, 46.597, 46.729, 46.902, 47.007, 47.678, 48.608, 50.176, 50.969, 50.286, 49.252, 49.441, 49.293, 48.355, 47.924, 48.144, 48.467, 48.316, 49.197, 51.55, 52.142, 51.289, 50.19, 48.923, 48.289, 45.86, 43.942, 44.367, 44.302, 44.078], [10.204, 7.112, 6.281, 0.0, 11.009, 17.528, 19.239, 20.269, 21.474, 22.921, 24.052, 24.644, 25.298, 26.207, 27.443, 28.816, 28.548, 29.042, 30.106, 30.279, 31.208, 32.051, 33.094, 34.491, 34.57, 33.833, 33.643, 34.53, 35.521, 37.757, 39.658, 40.386, 40.548, 40.179, 39.732, 40.302, 41.018, 42.425, 43.496, 43.083, 42.959, 43.427, 43.97, 43.668, 43.316, 44.286, 45.971, 46.408, 46.089, 45.985, 46.043, 46.384, 46.428, 46.696, 46.645, 46.343, 47.257, 48.583, 48.684, 48.849, 48.963, 49.655, 50.533, 52.052, 52.901, 52.254, 51.131, 51.075, 50.767, 49.787, 49.455, 49.657, 49.912, 49.799, 50.555, 52.638, 53.099, 52.291, 51.233, 49.904, 49.109, 46.899, 45.395, 45.995, 45.974, 45.795], [14.995, 14.542, 15.828, 11.009, 0.0, 7.883, 11.662, 13.917, 16.29, 19.345, 21.15, 21.854, 22.684, 24.372, 25.571, 26.301, 25.832, 26.065, 28.177, 29.941, 32.122, 33.685, 34.558, 35.397, 35.894, 35.108, 34.544, 35.009, 35.76, 37.817, 39.249, 40.034, 41.136, 41.505, 40.902, 40.927, 41.324, 43.458, 45.262, 45.046, 45.657, 46.985, 47.855, 47.478, 46.861, 47.899, 49.859, 50.265, 50.1, 50.226, 50.407, 50.969, 51.05, 51.283, 51.107, 50.718, 51.852, 53.47, 53.46, 53.573, 53.734, 54.512, 55.285, 56.567, 57.509, 56.911, 55.522, 54.759, 54.103, 53.168, 52.962, 53.039, 53.156, 53.15, 53.556, 54.905, 55.059, 54.373, 53.424, 52.017, 50.89, 49.248, 48.813, 49.973, 50.022, 49.731], [19.189, 19.813, 21.504, 17.528, 7.883, 0.0, 5.803, 9.456, 13.104, 17.285, 19.382, 20.512, 21.674, 23.517, 24.655, 24.911, 24.563, 24.953, 27.515, 29.957, 32.651, 34.458, 35.138, 35.66, 36.424, 35.827, 35.277, 35.586, 36.353, 38.498, 39.654, 40.194, 41.462, 42.267, 41.64, 41.204, 41.388, 43.728, 45.722, 45.8, 47.1, 48.999, 50.067, 49.68, 48.879, 49.819, 51.825, 52.19, 52.178, 52.497, 52.729, 53.46, 53.606, 53.793, 53.485, 52.998, 54.215, 56.019, 55.897, 55.953, 56.157, 57.011, 57.701, 58.75, 59.775, 59.232, 57.764, 56.684, 55.873, 54.982, 54.757, 54.724, 54.784, 54.786, 54.963, 55.923, 55.922, 55.286, 54.351, 52.955, 51.919, 50.767, 50.889, 52.366, 52.463, 51.928], [20.546, 20.955, 22.695, 19.239, 11.662, 5.803, 0.0, 4.746, 9.684, 14.523, 16.708, 18.102, 19.439, 21.125, 22.365, 22.676, 22.534, 23.323, 25.902, 28.446, 31.366, 33.208, 33.708, 34.266, 35.072, 34.566, 34.211, 34.64, 35.579, 37.828, 38.902, 39.12, 40.042, 40.843, 40.327, 39.866, 40.014, 42.272, 44.192, 44.503, 46.144, 48.204, 49.327, 48.976, 48.212, 49.155, 51.094, 51.433, 51.463, 51.814, 52.002, 52.706, 52.869, 53.052, 52.724, 52.24, 53.492, 55.298, 55.11, 55.147, 55.366, 56.229, 56.887, 57.894, 58.989, 58.522, 57.182, 56.267, 55.503, 54.615, 54.358, 54.333, 54.422, 54.353, 54.476, 55.493, 55.529, 54.86, 53.857, 52.453, 51.609, 50.504, 50.525, 51.962, 52.054, 51.465], [21.504, 21.408, 23.221, 20.269, 13.917, 9.456, 4.746, 0.0, 5.983, 11.727, 14.414, 16.05, 17.503, 19.251, 20.625, 21.097, 21.078, 22.115, 24.647, 27.149, 30.269, 32.25, 32.645, 33.21, 33.985, 33.469, 33.221, 33.706, 34.714, 36.959, 37.969, 37.99, 38.719, 39.505, 39.08, 38.717, 38.848, 40.998, 42.878, 43.252, 45.027, 47.223, 48.42, 48.092, 47.377, 48.441, 50.429, 50.754, 50.764, 51.109, 51.262, 51.917, 52.085, 52.293, 51.987, 51.524, 52.802, 54.591, 54.376, 54.406, 54.633, 55.505, 56.171, 57.196, 58.348, 57.962, 56.74, 55.991, 55.302, 54.452, 54.202, 54.212, 54.331, 54.231, 54.356, 55.423, 55.484, 54.814, 53.777, 52.309, 51.446, 50.223, 50.103, 51.477, 51.577, 51.043], [22.567, 21.84, 23.696, 21.474, 16.29, 13.104, 9.684, 5.983, 0.0, 6.662, 10.546, 12.946, 14.872, 16.995, 18.343, 18.896, 19.096, 20.338, 22.876, 25.627, 29.168, 31.288, 31.548, 32.096, 32.794, 32.221, 32.11, 32.792, 33.961, 36.22, 37.131, 36.884, 37.5, 38.39, 38.045, 37.799, 37.885, 39.835, 41.674, 42.046, 43.836, 46.056, 47.275, 46.946, 46.238, 47.403, 49.411, 49.708, 49.694, 50.036, 50.176, 50.81, 51.004, 51.225, 50.927, 50.469, 51.747, 53.486, 53.263, 53.3, 53.524, 54.378, 55.025, 56.065, 57.268, 56.976, 55.864, 55.219, 54.606, 53.829, 53.548, 53.531, 53.651, 53.545, 53.638, 54.7, 54.799, 54.127, 53.046, 51.497, 50.633, 49.342, 49.116, 50.429, 50.536, 50.038], [24.081, 22.632, 24.26, 22.921, 19.345, 17.285, 14.523, 11.727, 6.662, 0.0, 5.594, 9.829, 12.669, 14.896, 16.116, 16.815, 17.262, 18.837, 21.309, 24.369, 28.311, 30.488, 30.759, 31.38, 31.947, 31.384, 31.451, 32.388, 33.82, 36.203, 37.121, 36.579, 36.837, 37.693, 37.47, 37.431, 37.513, 39.077, 40.741, 41.13, 42.805, 44.872, 46.036, 45.756, 45.139, 46.334, 48.262, 48.534, 48.486, 48.81, 48.919, 49.496, 49.7, 49.936, 49.689, 49.24, 50.442, 52.103, 51.917, 51.971, 52.186, 53.008, 53.612, 54.636, 55.865, 55.683, 54.801, 54.406, 53.907, 53.171, 52.812, 52.808, 52.955, 52.829, 52.976, 54.179, 54.369, 53.636, 52.455, 50.876, 50.109, 48.68, 48.157, 49.296, 49.39, 48.944], [25.31, 23.741, 25.115, 24.052, 21.15, 19.382, 16.708, 14.414, 10.546, 5.594, 0.0, 5.955, 10.032, 12.592, 14.382, 15.347, 15.786, 17.912, 20.813, 23.712, 27.377, 29.523, 30.015, 30.791, 31.359, 31.032, 31.405, 32.598, 34.42, 37.185, 38.302, 37.741, 37.724, 38.417, 38.206, 38.209, 38.339, 39.727, 41.182, 41.574, 43.192, 45.155, 46.306, 46.076, 45.532, 46.699, 48.53, 48.799, 48.737, 49.051, 49.143, 49.722, 49.964, 50.192, 49.938, 49.435, 50.495, 52.085, 51.938, 51.994, 52.209, 53.034, 53.635, 54.586, 55.787, 55.619, 54.813, 54.58, 54.139, 53.405, 53.013, 53.022, 53.2, 53.051, 53.326, 54.776, 55.059, 54.284, 53.07, 51.561, 50.93, 49.428, 48.71, 49.742, 49.824, 49.347], [26.031, 24.492, 25.802, 24.644, 21.854, 20.512, 18.102, 16.05, 12.946, 9.829, 5.955, 0.0, 5.681, 10.256, 13.348, 14.711, 14.744, 17.009, 20.37, 23.218, 26.686, 28.827, 29.445, 30.429, 31.005, 30.701, 31.123, 32.505, 34.66, 37.786, 39.104, 38.591, 38.483, 38.943, 38.555, 38.555, 38.728, 40.177, 41.699, 42.117, 43.607, 45.422, 46.562, 46.339, 45.888, 47.221, 49.071, 49.338, 49.227, 49.489, 49.563, 50.111, 50.388, 50.64, 50.401, 49.898, 50.864, 52.324, 52.198, 52.264, 52.471, 53.258, 53.821, 54.71, 55.844, 55.668, 54.855, 54.632, 54.225, 53.504, 53.182, 53.247, 53.45, 53.294, 53.62, 55.196, 55.516, 54.75, 53.544, 52.012, 51.333, 49.722, 48.942, 49.922, 49.984, 49.546], [26.687, 25.187, 26.409, 25.298, 22.684, 21.674, 19.439, 17.503, 14.872, 12.669, 10.032, 5.681, 0.0, 6.59, 11.208, 13.151, 12.971, 15.424, 19.486, 22.431, 25.784, 28.022, 28.973, 30.279, 30.821, 30.547, 30.92, 32.287, 34.477, 37.729, 39.314, 39.074, 39.007, 39.281, 38.746, 38.739, 38.98, 40.427, 41.996, 42.545, 43.983, 45.66, 46.775, 46.632, 46.337, 47.782, 49.625, 49.882, 49.728, 49.909, 49.937, 50.423, 50.666, 50.911, 50.667, 50.144, 51.029, 52.36, 52.198, 52.272, 52.482, 53.253, 53.821, 54.744, 55.819, 55.529, 54.604, 54.319, 53.904, 53.17, 52.946, 53.125, 53.37, 53.211, 53.554, 55.164, 55.471, 54.697, 53.508, 52.004, 51.261, 49.549, 48.796, 49.836, 49.887, 49.544], [27.876, 26.161, 27.002, 26.207, 24.372, 23.517, 21.125, 19.251, 16.995, 14.896, 12.592, 10.256, 6.59, 0.0, 6.126, 9.301, 9.514, 13.055, 17.644, 20.183, 23.26, 25.588, 27.146, 29.112, 29.536, 29.416, 30.06, 31.605, 33.937, 37.327, 39.096, 38.848, 38.422, 38.506, 38.042, 38.112, 38.5, 39.724, 41.078, 41.829, 43.279, 44.803, 45.842, 45.771, 45.588, 46.922, 48.583, 48.836, 48.687, 48.823, 48.792, 49.202, 49.427, 49.654, 49.371, 48.775, 49.502, 50.722, 50.552, 50.623, 50.834, 51.592, 52.191, 53.168, 54.237, 53.939, 53.123, 53.013, 52.637, 51.861, 51.58, 51.779, 52.06, 51.839, 52.179, 53.867, 54.217, 53.381, 52.164, 50.758, 50.176, 48.356, 47.336, 48.302, 48.335, 47.968], [29.524, 27.604, 28.259, 27.443, 25.571, 24.655, 22.365, 20.625, 18.343, 16.116, 14.382, 13.348, 11.208, 6.126, 0.0, 4.555, 6.027, 10.308, 15.251, 18.351, 22.068, 24.672, 26.453, 28.77, 29.158, 28.924, 29.63, 31.303, 33.669, 36.937, 38.532, 38.039, 37.527, 37.73, 37.342, 37.449, 37.866, 39.082, 40.518, 41.401, 42.864, 44.347, 45.326, 45.222, 45.004, 46.244, 47.812, 48.077, 47.98, 48.132, 48.102, 48.468, 48.656, 48.843, 48.506, 47.879, 48.584, 49.768, 49.603, 49.683, 49.874, 50.596, 51.188, 52.211, 53.318, 53.109, 52.421, 52.358, 51.966, 51.183, 50.84, 50.976, 51.23, 50.986, 51.205, 52.726, 53.05, 52.184, 50.938, 49.528, 48.985, 47.235, 46.197, 47.152, 47.169, 46.76], [30.814, 29.139, 29.855, 28.816, 26.301, 24.911, 22.676, 21.097, 18.896, 16.815, 15.347, 14.711, 13.151, 9.301, 4.555, 0.0, 4.13, 9.316, 14.681, 18.509, 22.687, 25.456, 27.146, 29.381, 29.902, 29.714, 30.398, 32.007, 34.347, 37.554, 38.984, 38.354, 37.969, 38.423, 38.014, 37.924, 38.286, 39.727, 41.355, 42.259, 43.843, 45.488, 46.522, 46.385, 46.049, 47.181, 48.713, 48.967, 48.963, 49.211, 49.239, 49.681, 49.864, 49.99, 49.583, 48.923, 49.647, 50.861, 50.643, 50.716, 50.912, 51.646, 52.21, 53.171, 54.304, 54.122, 53.393, 53.172, 52.688, 51.91, 51.556, 51.609, 51.806, 51.593, 51.72, 53.03, 53.27, 52.411, 51.169, 49.767, 49.253, 47.78, 47.027, 48.112, 48.155, 47.605], [30.741, 29.08, 29.771, 28.548, 25.832, 24.563, 22.534, 21.078, 19.096, 17.262, 15.786, 14.744, 12.971, 9.514, 6.027, 4.13, 0.0, 6.872, 13.309, 17.654, 22.297, 25.308, 27.045, 29.229, 29.744, 29.456, 30.028, 31.663, 34.052, 37.271, 38.693, 38.116, 37.833, 38.237, 37.787, 37.724, 38.083, 39.57, 41.27, 42.166, 43.684, 45.299, 46.364, 46.252, 45.965, 47.187, 48.787, 49.045, 48.975, 49.169, 49.221, 49.683, 49.896, 50.072, 49.72, 49.098, 49.859, 51.129, 50.953, 51.036, 51.23, 51.96, 52.53, 53.496, 54.603, 54.379, 53.552, 53.275, 52.78, 51.999, 51.734, 51.892, 52.122, 51.913, 52.094, 53.458, 53.697, 52.844, 51.627, 50.195, 49.544, 47.962, 47.192, 48.284, 48.328, 47.897], [31.207, 29.679, 30.458, 29.042, 26.065, 24.953, 23.323, 22.115, 20.338, 18.837, 17.912, 17.009, 15.424, 13.055, 10.308, 9.316, 6.872, 0.0, 8.65, 15.287, 21.519, 25.158, 27.072, 29.165, 29.528, 28.921, 29.173, 30.737, 33.055, 36.162, 37.513, 37.071, 37.178, 37.742, 37.233, 37.056, 37.332, 39.017, 40.878, 41.827, 43.443, 45.149, 46.275, 46.121, 45.747, 47.024, 48.801, 49.119, 49.043, 49.188, 49.283, 49.859, 50.086, 50.25, 49.882, 49.284, 50.118, 51.449, 51.314, 51.414, 51.583, 52.3, 52.894, 53.902, 55.019, 54.715, 53.658, 53.171, 52.576, 51.818, 51.686, 51.871, 52.105, 51.901, 52.056, 53.37, 53.614, 52.807, 51.643, 50.213, 49.407, 47.851, 47.304, 48.52, 48.562, 48.182], [32.216, 30.529, 31.154, 30.106, 28.177, 27.515, 25.902, 24.647, 22.876, 21.309, 20.813, 20.37, 19.486, 17.644, 15.251, 14.681, 13.309, 8.65, 0.0, 9.806, 18.838, 23.374, 25.299, 27.443, 27.663, 26.754, 26.939, 28.731, 31.347, 34.59, 35.77, 34.789, 34.36, 34.753, 34.242, 34.081, 34.33, 35.895, 37.809, 38.971, 40.602, 42.245, 43.363, 43.217, 42.93, 44.339, 46.203, 46.492, 46.406, 46.578, 46.69, 47.363, 47.788, 48.036, 47.683, 47.13, 48.068, 49.455, 49.38, 49.502, 49.644, 50.322, 50.821, 51.808, 53.02, 52.872, 52.058, 51.789, 51.265, 50.526, 50.389, 50.624, 50.899, 50.624, 50.811, 52.263, 52.605, 51.737, 50.433, 48.929, 48.252, 46.702, 45.902, 46.867, 46.839, 46.434], [32.292, 30.549, 30.76, 30.279, 29.941, 29.957, 28.446, 27.149, 25.627, 24.369, 23.712, 23.218, 22.431, 20.183, 18.351, 18.509, 17.654, 15.287, 9.806, 0.0, 10.48, 16.138, 19.399, 22.445, 22.608, 22.134, 22.926, 25.34, 28.886, 33.187, 34.973, 34.082, 33.212, 33.271, 32.767, 32.692, 33.176, 34.369, 35.639, 36.704, 38.354, 39.959, 41.097, 41.04, 40.795, 42.141, 43.934, 44.205, 44.084, 44.218, 44.33, 45.103, 45.742, 46.145, 45.814, 45.196, 45.944, 47.258, 47.187, 47.311, 47.45, 48.157, 48.71, 49.668, 50.838, 50.61, 49.768, 49.711, 49.317, 48.555, 48.318, 48.54, 48.885, 48.561, 48.95, 50.739, 51.165, 50.215, 48.842, 47.381, 46.914, 45.289, 44.198, 45.121, 45.132, 44.55], [33.065, 31.507, 31.247, 31.208, 32.122, 32.651, 31.366, 30.269, 29.168, 28.311, 27.377, 26.686, 25.784, 23.26, 22.068, 22.687, 22.297, 21.519, 18.838, 10.48, 0.0, 7.229, 13.865, 18.585, 18.701, 19.315, 21.331, 24.382, 28.641, 34.004, 36.681, 36.439, 35.601, 35.481, 34.934, 34.85, 35.645, 36.601, 37.133, 37.927, 39.527, 41.029, 42.156, 42.182, 41.874, 42.929, 44.504, 44.766, 44.611, 44.679, 44.788, 45.627, 46.261, 46.629, 46.23, 45.461, 45.804, 46.856, 46.755, 46.878, 47.036, 47.808, 48.479, 49.357, 50.384, 49.938, 48.896, 48.847, 48.508, 47.69, 47.314, 47.428, 47.802, 47.483, 48.066, 50.112, 50.541, 49.533, 48.195, 46.893, 46.644, 45.006, 43.744, 44.739, 44.836, 43.967], [33.937, 32.382, 31.881, 32.051, 33.685, 34.458, 33.208, 32.25, 31.288, 30.488, 29.523, 28.827, 28.022, 25.588, 24.672, 25.456, 25.308, 25.158, 23.374, 16.138, 7.229, 0.0, 9.143, 15.205, 15.225, 16.533, 19.745, 23.345, 27.722, 33.361, 36.37, 36.398, 35.628, 35.515, 34.992, 34.972, 35.918, 36.788, 37.069, 37.672, 39.077, 40.425, 41.498, 41.541, 41.174, 41.987, 43.373, 43.608, 43.46, 43.528, 43.645, 44.497, 45.076, 45.37, 44.956, 44.249, 44.583, 45.555, 45.456, 45.608, 45.781, 46.571, 47.281, 48.231, 49.293, 48.836, 47.898, 47.98, 47.702, 46.838, 46.301, 46.339, 46.731, 46.401, 47.064, 49.255, 49.704, 48.656, 47.329, 46.171, 46.24, 44.641, 43.135, 44.077, 44.225, 43.11], [35.246, 33.546, 33.135, 33.094, 34.558, 35.138, 33.708, 32.645, 31.548, 30.759, 30.015, 29.445, 28.973, 27.146, 26.453, 27.146, 27.045, 27.072, 25.299, 19.399, 13.865, 9.143, 0.0, 7.401, 8.596, 10.764, 15.812, 20.276, 24.585, 29.912, 32.529, 32.318, 31.839, 32.104, 31.69, 31.677, 32.564, 33.687, 34.344, 34.9, 36.233, 37.695, 38.786, 38.759, 38.29, 39.041, 40.395, 40.502, 40.427, 40.642, 40.871, 41.834, 42.421, 42.704, 42.394, 42.028, 43.018, 44.349, 44.172, 44.357, 44.555, 45.337, 46.044, 47.27, 48.653, 48.41, 47.716, 47.976, 47.768, 46.92, 46.251, 46.245, 46.638, 46.302, 46.914, 49.044, 49.491, 48.448, 47.057, 45.933, 46.418, 45.144, 43.598, 44.487, 44.675, 43.345], [36.611, 35.038, 34.782, 34.491, 35.397, 35.66, 34.266, 33.21, 32.096, 31.38, 30.791, 30.429, 30.279, 29.112, 28.77, 29.381, 29.229, 29.165, 27.443, 22.445, 18.585, 15.205, 7.401, 0.0, 4.885, 8.558, 14.035, 18.549, 22.744, 27.99, 30.29, 30.047, 30.108, 30.852, 30.491, 30.281, 31.037, 32.52, 33.527, 34.056, 35.557, 37.34, 38.52, 38.442, 37.834, 38.543, 40.002, 40.025, 40.034, 40.388, 40.729, 41.898, 42.534, 42.854, 42.631, 42.425, 43.84, 45.636, 45.471, 45.636, 45.855, 46.672, 47.365, 48.627, 50.139, 49.943, 49.232, 49.414, 49.18, 48.374, 47.675, 47.632, 47.99, 47.684, 48.262, 50.234, 50.628, 49.63, 48.242, 47.158, 47.766, 46.806, 45.527, 46.516, 46.757, 45.331], [36.702, 35.019, 34.677, 34.57, 35.894, 36.424, 35.072, 33.985, 32.794, 31.947, 31.359, 31.005, 30.821, 29.536, 29.158, 29.902, 29.744, 29.528, 27.663, 22.608, 18.701, 15.225, 8.596, 4.885, 0.0, 5.757, 12.458, 17.247, 21.719, 27.32, 29.858, 29.617, 29.358, 29.915, 29.594, 29.5, 30.355, 31.649, 32.493, 32.964, 34.31, 36.026, 37.213, 37.156, 36.577, 37.246, 38.721, 38.773, 38.706, 39.005, 39.312, 40.44, 41.059, 41.413, 41.226, 41.04, 42.395, 44.231, 44.312, 44.542, 44.749, 45.552, 46.215, 47.417, 48.837, 48.655, 48.111, 48.427, 48.244, 47.44, 46.756, 46.765, 47.14, 46.826, 47.457, 49.513, 49.944, 48.94, 47.581, 46.532, 47.084, 45.906, 44.447, 45.317, 45.543, 44.199], [36.131, 34.286, 34.03, 33.833, 35.108, 35.827, 34.566, 33.469, 32.221, 31.384, 31.032, 30.701, 30.547, 29.416, 28.924, 29.714, 29.456, 28.921, 26.754, 22.134, 19.315, 16.533, 10.764, 8.558, 5.757, 0.0, 8.011, 13.631, 18.623, 24.545, 27.137, 26.811, 26.676, 27.205, 26.874, 27.033, 27.847, 29.138, 30.22, 30.655, 31.904, 33.685, 34.894, 34.804, 34.288, 35.225, 36.99, 37.134, 36.986, 37.209, 37.516, 38.589, 39.198, 39.638, 39.595, 39.652, 41.284, 43.148, 43.347, 43.706, 43.922, 44.725, 45.396, 46.657, 48.001, 47.815, 47.259, 47.571, 47.444, 46.662, 46.043, 46.135, 46.532, 46.217, 46.795, 48.797, 49.236, 48.25, 46.907, 45.746, 46.062, 44.709, 43.282, 44.135, 44.316, 43.137], [35.86, 34.102, 34.014, 33.643, 34.544, 35.277, 34.211, 33.221, 32.11, 31.451, 31.405, 31.123, 30.92, 30.06, 29.63, 30.398, 30.028, 29.173, 26.939, 22.926, 21.331, 19.745, 15.812, 14.035, 12.458, 8.011, 0.0, 6.689, 13.406, 20.796, 23.928, 23.847, 24.09, 24.829, 24.378, 24.529, 25.3, 26.771, 28.098, 28.571, 30.042, 32.069, 33.375, 33.291, 32.797, 33.933, 36.02, 36.311, 36.19, 36.396, 36.647, 37.753, 38.404, 39.038, 39.253, 39.531, 41.407, 43.471, 43.709, 44.136, 44.445, 45.341, 46.058, 47.296, 48.533, 48.286, 47.63, 47.764, 47.621, 46.875, 46.354, 46.515, 46.904, 46.603, 47.058, 48.868, 49.258, 48.295, 46.974, 45.701, 45.624, 44.089, 42.844, 43.808, 44.019, 43.024], [36.492, 34.922, 35.009, 34.53, 35.009, 35.586, 34.64, 33.706, 32.792, 32.388, 32.598, 32.505, 32.287, 31.605, 31.303, 32.007, 31.663, 30.737, 28.731, 25.34, 24.382, 23.345, 20.276, 18.549, 17.247, 13.631, 6.689, 0.0, 8.422, 17.387, 21.216, 21.595, 22.198, 23.262, 22.742, 22.709, 23.409, 25.116, 26.543, 26.855, 28.713, 31.337, 32.919, 32.886, 32.294, 33.453, 35.859, 36.268, 36.202, 36.477, 36.686, 37.855, 38.439, 39.16, 39.558, 39.971, 42.041, 44.402, 44.697, 45.129, 45.539, 46.645, 47.523, 48.77, 49.945, 49.666, 48.999, 48.98, 48.787, 48.084, 47.674, 47.893, 48.25, 47.998, 48.386, 49.954, 50.24, 49.329, 48.108, 46.875, 46.535, 44.977, 44.031, 45.181, 45.454, 44.585], [37.533, 35.86, 36.062, 35.521, 35.76, 36.353, 35.579, 34.714, 33.961, 33.82, 34.42, 34.66, 34.477, 33.937, 33.669, 34.347, 34.052, 33.055, 31.347, 28.886, 28.641, 27.722, 24.585, 22.744, 21.719, 18.623, 13.406, 8.422, 0.0, 9.909, 14.807, 16.653, 18.831, 20.6, 20.225, 20.334, 20.902, 23.018, 24.895, 25.026, 26.971, 29.984, 31.683, 31.623, 30.996, 32.246, 34.895, 35.33, 35.26, 35.452, 35.63, 36.754, 37.034, 37.721, 38.339, 39.11, 41.671, 44.397, 44.7, 45.102, 45.55, 46.881, 48.325, 50.231, 51.522, 51.157, 50.311, 50.238, 50.043, 49.368, 48.999, 49.254, 49.63, 49.367, 49.753, 51.248, 51.523, 50.669, 49.507, 48.309, 47.921, 46.413, 45.651, 46.972, 47.215, 46.49], [40.152, 38.127, 38.4, 37.757, 37.817, 38.498, 37.828, 36.959, 36.22, 36.203, 37.185, 37.786, 37.729, 37.327, 36.937, 37.554, 37.271, 36.162, 34.59, 33.187, 34.004, 33.361, 29.912, 27.99, 27.32, 24.545, 20.796, 17.387, 9.909, 0.0, 6.439, 11.428, 16.61, 19.314, 19.456, 20.101, 20.406, 22.788, 25.28, 25.303, 26.857, 29.794, 31.335, 31.125, 30.524, 31.896, 34.576, 34.943, 34.82, 34.809, 34.958, 35.893, 35.828, 36.463, 37.298, 38.541, 41.73, 44.756, 44.983, 45.335, 45.75, 47.115, 49.124, 51.975, 53.546, 53.146, 52.073, 52.098, 51.976, 51.347, 50.985, 51.255, 51.665, 51.355, 51.757, 53.263, 53.608, 52.835, 51.708, 50.513, 50.196, 48.753, 48.028, 49.392, 49.553, 49.034], [42.335, 40.196, 40.54, 39.658, 39.249, 39.654, 38.902, 37.969, 37.131, 37.121, 38.302, 39.104, 39.314, 39.096, 38.532, 38.984, 38.693, 37.513, 35.77, 34.973, 36.681, 36.37, 32.529, 30.29, 29.858, 27.137, 23.928, 21.216, 14.807, 6.439, 0.0, 7.242, 14.938, 18.66, 19.157, 19.858, 19.902, 22.595, 25.585, 25.652, 27.19, 30.283, 31.784, 31.429, 30.754, 32.231, 34.942, 35.197, 35.093, 35.143, 35.362, 36.294, 36.256, 36.936, 37.821, 39.253, 42.773, 45.971, 46.168, 46.497, 46.883, 48.176, 50.191, 53.276, 55.086, 54.894, 53.938, 54.014, 53.921, 53.341, 52.942, 53.15, 53.532, 53.199, 53.487, 54.827, 55.163, 54.434, 53.277, 51.993, 51.765, 50.55, 49.856, 51.119, 51.237, 50.746], [43.18, 40.936, 41.23, 40.386, 40.034, 40.194, 39.12, 37.99, 36.884, 36.579, 37.741, 38.591, 39.074, 38.848, 38.039, 38.354, 38.116, 37.071, 34.789, 34.082, 36.439, 36.398, 32.318, 30.047, 29.617, 26.811, 23.847, 21.595, 16.653, 11.428, 7.242, 0.0, 9.27, 14.135, 14.893, 15.646, 15.608, 18.395, 21.81, 22.154, 23.998, 27.525, 29.219, 28.872, 28.243, 30.016, 32.891, 33.042, 32.924, 33.192, 33.502, 34.48, 34.643, 35.438, 36.384, 37.876, 41.472, 44.688, 44.9, 45.256, 45.679, 46.958, 48.739, 51.609, 53.548, 53.797, 53.413, 53.723, 53.711, 53.167, 52.699, 52.909, 53.27, 52.904, 53.064, 54.251, 54.561, 53.784, 52.471, 50.99, 50.853, 49.748, 48.874, 49.877, 49.962, 49.467], [43.33, 40.925, 40.967, 40.548, 41.136, 41.462, 40.042, 38.719, 37.5, 36.837, 37.724, 38.483, 39.007, 38.422, 37.527, 37.969, 37.833, 37.178, 34.36, 33.212, 35.601, 35.628, 31.839, 30.108, 29.358, 26.676, 24.09, 22.198, 18.831, 16.61, 14.938, 9.27, 0.0, 5.946, 7.462, 9.14, 9.677, 11.705, 15.205, 16.101, 18.146, 22.07, 24.131, 24.049, 23.78, 25.848, 28.834, 28.954, 28.765, 29.206, 29.432, 30.374, 30.759, 31.705, 32.845, 34.393, 37.866, 41.037, 41.383, 41.782, 42.274, 43.597, 45.176, 47.715, 49.596, 50.282, 50.818, 51.778, 51.962, 51.41, 50.881, 51.271, 51.68, 51.255, 51.484, 52.825, 53.194, 52.309, 50.843, 49.32, 49.349, 47.947, 46.437, 46.986, 47.025, 46.627], [43.106, 40.516, 40.369, 40.179, 41.505, 42.267, 40.843, 39.505, 38.39, 37.693, 38.417, 38.943, 39.281, 38.506, 37.73, 38.423, 38.237, 37.742, 34.753, 33.271, 35.481, 35.515, 32.104, 30.852, 29.915, 27.205, 24.829, 23.262, 20.6, 19.314, 18.66, 14.135, 5.946, 0.0, 3.542, 7.772, 8.94, 9.813, 13.093, 14.229, 15.469, 18.902, 20.998, 21.131, 21.435, 23.917, 26.943, 27.083, 26.725, 27.034, 27.126, 27.896, 28.365, 29.44, 30.798, 32.485, 35.869, 38.878, 39.33, 39.764, 40.252, 41.557, 43.089, 45.551, 47.274, 48.034, 48.95, 50.408, 50.788, 50.217, 49.711, 50.294, 50.786, 50.316, 50.718, 52.361, 52.837, 51.902, 50.398, 48.897, 48.956, 47.194, 45.197, 45.453, 45.439, 45.238], [42.432, 40.087, 39.991, 39.732, 40.902, 41.64, 40.327, 39.08, 38.045, 37.47, 38.206, 38.555, 38.746, 38.042, 37.342, 38.014, 37.787, 37.233, 34.242, 32.767, 34.934, 34.992, 31.69, 30.491, 29.594, 26.874, 24.378, 22.742, 20.225, 19.456, 19.157, 14.893, 7.462, 3.542, 0.0, 5.142, 6.725, 8.144, 11.992, 13.342, 14.765, 18.313, 20.526, 20.657, 20.936, 23.653, 26.904, 27.045, 26.687, 27.057, 27.219, 28.187, 28.781, 29.853, 31.114, 32.646, 35.866, 38.816, 39.257, 39.687, 40.194, 41.529, 42.981, 45.321, 47.012, 47.761, 48.609, 49.918, 50.27, 49.694, 49.224, 49.821, 50.304, 49.868, 50.25, 51.812, 52.239, 51.317, 49.825, 48.281, 48.26, 46.593, 44.786, 45.138, 45.135, 44.917], [42.444, 40.685, 40.756, 40.302, 40.927, 41.204, 39.866, 38.717, 37.799, 37.431, 38.209, 38.555, 38.739, 38.112, 37.449, 37.924, 37.724, 37.056, 34.081, 32.692, 34.85, 34.972, 31.677, 30.281, 29.5, 27.033, 24.529, 22.709, 20.334, 20.101, 19.858, 15.646, 9.14, 7.772, 5.142, 0.0, 3.274, 6.991, 11.177, 12.923, 15.624, 19.845, 22.228, 22.274, 22.061, 24.478, 27.825, 27.955, 27.81, 28.433, 28.734, 30.16, 30.945, 31.923, 32.917, 34.16, 37.191, 40.225, 40.589, 40.974, 41.519, 42.914, 44.25, 46.352, 48.095, 48.836, 49.546, 50.503, 50.698, 50.123, 49.654, 50.14, 50.554, 50.159, 50.415, 51.722, 52.045, 51.165, 49.711, 48.21, 48.269, 47.021, 45.679, 46.275, 46.318, 45.852], [42.869, 41.234, 41.507, 41.018, 41.324, 41.388, 40.014, 38.848, 37.885, 37.513, 38.339, 38.728, 38.98, 38.5, 37.866, 38.286, 38.083, 37.332, 34.33, 33.176, 35.645, 35.918, 32.564, 31.037, 30.355, 27.847, 25.3, 23.409, 20.902, 20.406, 19.902, 15.608, 9.677, 8.94, 6.725, 3.274, 0.0, 5.898, 10.927, 12.712, 15.806, 20.328, 22.735, 22.706, 22.339, 24.78, 28.236, 28.4, 28.344, 29.041, 29.377, 30.827, 31.591, 32.53, 33.459, 34.709, 37.846, 40.902, 41.195, 41.572, 42.12, 43.531, 44.864, 46.937, 48.703, 49.414, 49.996, 50.837, 50.981, 50.424, 50.01, 50.485, 50.873, 50.489, 50.679, 51.889, 52.204, 51.352, 49.91, 48.415, 48.467, 47.379, 46.285, 47.013, 47.07, 46.55], [44.033, 42.204, 42.352, 42.425, 43.458, 43.728, 42.272, 40.998, 39.835, 39.077, 39.727, 40.177, 40.427, 39.724, 39.082, 39.727, 39.57, 39.017, 35.895, 34.369, 36.601, 36.788, 33.687, 32.52, 31.649, 29.138, 26.771, 25.116, 23.018, 22.788, 22.595, 18.395, 11.705, 9.813, 8.144, 6.991, 5.898, 0.0, 6.135, 9.087, 12.436, 17.206, 19.841, 20.107, 20.1, 22.866, 26.431, 26.607, 26.398, 27.041, 27.3, 28.602, 29.418, 30.475, 31.496, 32.759, 35.84, 38.858, 39.244, 39.671, 40.251, 41.68, 43.018, 45.071, 46.84, 47.713, 48.607, 49.782, 50.105, 49.591, 49.175, 49.853, 50.326, 49.889, 50.173, 51.541, 51.938, 51.033, 49.528, 48.049, 48.176, 46.851, 45.423, 45.944, 45.959, 45.564], [44.834, 43.058, 43.042, 43.496, 45.262, 45.722, 44.192, 42.878, 41.674, 40.741, 41.182, 41.699, 41.996, 41.078, 40.518, 41.355, 41.27, 40.878, 37.809, 35.639, 37.133, 37.069, 34.344, 33.527, 32.493, 30.22, 28.098, 26.543, 24.895, 25.28, 25.585, 21.81, 15.205, 13.093, 11.992, 11.177, 10.927, 6.135, 0.0, 5.259, 10.253, 15.764, 18.833, 19.433, 19.496, 22.216, 25.845, 26.122, 25.827, 26.402, 26.621, 28.038, 28.974, 30.106, 31.114, 32.172, 34.888, 37.818, 38.263, 38.696, 39.315, 40.805, 42.155, 44.075, 45.798, 46.706, 47.745, 49.121, 49.572, 49.087, 48.643, 49.431, 49.993, 49.533, 49.944, 51.502, 51.95, 51.021, 49.557, 48.206, 48.474, 47.038, 45.432, 45.902, 45.935, 45.518], [44.47, 42.671, 42.632, 43.083, 45.046, 45.8, 44.503, 43.252, 42.046, 41.13, 41.574, 42.117, 42.545, 41.829, 41.401, 42.259, 42.166, 41.827, 38.971, 36.704, 37.927, 37.672, 34.9, 34.056, 32.964, 30.655, 28.571, 26.855, 25.026, 25.303, 25.652, 22.154, 16.101, 14.229, 13.342, 12.923, 12.712, 9.087, 5.259, 0.0, 7.221, 14.414, 18.033, 18.611, 18.297, 21.082, 25.176, 25.653, 25.316, 25.924, 26.239, 27.733, 28.628, 29.751, 30.781, 31.894, 34.635, 37.542, 38.026, 38.479, 39.088, 40.599, 41.967, 43.861, 45.512, 46.354, 47.348, 48.702, 49.157, 48.688, 48.298, 49.126, 49.703, 49.367, 49.914, 51.511, 51.932, 51.061, 49.747, 48.485, 48.641, 47.17, 45.743, 46.378, 46.507, 46.098], [44.774, 42.592, 42.292, 42.959, 45.657, 47.1, 46.144, 45.027, 43.836, 42.805, 43.192, 43.607, 43.983, 43.279, 42.864, 43.843, 43.684, 43.443, 40.602, 38.354, 39.527, 39.077, 36.233, 35.557, 34.31, 31.904, 30.042, 28.713, 26.971, 26.857, 27.19, 23.998, 18.146, 15.469, 14.765, 15.624, 15.806, 12.436, 10.253, 7.221, 0.0, 8.117, 12.211, 13.059, 13.353, 16.786, 21.083, 21.601, 20.914, 21.349, 21.677, 22.99, 23.914, 25.204, 26.615, 28.259, 31.294, 34.158, 34.867, 35.404, 35.978, 37.393, 38.8, 40.97, 42.613, 43.611, 45.055, 47.013, 47.739, 47.295, 46.859, 47.842, 48.528, 48.164, 48.999, 51.062, 51.688, 50.79, 49.448, 48.247, 48.537, 46.643, 44.554, 44.836, 44.959, 44.745], [45.45, 42.97, 42.404, 43.427, 46.985, 48.999, 48.204, 47.223, 46.056, 44.872, 45.155, 45.422, 45.66, 44.803, 44.347, 45.488, 45.299, 45.149, 42.245, 39.959, 41.029, 40.425, 37.695, 37.34, 36.026, 33.685, 32.069, 31.337, 29.984, 29.794, 30.283, 27.525, 22.07, 18.902, 18.313, 19.845, 20.328, 17.206, 15.764, 14.414, 8.117, 0.0, 4.565, 6.447, 8.994, 13.164, 16.732, 17.099, 15.957, 15.924, 16.164, 17.267, 18.385, 19.954, 21.887, 24.137, 27.318, 30.003, 30.919, 31.53, 32.077, 33.334, 34.789, 37.368, 39.024, 40.16, 42.089, 44.799, 45.886, 45.466, 44.879, 45.927, 46.758, 46.254, 47.268, 49.978, 50.957, 49.975, 48.488, 47.324, 48.016, 45.748, 42.681, 42.396, 42.42, 42.366], [46.013, 43.427, 42.787, 43.97, 47.855, 50.067, 49.327, 48.42, 47.275, 46.036, 46.306, 46.562, 46.775, 45.842, 45.326, 46.522, 46.364, 46.275, 43.363, 41.097, 42.156, 41.498, 38.786, 38.52, 37.213, 34.894, 33.375, 32.919, 31.683, 31.335, 31.784, 29.219, 24.131, 20.998, 20.526, 22.228, 22.735, 19.841, 18.833, 18.033, 12.211, 4.565, 0.0, 3.174, 7.642, 11.827, 14.617, 14.86, 13.596, 13.309, 13.498, 14.47, 15.743, 17.464, 19.679, 22.306, 25.614, 28.206, 29.197, 29.837, 30.351, 31.48, 32.986, 35.875, 37.555, 38.704, 40.778, 43.815, 45.07, 44.673, 43.961, 44.926, 45.793, 45.205, 46.216, 49.182, 50.373, 49.385, 47.831, 46.677, 47.627, 45.291, 41.808, 41.259, 41.22, 41.175], [45.674, 43.113, 42.538, 43.668, 47.478, 49.68, 48.976, 48.092, 46.946, 45.756, 46.076, 46.339, 46.632, 45.771, 45.222, 46.385, 46.252, 46.121, 43.217, 41.04, 42.182, 41.541, 38.759, 38.442, 37.156, 34.804, 33.291, 32.886, 31.623, 31.125, 31.429, 28.872, 24.049, 21.131, 20.657, 22.274, 22.706, 20.107, 19.433, 18.611, 13.059, 6.447, 3.174, 0.0, 5.164, 9.813, 12.97, 13.36, 12.233, 12.136, 12.465, 13.641, 15.031, 16.69, 18.799, 21.477, 24.897, 27.54, 28.497, 29.127, 29.616, 30.701, 32.258, 35.28, 37.021, 38.155, 40.154, 43.169, 44.405, 44.024, 43.27, 44.091, 44.924, 44.331, 45.272, 48.208, 49.468, 48.582, 47.113, 45.986, 46.989, 44.755, 41.357, 40.895, 40.897, 40.744], [45.078, 42.728, 42.284, 43.316, 46.861, 48.879, 48.212, 47.377, 46.238, 45.139, 45.532, 45.888, 46.337, 45.588, 45.004, 46.049, 45.965, 45.747, 42.93, 40.795, 41.874, 41.174, 38.29, 37.834, 36.577, 34.288, 32.797, 32.294, 30.996, 30.524, 30.754, 28.243, 23.78, 21.435, 20.936, 22.061, 22.339, 20.1, 19.496, 18.297, 13.353, 8.994, 7.642, 5.164, 0.0, 5.834, 10.616, 11.494, 10.819, 11.37, 12.052, 13.919, 15.376, 16.665, 18.219, 20.612, 24.06, 26.933, 27.812, 28.412, 28.894, 30.027, 31.611, 34.521, 36.328, 37.411, 39.267, 42.072, 43.173, 42.812, 42.035, 42.67, 43.422, 42.895, 43.754, 46.511, 47.768, 47.047, 45.833, 44.94, 46.066, 44.146, 41.211, 41.153, 41.319, 40.866], [45.831, 43.657, 43.193, 44.286, 47.899, 49.819, 49.155, 48.441, 47.403, 46.334, 46.699, 47.221, 47.782, 46.922, 46.244, 47.181, 47.187, 47.024, 44.339, 42.141, 42.929, 41.987, 39.041, 38.543, 37.246, 35.225, 33.933, 33.453, 32.246, 31.896, 32.231, 30.016, 25.848, 23.917, 23.653, 24.478, 24.78, 22.866, 22.216, 21.082, 16.786, 13.164, 11.827, 9.813, 5.834, 0.0, 5.992, 7.593, 7.787, 9.146, 10.028, 12.524, 14.056, 14.917, 16.055, 18.456, 21.989, 25.18, 26.148, 26.757, 27.232, 28.336, 29.903, 32.787, 34.655, 35.723, 37.835, 40.826, 41.898, 41.529, 40.606, 41.045, 41.726, 41.179, 42.02, 44.852, 46.244, 45.587, 44.546, 44.144, 45.844, 44.193, 41.281, 41.339, 41.616, 40.81], [47.503, 45.282, 44.719, 45.971, 49.859, 51.825, 51.094, 50.429, 49.411, 48.262, 48.53, 49.071, 49.625, 48.583, 47.812, 48.713, 48.787, 48.801, 46.203, 43.934, 44.504, 43.373, 40.395, 40.002, 38.721, 36.99, 36.02, 35.859, 34.895, 34.576, 34.942, 32.891, 28.834, 26.943, 26.904, 27.825, 28.236, 26.431, 25.845, 25.176, 21.083, 16.732, 14.617, 12.97, 10.616, 5.992, 0.0, 2.779, 4.562, 6.502, 7.43, 10.181, 11.932, 12.604, 13.833, 16.698, 20.256, 23.458, 24.507, 25.129, 25.6, 26.513, 28.082, 31.27, 33.259, 34.434, 36.997, 40.47, 41.681, 41.293, 40.142, 40.398, 41.06, 40.389, 41.187, 44.306, 45.926, 45.184, 44.003, 43.826, 46.196, 44.675, 41.278, 41.032, 41.263, 40.256], [47.986, 45.743, 45.154, 46.408, 50.265, 52.19, 51.433, 50.754, 49.708, 48.534, 48.799, 49.338, 49.882, 48.836, 48.077, 48.967, 49.045, 49.119, 46.492, 44.205, 44.766, 43.608, 40.502, 40.025, 38.773, 37.134, 36.311, 36.268, 35.33, 34.943, 35.197, 33.042, 28.954, 27.083, 27.045, 27.955, 28.4, 26.607, 26.122, 25.653, 21.601, 17.099, 14.86, 13.36, 11.494, 7.593, 2.779, 0.0, 3.064, 5.636, 6.807, 9.787, 11.693, 12.426, 13.722, 16.651, 20.256, 23.517, 24.568, 25.192, 25.683, 26.58, 28.157, 31.464, 33.576, 34.864, 37.542, 41.033, 42.256, 41.867, 40.665, 40.891, 41.547, 40.851, 41.6, 44.682, 46.282, 45.476, 44.15, 43.872, 46.379, 44.991, 41.508, 41.135, 41.326, 40.307], [47.855, 45.466, 44.791, 46.089, 50.1, 52.178, 51.463, 50.764, 49.694, 48.486, 48.737, 49.227, 49.728, 48.687, 47.98, 48.963, 48.975, 49.043, 46.406, 44.084, 44.611, 43.46, 40.427, 40.034, 38.706, 36.986, 36.19, 36.202, 35.26, 34.82, 35.093, 32.924, 28.765, 26.725, 26.687, 27.81, 28.344, 26.398, 25.827, 25.316, 20.914, 15.957, 13.596, 12.233, 10.819, 7.787, 4.562, 3.064, 0.0, 3.288, 5.013, 8.169, 10.302, 11.402, 13.052, 16.169, 19.846, 23.077, 24.246, 24.909, 25.404, 26.318, 27.999, 31.425, 33.51, 34.838, 37.531, 41.091, 42.374, 41.988, 40.842, 41.203, 41.914, 41.224, 42.081, 45.244, 46.809, 45.963, 44.604, 44.206, 46.525, 44.943, 41.336, 40.851, 40.989, 40.182], [47.889, 45.359, 44.613, 45.985, 50.226, 52.497, 51.814, 51.109, 50.036, 48.81, 49.051, 49.489, 49.909, 48.823, 48.132, 49.211, 49.169, 49.188, 46.578, 44.218, 44.679, 43.528, 40.642, 40.388, 39.005, 37.209, 36.396, 36.477, 35.452, 34.809, 35.143, 33.192, 29.206, 27.034, 27.057, 28.433, 29.041, 27.041, 26.402, 25.924, 21.349, 15.924, 13.309, 12.136, 11.37, 9.146, 6.502, 5.636, 3.288, 0.0, 2.804, 6.336, 8.664, 10.183, 12.387, 15.916, 19.67, 22.806, 24.018, 24.686, 25.156, 26.024, 27.904, 31.617, 33.611, 34.782, 37.288, 40.966, 42.346, 41.962, 40.827, 41.252, 42.029, 41.3, 42.261, 45.636, 47.268, 46.395, 45.034, 44.615, 46.848, 45.04, 41.243, 40.688, 40.756, 40.101], [48.022, 45.402, 44.621, 46.043, 50.407, 52.729, 52.002, 51.262, 50.176, 48.919, 49.143, 49.563, 49.937, 48.792, 48.102, 49.239, 49.221, 49.283, 46.69, 44.33, 44.788, 43.645, 40.871, 40.729, 39.312, 37.516, 36.647, 36.686, 35.63, 34.958, 35.362, 33.502, 29.432, 27.126, 27.219, 28.734, 29.377, 27.3, 26.621, 26.239, 21.677, 16.164, 13.498, 12.465, 12.052, 10.028, 7.43, 6.807, 5.013, 2.804, 0.0, 4.342, 7.238, 9.217, 11.84, 15.659, 19.491, 22.627, 23.934, 24.596, 25.041, 25.879, 27.783, 31.53, 33.478, 34.614, 37.19, 40.992, 42.407, 42.015, 40.894, 41.372, 42.172, 41.423, 42.406, 45.852, 47.519, 46.628, 45.263, 44.838, 46.998, 45.01, 41.009, 40.344, 40.427, 39.874], [48.621, 45.718, 44.864, 46.384, 50.969, 53.46, 52.706, 51.917, 50.81, 49.496, 49.722, 50.111, 50.423, 49.202, 48.468, 49.681, 49.683, 49.859, 47.363, 45.103, 45.627, 44.497, 41.834, 41.898, 40.44, 38.589, 37.753, 37.855, 36.754, 35.893, 36.294, 34.48, 30.374, 27.896, 28.187, 30.16, 30.827, 28.602, 28.038, 27.733, 22.99, 17.267, 14.47, 13.641, 13.919, 12.524, 10.181, 9.787, 8.169, 6.336, 4.342, 0.0, 3.91, 6.983, 10.614, 15.07, 19.077, 21.98, 23.398, 24.096, 24.485, 25.198, 27.204, 31.2, 33.089, 34.276, 37.041, 41.115, 42.609, 42.198, 41.119, 41.715, 42.543, 41.771, 42.807, 46.343, 48.046, 47.123, 45.712, 45.216, 47.226, 44.912, 40.582, 39.681, 39.743, 39.486], [48.733, 45.726, 44.875, 46.428, 51.05, 53.606, 52.869, 52.085, 51.004, 49.7, 49.964, 50.388, 50.666, 49.427, 48.656, 49.864, 49.896, 50.086, 47.788, 45.742, 46.261, 45.076, 42.421, 42.534, 41.059, 39.198, 38.404, 38.439, 37.034, 35.828, 36.256, 34.643, 30.759, 28.365, 28.781, 30.945, 31.591, 29.418, 28.974, 28.628, 23.914, 18.385, 15.743, 15.031, 15.376, 14.056, 11.932, 11.693, 10.302, 8.664, 7.238, 3.91, 0.0, 4.005, 8.795, 13.951, 18.287, 21.23, 22.672, 23.387, 23.764, 24.532, 26.789, 31.076, 32.964, 34.052, 36.734, 40.82, 42.312, 41.891, 40.845, 41.487, 42.308, 41.527, 42.585, 46.146, 47.868, 46.933, 45.528, 45.116, 47.143, 44.772, 40.493, 39.68, 39.727, 39.571], [48.883, 45.944, 45.123, 46.696, 51.283, 53.793, 53.052, 52.293, 51.225, 49.936, 50.192, 50.64, 50.911, 49.654, 48.843, 49.99, 50.072, 50.25, 48.036, 46.145, 46.629, 45.37, 42.704, 42.854, 41.413, 39.638, 39.038, 39.16, 37.721, 36.463, 36.936, 35.438, 31.705, 29.44, 29.853, 31.923, 32.53, 30.475, 30.106, 29.751, 25.204, 19.954, 17.464, 16.69, 16.665, 14.917, 12.604, 12.426, 11.402, 10.183, 9.217, 6.983, 4.005, 0.0, 5.636, 11.547, 16.242, 19.264, 20.672, 21.374, 21.726, 22.559, 24.969, 29.438, 31.426, 32.451, 35.132, 39.248, 40.743, 40.354, 39.301, 39.933, 40.737, 39.925, 40.994, 44.635, 46.455, 45.567, 44.244, 44.081, 46.392, 44.221, 40.133, 39.491, 39.556, 39.248], [48.586, 45.824, 45.058, 46.645, 51.107, 53.485, 52.724, 51.987, 50.927, 49.689, 49.938, 50.401, 50.667, 49.371, 48.506, 49.583, 49.72, 49.882, 47.683, 45.814, 46.23, 44.956, 42.394, 42.631, 41.226, 39.595, 39.253, 39.558, 38.339, 37.298, 37.821, 36.384, 32.845, 30.798, 31.114, 32.917, 33.459, 31.496, 31.114, 30.781, 26.615, 21.887, 19.679, 18.799, 18.219, 16.055, 13.833, 13.722, 13.052, 12.387, 11.84, 10.614, 8.795, 5.636, 0.0, 6.647, 12.123, 15.564, 16.971, 17.637, 17.969, 18.939, 21.43, 25.991, 28.188, 29.151, 31.866, 35.939, 37.395, 37.078, 36.056, 36.7, 37.467, 36.604, 37.644, 41.328, 43.271, 42.498, 41.399, 41.646, 44.359, 42.548, 38.817, 38.434, 38.532, 37.939], [48.029, 45.442, 44.693, 46.343, 50.718, 52.998, 52.24, 51.524, 50.469, 49.24, 49.435, 49.898, 50.144, 48.775, 47.879, 48.923, 49.098, 49.284, 47.13, 45.196, 45.461, 44.249, 42.028, 42.425, 41.04, 39.652, 39.531, 39.971, 39.11, 38.541, 39.253, 37.876, 34.393, 32.485, 32.646, 34.16, 34.709, 32.759, 32.172, 31.894, 28.259, 24.137, 22.306, 21.477, 20.612, 18.456, 16.698, 16.651, 16.169, 15.916, 15.659, 15.07, 13.951, 11.547, 6.647, 0.0, 6.556, 11.144, 12.757, 13.395, 13.783, 15.006, 17.494, 21.957, 24.341, 25.297, 28.211, 32.249, 33.616, 33.373, 32.407, 33.144, 33.866, 32.981, 34.019, 37.661, 39.631, 38.935, 38.069, 38.735, 41.762, 40.237, 36.86, 36.773, 36.944, 36.116], [48.758, 46.261, 45.414, 47.257, 51.852, 54.215, 53.492, 52.802, 51.747, 50.442, 50.495, 50.864, 51.029, 49.502, 48.584, 49.647, 49.859, 50.118, 48.068, 45.944, 45.804, 44.583, 43.018, 43.84, 42.395, 41.284, 41.407, 42.041, 41.671, 41.73, 42.773, 41.472, 37.866, 35.869, 35.866, 37.191, 37.846, 35.84, 34.888, 34.635, 31.294, 27.318, 25.614, 24.897, 24.06, 21.989, 20.256, 20.256, 19.846, 19.67, 19.491, 19.077, 18.287, 16.242, 12.123, 6.556, 0.0, 5.993, 8.537, 9.256, 9.728, 11.13, 13.68, 18.088, 20.47, 21.514, 25.06, 29.462, 30.913, 30.72, 29.688, 30.449, 31.192, 30.326, 31.473, 35.258, 37.305, 36.62, 35.892, 36.868, 40.167, 38.735, 35.341, 35.357, 35.665, 34.757], [50.07, 47.504, 46.597, 48.583, 53.47, 56.019, 55.298, 54.591, 53.486, 52.103, 52.085, 52.324, 52.36, 50.722, 49.768, 50.861, 51.129, 51.449, 49.455, 47.258, 46.856, 45.555, 44.349, 45.636, 44.231, 43.148, 43.471, 44.402, 44.397, 44.756, 45.971, 44.688, 41.037, 38.878, 38.816, 40.225, 40.902, 38.858, 37.818, 37.542, 34.158, 30.003, 28.206, 27.54, 26.933, 25.18, 23.458, 23.517, 23.077, 22.806, 22.627, 21.98, 21.23, 19.264, 15.564, 11.144, 5.993, 0.0, 4.228, 5.521, 5.953, 7.24, 10.094, 15.003, 17.296, 18.435, 22.575, 27.523, 29.185, 29.021, 27.961, 28.785, 29.633, 28.799, 30.064, 34.106, 36.248, 35.559, 34.903, 35.947, 39.356, 37.842, 34.237, 34.198, 34.573, 33.728], [50.039, 47.546, 46.729, 48.684, 53.46, 55.897, 55.11, 54.376, 53.263, 51.917, 51.938, 52.198, 52.198, 50.552, 49.603, 50.643, 50.953, 51.314, 49.38, 47.187, 46.755, 45.456, 44.172, 45.471, 44.312, 43.347, 43.709, 44.697, 44.7, 44.983, 46.168, 44.9, 41.383, 39.33, 39.257, 40.589, 41.195, 39.244, 38.263, 38.026, 34.867, 30.919, 29.197, 28.497, 27.812, 26.148, 24.507, 24.568, 24.246, 24.018, 23.934, 23.398, 22.672, 20.672, 16.971, 12.757, 8.537, 4.228, 0.0, 2.212, 3.476, 5.375, 8.956, 14.483, 17.022, 17.917, 21.526, 26.381, 28.016, 27.853, 26.765, 27.536, 28.43, 27.579, 28.841, 32.971, 35.15, 34.504, 33.902, 35.011, 38.606, 37.315, 33.962, 34.223, 34.649, 33.634], [50.175, 47.704, 46.902, 48.849, 53.573, 55.953, 55.147, 54.406, 53.3, 51.971, 51.994, 52.264, 52.272, 50.623, 49.683, 50.716, 51.036, 51.414, 49.502, 47.311, 46.878, 45.608, 44.357, 45.636, 44.5