[[0.0, 2.525, 4.213, 7.068, 9.928, 12.551, 13.552, 13.827, 15.83, 18.069, 19.452, 23.316, 32.274, 39.425, 39.148, 41.496, 45.639, 46.257, 46.282, 46.991, 54.623, 66.486, 70.844, 70.26, 69.9, 69.976, 70.565, 70.9, 73.119, 73.992, 74.073, 73.679, 72.738, 72.589, 72.967, 72.223, 70.939, 70.593, 71.091, 72.039, 71.88, 71.859, 72.792, 72.919, 72.773, 72.564, 71.731, 71.467, 71.336, 69.881, 68.749, 67.079, 66.188, 66.141, 65.554, 65.632, 65.653, 66.208, 66.479, 66.489, 66.126, 65.376, 63.955, 62.489, 62.144, 62.314, 62.55, 62.458, 61.898, 61.325, 61.466, 61.986, 61.481, 59.873, 58.743, 57.81, 56.63, 56.114, 55.641, 55.468, 56.153, 56.063, 56.078, 56.561, 56.857, 57.577], [2.525, 0.0, 2.829, 6.158, 9.581, 12.557, 13.592, 13.888, 15.881, 18.157, 19.681, 23.609, 32.441, 39.553, 39.286, 41.484, 45.532, 46.196, 46.215, 46.914, 54.575, 66.462, 70.864, 70.319, 69.973, 70.048, 70.641, 70.981, 73.189, 74.076, 74.19, 73.809, 72.851, 72.692, 73.074, 72.312, 71.014, 70.654, 71.13, 72.067, 71.911, 71.887, 72.816, 72.936, 72.776, 72.543, 71.668, 71.368, 71.23, 69.794, 68.679, 66.997, 66.094, 66.041, 65.432, 65.492, 65.5, 66.041, 66.308, 66.324, 65.959, 65.197, 63.751, 62.263, 61.91, 62.075, 62.308, 62.196, 61.616, 61.052, 61.231, 61.774, 61.245, 59.6, 58.427, 57.472, 56.309, 55.825, 55.362, 55.201, 55.912, 55.824, 55.838, 56.302, 56.569, 57.318], [4.213, 2.829, 0.0, 4.734, 9.743, 12.768, 13.608, 13.919, 15.61, 17.726, 19.456, 23.575, 32.48, 39.651, 39.391, 41.516, 45.579, 46.29, 46.339, 46.971, 54.666, 66.623, 71.084, 70.551, 70.211, 70.276, 70.849, 71.207, 73.374, 74.232, 74.404, 74.095, 73.115, 72.94, 73.315, 72.527, 71.26, 70.913, 71.358, 72.295, 72.143, 72.113, 73.043, 73.156, 72.97, 72.703, 71.786, 71.472, 71.354, 69.917, 68.731, 66.988, 66.047, 65.998, 65.382, 65.403, 65.425, 66.014, 66.305, 66.331, 65.939, 65.118, 63.647, 62.192, 61.849, 61.974, 62.197, 62.08, 61.45, 60.838, 61.03, 61.606, 61.079, 59.405, 58.167, 57.178, 56.046, 55.61, 55.169, 55.018, 55.719, 55.607, 55.577, 55.975, 56.291, 57.19], [7.068, 6.158, 4.734, 0.0, 6.774, 10.742, 11.537, 11.903, 14.054, 16.738, 19.018, 23.927, 33.567, 41.01, 40.733, 42.752, 46.701, 47.453, 47.469, 47.899, 55.372, 67.259, 71.816, 71.386, 71.052, 71.142, 71.761, 72.114, 74.196, 75.123, 75.505, 75.264, 74.226, 73.996, 74.375, 73.56, 72.269, 71.92, 72.378, 73.301, 73.13, 73.102, 74.026, 74.113, 73.869, 73.502, 72.423, 71.969, 71.873, 70.529, 69.498, 67.851, 66.882, 66.783, 66.057, 65.913, 65.779, 66.233, 66.477, 66.487, 66.104, 65.321, 63.858, 62.407, 62.001, 62.122, 62.365, 62.254, 61.627, 61.07, 61.373, 62.002, 61.485, 59.841, 58.611, 57.576, 56.416, 55.967, 55.523, 55.416, 56.152, 56.045, 56.04, 56.31, 56.324, 57.089], [9.928, 9.581, 9.743, 6.774, 0.0, 5.805, 7.327, 7.697, 11.615, 15.532, 17.738, 22.764, 33.254, 41.101, 40.877, 43.212, 47.303, 48.043, 47.998, 48.459, 55.696, 67.307, 71.744, 71.337, 70.979, 71.129, 71.863, 72.207, 74.289, 75.318, 75.751, 75.411, 74.43, 74.224, 74.626, 73.849, 72.489, 72.172, 72.751, 73.693, 73.507, 73.499, 74.42, 74.492, 74.241, 73.859, 72.705, 72.175, 72.068, 70.7, 69.882, 68.48, 67.594, 67.419, 66.578, 66.353, 66.059, 66.332, 66.518, 66.493, 66.172, 65.564, 64.242, 62.81, 62.366, 62.56, 62.765, 62.633, 62.126, 61.743, 62.111, 62.695, 62.247, 60.798, 59.788, 58.796, 57.533, 56.986, 56.488, 56.409, 57.199, 57.112, 57.184, 57.587, 57.411, 57.78], [12.551, 12.557, 12.768, 10.742, 5.805, 0.0, 2.415, 3.288, 8.253, 13.038, 15.485, 20.596, 31.681, 40.045, 40.021, 42.368, 46.416, 47.104, 47.092, 47.669, 55.097, 66.651, 71.011, 70.603, 70.256, 70.408, 71.127, 71.497, 73.505, 74.443, 74.88, 74.557, 73.629, 73.47, 73.882, 73.172, 71.912, 71.716, 72.379, 73.344, 73.154, 73.15, 74.097, 74.21, 73.969, 73.572, 72.414, 71.92, 71.831, 70.455, 69.646, 68.323, 67.505, 67.313, 66.526, 66.382, 66.135, 66.463, 66.691, 66.677, 66.338, 65.777, 64.637, 63.41, 63.099, 63.303, 63.44, 63.304, 62.847, 62.388, 62.575, 63.073, 62.644, 61.173, 60.167, 59.188, 57.879, 57.28, 56.757, 56.695, 57.507, 57.402, 57.424, 57.903, 57.921, 58.279], [13.552, 13.592, 13.608, 11.537, 7.327, 2.415, 0.0, 2.296, 7.534, 12.498, 15.226, 20.664, 31.977, 40.455, 40.45, 42.681, 46.67, 47.359, 47.344, 47.877, 55.349, 66.921, 71.297, 70.904, 70.567, 70.709, 71.396, 71.766, 73.724, 74.647, 75.155, 74.896, 73.955, 73.795, 74.203, 73.482, 72.248, 72.051, 72.697, 73.647, 73.45, 73.448, 74.41, 74.543, 74.292, 73.859, 72.669, 72.171, 72.099, 70.751, 69.919, 68.583, 67.763, 67.575, 66.814, 66.69, 66.485, 66.864, 67.118, 67.119, 66.763, 66.182, 65.068, 63.896, 63.6, 63.779, 63.909, 63.779, 63.31, 62.8, 62.942, 63.436, 62.986, 61.45, 60.379, 59.38, 58.076, 57.483, 56.974, 56.931, 57.75, 57.629, 57.614, 58.052, 58.109, 58.528], [13.827, 13.888, 13.919, 11.903, 7.697, 3.288, 2.296, 0.0, 6.153, 11.475, 14.389, 20.062, 31.665, 40.271, 40.319, 42.728, 46.861, 47.57, 47.56, 48.066, 55.482, 66.991, 71.334, 70.928, 70.583, 70.738, 71.435, 71.808, 73.769, 74.674, 75.167, 74.903, 73.967, 73.807, 74.227, 73.522, 72.282, 72.091, 72.744, 73.696, 73.5, 73.503, 74.476, 74.608, 74.353, 73.917, 72.737, 72.244, 72.172, 70.776, 69.889, 68.533, 67.707, 67.512, 66.718, 66.564, 66.352, 66.737, 66.99, 66.976, 66.618, 66.041, 64.922, 63.744, 63.439, 63.626, 63.755, 63.627, 63.143, 62.606, 62.725, 63.201, 62.761, 61.241, 60.178, 59.172, 57.851, 57.238, 56.725, 56.683, 57.478, 57.342, 57.321, 57.764, 57.858, 58.307], [15.83, 15.881, 15.61, 14.054, 11.615, 8.253, 7.534, 6.153, 0.0, 6.177, 10.626, 17.685, 30.245, 39.414, 39.786, 42.183, 46.279, 47.014, 47.067, 47.55, 55.249, 66.815, 71.159, 70.749, 70.438, 70.582, 71.201, 71.619, 73.55, 74.28, 74.719, 74.523, 73.591, 73.445, 73.873, 73.259, 72.179, 72.111, 72.778, 73.745, 73.548, 73.548, 74.586, 74.764, 74.5, 74.049, 72.924, 72.501, 72.456, 71.07, 70.016, 68.52, 67.656, 67.488, 66.711, 66.529, 66.354, 66.845, 67.135, 67.112, 66.667, 65.987, 64.844, 63.739, 63.511, 63.683, 63.777, 63.635, 63.052, 62.288, 62.231, 62.651, 62.215, 60.613, 59.389, 58.322, 56.994, 56.355, 55.859, 55.794, 56.517, 56.363, 56.253, 56.632, 57.04, 57.855], [18.069, 18.157, 17.726, 16.738, 15.532, 13.038, 12.498, 11.475, 6.177, 0.0, 6.292, 15.123, 28.736, 38.328, 38.936, 41.462, 45.665, 46.445, 46.61, 47.186, 54.941, 66.393, 70.709, 70.26, 69.957, 70.076, 70.636, 71.128, 73.058, 73.679, 74.043, 73.896, 73.029, 72.92, 73.349, 72.798, 71.836, 71.912, 72.611, 73.602, 73.414, 73.378, 74.407, 74.634, 74.412, 74.016, 72.962, 72.598, 72.569, 71.145, 69.889, 68.262, 67.373, 67.254, 66.542, 66.351, 66.206, 66.801, 67.134, 67.106, 66.618, 65.88, 64.765, 63.723, 63.562, 63.712, 63.725, 63.547, 62.937, 62.07, 61.869, 62.224, 61.909, 60.421, 59.176, 58.121, 56.827, 56.196, 55.736, 55.624, 56.262, 56.124, 55.943, 56.337, 57.147, 58.324], [19.452, 19.681, 19.456, 19.018, 17.738, 15.485, 15.226, 14.389, 10.626, 6.292, 0.0, 10.093, 25.079, 35.14, 35.859, 39.084, 44.024, 44.918, 45.182, 45.919, 53.313, 64.452, 68.639, 68.118, 67.783, 67.889, 68.448, 68.982, 70.988, 71.632, 71.884, 71.68, 70.938, 70.883, 71.313, 70.797, 69.823, 69.983, 70.761, 71.794, 71.615, 71.542, 72.506, 72.752, 72.632, 72.377, 71.458, 71.196, 71.174, 69.666, 68.337, 66.737, 65.905, 65.834, 65.294, 65.264, 65.175, 65.81, 66.163, 66.145, 65.697, 65.042, 64.058, 63.035, 62.914, 63.078, 63.015, 62.82, 62.296, 61.495, 61.197, 61.5, 61.387, 60.152, 59.081, 58.139, 56.893, 56.27, 55.821, 55.711, 56.337, 56.236, 56.054, 56.537, 57.507, 58.683], [23.316, 23.609, 23.575, 23.927, 22.764, 20.596, 20.664, 20.062, 17.685, 15.123, 10.093, 0.0, 16.417, 27.471, 28.525, 32.798, 38.977, 40.04, 40.456, 41.409, 48.545, 59.603, 63.688, 63.066, 62.719, 62.783, 63.336, 63.929, 66.048, 66.649, 66.683, 66.336, 65.688, 65.7, 66.142, 65.692, 64.736, 65.028, 65.917, 67.01, 66.84, 66.726, 67.688, 68.016, 68.067, 68.049, 67.476, 67.536, 67.52, 65.952, 64.575, 63.04, 62.326, 62.34, 62.286, 62.812, 62.983, 63.759, 64.151, 64.163, 63.739, 63.205, 62.455, 61.514, 61.555, 61.754, 61.65, 61.482, 61.046, 60.241, 59.76, 60.048, 60.085, 58.859, 57.787, 56.976, 55.844, 55.228, 54.725, 54.629, 55.298, 55.241, 55.049, 55.604, 56.71, 57.795], [32.274, 32.441, 32.48, 33.567, 33.254, 31.681, 31.977, 31.665, 30.245, 28.736, 25.079, 16.417, 0.0, 12.262, 14.769, 20.923, 29.311, 30.68, 31.496, 32.581, 38.639, 49.328, 53.22, 52.389, 52.048, 51.997, 52.517, 53.252, 55.486, 55.88, 55.612, 55.171, 54.556, 54.647, 55.119, 54.739, 53.874, 54.418, 55.39, 56.585, 56.457, 56.335, 57.464, 58.009, 58.286, 58.641, 59.02, 60.058, 60.068, 58.491, 57.063, 55.636, 55.182, 55.398, 56.516, 58.415, 59.377, 60.625, 61.132, 61.202, 60.747, 60.361, 60.039, 59.379, 59.867, 60.097, 60.013, 59.964, 59.656, 58.756, 57.925, 58.257, 58.525, 57.145, 55.796, 55.104, 54.225, 53.669, 53.061, 52.96, 53.713, 53.747, 53.516, 54.167, 55.618, 56.663], [39.425, 39.553, 39.651, 41.01, 41.101, 40.045, 40.455, 40.271, 39.414, 38.328, 35.14, 27.471, 12.262, 0.0, 5.953, 15.199, 25.283, 26.855, 27.958, 29.01, 32.775, 42.236, 45.654, 44.528, 44.176, 44.039, 44.55, 45.346, 47.83, 48.125, 47.535, 47.048, 46.479, 46.643, 47.134, 46.801, 45.983, 46.706, 47.704, 48.997, 48.925, 48.828, 50.12, 50.812, 51.249, 51.924, 53.279, 55.375, 55.416, 53.838, 52.559, 51.316, 51.13, 51.494, 53.521, 56.502, 58.097, 59.704, 60.292, 60.389, 59.914, 59.62, 59.551, 59.059, 59.862, 60.113, 60.062, 60.109, 59.908, 59.031, 58.033, 58.379, 58.86, 57.605, 56.248, 55.655, 54.958, 54.482, 53.819, 53.656, 54.431, 54.548, 54.332, 55.076, 56.672, 57.585], [39.148, 39.286, 39.391, 40.733, 40.877, 40.021, 40.45, 40.319, 39.786, 38.936, 35.859, 28.525, 14.769, 5.953, 0.0, 12.26, 23.745, 25.502, 26.465, 27.349, 30.833, 40.795, 44.431, 43.298, 42.947, 42.819, 43.336, 44.063, 46.704, 47.242, 46.724, 46.257, 45.569, 45.678, 46.157, 45.747, 44.865, 45.474, 46.473, 47.774, 47.707, 47.635, 48.914, 49.585, 50.059, 50.763, 52.139, 54.31, 54.353, 52.908, 51.889, 50.792, 50.68, 51.086, 53.224, 56.293, 57.899, 59.49, 60.065, 60.156, 59.681, 59.389, 59.268, 58.666, 59.45, 59.711, 59.711, 59.786, 59.579, 58.753, 57.847, 58.227, 58.662, 57.435, 56.056, 55.38, 54.683, 54.221, 53.54, 53.372, 54.181, 54.319, 54.138, 54.808, 56.19, 56.957], [41.496, 41.484, 41.516, 42.752, 43.212, 42.368, 42.681, 42.728, 42.183, 41.462, 39.084, 32.798, 20.923, 15.199, 12.26, 0.0, 13.08, 15.757, 16.516, 18.158, 24.655, 37.121, 41.795, 40.968, 40.755, 40.47, 40.698, 41.41, 43.855, 44.465, 44.284, 44.145, 43.254, 43.376, 43.795, 43.383, 42.892, 43.55, 44.463, 45.587, 45.502, 45.692, 47.333, 48.154, 48.562, 49.078, 50.456, 52.746, 52.738, 52.246, 52.021, 50.99, 50.962, 51.308, 53.639, 56.926, 58.64, 60.355, 60.992, 61.108, 60.487, 60.11, 60.083, 59.508, 60.394, 60.631, 60.64, 60.749, 60.522, 59.476, 58.447, 58.928, 59.267, 57.827, 55.963, 54.839, 54.011, 53.553, 52.901, 52.78, 53.759, 54.04, 53.86, 54.45, 55.896, 56.704], [45.639, 45.532, 45.579, 46.701, 47.303, 46.416, 46.67, 46.861, 46.279, 45.665, 44.024, 38.977, 29.311, 25.283, 23.745, 13.08, 0.0, 5.018, 6.246, 11.29, 23.223, 36.737, 41.852, 41.41, 41.353, 41.0, 41.039, 41.708, 43.894, 44.391, 44.441, 44.461, 43.66, 44.0, 44.42, 44.194, 44.117, 44.989, 45.937, 46.856, 46.688, 47.115, 49.022, 49.809, 49.966, 50.232, 51.449, 53.536, 53.398, 53.753, 54.347, 53.209, 53.063, 53.145, 55.046, 58.142, 59.752, 61.44, 62.069, 62.162, 61.42, 61.005, 61.08, 60.605, 61.527, 61.777, 61.74, 61.844, 61.664, 60.47, 59.289, 59.788, 60.121, 58.724, 56.762, 55.429, 54.471, 53.999, 53.366, 53.17, 54.22, 54.665, 54.567, 55.252, 56.819, 57.637], [46.257, 46.196, 46.29, 47.453, 48.043, 47.104, 47.359, 47.57, 47.014, 46.445, 44.918, 40.04, 30.68, 26.855, 25.502, 15.757, 5.018, 0.0, 3.391, 9.867, 22.988, 36.791, 41.9, 41.458, 41.44, 41.101, 41.124, 41.822, 44.099, 44.449, 44.258, 44.163, 43.369, 43.783, 44.258, 44.083, 44.049, 44.964, 45.918, 46.835, 46.663, 47.061, 48.959, 49.726, 49.858, 50.159, 51.476, 53.566, 53.398, 53.793, 54.481, 53.442, 53.33, 53.463, 55.396, 58.479, 60.074, 61.753, 62.367, 62.436, 61.694, 61.289, 61.37, 60.905, 61.838, 62.085, 62.063, 62.188, 62.009, 60.806, 59.618, 60.132, 60.479, 59.063, 57.057, 55.729, 54.806, 54.309, 53.619, 53.335, 54.305, 54.725, 54.647, 55.363, 56.93, 57.675], [46.282, 46.215, 46.339, 47.469, 47.998, 47.092, 47.344, 47.56, 47.067, 46.61, 45.182, 40.456, 31.496, 27.958, 26.465, 16.516, 6.246, 3.391, 0.0, 8.371, 22.726, 36.992, 42.208, 41.784, 41.778, 41.465, 41.476, 42.135, 44.51, 45.041, 44.918, 44.78, 43.915, 44.302, 44.77, 44.596, 44.552, 45.312, 46.175, 47.011, 46.804, 47.246, 49.218, 50.031, 50.171, 50.47, 51.814, 53.916, 53.722, 54.259, 55.122, 54.161, 54.089, 54.217, 56.145, 59.217, 60.784, 62.423, 63.017, 63.081, 62.342, 61.929, 61.931, 61.326, 62.187, 62.453, 62.475, 62.609, 62.411, 61.196, 60.031, 60.566, 60.84, 59.302, 57.189, 55.806, 54.853, 54.315, 53.606, 53.307, 54.26, 54.672, 54.635, 55.3, 56.714, 57.353], [46.991, 46.914, 46.971, 47.899, 48.459, 47.669, 47.877, 48.066, 47.55, 47.186, 45.919, 41.409, 32.581, 29.01, 27.349, 18.158, 11.29, 9.867, 8.371, 0.0, 17.484, 33.687, 39.637, 39.371, 39.429, 39.219, 39.309, 39.848, 42.139, 43.035, 43.555, 43.692, 42.339, 42.482, 42.944, 42.448, 42.215, 42.629, 43.296, 44.173, 43.952, 44.404, 46.626, 47.643, 47.771, 47.887, 49.151, 51.35, 51.182, 51.895, 53.029, 52.389, 52.38, 52.785, 55.18, 58.399, 60.03, 61.7, 62.261, 62.31, 61.554, 61.151, 61.106, 60.381, 61.162, 61.371, 61.577, 61.793, 61.53, 60.337, 59.302, 59.962, 59.988, 57.888, 55.352, 53.868, 52.958, 52.352, 51.562, 51.317, 52.338, 52.757, 52.747, 53.139, 54.191, 54.691], [54.623, 54.575, 54.666, 55.372, 55.696, 55.097, 55.349, 55.482, 55.249, 54.941, 53.313, 48.545, 38.639, 32.775, 30.833, 24.655, 23.223, 22.988, 22.726, 17.484, 0.0, 18.316, 25.94, 26.364, 26.62, 26.529, 26.95, 27.623, 29.638, 31.492, 33.744, 34.848, 32.837, 32.499, 32.878, 31.536, 30.858, 30.968, 31.697, 32.653, 32.49, 32.896, 35.186, 36.59, 37.075, 37.537, 39.705, 42.946, 42.925, 44.03, 46.151, 46.768, 47.29, 47.987, 52.169, 56.777, 58.931, 60.742, 61.313, 61.4, 60.804, 60.813, 61.404, 61.001, 61.996, 62.117, 62.413, 62.814, 62.802, 62.016, 60.98, 61.594, 61.722, 59.885, 57.779, 56.687, 56.022, 55.425, 54.54, 54.473, 55.8, 56.428, 56.431, 56.712, 57.478, 57.615], [66.486, 66.462, 66.623, 67.259, 67.307, 66.651, 66.921, 66.991, 66.815, 66.393, 64.452, 59.603, 49.328, 42.236, 40.795, 37.121, 36.737, 36.791, 36.992, 33.687, 18.316, 0.0, 9.47, 11.975, 12.957, 13.088, 14.253, 15.413, 16.826, 19.995, 24.916, 27.613, 26.051, 25.798, 26.0, 24.473, 24.131, 24.754, 26.024, 26.883, 26.76, 27.269, 29.261, 30.704, 31.342, 32.414, 36.221, 40.774, 40.877, 42.134, 45.135, 46.843, 47.883, 48.386, 53.55, 59.345, 61.944, 63.768, 64.324, 64.437, 64.023, 64.54, 65.922, 66.059, 67.293, 67.413, 67.606, 68.103, 68.439, 67.98, 66.653, 67.001, 67.577, 66.701, 65.541, 64.982, 64.503, 63.959, 63.108, 63.091, 64.465, 65.243, 65.286, 65.801, 66.789, 66.76], [70.844, 70.864, 71.084, 71.816, 71.744, 71.011, 71.297, 71.334, 71.159, 70.709, 68.639, 63.688, 53.22, 45.654, 44.431, 41.795, 41.852, 41.9, 42.208, 39.637, 25.94, 9.47, 0.0, 4.982, 7.189, 7.564, 9.351, 10.53, 12.336, 16.028, 21.471, 24.711, 24.254, 24.689, 24.898, 23.919, 24.042, 25.061, 26.538, 27.397, 27.31, 27.948, 29.828, 31.088, 31.649, 32.999, 37.637, 42.788, 42.937, 43.776, 46.667, 48.599, 49.85, 50.257, 55.419, 61.529, 64.312, 66.141, 66.676, 66.787, 66.442, 67.147, 68.767, 69.078, 70.371, 70.524, 70.639, 71.131, 71.575, 71.179, 69.719, 69.939, 70.741, 70.283, 69.496, 69.139, 68.712, 68.183, 67.371, 67.321, 68.596, 69.354, 69.412, 70.111, 71.291, 71.205], [70.26, 70.319, 70.551, 71.386, 71.337, 70.603, 70.904, 70.928, 70.749, 70.26, 68.118, 63.066, 52.389, 44.528, 43.298, 40.968, 41.41, 41.458, 41.784, 39.371, 26.364, 11.975, 4.982, 0.0, 3.303, 4.279, 6.764, 8.268, 11.107, 15.115, 20.106, 23.252, 23.084, 23.757, 24.061, 23.262, 23.479, 24.609, 26.104, 27.031, 26.971, 27.651, 29.598, 30.898, 31.506, 32.952, 37.817, 43.171, 43.344, 43.825, 46.291, 48.124, 49.424, 49.876, 54.97, 61.043, 63.893, 65.843, 66.421, 66.516, 66.149, 66.816, 68.422, 68.729, 70.041, 70.209, 70.304, 70.789, 71.224, 70.788, 69.283, 69.475, 70.324, 69.925, 69.174, 68.841, 68.41, 67.883, 67.091, 67.021, 68.244, 68.974, 69.018, 69.815, 71.152, 71.114], [69.9, 69.973, 70.211, 71.052, 70.979, 70.256, 70.567, 70.583, 70.438, 69.957, 67.783, 62.719, 52.048, 44.176, 42.947, 40.755, 41.353, 41.44, 41.778, 39.429, 26.62, 12.957, 7.189, 3.303, 0.0, 2.782, 6.31, 8.024, 10.876, 15.021, 20.059, 23.147, 22.941, 23.524, 23.826, 22.999, 23.093, 24.227, 25.794, 26.752, 26.697, 27.392, 29.305, 30.591, 31.176, 32.572, 37.368, 42.672, 42.856, 43.196, 45.515, 47.344, 48.66, 49.096, 54.138, 60.175, 63.023, 65.019, 65.636, 65.72, 65.369, 66.07, 67.713, 68.037, 69.356, 69.53, 69.617, 70.109, 70.563, 70.153, 68.648, 68.829, 69.7, 69.362, 68.687, 68.391, 67.956, 67.43, 66.634, 66.559, 67.784, 68.508, 68.55, 69.389, 70.767, 70.727], [69.976, 70.048, 70.276, 71.142, 71.129, 70.408, 70.709, 70.738, 70.582, 70.076, 67.889, 62.783, 51.997, 44.039, 42.819, 40.47, 41.0, 41.101, 41.465, 39.219, 26.529, 13.088, 7.564, 4.279, 2.782, 0.0, 4.398, 6.656, 9.907, 13.989, 19.02, 22.274, 22.112, 22.775, 23.014, 22.228, 22.54, 23.773, 25.306, 26.293, 26.246, 26.924, 28.907, 30.271, 30.908, 32.342, 37.201, 42.58, 42.788, 43.223, 45.51, 47.271, 48.59, 49.061, 54.221, 60.372, 63.318, 65.372, 66.014, 66.131, 65.769, 66.44, 68.063, 68.39, 69.724, 69.885, 69.968, 70.458, 70.902, 70.448, 68.908, 69.09, 69.967, 69.607, 68.89, 68.59, 68.18, 67.674, 66.897, 66.829, 68.053, 68.768, 68.786, 69.593, 70.993, 70.998], [70.565, 70.641, 70.849, 71.761, 71.863, 71.127, 71.396, 71.435, 71.201, 70.636, 68.448, 63.336, 52.517, 44.55, 43.336, 40.698, 41.039, 41.124, 41.476, 39.309, 26.95, 14.253, 9.351, 6.764, 6.31, 4.398, 0.0, 4.057, 8.371, 12.169, 17.08, 20.783, 20.78, 21.613, 21.795, 21.42, 22.462, 23.906, 25.388, 26.186, 26.074, 26.739, 28.75, 30.22, 30.933, 32.419, 37.44, 42.981, 43.228, 43.87, 46.067, 47.673, 48.985, 49.484, 54.736, 60.966, 64.032, 66.21, 66.931, 67.102, 66.723, 67.316, 68.889, 69.208, 70.597, 70.77, 70.853, 71.357, 71.761, 71.133, 69.437, 69.598, 70.478, 70.082, 69.277, 68.95, 68.574, 68.088, 67.357, 67.29, 68.497, 69.216, 69.203, 69.946, 71.399, 71.499], [70.9, 70.981, 71.207, 72.114, 72.207, 71.497, 71.766, 71.808, 71.619, 71.128, 68.982, 63.929, 53.252, 45.346, 44.063, 41.41, 41.708, 41.822, 42.135, 39.848, 27.623, 15.413, 10.53, 8.268, 8.024, 6.656, 4.057, 0.0, 6.764, 11.489, 16.505, 20.153, 20.153, 21.164, 21.324, 21.053, 22.197, 23.527, 25.035, 25.876, 25.737, 26.575, 28.862, 30.458, 31.129, 32.312, 37.113, 42.745, 43.028, 43.763, 46.133, 47.782, 49.121, 49.649, 54.867, 61.118, 64.204, 66.36, 67.089, 67.282, 66.926, 67.585, 69.168, 69.46, 70.817, 70.994, 71.111, 71.628, 72.043, 71.385, 69.659, 69.819, 70.63, 70.119, 69.272, 68.947, 68.571, 68.08, 67.388, 67.393, 68.685, 69.434, 69.422, 70.11, 71.469, 71.505], [73.119, 73.189, 73.374, 74.196, 74.289, 73.505, 73.724, 73.769, 73.55, 73.058, 70.988, 66.048, 55.486, 47.83, 46.704, 43.855, 43.894, 44.099, 44.51, 42.139, 29.638, 16.826, 12.336, 11.107, 10.876, 9.907, 8.371, 6.764, 0.0, 7.803, 15.93, 20.504, 20.378, 21.323, 21.334, 20.697, 21.949, 23.468, 25.08, 25.829, 25.71, 26.657, 28.98, 30.725, 31.338, 32.041, 36.322, 41.842, 42.193, 43.104, 45.665, 47.577, 49.025, 49.539, 54.9, 61.215, 64.382, 66.62, 67.393, 67.607, 67.262, 68.044, 69.923, 70.48, 71.921, 72.058, 72.146, 72.686, 73.177, 72.533, 70.752, 70.916, 71.711, 71.135, 70.263, 69.961, 69.595, 69.1, 68.441, 68.575, 70.02, 70.818, 70.754, 71.436, 72.87, 72.935], [73.992, 74.076, 74.232, 75.123, 75.318, 74.443, 74.647, 74.674, 74.28, 73.679, 71.632, 66.649, 55.88, 48.125, 47.242, 44.465, 44.391, 44.449, 45.041, 43.035, 31.492, 19.995, 16.028, 15.115, 15.021, 13.989, 12.169, 11.489, 7.803, 0.0, 10.458, 16.693, 17.236, 18.851, 18.881, 19.121, 21.443, 23.933, 25.863, 26.797, 26.755, 27.457, 29.635, 31.27, 31.784, 32.506, 37.035, 42.758, 43.123, 43.735, 45.834, 47.504, 48.919, 49.46, 54.823, 61.182, 64.49, 66.863, 67.688, 67.923, 67.523, 68.245, 70.196, 71.025, 72.679, 72.852, 72.885, 73.406, 73.874, 73.06, 71.131, 71.284, 72.179, 71.64, 70.761, 70.538, 70.26, 69.803, 69.175, 69.278, 70.624, 71.359, 71.245, 72.027, 73.788, 74.103], [74.073, 74.19, 74.404, 75.505, 75.751, 74.88, 75.155, 75.167, 74.719, 74.043, 71.884, 66.683, 55.612, 47.535, 46.724, 44.284, 44.441, 44.258, 44.918, 43.555, 33.744, 24.916, 21.471, 20.106, 20.059, 19.02, 17.08, 16.505, 15.93, 10.458, 0.0, 8.007, 11.283, 14.693, 15.062, 17.171, 20.826, 24.464, 26.666, 27.766, 27.842, 28.187, 30.059, 31.437, 32.033, 33.311, 38.5, 44.504, 44.759, 44.903, 46.485, 47.835, 49.232, 49.869, 55.04, 61.276, 64.616, 67.07, 67.917, 68.155, 67.747, 68.398, 70.262, 71.153, 73.057, 73.381, 73.363, 73.84, 74.276, 73.361, 71.366, 71.468, 72.55, 72.263, 71.516, 71.392, 71.212, 70.811, 70.192, 70.135, 71.249, 71.881, 71.781, 72.769, 74.812, 75.247], [73.679, 73.809, 74.095, 75.264, 75.411, 74.557, 74.896, 74.903, 74.523, 73.896, 71.68, 66.336, 55.171, 47.048, 46.257, 44.145, 44.461, 44.163, 44.78, 43.692, 34.848, 27.613, 24.711, 23.252, 23.147, 22.274, 20.783, 20.153, 20.504, 16.693, 8.007, 0.0, 7.665, 12.632, 13.399, 16.58, 20.56, 24.768, 27.244, 28.43, 28.542, 28.867, 30.733, 31.965, 32.592, 33.968, 38.978, 44.812, 44.987, 44.983, 46.608, 47.944, 49.323, 49.984, 54.889, 60.892, 64.086, 66.468, 67.281, 67.504, 67.144, 67.85, 69.671, 70.506, 72.484, 72.97, 72.991, 73.44, 73.889, 73.014, 71.063, 71.141, 72.331, 72.233, 71.607, 71.519, 71.333, 70.93, 70.317, 70.219, 71.287, 71.886, 71.838, 72.963, 74.99, 75.329], [72.738, 72.851, 73.115, 74.226, 74.43, 73.629, 73.955, 73.967, 73.591, 73.029, 70.938, 65.688, 54.556, 46.479, 45.569, 43.254, 43.66, 43.369, 43.915, 42.339, 32.837, 26.051, 24.254, 23.084, 22.941, 22.112, 20.78, 20.153, 20.378, 17.236, 11.283, 7.665, 0.0, 5.861, 7.007, 10.761, 15.723, 20.418, 23.191, 24.582, 24.733, 25.078, 27.333, 29.045, 29.888, 31.014, 35.865, 41.939, 42.169, 42.366, 44.206, 45.673, 47.086, 47.963, 53.219, 59.314, 62.563, 65.013, 65.837, 66.06, 65.674, 66.291, 67.984, 68.761, 70.746, 71.216, 71.498, 72.07, 72.42, 71.532, 69.669, 69.783, 70.73, 70.28, 69.416, 69.254, 69.077, 68.668, 68.046, 67.996, 69.14, 69.746, 69.694, 70.692, 72.528, 72.789], [72.589, 72.692, 72.94, 73.996, 74.224, 73.47, 73.795, 73.807, 73.445, 72.92, 70.883, 65.7, 54.647, 46.643, 45.678, 43.376, 44.0, 43.783, 44.302, 42.482, 32.499, 25.798, 24.689, 23.757, 23.524, 22.775, 21.613, 21.164, 21.323, 18.851, 14.693, 12.632, 5.861, 0.0, 2.537, 7.296, 13.045, 18.087, 21.028, 22.432, 22.593, 22.796, 24.958, 26.847, 27.805, 28.852, 33.768, 39.982, 40.244, 40.603, 42.612, 44.239, 45.68, 46.645, 52.108, 58.238, 61.506, 63.992, 64.836, 65.067, 64.693, 65.252, 66.887, 67.653, 69.682, 70.129, 70.58, 71.285, 71.582, 70.714, 68.918, 69.029, 69.824, 69.239, 68.314, 68.133, 67.992, 67.596, 66.949, 66.908, 68.071, 68.674, 68.616, 69.5, 71.17, 71.361], [72.967, 73.074, 73.315, 74.375, 74.626, 73.882, 74.203, 74.227, 73.873, 73.349, 71.313, 66.142, 55.119, 47.134, 46.157, 43.795, 44.42, 44.258, 44.77, 42.944, 32.878, 26.0, 24.898, 24.061, 23.826, 23.014, 21.795, 21.324, 21.334, 18.881, 15.062, 13.399, 7.007, 2.537, 0.0, 6.355, 12.672, 17.698, 20.632, 22.05, 22.228, 22.471, 24.684, 26.636, 27.607, 28.586, 33.471, 39.738, 40.015, 40.473, 42.574, 44.233, 45.687, 46.651, 52.18, 58.388, 61.712, 64.21, 65.065, 65.311, 64.946, 65.518, 67.166, 67.933, 69.956, 70.39, 70.849, 71.562, 71.871, 71.013, 69.221, 69.342, 70.112, 69.491, 68.552, 68.378, 68.25, 67.86, 67.217, 67.197, 68.389, 69.008, 68.949, 69.8, 71.445, 71.643], [72.223, 72.312, 72.527, 73.56, 73.849, 73.172, 73.482, 73.522, 73.259, 72.798, 70.797, 65.692, 54.739, 46.801, 45.747, 43.383, 44.194, 44.083, 44.596, 42.448, 31.536, 24.473, 23.919, 23.262, 22.999, 22.228, 21.42, 21.053, 20.697, 19.121, 17.171, 16.58, 10.761, 7.296, 6.355, 0.0, 7.059, 12.455, 15.683, 17.383, 17.75, 18.112, 20.618, 22.866, 24.026, 24.93, 29.761, 36.214, 36.506, 37.027, 39.488, 41.546, 43.171, 44.299, 50.24, 56.684, 60.162, 62.763, 63.641, 63.886, 63.528, 64.131, 65.844, 66.603, 68.582, 68.919, 69.409, 70.131, 70.455, 69.834, 68.294, 68.488, 69.126, 68.372, 67.362, 67.146, 67.015, 66.638, 65.976, 66.018, 67.343, 68.015, 67.954, 68.781, 70.333, 70.451], [70.939, 71.014, 71.26, 72.269, 72.489, 71.912, 72.248, 72.282, 72.179, 71.836, 69.823, 64.736, 53.874, 45.983, 44.865, 42.892, 44.117, 44.049, 44.552, 42.215, 30.858, 24.131, 24.042, 23.479, 23.093, 22.54, 22.462, 22.197, 21.949, 21.443, 20.826, 20.56, 15.723, 13.045, 12.672, 7.059, 0.0, 6.552, 10.721, 12.991, 13.634, 14.152, 16.943, 19.328, 20.707, 21.75, 26.662, 33.185, 33.422, 33.725, 36.506, 38.97, 40.742, 42.004, 48.139, 54.68, 58.19, 60.78, 61.63, 61.852, 61.541, 62.212, 63.947, 64.619, 66.482, 66.749, 67.265, 67.984, 68.337, 68.056, 66.877, 67.159, 67.741, 66.989, 66.035, 65.809, 65.645, 65.271, 64.574, 64.637, 66.036, 66.731, 66.712, 67.601, 69.027, 68.99], [70.593, 70.654, 70.913, 71.92, 72.172, 71.716, 72.051, 72.091, 72.111, 71.912, 69.983, 65.028, 54.418, 46.706, 45.474, 43.55, 44.989, 44.964, 45.312, 42.629, 30.968, 24.754, 25.061, 24.609, 24.227, 23.773, 23.906, 23.527, 23.468, 23.933, 24.464, 24.768, 20.418, 18.087, 17.698, 12.455, 6.552, 0.0, 5.165, 8.246, 9.199, 10.125, 13.85, 16.681, 18.318, 19.479, 24.819, 31.635, 31.832, 32.298, 35.405, 38.13, 40.025, 41.388, 47.717, 54.437, 58.077, 60.666, 61.497, 61.734, 61.423, 62.057, 63.674, 64.144, 65.821, 65.995, 66.581, 67.316, 67.625, 67.48, 66.534, 66.949, 67.414, 66.493, 65.451, 65.188, 65.032, 64.66, 63.938, 63.99, 65.411, 66.126, 66.148, 66.969, 68.199, 68.045], [71.091, 71.13, 71.358, 72.378, 72.751, 72.379, 72.697, 72.744, 72.778, 72.611, 70.761, 65.917, 55.39, 47.704, 46.473, 44.463, 45.937, 45.918, 46.175, 43.296, 31.697, 26.024, 26.538, 26.104, 25.794, 25.306, 25.388, 25.035, 25.08, 25.863, 26.666, 27.244, 23.191, 21.028, 20.632, 15.683, 10.721, 5.165, 0.0, 4.64, 6.302, 7.507, 12.175, 15.326, 16.982, 18.21, 24.151, 31.293, 31.505, 32.131, 35.168, 37.928, 39.895, 41.357, 47.917, 54.815, 58.619, 61.285, 62.133, 62.397, 62.063, 62.625, 64.162, 64.537, 66.14, 66.243, 66.847, 67.587, 67.848, 67.683, 66.791, 67.311, 67.811, 66.804, 65.615, 65.295, 65.18, 64.831, 64.096, 64.114, 65.504, 66.22, 66.233, 66.979, 68.182, 68.043], [72.039, 72.067, 72.295, 73.301, 73.693, 73.344, 73.647, 73.696, 73.745, 73.602, 71.794, 67.01, 56.585, 48.997, 47.774, 45.587, 46.856, 46.835, 47.011, 44.173, 32.653, 26.883, 27.397, 27.031, 26.752, 26.293, 26.186, 25.876, 25.829, 26.797, 27.766, 28.43, 24.582, 22.432, 22.05, 17.383, 12.991, 8.246, 4.64, 0.0, 2.705, 5.237, 10.399, 13.685, 15.375, 16.931, 23.578, 30.891, 31.061, 32.046, 35.406, 38.271, 40.271, 41.592, 48.179, 55.191, 59.12, 61.865, 62.746, 63.028, 62.713, 63.265, 64.808, 65.127, 66.709, 66.808, 67.398, 68.151, 68.411, 68.213, 67.267, 67.779, 68.338, 67.456, 66.283, 65.939, 65.846, 65.502, 64.734, 64.668, 65.996, 66.705, 66.725, 67.465, 68.654, 68.488], [71.88, 71.911, 72.143, 73.13, 73.507, 73.154, 73.45, 73.5, 73.548, 73.414, 71.615, 66.84, 56.457, 48.925, 47.707, 45.502, 46.688, 46.663, 46.804, 43.952, 32.49, 26.76, 27.31, 26.971, 26.697, 26.246, 26.074, 25.737, 25.71, 26.755, 27.842, 28.542, 24.733, 22.593, 22.228, 17.75, 13.634, 9.199, 6.302, 2.705, 0.0, 4.281, 10.099, 13.559, 15.257, 16.843, 23.516, 30.789, 30.952, 32.113, 35.599, 38.386, 40.322, 41.553, 48.029, 55.015, 58.965, 61.728, 62.618, 62.906, 62.588, 63.127, 64.649, 64.94, 66.495, 66.593, 67.195, 67.958, 68.211, 67.976, 66.996, 67.498, 68.042, 67.188, 66.05, 65.722, 65.627, 65.271, 64.49, 64.387, 65.671, 66.364, 66.393, 67.103, 68.234, 68.052], [71.859, 71.887, 72.113, 73.102, 73.499, 73.15, 73.448, 73.503, 73.548, 73.378, 71.542, 66.726, 56.335, 48.828, 47.635, 45.692, 47.115, 47.061, 47.246, 44.404, 32.896, 27.269, 27.948, 27.651, 27.392, 26.924, 26.739, 26.575, 26.657, 27.457, 28.187, 28.867, 25.078, 22.796, 22.471, 18.112, 14.152, 10.125, 7.507, 5.237, 4.281, 0.0, 6.625, 10.888, 13.214, 15.367, 22.552, 29.957, 30.101, 31.124, 34.435, 37.257, 39.228, 40.57, 47.245, 54.268, 58.255, 61.061, 61.964, 62.27, 61.97, 62.478, 63.989, 64.337, 65.986, 66.081, 66.687, 67.466, 67.704, 67.472, 66.502, 66.999, 67.504, 66.623, 65.554, 65.379, 65.43, 65.122, 64.33, 64.209, 65.461, 66.139, 66.162, 66.834, 67.95, 67.806], [72.792, 72.816, 73.043, 74.026, 74.42, 74.097, 74.41, 74.476, 74.586, 74.407, 72.506, 67.688, 57.464, 50.12, 48.914, 47.333, 49.022, 48.959, 49.218, 46.626, 35.186, 29.261, 29.828, 29.598, 29.305, 28.907, 28.75, 28.862, 28.98, 29.635, 30.059, 30.733, 27.333, 24.958, 24.684, 20.618, 16.943, 13.85, 12.175, 10.399, 10.099, 6.625, 0.0, 5.544, 9.365, 13.064, 21.223, 28.638, 28.734, 29.598, 32.95, 36.095, 38.2, 39.565, 46.436, 53.489, 57.471, 60.27, 61.164, 61.476, 61.256, 61.795, 63.379, 63.825, 65.611, 65.721, 66.276, 67.076, 67.35, 67.235, 66.322, 66.784, 67.331, 66.701, 65.912, 65.947, 66.228, 66.053, 65.258, 65.106, 66.317, 67.004, 67.042, 67.717, 68.81, 68.663], [72.919, 72.936, 73.156, 74.113, 74.492, 74.21, 74.543, 74.608, 74.764, 74.634, 72.752, 68.016, 58.009, 50.812, 49.585, 48.154, 49.809, 49.726, 50.031, 47.643, 36.59, 30.704, 31.088, 30.898, 30.591, 30.271, 30.22, 30.458, 30.725, 31.27, 31.437, 31.965, 29.045, 26.847, 26.636, 22.866, 19.328, 16.681, 15.326, 13.685, 13.559, 10.888, 5.544, 0.0, 4.917, 10.602, 20.028, 27.457, 27.488, 28.272, 31.819, 35.128, 37.237, 38.472, 45.209, 52.22, 56.18, 58.941, 59.799, 60.097, 59.91, 60.471, 62.08, 62.569, 64.428, 64.564, 65.05, 65.836, 66.134, 66.136, 65.333, 65.805, 66.524, 66.289, 65.768, 65.871, 66.251, 66.204, 65.444, 65.266, 66.431, 67.127, 67.199, 67.93, 69.033, 68.899], [72.773, 72.776, 72.97, 73.869, 74.241, 73.969, 74.292, 74.353, 74.5, 74.412, 72.632, 68.067, 58.286, 51.249, 50.059, 48.562, 49.966, 49.858, 50.171, 47.771, 37.075, 31.342, 31.649, 31.506, 31.176, 30.908, 30.933, 31.129, 31.338, 31.784, 32.033, 32.592, 29.888, 27.805, 27.607, 24.026, 20.707, 18.318, 16.982, 15.375, 15.257, 13.214, 9.365, 4.917, 0.0, 7.279, 18.067, 25.747, 25.767, 26.609, 30.37, 33.782, 35.864, 36.927, 43.521, 50.599, 54.698, 57.525, 58.384, 58.683, 58.504, 59.119, 60.8, 61.361, 63.249, 63.391, 63.854, 64.64, 64.957, 64.971, 64.178, 64.691, 65.511, 65.408, 64.957, 65.055, 65.445, 65.451, 64.741, 64.609, 65.817, 66.54, 66.621, 67.364, 68.479, 68.358], [72.564, 72.543, 72.703, 73.502, 73.859, 73.572, 73.859, 73.917, 74.049, 74.016, 72.377, 68.049, 58.641, 51.924, 50.763, 49.078, 50.232, 50.159, 50.47, 47.887, 37.537, 32.414, 32.999, 32.952, 32.572, 32.342, 32.419, 32.312, 32.041, 32.506, 33.311, 33.968, 31.014, 28.852, 28.586, 24.93, 21.75, 19.479, 18.21, 16.931, 16.843, 15.367, 13.064, 10.602, 7.279, 0.0, 11.907, 20.415, 20.643, 21.978, 26.601, 30.511, 32.787, 33.895, 40.588, 47.808, 52.117, 55.081, 55.999, 56.346, 56.196, 56.978, 58.879, 59.595, 61.496, 61.611, 62.125, 62.955, 63.335, 63.293, 62.412, 63.001, 63.778, 63.497, 62.967, 63.04, 63.418, 63.44, 62.859, 63.072, 64.666, 65.529, 65.578, 66.217, 67.234, 67.073], [71.731, 71.668, 71.786, 72.423, 72.705, 72.414, 72.669, 72.737, 72.924, 72.962, 71.458, 67.476, 59.02, 53.279, 52.139, 50.456, 51.449, 51.476, 51.814, 49.151, 39.705, 36.221, 37.637, 37.817, 37.368, 37.201, 37.44, 37.113, 36.322, 37.035, 38.5, 38.978, 35.865, 33.768, 33.471, 29.761, 26.662, 24.819, 24.151, 23.578, 23.516, 22.552, 21.223, 20.028, 18.067, 11.907, 0.0, 9.535, 10.418, 13.275, 20.522, 25.457, 27.962, 29.232, 35.821, 42.769, 46.966, 49.939, 50.949, 51.407, 51.377, 52.482, 54.788, 55.752, 57.66, 57.738, 58.277, 59.122, 59.653, 59.731, 58.898, 59.598, 60.356, 60.114, 59.753, 59.871, 60.234, 60.308, 59.94, 60.743, 63.084, 64.236, 64.254, 64.798, 65.629, 65.41], [71.467, 71.368, 71.472, 71.969, 72.175, 71.92, 72.171, 72.244, 72.501, 72.598, 71.196, 67.536, 60.058, 55.375, 54.31, 52.746, 53.536, 53.566, 53.916, 51.35, 42.946, 40.774, 42.788, 43.171, 42.672, 42.58, 42.981, 42.745, 41.842, 42.758, 44.504, 44.812, 41.939, 39.982, 39.738, 36.214, 33.185, 31.635, 31.293, 30.891, 30.789, 29.957, 28.638, 27.457, 25.747, 20.415, 9.535, 0.0, 2.93, 9.429, 18.586, 23.837, 26.104, 27.149, 33.017, 39.283, 43.089, 45.881, 46.92, 47.466, 47.611, 48.999, 51.634, 52.751, 54.603, 54.654, 55.153, 55.996, 56.672, 56.996, 56.333, 57.113, 57.9, 57.922, 57.899, 58.114, 58.485, 58.61, 58.326, 59.422, 62.216, 63.607, 63.654, 64.132, 64.777, 64.507], [71.336, 71.23, 71.354, 71.873, 72.068, 71.831, 72.099, 72.172, 72.456, 72.569, 71.174, 67.52, 60.068, 55.416, 54.353, 52.738, 53.398, 53.398, 53.722, 51.182, 42.925, 40.877, 42.937, 43.344, 42.856, 42.788, 43.228, 43.028, 42.193, 43.123, 44.759, 44.987, 42.169, 40.244, 40.015, 36.506, 33.422, 31.832, 31.505, 31.061, 30.952, 30.101, 28.734, 27.488, 25.767, 20.643, 10.418, 2.93, 0.0, 8.65, 18.405, 23.657, 25.865, 26.775, 32.486, 38.718, 42.546, 45.358, 46.385, 46.913, 47.056, 48.45, 51.08, 52.136, 53.965, 54.028, 54.515, 55.35, 56.036, 56.412, 55.789, 56.571, 57.347, 57.419, 57.462, 57.695, 58.061, 58.181, 57.883, 58.912, 61.66, 63.079, 63.215, 63.817, 64.511, 64.218], [69.881, 69.794, 69.917, 70.529, 70.7, 70.455, 70.751, 70.776, 71.07, 71.145, 69.666, 65.952, 58.491, 53.838, 52.908, 52.246, 53.753, 53.793, 54.259, 51.895, 44.03, 42.134, 43.776, 43.825, 43.196, 43.223, 43.87, 43.763, 43.104, 43.735, 44.903, 44.983, 42.366, 40.603, 40.473, 37.027, 33.725, 32.298, 32.131, 32.046, 32.113, 31.124, 29.598, 28.272, 26.609, 21.978, 13.275, 9.429, 8.65, 0.0, 11.219, 17.79, 20.598, 21.849, 27.864, 34.411, 38.65, 41.858, 43.027, 43.518, 43.657, 45.114, 47.909, 49.213, 51.183, 51.265, 51.653, 52.448, 53.182, 53.686, 53.121, 53.877, 54.823, 55.157, 55.51, 55.982, 56.431, 56.584, 56.307, 57.303, 59.917, 61.213, 61.346, 62.465, 63.843, 63.829], [68.749, 68.679, 68.731, 69.498, 69.882, 69.646, 69.919, 69.889, 70.016, 69.889, 68.337, 64.575, 57.063, 52.559, 51.889, 52.021, 54.347, 54.481, 55.122, 53.029, 46.151, 45.135, 46.667, 46.291, 45.515, 45.51, 46.067, 46.133, 45.665, 45.834, 46.485, 46.608, 44.206, 42.612, 42.574, 39.488, 36.506, 35.405, 35.168, 35.406, 35.599, 34.435, 32.95, 31.819, 30.37, 26.601, 20.522, 18.586, 18.405, 11.219, 0.0, 8.427, 12.435, 14.803, 22.092, 29.386, 34.574, 38.672, 40.248, 40.823, 40.854, 42.071, 44.922, 46.659, 48.947, 49.01, 49.29, 50.077, 50.72, 50.972, 50.228, 50.991, 52.083, 52.448, 52.9, 53.637, 54.279, 54.528, 54.324, 55.366, 57.871, 59.038, 58.995, 60.451, 62.834, 63.534], [67.079, 66.997, 66.988, 67.851, 68.48, 68.323, 68.583, 68.533, 68.52, 68.262, 66.737, 63.04, 55.636, 51.316, 50.792, 50.99, 53.209, 53.442, 54.161, 52.389, 46.768, 46.843, 48.599, 48.124, 47.344, 47.271, 47.673, 47.782, 47.577, 47.504, 47.835, 47.944, 45.673, 44.239, 44.233, 41.546, 38.97, 38.13, 37.928, 38.271, 38.386, 37.257, 36.095, 35.128, 33.782, 30.511, 25.457, 23.837, 23.657, 17.79, 8.427, 0.0, 4.936, 8.42, 16.62, 24.704, 30.791, 35.615, 37.506, 38.19, 38.06, 38.93, 41.555, 43.46, 45.971, 46.065, 46.325, 47.108, 47.614, 47.509, 46.55, 47.328, 48.461, 48.905, 49.547, 50.534, 51.315, 51.689, 51.596, 52.676, 55.171, 56.342, 56.238, 57.793, 60.732, 62.059], [66.188, 66.094, 66.047, 66.882, 67.594, 67.505, 67.763, 67.707, 67.656, 67.373, 65.905, 62.326, 55.182, 51.13, 50.68, 50.962, 53.063, 53.33, 54.089, 52.38, 47.29, 47.883, 49.85, 49.424, 48.66, 48.59, 48.985, 49.121, 49.025, 48.919, 49.232, 49.323, 47.086, 45.68, 45.687, 43.171, 40.742, 40.025, 39.895, 40.271, 40.322, 39.228, 38.2, 37.237, 35.864, 32.787, 27.962, 26.104, 25.865, 20.598, 12.435, 4.936, 0.0, 4.943, 13.56, 21.909, 28.414, 33.544, 35.549, 36.285, 36.131, 36.912, 39.432, 41.382, 43.95, 44.066, 44.33, 45.106, 45.553, 45.345, 44.364, 45.175, 46.323, 46.889, 47.751, 48.906, 49.751, 50.203, 50.173, 51.248, 53.74, 54.949, 54.888, 56.441, 59.418, 60.985], [66.141, 66.041, 65.998, 66.783, 67.419, 67.313, 67.575, 67.512, 67.488, 67.254, 65.834, 62.34, 55.398, 51.494, 51.086, 51.308, 53.145, 53.463, 54.217, 52.785, 47.987, 48.386, 50.257, 49.876, 49.096, 49.061, 49.484, 49.649, 49.539, 49.46, 49.869, 49.984, 47.963, 46.645, 46.651, 44.299, 42.004, 41.388, 41.357, 41.592, 41.553, 40.57, 39.565, 38.472, 36.927, 33.895, 29.232, 27.149, 26.775, 21.849, 14.803, 8.42, 4.943, 0.0, 9.913, 19.371, 26.568, 32.013, 34.144, 34.915, 34.783, 35.691, 38.429, 40.511, 43.119, 43.291, 43.419, 44.174, 44.708, 44.467, 43.348, 44.104, 45.348, 46.28, 47.528, 48.812, 49.617, 50.077, 50.045, 51.029, 53.485, 54.741, 54.759, 56.452, 59.48, 61.074], [65.554, 65.432, 65.382, 66.057, 66.578, 66.526, 66.814, 66.718, 66.711, 66.542, 65.294, 62.286, 56.516, 53.521, 53.224, 53.639, 55.046, 55.396, 56.145, 55.18, 52.169, 53.55, 55.419, 54.97, 54.138, 54.221, 54.736, 54.867, 54.9, 54.823, 55.04, 54.889, 53.219, 52.108, 52.18, 50.24, 48.139, 47.717, 47.917, 48.179, 48.029, 47.245, 46.436, 45.209, 43.521, 40.588, 35.821, 33.017, 32.486, 27.864, 22.092, 16.62, 13.56, 9.913, 0.0, 10.696, 19.561, 26.109, 28.656, 29.435, 29.233, 30.174, 33.169, 35.678, 38.471, 38.808, 38.731, 39.433, 40.07, 39.849, 38.737, 39.458, 40.976, 42.897, 45.166, 46.774, 47.542, 48.114, 48.246, 49.228, 51.637, 52.935, 53.089, 55.192, 58.546, 60.354], [65.632, 65.492, 65.403, 65.913, 66.353, 66.382, 66.69, 66.564, 66.529, 66.351, 65.264, 62.812, 58.415, 56.502, 56.293, 56.926, 58.142, 58.479, 59.217, 58.399, 56.777, 59.345, 61.529, 61.043, 60.175, 60.372, 60.966, 61.118, 61.215, 61.182, 61.276, 60.892, 59.314, 58.238, 58.388, 56.684, 54.68, 54.437, 54.815, 55.191, 55.015, 54.268, 53.489, 52.22, 50.599, 47.808, 42.769, 39.283, 38.718, 34.411, 29.386, 24.704, 21.909, 19.371, 10.696, 0.0, 10.774, 18.964, 22.118, 22.843, 22.556, 23.455, 26.784, 29.884, 32.945, 33.443, 33.211, 33.881, 34.619, 34.558, 33.692, 34.439, 36.303, 39.297, 42.547, 44.428, 45.208, 45.929, 46.308, 47.489, 49.981, 51.355, 51.623, 53.966, 57.461, 59.415], [65.653, 65.5, 65.425, 65.779, 66.059, 66.135, 66.485, 66.352, 66.354, 66.206, 65.175, 62.983, 59.377, 58.097, 57.899, 58.64, 59.752, 60.074, 60.784, 60.03, 58.931, 61.944, 64.312, 63.893, 63.023, 63.318, 64.032, 64.204, 64.382, 64.49, 64.616, 64.086, 62.563, 61.506, 61.712, 60.162, 58.19, 58.077, 58.619, 59.12, 58.965, 58.255, 57.471, 56.18, 54.698, 52.117, 46.966, 43.089, 42.546, 38.65, 34.574, 30.791, 28.414, 26.568, 19.561, 10.774, 0.0, 9.258, 13.168, 14.072, 14.024, 15.484, 19.68, 23.392, 26.686, 27.342, 26.922, 27.633, 28.786, 29.157, 28.612, 29.384, 31.705, 35.873, 40.036, 42.128, 42.916, 43.726, 44.236, 45.725, 48.595, 50.211, 50.569, 52.88, 56.12, 57.913], [66.208, 66.041, 66.014, 66.233, 66.332, 66.463, 66.864, 66.737, 66.845, 66.801, 65.81, 63.759, 60.625, 59.704, 59.49, 60.355, 61.44, 61.753, 62.423, 61.7, 60.742, 63.768, 66.141, 65.843, 65.019, 65.372, 66.21, 66.36, 66.62, 66.863, 67.07, 66.468, 65.013, 63.992, 64.21, 62.763, 60.78, 60.666, 61.285, 61.865, 61.728, 61.061, 60.27, 58.941, 57.525, 55.081, 49.939, 45.881, 45.358, 41.858, 38.672, 35.615, 33.544, 32.013, 26.109, 18.964, 9.258, 0.0, 4.712, 6.522, 7.659, 10.633, 15.601, 19.519, 22.664, 23.457, 22.937, 23.729, 25.423, 26.403, 26.314, 27.11, 29.632, 34.557, 39.341, 41.574, 42.376, 43.219, 43.735, 45.38, 48.53, 50.345, 50.779, 52.908, 55.666, 57.149], [66.479, 66.308, 66.305, 66.477, 66.518, 66.691, 67.118, 66.99, 67.135, 67.134, 66.163, 64.151, 61.132, 60.292, 60.065, 60.992, 62.069, 62.367, 63.017, 62.261, 61.313, 64.324, 66.676, 66.421, 65.636, 66.014, 66.931, 67.089, 67.393, 67.688, 67.917, 67.281, 65.837, 64.836, 65.065, 63.641, 61.63, 61.497, 62.133, 62.746, 62.618, 61.964, 61.164, 59.799, 58.384, 55.999, 50.949, 46.92, 46.385, 43.027, 40.248, 37.506, 35.549, 34.144, 28.656, 22.118, 13.168, 4.712, 0.0, 2.914, 5.397, 9.433, 14.493, 18.282, 21.24, 22.106, 21.626, 22.464, 24.363, 25.7, 25.945, 26.751, 29.311, 34.482, 39.46, 41.74, 42.566, 43.411, 43.874, 45.488, 48.655, 50.517, 51.023, 53.064, 55.537, 56.826], [66.489, 66.324, 66.331, 66.487, 66.493, 66.677, 67.119, 66.976, 67.112, 67.106, 66.145, 64.163, 61.202, 60.389, 60.156, 61.108, 62.162, 62.436, 63.081, 62.31, 61.4, 64.437, 66.787, 66.516, 65.72, 66