[[0.0, 4.068, 11.416, 16.247, 17.858, 22.695, 26.642, 29.468, 30.925, 31.951, 33.66, 37.036, 37.991, 37.561, 38.638, 45.245, 56.011, 57.579, 57.035, 57.577, 58.612, 58.471, 59.156, 61.899, 63.83, 62.963, 62.232, 64.41, 65.601, 64.834, 64.561, 64.168, 64.19, 64.923, 66.002, 64.229, 61.115, 59.838, 60.722, 62.231, 64.413, 66.268, 66.838, 67.116, 67.061, 67.121, 66.721, 66.124, 66.445, 66.999, 66.535, 66.186, 65.649, 65.406, 65.972, 66.962, 66.905, 66.132, 65.873, 65.411, 64.959, 66.641, 68.925, 70.19, 70.221, 70.197, 70.348, 69.663, 68.566, 68.491, 68.437, 68.223, 68.403, 67.995, 68.224, 68.61, 68.761, 68.87, 68.63, 68.217, 68.064, 68.208, 67.727, 67.58, 67.821, 67.681], [4.068, 0.0, 8.843, 14.304, 15.991, 20.896, 24.777, 27.612, 29.139, 30.27, 32.088, 35.671, 36.759, 36.334, 37.31, 43.816, 54.661, 56.262, 55.687, 56.187, 57.206, 57.085, 57.794, 60.612, 62.643, 61.802, 61.077, 63.286, 64.463, 63.632, 63.333, 62.957, 62.992, 63.731, 64.89, 63.309, 60.455, 59.286, 60.14, 61.685, 63.986, 65.914, 66.518, 66.818, 66.789, 66.857, 66.453, 65.835, 66.128, 66.665, 66.201, 65.864, 65.354, 65.11, 65.655, 66.619, 66.498, 65.639, 65.329, 64.852, 64.396, 66.061, 68.331, 69.618, 69.679, 69.669, 69.85, 69.196, 68.06, 67.903, 67.759, 67.502, 67.693, 67.264, 67.452, 67.829, 67.962, 68.053, 67.817, 67.453, 67.34, 67.496, 67.024, 66.894, 67.159, 67.016], [11.416, 8.843, 0.0, 6.521, 8.872, 13.528, 17.829, 21.452, 23.351, 24.669, 26.476, 30.259, 31.658, 31.353, 32.564, 39.922, 51.512, 53.172, 52.573, 53.049, 53.999, 53.903, 54.792, 57.641, 59.768, 59.03, 58.313, 60.531, 61.543, 60.516, 60.252, 59.913, 59.873, 60.536, 61.629, 60.367, 58.632, 58.21, 59.049, 60.814, 63.441, 65.502, 66.207, 66.602, 66.684, 66.803, 66.296, 65.515, 65.712, 66.23, 65.804, 65.469, 64.931, 64.592, 65.087, 66.138, 66.05, 65.195, 64.92, 64.472, 64.079, 65.834, 68.196, 69.593, 69.687, 69.665, 69.876, 69.208, 67.937, 67.652, 67.382, 67.036, 67.223, 66.749, 66.899, 67.27, 67.316, 67.298, 67.008, 66.701, 66.748, 67.042, 66.587, 66.458, 66.736, 66.546], [16.247, 14.304, 6.521, 0.0, 4.413, 9.049, 13.727, 18.338, 20.706, 22.206, 23.968, 27.809, 29.461, 29.291, 30.659, 38.241, 49.939, 51.406, 50.656, 51.117, 52.107, 52.068, 53.045, 55.802, 57.841, 57.133, 56.414, 58.606, 59.489, 58.338, 58.08, 57.772, 57.714, 58.391, 59.477, 58.399, 57.507, 57.821, 58.674, 60.546, 63.373, 65.479, 66.209, 66.644, 66.788, 66.914, 66.315, 65.441, 65.607, 66.142, 65.754, 65.436, 64.9, 64.519, 65.004, 66.116, 66.052, 65.229, 65.018, 64.571, 64.174, 65.959, 68.35, 69.784, 69.888, 69.859, 70.098, 69.449, 68.139, 67.778, 67.439, 67.077, 67.279, 66.811, 66.951, 67.294, 67.278, 67.196, 66.858, 66.562, 66.714, 67.094, 66.653, 66.511, 66.773, 66.586], [17.858, 15.991, 8.872, 4.413, 0.0, 6.233, 12.385, 17.654, 20.449, 22.136, 23.921, 27.696, 29.613, 29.58, 31.184, 38.955, 50.634, 52.042, 51.209, 51.681, 52.708, 52.651, 53.586, 56.322, 58.299, 57.594, 56.831, 59.016, 59.882, 58.676, 58.392, 58.069, 58.007, 58.68, 59.708, 58.712, 58.22, 58.766, 59.542, 61.335, 64.183, 66.34, 67.116, 67.588, 67.78, 67.896, 67.267, 66.381, 66.523, 67.071, 66.706, 66.415, 65.958, 65.604, 66.09, 67.238, 67.176, 66.344, 66.128, 65.647, 65.245, 66.981, 69.294, 70.7, 70.808, 70.789, 71.051, 70.479, 69.221, 68.77, 68.286, 67.857, 68.086, 67.665, 67.793, 68.069, 67.967, 67.799, 67.415, 67.121, 67.305, 67.687, 67.267, 67.131, 67.369, 67.204], [22.695, 20.896, 13.528, 9.049, 6.233, 0.0, 8.042, 14.461, 17.989, 20.045, 21.728, 25.24, 27.379, 27.478, 29.262, 37.463, 49.538, 50.927, 49.971, 50.395, 51.302, 51.172, 52.192, 54.957, 56.903, 56.224, 55.456, 57.698, 58.577, 57.386, 57.176, 56.861, 56.758, 57.389, 58.35, 57.575, 57.903, 58.951, 59.677, 61.692, 64.905, 67.222, 68.051, 68.563, 68.838, 68.967, 68.294, 67.375, 67.451, 67.966, 67.62, 67.362, 66.917, 66.514, 66.979, 68.182, 68.126, 67.249, 67.015, 66.516, 66.089, 67.768, 70.012, 71.395, 71.514, 71.516, 71.833, 71.339, 70.082, 69.521, 68.932, 68.484, 68.738, 68.339, 68.44, 68.658, 68.475, 68.226, 67.813, 67.572, 67.835, 68.257, 67.875, 67.793, 68.047, 67.871], [26.642, 24.777, 17.829, 13.727, 12.385, 8.042, 0.0, 7.676, 12.44, 15.363, 17.27, 20.981, 23.323, 23.495, 24.71, 32.336, 44.846, 46.396, 45.495, 45.924, 46.753, 46.57, 47.641, 50.518, 52.64, 52.032, 51.383, 53.792, 54.831, 53.815, 53.685, 53.459, 53.367, 53.934, 54.898, 54.237, 55.03, 56.611, 57.489, 60.043, 64.033, 66.65, 67.499, 67.943, 68.202, 68.358, 67.745, 66.848, 66.84, 67.234, 66.831, 66.545, 66.053, 65.601, 66.048, 67.207, 67.021, 65.887, 65.435, 64.901, 64.502, 66.198, 68.413, 69.771, 69.92, 69.946, 70.365, 70.021, 68.822, 68.227, 67.647, 67.234, 67.444, 66.966, 66.979, 67.196, 67.05, 66.905, 66.666, 66.598, 66.894, 67.311, 67.012, 67.094, 67.516, 67.351], [29.468, 27.612, 21.452, 18.338, 17.654, 14.461, 7.676, 0.0, 6.232, 10.654, 12.927, 16.853, 19.335, 19.614, 20.54, 28.31, 41.531, 43.384, 42.613, 42.915, 43.516, 43.234, 44.409, 47.484, 49.9, 49.364, 48.912, 51.489, 52.625, 51.801, 51.794, 51.686, 51.614, 52.15, 53.201, 52.462, 53.079, 54.8, 55.864, 58.737, 63.151, 66.043, 67.005, 67.419, 67.67, 67.864, 67.298, 66.411, 66.35, 66.629, 66.161, 65.832, 65.286, 64.798, 65.245, 66.403, 66.14, 64.779, 64.099, 63.525, 63.161, 64.933, 67.162, 68.463, 68.585, 68.605, 69.117, 68.891, 67.741, 67.165, 66.516, 65.983, 66.093, 65.598, 65.676, 65.996, 65.94, 65.916, 65.785, 65.784, 66.083, 66.484, 66.207, 66.399, 66.968, 66.796], [30.925, 29.139, 23.351, 20.706, 20.449, 17.989, 12.44, 6.232, 0.0, 5.451, 8.582, 13.462, 16.0, 16.338, 17.372, 25.939, 39.841, 41.999, 41.422, 41.632, 42.081, 41.796, 43.079, 46.305, 48.997, 48.569, 48.207, 50.772, 51.894, 51.181, 51.294, 51.302, 51.25, 51.716, 52.77, 51.954, 52.23, 53.804, 55.007, 58.047, 62.577, 65.617, 66.762, 67.245, 67.489, 67.734, 67.222, 66.336, 66.286, 66.55, 66.099, 65.754, 65.121, 64.573, 64.99, 66.122, 65.868, 64.516, 63.8, 63.251, 62.941, 64.785, 67.07, 68.379, 68.496, 68.518, 69.081, 68.907, 67.779, 67.32, 66.772, 66.191, 66.219, 65.717, 65.85, 66.258, 66.285, 66.347, 66.266, 66.245, 66.498, 66.903, 66.609, 66.765, 67.349, 67.142], [31.951, 30.27, 24.669, 22.206, 22.136, 20.045, 15.363, 10.654, 5.451, 0.0, 4.87, 11.255, 13.839, 14.246, 15.573, 24.908, 39.219, 41.532, 41.058, 41.263, 41.661, 41.421, 42.782, 46.062, 48.891, 48.573, 48.244, 50.685, 51.747, 51.105, 51.308, 51.382, 51.325, 51.685, 52.633, 51.759, 51.867, 53.303, 54.536, 57.629, 62.184, 65.278, 66.577, 67.195, 67.448, 67.716, 67.243, 66.371, 66.33, 66.603, 66.201, 65.87, 65.18, 64.578, 64.957, 66.049, 65.818, 64.555, 63.886, 63.353, 63.081, 64.958, 67.255, 68.57, 68.688, 68.718, 69.303, 69.156, 68.049, 67.661, 67.243, 66.709, 66.71, 66.196, 66.315, 66.724, 66.761, 66.839, 66.78, 66.739, 66.945, 67.344, 67.05, 67.167, 67.715, 67.483], [33.66, 32.088, 26.476, 23.968, 23.921, 21.728, 17.27, 12.927, 8.582, 4.87, 0.0, 7.166, 10.284, 10.997, 13.245, 24.772, 39.745, 41.953, 41.445, 41.691, 41.997, 41.75, 43.301, 46.504, 49.27, 49.038, 48.944, 51.429, 52.416, 51.792, 52.078, 52.186, 52.122, 52.432, 53.245, 52.268, 52.342, 53.761, 54.923, 57.93, 62.463, 65.59, 66.938, 67.591, 67.859, 68.13, 67.624, 66.728, 66.654, 66.891, 66.499, 66.2, 65.503, 64.867, 65.224, 66.331, 66.152, 64.961, 64.342, 63.77, 63.381, 65.212, 67.527, 68.849, 68.944, 68.952, 69.524, 69.326, 68.164, 67.777, 67.371, 66.835, 66.836, 66.357, 66.525, 66.945, 66.961, 67.014, 66.918, 66.808, 66.992, 67.418, 67.125, 67.23, 67.76, 67.491], [37.036, 35.671, 30.259, 27.809, 27.696, 25.24, 20.981, 16.853, 13.462, 11.255, 7.166, 0.0, 4.378, 6.012, 10.407, 25.118, 40.897, 43.02, 42.443, 42.716, 42.842, 42.509, 44.289, 47.338, 49.939, 49.798, 49.984, 52.535, 53.467, 52.901, 53.305, 53.457, 53.378, 53.653, 54.285, 53.127, 53.175, 54.637, 55.689, 58.68, 63.368, 66.637, 68.043, 68.693, 68.975, 69.282, 68.76, 67.853, 67.733, 67.916, 67.521, 67.263, 66.566, 65.894, 66.244, 67.4, 67.309, 66.2, 65.642, 65.031, 64.476, 66.181, 68.464, 69.752, 69.8, 69.794, 70.402, 70.201, 69.005, 68.609, 68.23, 67.711, 67.738, 67.333, 67.538, 67.926, 67.908, 67.922, 67.768, 67.576, 67.731, 68.184, 67.912, 68.036, 68.563, 68.258], [37.991, 36.759, 31.658, 29.461, 29.613, 27.379, 23.323, 19.335, 16.0, 13.839, 10.284, 4.378, 0.0, 2.651, 8.62, 24.581, 40.714, 42.941, 42.463, 42.765, 42.804, 42.454, 44.327, 47.335, 49.932, 49.813, 50.057, 52.574, 53.503, 53.021, 53.498, 53.693, 53.618, 53.878, 54.444, 53.066, 52.728, 54.023, 55.1, 58.205, 63.012, 66.332, 67.756, 68.412, 68.697, 69.074, 68.622, 67.741, 67.609, 67.757, 67.356, 67.102, 66.35, 65.633, 65.971, 67.124, 67.068, 66.014, 65.497, 64.916, 64.364, 66.067, 68.355, 69.622, 69.643, 69.634, 70.266, 70.074, 68.892, 68.573, 68.341, 67.898, 67.925, 67.519, 67.717, 68.114, 68.124, 68.159, 68.003, 67.785, 67.895, 68.338, 68.079, 68.225, 68.771, 68.442], [37.561, 36.334, 31.353, 29.291, 29.58, 27.478, 23.495, 19.614, 16.338, 14.246, 10.997, 6.012, 2.651, 0.0, 7.23, 23.826, 40.147, 42.385, 41.907, 42.208, 42.234, 41.885, 43.771, 46.802, 49.438, 49.314, 49.562, 52.088, 53.029, 52.576, 53.068, 53.252, 53.17, 53.423, 54.007, 52.605, 52.088, 53.282, 54.417, 57.604, 62.474, 65.811, 67.23, 67.901, 68.196, 68.594, 68.176, 67.329, 67.229, 67.392, 66.986, 66.734, 65.967, 65.242, 65.586, 66.74, 66.684, 65.625, 65.108, 64.517, 63.904, 65.543, 67.809, 69.07, 69.092, 69.108, 69.78, 69.609, 68.427, 68.126, 67.942, 67.54, 67.577, 67.154, 67.323, 67.713, 67.748, 67.794, 67.633, 67.417, 67.515, 67.936, 67.657, 67.798, 68.345, 68.02], [38.638, 37.31, 32.564, 30.659, 31.184, 29.262, 24.71, 20.54, 17.372, 15.573, 13.245, 10.407, 8.62, 7.23, 0.0, 17.589, 34.703, 37.32, 37.224, 37.741, 37.927, 37.669, 39.468, 42.497, 45.556, 45.632, 45.944, 48.498, 49.487, 49.11, 49.633, 49.825, 49.72, 49.93, 50.53, 49.149, 48.587, 49.885, 51.156, 54.565, 59.782, 63.27, 64.71, 65.368, 65.635, 66.066, 65.729, 64.926, 64.825, 64.94, 64.499, 64.236, 63.445, 62.702, 63.023, 64.12, 63.989, 62.814, 62.163, 61.49, 60.842, 62.488, 64.767, 66.048, 66.087, 66.108, 66.824, 66.727, 65.573, 65.286, 65.184, 64.864, 64.881, 64.383, 64.496, 64.921, 65.037, 65.202, 65.214, 65.164, 65.269, 65.633, 65.377, 65.601, 66.242, 65.906], [45.245, 43.816, 39.922, 38.241, 38.955, 37.463, 32.336, 28.31, 25.939, 24.908, 24.772, 25.118, 24.581, 23.826, 17.589, 0.0, 18.58, 23.591, 25.548, 27.087, 28.201, 28.28, 29.248, 32.29, 36.615, 37.209, 37.526, 40.217, 41.483, 41.324, 41.826, 42.088, 42.02, 42.244, 43.222, 42.53, 42.764, 44.747, 46.307, 50.524, 56.601, 60.218, 61.613, 62.298, 62.545, 63.015, 62.898, 62.207, 62.024, 61.977, 61.466, 61.162, 60.32, 59.515, 59.723, 60.601, 60.173, 58.619, 57.692, 57.136, 56.992, 58.953, 61.105, 62.257, 62.337, 62.419, 63.323, 63.615, 62.659, 62.262, 62.163, 61.969, 61.932, 61.169, 60.968, 61.378, 61.582, 61.9, 62.298, 62.812, 63.075, 63.318, 63.246, 63.79, 64.695, 64.409], [56.011, 54.661, 51.512, 49.939, 50.634, 49.538, 44.846, 41.531, 39.841, 39.219, 39.745, 40.897, 40.714, 40.147, 34.703, 18.58, 0.0, 11.474, 18.526, 22.268, 25.24, 26.315, 25.95, 27.679, 32.517, 33.778, 34.483, 37.219, 38.638, 38.775, 39.183, 39.535, 39.612, 40.033, 41.395, 41.589, 43.051, 45.769, 47.392, 51.86, 58.012, 61.408, 62.704, 63.43, 63.669, 64.115, 64.162, 63.612, 63.317, 63.068, 62.58, 62.43, 61.694, 60.851, 60.898, 61.497, 60.78, 59.09, 58.226, 57.945, 58.431, 60.711, 62.606, 63.498, 63.558, 63.634, 64.588, 65.184, 64.487, 63.957, 63.764, 63.693, 63.612, 62.652, 62.272, 62.687, 62.931, 63.303, 63.938, 64.919, 65.41, 65.555, 65.642, 66.434, 67.476, 67.217], [57.579, 56.262, 53.172, 51.406, 52.042, 50.927, 46.396, 43.384, 41.999, 41.532, 41.953, 43.02, 42.941, 42.385, 37.32, 23.591, 11.474, 0.0, 9.845, 16.187, 20.838, 22.816, 22.654, 23.389, 27.753, 29.13, 30.715, 34.306, 35.884, 36.046, 36.363, 36.571, 36.851, 37.702, 39.077, 39.356, 41.352, 44.409, 45.998, 50.303, 56.426, 59.972, 61.31, 62.079, 62.39, 62.819, 62.8, 62.291, 62.003, 61.782, 61.424, 61.769, 61.342, 60.524, 60.567, 61.18, 60.464, 58.86, 58.122, 57.538, 57.401, 59.205, 60.848, 61.634, 61.653, 61.747, 62.738, 63.409, 62.721, 62.004, 61.739, 61.805, 61.8, 60.895, 60.615, 60.954, 61.143, 61.468, 61.989, 62.876, 63.421, 63.57, 63.684, 64.475, 65.394, 65.108], [57.035, 55.687, 52.573, 50.656, 51.209, 49.971, 45.495, 42.613, 41.422, 41.058, 41.445, 42.443, 42.463, 41.907, 37.224, 25.548, 18.526, 9.845, 0.0, 8.296, 14.406, 17.101, 17.451, 18.336, 22.61, 23.971, 26.272, 30.807, 32.566, 32.794, 33.154, 33.198, 33.589, 34.525, 35.798, 36.182, 38.703, 42.024, 43.635, 48.124, 54.602, 58.417, 59.828, 60.644, 61.028, 61.392, 61.271, 60.782, 60.522, 60.418, 60.122, 60.796, 60.698, 59.992, 60.069, 60.725, 60.082, 58.497, 57.744, 56.874, 56.104, 57.287, 58.696, 59.472, 59.551, 59.764, 60.895, 61.75, 61.05, 60.126, 59.785, 59.969, 60.1, 59.222, 58.859, 59.051, 59.174, 59.441, 59.879, 60.719, 61.308, 61.494, 61.665, 62.428, 63.207, 62.959], [57.577, 56.187, 53.049, 51.117, 51.681, 50.395, 45.924, 42.915, 41.632, 41.263, 41.691, 42.716, 42.765, 42.208, 37.741, 27.087, 22.268, 16.187, 8.296, 0.0, 7.296, 10.956, 12.077, 14.161, 19.511, 21.014, 23.633, 28.65, 30.598, 31.174, 31.793, 31.79, 32.142, 32.968, 34.286, 34.734, 37.479, 40.962, 42.636, 47.399, 54.112, 58.044, 59.546, 60.373, 60.746, 61.021, 60.829, 60.337, 60.073, 60.011, 59.698, 60.361, 60.401, 59.81, 59.944, 60.656, 60.087, 58.461, 57.586, 56.628, 55.719, 56.714, 58.05, 58.815, 58.921, 59.189, 60.389, 61.362, 60.696, 59.756, 59.396, 59.579, 59.734, 58.866, 58.483, 58.68, 58.821, 59.143, 59.657, 60.58, 61.231, 61.446, 61.637, 62.402, 63.159, 62.955], [58.612, 57.206, 53.999, 52.107, 52.708, 51.302, 46.753, 43.516, 42.081, 41.661, 41.997, 42.842, 42.804, 42.234, 37.927, 28.201, 25.24, 20.838, 14.406, 7.296, 0.0, 5.048, 8.191, 11.797, 18.1, 19.708, 22.389, 27.625, 29.772, 30.627, 31.529, 31.528, 31.798, 32.524, 33.861, 34.323, 37.169, 40.704, 42.41, 47.445, 54.34, 58.333, 59.904, 60.77, 61.195, 61.44, 61.186, 60.643, 60.34, 60.29, 59.971, 60.592, 60.658, 60.115, 60.328, 61.169, 60.708, 59.054, 58.099, 57.113, 56.147, 57.057, 58.37, 59.112, 59.198, 59.502, 60.765, 61.776, 61.082, 60.138, 59.746, 59.848, 59.994, 59.137, 58.758, 58.981, 59.134, 59.456, 59.953, 60.88, 61.569, 61.838, 62.05, 62.828, 63.59, 63.399], [58.471, 57.085, 53.903, 52.068, 52.651, 51.172, 46.57, 43.234, 41.796, 41.421, 41.75, 42.509, 42.454, 41.885, 37.669, 28.28, 26.315, 22.816, 17.101, 10.956, 5.048, 0.0, 5.367, 10.952, 17.63, 19.05, 21.617, 27.299, 29.814, 30.782, 31.706, 31.634, 31.882, 32.643, 34.126, 34.732, 37.614, 41.076, 42.78, 48.105, 55.233, 59.245, 60.774, 61.642, 62.086, 62.287, 61.978, 61.408, 61.116, 61.083, 60.725, 61.254, 61.219, 60.648, 60.92, 61.889, 61.502, 59.769, 58.743, 57.776, 56.84, 57.753, 59.035, 59.723, 59.801, 60.191, 61.576, 62.636, 61.906, 60.905, 60.413, 60.42, 60.571, 59.689, 59.206, 59.365, 59.494, 59.761, 60.19, 61.109, 61.824, 62.11, 62.343, 63.153, 63.934, 63.785], [59.156, 57.794, 54.792, 53.045, 53.586, 52.192, 47.641, 44.409, 43.079, 42.782, 43.301, 44.289, 44.327, 43.771, 39.468, 29.248, 25.95, 22.654, 17.451, 12.077, 8.191, 5.367, 0.0, 8.331, 16.259, 17.855, 20.118, 25.95, 28.797, 29.843, 30.678, 30.58, 30.912, 31.734, 33.372, 34.324, 37.546, 41.112, 42.856, 48.469, 55.822, 59.793, 61.212, 62.035, 62.454, 62.628, 62.347, 61.81, 61.534, 61.518, 61.168, 61.663, 61.554, 60.943, 61.195, 62.151, 61.767, 60.008, 58.931, 58.01, 57.276, 58.278, 59.493, 60.123, 60.224, 60.68, 62.133, 63.29, 62.622, 61.587, 61.063, 61.054, 61.19, 60.219, 59.561, 59.611, 59.699, 59.941, 60.403, 61.402, 62.118, 62.367, 62.657, 63.499, 64.279, 64.155], [61.899, 60.612, 57.641, 55.802, 56.322, 54.957, 50.518, 47.484, 46.305, 46.062, 46.504, 47.338, 47.335, 46.802, 42.497, 32.29, 27.679, 23.389, 18.336, 14.161, 11.797, 10.952, 8.331, 0.0, 9.487, 12.39, 15.45, 21.765, 24.805, 26.134, 27.01, 26.847, 27.202, 28.19, 29.772, 31.119, 35.155, 39.247, 41.048, 46.955, 54.646, 58.728, 60.163, 61.006, 61.441, 61.573, 61.274, 60.802, 60.518, 60.485, 60.208, 60.932, 60.969, 60.382, 60.601, 61.532, 61.21, 59.687, 58.834, 57.885, 57.256, 58.386, 59.595, 60.197, 60.263, 60.673, 62.074, 63.22, 62.572, 61.51, 61.062, 61.126, 61.26, 60.273, 59.602, 59.647, 59.735, 59.989, 60.508, 61.57, 62.296, 62.512, 62.834, 63.693, 64.422, 64.237], [63.83, 62.643, 59.768, 57.841, 58.299, 56.903, 52.64, 49.9, 48.997, 48.891, 49.27, 49.939, 49.932, 49.438, 45.556, 36.615, 32.517, 27.753, 22.61, 19.511, 18.1, 17.63, 16.259, 9.487, 0.0, 5.143, 10.828, 18.502, 22.079, 23.729, 24.489, 24.172, 24.694, 25.991, 27.562, 29.406, 34.156, 38.512, 40.242, 46.573, 54.662, 58.846, 60.256, 61.092, 61.505, 61.464, 61.075, 60.691, 60.398, 60.382, 60.181, 61.19, 61.435, 60.922, 61.129, 62.011, 61.753, 60.506, 60.043, 59.127, 58.478, 59.6, 60.747, 61.304, 61.364, 61.787, 63.193, 64.358, 63.726, 62.578, 62.205, 62.449, 62.672, 61.714, 60.971, 60.932, 61.004, 61.238, 61.75, 62.806, 63.515, 63.718, 64.097, 64.951, 65.581, 65.391], [62.963, 61.802, 59.03, 57.133, 57.594, 56.224, 52.032, 49.364, 48.569, 48.573, 49.038, 49.798, 49.813, 49.314, 45.632, 37.209, 33.778, 29.13, 23.971, 21.014, 19.708, 19.05, 17.855, 12.39, 5.143, 0.0, 8.442, 17.673, 21.881, 23.73, 24.457, 24.083, 24.736, 26.384, 28.383, 30.17, 34.469, 38.641, 40.449, 46.818, 54.824, 58.941, 60.283, 61.111, 61.551, 61.503, 61.092, 60.734, 60.515, 60.572, 60.337, 61.285, 61.512, 61.028, 61.312, 62.26, 61.998, 60.732, 60.352, 59.53, 58.869, 59.952, 61.032, 61.507, 61.536, 61.987, 63.419, 64.582, 63.961, 62.805, 62.408, 62.633, 62.854, 61.917, 61.192, 61.134, 61.196, 61.404, 61.848, 62.828, 63.516, 63.704, 64.056, 64.898, 65.528, 65.366], [62.232, 61.077, 58.313, 56.414, 56.831, 55.456, 51.383, 48.912, 48.207, 48.244, 48.944, 49.984, 50.057, 49.562, 45.944, 37.526, 34.483, 30.715, 26.272, 23.633, 22.389, 21.617, 20.118, 15.45, 10.828, 8.442, 0.0, 11.309, 17.238, 19.491, 20.391, 20.113, 20.857, 22.721, 25.412, 27.902, 32.936, 37.244, 38.918, 45.73, 53.993, 57.982, 59.279, 60.177, 60.617, 60.518, 60.096, 59.714, 59.592, 59.799, 59.596, 60.342, 60.373, 59.839, 60.161, 61.185, 60.974, 59.811, 59.541, 58.97, 58.925, 60.411, 61.5, 61.922, 61.915, 62.357, 63.774, 64.918, 64.285, 63.15, 62.728, 62.83, 63.004, 62.032, 61.234, 61.193, 61.204, 61.325, 61.764, 62.765, 63.388, 63.516, 63.788, 64.578, 65.23, 65.079], [64.41, 63.286, 60.531, 58.606, 59.016, 57.698, 53.792, 51.489, 50.772, 50.685, 51.429, 52.535, 52.574, 52.088, 48.498, 40.217, 37.219, 34.306, 30.807, 28.65, 27.625, 27.299, 25.95, 21.765, 18.502, 17.673, 11.309, 0.0, 7.913, 12.044, 13.77, 14.165, 15.297, 16.917, 20.095, 23.809, 30.459, 35.564, 37.096, 44.498, 53.202, 56.968, 58.17, 59.119, 59.446, 59.222, 58.837, 58.509, 58.439, 58.709, 58.6, 59.244, 59.143, 58.558, 58.803, 59.758, 59.653, 58.701, 58.488, 57.979, 58.598, 60.658, 61.816, 62.245, 62.242, 62.651, 64.029, 65.177, 64.573, 63.501, 63.264, 63.465, 63.558, 62.468, 61.543, 61.576, 61.612, 61.742, 62.414, 63.63, 64.157, 64.156, 64.378, 65.112, 65.764, 65.59], [65.601, 64.463, 61.543, 59.489, 59.882, 58.577, 54.831, 52.625, 51.894, 51.747, 52.416, 53.467, 53.503, 53.029, 49.487, 41.483, 38.638, 35.884, 32.566, 30.598, 29.772, 29.814, 28.797, 24.805, 22.079, 21.881, 17.238, 7.913, 0.0, 6.444, 9.386, 10.558, 12.002, 13.353, 16.87, 21.717, 29.519, 35.267, 36.825, 44.106, 52.726, 56.331, 57.513, 58.586, 58.994, 58.802, 58.405, 58.042, 57.983, 58.258, 58.212, 58.919, 58.835, 58.254, 58.435, 59.36, 59.333, 58.421, 58.138, 57.527, 58.213, 60.451, 61.763, 62.316, 62.364, 62.742, 64.103, 65.173, 64.428, 63.266, 63.027, 63.272, 63.36, 62.216, 61.26, 61.355, 61.416, 61.506, 62.196, 63.501, 64.072, 64.083, 64.29, 64.969, 65.588, 65.387], [64.834, 63.632, 60.516, 58.338, 58.676, 57.386, 53.815, 51.801, 51.181, 51.105, 51.792, 52.901, 53.021, 52.576, 49.11, 41.324, 38.775, 36.046, 32.794, 31.174, 30.627, 30.782, 29.843, 26.134, 23.729, 23.73, 19.491, 12.044, 6.444, 0.0, 4.065, 6.255, 8.151, 9.945, 14.52, 20.725, 29.464, 35.229, 36.669, 43.872, 52.363, 55.952, 57.197, 58.364, 58.835, 58.693, 58.265, 57.742, 57.585, 57.869, 57.884, 58.639, 58.562, 57.951, 58.037, 58.898, 58.857, 57.977, 57.757, 57.188, 57.975, 60.331, 61.814, 62.574, 62.703, 63.077, 64.426, 65.401, 64.473, 63.161, 62.793, 62.983, 63.114, 61.919, 60.892, 60.948, 60.905, 60.839, 61.393, 62.649, 63.255, 63.37, 63.638, 64.296, 64.889, 64.687], [64.561, 63.333, 60.252, 58.08, 58.392, 57.176, 53.685, 51.794, 51.294, 51.308, 52.078, 53.305, 53.498, 53.068, 49.633, 41.826, 39.183, 36.363, 33.154, 31.793, 31.529, 31.706, 30.678, 27.01, 24.489, 24.457, 20.391, 13.77, 9.386, 4.065, 0.0, 3.661, 6.598, 9.1, 14.313, 21.047, 29.878, 35.515, 36.887, 44.057, 52.524, 56.104, 57.321, 58.469, 58.906, 58.728, 58.312, 57.778, 57.557, 57.798, 57.814, 58.603, 58.55, 57.948, 57.986, 58.756, 58.645, 57.739, 57.559, 57.033, 57.927, 60.367, 61.895, 62.736, 62.941, 63.343, 64.684, 65.65, 64.694, 63.297, 62.879, 63.095, 63.26, 62.039, 60.943, 60.952, 60.858, 60.73, 61.258, 62.531, 63.143, 63.275, 63.614, 64.328, 64.933, 64.749], [64.168, 62.957, 59.913, 57.772, 58.069, 56.861, 53.459, 51.686, 51.302, 51.382, 52.186, 53.457, 53.693, 53.252, 49.825, 42.088, 39.535, 36.571, 33.198, 31.79, 31.528, 31.634, 30.58, 26.847, 24.172, 24.083, 20.113, 14.165, 10.558, 6.255, 3.661, 0.0, 4.15, 8.112, 13.99, 21.029, 29.94, 35.446, 36.832, 43.981, 52.343, 55.921, 57.113, 58.269, 58.715, 58.477, 58.004, 57.499, 57.266, 57.494, 57.491, 58.327, 58.32, 57.74, 57.816, 58.64, 58.564, 57.666, 57.499, 56.917, 57.745, 60.165, 61.678, 62.5, 62.708, 63.172, 64.551, 65.515, 64.546, 63.077, 62.592, 62.816, 62.997, 61.773, 60.676, 60.643, 60.52, 60.352, 60.838, 62.111, 62.751, 62.872, 63.255, 64.012, 64.575, 64.385], [64.19, 62.992, 59.873, 57.714, 58.007, 56.758, 53.367, 51.614, 51.25, 51.325, 52.122, 53.378, 53.618, 53.17, 49.72, 42.02, 39.612, 36.851, 33.589, 32.142, 31.798, 31.882, 30.912, 27.202, 24.694, 24.736, 20.857, 15.297, 12.002, 8.151, 6.598, 4.15, 0.0, 5.392, 12.249, 19.902, 29.291, 34.935, 36.346, 43.575, 51.959, 55.591, 56.828, 58.013, 58.465, 58.211, 57.685, 57.19, 56.978, 57.214, 57.195, 57.994, 57.994, 57.422, 57.529, 58.411, 58.359, 57.492, 57.368, 56.786, 57.629, 60.078, 61.629, 62.496, 62.704, 63.165, 64.554, 65.488, 64.504, 63.037, 62.535, 62.761, 62.945, 61.721, 60.641, 60.612, 60.489, 60.337, 60.861, 62.176, 62.848, 62.95, 63.297, 64.055, 64.599, 64.388], [64.923, 63.731, 60.536, 58.391, 58.68, 57.389, 53.934, 52.15, 51.716, 51.685, 52.432, 53.653, 53.878, 53.423, 49.93, 42.244, 40.033, 37.702, 34.525, 32.968, 32.524, 32.643, 31.734, 28.19, 25.991, 26.384, 22.721, 16.917, 13.353, 9.945, 9.1, 8.112, 5.392, 0.0, 8.021, 17.09, 27.607, 33.686, 35.116, 42.635, 51.415, 55.162, 56.436, 57.61, 58.047, 57.834, 57.366, 56.871, 56.655, 56.912, 56.912, 57.687, 57.727, 57.193, 57.264, 58.08, 58.016, 57.167, 56.985, 56.364, 57.177, 59.514, 61.077, 62.077, 62.383, 62.839, 64.209, 65.201, 64.259, 62.841, 62.441, 62.762, 62.979, 61.718, 60.522, 60.478, 60.381, 60.303, 61.007, 62.476, 63.142, 63.234, 63.569, 64.316, 64.887, 64.687], [66.002, 64.89, 61.629, 59.477, 59.708, 58.35, 54.898, 53.201, 52.77, 52.633, 53.245, 54.285, 54.444, 54.007, 50.53, 43.222, 41.395, 39.077, 35.798, 34.286, 33.861, 34.126, 33.372, 29.772, 27.562, 28.383, 25.412, 20.095, 16.87, 14.52, 14.313, 13.99, 12.249, 8.021, 0.0, 11.285, 24.27, 31.12, 32.394, 40.175, 49.467, 53.434, 54.788, 55.942, 56.43, 56.325, 55.927, 55.415, 55.102, 55.392, 55.472, 56.445, 56.773, 56.31, 56.314, 57.133, 57.183, 56.5, 56.282, 55.447, 56.064, 58.176, 59.754, 60.938, 61.342, 61.756, 63.018, 64.135, 63.416, 62.177, 62.044, 62.547, 62.835, 61.569, 60.343, 60.319, 60.256, 60.268, 61.141, 62.713, 63.365, 63.505, 63.934, 64.682, 65.218, 64.996], [64.229, 63.309, 60.367, 58.399, 58.712, 57.575, 54.237, 52.462, 51.954, 51.759, 52.268, 53.127, 53.066, 52.605, 49.149, 42.53, 41.589, 39.356, 36.182, 34.734, 34.323, 34.732, 34.324, 31.119, 29.406, 30.17, 27.902, 23.809, 21.717, 20.725, 21.047, 21.029, 19.902, 17.09, 11.285, 0.0, 15.274, 23.522, 24.801, 32.717, 42.605, 46.823, 48.185, 49.188, 49.739, 49.849, 49.578, 49.041, 48.689, 49.016, 49.092, 50.116, 50.682, 50.288, 50.364, 51.408, 51.643, 51.133, 50.951, 50.048, 50.759, 53.188, 55.102, 56.485, 56.885, 57.135, 58.123, 59.306, 59.072, 58.521, 58.954, 59.593, 59.929, 58.909, 58.132, 58.515, 58.758, 59.077, 60.114, 61.612, 62.172, 62.343, 62.771, 63.497, 64.049, 63.774], [61.115, 60.455, 58.632, 57.507, 58.22, 57.903, 55.03, 53.079, 52.23, 51.867, 52.342, 53.175, 52.728, 52.088, 48.587, 42.764, 43.051, 41.352, 38.703, 37.479, 37.169, 37.614, 37.546, 35.155, 34.156, 34.469, 32.936, 30.459, 29.519, 29.464, 29.878, 29.94, 29.291, 27.607, 24.27, 15.274, 0.0, 10.079, 13.507, 22.633, 33.366, 37.914, 39.088, 39.731, 40.194, 40.691, 40.838, 40.503, 40.376, 40.767, 40.714, 41.627, 42.128, 41.871, 42.138, 43.28, 43.65, 43.231, 43.026, 42.131, 42.852, 45.761, 48.181, 49.711, 50.059, 50.16, 50.954, 52.128, 52.313, 52.727, 54.15, 55.058, 55.341, 54.589, 54.329, 55.264, 56.086, 56.96, 58.257, 59.588, 59.857, 59.935, 60.26, 60.916, 61.554, 61.248], [59.838, 59.286, 58.21, 57.821, 58.766, 58.951, 56.611, 54.8, 53.804, 53.303, 53.761, 54.637, 54.023, 53.282, 49.885, 44.747, 45.769, 44.409, 42.024, 40.962, 40.704, 41.076, 41.112, 39.247, 38.512, 38.641, 37.244, 35.564, 35.267, 35.229, 35.515, 35.446, 34.935, 33.686, 31.12, 23.522, 10.079, 0.0, 7.695, 18.901, 29.899, 34.688, 35.83, 36.268, 36.461, 37.036, 37.466, 37.236, 37.179, 37.614, 37.544, 38.52, 38.954, 38.745, 38.976, 39.938, 40.39, 40.18, 40.089, 39.187, 39.795, 42.773, 45.381, 46.991, 47.313, 47.4, 48.192, 49.371, 49.649, 50.455, 52.391, 53.477, 53.754, 53.006, 52.795, 53.859, 54.89, 55.971, 57.373, 58.577, 58.631, 58.662, 58.974, 59.546, 60.152, 59.829], [60.722, 60.14, 59.049, 58.674, 59.542, 59.677, 57.489, 55.864, 55.007, 54.536, 54.923, 55.689, 55.1, 54.417, 51.156, 46.307, 47.392, 45.998, 43.635, 42.636, 42.41, 42.78, 42.856, 41.048, 40.242, 40.449, 38.918, 37.096, 36.825, 36.669, 36.887, 36.832, 36.346, 35.116, 32.394, 24.801, 13.507, 7.695, 0.0, 14.027, 27.035, 32.611, 34.069, 34.704, 34.978, 35.443, 35.853, 35.508, 35.303, 35.771, 35.833, 36.988, 37.568, 37.381, 37.511, 38.474, 39.052, 39.027, 39.142, 38.292, 39.154, 42.339, 44.968, 46.674, 47.049, 47.055, 47.718, 48.959, 49.324, 50.123, 52.019, 53.118, 53.679, 53.258, 53.135, 54.175, 55.111, 56.076, 57.423, 58.628, 58.693, 58.764, 59.111, 59.653, 60.203, 59.87], [62.231, 61.685, 60.814, 60.546, 61.335, 61.692, 60.043, 58.737, 58.047, 57.629, 57.93, 58.68, 58.205, 57.604, 54.565, 50.524, 51.86, 50.303, 48.124, 47.399, 47.445, 48.105, 48.469, 46.955, 46.573, 46.818, 45.73, 44.498, 44.106, 43.872, 44.057, 43.981, 43.575, 42.635, 40.175, 32.717, 22.633, 18.901, 14.027, 0.0, 15.162, 22.51, 24.932, 26.159, 27.108, 28.026, 28.65, 28.375, 28.245, 29.01, 29.291, 30.791, 32.084, 32.347, 32.693, 34.047, 34.91, 35.241, 35.655, 34.817, 35.953, 39.767, 42.738, 44.562, 44.902, 44.419, 44.064, 44.859, 45.513, 46.69, 48.69, 49.717, 50.629, 51.376, 52.539, 54.104, 55.092, 56.044, 57.278, 58.313, 58.35, 58.403, 58.655, 59.074, 59.501, 59.053], [64.413, 63.986, 63.441, 63.373, 64.183, 64.905, 64.033, 63.151, 62.577, 62.184, 62.463, 63.368, 63.012, 62.474, 59.782, 56.601, 58.012, 56.426, 54.602, 54.112, 54.34, 55.233, 55.822, 54.646, 54.662, 54.824, 53.993, 53.202, 52.726, 52.363, 52.524, 52.343, 51.959, 51.415, 49.467, 42.605, 33.366, 29.899, 27.035, 15.162, 0.0, 9.367, 13.999, 16.655, 18.758, 20.376, 21.093, 21.032, 21.233, 22.452, 23.026, 24.861, 27.09, 27.874, 28.51, 30.382, 31.706, 32.875, 34.122, 33.754, 35.882, 40.981, 44.5, 46.3, 46.422, 45.371, 43.691, 43.427, 44.179, 45.724, 47.8, 48.767, 49.668, 51.236, 53.966, 56.336, 57.414, 58.303, 59.294, 60.006, 60.037, 60.08, 60.17, 60.42, 60.621, 59.995], [66.268, 65.914, 65.502, 65.479, 66.34, 67.222, 66.65, 66.043, 65.617, 65.278, 65.59, 66.637, 66.332, 65.811, 63.27, 60.218, 61.408, 59.972, 58.417, 58.044, 58.333, 59.245, 59.793, 58.728, 58.846, 58.941, 57.982, 56.968, 56.331, 55.952, 56.104, 55.921, 55.591, 55.162, 53.434, 46.823, 37.914, 34.688, 32.611, 22.51, 9.367, 0.0, 6.655, 11.227, 14.568, 16.789, 17.757, 17.919, 18.571, 20.006, 20.681, 22.306, 24.568, 25.522, 26.329, 28.462, 30.121, 31.896, 33.748, 33.964, 37.101, 43.098, 46.871, 48.596, 48.628, 47.443, 45.356, 44.619, 45.346, 47.081, 49.302, 50.367, 51.162, 52.637, 55.659, 58.421, 59.632, 60.486, 61.382, 62.037, 62.073, 62.091, 62.11, 62.313, 62.464, 61.816], [66.838, 66.518, 66.207, 66.209, 67.116, 68.051, 67.499, 67.005, 66.762, 66.577, 66.938, 68.043, 67.756, 67.23, 64.71, 61.613, 62.704, 61.31, 59.828, 59.546, 59.904, 60.774, 61.212, 60.163, 60.256, 60.283, 59.279, 58.17, 57.513, 57.197, 57.321, 57.113, 56.828, 56.436, 54.788, 48.185, 39.088, 35.83, 34.069, 24.932, 13.999, 6.655, 0.0, 6.048, 10.796, 13.867, 15.341, 15.729, 16.814, 18.431, 19.032, 20.466, 22.471, 23.488, 24.467, 26.721, 28.582, 30.615, 32.622, 32.991, 36.24, 42.379, 46.2, 47.885, 47.898, 46.728, 44.601, 43.799, 44.608, 46.624, 49.206, 50.473, 51.253, 52.578, 55.446, 58.274, 59.664, 60.64, 61.605, 62.29, 62.293, 62.299, 62.328, 62.53, 62.704, 62.086], [67.116, 66.818, 66.602, 66.644, 67.588, 68.563, 67.943, 67.419, 67.245, 67.195, 67.591, 68.693, 68.412, 67.901, 65.368, 62.298, 63.43, 62.079, 60.644, 60.373, 60.77, 61.642, 62.035, 61.006, 61.092, 61.111, 60.177, 59.119, 58.586, 58.364, 58.469, 58.269, 58.013, 57.61, 55.942, 49.188, 39.731, 36.268, 34.704, 26.159, 16.655, 11.227, 6.048, 0.0, 5.877, 10.027, 12.158, 12.804, 14.287, 16.113, 16.673, 17.963, 20.054, 21.385, 22.537, 24.697, 26.655, 28.902, 30.936, 31.325, 34.512, 40.65, 44.595, 46.369, 46.388, 45.121, 42.801, 41.96, 43.019, 45.524, 48.623, 50.122, 50.857, 52.124, 54.956, 57.826, 59.385, 60.678, 61.957, 62.734, 62.682, 62.688, 62.72, 62.889, 63.089, 62.486], [67.061, 66.789, 66.684, 66.788, 67.78, 68.838, 68.202, 67.67, 67.489, 67.448, 67.859, 68.975, 68.697, 68.196, 65.635, 62.545, 63.669, 62.39, 61.028, 60.746, 61.195, 62.086, 62.454, 61.441, 61.505, 61.551, 60.617, 59.446, 58.994, 58.835, 58.906, 58.715, 58.465, 58.047, 56.43, 49.739, 40.194, 36.461, 34.978, 27.108, 18.758, 14.568, 10.796, 5.877, 0.0, 5.309, 8.519, 9.634, 11.546, 13.607, 14.251, 15.375, 17.494, 19.142, 20.369, 22.2, 24.237, 26.867, 29.144, 29.655, 33.075, 39.478, 43.578, 45.424, 45.444, 44.085, 41.613, 40.688, 41.872, 44.702, 48.19, 49.926, 50.6, 51.761, 54.548, 57.442, 59.104, 60.672, 62.327, 63.259, 63.143, 63.101, 63.108, 63.232, 63.433, 62.825], [67.121, 66.857, 66.803, 66.914, 67.896, 68.967, 68.358, 67.864, 67.734, 67.716, 68.13, 69.282, 69.074, 68.594, 66.066, 63.015, 64.115, 62.819, 61.392, 61.021, 61.44, 62.287, 62.628, 61.573, 61.464, 61.503, 60.518, 59.222, 58.802, 58.693, 58.728, 58.477, 58.211, 57.834, 56.325, 49.849, 40.691, 37.036, 35.443, 28.026, 20.376, 16.789, 13.867, 10.027, 5.309, 0.0, 4.342, 6.745, 9.147, 11.434, 12.312, 13.738, 16.111, 17.99, 19.338, 21.129, 23.37, 26.284, 28.909, 29.498, 33.19, 39.865, 44.032, 45.861, 45.888, 44.554, 42.101, 41.152, 42.294, 45.006, 48.377, 50.187, 50.905, 52.063, 54.858, 57.758, 59.43, 61.068, 62.867, 63.924, 63.842, 63.749, 63.737, 63.851, 63.988, 63.364], [66.721, 66.453, 66.296, 66.315, 67.267, 68.294, 67.745, 67.298, 67.222, 67.243, 67.624, 68.76, 68.622, 68.176, 65.729, 62.898, 64.162, 62.8, 61.271, 60.829, 61.186, 61.978, 62.347, 61.274, 61.075, 61.092, 60.096, 58.837, 58.405, 58.265, 58.312, 58.004, 57.685, 57.366, 55.927, 49.578, 40.838, 37.466, 35.853, 28.65, 21.093, 17.757, 15.341, 12.158, 8.519, 4.342, 0.0, 4.012, 7.546, 10.363, 11.423, 13.082, 15.576, 17.422, 18.933, 21.103, 23.555, 26.544, 29.33, 29.824, 33.378, 40.093, 44.32, 46.155, 46.143, 44.827, 42.433, 41.381, 42.348, 44.832, 47.911, 49.623, 50.369, 51.595, 54.548, 57.484, 59.115, 60.698, 62.403, 63.397, 63.4, 63.34, 63.28, 63.349, 63.396, 62.725], [66.124, 65.835, 65.515, 65.441, 66.381, 67.375, 66.848, 66.411, 66.336, 66.371, 66.728, 67.853, 67.741, 67.329, 64.926, 62.207, 63.612, 62.291, 60.782, 60.337, 60.643, 61.408, 61.81, 60.802, 60.691, 60.734, 59.714, 58.509, 58.042, 57.742, 57.778, 57.499, 57.19, 56.871, 55.415, 49.041, 40.503, 37.236, 35.508, 28.375, 21.032, 17.919, 15.729, 12.804, 9.634, 6.745, 4.012, 0.0, 4.978, 8.738, 10.139, 11.86, 14.436, 16.208, 17.551, 19.879, 22.512, 25.585, 28.396, 28.933, 32.599, 39.487, 43.88, 45.845, 45.83, 44.485, 42.115, 41.024, 41.828, 44.251, 47.216, 48.788, 49.53, 50.73, 53.7, 56.672, 58.264, 59.768, 61.377, 62.295, 62.341, 62.448, 62.462, 62.518, 62.567, 61.891], [66.445, 66.128, 65.712, 65.607, 66.523, 67.451, 66.84, 66.35, 66.286, 66.33, 66.654, 67.733, 67.609, 67.229, 64.825, 62.024, 63.317, 62.003, 60.522, 60.073, 60.34, 61.116, 61.534, 60.518, 60.398, 60.515, 59.592, 58.439, 57.983, 57.585, 57.557, 57.266, 56.978, 56.655, 55.102, 48.689, 40.376, 37.179, 35.303, 28.245, 21.233, 18.571, 16.814, 14.287, 11.546, 9.147, 7.546, 4.978, 0.0, 4.66, 6.993, 9.983, 13.596, 15.397, 16.266, 18.417, 21.221, 24.445, 27.281, 27.813, 31.876, 39.089, 43.592, 45.636, 45.662, 44.313, 41.895, 40.865, 41.697, 43.994, 46.902, 48.487, 49.25, 50.406, 53.342, 56.328, 57.85, 59.264, 60.866, 61.836, 61.899, 62.116, 62.386, 62.604, 62.684, 61.993], [66.999, 66.665, 66.23, 66.142, 67.071, 67.966, 67.234, 66.629, 66.55, 66.603, 66.891, 67.916, 67.757, 67.392, 64.94, 61.977, 63.068, 61.782, 60.418, 60.011, 60.29, 61.083, 61.518, 60.485, 60.382, 60.572, 59.799, 58.709, 58.258, 57.869, 57.798, 57.494, 57.214, 56.912, 55.392, 49.016, 40.767, 37.614, 35.771, 29.01, 22.452, 20.006, 18.431, 16.113, 13.607, 11.434, 10.363, 8.738, 4.66, 0.0, 3.528, 7.975, 12.283, 14.137, 14.733, 16.68, 19.502, 22.809, 25.767, 26.435, 31.041, 38.784, 43.456, 45.517, 45.552, 44.17, 41.703, 40.684, 41.568, 43.813, 46.668, 48.286, 49.027, 50.143, 53.104, 56.184, 57.717, 59.119, 60.771, 61.836, 61.909, 62.122, 62.537, 62.972, 63.174, 62.473], [66.535, 66.201, 65.804, 65.754, 66.706, 67.62, 66.831, 66.161, 66.099, 66.201, 66.499, 67.521, 67.356, 66.986, 64.499, 61.466, 62.58, 61.424, 60.122, 59.698, 59.971, 60.725, 61.168, 60.208, 60.181, 60.337, 59.596, 58.6, 58.212, 57.884, 57.814, 57.491, 57.195, 56.912, 55.472, 49.092, 40.714, 37.544, 35.833, 29.291, 23.026, 20.681, 19.032, 16.673, 14.251, 12.312, 11.423, 10.139, 6.993, 3.528, 0.0, 5.635, 10.732, 12.879, 13.654, 15.706, 18.311, 21.303, 24.176, 24.939, 29.83, 37.905, 42.697, 44.742, 44.764, 43.363, 40.895, 39.884, 40.802, 43.079, 45.877, 47.442, 48.139, 49.216, 52.188, 55.34, 56.925, 58.361, 60.048, 61.157, 61.242, 61.428, 61.843, 62.396, 62.737, 62.072], [66.186, 65.864, 65.469, 65.436, 66.415, 67.362, 66.545, 65.832, 65.754, 65.87, 66.2, 67.263, 67.102, 66.734, 64.236, 61.162, 62.43, 61.769, 60.796, 60.361, 60.592, 61.254, 61.663, 60.932, 61.19, 61.285, 60.342, 59.244, 58.919, 58.639, 58.603, 58.327, 57.994, 57.687, 56.445, 50.116, 41.627, 38.52, 36.988, 30.791, 24.861, 22.306, 20.466, 17.963, 15.375, 13.738, 13.082, 11.86, 9.983, 7.975, 5.635, 0.0, 6.383, 9.5, 10.956, 13.533, 16.267, 19.202, 22.076, 23.387, 29.181, 37.918, 42.923, 44.954, 44.942, 43.519, 41.052, 39.937, 40.881, 43.399, 46.232, 47.682, 48.273, 49.333, 52.315, 55.537, 57.17, 58.68, 60.461, 61.614, 61.676, 61.83, 62.145, 62.699, 63.171, 62.577], [65.649, 65.354, 64.931, 64.9, 65.958, 66.917, 66.053, 65.286, 65.121, 65.18, 65.503, 66.566, 66.35, 65.967, 63.445, 60.32, 61.694, 61.342, 60.698, 60.401, 60.658, 61.219, 61.554, 60.969, 61.435, 61.512, 60.373, 59.143, 58.835, 58.562, 58.55, 58.32, 57.994, 57.727, 56.773, 50.682, 42.128, 38.954, 37.568, 32.084, 27.09, 24.568, 22.471, 20.054, 17.494, 16.111, 15.576, 14.436, 13.596, 12.283, 10.732, 6.383, 0.0, 4.202, 7.145, 10.823, 14.183, 17.36, 20.37, 22.209, 28.638, 37.914, 43.1, 45.08, 45.016, 43.667, 41.47, 40.298, 41.044, 43.695, 46.635, 48.077, 48.593, 49.607, 52.501, 55.689, 57.374, 58.928, 60.702, 61.795, 61.775, 61.889, 62.091, 62.585, 63.118, 62.543], [65.406, 65.11, 64.592, 64.519, 65.604, 66.514, 65.601, 64.798, 64.573, 64.578, 64.867, 65.894, 65.633, 65.242, 62.702, 59.515, 60.851, 60.524, 59.992, 59.81, 60.115, 60.648, 60.943, 60.382, 60.922, 61.028, 59.839, 58.558, 58.254, 57.951, 57.948, 57.74, 57.422, 57.193, 56.31, 50.288, 41.871, 38.745, 37.381, 32.347, 27.874, 25.522, 23.488, 21.385, 19.142, 17.99, 17.422, 16.208, 15.397, 14.137, 12.879, 9.5, 4.202, 0.0, 4.257, 9.222, 13.176, 16.557, 19.76, 21.797, 28.474, 37.97, 43.197, 45.149, 45.044, 43.749, 41.769, 40.661, 41.275, 43.842, 46.734, 48.138, 48.629, 49.605, 52.462, 55.608, 57.261, 58.725, 60.368, 61.356, 61.307, 61.441, 61.649, 62.153, 62.688, 62.08], [65.972, 65.655, 65.087, 65.004, 66.09, 66.979, 66.048, 65.245, 64.99, 64.957, 65.224, 66.244, 65.971, 65.586, 63.023, 59.723, 60.898, 60.567, 60.069, 59.944, 60.328, 60.92, 61.195, 60.601, 61.129, 61.312, 60.161, 58.803, 58.435, 58.037, 57.986, 57.816, 57.529, 57.264, 56.314, 50.364, 42.138, 38.976, 37.511, 32.693, 28.51, 26.329, 24.467, 22.537, 20.369, 19.338, 18.933, 17.551, 16.266, 14.733, 13.654, 10.956, 7.145, 4.257, 0.0, 5.847, 10.697, 14.807, 18.528, 20.942, 28.161, 37.962, 43.301, 45.369, 45.313, 43.999, 42.04, 40.982, 41.541, 44.05, 46.995, 48.445, 48.933, 49.828, 52.58, 55.705, 57.307, 58.696, 60.321, 61.307, 61.237, 61.443, 61.769, 62.326, 62.885, 62.273], [66.962, 66.619, 66.138, 66.116, 67.238, 68.182, 67.207, 66.403, 66.122, 66.049, 66.331, 67.4, 67.124, 66.74, 64.12, 60.601, 61.497, 61.18, 60.725, 60.656, 61.169, 61.889, 62.151, 61.532, 62.011, 62.26, 61.185, 59.758, 59.36, 58.898, 58.756, 58.64, 58.411, 58.08, 57.133, 51.408, 43.28, 39.938, 38.474, 34.047, 30.382, 28.462, 26.721, 24.697, 22.2, 21.129, 21.103, 19.879, 18.417, 16.68, 15.706, 13.533, 10.823, 9.222, 5.847, 0.0, 6.067, 11.752, 16.56, 19.73, 27.604, 37.692, 43.167, 45.394, 45.456, 44.105, 42.081, 41.038, 41.602, 44.161, 47.352, 49.035, 49.524, 50.281, 52.826, 55.891, 57.501, 58.973, 60.781, 61.866, 61.724, 61.932, 62.338, 62.941, 63.577, 63.015], [66.905, 66.498, 66.05, 66.052, 67.176, 68.126, 67.021, 66.14, 65.868, 65.818, 66.152, 67.309, 67.068, 66.684, 63.989, 60.173, 60.78, 60.464, 60.082, 60.087, 60.708, 61.502, 61.767, 61.21, 61.753, 61.998, 60.974, 59.653, 59.333, 58.857, 58.645, 58.564, 58.359, 58.016, 57.183, 51.643, 43.65, 40.39, 39.052, 34.91, 31.706, 30.121, 28.582, 26.655, 24.237, 23.37, 23.555, 22.512, 21.221, 19.502, 18.311, 16.267, 14.183, 13.176, 10.697, 6.067, 0.0, 7.092, 13.336, 17.599, 26.246, 36.706, 42.298, 44.589, 44.744, 43.391, 41.37, 40.379, 40.967, 43.462, 46.553, 48.232, 48.691, 49.356, 51.802, 54.833, 56.454, 57.986, 59.889, 61.064, 60.931, 61.089, 61.459, 62.156, 62.976, 62.507], [66.132, 65.639, 65.195, 65.229, 66.344, 67.249, 65.887, 64.779, 64.516, 64.555, 64.961, 66.2, 66.014, 65.625, 62.814, 58.619, 59.09, 58.86, 58.497, 58.461, 59.054, 59.769, 60.008, 59.687, 60.506, 60.732, 59.811, 58.701, 58.421, 57.977, 57.739, 57.666, 57.492, 57.167, 56.5, 51.133, 43.231, 40.18, 39.027, 35.241, 32.875, 31.896, 30.615, 28.902, 26.867, 26.284, 26.544, 25.585, 24.445, 22.809, 21.303, 19.202, 17.36, 16.557, 14.807, 11.752, 7.092, 0.0, 7.38, 13.127, 23.005, 34.097, 39.888, 42.202, 42.455, 41.196, 39.432, 38.708, 39.29, 41.61, 44.395, 45.9, 46.295, 46.871, 49.224, 52.232, 53.896, 55.495, 57.465, 58.78, 58.727, 58.883, 59.295, 60.188, 61.267, 60.937], [65.873, 65.329, 64.92, 65.018, 66.128, 67.015, 65.435, 64.099, 63.8, 63.886, 64.342, 65.642, 65.497, 65.108, 62.163, 57.692, 58.226, 58.122, 57.744, 57.586, 58.099, 58.743, 58.931, 58.834, 60.043, 60.352, 59.541, 58.488, 58.138, 57.757, 57.559, 57.499, 57.368, 56.985, 56.282, 50.951, 43.026, 40.089, 39.142, 35.655, 34.122, 33.748, 32.622, 30.936, 29.144, 28.909, 29.33, 28.396, 27.281, 25.767, 24.176, 22.076, 20.37, 19.76, 18.528, 16.56, 13.336, 7.38, 0.0, 7.435, 18.782, 30.428, 36.386, 38.734, 39.093, 37.947, 36.446, 36.07, 36.776, 39.115, 41.841, 43.224, 43.491, 43.938, 46.142, 49.099, 50.839, 52.605, 54.771, 56.265, 56.237, 56.431, 56.982, 58.016, 59.279, 59.08], [65.411, 64.852, 64.472, 64.571, 65.647, 66.516, 64.901, 63.525, 63.251, 63.353, 63.77, 65.031, 64.916, 64.517, 61.49, 57.136, 57.945, 57.538, 56.874, 56.628