[[0.0, 10.99, 20.114, 25.342, 26.879, 27.595, 29.538, 32.361, 34.686, 35.74, 35.786, 35.706, 37.264, 39.919, 42.233, 45.121, 48.301, 51.282, 54.353, 57.031, 59.046, 61.408, 63.929, 65.448, 65.696, 66.024, 66.381, 66.726, 67.438, 68.146, 68.241, 68.499, 69.992, 72.152, 74.965, 79.127, 82.845, 83.567, 82.341, 80.157, 78.428, 77.401, 75.917, 74.953, 75.65, 76.871, 77.18, 76.598, 74.739, 70.411, 64.365, 60.15, 58.431, 57.267, 56.521, 55.549, 54.324, 54.196, 54.597, 55.287, 57.027, 59.072, 60.059, 60.178, 60.378, 61.469, 63.384, 66.636, 69.65, 71.773, 73.39, 74.003, 72.799, 71.041, 70.171, 69.598, 68.662, 67.233, 66.226, 66.018, 66.145, 66.665, 67.447, 68.506, 69.764, 70.16], [10.99, 0.0, 9.73, 15.584, 17.901, 19.704, 22.769, 26.874, 30.294, 31.8, 31.991, 32.0, 33.549, 36.035, 38.461, 41.978, 45.888, 49.522, 53.211, 56.324, 58.578, 61.123, 63.722, 65.145, 65.27, 65.574, 65.937, 66.277, 67.091, 67.931, 67.972, 68.003, 69.308, 71.493, 74.672, 79.364, 83.433, 84.357, 83.313, 81.366, 79.876, 78.984, 77.549, 76.63, 77.42, 78.715, 79.054, 78.5, 76.757, 72.561, 66.474, 62.174, 60.365, 59.083, 58.221, 57.088, 55.69, 55.614, 56.267, 57.089, 58.815, 60.956, 62.078, 62.227, 62.337, 63.225, 64.939, 68.156, 71.21, 73.318, 74.889, 75.507, 74.315, 72.618, 71.931, 71.499, 70.65, 69.402, 68.614, 68.495, 68.622, 69.113, 69.884, 70.941, 72.222, 72.668], [20.114, 9.73, 0.0, 6.442, 10.064, 13.761, 18.554, 24.138, 28.515, 30.4, 30.772, 30.956, 32.546, 34.783, 37.114, 40.96, 45.347, 49.433, 53.544, 56.948, 59.378, 62.059, 64.717, 66.077, 66.108, 66.394, 66.761, 67.076, 67.955, 68.91, 68.922, 68.764, 69.849, 71.876, 75.112, 80.061, 84.36, 85.451, 84.571, 82.852, 81.588, 80.835, 79.481, 78.626, 79.501, 80.874, 81.267, 80.771, 79.175, 75.162, 69.08, 64.705, 62.785, 61.323, 60.289, 59.04, 57.547, 57.513, 58.441, 59.452, 61.141, 63.315, 64.516, 64.672, 64.693, 65.4, 66.967, 70.19, 73.298, 75.374, 76.881, 77.504, 76.328, 74.7, 74.233, 73.998, 73.286, 72.258, 71.688, 71.634, 71.725, 72.143, 72.877, 73.934, 75.241, 75.71], [25.342, 15.584, 6.442, 0.0, 5.059, 10.581, 16.689, 23.12, 27.932, 30.005, 30.511, 30.822, 32.463, 34.52, 36.646, 40.485, 45.008, 49.278, 53.598, 57.162, 59.688, 62.442, 65.152, 66.505, 66.503, 66.786, 67.159, 67.461, 68.374, 69.377, 69.362, 69.107, 70.061, 71.965, 75.162, 80.159, 84.533, 85.734, 84.998, 83.449, 82.321, 81.657, 80.38, 79.596, 80.515, 81.916, 82.337, 81.894, 80.453, 76.657, 70.673, 66.304, 64.346, 62.786, 61.653, 60.352, 58.811, 58.79, 59.877, 61.008, 62.661, 64.823, 66.051, 66.205, 66.169, 66.772, 68.286, 71.558, 74.721, 76.775, 78.234, 78.86, 77.703, 76.125, 75.784, 75.666, 75.04, 74.129, 73.662, 73.621, 73.678, 74.046, 74.752, 75.81, 77.129, 77.601], [26.879, 17.901, 10.064, 5.059, 0.0, 6.335, 13.414, 20.495, 25.584, 27.797, 28.376, 28.677, 30.312, 32.259, 34.171, 37.852, 42.366, 46.706, 51.129, 54.784, 57.371, 60.197, 62.992, 64.381, 64.384, 64.689, 65.085, 65.387, 66.321, 67.346, 67.315, 67.036, 67.972, 69.841, 73.013, 78.033, 82.451, 83.706, 83.082, 81.664, 80.624, 80.024, 78.829, 78.111, 79.051, 80.477, 80.924, 80.523, 79.221, 75.671, 69.909, 65.703, 63.853, 62.33, 61.16, 59.806, 58.218, 58.173, 59.287, 60.369, 61.903, 64.004, 65.241, 65.427, 65.363, 65.904, 67.409, 70.741, 73.96, 76.015, 77.433, 78.03, 76.865, 75.293, 74.971, 74.879, 74.283, 73.414, 72.97, 72.905, 72.931, 73.266, 73.949, 75.006, 76.336, 76.807], [27.595, 19.704, 13.761, 10.581, 6.335, 0.0, 7.777, 15.448, 20.796, 23.177, 23.837, 24.173, 25.973, 28.044, 29.889, 33.423, 37.89, 42.256, 46.738, 50.467, 53.119, 56.024, 58.911, 60.368, 60.402, 60.741, 61.168, 61.469, 62.417, 63.458, 63.415, 63.149, 64.148, 66.073, 69.317, 74.48, 79.013, 80.277, 79.69, 78.393, 77.505, 77.074, 76.057, 75.434, 76.397, 77.868, 78.36, 77.958, 76.696, 73.355, 67.905, 64.027, 62.444, 61.063, 59.884, 58.473, 56.87, 56.793, 57.857, 58.674, 59.876, 61.853, 63.161, 63.447, 63.319, 63.741, 65.243, 68.672, 71.954, 73.995, 75.338, 75.861, 74.666, 73.089, 72.751, 72.633, 72.024, 71.173, 70.732, 70.631, 70.62, 70.918, 71.57, 72.63, 73.992, 74.48], [29.538, 22.769, 18.554, 16.689, 13.414, 7.777, 0.0, 8.099, 13.961, 16.655, 17.453, 18.054, 20.351, 22.82, 24.892, 28.494, 32.966, 37.342, 41.859, 45.664, 48.395, 51.356, 54.292, 55.804, 55.879, 56.241, 56.691, 56.99, 57.953, 59.006, 58.955, 58.725, 59.843, 61.969, 65.521, 71.055, 75.831, 77.13, 76.525, 75.32, 74.645, 74.485, 73.718, 73.202, 74.188, 75.713, 76.271, 75.846, 74.526, 71.312, 66.231, 62.836, 61.671, 60.56, 59.429, 57.965, 56.385, 56.277, 57.209, 57.533, 58.162, 59.93, 61.37, 61.829, 61.597, 61.796, 63.219, 66.679, 69.97, 71.961, 73.199, 73.616, 72.39, 70.835, 70.493, 70.341, 69.7, 68.871, 68.444, 68.311, 68.265, 68.519, 69.13, 70.187, 71.586, 72.112], [32.361, 26.874, 24.138, 23.12, 20.495, 15.448, 8.099, 0.0, 6.417, 9.57, 10.635, 11.878, 15.129, 18.242, 20.618, 24.141, 28.408, 32.602, 36.994, 40.778, 43.531, 46.462, 49.361, 50.899, 51.018, 51.386, 51.833, 52.116, 53.075, 54.113, 54.047, 53.874, 55.125, 57.492, 61.436, 67.428, 72.499, 73.851, 73.212, 72.064, 71.585, 71.711, 71.217, 70.828, 71.829, 73.381, 73.993, 73.549, 72.152, 69.046, 64.374, 61.531, 60.857, 60.095, 59.05, 57.592, 56.133, 56.029, 56.78, 56.541, 56.533, 58.023, 59.551, 60.172, 59.841, 59.785, 61.06, 64.501, 67.786, 69.713, 70.829, 71.122, 69.871, 68.367, 68.034, 67.858, 67.208, 66.414, 66.007, 65.857, 65.788, 65.997, 66.558, 67.594, 69.012, 69.581], [34.686, 30.294, 28.515, 27.932, 25.584, 20.796, 13.961, 6.417, 0.0, 3.513, 5.069, 7.521, 12.02, 15.748, 18.229, 21.279, 25.038, 28.855, 32.95, 36.573, 39.273, 42.125, 44.967, 46.57, 46.755, 47.111, 47.532, 47.788, 48.73, 49.755, 49.707, 49.611, 50.955, 53.439, 57.558, 63.779, 69.036, 70.419, 69.735, 68.615, 68.298, 68.69, 68.478, 68.251, 69.301, 70.902, 71.565, 71.082, 69.614, 66.649, 62.363, 59.999, 59.76, 59.312, 58.332, 56.901, 55.593, 55.489, 56.057, 55.352, 54.824, 56.047, 57.609, 58.353, 57.931, 57.644, 58.78, 62.228, 65.539, 67.412, 68.401, 68.571, 67.303, 65.853, 65.536, 65.363, 64.739, 64.003, 63.639, 63.496, 63.421, 63.591, 64.1, 65.111, 66.536, 67.135], [35.74, 31.8, 30.4, 30.005, 27.797, 23.177, 16.655, 9.57, 3.513, 0.0, 2.237, 5.964, 11.021, 14.957, 17.512, 20.293, 23.72, 27.289, 31.17, 34.653, 37.304, 40.107, 42.914, 44.567, 44.798, 45.136, 45.535, 45.779, 46.715, 47.758, 47.753, 47.71, 49.093, 51.619, 55.763, 62.004, 67.306, 68.702, 67.978, 66.845, 66.589, 67.094, 67.006, 66.863, 67.97, 69.632, 70.338, 69.824, 68.302, 65.42, 61.359, 59.255, 59.242, 58.975, 58.032, 56.596, 55.352, 55.223, 55.657, 54.694, 53.9, 54.976, 56.551, 57.365, 56.897, 56.484, 57.524, 60.935, 64.237, 66.08, 67.009, 67.132, 65.876, 64.46, 64.158, 63.998, 63.403, 62.722, 62.404, 62.288, 62.221, 62.375, 62.858, 63.849, 65.269, 65.882], [35.786, 31.991, 30.772, 30.511, 28.376, 23.837, 17.453, 10.635, 5.069, 2.237, 0.0, 4.246, 9.607, 13.799, 16.594, 19.494, 22.941, 26.493, 30.359, 33.827, 36.459, 39.266, 42.098, 43.778, 44.025, 44.356, 44.753, 45.008, 45.942, 46.999, 47.039, 47.032, 48.437, 50.983, 55.123, 61.344, 66.663, 68.093, 67.374, 66.234, 65.987, 66.506, 66.434, 66.313, 67.464, 69.183, 69.925, 69.398, 67.847, 64.992, 61.017, 59.001, 59.051, 58.83, 57.898, 56.431, 55.151, 54.972, 55.308, 54.214, 53.331, 54.373, 55.974, 56.831, 56.359, 55.906, 56.911, 60.299, 63.587, 65.424, 66.326, 66.406, 65.134, 63.719, 63.415, 63.253, 62.655, 61.982, 61.683, 61.595, 61.546, 61.705, 62.187, 63.173, 64.592, 65.217], [35.706, 32.0, 30.956, 30.822, 28.677, 24.173, 18.054, 11.878, 7.521, 5.964, 4.246, 0.0, 5.754, 10.49, 13.74, 17.119, 20.971, 24.785, 28.885, 32.509, 35.159, 38.021, 40.963, 42.658, 42.884, 43.221, 43.627, 43.914, 44.844, 45.871, 45.917, 45.952, 47.427, 50.053, 54.246, 60.494, 65.864, 67.389, 66.797, 65.744, 65.522, 66.027, 65.964, 65.874, 67.047, 68.792, 69.545, 69.017, 67.508, 64.738, 60.836, 58.829, 58.837, 58.561, 57.632, 56.143, 54.772, 54.541, 54.795, 53.641, 52.802, 53.909, 55.542, 56.413, 55.972, 55.568, 56.625, 60.022, 63.295, 65.141, 66.032, 66.048, 64.713, 63.265, 62.938, 62.746, 62.096, 61.365, 61.056, 61.007, 60.996, 61.192, 61.694, 62.68, 64.092, 64.726], [37.264, 33.549, 32.546, 32.463, 30.312, 25.973, 20.351, 15.129, 12.02, 11.021, 9.607, 5.754, 0.0, 5.264, 9.316, 13.66, 18.242, 22.479, 26.896, 30.712, 33.377, 36.3, 39.319, 40.929, 41.084, 41.417, 41.822, 42.142, 43.067, 44.051, 44.09, 44.162, 45.738, 48.563, 52.975, 59.344, 64.795, 66.47, 66.099, 65.22, 65.052, 65.511, 65.418, 65.337, 66.505, 68.245, 69.009, 68.525, 67.136, 64.544, 60.806, 58.879, 58.88, 58.616, 57.745, 56.249, 54.837, 54.596, 54.748, 53.471, 52.608, 53.741, 55.4, 56.291, 55.885, 55.515, 56.586, 59.889, 63.066, 64.908, 65.821, 65.821, 64.462, 63.003, 62.656, 62.429, 61.726, 60.954, 60.672, 60.683, 60.719, 60.95, 61.463, 62.433, 63.834, 64.488], [39.919, 36.035, 34.783, 34.52, 32.259, 28.044, 22.82, 18.242, 15.748, 14.957, 13.799, 10.49, 5.264, 0.0, 4.901, 10.478, 15.902, 20.605, 25.347, 29.341, 32.026, 35.005, 38.067, 39.572, 39.652, 39.988, 40.391, 40.715, 41.651, 42.632, 42.645, 42.692, 44.302, 47.27, 51.854, 58.301, 63.796, 65.603, 65.467, 64.798, 64.717, 65.151, 65.04, 64.979, 66.138, 67.865, 68.651, 68.288, 67.131, 64.806, 61.286, 59.474, 59.493, 59.265, 58.433, 56.917, 55.49, 55.256, 55.376, 54.041, 53.133, 54.238, 55.889, 56.789, 56.393, 55.993, 56.997, 60.171, 63.254, 65.076, 66.003, 66.021, 64.68, 63.239, 62.91, 62.698, 62.005, 61.276, 61.069, 61.131, 61.188, 61.42, 61.917, 62.861, 64.246, 64.911], [42.233, 38.461, 37.114, 36.646, 34.171, 29.889, 24.892, 20.618, 18.229, 17.512, 16.594, 13.74, 9.316, 4.901, 0.0, 6.361, 12.498, 17.641, 22.708, 26.933, 29.707, 32.796, 35.993, 37.53, 37.615, 37.993, 38.421, 38.731, 39.687, 40.685, 40.644, 40.641, 42.238, 45.178, 49.713, 56.129, 61.635, 63.521, 63.583, 63.117, 63.141, 63.628, 63.639, 63.725, 64.923, 66.649, 67.448, 67.211, 66.408, 64.581, 61.493, 59.948, 60.089, 59.904, 59.056, 57.522, 56.086, 55.834, 55.95, 54.609, 53.661, 54.693, 56.28, 57.167, 56.767, 56.336, 57.33, 60.512, 63.588, 65.374, 66.243, 66.199, 64.827, 63.396, 63.087, 62.898, 62.239, 61.557, 61.388, 61.443, 61.487, 61.704, 62.171, 63.072, 64.412, 65.047], [45.121, 41.978, 40.96, 40.485, 37.852, 33.423, 28.494, 24.141, 21.279, 20.293, 19.494, 17.119, 13.66, 10.478, 6.361, 0.0, 6.474, 11.96, 17.368, 21.879, 24.813, 28.052, 31.466, 33.202, 33.406, 33.853, 34.335, 34.634, 35.602, 36.648, 36.61, 36.612, 38.213, 41.053, 45.413, 51.741, 57.273, 59.19, 59.382, 59.121, 59.329, 60.012, 60.362, 60.766, 62.073, 63.859, 64.696, 64.494, 64.02, 62.99, 60.817, 59.954, 60.518, 60.562, 59.732, 58.216, 56.872, 56.592, 56.58, 54.968, 53.656, 54.383, 55.868, 56.808, 56.373, 55.808, 56.711, 59.891, 62.959, 64.67, 65.379, 65.163, 63.745, 62.359, 62.057, 61.87, 61.233, 60.604, 60.462, 60.486, 60.508, 60.694, 61.103, 61.931, 63.197, 63.793], [48.301, 45.888, 45.347, 45.008, 42.366, 37.89, 32.966, 28.408, 25.038, 23.72, 22.941, 20.971, 18.242, 15.902, 12.498, 6.474, 0.0, 5.733, 11.535, 16.367, 19.445, 22.782, 26.404, 28.421, 28.818, 29.33, 29.874, 30.182, 31.143, 32.242, 32.276, 32.339, 33.958, 36.717, 40.914, 47.155, 52.717, 54.634, 54.877, 54.788, 55.222, 56.18, 56.939, 57.689, 59.119, 60.977, 61.863, 61.618, 61.316, 61.04, 59.907, 59.87, 60.969, 61.342, 60.58, 59.122, 57.941, 57.648, 57.438, 55.402, 53.555, 53.876, 55.273, 56.322, 55.858, 55.088, 55.785, 58.849, 61.855, 63.47, 63.996, 63.585, 62.145, 60.848, 60.562, 60.366, 59.742, 59.167, 59.072, 59.092, 59.104, 59.263, 59.61, 60.357, 61.551, 62.134], [51.282, 49.522, 49.433, 49.278, 46.706, 42.256, 37.342, 32.602, 28.855, 27.289, 26.493, 24.785, 22.479, 20.605, 17.641, 11.96, 5.733, 0.0, 6.065, 11.163, 14.355, 17.75, 21.56, 23.87, 24.488, 25.052, 25.643, 25.977, 26.913, 28.047, 28.194, 28.352, 29.973, 32.654, 36.752, 43.0, 48.648, 50.555, 50.796, 50.83, 51.479, 52.73, 53.886, 54.947, 56.484, 58.4, 59.33, 59.029, 58.796, 59.086, 58.844, 59.587, 61.237, 61.971, 61.302, 59.92, 58.92, 58.628, 58.222, 55.782, 53.452, 53.41, 54.741, 55.909, 55.433, 54.471, 54.958, 57.884, 60.797, 62.305, 62.658, 62.064, 60.612, 59.419, 59.165, 58.966, 58.356, 57.843, 57.813, 57.852, 57.871, 58.01, 58.293, 58.962, 60.095, 60.688], [54.353, 53.211, 53.544, 53.598, 51.129, 46.738, 41.859, 36.994, 32.95, 31.17, 30.359, 28.885, 26.896, 25.347, 22.708, 17.368, 11.535, 6.065, 0.0, 5.297, 8.737, 12.289, 16.274, 18.88, 19.782, 20.391, 21.002, 21.353, 22.246, 23.439, 23.76, 24.075, 25.718, 28.316, 32.368, 38.763, 44.582, 46.452, 46.624, 46.722, 47.556, 49.098, 50.66, 52.028, 53.674, 55.655, 56.646, 56.302, 56.1, 56.883, 57.482, 59.024, 61.304, 62.494, 61.958, 60.669, 59.9, 59.637, 59.031, 56.198, 53.399, 52.98, 54.226, 55.513, 55.032, 53.884, 54.159, 56.919, 59.704, 61.082, 61.267, 60.512, 59.081, 58.012, 57.782, 57.58, 56.996, 56.569, 56.625, 56.694, 56.726, 56.835, 57.036, 57.608, 58.67, 59.272], [57.031, 56.324, 56.948, 57.162, 54.784, 50.467, 45.664, 40.778, 36.573, 34.653, 33.827, 32.509, 30.712, 29.341, 26.933, 21.879, 16.367, 11.163, 5.297, 0.0, 3.797, 7.671, 11.838, 14.761, 16.002, 16.643, 17.245, 17.612, 18.441, 19.709, 20.268, 20.79, 22.424, 24.886, 28.853, 35.343, 41.291, 43.127, 43.232, 43.355, 44.33, 46.115, 48.009, 49.614, 51.343, 53.388, 54.458, 54.105, 53.923, 55.092, 56.366, 58.536, 61.332, 62.962, 62.578, 61.354, 60.782, 60.557, 59.773, 56.601, 53.429, 52.698, 53.868, 55.26, 54.779, 53.473, 53.537, 56.097, 58.73, 59.982, 60.022, 59.137, 57.747, 56.793, 56.573, 56.372, 55.83, 55.503, 55.66, 55.783, 55.844, 55.927, 56.049, 56.527, 57.51, 58.109], [59.046, 58.578, 59.378, 59.688, 57.371, 53.119, 48.395, 43.531, 39.273, 37.304, 36.459, 35.159, 33.377, 32.026, 29.707, 24.813, 19.445, 14.355, 8.737, 3.797, 0.0, 4.252, 8.784, 12.081, 13.623, 14.294, 14.906, 15.33, 16.089, 17.349, 18.087, 18.777, 20.374, 22.729, 26.631, 33.142, 39.166, 41.027, 41.162, 41.34, 42.415, 44.354, 46.459, 48.205, 49.953, 52.007, 53.12, 52.791, 52.681, 54.156, 55.899, 58.447, 61.512, 63.392, 63.121, 61.927, 61.443, 61.229, 60.313, 56.916, 53.543, 52.656, 53.798, 55.262, 54.799, 53.41, 53.336, 55.74, 58.252, 59.429, 59.383, 58.4, 57.03, 56.162, 55.951, 55.741, 55.222, 54.947, 55.154, 55.324, 55.422, 55.502, 55.582, 55.998, 56.919, 57.518], [61.408, 61.123, 62.059, 62.442, 60.197, 56.024, 51.356, 46.462, 42.125, 40.107, 39.266, 38.021, 36.3, 35.005, 32.796, 28.052, 22.782, 17.75, 12.289, 7.671, 4.252, 0.0, 4.956, 8.982, 10.991, 11.681, 12.296, 12.756, 13.46, 14.672, 15.481, 16.27, 17.83, 20.201, 24.271, 31.042, 37.246, 39.096, 39.22, 39.446, 40.616, 42.729, 45.108, 47.036, 48.769, 50.758, 51.847, 51.498, 51.45, 53.292, 55.615, 58.641, 62.03, 64.158, 63.981, 62.868, 62.527, 62.34, 61.33, 57.759, 54.199, 53.15, 54.241, 55.751, 55.316, 53.856, 53.626, 55.852, 58.253, 59.359, 59.235, 58.187, 56.88, 56.136, 55.947, 55.72, 55.213, 54.957, 55.168, 55.337, 55.45, 55.532, 55.576, 55.934, 56.798, 57.404], [63.929, 63.722, 64.717, 65.152, 62.992, 58.911, 54.292, 49.361, 44.967, 42.914, 42.098, 40.963, 39.319, 38.067, 35.993, 31.466, 26.404, 21.56, 16.274, 11.838, 8.784, 4.956, 0.0, 4.77, 7.351, 8.02, 8.61, 9.124, 9.784, 10.982, 11.87, 12.721, 14.283, 16.968, 21.799, 29.408, 35.981, 37.744, 37.725, 37.84, 38.926, 41.043, 43.57, 45.609, 47.281, 49.146, 50.185, 49.812, 49.759, 51.879, 54.808, 58.417, 62.245, 64.737, 64.701, 63.718, 63.641, 63.581, 62.533, 58.835, 55.048, 53.732, 54.7, 56.245, 55.858, 54.345, 53.924, 55.883, 58.115, 59.123, 58.954, 57.932, 56.783, 56.201, 56.009, 55.738, 55.218, 54.963, 55.171, 55.312, 55.415, 55.492, 55.495, 55.786, 56.593, 57.223], [65.448, 65.145, 66.077, 66.505, 64.381, 60.368, 55.804, 50.899, 46.57, 44.567, 43.778, 42.658, 40.929, 39.572, 37.53, 33.202, 28.421, 23.87, 18.88, 14.761, 12.081, 8.982, 4.77, 0.0, 2.954, 3.752, 4.579, 5.477, 6.167, 7.288, 8.29, 9.22, 11.008, 14.442, 20.515, 29.229, 36.198, 37.92, 37.833, 37.8, 38.621, 40.432, 42.761, 44.728, 46.287, 47.981, 48.933, 48.585, 48.546, 50.701, 53.908, 57.869, 61.961, 64.686, 64.789, 63.901, 64.023, 64.151, 63.173, 59.505, 55.646, 54.137, 54.966, 56.493, 56.159, 54.7, 54.242, 56.025, 58.113, 59.059, 58.937, 58.042, 57.055, 56.568, 56.325, 55.974, 55.384, 55.064, 55.238, 55.331, 55.41, 55.491, 55.483, 55.739, 56.514, 57.152], [65.696, 65.27, 66.108, 66.503, 64.384, 60.402, 55.879, 51.018, 46.755, 44.798, 44.025, 42.884, 41.084, 39.652, 37.615, 33.406, 28.818, 24.488, 19.782, 16.002, 13.623, 10.991, 7.351, 2.954, 0.0, 1.387, 2.891, 4.176, 5.0, 5.973, 6.869, 7.731, 9.682, 13.612, 20.338, 29.579, 36.735, 38.457, 38.363, 38.269, 38.954, 40.558, 42.688, 44.567, 46.064, 47.648, 48.518, 48.181, 48.155, 50.219, 53.387, 57.394, 61.519, 64.277, 64.424, 63.565, 63.739, 63.974, 63.093, 59.521, 55.728, 54.213, 54.971, 56.434, 56.112, 54.728, 54.331, 56.104, 58.183, 59.147, 59.095, 58.308, 57.396, 56.926, 56.662, 56.287, 55.662, 55.285, 55.411, 55.461, 55.514, 55.597, 55.601, 55.863, 56.638, 57.267], [66.024, 65.574, 66.394, 66.786, 64.689, 60.741, 56.241, 51.386, 47.111, 45.136, 44.356, 43.221, 41.417, 39.988, 37.993, 33.853, 29.33, 25.052, 20.391, 16.643, 14.294, 11.681, 8.02, 3.752, 1.387, 0.0, 1.853, 3.402, 4.275, 5.307, 6.34, 7.213, 9.086, 13.12, 20.016, 29.356, 36.557, 38.298, 38.195, 38.1, 38.826, 40.471, 42.626, 44.523, 46.025, 47.602, 48.464, 48.118, 48.07, 50.119, 53.301, 57.346, 61.516, 64.315, 64.487, 63.649, 63.861, 64.121, 63.25, 59.672, 55.847, 54.294, 55.032, 56.485, 56.154, 54.75, 54.331, 56.081, 58.143, 59.096, 59.042, 58.269, 57.381, 56.933, 56.68, 56.314, 55.694, 55.327, 55.471, 55.532, 55.588, 55.67, 55.668, 55.928, 56.707, 57.339], [66.381, 65.937, 66.761, 67.159, 65.085, 61.168, 56.691, 51.833, 47.532, 45.535, 44.753, 43.627, 41.822, 40.391, 38.421, 34.335, 29.874, 25.643, 21.002, 17.245, 14.906, 12.296, 8.61, 4.579, 2.891, 1.853, 0.0, 1.975, 3.017, 4.257, 5.557, 6.555, 8.436, 12.554, 19.532, 28.881, 36.086, 37.853, 37.779, 37.712, 38.502, 40.231, 42.457, 44.38, 45.884, 47.474, 48.355, 48.022, 47.963, 49.995, 53.19, 57.28, 61.502, 64.347, 64.539, 63.732, 63.99, 64.268, 63.393, 59.796, 55.929, 54.341, 55.081, 56.55, 56.205, 54.758, 54.313, 56.051, 58.089, 59.01, 58.939, 58.165, 57.29, 56.854, 56.615, 56.274, 55.689, 55.367, 55.547, 55.628, 55.688, 55.762, 55.748, 56.007, 56.795, 57.43], [66.726, 66.277, 67.076, 67.461, 65.387, 61.469, 56.99, 52.116, 47.788, 45.779, 45.008, 43.914, 42.142, 40.715, 38.731, 34.634, 30.182, 25.977, 21.353, 17.612, 15.33, 12.756, 9.124, 5.477, 4.176, 3.402, 1.975, 0.0, 1.7, 3.62, 4.83, 5.83, 7.935, 12.196, 19.191, 28.548, 35.784, 37.574, 37.531, 37.515, 38.361, 40.152, 42.444, 44.404, 45.923, 47.526, 48.424, 48.118, 48.093, 50.152, 53.36, 57.464, 61.696, 64.541, 64.726, 63.933, 64.216, 64.5, 63.638, 60.06, 56.2, 54.631, 55.38, 56.841, 56.487, 55.03, 54.587, 56.344, 58.398, 59.322, 59.254, 58.495, 57.627, 57.177, 56.947, 56.648, 56.117, 55.84, 56.038, 56.122, 56.17, 56.222, 56.195, 56.454, 57.243, 57.87], [67.438, 67.091, 67.955, 68.374, 66.321, 62.417, 57.953, 53.075, 48.73, 46.715, 45.942, 44.844, 43.067, 41.651, 39.687, 35.602, 31.143, 26.913, 22.246, 18.441, 16.089, 13.46, 9.784, 6.167, 5.0, 4.275, 3.017, 1.7, 0.0, 2.459, 4.212, 5.566, 7.782, 12.062, 19.027, 28.372, 35.641, 37.456, 37.432, 37.431, 38.28, 40.074, 42.404, 44.401, 45.898, 47.459, 48.338, 48.034, 48.037, 50.183, 53.515, 57.708, 61.996, 64.882, 65.105, 64.358, 64.696, 65.007, 64.131, 60.523, 56.621, 54.999, 55.732, 57.21, 56.866, 55.407, 54.956, 56.679, 58.693, 59.599, 59.52, 58.747, 57.882, 57.438, 57.183, 56.861, 56.314, 56.018, 56.202, 56.286, 56.339, 56.389, 56.351, 56.6, 57.378, 57.999], [68.146, 67.931, 68.91, 69.377, 67.346, 63.458, 59.006, 54.113, 49.755, 47.758, 46.999, 45.871, 44.051, 42.632, 40.685, 36.648, 32.242, 28.047, 23.439, 19.709, 17.349, 14.672, 10.982, 7.288, 5.973, 5.307, 4.257, 3.62, 2.459, 0.0, 2.736, 4.951, 7.584, 12.216, 19.428, 28.882, 36.157, 37.965, 37.981, 37.97, 38.736, 40.446, 42.739, 44.719, 46.109, 47.505, 48.274, 47.961, 48.0, 50.165, 53.553, 57.799, 62.111, 65.017, 65.29, 64.619, 65.036, 65.412, 64.562, 60.998, 57.135, 55.485, 56.171, 57.63, 57.312, 55.923, 55.554, 57.285, 59.269, 60.145, 60.073, 59.326, 58.486, 58.055, 57.754, 57.369, 56.767, 56.382, 56.489, 56.534, 56.58, 56.644, 56.614, 56.862, 57.629, 58.242], [68.241, 67.972, 68.922, 69.362, 67.315, 63.415, 58.955, 54.047, 49.707, 47.753, 47.039, 45.917, 44.09, 42.645, 40.644, 36.61, 32.276, 28.194, 23.76, 20.268, 18.087, 15.481, 11.87, 8.29, 6.869, 6.34, 5.557, 4.83, 4.212, 2.736, 0.0, 3.004, 6.697, 12.128, 19.851, 29.579, 36.911, 38.699, 38.776, 38.818, 39.538, 41.185, 43.444, 45.395, 46.702, 47.975, 48.657, 48.357, 48.438, 50.529, 53.79, 57.935, 62.169, 65.016, 65.277, 64.641, 65.083, 65.5, 64.735, 61.32, 57.607, 56.057, 56.718, 58.094, 57.798, 56.52, 56.267, 58.071, 60.101, 61.01, 61.001, 60.342, 59.539, 59.101, 58.79, 58.389, 57.77, 57.338, 57.404, 57.415, 57.438, 57.514, 57.505, 57.768, 58.536, 59.137], [68.499, 68.003, 68.764, 69.107, 67.036, 63.149, 58.725, 53.874, 49.611, 47.71, 47.032, 45.952, 44.162, 42.692, 40.641, 36.612, 32.339, 28.352, 24.075, 20.79, 18.777, 16.27, 12.721, 9.22, 7.731, 7.213, 6.555, 5.83, 5.566, 4.951, 3.004, 0.0, 4.467, 10.688, 19.075, 29.248, 36.753, 38.551, 38.654, 38.766, 39.551, 41.252, 43.563, 45.534, 46.842, 48.112, 48.789, 48.508, 48.627, 50.706, 53.893, 57.993, 62.216, 65.05, 65.291, 64.652, 65.102, 65.543, 64.85, 61.523, 57.869, 56.372, 57.037, 58.379, 58.083, 56.816, 56.57, 58.397, 60.441, 61.361, 61.382, 60.769, 59.987, 59.582, 59.338, 58.975, 58.371, 57.976, 58.095, 58.118, 58.131, 58.211, 58.211, 58.483, 59.267, 59.886], [69.992, 69.308, 69.849, 70.061, 67.972, 64.148, 59.843, 55.125, 50.955, 49.093, 48.437, 47.427, 45.738, 44.302, 42.238, 38.213, 33.958, 29.973, 25.718, 22.424, 20.374, 17.83, 14.283, 11.008, 9.682, 9.086, 8.436, 7.935, 7.782, 7.584, 6.697, 4.467, 0.0, 6.857, 16.083, 26.885, 34.692, 36.555, 36.696, 36.916, 37.897, 39.859, 42.452, 44.599, 45.972, 47.29, 48.032, 47.788, 48.002, 50.301, 53.672, 57.931, 62.314, 65.272, 65.533, 64.895, 65.402, 65.875, 65.201, 61.821, 58.064, 56.506, 57.163, 58.534, 58.215, 56.834, 56.491, 58.289, 60.294, 61.157, 61.111, 60.446, 59.686, 59.409, 59.324, 59.063, 58.539, 58.281, 58.532, 58.61, 58.632, 58.696, 58.674, 58.935, 59.728, 60.368], [72.152, 71.493, 71.876, 71.965, 69.841, 66.073, 61.969, 57.492, 53.439, 51.619, 50.983, 50.053, 48.563, 47.27, 45.178, 41.053, 36.717, 32.654, 28.316, 24.886, 22.729, 20.201, 16.968, 14.442, 13.612, 13.12, 12.554, 12.196, 12.062, 12.216, 12.128, 10.688, 6.857, 0.0, 9.867, 21.592, 29.987, 31.963, 32.178, 32.663, 34.091, 36.635, 39.902, 42.511, 44.096, 45.621, 46.563, 46.371, 46.768, 49.623, 53.513, 58.134, 62.798, 65.91, 66.159, 65.491, 66.014, 66.447, 65.718, 62.175, 58.216, 56.519, 57.145, 58.573, 58.187, 56.584, 56.105, 57.972, 59.987, 60.76, 60.529, 59.662, 58.871, 58.748, 58.861, 58.765, 58.405, 58.385, 58.831, 58.996, 59.037, 59.059, 58.984, 59.215, 59.989, 60.614], [74.965, 74.672, 75.112, 75.162, 73.013, 69.317, 65.521, 61.436, 57.558, 55.763, 55.123, 54.246, 52.975, 51.854, 49.713, 45.413, 40.914, 36.752, 32.368, 28.853, 26.631, 24.271, 21.799, 20.515, 20.338, 20.016, 19.532, 19.191, 19.027, 19.428, 19.851, 19.075, 16.083, 9.867, 0.0, 12.575, 21.738, 23.968, 24.566, 25.927, 28.527, 32.263, 36.695, 40.092, 42.105, 44.056, 45.335, 45.196, 45.923, 49.727, 54.416, 59.461, 64.376, 67.578, 67.758, 66.993, 67.411, 67.663, 66.761, 62.986, 58.839, 57.011, 57.58, 59.054, 58.563, 56.661, 56.007, 57.952, 59.957, 60.593, 60.074, 58.863, 57.943, 57.922, 58.251, 58.397, 58.307, 58.616, 59.273, 59.532, 59.591, 59.544, 59.388, 59.57, 60.297, 60.868], [79.127, 79.364, 80.061, 80.159, 78.033, 74.48, 71.055, 67.428, 63.779, 62.004, 61.344, 60.494, 59.344, 58.301, 56.129, 51.741, 47.155, 43.0, 38.763, 35.343, 33.142, 31.042, 29.408, 29.229, 29.579, 29.356, 28.881, 28.548, 28.372, 28.882, 29.579, 29.248, 26.885, 21.592, 12.575, 0.0, 9.738, 13.033, 15.498, 19.279, 24.144, 29.53, 35.132, 39.292, 41.773, 44.187, 45.797, 45.74, 46.938, 51.795, 57.215, 62.502, 67.509, 70.773, 70.933, 70.045, 70.309, 70.32, 69.172, 65.174, 60.969, 59.139, 59.672, 61.163, 60.553, 58.336, 57.447, 59.275, 61.084, 61.513, 60.677, 59.084, 57.987, 58.048, 58.646, 59.115, 59.368, 60.048, 60.89, 61.242, 61.337, 61.223, 60.98, 61.097, 61.741, 62.225], [82.845, 83.433, 84.36, 84.533, 82.451, 79.013, 75.831, 72.499, 69.036, 67.306, 66.663, 65.864, 64.795, 63.796, 61.635, 57.273, 52.717, 48.648, 44.582, 41.291, 39.166, 37.246, 35.981, 36.198, 36.735, 36.557, 36.086, 35.784, 35.641, 36.157, 36.911, 36.753, 34.692, 29.987, 21.738, 9.738, 0.0, 5.629, 11.261, 17.295, 23.534, 29.683, 35.671, 40.06, 42.705, 45.292, 47.033, 47.029, 48.542, 54.008, 59.86, 65.274, 70.306, 73.646, 73.844, 72.903, 73.131, 73.048, 71.786, 67.755, 63.62, 61.798, 62.263, 63.734, 63.087, 60.734, 59.673, 61.253, 62.793, 63.027, 62.009, 60.251, 59.115, 59.267, 60.038, 60.71, 61.185, 62.088, 63.014, 63.391, 63.504, 63.356, 63.055, 63.108, 63.66, 64.066], [83.567, 84.357, 85.451, 85.734, 83.706, 80.277, 77.13, 73.851, 70.419, 68.702, 68.093, 67.389, 66.47, 65.603, 63.521, 59.19, 54.634, 50.555, 46.452, 43.127, 41.027, 39.096, 37.744, 37.92, 38.457, 38.298, 37.853, 37.574, 37.456, 37.965, 38.699, 38.551, 36.555, 31.963, 23.968, 13.033, 5.629, 0.0, 6.818, 13.966, 20.955, 27.632, 33.983, 38.5, 41.151, 43.749, 45.517, 45.464, 46.979, 52.734, 59.021, 64.76, 69.979, 73.442, 73.672, 72.783, 73.149, 73.141, 71.902, 67.924, 63.795, 61.858, 62.203, 63.654, 63.057, 60.747, 59.631, 61.064, 62.494, 62.674, 61.673, 60.013, 59.022, 59.271, 60.063, 60.742, 61.245, 62.182, 63.1, 63.428, 63.506, 63.345, 63.016, 63.027, 63.529, 63.907], [82.341, 83.313, 84.571, 84.998, 83.082, 79.69, 76.525, 73.212, 69.735, 67.978, 67.374, 66.797, 66.099, 65.467, 63.583, 59.382, 54.877, 50.796, 46.624, 43.232, 41.162, 39.22, 37.725, 37.833, 38.363, 38.195, 37.779, 37.531, 37.432, 37.981, 38.776, 38.654, 36.696, 32.178, 24.566, 15.498, 11.261, 6.818, 0.0, 7.985, 16.004, 23.54, 30.415, 35.125, 37.884, 40.593, 42.415, 42.224, 43.502, 49.359, 56.057, 62.202, 67.689, 71.304, 71.561, 70.755, 71.307, 71.39, 70.134, 66.114, 61.894, 59.775, 60.032, 61.527, 60.987, 58.718, 57.575, 58.996, 60.458, 60.659, 59.704, 58.155, 57.346, 57.707, 58.486, 59.133, 59.62, 60.558, 61.467, 61.765, 61.819, 61.644, 61.292, 61.275, 61.743, 62.105], [80.157, 81.366, 82.852, 83.449, 81.664, 78.393, 75.32, 72.064, 68.615, 66.845, 66.234, 65.744, 65.22, 64.798, 63.117, 59.121, 54.788, 50.83, 46.722, 43.355, 41.34, 39.446, 37.84, 37.8, 38.269, 38.1, 37.712, 37.515, 37.431, 37.97, 38.818, 38.766, 36.916, 32.663, 25.927, 19.279, 17.295, 13.966, 7.985, 0.0, 8.741, 17.155, 24.591, 29.574, 32.502, 35.365, 37.282, 37.082, 38.352, 44.482, 51.697, 58.273, 64.008, 67.796, 68.138, 67.46, 68.25, 68.456, 67.139, 63.097, 58.857, 56.538, 56.659, 58.228, 57.831, 55.705, 54.61, 56.048, 57.58, 57.85, 56.984, 55.559, 54.959, 55.45, 56.17, 56.751, 57.207, 58.091, 58.924, 59.171, 59.207, 59.026, 58.662, 58.611, 59.009, 59.32], [78.428, 79.876, 81.588, 82.321, 80.624, 77.505, 74.645, 71.585, 68.298, 66.589, 65.987, 65.522, 65.052, 64.717, 63.141, 59.329, 55.222, 51.479, 47.556, 44.33, 42.415, 40.616, 38.926, 38.621, 38.954, 38.826, 38.502, 38.361, 38.28, 38.736, 39.538, 39.551, 37.897, 34.091, 28.527, 24.144, 23.534, 20.955, 16.004, 8.741, 0.0, 9.017, 17.184, 22.705, 25.777, 28.743, 30.836, 30.883, 32.621, 39.476, 47.473, 54.529, 60.468, 64.419, 64.888, 64.386, 65.451, 65.831, 64.501, 60.57, 56.446, 53.94, 53.809, 55.378, 55.217, 53.423, 52.515, 53.921, 55.473, 55.871, 55.226, 54.056, 53.72, 54.325, 54.936, 55.397, 55.766, 56.504, 57.163, 57.283, 57.272, 57.097, 56.74, 56.652, 56.955, 57.192], [77.401, 78.984, 80.835, 81.657, 80.024, 77.074, 74.485, 71.711, 68.69, 67.094, 66.506, 66.027, 65.511, 65.151, 63.628, 60.012, 56.18, 52.73, 49.098, 46.115, 44.354, 42.729, 41.043, 40.432, 40.558, 40.471, 40.231, 40.152, 40.074, 40.446, 41.185, 41.252, 39.859, 36.635, 32.263, 29.53, 29.683, 27.632, 23.54, 17.155, 9.017, 0.0, 8.997, 15.425, 18.693, 21.807, 24.214, 24.73, 27.292, 35.1, 43.952, 51.484, 57.581, 61.683, 62.272, 61.899, 63.2, 63.773, 62.491, 58.772, 54.853, 52.189, 51.717, 53.159, 53.216, 51.82, 51.162, 52.471, 53.975, 54.523, 54.219, 53.469, 53.462, 54.127, 54.596, 54.938, 55.207, 55.772, 56.214, 56.158, 56.074, 55.902, 55.562, 55.442, 55.664, 55.82], [75.917, 77.549, 79.481, 80.38, 78.829, 76.057, 73.718, 71.217, 68.478, 67.006, 66.434, 65.964, 65.418, 65.04, 63.639, 60.362, 56.939, 53.886, 50.66, 48.009, 46.459, 45.108, 43.57, 42.761, 42.688, 42.626, 42.457, 42.444, 42.404, 42.739, 43.444, 43.563, 42.452, 39.902, 36.695, 35.132, 35.671, 33.983, 30.415, 24.591, 17.184, 8.997, 0.0, 7.185, 11.084, 14.832, 17.824, 19.042, 22.272, 30.349, 39.618, 47.471, 53.649, 57.904, 58.605, 58.264, 59.781, 60.572, 59.354, 55.872, 52.245, 49.519, 48.742, 50.038, 50.299, 49.273, 48.774, 49.868, 51.266, 51.967, 52.084, 51.886, 52.266, 52.985, 53.341, 53.618, 53.908, 54.408, 54.663, 54.455, 54.303, 54.127, 53.81, 53.678, 53.853, 53.945], [74.953, 76.63, 78.626, 79.596, 78.111, 75.434, 73.202, 70.828, 68.251, 66.863, 66.313, 65.874, 65.337, 64.979, 63.725, 60.766, 57.689, 54.947, 52.028, 49.614, 48.205, 47.036, 45.609, 44.728, 44.567, 44.523, 44.38, 44.404, 44.401, 44.719, 45.395, 45.534, 44.599, 42.511, 40.092, 39.292, 40.06, 38.5, 35.125, 29.574, 22.705, 15.425, 7.185, 0.0, 5.037, 10.103, 13.96, 15.849, 19.059, 26.622, 35.95, 44.01, 50.251, 54.641, 55.427, 55.079, 56.796, 57.777, 56.594, 53.239, 49.818, 47.082, 46.136, 47.38, 47.835, 47.079, 46.613, 47.405, 48.599, 49.389, 49.887, 50.179, 50.889, 51.684, 51.988, 52.238, 52.613, 53.194, 53.397, 53.122, 52.937, 52.757, 52.449, 52.303, 52.454, 52.531], [75.65, 77.42, 79.501, 80.515, 79.051, 76.397, 74.188, 71.829, 69.301, 67.97, 67.464, 67.047, 66.505, 66.138, 64.923, 62.073, 59.119, 56.484, 53.674, 51.343, 49.953, 48.769, 47.281, 46.287, 46.064, 46.025, 45.884, 45.923, 45.898, 46.109, 46.702, 46.842, 45.972, 44.096, 42.105, 41.773, 42.705, 41.151, 37.884, 32.502, 25.777, 18.693, 11.084, 5.037, 0.0, 5.785, 10.453, 13.163, 16.89, 24.698, 34.424, 42.724, 49.027, 53.514, 54.428, 54.248, 56.22, 57.389, 56.284, 53.058, 49.764, 47.024, 45.975, 47.158, 47.719, 47.141, 46.753, 47.407, 48.48, 49.339, 50.078, 50.653, 51.566, 52.425, 52.662, 52.817, 53.113, 53.618, 53.756, 53.427, 53.228, 53.06, 52.757, 52.596, 52.71, 52.76], [76.871, 78.715, 80.874, 81.916, 80.477, 77.868, 75.713, 73.381, 70.902, 69.632, 69.183, 68.792, 68.245, 67.865, 66.649, 63.859, 60.977, 58.4, 55.655, 53.388, 52.007, 50.758, 49.146, 47.981, 47.648, 47.602, 47.474, 47.526, 47.459, 47.505, 47.975, 48.112, 47.29, 45.621, 44.056, 44.187, 45.292, 43.749, 40.593, 35.365, 28.743, 21.807, 14.832, 10.103, 5.785, 0.0, 5.387, 9.607, 14.727, 23.229, 33.491, 42.034, 48.363, 52.924, 54.016, 54.106, 56.371, 57.752, 56.789, 53.812, 50.768, 48.117, 46.987, 48.054, 48.701, 48.34, 48.095, 48.714, 49.784, 50.755, 51.706, 52.512, 53.568, 54.464, 54.605, 54.621, 54.755, 55.015, 54.983, 54.58, 54.381, 54.256, 53.983, 53.82, 53.889, 53.888], [77.18, 79.054, 81.267, 82.337, 80.924, 78.36, 76.271, 73.993, 71.565, 70.338, 69.925, 69.545, 69.009, 68.651, 67.448, 64.696, 61.863, 59.33, 56.646, 54.458, 53.12, 51.847, 50.185, 48.933, 48.518, 48.464, 48.355, 48.424, 48.338, 48.274, 48.657, 48.789, 48.032, 46.563, 45.335, 45.797, 47.033, 45.517, 42.415, 37.282, 30.836, 24.214, 17.824, 13.96, 10.453, 5.387, 0.0, 5.809, 12.674, 22.014, 32.669, 41.371, 47.715, 52.286, 53.452, 53.696, 56.092, 57.566, 56.697, 53.958, 51.21, 48.724, 47.575, 48.535, 49.219, 49.051, 49.029, 49.815, 51.002, 52.07, 53.15, 54.083, 55.173, 56.028, 56.072, 55.978, 55.98, 56.003, 55.789, 55.324, 55.149, 55.092, 54.867, 54.714, 54.754, 54.695], [76.598, 78.5, 80.771, 81.894, 80.523, 77.958, 75.846, 73.549, 71.082, 69.824, 69.398, 69.017, 68.525, 68.288, 67.211, 64.494, 61.618, 59.029, 56.302, 54.105, 52.791, 51.498, 49.812, 48.585, 48.181, 48.118, 48.022, 48.118, 48.034, 47.961, 48.357, 48.508, 47.788, 46.371, 45.196, 45.74, 47.029, 45.464, 42.224, 37.082, 30.883, 24.73, 19.042, 15.849, 13.163, 9.607, 5.809, 0.0, 8.398, 19.558, 31.21, 40.38, 46.996, 51.669, 52.823, 53.077, 55.469, 56.912, 55.996, 53.173, 50.387, 47.9, 46.797, 47.796, 48.451, 48.261, 48.335, 49.342, 50.663, 51.767, 52.824, 53.713, 54.775, 55.622, 55.644, 55.508, 55.437, 55.356, 55.076, 54.61, 54.489, 54.509, 54.326, 54.181, 54.235, 54.188], [74.739, 76.757, 79.175, 80.453, 79.221, 76.696, 74.526, 72.152, 69.614, 68.302, 67.847, 67.508, 67.136, 67.131, 66.408, 64.02, 61.316, 58.796, 56.1, 53.923, 52.681, 51.45, 49.759, 48.546, 48.155, 48.07, 47.963, 48.093, 48.037, 48.0, 48.438, 48.627, 48.002, 46.768, 45.923, 46.938, 48.542, 46.979, 43.502, 38.352, 32.621, 27.292, 22.272, 19.059, 16.89, 14.727, 12.674, 8.398, 0.0, 12.717, 25.96, 36.135, 43.349, 48.41, 49.67, 49.98, 52.609, 54.196, 53.246, 50.209, 47.169, 44.505, 43.418, 44.535, 45.235, 45.022, 45.02, 45.998, 47.366, 48.574, 49.765, 50.811, 52.015, 52.957, 53.004, 52.829, 52.691, 52.532, 52.223, 51.806, 51.75, 51.85, 51.726, 51.631, 51.779, 51.854], [70.411, 72.561, 75.162, 76.657, 75.671, 73.355, 71.312, 69.046, 66.649, 65.42, 64.992, 64.738, 64.544, 64.806, 64.581, 62.99, 61.04, 59.086, 56.883, 55.092, 54.156, 53.292, 51.879, 50.701, 50.219, 50.119, 49.995, 50.152, 50.183, 50.165, 50.529, 50.706, 50.301, 49.623, 49.727, 51.795, 54.008, 52.734, 49.359, 44.482, 39.476, 35.1, 30.349, 26.622, 24.698, 23.229, 22.014, 19.558, 12.717, 0.0, 14.614, 26.098, 34.191, 39.959, 41.558, 42.122, 45.443, 47.621, 47.035, 44.377, 41.696, 39.253, 38.135, 39.115, 39.963, 40.143, 40.434, 41.51, 43.033, 44.547, 46.333, 48.082, 49.595, 50.544, 50.606, 50.405, 50.199, 49.856, 49.384, 48.963, 48.923, 49.088, 49.105, 49.241, 49.69, 49.948], [64.365, 66.474, 69.08, 70.673, 69.909, 67.905, 66.231, 64.374, 62.363, 61.359, 61.017, 60.836, 60.806, 61.286, 61.493, 60.817, 59.907, 58.844, 57.482, 56.366, 55.899, 55.615, 54.808, 53.908, 53.387, 53.301, 53.19, 53.36, 53.515, 53.553, 53.79, 53.893, 53.672, 53.513, 54.416, 57.215, 59.86, 59.021, 56.057, 51.697, 47.473, 43.952, 39.618, 35.95, 34.424, 33.491, 32.669, 31.21, 25.96, 14.614, 0.0, 12.402, 21.675, 28.478, 30.638, 31.661, 35.974, 39.048, 39.359, 37.854, 36.395, 35.058, 34.255, 34.883, 35.791, 36.572, 37.587, 39.301, 41.343, 43.325, 45.78, 48.198, 49.744, 50.494, 50.728, 50.73, 50.585, 50.12, 49.513, 49.119, 49.08, 49.263, 49.438, 49.955, 50.912, 51.386], [60.15, 62.174, 64.705, 66.304, 65.703, 64.027, 62.836, 61.531, 59.999, 59.255, 59.001, 58.829, 58.879, 59.474, 59.948, 59.954, 59.87, 59.587, 59.024, 58.536, 58.447, 58.641, 58.417, 57.869, 57.394, 57.346, 57.28, 57.464, 57.708, 57.799, 57.935, 57.993, 57.931, 58.134, 59.461, 62.502, 65.274, 64.76, 62.202, 58.273, 54.529, 51.484, 47.471, 44.01, 42.724, 42.034, 41.371, 40.38, 36.135, 26.098, 12.402, 0.0, 10.26, 18.333, 21.331, 23.095, 28.513, 32.389, 33.626, 33.666, 33.888, 33.957, 33.623, 33.935, 34.984, 36.376, 37.914, 40.058, 42.537, 44.894, 47.702, 50.373, 51.75, 52.295, 52.761, 53.029, 53.0, 52.507, 51.886, 51.614, 51.614, 51.82, 52.108, 52.853, 54.11, 54.737], [58.431, 60.365, 62.785, 64.346, 63.853, 62.444, 61.671, 60.857, 59.76, 59.242, 59.051, 58.837, 58.88, 59.493, 60.089, 60.518, 60.969, 61.237, 61.304, 61.332, 61.512, 62.03, 62.245, 61.961, 61.519, 61.516, 61.502, 61.696, 61.996, 62.111, 62.169, 62.216, 62.314, 62.798, 64.376, 67.509, 70.306, 69.979, 67.689, 64.008, 60.468, 57.581, 53.649, 50.251, 49.027, 48.363, 47.715, 46.996, 43.349, 34.191, 21.675, 10.26, 0.0, 9.257, 13.524, 16.438, 23.034, 27.686, 29.77, 31.494, 33.43, 34.572, 34.49, 34.528, 35.778, 37.767, 39.687, 41.989, 44.71, 47.324, 50.339, 53.142, 54.403, 54.816, 55.427, 55.858, 55.922, 55.435, 54.839, 54.678, 54.699, 54.928, 55.3, 56.127, 57.449, 58.121], [57.267, 59.083, 61.323, 62.786, 62.33, 61.063, 60.56, 60.095, 59.312, 58.975, 58.83, 58.561, 58.616, 59.265, 59.904, 60.562, 61.342, 61.971, 62.494, 62.962, 63.392, 64.158, 64.737, 64.686, 64.277, 64.315, 64.347, 64.541, 64.882, 65.017, 65.016, 65.05, 65.272, 65.91, 67.578, 70.773, 73.646, 73.442, 71.304, 67.796, 64.419, 61.683, 57.904, 54.641, 53.514, 52.924, 52.286, 51.669, 48.41, 39.959, 28.478, 18.333, 9.257, 0.0, 5.839, 11.009, 18.539, 23.878, 27.015, 30.417, 33.697, 35.543, 35.626, 35.515, 36.857, 39.215, 41.575, 44.314, 47.355, 50.106, 53.129, 55.877, 56.939, 57.189, 57.867, 58.388, 58.51, 58.059, 57.527, 57.431, 57.433, 57.674, 58.108, 58.991, 60.34, 60.986], [56.521, 58.221, 60.289, 61.653, 61.16, 59.884, 59.429, 59.05, 58.332, 58.032, 57.898, 57.632, 57.745, 58.433, 59.056, 59.732, 60.58, 61.302, 61.958, 62.578, 63.121, 63.981, 64.701, 64.789, 64.424, 64.487, 64.539, 64.726, 65.105, 65.29, 65.277, 65.291, 65.533, 66.159, 67.758, 70.933, 73.844, 73.672, 71.561, 68.138, 64.888, 62.272, 58.605, 55.427, 54.428, 54.016, 53.452, 52.823, 49.67, 41.558, 30.638, 21.331, 13.524, 5.839, 0.0, 7.051, 15.17, 20.675, 24.346, 28.577, 32.41, 34.548, 34.699, 34.55, 35.939, 38.435, 41.032, 44.145, 47.449, 50.253, 53.208, 55.864, 56.779, 56.914, 57.65, 58.279, 58.51, 58.192, 57.771, 57.707, 57.685, 57.903, 58.335, 59.218, 60.575, 61.222], [55.549, 57.088, 59.04, 60.352, 59.806, 58.473, 57.965, 57.592, 56.901, 56.596, 56.431, 56.143, 56.249, 56.917, 57.522, 58.216, 59.122, 59.92, 60.669, 61.354, 61.927, 62.868, 63.718, 63.901, 63.565, 63.649, 63.732, 63.933, 64.358, 64.619, 64.641, 64.652, 64.895, 65.491, 66.993, 70.045, 72.903, 72.783, 70.755, 67.46, 64.386, 61.899, 58.264, 55.079, 54.248, 54.106, 53.696, 53.077, 49.98, 42.122, 31.661, 23.095, 16.438, 11.009, 7.051, 0.0, 8.9, 14.969, 19.255, 24.296, 28.879, 31.517, 31.854, 31.757, 33.212, 35.929, 38.85, 42.271, 45.721, 48.612, 51.613, 54.214, 54.961, 54.929, 55.672, 56.409, 56.777, 56.61, 56.261, 56.229, 56.213, 56.41, 56.826, 57.684, 59.039, 59.71], [54.324, 55.69, 57.547, 58.811, 58.218, 56.87, 56.385, 56.133, 55.593, 55.352, 55.151, 54.772, 54.837, 55.49, 56.086, 56.872, 57.941, 58.92, 59.9, 60.782, 61.443, 62.527, 63.641, 64.023, 63.739, 63.861, 63.99, 64.216, 64.696, 65.036, 65.083, 65.102, 65.402, 66.014, 67.411, 70.309, 73.131, 73.149, 71.307, 68.25, 65.451, 63.2, 59.781, 56.796, 56.22, 56.371, 56.092, 55.469, 52.609, 45.443, 35.974, 28.513, 23.034, 18.539, 15.17, 8.9, 0.0, 7.089, 13.103, 20.129, 26.353, 30.058, 30.867, 30.849, 32.241, 35.123, 38.546, 42.6, 46.364, 49.389, 52.322, 54.62, 54.966, 54.629, 55.306, 56.098, 56.538, 56.434, 56.129, 56.155, 56.18, 56.391, 56.826, 57.679, 59.024, 59.704], [54.196, 55.614, 57.513, 58.79, 58.173, 56.793, 56.277, 56.029, 55.489, 55.223, 54.972, 54.541, 54.596, 55.256, 55.834, 56.592, 57.648, 58.628, 59.637, 60.557, 61.229, 62.34, 63.581, 64.151, 63.974, 64.121, 64.268, 64.5, 65.007, 65.412, 65.5, 65.543, 65.875, 66.447, 67.663, 70.32, 73.048, 73.141, 71.39, 68.456, 65.831, 63.773, 60.572, 57.777, 57.389, 57.752, 57.566, 56.912, 54.196, 47.621, 39.048, 32.389, 27.686, 23.878, 20.675, 14.969, 7.089, 0.0, 7.555, 16.585, 24.272, 28.864, 30.086, 30.14, 31.446, 34.313, 37.931, 42.413, 46.482, 49.642, 52.474, 54.489, 54.555, 54.058, 54.755, 55.643, 56.177, 56.157, 55.924, 56.036, 56.114, 56.326, 56.752, 57.571, 58.885, 59.607], [54.597, 56.267, 58.441, 59.877, 59.287, 57.857, 57.209, 56.78, 56.057, 55.657, 55.308, 54.795, 54.748, 55.376, 55.95, 56.58, 57.438, 58.222, 59.031, 59.773, 60.313, 61.33, 62.533, 63.173, 63.093, 63.25, 63.393, 63.638, 64.131, 64.562, 64.735, 64.85, 65.201, 65.718, 66.761, 69.172, 71.786, 71.902, 70.134, 67.139, 64.501, 62.491, 59.354, 56.594, 56.284, 56.789, 56.697, 55.996, 53.246, 47.035, 39.359, 33.626, 29.77, 27.015, 24.346, 19.255, 13.103, 7.555, 0.0, 10.647, 19.962, 25.414, 27.061, 27.372, 28.76, 31.626, 35.249, 39.895, 44.141, 47.451, 50.247, 52.068, 52.054, 51.578, 52.265, 53.161, 53.742, 53.769, 53.576, 53.791, 53.971, 54.221, 54.64, 55.386, 56.612, 57.396], [55.287, 57.089, 59.452, 61.008, 60.369, 58.674, 57.533, 56.541, 55.352, 54.694, 54.214, 53.641, 53.471, 54.041, 54.609, 54.968, 55.402, 55.782, 56.198, 56.601, 56.916, 57.759, 58.835, 59.505, 59.521, 59.672, 59.796, 60.06