[[0.0, 9.152, 16.766, 24.191, 28.522, 30.301, 32.414, 35.035, 36.967, 39.23, 42.68, 48.373, 51.13, 51.078, 50.892, 51.214, 51.848, 52.056, 52.081, 51.939, 52.313, 52.709, 53.025, 53.175, 53.3, 54.401, 57.632, 61.864, 63.852, 64.394, 65.711, 65.453, 65.461, 66.824, 67.847, 68.694, 70.492, 72.297, 72.015, 70.384, 69.429, 67.433, 64.474, 61.979, 60.187, 59.138, 58.05, 57.449, 57.583, 57.869, 58.701, 59.356, 60.84, 62.904, 65.213, 68.942, 71.633, 72.508, 72.993, 72.305, 70.711, 68.776, 67.819, 67.667, 67.113, 67.623, 67.954, 67.348, 67.828, 68.143, 68.362, 69.229, 69.836, 67.609, 65.313, 65.841, 66.725, 68.295, 68.773, 67.948, 66.615, 66.376, 65.43, 64.23, 64.602, 65.088], [9.152, 0.0, 9.594, 19.013, 24.605, 27.462, 30.45, 33.649, 36.294, 39.163, 42.68, 48.239, 50.89, 50.684, 50.326, 50.612, 51.342, 51.566, 51.616, 51.521, 52.003, 52.504, 52.792, 52.917, 52.928, 53.983, 57.318, 61.654, 63.617, 64.165, 65.613, 65.355, 65.261, 66.643, 67.813, 68.938, 71.049, 73.047, 72.849, 71.253, 70.267, 68.222, 65.202, 62.684, 60.936, 59.938, 58.943, 58.47, 58.75, 59.11, 60.09, 60.953, 62.434, 64.36, 66.554, 70.15, 72.744, 73.587, 74.004, 73.203, 71.547, 69.597, 68.666, 68.532, 67.987, 68.466, 68.788, 68.162, 68.581, 68.886, 69.131, 70.005, 70.627, 68.441, 66.179, 66.659, 67.527, 69.07, 69.562, 68.73, 67.298, 66.841, 65.972, 64.969, 65.322, 65.842], [16.766, 9.594, 0.0, 11.094, 18.805, 23.487, 27.733, 31.693, 35.022, 38.637, 42.408, 48.22, 51.087, 50.858, 50.394, 50.709, 51.708, 52.014, 51.944, 51.827, 52.429, 52.978, 53.268, 53.25, 52.88, 53.8, 57.225, 61.576, 63.352, 63.824, 65.387, 65.124, 64.934, 66.338, 67.582, 68.934, 71.484, 73.875, 73.815, 72.161, 71.079, 69.068, 66.074, 63.434, 61.6, 60.611, 59.715, 59.426, 59.795, 60.114, 61.106, 62.157, 63.909, 66.11, 68.551, 72.246, 74.772, 75.579, 75.966, 75.195, 73.617, 71.757, 70.933, 70.791, 70.231, 70.677, 70.937, 70.271, 70.643, 70.909, 71.166, 72.075, 72.735, 70.514, 68.025, 68.31, 69.11, 70.633, 71.166, 70.365, 68.818, 68.044, 66.853, 65.71, 66.019, 66.497], [24.191, 19.013, 11.094, 0.0, 10.023, 17.287, 23.292, 28.362, 32.533, 37.094, 41.298, 47.471, 50.871, 50.949, 50.708, 51.271, 52.578, 52.837, 52.556, 52.4, 53.051, 53.433, 53.687, 53.418, 52.434, 53.012, 56.403, 60.672, 62.192, 62.576, 64.3, 64.138, 63.876, 65.292, 66.571, 67.999, 70.904, 73.868, 74.177, 72.53, 71.359, 69.383, 66.381, 63.509, 61.439, 60.472, 59.645, 59.526, 59.959, 60.164, 61.161, 62.503, 64.753, 67.479, 70.486, 74.609, 77.147, 77.901, 78.256, 77.528, 76.084, 74.386, 73.747, 73.594, 73.037, 73.449, 73.621, 72.949, 73.279, 73.481, 73.753, 74.7, 75.473, 73.163, 70.175, 70.117, 70.812, 72.334, 72.976, 72.287, 70.88, 70.042, 68.364, 66.818, 67.011, 67.374], [28.522, 24.605, 18.805, 10.023, 0.0, 9.286, 17.222, 23.416, 28.186, 33.308, 37.758, 44.229, 48.086, 48.597, 49.008, 50.118, 51.705, 51.844, 51.405, 51.233, 51.878, 52.085, 52.296, 51.866, 50.485, 50.525, 53.425, 57.357, 58.709, 59.103, 60.954, 60.927, 60.674, 62.087, 63.361, 64.741, 67.734, 71.057, 71.814, 70.374, 69.196, 67.209, 64.157, 61.171, 58.986, 58.036, 57.219, 57.19, 57.647, 57.719, 58.766, 60.45, 63.115, 66.16, 69.604, 74.228, 76.871, 77.575, 77.897, 77.159, 75.89, 74.502, 74.072, 73.88, 73.311, 73.671, 73.828, 73.241, 73.547, 73.701, 74.031, 74.906, 75.741, 73.43, 70.095, 69.711, 70.265, 71.758, 72.496, 71.918, 70.791, 70.345, 68.729, 67.022, 67.106, 67.534], [30.301, 27.462, 23.487, 17.287, 9.286, 0.0, 9.418, 16.713, 22.42, 28.29, 32.937, 40.144, 44.398, 45.152, 46.181, 47.817, 49.574, 49.656, 49.175, 48.965, 49.518, 49.572, 49.756, 49.435, 48.073, 47.496, 49.399, 52.68, 53.97, 54.418, 56.255, 56.277, 56.127, 57.519, 58.717, 59.957, 62.93, 66.341, 67.382, 66.374, 65.442, 63.548, 60.38, 57.276, 55.138, 54.033, 53.106, 53.07, 53.46, 53.404, 54.529, 56.431, 59.256, 62.329, 65.95, 71.02, 73.909, 74.601, 74.867, 74.094, 72.999, 71.971, 71.787, 71.579, 70.986, 71.387, 71.633, 71.12, 71.369, 71.511, 71.91, 72.61, 73.356, 71.096, 67.647, 67.052, 67.509, 68.992, 69.773, 69.292, 68.475, 68.373, 67.016, 65.413, 65.458, 66.01], [32.414, 30.45, 27.733, 23.292, 17.222, 9.418, 0.0, 8.323, 15.832, 22.73, 27.49, 35.188, 39.737, 40.676, 42.066, 44.11, 46.091, 46.209, 45.737, 45.45, 45.875, 45.798, 45.956, 45.83, 44.725, 43.812, 44.885, 47.728, 49.13, 49.603, 51.352, 51.374, 51.348, 52.726, 53.819, 54.95, 57.982, 61.447, 62.581, 61.948, 61.54, 59.874, 56.529, 53.281, 51.161, 50.011, 48.997, 48.832, 49.113, 48.903, 50.057, 51.999, 54.765, 57.709, 61.362, 66.754, 69.898, 70.606, 70.843, 70.107, 69.177, 68.393, 68.382, 68.196, 67.629, 68.099, 68.457, 68.037, 68.268, 68.409, 68.829, 69.328, 69.924, 67.703, 64.263, 63.553, 63.988, 65.52, 66.369, 66.003, 65.376, 65.523, 64.46, 63.105, 63.169, 63.827], [35.035, 33.649, 31.693, 28.362, 23.416, 16.713, 8.323, 0.0, 9.425, 17.555, 22.458, 30.861, 35.667, 36.735, 38.332, 40.461, 42.543, 42.772, 42.444, 42.116, 42.378, 42.21, 42.366, 42.334, 41.438, 40.415, 41.018, 43.631, 45.215, 45.714, 47.412, 47.46, 47.515, 48.881, 49.956, 51.076, 54.167, 57.584, 58.717, 58.266, 58.212, 56.891, 53.632, 50.376, 48.325, 47.148, 46.109, 45.838, 46.063, 45.856, 47.056, 48.915, 51.518, 54.335, 57.967, 63.49, 66.736, 67.424, 67.662, 66.995, 66.194, 65.616, 65.714, 65.524, 64.967, 65.453, 65.871, 65.578, 65.848, 65.986, 66.403, 66.716, 67.179, 65.005, 61.567, 60.759, 61.151, 62.672, 63.535, 63.264, 62.791, 63.215, 62.451, 61.362, 61.495, 62.302], [36.967, 36.294, 35.022, 32.533, 28.186, 22.42, 15.832, 9.425, 0.0, 9.341, 15.35, 25.394, 30.932, 32.195, 34.109, 35.989, 37.921, 38.301, 38.122, 37.904, 38.145, 37.9, 38.057, 37.96, 37.152, 36.282, 37.049, 39.858, 41.741, 42.3, 43.889, 43.962, 44.057, 45.345, 46.412, 47.6, 50.611, 53.816, 54.898, 54.413, 54.369, 53.218, 50.612, 47.869, 45.845, 44.677, 43.46, 43.07, 43.261, 43.32, 44.726, 46.435, 48.956, 51.769, 55.41, 61.016, 64.255, 64.875, 65.093, 64.405, 63.557, 62.993, 63.033, 62.732, 62.263, 62.714, 63.085, 63.054, 63.56, 63.722, 64.123, 64.368, 64.846, 62.594, 58.924, 58.023, 58.327, 59.742, 60.593, 60.461, 60.18, 61.105, 60.27, 58.985, 59.129, 60.028], [39.23, 39.163, 38.637, 37.094, 33.308, 28.29, 22.73, 17.555, 9.341, 0.0, 7.762, 19.267, 25.429, 27.082, 29.525, 31.876, 33.95, 34.437, 34.335, 34.068, 34.275, 34.034, 34.176, 34.084, 33.516, 32.846, 33.984, 37.489, 39.992, 40.695, 42.148, 42.263, 42.447, 43.632, 44.559, 45.812, 48.754, 51.738, 52.782, 52.286, 52.31, 50.966, 48.651, 46.523, 44.589, 43.742, 42.474, 41.798, 41.953, 42.148, 43.71, 45.254, 47.475, 50.032, 53.519, 59.162, 62.435, 62.999, 63.171, 62.415, 61.512, 60.867, 60.745, 60.316, 59.928, 60.384, 60.778, 61.034, 61.81, 62.053, 62.445, 62.66, 63.132, 60.889, 57.349, 56.522, 56.768, 58.092, 58.945, 58.929, 58.647, 60.087, 59.526, 58.201, 58.323, 59.249], [42.68, 42.68, 42.408, 41.298, 37.758, 32.937, 27.49, 22.458, 15.35, 7.762, 0.0, 13.225, 20.129, 22.242, 25.548, 28.984, 31.495, 31.979, 31.999, 31.694, 31.893, 31.748, 31.869, 31.895, 31.643, 30.936, 31.866, 35.805, 38.999, 40.051, 41.612, 41.781, 42.048, 43.243, 44.107, 45.399, 48.387, 51.365, 52.51, 52.193, 52.328, 50.825, 48.427, 46.504, 44.839, 44.308, 43.095, 42.358, 42.516, 42.636, 44.18, 45.684, 47.525, 49.539, 52.599, 58.192, 61.567, 62.093, 62.248, 61.473, 60.622, 60.102, 59.927, 59.455, 59.068, 59.502, 59.996, 60.367, 61.163, 61.454, 61.891, 62.005, 62.372, 60.325, 57.294, 56.577, 56.723, 58.006, 58.958, 59.032, 58.639, 60.229, 60.335, 59.578, 59.757, 60.708], [48.373, 48.239, 48.22, 47.471, 44.229, 40.144, 35.188, 30.861, 25.394, 19.267, 13.225, 0.0, 8.767, 12.606, 17.422, 23.27, 26.957, 27.269, 27.353, 27.119, 27.432, 27.591, 27.649, 27.604, 27.948, 27.833, 29.331, 34.442, 38.763, 40.324, 42.006, 42.236, 42.558, 43.881, 44.665, 45.968, 48.831, 51.841, 53.115, 52.758, 53.044, 51.118, 48.707, 47.395, 46.038, 46.872, 46.09, 45.363, 45.702, 45.638, 46.949, 48.404, 49.712, 50.793, 52.94, 58.0, 61.226, 61.696, 61.82, 61.051, 60.272, 59.785, 59.331, 58.831, 58.64, 58.911, 59.514, 60.028, 60.907, 61.243, 61.652, 61.6, 61.836, 59.997, 57.636, 57.178, 57.273, 58.6, 59.89, 60.027, 59.383, 61.272, 62.306, 62.322, 62.562, 63.544], [51.13, 50.89, 51.087, 50.871, 48.086, 44.398, 39.737, 35.667, 30.932, 25.429, 20.129, 8.767, 0.0, 5.912, 12.507, 20.377, 24.855, 25.089, 25.356, 25.104, 25.246, 25.615, 25.722, 25.658, 26.42, 26.581, 28.225, 33.969, 38.928, 40.723, 42.52, 42.809, 43.216, 44.643, 45.404, 46.734, 49.595, 52.468, 53.617, 53.252, 53.688, 51.632, 49.009, 47.899, 46.795, 48.346, 48.101, 47.257, 47.583, 47.46, 48.637, 49.99, 50.837, 51.306, 52.825, 57.395, 60.446, 60.9, 61.016, 60.263, 59.652, 59.302, 58.769, 58.24, 57.996, 58.222, 58.96, 59.487, 60.329, 60.719, 61.125, 60.884, 60.885, 59.169, 57.353, 57.24, 57.469, 58.87, 60.22, 60.255, 59.422, 61.62, 63.56, 64.156, 64.485, 65.642], [51.078, 50.684, 50.858, 50.949, 48.597, 45.152, 40.676, 36.735, 32.195, 27.082, 22.242, 12.606, 5.912, 0.0, 8.469, 17.832, 22.817, 23.043, 23.47, 23.421, 23.609, 24.071, 24.224, 24.248, 25.227, 25.587, 27.435, 33.489, 38.641, 40.534, 42.464, 42.757, 43.155, 44.613, 45.412, 46.793, 49.662, 52.429, 53.391, 52.982, 53.431, 51.388, 48.851, 47.857, 46.943, 48.61, 48.474, 47.7, 47.983, 47.887, 49.111, 50.502, 51.237, 51.51, 52.802, 57.116, 60.074, 60.537, 60.653, 59.882, 59.294, 58.997, 58.486, 57.932, 57.624, 57.909, 58.69, 59.178, 59.953, 60.363, 60.843, 60.582, 60.476, 58.755, 57.155, 57.284, 57.644, 59.071, 60.333, 60.274, 59.347, 61.533, 63.731, 64.471, 64.83, 66.063], [50.892, 50.326, 50.394, 50.708, 49.008, 46.181, 42.066, 38.332, 34.109, 29.525, 25.548, 17.422, 12.507, 8.469, 0.0, 11.676, 17.97, 18.421, 19.18, 19.42, 19.933, 20.837, 21.042, 21.081, 22.599, 24.172, 27.566, 34.401, 39.475, 41.292, 43.387, 43.584, 43.805, 45.382, 46.358, 47.803, 50.611, 53.26, 53.887, 53.122, 53.475, 51.449, 48.924, 47.953, 47.073, 49.089, 49.171, 48.46, 49.068, 49.488, 50.992, 52.433, 53.156, 53.424, 54.474, 58.25, 60.963, 61.448, 61.498, 60.584, 59.711, 59.048, 58.419, 57.878, 57.559, 57.948, 58.77, 59.251, 60.055, 60.516, 60.981, 60.787, 60.71, 58.949, 57.451, 57.833, 58.398, 59.889, 61.027, 60.936, 60.056, 62.177, 64.332, 64.942, 65.212, 66.416], [51.214, 50.612, 50.709, 51.271, 50.118, 47.817, 44.11, 40.461, 35.989, 31.876, 28.984, 23.27, 20.377, 17.832, 11.676, 0.0, 7.657, 9.38, 11.024, 12.652, 14.298, 15.919, 16.272, 16.301, 18.991, 22.609, 27.801, 34.561, 38.917, 40.493, 42.543, 42.52, 42.405, 43.986, 45.259, 46.806, 49.424, 51.905, 52.184, 50.93, 50.978, 49.11, 47.024, 46.249, 45.36, 47.32, 47.595, 47.207, 48.254, 50.009, 52.173, 53.503, 54.365, 54.792, 55.444, 58.342, 60.656, 61.15, 61.197, 60.159, 58.752, 57.717, 57.103, 56.522, 56.318, 56.78, 57.39, 57.882, 58.846, 59.277, 59.597, 59.393, 59.514, 57.65, 55.781, 56.186, 56.898, 58.396, 59.34, 59.28, 58.621, 60.739, 62.381, 62.563, 62.743, 63.939], [51.848, 51.342, 51.708, 52.578, 51.705, 49.574, 46.091, 42.543, 37.921, 33.95, 31.495, 26.957, 24.855, 22.817, 17.97, 7.657, 0.0, 4.395, 7.664, 10.284, 12.411, 14.138, 14.502, 14.924, 18.617, 23.051, 28.717, 35.335, 39.434, 40.909, 42.805, 42.691, 42.391, 43.789, 45.115, 46.675, 49.123, 51.389, 51.519, 50.146, 50.056, 48.223, 46.39, 45.82, 44.991, 46.768, 46.993, 46.731, 47.901, 50.391, 53.036, 54.232, 55.024, 55.43, 55.816, 58.222, 60.326, 60.805, 60.848, 59.723, 57.992, 56.717, 56.106, 55.492, 55.356, 55.899, 56.358, 56.885, 58.027, 58.466, 58.705, 58.527, 58.744, 56.836, 54.825, 55.289, 56.071, 57.535, 58.315, 58.259, 57.728, 59.844, 61.118, 61.042, 61.205, 62.351], [52.056, 51.566, 52.014, 52.837, 51.844, 49.656, 46.209, 42.772, 38.301, 34.437, 31.979, 27.269, 25.089, 23.043, 18.421, 9.38, 4.395, 0.0, 4.896, 8.608, 11.321, 13.123, 13.427, 13.882, 17.879, 22.475, 28.209, 34.908, 39.084, 40.757, 42.845, 42.755, 42.383, 43.818, 45.19, 46.693, 49.035, 51.34, 51.538, 50.18, 50.063, 48.19, 46.379, 45.858, 45.033, 46.84, 47.04, 46.781, 47.937, 50.393, 53.133, 54.556, 55.515, 55.93, 56.271, 58.643, 60.74, 61.215, 61.23, 60.047, 58.28, 57.024, 56.432, 55.819, 55.678, 56.22, 56.68, 57.203, 58.331, 58.774, 59.078, 58.96, 59.226, 57.312, 55.283, 55.749, 56.513, 57.96, 58.744, 58.694, 58.2, 60.315, 61.564, 61.493, 61.638, 62.743], [52.081, 51.616, 51.944, 52.556, 51.405, 49.175, 45.737, 42.444, 38.122, 34.335, 31.999, 27.353, 25.356, 23.47, 19.18, 11.024, 7.664, 4.896, 0.0, 5.297, 9.292, 11.461, 11.8, 12.305, 16.455, 21.267, 27.229, 34.015, 38.152, 39.927, 42.187, 42.082, 41.646, 43.162, 44.572, 46.113, 48.515, 50.964, 51.204, 49.793, 49.649, 47.694, 45.844, 45.308, 44.351, 46.164, 46.362, 46.183, 47.367, 49.843, 52.623, 54.22, 55.52, 56.17, 56.615, 59.058, 61.189, 61.663, 61.679, 60.515, 58.799, 57.614, 57.101, 56.486, 56.357, 56.915, 57.299, 57.767, 58.922, 59.344, 59.643, 59.565, 59.896, 57.936, 55.778, 56.184, 56.915, 58.355, 59.17, 59.166, 58.691, 60.803, 61.833, 61.533, 61.639, 62.714], [51.939, 51.521, 51.827, 52.4, 51.233, 48.965, 45.45, 42.116, 37.904, 34.068, 31.694, 27.119, 25.104, 23.421, 19.42, 12.652, 10.284, 8.608, 5.297, 0.0, 5.051, 8.146, 8.713, 9.643, 14.652, 19.941, 26.241, 33.527, 37.988, 39.829, 42.141, 42.06, 41.667, 43.24, 44.646, 46.274, 48.912, 51.465, 51.749, 50.402, 50.285, 48.203, 45.969, 45.175, 44.122, 45.931, 46.121, 45.806, 47.002, 49.386, 52.15, 53.698, 54.956, 55.78, 56.491, 59.154, 61.347, 61.811, 61.861, 60.718, 59.052, 57.832, 57.274, 56.691, 56.526, 57.116, 57.51, 57.921, 59.09, 59.537, 59.807, 59.781, 60.089, 58.158, 56.132, 56.551, 57.238, 58.657, 59.444, 59.425, 58.895, 61.077, 62.165, 61.817, 61.931, 62.975], [52.313, 52.003, 52.429, 53.051, 51.878, 49.518, 45.875, 42.378, 38.145, 34.275, 31.893, 27.432, 25.246, 23.609, 19.933, 14.298, 12.411, 11.321, 9.292, 5.051, 0.0, 4.224, 5.348, 6.897, 12.847, 18.445, 24.923, 32.622, 37.436, 39.305, 41.578, 41.549, 41.233, 42.804, 44.185, 45.857, 48.643, 51.195, 51.474, 50.203, 50.146, 47.958, 45.366, 44.371, 43.339, 45.237, 45.487, 45.06, 46.258, 48.519, 51.216, 52.652, 53.693, 54.574, 55.63, 58.546, 60.739, 61.175, 61.26, 60.168, 58.567, 57.333, 56.741, 56.186, 56.005, 56.596, 57.022, 57.406, 58.552, 59.001, 59.233, 59.154, 59.376, 57.471, 55.545, 56.021, 56.726, 58.135, 58.883, 58.846, 58.331, 60.684, 61.96, 61.695, 61.863, 62.935], [52.709, 52.504, 52.978, 53.433, 52.085, 49.572, 45.798, 42.21, 37.9, 34.034, 31.748, 27.591, 25.615, 24.071, 20.837, 15.919, 14.138, 13.123, 11.461, 8.146, 4.224, 0.0, 1.985, 4.943, 11.126, 16.55, 23.114, 31.029, 36.0, 37.869, 40.085, 40.101, 39.825, 41.354, 42.718, 44.405, 47.273, 49.894, 50.23, 49.015, 49.036, 46.841, 44.148, 43.11, 42.1, 44.033, 44.281, 43.898, 45.099, 47.341, 50.06, 51.476, 52.491, 53.463, 54.874, 58.138, 60.405, 60.83, 60.912, 59.827, 58.234, 56.981, 56.432, 55.915, 55.763, 56.359, 56.765, 57.137, 58.27, 58.684, 58.875, 58.784, 59.041, 57.111, 55.033, 55.462, 56.175, 57.581, 58.316, 58.285, 57.828, 60.236, 61.417, 61.053, 61.215, 62.282], [53.025, 52.792, 53.268, 53.687, 52.296, 49.756, 45.956, 42.366, 38.057, 34.176, 31.869, 27.649, 25.722, 24.224, 21.042, 16.272, 14.502, 13.427, 11.8, 8.713, 5.348, 1.985, 0.0, 4.788, 11.147, 16.429, 22.953, 30.906, 35.915, 37.792, 39.975, 39.983, 39.735, 41.246, 42.581, 44.282, 47.161, 49.79, 50.15, 48.958, 49.016, 46.836, 44.182, 43.206, 42.214, 44.175, 44.399, 44.026, 45.237, 47.478, 50.21, 51.626, 52.632, 53.548, 54.924, 58.217, 60.527, 60.962, 61.021, 59.924, 58.325, 57.046, 56.491, 55.976, 55.844, 56.44, 56.849, 57.241, 58.385, 58.788, 58.966, 58.879, 59.149, 57.225, 55.146, 55.579, 56.296, 57.692, 58.43, 58.404, 57.943, 60.343, 61.503, 61.122, 61.277, 62.334], [53.175, 52.917, 53.25, 53.418, 51.866, 49.435, 45.83, 42.334, 37.96, 34.084, 31.895, 27.604, 25.658, 24.248, 21.081, 16.301, 14.924, 13.882, 12.305, 9.643, 6.897, 4.943, 4.788, 0.0, 7.46, 14.183, 21.744, 29.913, 34.807, 36.743, 39.159, 39.215, 38.867, 40.5, 41.971, 43.73, 46.626, 49.394, 49.786, 48.427, 48.308, 46.105, 43.594, 42.635, 41.515, 43.572, 43.916, 43.585, 44.821, 47.054, 49.8, 51.362, 52.594, 53.839, 55.542, 58.914, 61.084, 61.536, 61.639, 60.557, 58.938, 57.658, 57.087, 56.51, 56.405, 56.935, 57.286, 57.743, 58.914, 59.274, 59.45, 59.423, 59.789, 57.816, 55.482, 55.708, 56.314, 57.656, 58.422, 58.406, 57.933, 60.399, 61.447, 60.959, 61.083, 62.138], [53.3, 52.928, 52.88, 52.434, 50.485, 48.073, 44.725, 41.438, 37.152, 33.516, 31.643, 27.948, 26.42, 25.227, 22.599, 18.991, 18.617, 17.879, 16.455, 14.652, 12.847, 11.126, 11.147, 7.46, 0.0, 8.54, 18.267, 27.483, 32.457, 34.399, 37.156, 37.392, 37.012, 38.868, 40.595, 42.468, 45.57, 48.654, 49.215, 47.802, 47.522, 45.285, 42.68, 41.48, 40.197, 42.227, 42.673, 42.441, 43.708, 45.803, 48.519, 50.295, 51.884, 53.708, 56.251, 60.219, 62.361, 62.791, 62.973, 61.931, 60.365, 59.069, 58.57, 58.023, 57.913, 58.407, 58.711, 59.133, 60.227, 60.494, 60.64, 60.7, 61.175, 59.16, 56.446, 56.374, 56.878, 58.224, 59.066, 59.068, 58.668, 61.078, 61.845, 61.137, 61.205, 62.24], [54.401, 53.983, 53.8, 53.012, 50.525, 47.496, 43.812, 40.415, 36.282, 32.846, 30.936, 27.833, 26.581, 25.587, 24.172, 22.609, 23.051, 22.475, 21.267, 19.941, 18.445, 16.55, 16.429, 14.183, 8.54, 0.0, 11.225, 22.033, 27.822, 29.846, 32.699, 33.16, 33.027, 35.027, 36.829, 38.704, 42.025, 45.319, 46.197, 45.238, 45.209, 42.976, 40.01, 38.654, 37.551, 39.535, 40.019, 39.821, 41.004, 42.758, 45.428, 47.366, 49.045, 51.023, 54.171, 58.917, 61.361, 61.774, 61.929, 60.947, 59.707, 58.716, 58.429, 57.921, 57.755, 58.276, 58.653, 59.02, 59.934, 60.141, 60.341, 60.344, 60.766, 58.846, 56.109, 55.836, 56.254, 57.596, 58.519, 58.536, 58.272, 60.738, 61.595, 60.994, 61.051, 62.163], [57.632, 57.318, 57.225, 56.403, 53.425, 49.399, 44.885, 41.018, 37.049, 33.984, 31.866, 29.331, 28.225, 27.435, 27.566, 27.801, 28.717, 28.209, 27.229, 26.241, 24.923, 23.114, 22.953, 21.744, 18.267, 11.225, 0.0, 12.564, 19.96, 22.491, 25.515, 26.144, 26.444, 28.7, 30.514, 32.211, 35.642, 39.072, 40.392, 40.288, 40.777, 38.762, 35.586, 34.339, 33.794, 35.745, 36.349, 36.268, 37.211, 38.388, 40.934, 43.07, 44.777, 46.618, 50.046, 55.438, 58.253, 58.652, 58.697, 57.853, 57.385, 57.45, 57.691, 57.13, 56.844, 57.373, 57.855, 58.223, 58.9, 59.038, 59.388, 59.078, 59.244, 57.516, 54.869, 54.25, 54.388, 55.59, 56.568, 56.609, 56.567, 59.285, 60.602, 60.453, 60.554, 61.892], [61.864, 61.654, 61.576, 60.672, 57.357, 52.68, 47.728, 43.631, 39.858, 37.489, 35.805, 34.442, 33.969, 33.489, 34.401, 34.561, 35.335, 34.908, 34.015, 33.527, 32.622, 31.029, 30.906, 29.913, 27.483, 22.033, 12.564, 0.0, 8.94, 12.818, 16.437, 17.131, 17.588, 20.175, 22.304, 23.833, 27.188, 30.981, 32.832, 33.291, 33.906, 32.499, 30.035, 29.504, 29.796, 31.491, 32.453, 33.266, 34.235, 35.355, 37.906, 40.368, 42.62, 44.635, 48.102, 53.45, 56.19, 56.555, 56.402, 55.538, 55.585, 56.999, 58.022, 57.338, 57.028, 57.428, 57.757, 58.168, 58.699, 58.658, 59.12, 58.483, 58.619, 57.056, 53.993, 52.707, 52.349, 53.135, 54.024, 54.087, 54.418, 57.369, 58.809, 58.887, 58.953, 60.605], [63.852, 63.617, 63.352, 62.192, 58.709, 53.97, 49.13, 45.215, 41.741, 39.992, 38.999, 38.763, 38.928, 38.641, 39.475, 38.917, 39.434, 39.084, 38.152, 37.988, 37.436, 36.0, 35.915, 34.807, 32.457, 27.822, 19.96, 8.94, 0.0, 5.721, 10.961, 11.634, 11.838, 14.796, 17.407, 18.885, 22.284, 26.628, 28.706, 29.079, 29.428, 28.615, 27.023, 26.971, 27.59, 29.036, 30.576, 32.37, 33.546, 35.013, 37.696, 40.381, 43.299, 45.807, 49.383, 54.368, 56.755, 57.102, 56.845, 55.912, 55.871, 57.661, 59.214, 58.507, 58.165, 58.492, 58.62, 59.075, 59.629, 59.452, 59.892, 59.279, 59.669, 58.094, 54.37, 52.508, 51.869, 52.37, 53.081, 53.145, 53.733, 56.652, 57.726, 57.554, 57.493, 59.336], [64.394, 64.165, 63.824, 62.576, 59.103, 54.418, 49.603, 45.714, 42.3, 40.695, 40.051, 40.324, 40.723, 40.534, 41.292, 40.493, 40.909, 40.757, 39.927, 39.829, 39.305, 37.869, 37.792, 36.743, 34.399, 29.846, 22.491, 12.818, 5.721, 0.0, 6.441, 7.889, 8.614, 11.542, 14.195, 15.658, 19.505, 24.198, 26.309, 26.738, 27.36, 26.851, 25.324, 25.255, 25.923, 27.479, 29.415, 31.49, 32.725, 34.313, 36.986, 39.5, 42.465, 45.161, 48.915, 53.894, 56.227, 56.598, 56.316, 55.415, 55.33, 57.055, 58.781, 58.151, 57.802, 58.128, 58.208, 58.704, 59.32, 59.118, 59.476, 58.886, 59.368, 57.76, 53.742, 51.658, 51.001, 51.462, 52.096, 52.141, 52.768, 55.701, 56.634, 56.296, 56.177, 58.131], [65.711, 65.613, 65.387, 64.3, 60.954, 56.255, 51.352, 47.412, 43.889, 42.148, 41.612, 42.006, 42.52, 42.464, 43.387, 42.543, 42.805, 42.845, 42.187, 42.141, 41.578, 40.085, 39.975, 39.159, 37.156, 32.699, 25.515, 16.437, 10.961, 6.441, 0.0, 3.85, 6.656, 8.476, 10.389, 11.643, 15.861, 20.772, 23.134, 23.936, 25.088, 24.844, 23.617, 24.088, 25.065, 26.657, 28.544, 30.792, 32.002, 33.576, 36.087, 38.234, 40.96, 43.518, 47.286, 52.35, 54.779, 55.187, 54.862, 54.013, 53.966, 55.736, 57.493, 56.906, 56.675, 56.976, 57.022, 57.573, 58.252, 58.049, 58.372, 57.768, 58.314, 56.768, 52.678, 50.431, 49.68, 50.044, 50.644, 50.677, 51.298, 54.31, 55.191, 54.838, 54.718, 56.76], [65.453, 65.355, 65.124, 64.138, 60.927, 56.277, 51.374, 47.46, 43.962, 42.263, 41.781, 42.236, 42.809, 42.757, 43.584, 42.52, 42.691, 42.755, 42.082, 42.06, 41.549, 40.101, 39.983, 39.215, 37.392, 33.16, 26.144, 17.131, 11.634, 7.889, 3.85, 0.0, 4.435, 7.306, 9.478, 10.916, 15.259, 20.119, 22.246, 22.895, 24.096, 23.946, 22.904, 23.574, 24.59, 26.146, 28.021, 30.417, 31.724, 33.432, 35.997, 38.144, 40.915, 43.474, 47.126, 52.081, 54.494, 54.915, 54.577, 53.77, 53.71, 55.423, 57.147, 56.538, 56.34, 56.646, 56.702, 57.294, 58.013, 57.8, 58.113, 57.51, 58.073, 56.53, 52.418, 50.152, 49.36, 49.676, 50.274, 50.321, 50.945, 53.942, 54.712, 54.306, 54.186, 56.254], [65.461, 65.261, 64.934, 63.876, 60.674, 56.127, 51.348, 47.515, 44.057, 42.447, 42.048, 42.558, 43.216, 43.155, 43.805, 42.405, 42.391, 42.383, 41.646, 41.667, 41.233, 39.825, 39.735, 38.867, 37.012, 33.027, 26.444, 17.588, 11.838, 8.614, 6.656, 4.435, 0.0, 5.053, 8.864, 11.034, 15.629, 20.63, 22.559, 22.7, 23.592, 23.441, 22.521, 23.24, 24.249, 25.805, 27.756, 30.339, 31.88, 33.961, 36.809, 39.121, 42.065, 44.855, 48.596, 53.372, 55.661, 56.091, 55.742, 54.862, 54.601, 56.173, 57.844, 57.22, 57.083, 57.401, 57.439, 58.061, 58.82, 58.578, 58.865, 58.316, 58.945, 57.38, 53.199, 50.969, 50.213, 50.482, 51.044, 51.09, 51.686, 54.595, 55.154, 54.613, 54.475, 56.53], [66.824, 66.643, 66.338, 65.292, 62.087, 57.519, 52.726, 48.881, 45.345, 43.632, 43.243, 43.881, 44.643, 44.613, 45.382, 43.986, 43.789, 43.818, 43.162, 43.24, 42.804, 41.354, 41.246, 40.5, 38.868, 35.027, 28.7, 20.175, 14.796, 11.542, 8.476, 7.306, 5.053, 0.0, 4.901, 8.223, 13.72, 19.019, 21.178, 21.502, 22.479, 22.518, 22.03, 23.251, 24.511, 25.974, 27.842, 30.522, 32.066, 34.284, 37.236, 39.41, 42.246, 45.007, 48.807, 53.566, 55.822, 56.239, 55.835, 54.9, 54.576, 56.208, 57.936, 57.232, 57.101, 57.442, 57.449, 58.209, 59.116, 58.869, 59.138, 58.619, 59.299, 57.749, 53.513, 51.226, 50.434, 50.569, 50.995, 51.02, 51.585, 54.554, 55.085, 54.501, 54.368, 56.491], [67.847, 67.813, 67.582, 66.571, 63.361, 58.717, 53.819, 49.956, 46.412, 44.559, 44.107, 44.665, 45.404, 45.412, 46.358, 45.259, 45.115, 45.19, 44.572, 44.646, 44.185, 42.718, 42.581, 41.971, 40.595, 36.829, 30.514, 22.304, 17.407, 14.195, 10.389, 9.478, 8.864, 4.901, 0.0, 4.921, 11.602, 17.164, 19.614, 20.446, 21.784, 21.869, 21.652, 23.388, 24.822, 26.433, 28.246, 30.889, 32.295, 34.252, 37.044, 39.041, 41.725, 44.289, 47.983, 52.805, 55.104, 55.488, 55.011, 54.109, 53.923, 55.667, 57.438, 56.611, 56.397, 56.767, 56.791, 57.712, 58.833, 58.66, 58.935, 58.422, 59.113, 57.577, 53.329, 50.97, 50.106, 50.153, 50.54, 50.559, 51.04, 54.077, 54.714, 54.172, 54.045, 56.222], [68.694, 68.938, 68.934, 67.999, 64.741, 59.957, 54.95, 51.076, 47.6, 45.812, 45.399, 45.968, 46.734, 46.793, 47.803, 46.806, 46.675, 46.693, 46.113, 46.274, 45.857, 44.405, 44.282, 43.73, 42.468, 38.704, 32.211, 23.833, 18.885, 15.658, 11.643, 10.916, 11.034, 8.223, 4.921, 0.0, 7.477, 13.754, 16.838, 18.334, 20.125, 20.558, 20.69, 22.716, 24.316, 26.003, 27.907, 30.692, 32.032, 33.806, 36.44, 38.438, 41.186, 43.648, 47.184, 52.021, 54.393, 54.781, 54.25, 53.404, 53.388, 55.333, 57.201, 56.355, 56.077, 56.457, 56.515, 57.474, 58.629, 58.559, 58.928, 58.395, 59.108, 57.568, 53.209, 50.757, 49.863, 49.901, 50.315, 50.366, 50.983, 54.043, 54.591, 53.987, 53.828, 56.017], [70.492, 71.049, 71.484, 70.904, 67.734, 62.93, 57.982, 54.167, 50.611, 48.754, 48.387, 48.831, 49.595, 49.662, 50.611, 49.424, 49.123, 49.035, 48.515, 48.912, 48.643, 47.273, 47.161, 46.626, 45.57, 42.025, 35.642, 27.188, 22.284, 19.505, 15.861, 15.259, 15.629, 13.72, 11.602, 7.477, 0.0, 7.478, 11.88, 14.396, 16.745, 18.086, 19.973, 23.257, 25.248, 26.962, 28.839, 31.846, 33.137, 34.901, 37.348, 39.332, 42.149, 44.338, 47.379, 51.929, 54.278, 54.681, 54.121, 53.34, 53.422, 55.624, 57.59, 56.703, 56.464, 56.813, 56.835, 57.881, 59.062, 59.027, 59.548, 59.021, 59.797, 58.249, 53.763, 51.249, 50.315, 50.26, 50.644, 50.74, 51.554, 54.698, 55.052, 54.288, 54.063, 56.318], [72.297, 73.047, 73.875, 73.868, 71.057, 66.341, 61.447, 57.584, 53.816, 51.738, 51.365, 51.841, 52.468, 52.429, 53.26, 51.905, 51.389, 51.34, 50.964, 51.465, 51.195, 49.894, 49.79, 49.394, 48.654, 45.319, 39.072, 30.981, 26.628, 24.198, 20.772, 20.119, 20.63, 19.019, 17.164, 13.754, 7.478, 0.0, 6.243, 11.186, 14.779, 17.315, 20.875, 25.342, 27.817, 29.441, 31.196, 34.003, 35.141, 36.823, 39.014, 40.618, 43.042, 44.786, 47.265, 51.401, 53.669, 54.075, 53.487, 52.786, 52.996, 55.401, 57.437, 56.478, 56.255, 56.623, 56.672, 57.839, 59.104, 59.075, 59.658, 59.101, 59.819, 58.33, 53.957, 51.508, 50.558, 50.352, 50.588, 50.632, 51.489, 54.832, 55.359, 54.686, 54.506, 56.937], [72.015, 72.849, 73.815, 74.177, 71.814, 67.382, 62.581, 58.717, 54.898, 52.782, 52.51, 53.115, 53.617, 53.391, 53.887, 52.184, 51.519, 51.538, 51.204, 51.749, 51.474, 50.23, 50.15, 49.786, 49.215, 46.197, 40.392, 32.832, 28.706, 26.309, 23.134, 22.246, 22.559, 21.178, 19.614, 16.838, 11.88, 6.243, 0.0, 6.975, 12.378, 15.903, 20.055, 24.947, 27.621, 29.268, 31.149, 33.889, 35.022, 36.811, 38.944, 40.338, 42.587, 44.308, 46.646, 50.345, 52.375, 52.801, 52.211, 51.576, 51.741, 54.108, 56.188, 55.223, 55.027, 55.433, 55.48, 56.703, 58.061, 58.022, 58.557, 57.972, 58.715, 57.276, 52.965, 50.634, 49.774, 49.527, 49.664, 49.685, 50.544, 54.037, 54.782, 54.209, 54.073, 56.618], [70.384, 71.253, 72.161, 72.53, 70.374, 66.374, 61.948, 58.266, 54.413, 52.286, 52.193, 52.758, 53.252, 52.982, 53.122, 50.93, 50.146, 50.18, 49.793, 50.402, 50.203, 49.015, 48.958, 48.427, 47.802, 45.238, 40.288, 33.291, 29.079, 26.738, 23.936, 22.895, 22.7, 21.502, 20.446, 18.334, 14.396, 11.186, 6.975, 0.0, 7.17, 11.861, 17.141, 22.725, 25.501, 27.56, 29.78, 32.824, 34.286, 36.471, 38.703, 40.139, 42.634, 44.803, 47.428, 50.866, 52.584, 53.019, 52.509, 51.881, 51.72, 53.701, 55.614, 54.632, 54.452, 54.785, 54.716, 55.941, 57.404, 57.33, 57.773, 57.257, 58.187, 56.747, 52.288, 50.023, 49.277, 49.041, 49.145, 49.123, 49.874, 53.332, 53.881, 53.1, 52.908, 55.453], [69.429, 70.267, 71.079, 71.359, 69.196, 65.442, 61.54, 58.212, 54.369, 52.31, 52.328, 53.044, 53.688, 53.431, 53.475, 50.978, 50.056, 50.063, 49.649, 50.285, 50.146, 49.036, 49.016, 48.308, 47.522, 45.209, 40.777, 33.906, 29.428, 27.36, 25.088, 24.096, 23.592, 22.479, 21.784, 20.125, 16.745, 14.779, 12.378, 7.17, 0.0, 7.024, 14.988, 21.444, 24.468, 26.577, 28.998, 32.478, 34.275, 36.862, 39.217, 40.767, 43.556, 46.103, 48.982, 52.406, 53.98, 54.375, 53.959, 53.297, 52.922, 54.793, 56.587, 55.469, 55.193, 55.437, 55.256, 56.456, 57.983, 57.92, 58.378, 58.013, 59.112, 57.637, 53.088, 50.795, 49.959, 49.63, 49.659, 49.525, 50.116, 53.4, 53.649, 52.648, 52.414, 54.94], [67.433, 68.222, 69.068, 69.383, 67.209, 63.548, 59.874, 56.891, 53.218, 50.966, 50.825, 51.118, 51.632, 51.388, 51.449, 49.11, 48.223, 48.19, 47.694, 48.203, 47.958, 46.841, 46.836, 46.105, 45.285, 42.976, 38.762, 32.499, 28.615, 26.851, 24.844, 23.946, 23.441, 22.518, 21.869, 20.558, 18.086, 17.315, 15.903, 11.861, 7.024, 0.0, 10.089, 17.831, 21.173, 24.058, 26.638, 30.158, 32.223, 34.97, 37.511, 39.144, 41.865, 44.418, 47.523, 51.228, 52.925, 53.31, 52.893, 52.117, 51.678, 53.447, 55.075, 53.914, 53.663, 53.922, 53.799, 54.994, 56.622, 56.694, 57.168, 56.835, 57.927, 56.417, 52.144, 50.136, 49.398, 49.181, 49.333, 49.2, 49.632, 52.93, 53.265, 52.273, 52.049, 54.439], [64.474, 65.202, 66.074, 66.381, 64.157, 60.38, 56.529, 53.632, 50.612, 48.651, 48.427, 48.707, 49.009, 48.851, 48.924, 47.024, 46.39, 46.379, 45.844, 45.969, 45.366, 44.148, 44.182, 43.594, 42.68, 40.01, 35.586, 30.035, 27.023, 25.324, 23.617, 22.904, 22.521, 22.03, 21.652, 20.69, 19.973, 20.875, 20.055, 17.141, 14.988, 10.089, 0.0, 9.029, 13.575, 17.94, 21.499, 24.928, 27.457, 30.408, 33.298, 35.069, 37.59, 40.387, 44.249, 48.632, 50.57, 50.971, 50.548, 49.626, 49.223, 50.907, 52.576, 51.635, 51.283, 51.715, 51.859, 52.884, 54.397, 54.637, 55.098, 54.608, 55.472, 54.043, 50.267, 48.674, 48.34, 48.545, 48.869, 48.774, 49.248, 52.594, 53.531, 52.92, 52.741, 54.971], [61.979, 62.684, 63.434, 63.509, 61.171, 57.276, 53.281, 50.376, 47.869, 46.523, 46.504, 47.395, 47.899, 47.857, 47.953, 46.249, 45.82, 45.858, 45.308, 45.175, 44.371, 43.11, 43.206, 42.635, 41.48, 38.654, 34.339, 29.504, 26.971, 25.255, 24.088, 23.574, 23.24, 23.251, 23.388, 22.716, 23.257, 25.342, 24.947, 22.725, 21.444, 17.831, 9.029, 0.0, 6.323, 11.896, 16.716, 20.238, 23.131, 26.532, 29.892, 31.933, 34.651, 38.066, 42.722, 47.792, 50.002, 50.444, 50.115, 49.208, 48.842, 50.397, 52.132, 51.471, 51.027, 51.564, 51.867, 52.685, 53.963, 54.261, 54.705, 54.191, 54.963, 53.459, 49.74, 48.278, 48.256, 48.936, 49.457, 49.466, 50.148, 53.37, 54.317, 53.712, 53.535, 55.553], [60.187, 60.936, 61.6, 61.439, 58.986, 55.138, 51.161, 48.325, 45.845, 44.589, 44.839, 46.038, 46.795, 46.943, 47.073, 45.36, 44.991, 45.033, 44.351, 44.122, 43.339, 42.1, 42.214, 41.515, 40.197, 37.551, 33.794, 29.796, 27.59, 25.923, 25.065, 24.59, 24.249, 24.511, 24.822, 24.316, 25.248, 27.817, 27.621, 25.501, 24.468, 21.173, 13.575, 6.323, 0.0, 8.033, 13.514, 16.906, 19.972, 23.825, 27.59, 29.862, 33.11, 37.084, 42.128, 47.602, 49.996, 50.468, 50.219, 49.378, 48.99, 50.288, 51.907, 51.311, 50.963, 51.527, 51.813, 52.645, 53.958, 54.281, 54.692, 54.301, 55.182, 53.438, 49.373, 47.853, 47.949, 48.894, 49.639, 49.844, 50.641, 53.837, 54.278, 53.221, 53.005, 54.821], [59.138, 59.938, 60.611, 60.472, 58.036, 54.033, 50.011, 47.148, 44.677, 43.742, 44.308, 46.872, 48.346, 48.61, 49.089, 47.32, 46.768, 46.84, 46.164, 45.931, 45.237, 44.033, 44.175, 43.572, 42.227, 39.535, 35.745, 31.491, 29.036, 27.479, 26.657, 26.146, 25.805, 25.974, 26.433, 26.003, 26.962, 29.441, 29.268, 27.56, 26.577, 24.058, 17.94, 11.896, 8.033, 0.0, 7.224, 12.053, 15.329, 20.234, 24.729, 27.23, 31.051, 35.606, 41.1, 46.996, 49.593, 50.082, 49.934, 49.121, 48.702, 50.124, 51.897, 51.325, 51.012, 51.702, 51.957, 52.736, 53.955, 54.265, 54.781, 54.542, 55.573, 53.793, 49.48, 47.766, 47.79, 48.693, 49.377, 49.778, 50.847, 53.857, 53.85, 52.553, 52.371, 54.082], [58.05, 58.943, 59.715, 59.645, 57.219, 53.106, 48.997, 46.109, 43.46, 42.474, 43.095, 46.09, 48.101, 48.474, 49.171, 47.595, 46.993, 47.04, 46.362, 46.121, 45.487, 44.281, 44.399, 43.916, 42.673, 40.019, 36.349, 32.453, 30.576, 29.415, 28.544, 28.021, 27.756, 27.842, 28.246, 27.907, 28.839, 31.196, 31.149, 29.78, 28.998, 26.638, 21.499, 16.716, 13.514, 7.224, 0.0, 6.936, 10.723, 16.448, 21.708, 24.433, 28.55, 33.386, 39.405, 45.92, 48.759, 49.255, 49.168, 48.268, 47.785, 49.196, 50.887, 50.326, 50.21, 51.059, 51.363, 52.175, 53.43, 53.789, 54.436, 54.373, 55.478, 53.631, 49.254, 47.544, 47.53, 48.387, 49.064, 49.668, 51.017, 54.063, 53.712, 52.21, 52.07, 53.61], [57.449, 58.47, 59.426, 59.526, 57.19, 53.07, 48.832, 45.838, 43.07, 41.798, 42.358, 45.363, 47.257, 47.7, 48.46, 47.207, 46.731, 46.781, 46.183, 45.806, 45.06, 43.898, 44.026, 43.585, 42.441, 39.821, 36.268, 33.266, 32.37, 31.49, 30.792, 30.417, 30.339, 30.522, 30.889, 30.692, 31.846, 34.003, 33.889, 32.824, 32.478, 30.158, 24.928, 20.238, 16.906, 12.053, 6.936, 0.0, 5.401, 12.649, 18.809, 21.519, 25.439, 30.507, 37.119, 44.262, 47.328, 47.833, 47.824, 46.938, 46.699, 48.178, 49.782, 49.239, 49.16, 50.229, 50.788, 51.693, 52.955, 53.404, 54.087, 53.99, 54.898, 52.96, 48.826, 47.363, 47.467, 48.424, 49.082, 49.759, 51.298, 54.808, 54.866, 53.476, 53.412, 54.882], [57.583, 58.75, 59.795, 59.959, 57.647, 53.46, 49.113, 46.063, 43.261, 41.953, 42.516, 45.702, 47.583, 47.983, 49.068, 48.254, 47.901, 47.937, 47.367, 47.002, 46.258, 45.099, 45.237, 44.821, 43.708, 41.004, 37.211, 34.235, 33.546, 32.725, 32.002, 31.724, 31.88, 32.066, 32.295, 32.032, 33.137, 35.141, 35.022, 34.286, 34.275, 32.223, 27.457, 23.131, 19.972, 15.329, 10.723, 5.401, 0.0, 8.855, 15.717, 18.485, 22.609, 27.9, 34.883, 42.51, 45.793, 46.302, 46.397, 45.74, 45.899, 47.684, 49.376, 48.84, 48.763, 49.891, 50.506, 51.401, 52.592, 53.015, 53.743, 53.649, 54.46, 52.449, 48.386, 46.945, 46.966, 47.963, 48.661, 49.335, 50.954, 54.693, 55.034, 53.829, 53.887, 55.339], [57.869, 59.11, 60.114, 60.164, 57.719, 53.404, 48.903, 45.856, 43.32, 42.148, 42.636, 45.638, 47.46, 47.887, 49.488, 50.009, 50.391, 50.393, 49.843, 49.386, 48.519, 47.341, 47.478, 47.054, 45.803, 42.758, 38.388, 35.355, 35.013, 34.313, 33.576, 33.432, 33.961, 34.284, 34.252, 33.806, 34.901, 36.823, 36.811, 36.471, 36.862, 34.97, 30.408, 26.532, 23.825, 20.234, 16.448, 12.649, 8.855, 0.0, 7.772, 11.877, 16.97, 23.006, 31.371, 40.223, 43.851, 44.344, 44.603, 44.314, 45.169, 47.388, 49.053, 48.534, 48.42, 49.451, 50.226, 51.068, 52.098, 52.527, 53.366, 53.29, 53.914, 51.919, 48.108, 46.61, 46.4, 47.404, 48.359, 48.948, 50.379, 54.223, 55.167, 54.636, 54.998, 56.499], [58.701, 60.09, 61.106, 61.161, 58.766, 54.529, 50.057, 47.056, 44.726, 43.71, 44.18, 46.949, 48.637, 49.111, 50.992, 52.173, 53.036, 53.133, 52.623, 52.15, 51.216, 50.06, 50.21, 49.8, 48.519, 45.428, 40.934, 37.906, 37.696, 36.986, 36.087, 35.997, 36.809, 37.236, 37.044, 36.44, 37.348, 39.014, 38.944, 38.703, 39.217, 37.511, 33.298, 29.892, 27.59, 24.729, 21.708, 18.809, 15.717, 7.772, 0.0, 6.313, 12.91, 19.62, 29.003, 38.686, 42.589, 43.161, 43.731, 43.909, 45.317, 47.907, 49.514, 48.974, 48.842, 49.73, 50.602, 51.334, 52.158, 52.511, 53.364, 53.211, 53.654, 51.712, 48.109, 46.589, 46.279, 47.317, 48.478, 48.924, 50.002, 53.823, 55.211, 55.24, 55.953, 57.582], [59.356, 60.953, 62.157, 62.503, 60.45, 56.431, 51.999, 48.915, 46.435, 45.254, 45.684, 48.404, 49.99, 50.502, 52.433, 53.503, 54.232, 54.556, 54.22, 53.698, 52.652, 51.476, 51.626, 51.362, 50.295, 47.366, 43.07, 40.368, 40.381, 39.5, 38.234, 38.144, 39.121, 39.41, 39.041, 38.438, 39.332, 40.618, 40.338, 40.139, 40.767, 39.144, 35.069, 31.933, 29.862, 27.23, 24.433, 21.519, 18.485, 11.877, 6.313, 0.0, 7.852, 15.703, 26.057, 36.242, 40.357, 41.002, 41.813, 42.32, 43.995, 46.756, 48.331, 47.752, 47.641, 48.527, 49.456, 50.219, 51.131, 51.496, 52.258, 51.967, 52.207, 50.305, 46.902, 45.453, 45.173, 46.239, 47.408, 47.744, 48.642, 52.609, 54.24, 54.517, 55.477, 57.197], [60.84, 62.434, 63.909, 64.753, 63.115, 59.256, 54.765, 51.518, 48.956, 47.475, 47.525, 49.712, 50.837, 51.237, 53.156, 54.365, 55.024, 55.515, 55.52, 54.956, 53.693, 52.491, 52.632, 52.594, 51.884, 49.045, 44.777, 42.62, 43.299, 42.465, 40.96, 40.915, 42.065, 42.246, 41.725, 41.186, 42.149, 43.042, 42.587, 42.634, 43.556, 41.865, 37.59, 34.651, 33.11, 31.051, 28.55, 25.439, 22.609, 16.97, 12.91, 7.852, 0.0, 9.308, 21.368, 32.4, 36.833, 37.497, 38.487, 39.307, 41.366, 44.337, 45.814, 45.27, 45.153, 46.081, 47.257, 48.09, 49.024, 49.507, 50.245, 49.755, 49.661, 47.974, 45.305, 44.136, 43.902, 45.002, 46.161, 46.398, 47.167, 51.402, 53.891, 54.932, 56.124, 57.897], [62.904, 64.36, 66.11, 67.479, 66.16, 62.329, 57.709, 54.335, 51.769, 50.032, 49.539, 50.793, 51.306, 51.51, 53.424, 54.792, 55.43, 55.93, 56.17, 55.78, 54.574, 53.463, 53.548, 53.839, 53.708, 51.023, 46.618, 44.635, 45.807, 45.161, 43.518, 43.474, 44.855, 45.007, 44.289, 43.648, 44.338, 44.786, 44.308, 44.803, 46.103, 44.418, 40.387, 38.066, 37.084, 35.606, 33.386, 30.507, 27.9, 23.006, 19.62, 15.703, 9.308, 0.0, 13.351, 25.873, 31.348, 32.146, 33.267, 34.532, 37.449, 41.1, 42.576, 42.029, 41.887, 42.834, 44.364, 45.246, 46.072, 46.692, 47.549, 46.801, 46.384, 44.958, 43.168, 42.354, 42.177, 43.389, 44.694, 44.94, 45.597, 49.959, 53.452, 55.457, 56.864, 58.684], [65.213, 66.554, 68.551, 70.486, 69.604, 65.95, 61.362, 57.967, 55.41, 53.519, 52.599, 52.94, 52.825, 52.802, 54.474, 55.444, 55.816, 56.271, 56.615, 56.491, 55.63, 54.874, 54.924, 55.542, 56.251, 54.171, 50.046, 48.102, 49.383, 48.915, 47.286, 47.126, 48.596, 48.807, 47.983, 47.184, 47.379, 47.265, 46.646, 47.428, 48.982, 47.523, 44.249, 42.722, 42.128, 41.1, 39.405, 37.119, 34.883, 31.371, 29.003, 26.057, 21.368, 13.351, 0.0, 14.475, 22.219, 23.513, 24.748, 26.96, 31.437, 36.374, 37.991, 37.287, 37.021, 37.944, 39.829, 40.773, 41.461, 42.265, 43.354, 42.282, 41.57, 40.425, 39.637, 39.341, 39.354, 40.799, 42.308, 42.637, 43.231, 47.643, 52.14, 55.084, 56.681, 58.589], [68.942, 70.15, 72.246, 74.609, 74.228, 71.02, 66.754, 63.49, 61.016, 59.162, 58.192, 58.0, 57.395, 57.116, 58.25, 58.342, 58.222, 58.643, 59.058, 59.154, 58.546, 58.138, 58.217, 58.914, 60.219, 58.917, 55.438, 53.45, 54.368, 53.894, 52.35, 52.081, 53.372, 53.566, 52.805, 52.021, 51.929, 51.401, 50.345, 50.866, 52.406, 51.228, 48.632, 47.792, 47.602, 46.996, 45.92, 44.262, 42.51, 40.223, 38.686, 36.242, 32.4, 25.873, 14.475, 0.0, 9.96, 12.417, 13.909, 17.976, 24.398, 30.982, 33.219, 32.377, 32.01, 32.892, 34.777, 35.717, 36.258, 37.101, 38.312, 36.836, 35.83, 35.082, 35.408, 35.806, 36.162, 37.696, 39.111, 39.489, 40.353, 45.032, 50.715, 54.649, 56.38, 58.486], [71.633, 72.744, 74.772, 77.147, 76.871, 73.909, 69.898, 66.736, 64.255, 62.435, 61.567, 61.226, 60.446, 60.074, 60.963, 60.656, 60.326, 60.74, 61.189, 61.347, 60.739, 60.405, 60.527, 61.084, 62.361, 61.361, 58.253, 56.19, 56.755, 56.227, 54.779, 54.494, 55.661, 55.822, 55.104, 54.393, 54.278, 53.669, 52.375, 52.584, 53.98, 52.925, 50.57, 50.002, 49.996, 49.593, 48.759, 47.328, 45.793, 43.851, 42.589, 40.357, 36.833, 31.348, 22.219, 9.96, 0.0, 4.148, 7.406, 13.453, 20.818, 28.239, 31.196, 30.36, 29.927, 30.846, 32.504, 33.631, 34.348, 35.113, 36.284, 34.658, 33.55, 32.987, 33.475, 33.941, 34.367, 35.781, 36.971, 37.449, 38.912, 44.109, 50.453, 54.838, 56.59, 58.841], [72.508, 73.587, 75.579, 77.901, 77.575, 74.601, 70.606, 67.424, 64.875, 62.999, 62.093, 61.696, 60.9, 60.537, 61.448, 61.15, 60.805, 61.215, 61.663, 61.811, 61.175, 60.83, 60.962, 61.536, 62.791, 61.774, 58.652, 56.555, 57.102, 56.598, 55.187, 54.915, 56.091, 56.239, 55.488, 54.781, 54.681, 54.075, 52.801, 53.019, 54.375, 53.31, 50.971, 50.444, 50.468, 50.082, 49.255, 47.833, 46.302, 44.344, 43.161, 41.002, 37.497, 32.146, 23.513, 12.417, 4.148, 0.0, 5.544, 12.655, 20.375, 27.956, 31.102, 30.256, 29.779, 30.716, 32.299, 33.609, 34.554, 35.382, 36.523, 34.796, 33.6, 33.057, 33.469, 33.778, 34.07, 35.4, 36.578, 37.184, 39.021, 44.441, 50.881, 55.328, 57.059, 59.307], [72.993, 74.004, 75.966, 78.256, 77.897, 74.867, 70.843, 67.662, 65.093, 63.171, 62.248, 61.82, 61.016, 60.653, 61.498, 61.197, 60.848, 61.23, 61.679, 61.861, 61.26, 60.912, 61.021, 61.639, 62.973, 61.929, 58.697, 56.402, 56.845, 56.316, 54.862, 54.577, 55.742, 55.835, 55.011, 54.25, 54.121, 53.487, 52.211, 52.509, 53.959, 52.893, 50.548, 50.115, 50.219, 49.934, 49.168, 47.824, 46.397, 44.603, 43.731, 41.813, 38.487, 33.267, 24.748, 13.909, 7.406, 5.544, 0.0, 8.703, 18.016, 26.371, 29.79, 28.946, 28.551, 29.58, 31.289, 32.76, 33.856, 34.917, 36.182, 34.41, 33.282, 32.786, 33.209, 33.574, 33.869, 35.089, 36.288, 37.021, 39.129, 44.612, 51.029, 55.411, 57.016, 59.272], [72.305, 73.203, 75.195, 77.528, 77.159, 74.094, 70.107, 66.995, 64.405, 62.415, 61.473, 61.051, 60.263, 59.882, 60.584, 60.159, 59.723, 60.047, 60.515, 60.718, 60.168, 59.827, 59.924,