[[0.0, 4.953, 8.805, 12.749, 16.608, 17.176, 18.147, 21.114, 22.738, 26.936, 31.838, 34.625, 36.369, 37.036, 37.257, 37.899, 40.322, 41.659, 41.902, 41.955, 43.298, 47.758, 50.543, 54.104, 59.619, 64.146, 67.322, 68.688, 68.896, 69.209, 70.47, 69.952, 68.904, 69.404, 69.43, 68.481, 68.287, 67.988, 66.601, 66.385, 66.635, 66.546, 67.08, 67.867, 68.188, 66.507, 64.077, 62.408, 62.287, 62.512, 62.322, 62.133, 62.072, 62.184, 61.751, 60.842, 59.755, 57.396, 55.739, 56.341, 57.348, 57.733, 58.131, 59.865, 60.223, 60.483, 62.015, 60.824, 58.351, 58.301, 61.259, 63.799, 65.203, 65.771, 65.518, 64.802, 64.58, 65.022, 65.315, 64.948, 64.205, 65.331, 68.563, 70.811, 71.65, 71.392], [4.953, 0.0, 4.572, 9.369, 13.92, 14.901, 16.098, 18.957, 20.827, 25.685, 30.726, 33.3, 35.038, 35.806, 36.137, 36.925, 39.571, 41.044, 41.249, 41.288, 42.739, 47.29, 50.006, 53.534, 59.006, 63.436, 66.55, 67.894, 68.141, 68.518, 69.812, 69.244, 68.136, 68.634, 68.688, 67.8, 67.652, 67.349, 65.943, 65.702, 65.955, 65.901, 66.432, 67.189, 67.532, 65.898, 63.464, 61.753, 61.562, 61.737, 61.521, 61.346, 61.308, 61.442, 61.058, 60.237, 59.294, 57.123, 55.743, 56.495, 57.395, 57.73, 58.117, 59.837, 60.14, 60.483, 62.127, 60.953, 58.516, 58.463, 61.372, 63.912, 65.383, 66.003, 65.771, 65.069, 64.817, 65.219, 65.479, 65.082, 64.29, 65.34, 68.561, 70.826, 71.661, 71.408], [8.805, 4.572, 0.0, 5.402, 10.564, 11.822, 13.499, 16.508, 18.761, 24.377, 29.546, 32.036, 33.743, 34.535, 34.915, 35.721, 38.447, 40.025, 40.192, 40.221, 41.708, 46.263, 48.822, 52.228, 57.63, 61.966, 65.033, 66.369, 66.647, 67.072, 68.442, 67.871, 66.709, 67.185, 67.231, 66.368, 66.244, 65.966, 64.592, 64.353, 64.613, 64.58, 65.055, 65.7, 66.017, 64.4, 61.946, 60.189, 59.941, 60.062, 59.791, 59.621, 59.609, 59.767, 59.425, 58.669, 57.895, 56.026, 55.091, 56.02, 56.652, 56.875, 57.3, 59.057, 59.304, 59.777, 61.598, 60.425, 58.084, 58.136, 61.002, 63.5, 65.003, 65.654, 65.44, 64.761, 64.499, 64.898, 65.165, 64.757, 63.911, 64.847, 68.027, 70.319, 71.162, 70.916], [12.749, 9.369, 5.402, 0.0, 5.688, 7.54, 10.461, 13.927, 16.442, 22.761, 28.139, 30.714, 32.472, 33.249, 33.604, 34.361, 37.054, 38.705, 38.818, 38.83, 40.327, 44.82, 47.169, 50.443, 55.813, 60.038, 63.028, 64.333, 64.603, 65.043, 66.531, 66.019, 64.821, 65.267, 65.276, 64.386, 64.26, 64.076, 62.834, 62.628, 62.879, 62.846, 63.22, 63.688, 63.927, 62.289, 59.774, 57.953, 57.657, 57.696, 57.344, 57.179, 57.189, 57.362, 57.027, 56.308, 55.732, 54.244, 53.859, 54.942, 55.188, 55.31, 55.822, 57.638, 57.803, 58.426, 60.424, 59.239, 57.083, 57.394, 60.292, 62.751, 64.285, 64.943, 64.738, 64.094, 63.844, 64.258, 64.542, 64.125, 63.212, 64.016, 67.167, 69.515, 70.382, 70.153], [16.608, 13.92, 10.564, 5.688, 0.0, 3.357, 9.192, 13.097, 15.413, 21.955, 27.366, 29.967, 31.763, 32.477, 32.796, 33.597, 36.29, 38.013, 38.085, 38.096, 39.463, 43.612, 45.694, 48.826, 54.112, 58.193, 61.089, 62.342, 62.579, 63.002, 64.579, 64.099, 62.854, 63.276, 63.254, 62.327, 62.184, 62.108, 61.045, 60.904, 61.115, 61.053, 61.347, 61.678, 61.827, 60.156, 57.586, 55.721, 55.411, 55.372, 54.953, 54.803, 54.83, 55.011, 54.673, 53.975, 53.592, 52.476, 52.619, 53.836, 53.643, 53.633, 54.23, 56.088, 56.168, 57.003, 59.23, 58.072, 56.165, 56.748, 59.634, 62.006, 63.543, 64.181, 63.975, 63.374, 63.133, 63.555, 63.866, 63.449, 62.463, 63.113, 66.191, 68.557, 69.421, 69.19], [17.176, 14.901, 11.822, 7.54, 3.357, 0.0, 7.457, 12.164, 14.738, 21.308, 26.634, 29.304, 31.208, 31.929, 32.274, 33.039, 35.644, 37.341, 37.402, 37.436, 38.688, 42.715, 44.805, 47.9, 53.229, 57.47, 60.5, 61.809, 62.06, 62.516, 64.123, 63.639, 62.398, 62.812, 62.78, 61.834, 61.67, 61.604, 60.569, 60.497, 60.78, 60.742, 61.039, 61.36, 61.511, 59.854, 57.286, 55.413, 55.093, 55.063, 54.653, 54.506, 54.531, 54.708, 54.359, 53.637, 53.246, 52.182, 52.419, 53.653, 53.367, 53.304, 53.879, 55.708, 55.782, 56.653, 58.931, 57.822, 56.014, 56.678, 59.566, 61.911, 63.438, 64.062, 63.856, 63.266, 63.023, 63.445, 63.766, 63.356, 62.362, 62.983, 66.032, 68.376, 69.229, 68.988], [18.147, 16.098, 13.499, 10.461, 9.192, 7.457, 0.0, 6.631, 11.695, 19.174, 24.304, 26.397, 28.319, 29.282, 29.818, 30.43, 32.759, 34.295, 34.304, 34.33, 35.762, 40.345, 42.853, 45.877, 51.264, 55.914, 59.306, 60.812, 61.201, 61.884, 63.585, 63.164, 62.114, 62.543, 62.507, 61.596, 61.481, 61.431, 60.325, 60.295, 60.932, 61.153, 61.505, 61.864, 62.142, 60.757, 58.393, 56.57, 56.256, 56.387, 56.103, 55.976, 56.009, 56.198, 55.825, 54.982, 54.361, 53.219, 53.541, 54.918, 54.915, 54.962, 55.485, 57.295, 57.457, 58.168, 60.312, 59.263, 57.243, 57.518, 60.152, 62.437, 63.984, 64.629, 64.447, 63.873, 63.585, 63.906, 64.114, 63.663, 62.74, 63.449, 66.443, 68.658, 69.484, 69.225], [21.114, 18.957, 16.508, 13.927, 13.097, 12.164, 6.631, 0.0, 7.797, 16.965, 21.959, 23.247, 24.866, 26.032, 26.788, 27.576, 30.127, 31.748, 31.69, 31.697, 33.295, 38.219, 40.859, 43.781, 49.241, 53.957, 57.287, 58.808, 59.314, 60.172, 61.934, 61.539, 60.567, 61.026, 61.058, 60.246, 60.205, 60.171, 59.065, 59.012, 59.809, 60.347, 60.859, 61.284, 61.71, 60.601, 58.487, 56.778, 56.581, 56.84, 56.582, 56.468, 56.535, 56.761, 56.447, 55.631, 55.032, 54.094, 54.72, 56.282, 56.326, 56.407, 57.017, 58.9, 59.088, 59.811, 61.972, 60.875, 58.635, 58.527, 60.774, 62.874, 64.372, 65.026, 64.863, 64.306, 63.972, 64.221, 64.382, 63.929, 63.073, 63.778, 66.585, 68.646, 69.425, 69.157], [22.738, 20.827, 18.761, 16.442, 15.413, 14.738, 11.695, 7.797, 0.0, 10.501, 16.409, 18.79, 21.148, 22.5, 23.343, 24.454, 27.528, 29.405, 29.307, 29.302, 30.885, 35.857, 38.581, 42.003, 48.282, 53.324, 56.561, 57.923, 58.25, 58.922, 60.592, 60.175, 59.174, 59.702, 59.841, 59.053, 59.042, 59.071, 58.027, 57.995, 58.726, 59.424, 60.363, 61.126, 61.668, 60.516, 58.369, 56.688, 56.514, 56.764, 56.496, 56.342, 56.398, 56.597, 56.263, 55.546, 55.078, 54.073, 54.36, 55.679, 55.827, 55.971, 56.523, 58.387, 58.596, 59.207, 61.261, 60.196, 58.115, 58.303, 60.774, 62.889, 64.298, 64.919, 64.738, 64.137, 63.82, 64.161, 64.446, 64.075, 63.273, 64.053, 66.932, 69.057, 69.822, 69.585], [26.936, 25.685, 24.377, 22.761, 21.955, 21.308, 19.174, 16.965, 10.501, 0.0, 7.851, 13.845, 18.455, 20.287, 21.069, 22.546, 26.025, 27.862, 27.627, 27.626, 29.141, 34.179, 37.19, 41.451, 48.785, 54.327, 57.628, 58.923, 58.967, 59.276, 60.772, 60.429, 59.602, 60.237, 60.46, 59.679, 59.708, 59.869, 58.927, 58.974, 59.693, 60.503, 61.924, 63.14, 63.796, 62.542, 60.292, 58.6, 58.36, 58.639, 58.464, 58.252, 58.251, 58.361, 57.853, 57.094, 56.633, 55.37, 55.011, 55.89, 56.436, 56.821, 57.196, 58.938, 59.226, 59.407, 61.015, 60.166, 58.535, 59.404, 62.423, 64.661, 65.943, 66.469, 66.251, 65.594, 65.324, 65.787, 66.193, 65.927, 65.243, 66.246, 69.333, 71.539, 72.278, 72.08], [31.838, 30.726, 29.546, 28.139, 27.366, 26.634, 24.304, 21.959, 16.409, 7.851, 0.0, 9.115, 15.765, 18.198, 19.108, 20.981, 24.968, 26.916, 26.496, 26.543, 27.864, 32.667, 35.79, 40.337, 48.149, 54.023, 57.4, 58.745, 58.787, 59.068, 60.538, 60.21, 59.492, 60.172, 60.475, 59.786, 59.856, 60.073, 59.197, 59.301, 60.151, 61.16, 62.791, 64.22, 65.063, 63.949, 61.778, 60.128, 59.907, 60.233, 60.094, 59.876, 59.876, 59.966, 59.431, 58.695, 58.317, 57.229, 57.012, 57.886, 58.432, 58.818, 59.134, 60.782, 61.056, 61.13, 62.625, 61.933, 60.63, 61.777, 64.84, 67.007, 68.194, 68.662, 68.445, 67.802, 67.521, 67.968, 68.406, 68.199, 67.58, 68.594, 71.623, 73.769, 74.45, 74.264], [34.625, 33.3, 32.036, 30.714, 29.967, 29.304, 26.397, 23.247, 18.79, 13.845, 9.115, 0.0, 7.961, 11.556, 13.2, 15.575, 20.182, 22.457, 22.028, 22.106, 23.498, 28.749, 32.189, 36.175, 43.525, 49.44, 52.947, 54.401, 54.631, 55.24, 56.816, 56.381, 55.752, 56.461, 56.801, 56.257, 56.42, 56.596, 55.619, 55.669, 56.748, 58.023, 59.716, 61.276, 62.387, 61.788, 60.134, 58.763, 58.786, 59.285, 59.197, 59.038, 59.092, 59.215, 58.736, 57.894, 57.4, 56.57, 57.034, 58.423, 58.824, 59.079, 59.514, 61.294, 61.657, 61.955, 63.618, 62.752, 60.877, 61.104, 63.392, 65.258, 66.454, 66.982, 66.802, 66.227, 65.886, 66.187, 66.562, 66.355, 65.787, 66.659, 69.339, 71.289, 71.905, 71.704], [36.369, 35.038, 33.743, 32.472, 31.763, 31.208, 28.319, 24.866, 21.148, 18.455, 15.765, 7.961, 0.0, 5.233, 8.224, 10.913, 15.877, 18.358, 18.11, 18.201, 19.566, 25.407, 29.02, 32.223, 38.883, 44.662, 48.202, 49.684, 50.006, 50.864, 52.524, 51.947, 51.316, 52.042, 52.41, 51.993, 52.242, 52.351, 51.256, 51.221, 52.407, 53.838, 55.505, 57.099, 58.37, 58.19, 57.152, 56.177, 56.488, 57.216, 57.162, 57.038, 57.134, 57.289, 56.881, 55.932, 55.329, 54.759, 55.878, 57.771, 58.042, 58.169, 58.755, 60.737, 61.215, 61.745, 63.55, 62.338, 59.618, 58.682, 60.061, 61.582, 62.758, 63.355, 63.201, 62.687, 62.324, 62.547, 62.915, 62.74, 62.234, 62.942, 65.246, 67.022, 67.595, 67.399], [37.036, 35.806, 34.535, 33.249, 32.477, 31.929, 29.282, 26.032, 22.5, 20.287, 18.198, 11.556, 5.233, 0.0, 4.331, 8.018, 13.166, 15.729, 15.459, 15.6, 16.557, 22.163, 25.807, 29.098, 36.043, 41.969, 45.569, 47.083, 47.403, 48.268, 49.941, 49.266, 48.524, 49.251, 49.632, 49.218, 49.484, 49.572, 48.44, 48.394, 49.603, 51.013, 52.64, 54.288, 55.567, 55.355, 54.486, 53.977, 54.589, 55.405, 55.401, 55.262, 55.349, 55.496, 55.139, 54.3, 53.801, 53.426, 54.869, 56.946, 57.106, 57.135, 57.666, 59.652, 60.166, 60.75, 62.541, 61.142, 58.155, 56.915, 58.026, 59.444, 60.602, 61.202, 61.048, 60.582, 60.273, 60.509, 60.908, 60.755, 60.22, 60.779, 62.945, 64.672, 65.21, 65.046], [37.257, 36.137, 34.915, 33.604, 32.796, 32.274, 29.818, 26.788, 23.343, 21.069, 19.108, 13.2, 8.224, 4.331, 0.0, 5.404, 11.367, 14.002, 13.7, 13.854, 14.837, 20.455, 24.22, 28.13, 35.718, 41.819, 45.397, 46.891, 47.102, 47.796, 49.426, 48.728, 47.922, 48.629, 48.994, 48.532, 48.783, 48.876, 47.746, 47.702, 48.863, 50.23, 51.842, 53.478, 54.682, 54.304, 53.307, 53.002, 53.974, 54.913, 54.93, 54.778, 54.858, 55.01, 54.663, 53.92, 53.531, 53.219, 54.671, 56.73, 56.928, 56.967, 57.471, 59.475, 60.013, 60.554, 62.299, 60.889, 57.912, 56.764, 57.974, 59.429, 60.586, 61.173, 61.014, 60.565, 60.297, 60.56, 60.98, 60.84, 60.283, 60.8, 62.958, 64.684, 65.21, 65.059], [37.899, 36.925, 35.721, 34.361, 33.597, 33.039, 30.43, 27.576, 24.454, 22.546, 20.981, 15.575, 10.913, 8.018, 5.404, 0.0, 7.011, 10.163, 10.205, 10.424, 11.742, 18.635, 22.806, 26.74, 34.666, 41.163, 45.014, 46.613, 46.761, 47.445, 49.114, 48.375, 47.506, 48.159, 48.498, 48.014, 48.255, 48.35, 47.191, 47.133, 48.318, 49.701, 51.282, 52.835, 54.028, 53.665, 52.723, 52.456, 53.544, 54.662, 54.71, 54.542, 54.617, 54.76, 54.359, 53.483, 52.957, 52.553, 53.951, 55.969, 56.203, 56.254, 56.703, 58.696, 59.257, 59.732, 61.446, 59.999, 56.88, 55.623, 56.856, 58.355, 59.54, 60.174, 60.047, 59.592, 59.343, 59.649, 60.086, 59.958, 59.431, 59.958, 62.091, 63.795, 64.325, 64.192], [40.322, 39.571, 38.447, 37.054, 36.29, 35.644, 32.759, 30.127, 27.528, 26.025, 24.968, 20.182, 15.877, 13.166, 11.367, 7.011, 0.0, 3.838, 4.517, 4.906, 6.965, 15.88, 20.527, 23.879, 32.012, 39.043, 43.287, 45.055, 45.181, 46.0, 47.828, 47.146, 46.352, 46.98, 47.285, 46.744, 46.956, 47.045, 45.836, 45.802, 47.141, 48.608, 50.172, 51.72, 52.927, 52.653, 51.911, 51.922, 53.106, 54.353, 54.542, 54.363, 54.411, 54.514, 54.002, 52.938, 52.197, 51.738, 53.225, 55.279, 55.605, 55.688, 55.987, 57.878, 58.48, 58.825, 60.367, 58.801, 55.423, 53.946, 55.111, 56.637, 57.865, 58.539, 58.449, 58.027, 57.845, 58.175, 58.591, 58.463, 57.995, 58.552, 60.646, 62.246, 62.73, 62.62], [41.659, 41.044, 40.025, 38.705, 38.013, 37.341, 34.295, 31.748, 29.405, 27.862, 26.916, 22.457, 18.358, 15.729, 14.002, 10.163, 3.838, 0.0, 2.111, 2.757, 5.932, 15.667, 20.406, 23.47, 31.584, 38.753, 43.099, 44.929, 45.019, 45.852, 47.726, 47.13, 46.46, 47.093, 47.388, 46.823, 47.016, 47.11, 45.904, 45.899, 47.31, 48.808, 50.356, 51.889, 53.064, 52.815, 52.168, 52.324, 53.598, 54.948, 55.223, 55.045, 55.076, 55.165, 54.596, 53.452, 52.603, 52.112, 53.599, 55.648, 56.121, 56.29, 56.553, 58.418, 59.057, 59.281, 60.66, 59.02, 55.484, 53.876, 54.998, 56.534, 57.77, 58.437, 58.345, 57.954, 57.829, 58.17, 58.55, 58.41, 57.983, 58.597, 60.669, 62.177, 62.63, 62.529], [41.902, 41.249, 40.192, 38.818, 38.085, 37.402, 34.304, 31.69, 29.307, 27.627, 26.496, 22.028, 18.11, 15.459, 13.7, 10.205, 4.517, 2.111, 0.0, 1.488, 5.318, 15.058, 19.805, 23.113, 31.506, 38.722, 43.056, 44.901, 45.013, 45.824, 47.691, 47.104, 46.429, 47.054, 47.348, 46.795, 47.004, 47.113, 45.929, 45.949, 47.374, 48.886, 50.466, 52.021, 53.184, 52.888, 52.176, 52.332, 53.585, 54.898, 55.181, 55.0, 55.035, 55.126, 54.574, 53.533, 52.802, 52.396, 53.949, 56.0, 56.449, 56.625, 56.872, 58.702, 59.306, 59.524, 60.907, 59.306, 55.895, 54.462, 55.68, 57.238, 58.474, 59.124, 59.023, 58.642, 58.517, 58.843, 59.207, 59.052, 58.594, 59.182, 61.276, 62.789, 63.235, 63.137], [41.955, 41.288, 40.221, 38.83, 38.096, 37.436, 34.33, 31.697, 29.302, 27.626, 26.543, 22.106, 18.201, 15.6, 13.854, 10.424, 4.906, 2.757, 1.488, 0.0, 5.322, 15.263, 19.945, 23.224, 31.589, 38.762, 43.068, 44.891, 44.988, 45.79, 47.667, 47.103, 46.443, 47.068, 47.353, 46.792, 47.002, 47.117, 45.935, 45.95, 47.372, 48.888, 50.462, 51.997, 53.146, 52.847, 52.126, 52.275, 53.528, 54.841, 55.125, 54.946, 54.987, 55.09, 54.53, 53.484, 52.766, 52.375, 53.943, 55.996, 56.45, 56.637, 56.892, 58.728, 59.327, 59.535, 60.909, 59.296, 55.859, 54.405, 55.621, 57.183, 58.424, 59.079, 58.982, 58.601, 58.476, 58.804, 59.166, 59.006, 58.549, 59.149, 61.258, 62.778, 63.229, 63.132], [43.298, 42.739, 41.708, 40.327, 39.463, 38.688, 35.762, 33.295, 30.885, 29.141, 27.864, 23.498, 19.566, 16.557, 14.837, 11.742, 6.965, 5.932, 5.318, 5.322, 0.0, 10.778, 16.128, 20.012, 29.263, 36.878, 41.417, 43.357, 43.473, 44.231, 46.106, 45.487, 44.728, 45.337, 45.634, 45.069, 45.281, 45.382, 44.183, 44.241, 45.699, 47.229, 48.885, 50.558, 51.755, 51.43, 50.755, 51.081, 52.395, 53.676, 53.984, 53.8, 53.83, 53.917, 53.43, 52.549, 51.987, 51.746, 53.561, 55.742, 55.981, 56.016, 56.174, 57.918, 58.504, 58.775, 60.183, 58.584, 55.351, 54.078, 55.227, 56.709, 57.907, 58.523, 58.436, 58.068, 57.934, 58.258, 58.657, 58.515, 57.987, 58.386, 60.338, 61.777, 62.15, 62.046], [47.758, 47.29, 46.263, 44.82, 43.612, 42.715, 40.345, 38.219, 35.857, 34.179, 32.667, 28.749, 25.407, 22.163, 20.455, 18.635, 15.88, 15.667, 15.058, 15.263, 10.778, 0.0, 6.94, 14.239, 25.946, 34.105, 38.791, 40.833, 40.95, 41.491, 43.269, 42.546, 41.518, 42.024, 42.337, 41.822, 42.106, 42.211, 41.067, 41.253, 42.672, 44.169, 46.043, 48.019, 49.191, 48.626, 47.816, 48.503, 49.971, 51.128, 51.547, 51.349, 51.363, 51.401, 51.087, 50.961, 51.205, 51.542, 54.01, 56.489, 56.294, 56.016, 55.911, 57.312, 57.778, 58.258, 59.752, 58.248, 55.692, 55.109, 56.251, 57.557, 58.621, 59.098, 59.024, 58.716, 58.568, 58.85, 59.335, 59.258, 58.548, 58.494, 60.228, 61.57, 61.749, 61.639], [50.543, 50.006, 48.822, 47.169, 45.694, 44.805, 42.853, 40.859, 38.581, 37.19, 35.79, 32.189, 29.02, 25.807, 24.22, 22.806, 20.527, 20.406, 19.805, 19.945, 16.128, 6.94, 0.0, 10.723, 23.742, 31.829, 36.324, 38.293, 38.354, 38.791, 40.672, 40.0, 38.827, 39.258, 39.573, 39.082, 39.398, 39.601, 38.624, 38.878, 40.207, 41.68, 43.57, 45.483, 46.523, 45.844, 45.001, 45.805, 47.34, 48.495, 48.941, 48.738, 48.78, 48.832, 48.542, 48.81, 49.763, 50.861, 54.092, 56.858, 56.356, 55.946, 55.838, 57.116, 57.459, 58.145, 59.756, 58.156, 55.767, 55.377, 56.349, 57.472, 58.456, 58.85, 58.777, 58.54, 58.405, 58.664, 59.191, 59.149, 58.346, 58.084, 59.736, 61.051, 61.165, 61.082], [54.104, 53.534, 52.228, 50.443, 48.826, 47.9, 45.877, 43.781, 42.003, 41.451, 40.337, 36.175, 32.223, 29.098, 28.13, 26.74, 23.879, 23.47, 23.113, 23.224, 20.012, 14.239, 10.723, 0.0, 14.056, 23.038, 27.976, 30.158, 30.396, 31.438, 33.812, 33.516, 32.996, 33.624, 33.975, 33.489, 33.712, 34.064, 33.3, 33.569, 35.261, 37.079, 38.789, 40.492, 41.692, 41.86, 42.106, 43.513, 45.435, 46.954, 47.415, 47.258, 47.378, 47.501, 47.075, 46.56, 47.06, 48.98, 53.615, 57.01, 56.157, 55.66, 55.85, 57.347, 57.75, 58.703, 60.523, 58.643, 55.596, 54.113, 53.846, 54.352, 55.227, 55.597, 55.569, 55.482, 55.356, 55.528, 55.989, 55.928, 55.232, 54.828, 55.829, 56.687, 56.713, 56.62], [59.619, 59.006, 57.63, 55.813, 54.112, 53.229, 51.264, 49.241, 48.282, 48.785, 48.149, 43.525, 38.883, 36.043, 35.718, 34.666, 32.012, 31.584, 31.506, 31.589, 29.263, 25.946, 23.742, 14.056, 0.0, 10.249, 16.366, 19.109, 20.056, 22.575, 25.644, 25.835, 26.583, 27.576, 27.871, 27.498, 27.58, 27.965, 27.593, 27.895, 30.049, 32.116, 33.309, 34.684, 36.157, 37.8, 39.76, 41.947, 44.267, 46.133, 46.608, 46.561, 46.77, 46.978, 46.638, 45.412, 45.28, 48.087, 54.456, 58.715, 57.34, 56.646, 57.267, 59.085, 59.629, 61.002, 63.145, 61.049, 57.174, 53.941, 51.613, 51.079, 51.74, 52.054, 52.091, 52.226, 52.073, 52.029, 52.3, 52.174, 51.573, 50.767, 50.67, 50.881, 50.774, 50.633], [64.146, 63.436, 61.966, 60.038, 58.193, 57.47, 55.914, 53.957, 53.324, 54.327, 54.023, 49.44, 44.662, 41.969, 41.819, 41.163, 39.043, 38.753, 38.722, 38.762, 36.878, 34.105, 31.829, 23.038, 10.249, 0.0, 7.098, 10.696, 12.848, 16.84, 20.533, 21.329, 23.14, 24.436, 24.647, 24.404, 24.444, 24.943, 25.141, 25.399, 27.403, 29.368, 30.084, 31.144, 32.633, 35.205, 38.24, 40.925, 43.442, 45.347, 45.784, 45.824, 46.098, 46.359, 46.136, 44.813, 44.765, 48.388, 55.919, 60.731, 58.981, 58.199, 59.179, 61.202, 61.783, 63.449, 65.786, 63.585, 59.377, 55.28, 51.715, 50.479, 50.97, 51.195, 51.242, 51.527, 51.355, 51.148, 51.292, 51.13, 50.533, 49.383, 48.599, 48.476, 48.301, 48.138], [67.322, 66.55, 65.033, 63.028, 61.089, 60.5, 59.306, 57.287, 56.561, 57.628, 57.4, 52.947, 48.202, 45.569, 45.397, 45.014, 43.287, 43.099, 43.056, 43.068, 41.417, 38.791, 36.324, 27.976, 16.366, 7.098, 0.0, 4.583, 8.239, 13.341, 17.374, 18.851, 21.554, 23.081, 23.353, 23.258, 23.304, 23.981, 24.648, 24.801, 26.549, 28.534, 29.07, 29.967, 31.457, 34.45, 37.968, 40.97, 43.768, 45.738, 46.135, 46.203, 46.51, 46.808, 46.655, 45.351, 45.475, 49.619, 57.672, 62.679, 60.797, 60.025, 61.217, 63.326, 63.881, 65.65, 68.022, 65.785, 61.573, 57.282, 53.262, 51.694, 52.032, 52.172, 52.209, 52.565, 52.403, 52.165, 52.315, 52.175, 51.606, 50.334, 49.193, 48.885, 48.674, 48.513], [68.688, 67.894, 66.369, 64.333, 62.342, 61.809, 60.812, 58.808, 57.923, 58.923, 58.745, 54.401, 49.684, 47.083, 46.891, 46.613, 45.055, 44.929, 44.901, 44.891, 43.357, 40.833, 38.293, 30.158, 19.109, 10.696, 4.583, 0.0, 4.914, 11.074, 15.456, 17.185, 20.239, 21.869, 22.212, 22.205, 22.237, 22.999, 23.886, 24.001, 25.694, 27.753, 28.31, 29.216, 30.752, 33.937, 37.637, 40.714, 43.631, 45.63, 45.996, 46.078, 46.41, 46.754, 46.697, 45.478, 45.727, 50.079, 58.29, 63.324, 61.367, 60.579, 61.841, 63.961, 64.493, 66.363, 68.8, 66.565, 62.357, 57.955, 53.738, 52.03, 52.308, 52.427, 52.459, 52.847, 52.673, 52.425, 52.609, 52.501, 51.919, 50.571, 49.331, 49.017, 48.811, 48.66], [68.896, 68.141, 66.647, 64.603, 62.579, 62.06, 61.201, 59.314, 58.25, 58.967, 58.787, 54.631, 50.006, 47.403, 47.102, 46.761, 45.181, 45.019, 45.013, 44.988, 43.473, 40.95, 38.354, 30.396, 20.056, 12.848, 8.239, 4.914, 0.0, 6.939, 11.96, 14.089, 17.674, 19.474, 19.883, 19.816, 19.8, 20.835, 22.112, 22.326, 23.972, 26.063, 26.838, 27.972, 29.548, 32.752, 36.52, 39.725, 42.842, 44.942, 45.314, 45.375, 45.722, 46.103, 46.033, 44.805, 45.107, 49.543, 57.774, 62.767, 60.818, 60.088, 61.42, 63.572, 64.112, 65.985, 68.412, 66.156, 61.931, 57.553, 53.366, 51.647, 51.881, 51.978, 52.009, 52.409, 52.249, 52.025, 52.242, 52.15, 51.559, 50.263, 49.127, 48.884, 48.686, 48.564], [69.209, 68.518, 67.072, 65.043, 63.002, 62.516, 61.884, 60.172, 58.922, 59.276, 59.068, 55.24, 50.864, 48.268, 47.796, 47.445, 46.0, 45.852, 45.824, 45.79, 44.231, 41.491, 38.791, 31.438, 22.575, 16.84, 13.341, 11.074, 6.939, 0.0, 5.918, 9.501, 14.471, 16.632, 17.104, 16.956, 16.916, 18.501, 20.643, 21.097, 22.437, 24.346, 25.39, 26.822, 28.361, 31.399, 35.085, 38.488, 41.969, 44.278, 44.67, 44.68, 45.035, 45.458, 45.383, 44.255, 44.744, 49.319, 57.57, 62.523, 60.623, 59.993, 61.402, 63.613, 64.173, 65.964, 68.328, 66.104, 62.026, 57.938, 53.972, 52.265, 52.336, 52.338, 52.365, 52.76, 52.632, 52.45, 52.677, 52.572, 51.968, 50.778, 49.822, 49.651, 49.422, 49.321], [70.47, 69.812, 68.442, 66.531, 64.579, 64.123, 63.585, 61.934, 60.592, 60.772, 60.538, 56.816, 52.524, 49.941, 49.426, 49.114, 47.828, 47.726, 47.691, 47.667, 46.106, 43.269, 40.672, 33.812, 25.644, 20.533, 17.374, 15.456, 11.96, 5.918, 0.0, 5.956, 12.705, 15.198, 15.787, 15.9, 16.062, 17.842, 20.429, 20.959, 22.112, 23.923, 25.256, 27.116, 28.818, 31.877, 35.646, 39.251, 42.952, 45.431, 45.85, 45.824, 46.194, 46.65, 46.632, 45.567, 46.006, 50.481, 58.623, 63.566, 61.747, 61.159, 62.579, 64.824, 65.432, 67.153, 69.489, 67.34, 63.33, 59.24, 55.214, 53.408, 53.315, 53.256, 53.298, 53.703, 53.598, 53.428, 53.628, 53.503, 52.944, 51.773, 50.708, 50.43, 50.133, 50.034], [69.952, 69.244, 67.871, 66.019, 64.099, 63.639, 63.164, 61.539, 60.175, 60.429, 60.21, 56.381, 51.947, 49.266, 48.728, 48.375, 47.146, 47.13, 47.104, 47.103, 45.487, 42.546, 40.0, 33.516, 25.835, 21.329, 18.851, 17.185, 14.089, 9.501, 5.956, 0.0, 7.454, 10.353, 11.302, 12.004, 12.637, 14.307, 16.938, 17.569, 18.777, 20.802, 22.569, 25.066, 27.199, 30.322, 34.141, 37.819, 41.559, 44.074, 44.491, 44.469, 44.857, 45.325, 45.449, 44.652, 45.276, 49.669, 57.72, 62.643, 60.677, 59.978, 61.375, 63.633, 64.209, 66.048, 68.55, 66.391, 62.36, 58.213, 54.181, 52.379, 52.309, 52.298, 52.35, 52.764, 52.644, 52.437, 52.645, 52.538, 51.893, 50.531, 49.435, 49.202, 48.879, 48.793], [68.904, 68.136, 66.709, 64.821, 62.854, 62.398, 62.114, 60.567, 59.174, 59.602, 59.492, 55.752, 51.316, 48.524, 47.922, 47.506, 46.352, 46.46, 46.429, 46.443, 44.728, 41.518, 38.827, 32.996, 26.583, 23.14, 21.554, 20.239, 17.674, 14.471, 12.705, 7.454, 0.0, 3.81, 5.841, 7.541, 9.003, 10.642, 13.415, 14.263, 15.19, 17.244, 19.405, 22.436, 24.849, 27.665, 31.208, 34.802, 38.516, 40.989, 41.382, 41.362, 41.752, 42.216, 42.552, 42.322, 43.501, 47.971, 55.969, 60.798, 58.516, 57.656, 59.038, 61.263, 61.717, 63.762, 66.531, 64.339, 60.407, 56.498, 52.724, 51.04, 51.039, 51.074, 51.123, 51.527, 51.381, 51.161, 51.44, 51.377, 50.538, 48.923, 48.005, 47.996, 47.689, 47.617], [69.404, 68.634, 67.185, 65.267, 63.276, 62.812, 62.543, 61.026, 59.702, 60.237, 60.172, 56.461, 52.042, 49.251, 48.629, 48.159, 46.98, 47.093, 47.054, 47.068, 45.337, 42.024, 39.258, 33.624, 27.576, 24.436, 23.081, 21.869, 19.474, 16.632, 15.198, 10.353, 3.81, 0.0, 2.999, 5.77, 7.885, 9.694, 12.643, 13.605, 14.459, 16.435, 18.6, 21.714, 24.186, 26.951, 30.427, 33.938, 37.646, 40.208, 40.641, 40.618, 41.005, 41.46, 41.863, 41.858, 43.264, 47.833, 55.873, 60.671, 58.298, 57.423, 58.81, 61.008, 61.418, 63.519, 66.37, 64.188, 60.294, 56.439, 52.709, 51.043, 51.061, 51.11, 51.163, 51.585, 51.439, 51.206, 51.497, 51.446, 50.538, 48.848, 47.972, 47.997, 47.689, 47.63], [69.43, 68.688, 67.231, 65.276, 63.254, 62.78, 62.507, 61.058, 59.841, 60.46, 60.475, 56.801, 52.41, 49.632, 48.994, 48.498, 47.285, 47.388, 47.348, 47.353, 45.634, 42.337, 39.573, 33.975, 27.871, 24.647, 23.353, 22.212, 19.883, 17.104, 15.787, 11.302, 5.841, 2.999, 0.0, 3.613, 6.347, 8.543, 11.782, 12.88, 13.833, 15.713, 17.787, 20.893, 23.326, 26.078, 29.547, 33.058, 36.831, 39.485, 39.954, 39.938, 40.327, 40.768, 41.125, 41.108, 42.562, 47.227, 55.401, 60.238, 57.839, 56.99, 58.4, 60.617, 61.041, 63.162, 66.006, 63.829, 59.964, 56.097, 52.329, 50.665, 50.719, 50.775, 50.828, 51.265, 51.13, 50.881, 51.149, 51.072, 50.125, 48.441, 47.62, 47.664, 47.366, 47.319], [68.481, 67.8, 66.368, 64.386, 62.327, 61.834, 61.596, 60.246, 59.053, 59.679, 59.786, 56.257, 51.993, 49.218, 48.532, 48.014, 46.744, 46.823, 46.795, 46.792, 45.069, 41.822, 39.082, 33.489, 27.498, 24.404, 23.258, 22.205, 19.816, 16.956, 15.9, 12.004, 7.541, 5.77, 3.613, 0.0, 3.527, 7.094, 10.943, 12.197, 13.243, 15.0, 17.052, 20.185, 22.493, 25.01, 28.26, 31.741, 35.638, 38.353, 38.829, 38.822, 39.199, 39.621, 39.851, 39.649, 41.028, 45.754, 54.019, 58.847, 56.447, 55.665, 57.097, 59.34, 59.79, 61.898, 64.682, 62.465, 58.642, 54.908, 51.261, 49.669, 49.783, 49.834, 49.873, 50.307, 50.184, 49.953, 50.238, 50.145, 49.171, 47.602, 46.974, 47.103, 46.841, 46.774], [68.287, 67.652, 66.244, 64.26, 62.184, 61.67, 61.481, 60.205, 59.042, 59.708, 59.856, 56.42, 52.242, 49.484, 48.783, 48.255, 46.956, 47.016, 47.004, 47.002, 45.281, 42.106, 39.398, 33.712, 27.58, 24.444, 23.304, 22.237, 19.8, 16.916, 16.062, 12.637, 9.003, 7.885, 6.347, 3.527, 0.0, 5.06, 9.859, 11.349, 12.43, 14.151, 16.169, 19.34, 21.681, 24.219, 27.462, 30.936, 34.946, 37.742, 38.206, 38.214, 38.602, 39.052, 39.279, 38.966, 40.296, 45.161, 53.589, 58.455, 56.04, 55.265, 56.696, 58.944, 59.407, 61.51, 64.265, 62.019, 58.173, 54.483, 50.931, 49.39, 49.519, 49.555, 49.595, 50.042, 49.934, 49.719, 50.002, 49.89, 48.873, 47.334, 46.763, 46.923, 46.679, 46.598], [67.988, 67.349, 65.966, 64.076, 62.108, 61.604, 61.431, 60.171, 59.071, 59.869, 60.073, 56.596, 52.351, 49.572, 48.876, 48.35, 47.045, 47.11, 47.113, 47.117, 45.382, 42.211, 39.601, 34.064, 27.965, 24.943, 23.981, 22.999, 20.835, 18.501, 17.842, 14.307, 10.642, 9.694, 8.543, 7.094, 5.06, 0.0, 5.644, 7.795, 9.162, 11.365, 14.068, 17.959, 20.694, 23.329, 26.612, 30.037, 34.054, 36.977, 37.533, 37.565, 37.976, 38.461, 38.822, 38.732, 40.172, 44.957, 53.343, 58.336, 56.056, 55.209, 56.513, 58.693, 59.166, 61.247, 64.024, 61.815, 57.868, 54.054, 50.618, 49.285, 49.534, 49.614, 49.666, 50.104, 49.999, 49.78, 50.034, 49.91, 48.823, 47.161, 46.534, 46.631, 46.34, 46.265], [66.601, 65.943, 64.592, 62.834, 61.045, 60.569, 60.325, 59.065, 58.027, 58.927, 59.197, 55.619, 51.256, 48.44, 47.746, 47.191, 45.836, 45.904, 45.929, 45.935, 44.183, 41.067, 38.624, 33.3, 27.593, 25.141, 24.648, 23.886, 22.112, 20.643, 20.429, 16.938, 13.415, 12.643, 11.782, 10.943, 9.859, 5.644, 0.0, 3.4, 6.419, 9.528, 13.082, 17.723, 20.742, 23.196, 26.255, 29.499, 33.387, 36.363, 37.048, 37.091, 37.499, 37.962, 38.314, 38.293, 39.665, 44.091, 52.171, 57.225, 55.202, 54.327, 55.447, 57.55, 58.068, 60.105, 62.888, 60.734, 56.697, 52.783, 49.535, 48.499, 49.007, 49.24, 49.29, 49.668, 49.541, 49.317, 49.585, 49.486, 48.356, 46.607, 45.956, 46.015, 45.705, 45.624], [66.385, 65.702, 64.353, 62.628, 60.904, 60.497, 60.295, 59.012, 57.995, 58.974, 59.301, 55.669, 51.221, 48.394, 47.702, 47.133, 45.802, 45.899, 45.949, 45.95, 44.241, 41.253, 38.878, 33.569, 27.895, 25.399, 24.801, 24.001, 22.326, 21.097, 20.959, 17.569, 14.263, 13.605, 12.88, 12.197, 11.349, 7.795, 3.4, 0.0, 4.742, 8.568, 12.155, 16.994, 20.201, 22.799, 26.055, 29.429, 33.374, 36.361, 37.046, 37.073, 37.483, 37.956, 38.31, 38.217, 39.476, 43.81, 51.841, 56.92, 54.961, 54.068, 55.137, 57.244, 57.793, 59.852, 62.693, 60.571, 56.477, 52.429, 49.105, 48.07, 48.647, 48.998, 49.076, 49.431, 49.3, 49.083, 49.367, 49.28, 48.155, 46.32, 45.52, 45.53, 45.213, 45.123], [66.635, 65.955, 64.613, 62.879, 61.115, 60.78, 60.932, 59.809, 58.726, 59.693, 60.151, 56.748, 52.407, 49.603, 48.863, 48.318, 47.141, 47.31, 47.374, 47.372, 45.699, 42.672, 40.207, 35.261, 30.049, 27.403, 26.549, 25.694, 23.972, 22.437, 22.112, 18.777, 15.19, 14.459, 13.833, 13.243, 12.43, 9.162, 6.419, 4.742, 0.0, 4.904, 9.922, 15.493, 18.721, 21.111, 24.465, 28.006, 32.097, 35.092, 35.756, 35.763, 36.168, 36.646, 37.066, 37.213, 38.764, 43.185, 51.237, 56.324, 54.306, 53.392, 54.481, 56.571, 57.091, 59.207, 62.128, 59.993, 55.891, 51.93, 48.696, 47.676, 48.199, 48.54, 48.654, 49.007, 48.892, 48.719, 49.043, 48.975, 47.804, 45.893, 45.126, 45.226, 44.909, 44.821], [66.546, 65.901, 64.58, 62.846, 61.053, 60.742, 61.153, 60.347, 59.424, 60.503, 61.16, 58.023, 53.838, 51.013, 50.23, 49.701, 48.608, 48.808, 48.886, 48.888, 47.229, 44.169, 41.68, 37.079, 32.116, 29.368, 28.534, 27.753, 26.063, 24.346, 23.923, 20.802, 17.244, 16.435, 15.713, 15.0, 14.151, 11.365, 9.528, 8.568, 4.904, 0.0, 6.819, 13.371, 16.503, 18.564, 22.039, 25.95, 30.258, 33.295, 33.991, 33.975, 34.35, 34.816, 35.312, 35.706, 37.522, 42.059, 50.237, 55.374, 53.26, 52.31, 53.393, 55.478, 55.987, 58.169, 61.149, 58.976, 54.838, 50.914, 47.738, 46.771, 47.331, 47.672, 47.795, 48.187, 48.125, 47.99, 48.353, 48.289, 47.0, 44.957, 44.279, 44.519, 44.226, 44.155], [67.08, 66.432, 65.055, 63.22, 61.347, 61.039, 61.505, 60.859, 60.363, 61.924, 62.791, 59.716, 55.505, 52.64, 51.842, 51.282, 50.172, 50.356, 50.466, 50.462, 48.885, 46.043, 43.57, 38.789, 33.309, 30.084, 29.07, 28.31, 26.838, 25.39, 25.256, 22.569, 19.405, 18.6, 17.787, 17.052, 16.169, 14.068, 13.082, 12.155, 9.922, 6.819, 0.0, 7.338, 11.109, 14.16, 18.94, 23.709, 28.517, 31.716, 32.387, 32.381, 32.752, 33.256, 33.851, 34.217, 36.14, 41.154, 49.943, 55.319, 52.958, 51.839, 52.987, 55.142, 55.616, 57.964, 61.114, 58.886, 54.66, 50.498, 46.964, 45.823, 46.42, 46.841, 47.01, 47.498, 47.564, 47.509, 47.897, 47.825, 46.421, 44.039, 43.076, 43.27, 42.951, 42.89], [67.867, 67.189, 65.7, 63.688, 61.678, 61.36, 61.864, 61.284, 61.126, 63.14, 64.22, 61.276, 57.099, 54.288, 53.478, 52.835, 51.72, 51.889, 52.021, 51.997, 50.558, 48.019, 45.483, 40.492, 34.684, 31.144, 29.967, 29.216, 27.972, 26.822, 27.116, 25.066, 22.436, 21.714, 20.893, 20.185, 19.34, 17.959, 17.723, 16.994, 15.493, 13.371, 7.338, 0.0, 4.927, 9.957, 16.233, 21.539, 26.904, 30.454, 31.036, 31.063, 31.485, 32.087, 32.787, 33.112, 35.224, 40.82, 50.205, 55.776, 53.203, 51.939, 53.181, 55.394, 55.784, 58.291, 61.625, 59.391, 55.201, 50.975, 47.223, 45.95, 46.554, 47.026, 47.245, 47.795, 47.941, 48.033, 48.512, 48.46, 46.997, 44.374, 43.178, 43.342, 43.028, 42.958], [68.188, 67.532, 66.017, 63.927, 61.827, 61.511, 62.142, 61.71, 61.668, 63.796, 65.063, 62.387, 58.37, 55.567, 54.682, 54.028, 52.927, 53.064, 53.184, 53.146, 51.755, 49.191, 46.523, 41.692, 36.157, 32.633, 31.457, 30.752, 29.548, 28.361, 28.818, 27.199, 24.849, 24.186, 23.326, 22.493, 21.681, 20.694, 20.742, 20.201, 18.721, 16.503, 11.109, 4.927, 0.0, 6.477, 13.732, 19.683, 25.568, 29.319, 29.915, 29.945, 30.375, 31.022, 31.751, 32.233, 34.637, 40.518, 50.098, 55.696, 53.067, 51.791, 53.066, 55.277, 55.622, 58.198, 61.572, 59.316, 55.19, 51.099, 47.403, 46.157, 46.794, 47.247, 47.45, 48.025, 48.198, 48.373, 48.962, 48.946, 47.428, 44.728, 43.585, 43.811, 43.508, 43.445], [66.507, 65.898, 64.4, 62.289, 60.156, 59.854, 60.757, 60.601, 60.516, 62.542, 63.949, 61.788, 58.19, 55.355, 54.304, 53.665, 52.653, 52.815, 52.888, 52.847, 51.43, 48.626, 45.844, 41.86, 37.8, 35.205, 34.45, 33.937, 32.752, 31.399, 31.877, 30.322, 27.665, 26.951, 26.078, 25.01, 24.219, 23.329, 23.196, 22.799, 21.111, 18.564, 14.16, 9.957, 6.477, 0.0, 8.012, 15.408, 22.217, 26.227, 26.955, 26.911, 27.28, 27.904, 28.711, 29.881, 32.975, 38.79, 48.059, 53.49, 50.941, 49.698, 50.799, 52.88, 53.153, 55.667, 59.006, 56.799, 53.05, 49.735, 46.909, 46.166, 46.93, 47.351, 47.504, 48.017, 48.257, 48.594, 49.324, 49.346, 47.707, 45.117, 44.597, 45.204, 44.967, 44.93], [64.077, 63.464, 61.946, 59.774, 57.586, 57.286, 58.393, 58.487, 58.369, 60.292, 61.778, 60.134, 57.152, 54.486, 53.307, 52.723, 51.911, 52.168, 52.176, 52.126, 50.755, 47.816, 45.001, 42.106, 39.76, 38.24, 37.968, 37.637, 36.52, 35.085, 35.646, 34.141, 31.208, 30.427, 29.547, 28.26, 27.462, 26.612, 26.255, 26.055, 24.465, 22.039, 18.94, 16.233, 13.732, 8.012, 0.0, 9.296, 17.483, 21.932, 22.85, 22.756, 23.07, 23.703, 24.654, 26.86, 30.948, 36.613, 45.366, 50.566, 48.182, 47.008, 47.871, 49.78, 49.946, 52.345, 55.672, 53.711, 50.734, 48.727, 47.303, 47.306, 48.251, 48.625, 48.712, 49.095, 49.324, 49.782, 50.593, 50.622, 48.884, 46.662, 47.109, 48.23, 48.115, 48.05], [62.408, 61.753, 60.189, 57.953, 55.721, 55.413, 56.57, 56.778, 56.688, 58.6, 60.128, 58.763, 56.177, 53.977, 53.002, 52.456, 51.922, 52.324, 52.332, 52.275, 51.081, 48.503, 45.805, 43.513, 41.947, 40.925, 40.97, 40.714, 39.725, 38.488, 39.251, 37.819, 34.802, 33.938, 33.058, 31.741, 30.936, 30.037, 29.499, 29.429, 28.006, 25.95, 23.709, 21.539, 19.683, 15.408, 9.296, 0.0, 9.975, 16.132, 17.407, 17.4, 17.775, 18.542, 19.734, 23.141, 28.412, 34.066, 42.477, 47.633, 45.467, 44.388, 45.19, 47.021, 47.127, 49.591, 53.157, 51.581, 49.137, 47.899, 47.401, 47.878, 48.945, 49.29, 49.318, 49.562, 49.672, 50.141, 50.977, 51.026, 49.264, 47.545, 48.917, 50.447, 50.43, 50.288], [62.287, 61.562, 59.941, 57.657, 55.411, 55.093, 56.256, 56.581, 56.514, 58.36, 59.907, 58.786, 56.488, 54.589, 53.974, 53.544, 53.106, 53.598, 53.585, 53.528, 52.395, 49.971, 47.34, 45.435, 44.267, 43.442, 43.768, 43.631, 42.842, 41.969, 42.952, 41.559, 38.516, 37.646, 36.831, 35.638, 34.946, 34.054, 33.387, 33.374, 32.097, 30.258, 28.517, 26.904, 25.568, 22.217, 17.483, 9.975, 0.0, 8.108, 10.583, 10.73, 11.092, 11.883, 13.778, 19.804, 26.768, 32.195, 40.134, 45.245, 43.22, 42.106, 42.554, 44.037, 44.091, 46.674, 50.466, 49.337, 47.299, 46.541, 46.736, 47.632, 48.835, 49.187, 49.205, 49.311, 49.341, 49.819, 50.633, 50.682, 48.809, 47.455, 50.015, 52.202, 52.284, 52.132], [62.512, 61.737, 60.062, 57.696, 55.372, 55.063, 56.387, 56.84, 56.764, 58.639, 60.233, 59.285, 57.216, 55.405, 54.913, 54.662, 54.353, 54.948, 54.898, 54.841, 53.676, 51.128, 48.495, 46.954, 46.133, 45.347, 45.738, 45.63, 44.942, 44.278, 45.431, 44.074, 40.989, 40.208, 39.485, 38.353, 37.742, 36.977, 36.363, 36.361, 35.092, 33.295, 31.716, 30.454, 29.319, 26.227, 21.932, 16.132, 8.108, 0.0, 4.11, 4.96, 5.609, 6.715, 10.019, 18.381, 26.477, 31.809, 39.513, 44.475, 42.033, 40.673, 41.153, 42.672, 42.705, 45.576, 49.552, 48.532, 46.78, 46.416, 46.954, 48.015, 49.287, 49.625, 49.65, 49.671, 49.627, 50.056, 50.837, 50.882, 48.885, 47.472, 50.612, 53.431, 53.7, 53.559], [62.322, 61.521, 59.791, 57.344, 54.953, 54.653, 56.103, 56.582, 56.496, 58.464, 60.094, 59.197, 57.162, 55.401, 54.93, 54.71, 54.542, 55.223, 55.181, 55.125, 53.984, 51.547, 48.941, 47.415, 46.608, 45.784, 46.135, 45.996, 45.314, 44.67, 45.85, 44.491, 41.382, 40.641, 39.954, 38.829, 38.206, 37.533, 37.048, 37.046, 35.756, 33.991, 32.387, 31.036, 29.915, 26.955, 22.85, 17.407, 10.583, 4.11, 0.0, 2.293, 4.148, 6.107, 9.869, 18.026, 26.233, 31.784, 39.632, 44.509, 41.634, 40.129, 40.929, 42.785, 42.841, 45.903, 50.032, 48.875, 47.12, 46.809, 47.277, 48.234, 49.473, 49.809, 49.828, 49.837, 49.746, 50.146, 50.921, 50.967, 48.966, 47.444, 50.458, 53.436, 53.86, 53.731], [62.133, 61.346, 59.621, 57.179, 54.803, 54.506, 55.976, 56.468, 56.342, 58.252, 59.876, 59.038, 57.038, 55.262, 54.778, 54.542, 54.363, 55.045, 55.0, 54.946, 53.8, 51.349, 48.738, 47.258, 46.561, 45.824, 46.203, 46.078, 45.375, 44.68, 45.824, 44.469, 41.362, 40.618, 39.938, 38.822, 38.214, 37.565, 37.091, 37.073, 35.763, 33.975, 32.381, 31.063, 29.945, 26.911, 22.756, 17.4, 10.73, 4.96, 2.293, 0.0, 2.431, 4.907, 9.11, 17.589, 25.861, 31.357, 39.127, 43.959, 41.101, 39.617, 40.375, 42.19, 42.235, 45.271, 49.391, 48.211, 46.496, 46.333, 46.951, 47.963, 49.196, 49.553, 49.58, 49.587, 49.51, 49.931, 50.728, 50.784, 48.796, 47.3, 50.334, 53.326, 53.783, 53.696], [62.072, 61.308, 59.609, 57.189, 54.83, 54.531, 56.009, 56.535, 56.398, 58.251, 59.876, 59.092, 57.134, 55.349, 54.858, 54.617, 54.411, 55.076, 55.035, 54.987, 53.83, 51.363, 48.78, 47.378, 46.77, 46.098, 46.51, 46.41, 45.722, 45.035, 46.194, 44.857, 41.752, 41.005, 40.327, 39.199, 38.602, 37.976, 37.499, 37.483, 36.168, 34.35, 32.752, 31.485, 30.375, 27.28, 23.07, 17.775, 11.092, 5.609, 4.148, 2.431, 0.0, 2.881, 7.798, 16.867, 25.256, 30.631, 38.301, 43.102, 40.312, 38.879, 39.585, 41.302, 41.311, 44.339, 48.409, 47.236, 45.622, 45.651, 46.465, 47.578, 48.828, 49.188, 49.217, 49.221, 49.161, 49.61, 50.436, 50.507, 48.522, 47.081, 50.215, 53.228, 53.683, 53.626], [62.184, 61.442, 59.767, 57.362, 55.011, 54.708, 56.198, 56.761, 56.597, 58.361, 59.966, 59.215, 57.289, 55.496, 55.01, 54.76, 54.514, 55.165, 55.126, 55.09, 53.917, 51.401, 48.832, 47.501, 46.978, 46.359, 46.808, 46.754, 46.103, 45.458, 46.65, 45.325, 42.216, 41.46, 40.768, 39.621, 39.052, 38.461, 37.962, 37.956, 36.646, 34.816, 33.256, 32.087, 31.022, 27.904, 23.703, 18.542, 11.883, 6.715, 6.107, 4.907, 2.881, 0.0, 5.814, 15.712, 24.316, 29.562, 37.161, 41.944, 39.201, 37.847, 38.543, 40.188, 40.159, 43.186, 47.203, 46.062, 44.643, 44.944, 45.977, 47.196, 48.48, 48.829, 48.849, 48.844, 48.805, 49.284, 50.137, 50.229, 48.27, 46.924, 50.179, 53.203, 53.643, 53.61], [61.751, 61.058, 59.425, 57.027, 54.673, 54.359, 55.825, 56.447, 56.263, 57.853, 59.431, 58.736, 56.881, 55.139, 54.663, 54.359, 54.002, 54.596, 54.574, 54.53, 53.43, 51.087, 48.542, 47.075, 46.638, 46.136, 46.655, 46.697, 46.033, 45.383, 46.632, 45.449, 42.552, 41.863, 41.125, 39.851, 39.279, 38.822, 38.314, 38.31, 37.066, 35.312, 33.851, 32.787, 31.751, 28.711, 24.654, 19.734, 13.778, 10.019, 9.869, 9.11, 7.798, 5.814, 0.0, 10.922, 20.354, 25.988, 33.971, 38.907, 36.294, 35.274, 36.341, 38.263, 38.281, 41.31, 45.26, 44.06, 42.854, 43.607, 44.946, 46.3, 47.677, 47.999, 47.977, 47.954, 47.949, 48.459, 49.319, 49.418, 47.609, 46.578, 49.914, 52.841, 53.273, 53.243], [60.842, 60.237, 58.669, 56.308, 53.975, 53.637, 54.982, 55.631, 55.546, 57.094, 58.695, 57.894, 55.932, 54.3, 53.92, 53.483, 52.938, 53.452, 53.533, 53.484, 52.549, 50.961, 48.81, 46.56, 45.412, 44.813, 45.351, 45.478, 44.805, 44.255, 45.567, 44.652, 42.322, 41.858, 41.108, 39.649, 38.966, 38.732, 38.293, 38.217, 37.213, 35.706, 34.217, 33.112, 32.233, 29.881, 26.86, 23.141, 19.804, 18.381, 18.026, 17.589, 16.867, 15.712, 10.922, 0.0, 10.569, 18.228, 28.303, 33.97, 31.373, 30.901, 33.11, 36.144, 36.525, 39.68, 43.709, 42.236, 40.752, 41.404, 42.548, 43.817, 45.31, 45.655, 45.596, 45.592, 45.623, 46.164, 46.997, 47.089, 45.645, 45.001, 47.94, 50.588, 51.091, 51.018], [59.755, 59.294, 57.895, 55.732, 53.592, 53.246, 54.361, 55.032, 55.078, 56.633, 58.317, 57.4, 55.329, 53.801, 53.531, 52.957, 52.197, 52.603, 52.802, 52.766, 51.987, 51.205, 49.763, 47.06, 45.28, 44.765, 45.475, 45.727, 45.107, 44.744, 46.006, 45.276, 43.501, 43.264, 42.562, 41.028, 40.296, 40.172, 39.665, 39.476, 38.764, 37.522, 36.14, 35.224, 34.637, 32.975, 30.948, 28.412, 26.768, 26.477, 26.233, 25.861, 25.256, 24.316, 20.354, 10.569, 0.0, 10.215, 22.685, 29.218, 27.097, 27.238, 30.207, 34.109, 34.996, 38.028, 42.05, 40.518, 38.516, 38.727, 39.758, 41.105, 42.728, 43.175, 43.131, 43.11, 43.185, 43.819, 44.639, 44.723, 43.663, 43.457, 46.106, 48.538, 49.136, 49.021], [57.396, 57.123, 56.026, 54.244, 52.476, 52.182, 53.219, 54.094, 54.073, 55.37, 57.229, 56.57, 54.759, 53.426, 53.219, 52.553, 51.738, 52.112, 52.396, 52.375, 51.746, 51.542, 50.861, 48.98, 48.087, 48.388, 49.619, 50.079, 49.543, 49.319, 50.481, 49.669, 47.971, 47.833, 47.227, 45.754, 45.161, 44.957, 44.091, 43.81, 43.185, 42.059, 41.154, 40.82, 40.518, 38.79, 36.613, 34.066, 32.195, 31.809, 31.784, 31.357, 30.631, 29.562, 25.988, 18.228, 10.215, 0.0, 13.443, 20.923, 20.456, 21.584, 24.574, 28.817, 30.213, 32.799, 36.682, 35.533, 33.573, 34.46, 36.958, 39.2, 41.048, 41.629, 41.598, 41.337, 41.408, 42.28, 43.206, 43.342, 42.502, 42.939, 46.294, 49.028, 49.722, 49.6], [55.739, 55.743, 55.091, 53.859, 52.619, 52.419, 53.541, 54.72, 54.36, 55.011, 57.012, 57.034, 55.878, 54.869, 54.671, 53.951, 53.225, 53.599, 53.949, 53.943, 53.561, 54.01, 54.092, 53.615, 54.456, 55.919, 57.672, 58.29, 57.774, 57.57, 58.623, 57.72, 55.969, 55.873, 55.401, 54.019, 53.589, 53.343, 52.171, 51.841, 51.237, 50.237, 49.943, 50.205, 50.098, 48.059, 45.366, 42.477, 40.134, 39.513, 39.632, 39.127, 38.301, 37.161, 33.971, 28.303, 22.685, 13.443, 0.0, 9.161, 14.306, 17.581, 19.908, 24.294, 26.292, 27.652, 30.967, 30.697, 29.67, 32.658, 37.85, 41.271, 43.212, 43.866, 43.762, 43.141, 43.229, 44.435, 45.558, 45.823, 45.276, 46.59, 50.869, 53.937, 54.708, 54.599], [56.341, 56.495, 56.02, 54.942, 53.836, 53.653, 54.918, 56.282, 55.679, 55.89, 57.886, 58.423, 57.771, 56.946, 56.73, 55.969, 55.279, 55.648, 56.0, 55.996, 55.742, 56.489, 56.858, 57.01, 58.715, 60.731, 62.679, 6