[[0.0, 10.446, 14.934, 20.838, 26.148, 28.495, 29.932, 31.443, 34.455, 39.109, 44.342, 47.467, 48.072, 47.831, 47.857, 48.228, 49.197, 50.875, 52.164, 51.618, 51.191, 52.081, 54.134, 56.259, 57.985, 60.705, 63.399, 62.603, 63.901, 68.808, 71.68, 71.72, 70.624, 70.774, 72.026, 72.783, 73.165, 73.595, 74.285, 74.872, 74.837, 74.303, 74.295, 74.83, 75.471, 75.83, 75.245, 73.244, 71.504, 70.559, 70.259, 70.632, 71.556, 72.275, 72.592, 72.528, 71.746, 71.208, 71.152, 71.007, 70.788, 70.287, 69.727, 69.021, 67.606, 67.184, 67.771, 68.078, 68.953, 69.843, 70.09, 69.607, 68.799, 67.179, 66.377, 66.262, 65.757, 63.837, 62.718, 62.919, 62.572, 59.754, 56.531, 55.352, 54.977, 53.224], [10.446, 0.0, 7.128, 16.331, 22.059, 24.186, 25.571, 26.574, 28.758, 32.988, 38.161, 41.381, 42.295, 42.426, 42.6, 42.972, 43.962, 45.686, 46.858, 46.157, 45.671, 46.559, 48.642, 50.795, 52.53, 55.326, 58.224, 57.749, 59.786, 65.143, 68.244, 68.509, 67.499, 67.762, 69.438, 70.749, 71.514, 72.129, 72.877, 73.463, 73.431, 72.931, 72.955, 73.498, 74.17, 74.627, 73.971, 71.585, 69.609, 68.579, 68.209, 68.549, 69.447, 70.046, 70.266, 70.146, 69.236, 68.554, 68.415, 68.166, 67.777, 67.063, 66.488, 66.024, 64.993, 64.771, 65.29, 65.39, 65.891, 66.418, 66.64, 66.132, 65.378, 63.855, 63.057, 62.924, 62.403, 60.661, 59.985, 60.399, 59.898, 56.986, 53.887, 52.869, 52.61, 50.899], [14.934, 7.128, 0.0, 10.729, 17.167, 19.695, 21.466, 22.789, 25.164, 29.49, 34.854, 38.277, 39.371, 39.59, 39.751, 40.19, 41.265, 42.962, 44.075, 43.345, 42.856, 43.807, 45.927, 48.081, 50.027, 53.319, 56.563, 56.278, 58.705, 64.278, 67.483, 67.931, 66.989, 67.171, 68.854, 70.434, 71.542, 72.37, 73.207, 73.835, 73.816, 73.28, 73.24, 73.717, 74.388, 74.936, 74.303, 71.796, 69.746, 68.687, 68.309, 68.664, 69.543, 70.05, 70.216, 70.122, 69.26, 68.643, 68.546, 68.306, 67.881, 67.125, 66.656, 66.485, 65.688, 65.418, 65.778, 65.795, 66.23, 66.73, 66.973, 66.508, 65.772, 64.231, 63.428, 63.317, 62.803, 61.203, 60.824, 61.348, 60.728, 57.734, 54.727, 53.777, 53.526, 51.906], [20.838, 16.331, 10.729, 0.0, 7.618, 11.809, 15.08, 17.786, 21.38, 26.384, 32.24, 35.977, 37.052, 37.074, 37.078, 37.578, 38.768, 40.43, 41.55, 40.877, 40.426, 41.458, 43.634, 45.929, 48.357, 52.526, 56.376, 56.373, 59.186, 64.92, 68.134, 68.693, 67.79, 67.916, 69.571, 71.285, 72.665, 73.752, 74.763, 75.495, 75.493, 74.905, 74.821, 75.244, 75.896, 76.522, 75.94, 73.376, 71.194, 70.026, 69.628, 70.009, 70.878, 71.279, 71.341, 71.276, 70.547, 70.078, 70.052, 69.842, 69.36, 68.43, 67.814, 67.73, 67.033, 66.586, 66.742, 66.686, 67.116, 67.68, 67.923, 67.491, 66.718, 65.122, 64.362, 64.289, 63.797, 62.367, 62.374, 63.077, 62.37, 59.373, 56.631, 55.912, 55.726, 54.2], [26.148, 22.059, 17.167, 7.618, 0.0, 5.73, 10.652, 14.545, 18.861, 24.045, 29.974, 33.827, 34.913, 34.915, 34.882, 35.351, 36.539, 38.168, 39.307, 38.719, 38.356, 39.468, 41.724, 44.213, 46.979, 51.688, 55.962, 56.22, 59.42, 65.323, 68.571, 69.181, 68.29, 68.421, 70.123, 71.944, 73.452, 74.695, 75.856, 76.705, 76.746, 76.145, 76.052, 76.452, 77.077, 77.724, 77.182, 74.652, 72.462, 71.256, 70.839, 71.227, 72.083, 72.426, 72.447, 72.394, 71.689, 71.225, 71.183, 70.937, 70.346, 69.23, 68.462, 68.411, 67.797, 67.273, 67.312, 67.162, 67.455, 67.902, 68.107, 67.654, 66.829, 65.145, 64.36, 64.319, 63.849, 62.552, 62.826, 63.697, 62.974, 59.93, 57.202, 56.551, 56.437, 54.965], [28.495, 24.186, 19.695, 11.809, 5.73, 0.0, 5.903, 10.889, 16.017, 21.496, 27.645, 31.632, 32.684, 32.7, 32.727, 33.175, 34.367, 36.014, 37.204, 36.716, 36.463, 37.702, 40.091, 42.719, 45.585, 50.483, 54.98, 55.38, 58.828, 64.919, 68.244, 68.833, 67.913, 68.047, 69.771, 71.616, 73.121, 74.395, 75.651, 76.644, 76.791, 76.217, 76.121, 76.505, 77.099, 77.728, 77.214, 74.783, 72.717, 71.566, 71.149, 71.529, 72.392, 72.759, 72.806, 72.743, 71.996, 71.485, 71.422, 71.149, 70.481, 69.277, 68.449, 68.379, 67.773, 67.253, 67.282, 67.075, 67.258, 67.617, 67.817, 67.35, 66.479, 64.675, 63.822, 63.817, 63.354, 62.079, 62.404, 63.324, 62.628, 59.505, 56.575, 55.792, 55.679, 54.259], [29.932, 25.571, 21.466, 15.08, 10.652, 5.903, 0.0, 6.263, 13.008, 19.487, 26.297, 30.513, 31.481, 31.471, 31.57, 32.014, 33.21, 34.847, 36.099, 35.774, 35.68, 37.13, 39.761, 42.538, 45.368, 50.239, 54.83, 55.267, 58.771, 64.933, 68.245, 68.725, 67.731, 67.85, 69.566, 71.381, 72.823, 74.06, 75.331, 76.441, 76.774, 76.339, 76.29, 76.675, 77.234, 77.815, 77.294, 74.929, 72.979, 71.905, 71.5, 71.866, 72.746, 73.174, 73.25, 73.153, 72.354, 71.822, 71.765, 71.502, 70.839, 69.647, 68.813, 68.644, 67.957, 67.48, 67.58, 67.376, 67.543, 67.892, 68.105, 67.612, 66.681, 64.798, 63.912, 63.916, 63.469, 62.184, 62.453, 63.323, 62.646, 59.542, 56.555, 55.7, 55.551, 54.127], [31.443, 26.574, 22.789, 17.786, 14.545, 10.889, 6.263, 0.0, 8.063, 16.021, 23.832, 28.307, 29.225, 29.345, 29.592, 30.084, 31.299, 32.926, 34.209, 34.048, 34.14, 35.813, 38.696, 41.643, 44.477, 49.298, 53.953, 54.513, 58.184, 64.37, 67.611, 67.977, 66.907, 67.021, 68.795, 70.653, 72.086, 73.309, 74.564, 75.71, 76.198, 75.966, 76.039, 76.453, 76.98, 77.522, 76.961, 74.537, 72.596, 71.556, 71.15, 71.496, 72.363, 72.792, 72.846, 72.677, 71.784, 71.2, 71.118, 70.827, 70.146, 68.93, 68.105, 67.934, 67.311, 66.913, 67.059, 66.836, 66.932, 67.192, 67.426, 66.91, 65.922, 64.013, 63.118, 63.129, 62.713, 61.658, 62.228, 63.14, 62.412, 59.367, 56.572, 55.821, 55.685, 54.25], [34.455, 28.758, 25.164, 21.38, 18.861, 16.017, 13.008, 8.063, 0.0, 9.187, 18.225, 23.109, 24.093, 24.506, 24.96, 25.501, 26.775, 28.469, 29.772, 29.771, 30.104, 31.96, 35.057, 38.287, 41.323, 46.322, 51.231, 52.183, 56.5, 62.957, 66.257, 66.692, 65.658, 65.82, 67.754, 69.776, 71.315, 72.607, 73.904, 75.064, 75.574, 75.432, 75.594, 76.033, 76.564, 77.142, 76.53, 73.899, 71.802, 70.689, 70.238, 70.545, 71.355, 71.649, 71.549, 71.26, 70.22, 69.462, 69.257, 68.866, 68.054, 66.657, 65.711, 65.604, 65.229, 64.862, 64.911, 64.567, 64.443, 64.525, 64.79, 64.28, 63.297, 61.458, 60.645, 60.717, 60.332, 59.641, 60.807, 61.876, 61.047, 58.063, 55.656, 55.199, 55.174, 53.863], [39.109, 32.988, 29.49, 26.384, 24.045, 21.496, 19.487, 16.021, 9.187, 0.0, 9.815, 15.306, 16.781, 17.82, 18.545, 19.064, 20.3, 21.993, 23.299, 23.501, 24.188, 26.275, 29.642, 33.351, 36.754, 42.16, 47.554, 49.205, 54.756, 61.813, 65.362, 66.084, 65.223, 65.518, 67.719, 69.985, 71.673, 73.081, 74.501, 75.731, 76.191, 75.97, 76.099, 76.563, 77.195, 77.908, 77.254, 74.327, 71.958, 70.696, 70.165, 70.417, 71.126, 71.182, 70.859, 70.48, 69.355, 68.433, 68.086, 67.58, 66.593, 64.942, 63.73, 63.6, 63.47, 63.028, 62.86, 62.331, 61.852, 61.667, 61.938, 61.441, 60.523, 58.831, 58.2, 58.377, 58.002, 57.573, 59.22, 60.385, 59.428, 56.48, 54.417, 54.246, 54.39, 53.343], [44.342, 38.161, 34.854, 32.24, 29.974, 27.645, 26.297, 23.832, 18.225, 9.815, 0.0, 6.229, 9.561, 12.376, 13.587, 14.002, 14.895, 16.267, 17.416, 17.958, 19.295, 21.781, 25.549, 29.783, 33.396, 39.07, 44.908, 47.32, 54.164, 61.795, 65.577, 66.601, 65.952, 66.417, 68.861, 71.313, 73.101, 74.598, 76.139, 77.446, 77.858, 77.516, 77.546, 78.026, 78.801, 79.659, 78.966, 75.774, 73.143, 71.742, 71.142, 71.342, 71.936, 71.765, 71.264, 70.829, 69.652, 68.619, 68.157, 67.553, 66.457, 64.685, 63.281, 63.035, 63.005, 62.5, 62.191, 61.539, 60.731, 60.233, 60.468, 59.983, 59.145, 57.666, 57.269, 57.528, 57.147, 56.853, 58.767, 59.936, 58.857, 55.975, 54.192, 54.23, 54.528, 53.743], [47.467, 41.381, 38.277, 35.977, 33.827, 31.632, 30.513, 28.307, 23.109, 15.306, 6.229, 0.0, 5.541, 10.086, 11.769, 12.154, 12.772, 13.894, 14.896, 15.632, 17.433, 20.198, 24.167, 28.538, 32.056, 37.679, 43.665, 46.517, 54.006, 61.827, 65.65, 66.769, 66.217, 66.774, 69.308, 71.817, 73.648, 75.181, 76.76, 78.102, 78.519, 78.145, 78.121, 78.596, 79.436, 80.369, 79.669, 76.354, 73.614, 72.168, 71.547, 71.718, 72.235, 71.955, 71.392, 70.942, 69.758, 68.723, 68.257, 67.637, 66.546, 64.81, 63.423, 63.154, 63.135, 62.676, 62.402, 61.751, 60.85, 60.226, 60.428, 59.96, 59.182, 57.891, 57.678, 57.999, 57.633, 57.419, 59.443, 60.571, 59.448, 56.66, 55.071, 55.223, 55.583, 54.938], [48.072, 42.295, 39.371, 37.052, 34.913, 32.684, 31.481, 29.225, 24.093, 16.781, 9.561, 5.541, 0.0, 5.481, 7.889, 8.512, 9.403, 10.881, 12.18, 13.109, 15.21, 18.247, 22.454, 27.043, 30.686, 36.444, 42.61, 45.742, 53.541, 61.391, 65.125, 66.197, 65.627, 66.195, 68.747, 71.255, 73.098, 74.659, 76.26, 77.644, 78.117, 77.756, 77.713, 78.18, 79.041, 80.028, 79.386, 76.078, 73.319, 71.856, 71.224, 71.376, 71.867, 71.556, 70.958, 70.511, 69.37, 68.39, 67.974, 67.426, 66.38, 64.586, 63.161, 63.008, 63.116, 62.731, 62.497, 61.882, 61.032, 60.449, 60.631, 60.147, 59.344, 58.092, 57.953, 58.349, 58.044, 57.954, 60.053, 61.132, 60.024, 57.272, 55.791, 56.03, 56.431, 55.84], [47.831, 42.426, 39.59, 37.074, 34.915, 32.7, 31.471, 29.345, 24.506, 17.82, 12.376, 10.086, 5.481, 0.0, 3.102, 4.42, 6.079, 8.084, 9.818, 11.044, 13.482, 16.849, 21.414, 26.331, 30.159, 36.107, 42.421, 45.669, 53.575, 61.44, 65.109, 66.131, 65.53, 66.077, 68.609, 71.081, 72.907, 74.473, 76.079, 77.485, 77.976, 77.59, 77.509, 77.959, 78.839, 79.86, 79.301, 76.077, 73.318, 71.829, 71.186, 71.328, 71.828, 71.518, 70.866, 70.385, 69.244, 68.233, 67.819, 67.355, 66.345, 64.45, 62.933, 62.905, 63.145, 62.771, 62.498, 61.883, 61.088, 60.585, 60.743, 60.228, 59.366, 58.095, 58.005, 58.457, 58.202, 58.143, 60.192, 61.195, 60.094, 57.354, 55.954, 56.272, 56.715, 56.153], [47.857, 42.6, 39.751, 37.078, 34.882, 32.727, 31.57, 29.592, 24.96, 18.545, 13.587, 11.769, 7.889, 3.102, 0.0, 2.351, 4.665, 6.927, 8.919, 10.29, 12.885, 16.418, 21.194, 26.299, 30.178, 36.154, 42.513, 45.828, 53.81, 61.691, 65.338, 66.349, 65.737, 66.277, 68.801, 71.257, 73.075, 74.64, 76.243, 77.644, 78.12, 77.707, 77.604, 78.05, 78.945, 79.973, 79.433, 76.231, 73.453, 71.947, 71.301, 71.444, 71.951, 71.639, 70.955, 70.451, 69.3, 68.26, 67.826, 67.385, 66.395, 64.459, 62.892, 62.891, 63.156, 62.764, 62.466, 61.842, 61.063, 60.596, 60.736, 60.205, 59.312, 58.026, 57.958, 58.422, 58.179, 58.1, 60.092, 61.054, 59.939, 57.204, 55.849, 56.202, 56.653, 56.105], [48.228, 42.972, 40.19, 37.578, 35.351, 33.175, 32.014, 30.084, 25.501, 19.064, 14.002, 12.154, 8.512, 4.42, 2.351, 0.0, 3.052, 6.181, 8.44, 9.93, 12.732, 16.347, 21.23, 26.459, 30.328, 36.213, 42.558, 46.004, 54.147, 62.065, 65.695, 66.7, 66.087, 66.632, 69.17, 71.624, 73.426, 74.984, 76.59, 77.995, 78.471, 78.051, 77.943, 78.392, 79.291, 80.317, 79.764, 76.528, 73.715, 72.194, 71.545, 71.682, 72.183, 71.861, 71.153, 70.627, 69.459, 68.395, 67.935, 67.482, 66.491, 64.504, 62.813, 62.698, 62.913, 62.5, 62.206, 61.593, 60.801, 60.321, 60.457, 59.894, 58.988, 57.706, 57.64, 58.101, 57.871, 57.775, 59.709, 60.649, 59.548, 56.848, 55.536, 55.92, 56.382, 55.844], [49.197, 43.962, 41.265, 38.768, 36.539, 34.367, 33.21, 31.299, 26.775, 20.3, 14.895, 12.772, 9.403, 6.079, 4.665, 3.052, 0.0, 4.151, 7.35, 9.56, 12.742, 16.447, 21.468, 26.916, 30.899, 36.77, 43.091, 46.686, 55.028, 62.933, 66.506, 67.502, 66.898, 67.462, 70.042, 72.525, 74.327, 75.885, 77.494, 78.915, 79.418, 79.024, 78.928, 79.398, 80.341, 81.4, 80.838, 77.552, 74.68, 73.141, 72.488, 72.617, 73.091, 72.743, 72.022, 71.499, 70.33, 69.239, 68.751, 68.302, 67.302, 65.275, 63.507, 63.298, 63.466, 63.034, 62.747, 62.122, 61.264, 60.713, 60.81, 60.167, 59.197, 57.886, 57.819, 58.283, 58.072, 58.029, 59.939, 60.794, 59.652, 56.953, 55.654, 56.052, 56.54, 56.039], [50.875, 45.686, 42.962, 40.43, 38.168, 36.014, 34.847, 32.926, 28.469, 21.993, 16.267, 13.894, 10.881, 8.084, 6.927, 6.181, 4.151, 0.0, 4.575, 8.637, 12.649, 16.645, 22.008, 27.851, 32.107, 38.161, 44.586, 48.254, 56.589, 64.418, 67.934, 68.919, 68.32, 68.898, 71.508, 74.027, 75.837, 77.388, 78.99, 80.419, 80.961, 80.61, 80.539, 81.045, 82.062, 83.168, 82.607, 79.296, 76.387, 74.837, 74.182, 74.308, 74.769, 74.407, 73.677, 73.168, 72.004, 70.871, 70.358, 69.947, 68.929, 66.856, 65.061, 64.847, 65.029, 64.594, 64.302, 63.614, 62.623, 61.944, 61.975, 61.285, 60.231, 58.832, 58.74, 59.213, 59.025, 59.079, 61.019, 61.782, 60.539, 57.812, 56.537, 56.947, 57.477, 57.043], [52.164, 46.858, 44.075, 41.55, 39.307, 37.204, 36.099, 34.209, 29.772, 23.299, 17.416, 14.896, 12.18, 9.818, 8.919, 8.44, 7.35, 4.575, 0.0, 5.677, 10.787, 15.369, 21.185, 27.324, 31.774, 38.054, 44.64, 48.32, 56.584, 64.422, 67.971, 68.984, 68.424, 69.041, 71.712, 74.301, 76.153, 77.709, 79.298, 80.711, 81.255, 80.923, 80.857, 81.37, 82.412, 83.532, 82.962, 79.625, 76.701, 75.14, 74.472, 74.594, 75.063, 74.689, 73.944, 73.425, 72.251, 71.102, 70.59, 70.211, 69.187, 67.087, 65.277, 65.109, 65.378, 64.99, 64.704, 63.978, 62.88, 62.085, 62.1, 61.425, 60.39, 58.998, 58.898, 59.371, 59.173, 59.186, 61.137, 61.92, 60.653, 57.939, 56.723, 57.195, 57.769, 57.389], [51.618, 46.157, 43.345, 40.877, 38.719, 36.716, 35.774, 34.048, 29.771, 23.501, 17.958, 15.632, 13.109, 11.044, 10.29, 9.93, 9.56, 8.637, 5.677, 0.0, 5.826, 11.245, 17.605, 23.9, 28.472, 34.926, 41.583, 45.336, 53.828, 61.867, 65.54, 66.62, 66.111, 66.807, 69.605, 72.315, 74.255, 75.85, 77.443, 78.842, 79.368, 79.01, 78.911, 79.408, 80.441, 81.561, 80.961, 77.529, 74.558, 72.977, 72.298, 72.424, 72.903, 72.525, 71.792, 71.299, 70.17, 69.148, 68.734, 68.39, 67.406, 65.363, 63.655, 63.631, 64.002, 63.686, 63.424, 62.721, 61.642, 60.847, 60.881, 60.251, 59.313, 58.002, 57.923, 58.39, 58.124, 57.935, 59.831, 60.715, 59.51, 56.807, 55.619, 56.121, 56.669, 56.306], [51.191, 45.671, 42.856, 40.426, 38.356, 36.463, 35.68, 34.14, 30.104, 24.188, 19.295, 17.433, 15.21, 13.482, 12.885, 12.732, 12.742, 12.649, 10.787, 5.826, 0.0, 6.132, 13.152, 19.884, 24.776, 31.397, 38.044, 41.924, 50.833, 59.112, 62.897, 64.05, 63.577, 64.359, 67.31, 70.161, 72.201, 73.861, 75.491, 76.903, 77.413, 77.021, 76.902, 77.41, 78.476, 79.631, 78.999, 75.453, 72.416, 70.808, 70.121, 70.261, 70.733, 70.346, 69.663, 69.274, 68.261, 67.392, 67.082, 66.763, 65.813, 63.857, 62.38, 62.642, 63.192, 62.97, 62.725, 62.03, 60.977, 60.195, 60.229, 59.626, 58.745, 57.499, 57.465, 57.939, 57.607, 57.311, 59.21, 60.185, 59.006, 56.265, 55.081, 55.577, 56.069, 55.692], [52.081, 46.559, 43.807, 41.458, 39.468, 37.702, 37.13, 35.813, 31.96, 26.275, 21.781, 20.198, 18.247, 16.849, 16.418, 16.347, 16.447, 16.645, 15.369, 11.245, 6.132, 0.0, 7.665, 15.385, 20.925, 27.779, 34.511, 38.793, 48.354, 56.808, 60.644, 61.925, 61.522, 62.409, 65.563, 68.596, 70.769, 72.543, 74.261, 75.707, 76.179, 75.725, 75.583, 76.109, 77.232, 78.472, 77.804, 74.086, 70.909, 69.222, 68.502, 68.649, 69.089, 68.602, 67.909, 67.678, 66.85, 66.114, 65.867, 65.554, 64.552, 62.542, 61.269, 61.951, 62.84, 62.716, 62.439, 61.713, 60.604, 59.77, 59.803, 59.218, 58.374, 57.192, 57.226, 57.733, 57.376, 57.172, 59.261, 60.337, 59.13, 56.358, 55.258, 55.808, 56.295, 55.928], [54.134, 48.642, 45.927, 43.634, 41.724, 40.091, 39.761, 38.696, 35.057, 29.642, 25.549, 24.167, 22.454, 21.414, 21.194, 21.23, 21.468, 22.008, 21.185, 17.605, 13.152, 7.665, 0.0, 8.692, 15.353, 22.898, 29.859, 34.917, 45.586, 54.167, 57.986, 59.487, 59.221, 60.213, 63.576, 66.856, 69.248, 71.194, 73.032, 74.525, 74.939, 74.367, 74.134, 74.581, 75.645, 76.966, 76.288, 72.39, 69.111, 67.365, 66.611, 66.762, 67.126, 66.444, 65.703, 65.639, 65.096, 64.697, 64.637, 64.326, 63.229, 61.129, 60.084, 61.301, 62.693, 62.712, 62.318, 61.521, 60.355, 59.496, 59.588, 59.113, 58.411, 57.372, 57.498, 58.062, 57.693, 57.693, 60.196, 61.502, 60.294, 57.486, 56.407, 56.935, 57.39, 57.061], [56.259, 50.795, 48.081, 45.929, 44.213, 42.719, 42.538, 41.643, 38.287, 33.351, 29.783, 28.538, 27.043, 26.331, 26.299, 26.459, 26.916, 27.851, 27.324, 23.9, 19.884, 15.385, 8.692, 0.0, 8.051, 16.998, 24.322, 30.41, 42.516, 51.351, 55.21, 56.905, 56.77, 57.814, 61.269, 64.742, 67.335, 69.406, 71.314, 72.836, 73.2, 72.496, 72.116, 72.386, 73.227, 74.536, 73.896, 69.952, 66.783, 65.114, 64.36, 64.517, 64.805, 63.975, 63.251, 63.264, 62.945, 63.08, 63.385, 63.097, 61.975, 59.981, 59.246, 60.835, 62.624, 62.843, 62.35, 61.512, 60.392, 59.605, 59.816, 59.552, 59.077, 58.226, 58.407, 58.993, 58.601, 58.665, 61.501, 63.085, 61.965, 59.124, 57.892, 58.252, 58.595, 58.308], [57.985, 52.53, 50.027, 48.357, 46.979, 45.585, 45.368, 44.477, 41.323, 36.754, 33.396, 32.056, 30.686, 30.159, 30.178, 30.328, 30.899, 32.107, 31.774, 28.472, 24.776, 20.925, 15.353, 8.051, 0.0, 9.943, 18.199, 25.638, 39.229, 48.551, 52.618, 54.405, 54.307, 55.427, 58.942, 62.435, 65.031, 67.116, 69.057, 70.603, 70.944, 70.171, 69.724, 69.946, 70.684, 71.961, 71.33, 67.38, 64.338, 62.758, 62.017, 62.164, 62.427, 61.58, 60.895, 60.883, 60.579, 60.974, 61.512, 61.241, 60.17, 58.422, 58.042, 59.735, 61.537, 61.866, 61.41, 60.625, 59.633, 58.962, 59.263, 59.115, 58.776, 58.058, 58.294, 58.871, 58.437, 58.326, 61.105, 62.758, 61.734, 58.964, 57.717, 58.036, 58.301, 58.05], [60.705, 55.326, 53.319, 52.526, 51.688, 50.483, 50.239, 49.298, 46.322, 42.16, 39.07, 37.679, 36.444, 36.107, 36.154, 36.213, 36.77, 38.161, 38.054, 34.926, 31.397, 27.779, 22.898, 16.998, 9.943, 0.0, 9.687, 19.77, 35.398, 45.104, 49.333, 51.228, 51.149, 52.414, 56.114, 59.636, 62.178, 64.241, 66.207, 67.769, 68.079, 67.264, 66.828, 67.137, 67.947, 69.284, 68.582, 64.398, 61.282, 59.722, 58.987, 59.102, 59.305, 58.423, 57.749, 57.751, 57.496, 58.032, 58.681, 58.418, 57.436, 55.973, 56.078, 58.007, 59.843, 60.309, 59.98, 59.317, 58.478, 57.901, 58.266, 58.173, 57.973, 57.452, 57.805, 58.372, 57.887, 57.646, 60.32, 61.928, 60.966, 58.41, 57.411, 57.817, 58.021, 57.831], [63.399, 58.224, 56.563, 56.376, 55.962, 54.98, 54.83, 53.953, 51.231, 47.554, 44.908, 43.665, 42.61, 42.421, 42.513, 42.558, 43.091, 44.586, 44.64, 41.583, 38.044, 34.511, 29.859, 24.322, 18.199, 9.687, 0.0, 13.398, 31.277, 41.153, 45.449, 47.572, 47.573, 48.882, 52.72, 56.414, 59.091, 61.211, 63.195, 64.769, 65.049, 64.16, 63.683, 64.03, 64.928, 66.42, 65.675, 61.182, 57.942, 56.424, 55.711, 55.807, 55.927, 54.972, 54.308, 54.369, 54.245, 55.078, 55.891, 55.645, 54.885, 53.98, 54.901, 57.448, 59.607, 60.255, 59.996, 59.465, 58.828, 58.342, 58.718, 58.708, 58.661, 58.357, 58.806, 59.358, 58.826, 58.536, 61.174, 62.767, 61.825, 59.357, 58.448, 58.798, 58.897, 58.783], [62.603, 57.749, 56.278, 56.373, 56.22, 55.38, 55.267, 54.513, 52.183, 49.205, 47.32, 46.517, 45.742, 45.669, 45.828, 46.004, 46.686, 48.254, 48.32, 45.336, 41.924, 38.793, 34.917, 30.41, 25.638, 19.77, 13.398, 0.0, 19.386, 30.539, 36.033, 38.664, 38.816, 40.145, 44.0, 47.836, 50.79, 53.139, 55.226, 56.867, 57.199, 56.322, 55.896, 56.372, 57.471, 59.163, 58.477, 54.207, 51.415, 50.181, 49.588, 49.751, 49.945, 49.284, 49.026, 49.289, 49.204, 50.164, 51.099, 50.853, 50.601, 51.336, 54.311, 57.802, 59.892, 60.561, 60.518, 60.308, 60.189, 60.098, 60.592, 60.647, 60.695, 60.432, 60.808, 61.247, 60.555, 59.79, 61.939, 63.454, 62.627, 60.097, 58.781, 58.86, 58.788, 58.559], [63.901, 59.786, 58.705, 59.186, 59.42, 58.828, 58.771, 58.184, 56.5, 54.756, 54.164, 54.006, 53.541, 53.575, 53.81, 54.147, 55.028, 56.589, 56.584, 53.828, 50.833, 48.354, 45.586, 42.516, 39.229, 35.398, 31.277, 19.386, 0.0, 13.82, 22.683, 26.379, 27.111, 28.548, 32.024, 35.795, 39.115, 41.718, 43.781, 45.324, 45.661, 44.93, 44.759, 45.54, 46.942, 48.851, 48.218, 44.67, 43.24, 42.772, 42.469, 42.767, 43.111, 43.139, 43.897, 44.683, 44.812, 45.964, 47.17, 47.033, 47.364, 50.411, 56.393, 61.205, 63.128, 63.855, 64.19, 64.468, 65.102, 65.584, 66.246, 66.421, 66.631, 66.464, 66.74, 66.973, 66.129, 64.894, 66.386, 67.74, 67.155, 64.813, 63.203, 63.038, 62.797, 62.358], [68.808, 65.143, 64.278, 64.92, 65.323, 64.919, 64.933, 64.37, 62.957, 61.813, 61.795, 61.827, 61.391, 61.44, 61.691, 62.065, 62.933, 64.418, 64.422, 61.867, 59.112, 56.808, 54.167, 51.351, 48.551, 45.104, 41.153, 30.539, 13.82, 0.0, 11.034, 16.543, 18.683, 20.229, 23.524, 27.915, 32.104, 35.066, 36.976, 38.314, 38.656, 38.165, 38.286, 39.281, 40.964, 43.291, 42.58, 39.009, 38.516, 38.717, 38.652, 39.006, 39.269, 39.576, 41.075, 42.5, 43.305, 45.162, 46.856, 46.968, 47.493, 51.292, 58.848, 65.015, 67.59, 68.627, 69.054, 69.518, 70.48, 71.133, 71.806, 72.056, 72.363, 72.325, 72.613, 72.766, 71.936, 70.877, 72.383, 73.671, 73.135, 70.922, 69.363, 69.169, 68.907, 68.438], [71.68, 68.244, 67.483, 68.134, 68.571, 68.244, 68.245, 67.611, 66.257, 65.362, 65.577, 65.65, 65.125, 65.109, 65.338, 65.695, 66.506, 67.934, 67.971, 65.54, 62.897, 60.644, 57.986, 55.21, 52.618, 49.333, 45.449, 36.033, 22.683, 11.034, 0.0, 7.849, 12.017, 13.99, 18.086, 23.711, 28.702, 31.944, 33.753, 35.025, 35.591, 35.562, 36.023, 37.098, 38.906, 41.476, 40.535, 36.432, 36.043, 36.48, 36.487, 36.824, 36.993, 37.392, 39.208, 41.057, 42.513, 45.136, 47.299, 47.679, 48.265, 51.8, 59.41, 66.199, 69.521, 71.038, 71.55, 72.065, 73.103, 73.737, 74.337, 74.572, 74.871, 74.867, 75.155, 75.274, 74.492, 73.647, 75.272, 76.547, 76.005, 73.844, 72.418, 72.316, 72.096, 71.642], [71.72, 68.509, 67.931, 68.693, 69.181, 68.833, 68.725, 67.977, 66.692, 66.084, 66.601, 66.769, 66.197, 66.131, 66.349, 66.7, 67.502, 68.919, 68.984, 66.62, 64.05, 61.925, 59.487, 56.905, 54.405, 51.228, 47.572, 38.664, 26.379, 16.543, 7.849, 0.0, 5.592, 8.837, 14.014, 20.076, 25.063, 28.298, 30.062, 31.411, 32.338, 32.854, 33.717, 34.942, 36.724, 39.194, 38.155, 34.217, 34.258, 34.969, 35.057, 35.391, 35.595, 36.339, 38.508, 40.475, 42.068, 44.969, 47.356, 47.867, 48.548, 52.061, 59.467, 66.003, 69.303, 71.2, 72.027, 72.63, 73.721, 74.382, 74.961, 75.154, 75.406, 75.355, 75.601, 75.705, 74.93, 74.069, 75.643, 76.901, 76.392, 74.225, 72.739, 72.591, 72.333, 71.85], [70.624, 67.499, 66.989, 67.79, 68.29, 67.913, 67.731, 66.907, 65.658, 65.223, 65.952, 66.217, 65.627, 65.53, 65.737, 66.087, 66.898, 68.32, 68.424, 66.111, 63.577, 61.522, 59.221, 56.77, 54.307, 51.149, 47.573, 38.816, 27.111, 18.683, 12.017, 5.592, 0.0, 4.89, 11.598, 17.941, 22.862, 26.198, 28.122, 29.642, 30.79, 31.492, 32.508, 33.876, 35.73, 38.197, 37.2, 33.391, 33.585, 34.39, 34.507, 34.843, 35.077, 35.933, 38.186, 40.129, 41.592, 44.38, 46.731, 47.256, 47.983, 51.564, 58.985, 65.337, 68.393, 70.346, 71.399, 72.082, 73.2, 73.893, 74.485, 74.638, 74.812, 74.655, 74.835, 74.956, 74.186, 73.331, 74.915, 76.169, 75.654, 73.423, 71.841, 71.613, 71.304, 70.79], [70.774, 67.762, 67.171, 67.916, 68.421, 68.047, 67.85, 67.021, 65.82, 65.518, 66.417, 66.774, 66.195, 66.077, 66.277, 66.632, 67.462, 68.898, 69.041, 66.807, 64.359, 62.409, 60.213, 57.814, 55.427, 52.414, 48.882, 40.145, 28.548, 20.229, 13.99, 8.837, 4.89, 0.0, 7.711, 14.926, 20.47, 24.181, 26.349, 28.054, 29.326, 30.06, 31.081, 32.436, 34.326, 36.91, 36.03, 32.468, 33.106, 34.171, 34.386, 34.741, 34.969, 35.904, 38.272, 40.207, 41.527, 44.158, 46.445, 46.956, 47.734, 51.518, 59.268, 65.84, 68.884, 70.724, 71.77, 72.542, 73.807, 74.635, 75.292, 75.477, 75.608, 75.342, 75.44, 75.571, 74.819, 73.999, 75.583, 76.834, 76.333, 74.057, 72.394, 72.072, 71.701, 71.175], [72.026, 69.438, 68.854, 69.571, 70.123, 69.771, 69.566, 68.795, 67.754, 67.719, 68.861, 69.308, 68.747, 68.609, 68.801, 69.17, 70.042, 71.508, 71.712, 69.605, 67.31, 65.563, 63.576, 61.269, 58.942, 56.114, 52.72, 44.0, 32.024, 23.524, 18.086, 14.014, 11.598, 7.711, 0.0, 8.245, 14.947, 19.241, 21.7, 23.706, 25.203, 26.035, 27.084, 28.336, 30.129, 32.775, 32.109, 29.579, 31.709, 33.501, 33.996, 34.408, 34.637, 35.952, 38.775, 40.773, 41.993, 44.571, 46.88, 47.375, 48.281, 52.557, 60.822, 67.532, 70.432, 72.167, 73.206, 74.126, 75.755, 76.938, 77.743, 78.027, 78.166, 77.868, 77.95, 78.088, 77.357, 76.488, 77.916, 79.108, 78.686, 76.423, 74.629, 74.142, 73.658, 73.104], [72.783, 70.749, 70.434, 71.285, 71.944, 71.616, 71.381, 70.653, 69.776, 69.985, 71.313, 71.817, 71.255, 71.081, 71.257, 71.624, 72.525, 74.027, 74.301, 72.315, 70.161, 68.596, 66.856, 64.742, 62.435, 59.636, 56.414, 47.836, 35.795, 27.915, 23.711, 20.076, 17.941, 14.926, 8.245, 0.0, 7.452, 12.403, 15.496, 18.111, 19.952, 20.959, 22.187, 23.535, 25.336, 27.917, 27.463, 26.55, 30.378, 32.83, 33.563, 34.004, 34.258, 36.024, 39.264, 41.288, 42.404, 44.85, 47.114, 47.581, 48.631, 53.326, 61.822, 68.33, 70.888, 72.547, 73.686, 74.789, 76.796, 78.378, 79.361, 79.717, 79.865, 79.595, 79.716, 79.87, 79.148, 78.149, 79.324, 80.411, 80.104, 77.93, 76.067, 75.467, 74.898, 74.303], [73.165, 71.514, 71.542, 72.665, 73.452, 73.121, 72.823, 72.086, 71.315, 71.673, 73.101, 73.648, 73.098, 72.907, 73.075, 73.426, 74.327, 75.837, 76.153, 74.255, 72.201, 70.769, 69.248, 67.335, 65.031, 62.178, 59.091, 50.79, 39.115, 32.104, 28.702, 25.063, 22.862, 20.47, 14.947, 7.452, 0.0, 5.611, 9.852, 13.401, 15.76, 17.171, 18.809, 20.483, 22.354, 24.672, 24.279, 24.794, 29.805, 32.676, 33.551, 33.976, 34.272, 36.453, 40.0, 41.986, 42.959, 45.183, 47.329, 47.781, 48.932, 53.815, 62.253, 68.414, 70.635, 72.267, 73.544, 74.785, 77.012, 78.847, 79.979, 80.387, 80.538, 80.285, 80.421, 80.58, 79.853, 78.718, 79.672, 80.668, 80.462, 78.397, 76.529, 75.873, 75.253, 74.631], [73.595, 72.129, 72.37, 73.752, 74.695, 74.395, 74.06, 73.309, 72.607, 73.081, 74.598, 75.181, 74.659, 74.473, 74.64, 74.984, 75.885, 77.388, 77.709, 75.85, 73.861, 72.543, 71.194, 69.406, 67.116, 64.241, 61.211, 53.139, 41.718, 35.066, 31.944, 28.298, 26.198, 24.181, 19.241, 12.403, 5.611, 0.0, 5.095, 9.467, 12.498, 14.51, 16.535, 18.471, 20.368, 22.374, 21.88, 23.267, 29.119, 32.347, 33.34, 33.743, 34.099, 36.652, 40.455, 42.389, 43.251, 45.395, 47.527, 48.022, 49.291, 54.299, 62.641, 68.553, 70.598, 72.279, 73.657, 74.966, 77.302, 79.264, 80.478, 80.95, 81.152, 80.951, 81.106, 81.246, 80.509, 79.266, 80.051, 80.973, 80.828, 78.859, 77.032, 76.366, 75.725, 75.105], [74.285, 72.877, 73.207, 74.763, 75.856, 75.651, 75.331, 74.564, 73.904, 74.501, 76.139, 76.76, 76.26, 76.079, 76.243, 76.59, 77.494, 78.99, 79.298, 77.443, 75.491, 74.261, 73.032, 71.314, 69.057, 66.207, 63.195, 55.226, 43.781, 36.976, 33.753, 30.062, 28.122, 26.349, 21.7, 15.496, 9.852, 5.095, 0.0, 5.001, 9.15, 12.222, 14.75, 16.897, 18.853, 20.649, 19.981, 21.875, 28.425, 31.979, 33.091, 33.487, 33.896, 36.73, 40.724, 42.633, 43.465, 45.678, 47.908, 48.48, 49.886, 55.041, 63.361, 69.154, 71.141, 72.93, 74.388, 75.723, 78.113, 80.12, 81.329, 81.83, 82.111, 82.027, 82.24, 82.348, 81.602, 80.294, 80.963, 81.825, 81.702, 79.818, 78.071, 77.446, 76.81, 76.183], [74.872, 73.463, 73.835, 75.495, 76.705, 76.644, 76.441, 75.71, 75.064, 75.731, 77.446, 78.102, 77.644, 77.485, 77.644, 77.995, 78.915, 80.419, 80.711, 78.842, 76.903, 75.707, 74.525, 72.836, 70.603, 67.769, 64.769, 56.867, 45.324, 38.314, 35.025, 31.411, 29.642, 28.054, 23.706, 18.111, 13.401, 9.467, 5.001, 0.0, 5.193, 9.654, 13.026, 15.554, 17.709, 19.454, 18.636, 20.917, 27.974, 31.732, 32.921, 33.326, 33.765, 36.735, 40.846, 42.776, 43.625, 45.885, 48.176, 48.783, 50.28, 55.565, 63.925, 69.696, 71.692, 73.575, 75.08, 76.433, 78.86, 80.886, 82.081, 82.595, 82.953, 83.001, 83.27, 83.344, 82.589, 81.263, 81.885, 82.721, 82.603, 80.795, 79.138, 78.57, 77.953, 77.302], [74.837, 73.431, 73.816, 75.493, 76.746, 76.791, 76.774, 76.198, 75.574, 76.191, 77.858, 78.519, 78.117, 77.976, 78.12, 78.471, 79.418, 80.961, 81.255, 79.368, 77.413, 76.179, 74.939, 73.2, 70.944, 68.079, 65.049, 57.199, 45.661, 38.656, 35.591, 32.338, 30.79, 29.326, 25.203, 19.952, 15.76, 12.498, 9.15, 5.193, 0.0, 5.475, 9.896, 13.04, 15.635, 17.722, 16.95, 19.713, 27.184, 30.999, 32.194, 32.617, 33.06, 36.009, 40.148, 42.121, 43.017, 45.264, 47.55, 48.127, 49.612, 54.967, 63.417, 69.297, 71.391, 73.307, 74.777, 76.133, 78.599, 80.667, 81.878, 82.422, 82.85, 83.008, 83.346, 83.43, 82.668, 81.333, 81.96, 82.814, 82.706, 80.926, 79.307, 78.768, 78.177, 77.519], [74.303, 72.931, 73.28, 74.905, 76.145, 76.217, 76.339, 75.966, 75.432, 75.97, 77.516, 78.145, 77.756, 77.59, 77.707, 78.051, 79.024, 80.61, 80.923, 79.01, 77.021, 75.725, 74.367, 72.496, 70.171, 67.264, 64.16, 56.322, 44.93, 38.165, 35.562, 32.854, 31.492, 30.06, 26.035, 20.959, 17.171, 14.51, 12.222, 9.654, 5.475, 0.0, 5.11, 9.015, 12.53, 15.465, 14.984, 18.195, 25.996, 29.805, 30.976, 31.414, 31.857, 34.707, 38.796, 40.795, 41.725, 43.978, 46.298, 46.886, 48.35, 53.738, 62.301, 68.376, 70.58, 72.443, 73.826, 75.184, 77.692, 79.816, 81.049, 81.634, 82.111, 82.313, 82.707, 82.848, 82.093, 80.714, 81.321, 82.188, 82.089, 80.287, 78.643, 78.095, 77.521, 76.896], [74.295, 72.955, 73.24, 74.821, 76.052, 76.121, 76.29, 76.039, 75.594, 76.099, 77.546, 78.121, 77.713, 77.509, 77.604, 77.943, 78.928, 80.539, 80.857, 78.911, 76.902, 75.583, 74.134, 72.116, 69.724, 66.828, 63.683, 55.896, 44.759, 38.286, 36.023, 33.717, 32.508, 31.081, 27.084, 22.187, 18.809, 16.535, 14.75, 13.026, 9.896, 5.11, 0.0, 4.608, 9.474, 13.316, 13.214, 17.034, 25.227, 29.122, 30.302, 30.733, 31.191, 33.979, 38.003, 39.98, 40.914, 43.247, 45.681, 46.341, 47.835, 53.229, 61.81, 68.03, 70.343, 72.168, 73.476, 74.844, 77.393, 79.567, 80.817, 81.445, 81.962, 82.166, 82.574, 82.759, 82.018, 80.581, 81.131, 81.994, 81.908, 80.096, 78.436, 77.876, 77.308, 76.735], [74.83, 73.498, 73.717, 75.244, 76.452, 76.505, 76.675, 76.453, 76.033, 76.563, 78.026, 78.596, 78.18, 77.959, 78.05, 78.392, 79.398, 81.045, 81.37, 79.408, 77.41, 76.109, 74.581, 72.386, 69.946, 67.137, 64.03, 56.372, 45.54, 39.281, 37.098, 34.942, 33.876, 32.436, 28.336, 23.535, 20.483, 18.471, 16.897, 15.554, 13.04, 9.015, 4.608, 0.0, 5.854, 10.457, 11.047, 16.441, 25.316, 29.374, 30.588, 31.024, 31.502, 34.257, 38.213, 40.119, 41.068, 43.558, 46.124, 46.813, 48.298, 53.621, 62.086, 68.317, 70.739, 72.605, 73.849, 75.212, 77.811, 80.05, 81.336, 82.018, 82.584, 82.801, 83.213, 83.418, 82.691, 81.241, 81.792, 82.696, 82.639, 80.822, 79.121, 78.526, 77.946, 77.382], [75.471, 74.17, 74.388, 75.896, 77.077, 77.099, 77.234, 76.98, 76.564, 77.195, 78.801, 79.436, 79.041, 78.839, 78.945, 79.291, 80.341, 82.062, 82.412, 80.441, 78.476, 77.232, 75.645, 73.227, 70.684, 67.947, 64.928, 57.471, 46.942, 40.964, 38.906, 36.724, 35.73, 34.326, 30.129, 25.336, 22.354, 20.368, 18.853, 17.709, 15.635, 12.53, 9.474, 5.854, 0.0, 5.404, 7.703, 16.428, 26.301, 30.557, 31.81, 32.264, 32.746, 35.514, 39.473, 41.244, 42.185, 44.913, 47.608, 48.238, 49.67, 54.914, 63.141, 69.067, 71.394, 73.339, 74.58, 75.925, 78.577, 80.897, 82.241, 82.997, 83.639, 83.902, 84.315, 84.522, 83.803, 82.349, 82.968, 83.994, 84.003, 82.173, 80.362, 79.676, 79.049, 78.431], [75.83, 74.627, 74.936, 76.522, 77.724, 77.728, 77.815, 77.522, 77.142, 77.908, 79.659, 80.369, 80.028, 79.86, 79.973, 80.317, 81.4, 83.168, 83.532, 81.561, 79.631, 78.472, 76.966, 74.536, 71.961, 69.284, 66.42, 59.163, 48.851, 43.291, 41.476, 39.194, 38.197, 36.91, 32.775, 27.917, 24.672, 22.374, 20.649, 19.454, 17.722, 15.465, 13.316, 10.457, 5.404, 0.0, 5.249, 17.265, 27.65, 31.991, 33.283, 33.753, 34.294, 37.203, 41.203, 42.831, 43.643, 46.364, 49.05, 49.625, 51.07, 56.314, 64.272, 69.759, 71.826, 73.806, 75.121, 76.497, 79.227, 81.635, 83.018, 83.815, 84.504, 84.8, 85.205, 85.386, 84.661, 83.108, 83.65, 84.741, 84.843, 83.068, 81.227, 80.505, 79.836, 79.166], [75.245, 73.971, 74.303, 75.94, 77.182, 77.214, 77.294, 76.961, 76.53, 77.254, 78.966, 79.669, 79.386, 79.301, 79.433, 79.764, 80.838, 82.607, 82.962, 80.961, 78.999, 77.804, 76.288, 73.896, 71.33, 68.582, 65.675, 58.477, 48.218, 42.58, 40.535, 38.155, 37.2, 36.03, 32.109, 27.463, 24.279, 21.88, 19.981, 18.636, 16.95, 14.984, 13.214, 11.047, 7.703, 5.249, 0.0, 13.258, 24.244, 28.892, 30.267, 30.739, 31.333, 34.454, 38.697, 40.451, 41.372, 44.305, 47.132, 47.749, 49.279, 54.631, 62.611, 68.097, 70.238, 72.307, 73.696, 75.121, 77.887, 80.303, 81.691, 82.509, 83.228, 83.563, 83.976, 84.11, 83.371, 81.819, 82.371, 83.467, 83.586, 81.971, 80.369, 79.775, 79.138, 78.488], [73.244, 71.585, 71.796, 73.376, 74.652, 74.783, 74.929, 74.537, 73.899, 74.327, 75.774, 76.354, 76.078, 76.077, 76.231, 76.528, 77.552, 79.296, 79.625, 77.529, 75.453, 74.086, 72.39, 69.952, 67.38, 64.398, 61.182, 54.207, 44.67, 39.009, 36.432, 34.217, 33.391, 32.468, 29.579, 26.55, 24.794, 23.267, 21.875, 20.917, 19.713, 18.195, 17.034, 16.441, 16.428, 17.265, 13.258, 0.0, 11.961, 17.458, 19.073, 19.506, 20.104, 23.639, 28.461, 30.586, 31.983, 35.808, 39.197, 40.01, 41.68, 47.128, 55.451, 61.462, 64.103, 66.37, 67.816, 69.289, 72.027, 74.341, 75.676, 76.544, 77.35, 77.868, 78.421, 78.502, 77.755, 76.419, 77.313, 78.461, 78.493, 77.283, 76.57, 76.497, 76.02, 75.491], [71.504, 69.609, 69.746, 71.194, 72.462, 72.717, 72.979, 72.596, 71.802, 71.958, 73.143, 73.614, 73.319, 73.318, 73.453, 73.715, 74.68, 76.387, 76.701, 74.558, 72.416, 70.909, 69.111, 66.783, 64.338, 61.282, 57.942, 51.415, 43.24, 38.516, 36.043, 34.258, 33.585, 33.106, 31.709, 30.378, 29.805, 29.119, 28.425, 27.974, 27.184, 25.996, 25.227, 25.316, 26.301, 27.65, 24.244, 11.961, 0.0, 6.117, 8.132, 8.668, 9.474, 13.657, 18.818, 21.247, 23.229, 27.872, 31.721, 32.794, 34.532, 39.745, 48.145, 54.549, 57.607, 59.996, 61.46, 62.981, 65.701, 67.948, 69.207, 70.097, 70.964, 71.709, 72.48, 72.53, 71.785, 70.652, 71.831, 73.002, 72.94, 72.199, 72.585, 73.197, 72.936, 72.516], [70.559, 68.579, 68.687, 70.026, 71.256, 71.566, 71.905, 71.556, 70.689, 70.696, 71.742, 72.168, 71.856, 71.829, 71.947, 72.194, 73.141, 74.837, 75.14, 72.977, 70.808, 69.222, 67.365, 65.114, 62.758, 59.722, 56.424, 50.181, 42.772, 38.717, 36.48, 34.969, 34.39, 34.171, 33.501, 32.83, 32.676, 32.347, 31.979, 31.732, 30.999, 29.805, 29.122, 29.374, 30.557, 31.991, 28.892, 17.458, 6.117, 0.0, 2.469, 3.526, 4.932, 9.256, 14.187, 16.786, 19.212, 24.213, 28.229, 29.461, 31.128, 36.004, 44.384, 51.041, 54.329, 56.752, 58.202, 59.737, 62.415, 64.613, 65.832, 66.716, 67.609, 68.48, 69.39, 69.443, 68.694, 67.652, 68.97, 70.169, 70.071, 69.511, 70.428, 71.428, 71.316, 70.945], [70.259, 68.209, 68.309, 69.628, 70.839, 71.149, 71.5, 71.15, 70.238, 70.165, 71.142, 71.547, 71.224, 71.186, 71.301, 71.545, 72.488, 74.182, 74.472, 72.298, 70.121, 68.502, 66.611, 64.36, 62.017, 58.987, 55.711, 49.588, 42.469, 38.652, 36.487, 35.057, 34.507, 34.386, 33.996, 33.563, 33.551, 33.34, 33.091, 32.921, 32.194, 30.976, 30.302, 30.588, 31.81, 33.283, 30.267, 19.073, 8.132, 2.469, 0.0, 1.666, 3.803, 7.811, 12.486, 15.11, 17.71, 22.899, 27.011, 28.318, 29.912, 34.596, 42.958, 49.78, 53.271, 55.758, 57.198, 58.711, 61.321, 63.455, 64.66, 65.551, 66.465, 67.384, 68.338, 68.399, 67.653, 66.66, 68.061, 69.29, 69.177, 68.634, 69.666, 70.78, 70.744, 70.412], [70.632, 68.549, 68.664, 70.009, 71.227, 71.529, 71.866, 71.496, 70.545, 70.417, 71.342, 71.718, 71.376, 71.328, 71.444, 71.682, 72.617, 74.308, 74.594, 72.424, 70.261, 68.649, 66.762, 64.517, 62.164, 59.102, 55.807, 49.751, 42.767, 39.006, 36.824, 35.391, 34.843, 34.741, 34.408, 34.004, 33.976, 33.743, 33.487, 33.326, 32.617, 31.414, 30.733, 31.024, 32.264, 33.753, 30.739, 19.506, 8.668, 3.526, 1.666, 0.0, 2.918, 7.129, 11.76, 14.329, 16.993, 22.321, 26.516, 27.882, 29.486, 34.143, 42.503, 49.4, 53.016, 55.565, 57.01, 58.519, 61.109, 63.223, 64.423, 65.328, 66.27, 67.257, 68.26, 68.332, 67.595, 66.628, 68.068, 69.299, 69.185, 68.684, 69.794, 70.952, 70.949, 70.66], [71.556, 69.447, 69.543, 70.878, 72.083, 72.392, 72.746, 72.363, 71.355, 71.126, 71.936, 72.235, 71.867, 71.828, 71.951, 72.183, 73.091, 74.769, 75.063, 72.903, 70.733, 69.089, 67.126, 64.805, 62.427, 59.305, 55.927, 49.945, 43.111, 39.269, 36.993, 35.595, 35.077, 34.969, 34.637, 34.258, 34.272, 34.099, 33.896, 33.765, 33.06, 31.857, 31.191, 31.502, 32.746, 34.294, 31.333, 20.104, 9.474, 4.932, 3.803, 2.918, 0.0, 5.242, 10.723, 13.663, 16.692, 22.272, 26.514, 27.855, 29.441, 34.181, 42.722, 49.665, 53.262, 55.827, 57.286, 58.789, 61.352, 63.454, 64.665, 65.565, 66.52, 67.618, 68.729, 68.841, 68.119, 67.244, 68.824, 70.086, 69.955, 69.451, 70.591, 71.752, 71.744, 71.467], [72.275, 70.046, 70.05, 71.279, 72.426, 72.759, 73.174, 72.792, 71.649, 71.182, 71.765, 71.955, 71.556, 71.518, 71.639, 71.861, 72.743, 74.407, 74.689, 72.525, 70.346, 68.602, 66.444, 63.975, 61.58, 58.423, 54.972, 49.284, 43.139, 39.576, 37.392, 36.339, 35.933, 35.904, 35.952, 36.024, 36.453, 36.652, 36.73, 36.735, 36.009, 34.707, 33.979, 34.257, 35.514, 37.203, 34.454, 23.639, 13.657, 9.256, 7.811, 7.129, 5.242, 0.0, 6.313, 10.256, 14.28, 20.452, 24.902, 26.307, 27.738, 32.31, 41.076, 48.423, 52.359, 54.969, 56.349, 57.807, 60.288, 62.318, 63.516, 64.439, 65.447, 66.7, 67.958, 68.126, 67.428, 66.732, 68.604, 69.953, 69.763, 69.286, 70.618, 71.901, 71.964, 71.741], [72.592, 70.266, 70.216, 71.341, 72.447, 72.806, 73.25, 72.846, 71.549, 70.859, 71.264, 71.392, 70.958, 70.866, 70.955, 71.153, 72.022, 73.677, 73.944, 71.792, 69.663, 67.909, 65.703, 63.251, 60.895, 57.749, 54.308, 49.026, 43.897, 41.075, 39.208, 38.508, 38.186, 38.272, 38.775, 39.264, 40.0, 40.455, 40.724, 40.846, 40.148, 38.796, 38.003, 38.213, 39.473, 41.203, 38.697, 28.461, 18.818, 14.187, 12.486, 11.76, 10.723, 6.313, 0.0, 5.102, 10.391, 17.2, 21.922, 23.572, 24.921, 29.025, 37.727, 45.575, 50.094, 52.8, 54.054, 55.482, 57.926, 59.913, 61.059, 62.02, 63.105, 64.524, 65.946, 66.157, 65.489, 64.924, 66.983, 68.365, 68.129, 67.826, 69.598, 71.164, 71.362, 71.241], [72.528, 70.146, 70.122, 71.276, 72.394, 72.743, 73.153, 72.677, 71.26, 70.48, 70.829, 70.942, 70.511, 70.385, 70.451, 70.627, 71.499, 73.168, 73.425, 71.299, 69.274, 67.678, 65.639, 63.264, 60.883, 57.751, 54.369, 49.289, 44.683, 42.5, 41.057, 40.475, 40.129, 40.207, 40.773, 41.288, 41.986, 42.389, 42.633, 42.776, 42.121, 40.795, 39.98, 40.119, 41.244, 42.831, 40.451, 30.586, 21.247, 16.786, 15.11, 14.329, 13.663, 10.256, 5.102, 0.0, 6.08, 13.801, 18.936, 20.796, 22.261, 26.379, 35.084, 43.025, 47.769, 50.555, 51.768, 53.208, 55.683, 57.694, 58.84, 59.867, 61.027, 62.567, 64.095, 64.324, 63.665, 63.109, 65.247, 66.666, 66.452, 66.316, 68.382, 70.123, 70.387, 70.333], [71.746, 69.236, 69.26, 70.547, 71.689, 71.996, 72.354, 71.784, 70.22, 69.355, 69.652, 69.758, 69.37, 69.244, 69.3, 69.459, 70.33, 72.004, 72.251, 70.17, 68.261, 66.85, 65.096, 62.945, 60.579, 57.496, 54.245, 49.204, 44.812, 43.305, 42.513, 42.068, 41.592, 41.527, 41.993, 42.404, 42.959, 43.251, 43.465, 43.625, 43.017, 41.725, 40.914, 41.068, 42.185, 43.643, 41.372, 31.983, 23.229, 19.212, 17.71, 16.993, 16.692, 14.28, 10.391, 6.08, 0.0, 8.557, 14.163, 16.27, 18.012, 22.877, 32.28, 40.415, 45.114, 47.809, 49.023, 50.517, 53.045, 55.086, 56.265, 57.339, 58.513, 60.085, 61.664, 61.918, 61.251, 60.657, 62.845, 64.312, 64.151, 64.146, 66.429, 68.288, 68.591, 68.583], [71.208, 68.554, 68.643, 70.078, 71.225, 71.485, 71.822, 71.2, 69.462, 68.433, 68.619, 68.723, 68.39, 68.233, 68.26, 68.395, 69.239, 70.871, 71.102, 69.148, 67.392, 66.114, 64.697, 63.08, 60.974, 58.032, 55.078, 50.164, 45.964, 45.162, 45.136, 44.969, 44.38, 44.158, 44.571, 44.85, 45.183, 45.395, 45.678, 45.885, 45.264, 43.978, 43.247, 43.558, 44.913, 46.364, 44.305, 35.808, 27.872, 24.213, 22.899, 22.321, 22.272, 20.452, 17.2, 13.801, 8.557, 0.0, 6.123, 9.262, 11.458, 17.729, 28.784, 37.698, 42.365, 44.74, 45.885, 47.445, 50.042, 52.135, 53.335, 54.393, 55.535, 57.146, 58.836, 59.154, 58.484, 57.924, 60.176, 61.641, 61.528, 61.713, 64.371, 66.456, 66.854, 66.905], [71.152, 68.415, 68.546, 70.052, 71.183, 71.422, 71.765, 71.118, 69.257, 68.086, 68.157, 68.257, 67.974, 67.819, 67.826, 67.935, 68.751, 70.358, 70.59, 68.734, 67.082, 65.867, 64.637, 63.385, 61.512, 58.681, 55.891, 51.099, 47.17, 46.856, 47.299, 47.356, 46.731, 46.445, 46.88, 47.114, 47.329, 47.527, 47.908, 48.176, 47.55, 46.298, 45.681, 46.124, 47.608, 49.05, 47.132, 39.197, 31.721, 28.229, 27.011, 26.516, 26.514, 24.902, 21.922, 18.936, 14.163, 6.123, 0.0, 4.612, 7.628, 15.129, 27.086, 36.403, 41.002, 43.073, 44.148, 45.763, 48.391, 50.492, 51.71, 52.723, 53.82, 55.455, 57.21, 57.571, 56.902, 56.419, 58.777, 60.274, 60.172, 60.428, 63.275, 65.484, 65.933, 66.004], [71.007, 68.166, 68.306, 69.842, 70.937, 71.149, 71.502, 70.827, 68.866, 67.58, 67.553, 67.637, 67.426, 67.355, 67.385, 67.482, 68.302, 69.947, 70.211, 68.39, 66.763, 65.554, 64.326, 63.097, 61.241, 58.4