[[0.0, 9.479, 13.78, 15.004, 19.564, 22.721, 24.16, 24.263, 24.44, 24.847, 26.561, 29.773, 34.719, 40.724, 45.654, 47.947, 49.923, 53.027, 56.501, 58.868, 60.149, 60.815, 58.625, 57.1, 57.353, 58.621, 58.803, 58.064, 58.181, 59.369, 61.299, 63.248, 64.539, 64.97, 65.225, 65.791, 66.371, 66.533, 65.963, 65.078, 64.564, 64.67, 64.38, 63.573, 63.537, 64.009, 63.757, 63.538, 63.839, 64.004, 65.075, 65.784, 65.98, 65.512, 64.924, 65.25, 64.693, 62.586, 62.04, 62.404, 62.319, 62.191, 62.149, 61.554, 60.959, 62.093, 64.533, 65.319, 64.995, 65.585, 66.043, 66.046, 66.751, 67.238, 65.525, 65.363, 67.965, 68.657, 67.706, 66.549, 66.939, 68.32, 68.954, 70.81, 71.674, 71.199], [9.479, 0.0, 6.664, 11.665, 17.925, 21.306, 22.807, 23.046, 23.414, 23.901, 25.656, 28.991, 33.863, 39.652, 44.535, 46.972, 49.119, 52.392, 55.936, 58.29, 59.616, 60.264, 58.096, 56.69, 57.064, 58.424, 58.487, 57.475, 57.452, 58.62, 60.542, 62.459, 63.76, 64.225, 64.714, 65.635, 66.265, 66.28, 65.59, 64.675, 64.15, 64.24, 63.944, 63.14, 63.103, 63.578, 63.287, 62.981, 63.283, 63.47, 64.551, 65.226, 65.353, 64.88, 64.342, 64.749, 64.352, 62.518, 62.255, 62.748, 62.726, 62.636, 62.632, 62.082, 61.575, 62.836, 65.27, 66.041, 65.802, 66.507, 67.062, 67.192, 67.943, 68.323, 66.566, 66.565, 69.238, 69.902, 68.957, 67.78, 68.181, 69.66, 70.339, 72.204, 73.035, 72.567], [13.78, 6.664, 0.0, 8.71, 17.143, 21.089, 22.602, 22.95, 23.409, 23.826, 25.694, 29.385, 34.317, 39.862, 44.542, 46.967, 49.146, 52.471, 56.018, 58.301, 59.632, 60.275, 58.042, 56.608, 56.981, 58.36, 58.419, 57.345, 57.307, 58.488, 60.366, 62.229, 63.542, 63.98, 64.474, 65.489, 66.112, 66.024, 65.25, 64.317, 63.765, 63.825, 63.524, 62.733, 62.708, 63.195, 62.898, 62.553, 62.852, 63.055, 64.088, 64.735, 64.88, 64.434, 63.897, 64.314, 64.028, 62.36, 62.248, 62.865, 62.911, 62.837, 62.838, 62.298, 61.828, 63.115, 65.436, 66.12, 65.927, 66.694, 67.361, 67.564, 68.33, 68.758, 67.07, 67.224, 69.993, 70.627, 69.644, 68.439, 68.821, 70.369, 71.145, 73.014, 73.854, 73.399], [15.004, 11.665, 8.71, 0.0, 10.128, 15.454, 17.532, 18.118, 18.91, 19.588, 21.979, 26.39, 31.921, 37.722, 42.313, 44.579, 46.678, 50.131, 53.984, 56.507, 57.924, 58.608, 56.309, 54.894, 55.391, 56.86, 56.994, 55.927, 55.864, 57.094, 59.075, 61.059, 62.473, 62.974, 63.449, 64.32, 65.011, 65.376, 64.904, 63.931, 63.311, 63.382, 63.126, 62.36, 62.309, 62.811, 62.584, 62.287, 62.584, 62.847, 64.039, 64.76, 64.961, 64.597, 64.155, 64.593, 64.169, 62.125, 61.685, 62.224, 62.267, 62.194, 62.202, 61.704, 61.206, 62.455, 64.8, 65.507, 65.337, 66.189, 66.892, 67.063, 67.925, 68.493, 66.918, 67.118, 69.822, 70.406, 69.387, 68.147, 68.501, 70.024, 70.833, 72.758, 73.584, 73.096], [19.564, 17.925, 17.143, 10.128, 0.0, 7.116, 10.882, 12.102, 13.782, 15.216, 18.513, 23.538, 29.448, 35.356, 39.909, 42.021, 43.926, 47.364, 51.449, 54.308, 55.769, 56.35, 53.795, 52.243, 52.918, 54.572, 54.621, 53.243, 52.912, 54.119, 56.276, 58.456, 60.012, 60.655, 61.178, 61.968, 62.824, 63.843, 64.033, 63.244, 62.595, 62.704, 62.517, 61.743, 61.589, 62.103, 62.03, 61.826, 62.098, 62.336, 63.698, 64.469, 64.666, 64.398, 64.155, 64.748, 64.272, 61.909, 61.206, 61.625, 61.604, 61.525, 61.6, 61.293, 60.947, 62.407, 65.006, 65.792, 65.579, 66.493, 67.166, 67.278, 68.175, 68.681, 67.12, 67.354, 69.893, 70.433, 69.456, 68.219, 68.579, 70.117, 70.855, 72.856, 73.673, 73.159], [22.721, 21.306, 21.089, 15.454, 7.116, 0.0, 4.976, 7.34, 9.926, 12.039, 16.005, 21.44, 27.54, 33.542, 38.262, 40.464, 42.316, 45.743, 49.927, 52.925, 54.328, 54.853, 52.36, 50.82, 51.601, 53.359, 53.307, 51.945, 51.779, 53.143, 55.511, 57.922, 59.641, 60.418, 60.977, 61.769, 62.696, 63.846, 64.325, 63.752, 63.165, 63.303, 63.155, 62.356, 62.058, 62.541, 62.583, 62.489, 62.764, 62.963, 64.325, 65.055, 65.232, 64.997, 64.785, 65.37, 64.847, 62.4, 61.6, 61.929, 61.901, 61.886, 61.991, 61.692, 61.346, 62.756, 65.286, 66.023, 65.731, 66.595, 67.227, 67.315, 68.249, 68.772, 67.218, 67.371, 69.778, 70.355, 69.503, 68.313, 68.67, 70.166, 70.817, 72.779, 73.564, 73.057], [24.16, 22.807, 22.602, 17.532, 10.882, 4.976, 0.0, 3.81, 7.08, 9.689, 14.174, 19.985, 26.195, 32.286, 37.2, 39.559, 41.425, 44.882, 49.109, 52.038, 53.343, 53.883, 51.647, 50.324, 51.159, 52.89, 52.835, 51.795, 52.03, 53.61, 56.14, 58.725, 60.565, 61.396, 61.952, 62.738, 63.63, 64.648, 65.038, 64.497, 63.967, 64.128, 64.011, 63.197, 62.788, 63.214, 63.306, 63.318, 63.66, 63.896, 65.224, 65.924, 66.11, 65.876, 65.606, 66.085, 65.472, 62.957, 62.07, 62.371, 62.397, 62.449, 62.535, 62.105, 61.598, 62.761, 65.042, 65.685, 65.341, 66.095, 66.642, 66.702, 67.679, 68.305, 66.783, 66.796, 69.106, 69.748, 69.012, 67.874, 68.236, 69.677, 70.281, 72.145, 72.885, 72.382], [24.263, 23.046, 22.95, 18.118, 12.102, 7.34, 3.81, 0.0, 3.871, 7.289, 12.447, 18.567, 24.777, 30.939, 36.117, 38.626, 40.497, 43.87, 48.005, 50.816, 52.013, 52.54, 50.505, 49.359, 50.151, 51.801, 51.763, 50.902, 51.321, 52.98, 55.591, 58.29, 60.224, 61.088, 61.642, 62.416, 63.268, 64.216, 64.534, 63.971, 63.46, 63.646, 63.554, 62.724, 62.253, 62.659, 62.806, 62.91, 63.307, 63.555, 64.856, 65.55, 65.759, 65.544, 65.259, 65.694, 65.017, 62.403, 61.472, 61.829, 61.909, 61.991, 62.079, 61.596, 61.015, 62.066, 64.208, 64.797, 64.421, 65.058, 65.456, 65.449, 66.406, 67.043, 65.496, 65.373, 67.637, 68.343, 67.675, 66.561, 66.941, 68.4, 68.989, 70.796, 71.514, 71.024], [24.44, 23.414, 23.409, 18.91, 13.782, 9.926, 7.08, 3.871, 0.0, 4.294, 10.247, 16.722, 23.031, 29.363, 34.784, 37.403, 39.277, 42.549, 46.662, 49.455, 50.522, 51.05, 49.325, 48.387, 49.111, 50.684, 50.661, 50.001, 50.658, 52.409, 55.099, 57.945, 59.999, 60.903, 61.457, 62.239, 63.083, 63.963, 64.189, 63.569, 63.065, 63.268, 63.207, 62.396, 61.885, 62.271, 62.461, 62.649, 63.081, 63.332, 64.596, 65.267, 65.491, 65.289, 64.969, 65.313, 64.493, 61.741, 60.766, 61.156, 61.273, 61.405, 61.507, 60.978, 60.337, 61.263, 63.272, 63.81, 63.402, 63.953, 64.216, 64.14, 65.119, 65.8, 64.26, 63.971, 66.115, 66.835, 66.215, 65.116, 65.505, 66.958, 67.529, 69.288, 69.978, 69.492], [24.847, 23.901, 23.826, 19.588, 15.216, 12.039, 9.689, 7.289, 4.294, 0.0, 6.656, 13.732, 20.576, 27.319, 32.942, 35.594, 37.453, 40.656, 44.811, 47.658, 48.688, 49.24, 47.715, 47.033, 47.827, 49.389, 49.422, 48.942, 49.807, 51.669, 54.449, 57.412, 59.529, 60.436, 60.988, 61.824, 62.74, 63.612, 63.774, 63.084, 62.569, 62.776, 62.735, 61.962, 61.457, 61.855, 62.101, 62.361, 62.815, 63.081, 64.331, 64.998, 65.233, 65.027, 64.675, 64.947, 64.0, 61.092, 60.01, 60.383, 60.495, 60.64, 60.74, 60.173, 59.482, 60.321, 62.28, 62.797, 62.356, 62.879, 63.08, 62.958, 63.965, 64.713, 63.194, 62.796, 64.837, 65.548, 64.959, 63.877, 64.256, 65.667, 66.22, 67.953, 68.637, 68.136], [26.561, 25.656, 25.694, 21.979, 18.513, 16.005, 14.174, 12.447, 10.247, 6.656, 0.0, 7.866, 16.01, 23.782, 29.837, 32.616, 34.49, 37.589, 41.821, 44.852, 45.967, 46.6, 45.602, 45.673, 46.806, 48.403, 48.537, 48.366, 49.538, 51.567, 54.518, 57.695, 59.906, 60.833, 61.43, 62.364, 63.419, 64.357, 64.479, 63.72, 63.197, 63.402, 63.353, 62.59, 62.128, 62.621, 62.995, 63.375, 63.847, 64.137, 65.401, 66.08, 66.344, 66.142, 65.745, 65.889, 64.681, 61.389, 59.931, 60.161, 60.264, 60.455, 60.573, 59.962, 59.137, 59.693, 61.46, 61.932, 61.455, 61.933, 62.093, 61.902, 62.876, 63.706, 62.238, 61.698, 63.602, 64.369, 63.886, 62.849, 63.181, 64.428, 64.928, 66.617, 67.247, 66.732], [29.773, 28.991, 29.385, 26.39, 23.538, 21.44, 19.985, 18.567, 16.722, 13.732, 7.866, 0.0, 9.403, 18.701, 25.53, 28.488, 30.371, 33.346, 37.579, 40.843, 42.153, 42.899, 42.596, 43.656, 45.204, 46.825, 47.061, 47.247, 48.768, 51.016, 54.208, 57.654, 59.985, 60.958, 61.643, 62.709, 63.913, 64.928, 65.066, 64.286, 63.772, 63.989, 63.937, 63.129, 62.669, 63.354, 64.03, 64.629, 65.129, 65.451, 66.717, 67.388, 67.65, 67.409, 66.954, 66.999, 65.533, 61.817, 59.952, 60.033, 60.119, 60.338, 60.472, 59.815, 58.868, 59.175, 60.782, 61.205, 60.673, 61.085, 61.165, 60.871, 61.774, 62.654, 61.259, 60.579, 62.272, 63.089, 62.76, 61.8, 62.031, 63.059, 63.517, 65.148, 65.715, 65.186], [34.719, 33.863, 34.317, 31.921, 29.448, 27.54, 26.195, 24.777, 23.031, 20.576, 16.01, 9.403, 0.0, 10.79, 19.044, 22.564, 24.645, 27.961, 32.589, 36.196, 37.654, 38.457, 38.875, 40.994, 42.995, 44.594, 44.779, 45.264, 47.231, 49.787, 53.265, 57.024, 59.555, 60.621, 61.438, 62.726, 64.067, 65.055, 65.144, 64.337, 63.844, 64.095, 64.085, 63.234, 62.638, 63.436, 64.551, 65.533, 66.127, 66.507, 67.777, 68.407, 68.629, 68.351, 67.88, 67.882, 66.285, 62.357, 60.279, 60.321, 60.438, 60.706, 60.878, 60.208, 59.218, 59.403, 60.861, 61.218, 60.646, 61.025, 61.04, 60.661, 61.509, 62.408, 61.136, 60.483, 61.975, 62.704, 62.469, 61.574, 61.657, 62.536, 63.052, 64.611, 65.09, 64.507], [40.724, 39.652, 39.862, 37.722, 35.356, 33.542, 32.286, 30.939, 29.363, 27.319, 23.782, 18.701, 10.79, 0.0, 9.713, 14.733, 17.9, 22.613, 28.567, 32.908, 34.39, 35.077, 35.904, 38.915, 41.461, 43.064, 43.053, 43.669, 46.042, 48.843, 52.527, 56.516, 59.18, 60.302, 61.215, 62.7, 64.215, 65.217, 65.184, 64.247, 63.74, 64.027, 64.084, 63.276, 62.514, 63.192, 64.583, 65.989, 66.794, 67.332, 68.682, 69.291, 69.465, 69.205, 68.82, 68.784, 67.074, 63.092, 60.957, 60.998, 61.139, 61.451, 61.661, 61.065, 60.174, 60.455, 61.921, 62.248, 61.685, 62.191, 62.302, 61.918, 62.849, 63.812, 62.777, 62.571, 64.095, 64.574, 64.253, 63.336, 63.223, 64.05, 64.772, 66.308, 66.677, 65.929], [45.654, 44.535, 44.542, 42.313, 39.909, 38.262, 37.2, 36.117, 34.784, 32.942, 29.837, 25.53, 19.044, 9.713, 0.0, 6.93, 12.398, 19.264, 26.948, 32.223, 33.768, 34.249, 35.106, 38.58, 41.53, 43.203, 43.192, 43.91, 46.407, 49.232, 52.922, 56.927, 59.572, 60.684, 61.602, 63.147, 64.843, 65.967, 65.805, 64.646, 64.089, 64.387, 64.472, 63.731, 62.921, 63.476, 64.907, 66.506, 67.503, 68.289, 69.757, 70.385, 70.547, 70.286, 69.957, 69.852, 67.968, 63.86, 61.64, 61.623, 61.728, 62.032, 62.239, 61.738, 60.979, 61.383, 62.908, 63.201, 62.668, 63.366, 63.647, 63.326, 64.452, 65.592, 64.852, 65.157, 66.796, 67.092, 66.684, 65.741, 65.481, 66.283, 67.203, 68.731, 69.003, 68.046], [47.947, 46.972, 46.967, 44.579, 42.021, 40.464, 39.559, 38.626, 37.403, 35.594, 32.616, 28.488, 22.564, 14.733, 6.93, 0.0, 7.163, 15.891, 24.928, 30.973, 32.755, 33.358, 34.205, 37.766, 40.82, 42.525, 42.569, 43.311, 45.818, 48.635, 52.278, 56.242, 58.844, 59.921, 60.839, 62.424, 64.243, 65.51, 65.32, 64.001, 63.391, 63.697, 63.795, 63.091, 62.324, 62.94, 64.431, 66.039, 67.073, 68.05, 69.671, 70.367, 70.547, 70.271, 69.948, 69.827, 67.84, 63.589, 61.298, 61.272, 61.365, 61.631, 61.794, 61.31, 60.599, 61.05, 62.605, 62.915, 62.444, 63.248, 63.588, 63.295, 64.576, 65.871, 65.248, 65.761, 67.552, 67.889, 67.504, 66.58, 66.26, 67.016, 67.989, 69.514, 69.77, 68.737], [49.923, 49.119, 49.146, 46.678, 43.926, 42.316, 41.425, 40.497, 39.277, 37.453, 34.49, 30.371, 24.645, 17.9, 12.398, 7.163, 0.0, 10.298, 20.89, 27.764, 29.814, 30.648, 31.945, 35.932, 39.089, 40.793, 40.828, 41.656, 44.391, 47.37, 51.13, 55.255, 57.93, 59.003, 59.935, 61.505, 63.326, 64.69, 64.56, 63.197, 62.548, 62.866, 63.005, 62.313, 61.548, 62.277, 63.941, 65.639, 66.66, 67.704, 69.466, 70.256, 70.48, 70.208, 69.878, 69.751, 67.706, 63.267, 60.758, 60.661, 60.777, 61.067, 61.209, 60.635, 59.762, 59.966, 61.365, 61.697, 61.249, 62.009, 62.281, 61.947, 63.258, 64.64, 64.073, 64.638, 66.568, 67.071, 66.824, 65.984, 65.641, 66.309, 67.251, 68.771, 69.033, 68.049], [53.027, 52.392, 52.471, 50.131, 47.364, 45.743, 44.882, 43.87, 42.549, 40.656, 37.589, 33.346, 27.961, 22.613, 19.264, 15.891, 10.298, 0.0, 12.351, 21.022, 23.702, 25.147, 27.612, 32.284, 35.281, 36.807, 36.919, 38.193, 41.523, 44.75, 48.645, 53.086, 55.977, 57.094, 58.035, 59.49, 61.153, 62.553, 62.652, 61.506, 60.905, 61.226, 61.435, 60.773, 60.046, 61.027, 63.078, 65.04, 66.003, 66.899, 68.561, 69.369, 69.698, 69.486, 69.129, 68.938, 66.799, 62.128, 59.363, 59.254, 59.489, 59.86, 60.022, 59.414, 58.455, 58.266, 59.268, 59.571, 59.122, 59.632, 59.635, 59.187, 60.329, 61.69, 61.276, 61.936, 64.168, 65.053, 65.135, 64.469, 64.032, 64.496, 65.386, 66.882, 67.258, 66.549], [56.501, 55.936, 56.018, 53.984, 51.449, 49.927, 49.109, 48.005, 46.662, 44.811, 41.821, 37.579, 32.589, 28.567, 26.948, 24.928, 20.89, 12.351, 0.0, 10.593, 14.806, 17.699, 21.807, 27.68, 30.64, 31.737, 31.99, 34.204, 38.512, 42.167, 46.073, 50.54, 53.522, 54.673, 55.589, 56.758, 57.979, 59.199, 59.71, 59.094, 58.625, 58.979, 59.302, 58.642, 57.958, 59.339, 62.039, 64.397, 65.253, 65.872, 67.145, 67.842, 68.304, 68.224, 67.946, 67.856, 65.928, 61.263, 58.369, 58.478, 58.94, 59.343, 59.533, 58.946, 58.072, 57.778, 58.57, 58.914, 58.462, 58.607, 58.256, 57.69, 58.395, 59.486, 59.215, 60.006, 62.518, 63.788, 64.186, 63.603, 62.864, 63.02, 63.886, 65.324, 65.964, 65.705], [58.868, 58.29, 58.301, 56.507, 54.308, 52.925, 52.038, 50.816, 49.455, 47.658, 44.852, 40.843, 36.196, 32.908, 32.223, 30.973, 27.764, 21.022, 10.593, 0.0, 6.485, 12.142, 18.211, 25.618, 28.775, 29.422, 29.678, 32.883, 38.193, 42.297, 46.234, 50.588, 53.58, 54.733, 55.533, 56.292, 56.909, 57.65, 58.124, 57.753, 57.373, 57.784, 58.234, 57.571, 56.766, 58.274, 61.392, 64.09, 64.968, 65.478, 66.483, 67.091, 67.691, 67.84, 67.725, 67.717, 66.031, 61.434, 58.432, 58.798, 59.54, 60.023, 60.244, 59.567, 58.587, 58.146, 58.753, 59.143, 58.676, 58.462, 57.774, 57.13, 57.546, 58.401, 58.147, 58.848, 61.327, 62.775, 63.377, 62.747, 61.741, 61.792, 62.694, 63.998, 64.765, 64.802], [60.149, 59.616, 59.632, 57.924, 55.769, 54.328, 53.343, 52.013, 50.522, 48.688, 45.967, 42.153, 37.654, 34.39, 33.768, 32.755, 29.814, 23.702, 14.806, 6.485, 0.0, 7.993, 16.563, 24.857, 28.03, 28.539, 28.671, 32.309, 38.093, 42.364, 46.434, 50.93, 54.015, 55.188, 55.897, 56.498, 56.942, 57.472, 57.851, 57.508, 57.172, 57.629, 58.171, 57.51, 56.495, 57.834, 61.04, 63.945, 64.917, 65.427, 66.37, 66.934, 67.581, 67.877, 67.896, 67.87, 66.119, 61.409, 58.265, 58.602, 59.406, 59.996, 60.301, 59.632, 58.635, 58.177, 58.806, 59.183, 58.619, 58.213, 57.301, 56.585, 56.926, 57.61, 57.32, 57.761, 59.932, 61.358, 62.095, 61.453, 60.356, 60.378, 61.225, 62.442, 63.187, 63.283], [60.815, 60.264, 60.275, 58.608, 56.35, 54.853, 53.883, 52.54, 51.05, 49.24, 46.6, 42.899, 38.457, 35.077, 34.249, 33.358, 30.648, 25.147, 17.699, 12.142, 7.993, 0.0, 12.309, 22.75, 26.739, 27.563, 27.765, 31.523, 37.309, 41.673, 45.933, 50.466, 53.464, 54.597, 55.271, 55.985, 56.617, 57.238, 57.762, 57.496, 57.179, 57.693, 58.274, 57.518, 56.324, 57.558, 60.878, 63.949, 64.994, 65.491, 66.394, 66.963, 67.596, 67.846, 67.926, 68.102, 66.535, 61.804, 58.45, 58.586, 59.263, 59.84, 60.209, 59.619, 58.734, 58.567, 59.684, 60.103, 59.337, 58.869, 57.991, 57.269, 57.406, 57.789, 57.457, 57.793, 59.592, 60.902, 61.681, 61.033, 59.882, 59.851, 60.571, 61.788, 62.542, 62.547], [58.625, 58.096, 58.042, 56.309, 53.795, 52.36, 51.647, 50.505, 49.325, 47.715, 45.602, 42.596, 38.875, 35.904, 35.106, 34.205, 31.945, 27.612, 21.807, 18.211, 16.563, 12.309, 0.0, 12.396, 18.418, 20.077, 20.67, 24.599, 30.31, 34.874, 39.201, 43.36, 46.001, 47.011, 47.531, 48.286, 49.205, 50.067, 50.887, 50.821, 50.549, 51.112, 51.689, 50.859, 49.65, 50.925, 54.404, 57.625, 58.687, 59.147, 60.08, 60.76, 61.43, 61.642, 61.794, 62.355, 61.512, 57.531, 54.75, 55.157, 55.837, 56.223, 56.481, 56.121, 55.846, 56.736, 58.756, 59.385, 58.606, 58.395, 57.959, 57.623, 57.85, 58.019, 57.573, 58.314, 60.433, 61.604, 62.129, 61.367, 60.34, 60.702, 61.544, 62.923, 63.851, 63.791], [57.1, 56.69, 56.608, 54.894, 52.243, 50.82, 50.324, 49.359, 48.387, 47.033, 45.673, 43.656, 40.994, 38.915, 38.58, 37.766, 35.932, 32.284, 27.68, 25.618, 24.857, 22.75, 12.396, 0.0, 7.85, 10.845, 11.781, 15.896, 21.742, 26.45, 30.796, 34.943, 37.69, 38.774, 39.093, 39.706, 40.676, 41.571, 42.66, 42.983, 42.832, 43.373, 43.934, 43.118, 41.951, 43.281, 46.751, 49.96, 50.905, 51.149, 51.969, 52.665, 53.387, 53.603, 53.735, 54.4, 54.12, 51.272, 49.747, 50.692, 51.501, 51.816, 52.018, 51.934, 52.336, 54.042, 56.454, 57.189, 56.584, 56.697, 56.633, 56.749, 57.224, 57.313, 56.85, 57.961, 60.622, 61.789, 62.105, 61.264, 60.47, 61.315, 62.297, 63.808, 64.936, 64.958], [57.353, 57.064, 56.981, 55.391, 52.918, 51.601, 51.159, 50.151, 49.111, 47.827, 46.806, 45.204, 42.995, 41.461, 41.53, 40.82, 39.089, 35.281, 30.64, 28.775, 28.03, 26.739, 18.418, 7.85, 0.0, 4.278, 6.111, 11.497, 18.03, 22.787, 27.123, 31.635, 34.827, 36.059, 36.263, 36.668, 37.384, 38.017, 39.027, 39.527, 39.464, 39.957, 40.549, 39.831, 38.725, 40.128, 43.551, 46.67, 47.5, 47.553, 48.138, 48.759, 49.539, 49.785, 49.812, 50.301, 50.034, 47.704, 47.086, 48.541, 49.488, 49.83, 50.014, 49.968, 50.559, 52.315, 54.539, 55.225, 54.734, 54.892, 54.775, 55.016, 55.597, 55.668, 55.292, 56.51, 59.472, 60.778, 61.106, 60.264, 59.582, 60.669, 61.719, 63.21, 64.462, 64.61], [58.621, 58.424, 58.36, 56.86, 54.572, 53.359, 52.89, 51.801, 50.684, 49.389, 48.403, 46.825, 44.594, 43.064, 43.203, 42.525, 40.793, 36.807, 31.737, 29.422, 28.539, 27.563, 20.077, 10.845, 4.278, 0.0, 4.341, 11.772, 18.826, 23.586, 27.748, 32.201, 35.461, 36.697, 36.834, 37.081, 37.552, 37.943, 38.804, 39.316, 39.306, 39.801, 40.428, 39.787, 38.703, 40.145, 43.661, 46.861, 47.671, 47.673, 48.095, 48.653, 49.495, 49.829, 49.871, 50.262, 49.936, 47.642, 47.214, 48.953, 50.021, 50.359, 50.483, 50.356, 50.904, 52.55, 54.578, 55.212, 54.759, 54.833, 54.584, 54.817, 55.383, 55.443, 55.129, 56.349, 59.396, 60.792, 61.185, 60.367, 59.653, 60.721, 61.799, 63.199, 64.484, 64.722], [58.803, 58.487, 58.419, 56.994, 54.621, 53.307, 52.835, 51.763, 50.661, 49.422, 48.537, 47.061, 44.779, 43.053, 43.192, 42.569, 40.828, 36.919, 31.99, 29.678, 28.671, 27.765, 20.67, 11.781, 6.111, 4.341, 0.0, 8.677, 16.689, 21.776, 26.13, 30.903, 34.478, 35.878, 36.161, 36.552, 37.012, 37.373, 38.25, 38.799, 38.794, 39.312, 39.971, 39.367, 38.226, 39.648, 43.23, 46.468, 47.262, 47.191, 47.656, 48.169, 48.998, 49.442, 49.629, 50.078, 49.733, 47.464, 47.118, 48.884, 50.021, 50.465, 50.713, 50.715, 51.352, 53.078, 55.094, 55.714, 55.291, 55.428, 55.208, 55.428, 55.99, 55.964, 55.574, 56.839, 59.921, 61.281, 61.65, 60.805, 60.095, 61.194, 62.246, 63.69, 64.957, 65.214], [58.064, 57.475, 57.345, 55.927, 53.243, 51.945, 51.795, 50.902, 50.001, 48.942, 48.366, 47.247, 45.264, 43.669, 43.91, 43.311, 41.656, 38.193, 34.204, 32.883, 32.309, 31.523, 24.599, 15.896, 11.497, 11.772, 8.677, 0.0, 8.815, 14.472, 19.392, 24.838, 28.963, 30.711, 31.375, 32.229, 33.103, 34.023, 35.307, 35.954, 35.886, 36.423, 37.087, 36.516, 35.417, 36.921, 40.496, 43.535, 44.18, 43.927, 44.609, 45.182, 45.908, 46.412, 46.868, 47.676, 47.576, 45.634, 45.834, 47.668, 48.729, 49.221, 49.688, 50.141, 51.279, 53.656, 56.112, 56.834, 56.486, 56.858, 56.802, 57.052, 57.657, 57.484, 56.911, 58.439, 61.665, 62.864, 63.038, 62.135, 61.579, 62.922, 63.959, 65.626, 66.912, 67.102], [58.181, 57.452, 57.307, 55.864, 52.912, 51.779, 52.03, 51.321, 50.658, 49.807, 49.538, 48.768, 47.231, 46.042, 46.407, 45.818, 44.391, 41.523, 38.512, 38.193, 38.093, 37.309, 30.31, 21.742, 18.03, 18.826, 16.689, 8.815, 0.0, 6.313, 12.213, 18.42, 23.08, 25.254, 26.309, 27.679, 29.279, 31.12, 33.009, 33.822, 33.717, 34.246, 34.89, 34.319, 33.351, 34.988, 38.377, 41.007, 41.399, 40.947, 41.823, 42.492, 43.107, 43.581, 44.259, 45.509, 45.788, 44.314, 45.19, 47.114, 48.004, 48.429, 49.079, 50.098, 51.886, 55.044, 58.063, 58.928, 58.653, 59.219, 59.303, 59.605, 60.261, 59.965, 59.254, 61.047, 64.364, 65.405, 65.384, 64.452, 64.093, 65.679, 66.714, 68.569, 69.87, 69.946], [59.369, 58.62, 58.488, 57.094, 54.119, 53.143, 53.61, 52.98, 52.409, 51.669, 51.567, 51.016, 49.787, 48.843, 49.232, 48.635, 47.37, 44.75, 42.167, 42.297, 42.364, 41.673, 34.874, 26.45, 22.787, 23.586, 21.776, 14.472, 6.313, 0.0, 6.665, 13.812, 19.21, 21.83, 23.138, 24.838, 26.926, 29.272, 31.347, 32.254, 32.194, 32.685, 33.337, 32.879, 32.094, 33.79, 36.937, 39.239, 39.435, 38.837, 39.804, 40.517, 41.092, 41.566, 42.356, 43.786, 44.227, 43.19, 44.694, 46.762, 47.595, 47.985, 48.752, 50.251, 52.626, 56.3, 59.573, 60.499, 60.296, 60.958, 61.09, 61.462, 62.21, 61.854, 61.081, 62.996, 66.361, 67.317, 67.195, 66.263, 66.026, 67.766, 68.805, 70.721, 72.009, 72.015], [61.299, 60.542, 60.366, 59.075, 56.276, 55.511, 56.14, 55.591, 55.099, 54.449, 54.518, 54.208, 53.265, 52.527, 52.922, 52.278, 51.13, 48.645, 46.073, 46.234, 46.434, 45.933, 39.201, 30.796, 27.123, 27.748, 26.13, 19.392, 12.213, 6.665, 0.0, 7.95, 14.265, 17.432, 19.01, 21.042, 23.48, 26.124, 28.312, 29.399, 29.451, 29.903, 30.567, 30.328, 29.852, 31.711, 34.807, 36.903, 36.875, 36.139, 37.139, 37.908, 38.497, 39.04, 40.028, 41.734, 42.548, 42.201, 44.481, 46.866, 47.734, 48.005, 48.723, 50.6, 53.645, 57.945, 61.453, 62.425, 62.33, 63.093, 63.292, 63.771, 64.6, 64.204, 63.394, 65.41, 68.869, 69.779, 69.568, 68.626, 68.415, 70.222, 71.289, 73.204, 74.495, 74.495], [63.248, 62.459, 62.229, 61.059, 58.456, 57.922, 58.725, 58.29, 57.945, 57.412, 57.695, 57.654, 57.024, 56.516, 56.927, 56.242, 55.255, 53.086, 50.54, 50.588, 50.93, 50.466, 43.36, 34.943, 31.635, 32.201, 30.903, 24.838, 18.42, 13.812, 7.95, 0.0, 7.03, 10.922, 12.988, 15.761, 19.034, 22.272, 24.919, 26.349, 26.52, 26.989, 27.668, 27.606, 27.483, 29.553, 32.746, 34.712, 34.494, 33.745, 34.835, 35.775, 36.343, 36.913, 38.239, 40.585, 42.206, 42.653, 45.542, 48.209, 49.031, 49.006, 49.482, 51.534, 55.174, 60.333, 64.415, 65.495, 65.457, 66.311, 66.584, 67.128, 67.958, 67.503, 66.623, 68.723, 72.224, 73.073, 72.761, 71.79, 71.544, 73.336, 74.418, 76.34, 77.66, 77.655], [64.539, 63.76, 63.542, 62.473, 60.012, 59.641, 60.565, 60.224, 59.999, 59.529, 59.906, 59.985, 59.555, 59.18, 59.572, 58.844, 57.93, 55.977, 53.522, 53.58, 54.015, 53.464, 46.001, 37.69, 34.827, 35.461, 34.478, 28.963, 23.08, 19.21, 14.265, 7.03, 0.0, 4.586, 7.609, 11.705, 16.273, 20.215, 23.41, 25.12, 25.328, 25.845, 26.563, 26.603, 26.747, 28.878, 32.064, 33.935, 33.613, 32.955, 34.229, 35.402, 35.897, 36.338, 37.842, 40.703, 42.916, 43.759, 46.783, 49.435, 50.095, 49.784, 49.997, 52.004, 55.909, 61.692, 66.438, 67.703, 67.639, 68.536, 68.876, 69.422, 70.193, 69.663, 68.691, 70.831, 74.321, 75.108, 74.723, 73.747, 73.482, 75.234, 76.325, 78.282, 79.621, 79.595], [64.97, 64.225, 63.98, 62.974, 60.655, 60.418, 61.396, 61.088, 60.903, 60.436, 60.833, 60.958, 60.621, 60.302, 60.684, 59.921, 59.003, 57.094, 54.673, 54.733, 55.188, 54.597, 47.011, 38.774, 36.059, 36.697, 35.878, 30.711, 25.254, 21.83, 17.432, 10.922, 4.586, 0.0, 4.221, 9.728, 15.03, 19.202, 22.592, 24.423, 24.633, 25.151, 25.891, 26.026, 26.356, 28.461, 31.576, 33.406, 33.041, 32.417, 33.746, 35.052, 35.558, 35.929, 37.449, 40.459, 42.874, 43.908, 46.996, 49.624, 50.197, 49.745, 49.803, 51.713, 55.669, 61.685, 66.771, 68.185, 68.119, 69.035, 69.423, 69.963, 70.683, 70.113, 69.085, 71.24, 74.758, 75.518, 75.084, 74.11, 73.836, 75.576, 76.682, 78.649, 80.002, 79.968], [65.225, 64.714, 64.474, 63.449, 61.178, 60.977, 61.952, 61.642, 61.457, 60.988, 61.43, 61.643, 61.438, 61.215, 61.602, 60.839, 59.935, 58.035, 55.589, 55.533, 55.897, 55.271, 47.531, 39.093, 36.263, 36.834, 36.161, 31.375, 26.309, 23.138, 19.01, 12.988, 7.609, 4.221, 0.0, 6.594, 12.755, 17.277, 21.024, 23.142, 23.427, 23.946, 24.694, 24.862, 25.247, 27.274, 30.375, 32.313, 31.977, 31.344, 32.578, 33.939, 34.571, 34.984, 36.489, 39.491, 42.005, 43.187, 46.37, 49.078, 49.664, 49.159, 49.154, 51.056, 55.082, 61.203, 66.381, 67.815, 67.734, 68.63, 69.026, 69.584, 70.281, 69.691, 68.669, 70.804, 74.29, 75.025, 74.563, 73.571, 73.281, 75.04, 76.148, 78.07, 79.437, 79.407], [65.791, 65.635, 65.489, 64.32, 61.968, 61.769, 62.738, 62.416, 62.239, 61.824, 62.364, 62.709, 62.726, 62.7, 63.147, 62.424, 61.505, 59.49, 56.758, 56.292, 56.498, 55.985, 48.286, 39.706, 36.668, 37.081, 36.552, 32.229, 27.679, 24.838, 21.042, 15.761, 11.705, 9.728, 6.594, 0.0, 7.309, 13.331, 18.322, 21.084, 21.49, 22.051, 22.931, 23.148, 23.535, 25.565, 28.835, 31.012, 30.637, 29.894, 30.974, 32.332, 33.154, 33.814, 35.446, 38.387, 40.898, 41.879, 44.835, 47.586, 48.242, 47.718, 47.7, 49.651, 53.769, 60.004, 65.298, 66.785, 66.66, 67.512, 67.907, 68.484, 69.135, 68.493, 67.508, 69.647, 73.052, 73.728, 73.216, 72.164, 71.815, 73.602, 74.779, 76.706, 78.126, 78.186], [66.371, 66.265, 66.112, 65.011, 62.824, 62.696, 63.63, 63.268, 63.083, 62.74, 63.419, 63.913, 64.067, 64.215, 64.843, 64.243, 63.326, 61.153, 57.979, 56.909, 56.942, 56.617, 49.205, 40.676, 37.384, 37.552, 37.012, 33.103, 29.279, 26.926, 23.48, 19.034, 16.273, 15.03, 12.755, 7.309, 0.0, 7.759, 14.667, 18.556, 19.144, 19.717, 20.782, 21.062, 21.524, 23.663, 27.223, 29.652, 29.139, 28.074, 28.782, 29.985, 30.939, 31.964, 33.827, 36.766, 39.468, 40.433, 43.209, 46.05, 46.877, 46.423, 46.439, 48.357, 52.453, 58.628, 63.836, 65.361, 65.238, 66.067, 66.559, 67.221, 67.771, 67.033, 66.081, 68.209, 71.606, 72.258, 71.681, 70.546, 70.092, 71.896, 73.182, 75.148, 76.663, 76.888], [66.533, 66.28, 66.024, 65.376, 63.843, 63.846, 64.648, 64.216, 63.963, 63.612, 64.357, 64.928, 65.055, 65.217, 65.967, 65.51, 64.69, 62.553, 59.199, 57.65, 57.472, 57.238, 50.067, 41.571, 38.017, 37.943, 37.373, 34.023, 31.12, 29.272, 26.124, 22.272, 20.215, 19.202, 17.277, 13.331, 7.759, 0.0, 8.692, 14.296, 15.387, 15.94, 17.113, 17.44, 17.97, 20.13, 23.875, 26.66, 26.239, 25.051, 25.36, 26.454, 27.503, 28.703, 30.628, 33.501, 36.619, 38.296, 41.606, 44.78, 45.859, 45.518, 45.52, 47.248, 51.234, 57.24, 62.193, 63.671, 63.59, 64.365, 64.933, 65.828, 66.429, 65.65, 64.701, 66.779, 70.265, 70.939, 70.332, 69.136, 68.629, 70.513, 71.878, 73.745, 75.286, 75.579], [65.963, 65.59, 65.25, 64.904, 64.033, 64.325, 65.038, 64.534, 64.189, 63.774, 64.479, 65.066, 65.144, 65.184, 65.805, 65.32, 64.56, 62.652, 59.71, 58.124, 57.851, 57.762, 50.887, 42.66, 39.027, 38.804, 38.25, 35.307, 33.009, 31.347, 28.312, 24.919, 23.41, 22.592, 21.024, 18.322, 14.667, 8.692, 0.0, 6.856, 8.842, 9.478, 10.887, 11.749, 12.595, 14.635, 18.23, 21.404, 21.485, 20.985, 21.792, 23.202, 24.45, 25.777, 27.625, 29.999, 32.865, 35.05, 39.232, 42.977, 44.384, 44.163, 44.06, 45.591, 49.48, 55.313, 59.956, 61.397, 61.467, 62.279, 62.838, 63.986, 65.057, 64.571, 63.64, 65.702, 69.361, 70.053, 69.384, 68.111, 67.65, 69.722, 71.204, 72.921, 74.322, 74.487], [65.078, 64.675, 64.317, 63.931, 63.244, 63.752, 64.497, 63.971, 63.569, 63.084, 63.72, 64.286, 64.337, 64.247, 64.646, 64.001, 63.197, 61.506, 59.094, 57.753, 57.508, 57.496, 50.821, 42.983, 39.527, 39.316, 38.799, 35.954, 33.822, 32.254, 29.399, 26.349, 25.12, 24.423, 23.142, 21.084, 18.556, 14.296, 6.856, 0.0, 3.014, 4.352, 6.439, 8.394, 9.758, 11.523, 14.826, 18.183, 18.796, 19.415, 21.211, 22.95, 24.166, 25.46, 27.256, 29.222, 31.385, 33.131, 37.508, 41.568, 43.113, 42.951, 42.778, 44.186, 47.952, 53.685, 58.193, 59.612, 59.813, 60.83, 61.451, 62.649, 64.157, 64.086, 63.215, 65.249, 68.938, 69.571, 68.793, 67.432, 66.984, 69.152, 70.743, 72.431, 73.679, 73.665], [64.564, 64.15, 63.765, 63.311, 62.595, 63.165, 63.967, 63.46, 63.065, 62.569, 63.197, 63.772, 63.844, 63.74, 64.089, 63.391, 62.548, 60.905, 58.625, 57.373, 57.172, 57.179, 50.549, 42.832, 39.464, 39.306, 38.794, 35.886, 33.717, 32.194, 29.451, 26.52, 25.328, 24.633, 23.427, 21.49, 19.144, 15.387, 8.842, 3.014, 0.0, 2.457, 5.316, 7.698, 9.344, 11.133, 14.334, 17.602, 18.305, 19.246, 21.348, 23.154, 24.283, 25.504, 27.293, 29.278, 31.363, 32.858, 37.035, 41.076, 42.624, 42.469, 42.305, 43.673, 47.34, 53.012, 57.5, 58.903, 59.145, 60.296, 61.039, 62.237, 63.778, 63.826, 63.018, 65.072, 68.766, 69.373, 68.541, 67.138, 66.67, 68.843, 70.466, 72.178, 73.394, 73.347], [64.67, 64.24, 63.825, 63.382, 62.704, 63.303, 64.128, 63.646, 63.268, 62.776, 63.402, 63.989, 64.095, 64.027, 64.387, 63.697, 62.866, 61.226, 58.979, 57.784, 57.629, 57.693, 51.112, 43.373, 39.957, 39.801, 39.312, 36.423, 34.246, 32.685, 29.903, 26.989, 25.845, 25.151, 23.946, 22.051, 19.717, 15.94, 9.478, 4.352, 2.457, 0.0, 3.489, 6.61, 8.768, 10.58, 13.562, 16.707, 17.333, 18.321, 20.467, 22.324, 23.47, 24.672, 26.422, 28.333, 30.464, 32.172, 36.521, 40.583, 42.129, 41.949, 41.764, 43.149, 46.856, 52.526, 56.986, 58.395, 58.69, 59.917, 60.762, 62.047, 63.62, 63.657, 62.877, 65.077, 68.906, 69.54, 68.699, 67.31, 66.878, 69.07, 70.702, 72.407, 73.619, 73.575], [64.38, 63.944, 63.524, 63.126, 62.517, 63.155, 64.011, 63.554, 63.207, 62.735, 63.353, 63.937, 64.085, 64.084, 64.472, 63.795, 63.005, 61.435, 59.302, 58.234, 58.171, 58.274, 51.689, 43.934, 40.549, 40.428, 39.971, 37.087, 34.89, 33.337, 30.567, 27.668, 26.563, 25.891, 24.694, 22.931, 20.782, 17.113, 10.887, 6.439, 5.316, 3.489, 0.0, 4.185, 7.47, 9.47, 12.176, 15.209, 15.781, 16.846, 19.043, 20.989, 22.139, 23.303, 25.071, 26.928, 29.037, 30.959, 35.633, 39.823, 41.378, 41.162, 40.941, 42.333, 46.083, 51.782, 56.218, 57.629, 57.994, 59.309, 60.272, 61.682, 63.343, 63.393, 62.573, 64.917, 69.003, 69.736, 68.868, 67.478, 67.073, 69.273, 70.913, 72.622, 73.822, 73.758], [63.573, 63.14, 62.733, 62.36, 61.743, 62.356, 63.197, 62.724, 62.396, 61.962, 62.59, 63.129, 63.234, 63.276, 63.731, 63.091, 62.313, 60.773, 58.642, 57.571, 57.51, 57.518, 50.859, 43.118, 39.831, 39.787, 39.367, 36.516, 34.319, 32.879, 30.328, 27.606, 26.603, 26.026, 24.862, 23.148, 21.062, 17.44, 11.749, 8.394, 7.698, 6.61, 4.185, 0.0, 4.609, 7.906, 11.403, 14.754, 15.449, 16.538, 18.651, 20.621, 21.803, 22.885, 24.624, 26.552, 28.639, 30.334, 34.84, 39.02, 40.589, 40.368, 40.173, 41.525, 45.176, 50.818, 55.269, 56.691, 57.022, 58.267, 59.232, 60.682, 62.3, 62.294, 61.427, 63.875, 68.188, 69.117, 68.32, 66.933, 66.516, 68.687, 70.309, 72.037, 73.245, 73.184], [63.537, 63.103, 62.708, 62.309, 61.589, 62.058, 62.788, 62.253, 61.885, 61.457, 62.128, 62.669, 62.638, 62.514, 62.921, 62.324, 61.548, 60.046, 57.958, 56.766, 56.495, 56.324, 49.65, 41.951, 38.725, 38.703, 38.226, 35.417, 33.351, 32.094, 29.852, 27.483, 26.747, 26.356, 25.247, 23.535, 21.524, 17.97, 12.595, 9.758, 9.344, 8.768, 7.47, 4.609, 0.0, 4.979, 10.597, 15.101, 16.273, 17.483, 19.492, 21.315, 22.501, 23.619, 25.377, 27.283, 29.191, 30.442, 34.569, 38.632, 40.216, 40.081, 39.987, 41.297, 44.819, 50.398, 54.895, 56.317, 56.53, 57.607, 58.43, 59.825, 61.387, 61.316, 60.435, 62.878, 67.126, 68.082, 67.401, 66.039, 65.579, 67.726, 69.333, 71.044, 72.228, 72.15], [64.009, 63.578, 63.195, 62.811, 62.103, 62.541, 63.214, 62.659, 62.271, 61.855, 62.621, 63.354, 63.436, 63.192, 63.476, 62.94, 62.277, 61.027, 59.339, 58.274, 57.834, 57.558, 50.925, 43.281, 40.128, 40.145, 39.648, 36.921, 34.988, 33.79, 31.711, 29.553, 28.878, 28.461, 27.274, 25.565, 23.663, 20.13, 14.635, 11.523, 11.133, 10.58, 9.47, 7.906, 4.979, 0.0, 7.169, 13.025, 14.969, 16.596, 18.801, 20.642, 21.724, 22.882, 24.745, 26.482, 28.279, 29.742, 34.082, 38.127, 39.703, 39.614, 39.535, 40.833, 44.374, 50.056, 54.671, 56.089, 56.261, 57.354, 58.208, 59.676, 61.354, 61.301, 60.414, 62.757, 66.802, 67.563, 66.808, 65.448, 65.039, 67.273, 68.87, 70.521, 71.631, 71.475], [63.757, 63.287, 62.898, 62.584, 62.03, 62.583, 63.306, 62.806, 62.461, 62.101, 62.995, 64.03, 64.551, 64.583, 64.907, 64.431, 63.941, 63.078, 62.039, 61.392, 61.04, 60.878, 54.404, 46.751, 43.551, 43.661, 43.23, 40.496, 38.377, 36.937, 34.807, 32.746, 32.064, 31.576, 30.375, 28.835, 27.223, 23.875, 18.23, 14.826, 14.334, 13.562, 12.176, 11.403, 10.597, 7.169, 0.0, 6.788, 9.89, 12.663, 15.773, 18.034, 19.119, 20.243, 22.061, 23.398, 25.121, 27.548, 32.948, 37.183, 38.744, 38.639, 38.492, 39.821, 43.449, 49.207, 53.845, 55.314, 55.647, 57.019, 58.124, 59.83, 61.821, 61.887, 60.985, 63.294, 67.352, 68.002, 67.06, 65.664, 65.526, 68.037, 69.626, 71.215, 72.236, 71.979], [63.538, 62.981, 62.553, 62.287, 61.826, 62.489, 63.318, 62.91, 62.649, 62.361, 63.375, 64.629, 65.533, 65.989, 66.506, 66.039, 65.639, 65.04, 64.397, 64.09, 63.945, 63.949, 57.625, 49.96, 46.67, 46.861, 46.468, 43.535, 41.007, 39.239, 36.903, 34.712, 33.935, 33.406, 32.313, 31.012, 29.652, 26.66, 21.404, 18.183, 17.602, 16.707, 15.209, 14.754, 15.101, 13.025, 6.788, 0.0, 4.574, 9.297, 13.589, 16.291, 17.316, 18.319, 20.123, 21.432, 23.383, 26.618, 32.871, 37.247, 38.71, 38.53, 38.352, 39.79, 43.551, 49.386, 54.025, 55.558, 56.083, 57.777, 59.158, 60.997, 63.147, 63.258, 62.318, 64.676, 68.862, 69.532, 68.464, 67.012, 67.081, 69.814, 71.408, 73.013, 74.009, 73.719], [63.839, 63.283, 62.852, 62.584, 62.098, 62.764, 63.66, 63.307, 63.081, 62.815, 63.847, 65.129, 66.127, 66.794, 67.503, 67.073, 66.66, 66.003, 65.253, 64.968, 64.917, 64.994, 58.687, 50.905, 47.5, 47.671, 47.262, 44.18, 41.399, 39.435, 36.875, 34.494, 33.613, 33.041, 31.977, 30.637, 29.139, 26.239, 21.485, 18.796, 18.305, 17.333, 15.781, 15.449, 16.273, 14.969, 9.89, 4.574, 0.0, 5.922, 11.127, 14.183, 15.272, 16.436, 18.493, 20.146, 22.567, 26.133, 32.574, 36.968, 38.396, 38.194, 38.068, 39.67, 43.624, 49.587, 54.332, 55.997, 56.604, 58.413, 59.941, 61.794, 63.847, 63.851, 62.87, 65.337, 69.656, 70.368, 69.256, 67.778, 67.855, 70.591, 72.225, 73.934, 74.985, 74.754], [64.004, 63.47, 63.055, 62.847, 62.336, 62.963, 63.896, 63.555, 63.332, 63.081, 64.137, 65.451, 66.507, 67.332, 68.289, 68.05, 67.704, 66.899, 65.872, 65.478, 65.427, 65.491, 59.147, 51.149, 47.553, 47.673, 47.191, 43.927, 40.947, 38.837, 36.139, 33.745, 32.955, 32.417, 31.344, 29.894, 28.074, 25.051, 20.985, 19.415, 19.246, 18.321, 16.846, 16.538, 17.483, 16.596, 12.663, 9.297, 5.922, 0.0, 6.338, 9.873, 11.241, 12.942, 15.48, 17.643, 20.923, 25.268, 32.011, 36.39, 37.829, 37.687, 37.694, 39.465, 43.587, 49.619, 54.455, 56.24, 56.843, 58.579, 60.11, 61.965, 63.802, 63.591, 62.546, 65.08, 69.536, 70.318, 69.214, 67.763, 67.884, 70.605, 72.214, 74.076, 75.258, 75.144], [65.075, 64.551, 64.088, 64.039, 63.698, 64.325, 65.224, 64.856, 64.596, 64.331, 65.401, 66.717, 67.777, 68.682, 69.757, 69.671, 69.466, 68.561, 67.145, 66.483, 66.37, 66.394, 60.08, 51.969, 48.138, 48.095, 47.656, 44.609, 41.823, 39.804, 37.139, 34.835, 34.229, 33.746, 32.578, 30.974, 28.782, 25.36, 21.792, 21.211, 21.348, 20.467, 19.043, 18.651, 19.492, 18.801, 15.773, 13.589, 11.127, 6.338, 0.0, 4.167, 6.544, 9.232, 12.352, 14.901, 19.279, 24.861, 32.234, 36.808, 38.294, 38.173, 38.22, 40.0, 44.213, 50.216, 54.961, 56.713, 57.279, 58.874, 60.332, 62.219, 63.868, 63.505, 62.491, 65.015, 69.514, 70.377, 69.337, 67.946, 68.079, 70.8, 72.378, 74.215, 75.541, 75.557], [65.784, 65.226, 64.735, 64.76, 64.469, 65.055, 65.924, 65.55, 65.267, 64.998, 66.08, 67.388, 68.407, 69.291, 70.385, 70.367, 70.256, 69.369, 67.842, 67.091, 66.934, 66.963, 60.76, 52.665, 48.759, 48.653, 48.169, 45.182, 42.492, 40.517, 37.908, 35.775, 35.402, 35.052, 33.939, 32.332, 29.985, 26.454, 23.202, 22.95, 23.154, 22.324, 20.989, 20.621, 21.315, 20.642, 18.034, 16.291, 14.183, 9.873, 4.167, 0.0, 3.796, 7.741, 11.365, 13.94, 18.511, 24.553, 32.26, 36.935, 38.481, 38.438, 38.584, 40.443, 44.727, 50.712, 55.366, 57.065, 57.63, 59.237, 60.722, 62.623, 64.214, 63.8, 62.797, 65.266, 69.69, 70.511, 69.459, 68.069, 68.191, 70.926, 72.52, 74.349, 75.715, 75.809], [65.98, 65.353, 64.88, 64.961, 64.666, 65.232, 66.11, 65.759, 65.491, 65.233, 66.344, 67.65, 68.629, 69.465, 70.547, 70.547, 70.48, 69.698, 68.304, 67.691, 67.581, 67.596, 61.43, 53.387, 49.539, 49.495, 48.998, 45.908, 43.107, 41.092, 38.497, 36.343, 35.897, 35.558, 34.571, 33.154, 30.939, 27.503, 24.45, 24.166, 24.283, 23.47, 22.139, 21.803, 22.501, 21.724, 19.119, 17.316, 15.272, 11.241, 6.544, 3.796, 0.0, 4.973, 9.712, 13.043, 18.076, 24.443, 32.26, 36.814, 38.229, 38.15, 38.325, 40.201, 44.542, 50.684, 55.515, 57.24, 57.785, 59.496, 61.096, 63.019, 64.581, 64.137, 63.094, 65.5, 69.805, 70.494, 69.341, 67.934, 68.051, 70.796, 72.41, 74.309, 75.678, 75.744], [65.512, 64.88, 64.434, 64.597, 64.398, 64.997, 65.876, 65.544, 65.289, 65.027, 66.142, 67.409, 68.351, 69.205, 70.286, 70.271, 70.208, 69.486, 68.224, 67.84, 67.877, 67.846, 61.642, 53.603, 49.785, 49.829, 49.442, 46.412, 43.581, 41.566, 39.04, 36.913, 36.338, 35.929, 34.984, 33.814, 31.964, 28.703, 25.777, 25.46, 25.504, 24.672, 23.303, 22.885, 23.619, 22.882, 20.243, 18.319, 16.436, 12.942, 9.232, 7.741, 4.973, 0.0, 5.714, 10.49, 16.686, 23.729, 31.769, 36.16, 37.372, 37.182, 37.317, 39.098, 43.421, 49.642, 54.654, 56.399, 56.885, 58.645, 60.361, 62.339, 63.854, 63.408, 62.365, 64.772, 69.04, 69.666, 68.463, 67.114, 67.315, 70.084, 71.696, 73.616, 74.994, 74.984], [64.924, 64.342, 63.897, 64.155, 64.155, 64.785, 65.606, 65.259, 64.969, 64.675, 65.745, 66.954, 67.88, 68.82, 69.957, 69.948, 69.878, 69.129, 67.946, 67.725, 67.896, 67.926, 61.794, 53.735, 49.812, 49.871, 49.629, 46.868, 44.259, 42.356, 40.028, 38.239, 37.842, 37.449, 36.489, 35.446, 33.827, 30.628, 27.625, 27.256, 27.293, 26.422, 25.071, 24.624, 25.377, 24.745, 22.061, 20.123, 18.493, 15.48, 12.352, 11.365, 9.712, 5.714, 0.0, 6.303, 14.022, 22.203, 30.779, 35.207, 36.431, 36.252, 36.32, 37.92, 42.108, 48.068, 52.891, 54.601, 55.073, 56.793, 58.565, 60.637, 62.198, 61.866, 60.884, 63.314, 67.694, 68.406, 67.253, 65.999, 66.362, 69.2, 70.81, 72.692, 74.072, 74.027], [65.25, 64.749, 64.314, 64.593, 64.748, 65.37, 66.085, 65.694, 65.313, 64.947, 65.889, 66.999, 67.882, 68.784, 69.852, 69.827, 69.751, 68.938, 67.856, 67.717, 67.87, 68.102, 62.355, 54.4, 50.301, 50.262, 50.078, 47.676, 45.509, 43.786, 41.734, 40.585, 40.703, 40.459, 39.491, 38.387, 36.766, 33.501, 29.999, 29.222, 29.278, 28.333, 26.928, 26.552, 27.283, 26.482, 23.398, 21.432, 20.146, 17.643, 14.901, 13.94, 13.043, 10.49, 6.303, 0.0, 8.928, 19.207, 29.002, 33.769, 35.265, 35.293, 35.322, 36.781, 40.805, 46.245, 50.518, 52.203, 52.81, 54.539, 56.339, 58.599, 60.484, 60.414, 59.557, 62.049, 66.611, 67.425, 66.306, 65.088, 65.598, 68.553, 70.205, 71.977, 73.286, 73.225], [64.693, 64.352, 64.028, 64.169, 64.272, 64.847, 65.472, 65.017, 64.493, 64.0, 64.681, 65.533, 66.285, 67.074, 67.968, 67.84, 67.706, 66.799, 65.928, 66.031, 66.119, 66.535, 61.512, 54.12, 50.034, 49.936, 49.733, 47.576, 45.788, 44.227, 42.548, 42.206, 42.916, 42.874, 42.005, 40.898, 39.468, 36.619, 32.865, 31.385, 31.363, 30.464, 29.037, 28.639, 29.191, 28.279, 25.121, 23.383, 22.567, 20.923, 19.279, 18.511, 18.076, 16.686, 14.022, 8.928, 0.0, 12.585, 24.102, 29.392, 31.187, 31.517, 31.659, 33.217, 37.25, 42.346, 46.331, 48.107, 48.859, 50.688, 52.42, 54.735, 57.101, 57.372, 56.616, 59.219, 63.991, 64.916, 63.801, 62.56, 63.161, 66.184, 67.908, 69.666, 70.845, 70.72], [62.586, 62.518, 62.36, 62.125, 61.909, 62.4, 62.957, 62.403, 61.741, 61.092, 61.389, 61.817, 62.357, 63.092, 63.86, 63.589, 63.267, 62.128, 61.263, 61.434, 61.409, 61.804, 57.531, 51.272, 47.704, 47.642, 47.464, 45.634, 44.314, 43.19, 42.201, 42.653, 43.759, 43.908, 43.187, 41.879, 40.433, 38.296, 35.05, 33.131, 32.858, 32.172, 30.959, 30.334, 30.442, 29.742, 27.548, 26.618, 26.133, 25.268, 24.861, 24.553, 24.443, 23.729, 22.203, 19.207, 12.585, 0.0, 12.75, 19.158, 21.642, 22.492, 23.093, 25.087, 29.319, 34.589, 39.138, 41.202, 41.891, 43.827, 45.585, 47.752, 50.286, 50.807, 50.16, 52.989, 57.964, 59.042, 57.951, 56.61, 57.079, 59.987, 61.864, 63.812, 64.913, 64.769], [62.04, 62.255, 62.248, 61.685, 61.206, 61.6, 62.07, 61.472, 60.766, 60.01, 59.931, 59.952, 60.279, 60.957, 61.64, 61.298, 60.758, 59.363, 58.369, 58.432, 58.265, 58.45, 54.75, 49.747, 47.086, 47.214, 47.118, 45.834, 45.19, 44.694, 44.481, 45.542, 46.783, 46.996, 46.37, 44.835, 43.209, 41.606, 39.232, 37.508, 37.035, 36.521, 35.633, 34.84, 34.569, 34.082, 32.948, 32.871, 32.574, 32.011, 32.234, 32.26, 32.26, 31.769, 30.779, 29.002, 24.102, 12.75, 0.0, 7.961, 11.965, 13.79, 15.247, 17.655, 21.741, 27.134, 32.776, 35.324, 35.772, 37.761, 39.871, 41.919, 44.1, 44.603, 44.199, 47.476, 52.637, 53.827, 52.773, 51.394, 51.639, 54.201, 56.175, 58.399, 59.493, 59.429], [62.404, 62.748, 62.865, 62.224, 61.625, 61.929, 62.371, 61.829, 61.156, 60.383, 60.161, 60.033, 60.321, 60.998, 61.623, 61.272, 60.661, 59.254, 58.478, 58.798, 58.602, 58.586, 55.1