[[0.0, 6.085, 9.385, 10.741, 11.592, 14.009, 14.546, 14.898, 16.145, 16.592, 18.383, 20.27, 21.121, 23.334, 24.186, 25.175, 26.974, 28.472, 29.714, 31.089, 32.531, 32.464, 32.777, 33.291, 35.487, 37.248, 41.203, 42.462, 43.501, 48.478, 51.416, 51.797, 51.616, 51.494, 53.523, 56.628, 56.963, 55.959, 55.524, 55.434, 55.359, 55.0, 54.867, 54.92, 55.637, 56.457, 56.847, 57.413, 57.819, 58.464, 57.831, 56.727, 56.172, 56.206, 56.868, 55.756, 54.278, 54.315, 54.876, 55.237, 54.963, 54.591, 54.468, 54.619, 56.541, 57.759, 56.795, 54.917, 54.988, 56.803, 58.718, 58.989, 58.741, 59.297, 59.979, 60.565, 59.738, 59.384, 60.913, 62.051, 61.693, 60.815, 59.071, 58.758, 60.156, 61.468], [6.085, 0.0, 5.973, 8.082, 10.228, 13.813, 14.312, 14.358, 15.733, 16.482, 18.302, 20.487, 21.71, 24.467, 25.336, 26.088, 27.708, 29.078, 30.309, 31.259, 32.368, 32.295, 32.779, 33.548, 35.775, 37.84, 41.81, 43.053, 44.029, 48.837, 51.65, 52.04, 51.975, 51.942, 54.083, 57.538, 57.84, 56.779, 56.385, 56.227, 56.163, 55.913, 55.753, 55.66, 56.275, 57.07, 57.477, 57.637, 57.745, 58.417, 57.914, 56.968, 56.432, 56.445, 57.165, 56.084, 54.462, 54.458, 55.03, 55.206, 54.791, 54.356, 54.224, 54.406, 56.304, 57.44, 56.515, 54.691, 54.604, 56.16, 57.977, 58.24, 57.965, 58.536, 59.199, 59.742, 58.919, 58.561, 60.062, 61.138, 60.734, 59.989, 58.502, 58.283, 59.55, 60.776], [9.385, 5.973, 0.0, 4.0, 7.774, 12.025, 12.574, 12.4, 13.524, 14.752, 16.611, 18.998, 20.259, 22.839, 23.81, 24.542, 26.247, 27.668, 29.276, 31.028, 32.417, 32.385, 32.983, 33.557, 35.552, 37.774, 41.783, 43.014, 43.881, 48.336, 51.038, 51.442, 51.347, 51.295, 53.437, 57.073, 57.799, 56.848, 56.458, 56.351, 56.296, 56.071, 55.93, 55.806, 56.489, 57.246, 57.679, 57.884, 57.87, 58.651, 58.173, 57.114, 56.527, 56.545, 57.252, 56.222, 54.686, 54.735, 55.273, 55.35, 54.83, 54.323, 54.15, 54.197, 55.808, 56.779, 55.899, 54.223, 54.177, 55.567, 57.134, 57.341, 57.047, 57.573, 58.231, 58.736, 57.915, 57.64, 59.149, 60.197, 59.73, 58.955, 57.62, 57.359, 58.515, 59.701], [10.741, 8.082, 4.0, 0.0, 5.991, 10.817, 11.244, 11.263, 12.637, 13.964, 16.05, 18.482, 19.806, 22.272, 23.107, 23.735, 25.46, 27.1, 28.902, 30.806, 32.233, 32.244, 32.947, 33.509, 35.477, 37.787, 41.844, 43.103, 44.009, 48.487, 51.231, 51.626, 51.533, 51.551, 53.789, 57.444, 58.299, 57.545, 57.181, 57.089, 57.046, 56.8, 56.686, 56.591, 57.285, 58.082, 58.561, 58.929, 59.047, 59.938, 59.53, 58.396, 57.783, 57.851, 58.569, 57.54, 55.988, 56.036, 56.543, 56.575, 55.964, 55.378, 55.152, 55.111, 56.613, 57.52, 56.587, 54.852, 54.764, 56.149, 57.731, 57.936, 57.631, 58.152, 58.801, 59.293, 58.491, 58.301, 59.912, 60.971, 60.477, 59.686, 58.341, 58.04, 59.107, 60.266], [11.592, 10.228, 7.774, 5.991, 0.0, 6.005, 6.901, 7.361, 9.875, 12.226, 14.747, 17.197, 18.386, 21.146, 22.044, 22.21, 24.05, 26.167, 28.209, 30.276, 31.772, 31.811, 32.618, 33.144, 35.27, 37.845, 42.123, 43.381, 44.602, 49.538, 52.376, 52.739, 52.603, 52.564, 54.79, 58.327, 59.08, 58.266, 58.117, 58.203, 58.164, 57.761, 57.613, 57.544, 58.263, 59.144, 59.899, 60.656, 61.01, 62.067, 61.657, 60.495, 59.936, 60.102, 60.778, 59.651, 58.092, 58.134, 58.631, 58.51, 57.612, 56.903, 56.663, 56.7, 58.175, 58.887, 57.74, 56.002, 56.148, 57.594, 59.064, 59.286, 58.949, 59.44, 60.1, 60.662, 59.838, 59.769, 61.664, 62.809, 62.263, 61.374, 59.828, 59.329, 60.293, 61.352], [14.009, 13.813, 12.025, 10.817, 6.005, 0.0, 2.559, 4.74, 8.392, 11.74, 14.497, 16.651, 17.621, 20.038, 20.804, 20.699, 22.728, 25.325, 27.484, 29.925, 31.744, 31.82, 32.717, 33.143, 35.563, 38.067, 42.377, 43.631, 45.037, 50.231, 53.092, 53.45, 53.329, 53.258, 55.505, 58.923, 59.698, 58.893, 58.809, 59.143, 59.135, 58.623, 58.455, 58.369, 59.131, 60.124, 61.048, 62.243, 62.794, 63.892, 63.402, 62.117, 61.557, 61.793, 62.464, 61.297, 59.813, 59.881, 60.379, 60.332, 59.394, 58.642, 58.391, 58.425, 59.842, 60.467, 59.236, 57.538, 57.925, 59.589, 61.021, 61.229, 60.896, 61.324, 62.002, 62.623, 61.771, 61.767, 63.809, 65.02, 64.45, 63.45, 61.762, 61.14, 62.085, 63.096], [14.546, 14.312, 12.574, 11.244, 6.901, 2.559, 0.0, 3.656, 7.897, 11.449, 14.212, 16.306, 17.261, 19.655, 20.406, 20.334, 22.467, 25.157, 27.358, 29.735, 31.496, 31.562, 32.496, 32.929, 35.269, 37.844, 42.151, 43.4, 44.803, 49.971, 52.83, 53.169, 53.065, 53.028, 55.297, 58.724, 59.526, 58.759, 58.66, 59.003, 59.037, 58.553, 58.393, 58.302, 59.085, 60.109, 61.056, 62.307, 62.898, 64.011, 63.53, 62.223, 61.645, 61.889, 62.56, 61.395, 59.924, 59.998, 60.49, 60.426, 59.466, 58.703, 58.449, 58.484, 59.915, 60.542, 59.282, 57.546, 57.93, 59.643, 61.115, 61.322, 60.991, 61.421, 62.09, 62.704, 61.867, 61.876, 63.926, 65.144, 64.567, 63.543, 61.845, 61.218, 62.143, 63.149], [14.898, 14.358, 12.4, 11.263, 7.361, 4.74, 3.656, 0.0, 5.735, 10.28, 12.874, 14.922, 15.902, 18.605, 19.574, 19.503, 21.655, 24.285, 26.51, 28.93, 30.705, 30.798, 31.757, 32.177, 34.484, 37.22, 41.643, 42.95, 44.363, 49.471, 52.294, 52.614, 52.465, 52.406, 54.69, 58.174, 58.99, 58.16, 58.035, 58.328, 58.409, 58.097, 58.001, 57.919, 58.75, 59.745, 60.694, 61.897, 62.421, 63.509, 63.015, 61.74, 61.161, 61.383, 62.07, 60.898, 59.378, 59.436, 59.945, 59.804, 58.748, 57.959, 57.708, 57.754, 59.198, 59.834, 58.596, 56.862, 57.218, 58.918, 60.402, 60.61, 60.292, 60.749, 61.412, 62.029, 61.216, 61.214, 63.258, 64.48, 63.911, 62.883, 61.225, 60.647, 61.586, 62.602], [16.145, 15.733, 13.524, 12.637, 9.875, 8.392, 7.897, 5.735, 0.0, 6.69, 10.434, 12.418, 13.593, 16.848, 18.183, 18.091, 20.263, 22.966, 25.276, 27.752, 29.549, 29.663, 30.647, 31.143, 33.212, 36.112, 40.809, 42.117, 43.518, 48.489, 51.245, 51.558, 51.364, 51.277, 53.569, 57.086, 58.019, 57.191, 57.036, 57.275, 57.357, 57.175, 57.376, 57.426, 58.279, 59.322, 60.274, 61.452, 61.923, 63.044, 62.573, 61.239, 60.632, 60.858, 61.539, 60.404, 58.902, 58.901, 59.421, 59.308, 58.232, 57.432, 57.187, 57.246, 58.698, 59.351, 58.169, 56.505, 56.89, 58.577, 60.017, 60.208, 59.89, 60.342, 61.018, 61.634, 60.82, 60.835, 62.9, 64.119, 63.557, 62.555, 60.93, 60.341, 61.253, 62.313], [16.592, 16.482, 14.752, 13.964, 12.226, 11.74, 11.449, 10.28, 6.69, 0.0, 6.395, 9.648, 11.378, 15.65, 17.543, 17.821, 19.584, 21.95, 24.19, 26.466, 28.162, 28.243, 29.084, 29.485, 31.39, 34.424, 39.445, 40.889, 42.209, 47.085, 49.873, 50.17, 49.931, 49.901, 52.269, 55.776, 56.725, 55.958, 55.724, 55.789, 55.796, 55.608, 55.972, 56.503, 57.556, 58.596, 59.46, 60.506, 60.968, 62.078, 61.69, 60.382, 59.781, 59.982, 60.588, 59.462, 57.991, 57.97, 58.461, 58.489, 57.584, 56.816, 56.569, 56.683, 58.262, 59.032, 57.928, 56.331, 56.777, 58.411, 59.737, 59.893, 59.603, 60.072, 60.762, 61.359, 60.564, 60.566, 62.597, 63.793, 63.256, 62.373, 60.788, 60.175, 61.087, 62.217], [18.383, 18.302, 16.611, 16.05, 14.747, 14.497, 14.212, 12.874, 10.434, 6.395, 0.0, 5.09, 8.063, 13.495, 15.942, 16.221, 17.847, 19.997, 22.216, 24.525, 26.386, 26.473, 27.286, 27.417, 29.13, 32.582, 37.702, 39.239, 40.771, 45.792, 48.646, 48.878, 48.572, 48.62, 51.072, 54.589, 55.537, 54.717, 54.481, 54.601, 54.63, 54.498, 54.842, 55.577, 57.23, 58.426, 59.258, 60.207, 60.597, 61.705, 61.387, 60.156, 59.516, 59.61, 60.152, 59.065, 57.616, 57.602, 58.071, 58.043, 57.117, 56.337, 56.079, 56.171, 57.715, 58.505, 57.461, 55.949, 56.463, 58.014, 59.158, 59.281, 58.996, 59.439, 60.16, 60.736, 59.91, 59.931, 61.954, 63.158, 62.615, 61.754, 60.21, 59.528, 60.386, 61.473], [20.27, 20.487, 18.998, 18.482, 17.197, 16.651, 16.306, 14.922, 12.418, 9.648, 5.09, 0.0, 5.218, 11.82, 14.476, 14.706, 16.569, 18.986, 21.16, 23.471, 25.443, 25.55, 26.453, 26.486, 27.983, 31.6, 36.729, 38.251, 39.88, 44.893, 47.699, 47.871, 47.547, 47.632, 50.149, 53.585, 54.513, 53.685, 53.467, 53.725, 53.851, 53.8, 54.245, 54.952, 56.845, 58.368, 59.328, 60.45, 60.986, 62.155, 61.876, 60.621, 59.927, 59.973, 60.482, 59.423, 58.005, 57.981, 58.439, 58.387, 57.429, 56.665, 56.427, 56.541, 58.116, 58.915, 57.82, 56.317, 56.944, 58.641, 59.853, 59.998, 59.734, 60.17, 60.899, 61.469, 60.638, 60.709, 62.763, 64.001, 63.455, 62.557, 60.937, 60.148, 60.968, 62.029], [21.121, 21.71, 20.259, 19.806, 18.386, 17.621, 17.261, 15.902, 13.593, 11.378, 8.063, 5.218, 0.0, 7.963, 11.419, 12.525, 15.333, 18.087, 20.549, 23.521, 25.761, 25.848, 26.773, 26.297, 27.705, 31.35, 36.264, 37.764, 39.263, 44.091, 46.899, 47.081, 46.699, 46.558, 48.853, 52.165, 53.114, 52.18, 51.872, 52.301, 52.455, 52.315, 52.75, 53.427, 55.325, 56.889, 58.158, 59.745, 60.518, 61.814, 61.523, 60.199, 59.529, 59.599, 60.069, 58.985, 57.617, 57.621, 58.052, 58.06, 57.213, 56.527, 56.318, 56.447, 58.017, 58.782, 57.623, 56.251, 57.14, 58.94, 60.066, 60.21, 60.001, 60.395, 61.171, 61.799, 60.955, 61.082, 63.219, 64.497, 63.961, 63.018, 61.31, 60.397, 61.216, 62.302], [23.334, 24.467, 22.839, 22.272, 21.146, 20.038, 19.655, 18.605, 16.848, 15.65, 13.495, 11.82, 7.963, 0.0, 5.21, 9.43, 13.665, 16.791, 19.462, 23.523, 26.568, 26.613, 27.348, 26.258, 27.612, 30.423, 34.779, 36.35, 37.575, 41.987, 44.725, 44.927, 44.53, 44.261, 46.493, 49.759, 51.053, 50.25, 49.646, 50.337, 50.555, 50.343, 50.758, 51.322, 53.356, 54.934, 56.256, 58.7, 59.984, 61.378, 60.98, 59.359, 58.636, 58.738, 59.168, 58.117, 56.922, 57.011, 57.463, 57.962, 57.673, 57.158, 56.936, 56.98, 58.485, 59.297, 58.179, 57.001, 58.094, 59.996, 61.068, 61.19, 61.044, 61.369, 62.194, 62.851, 61.956, 62.128, 64.309, 65.58, 65.062, 64.118, 62.354, 61.37, 62.294, 63.527], [24.186, 25.336, 23.81, 23.107, 22.044, 20.804, 20.406, 19.574, 18.183, 17.543, 15.942, 14.476, 11.419, 5.21, 0.0, 6.476, 11.387, 14.757, 17.454, 21.813, 25.336, 25.412, 26.204, 25.083, 26.675, 29.051, 33.053, 34.658, 35.771, 40.116, 42.821, 43.053, 42.776, 42.608, 44.962, 48.292, 49.666, 49.096, 48.562, 49.408, 49.667, 49.493, 49.908, 50.309, 52.357, 54.04, 55.251, 57.801, 59.334, 60.774, 60.349, 58.663, 57.9, 58.056, 58.513, 57.446, 56.241, 56.33, 56.805, 57.503, 57.452, 57.01, 56.771, 56.809, 58.338, 59.137, 57.944, 56.761, 57.91, 59.866, 60.976, 61.1, 60.941, 61.255, 62.111, 62.762, 61.813, 61.993, 64.236, 65.505, 64.947, 64.021, 62.233, 61.234, 62.183, 63.453], [25.175, 26.088, 24.542, 23.735, 22.21, 20.699, 20.334, 19.503, 18.091, 17.821, 16.221, 14.706, 12.525, 9.43, 6.476, 0.0, 6.161, 10.84, 14.035, 18.891, 22.87, 23.07, 24.238, 23.458, 25.305, 28.14, 32.552, 34.157, 35.578, 40.464, 43.274, 43.513, 43.271, 43.221, 45.782, 49.18, 50.454, 49.982, 49.818, 50.762, 50.978, 50.771, 51.181, 51.473, 53.511, 55.284, 56.481, 58.658, 60.006, 61.489, 61.139, 59.592, 58.81, 59.024, 59.56, 58.404, 57.038, 57.059, 57.551, 57.992, 57.56, 56.979, 56.694, 56.616, 57.988, 58.639, 57.334, 56.063, 57.213, 59.164, 60.271, 60.406, 60.198, 60.513, 61.397, 62.067, 61.072, 61.279, 63.622, 64.924, 64.296, 63.287, 61.431, 60.386, 61.237, 62.387], [26.974, 27.708, 26.247, 25.46, 24.05, 22.728, 22.467, 21.655, 20.263, 19.584, 17.847, 16.569, 15.333, 13.665, 11.387, 6.161, 0.0, 5.782, 9.442, 15.468, 20.306, 20.696, 22.248, 21.689, 23.701, 26.516, 31.203, 32.931, 34.441, 39.544, 42.38, 42.578, 42.282, 42.299, 45.089, 48.674, 49.999, 49.705, 49.777, 50.786, 50.96, 50.76, 51.196, 51.594, 53.709, 55.49, 56.442, 58.157, 59.329, 60.782, 60.565, 59.159, 58.332, 58.517, 59.04, 57.817, 56.331, 56.323, 56.832, 57.246, 56.748, 56.101, 55.777, 55.663, 57.013, 57.656, 56.346, 55.084, 56.264, 58.155, 59.192, 59.312, 59.082, 59.394, 60.303, 60.985, 59.968, 60.186, 62.59, 63.896, 63.242, 62.282, 60.454, 59.434, 60.269, 61.394], [28.472, 29.078, 27.668, 27.1, 26.167, 25.325, 25.157, 24.285, 22.966, 21.95, 19.997, 18.986, 18.087, 16.791, 14.757, 10.84, 5.782, 0.0, 4.794, 13.153, 18.894, 19.406, 21.063, 20.405, 22.328, 24.887, 29.548, 31.364, 32.719, 37.569, 40.298, 40.455, 40.056, 40.078, 42.994, 46.739, 48.178, 48.02, 48.241, 49.338, 49.549, 49.432, 49.85, 50.358, 52.61, 54.321, 55.015, 56.228, 57.195, 58.599, 58.501, 57.275, 56.415, 56.492, 56.943, 55.698, 54.182, 54.201, 54.715, 55.227, 54.929, 54.349, 54.015, 53.924, 55.31, 55.985, 54.72, 53.556, 54.781, 56.529, 57.411, 57.505, 57.264, 57.571, 58.489, 59.172, 58.146, 58.354, 60.76, 62.039, 61.358, 60.51, 58.809, 57.836, 58.698, 59.87], [29.714, 30.309, 29.276, 28.902, 28.209, 27.484, 27.358, 26.51, 25.276, 24.19, 22.216, 21.16, 20.549, 19.462, 17.454, 14.035, 9.442, 4.794, 0.0, 10.182, 16.845, 17.443, 19.205, 18.697, 20.838, 23.006, 27.755, 29.672, 31.103, 36.161, 38.894, 39.04, 38.628, 38.753, 41.897, 45.716, 47.094, 47.046, 47.402, 48.58, 48.812, 48.74, 49.198, 49.744, 52.076, 53.835, 54.324, 55.293, 56.222, 57.551, 57.456, 56.317, 55.487, 55.583, 56.052, 54.771, 53.205, 53.215, 53.778, 54.449, 54.32, 53.816, 53.493, 53.485, 55.053, 55.829, 54.59, 53.418, 54.64, 56.448, 57.402, 57.492, 57.237, 57.552, 58.479, 59.165, 58.132, 58.287, 60.651, 61.91, 61.242, 60.472, 58.792, 57.871, 58.82, 60.044], [31.089, 31.259, 31.028, 30.806, 30.276, 29.925, 29.735, 28.93, 27.752, 26.466, 24.525, 23.471, 23.521, 23.523, 21.813, 18.891, 15.468, 13.153, 10.182, 0.0, 7.801, 8.878, 11.337, 12.273, 15.211, 17.941, 23.343, 25.466, 27.576, 34.12, 37.312, 37.477, 37.283, 38.021, 41.766, 45.864, 46.742, 46.733, 47.4, 48.392, 48.676, 48.832, 49.426, 49.984, 52.231, 54.052, 54.168, 54.581, 55.481, 56.682, 56.54, 55.501, 54.848, 55.249, 55.924, 54.625, 52.891, 52.783, 53.423, 54.084, 53.846, 53.313, 53.036, 53.426, 55.658, 56.672, 55.41, 53.937, 54.826, 56.813, 58.279, 58.458, 58.104, 58.499, 59.383, 60.014, 59.076, 59.112, 61.399, 62.629, 62.063, 61.459, 59.789, 59.096, 60.19, 61.451], [32.531, 32.368, 32.417, 32.233, 31.772, 31.744, 31.496, 30.705, 29.549, 28.162, 26.386, 25.443, 25.761, 26.568, 25.336, 22.87, 20.306, 18.894, 16.845, 7.801, 0.0, 3.315, 7.794, 10.151, 13.01, 16.956, 22.517, 24.613, 27.08, 34.198, 37.596, 37.768, 37.748, 38.792, 42.655, 46.827, 47.379, 47.258, 48.05, 48.814, 49.132, 49.45, 50.088, 50.658, 52.778, 54.596, 54.608, 54.671, 55.534, 56.752, 56.642, 55.682, 55.184, 55.859, 56.762, 55.561, 53.812, 53.661, 54.287, 54.754, 54.309, 53.698, 53.449, 54.135, 56.759, 57.862, 56.586, 54.991, 55.669, 57.672, 59.408, 59.655, 59.242, 59.699, 60.526, 61.078, 60.257, 60.27, 62.524, 63.725, 63.241, 62.757, 61.122, 60.528, 61.643, 62.9], [32.464, 32.295, 32.385, 32.244, 31.811, 31.82, 31.562, 30.798, 29.663, 28.243, 26.473, 25.55, 25.848, 26.613, 25.412, 23.07, 20.696, 19.406, 17.443, 8.878, 3.315, 0.0, 5.635, 8.639, 11.579, 15.737, 21.646, 23.893, 26.39, 33.634, 37.102, 37.288, 37.268, 38.354, 42.34, 46.616, 47.186, 47.023, 47.757, 48.477, 48.802, 49.132, 49.775, 50.354, 52.484, 54.352, 54.43, 54.539, 55.409, 56.613, 56.527, 55.596, 55.092, 55.779, 56.719, 55.562, 53.851, 53.696, 54.358, 54.927, 54.55, 53.94, 53.684, 54.368, 56.991, 58.097, 56.822, 55.219, 55.881, 57.872, 59.609, 59.856, 59.445, 59.913, 60.735, 61.274, 60.436, 60.416, 62.651, 63.842, 63.344, 62.858, 61.223, 60.628, 61.727, 62.974], [32.777, 32.779, 32.983, 32.947, 32.618, 32.717, 32.496, 31.757, 30.647, 29.084, 27.286, 26.453, 26.773, 27.348, 26.204, 24.238, 22.248, 21.063, 19.205, 11.337, 7.794, 5.635, 0.0, 5.473, 9.571, 13.188, 19.87, 22.527, 25.138, 32.758, 36.426, 36.65, 36.613, 37.732, 41.74, 46.026, 46.642, 46.512, 47.15, 47.779, 48.184, 48.616, 49.304, 49.896, 51.944, 53.72, 53.734, 54.014, 54.982, 56.023, 55.742, 54.776, 54.301, 55.05, 56.025, 54.876, 53.308, 53.17, 53.937, 54.873, 54.739, 54.181, 53.937, 54.684, 57.43, 58.643, 57.378, 55.683, 56.28, 58.346, 60.251, 60.549, 60.15, 60.658, 61.443, 61.96, 61.089, 60.877, 62.954, 64.131, 63.662, 63.144, 61.47, 61.021, 62.302, 63.641], [33.291, 33.548, 33.557, 33.509, 33.144, 33.143, 32.929, 32.177, 31.143, 29.485, 27.417, 26.486, 26.297, 26.258, 25.083, 23.458, 21.689, 20.405, 18.697, 12.273, 10.151, 8.639, 5.473, 0.0, 7.23, 11.765, 18.38, 21.257, 23.722, 31.125, 34.823, 35.047, 35.007, 35.963, 39.695, 43.838, 44.605, 44.508, 45.09, 45.877, 46.316, 46.716, 47.414, 48.048, 50.219, 51.958, 52.091, 52.773, 54.018, 55.186, 54.888, 53.856, 53.408, 54.189, 55.115, 53.952, 52.505, 52.434, 53.125, 54.17, 54.286, 53.849, 53.621, 54.378, 57.113, 58.32, 57.019, 55.424, 56.25, 58.391, 60.195, 60.487, 60.127, 60.603, 61.42, 61.952, 61.066, 60.876, 62.967, 64.168, 63.712, 63.168, 61.421, 60.833, 62.139, 63.524], [35.487, 35.775, 35.552, 35.477, 35.27, 35.563, 35.269, 34.484, 33.212, 31.39, 29.13, 27.983, 27.705, 27.612, 26.675, 25.305, 23.701, 22.328, 20.838, 15.211, 13.01, 11.579, 9.571, 7.23, 0.0, 9.088, 16.48, 19.262, 21.88, 28.956, 32.688, 32.833, 32.704, 33.872, 37.833, 41.997, 42.903, 42.851, 43.46, 44.201, 44.669, 45.133, 45.98, 46.739, 49.129, 50.989, 51.192, 51.939, 53.284, 54.638, 54.555, 53.531, 53.062, 53.895, 54.757, 53.752, 52.558, 52.529, 53.256, 54.316, 54.494, 54.126, 53.918, 54.641, 57.338, 58.565, 57.288, 55.702, 56.542, 58.653, 60.333, 60.6, 60.237, 60.701, 61.494, 61.924, 61.051, 60.921, 62.972, 64.129, 63.648, 63.107, 61.423, 60.766, 61.934, 63.306], [37.248, 37.84, 37.774, 37.787, 37.845, 38.067, 37.844, 37.22, 36.112, 34.424, 32.582, 31.6, 31.35, 30.423, 29.051, 28.14, 26.516, 24.887, 23.006, 17.941, 16.956, 15.737, 13.188, 11.765, 9.088, 0.0, 9.75, 13.748, 17.183, 25.528, 29.467, 29.651, 29.555, 30.977, 35.402, 39.717, 40.856, 41.183, 41.829, 42.78, 43.321, 43.81, 44.661, 45.213, 47.408, 49.304, 49.146, 50.112, 51.791, 52.923, 52.686, 51.577, 51.059, 51.839, 52.64, 51.6, 50.601, 50.662, 51.615, 53.868, 55.168, 55.162, 55.014, 55.859, 58.78, 60.203, 59.012, 57.447, 58.31, 60.52, 62.286, 62.552, 62.201, 62.646, 63.445, 63.873, 62.893, 62.559, 64.436, 65.521, 65.051, 64.557, 62.937, 62.514, 63.905, 65.391], [41.203, 41.81, 41.783, 41.844, 42.123, 42.377, 42.151, 41.643, 40.809, 39.445, 37.702, 36.729, 36.264, 34.779, 33.053, 32.552, 31.203, 29.548, 27.755, 23.343, 22.517, 21.646, 19.87, 18.38, 16.48, 9.75, 0.0, 5.734, 10.555, 20.54, 24.978, 25.258, 25.411, 27.135, 31.736, 36.156, 37.388, 38.029, 39.018, 40.464, 41.083, 41.635, 42.424, 42.539, 44.677, 46.68, 46.228, 47.315, 49.409, 50.522, 50.402, 49.433, 48.959, 49.747, 50.484, 49.532, 48.785, 48.92, 49.84, 52.777, 55.131, 55.645, 55.624, 56.611, 59.715, 61.242, 60.079, 58.608, 59.596, 61.878, 63.632, 63.893, 63.512, 63.905, 64.747, 65.137, 64.095, 63.695, 65.442, 66.47, 65.987, 65.503, 63.947, 63.588, 65.01, 66.444], [42.462, 43.053, 43.014, 43.103, 43.381, 43.631, 43.4, 42.95, 42.117, 40.889, 39.239, 38.251, 37.764, 36.35, 34.658, 34.157, 32.931, 31.364, 29.672, 25.466, 24.613, 23.893, 22.527, 21.257, 19.262, 13.748, 5.734, 0.0, 7.284, 18.479, 23.246, 23.673, 23.915, 25.719, 30.3, 34.62, 35.785, 36.573, 37.893, 39.518, 40.132, 40.632, 41.402, 41.246, 43.239, 45.272, 44.758, 45.848, 48.037, 49.224, 49.243, 48.335, 47.861, 48.727, 49.473, 48.577, 47.956, 48.122, 49.005, 51.938, 54.542, 55.39, 55.518, 56.553, 59.675, 61.185, 59.977, 58.478, 59.545, 61.95, 63.757, 64.014, 63.59, 63.985, 64.848, 65.229, 64.166, 63.755, 65.486, 66.519, 66.025, 65.503, 63.945, 63.591, 64.965, 66.335], [43.501, 44.029, 43.881, 44.009, 44.602, 45.037, 44.803, 44.363, 43.518, 42.209, 40.771, 39.88, 39.263, 37.575, 35.771, 35.578, 34.441, 32.719, 31.103, 27.576, 27.08, 26.39, 25.138, 23.722, 21.88, 17.183, 10.555, 7.284, 0.0, 12.24, 17.824, 18.672, 19.137, 21.26, 26.134, 30.742, 32.277, 33.474, 34.716, 36.224, 36.879, 37.612, 38.442, 38.285, 40.144, 42.13, 41.527, 42.722, 45.121, 46.373, 46.528, 45.599, 45.077, 45.995, 46.767, 46.032, 45.597, 45.846, 46.652, 49.647, 52.605, 53.743, 54.006, 55.124, 58.366, 59.977, 58.814, 57.445, 58.593, 60.989, 62.733, 62.942, 62.582, 63.044, 63.892, 64.223, 63.25, 62.892, 64.557, 65.549, 65.045, 64.614, 63.199, 62.864, 64.219, 65.641], [48.478, 48.837, 48.336, 48.487, 49.538, 50.231, 49.971, 49.471, 48.489, 47.085, 45.792, 44.893, 44.091, 41.987, 40.116, 40.464, 39.544, 37.569, 36.161, 34.12, 34.198, 33.634, 32.758, 31.125, 28.956, 25.528, 20.54, 18.479, 12.24, 0.0, 7.03, 9.161, 10.595, 13.838, 19.455, 24.651, 27.309, 29.479, 30.418, 31.739, 32.59, 33.857, 34.859, 34.954, 36.999, 38.96, 38.232, 39.522, 42.286, 43.91, 44.478, 43.484, 42.873, 43.803, 44.491, 44.246, 44.283, 44.654, 45.262, 48.209, 51.599, 52.983, 53.306, 54.492, 57.78, 59.444, 58.413, 57.52, 58.893, 61.018, 62.364, 62.463, 62.23, 62.748, 63.541, 63.745, 62.939, 62.815, 64.445, 65.346, 64.803, 64.634, 63.631, 63.218, 64.357, 65.818], [51.416, 51.65, 51.038, 51.231, 52.376, 53.092, 52.83, 52.294, 51.245, 49.873, 48.646, 47.699, 46.899, 44.725, 42.821, 43.274, 42.38, 40.298, 38.894, 37.312, 37.596, 37.102, 36.426, 34.823, 32.688, 29.467, 24.978, 23.246, 17.824, 7.03, 0.0, 3.681, 6.871, 11.211, 17.412, 22.855, 25.826, 28.413, 29.355, 30.688, 31.674, 33.13, 34.221, 34.562, 36.868, 38.909, 38.154, 39.426, 42.336, 44.162, 44.893, 43.884, 43.259, 44.083, 44.683, 44.633, 44.766, 45.174, 45.704, 48.582, 52.061, 53.45, 53.75, 55.061, 58.459, 60.112, 59.124, 58.507, 59.993, 61.951, 63.107, 63.156, 62.942, 63.462, 64.223, 64.4, 63.659, 63.656, 65.34, 66.231, 65.689, 65.708, 64.9, 64.414, 65.45, 66.919], [51.797, 52.04, 51.442, 51.626, 52.739, 53.45, 53.169, 52.614, 51.558, 50.17, 48.878, 47.871, 47.081, 44.927, 43.053, 43.513, 42.578, 40.455, 39.04, 37.477, 37.768, 37.288, 36.65, 35.047, 32.833, 29.651, 25.258, 23.673, 18.672, 9.161, 3.681, 0.0, 4.572, 10.083, 16.904, 22.448, 25.356, 27.931, 28.912, 30.327, 31.402, 32.885, 34.066, 34.638, 37.189, 39.311, 38.593, 39.914, 42.868, 44.707, 45.507, 44.578, 43.958, 44.659, 45.177, 45.145, 45.257, 45.668, 46.187, 48.98, 52.389, 53.722, 53.99, 55.355, 58.87, 60.61, 59.64, 59.025, 60.536, 62.523, 63.683, 63.726, 63.505, 64.007, 64.754, 64.935, 64.192, 64.213, 65.935, 66.855, 66.332, 66.37, 65.539, 65.013, 66.038, 67.497], [51.616, 51.975, 51.347, 51.533, 52.603, 53.329, 53.065, 52.465, 51.364, 49.931, 48.572, 47.547, 46.699, 44.53, 42.776, 43.271, 42.282, 40.056, 38.628, 37.283, 37.748, 37.268, 36.613, 35.007, 32.704, 29.555, 25.411, 23.915, 19.137, 10.595, 6.871, 4.572, 0.0, 7.027, 15.164, 21.1, 24.323, 26.927, 27.94, 29.396, 30.489, 31.945, 33.173, 34.038, 36.828, 38.966, 38.336, 39.745, 42.64, 44.481, 45.345, 44.469, 43.819, 44.402, 44.826, 44.771, 44.896, 45.323, 45.857, 48.589, 51.884, 53.171, 53.446, 54.78, 58.258, 60.064, 59.2, 58.68, 60.279, 62.262, 63.327, 63.327, 63.117, 63.607, 64.34, 64.536, 63.772, 63.801, 65.577, 66.538, 66.037, 66.049, 65.175, 64.617, 65.653, 67.13], [51.494, 51.942, 51.295, 51.551, 52.564, 53.258, 53.028, 52.406, 51.277, 49.901, 48.62, 47.632, 46.558, 44.261, 42.608, 43.221, 42.299, 40.078, 38.753, 38.021, 38.792, 38.354, 37.732, 35.963, 33.872, 30.977, 27.135, 25.719, 21.26, 13.838, 11.211, 10.083, 7.027, 0.0, 9.447, 16.595, 20.574, 23.224, 24.394, 26.298, 27.374, 28.696, 30.008, 31.01, 33.913, 36.127, 35.918, 37.932, 41.04, 43.057, 43.936, 43.05, 42.398, 42.997, 43.421, 43.393, 43.694, 44.208, 44.756, 47.511, 50.801, 52.126, 52.488, 53.863, 57.289, 59.061, 58.25, 58.046, 59.999, 61.915, 62.675, 62.595, 62.414, 62.867, 63.625, 63.864, 63.004, 62.999, 64.897, 65.929, 65.422, 65.422, 64.527, 63.903, 64.93, 66.409], [53.523, 54.083, 53.437, 53.789, 54.79, 55.505, 55.297, 54.69, 53.569, 52.269, 51.072, 50.149, 48.853, 46.493, 44.962, 45.782, 45.089, 42.994, 41.897, 41.766, 42.655, 42.34, 41.74, 39.695, 37.833, 35.402, 31.736, 30.3, 26.134, 19.455, 17.412, 16.904, 15.164, 9.447, 0.0, 8.856, 14.414, 17.65, 19.299, 21.896, 23.0, 24.3, 25.928, 26.885, 29.612, 31.788, 32.004, 35.094, 38.956, 41.224, 42.091, 41.182, 40.558, 41.283, 41.668, 41.756, 42.496, 43.171, 43.67, 46.549, 50.147, 51.763, 52.335, 53.916, 57.488, 59.286, 58.4, 58.449, 60.939, 62.945, 63.41, 63.262, 63.118, 63.536, 64.321, 64.576, 63.637, 63.517, 65.408, 66.467, 65.953, 65.949, 65.081, 64.45, 65.502, 66.995], [56.628, 57.538, 57.073, 57.444, 58.327, 58.923, 58.724, 58.174, 57.086, 55.776, 54.589, 53.585, 52.165, 49.759, 48.292, 49.18, 48.674, 46.739, 45.716, 45.864, 46.827, 46.616, 46.026, 43.838, 41.997, 39.717, 36.156, 34.62, 30.742, 24.651, 22.855, 22.448, 21.1, 16.595, 8.856, 0.0, 8.188, 13.131, 15.63, 18.933, 20.123, 21.327, 23.261, 24.373, 27.14, 29.444, 29.984, 34.505, 39.421, 41.837, 42.673, 41.739, 41.134, 41.958, 42.242, 42.332, 43.43, 44.239, 44.697, 47.656, 51.434, 53.315, 54.05, 55.716, 59.411, 61.31, 60.356, 60.4, 63.262, 65.619, 66.121, 65.953, 65.856, 66.291, 67.068, 67.327, 66.39, 66.203, 67.986, 69.027, 68.531, 68.432, 67.437, 66.762, 67.848, 69.365], [56.963, 57.84, 57.799, 58.299, 59.08, 59.698, 59.526, 58.99, 58.019, 56.725, 55.537, 54.513, 53.114, 51.053, 49.666, 50.454, 49.999, 48.178, 47.094, 46.742, 47.379, 47.186, 46.642, 44.605, 42.903, 40.856, 37.388, 35.785, 32.277, 27.309, 25.826, 25.356, 24.323, 20.574, 14.414, 8.188, 0.0, 7.053, 11.679, 15.663, 17.038, 18.321, 20.362, 21.556, 24.537, 27.218, 28.123, 33.135, 38.712, 41.244, 42.193, 41.566, 41.106, 42.011, 42.34, 42.363, 43.349, 44.161, 44.641, 47.434, 51.172, 53.164, 54.001, 55.877, 59.89, 61.903, 60.901, 60.884, 63.811, 66.379, 67.114, 66.991, 66.885, 67.383, 68.163, 68.438, 67.51, 67.278, 69.035, 70.074, 69.603, 69.515, 68.415, 67.74, 68.824, 70.296], [55.959, 56.779, 56.848, 57.545, 58.266, 58.893, 58.759, 58.16, 57.191, 55.958, 54.717, 53.685, 52.18, 50.25, 49.096, 49.982, 49.705, 48.02, 47.046, 46.733, 47.258, 47.023, 46.512, 44.508, 42.851, 41.183, 38.029, 36.573, 33.474, 29.479, 28.413, 27.931, 26.927, 23.224, 17.65, 13.131, 7.053, 0.0, 7.366, 12.706, 14.356, 15.689, 17.799, 19.075, 22.457, 25.431, 27.152, 32.664, 38.205, 40.777, 41.726, 41.313, 41.028, 41.949, 42.362, 42.45, 43.445, 44.283, 44.766, 47.351, 50.971, 52.958, 53.817, 55.692, 59.684, 61.695, 60.781, 60.877, 63.801, 66.286, 66.952, 66.866, 66.801, 67.286, 68.067, 68.363, 67.431, 67.192, 68.944, 69.978, 69.511, 69.385, 68.265, 67.576, 68.64, 70.059], [55.524, 56.385, 56.458, 57.181, 58.117, 58.809, 58.66, 58.035, 57.036, 55.724, 54.481, 53.467, 51.872, 49.646, 48.562, 49.818, 49.777, 48.241, 47.402, 47.4, 48.05, 47.757, 47.15, 45.09, 43.46, 41.829, 39.018, 37.893, 34.716, 30.418, 29.355, 28.912, 27.94, 24.394, 19.299, 15.63, 11.679, 7.366, 0.0, 7.314, 10.105, 12.07, 14.536, 16.404, 20.37, 23.466, 25.602, 32.148, 37.995, 40.602, 41.515, 40.941, 40.687, 41.573, 42.046, 42.32, 43.448, 44.34, 44.827, 47.537, 51.303, 53.283, 54.101, 55.816, 59.69, 61.797, 61.029, 61.176, 64.003, 66.54, 67.325, 67.281, 67.449, 68.058, 68.813, 69.119, 68.247, 68.033, 69.726, 70.745, 70.326, 70.204, 69.119, 68.469, 69.547, 71.019], [55.434, 56.227, 56.351, 57.089, 58.203, 59.143, 59.003, 58.328, 57.275, 55.789, 54.601, 53.725, 52.301, 50.337, 49.408, 50.762, 50.786, 49.338, 48.58, 48.392, 48.814, 48.477, 47.779, 45.877, 44.201, 42.78, 40.464, 39.518, 36.224, 31.739, 30.688, 30.327, 29.396, 26.298, 21.896, 18.933, 15.663, 12.706, 7.314, 0.0, 4.857, 9.294, 12.399, 15.534, 19.725, 22.447, 24.377, 31.022, 37.108, 39.783, 40.72, 40.107, 39.914, 40.804, 41.288, 41.68, 42.846, 43.744, 44.251, 46.743, 50.31, 52.248, 53.097, 54.939, 59.028, 61.254, 60.535, 60.642, 63.358, 65.97, 66.956, 66.904, 67.199, 68.067, 68.789, 69.025, 68.276, 68.052, 69.639, 70.636, 70.293, 70.231, 69.221, 68.661, 69.749, 71.284], [55.359, 56.163, 56.296, 57.046, 58.164, 59.135, 59.037, 58.409, 57.357, 55.796, 54.63, 53.851, 52.455, 50.555, 49.667, 50.978, 50.96, 49.549, 48.812, 48.676, 49.132, 48.802, 48.184, 46.316, 44.669, 43.321, 41.083, 40.132, 36.879, 32.59, 31.674, 31.402, 30.489, 27.374, 23.0, 20.123, 17.038, 14.356, 10.105, 4.857, 0.0, 6.259, 10.415, 14.405, 18.953, 21.595, 23.562, 30.552, 36.847, 39.628, 40.58, 39.914, 39.763, 40.669, 41.069, 41.403, 42.541, 43.421, 43.911, 46.309, 49.789, 51.718, 52.579, 54.429, 58.54, 60.76, 60.052, 60.215, 63.009, 65.646, 66.58, 66.499, 66.783, 67.691, 68.493, 68.729, 67.972, 67.75, 69.298, 70.291, 69.954, 69.874, 68.833, 68.224, 69.294, 70.837], [55.0, 55.913, 56.071, 56.8, 57.761, 58.623, 58.553, 58.097, 57.175, 55.608, 54.498, 53.8, 52.315, 50.343, 49.493, 50.771, 50.76, 49.432, 48.74, 48.832, 49.45, 49.132, 48.616, 46.716, 45.133, 43.81, 41.635, 40.632, 37.612, 33.857, 33.13, 32.885, 31.945, 28.696, 24.3, 21.327, 18.321, 15.689, 12.07, 9.294, 6.259, 0.0, 6.16, 11.804, 17.009, 19.968, 22.674, 30.579, 37.21, 40.218, 41.261, 40.551, 40.462, 41.449, 41.685, 41.843, 42.946, 43.817, 44.279, 46.642, 50.046, 51.945, 52.776, 54.454, 58.353, 60.446, 59.655, 59.899, 62.922, 65.635, 66.45, 66.355, 66.692, 67.557, 68.428, 68.804, 68.012, 67.84, 69.472, 70.486, 70.089, 69.9, 68.687, 67.889, 68.874, 70.37], [54.867, 55.753, 55.93, 56.686, 57.613, 58.455, 58.393, 58.001, 57.376, 55.972, 54.842, 54.245, 52.75, 50.758, 49.908, 51.181, 51.196, 49.85, 49.198, 49.426, 50.088, 49.775, 49.304, 47.414, 45.98, 44.661, 42.424, 41.402, 38.442, 34.859, 34.221, 34.066, 33.173, 30.008, 25.928, 23.261, 20.362, 17.799, 14.536, 12.399, 10.415, 6.16, 0.0, 8.178, 14.79, 17.944, 21.234, 29.515, 36.167, 39.266, 40.358, 39.711, 39.695, 40.733, 40.963, 41.103, 42.239, 43.176, 43.593, 45.863, 49.308, 51.242, 52.06, 53.594, 57.331, 59.362, 58.574, 58.93, 62.04, 64.734, 65.477, 65.369, 65.801, 66.726, 67.577, 68.015, 67.313, 67.195, 68.835, 69.837, 69.393, 69.156, 67.941, 67.105, 68.047, 69.513], [54.92, 55.66, 55.806, 56.591, 57.544, 58.369, 58.302, 57.919, 57.426, 56.503, 55.577, 54.952, 53.427, 51.322, 50.309, 51.473, 51.594, 50.358, 49.744, 49.984, 50.658, 50.354, 49.896, 48.048, 46.739, 45.213, 42.539, 41.246, 38.285, 34.954, 34.562, 34.638, 34.038, 31.01, 26.885, 24.373, 21.556, 19.075, 16.404, 15.534, 14.405, 11.804, 8.178, 0.0, 8.704, 13.331, 17.738, 27.175, 34.105, 37.297, 38.353, 37.652, 37.658, 38.938, 39.353, 39.474, 40.667, 41.64, 42.112, 44.704, 48.636, 50.868, 51.765, 53.213, 56.839, 58.821, 57.995, 58.276, 61.356, 64.14, 65.005, 64.955, 65.406, 66.317, 67.182, 67.629, 66.923, 66.782, 68.352, 69.301, 68.8, 68.476, 67.282, 66.558, 67.522, 68.969], [55.637, 56.275, 56.489, 57.285, 58.263, 59.131, 59.085, 58.75, 58.279, 57.556, 57.23, 56.845, 55.325, 53.356, 52.357, 53.511, 53.709, 52.61, 52.076, 52.231, 52.778, 52.484, 51.944, 50.219, 49.129, 47.408, 44.677, 43.239, 40.144, 36.999, 36.868, 37.189, 36.828, 33.913, 29.612, 27.14, 24.537, 22.457, 20.37, 19.725, 18.953, 17.009, 14.79, 8.704, 0.0, 6.867, 13.667, 24.936, 32.489, 35.677, 36.71, 36.07, 36.273, 37.999, 38.607, 38.636, 39.877, 40.838, 41.393, 44.374, 48.723, 51.211, 52.234, 53.765, 57.488, 59.494, 58.568, 58.615, 61.65, 64.59, 65.666, 65.689, 66.129, 67.032, 67.864, 68.333, 67.628, 67.337, 68.817, 69.744, 69.258, 68.873, 67.685, 67.188, 68.238, 69.696], [56.457, 57.07, 57.246, 58.082, 59.144, 60.124, 60.109, 59.745, 59.322, 58.596, 58.426, 58.368, 56.889, 54.934, 54.04, 55.284, 55.49, 54.321, 53.835, 54.052, 54.596, 54.352, 53.72, 51.958, 50.989, 49.304, 46.68, 45.272, 42.13, 38.96, 38.909, 39.311, 38.966, 36.127, 31.788, 29.444, 27.218, 25.431, 23.466, 22.447, 21.595, 19.968, 17.944, 13.331, 6.867, 0.0, 9.779, 23.049, 30.982, 34.07, 34.864, 34.184, 34.668, 36.71, 37.42, 37.462, 38.823, 39.809, 40.373, 43.436, 47.938, 50.529, 51.593, 53.172, 56.982, 59.069, 58.209, 58.239, 61.207, 64.146, 65.275, 65.3, 65.73, 66.646, 67.456, 67.935, 67.28, 66.857, 68.198, 69.136, 68.742, 68.346, 67.227, 66.933, 68.136, 69.661], [56.847, 57.477, 57.679, 58.561, 59.899, 61.048, 61.056, 60.694, 60.274, 59.46, 59.258, 59.328, 58.158, 56.256, 55.251, 56.481, 56.442, 55.015, 54.324, 54.168, 54.608, 54.43, 53.734, 52.091, 51.192, 49.146, 46.228, 44.758, 41.527, 38.232, 38.154, 38.593, 38.336, 35.918, 32.004, 29.984, 28.123, 27.152, 25.602, 24.377, 23.562, 22.674, 21.234, 17.738, 13.667, 9.779, 0.0, 16.33, 26.027, 29.18, 29.757, 28.74, 29.358, 31.694, 32.431, 32.597, 34.195, 35.266, 35.836, 39.302, 44.385, 47.21, 48.351, 50.201, 54.518, 56.913, 56.165, 56.091, 58.887, 61.98, 63.446, 63.506, 63.846, 64.767, 65.579, 65.998, 65.377, 64.865, 66.085, 67.035, 66.937, 66.839, 65.778, 65.692, 67.207, 68.95], [57.413, 57.637, 57.884, 58.929, 60.656, 62.243, 62.307, 61.897, 61.452, 60.506, 60.207, 60.45, 59.745, 58.7, 57.801, 58.658, 58.157, 56.228, 55.293, 54.581, 54.671, 54.539, 54.014, 52.773, 51.939, 50.112, 47.315, 45.848, 42.722, 39.522, 39.426, 39.914, 39.745, 37.932, 35.094, 34.505, 33.135, 32.664, 32.148, 31.022, 30.552, 30.579, 29.515, 27.175, 24.936, 23.049, 16.33, 0.0, 12.116, 16.86, 19.066, 19.695, 20.704, 23.23, 24.085, 24.479, 25.925, 27.016, 27.35, 30.517, 36.322, 39.541, 40.804, 43.256, 48.288, 50.925, 50.463, 50.566, 53.074, 55.808, 57.269, 57.326, 57.571, 58.561, 59.37, 59.661, 59.11, 58.605, 59.948, 60.883, 61.075, 61.975, 61.649, 61.853, 63.359, 65.141], [57.819, 57.745, 57.87, 59.047, 61.01, 62.794, 62.898, 62.421, 61.923, 60.968, 60.597, 60.986, 60.518, 59.984, 59.334, 60.006, 59.329, 57.195, 56.222, 55.481, 55.534, 55.409, 54.982, 54.018, 53.284, 51.791, 49.409, 48.037, 45.121, 42.286, 42.336, 42.868, 42.64, 41.04, 38.956, 39.421, 38.712, 38.205, 37.995, 37.108, 36.847, 37.21, 36.167, 34.105, 32.489, 30.982, 26.027, 12.116, 0.0, 7.48, 12.407, 15.481, 16.526, 18.655, 20.009, 20.727, 21.989, 23.1, 23.235, 25.753, 31.81, 35.302, 36.554, 38.9, 43.913, 46.753, 46.844, 47.18, 49.249, 51.494, 52.785, 52.783, 52.993, 54.003, 54.78, 54.989, 54.504, 53.909, 55.2, 56.106, 56.323, 57.803, 58.425, 59.147, 60.603, 62.262], [58.464, 58.417, 58.651, 59.938, 62.067, 63.892, 64.011, 63.509, 63.044, 62.078, 61.705, 62.155, 61.814, 61.378, 60.774, 61.489, 60.782, 58.599, 57.551, 56.682, 56.752, 56.613, 56.023, 55.186, 54.638, 52.923, 50.522, 49.224, 46.373, 43.91, 44.162, 44.707, 44.481, 43.057, 41.224, 41.837, 41.244, 40.777, 40.602, 39.783, 39.628, 40.218, 39.266, 37.297, 35.677, 34.07, 29.18, 16.86, 7.48, 0.0, 7.17, 12.538, 13.329, 15.141, 17.082, 18.073, 19.779, 21.081, 21.425, 24.613, 31.325, 35.154, 36.458, 38.633, 43.817, 47.132, 47.502, 47.538, 49.156, 51.437, 53.007, 53.042, 53.224, 54.205, 54.946, 55.145, 54.665, 53.671, 54.431, 55.249, 55.522, 56.911, 57.734, 59.072, 60.919, 62.619], [57.831, 57.914, 58.173, 59.53, 61.657, 63.402, 63.53, 63.015, 62.573, 61.69, 61.387, 61.876, 61.523, 60.98, 60.349, 61.139, 60.565, 58.501, 57.456, 56.54, 56.642, 56.527, 55.742, 54.888, 54.555, 52.686, 50.402, 49.243, 46.528, 44.478, 44.893, 45.507, 45.345, 43.936, 42.091, 42.673, 42.193, 41.726, 41.515, 40.72, 40.58, 41.261, 40.358, 38.353, 36.71, 34.864, 29.757, 19.066, 12.407, 7.17, 0.0, 7.212, 8.994, 12.209, 15.3, 16.332, 18.576, 20.029, 20.66, 24.42, 31.069, 34.847, 36.158, 38.385, 43.819, 47.31, 47.715, 47.6, 48.983, 51.387, 53.284, 53.394, 53.544, 54.523, 55.243, 55.438, 54.974, 53.712, 54.132, 54.959, 55.347, 56.523, 57.167, 58.796, 61.209, 63.164], [56.727, 56.968, 57.114, 58.396, 60.495, 62.117, 62.223, 61.74, 61.239, 60.382, 60.156, 60.621, 60.199, 59.359, 58.663, 59.592, 59.159, 57.275, 56.317, 55.501, 55.682, 55.596, 54.776, 53.856, 53.531, 51.577, 49.433, 48.335, 45.599, 43.484, 43.884, 44.578, 44.469, 43.05, 41.182, 41.739, 41.566, 41.313, 40.941, 40.107, 39.914, 40.551, 39.711, 37.652, 36.07, 34.184, 28.74, 19.695, 15.481, 12.538, 7.212, 0.0, 4.786, 11.05, 14.699, 15.821, 18.442, 19.928, 20.627, 24.623, 30.946, 34.478, 35.707, 37.887, 43.336, 46.781, 47.121, 47.052, 48.518, 51.07, 53.089, 53.208, 53.357, 54.324, 55.047, 55.222, 54.787, 53.627, 54.146, 55.03, 55.469, 56.516, 56.965, 58.484, 61.119, 63.386], [56.172, 56.432, 56.527, 57.783, 59.936, 61.557, 61.645, 61.161, 60.632, 59.781, 59.516, 59.927, 59.529, 58.636, 57.9, 58.81, 58.332, 56.415, 55.487, 54.848, 55.184, 55.092, 54.301, 53.408, 53.062, 51.059, 48.959, 47.861, 45.077, 42.873, 43.259, 43.958, 43.819, 42.398, 40.558, 41.134, 41.106, 41.028, 40.687, 39.914, 39.763, 40.462, 39.695, 37.658, 36.273, 34.668, 29.358, 20.704, 16.526, 13.329, 8.994, 4.786, 0.0, 7.587, 11.943, 13.389, 16.485, 18.252, 19.021, 23.28, 29.848, 33.52, 34.774, 36.775, 42.196, 45.781, 46.141, 46.009, 47.486, 50.102, 52.148, 52.243, 52.378, 53.331, 54.059, 54.226, 53.769, 52.62, 53.154, 54.056, 54.47, 55.493, 55.995, 57.593, 60.212, 62.488], [56.206, 56.445, 56.545, 57.851, 60.102, 61.793, 61.889, 61.383, 60.858, 59.982, 59.61, 59.973, 59.599, 58.738, 58.056, 59.024, 58.517, 56.492, 55.583, 55.249, 55.859, 55.779, 55.05, 54.189, 53.895, 51.839, 49.747, 48.727, 45.995, 43.803, 44.083, 44.659, 44.402, 42.997, 41.283, 41.958, 42.011, 41.949, 41.573, 40.804, 40.669, 41.449, 40.733, 38.938, 37.999, 36.71, 31.694, 23.23, 18.655, 15.141, 12.209, 11.05, 7.587, 0.0, 6.03, 8.85, 12.9, 15.338, 16.099, 20.854, 28.196, 32.119, 33.464, 35.535, 41.139, 44.963, 45.431, 45.352, 46.851, 49.465, 51.506, 51.569, 51.68, 52.635, 53.355, 53.506, 53.082, 52.03, 52.569, 53.506, 53.984, 55.104, 55.709, 57.335, 59.94, 62.135], [56.868, 57.165, 57.252, 58.569, 60.778, 62.464, 62.56, 62.07, 61.539, 60.588, 60.152, 60.482, 60.069, 59.168, 58.513, 59.56, 59.04, 56.943, 56.052, 55.924, 56.762, 56.719, 56.025, 55.115, 54.757, 52.64, 50.484, 49.473, 46.767, 44.491, 44.683, 45.177, 44.826, 43.421, 41.668, 42.242, 42.34, 42.362, 42.046, 41.288, 41.069, 41.685, 40.963, 39.353, 38.607, 37.42, 32.431, 24.085, 20.009, 17.082, 15.3, 14.699, 11.943, 6.03, 0.0, 4.999, 10.796, 13.728, 14.437, 19.8, 27.841, 31.941, 33.322, 35.522, 41.094, 44.8, 45.172, 45.268, 47.131, 49.824, 51.685, 51.718, 51.854, 52.791, 53.517, 53.702, 53.285, 52.388, 53.022, 53.948, 54.392, 55.539, 56.135, 57.573, 60.035, 62.193], [55.756, 56.084, 56.222, 57.54, 59.651, 61.297, 61.395, 60.898, 60.404, 59.462, 59.065, 59.423, 58.985, 58.117, 57.446, 58.404, 57.817, 55.698, 54.771, 54.625, 55.561, 55.562, 54.876, 53.952, 53.752, 51.6, 49.532, 48.577, 46.032, 44.246, 44.633, 45.145, 44.771, 43.393, 41.756, 42.332, 42.363, 42.45, 42.32, 41.68, 41.403, 41.843, 41.103, 39.474, 38.636, 37.462, 32.597, 24.479, 20.727, 18.073, 16.332, 15.821, 13.389, 8.85, 4.999, 0.0, 7.202, 10.653, 11.652, 17.977, 26.43, 30.619, 32.009, 34.269, 39.887, 43.477, 43.692, 43.723, 45.812, 48.734, 50.709, 50.757, 50.897, 51.857, 52.626, 52.916, 52.455, 51.536, 52.258, 53.217, 53.628, 54.685, 55.16, 56.557, 59.036, 61.196], [54.278, 54.462, 54.686, 55.988, 58.092, 59.813, 59.924, 59.378, 58.902, 57.991, 57.616, 58.005, 57.617, 56.922, 56.241, 57.038, 56.331, 54.182, 53.205, 52.891, 53.812, 53.851, 53.308, 52.505, 52.558, 50.601, 48.785, 47.956, 45.597, 44.283, 44.766, 45.257, 44.896, 43.694, 42.496, 43.43, 43.349, 43.445, 43.448, 42.846, 42.541, 42.946, 42.239, 40.667, 39.877, 38.823, 34.195, 25.925, 21.989, 19.779, 18.576, 18.442, 16.485, 12.9, 10.796, 7.202, 0.0, 4.269, 5.967, 13.692, 22.757, 26.972, 28.362, 30.937, 37.032, 40.692, 40.81, 40.761, 42.923, 46.059, 48.3, 48.373, 48.499, 49.53, 50.355, 50.773, 50.361, 49.553, 50.514, 51.541, 51.967, 53.098, 53.473, 54.79, 57.202, 59.32], [54.315, 54.458, 54.735, 56.036, 58.134, 59.881, 59.998, 59.436, 58.901, 57.97, 57.602, 57.981, 57.621, 57.011, 56.33, 57.059, 56.323, 54.201, 53.215, 52.783, 53.661, 53.696, 53.17, 52.434, 52.529, 50.662, 48.92, 48.122, 45.846, 44.654, 45.174, 45.668, 45.323, 44.208, 43.171, 44.239, 44.161, 44.283, 44.34, 43.744, 43.421, 43.817, 43.176, 41.64, 40.838, 39.809, 35.266, 27.016, 23.1, 21.081, 20.029, 19.928, 18.252, 15.338, 13.728, 10.653, 4.269, 0.0, 3.63, 12.363, 21.439, 25.554, 26.902, 29.645, 36.022, 39.752, 39.851, 39.785, 41.983, 45.227, 47.598, 47.694, 47.806, 48.851, 49.699, 50.156, 49.768, 48.978, 49.978, 51.032, 51.461, 52.597, 52.897, 54.17, 56.558, 58.656], [54.876, 55.03, 55.273, 56.543, 58.631, 60.379, 60.49, 59.945, 59.421, 58.461, 58.071, 58.439, 58.052, 57.463, 56.805, 57.551, 56.832, 54.715, 53.778, 53.423, 54.287, 54.358, 53.937, 53.125, 53.256, 51.615, 49.84, 49.005, 46.652, 45.262, 45.704, 46.187, 45.857, 44.756, 43.67, 44.697, 44.641, 44.766, 44.827, 44.251, 43.911, 44.279, 43.593, 42.112, 41.393, 40.373, 35.836, 27.35, 23.235, 21.425, 20.66, 20.627, 19.021, 16.099, 14.437, 11.652, 5.967, 3.63, 0.0, 10.014, 19.942, 24.368, 25.76, 28.615, 35.169, 38.967, 39.113, 39.187, 41.495, 44.738, 47.05, 47.131, 47.253, 48.286, 49.143, 49.599, 49.284, 48.612, 49.684, 50.77, 51.214, 52.413, 52.761, 53.955, 56.275, 58.355], [55.237, 55.206, 55.35, 56.575, 58.51, 60.332, 60.426, 59.804, 59.308, 58.489, 58.043, 58.387, 58.06, 57.962, 57.503, 57.992, 57.246, 55.227, 54.449, 54.084, 54.754, 54.927, 54.873, 54.17, 54.316, 53.868, 52.777, 51.938, 49.647, 48.209, 4