[[0.0, 6.51, 12.549, 16.045, 17.988, 18.791, 19.561, 20.911, 21.786, 21.823, 23.073, 27.399, 32.939, 35.436, 36.499, 38.27, 41.032, 43.028, 44.383, 45.418, 46.002, 47.052, 48.028, 48.118, 49.321, 51.202, 51.908, 51.912, 52.762, 55.302, 58.142, 60.195, 61.912, 62.991, 62.928, 62.401, 62.0, 61.625, 62.111, 63.006, 63.385, 63.085, 61.348, 59.941, 59.923, 59.84, 59.882, 59.583, 59.9, 60.671, 60.603, 60.648, 61.861, 62.924, 62.824, 62.497, 62.621, 63.667, 64.958, 65.31, 65.145, 65.543, 65.603, 64.645, 62.04, 57.013, 53.118, 51.585, 52.048, 53.195, 54.093, 54.342, 54.231, 54.073, 53.783, 54.46, 57.172, 59.606, 59.922, 60.165, 60.491, 61.87, 62.07, 61.167, 60.794, 60.801], [6.51, 0.0, 7.92, 13.015, 15.571, 16.208, 16.998, 18.754, 20.112, 20.457, 21.905, 26.661, 32.306, 34.815, 35.972, 37.779, 40.487, 42.581, 44.2, 45.367, 46.059, 47.39, 48.53, 48.651, 50.059, 52.097, 52.834, 52.814, 53.725, 56.403, 59.333, 61.394, 63.041, 64.062, 64.034, 63.617, 63.316, 63.029, 63.608, 64.547, 64.928, 64.622, 62.887, 61.492, 61.447, 61.31, 61.321, 61.031, 61.333, 62.051, 61.96, 62.015, 63.215, 64.246, 64.116, 63.724, 63.862, 64.974, 66.26, 66.57, 66.396, 66.791, 66.799, 65.751, 62.986, 57.677, 53.528, 51.932, 52.396, 53.713, 54.766, 55.038, 54.822, 54.62, 54.38, 55.011, 57.702, 60.149, 60.406, 60.622, 60.924, 62.288, 62.547, 61.731, 61.437, 61.47], [12.549, 7.92, 0.0, 7.02, 11.039, 11.993, 13.061, 15.528, 17.9, 18.474, 20.006, 25.378, 31.189, 33.678, 34.845, 36.761, 39.501, 41.734, 43.621, 44.866, 45.575, 47.133, 48.572, 48.775, 50.255, 52.466, 53.35, 53.383, 54.202, 56.729, 59.564, 61.472, 62.934, 63.94, 63.959, 63.601, 63.463, 63.339, 64.054, 65.046, 65.385, 64.974, 63.208, 61.897, 61.838, 61.719, 61.741, 61.43, 61.693, 62.311, 62.223, 62.334, 63.501, 64.463, 64.334, 63.95, 64.085, 65.168, 66.413, 66.665, 66.482, 66.867, 66.825, 65.729, 62.927, 57.489, 53.134, 51.596, 52.024, 53.537, 54.69, 54.908, 54.546, 54.299, 54.248, 54.851, 57.438, 59.756, 59.902, 60.068, 60.342, 61.682, 62.126, 61.606, 61.477, 61.541], [16.045, 13.015, 7.02, 0.0, 5.436, 8.614, 11.055, 14.145, 17.349, 17.687, 19.117, 24.508, 30.178, 32.754, 33.932, 35.884, 38.603, 40.863, 42.813, 44.057, 44.719, 46.206, 47.684, 47.974, 49.357, 51.658, 52.709, 52.829, 53.566, 55.897, 58.506, 60.073, 61.269, 62.267, 62.367, 62.029, 61.995, 62.054, 62.9, 63.903, 64.198, 63.655, 61.823, 60.615, 60.559, 60.547, 60.609, 60.239, 60.463, 60.967, 60.885, 61.05, 62.134, 63.007, 62.906, 62.607, 62.739, 63.659, 64.772, 64.971, 64.792, 65.161, 65.054, 63.896, 61.131, 55.846, 51.657, 50.291, 50.64, 52.108, 53.232, 53.402, 52.943, 52.557, 52.597, 53.224, 55.772, 57.986, 58.066, 58.174, 58.448, 59.853, 60.544, 60.386, 60.45, 60.563], [17.988, 15.571, 11.039, 5.436, 0.0, 5.318, 9.34, 12.978, 16.527, 16.755, 18.285, 23.576, 29.148, 31.779, 33.037, 35.0, 37.685, 40.005, 42.008, 43.311, 44.015, 45.46, 46.922, 47.291, 48.734, 51.085, 52.179, 52.312, 53.075, 55.526, 58.127, 59.51, 60.586, 61.565, 61.681, 61.367, 61.354, 61.501, 62.464, 63.502, 63.791, 63.198, 61.36, 60.207, 60.145, 60.183, 60.232, 59.829, 60.031, 60.482, 60.398, 60.572, 61.605, 62.442, 62.349, 62.089, 62.212, 63.014, 64.032, 64.228, 64.059, 64.431, 64.307, 63.088, 60.309, 55.084, 50.887, 49.417, 49.718, 51.142, 52.246, 52.411, 51.954, 51.544, 51.56, 52.186, 54.765, 56.98, 57.063, 57.185, 57.506, 58.975, 59.765, 59.744, 59.905, 60.068], [18.791, 16.208, 11.993, 8.614, 5.318, 0.0, 5.562, 10.668, 14.579, 15.169, 17.068, 22.545, 28.263, 30.745, 31.983, 33.968, 36.605, 38.995, 41.152, 42.632, 43.527, 45.188, 46.769, 47.147, 48.77, 51.149, 52.194, 52.292, 53.152, 55.931, 58.76, 60.278, 61.466, 62.456, 62.524, 62.197, 62.145, 62.244, 63.253, 64.409, 64.765, 64.224, 62.433, 61.238, 61.147, 61.153, 61.192, 60.819, 61.026, 61.52, 61.454, 61.625, 62.703, 63.567, 63.442, 63.127, 63.234, 64.08, 65.142, 65.376, 65.208, 65.602, 65.52, 64.284, 61.439, 56.102, 51.629, 49.849, 50.152, 51.666, 52.8, 52.979, 52.59, 52.329, 52.333, 52.916, 55.517, 57.779, 57.9, 58.085, 58.425, 59.838, 60.528, 60.403, 60.519, 60.686], [19.561, 16.998, 13.061, 11.055, 9.34, 5.562, 0.0, 6.763, 12.108, 12.926, 14.77, 20.644, 26.588, 28.796, 29.799, 31.894, 34.631, 37.184, 39.615, 41.315, 42.399, 44.268, 45.974, 46.297, 47.96, 50.321, 51.322, 51.411, 52.342, 55.398, 58.445, 60.083, 61.387, 62.447, 62.503, 62.143, 62.043, 62.093, 63.097, 64.37, 64.935, 64.605, 62.879, 61.661, 61.58, 61.557, 61.586, 61.249, 61.535, 62.1, 62.021, 62.173, 63.285, 64.189, 64.032, 63.652, 63.738, 64.624, 65.722, 65.976, 65.804, 66.207, 66.137, 64.861, 61.966, 56.653, 52.207, 50.377, 50.664, 52.207, 53.351, 53.513, 53.089, 52.866, 52.877, 53.448, 56.024, 58.287, 58.429, 58.635, 59.004, 60.42, 61.044, 60.838, 60.917, 61.066], [20.911, 18.754, 15.528, 14.145, 12.978, 10.668, 6.763, 0.0, 7.241, 8.643, 10.053, 16.287, 22.609, 24.804, 25.695, 27.918, 30.937, 33.761, 36.445, 38.342, 39.567, 41.617, 43.421, 43.699, 45.35, 47.648, 48.611, 48.692, 49.677, 52.992, 56.283, 58.028, 59.454, 60.624, 60.694, 60.342, 60.262, 60.345, 61.361, 62.662, 63.437, 63.573, 62.13, 60.966, 61.005, 60.993, 60.928, 60.576, 60.974, 61.612, 61.431, 61.465, 62.557, 63.489, 63.332, 62.9, 62.984, 63.908, 65.026, 65.294, 65.115, 65.5, 65.421, 64.141, 61.291, 55.984, 51.47, 49.597, 49.893, 51.461, 52.611, 52.756, 52.344, 52.215, 52.219, 52.778, 55.268, 57.476, 57.596, 57.824, 58.318, 59.882, 60.528, 60.258, 60.378, 60.598], [21.786, 20.112, 17.9, 17.349, 16.527, 14.579, 12.108, 7.241, 0.0, 3.885, 6.705, 12.242, 18.827, 21.227, 22.336, 24.468, 27.624, 30.446, 32.873, 34.749, 36.052, 38.18, 39.972, 40.247, 41.948, 44.2, 45.123, 45.152, 46.161, 49.713, 53.293, 55.249, 56.883, 58.131, 58.182, 57.888, 57.854, 57.912, 58.859, 60.153, 60.989, 61.514, 60.511, 59.362, 59.456, 59.501, 59.409, 59.07, 59.506, 60.24, 60.003, 59.896, 60.99, 61.965, 61.833, 61.402, 61.531, 62.526, 63.701, 64.017, 63.837, 64.212, 64.165, 62.99, 60.318, 54.998, 50.256, 48.197, 48.566, 50.109, 51.222, 51.395, 51.209, 51.357, 51.256, 51.722, 54.115, 56.326, 56.438, 56.716, 57.258, 58.838, 59.435, 58.942, 59.001, 59.297], [21.823, 20.457, 18.474, 17.687, 16.755, 15.169, 12.926, 8.643, 3.885, 0.0, 4.711, 11.146, 17.977, 20.488, 21.572, 23.832, 27.132, 30.03, 32.488, 34.367, 35.615, 37.591, 39.285, 39.557, 41.195, 43.419, 44.336, 44.384, 45.414, 49.008, 52.647, 54.604, 56.257, 57.543, 57.62, 57.343, 57.299, 57.338, 58.267, 59.555, 60.4, 60.923, 59.966, 58.869, 58.967, 59.044, 58.953, 58.6, 59.041, 59.765, 59.525, 59.421, 60.5, 61.476, 61.35, 60.931, 61.033, 61.948, 63.091, 63.413, 63.232, 63.59, 63.518, 62.32, 59.65, 54.424, 49.919, 48.047, 48.417, 49.857, 50.915, 51.082, 50.909, 51.054, 50.941, 51.421, 53.794, 56.003, 56.106, 56.365, 56.916, 58.534, 59.151, 58.658, 58.68, 58.945], [23.073, 21.905, 20.006, 19.117, 18.285, 17.068, 14.77, 10.053, 6.705, 4.711, 0.0, 8.612, 16.476, 19.291, 20.452, 22.819, 26.063, 29.146, 32.131, 34.386, 35.814, 37.852, 39.588, 39.874, 41.507, 43.749, 44.668, 44.744, 45.809, 49.469, 53.105, 54.953, 56.542, 57.866, 57.995, 57.71, 57.651, 57.683, 58.59, 59.875, 60.757, 61.332, 60.403, 59.331, 59.551, 59.729, 59.63, 59.22, 59.633, 60.351, 60.123, 60.025, 61.019, 61.919, 61.771, 61.344, 61.408, 62.277, 63.389, 63.703, 63.523, 63.868, 63.762, 62.491, 59.79, 54.641, 50.271, 48.506, 48.82, 50.215, 51.259, 51.461, 51.29, 51.388, 51.304, 51.836, 54.214, 56.402, 56.471, 56.684, 57.28, 58.99, 59.668, 59.225, 59.242, 59.487], [27.399, 26.661, 25.378, 24.508, 23.576, 22.545, 20.644, 16.287, 12.242, 11.146, 8.612, 0.0, 8.998, 12.806, 14.705, 17.266, 20.604, 24.005, 27.426, 30.246, 32.2, 34.592, 36.493, 36.848, 38.36, 40.448, 41.34, 41.396, 42.489, 46.542, 50.515, 52.38, 54.031, 55.465, 55.659, 55.424, 55.353, 55.342, 56.23, 57.579, 58.534, 59.297, 58.698, 57.673, 58.007, 58.488, 58.489, 58.058, 58.401, 59.138, 58.945, 58.829, 59.8, 60.7, 60.58, 60.194, 60.252, 61.024, 62.126, 62.482, 62.3, 62.637, 62.556, 61.34, 58.85, 53.939, 49.544, 47.675, 47.907, 49.172, 50.134, 50.358, 50.316, 50.549, 50.456, 50.993, 53.304, 55.446, 55.515, 55.734, 56.357, 58.1, 58.804, 58.293, 58.24, 58.488], [32.939, 32.306, 31.189, 30.178, 29.148, 28.263, 26.588, 22.609, 18.827, 17.977, 16.476, 8.998, 0.0, 5.476, 9.145, 12.131, 15.9, 19.777, 23.486, 26.622, 28.952, 31.781, 33.914, 34.252, 35.453, 37.265, 38.139, 38.198, 39.287, 43.631, 47.927, 49.884, 51.592, 53.096, 53.344, 53.187, 53.156, 53.182, 54.135, 55.577, 56.633, 57.591, 57.303, 56.397, 56.747, 57.422, 57.557, 57.153, 57.465, 58.178, 57.978, 57.857, 58.846, 59.787, 59.727, 59.386, 59.462, 60.147, 61.212, 61.566, 61.359, 61.655, 61.555, 60.405, 58.09, 53.383, 48.985, 47.078, 47.267, 48.458, 49.376, 49.577, 49.567, 49.923, 49.901, 50.383, 52.476, 54.498, 54.581, 54.797, 55.443, 57.222, 57.952, 57.436, 57.361, 57.636], [35.436, 34.815, 33.678, 32.754, 31.779, 30.745, 28.796, 24.804, 21.227, 20.488, 19.291, 12.806, 5.476, 0.0, 5.292, 9.144, 13.388, 17.581, 21.576, 24.914, 27.368, 30.362, 32.656, 32.985, 34.141, 35.923, 36.806, 36.862, 37.936, 42.4, 46.802, 48.786, 50.503, 52.015, 52.255, 52.104, 52.086, 52.121, 53.118, 54.656, 55.841, 56.909, 56.704, 55.846, 56.167, 56.833, 57.022, 56.707, 57.097, 57.829, 57.589, 57.46, 58.487, 59.481, 59.457, 59.143, 59.259, 59.937, 60.971, 61.309, 61.102, 61.397, 61.262, 60.078, 57.791, 53.18, 48.865, 47.035, 47.241, 48.426, 49.322, 49.477, 49.423, 49.778, 49.794, 50.234, 52.184, 54.138, 54.259, 54.491, 55.171, 56.972, 57.68, 57.154, 57.098, 57.406], [36.499, 35.972, 34.845, 33.932, 33.037, 31.983, 29.799, 25.695, 22.336, 21.572, 20.452, 14.705, 9.145, 5.292, 0.0, 5.569, 11.273, 15.907, 20.286, 23.911, 26.461, 29.444, 31.77, 32.09, 33.212, 34.982, 35.837, 35.902, 37.004, 41.664, 46.219, 48.258, 50.006, 51.591, 51.858, 51.656, 51.64, 51.69, 52.719, 54.348, 55.662, 56.849, 56.674, 55.815, 56.098, 56.706, 56.909, 56.697, 57.285, 58.097, 57.786, 57.626, 58.697, 59.755, 59.762, 59.453, 59.589, 60.259, 61.264, 61.596, 61.396, 61.69, 61.537, 60.312, 58.01, 53.494, 49.374, 47.679, 47.884, 49.052, 49.913, 50.019, 49.904, 50.206, 50.221, 50.666, 52.603, 54.555, 54.713, 54.961, 55.657, 57.471, 58.161, 57.642, 57.646, 57.983], [38.27, 37.779, 36.761, 35.884, 35.0, 33.968, 31.894, 27.918, 24.468, 23.832, 22.819, 17.266, 12.131, 9.144, 5.569, 0.0, 7.295, 12.968, 17.911, 21.926, 24.583, 27.59, 30.038, 30.436, 31.609, 33.398, 34.223, 34.262, 35.432, 40.397, 45.124, 47.162, 48.931, 50.593, 50.897, 50.68, 50.745, 50.847, 51.91, 53.633, 55.037, 56.377, 56.43, 55.613, 55.89, 56.496, 56.717, 56.561, 57.25, 58.203, 57.91, 57.7, 58.738, 59.787, 59.848, 59.59, 59.784, 60.447, 61.387, 61.693, 61.485, 61.756, 61.565, 60.341, 58.152, 53.788, 49.762, 48.154, 48.433, 49.582, 50.404, 50.484, 50.352, 50.608, 50.571, 50.959, 52.801, 54.717, 54.886, 55.13, 55.782, 57.552, 58.216, 57.62, 57.619, 58.002], [41.032, 40.487, 39.501, 38.603, 37.685, 36.605, 34.631, 30.937, 27.624, 27.132, 26.063, 20.604, 15.9, 13.388, 11.273, 7.295, 0.0, 7.601, 15.29, 20.442, 23.309, 26.453, 29.159, 29.669, 31.01, 32.984, 33.852, 33.889, 35.183, 40.58, 45.438, 47.264, 48.826, 50.455, 50.798, 50.602, 50.732, 50.83, 51.851, 53.623, 55.03, 56.329, 56.5, 55.742, 56.067, 56.793, 57.107, 57.013, 57.663, 58.653, 58.543, 58.354, 59.156, 60.019, 60.062, 59.794, 59.93, 60.547, 61.467, 61.779, 61.568, 61.826, 61.649, 60.448, 58.386, 54.155, 50.19, 48.655, 48.936, 50.025, 50.806, 50.885, 50.733, 50.884, 50.811, 51.229, 52.972, 54.788, 54.878, 55.069, 55.658, 57.296, 57.944, 57.39, 57.394, 57.765], [43.028, 42.581, 41.734, 40.863, 40.005, 38.995, 37.184, 33.761, 30.446, 30.03, 29.146, 24.005, 19.777, 17.581, 15.907, 12.968, 7.601, 0.0, 10.037, 16.407, 19.714, 23.21, 26.218, 26.857, 28.321, 30.523, 31.53, 31.636, 33.122, 38.99, 44.027, 45.689, 47.067, 48.612, 48.945, 48.806, 49.019, 49.145, 50.136, 51.931, 53.332, 54.624, 54.915, 54.207, 54.565, 55.369, 55.735, 55.729, 56.401, 57.376, 57.356, 57.321, 58.142, 58.922, 58.924, 58.645, 58.754, 59.304, 60.231, 60.577, 60.361, 60.61, 60.436, 59.262, 57.387, 53.282, 49.29, 47.741, 48.004, 48.967, 49.69, 49.747, 49.646, 49.727, 49.527, 49.864, 51.405, 53.112, 53.222, 53.522, 54.158, 55.683, 56.225, 55.623, 55.624, 56.028], [44.383, 44.2, 43.621, 42.813, 42.008, 41.152, 39.615, 36.445, 32.873, 32.488, 32.131, 27.426, 23.486, 21.576, 20.286, 17.911, 15.29, 10.037, 0.0, 7.396, 12.123, 16.677, 19.999, 20.793, 22.312, 24.65, 25.932, 26.114, 27.67, 33.682, 38.853, 40.648, 42.223, 43.821, 44.106, 44.075, 44.413, 44.691, 45.813, 47.689, 49.189, 50.72, 51.3, 50.623, 50.86, 51.584, 51.911, 51.986, 52.758, 53.828, 53.736, 53.897, 55.303, 56.377, 56.42, 56.209, 56.54, 57.134, 58.039, 58.374, 58.153, 58.396, 58.167, 57.144, 55.672, 51.823, 47.807, 46.201, 46.521, 47.33, 48.004, 47.993, 48.038, 48.298, 47.966, 48.027, 49.232, 50.829, 51.129, 51.679, 52.401, 53.915, 54.397, 53.605, 53.53, 54.016], [45.418, 45.367, 44.866, 44.057, 43.311, 42.632, 41.315, 38.342, 34.749, 34.367, 34.386, 30.246, 26.622, 24.914, 23.911, 21.926, 20.442, 16.407, 7.396, 0.0, 6.086, 12.032, 15.958, 16.904, 18.499, 21.095, 22.69, 22.913, 24.312, 30.109, 35.365, 37.454, 39.259, 40.898, 41.155, 41.204, 41.62, 42.0, 43.239, 45.159, 46.71, 48.395, 49.129, 48.505, 48.605, 49.201, 49.476, 49.594, 50.438, 51.562, 51.379, 51.558, 53.346, 54.707, 54.874, 54.751, 55.222, 55.874, 56.774, 57.072, 56.831, 57.05, 56.778, 55.929, 54.741, 51.019, 47.037, 45.531, 45.939, 46.696, 47.349, 47.295, 47.413, 47.811, 47.45, 47.289, 48.25, 49.775, 50.197, 50.867, 51.639, 53.198, 53.677, 52.791, 52.721, 53.278], [46.002, 46.059, 45.575, 44.719, 44.015, 43.527, 42.399, 39.567, 36.052, 35.615, 35.814, 32.2, 28.952, 27.368, 26.461, 24.583, 23.309, 19.714, 12.123, 6.086, 0.0, 7.111, 12.191, 13.672, 15.771, 18.988, 20.897, 21.15, 22.291, 27.911, 33.269, 35.466, 37.296, 38.946, 39.189, 39.251, 39.709, 40.083, 41.325, 43.239, 44.759, 46.443, 47.265, 46.76, 46.83, 47.343, 47.575, 47.719, 48.638, 49.778, 49.524, 49.589, 51.362, 52.812, 53.139, 53.163, 53.658, 54.261, 55.13, 55.398, 55.135, 55.324, 55.032, 54.299, 53.334, 49.773, 46.052, 44.912, 45.452, 46.169, 46.756, 46.645, 46.753, 47.103, 46.68, 46.414, 47.207, 48.651, 49.094, 49.773, 50.544, 52.101, 52.515, 51.552, 51.522, 52.139], [47.052, 47.39, 47.133, 46.206, 45.46, 45.188, 44.268, 41.617, 38.18, 37.591, 37.852, 34.592, 31.781, 30.362, 29.444, 27.59, 26.453, 23.21, 16.677, 12.032, 7.111, 0.0, 6.359, 9.167, 12.344, 16.507, 18.811, 19.152, 19.878, 25.202, 30.482, 32.424, 34.174, 35.887, 36.128, 36.16, 36.61, 36.925, 38.126, 40.107, 41.659, 43.314, 44.266, 43.901, 44.006, 44.506, 44.725, 44.941, 45.979, 47.183, 46.874, 46.809, 48.463, 49.923, 50.4, 50.731, 51.394, 51.851, 52.569, 52.785, 52.519, 52.707, 52.387, 51.703, 51.065, 48.057, 45.11, 44.621, 45.324, 45.851, 46.25, 46.004, 46.077, 46.302, 45.721, 45.43, 46.145, 47.511, 47.965, 48.618, 49.333, 50.867, 51.221, 50.14, 50.073, 50.706], [48.028, 48.53, 48.572, 47.684, 46.922, 46.769, 45.974, 43.421, 39.972, 39.285, 39.588, 36.493, 33.914, 32.656, 31.77, 30.038, 29.159, 26.218, 19.999, 15.958, 12.191, 6.359, 0.0, 4.582, 9.417, 14.204, 16.748, 17.208, 17.909, 23.262, 28.559, 30.45, 32.247, 33.992, 34.246, 34.31, 34.745, 35.037, 36.191, 38.225, 39.839, 41.551, 42.546, 42.177, 42.327, 42.763, 42.91, 43.191, 44.363, 45.63, 45.231, 45.058, 46.696, 48.178, 48.631, 49.048, 49.998, 50.568, 51.23, 51.428, 51.173, 51.372, 51.042, 50.37, 49.851, 47.18, 44.817, 44.695, 45.496, 45.919, 46.206, 45.914, 46.023, 46.303, 45.651, 45.362, 46.121, 47.511, 47.984, 48.649, 49.374, 50.929, 51.182, 49.898, 49.763, 50.389], [48.118, 48.651, 48.775, 47.974, 47.291, 47.147, 46.297, 43.699, 40.247, 39.557, 39.874, 36.848, 34.252, 32.985, 32.09, 30.436, 29.669, 26.857, 20.793, 16.904, 13.672, 9.167, 4.582, 0.0, 6.419, 11.719, 14.348, 14.924, 16.127, 22.339, 28.062, 30.331, 32.409, 34.248, 34.503, 34.546, 34.962, 35.203, 36.292, 38.338, 39.994, 41.775, 42.713, 42.283, 42.454, 42.81, 42.896, 43.17, 44.406, 45.716, 45.27, 45.026, 46.695, 48.222, 48.586, 48.849, 49.82, 50.593, 51.368, 51.591, 51.334, 51.552, 51.262, 50.596, 49.972, 47.203, 44.773, 44.579, 45.396, 45.921, 46.262, 46.024, 46.165, 46.501, 45.887, 45.622, 46.455, 47.884, 48.371, 49.07, 49.848, 51.438, 51.559, 50.076, 49.89, 50.519], [49.321, 50.059, 50.255, 49.357, 48.734, 48.77, 47.96, 45.35, 41.948, 41.195, 41.507, 38.36, 35.453, 34.141, 33.212, 31.609, 31.01, 28.321, 22.312, 18.499, 15.771, 12.344, 9.417, 6.419, 0.0, 6.366, 9.898, 10.905, 12.322, 19.351, 25.674, 28.33, 30.84, 32.995, 33.318, 33.312, 33.727, 33.963, 35.055, 37.173, 38.944, 40.927, 42.082, 41.746, 41.929, 42.409, 42.588, 42.847, 44.076, 45.404, 44.993, 44.81, 46.592, 48.206, 48.583, 48.851, 49.812, 50.538, 51.317, 51.534, 51.263, 51.45, 51.174, 50.604, 50.033, 47.404, 45.141, 44.944, 45.71, 46.149, 46.45, 46.229, 46.416, 46.745, 46.162, 45.919, 46.651, 47.985, 48.49, 49.2, 49.953, 51.567, 51.762, 50.278, 50.033, 50.658], [51.202, 52.097, 52.466, 51.658, 51.085, 51.149, 50.321, 47.648, 44.2, 43.419, 43.749, 40.448, 37.265, 35.923, 34.982, 33.398, 32.984, 30.523, 24.65, 21.095, 18.988, 16.507, 14.204, 11.719, 6.366, 0.0, 4.395, 6.168, 8.597, 17.549, 24.833, 28.258, 31.441, 33.925, 34.276, 34.234, 34.582, 34.735, 35.762, 37.893, 39.787, 42.027, 43.395, 43.126, 43.351, 43.844, 43.986, 44.22, 45.468, 46.859, 46.463, 46.295, 48.231, 49.989, 50.371, 50.561, 51.48, 52.208, 53.021, 53.284, 52.992, 53.133, 52.92, 52.505, 52.01, 49.487, 47.357, 47.042, 47.764, 48.186, 48.464, 48.288, 48.541, 48.919, 48.31, 48.084, 48.693, 49.919, 50.446, 51.208, 51.99, 53.615, 53.763, 52.119, 51.749, 52.356], [51.908, 52.834, 53.35, 52.709, 52.179, 52.194, 51.322, 48.611, 45.123, 44.336, 44.668, 41.34, 38.139, 36.806, 35.837, 34.223, 33.852, 31.53, 25.932, 22.69, 20.897, 18.811, 16.748, 14.348, 9.898, 4.395, 0.0, 2.804, 7.482, 18.065, 25.892, 29.726, 33.165, 35.728, 36.07, 36.001, 36.278, 36.311, 37.218, 39.294, 41.206, 43.492, 44.873, 44.596, 44.847, 45.301, 45.393, 45.609, 46.893, 48.357, 47.955, 47.711, 49.63, 51.423, 51.79, 51.892, 52.719, 53.462, 54.321, 54.639, 54.351, 54.492, 54.347, 53.985, 53.482, 50.988, 48.889, 48.48, 49.207, 49.672, 49.953, 49.831, 50.122, 50.509, 49.863, 49.658, 50.239, 51.43, 51.975, 52.767, 53.588, 55.222, 55.243, 53.389, 52.928, 53.528], [51.912, 52.814, 53.383, 52.829, 52.312, 52.292, 51.411, 48.692, 45.152, 44.384, 44.744, 41.396, 38.198, 36.862, 35.902, 34.262, 33.889, 31.636, 26.114, 22.913, 21.15, 19.152, 17.208, 14.924, 10.905, 6.168, 2.804, 0.0, 6.458, 17.956, 26.071, 30.039, 33.533, 36.091, 36.413, 36.352, 36.6, 36.549, 37.394, 39.452, 41.352, 43.626, 45.01, 44.718, 44.956, 45.41, 45.515, 45.739, 47.022, 48.523, 48.118, 47.806, 49.69, 51.495, 51.875, 51.974, 52.79, 53.553, 54.439, 54.775, 54.506, 54.692, 54.606, 54.263, 53.731, 51.178, 49.007, 48.535, 49.272, 49.767, 50.051, 49.939, 50.242, 50.671, 50.037, 49.837, 50.441, 51.649, 52.209, 53.0, 53.813, 55.445, 55.427, 53.498, 53.014, 53.63], [52.762, 53.725, 54.202, 53.566, 53.075, 53.152, 52.342, 49.677, 46.161, 45.414, 45.809, 42.489, 39.287, 37.936, 37.004, 35.432, 35.183, 33.122, 27.67, 24.312, 22.291, 19.878, 17.909, 16.127, 12.322, 8.597, 7.482, 6.458, 0.0, 12.596, 21.66, 26.322, 30.305, 33.213, 33.673, 33.641, 33.869, 33.746, 34.548, 36.584, 38.456, 40.862, 42.465, 42.271, 42.534, 43.017, 43.138, 43.387, 44.642, 46.172, 45.78, 45.396, 47.316, 49.264, 49.834, 50.165, 51.124, 51.902, 52.767, 53.04, 52.724, 52.892, 53.015, 53.188, 53.091, 50.716, 48.756, 48.542, 49.235, 49.602, 49.764, 49.536, 49.849, 50.421, 49.929, 49.702, 50.196, 51.304, 51.845, 52.595, 53.37, 55.013, 55.159, 53.398, 52.949, 53.571], [55.302, 56.403, 56.729, 55.897, 55.526, 55.931, 55.398, 52.992, 49.713, 49.008, 49.469, 46.542, 43.631, 42.4, 41.664, 40.397, 40.58, 38.99, 33.682, 30.109, 27.911, 25.202, 23.262, 22.339, 19.351, 17.549, 18.065, 17.956, 12.596, 0.0, 10.308, 17.011, 22.446, 26.146, 26.947, 27.029, 27.288, 27.2, 28.049, 29.89, 31.674, 34.524, 36.679, 36.757, 37.081, 37.575, 37.763, 38.121, 39.341, 40.854, 40.434, 40.073, 42.289, 44.571, 45.487, 46.262, 47.657, 48.525, 49.208, 49.255, 48.868, 48.932, 49.2, 50.485, 51.663, 50.15, 48.868, 49.351, 50.046, 50.069, 50.045, 49.636, 49.999, 50.828, 50.634, 50.348, 50.562, 51.394, 51.904, 52.562, 53.216, 54.839, 55.39, 54.135, 53.806, 54.417], [58.142, 59.333, 59.564, 58.506, 58.127, 58.76, 58.445, 56.283, 53.293, 52.647, 53.105, 50.515, 47.927, 46.802, 46.219, 45.124, 45.438, 44.027, 38.853, 35.365, 33.269, 30.482, 28.559, 28.062, 25.674, 24.833, 25.892, 26.071, 21.66, 10.308, 0.0, 8.649, 15.538, 19.913, 20.953, 21.135, 21.549, 21.774, 22.804, 24.468, 26.277, 29.603, 32.392, 32.843, 33.255, 33.921, 34.356, 34.887, 36.071, 37.49, 37.107, 36.957, 39.32, 41.66, 42.75, 43.879, 45.688, 46.528, 46.871, 46.693, 46.323, 46.338, 46.417, 48.151, 50.37, 49.987, 49.436, 50.479, 51.204, 50.936, 50.823, 50.314, 50.672, 51.52, 51.484, 51.173, 51.157, 51.727, 52.212, 52.774, 53.29, 54.83, 55.741, 55.018, 54.827, 55.415], [60.195, 61.394, 61.472, 60.073, 59.51, 60.278, 60.083, 58.028, 55.249, 54.604, 54.953, 52.38, 49.884, 48.786, 48.258, 47.162, 47.264, 45.689, 40.648, 37.454, 35.466, 32.424, 30.45, 30.331, 28.33, 28.258, 29.726, 30.039, 26.322, 17.011, 8.649, 0.0, 7.836, 13.047, 14.412, 14.79, 15.599, 16.558, 18.094, 19.875, 21.902, 25.574, 29.059, 30.004, 30.582, 31.652, 32.355, 33.026, 34.202, 35.439, 35.135, 35.226, 37.253, 39.182, 40.225, 41.623, 43.66, 44.184, 44.087, 43.751, 43.447, 43.463, 43.219, 44.65, 47.316, 47.992, 48.316, 49.934, 50.654, 50.086, 49.886, 49.282, 49.544, 50.198, 50.183, 49.851, 49.616, 49.932, 50.351, 50.815, 51.222, 52.694, 53.92, 53.74, 53.741, 54.317], [61.912, 63.041, 62.934, 61.269, 60.586, 61.466, 61.387, 59.454, 56.883, 56.257, 56.542, 54.031, 51.592, 50.503, 50.006, 48.931, 48.826, 47.067, 42.223, 39.259, 37.296, 34.174, 32.247, 32.409, 30.84, 31.441, 33.165, 33.533, 30.305, 22.446, 15.538, 7.836, 0.0, 5.994, 8.201, 9.192, 10.823, 12.853, 15.12, 17.004, 19.051, 22.746, 26.663, 28.116, 28.877, 30.18, 30.931, 31.704, 32.945, 33.891, 33.515, 33.708, 35.319, 36.806, 37.77, 39.312, 41.489, 41.796, 41.372, 40.893, 40.639, 40.651, 40.158, 41.279, 44.078, 45.369, 46.527, 48.822, 49.523, 48.732, 48.477, 47.803, 47.959, 48.461, 48.52, 48.122, 47.637, 47.73, 48.072, 48.479, 48.887, 50.345, 51.799, 52.142, 52.448, 53.044], [62.991, 64.062, 63.94, 62.267, 61.565, 62.456, 62.447, 60.624, 58.131, 57.543, 57.866, 55.465, 53.096, 52.015, 51.591, 50.593, 50.455, 48.612, 43.821, 40.898, 38.946, 35.887, 33.992, 34.248, 32.995, 33.925, 35.728, 36.091, 33.213, 26.146, 19.913, 13.047, 5.994, 0.0, 3.55, 6.029, 8.34, 11.063, 13.858, 15.759, 17.71, 21.383, 25.543, 27.288, 28.148, 29.464, 30.175, 31.071, 32.361, 33.12, 32.635, 32.865, 34.329, 35.605, 36.503, 38.086, 40.405, 40.728, 40.185, 39.638, 39.426, 39.464, 38.807, 39.691, 42.434, 43.901, 45.512, 48.303, 49.074, 48.19, 47.942, 47.273, 47.429, 47.917, 47.997, 47.492, 46.843, 46.85, 47.196, 47.628, 48.086, 49.513, 51.0, 51.579, 52.075, 52.695], [62.928, 64.034, 63.959, 62.367, 61.681, 62.524, 62.503, 60.694, 58.182, 57.62, 57.995, 55.659, 53.344, 52.255, 51.858, 50.897, 50.798, 48.945, 44.106, 41.155, 39.189, 36.128, 34.246, 34.503, 33.318, 34.276, 36.07, 36.413, 33.673, 26.947, 20.953, 14.412, 8.201, 3.55, 0.0, 3.648, 6.595, 9.754, 12.904, 14.971, 17.004, 20.783, 25.1, 26.919, 27.77, 29.078, 29.854, 30.83, 32.128, 32.928, 32.462, 32.737, 34.269, 35.555, 36.421, 38.012, 40.384, 40.775, 40.285, 39.761, 39.566, 39.651, 38.958, 39.68, 42.292, 43.701, 45.273, 48.122, 49.046, 48.251, 48.042, 47.378, 47.546, 48.042, 48.095, 47.568, 46.905, 46.919, 47.291, 47.743, 48.182, 49.554, 50.98, 51.524, 51.993, 52.604], [62.401, 63.617, 63.601, 62.029, 61.367, 62.197, 62.143, 60.342, 57.888, 57.343, 57.71, 55.424, 53.187, 52.104, 51.656, 50.68, 50.602, 48.806, 44.075, 41.204, 39.251, 36.16, 34.31, 34.546, 33.312, 34.234, 36.001, 36.352, 33.641, 27.029, 21.135, 14.79, 9.192, 6.029, 3.648, 0.0, 4.012, 7.891, 11.517, 13.926, 16.143, 19.973, 24.31, 26.172, 27.047, 28.411, 29.313, 30.318, 31.658, 32.541, 32.117, 32.413, 33.973, 35.289, 36.159, 37.772, 40.134, 40.532, 40.091, 39.58, 39.383, 39.493, 38.826, 39.508, 42.051, 43.489, 45.075, 47.917, 48.925, 48.268, 48.091, 47.444, 47.607, 48.073, 48.16, 47.683, 47.087, 47.127, 47.531, 47.973, 48.388, 49.759, 51.17, 51.709, 52.166, 52.772], [62.0, 63.316, 63.463, 61.995, 61.354, 62.145, 62.043, 60.262, 57.854, 57.299, 57.651, 55.353, 53.156, 52.086, 51.64, 50.745, 50.732, 49.019, 44.413, 41.62, 39.709, 36.61, 34.745, 34.962, 33.727, 34.582, 36.278, 36.6, 33.869, 27.288, 21.549, 15.599, 10.823, 8.34, 6.595, 4.012, 0.0, 4.733, 9.269, 12.141, 14.632, 18.53, 22.876, 24.811, 25.734, 27.145, 28.116, 29.176, 30.517, 31.432, 31.058, 31.39, 33.02, 34.418, 35.308, 36.982, 39.353, 39.703, 39.277, 38.79, 38.596, 38.734, 38.142, 38.907, 41.505, 43.121, 44.887, 47.787, 48.786, 48.094, 47.907, 47.313, 47.541, 48.048, 48.159, 47.747, 47.251, 47.345, 47.82, 48.295, 48.732, 50.136, 51.525, 52.054, 52.471, 53.031], [61.625, 63.029, 63.339, 62.054, 61.501, 62.244, 62.093, 60.345, 57.912, 57.338, 57.683, 55.342, 53.182, 52.121, 51.69, 50.847, 50.83, 49.145, 44.691, 42.0, 40.083, 36.925, 35.037, 35.203, 33.963, 34.735, 36.311, 36.549, 33.746, 27.2, 21.774, 16.558, 12.853, 11.063, 9.754, 7.891, 4.733, 0.0, 5.336, 9.05, 11.983, 16.072, 20.633, 22.624, 23.644, 25.198, 26.35, 27.519, 28.852, 29.869, 29.605, 29.864, 31.439, 32.911, 33.835, 35.573, 37.901, 38.192, 37.829, 37.416, 37.233, 37.438, 37.037, 38.075, 40.937, 42.727, 44.587, 47.511, 48.509, 47.703, 47.426, 46.962, 47.4, 48.002, 48.072, 47.719, 47.328, 47.484, 48.012, 48.506, 48.933, 50.324, 51.581, 51.927, 52.239, 52.75], [62.111, 63.608, 64.054, 62.9, 62.464, 63.253, 63.097, 61.361, 58.859, 58.267, 58.59, 56.23, 54.135, 53.118, 52.719, 51.91, 51.851, 50.136, 45.813, 43.239, 41.325, 38.126, 36.191, 36.292, 35.055, 35.762, 37.218, 37.394, 34.548, 28.049, 22.804, 18.094, 15.12, 13.858, 12.904, 11.517, 9.269, 5.336, 0.0, 4.736, 8.547, 13.466, 18.615, 20.642, 21.869, 23.623, 24.988, 26.28, 27.598, 28.709, 28.562, 28.644, 29.956, 31.389, 32.341, 34.105, 36.348, 36.596, 36.304, 35.976, 35.811, 36.054, 35.864, 37.321, 40.724, 42.889, 44.899, 47.835, 48.815, 47.839, 47.411, 47.045, 47.779, 48.529, 48.523, 48.203, 47.854, 48.018, 48.544, 49.03, 49.415, 50.742, 51.85, 51.99, 52.207, 52.692], [63.006, 64.547, 65.046, 63.903, 63.502, 64.409, 64.37, 62.662, 60.153, 59.555, 59.875, 57.579, 55.577, 54.656, 54.348, 53.633, 53.623, 51.931, 47.689, 45.159, 43.239, 40.107, 38.225, 38.338, 37.173, 37.893, 39.294, 39.452, 36.584, 29.89, 24.468, 19.875, 17.004, 15.759, 14.971, 13.926, 12.141, 9.05, 4.736, 0.0, 4.83, 11.198, 17.084, 19.348, 20.8, 22.599, 23.912, 25.236, 26.509, 27.538, 27.419, 27.411, 28.499, 29.874, 30.88, 32.647, 34.816, 35.027, 34.745, 34.442, 34.282, 34.48, 34.395, 36.298, 40.274, 42.869, 45.131, 48.213, 49.159, 47.997, 47.449, 47.077, 47.987, 48.904, 48.941, 48.642, 48.228, 48.306, 48.807, 49.292, 49.685, 50.98, 52.077, 52.243, 52.482, 52.965], [63.385, 64.928, 65.385, 64.198, 63.791, 64.765, 64.935, 63.437, 60.989, 60.4, 60.757, 58.534, 56.633, 55.841, 55.662, 55.037, 55.03, 53.332, 49.189, 46.71, 44.759, 41.659, 39.839, 39.994, 38.944, 39.787, 41.206, 41.352, 38.456, 31.674, 26.277, 21.902, 19.051, 17.71, 17.004, 16.143, 14.632, 11.983, 8.547, 4.83, 0.0, 7.565, 14.539, 17.261, 18.949, 20.952, 22.314, 23.601, 24.679, 25.585, 25.582, 25.582, 26.501, 27.82, 28.922, 30.8, 32.979, 33.172, 32.903, 32.585, 32.426, 32.625, 32.679, 35.003, 39.398, 42.219, 44.591, 47.817, 48.749, 47.482, 46.825, 46.434, 47.448, 48.487, 48.647, 48.401, 47.944, 47.933, 48.401, 48.873, 49.251, 50.497, 51.613, 51.833, 52.098, 52.59], [63.085, 64.622, 64.974, 63.655, 63.198, 64.224, 64.605, 63.573, 61.514, 60.923, 61.332, 59.297, 57.591, 56.909, 56.849, 56.377, 56.329, 54.624, 50.72, 48.395, 46.443, 43.314, 41.551, 41.775, 40.927, 42.027, 43.492, 43.626, 40.862, 34.524, 29.603, 25.574, 22.746, 21.383, 20.783, 19.973, 18.53, 16.072, 13.466, 11.198, 7.565, 0.0, 8.391, 12.208, 14.171, 16.89, 18.976, 20.538, 21.267, 21.928, 22.37, 22.725, 23.603, 24.862, 25.999, 28.126, 30.329, 30.322, 29.983, 29.642, 29.559, 29.97, 30.27, 32.928, 37.703, 40.895, 43.52, 46.962, 47.858, 46.456, 45.656, 45.227, 46.205, 47.13, 47.411, 47.403, 47.132, 47.114, 47.567, 47.973, 48.228, 49.337, 50.453, 50.807, 51.077, 51.482], [61.348, 62.887, 63.208, 61.823, 61.36, 62.433, 62.879, 62.13, 60.511, 59.966, 60.403, 58.698, 57.303, 56.704, 56.674, 56.43, 56.5, 54.915, 51.3, 49.129, 47.265, 44.266, 42.546, 42.713, 42.082, 43.395, 44.873, 45.01, 42.465, 36.679, 32.392, 29.059, 26.663, 25.543, 25.1, 24.31, 22.876, 20.633, 18.615, 17.084, 14.539, 8.391, 0.0, 5.45, 8.176, 11.401, 14.445, 16.538, 17.329, 17.838, 18.72, 19.562, 20.823, 22.315, 23.193, 25.136, 27.273, 27.457, 27.4, 27.147, 27.247, 28.056, 28.726, 31.632, 36.401, 39.521, 42.15, 45.685, 46.5, 45.062, 44.238, 43.793, 44.677, 45.456, 45.794, 46.164, 46.569, 46.87, 47.361, 47.759, 48.019, 49.132, 50.165, 50.617, 50.969, 51.271], [59.941, 61.492, 61.897, 60.615, 60.207, 61.238, 61.661, 60.966, 59.362, 58.869, 59.331, 57.673, 56.397, 55.846, 55.815, 55.613, 55.742, 54.207, 50.623, 48.505, 46.76, 43.901, 42.177, 42.283, 41.746, 43.126, 44.596, 44.718, 42.271, 36.757, 32.843, 30.004, 28.116, 27.288, 26.919, 26.172, 24.811, 22.624, 20.642, 19.348, 17.261, 12.208, 5.45, 0.0, 4.213, 8.472, 12.507, 14.783, 15.49, 16.326, 17.489, 18.506, 20.149, 21.893, 22.598, 24.294, 26.405, 27.022, 27.389, 27.294, 27.467, 28.431, 29.316, 32.281, 36.839, 39.556, 41.801, 45.072, 45.846, 44.473, 43.705, 43.292, 44.221, 45.023, 45.278, 45.739, 46.604, 47.317, 47.88, 48.28, 48.516, 49.653, 50.618, 50.937, 51.214, 51.458], [59.923, 61.447, 61.838, 60.559, 60.145, 61.147, 61.58, 61.005, 59.456, 58.967, 59.551, 58.007, 56.747, 56.167, 56.098, 55.89, 56.067, 54.565, 50.86, 48.605, 46.83, 44.006, 42.327, 42.454, 41.929, 43.351, 44.847, 44.956, 42.534, 37.081, 33.255, 30.582, 28.877, 28.148, 27.77, 27.047, 25.734, 23.644, 21.869, 20.8, 18.949, 14.171, 8.176, 4.213, 0.0, 6.092, 11.641, 14.408, 15.061, 15.955, 17.335, 18.636, 20.675, 22.634, 23.4, 25.126, 27.257, 27.927, 28.341, 28.223, 28.394, 29.387, 30.257, 33.124, 37.485, 40.058, 42.179, 45.321, 46.095, 44.758, 44.039, 43.614, 44.49, 45.267, 45.522, 45.96, 46.896, 47.765, 48.454, 48.883, 49.039, 50.089, 51.068, 51.435, 51.663, 51.847], [59.84, 61.31, 61.719, 60.547, 60.183, 61.153, 61.557, 60.993, 59.501, 59.044, 59.729, 58.488, 57.422, 56.833, 56.706, 56.496, 56.793, 55.369, 51.584, 49.201, 47.343, 44.506, 42.763, 42.81, 42.409, 43.844, 45.301, 45.41, 43.017, 37.575, 33.921, 31.652, 30.18, 29.464, 29.078, 28.411, 27.145, 25.198, 23.623, 22.599, 20.952, 16.89, 11.401, 8.472, 6.092, 0.0, 6.866, 10.909, 12.52, 13.75, 15.066, 16.524, 19.222, 21.647, 22.402, 24.024, 26.369, 27.467, 28.034, 27.868, 28.042, 29.089, 30.009, 32.949, 37.197, 39.643, 41.724, 44.895, 45.728, 44.463, 43.787, 43.349, 44.237, 45.135, 45.4, 45.807, 46.836, 47.815, 48.698, 49.428, 49.867, 51.009, 51.858, 52.137, 52.375, 52.594], [59.882, 61.321, 61.741, 60.609, 60.232, 61.192, 61.586, 60.928, 59.409, 58.953, 59.63, 58.489, 57.557, 57.022, 56.909, 56.717, 57.107, 55.735, 51.911, 49.476, 47.575, 44.725, 42.91, 42.896, 42.588, 43.986, 45.393, 45.515, 43.138, 37.763, 34.356, 32.355, 30.931, 30.175, 29.854, 29.313, 28.116, 26.35, 24.988, 23.912, 22.314, 18.976, 14.445, 12.507, 11.641, 6.866, 0.0, 5.506, 8.902, 10.508, 11.293, 12.894, 16.568, 19.665, 20.505, 22.072, 24.648, 26.087, 26.768, 26.587, 26.732, 27.752, 28.667, 31.62, 35.768, 38.166, 40.274, 43.552, 44.373, 43.121, 42.442, 42.003, 42.964, 44.025, 44.3, 44.633, 45.662, 46.665, 47.687, 48.789, 49.836, 51.379, 52.195, 52.376, 52.688, 53.017], [59.583, 61.031, 61.43, 60.239, 59.829, 60.819, 61.249, 60.576, 59.07, 58.6, 59.22, 58.058, 57.153, 56.707, 56.697, 56.561, 57.013, 55.729, 51.986, 49.594, 47.719, 44.941, 43.191, 43.17, 42.847, 44.22, 45.609, 45.739, 43.387, 38.121, 34.887, 33.026, 31.704, 31.071, 30.83, 30.318, 29.176, 27.519, 26.28, 25.236, 23.601, 20.538, 16.538, 14.783, 14.408, 10.909, 5.506, 0.0, 5.08, 7.584, 8.108, 10.03, 14.601, 18.159, 19.138, 20.803, 23.432, 24.971, 25.764, 25.567, 25.675, 26.659, 27.555, 30.446, 34.446, 36.778, 38.834, 42.129, 42.889, 41.626, 40.937, 40.555, 41.606, 42.734, 43.081, 43.387, 44.431, 45.474, 46.582, 47.813, 49.285, 51.357, 52.342, 52.5, 52.839, 53.238], [59.9, 61.333, 61.693, 60.463, 60.031, 61.026, 61.535, 60.974, 59.506, 59.041, 59.633, 58.401, 57.465, 57.097, 57.285, 57.25, 57.663, 56.401, 52.758, 50.438, 48.638, 45.979, 44.363, 44.406, 44.076, 45.468, 46.893, 47.022, 44.642, 39.341, 36.071, 34.202, 32.945, 32.361, 32.128, 31.658, 30.517, 28.852, 27.598, 26.509, 24.679, 21.267, 17.329, 15.49, 15.061, 12.52, 8.902, 5.08, 0.0, 4.17, 6.744, 9.561, 14.142, 17.588, 18.654, 20.573, 23.192, 24.65, 25.482, 25.278, 25.366, 26.345, 27.362, 30.513, 34.653, 36.904, 38.808, 42.024, 42.737, 41.402, 40.65, 40.303, 41.408, 42.592, 43.054, 43.376, 44.374, 45.371, 46.463, 47.605, 49.013, 51.197, 52.429, 52.711, 52.958, 53.285], [60.671, 62.051, 62.311, 60.967, 60.482, 61.52, 62.1, 61.612, 60.24, 59.765, 60.351, 59.138, 58.178, 57.829, 58.097, 58.203, 58.653, 57.376, 53.828, 51.562, 49.778, 47.183, 45.63, 45.716, 45.404, 46.859, 48.357, 48.523, 46.172, 40.854, 37.49, 35.439, 33.891, 33.12, 32.928, 32.541, 31.432, 29.869, 28.709, 27.538, 25.585, 21.928, 17.838, 16.326, 15.955, 13.75, 10.508, 7.584, 4.17, 0.0, 4.735, 8.792, 13.36, 16.722, 17.798, 19.762, 22.327, 23.595, 24.33, 24.086, 24.184, 25.153, 26.159, 29.485, 33.852, 36.311, 38.481, 41.92, 42.578, 41.131, 40.343, 39.982, 41.071, 42.268, 42.823, 43.162, 44.095, 45.008, 46.064, 47.172, 48.553, 50.676, 52.043, 52.644, 53.021, 53.307], [60.603, 61.96, 62.223, 60.885, 60.398, 61.454, 62.021, 61.431, 60.003, 59.525, 60.123, 58.945, 57.978, 57.589, 57.786, 57.91, 58.543, 57.356, 53.736, 51.379, 49.524, 46.874, 45.231, 45.27, 44.993, 46.463, 47.955, 48.118, 45.78, 40.434, 37.107, 35.135, 33.515, 32.635, 32.462, 32.117, 31.058, 29.605, 28.562, 27.419, 25.582, 22.37, 18.72, 17.489, 17.335, 15.066, 11.293, 8.108, 6.744, 4.735, 0.0, 5.38, 11.474, 15.512, 16.785, 18.737, 21.473, 22.888, 23.621, 23.338, 23.425, 24.343, 25.19, 28.401, 32.764, 35.274, 37.511, 41.061, 41.753, 40.385, 39.65, 39.308, 40.457, 41.724, 42.267, 42.515, 43.435, 44.406, 45.534, 46.737, 48.318, 50.639, 51.967, 52.549, 53.142, 53.577], [60.648, 62.015, 62.334, 61.05, 60.572, 61.625, 62.173, 61.465, 59.896, 59.421, 60.025, 58.829, 57.857, 57.46, 57.626, 57.7, 58.354, 57.321, 53.897, 51.558, 49.589, 46.809, 45.058, 45.026, 44.81, 46.295, 47.711, 47.806, 45.396, 40.073, 36.957, 35.226, 33.708, 32.865, 32.737, 32.413, 31.39, 29.864, 28.644, 27.411, 25.582, 22.725, 19.562, 18.506, 18.636, 16.524, 12.894, 10.03, 9.561, 8.792, 5.38, 0.0, 7.457, 12.416, 14.226, 16.406, 19.298, 21.047, 21.986, 21.744, 21.8, 22.711, 23.744, 27.303, 31.966, 34.649, 36.975, 40.582, 41.349, 40.047, 39.258, 38.976, 40.308, 41.698, 42.187, 42.382, 43.324, 44.317, 45.435, 46.64, 48.284, 50.73, 51.917, 52.236, 52.926, 53.565], [61.861, 63.215, 63.501, 62.134, 61.605, 62.703, 63.285, 62.557, 60.99, 60.5, 61.019, 59.8, 58.846, 58.487, 58.697, 58.738, 59.156, 58.142, 55.303, 53.346, 51.362, 48.463, 46.696, 46.695, 46.592, 48.231, 49.63, 49.69, 47.316, 42.289, 39.32, 37.253, 35.319, 34.329, 34.269, 33.973, 33.02, 31.439, 29.956, 28.499, 26.501, 23.603, 20.823, 20.149, 20.675, 19.222, 16.568, 14.601, 14.142, 13.36, 11.474, 7.457, 0.0, 5.685, 8.651, 11.839, 14.976, 16.698, 17.619, 17.367, 17.416, 18.32, 19.715, 24.001, 29.562, 33.232, 36.449, 40.569, 41.409, 39.919, 38.913, 38.648, 40.087, 41.392, 41.813, 42.01, 42.835, 43.672, 44.671, 45.749, 47.295, 49.674, 50.771, 51.106, 51.893, 52.643], [62.924, 64.246, 64.463, 63.007, 62.442, 63.567, 64.189, 63.489, 61.965, 61.476, 61.919, 60.7, 59.787, 59.481, 59.755, 59.787, 60.019, 58.922, 56.377, 54.707, 52.812, 49.923, 48.178, 48.222, 48.206, 49.989, 51.423, 51.495, 49.264, 44.571, 41.66, 39.182, 36.806, 35.605, 35.555, 35.289, 34.418, 32.911, 31.389, 29.874, 27.82, 24.862, 22.315, 21.893, 22.634, 21.647, 19.665, 18.159, 17.588, 16.722, 15.512, 12.416, 5.685, 0.0, 4.355, 8.83, 12.264, 13.809, 14.553, 14.243, 14.332, 15.28, 16.9, 21.561, 27.758, 32.244, 36.109, 40.583, 41.446, 39.791, 38.676, 38.418, 39.881, 41.096, 41.498, 41.69, 42.376, 43.06, 43.963, 44.949, 46.398, 48.66, 49.741, 50.221, 51.089, 51.858], [62.824, 64.116, 64.334, 62.906, 62.349, 63.442, 64.032, 63.332, 61.833, 61.35, 61.771, 60.58, 59.727, 59.457, 59.762, 59.848, 60.062, 58.924, 56.42, 54.874, 53.139, 50.4, 48.631, 48.586, 48.583, 50.371, 51.79, 51.875, 49.834, 45.487, 42.75, 40.225, 37.77, 36.503, 36.421, 36.159, 35.308, 33.835, 32.341, 30.88, 28.922, 25.999, 23.193, 22.598, 23.4, 22.402, 20.505, 19.138, 18.654, 17.798, 16.785, 14.226, 8.651, 4.355, 0.0, 5.338, 9.534, 11.738, 12.856, 12.659, 12.899, 14.166, 15.991, 20.497, 26.614, 31.274, 35.334, 39.884, 40.737, 39.08, 38.03, 37.81, 39.297, 40.552, 40.972, 41.231, 42.025, 42.769, 43.631, 44.612, 46.071, 48.274, 49.249, 49.721, 50.615, 51.361], [62.497, 63.724, 63.95, 62.607, 62.089, 63.127, 63.652, 62.9, 61.402, 60.931, 61.344, 60.194, 59.386, 59.143, 59.453, 59.59, 59.794, 58.645, 56.209, 54.751, 53.163, 50.731, 49.048, 48.849, 48.851, 50.561, 51.892, 51.974, 50.165, 46.262, 43.879, 41.623, 39.312, 38.086, 38.012, 37.772, 36.982, 35.573, 34.105, 32.647, 30.8, 28.126, 25.136, 24.294, 25.126, 24.024, 22.072, 20.803, 20.573, 19.762, 18.737, 16.406, 11.839, 8.83, 5.338, 0.0, 5.527, 9.829, 12.107, 12.363, 12.721, 14.132, 16.118, 20.48, 26.279, 30.741, 34.747, 39.222, 40.028, 38.416, 37.519, 37.427, 39.006, 40.415, 40.864, 41.221, 42.166, 43.022, 43.846, 44.868, 46.421, 48.614, 49.393, 49.749, 50.701, 51.449], [62.621, 63.862, 64.085, 62.739, 62.212, 63.234, 63.738, 62.984, 61.531, 61.033, 61.408, 60.252, 59.462, 59.259, 59.589, 59.784, 59.93, 58.754, 56.54, 55.222, 53.658, 51.394, 49.998, 49.82, 49.812, 51.48, 52.719, 52.79, 51.124, 47.657, 45.688, 43.66, 41.489, 40.405, 40.384, 40.134, 39.353, 37.901, 36.348, 34.816, 32.979, 30.329, 27.273, 26.405, 27.257, 26.369, 24.648, 23.432, 23.192, 22.327, 21.473, 19.298, 14.976, 12.264, 9.534, 5.527, 0.0, 6.37, 10.216, 11.183, 11.623, 13.113, 15.547, 20.244, 26.287, 30.954, 34.989, 39.389, 40.077, 38.34, 37.445, 37.471, 39.197, 40.644, 41.051, 41.506, 42.486, 43.299, 44.051, 45.049, 46.635, 48.816, 49.446, 49.728, 50.709, 51.455], [63.667, 64.974, 65.168, 63.659, 63.014, 64.08, 64.624, 63.908, 62.526, 61.948, 62.277, 61.024, 60.147, 59.937, 60.259, 60.447, 60.547, 59.304, 57.134, 55.874, 54.261, 51.851, 50.568, 50.593, 50.538, 52.208, 53.462, 53.553, 51.902, 48.525, 46.528, 44.184, 41.796, 40.728, 40.775, 40.532, 39.703, 38.192, 36.596, 35.027, 33.172, 30.322, 27.457, 27.022, 27.927, 27.467, 26.087, 24.971, 24.65, 23.595, 22.888, 21.047, 16.698, 13.809, 11.738, 9.829, 6.37, 0.0, 4.913, 6.735, 7.41, 9.235, 12.055, 17.34, 24.581, 30.542, 35.279, 39.967, 40.587, 38.49, 37.391, 37.378, 39.074, 40.252, 40.528, 40.964, 41.699, 42.25, 42.955, 43.867, 45.371, 47.531, 48.233, 48.709, 49.748, 50.492], [64.958, 66.26, 66.413, 64.772, 64.032, 65.142, 65.722, 65.026, 63.701, 63.091, 63.389, 62.126, 61.212, 60.971, 61.264, 61.387, 61.467, 60.231, 58.039, 56.774, 55.13, 52.569, 51.23, 51.368, 51.317, 53.021, 54.321, 54.439, 52.767, 49.208, 46.871, 44.087, 41.372, 40.185, 40.285, 40.091, 39.277, 37.829, 36.304, 34.745, 32.903, 29.983, 27.4, 27.389, 28.341, 28.034, 26.768, 25.764, 25.482, 24.33, 23.621, 21.986, 17.619, 14.553, 12.856, 12.107, 10.216, 4.913, 0.0, 2.649, 4.019, 6.369, 9.137, 14.881, 23.166, 30.185, 35.581, 40.608, 41.238, 38.918, 37.687, 37.587, 39.143, 40.069, 40.299, 40.677, 41.154, 41.481, 42.159, 42.989, 44.401, 46.527, 47.391, 48.146, 49.292, 50.067], [65.31, 66.57, 66.665, 64.971, 64.228, 65.376, 65.976, 65.294, 64.017, 63.413, 63.703, 62.482, 61.566, 61.309, 61.596, 61.693, 61.779, 60.577, 58.374, 57.072, 55.398, 52.785, 51.428, 51.591, 51.534, 53.284, 54.639, 54.775,