[[0.0, 5.405, 10.453, 15.523, 22.272, 27.43, 29.006, 29.244, 29.621, 30.847, 31.3, 32.227, 34.272, 36.241, 38.57, 41.288, 42.483, 42.517, 42.749, 42.284, 43.377, 46.869, 50.873, 53.072, 53.878, 53.106, 52.772, 52.9, 53.344, 55.146, 56.428, 57.102, 57.273, 56.902, 56.633, 57.282, 57.829, 57.787, 57.825, 58.407, 58.857, 59.353, 59.157, 59.274, 59.259, 58.751, 56.745, 55.939, 56.272, 55.431, 54.948, 54.974, 55.342, 55.764, 55.572, 56.076, 57.454, 59.034, 60.261, 61.897, 63.262, 63.94, 63.537, 62.801, 62.757, 62.794, 62.824, 62.908, 62.916, 63.002, 63.291, 63.694, 64.535, 65.552, 66.29, 66.513, 66.745, 67.903, 69.886, 69.853, 70.131, 70.461, 69.844, 69.492, 69.078, 67.202], [5.405, 0.0, 5.793, 12.143, 20.128, 25.711, 27.459, 27.882, 28.286, 29.429, 29.89, 30.715, 32.579, 34.687, 37.212, 39.973, 41.241, 41.335, 41.626, 41.223, 42.225, 45.704, 49.798, 52.11, 52.966, 52.261, 52.019, 52.18, 52.689, 54.422, 55.572, 56.261, 56.684, 56.401, 56.089, 56.854, 57.457, 57.416, 57.431, 57.991, 58.388, 58.896, 58.838, 59.005, 58.946, 58.501, 56.767, 56.21, 56.545, 55.68, 55.186, 55.18, 55.546, 55.975, 55.838, 56.491, 57.973, 59.522, 60.704, 62.316, 63.614, 64.243, 63.863, 63.14, 63.114, 63.179, 63.205, 63.3, 63.327, 63.411, 63.756, 64.239, 65.135, 66.201, 66.986, 67.188, 67.312, 68.417, 70.417, 70.403, 70.622, 70.913, 70.306, 69.894, 69.396, 67.534], [10.453, 5.793, 0.0, 8.009, 17.566, 23.63, 25.564, 26.264, 26.771, 27.875, 28.304, 29.033, 30.678, 32.798, 35.492, 38.321, 39.624, 39.67, 39.944, 39.612, 40.592, 44.16, 48.363, 50.795, 51.683, 51.009, 50.885, 51.143, 51.701, 53.298, 54.28, 54.97, 55.679, 55.568, 55.262, 56.125, 56.826, 56.846, 56.851, 57.369, 57.675, 58.113, 58.127, 58.345, 58.289, 57.88, 56.344, 56.048, 56.406, 55.527, 55.121, 55.231, 55.718, 56.19, 56.104, 56.913, 58.517, 60.06, 61.231, 62.846, 64.1, 64.705, 64.341, 63.628, 63.619, 63.697, 63.718, 63.826, 63.855, 63.931, 64.33, 64.887, 65.84, 66.953, 67.778, 67.971, 68.06, 69.188, 71.176, 71.123, 71.333, 71.604, 70.971, 70.467, 69.835, 67.927], [15.523, 12.143, 8.009, 0.0, 10.824, 18.048, 20.955, 22.365, 23.162, 24.439, 24.881, 25.509, 27.343, 29.783, 32.671, 35.602, 36.755, 36.706, 37.125, 36.832, 37.987, 42.01, 46.245, 48.552, 49.483, 48.852, 48.873, 49.285, 49.925, 51.432, 52.272, 53.032, 54.096, 54.196, 53.929, 54.769, 55.455, 55.773, 56.261, 56.959, 57.121, 57.456, 57.6, 57.878, 57.915, 57.491, 55.693, 55.265, 55.66, 54.827, 54.459, 54.707, 55.347, 55.915, 55.836, 56.696, 58.552, 60.397, 61.693, 63.16, 64.158, 64.632, 64.284, 63.594, 63.594, 63.699, 63.71, 63.855, 63.892, 63.927, 64.424, 65.044, 66.0, 67.145, 68.036, 68.158, 68.166, 69.607, 71.745, 71.431, 71.632, 72.036, 71.416, 70.857, 70.228, 68.323], [22.272, 20.128, 17.566, 10.824, 0.0, 8.877, 13.921, 16.474, 17.593, 19.044, 19.664, 19.934, 22.13, 25.532, 28.647, 31.539, 32.396, 32.29, 33.013, 32.722, 34.069, 38.729, 43.02, 45.022, 46.015, 45.62, 45.977, 46.504, 47.233, 48.738, 49.515, 50.392, 51.818, 52.121, 51.883, 52.695, 53.265, 53.994, 55.419, 56.531, 56.456, 56.633, 56.971, 57.339, 57.511, 56.987, 54.465, 53.517, 53.958, 53.189, 52.612, 52.778, 53.487, 54.179, 54.064, 54.855, 57.036, 59.441, 60.937, 62.037, 62.564, 62.778, 62.449, 61.828, 61.829, 61.988, 61.986, 62.194, 62.28, 62.242, 62.874, 63.583, 64.524, 65.727, 66.768, 66.806, 66.627, 68.469, 70.876, 70.26, 70.479, 71.109, 70.564, 69.983, 69.453, 67.639], [27.43, 25.711, 23.63, 18.048, 8.877, 0.0, 7.243, 11.729, 13.19, 14.251, 15.075, 14.999, 17.871, 22.324, 25.655, 28.528, 29.22, 29.226, 30.18, 29.951, 31.274, 36.203, 40.781, 42.822, 43.821, 43.598, 44.176, 44.676, 45.468, 47.078, 47.93, 48.866, 50.448, 50.863, 50.571, 51.354, 51.868, 52.738, 54.682, 56.246, 56.166, 56.254, 56.767, 57.267, 57.474, 56.942, 54.199, 52.98, 53.458, 52.616, 51.523, 51.446, 52.166, 52.922, 52.843, 53.647, 55.978, 58.657, 60.251, 61.074, 61.267, 61.284, 60.961, 60.388, 60.385, 60.582, 60.571, 60.816, 60.98, 60.92, 61.587, 62.336, 63.262, 64.469, 65.589, 65.589, 65.204, 67.083, 69.635, 68.88, 68.968, 69.647, 69.114, 68.583, 68.31, 66.636], [29.006, 27.459, 25.564, 20.955, 13.921, 7.243, 0.0, 6.319, 8.755, 9.79, 10.954, 11.067, 15.071, 20.189, 23.856, 26.937, 27.656, 27.791, 28.811, 28.672, 29.933, 34.878, 39.796, 42.086, 43.071, 42.851, 43.282, 43.612, 44.364, 46.049, 47.025, 47.964, 49.484, 49.885, 49.566, 50.279, 50.788, 51.634, 53.499, 55.178, 55.418, 55.705, 56.232, 56.752, 56.927, 56.455, 53.975, 52.901, 53.411, 52.467, 51.121, 50.963, 51.714, 52.506, 52.484, 53.295, 55.544, 58.202, 59.815, 60.683, 60.986, 61.055, 60.707, 60.126, 60.122, 60.315, 60.303, 60.54, 60.723, 60.702, 61.379, 62.136, 63.05, 64.196, 65.26, 65.272, 64.85, 66.516, 68.958, 68.208, 68.102, 68.66, 68.083, 67.67, 67.627, 65.951], [29.244, 27.882, 26.264, 22.365, 16.474, 11.729, 6.319, 0.0, 3.487, 6.019, 8.19, 9.108, 13.749, 19.126, 22.981, 26.164, 27.016, 27.333, 28.528, 28.444, 29.557, 34.421, 39.455, 41.777, 42.762, 42.57, 42.864, 43.034, 43.684, 45.343, 46.335, 47.263, 48.674, 49.02, 48.724, 49.407, 49.885, 50.746, 52.588, 54.199, 54.654, 55.288, 55.888, 56.369, 56.493, 56.052, 53.722, 52.781, 53.332, 52.423, 51.16, 50.976, 51.639, 52.398, 52.364, 53.064, 55.163, 57.775, 59.354, 60.268, 60.722, 60.85, 60.466, 59.881, 59.877, 60.056, 60.047, 60.273, 60.445, 60.442, 61.173, 61.953, 62.852, 63.954, 64.973, 65.0, 64.586, 66.175, 68.542, 67.868, 67.701, 68.094, 67.519, 67.149, 66.965, 65.136], [29.621, 28.286, 26.771, 23.162, 17.593, 13.19, 8.755, 3.487, 0.0, 4.002, 7.034, 8.287, 13.185, 18.648, 22.408, 25.522, 26.436, 26.904, 28.222, 28.12, 29.082, 33.904, 39.054, 41.397, 42.385, 42.213, 42.494, 42.583, 43.208, 44.881, 45.862, 46.776, 48.118, 48.427, 48.116, 48.817, 49.292, 50.166, 52.102, 53.762, 54.216, 54.957, 55.696, 56.225, 56.317, 55.904, 53.646, 52.763, 53.368, 52.496, 51.23, 50.996, 51.593, 52.316, 52.28, 52.951, 54.997, 57.572, 59.097, 59.957, 60.396, 60.495, 60.089, 59.509, 59.499, 59.675, 59.667, 59.89, 60.065, 60.06, 60.807, 61.587, 62.472, 63.56, 64.576, 64.599, 64.132, 65.712, 68.12, 67.482, 67.268, 67.558, 66.991, 66.622, 66.324, 64.42], [30.847, 29.429, 27.875, 24.439, 19.044, 14.251, 9.79, 6.019, 4.002, 0.0, 3.925, 5.524, 11.08, 16.671, 20.34, 23.305, 24.19, 24.889, 26.353, 26.317, 27.277, 32.261, 37.816, 40.378, 41.349, 41.223, 41.666, 41.763, 42.404, 44.12, 45.081, 46.017, 47.385, 47.695, 47.347, 48.057, 48.533, 49.404, 51.391, 53.131, 53.539, 54.232, 55.056, 55.662, 55.785, 55.46, 53.466, 52.858, 53.587, 52.726, 51.315, 50.993, 51.613, 52.355, 52.326, 52.998, 54.977, 57.444, 58.901, 59.707, 60.062, 60.069, 59.628, 59.047, 59.031, 59.216, 59.208, 59.41, 59.588, 59.58, 60.342, 61.129, 62.005, 63.086, 64.12, 64.132, 63.593, 65.2, 67.682, 67.033, 66.688, 66.856, 66.27, 65.901, 65.643, 63.766], [31.3, 29.89, 28.304, 24.881, 19.664, 15.075, 10.954, 8.19, 7.034, 3.925, 0.0, 3.726, 10.077, 15.162, 18.608, 21.463, 22.277, 23.03, 24.562, 24.679, 25.959, 31.254, 37.012, 39.692, 40.632, 40.57, 41.244, 41.488, 42.108, 43.769, 44.681, 45.666, 47.091, 47.429, 47.125, 47.813, 48.276, 49.147, 51.073, 52.774, 53.194, 53.88, 54.668, 55.289, 55.533, 55.257, 53.438, 53.144, 54.006, 53.227, 51.877, 51.57, 52.242, 53.003, 52.944, 53.559, 55.443, 57.791, 59.167, 59.981, 60.366, 60.344, 59.871, 59.281, 59.26, 59.442, 59.436, 59.591, 59.723, 59.707, 60.482, 61.262, 62.122, 63.174, 64.172, 64.148, 63.612, 65.3, 67.8, 67.126, 66.762, 66.889, 66.293, 65.911, 65.664, 63.824], [32.227, 30.715, 29.033, 25.509, 19.934, 14.999, 11.067, 9.108, 8.287, 5.524, 3.726, 0.0, 7.728, 13.918, 17.62, 20.466, 21.334, 22.053, 23.541, 23.599, 24.737, 30.105, 35.942, 38.658, 39.627, 39.609, 40.362, 40.605, 41.243, 42.882, 43.765, 44.727, 46.215, 46.601, 46.284, 47.028, 47.527, 48.418, 50.39, 52.082, 52.392, 53.007, 53.843, 54.496, 54.751, 54.505, 52.655, 52.375, 53.252, 52.435, 51.022, 50.68, 51.384, 52.183, 52.153, 52.842, 54.828, 57.228, 58.612, 59.366, 59.676, 59.63, 59.172, 58.605, 58.591, 58.781, 58.774, 58.952, 59.107, 59.081, 59.885, 60.717, 61.637, 62.764, 63.836, 63.826, 63.26, 64.985, 67.518, 66.835, 66.472, 66.569, 65.954, 65.552, 65.3, 63.504], [34.272, 32.579, 30.678, 27.343, 22.13, 17.871, 15.071, 13.749, 13.185, 11.08, 10.077, 7.728, 0.0, 8.171, 13.256, 16.403, 17.624, 18.209, 19.461, 19.58, 20.609, 26.058, 31.973, 34.843, 35.808, 35.822, 36.82, 37.293, 37.922, 39.419, 40.146, 41.09, 42.88, 43.407, 43.146, 43.992, 44.532, 45.389, 47.224, 48.729, 48.831, 49.355, 50.273, 50.993, 51.252, 51.113, 49.907, 50.433, 51.419, 50.798, 49.844, 49.742, 50.66, 51.541, 51.476, 52.261, 54.396, 56.799, 58.194, 59.114, 59.588, 59.582, 59.071, 58.489, 58.5, 58.687, 58.689, 58.863, 59.007, 58.994, 59.875, 60.824, 61.838, 63.03, 64.143, 64.173, 63.692, 65.483, 67.935, 67.355, 67.038, 66.884, 66.177, 65.545, 64.696, 62.635], [36.241, 34.687, 32.798, 29.783, 25.532, 22.324, 20.189, 19.126, 18.648, 16.671, 15.162, 13.918, 8.171, 0.0, 6.416, 10.571, 12.221, 12.926, 14.208, 14.489, 15.825, 21.811, 28.477, 31.782, 32.579, 32.334, 33.478, 34.291, 34.746, 36.135, 36.76, 37.781, 39.733, 40.308, 40.187, 40.937, 41.441, 42.339, 44.057, 45.534, 45.747, 46.286, 47.146, 47.916, 48.352, 48.296, 47.904, 49.623, 51.011, 50.78, 50.423, 50.611, 51.693, 52.605, 52.481, 53.182, 55.161, 57.285, 58.508, 59.674, 60.518, 60.639, 59.971, 59.308, 59.312, 59.436, 59.466, 59.564, 59.621, 59.648, 60.592, 61.512, 62.416, 63.446, 64.387, 64.34, 64.015, 65.989, 68.319, 67.804, 67.552, 67.187, 66.416, 65.637, 64.255, 61.867], [38.57, 37.212, 35.492, 32.671, 28.647, 25.655, 23.856, 22.981, 22.408, 20.34, 18.608, 17.62, 13.256, 6.416, 0.0, 5.093, 7.379, 9.004, 11.144, 11.806, 13.359, 20.066, 27.605, 31.185, 31.793, 31.407, 32.799, 33.728, 34.09, 35.48, 36.023, 37.081, 38.993, 39.55, 39.497, 40.147, 40.601, 41.646, 43.524, 45.094, 45.33, 45.866, 46.742, 47.548, 48.151, 48.148, 47.908, 50.143, 51.924, 51.889, 51.616, 51.783, 52.819, 53.694, 53.556, 54.159, 55.969, 57.851, 58.902, 60.073, 60.954, 61.06, 60.292, 59.612, 59.582, 59.648, 59.705, 59.769, 59.785, 59.825, 60.815, 61.653, 62.408, 63.324, 64.192, 64.064, 63.743, 65.884, 68.237, 67.724, 67.458, 66.976, 66.212, 65.436, 63.928, 61.467], [41.288, 39.973, 38.321, 35.602, 31.539, 28.528, 26.937, 26.164, 25.522, 23.305, 21.463, 20.466, 16.403, 10.571, 5.093, 0.0, 3.654, 6.858, 9.856, 11.303, 13.038, 19.856, 27.627, 31.247, 31.71, 31.542, 33.438, 34.459, 34.855, 36.165, 36.533, 37.561, 39.495, 40.099, 40.106, 40.743, 41.156, 42.289, 44.279, 45.8, 45.878, 46.354, 47.278, 48.09, 48.777, 48.83, 48.665, 51.167, 53.146, 53.223, 52.958, 53.084, 54.121, 54.966, 54.8, 55.373, 57.117, 58.876, 59.87, 60.973, 61.735, 61.748, 60.949, 60.286, 60.235, 60.292, 60.359, 60.397, 60.389, 60.409, 61.438, 62.256, 62.957, 63.864, 64.756, 64.597, 64.217, 66.458, 68.869, 68.359, 68.044, 67.476, 66.741, 65.944, 64.375, 61.955], [42.483, 41.241, 39.624, 36.755, 32.396, 29.22, 27.656, 27.016, 26.436, 24.19, 22.277, 21.334, 17.624, 12.221, 7.379, 3.654, 0.0, 4.57, 8.559, 10.364, 12.592, 19.725, 27.282, 30.724, 31.144, 31.105, 33.238, 34.37, 34.81, 36.068, 36.387, 37.42, 39.378, 40.027, 40.086, 40.697, 41.076, 42.285, 44.461, 46.053, 46.079, 46.479, 47.395, 48.245, 49.035, 49.053, 48.678, 51.093, 53.116, 53.27, 53.095, 53.309, 54.401, 55.277, 55.106, 55.676, 57.494, 59.36, 60.391, 61.443, 62.142, 62.094, 61.286, 60.634, 60.579, 60.64, 60.705, 60.735, 60.706, 60.705, 61.733, 62.543, 63.231, 64.136, 65.034, 64.854, 64.463, 66.802, 69.232, 68.622, 68.347, 67.892, 67.188, 66.385, 64.848, 62.458], [42.517, 41.335, 39.67, 36.706, 32.29, 29.226, 27.791, 27.333, 26.904, 24.889, 23.03, 22.053, 18.209, 12.926, 9.004, 6.858, 4.57, 0.0, 4.988, 7.774, 11.026, 18.459, 25.4, 28.598, 29.023, 29.096, 31.563, 32.973, 33.515, 34.614, 34.835, 35.811, 37.793, 38.547, 38.722, 39.356, 39.745, 40.889, 42.943, 44.419, 44.356, 44.675, 45.555, 46.444, 47.331, 47.261, 46.726, 49.252, 51.287, 51.537, 51.757, 52.4, 53.799, 54.742, 54.567, 55.287, 57.361, 59.417, 60.538, 61.675, 62.474, 62.46, 61.663, 61.029, 60.983, 61.038, 61.101, 61.114, 61.05, 61.035, 62.028, 62.854, 63.614, 64.573, 65.467, 65.275, 64.951, 67.343, 69.705, 69.035, 68.91, 68.615, 67.913, 67.052, 65.448, 63.046], [42.749, 41.626, 39.944, 37.125, 33.013, 30.18, 28.811, 28.528, 28.222, 26.353, 24.562, 23.541, 19.461, 14.208, 11.144, 9.856, 8.559, 4.988, 0.0, 4.479, 9.167, 16.706, 23.575, 27.004, 27.422, 27.452, 30.122, 31.785, 32.351, 33.323, 33.573, 34.487, 36.38, 37.122, 37.366, 38.044, 38.455, 39.438, 41.207, 42.557, 42.435, 42.681, 43.49, 44.351, 45.262, 45.15, 44.791, 47.738, 49.828, 50.182, 50.775, 51.822, 53.638, 54.704, 54.504, 55.341, 57.465, 59.476, 60.63, 61.875, 62.809, 62.857, 62.068, 61.443, 61.401, 61.457, 61.518, 61.517, 61.435, 61.415, 62.387, 63.234, 64.058, 65.04, 65.896, 65.684, 65.415, 67.807, 70.124, 69.494, 69.428, 69.097, 68.312, 67.375, 65.653, 63.188], [42.284, 41.223, 39.612, 36.832, 32.722, 29.951, 28.672, 28.444, 28.12, 26.317, 24.679, 23.599, 19.58, 14.489, 11.806, 11.303, 10.364, 7.774, 4.479, 0.0, 6.28, 15.113, 22.666, 26.343, 26.839, 26.489, 28.636, 30.178, 30.692, 31.824, 32.308, 33.267, 35.092, 35.675, 35.815, 36.547, 37.0, 37.997, 39.921, 41.474, 41.392, 41.605, 42.408, 43.273, 44.17, 44.049, 43.677, 46.636, 48.748, 49.139, 49.826, 50.892, 52.754, 53.952, 53.793, 54.565, 56.601, 58.595, 59.735, 60.984, 61.968, 62.045, 61.247, 60.626, 60.585, 60.637, 60.698, 60.746, 60.718, 60.702, 61.687, 62.542, 63.356, 64.312, 65.152, 64.943, 64.67, 67.073, 69.446, 68.851, 68.773, 68.357, 67.484, 66.529, 64.735, 62.154], [43.377, 42.225, 40.592, 37.987, 34.069, 31.274, 29.933, 29.557, 29.082, 27.277, 25.959, 24.737, 20.609, 15.825, 13.359, 13.038, 12.592, 11.026, 9.167, 6.28, 0.0, 10.302, 19.448, 23.774, 24.371, 23.732, 25.564, 26.787, 27.289, 28.609, 29.145, 30.072, 31.89, 32.445, 32.41, 33.215, 33.736, 34.808, 37.089, 39.063, 39.069, 39.301, 40.272, 41.246, 42.072, 42.012, 41.925, 45.151, 47.346, 47.696, 48.282, 49.344, 51.241, 52.527, 52.542, 53.521, 55.658, 57.661, 58.759, 59.957, 60.891, 60.953, 60.156, 59.565, 59.522, 59.568, 59.628, 59.739, 59.818, 59.826, 60.859, 61.755, 62.547, 63.481, 64.369, 64.209, 63.907, 66.31, 68.743, 68.209, 68.045, 67.462, 66.543, 65.58, 63.751, 61.138], [46.869, 45.704, 44.16, 42.01, 38.729, 36.203, 34.878, 34.421, 33.904, 32.261, 31.254, 30.105, 26.058, 21.811, 20.066, 19.856, 19.725, 18.459, 16.706, 15.113, 10.302, 0.0, 11.415, 17.346, 18.018, 17.295, 19.924, 21.456, 21.858, 22.939, 23.368, 24.165, 25.93, 26.639, 26.608, 27.454, 27.99, 29.077, 31.845, 34.631, 35.042, 35.439, 36.638, 37.789, 38.605, 38.554, 39.13, 43.211, 45.507, 46.052, 46.851, 48.253, 50.545, 51.906, 52.055, 53.49, 55.957, 58.049, 59.136, 60.306, 61.247, 61.263, 60.498, 59.974, 59.931, 59.985, 60.04, 60.123, 60.224, 60.253, 61.28, 62.209, 62.996, 63.842, 64.673, 64.536, 64.275, 66.657, 68.996, 68.521, 68.408, 67.779, 66.852, 65.78, 63.821, 61.28], [50.873, 49.798, 48.363, 46.245, 43.02, 40.781, 39.796, 39.455, 39.054, 37.816, 37.012, 35.942, 31.973, 28.477, 27.605, 27.627, 27.282, 25.4, 23.575, 22.666, 19.448, 11.415, 0.0, 7.337, 8.547, 9.124, 14.93, 17.924, 18.64, 18.919, 18.911, 19.467, 21.81, 23.289, 23.732, 24.616, 25.044, 26.128, 29.305, 32.513, 33.065, 33.628, 35.186, 36.599, 37.608, 37.323, 37.769, 42.238, 44.387, 45.467, 47.284, 49.393, 52.062, 53.444, 53.563, 55.301, 58.466, 61.185, 62.418, 63.576, 64.598, 64.564, 63.847, 63.373, 63.35, 63.43, 63.471, 63.485, 63.493, 63.488, 64.425, 65.371, 66.241, 67.084, 67.829, 67.643, 67.418, 69.743, 71.88, 71.338, 71.54, 71.263, 70.443, 69.223, 66.977, 64.469], [53.072, 52.11, 50.795, 48.552, 45.022, 42.822, 42.086, 41.777, 41.397, 40.378, 39.692, 38.658, 34.843, 31.782, 31.185, 31.247, 30.724, 28.598, 27.004, 26.343, 23.774, 17.346, 7.337, 0.0, 2.922, 6.694, 14.053, 17.354, 18.298, 18.351, 18.037, 18.395, 20.984, 23.041, 23.889, 24.726, 25.126, 26.379, 29.757, 32.818, 33.159, 33.746, 35.617, 37.29, 38.432, 37.983, 38.032, 42.436, 44.492, 45.843, 48.283, 50.768, 53.495, 54.841, 54.925, 56.684, 60.244, 63.51, 64.911, 66.042, 67.07, 67.002, 66.317, 65.867, 65.851, 65.94, 65.974, 65.965, 65.925, 65.892, 66.766, 67.684, 68.584, 69.471, 70.217, 70.016, 69.792, 72.102, 74.184, 73.584, 73.929, 73.88, 73.17, 71.945, 69.618, 67.109], [53.878, 52.966, 51.683, 49.483, 46.015, 43.821, 43.071, 42.762, 42.385, 41.349, 40.632, 39.627, 35.808, 32.579, 31.793, 31.71, 31.144, 29.023, 27.422, 26.839, 24.371, 18.018, 8.547, 2.922, 0.0, 5.764, 13.847, 17.319, 18.172, 18.094, 17.705, 18.031, 20.575, 22.698, 23.69, 24.469, 24.863, 26.163, 29.572, 32.677, 33.034, 33.6, 35.489, 37.223, 38.422, 38.004, 38.261, 42.948, 45.109, 46.535, 49.057, 51.589, 54.329, 55.653, 55.703, 57.388, 60.852, 64.099, 65.554, 66.722, 67.759, 67.693, 67.003, 66.555, 66.534, 66.613, 66.649, 66.63, 66.569, 66.531, 67.393, 68.292, 69.168, 70.018, 70.727, 70.512, 70.303, 72.61, 74.675, 74.094, 74.434, 74.35, 73.634, 72.409, 70.068, 67.556], [53.106, 52.261, 51.009, 48.852, 45.62, 43.598, 42.851, 42.57, 42.213, 41.223, 40.57, 39.609, 35.822, 32.334, 31.407, 31.542, 31.105, 29.096, 27.452, 26.489, 23.732, 17.295, 9.124, 6.694, 5.764, 0.0, 8.93, 13.097, 13.997, 14.147, 14.078, 14.469, 17.194, 19.206, 20.062, 20.768, 21.205, 22.638, 26.442, 30.128, 30.813, 31.475, 33.4, 35.168, 36.387, 36.049, 36.633, 41.63, 43.926, 45.381, 47.919, 50.401, 53.129, 54.564, 54.68, 56.34, 59.774, 62.998, 64.452, 65.794, 66.992, 66.995, 66.284, 65.829, 65.805, 65.849, 65.891, 65.908, 65.901, 65.903, 66.772, 67.671, 68.503, 69.274, 69.936, 69.728, 69.572, 71.902, 73.959, 73.393, 73.691, 73.519, 72.726, 71.488, 69.153, 66.583], [52.772, 52.019, 50.885, 48.873, 45.977, 44.176, 43.282, 42.864, 42.494, 41.666, 41.244, 40.362, 36.82, 33.478, 32.799, 33.438, 33.238, 31.563, 30.122, 28.636, 25.564, 19.924, 14.93, 14.053, 13.847, 8.93, 0.0, 5.362, 6.53, 7.898, 9.582, 10.157, 12.804, 14.468, 14.927, 15.483, 16.158, 17.913, 22.321, 26.888, 28.303, 29.319, 31.38, 33.227, 34.296, 34.16, 35.412, 40.556, 42.833, 44.158, 46.592, 48.935, 51.54, 53.141, 53.418, 55.024, 58.448, 61.833, 63.322, 64.848, 66.349, 66.498, 65.782, 65.354, 65.343, 65.357, 65.398, 65.483, 65.59, 65.661, 66.536, 67.435, 68.229, 68.923, 69.538, 69.381, 69.309, 71.577, 73.605, 73.091, 73.216, 72.839, 71.942, 70.786, 68.576, 65.891], [52.9, 52.18, 51.143, 49.285, 46.504, 44.676, 43.612, 43.034, 42.583, 41.763, 41.488, 40.605, 37.293, 34.291, 33.728, 34.459, 34.37, 32.973, 31.785, 30.178, 26.787, 21.456, 17.924, 17.354, 17.319, 13.097, 5.362, 0.0, 3.338, 7.178, 9.695, 10.068, 11.551, 12.829, 12.848, 13.467, 14.544, 16.454, 21.096, 25.998, 27.639, 28.773, 31.003, 32.972, 33.837, 33.829, 35.299, 40.3, 42.546, 43.633, 45.743, 47.966, 50.47, 52.106, 52.514, 54.171, 57.625, 61.097, 62.588, 64.104, 65.651, 65.844, 65.125, 64.716, 64.703, 64.708, 64.748, 64.874, 65.064, 65.163, 66.018, 66.897, 67.685, 68.394, 69.053, 68.967, 68.903, 71.115, 73.204, 72.743, 72.727, 72.248, 71.354, 70.321, 68.309, 65.641], [53.344, 52.689, 51.701, 49.925, 47.233, 45.468, 44.364, 43.684, 43.208, 42.404, 42.108, 41.243, 37.922, 34.746, 34.09, 34.855, 34.81, 33.515, 32.351, 30.692, 27.289, 21.858, 18.64, 18.298, 18.172, 13.997, 6.53, 3.338, 0.0, 5.33, 8.738, 9.417, 10.738, 11.827, 11.939, 12.428, 13.511, 15.595, 20.383, 25.386, 27.248, 28.495, 30.64, 32.621, 33.535, 33.516, 35.058, 40.154, 42.471, 43.594, 45.667, 47.805, 50.263, 51.9, 52.277, 53.787, 57.047, 60.447, 61.911, 63.412, 65.016, 65.235, 64.508, 64.108, 64.09, 64.084, 64.127, 64.249, 64.423, 64.529, 65.395, 66.256, 67.008, 67.666, 68.279, 68.189, 68.173, 70.404, 72.459, 72.01, 72.013, 71.498, 70.59, 69.556, 67.487, 64.763], [55.146, 54.422, 53.298, 51.432, 48.738, 47.078, 46.049, 45.343, 44.881, 44.12, 43.769, 42.882, 39.419, 36.135, 35.48, 36.165, 36.068, 34.614, 33.323, 31.824, 28.609, 22.939, 18.919, 18.351, 18.094, 14.147, 7.898, 7.178, 5.33, 0.0, 4.549, 5.979, 9.035, 10.791, 11.389, 12.053, 12.969, 15.081, 19.933, 24.883, 26.846, 28.285, 30.5, 32.454, 33.484, 33.442, 35.115, 40.555, 42.893, 44.289, 46.669, 48.846, 51.347, 52.93, 53.229, 54.749, 57.951, 61.238, 62.664, 64.117, 65.743, 65.961, 65.266, 64.926, 64.913, 64.917, 64.96, 65.053, 65.165, 65.236, 66.122, 67.018, 67.793, 68.445, 69.022, 68.874, 68.874, 71.189, 73.166, 72.687, 72.819, 72.364, 71.477, 70.307, 68.039, 65.402], [56.428, 55.572, 54.28, 52.272, 49.515, 47.93, 47.025, 46.335, 45.862, 45.081, 44.681, 43.765, 40.146, 36.76, 36.023, 36.533, 36.387, 34.835, 33.573, 32.308, 29.145, 23.368, 18.911, 18.037, 17.705, 14.078, 9.582, 9.695, 8.738, 4.549, 0.0, 2.926, 8.574, 11.201, 12.116, 12.926, 13.73, 15.785, 20.467, 25.149, 26.954, 28.433, 30.753, 32.674, 33.754, 33.674, 35.356, 41.041, 43.401, 44.945, 47.539, 49.793, 52.314, 53.815, 54.083, 55.728, 59.054, 62.297, 63.687, 65.141, 66.727, 66.923, 66.238, 65.901, 65.894, 65.903, 65.945, 66.011, 66.081, 66.136, 67.044, 67.971, 68.777, 69.467, 70.075, 69.913, 69.908, 72.298, 74.262, 73.76, 73.989, 73.63, 72.815, 71.549, 69.14, 66.633], [57.102, 56.261, 54.97, 53.032, 50.392, 48.866, 47.964, 47.263, 46.776, 46.017, 45.666, 44.727, 41.09, 37.781, 37.081, 37.561, 37.42, 35.811, 34.487, 33.267, 30.072, 24.165, 19.467, 18.395, 18.031, 14.469, 10.157, 10.068, 9.417, 5.979, 2.926, 0.0, 6.74, 10.016, 11.131, 11.962, 12.925, 14.892, 19.552, 24.339, 26.179, 27.705, 30.162, 32.135, 33.158, 33.099, 34.951, 40.826, 43.201, 44.746, 47.448, 49.869, 52.504, 54.007, 54.297, 56.04, 59.448, 62.701, 64.092, 65.576, 67.167, 67.359, 66.676, 66.338, 66.335, 66.337, 66.378, 66.431, 66.501, 66.56, 67.447, 68.387, 69.223, 69.935, 70.554, 70.407, 70.408, 72.791, 74.762, 74.273, 74.506, 74.142, 73.33, 72.047, 69.611, 67.118], [57.273, 56.684, 55.679, 54.096, 51.818, 50.448, 49.484, 48.674, 48.118, 47.385, 47.091, 46.215, 42.88, 39.733, 38.993, 39.495, 39.378, 37.793, 36.38, 35.092, 31.89, 25.93, 21.81, 20.984, 20.575, 17.194, 12.804, 11.551, 10.738, 9.035, 8.574, 6.74, 0.0, 4.616, 6.753, 7.429, 9.235, 11.16, 16.057, 21.553, 23.954, 25.745, 28.323, 30.476, 31.412, 31.417, 33.479, 39.546, 42.061, 43.498, 46.127, 48.797, 51.641, 53.163, 53.508, 55.335, 58.702, 61.868, 63.204, 64.724, 66.397, 66.613, 65.908, 65.58, 65.564, 65.523, 65.57, 65.598, 65.672, 65.746, 66.542, 67.426, 68.279, 68.99, 69.57, 69.449, 69.522, 71.912, 73.936, 73.492, 73.705, 73.313, 72.492, 71.286, 68.965, 66.472], [56.902, 56.401, 55.568, 54.196, 52.121, 50.863, 49.885, 49.02, 48.427, 47.695, 47.429, 46.601, 43.407, 40.308, 39.55, 40.099, 40.027, 38.547, 37.122, 35.675, 32.445, 26.639, 23.289, 23.041, 22.698, 19.206, 14.468, 12.829, 11.827, 10.791, 11.201, 10.016, 4.616, 0.0, 3.209, 4.417, 6.703, 8.472, 13.906, 20.017, 22.823, 24.812, 27.362, 29.536, 30.404, 30.48, 32.749, 38.857, 41.445, 42.819, 45.284, 47.882, 50.742, 52.319, 52.686, 54.447, 57.655, 60.682, 61.947, 63.478, 65.192, 65.433, 64.705, 64.382, 64.359, 64.298, 64.351, 64.417, 64.545, 64.636, 65.429, 66.313, 67.152, 67.822, 68.37, 68.256, 68.357, 70.749, 72.812, 72.41, 72.567, 72.078, 71.217, 70.08, 67.843, 65.312], [56.633, 56.089, 55.262, 53.929, 51.883, 50.571, 49.566, 48.724, 48.116, 47.347, 47.125, 46.284, 43.146, 40.187, 39.497, 40.106, 40.086, 38.722, 37.366, 35.815, 32.41, 26.608, 23.732, 23.889, 23.69, 20.062, 14.927, 12.848, 11.939, 11.389, 12.116, 11.131, 6.753, 3.209, 0.0, 3.285, 5.992, 7.49, 13.458, 20.014, 22.835, 24.76, 27.399, 29.649, 30.42, 30.552, 32.891, 38.827, 41.365, 42.601, 44.807, 47.253, 50.058, 51.693, 52.137, 53.94, 57.153, 60.155, 61.375, 62.867, 64.532, 64.759, 64.033, 63.724, 63.704, 63.645, 63.695, 63.812, 64.039, 64.153, 64.952, 65.856, 66.69, 67.352, 67.936, 67.859, 67.937, 70.318, 72.444, 72.05, 72.114, 71.552, 70.66, 69.572, 67.461, 64.937], [57.282, 56.854, 56.125, 54.769, 52.695, 51.354, 50.279, 49.407, 48.817, 48.057, 47.813, 47.028, 43.992, 40.937, 40.147, 40.743, 40.697, 39.356, 38.044, 36.547, 33.215, 27.454, 24.616, 24.726, 24.469, 20.768, 15.483, 13.467, 12.428, 12.053, 12.926, 11.962, 7.429, 4.417, 3.285, 0.0, 3.593, 6.14, 12.947, 19.985, 23.277, 25.393, 27.935, 30.106, 30.913, 31.054, 33.428, 39.363, 41.949, 43.156, 45.266, 47.726, 50.54, 52.168, 52.603, 54.359, 57.549, 60.575, 61.81, 63.324, 65.015, 65.252, 64.516, 64.198, 64.183, 64.118, 64.167, 64.27, 64.497, 64.648, 65.465, 66.342, 67.127, 67.725, 68.255, 68.155, 68.246, 70.649, 72.736, 72.296, 72.321, 71.742, 70.83, 69.779, 67.738, 65.206], [57.829, 57.457, 56.826, 55.455, 53.265, 51.868, 50.788, 49.885, 49.292, 48.533, 48.276, 47.527, 44.532, 41.441, 40.601, 41.156, 41.076, 39.745, 38.455, 37.0, 33.736, 27.99, 25.044, 25.126, 24.863, 21.205, 16.158, 14.544, 13.511, 12.969, 13.73, 12.925, 9.235, 6.703, 5.992, 3.593, 0.0, 4.627, 12.986, 20.396, 23.867, 26.121, 28.553, 30.471, 31.272, 31.384, 33.648, 39.544, 42.158, 43.454, 45.554, 47.963, 50.765, 52.387, 52.774, 54.452, 57.595, 60.633, 61.881, 63.344, 64.974, 65.173, 64.435, 64.123, 64.113, 64.065, 64.114, 64.223, 64.452, 64.614, 65.519, 66.434, 67.176, 67.705, 68.192, 68.04, 68.1, 70.59, 72.684, 72.196, 72.211, 71.615, 70.697, 69.647, 67.606, 65.089], [57.787, 57.416, 56.846, 55.773, 53.994, 52.738, 51.634, 50.746, 50.166, 49.404, 49.147, 48.418, 45.389, 42.339, 41.646, 42.289, 42.285, 40.889, 39.438, 37.997, 34.808, 29.077, 26.128, 26.379, 26.163, 22.638, 17.913, 16.454, 15.595, 15.081, 15.785, 14.892, 11.16, 8.472, 7.49, 6.14, 4.627, 0.0, 9.424, 17.593, 21.416, 23.881, 26.39, 28.335, 29.079, 29.255, 32.009, 38.335, 40.955, 42.306, 44.617, 47.202, 50.162, 51.825, 52.255, 54.087, 57.297, 60.261, 61.475, 63.057, 64.828, 65.075, 64.332, 64.019, 64.014, 63.954, 64.003, 64.1, 64.353, 64.538, 65.416, 66.39, 67.226, 67.801, 68.287, 68.158, 68.296, 70.752, 72.806, 72.369, 72.376, 71.734, 70.796, 69.751, 67.733, 65.234], [57.825, 57.431, 56.851, 56.261, 55.419, 54.682, 53.499, 52.588, 52.102, 51.391, 51.073, 50.39, 47.224, 44.057, 43.524, 44.279, 44.461, 42.943, 41.207, 39.921, 37.089, 31.845, 29.305, 29.757, 29.572, 26.442, 22.321, 21.096, 20.383, 19.933, 20.467, 19.552, 16.057, 13.906, 13.458, 12.947, 12.986, 9.424, 0.0, 9.261, 14.75, 18.338, 21.216, 23.536, 24.219, 24.689, 29.305, 36.948, 39.64, 40.951, 43.732, 46.748, 49.996, 51.669, 52.154, 54.276, 57.588, 60.305, 61.425, 63.445, 65.713, 66.2, 65.45, 65.081, 65.082, 64.97, 65.024, 65.042, 65.257, 65.537, 66.329, 67.316, 68.398, 69.179, 69.673, 69.618, 69.931, 72.113, 73.913, 73.633, 73.627, 72.873, 71.899, 70.853, 68.756, 66.202], [58.407, 57.991, 57.369, 56.959, 56.531, 56.246, 55.178, 54.199, 53.762, 53.131, 52.774, 52.082, 48.729, 45.534, 45.094, 45.8, 46.053, 44.419, 42.557, 41.474, 39.063, 34.631, 32.513, 32.818, 32.677, 30.128, 26.888, 25.998, 25.386, 24.883, 25.149, 24.339, 21.553, 20.017, 20.014, 19.985, 20.396, 17.593, 9.261, 0.0, 7.547, 12.98, 16.644, 19.433, 20.031, 20.795, 27.226, 36.069, 38.868, 40.121, 43.372, 46.744, 50.183, 51.843, 52.314, 54.608, 58.062, 60.672, 61.754, 64.091, 66.632, 67.259, 66.508, 66.088, 66.083, 65.935, 65.996, 65.964, 66.118, 66.449, 67.232, 68.231, 69.52, 70.592, 71.235, 71.281, 71.703, 73.715, 75.336, 75.135, 75.146, 74.384, 73.456, 72.39, 70.142, 67.516], [58.857, 58.388, 57.675, 57.121, 56.456, 56.166, 55.418, 54.654, 54.216, 53.539, 53.194, 52.392, 48.831, 45.747, 45.33, 45.878, 46.079, 44.356, 42.435, 41.392, 39.069, 35.042, 33.065, 33.159, 33.034, 30.813, 28.303, 27.639, 27.248, 26.846, 26.954, 26.179, 23.954, 22.823, 22.835, 23.277, 23.867, 21.416, 14.75, 7.547, 0.0, 6.775, 12.473, 16.309, 16.883, 17.883, 25.284, 34.818, 37.725, 38.95, 42.434, 46.018, 49.588, 51.277, 51.751, 54.193, 57.894, 60.622, 61.773, 64.109, 66.489, 67.048, 66.323, 65.906, 65.887, 65.74, 65.802, 65.801, 65.981, 66.284, 67.074, 68.112, 69.502, 70.802, 71.693, 71.863, 72.297, 74.374, 76.082, 75.862, 75.878, 75.159, 74.264, 73.145, 70.843, 68.24], [59.353, 58.896, 58.113, 57.456, 56.633, 56.254, 55.705, 55.288, 54.957, 54.232, 53.88, 53.007, 49.355, 46.286, 45.866, 46.354, 46.479, 44.675, 42.681, 41.605, 39.301, 35.439, 33.628, 33.746, 33.6, 31.475, 29.319, 28.773, 28.495, 28.285, 28.433, 27.705, 25.745, 24.812, 24.76, 25.393, 26.121, 23.881, 18.338, 12.98, 6.775, 0.0, 7.861, 13.247, 14.277, 15.415, 23.601, 33.683, 36.655, 37.758, 41.222, 44.952, 48.646, 50.362, 50.85, 53.361, 57.16, 59.956, 61.181, 63.524, 65.839, 66.406, 65.711, 65.3, 65.279, 65.137, 65.194, 65.227, 65.44, 65.728, 66.504, 67.549, 68.963, 70.354, 71.403, 71.743, 72.353, 74.544, 76.273, 76.034, 76.068, 75.354, 74.421, 73.289, 71.092, 68.573], [59.157, 58.838, 58.127, 57.6, 56.971, 56.767, 56.232, 55.888, 55.696, 55.056, 54.668, 53.843, 50.273, 47.146, 46.742, 47.278, 47.395, 45.555, 43.49, 42.408, 40.272, 36.638, 35.186, 35.617, 35.489, 33.4, 31.38, 31.003, 30.64, 30.5, 30.753, 30.162, 28.323, 27.362, 27.399, 27.935, 28.553, 26.39, 21.216, 16.644, 12.473, 7.861, 0.0, 6.794, 9.346, 10.316, 19.946, 31.108, 34.205, 35.194, 38.736, 42.634, 46.515, 48.274, 48.738, 51.244, 54.96, 57.662, 58.93, 61.488, 64.08, 64.841, 64.147, 63.708, 63.694, 63.534, 63.589, 63.613, 63.786, 64.093, 64.903, 65.947, 67.321, 68.695, 69.777, 70.32, 71.434, 73.893, 75.497, 75.249, 75.355, 74.604, 73.606, 72.528, 70.493, 68.057], [59.274, 59.005, 58.345, 57.878, 57.339, 57.267, 56.752, 56.369, 56.225, 55.662, 55.289, 54.496, 50.993, 47.916, 47.548, 48.09, 48.245, 46.444, 44.351, 43.273, 41.246, 37.789, 36.599, 37.29, 37.223, 35.168, 33.227, 32.972, 32.621, 32.454, 32.674, 32.135, 30.476, 29.536, 29.649, 30.106, 30.471, 28.335, 23.536, 19.433, 16.309, 13.247, 6.794, 0.0, 4.64, 5.966, 17.295, 29.206, 32.401, 33.516, 37.372, 41.41, 45.402, 47.169, 47.573, 50.049, 53.645, 56.178, 57.443, 60.143, 62.872, 63.715, 63.001, 62.529, 62.515, 62.349, 62.409, 62.412, 62.54, 62.855, 63.768, 64.879, 66.209, 67.528, 68.574, 69.146, 70.56, 73.416, 75.11, 74.827, 74.952, 74.154, 73.137, 72.024, 69.941, 67.534], [59.259, 58.946, 58.289, 57.915, 57.511, 57.474, 56.927, 56.493, 56.317, 55.785, 55.533, 54.751, 51.252, 48.352, 48.151, 48.777, 49.035, 47.331, 45.262, 44.17, 42.072, 38.605, 37.608, 38.432, 38.422, 36.387, 34.296, 33.837, 33.535, 33.484, 33.754, 33.158, 31.412, 30.404, 30.42, 30.913, 31.272, 29.079, 24.219, 20.031, 16.883, 14.277, 9.346, 4.64, 0.0, 4.503, 17.621, 29.288, 32.333, 33.32, 37.126, 41.233, 45.249, 46.986, 47.416, 49.971, 53.529, 55.964, 57.235, 59.983, 62.698, 63.54, 62.837, 62.356, 62.341, 62.183, 62.244, 62.264, 62.434, 62.766, 63.693, 64.849, 66.2, 67.526, 68.58, 69.146, 70.5, 73.353, 75.19, 74.975, 75.01, 74.145, 73.129, 72.012, 69.905, 67.466], [58.751, 58.501, 57.88, 57.491, 56.987, 56.942, 56.455, 56.052, 55.904, 55.46, 55.257, 54.505, 51.113, 48.296, 48.148, 48.83, 49.053, 47.261, 45.15, 44.049, 42.012, 38.554, 37.323, 37.983, 38.004, 36.049, 34.16, 33.829, 33.516, 33.442, 33.674, 33.099, 31.417, 30.48, 30.552, 31.054, 31.384, 29.255, 24.689, 20.795, 17.883, 15.415, 10.316, 5.966, 4.503, 0.0, 14.17, 26.444, 29.588, 30.79, 35.162, 39.658, 43.898, 45.713, 46.118, 48.7, 52.399, 54.994, 56.34, 59.118, 61.895, 62.77, 62.072, 61.569, 61.551, 61.395, 61.455, 61.469, 61.614, 61.93, 62.842, 63.987, 65.337, 66.676, 67.734, 68.308, 69.756, 72.708, 74.556, 74.366, 74.649, 74.035, 73.097, 71.975, 69.845, 67.411], [56.745, 56.767, 56.344, 55.693, 54.465, 54.199, 53.975, 53.722, 53.646, 53.466, 53.438, 52.655, 49.907, 47.904, 47.908, 48.665, 48.678, 46.726, 44.791, 43.677, 41.925, 39.13, 37.769, 38.032, 38.261, 36.633, 35.412, 35.299, 35.058, 35.115, 35.356, 34.951, 33.479, 32.749, 32.891, 33.428, 33.648, 32.009, 29.305, 27.226, 25.284, 23.601, 19.946, 17.295, 17.621, 14.17, 0.0, 13.616, 17.582, 19.864, 26.457, 32.321, 37.228, 39.329, 39.7, 42.362, 46.683, 50.108, 51.815, 54.443, 57.123, 57.952, 57.292, 56.762, 56.718, 56.576, 56.623, 56.646, 56.734, 56.96, 57.796, 58.918, 60.296, 61.734, 62.864, 63.454, 65.233, 68.85, 70.967, 70.583, 71.646, 72.024, 71.369, 70.301, 68.403, 66.162], [55.939, 56.21, 56.048, 55.265, 53.517, 52.98, 52.901, 52.781, 52.763, 52.858, 53.144, 52.375, 50.433, 49.623, 50.143, 51.167, 51.093, 49.252, 47.738, 46.636, 45.151, 43.211, 42.238, 42.436, 42.948, 41.63, 40.556, 40.3, 40.154, 40.555, 41.041, 40.826, 39.546, 38.857, 38.827, 39.363, 39.544, 38.335, 36.948, 36.069, 34.818, 33.683, 31.108, 29.206, 29.288, 26.444, 13.616, 0.0, 5.378, 9.252, 18.272, 25.421, 30.789, 33.218, 33.756, 36.592, 41.622, 46.014, 48.141, 50.527, 52.974, 53.727, 53.179, 52.64, 52.586, 52.482, 52.5, 52.583, 52.736, 52.911, 53.564, 54.648, 56.089, 57.611, 58.813, 59.47, 61.444, 65.445, 67.833, 67.229, 68.84, 70.191, 69.825, 68.912, 67.605, 65.718], [56.272, 56.545, 56.406, 55.66, 53.958, 53.458, 53.411, 53.332, 53.368, 53.587, 54.006, 53.252, 51.419, 51.011, 51.924, 53.146, 53.116, 51.287, 49.828, 48.748, 47.346, 45.507, 44.387, 44.492, 45.109, 43.926, 42.833, 42.546, 42.471, 42.893, 43.401, 43.201, 42.061, 41.445, 41.365, 41.949, 42.158, 40.955, 39.64, 38.868, 37.725, 36.655, 34.205, 32.401, 32.333, 29.588, 17.582, 5.378, 0.0, 6.42, 16.923, 24.442, 29.886, 32.374, 32.981, 35.969, 41.285, 45.993, 48.289, 50.68, 53.131, 53.917, 53.452, 52.912, 52.882, 52.819, 52.815, 52.912, 53.091, 53.244, 53.787, 54.885, 56.401, 57.976, 59.212, 59.966, 62.021, 65.936, 68.271, 67.678, 69.437, 71.032, 70.75, 69.831, 68.611, 66.843], [55.431, 55.68, 55.527, 54.827, 53.189, 52.616, 52.467, 52.423, 52.496, 52.726, 53.227, 52.435, 50.798, 50.78, 51.889, 53.223, 53.27, 51.537, 50.182, 49.139, 47.696, 46.052, 45.467, 45.843, 46.535, 45.381, 44.158, 43.633, 43.594, 44.289, 44.945, 44.746, 43.498, 42.819, 42.601, 43.156, 43.454, 42.306, 40.951, 40.121, 38.95, 37.758, 35.194, 33.516, 33.32, 30.79, 19.864, 9.252, 6.42, 0.0, 11.747, 20.436, 26.486, 29.214, 30.095, 33.454, 39.083, 44.012, 46.467, 48.938, 51.315, 52.139, 51.75, 51.23, 51.22, 51.164, 51.153, 51.321, 51.62, 51.817, 52.302, 53.412, 55.002, 56.724, 58.167, 59.147, 61.252, 64.932, 67.177, 66.574, 68.155, 69.703, 69.401, 68.761, 68.135, 66.538], [54.948, 55.186, 55.121, 54.459, 52.612, 51.523, 51.121, 51.16, 51.23, 51.315, 51.877, 51.022, 49.844, 50.423, 51.616, 52.958, 53.095, 51.757, 50.775, 49.826, 48.282, 46.851, 47.284, 48.283, 49.057, 47.919, 46.592, 45.743, 45.667, 46.669, 47.539, 47.448, 46.127, 45.284, 44.807, 45.266, 45.554, 44.617, 43.732, 43.372, 42.434, 41.222, 38.736, 37.372, 37.126, 35.162, 26.457, 18.272, 16.923, 11.747, 0.0, 10.272, 17.725, 21.159, 22.713, 26.837, 33.028, 38.346, 40.987, 43.198, 45.18, 45.943, 45.677, 45.276, 45.296, 45.257, 45.235, 45.536, 46.105, 46.408, 46.849, 47.982, 49.604, 51.452, 53.205, 54.446, 56.486, 59.857, 62.032, 61.265, 62.428, 64.034, 63.773, 63.589, 64.542, 63.912], [54.974, 55.18, 55.231, 54.707, 52.778, 51.446, 50.963, 50.976, 50.996, 50.993, 51.57, 50.68, 49.742, 50.611, 51.783, 53.084, 53.309, 52.4, 51.822, 50.892, 49.344, 48.253, 49.393, 50.768, 51.589, 50.401, 48.935, 47.966, 47.805, 48.846, 49.793, 49.869, 48.797, 47.882, 47.253, 47.726, 47.963, 47.202, 46.748, 46.744, 46.018, 44.952, 42.634, 41.41, 41.233, 39.658, 32.321, 25.421, 24.442, 20.436, 10.272, 0.0, 8.495, 12.905, 15.158, 19.81, 26.497, 32.155, 34.832, 36.78, 38.676, 39.535, 39.366, 39.087, 39.143, 39.109, 39.083, 39.482, 40.224, 40.601, 41.043, 42.237, 43.878, 45.799, 47.777, 49.194, 51.201, 54.345, 56.451, 55.7, 56.714, 58.418, 58.293, 58.205, 60.165, 60.698], [55.342, 55.546, 55.718, 55.347, 53.487, 52.166, 51.714, 51.639, 51.593, 51.613, 52.242, 51.384, 50.66, 51.693, 52.819, 54.121, 54.401, 53.799, 53.638, 52.754, 51.241, 50.545, 52.062, 53.495, 54.329, 53.129, 51.54, 50.47, 50.263, 51.347, 52.314, 52.504, 51.641, 50.742, 50.058, 50.54, 50.765, 50.162, 49.996, 50.183, 49.588, 48.646, 46.515, 45.402, 45.249, 43.898, 37.228, 30.789, 29.886, 26.486, 17.725, 8.495, 0.0, 5.506, 8.768, 13.825, 21.16, 27.29, 30.017, 31.921, 34.061, 35.222, 35.133, 34.878, 34.946, 34.888, 34.866, 35.339, 36.154, 36.594, 36.991, 38.17, 39.785, 41.746, 43.887, 45.493, 47.594, 50.607, 52.765, 52.212, 53.303, 55.148, 55.226, 55.121, 57.342, 58.529], [55.764, 55.975, 56.19, 55.915, 54.179, 52.922, 52.506, 52.398, 52.316, 52.355, 53.003, 52.183, 51.541, 52.605, 53.694, 54.966, 55.277, 54.742, 54.704, 53.952, 52.527, 51.906, 53.444, 54.841, 55.653, 54.564, 53.141, 52.106, 51.9, 52.93, 53.815, 54.007, 53.163, 52.319, 51.693, 52.168, 52.387, 51.825, 51.669, 51.843, 51.277, 50.362, 48.274, 47.169, 46.986, 45.713, 39.329, 33.218, 32.374, 29.214, 21.159, 12.905, 5.506, 0.0, 4.343, 10.729, 18.615, 24.838, 27.68, 29.674, 32.069, 33.508, 33.507, 33.232, 33.285, 33.217, 33.195, 33.639, 34.363, 34.82, 35.138, 36.249, 37.865, 39.862, 42.066, 43.78, 46.018, 49.037, 51.29, 50.913, 52.113, 54.02, 54.216, 54.042, 56.146, 57.555], [55.572, 55.838, 56.104, 55.836, 54.064, 52.843, 52.484, 52.364, 52.28, 52.326, 52.944, 52.153, 51.476, 52.481, 53.556, 54.8, 55.106, 54.567, 54.504, 53.793, 52.542, 52.055, 53.563, 54.925, 55.703, 54.68, 53.418, 52.514, 52.277, 53.229, 54.083, 54.297, 53.508, 52.686, 52.137, 52.603, 52.774, 52.255, 52.154, 52.314, 51.751, 50.85, 48.738, 47.573, 47.416, 46.118, 39.7, 33.756, 32.981, 30.095, 22.713, 15.158, 8.768, 4.343, 0.0, 7.497, 15.912, 22.435, 25.572, 27.738, 30.375, 31.962, 31.968, 31.636, 31.683, 31.647, 31.613, 31.981, 32.575, 33.007, 33.314, 34.413, 36.037, 38.047, 40.253, 41.989, 44.346, 47.504, 49.882, 49.641, 51.012, 52.969, 53.219, 52.963, 54.842, 56.241], [56.076, 56.491, 56.913, 56.696, 54.855, 53.647, 53.295, 53.064, 52.951, 52.998, 53.559, 52.842, 52.261, 53.182, 54.159, 55.373, 55.676, 55.287, 55.341, 54.565, 53.521, 53.49, 55.301, 56.684, 57.388, 56.34, 55.024, 54.171, 53.787, 54.749, 55.728, 56.04, 55.335, 54.447, 53.94, 54.359, 54.452, 54.087, 54.276, 54.608, 54.193, 53.361, 51.244, 50.049, 49.971, 48.7, 42.362, 36.592, 35.969, 33.454, 26.837, 19.81, 13.825, 10.729, 7.497, 0.0, 9.398, 17.334, 21.157, 23.458, 26.432, 28.25, 28.184, 27.765, 27.83, 27.814, 27.772, 28.12, 28.655, 29.095, 29.438, 30.545, 32.048, 33.946, 36.125, 37.949, 40.535, 43.853, 46.391, 46.366, 47.955, 50.008, 50.389, 50.221, 52.149, 53.589], [57.454, 57.973, 58.517, 58.552, 57.036, 55.978, 55.544, 55.163, 54.997, 54.977, 55.443, 54.828, 54.396, 55.161, 55.969, 57.117, 57.494, 57.361, 57.465, 56.601, 55.658, 55.957, 58.466, 60.244, 60.852, 59.774, 58.448, 57.625, 57.047, 57.951, 59.054, 59.448, 58.702, 57.655, 57.153, 57.549, 57.595, 57.297, 57.588, 58.062, 57.894, 57.16, 54.96, 53.645, 53.529, 52.399, 46.683, 41.622, 41.285, 39.083, 33.028, 26.497, 21.16, 18.615, 15.912, 9.398, 0.0, 9.369, 14.315, 16.968, 20.851, 23.308, 23.241, 22.797, 22.885, 22.879, 22.843, 23.166, 23.614, 24.116, 24.54, 25.674, 26.962, 28.534, 30.503, 32.482, 35.547, 39.081, 41.882, 42.348, 44.049, 45.869, 46.303, 46.174, 48.225, 49.923], [59.034, 59.522, 60.06, 60.397, 59.441, 58.657, 58.202, 57.775, 57.572, 57.444, 57.791, 57.228, 56.799, 57.285, 57.851, 58.876, 59.36, 59.417, 59.476, 58.595, 57.661, 58.049, 61.185, 63.51, 64.099, 62.998, 61.833, 61.097, 60.447, 61.238, 62.297, 62.701, 61.868, 60.682, 60.155, 60.575, 60.633, 60.261, 60.305, 60.672, 60.622, 59.956, 57.662, 56.178, 55.964, 54.994, 50.108, 46.014, 45.993, 44.012, 38.346, 32.155, 27.29, 24.838, 22.435, 17.334, 9.369, 0.0, 6.277, 10.721, 16.604, 20.106, 19.919, 19.365, 19.457, 19.348, 19.351, 19.529, 19.823, 20.468, 20.996, 22.141, 23.356, 24.706, 26.423, 28.525, 32.027, 35.644, 38.631, 39.72, 41.457, 42.797, 43.245, 42.926, 44.782, 46.89], [60.261, 60.704, 61.231, 61.693, 60.937, 60.251, 59.815, 59.354, 59.097, 58.901, 59.167, 58.612, 58.194, 58.508, 58.902, 59.87, 60.391, 60.538, 60.63, 59.735, 58.759, 59.136, 62.418, 64.911, 65.554, 64.452, 63.322, 62.588, 61.911, 62.664, 63.687, 64.092, 63.204, 61.947, 61.375, 61.81, 61.881, 61.475, 61.425, 61.754, 61.773, 61.181, 58.93, 57.443, 57.235, 56.34, 51.815, 48.141, 48.289, 46.467, 40.987, 34.832, 30.017, 27.68, 25.572, 21.157, 14.315, 6.277, 0.0, 7.022, 14.723, 18.742, 18.342, 17.733, 17.855, 17.619, 17.64, 17.709, 17.984, 18.77, 19.397, 20.499, 21.709, 22.991, 24.575, 26.662, 30.237, 33.853, 36.877, 38.184, 39.952, 41.114, 41.656, 41.245, 42.943, 45.361], [61.897, 62.316, 62.846, 63.16, 62.037, 61.074, 60.683, 60.268, 59.957, 59.707, 59.981, 59.366, 59.114, 59.674, 60.073, 60.973, 61.44