[[0.0, 3.183, 5.725, 7.519, 9.246, 10.792, 12.955, 14.936, 15.717, 17.198, 21.344, 26.688, 31.69, 36.201, 38.668, 40.404, 42.618, 43.908, 44.475, 44.165, 44.946, 47.282, 48.506, 48.65, 46.744, 47.076, 50.852, 59.409, 69.069, 73.666, 76.233, 80.758, 83.727, 84.363, 84.365, 83.554, 81.976, 80.979, 81.134, 80.555, 78.078, 76.851, 77.892, 76.571, 73.081, 70.661, 68.372, 65.314, 64.767, 66.075, 67.517, 67.143, 66.268, 65.964, 65.509, 64.654, 64.865, 65.334, 66.252, 65.968, 64.728, 65.973, 69.253, 68.545, 69.163, 72.247, 72.456, 72.672, 73.116, 72.569, 72.556, 73.281, 73.8, 73.914, 73.964, 73.299, 72.863, 73.496, 73.384, 72.295, 71.539, 71.341, 72.08, 72.675, 72.996, 73.475], [3.183, 0.0, 2.899, 4.957, 6.941, 8.677, 11.048, 13.258, 14.213, 15.652, 19.708, 24.966, 29.876, 34.407, 36.913, 38.718, 41.013, 42.307, 42.862, 42.557, 43.4, 45.735, 46.963, 47.118, 45.128, 45.505, 49.34, 57.957, 67.737, 72.399, 75.006, 79.639, 82.663, 83.292, 83.326, 82.578, 81.078, 80.129, 80.304, 79.751, 77.33, 76.15, 77.18, 75.877, 72.494, 70.195, 68.009, 65.067, 64.544, 65.804, 67.238, 66.874, 66.04, 65.736, 65.242, 64.397, 64.617, 65.08, 65.984, 65.693, 64.424, 65.606, 68.855, 68.15, 68.736, 71.759, 71.939, 72.143, 72.58, 72.037, 72.013, 72.72, 73.231, 73.336, 73.375, 72.709, 72.272, 72.865, 72.709, 71.608, 70.883, 70.703, 71.445, 72.063, 72.398, 72.873], [5.725, 2.899, 0.0, 2.741, 5.312, 7.45, 10.015, 12.425, 13.558, 14.867, 18.697, 23.773, 28.524, 32.992, 35.496, 37.357, 39.729, 41.075, 41.666, 41.381, 42.251, 44.557, 45.788, 45.93, 43.887, 44.319, 48.211, 56.896, 66.763, 71.467, 74.097, 78.791, 81.845, 82.465, 82.495, 81.78, 80.36, 79.462, 79.651, 79.109, 76.739, 75.611, 76.638, 75.344, 72.04, 69.838, 67.74, 64.921, 64.443, 65.678, 67.119, 66.769, 65.966, 65.662, 65.131, 64.288, 64.518, 64.978, 65.874, 65.579, 64.283, 65.388, 68.588, 67.895, 68.458, 71.398, 71.514, 71.707, 72.146, 71.603, 71.577, 72.275, 72.778, 72.882, 72.924, 72.257, 71.805, 72.35, 72.158, 71.067, 70.389, 70.234, 70.976, 71.606, 71.947, 72.414], [7.519, 4.957, 2.741, 0.0, 3.115, 5.96, 8.722, 11.061, 12.258, 13.529, 17.287, 22.367, 27.123, 31.557, 34.022, 35.888, 38.321, 39.704, 40.323, 40.08, 40.96, 43.261, 44.51, 44.65, 42.642, 43.201, 47.05, 55.698, 65.61, 70.36, 73.056, 77.903, 81.011, 81.624, 81.659, 80.944, 79.553, 78.704, 78.931, 78.39, 76.015, 74.921, 75.959, 74.668, 71.421, 69.276, 67.211, 64.501, 64.082, 65.332, 66.803, 66.474, 65.72, 65.417, 64.884, 64.043, 64.276, 64.742, 65.6, 65.276, 63.991, 65.013, 68.171, 67.503, 67.996, 70.894, 71.06, 71.27, 71.715, 71.212, 71.219, 71.925, 72.423, 72.507, 72.543, 71.889, 71.447, 71.972, 71.767, 70.707, 70.101, 69.978, 70.705, 71.345, 71.688, 72.132], [9.246, 6.941, 5.312, 3.115, 0.0, 3.573, 6.703, 9.184, 10.528, 11.879, 15.806, 21.056, 25.934, 30.445, 32.887, 34.726, 37.191, 38.601, 39.221, 38.966, 39.837, 42.142, 43.411, 43.564, 41.643, 42.385, 46.202, 54.779, 64.729, 69.544, 72.325, 77.352, 80.552, 81.162, 81.209, 80.479, 79.065, 78.237, 78.526, 78.023, 75.687, 74.625, 75.666, 74.368, 71.141, 69.03, 66.971, 64.304, 63.929, 65.204, 66.728, 66.41, 65.717, 65.446, 64.917, 64.073, 64.305, 64.767, 65.596, 65.273, 63.997, 64.949, 68.074, 67.439, 67.861, 70.715, 70.934, 71.16, 71.601, 71.15, 71.203, 71.907, 72.393, 72.444, 72.449, 71.808, 71.378, 71.884, 71.663, 70.639, 70.118, 70.034, 70.752, 71.409, 71.763, 72.185], [10.792, 8.677, 7.45, 5.96, 3.573, 0.0, 3.599, 6.8, 8.621, 10.253, 14.645, 20.198, 25.214, 29.857, 32.337, 34.166, 36.566, 37.888, 38.454, 38.141, 39.033, 41.352, 42.635, 42.815, 40.933, 41.774, 45.649, 54.237, 64.251, 69.113, 71.879, 76.88, 80.134, 80.762, 80.822, 80.065, 78.589, 77.749, 78.083, 77.679, 75.467, 74.461, 75.483, 74.158, 70.905, 68.799, 66.765, 64.116, 63.753, 65.047, 66.622, 66.292, 65.631, 65.421, 64.88, 64.018, 64.257, 64.711, 65.558, 65.315, 64.035, 64.929, 68.007, 67.382, 67.773, 70.57, 70.82, 71.056, 71.48, 71.07, 71.149, 71.828, 72.31, 72.347, 72.314, 71.678, 71.27, 71.779, 71.542, 70.523, 70.05, 69.995, 70.725, 71.411, 71.789, 72.21], [12.955, 11.048, 10.015, 8.722, 6.703, 3.599, 0.0, 3.935, 6.405, 8.307, 13.107, 18.905, 23.981, 28.649, 31.123, 32.923, 35.252, 36.509, 37.036, 36.696, 37.63, 39.955, 41.231, 41.442, 39.584, 40.497, 44.359, 52.945, 63.059, 67.98, 70.737, 75.736, 79.051, 79.7, 79.761, 78.962, 77.441, 76.599, 76.961, 76.647, 74.593, 73.701, 74.721, 73.374, 70.131, 68.058, 66.079, 63.56, 63.262, 64.563, 66.204, 65.891, 65.304, 65.15, 64.573, 63.686, 63.952, 64.415, 65.257, 65.086, 63.817, 64.592, 67.571, 66.963, 67.295, 69.982, 70.257, 70.498, 70.916, 70.59, 70.708, 71.339, 71.805, 71.847, 71.81, 71.2, 70.822, 71.327, 71.081, 70.096, 69.705, 69.689, 70.415, 71.119, 71.493, 71.889], [14.936, 13.258, 12.425, 11.061, 9.184, 6.8, 3.935, 0.0, 3.165, 5.944, 11.571, 17.76, 22.941, 27.508, 29.9, 31.612, 33.812, 35.025, 35.556, 35.278, 36.233, 38.531, 39.836, 40.04, 38.318, 39.449, 43.194, 51.619, 61.757, 66.747, 69.573, 74.732, 78.171, 78.822, 78.878, 78.026, 76.455, 75.615, 76.0, 75.689, 73.679, 72.915, 73.998, 72.661, 69.447, 67.403, 65.453, 63.112, 62.914, 64.204, 65.908, 65.643, 65.199, 65.094, 64.506, 63.599, 63.869, 64.365, 65.153, 64.994, 63.781, 64.428, 67.299, 66.711, 66.97, 69.621, 70.014, 70.271, 70.688, 70.474, 70.654, 71.256, 71.708, 71.745, 71.71, 71.149, 70.826, 71.353, 71.146, 70.237, 69.952, 69.97, 70.656, 71.341, 71.679, 72.028], [15.717, 14.213, 13.558, 12.258, 10.528, 8.621, 6.405, 3.165, 0.0, 4.145, 10.724, 17.219, 22.494, 27.023, 29.357, 30.975, 33.088, 34.344, 34.952, 34.761, 35.694, 37.95, 39.289, 39.493, 37.979, 39.35, 43.017, 51.289, 61.369, 66.395, 69.314, 74.631, 78.157, 78.815, 78.866, 77.975, 76.339, 75.469, 75.862, 75.537, 73.485, 72.72, 73.879, 72.584, 69.371, 67.335, 65.361, 63.037, 62.865, 64.143, 65.862, 65.632, 65.28, 65.217, 64.656, 63.736, 63.978, 64.482, 65.219, 65.029, 63.856, 64.493, 67.36, 66.787, 67.052, 69.719, 70.131, 70.397, 70.809, 70.636, 70.865, 71.475, 71.913, 71.927, 71.891, 71.364, 71.072, 71.612, 71.444, 70.584, 70.35, 70.383, 71.054, 71.726, 72.038, 72.356], [17.198, 15.652, 14.867, 13.529, 11.879, 10.253, 8.307, 5.944, 4.145, 0.0, 7.028, 13.906, 19.626, 24.497, 26.857, 28.396, 30.516, 31.905, 32.732, 32.622, 33.54, 35.828, 37.193, 37.394, 35.903, 37.475, 41.168, 49.353, 59.436, 64.546, 67.533, 72.914, 76.481, 77.157, 77.228, 76.372, 74.77, 73.903, 74.299, 73.976, 71.914, 71.11, 72.25, 71.061, 68.076, 66.227, 64.32, 62.048, 61.913, 63.219, 64.962, 64.741, 64.408, 64.33, 63.763, 62.833, 63.068, 63.576, 64.288, 64.056, 62.88, 63.487, 66.348, 65.797, 65.96, 68.473, 68.864, 69.166, 69.589, 69.445, 69.71, 70.322, 70.737, 70.745, 70.743, 70.253, 69.996, 70.56, 70.423, 69.638, 69.5, 69.556, 70.218, 70.931, 71.253, 71.536], [21.344, 19.708, 18.697, 17.287, 15.806, 14.645, 13.107, 11.571, 10.724, 7.028, 0.0, 7.357, 14.113, 19.828, 22.248, 23.72, 25.972, 27.607, 28.865, 28.935, 29.892, 32.239, 33.575, 33.759, 32.13, 33.925, 37.535, 45.566, 55.765, 61.054, 64.131, 69.615, 73.224, 73.9, 74.039, 73.317, 71.883, 71.094, 71.505, 71.177, 69.147, 68.357, 69.372, 68.327, 65.924, 64.584, 62.942, 60.919, 60.914, 62.255, 64.016, 63.806, 63.49, 63.355, 62.754, 61.843, 62.106, 62.608, 63.258, 62.974, 61.791, 62.272, 65.027, 64.504, 64.413, 66.567, 66.988, 67.38, 67.825, 67.728, 68.033, 68.637, 69.004, 68.996, 69.051, 68.615, 68.423, 69.005, 68.869, 68.188, 68.222, 68.322, 68.953, 69.729, 70.071, 70.296], [26.688, 24.966, 23.773, 22.367, 21.056, 20.198, 18.905, 17.76, 17.219, 13.906, 7.357, 0.0, 7.748, 14.516, 17.086, 18.589, 21.231, 23.286, 25.062, 25.45, 26.588, 28.915, 30.104, 30.265, 28.54, 30.629, 33.942, 41.829, 52.337, 57.88, 61.077, 66.741, 70.421, 71.082, 71.29, 70.72, 69.513, 68.839, 69.274, 68.969, 67.062, 66.327, 67.174, 66.254, 64.518, 63.856, 62.71, 61.175, 61.361, 62.699, 64.423, 64.217, 63.978, 63.807, 63.151, 62.305, 62.615, 63.073, 63.573, 63.224, 62.043, 62.29, 64.786, 64.265, 63.913, 65.589, 65.951, 66.434, 66.894, 66.833, 67.177, 67.759, 68.053, 67.982, 68.041, 67.646, 67.503, 68.024, 67.818, 67.197, 67.397, 67.555, 68.142, 68.951, 69.308, 69.474], [31.69, 29.876, 28.524, 27.123, 25.934, 25.214, 23.981, 22.941, 22.494, 19.626, 14.113, 7.748, 0.0, 7.57, 10.594, 12.517, 16.044, 18.688, 20.785, 21.559, 23.037, 25.238, 26.174, 26.338, 24.761, 27.341, 30.12, 37.874, 48.909, 54.79, 58.137, 64.055, 67.9, 68.558, 68.759, 68.21, 67.16, 66.61, 67.068, 66.782, 65.062, 64.442, 65.182, 64.363, 63.141, 63.076, 62.609, 61.963, 62.426, 63.745, 65.441, 65.23, 65.24, 65.102, 64.361, 63.593, 63.942, 64.357, 64.586, 64.134, 62.981, 62.788, 64.808, 64.245, 63.672, 64.903, 65.153, 65.694, 66.165, 66.16, 66.548, 67.081, 67.298, 67.124, 67.085, 66.677, 66.534, 66.916, 66.555, 65.919, 66.285, 66.537, 67.045, 67.803, 68.161, 68.282], [36.201, 34.407, 32.992, 31.557, 30.445, 29.857, 28.649, 27.508, 27.023, 24.497, 19.828, 14.516, 7.57, 0.0, 3.724, 6.599, 11.246, 14.54, 16.741, 17.931, 19.561, 21.451, 22.142, 22.291, 21.321, 24.77, 26.903, 34.142, 45.413, 51.565, 55.077, 61.286, 65.317, 65.96, 66.074, 65.371, 64.331, 63.892, 64.38, 64.034, 62.396, 61.951, 62.712, 61.922, 60.946, 61.227, 61.327, 61.774, 62.612, 63.919, 65.681, 65.505, 65.884, 65.861, 65.075, 64.341, 64.698, 65.126, 65.08, 64.475, 63.359, 62.627, 64.126, 63.561, 62.803, 63.786, 64.093, 64.698, 65.182, 65.299, 65.779, 66.268, 66.424, 66.184, 66.056, 65.631, 65.466, 65.716, 65.245, 64.629, 65.211, 65.588, 65.958, 66.58, 66.901, 66.966], [38.668, 36.913, 35.496, 34.022, 32.887, 32.337, 31.123, 29.9, 29.357, 26.857, 22.248, 17.086, 10.594, 3.724, 0.0, 4.099, 9.493, 13.211, 15.636, 17.027, 18.546, 20.194, 20.78, 20.944, 20.478, 24.449, 26.248, 32.884, 43.949, 50.154, 53.765, 60.152, 64.236, 64.848, 64.946, 64.194, 63.168, 62.79, 63.313, 62.959, 61.367, 61.039, 61.834, 61.03, 60.139, 60.554, 60.809, 61.641, 62.663, 63.943, 65.733, 65.59, 66.104, 66.147, 65.368, 64.641, 64.996, 65.433, 65.29, 64.621, 63.516, 62.574, 63.89, 63.368, 62.534, 63.42, 63.808, 64.467, 64.944, 65.127, 65.683, 66.166, 66.292, 66.034, 65.907, 65.508, 65.345, 65.551, 65.077, 64.525, 65.225, 65.659, 65.963, 66.53, 66.823, 66.846], [40.404, 38.718, 37.357, 35.888, 34.726, 34.166, 32.923, 31.612, 30.975, 28.396, 23.72, 18.589, 12.517, 6.599, 4.099, 0.0, 6.246, 11.02, 14.038, 15.813, 17.323, 18.875, 19.433, 19.634, 19.501, 23.807, 25.315, 31.497, 42.533, 48.884, 52.623, 59.223, 63.46, 64.091, 64.183, 63.398, 62.334, 61.949, 62.486, 62.102, 60.484, 60.144, 60.908, 60.104, 59.305, 59.817, 60.122, 61.079, 62.142, 63.544, 65.464, 65.355, 65.973, 66.036, 65.257, 64.517, 64.874, 65.314, 65.136, 64.457, 63.385, 62.402, 63.702, 63.239, 62.334, 63.083, 63.471, 64.154, 64.647, 64.926, 65.549, 66.025, 66.131, 65.859, 65.743, 65.391, 65.276, 65.485, 65.036, 64.613, 65.487, 65.973, 66.253, 66.858, 67.16, 67.126], [42.618, 41.013, 39.729, 38.321, 37.191, 36.566, 35.252, 33.812, 33.088, 30.516, 25.972, 21.231, 16.044, 11.246, 9.493, 6.246, 0.0, 6.052, 10.272, 12.99, 14.778, 16.153, 16.79, 17.044, 18.077, 23.403, 24.667, 30.026, 41.115, 47.694, 51.433, 57.916, 62.258, 62.925, 63.004, 62.118, 60.891, 60.463, 61.006, 60.592, 58.99, 58.684, 59.458, 58.695, 58.012, 58.654, 59.058, 60.206, 61.319, 62.857, 65.019, 64.926, 65.603, 65.712, 64.939, 64.19, 64.542, 64.996, 64.757, 64.072, 63.045, 61.999, 63.198, 62.762, 61.794, 62.364, 62.775, 63.485, 63.972, 64.398, 65.138, 65.6, 65.689, 65.423, 65.284, 64.975, 64.927, 65.147, 64.702, 64.375, 65.415, 65.959, 66.212, 66.868, 67.189, 67.095], [43.908, 42.307, 41.075, 39.704, 38.601, 37.888, 36.509, 35.025, 34.344, 31.905, 27.607, 23.286, 18.688, 14.54, 13.211, 11.02, 6.052, 0.0, 5.461, 9.315, 11.68, 13.087, 13.849, 14.303, 16.326, 22.49, 23.75, 28.406, 39.484, 46.134, 49.67, 55.89, 60.22, 60.94, 61.071, 60.167, 58.832, 58.387, 58.957, 58.572, 57.021, 56.782, 57.612, 56.892, 56.254, 57.0, 57.59, 58.909, 60.042, 61.578, 63.835, 63.786, 64.493, 64.627, 63.864, 63.129, 63.487, 63.959, 63.649, 62.967, 61.945, 60.768, 61.824, 61.347, 60.344, 60.872, 61.36, 62.099, 62.559, 63.031, 63.818, 64.276, 64.377, 64.086, 63.882, 63.57, 63.558, 63.801, 63.339, 62.999, 64.084, 64.661, 64.913, 65.568, 65.878, 65.773], [44.475, 42.862, 41.666, 40.323, 39.221, 38.454, 37.036, 35.556, 34.952, 32.732, 28.865, 25.062, 20.785, 16.741, 15.636, 14.038, 10.272, 5.461, 0.0, 4.82, 8.118, 9.889, 10.725, 11.484, 13.857, 20.513, 21.907, 26.282, 37.16, 43.717, 47.186, 53.535, 57.976, 58.701, 58.861, 57.922, 56.503, 56.056, 56.681, 56.342, 54.852, 54.722, 55.674, 54.923, 54.155, 54.922, 55.726, 57.339, 58.524, 60.041, 62.373, 62.367, 63.297, 63.524, 62.714, 61.968, 62.333, 62.83, 62.46, 61.766, 60.723, 59.28, 60.117, 59.581, 58.554, 59.099, 59.665, 60.434, 60.866, 61.355, 62.146, 62.58, 62.703, 62.395, 62.13, 61.798, 61.778, 62.016, 61.527, 61.152, 62.295, 62.927, 63.16, 63.733, 63.989, 63.892], [44.165, 42.557, 41.381, 40.08, 38.966, 38.141, 36.696, 35.278, 34.761, 32.622, 28.935, 25.45, 21.559, 17.931, 17.027, 15.813, 12.99, 9.315, 4.82, 0.0, 4.606, 7.553, 8.755, 9.82, 11.958, 19.031, 21.178, 25.464, 35.723, 42.013, 45.391, 51.783, 56.227, 56.929, 57.118, 56.189, 54.704, 54.243, 54.938, 54.721, 53.356, 53.328, 54.404, 53.581, 52.565, 53.277, 54.174, 55.812, 56.968, 58.457, 60.885, 60.907, 61.919, 62.252, 61.402, 60.579, 60.94, 61.467, 61.126, 60.485, 59.388, 57.797, 58.568, 58.024, 57.066, 57.605, 58.148, 58.951, 59.363, 59.809, 60.579, 60.993, 61.142, 60.866, 60.607, 60.279, 60.242, 60.501, 60.048, 59.671, 60.809, 61.457, 61.72, 62.243, 62.438, 62.346], [44.946, 43.4, 42.251, 40.96, 39.837, 39.033, 37.63, 36.233, 35.694, 33.54, 29.892, 26.588, 23.037, 19.561, 18.546, 17.323, 14.778, 11.68, 8.118, 4.606, 0.0, 4.24, 6.365, 7.7, 10.971, 18.733, 21.17, 24.721, 34.144, 40.279, 43.713, 50.257, 54.745, 55.437, 55.608, 54.649, 53.094, 52.599, 53.321, 53.115, 51.74, 51.721, 52.869, 52.002, 50.837, 51.508, 52.426, 54.185, 55.391, 56.923, 59.513, 59.668, 60.803, 61.219, 60.448, 59.555, 59.883, 60.452, 60.049, 59.373, 58.271, 56.605, 57.433, 57.01, 56.098, 56.647, 57.178, 58.016, 58.44, 58.866, 59.663, 60.097, 60.247, 59.945, 59.673, 59.379, 59.344, 59.623, 59.299, 59.129, 60.459, 61.203, 61.497, 61.987, 62.112, 61.958], [47.282, 45.735, 44.557, 43.261, 42.142, 41.352, 39.955, 38.531, 37.95, 35.828, 32.239, 28.915, 25.238, 21.451, 20.194, 18.875, 16.153, 13.087, 9.889, 7.553, 4.24, 0.0, 3.391, 5.255, 10.761, 19.301, 21.179, 23.623, 32.735, 39.008, 42.597, 49.372, 54.023, 54.709, 54.829, 53.828, 52.284, 51.801, 52.516, 52.31, 51.038, 51.102, 52.249, 51.431, 50.405, 51.209, 52.215, 54.205, 55.497, 56.968, 59.619, 59.857, 61.139, 61.652, 60.949, 60.14, 60.525, 61.127, 60.623, 59.877, 58.816, 57.129, 57.928, 57.63, 56.703, 57.158, 57.68, 58.516, 58.93, 59.411, 60.27, 60.691, 60.816, 60.475, 60.163, 59.897, 59.857, 60.042, 59.712, 59.707, 61.295, 62.159, 62.443, 62.946, 63.058, 62.855], [48.506, 46.963, 45.788, 44.51, 43.411, 42.635, 41.231, 39.836, 39.289, 37.193, 33.575, 30.104, 26.174, 22.142, 20.78, 19.433, 16.79, 13.849, 10.725, 8.755, 6.365, 3.391, 0.0, 3.411, 9.97, 18.541, 19.882, 21.949, 31.275, 37.748, 41.413, 48.266, 53.03, 53.745, 53.844, 52.835, 51.343, 50.878, 51.57, 51.344, 50.12, 50.211, 51.286, 50.508, 49.727, 50.738, 51.871, 54.053, 55.472, 56.983, 59.629, 59.88, 61.253, 61.811, 61.081, 60.373, 60.909, 61.538, 60.963, 60.126, 59.072, 57.364, 58.096, 57.794, 56.761, 57.129, 57.673, 58.52, 58.957, 59.474, 60.346, 60.741, 60.824, 60.46, 60.133, 59.861, 59.823, 59.96, 59.543, 59.527, 61.207, 62.109, 62.358, 62.866, 63.007, 62.805], [48.65, 47.118, 45.93, 44.65, 43.564, 42.815, 41.442, 40.04, 39.493, 37.394, 33.759, 30.265, 26.338, 22.291, 20.944, 19.634, 17.044, 14.303, 11.484, 9.82, 7.7, 5.255, 3.411, 0.0, 8.513, 17.721, 19.253, 21.54, 30.943, 37.451, 41.111, 47.92, 52.719, 53.395, 53.438, 52.459, 51.057, 50.618, 51.309, 51.049, 49.844, 49.994, 51.043, 50.268, 49.542, 50.627, 51.821, 54.127, 55.672, 57.265, 59.954, 60.279, 61.733, 62.305, 61.553, 60.791, 61.337, 62.043, 61.51, 60.587, 59.474, 57.722, 58.419, 58.106, 56.955, 57.278, 57.86, 58.697, 59.16, 59.691, 60.543, 60.915, 60.973, 60.632, 60.355, 60.136, 60.141, 60.316, 59.953, 60.004, 61.736, 62.612, 62.789, 63.249, 63.366, 63.151], [46.744, 45.128, 43.887, 42.642, 41.643, 40.933, 39.584, 38.318, 37.979, 35.903, 32.13, 28.54, 24.761, 21.321, 20.478, 19.501, 18.077, 16.326, 13.857, 11.958, 10.971, 10.761, 9.97, 8.513, 0.0, 10.351, 14.168, 19.733, 30.209, 36.461, 39.694, 46.195, 50.879, 51.521, 51.581, 50.919, 50.08, 49.848, 50.473, 50.192, 49.031, 49.288, 50.224, 49.329, 48.54, 49.578, 50.826, 53.09, 54.586, 56.153, 58.722, 59.098, 60.596, 61.07, 60.181, 59.345, 59.953, 60.717, 60.542, 59.76, 58.484, 56.648, 57.396, 57.09, 55.833, 56.031, 56.525, 57.269, 57.782, 58.178, 58.754, 59.043, 59.146, 58.94, 58.814, 58.603, 58.6, 58.832, 58.506, 58.594, 60.305, 61.097, 61.26, 61.722, 61.856, 61.698], [47.076, 45.505, 44.319, 43.201, 42.385, 41.774, 40.497, 39.449, 39.35, 37.475, 33.925, 30.629, 27.341, 24.77, 24.449, 23.807, 23.403, 22.49, 20.513, 19.031, 18.733, 19.301, 18.541, 17.721, 10.351, 0.0, 8.716, 19.122, 30.067, 35.714, 38.232, 44.008, 48.54, 49.261, 49.314, 48.908, 48.665, 48.629, 49.051, 48.688, 47.647, 48.026, 48.825, 47.914, 47.298, 48.312, 49.546, 51.877, 53.414, 55.033, 57.435, 57.812, 59.47, 59.856, 58.779, 57.89, 58.575, 59.34, 59.383, 58.761, 57.447, 55.453, 56.103, 55.766, 54.273, 54.282, 54.682, 55.331, 55.921, 56.189, 56.497, 56.674, 56.795, 56.677, 56.612, 56.364, 56.343, 56.626, 56.308, 56.48, 58.31, 59.137, 59.317, 59.785, 59.951, 59.837], [50.852, 49.34, 48.211, 47.05, 46.202, 45.649, 44.359, 43.194, 43.017, 41.168, 37.535, 33.942, 30.12, 26.903, 26.248, 25.315, 24.667, 23.75, 21.907, 21.178, 21.17, 21.179, 19.882, 19.253, 14.168, 8.716, 0.0, 13.185, 26.554, 33.286, 36.311, 42.746, 47.756, 48.647, 48.707, 48.2, 48.047, 48.039, 48.359, 47.825, 46.776, 47.177, 47.835, 47.288, 47.606, 49.153, 50.645, 53.475, 55.22, 56.809, 59.082, 59.394, 61.228, 61.622, 60.567, 59.86, 60.631, 61.347, 61.107, 60.438, 59.39, 57.311, 57.621, 57.212, 55.33, 54.995, 55.522, 56.21, 56.841, 57.319, 57.773, 57.908, 57.92, 57.676, 57.572, 57.361, 57.394, 57.588, 57.149, 57.39, 59.488, 60.434, 60.522, 60.97, 61.092, 60.874], [59.409, 57.957, 56.896, 55.698, 54.779, 54.237, 52.945, 51.619, 51.289, 49.353, 45.566, 41.829, 37.874, 34.142, 32.884, 31.497, 30.026, 28.406, 26.282, 25.464, 24.721, 23.623, 21.949, 21.54, 19.733, 19.122, 13.185, 0.0, 16.186, 24.732, 28.615, 36.557, 42.489, 43.608, 43.761, 43.127, 42.86, 42.881, 43.278, 42.661, 41.764, 42.45, 43.107, 43.036, 44.58, 47.216, 49.642, 53.629, 55.68, 57.163, 59.522, 59.962, 62.152, 62.681, 61.733, 61.21, 62.095, 62.876, 62.22, 61.451, 60.677, 58.341, 58.203, 57.865, 55.675, 54.762, 55.477, 56.295, 56.921, 57.711, 58.403, 58.488, 58.385, 57.952, 57.776, 57.705, 57.906, 58.101, 57.736, 58.319, 60.916, 62.016, 61.985, 62.467, 62.5, 62.058], [69.069, 67.737, 66.763, 65.61, 64.729, 64.251, 63.059, 61.757, 61.369, 59.436, 55.765, 52.337, 48.909, 45.413, 43.949, 42.533, 41.115, 39.484, 37.16, 35.723, 34.144, 32.735, 31.275, 30.943, 30.209, 30.067, 26.554, 16.186, 0.0, 9.643, 15.28, 26.792, 34.056, 35.37, 35.601, 34.914, 34.616, 34.696, 35.247, 34.685, 34.233, 35.545, 36.262, 36.58, 39.411, 43.257, 46.617, 51.91, 54.397, 55.792, 58.319, 59.083, 61.92, 62.644, 61.676, 61.07, 61.949, 62.889, 61.87, 60.851, 60.195, 57.458, 56.995, 56.872, 54.309, 52.709, 53.543, 54.522, 55.173, 56.169, 56.999, 56.994, 56.794, 56.237, 56.084, 56.234, 56.708, 57.13, 57.127, 58.382, 61.745, 63.085, 62.962, 63.521, 63.52, 62.893], [73.666, 72.399, 71.467, 70.36, 69.544, 69.113, 67.98, 66.747, 66.395, 64.546, 61.054, 57.88, 54.79, 51.565, 50.154, 48.884, 47.694, 46.134, 43.717, 42.013, 40.279, 39.008, 37.748, 37.451, 36.461, 35.714, 33.286, 24.732, 9.643, 0.0, 8.018, 22.152, 29.769, 31.016, 31.231, 30.666, 30.663, 30.927, 31.605, 31.267, 31.364, 33.19, 33.985, 34.355, 37.55, 41.824, 45.575, 51.378, 53.983, 55.187, 57.666, 58.586, 61.704, 62.483, 61.445, 60.723, 61.573, 62.593, 61.495, 60.4, 59.731, 56.729, 56.112, 56.159, 53.542, 51.628, 52.418, 53.418, 54.061, 55.074, 55.86, 55.774, 55.549, 54.983, 54.874, 55.147, 55.748, 56.295, 56.514, 58.103, 61.789, 63.233, 63.098, 63.682, 63.656, 62.971], [76.233, 75.006, 74.097, 73.056, 72.325, 71.879, 70.737, 69.573, 69.314, 67.533, 64.131, 61.077, 58.137, 55.077, 53.765, 52.623, 51.433, 49.67, 47.186, 45.391, 43.713, 42.597, 41.413, 41.111, 39.694, 38.232, 36.311, 28.615, 15.28, 8.018, 0.0, 15.021, 23.04, 24.568, 24.991, 24.789, 25.38, 26.025, 26.786, 26.821, 27.959, 30.615, 31.429, 31.862, 35.417, 40.157, 44.574, 50.827, 53.416, 54.376, 56.754, 57.738, 60.888, 61.681, 60.55, 59.795, 60.694, 61.767, 60.772, 59.896, 59.236, 55.895, 54.863, 54.93, 52.27, 49.923, 50.711, 51.727, 52.305, 53.286, 53.958, 53.736, 53.523, 53.036, 52.935, 53.248, 53.949, 54.608, 54.962, 56.713, 60.534, 62.013, 61.877, 62.476, 62.435, 61.73], [80.758, 79.639, 78.791, 77.903, 77.352, 76.88, 75.736, 74.732, 74.631, 72.914, 69.615, 66.741, 64.055, 61.286, 60.152, 59.223, 57.916, 55.89, 53.535, 51.783, 50.257, 49.372, 48.266, 47.92, 46.195, 44.008, 42.746, 36.557, 26.792, 22.152, 15.021, 0.0, 9.698, 13.075, 14.248, 15.246, 17.33, 18.598, 18.985, 19.925, 23.747, 27.681, 28.204, 29.037, 33.487, 39.04, 44.518, 51.277, 53.872, 54.665, 56.927, 57.854, 60.818, 61.639, 60.384, 59.668, 60.717, 61.833, 61.067, 60.574, 59.938, 56.078, 54.166, 54.139, 51.243, 47.89, 48.661, 49.743, 50.198, 51.166, 51.718, 51.27, 51.052, 50.822, 50.753, 51.109, 51.985, 52.874, 53.419, 55.326, 59.214, 60.707, 60.516, 61.092, 61.061, 60.35], [83.727, 82.663, 81.845, 81.011, 80.552, 80.134, 79.051, 78.171, 78.157, 76.481, 73.224, 70.421, 67.9, 65.317, 64.236, 63.46, 62.258, 60.22, 57.976, 56.227, 54.745, 54.023, 53.03, 52.719, 50.879, 48.54, 47.756, 42.489, 34.056, 29.769, 23.04, 9.698, 0.0, 6.108, 9.461, 12.493, 16.203, 18.178, 18.396, 19.876, 24.579, 28.668, 28.98, 29.783, 34.3, 40.082, 45.952, 52.76, 55.304, 55.829, 57.833, 58.714, 61.432, 62.192, 60.866, 60.143, 61.243, 62.36, 61.698, 61.388, 60.716, 56.382, 53.879, 53.846, 50.943, 47.076, 47.995, 49.253, 49.573, 50.442, 50.922, 50.392, 50.165, 50.086, 50.132, 50.58, 51.537, 52.498, 53.152, 55.091, 58.864, 60.306, 60.076, 60.582, 60.505, 59.791], [84.363, 83.292, 82.465, 81.624, 81.162, 80.762, 79.7, 78.822, 78.815, 77.157, 73.9, 71.082, 68.558, 65.96, 64.848, 64.091, 62.925, 60.94, 58.701, 56.929, 55.437, 54.709, 53.745, 53.395, 51.521, 49.261, 48.647, 43.608, 35.37, 31.016, 24.568, 13.075, 6.108, 0.0, 5.736, 10.623, 15.421, 17.848, 18.311, 19.822, 24.548, 28.83, 29.236, 29.82, 34.145, 40.022, 45.986, 52.907, 55.527, 55.89, 57.775, 58.676, 61.462, 62.263, 60.942, 60.178, 61.27, 62.408, 61.744, 61.407, 60.657, 56.125, 53.502, 53.565, 50.783, 47.061, 48.323, 49.779, 50.042, 50.889, 51.425, 50.926, 50.706, 50.658, 50.746, 51.253, 52.21, 53.129, 53.828, 55.792, 59.553, 61.01, 60.764, 61.218, 61.098, 60.38], [84.365, 83.326, 82.495, 81.659, 81.209, 80.822, 79.761, 78.878, 78.866, 77.228, 74.039, 71.29, 68.759, 66.074, 64.946, 64.183, 63.004, 61.071, 58.861, 57.118, 55.608, 54.829, 53.844, 53.438, 51.581, 49.314, 48.707, 43.761, 35.601, 31.231, 24.991, 14.248, 9.461, 5.736, 0.0, 6.592, 13.075, 15.924, 16.323, 17.795, 22.9, 27.497, 27.988, 28.573, 32.863, 38.772, 44.868, 52.172, 54.959, 55.428, 57.375, 58.313, 61.188, 62.005, 60.704, 59.907, 60.999, 62.155, 61.432, 60.953, 60.176, 55.705, 53.137, 53.242, 50.498, 46.843, 48.036, 49.499, 49.922, 50.86, 51.394, 50.9, 50.664, 50.591, 50.649, 51.14, 52.034, 52.863, 53.553, 55.585, 59.448, 60.965, 60.71, 61.154, 61.041, 60.316], [83.554, 82.578, 81.78, 80.944, 80.479, 80.065, 78.962, 78.026, 77.975, 76.372, 73.317, 70.72, 68.21, 65.371, 64.194, 63.398, 62.118, 60.167, 57.922, 56.189, 54.649, 53.828, 52.835, 52.459, 50.919, 48.908, 48.2, 43.127, 34.914, 30.666, 24.789, 15.246, 12.493, 10.623, 6.592, 0.0, 7.885, 11.545, 12.254, 14.015, 19.909, 25.053, 25.918, 26.417, 30.477, 36.357, 42.617, 50.479, 53.534, 54.141, 56.28, 57.226, 60.273, 61.206, 59.91, 59.093, 60.167, 61.337, 60.471, 59.887, 59.189, 54.624, 51.883, 51.938, 49.17, 45.609, 46.94, 48.47, 48.973, 50.172, 50.915, 50.43, 50.182, 50.039, 49.945, 50.347, 51.167, 51.908, 52.535, 54.576, 58.568, 60.178, 59.904, 60.334, 60.23, 59.498], [81.976, 81.078, 80.36, 79.553, 79.065, 78.589, 77.441, 76.455, 76.339, 74.77, 71.883, 69.513, 67.16, 64.331, 63.168, 62.334, 60.891, 58.832, 56.503, 54.704, 53.094, 52.284, 51.343, 51.057, 50.08, 48.665, 48.047, 42.86, 34.616, 30.663, 25.38, 17.33, 16.203, 15.421, 13.075, 7.885, 0.0, 4.648, 6.823, 9.864, 16.468, 21.794, 23.259, 23.656, 27.208, 33.058, 39.398, 47.475, 50.706, 51.509, 53.94, 54.884, 58.08, 59.237, 58.016, 57.167, 58.194, 59.406, 58.402, 57.767, 57.163, 52.634, 49.908, 49.879, 47.186, 43.973, 45.59, 47.309, 47.778, 49.174, 50.281, 49.907, 49.684, 49.453, 49.176, 49.477, 50.286, 51.105, 51.734, 53.673, 57.651, 59.315, 59.068, 59.511, 59.427, 58.719], [80.979, 80.129, 79.462, 78.704, 78.237, 77.749, 76.599, 75.615, 75.469, 73.903, 71.094, 68.839, 66.61, 63.892, 62.79, 61.949, 60.463, 58.387, 56.056, 54.243, 52.599, 51.801, 50.878, 50.618, 49.848, 48.629, 48.039, 42.881, 34.696, 30.927, 26.025, 18.598, 18.178, 17.848, 15.924, 11.545, 4.648, 0.0, 3.692, 7.871, 14.955, 20.119, 21.736, 22.252, 25.68, 31.506, 37.756, 45.724, 48.998, 49.989, 52.566, 53.506, 56.731, 57.968, 56.817, 55.971, 57.012, 58.255, 57.228, 56.559, 55.977, 51.653, 49.147, 49.078, 46.349, 43.238, 44.847, 46.619, 47.103, 48.524, 49.763, 49.449, 49.212, 48.932, 48.596, 48.86, 49.67, 50.569, 51.228, 53.138, 57.114, 58.793, 58.573, 59.049, 58.991, 58.297], [81.134, 80.304, 79.651, 78.931, 78.526, 78.083, 76.961, 76.0, 75.862, 74.299, 71.505, 69.274, 67.068, 64.38, 63.313, 62.486, 61.006, 58.957, 56.681, 54.938, 53.321, 52.516, 51.57, 51.309, 50.473, 49.051, 48.359, 43.278, 35.247, 31.605, 26.786, 18.985, 18.396, 18.311, 16.323, 12.254, 6.823, 3.692, 0.0, 5.581, 13.874, 19.213, 20.64, 21.405, 25.245, 31.11, 37.36, 45.426, 48.744, 49.835, 52.441, 53.371, 56.586, 57.793, 56.629, 55.798, 56.863, 58.104, 57.102, 56.449, 55.894, 51.684, 49.276, 49.201, 46.357, 43.075, 44.546, 46.269, 46.809, 48.229, 49.428, 49.075, 48.807, 48.544, 48.202, 48.449, 49.272, 50.215, 50.889, 52.857, 56.893, 58.58, 58.351, 58.863, 58.854, 58.165], [80.555, 79.751, 79.109, 78.39, 78.023, 77.679, 76.647, 75.689, 75.537, 73.976, 71.177, 68.969, 66.782, 64.034, 62.959, 62.102, 60.592, 58.572, 56.342, 54.721, 53.115, 52.31, 51.344, 51.049, 50.192, 48.688, 47.825, 42.661, 34.685, 31.267, 26.821, 19.925, 19.876, 19.822, 17.795, 14.015, 9.864, 7.871, 5.581, 0.0, 9.287, 15.427, 17.028, 18.155, 22.877, 29.06, 35.507, 44.164, 47.689, 48.962, 51.645, 52.587, 55.916, 57.011, 55.854, 55.086, 56.21, 57.477, 56.41, 55.631, 55.157, 50.999, 48.627, 48.536, 45.555, 42.533, 44.257, 45.957, 46.62, 48.053, 49.207, 48.94, 48.688, 48.413, 48.085, 48.267, 49.08, 50.086, 50.798, 52.825, 56.922, 58.627, 58.329, 58.788, 58.808, 58.125], [78.078, 77.33, 76.739, 76.015, 75.687, 75.467, 74.593, 73.679, 73.485, 71.914, 69.147, 67.062, 65.062, 62.396, 61.367, 60.484, 58.99, 57.021, 54.852, 53.356, 51.74, 51.038, 50.12, 49.844, 49.031, 47.647, 46.776, 41.764, 34.233, 31.364, 27.959, 23.747, 24.579, 24.548, 22.9, 19.909, 16.468, 14.955, 13.874, 9.287, 0.0, 7.409, 10.565, 12.307, 18.054, 24.649, 31.182, 40.385, 44.125, 45.69, 48.483, 49.496, 52.964, 53.896, 52.827, 52.198, 53.437, 54.759, 53.554, 52.494, 52.145, 48.179, 46.116, 46.004, 43.055, 41.006, 43.246, 45.018, 45.878, 47.197, 48.31, 48.368, 48.227, 47.875, 47.672, 47.753, 48.488, 49.608, 50.365, 52.34, 56.37, 58.099, 57.767, 58.117, 58.145, 57.489], [76.851, 76.15, 75.611, 74.921, 74.625, 74.461, 73.701, 72.915, 72.72, 71.11, 68.357, 66.327, 64.442, 61.951, 61.039, 60.144, 58.684, 56.782, 54.722, 53.328, 51.721, 51.102, 50.211, 49.994, 49.288, 48.026, 47.177, 42.45, 35.545, 33.19, 30.615, 27.681, 28.668, 28.83, 27.497, 25.053, 21.794, 20.119, 19.213, 15.427, 7.409, 0.0, 5.812, 9.088, 15.842, 22.62, 28.895, 37.838, 41.547, 43.485, 46.38, 47.395, 50.823, 51.631, 50.642, 50.135, 51.505, 52.843, 51.505, 50.247, 50.003, 46.382, 44.761, 44.648, 41.729, 40.163, 42.407, 44.216, 45.211, 46.401, 47.516, 47.806, 47.708, 47.236, 47.093, 47.151, 47.843, 49.029, 49.792, 51.766, 55.818, 57.61, 57.33, 57.675, 57.729, 57.084], [77.892, 77.18, 76.638, 75.959, 75.666, 75.483, 74.721, 73.998, 73.879, 72.25, 69.372, 67.174, 65.182, 62.712, 61.834, 60.908, 59.458, 57.612, 55.674, 54.404, 52.869, 52.249, 51.286, 51.043, 50.224, 48.825, 47.835, 43.107, 36.262, 33.985, 31.429, 28.204, 28.98, 29.236, 27.988, 25.918, 23.259, 21.736, 20.64, 17.028, 10.565, 5.812, 0.0, 6.346, 16.215, 23.559, 29.792, 38.606, 42.326, 44.48, 47.368, 48.339, 51.624, 52.242, 51.216, 50.759, 52.2, 53.534, 52.156, 50.836, 50.615, 47.133, 45.574, 45.472, 42.214, 40.24, 42.436, 44.214, 45.301, 46.529, 47.582, 47.815, 47.672, 47.2, 47.101, 47.199, 48.001, 49.246, 49.953, 52.022, 56.259, 58.105, 57.814, 58.253, 58.401, 57.756], [76.571, 75.877, 75.344, 74.668, 74.368, 74.158, 73.374, 72.661, 72.584, 71.061, 68.327, 66.254, 64.363, 61.922, 61.03, 60.104, 58.695, 56.892, 54.923, 53.581, 52.002, 51.431, 50.508, 50.268, 49.329, 47.914, 47.288, 43.036, 36.58, 34.355, 31.862, 29.037, 29.783, 29.82, 28.573, 26.417, 23.656, 22.252, 21.405, 18.155, 12.307, 9.088, 6.346, 0.0, 11.308, 19.467, 26.469, 36.047, 40.064, 42.402, 45.513, 46.588, 50.012, 50.71, 49.703, 49.179, 50.64, 52.016, 50.713, 49.436, 49.14, 45.487, 43.962, 43.98, 40.882, 39.22, 41.597, 43.442, 44.515, 45.737, 46.84, 47.107, 47.004, 46.571, 46.501, 46.581, 47.361, 48.64, 49.396, 51.453, 55.669, 57.53, 57.247, 57.641, 57.77, 57.145], [73.081, 72.494, 72.04, 71.421, 71.141, 70.905, 70.131, 69.447, 69.371, 68.076, 65.924, 64.518, 63.141, 60.946, 60.139, 59.305, 58.012, 56.254, 54.155, 52.565, 50.837, 50.405, 49.727, 49.542, 48.54, 47.298, 47.606, 44.58, 39.411, 37.55, 35.417, 33.487, 34.3, 34.145, 32.863, 30.477, 27.208, 25.68, 25.245, 22.877, 18.054, 15.842, 16.215, 11.308, 0.0, 9.382, 18.529, 29.722, 34.058, 36.586, 40.233, 41.568, 45.317, 46.369, 45.547, 44.864, 46.33, 47.842, 46.772, 45.736, 45.345, 41.484, 40.284, 40.575, 38.374, 37.926, 40.37, 42.203, 43.157, 44.241, 45.43, 45.879, 45.962, 45.601, 45.49, 45.486, 46.052, 47.327, 48.381, 50.485, 54.472, 56.306, 56.129, 56.351, 56.317, 55.735], [70.661, 70.195, 69.838, 69.276, 69.03, 68.799, 68.058, 67.403, 67.335, 66.227, 64.584, 63.856, 63.076, 61.227, 60.554, 59.817, 58.654, 57.0, 54.922, 53.277, 51.508, 51.209, 50.738, 50.627, 49.578, 48.312, 49.153, 47.216, 43.257, 41.824, 40.157, 39.04, 40.082, 40.022, 38.772, 36.357, 33.058, 31.506, 31.11, 29.06, 24.649, 22.62, 23.559, 19.467, 9.382, 0.0, 10.966, 23.774, 28.442, 31.367, 35.616, 37.175, 41.163, 42.361, 41.71, 40.943, 42.446, 44.124, 43.273, 42.468, 42.2, 38.664, 38.313, 38.955, 37.445, 38.206, 40.7, 42.304, 43.206, 44.159, 45.278, 45.849, 46.138, 45.881, 45.726, 45.59, 45.966, 47.23, 48.463, 50.704, 54.617, 56.474, 56.446, 56.674, 56.65, 56.15], [68.372, 68.009, 67.74, 67.211, 66.971, 66.765, 66.079, 65.453, 65.361, 64.32, 62.942, 62.71, 62.609, 61.327, 60.809, 60.122, 59.058, 57.59, 55.726, 54.174, 52.426, 52.215, 51.871, 51.821, 50.826, 49.546, 50.645, 49.642, 46.617, 45.575, 44.574, 44.518, 45.952, 45.986, 44.868, 42.617, 39.398, 37.756, 37.36, 35.507, 31.182, 28.895, 29.792, 26.469, 18.529, 10.966, 0.0, 14.403, 20.131, 24.304, 29.787, 31.772, 36.098, 37.462, 36.949, 36.036, 37.635, 39.576, 38.85, 37.92, 37.811, 35.29, 36.578, 37.714, 36.634, 38.749, 41.467, 42.871, 43.774, 44.647, 45.791, 46.524, 46.985, 46.852, 46.789, 46.631, 46.913, 48.167, 49.429, 51.82, 55.941, 57.991, 58.172, 58.559, 58.646, 58.223], [65.314, 65.067, 64.921, 64.501, 64.304, 64.116, 63.56, 63.112, 63.037, 62.048, 60.919, 61.175, 61.963, 61.774, 61.641, 61.079, 60.206, 58.909, 57.339, 55.812, 54.185, 54.205, 54.053, 54.127, 53.09, 51.877, 53.475, 53.629, 51.91, 51.378, 50.827, 51.277, 52.76, 52.907, 52.172, 50.479, 47.475, 45.724, 45.426, 44.164, 40.385, 37.838, 38.606, 36.047, 29.722, 23.774, 14.403, 0.0, 7.813, 15.654, 23.056, 25.504, 29.314, 30.783, 30.494, 29.483, 31.355, 33.592, 33.332, 32.594, 32.561, 32.357, 36.28, 37.815, 37.69, 41.051, 43.444, 44.588, 45.341, 45.795, 46.825, 47.755, 48.416, 48.391, 48.431, 48.255, 48.469, 49.772, 51.051, 53.455, 57.527, 59.684, 60.31, 61.081, 61.352, 61.072], [64.767, 64.544, 64.443, 64.082, 63.929, 63.753, 63.262, 62.914, 62.865, 61.913, 60.914, 61.361, 62.426, 62.612, 62.663, 62.142, 61.319, 60.042, 58.524, 56.968, 55.391, 55.497, 55.472, 55.672, 54.586, 53.414, 55.22, 55.68, 54.397, 53.983, 53.416, 53.872, 55.304, 55.527, 54.959, 53.534, 50.706, 48.998, 48.744, 47.689, 44.125, 41.547, 42.326, 40.064, 34.058, 28.442, 20.131, 7.813, 0.0, 10.724, 19.244, 21.922, 25.295, 26.744, 26.735, 25.851, 27.849, 30.166, 30.136, 29.989, 30.179, 31.055, 36.204, 38.063, 38.692, 42.378, 44.399, 45.242, 45.853, 46.086, 46.89, 47.861, 48.691, 48.689, 48.644, 48.402, 48.608, 49.903, 51.226, 53.721, 57.764, 59.96, 60.946, 62.046, 62.418, 62.19], [66.075, 65.804, 65.678, 65.332, 65.204, 65.047, 64.563, 64.204, 64.143, 63.219, 62.255, 62.699, 63.745, 63.919, 63.943, 63.544, 62.857, 61.578, 60.041, 58.457, 56.923, 56.968, 56.983, 57.265, 56.153, 55.033, 56.809, 57.163, 55.792, 55.187, 54.376, 54.665, 55.829, 55.89, 55.428, 54.141, 51.509, 49.989, 49.835, 48.962, 45.69, 43.485, 44.48, 42.402, 36.586, 31.367, 24.304, 15.654, 10.724, 0.0, 10.067, 14.036, 18.659, 21.202, 21.698, 21.241, 23.276, 25.701, 25.717, 26.295, 27.101, 27.971, 33.601, 35.988, 37.539, 41.754, 43.97, 44.618, 44.856, 45.028, 45.752, 46.677, 47.594, 47.589, 47.423, 47.116, 47.314, 48.488, 49.933, 52.631, 56.742, 58.994, 60.248, 61.813, 62.39, 62.187], [67.517, 67.238, 67.119, 66.803, 66.728, 66.622, 66.204, 65.908, 65.862, 64.962, 64.016, 64.423, 65.441, 65.681, 65.733, 65.464, 65.019, 63.835, 62.373, 60.885, 59.513, 59.619, 59.629, 59.954, 58.722, 57.435, 59.082, 59.522, 58.319, 57.666, 56.754, 56.927, 57.833, 57.775, 57.375, 56.28, 53.94, 52.566, 52.441, 51.645, 48.483, 46.38, 47.368, 45.513, 40.233, 35.616, 29.787, 23.056, 19.244, 10.067, 0.0, 6.357, 12.763, 16.296, 17.493, 17.906, 19.961, 22.021, 22.089, 23.114, 24.558, 26.118, 32.397, 34.887, 37.124, 41.961, 44.364, 44.941, 44.893, 44.854, 45.477, 46.409, 47.289, 47.159, 46.815, 46.362, 46.517, 47.63, 49.041, 51.649, 55.555, 57.722, 59.147, 61.307, 62.388, 62.345], [67.143, 66.874, 66.769, 66.474, 66.41, 66.292, 65.891, 65.643, 65.632, 64.741, 63.806, 64.217, 65.23, 65.505, 65.59, 65.355, 64.926, 63.786, 62.367, 60.907, 59.668, 59.857, 59.88, 60.279, 59.098, 57.812, 59.394, 59.962, 59.083, 58.586, 57.738, 57.854, 58.714, 58.676, 58.313, 57.226, 54.884, 53.506, 53.371, 52.587, 49.496, 47.395, 48.339, 46.588, 41.568, 37.175, 31.772, 25.504, 21.922, 14.036, 6.357, 0.0, 8.26, 12.788, 14.458, 15.792, 18.28, 19.993, 20.032, 21.61, 23.339, 25.539, 32.139, 34.49, 36.862, 41.728, 44.189, 44.79, 44.644, 44.553, 45.212, 46.193, 47.099, 46.962, 46.419, 45.792, 45.914, 47.031, 48.297, 50.67, 54.358, 56.458, 57.998, 60.457, 61.847, 61.972], [66.268, 66.04, 65.966, 65.72, 65.717, 65.631, 65.304, 65.199, 65.28, 64.408, 63.49, 63.978, 65.24, 65.884, 66.104, 65.973, 65.603, 64.493, 63.297, 61.919, 60.803, 61.139, 61.253, 61.733, 60.596, 59.47, 61.228, 62.152, 61.92, 61.704, 60.888, 60.818, 61.432, 61.462, 61.188, 60.273, 58.08, 56.731, 56.586, 55.916, 52.964, 50.823, 51.624, 50.012, 45.317, 41.163, 36.098, 29.314, 25.295, 18.659, 12.763, 8.26, 0.0, 6.724, 10.24, 12.85, 16.123, 17.707, 18.419, 21.127, 23.006, 27.046, 34.6, 36.798, 39.387, 44.045, 46.141, 46.655, 46.524, 46.239, 46.73, 47.744, 48.677, 48.589, 48.047, 47.303, 47.367, 48.468, 49.565, 51.598, 54.739, 56.59, 58.363, 61.134, 62.727, 62.992], [65.964, 65.736, 65.662, 65.417, 65.446, 65.421, 65.15, 65.094, 65.217, 64.33, 63.355, 63.807, 65.102, 65.861, 66.147, 66.036, 65.712, 64.627, 63.524, 62.252, 61.219, 61.652, 61.811, 62.305, 61.07, 59.856, 61.622, 62.681, 62.644, 62.483, 61.681, 61.639, 62.192, 62.263, 62.005, 61.206, 59.237, 57.968, 57.793, 57.011, 53.896, 51.631, 52.242, 50.71, 46.369, 42.361, 37.462, 30.783, 26.744, 21.202, 16.296, 12.788, 6.724, 0.0, 5.814, 10.316, 14.43, 16.127, 17.029, 20.06, 22.108, 26.87, 34.958, 37.151, 39.673, 44.295, 46.274, 46.675, 46.67, 46.344, 46.63, 47.652, 48.634, 48.544, 48.041, 47.241, 47.336, 48.489, 49.475, 51.379, 54.369, 56.127, 57.953, 60.81, 62.463, 62.752], [65.509, 65.242, 65.131, 64.884, 64.917, 64.88, 64.573, 64.506, 64.656, 63.763, 62.754, 63.151, 64.361, 65.075, 65.368, 65.257, 64.939, 63.864, 62.714, 61.402, 60.448, 60.949, 61.081, 61.553, 60.181, 58.779, 60.567, 61.733, 61.676, 61.445, 60.55, 60.384, 60.866, 60.942, 60.704, 59.91, 58.016, 56.817, 56.629, 55.854, 52.827, 50.642, 51.216, 49.703, 45.547, 41.71, 36.949, 30.494, 26.735, 21.698, 17.493, 14.458, 10.24, 5.814, 0.0, 6.899, 12.488, 14.614, 15.835, 19.066, 21.041, 25.412, 33.386, 35.514, 38.022, 42.563, 44.472, 44.819, 44.857, 44.59, 44.789, 45.719, 46.717, 46.701, 46.294, 45.557, 45.718, 46.911, 47.822, 49.685, 52.721, 54.476, 56.273, 59.143, 60.819, 61.11], [64.654, 64.397, 64.288, 64.043, 64.073, 64.018, 63.686, 63.599, 63.736, 62.833, 61.843, 62.305, 63.593, 64.341, 64.641, 64.517, 64.19, 63.129, 61.968, 60.579, 59.555, 60.14, 60.373, 60.791, 59.345, 57.89, 59.86, 61.21, 61.07, 60.723, 59.795, 59.668, 60.143, 60.178, 59.907, 59.093, 57.167, 55.971, 55.798, 55.086, 52.198, 50.135, 50.759, 49.179, 44.864, 40.943, 36.036, 29.483, 25.851, 21.241, 17.906, 15.792, 12.85, 10.316, 6.899, 0.0, 7.197, 10.612, 12.68, 16.766, 18.439, 22.924, 31.512, 33.728, 36.27, 40.915, 42.727, 43.034, 43.144, 42.881, 43.066, 43.961, 44.931, 45.02, 44.894, 44.435, 44.694, 45.976, 47.049, 49.021, 52.118, 53.877, 55.631, 58.416, 60.011, 60.249], [64.865, 64.617, 64.518, 64.276, 64.305, 64.257, 63.952, 63.869, 63.978, 63.068, 62.106, 62.615, 63.942, 64.698, 64.996, 64.874, 64.542, 63.487, 62.333, 60.94, 59.883, 60.525, 60.909, 61.337, 59.953, 58.575, 60.631, 62.095, 61.949, 61.573, 60.694, 60.717, 61.243, 61.27, 60.999, 60.167, 58.194, 57.012, 56.863, 56.21, 53.437, 51.505, 52.2, 50.64, 46.33, 42.446, 37.635, 31.355, 27.849, 23.276, 19.961, 18.28, 16.123, 14.43, 12.488, 7.197, 0.0, 5.308, 8.736, 14.213, 16.146, 21.14, 30.543, 32.852, 35.623, 40.485, 42.3, 42.62, 42.666, 42.353, 42.567, 43.496, 44.506, 44.613, 44.508, 44.097, 44.408, 45.763, 46.984, 49.068, 52.168, 53.925, 55.709, 58.619, 60.312, 60.556], [65.334, 65.08, 64.978, 64.742, 64.767, 64.711, 64.415, 64.365, 64.482, 63.576, 62.608, 63.073, 64.357, 65.126, 65.433, 65.314, 64.996, 63.959, 62.83, 61.467, 60.452, 61.127, 61.538, 62.043, 60.717, 59.34, 61.347, 62.876, 62.889, 62.593, 61.767, 61.833, 62.36, 62.408, 62.155, 61.337, 59.406, 58.255, 58.104, 57.477, 54.759, 52.843, 53.534, 52.016, 47.842, 44.124, 39.576, 33.592, 30.166, 25.701, 22.021, 19.993, 17.707, 16.127, 14.614, 10.612, 5.308, 0.0, 6.328, 13.643, 15.932, 21.238, 30.947, 33.228, 36.197, 41.114, 42.881, 43.192, 43.157, 42.794, 43.01, 43.964, 44.981, 45.022, 44.742, 44.227, 44.494, 45.768, 46.905, 48.972, 52.027, 53.767, 55.634, 58.774, 60.673, 60.969], [66.252, 65.984, 65.874, 65.6, 65.596, 65.558, 65.257, 65.153, 65.219, 64.288, 63.258, 63.573, 64.586, 65.08, 65.29, 65.136, 64.757, 63.649, 62.46, 61.126, 60.049, 60.623, 60.963, 61.51, 60.542, 59.383, 61.107, 62.22, 61.87, 61.495, 60.772, 61.067, 61.698, 61.744, 61.432, 60.471, 58.402, 57.228, 57.102, 56.41, 53.554, 51.505, 52.156, 50.713, 46.772, 43.273, 38.85, 33.332, 30.136, 25.717, 22.089, 20.032, 18.419, 17.029, 15.835, 12.68, 8.736, 6.328, 0.0, 9.318, 12.821, 18.222, 28.286, 30.672, 33.848, 39.23, 41.237, 41.638, 41.639, 41.373, 41.806, 42.849, 43.828, 43.666, 43.227, 42.724, 43.035, 44.269, 45.386, 47.569, 50.951, 52.938, 54.826, 57.885, 59.692, 59.907], [65.968, 65.693, 65.579, 65.276, 65.273, 65.315, 65.086, 64.994, 65.029, 64.056, 62.974, 63.224, 64.134, 64.475, 64.621, 64.457, 64.072, 62.967, 61.766, 60.485, 59.373, 59.877, 60.126, 60.587, 59.