[[0.0, 3.269, 7.859, 10.736, 12.846, 16.058, 17.466, 17.803, 18.488, 19.267, 19.078, 19.104, 19.937, 20.897, 22.703, 24.554, 25.034, 25.403, 25.395, 26.754, 29.557, 32.597, 33.782, 34.155, 35.724, 37.789, 38.369, 39.904, 41.809, 43.717, 45.377, 46.562, 47.767, 46.554, 44.615, 44.094, 45.903, 49.168, 50.108, 49.51, 48.192, 48.445, 49.094, 49.125, 48.758, 48.784, 48.792, 48.833, 50.708, 51.424, 50.142, 50.1, 51.217, 51.168, 48.148, 45.546, 45.321, 45.799, 46.081, 46.463, 46.619, 45.445, 42.382, 39.213, 38.649, 38.963, 38.721, 39.596, 40.096, 40.41, 40.881, 38.744, 35.663, 34.368, 34.047, 33.674, 34.3, 34.426, 34.435, 34.54, 34.337, 34.13, 35.279, 34.989, 35.032, 35.07], [3.269, 0.0, 6.201, 10.015, 12.018, 15.093, 16.638, 17.201, 18.017, 18.744, 18.544, 18.651, 19.57, 20.41, 22.311, 24.288, 24.684, 25.028, 25.047, 26.29, 28.977, 32.031, 33.302, 33.748, 35.378, 37.553, 38.219, 39.681, 41.553, 43.452, 45.144, 46.374, 47.549, 46.375, 44.516, 44.1, 45.863, 49.036, 50.042, 49.46, 48.171, 48.42, 49.036, 49.051, 48.681, 48.664, 48.642, 48.676, 50.486, 51.19, 49.976, 49.951, 51.064, 51.037, 48.063, 45.517, 45.292, 45.763, 46.061, 46.43, 46.58, 45.389, 42.267, 39.103, 38.547, 38.795, 38.543, 39.414, 39.907, 40.229, 40.717, 38.685, 35.684, 34.438, 34.148, 33.943, 34.638, 34.715, 34.688, 34.796, 34.642, 34.495, 35.629, 35.36, 35.437, 35.446], [7.859, 6.201, 0.0, 5.444, 9.255, 13.285, 15.196, 15.899, 17.036, 17.813, 17.223, 17.764, 19.169, 19.827, 20.88, 22.271, 22.795, 23.332, 23.44, 24.746, 27.689, 31.139, 32.631, 33.175, 34.798, 37.061, 37.753, 39.319, 41.293, 43.176, 44.74, 45.898, 47.106, 45.812, 43.831, 43.489, 45.746, 49.208, 50.12, 49.558, 48.208, 48.473, 49.191, 49.271, 48.898, 48.839, 48.66, 48.704, 50.795, 51.665, 50.441, 50.408, 51.477, 51.403, 48.28, 45.528, 45.22, 45.646, 45.915, 46.291, 46.433, 45.186, 41.976, 38.783, 38.44, 38.812, 38.435, 39.417, 39.965, 40.249, 40.744, 38.534, 35.201, 33.758, 33.395, 32.825, 33.36, 33.543, 33.612, 33.726, 33.688, 33.864, 34.958, 34.441, 34.341, 34.41], [10.736, 10.015, 5.444, 0.0, 6.802, 13.237, 15.51, 16.094, 17.204, 18.186, 17.374, 17.886, 19.465, 19.926, 19.861, 20.611, 21.23, 21.903, 22.174, 23.911, 27.287, 31.068, 32.638, 33.116, 34.601, 36.699, 37.229, 38.991, 41.168, 43.105, 44.657, 45.833, 47.16, 45.753, 43.56, 43.083, 45.656, 49.634, 50.69, 50.11, 48.62, 48.903, 49.739, 49.873, 49.49, 49.47, 49.256, 49.28, 51.671, 52.694, 51.376, 51.237, 52.16, 51.926, 48.721, 45.938, 45.593, 46.003, 46.278, 46.729, 46.938, 45.644, 42.283, 38.879, 38.479, 38.815, 38.286, 39.369, 39.985, 40.195, 40.771, 38.441, 34.622, 32.842, 32.5, 31.452, 31.658, 31.914, 32.05, 32.114, 32.108, 32.525, 33.667, 32.93, 32.657, 32.881], [12.846, 12.018, 9.255, 6.802, 0.0, 8.496, 12.053, 13.152, 14.378, 15.418, 15.135, 15.894, 17.892, 18.048, 18.194, 19.672, 19.934, 20.429, 20.896, 22.832, 26.411, 30.401, 32.01, 32.486, 34.04, 36.196, 36.586, 38.039, 39.98, 41.651, 43.291, 44.922, 46.493, 45.185, 43.06, 42.657, 44.997, 48.943, 50.703, 50.361, 48.89, 49.203, 49.982, 50.065, 49.678, 49.486, 49.1, 49.059, 51.266, 52.282, 51.152, 51.001, 51.726, 51.309, 48.173, 45.659, 45.345, 45.793, 46.182, 46.714, 46.995, 45.651, 42.282, 39.034, 38.562, 38.638, 38.022, 39.05, 39.623, 39.826, 40.517, 38.579, 34.901, 33.12, 32.989, 32.293, 32.509, 32.645, 32.79, 32.87, 32.887, 33.304, 34.464, 33.627, 33.375, 33.589], [16.058, 15.093, 13.285, 13.237, 8.496, 0.0, 5.194, 7.799, 9.505, 10.356, 11.545, 12.959, 15.052, 15.163, 16.412, 18.817, 18.724, 19.103, 19.698, 21.443, 24.817, 28.611, 30.123, 30.676, 32.426, 34.813, 35.287, 36.222, 37.471, 38.64, 40.224, 42.216, 43.943, 42.782, 40.97, 40.85, 42.913, 46.274, 48.336, 48.494, 47.329, 47.618, 48.267, 48.286, 47.884, 47.443, 46.899, 46.859, 48.753, 49.753, 48.87, 48.854, 49.547, 49.091, 46.056, 43.808, 43.694, 44.24, 44.7, 45.252, 45.52, 44.267, 41.366, 38.802, 38.598, 38.753, 38.28, 39.137, 39.628, 39.867, 40.33, 38.786, 36.132, 34.791, 34.746, 34.788, 35.331, 35.282, 35.291, 35.401, 35.417, 35.614, 36.601, 35.776, 35.635, 35.614], [17.466, 16.638, 15.196, 15.51, 12.053, 5.194, 0.0, 3.909, 6.018, 6.938, 9.245, 11.115, 13.048, 13.239, 15.126, 17.777, 17.653, 18.134, 18.783, 20.395, 23.638, 27.294, 28.699, 29.214, 30.943, 33.34, 33.881, 34.642, 35.529, 36.547, 38.106, 40.1, 41.834, 40.689, 38.94, 38.888, 40.965, 44.234, 46.183, 46.481, 45.53, 45.82, 46.426, 46.425, 45.994, 45.482, 44.937, 44.955, 46.849, 47.856, 46.978, 47.011, 47.723, 47.286, 44.284, 42.146, 42.252, 42.859, 43.315, 43.901, 44.196, 43.082, 40.493, 38.208, 38.13, 38.467, 38.156, 38.963, 39.506, 39.749, 40.004, 38.473, 36.38, 35.323, 35.275, 35.443, 36.065, 35.968, 35.874, 35.943, 35.934, 35.961, 36.787, 36.096, 36.06, 35.959], [17.803, 17.201, 15.899, 16.094, 13.152, 7.799, 3.909, 0.0, 2.742, 4.853, 7.954, 10.114, 12.181, 12.443, 14.556, 17.25, 17.289, 17.909, 18.541, 20.233, 23.566, 27.249, 28.625, 29.093, 30.781, 33.131, 33.597, 34.3, 35.126, 36.203, 37.754, 39.662, 41.425, 40.217, 38.379, 38.286, 40.487, 43.91, 45.745, 45.985, 45.066, 45.428, 46.069, 46.064, 45.623, 45.141, 44.605, 44.649, 46.604, 47.592, 46.641, 46.689, 47.416, 46.96, 43.928, 41.821, 42.031, 42.638, 43.039, 43.639, 43.972, 42.966, 40.484, 38.165, 38.087, 38.534, 38.263, 39.121, 39.713, 39.943, 40.181, 38.545, 36.482, 35.434, 35.328, 35.259, 35.799, 35.764, 35.719, 35.779, 35.727, 35.69, 36.505, 35.884, 35.841, 35.765], [18.488, 18.017, 17.036, 17.204, 14.378, 9.505, 6.018, 2.742, 0.0, 3.397, 7.225, 9.419, 11.473, 11.85, 14.426, 17.317, 17.411, 18.038, 18.71, 20.561, 23.988, 27.603, 28.908, 29.327, 31.019, 33.361, 33.811, 34.481, 35.242, 36.318, 37.905, 39.836, 41.638, 40.442, 38.608, 38.488, 40.644, 44.074, 45.897, 46.138, 45.223, 45.585, 46.237, 46.227, 45.792, 45.336, 44.852, 44.924, 46.859, 47.817, 46.849, 46.909, 47.621, 47.114, 44.077, 42.009, 42.27, 42.895, 43.275, 43.874, 44.227, 43.279, 40.882, 38.572, 38.46, 38.926, 38.67, 39.506, 40.093, 40.313, 40.545, 38.957, 36.994, 35.931, 35.826, 35.727, 36.238, 36.199, 36.155, 36.204, 36.119, 35.962, 36.727, 36.167, 36.152, 36.077], [19.267, 18.744, 17.813, 18.186, 15.418, 10.356, 6.938, 4.853, 3.397, 0.0, 5.048, 7.957, 10.326, 10.994, 14.294, 17.466, 17.477, 17.979, 18.614, 20.476, 24.112, 27.861, 29.189, 29.627, 31.399, 33.81, 34.31, 35.004, 35.773, 36.816, 38.425, 40.411, 42.217, 41.094, 39.345, 39.297, 41.403, 44.676, 46.473, 46.745, 45.828, 46.125, 46.736, 46.725, 46.316, 45.84, 45.355, 45.48, 47.368, 48.304, 47.407, 47.528, 48.305, 47.851, 44.751, 42.521, 42.726, 43.349, 43.74, 44.361, 44.714, 43.766, 41.442, 39.254, 39.195, 39.691, 39.446, 40.222, 40.786, 41.029, 41.294, 39.86, 37.987, 36.912, 36.828, 36.83, 37.399, 37.376, 37.335, 37.398, 37.32, 37.069, 37.752, 37.2, 37.207, 37.092], [19.078, 18.544, 17.223, 17.374, 15.135, 11.545, 9.245, 7.954, 7.225, 5.048, 0.0, 4.772, 8.512, 9.81, 13.607, 16.736, 16.834, 17.248, 17.879, 19.984, 23.996, 27.982, 29.398, 29.865, 31.709, 34.187, 34.651, 35.537, 36.709, 38.054, 39.751, 41.632, 43.356, 42.206, 40.419, 40.362, 42.573, 45.909, 47.512, 47.628, 46.598, 46.874, 47.509, 47.518, 47.159, 46.789, 46.351, 46.504, 48.521, 49.48, 48.521, 48.656, 49.528, 49.196, 46.087, 43.709, 43.828, 44.381, 44.722, 45.329, 45.673, 44.726, 42.264, 39.839, 39.733, 40.318, 40.099, 40.912, 41.464, 41.684, 42.064, 40.645, 38.516, 37.308, 37.165, 36.959, 37.479, 37.554, 37.575, 37.632, 37.581, 37.328, 37.935, 37.325, 37.283, 37.195], [19.104, 18.651, 17.764, 17.886, 15.894, 12.959, 11.115, 10.114, 9.419, 7.957, 4.772, 0.0, 4.759, 6.789, 11.599, 15.31, 15.461, 15.804, 16.472, 18.889, 22.869, 26.573, 27.819, 28.242, 30.227, 32.836, 33.407, 34.477, 35.864, 37.443, 39.297, 41.139, 42.788, 41.684, 39.931, 39.808, 41.781, 44.994, 46.536, 46.599, 45.522, 45.747, 46.342, 46.309, 45.976, 45.83, 45.689, 45.849, 47.843, 48.786, 47.75, 47.874, 48.788, 48.504, 45.525, 43.378, 43.641, 44.183, 44.481, 45.066, 45.431, 44.56, 42.118, 39.608, 39.419, 40.059, 39.971, 40.741, 41.258, 41.453, 41.809, 40.516, 38.601, 37.436, 37.302, 37.188, 37.72, 37.707, 37.642, 37.671, 37.579, 37.24, 37.838, 37.111, 37.026, 36.906], [19.937, 19.57, 19.169, 19.465, 17.892, 15.052, 13.048, 12.181, 11.473, 10.326, 8.512, 4.759, 0.0, 3.968, 10.145, 14.218, 14.367, 14.794, 15.436, 17.753, 21.485, 24.821, 25.845, 26.099, 28.149, 30.819, 31.632, 33.044, 34.536, 36.16, 38.051, 39.826, 41.408, 40.371, 38.688, 38.549, 40.316, 43.38, 44.867, 44.979, 43.929, 44.085, 44.656, 44.592, 44.23, 44.259, 44.551, 44.763, 46.703, 47.657, 46.575, 46.679, 47.636, 47.404, 44.527, 42.566, 43.027, 43.62, 43.899, 44.495, 44.881, 44.077, 41.788, 39.471, 39.349, 40.065, 40.092, 40.778, 41.294, 41.48, 41.671, 40.412, 38.873, 37.849, 37.722, 37.754, 38.335, 38.221, 38.017, 37.985, 37.775, 37.168, 37.673, 36.921, 36.84, 36.667], [20.897, 20.41, 19.827, 19.926, 18.048, 15.163, 13.239, 12.443, 11.85, 10.994, 9.81, 6.789, 3.968, 0.0, 7.89, 12.695, 12.956, 13.645, 14.515, 16.806, 20.389, 23.734, 24.738, 25.011, 27.13, 29.911, 30.855, 32.371, 33.868, 35.42, 37.28, 39.089, 40.706, 39.721, 38.026, 37.881, 39.602, 42.724, 44.331, 44.437, 43.399, 43.565, 44.151, 44.095, 43.705, 43.709, 44.082, 44.332, 46.282, 47.274, 46.207, 46.245, 47.077, 46.737, 43.871, 42.019, 42.538, 43.145, 43.442, 44.056, 44.471, 43.644, 41.323, 39.09, 39.003, 39.68, 39.671, 40.337, 40.883, 41.049, 41.189, 39.907, 38.427, 37.473, 37.415, 37.492, 38.053, 37.912, 37.671, 37.605, 37.39, 36.804, 37.272, 36.468, 36.39, 36.233], [22.703, 22.311, 20.88, 19.861, 18.194, 16.412, 15.126, 14.556, 14.426, 14.294, 13.607, 11.599, 10.145, 7.89, 0.0, 5.724, 6.702, 7.997, 9.803, 13.648, 17.939, 21.88, 23.151, 23.463, 25.485, 28.036, 28.915, 31.002, 32.917, 34.482, 36.06, 37.615, 39.297, 38.194, 36.272, 36.013, 38.137, 41.791, 43.404, 43.512, 42.384, 42.573, 43.336, 43.388, 42.972, 43.037, 43.404, 43.581, 46.055, 47.412, 46.189, 46.024, 46.701, 46.199, 43.128, 41.064, 41.469, 42.011, 42.295, 42.968, 43.435, 42.54, 40.086, 37.86, 37.972, 38.794, 38.691, 39.439, 40.11, 40.218, 40.271, 38.656, 36.827, 35.705, 35.664, 35.338, 35.617, 35.516, 35.212, 35.078, 34.889, 34.724, 35.371, 34.144, 33.796, 33.831], [24.554, 24.288, 22.271, 20.611, 19.672, 18.817, 17.777, 17.25, 17.317, 17.466, 16.736, 15.31, 14.218, 12.695, 5.724, 0.0, 3.258, 5.669, 8.148, 13.011, 17.871, 22.177, 23.589, 23.77, 25.411, 27.572, 28.302, 30.832, 33.072, 34.66, 35.964, 37.268, 38.979, 37.736, 35.667, 35.356, 37.953, 41.987, 43.391, 43.5, 42.333, 42.557, 43.481, 43.619, 43.188, 43.257, 43.569, 43.709, 46.584, 48.245, 46.909, 46.658, 47.319, 46.78, 43.568, 41.252, 41.546, 42.062, 42.343, 43.061, 43.524, 42.589, 40.126, 37.964, 38.316, 39.322, 39.146, 39.97, 40.698, 40.769, 40.75, 38.82, 36.689, 35.433, 35.315, 34.503, 34.492, 34.498, 34.236, 34.075, 33.913, 33.991, 34.716, 33.264, 32.723, 32.912], [25.034, 24.684, 22.795, 21.23, 19.934, 18.724, 17.653, 17.289, 17.411, 17.477, 16.834, 15.461, 14.367, 12.956, 6.702, 3.258, 0.0, 3.348, 7.001, 12.369, 17.402, 21.909, 23.431, 23.577, 25.14, 27.25, 27.959, 30.499, 32.706, 34.163, 35.451, 36.898, 38.663, 37.471, 35.455, 35.191, 37.716, 41.711, 43.307, 43.505, 42.358, 42.576, 43.484, 43.618, 43.181, 43.186, 43.451, 43.565, 46.395, 48.084, 46.858, 46.627, 47.249, 46.694, 43.5, 41.206, 41.481, 42.008, 42.338, 43.095, 43.569, 42.59, 40.113, 38.027, 38.414, 39.377, 39.198, 39.99, 40.691, 40.777, 40.745, 38.908, 36.838, 35.586, 35.502, 34.802, 34.835, 34.807, 34.513, 34.357, 34.199, 34.271, 35.018, 33.606, 33.086, 33.254], [25.403, 25.028, 23.332, 21.903, 20.429, 19.103, 18.134, 17.909, 18.038, 17.979, 17.248, 15.804, 14.794, 13.645, 7.997, 5.669, 3.348, 0.0, 5.181, 11.495, 16.898, 21.571, 23.157, 23.317, 24.858, 26.916, 27.554, 30.069, 32.338, 33.824, 35.158, 36.674, 38.462, 37.303, 35.36, 35.134, 37.561, 41.505, 43.236, 43.48, 42.325, 42.541, 43.434, 43.573, 43.186, 43.193, 43.419, 43.528, 46.364, 48.048, 46.861, 46.701, 47.373, 46.833, 43.648, 41.384, 41.634, 42.122, 42.46, 43.217, 43.699, 42.706, 40.207, 38.142, 38.529, 39.475, 39.302, 40.072, 40.727, 40.814, 40.809, 39.088, 37.057, 35.783, 35.691, 35.072, 35.141, 35.073, 34.742, 34.62, 34.469, 34.491, 35.264, 33.879, 33.378, 33.536], [25.395, 25.047, 23.44, 22.174, 20.896, 19.698, 18.783, 18.541, 18.71, 18.614, 17.879, 16.472, 15.436, 14.515, 9.803, 8.148, 7.001, 5.181, 0.0, 7.37, 13.946, 19.427, 21.224, 21.358, 22.852, 24.944, 25.595, 28.221, 30.783, 32.544, 33.956, 35.396, 37.15, 36.022, 34.152, 34.008, 36.494, 40.509, 42.323, 42.564, 41.385, 41.593, 42.444, 42.589, 42.252, 42.287, 42.534, 42.693, 45.551, 47.283, 46.126, 46.029, 47.053, 46.811, 43.661, 41.341, 41.566, 42.027, 42.371, 43.141, 43.633, 42.616, 40.049, 37.965, 38.361, 39.315, 39.181, 39.938, 40.537, 40.698, 40.77, 38.995, 36.877, 35.639, 35.51, 34.913, 35.015, 34.932, 34.643, 34.637, 34.524, 34.443, 35.213, 33.859, 33.389, 33.536], [26.754, 26.29, 24.746, 23.911, 22.832, 21.443, 20.395, 20.233, 20.561, 20.476, 19.984, 18.889, 17.753, 16.806, 13.648, 13.011, 12.369, 11.495, 7.37, 0.0, 8.053, 14.987, 17.345, 17.639, 19.183, 21.48, 22.463, 25.293, 28.102, 30.06, 31.556, 32.968, 34.593, 33.592, 31.924, 31.983, 34.411, 38.326, 40.329, 40.581, 39.41, 39.531, 40.242, 40.378, 40.039, 40.047, 40.426, 40.659, 43.468, 45.228, 44.226, 44.178, 45.598, 45.897, 43.074, 40.945, 41.231, 41.717, 42.077, 42.828, 43.337, 42.338, 39.771, 37.777, 38.167, 39.057, 39.079, 39.775, 40.294, 40.541, 40.557, 38.784, 36.885, 35.938, 35.809, 35.471, 35.772, 35.587, 35.213, 35.305, 35.335, 35.192, 35.869, 34.701, 34.38, 34.472], [29.557, 28.977, 27.689, 27.287, 26.411, 24.817, 23.638, 23.566, 23.988, 24.112, 23.996, 22.869, 21.485, 20.389, 17.939, 17.871, 17.402, 16.898, 13.946, 8.053, 0.0, 8.0, 11.278, 12.075, 13.778, 16.518, 18.522, 21.75, 24.655, 26.713, 28.183, 29.263, 30.496, 29.709, 28.292, 28.495, 30.507, 34.063, 36.194, 36.478, 35.321, 35.369, 36.0, 36.128, 35.751, 35.892, 36.689, 36.938, 39.618, 41.374, 40.49, 40.432, 42.043, 42.873, 40.872, 39.637, 40.243, 40.747, 41.083, 41.781, 42.363, 41.578, 39.245, 37.506, 37.896, 38.783, 39.11, 39.676, 40.16, 40.395, 40.038, 38.232, 36.952, 36.423, 36.349, 36.425, 36.947, 36.581, 36.012, 36.136, 36.29, 36.133, 36.717, 35.714, 35.564, 35.538], [32.597, 32.031, 31.139, 31.068, 30.401, 28.611, 27.294, 27.249, 27.603, 27.861, 27.982, 26.573, 24.821, 23.734, 21.88, 22.177, 21.909, 21.571, 19.427, 14.987, 8.0, 0.0, 4.338, 6.291, 8.871, 12.499, 15.777, 19.079, 21.813, 24.006, 25.502, 26.13, 26.869, 26.342, 25.301, 25.619, 26.927, 29.887, 32.062, 32.48, 31.423, 31.46, 32.041, 32.114, 31.716, 32.093, 33.464, 33.708, 36.075, 37.769, 36.916, 36.835, 38.478, 39.614, 38.572, 38.696, 39.908, 40.468, 40.761, 41.395, 42.045, 41.562, 39.641, 38.266, 38.644, 39.527, 40.103, 40.521, 40.972, 41.158, 40.423, 38.687, 38.108, 37.89, 37.877, 38.374, 39.036, 38.493, 37.76, 37.873, 38.079, 37.811, 38.309, 37.436, 37.453, 37.309], [33.782, 33.302, 32.631, 32.638, 32.01, 30.123, 28.699, 28.625, 28.908, 29.189, 29.398, 27.819, 25.845, 24.738, 23.151, 23.589, 23.431, 23.157, 21.224, 17.345, 11.278, 4.338, 0.0, 3.316, 7.123, 11.27, 14.862, 18.015, 20.654, 23.0, 24.664, 25.301, 25.988, 25.56, 24.677, 25.023, 25.993, 28.735, 31.011, 31.537, 30.577, 30.627, 31.145, 31.156, 30.748, 31.2, 32.798, 33.076, 35.278, 36.924, 36.039, 35.939, 37.561, 38.663, 37.882, 38.595, 40.18, 40.829, 41.119, 41.734, 42.398, 41.997, 40.228, 39.0, 39.347, 40.189, 40.8, 41.17, 41.609, 41.78, 40.966, 39.309, 38.947, 38.808, 38.834, 39.462, 40.145, 39.553, 38.781, 38.849, 39.008, 38.618, 39.078, 38.229, 38.316, 38.138], [34.155, 33.748, 33.175, 33.116, 32.486, 30.676, 29.214, 29.093, 29.327, 29.627, 29.865, 28.242, 26.099, 25.011, 23.463, 23.77, 23.577, 23.317, 21.358, 17.639, 12.075, 6.291, 3.316, 0.0, 4.699, 9.246, 13.065, 16.592, 19.52, 22.031, 23.778, 24.485, 25.246, 24.793, 23.9, 24.239, 25.23, 28.156, 30.569, 31.133, 30.183, 30.273, 30.834, 30.843, 30.421, 30.913, 32.652, 32.958, 35.193, 36.882, 35.956, 35.843, 37.479, 38.581, 37.803, 38.543, 40.205, 40.931, 41.255, 41.892, 42.561, 42.152, 40.397, 39.219, 39.593, 40.436, 41.044, 41.423, 41.867, 42.037, 41.224, 39.525, 39.116, 38.976, 39.001, 39.55, 40.188, 39.605, 38.824, 38.848, 38.907, 38.368, 38.779, 37.917, 37.992, 37.825], [35.724, 35.378, 34.798, 34.601, 34.04, 32.426, 30.943, 30.781, 31.019, 31.399, 31.709, 30.227, 28.149, 27.13, 25.485, 25.411, 25.14, 24.858, 22.852, 19.183, 13.778, 8.871, 7.123, 4.699, 0.0, 5.414, 10.58, 14.897, 18.102, 20.708, 22.288, 22.761, 23.469, 23.029, 22.145, 22.46, 23.564, 26.768, 29.247, 29.804, 28.822, 28.94, 29.58, 29.649, 29.216, 29.739, 31.599, 31.946, 34.328, 36.121, 35.175, 35.06, 36.79, 38.014, 37.369, 38.181, 39.83, 40.578, 40.976, 41.664, 42.338, 41.925, 40.221, 39.17, 39.671, 40.577, 41.216, 41.577, 42.029, 42.189, 41.281, 39.47, 39.094, 39.082, 39.1, 39.535, 40.118, 39.523, 38.723, 38.748, 38.763, 38.084, 38.386, 37.6, 37.701, 37.561], [37.789, 37.553, 37.061, 36.699, 36.196, 34.813, 33.34, 33.131, 33.361, 33.81, 34.187, 32.836, 30.819, 29.911, 28.036, 27.572, 27.25, 26.916, 24.944, 21.48, 16.518, 12.499, 11.27, 9.246, 5.414, 0.0, 6.831, 12.775, 16.812, 19.655, 21.15, 21.512, 22.273, 21.777, 21.041, 21.367, 22.521, 26.059, 28.785, 29.38, 28.335, 28.511, 29.198, 29.272, 28.814, 29.318, 31.241, 31.552, 34.084, 35.994, 35.003, 34.837, 36.658, 38.071, 37.604, 38.528, 40.155, 40.881, 41.339, 42.14, 42.889, 42.475, 40.814, 39.871, 40.428, 41.321, 41.961, 42.337, 42.781, 42.924, 41.979, 40.121, 39.704, 39.733, 39.756, 40.026, 40.509, 39.907, 39.092, 39.118, 39.088, 38.327, 38.557, 37.805, 37.912, 37.84], [38.369, 38.219, 37.753, 37.229, 36.586, 35.287, 33.881, 33.597, 33.811, 34.31, 34.651, 33.407, 31.632, 30.855, 28.915, 28.302, 27.959, 27.554, 25.595, 22.463, 18.522, 15.777, 14.862, 13.065, 10.58, 6.831, 0.0, 8.061, 14.01, 17.703, 19.706, 20.697, 21.96, 21.215, 20.611, 21.114, 22.475, 26.527, 29.809, 30.442, 29.353, 29.782, 30.49, 30.455, 29.998, 30.251, 31.658, 31.817, 34.477, 36.518, 35.493, 35.31, 37.107, 38.515, 38.088, 39.121, 40.781, 41.562, 42.062, 42.935, 43.838, 43.437, 41.584, 40.415, 40.814, 41.559, 42.107, 42.594, 42.977, 43.097, 42.387, 40.629, 39.883, 39.783, 39.795, 39.838, 40.203, 39.641, 38.926, 39.034, 39.028, 38.307, 38.539, 37.728, 37.791, 37.819], [39.904, 39.681, 39.319, 38.991, 38.039, 36.222, 34.642, 34.3, 34.481, 35.004, 35.537, 34.477, 33.044, 32.371, 31.002, 30.832, 30.499, 30.069, 28.221, 25.293, 21.75, 19.079, 18.015, 16.592, 14.897, 12.775, 8.061, 0.0, 7.532, 12.791, 15.933, 17.701, 19.21, 18.514, 18.484, 19.55, 20.579, 24.511, 28.513, 29.392, 28.656, 29.397, 29.932, 29.693, 29.229, 29.09, 29.829, 29.839, 32.184, 34.141, 33.255, 33.116, 34.829, 36.233, 36.29, 38.154, 40.215, 41.162, 41.72, 42.546, 43.577, 43.492, 41.813, 40.627, 40.844, 41.456, 42.065, 42.537, 42.836, 42.948, 42.326, 40.896, 40.474, 40.567, 40.612, 40.885, 41.351, 40.724, 40.055, 40.261, 40.382, 39.718, 39.915, 39.241, 39.423, 39.428], [41.809, 41.553, 41.293, 41.168, 39.98, 37.471, 35.529, 35.126, 35.242, 35.773, 36.709, 35.864, 34.536, 33.868, 32.917, 33.072, 32.706, 32.338, 30.783, 28.102, 24.655, 21.813, 20.654, 19.52, 18.102, 16.812, 14.01, 7.532, 0.0, 6.548, 10.787, 13.41, 15.279, 14.782, 15.443, 17.171, 17.776, 21.332, 25.893, 27.262, 27.044, 27.919, 28.313, 27.973, 27.446, 26.949, 27.304, 27.234, 29.191, 31.006, 30.304, 30.199, 31.566, 32.719, 33.116, 35.73, 38.236, 39.348, 39.989, 40.825, 41.87, 42.106, 41.095, 40.415, 40.75, 41.446, 42.154, 42.514, 42.787, 42.841, 42.023, 40.838, 41.177, 41.601, 41.69, 42.279, 42.857, 42.15, 41.441, 41.646, 41.816, 41.184, 41.345, 40.804, 41.078, 40.986], [43.717, 43.452, 43.176, 43.105, 41.651, 38.64, 36.547, 36.203, 36.318, 36.816, 38.054, 37.443, 36.16, 35.42, 34.482, 34.66, 34.163, 33.824, 32.544, 30.06, 26.713, 24.006, 23.0, 22.031, 20.708, 19.655, 17.703, 12.791, 6.548, 0.0, 5.33, 9.751, 12.419, 12.232, 13.469, 15.767, 16.099, 19.285, 24.515, 26.413, 26.465, 27.313, 27.682, 27.38, 26.816, 25.973, 26.036, 25.921, 27.637, 29.482, 29.077, 28.957, 29.842, 30.624, 31.025, 33.868, 36.512, 37.71, 38.46, 39.383, 40.442, 40.717, 40.222, 40.337, 41.045, 41.83, 42.541, 42.814, 43.094, 43.085, 42.086, 41.068, 41.906, 42.521, 42.679, 43.49, 44.107, 43.356, 42.626, 42.82, 43.003, 42.428, 42.573, 42.031, 42.304, 42.157], [45.377, 45.144, 44.74, 44.657, 43.291, 40.224, 38.106, 37.754, 37.905, 38.425, 39.751, 39.297, 38.051, 37.28, 36.06, 35.964, 35.451, 35.158, 33.956, 31.556, 28.183, 25.502, 24.664, 23.778, 22.288, 21.15, 19.706, 15.933, 10.787, 5.33, 0.0, 5.856, 9.399, 9.456, 11.219, 13.967, 14.535, 17.488, 22.655, 24.908, 25.111, 26.003, 26.513, 26.33, 25.774, 24.834, 24.856, 24.752, 26.527, 28.505, 28.195, 28.023, 28.725, 29.431, 29.76, 32.53, 35.136, 36.301, 37.086, 38.075, 39.139, 39.472, 39.352, 40.076, 41.242, 42.295, 43.03, 43.26, 43.601, 43.584, 42.368, 41.219, 42.3, 43.05, 43.201, 43.989, 44.593, 43.868, 43.155, 43.348, 43.519, 42.978, 43.11, 42.542, 42.766, 42.603], [46.562, 46.374, 45.898, 45.833, 44.922, 42.216, 40.1, 39.662, 39.836, 40.411, 41.632, 41.139, 39.826, 39.089, 37.615, 37.268, 36.898, 36.674, 35.396, 32.968, 29.263, 26.13, 25.301, 24.485, 22.761, 21.512, 20.697, 17.701, 13.41, 9.751, 5.856, 0.0, 4.448, 5.116, 7.893, 11.147, 11.954, 14.902, 19.238, 21.481, 21.842, 22.874, 23.578, 23.51, 22.971, 22.314, 22.767, 22.753, 24.72, 26.73, 26.25, 26.009, 26.863, 27.937, 28.47, 31.315, 34.002, 35.071, 35.75, 36.743, 37.872, 38.47, 38.695, 39.718, 41.201, 42.683, 43.601, 43.784, 44.228, 44.242, 42.754, 41.218, 42.49, 43.433, 43.523, 44.194, 44.788, 44.106, 43.388, 43.588, 43.737, 43.165, 43.27, 42.766, 42.997, 42.824], [47.767, 47.549, 47.106, 47.16, 46.493, 43.943, 41.834, 41.425, 41.638, 42.217, 43.356, 42.788, 41.408, 40.706, 39.297, 38.979, 38.663, 38.462, 37.15, 34.593, 30.496, 26.869, 25.988, 25.246, 23.469, 22.273, 21.96, 19.21, 15.279, 12.419, 9.399, 4.448, 0.0, 3.283, 7.478, 10.815, 10.968, 13.32, 17.332, 19.519, 20.102, 21.161, 21.817, 21.761, 21.217, 20.723, 21.55, 21.573, 23.425, 25.37, 24.898, 24.641, 25.717, 27.296, 28.352, 31.5, 34.261, 35.281, 35.892, 36.822, 37.978, 38.745, 39.139, 40.328, 41.872, 43.447, 44.569, 44.7, 45.161, 45.218, 43.589, 41.915, 43.349, 44.451, 44.536, 45.304, 45.961, 45.239, 44.444, 44.624, 44.792, 44.202, 44.263, 43.841, 44.14, 43.937], [46.554, 46.375, 45.812, 45.753, 45.185, 42.782, 40.689, 40.217, 40.442, 41.094, 42.206, 41.684, 40.371, 39.721, 38.194, 37.736, 37.471, 37.303, 36.022, 33.592, 29.709, 26.342, 25.56, 24.793, 23.029, 21.777, 21.215, 18.514, 14.782, 12.232, 9.456, 5.116, 3.283, 0.0, 5.227, 9.109, 10.324, 13.8, 17.704, 19.733, 20.119, 21.253, 22.072, 22.083, 21.521, 21.02, 21.674, 21.67, 23.852, 25.854, 25.189, 24.942, 26.059, 27.531, 28.33, 31.272, 34.007, 35.021, 35.608, 36.548, 37.686, 38.391, 38.654, 39.648, 41.139, 42.691, 43.763, 44.038, 44.565, 44.594, 43.013, 41.194, 42.346, 43.31, 43.338, 43.916, 44.495, 43.816, 43.05, 43.21, 43.348, 42.803, 42.892, 42.423, 42.663, 42.493], [44.615, 44.516, 43.831, 43.56, 43.06, 40.97, 38.94, 38.379, 38.608, 39.345, 40.419, 39.931, 38.688, 38.026, 36.272, 35.667, 35.455, 35.36, 34.152, 31.924, 28.292, 25.301, 24.677, 23.9, 22.145, 21.041, 20.611, 18.484, 15.443, 13.469, 11.219, 7.893, 7.478, 5.227, 0.0, 4.547, 8.043, 13.649, 17.521, 19.064, 19.021, 20.255, 21.383, 21.567, 21.0, 20.589, 21.131, 21.167, 23.811, 25.848, 25.013, 24.728, 25.743, 26.982, 27.261, 29.804, 32.524, 33.495, 34.029, 35.006, 36.145, 36.819, 36.932, 37.751, 39.251, 40.916, 41.963, 42.371, 43.241, 43.338, 41.729, 39.622, 40.43, 41.306, 41.322, 41.61, 42.073, 41.484, 40.793, 40.962, 41.094, 40.598, 40.713, 40.208, 40.388, 40.288], [44.094, 44.1, 43.489, 43.083, 42.657, 40.85, 38.888, 38.286, 38.488, 39.297, 40.362, 39.808, 38.549, 37.881, 36.013, 35.356, 35.191, 35.134, 34.008, 31.983, 28.495, 25.619, 25.023, 24.239, 22.46, 21.367, 21.114, 19.55, 17.171, 15.767, 13.967, 11.147, 10.815, 9.109, 4.547, 0.0, 6.069, 13.065, 16.842, 18.054, 17.734, 18.981, 20.293, 20.612, 20.071, 19.794, 20.467, 20.566, 23.506, 25.55, 24.589, 24.288, 25.305, 26.502, 26.631, 29.036, 31.726, 32.648, 33.131, 34.111, 35.251, 35.96, 36.078, 36.868, 38.39, 40.166, 41.289, 41.707, 42.851, 43.096, 41.416, 39.118, 39.804, 40.692, 40.719, 40.875, 41.294, 40.736, 40.074, 40.266, 40.401, 39.893, 40.0, 39.502, 39.672, 39.607], [45.903, 45.863, 45.746, 45.656, 44.997, 42.913, 40.965, 40.487, 40.644, 41.403, 42.573, 41.781, 40.316, 39.602, 38.137, 37.953, 37.716, 37.561, 36.494, 34.411, 30.507, 26.927, 25.993, 25.23, 23.564, 22.521, 22.475, 20.579, 17.776, 16.099, 14.535, 11.954, 10.968, 10.324, 8.043, 6.069, 0.0, 8.118, 13.804, 15.423, 15.412, 16.62, 17.619, 17.777, 17.241, 16.981, 18.245, 18.337, 20.655, 22.591, 21.849, 21.587, 22.685, 24.245, 25.285, 28.716, 31.675, 32.611, 33.119, 34.06, 35.248, 36.105, 36.466, 37.566, 39.023, 40.708, 42.04, 42.286, 43.396, 43.713, 41.951, 40.069, 41.383, 42.515, 42.662, 43.33, 43.962, 43.253, 42.484, 42.705, 42.848, 42.212, 42.3, 41.924, 42.245, 42.071], [49.168, 49.036, 49.208, 49.634, 48.943, 46.274, 44.234, 43.91, 44.074, 44.676, 45.909, 44.994, 43.38, 42.724, 41.791, 41.987, 41.711, 41.505, 40.509, 38.326, 34.063, 29.887, 28.735, 28.156, 26.768, 26.059, 26.527, 24.511, 21.332, 19.285, 17.488, 14.902, 13.32, 13.8, 13.649, 13.065, 8.118, 0.0, 8.788, 11.995, 12.938, 13.87, 14.306, 14.28, 13.901, 13.603, 15.565, 15.841, 17.018, 18.686, 18.431, 18.544, 19.943, 22.21, 24.269, 28.503, 31.64, 32.492, 32.924, 33.732, 34.839, 35.964, 37.035, 38.892, 40.585, 42.414, 43.974, 43.973, 44.986, 45.33, 43.366, 42.162, 44.616, 46.116, 46.3, 47.546, 48.469, 47.644, 46.806, 47.071, 47.253, 46.539, 46.6, 46.319, 46.712, 46.343], [50.108, 50.042, 50.12, 50.69, 50.703, 48.336, 46.183, 45.745, 45.897, 46.473, 47.512, 46.536, 44.867, 44.331, 43.404, 43.391, 43.307, 43.236, 42.323, 40.329, 36.194, 32.062, 31.011, 30.569, 29.247, 28.785, 29.809, 28.513, 25.893, 24.515, 22.655, 19.238, 17.332, 17.704, 17.521, 16.842, 13.804, 8.788, 0.0, 5.413, 7.919, 8.758, 9.546, 9.948, 9.858, 10.442, 13.493, 14.32, 15.858, 17.358, 16.528, 16.967, 18.808, 21.459, 23.315, 26.968, 30.048, 30.702, 30.831, 31.449, 32.381, 33.865, 35.651, 37.933, 40.014, 42.473, 44.244, 44.145, 45.166, 45.43, 43.131, 41.93, 45.294, 47.189, 47.23, 48.396, 49.37, 48.599, 47.778, 48.054, 48.237, 47.519, 47.553, 47.346, 47.694, 47.254], [49.51, 49.46, 49.558, 50.11, 50.361, 48.494, 46.481, 45.985, 46.138, 46.745, 47.628, 46.599, 44.979, 44.437, 43.512, 43.5, 43.505, 43.48, 42.564, 40.581, 36.478, 32.48, 31.537, 31.133, 29.804, 29.38, 30.442, 29.392, 27.262, 26.413, 24.908, 21.481, 19.519, 19.733, 19.064, 18.054, 15.423, 11.995, 5.413, 0.0, 4.004, 5.617, 6.72, 7.385, 7.532, 8.773, 12.258, 13.256, 15.122, 16.467, 15.275, 15.749, 17.845, 20.719, 22.429, 25.827, 28.841, 29.445, 29.476, 29.98, 30.911, 32.52, 34.294, 36.485, 38.573, 41.221, 43.141, 43.055, 44.129, 44.361, 41.973, 40.569, 44.094, 46.326, 46.397, 47.442, 48.407, 47.669, 46.872, 47.16, 47.359, 46.644, 46.686, 46.563, 46.943, 46.538], [48.192, 48.171, 48.208, 48.62, 48.89, 47.329, 45.53, 45.066, 45.223, 45.828, 46.598, 45.522, 43.929, 43.399, 42.384, 42.333, 42.358, 42.325, 41.385, 39.41, 35.321, 31.423, 30.577, 30.183, 28.822, 28.335, 29.353, 28.656, 27.044, 26.465, 25.111, 21.842, 20.102, 20.119, 19.021, 17.734, 15.412, 12.938, 7.919, 4.004, 0.0, 3.246, 5.551, 6.617, 6.938, 8.747, 12.339, 13.347, 15.677, 17.067, 15.741, 16.164, 18.323, 21.101, 22.417, 25.434, 28.268, 28.827, 28.849, 29.395, 30.384, 31.86, 33.326, 35.292, 37.368, 40.034, 41.911, 41.874, 42.991, 43.211, 40.883, 39.435, 42.698, 44.838, 44.954, 45.874, 46.782, 46.053, 45.287, 45.604, 45.812, 45.08, 45.137, 44.99, 45.336, 44.953], [48.445, 48.42, 48.473, 48.903, 49.203, 47.618, 45.82, 45.428, 45.585, 46.125, 46.874, 45.747, 44.085, 43.565, 42.573, 42.557, 42.576, 42.541, 41.593, 39.531, 35.369, 31.46, 30.627, 30.273, 28.94, 28.511, 29.782, 29.397, 27.919, 27.313, 26.003, 22.874, 21.161, 21.253, 20.255, 18.981, 16.62, 13.87, 8.758, 5.617, 3.246, 0.0, 3.313, 5.13, 5.732, 8.027, 12.256, 13.466, 15.847, 17.211, 15.96, 16.52, 18.86, 21.661, 22.793, 25.486, 28.178, 28.694, 28.693, 29.219, 30.174, 31.579, 33.098, 35.168, 37.254, 39.918, 41.819, 41.693, 42.79, 43.037, 40.688, 39.427, 42.939, 45.079, 45.207, 46.305, 47.273, 46.492, 45.665, 45.969, 46.184, 45.431, 45.467, 45.329, 45.691, 45.269], [49.094, 49.036, 49.191, 49.739, 49.982, 48.267, 46.426, 46.069, 46.237, 46.736, 47.509, 46.342, 44.656, 44.151, 43.336, 43.481, 43.484, 43.434, 42.444, 40.242, 36.0, 32.041, 31.145, 30.834, 29.58, 29.198, 30.49, 29.932, 28.313, 27.682, 26.513, 23.578, 21.817, 22.072, 21.383, 20.293, 17.619, 14.306, 9.546, 6.72, 5.551, 3.313, 0.0, 2.388, 3.647, 6.312, 11.052, 12.395, 14.472, 15.745, 14.629, 15.432, 18.182, 21.289, 22.625, 25.502, 28.241, 28.781, 28.798, 29.258, 30.192, 31.606, 33.185, 35.312, 37.292, 39.858, 41.844, 41.641, 42.681, 42.999, 40.68, 39.611, 43.433, 45.77, 45.932, 47.249, 48.336, 47.514, 46.639, 46.934, 47.168, 46.413, 46.45, 46.362, 46.79, 46.336], [49.125, 49.051, 49.271, 49.873, 50.065, 48.286, 46.425, 46.064, 46.227, 46.725, 47.518, 46.309, 44.592, 44.095, 43.388, 43.619, 43.618, 43.573, 42.589, 40.378, 36.128, 32.114, 31.156, 30.843, 29.649, 29.272, 30.455, 29.693, 27.973, 27.38, 26.33, 23.51, 21.761, 22.083, 21.567, 20.612, 17.777, 14.28, 9.948, 7.385, 6.617, 5.13, 2.388, 0.0, 2.104, 5.278, 10.38, 11.697, 13.527, 14.796, 13.658, 14.557, 17.503, 20.756, 22.307, 25.494, 28.36, 28.95, 28.981, 29.423, 30.376, 31.809, 33.329, 35.354, 37.222, 39.716, 41.724, 41.508, 42.519, 42.866, 40.592, 39.616, 43.531, 45.946, 46.126, 47.492, 48.609, 47.781, 46.896, 47.183, 47.414, 46.631, 46.662, 46.595, 47.054, 46.594], [48.758, 48.681, 48.898, 49.49, 49.678, 47.884, 45.994, 45.623, 45.792, 46.316, 47.159, 45.976, 44.23, 43.705, 42.972, 43.188, 43.181, 43.186, 42.252, 40.039, 35.751, 31.716, 30.748, 30.421, 29.216, 28.814, 29.998, 29.229, 27.446, 26.816, 25.774, 22.971, 21.217, 21.521, 21.0, 20.071, 17.241, 13.901, 9.858, 7.532, 6.938, 5.732, 3.647, 2.104, 0.0, 4.318, 10.003, 11.31, 13.167, 14.534, 13.384, 14.213, 17.139, 20.378, 21.984, 25.299, 28.262, 28.922, 29.008, 29.497, 30.465, 31.87, 33.333, 35.3, 37.137, 39.589, 41.565, 41.364, 42.395, 42.736, 40.449, 39.392, 43.239, 45.635, 45.814, 47.164, 48.274, 47.456, 46.576, 46.845, 47.049, 46.254, 46.285, 46.217, 46.679, 46.221], [48.784, 48.664, 48.839, 49.47, 49.486, 47.443, 45.482, 45.141, 45.336, 45.84, 46.789, 45.83, 44.259, 43.709, 43.037, 43.257, 43.186, 43.193, 42.287, 40.047, 35.892, 32.093, 31.2, 30.913, 29.739, 29.318, 30.251, 29.09, 26.949, 25.973, 24.834, 22.314, 20.723, 21.02, 20.589, 19.794, 16.981, 13.603, 10.442, 8.773, 8.747, 8.027, 6.312, 5.278, 4.318, 0.0, 6.334, 8.026, 10.233, 12.276, 11.432, 12.536, 15.687, 19.021, 20.674, 24.13, 27.168, 27.94, 28.184, 28.776, 29.772, 31.122, 32.687, 34.911, 36.806, 39.153, 41.07, 40.863, 41.921, 42.308, 40.06, 39.08, 42.98, 45.476, 45.697, 47.119, 48.251, 47.451, 46.62, 46.939, 47.205, 46.472, 46.516, 46.489, 46.991, 46.54], [48.792, 48.642, 48.66, 49.256, 49.1, 46.899, 44.937, 44.605, 44.852, 45.355, 46.351, 45.689, 44.551, 44.082, 43.404, 43.569, 43.451, 43.419, 42.534, 40.426, 36.689, 33.464, 32.798, 32.652, 31.599, 31.241, 31.658, 29.829, 27.304, 26.036, 24.856, 22.767, 21.55, 21.674, 21.131, 20.467, 18.245, 15.565, 13.493, 12.258, 12.339, 12.256, 11.052, 10.38, 10.003, 6.334, 0.0, 3.216, 7.511, 10.707, 10.18, 11.5, 14.632, 17.816, 19.237, 22.651, 25.656, 26.482, 26.859, 27.491, 28.505, 29.834, 31.438, 33.828, 35.786, 38.098, 39.991, 39.842, 40.958, 41.414, 39.31, 38.455, 42.339, 44.978, 45.232, 46.598, 47.7, 46.934, 46.207, 46.652, 47.12, 46.653, 46.785, 46.774, 47.268, 46.864], [48.833, 48.676, 48.704, 49.28, 49.059, 46.859, 44.955, 44.649, 44.924, 45.48, 46.504, 45.849, 44.763, 44.332, 43.581, 43.709, 43.565, 43.528, 42.693, 40.659, 36.938, 33.708, 33.076, 32.958, 31.946, 31.552, 31.817, 29.839, 27.234, 25.921, 24.752, 22.753, 21.573, 21.67, 21.167, 20.566, 18.337, 15.841, 14.32, 13.256, 13.347, 13.466, 12.395, 11.697, 11.31, 8.026, 3.216, 0.0, 6.147, 10.059, 9.393, 10.269, 13.334, 16.66, 18.35, 22.127, 25.184, 26.049, 26.481, 27.107, 28.119, 29.439, 30.981, 33.285, 35.165, 37.425, 39.347, 39.201, 40.285, 40.734, 38.62, 37.753, 41.647, 44.334, 44.604, 46.002, 47.095, 46.303, 45.572, 46.033, 46.58, 46.293, 46.532, 46.498, 46.985, 46.619], [50.708, 50.486, 50.795, 51.671, 51.266, 48.753, 46.849, 46.604, 46.859, 47.368, 48.521, 47.843, 46.703, 46.282, 46.055, 46.584, 46.395, 46.364, 45.551, 43.468, 39.618, 36.075, 35.278, 35.193, 34.328, 34.084, 34.477, 32.184, 29.191, 27.637, 26.527, 24.72, 23.425, 23.852, 23.811, 23.506, 20.655, 17.018, 15.858, 15.122, 15.677, 15.847, 14.472, 13.527, 13.167, 10.233, 7.511, 6.147, 0.0, 4.91, 5.756, 7.382, 11.142, 15.242, 17.971, 22.783, 26.153, 27.089, 27.568, 28.132, 29.09, 30.583, 32.5, 35.105, 36.879, 38.966, 40.92, 40.674, 41.681, 42.144, 39.987, 39.403, 43.629, 46.43, 46.741, 48.524, 49.791, 48.954, 48.223, 48.665, 49.147, 48.806, 49.132, 49.249, 49.843, 49.416], [51.424, 51.19, 51.665, 52.694, 52.282, 49.753, 47.856, 47.592, 47.817, 48.304, 49.48, 48.786, 47.657, 47.274, 47.412, 48.245, 48.084, 48.048, 47.283, 45.228, 41.374, 37.769, 36.924, 36.882, 36.121, 35.994, 36.518, 34.141, 31.006, 29.482, 28.505, 26.73, 25.37, 25.854, 25.848, 25.55, 22.591, 18.686, 17.358, 16.467, 17.067, 17.211, 15.745, 14.796, 14.534, 12.276, 10.707, 10.059, 4.91, 0.0, 3.832, 6.685, 10.518, 14.882, 17.938, 23.095, 26.624, 27.55, 27.951, 28.452, 29.421, 31.16, 33.389, 36.093, 37.818, 39.902, 41.888, 41.614, 42.645, 43.123, 40.938, 40.465, 44.842, 47.675, 47.976, 49.893, 51.27, 50.433, 49.694, 50.096, 50.493, 50.041, 50.392, 50.663, 51.319, 50.85], [50.142, 49.976, 50.441, 51.376, 51.152, 48.87, 46.978, 46.641, 46.849, 47.407, 48.521, 47.75, 46.575, 46.207, 46.189, 46.909, 46.858, 46.861, 46.126, 44.226, 40.49, 36.916, 36.039, 35.956, 35.175, 35.003, 35.493, 33.255, 30.304, 29.077, 28.195, 26.25, 24.898, 25.189, 25.013, 24.589, 21.849, 18.431, 16.528, 15.275, 15.741, 15.96, 14.629, 13.658, 13.384, 11.432, 10.18, 9.393, 5.756, 3.832, 0.0, 4.224, 8.982, 13.518, 16.564, 21.866, 25.543, 26.475, 26.792, 27.278, 28.284, 30.069, 32.203, 34.683, 36.372, 38.567, 40.58, 40.35, 41.386, 41.817, 39.596, 38.994, 43.373, 46.23, 46.499, 48.254, 49.571, 48.743, 47.978, 48.356, 48.728, 48.265, 48.627, 48.895, 49.549, 49.124], [50.1, 49.951, 50.408, 51.237, 51.001, 48.854, 47.011, 46.689, 46.909, 47.528, 48.656, 47.874, 46.679, 46.245, 46.024, 46.658, 46.627, 46.701, 46.029, 44.178, 40.432, 36.835, 35.939, 35.843, 35.06, 34.837, 35.31, 33.116, 30.199, 28.957, 28.023, 26.009, 24.641, 24.942, 24.728, 24.288, 21.587, 18.544, 16.967, 15.749, 16.164, 16.52, 15.432, 14.557, 14.213, 12.536, 11.5, 10.269, 7.382, 6.685, 4.224, 0.0, 6.093, 11.487, 15.069, 20.903, 24.689, 25.675, 26.032, 26.568, 27.628, 29.375, 31.364, 33.805, 35.494, 37.669, 39.691, 39.46, 40.477, 40.873, 38.606, 37.979, 42.369, 45.252, 45.573, 47.303, 48.582, 47.722, 46.919, 47.295, 47.712, 47.318, 47.721, 48.019, 48.698, 48.389], [51.217, 51.064, 51.477, 52.16, 51.726, 49.547, 47.723, 47.416, 47.621, 48.305, 49.528, 48.788, 47.636, 47.077, 46.701, 47.319, 47.249, 47.373, 47.053, 45.598, 42.043, 38.478, 37.561, 37.479, 36.79, 36.658, 37.107, 34.829, 31.566, 29.842, 28.725, 26.863, 25.717, 26.059, 25.743, 25.305, 22.685, 19.943, 18.808, 17.845, 18.323, 18.86, 18.182, 17.503, 17.139, 15.687, 14.632, 13.334, 11.142, 10.518, 8.982, 6.093, 0.0, 6.374, 11.812, 19.295, 23.499, 24.562, 24.924, 25.46, 26.592, 28.472, 30.719, 33.425, 35.205, 37.389, 39.347, 39.054, 40.094, 40.333, 37.926, 37.532, 42.254, 45.164, 45.576, 47.322, 48.514, 47.608, 46.774, 47.109, 47.577, 47.317, 47.761, 48.1, 48.779, 48.526], [51.168, 51.037, 51.403, 51.926, 51.309, 49.091, 47.286, 46.96, 47.114, 47.851, 49.196, 48.504, 47.404, 46.737, 46.199, 46.78, 46.694, 46.833, 46.811, 45.897, 42.873, 39.614, 38.663, 38.581, 38.014, 38.071, 38.515, 36.233, 32.719, 30.624, 29.431, 27.937, 27.296, 27.531, 26.982, 26.502, 24.245, 22.21, 21.459, 20.719, 21.101, 21.661, 21.289, 20.756, 20.378, 19.021, 17.816, 16.66, 15.242, 14.882, 13.518, 11.487, 6.374, 0.0, 7.761, 17.033, 21.76, 22.97, 23.343, 23.842, 24.98, 26.854, 29.263, 32.149, 34.001, 36.183, 37.974, 37.64, 38.692, 38.8, 36.344, 36.16, 41.144, 44.054, 44.526, 46.285, 47.392, 46.462, 45.631, 45.905, 46.344, 46.161, 46.681, 47.027, 47.709, 47.464], [48.148, 48.063, 48.28, 48.721, 48.173, 46.056, 44.284, 43.928, 44.077, 44.751, 46.087, 45.525, 44.527, 43.871, 43.128, 43.568, 43.5, 43.648, 43.661, 43.074, 40.872, 38.572, 37.882, 37.803, 37.369, 37.604, 38.088, 36.29, 33.116, 31.025, 29.76, 28.47, 28.352, 28.33, 27.261, 26.631, 25.285, 24.269, 23.315, 22.429, 22.417, 22.793, 22.625, 22.307, 21.984, 20.674, 19.237, 18.35, 17.971, 17.938, 16.564, 15.069, 11.812, 7.761, 0.0, 10.038, 15.454, 16.966, 17.448, 18.147, 19.389, 21.292, 24.048, 27.491, 29.909, 32.54, 34.202, 33.911, 35.141, 35.364, 33.016, 32.666, 37.575, 40.482, 40.957, 42.628, 43.736, 42.911, 42.176, 42.464, 42.848, 42.699, 43.377, 43.719, 44.34, 44.147], [45.546, 45.517, 45.528, 45.938, 45.659, 43.808, 42.146, 41.821, 42.009, 42.521, 43.709, 43.378, 42.566, 42.019, 41.064, 41.252, 41.206, 41.384, 41.341, 40.945, 39.637, 38.696, 38.595, 38.543, 38.181, 38.528, 39.121, 38.154, 35.73, 33.868, 32.53, 31.315, 31.5, 31.272, 29.804, 29.036, 28.716, 28.503, 26.968, 25.827, 25.434, 25.486, 25.502, 25.494, 25.299, 24.13, 22.651, 22.127, 22.783, 23.095, 21.866, 20.903, 19.295, 17.033, 10.038, 0.0, 6.439, 8.75, 9.582, 10.814, 12.347, 14.449, 18.152, 22.77, 26.199, 29.557, 31.15, 30.85, 32.307, 32.756, 30.565, 29.894, 34.636, 37.592, 38.066, 39.618, 40.766, 40.102, 39.473, 39.822, 40.197, 40.124, 40.938, 41.238, 41.73, 41.579], [45.321, 45.292, 45.22, 45.593, 45.345, 43.694, 42.252, 42.031, 42.27, 42.726, 43.828, 43.641, 43.027, 42.538, 41.469, 41.546, 41.481, 41.634, 41.566, 41.231, 40.243, 39.908, 40.18, 40.205, 39.83, 40.155, 40.781, 40.215, 38.236, 36.512, 35.136, 34.002, 34.261, 34.007, 32.524, 31.726, 31.675, 31.64, 30.048, 28.841, 28.268, 28.178, 28.241, 28.36, 28.262, 27.168, 25.656, 25.184, 26.153, 26.624, 25.543, 24.689, 23.499, 21.76, 15.454, 6.439, 0.0, 3.66, 5.611, 7.243, 9.071, 11.174, 15.397, 20.748, 24.672, 28.225, 29.787, 29.434, 30.93, 31.522, 29.454, 28.775, 33.466, 36.486, 37.009, 38.642, 39.864, 39.239, 38.648, 39.058, 39.506, 39.526, 40.389, 40.667, 41.104, 40.965], [45.799, 45.763, 45.646, 46.003, 45.793, 44.24, 42.859, 42.638, 42.895, 43.349, 44.381, 44.183, 43.62, 43.145, 42.011, 42.062, 42.008, 42.122, 42.027, 41.717, 40.747, 40.468, 40.829, 40.931, 40.578, 40.881, 41.562, 41.162, 39.348, 37.71, 36.301, 35.071, 35.281, 35.021, 33.495, 32.648, 32.611, 32.492, 30.702, 29.445, 28.827, 28.694, 28.781, 28.95, 28.922, 27.94, 26.482, 26.049, 27.089, 27.55, 26.475, 25.675, 24.562, 22.97, 16.966, 8.75, 3.66, 0.0, 3.017, 5.53, 7.791, 10.111, 14.622, 20.223, 24.293, 27.991, 29.593, 29.224, 30.831, 31.466, 29.432, 28.903, 33.692, 36.692, 37.195, 38.825, 40.045, 39.426, 38.865, 39.309, 39.793, 39.825, 40.641, 40.951, 41.4, 41.25], [46.081, 46.061, 45.915, 46.278, 46.182, 44.7, 43.315, 43.039, 43.275, 43.74, 44.722, 44.481, 43.899, 43.442, 42.295, 42.343, 42.338, 42.46, 42.371, 42.077, 41.083, 40.761, 41.119, 41.255, 40.976, 41.339, 42.062, 41.72, 39.989, 38.46, 37.086, 35.75, 35.892, 35.608, 34.029, 33.131, 33.119, 32.924, 30.831, 29.476, 28.849, 28.693, 28.798, 28.981, 29.008, 28.184, 26.859, 26.481, 27.568, 27.951, 26.792, 26.032, 24.924, 23.343, 17.448, 9.582, 5.611, 3.017, 0.0, 3.443, 6.371, 9.211, 14.032, 19.756, 23.905, 27.794, 29.509, 29.137, 30.812, 31.439, 29.333, 28.871, 33.894, 36.923, 37.375, 38.955, 40.174, 39.539, 38.95, 39.396, 39.884, 39.915, 40.718, 41.079, 41.533, 41.369], [46.463, 46.43, 46.291, 46.729, 46.714, 45.252, 43.901, 43.639, 43.874, 44.361, 45.329, 45.066, 44.495, 44.056, 42.968, 43.061, 43.095, 43.217, 43.141, 42.828, 41.781, 41.395, 41.734, 41.892, 41.664, 42.14, 42.935, 42.546, 40.825, 39.383, 38.075, 36.743, 36.822, 3