[[0.0, 3.478, 5.499, 12.029, 19.419, 22.046, 22.739, 23.753, 26.918, 33.231, 36.17, 36.811, 39.905, 40.209, 40.187, 39.961, 39.49, 40.837, 39.899, 41.876, 45.497, 46.563, 46.2, 45.199, 45.016, 44.809, 43.352, 41.362, 40.267, 40.479, 41.248, 41.811, 43.207, 44.114, 44.214, 43.786, 44.061, 43.989, 43.645, 43.824, 43.916, 43.363, 42.751, 42.376, 41.803, 42.157, 44.411, 46.802, 47.171, 46.883, 47.144, 46.972, 46.774, 45.922, 44.79, 44.726, 46.024, 48.392, 50.429, 50.959, 50.191, 48.35, 47.268, 47.143, 46.536, 45.646, 46.143, 47.075, 47.465, 46.487, 45.878, 46.208, 46.395, 46.318, 46.083, 45.581, 45.722, 46.215, 46.865, 47.514, 48.323, 48.775, 48.294, 46.817, 45.935, 45.979], [3.478, 0.0, 3.887, 10.847, 17.571, 20.13, 20.852, 21.802, 24.854, 30.928, 33.862, 34.553, 37.645, 38.018, 38.014, 37.903, 37.932, 39.651, 38.649, 40.739, 44.602, 45.824, 45.586, 44.752, 44.603, 44.384, 42.874, 40.744, 39.509, 39.657, 40.525, 41.167, 42.455, 43.271, 43.537, 43.628, 44.158, 44.127, 43.923, 44.101, 44.195, 43.761, 43.246, 42.95, 42.406, 42.813, 45.287, 47.75, 48.106, 47.857, 48.173, 48.022, 47.818, 46.941, 45.729, 45.467, 46.477, 48.622, 50.523, 50.969, 50.273, 48.605, 47.643, 47.599, 47.034, 46.086, 46.565, 47.523, 47.921, 46.995, 46.46, 46.848, 47.003, 46.968, 46.769, 46.327, 46.526, 47.032, 47.766, 48.451, 49.258, 49.697, 49.201, 47.673, 46.707, 46.73], [5.499, 3.887, 0.0, 8.327, 16.357, 19.139, 19.89, 20.846, 24.036, 30.58, 33.665, 34.411, 37.579, 37.941, 37.959, 37.702, 37.187, 38.768, 37.955, 39.899, 43.595, 44.791, 44.572, 43.748, 43.605, 43.395, 41.873, 39.754, 38.571, 38.763, 39.646, 40.313, 41.684, 42.508, 42.704, 42.71, 43.226, 43.167, 42.908, 43.089, 43.2, 42.754, 42.242, 41.921, 41.333, 41.687, 44.121, 46.579, 46.942, 46.655, 46.943, 46.801, 46.59, 45.704, 44.449, 44.178, 45.27, 47.512, 49.475, 49.952, 49.237, 47.516, 46.523, 46.459, 45.87, 44.853, 45.259, 46.201, 46.627, 45.696, 45.143, 45.524, 45.692, 45.641, 45.417, 44.929, 45.099, 45.603, 46.315, 46.978, 47.779, 48.211, 47.743, 46.239, 45.29, 45.314], [12.029, 10.847, 8.327, 0.0, 10.225, 14.246, 15.45, 16.697, 20.199, 27.672, 31.065, 31.864, 35.04, 35.324, 35.312, 34.762, 33.512, 34.969, 34.262, 36.39, 40.27, 41.511, 41.363, 40.651, 40.497, 40.338, 38.86, 36.764, 35.687, 35.948, 36.98, 37.784, 39.093, 39.753, 39.979, 40.308, 41.147, 41.285, 41.077, 41.158, 41.287, 41.081, 40.858, 40.612, 40.026, 40.41, 43.119, 45.715, 46.069, 45.866, 46.3, 46.238, 46.01, 45.05, 43.613, 43.039, 43.738, 45.672, 47.44, 47.835, 47.205, 45.708, 44.953, 45.01, 44.523, 43.562, 43.974, 44.979, 45.479, 44.646, 44.239, 44.729, 44.945, 45.016, 44.741, 44.304, 44.598, 45.201, 46.199, 46.996, 47.806, 48.214, 47.699, 46.109, 44.991, 44.98], [19.419, 17.571, 16.357, 10.225, 0.0, 6.241, 8.719, 10.412, 14.389, 21.542, 24.987, 25.881, 28.719, 28.973, 28.951, 28.616, 29.24, 31.899, 30.687, 33.642, 38.603, 40.189, 40.286, 40.06, 39.985, 39.826, 38.205, 35.606, 34.254, 34.611, 36.223, 37.278, 37.913, 38.05, 38.719, 40.419, 42.039, 42.428, 42.628, 42.633, 42.71, 42.935, 43.161, 43.284, 43.068, 43.775, 47.152, 49.988, 50.302, 50.282, 50.925, 50.86, 50.544, 49.461, 47.867, 46.887, 46.723, 47.689, 48.731, 48.785, 48.51, 47.816, 47.601, 47.9, 47.546, 46.584, 47.028, 48.172, 48.71, 48.211, 48.228, 48.893, 49.043, 49.258, 49.179, 49.087, 49.62, 50.227, 51.477, 52.401, 53.208, 53.633, 53.036, 51.286, 49.998, 50.018], [22.046, 20.13, 19.139, 14.246, 6.241, 0.0, 3.686, 6.912, 12.115, 19.617, 23.16, 24.04, 26.63, 26.886, 26.903, 26.682, 28.031, 31.195, 29.81, 32.998, 38.322, 40.044, 40.222, 40.181, 40.19, 39.999, 38.171, 35.14, 33.536, 33.959, 36.029, 37.463, 38.009, 37.947, 38.772, 40.914, 42.691, 43.124, 43.485, 43.47, 43.506, 43.793, 44.075, 44.275, 44.233, 45.129, 48.775, 51.737, 52.039, 51.984, 52.586, 52.469, 52.072, 50.961, 49.376, 48.382, 48.143, 48.916, 49.766, 49.748, 49.633, 49.144, 48.968, 49.295, 48.884, 47.712, 48.092, 49.338, 49.872, 49.481, 49.643, 50.323, 50.452, 50.726, 50.778, 50.781, 51.317, 51.814, 52.977, 53.871, 54.695, 55.18, 54.641, 52.924, 51.705, 51.779], [22.739, 20.852, 19.89, 15.45, 8.719, 3.686, 0.0, 4.93, 11.424, 19.368, 22.961, 23.869, 26.413, 26.616, 26.646, 26.529, 28.013, 31.242, 29.87, 33.018, 38.356, 40.136, 40.302, 40.237, 40.266, 40.044, 38.133, 35.001, 33.324, 33.736, 35.917, 37.469, 38.059, 37.987, 38.876, 41.058, 42.777, 43.194, 43.589, 43.583, 43.634, 43.934, 44.163, 44.317, 44.282, 45.205, 48.901, 51.891, 52.205, 52.13, 52.714, 52.582, 52.152, 51.059, 49.518, 48.571, 48.41, 49.225, 50.096, 50.08, 49.965, 49.468, 49.249, 49.563, 49.12, 47.875, 48.247, 49.498, 50.004, 49.631, 49.81, 50.455, 50.592, 50.9, 50.994, 50.974, 51.481, 51.937, 53.03, 53.89, 54.717, 55.222, 54.716, 53.035, 51.854, 51.937], [23.753, 21.802, 20.846, 16.697, 10.412, 6.912, 4.93, 0.0, 8.367, 17.346, 21.212, 22.305, 24.848, 24.898, 24.989, 25.155, 27.159, 30.714, 29.227, 32.282, 37.683, 39.538, 39.764, 39.761, 39.795, 39.542, 37.635, 34.461, 32.829, 33.571, 36.061, 37.611, 38.097, 38.019, 38.968, 41.225, 42.98, 43.369, 43.758, 43.72, 43.801, 44.283, 44.628, 44.84, 44.851, 45.754, 49.476, 52.463, 52.76, 52.668, 53.228, 53.103, 52.681, 51.607, 50.102, 49.106, 48.787, 49.436, 50.226, 50.184, 50.069, 49.634, 49.472, 49.795, 49.342, 48.077, 48.366, 49.484, 49.926, 49.59, 49.859, 50.528, 50.689, 51.032, 51.212, 51.236, 51.72, 52.091, 53.133, 54.012, 54.829, 55.344, 54.846, 53.184, 52.026, 52.13], [26.918, 24.854, 24.036, 20.199, 14.389, 12.115, 11.424, 8.367, 0.0, 10.809, 15.584, 16.779, 19.85, 20.075, 20.288, 20.251, 22.63, 26.839, 25.321, 28.757, 34.572, 36.767, 37.411, 37.833, 37.906, 37.725, 36.214, 33.334, 31.934, 33.537, 36.861, 38.309, 38.186, 37.739, 38.665, 41.465, 43.696, 44.068, 44.417, 44.287, 44.441, 45.291, 46.109, 46.608, 46.701, 47.603, 51.332, 54.3, 54.556, 54.493, 55.084, 55.048, 54.687, 53.653, 52.119, 50.628, 49.463, 49.337, 49.647, 49.482, 49.517, 49.36, 49.491, 50.023, 49.682, 48.517, 48.744, 49.753, 50.161, 49.89, 50.511, 51.382, 51.572, 51.98, 52.216, 52.404, 52.947, 53.193, 54.319, 55.35, 56.193, 56.724, 56.191, 54.525, 53.287, 53.323], [33.231, 30.928, 30.58, 27.672, 21.542, 19.617, 19.368, 17.346, 10.809, 0.0, 5.765, 7.652, 11.487, 12.396, 12.794, 13.337, 20.45, 26.491, 24.677, 28.899, 35.481, 38.222, 39.417, 40.55, 40.72, 40.65, 39.532, 36.785, 35.245, 36.844, 40.373, 41.564, 40.544, 39.563, 40.741, 44.69, 47.567, 47.987, 48.524, 48.338, 48.45, 49.616, 50.786, 51.612, 51.881, 52.872, 56.804, 59.789, 59.992, 60.089, 60.847, 60.87, 60.524, 59.499, 57.896, 55.861, 53.72, 52.653, 52.297, 51.814, 52.151, 52.68, 53.302, 54.106, 53.936, 52.911, 53.227, 54.312, 54.769, 54.703, 55.653, 56.689, 56.749, 57.174, 57.544, 58.014, 58.777, 59.092, 60.416, 61.566, 62.421, 62.986, 62.398, 60.596, 59.205, 59.151], [36.17, 33.862, 33.665, 31.065, 24.987, 23.16, 22.961, 21.212, 15.584, 5.765, 0.0, 3.887, 8.304, 9.526, 10.104, 11.102, 20.718, 27.384, 25.524, 29.988, 36.746, 39.683, 41.083, 42.431, 42.605, 42.609, 41.624, 38.951, 37.395, 38.749, 42.043, 43.046, 41.726, 40.591, 41.825, 46.087, 49.078, 49.502, 50.123, 49.87, 49.904, 51.191, 52.456, 53.366, 53.759, 54.786, 58.806, 61.811, 61.992, 62.148, 62.975, 63.019, 62.67, 61.657, 60.041, 57.823, 55.347, 53.975, 53.434, 52.844, 53.305, 54.137, 54.951, 55.826, 55.704, 54.709, 55.079, 56.234, 56.726, 56.761, 57.775, 58.826, 58.79, 59.24, 59.737, 60.343, 61.218, 61.606, 63.008, 64.167, 65.024, 65.625, 65.03, 63.166, 61.738, 61.662], [36.811, 34.553, 34.411, 31.864, 25.881, 24.04, 23.869, 22.305, 16.779, 7.652, 3.887, 0.0, 6.137, 8.365, 8.872, 9.818, 20.483, 27.456, 25.504, 29.864, 36.694, 39.749, 41.232, 42.63, 42.805, 42.849, 41.92, 39.257, 37.665, 38.932, 42.196, 43.181, 41.779, 40.617, 41.85, 46.159, 49.194, 49.62, 50.268, 50.033, 50.098, 51.398, 52.664, 53.578, 53.982, 55.122, 59.212, 62.204, 62.393, 62.553, 63.385, 63.433, 63.094, 62.093, 60.494, 58.268, 55.751, 54.305, 53.726, 53.152, 53.636, 54.516, 55.391, 56.327, 56.246, 55.251, 55.577, 56.697, 57.186, 57.237, 58.292, 59.357, 59.303, 59.726, 60.172, 60.765, 61.651, 62.058, 63.499, 64.703, 65.583, 66.189, 65.597, 63.746, 62.329, 62.25], [39.905, 37.645, 37.579, 35.04, 28.719, 26.63, 26.413, 24.848, 19.85, 11.487, 8.304, 6.137, 0.0, 4.437, 5.589, 8.19, 21.503, 28.878, 26.623, 30.493, 37.354, 40.57, 42.156, 43.719, 43.946, 43.957, 42.864, 39.981, 38.26, 39.3, 42.558, 43.738, 42.155, 40.801, 42.232, 47.055, 50.33, 50.919, 51.792, 51.5, 51.501, 52.943, 54.299, 55.267, 55.718, 56.978, 61.532, 64.689, 64.852, 65.011, 65.873, 65.928, 65.57, 64.556, 62.912, 60.597, 57.906, 56.245, 55.555, 54.925, 55.508, 56.575, 57.494, 58.437, 58.38, 57.29, 57.546, 58.714, 59.223, 59.372, 60.475, 61.519, 61.424, 61.897, 62.386, 62.989, 63.903, 64.325, 65.852, 67.109, 68.002, 68.625, 68.059, 66.208, 64.782, 64.693], [40.209, 38.018, 37.941, 35.324, 28.973, 26.886, 26.616, 24.898, 20.075, 12.396, 9.526, 8.365, 4.437, 0.0, 2.817, 7.411, 20.71, 28.113, 25.794, 29.559, 36.454, 39.691, 41.248, 42.769, 42.997, 42.98, 41.81, 38.882, 37.186, 38.27, 41.616, 42.891, 41.355, 40.062, 41.55, 46.361, 49.613, 50.217, 51.074, 50.694, 50.659, 52.192, 53.624, 54.617, 55.139, 56.379, 61.028, 64.288, 64.447, 64.603, 65.483, 65.55, 65.191, 64.188, 62.552, 60.211, 57.464, 55.772, 55.101, 54.462, 55.012, 56.051, 56.959, 57.896, 57.825, 56.694, 56.917, 58.092, 58.601, 58.777, 59.889, 60.929, 60.86, 61.41, 62.006, 62.651, 63.576, 63.978, 65.471, 66.706, 67.588, 68.241, 67.695, 65.817, 64.364, 64.282], [40.187, 38.014, 37.959, 35.312, 28.951, 26.903, 26.646, 24.989, 20.288, 12.794, 10.104, 8.872, 5.589, 2.817, 0.0, 6.278, 20.035, 27.584, 25.214, 29.11, 36.236, 39.503, 40.997, 42.494, 42.732, 42.722, 41.598, 38.7, 36.971, 38.015, 41.386, 42.714, 41.224, 39.973, 41.466, 46.273, 49.555, 50.171, 50.989, 50.628, 50.623, 52.15, 53.547, 54.492, 54.99, 56.255, 60.87, 64.108, 64.294, 64.491, 65.414, 65.486, 65.12, 64.105, 62.457, 60.13, 57.42, 55.756, 55.093, 54.445, 54.961, 55.994, 56.93, 57.896, 57.845, 56.74, 56.981, 58.164, 58.694, 58.855, 59.939, 60.995, 60.961, 61.508, 62.045, 62.653, 63.588, 64.037, 65.56, 66.807, 67.689, 68.329, 67.786, 65.901, 64.417, 64.321], [39.961, 37.903, 37.702, 34.762, 28.616, 26.682, 26.529, 25.155, 20.251, 13.337, 11.102, 9.818, 8.19, 7.411, 6.278, 0.0, 15.504, 23.557, 21.234, 25.77, 33.416, 36.797, 38.356, 39.973, 40.228, 40.338, 39.49, 36.914, 35.497, 36.779, 40.268, 41.584, 40.005, 38.551, 39.814, 44.592, 48.006, 48.615, 49.378, 49.041, 49.113, 50.643, 52.071, 52.981, 53.424, 54.707, 59.232, 62.434, 62.674, 62.973, 63.968, 64.086, 63.707, 62.671, 60.985, 58.584, 55.823, 54.073, 53.296, 52.675, 53.237, 54.287, 55.269, 56.297, 56.321, 55.285, 55.516, 56.749, 57.348, 57.494, 58.617, 59.719, 59.701, 60.239, 60.601, 61.136, 62.106, 62.635, 64.285, 65.564, 66.451, 67.067, 66.507, 64.626, 63.112, 62.962], [39.49, 37.932, 37.187, 33.512, 29.24, 28.031, 28.013, 27.159, 22.63, 20.45, 20.718, 20.483, 21.503, 20.71, 20.035, 15.504, 0.0, 8.926, 8.178, 14.026, 22.302, 25.841, 27.588, 29.454, 29.845, 30.259, 30.273, 29.092, 28.945, 31.18, 35.205, 37.025, 36.3, 35.147, 35.667, 39.518, 42.661, 43.301, 43.806, 43.375, 43.622, 45.112, 46.608, 47.33, 47.537, 48.502, 52.523, 55.648, 55.932, 56.259, 57.274, 57.559, 57.225, 56.298, 54.703, 52.135, 49.306, 47.642, 47.001, 46.644, 47.002, 47.373, 47.996, 49.046, 49.229, 48.258, 48.349, 49.56, 50.174, 50.082, 51.166, 52.352, 52.476, 53.077, 53.181, 53.61, 54.577, 55.11, 56.903, 58.312, 59.239, 59.828, 59.255, 57.389, 55.851, 55.615], [40.837, 39.651, 38.768, 34.969, 31.899, 31.195, 31.242, 30.714, 26.839, 26.491, 27.384, 27.456, 28.878, 28.113, 27.584, 23.557, 8.926, 0.0, 5.267, 11.625, 18.83, 21.949, 23.707, 25.669, 26.136, 26.727, 27.367, 27.255, 28.055, 30.85, 34.916, 36.814, 36.471, 35.44, 35.489, 38.481, 41.257, 41.891, 42.239, 41.764, 42.065, 43.458, 44.96, 45.57, 45.656, 46.383, 50.003, 53.061, 53.366, 53.681, 54.665, 55.036, 54.731, 53.88, 52.427, 49.874, 47.071, 45.448, 44.843, 44.644, 44.891, 44.817, 45.119, 46.092, 46.363, 45.543, 45.682, 46.931, 47.535, 47.288, 48.345, 49.517, 49.709, 50.33, 50.363, 50.792, 51.717, 52.181, 54.006, 55.49, 56.434, 57.013, 56.409, 54.55, 53.044, 52.787], [39.899, 38.649, 37.955, 34.262, 30.687, 29.81, 29.87, 29.227, 25.321, 24.677, 25.524, 25.504, 26.623, 25.794, 25.214, 21.234, 8.178, 5.267, 0.0, 10.01, 18.904, 22.313, 24.002, 25.933, 26.388, 26.905, 27.343, 26.84, 27.327, 30.048, 34.266, 36.213, 35.738, 34.679, 34.988, 38.323, 41.233, 41.919, 42.358, 41.943, 42.251, 43.691, 45.169, 45.772, 45.87, 46.708, 50.56, 53.724, 54.05, 54.398, 55.43, 55.775, 55.51, 54.621, 53.113, 50.628, 47.904, 46.323, 45.719, 45.448, 45.699, 45.709, 46.052, 47.038, 47.287, 46.473, 46.683, 47.983, 48.591, 48.38, 49.452, 50.636, 50.837, 51.43, 51.459, 51.872, 52.806, 53.313, 55.149, 56.625, 57.599, 58.195, 57.569, 55.668, 54.135, 53.876], [41.876, 40.739, 39.899, 36.39, 33.642, 32.998, 33.018, 32.282, 28.757, 28.899, 29.988, 29.864, 30.493, 29.559, 29.11, 25.77, 14.026, 11.625, 10.01, 0.0, 10.198, 14.97, 17.384, 19.724, 20.413, 20.979, 21.825, 22.276, 23.525, 26.614, 31.217, 33.785, 34.106, 33.566, 33.851, 37.082, 39.971, 40.867, 41.413, 40.962, 41.337, 42.826, 44.311, 44.811, 44.746, 45.449, 49.399, 52.601, 52.888, 53.158, 54.115, 54.503, 54.342, 53.644, 52.314, 49.852, 47.18, 45.818, 45.553, 45.524, 45.548, 44.98, 44.974, 45.906, 46.184, 45.247, 45.239, 46.371, 46.839, 46.39, 47.223, 48.365, 48.639, 49.296, 49.25, 49.579, 50.509, 51.005, 52.91, 54.492, 55.519, 56.079, 55.482, 53.635, 52.143, 51.865], [45.497, 44.602, 43.595, 40.27, 38.603, 38.322, 38.356, 37.683, 34.572, 35.481, 36.746, 36.694, 37.354, 36.454, 36.236, 33.416, 22.302, 18.83, 18.904, 10.198, 0.0, 6.667, 10.749, 14.095, 15.08, 15.767, 17.583, 19.924, 22.6, 26.202, 30.87, 33.769, 34.805, 34.783, 34.804, 37.352, 39.95, 41.01, 41.587, 41.055, 41.456, 42.85, 44.318, 44.777, 44.646, 45.065, 48.703, 51.808, 52.015, 52.134, 52.897, 53.318, 53.215, 52.752, 51.882, 49.719, 47.186, 45.957, 45.934, 46.192, 45.958, 44.637, 44.125, 44.905, 45.228, 44.278, 44.062, 44.936, 45.161, 44.358, 44.891, 45.884, 46.21, 46.984, 46.96, 47.319, 48.206, 48.56, 50.476, 52.18, 53.217, 53.702, 53.119, 51.377, 50.042, 49.812], [46.563, 45.824, 44.791, 41.511, 40.189, 40.044, 40.136, 39.538, 36.767, 38.222, 39.683, 39.749, 40.57, 39.691, 39.503, 36.797, 25.841, 21.949, 22.313, 14.97, 6.667, 0.0, 5.447, 10.539, 11.919, 12.659, 15.1, 18.392, 21.961, 25.953, 30.685, 33.828, 35.213, 35.439, 35.381, 37.513, 39.942, 41.103, 41.641, 41.093, 41.511, 42.758, 44.141, 44.576, 44.479, 44.776, 48.146, 51.197, 51.364, 51.376, 52.025, 52.422, 52.292, 51.853, 51.259, 49.593, 47.451, 46.366, 46.399, 46.748, 46.346, 44.604, 43.778, 44.43, 44.774, 43.864, 43.583, 44.339, 44.416, 43.396, 43.755, 44.656, 45.096, 45.976, 45.964, 46.34, 47.168, 47.414, 49.323, 51.106, 52.142, 52.586, 51.999, 50.317, 49.103, 48.956], [46.2, 45.586, 44.572, 41.363, 40.286, 40.222, 40.302, 39.764, 37.411, 39.417, 41.083, 41.232, 42.156, 41.248, 40.997, 38.356, 27.588, 23.707, 24.002, 17.384, 10.749, 5.447, 0.0, 6.539, 8.459, 9.28, 12.282, 16.418, 20.704, 24.783, 29.318, 32.615, 34.434, 34.96, 34.862, 36.568, 38.799, 39.991, 40.466, 39.981, 40.467, 41.589, 42.852, 43.249, 43.173, 43.458, 46.659, 49.639, 49.802, 49.796, 50.423, 50.797, 50.65, 50.197, 49.695, 48.358, 46.657, 45.887, 46.064, 46.47, 45.92, 43.927, 42.94, 43.525, 43.854, 42.973, 42.697, 43.404, 43.425, 42.317, 42.577, 43.417, 43.93, 44.858, 44.837, 45.187, 45.985, 46.223, 48.114, 49.923, 50.979, 51.424, 50.848, 49.203, 48.08, 48.012], [45.199, 44.752, 43.748, 40.651, 40.06, 40.181, 40.237, 39.761, 37.833, 40.55, 42.431, 42.63, 43.719, 42.769, 42.494, 39.973, 29.454, 25.669, 25.933, 19.724, 14.095, 10.539, 6.539, 0.0, 2.715, 4.12, 8.616, 14.692, 19.836, 23.822, 27.572, 30.401, 32.708, 33.747, 33.517, 34.532, 36.474, 37.706, 38.104, 37.695, 38.286, 39.325, 40.49, 40.846, 40.721, 40.958, 43.935, 46.744, 46.897, 46.91, 47.534, 47.954, 47.903, 47.519, 47.084, 45.884, 44.524, 44.214, 44.724, 45.276, 44.56, 42.315, 41.255, 41.763, 42.055, 41.265, 41.021, 41.622, 41.604, 40.402, 40.488, 41.257, 41.761, 42.698, 42.657, 42.956, 43.741, 44.016, 45.895, 47.683, 48.738, 49.208, 48.682, 47.094, 46.049, 46.026], [45.016, 44.603, 43.605, 40.497, 39.985, 40.19, 40.266, 39.795, 37.906, 40.72, 42.605, 42.805, 43.946, 42.997, 42.732, 40.228, 29.845, 26.136, 26.388, 20.413, 15.08, 11.919, 8.459, 2.715, 0.0, 2.939, 8.166, 14.616, 19.895, 23.864, 27.299, 29.726, 32.006, 33.197, 32.947, 33.8, 35.685, 36.936, 37.324, 36.933, 37.567, 38.616, 39.78, 40.134, 39.991, 40.214, 43.127, 45.887, 46.041, 46.074, 46.731, 47.184, 47.175, 46.799, 46.373, 45.192, 43.855, 43.59, 44.157, 44.739, 43.983, 41.728, 40.747, 41.266, 41.567, 40.861, 40.643, 41.191, 41.169, 39.996, 40.081, 40.856, 41.345, 42.279, 42.227, 42.523, 43.322, 43.647, 45.56, 47.337, 48.389, 48.858, 48.333, 46.754, 45.709, 45.68], [44.809, 44.384, 43.395, 40.338, 39.826, 39.999, 40.044, 39.542, 37.725, 40.65, 42.609, 42.849, 43.957, 42.98, 42.722, 40.338, 30.259, 26.727, 26.905, 20.979, 15.767, 12.659, 9.28, 4.12, 2.939, 0.0, 6.17, 13.403, 19.065, 23.225, 26.783, 29.286, 31.631, 32.907, 32.747, 33.641, 35.56, 36.829, 37.232, 36.852, 37.48, 38.516, 39.695, 40.114, 39.985, 40.182, 43.124, 45.895, 46.033, 46.036, 46.658, 47.088, 47.058, 46.672, 46.265, 45.141, 43.877, 43.67, 44.222, 44.799, 44.061, 41.77, 40.727, 41.204, 41.477, 40.74, 40.522, 41.061, 41.02, 39.817, 39.88, 40.657, 41.179, 42.129, 42.093, 42.381, 43.134, 43.394, 45.281, 47.072, 48.124, 48.592, 48.088, 46.526, 45.495, 45.474], [43.352, 42.874, 41.873, 38.86, 38.205, 38.171, 38.133, 37.635, 36.214, 39.532, 41.624, 41.92, 42.864, 41.81, 41.598, 39.49, 30.273, 27.367, 27.343, 21.825, 17.583, 15.1, 12.282, 8.616, 8.166, 6.17, 0.0, 8.453, 15.183, 19.72, 23.615, 26.581, 29.201, 30.574, 30.631, 31.813, 33.911, 35.29, 35.829, 35.426, 35.974, 36.998, 38.207, 38.747, 38.711, 38.981, 42.289, 45.287, 45.425, 45.355, 45.925, 46.261, 46.128, 45.648, 45.164, 44.15, 43.096, 43.101, 43.764, 44.336, 43.769, 41.676, 40.614, 40.981, 41.125, 40.181, 39.913, 40.552, 40.547, 39.376, 39.357, 40.068, 40.573, 41.532, 41.569, 41.801, 42.486, 42.684, 44.49, 46.259, 47.323, 47.824, 47.358, 45.804, 44.794, 44.843], [41.362, 40.744, 39.754, 36.764, 35.606, 35.14, 35.001, 34.461, 33.334, 36.785, 38.951, 39.257, 39.981, 38.882, 38.7, 36.914, 29.092, 27.255, 26.84, 22.276, 19.924, 18.392, 16.418, 14.692, 14.616, 13.403, 8.453, 0.0, 7.953, 14.102, 20.003, 24.017, 26.5, 27.609, 28.106, 30.15, 32.769, 34.193, 34.894, 34.492, 34.907, 35.944, 37.14, 37.764, 37.927, 38.495, 42.425, 45.817, 45.975, 45.826, 46.379, 46.509, 46.142, 45.45, 44.834, 43.999, 43.214, 43.385, 44.089, 44.531, 44.2, 42.632, 41.844, 42.236, 42.228, 41.018, 40.706, 41.514, 41.594, 40.592, 40.697, 41.411, 41.883, 42.797, 42.962, 43.153, 43.771, 43.894, 45.511, 47.182, 48.271, 48.856, 48.428, 46.856, 45.87, 46.051], [40.267, 39.509, 38.571, 35.687, 34.254, 33.536, 33.324, 32.829, 31.934, 35.245, 37.395, 37.665, 38.26, 37.186, 36.971, 35.497, 28.945, 28.055, 27.327, 23.525, 22.6, 21.961, 20.704, 19.836, 19.895, 19.065, 15.183, 7.953, 0.0, 8.626, 17.274, 22.194, 24.462, 25.455, 26.526, 29.554, 32.678, 34.139, 34.972, 34.667, 35.025, 36.044, 37.092, 37.669, 37.857, 38.638, 42.999, 46.615, 46.787, 46.632, 47.222, 47.205, 46.716, 45.927, 45.245, 44.523, 43.966, 44.418, 45.285, 45.602, 45.317, 44.072, 43.629, 44.188, 44.119, 42.793, 42.532, 43.434, 43.582, 42.706, 42.9, 43.608, 44.01, 44.828, 44.99, 45.128, 45.742, 45.893, 47.362, 48.909, 50.009, 50.656, 50.272, 48.698, 47.721, 47.975], [40.479, 39.657, 38.763, 35.948, 34.611, 33.959, 33.736, 33.571, 33.537, 36.844, 38.749, 38.932, 39.3, 38.27, 38.015, 36.779, 31.18, 30.85, 30.048, 26.614, 26.202, 25.953, 24.783, 23.822, 23.864, 23.225, 19.72, 14.102, 8.626, 0.0, 10.266, 17.051, 20.458, 22.005, 23.539, 27.204, 30.473, 32.238, 33.447, 33.268, 33.584, 34.484, 35.196, 35.601, 35.683, 36.584, 41.44, 45.222, 45.382, 45.324, 46.03, 45.975, 45.484, 44.731, 44.077, 43.463, 43.198, 44.189, 45.536, 45.886, 45.584, 44.451, 44.092, 44.77, 44.78, 43.389, 43.182, 44.174, 44.397, 43.529, 43.542, 44.053, 44.213, 44.927, 44.973, 45.063, 45.833, 46.293, 47.92, 49.447, 50.563, 51.247, 50.868, 49.237, 48.316, 48.614], [41.248, 40.525, 39.646, 36.98, 36.223, 36.029, 35.917, 36.061, 36.861, 40.373, 42.043, 42.196, 42.558, 41.616, 41.386, 40.268, 35.205, 34.916, 34.266, 31.217, 30.87, 30.685, 29.318, 27.572, 27.299, 26.783, 23.615, 20.003, 17.274, 10.266, 0.0, 9.265, 15.45, 18.528, 19.955, 23.032, 25.947, 28.085, 29.711, 29.699, 30.025, 30.719, 31.032, 31.271, 31.198, 32.091, 37.239, 40.963, 41.077, 41.208, 42.097, 42.116, 41.75, 41.111, 40.502, 39.998, 40.089, 41.726, 43.681, 44.228, 43.9, 42.911, 42.633, 43.266, 43.453, 42.279, 42.164, 43.096, 43.379, 42.528, 42.273, 42.519, 42.314, 42.872, 42.771, 42.879, 43.897, 44.825, 46.808, 48.389, 49.516, 50.269, 49.867, 48.158, 47.317, 47.657], [41.811, 41.167, 40.313, 37.784, 37.278, 37.463, 37.469, 37.611, 38.309, 41.564, 43.046, 43.181, 43.738, 42.891, 42.714, 41.584, 37.025, 36.814, 36.213, 33.785, 33.769, 33.828, 32.615, 30.401, 29.726, 29.286, 26.581, 24.017, 22.194, 17.051, 9.265, 0.0, 8.499, 13.671, 15.244, 17.877, 21.017, 23.383, 25.306, 25.626, 26.202, 26.937, 27.224, 27.793, 27.844, 28.737, 33.705, 37.159, 37.274, 37.669, 38.795, 38.884, 38.687, 38.069, 37.381, 36.822, 36.802, 38.371, 40.342, 40.903, 40.562, 40.071, 40.48, 41.252, 41.564, 41.007, 41.184, 41.885, 42.209, 41.68, 41.663, 41.839, 41.372, 41.715, 41.569, 41.854, 43.038, 44.23, 46.447, 48.018, 49.112, 49.95, 49.494, 47.749, 46.921, 47.276], [43.207, 42.455, 41.684, 39.093, 37.913, 38.009, 38.059, 38.097, 38.186, 40.544, 41.726, 41.779, 42.155, 41.355, 41.224, 40.005, 36.3, 36.471, 35.738, 34.106, 34.805, 35.213, 34.434, 32.708, 32.006, 31.631, 29.201, 26.5, 24.462, 20.458, 15.45, 8.499, 0.0, 6.621, 9.879, 15.237, 20.007, 22.398, 24.651, 25.16, 25.883, 26.993, 27.712, 28.906, 29.39, 30.423, 35.428, 38.914, 39.063, 39.614, 40.884, 40.945, 40.697, 39.954, 39.131, 38.336, 37.623, 38.196, 39.365, 39.557, 39.436, 39.756, 40.917, 41.998, 42.393, 42.2, 42.675, 43.428, 43.845, 43.71, 44.235, 44.534, 43.998, 44.244, 44.168, 44.656, 45.876, 47.004, 49.285, 50.878, 51.94, 52.816, 52.294, 50.514, 49.641, 49.985], [44.114, 43.271, 42.508, 39.753, 38.05, 37.947, 37.987, 38.019, 37.739, 39.563, 40.591, 40.617, 40.801, 40.062, 39.973, 38.551, 35.147, 35.44, 34.679, 33.566, 34.783, 35.439, 34.96, 33.747, 33.197, 32.907, 30.574, 27.609, 25.455, 22.005, 18.528, 13.671, 6.621, 0.0, 5.873, 14.558, 20.53, 22.881, 25.345, 25.873, 26.555, 27.894, 28.92, 30.325, 30.98, 32.087, 37.279, 40.933, 41.118, 41.724, 43.016, 43.069, 42.727, 41.915, 41.002, 39.953, 38.796, 38.774, 39.42, 39.389, 39.558, 40.371, 41.727, 42.898, 43.3, 43.055, 43.614, 44.69, 45.306, 45.339, 46.127, 46.519, 45.954, 46.179, 46.126, 46.667, 47.884, 48.924, 51.209, 52.812, 53.873, 54.766, 54.211, 52.422, 51.555, 51.87], [44.214, 43.537, 42.704, 39.979, 38.719, 38.772, 38.876, 38.968, 38.665, 40.741, 41.825, 41.85, 42.232, 41.55, 41.466, 39.814, 35.667, 35.489, 34.988, 33.851, 34.804, 35.381, 34.862, 33.517, 32.947, 32.747, 30.631, 28.106, 26.526, 23.539, 19.955, 15.244, 9.879, 5.873, 0.0, 10.348, 17.263, 19.845, 22.548, 23.2, 24.004, 25.395, 26.48, 27.902, 28.583, 29.649, 34.815, 38.495, 38.692, 39.377, 40.695, 40.805, 40.463, 39.682, 38.827, 37.671, 36.416, 36.348, 37.03, 37.137, 37.419, 38.355, 39.751, 40.883, 41.312, 41.116, 41.607, 42.781, 43.673, 43.899, 44.759, 45.116, 44.454, 44.591, 44.464, 45.007, 46.266, 47.352, 49.673, 51.291, 52.393, 53.345, 52.77, 51.01, 50.274, 50.607], [43.786, 43.628, 42.71, 40.308, 40.419, 40.914, 41.058, 41.225, 41.465, 44.69, 46.087, 46.159, 47.055, 46.361, 46.273, 44.592, 39.518, 38.481, 38.323, 37.082, 37.352, 37.513, 36.568, 34.532, 33.8, 33.641, 31.813, 30.15, 29.554, 27.204, 23.032, 17.877, 15.237, 14.558, 10.348, 0.0, 7.956, 11.388, 14.583, 15.776, 16.948, 17.984, 18.891, 20.442, 21.421, 22.543, 27.4, 30.981, 31.156, 31.904, 33.253, 33.418, 33.154, 32.502, 32.036, 31.406, 30.873, 31.505, 32.799, 33.43, 33.533, 34.143, 35.456, 36.423, 36.77, 36.787, 37.248, 38.181, 39.239, 39.906, 41.019, 41.229, 40.432, 40.349, 40.232, 40.837, 42.119, 43.315, 45.567, 47.158, 48.326, 49.455, 48.905, 47.236, 46.843, 47.338], [44.061, 44.158, 43.226, 41.147, 42.039, 42.691, 42.777, 42.98, 43.696, 47.567, 49.078, 49.194, 50.33, 49.613, 49.555, 48.006, 42.661, 41.257, 41.233, 39.971, 39.95, 39.942, 38.799, 36.474, 35.685, 35.56, 33.911, 32.769, 32.678, 30.473, 25.947, 21.017, 20.007, 20.53, 17.263, 7.956, 0.0, 5.219, 9.655, 11.509, 12.813, 13.198, 13.815, 15.45, 16.728, 17.912, 22.6, 26.148, 26.308, 27.068, 28.459, 28.691, 28.512, 27.971, 27.808, 27.701, 27.87, 29.182, 31.139, 32.183, 32.065, 32.26, 33.331, 34.161, 34.414, 34.432, 34.882, 35.63, 36.602, 37.637, 39.173, 39.384, 38.506, 38.309, 38.341, 39.057, 40.348, 41.643, 43.778, 45.275, 46.475, 47.725, 47.218, 45.613, 45.454, 46.053], [43.989, 44.127, 43.167, 41.285, 42.428, 43.124, 43.194, 43.369, 44.068, 47.987, 49.502, 49.62, 50.919, 50.217, 50.171, 48.615, 43.301, 41.891, 41.919, 40.867, 41.01, 41.103, 39.991, 37.706, 36.936, 36.829, 35.29, 34.193, 34.139, 32.238, 28.085, 23.383, 22.398, 22.881, 19.845, 11.388, 5.219, 0.0, 5.697, 8.497, 10.162, 10.354, 11.261, 13.445, 15.168, 16.509, 20.961, 24.57, 24.846, 25.726, 27.185, 27.405, 27.208, 26.626, 26.421, 26.328, 26.589, 27.984, 30.018, 31.148, 31.025, 31.21, 32.311, 33.174, 33.393, 33.442, 33.898, 34.591, 35.529, 36.684, 38.61, 39.11, 38.342, 38.14, 38.315, 39.144, 40.416, 41.664, 43.65, 45.019, 46.162, 47.443, 46.926, 45.278, 45.124, 45.76], [43.645, 43.923, 42.908, 41.077, 42.628, 43.485, 43.589, 43.758, 44.417, 48.524, 50.123, 50.268, 51.792, 51.074, 50.989, 49.378, 43.806, 42.239, 42.358, 41.413, 41.587, 41.641, 40.466, 38.104, 37.324, 37.232, 35.829, 34.894, 34.972, 33.447, 29.711, 25.306, 24.651, 25.345, 22.548, 14.583, 9.655, 5.697, 0.0, 4.203, 6.773, 7.121, 8.919, 11.475, 13.51, 14.966, 18.987, 22.695, 23.057, 23.999, 25.616, 25.877, 25.697, 24.989, 24.476, 24.214, 24.617, 26.348, 28.701, 29.931, 29.659, 29.712, 30.845, 31.688, 31.823, 31.984, 32.503, 33.14, 34.065, 35.071, 36.969, 37.761, 37.365, 37.319, 37.585, 38.422, 39.651, 40.861, 42.736, 44.012, 45.08, 46.352, 45.86, 44.205, 43.977, 44.625], [43.824, 44.101, 43.089, 41.158, 42.633, 43.47, 43.583, 43.72, 44.287, 48.338, 49.87, 50.033, 51.5, 50.694, 50.628, 49.041, 43.375, 41.764, 41.943, 40.962, 41.055, 41.093, 39.981, 37.695, 36.933, 36.852, 35.426, 34.492, 34.667, 33.268, 29.699, 25.626, 25.16, 25.873, 23.2, 15.776, 11.509, 8.497, 4.203, 0.0, 3.326, 5.56, 8.911, 11.487, 13.63, 15.105, 19.566, 23.573, 23.858, 24.644, 26.275, 26.608, 26.433, 25.694, 24.912, 24.124, 23.984, 25.525, 27.987, 29.201, 28.957, 29.064, 30.185, 31.006, 31.109, 31.17, 31.693, 32.432, 33.327, 34.216, 35.977, 36.878, 36.67, 36.96, 37.448, 38.335, 39.594, 40.773, 42.681, 43.957, 45.0, 46.261, 45.799, 44.1, 43.768, 44.394], [43.916, 44.195, 43.2, 41.287, 42.71, 43.506, 43.634, 43.801, 44.441, 48.45, 49.904, 50.098, 51.501, 50.659, 50.623, 49.113, 43.622, 42.065, 42.251, 41.337, 41.456, 41.511, 40.467, 38.286, 37.567, 37.48, 35.974, 34.907, 35.025, 33.584, 30.025, 26.202, 25.883, 26.555, 24.004, 16.948, 12.813, 10.162, 6.773, 3.326, 0.0, 4.372, 8.77, 11.517, 13.898, 15.423, 20.202, 24.343, 24.545, 25.235, 26.816, 27.104, 26.854, 26.103, 25.255, 24.301, 23.998, 25.542, 28.072, 29.277, 29.085, 29.197, 30.205, 30.948, 30.982, 30.892, 31.445, 32.346, 33.247, 34.123, 35.85, 36.763, 36.526, 36.95, 37.706, 38.71, 40.004, 41.161, 43.039, 44.278, 45.295, 46.579, 46.14, 44.39, 44.044, 44.697], [43.363, 43.761, 42.754, 41.081, 42.935, 43.793, 43.934, 44.283, 45.291, 49.616, 51.191, 51.398, 52.943, 52.192, 52.15, 50.643, 45.112, 43.458, 43.691, 42.826, 42.85, 42.758, 41.589, 39.325, 38.616, 38.516, 36.998, 35.944, 36.044, 34.484, 30.719, 26.937, 26.993, 27.894, 25.395, 17.984, 13.198, 10.354, 7.121, 5.56, 4.372, 0.0, 5.109, 8.617, 11.542, 13.291, 17.804, 21.919, 22.141, 22.847, 24.37, 24.501, 24.133, 23.378, 22.853, 22.762, 23.618, 25.917, 28.718, 30.112, 29.707, 29.298, 29.974, 30.559, 30.508, 30.426, 30.974, 31.811, 32.658, 33.457, 35.153, 35.961, 35.663, 35.901, 36.619, 37.671, 38.949, 40.116, 41.883, 43.063, 44.065, 45.354, 44.897, 43.184, 43.006, 43.771], [42.751, 43.246, 42.242, 40.858, 43.161, 44.075, 44.163, 44.628, 46.109, 50.786, 52.456, 52.664, 54.299, 53.624, 53.547, 52.071, 46.608, 44.96, 45.169, 44.311, 44.318, 44.141, 42.852, 40.49, 39.78, 39.695, 38.207, 37.14, 37.092, 35.196, 31.032, 27.224, 27.712, 28.92, 26.48, 18.891, 13.815, 11.261, 8.919, 8.911, 8.77, 5.109, 0.0, 4.594, 8.369, 10.585, 15.031, 19.186, 19.493, 20.283, 21.86, 21.878, 21.46, 20.762, 20.673, 21.668, 23.896, 27.085, 30.25, 31.777, 31.132, 30.239, 30.591, 31.021, 30.922, 30.854, 31.395, 32.152, 32.966, 33.598, 35.039, 35.635, 35.27, 35.318, 35.841, 36.777, 38.057, 39.315, 40.969, 42.074, 43.074, 44.353, 43.891, 42.251, 42.235, 43.062], [42.376, 42.95, 41.921, 40.612, 43.284, 44.275, 44.317, 44.84, 46.608, 51.612, 53.366, 53.578, 55.267, 54.617, 54.492, 52.981, 47.33, 45.57, 45.772, 44.811, 44.777, 44.576, 43.249, 40.846, 40.134, 40.114, 38.747, 37.764, 37.669, 35.601, 31.271, 27.793, 28.906, 30.325, 27.902, 20.442, 15.45, 13.445, 11.475, 11.487, 11.517, 8.617, 4.594, 0.0, 4.702, 7.71, 12.753, 17.215, 17.601, 18.365, 20.068, 20.187, 19.842, 19.237, 19.261, 20.693, 23.715, 27.619, 31.245, 32.886, 32.06, 30.818, 30.888, 31.186, 31.09, 30.97, 31.477, 32.306, 33.178, 33.625, 34.735, 35.222, 34.919, 34.97, 35.236, 35.879, 37.151, 38.627, 40.342, 41.412, 42.438, 43.691, 43.251, 41.691, 41.709, 42.476], [41.803, 42.406, 41.333, 40.026, 43.068, 44.233, 44.282, 44.851, 46.701, 51.881, 53.759, 53.982, 55.718, 55.139, 54.99, 53.424, 47.537, 45.656, 45.87, 44.746, 44.646, 44.479, 43.173, 40.721, 39.991, 39.985, 38.711, 37.927, 37.857, 35.683, 31.198, 27.844, 29.39, 30.98, 28.583, 21.421, 16.728, 15.168, 13.51, 13.63, 13.898, 11.542, 8.369, 4.702, 0.0, 4.193, 10.63, 15.414, 15.924, 16.774, 18.691, 19.025, 18.905, 18.364, 18.155, 19.508, 22.851, 27.262, 31.256, 32.983, 32.035, 30.499, 30.389, 30.655, 30.659, 30.62, 31.115, 31.924, 32.857, 33.176, 34.078, 34.588, 34.361, 34.374, 34.223, 34.526, 35.777, 37.529, 39.533, 40.709, 41.8, 42.973, 42.519, 41.014, 40.947, 41.572], [42.157, 42.813, 41.687, 40.41, 43.775, 45.129, 45.205, 45.754, 47.603, 52.872, 54.786, 55.122, 56.978, 56.379, 56.255, 54.707, 48.502, 46.383, 46.708, 45.449, 45.065, 44.776, 43.458, 40.958, 40.214, 40.182, 38.981, 38.495, 38.638, 36.584, 32.091, 28.737, 30.423, 32.087, 29.649, 22.543, 17.912, 16.509, 14.966, 15.105, 15.423, 13.291, 10.585, 7.71, 4.193, 0.0, 8.074, 13.439, 14.02, 14.913, 16.983, 17.507, 17.548, 17.105, 16.945, 18.366, 21.892, 26.624, 30.859, 32.663, 31.59, 29.73, 29.404, 29.581, 29.634, 29.715, 30.239, 30.998, 31.964, 32.221, 33.034, 33.537, 33.316, 33.264, 32.994, 33.236, 34.469, 36.273, 38.363, 39.65, 40.818, 41.979, 41.515, 40.052, 39.998, 40.572], [44.411, 45.287, 44.121, 43.119, 47.152, 48.775, 48.901, 49.476, 51.332, 56.804, 58.806, 59.212, 61.532, 61.028, 60.87, 59.232, 52.523, 50.003, 50.56, 49.399, 48.703, 48.146, 46.659, 43.935, 43.127, 43.124, 42.289, 42.425, 42.999, 41.44, 37.239, 33.705, 35.428, 37.279, 34.815, 27.4, 22.6, 20.961, 18.987, 19.566, 20.202, 17.804, 15.031, 12.753, 10.63, 8.074, 0.0, 6.131, 7.428, 9.149, 11.831, 12.632, 13.083, 13.032, 13.842, 16.789, 21.803, 27.261, 31.653, 33.677, 32.298, 29.872, 29.406, 29.465, 29.496, 30.045, 30.615, 30.976, 31.874, 32.084, 32.867, 33.248, 33.037, 32.676, 32.266, 32.519, 33.627, 35.398, 37.198, 38.332, 39.506, 40.695, 40.224, 38.962, 39.131, 39.756], [46.802, 47.75, 46.579, 45.715, 49.988, 51.737, 51.891, 52.463, 54.3, 59.789, 61.811, 62.204, 64.689, 64.288, 64.108, 62.434, 55.648, 53.061, 53.724, 52.601, 51.808, 51.197, 49.639, 46.744, 45.887, 45.895, 45.287, 45.817, 46.615, 45.222, 40.963, 37.159, 38.914, 40.933, 38.495, 30.981, 26.148, 24.57, 22.695, 23.573, 24.343, 21.919, 19.186, 17.215, 15.414, 13.439, 6.131, 0.0, 3.018, 6.415, 9.516, 10.638, 11.696, 12.188, 13.663, 17.332, 23.02, 28.779, 33.135, 35.269, 33.763, 31.231, 30.881, 30.873, 30.893, 31.719, 32.296, 32.296, 33.122, 33.412, 34.166, 34.405, 34.063, 33.443, 32.911, 33.173, 34.236, 36.051, 37.723, 38.719, 39.828, 41.027, 40.565, 39.464, 39.754, 40.376], [47.171, 48.106, 46.942, 46.069, 50.302, 52.039, 52.205, 52.76, 54.556, 59.992, 61.992, 62.393, 64.852, 64.447, 64.294, 62.674, 55.932, 53.366, 54.05, 52.888, 52.015, 51.364, 49.802, 46.897, 46.041, 46.033, 45.425, 45.975, 46.787, 45.382, 41.077, 37.274, 39.063, 41.118, 38.692, 31.156, 26.308, 24.846, 23.057, 23.858, 24.545, 22.141, 19.493, 17.601, 15.924, 14.02, 7.428, 3.018, 0.0, 4.31, 7.911, 9.252, 10.469, 11.138, 12.868, 16.736, 22.608, 28.532, 32.965, 35.127, 33.571, 31.005, 30.671, 30.637, 30.651, 31.435, 32.026, 32.034, 32.845, 33.108, 33.832, 34.056, 33.655, 33.072, 32.626, 32.978, 34.084, 35.894, 37.598, 38.649, 39.752, 40.989, 40.567, 39.476, 39.799, 40.447], [46.883, 47.857, 46.655, 45.866, 50.282, 51.984, 52.13, 52.668, 54.493, 60.089, 62.148, 62.553, 65.011, 64.603, 64.491, 62.973, 56.259, 53.681, 54.398, 53.158, 52.134, 51.376, 49.796, 46.91, 46.074, 46.036, 45.355, 45.826, 46.632, 45.324, 41.208, 37.669, 39.614, 41.724, 39.377, 31.904, 27.068, 25.726, 23.999, 24.644, 25.235, 22.847, 20.283, 18.365, 16.774, 14.913, 9.149, 6.415, 4.31, 0.0, 4.289, 6.128, 7.739, 8.821, 11.24, 15.984, 22.468, 28.672, 33.232, 35.434, 33.731, 30.778, 30.139, 29.967, 29.891, 30.468, 30.96, 30.956, 31.678, 31.797, 32.423, 32.586, 32.195, 31.641, 31.242, 31.546, 32.551, 34.257, 35.826, 36.861, 38.004, 39.297, 38.959, 38.046, 38.578, 39.298], [47.144, 48.173, 46.943, 46.3, 50.925, 52.586, 52.714, 53.228, 55.084, 60.847, 62.975, 63.385, 65.873, 65.483, 65.414, 63.968, 57.274, 54.665, 55.43, 54.115, 52.897, 52.025, 50.423, 47.534, 46.731, 46.658, 45.925, 46.379, 47.222, 46.03, 42.097, 38.795, 40.884, 43.016, 40.695, 33.253, 28.459, 27.185, 25.616, 26.275, 26.816, 24.37, 21.86, 20.068, 18.691, 16.983, 11.831, 9.516, 7.911, 4.289, 0.0, 2.891, 5.542, 7.68, 11.474, 17.007, 23.811, 30.059, 34.533, 36.759, 34.981, 31.657, 30.653, 30.266, 30.058, 30.504, 30.876, 30.728, 31.269, 31.223, 31.735, 31.739, 31.232, 30.57, 30.213, 30.537, 31.399, 32.9, 34.238, 35.181, 36.296, 37.641, 37.346, 36.623, 37.559, 38.436], [46.972, 48.022, 46.801, 46.238, 50.86, 52.469, 52.582, 53.103, 55.048, 60.87, 63.019, 63.433, 65.928, 65.55, 65.486, 64.086, 57.559, 55.036, 55.775, 54.503, 53.318, 52.422, 50.797, 47.954, 47.184, 47.088, 46.261, 46.509, 47.205, 45.975, 42.116, 38.884, 40.945, 43.069, 40.805, 33.418, 28.691, 27.405, 25.877, 26.608, 27.104, 24.501, 21.878, 20.187, 19.025, 17.507, 12.632, 10.638, 9.252, 6.128, 2.891, 0.0, 3.376, 6.241, 11.02, 17.338, 24.502, 30.799, 35.204, 37.383, 35.582, 32.221, 31.172, 30.745, 30.465, 30.87, 31.253, 31.071, 31.505, 31.394, 31.872, 31.8, 31.269, 30.543, 30.242, 30.647, 31.47, 32.869, 34.108, 35.005, 36.093, 37.451, 37.152, 36.446, 37.537, 38.58], [46.774, 47.818, 46.59, 46.01, 50.544, 52.072, 52.152, 52.681, 54.687, 60.524, 62.67, 63.094, 65.57, 65.191, 65.12, 63.707, 57.225, 54.731, 55.51, 54.342, 53.215, 52.292, 50.65, 47.903, 47.175, 47.058, 46.128, 46.142, 46.716, 45.484, 41.75, 38.687, 40.697, 42.727, 40.463, 33.154, 28.512, 27.208, 25.697, 26.433, 26.854, 24.133, 21.46, 19.842, 18.905, 17.548, 13.083, 11.696, 10.469, 7.739, 5.542, 3.376, 0.0, 3.942, 9.968, 17.029, 24.506, 30.778, 35.116, 37.267, 35.498, 32.232, 31.19, 30.754, 30.453, 30.759, 31.135, 31.077, 31.557, 31.467, 32.001, 31.933, 31.436, 30.721, 30.476, 30.921, 31.716, 33.03, 34.219, 35.122, 36.201, 37.571, 37.287, 36.555, 37.665, 38.799], [45.922, 46.941, 45.704, 45.05, 49.461, 50.961, 51.059, 51.607, 53.653, 59.499, 61.657, 62.093, 64.556, 64.188, 64.105, 62.671, 56.298, 53.88, 54.621, 53.644, 52.752, 51.853, 50.197, 47.519, 46.799, 46.672, 45.648, 45.45, 45.927, 44.731, 41.111, 38.069, 39.954, 41.915, 39.682, 32.502, 27.971, 26.626, 24.989, 25.694, 26.103, 23.378, 20.762, 19.237, 18.364, 17.105, 13.032, 12.188, 11.138, 8.821, 7.68, 6.241, 3.942, 0.0, 6.926, 14.877, 22.795, 29.172, 33.556, 35.683, 33.916, 30.815, 29.908, 29.508, 29.187, 29.465, 29.892, 29.955, 30.572, 30.618, 31.305, 31.405, 31.092, 30.447, 30.24, 30.686, 31.432, 32.728, 33.954, 34.884, 35.973, 37.332, 37.071, 36.285, 37.254, 38.361], [44.79, 45.729, 44.449, 43.613, 47.867, 49.376, 49.518, 50.102, 52.119, 57.896, 60.041, 60.494, 62.912, 62.552, 62.457, 60.985, 54.703, 52.427, 53.113, 52.314, 51.882, 51.259, 49.695, 47.084, 46.373, 46.265, 45.164, 44.834, 45.245, 44.077, 40.502, 37.381, 39.131, 41.002, 38.827, 32.036, 27.808, 26.421, 24.476, 24.912, 25.255, 22.853, 20.673, 19.261, 18.155, 16.945, 13.842, 13.663, 12.868, 11.24, 11.474, 11.02, 9.968, 6.926, 0.0, 9.04, 17.988, 25.04, 29.825, 31.955, 30.174, 27.467, 26.949, 26.663, 26.342, 26.655, 27.278, 27.618, 28.585, 28.947, 29.843, 30.294, 30.294, 29.873, 29.679, 30.028, 30.776, 32.221, 33.672, 34.646, 35.734, 37.033, 36.823, 35.945, 36.45, 37.353], [44.726, 45.467, 44.178, 43.039, 46.887, 48.382, 48.571, 49.106, 50.628, 55.861, 57.823, 58.268, 60.597, 60.211, 60.13, 58.584, 52.135, 49.874, 50.628, 49.852, 49.719, 49.593, 48.358, 45.884, 45.192, 45.141, 44.15, 43.999, 44.523, 43.463, 39.998, 36.822, 38.336, 39.953, 37.671, 31.406, 27.701, 26.328, 24.214, 24.124, 24.301, 22.762, 21.668, 20.693, 19.508, 18.366, 16.789, 17.332, 16.736, 15.984, 17.007, 17.338, 17.029, 14.877, 9.04, 0.0, 9.832, 17.995, 23.542, 25.82, 24.295, 22.451, 22.637, 22.669, 22.539, 23.019, 23.951, 24.755, 26.28, 27.167, 28.541, 29.446, 29.52, 29.405, 29.362, 29.85, 30.827, 32.401, 34.267, 35.431, 36.567, 37.884, 37.699, 36.584, 36.495, 37.055], [46.024, 46.477, 45.27, 43.738, 46.723, 48.143, 48.41, 48.787, 49.463, 53.72, 55.347, 55.751, 57.906, 57.464, 57.42, 55.823, 49.306, 47.071, 47.904, 47.18, 47.186, 47.451, 46.657, 44.524, 43.855, 43.877, 43.096, 43.214, 43.966, 43.198, 40.089, 36.802, 37.623, 38.796, 36.416, 30.873, 27.87, 26.589, 24.617, 23.984, 23.998, 23.618, 23.896, 23.715, 22.851, 21.892, 21.803, 23.02, 22.608, 22.468, 23.811, 24.502, 24.506, 22.795, 17.988, 9.832, 0.0, 9.096, 15.655, 18.213, 17.313, 17.226, 18.753, 19.406, 19.733, 20.682, 21.925, 23.032, 24.981, 26.668, 28.897, 30.255, 30.227, 30.385, 30.611, 31.496, 32.785, 34.352, 36.694, 38.154, 39.371, 40.717, 40.457, 39.037, 38.426, 38.692], [48.392, 48.622, 47.512, 45.672, 47.689, 48.916, 49.225, 49.436, 49.337, 52.653, 53.975, 54.305, 56.245, 55.772, 55.756, 54.073, 47.642, 45.448, 46.323, 45.818, 45.957, 46.366, 45.887, 44.214, 43.59, 43.67, 43.101, 43.385, 44.418, 44.189, 41.726, 38.371, 38.196, 38.774, 36.348, 31.505, 29.182, 27.984, 26.348, 25.525, 25.542, 25.917, 27.085, 27.619, 27.262, 26.624, 27.261, 28.779, 28.532, 28.672, 30.059, 30.799, 30.778, 29.172, 25.04, 17.995, 9.096, 0.0, 7.613, 10.941, 11.144, 13.905, 17.166, 18.466, 19.213, 20.792, 22.19, 23.298, 25.395, 27.954, 31.104, 32.7, 32.623, 32.898, 33.323, 34.539, 35.936, 37.328, 39.918, 41.588, 42.831, 44.151, 43.784, 42.203, 41.338, 41.462], [50.429, 50.523, 49.475, 47.44, 48.731, 49.766, 50.096, 50.226, 49.647, 52.297, 53.434, 53.726, 55.555, 55.101, 55.093, 53.296, 47.001, 44.843, 45.719, 45.553, 45.934, 46.399, 46.064, 44.724, 44.157, 44.222, 43.764, 44.089, 45.285, 45.536, 43.681, 40.342, 39.365, 39.42, 37.03, 32.799, 31.139, 30.018, 28.701, 27.987, 28.072, 28.718, 30.25, 31.245, 31.256, 30.859, 31.653, 33.135, 32.965, 33.232, 34.533, 35.204, 35.116, 33.556, 29.825, 23.542, 15.655, 7.613, 0.0, 4.727, 7.229, 12.831, 17.245, 18.972, 19.929, 22.002, 23.622, 24.695, 26.785, 29.857, 33.592, 35.237, 35.109, 35.344, 35.888, 37.328, 38.704, 39.897, 42.517, 44.243, 45.433, 46.716, 46.262, 44.601, 43.631, 43.698], [50.959, 50.969, 49.952, 47.835, 48.785, 49.748, 50.08, 50.184, 49.482, 51.814, 52.844, 53.152, 54.925, 54.462, 54.445, 52.675, 46.644, 44.644, 45.448, 45.524, 46.192, 