[[0.0, 3.679, 5.1, 10.416, 25.053, 32.333, 31.882, 30.822, 32.824, 39.696, 43.006, 42.108, 40.436, 39.896, 40.533, 40.738, 41.76, 43.829, 46.907, 50.379, 54.574, 56.696, 55.561, 54.731, 54.084, 56.459, 59.32, 61.321, 62.043, 63.299, 65.556, 65.434, 65.402, 65.311, 64.573, 63.883, 63.869, 64.047, 63.479, 63.331, 63.99, 63.906, 64.053, 65.305, 66.335, 66.277, 65.647, 65.647, 65.81, 65.606, 64.723, 62.109, 58.947, 56.485, 54.825, 54.256, 55.446, 56.221, 53.977, 51.05, 50.568, 51.086, 51.624, 52.118, 51.894, 51.965, 52.735, 53.553, 54.526, 55.759, 55.691, 55.892, 56.433, 54.85, 54.107, 53.794, 52.017, 49.202, 47.996, 48.473, 48.969, 48.302, 47.208, 46.692, 46.714, 47.487], [3.679, 0.0, 2.846, 10.354, 25.319, 32.586, 32.132, 31.116, 33.074, 39.805, 42.954, 41.982, 40.288, 39.683, 40.284, 40.487, 41.53, 43.619, 46.735, 50.229, 54.458, 56.578, 55.359, 54.534, 53.972, 56.422, 59.255, 61.164, 61.849, 63.145, 65.483, 65.383, 65.302, 65.132, 64.396, 63.724, 63.696, 63.863, 63.27, 63.089, 63.734, 63.661, 63.815, 65.054, 66.116, 66.118, 65.502, 65.528, 65.719, 65.528, 64.641, 61.943, 58.564, 55.908, 54.136, 53.573, 54.956, 55.864, 53.556, 50.432, 49.903, 50.47, 51.113, 51.711, 51.487, 51.611, 52.452, 53.297, 54.209, 55.34, 55.112, 55.163, 55.636, 54.179, 53.623, 53.416, 51.67, 48.796, 47.609, 48.222, 48.87, 48.28, 47.266, 46.819, 46.858, 47.7], [5.1, 2.846, 0.0, 9.481, 25.291, 32.663, 32.135, 31.1, 33.183, 40.118, 43.328, 42.352, 40.647, 40.021, 40.619, 40.836, 41.879, 43.95, 47.058, 50.517, 54.691, 56.768, 55.536, 54.727, 54.108, 56.502, 59.313, 61.224, 61.93, 63.241, 65.593, 65.482, 65.403, 65.25, 64.472, 63.764, 63.721, 63.822, 63.155, 62.975, 63.641, 63.566, 63.688, 64.853, 65.886, 65.906, 65.308, 65.324, 65.5, 65.305, 64.406, 61.707, 58.355, 55.705, 53.933, 53.363, 54.717, 55.607, 53.326, 50.252, 49.757, 50.293, 50.895, 51.505, 51.31, 51.446, 52.285, 53.133, 54.117, 55.333, 55.149, 55.255, 55.78, 54.391, 53.925, 53.789, 52.066, 49.156, 47.862, 48.353, 48.914, 48.308, 47.349, 46.99, 47.114, 48.005], [10.416, 10.354, 9.481, 0.0, 17.217, 25.868, 25.946, 24.89, 26.861, 34.231, 37.962, 37.104, 35.38, 34.833, 35.51, 35.762, 36.855, 39.031, 42.352, 46.17, 50.6, 52.865, 51.695, 50.803, 50.331, 52.981, 55.995, 57.886, 58.537, 59.786, 61.969, 61.911, 62.093, 62.215, 61.611, 60.967, 61.016, 61.43, 61.292, 61.312, 61.909, 61.81, 62.152, 63.901, 65.391, 65.573, 65.048, 65.077, 65.231, 65.005, 64.075, 61.297, 57.944, 55.366, 53.592, 52.956, 54.167, 54.919, 52.544, 49.798, 49.356, 50.093, 50.883, 51.436, 51.423, 51.575, 52.41, 53.305, 54.356, 55.607, 55.555, 55.922, 56.576, 55.251, 54.901, 54.973, 53.283, 49.931, 47.891, 47.923, 48.236, 47.713, 46.907, 46.453, 46.568, 47.626], [25.053, 25.319, 25.291, 17.217, 0.0, 11.022, 13.779, 13.229, 13.857, 20.511, 24.899, 24.484, 23.036, 22.804, 23.592, 23.886, 24.882, 27.155, 30.894, 35.405, 40.215, 42.897, 41.939, 41.005, 41.479, 45.202, 48.83, 50.571, 50.933, 52.047, 53.859, 53.994, 54.711, 55.335, 55.294, 54.995, 55.371, 56.739, 58.133, 58.84, 59.366, 59.226, 60.055, 63.269, 65.88, 66.288, 65.74, 65.845, 66.037, 65.739, 64.758, 61.691, 57.88, 55.265, 53.605, 53.103, 54.363, 55.022, 52.304, 49.94, 49.411, 50.507, 51.977, 52.417, 52.655, 52.906, 53.802, 54.817, 55.722, 56.542, 56.243, 56.621, 57.243, 56.104, 56.076, 56.644, 55.445, 51.792, 48.796, 48.514, 48.877, 48.735, 48.282, 47.467, 47.163, 48.371], [32.333, 32.586, 32.663, 25.868, 11.022, 0.0, 5.656, 6.733, 6.608, 13.067, 17.468, 17.543, 16.741, 16.871, 17.549, 17.901, 18.47, 20.422, 24.291, 28.965, 33.466, 35.928, 34.973, 34.202, 35.513, 40.249, 44.622, 46.595, 46.815, 47.933, 49.614, 49.826, 50.725, 51.601, 51.768, 51.563, 52.175, 54.045, 56.274, 57.737, 58.531, 58.387, 59.286, 63.041, 66.197, 66.638, 65.98, 66.151, 66.429, 66.106, 65.074, 61.785, 57.499, 54.784, 53.339, 53.213, 54.675, 55.326, 52.339, 49.999, 49.34, 50.392, 52.359, 52.708, 52.989, 53.336, 54.243, 55.324, 56.356, 57.138, 56.6, 56.711, 57.172, 56.115, 56.311, 57.22, 56.551, 53.018, 49.58, 49.233, 49.707, 49.66, 49.393, 48.463, 47.858, 49.091], [31.882, 32.132, 32.135, 25.946, 13.779, 5.656, 0.0, 2.749, 4.947, 13.609, 17.923, 17.962, 17.318, 17.418, 17.915, 18.295, 18.951, 20.98, 24.883, 29.414, 33.612, 35.698, 34.55, 33.735, 34.963, 39.864, 44.468, 46.662, 46.92, 48.136, 49.927, 50.081, 50.874, 51.7, 51.695, 51.351, 51.976, 53.728, 55.748, 57.385, 58.443, 58.327, 59.1, 62.622, 65.686, 66.089, 65.396, 65.569, 65.867, 65.556, 64.497, 61.15, 56.756, 53.955, 52.526, 52.557, 54.157, 54.869, 51.809, 49.24, 48.491, 49.444, 51.511, 51.839, 51.99, 52.362, 53.319, 54.451, 55.67, 56.647, 56.103, 56.141, 56.61, 55.532, 55.733, 56.656, 56.035, 52.539, 49.078, 48.727, 49.164, 48.997, 48.72, 47.888, 47.341, 48.613], [30.822, 31.116, 31.1, 24.89, 13.229, 6.733, 2.749, 0.0, 4.953, 14.732, 19.421, 19.532, 18.821, 18.859, 19.307, 19.659, 20.402, 22.508, 26.401, 30.89, 35.105, 37.206, 36.087, 35.247, 36.203, 40.854, 45.355, 47.556, 47.866, 49.09, 50.894, 51.017, 51.784, 52.594, 52.524, 52.14, 52.719, 54.347, 56.19, 57.743, 58.806, 58.699, 59.428, 62.785, 65.696, 66.048, 65.352, 65.498, 65.77, 65.458, 64.403, 61.098, 56.827, 54.092, 52.655, 52.632, 54.147, 54.807, 51.768, 49.195, 48.493, 49.438, 51.397, 51.718, 51.825, 52.16, 53.105, 54.216, 55.467, 56.53, 56.064, 56.16, 56.679, 55.533, 55.621, 56.443, 55.714, 52.239, 48.909, 48.544, 48.928, 48.739, 48.436, 47.666, 47.225, 48.537], [32.824, 33.074, 33.183, 26.861, 13.857, 6.608, 4.947, 4.953, 0.0, 10.429, 15.674, 15.954, 15.348, 15.471, 15.956, 16.367, 17.29, 19.817, 24.117, 28.928, 33.223, 35.422, 34.352, 33.438, 34.933, 40.025, 44.557, 46.515, 46.637, 47.805, 49.52, 49.715, 50.604, 51.482, 51.557, 51.291, 51.959, 53.782, 55.841, 57.375, 58.371, 58.258, 59.197, 62.945, 66.047, 66.444, 65.762, 65.927, 66.204, 65.888, 64.816, 61.389, 56.902, 54.015, 52.499, 52.467, 54.093, 54.859, 51.757, 49.077, 48.283, 49.402, 51.525, 51.884, 52.057, 52.464, 53.506, 54.742, 55.937, 56.745, 56.123, 56.211, 56.689, 55.551, 55.694, 56.638, 56.079, 52.692, 49.428, 49.189, 49.705, 49.646, 49.365, 48.486, 47.976, 49.311], [39.696, 39.805, 40.118, 34.231, 20.511, 13.067, 13.609, 14.732, 10.429, 0.0, 6.185, 7.354, 7.761, 8.486, 8.972, 9.511, 10.441, 13.675, 18.621, 23.901, 28.297, 30.782, 29.765, 28.739, 31.666, 37.863, 42.618, 44.079, 43.697, 44.756, 46.294, 46.679, 47.835, 48.898, 49.422, 49.47, 50.374, 52.77, 55.523, 57.173, 58.062, 57.942, 59.264, 63.967, 67.681, 68.201, 67.513, 67.749, 68.073, 67.741, 66.665, 63.024, 58.018, 54.811, 53.166, 53.14, 55.042, 56.076, 52.894, 50.114, 49.077, 50.462, 53.075, 53.499, 53.771, 54.324, 55.558, 56.96, 57.865, 58.035, 56.938, 56.778, 57.113, 56.251, 56.762, 58.083, 58.049, 54.921, 51.706, 51.766, 52.617, 52.836, 52.661, 51.501, 50.635, 51.9], [43.006, 42.954, 43.328, 37.962, 24.899, 17.468, 17.923, 19.421, 15.674, 6.185, 0.0, 2.801, 5.191, 6.35, 6.636, 7.249, 7.822, 10.989, 15.974, 21.279, 25.607, 28.126, 26.962, 25.921, 29.723, 36.537, 41.471, 42.765, 42.118, 43.178, 44.731, 45.222, 46.401, 47.459, 48.181, 48.355, 49.382, 52.061, 55.148, 56.936, 57.834, 57.717, 59.129, 64.202, 68.272, 68.893, 68.184, 68.473, 68.855, 68.526, 67.451, 63.703, 58.346, 54.891, 53.172, 53.226, 55.391, 56.613, 53.38, 50.489, 49.309, 50.765, 53.709, 54.192, 54.479, 55.103, 56.414, 57.868, 58.617, 58.489, 57.066, 56.595, 56.761, 56.113, 56.909, 58.475, 58.776, 55.789, 52.556, 52.83, 53.922, 54.244, 54.13, 52.849, 51.741, 52.928], [42.108, 41.982, 42.352, 37.104, 24.484, 17.543, 17.962, 19.532, 15.954, 7.354, 2.801, 0.0, 3.021, 4.307, 4.916, 5.704, 6.652, 10.338, 15.604, 21.048, 25.597, 28.164, 26.817, 25.637, 29.377, 36.234, 41.148, 42.442, 41.803, 42.887, 44.543, 45.036, 46.184, 47.201, 47.899, 48.045, 49.041, 51.689, 54.703, 56.44, 57.331, 57.217, 58.609, 63.629, 67.7, 68.375, 67.7, 68.01, 68.408, 68.093, 67.02, 63.259, 57.845, 54.295, 52.494, 52.543, 54.831, 56.163, 52.947, 49.962, 48.752, 50.239, 53.222, 53.755, 54.035, 54.663, 55.979, 57.437, 58.157, 57.995, 56.517, 55.988, 56.13, 55.544, 56.43, 58.028, 58.326, 55.307, 52.072, 52.397, 53.532, 53.837, 53.718, 52.462, 51.351, 52.522], [40.436, 40.288, 40.647, 35.38, 23.036, 16.741, 17.318, 18.821, 15.348, 7.761, 5.191, 3.021, 0.0, 1.939, 3.704, 4.753, 6.252, 10.448, 15.916, 21.502, 26.353, 29.045, 27.612, 26.275, 29.646, 36.316, 41.155, 42.516, 41.975, 43.039, 44.732, 45.198, 46.333, 47.346, 47.999, 48.096, 49.009, 51.544, 54.409, 56.043, 56.901, 56.784, 58.145, 63.064, 67.044, 67.732, 67.112, 67.434, 67.826, 67.516, 66.45, 62.712, 57.353, 53.805, 51.962, 51.952, 54.235, 55.605, 52.43, 49.408, 48.211, 49.697, 52.578, 53.129, 53.432, 54.065, 55.383, 56.826, 57.538, 57.414, 56.008, 55.563, 55.76, 55.161, 56.032, 57.585, 57.789, 54.728, 51.532, 51.84, 52.927, 53.178, 53.016, 51.777, 50.702, 51.876], [39.896, 39.683, 40.021, 34.833, 22.804, 16.871, 17.418, 18.859, 15.471, 8.486, 6.35, 4.307, 1.939, 0.0, 2.417, 3.716, 5.806, 10.398, 16.016, 21.644, 26.593, 29.297, 27.753, 26.347, 29.614, 36.266, 41.095, 42.477, 41.962, 43.058, 44.826, 45.289, 46.392, 47.37, 47.984, 48.049, 48.93, 51.416, 54.195, 55.786, 56.647, 56.531, 57.865, 62.713, 66.651, 67.347, 66.749, 67.096, 67.507, 67.208, 66.14, 62.376, 56.957, 53.336, 51.433, 51.41, 53.754, 55.175, 51.974, 48.842, 47.623, 49.129, 52.019, 52.606, 52.92, 53.581, 54.934, 56.395, 57.117, 57.017, 55.609, 55.143, 55.332, 54.735, 55.623, 57.189, 57.39, 54.312, 51.135, 51.48, 52.593, 52.852, 52.706, 51.499, 50.445, 51.656], [40.533, 40.284, 40.619, 35.51, 23.592, 17.549, 17.915, 19.307, 15.956, 8.972, 6.636, 4.916, 3.704, 2.417, 0.0, 1.883, 4.823, 9.822, 15.642, 21.298, 26.194, 28.822, 27.184, 25.81, 29.193, 35.973, 40.862, 42.263, 41.73, 42.868, 44.701, 45.169, 46.263, 47.221, 47.822, 47.873, 48.762, 51.267, 54.05, 55.656, 56.544, 56.432, 57.767, 62.616, 66.567, 67.266, 66.661, 67.025, 67.469, 67.189, 66.123, 62.322, 56.819, 53.122, 51.177, 51.176, 53.574, 55.011, 51.743, 48.49, 47.226, 48.75, 51.707, 52.328, 52.637, 53.317, 54.707, 56.2, 56.952, 56.876, 55.441, 54.916, 55.079, 54.481, 55.394, 56.996, 57.236, 54.166, 50.981, 51.35, 52.519, 52.858, 52.794, 51.624, 50.58, 51.841], [40.738, 40.487, 40.836, 35.762, 23.886, 17.901, 18.295, 19.659, 16.367, 9.511, 7.249, 5.704, 4.753, 3.716, 1.883, 0.0, 3.647, 8.977, 14.989, 20.771, 25.817, 28.521, 26.837, 25.458, 28.816, 35.609, 40.532, 41.979, 41.464, 42.608, 44.474, 44.94, 46.036, 46.992, 47.595, 47.64, 48.519, 51.036, 53.843, 55.45, 56.335, 56.226, 57.577, 62.457, 66.426, 67.132, 66.531, 66.902, 67.355, 67.091, 66.051, 62.28, 56.812, 53.137, 51.189, 51.167, 53.541, 54.973, 51.727, 48.511, 47.268, 48.786, 51.739, 52.379, 52.694, 53.362, 54.741, 56.212, 56.93, 56.848, 55.417, 54.888, 55.057, 54.476, 55.404, 57.01, 57.242, 54.174, 51.0, 51.364, 52.537, 52.9, 52.86, 51.695, 50.644, 51.902], [41.76, 41.53, 41.879, 36.855, 24.882, 18.47, 18.951, 20.402, 17.29, 10.441, 7.822, 6.652, 6.252, 5.806, 4.823, 3.647, 0.0, 5.695, 12.151, 18.189, 23.406, 26.272, 24.649, 23.385, 26.848, 33.708, 38.745, 40.293, 39.814, 40.958, 42.819, 43.284, 44.402, 45.39, 46.045, 46.131, 47.04, 49.67, 52.703, 54.435, 55.32, 55.216, 56.602, 61.657, 65.782, 66.514, 65.898, 66.278, 66.736, 66.46, 65.461, 61.775, 56.402, 52.875, 51.082, 51.094, 53.334, 54.673, 51.498, 48.574, 47.483, 48.932, 51.874, 52.505, 52.844, 53.447, 54.7, 56.074, 56.726, 56.594, 55.15, 54.627, 54.808, 54.282, 55.287, 56.943, 57.213, 54.177, 50.953, 51.254, 52.424, 52.821, 52.789, 51.576, 50.457, 51.649], [43.829, 43.619, 43.95, 39.031, 27.155, 20.422, 20.98, 22.508, 19.817, 13.675, 10.989, 10.338, 10.448, 10.398, 9.822, 8.977, 5.695, 0.0, 6.871, 13.273, 18.968, 22.263, 20.743, 19.635, 23.142, 29.958, 35.14, 36.945, 36.564, 37.694, 39.552, 40.026, 41.159, 42.185, 42.95, 43.117, 44.092, 46.974, 50.439, 52.377, 53.255, 53.157, 54.6, 59.954, 64.37, 65.151, 64.5, 64.896, 65.373, 65.067, 64.122, 60.605, 55.445, 52.201, 50.675, 50.762, 52.744, 53.884, 50.853, 48.502, 47.742, 49.073, 51.991, 52.626, 53.022, 53.514, 54.515, 55.699, 56.244, 56.03, 54.546, 54.009, 54.185, 53.751, 54.922, 56.704, 57.068, 54.119, 50.848, 51.047, 52.218, 52.689, 52.671, 51.359, 50.123, 51.21], [46.907, 46.735, 47.058, 42.352, 30.894, 24.291, 24.883, 26.401, 24.117, 18.621, 15.974, 15.604, 15.916, 16.016, 15.642, 14.989, 12.151, 6.871, 0.0, 6.962, 13.794, 17.973, 16.705, 15.695, 19.115, 25.669, 30.985, 33.223, 32.998, 34.077, 35.898, 36.4, 37.513, 38.554, 39.496, 39.79, 40.873, 44.151, 48.184, 50.35, 51.219, 51.117, 52.619, 58.314, 63.033, 63.837, 63.131, 63.545, 64.042, 63.695, 62.783, 59.437, 54.544, 51.7, 50.542, 50.763, 52.449, 53.349, 50.528, 48.883, 48.514, 49.696, 52.564, 53.184, 53.666, 54.083, 54.81, 55.788, 56.211, 55.885, 54.354, 53.811, 53.978, 53.647, 54.995, 56.933, 57.477, 54.753, 51.577, 51.737, 52.908, 53.437, 53.389, 51.913, 50.493, 51.424], [50.379, 50.229, 50.517, 46.17, 35.405, 28.965, 29.414, 30.89, 28.928, 23.901, 21.279, 21.048, 21.502, 21.644, 21.298, 20.771, 18.189, 13.273, 6.962, 0.0, 7.955, 13.1, 12.416, 12.137, 15.713, 21.942, 27.27, 29.889, 29.82, 31.011, 32.976, 33.471, 34.476, 35.449, 36.496, 36.903, 38.098, 41.723, 46.27, 48.716, 49.623, 49.514, 50.998, 56.892, 61.827, 62.59, 61.778, 62.217, 62.771, 62.401, 61.484, 58.176, 53.34, 50.854, 50.215, 50.745, 52.242, 52.94, 50.275, 49.229, 49.2, 50.179, 53.043, 53.632, 54.144, 54.534, 55.041, 55.895, 56.327, 55.94, 54.327, 53.701, 53.794, 53.572, 55.12, 57.222, 58.036, 55.652, 52.648, 52.86, 54.122, 54.761, 54.741, 53.152, 51.561, 52.333], [54.574, 54.458, 54.691, 50.6, 40.215, 33.466, 33.612, 35.105, 33.223, 28.297, 25.607, 25.597, 26.353, 26.593, 26.194, 25.817, 23.406, 18.968, 13.794, 7.955, 0.0, 6.019, 7.314, 9.549, 14.536, 20.709, 25.819, 28.426, 28.388, 29.737, 31.727, 32.2, 33.064, 33.901, 34.885, 35.352, 36.741, 40.581, 45.495, 48.313, 49.364, 49.243, 50.653, 56.554, 61.581, 62.273, 61.334, 61.78, 62.392, 62.007, 61.021, 57.568, 52.514, 50.238, 50.236, 51.322, 52.82, 53.358, 50.688, 49.9, 50.017, 50.793, 53.709, 54.231, 54.736, 55.116, 55.455, 56.336, 57.026, 56.678, 54.98, 54.31, 54.291, 54.081, 55.75, 57.986, 59.058, 56.941, 53.988, 54.23, 55.618, 56.435, 56.554, 54.968, 53.309, 53.983], [56.696, 56.578, 56.768, 52.865, 42.897, 35.928, 35.698, 37.206, 35.422, 30.782, 28.126, 28.164, 29.045, 29.297, 28.822, 28.521, 26.272, 22.263, 17.973, 13.1, 6.019, 0.0, 4.538, 9.643, 15.733, 22.04, 27.041, 29.621, 29.583, 31.012, 33.043, 33.487, 34.214, 34.957, 35.765, 36.099, 37.581, 41.405, 46.253, 49.25, 50.458, 50.347, 51.645, 57.308, 62.254, 62.927, 61.954, 62.421, 63.087, 62.715, 61.665, 58.035, 52.671, 50.281, 50.512, 51.994, 53.696, 54.22, 51.41, 50.422, 50.457, 51.093, 54.076, 54.592, 55.068, 55.497, 55.834, 56.818, 57.795, 57.62, 55.87, 55.106, 54.987, 54.748, 56.456, 58.749, 59.939, 57.894, 54.899, 55.155, 56.631, 57.534, 57.78, 56.307, 54.691, 55.369], [55.561, 55.359, 55.536, 51.695, 41.939, 34.973, 34.55, 36.087, 34.352, 29.765, 26.962, 26.817, 27.612, 27.753, 27.184, 26.837, 24.649, 20.743, 16.705, 12.416, 7.314, 4.538, 0.0, 6.51, 13.932, 21.302, 26.714, 29.297, 29.161, 30.616, 32.794, 33.257, 33.985, 34.8, 35.609, 35.825, 37.246, 41.018, 45.702, 48.67, 49.936, 49.842, 51.106, 56.685, 61.641, 62.391, 61.49, 62.019, 62.742, 62.422, 61.386, 57.681, 52.139, 49.465, 49.385, 50.792, 52.763, 53.545, 50.692, 49.461, 49.441, 50.205, 53.33, 53.898, 54.349, 54.851, 55.343, 56.402, 57.408, 57.325, 55.556, 54.706, 54.581, 54.399, 56.156, 58.448, 59.588, 57.398, 54.302, 54.583, 56.072, 56.932, 57.209, 55.843, 54.307, 55.094], [54.731, 54.534, 54.727, 50.803, 41.005, 34.202, 33.735, 35.247, 33.438, 28.739, 25.921, 25.637, 26.275, 26.347, 25.81, 25.458, 23.385, 19.635, 15.695, 12.137, 9.549, 9.643, 6.51, 0.0, 9.247, 18.102, 23.989, 26.474, 26.218, 27.556, 29.65, 30.108, 30.94, 31.942, 32.812, 32.979, 34.372, 38.2, 42.888, 45.869, 47.168, 47.084, 48.419, 54.183, 59.293, 60.15, 59.36, 59.934, 60.668, 60.376, 59.379, 55.759, 50.462, 47.923, 47.777, 49.06, 51.018, 52.064, 49.502, 48.434, 48.588, 49.67, 52.84, 53.379, 53.831, 54.264, 54.684, 55.681, 56.653, 56.633, 55.043, 54.486, 54.592, 54.433, 56.155, 58.357, 59.279, 56.87, 53.657, 53.808, 55.1, 55.846, 56.082, 54.755, 53.342, 54.243], [54.084, 53.972, 54.108, 50.331, 41.479, 35.513, 34.963, 36.203, 34.933, 31.666, 29.723, 29.377, 29.646, 29.614, 29.193, 28.816, 26.848, 23.142, 19.115, 15.713, 14.536, 15.733, 13.932, 9.247, 0.0, 9.9, 16.732, 20.247, 20.645, 22.067, 24.448, 24.66, 25.346, 26.446, 27.063, 27.019, 28.258, 31.989, 36.717, 39.865, 41.267, 41.213, 42.439, 48.209, 53.464, 54.384, 53.64, 54.222, 54.971, 54.696, 53.818, 50.658, 46.342, 44.67, 44.994, 46.201, 47.432, 48.269, 46.527, 46.838, 47.892, 49.068, 51.926, 52.389, 52.819, 52.945, 52.875, 53.49, 54.439, 54.661, 53.459, 53.382, 53.854, 53.697, 55.35, 57.345, 57.87, 55.305, 52.041, 51.835, 52.785, 53.441, 53.629, 52.344, 51.073, 51.973], [56.459, 56.422, 56.502, 52.981, 45.202, 40.249, 39.864, 40.854, 40.025, 37.863, 36.537, 36.234, 36.316, 36.266, 35.973, 35.609, 33.708, 29.958, 25.669, 21.942, 20.709, 22.04, 21.302, 18.102, 9.9, 0.0, 8.019, 13.81, 15.562, 16.879, 19.362, 19.312, 19.611, 20.573, 20.917, 20.791, 21.814, 25.555, 30.79, 34.201, 35.573, 35.536, 36.659, 42.55, 48.008, 48.927, 48.164, 48.716, 49.467, 49.204, 48.502, 45.992, 42.975, 42.519, 43.535, 44.715, 44.914, 45.145, 44.41, 46.915, 49.273, 50.423, 52.814, 53.188, 53.652, 53.449, 52.828, 53.055, 53.987, 54.315, 53.433, 53.813, 54.545, 54.399, 56.005, 57.857, 58.163, 55.709, 52.561, 52.039, 52.717, 53.353, 53.488, 52.18, 50.951, 51.673], [59.32, 59.255, 59.313, 55.995, 48.83, 44.622, 44.468, 45.355, 44.557, 42.618, 41.471, 41.148, 41.155, 41.095, 40.862, 40.532, 38.745, 35.14, 30.985, 27.27, 25.819, 27.041, 26.714, 23.989, 16.732, 8.019, 0.0, 7.663, 10.792, 11.997, 14.765, 14.562, 14.435, 15.123, 15.432, 15.472, 16.333, 20.399, 26.29, 29.76, 30.917, 30.88, 32.026, 38.171, 43.85, 44.807, 44.062, 44.62, 45.395, 45.155, 44.58, 42.516, 40.396, 40.809, 42.356, 43.626, 43.261, 43.11, 43.069, 47.098, 50.506, 51.892, 54.085, 54.434, 54.92, 54.511, 53.504, 53.499, 54.369, 54.591, 53.824, 54.531, 55.439, 55.485, 57.245, 59.076, 59.309, 56.986, 54.001, 53.387, 53.992, 54.701, 54.892, 53.673, 52.567, 53.194], [61.321, 61.164, 61.224, 57.886, 50.571, 46.595, 46.662, 47.556, 46.515, 44.079, 42.765, 42.442, 42.516, 42.477, 42.263, 41.979, 40.293, 36.945, 33.223, 29.889, 28.426, 29.621, 29.297, 26.474, 20.247, 13.81, 7.663, 0.0, 4.24, 6.006, 9.86, 9.743, 9.733, 10.867, 12.008, 12.704, 13.691, 18.35, 24.656, 27.936, 28.781, 28.758, 30.147, 36.76, 42.73, 43.822, 43.14, 43.711, 44.498, 44.286, 43.737, 41.674, 39.582, 40.038, 41.572, 42.812, 42.479, 42.457, 42.645, 47.023, 50.808, 52.692, 55.101, 55.473, 55.928, 55.454, 54.376, 54.337, 55.038, 54.968, 54.073, 54.818, 55.784, 56.167, 58.2, 60.087, 60.311, 57.948, 54.991, 54.466, 55.178, 56.03, 56.351, 55.275, 54.324, 55.032], [62.043, 61.849, 61.93, 58.537, 50.933, 46.815, 46.92, 47.866, 46.637, 43.697, 42.118, 41.803, 41.975, 41.962, 41.73, 41.464, 39.814, 36.564, 32.998, 29.82, 28.388, 29.583, 29.161, 26.218, 20.645, 15.562, 10.792, 4.24, 0.0, 3.763, 8.566, 8.729, 9.1, 10.661, 12.358, 13.291, 14.492, 19.317, 25.56, 28.722, 29.52, 29.512, 31.097, 37.987, 44.089, 45.25, 44.591, 45.171, 45.97, 45.781, 45.207, 42.947, 40.441, 40.504, 41.783, 42.974, 42.861, 43.051, 43.085, 47.096, 50.731, 52.858, 55.562, 55.994, 56.429, 55.988, 55.013, 55.073, 55.733, 55.531, 54.466, 55.022, 55.898, 56.381, 58.53, 60.518, 60.874, 58.534, 55.579, 55.164, 55.974, 56.868, 57.221, 56.161, 55.222, 56.001], [63.299, 63.145, 63.241, 59.786, 52.047, 47.933, 48.136, 49.09, 47.805, 44.756, 43.178, 42.887, 43.039, 43.058, 42.868, 42.608, 40.958, 37.694, 34.077, 31.011, 29.737, 31.012, 30.616, 27.556, 22.067, 16.879, 11.997, 6.006, 3.763, 0.0, 5.253, 5.617, 6.481, 9.007, 11.36, 12.57, 13.724, 18.702, 25.215, 28.362, 29.005, 28.982, 30.729, 37.875, 44.076, 45.309, 44.74, 45.302, 46.068, 45.898, 45.394, 43.301, 41.107, 41.335, 42.566, 43.652, 43.416, 43.592, 43.786, 47.984, 51.711, 53.916, 56.548, 56.998, 57.538, 57.075, 56.046, 56.096, 56.743, 56.473, 55.475, 56.202, 57.122, 57.524, 59.587, 61.556, 61.902, 59.59, 56.653, 56.161, 56.896, 57.782, 58.094, 56.998, 56.074, 56.827], [65.556, 65.483, 65.593, 61.969, 53.859, 49.614, 49.927, 50.894, 49.52, 46.294, 44.731, 44.543, 44.732, 44.826, 44.701, 44.474, 42.819, 39.552, 35.898, 32.976, 31.727, 33.043, 32.794, 29.65, 24.448, 19.362, 14.765, 9.86, 8.566, 5.253, 0.0, 1.924, 4.814, 8.738, 11.763, 13.295, 14.299, 19.113, 25.86, 29.03, 29.508, 29.451, 31.312, 38.646, 44.884, 46.135, 45.661, 46.18, 46.853, 46.667, 46.229, 44.362, 42.646, 43.179, 44.414, 45.37, 44.929, 45.022, 45.379, 49.819, 53.574, 55.806, 58.282, 58.664, 59.337, 58.86, 57.786, 57.83, 58.456, 58.133, 57.305, 58.355, 59.418, 59.727, 61.623, 63.513, 63.8, 61.487, 58.503, 57.849, 58.43, 59.288, 59.559, 58.416, 57.508, 58.216], [65.434, 65.383, 65.482, 61.911, 53.994, 49.826, 50.081, 51.017, 49.715, 46.679, 45.222, 45.036, 45.198, 45.289, 45.169, 44.94, 43.284, 40.026, 36.4, 33.471, 32.2, 33.487, 33.257, 30.108, 24.66, 19.312, 14.562, 9.743, 8.729, 5.617, 1.924, 0.0, 3.757, 8.138, 11.11, 12.61, 13.504, 18.19, 24.863, 28.082, 28.628, 28.579, 30.389, 37.681, 43.912, 45.146, 44.665, 45.179, 45.851, 45.667, 45.255, 43.487, 41.999, 42.736, 44.115, 45.113, 44.566, 44.599, 45.032, 49.572, 53.385, 55.58, 57.999, 58.369, 59.044, 58.551, 57.417, 57.401, 58.017, 57.732, 56.983, 58.147, 59.3, 59.613, 61.488, 63.33, 63.553, 61.253, 58.302, 57.605, 58.145, 58.998, 59.267, 58.139, 57.261, 57.955], [65.402, 65.302, 65.403, 62.093, 54.711, 50.725, 50.874, 51.784, 50.604, 47.835, 46.401, 46.184, 46.333, 46.392, 46.263, 46.036, 44.402, 41.159, 37.513, 34.476, 33.064, 34.214, 33.985, 30.94, 25.346, 19.611, 14.435, 9.733, 9.1, 6.481, 4.814, 3.757, 0.0, 4.831, 8.178, 9.961, 10.876, 15.829, 22.685, 26.047, 26.72, 26.694, 28.423, 35.71, 42.008, 43.226, 42.69, 43.226, 43.951, 43.784, 43.394, 41.685, 40.325, 41.277, 42.93, 44.133, 43.55, 43.516, 44.023, 48.697, 52.658, 54.803, 57.198, 57.581, 58.235, 57.734, 56.531, 56.457, 57.072, 56.804, 56.066, 57.259, 58.423, 58.752, 60.668, 62.513, 62.744, 60.527, 57.688, 57.055, 57.647, 58.526, 58.79, 57.652, 56.769, 57.456], [65.311, 65.132, 65.25, 62.215, 55.335, 51.601, 51.7, 52.594, 51.482, 48.898, 47.459, 47.201, 47.346, 47.37, 47.221, 46.992, 45.39, 42.185, 38.554, 35.449, 33.901, 34.957, 34.8, 31.942, 26.446, 20.573, 15.123, 10.867, 10.661, 9.007, 8.738, 8.138, 4.831, 0.0, 4.489, 7.112, 8.168, 13.518, 20.637, 24.033, 24.776, 24.771, 26.55, 33.941, 40.291, 41.495, 40.888, 41.434, 42.208, 42.053, 41.661, 39.96, 38.634, 39.753, 41.729, 43.196, 42.638, 42.581, 43.141, 47.833, 51.885, 53.97, 56.324, 56.74, 57.366, 56.831, 55.55, 55.49, 56.153, 55.844, 55.052, 56.239, 57.364, 57.682, 59.652, 61.533, 61.787, 59.629, 56.902, 56.371, 57.053, 57.979, 58.229, 57.049, 56.139, 56.797], [64.573, 64.396, 64.472, 61.611, 55.294, 51.768, 51.695, 52.524, 51.557, 49.422, 48.181, 47.899, 47.999, 47.984, 47.822, 47.595, 46.045, 42.95, 39.496, 36.496, 34.885, 35.765, 35.609, 32.812, 27.063, 20.917, 15.432, 12.008, 12.358, 11.36, 11.763, 11.11, 8.178, 4.489, 0.0, 3.215, 4.794, 10.406, 17.657, 21.352, 22.379, 22.395, 24.166, 31.555, 37.937, 39.169, 38.558, 39.092, 39.878, 39.723, 39.31, 37.71, 36.699, 38.154, 40.506, 42.213, 41.52, 41.347, 42.01, 46.831, 51.04, 53.073, 55.342, 55.766, 56.348, 55.68, 54.191, 54.109, 55.071, 55.016, 54.329, 55.616, 56.779, 57.005, 58.927, 60.77, 60.919, 58.682, 55.916, 55.291, 55.873, 56.754, 57.027, 55.936, 55.126, 55.789], [63.883, 63.724, 63.764, 60.967, 54.995, 51.563, 51.351, 52.14, 51.291, 49.47, 48.355, 48.045, 48.096, 48.049, 47.873, 47.64, 46.131, 43.117, 39.79, 36.903, 35.352, 36.099, 35.825, 32.979, 27.019, 20.791, 15.472, 12.704, 13.291, 12.57, 13.295, 12.61, 9.961, 7.112, 3.215, 0.0, 3.095, 9.121, 16.31, 20.219, 21.477, 21.505, 23.173, 30.409, 36.761, 38.018, 37.454, 38.022, 38.834, 38.69, 38.259, 36.682, 35.796, 37.349, 39.8, 41.589, 40.831, 40.602, 41.264, 46.086, 50.364, 52.386, 54.644, 55.08, 55.638, 54.919, 53.356, 53.272, 54.484, 54.749, 54.204, 55.535, 56.731, 56.885, 58.743, 60.541, 60.616, 58.297, 55.46, 54.744, 55.211, 56.011, 56.309, 55.32, 54.597, 55.301], [63.869, 63.696, 63.721, 61.016, 55.371, 52.175, 51.976, 52.719, 51.959, 50.374, 49.382, 49.041, 49.009, 48.93, 48.762, 48.519, 47.04, 44.092, 40.873, 38.098, 36.741, 37.581, 37.246, 34.372, 28.258, 21.814, 16.333, 13.691, 14.492, 13.724, 14.299, 13.504, 10.876, 8.168, 4.794, 3.095, 0.0, 6.658, 14.315, 18.403, 19.641, 19.674, 21.293, 28.587, 35.021, 36.348, 35.873, 36.477, 37.315, 37.219, 36.858, 35.411, 34.863, 36.677, 39.212, 40.935, 39.989, 39.732, 40.631, 45.785, 50.261, 52.278, 54.403, 54.837, 55.472, 54.781, 53.206, 53.077, 54.261, 54.579, 54.214, 55.761, 57.069, 57.23, 59.058, 60.79, 60.769, 58.444, 55.628, 54.834, 55.228, 56.006, 56.293, 55.327, 54.646, 55.343], [64.047, 63.863, 63.822, 61.43, 56.739, 54.045, 53.728, 54.347, 53.782, 52.77, 52.061, 51.689, 51.544, 51.416, 51.267, 51.036, 49.67, 46.974, 44.151, 41.723, 40.581, 41.405, 41.018, 38.2, 31.989, 25.555, 20.399, 18.35, 19.317, 18.702, 19.113, 18.19, 15.829, 13.518, 10.406, 9.121, 6.658, 0.0, 8.396, 13.292, 14.927, 15.003, 16.494, 23.939, 30.61, 32.123, 31.813, 32.391, 33.222, 33.211, 32.996, 31.911, 32.25, 34.733, 37.651, 39.421, 38.089, 37.8, 39.24, 45.0, 49.895, 51.891, 53.736, 54.165, 54.891, 54.141, 52.405, 52.2, 53.5, 53.941, 53.868, 55.94, 57.542, 57.695, 59.446, 61.028, 60.783, 58.439, 55.678, 54.708, 54.936, 55.693, 56.026, 55.2, 54.674, 55.346], [63.479, 63.27, 63.155, 61.292, 58.133, 56.274, 55.748, 56.19, 55.841, 55.523, 55.148, 54.703, 54.409, 54.195, 54.05, 53.843, 52.703, 50.439, 48.184, 46.27, 45.495, 46.253, 45.702, 42.888, 36.717, 30.79, 26.29, 24.656, 25.56, 25.215, 25.86, 24.863, 22.685, 20.637, 17.657, 16.31, 14.315, 8.396, 0.0, 6.247, 9.252, 9.486, 10.627, 17.929, 24.704, 26.536, 26.535, 27.087, 27.908, 28.038, 28.017, 27.369, 28.825, 31.962, 35.22, 37.069, 35.429, 35.26, 37.287, 43.38, 48.73, 50.788, 52.348, 52.844, 53.561, 52.704, 50.799, 50.526, 52.002, 52.639, 52.868, 55.534, 57.546, 57.669, 59.29, 60.648, 60.071, 57.732, 55.232, 54.187, 54.253, 54.972, 55.348, 54.749, 54.468, 55.147], [63.331, 63.089, 62.975, 61.312, 58.84, 57.737, 57.385, 57.743, 57.375, 57.173, 56.936, 56.44, 56.043, 55.786, 55.656, 55.45, 54.435, 52.377, 50.35, 48.716, 48.313, 49.25, 48.67, 45.869, 39.865, 34.201, 29.76, 27.936, 28.722, 28.362, 29.03, 28.082, 26.047, 24.033, 21.352, 20.219, 18.403, 13.292, 6.247, 0.0, 4.019, 4.522, 6.687, 14.985, 21.827, 23.956, 24.262, 24.796, 25.57, 25.801, 25.99, 25.819, 28.118, 31.504, 34.636, 36.217, 34.319, 34.233, 36.68, 42.985, 48.571, 50.75, 52.115, 52.706, 53.417, 52.453, 50.467, 50.154, 51.559, 52.108, 52.462, 55.477, 57.735, 57.86, 59.388, 60.601, 59.807, 57.519, 55.312, 54.307, 54.335, 55.089, 55.419, 54.832, 54.636, 55.29], [63.99, 63.734, 63.641, 61.909, 59.366, 58.531, 58.443, 58.806, 58.371, 58.062, 57.834, 57.331, 56.901, 56.647, 56.544, 56.335, 55.32, 53.255, 51.219, 49.623, 49.364, 50.458, 49.936, 47.168, 41.267, 35.573, 30.917, 28.781, 29.52, 29.005, 29.508, 28.628, 26.72, 24.776, 22.379, 21.477, 19.641, 14.927, 9.252, 4.019, 0.0, 1.397, 5.821, 14.9, 21.791, 24.029, 24.462, 24.984, 25.73, 25.993, 26.31, 26.432, 29.048, 32.5, 35.468, 36.801, 34.754, 34.651, 37.293, 43.828, 49.49, 51.726, 53.007, 53.633, 54.395, 53.367, 51.315, 50.946, 52.233, 52.654, 53.03, 56.12, 58.377, 58.515, 60.029, 61.208, 60.374, 58.126, 55.996, 54.996, 55.037, 55.841, 56.14, 55.497, 55.286, 55.896], [63.906, 63.661, 63.566, 61.81, 59.226, 58.387, 58.327, 58.699, 58.258, 57.942, 57.717, 57.217, 56.784, 56.531, 56.432, 56.226, 55.216, 53.157, 51.117, 49.514, 49.243, 50.347, 49.842, 47.084, 41.213, 35.536, 30.88, 28.758, 29.512, 28.982, 29.451, 28.579, 26.694, 24.771, 22.395, 21.505, 19.674, 15.003, 9.486, 4.522, 1.397, 0.0, 5.078, 14.434, 21.371, 23.598, 24.043, 24.561, 25.281, 25.537, 25.851, 25.943, 28.585, 32.104, 35.104, 36.45, 34.374, 34.239, 36.871, 43.462, 49.162, 51.401, 52.652, 53.262, 54.062, 53.044, 50.993, 50.628, 51.911, 52.336, 52.758, 55.919, 58.21, 58.344, 59.844, 61.035, 60.242, 58.037, 55.924, 54.933, 54.976, 55.778, 56.075, 55.417, 55.183, 55.777], [64.053, 63.815, 63.688, 62.152, 60.055, 59.286, 59.1, 59.428, 59.197, 59.264, 59.129, 58.609, 58.145, 57.865, 57.767, 57.577, 56.602, 54.6, 52.619, 50.998, 50.653, 51.645, 51.106, 48.419, 42.439, 36.659, 32.026, 30.147, 31.097, 30.729, 31.312, 30.389, 28.423, 26.55, 24.166, 23.173, 21.293, 16.494, 10.627, 6.687, 5.821, 5.078, 0.0, 9.927, 17.312, 19.642, 20.206, 20.866, 21.665, 21.957, 22.356, 22.721, 26.106, 30.228, 33.516, 34.981, 32.691, 32.337, 35.14, 42.152, 48.135, 50.266, 51.363, 51.897, 52.717, 51.697, 49.561, 49.043, 50.296, 50.901, 51.569, 54.96, 57.44, 57.648, 59.113, 60.237, 59.482, 57.436, 55.418, 54.427, 54.451, 55.225, 55.583, 55.033, 54.826, 55.377], [65.305, 65.054, 64.853, 63.901, 63.269, 63.041, 62.622, 62.785, 62.945, 63.967, 64.202, 63.629, 63.064, 62.713, 62.616, 62.457, 61.657, 59.954, 58.314, 56.892, 56.554, 57.308, 56.685, 54.183, 48.209, 42.55, 38.171, 36.76, 37.987, 37.875, 38.646, 37.681, 35.71, 33.941, 31.555, 30.409, 28.587, 23.939, 17.929, 14.985, 14.9, 14.434, 9.927, 0.0, 8.012, 11.169, 12.683, 13.733, 14.765, 15.405, 16.214, 17.844, 23.606, 28.939, 32.678, 34.338, 31.736, 31.045, 34.326, 41.868, 48.345, 50.261, 50.884, 51.354, 52.135, 51.054, 48.732, 47.976, 49.357, 50.421, 51.63, 55.484, 58.248, 58.406, 59.624, 60.435, 59.49, 57.705, 56.05, 55.05, 54.953, 55.642, 56.105, 55.893, 55.921, 56.404], [66.335, 66.116, 65.886, 65.391, 65.88, 66.197, 65.686, 65.696, 66.047, 67.681, 68.272, 67.7, 67.044, 66.651, 66.567, 66.426, 65.782, 64.37, 63.033, 61.827, 61.581, 62.254, 61.641, 59.293, 53.464, 48.008, 43.85, 42.73, 44.089, 44.076, 44.884, 43.912, 42.008, 40.291, 37.937, 36.761, 35.021, 30.61, 24.704, 21.827, 21.791, 21.371, 17.312, 8.012, 0.0, 4.726, 8.075, 9.387, 10.39, 11.505, 12.792, 15.754, 23.452, 29.499, 33.415, 35.082, 32.21, 31.251, 34.857, 42.559, 49.255, 50.978, 51.087, 51.497, 52.238, 51.118, 48.741, 47.93, 49.495, 50.928, 52.589, 56.82, 59.766, 59.742, 60.604, 61.076, 59.935, 58.462, 57.301, 56.37, 56.17, 56.777, 57.246, 57.235, 57.434, 57.843], [66.277, 66.118, 65.906, 65.573, 66.288, 66.638, 66.089, 66.048, 66.444, 68.201, 68.893, 68.375, 67.732, 67.347, 67.266, 67.132, 66.514, 65.151, 63.837, 62.59, 62.273, 62.927, 62.391, 60.15, 54.384, 48.927, 44.807, 43.822, 45.25, 45.309, 46.135, 45.146, 43.226, 41.495, 39.169, 38.018, 36.348, 32.123, 26.536, 23.956, 24.029, 23.598, 19.642, 11.169, 4.726, 0.0, 4.138, 5.823, 7.195, 8.623, 10.193, 13.826, 22.412, 28.979, 33.181, 34.915, 31.82, 30.595, 34.258, 42.136, 48.882, 50.432, 50.351, 50.644, 51.361, 50.235, 47.836, 47.027, 48.7, 50.313, 52.088, 56.306, 59.23, 59.097, 59.77, 60.112, 59.062, 57.902, 57.018, 56.231, 56.111, 56.716, 57.161, 57.131, 57.281, 57.621], [65.647, 65.502, 65.308, 65.048, 65.74, 65.98, 65.396, 65.352, 65.762, 67.513, 68.184, 67.7, 67.112, 66.749, 66.661, 66.531, 65.898, 64.5, 63.131, 61.778, 61.334, 61.954, 61.49, 59.36, 53.64, 48.164, 44.062, 43.14, 44.591, 44.74, 45.661, 44.665, 42.69, 40.888, 38.558, 37.454, 35.873, 31.813, 26.535, 24.262, 24.462, 24.043, 20.206, 12.683, 8.075, 4.138, 0.0, 2.673, 5.15, 6.755, 8.358, 12.178, 21.021, 27.886, 32.367, 34.242, 31.122, 29.771, 33.377, 41.339, 48.066, 49.494, 49.435, 49.67, 50.346, 49.202, 46.75, 45.925, 47.607, 49.186, 50.795, 54.79, 57.588, 57.426, 58.074, 58.424, 57.529, 56.555, 55.785, 55.153, 55.223, 55.907, 56.357, 56.269, 56.32, 56.609], [65.647, 65.528, 65.324, 65.077, 65.845, 66.151, 65.569, 65.498, 65.927, 67.749, 68.473, 68.01, 67.434, 67.096, 67.025, 66.902, 66.278, 64.896, 63.545, 62.217, 61.78, 62.421, 62.019, 59.934, 54.222, 48.716, 44.62, 43.711, 45.171, 45.302, 46.18, 45.179, 43.226, 41.434, 39.092, 38.022, 36.477, 32.391, 27.087, 24.796, 24.984, 24.561, 20.866, 13.733, 9.387, 5.823, 2.673, 0.0, 2.97, 4.969, 6.973, 11.611, 21.09, 28.151, 32.71, 34.553, 31.29, 29.806, 33.529, 41.642, 48.398, 49.785, 49.61, 49.809, 50.483, 49.289, 46.766, 45.896, 47.547, 49.055, 50.651, 54.704, 57.531, 57.334, 57.926, 58.237, 57.299, 56.366, 55.668, 55.025, 55.086, 55.795, 56.251, 56.166, 56.224, 56.467], [65.81, 65.719, 65.5, 65.231, 66.037, 66.429, 65.867, 65.77, 66.204, 68.073, 68.855, 68.408, 67.826, 67.507, 67.469, 67.355, 66.736, 65.373, 64.042, 62.771, 62.392, 63.087, 62.742, 60.668, 54.971, 49.467, 45.395, 44.498, 45.97, 46.068, 46.853, 45.851, 43.951, 42.208, 39.878, 38.834, 37.315, 33.222, 27.908, 25.57, 25.73, 25.281, 21.665, 14.765, 10.39, 7.195, 5.15, 2.97, 0.0, 2.625, 5.383, 11.14, 21.357, 28.629, 33.244, 35.042, 31.63, 29.999, 33.809, 42.034, 48.803, 50.168, 49.849, 49.998, 50.708, 49.495, 46.921, 45.98, 47.544, 48.993, 50.676, 54.927, 57.896, 57.713, 58.258, 58.526, 57.51, 56.567, 55.906, 55.206, 55.171, 55.848, 56.311, 56.254, 56.34, 56.546], [65.606, 65.528, 65.305, 65.005, 65.739, 66.106, 65.556, 65.458, 65.888, 67.741, 68.526, 68.093, 67.516, 67.208, 67.189, 67.091, 66.46, 65.067, 63.695, 62.401, 62.007, 62.715, 62.422, 60.376, 54.696, 49.204, 45.155, 44.286, 45.781, 45.898, 46.667, 45.667, 43.784, 42.053, 39.723, 38.69, 37.219, 33.211, 28.038, 25.801, 25.993, 25.537, 21.957, 15.405, 11.505, 8.623, 6.755, 4.969, 2.625, 0.0, 3.39, 10.153, 20.88, 28.344, 33.1, 34.96, 31.467, 29.688, 33.457, 41.732, 48.503, 49.843, 49.496, 49.615, 50.341, 49.116, 46.466, 45.433, 46.925, 48.338, 50.021, 54.312, 57.339, 57.192, 57.763, 58.055, 57.047, 56.105, 55.434, 54.712, 54.651, 55.324, 55.804, 55.764, 55.861, 56.056], [64.723, 64.641, 64.406, 64.075, 64.758, 65.074, 64.497, 64.403, 64.816, 66.665, 67.451, 67.02, 66.45, 66.14, 66.123, 66.051, 65.461, 64.122, 62.783, 61.484, 61.021, 61.665, 61.386, 59.379, 53.818, 48.502, 44.58, 43.737, 45.207, 45.394, 46.229, 45.255, 43.394, 41.661, 39.31, 38.259, 36.858, 32.996, 28.017, 25.99, 26.31, 25.851, 22.356, 16.214, 12.792, 10.193, 8.358, 6.973, 5.383, 3.39, 0.0, 7.576, 18.871, 26.582, 31.573, 33.645, 30.248, 28.444, 32.073, 40.287, 47.092, 48.458, 48.168, 48.285, 49.016, 47.828, 45.184, 44.186, 45.764, 47.217, 48.856, 53.1, 56.112, 55.975, 56.598, 56.962, 56.03, 55.085, 54.382, 53.69, 53.667, 54.355, 54.864, 54.852, 54.974, 55.216], [62.109, 61.943, 61.707, 61.297, 61.691, 61.785, 61.15, 61.098, 61.389, 63.024, 63.703, 63.259, 62.712, 62.376, 62.322, 62.28, 61.775, 60.605, 59.437, 58.176, 57.568, 58.035, 57.681, 55.759, 50.658, 45.992, 42.516, 41.674, 42.947, 43.301, 44.362, 43.487, 41.685, 39.96, 37.71, 36.682, 35.411, 31.911, 27.369, 25.819, 26.432, 25.943, 22.721, 17.844, 15.754, 13.826, 12.178, 11.611, 11.14, 10.153, 7.576, 0.0, 11.755, 19.928, 25.596, 28.333, 25.623, 24.443, 27.603, 35.427, 42.279, 43.75, 43.768, 43.959, 44.745, 43.859, 41.701, 41.224, 43.14, 44.6, 45.949, 49.95, 52.828, 52.723, 53.512, 54.147, 53.597, 52.712, 51.961, 51.556, 51.839, 52.61, 53.177, 53.126, 53.143, 53.552], [58.947, 58.564, 58.355, 57.944, 57.88, 57.499, 56.756, 56.827, 56.902, 58.018, 58.346, 57.845, 57.353, 56.957, 56.819, 56.812, 56.402, 55.445, 54.544, 53.34, 52.514, 52.671, 52.139, 50.462, 46.342, 42.975, 40.396, 39.582, 40.441, 41.107, 42.646, 41.999, 40.325, 38.634, 36.699, 35.796, 34.863, 32.25, 28.825, 28.118, 29.048, 28.585, 26.106, 23.606, 23.452, 22.412, 21.021, 21.09, 21.357, 20.88, 18.871, 11.755, 0.0, 8.991, 16.298, 20.613, 19.996, 20.578, 22.326, 28.67, 35.323, 36.9, 37.688, 38.101, 38.91, 38.601, 37.457, 37.952, 40.277, 41.55, 42.084, 45.252, 47.672, 47.714, 48.928, 50.134, 50.401, 49.707, 48.918, 49.158, 50.121, 51.057, 51.709, 51.537, 51.249, 51.885], [56.485, 55.908, 55.705, 55.366, 55.265, 54.784, 53.955, 54.092, 54.015, 54.811, 54.891, 54.295, 53.805, 53.336, 53.122, 53.137, 52.875, 52.201, 51.7, 50.854, 50.238, 50.281, 49.465, 47.923, 44.67, 42.519, 40.809, 40.038, 40.504, 41.335, 43.179, 42.736, 41.277, 39.753, 38.154, 37.349, 36.677, 34.733, 31.962, 31.504, 32.5, 32.104, 30.228, 28.939, 29.499, 28.979, 27.886, 28.151, 28.629, 28.344, 26.582, 19.928, 8.991, 0.0, 8.499, 14.284, 16.307, 18.798, 19.213, 23.73, 30.137, 32.038, 33.562, 34.303, 35.079, 35.236, 35.077, 36.364, 38.852, 39.945, 39.844, 42.299, 44.384, 44.517, 46.004, 47.596, 48.355, 47.721, 46.926, 47.6, 49.008, 50.061, 50.777, 50.594, 50.185, 51.009], [54.825, 54.136, 53.933, 53.592, 53.605, 53.339, 52.526, 52.655, 52.499, 53.166, 53.172, 52.494, 51.962, 51.433, 51.177, 51.189, 51.082, 50.675, 50.542, 50.215, 50.236, 50.512, 49.385, 47.777, 44.994, 43.535, 42.356, 41.572, 41.783, 42.566, 44.414, 44.115, 42.93, 41.729, 40.506, 39.8, 39.212, 37.651, 35.22, 34.636, 35.468, 35.104, 33.516, 32.678, 33.415, 33.181, 32.367, 32.71, 33.244, 33.1, 31.573, 25.596, 16.298, 8.499, 0.0, 6.989, 12.312, 16.736, 16.639, 20.568, 27.076, 29.499, 31.496, 32.491, 33.238, 33.661, 34.318, 36.036, 38.338, 39.253, 38.879, 40.971, 42.979, 43.19, 44.699, 46.406, 47.346, 46.711, 45.914, 46.766, 48.361, 49.476, 50.224, 50.082, 49.685, 50.634], [54.256, 53.573, 53.363, 52.956, 53.103, 53.213, 52.557, 52.632, 52.467, 53.14, 53.226, 52.543, 51.952, 51.41, 51.176, 51.167, 51.094, 50.762, 50.763, 50.745, 51.322, 51.994, 50.792, 49.06, 46.201, 44.715, 43.626, 42.812, 42.974, 43.652, 45.37, 45.113, 44.133, 43.196, 42.213, 41.589, 40.935, 39.421, 37.069, 36.217, 36.801, 36.45, 34.981, 34.338, 35.082, 34.915, 34.242, 34.553, 35.042, 34.96, 33.645, 28.333, 20.613, 14.284, 6.989, 0.0, 8.19, 14.299, 15.235, 20.386, 27.062, 29.621, 31.435, 32.468, 33.212, 33.606, 34.61, 36.413, 38.422, 39.217, 38.897, 40.936, 43.007, 43.253, 44.631, 46.239, 47.103, 46.47, 45.711, 46.512, 48.079, 49.226, 49.955, 49.82, 49.469, 50.442], [55.446, 54.956, 54.717, 54.167, 54.363, 54.675, 54.157, 54.147, 54.093, 55.042, 55.391, 54.831, 54.235, 53.754, 53.574, 53.541, 53.334, 52.744, 52.449, 52.242, 52.82, 53.696, 52.763, 51.018, 47.432, 44.914, 43.261, 42.479, 42.861, 43.416, 44.929, 44.566, 43.55, 42.638, 41.52, 40.831, 39.989, 38.089, 35.429, 34.319, 34.754, 34.374, 32.691, 31.736, 32.21, 31.82, 31.122, 31.29, 31.63, 31.467, 30.248, 25.623, 19.996, 16.307, 12.312, 8.19, 0.0, 7.448, 12.198, 21.684, 29.397, 31.72, 32.721, 33.448, 34.242, 34.223, 34.647, 36.048, 38.061, 39.199, 39.5, 42.069, 44.433, 44.55, 45.662, 47.001, 47.548, 46.949, 46.212, 46.571, 47.715, 48.789, 49.473, 49.348, 49.117, 50.012], [56.221, 55.864, 55.607, 54.919, 55.022, 55.326, 54.869, 54.807, 54.859, 56.076, 56.613, 56.163, 55.605, 55.175, 55.011, 54.973, 54.673, 53.884, 53.349, 52.94, 53.358, 54.22, 53.545, 52.064, 48.269, 45.145, 43.11, 42.457, 43.051, 43.592, 45.022, 44.599, 43.516, 42.581, 41.347, 40.602, 39.732, 37.8, 35.26, 34.233, 34.651, 34.239, 32.337, 31.045, 31.251, 30.595, 29.771, 29.806, 29.999, 29.688, 28.444, 24.443, 20.578, 18.798, 16.736, 14.299, 7.448, 0.0, 8.757, 21.74, 30.38, 32.554, 33.078, 33.516, 34.347, 34.179, 34.188, 35.183, 37.172, 38.666, 39.493, 42.429, 44.997, 45.029, 45.964, 47.133, 47.487, 46.921, 46.183, 46.24, 47.099, 48.134, 48.841, 48.79, 48.688, 49.545], [53.977, 53.556, 53.326, 52.544, 52.304, 52.339, 51.809, 51.768, 51.757, 52.894, 53.38, 52.947, 52.43, 51.974, 51.743, 51.727, 51.498, 50.853, 50.528, 50.275, 50.688, 51.41, 50.692, 49.502, 46.527, 44.41, 43.069, 42.645, 43.085, 43.786, 45.379, 45.032, 44.023, 43.141, 42.01, 41.264, 40.631, 39.24, 37.287, 36.68, 37.293, 36.871, 35.14, 34.326, 34.857, 34.258, 33.377, 33.529, 33.809, 33.457, 32.073, 27.603, 22.326, 19.213, 16.639, 15.235, 12.198, 8.757, 0.0, 14.473, 23.866, 26.4, 27.435, 27.97, 28.93, 29.229, 29.88, 31.367, 33.699, 35.538, 36.421, 39.319, 41.953, 41.954, 42.939, 44.294, 44.863, 44.297, 43.562, 43.845, 44.908, 46.027, 46.887, 46.948, 46.878, 47.923], [51.05, 50.432, 50.252, 49.798, 49.94, 49.999, 49.24, 49.195, 49.077, 50.114, 50.489, 49.962, 49.408, 48.842, 48.49, 48.511, 48.574, 48.502, 48.883, 49.229, 49.9, 50.422, 49.461, 48.434, 46.838, 46.915, 47.098, 47.023, 47.096, 47.984, 49.819, 49.572, 48.697, 47.833, 46.831, 46.086, 45.785, 45.0,