[[0.0, 3.042, 5.572, 10.424, 16.035, 17.908, 20.057, 23.699, 25.83, 27.06, 27.699, 31.321, 35.323, 36.029, 36.268, 36.981, 38.529, 38.813, 40.038, 41.257, 40.61, 40.063, 41.029, 42.741, 43.304, 44.027, 45.418, 46.318, 46.705, 47.1, 47.489, 49.875, 51.646, 51.654, 50.758, 50.137, 50.499, 50.631, 50.548, 50.774, 51.001, 51.034, 50.643, 49.962, 49.182, 48.477, 48.558, 49.203, 49.188, 48.951, 49.33, 49.08, 49.955, 51.588, 53.0, 54.127, 54.796, 55.818, 56.672, 57.038, 56.958, 56.019, 55.606, 56.616, 57.055, 56.721, 56.425, 56.618, 57.102, 56.928, 56.663, 57.747, 57.717, 55.824, 54.077, 52.654, 51.483, 51.549, 51.772, 50.879, 52.862, 54.642, 56.564, 58.896, 59.926, 60.797], [3.042, 0.0, 4.189, 9.36, 15.187, 17.303, 19.43, 23.162, 25.478, 26.798, 27.406, 31.003, 34.936, 35.554, 35.762, 36.531, 38.153, 38.438, 39.734, 41.042, 40.42, 39.849, 40.793, 42.518, 43.101, 43.786, 45.084, 45.932, 46.339, 46.734, 47.124, 49.559, 51.344, 51.348, 50.553, 50.042, 50.403, 50.532, 50.43, 50.631, 50.885, 50.918, 50.479, 49.774, 49.025, 48.358, 48.461, 49.134, 49.13, 48.866, 49.222, 48.973, 49.824, 51.42, 52.834, 54.018, 54.769, 55.837, 56.693, 57.056, 56.983, 56.028, 55.546, 56.504, 56.912, 56.577, 56.298, 56.49, 56.96, 56.76, 56.507, 57.572, 57.547, 55.707, 53.976, 52.54, 51.355, 51.442, 51.659, 50.673, 52.596, 54.419, 56.436, 58.825, 59.857, 60.734], [5.572, 4.189, 0.0, 6.157, 12.793, 15.215, 17.863, 21.961, 24.472, 25.709, 26.015, 29.666, 33.799, 34.437, 34.677, 35.622, 37.502, 37.833, 39.19, 40.705, 40.289, 39.805, 40.75, 42.413, 42.985, 43.779, 45.166, 46.027, 46.406, 46.794, 47.279, 49.957, 51.8, 51.795, 50.978, 50.431, 50.909, 51.07, 50.951, 51.199, 51.439, 51.35, 50.79, 50.07, 49.314, 48.586, 48.634, 49.286, 49.281, 48.974, 49.234, 48.957, 49.732, 51.166, 52.459, 53.585, 54.325, 55.373, 56.206, 56.568, 56.495, 55.582, 55.194, 56.196, 56.615, 56.257, 55.956, 56.173, 56.658, 56.506, 56.255, 57.361, 57.38, 55.543, 53.822, 52.435, 51.319, 51.46, 51.678, 50.682, 52.584, 54.296, 56.152, 58.468, 59.482, 60.361], [10.424, 9.36, 6.157, 0.0, 7.848, 11.545, 15.184, 19.91, 22.976, 24.219, 24.132, 28.145, 32.557, 33.078, 33.318, 34.611, 36.939, 37.378, 39.098, 41.162, 41.063, 40.618, 41.585, 43.182, 43.691, 44.623, 46.108, 47.011, 47.459, 47.86, 48.351, 51.172, 53.052, 53.023, 52.267, 51.719, 52.266, 52.476, 52.294, 52.55, 52.794, 52.601, 51.93, 51.23, 50.469, 49.565, 49.497, 50.137, 50.136, 49.711, 49.789, 49.48, 50.08, 51.257, 52.466, 53.605, 54.363, 55.425, 56.265, 56.638, 56.59, 55.666, 55.277, 56.28, 56.679, 56.308, 56.017, 56.275, 56.732, 56.583, 56.346, 57.485, 57.59, 55.788, 54.057, 52.701, 51.678, 51.925, 52.209, 51.219, 52.948, 54.423, 56.092, 58.336, 59.324, 60.221], [16.035, 15.187, 12.793, 7.848, 0.0, 6.068, 12.173, 17.811, 21.669, 23.139, 23.184, 28.205, 32.849, 33.119, 33.311, 34.806, 37.424, 37.846, 39.942, 42.557, 42.651, 42.166, 43.183, 44.763, 45.24, 46.274, 47.786, 48.672, 49.105, 49.502, 49.896, 52.397, 54.151, 54.176, 53.501, 52.954, 53.555, 53.8, 53.574, 53.876, 54.157, 53.908, 53.166, 52.51, 51.672, 50.391, 50.092, 50.682, 50.692, 50.15, 50.076, 49.798, 50.194, 51.177, 52.445, 53.685, 54.459, 55.432, 56.205, 56.553, 56.51, 55.532, 55.097, 56.229, 56.738, 56.408, 56.166, 56.482, 56.925, 56.831, 56.587, 57.765, 57.999, 56.212, 54.451, 53.207, 52.548, 53.246, 53.827, 52.943, 54.39, 55.343, 56.472, 58.405, 59.268, 60.167], [17.908, 17.303, 15.215, 11.545, 6.068, 0.0, 7.882, 14.418, 19.006, 21.038, 21.752, 27.648, 32.578, 33.004, 33.297, 34.786, 37.362, 37.654, 39.82, 42.547, 42.677, 42.183, 43.239, 44.954, 45.442, 46.342, 47.854, 48.739, 49.117, 49.508, 49.797, 51.908, 53.418, 53.473, 52.82, 52.184, 52.805, 53.086, 52.834, 53.242, 53.694, 53.51, 52.76, 52.161, 51.3, 49.798, 49.285, 49.719, 49.694, 49.188, 49.27, 49.172, 49.575, 50.623, 51.928, 53.059, 53.659, 54.368, 54.913, 55.166, 55.048, 54.011, 53.339, 54.237, 54.731, 54.486, 54.321, 54.607, 54.974, 54.92, 54.602, 55.729, 56.067, 54.404, 52.818, 51.842, 51.625, 52.746, 53.601, 52.784, 53.966, 54.428, 55.109, 56.8, 57.485, 58.305], [20.057, 19.43, 17.863, 15.184, 12.173, 7.882, 0.0, 7.716, 14.319, 17.818, 19.665, 26.554, 31.92, 32.764, 33.258, 34.731, 37.047, 37.24, 39.634, 42.501, 42.762, 42.282, 43.334, 45.275, 45.776, 46.393, 47.906, 48.842, 49.279, 49.646, 49.759, 51.544, 52.703, 52.579, 51.893, 51.259, 51.813, 52.122, 51.799, 52.152, 52.923, 53.071, 52.397, 51.859, 51.046, 49.339, 48.47, 48.622, 48.497, 48.11, 48.585, 48.742, 49.244, 50.439, 51.685, 52.531, 52.858, 53.309, 53.591, 53.701, 53.491, 52.357, 51.178, 51.428, 51.679, 51.52, 51.467, 51.611, 51.759, 51.566, 51.169, 52.102, 52.491, 51.243, 50.067, 49.351, 49.404, 50.682, 51.642, 50.737, 51.523, 51.558, 52.175, 53.907, 54.455, 55.226], [23.699, 23.162, 21.961, 19.91, 17.811, 14.418, 7.716, 0.0, 8.495, 13.694, 17.276, 25.301, 30.87, 32.062, 32.697, 33.957, 35.899, 36.004, 38.626, 41.629, 42.092, 41.684, 42.714, 44.798, 45.321, 45.804, 47.472, 48.482, 48.91, 49.19, 49.08, 50.512, 51.295, 50.956, 50.242, 49.7, 50.287, 50.643, 50.245, 50.416, 51.403, 52.006, 51.634, 51.237, 50.416, 48.454, 47.245, 47.157, 46.959, 46.723, 47.61, 47.967, 48.516, 49.809, 50.906, 51.456, 51.588, 51.893, 51.987, 51.993, 51.728, 50.53, 49.0, 48.881, 49.074, 49.022, 49.073, 49.107, 49.036, 48.633, 48.176, 48.985, 49.435, 48.688, 47.913, 47.323, 47.458, 48.817, 49.878, 48.993, 49.467, 49.07, 49.622, 51.394, 51.836, 52.583], [25.83, 25.478, 24.472, 22.976, 21.669, 19.006, 14.319, 8.495, 0.0, 6.664, 13.068, 22.442, 27.929, 29.425, 30.173, 31.078, 32.702, 32.76, 35.482, 38.509, 39.112, 38.805, 39.846, 42.029, 42.599, 43.132, 45.101, 46.237, 46.618, 46.82, 46.562, 47.827, 48.433, 47.971, 47.283, 46.836, 47.471, 47.861, 47.427, 47.44, 48.37, 49.226, 49.376, 49.265, 48.403, 46.46, 45.333, 45.229, 45.053, 44.98, 46.165, 46.618, 47.186, 48.517, 49.41, 49.747, 49.786, 50.076, 50.139, 50.176, 49.948, 48.725, 47.241, 47.255, 47.619, 47.652, 47.735, 47.806, 47.734, 47.282, 46.895, 47.779, 48.265, 47.751, 47.127, 46.473, 46.363, 47.592, 48.753, 48.246, 49.058, 48.683, 49.132, 50.914, 51.339, 52.041], [27.06, 26.798, 25.709, 24.219, 23.139, 21.038, 17.818, 13.694, 6.664, 0.0, 8.609, 19.192, 24.961, 26.648, 27.478, 28.307, 30.062, 30.17, 32.91, 36.13, 36.997, 36.843, 37.883, 40.022, 40.623, 41.404, 43.65, 44.914, 45.297, 45.512, 45.376, 46.979, 47.78, 47.286, 46.544, 46.002, 46.593, 46.978, 46.545, 46.538, 47.274, 47.915, 48.212, 48.325, 47.484, 45.698, 44.851, 44.873, 44.759, 44.726, 45.896, 46.35, 46.864, 47.982, 48.615, 48.868, 48.879, 49.228, 49.41, 49.588, 49.503, 48.388, 47.298, 47.742, 48.262, 48.225, 48.236, 48.473, 48.661, 48.45, 48.222, 49.238, 49.745, 49.151, 48.419, 47.617, 47.203, 48.225, 49.326, 48.988, 50.167, 50.153, 50.675, 52.471, 52.947, 53.587], [27.699, 27.406, 26.015, 24.132, 23.184, 21.752, 19.665, 17.276, 13.068, 8.609, 0.0, 12.161, 19.608, 21.922, 23.064, 24.41, 26.995, 27.391, 30.221, 33.781, 35.029, 35.233, 36.434, 38.51, 39.104, 40.283, 42.853, 44.266, 44.712, 45.015, 45.539, 48.491, 49.967, 49.541, 48.73, 48.02, 48.505, 48.862, 48.487, 48.56, 49.168, 49.428, 49.378, 49.32, 48.618, 47.307, 46.86, 47.034, 46.95, 46.943, 47.979, 48.381, 48.883, 49.652, 49.971, 50.183, 50.198, 50.613, 50.947, 51.261, 51.346, 50.494, 49.758, 50.466, 50.913, 50.604, 50.473, 50.795, 51.267, 51.345, 51.339, 52.342, 52.665, 51.916, 51.001, 49.869, 48.977, 49.676, 50.641, 50.202, 51.502, 52.226, 53.552, 55.678, 56.234, 56.855], [31.321, 31.003, 29.666, 28.145, 28.205, 27.648, 26.554, 25.301, 22.442, 19.192, 12.161, 0.0, 9.774, 14.484, 16.687, 18.561, 22.04, 22.948, 25.738, 29.334, 30.905, 31.63, 33.022, 35.079, 35.619, 37.132, 40.192, 41.799, 42.288, 42.656, 44.263, 49.143, 51.304, 50.873, 50.253, 49.751, 50.215, 50.585, 50.273, 50.374, 50.943, 51.004, 50.814, 50.584, 50.068, 49.816, 50.313, 50.748, 50.73, 50.988, 52.171, 52.545, 53.155, 53.802, 53.839, 53.979, 54.046, 54.517, 54.831, 55.189, 55.365, 54.726, 54.029, 54.541, 54.7, 54.143, 54.003, 54.34, 54.939, 55.084, 55.332, 56.116, 56.05, 55.342, 54.394, 52.87, 51.291, 51.377, 52.171, 51.843, 53.446, 55.364, 58.229, 61.074, 61.676, 62.35], [35.323, 34.936, 33.799, 32.557, 32.849, 32.578, 31.92, 30.87, 27.929, 24.961, 19.608, 9.774, 0.0, 7.275, 10.709, 13.404, 17.912, 19.264, 22.722, 26.353, 27.801, 28.626, 29.94, 31.834, 32.249, 33.939, 37.378, 39.046, 39.541, 39.916, 42.043, 47.754, 50.015, 49.459, 49.156, 49.102, 49.658, 50.059, 49.73, 49.8, 50.378, 50.435, 50.435, 50.296, 49.801, 50.224, 51.645, 52.488, 52.583, 52.911, 54.139, 54.432, 54.989, 55.723, 55.785, 55.957, 56.116, 56.729, 57.03, 57.384, 57.552, 56.887, 56.021, 56.272, 56.262, 55.701, 55.696, 56.067, 56.695, 56.77, 57.158, 57.865, 57.699, 57.214, 56.399, 54.794, 52.961, 52.886, 53.841, 53.841, 55.637, 57.942, 61.425, 64.65, 65.244, 65.981], [36.029, 35.554, 34.437, 33.078, 33.119, 33.004, 32.764, 32.062, 29.425, 26.648, 21.922, 14.484, 7.275, 0.0, 4.466, 9.57, 15.66, 17.166, 21.239, 25.296, 26.643, 27.288, 28.495, 30.106, 30.377, 32.204, 35.638, 37.255, 37.796, 38.218, 40.31, 46.062, 48.404, 47.866, 47.72, 47.901, 48.558, 48.964, 48.63, 48.792, 49.371, 49.341, 49.352, 49.252, 48.731, 49.228, 51.027, 52.277, 52.481, 52.652, 53.63, 53.722, 54.15, 54.875, 55.082, 55.466, 55.84, 56.755, 57.259, 57.66, 57.832, 57.119, 56.284, 56.63, 56.68, 56.158, 56.178, 56.593, 57.249, 57.285, 57.651, 58.527, 58.542, 58.059, 57.226, 55.654, 53.889, 53.982, 54.981, 54.717, 56.318, 58.569, 62.053, 65.34, 66.015, 66.77], [36.268, 35.762, 34.677, 33.318, 33.311, 33.297, 33.258, 32.697, 30.173, 27.478, 23.064, 16.687, 10.709, 4.466, 0.0, 6.995, 13.924, 15.493, 19.921, 24.305, 25.764, 26.43, 27.609, 29.078, 29.277, 31.149, 34.569, 36.177, 36.744, 37.181, 39.196, 44.912, 47.32, 46.846, 46.837, 47.138, 47.848, 48.282, 47.928, 48.085, 48.638, 48.581, 48.622, 48.553, 48.031, 48.561, 50.495, 51.932, 52.269, 52.449, 53.358, 53.402, 53.813, 54.534, 54.752, 55.192, 55.67, 56.717, 57.322, 57.761, 57.944, 57.235, 56.442, 56.868, 56.98, 56.485, 56.496, 56.921, 57.549, 57.568, 57.928, 58.878, 59.009, 58.524, 57.634, 56.045, 54.281, 54.406, 55.421, 55.127, 56.725, 58.951, 62.392, 65.707, 66.441, 67.16], [36.981, 36.531, 35.622, 34.611, 34.806, 34.786, 34.731, 33.957, 31.078, 28.307, 24.41, 18.561, 13.404, 9.57, 6.995, 0.0, 7.886, 10.115, 15.179, 20.2, 22.019, 22.887, 24.15, 25.759, 26.085, 27.972, 31.535, 33.279, 33.858, 34.241, 36.292, 42.149, 44.593, 44.127, 44.269, 44.783, 45.577, 46.048, 45.647, 45.632, 46.132, 46.194, 46.44, 46.462, 45.939, 46.65, 48.772, 50.252, 50.771, 51.457, 52.769, 52.89, 53.408, 54.221, 54.384, 54.782, 55.287, 56.322, 56.877, 57.325, 57.533, 56.832, 56.028, 56.515, 56.719, 56.269, 56.296, 56.739, 57.34, 57.344, 57.743, 58.692, 58.873, 58.496, 57.595, 55.937, 54.086, 54.175, 55.218, 55.005, 56.739, 59.058, 62.566, 65.965, 66.713, 67.39], [38.529, 38.153, 37.502, 36.939, 37.424, 37.362, 37.047, 35.899, 32.702, 30.062, 26.995, 22.04, 17.912, 15.66, 13.924, 7.886, 0.0, 4.485, 11.926, 17.468, 19.538, 20.682, 21.969, 23.717, 24.231, 26.1, 29.806, 31.584, 32.12, 32.34, 34.222, 39.954, 42.32, 41.726, 41.938, 42.747, 43.598, 44.062, 43.621, 43.383, 43.874, 44.182, 44.686, 44.817, 44.276, 45.107, 47.415, 48.915, 49.489, 50.691, 52.577, 52.756, 53.354, 54.318, 54.403, 54.67, 55.165, 56.226, 56.723, 57.178, 57.448, 56.789, 55.902, 56.291, 56.491, 56.06, 56.112, 56.564, 57.127, 57.096, 57.573, 58.512, 58.715, 58.49, 57.645, 55.932, 53.955, 53.943, 55.067, 55.163, 57.154, 59.52, 63.109, 66.665, 67.455, 68.105], [38.813, 38.438, 37.833, 37.378, 37.846, 37.654, 37.24, 36.004, 32.76, 30.17, 27.391, 22.948, 19.264, 17.166, 15.493, 10.115, 4.485, 0.0, 9.301, 15.573, 18.004, 19.444, 20.826, 22.549, 23.198, 25.238, 29.074, 30.864, 31.328, 31.507, 33.072, 38.492, 40.936, 40.337, 40.476, 41.319, 42.166, 42.609, 42.235, 42.142, 42.74, 43.083, 43.617, 43.779, 43.262, 44.101, 46.465, 48.038, 48.636, 49.842, 51.75, 51.982, 52.606, 53.565, 53.61, 53.846, 54.393, 55.55, 56.118, 56.622, 56.97, 56.428, 55.707, 56.285, 56.64, 56.208, 56.234, 56.739, 57.334, 57.329, 57.695, 58.663, 58.893, 58.589, 57.683, 55.956, 53.993, 54.125, 55.283, 55.29, 57.223, 59.475, 63.0, 66.526, 67.325, 67.937], [40.038, 39.734, 39.19, 39.098, 39.942, 39.82, 39.634, 38.626, 35.482, 32.91, 30.221, 25.738, 22.722, 21.239, 19.921, 15.179, 11.926, 9.301, 0.0, 7.952, 12.405, 15.166, 17.385, 19.403, 20.282, 22.522, 26.578, 28.642, 29.104, 29.375, 31.125, 36.864, 39.78, 39.442, 39.465, 40.177, 41.035, 41.464, 41.286, 41.519, 42.117, 42.218, 42.636, 42.752, 42.375, 43.616, 46.167, 47.849, 48.58, 50.01, 51.813, 51.981, 52.908, 53.845, 53.764, 53.991, 54.601, 55.858, 56.562, 57.116, 57.511, 57.15, 56.873, 57.867, 58.447, 57.994, 57.912, 58.496, 59.226, 59.307, 59.482, 60.458, 60.622, 59.982, 58.867, 57.091, 55.084, 55.23, 56.089, 55.464, 57.283, 59.831, 63.491, 66.937, 67.797, 68.39], [41.257, 41.042, 40.705, 41.162, 42.557, 42.547, 42.501, 41.629, 38.509, 36.13, 33.781, 29.334, 26.353, 25.296, 24.305, 20.2, 17.468, 15.573, 7.952, 0.0, 6.582, 11.477, 14.996, 17.575, 18.586, 20.896, 25.223, 27.429, 27.879, 28.237, 30.215, 36.194, 39.371, 39.212, 39.268, 40.059, 40.934, 41.349, 41.321, 41.679, 42.213, 42.235, 42.67, 42.698, 42.369, 44.052, 46.882, 48.623, 49.408, 50.99, 52.852, 52.984, 54.185, 55.444, 55.441, 55.585, 56.102, 57.306, 58.016, 58.553, 58.931, 58.672, 58.544, 59.534, 60.099, 59.651, 59.523, 60.106, 60.903, 60.998, 61.155, 62.082, 62.089, 61.272, 60.115, 58.338, 56.236, 56.211, 56.973, 56.412, 58.444, 61.235, 64.976, 68.402, 69.287, 69.878], [40.61, 40.42, 40.289, 41.063, 42.651, 42.677, 42.762, 42.092, 39.112, 36.997, 35.029, 30.905, 27.801, 26.643, 25.764, 22.019, 19.538, 18.004, 12.405, 6.582, 0.0, 6.348, 11.27, 14.598, 15.862, 18.23, 22.698, 25.07, 25.623, 26.06, 27.982, 33.874, 37.109, 37.087, 37.456, 38.685, 39.687, 40.085, 40.111, 40.501, 40.992, 41.083, 41.622, 41.518, 41.09, 42.99, 46.088, 47.939, 48.717, 50.275, 52.188, 52.315, 53.561, 55.197, 55.748, 56.259, 56.894, 58.085, 58.733, 59.212, 59.542, 59.169, 58.873, 59.735, 60.298, 59.927, 59.815, 60.365, 61.108, 61.111, 61.298, 62.255, 62.214, 61.357, 60.206, 58.44, 56.304, 56.196, 56.952, 56.345, 58.274, 61.11, 65.0, 68.539, 69.442, 70.049], [40.063, 39.849, 39.805, 40.618, 42.166, 42.183, 42.282, 41.684, 38.805, 36.843, 35.233, 31.63, 28.626, 27.288, 26.43, 22.887, 20.682, 19.444, 15.166, 11.477, 6.348, 0.0, 6.112, 10.457, 12.121, 14.536, 19.106, 21.684, 22.448, 22.97, 24.749, 30.661, 33.971, 34.075, 34.849, 36.558, 37.772, 38.213, 38.24, 38.639, 39.125, 39.27, 39.858, 39.669, 39.162, 41.152, 44.421, 46.391, 47.163, 48.69, 50.63, 50.738, 51.913, 53.644, 54.686, 55.787, 56.761, 58.052, 58.671, 59.106, 59.389, 58.866, 58.398, 59.183, 59.784, 59.517, 59.427, 59.934, 60.587, 60.452, 60.591, 61.578, 61.553, 60.673, 59.501, 57.746, 55.626, 55.501, 56.208, 55.278, 56.869, 59.747, 63.847, 67.507, 68.427, 69.063], [41.029, 40.793, 40.75, 41.585, 43.183, 43.239, 43.334, 42.714, 39.846, 37.883, 36.434, 33.022, 29.94, 28.495, 27.609, 24.15, 21.969, 20.826, 17.385, 14.996, 11.27, 6.112, 0.0, 5.294, 7.868, 10.98, 16.127, 18.894, 19.7, 20.154, 21.882, 28.147, 31.629, 31.793, 32.806, 34.828, 36.193, 36.664, 36.672, 37.015, 37.497, 37.671, 38.298, 38.106, 37.637, 39.887, 43.448, 45.569, 46.378, 47.935, 49.936, 50.046, 51.147, 52.763, 53.904, 55.376, 56.717, 58.22, 58.886, 59.321, 59.593, 59.044, 58.584, 59.34, 59.942, 59.732, 59.67, 60.149, 60.772, 60.579, 60.67, 61.635, 61.623, 60.789, 59.628, 57.881, 55.771, 55.606, 56.238, 55.115, 56.505, 59.439, 63.74, 67.512, 68.451, 69.102], [42.741, 42.518, 42.413, 43.182, 44.763, 44.954, 45.275, 44.798, 42.029, 40.022, 38.51, 35.079, 31.834, 30.106, 29.078, 25.759, 23.717, 22.549, 19.403, 17.575, 14.598, 10.457, 5.294, 0.0, 3.986, 8.754, 14.462, 17.379, 18.178, 18.466, 20.244, 27.107, 30.924, 31.185, 32.3, 34.477, 35.938, 36.401, 36.444, 36.85, 37.252, 37.295, 37.913, 37.728, 37.324, 39.83, 43.694, 46.02, 46.892, 48.392, 50.257, 50.288, 51.309, 52.767, 53.866, 55.488, 57.099, 58.922, 59.78, 60.279, 60.576, 60.059, 59.701, 60.531, 61.159, 60.942, 60.865, 61.358, 62.01, 61.816, 61.866, 62.865, 62.876, 61.991, 60.775, 58.993, 56.858, 56.673, 57.222, 55.981, 57.308, 60.271, 64.653, 68.491, 69.49, 70.163], [43.304, 43.101, 42.985, 43.691, 45.24, 45.442, 45.776, 45.321, 42.599, 40.623, 39.104, 35.619, 32.249, 30.377, 29.277, 26.085, 24.231, 23.198, 20.282, 18.586, 15.862, 12.121, 7.868, 3.986, 0.0, 6.251, 12.87, 16.035, 16.962, 17.257, 19.312, 26.852, 30.874, 31.16, 32.368, 34.564, 36.03, 36.503, 36.563, 37.066, 37.497, 37.464, 38.049, 37.866, 37.482, 40.05, 43.992, 46.389, 47.282, 48.717, 50.474, 50.429, 51.409, 52.833, 53.895, 55.476, 57.087, 59.014, 59.99, 60.53, 60.817, 60.303, 59.919, 60.646, 61.173, 60.934, 60.862, 61.334, 61.969, 61.741, 61.794, 62.782, 62.777, 61.891, 60.685, 58.896, 56.752, 56.542, 57.086, 55.881, 57.236, 60.207, 64.617, 68.495, 69.516, 70.225], [44.027, 43.786, 43.779, 44.623, 46.274, 46.342, 46.393, 45.804, 43.132, 41.404, 40.283, 37.132, 33.939, 32.204, 31.149, 27.972, 26.1, 25.238, 22.522, 20.896, 18.23, 14.536, 10.98, 8.754, 6.251, 0.0, 7.679, 11.7, 13.126, 13.518, 15.884, 24.277, 28.469, 28.843, 30.439, 32.978, 34.6, 35.119, 35.122, 35.686, 36.322, 36.408, 37.005, 36.808, 36.45, 39.109, 43.052, 45.413, 46.32, 47.851, 49.737, 49.731, 50.763, 52.328, 53.549, 55.201, 56.816, 58.69, 59.612, 60.131, 60.359, 59.744, 59.143, 59.591, 59.987, 59.786, 59.757, 60.166, 60.677, 60.325, 60.327, 61.257, 61.244, 60.481, 59.4, 57.693, 55.619, 55.422, 55.918, 54.465, 55.635, 58.636, 63.169, 67.133, 68.142, 68.87], [45.418, 45.084, 45.166, 46.108, 47.786, 47.854, 47.906, 47.472, 45.101, 43.65, 42.853, 40.192, 37.378, 35.638, 34.569, 31.535, 29.806, 29.074, 26.578, 25.223, 22.698, 19.106, 16.127, 14.462, 12.87, 7.679, 0.0, 5.387, 8.188, 8.957, 11.759, 21.409, 26.133, 26.867, 29.034, 32.03, 33.859, 34.37, 34.342, 35.018, 35.724, 35.797, 36.306, 36.006, 35.721, 38.554, 42.535, 44.949, 45.868, 47.442, 49.355, 49.337, 50.36, 51.985, 53.527, 55.529, 57.363, 59.279, 60.182, 60.722, 61.007, 60.369, 59.675, 60.063, 60.473, 60.324, 60.296, 60.663, 61.047, 60.561, 60.452, 61.387, 61.416, 60.64, 59.551, 57.894, 55.885, 55.703, 56.052, 54.127, 55.089, 58.223, 62.843, 66.817, 67.848, 68.586], [46.318, 45.932, 46.027, 47.011, 48.672, 48.739, 48.842, 48.482, 46.237, 44.914, 44.266, 41.799, 39.046, 37.255, 36.177, 33.279, 31.584, 30.864, 28.642, 27.429, 25.07, 21.684, 18.894, 17.379, 16.035, 11.7, 5.387, 0.0, 4.072, 5.653, 9.611, 20.255, 25.216, 26.04, 28.404, 31.62, 33.513, 33.973, 33.96, 34.705, 35.406, 35.432, 35.868, 35.51, 35.262, 38.179, 42.262, 44.793, 45.718, 47.226, 49.078, 48.99, 49.942, 51.542, 53.14, 55.24, 57.182, 59.117, 59.997, 60.553, 60.959, 60.536, 59.946, 60.366, 60.793, 60.627, 60.582, 60.931, 61.279, 60.747, 60.619, 61.521, 61.514, 60.722, 59.608, 57.947, 55.918, 55.714, 56.101, 54.287, 55.385, 58.586, 63.216, 67.171, 68.2, 68.972], [46.705, 46.339, 46.406, 47.459, 49.105, 49.117, 49.279, 48.91, 46.618, 45.297, 44.712, 42.288, 39.541, 37.796, 36.744, 33.858, 32.12, 31.328, 29.104, 27.879, 25.623, 22.448, 19.7, 18.178, 16.962, 13.126, 8.188, 4.072, 0.0, 2.934, 8.597, 19.571, 24.562, 25.402, 27.755, 31.034, 33.032, 33.5, 33.532, 34.34, 35.049, 35.073, 35.515, 35.169, 34.856, 37.707, 41.847, 44.432, 45.362, 46.857, 48.693, 48.584, 49.506, 51.084, 52.618, 54.671, 56.636, 58.557, 59.401, 59.943, 60.351, 60.08, 59.747, 60.328, 60.813, 60.615, 60.555, 60.934, 61.3, 60.79, 60.646, 61.515, 61.466, 60.67, 59.541, 57.872, 55.854, 55.666, 56.103, 54.456, 55.66, 58.842, 63.427, 67.327, 68.333, 69.102], [47.1, 46.734, 46.794, 47.86, 49.502, 49.508, 49.646, 49.19, 46.82, 45.512, 45.015, 42.656, 39.916, 38.218, 37.181, 34.241, 32.34, 31.507, 29.375, 28.237, 26.06, 22.97, 20.154, 18.466, 17.257, 13.518, 8.957, 5.653, 2.934, 0.0, 7.295, 18.879, 23.879, 24.651, 27.083, 30.523, 32.619, 33.122, 33.153, 33.899, 34.621, 34.77, 35.341, 35.056, 34.779, 37.667, 41.812, 44.362, 45.275, 46.818, 48.732, 48.644, 49.555, 51.134, 52.65, 54.689, 56.683, 58.658, 59.516, 60.05, 60.441, 60.137, 59.753, 60.3, 60.78, 60.588, 60.54, 60.91, 61.253, 60.72, 60.576, 61.439, 61.396, 60.675, 59.604, 57.956, 55.98, 55.814, 56.233, 54.557, 55.694, 58.824, 63.415, 67.336, 68.349, 69.121], [47.489, 47.124, 47.279, 48.351, 49.896, 49.797, 49.759, 49.08, 46.562, 45.376, 45.539, 44.263, 42.043, 40.31, 39.196, 36.292, 34.222, 33.072, 31.125, 30.215, 27.982, 24.749, 21.882, 20.244, 19.312, 15.884, 11.759, 9.611, 8.597, 7.295, 0.0, 12.561, 18.323, 19.427, 22.524, 26.657, 29.032, 29.594, 29.598, 30.41, 31.225, 31.645, 32.608, 32.498, 32.152, 34.874, 38.987, 41.604, 42.575, 44.15, 46.195, 46.239, 47.148, 48.885, 50.657, 52.901, 55.086, 57.223, 58.149, 58.684, 59.075, 58.765, 58.439, 59.093, 59.826, 59.831, 59.818, 60.188, 60.42, 59.861, 59.623, 60.604, 60.789, 60.2, 59.282, 57.883, 56.171, 56.196, 56.634, 54.754, 55.497, 58.099, 62.228, 65.987, 67.011, 67.68], [49.875, 49.559, 49.957, 51.172, 52.397, 51.908, 51.544, 50.512, 47.827, 46.979, 48.491, 49.143, 47.754, 46.062, 44.912, 42.149, 39.954, 38.492, 36.864, 36.194, 33.874, 30.661, 28.147, 27.107, 26.852, 24.277, 21.409, 20.255, 19.571, 18.879, 12.561, 0.0, 7.402, 10.578, 15.996, 21.609, 24.397, 24.994, 24.851, 25.713, 26.691, 27.699, 29.469, 29.801, 29.118, 30.921, 34.681, 37.366, 38.485, 40.139, 42.479, 42.817, 43.727, 45.856, 48.254, 50.94, 53.406, 55.552, 56.33, 56.762, 57.081, 56.668, 56.464, 57.404, 58.629, 59.072, 59.198, 59.616, 59.614, 58.998, 58.582, 59.697, 60.328, 59.984, 59.3, 58.378, 57.276, 57.744, 58.33, 56.337, 56.515, 58.057, 61.063, 64.285, 65.207, 65.624], [51.646, 51.344, 51.8, 53.052, 54.151, 53.418, 52.703, 51.295, 48.433, 47.78, 49.967, 51.304, 50.015, 48.404, 47.32, 44.593, 42.32, 40.936, 39.78, 39.371, 37.109, 33.971, 31.629, 30.924, 30.874, 28.469, 26.133, 25.216, 24.562, 23.879, 18.323, 7.402, 0.0, 5.74, 13.685, 20.333, 23.38, 24.008, 23.6, 24.066, 25.175, 26.812, 29.179, 29.93, 29.174, 30.314, 33.639, 36.142, 37.258, 38.995, 41.643, 42.175, 43.046, 45.381, 47.976, 50.682, 53.123, 55.108, 55.614, 55.914, 56.165, 55.611, 55.097, 55.797, 57.066, 57.752, 58.072, 58.469, 58.263, 57.493, 57.031, 58.111, 58.935, 58.967, 58.587, 57.963, 57.212, 57.896, 58.602, 56.667, 56.505, 57.4, 59.93, 62.999, 63.812, 64.168], [51.654, 51.348, 51.795, 53.023, 54.176, 53.473, 52.579, 50.956, 47.971, 47.286, 49.541, 50.873, 49.459, 47.866, 46.846, 44.127, 41.726, 40.337, 39.442, 39.212, 37.087, 34.075, 31.793, 31.185, 31.16, 28.843, 26.867, 26.04, 25.402, 24.651, 19.427, 10.578, 5.74, 0.0, 9.752, 17.778, 21.156, 21.828, 21.389, 21.6, 22.854, 24.923, 27.686, 28.73, 28.094, 29.249, 32.637, 35.117, 36.173, 37.93, 40.71, 41.231, 42.054, 44.436, 46.884, 49.399, 51.778, 53.837, 54.381, 54.741, 55.118, 54.633, 54.078, 54.735, 55.956, 56.577, 56.948, 57.46, 57.389, 56.583, 56.107, 57.14, 57.895, 58.083, 57.816, 57.175, 56.361, 57.107, 57.893, 55.991, 55.81, 56.606, 59.243, 62.473, 63.282, 63.743], [50.758, 50.553, 50.978, 52.267, 53.501, 52.82, 51.893, 50.242, 47.283, 46.544, 48.73, 50.253, 49.156, 47.72, 46.837, 44.269, 41.938, 40.476, 39.465, 39.268, 37.456, 34.849, 32.806, 32.3, 32.368, 30.439, 29.034, 28.404, 27.755, 27.083, 22.524, 15.996, 13.685, 9.752, 0.0, 9.687, 14.191, 15.079, 14.966, 15.498, 17.0, 19.34, 22.43, 23.818, 23.576, 25.023, 28.502, 30.881, 31.877, 33.976, 37.059, 37.451, 38.285, 40.724, 42.938, 45.215, 47.486, 49.765, 50.61, 51.096, 51.642, 51.306, 51.114, 52.204, 53.581, 54.099, 54.413, 55.154, 55.828, 55.563, 54.965, 56.004, 56.639, 56.519, 56.13, 55.516, 54.796, 55.791, 56.636, 54.647, 54.64, 55.36, 57.683, 60.734, 61.519, 62.104], [50.137, 50.042, 50.431, 51.719, 52.954, 52.184, 51.259, 49.7, 46.836, 46.002, 48.02, 49.751, 49.102, 47.901, 47.138, 44.783, 42.747, 41.319, 40.177, 40.059, 38.685, 36.558, 34.828, 34.477, 34.564, 32.978, 32.03, 31.62, 31.034, 30.523, 26.657, 21.609, 20.333, 17.778, 9.687, 0.0, 6.135, 7.99, 8.595, 10.628, 12.616, 14.523, 17.334, 19.023, 19.402, 21.206, 24.64, 26.813, 27.757, 30.131, 33.519, 33.94, 34.813, 37.109, 38.958, 40.978, 43.01, 45.274, 46.325, 46.903, 47.523, 47.279, 47.606, 49.257, 50.794, 51.266, 51.539, 52.324, 53.662, 54.401, 53.885, 54.814, 55.426, 55.015, 54.496, 54.033, 53.634, 54.93, 55.832, 53.855, 54.05, 54.644, 56.366, 58.935, 59.598, 60.146], [50.499, 50.403, 50.909, 52.266, 53.555, 52.805, 51.813, 50.287, 47.471, 46.593, 48.505, 50.215, 49.658, 48.558, 47.848, 45.577, 43.598, 42.166, 41.035, 40.934, 39.687, 37.772, 36.193, 35.938, 36.03, 34.6, 33.859, 33.513, 33.032, 32.619, 29.032, 24.397, 23.38, 21.156, 14.191, 6.135, 0.0, 3.187, 5.318, 8.636, 11.071, 12.886, 15.611, 17.354, 18.151, 20.498, 24.158, 26.381, 27.347, 29.62, 32.923, 33.39, 34.28, 36.485, 38.15, 40.045, 41.958, 44.152, 45.267, 45.908, 46.636, 46.453, 46.956, 48.909, 50.539, 50.963, 51.202, 51.949, 53.402, 54.564, 54.329, 55.151, 55.654, 55.208, 54.65, 54.127, 53.671, 54.973, 55.861, 53.981, 54.441, 55.221, 56.962, 59.43, 60.045, 60.568], [50.631, 50.532, 51.07, 52.476, 53.8, 53.086, 52.122, 50.643, 47.861, 46.978, 48.862, 50.585, 50.059, 48.964, 48.282, 46.048, 44.062, 42.609, 41.464, 41.349, 40.085, 38.213, 36.664, 36.401, 36.503, 35.119, 34.37, 33.973, 33.5, 33.122, 29.594, 24.994, 24.008, 21.828, 15.079, 7.99, 3.187, 0.0, 3.641, 7.625, 10.078, 11.864, 14.673, 16.402, 17.291, 19.939, 23.82, 26.137, 27.091, 29.276, 32.45, 32.86, 33.769, 35.987, 37.651, 39.57, 41.536, 43.763, 44.9, 45.56, 46.364, 46.239, 46.776, 48.883, 50.609, 51.009, 51.222, 51.987, 53.425, 54.558, 54.427, 55.407, 55.956, 55.48, 54.881, 54.329, 53.816, 55.098, 55.97, 54.113, 54.636, 55.434, 57.195, 59.696, 60.344, 60.882], [50.548, 50.43, 50.951, 52.294, 53.574, 52.834, 51.799, 50.245, 47.427, 46.545, 48.487, 50.273, 49.73, 48.63, 47.928, 45.647, 43.621, 42.235, 41.286, 41.321, 40.111, 38.24, 36.672, 36.444, 36.563, 35.122, 34.342, 33.96, 33.532, 33.153, 29.598, 24.851, 23.6, 21.389, 14.966, 8.595, 5.318, 3.641, 0.0, 5.116, 8.269, 10.295, 13.29, 15.225, 16.072, 18.658, 22.654, 24.965, 25.933, 28.149, 31.438, 31.949, 32.902, 35.185, 36.859, 38.812, 40.822, 42.998, 44.006, 44.61, 45.371, 45.144, 45.478, 47.465, 49.176, 49.655, 49.959, 50.736, 52.057, 53.1, 52.987, 54.133, 55.006, 54.765, 54.248, 53.764, 53.338, 54.638, 55.569, 53.804, 54.173, 54.713, 56.368, 58.949, 59.608, 60.107], [50.774, 50.631, 51.199, 52.55, 53.876, 53.242, 52.152, 50.416, 47.44, 46.538, 48.56, 50.374, 49.8, 48.792, 48.085, 45.632, 43.383, 42.142, 41.519, 41.679, 40.501, 38.639, 37.015, 36.85, 37.066, 35.686, 35.018, 34.705, 34.34, 33.899, 30.41, 25.713, 24.066, 21.6, 15.498, 10.628, 8.636, 7.625, 5.116, 0.0, 4.58, 8.728, 12.733, 14.838, 15.643, 18.409, 22.438, 24.563, 25.511, 27.957, 31.589, 32.265, 33.32, 35.678, 37.284, 39.177, 41.163, 43.252, 44.147, 44.715, 45.459, 45.148, 45.252, 47.09, 48.757, 49.305, 49.697, 50.462, 51.686, 52.567, 52.547, 53.697, 54.656, 54.747, 54.378, 53.88, 53.362, 54.472, 55.372, 53.791, 54.219, 54.748, 56.494, 59.223, 59.895, 60.404], [51.001, 50.885, 51.439, 52.794, 54.157, 53.694, 52.923, 51.403, 48.37, 47.274, 49.168, 50.943, 50.378, 49.371, 48.638, 46.132, 43.874, 42.74, 42.117, 42.213, 40.992, 39.125, 37.497, 37.252, 37.497, 36.322, 35.724, 35.406, 35.049, 34.621, 31.225, 26.691, 25.175, 22.854, 17.0, 12.616, 11.071, 10.078, 8.269, 4.58, 0.0, 5.795, 11.049, 13.565, 14.547, 17.915, 22.304, 24.51, 25.509, 27.959, 31.451, 32.057, 33.137, 35.426, 36.998, 38.968, 41.043, 43.219, 44.226, 44.867, 45.678, 45.429, 45.717, 47.794, 49.571, 50.12, 50.463, 51.3, 52.637, 53.589, 53.679, 54.928, 55.85, 55.804, 55.337, 54.812, 54.21, 55.133, 55.922, 54.48, 55.232, 55.973, 57.66, 60.356, 61.079, 61.608], [51.034, 50.918, 51.35, 52.601, 53.908, 53.51, 53.071, 52.006, 49.226, 47.915, 49.428, 51.004, 50.435, 49.341, 48.581, 46.194, 44.182, 43.083, 42.218, 42.235, 41.083, 39.27, 37.671, 37.295, 37.464, 36.408, 35.797, 35.432, 35.073, 34.77, 31.645, 27.699, 26.812, 24.923, 19.34, 14.523, 12.886, 11.864, 10.295, 8.728, 5.795, 0.0, 6.296, 9.789, 11.401, 15.794, 20.946, 23.493, 24.611, 26.821, 29.819, 30.271, 31.362, 33.411, 34.847, 36.965, 39.202, 41.513, 42.682, 43.433, 44.322, 44.244, 44.915, 47.303, 49.16, 49.641, 49.899, 50.87, 52.46, 53.743, 53.907, 55.278, 56.286, 55.96, 55.314, 54.861, 54.37, 55.315, 56.044, 54.633, 55.602, 56.482, 58.018, 60.61, 61.369, 61.868], [50.643, 50.479, 50.79, 51.93, 53.166, 52.76, 52.397, 51.634, 49.376, 48.212, 49.378, 50.814, 50.435, 49.352, 48.622, 46.44, 44.686, 43.617, 42.636, 42.67, 41.622, 39.858, 38.298, 37.913, 38.049, 37.005, 36.306, 35.868, 35.515, 35.341, 32.608, 29.469, 29.179, 27.686, 22.43, 17.334, 15.611, 14.673, 13.29, 12.733, 11.049, 6.296, 0.0, 4.676, 7.7, 13.15, 18.786, 21.548, 22.686, 24.672, 27.343, 27.721, 28.91, 30.769, 32.103, 34.413, 36.82, 39.178, 40.399, 41.178, 42.109, 42.204, 43.15, 45.725, 47.57, 47.954, 48.151, 49.167, 50.973, 52.612, 52.827, 54.206, 55.271, 54.804, 54.048, 53.68, 53.402, 54.501, 55.241, 53.739, 54.669, 55.599, 57.166, 59.74, 60.509, 60.972], [49.962, 49.774, 50.07, 51.23, 52.51, 52.161, 51.859, 51.237, 49.265, 48.325, 49.32, 50.584, 50.296, 49.252, 48.553, 46.462, 44.817, 43.779, 42.752, 42.698, 41.518, 39.669, 38.106, 37.728, 37.866, 36.808, 36.006, 35.51, 35.169, 35.056, 32.498, 29.801, 29.93, 28.73, 23.818, 19.023, 17.354, 16.402, 15.225, 14.838, 13.565, 9.789, 4.676, 0.0, 4.933, 12.116, 18.131, 20.979, 22.108, 24.08, 26.701, 27.032, 28.312, 30.171, 31.64, 34.179, 36.69, 39.012, 40.212, 40.942, 41.855, 41.986, 42.988, 45.667, 47.516, 47.833, 47.976, 48.941, 50.773, 52.459, 52.726, 54.088, 55.089, 54.599, 53.79, 53.34, 53.005, 54.109, 54.834, 53.189, 54.054, 55.153, 56.987, 59.673, 60.485, 60.945], [49.182, 49.025, 49.314, 50.469, 51.672, 51.3, 51.046, 50.416, 48.403, 47.484, 48.618, 50.068, 49.801, 48.731, 48.031, 45.939, 44.276, 43.262, 42.375, 42.369, 41.09, 39.162, 37.637, 37.324, 37.482, 36.45, 35.721, 35.262, 34.856, 34.779, 32.152, 29.118, 29.174, 28.094, 23.576, 19.402, 18.151, 17.291, 16.072, 15.643, 14.547, 11.401, 7.7, 4.933, 0.0, 8.735, 15.81, 19.044, 20.301, 22.333, 25.088, 25.466, 26.737, 28.743, 30.443, 33.087, 35.573, 37.786, 38.889, 39.576, 40.442, 40.581, 41.82, 44.762, 46.744, 47.085, 47.202, 48.221, 49.999, 51.588, 51.87, 53.276, 54.301, 53.852, 53.078, 52.651, 52.31, 53.414, 54.294, 52.83, 53.634, 54.588, 56.272, 58.892, 59.696, 60.111], [48.477, 48.358, 48.586, 49.565, 50.391, 49.798, 49.339, 48.454, 46.46, 45.698, 47.307, 49.816, 50.224, 49.228, 48.561, 46.65, 45.107, 44.101, 43.616, 44.052, 42.99, 41.152, 39.887, 39.83, 40.05, 39.109, 38.554, 38.179, 37.707, 37.667, 34.874, 30.921, 30.314, 29.249, 25.023, 21.206, 20.498, 19.939, 18.658, 18.409, 17.915, 15.794, 13.15, 12.116, 8.735, 0.0, 8.228, 12.486, 14.029, 15.976, 19.198, 19.858, 21.082, 23.404, 25.523, 28.297, 30.803, 32.954, 33.975, 34.629, 35.5, 35.761, 37.586, 41.141, 43.458, 43.913, 44.006, 45.129, 46.803, 48.337, 48.443, 49.933, 51.231, 50.836, 50.173, 50.073, 50.256, 51.742, 52.94, 51.761, 52.156, 52.154, 52.869, 54.981, 55.656, 55.924], [48.558, 48.461, 48.634, 49.497, 50.092, 49.285, 48.47, 47.245, 45.333, 44.851, 46.86, 50.313, 51.645, 51.027, 50.495, 48.772, 47.415, 46.465, 46.167, 46.882, 46.088, 44.421, 43.448, 43.694, 43.992, 43.052, 42.535, 42.262, 41.847, 41.812, 38.987, 34.681, 33.639, 32.637, 28.502, 24.64, 24.158, 23.82, 22.654, 22.438, 22.304, 20.946, 18.786, 18.131, 15.81, 8.228, 0.0, 5.343, 7.595, 10.377, 15.024, 16.347, 17.698, 20.152, 22.515, 25.326, 27.687, 29.544, 30.431, 30.973, 31.797, 32.121, 34.368, 38.363, 40.923, 41.472, 41.532, 42.636, 44.192, 45.706, 45.536, 47.031, 48.573, 48.281, 47.807, 48.127, 48.992, 50.937, 52.171, 50.801, 50.648, 49.671, 49.299, 50.75, 51.224, 51.346], [49.203, 49.134, 49.286, 50.137, 50.682, 49.719, 48.622, 47.157, 45.229, 44.873, 47.034, 50.748, 52.488, 52.277, 51.932, 50.252, 48.915, 48.038, 47.849, 48.623, 47.939, 46.391, 45.569, 46.02, 46.389, 45.413, 44.949, 44.793, 44.432, 44.362, 41.604, 37.366, 36.142, 35.117, 30.881, 26.813, 26.381, 26.137, 24.965, 24.563, 24.51, 23.493, 21.548, 20.979, 19.044, 12.486, 5.343, 0.0, 3.566, 8.741, 14.905, 16.865, 18.331, 20.726, 22.858, 25.329, 27.265, 28.593, 29.163, 29.559, 30.298, 30.515, 32.692, 36.702, 39.326, 39.947, 40.056, 41.159, 42.79, 44.429, 44.164, 45.613, 47.255, 47.123, 46.838, 47.402, 48.624, 50.811, 52.103, 50.68, 50.279, 48.843, 47.914, 49.028, 49.332, 49.392], [49.188, 49.13, 49.281, 50.136, 50.692, 49.694, 48.497, 46.959, 45.053, 44.759, 46.95, 50.73, 52.583, 52.481, 52.269, 50.771, 49.489, 48.636, 48.58, 49.408, 48.717, 47.163, 46.378, 46.892, 47.282, 46.32, 45.868, 45.718, 45.362, 45.275, 42.575, 38.485, 37.258, 36.173, 31.877, 27.757, 27.347, 27.091, 25.933, 25.511, 25.509, 24.611, 22.686, 22.108, 20.301, 14.029, 7.595, 3.566, 0.0, 6.774, 13.871, 16.058, 17.59, 20.126, 22.342, 24.847, 26.774, 28.045, 28.56, 28.959, 29.726, 29.898, 31.999, 36.003, 38.646, 39.249, 39.361, 40.471, 42.179, 43.888, 43.613, 45.103, 46.779, 46.661, 46.379, 46.941, 48.192, 50.451, 51.828, 50.451, 50.006, 48.499, 47.578, 48.724, 49.031, 49.096], [48.951, 48.866, 48.974, 49.711, 50.15, 49.188, 48.11, 46.723, 44.98, 44.726, 46.943, 50.988, 52.911, 52.652, 52.449, 51.457, 50.691, 49.842, 50.01, 50.99, 50.275, 48.69, 47.935, 48.392, 48.717, 47.851, 47.442, 47.226, 46.857, 46.818, 44.15, 40.139, 38.995, 37.93, 33.976, 30.131, 29.62, 29.276, 28.149, 27.957, 27.959, 26.821, 24.672, 24.08, 22.333, 15.976, 10.377, 8.741, 6.774, 0.0, 8.007, 11.149, 12.894, 15.871, 18.714, 21.895, 24.423, 26.042, 26.783, 27.319, 28.232, 28.555, 31.042, 35.456, 38.256, 38.805, 38.866, 40.024, 41.661, 43.372, 43.1, 44.752, 46.542, 46.279, 45.816, 46.333, 47.637, 50.043, 51.58, 50.384, 49.955, 48.248, 47.188, 48.333, 48.707, 48.752], [49.33, 49.222, 49.234, 49.789, 50.076, 49.27, 48.585, 47.61, 46.165, 45.896, 47.979, 52.171, 54.139, 53.63, 53.358, 52.769, 52.577, 51.75, 51.813, 52.852, 52.188, 50.63, 49.936, 50.257, 50.474, 49.737, 49.355, 49.078, 48.693, 48.732, 46.195, 42.479, 41.643, 40.71, 37.059, 33.519, 32.923, 32.45, 31.438, 31.589, 31.451, 29.819, 27.343, 26.701, 25.088, 19.198, 15.024, 14.905, 13.871, 8.007, 0.0, 4.939, 7.465, 10.886, 14.673, 18.912, 22.438, 24.765, 26.011, 26.707, 27.673, 28.199, 31.276, 36.217, 39.148, 39.543, 39.435, 40.664, 42.261, 43.96, 43.733, 45.658, 47.539, 46.896, 46.075, 46.493, 47.766, 50.152, 51.574, 50.292, 49.884, 48.1, 46.947, 48.155, 48.762, 48.913], [49.08, 48.973, 48.957, 49.48, 49.798, 49.172, 48.742, 47.967, 46.618, 46.35, 48.381, 52.545, 54.432, 53.722, 53.402, 52.89, 52.756, 51.982, 51.981, 52.984, 52.315, 50.738, 50.046, 50.288, 50.429, 49.731, 49.337, 48.99, 48.584, 48.644, 46.239, 42.817, 42.175, 41.231, 37.451, 33.94, 33.39, 32.86, 31.949, 32.265, 32.057, 30.271, 27.721, 27.032, 25.466, 19.858, 16.347, 16.865, 16.058, 11.149, 4.939, 0.0, 4.175, 8.609, 13.249, 18.176, 22.244, 25.172, 26.782, 27.499, 28.374, 28.868, 31.977, 36.883, 39.711, 39.979, 39.768, 41.006, 42.666, 44.283, 44.069, 46.152, 48.047, 47.217, 46.233, 46.535, 47.663, 49.921, 51.137, 49.616, 49.254, 47.609, 46.622, 48.023, 48.845, 49.196], [49.955, 49.824, 49.732, 50.08, 50.194, 49.575, 49.244, 48.516, 47.186, 46.864, 48.883, 53.155, 54.989, 54.15, 53.813, 53.408, 53.354, 52.606, 52.908, 54.185, 53.561, 51.913, 51.147, 51.309, 51.409, 50.763, 50.36, 49.942, 49.506, 49.555, 47.148, 43.727, 43.046, 42.054, 38.285, 34.813, 34.28, 33.769, 32.902, 33.32, 33.137, 31.362, 28.91, 28.312, 26.737, 21.082, 17.698, 18.331, 17.59, 12.894, 7.465, 4.175, 0.0, 5.844, 11.836, 17.56, 21.986, 25.095, 26.764, 27.494, 28.398, 28.888, 32.153, 37.235, 40.139, 40.405, 40.179, 41.454, 43.176, 44.841, 44.641, 46.76, 48.667, 47.812, 46.809, 47.135, 48.313, 50.636, 51.885, 50.402, 50.037, 48.305, 47.15, 48.424, 49.21, 49.619], [51.588, 51.42, 51.166, 51.257, 51.177, 50.623, 50.439, 49.809, 48.517, 47.982, 49.652, 53.802, 55.723, 54.875, 54.534, 54.221, 54.318, 53.565, 53.845, 55.444, 55.197, 53.644, 52.763, 52.767, 52.833, 52.328, 51.985, 51.542, 51.084, 51.134, 48.885, 45.856, 45.381, 44.436, 40.724, 37.109, 36.485, 35.987, 35.185, 35.678, 35.426, 33.411, 30.769, 30.171, 28.743, 23.404, 20.152, 20.726, 20.126, 15.871, 10.886, 8.609, 5.844, 0.0, 7.621, 14.935, 20.227, 23.735, 25.735, 26.661, 27.784, 28.695, 32.786, 38.389, 41.376, 41.495, 41.138, 42.47, 44.371, 46.256, 46.037, 48.098, 49.94, 48.97, 47.877, 48.199, 49.424, 51.762, 52.929, 51.393, 51.006, 49.336, 48.114, 49.153, 49.904, 50.303], [53.0, 52.834, 52.459, 52.466, 52.445, 51.928, 51.685, 50.906, 49.41, 48.615, 49.971, 53.839, 55.785, 55.082, 54.752, 54.384, 54.403, 53.61, 53.764, 55.441, 55.748, 54.686, 53.904, 53.866, 53.895, 53.549, 53.527, 53.14, 52.618, 52.65, 50.657, 48.254, 47.976, 46.884, 42.938, 38.958, 38.15, 37.651, 36.859, 37.284, 36.998, 34.847, 32.103, 31.64, 30.443, 25.523, 22.515, 22.858, 22.342, 18.714, 14.673, 13.249, 11.836, 7.621, 0.0, 8.451, 14.908, 19.22, 21.831, 23.141, 24.658, 26.372, 31.558, 37.76, 40.827, 40.709, 40.208, 41.675, 43.951, 46.24, 46.089, 48.037, 49.735, 48.717, 47.628, 47.962, 49.197, 51.567, 52.89, 52.013, 52.217, 50.701, 49.395, 50.285, 50.992, 51.373], [54.127, 54.018, 53.585, 53.605, 53.685, 53.059, 52.531, 51.456, 49.747, 48.868, 50.183, 53.979, 55.957, 55.466, 55.192, 54.782, 54.67, 53.846, 53.991, 55.585, 56.259, 55.787, 55.376, 55.488, 55.476, 55.201, 55.529, 55.24, 54.671, 54.689, 52.901, 50.94, 50.682, 49.399, 45.215, 40.978, 40.045, 39.57, 38.812, 39.177, 38.968, 36.965, 34.413, 34.179, 33.087, 28.297, 25.326, 25.329, 24.847, 21.895, 18.912, 18.176, 17.56, 14.935, 8.451, 0.0, 7.497, 12.985, 16.526, 18.377, 20.419, 23.175, 29.332, 35.897, 38.992, 38.668, 38.02, 39.619, 42.262, 44.92, 44.876, 46.686, 48.174, 47.122, 46.201, 46.7, 48.052, 50.476, 52.064, 52.152, 53.098, 51.552, 49.908, 50.567, 51.175, 51.513], [54.796, 54.769, 54.325, 54.363, 54.459, 53.659, 52.858, 51.588, 49.786, 48.879, 50.198, 54.046, 56.116, 55.84, 55.67, 55.287, 55.165, 54.393, 54.601, 56.102, 56.894, 56.761, 56.717, 57.099, 57.087, 56.816, 57.363, 57.182, 56.636, 56.683, 55.086, 53.406, 53.123, 51.778, 47.486, 43.01, 41.958, 41.536, 40.822, 41.163, 41.043, 39.202, 36.82, 36.69, 35.573, 30.803, 27.687, 27.265, 26.774, 24.423, 22.438, 22.244, 21.986, 20.227, 14.908, 7.497, 0.0, 6.818, 11.807, 14.35, 17.049, 20.705, 27.611, 34.335, 37.373, 36.926, 36.161, 37.836, 40.853, 43.902, 43.996, 45.657, 46.928, 45.798, 45.069, 45.821, 47.396, 49.904, 51.723, 52.478, 53.845, 52.254, 50.249, 50.549, 50.974, 51.222], [55.818, 55.837, 55.373, 55.425, 55.432, 54.368, 53.309, 51.893, 50.076, 49.228, 50.613, 54.517, 56.729, 56.755, 56.717, 56.322, 56.226, 55.55, 55.858, 57.306, 58.085, 58.052, 58.22, 58.922, 59.014, 58.69, 59.279, 59.117, 58.557, 58.658, 57.223, 55.552, 55.108, 53.837, 49.765, 45.274, 44.152, 43.763, 42.998, 43.252, 43.219, 41.513, 39.178, 39.012, 37.786, 32.954, 29.544, 28.593, 28.045, 26.042, 24.765, 25.172, 25.095, 23.735, 19.22, 12.985, 6.818, 0.0, 6.106, 9.407, 12.954, 17.745, 25.554, 32.678, 35.827, 35.398, 34.637, 36.323, 39.42, 42.797, 43.045, 44.545, 45.734, 44.742, 44.234, 45.303, 47.228, 49.888, 51.938, 53.18, 54.693, 52.962, 50.584, 50.475, 50.611, 50.711], [56.672, 56.693, 56.206, 56.265, 56.205, 54.913, 53.591, 51.987, 50.139, 49.41, 50.947, 54.831, 57.03, 57.259, 57.322, 56.877, 56.723, 56.118, 56.562, 58.016, 58.733, 58.671, 58.886, 59.78, 59.99, 59.612, 60.182, 59.997, 59.401, 59.516, 58.149, 56.33, 55.614, 54.381, 50.61, 46.325, 45.267, 44.9, 44.006, 44.147, 44.226, 42.682, 40.399, 40.212, 38.889, 33.975, 30.431, 29.163, 28.56, 26.783, 26.011, 26.782, 26.764, 25.735, 21.831, 16.526, 11.807, 6.106, 0.0, 4.134, 8.786, 14.603, 22.9, 30.229, 33.503, 33.168, 32.584, 34.314, 37.31, 40.872, 41.268, 42.665, 43.937, 43.308, 43.097, 44.441, 46.625, 49.405, 51.63, 53.143, 54.611, 52.684, 50.141, 49.952, 49.908, 49.924], [57.038, 57.056, 56.568, 56.638, 56.553, 55.166, 53.701, 51.993, 50.176, 49.588, 51.261, 55.189, 57.384, 57.66, 57.761, 57.325, 57.178, 56.622, 57.116, 58.553, 59.212, 59.106, 59.321, 60.279, 60.53, 60.131, 60.722, 