[[0.0, 6.911, 12.71, 16.294, 17.335, 16.898, 19.212, 24.459, 25.064, 23.946, 24.007, 24.242, 23.591, 22.793, 22.509, 22.771, 23.327, 23.786, 24.498, 26.363, 27.97, 28.33, 28.737, 29.527, 29.744, 30.317, 31.375, 31.956, 31.596, 31.386, 31.619, 33.261, 34.086, 34.628, 38.284, 44.199, 51.423, 59.633, 64.528, 64.666, 63.567, 63.044, 64.02, 66.663, 68.16, 68.904, 69.465, 69.498, 68.73, 67.716, 67.059, 66.531, 66.467, 65.197, 64.826, 61.995, 61.105, 59.437, 58.281, 58.124, 58.199, 62.708, 65.394, 65.884, 64.977, 62.689, 61.358, 61.974, 60.213, 56.504, 55.17, 56.924, 58.278, 58.774, 58.598, 59.147, 60.29, 59.855, 59.135, 58.219, 58.542, 58.731, 59.336, 59.721, 60.798, 61.332], [6.911, 0.0, 7.239, 11.045, 11.919, 11.578, 14.386, 20.387, 21.377, 20.474, 20.817, 21.44, 21.295, 21.091, 21.297, 21.66, 22.139, 22.354, 22.834, 24.316, 25.783, 26.209, 26.739, 27.769, 27.96, 28.551, 29.806, 30.588, 30.39, 30.282, 30.496, 31.801, 32.466, 33.525, 38.475, 45.754, 53.73, 62.227, 67.151, 67.252, 66.145, 65.564, 66.463, 69.104, 70.592, 71.28, 71.837, 71.827, 71.066, 70.138, 69.451, 68.907, 68.841, 67.49, 67.101, 64.193, 63.353, 61.616, 60.122, 59.872, 59.968, 64.497, 67.138, 67.689, 66.832, 64.5, 63.205, 63.972, 62.237, 58.476, 57.108, 58.844, 60.212, 60.733, 60.516, 61.045, 62.227, 61.825, 61.157, 60.237, 60.519, 60.741, 61.269, 61.442, 62.505, 63.02], [12.71, 7.239, 0.0, 5.82, 8.634, 8.749, 13.032, 20.627, 21.839, 20.553, 21.197, 22.05, 22.166, 22.041, 21.921, 21.772, 21.711, 21.565, 21.935, 23.567, 25.115, 25.586, 26.151, 27.242, 27.342, 27.894, 29.142, 29.823, 29.727, 29.687, 29.799, 30.716, 31.703, 33.037, 38.096, 46.224, 55.406, 64.341, 69.202, 69.323, 68.285, 67.624, 68.35, 70.915, 72.377, 73.071, 73.611, 73.574, 72.798, 71.94, 71.386, 70.885, 70.842, 69.516, 69.112, 66.363, 65.605, 63.759, 62.372, 62.218, 62.332, 66.872, 69.541, 70.136, 69.293, 66.922, 65.563, 66.294, 64.592, 60.876, 59.502, 61.2, 62.579, 63.095, 62.803, 63.29, 64.518, 64.159, 63.512, 62.555, 62.796, 62.978, 63.524, 63.818, 64.894, 65.203], [16.294, 11.045, 5.82, 0.0, 4.326, 5.39, 10.329, 18.165, 19.431, 18.161, 18.901, 20.013, 20.62, 21.025, 21.544, 21.908, 22.108, 21.886, 22.131, 23.538, 25.02, 25.474, 26.212, 27.539, 27.431, 27.828, 29.331, 30.274, 30.248, 30.218, 30.356, 30.988, 31.711, 33.388, 39.188, 47.692, 57.045, 66.313, 71.337, 71.436, 70.387, 69.685, 70.355, 72.947, 74.45, 75.118, 75.674, 75.609, 74.825, 74.004, 73.37, 72.84, 72.783, 71.381, 70.965, 68.102, 67.369, 65.461, 63.791, 63.57, 63.678, 68.212, 70.814, 71.424, 70.628, 68.248, 66.961, 67.858, 66.182, 62.408, 60.988, 62.693, 64.096, 64.634, 64.329, 64.812, 66.056, 65.709, 65.084, 64.136, 64.345, 64.552, 65.055, 65.17, 66.239, 66.605], [17.335, 11.919, 8.634, 4.326, 0.0, 2.635, 7.651, 15.09, 16.681, 15.956, 16.655, 17.889, 18.733, 19.631, 20.88, 21.815, 22.378, 22.201, 22.376, 23.474, 24.819, 25.224, 26.035, 27.497, 27.357, 27.76, 29.459, 30.651, 30.66, 30.676, 30.9, 31.529, 31.881, 33.692, 40.195, 48.82, 57.772, 67.029, 72.215, 72.31, 71.222, 70.551, 71.289, 73.914, 75.429, 76.059, 76.624, 76.546, 75.758, 74.916, 74.179, 73.611, 73.542, 72.081, 71.664, 68.641, 67.887, 66.023, 64.039, 63.68, 63.789, 68.329, 70.897, 71.524, 70.781, 68.44, 67.246, 68.274, 66.591, 62.772, 61.355, 63.072, 64.457, 64.996, 64.705, 65.167, 66.373, 66.018, 65.428, 64.524, 64.722, 64.959, 65.44, 65.367, 66.396, 66.871], [16.898, 11.578, 8.749, 5.39, 2.635, 0.0, 6.206, 14.575, 16.549, 15.953, 16.664, 17.734, 18.222, 18.902, 19.987, 20.821, 21.361, 21.175, 21.45, 22.785, 24.249, 24.658, 25.486, 26.937, 26.841, 27.307, 28.972, 30.15, 30.165, 30.203, 30.449, 31.049, 31.379, 33.118, 39.548, 48.201, 57.186, 66.491, 71.818, 72.039, 70.984, 70.323, 71.074, 73.678, 75.161, 75.78, 76.351, 76.3, 75.525, 74.689, 73.986, 73.428, 73.349, 71.891, 71.485, 68.481, 67.718, 65.879, 63.913, 63.552, 63.664, 68.19, 70.762, 71.382, 70.635, 68.314, 67.122, 68.114, 66.419, 62.616, 61.215, 62.933, 64.321, 64.868, 64.59, 65.05, 66.243, 65.892, 65.311, 64.452, 64.686, 64.927, 65.433, 65.373, 66.38, 66.865], [19.212, 14.386, 13.032, 10.329, 7.651, 6.206, 0.0, 9.589, 12.862, 13.157, 13.843, 14.758, 15.092, 16.019, 17.618, 18.892, 19.811, 19.696, 19.992, 21.345, 22.994, 23.468, 24.419, 26.111, 26.09, 26.511, 28.33, 29.834, 29.836, 29.851, 30.165, 30.608, 30.481, 32.455, 39.643, 48.493, 57.21, 66.579, 72.125, 72.431, 71.385, 70.744, 71.54, 74.167, 75.65, 76.229, 76.808, 76.791, 76.059, 75.325, 74.609, 74.034, 73.918, 72.382, 71.98, 68.85, 68.127, 66.339, 64.07, 63.611, 63.687, 68.132, 70.692, 71.298, 70.566, 68.28, 67.178, 68.258, 66.526, 62.715, 61.341, 63.053, 64.436, 65.019, 64.808, 65.275, 66.414, 66.105, 65.614, 64.886, 65.173, 65.479, 66.065, 65.725, 66.64, 67.259], [24.459, 20.387, 20.627, 18.165, 15.09, 14.575, 9.589, 0.0, 6.044, 9.376, 9.751, 10.705, 11.825, 14.345, 17.993, 20.745, 22.653, 22.853, 22.885, 23.331, 24.649, 25.054, 26.125, 28.12, 28.086, 28.287, 30.388, 32.455, 32.394, 32.283, 32.705, 33.114, 32.015, 34.269, 42.656, 51.354, 58.981, 68.033, 73.571, 73.673, 72.53, 72.012, 72.941, 75.606, 77.1, 77.577, 78.149, 78.124, 77.419, 76.76, 75.839, 75.184, 75.019, 73.314, 72.891, 69.419, 68.709, 67.005, 64.08, 63.358, 63.376, 67.691, 70.168, 70.787, 70.126, 67.895, 66.985, 68.295, 66.504, 62.633, 61.299, 63.005, 64.343, 64.968, 64.858, 65.323, 66.379, 66.11, 65.771, 65.238, 65.543, 65.958, 66.6, 65.74, 66.533, 67.447], [25.064, 21.377, 21.839, 19.431, 16.681, 16.549, 12.862, 6.044, 0.0, 4.711, 5.295, 6.999, 9.612, 13.193, 17.718, 20.968, 23.087, 23.439, 23.277, 23.171, 24.174, 24.462, 25.553, 27.744, 27.77, 27.869, 30.103, 32.382, 32.268, 32.001, 32.443, 33.186, 32.148, 34.351, 42.658, 51.018, 58.256, 67.11, 72.48, 72.417, 71.228, 70.788, 71.77, 74.442, 75.946, 76.378, 76.945, 76.904, 76.198, 75.553, 74.547, 73.863, 73.707, 71.982, 71.543, 67.98, 67.262, 65.515, 62.459, 61.685, 61.675, 65.929, 68.336, 68.951, 68.319, 66.101, 65.224, 66.576, 64.738, 60.781, 59.404, 61.121, 62.444, 63.079, 63.012, 63.507, 64.594, 64.353, 64.081, 63.621, 63.924, 64.373, 64.962, 64.0, 64.831, 65.805], [23.946, 20.474, 20.553, 18.161, 15.956, 15.953, 13.157, 9.376, 4.711, 0.0, 2.748, 5.581, 8.8, 12.308, 16.605, 19.718, 21.633, 21.995, 21.813, 21.704, 22.656, 22.895, 23.967, 26.247, 26.357, 26.441, 28.667, 30.903, 30.779, 30.453, 30.85, 31.752, 31.186, 33.364, 41.198, 49.382, 56.809, 65.695, 70.973, 70.908, 69.751, 69.312, 70.28, 72.959, 74.456, 74.877, 75.436, 75.405, 74.706, 74.071, 73.131, 72.472, 72.343, 70.681, 70.251, 66.81, 66.128, 64.326, 61.454, 60.777, 60.77, 65.031, 67.435, 68.029, 67.389, 65.165, 64.203, 65.446, 63.585, 59.617, 58.218, 59.946, 61.258, 61.87, 61.791, 62.3, 63.424, 63.203, 62.964, 62.503, 62.8, 63.225, 63.786, 62.936, 63.806, 64.689], [24.007, 20.817, 21.197, 18.901, 16.655, 16.664, 13.843, 9.751, 5.295, 2.748, 0.0, 3.488, 7.501, 11.403, 16.006, 19.326, 21.37, 21.784, 21.665, 21.643, 22.709, 22.923, 23.914, 26.135, 26.307, 26.416, 28.63, 30.917, 30.788, 30.444, 30.871, 31.915, 31.189, 33.183, 41.03, 49.112, 56.371, 65.264, 70.605, 70.542, 69.391, 68.971, 69.967, 72.696, 74.262, 74.709, 75.263, 75.225, 74.516, 73.879, 72.903, 72.227, 72.082, 70.401, 69.966, 66.487, 65.807, 64.027, 61.11, 60.44, 60.411, 64.625, 67.045, 67.64, 66.999, 64.797, 63.9, 65.192, 63.334, 59.37, 57.996, 59.726, 61.018, 61.628, 61.544, 62.04, 63.141, 62.914, 62.687, 62.254, 62.552, 62.988, 63.589, 62.745, 63.642, 64.573], [24.242, 21.44, 22.05, 20.013, 17.889, 17.734, 14.758, 10.705, 6.999, 5.581, 3.488, 0.0, 4.817, 9.234, 14.272, 17.871, 20.142, 20.643, 20.63, 20.879, 22.242, 22.444, 23.388, 25.619, 25.885, 26.017, 28.193, 30.551, 30.425, 30.038, 30.488, 31.643, 30.735, 32.49, 40.246, 48.23, 55.392, 64.382, 69.896, 69.907, 68.78, 68.403, 69.44, 72.174, 73.785, 74.271, 74.831, 74.813, 74.107, 73.49, 72.508, 71.827, 71.654, 69.952, 69.515, 66.04, 65.381, 63.609, 60.693, 60.049, 59.984, 64.111, 66.542, 67.129, 66.463, 64.268, 63.415, 64.691, 62.801, 58.87, 57.545, 59.265, 60.558, 61.196, 61.118, 61.579, 62.648, 62.439, 62.239, 61.878, 62.21, 62.657, 63.347, 62.58, 63.504, 64.447], [23.591, 21.295, 22.166, 20.62, 18.733, 18.222, 15.092, 11.825, 9.612, 8.8, 7.501, 4.817, 0.0, 5.154, 10.974, 15.106, 17.764, 18.393, 18.649, 19.545, 21.344, 21.599, 22.569, 24.822, 25.177, 25.321, 27.346, 29.634, 29.459, 29.007, 29.453, 30.52, 29.409, 30.972, 38.496, 46.402, 53.658, 62.846, 68.591, 68.776, 67.727, 67.442, 68.548, 71.25, 72.811, 73.289, 73.878, 73.973, 73.303, 72.682, 71.76, 71.096, 70.888, 69.182, 68.765, 65.374, 64.718, 62.948, 60.17, 59.586, 59.486, 63.564, 66.03, 66.592, 65.874, 63.676, 62.768, 63.894, 61.945, 58.068, 56.806, 58.518, 59.827, 60.483, 60.401, 60.805, 61.818, 61.614, 61.435, 61.158, 61.551, 61.969, 62.786, 62.19, 63.096, 64.006], [22.793, 21.091, 22.041, 21.025, 19.631, 18.902, 16.019, 14.345, 13.193, 12.308, 11.403, 9.234, 5.154, 0.0, 6.435, 11.407, 14.659, 15.497, 16.029, 17.506, 19.523, 19.823, 20.75, 22.79, 23.181, 23.397, 25.265, 27.443, 27.232, 26.776, 27.228, 28.318, 27.21, 28.547, 35.694, 43.482, 50.973, 60.405, 66.296, 66.646, 65.761, 65.64, 66.825, 69.516, 71.032, 71.485, 72.09, 72.36, 71.833, 71.25, 70.41, 69.769, 69.544, 67.894, 67.529, 64.29, 63.64, 61.885, 59.368, 58.887, 58.759, 62.786, 65.291, 65.836, 65.044, 62.826, 61.835, 62.769, 60.755, 56.91, 55.678, 57.389, 58.718, 59.372, 59.272, 59.63, 60.596, 60.387, 60.23, 60.038, 60.52, 60.901, 61.819, 61.44, 62.354, 63.201], [22.509, 21.297, 21.921, 21.544, 20.88, 19.987, 17.618, 17.993, 17.718, 16.605, 16.006, 14.272, 10.974, 6.435, 0.0, 5.895, 9.959, 11.131, 12.104, 14.505, 16.771, 17.065, 17.87, 19.574, 20.144, 20.617, 22.192, 24.111, 23.879, 23.46, 23.945, 25.173, 24.536, 25.667, 32.094, 39.777, 47.787, 57.52, 63.554, 64.119, 63.401, 63.384, 64.574, 67.224, 68.721, 69.21, 69.792, 70.181, 69.829, 69.376, 68.712, 68.119, 67.913, 66.37, 66.048, 63.07, 62.443, 60.692, 58.595, 58.276, 58.144, 62.096, 64.648, 65.205, 64.364, 62.147, 61.086, 61.788, 59.73, 55.96, 54.786, 56.498, 57.834, 58.482, 58.361, 58.713, 59.685, 59.5, 59.349, 59.209, 59.779, 60.107, 61.102, 61.008, 61.942, 62.635], [22.771, 21.66, 21.772, 21.908, 21.815, 20.821, 18.892, 20.745, 20.968, 19.718, 19.326, 17.871, 15.106, 11.407, 5.895, 0.0, 4.755, 6.47, 7.973, 11.576, 14.447, 14.92, 15.644, 17.382, 18.344, 19.039, 20.294, 21.89, 21.588, 21.146, 21.598, 23.036, 23.14, 24.104, 29.777, 37.553, 46.208, 56.139, 62.245, 63.006, 62.399, 62.324, 63.389, 65.98, 67.488, 68.072, 68.636, 69.011, 68.712, 68.444, 68.033, 67.493, 67.331, 65.898, 65.573, 62.808, 62.2, 60.403, 58.664, 58.491, 58.377, 62.292, 64.879, 65.422, 64.551, 62.332, 61.226, 61.816, 59.781, 56.109, 55.0, 56.729, 58.063, 58.695, 58.564, 58.96, 59.983, 59.821, 59.639, 59.451, 60.012, 60.287, 61.302, 61.403, 62.347, 62.882], [23.327, 22.139, 21.711, 22.108, 22.378, 21.361, 19.811, 22.653, 23.087, 21.633, 21.37, 20.142, 17.764, 14.659, 9.959, 4.755, 0.0, 2.425, 4.672, 9.383, 12.783, 13.46, 14.091, 16.003, 17.311, 18.091, 19.15, 20.511, 20.161, 19.708, 20.091, 21.613, 22.328, 23.205, 28.358, 36.375, 45.64, 55.658, 61.735, 62.63, 62.141, 62.027, 63.0, 65.562, 67.082, 67.717, 68.274, 68.621, 68.331, 68.207, 68.041, 67.549, 67.423, 66.1, 65.783, 63.167, 62.551, 60.719, 59.227, 59.164, 59.062, 62.984, 65.598, 66.082, 65.182, 62.989, 61.861, 62.397, 60.382, 56.756, 55.653, 57.373, 58.695, 59.286, 59.123, 59.536, 60.593, 60.442, 60.228, 59.983, 60.506, 60.75, 61.732, 61.921, 62.875, 63.299], [23.786, 22.354, 21.565, 21.886, 22.201, 21.175, 19.696, 22.853, 23.439, 21.995, 21.784, 20.643, 18.393, 15.497, 11.131, 6.47, 2.425, 0.0, 3.461, 8.794, 12.377, 13.107, 13.684, 15.65, 17.06, 17.895, 18.927, 20.247, 19.919, 19.465, 19.854, 21.289, 22.068, 22.962, 28.133, 36.441, 46.023, 56.086, 62.152, 63.093, 62.649, 62.53, 63.489, 66.058, 67.602, 68.253, 68.809, 69.15, 68.847, 68.734, 68.615, 68.137, 68.009, 66.705, 66.391, 63.804, 63.17, 61.333, 59.884, 59.84, 59.745, 63.675, 66.305, 66.771, 65.862, 63.683, 62.566, 63.109, 61.101, 57.45, 56.29, 57.974, 59.297, 59.868, 59.678, 60.074, 61.129, 60.963, 60.71, 60.431, 60.939, 61.174, 62.139, 62.348, 63.311, 63.701], [24.498, 22.834, 21.935, 22.131, 22.376, 21.45, 19.992, 22.885, 23.277, 21.813, 21.665, 20.63, 18.649, 16.029, 12.104, 7.973, 4.672, 3.461, 0.0, 5.945, 10.093, 11.048, 11.715, 13.967, 15.424, 16.183, 17.344, 18.859, 18.661, 18.366, 18.83, 20.443, 21.349, 22.291, 27.73, 36.203, 45.81, 55.879, 61.909, 62.851, 62.458, 62.358, 63.317, 65.93, 67.498, 68.111, 68.663, 69.024, 68.794, 68.798, 68.696, 68.198, 68.098, 66.807, 66.511, 63.912, 63.27, 61.444, 59.973, 59.927, 59.86, 63.792, 66.332, 66.758, 65.85, 63.674, 62.577, 63.159, 61.147, 57.445, 56.239, 57.942, 59.29, 59.849, 59.65, 60.074, 61.15, 60.978, 60.742, 60.495, 61.004, 61.235, 62.109, 62.225, 63.186, 63.59], [26.363, 24.316, 23.567, 23.538, 23.474, 22.785, 21.345, 23.331, 23.171, 21.704, 21.643, 20.879, 19.545, 17.506, 14.505, 11.576, 9.383, 8.794, 5.945, 0.0, 5.056, 6.691, 7.537, 10.476, 12.023, 12.525, 13.956, 16.03, 16.109, 16.049, 16.596, 18.575, 19.64, 20.852, 27.113, 35.887, 45.282, 55.259, 61.221, 62.108, 61.742, 61.706, 62.71, 65.37, 66.958, 67.513, 68.078, 68.462, 68.384, 68.582, 68.47, 67.941, 67.863, 66.619, 66.386, 63.719, 63.068, 61.276, 59.664, 59.587, 59.529, 63.368, 65.716, 66.076, 65.196, 63.065, 62.053, 62.742, 60.712, 56.883, 55.572, 57.289, 58.647, 59.179, 58.988, 59.479, 60.599, 60.434, 60.255, 60.065, 60.584, 60.844, 61.527, 61.377, 62.341, 62.834], [27.97, 25.783, 25.115, 25.02, 24.819, 24.249, 22.994, 24.649, 24.174, 22.656, 22.709, 22.242, 21.344, 19.523, 16.771, 14.447, 12.783, 12.377, 10.093, 5.056, 0.0, 2.726, 4.011, 7.287, 8.958, 9.514, 11.131, 13.6, 13.969, 14.19, 14.745, 16.747, 18.125, 19.711, 26.403, 35.221, 44.404, 54.26, 60.18, 61.079, 60.764, 60.801, 61.856, 64.521, 66.082, 66.579, 67.151, 67.584, 67.648, 67.937, 67.807, 67.273, 67.213, 66.02, 65.879, 63.245, 62.588, 60.845, 59.163, 59.057, 59.028, 62.829, 65.08, 65.452, 64.638, 62.58, 61.61, 62.305, 60.237, 56.286, 54.842, 56.515, 57.858, 58.357, 58.148, 58.672, 59.816, 59.655, 59.527, 59.398, 59.955, 60.234, 60.777, 60.462, 61.407, 61.93], [28.33, 26.209, 25.586, 25.474, 25.224, 24.658, 23.468, 25.054, 24.462, 22.895, 22.923, 22.444, 21.599, 19.823, 17.065, 14.92, 13.46, 13.107, 11.048, 6.691, 2.726, 0.0, 2.488, 6.309, 8.115, 8.904, 10.676, 13.332, 13.747, 14.032, 14.62, 16.637, 17.993, 19.591, 26.306, 34.968, 43.99, 53.83, 59.815, 60.729, 60.402, 60.462, 61.551, 64.202, 65.753, 66.24, 66.796, 67.221, 67.297, 67.562, 67.398, 66.854, 66.812, 65.616, 65.494, 62.899, 62.239, 60.52, 58.813, 58.686, 58.656, 62.452, 64.717, 65.131, 64.37, 62.373, 61.461, 62.155, 60.061, 56.079, 54.616, 56.267, 57.592, 58.091, 57.879, 58.394, 59.529, 59.375, 59.271, 59.184, 59.759, 60.04, 60.569, 60.254, 61.206, 61.716], [28.737, 26.739, 26.151, 26.212, 26.035, 25.486, 24.419, 26.125, 25.553, 23.967, 23.914, 23.388, 22.569, 20.75, 17.87, 15.644, 14.091, 13.684, 11.715, 7.537, 4.011, 2.488, 0.0, 4.545, 7.274, 8.512, 10.094, 12.665, 13.07, 13.355, 14.002, 16.435, 17.966, 19.249, 25.624, 34.253, 43.343, 53.159, 59.133, 60.062, 59.757, 59.845, 60.962, 63.626, 65.208, 65.726, 66.283, 66.714, 66.812, 67.094, 66.939, 66.398, 66.358, 65.207, 65.092, 62.527, 61.868, 60.169, 58.516, 58.414, 58.356, 62.079, 64.355, 64.769, 64.003, 62.03, 61.152, 61.844, 59.764, 55.809, 54.354, 55.989, 57.299, 57.773, 57.549, 58.068, 59.197, 59.035, 58.919, 58.829, 59.404, 59.683, 60.205, 59.95, 60.941, 61.437], [29.527, 27.769, 27.242, 27.539, 27.497, 26.937, 26.111, 28.12, 27.744, 26.247, 26.135, 25.619, 24.822, 22.79, 19.574, 17.382, 16.003, 15.65, 13.967, 10.476, 7.287, 6.309, 4.545, 0.0, 4.36, 6.927, 8.351, 10.736, 11.359, 11.986, 12.715, 15.499, 17.267, 18.072, 23.895, 32.49, 41.754, 51.593, 57.582, 58.588, 58.382, 58.575, 59.745, 62.428, 64.033, 64.57, 65.102, 65.572, 65.75, 66.035, 65.892, 65.362, 65.325, 64.256, 64.21, 61.741, 61.08, 59.502, 58.039, 57.971, 57.925, 61.6, 63.87, 64.309, 63.545, 61.601, 60.736, 61.363, 59.279, 55.326, 53.857, 55.471, 56.787, 57.239, 56.978, 57.507, 58.641, 58.458, 58.302, 58.223, 58.875, 59.16, 59.669, 59.513, 60.535, 61.009], [29.744, 27.96, 27.342, 27.431, 27.357, 26.841, 26.09, 28.086, 27.77, 26.357, 26.307, 25.885, 25.177, 23.181, 20.144, 18.344, 17.311, 17.06, 15.424, 12.023, 8.958, 8.115, 7.274, 4.36, 0.0, 3.744, 6.263, 9.282, 10.192, 11.189, 11.811, 14.236, 16.08, 17.254, 23.589, 32.285, 41.581, 51.579, 57.641, 58.647, 58.469, 58.709, 59.878, 62.56, 64.179, 64.708, 65.219, 65.668, 65.848, 66.092, 65.914, 65.374, 65.338, 64.27, 64.275, 61.837, 61.221, 59.71, 58.324, 58.267, 58.266, 62.007, 64.251, 64.697, 63.953, 62.023, 61.165, 61.778, 59.646, 55.642, 54.166, 55.779, 57.088, 57.542, 57.275, 57.805, 58.96, 58.777, 58.573, 58.452, 59.13, 59.432, 59.894, 59.657, 60.66, 61.123], [30.317, 28.551, 27.894, 27.828, 27.76, 27.307, 26.511, 28.287, 27.869, 26.441, 26.416, 26.017, 25.321, 23.397, 20.617, 19.039, 18.091, 17.895, 16.183, 12.525, 9.514, 8.904, 8.512, 6.927, 3.744, 0.0, 3.974, 8.013, 9.174, 10.254, 10.74, 12.975, 15.085, 16.824, 23.614, 32.38, 41.658, 51.757, 57.852, 58.85, 58.655, 58.878, 60.021, 62.695, 64.331, 64.864, 65.385, 65.825, 66.031, 66.349, 66.167, 65.621, 65.565, 64.483, 64.516, 62.087, 61.509, 59.979, 58.605, 58.64, 58.625, 62.303, 64.491, 64.897, 64.143, 62.238, 61.391, 62.005, 59.846, 55.805, 54.311, 55.89, 57.164, 57.608, 57.364, 57.92, 59.085, 58.902, 58.666, 58.529, 59.189, 59.498, 59.875, 59.466, 60.447, 60.952], [31.375, 29.806, 29.142, 29.331, 29.459, 28.972, 28.33, 30.388, 30.103, 28.667, 28.63, 28.193, 27.346, 25.265, 22.192, 20.294, 19.15, 18.927, 17.344, 13.956, 11.131, 10.676, 10.094, 8.351, 6.263, 3.974, 0.0, 4.784, 6.614, 8.102, 8.683, 11.252, 14.258, 15.986, 22.147, 30.886, 40.435, 50.644, 56.811, 57.935, 57.78, 57.995, 59.112, 61.738, 63.37, 63.936, 64.449, 64.907, 65.186, 65.593, 65.47, 64.946, 64.855, 63.794, 63.868, 61.593, 61.037, 59.506, 58.355, 58.596, 58.647, 62.221, 64.382, 64.759, 63.984, 62.141, 61.294, 61.792, 59.615, 55.584, 54.034, 55.507, 56.736, 57.16, 56.925, 57.533, 58.724, 58.535, 58.254, 58.132, 58.825, 59.111, 59.418, 59.055, 60.059, 60.539], [31.956, 30.588, 29.823, 30.274, 30.651, 30.15, 29.834, 32.455, 32.382, 30.903, 30.917, 30.551, 29.634, 27.443, 24.111, 21.89, 20.511, 20.247, 18.859, 16.03, 13.6, 13.332, 12.665, 10.736, 9.282, 8.013, 4.784, 0.0, 3.322, 6.008, 6.915, 9.985, 14.217, 15.685, 20.597, 29.232, 39.23, 49.469, 55.575, 56.809, 56.697, 56.901, 57.984, 60.541, 62.108, 62.671, 63.168, 63.643, 63.966, 64.399, 64.379, 63.894, 63.789, 62.779, 62.879, 60.833, 60.304, 58.782, 57.962, 58.391, 58.577, 62.286, 64.529, 64.895, 64.092, 62.272, 61.357, 61.69, 59.496, 55.485, 53.862, 55.235, 56.441, 56.842, 56.615, 57.283, 58.525, 58.322, 57.991, 57.879, 58.62, 58.854, 59.087, 58.88, 59.904, 60.308], [31.596, 30.39, 29.727, 30.248, 30.66, 30.165, 29.836, 32.394, 32.268, 30.779, 30.788, 30.425, 29.459, 27.232, 23.879, 21.588, 20.161, 19.919, 18.661, 16.109, 13.969, 13.747, 13.07, 11.359, 10.192, 9.174, 6.614, 3.322, 0.0, 3.492, 4.884, 8.818, 13.319, 14.793, 19.709, 28.313, 38.361, 48.585, 54.641, 55.824, 55.672, 55.89, 57.004, 59.558, 61.108, 61.668, 62.187, 62.68, 62.979, 63.408, 63.415, 62.932, 62.816, 61.801, 61.872, 59.823, 59.293, 57.757, 56.962, 57.396, 57.569, 61.392, 63.834, 64.244, 63.429, 61.591, 60.657, 60.956, 58.725, 54.692, 53.053, 54.406, 55.585, 55.994, 55.81, 56.504, 57.76, 57.564, 57.221, 57.118, 57.86, 58.088, 58.34, 58.158, 59.178, 59.594], [31.386, 30.282, 29.687, 30.218, 30.676, 30.203, 29.851, 32.283, 32.001, 30.453, 30.444, 30.038, 29.007, 26.776, 23.46, 21.146, 19.708, 19.465, 18.366, 16.049, 14.19, 14.032, 13.355, 11.986, 11.189, 10.254, 8.102, 6.008, 3.492, 0.0, 2.537, 7.841, 12.468, 14.083, 19.093, 27.865, 38.059, 48.321, 54.392, 55.521, 55.29, 55.498, 56.639, 59.205, 60.783, 61.367, 61.901, 62.4, 62.646, 63.047, 63.047, 62.568, 62.429, 61.379, 61.43, 59.336, 58.801, 57.243, 56.426, 56.845, 56.952, 60.723, 63.256, 63.722, 62.9, 61.046, 60.114, 60.425, 58.187, 54.126, 52.469, 53.825, 54.998, 55.429, 55.287, 55.997, 57.263, 57.072, 56.712, 56.589, 57.328, 57.572, 57.854, 57.665, 58.699, 59.141], [31.619, 30.496, 29.799, 30.356, 30.9, 30.449, 30.165, 32.705, 32.443, 30.85, 30.871, 30.488, 29.453, 27.228, 23.945, 21.598, 20.091, 19.854, 18.83, 16.596, 14.745, 14.62, 14.002, 12.715, 11.811, 10.74, 8.683, 6.915, 4.884, 2.537, 0.0, 6.413, 11.707, 13.639, 18.726, 27.629, 37.983, 48.283, 54.352, 55.48, 55.256, 55.459, 56.596, 59.152, 60.722, 61.307, 61.836, 62.339, 62.586, 62.992, 63.023, 62.561, 62.421, 61.372, 61.431, 59.352, 58.839, 57.279, 56.465, 56.88, 56.964, 60.734, 63.281, 63.78, 62.977, 61.12, 60.15, 60.421, 58.171, 54.114, 52.476, 53.839, 55.007, 55.424, 55.279, 55.994, 57.274, 57.102, 56.76, 56.632, 57.376, 57.634, 57.932, 57.738, 58.759, 59.171], [33.261, 31.801, 30.716, 30.988, 31.529, 31.049, 30.608, 33.114, 33.186, 31.752, 31.915, 31.643, 30.52, 28.318, 25.173, 23.036, 21.613, 21.289, 20.443, 18.575, 16.747, 16.637, 16.435, 15.499, 14.236, 12.975, 11.252, 9.985, 8.818, 7.841, 6.413, 0.0, 7.718, 11.761, 18.254, 27.857, 38.605, 49.139, 55.32, 56.583, 56.48, 56.721, 57.779, 60.204, 61.647, 62.151, 62.69, 63.214, 63.499, 63.918, 63.951, 63.512, 63.317, 62.177, 62.256, 60.24, 59.817, 58.259, 57.33, 57.755, 57.868, 61.66, 64.218, 64.76, 64.026, 62.225, 61.259, 61.515, 59.286, 55.279, 53.648, 54.963, 56.099, 56.492, 56.306, 56.976, 58.269, 58.154, 57.883, 57.803, 58.547, 58.83, 59.184, 58.893, 59.808, 60.2], [34.086, 32.466, 31.703, 31.711, 31.881, 31.379, 30.481, 32.015, 32.148, 31.186, 31.189, 30.735, 29.409, 27.21, 24.536, 23.14, 22.328, 22.068, 21.349, 19.64, 18.125, 17.993, 17.966, 17.267, 16.08, 15.085, 14.258, 14.217, 13.319, 12.468, 11.707, 7.718, 0.0, 6.961, 17.268, 27.743, 38.269, 49.037, 55.48, 56.758, 56.766, 57.222, 58.406, 60.854, 62.294, 62.725, 63.294, 63.861, 64.132, 64.505, 64.342, 63.826, 63.515, 62.177, 62.248, 59.943, 59.451, 57.97, 56.635, 56.879, 56.957, 60.743, 63.336, 63.9, 63.198, 61.457, 60.758, 61.31, 59.101, 54.985, 53.285, 54.597, 55.756, 56.147, 55.892, 56.453, 57.69, 57.598, 57.451, 57.513, 58.281, 58.622, 59.17, 58.786, 59.652, 60.258], [34.628, 33.525, 33.037, 33.388, 33.692, 33.118, 32.455, 34.269, 34.351, 33.364, 33.183, 32.49, 30.972, 28.547, 25.667, 24.104, 23.205, 22.962, 22.291, 20.852, 19.711, 19.591, 19.249, 18.072, 17.254, 16.824, 15.986, 15.685, 14.793, 14.083, 13.639, 11.761, 6.961, 0.0, 12.021, 23.486, 34.882, 46.018, 52.712, 54.172, 54.297, 54.875, 56.133, 58.611, 60.125, 60.676, 61.27, 61.88, 62.157, 62.532, 62.412, 61.89, 61.554, 60.259, 60.359, 58.068, 57.473, 56.066, 54.994, 55.324, 55.419, 59.197, 61.812, 62.273, 61.49, 59.773, 59.229, 59.968, 57.895, 53.743, 51.969, 53.346, 54.621, 55.03, 54.752, 55.311, 56.579, 56.49, 56.329, 56.436, 57.262, 57.575, 58.251, 58.248, 59.246, 59.867], [38.284, 38.475, 38.096, 39.188, 40.195, 39.548, 39.643, 42.656, 42.658, 41.198, 41.03, 40.246, 38.496, 35.694, 32.094, 29.777, 28.358, 28.133, 27.73, 27.113, 26.403, 26.306, 25.624, 23.895, 23.589, 23.614, 22.147, 20.597, 19.709, 19.093, 18.726, 18.254, 17.268, 12.021, 0.0, 13.696, 28.092, 39.745, 46.64, 48.635, 48.953, 49.575, 50.761, 53.06, 54.6, 55.435, 56.034, 56.766, 57.183, 57.671, 57.96, 57.602, 57.284, 56.281, 56.489, 54.836, 54.258, 52.965, 53.063, 53.878, 54.059, 57.671, 60.26, 60.508, 59.607, 58.026, 57.399, 57.91, 56.188, 52.369, 50.553, 51.872, 53.233, 53.602, 53.345, 54.012, 55.41, 55.37, 55.077, 55.194, 56.171, 56.376, 57.089, 57.9, 59.064, 59.408], [44.199, 45.754, 46.224, 47.692, 48.82, 48.201, 48.493, 51.354, 51.018, 49.382, 49.112, 48.23, 46.402, 43.482, 39.777, 37.553, 36.375, 36.441, 36.203, 35.887, 35.221, 34.968, 34.253, 32.49, 32.285, 32.38, 30.886, 29.232, 28.313, 27.865, 27.629, 27.857, 27.743, 23.486, 13.696, 0.0, 16.235, 28.457, 35.973, 38.631, 39.412, 40.51, 41.808, 43.954, 45.681, 46.807, 47.422, 48.407, 49.187, 49.999, 50.645, 50.398, 50.139, 49.465, 49.842, 48.833, 48.384, 47.383, 48.414, 49.63, 49.965, 53.405, 56.048, 56.114, 55.197, 53.924, 53.283, 53.398, 52.037, 48.911, 47.255, 48.4, 49.698, 49.965, 49.728, 50.476, 51.997, 52.091, 51.791, 52.133, 53.286, 53.419, 54.158, 55.569, 56.775, 56.879], [51.423, 53.73, 55.406, 57.045, 57.772, 57.186, 57.21, 58.981, 58.256, 56.809, 56.371, 55.392, 53.658, 50.973, 47.787, 46.208, 45.64, 46.023, 45.81, 45.282, 44.404, 43.99, 43.343, 41.754, 41.581, 41.658, 40.435, 39.23, 38.361, 38.059, 37.983, 38.605, 38.269, 34.882, 28.092, 16.235, 0.0, 13.757, 23.332, 26.998, 28.711, 31.13, 33.025, 35.051, 36.968, 38.153, 38.743, 40.009, 41.334, 42.603, 43.245, 42.978, 42.796, 42.394, 43.018, 42.434, 42.17, 41.68, 42.906, 44.22, 44.747, 47.877, 50.488, 50.43, 49.616, 48.809, 48.343, 48.071, 46.915, 44.671, 43.536, 44.56, 45.693, 45.857, 45.67, 46.452, 48.004, 48.296, 48.21, 49.036, 50.352, 50.487, 51.173, 52.713, 53.839, 53.889], [59.633, 62.227, 64.341, 66.313, 67.029, 66.491, 66.579, 68.033, 67.11, 65.695, 65.264, 64.382, 62.846, 60.405, 57.52, 56.139, 55.658, 56.086, 55.879, 55.259, 54.26, 53.83, 53.159, 51.593, 51.579, 51.757, 50.644, 49.469, 48.585, 48.321, 48.283, 49.139, 49.037, 46.018, 39.745, 28.457, 13.757, 0.0, 11.369, 16.847, 20.389, 24.757, 27.387, 28.961, 30.61, 31.691, 32.208, 33.851, 35.762, 37.455, 38.378, 38.212, 38.186, 38.405, 39.314, 39.604, 39.407, 39.579, 41.639, 43.111, 43.814, 46.521, 49.053, 48.911, 48.219, 47.908, 47.486, 46.754, 45.991, 44.557, 43.713, 44.578, 45.587, 45.598, 45.468, 46.291, 47.763, 48.18, 48.305, 49.488, 50.897, 50.95, 51.502, 53.336, 54.378, 54.258], [64.528, 67.151, 69.202, 71.337, 72.215, 71.818, 72.125, 73.571, 72.48, 70.973, 70.605, 69.896, 68.591, 66.296, 63.554, 62.245, 61.735, 62.152, 61.909, 61.221, 60.18, 59.815, 59.133, 57.582, 57.641, 57.852, 56.811, 55.575, 54.641, 54.392, 54.352, 55.32, 55.48, 52.712, 46.64, 35.973, 23.332, 11.369, 0.0, 7.713, 14.533, 21.225, 24.429, 25.593, 26.68, 27.399, 27.88, 29.96, 32.38, 34.415, 35.713, 35.649, 35.841, 36.747, 37.8, 38.838, 38.639, 39.2, 42.105, 43.729, 44.511, 47.036, 49.545, 49.359, 48.646, 48.496, 47.923, 46.881, 46.565, 45.746, 45.006, 45.715, 46.659, 46.558, 46.418, 47.23, 48.638, 49.1, 49.335, 50.599, 51.971, 51.936, 52.425, 54.539, 55.538, 55.271], [64.666, 67.252, 69.323, 71.436, 72.31, 72.039, 72.431, 73.673, 72.417, 70.908, 70.542, 69.907, 68.776, 66.646, 64.119, 63.006, 62.63, 63.093, 62.851, 62.108, 61.079, 60.729, 60.062, 58.588, 58.647, 58.85, 57.935, 56.809, 55.824, 55.521, 55.48, 56.583, 56.758, 54.172, 48.635, 38.631, 26.998, 16.847, 7.713, 0.0, 9.019, 17.46, 21.402, 22.839, 24.075, 24.911, 25.465, 27.504, 29.96, 32.02, 33.262, 33.193, 33.517, 34.597, 35.61, 36.625, 36.435, 37.118, 40.084, 41.66, 42.433, 45.029, 47.666, 47.506, 46.728, 46.484, 45.777, 44.684, 44.611, 44.191, 43.695, 44.378, 45.252, 45.246, 45.31, 46.231, 47.677, 48.148, 48.374, 49.541, 50.836, 50.858, 51.373, 53.486, 54.495, 54.305], [63.567, 66.145, 68.285, 70.387, 71.222, 70.984, 71.385, 72.53, 71.228, 69.751, 69.391, 68.78, 67.727, 65.761, 63.401, 62.399, 62.141, 62.649, 62.458, 61.742, 60.764, 60.402, 59.757, 58.382, 58.469, 58.655, 57.78, 56.697, 55.672, 55.29, 55.256, 56.48, 56.766, 54.297, 48.953, 39.412, 28.711, 20.389, 14.533, 9.019, 0.0, 9.599, 14.774, 17.149, 19.447, 21.315, 22.148, 23.8, 25.95, 27.87, 28.97, 28.953, 29.325, 30.331, 31.279, 32.208, 32.102, 32.889, 35.959, 37.635, 38.459, 41.183, 43.989, 43.852, 43.098, 42.792, 41.97, 40.986, 41.227, 41.037, 40.78, 41.526, 42.319, 42.572, 43.35, 44.823, 46.44, 46.892, 46.983, 47.983, 49.249, 49.377, 49.85, 51.906, 52.99, 52.926], [63.044, 65.564, 67.624, 69.685, 70.551, 70.323, 70.744, 72.012, 70.788, 69.312, 68.971, 68.403, 67.442, 65.64, 63.384, 62.324, 62.027, 62.53, 62.358, 61.706, 60.801, 60.462, 59.845, 58.575, 58.709, 58.878, 57.995, 56.901, 55.89, 55.498, 55.459, 56.721, 57.222, 54.875, 49.575, 40.51, 31.13, 24.757, 21.225, 17.46, 9.599, 0.0, 6.626, 11.187, 15.675, 19.071, 20.214, 21.172, 22.666, 24.578, 25.749, 25.819, 26.221, 27.116, 27.924, 28.821, 28.917, 29.691, 32.933, 34.845, 35.704, 38.463, 41.385, 41.321, 40.704, 40.368, 39.532, 38.987, 39.703, 39.67, 39.664, 40.576, 41.299, 41.73, 43.225, 45.454, 47.33, 47.747, 47.604, 48.329, 49.508, 49.687, 50.071, 52.04, 53.203, 53.171], [64.02, 66.463, 68.35, 70.355, 71.289, 71.074, 71.54, 72.941, 71.77, 70.28, 69.967, 69.44, 68.548, 66.825, 64.574, 63.389, 63.0, 63.489, 63.317, 62.71, 61.856, 61.551, 60.962, 59.745, 59.878, 60.021, 59.112, 57.984, 57.004, 56.639, 56.596, 57.779, 58.406, 56.133, 50.761, 41.808, 33.025, 27.387, 24.429, 21.402, 14.774, 6.626, 0.0, 6.461, 12.952, 17.605, 18.897, 19.28, 20.418, 22.684, 24.184, 24.35, 24.853, 25.812, 26.503, 27.633, 28.004, 28.743, 32.248, 34.356, 35.218, 37.805, 40.693, 40.723, 40.236, 39.937, 39.219, 39.041, 40.116, 40.36, 40.703, 41.793, 42.502, 42.995, 44.708, 47.267, 49.381, 49.875, 49.619, 50.156, 51.242, 51.409, 51.766, 53.724, 54.902, 54.786], [66.663, 69.104, 70.915, 72.947, 73.914, 73.678, 74.167, 75.606, 74.442, 72.959, 72.696, 72.174, 71.25, 69.516, 67.224, 65.98, 65.562, 66.058, 65.93, 65.37, 64.521, 64.202, 63.626, 62.428, 62.56, 62.695, 61.738, 60.541, 59.558, 59.205, 59.152, 60.204, 60.854, 58.611, 53.06, 43.954, 35.051, 28.961, 25.593, 22.839, 17.149, 11.187, 6.461, 0.0, 7.906, 13.916, 15.542, 15.756, 17.1, 19.823, 21.769, 22.123, 22.704, 24.026, 24.744, 26.594, 27.25, 28.176, 32.149, 34.401, 35.278, 37.509, 40.292, 40.457, 40.151, 40.122, 39.559, 39.386, 40.718, 41.396, 42.102, 43.273, 43.967, 44.472, 46.202, 48.784, 51.031, 51.758, 51.736, 52.402, 53.486, 53.612, 53.969, 56.005, 57.111, 56.888], [68.16, 70.592, 72.377, 74.45, 75.429, 75.161, 75.65, 77.1, 75.946, 74.456, 74.262, 73.785, 72.811, 71.032, 68.721, 67.488, 67.082, 67.602, 67.498, 66.958, 66.082, 65.753, 65.208, 64.033, 64.179, 64.331, 63.37, 62.108, 61.108, 60.783, 60.722, 61.647, 62.294, 60.125, 54.6, 45.681, 36.968, 30.61, 26.68, 24.075, 19.447, 15.675, 12.952, 7.906, 0.0, 7.232, 9.892, 10.692, 12.836, 16.228, 18.845, 19.375, 19.969, 21.772, 22.652, 25.396, 26.213, 27.287, 31.721, 34.046, 34.981, 37.092, 39.718, 40.001, 39.792, 39.96, 39.362, 38.98, 40.42, 41.4, 42.41, 43.76, 44.569, 45.102, 46.773, 49.287, 51.551, 52.503, 53.043, 54.13, 55.28, 55.336, 55.692, 57.68, 58.617, 58.378], [68.904, 71.28, 73.071, 75.118, 76.059, 75.78, 76.229, 77.577, 76.378, 74.877, 74.709, 74.271, 73.289, 71.485, 69.21, 68.072, 67.717, 68.253, 68.111, 67.513, 66.579, 66.24, 65.726, 64.57, 64.708, 64.864, 63.936, 62.671, 61.668, 61.367, 61.307, 62.151, 62.725, 60.676, 55.435, 46.807, 38.153, 31.691, 27.399, 24.911, 21.315, 19.071, 17.605, 13.916, 7.232, 0.0, 4.481, 7.536, 11.093, 15.03, 17.816, 18.301, 18.837, 20.86, 21.94, 25.163, 26.046, 27.241, 31.641, 33.843, 34.794, 36.905, 39.347, 39.738, 39.612, 39.915, 39.308, 38.722, 40.033, 41.104, 42.286, 43.776, 44.682, 45.181, 46.735, 49.158, 51.367, 52.398, 53.406, 55.033, 56.326, 56.335, 56.679, 58.517, 59.298, 59.088], [69.465, 71.837, 73.611, 75.674, 76.624, 76.351, 76.808, 78.149, 76.945, 75.436, 75.263, 74.831, 73.878, 72.09, 69.792, 68.636, 68.274, 68.809, 68.663, 68.078, 67.151, 66.796, 66.283, 65.102, 65.219, 65.385, 64.449, 63.168, 62.187, 61.901, 61.836, 62.69, 63.294, 61.27, 56.034, 47.422, 38.743, 32.208, 27.88, 25.465, 22.148, 20.214, 18.897, 15.542, 9.892, 4.481, 0.0, 4.972, 9.661, 14.055, 17.124, 17.663, 18.244, 20.363, 21.533, 25.131, 26.131, 27.447, 31.99, 34.148, 35.045, 37.041, 39.415, 39.872, 39.798, 40.144, 39.589, 38.906, 40.138, 41.329, 42.734, 44.32, 45.241, 45.723, 47.237, 49.648, 51.853, 52.881, 53.877, 55.631, 57.073, 57.092, 57.437, 59.289, 60.05, 59.786], [69.498, 71.827, 73.574, 75.609, 76.546, 76.3, 76.791, 78.124, 76.904, 75.405, 75.225, 74.813, 73.973, 72.36, 70.181, 69.011, 68.621, 69.15, 69.024, 68.462, 67.584, 67.221, 66.714, 65.572, 65.668, 65.825, 64.907, 63.643, 62.68, 62.4, 62.339, 63.214, 63.861, 61.88, 56.766, 48.407, 40.009, 33.851, 29.96, 27.504, 23.8, 21.172, 19.28, 15.756, 10.692, 7.536, 4.972, 0.0, 5.775, 11.394, 15.014, 15.653, 16.404, 18.69, 19.763, 23.548, 24.716, 26.026, 30.711, 32.962, 33.884, 35.866, 38.308, 38.815, 38.828, 39.224, 38.794, 38.328, 39.75, 41.218, 42.966, 44.654, 45.518, 46.038, 47.644, 50.156, 52.439, 53.479, 54.363, 55.96, 57.337, 57.396, 57.706, 59.512, 60.299, 60.018], [68.73, 71.066, 72.798, 74.825, 75.758, 75.525, 76.059, 77.419, 76.198, 74.706, 74.516, 74.107, 73.303, 71.833, 69.829, 68.712, 68.331, 68.847, 68.794, 68.384, 67.648, 67.297, 66.812, 65.75, 65.848, 66.031, 65.186, 63.966, 62.979, 62.646, 62.586, 63.499, 64.132, 62.157, 57.183, 49.187, 41.334, 35.762, 32.38, 29.96, 25.95, 22.666, 20.418, 17.1, 12.836, 11.093, 9.661, 5.775, 0.0, 7.052, 11.792, 12.608, 13.556, 16.102, 16.966, 20.945, 22.276, 23.562, 28.589, 30.933, 31.911, 34.102, 36.778, 37.395, 37.486, 37.832, 37.399, 37.18, 38.857, 40.538, 42.543, 44.383, 45.256, 45.823, 47.506, 50.075, 52.404, 53.437, 54.253, 55.731, 57.019, 57.065, 57.5, 59.404, 60.199, 59.867], [67.716, 70.138, 71.94, 74.004, 74.916, 74.689, 75.325, 76.76, 75.553, 74.071, 73.879, 73.49, 72.682, 71.25, 69.376, 68.444, 68.207, 68.734, 68.798, 68.582, 67.937, 67.562, 67.094, 66.035, 66.092, 66.349, 65.593, 64.399, 63.408, 63.047, 62.992, 63.918, 64.505, 62.532, 57.671, 49.999, 42.603, 37.455, 34.415, 32.02, 27.87, 24.578, 22.684, 19.823, 16.228, 15.03, 14.055, 11.394, 7.052, 0.0, 6.391, 7.776, 8.992, 12.163, 13.024, 17.715, 19.28, 20.928, 26.561, 28.983, 30.124, 32.653, 35.52, 36.283, 36.494, 36.871, 36.374, 36.182, 38.018, 39.766, 41.774, 43.645, 44.514, 45.058, 46.734, 49.253, 51.555, 52.558, 53.366, 54.79, 56.071, 56.079, 56.664, 58.891, 59.723, 59.303], [67.059, 69.451, 71.386, 73.37, 74.179, 73.986, 74.609, 75.839, 74.547, 73.131, 72.903, 72.508, 71.76, 70.41, 68.712, 68.033, 68.041, 68.615, 68.696, 68.47, 67.807, 67.398, 66.939, 65.892, 65.914, 66.167, 65.47, 64.379, 63.415, 63.047, 63.023, 63.951, 64.342, 62.412, 57.96, 50.645, 43.245, 38.378, 35.713, 33.262, 28.97, 25.749, 24.184, 21.769, 18.845, 17.816, 17.124, 15.014, 11.792, 6.391, 0.0, 2.269, 3.962, 7.49, 8.577, 13.721, 15.71, 17.898, 23.542, 26.083, 27.355, 29.837, 32.748, 33.763, 34.218, 34.791, 34.6, 34.82, 36.828, 38.491, 40.38, 42.209, 43.058, 43.575, 45.251, 47.785, 50.082, 51.06, 51.891, 53.365, 54.647, 54.684, 55.256, 57.536, 58.499, 58.17], [66.531, 68.907, 70.885, 72.84, 73.611, 73.428, 74.034, 75.184, 73.863, 72.472, 72.227, 71.827, 71.096, 69.769, 68.119, 67.493, 67.549, 68.137, 68.198, 67.941, 67.273, 66.854, 66.398, 65.362, 65.374, 65.621, 64.946, 63.894, 62.932, 62.568, 62.561, 63.512, 63.826, 61.89, 57.602, 50.398, 42.978, 38.212, 35.649, 33.193, 28.953, 25.819, 24.35, 22.123, 19.375, 18.301, 17.663, 15.653, 12.608, 7.776, 2.269, 0.0, 3.058, 6.67, 7.747, 12.661, 14.596, 16.878, 22.479, 25.044, 26.351, 28.904, 31.885, 33.005, 33.515, 34.108, 34.057, 34.459, 36.448, 38.012, 39.879, 41.738, 42.603, 43.12, 44.78, 47.306, 49.581, 50.529, 51.361, 52.85, 54.12, 54.156, 54.724, 56.964, 57.965, 57.699], [66.467, 68.841, 70.842, 72.783, 73.542, 73.349, 73.918, 75.019, 73.707, 72.343, 72.082, 71.654, 70.888, 69.544, 67.913, 67.331, 67.423, 68.009, 68.098, 67.863, 67.213, 66.812, 66.358, 65.325, 65.338, 65.565, 64.855, 63.789, 62.816, 62.429, 62.421, 63.317, 63.515, 61.554, 57.284, 50.139, 42.796, 38.186, 35.841, 33.517, 29.325, 26.221, 24.853, 22.704, 19.969, 18.837, 18.244, 16.404, 13.556, 8.992, 3.962, 3.058, 0.0, 4.505, 6.061, 11.512, 13.64, 15.991, 21.748, 24.515, 25.881, 28.29, 31.274, 32.386, 32.882, 33.528, 33.565, 34.03, 35.98, 37.424, 39.185, 40.995, 41.85, 42.371, 44.069, 46.662, 48.972, 49.935, 50.807, 52.376, 53.697, 53.751, 54.327, 56.554, 57.563, 57.367], [65.197, 67.49, 69.516, 71.381, 72.081, 71.891, 72.382, 73.314, 71.982, 70.681, 70.401, 69.952, 69.182, 67.894, 66.37, 65.898, 66.1, 66.705, 66.807, 66.619, 66.02, 65.616, 65.207, 64.256, 64.27, 64.483, 63.794, 62.779, 61.801, 61.379, 61.372, 62.177, 62.177, 60.259, 56.281, 49.465, 42.394, 38.405, 36.747, 34.597, 30.331, 27.116, 25.812, 24.026, 21.772, 20.86, 20.363, 18.69, 16.102, 12.163, 7.49, 6.67, 4.505, 0.0, 3.018, 8.868, 11.504, 13.882, 19.431, 22.379, 23.941, 26.588, 29.706, 30.9, 31.422, 32.042, 32.205, 32.914, 34.786, 35.955, 37.586, 39.395, 40.274, 40.851, 42.618, 45.305, 47.692, 48.667, 49.557, 51.185, 52.564, 52.686, 53.299, 55.431, 56.477, 56.393], [64.826, 67.101, 69.112, 70.965, 71.664, 71.485, 71.98, 72.891, 71.543, 70.251, 69.966, 69.515, 68.765, 67.529, 66.048, 65.573, 65.783, 66.391, 66.511, 66.386, 65.879, 65.494, 65.092, 64.21, 64.275, 64.516, 63.868, 62.879, 61.872, 61.43, 61.431, 62.256, 62.248, 60.359, 56.489, 49.842, 43.018, 39.314, 37.8, 35.61, 31.279, 27.924, 26.503, 24.744, 22.652, 21.94, 21.533, 19.763, 16.966, 13.024, 8.577, 7.747, 6.061, 3.018, 0.0, 7.2, 10.273, 12.528, 18.2, 21.237, 22.897, 25.764, 29.084, 30.36, 30.912, 31.454, 31.614, 32.447, 34.386, 35.61, 37.362, 39.241, 40.109, 40.711, 42.514, 45.236, 47.654, 48.639, 49.525, 51.113, 52.446, 52.574, 53.232, 55.386, 56.45, 56.363], [61.995, 64.193, 66.363, 68.102, 68.641, 68.481, 68.85, 69.419, 67.98, 66.81, 66.487, 66.04, 65.374, 64.29, 63.07, 62.808, 63.167, 63.804, 63.912, 63.719, 63.245, 62.899, 62.527, 61.741, 61.837, 62.087, 61.593, 60.833, 59.823, 59.336, 59.352, 60.24, 59.943, 58.068, 54.836, 48.833, 42.434, 39.604, 38.838, 36.625, 32.208, 28.821, 27.633, 26.594, 25.396, 25.163, 25.131, 23.548, 20.945, 17.715, 13.721, 12.661, 11.512, 8.868, 7.2, 0.0, 4.991, 7.965, 12.469, 15.595, 17.659, 21.523, 25.497, 27.096, 27.879, 28.404, 28.818, 30.435, 32.41, 33.166, 34.783, 36.832, 37.798, 38.449, 40.292, 43.062, 45.532, 46.525, 47.443, 48.992, 50.255, 50.495, 51.236, 53.155, 54.288, 54.433], [61.105, 63.353, 65.605, 67.369, 67.887, 67.718, 68.127, 68.709, 67.262, 66.128, 65.807, 65.381, 64.718, 63.64, 62.443, 62.2, 62.551, 63.17, 63.27, 63.068, 62.588, 62.239, 61.868, 61.08, 61.221, 61.509, 61.037, 60.304, 59.293, 58.801, 58.839, 59.817, 59.451, 57.473, 54.258, 48.384, 42.17, 39.407, 38.639, 36.435, 32.102, 28.917, 28.004, 27.25, 26.213, 26.046, 26.131, 24.716, 22.276, 19.28, 15.71, 14.596, 13.64, 11.504, 10.273, 4.991, 0.0, 5.238, 10.862, 13.928, 16.076, 20.353, 24.455, 25.974, 26.776, 27.439, 27.957, 29.653, 31.57, 32.04, 33.472, 35.566, 36.652, 37.336, 39.157, 41.954, 44.437, 45.363, 46.192, 47.702, 48.989, 49.243, 50.001, 51.979, 53.149, 53.407], [59.437, 61.616, 63.759, 65.461, 66.023, 65.879, 66.339, 67.005, 65.515, 64.326, 64.027, 63.609, 62.948, 61.885, 60.692, 60.403, 60.719, 61.333, 61.444, 61.276, 60.845, 60.52, 60.169, 59.502, 59.71, 59.979, 59.506, 58.782, 57.757, 57.243, 57.279, 58.259, 57.97, 56.066, 52.965, 47.383, 41.68, 39.579, 39.2, 37.118, 32.889, 29.691, 28.743, 28.176, 27.287, 27.241, 27.447, 26.026, 23.562, 20.928, 17.898, 16.878, 15.991, 13.882, 12.528, 7.965, 5.238, 0.0, 8.534, 12.445, 14.627, 19.291, 23.503, 24.857, 25.328, 25.667, 26.034, 27.813, 29.667, 30.145, 31.772, 34.074, 35.241, 36.025, 37.9, 40.766, 43.341, 44.259, 44.99, 46.38, 47.589, 47.838, 48.562, 50.544, 51.786, 52.019], [58.281, 60.122, 62.372, 63.791, 64.039, 63.913, 64.07, 64.08, 62.459, 61.454, 61.11, 60.693, 60.17, 59.368, 58.595, 58.664, 59.227, 59.884, 59.973, 59.664, 59.163, 58.813, 58.516, 58.039, 58.324, 58.605, 58.355, 57.962, 56.962, 56.426, 56.465, 57.33, 56.635, 54.994, 53.063, 48.414, 42.906, 41.639, 42.105, 40.084, 35.959, 32.933, 32.248, 32.149, 31.721, 31.641, 31.99, 30.711, 28.589, 26.561, 23.542, 22.479, 21.748, 19.431, 18.2, 12.469, 10.862, 8.534, 0.0, 5.294, 8.746, 15.415, 20.542, 22.54, 23.472, 23.81, 24.516, 27.132, 28.942, 29.185, 30.968, 33.485, 34.682, 35.542, 37.446, 40.247, 42.79, 43.788, 44.737, 46.216, 47.285, 47.662, 48.427, 49.859, 51.04, 51.515], [58.124, 59.872, 62.218, 63.57, 63.68, 63.552, 63.611, 63.358, 61.685, 60.777, 60.44, 60.049, 59.586, 58.887, 58.276, 58.491, 59.164, 59.84, 59.927, 59.587, 59.057, 58.686, 58.414, 57.971, 58.267, 58.64, 58.596, 58.391, 57.396, 56.845, 56.88, 57.755, 56.879, 55.324, 53.878, 49.63, 44.22, 43.111, 43.729, 41.