[[0.0, 5.399, 11.711, 18.899, 21.725, 25.426, 30.06, 33.455, 34.529, 35.42, 38.638, 40.744, 42.658, 44.371, 43.994, 44.659, 45.103, 44.755, 45.455, 45.883, 49.779, 51.178, 48.734, 48.219, 48.432, 48.469, 50.713, 52.43, 52.951, 52.521, 52.56, 54.382, 54.451, 54.785, 54.83, 54.774, 55.147, 57.654, 62.179, 63.531, 61.72, 60.672, 60.269, 59.723, 59.935, 60.09, 58.449, 57.274, 60.373, 63.185, 63.768, 63.851, 65.314, 67.432, 66.211, 65.275, 65.427, 65.134, 64.527, 64.411, 63.35, 61.385, 61.066, 60.797, 61.294, 61.405, 63.102, 63.038, 63.062, 63.08, 62.771, 62.293, 60.494, 58.75, 56.168, 55.722, 55.343, 53.449, 53.419, 52.428, 51.542, 50.328, 48.93, 47.247, 47.253, 47.219], [5.399, 0.0, 8.426, 16.996, 20.08, 23.799, 28.523, 32.077, 33.265, 34.14, 37.37, 39.595, 41.757, 43.585, 43.232, 43.879, 44.323, 44.056, 44.78, 45.246, 49.262, 50.693, 48.181, 47.613, 47.776, 47.779, 50.023, 51.778, 52.287, 51.819, 51.876, 53.729, 53.814, 54.161, 54.4, 54.695, 55.309, 57.881, 62.382, 63.761, 61.999, 60.948, 60.502, 59.934, 60.145, 60.287, 58.592, 57.351, 60.43, 63.26, 63.85, 63.912, 65.349, 67.402, 66.113, 65.165, 65.314, 64.996, 64.383, 64.279, 63.241, 61.273, 60.962, 60.7, 61.178, 61.299, 62.977, 62.897, 62.906, 62.922, 62.619, 62.128, 60.281, 58.469, 55.876, 55.429, 55.125, 53.292, 53.207, 52.233, 51.295, 49.963, 48.541, 46.885, 46.895, 46.848], [11.711, 8.426, 0.0, 10.354, 15.546, 20.371, 25.616, 29.514, 30.939, 31.652, 34.594, 37.111, 39.866, 42.106, 41.786, 42.421, 43.112, 43.236, 44.129, 44.663, 48.723, 50.199, 47.569, 46.943, 47.038, 46.943, 49.141, 50.806, 51.322, 50.786, 50.957, 53.079, 53.373, 53.759, 53.893, 54.414, 55.731, 58.764, 63.208, 64.652, 63.034, 61.981, 61.457, 60.826, 61.008, 61.122, 59.388, 58.242, 61.397, 64.142, 64.713, 64.767, 66.167, 68.302, 67.146, 66.163, 66.257, 65.903, 65.314, 65.242, 64.274, 62.4, 62.123, 61.997, 62.494, 62.598, 64.217, 64.129, 64.16, 64.181, 63.909, 63.48, 61.7, 59.808, 57.091, 56.665, 56.394, 54.738, 54.706, 53.73, 52.861, 51.304, 49.655, 48.118, 48.148, 48.113], [18.899, 16.996, 10.354, 0.0, 8.693, 16.455, 22.636, 26.629, 28.209, 28.665, 30.942, 33.677, 37.068, 39.831, 39.703, 40.272, 41.157, 41.797, 42.993, 43.83, 48.032, 49.466, 46.853, 46.264, 46.303, 46.115, 48.358, 49.982, 50.454, 49.856, 50.101, 52.442, 52.956, 53.392, 53.382, 53.864, 55.714, 59.499, 64.028, 65.476, 63.939, 62.888, 62.337, 61.675, 61.816, 61.905, 60.206, 59.236, 62.492, 65.149, 65.683, 65.728, 67.075, 69.172, 68.165, 67.211, 67.236, 66.865, 66.309, 66.259, 65.284, 63.563, 63.307, 63.266, 63.761, 63.848, 65.34, 65.222, 65.247, 65.268, 65.047, 64.702, 63.014, 61.147, 58.566, 58.196, 57.981, 56.65, 56.693, 55.875, 55.156, 53.478, 51.637, 50.347, 50.394, 50.415], [21.725, 20.08, 15.546, 8.693, 0.0, 10.07, 17.725, 22.032, 23.613, 24.233, 26.774, 29.607, 33.263, 36.312, 36.348, 36.953, 37.932, 38.843, 40.279, 41.579, 46.142, 47.496, 44.927, 44.44, 44.472, 44.249, 46.607, 48.435, 48.908, 48.279, 48.472, 50.826, 51.343, 51.764, 51.79, 52.304, 54.111, 58.186, 63.235, 64.891, 63.366, 62.385, 61.927, 61.288, 61.427, 61.597, 60.047, 59.029, 62.079, 64.728, 65.25, 65.241, 66.53, 68.412, 67.218, 66.269, 66.335, 66.037, 65.464, 65.386, 64.427, 62.775, 62.498, 62.349, 62.79, 62.909, 64.509, 64.438, 64.39, 64.387, 64.172, 63.759, 61.974, 60.172, 57.842, 57.496, 57.332, 56.155, 56.187, 55.485, 54.808, 53.333, 51.949, 50.991, 51.03, 51.097], [25.426, 23.799, 20.371, 16.455, 10.07, 0.0, 9.017, 14.512, 16.503, 17.496, 21.029, 24.098, 27.705, 30.959, 31.189, 31.826, 32.939, 34.11, 35.62, 37.292, 42.193, 43.585, 41.14, 40.789, 40.833, 40.589, 42.853, 44.787, 45.29, 44.664, 44.858, 47.195, 47.747, 48.149, 48.223, 48.95, 50.921, 54.975, 60.302, 62.455, 61.332, 60.55, 60.167, 59.55, 59.693, 60.007, 58.767, 57.717, 60.274, 62.751, 63.277, 63.176, 64.343, 66.064, 64.792, 63.848, 63.992, 63.841, 63.331, 63.275, 62.445, 60.897, 60.626, 60.441, 60.857, 60.95, 62.675, 62.745, 62.681, 62.66, 62.458, 62.015, 60.216, 58.464, 56.265, 55.951, 55.765, 54.642, 54.654, 53.95, 53.24, 52.001, 51.52, 51.328, 51.388, 51.484], [30.06, 28.523, 25.616, 22.636, 17.725, 9.017, 0.0, 6.895, 9.812, 11.024, 15.504, 18.934, 22.241, 25.498, 26.004, 26.64, 27.86, 29.451, 31.094, 32.959, 38.164, 39.718, 37.536, 37.406, 37.485, 37.201, 39.189, 41.067, 41.568, 40.946, 41.172, 43.454, 44.131, 44.567, 44.706, 45.75, 48.078, 52.129, 57.281, 59.767, 59.244, 58.766, 58.442, 57.826, 57.971, 58.367, 57.463, 56.566, 58.732, 60.998, 61.526, 61.297, 62.232, 63.838, 62.724, 61.838, 61.998, 61.932, 61.508, 61.498, 60.813, 59.412, 59.199, 59.174, 59.614, 59.659, 61.34, 61.499, 61.467, 61.448, 61.274, 60.882, 59.176, 57.402, 55.245, 54.976, 54.742, 53.717, 53.722, 53.028, 52.302, 51.156, 51.375, 51.988, 52.086, 52.205], [33.455, 32.077, 29.514, 26.629, 22.032, 14.512, 6.895, 0.0, 3.965, 5.662, 11.093, 14.759, 17.888, 21.231, 21.944, 22.627, 24.06, 26.043, 27.841, 29.961, 35.45, 37.062, 35.109, 35.266, 35.427, 35.082, 36.904, 38.793, 39.282, 38.673, 38.941, 41.214, 41.986, 42.432, 42.619, 43.894, 46.389, 50.451, 55.591, 58.203, 57.957, 57.756, 57.564, 56.937, 57.075, 57.56, 56.877, 56.184, 58.297, 60.506, 61.028, 60.731, 61.452, 62.89, 61.899, 61.067, 61.213, 61.169, 60.791, 60.804, 60.201, 58.932, 58.77, 58.904, 59.357, 59.403, 61.032, 61.22, 61.21, 61.187, 61.029, 60.661, 58.964, 57.089, 54.953, 54.725, 54.464, 53.57, 53.597, 52.95, 52.281, 51.212, 51.739, 52.776, 52.897, 53.027], [34.529, 33.265, 30.939, 28.209, 23.613, 16.503, 9.812, 3.965, 0.0, 3.617, 10.356, 13.697, 16.318, 19.505, 20.159, 20.904, 22.454, 24.618, 26.391, 28.709, 34.465, 36.037, 34.033, 34.181, 34.357, 34.014, 35.935, 37.972, 38.481, 37.885, 38.15, 40.434, 41.204, 41.628, 41.811, 43.138, 45.666, 49.771, 55.017, 57.652, 57.441, 57.4, 57.381, 56.802, 56.924, 57.469, 56.906, 56.297, 58.373, 60.565, 61.076, 60.744, 61.393, 62.7, 61.63, 60.803, 60.981, 60.97, 60.578, 60.573, 60.001, 58.769, 58.625, 58.792, 59.246, 59.299, 60.962, 61.169, 61.15, 61.125, 60.97, 60.589, 58.855, 56.962, 54.874, 54.661, 54.399, 53.537, 53.576, 52.948, 52.322, 51.353, 52.013, 53.127, 53.246, 53.36], [35.42, 34.14, 31.652, 28.665, 24.233, 17.496, 11.024, 5.662, 3.617, 0.0, 7.748, 11.72, 14.801, 18.423, 19.284, 20.043, 21.653, 24.053, 25.991, 28.414, 34.267, 35.886, 33.972, 34.15, 34.344, 33.984, 35.847, 37.891, 38.394, 37.832, 38.139, 40.402, 41.218, 41.651, 41.847, 43.211, 45.835, 49.966, 55.099, 57.71, 57.552, 57.544, 57.556, 57.036, 57.202, 57.749, 57.232, 56.693, 58.812, 60.999, 61.512, 61.122, 61.65, 62.86, 61.788, 60.961, 61.106, 61.081, 60.693, 60.71, 60.145, 58.926, 58.8, 58.998, 59.431, 59.482, 61.095, 61.296, 61.288, 61.264, 61.113, 60.738, 59.023, 57.096, 54.991, 54.774, 54.513, 53.693, 53.709, 53.124, 52.509, 51.483, 52.053, 53.175, 53.294, 53.416], [38.638, 37.37, 34.594, 30.942, 26.774, 21.029, 15.504, 11.093, 10.356, 7.748, 0.0, 5.933, 11.972, 17.483, 18.98, 19.702, 21.419, 24.099, 26.417, 29.006, 34.468, 35.879, 34.431, 35.015, 35.298, 34.927, 36.482, 38.294, 38.708, 38.225, 38.646, 40.85, 41.769, 42.193, 42.438, 43.889, 46.678, 50.825, 55.727, 58.337, 58.295, 58.311, 58.268, 57.733, 58.004, 58.597, 58.074, 57.676, 60.001, 62.17, 62.648, 62.291, 62.689, 63.781, 62.937, 62.173, 62.153, 62.002, 61.623, 61.652, 61.077, 59.913, 59.779, 60.007, 60.402, 60.479, 61.939, 62.121, 62.132, 62.091, 61.93, 61.598, 59.987, 57.982, 55.849, 55.639, 55.37, 54.768, 54.751, 54.302, 53.777, 52.535, 52.786, 53.958, 54.117, 54.227], [40.744, 39.595, 37.111, 33.677, 29.607, 24.098, 18.934, 14.759, 13.697, 11.72, 5.933, 0.0, 8.148, 15.041, 16.972, 17.734, 19.487, 22.099, 24.572, 27.338, 32.523, 33.683, 32.528, 33.435, 33.825, 33.493, 34.935, 36.738, 37.101, 36.709, 37.203, 39.311, 40.224, 40.621, 40.943, 42.487, 45.291, 49.413, 54.398, 57.143, 57.219, 57.405, 57.508, 56.997, 57.316, 58.114, 57.809, 57.531, 59.835, 61.985, 62.458, 62.109, 62.438, 63.448, 62.799, 62.159, 62.106, 61.924, 61.53, 61.514, 61.003, 59.947, 59.827, 60.051, 60.418, 60.506, 61.924, 62.139, 62.158, 62.101, 61.93, 61.6, 60.021, 58.015, 55.966, 55.772, 55.453, 54.886, 54.841, 54.465, 53.952, 52.706, 53.044, 54.361, 54.549, 54.629], [42.658, 41.757, 39.866, 37.068, 33.263, 27.705, 22.241, 17.888, 16.318, 14.801, 11.972, 8.148, 0.0, 7.908, 10.824, 11.843, 13.959, 16.874, 19.42, 22.369, 27.731, 28.897, 27.96, 28.95, 29.369, 29.109, 30.35, 32.234, 32.636, 32.377, 32.897, 34.823, 35.7, 36.078, 36.422, 38.021, 40.801, 44.805, 49.679, 52.57, 52.978, 53.472, 53.825, 53.467, 53.828, 54.875, 55.297, 55.449, 57.41, 59.367, 59.85, 59.382, 59.507, 60.442, 60.071, 59.617, 59.631, 59.6, 59.282, 59.241, 58.919, 58.111, 58.093, 58.42, 58.782, 58.772, 60.102, 60.393, 60.437, 60.369, 60.207, 59.932, 58.564, 56.809, 54.958, 54.81, 54.428, 53.849, 53.804, 53.462, 52.942, 51.896, 52.882, 54.757, 54.975, 55.112], [44.371, 43.585, 42.106, 39.831, 36.312, 30.959, 25.498, 21.231, 19.505, 18.423, 17.483, 15.041, 7.908, 0.0, 4.659, 6.426, 9.202, 12.812, 15.521, 18.925, 24.771, 26.153, 25.325, 26.107, 26.361, 26.094, 27.197, 29.293, 29.754, 29.594, 30.044, 31.753, 32.55, 32.841, 33.213, 34.865, 37.594, 41.537, 46.347, 49.318, 50.02, 50.803, 51.348, 51.097, 51.467, 52.579, 53.591, 54.362, 56.104, 57.866, 58.342, 57.71, 57.677, 58.491, 58.204, 57.841, 57.894, 57.952, 57.694, 57.664, 57.495, 56.86, 56.929, 57.314, 57.659, 57.588, 58.852, 59.198, 59.242, 59.156, 59.001, 58.761, 57.545, 56.038, 54.437, 54.352, 53.952, 53.377, 53.334, 53.034, 52.49, 51.575, 53.067, 55.345, 55.581, 55.772], [43.994, 43.232, 41.786, 39.703, 36.348, 31.189, 26.004, 21.944, 20.159, 19.284, 18.98, 16.972, 10.824, 4.659, 0.0, 3.508, 7.107, 10.98, 14.021, 17.972, 24.434, 25.949, 24.984, 25.618, 25.784, 25.487, 26.788, 29.132, 29.645, 29.479, 29.89, 31.639, 32.34, 32.549, 32.9, 34.5, 37.226, 41.28, 46.373, 49.439, 50.091, 50.917, 51.533, 51.281, 51.638, 52.752, 53.772, 54.725, 56.618, 58.406, 58.887, 58.247, 58.234, 59.052, 58.636, 58.212, 58.261, 58.306, 58.031, 57.995, 57.823, 57.124, 57.2, 57.574, 57.93, 57.892, 59.245, 59.605, 59.63, 59.54, 59.378, 59.118, 57.832, 56.293, 54.688, 54.614, 54.236, 53.631, 53.598, 53.288, 52.723, 51.793, 53.231, 55.346, 55.568, 55.733], [44.659, 43.879, 42.421, 40.272, 36.953, 31.826, 26.64, 22.627, 20.904, 20.043, 19.702, 17.734, 11.843, 6.426, 3.508, 0.0, 5.198, 10.21, 13.527, 17.716, 24.322, 25.816, 24.952, 25.666, 25.833, 25.542, 26.822, 29.171, 29.661, 29.451, 29.822, 31.498, 32.141, 32.334, 32.771, 34.45, 37.236, 41.307, 46.348, 49.423, 50.122, 50.956, 51.57, 51.312, 51.673, 52.802, 53.849, 54.837, 56.733, 58.53, 59.014, 58.345, 58.307, 59.086, 58.676, 58.262, 58.294, 58.337, 58.069, 58.041, 57.876, 57.184, 57.271, 57.664, 58.024, 57.983, 59.324, 59.689, 59.713, 59.62, 59.459, 59.205, 57.931, 56.381, 54.779, 54.716, 54.358, 53.785, 53.74, 53.447, 52.881, 51.94, 53.385, 55.519, 55.744, 55.907], [45.103, 44.323, 43.112, 41.157, 37.932, 32.939, 27.86, 24.06, 22.454, 21.653, 21.419, 19.487, 13.959, 9.202, 7.107, 5.198, 0.0, 6.915, 11.452, 15.928, 23.062, 24.754, 24.097, 24.88, 25.125, 24.997, 26.445, 29.021, 29.468, 29.322, 29.625, 31.034, 31.493, 31.657, 32.274, 33.951, 36.591, 40.703, 45.871, 48.997, 49.706, 50.572, 51.247, 51.053, 51.466, 52.656, 53.72, 54.708, 56.63, 58.503, 59.136, 58.517, 58.484, 59.281, 58.827, 58.445, 58.566, 58.661, 58.361, 58.311, 58.092, 57.32, 57.397, 57.712, 58.049, 58.008, 59.317, 59.667, 59.651, 59.563, 59.379, 59.06, 57.747, 56.249, 54.798, 54.764, 54.398, 53.788, 53.689, 53.434, 52.852, 51.942, 53.367, 55.394, 55.593, 55.723], [44.755, 44.056, 43.236, 41.797, 38.843, 34.11, 29.451, 26.043, 24.618, 24.053, 24.099, 22.099, 16.874, 12.812, 10.98, 10.21, 6.915, 0.0, 7.093, 12.896, 20.328, 22.349, 21.806, 22.578, 22.878, 22.929, 24.586, 27.353, 27.817, 27.879, 28.163, 29.426, 29.861, 30.085, 30.807, 32.251, 34.479, 38.369, 43.789, 47.075, 47.689, 48.585, 49.381, 49.255, 49.733, 51.054, 52.176, 53.193, 55.274, 57.222, 57.968, 57.712, 57.859, 58.756, 58.474, 58.196, 58.395, 58.51, 58.297, 58.262, 57.985, 57.183, 57.218, 57.478, 57.826, 57.739, 58.924, 59.234, 59.218, 59.146, 58.932, 58.611, 57.349, 55.961, 54.682, 54.664, 54.271, 53.507, 53.358, 53.108, 52.459, 51.588, 52.948, 54.825, 55.025, 55.085], [45.455, 44.78, 44.129, 42.993, 40.279, 35.62, 31.094, 27.841, 26.391, 25.991, 26.417, 24.572, 19.42, 15.521, 14.021, 13.527, 11.452, 7.093, 0.0, 9.301, 18.712, 20.667, 20.048, 20.865, 21.024, 20.941, 22.822, 25.831, 26.291, 26.47, 26.842, 28.289, 29.021, 29.373, 30.111, 31.484, 33.501, 36.975, 42.153, 45.471, 46.138, 47.15, 48.054, 47.97, 48.412, 49.737, 50.953, 52.035, 54.151, 56.088, 56.77, 56.667, 57.158, 58.031, 57.687, 57.475, 57.75, 57.903, 57.78, 57.801, 57.513, 56.719, 56.756, 57.048, 57.42, 57.238, 58.252, 58.508, 58.512, 58.446, 58.225, 57.977, 56.811, 55.432, 54.216, 54.207, 53.819, 53.096, 52.958, 52.711, 52.072, 51.272, 52.705, 54.648, 54.864, 54.866], [45.883, 45.246, 44.663, 43.83, 41.579, 37.292, 32.959, 29.961, 28.709, 28.414, 29.006, 27.338, 22.369, 18.925, 17.972, 17.716, 15.928, 12.896, 9.301, 0.0, 11.884, 15.181, 15.225, 17.271, 18.146, 18.296, 19.641, 22.44, 22.967, 23.21, 23.46, 24.665, 25.446, 25.868, 26.693, 28.141, 30.036, 33.463, 38.8, 42.314, 43.037, 44.132, 45.101, 44.943, 45.323, 46.785, 48.174, 49.469, 51.776, 53.878, 54.785, 54.628, 55.342, 57.154, 57.542, 57.421, 57.668, 57.757, 57.622, 57.609, 57.371, 56.708, 56.75, 57.08, 57.477, 57.252, 58.128, 58.375, 58.434, 58.39, 58.174, 57.917, 56.723, 55.131, 53.728, 53.742, 53.247, 52.446, 52.336, 52.026, 51.332, 50.394, 51.782, 53.882, 54.078, 54.064], [49.779, 49.262, 48.723, 48.032, 46.142, 42.193, 38.164, 35.45, 34.465, 34.267, 34.468, 32.523, 27.731, 24.771, 24.434, 24.322, 23.062, 20.328, 18.712, 11.884, 0.0, 6.429, 10.516, 15.077, 17.072, 17.84, 17.281, 18.234, 18.569, 19.066, 19.121, 19.532, 20.364, 20.72, 21.395, 22.893, 24.773, 28.045, 33.492, 37.305, 38.264, 39.64, 40.766, 40.43, 40.757, 42.671, 44.555, 46.424, 48.801, 50.841, 51.942, 51.995, 52.777, 55.564, 57.701, 58.057, 58.085, 57.953, 57.851, 57.756, 57.665, 57.509, 57.564, 57.965, 58.365, 58.082, 58.711, 59.03, 59.226, 59.204, 58.988, 58.793, 57.92, 56.49, 55.033, 55.071, 54.396, 53.463, 53.405, 53.063, 52.348, 51.29, 52.842, 55.541, 55.788, 55.817], [51.178, 50.693, 50.199, 49.466, 47.496, 43.585, 39.718, 37.062, 36.037, 35.886, 35.879, 33.683, 28.897, 26.153, 25.949, 25.816, 24.754, 22.349, 20.667, 15.181, 6.429, 0.0, 7.8, 13.868, 16.12, 17.062, 16.282, 16.915, 16.968, 17.496, 17.745, 18.078, 18.952, 19.24, 19.904, 21.551, 23.512, 26.739, 32.09, 35.88, 36.936, 38.483, 39.697, 39.317, 39.672, 41.751, 43.724, 45.698, 48.061, 50.03, 51.047, 51.134, 52.075, 54.808, 57.245, 57.917, 57.978, 57.777, 57.596, 57.456, 57.415, 57.429, 57.521, 57.808, 58.149, 57.818, 58.343, 58.687, 58.903, 58.875, 58.637, 58.465, 57.804, 56.51, 55.027, 55.041, 54.372, 53.543, 53.482, 53.177, 52.549, 51.503, 53.161, 56.021, 56.274, 56.317], [48.734, 48.181, 47.569, 46.853, 44.927, 41.14, 37.536, 35.109, 34.033, 33.972, 34.431, 32.528, 27.96, 25.325, 24.984, 24.952, 24.097, 21.806, 20.048, 15.225, 10.516, 7.8, 0.0, 7.125, 9.993, 11.247, 11.848, 13.839, 14.208, 14.451, 15.012, 16.501, 17.51, 17.983, 18.575, 20.081, 22.384, 26.417, 32.284, 36.041, 36.878, 38.157, 39.29, 38.972, 39.352, 41.318, 43.014, 44.678, 47.145, 49.299, 50.264, 50.323, 51.509, 54.335, 56.229, 56.813, 57.175, 57.13, 56.83, 56.633, 56.585, 56.487, 56.585, 56.815, 57.187, 56.827, 57.493, 57.793, 57.982, 57.965, 57.719, 57.547, 56.905, 55.792, 54.281, 54.209, 53.614, 52.7, 52.649, 52.296, 51.676, 50.696, 52.278, 54.823, 55.043, 55.07], [48.219, 47.613, 46.943, 46.264, 44.44, 40.789, 37.406, 35.266, 34.181, 34.15, 35.015, 33.435, 28.95, 26.107, 25.618, 25.666, 24.88, 22.578, 20.865, 17.271, 15.077, 13.868, 7.125, 0.0, 3.802, 6.04, 8.732, 12.15, 12.827, 12.997, 13.669, 15.879, 16.94, 17.504, 17.927, 19.055, 21.636, 26.327, 32.343, 36.061, 36.845, 37.907, 38.999, 38.877, 39.35, 41.195, 42.795, 44.252, 46.594, 48.785, 49.727, 49.816, 51.125, 53.883, 55.376, 55.857, 56.408, 56.594, 56.276, 56.036, 55.994, 55.834, 55.932, 56.167, 56.582, 56.176, 56.935, 57.209, 57.372, 57.37, 57.129, 56.968, 56.401, 55.629, 54.333, 54.229, 53.675, 52.605, 52.536, 52.18, 51.533, 50.699, 52.366, 54.781, 54.993, 55.015], [48.432, 47.776, 47.038, 46.303, 44.472, 40.833, 37.485, 35.427, 34.357, 34.344, 35.298, 33.825, 29.369, 26.361, 25.784, 25.833, 25.125, 22.878, 21.024, 18.146, 17.072, 16.12, 9.993, 3.802, 0.0, 3.578, 7.597, 11.517, 12.186, 12.376, 13.114, 15.519, 16.694, 17.343, 17.79, 18.899, 21.692, 26.605, 32.506, 36.189, 37.02, 38.015, 39.043, 38.993, 39.521, 41.257, 42.801, 44.217, 46.482, 48.614, 49.523, 49.689, 51.101, 53.709, 55.01, 55.459, 56.036, 56.283, 56.014, 55.788, 55.755, 55.6, 55.715, 55.932, 56.338, 55.898, 56.637, 56.893, 57.037, 57.038, 56.799, 56.648, 56.123, 55.463, 54.259, 54.15, 53.616, 52.533, 52.44, 52.107, 51.459, 50.655, 52.371, 54.77, 54.983, 55.01], [48.469, 47.779, 46.943, 46.115, 44.249, 40.589, 37.201, 35.082, 34.014, 33.984, 34.927, 33.493, 29.109, 26.094, 25.487, 25.542, 24.997, 22.929, 20.941, 18.296, 17.84, 17.062, 11.247, 6.04, 3.578, 0.0, 6.043, 10.922, 11.682, 11.884, 12.793, 15.635, 17.043, 17.757, 18.193, 19.378, 22.256, 27.211, 33.216, 36.919, 37.734, 38.726, 39.708, 39.612, 40.144, 41.832, 43.241, 44.483, 46.709, 48.865, 49.733, 49.825, 51.22, 53.705, 54.813, 55.206, 55.831, 56.119, 55.827, 55.637, 55.637, 55.458, 55.592, 55.842, 56.249, 55.836, 56.641, 56.898, 57.042, 57.042, 56.801, 56.636, 55.999, 55.288, 54.122, 54.002, 53.464, 52.379, 52.281, 51.947, 51.308, 50.597, 52.377, 54.752, 54.965, 54.997], [50.713, 50.023, 49.141, 48.358, 46.607, 42.853, 39.189, 36.904, 35.935, 35.847, 36.482, 34.935, 30.35, 27.197, 26.788, 26.822, 26.445, 24.586, 22.822, 19.641, 17.281, 16.282, 11.848, 8.732, 7.597, 6.043, 0.0, 6.117, 7.515, 8.13, 9.223, 12.096, 13.98, 14.762, 15.186, 16.763, 20.034, 24.747, 30.416, 34.386, 35.648, 36.821, 37.759, 37.589, 38.184, 39.995, 41.702, 43.212, 45.228, 47.19, 48.061, 48.078, 49.318, 52.011, 53.75, 54.34, 54.88, 55.173, 54.963, 54.792, 55.015, 55.079, 55.252, 55.62, 56.044, 55.565, 56.21, 56.519, 56.725, 56.716, 56.474, 56.4, 55.974, 55.297, 54.085, 53.996, 53.399, 52.383, 52.293, 51.975, 51.354, 50.6, 52.673, 55.501, 55.745, 55.847], [52.43, 51.778, 50.806, 49.982, 48.435, 44.787, 41.067, 38.793, 37.972, 37.891, 38.294, 36.738, 32.234, 29.293, 29.132, 29.171, 29.021, 27.353, 25.831, 22.44, 18.234, 16.915, 13.839, 12.15, 11.517, 10.922, 6.117, 0.0, 2.866, 4.422, 5.856, 9.171, 11.911, 12.913, 12.774, 14.411, 18.198, 22.67, 27.592, 31.574, 33.21, 34.445, 35.243, 34.947, 35.524, 37.412, 39.361, 41.224, 43.267, 45.043, 45.908, 46.089, 47.374, 50.492, 53.123, 53.951, 54.302, 54.483, 54.438, 54.287, 54.616, 55.054, 55.261, 55.742, 56.203, 55.639, 56.074, 56.407, 56.736, 56.734, 56.511, 56.619, 56.545, 55.991, 54.627, 54.531, 53.868, 52.807, 52.761, 52.431, 51.816, 50.938, 53.072, 56.293, 56.582, 56.713], [52.951, 52.287, 51.322, 50.454, 48.908, 45.29, 41.568, 39.282, 38.481, 38.394, 38.708, 37.101, 32.636, 29.754, 29.645, 29.661, 29.468, 27.817, 26.291, 22.967, 18.569, 16.968, 14.208, 12.827, 12.186, 11.682, 7.515, 2.866, 0.0, 2.91, 4.96, 8.405, 11.438, 12.536, 12.449, 14.194, 18.059, 22.595, 27.471, 31.479, 33.184, 34.448, 35.241, 34.923, 35.485, 37.389, 39.306, 41.205, 43.318, 45.108, 45.982, 46.199, 47.508, 50.563, 53.254, 54.11, 54.436, 54.6, 54.604, 54.489, 54.779, 55.275, 55.5, 55.932, 56.357, 55.805, 56.203, 56.535, 56.876, 56.889, 56.669, 56.77, 56.689, 56.103, 54.736, 54.648, 53.979, 52.916, 52.855, 52.536, 51.91, 50.99, 53.084, 56.356, 56.649, 56.777], [52.521, 51.819, 50.786, 49.856, 48.279, 44.664, 40.946, 38.673, 37.885, 37.832, 38.225, 36.709, 32.377, 29.594, 29.479, 29.451, 29.322, 27.879, 26.47, 23.21, 19.066, 17.496, 14.451, 12.997, 12.376, 11.884, 8.13, 4.422, 2.91, 0.0, 3.123, 7.708, 10.79, 11.966, 11.911, 13.924, 18.026, 22.791, 27.825, 31.808, 33.449, 34.618, 35.314, 34.908, 35.397, 37.272, 39.092, 40.963, 43.16, 45.038, 45.916, 46.06, 47.343, 50.429, 53.045, 53.844, 54.164, 54.314, 54.295, 54.173, 54.479, 54.982, 55.221, 55.707, 56.155, 55.639, 56.14, 56.491, 56.831, 56.844, 56.636, 56.735, 56.613, 55.971, 54.538, 54.444, 53.801, 52.756, 52.709, 52.376, 51.76, 50.819, 52.891, 56.144, 56.434, 56.582], [52.56, 51.876, 50.957, 50.101, 48.472, 44.858, 41.172, 38.941, 38.15, 38.139, 38.646, 37.203, 32.897, 30.044, 29.89, 29.822, 29.625, 28.163, 26.842, 23.46, 19.121, 17.745, 15.012, 13.669, 13.114, 12.793, 9.223, 5.856, 4.96, 3.123, 0.0, 5.539, 8.841, 10.144, 10.166, 12.434, 16.617, 21.489, 26.693, 30.732, 32.352, 33.501, 34.182, 33.742, 34.199, 36.081, 37.96, 39.956, 42.212, 44.135, 45.05, 45.166, 46.442, 49.624, 52.346, 53.157, 53.428, 53.549, 53.547, 53.424, 53.752, 54.324, 54.589, 55.119, 55.601, 55.082, 55.589, 55.96, 56.306, 56.308, 56.103, 56.228, 56.153, 55.549, 54.15, 54.077, 53.439, 52.374, 52.332, 52.023, 51.388, 50.428, 52.536, 55.862, 56.155, 56.322], [54.382, 53.729, 53.079, 52.442, 50.826, 47.195, 43.454, 41.214, 40.434, 40.402, 40.85, 39.311, 34.823, 31.753, 31.639, 31.498, 31.034, 29.426, 28.289, 24.665, 19.532, 18.078, 16.501, 15.879, 15.519, 15.635, 12.096, 9.171, 8.405, 7.708, 5.539, 0.0, 4.349, 6.184, 7.348, 10.736, 14.852, 19.324, 24.245, 28.534, 30.497, 31.849, 32.628, 32.234, 32.732, 34.718, 36.894, 39.188, 41.32, 43.166, 44.197, 44.293, 45.491, 48.723, 51.769, 52.726, 52.962, 53.069, 53.15, 53.037, 53.402, 54.102, 54.409, 54.911, 55.336, 54.795, 55.132, 55.517, 55.846, 55.834, 55.634, 55.751, 55.802, 55.284, 53.993, 53.976, 53.325, 52.285, 52.198, 51.962, 51.294, 50.267, 52.511, 56.087, 56.374, 56.577], [54.451, 53.814, 53.373, 52.956, 51.343, 47.747, 44.131, 41.986, 41.204, 41.218, 41.769, 40.224, 35.7, 32.55, 32.34, 32.141, 31.493, 29.861, 29.021, 25.446, 20.364, 18.952, 17.51, 16.94, 16.694, 17.043, 13.98, 11.911, 11.438, 10.79, 8.841, 4.349, 0.0, 2.89, 5.96, 10.133, 14.007, 18.471, 23.684, 28.006, 29.863, 31.203, 32.014, 31.635, 32.151, 34.254, 36.552, 38.864, 40.91, 42.828, 43.934, 43.938, 45.074, 48.326, 51.33, 52.292, 52.529, 52.659, 52.712, 52.538, 52.926, 53.632, 53.962, 54.439, 54.835, 54.351, 54.81, 55.236, 55.533, 55.509, 55.308, 55.384, 55.406, 54.918, 53.651, 53.633, 52.971, 51.869, 51.757, 51.519, 50.811, 49.819, 52.191, 55.777, 56.046, 56.25], [54.785, 54.161, 53.759, 53.392, 51.764, 48.149, 44.567, 42.432, 41.628, 41.651, 42.193, 40.621, 36.078, 32.841, 32.549, 32.334, 31.657, 30.085, 29.373, 25.868, 20.72, 19.24, 17.983, 17.504, 17.343, 17.757, 14.762, 12.913, 12.536, 11.966, 10.144, 6.184, 2.89, 0.0, 4.589, 9.424, 13.392, 18.021, 23.487, 27.917, 29.822, 31.243, 32.108, 31.694, 32.209, 34.398, 36.8, 39.222, 41.213, 43.101, 44.186, 44.082, 45.167, 48.394, 51.416, 52.379, 52.59, 52.708, 52.743, 52.55, 52.959, 53.673, 53.996, 54.441, 54.82, 54.378, 54.885, 55.348, 55.632, 55.595, 55.391, 55.444, 55.461, 54.969, 53.713, 53.707, 53.033, 51.945, 51.829, 51.602, 50.887, 49.877, 52.294, 55.908, 56.171, 56.369], [54.83, 54.4, 53.893, 53.382, 51.79, 48.223, 44.706, 42.619, 41.811, 41.847, 42.438, 40.943, 36.422, 33.213, 32.9, 32.771, 32.274, 30.807, 30.111, 26.693, 21.395, 19.904, 18.575, 17.927, 17.79, 18.193, 15.186, 12.774, 12.449, 11.911, 10.166, 7.348, 5.96, 4.589, 0.0, 5.959, 11.311, 16.749, 22.549, 27.129, 29.132, 30.604, 31.504, 31.039, 31.521, 33.768, 36.282, 38.858, 40.872, 42.682, 43.726, 43.667, 44.838, 48.291, 51.549, 52.534, 52.701, 52.817, 52.865, 52.653, 53.085, 53.898, 54.218, 54.691, 55.099, 54.652, 55.198, 55.68, 56.021, 55.998, 55.802, 55.922, 56.061, 55.687, 54.371, 54.34, 53.625, 52.456, 52.402, 52.141, 51.453, 50.456, 52.831, 56.453, 56.718, 56.92], [54.774, 54.695, 54.414, 53.864, 52.304, 48.95, 45.75, 43.894, 43.138, 43.211, 43.889, 42.487, 38.021, 34.865, 34.5, 34.45, 33.951, 32.251, 31.484, 28.141, 22.893, 21.551, 20.081, 19.055, 18.899, 19.378, 16.763, 14.411, 14.194, 13.924, 12.434, 10.736, 10.133, 9.424, 5.959, 0.0, 7.082, 14.283, 20.979, 25.834, 27.745, 29.123, 30.116, 29.757, 30.297, 32.641, 35.305, 38.121, 40.311, 42.135, 43.234, 43.343, 44.684, 48.393, 51.786, 52.778, 52.971, 53.15, 53.246, 53.011, 53.403, 54.24, 54.542, 54.955, 55.373, 54.879, 55.422, 55.911, 56.265, 56.269, 56.068, 56.222, 56.478, 56.336, 55.127, 55.09, 54.345, 53.037, 53.029, 52.755, 52.095, 51.2, 53.464, 56.935, 57.191, 57.398], [55.147, 55.309, 55.731, 55.714, 54.111, 50.921, 48.078, 46.389, 45.666, 45.835, 46.678, 45.291, 40.801, 37.594, 37.226, 37.236, 36.591, 34.479, 33.501, 30.036, 24.773, 23.512, 22.384, 21.636, 21.692, 22.256, 20.034, 18.198, 18.059, 18.026, 16.617, 14.852, 14.007, 13.392, 11.311, 7.082, 0.0, 9.015, 17.922, 23.445, 25.147, 26.592, 27.807, 27.487, 28.009, 30.568, 33.59, 36.817, 39.312, 41.326, 42.518, 42.68, 44.079, 47.864, 51.326, 52.394, 52.61, 52.826, 52.98, 52.748, 53.096, 53.944, 54.253, 54.574, 54.964, 54.445, 54.944, 55.467, 55.827, 55.825, 55.643, 55.844, 56.139, 56.109, 55.062, 55.052, 54.28, 52.867, 52.862, 52.628, 51.972, 51.237, 53.522, 56.897, 57.145, 57.38], [57.654, 57.881, 58.764, 59.499, 58.186, 54.975, 52.129, 50.451, 49.771, 49.966, 50.825, 49.413, 44.805, 41.537, 41.28, 41.307, 40.703, 38.369, 36.975, 33.463, 28.045, 26.739, 26.417, 26.327, 26.605, 27.211, 24.747, 22.67, 22.595, 22.791, 21.489, 19.324, 18.471, 18.021, 16.749, 14.283, 9.015, 0.0, 11.624, 18.673, 21.018, 22.96, 24.437, 24.105, 24.562, 27.337, 31.104, 35.089, 37.669, 39.567, 40.718, 40.929, 42.307, 46.116, 50.103, 51.491, 51.604, 51.777, 52.109, 51.945, 52.361, 53.403, 53.77, 54.202, 54.619, 53.946, 54.133, 54.686, 55.158, 55.122, 54.988, 55.488, 56.24, 56.411, 55.376, 55.387, 54.572, 53.149, 53.143, 52.966, 52.33, 51.631, 54.132, 57.838, 58.127, 58.43], [62.179, 62.382, 63.208, 64.028, 63.235, 60.302, 57.281, 55.591, 55.017, 55.099, 55.727, 54.398, 49.679, 46.347, 46.373, 46.348, 45.871, 43.789, 42.153, 38.8, 33.492, 32.09, 32.284, 32.343, 32.506, 33.216, 30.416, 27.592, 27.471, 27.825, 26.693, 24.245, 23.684, 23.487, 22.549, 20.979, 17.922, 11.624, 0.0, 9.28, 14.871, 17.587, 18.988, 19.129, 19.858, 22.396, 27.41, 32.371, 34.225, 35.234, 36.208, 36.588, 38.06, 42.183, 47.531, 49.562, 49.557, 49.695, 50.348, 50.297, 50.893, 52.399, 52.885, 53.656, 54.156, 53.109, 52.53, 53.026, 53.668, 53.617, 53.514, 54.484, 56.403, 57.304, 56.294, 56.315, 55.516, 54.278, 54.28, 54.201, 53.702, 52.979, 55.862, 60.331, 60.698, 61.11], [63.531, 63.761, 64.652, 65.476, 64.891, 62.455, 59.767, 58.203, 57.652, 57.71, 58.337, 57.143, 52.57, 49.318, 49.439, 49.423, 48.997, 47.075, 45.471, 42.314, 37.305, 35.88, 36.041, 36.061, 36.189, 36.919, 34.386, 31.574, 31.479, 31.808, 30.732, 28.534, 28.006, 27.917, 27.129, 25.834, 23.445, 18.673, 9.28, 0.0, 8.085, 11.709, 13.521, 14.353, 15.485, 17.772, 23.373, 28.621, 30.158, 30.855, 31.758, 32.233, 33.715, 38.213, 44.515, 47.03, 47.073, 47.173, 47.909, 47.897, 48.554, 50.353, 50.961, 51.992, 52.547, 51.328, 50.437, 50.882, 51.61, 51.565, 51.44, 52.543, 55.101, 56.699, 55.92, 55.939, 55.166, 53.972, 53.987, 53.955, 53.61, 53.163, 56.352, 61.134, 61.538, 62.014], [61.72, 61.999, 63.034, 63.939, 63.366, 61.332, 59.244, 57.957, 57.441, 57.552, 58.295, 57.219, 52.978, 50.02, 50.091, 50.122, 49.706, 47.689, 46.138, 43.037, 38.264, 36.936, 36.878, 36.845, 37.02, 37.734, 35.648, 33.21, 33.184, 33.449, 32.352, 30.497, 29.863, 29.822, 29.132, 27.745, 25.147, 21.018, 14.871, 8.085, 0.0, 5.214, 8.875, 10.452, 12.051, 14.633, 19.921, 25.136, 27.786, 29.251, 30.254, 30.927, 32.661, 37.338, 43.466, 46.019, 46.197, 46.276, 46.91, 46.874, 47.358, 49.041, 49.643, 50.627, 51.165, 49.974, 49.186, 49.574, 50.262, 50.229, 50.068, 51.052, 53.507, 55.334, 54.789, 54.832, 54.078, 52.779, 52.781, 52.724, 52.417, 52.153, 55.213, 59.735, 60.131, 60.6], [60.672, 60.948, 61.981, 62.888, 62.385, 60.55, 58.766, 57.756, 57.4, 57.544, 58.311, 57.405, 53.472, 50.803, 50.917, 50.956, 50.572, 48.585, 47.15, 44.132, 39.64, 38.483, 38.157, 37.907, 38.015, 38.726, 36.821, 34.445, 34.448, 34.618, 33.501, 31.849, 31.203, 31.243, 30.604, 29.123, 26.592, 22.96, 17.587, 11.709, 5.214, 0.0, 4.837, 7.643, 10.072, 12.556, 17.688, 22.947, 26.123, 27.865, 28.927, 29.863, 32.059, 37.13, 43.237, 45.777, 45.985, 46.078, 46.689, 46.625, 47.013, 48.642, 49.197, 50.117, 50.675, 49.426, 48.582, 48.904, 49.582, 49.555, 49.387, 50.406, 52.978, 54.961, 54.413, 54.462, 53.738, 52.361, 52.343, 52.26, 51.942, 51.641, 54.579, 59.001, 59.397, 59.88], [60.269, 60.502, 61.457, 62.337, 61.927, 60.167, 58.442, 57.564, 57.381, 57.556, 58.268, 57.508, 53.825, 51.348, 51.533, 51.57, 51.247, 49.381, 48.054, 45.101, 40.766, 39.697, 39.29, 38.999, 39.043, 39.708, 37.759, 35.243, 35.241, 35.314, 34.182, 32.628, 32.014, 32.108, 31.504, 30.116, 27.807, 24.437, 18.988, 13.521, 8.875, 4.837, 0.0, 4.427, 8.049, 10.356, 15.624, 21.122, 24.439, 26.137, 27.191, 28.259, 30.652, 36.093, 42.511, 45.072, 45.166, 45.179, 45.782, 45.698, 46.099, 47.816, 48.382, 49.341, 49.945, 48.648, 47.71, 48.007, 48.734, 48.709, 48.54, 49.654, 52.389, 54.424, 53.752, 53.79, 53.11, 51.741, 51.722, 51.623, 51.313, 50.938, 53.86, 58.375, 58.788, 59.299], [59.723, 59.934, 60.826, 61.675, 61.288, 59.55, 57.826, 56.937, 56.802, 57.036, 57.733, 56.997, 53.467, 51.097, 51.281, 51.312, 51.053, 49.255, 47.97, 44.943, 40.43, 39.317, 38.972, 38.877, 38.993, 39.612, 37.589, 34.947, 34.923, 34.908, 33.742, 32.234, 31.635, 31.694, 31.039, 29.757, 27.487, 24.105, 19.129, 14.353, 10.452, 7.643, 4.427, 0.0, 4.768, 8.157, 13.808, 19.904, 23.801, 25.714, 26.756, 27.801, 30.215, 35.797, 42.329, 44.787, 44.676, 44.478, 45.029, 44.929, 45.335, 47.122, 47.708, 48.748, 49.402, 48.202, 47.369, 47.707, 48.474, 48.447, 48.311, 49.465, 52.091, 53.909, 53.112, 53.137, 52.471, 51.2, 51.258, 51.149, 50.842, 50.385, 53.226, 57.783, 58.211, 58.711], [59.935, 60.145, 61.008, 61.816, 61.427, 59.693, 57.971, 57.075, 56.924, 57.202, 58.004, 57.316, 53.828, 51.467, 51.638, 51.673, 51.466, 49.733, 48.412, 45.323, 40.757, 39.672, 39.352, 39.35, 39.521, 40.144, 38.184, 35.524, 35.485, 35.397, 34.199, 32.732, 32.151, 32.209, 31.521, 30.297, 28.009, 24.562, 19.858, 15.485, 12.051, 10.072, 8.049, 4.768, 0.0, 5.405, 12.345, 19.308, 23.633, 25.642, 26.671, 27.652, 30.104, 35.818, 42.416, 44.773, 44.508, 44.165, 44.745, 44.659, 45.031, 46.895, 47.492, 48.601, 49.281, 48.164, 47.463, 47.858, 48.645, 48.613, 48.576, 49.834, 52.396, 54.103, 53.276, 53.295, 52.644, 51.461, 51.654, 51.593, 51.318, 50.86, 53.655, 58.222, 58.654, 59.139], [60.09, 60.287, 61.122, 61.905, 61.597, 60.007, 58.367, 57.56, 57.469, 57.749, 58.597, 58.114, 54.875, 52.579, 52.752, 52.802, 52.656, 51.054, 49.737, 46.785, 42.671, 41.751, 41.318, 41.195, 41.257, 41.832, 39.995, 37.412, 37.389, 37.272, 36.081, 34.718, 34.254, 34.398, 33.768, 32.641, 30.568, 27.337, 22.396, 17.772, 14.633, 12.556, 10.356, 8.157, 5.405, 0.0, 8.706, 17.304, 22.44, 24.497, 25.435, 26.434, 29.044, 34.891, 41.535, 43.855, 43.41, 42.947, 43.63, 43.612, 43.869, 45.753, 46.377, 47.562, 48.255, 47.045, 46.195, 46.574, 47.403, 47.363, 47.397, 48.857, 51.715, 53.644, 52.841, 52.856, 52.239, 51.1, 51.371, 51.459, 51.315, 50.84, 53.534, 58.095, 58.526, 59.074], [58.449, 58.592, 59.388, 60.206, 60.047, 58.767, 57.463, 56.877, 56.906, 57.232, 58.074, 57.809, 55.297, 53.591, 53.772, 53.849, 53.72, 52.176, 50.953, 48.174, 44.555, 43.724, 43.014, 42.795, 42.801, 43.241, 41.702, 39.361, 39.306, 39.092, 37.96, 36.894, 36.552, 36.8, 36.282, 35.305, 33.59, 31.104, 27.41, 23.373, 19.921, 17.688, 15.624, 13.808, 12.345, 8.706, 0.0, 11.116, 19.603, 22.957, 24.005, 25.312, 28.527, 34.454, 40.643, 42.805, 42.347, 41.669, 42.225, 42.299, 42.286, 43.967, 44.551, 45.739, 46.466, 45.256, 44.424, 44.721, 45.565, 45.569, 45.609, 47.079, 49.995, 52.153, 51.442, 51.429, 50.806, 49.543, 49.838, 49.99, 50.08, 49.794, 52.174, 56.429, 56.844, 57.405], [57.274, 57.351, 58.242, 59.236, 59.029, 57.717, 56.566, 56.184, 56.297, 56.693, 57.676, 57.531, 55.449, 54.362, 54.725, 54.837, 54.708, 53.193, 52.035, 49.469, 46.424, 45.698, 44.678, 44.252, 44.217, 44.483, 43.212, 41.224, 41.205, 40.963, 39.956, 39.188, 38.864, 39.222, 38.858, 38.121, 36.817, 35.089, 32.371, 28.621, 25.136, 22.947, 21.122, 19.904, 19.308, 17.304, 11.116, 0.0, 11.891, 17.27, 18.679, 20.427, 24.72, 31.193, 36.91, 39.042, 39.092, 38.657, 38.875, 38.894, 38.808, 40.384, 41.002, 42.253, 43.083, 41.912, 41.459, 41.796, 42.64, 42.741, 42.745, 44.065, 46.877, 49.423, 48.979, 48.869, 48.231, 46.759, 46.998, 46.982, 47.329, 48.249, 51.646, 55.916, 56.303, 56.85], [60.373, 60.43, 61.397, 62.492, 62.079, 60.274, 58.732, 58.297, 58.373, 58.812, 60.001, 59.835, 57.41, 56.104, 56.618, 56.733, 56.63, 55.274, 54.151, 51.776, 48.801, 48.061, 47.145, 46.594, 46.482, 46.709, 45.228, 43.267, 43.318, 43.16, 42.212, 41.32, 40.91, 41.213, 40.872, 40.311, 39.312, 37.669, 34.225, 30.158, 27.786, 26.123, 24.439, 23.801, 23.633, 22.44, 19.603, 11.891, 0.0, 6.953, 9.205, 11.615, 17.865, 25.691, 32.38, 34.936, 35.439, 35.516, 35.581, 35.412, 35.685, 37.679, 38.384, 39.708, 40.628, 39.285, 38.909, 39.45, 40.345, 40.508, 40.495, 41.838, 45.086, 48.224, 48.067, 47.92, 47.25, 45.786, 45.964, 45.784, 46.204, 48.238, 53.6, 58.796, 59.201, 59.794], [63.185, 63.26, 64.142, 65.149, 64.728, 62.751, 60.998, 60.506, 60.565, 60.999, 62.17, 61.985, 59.367, 57.866, 58.406, 58.53, 58.503, 57.222, 56.088, 53.878, 50.841, 50.03, 49.299, 48.785, 48.614, 48.865, 47.19, 45.043, 45.108, 45.038, 44.135, 43.166, 42.828, 43.101, 42.682, 42.135, 41.326, 39.567, 35.234, 30.855, 29.251, 27.865, 26.137, 25.714, 25.642, 24.497, 22.957, 17.27, 6.953, 0.0, 3.887, 8.713, 16.02, 24.205, 31.912, 34.831, 35.27, 35.387, 35.62, 35.508, 35.948, 38.234, 38.949, 40.357, 41.319, 39.792, 39.06, 39.645, 40.607, 40.771, 40.789, 42.339, 46.099, 49.51, 49.376, 49.252, 48.566, 47.238, 47.413, 47.224, 47.642, 49.653, 55.516, 61.277, 61.736, 62.354], [63.768, 63.85, 64.713, 65.683, 65.25, 63.277, 61.526, 61.028, 61.076, 61.512, 62.648, 62.458, 59.85, 58.342, 58.887, 59.014, 59.136, 57.968, 56.77, 54.785, 51.942, 51.047, 50.264, 49.727, 49.523, 49.733, 48.061, 45.908, 45.982, 45.916, 45.05, 44.197, 43.934, 44.186, 43.726, 43.234, 42.518, 40.718, 36.208, 31.758, 30.254, 28.927, 27.191, 26.756, 26.671, 25.435, 24.005, 18.679, 9.205, 3.887, 0.0, 7.356, 15.567, 23.456, 31.325, 34.399, 34.788, 34.871, 35.12, 35.034, 35.488, 37.866, 38.576, 40.076, 41.088, 39.508, 38.673, 39.252, 40.271, 40.419, 40.452, 42.132, 46.072, 49.582, 49.457, 49.323, 48.651, 47.411, 47.612, 47.441, 47.901, 49.921, 55.849, 61.711, 62.203, 62.825], [63.851, 63.912, 64.767, 65.728, 65.241, 63.176, 61.297, 60.731, 60.744, 61.122, 62.291, 62.109, 59.382, 57.71, 58.247, 58.345, 58.517, 57.712, 56.667, 54.628, 51.995, 51.134, 50.323, 49.816, 49.689, 49.825, 48.078, 46.089, 46.199, 46.06, 45.166, 44.293, 43.938, 44.082, 43.667, 43.343, 42.68, 40.929, 36.588, 32.233, 30.927, 29.863, 28.259, 27.801, 27.652, 26.434, 25.312, 20.427, 11.615, 8.713, 7.356, 0.0, 10.302, 19.552, 27.763, 30.989, 31.613, 32.007, 32.135, 32.104, 32.815, 35.364, 36.297, 37.983, 39.033, 37.493, 36.885, 37.651, 38.696, 38.838, 38.944, 40.636, 44.488, 47.97, 47.859, 47.739, 47.081, 45.93, 46.186, 46.072, 46.626, 48.915, 55.214, 61.193, 61.657, 62.394], [65.314, 65.349, 66.167, 67.075, 66.53, 64.343, 62.232, 61.452, 61.393, 61.65, 62.689, 62.438, 59.507, 57.677, 58.234, 58.307, 58.484, 57.859, 57.158, 55.342, 52.777, 52.075, 51.509, 51.125, 51.101, 51.22, 49.318, 47.374, 47.508, 47.343, 46.442, 45.491, 45.074, 45.167, 44.838, 44.684, 44.079, 42.307, 38.06, 33.715, 32.661, 32.059, 30.652, 30.215, 30.104, 29.044, 28.527, 24.72, 17.865, 16.02, 15.567, 10.302, 0.0, 12.108, 22.414, 25.858, 26.289, 27.009, 27.39, 27.52, 28.66, 31.652, 32.993, 35.191, 36.25, 34.897, 34.732, 35.878, 37.013, 37.148, 37.345, 39.041, 42.729, 46.114, 46.097, 46.044, 45.479, 44.612, 44.945, 45.016, 45.753, 48.238, 54.839, 61.038, 61.517, 62.455], [67.432, 67.402, 68.302, 69.172, 68.412, 66.064, 63.838, 62.89, 62.7, 62.86, 63.781, 63.448, 60.442, 58.491, 59.052, 59.086, 59.281, 58.756, 58.031, 57.154, 55.564, 54.808, 54.335, 53.883, 53.709, 53.705, 52.011, 50.492, 50.563, 50.429, 49.624, 48.723, 48.326, 48.394, 48.291, 48.393, 47.864, 46.116, 42.183, 38.213, 37.338, 37.13, 36.093, 35.797, 35.818, 34.891, 34.454, 31.193, 25.691, 24.205, 23.456, 19.552, 12.108, 0.0, 13.03, 17.698, 18.391, 19.858, 20.538, 21.078, 22.545, 26.121, 27.909, 30.328, 31.288, 30.012, 30.035, 31.577, 32.812, 32.972, 33.245, 35.018, 38.836, 42.567, 43.217, 43.277, 42.878, 42.452, 42.757, 43.047, 44.028, 47.036, 54.143, 60.576, 61.109, 62.144], [66.211, 66.113, 67.146, 68.165, 67.218, 64.792, 62.724, 61.899, 61.63, 61.788, 62.937, 62.799, 60.071, 58.204, 58.636, 58.676, 58.827, 58.474, 57.687, 57.542, 57.701, 57.245, 56.229, 55.376, 55.01, 54.813, 53.75, 53.123, 53.254, 53.045, 52.346, 51.769, 51.33, 51.416, 51.549, 51.786, 51.326, 50.103, 47.531, 44.515, 43.466, 43.237, 42.511, 42.329, 42.416, 41.535, 40.643, 36.91, 32.38, 31.912, 31.325, 27.763, 22.414, 13.03, 0.0, 6.662, 11.329, 15.563, 16.161, 17.182, 18.588, 21.303, 23.502, 25.872, 26.758, 25.739, 26.925, 28.79, 29.779, 30.013, 30.33, 31.764, 34.817, 38.654, 40.021, 40.143, 39.946, 39.703, 39.997, 40.332, 41.538, 45.478, 53.044, 59.04, 59.52, 60.555], [65.275, 65.165, 66.163, 67.211, 66.269, 63.848, 61.838, 61.067, 60.803, 60.961, 62.173, 62.159, 59.617, 57.841, 58.212, 58.262, 58.445, 58.196, 57.475, 57.421, 58.057, 57.917, 56.813, 55.857, 55.459, 55.206, 54.34, 53.951, 54.11, 53.844, 53.157, 52.726, 52.292, 52.379, 52.534, 52.778, 52.394, 51.491, 49.562, 47.03, 46.019, 45.777, 45.072, 44.787, 44.773, 43.855, 42.805, 39.042, 34.936, 34.831, 34.399, 30.989, 25.858, 17.698, 6.662, 0.0, 7.816, 13.444, 14.488, 15.877, 17.184, 19.381, 21.73, 24.392, 25.305, 24.604, 26.658, 28.658, 29.525, 29.799, 30.186, 31.389, 33.687, 37.151, 38.573, 38.702, 38.557, 38.38, 38.815, 39.214, 40.574, 44.812, 52.429, 58.212, 58.667, 59.704], [65.427, 65.314, 66.257, 67.236, 66.335, 63.992, 61.998, 61.213, 60.981, 61.106, 62.153, 62.106, 59.631, 57.894, 58.261, 58.294, 58.566, 58.395, 57.75, 57.668, 58.085, 57.978, 57.175, 56.408, 56.036, 55.831, 54.88, 54.302, 54.436, 54.164, 53.428, 52.962, 52.529, 52.59, 52.701, 52.971, 52.61, 51.604, 49.557, 47.073, 46.197, 45.985, 45.166, 44.676, 44.508, 43.41, 42.347, 39.092, 35.439, 35.27, 34.788, 31.613, 26.289, 18.391, 11.329, 7.816, 0.0, 6.667, 9.389, 11.604, 13.336, 16.665, 19.349, 22.654, 23.686, 23.101, 25.359, 27.545, 28.598, 28.782, 29.332, 30.993, 33.492, 36.714, 37.799, 37.843, 37.707, 37.65, 38.265, 38.945, 40.402, 44.354, 51.775, 57.662, 58.153, 59.219], [65.134, 64.996, 65.903, 66.865, 66.037, 63.841, 61.932, 61.169, 60.97, 61.081, 62.002, 61.924, 59.6, 57.952, 58.306, 58.337, 58.661, 58.51, 57.903, 57.757, 57.953, 57.777, 57.13, 56.594, 56.283, 56.119, 55.173, 54.483, 54.6, 54.314, 53.549, 53.069, 52.659, 52.708, 52.817, 53.15, 52.826, 51.777, 49.695, 47.173, 46.276, 46.078, 45.179, 44.478, 44.165, 42.947, 41.669, 38.657, 35.516, 35.387, 34.871, 32.007, 27.009, 19.858, 15.563, 13.444, 6.667, 0.0, 5.437, 8.827, 10.778, 15.157, 17.973, 21.64, 22.819, 22.352, 24.485, 26.68, 27.871, 27.974, 28.583, 30.57, 33.257, 36.235, 37.028, 36.989, 36.862, 36.911, 37.609, 38.475, 40.031, 43.691, 50.847, 56.786, 57.316, 58.354], [64.527, 64.383, 65.314, 66.309, 65.464, 63.331, 61.508, 60.791, 60.578, 60.693, 61.623, 61.53, 59.282, 57.694, 58.031, 58.069, 58.361, 58.297, 57.78, 57.622, 57.851, 57.596, 56.83, 56.276, 56.014, 55.827, 54.963, 54.438, 54.604, 54.295, 53.547, 53.15, 52.712, 52.743, 52.865, 53.246, 52.98, 52.109, 50.348, 47.909, 46.91, 46.689, 45.782, 45.029, 44.745, 43.63, 42.225, 38.875, 35.581, 35.62, 35.12, 32.135, 27.39, 20.538, 16.161, 14.488, 9.389, 5.437, 0.0, 4.624, 7.873, 12.949, 15.965, 19.621, 20.954, 20.678, 23.206, 25.448, 26.636, 26.774, 27.356, 29.231, 31.781, 34.765, 35.618, 35.549, 35.404, 35.487, 36.187, 37.04, 38.701, 42.669, 50.078, 55.98, 56.505, 57.527], [64.411, 64.279, 65.242, 66.259, 65.386, 63.275, 61.498, 60.804, 60.573, 60.71, 61.652, 61.514, 59.241, 57.664, 57.995,