[[0.0, 3.845, 7.417, 8.39, 9.762, 13.229, 13.055, 13.506, 13.292, 18.301, 23.567, 23.22, 24.304, 26.884, 28.355, 29.357, 31.527, 32.786, 32.832, 33.042, 39.174, 43.151, 40.525, 41.12, 41.994, 43.109, 44.754, 44.623, 43.208, 44.111, 46.434, 45.911, 46.538, 47.521, 47.658, 46.829, 45.954, 46.704, 47.92, 46.904, 45.794, 46.227, 46.712, 46.998, 46.339, 47.71, 47.335, 44.409, 45.075, 44.461, 43.91, 45.805, 47.773, 49.968, 50.312, 51.58, 54.053, 54.173, 54.34, 55.458, 56.694, 58.157, 58.633, 59.148, 59.657, 59.524, 59.384, 59.477, 59.396, 59.399, 58.147, 58.181, 57.863, 58.236, 57.254, 54.812, 56.284, 54.947, 52.035, 50.664, 51.002, 51.997, 51.508, 51.483, 52.224, 52.569], [3.845, 0.0, 4.656, 6.226, 7.378, 11.062, 10.984, 12.375, 12.209, 17.182, 22.308, 22.196, 23.643, 25.78, 27.022, 27.931, 30.193, 31.554, 31.603, 31.66, 37.557, 41.356, 38.708, 39.308, 40.145, 41.225, 42.859, 42.701, 41.292, 42.17, 44.544, 43.999, 44.611, 45.599, 45.863, 45.319, 44.652, 45.578, 46.925, 46.056, 45.021, 45.428, 45.905, 46.196, 45.467, 46.749, 46.405, 43.446, 43.986, 43.368, 42.751, 44.655, 46.913, 49.35, 49.75, 50.994, 53.448, 53.559, 53.707, 54.756, 55.857, 57.31, 57.767, 58.215, 58.721, 58.534, 58.278, 58.292, 58.2, 58.211, 56.904, 56.85, 56.518, 56.943, 56.063, 53.593, 55.026, 53.713, 50.879, 49.557, 49.879, 50.908, 50.487, 50.442, 51.19, 51.538], [7.417, 4.656, 0.0, 2.58, 5.148, 8.757, 8.564, 10.384, 10.678, 16.037, 21.303, 21.684, 23.497, 25.131, 25.868, 26.649, 28.811, 30.113, 30.23, 30.319, 35.913, 39.677, 37.295, 37.954, 38.581, 39.44, 40.941, 40.687, 39.224, 40.094, 42.467, 41.884, 42.57, 43.577, 43.808, 43.39, 42.972, 44.046, 45.448, 44.687, 43.735, 44.112, 44.586, 44.889, 44.201, 45.415, 44.993, 42.174, 42.759, 42.128, 41.54, 43.438, 45.776, 48.308, 48.771, 49.984, 52.355, 52.4, 52.537, 53.578, 54.599, 55.979, 56.426, 56.862, 57.395, 57.236, 56.944, 56.919, 56.862, 56.93, 55.648, 55.588, 55.256, 55.687, 54.93, 52.633, 54.038, 52.57, 49.612, 48.259, 48.592, 49.534, 49.08, 49.032, 49.733, 50.043], [8.39, 6.226, 2.58, 0.0, 4.616, 8.454, 8.345, 10.05, 10.432, 15.973, 21.339, 21.792, 23.591, 25.244, 25.839, 26.593, 28.649, 29.894, 30.041, 30.14, 35.763, 39.609, 37.297, 38.013, 38.629, 39.424, 40.87, 40.624, 39.153, 40.027, 42.394, 41.806, 42.56, 43.591, 43.791, 43.348, 43.003, 44.138, 45.535, 44.744, 43.781, 44.153, 44.623, 44.932, 44.273, 45.481, 45.03, 42.271, 42.907, 42.274, 41.723, 43.599, 45.868, 48.378, 48.855, 50.087, 52.452, 52.48, 52.618, 53.677, 54.702, 56.046, 56.511, 56.998, 57.557, 57.424, 57.142, 57.118, 57.081, 57.156, 55.883, 55.838, 55.506, 55.928, 55.178, 52.926, 54.341, 52.834, 49.824, 48.457, 48.798, 49.693, 49.217, 49.18, 49.865, 50.171], [9.762, 7.378, 5.148, 4.616, 0.0, 4.909, 5.575, 9.013, 9.392, 13.943, 18.977, 19.25, 21.257, 22.942, 23.616, 24.25, 26.695, 28.388, 28.523, 28.563, 34.39, 38.365, 35.828, 36.467, 37.301, 38.286, 39.774, 39.502, 38.103, 39.001, 41.426, 40.909, 41.714, 42.776, 42.984, 42.562, 42.288, 43.689, 45.41, 44.793, 43.81, 44.133, 44.587, 44.888, 44.152, 45.275, 44.825, 41.923, 42.398, 41.786, 41.196, 43.01, 45.399, 48.062, 48.537, 49.69, 52.055, 52.142, 52.284, 53.286, 54.213, 55.543, 55.995, 56.463, 57.042, 56.856, 56.485, 56.397, 56.367, 56.484, 55.144, 55.015, 54.664, 55.139, 54.33, 51.864, 53.238, 51.813, 48.868, 47.524, 47.861, 48.871, 48.504, 48.444, 49.128, 49.455], [13.229, 11.062, 8.757, 8.454, 4.909, 0.0, 3.168, 8.31, 8.964, 11.917, 16.464, 17.336, 19.973, 21.434, 21.787, 22.295, 24.886, 26.77, 26.962, 27.195, 32.861, 36.976, 34.646, 35.172, 35.942, 36.914, 38.397, 37.971, 36.566, 37.508, 39.886, 39.391, 40.256, 41.393, 41.554, 41.116, 40.884, 42.42, 44.353, 44.043, 43.222, 43.481, 43.93, 44.232, 43.503, 44.474, 43.899, 41.074, 41.505, 40.928, 40.381, 42.158, 44.582, 47.271, 47.758, 48.783, 51.021, 51.105, 51.255, 52.226, 53.062, 54.335, 54.767, 55.204, 55.792, 55.602, 55.193, 55.043, 55.071, 55.279, 53.934, 53.795, 53.446, 53.936, 53.103, 50.707, 52.045, 50.542, 47.564, 46.223, 46.576, 47.588, 47.26, 47.178, 47.784, 48.048], [13.055, 10.984, 8.564, 8.345, 5.575, 3.168, 0.0, 6.298, 7.177, 11.043, 16.572, 17.776, 20.429, 21.903, 22.051, 22.391, 24.775, 26.565, 26.747, 26.925, 32.661, 36.859, 34.524, 34.974, 35.613, 36.51, 38.018, 37.593, 36.031, 36.997, 39.416, 39.019, 40.091, 41.281, 41.407, 40.928, 40.691, 42.234, 44.153, 43.859, 43.143, 43.442, 43.897, 44.229, 43.511, 44.478, 43.864, 41.09, 41.606, 41.015, 40.503, 42.384, 44.87, 47.56, 48.047, 49.075, 51.286, 51.361, 51.523, 52.484, 53.319, 54.586, 55.024, 55.422, 55.992, 55.81, 55.382, 55.212, 55.25, 55.48, 54.177, 54.074, 53.707, 54.209, 53.413, 51.052, 52.364, 50.68, 47.502, 46.118, 46.482, 47.447, 47.063, 46.999, 47.587, 47.756], [13.506, 12.375, 10.384, 10.05, 9.013, 8.31, 6.298, 0.0, 2.498, 8.833, 16.016, 17.892, 20.365, 22.343, 22.753, 23.256, 24.66, 25.88, 26.019, 26.778, 33.44, 38.313, 36.274, 36.695, 37.16, 37.846, 39.372, 39.012, 37.304, 38.188, 40.396, 40.196, 41.687, 43.097, 43.14, 42.232, 41.573, 42.653, 44.194, 43.604, 42.84, 43.27, 43.807, 44.121, 43.489, 44.479, 43.587, 40.953, 41.884, 41.296, 40.937, 42.902, 44.932, 47.138, 47.518, 48.59, 50.735, 50.744, 50.934, 52.034, 53.176, 54.446, 54.883, 55.302, 55.834, 55.801, 55.622, 55.575, 55.684, 55.957, 54.811, 54.979, 54.637, 55.047, 54.128, 52.039, 53.509, 51.641, 48.108, 46.578, 47.031, 47.83, 47.204, 47.165, 47.713, 47.797], [13.292, 12.209, 10.678, 10.432, 9.392, 8.964, 7.177, 2.498, 0.0, 8.33, 15.816, 17.712, 20.199, 22.341, 23.0, 23.573, 24.882, 26.021, 26.076, 26.861, 33.783, 38.708, 36.595, 37.039, 37.571, 38.312, 39.904, 39.614, 37.924, 38.791, 41.045, 40.873, 42.366, 43.794, 43.906, 43.005, 42.213, 43.166, 44.666, 44.052, 43.275, 43.765, 44.339, 44.655, 44.001, 44.985, 44.093, 41.381, 42.288, 41.708, 41.309, 43.258, 45.256, 47.409, 47.759, 48.863, 51.047, 51.064, 51.258, 52.373, 53.558, 54.847, 55.289, 55.701, 56.183, 56.122, 55.964, 55.94, 56.037, 56.277, 55.123, 55.31, 54.973, 55.373, 54.415, 52.287, 53.801, 51.997, 48.486, 46.97, 47.429, 48.274, 47.673, 47.631, 48.209, 48.327], [18.301, 17.182, 16.037, 15.973, 13.943, 11.917, 11.043, 8.833, 8.33, 0.0, 8.958, 13.033, 17.015, 19.686, 20.354, 20.773, 21.902, 23.159, 23.26, 24.434, 31.76, 37.412, 35.736, 36.086, 36.886, 37.85, 39.504, 38.958, 37.185, 37.594, 39.387, 39.695, 41.389, 42.92, 43.095, 42.1, 40.925, 41.578, 43.133, 42.776, 42.13, 42.581, 43.18, 43.481, 42.696, 43.446, 42.437, 39.77, 40.689, 40.176, 39.935, 41.703, 43.392, 45.355, 45.627, 46.581, 48.635, 48.701, 48.884, 49.918, 51.076, 52.377, 52.778, 53.134, 53.599, 53.488, 53.351, 53.372, 53.513, 53.778, 52.694, 53.02, 52.743, 53.083, 51.849, 49.758, 51.342, 49.65, 46.312, 44.848, 45.361, 46.212, 45.618, 45.528, 45.986, 46.03], [23.567, 22.308, 21.303, 21.339, 18.977, 16.464, 16.572, 16.016, 15.816, 8.958, 0.0, 7.429, 13.357, 16.09, 17.359, 17.92, 18.925, 20.28, 20.48, 22.324, 29.527, 35.137, 33.814, 34.082, 35.274, 36.743, 38.425, 37.74, 36.275, 36.629, 38.133, 38.465, 39.971, 41.519, 41.898, 41.033, 39.671, 40.128, 41.777, 41.654, 40.891, 41.165, 41.762, 42.027, 41.151, 41.735, 40.843, 38.124, 38.766, 38.318, 38.042, 39.61, 41.227, 43.131, 43.363, 44.235, 46.253, 46.438, 46.59, 47.437, 48.418, 49.725, 50.063, 50.326, 50.792, 50.602, 50.382, 50.387, 50.535, 50.771, 49.694, 50.062, 49.833, 50.191, 48.872, 46.816, 48.439, 47.081, 44.304, 43.045, 43.494, 44.432, 44.004, 43.861, 44.342, 44.556], [23.22, 22.196, 21.684, 21.792, 19.25, 17.336, 17.776, 17.892, 17.712, 13.033, 7.429, 0.0, 7.145, 11.182, 13.761, 14.872, 16.909, 18.918, 19.012, 20.848, 28.609, 33.907, 32.008, 32.435, 34.107, 36.113, 37.845, 37.264, 36.167, 36.923, 38.816, 38.981, 40.126, 41.547, 41.957, 41.027, 39.689, 40.327, 42.135, 41.853, 40.79, 41.024, 41.556, 41.788, 41.001, 42.001, 41.457, 38.395, 38.757, 38.323, 37.98, 39.612, 41.394, 43.473, 43.717, 44.69, 46.953, 47.268, 47.443, 48.265, 49.113, 50.39, 50.711, 51.03, 51.538, 51.274, 50.955, 50.944, 51.029, 51.243, 50.124, 50.365, 50.147, 50.627, 49.386, 47.078, 48.648, 47.532, 45.027, 43.841, 44.21, 45.357, 45.148, 45.035, 45.647, 46.045], [24.304, 23.643, 23.497, 23.591, 21.257, 19.973, 20.429, 20.365, 20.199, 17.015, 13.357, 7.145, 0.0, 7.175, 11.73, 13.687, 16.256, 18.519, 18.538, 20.298, 28.335, 33.628, 31.48, 32.037, 33.934, 36.194, 37.914, 37.496, 36.674, 37.664, 39.704, 39.816, 40.827, 42.213, 42.531, 41.289, 39.905, 40.668, 42.488, 42.038, 40.86, 41.112, 41.587, 41.744, 40.924, 42.114, 41.782, 38.673, 38.99, 38.597, 38.357, 40.067, 41.783, 43.869, 44.117, 45.087, 47.378, 47.723, 47.947, 48.803, 49.598, 50.812, 51.115, 51.513, 52.099, 51.859, 51.547, 51.539, 51.629, 51.912, 50.791, 50.969, 50.77, 51.306, 50.098, 47.724, 49.253, 48.217, 45.82, 44.676, 45.017, 46.203, 46.066, 46.003, 46.645, 47.061], [26.884, 25.78, 25.131, 25.244, 22.942, 21.434, 21.903, 22.343, 22.341, 19.686, 16.09, 11.182, 7.175, 0.0, 7.319, 10.765, 13.92, 16.439, 16.441, 17.745, 24.563, 29.477, 27.715, 28.481, 30.401, 32.785, 34.443, 34.019, 33.525, 34.665, 36.739, 36.625, 37.457, 38.794, 39.074, 37.957, 36.832, 37.964, 40.049, 39.898, 38.926, 39.136, 39.573, 39.723, 38.917, 40.046, 39.891, 36.997, 37.141, 36.795, 36.607, 38.366, 40.482, 42.929, 43.299, 44.17, 46.324, 46.614, 46.836, 47.594, 48.082, 49.229, 49.466, 49.765, 50.401, 50.117, 49.592, 49.448, 49.533, 49.816, 48.6, 48.569, 48.364, 48.987, 48.058, 45.837, 47.264, 46.305, 44.156, 43.14, 43.415, 44.54, 44.491, 44.424, 45.033, 45.445], [28.355, 27.022, 25.868, 25.839, 23.616, 21.787, 22.051, 22.753, 23.0, 20.354, 17.359, 13.761, 11.73, 7.319, 0.0, 5.833, 11.084, 14.561, 14.945, 15.637, 21.247, 26.479, 25.603, 26.669, 28.473, 30.683, 32.296, 31.541, 30.9, 32.116, 34.143, 33.949, 34.682, 35.936, 36.101, 35.024, 33.969, 35.318, 37.635, 37.753, 37.141, 37.365, 37.711, 37.919, 37.343, 38.576, 38.384, 35.717, 35.912, 35.608, 35.551, 37.285, 39.594, 42.286, 42.785, 43.543, 45.555, 45.772, 45.972, 46.711, 46.941, 47.96, 48.236, 48.567, 49.248, 48.913, 48.212, 47.964, 48.069, 48.422, 47.239, 47.201, 47.038, 47.711, 46.906, 44.808, 46.135, 44.916, 42.529, 41.424, 41.703, 42.741, 42.731, 42.701, 43.214, 43.499], [29.357, 27.931, 26.649, 26.593, 24.25, 22.295, 22.391, 23.256, 23.573, 20.773, 17.92, 14.872, 13.687, 10.765, 5.833, 0.0, 8.456, 13.598, 14.228, 14.645, 20.65, 26.114, 25.14, 26.12, 27.916, 30.112, 31.618, 30.631, 29.729, 30.798, 32.917, 32.896, 33.754, 34.999, 35.233, 34.142, 33.039, 34.585, 37.178, 37.464, 36.934, 37.187, 37.481, 37.755, 37.241, 38.394, 38.147, 35.374, 35.44, 35.207, 35.083, 36.658, 39.195, 42.132, 42.668, 43.427, 45.469, 45.714, 45.907, 46.553, 46.597, 47.486, 47.778, 48.119, 48.814, 48.376, 47.46, 47.074, 47.211, 47.705, 46.56, 46.507, 46.326, 47.09, 46.341, 44.083, 45.274, 43.748, 41.045, 39.931, 40.235, 41.37, 41.53, 41.537, 42.058, 42.301], [31.527, 30.193, 28.811, 28.649, 26.695, 24.886, 24.775, 24.66, 24.882, 21.902, 18.925, 16.909, 16.256, 13.92, 11.084, 8.456, 0.0, 6.296, 7.43, 8.852, 17.8, 24.582, 24.121, 24.941, 26.55, 28.828, 30.361, 29.436, 28.468, 29.5, 31.393, 31.725, 33.192, 34.727, 34.966, 33.51, 32.134, 33.522, 35.896, 36.006, 35.455, 35.774, 36.172, 36.431, 35.868, 36.849, 36.321, 33.659, 33.93, 33.801, 34.066, 35.616, 37.788, 40.46, 40.888, 41.681, 43.607, 43.8, 44.028, 44.637, 44.794, 45.597, 45.854, 46.209, 46.902, 46.567, 45.761, 45.376, 45.584, 46.163, 45.1, 45.185, 44.966, 45.688, 44.952, 42.934, 44.18, 42.503, 39.668, 38.59, 38.966, 39.916, 39.953, 39.953, 40.477, 40.778], [32.786, 31.554, 30.113, 29.894, 28.388, 26.77, 26.565, 25.88, 26.021, 23.159, 20.28, 18.918, 18.519, 16.439, 14.561, 13.598, 6.296, 0.0, 3.362, 7.189, 17.02, 24.374, 24.528, 25.255, 26.583, 28.764, 30.354, 29.591, 28.677, 29.757, 31.449, 31.856, 33.517, 35.154, 35.348, 33.728, 32.194, 33.263, 35.228, 35.142, 34.624, 34.988, 35.496, 35.727, 35.145, 36.05, 35.345, 32.969, 33.536, 33.435, 34.025, 35.654, 37.367, 39.621, 39.966, 40.803, 42.631, 42.756, 43.006, 43.66, 44.049, 44.875, 45.121, 45.516, 46.199, 46.016, 45.483, 45.224, 45.443, 45.997, 44.993, 45.204, 45.0, 45.592, 44.83, 43.147, 44.53, 42.901, 40.104, 39.026, 39.433, 40.149, 39.969, 39.935, 40.449, 40.835], [32.832, 31.603, 30.23, 30.041, 28.523, 26.962, 26.747, 26.019, 26.076, 23.26, 20.48, 19.012, 18.538, 16.441, 14.945, 14.228, 7.43, 3.362, 0.0, 6.269, 17.603, 24.695, 24.444, 25.209, 26.658, 28.916, 30.524, 29.782, 28.824, 29.829, 31.562, 32.067, 33.792, 35.453, 35.709, 34.113, 32.599, 33.712, 35.709, 35.629, 35.054, 35.452, 36.005, 36.241, 35.561, 36.436, 35.759, 33.194, 33.671, 33.54, 34.008, 35.656, 37.507, 39.83, 40.135, 41.019, 42.889, 43.028, 43.273, 43.911, 44.337, 45.226, 45.446, 45.742, 46.362, 46.156, 45.636, 45.4, 45.597, 46.141, 45.139, 45.319, 45.082, 45.656, 44.883, 43.139, 44.51, 42.962, 40.251, 39.198, 39.606, 40.414, 40.27, 40.23, 40.798, 41.221], [33.042, 31.66, 30.319, 30.14, 28.563, 27.195, 26.925, 26.778, 26.861, 24.434, 22.324, 20.848, 20.298, 17.745, 15.637, 14.645, 8.852, 7.189, 6.269, 0.0, 13.376, 20.913, 20.604, 21.656, 23.466, 26.135, 27.828, 27.079, 26.133, 27.19, 29.129, 29.623, 31.284, 32.812, 33.053, 31.616, 30.444, 32.268, 34.743, 34.862, 34.474, 34.908, 35.398, 35.701, 34.916, 35.811, 35.442, 32.687, 32.784, 32.686, 33.316, 35.001, 37.37, 40.398, 40.835, 41.604, 43.467, 43.611, 43.819, 44.329, 44.407, 45.243, 45.508, 45.823, 46.486, 46.126, 45.27, 44.855, 44.985, 45.48, 44.265, 44.123, 43.822, 44.516, 43.93, 41.815, 42.966, 41.515, 39.05, 38.142, 38.477, 39.396, 39.456, 39.446, 40.054, 40.439], [39.174, 37.557, 35.913, 35.763, 34.39, 32.861, 32.661, 33.44, 33.783, 31.76, 29.527, 28.609, 28.335, 24.563, 21.247, 20.65, 17.8, 17.02, 17.603, 13.376, 0.0, 10.218, 14.835, 16.712, 18.464, 21.427, 22.924, 21.922, 21.808, 23.476, 25.232, 24.765, 25.483, 26.486, 26.435, 25.511, 25.157, 28.101, 31.318, 32.343, 32.672, 32.866, 33.164, 33.522, 32.829, 33.459, 33.668, 31.768, 31.309, 31.414, 32.599, 34.284, 37.211, 40.989, 41.783, 42.1, 43.492, 43.51, 43.639, 43.905, 43.168, 43.742, 44.005, 44.349, 45.136, 44.563, 43.093, 42.325, 42.395, 42.789, 41.265, 40.638, 40.369, 41.243, 41.3, 39.401, 40.17, 38.954, 37.362, 36.906, 36.956, 37.533, 37.808, 37.792, 38.259, 38.588], [43.151, 41.356, 39.677, 39.609, 38.365, 36.976, 36.859, 38.313, 38.708, 37.412, 35.137, 33.907, 33.628, 29.477, 26.479, 26.114, 24.582, 24.374, 24.695, 20.913, 10.218, 0.0, 9.398, 12.154, 14.138, 17.705, 18.969, 18.115, 19.135, 21.582, 23.742, 22.639, 22.798, 23.545, 23.92, 24.387, 25.736, 29.953, 33.771, 35.365, 35.7, 35.552, 35.702, 36.119, 35.218, 35.582, 36.45, 34.613, 33.436, 33.467, 34.339, 36.374, 40.486, 44.968, 45.957, 46.332, 47.773, 47.829, 47.907, 47.965, 46.679, 47.176, 47.357, 47.452, 48.221, 47.357, 45.201, 44.041, 43.964, 44.153, 42.386, 41.242, 40.86, 42.078, 42.931, 40.922, 41.262, 40.313, 39.509, 39.511, 39.289, 39.91, 40.427, 40.407, 40.952, 41.196], [40.525, 38.708, 37.295, 37.297, 35.828, 34.646, 34.524, 36.274, 36.595, 35.736, 33.814, 32.008, 31.48, 27.715, 25.603, 25.14, 24.121, 24.528, 24.444, 20.604, 14.835, 9.398, 0.0, 4.958, 9.453, 14.344, 16.05, 15.963, 17.308, 20.163, 23.284, 22.789, 23.757, 24.956, 25.762, 26.67, 28.926, 33.893, 37.953, 39.296, 39.227, 39.047, 39.228, 39.707, 38.496, 38.885, 39.771, 37.124, 35.698, 35.515, 35.815, 38.172, 42.976, 47.784, 48.709, 49.34, 51.228, 51.441, 51.529, 51.632, 50.524, 51.145, 51.29, 51.294, 52.058, 51.17, 48.952, 47.69, 47.577, 47.767, 45.839, 44.478, 43.926, 45.328, 46.156, 43.486, 43.717, 42.676, 41.614, 41.568, 41.364, 42.375, 42.99, 42.973, 43.695, 43.867], [41.12, 39.308, 37.954, 38.013, 36.467, 35.172, 34.974, 36.695, 37.039, 36.086, 34.082, 32.435, 32.037, 28.481, 26.669, 26.12, 24.941, 25.255, 25.209, 21.656, 16.712, 12.154, 4.958, 0.0, 6.405, 12.644, 14.681, 14.795, 16.233, 19.385, 22.605, 22.298, 23.809, 25.329, 26.231, 27.304, 29.879, 35.058, 39.208, 40.652, 40.594, 40.358, 40.588, 41.07, 39.699, 39.879, 40.67, 38.008, 36.58, 36.355, 36.533, 38.941, 43.82, 48.581, 49.477, 50.086, 51.952, 52.244, 52.365, 52.416, 51.361, 52.014, 52.136, 52.071, 52.831, 51.99, 49.803, 48.5, 48.415, 48.625, 46.631, 45.213, 44.587, 45.985, 46.795, 44.061, 44.238, 43.156, 42.103, 42.078, 41.864, 42.899, 43.483, 43.441, 44.19, 44.33], [41.994, 40.145, 38.581, 38.629, 37.301, 35.942, 35.613, 37.16, 37.571, 36.886, 35.274, 34.107, 33.934, 30.401, 28.473, 27.916, 26.55, 26.583, 26.658, 23.466, 18.464, 14.138, 9.453, 6.405, 0.0, 7.523, 10.164, 10.862, 12.917, 16.618, 20.336, 19.935, 21.952, 23.85, 24.751, 26.095, 29.187, 34.597, 38.733, 40.297, 40.454, 40.25, 40.504, 40.959, 39.535, 39.576, 40.203, 37.756, 36.512, 36.259, 36.493, 39.076, 44.011, 48.721, 49.651, 50.258, 52.044, 52.281, 52.516, 52.658, 51.617, 52.221, 52.315, 52.227, 52.971, 52.209, 50.064, 48.741, 48.692, 48.907, 46.908, 45.481, 44.818, 46.198, 47.111, 44.614, 44.774, 43.503, 42.355, 42.358, 42.156, 43.037, 43.49, 43.42, 44.112, 44.137], [43.109, 41.225, 39.44, 39.424, 38.286, 36.914, 36.51, 37.846, 38.312, 37.85, 36.743, 36.113, 36.194, 32.785, 30.683, 30.112, 28.828, 28.764, 28.916, 26.135, 21.427, 17.705, 14.344, 12.644, 7.523, 0.0, 4.116, 7.222, 10.655, 14.446, 18.549, 18.338, 20.79, 22.969, 23.817, 25.422, 29.203, 34.933, 38.981, 40.525, 40.863, 40.737, 40.994, 41.46, 40.052, 39.929, 40.258, 37.965, 36.924, 36.637, 36.915, 39.634, 44.664, 49.384, 50.377, 50.975, 52.705, 52.794, 53.076, 53.448, 52.436, 52.909, 52.963, 52.884, 53.604, 52.887, 50.742, 49.334, 49.33, 49.604, 47.547, 46.055, 45.386, 46.834, 47.899, 45.644, 45.774, 44.195, 42.804, 42.824, 42.675, 43.363, 43.671, 43.585, 44.168, 44.009], [44.754, 42.859, 40.941, 40.87, 39.774, 38.397, 38.018, 39.372, 39.904, 39.504, 38.425, 37.845, 37.914, 34.443, 32.296, 31.618, 30.361, 30.354, 30.524, 27.828, 22.924, 18.969, 16.05, 14.681, 10.164, 4.116, 0.0, 5.62, 10.157, 13.862, 17.916, 17.775, 20.276, 22.39, 23.217, 24.996, 29.257, 35.293, 39.4, 40.994, 41.352, 41.198, 41.418, 41.898, 40.541, 40.326, 40.622, 38.458, 37.38, 37.114, 37.452, 40.075, 45.123, 49.919, 50.955, 51.528, 53.203, 53.252, 53.511, 53.881, 52.766, 53.104, 53.133, 53.064, 53.812, 53.086, 50.857, 49.368, 49.394, 49.75, 47.677, 46.092, 45.427, 46.933, 48.162, 46.04, 46.085, 44.426, 43.068, 43.165, 43.002, 43.588, 43.913, 43.831, 44.356, 44.191], [44.623, 42.701, 40.687, 40.624, 39.502, 37.971, 37.593, 39.012, 39.614, 38.958, 37.74, 37.264, 37.496, 34.019, 31.541, 30.631, 29.436, 29.591, 29.782, 27.079, 21.922, 18.115, 15.963, 14.795, 10.862, 7.222, 5.62, 0.0, 5.808, 10.548, 14.957, 14.885, 17.479, 19.733, 20.594, 22.376, 26.693, 32.93, 37.249, 39.078, 39.563, 39.42, 39.638, 40.126, 38.822, 38.631, 38.938, 36.843, 35.736, 35.469, 35.882, 38.459, 43.52, 48.391, 49.472, 49.996, 51.649, 51.726, 51.979, 52.332, 51.179, 51.56, 51.576, 51.48, 52.251, 51.478, 49.232, 47.769, 47.809, 48.261, 46.282, 44.782, 44.204, 45.652, 46.815, 44.834, 44.895, 43.227, 41.906, 41.977, 41.817, 42.375, 42.734, 42.655, 43.111, 42.962], [43.208, 41.292, 39.224, 39.153, 38.103, 36.566, 36.031, 37.304, 37.924, 37.185, 36.275, 36.167, 36.674, 33.525, 30.9, 29.729, 28.468, 28.677, 28.824, 26.133, 21.808, 19.135, 17.308, 16.233, 12.917, 10.655, 10.157, 5.808, 0.0, 7.021, 12.442, 12.779, 16.221, 18.811, 19.648, 21.213, 25.312, 31.509, 35.851, 37.724, 38.352, 38.331, 38.606, 39.121, 37.777, 37.546, 37.732, 35.642, 34.693, 34.38, 34.777, 37.356, 42.346, 47.175, 48.246, 48.78, 50.422, 50.502, 50.756, 51.128, 50.1, 50.604, 50.722, 50.612, 51.34, 50.576, 48.43, 47.05, 47.121, 47.64, 45.76, 44.427, 43.889, 45.234, 46.196, 44.208, 44.332, 42.482, 40.87, 40.807, 40.706, 41.224, 41.494, 41.42, 41.826, 41.617], [44.111, 42.17, 40.094, 40.027, 39.001, 37.508, 36.997, 38.188, 38.791, 37.594, 36.629, 36.923, 37.664, 34.665, 32.116, 30.798, 29.5, 29.757, 29.829, 27.19, 23.476, 21.582, 20.163, 19.385, 16.618, 14.446, 13.862, 10.548, 7.021, 0.0, 6.847, 9.203, 13.71, 16.698, 17.843, 19.595, 23.865, 30.223, 34.656, 36.725, 37.477, 37.475, 37.764, 38.324, 36.824, 36.381, 36.523, 34.421, 33.467, 33.186, 33.707, 36.209, 41.147, 46.008, 47.075, 47.56, 49.17, 49.263, 49.52, 49.872, 48.801, 49.257, 49.329, 49.26, 50.054, 49.263, 47.093, 45.719, 45.807, 46.356, 44.53, 43.238, 42.744, 44.036, 44.931, 43.063, 43.189, 41.293, 39.711, 39.695, 39.64, 40.126, 40.369, 40.273, 40.61, 40.328], [46.434, 44.544, 42.467, 42.394, 41.426, 39.886, 39.416, 40.396, 41.045, 39.387, 38.133, 38.816, 39.704, 36.739, 34.143, 32.917, 31.393, 31.449, 31.562, 29.129, 25.232, 23.742, 23.284, 22.605, 20.336, 18.549, 17.916, 14.957, 12.442, 6.847, 0.0, 6.619, 12.715, 16.032, 17.19, 18.877, 23.254, 29.563, 33.895, 36.158, 36.984, 36.769, 37.027, 37.599, 35.963, 35.194, 35.269, 33.518, 32.689, 32.444, 33.262, 35.706, 40.395, 45.117, 46.189, 46.507, 47.867, 47.96, 48.198, 48.473, 47.345, 47.781, 47.778, 47.7, 48.709, 48.014, 45.802, 44.395, 44.543, 45.094, 43.344, 42.151, 41.711, 42.91, 43.811, 42.367, 42.493, 40.633, 39.282, 39.315, 39.263, 39.53, 39.625, 39.51, 39.704, 39.309], [45.911, 43.999, 41.884, 41.806, 40.909, 39.391, 39.019, 40.196, 40.873, 39.695, 38.465, 38.981, 39.816, 36.625, 33.949, 32.896, 31.725, 31.856, 32.067, 29.623, 24.765, 22.639, 22.789, 22.298, 19.935, 18.338, 17.775, 14.885, 12.779, 9.203, 6.619, 0.0, 7.944, 12.1, 13.361, 15.706, 20.773, 27.464, 31.903, 34.242, 35.112, 34.816, 35.08, 35.665, 34.051, 33.317, 33.57, 32.049, 31.18, 30.901, 31.511, 33.867, 38.742, 43.586, 44.726, 45.037, 46.401, 46.478, 46.691, 46.957, 45.829, 46.348, 46.388, 46.334, 47.434, 46.931, 44.845, 43.467, 43.592, 44.084, 42.221, 40.94, 40.501, 41.622, 42.571, 41.22, 41.397, 39.616, 38.396, 38.388, 38.229, 38.392, 38.465, 38.333, 38.612, 38.482], [46.538, 44.611, 42.57, 42.56, 41.714, 40.256, 40.091, 41.687, 42.366, 41.389, 39.971, 40.126, 40.827, 37.457, 34.682, 33.754, 33.192, 33.517, 33.792, 31.284, 25.483, 22.798, 23.757, 23.809, 21.952, 20.79, 20.276, 17.479, 16.221, 13.71, 12.715, 7.944, 0.0, 4.984, 7.269, 11.172, 17.02, 24.267, 29.008, 31.6, 32.585, 32.29, 32.556, 33.192, 31.654, 31.112, 31.78, 30.321, 29.115, 28.911, 29.349, 31.321, 36.354, 41.5, 42.75, 43.004, 44.46, 44.585, 44.76, 45.005, 43.696, 44.183, 44.209, 44.292, 45.422, 44.92, 43.049, 41.836, 41.833, 42.34, 40.419, 38.97, 38.655, 39.676, 40.613, 39.232, 39.373, 37.902, 37.146, 37.204, 36.917, 37.139, 37.501, 37.366, 37.786, 38.159], [47.521, 45.599, 43.577, 43.591, 42.776, 41.393, 41.281, 43.097, 43.794, 42.92, 41.519, 41.547, 42.213, 38.794, 35.936, 34.999, 34.727, 35.154, 35.453, 32.812, 26.486, 23.545, 24.956, 25.329, 23.85, 22.969, 22.39, 19.733, 18.811, 16.698, 16.032, 12.1, 4.984, 0.0, 4.194, 9.605, 15.736, 23.21, 28.146, 30.897, 31.923, 31.613, 31.848, 32.546, 31.127, 30.696, 31.635, 30.258, 28.852, 28.715, 29.163, 30.863, 35.888, 41.21, 42.521, 42.72, 44.186, 44.342, 44.496, 44.677, 43.19, 43.637, 43.68, 43.835, 44.993, 44.43, 42.596, 41.501, 41.391, 41.864, 39.99, 38.464, 38.222, 39.166, 40.14, 38.697, 38.731, 37.42, 36.928, 37.061, 36.705, 36.953, 37.495, 37.372, 37.841, 38.442], [47.658, 45.863, 43.808, 43.791, 42.984, 41.554, 41.407, 43.14, 43.906, 43.095, 41.898, 41.957, 42.531, 39.074, 36.101, 35.233, 34.966, 35.348, 35.709, 33.053, 26.435, 23.92, 25.762, 26.231, 24.751, 23.817, 23.217, 20.594, 19.648, 17.843, 17.19, 13.361, 7.269, 4.194, 0.0, 6.583, 13.937, 22.008, 27.069, 29.863, 31.035, 30.739, 30.946, 31.667, 30.416, 30.091, 30.975, 29.815, 28.567, 28.478, 29.182, 30.861, 35.611, 40.852, 42.175, 42.275, 43.634, 43.743, 43.92, 44.182, 42.733, 43.13, 43.206, 43.464, 44.687, 44.219, 42.508, 41.483, 41.414, 41.928, 40.096, 38.621, 38.411, 39.279, 40.158, 38.792, 38.813, 37.361, 36.706, 36.754, 36.416, 36.543, 36.995, 36.876, 37.253, 37.803], [46.829, 45.319, 43.39, 43.348, 42.562, 41.116, 40.928, 42.232, 43.005, 42.1, 41.033, 41.027, 41.289, 37.957, 35.024, 34.142, 33.51, 33.728, 34.113, 31.616, 25.511, 24.387, 26.67, 27.304, 26.095, 25.422, 24.996, 22.376, 21.213, 19.595, 18.877, 15.706, 11.172, 9.605, 6.583, 0.0, 8.906, 18.02, 23.364, 26.118, 27.407, 27.223, 27.403, 28.162, 27.119, 26.968, 27.704, 26.684, 25.716, 25.78, 26.966, 28.574, 32.785, 37.86, 39.177, 39.214, 40.534, 40.604, 40.83, 41.237, 39.909, 40.219, 40.326, 40.767, 42.077, 41.712, 40.242, 39.377, 39.4, 40.119, 38.538, 37.399, 37.295, 37.993, 38.55, 37.375, 37.551, 35.779, 34.657, 34.526, 34.277, 34.285, 34.631, 34.556, 34.853, 35.427], [45.954, 44.652, 42.972, 43.003, 42.288, 40.884, 40.691, 41.573, 42.213, 40.925, 39.671, 39.689, 39.905, 36.832, 33.969, 33.039, 32.134, 32.194, 32.599, 30.444, 25.157, 25.736, 28.926, 29.879, 29.187, 29.203, 29.257, 26.693, 25.312, 23.865, 23.254, 20.773, 17.02, 15.736, 13.937, 8.906, 0.0, 9.843, 15.903, 19.154, 20.867, 21.037, 21.255, 22.081, 21.407, 21.573, 22.33, 21.55, 20.978, 21.304, 22.927, 24.245, 27.66, 32.379, 33.659, 33.731, 35.177, 35.275, 35.551, 36.03, 34.813, 35.231, 35.424, 35.964, 37.179, 36.822, 35.737, 35.354, 35.325, 35.987, 35.055, 34.877, 35.112, 35.388, 35.314, 34.543, 35.211, 33.462, 32.028, 31.711, 31.587, 31.566, 31.844, 31.816, 32.11, 32.916], [46.704, 45.578, 44.046, 44.138, 43.689, 42.42, 42.234, 42.653, 43.166, 41.578, 40.128, 40.327, 40.668, 37.964, 35.318, 34.585, 33.522, 33.263, 33.712, 32.268, 28.101, 29.953, 33.893, 35.058, 34.597, 34.933, 35.293, 32.93, 31.509, 30.223, 29.563, 27.464, 24.267, 23.21, 22.008, 18.02, 9.843, 0.0, 6.911, 11.411, 14.083, 14.814, 15.197, 15.984, 15.997, 16.774, 17.475, 17.597, 18.03, 18.595, 20.558, 21.433, 23.365, 27.093, 28.297, 28.475, 30.003, 30.1, 30.438, 31.027, 30.127, 30.786, 31.066, 31.673, 32.728, 32.538, 32.207, 32.612, 32.503, 32.859, 32.825, 34.109, 34.879, 34.585, 33.808, 33.891, 35.183, 33.74, 32.261, 31.709, 31.717, 31.546, 31.549, 31.533, 31.793, 32.823], [47.92, 46.925, 45.448, 45.535, 45.41, 44.353, 44.153, 44.194, 44.666, 43.133, 41.777, 42.135, 42.488, 40.049, 37.635, 37.178, 35.896, 35.228, 35.709, 34.743, 31.318, 33.771, 37.953, 39.208, 38.733, 38.981, 39.4, 37.249, 35.851, 34.656, 33.895, 31.903, 29.008, 28.146, 27.069, 23.364, 15.903, 6.911, 0.0, 5.877, 10.011, 11.382, 11.904, 12.559, 13.43, 14.984, 15.47, 16.61, 18.038, 18.688, 20.934, 21.578, 22.185, 24.862, 25.99, 26.292, 27.747, 27.737, 28.098, 28.851, 28.388, 29.173, 29.464, 30.161, 31.17, 31.294, 31.673, 32.548, 32.415, 32.613, 33.033, 35.106, 36.235, 35.688, 34.639, 35.379, 36.952, 35.652, 34.171, 33.463, 33.552, 33.133, 32.847, 32.826, 33.016, 34.144], [46.904, 46.056, 44.687, 44.744, 44.793, 44.043, 43.859, 43.604, 44.052, 42.776, 41.654, 41.853, 42.038, 39.898, 37.753, 37.464, 36.006, 35.142, 35.629, 34.862, 32.343, 35.365, 39.296, 40.652, 40.297, 40.525, 40.994, 39.078, 37.724, 36.725, 36.158, 34.242, 31.6, 30.897, 29.863, 26.118, 19.154, 11.411, 5.877, 0.0, 5.542, 8.154, 8.912, 9.544, 11.505, 14.431, 14.796, 15.745, 17.72, 18.347, 20.777, 21.446, 21.341, 23.529, 24.59, 25.153, 26.85, 26.792, 27.183, 28.186, 28.245, 29.147, 29.465, 30.322, 31.342, 31.677, 32.476, 33.533, 33.352, 33.508, 33.967, 36.204, 37.435, 36.967, 35.841, 36.501, 38.223, 37.02, 35.345, 34.461, 34.615, 34.175, 33.762, 33.745, 34.001, 35.279], [45.794, 45.021, 43.735, 43.781, 43.81, 43.222, 43.143, 42.84, 43.275, 42.13, 40.891, 40.79, 40.86, 38.926, 37.141, 36.934, 35.455, 34.624, 35.054, 34.474, 32.672, 35.7, 39.227, 40.594, 40.454, 40.863, 41.352, 39.563, 38.352, 37.477, 36.984, 35.112, 32.585, 31.923, 31.035, 27.407, 20.867, 14.083, 10.011, 5.542, 0.0, 4.034, 5.563, 6.51, 9.476, 13.464, 13.991, 14.053, 16.015, 16.589, 18.991, 19.86, 19.759, 22.025, 23.099, 23.934, 26.033, 26.094, 26.52, 27.626, 27.957, 29.011, 29.275, 30.169, 31.283, 31.643, 32.481, 33.575, 33.303, 33.358, 33.757, 35.985, 37.185, 36.879, 35.946, 36.426, 38.245, 37.299, 35.688, 34.768, 34.918, 34.649, 34.251, 34.232, 34.649, 36.079], [46.227, 45.428, 44.112, 44.153, 44.133, 43.481, 43.442, 43.27, 43.765, 42.581, 41.165, 41.024, 41.112, 39.136, 37.365, 37.187, 35.774, 34.988, 35.452, 34.908, 32.866, 35.552, 39.047, 40.358, 40.25, 40.737, 41.198, 39.42, 38.331, 37.475, 36.769, 34.816, 32.29, 31.613, 30.739, 27.223, 21.037, 14.814, 11.382, 8.154, 4.034, 0.0, 2.595, 4.348, 7.98, 12.247, 13.074, 13.341, 15.21, 15.748, 18.21, 19.334, 19.619, 22.12, 23.285, 24.069, 26.124, 26.249, 26.672, 27.7, 27.915, 29.002, 29.223, 30.112, 31.433, 31.804, 32.434, 33.386, 33.122, 33.16, 33.528, 35.708, 36.855, 36.617, 35.928, 36.515, 38.3, 37.382, 35.883, 35.0, 35.091, 34.784, 34.347, 34.321, 34.743, 36.121], [46.712, 45.905, 44.586, 44.623, 44.587, 43.93, 43.897, 43.807, 44.339, 43.18, 41.762, 41.556, 41.587, 39.573, 37.711, 37.481, 36.172, 35.496, 36.005, 35.398, 33.164, 35.702, 39.228, 40.588, 40.504, 40.994, 41.418, 39.638, 38.606, 37.764, 37.027, 35.08, 32.556, 31.848, 30.946, 27.403, 21.255, 15.197, 11.904, 8.912, 5.563, 2.595, 0.0, 2.788, 7.507, 12.086, 13.143, 13.546, 15.291, 15.851, 18.437, 19.714, 20.213, 22.859, 24.09, 24.825, 26.824, 26.942, 27.341, 28.328, 28.354, 29.339, 29.576, 30.52, 31.927, 32.219, 32.616, 33.44, 33.203, 33.3, 33.747, 35.959, 37.139, 36.984, 36.383, 36.986, 38.739, 37.757, 36.203, 35.326, 35.408, 35.11, 34.708, 34.693, 35.071, 36.352], [46.998, 46.196, 44.889, 44.932, 44.888, 44.232, 44.229, 44.121, 44.655, 43.481, 42.027, 41.788, 41.744, 39.723, 37.919, 37.755, 36.431, 35.727, 36.241, 35.701, 33.522, 36.119, 39.707, 41.07, 40.959, 41.46, 41.898, 40.126, 39.121, 38.324, 37.599, 35.665, 33.192, 32.546, 31.667, 28.162, 22.081, 15.984, 12.559, 9.544, 6.51, 4.348, 2.788, 0.0, 6.019, 11.094, 12.247, 13.043, 15.044, 15.62, 18.349, 19.637, 19.884, 22.364, 23.616, 24.342, 26.286, 26.374, 26.805, 27.828, 27.874, 28.857, 29.087, 30.053, 31.458, 31.754, 32.172, 33.022, 32.82, 32.946, 33.478, 35.83, 37.093, 36.933, 36.268, 36.955, 38.794, 37.974, 36.557, 35.696, 35.78, 35.454, 35.006, 34.959, 35.312, 36.593], [46.339, 45.467, 44.201, 44.273, 44.152, 43.503, 43.511, 43.489, 44.001, 42.696, 41.151, 41.001, 40.924, 38.917, 37.343, 37.241, 35.868, 35.145, 35.561, 34.916, 32.829, 35.218, 38.496, 39.699, 39.535, 40.052, 40.541, 38.822, 37.777, 36.824, 35.963, 34.051, 31.654, 31.127, 30.416, 27.119, 21.407, 15.997, 13.43, 11.505, 9.476, 7.98, 7.507, 6.019, 0.0, 6.153, 8.605, 9.704, 12.134, 12.614, 15.599, 17.311, 18.117, 21.19, 22.514, 23.192, 25.084, 25.238, 25.687, 26.533, 26.434, 27.62, 27.832, 28.621, 30.058, 30.304, 30.556, 31.324, 31.142, 31.284, 31.711, 34.031, 35.259, 35.066, 34.262, 34.778, 36.626, 36.069, 35.224, 34.599, 34.604, 34.286, 33.775, 33.674, 34.093, 35.353], [47.71, 46.749, 45.415, 45.481, 45.275, 44.474, 44.478, 44.479, 44.985, 43.446, 41.735, 42.001, 42.114, 40.046, 38.576, 38.394, 36.849, 36.05, 36.436, 35.811, 33.459, 35.582, 38.885, 39.879, 39.576, 39.929, 40.326, 38.631, 37.546, 36.381, 35.194, 33.317, 31.112, 30.696, 30.091, 26.968, 21.573, 16.774, 14.984, 14.431, 13.464, 12.247, 12.086, 11.094, 6.153, 0.0, 4.826, 8.503, 11.268, 11.829, 14.843, 16.317, 17.33, 20.626, 22.022, 22.492, 23.959, 24.07, 24.492, 25.075, 24.646, 25.768, 25.967, 26.537, 27.975, 28.197, 28.264, 28.9, 28.868, 29.151, 29.599, 31.984, 33.174, 32.846, 32.009, 32.817, 34.638, 34.076, 33.662, 33.373, 33.315, 32.73, 32.116, 31.967, 32.344, 33.579], [47.335, 46.405, 44.993, 45.03, 44.825, 43.899, 43.864, 43.587, 44.093, 42.437, 40.843, 41.457, 41.782, 39.891, 38.384, 38.147, 36.321, 35.345, 35.759, 35.442, 33.668, 36.45, 39.771, 40.67, 40.203, 40.258, 40.622, 38.938, 37.732, 36.523, 35.269, 33.57, 31.78, 31.635, 30.975, 27.704, 22.33, 17.475, 15.47, 14.796, 13.991, 13.074, 13.143, 12.247, 8.605, 4.826, 0.0, 7.262, 11.397, 11.95, 15.06, 16.337, 16.61, 19.336, 20.687, 21.109, 22.443, 22.415, 22.905, 23.842, 23.885, 24.913, 25.124, 25.774, 27.175, 27.586, 27.984, 28.687, 28.838, 29.341, 29.823, 32.333, 33.495, 33.1, 32.139, 33.207, 35.132, 34.239, 33.339, 32.894, 32.98, 32.24, 31.424, 31.266, 31.545, 32.756], [44.409, 43.446, 42.174, 42.271, 41.923, 41.074, 41.09, 40.953, 41.381, 39.77, 38.124, 38.395, 38.673, 36.997, 35.717, 35.374, 33.659, 32.969, 33.194, 32.687, 31.768, 34.613, 37.124, 38.008, 37.756, 37.965, 38.458, 36.843, 35.642, 34.421, 33.518, 32.049, 30.321, 30.258, 29.815, 26.684, 21.55, 17.597, 16.61, 15.745, 14.053, 13.341, 13.546, 13.043, 9.704, 8.503, 7.262, 0.0, 5.418, 5.838, 9.51, 12.385, 14.798, 19.091, 20.473, 21.065, 23.092, 23.306, 23.788, 24.812, 24.889, 26.116, 26.279, 26.831, 28.163, 28.178, 28.073, 28.537, 28.509, 28.938, 29.025, 31.141, 32.185, 32.209, 31.418, 31.531, 33.35, 32.562, 31.634, 31.18, 31.333, 31.469, 31.147, 31.037, 31.617, 32.845], [45.075, 43.986, 42.759, 42.907, 42.398, 41.505, 41.606, 41.884, 42.288, 40.689, 38.766, 38.757, 38.99, 37.141, 35.912, 35.44, 33.93, 33.536, 33.671, 32.784, 31.309, 33.436, 35.698, 36.58, 36.512, 36.924, 37.38, 35.736, 34.693, 33.467, 32.689, 31.18, 29.115, 28.852, 28.567, 25.716, 20.978, 18.03, 18.038, 17.72, 16.015, 15.21, 15.291, 15.044, 12.134, 11.268, 11.397, 5.418, 0.0, 2.055, 6.533, 10.196, 14.993, 20.613, 22.102, 22.528, 24.569, 24.897, 25.278, 25.966, 25.422, 26.552, 26.634, 27.021, 28.353, 27.945, 27.123, 27.211, 27.043, 27.445, 27.204, 28.89, 29.897, 30.272, 29.889, 29.449, 30.97, 30.405, 29.956, 29.779, 29.833, 30.507, 30.782, 30.695, 31.472, 32.818], [44.461, 43.368, 42.128, 42.274, 41.786, 40.928, 41.015, 41.296, 41.708, 40.176, 38.318, 38.323, 38.597, 36.795, 35.608, 35.207, 33.801, 33.435, 33.54, 32.686, 31.414, 33.467, 35.515, 36.355, 36.259, 36.637, 37.114, 35.469, 34.38, 33.186, 32.444, 30.901, 28.911, 28.715, 28.478, 25.78, 21.304, 18.595, 18.688, 18.347, 16.589, 15.748, 15.851, 15.62, 12.614, 11.829, 11.95, 5.838, 2.055, 0.0, 5.372, 9.956, 15.221, 20.913, 22.391, 22.896, 25.03, 25.371, 25.748, 26.461, 26.023, 27.266, 27.367, 27.675, 28.98, 28.606, 27.782, 27.844, 27.658, 28.012, 27.698, 29.311, 30.257, 30.669, 30.306, 29.745, 31.271, 30.704, 30.201, 29.978, 30.042, 30.766, 31.0, 30.917, 31.717, 33.019], [43.91, 42.751, 41.54, 41.723, 41.196, 40.381, 40.503, 40.937, 41.309, 39.935, 38.042, 37.98, 38.357, 36.607, 35.551, 35.083, 34.066, 34.025, 34.008, 33.316, 32.599, 34.339, 35.815, 36.533, 36.493, 36.915, 37.452, 35.882, 34.777, 33.707, 33.262, 31.511, 29.349, 29.163, 29.182, 26.966, 22.927, 20.558, 20.934, 20.777, 18.991, 18.21, 18.437, 18.349, 15.599, 14.843, 15.06, 9.51, 6.533, 5.372, 0.0, 7.077, 14.577, 20.762, 22.241, 22.985, 25.469, 25.961, 26.298, 26.946, 26.618, 28.079, 28.235, 28.368, 29.537, 29.145, 28.315, 28.353, 28.096, 28.388, 27.928, 29.383, 30.222, 30.622, 30.26, 29.384, 30.954, 30.448, 29.91, 29.658, 29.688, 30.786, 31.241, 31.151, 32.234, 33.75], [45.805, 44.655, 43.438, 43.599, 43.01, 42.158, 42.384, 42.902, 43.258, 41.703, 39.61, 39.612, 40.067, 38.366, 37.285, 36.658, 35.616, 35.654, 35.656, 35.001, 34.284, 36.374, 38.172, 38.941, 39.076, 39.634, 40.075, 38.459, 37.356, 36.209, 35.706, 33.867, 31.321, 30.863, 30.861, 28.574, 24.245, 21.433, 21.578, 21.446, 19.86, 19.334, 19.714, 19.637, 17.311, 16.317, 16.337, 12.385, 10.196, 9.956, 7.077, 0.0, 9.316, 16.42, 18.011, 18.676, 21.28, 21.912, 22.21, 22.719, 22.341, 23.871, 24.207, 24.599, 25.864, 25.62, 25.323, 25.771, 25.52, 25.977, 25.568, 27.16, 28.162, 28.013, 27.163, 26.564, 28.343, 28.152, 28.007, 27.78, 27.758, 28.824, 29.547, 29.397, 30.678, 33.046], [47.773, 46.913, 45.776, 45.868, 45.399, 44.582, 44.87, 44.932, 45.256, 43.392, 41.227, 41.394, 41.783, 40.482, 39.594, 39.195, 37.788, 37.367, 37.507, 37.37, 37.211, 40.486, 42.976, 43.82, 44.011, 44.664, 45.123, 43.52, 42.346, 41.147, 40.395, 38.742, 36.354, 35.888, 35.611, 32.785, 27.66, 23.365, 22.185, 21.341, 19.759, 19.619, 20.213, 19.884, 18.117, 17.33, 16.61, 14.798, 14.993, 15.221, 14.577, 9.316, 0.0, 7.705, 9.511, 10.165, 13.306, 14.18, 14.707, 15.673, 16.389, 18.275, 18.952, 20.212, 21.681, 22.153, 23.638, 25.238, 25.131, 25.689, 25.913, 28.319, 29.616, 28.546, 26.543, 27.016, 29.399, 29.577, 29.531, 29.042, 29.143, 29.609, 29.873, 29.652, 30.76, 33.74], [49.968, 49.35, 48.308, 48.378, 48.062, 47.271, 47.56, 47.138, 47.409, 45.355, 43.131, 43.473, 43.869, 42.929, 42.286, 42.132, 40.46, 39.621, 39.83, 40.398, 40.989, 44.968, 47.784, 48.581, 48.721, 49.384, 49.919, 48.391, 47.175, 46.008, 45.117, 43.586, 41.5, 41.21, 40.852, 37.86, 32.379, 27.093, 24.862, 23.529, 22.025, 22.12, 22.859, 22.364, 21.19, 20.626, 19.336, 19.091, 20.613, 20.913, 20.762, 16.42, 7.705, 0.0, 2.451, 4.449, 8.621, 9.777, 10.692, 12.394, 14.997, 17.217, 18.046, 19.67, 20.951, 22.171, 25.158, 27.539, 27.543, 28.02, 28.844, 31.886, 33.293, 31.704, 29.04, 30.455, 33.211, 33.463, 33.21, 32.495, 32.715, 32.708, 32.449, 32.189, 33.108, 36.196], [50.312, 49.75, 48.771, 48.855, 48.537, 47.758, 48.047, 47.518, 47.759, 45.627, 43.363, 43.717, 44.117, 43.299, 42.785, 42.668, 40.888, 39.966, 40.135, 40.835, 41.783, 45.957, 48.709, 49.477, 49.651, 50.377, 50.955, 49.472, 48.246, 47.075, 46.189, 44.726, 42.75, 42.521, 42.175, 39.177, 33.659, 28.297, 25.99, 24.59, 23.099, 23.285, 24.09, 23.616, 22.514, 22.022, 20.687, 20.473, 22.102, 22.391, 22.241, 18.011, 9.511, 2.451, 0.0, 3.733, 8.231, 9.51, 10.5, 12.232, 15.325, 17.658, 18.478, 20.019, 21.153, 22.541, 25.845, 28.385, 28.384, 28.819, 29.733, 32.836, 34.209, 32.513, 29.654, 31.107, 33.913, 34.214, 33.941, 33.189, 33.442, 33.418, 33.091, 32.831, 33.754, 36.87], [51.58, 50.994, 49.984, 50.087, 49.69, 48.783, 49.075, 48.59, 48.863, 46.581, 44.235, 44.69, 45.087, 44.17, 43.543, 43.427, 41.681, 40.803, 41.019, 41.604, 42.1, 46.332, 49.34, 50.086, 50.258, 50.975, 51.528, 49.996, 48.78, 47.56, 46.507, 45.037, 43.004, 42.72, 42.275, 39.214, 33.731, 28.475, 26.292, 25.153, 23.934, 24.069, 24.825, 24.342, 23.192, 22.492, 21.109, 21.065, 22.528, 22.896, 22.985, 18.676, 10.165, 4.449, 3.733, 0.0, 5.101, 6.905, 8.136, 10.004, 13.275, 15.77, 16.621, 18.338, 19.687, 21.224, 24.721, 27.344, 27.402, 27.977, 28.922, 32.04, 33.466, 31.691, 28.7, 30.255, 32.953, 33.328, 33.279, 32.555, 32.804, 32.752, 32.479, 32.217, 33.06, 36.22], [54.053, 53.448, 52.355, 52.452, 52.055, 51.021, 51.286, 50.735, 51.047, 48.635, 46.253, 46.953, 47.378, 46.324, 45.555, 45.469, 43.607, 42.631, 42.889, 43.467, 43.492, 47.773, 51.228, 51.952, 52.044, 52.705, 53.203, 51.649, 50.422, 49.17, 47.867, 46.401, 44.46, 44.186, 43.634, 40.534, 35.177, 30.003, 27.747, 26.85, 26.033, 26.124, 26.824, 26.286, 25.084, 23.959, 22.443, 23.092, 24.569, 25.03, 25.469, 21.28, 13.306, 8.621, 8.231, 5.101, 0.0, 3.043, 4.962, 6.87, 10.793, 13.495, 14.486, 16.281, 17.769, 19.667, 23.617, 26.404, 26.629, 27.403, 28.518, 31.756, 33.242, 31.295, 28.185, 30.235, 32.751, 33.109, 33.336, 32.676, 32.923, 32.63, 32.284, 32.008, 32.681, 35.85], [54.173, 53.559, 52.4, 52.48, 52.142, 51.105, 51.361, 50.744, 51.064, 48.701, 46.438, 47.268, 47.723, 46.614, 45.772, 45.714, 43.8, 42.756, 43.028, 43.611, 43.51, 47.829, 51.441, 52.244, 52.281, 52.794, 53.252, 51.726, 50.502, 49.263, 47.96, 46.478, 44.585, 44.342, 43.743, 40.604, 35.275, 30.1, 27.737, 26.792, 26.094, 26.249, 26.942, 26.374, 25.238, 24.07, 22.415, 23.306, 24.897, 25.371, 25.961, 21.912, 14.18, 9.777, 9.51, 6.905, 3.043, 0.0, 2.863, 5.893, 10.357, 12.982, 14.015, 15.829, 17.235, 19.214, 23.28, 26.086, 26.38, 27.229, 28.342, 31.573, 33.042, 31.087, 28.065, 30.294, 32.778, 33.004, 33.149, 32.484, 32.767, 32.334, 31.901, 31.625, 32.223, 35.362], [54.34, 53.707, 52.537, 52.618, 52.284, 51.255, 51.523, 50.934, 51.258, 48.884, 46.59, 47.443, 47.947, 46.836, 45.972, 45.907, 44.028, 43.006, 43.273, 43.819, 43.639, 47.907, 51.529, 52.365, 52.516, 53.076, 53.511, 51.979, 50.756, 49.52, 48.198, 46.691, 44.76, 44.496, 43.92, 40.83, 35.551, 30.438, 28.098, 27.183, 26.52, 26.672, 27.341, 26.805, 25.687, 24.492, 22.905, 23.788, 25.278, 25.748, 26.298, 22.21, 14.707, 10.692, 10.5, 8.136, 4.962, 2.863, 0.0, 4.244, 9.358, 12.125, 13.221, 15.062, 16.458, 18.417, 22.541, 25.378, 25.682, 26.569, 27.68, 30.929, 32.424, 30.449, 27.458, 29.786, 32.291, 32.586, 32.835, 32.207, 32.491, 32.032, 31.618, 31.345, 31.941, 35.124], [55.458, 54.756, 53.578, 53.677, 53.286, 52.226, 52.484, 52.034, 52.373, 49.918, 47.437, 48.265, 48.803, 47.594, 46.711, 46.553, 44.637, 43.66, 43.911, 44.329, 43.905, 47.965, 51.632, 52.416, 52.658, 53.448, 53.881, 52.332, 51.128, 49.872, 48.