[[0.0, 4.075, 7.796, 10.095, 12.358, 19.043, 23.567, 24.407, 29.683, 32.058, 34.654, 39.587, 40.186, 40.212, 41.528, 41.41, 40.815, 40.718, 41.001, 41.921, 42.726, 43.442, 44.668, 45.538, 45.75, 48.098, 50.931, 51.745, 53.362, 56.051, 58.455, 58.706, 59.026, 58.545, 58.084, 58.521, 58.926, 58.891, 58.952, 59.626, 60.22, 58.641, 55.456, 55.123, 54.224, 52.764, 53.244, 52.819, 53.172, 54.635, 54.52, 53.481, 53.325, 55.064, 56.013, 55.597, 55.684, 56.183, 55.736, 55.164, 54.342, 54.197, 53.908, 53.756, 53.825, 53.169, 51.028, 48.398, 46.595, 46.76, 47.228, 47.119, 46.909, 47.076, 47.123, 47.724, 48.033, 47.486, 47.847, 48.715, 49.618, 50.029, 50.25, 51.333, 53.179, 51.891], [4.075, 0.0, 5.3, 8.431, 10.952, 18.125, 22.95, 24.049, 29.556, 31.973, 34.61, 39.665, 40.337, 40.371, 41.831, 41.839, 41.265, 41.154, 41.427, 42.352, 43.138, 43.852, 45.085, 45.984, 46.195, 48.577, 51.41, 52.165, 53.774, 56.472, 58.938, 59.116, 59.362, 58.959, 58.585, 59.094, 59.512, 59.454, 59.523, 60.233, 60.825, 59.195, 55.965, 55.628, 54.703, 53.178, 53.612, 53.199, 53.478, 54.846, 54.734, 53.903, 53.904, 55.607, 56.529, 56.102, 56.153, 56.594, 56.129, 55.547, 54.736, 54.627, 54.346, 54.199, 54.267, 53.642, 51.497, 48.766, 46.819, 46.918, 47.391, 47.296, 47.081, 47.293, 47.418, 48.054, 48.385, 47.821, 48.186, 49.068, 50.0, 50.441, 50.655, 51.749, 53.541, 52.094], [7.796, 5.3, 0.0, 4.367, 7.576, 15.532, 21.036, 22.602, 28.709, 31.231, 33.9, 39.201, 40.006, 40.019, 41.622, 41.683, 41.188, 41.288, 41.648, 42.657, 43.437, 44.067, 45.225, 46.141, 46.334, 48.755, 51.655, 52.34, 53.995, 56.885, 59.502, 59.668, 59.906, 59.523, 59.157, 59.792, 60.396, 60.366, 60.497, 61.357, 61.95, 60.319, 57.122, 56.836, 55.794, 54.19, 54.62, 54.189, 54.455, 55.798, 55.636, 54.944, 55.09, 56.667, 57.527, 57.117, 57.213, 57.649, 57.168, 56.559, 55.759, 55.718, 55.441, 55.268, 55.303, 54.598, 52.288, 49.37, 47.201, 47.104, 47.599, 47.502, 47.256, 47.542, 47.852, 48.691, 49.151, 48.625, 49.119, 50.052, 51.023, 51.547, 51.8, 52.898, 54.721, 53.17], [10.095, 8.431, 4.367, 0.0, 4.822, 14.151, 20.113, 21.836, 28.253, 30.821, 33.463, 38.898, 39.797, 39.806, 41.409, 41.452, 40.951, 41.131, 41.537, 42.61, 43.411, 44.008, 45.128, 46.048, 46.231, 48.658, 51.575, 52.241, 53.927, 56.917, 59.601, 59.828, 60.138, 59.772, 59.402, 60.062, 60.757, 60.787, 60.92, 61.839, 62.423, 60.82, 57.66, 57.398, 56.314, 54.665, 55.079, 54.64, 54.94, 56.293, 56.106, 55.414, 55.61, 57.133, 57.993, 57.636, 57.813, 58.32, 57.867, 57.277, 56.499, 56.471, 56.198, 56.017, 56.039, 55.234, 52.802, 49.8, 47.569, 47.38, 47.881, 47.8, 47.555, 47.817, 48.174, 49.135, 49.68, 49.195, 49.795, 50.777, 51.783, 52.396, 52.755, 53.939, 55.82, 54.328], [12.358, 10.952, 7.576, 4.822, 0.0, 11.525, 18.155, 20.083, 27.096, 29.691, 32.235, 37.759, 38.719, 38.732, 40.382, 40.421, 39.995, 40.417, 41.004, 42.155, 42.978, 43.535, 44.601, 45.542, 45.653, 47.945, 50.878, 51.553, 53.241, 56.376, 59.147, 59.387, 59.749, 59.354, 58.949, 59.653, 60.413, 60.432, 60.673, 61.798, 62.426, 60.827, 57.724, 57.473, 56.324, 54.624, 55.023, 54.594, 54.911, 56.271, 56.072, 55.365, 55.5, 56.973, 57.806, 57.501, 57.757, 58.304, 57.907, 57.436, 56.742, 56.711, 56.406, 56.19, 56.173, 55.331, 52.969, 50.093, 47.909, 47.679, 48.207, 48.072, 47.723, 47.788, 48.054, 49.106, 49.735, 49.35, 49.937, 50.883, 51.869, 52.489, 52.917, 54.234, 56.174, 54.707], [19.043, 18.125, 15.532, 14.151, 11.525, 0.0, 7.867, 12.038, 21.593, 24.759, 27.408, 33.705, 35.02, 35.091, 37.075, 37.232, 36.929, 37.663, 38.756, 40.204, 41.076, 41.615, 42.686, 43.676, 43.717, 45.909, 49.0, 49.744, 51.415, 54.669, 57.469, 57.381, 57.618, 57.08, 56.626, 57.447, 58.589, 58.71, 59.326, 61.786, 62.849, 61.233, 58.108, 57.885, 56.568, 54.697, 55.04, 54.364, 54.657, 56.002, 55.829, 55.157, 55.4, 56.839, 57.568, 57.217, 57.428, 57.982, 57.654, 57.217, 56.421, 56.418, 56.129, 55.879, 55.861, 55.047, 52.732, 49.88, 47.712, 47.392, 47.96, 47.647, 47.106, 47.111, 47.496, 48.748, 49.642, 49.32, 50.193, 51.298, 52.301, 53.008, 53.413, 54.676, 56.509, 54.942], [23.567, 22.95, 21.036, 20.113, 18.155, 7.867, 0.0, 8.187, 20.071, 23.55, 26.33, 32.827, 34.138, 34.29, 36.307, 36.499, 36.296, 37.122, 38.441, 39.96, 40.832, 41.344, 42.389, 43.364, 43.424, 45.415, 48.385, 49.169, 50.782, 53.922, 56.594, 56.337, 56.585, 56.026, 55.574, 56.403, 57.722, 57.933, 58.67, 61.828, 63.29, 61.745, 58.567, 58.365, 56.998, 55.066, 55.358, 54.577, 54.907, 56.234, 56.081, 55.401, 55.72, 57.277, 58.006, 57.655, 57.893, 58.488, 58.19, 57.809, 57.049, 57.052, 56.771, 56.527, 56.499, 55.677, 53.446, 50.701, 48.632, 48.315, 48.854, 48.501, 47.956, 47.953, 48.361, 49.667, 50.673, 50.377, 51.341, 52.452, 53.473, 54.179, 54.52, 55.707, 57.421, 55.824], [24.407, 24.049, 22.602, 21.836, 20.083, 12.038, 8.187, 0.0, 13.621, 17.893, 20.648, 27.399, 28.97, 29.073, 31.101, 31.432, 31.207, 32.078, 33.478, 35.099, 36.006, 36.493, 37.544, 38.611, 38.74, 40.585, 43.378, 44.082, 45.672, 48.857, 51.574, 51.388, 51.918, 51.582, 51.291, 52.153, 53.443, 53.639, 54.401, 57.648, 59.196, 58.09, 55.516, 55.443, 54.241, 52.475, 52.785, 52.051, 52.454, 53.772, 53.587, 52.8, 53.403, 55.35, 56.141, 55.898, 56.326, 57.154, 56.915, 56.673, 56.203, 56.254, 55.945, 55.726, 55.726, 55.105, 53.242, 50.611, 48.584, 48.341, 48.982, 48.771, 48.17, 47.892, 48.181, 49.501, 50.451, 50.143, 50.982, 52.249, 53.398, 54.141, 54.625, 55.948, 57.741, 56.252], [29.683, 29.556, 28.709, 28.253, 27.096, 21.593, 20.071, 13.621, 0.0, 6.127, 10.314, 17.592, 19.918, 20.16, 22.619, 23.382, 23.044, 23.901, 25.654, 27.794, 28.803, 29.266, 30.416, 31.692, 31.855, 33.943, 36.788, 37.318, 38.831, 41.911, 44.652, 44.245, 44.632, 44.372, 44.437, 45.438, 46.621, 46.754, 47.6, 51.255, 52.763, 52.256, 51.621, 52.196, 51.144, 49.735, 50.103, 49.431, 49.694, 50.778, 50.53, 49.705, 50.733, 52.99, 53.727, 53.568, 54.125, 55.207, 55.136, 54.946, 54.709, 54.861, 54.582, 54.479, 54.555, 54.403, 53.302, 50.866, 48.843, 48.627, 49.385, 49.283, 48.402, 47.761, 48.107, 49.54, 50.42, 50.096, 50.847, 52.447, 53.717, 54.545, 55.357, 56.885, 58.736, 57.365], [32.058, 31.973, 31.231, 30.821, 29.691, 24.759, 23.55, 17.893, 6.127, 0.0, 7.395, 15.257, 17.722, 18.168, 20.891, 21.769, 21.554, 22.663, 24.579, 26.841, 27.892, 28.33, 29.45, 30.684, 30.731, 32.91, 35.836, 36.347, 37.858, 40.793, 43.499, 42.999, 43.16, 42.782, 42.945, 44.016, 45.172, 45.294, 46.143, 49.839, 51.326, 50.849, 50.911, 51.913, 50.764, 49.399, 49.774, 49.138, 49.327, 50.253, 49.952, 49.134, 50.233, 52.488, 53.205, 53.092, 53.677, 54.753, 54.756, 54.597, 54.449, 54.662, 54.393, 54.348, 54.435, 54.396, 53.569, 51.31, 49.318, 49.082, 49.842, 49.695, 48.667, 47.892, 48.269, 49.804, 50.69, 50.401, 51.153, 52.753, 54.032, 54.842, 55.735, 57.394, 59.294, 57.955], [34.654, 34.61, 33.9, 33.463, 32.235, 27.408, 26.33, 20.648, 10.314, 7.395, 0.0, 9.883, 13.68, 13.839, 16.823, 18.071, 18.124, 19.709, 21.943, 24.265, 25.154, 25.561, 26.881, 28.225, 28.146, 30.249, 33.219, 33.78, 35.356, 38.533, 41.339, 40.847, 41.298, 41.084, 41.243, 42.4, 43.63, 43.762, 44.609, 48.439, 49.922, 49.665, 49.96, 50.834, 49.939, 48.804, 49.194, 48.555, 48.825, 49.818, 49.566, 48.657, 49.748, 52.159, 52.944, 52.976, 53.633, 54.761, 54.784, 54.721, 54.59, 54.715, 54.398, 54.298, 54.369, 54.458, 53.77, 51.644, 49.843, 49.609, 50.356, 50.241, 49.28, 48.386, 48.622, 50.108, 50.958, 50.677, 51.349, 52.992, 54.259, 55.139, 56.081, 57.791, 59.657, 58.383], [39.587, 39.665, 39.201, 38.898, 37.759, 33.705, 32.827, 27.399, 17.592, 15.257, 9.883, 0.0, 5.83, 6.606, 9.797, 11.799, 12.523, 15.251, 18.171, 20.448, 21.017, 21.222, 22.578, 23.958, 23.712, 25.735, 28.793, 29.481, 31.115, 34.54, 37.442, 36.965, 37.83, 37.664, 37.733, 38.998, 40.252, 40.335, 41.128, 45.053, 46.541, 46.701, 48.073, 49.143, 48.637, 48.184, 48.798, 48.286, 48.737, 49.741, 49.479, 48.33, 49.23, 51.941, 52.735, 52.882, 53.731, 55.069, 55.18, 55.26, 55.343, 55.382, 54.998, 54.881, 54.868, 55.123, 54.878, 53.148, 51.718, 51.582, 52.284, 52.229, 51.311, 50.197, 50.208, 51.531, 52.24, 51.993, 52.36, 53.968, 55.19, 56.057, 57.077, 58.83, 60.629, 59.48], [40.186, 40.337, 40.006, 39.797, 38.719, 35.02, 34.138, 28.97, 19.918, 17.722, 13.68, 5.83, 0.0, 3.967, 7.958, 9.94, 10.973, 14.1, 17.37, 19.632, 20.165, 20.356, 21.709, 22.91, 22.534, 24.745, 28.021, 28.831, 30.542, 34.008, 36.95, 36.471, 37.267, 36.928, 36.874, 38.149, 39.364, 39.422, 40.148, 43.939, 45.465, 45.626, 47.247, 48.465, 48.006, 47.728, 48.539, 48.125, 48.615, 49.59, 49.303, 48.06, 48.727, 51.503, 52.296, 52.408, 53.315, 54.745, 54.903, 55.006, 55.156, 55.145, 54.725, 54.613, 54.55, 54.815, 54.715, 53.168, 51.838, 51.767, 52.46, 52.404, 51.489, 50.286, 50.219, 51.484, 52.145, 51.933, 52.144, 53.658, 54.824, 55.593, 56.593, 58.366, 60.17, 59.082], [40.212, 40.371, 40.019, 39.806, 38.732, 35.091, 34.29, 29.073, 20.16, 18.168, 13.839, 6.606, 3.967, 0.0, 5.516, 8.283, 9.522, 12.956, 16.332, 18.621, 19.124, 19.309, 20.677, 21.93, 21.593, 23.749, 26.866, 27.582, 29.323, 32.835, 35.829, 35.399, 36.525, 36.463, 36.452, 37.725, 38.964, 39.032, 39.772, 43.562, 45.091, 45.221, 46.77, 47.955, 47.544, 47.242, 48.031, 47.76, 48.344, 49.336, 49.064, 47.774, 48.56, 51.422, 52.267, 52.426, 53.361, 54.818, 54.963, 55.062, 55.268, 55.304, 54.888, 54.783, 54.732, 55.053, 55.002, 53.461, 52.152, 52.116, 52.841, 52.808, 51.885, 50.651, 50.554, 51.811, 52.471, 52.231, 52.449, 53.998, 55.169, 55.91, 56.94, 58.717, 60.507, 59.433], [41.528, 41.831, 41.622, 41.409, 40.382, 37.075, 36.307, 31.101, 22.619, 20.891, 16.823, 9.797, 7.958, 5.516, 0.0, 4.007, 6.291, 10.993, 14.875, 17.043, 17.497, 17.653, 18.993, 20.286, 20.04, 21.631, 24.296, 25.145, 26.848, 30.416, 33.406, 33.437, 35.304, 35.395, 35.36, 36.576, 37.809, 37.937, 38.658, 42.431, 44.021, 44.34, 46.128, 47.343, 47.137, 47.075, 47.891, 47.784, 48.695, 49.845, 49.593, 47.992, 48.736, 51.841, 52.721, 52.934, 53.963, 55.528, 55.692, 55.896, 56.24, 56.257, 55.824, 55.728, 55.657, 55.949, 55.995, 54.6, 53.448, 53.527, 54.258, 54.259, 53.386, 52.054, 51.809, 52.961, 53.544, 53.301, 53.415, 54.935, 56.106, 56.827, 57.865, 59.591, 61.339, 60.356], [41.41, 41.839, 41.683, 41.452, 40.421, 37.232, 36.499, 31.432, 23.382, 21.769, 18.071, 11.799, 9.94, 8.283, 4.007, 0.0, 3.935, 10.049, 14.484, 16.908, 17.557, 17.778, 19.156, 20.437, 20.212, 21.61, 24.191, 25.162, 26.82, 30.433, 33.437, 33.613, 35.422, 35.345, 35.207, 36.33, 37.553, 37.745, 38.511, 42.281, 43.896, 44.244, 45.972, 47.136, 46.962, 46.975, 47.86, 47.751, 48.825, 50.174, 49.95, 48.166, 48.75, 51.849, 52.714, 52.897, 53.907, 55.499, 55.691, 55.937, 56.29, 56.284, 55.845, 55.744, 55.655, 55.875, 55.879, 54.536, 53.464, 53.636, 54.406, 54.391, 53.511, 52.143, 51.837, 52.928, 53.469, 53.239, 53.321, 54.819, 55.989, 56.712, 57.715, 59.393, 61.172, 60.265], [40.815, 41.265, 41.188, 40.951, 39.995, 36.929, 36.296, 31.207, 23.044, 21.554, 18.124, 12.523, 10.973, 9.522, 6.291, 3.935, 0.0, 6.99, 12.243, 15.385, 16.39, 16.776, 18.25, 19.572, 19.475, 21.264, 24.054, 25.012, 26.728, 30.322, 33.306, 33.398, 34.967, 34.908, 34.862, 35.902, 37.046, 37.274, 38.033, 41.778, 43.353, 43.692, 45.36, 46.483, 46.415, 46.494, 47.426, 47.277, 48.367, 49.795, 49.641, 47.901, 48.499, 51.604, 52.509, 52.663, 53.616, 55.204, 55.382, 55.572, 55.883, 55.922, 55.506, 55.413, 55.354, 55.59, 55.551, 54.151, 53.099, 53.353, 54.154, 54.154, 53.304, 51.979, 51.685, 52.702, 53.173, 52.89, 52.959, 54.484, 55.657, 56.406, 57.406, 59.065, 60.857, 59.983], [40.718, 41.154, 41.288, 41.131, 40.417, 37.663, 37.122, 32.078, 23.901, 22.663, 19.709, 15.251, 14.1, 12.956, 10.993, 10.049, 6.99, 0.0, 6.74, 11.507, 13.218, 14.063, 15.893, 17.429, 17.795, 20.644, 23.812, 24.726, 26.468, 29.704, 32.485, 32.298, 33.585, 33.741, 33.942, 34.814, 35.759, 35.974, 36.622, 40.264, 41.791, 42.061, 43.681, 44.758, 44.907, 45.163, 46.11, 45.964, 47.001, 48.415, 48.418, 47.054, 48.162, 51.563, 52.623, 52.768, 53.646, 55.216, 55.344, 55.401, 55.62, 55.71, 55.352, 55.301, 55.302, 55.611, 55.615, 54.17, 53.149, 53.533, 54.334, 54.403, 53.696, 52.512, 52.221, 53.105, 53.463, 53.052, 53.072, 54.61, 55.793, 56.566, 57.564, 59.166, 60.892, 60.014], [41.001, 41.427, 41.648, 41.537, 41.004, 38.756, 38.441, 33.478, 25.654, 24.579, 21.943, 18.171, 17.37, 16.332, 14.875, 14.484, 12.243, 6.74, 0.0, 6.074, 8.703, 10.022, 12.244, 14.148, 15.116, 18.757, 22.259, 23.246, 25.018, 28.182, 30.952, 30.951, 32.554, 32.944, 33.282, 34.043, 34.877, 35.064, 35.552, 38.785, 40.13, 40.258, 41.585, 42.62, 42.905, 43.431, 44.501, 44.317, 45.443, 46.922, 46.926, 45.821, 47.925, 52.009, 53.284, 53.471, 54.306, 55.83, 55.867, 55.82, 56.005, 56.113, 55.776, 55.73, 55.78, 56.077, 55.979, 54.414, 53.367, 53.809, 54.58, 54.718, 54.24, 53.349, 53.117, 53.869, 54.126, 53.584, 53.595, 55.154, 56.327, 57.129, 58.119, 59.67, 61.41, 60.558], [41.921, 42.352, 42.657, 42.61, 42.155, 40.204, 39.96, 35.099, 27.794, 26.841, 24.265, 20.448, 19.632, 18.621, 17.043, 16.908, 15.385, 11.507, 6.074, 0.0, 3.606, 5.88, 9.04, 11.485, 12.853, 16.472, 20.101, 21.482, 23.299, 26.572, 29.362, 29.94, 32.261, 32.616, 32.816, 33.558, 34.423, 34.63, 34.978, 37.819, 39.05, 39.14, 40.213, 41.194, 41.649, 42.451, 43.676, 43.457, 44.725, 46.288, 46.238, 45.012, 47.728, 52.53, 53.993, 54.229, 55.035, 56.509, 56.491, 56.45, 56.649, 56.693, 56.33, 56.262, 56.319, 56.553, 56.324, 54.721, 53.71, 54.162, 54.884, 55.044, 54.73, 54.026, 53.805, 54.463, 54.656, 54.044, 54.002, 55.56, 56.73, 57.544, 58.518, 60.02, 61.737, 60.907], [42.726, 43.138, 43.437, 43.411, 42.978, 41.076, 40.832, 36.006, 28.803, 27.892, 25.154, 21.017, 20.165, 19.124, 17.497, 17.557, 16.39, 13.218, 8.703, 3.606, 0.0, 3.24, 7.384, 10.35, 11.83, 15.352, 19.057, 20.574, 22.408, 25.803, 28.632, 29.389, 32.008, 32.318, 32.45, 33.243, 34.158, 34.361, 34.658, 37.378, 38.578, 38.693, 39.729, 40.686, 41.269, 42.213, 43.477, 43.265, 44.55, 46.101, 46.023, 44.729, 47.52, 52.537, 54.113, 54.417, 55.242, 56.689, 56.654, 56.639, 56.856, 56.88, 56.507, 56.428, 56.469, 56.68, 56.434, 54.836, 53.832, 54.247, 54.94, 55.108, 54.83, 54.17, 53.97, 54.627, 54.816, 54.191, 54.116, 55.679, 56.854, 57.672, 58.654, 60.164, 61.855, 61.008], [43.442, 43.852, 44.067, 44.008, 43.535, 41.615, 41.344, 36.493, 29.266, 28.33, 25.561, 21.222, 20.356, 19.309, 17.653, 17.778, 16.776, 14.063, 10.022, 5.88, 3.24, 0.0, 4.757, 8.39, 10.016, 13.579, 17.533, 19.046, 21.022, 24.671, 27.584, 28.477, 31.33, 31.641, 31.749, 32.601, 33.578, 33.784, 34.103, 36.826, 38.026, 38.174, 39.222, 40.201, 40.825, 41.89, 43.195, 42.992, 44.311, 45.856, 45.711, 44.342, 47.109, 52.153, 53.788, 54.168, 55.072, 56.545, 56.502, 56.515, 56.828, 56.92, 56.545, 56.453, 56.48, 56.678, 56.475, 54.931, 53.941, 54.318, 55.003, 55.17, 54.876, 54.202, 54.001, 54.67, 54.875, 54.272, 54.194, 55.754, 56.935, 57.75, 58.745, 60.304, 62.037, 61.211], [44.668, 45.085, 45.225, 45.128, 44.601, 42.686, 42.389, 37.544, 30.416, 29.45, 26.881, 22.578, 21.709, 20.677, 18.993, 19.156, 18.25, 15.893, 12.244, 9.04, 7.384, 4.757, 0.0, 4.685, 7.042, 10.859, 15.256, 16.705, 18.889, 22.807, 25.719, 26.908, 30.3, 30.791, 30.888, 31.744, 32.752, 32.973, 33.372, 36.123, 37.317, 37.518, 38.548, 39.547, 40.224, 41.467, 42.813, 42.632, 44.03, 45.585, 45.38, 43.903, 46.669, 51.726, 53.391, 53.847, 54.908, 56.502, 56.485, 56.513, 56.967, 57.198, 56.829, 56.724, 56.753, 56.926, 56.764, 55.325, 54.404, 54.793, 55.49, 55.637, 55.313, 54.623, 54.386, 55.02, 55.224, 54.646, 54.573, 56.124, 57.31, 58.098, 59.103, 60.699, 62.465, 61.693], [45.538, 45.984, 46.141, 46.048, 45.542, 43.676, 43.364, 38.611, 31.692, 30.684, 28.225, 23.958, 22.91, 21.93, 20.286, 20.437, 19.572, 17.429, 14.148, 11.485, 10.35, 8.39, 4.685, 0.0, 3.973, 9.458, 14.219, 15.591, 17.817, 21.683, 24.564, 25.951, 29.642, 30.248, 30.328, 31.14, 32.087, 32.356, 32.804, 35.562, 36.774, 36.974, 37.927, 38.942, 39.655, 41.008, 42.416, 42.217, 43.694, 45.275, 45.037, 43.479, 46.167, 51.181, 52.849, 53.326, 54.511, 56.323, 56.43, 56.423, 56.922, 57.262, 56.914, 56.811, 56.856, 57.032, 56.914, 55.604, 54.789, 55.217, 55.925, 56.05, 55.736, 55.034, 54.736, 55.33, 55.537, 54.974, 54.905, 56.438, 57.597, 58.347, 59.343, 60.948, 62.71, 61.975], [45.75, 46.195, 46.334, 46.231, 45.653, 43.717, 43.424, 38.74, 31.855, 30.731, 28.146, 23.712, 22.534, 21.593, 20.04, 20.212, 19.475, 17.795, 15.116, 12.853, 11.83, 10.016, 7.042, 3.973, 0.0, 7.648, 13.308, 14.716, 17.032, 21.067, 24.114, 25.453, 29.046, 29.561, 29.602, 30.483, 31.452, 31.71, 32.27, 35.214, 36.461, 36.631, 37.627, 38.685, 39.37, 40.698, 42.161, 41.956, 43.409, 44.996, 44.725, 43.111, 45.626, 50.527, 52.196, 52.706, 53.911, 55.793, 56.036, 56.096, 56.636, 57.01, 56.648, 56.542, 56.579, 56.758, 56.675, 55.399, 54.593, 55.012, 55.723, 55.817, 55.471, 54.689, 54.361, 54.98, 55.223, 54.707, 54.633, 56.142, 57.238, 57.92, 58.905, 60.549, 62.34, 61.586], [48.098, 48.577, 48.755, 48.658, 47.945, 45.909, 45.415, 40.585, 33.943, 32.91, 30.249, 25.735, 24.745, 23.749, 21.631, 21.61, 21.264, 20.644, 18.757, 16.472, 15.352, 13.579, 10.859, 9.458, 7.648, 0.0, 6.996, 9.849, 12.371, 17.548, 20.841, 23.513, 28.584, 29.106, 29.079, 30.032, 31.172, 31.503, 32.272, 35.482, 36.876, 37.476, 38.698, 39.676, 40.497, 41.869, 43.271, 43.158, 44.856, 46.614, 46.285, 44.167, 46.592, 51.724, 53.368, 53.969, 55.302, 57.178, 57.441, 57.859, 58.653, 58.915, 58.467, 58.324, 58.317, 58.414, 58.362, 57.148, 56.348, 56.767, 57.459, 57.507, 57.119, 56.179, 55.773, 56.389, 56.627, 56.188, 56.065, 57.551, 58.652, 59.276, 60.214, 61.833, 63.616, 62.906], [50.931, 51.41, 51.655, 51.575, 50.878, 49.0, 48.385, 43.378, 36.788, 35.836, 33.219, 28.793, 28.021, 26.866, 24.296, 24.191, 24.054, 23.812, 22.259, 20.101, 19.057, 17.533, 15.256, 14.219, 13.308, 6.996, 0.0, 4.972, 7.748, 13.676, 17.163, 20.841, 27.281, 28.376, 28.678, 29.604, 30.721, 31.121, 31.899, 35.017, 36.533, 37.595, 39.157, 40.196, 41.135, 42.456, 43.695, 43.809, 45.816, 47.63, 47.269, 44.934, 47.663, 53.141, 54.83, 55.53, 57.045, 59.046, 59.314, 59.946, 61.091, 61.383, 60.903, 60.793, 60.769, 60.906, 61.027, 59.885, 59.069, 59.501, 60.185, 60.259, 59.87, 58.812, 58.342, 58.991, 59.23, 58.814, 58.643, 60.112, 61.268, 61.843, 62.756, 64.345, 66.082, 65.372], [51.745, 52.165, 52.34, 52.241, 51.553, 49.744, 49.169, 44.082, 37.318, 36.347, 33.78, 29.481, 28.831, 27.582, 25.145, 25.162, 25.012, 24.726, 23.246, 21.482, 20.574, 19.046, 16.705, 15.591, 14.716, 9.849, 4.972, 0.0, 5.046, 11.86, 15.699, 18.979, 25.629, 27.465, 28.154, 29.107, 30.092, 30.42, 31.22, 34.329, 35.877, 37.012, 38.628, 39.794, 40.667, 41.824, 42.966, 43.217, 45.277, 46.963, 46.561, 44.43, 47.448, 52.951, 54.688, 55.479, 57.138, 59.268, 59.579, 60.192, 61.518, 61.975, 61.51, 61.43, 61.401, 61.582, 61.784, 60.614, 59.718, 60.112, 60.817, 60.929, 60.491, 59.369, 58.908, 59.634, 59.941, 59.538, 59.387, 60.871, 62.059, 62.625, 63.555, 65.196, 66.935, 66.172], [53.362, 53.774, 53.995, 53.927, 53.241, 51.415, 50.782, 45.672, 38.831, 37.858, 35.356, 31.115, 30.542, 29.323, 26.848, 26.82, 26.728, 26.468, 25.018, 23.299, 22.408, 21.022, 18.889, 17.817, 17.032, 12.371, 7.748, 5.046, 0.0, 8.286, 13.116, 17.028, 24.496, 26.706, 27.644, 28.556, 29.508, 29.847, 30.675, 33.927, 35.519, 36.815, 38.649, 39.851, 40.847, 42.086, 43.214, 43.481, 45.582, 47.292, 46.922, 44.747, 47.952, 53.573, 55.311, 56.144, 57.833, 60.006, 60.363, 61.029, 62.39, 62.851, 62.457, 62.448, 62.448, 62.652, 62.94, 61.795, 60.938, 61.385, 62.052, 62.176, 61.757, 60.626, 60.17, 60.848, 61.126, 60.717, 60.581, 62.101, 63.286, 63.858, 64.808, 66.44, 68.156, 67.413], [56.051, 56.472, 56.885, 56.917, 56.376, 54.669, 53.922, 48.857, 41.911, 40.793, 38.533, 34.54, 34.008, 32.835, 30.416, 30.433, 30.322, 29.704, 28.182, 26.572, 25.803, 24.671, 22.807, 21.683, 21.067, 17.548, 13.676, 11.86, 8.286, 0.0, 6.751, 12.217, 21.214, 24.654, 26.318, 27.045, 27.689, 27.999, 28.668, 31.971, 33.675, 35.167, 37.454, 38.904, 40.219, 41.647, 42.758, 43.158, 45.243, 46.807, 46.542, 44.474, 48.289, 54.194, 55.967, 56.857, 58.593, 60.86, 61.315, 62.007, 63.476, 64.049, 63.785, 63.975, 64.081, 64.419, 64.948, 63.874, 63.042, 63.563, 64.188, 64.349, 63.952, 62.837, 62.396, 62.975, 63.172, 62.73, 62.638, 64.174, 65.353, 65.9, 66.854, 68.413, 70.075, 69.332], [58.455, 58.938, 59.502, 59.601, 59.147, 57.469, 56.594, 51.574, 44.652, 43.499, 41.339, 37.442, 36.95, 35.829, 33.406, 33.437, 33.306, 32.485, 30.952, 29.362, 28.632, 27.584, 25.719, 24.564, 24.114, 20.841, 17.163, 15.699, 13.116, 6.751, 0.0, 9.505, 20.356, 24.254, 26.092, 26.676, 27.143, 27.492, 28.028, 31.333, 33.15, 34.908, 37.544, 39.052, 40.575, 42.108, 43.169, 43.67, 45.723, 47.199, 47.011, 44.928, 48.945, 55.03, 56.833, 57.75, 59.535, 61.847, 62.33, 63.043, 64.511, 65.05, 64.778, 64.998, 65.162, 65.552, 66.178, 65.207, 64.431, 64.963, 65.555, 65.724, 65.342, 64.206, 63.708, 64.227, 64.38, 63.933, 63.851, 65.368, 66.537, 67.072, 68.015, 69.483, 71.07, 70.367], [58.706, 59.116, 59.668, 59.828, 59.387, 57.381, 56.337, 51.388, 44.245, 42.999, 40.847, 36.965, 36.471, 35.399, 33.437, 33.613, 33.398, 32.298, 30.951, 29.94, 29.389, 28.477, 26.908, 25.951, 25.453, 23.513, 20.841, 18.979, 17.028, 12.217, 9.505, 0.0, 12.491, 19.053, 22.459, 23.151, 23.379, 23.607, 24.23, 28.379, 30.463, 32.014, 35.098, 36.96, 38.48, 39.845, 40.83, 41.31, 43.099, 44.403, 44.351, 42.733, 47.117, 53.204, 55.051, 55.951, 57.619, 59.964, 60.537, 61.159, 62.67, 63.343, 63.131, 63.45, 63.648, 64.459, 65.453, 64.395, 63.46, 64.0, 64.694, 64.908, 64.501, 63.42, 63.059, 63.613, 63.748, 63.256, 63.251, 64.909, 66.139, 66.67, 67.611, 69.097, 70.639, 69.836], [59.026, 59.362, 59.906, 60.138, 59.749, 57.618, 56.585, 51.918, 44.632, 43.16, 41.298, 37.83, 37.267, 36.525, 35.304, 35.422, 34.967, 33.585, 32.554, 32.261, 32.008, 31.33, 30.3, 29.642, 29.046, 28.584, 27.281, 25.629, 24.496, 21.214, 20.356, 12.491, 0.0, 11.19, 17.573, 18.518, 18.233, 18.336, 19.175, 24.368, 26.692, 28.032, 31.855, 34.3, 35.637, 36.683, 37.74, 37.981, 39.224, 40.287, 40.37, 39.224, 43.931, 49.943, 51.783, 52.538, 53.875, 56.105, 56.771, 57.317, 58.931, 59.813, 59.709, 60.227, 60.47, 61.848, 63.633, 62.812, 61.794, 62.352, 63.159, 63.392, 62.938, 61.914, 61.7, 62.306, 62.385, 61.859, 61.908, 63.68, 64.954, 65.491, 66.451, 67.992, 69.554, 68.715], [58.545, 58.959, 59.523, 59.772, 59.354, 57.08, 56.026, 51.582, 44.372, 42.782, 41.084, 37.664, 36.928, 36.463, 35.395, 35.345, 34.908, 33.741, 32.944, 32.616, 32.318, 31.641, 30.791, 30.248, 29.561, 29.106, 28.376, 27.465, 26.706, 24.654, 24.254, 19.053, 11.19, 0.0, 8.195, 10.128, 10.907, 11.741, 13.003, 19.847, 22.729, 24.083, 28.441, 31.12, 31.913, 33.04, 34.285, 34.266, 35.463, 36.835, 36.969, 35.295, 39.47, 45.608, 47.537, 48.213, 49.411, 51.5, 52.176, 52.824, 54.446, 55.246, 55.101, 55.624, 55.82, 57.156, 59.644, 59.954, 59.639, 60.225, 60.93, 61.085, 60.659, 59.532, 59.068, 59.731, 59.872, 59.404, 59.383, 60.921, 62.184, 62.739, 63.739, 65.31, 66.883, 66.18], [58.084, 58.585, 59.157, 59.402, 58.949, 56.626, 55.574, 51.291, 44.437, 42.945, 41.243, 37.733, 36.874, 36.452, 35.36, 35.207, 34.862, 33.942, 33.282, 32.816, 32.45, 31.749, 30.888, 30.328, 29.602, 29.079, 28.678, 28.154, 27.644, 26.318, 26.092, 22.459, 17.573, 8.195, 0.0, 4.015, 7.665, 9.367, 10.889, 18.369, 21.586, 22.725, 26.731, 29.171, 29.578, 30.915, 32.26, 32.239, 33.603, 35.334, 35.55, 33.395, 36.722, 42.762, 44.781, 45.517, 46.829, 48.955, 49.653, 50.359, 51.997, 52.748, 52.552, 52.985, 53.096, 54.139, 56.7, 57.799, 58.363, 59.113, 59.728, 59.854, 59.433, 58.179, 57.392, 58.012, 58.244, 57.853, 57.753, 59.012, 60.258, 60.836, 61.886, 63.495, 65.047, 64.423], [58.521, 59.094, 59.792, 60.062, 59.653, 57.447, 56.403, 52.153, 45.438, 44.016, 42.4, 38.998, 38.149, 37.725, 36.576, 36.33, 35.902, 34.814, 34.043, 33.558, 33.243, 32.601, 31.744, 31.14, 30.483, 30.032, 29.604, 29.107, 28.556, 27.045, 26.676, 23.151, 18.518, 10.128, 4.015, 0.0, 5.105, 7.521, 9.23, 17.217, 20.654, 21.815, 25.778, 28.132, 28.669, 30.145, 31.476, 31.512, 32.977, 34.826, 35.106, 32.92, 36.405, 42.578, 44.632, 45.372, 46.695, 48.902, 49.646, 50.358, 52.044, 52.842, 52.678, 53.131, 53.249, 54.24, 56.749, 57.852, 58.602, 59.58, 60.25, 60.394, 59.981, 58.714, 57.872, 58.434, 58.639, 58.248, 58.14, 59.383, 60.635, 61.197, 62.241, 63.846, 65.404, 64.807], [58.926, 59.512, 60.396, 60.757, 60.413, 58.589, 57.722, 53.443, 46.621, 45.172, 43.63, 40.252, 39.364, 38.964, 37.809, 37.553, 37.046, 35.759, 34.877, 34.423, 34.158, 33.578, 32.752, 32.087, 31.452, 31.172, 30.721, 30.092, 29.508, 27.689, 27.143, 23.379, 18.233, 10.907, 7.665, 5.105, 0.0, 3.362, 5.841, 14.671, 18.29, 19.766, 24.576, 27.062, 27.896, 29.476, 30.785, 30.997, 32.429, 34.212, 34.506, 32.455, 36.23, 42.545, 44.615, 45.369, 46.712, 49.027, 49.821, 50.526, 52.287, 53.141, 53.006, 53.507, 53.648, 54.728, 57.304, 58.318, 58.941, 59.989, 60.754, 60.958, 60.539, 59.266, 58.42, 58.94, 59.073, 58.675, 58.503, 59.782, 61.047, 61.587, 62.65, 64.284, 65.849, 65.262], [58.891, 59.454, 60.366, 60.787, 60.432, 58.71, 57.933, 53.639, 46.754, 45.294, 43.762, 40.335, 39.422, 39.032, 37.937, 37.745, 37.274, 35.974, 35.064, 34.63, 34.361, 33.784, 32.973, 32.356, 31.71, 31.503, 31.121, 30.42, 29.847, 27.999, 27.492, 23.607, 18.336, 11.741, 9.367, 7.521, 3.362, 0.0, 4.516, 13.927, 17.537, 18.996, 24.207, 26.779, 27.63, 29.201, 30.464, 30.774, 32.121, 33.848, 34.174, 32.256, 36.047, 42.347, 44.433, 45.223, 46.604, 48.949, 49.734, 50.423, 52.212, 53.08, 52.961, 53.475, 53.599, 54.69, 57.285, 58.276, 58.846, 59.861, 60.638, 60.888, 60.474, 59.208, 58.367, 58.881, 59.007, 58.617, 58.414, 59.675, 60.903, 61.407, 62.494, 64.139, 65.693, 65.097], [58.952, 59.523, 60.497, 60.92, 60.673, 59.326, 58.67, 54.401, 47.6, 46.143, 44.609, 41.128, 40.148, 39.772, 38.658, 38.511, 38.033, 36.622, 35.552, 34.978, 34.658, 34.103, 33.372, 32.804, 32.27, 32.272, 31.899, 31.22, 30.675, 28.668, 28.028, 24.23, 19.175, 13.003, 10.889, 9.23, 5.841, 4.516, 0.0, 10.72, 14.77, 16.338, 22.426, 25.261, 26.307, 28.099, 29.398, 29.879, 31.222, 32.938, 33.308, 31.454, 35.305, 41.823, 44.037, 44.897, 46.351, 48.736, 49.495, 50.138, 51.931, 52.756, 52.645, 53.2, 53.322, 54.427, 57.121, 58.218, 58.87, 59.887, 60.598, 60.893, 60.58, 59.311, 58.411, 58.931, 59.04, 58.652, 58.367, 59.563, 60.791, 61.305, 62.428, 64.101, 65.628, 65.053], [59.626, 60.233, 61.357, 61.839, 61.798, 61.786, 61.828, 57.648, 51.255, 49.839, 48.439, 45.053, 43.939, 43.562, 42.431, 42.281, 41.778, 40.264, 38.785, 37.819, 37.378, 36.826, 36.123, 35.562, 35.214, 35.482, 35.017, 34.329, 33.927, 31.971, 31.333, 28.379, 24.368, 19.847, 18.369, 17.217, 14.671, 13.927, 10.72, 0.0, 5.348, 9.05, 18.3, 21.806, 23.292, 26.001, 27.532, 28.624, 30.039, 31.845, 32.213, 30.401, 34.515, 41.513, 44.038, 45.065, 46.679, 49.096, 49.771, 50.33, 52.266, 53.098, 53.004, 53.618, 53.699, 54.729, 57.534, 58.877, 59.706, 60.753, 61.375, 61.767, 61.675, 60.622, 59.603, 60.068, 60.072, 59.685, 59.214, 60.211, 61.474, 61.946, 63.114, 64.807, 66.311, 65.816], [60.22, 60.825, 61.95, 62.423, 62.426, 62.849, 63.29, 59.196, 52.763, 51.326, 49.922, 46.541, 45.465, 45.091, 44.021, 43.896, 43.353, 41.791, 40.13, 39.05, 38.578, 38.026, 37.317, 36.774, 36.461, 36.876, 36.533, 35.877, 35.519, 33.675, 33.15, 30.463, 26.692, 22.729, 21.586, 20.654, 18.29, 17.537, 14.77, 5.348, 0.0, 7.421, 18.273, 21.851, 23.512, 26.63, 28.289, 29.409, 30.722, 32.491, 32.812, 31.025, 35.185, 42.135, 44.707, 45.757, 47.328, 49.69, 50.326, 50.815, 52.729, 53.555, 53.478, 54.111, 54.196, 55.233, 58.008, 59.34, 60.164, 61.2, 61.817, 62.237, 62.213, 61.303, 60.337, 60.75, 60.68, 60.276, 59.799, 60.798, 62.049, 62.545, 63.735, 65.421, 66.943, 66.522], [58.641, 59.195, 60.319, 60.82, 60.827, 61.233, 61.745, 58.09, 52.256, 50.849, 49.665, 46.701, 45.626, 45.221, 44.34, 44.244, 43.692, 42.061, 40.258, 39.14, 38.693, 38.174, 37.518, 36.974, 36.631, 37.476, 37.595, 37.012, 36.815, 35.167, 34.908, 32.014, 28.032, 24.083, 22.725, 21.815, 19.766, 18.996, 16.338, 9.05, 7.421, 0.0, 13.07, 17.734, 19.083, 22.638, 24.487, 25.802, 27.358, 29.315, 29.794, 28.495, 33.295, 40.4, 43.11, 44.163, 45.629, 47.934, 48.579, 48.937, 50.757, 51.653, 51.637, 52.353, 52.468, 53.572, 56.46, 57.839, 58.678, 59.724, 60.325, 60.743, 60.782, 59.991, 59.07, 59.534, 59.509, 59.061, 58.624, 59.576, 60.842, 61.325, 62.472, 64.165, 65.672, 65.158], [55.456, 55.965, 57.122, 57.66, 57.724, 58.108, 58.567, 55.516, 51.621, 50.911, 49.96, 48.073, 47.247, 46.77, 46.128, 45.972, 45.36, 43.681, 41.585, 40.213, 39.729, 39.222, 38.548, 37.927, 37.627, 38.698, 39.157, 38.628, 38.649, 37.454, 37.544, 35.098, 31.855, 28.441, 26.731, 25.778, 24.576, 24.207, 22.426, 18.3, 18.273, 13.07, 0.0, 6.797, 8.948, 14.068, 16.984, 18.139, 21.016, 24.148, 24.989, 24.036, 30.355, 38.247, 41.334, 42.368, 43.66, 45.875, 46.448, 46.628, 48.262, 49.293, 49.314, 49.982, 50.192, 51.059, 53.483, 54.733, 55.701, 56.859, 57.412, 57.833, 58.136, 57.75, 56.833, 57.112, 57.145, 56.563, 56.254, 57.136, 58.36, 58.838, 59.807, 61.39, 62.873, 62.265], [55.123, 55.628, 56.836, 57.398, 57.473, 57.885, 58.365, 55.443, 52.196, 51.913, 50.834, 49.143, 48.465, 47.955, 47.343, 47.136, 46.483, 44.758, 42.62, 41.194, 40.686, 40.201, 39.547, 38.942, 38.685, 39.676, 40.196, 39.794, 39.851, 38.904, 39.052, 36.96, 34.3, 31.12, 29.171, 28.132, 27.062, 26.779, 25.261, 21.806, 21.851, 17.734, 6.797, 0.0, 6.983, 12.989, 16.051, 17.059, 20.112, 23.919, 24.984, 23.808, 29.902, 37.861, 41.052, 42.078, 43.262, 45.415, 45.918, 46.113, 47.661, 48.644, 48.654, 49.214, 49.449, 50.256, 52.575, 54.0, 55.253, 56.546, 57.102, 57.531, 57.953, 57.66, 56.592, 56.656, 56.626, 56.03, 55.665, 56.494, 57.71, 58.192, 59.116, 60.631, 62.088, 61.535], [54.224, 54.703, 55.794, 56.314, 56.324, 56.568, 56.998, 54.241, 51.144, 50.764, 49.939, 48.637, 48.006, 47.544, 47.137, 46.962, 46.415, 44.907, 42.905, 41.649, 41.269, 40.825, 40.224, 39.655, 39.37, 40.497, 41.135, 40.667, 40.847, 40.219, 40.575, 38.48, 35.637, 31.913, 29.578, 28.669, 27.896, 27.63, 26.307, 23.292, 23.512, 19.083, 8.948, 6.983, 0.0, 7.775, 11.265, 12.359, 15.984, 20.306, 21.457, 20.57, 27.327, 35.338, 38.592, 39.622, 40.86, 43.023, 43.514, 43.593, 45.223, 46.363, 46.386, 46.954, 47.15, 47.892, 50.486, 52.303, 53.68, 54.887, 55.44, 55.857, 56.278, 56.012, 54.927, 55.313, 55.545, 55.019, 54.949, 55.737, 57.05, 57.571, 58.532, 60.129, 61.593, 60.98], [52.764, 53.178, 54.19, 54.665, 54.624, 54.697, 55.066, 52.475, 49.735, 49.399, 48.804, 48.184, 47.728, 47.242, 47.075, 46.975, 46.494, 45.163, 43.431, 42.451, 42.213, 41.89, 41.467, 41.008, 40.698, 41.869, 42.456, 41.824, 42.086, 41.647, 42.108, 39.845, 36.683, 33.04, 30.915, 30.145, 29.476, 29.201, 28.099, 26.001, 26.63, 22.638, 14.068, 12.989, 7.775, 0.0, 5.221, 7.336, 11.36, 16.226, 17.627, 17.404, 25.015, 33.054, 36.264, 37.234, 38.48, 40.647, 41.157, 41.304, 43.078, 44.273, 44.288, 44.895, 45.111, 45.972, 48.753, 50.564, 51.798, 52.942, 53.543, 53.944, 54.256, 53.835, 52.758, 53.456, 53.956, 53.49, 53.597, 54.482, 55.862, 56.4, 57.441, 59.165, 60.622, 59.892], [53.244, 53.612, 54.62, 55.079, 55.023, 55.04, 55.358, 52.785, 50.103, 49.774, 49.194, 48.798, 48.539, 48.031, 47.891, 47.86, 47.426, 46.11, 44.501, 43.676, 43.477, 43.195, 42.813, 42.416, 42.161, 43.271, 43.695, 42.966, 43.214, 42.758, 43.169, 40.83, 37.74, 34.285, 32.26, 31.476, 30.785, 30.464, 29.398, 27.532, 28.289, 24.487, 16.984, 16.051, 11.265, 5.221, 0.0, 5.86, 9.716, 14.147, 15.807, 16.392, 24.5, 32.421, 35.635, 36.672, 38.051, 40.241, 40.746, 40.9, 42.788, 44.067, 44.104, 44.739, 44.934, 45.83, 48.832, 50.784, 52.027, 53.167, 53.798, 54.234, 54.514, 53.927, 52.752, 53.676, 54.314, 53.89, 54.058, 54.939, 56.523, 57.099, 58.176, 60.006, 61.415, 60.613], [52.819, 53.199, 54.189, 54.64, 54.594, 54.364, 54.577, 52.051, 49.431, 49.138, 48.555, 48.286, 48.125, 47.76, 47.784, 47.751, 47.277, 45.964, 44.317, 43.457, 43.265, 42.992, 42.632, 42.217, 41.956, 43.158, 43.809, 43.217, 43.481, 43.158, 43.67, 41.31, 37.981, 34.266, 32.239, 31.512, 30.997, 30.774, 29.879, 28.624, 29.409, 25.802, 18.139, 17.059, 12.359, 7.336, 5.86, 0.0, 7.098, 13.219, 15.125, 15.351, 23.66, 31.722, 34.872, 35.818, 36.95, 39.069, 39.583, 39.602, 41.181, 42.414, 42.485, 43.083, 43.354, 44.236, 47.062, 48.92, 50.21, 51.365, 51.993, 52.423, 52.817, 52.399, 51.323, 52.208, 52.881, 52.397, 52.805, 53.87, 55.488, 56.356, 57.397, 59.138, 60.51, 59.76], [53.172, 53.478, 54.455, 54.94, 54.911, 54.657, 54.907, 52.454, 49.694, 49.327, 48.825, 48.737, 48.615, 48.344, 48.695, 48.825, 48.367, 47.001, 45.443, 44.725, 44.55, 44.311, 44.03, 43.694, 43.409, 44.856, 45.816, 45.277, 45.582, 45.243, 45.723, 43.099, 39.224, 35.463, 33.603, 32.977, 32.429, 32.121, 31.222, 30.039, 30.722, 27.358, 21.016, 20.112, 15.984, 11.36, 9.716, 7.098, 0.0, 8.103, 11.15, 13.334, 22.652, 30.613, 33.763, 34.65, 35.616, 37.451, 37.879, 37.825, 39.42, 40.741, 40.894, 41.557, 41.867, 43.027, 46.277, 48.293, 49.528, 50.627, 51.263, 51.693, 52.026, 51.565, 50.492, 51.481, 52.209, 51.778, 52.2, 53.351, 55.061, 55.957, 57.261, 59.185, 60.525, 59.645], [54.635, 54.846, 55.798, 56.293, 56.271, 56.002, 56.234, 53.772, 50.778, 50.253, 49.818, 49.741, 49.59, 49.336, 49.845, 50.174, 49.795, 48.415, 46.922, 46.288, 46.101, 45.856, 45.585, 45.275, 44.996, 46.614, 47.63, 46.963, 47.292, 46.807, 47.199, 44.403, 40.287, 36.835, 35.334, 34.826, 34.212, 33.848, 32.938, 31.845, 32.491, 29.315, 24.148, 23.919, 20.306, 16.226, 14.147, 13.219, 8.103, 0.0, 5.003, 11.675, 22.697, 30.521, 33.582, 34.485, 35.55, 37.163, 37.491, 37.402, 39.309, 40.944, 41.148, 41.94, 42.284, 43.678, 47.246, 49.176, 50.098, 51.042, 51.703, 52.179, 52.307, 51.572, 50.561, 51.784, 52.62, 52.231, 52.651, 53.843, 55.835, 56.737, 58.236, 60.712, 62.175, 61.195], [54.52, 54.734, 55.636, 56.106, 56.072, 55.829, 56.081, 53.587, 50.53, 49.952, 49.566, 49.479, 49.303, 49.064, 49.593, 49.95, 49.641, 48.418, 46.926, 46.238, 46.023, 45.711, 45.38, 45.037, 44.725, 46.285, 47.269, 46.561, 46.922, 46.542, 47.011, 44.351, 40.37, 36.969, 35.55, 35.106, 34.506, 34.174, 33.308, 32.213, 32.812, 29.794, 24.989, 24.984, 21.457, 17.627, 15.807, 15.125, 11.15, 5.003, 0.0, 9.794, 21.998, 29.954, 32.966, 33.902, 35.094, 36.68, 36.939, 36.876, 38.995, 40.798, 41.008, 41.807, 42.145, 43.547, 47.111, 48.924, 49.697, 50.581, 51.257, 51.729, 51.772, 50.96, 50.003, 51.314, 52.179, 51.817, 52.233, 53.462, 55.561, 56.504, 58.015, 60.775, 62.526, 61.588], [53.481, 53.903, 54.944, 55.414, 55.365, 55.157, 55.401, 52.8, 49.705, 49.134, 48.657, 48.33, 48.06, 47.774, 47.992, 48.166, 47.901, 47.054, 45.821, 45.012, 44.729, 44.342, 43.903, 43.479, 43.111, 44.167, 44.934, 44.43, 44.747, 44.474, 44.928, 42.733, 39.224, 35.295, 33.395, 32.92, 32.455, 32.256, 31.454, 30.401, 31.025, 28.495, 24.036, 23.808, 20.57, 17.404, 16.392, 15.351, 13.334, 11.675, 9.794, 0.0, 14.842, 24.519, 27.781, 28.804, 30.096, 31.997, 32.431, 32.736, 35.128, 36.786, 36.931, 37.71, 38.014, 39.282, 42.996, 45.32, 46.719, 47.897, 48.616, 49.064, 49.104, 48.236, 47.06, 47.985, 48.639, 48.293, 48.718, 49.982, 51.982, 52.923, 54.458, 57.127, 59.075, 58.842], [53.325, 53.904, 55.09, 55.61, 55.5, 55.4, 55.72, 53.403, 50.733, 50.233, 49.748, 49.23, 48.727, 48.56, 48.736, 48.75, 48.499, 48.162, 47.925, 47.728, 47.52, 47.109, 46.669, 46.167, 45.626, 46.592, 47.663, 47.448, 47.952, 48.289, 48.945, 47.117, 43.931, 39.47, 36.722, 36.405, 36.23, 36.047, 35.305, 34.515, 35.185, 33.295, 30.355, 29.902, 27.327, 25.015, 24.5, 23.66, 22.652, 22.697, 21.998, 14.842, 0.0, 11.653, 16.044, 17.588, 19.452, 21.982, 22.903, 23.756, 26.74, 28.314, 28.368, 29.087, 29.085, 30.248, 35.074, 39.421, 42.664, 44.276, 44.844, 45.185, 45.065, 43.697, 41.77, 42.197, 42.782, 42.679, 42.708, 43.423, 45.16, 46.077, 47.79, 50.612, 52.481, 53.035], [55.064, 55.607, 56.667, 57.133, 56.973, 56.839, 57.277, 55.35, 52.99, 52.488, 52.159, 51.941, 51.503, 51.422, 51.841, 51.849, 51.604, 51.563, 52.009, 52.53, 52.537, 52.153, 51.726, 51.181, 50.527, 51.724, 53.141, 52.951, 53.573, 54.194, 55.03, 53.204, 49.943, 45.608, 42.762, 42.578, 42.545, 42.347, 41.823, 41.513, 42.135, 40.4, 38.247, 37.861, 35.338, 33.054, 32.421, 31.722, 30.613, 30.521, 29.954, 24.519, 11.653, 0.0, 6.231, 8.942, 12.113, 15.405, 17.048, 18.187, 21.651, 23.727, 23.9, 24.665, 24.497, 25.695, 31.576, 37.269, 41.614, 43.384, 43.864, 44.161, 43.784, 42.005, 39.68, 40.136, 40.965, 41.125, 41.074, 41.28, 42.874, 43.787, 45.701, 48.744, 50.589, 51.314], [56.013, 56.529, 57.527, 57.993, 57.806, 57.568, 58.006, 56.141, 53.727, 53.205, 52.944, 52.735, 52.296, 52.267, 52.721, 52.714, 52.509, 52.623, 53.284, 53.993, 54.113, 53.788, 53.391, 52.849, 52.196, 53.368, 54.83, 54.688, 55.311, 55.967, 56.833, 55.051, 51.783, 47.537, 44.781, 44.632, 44.615, 44.433, 44.037, 44.038, 44.707, 43.11, 41.334, 41.052, 38.592, 36.264, 35.635, 34.872, 33.763, 33.582, 32.966, 27.781, 16.044, 6.231, 0.0, 4.175, 9.087, 13.22, 15.385, 17.03, 20.631, 22.615, 22.773, 23.583, 23.379, 24.603, 30.784, 36.587, 40.995, 42.817, 43.353, 43.665, 43.099, 41.067, 38.664, 39.171, 40.071, 40.366, 40.317, 40.517, 42.212, 43.334, 45.348, 48.418, 50.269, 51.022], [55.597, 56.102, 57.117, 57.636, 57.501, 57.217, 57.655, 55.898, 53.568, 53.092, 52.976, 52.882, 52.408, 52.426, 52.934, 52.897, 52.663, 52.768, 53.471, 54.229, 54.417, 54.168, 53.847, 53.326, 52.706, 53.969, 55.53, 55.479, 56.144, 56.857, 57.75, 55.951, 52.538, 48.213, 45.517, 45.372, 45.369, 45.223, 44.897, 45.065, 45.757, 44.163, 42.368, 42.078, 39.622, 37.234, 36.672, 35.818, 34.65, 34.485, 33.902, 28.804, 17.588, 8.942, 4.175, 0.0, 6.045, 11.017, 13.676, 15.418, 18.999, 20.993, 21.144, 22.016, 21.884, 23.285, 29.658, 35.538, 39.92, 41.868, 42.513, 42.807, 42.197, 40.157, 37.764, 38.175, 39.009, 39.288, 39.253, 39.496, 41.219, 42.35, 44.336, 47.359, 49.215, 49.969], [55.684, 56.153, 57.213, 57.813, 57.757, 57.428, 57.893, 56.326, 54.125, 53.677, 53.633, 53.731, 53.315, 53.361, 53.963, 53.907, 53.616, 53.646, 54.306, 55.035, 55.242, 55.072, 54.908, 54.511, 53.911, 55.302, 57.045, 57.138, 57.833, 58.593, 59.535, 57.619, 53.875, 49.411, 46.829, 46.695, 46.712, 46.604, 46.351, 46.679, 47.328, 45.629, 43.66, 43.262, 40.86, 38.48, 38.051, 36.95, 35.616, 35.55, 35.094, 30.096, 19.452, 12.113, 9.087, 6.045, 0.0, 6.277, 10.075, 11.961, 15.63, 17.9, 18.187, 19.171, 19.249, 21.392, 28.294, 34.401, 38.958, 41.094, 41.811, 42.079, 41.54, 39.686, 37.344, 37.412, 38.034, 38.204, 38.207, 38.575, 40.229, 41.316, 43.189, 46.08, 47.888, 48.741], [56.183, 56.594, 57.649, 58.32, 58.304, 57.982, 58.488, 57.154, 55.207, 54.753, 54.761, 55.069, 54.745, 54.818, 55.528, 55.499, 55.204, 55.216, 55.83, 56.509, 56.689, 56.545, 56.502, 56.323, 55.793, 57.178, 59.046, 59.268, 60.006, 60.86, 61.847, 59.964, 56.105, 51.5, 48.955, 48.902, 49.027, 48.949, 48.736, 49.096, 49.69, 47.934, 45.875, 45.415, 43.023, 40.647, 40.241, 39.069, 37.451, 37.163, 36.68, 31.997, 21.982, 15.405, 13.22, 11.017, 6.277, 0.0, 5.038, 8.096, 12.604, 15.246, 15.614, 16.697, 16.877, 19.746, 27.469, 33.962, 38.69, 40.826, 41.436, 41.623, 41.125, 39.42, 37.127, 37.029, 37.548, 37.658, 37.62, 37.934, 39.567, 40.601, 42.429, 45.381, 47.225, 48.117], [55.736, 56.129, 57.168, 57.867, 57.907, 57.654, 58.19, 56.915, 55.136, 54.756, 54.784, 55.18, 54.903, 54.963, 55.692, 55.691, 55.382, 55.344, 55.867, 56.491, 56.654, 56.502, 56.485, 56.43, 56.036, 57.441, 59.314, 59.579, 60.363, 61.315, 62.33, 60.537, 56.771, 52.176, 49.653, 49.646, 49.821, 49.734, 49.495, 49.771, 50.326, 48.579, 46.448, 45.918, 43.514, 41.157, 40.746, 39.583, 37.879, 37.491, 36.939, 32.431, 22.903, 17.048, 15.385, 13.676, 10.075, 5.038, 0.0, 5.338, 11.326, 14.244, 14.646, 15.679, 15.833, 18.958, 26.949, 33.528, 38.268, 40.304, 40.81, 40.988, 40.586, 39.053, 36.794, 36.661, 37.141, 37.194, 37.15, 37.486, 39.172, 40.266, 42.128, 45.117, 46.998, 47.887], [55.164, 55.547, 56.559, 57.277, 57.436, 57.217, 57.809, 56.673, 54.946, 54.597, 54.721, 55.26, 55.006, 55.062, 55.896, 55.937, 55.572, 55.401, 55.82, 56.45, 56.639, 56.515, 56.513, 56.423, 5