[[0.0, 3.216, 5.061, 6.2, 7.817, 10.904, 14.666, 17.386, 23.028, 24.973, 26.545, 31.754, 33.54, 33.702, 33.756, 34.019, 36.668, 38.341, 38.668, 42.221, 46.937, 50.944, 51.837, 52.131, 53.57, 52.235, 48.993, 49.15, 50.972, 52.434, 51.076, 49.53, 49.036, 49.446, 49.781, 49.68, 49.761, 50.664, 51.512, 51.142, 50.048, 48.869, 48.378, 48.436, 48.409, 50.561, 51.521, 51.347, 51.555, 51.811, 52.551, 54.373, 55.746, 55.786, 56.255, 57.742, 58.936, 59.55, 59.378, 59.547, 62.484, 68.847, 73.183, 72.524, 70.465, 69.079, 69.67, 71.451, 72.557, 72.761, 71.769, 70.651, 70.725, 71.426, 72.011, 72.891, 74.661, 76.043, 74.796, 73.485, 73.473, 73.602, 72.193, 70.937, 71.313, 68.745], [3.216, 0.0, 2.609, 4.698, 6.774, 10.378, 14.415, 17.022, 22.63, 24.591, 26.588, 32.166, 34.01, 34.153, 34.187, 34.564, 37.32, 38.956, 39.313, 42.869, 47.451, 51.349, 52.184, 52.466, 53.941, 52.627, 49.454, 49.713, 51.51, 52.831, 51.418, 49.849, 49.279, 49.597, 49.902, 49.814, 49.866, 50.687, 51.522, 51.17, 50.069, 48.912, 48.494, 48.615, 48.449, 50.41, 51.362, 51.256, 51.503, 51.71, 52.386, 54.185, 55.549, 55.584, 56.035, 57.478, 58.66, 59.325, 59.169, 59.332, 62.242, 68.509, 72.81, 72.176, 70.138, 68.796, 69.377, 71.133, 72.241, 72.433, 71.427, 70.288, 70.347, 71.048, 71.65, 72.528, 74.284, 75.647, 74.416, 73.142, 73.141, 73.23, 71.795, 70.547, 70.916, 68.333], [5.061, 2.609, 0.0, 3.452, 6.484, 10.185, 14.102, 16.652, 22.166, 24.247, 26.611, 32.277, 34.149, 34.271, 34.293, 34.714, 37.417, 38.955, 39.328, 42.818, 47.261, 51.071, 51.887, 52.165, 53.652, 52.341, 49.3, 49.721, 51.529, 52.765, 51.332, 49.775, 49.159, 49.403, 49.672, 49.596, 49.659, 50.439, 51.258, 50.928, 49.88, 48.782, 48.442, 48.57, 48.332, 50.262, 51.213, 51.114, 51.339, 51.53, 52.191, 53.944, 55.294, 55.338, 55.809, 57.251, 58.434, 59.123, 58.982, 59.145, 61.961, 68.082, 72.313, 71.67, 69.629, 68.298, 68.851, 70.594, 71.704, 71.892, 70.899, 69.756, 69.786, 70.48, 71.104, 71.963, 73.676, 75.011, 73.784, 72.528, 72.531, 72.594, 71.153, 69.894, 70.251, 67.664], [6.2, 4.698, 3.452, 0.0, 4.167, 8.796, 13.262, 16.382, 22.262, 24.261, 26.577, 32.303, 34.216, 34.339, 34.235, 34.494, 37.177, 38.704, 39.106, 42.7, 47.262, 51.158, 52.021, 52.257, 53.728, 52.338, 49.123, 49.518, 51.426, 52.648, 51.084, 49.475, 48.86, 49.098, 49.33, 49.222, 49.304, 50.238, 51.172, 50.869, 49.81, 48.674, 48.261, 48.34, 48.074, 49.976, 50.909, 50.806, 51.079, 51.316, 51.961, 53.62, 54.89, 54.912, 55.321, 56.656, 57.788, 58.485, 58.297, 58.486, 61.441, 67.655, 71.899, 71.2, 69.047, 67.64, 68.165, 69.89, 71.014, 71.202, 70.191, 69.052, 69.093, 69.79, 70.441, 71.337, 73.09, 74.448, 73.208, 71.939, 71.94, 71.986, 70.506, 69.245, 69.603, 67.058], [7.817, 6.774, 6.484, 4.167, 0.0, 5.986, 11.831, 15.866, 22.192, 24.027, 26.286, 32.182, 34.106, 34.201, 33.934, 34.061, 36.837, 38.41, 38.859, 42.625, 47.255, 51.181, 52.076, 52.31, 53.786, 52.317, 48.911, 49.268, 51.261, 52.531, 50.929, 49.282, 48.655, 48.895, 49.105, 48.955, 48.986, 49.962, 51.016, 50.834, 49.796, 48.562, 48.065, 48.128, 47.796, 49.654, 50.598, 50.507, 50.813, 51.06, 51.656, 53.208, 54.4, 54.413, 54.843, 56.103, 57.137, 57.813, 57.545, 57.752, 60.865, 67.201, 71.503, 70.75, 68.446, 66.942, 67.408, 69.088, 70.234, 70.413, 69.35, 68.205, 68.305, 69.023, 69.696, 70.66, 72.476, 73.861, 72.636, 71.361, 71.335, 71.357, 69.857, 68.607, 68.949, 66.46], [10.904, 10.378, 10.185, 8.796, 5.986, 0.0, 7.032, 12.521, 19.483, 21.565, 24.016, 29.763, 31.642, 31.649, 31.31, 31.56, 34.517, 36.187, 36.695, 40.396, 44.789, 48.594, 49.533, 49.881, 51.464, 50.008, 46.677, 47.179, 49.224, 50.646, 49.325, 47.929, 47.456, 47.793, 48.042, 47.883, 47.822, 48.641, 49.668, 49.757, 49.085, 47.911, 47.476, 47.527, 47.35, 49.705, 50.732, 50.466, 50.537, 50.739, 51.317, 52.723, 53.887, 53.987, 54.71, 56.129, 57.077, 57.635, 57.326, 57.565, 60.577, 66.852, 71.152, 70.304, 67.838, 66.198, 66.534, 68.175, 69.354, 69.541, 68.499, 67.375, 67.47, 68.189, 68.896, 69.867, 71.62, 72.976, 71.795, 70.518, 70.445, 70.517, 69.134, 67.827, 68.105, 65.711], [14.666, 14.415, 14.102, 13.262, 11.831, 7.032, 0.0, 7.491, 15.739, 18.76, 21.629, 26.726, 28.478, 28.42, 28.243, 29.062, 32.294, 34.066, 34.632, 38.129, 42.228, 45.809, 46.727, 47.19, 48.919, 47.669, 44.826, 45.552, 47.408, 48.873, 48.003, 47.033, 46.798, 47.285, 47.637, 47.518, 47.387, 48.015, 48.886, 49.13, 48.949, 48.024, 47.812, 47.91, 48.086, 51.169, 52.248, 51.677, 51.377, 51.466, 51.99, 53.305, 54.556, 54.757, 55.76, 57.422, 58.329, 58.726, 58.451, 58.677, 61.312, 67.394, 71.7, 70.843, 68.38, 66.737, 67.031, 68.689, 69.866, 70.08, 69.157, 68.072, 68.067, 68.761, 69.499, 70.384, 71.977, 73.27, 72.128, 70.858, 70.776, 70.973, 69.771, 68.377, 68.597, 66.262], [17.386, 17.022, 16.652, 16.382, 15.866, 12.521, 7.491, 0.0, 9.631, 14.38, 18.656, 23.842, 25.604, 25.552, 25.571, 27.014, 30.533, 32.535, 32.981, 36.218, 40.292, 43.87, 44.464, 44.726, 46.754, 46.074, 44.133, 45.071, 46.248, 47.231, 46.72, 46.204, 46.144, 46.689, 47.146, 47.118, 46.994, 47.474, 48.168, 48.367, 48.445, 47.9, 48.133, 48.503, 48.913, 52.373, 53.509, 52.749, 52.115, 51.917, 52.254, 53.534, 54.888, 55.126, 56.287, 58.264, 59.332, 59.878, 59.877, 59.893, 61.809, 67.427, 71.756, 71.137, 68.992, 67.689, 68.071, 69.715, 70.833, 71.077, 70.264, 69.144, 68.988, 69.668, 70.403, 71.074, 72.423, 73.602, 72.491, 71.273, 71.189, 71.46, 70.447, 69.126, 69.353, 67.015], [23.028, 22.63, 22.166, 22.262, 22.192, 19.483, 15.739, 9.631, 0.0, 7.658, 15.003, 20.373, 22.329, 22.221, 22.247, 24.146, 27.729, 29.92, 30.203, 33.062, 36.887, 40.281, 40.381, 40.199, 42.649, 42.625, 41.674, 43.017, 43.366, 43.567, 43.509, 43.729, 43.947, 44.479, 44.991, 45.057, 44.96, 45.315, 45.923, 46.266, 46.735, 46.62, 47.457, 48.16, 48.786, 52.709, 53.883, 52.887, 51.84, 51.365, 51.497, 52.618, 54.001, 54.238, 55.664, 58.078, 59.373, 60.233, 60.595, 60.358, 61.422, 66.311, 70.494, 70.112, 68.291, 67.262, 67.556, 69.13, 70.199, 70.437, 69.722, 68.551, 68.218, 68.875, 69.644, 70.073, 71.035, 71.958, 70.894, 69.776, 69.67, 69.956, 69.159, 67.912, 68.08, 65.721], [24.973, 24.591, 24.247, 24.261, 24.027, 21.565, 18.76, 14.38, 7.658, 0.0, 10.668, 17.886, 20.312, 20.275, 20.364, 22.331, 26.017, 28.417, 28.75, 31.998, 36.116, 39.703, 39.766, 39.168, 41.551, 41.449, 39.922, 41.007, 41.275, 41.427, 41.516, 41.896, 42.13, 42.661, 43.176, 43.253, 43.219, 43.805, 44.616, 45.049, 45.495, 45.319, 46.218, 47.22, 48.026, 51.85, 52.873, 51.866, 50.888, 50.376, 50.409, 51.551, 52.955, 53.073, 54.408, 56.729, 57.932, 59.038, 59.562, 59.237, 60.478, 65.473, 69.632, 69.308, 67.517, 66.452, 66.587, 68.065, 69.11, 69.262, 68.472, 67.182, 66.763, 67.421, 68.244, 68.695, 69.579, 70.344, 69.283, 68.279, 68.259, 68.479, 67.559, 66.266, 66.38, 63.868], [26.545, 26.588, 26.611, 26.577, 26.286, 24.016, 21.629, 18.656, 15.003, 10.668, 0.0, 10.326, 14.159, 14.368, 15.196, 17.205, 21.472, 24.354, 24.866, 29.158, 34.353, 38.499, 38.674, 38.091, 40.328, 40.021, 37.516, 37.611, 38.096, 39.368, 39.963, 40.406, 40.889, 41.865, 42.568, 42.633, 42.69, 43.799, 44.767, 44.941, 45.162, 44.698, 45.171, 46.109, 48.127, 52.714, 53.472, 52.148, 51.253, 51.065, 51.279, 52.691, 54.227, 54.255, 55.431, 57.709, 58.935, 59.868, 60.274, 59.99, 61.766, 67.638, 72.128, 71.79, 69.948, 68.776, 68.984, 70.514, 71.603, 71.757, 70.781, 69.369, 69.046, 69.809, 70.523, 70.997, 72.091, 72.962, 71.854, 70.785, 70.923, 71.392, 70.44, 69.098, 69.28, 66.739], [31.754, 32.166, 32.277, 32.303, 32.182, 29.763, 26.726, 23.842, 20.373, 17.886, 10.326, 0.0, 5.212, 6.234, 8.849, 12.752, 17.745, 21.077, 21.582, 25.479, 30.78, 34.854, 34.867, 34.424, 36.759, 36.762, 35.151, 35.486, 35.762, 37.83, 39.42, 40.457, 41.323, 42.606, 43.496, 43.631, 43.771, 45.017, 45.892, 46.064, 46.644, 46.396, 46.98, 47.77, 50.421, 56.109, 56.98, 55.288, 54.044, 53.881, 54.158, 55.444, 56.964, 57.072, 58.503, 61.073, 62.346, 63.044, 63.379, 63.111, 64.522, 70.17, 74.643, 74.251, 72.349, 71.118, 71.367, 72.969, 74.076, 74.249, 73.315, 71.929, 71.594, 72.364, 73.053, 73.396, 74.324, 75.141, 74.061, 72.977, 73.106, 73.748, 73.016, 71.644, 71.778, 69.327], [33.54, 34.01, 34.149, 34.216, 34.106, 31.642, 28.478, 25.604, 22.329, 20.312, 14.159, 5.212, 0.0, 3.162, 7.707, 12.665, 17.853, 21.344, 21.822, 25.287, 30.454, 34.452, 34.349, 33.86, 36.177, 36.316, 35.198, 35.825, 36.096, 38.365, 40.191, 41.326, 42.2, 43.482, 44.4, 44.562, 44.744, 45.997, 46.825, 47.021, 47.7, 47.549, 48.224, 49.029, 51.593, 57.378, 58.391, 56.723, 55.425, 55.206, 55.452, 56.645, 58.105, 58.23, 59.728, 62.344, 63.587, 64.245, 64.577, 64.31, 65.609, 71.056, 75.423, 75.001, 73.07, 71.821, 72.084, 73.673, 74.759, 74.923, 74.019, 72.65, 72.288, 73.035, 73.733, 74.033, 74.863, 75.639, 74.592, 73.556, 73.663, 74.277, 73.589, 72.237, 72.348, 69.905], [33.702, 34.153, 34.271, 34.339, 34.201, 31.649, 28.42, 25.552, 22.221, 20.275, 14.368, 6.234, 3.162, 0.0, 5.705, 11.426, 16.846, 20.394, 20.865, 24.278, 29.451, 33.53, 33.452, 33.012, 35.455, 35.62, 34.548, 35.198, 35.344, 37.462, 39.293, 40.465, 41.342, 42.621, 43.546, 43.715, 43.863, 45.035, 45.835, 46.039, 46.776, 46.686, 47.426, 48.256, 50.873, 56.745, 57.757, 56.112, 54.801, 54.559, 54.792, 55.973, 57.453, 57.61, 59.165, 61.835, 63.083, 63.729, 64.082, 63.81, 65.052, 70.483, 74.881, 74.479, 72.566, 71.33, 71.59, 73.186, 74.283, 74.459, 73.565, 72.198, 71.823, 72.558, 73.251, 73.54, 74.364, 75.142, 74.093, 73.051, 73.162, 73.806, 73.136, 71.768, 71.881, 69.457], [33.756, 34.187, 34.293, 34.235, 33.934, 31.31, 28.243, 25.571, 22.247, 20.364, 15.196, 8.849, 7.707, 5.705, 0.0, 7.368, 14.061, 17.934, 18.427, 22.091, 27.661, 32.104, 32.14, 31.806, 34.476, 34.596, 33.447, 34.285, 34.464, 36.173, 37.558, 38.571, 39.424, 40.724, 41.664, 41.834, 41.931, 43.054, 43.887, 44.137, 44.945, 44.886, 45.619, 46.415, 49.055, 55.166, 56.216, 54.629, 53.445, 53.258, 53.481, 54.526, 55.921, 56.126, 57.696, 60.346, 61.575, 62.161, 62.493, 62.251, 63.463, 68.853, 73.244, 72.834, 70.927, 69.738, 70.043, 71.647, 72.769, 72.966, 72.054, 70.711, 70.378, 71.105, 71.753, 72.032, 72.923, 73.794, 72.745, 71.659, 71.732, 72.373, 71.702, 70.341, 70.455, 68.131], [34.019, 34.564, 34.714, 34.494, 34.061, 31.56, 29.062, 27.014, 24.146, 22.331, 17.205, 12.752, 12.665, 11.426, 7.368, 0.0, 8.416, 13.56, 14.135, 18.74, 25.725, 31.171, 31.701, 31.53, 34.278, 34.062, 32.097, 32.651, 33.29, 35.006, 35.444, 35.895, 36.773, 38.248, 39.243, 39.39, 39.502, 40.797, 41.717, 41.895, 42.61, 42.446, 42.875, 43.422, 46.265, 52.609, 53.648, 52.08, 51.136, 51.294, 51.76, 52.765, 54.017, 54.186, 55.579, 58.059, 59.274, 59.771, 60.025, 59.884, 61.324, 66.967, 71.393, 70.944, 69.093, 67.922, 68.261, 69.866, 70.975, 71.202, 70.233, 68.933, 68.72, 69.497, 70.058, 70.349, 71.437, 72.478, 71.384, 70.176, 70.232, 70.876, 70.148, 68.847, 69.007, 66.784], [36.668, 37.32, 37.417, 37.177, 36.837, 34.517, 32.294, 30.533, 27.729, 26.017, 21.472, 17.745, 17.853, 16.846, 14.061, 8.416, 0.0, 6.669, 7.274, 12.424, 21.158, 27.996, 29.437, 29.707, 32.549, 32.132, 30.231, 31.075, 32.121, 34.119, 34.121, 34.275, 35.189, 36.765, 37.81, 37.957, 38.059, 39.307, 40.146, 40.286, 41.131, 41.134, 41.606, 42.048, 45.172, 51.77, 52.728, 51.063, 50.023, 50.355, 51.156, 52.174, 53.362, 53.537, 54.926, 57.383, 58.462, 58.736, 58.944, 58.832, 60.025, 65.472, 69.842, 69.383, 67.653, 66.487, 66.751, 68.364, 69.414, 69.663, 68.765, 67.522, 67.305, 68.111, 68.65, 68.87, 69.916, 70.952, 69.822, 68.57, 68.67, 69.405, 68.743, 67.451, 67.603, 65.392], [38.341, 38.956, 38.955, 38.704, 38.41, 36.187, 34.066, 32.535, 29.92, 28.417, 24.354, 21.077, 21.344, 20.394, 17.934, 13.56, 6.669, 0.0, 2.832, 9.48, 18.535, 25.817, 27.884, 28.664, 31.282, 30.539, 28.914, 30.487, 32.152, 34.634, 34.658, 34.647, 35.457, 36.941, 37.907, 37.999, 38.009, 39.078, 39.833, 39.991, 40.911, 41.001, 41.562, 41.954, 45.111, 51.739, 52.658, 51.012, 49.9, 50.302, 51.353, 52.438, 53.588, 53.79, 55.231, 57.682, 58.672, 58.745, 58.827, 58.755, 59.804, 65.01, 69.214, 68.639, 66.868, 65.609, 65.79, 67.427, 68.478, 68.745, 67.884, 66.669, 66.455, 67.276, 67.83, 68.037, 69.021, 70.054, 68.927, 67.685, 67.818, 68.572, 67.939, 66.596, 66.708, 64.489], [38.668, 39.313, 39.328, 39.106, 38.859, 36.695, 34.632, 32.981, 30.203, 28.75, 24.866, 21.582, 21.822, 20.865, 18.427, 14.135, 7.274, 2.832, 0.0, 7.897, 17.681, 25.241, 27.337, 28.135, 30.875, 30.267, 28.867, 30.448, 31.882, 34.222, 34.369, 34.514, 35.381, 36.875, 37.874, 38.0, 38.054, 39.131, 39.874, 40.033, 40.976, 41.126, 41.764, 42.186, 45.303, 51.93, 52.861, 51.209, 50.044, 50.369, 51.375, 52.438, 53.593, 53.803, 55.288, 57.813, 58.821, 58.917, 59.058, 58.952, 59.864, 64.982, 69.204, 68.674, 66.94, 65.724, 65.911, 67.543, 68.569, 68.83, 68.01, 66.815, 66.58, 67.383, 67.935, 68.11, 69.046, 70.054, 68.924, 67.689, 67.829, 68.598, 68.001, 66.68, 66.798, 64.601], [42.221, 42.869, 42.818, 42.7, 42.625, 40.396, 38.129, 36.218, 33.062, 31.998, 29.158, 25.479, 25.287, 24.278, 22.091, 18.74, 12.424, 9.48, 7.897, 0.0, 11.49, 20.457, 23.463, 25.101, 28.329, 28.168, 28.164, 30.55, 31.834, 34.136, 34.69, 35.23, 36.253, 37.714, 38.672, 38.824, 38.831, 39.508, 39.95, 40.262, 41.673, 42.272, 43.242, 43.724, 46.792, 53.633, 54.672, 52.95, 51.495, 51.588, 52.537, 53.372, 54.441, 54.825, 56.707, 59.492, 60.43, 60.421, 60.702, 60.573, 60.906, 65.312, 69.251, 68.721, 67.107, 65.994, 66.091, 67.687, 68.678, 68.97, 68.318, 67.207, 66.852, 67.601, 68.142, 68.107, 68.772, 69.67, 68.605, 67.413, 67.522, 68.363, 67.996, 66.706, 66.781, 64.728], [46.937, 47.451, 47.261, 47.262, 47.255, 44.789, 42.228, 40.292, 36.887, 36.116, 34.353, 30.78, 30.454, 29.451, 27.661, 25.725, 21.158, 18.535, 17.681, 11.49, 0.0, 10.368, 15.582, 20.311, 24.331, 24.312, 26.291, 30.206, 31.772, 34.79, 36.606, 37.679, 38.642, 39.786, 40.444, 40.465, 40.206, 40.141, 40.185, 40.856, 42.951, 44.01, 45.39, 45.958, 48.867, 55.806, 57.014, 55.352, 53.597, 53.436, 54.316, 54.902, 55.844, 56.461, 59.152, 62.36, 63.126, 62.935, 63.263, 63.133, 62.992, 66.577, 70.098, 69.507, 67.901, 66.758, 66.523, 67.992, 69.037, 69.344, 68.823, 67.746, 67.236, 67.936, 68.517, 68.312, 68.613, 69.298, 68.348, 67.239, 67.276, 68.102, 68.009, 66.699, 66.612, 64.638], [50.944, 51.349, 51.071, 51.158, 51.181, 48.594, 45.809, 43.87, 40.281, 39.703, 38.499, 34.854, 34.452, 33.53, 32.104, 31.171, 27.996, 25.817, 25.241, 20.457, 10.368, 0.0, 7.882, 16.331, 20.796, 20.948, 25.039, 30.142, 31.681, 35.179, 38.339, 40.076, 41.009, 41.872, 42.299, 42.223, 41.853, 41.466, 41.293, 42.156, 44.7, 45.995, 47.704, 48.324, 51.13, 58.22, 59.587, 57.975, 56.008, 55.716, 56.498, 57.004, 57.949, 58.662, 62.009, 65.715, 66.481, 66.184, 66.503, 66.362, 65.972, 69.136, 72.47, 71.849, 70.148, 68.982, 68.551, 69.929, 71.062, 71.369, 70.879, 69.732, 69.112, 69.783, 70.411, 70.138, 70.183, 70.671, 69.792, 68.754, 68.729, 69.521, 69.598, 68.261, 68.032, 66.022], [51.837, 52.184, 51.887, 52.021, 52.076, 49.533, 46.727, 44.464, 40.381, 39.766, 38.674, 34.867, 34.349, 33.452, 32.14, 31.701, 29.437, 27.884, 27.337, 23.463, 15.582, 7.882, 0.0, 10.479, 16.01, 17.247, 23.175, 28.774, 29.511, 32.549, 36.555, 38.962, 39.982, 40.713, 41.103, 41.045, 40.723, 40.392, 40.224, 41.083, 43.781, 45.263, 47.307, 48.154, 51.014, 58.348, 59.875, 58.272, 56.192, 55.786, 56.39, 56.893, 57.948, 58.661, 62.22, 66.304, 67.38, 67.376, 67.873, 67.626, 67.11, 70.221, 73.649, 73.177, 71.543, 70.584, 70.264, 71.622, 72.791, 73.091, 72.554, 71.281, 70.582, 71.238, 71.877, 71.569, 71.57, 72.0, 71.135, 70.162, 70.093, 70.829, 70.951, 69.667, 69.463, 67.45], [52.131, 52.466, 52.165, 52.257, 52.31, 49.881, 47.19, 44.726, 40.199, 39.168, 38.091, 34.424, 33.86, 33.012, 31.806, 31.53, 29.707, 28.664, 28.135, 25.101, 20.311, 16.331, 10.479, 0.0, 7.975, 11.846, 19.352, 25.234, 25.192, 27.509, 31.878, 34.89, 36.112, 36.838, 37.29, 37.324, 37.176, 37.127, 37.177, 38.095, 40.94, 42.624, 44.917, 46.09, 49.055, 56.601, 58.218, 56.536, 54.393, 53.898, 54.281, 54.713, 55.859, 56.472, 59.934, 64.158, 65.639, 66.355, 67.216, 66.819, 66.342, 69.623, 73.128, 72.725, 71.18, 70.439, 70.22, 71.531, 72.686, 72.97, 72.393, 71.036, 70.236, 70.865, 71.526, 71.191, 71.21, 71.573, 70.668, 69.749, 69.678, 70.357, 70.394, 69.15, 69.027, 67.062], [53.57, 53.941, 53.652, 53.728, 53.786, 51.464, 48.919, 46.754, 42.649, 41.551, 40.328, 36.759, 36.177, 35.455, 34.476, 34.278, 32.549, 31.282, 30.875, 28.329, 24.331, 20.796, 16.01, 7.975, 0.0, 6.501, 16.35, 22.997, 23.959, 27.717, 32.468, 35.304, 36.405, 37.126, 37.521, 37.513, 37.534, 37.789, 37.959, 38.853, 41.614, 43.221, 45.361, 46.459, 49.342, 56.782, 58.469, 56.909, 54.895, 54.524, 54.986, 55.557, 56.788, 57.367, 60.727, 64.859, 66.443, 67.363, 68.291, 67.967, 67.749, 71.27, 74.659, 73.987, 72.206, 71.33, 71.078, 72.378, 73.542, 73.822, 73.207, 71.832, 71.066, 71.69, 72.365, 72.095, 72.187, 72.558, 71.632, 70.734, 70.688, 71.247, 71.059, 69.702, 69.563, 67.52], [52.235, 52.627, 52.341, 52.338, 52.317, 50.008, 47.669, 46.074, 42.625, 41.449, 40.021, 36.762, 36.316, 35.62, 34.596, 34.062, 32.132, 30.539, 30.267, 28.168, 24.312, 20.948, 17.247, 11.846, 6.501, 0.0, 11.756, 19.796, 22.573, 27.939, 32.657, 34.951, 35.769, 36.447, 36.749, 36.623, 36.669, 37.239, 37.653, 38.561, 41.095, 42.389, 44.202, 45.1, 47.87, 55.082, 56.752, 55.425, 53.703, 53.584, 54.268, 54.982, 56.2, 56.742, 59.955, 63.844, 65.342, 66.179, 66.919, 66.82, 67.183, 71.118, 74.501, 73.579, 71.452, 70.221, 69.846, 71.154, 72.37, 72.639, 71.943, 70.549, 69.88, 70.526, 71.252, 71.177, 71.434, 71.888, 70.945, 70.033, 70.021, 70.431, 69.961, 68.461, 68.27, 66.119], [48.993, 49.454, 49.3, 49.123, 48.911, 46.677, 44.826, 44.133, 41.674, 39.922, 37.516, 35.151, 35.198, 34.548, 33.447, 32.097, 30.231, 28.914, 28.867, 28.164, 26.291, 25.039, 23.175, 19.352, 16.35, 11.756, 0.0, 9.818, 16.544, 24.504, 28.974, 30.753, 31.5, 32.374, 32.651, 32.381, 32.527, 33.98, 35.003, 35.809, 37.762, 38.395, 39.538, 40.395, 43.379, 50.247, 51.708, 50.587, 49.379, 49.638, 50.617, 51.659, 52.866, 53.224, 56.057, 59.536, 61.0, 62.095, 62.739, 62.826, 64.68, 70.095, 73.847, 72.762, 70.296, 68.636, 68.169, 69.46, 70.741, 70.988, 70.06, 68.554, 67.994, 68.68, 69.445, 69.706, 70.392, 71.032, 69.987, 68.988, 69.077, 69.419, 68.536, 66.925, 66.775, 64.499], [49.15, 49.713, 49.721, 49.518, 49.268, 47.179, 45.552, 45.071, 43.017, 41.007, 37.611, 35.486, 35.825, 35.198, 34.285, 32.651, 31.075, 30.487, 30.448, 30.55, 30.206, 30.142, 28.774, 25.234, 22.997, 19.796, 9.818, 0.0, 10.457, 20.912, 26.276, 28.424, 29.479, 30.712, 31.192, 30.969, 31.303, 33.397, 34.662, 35.189, 36.631, 36.828, 37.608, 38.599, 42.038, 48.777, 49.919, 48.567, 47.446, 47.79, 48.789, 50.212, 51.654, 51.932, 54.61, 58.042, 59.547, 60.83, 61.584, 61.577, 64.182, 70.915, 75.377, 74.493, 72.064, 70.37, 70.001, 71.323, 72.594, 72.817, 71.747, 70.144, 69.633, 70.351, 71.074, 71.459, 72.414, 73.146, 71.999, 70.91, 71.131, 71.697, 70.748, 69.13, 69.092, 66.774], [50.972, 51.51, 51.529, 51.426, 51.261, 49.224, 47.408, 46.248, 43.366, 41.275, 38.096, 35.762, 36.096, 35.344, 34.464, 33.29, 32.121, 32.152, 31.882, 31.834, 31.772, 31.681, 29.511, 25.192, 23.959, 22.573, 16.544, 10.457, 0.0, 12.598, 21.62, 25.852, 27.489, 28.779, 29.533, 29.528, 29.829, 31.758, 32.914, 33.454, 35.148, 35.746, 37.32, 38.783, 42.331, 49.434, 50.49, 48.585, 46.861, 46.748, 47.2, 48.538, 50.267, 50.639, 53.634, 57.56, 59.286, 60.86, 61.933, 61.636, 63.611, 70.393, 75.496, 75.107, 72.965, 71.569, 71.321, 72.672, 73.899, 74.116, 73.142, 71.518, 70.912, 71.593, 72.305, 72.537, 73.318, 73.96, 72.814, 71.733, 71.99, 72.897, 72.316, 70.751, 70.813, 68.666], [52.434, 52.831, 52.765, 52.648, 52.531, 50.646, 48.873, 47.231, 43.567, 41.427, 39.368, 37.83, 38.365, 37.462, 36.173, 35.006, 34.119, 34.634, 34.222, 34.136, 34.79, 35.179, 32.549, 27.509, 27.717, 27.939, 24.504, 20.912, 12.598, 0.0, 13.008, 20.048, 22.61, 23.897, 24.849, 25.106, 25.265, 26.973, 28.181, 28.854, 31.057, 32.333, 34.854, 36.81, 40.158, 47.636, 48.733, 46.435, 44.203, 43.637, 43.466, 44.292, 46.096, 46.564, 49.796, 54.223, 56.251, 58.282, 59.781, 59.172, 60.375, 66.798, 72.268, 72.453, 70.841, 69.952, 69.893, 71.214, 72.375, 72.6, 71.744, 70.159, 69.428, 70.037, 70.634, 70.658, 71.344, 72.005, 70.914, 69.849, 70.068, 71.202, 71.047, 69.662, 69.851, 68.135], [51.076, 51.418, 51.332, 51.084, 50.929, 49.325, 48.003, 46.72, 43.509, 41.516, 39.963, 39.42, 40.191, 39.293, 37.558, 35.444, 34.121, 34.658, 34.369, 34.69, 36.606, 38.339, 36.555, 31.878, 32.468, 32.657, 28.974, 26.276, 21.62, 13.008, 0.0, 8.873, 13.033, 15.107, 16.395, 16.846, 17.124, 19.378, 20.996, 21.486, 23.591, 24.972, 27.479, 29.468, 32.894, 40.831, 42.017, 39.766, 37.765, 37.309, 37.279, 37.968, 39.634, 40.075, 43.052, 47.469, 49.727, 51.986, 53.649, 52.983, 54.192, 60.731, 66.193, 66.688, 65.806, 65.438, 65.689, 67.047, 68.14, 68.398, 67.504, 66.055, 65.458, 66.055, 66.321, 66.295, 67.396, 68.432, 67.378, 66.236, 66.383, 67.468, 67.402, 66.314, 66.657, 65.216], [49.53, 49.849, 49.775, 49.475, 49.282, 47.929, 47.033, 46.204, 43.729, 41.896, 40.406, 40.457, 41.326, 40.465, 38.571, 35.895, 34.275, 34.647, 34.514, 35.23, 37.679, 40.076, 38.962, 34.89, 35.304, 34.951, 30.753, 28.424, 25.852, 20.048, 8.873, 0.0, 5.501, 8.848, 10.595, 11.19, 11.956, 15.268, 17.231, 17.228, 18.536, 19.479, 21.524, 23.386, 26.944, 34.967, 36.21, 34.321, 32.871, 32.713, 33.111, 34.269, 35.929, 36.282, 38.984, 43.116, 45.453, 47.779, 49.428, 48.952, 50.625, 57.606, 63.034, 63.465, 62.85, 62.716, 63.198, 64.654, 65.73, 66.026, 65.014, 63.601, 63.213, 63.851, 63.922, 63.972, 65.458, 66.795, 65.764, 64.583, 64.697, 65.615, 65.348, 64.381, 64.813, 63.258], [49.036, 49.279, 49.159, 48.86, 48.655, 47.456, 46.798, 46.144, 43.947, 42.13, 40.889, 41.323, 42.2, 41.342, 39.424, 36.773, 35.189, 35.457, 35.381, 36.253, 38.642, 41.009, 39.982, 36.112, 36.405, 35.769, 31.5, 29.479, 27.489, 22.61, 13.033, 5.501, 0.0, 4.243, 6.609, 7.582, 8.977, 13.221, 15.533, 15.315, 16.155, 16.911, 18.913, 20.932, 24.165, 31.907, 33.216, 31.667, 30.494, 30.35, 30.849, 32.318, 34.099, 34.406, 37.11, 41.187, 43.516, 45.986, 47.696, 47.343, 49.273, 56.43, 61.903, 62.259, 61.561, 61.501, 62.125, 63.629, 64.717, 65.012, 63.938, 62.474, 62.128, 62.793, 62.847, 62.946, 64.551, 65.979, 64.988, 63.866, 63.98, 64.778, 64.355, 63.389, 63.848, 62.151], [49.446, 49.597, 49.403, 49.098, 48.895, 47.793, 47.285, 46.689, 44.479, 42.661, 41.865, 42.606, 43.482, 42.621, 40.724, 38.248, 36.765, 36.941, 36.875, 37.714, 39.786, 41.872, 40.713, 36.838, 37.126, 36.447, 32.374, 30.712, 28.779, 23.897, 15.107, 8.848, 4.243, 0.0, 3.043, 4.709, 6.804, 11.595, 14.233, 14.105, 14.894, 15.944, 18.403, 20.688, 23.272, 30.576, 31.964, 30.672, 29.56, 29.294, 29.746, 31.227, 33.039, 33.362, 36.172, 40.328, 42.732, 45.421, 47.218, 46.869, 48.764, 55.732, 61.134, 61.5, 60.809, 60.818, 61.484, 63.0, 64.11, 64.393, 63.308, 61.806, 61.417, 62.069, 62.141, 62.23, 63.815, 65.235, 64.281, 63.229, 63.334, 64.045, 63.584, 62.635, 63.084, 61.345], [49.781, 49.902, 49.672, 49.33, 49.105, 48.042, 47.637, 47.146, 44.991, 43.176, 42.568, 43.496, 44.4, 43.546, 41.664, 39.243, 37.81, 37.907, 37.874, 38.672, 40.444, 42.299, 41.103, 37.29, 37.521, 36.749, 32.651, 31.192, 29.533, 24.849, 16.395, 10.595, 6.609, 3.043, 0.0, 2.26, 5.207, 10.597, 13.457, 13.42, 14.21, 15.479, 18.205, 20.61, 22.887, 29.888, 31.295, 30.148, 29.122, 28.866, 29.332, 30.788, 32.577, 32.944, 35.818, 39.953, 42.392, 45.184, 47.014, 46.688, 48.616, 55.472, 60.753, 61.084, 60.399, 60.436, 61.082, 62.583, 63.721, 64.012, 62.906, 61.381, 60.976, 61.617, 61.685, 61.773, 63.36, 64.783, 63.844, 62.809, 62.913, 63.58, 63.102, 62.165, 62.603, 60.855], [49.68, 49.814, 49.596, 49.222, 48.955, 47.883, 47.518, 47.118, 45.057, 43.253, 42.633, 43.631, 44.562, 43.715, 41.834, 39.39, 37.957, 37.999, 38.0, 38.824, 40.465, 42.223, 41.045, 37.324, 37.513, 36.623, 32.381, 30.969, 29.528, 25.106, 16.846, 11.19, 7.582, 4.709, 2.26, 0.0, 3.775, 9.89, 12.999, 13.071, 13.898, 15.083, 17.818, 20.235, 22.524, 29.536, 30.967, 29.86, 28.885, 28.671, 29.133, 30.554, 32.314, 32.693, 35.622, 39.768, 42.189, 44.942, 46.731, 46.445, 48.481, 55.379, 60.629, 60.886, 60.123, 60.114, 60.73, 62.223, 63.381, 63.683, 62.568, 61.039, 60.651, 61.295, 61.371, 61.494, 63.105, 64.548, 63.618, 62.576, 62.688, 63.347, 62.858, 61.915, 62.347, 60.611], [49.761, 49.866, 49.659, 49.304, 48.986, 47.822, 47.387, 46.994, 44.96, 43.219, 42.69, 43.771, 44.744, 43.863, 41.931, 39.502, 38.059, 38.009, 38.054, 38.831, 40.206, 41.853, 40.723, 37.176, 37.534, 36.669, 32.527, 31.303, 29.829, 25.265, 17.124, 11.956, 8.977, 6.804, 5.207, 3.775, 0.0, 6.842, 10.471, 10.96, 12.467, 14.012, 17.14, 19.732, 22.154, 29.502, 30.949, 29.677, 28.506, 28.229, 28.556, 29.68, 31.368, 31.824, 34.902, 39.187, 41.593, 44.257, 45.995, 45.706, 47.695, 54.527, 59.792, 60.035, 59.254, 59.24, 59.831, 61.321, 62.497, 62.831, 61.77, 60.296, 59.895, 60.549, 60.623, 60.73, 62.333, 63.814, 62.917, 61.859, 61.965, 62.732, 62.383, 61.422, 61.869, 60.314], [50.664, 50.687, 50.439, 50.238, 49.962, 48.641, 48.015, 47.474, 45.315, 43.805, 43.799, 45.017, 45.997, 45.035, 43.054, 40.797, 39.307, 39.078, 39.131, 39.508, 40.141, 41.466, 40.392, 37.127, 37.789, 37.239, 33.98, 33.397, 31.758, 26.973, 19.378, 15.268, 13.221, 11.595, 10.597, 9.89, 6.842, 0.0, 4.485, 6.635, 10.249, 13.206, 17.254, 20.011, 22.207, 29.928, 31.49, 29.988, 28.296, 27.722, 27.863, 28.417, 29.971, 30.688, 34.124, 38.724, 41.135, 43.574, 45.32, 45.022, 46.432, 52.657, 57.768, 58.094, 57.608, 57.844, 58.49, 59.993, 61.163, 61.563, 60.682, 59.445, 59.051, 59.673, 59.65, 59.6, 61.09, 62.617, 61.816, 60.754, 60.795, 61.743, 61.708, 60.761, 61.243, 60.014], [51.512, 51.522, 51.258, 51.172, 51.016, 49.668, 48.886, 48.168, 45.923, 44.616, 44.767, 45.892, 46.825, 45.835, 43.887, 41.717, 40.146, 39.833, 39.874, 39.95, 40.185, 41.293, 40.224, 37.177, 37.959, 37.653, 35.003, 34.662, 32.914, 28.181, 20.996, 17.231, 15.533, 14.233, 13.457, 12.999, 10.471, 4.485, 0.0, 4.172, 9.571, 13.446, 17.867, 20.619, 22.888, 30.779, 32.394, 30.736, 28.748, 28.084, 28.307, 28.818, 30.359, 31.2, 34.78, 39.508, 41.862, 44.008, 45.764, 45.488, 46.486, 52.346, 57.378, 57.803, 57.578, 58.034, 58.785, 60.341, 61.488, 61.925, 61.128, 59.987, 59.618, 60.228, 60.127, 59.954, 61.355, 62.894, 62.138, 61.066, 61.081, 62.145, 62.294, 61.369, 61.87, 60.711], [51.142, 51.17, 50.928, 50.869, 50.834, 49.757, 49.13, 48.367, 46.266, 45.049, 44.941, 46.064, 47.021, 46.039, 44.137, 41.895, 40.286, 39.991, 40.033, 40.262, 40.856, 42.156, 41.083, 38.095, 38.853, 38.561, 35.809, 35.189, 33.454, 28.854, 21.486, 17.228, 15.315, 14.105, 13.42, 13.071, 10.96, 6.635, 4.172, 0.0, 6.425, 11.24, 16.111, 19.115, 21.803, 29.764, 31.302, 29.697, 27.918, 27.408, 27.869, 28.92, 30.675, 31.435, 34.701, 39.378, 41.846, 43.942, 45.722, 45.407, 46.504, 52.674, 57.836, 58.397, 58.4, 58.949, 59.859, 61.516, 62.637, 63.09, 62.273, 61.108, 60.751, 61.373, 61.224, 61.054, 62.552, 64.136, 63.311, 62.198, 62.258, 63.341, 63.413, 62.508, 63.041, 61.709], [50.048, 50.069, 49.88, 49.81, 49.796, 49.085, 48.949, 48.445, 46.735, 45.495, 45.162, 46.644, 47.7, 46.776, 44.945, 42.61, 41.131, 40.911, 40.976, 41.673, 42.951, 44.7, 43.781, 40.94, 41.614, 41.095, 37.762, 36.631, 35.148, 31.057, 23.591, 18.536, 16.155, 14.894, 14.21, 13.898, 12.467, 10.249, 9.571, 6.425, 0.0, 6.124, 12.144, 15.852, 18.46, 25.929, 27.338, 26.043, 24.93, 24.716, 25.508, 27.458, 29.568, 30.231, 32.975, 37.462, 40.203, 42.388, 44.136, 43.823, 45.458, 52.368, 57.759, 58.413, 58.559, 59.07, 60.154, 61.943, 63.034, 63.479, 62.562, 61.42, 61.208, 61.822, 61.639, 61.689, 63.476, 65.189, 64.283, 63.123, 63.241, 64.256, 64.113, 63.219, 63.793, 62.22], [48.869, 48.912, 48.782, 48.674, 48.562, 47.911, 48.024, 47.9, 46.62, 45.319, 44.698, 46.396, 47.549, 46.686, 44.886, 42.446, 41.134, 41.001, 41.126, 42.272, 44.01, 45.995, 45.263, 42.624, 43.221, 42.389, 38.395, 36.828, 35.746, 32.333, 24.972, 19.479, 16.911, 15.944, 15.479, 15.083, 14.012, 13.206, 13.446, 11.24, 6.124, 0.0, 7.211, 11.772, 14.829, 22.512, 23.751, 22.551, 22.107, 22.385, 23.507, 26.172, 28.598, 29.171, 31.682, 35.974, 38.597, 40.531, 42.092, 41.929, 44.371, 52.182, 57.879, 58.406, 58.223, 58.429, 59.567, 61.465, 62.586, 62.965, 61.86, 60.662, 60.649, 61.313, 61.188, 61.66, 63.857, 65.711, 64.761, 63.569, 63.767, 64.732, 64.373, 63.396, 63.963, 62.248], [48.378, 48.494, 48.442, 48.261, 48.065, 47.476, 47.812, 48.133, 47.457, 46.218, 45.171, 46.98, 48.224, 47.426, 45.619, 42.875, 41.606, 41.562, 41.764, 43.242, 45.39, 47.704, 47.307, 44.917, 45.361, 44.202, 39.538, 37.608, 37.32, 34.854, 27.479, 21.524, 18.913, 18.403, 18.205, 17.818, 17.14, 17.254, 17.867, 16.111, 12.144, 7.211, 0.0, 5.704, 10.854, 19.618, 20.712, 19.581, 19.96, 21.07, 22.83, 25.903, 28.35, 28.815, 30.975, 34.916, 37.339, 38.938, 40.283, 40.401, 43.817, 52.553, 58.462, 58.766, 58.214, 58.121, 59.329, 61.312, 62.488, 62.837, 61.542, 60.31, 60.508, 61.288, 61.142, 61.934, 64.682, 66.816, 65.831, 64.569, 64.826, 65.75, 65.156, 64.124, 64.729, 63.087], [48.436, 48.615, 48.57, 48.34, 48.128, 47.527, 47.91, 48.503, 48.16, 47.22, 46.109, 47.77, 49.029, 48.256, 46.415, 43.422, 42.048, 41.954, 42.186, 43.724, 45.958, 48.324, 48.154, 46.09, 46.459, 45.1, 40.395, 38.599, 38.783, 36.81, 29.468, 23.386, 20.932, 20.688, 20.61, 20.235, 19.732, 20.011, 20.619, 19.115, 15.852, 11.772, 5.704, 0.0, 8.483, 18.679, 20.022, 19.04, 19.68, 21.355, 23.583, 26.665, 28.964, 29.448, 31.529, 35.35, 37.796, 39.06, 40.129, 40.552, 44.241, 53.145, 58.987, 59.057, 58.306, 58.013, 59.217, 61.268, 62.474, 62.861, 61.553, 60.43, 60.788, 61.612, 61.403, 62.241, 65.209, 67.577, 66.631, 65.274, 65.461, 66.332, 65.672, 64.605, 65.213, 63.712], [48.409, 48.449, 48.332, 48.074, 47.796, 47.35, 48.086, 48.913, 48.786, 48.026, 48.127, 50.421, 51.593, 50.873, 49.055, 46.265, 45.172, 45.111, 45.303, 46.792, 48.867, 51.13, 51.014, 49.055, 49.342, 47.87, 43.379, 42.038, 42.331, 40.158, 32.894, 26.944, 24.165, 23.272, 22.887, 22.524, 22.154, 22.207, 22.888, 21.803, 18.46, 14.829, 10.854, 8.483, 0.0, 11.8, 14.491, 14.736, 16.335, 18.02, 20.547, 24.087, 26.412, 26.997, 29.149, 32.895, 35.448, 37.011, 38.156, 38.796, 42.723, 51.512, 57.223, 57.172, 56.296, 56.0, 57.302, 59.362, 60.539, 60.893, 59.58, 58.553, 58.976, 59.724, 59.5, 60.401, 63.464, 66.021, 65.22, 63.945, 64.055, 64.711, 63.912, 62.858, 63.463, 61.981], [50.561, 50.41, 50.262, 49.976, 49.654, 49.705, 51.169, 52.373, 52.709, 51.85, 52.714, 56.109, 57.378, 56.745, 55.166, 52.609, 51.77, 51.739, 51.93, 53.633, 55.806, 58.22, 58.348, 56.601, 56.782, 55.082, 50.247, 48.777, 49.434, 47.636, 40.831, 34.967, 31.907, 30.576, 29.888, 29.536, 29.502, 29.928, 30.779, 29.764, 25.929, 22.512, 19.618, 18.679, 11.8, 0.0, 5.806, 11.687, 16.68, 18.541, 21.267, 25.849, 28.207, 28.572, 29.742, 32.248, 34.745, 36.901, 38.127, 38.901, 43.645, 52.634, 58.084, 58.036, 57.239, 56.886, 58.223, 60.206, 61.277, 61.538, 60.067, 58.991, 59.508, 60.218, 59.959, 61.036, 64.284, 66.905, 66.149, 65.046, 65.251, 65.548, 64.287, 63.274, 63.898, 62.074], [51.521, 51.362, 51.213, 50.909, 50.598, 50.732, 52.248, 53.509, 53.883, 52.873, 53.472, 56.98, 58.391, 57.757, 56.216, 53.648, 52.728, 52.658, 52.861, 54.672, 57.014, 59.587, 59.875, 58.218, 58.469, 56.752, 51.708, 49.919, 50.49, 48.733, 42.017, 36.21, 33.216, 31.964, 31.295, 30.967, 30.949, 31.49, 32.394, 31.302, 27.338, 23.751, 20.712, 20.022, 14.491, 5.806, 0.0, 8.398, 15.025, 17.459, 20.426, 25.66, 28.34, 28.601, 29.369, 31.505, 33.835, 35.879, 37.098, 37.833, 42.817, 52.36, 58.098, 58.161, 57.439, 57.033, 58.343, 60.364, 61.441, 61.68, 60.115, 58.929, 59.428, 60.189, 59.925, 61.057, 64.39, 66.966, 66.134, 65.056, 65.572, 66.167, 64.888, 63.829, 64.484, 62.545], [51.347, 51.256, 51.114, 50.806, 50.507, 50.466, 51.677, 52.749, 52.887, 51.866, 52.148, 55.288, 56.723, 56.112, 54.629, 52.08, 51.063, 51.012, 51.209, 52.95, 55.352, 57.975, 58.272, 56.536, 56.909, 55.425, 50.587, 48.567, 48.585, 46.435, 39.766, 34.321, 31.667, 30.672, 30.148, 29.86, 29.677, 29.988, 30.736, 29.697, 26.043, 22.551, 19.581, 19.04, 14.736, 11.687, 8.398, 0.0, 7.915, 11.576, 15.121, 21.008, 24.253, 24.604, 25.7, 28.541, 30.893, 32.638, 33.952, 34.449, 39.133, 49.422, 55.956, 56.241, 55.538, 55.265, 56.652, 58.76, 59.894, 60.173, 58.628, 57.398, 57.83, 58.629, 58.338, 59.378, 62.726, 65.293, 64.4, 63.225, 64.023, 65.412, 64.67, 63.63, 64.373, 62.683], [51.555, 51.503, 51.339, 51.079, 50.813, 50.537, 51.377, 52.115, 51.84, 50.888, 51.253, 54.044, 55.425, 54.801, 53.445, 51.136, 50.023, 49.9, 50.044, 51.495, 53.597, 56.008, 56.192, 54.393, 54.895, 53.703, 49.379, 47.446, 46.861, 44.203, 37.765, 32.871, 30.494, 29.56, 29.122, 28.885, 28.506, 28.296, 28.748, 27.918, 24.93, 22.107, 19.96, 19.68, 16.335, 16.68, 15.025, 7.915, 0.0, 5.334, 10.068, 16.255, 19.971, 20.569, 22.817, 27.073, 29.613, 31.311, 32.81, 32.968, 36.775, 47.019, 54.068, 54.538, 53.89, 53.874, 55.251, 57.367, 58.563, 58.921, 57.521, 56.311, 56.624, 57.412, 57.104, 57.919, 61.073, 63.574, 62.694, 61.468, 62.253, 64.137, 64.054, 63.141, 63.901, 62.534], [51.811, 51.71, 51.53, 51.316, 51.06, 50.739, 51.466, 51.917, 51.365, 50.376, 51.065, 53.881, 55.206, 54.559, 53.258, 51.294, 50.355, 50.302, 50.369, 51.588, 53.436, 55.716, 55.786, 53.898, 54.524, 53.584, 49.638, 47.79, 46.748, 43.637, 37.309, 32.713, 30.35, 29.294, 28.866, 28.671, 28.229, 27.722, 28.084, 27.408, 24.716, 22.385, 21.07, 21.355, 18.02, 18.541, 17.459, 11.576, 5.334, 0.0, 5.979, 13.355, 17.5, 18.177, 21.333, 26.357, 28.892, 30.959, 32.812, 32.698, 35.885, 45.776, 53.022, 53.704, 53.211, 53.523, 54.921, 56.936, 58.101, 58.463, 57.176, 55.98, 56.178, 56.912, 56.617, 57.294, 60.263, 62.683, 61.857, 60.714, 61.46, 63.372, 63.521, 62.771, 63.527, 62.234], [52.551, 52.386, 52.191, 51.961, 51.656, 51.317, 51.99, 52.254, 51.497, 50.409, 51.279, 54.158, 55.452, 54.792, 53.481, 51.76, 51.156, 51.353, 51.375, 52.537, 54.316, 56.498, 56.39, 54.281, 54.986, 54.268, 50.617, 48.789, 47.2, 43.466, 37.279, 33.111, 30.849, 29.746, 29.332, 29.133, 28.556, 27.863, 28.307, 27.869, 25.508, 23.507, 22.83, 23.583, 20.547, 21.267, 20.426, 15.121, 10.068, 5.979, 0.0, 9.141, 14.285, 15.005, 18.678, 24.338, 26.964, 29.63, 31.891, 31.496, 34.233, 43.978, 51.531, 52.431, 51.969, 52.497, 53.889, 55.781, 56.906, 57.239, 56.039, 54.892, 55.026, 55.703, 55.406, 56.037, 58.952, 61.336, 60.549, 59.482, 60.293, 62.353, 62.694, 62.03, 62.896, 61.863], [54.373, 54.185, 53.944, 53.62, 53.208, 52.723, 53.305, 53.534, 52.618, 51.551, 52.691, 55.444, 56.645, 55.973, 54.526, 52.765, 52.174, 52.438, 52.438, 53.372, 54.902, 57.004, 56.893, 54.713, 55.557, 54.982, 51.659, 50.212, 48.538, 44.292, 37.968, 34.269, 32.318, 31.227, 30.788, 30.554, 29.68, 28.417, 28.818, 28.92, 27.458, 26.172, 25.903, 26.665, 24.087, 25.849, 25.66, 21.008, 16.255, 13.355, 9.141, 0.0, 6.358, 8.187, 13.258, 20.234, 23.052, 26.145, 28.742, 28.028, 29.969, 39.176, 46.799, 47.744, 47.249, 47.983, 49.307, 51.026, 52.174, 52.554, 51.551, 50.695, 50.815, 51.358, 50.85, 51.296, 54.263, 56.766, 56.039, 54.971, 55.693, 58.007, 58.949, 58.524, 59.579, 59.674], [55.746, 55.549, 55.294, 54.89, 54.4, 53.887, 54.556, 54.888, 54.001, 52.955, 54.227, 56.964, 58.105, 57.453, 55.921, 54.017, 53.362, 53.588, 53.593, 54.441, 55.844, 57.949, 57.948, 55.859, 56.788, 56.2, 52.866, 51.654, 50.267, 46.096, 39.634, 35.929, 34.099, 33.039, 32.577, 32.314, 31.368, 29.971, 30.359, 30.675, 29.568, 28.598, 28.35, 28.964, 26.412, 28.207, 28.34, 24.253, 19.971, 17.5, 14.285, 6.358, 0.0, 3.99, 10.927, 18.351, 21.072, 24.241, 26.881, 26.065, 27.771, 36.473, 43.803, 44.629, 44.068, 44.943, 46.241, 47.809, 48.972, 49.433, 48.528, 47.872, 48.054, 48.531, 47.824, 48.037, 51.013, 53.656, 53.003, 51.9, 52.474, 54.84, 56.12, 55.99, 57.118, 57.898], [55.786, 55.584, 55.338, 54.912, 54.413, 53.987, 54.757, 55.126, 54.238, 53.073, 54.255, 57.072, 58.23, 57.61, 56.126, 54.186, 53.537, 53.79, 53.803, 54.825, 56.461, 58.662, 58.661, 56.472, 57.367, 56.742, 53.224, 51.932, 50.639, 46.564, 40.075, 36.282, 34.406, 33.362, 32.944, 32.693, 31.824, 30.688, 31.2, 31.435, 30.231, 29.171, 28.815, 29.448, 26.997, 28.572, 28.601, 24.604, 20.569, 18.177, 15.005, 8.187, 3.99, 0.0, 8.672, 16.701, 19.552, 23.234, 26.01, 25.13, 27.179, 36.106, 43.492, 44.334, 43.724, 44.639, 45.95, 47.465, 48.608, 49.051, 48.123, 47.421, 47.608, 48.129, 47.457, 47.67, 50.626, 53.216, 52.54, 51.446, 52.058, 54.436, 55.651, 55.623, 56.798, 57.452], [56.255, 56.035, 55.809, 55.321, 54.843, 54.71, 55.76, 56.287, 55.664, 54.408, 55.431, 58.503, 59.728, 59.165, 57.696, 55.579, 54.926, 55.231, 55.288, 56.707, 59.152, 62.009, 62.22, 59.934, 60.727, 59.955, 56.057, 54.61, 53.634, 49.796, 43.052, 38.984, 37.11, 36.172, 35.818, 35.622, 34.902, 34.124, 34.78, 34.701, 32.975, 31.682, 30.975, 31.529, 29.149, 29.742, 29.369, 25.7, 22.817, 21.333, 18.678, 13.258, 10.927, 8.672, 0.0, 9.094, 13.919, 19.619, 22.813, 21.877, 24.77, 34.469, 41.893, 42.826, 42.577, 43.593, 45.192, 46.777, 47.786, 48.236, 47.281, 46.713, 47.038, 47.547, 46.775, 47.223, 50.603, 53.374, 52.638, 51.513, 52.222, 54.592, 55.551, 55.522, 56.88, 57.671], [57.742, 57.478, 57.251, 56.656, 56.103, 56.129, 57.422, 58.264, 58.078, 56.729, 57.709, 61.073, 62.344, 61.835, 60.346, 58.059, 57.383, 57.682, 57.813, 59.492, 62.36, 65.715, 66.304, 64.158, 64.859, 63.844, 59.536, 58.042, 57.56, 54.223, 47.469, 43.116, 41.187, 40.328, 39.953, 39.768, 39.187, 38.724, 39.508, 39.378, 37.462, 35.974, 34.916, 35.35, 32.895, 32.248, 31.505, 28.541, 27.073, 26.357, 24.338, 20.234, 18.351, 16.701, 9.094, 0.0, 8.029, 16.56, 20.062, 19.444, 23.616, 33.682, 40.794, 41.603, 41.473, 42.455, 44.225, 45.788, 46.646, 47.079, 45.976, 45.427, 45.897, 46.385, 45.602, 46.448, 50.363, 53.389, 52.691, 51.57, 52.348, 54.563, 55.116, 55.025, 56.459, 57.353], [58.936, 58.66, 58.434, 57.788, 57.137, 57.077, 58.329, 59.332, 59.373, 57.932, 58.935, 62.346, 63.587, 63.083, 61.575, 59.274, 58.462, 58.672, 58.821, 60.43, 63.126, 66.481, 67.38, 65.639, 66.443, 65.342, 61.0, 59.547, 59.286, 56.251, 49.727, 45.453, 43.516, 42.732, 42.392, 42.189, 41.593, 41.135, 41.862, 41.846, 40.203, 38.597, 37.339, 37.796, 35.448, 34.745, 33.835, 30.893, 29.613, 28.892, 26.964, 23.052, 21.072, 19.552, 13.919, 8.029, 0.0, 10.551, 14.88, 14.416, 19.803, 30.889, 38.634, 39.553, 39.184, 40.206, 42.08, 43.577, 44.349, 44.656, 43.422, 42.75, 43.202, 43.712, 42.995, 44.234, 48.562, 51.745, 51.125, 50.082, 51.056, 53.405, 53.937, 53.84, 55.252, 56.175], [59.55, 59.325, 59.123, 58.485, 57.813, 57.635, 58.726, 59.878, 60.233, 59.038, 59.868, 63.044, 64.245, 63.729, 62.161, 59.771, 58.736, 58.745, 58.917, 60.421, 62.935, 66.184, 67.376, 66.355, 67.363, 66.179, 62.095, 60.83, 60.86, 58.282, 51.986, 47.779, 45.986, 45.421, 45.184, 44.942, 44.257, 43.574, 44.008, 43.942, 42.388, 40.531, 38.938, 39.06, 37.011, 36.901, 35.879, 32.638, 31.311, 30.959, 29.63, 26.145, 24.241, 23.234, 19.619, 16.56, 10.551, 0.0, 5.834, 6.943, 14.683, 27.989, 36.532, 37.428, 36.926, 37.841, 40.107, 41.867, 42.589, 42.905, 41.582, 40.997, 41.689, 42.25, 41.337, 42.842, 47.618, 51.202, 50.697, 49.581, 50.755, 53.445, 54.197, 54.04, 55.421, 56.498], [59.378, 59.169, 58.982, 58.297, 57.545, 57.326, 58.451, 59.877, 60.595, 59.562, 60.274, 63.379, 64.577, 64.082, 62.493, 60.025, 58.944, 58.827, 59.058, 60.702, 63.263, 66.503, 67.873, 67.216, 68.291, 66.919, 62.739, 61.584, 61.933, 59.781, 53.649, 49.428, 47.696, 47.218, 47.014, 46.731, 45.995, 45.32, 45.764, 45.722, 44.136, 42.092, 40.283, 40.129, 38.156, 38.127, 37.098, 33.952, 32.81, 32.812, 31.891, 28.742, 26.881, 26.01, 22.813, 20.062, 14.88, 5.834, 0.0, 5.434, 15.039, 28.621, 37.149, 37.777, 36.849, 37.218, 39.455, 41.295, 42.058, 42.409, 41.016, 40.538, 41.458, 42.057, 41.148, 42.88, 47.84, 51.582, 51.065, 49.833, 51.002, 53.764, 54.53, 54.304, 55.661, 56.767], [59.547, 59.332, 59.145, 58.486, 57.752, 57.565, 58.677, 59.893, 60.358, 59.237, 59.99, 63.111, 64.31, 63.81, 62.251, 59.884, 58.832, 58.755, 58.9