[[0.0, 3.845, 7.851, 17.54, 20.761, 27.987, 33.282, 35.404, 40.815, 44.072, 45.108, 48.338, 53.701, 58.576, 59.997, 61.207, 65.423, 70.887, 72.961, 74.74, 75.927, 74.834, 74.177, 74.42, 75.07, 75.703, 75.708, 75.353, 76.001, 76.039, 74.935, 73.995, 73.974, 74.553, 75.168, 74.338, 73.342, 73.471, 72.629, 71.947, 72.964, 71.104, 67.648, 67.036, 67.918, 67.41, 60.888, 52.903, 50.67, 49.77, 47.967, 47.761, 47.123, 46.345, 47.668, 48.579, 48.387, 47.716, 47.12, 46.904, 47.414, 47.751, 47.757, 48.395, 50.196, 51.275, 51.179, 50.887, 51.156, 51.526, 52.659, 53.616, 54.089, 55.952, 56.694, 58.872, 62.405, 61.586, 59.807, 60.496, 61.272, 62.248, 62.233, 61.92, 61.192, 58.237], [3.845, 0.0, 7.078, 16.828, 19.76, 27.449, 32.985, 35.307, 40.804, 43.992, 44.939, 48.126, 53.695, 58.714, 60.149, 61.351, 65.555, 71.014, 73.084, 74.873, 76.075, 74.961, 74.265, 74.479, 75.133, 75.773, 75.775, 75.421, 76.08, 76.124, 75.017, 74.063, 74.033, 74.622, 75.281, 74.492, 73.504, 73.63, 72.782, 72.102, 73.113, 71.236, 67.757, 67.154, 68.059, 67.582, 61.006, 52.884, 50.649, 49.725, 47.828, 47.634, 46.991, 46.107, 47.397, 48.333, 48.185, 47.632, 47.125, 46.88, 47.347, 47.675, 47.652, 48.226, 50.033, 51.16, 51.043, 50.694, 50.926, 51.282, 52.362, 53.254, 53.743, 55.591, 56.337, 58.58, 62.169, 61.326, 59.52, 60.23, 61.026, 61.966, 61.908, 61.598, 60.931, 58.008], [7.851, 7.078, 0.0, 12.022, 15.772, 23.049, 28.948, 31.504, 37.661, 41.425, 42.821, 46.467, 52.101, 57.263, 58.731, 59.966, 64.513, 70.375, 72.707, 74.547, 75.752, 74.655, 73.997, 74.242, 74.886, 75.442, 75.434, 75.155, 75.84, 75.91, 74.801, 73.828, 73.8, 74.395, 75.094, 74.339, 73.496, 73.664, 72.908, 72.583, 73.707, 71.82, 68.372, 67.687, 68.472, 67.869, 61.322, 53.515, 51.427, 50.531, 48.56, 48.461, 47.71, 46.495, 47.777, 48.609, 48.183, 47.353, 46.744, 46.447, 46.866, 47.157, 47.193, 47.852, 49.768, 50.901, 50.797, 50.646, 51.001, 51.386, 52.566, 53.627, 54.079, 55.753, 56.512, 58.805, 62.374, 61.47, 59.603, 60.285, 61.074, 61.946, 61.902, 61.555, 60.977, 57.688], [17.54, 16.828, 12.022, 0.0, 6.357, 15.81, 22.955, 25.893, 31.992, 35.829, 37.195, 40.554, 45.929, 51.723, 53.473, 54.699, 59.406, 65.678, 68.267, 70.115, 71.398, 70.428, 69.881, 70.17, 70.751, 71.23, 71.231, 70.974, 71.641, 71.712, 70.582, 69.572, 69.548, 70.106, 70.829, 70.079, 69.387, 69.665, 69.012, 69.23, 70.551, 68.698, 65.444, 64.735, 65.339, 64.698, 58.538, 51.449, 49.729, 48.887, 46.915, 47.019, 46.481, 45.354, 46.421, 46.744, 46.2, 45.29, 44.58, 44.337, 44.782, 45.04, 45.34, 46.227, 47.734, 48.616, 48.656, 48.898, 49.427, 49.604, 50.509, 51.645, 51.967, 53.119, 53.797, 55.943, 59.244, 58.512, 57.029, 57.705, 58.524, 59.178, 58.982, 58.584, 58.253, 55.19], [20.761, 19.76, 15.772, 6.357, 0.0, 12.844, 20.826, 24.139, 30.207, 33.818, 34.887, 38.225, 44.004, 50.218, 52.079, 53.348, 58.116, 64.507, 67.174, 69.049, 70.409, 69.475, 68.886, 69.104, 69.651, 70.122, 70.141, 69.904, 70.586, 70.67, 69.535, 68.52, 68.495, 69.072, 69.84, 69.153, 68.518, 68.784, 68.196, 68.578, 69.947, 68.101, 64.878, 64.182, 64.801, 64.171, 58.031, 51.05, 49.46, 48.658, 46.666, 46.789, 46.229, 45.09, 45.996, 46.163, 45.732, 44.978, 44.361, 44.167, 44.626, 44.891, 45.224, 46.095, 47.47, 48.339, 48.472, 48.78, 49.271, 49.293, 49.98, 51.07, 51.327, 52.323, 53.032, 55.122, 58.377, 57.849, 56.624, 57.374, 58.223, 58.77, 58.502, 58.165, 57.957, 54.999], [27.987, 27.449, 23.049, 15.81, 12.844, 0.0, 10.417, 15.073, 21.627, 26.528, 29.439, 34.461, 40.628, 47.445, 49.399, 50.747, 56.321, 63.297, 66.22, 68.128, 69.491, 68.591, 67.988, 68.196, 68.814, 69.235, 69.216, 69.046, 69.773, 69.944, 68.738, 67.678, 67.673, 68.288, 69.136, 68.511, 68.12, 68.478, 68.195, 69.461, 71.169, 69.312, 66.183, 65.337, 65.742, 64.88, 58.903, 52.584, 51.29, 50.604, 48.718, 49.037, 48.468, 47.178, 47.969, 47.92, 47.273, 46.334, 45.673, 45.414, 45.74, 46.067, 46.551, 47.409, 48.729, 49.585, 49.779, 50.346, 50.953, 50.928, 51.608, 52.757, 52.792, 53.553, 54.314, 56.407, 59.762, 59.462, 58.127, 58.811, 59.624, 60.06, 59.912, 59.523, 59.24, 55.922], [33.282, 32.985, 28.948, 22.955, 20.826, 10.417, 0.0, 8.206, 18.694, 24.919, 28.864, 34.989, 42.185, 49.524, 51.484, 52.869, 58.907, 66.344, 69.444, 71.341, 72.666, 71.763, 71.207, 71.441, 72.043, 72.362, 72.299, 72.104, 72.826, 73.013, 71.727, 70.619, 70.63, 71.257, 72.094, 71.437, 71.179, 71.634, 71.484, 73.118, 75.033, 73.223, 70.144, 69.257, 69.561, 68.616, 62.665, 56.325, 54.981, 54.279, 52.398, 52.79, 52.184, 50.738, 51.456, 51.381, 50.776, 50.062, 49.459, 49.052, 49.306, 49.703, 50.126, 50.895, 52.577, 53.55, 53.694, 54.268, 54.886, 54.993, 55.728, 56.884, 56.91, 57.605, 58.391, 60.496, 63.824, 63.543, 62.134, 62.812, 63.577, 63.946, 63.891, 63.548, 63.29, 59.801], [35.404, 35.307, 31.504, 25.893, 24.139, 15.073, 8.206, 0.0, 13.582, 21.431, 26.657, 33.196, 39.891, 47.155, 49.126, 50.477, 56.667, 64.211, 67.385, 69.284, 70.572, 69.665, 69.172, 69.445, 70.045, 70.339, 70.246, 70.1, 70.835, 71.011, 69.711, 68.635, 68.65, 69.259, 70.077, 69.449, 69.25, 69.723, 69.72, 71.536, 73.509, 71.82, 68.92, 68.009, 68.165, 67.107, 61.415, 55.703, 54.647, 54.149, 52.793, 53.456, 52.929, 51.831, 52.721, 52.685, 52.288, 51.576, 50.878, 50.57, 50.9, 51.325, 51.811, 52.678, 53.975, 54.618, 54.808, 55.477, 56.222, 56.23, 56.737, 57.771, 57.531, 58.078, 58.729, 60.627, 63.799, 63.526, 62.132, 62.783, 63.56, 63.963, 64.048, 63.684, 63.016, 59.307], [40.815, 40.804, 37.661, 31.992, 30.207, 21.627, 18.694, 13.582, 0.0, 9.945, 18.866, 26.152, 31.919, 39.757, 41.96, 43.168, 49.239, 56.597, 59.763, 61.7, 63.086, 62.312, 61.892, 62.182, 62.858, 63.296, 63.194, 63.131, 63.863, 64.05, 62.751, 61.715, 61.727, 62.246, 63.083, 62.572, 62.44, 62.94, 63.149, 65.422, 67.526, 65.972, 63.514, 62.656, 62.575, 61.409, 56.533, 52.576, 52.271, 52.183, 51.54, 52.444, 52.129, 51.718, 52.608, 52.26, 51.911, 50.919, 50.117, 50.087, 50.481, 50.882, 51.651, 52.674, 52.742, 52.787, 53.202, 54.138, 54.942, 54.469, 54.452, 55.291, 54.655, 54.836, 55.341, 56.892, 59.902, 60.151, 59.139, 59.725, 60.529, 60.927, 61.072, 60.55, 59.576, 56.303], [44.072, 43.992, 41.425, 35.829, 33.818, 26.528, 24.919, 21.431, 9.945, 0.0, 11.597, 19.618, 26.852, 36.313, 38.939, 40.095, 45.702, 52.882, 56.046, 58.097, 59.725, 59.073, 58.698, 58.965, 59.635, 60.168, 60.094, 60.001, 60.71, 60.891, 59.573, 58.53, 58.544, 58.996, 59.856, 59.39, 59.267, 59.76, 59.912, 62.231, 64.374, 62.873, 60.676, 60.063, 60.113, 59.145, 54.734, 51.47, 51.456, 51.512, 50.979, 51.769, 51.51, 51.398, 52.188, 51.664, 51.415, 50.47, 49.733, 49.845, 50.288, 50.668, 51.532, 52.553, 51.961, 51.785, 52.377, 53.387, 54.055, 53.227, 52.746, 53.388, 52.701, 52.693, 53.179, 54.485, 57.344, 58.089, 57.524, 58.1, 58.89, 59.232, 59.291, 58.702, 57.908, 55.461], [45.108, 44.939, 42.821, 37.195, 34.887, 29.439, 28.864, 26.657, 18.866, 11.597, 0.0, 10.047, 22.371, 33.971, 37.036, 38.33, 43.455, 50.646, 53.891, 56.078, 58.025, 57.427, 57.001, 57.123, 57.651, 58.201, 58.218, 58.087, 58.806, 58.967, 57.605, 56.492, 56.509, 56.975, 57.885, 57.423, 57.355, 57.847, 57.69, 59.711, 61.77, 60.32, 58.23, 57.925, 58.5, 58.044, 53.722, 50.322, 50.349, 50.37, 49.53, 49.98, 49.749, 49.759, 50.542, 50.033, 50.008, 49.405, 48.8, 48.984, 49.522, 49.843, 50.694, 51.692, 50.832, 50.639, 51.419, 52.454, 52.974, 51.913, 50.803, 51.126, 50.654, 50.516, 51.046, 52.014, 54.516, 55.621, 55.658, 56.374, 57.107, 57.326, 57.167, 56.532, 56.179, 54.781], [48.338, 48.126, 46.467, 40.554, 38.225, 34.461, 34.989, 33.196, 26.152, 19.618, 10.047, 0.0, 16.83, 30.334, 33.957, 35.012, 39.096, 45.74, 48.814, 50.959, 53.079, 52.683, 52.366, 52.395, 52.781, 53.398, 53.49, 53.266, 53.883, 53.994, 52.649, 51.515, 51.504, 51.894, 52.789, 52.378, 52.415, 52.947, 52.624, 54.563, 56.567, 55.255, 53.497, 53.376, 54.074, 54.023, 50.558, 48.057, 48.385, 48.559, 48.043, 48.475, 48.488, 49.095, 49.867, 49.114, 49.355, 49.137, 48.675, 49.042, 49.62, 49.866, 50.916, 52.056, 50.365, 49.715, 50.7, 51.864, 52.379, 50.936, 48.968, 48.851, 48.283, 47.845, 48.276, 48.601, 50.513, 52.044, 52.804, 53.602, 54.31, 54.39, 54.037, 53.261, 53.004, 52.774], [53.701, 53.695, 52.101, 45.929, 44.004, 40.628, 42.185, 39.891, 31.919, 26.852, 22.371, 16.83, 0.0, 15.416, 20.376, 21.194, 24.692, 31.195, 34.365, 36.494, 38.68, 38.589, 38.727, 38.949, 39.358, 40.0, 40.137, 40.013, 40.585, 40.781, 39.553, 38.513, 38.491, 38.773, 39.677, 39.419, 39.684, 40.298, 40.321, 43.292, 45.587, 44.47, 43.401, 43.341, 43.753, 43.501, 42.067, 43.977, 45.885, 46.386, 47.135, 48.081, 48.497, 50.328, 51.648, 50.828, 51.125, 50.603, 49.975, 50.892, 51.636, 51.761, 53.198, 54.682, 51.592, 49.801, 50.916, 52.473, 53.368, 51.567, 48.987, 48.625, 47.397, 46.157, 45.75, 45.023, 45.989, 47.55, 48.652, 49.24, 50.036, 50.043, 49.636, 48.627, 47.328, 47.354], [58.576, 58.714, 57.263, 51.723, 50.218, 47.445, 49.524, 47.155, 39.757, 36.313, 33.971, 30.334, 15.416, 0.0, 6.238, 7.631, 12.602, 20.474, 24.402, 26.61, 28.405, 28.204, 28.8, 29.395, 29.95, 30.428, 30.536, 30.754, 31.515, 31.97, 30.935, 30.017, 30.001, 30.431, 31.5, 31.307, 31.602, 32.163, 32.633, 36.501, 38.989, 37.914, 37.13, 36.955, 37.387, 36.865, 36.631, 42.822, 46.458, 47.05, 48.447, 49.669, 50.236, 52.62, 54.532, 54.078, 54.272, 53.227, 52.438, 53.792, 54.751, 54.809, 56.33, 57.878, 54.199, 51.883, 52.985, 54.683, 55.867, 54.129, 51.55, 51.224, 49.777, 47.96, 46.641, 45.311, 45.607, 46.689, 47.675, 48.13, 48.958, 48.973, 48.616, 47.48, 45.125, 44.493], [59.997, 60.149, 58.731, 53.473, 52.079, 49.399, 51.484, 49.126, 41.96, 38.939, 37.036, 33.957, 20.376, 6.238, 0.0, 3.755, 11.259, 19.728, 23.953, 26.129, 27.55, 27.026, 27.573, 28.277, 28.892, 29.264, 29.326, 29.671, 30.543, 31.108, 30.119, 29.17, 29.15, 29.76, 30.969, 30.76, 31.012, 31.528, 32.105, 36.106, 38.603, 37.506, 36.658, 36.356, 36.861, 36.346, 35.971, 42.958, 47.139, 47.72, 49.111, 50.359, 50.908, 53.267, 55.352, 55.137, 55.296, 54.063, 53.248, 54.71, 55.737, 55.795, 57.293, 58.804, 55.153, 52.879, 53.965, 55.623, 56.868, 55.272, 52.814, 52.518, 51.1, 49.187, 47.636, 46.245, 46.418, 47.241, 48.062, 48.5, 49.3, 49.328, 49.033, 47.884, 45.282, 44.212], [61.207, 61.351, 59.966, 54.699, 53.348, 50.747, 52.869, 50.477, 43.168, 40.095, 38.33, 35.012, 21.194, 7.631, 3.755, 0.0, 8.631, 17.655, 22.254, 24.492, 25.864, 25.4, 26.102, 26.886, 27.563, 28.029, 28.138, 28.545, 29.399, 29.981, 29.018, 28.039, 27.984, 28.53, 29.758, 29.603, 29.852, 30.387, 30.974, 34.987, 37.497, 36.444, 35.743, 35.426, 35.777, 35.252, 35.387, 42.937, 47.228, 47.898, 49.468, 50.672, 51.165, 53.665, 55.758, 55.457, 55.626, 54.461, 53.669, 55.144, 56.133, 56.166, 57.701, 59.227, 55.418, 53.073, 54.191, 55.872, 57.114, 55.458, 52.893, 52.485, 50.972, 49.024, 47.413, 45.854, 45.901, 46.78, 47.688, 48.089, 48.87, 48.902, 48.642, 47.455, 44.745, 44.045], [65.423, 65.555, 64.513, 59.406, 58.116, 56.321, 58.907, 56.667, 49.239, 45.702, 43.455, 39.096, 24.692, 12.602, 11.259, 8.631, 0.0, 9.968, 15.363, 17.767, 19.401, 19.485, 20.86, 21.748, 22.43, 23.222, 23.485, 23.954, 24.671, 25.241, 24.483, 23.656, 23.531, 23.778, 24.921, 25.003, 25.325, 25.844, 26.344, 30.264, 32.643, 31.866, 31.968, 31.955, 32.205, 31.949, 34.029, 43.464, 48.039, 48.913, 51.028, 52.181, 52.712, 55.695, 57.714, 57.201, 57.591, 56.721, 56.034, 57.634, 58.621, 58.586, 60.214, 61.807, 57.403, 54.682, 55.895, 57.633, 58.81, 56.815, 53.733, 53.027, 51.342, 49.196, 47.395, 45.205, 44.579, 45.841, 47.417, 47.767, 48.537, 48.524, 48.167, 46.884, 44.013, 44.574], [70.887, 71.014, 70.375, 65.678, 64.507, 63.297, 66.344, 64.211, 56.597, 52.882, 50.646, 45.74, 31.195, 20.474, 19.728, 17.655, 9.968, 0.0, 6.252, 8.884, 10.96, 12.223, 14.713, 15.755, 16.582, 18.031, 18.539, 19.164, 19.628, 20.161, 19.901, 19.622, 19.464, 19.275, 20.148, 20.631, 20.922, 21.299, 21.762, 25.522, 27.618, 27.271, 28.519, 28.845, 28.987, 29.061, 33.558, 45.011, 49.913, 51.003, 53.704, 54.933, 55.712, 59.245, 61.182, 60.559, 61.195, 60.541, 59.942, 61.657, 62.625, 62.524, 64.217, 65.838, 60.834, 57.711, 58.993, 60.778, 61.936, 59.672, 56.185, 55.161, 53.281, 51.042, 49.076, 46.352, 45.142, 46.754, 48.826, 49.066, 49.784, 49.76, 49.338, 47.925, 44.711, 46.418], [72.961, 73.084, 72.707, 68.267, 67.174, 66.22, 69.444, 67.385, 59.763, 56.046, 53.891, 48.814, 34.365, 24.402, 23.953, 22.254, 15.363, 6.252, 0.0, 3.587, 6.923, 9.452, 12.632, 13.737, 14.649, 16.612, 17.246, 17.653, 17.813, 18.238, 18.295, 18.444, 18.317, 17.903, 18.508, 19.106, 19.211, 19.6, 19.952, 23.487, 25.432, 25.228, 26.935, 27.357, 27.44, 27.768, 33.368, 45.431, 50.394, 51.56, 54.528, 55.892, 57.019, 60.834, 62.687, 62.045, 62.814, 62.244, 61.66, 63.386, 64.345, 64.25, 65.977, 67.612, 62.384, 59.096, 60.392, 62.198, 63.362, 61.017, 57.432, 56.295, 54.429, 52.266, 50.303, 47.491, 46.169, 47.924, 50.117, 50.28, 50.953, 50.954, 50.49, 48.993, 45.662, 47.899], [74.74, 74.873, 74.547, 70.115, 69.049, 68.128, 71.341, 69.284, 61.7, 58.097, 56.078, 50.959, 36.494, 26.61, 26.129, 24.492, 17.767, 8.884, 3.587, 0.0, 4.485, 8.222, 11.857, 13.017, 13.876, 15.868, 16.533, 16.874, 16.806, 17.175, 17.459, 17.878, 17.781, 17.248, 17.663, 18.359, 18.52, 18.891, 19.364, 23.055, 24.973, 24.886, 26.847, 27.208, 27.075, 27.425, 33.692, 46.233, 51.3, 52.49, 55.559, 56.985, 58.251, 62.164, 63.976, 63.3, 64.119, 63.6, 63.035, 64.783, 65.726, 65.629, 67.391, 69.036, 63.715, 60.345, 61.635, 63.485, 64.67, 62.272, 58.632, 57.5, 55.633, 53.411, 51.405, 48.529, 47.051, 48.837, 51.139, 51.261, 51.917, 51.887, 51.359, 49.833, 46.5, 48.884], [75.927, 76.075, 75.752, 71.398, 70.409, 69.491, 72.666, 70.572, 63.086, 59.725, 58.025, 53.079, 38.68, 28.405, 27.55, 25.864, 19.401, 10.96, 6.923, 4.485, 0.0, 5.261, 9.872, 11.366, 12.224, 14.133, 14.754, 15.151, 15.012, 15.443, 15.928, 16.494, 16.39, 15.828, 16.148, 16.886, 17.047, 17.324, 18.085, 22.045, 23.962, 23.992, 26.131, 26.36, 25.98, 26.218, 32.938, 46.188, 51.539, 52.762, 55.961, 57.491, 58.796, 62.751, 64.705, 64.19, 65.047, 64.526, 63.99, 65.787, 66.73, 66.639, 68.422, 70.051, 64.719, 61.323, 62.587, 64.467, 65.711, 63.357, 59.763, 58.628, 56.702, 54.421, 52.258, 49.291, 47.718, 49.333, 51.524, 51.615, 52.256, 52.2, 51.695, 50.154, 46.58, 48.715], [74.834, 74.961, 74.655, 70.428, 69.475, 68.591, 71.763, 69.665, 62.312, 59.073, 57.427, 52.683, 38.589, 28.204, 27.026, 25.4, 19.485, 12.223, 9.452, 8.222, 5.261, 0.0, 5.413, 7.596, 8.67, 10.604, 11.374, 12.019, 12.222, 12.767, 13.162, 13.629, 13.574, 13.416, 14.161, 15.007, 15.288, 15.473, 16.306, 20.5, 22.497, 22.452, 24.447, 24.648, 24.374, 24.53, 30.724, 44.018, 49.61, 50.895, 54.155, 55.814, 57.159, 61.092, 63.27, 63.286, 64.45, 63.927, 63.416, 65.26, 66.216, 66.113, 67.859, 69.462, 64.263, 60.971, 62.221, 64.069, 65.328, 63.034, 59.453, 58.269, 56.312, 54.048, 51.855, 48.95, 47.456, 48.886, 50.871, 50.993, 51.67, 51.606, 51.1, 49.533, 45.757, 47.393], [74.177, 74.265, 73.997, 69.881, 68.886, 67.988, 71.207, 69.172, 61.892, 58.698, 57.001, 52.366, 38.727, 28.8, 27.573, 26.102, 20.86, 14.713, 12.632, 11.857, 9.872, 5.413, 0.0, 3.194, 5.165, 7.49, 8.697, 9.795, 10.429, 10.891, 11.153, 11.645, 11.703, 11.958, 13.097, 14.178, 14.643, 14.667, 15.494, 19.735, 21.687, 21.547, 23.402, 23.612, 23.494, 23.595, 29.107, 42.056, 47.73, 49.106, 52.423, 54.168, 55.577, 59.545, 61.787, 62.239, 63.916, 63.514, 63.02, 64.864, 65.807, 65.67, 67.374, 68.966, 63.883, 60.686, 61.939, 63.755, 65.005, 62.722, 59.073, 57.787, 55.781, 53.551, 51.47, 48.701, 47.335, 48.724, 50.617, 50.796, 51.517, 51.449, 50.903, 49.323, 45.523, 46.877], [74.42, 74.479, 74.242, 70.17, 69.104, 68.196, 71.441, 69.445, 62.182, 58.965, 57.123, 52.395, 38.949, 29.395, 28.277, 26.886, 21.748, 15.755, 13.737, 13.017, 11.366, 7.596, 3.194, 0.0, 3.324, 6.571, 8.06, 9.382, 10.079, 10.469, 10.731, 11.276, 11.316, 11.577, 12.781, 14.097, 14.829, 14.85, 15.622, 19.776, 21.605, 21.6, 23.625, 23.929, 23.904, 24.04, 29.32, 41.998, 47.619, 49.007, 52.311, 54.052, 55.446, 59.406, 61.615, 62.104, 63.939, 63.684, 63.243, 65.078, 66.009, 65.844, 67.538, 69.147, 64.102, 60.924, 62.188, 63.995, 65.231, 62.918, 59.159, 57.797, 55.766, 53.545, 51.523, 48.7, 47.277, 48.682, 50.623, 50.87, 51.607, 51.503, 50.916, 49.346, 45.632, 47.012], [75.07, 75.133, 74.886, 70.751, 69.651, 68.814, 72.043, 70.045, 62.858, 59.635, 57.651, 52.781, 39.358, 29.95, 28.892, 27.563, 22.43, 16.582, 14.649, 13.876, 12.224, 8.67, 5.165, 3.324, 0.0, 4.193, 6.201, 7.706, 8.328, 8.685, 9.177, 9.917, 10.025, 10.215, 11.459, 13.076, 14.277, 14.315, 15.249, 19.644, 21.393, 21.681, 24.112, 24.583, 24.614, 24.826, 30.162, 42.717, 48.279, 49.64, 52.875, 54.619, 55.993, 59.894, 62.113, 62.694, 64.561, 64.348, 63.992, 65.88, 66.821, 66.63, 68.333, 69.973, 64.973, 61.78, 63.04, 64.865, 66.101, 63.755, 59.922, 58.556, 56.5, 54.225, 52.194, 49.225, 47.565, 48.901, 50.91, 51.185, 51.913, 51.75, 51.124, 49.586, 45.943, 47.201], [75.703, 75.773, 75.442, 71.23, 70.122, 69.235, 72.362, 70.339, 63.296, 60.168, 58.201, 53.398, 40.0, 30.428, 29.264, 28.029, 23.222, 18.031, 16.612, 15.868, 14.133, 10.604, 7.49, 6.571, 4.193, 0.0, 3.078, 5.604, 6.564, 7.112, 7.765, 8.686, 8.961, 9.436, 10.892, 12.666, 14.306, 14.196, 15.521, 20.419, 22.252, 22.563, 24.958, 25.462, 25.542, 25.668, 30.816, 43.336, 48.938, 50.28, 53.466, 55.284, 56.649, 60.461, 62.735, 63.489, 65.415, 65.138, 64.821, 66.806, 67.783, 67.594, 69.292, 70.93, 66.022, 62.844, 64.076, 65.918, 67.189, 64.876, 61.078, 59.787, 57.711, 55.355, 53.287, 50.34, 48.574, 49.735, 51.677, 51.958, 52.687, 52.475, 51.864, 50.394, 46.7, 47.45], [75.708, 75.775, 75.434, 71.231, 70.141, 69.216, 72.299, 70.246, 63.194, 60.094, 58.218, 53.49, 40.137, 30.536, 29.326, 28.138, 23.485, 18.539, 17.246, 16.533, 14.754, 11.374, 8.697, 8.06, 6.201, 3.078, 0.0, 3.553, 5.053, 5.796, 6.417, 7.515, 7.879, 8.49, 10.039, 11.657, 13.386, 13.249, 14.771, 20.037, 21.966, 22.236, 24.615, 25.146, 25.248, 25.372, 30.455, 43.025, 48.665, 49.977, 53.128, 54.967, 56.34, 60.118, 62.404, 63.167, 65.07, 64.75, 64.431, 66.477, 67.516, 67.364, 69.063, 70.699, 65.812, 62.616, 63.819, 65.642, 66.938, 64.682, 60.935, 59.675, 57.605, 55.204, 53.084, 50.153, 48.357, 49.401, 51.262, 51.52, 52.247, 52.027, 51.467, 50.06, 46.374, 47.009], [75.353, 75.421, 75.155, 70.974, 69.904, 69.046, 72.104, 70.1, 63.131, 60.001, 58.087, 53.266, 40.013, 30.754, 29.671, 28.545, 23.954, 19.164, 17.653, 16.874, 15.151, 12.019, 9.795, 9.382, 7.706, 5.604, 3.553, 0.0, 2.442, 3.659, 4.22, 5.601, 6.135, 7.048, 8.767, 10.084, 11.818, 11.801, 13.379, 19.047, 21.147, 21.345, 23.72, 24.31, 24.428, 24.747, 29.944, 42.376, 47.962, 49.235, 52.373, 54.224, 55.671, 59.471, 61.732, 62.466, 64.374, 64.129, 63.84, 65.887, 66.963, 66.892, 68.621, 70.257, 65.388, 62.19, 63.372, 65.143, 66.42, 64.217, 60.488, 59.213, 57.185, 54.8, 52.669, 49.697, 47.83, 48.812, 50.675, 50.911, 51.609, 51.401, 50.862, 49.482, 45.87, 46.66], [76.001, 76.08, 75.84, 71.641, 70.586, 69.773, 72.826, 70.835, 63.863, 60.71, 58.806, 53.883, 40.585, 31.515, 30.543, 29.399, 24.671, 19.628, 17.813, 16.806, 15.012, 12.222, 10.429, 10.079, 8.328, 6.564, 5.053, 2.442, 0.0, 2.012, 3.479, 5.218, 5.748, 6.314, 7.88, 9.375, 11.25, 11.294, 13.027, 18.878, 20.993, 21.331, 23.916, 24.511, 24.488, 24.854, 30.439, 42.945, 48.476, 49.749, 52.921, 54.771, 56.267, 60.106, 62.304, 62.964, 64.858, 64.648, 64.367, 66.395, 67.451, 67.395, 69.184, 70.846, 65.945, 62.735, 63.918, 65.701, 66.969, 64.752, 61.012, 59.718, 57.686, 55.311, 53.194, 50.152, 48.185, 49.206, 51.145, 51.363, 52.046, 51.835, 51.283, 49.906, 46.368, 47.347], [76.039, 76.124, 75.91, 71.712, 70.67, 69.944, 73.013, 71.011, 64.05, 60.891, 58.967, 53.994, 40.781, 31.97, 31.108, 29.981, 25.241, 20.161, 18.238, 17.175, 15.443, 12.767, 10.891, 10.469, 8.685, 7.112, 5.796, 3.659, 2.012, 0.0, 2.57, 4.85, 5.388, 5.562, 6.817, 8.463, 10.518, 10.589, 12.314, 18.152, 20.229, 20.687, 23.46, 24.099, 24.026, 24.426, 30.105, 42.558, 48.053, 49.362, 52.608, 54.476, 56.022, 59.923, 62.096, 62.781, 64.795, 64.627, 64.335, 66.361, 67.427, 67.361, 69.158, 70.862, 65.954, 62.727, 63.918, 65.722, 67.0, 64.762, 60.993, 59.683, 57.646, 55.289, 53.207, 50.162, 48.175, 49.223, 51.192, 51.398, 52.083, 51.88, 51.304, 49.916, 46.417, 47.475], [74.935, 75.017, 74.801, 70.582, 69.535, 68.738, 71.727, 69.711, 62.751, 59.573, 57.605, 52.649, 39.553, 30.935, 30.119, 29.018, 24.483, 19.901, 18.295, 17.459, 15.928, 13.162, 11.153, 10.731, 9.177, 7.765, 6.417, 4.22, 3.479, 2.57, 0.0, 2.738, 3.507, 4.149, 5.845, 7.274, 9.488, 9.659, 11.444, 17.605, 19.907, 20.277, 22.858, 23.479, 23.468, 23.856, 29.15, 41.303, 46.756, 48.063, 51.312, 53.207, 54.759, 58.673, 60.864, 61.591, 63.683, 63.552, 63.258, 65.29, 66.388, 66.356, 68.153, 69.865, 65.039, 61.873, 63.069, 64.856, 66.143, 63.944, 60.185, 58.863, 56.822, 54.49, 52.431, 49.411, 47.475, 48.492, 50.393, 50.608, 51.297, 51.099, 50.545, 49.173, 45.666, 46.608], [73.995, 74.063, 73.828, 69.572, 68.52, 67.678, 70.619, 68.635, 61.715, 58.53, 56.492, 51.515, 38.513, 30.017, 29.17, 28.039, 23.656, 19.622, 18.444, 17.878, 16.494, 13.629, 11.645, 11.276, 9.917, 8.686, 7.515, 5.601, 5.218, 4.85, 2.738, 0.0, 1.325, 3.458, 5.948, 7.14, 9.309, 9.573, 11.272, 17.59, 20.046, 20.321, 22.677, 23.249, 23.287, 23.69, 28.6, 40.466, 45.904, 47.213, 50.44, 52.359, 53.86, 57.739, 59.977, 60.747, 62.842, 62.724, 62.441, 64.471, 65.577, 65.573, 67.396, 69.103, 64.353, 61.291, 62.499, 64.255, 65.535, 63.383, 59.639, 58.291, 56.25, 53.93, 51.87, 48.832, 46.899, 47.882, 49.749, 49.983, 50.677, 50.48, 49.948, 48.596, 45.08, 45.894], [73.974, 74.033, 73.8, 69.548, 68.495, 67.673, 70.63, 68.65, 61.727, 58.544, 56.509, 51.504, 38.491, 30.001, 29.15, 27.984, 23.531, 19.464, 18.317, 17.781, 16.39, 13.574, 11.703, 11.316, 10.025, 8.961, 7.879, 6.135, 5.748, 5.388, 3.507, 1.325, 0.0, 2.962, 5.75, 7.075, 9.231, 9.526, 11.208, 17.488, 19.934, 20.233, 22.619, 23.173, 23.156, 23.558, 28.513, 40.411, 45.853, 47.184, 50.457, 52.389, 53.861, 57.738, 59.975, 60.711, 62.788, 62.681, 62.4, 64.426, 65.533, 65.533, 67.365, 69.078, 64.317, 61.259, 62.484, 64.245, 65.529, 63.374, 59.617, 58.248, 56.188, 53.862, 51.797, 48.731, 46.779, 47.768, 49.653, 49.899, 50.595, 50.4, 49.875, 48.525, 44.974, 45.807], [74.553, 74.622, 74.395, 70.106, 69.072, 68.288, 71.257, 69.259, 62.246, 58.996, 56.975, 51.894, 38.773, 30.431, 29.76, 28.53, 23.778, 19.275, 17.903, 17.248, 15.828, 13.416, 11.958, 11.577, 10.215, 9.436, 8.49, 7.048, 6.314, 5.562, 4.149, 3.458, 2.962, 0.0, 3.229, 5.429, 8.092, 8.609, 10.478, 16.828, 19.217, 19.782, 22.632, 23.28, 23.103, 23.454, 28.848, 40.918, 46.278, 47.597, 50.891, 52.762, 54.227, 58.159, 60.336, 60.932, 62.975, 62.891, 62.599, 64.615, 65.709, 65.676, 67.517, 69.264, 64.441, 61.323, 62.561, 64.411, 65.719, 63.508, 59.723, 58.344, 56.265, 53.945, 51.9, 48.767, 46.748, 47.816, 49.744, 49.952, 50.638, 50.438, 49.909, 48.55, 45.086, 46.238], [75.168, 75.281, 75.094, 70.829, 69.84, 69.136, 72.094, 70.077, 63.083, 59.856, 57.885, 52.789, 39.677, 31.5, 30.969, 29.758, 24.921, 20.148, 18.508, 17.663, 16.148, 14.161, 13.097, 12.781, 11.459, 10.892, 10.039, 8.767, 7.88, 6.817, 5.845, 5.948, 5.75, 3.229, 0.0, 3.465, 6.766, 7.473, 9.568, 15.945, 18.277, 19.076, 22.315, 23.03, 22.704, 23.015, 28.833, 41.092, 46.397, 47.696, 51.06, 52.919, 54.439, 58.487, 60.639, 61.134, 63.195, 63.159, 62.864, 64.894, 66.014, 65.976, 67.82, 69.603, 64.743, 61.567, 62.802, 64.712, 66.071, 63.845, 60.058, 58.7, 56.636, 54.335, 52.296, 49.13, 47.047, 48.139, 50.098, 50.254, 50.922, 50.721, 50.184, 48.829, 45.402, 46.736], [74.338, 74.492, 74.339, 70.079, 69.153, 68.511, 71.437, 69.449, 62.572, 59.39, 57.423, 52.378, 39.419, 31.307, 30.76, 29.603, 25.003, 20.631, 19.106, 18.359, 16.886, 15.007, 14.178, 14.097, 13.076, 12.666, 11.657, 10.084, 9.375, 8.463, 7.274, 7.14, 7.075, 5.429, 3.465, 0.0, 4.215, 5.524, 7.692, 14.616, 17.202, 17.831, 20.941, 21.642, 21.365, 21.759, 27.484, 39.753, 45.078, 46.277, 49.558, 51.403, 53.009, 57.122, 59.291, 59.747, 61.784, 61.738, 61.42, 63.463, 64.646, 64.679, 66.535, 68.323, 63.491, 60.319, 61.529, 63.411, 64.806, 62.712, 59.049, 57.736, 55.744, 53.448, 51.362, 48.212, 46.145, 47.174, 49.097, 49.228, 49.867, 49.681, 49.172, 47.853, 44.503, 45.955], [73.342, 73.504, 73.496, 69.387, 68.518, 68.12, 71.179, 69.25, 62.44, 59.267, 57.355, 52.415, 39.684, 31.602, 31.012, 29.852, 25.325, 20.922, 19.211, 18.52, 17.047, 15.288, 14.643, 14.829, 14.277, 14.306, 13.386, 11.818, 11.25, 10.518, 9.488, 9.309, 9.231, 8.092, 6.766, 4.215, 0.0, 2.718, 5.119, 12.121, 14.997, 15.4, 18.393, 19.053, 18.789, 19.312, 25.27, 37.873, 43.302, 44.477, 47.806, 49.562, 51.249, 55.559, 57.717, 58.099, 60.127, 60.07, 59.711, 61.761, 62.973, 63.072, 64.946, 66.705, 61.808, 58.636, 59.843, 61.708, 63.106, 61.103, 57.622, 56.294, 54.304, 52.067, 49.905, 46.766, 44.838, 45.949, 47.869, 47.972, 48.574, 48.493, 48.054, 46.747, 43.36, 45.306], [73.471, 73.63, 73.664, 69.665, 68.784, 68.478, 71.634, 69.723, 62.94, 59.76, 57.847, 52.947, 40.298, 32.163, 31.528, 30.387, 25.844, 21.299, 19.6, 18.891, 17.324, 15.473, 14.667, 14.85, 14.315, 14.196, 13.249, 11.801, 11.294, 10.589, 9.659, 9.573, 9.526, 8.609, 7.473, 5.524, 2.718, 0.0, 4.327, 11.496, 14.342, 14.735, 17.734, 18.475, 18.33, 18.9, 24.937, 37.675, 43.163, 44.388, 47.777, 49.534, 51.189, 55.58, 57.787, 58.216, 60.309, 60.277, 59.936, 62.019, 63.231, 63.33, 65.187, 66.923, 62.008, 58.836, 60.041, 61.873, 63.258, 61.251, 57.779, 56.45, 54.414, 52.175, 49.964, 46.814, 44.889, 45.997, 47.938, 48.043, 48.664, 48.613, 48.187, 46.934, 43.489, 45.329], [72.629, 72.782, 72.908, 69.012, 68.196, 68.195, 71.484, 69.72, 63.149, 59.912, 57.69, 52.624, 40.321, 32.633, 32.105, 30.974, 26.344, 21.762, 19.952, 19.364, 18.085, 16.306, 15.494, 15.622, 15.249, 15.521, 14.771, 13.379, 13.027, 12.314, 11.444, 11.272, 11.208, 10.478, 9.568, 7.692, 5.119, 4.327, 0.0, 8.204, 11.425, 11.755, 15.111, 16.193, 16.572, 17.844, 23.84, 36.372, 41.849, 43.06, 46.383, 48.031, 49.761, 54.243, 56.506, 56.971, 59.126, 59.184, 58.855, 60.928, 62.152, 62.228, 64.059, 65.793, 60.815, 57.651, 58.88, 60.65, 61.987, 59.991, 56.466, 55.054, 53.195, 51.037, 48.819, 45.637, 43.648, 44.833, 46.92, 47.007, 47.62, 47.591, 47.04, 45.707, 42.437, 44.847], [71.947, 72.102, 72.583, 69.23, 68.578, 69.461, 73.118, 71.536, 65.422, 62.231, 59.711, 54.563, 43.292, 36.501, 36.106, 34.987, 30.264, 25.522, 23.487, 23.055, 22.045, 20.5, 19.735, 19.776, 19.644, 20.419, 20.037, 19.047, 18.878, 18.152, 17.605, 17.59, 17.488, 16.828, 15.945, 14.616, 12.121, 11.496, 8.204, 0.0, 3.999, 5.184, 10.327, 12.386, 13.757, 16.223, 22.365, 34.494, 39.83, 41.07, 44.547, 45.9, 47.598, 52.403, 54.669, 55.239, 57.652, 57.952, 57.7, 59.851, 61.117, 61.131, 62.9, 64.618, 59.536, 56.371, 57.643, 59.337, 60.593, 58.546, 54.939, 53.309, 51.503, 49.624, 47.391, 44.002, 41.944, 43.31, 45.536, 45.574, 46.129, 46.275, 45.742, 44.4, 41.146, 44.591], [72.964, 73.113, 73.707, 70.551, 69.947, 71.169, 75.033, 73.509, 67.526, 64.374, 61.77, 56.567, 45.587, 38.989, 38.603, 37.497, 32.643, 27.618, 25.432, 24.973, 23.962, 22.497, 21.687, 21.605, 21.393, 22.252, 21.966, 21.147, 20.993, 20.229, 19.907, 20.046, 19.934, 19.217, 18.277, 17.202, 14.997, 14.342, 11.425, 3.999, 0.0, 4.53, 10.709, 13.067, 14.62, 17.292, 23.446, 35.274, 40.496, 41.763, 45.281, 46.535, 48.154, 53.003, 55.24, 55.886, 58.417, 58.811, 58.611, 60.797, 62.071, 62.019, 63.746, 65.459, 60.326, 57.139, 58.423, 60.094, 61.32, 59.215, 55.482, 53.748, 51.912, 50.075, 47.862, 44.341, 42.097, 43.485, 45.809, 45.831, 46.371, 46.548, 46.028, 44.716, 41.462, 45.153], [71.104, 71.236, 71.82, 68.698, 68.101, 69.312, 73.223, 71.82, 65.972, 62.873, 60.32, 55.255, 44.47, 37.914, 37.506, 36.444, 31.866, 27.271, 25.228, 24.886, 23.992, 22.452, 21.547, 21.6, 21.681, 22.563, 22.236, 21.345, 21.331, 20.687, 20.277, 20.321, 20.233, 19.782, 19.076, 17.831, 15.4, 14.735, 11.755, 5.184, 4.53, 0.0, 6.6, 9.238, 11.315, 14.386, 20.367, 32.451, 37.889, 39.153, 42.711, 44.101, 45.846, 50.74, 53.048, 53.69, 56.202, 56.528, 56.294, 58.445, 59.721, 59.711, 61.415, 63.082, 57.899, 54.687, 55.949, 57.582, 58.832, 56.771, 53.14, 51.507, 49.817, 48.029, 45.835, 42.761, 41.039, 42.446, 44.684, 44.732, 45.291, 45.516, 44.981, 43.637, 40.333, 43.858], [67.648, 67.757, 68.372, 65.444, 64.878, 66.183, 70.144, 68.92, 63.514, 60.676, 58.23, 53.497, 43.401, 37.13, 36.658, 35.743, 31.968, 28.519, 26.935, 26.847, 26.131, 24.447, 23.402, 23.625, 24.112, 24.958, 24.615, 23.72, 23.916, 23.46, 22.858, 22.677, 22.619, 22.632, 22.315, 20.941, 18.393, 17.734, 15.111, 10.327, 10.709, 6.6, 0.0, 3.765, 7.812, 11.409, 15.875, 27.856, 33.57, 34.794, 38.436, 40.003, 41.911, 46.885, 49.327, 50.056, 52.593, 52.872, 52.588, 54.687, 55.97, 56.043, 57.717, 59.306, 54.185, 51.049, 52.285, 53.841, 55.124, 53.193, 49.803, 48.304, 46.796, 45.215, 43.063, 40.633, 39.814, 41.207, 43.203, 43.324, 43.893, 44.212, 43.72, 42.391, 39.019, 42.146], [67.036, 67.154, 67.687, 64.735, 64.182, 65.337, 69.257, 68.009, 62.656, 60.063, 57.925, 53.376, 43.341, 36.955, 36.356, 35.426, 31.955, 28.845, 27.357, 27.208, 26.36, 24.648, 23.612, 23.929, 24.583, 25.462, 25.146, 24.31, 24.511, 24.099, 23.479, 23.249, 23.173, 23.28, 23.03, 21.642, 19.053, 18.475, 16.193, 12.386, 13.067, 9.238, 3.765, 0.0, 5.005, 8.945, 13.615, 26.381, 32.367, 33.678, 37.557, 39.367, 41.389, 46.332, 48.778, 49.455, 51.937, 52.142, 51.796, 53.821, 55.069, 55.188, 56.907, 58.475, 53.318, 50.191, 51.437, 53.053, 54.403, 52.524, 49.271, 47.86, 46.382, 44.836, 42.733, 40.557, 40.069, 41.538, 43.5, 43.635, 44.194, 44.531, 44.069, 42.689, 39.172, 41.966], [67.918, 68.059, 68.472, 65.339, 64.801, 65.742, 69.561, 68.165, 62.575, 60.113, 58.5, 54.074, 43.753, 37.387, 36.861, 35.777, 32.205, 28.987, 27.44, 27.075, 25.98, 24.374, 23.494, 23.904, 24.614, 25.542, 25.248, 24.428, 24.488, 24.026, 23.468, 23.287, 23.156, 23.103, 22.704, 21.365, 18.789, 18.33, 16.572, 13.757, 14.62, 11.315, 7.812, 5.005, 0.0, 4.938, 12.463, 26.385, 32.444, 33.935, 38.267, 40.38, 42.442, 47.359, 49.719, 50.225, 52.654, 52.823, 52.433, 54.379, 55.554, 55.707, 57.504, 59.096, 53.849, 50.64, 51.881, 53.604, 55.029, 53.119, 49.959, 48.646, 47.059, 45.492, 43.467, 41.395, 41.001, 42.558, 44.584, 44.719, 45.273, 45.599, 45.2, 43.804, 40.116, 42.648], [67.41, 67.582, 67.869, 64.698, 64.171, 64.88, 68.616, 67.107, 61.409, 59.145, 58.044, 54.023, 43.501, 36.865, 36.346, 35.252, 31.949, 29.061, 27.768, 27.425, 26.218, 24.53, 23.595, 24.04, 24.826, 25.668, 25.372, 24.747, 24.854, 24.426, 23.856, 23.69, 23.558, 23.454, 23.015, 21.759, 19.312, 18.9, 17.844, 16.223, 17.292, 14.386, 11.409, 8.945, 4.938, 0.0, 10.554, 25.726, 31.878, 33.412, 37.999, 40.351, 42.333, 47.202, 49.627, 50.159, 52.538, 52.552, 52.101, 54.016, 55.161, 55.309, 57.106, 58.714, 53.56, 50.344, 51.533, 53.329, 54.847, 52.968, 49.988, 48.827, 47.124, 45.581, 43.617, 41.8, 41.726, 43.141, 44.966, 45.216, 45.835, 46.156, 45.839, 44.509, 40.64, 42.465], [60.888, 61.006, 61.322, 58.538, 58.031, 58.903, 62.665, 61.415, 56.533, 54.734, 53.722, 50.558, 42.067, 36.631, 35.971, 35.387, 34.029, 33.558, 33.368, 33.692, 32.938, 30.724, 29.107, 29.32, 30.162, 30.816, 30.455, 29.944, 30.439, 30.105, 29.15, 28.6, 28.513, 28.848, 28.833, 27.484, 25.27, 24.937, 23.84, 22.365, 23.446, 20.367, 15.875, 13.615, 12.463, 10.554, 0.0, 16.589, 23.658, 25.158, 29.784, 32.517, 34.61, 39.381, 42.22, 43.542, 46.445, 46.461, 45.985, 47.871, 49.118, 49.335, 50.967, 52.498, 47.965, 45.234, 46.334, 47.999, 49.586, 48.059, 45.534, 44.525, 43.083, 41.899, 40.16, 39.278, 40.318, 41.37, 42.574, 43.089, 43.824, 44.283, 44.028, 42.831, 39.257, 39.982], [52.903, 52.884, 53.515, 51.449, 51.05, 52.584, 56.325, 55.703, 52.576, 51.47, 50.322, 48.057, 43.977, 42.822, 42.958, 42.937, 43.464, 45.011, 45.431, 46.233, 46.188, 44.018, 42.056, 41.998, 42.717, 43.336, 43.025, 42.376, 42.945, 42.558, 41.303, 40.466, 40.411, 40.918, 41.092, 39.753, 37.873, 37.675, 36.372, 34.494, 35.274, 32.451, 27.856, 26.381, 26.385, 25.726, 16.589, 0.0, 8.366, 10.517, 16.545, 20.418, 23.139, 28.039, 31.047, 33.634, 38.149, 39.055, 38.817, 40.407, 41.67, 42.113, 43.478, 44.899, 41.66, 39.956, 40.889, 42.123, 43.613, 42.678, 40.911, 39.914, 38.989, 39.009, 38.291, 38.897, 41.352, 42.092, 42.564, 43.282, 44.003, 44.777, 44.736, 43.865, 41.377, 41.673], [50.67, 50.649, 51.427, 49.729, 49.46, 51.29, 54.981, 54.647, 52.271, 51.456, 50.349, 48.385, 45.885, 46.458, 47.139, 47.228, 48.039, 49.913, 50.394, 51.3, 51.539, 49.61, 47.73, 47.619, 48.279, 48.938, 48.665, 47.962, 48.476, 48.053, 46.756, 45.904, 45.853, 46.278, 46.397, 45.078, 43.302, 43.163, 41.849, 39.83, 40.496, 37.889, 33.57, 32.367, 32.444, 31.878, 23.658, 8.366, 0.0, 4.661, 12.841, 17.075, 19.925, 24.926, 27.553, 30.296, 35.547, 37.042, 36.95, 38.33, 39.546, 40.084, 41.35, 42.828, 40.246, 38.908, 39.696, 40.684, 42.059, 41.385, 40.053, 39.053, 38.234, 39.013, 38.94, 39.986, 42.867, 43.538, 43.738, 44.49, 45.171, 46.141, 46.309, 45.631, 43.641, 44.042], [49.77, 49.725, 50.531, 48.887, 48.658, 50.604, 54.279, 54.149, 52.183, 51.512, 50.37, 48.559, 46.386, 47.05, 47.72, 47.898, 48.913, 51.003, 51.56, 52.49, 52.762, 50.895, 49.106, 49.007, 49.64, 50.28, 49.977, 49.235, 49.749, 49.362, 48.063, 47.213, 47.184, 47.597, 47.696, 46.277, 44.477, 44.388, 43.06, 41.07, 41.763, 39.153, 34.794, 33.678, 33.935, 33.412, 25.158, 10.517, 4.661, 0.0, 8.959, 13.74, 16.985, 22.049, 24.839, 27.703, 33.009, 34.657, 34.658, 36.058, 37.275, 37.827, 39.057, 40.541, 38.251, 37.04, 37.685, 38.53, 39.918, 39.485, 38.435, 37.598, 36.967, 37.841, 37.741, 38.936, 42.019, 42.494, 42.466, 43.212, 43.866, 44.833, 45.028, 44.605, 43.108, 43.551], [47.967, 47.828, 48.56, 46.915, 46.666, 48.718, 52.398, 52.793, 51.54, 50.979, 49.53, 48.043, 47.135, 48.447, 49.111, 49.468, 51.028, 53.704, 54.528, 55.559, 55.961, 54.155, 52.423, 52.311, 52.875, 53.466, 53.128, 52.373, 52.921, 52.608, 51.312, 50.44, 50.457, 50.891, 51.06, 49.558, 47.806, 47.777, 46.383, 44.547, 45.281, 42.711, 38.436, 37.557, 38.267, 37.999, 29.784, 16.545, 12.841, 8.959, 0.0, 6.808, 11.25, 15.67, 18.82, 22.324, 27.694, 29.446, 29.637, 30.957, 32.088, 32.561, 33.615, 34.999, 33.458, 32.833, 33.274, 33.845, 35.13, 35.106, 34.571, 34.106, 34.061, 35.074, 35.05, 36.731, 40.235, 40.428, 40.02, 40.754, 41.348, 42.244, 42.306, 42.289, 42.27, 43.081], [47.761, 47.634, 48.461, 47.019, 46.789, 49.037, 52.79, 53.456, 52.444, 51.769, 49.98, 48.475, 48.081, 49.669, 50.359, 50.672, 52.181, 54.933, 55.892, 56.985, 57.491, 55.814, 54.168, 54.052, 54.619, 55.284, 54.967, 54.224, 54.771, 54.476, 53.207, 52.359, 52.389, 52.762, 52.919, 51.403, 49.562, 49.534, 48.031, 45.9, 46.535, 44.101, 40.003, 39.367, 40.38, 40.351, 32.517, 20.418, 17.075, 13.74, 6.808, 0.0, 6.494, 12.291, 15.322, 18.991, 24.577, 26.606, 26.922, 28.333, 29.478, 29.837, 30.731, 32.069, 30.874, 30.617, 31.023, 31.467, 32.542, 32.578, 32.26, 31.699, 31.743, 33.033, 33.115, 34.777, 38.437, 38.656, 38.208, 38.956, 39.42, 40.394, 40.463, 40.503, 41.179, 43.344], [47.123, 46.991, 47.71, 46.481, 46.229, 48.468, 52.184, 52.929, 52.129, 51.51, 49.749, 48.488, 48.497, 50.236, 50.908, 51.165, 52.712, 55.712, 57.019, 58.251, 58.796, 57.159, 55.577, 55.446, 55.993, 56.649, 56.34, 55.671, 56.267, 56.022, 54.759, 53.86, 53.861, 54.227, 54.439, 53.009, 51.249, 51.189, 49.761, 47.598, 48.154, 45.846, 41.911, 41.389, 42.442, 42.333, 34.61, 23.139, 19.925, 16.985, 11.25, 6.494, 0.0, 8.046, 12.031, 16.18, 21.965, 24.501, 25.278, 26.894, 28.079, 28.337, 29.114, 30.389, 29.582, 29.697, 30.125, 30.433, 31.384, 31.388, 30.987, 30.357, 30.145, 31.542, 31.656, 33.239, 36.967, 37.053, 36.448, 37.274, 37.759, 38.87, 39.134, 39.393, 40.28, 42.467], [46.345, 46.107, 46.495, 45.354, 45.09, 47.178, 50.738, 51.831, 51.718, 51.398, 49.759, 49.095, 50.328, 52.62, 53.267, 53.665, 55.695, 59.245, 60.834, 62.164, 62.751, 61.092, 59.545, 59.406, 59.894, 60.461, 60.118, 59.471, 60.106, 59.923, 58.673, 57.739, 57.738, 58.159, 58.487, 57.122, 55.559, 55.58, 54.243, 52.403, 53.003, 50.74, 46.885, 46.332, 47.359, 47.202, 39.381, 28.039, 24.926, 22.049, 15.67, 12.291, 8.046, 0.0, 6.774, 13.226, 18.801, 21.463, 22.74, 24.295, 25.42, 25.719, 26.327, 27.39, 27.629, 28.492, 28.762, 28.928, 29.758, 30.061, 30.184, 30.043, 30.27, 31.697, 31.978, 34.003, 37.882, 37.599, 36.58, 37.421, 37.858, 38.918, 39.194, 39.625, 41.352, 42.961], [47.668, 47.397, 47.777, 46.421, 45.996, 47.969, 51.456, 52.721, 52.608, 52.188, 50.542, 49.867, 51.648, 54.532, 55.352, 55.758, 57.714, 61.182, 62.687, 63.976, 64.705, 63.27, 61.787, 61.615, 62.113, 62.735, 62.404, 61.732, 62.304, 62.096, 60.864, 59.977, 59.975, 60.336, 60.639, 59.291, 57.717, 57.787, 56.506, 54.669, 55.24, 53.048, 49.327, 48.778, 49.719, 49.627, 42.22, 31.047, 27.553, 24.839, 18.82, 15.322, 12.031, 6.774, 0.0, 8.829, 16.036, 19.437, 20.98, 22.507, 23.62, 24.044, 24.761, 25.782, 26.265, 27.43, 27.736, 27.891, 28.526, 28.843, 29.183, 29.04, 29.301, 30.953, 31.65, 33.792, 37.684, 37.622, 36.771, 37.628, 37.96, 38.996, 39.356, 39.891, 42.148, 44.453], [48.579, 48.333, 48.609, 46.744, 46.163, 47.92, 51.381, 52.685, 52.26, 51.664, 50.033, 49.114, 50.828, 54.078, 55.137, 55.457, 57.201, 60.559, 62.045, 63.3, 64.19, 63.286, 62.239, 62.104, 62.694, 63.489, 63.167, 62.466, 62.964, 62.781, 61.591, 60.747, 60.711, 60.932, 61.134, 59.747, 58.099, 58.216, 56.971, 55.239, 55.886, 53.69, 50.056, 49.455, 50.225, 50.159, 43.542, 33.634, 30.296, 27.703, 22.324, 18.991, 16.18, 13.226, 8.829, 0.0, 9.626, 15.013, 16.932, 18.357, 19.457, 20.071, 21.027, 22.187, 22.41, 23.594, 23.955, 24.143, 24.74, 25.065, 25.698, 25.83, 26.256, 28.098, 29.025, 31.428, 35.699, 36.074, 35.659, 36.519, 36.796, 37.903, 38.353, 39.086, 41.869, 45.093], [48.387, 48.185, 48.183, 46.2, 45.732, 47.273, 50.776, 52.288, 51.911, 51.415, 50.008, 49.355, 51.125, 54.272, 55.296, 55.626, 57.591, 61.195, 62.814, 64.119, 65.047, 64.45, 63.916, 63.939, 64.561, 65.415, 65.07, 64.374, 64.858, 64.795, 63.683, 62.842, 62.788, 62.975, 63.195, 61.784, 60.127, 60.309, 59.126, 57.652, 58.417, 56.202, 52.593, 51.937, 52.654, 52.538, 46.445, 38.149, 35.547, 33.009, 27.694, 24.577, 21.965, 18.801, 16.036, 9.626, 0.0, 7.786, 11.1, 12.9, 14.225, 15.036, 16.19, 17.279, 17.894, 19.59, 19.824, 20.112, 20.791, 21.538, 23.363, 24.454, 25.432, 27.35, 28.147, 30.746, 35.265, 35.503, 34.949, 35.822, 35.974, 37.15, 37.734, 38.57, 41.822, 45.158], [47.716, 47.632, 47.353, 45.29, 44.978, 46.334, 50.062, 51.576, 50.919, 50.47, 49.405, 49.137, 50.603, 53.227, 54.063, 54.461, 56.721, 60.541, 62.244, 63.6, 64.526, 63.927, 63.514, 63.684, 64.348, 65.138, 64.75, 64.129, 64.648, 64.627, 63.552, 62.724, 62.681, 62.891, 63.159, 61.738, 60.07, 60.277, 59.184, 57.952, 58.811, 56.528, 52.872, 52.142, 52.823, 52.552, 46.461, 39.055, 37.042, 34.657, 29.446, 26.606, 24.501, 21.463, 19.437, 15.013, 7.786, 0.0, 4.811, 8.328, 10.532, 11.397, 12.829, 14.103, 14.496, 16.416, 16.699, 17.456, 18.522, 19.585, 22.414, 24.347, 25.625, 27.384, 28.122, 31.019, 35.666, 35.792, 35.013, 35.858, 36.036, 37.228, 37.83, 38.498, 41.572, 44.367], [47.12, 47.125, 46.744, 44.58, 44.361, 45.673, 49.459, 50.878, 50.117, 49.733, 48.8, 48.675, 49.975, 52.438, 53.248, 53.669, 56.034, 59.942, 61.66, 63.035, 63.99, 63.416, 63.02, 63.243, 63.992, 64.821, 64.431, 63.84, 64.367, 64.335, 63.258, 62.441, 62.4, 62.599, 62.864, 61.42, 59.711, 59.936, 58.855, 57.7, 58.611, 56.294, 52.588, 51.796, 52.433, 52.101, 45.985, 38.817, 36.95, 34.658, 29.637, 26.922, 25.278, 22.74, 20.98, 16.932, 11.1, 4.811, 0.0, 5.231, 8.325, 9.527, 11.214, 12.816, 13.154, 15.046, 15.351, 16.425, 17.767, 19.123, 22.452, 24.649, 26.041, 27.801, 28.6, 31.705, 36.439, 36.629, 35.865, 36.649, 36.862, 38.063, 38.611, 39.139, 42.043, 44.764], [46.904, 46.88, 46.447, 44.337, 44.167, 45.414, 49.052, 50.57, 50.087, 49.845, 48.984, 49.042, 50.892, 53.792, 54.71, 55.144, 57.634, 61.657, 63.386, 64.783, 65.787, 65.26, 64.864, 65.078, 65.88, 66.806, 66.477, 65.887, 66.395, 66.361, 65.29, 64.471, 64.426, 64.615, 64.894, 63.463, 61.761, 62.019, 60.928, 59.851, 6