[[0.0, 16.48, 27.663, 31.699, 33.384, 32.861, 32.542, 33.104, 33.803, 34.452, 35.184, 36.441, 36.111, 35.711, 36.216, 39.478, 43.017, 45.655, 49.247, 52.277, 52.342, 52.863, 54.818, 56.529, 57.331, 57.297, 56.92, 55.62, 53.63, 50.693, 49.812, 50.963, 51.293, 51.172, 51.374, 51.833, 50.482, 48.278, 47.726, 47.944, 48.011, 47.825, 46.966, 45.932, 45.234, 45.294, 45.696, 45.977, 45.85, 45.53, 45.489, 45.947, 46.578, 46.648, 47.019, 47.257, 47.111, 47.531, 48.358, 48.628, 47.778, 47.479, 47.774, 48.62, 48.585, 48.149, 48.391, 48.209, 48.188, 48.323, 48.398, 48.42, 48.163, 47.801, 48.085, 48.816, 49.483, 50.554, 51.341, 51.642, 52.248, 53.812, 53.419, 53.328, 54.183, 55.202], [16.48, 0.0, 13.128, 19.96, 23.897, 24.469, 24.408, 25.1, 26.474, 27.346, 27.914, 30.14, 31.308, 31.799, 31.779, 34.174, 37.514, 39.908, 43.082, 46.025, 46.5, 47.068, 48.663, 50.159, 51.106, 51.311, 51.056, 50.083, 48.526, 45.834, 44.578, 45.767, 46.554, 46.411, 46.958, 48.814, 49.117, 48.624, 49.758, 50.626, 50.872, 50.489, 49.918, 49.358, 48.543, 48.312, 48.414, 48.495, 48.464, 48.485, 48.906, 49.682, 49.821, 49.08, 48.867, 49.007, 48.701, 48.922, 50.118, 51.386, 51.228, 50.855, 50.74, 50.6, 49.659, 48.466, 48.778, 48.942, 48.893, 48.991, 49.158, 49.414, 48.927, 48.829, 49.767, 51.262, 51.913, 52.305, 52.887, 53.65, 54.793, 56.223, 55.503, 55.832, 56.999, 58.148], [27.663, 13.128, 0.0, 9.505, 16.015, 18.037, 18.366, 19.11, 21.01, 22.015, 22.436, 25.443, 27.836, 29.018, 28.359, 29.269, 31.906, 33.747, 36.273, 39.085, 39.907, 40.454, 41.643, 42.841, 43.795, 44.173, 44.099, 43.624, 42.589, 40.231, 38.829, 40.038, 41.24, 41.135, 41.798, 44.493, 46.342, 47.736, 50.394, 51.78, 52.131, 51.616, 51.435, 51.364, 50.474, 50.021, 49.876, 49.927, 49.985, 50.334, 51.361, 52.736, 52.891, 51.685, 50.964, 50.823, 50.001, 49.861, 51.396, 53.484, 53.891, 53.44, 53.054, 52.443, 50.866, 49.034, 49.384, 49.943, 49.88, 49.931, 50.148, 50.541, 49.924, 49.991, 51.286, 53.161, 53.703, 53.521, 54.004, 55.148, 56.714, 58.073, 57.055, 57.762, 59.304, 60.561], [31.699, 19.96, 9.505, 0.0, 8.009, 11.642, 12.761, 13.681, 15.93, 17.026, 17.563, 21.004, 24.004, 25.605, 24.683, 24.573, 26.717, 28.227, 30.367, 33.156, 34.084, 34.645, 35.721, 36.751, 37.477, 37.747, 37.884, 37.879, 37.23, 35.182, 34.205, 35.468, 36.777, 36.781, 37.412, 40.068, 42.4, 45.141, 49.019, 50.76, 51.199, 50.689, 50.789, 50.967, 50.032, 49.534, 49.271, 49.435, 49.501, 49.985, 51.427, 53.282, 53.761, 52.519, 51.615, 51.287, 50.022, 49.611, 51.381, 53.808, 54.383, 53.871, 53.466, 53.03, 51.122, 48.749, 48.88, 49.561, 49.574, 49.586, 49.75, 50.089, 49.446, 49.544, 50.813, 52.635, 53.091, 52.638, 53.101, 54.436, 56.213, 57.551, 56.368, 57.267, 59.035, 60.363], [33.384, 23.897, 16.015, 8.009, 0.0, 5.221, 7.825, 10.009, 13.409, 14.69, 15.338, 18.577, 21.746, 23.674, 22.717, 22.291, 24.433, 25.962, 27.849, 30.453, 31.314, 31.878, 32.961, 33.889, 34.283, 34.243, 34.424, 34.702, 34.422, 32.824, 32.543, 33.99, 35.329, 35.448, 35.993, 38.399, 40.526, 43.794, 48.556, 50.622, 51.129, 50.556, 50.622, 50.851, 49.902, 49.48, 49.146, 49.317, 49.352, 49.853, 51.443, 53.458, 54.146, 53.065, 52.218, 51.914, 50.541, 50.059, 51.95, 54.428, 55.01, 54.477, 54.124, 54.049, 52.054, 49.219, 48.912, 49.547, 49.63, 49.601, 49.702, 49.956, 49.342, 49.407, 50.486, 52.115, 52.582, 52.104, 52.575, 53.956, 55.817, 57.228, 55.937, 56.828, 58.675, 60.04], [32.861, 24.469, 18.037, 11.642, 5.221, 0.0, 3.977, 8.152, 12.498, 13.9, 14.622, 17.723, 20.634, 22.528, 21.616, 21.583, 24.124, 25.95, 27.98, 30.541, 31.307, 31.819, 32.946, 33.946, 34.322, 34.213, 34.339, 34.564, 34.345, 32.897, 32.835, 34.396, 35.701, 35.836, 36.324, 38.545, 40.373, 43.392, 48.256, 50.531, 51.111, 50.517, 50.479, 50.637, 49.688, 49.332, 49.007, 49.13, 49.137, 49.592, 51.125, 53.087, 53.801, 52.801, 52.02, 51.774, 50.435, 49.969, 51.822, 54.204, 54.725, 54.188, 53.858, 53.946, 52.096, 49.256, 48.726, 49.259, 49.351, 49.319, 49.424, 49.626, 49.027, 49.068, 50.072, 51.63, 52.152, 51.816, 52.361, 53.727, 55.579, 57.068, 55.779, 56.575, 58.407, 59.794], [32.542, 24.408, 18.366, 12.761, 7.825, 3.977, 0.0, 5.529, 10.846, 12.496, 13.224, 16.573, 19.452, 21.336, 20.505, 21.01, 23.903, 25.927, 28.16, 30.834, 31.657, 32.16, 33.266, 34.31, 34.777, 34.711, 34.813, 34.995, 34.766, 33.385, 33.384, 34.989, 36.229, 36.298, 36.78, 38.97, 40.792, 43.718, 48.458, 50.763, 51.456, 50.936, 50.863, 50.985, 50.049, 49.69, 49.358, 49.421, 49.406, 49.876, 51.369, 53.289, 53.99, 52.984, 52.205, 51.969, 50.627, 50.133, 51.932, 54.267, 54.747, 54.21, 53.847, 53.882, 52.079, 49.367, 48.904, 49.426, 49.48, 49.449, 49.548, 49.737, 49.126, 49.173, 50.222, 51.812, 52.364, 52.089, 52.685, 54.057, 55.903, 57.425, 56.169, 56.918, 58.74, 60.147], [33.104, 25.1, 19.11, 13.681, 10.009, 8.152, 5.529, 0.0, 6.46, 8.682, 9.37, 13.361, 16.751, 18.874, 18.285, 19.386, 22.507, 24.591, 26.914, 29.673, 30.608, 31.19, 32.327, 33.408, 34.006, 34.054, 34.19, 34.359, 34.142, 32.902, 33.045, 34.645, 35.715, 35.674, 36.21, 38.373, 40.285, 43.367, 48.135, 50.441, 51.328, 51.214, 51.351, 51.509, 50.599, 50.232, 49.897, 49.971, 49.949, 50.464, 52.005, 53.96, 54.701, 53.695, 52.896, 52.563, 51.096, 50.508, 52.219, 54.471, 54.913, 54.412, 54.023, 53.94, 52.073, 49.439, 49.084, 49.558, 49.524, 49.497, 49.543, 49.677, 49.017, 49.052, 50.137, 51.756, 52.331, 52.047, 52.655, 54.061, 55.914, 57.395, 56.145, 56.92, 58.776, 60.211], [33.803, 26.474, 21.01, 15.93, 13.409, 12.498, 10.846, 6.46, 0.0, 2.918, 4.501, 9.535, 13.116, 15.117, 14.96, 16.645, 19.934, 22.215, 24.793, 27.722, 28.728, 29.465, 30.814, 32.108, 32.941, 33.181, 33.42, 33.517, 33.14, 31.774, 31.933, 33.344, 34.01, 33.878, 34.496, 36.549, 38.354, 41.409, 46.222, 48.631, 49.745, 50.3, 51.02, 51.254, 50.345, 50.022, 49.784, 50.052, 50.031, 50.497, 52.096, 54.091, 54.875, 53.825, 52.908, 52.289, 50.517, 49.766, 51.294, 53.314, 53.633, 53.17, 52.846, 52.773, 50.949, 48.464, 48.017, 48.188, 48.077, 48.07, 48.105, 48.13, 47.394, 47.413, 48.535, 50.173, 50.747, 50.51, 51.172, 52.64, 54.464, 55.81, 54.601, 55.451, 57.346, 58.818], [34.452, 27.346, 22.015, 17.026, 14.69, 13.9, 12.496, 8.682, 2.918, 0.0, 3.402, 8.987, 12.429, 14.207, 14.158, 15.919, 19.187, 21.511, 24.128, 27.077, 28.085, 28.829, 30.179, 31.526, 32.451, 32.789, 33.085, 33.189, 32.818, 31.509, 31.71, 33.01, 33.509, 33.34, 33.996, 36.031, 37.813, 40.895, 45.816, 48.305, 49.462, 50.167, 51.1, 51.392, 50.467, 50.133, 49.924, 50.266, 50.249, 50.663, 52.243, 54.222, 54.967, 53.842, 52.822, 52.06, 50.166, 49.361, 50.843, 52.805, 53.088, 52.623, 52.308, 52.193, 50.358, 47.93, 47.437, 47.498, 47.374, 47.378, 47.416, 47.395, 46.607, 46.629, 47.8, 49.489, 50.061, 49.825, 50.514, 52.032, 53.875, 55.184, 53.981, 54.867, 56.787, 58.283], [35.184, 27.914, 22.436, 17.563, 15.338, 14.622, 13.224, 9.37, 4.501, 3.402, 0.0, 6.67, 10.881, 13.079, 13.148, 15.047, 18.352, 20.67, 23.304, 26.295, 27.466, 28.271, 29.613, 30.973, 31.933, 32.316, 32.583, 32.666, 32.357, 31.243, 31.512, 32.839, 33.343, 33.178, 33.96, 36.103, 37.971, 41.108, 46.1, 48.617, 49.786, 50.515, 51.477, 51.813, 50.925, 50.626, 50.426, 50.766, 50.731, 51.121, 52.697, 54.687, 55.418, 54.258, 53.174, 52.339, 50.374, 49.532, 51.028, 53.058, 53.451, 53.056, 52.739, 52.57, 50.709, 48.27, 47.802, 47.9, 47.736, 47.734, 47.781, 47.777, 46.963, 46.979, 48.213, 49.958, 50.522, 50.235, 50.906, 52.452, 54.305, 55.593, 54.397, 55.301, 57.241, 58.749], [36.441, 30.14, 25.443, 21.004, 18.577, 17.723, 16.573, 13.361, 9.535, 8.987, 6.67, 0.0, 5.531, 8.949, 9.901, 12.65, 16.037, 18.549, 21.514, 24.645, 25.919, 27.045, 28.839, 30.501, 31.464, 31.683, 31.78, 31.678, 31.157, 29.921, 30.397, 31.87, 32.245, 32.087, 32.937, 34.916, 36.55, 39.635, 44.764, 47.416, 48.737, 49.736, 50.9, 51.271, 50.451, 50.402, 50.345, 50.849, 50.784, 51.133, 52.875, 54.988, 55.91, 54.945, 53.956, 52.986, 50.661, 49.528, 50.903, 52.879, 53.379, 53.146, 52.983, 53.188, 51.537, 48.947, 48.129, 48.02, 47.78, 47.749, 47.816, 47.798, 47.026, 46.99, 48.152, 49.796, 50.337, 50.027, 50.69, 52.256, 54.037, 55.209, 54.015, 54.921, 56.887, 58.429], [36.111, 31.308, 27.836, 24.004, 21.746, 20.634, 19.452, 16.751, 13.116, 12.429, 10.881, 5.531, 0.0, 4.394, 7.108, 11.616, 15.507, 18.459, 21.938, 25.318, 26.471, 27.638, 29.758, 31.758, 32.752, 32.843, 32.829, 32.415, 31.478, 29.909, 30.366, 31.766, 31.906, 31.72, 32.465, 34.056, 35.249, 37.944, 42.864, 45.566, 47.018, 48.248, 49.545, 49.865, 49.079, 49.199, 49.334, 50.021, 49.927, 50.174, 51.921, 54.056, 55.133, 54.274, 53.295, 52.238, 49.715, 48.43, 49.678, 51.484, 51.953, 51.854, 51.848, 52.366, 51.029, 48.591, 47.606, 47.312, 47.041, 47.02, 47.112, 47.031, 46.275, 46.171, 47.222, 48.758, 49.3, 49.105, 49.848, 51.383, 53.04, 54.126, 52.989, 53.842, 55.757, 57.309], [35.711, 31.799, 29.018, 25.605, 23.674, 22.528, 21.336, 18.874, 15.117, 14.207, 13.079, 8.949, 4.394, 0.0, 5.189, 11.419, 15.711, 18.917, 22.762, 26.357, 27.389, 28.418, 30.607, 32.775, 33.85, 33.959, 33.901, 33.271, 32.077, 30.295, 30.678, 31.897, 31.75, 31.532, 32.252, 33.693, 34.643, 36.965, 41.579, 44.231, 45.756, 47.21, 48.665, 48.941, 48.153, 48.28, 48.522, 49.387, 49.365, 49.578, 51.273, 53.384, 54.513, 53.644, 52.595, 51.478, 48.916, 47.61, 48.773, 50.408, 50.755, 50.688, 50.757, 51.36, 50.191, 48.033, 47.088, 46.654, 46.368, 46.358, 46.47, 46.32, 45.552, 45.413, 46.421, 47.921, 48.48, 48.438, 49.281, 50.786, 52.359, 53.407, 52.383, 53.24, 55.103, 56.625], [36.216, 31.779, 28.359, 24.683, 22.717, 21.616, 20.505, 18.285, 14.96, 14.158, 13.148, 9.901, 7.108, 5.189, 0.0, 8.008, 13.751, 17.361, 21.305, 25.12, 26.179, 27.083, 29.214, 31.377, 32.417, 32.5, 32.48, 31.934, 30.769, 28.899, 29.223, 30.545, 30.666, 30.598, 31.419, 33.088, 34.276, 36.902, 41.682, 44.314, 45.749, 46.977, 48.326, 48.642, 47.856, 47.902, 48.068, 48.859, 48.996, 49.387, 51.123, 53.293, 54.424, 53.525, 52.456, 51.447, 48.928, 47.597, 48.865, 50.709, 51.156, 51.01, 50.987, 51.54, 50.307, 48.094, 47.321, 47.083, 46.823, 46.799, 46.953, 46.861, 46.1, 45.971, 46.923, 48.403, 48.863, 48.685, 49.502, 51.007, 52.635, 53.785, 52.846, 53.798, 55.698, 57.228], [39.478, 34.174, 29.269, 24.573, 22.291, 21.583, 21.01, 19.386, 16.645, 15.919, 15.047, 12.65, 11.616, 11.419, 8.008, 0.0, 7.308, 11.769, 15.789, 19.964, 21.316, 22.456, 24.641, 26.752, 27.71, 27.802, 27.974, 27.795, 26.85, 24.928, 25.352, 26.693, 27.043, 27.212, 28.183, 30.184, 32.033, 35.65, 41.114, 43.9, 45.166, 46.074, 47.627, 48.222, 47.443, 47.409, 47.472, 48.286, 48.494, 49.138, 51.239, 53.695, 54.92, 54.041, 52.945, 51.846, 48.937, 47.267, 48.6, 50.726, 51.377, 51.092, 50.914, 51.491, 50.022, 47.296, 46.55, 46.742, 46.588, 46.538, 46.731, 46.738, 46.013, 45.937, 46.885, 48.419, 48.707, 48.153, 48.902, 50.535, 52.327, 53.488, 52.478, 53.651, 55.731, 57.331], [43.017, 37.514, 31.906, 26.717, 24.433, 24.124, 23.903, 22.507, 19.934, 19.187, 18.352, 16.037, 15.507, 15.711, 13.751, 7.308, 0.0, 5.285, 10.296, 15.191, 16.942, 18.444, 20.612, 22.589, 23.643, 23.946, 24.188, 24.243, 23.477, 21.71, 22.578, 23.868, 24.017, 24.197, 25.268, 27.472, 29.952, 34.348, 40.378, 43.385, 44.647, 45.62, 47.602, 48.451, 47.663, 47.627, 47.7, 48.709, 48.891, 49.644, 52.212, 55.014, 56.368, 55.491, 54.33, 52.976, 49.633, 47.689, 49.018, 51.286, 52.082, 51.777, 51.574, 52.142, 50.463, 47.447, 46.679, 47.012, 46.897, 46.82, 47.007, 47.043, 46.308, 46.251, 47.274, 48.878, 49.097, 48.377, 49.107, 50.845, 52.736, 53.816, 52.734, 54.041, 56.243, 57.854], [45.655, 39.908, 33.747, 28.227, 25.962, 25.95, 25.927, 24.591, 22.215, 21.511, 20.67, 18.549, 18.459, 18.917, 17.361, 11.769, 5.285, 0.0, 6.391, 12.221, 14.397, 16.07, 18.032, 19.773, 20.904, 21.391, 21.602, 21.775, 21.231, 20.068, 21.424, 22.698, 22.928, 23.117, 24.191, 26.46, 29.443, 34.426, 40.828, 43.932, 45.169, 46.144, 48.284, 49.268, 48.457, 48.38, 48.42, 49.494, 49.668, 50.5, 53.364, 56.407, 57.821, 56.885, 55.637, 54.133, 50.658, 48.677, 50.089, 52.57, 53.552, 53.304, 53.101, 53.492, 51.621, 48.569, 47.89, 48.274, 48.131, 48.042, 48.211, 48.268, 47.497, 47.442, 48.51, 50.151, 50.349, 49.538, 50.214, 51.989, 53.938, 54.983, 53.913, 55.3, 57.533, 59.109], [49.247, 43.082, 36.273, 30.367, 27.849, 27.98, 28.16, 26.914, 24.793, 24.128, 23.304, 21.514, 21.938, 22.762, 21.305, 15.789, 10.296, 6.391, 0.0, 6.512, 9.81, 12.19, 14.158, 15.789, 16.899, 17.502, 17.817, 18.459, 18.764, 19.138, 21.174, 22.46, 23.046, 23.334, 24.306, 26.472, 29.835, 35.464, 42.307, 45.501, 46.674, 47.54, 49.782, 50.956, 50.14, 49.986, 49.91, 50.927, 51.123, 52.052, 55.041, 58.175, 59.558, 58.6, 57.344, 55.763, 52.168, 50.113, 51.626, 54.38, 55.633, 55.435, 55.105, 55.208, 53.082, 49.836, 49.273, 49.98, 49.858, 49.76, 49.891, 50.008, 49.249, 49.307, 50.532, 52.247, 52.344, 51.236, 51.772, 53.606, 55.643, 56.667, 55.545, 57.008, 59.267, 60.784], [52.277, 46.025, 39.085, 33.156, 30.453, 30.541, 30.834, 29.673, 27.722, 27.077, 26.295, 24.645, 25.318, 26.357, 25.12, 19.964, 15.191, 12.221, 6.512, 0.0, 5.272, 9.051, 11.386, 13.045, 14.149, 14.957, 15.464, 16.707, 17.997, 19.68, 22.097, 23.411, 24.192, 24.507, 25.345, 27.246, 30.626, 36.47, 43.49, 46.762, 47.908, 48.721, 51.05, 52.364, 51.559, 51.387, 51.215, 52.142, 52.35, 53.326, 56.347, 59.465, 60.798, 59.945, 58.846, 57.284, 53.616, 51.495, 53.018, 55.864, 57.263, 57.074, 56.62, 56.561, 54.306, 50.824, 50.267, 51.257, 51.173, 51.074, 51.156, 51.32, 50.63, 50.831, 52.255, 54.07, 54.118, 52.825, 53.279, 55.15, 57.238, 58.277, 57.075, 58.532, 60.795, 62.27], [52.342, 46.5, 39.907, 34.084, 31.314, 31.307, 31.657, 30.608, 28.728, 28.085, 27.466, 25.919, 26.471, 27.389, 26.179, 21.316, 16.942, 14.397, 9.81, 5.272, 0.0, 5.047, 8.981, 11.613, 12.967, 13.858, 14.529, 15.916, 17.269, 19.039, 21.444, 22.85, 23.769, 24.131, 24.856, 26.453, 29.645, 35.385, 42.247, 45.475, 46.611, 47.373, 49.67, 50.953, 50.118, 49.955, 49.732, 50.6, 50.848, 51.865, 54.943, 58.103, 59.476, 58.769, 57.974, 56.637, 53.11, 51.086, 52.6, 55.365, 56.692, 56.464, 55.998, 55.985, 53.83, 50.332, 49.688, 50.67, 50.6, 50.528, 50.594, 50.735, 50.171, 50.467, 51.901, 53.76, 53.928, 52.786, 53.303, 55.14, 57.229, 58.355, 57.149, 58.532, 60.765, 62.231], [52.863, 47.068, 40.454, 34.645, 31.878, 31.819, 32.16, 31.19, 29.465, 28.829, 28.271, 27.045, 27.638, 28.418, 27.083, 22.456, 18.444, 16.07, 12.19, 9.051, 5.047, 0.0, 5.234, 9.022, 10.841, 12.1, 13.16, 14.903, 16.585, 18.768, 20.984, 22.26, 23.32, 23.734, 24.449, 26.166, 29.563, 35.356, 42.173, 45.339, 46.469, 47.137, 49.317, 50.551, 49.657, 49.392, 49.142, 49.977, 50.274, 51.297, 54.33, 57.508, 58.849, 58.042, 57.283, 56.161, 52.952, 51.203, 52.848, 55.677, 56.997, 56.743, 56.224, 56.056, 53.904, 50.571, 50.056, 51.054, 50.963, 50.902, 50.981, 51.102, 50.57, 50.899, 52.28, 54.164, 54.409, 53.38, 53.927, 55.704, 57.775, 58.94, 57.732, 59.07, 61.244, 62.659], [54.818, 48.663, 41.643, 35.721, 32.961, 32.946, 33.266, 32.327, 30.814, 30.179, 29.613, 28.839, 29.758, 30.607, 29.214, 24.641, 20.612, 18.032, 14.158, 11.386, 8.981, 5.234, 0.0, 4.576, 7.206, 9.454, 11.271, 13.898, 16.488, 19.524, 21.779, 22.845, 23.933, 24.305, 25.062, 27.128, 30.984, 37.015, 44.003, 47.181, 48.264, 48.79, 50.885, 52.187, 51.259, 50.836, 50.543, 51.371, 51.705, 52.755, 55.749, 58.91, 60.151, 59.151, 58.17, 57.048, 54.055, 52.507, 54.295, 57.289, 58.71, 58.449, 57.83, 57.396, 55.059, 51.751, 51.434, 52.546, 52.412, 52.328, 52.409, 52.556, 51.95, 52.251, 53.626, 55.54, 55.753, 54.64, 55.138, 56.892, 58.973, 60.122, 58.861, 60.229, 62.402, 63.754], [56.529, 50.159, 42.841, 36.751, 33.889, 33.946, 34.31, 33.408, 32.108, 31.526, 30.973, 30.501, 31.758, 32.775, 31.377, 26.752, 22.589, 19.773, 15.789, 13.045, 11.613, 9.022, 4.576, 0.0, 3.75, 7.273, 9.726, 13.285, 16.676, 20.29, 22.808, 23.874, 25.005, 25.375, 26.156, 28.384, 32.477, 38.72, 45.849, 49.015, 50.02, 50.409, 52.432, 53.821, 52.887, 52.361, 51.989, 52.773, 53.106, 54.187, 57.195, 60.36, 61.552, 60.496, 59.408, 58.249, 55.332, 53.885, 55.789, 58.92, 60.407, 60.101, 59.399, 58.849, 56.342, 52.919, 52.724, 53.955, 53.79, 53.671, 53.735, 53.924, 53.286, 53.559, 54.938, 56.848, 57.017, 55.794, 56.234, 57.991, 60.105, 61.266, 59.929, 61.333, 63.55, 64.871], [57.331, 51.106, 43.795, 37.477, 34.283, 34.322, 34.777, 34.006, 32.941, 32.451, 31.933, 31.464, 32.752, 33.85, 32.417, 27.71, 23.643, 20.904, 16.899, 14.149, 12.967, 10.841, 7.206, 3.75, 0.0, 4.387, 7.94, 12.391, 16.348, 20.304, 23.2, 24.333, 25.55, 26.029, 26.718, 28.813, 32.873, 39.374, 46.703, 49.86, 50.797, 51.025, 52.925, 54.349, 53.428, 52.888, 52.485, 53.256, 53.581, 54.674, 57.67, 60.848, 62.087, 61.066, 59.978, 58.856, 55.934, 54.484, 56.538, 59.822, 61.364, 61.042, 60.306, 59.83, 57.262, 53.685, 53.481, 54.825, 54.685, 54.549, 54.59, 54.791, 54.178, 54.428, 55.749, 57.594, 57.723, 56.403, 56.8, 58.552, 60.67, 61.834, 60.446, 61.874, 64.116, 65.427], [57.297, 51.311, 44.173, 37.747, 34.243, 34.213, 34.711, 34.054, 33.181, 32.789, 32.316, 31.683, 32.843, 33.959, 32.5, 27.802, 23.946, 21.391, 17.502, 14.957, 13.858, 12.1, 9.454, 7.273, 4.387, 0.0, 5.117, 10.681, 15.054, 19.196, 22.585, 24.011, 25.359, 25.911, 26.443, 28.388, 32.325, 38.989, 46.501, 49.686, 50.602, 50.701, 52.462, 53.887, 53.002, 52.526, 52.135, 52.915, 53.246, 54.374, 57.408, 60.643, 61.983, 61.036, 59.972, 58.92, 56.032, 54.564, 56.715, 60.128, 61.703, 61.39, 60.678, 60.389, 57.852, 54.136, 53.868, 55.246, 55.12, 54.963, 54.988, 55.184, 54.594, 54.8, 56.029, 57.791, 57.917, 56.578, 56.958, 58.68, 60.764, 61.94, 60.53, 61.957, 64.209, 65.524], [56.92, 51.056, 44.099, 37.884, 34.424, 34.339, 34.813, 34.19, 33.42, 33.085, 32.583, 31.78, 32.829, 33.901, 32.48, 27.974, 24.188, 21.602, 17.817, 15.464, 14.529, 13.16, 11.271, 9.726, 7.94, 5.117, 0.0, 6.599, 11.65, 16.779, 21.157, 23.16, 24.619, 25.163, 25.708, 27.684, 31.567, 38.076, 45.63, 48.91, 49.831, 49.877, 51.549, 52.983, 52.175, 51.837, 51.513, 52.269, 52.58, 53.753, 56.932, 60.297, 61.723, 60.886, 59.861, 58.824, 55.96, 54.457, 56.544, 59.978, 61.661, 61.438, 60.8, 60.608, 58.092, 54.349, 54.085, 55.45, 55.31, 55.133, 55.14, 55.344, 54.732, 54.877, 56.089, 57.854, 58.013, 56.728, 57.119, 58.806, 60.879, 62.138, 60.741, 62.124, 64.386, 65.698], [55.62, 50.083, 43.624, 37.879, 34.702, 34.564, 34.995, 34.359, 33.517, 33.189, 32.666, 31.678, 32.415, 33.271, 31.934, 27.795, 24.243, 21.775, 18.459, 16.707, 15.916, 14.903, 13.898, 13.285, 12.391, 10.681, 6.599, 0.0, 6.112, 13.288, 18.908, 21.374, 22.838, 23.401, 24.021, 25.834, 29.43, 35.6, 43.148, 46.574, 47.52, 47.584, 49.223, 50.655, 49.939, 49.769, 49.641, 50.532, 50.816, 51.996, 55.36, 58.875, 60.397, 59.636, 58.621, 57.53, 54.63, 53.059, 55.013, 58.368, 60.225, 60.278, 59.797, 59.673, 57.226, 53.583, 53.34, 54.664, 54.51, 54.332, 54.331, 54.519, 53.859, 53.927, 55.133, 56.913, 57.088, 55.861, 56.273, 57.926, 59.963, 61.273, 59.936, 61.266, 63.493, 64.789], [53.63, 48.526, 42.589, 37.23, 34.422, 34.345, 34.766, 34.142, 33.14, 32.818, 32.357, 31.157, 31.478, 32.077, 30.769, 26.85, 23.477, 21.231, 18.764, 17.997, 17.269, 16.585, 16.488, 16.676, 16.348, 15.054, 11.65, 6.112, 0.0, 8.708, 15.458, 18.503, 20.15, 20.784, 21.436, 23.092, 26.451, 32.36, 39.837, 43.357, 44.359, 44.499, 46.157, 47.527, 46.9, 46.967, 47.098, 48.162, 48.408, 49.571, 53.095, 56.765, 58.44, 57.761, 56.801, 55.745, 52.831, 51.215, 53.02, 56.198, 58.053, 58.266, 58.034, 58.198, 55.971, 52.475, 52.158, 53.315, 53.149, 52.978, 52.986, 53.158, 52.494, 52.492, 53.619, 55.352, 55.556, 54.468, 54.943, 56.531, 58.463, 59.773, 58.531, 59.811, 61.98, 63.278], [50.693, 45.834, 40.231, 35.182, 32.824, 32.897, 33.385, 32.902, 31.774, 31.509, 31.243, 29.921, 29.909, 30.295, 28.899, 24.928, 21.71, 20.068, 19.138, 19.68, 19.039, 18.768, 19.524, 20.29, 20.304, 19.196, 16.779, 13.288, 8.708, 0.0, 8.54, 13.234, 15.615, 16.515, 17.192, 19.273, 22.806, 28.617, 35.869, 39.43, 40.576, 40.865, 42.594, 43.855, 43.34, 43.726, 44.153, 45.376, 45.523, 46.634, 50.242, 53.974, 55.819, 55.251, 54.399, 53.51, 50.677, 49.034, 50.656, 53.56, 55.171, 55.294, 55.247, 56.023, 54.34, 50.964, 50.47, 51.395, 51.27, 51.106, 51.178, 51.348, 50.775, 50.725, 51.696, 53.277, 53.475, 52.588, 53.155, 54.652, 56.41, 57.66, 56.517, 57.737, 59.866, 61.215], [49.812, 44.578, 38.829, 34.205, 32.543, 32.835, 33.384, 33.045, 31.933, 31.71, 31.512, 30.397, 30.366, 30.678, 29.223, 25.352, 22.578, 21.424, 21.174, 22.097, 21.444, 20.984, 21.779, 22.808, 23.2, 22.585, 21.157, 18.908, 15.458, 8.54, 0.0, 6.769, 11.421, 12.739, 13.457, 16.465, 20.824, 26.715, 33.672, 37.165, 38.408, 38.703, 40.542, 41.849, 41.376, 41.833, 42.524, 43.916, 44.0, 45.06, 48.634, 52.287, 54.09, 53.361, 52.408, 51.618, 49.055, 47.678, 49.294, 52.16, 53.742, 53.836, 53.745, 54.506, 53.304, 50.25, 49.832, 50.803, 50.682, 50.548, 50.71, 50.91, 50.394, 50.378, 51.318, 52.875, 52.999, 52.111, 52.653, 54.048, 55.597, 56.668, 55.631, 56.803, 58.787, 60.114], [50.963, 45.767, 40.038, 35.468, 33.99, 34.396, 34.989, 34.645, 33.344, 33.01, 32.839, 31.87, 31.766, 31.897, 30.545, 26.693, 23.868, 22.698, 22.46, 23.411, 22.85, 22.26, 22.845, 23.874, 24.333, 24.011, 23.16, 21.374, 18.503, 13.234, 6.769, 0.0, 6.381, 8.244, 9.191, 12.957, 18.221, 24.836, 32.28, 35.888, 37.173, 37.586, 39.856, 41.422, 40.908, 41.215, 42.043, 43.751, 43.856, 44.856, 48.431, 52.055, 53.829, 52.903, 51.71, 50.775, 48.138, 46.816, 48.473, 51.383, 53.019, 53.116, 53.006, 53.596, 52.454, 49.672, 49.37, 50.406, 50.296, 50.178, 50.354, 50.507, 49.977, 50.003, 50.966, 52.573, 52.664, 51.66, 52.152, 53.546, 55.014, 55.869, 54.866, 56.14, 58.044, 59.298], [51.293, 46.554, 41.24, 36.777, 35.329, 35.701, 36.229, 35.715, 34.01, 33.509, 33.343, 32.245, 31.906, 31.75, 30.666, 27.043, 24.017, 22.928, 23.046, 24.192, 23.769, 23.32, 23.933, 25.005, 25.55, 25.359, 24.619, 22.838, 20.15, 15.615, 11.421, 6.381, 0.0, 2.903, 5.185, 9.868, 15.49, 22.419, 30.314, 34.173, 35.615, 36.426, 39.189, 40.895, 40.372, 40.597, 41.452, 43.422, 43.552, 44.419, 47.972, 51.603, 53.426, 52.472, 51.189, 50.111, 47.271, 45.817, 47.344, 50.074, 51.623, 51.721, 51.671, 52.368, 51.222, 48.619, 48.409, 49.354, 49.243, 49.131, 49.285, 49.337, 48.804, 48.818, 49.778, 51.437, 51.619, 50.672, 51.192, 52.629, 54.119, 54.876, 53.815, 55.178, 57.123, 58.34], [51.172, 46.411, 41.135, 36.781, 35.448, 35.836, 36.298, 35.674, 33.878, 33.34, 33.178, 32.087, 31.72, 31.532, 30.598, 27.212, 24.197, 23.117, 23.334, 24.507, 24.131, 23.734, 24.305, 25.375, 26.029, 25.911, 25.163, 23.401, 20.784, 16.515, 12.739, 8.244, 2.903, 0.0, 3.614, 9.118, 15.005, 21.909, 29.867, 33.81, 35.315, 36.181, 38.979, 40.698, 40.179, 40.369, 41.212, 43.213, 43.362, 44.199, 47.732, 51.373, 53.19, 52.201, 50.888, 49.81, 47.004, 45.573, 47.056, 49.721, 51.254, 51.387, 51.36, 52.008, 50.83, 48.264, 48.126, 49.088, 48.956, 48.841, 48.988, 49.037, 48.496, 48.505, 49.504, 51.236, 51.479, 50.56, 51.084, 52.527, 54.046, 54.813, 53.711, 55.084, 57.048, 58.251], [51.374, 46.958, 41.798, 37.412, 35.993, 36.324, 36.78, 36.21, 34.496, 33.996, 33.96, 32.937, 32.465, 32.252, 31.419, 28.183, 25.268, 24.191, 24.306, 25.345, 24.856, 24.449, 25.062, 26.156, 26.718, 26.443, 25.708, 24.021, 21.436, 17.192, 13.457, 9.191, 5.185, 3.614, 0.0, 6.628, 13.485, 20.993, 29.143, 33.17, 34.674, 35.408, 38.189, 39.937, 39.418, 39.62, 40.505, 42.598, 42.752, 43.607, 47.209, 50.927, 52.853, 51.889, 50.583, 49.561, 46.768, 45.317, 46.804, 49.493, 51.052, 51.191, 51.174, 51.899, 50.761, 48.168, 47.995, 49.033, 48.952, 48.836, 48.959, 49.002, 48.501, 48.509, 49.478, 51.18, 51.421, 50.501, 51.031, 52.461, 53.955, 54.696, 53.584, 54.965, 56.93, 58.114], [51.833, 48.814, 44.493, 40.068, 38.399, 38.545, 38.97, 38.373, 36.549, 36.031, 36.103, 34.916, 34.056, 33.693, 33.088, 30.184, 27.472, 26.46, 26.472, 27.246, 26.453, 26.166, 27.128, 28.384, 28.813, 28.388, 27.684, 25.834, 23.092, 19.273, 16.465, 12.957, 9.868, 9.118, 6.628, 0.0, 8.276, 17.287, 26.124, 30.508, 32.147, 33.109, 36.191, 38.04, 37.573, 37.878, 38.891, 41.227, 41.415, 42.292, 46.067, 49.963, 52.182, 51.422, 50.221, 49.161, 46.175, 44.588, 45.971, 48.549, 50.179, 50.439, 50.528, 51.5, 50.568, 48.075, 47.837, 48.898, 48.845, 48.789, 48.878, 48.849, 48.43, 48.41, 49.261, 50.808, 51.023, 50.105, 50.629, 52.006, 53.42, 54.108, 53.037, 54.404, 56.337, 57.486], [50.482, 49.117, 46.342, 42.4, 40.526, 40.373, 40.792, 40.285, 38.354, 37.813, 37.971, 36.55, 35.249, 34.643, 34.276, 32.033, 29.952, 29.443, 29.835, 30.626, 29.645, 29.563, 30.984, 32.477, 32.873, 32.325, 31.567, 29.43, 26.451, 22.806, 20.824, 18.221, 15.49, 15.005, 13.485, 8.276, 0.0, 10.44, 20.65, 25.758, 27.716, 29.261, 32.721, 34.577, 34.227, 34.801, 36.012, 38.582, 38.854, 39.691, 43.517, 47.464, 49.921, 49.453, 48.473, 47.435, 44.485, 42.966, 44.122, 46.252, 47.789, 48.252, 48.581, 49.999, 49.419, 47.114, 46.657, 47.442, 47.379, 47.407, 47.583, 47.507, 47.174, 47.109, 47.791, 49.162, 49.436, 48.7, 49.221, 50.442, 51.724, 52.481, 51.536, 52.778, 54.594, 55.705], [48.278, 48.624, 47.736, 45.141, 43.794, 43.392, 43.718, 43.367, 41.409, 40.895, 41.108, 39.635, 37.944, 36.965, 36.902, 35.65, 34.348, 34.426, 35.464, 36.47, 35.385, 35.356, 37.015, 38.72, 39.374, 38.989, 38.076, 35.6, 32.36, 28.617, 26.715, 24.836, 22.419, 21.909, 20.993, 17.287, 10.44, 0.0, 11.757, 18.092, 20.6, 23.312, 27.486, 29.306, 29.17, 30.123, 31.686, 34.561, 34.937, 35.679, 39.484, 43.339, 45.919, 45.844, 45.228, 44.324, 41.814, 40.714, 41.482, 42.827, 44.153, 44.908, 45.532, 47.31, 47.31, 45.581, 45.131, 45.554, 45.389, 45.48, 45.771, 45.785, 45.671, 45.607, 46.138, 47.385, 47.817, 47.534, 48.114, 48.999, 49.979, 50.889, 50.168, 51.144, 52.711, 53.717], [47.726, 49.758, 50.394, 49.019, 48.556, 48.256, 48.458, 48.135, 46.222, 45.816, 46.1, 44.764, 42.864, 41.579, 41.682, 41.114, 40.378, 40.828, 42.307, 43.49, 42.247, 42.173, 44.003, 45.849, 46.703, 46.501, 45.63, 43.148, 39.837, 35.869, 33.672, 32.28, 30.314, 29.867, 29.143, 26.124, 20.65, 11.757, 0.0, 7.578, 11.307, 16.368, 21.748, 23.529, 23.713, 24.982, 26.952, 30.2, 30.629, 31.334, 35.133, 38.874, 41.708, 42.238, 42.278, 41.778, 39.908, 39.289, 39.645, 40.154, 41.135, 42.112, 42.909, 45.04, 45.872, 44.972, 44.981, 45.338, 45.042, 45.168, 45.492, 45.674, 46.182, 46.379, 46.837, 47.917, 48.465, 48.654, 49.302, 49.742, 50.253, 51.239, 50.739, 51.352, 52.61, 53.476], [47.944, 50.626, 51.78, 50.76, 50.622, 50.531, 50.763, 50.441, 48.631, 48.305, 48.617, 47.416, 45.566, 44.231, 44.314, 43.9, 43.385, 43.932, 45.501, 46.762, 45.475, 45.339, 47.181, 49.015, 49.86, 49.686, 48.91, 46.574, 43.357, 39.43, 37.165, 35.888, 34.173, 33.81, 33.17, 30.508, 25.758, 18.092, 7.578, 0.0, 5.353, 12.671, 18.813, 20.68, 20.998, 22.21, 24.267, 27.692, 28.128, 28.836, 32.58, 36.206, 39.193, 40.052, 40.496, 40.341, 38.878, 38.521, 38.81, 39.1, 39.934, 40.934, 41.726, 43.949, 45.062, 44.5, 44.916, 45.473, 45.147, 45.274, 45.569, 45.849, 46.789, 47.274, 47.773, 48.78, 49.332, 49.625, 50.239, 50.421, 50.668, 51.682, 51.263, 51.714, 52.808, 53.572], [48.011, 50.872, 52.131, 51.199, 51.129, 51.111, 51.456, 51.328, 49.745, 49.462, 49.786, 48.737, 47.018, 45.756, 45.749, 45.166, 44.647, 45.169, 46.674, 47.908, 46.611, 46.469, 48.264, 50.02, 50.797, 50.602, 49.831, 47.52, 44.359, 40.576, 38.408, 37.173, 35.615, 35.315, 34.674, 32.147, 27.716, 20.6, 11.307, 5.353, 0.0, 8.536, 15.493, 17.819, 18.236, 19.371, 21.424, 25.053, 25.555, 26.306, 30.16, 33.816, 36.833, 37.852, 38.434, 38.38, 37.05, 36.781, 37.143, 37.553, 38.519, 39.522, 40.285, 42.501, 43.633, 43.157, 43.872, 44.782, 44.541, 44.67, 44.931, 45.287, 46.377, 47.002, 47.659, 48.804, 49.382, 49.63, 50.186, 50.27, 50.494, 51.623, 51.188, 51.623, 52.717, 53.444], [47.825, 50.489, 51.616, 50.689, 50.556, 50.517, 50.936, 51.214, 50.3, 50.167, 50.515, 49.736, 48.248, 47.21, 46.977, 46.074, 45.62, 46.144, 47.54, 48.721, 47.373, 47.137, 48.79, 50.409, 51.025, 50.701, 49.877, 47.584, 44.499, 40.865, 38.703, 37.586, 36.426, 36.181, 35.408, 33.109, 29.261, 23.312, 16.368, 12.671, 8.536, 0.0, 8.248, 11.879, 12.634, 13.817, 16.049, 20.199, 20.94, 21.961, 26.249, 30.248, 33.367, 34.538, 35.371, 35.783, 34.814, 34.673, 35.301, 36.155, 37.391, 38.287, 38.89, 41.029, 42.055, 41.421, 42.503, 44.14, 44.078, 44.187, 44.441, 44.923, 46.104, 46.786, 47.61, 49.087, 49.829, 50.007, 50.522, 50.606, 50.996, 52.36, 51.817, 52.278, 53.484, 54.258], [46.966, 49.918, 51.435, 50.789, 50.622, 50.479, 50.863, 51.351, 51.02, 51.1, 51.477, 50.9, 49.545, 48.665, 48.326, 47.627, 47.602, 48.284, 49.782, 51.05, 49.67, 49.317, 50.885, 52.432, 52.925, 52.462, 51.549, 49.223, 46.157, 42.594, 40.542, 39.856, 39.189, 38.979, 38.189, 36.191, 32.721, 27.486, 21.748, 18.813, 15.493, 8.248, 0.0, 5.222, 7.247, 9.113, 11.833, 16.322, 17.348, 18.62, 23.127, 27.348, 30.647, 32.194, 33.63, 34.886, 34.792, 35.161, 36.068, 37.01, 38.142, 38.942, 39.469, 41.595, 42.637, 42.038, 43.416, 45.464, 45.491, 45.586, 45.814, 46.322, 47.564, 48.161, 48.834, 50.349, 51.356, 51.744, 52.258, 52.238, 52.665, 54.235, 53.612, 53.914, 55.084, 55.887], [45.932, 49.358, 51.364, 50.967, 50.851, 50.637, 50.985, 51.509, 51.254, 51.392, 51.813, 51.271, 49.865, 48.941, 48.642, 48.222, 48.451, 49.268, 50.956, 52.364, 50.953, 50.551, 52.187, 53.821, 54.349, 53.887, 52.983, 50.655, 47.527, 43.855, 41.849, 41.422, 40.895, 40.698, 39.937, 38.04, 34.577, 29.306, 23.529, 20.68, 17.819, 11.879, 5.222, 0.0, 3.642, 6.938, 10.412, 15.224, 16.384, 17.53, 21.921, 26.13, 29.627, 31.433, 33.35, 35.042, 35.322, 35.946, 36.874, 37.546, 38.305, 39.009, 39.642, 41.904, 43.092, 42.712, 44.039, 45.883, 45.927, 46.038, 46.265, 46.708, 47.998, 48.552, 49.056, 50.448, 51.614, 52.366, 53.0, 52.928, 53.304, 54.888, 54.31, 54.474, 55.524, 56.341], [45.234, 48.543, 50.474, 50.032, 49.902, 49.688, 50.049, 50.599, 50.345, 50.467, 50.925, 50.451, 49.079, 48.153, 47.856, 47.443, 47.663, 48.457, 50.14, 51.559, 50.118, 49.657, 51.259, 52.887, 53.428, 53.002, 52.175, 49.939, 46.9, 43.34, 41.376, 40.908, 40.372, 40.179, 39.418, 37.573, 34.227, 29.17, 23.713, 20.998, 18.236, 12.634, 7.247, 3.642, 0.0, 4.373, 8.783, 14.344, 15.642, 16.724, 21.158, 25.386, 28.889, 30.618, 32.612, 34.347, 34.577, 35.222, 36.278, 37.084, 37.753, 38.321, 38.9, 41.045, 42.144, 41.789, 43.103, 44.875, 44.905, 45.022, 45.252, 45.689, 46.989, 47.597, 48.154, 49.585, 50.782, 51.631, 52.369, 52.366, 52.787, 54.352, 53.748, 53.918, 54.953, 55.769], [45.294, 48.312, 50.021, 49.534, 49.48, 49.332, 49.69, 50.232, 50.022, 50.133, 50.626, 50.402, 49.199, 48.28, 47.902, 47.409, 47.627, 48.38, 49.986, 51.387, 49.955, 49.392, 50.836, 52.361, 52.888, 52.526, 51.837, 49.769, 46.967, 43.726, 41.833, 41.215, 40.597, 40.369, 39.62, 37.878, 34.801, 30.123, 24.982, 22.21, 19.371, 13.817, 9.113, 6.938, 4.373, 0.0, 5.735, 12.532, 14.429, 15.761, 20.117, 24.33, 27.715, 29.261, 31.192, 32.972, 33.334, 34.148, 35.398, 36.435, 37.124, 37.569, 37.936, 39.7, 40.624, 40.406, 42.122, 44.159, 44.172, 44.286, 44.518, 45.015, 46.355, 47.047, 47.719, 49.288, 50.514, 51.323, 52.078, 52.128, 52.668, 54.287, 53.647, 53.899, 54.975, 55.763], [45.696, 48.414, 49.876, 49.271, 49.146, 49.007, 49.358, 49.897, 49.784, 49.924, 50.426, 50.345, 49.334, 48.522, 48.068, 47.472, 47.7, 48.42, 49.91, 51.215, 49.732, 49.142, 50.543, 51.989, 52.485, 52.135, 51.513, 49.641, 47.098, 44.153, 42.524, 42.043, 41.452, 41.212, 40.505, 38.891, 36.012, 31.686, 26.952, 24.267, 21.424, 16.049, 11.833, 10.412, 8.783, 5.735, 0.0, 7.824, 10.859, 12.972, 17.615, 22.034, 25.397, 27.189, 29.377, 31.335, 31.836, 32.71, 34.043, 35.315, 36.163, 36.496, 36.688, 38.363, 39.143, 38.733, 40.621, 42.925, 42.952, 43.049, 43.288, 43.909, 45.366, 46.153, 46.926, 48.68, 50.08, 50.949, 51.736, 51.872, 52.767, 54.751, 54.042, 54.356, 55.572, 56.401], [45.977, 48.495, 49.927, 49.435, 49.317, 49.13, 49.421, 49.971, 50.052, 50.266, 50.766, 50.849, 50.021, 49.387, 48.859, 48.286, 48.709, 49.494, 50.927, 52.142, 50.6, 49.977, 51.371, 52.773, 53.256, 52.915, 52.269, 50.532, 48.162, 45.376, 43.916, 43.751, 43.422, 43.213, 42.598, 41.227, 38.582, 34.561, 30.2, 27.692, 25.053, 20.199, 16.322, 15.224, 14.344, 12.532, 7.824, 0.0, 5.191, 8.799, 13.717, 18.443, 21.71, 24.001, 26.753, 29.277, 30.328, 31.441, 32.792, 34.314, 35.46, 35.734, 35.809, 37.528, 38.343, 37.718, 39.651, 42.166, 42.222, 42.312, 42.548, 43.309, 44.844, 45.702, 46.569, 48.499, 50.081, 51.104, 51.977, 52.147, 53.414, 56.039, 55.316, 55.5, 56.796, 57.715], [45.85, 48.464, 49.985, 49.501, 49.352, 49.137, 49.406, 49.949, 50.031, 50.249, 50.731, 50.784, 49.927, 49.365, 48.996, 48.494, 48.891, 49.668, 51.123, 52.35, 50.848, 50.274, 51.705, 53.106, 53.581, 53.246, 52.58, 50.816, 48.408, 45.523, 44.0, 43.856, 43.552, 43.362, 42.752, 41.415, 38.854, 34.937, 30.629, 28.128, 25.555, 20.94, 17.348, 16.384, 15.642, 14.429, 10.859, 5.191, 0.0, 5.096, 11.412, 16.531, 19.995, 22.389, 25.319, 27.971, 29.073, 30.24, 31.564, 33.126, 34.405, 34.76, 34.895, 36.775, 37.742, 37.128, 39.016, 41.555, 41.66, 41.761, 41.9, 42.597, 44.166, 45.071, 45.957, 47.854, 49.46, 50.562, 51.511, 51.715, 53.017, 55.801, 55.124, 55.182, 56.437, 57.414], [45.53, 48.485, 50.334, 49.985, 49.853, 49.592, 49.876, 50.464, 50.497, 50.663, 51.121, 51.133, 50.174, 49.578, 49.387, 49.138, 49.644, 50.5, 52.052, 53.326, 51.865, 51.297, 52.755, 54.187, 54.674, 54.374, 53.753, 51.996, 49.571, 46.634, 45.06, 44.856, 44.419, 44.199, 43.607, 42.292, 39.691, 35.679, 31.334, 28.836, 26.306, 21.961, 18.62, 17.53, 16.724, 15.761, 12.972, 8.799, 5.096, 0.0, 7.455, 13.127, 17.0, 19.473, 22.738, 25.794, 27.288, 28.888, 30.347, 31.822, 33.036, 33.436, 33.64, 35.606, 36.807, 36.529, 38.537, 41.012, 41.132, 41.265, 41.353, 41.954, 43.561, 44.513, 45.453, 47.395, 49.075, 50.301, 51.302, 51.506, 52.761, 55.506, 54.822, 54.822, 55.993, 56.937], [45.489, 48.906, 51.361, 51.427, 51.443, 51.125, 51.369, 52.005, 52.096, 52.243, 52.697, 52.875, 51.921, 51.273, 51.123, 51.239, 52.212, 53.364, 55.041, 56.347, 54.943, 54.33, 55.749, 57.195, 57.67, 57.408, 56.932, 55.36, 53.095, 50.242, 48.634, 48.431, 47.972, 47.732, 47.209, 46.067, 43.517, 39.484, 35.133, 32.58, 30.16, 26.249, 23.127, 21.921, 21.158, 20.117, 17.615, 13.717, 11.412, 7.455, 0.0, 6.533, 11.28, 14.425, 18.726, 22.998, 25.799, 28.316, 30.01, 31.32, 32.301, 32.593, 32.657, 34.492, 36.013, 36.274, 38.543, 41.036, 41.17, 41.337, 41.432, 42.028, 43.745, 44.776, 45.769, 47.804, 49.6, 51.002, 52.033, 52.141, 53.376, 56.238, 55.582, 55.504, 56.557, 57.417], [45.947, 49.682, 52.736, 53.282, 53.458, 53.087, 53.289, 53.96, 54.091, 54.222, 54.687, 54.988, 54.056, 53.384, 53.293, 53.695, 55.014, 56.407, 58.175, 59.465, 58.103, 57.508, 58.91, 60.36, 60.848, 60.643, 60.297, 58.875, 56.765, 53.974, 52.287, 52.055, 51.603, 51.373, 50.927, 49.963, 47.464, 43.339, 38.874, 36.206, 33.816, 30.248, 27.348, 26.13, 25.386, 24.33, 22.034, 18.443, 16.531, 13.127, 6.533, 0.0, 6.027, 10.84, 16.383, 21.501, 25.303, 28.442, 30.143, 31.149, 31.868, 32.083, 32.042, 33.818, 35.689, 36.315, 38.671, 41.171, 41.335, 41.539, 41.612, 42.233, 44.114, 45.247, 46.255, 48.299, 50.203, 51.791, 52.864, 52.873, 54.023, 56.956, 56.347, 56.112, 56.995, 57.835], [46.578, 49.821, 52.891, 53.761, 54.146, 53.801, 53.99, 54.701, 54.875, 54.967, 55.418, 55.91, 55.133, 54.513, 54.424, 54.92, 56.368, 57.821, 59.558, 60.798, 59.476, 58.849, 60.151, 61.552, 62.087, 61.983, 61.723, 60.397, 58.44, 55.819, 54.09, 53.829, 53.426, 53.19, 52.853, 52.182, 49.921, 45.919, 41.708, 39.193, 36.833, 33.367, 30.647, 29.627, 28.889, 27.715, 25.397, 21.71, 19.995, 17.0, 11.28, 6.027, 0.0, 6.765, 13.549, 19.361, 24.12, 27.849, 29.667, 30.752, 31.548, 31.732, 31.52, 32.802, 34.641, 35.504, 38.173, 40.884, 41.068, 41.294, 41.388, 42.125, 44.025, 45.263, 46.524, 48.85, 50.865, 52.474, 53.554, 53.594, 54.797, 57.806, 57.143, 56.84, 57.681, 58.559], [46.648, 49.08, 51.685, 52.519, 53.065, 52.801, 52.984, 53.695, 53.825, 53.842, 54.258, 54.945, 54.274, 53.644, 53.525, 54.041, 55.491, 56.885, 58.6, 59.945, 58.769, 58.042, 59.151, 60.496, 61.066, 61.036, 60.886, 59.636, 57.761, 55.251, 53.361, 52.903, 52.472, 52.201, 51.889, 51.422, 49.453, 45.844, 42.238, 40.052, 37.852, 34.538, 32.194, 31.433, 30.618, 29.261, 27.189, 24.001, 22.389, 19.473, 14.425, 10.84, 6.765, 0.0, 8.099, 15.344, 21.385, 26.016, 28.311, 29.906, 31.019, 31.335, 31.036, 31.567, 33.168, 34.486, 37.533, 40.346, 40.549, 40.776, 40.919, 41.647, 43.373, 44.681, 46.194, 48.735, 50.672, 52.13, 53.172, 53.329, 54.602, 57.51, 56.889, 56.685, 57.52, 58.391], [47.019, 48.867, 50.964, 51.615, 52.218, 52.02, 52.205, 52.896, 52.908, 52.822, 53.174, 53.956, 53.295, 52.595, 52.456, 52.945, 54.33, 55.637, 57.344, 58.846, 57.974, 57.283, 58.17, 59.408, 59.978, 59.972, 59.861, 58.621, 56.801, 54.399, 52.408, 51.71, 51.189, 50.888, 50.583, 50.221, 48.473, 45.228, 42.278, 40.496, 38.434, 35.371, 33.63, 33.35, 32.612, 31.192, 29.377, 26.753, 25.319, 22.738, 18.726, 16.383, 13.549, 8.099, 0.0, 8.851, 16.903, 22.759, 25.576, 27.819, 29.537, 30.191, 29.938, 30.033, 31.493, 33.134, 36.409, 39.322, 39.55, 39.796, 39.952, 40.623, 42.058, 43.251, 44.857, 47.487, 49.272, 50.533, 51.51, 51.69, 52.98, 55.853, 55.295, 55.228, 56.127, 57.024], [47.257, 49.007, 50.823, 51.287, 51.914, 51.774, 51.969, 52.563, 52.289, 52.06, 52.339, 52.986, 52.238, 51.478, 51.447, 51.846, 52.976, 54.133, 55.763, 57.284, 56.637, 56.161, 57.048, 58.249, 58.856, 58.92, 58.824, 57.53, 55.745, 53.51, 51.618, 50.775, 50.111, 49.81, 49.561, 49.161, 47.435, 44.324, 41.778, 40.341, 38.38, 35.783, 34.886, 35.042, 34.347, 32.972, 31.335, 29.277, 27.971, 25.794, 22.998, 21.501, 19.361, 15.344, 8.851, 0.0, 9.926, 17.256, 20.594, 23.405, 25.804, 26.869, 26.745, 26.595, 27.979, 29.853, 33.297, 36.367, 36.678, 37.018, 37.169, 37.807, 38.972, 39.975, 41.653, 44.289, 45.846, 46.907, 47.835, 48.057, 49.402, 52.289, 51.778, 51.819, 52.849, 53.848], [47.111, 48.701, 50.001, 50.022, 50.541, 50.435, 50.627, 51.096, 50.517, 50.166, 50.374, 50.661, 49.715, 48.916, 48.928, 48.937, 49.633, 50.658, 52.168, 53.616, 53.11, 52.952, 54.055, 55.332, 55.934, 56.032, 55.96, 54.63, 52.831, 50.677, 49.055, 48.138, 47.271, 47.004, 46.768, 46.175, 44.485, 41.814, 39.908, 38.878, 37.05, 34.814, 34.792, 35.322, 34.577, 33.334, 31.836, 30.328, 29.073, 27.288, 25.799, 25.303, 24.12, 21.385, 16.903, 9.926, 0.0, 8.322, 12.87, 17.295, 20.856, 22.18, 22.109, 22.251, 23.362, 24.725, 28.158, 31.748, 32.281, 32.709, 32.879, 33.529, 34.541, 35.495, 37.426, 40.143, 41.301, 41.903, 42.855, 43.417, 45.011, 47.828, 47.338, 47.65, 48.981, 50.213], [47.531, 48.922, 49.861, 49.611, 50.059, 49.969, 50.133, 50.508, 49.766, 49.361, 49.532, 49.528, 48.43, 47.61, 47.597, 47.267, 47.689, 48.677, 50.113, 51.495, 51.086, 51.203, 52.507, 53.885, 54.484, 54.564, 54.457, 53.059, 51.215, 49.034, 47.678, 46.816, 45.817, 45.573, 45.317, 44.588, 42.966, 40.714, 39.289, 38.521, 36.781, 34.673, 35.161, 35.946, 35.222, 34.148, 32.71, 31.441, 30.24, 28.888, 28.316, 28.442, 27.849, 26.016, 22.759, 17.256, 8.322, 0.0, 6.332, 13.247, 18.121, 19.641, 19.623, 20.435, 21.339, 21.765, 24.975, 29.085, 29.799, 30.241, 30.484, 31.224, 32.137, 33.094, 35.312, 38.166, 39.042, 39.268, 40.311, 41.22, 43.075, 45.893, 45.491, 46.103, 47.766, 49.227], [48.358, 50.118, 51.396, 51.381, 51.95, 51.822, 51.932, 52.219, 51.294, 50.843, 51.028, 50.903, 49.678, 48.773, 48.865, 48.6, 49.018, 50.089, 51.626, 53.018, 52.6, 52.848, 54.295, 55.789, 56.538, 56.715, 56.544, 55.013, 53.02, 50.656, 49.294, 48.473, 47.344, 47.056, 46.804, 45.971, 44.122, 41.482, 39.645, 38.81, 37.143, 35.301, 36.068, 36.874, 36.278, 35.398, 34.043, 32.792, 31.564, 30.347, 30.01, 30.143, 29.667, 28.311, 25.576, 20.594, 12.87, 6.332, 0.0, 8.319, 14.537, 16.741, 17.117, 18.719, 20.454, 21.143, 24.004, 27.969, 28.746, 29.238, 29.555, 30.28, 31.234, 32.173, 34.435, 37.328, 38.24, 38.643, 39.818, 40.756, 42.617, 45.495, 45.309, 45.98, 47.759, 49.348], [48.628, 51.386, 53.484, 53.808, 54.428, 54.204, 54.267, 54.471, 53.314, 52.805, 53.058, 52.879, 51.484, 50.408, 50.709, 50.726, 51.286, 52.57, 54.38, 55.864, 55.365, 55.677, 57.289, 58.92, 59.822, 60.128, 59.978, 58.368, 56.198, 53.56, 5