[[0.0, 4.004, 10.272, 15.897, 17.92, 16.703, 18.306, 25.181, 29.97, 33.656, 38.221, 42.096, 42.466, 41.865, 42.171, 42.004, 41.826, 43.007, 43.266, 43.187, 43.745, 43.868, 44.076, 43.968, 42.475, 40.972, 42.563, 43.534, 43.887, 44.567, 45.869, 46.999, 48.18, 48.203, 47.246, 46.579, 46.987, 46.932, 46.439, 46.714, 45.826, 42.573, 41.079, 41.626, 40.649, 38.201, 38.312, 40.002, 41.348, 41.261, 41.101, 41.073, 41.227, 41.698, 41.822, 41.869, 42.446, 43.27, 46.169, 50.158, 53.952, 54.736, 54.006, 53.441, 53.59, 51.272, 49.37, 54.574, 59.629, 61.993, 63.032, 63.575, 61.944, 55.702, 49.696, 47.118, 46.033, 44.92, 43.129, 42.294, 42.21, 40.587, 40.501, 41.158, 38.382, 37.393], [4.004, 0.0, 6.781, 12.875, 15.513, 14.869, 17.013, 24.496, 29.936, 34.1, 38.852, 42.791, 43.159, 42.587, 42.922, 42.763, 42.57, 43.778, 44.015, 43.94, 44.52, 44.628, 44.911, 44.852, 43.366, 41.858, 43.509, 44.469, 44.797, 45.449, 46.711, 47.761, 48.935, 48.978, 48.014, 47.391, 47.8, 47.765, 47.295, 47.556, 46.73, 43.557, 42.119, 42.702, 41.652, 39.1, 39.187, 40.905, 42.281, 42.181, 42.005, 41.979, 42.113, 42.529, 42.652, 42.69, 43.288, 44.0, 46.757, 50.778, 54.639, 55.415, 54.66, 54.114, 54.285, 51.957, 50.235, 55.843, 61.035, 63.394, 64.421, 64.939, 63.289, 57.08, 50.981, 48.222, 47.002, 45.819, 44.002, 43.23, 43.056, 41.315, 41.26, 41.957, 39.103, 37.99], [10.272, 6.781, 0.0, 7.098, 11.372, 12.164, 15.937, 24.651, 31.008, 35.834, 40.886, 44.976, 45.429, 44.942, 45.265, 45.069, 44.754, 45.893, 46.095, 45.99, 46.602, 46.668, 47.076, 47.073, 45.497, 43.907, 45.648, 46.645, 46.921, 47.519, 48.699, 49.59, 50.68, 50.773, 49.803, 49.304, 49.871, 49.961, 49.505, 49.757, 48.937, 45.714, 44.289, 44.848, 43.62, 40.861, 40.865, 42.512, 43.822, 43.672, 43.487, 43.467, 43.549, 43.974, 44.182, 44.222, 44.839, 45.384, 47.962, 52.063, 56.094, 56.88, 56.082, 55.555, 55.716, 53.357, 51.909, 58.129, 63.558, 65.92, 66.945, 67.435, 65.715, 59.376, 53.023, 50.03, 48.7, 47.541, 45.776, 45.112, 44.812, 42.838, 42.85, 43.648, 40.632, 39.352], [15.897, 12.875, 7.098, 0.0, 5.715, 8.89, 14.985, 24.903, 32.07, 37.611, 43.063, 47.326, 47.937, 47.569, 47.936, 47.806, 47.414, 48.442, 48.635, 48.488, 49.116, 49.161, 49.584, 49.759, 48.415, 46.914, 48.527, 49.487, 49.769, 50.247, 51.305, 52.057, 53.086, 53.324, 52.447, 52.05, 52.819, 53.098, 52.59, 52.625, 51.694, 48.516, 47.028, 47.243, 45.603, 42.633, 42.605, 44.141, 45.223, 44.908, 44.66, 44.641, 44.669, 45.017, 45.342, 45.384, 45.923, 46.148, 48.359, 52.303, 56.277, 56.949, 56.1, 55.582, 55.684, 53.268, 52.089, 58.796, 64.354, 66.682, 67.699, 68.102, 66.204, 59.715, 53.135, 49.919, 48.593, 47.651, 46.231, 45.945, 45.501, 43.407, 43.663, 44.581, 41.685, 40.324], [17.92, 15.513, 11.372, 5.715, 0.0, 5.425, 13.568, 24.379, 31.834, 37.665, 43.38, 47.771, 48.479, 48.203, 48.688, 48.671, 48.261, 49.221, 49.442, 49.282, 49.906, 49.953, 50.326, 50.656, 49.616, 48.265, 49.708, 50.615, 50.953, 51.384, 52.398, 53.155, 54.228, 54.61, 53.82, 53.413, 54.236, 54.607, 54.062, 53.9, 52.859, 49.746, 48.195, 48.11, 46.161, 43.086, 43.078, 44.537, 45.415, 44.964, 44.654, 44.628, 44.621, 44.849, 45.219, 45.28, 45.729, 45.725, 47.642, 51.353, 55.13, 55.649, 54.767, 54.244, 54.294, 51.86, 50.787, 57.568, 63.098, 65.393, 66.376, 66.684, 64.634, 58.018, 51.336, 48.064, 46.811, 46.072, 45.021, 45.114, 44.623, 42.571, 43.021, 43.961, 41.279, 39.965], [16.703, 14.869, 12.164, 8.89, 5.425, 0.0, 9.756, 21.491, 28.905, 34.621, 40.411, 44.921, 45.641, 45.507, 46.281, 46.389, 45.939, 46.839, 47.065, 46.903, 47.497, 47.573, 47.974, 48.366, 47.385, 46.042, 47.448, 48.361, 48.786, 49.335, 50.437, 51.25, 52.393, 52.858, 52.111, 51.697, 52.519, 52.916, 52.39, 52.258, 51.28, 48.232, 46.728, 46.673, 44.781, 41.734, 41.703, 43.165, 44.041, 43.587, 43.283, 43.261, 43.245, 43.475, 43.885, 43.984, 44.404, 44.536, 46.625, 50.358, 54.095, 54.576, 53.704, 53.175, 53.216, 50.822, 49.672, 56.221, 61.672, 63.964, 64.904, 65.175, 63.089, 56.391, 49.774, 46.684, 45.518, 44.833, 43.908, 44.129, 43.703, 41.69, 42.069, 42.869, 40.14, 38.907], [18.306, 17.013, 15.937, 14.985, 13.568, 9.756, 0.0, 12.465, 20.468, 26.57, 32.622, 37.235, 37.966, 38.104, 39.55, 40.053, 39.627, 40.483, 40.68, 40.542, 41.117, 41.224, 41.779, 42.49, 41.919, 40.767, 42.058, 42.894, 43.366, 43.99, 45.161, 45.949, 47.175, 47.785, 47.26, 46.965, 47.879, 48.406, 47.989, 47.98, 47.668, 45.702, 44.688, 44.717, 43.126, 40.458, 40.359, 41.947, 42.981, 42.586, 42.302, 42.315, 42.287, 42.519, 42.989, 43.106, 43.415, 44.005, 46.625, 50.345, 53.942, 54.423, 53.613, 53.074, 53.088, 50.785, 49.474, 55.539, 60.748, 62.939, 63.838, 64.051, 62.025, 55.661, 49.608, 46.919, 45.884, 45.276, 44.491, 44.774, 44.381, 42.522, 42.78, 43.327, 40.627, 39.553], [25.181, 24.496, 24.651, 24.903, 24.379, 21.491, 12.465, 0.0, 9.242, 16.675, 23.31, 27.982, 29.016, 29.385, 31.353, 32.485, 32.313, 33.159, 33.354, 33.262, 33.791, 33.893, 34.56, 35.866, 36.265, 35.515, 36.355, 36.976, 37.441, 37.941, 39.007, 39.679, 40.995, 41.75, 41.569, 41.444, 42.485, 43.228, 42.978, 43.058, 43.702, 43.814, 43.803, 43.867, 42.627, 40.627, 40.468, 42.18, 43.442, 43.19, 42.93, 42.971, 42.929, 43.142, 43.675, 43.806, 43.941, 45.106, 48.287, 51.766, 54.964, 55.394, 54.689, 54.154, 54.115, 51.986, 50.539, 55.79, 60.52, 62.502, 63.348, 63.42, 61.503, 55.857, 50.805, 48.664, 47.837, 47.426, 46.878, 47.268, 46.943, 45.382, 45.57, 45.842, 43.45, 42.638], [29.97, 29.936, 31.008, 32.07, 31.834, 28.905, 20.468, 9.242, 0.0, 8.614, 15.934, 20.884, 22.424, 22.987, 25.19, 26.782, 26.821, 27.537, 27.769, 27.74, 28.206, 28.294, 28.945, 30.607, 31.728, 31.245, 31.574, 32.087, 32.613, 32.989, 33.907, 34.533, 35.918, 36.766, 36.783, 36.747, 37.812, 38.704, 38.562, 38.765, 39.942, 41.438, 42.291, 42.54, 41.682, 40.223, 40.009, 41.629, 43.011, 42.973, 42.792, 42.855, 42.798, 43.052, 43.629, 43.801, 43.832, 45.506, 49.176, 52.486, 55.4, 55.838, 55.222, 54.683, 54.611, 52.676, 51.03, 55.354, 59.633, 61.455, 62.251, 62.268, 60.457, 55.222, 50.991, 49.486, 48.915, 48.668, 48.244, 48.551, 48.374, 47.088, 47.158, 47.211, 45.028, 44.49], [33.656, 34.1, 35.834, 37.611, 37.665, 34.621, 26.57, 16.675, 8.614, 0.0, 7.895, 13.868, 15.961, 16.938, 19.902, 21.992, 21.962, 22.237, 22.45, 22.502, 22.94, 23.065, 23.881, 25.863, 27.411, 27.038, 26.947, 27.443, 28.12, 28.583, 29.503, 30.196, 31.577, 32.4, 32.536, 32.595, 33.701, 34.689, 34.58, 34.979, 36.627, 38.921, 40.36, 40.908, 40.579, 39.671, 39.434, 40.859, 42.301, 42.495, 42.429, 42.505, 42.371, 42.671, 43.257, 43.448, 43.433, 45.536, 49.676, 52.972, 55.826, 56.377, 55.84, 55.308, 55.236, 53.532, 51.79, 55.4, 59.411, 61.182, 61.956, 61.981, 60.295, 55.455, 52.021, 51.246, 51.003, 50.912, 50.492, 50.425, 50.218, 49.204, 49.175, 49.027, 46.887, 46.578], [38.221, 38.852, 40.886, 43.063, 43.38, 40.411, 32.622, 23.31, 15.934, 7.895, 0.0, 7.161, 10.086, 11.986, 16.15, 18.841, 18.822, 18.552, 18.659, 18.84, 19.222, 19.331, 20.245, 22.612, 24.827, 24.83, 24.293, 24.662, 25.535, 26.17, 27.1, 27.771, 29.091, 29.876, 30.167, 30.328, 31.378, 32.379, 32.253, 32.708, 34.878, 38.079, 40.008, 40.792, 41.067, 40.852, 40.601, 41.854, 43.388, 43.787, 43.807, 43.905, 43.727, 43.994, 44.517, 44.699, 44.623, 47.006, 51.409, 54.572, 57.304, 57.982, 57.545, 57.056, 57.002, 55.544, 53.811, 56.781, 60.446, 62.119, 62.852, 62.873, 61.385, 57.184, 54.648, 54.469, 54.432, 54.425, 53.954, 53.52, 53.248, 52.428, 52.299, 51.995, 49.961, 49.835], [42.096, 42.791, 44.976, 47.326, 47.771, 44.921, 37.235, 27.982, 20.884, 13.868, 7.161, 0.0, 4.857, 8.85, 14.104, 17.167, 17.368, 16.995, 16.997, 17.428, 17.777, 17.719, 18.335, 20.814, 23.843, 24.641, 23.874, 24.095, 25.165, 25.9, 26.771, 27.326, 28.642, 29.419, 29.89, 30.134, 30.903, 31.736, 31.588, 31.925, 34.549, 38.666, 40.973, 41.951, 42.82, 43.309, 43.026, 44.182, 45.879, 46.421, 46.473, 46.603, 46.489, 46.687, 47.059, 47.229, 47.095, 49.566, 53.994, 56.935, 59.482, 60.286, 59.957, 59.511, 59.47, 58.212, 56.448, 58.736, 61.881, 63.338, 63.973, 64.026, 62.865, 59.367, 57.566, 57.675, 57.627, 57.536, 56.944, 56.31, 56.111, 55.378, 55.095, 54.714, 52.827, 52.829], [42.466, 43.159, 45.429, 47.937, 48.479, 45.641, 37.966, 29.016, 22.424, 15.961, 10.086, 4.857, 0.0, 6.159, 13.191, 16.437, 16.644, 16.564, 16.541, 17.07, 17.417, 17.492, 18.123, 20.084, 22.892, 23.909, 23.478, 23.705, 24.862, 25.834, 26.963, 27.656, 29.026, 29.812, 30.355, 30.601, 31.214, 31.897, 31.914, 32.4, 35.17, 39.21, 41.457, 42.578, 43.606, 44.103, 43.85, 45.133, 46.93, 47.492, 47.563, 47.701, 47.637, 47.823, 48.094, 48.251, 48.168, 50.646, 55.002, 57.93, 60.498, 61.375, 61.077, 60.646, 60.631, 59.442, 57.638, 59.748, 62.758, 64.119, 64.681, 64.821, 63.819, 60.489, 58.744, 58.779, 58.626, 58.394, 57.666, 57.005, 56.893, 56.142, 55.784, 55.402, 53.461, 53.445], [41.865, 42.587, 44.942, 47.569, 48.203, 45.507, 38.104, 29.385, 22.987, 16.938, 11.986, 8.85, 6.159, 0.0, 8.17, 11.979, 12.702, 13.189, 13.416, 13.925, 14.291, 14.489, 15.292, 17.168, 20.061, 21.143, 20.736, 20.969, 22.155, 23.167, 24.449, 25.382, 26.896, 27.687, 28.291, 28.503, 29.192, 29.892, 30.062, 30.783, 33.691, 37.942, 40.266, 41.375, 42.392, 42.813, 42.575, 44.129, 46.169, 46.829, 46.946, 47.1, 47.033, 47.238, 47.487, 47.634, 47.581, 50.248, 54.786, 57.737, 60.318, 61.235, 60.945, 60.526, 60.511, 59.377, 57.588, 59.646, 62.688, 64.066, 64.632, 64.761, 63.74, 60.368, 58.614, 58.605, 58.443, 58.227, 57.414, 56.609, 56.485, 55.743, 55.41, 55.079, 53.154, 53.142], [42.171, 42.922, 45.265, 47.936, 48.688, 46.281, 39.55, 31.353, 25.19, 19.902, 16.15, 14.104, 13.191, 8.17, 0.0, 4.75, 7.267, 9.128, 9.782, 10.39, 10.888, 10.938, 11.652, 13.726, 17.143, 18.594, 17.985, 18.238, 19.478, 20.25, 21.331, 22.433, 24.12, 24.776, 25.319, 25.512, 26.271, 27.0, 27.18, 28.032, 30.995, 35.832, 38.6, 39.835, 40.99, 41.611, 41.358, 43.043, 45.422, 46.304, 46.481, 46.643, 46.594, 46.845, 47.051, 47.192, 47.107, 49.963, 54.782, 57.771, 60.339, 61.299, 61.026, 60.611, 60.588, 59.516, 57.755, 59.665, 62.645, 64.044, 64.647, 64.729, 63.693, 60.37, 58.769, 58.822, 58.692, 58.519, 57.602, 56.548, 56.384, 55.695, 55.395, 55.129, 53.298, 53.335], [42.004, 42.763, 45.069, 47.806, 48.671, 46.389, 40.053, 32.485, 26.782, 21.992, 18.841, 17.167, 16.437, 11.979, 4.75, 0.0, 4.279, 7.541, 8.338, 9.069, 9.737, 9.767, 10.519, 12.243, 15.416, 17.164, 16.965, 17.358, 18.643, 19.385, 20.431, 21.625, 23.344, 23.852, 24.263, 24.45, 25.198, 25.883, 26.056, 27.028, 29.951, 34.804, 37.791, 39.276, 40.602, 41.296, 41.043, 42.751, 45.293, 46.312, 46.531, 46.692, 46.673, 46.967, 47.115, 47.252, 47.178, 50.049, 54.958, 58.044, 60.687, 61.696, 61.425, 61.007, 60.992, 59.925, 58.155, 60.056, 63.034, 64.451, 65.06, 65.167, 64.169, 60.813, 59.175, 59.191, 59.014, 58.76, 57.699, 56.489, 56.32, 55.64, 55.33, 55.089, 53.23, 53.265], [41.826, 42.57, 44.754, 47.414, 48.261, 45.939, 39.627, 32.313, 26.821, 21.962, 18.822, 17.368, 16.644, 12.702, 7.267, 4.279, 0.0, 4.213, 5.368, 6.31, 7.294, 7.333, 8.726, 10.476, 13.537, 15.48, 15.701, 16.367, 17.779, 18.574, 19.632, 20.753, 22.408, 22.983, 23.359, 23.614, 24.51, 25.307, 25.412, 26.383, 29.308, 34.036, 37.086, 38.714, 40.11, 40.787, 40.515, 42.197, 44.724, 45.742, 45.987, 46.166, 46.137, 46.463, 46.635, 46.786, 46.745, 49.618, 54.556, 57.746, 60.485, 61.517, 61.236, 60.807, 60.779, 59.688, 57.945, 59.979, 63.069, 64.527, 65.129, 65.27, 64.287, 60.778, 58.978, 58.962, 58.782, 58.519, 57.427, 56.182, 56.001, 55.302, 55.017, 54.776, 52.8, 52.8], [43.007, 43.778, 45.893, 48.442, 49.221, 46.839, 40.483, 33.159, 27.537, 22.237, 18.552, 16.995, 16.564, 13.189, 9.128, 7.541, 4.213, 0.0, 2.243, 3.734, 4.955, 4.963, 7.015, 9.532, 13.118, 15.146, 15.083, 15.86, 17.417, 18.167, 19.086, 19.989, 21.444, 22.123, 22.589, 22.943, 24.041, 25.004, 24.93, 25.716, 28.65, 33.514, 36.662, 38.286, 39.77, 40.601, 40.318, 41.866, 44.301, 45.318, 45.597, 45.804, 45.725, 46.059, 46.3, 46.467, 46.399, 49.301, 54.298, 57.486, 60.211, 61.239, 60.964, 60.534, 60.485, 59.411, 57.738, 59.804, 62.927, 64.397, 65.008, 65.149, 64.164, 60.656, 58.938, 59.068, 59.006, 58.84, 57.814, 56.521, 56.279, 55.615, 55.354, 55.062, 53.061, 53.088], [43.266, 44.015, 46.095, 48.635, 49.442, 47.065, 40.68, 33.354, 27.769, 22.45, 18.659, 16.997, 16.541, 13.416, 9.782, 8.338, 5.368, 2.243, 0.0, 2.795, 4.304, 4.597, 6.901, 9.507, 13.068, 15.129, 15.112, 15.854, 17.441, 18.241, 19.221, 20.064, 21.456, 22.08, 22.551, 22.947, 24.042, 25.004, 24.93, 25.701, 28.655, 33.531, 36.704, 38.389, 39.942, 40.835, 40.573, 42.103, 44.52, 45.515, 45.786, 45.991, 45.934, 46.275, 46.513, 46.678, 46.601, 49.455, 54.43, 57.648, 60.389, 61.405, 61.124, 60.701, 60.664, 59.588, 57.929, 60.032, 63.148, 64.609, 65.224, 65.383, 64.406, 60.946, 59.236, 59.346, 59.276, 59.091, 58.047, 56.751, 56.492, 55.825, 55.563, 55.264, 53.24, 53.262], [43.187, 43.94, 45.99, 48.488, 49.282, 46.903, 40.542, 33.262, 27.74, 22.502, 18.84, 17.428, 17.07, 13.925, 10.39, 9.069, 6.31, 3.734, 2.795, 0.0, 2.076, 2.931, 6.133, 9.083, 12.755, 14.639, 14.525, 15.327, 16.944, 17.738, 18.759, 19.588, 20.884, 21.564, 22.042, 22.443, 23.652, 24.752, 24.744, 25.583, 28.528, 33.313, 36.359, 37.923, 39.399, 40.204, 39.913, 41.495, 43.908, 44.892, 45.205, 45.423, 45.405, 45.88, 46.195, 46.377, 46.3, 49.188, 54.196, 57.432, 60.198, 61.201, 60.912, 60.489, 60.455, 59.375, 57.733, 59.825, 62.947, 64.436, 65.082, 65.205, 64.154, 60.638, 58.899, 59.022, 59.032, 58.939, 57.953, 56.712, 56.449, 55.765, 55.543, 55.274, 53.245, 53.259], [43.745, 44.52, 46.602, 49.116, 49.906, 47.497, 41.117, 33.791, 28.206, 22.94, 19.222, 17.777, 17.417, 14.291, 10.888, 9.737, 7.294, 4.955, 4.304, 2.076, 0.0, 2.482, 5.931, 9.09, 12.959, 14.822, 14.575, 15.333, 16.986, 17.799, 18.835, 19.638, 20.884, 21.634, 22.177, 22.564, 23.779, 24.913, 24.983, 25.842, 28.809, 33.658, 36.735, 38.296, 39.762, 40.541, 40.236, 41.851, 44.281, 45.273, 45.602, 45.826, 45.813, 46.319, 46.665, 46.859, 46.781, 49.669, 54.66, 57.863, 60.601, 61.587, 61.3, 60.878, 60.846, 59.786, 58.155, 60.172, 63.233, 64.716, 65.363, 65.457, 64.372, 60.879, 59.189, 59.338, 59.364, 59.281, 58.318, 57.134, 56.891, 56.204, 55.974, 55.695, 53.695, 53.721], [43.868, 44.628, 46.668, 49.161, 49.953, 47.573, 41.224, 33.893, 28.294, 23.065, 19.331, 17.719, 17.492, 14.489, 10.938, 9.767, 7.333, 4.963, 4.597, 2.931, 2.482, 0.0, 4.392, 8.209, 12.552, 14.648, 14.228, 15.06, 16.757, 17.505, 18.428, 19.24, 20.488, 21.239, 21.773, 22.191, 23.382, 24.503, 24.428, 25.192, 28.176, 33.152, 36.299, 37.86, 39.415, 40.362, 40.074, 41.635, 44.066, 45.069, 45.399, 45.627, 45.611, 46.106, 46.441, 46.649, 46.556, 49.466, 54.5, 57.69, 60.415, 61.412, 61.133, 60.709, 60.671, 59.602, 57.956, 59.958, 63.03, 64.525, 65.183, 65.26, 64.207, 60.728, 59.057, 59.241, 59.285, 59.234, 58.285, 57.048, 56.807, 56.121, 55.878, 55.605, 53.604, 53.635], [44.076, 44.911, 47.076, 49.584, 50.326, 47.974, 41.779, 34.56, 28.945, 23.881, 20.245, 18.335, 18.123, 15.292, 11.652, 10.519, 8.726, 7.015, 6.901, 6.133, 5.931, 4.392, 0.0, 5.903, 12.051, 14.852, 14.204, 14.973, 16.776, 17.366, 18.14, 19.125, 20.51, 21.312, 21.844, 22.1, 23.175, 24.224, 23.93, 24.299, 27.037, 32.152, 35.404, 36.919, 38.543, 39.745, 39.573, 41.123, 43.592, 44.652, 44.98, 45.213, 45.235, 45.678, 45.958, 46.192, 46.109, 48.982, 53.945, 57.017, 59.633, 60.629, 60.385, 59.969, 59.935, 58.906, 57.2, 58.954, 61.883, 63.358, 64.017, 64.076, 63.086, 59.886, 58.532, 58.822, 58.882, 58.863, 57.982, 56.794, 56.597, 55.961, 55.708, 55.424, 53.548, 53.624], [43.968, 44.852, 47.073, 49.759, 50.656, 48.366, 42.49, 35.866, 30.607, 25.863, 22.612, 20.814, 20.084, 17.168, 13.726, 12.243, 10.476, 9.532, 9.507, 9.083, 9.09, 8.209, 5.903, 0.0, 7.362, 11.345, 11.422, 12.453, 14.396, 15.083, 15.872, 17.079, 18.825, 19.642, 20.033, 20.182, 21.109, 22.053, 22.154, 23.069, 25.864, 30.762, 34.063, 35.881, 37.701, 38.847, 38.737, 40.497, 43.174, 44.377, 44.772, 45.016, 45.119, 45.604, 45.772, 46.014, 46.083, 49.319, 54.525, 57.738, 60.494, 61.622, 61.408, 61.0, 60.989, 59.981, 58.171, 59.773, 62.649, 64.082, 64.71, 64.915, 64.018, 60.746, 59.368, 59.624, 59.605, 59.458, 58.381, 57.063, 57.009, 56.308, 55.94, 55.676, 53.698, 53.744], [42.475, 43.366, 45.497, 48.415, 49.616, 47.385, 41.919, 36.265, 31.728, 27.411, 24.827, 23.843, 22.892, 20.061, 17.143, 15.416, 13.537, 13.118, 13.068, 12.755, 12.959, 12.552, 12.051, 7.362, 0.0, 5.499, 8.09, 9.923, 11.879, 13.124, 14.338, 15.684, 17.5, 18.04, 18.029, 18.153, 19.031, 19.824, 20.468, 22.445, 25.264, 29.17, 32.294, 34.6, 36.607, 37.452, 37.363, 39.374, 42.257, 43.537, 43.989, 44.262, 44.447, 45.099, 45.239, 45.471, 45.68, 49.266, 54.93, 58.575, 61.676, 62.931, 62.7, 62.283, 62.306, 61.203, 59.343, 61.23, 64.347, 65.858, 66.524, 66.904, 65.993, 62.194, 60.231, 60.262, 60.147, 59.84, 58.465, 56.923, 56.952, 56.095, 55.611, 55.406, 53.096, 53.007], [40.972, 41.858, 43.907, 46.914, 48.265, 46.042, 40.767, 35.515, 31.245, 27.038, 24.83, 24.641, 23.909, 21.143, 18.594, 17.164, 15.48, 15.146, 15.129, 14.639, 14.822, 14.648, 14.852, 11.345, 5.499, 0.0, 5.399, 8.121, 9.91, 11.572, 13.345, 14.842, 16.469, 16.813, 16.563, 16.659, 17.715, 18.629, 19.584, 22.134, 24.885, 28.134, 31.033, 33.415, 35.379, 36.005, 35.917, 38.006, 40.904, 42.169, 42.654, 42.932, 43.132, 43.949, 44.188, 44.418, 44.687, 48.401, 54.22, 58.096, 61.398, 62.666, 62.408, 61.973, 62.013, 60.857, 59.0, 61.121, 64.481, 66.116, 66.882, 67.308, 66.286, 62.135, 59.803, 59.75, 59.684, 59.41, 57.978, 56.378, 56.386, 55.441, 54.959, 54.794, 52.302, 52.135], [42.563, 43.509, 45.648, 48.527, 49.708, 47.448, 42.058, 36.355, 31.574, 26.947, 24.293, 23.874, 23.478, 20.736, 17.985, 16.965, 15.701, 15.083, 15.112, 14.525, 14.575, 14.228, 14.204, 11.422, 8.09, 5.399, 0.0, 3.989, 6.753, 8.536, 10.403, 12.019, 13.768, 14.364, 14.469, 14.64, 15.844, 17.087, 18.112, 20.686, 23.746, 27.835, 31.038, 33.193, 35.167, 36.073, 35.98, 37.966, 40.827, 42.111, 42.593, 42.875, 43.041, 43.846, 44.149, 44.381, 44.535, 48.376, 54.276, 57.96, 61.083, 62.279, 62.035, 61.603, 61.618, 60.497, 58.637, 60.473, 63.66, 65.256, 66.067, 66.439, 65.38, 61.424, 59.4, 59.546, 59.623, 59.521, 58.273, 56.725, 56.693, 55.85, 55.409, 55.204, 52.89, 52.81], [43.534, 44.469, 46.645, 49.487, 50.615, 48.361, 42.894, 36.976, 32.087, 27.443, 24.662, 24.095, 23.705, 20.969, 18.238, 17.358, 16.367, 15.86, 15.854, 15.327, 15.333, 15.06, 14.973, 12.453, 9.923, 8.121, 3.989, 0.0, 3.755, 6.069, 8.474, 10.345, 12.509, 13.33, 13.743, 13.949, 15.172, 16.551, 17.92, 20.782, 24.166, 28.717, 32.03, 34.098, 36.022, 36.933, 36.837, 38.842, 41.669, 42.913, 43.358, 43.639, 43.825, 44.621, 44.921, 45.128, 45.246, 49.099, 54.996, 58.577, 61.593, 62.735, 62.481, 62.057, 62.074, 60.959, 59.067, 60.767, 63.832, 65.395, 66.205, 66.568, 65.506, 61.658, 59.77, 59.933, 60.013, 59.919, 58.691, 57.173, 57.135, 56.321, 55.888, 55.68, 53.464, 53.41], [43.887, 44.797, 46.921, 49.769, 50.953, 48.786, 43.366, 37.441, 32.613, 28.12, 25.535, 25.165, 24.862, 22.155, 19.478, 18.643, 17.779, 17.417, 17.441, 16.944, 16.986, 16.757, 16.776, 14.396, 11.879, 9.91, 6.753, 3.755, 0.0, 3.398, 6.831, 9.192, 11.632, 12.338, 12.81, 13.103, 14.496, 16.068, 17.905, 21.323, 24.937, 29.586, 32.872, 34.881, 36.765, 37.597, 37.486, 39.527, 42.337, 43.561, 44.005, 44.281, 44.469, 45.348, 45.693, 45.893, 46.049, 49.934, 55.82, 59.399, 62.432, 63.565, 63.298, 62.867, 62.88, 61.73, 59.778, 61.505, 64.612, 66.209, 67.065, 67.448, 66.366, 62.411, 60.438, 60.574, 60.667, 60.561, 59.275, 57.701, 57.662, 56.814, 56.372, 56.196, 53.973, 53.902], [44.567, 45.449, 47.519, 50.247, 51.384, 49.335, 43.99, 37.941, 32.989, 28.583, 26.17, 25.9, 25.834, 23.167, 20.25, 19.385, 18.574, 18.167, 18.241, 17.738, 17.799, 17.505, 17.366, 15.083, 13.124, 11.572, 8.536, 6.069, 3.398, 0.0, 4.132, 7.135, 9.99, 10.742, 11.379, 11.826, 13.48, 15.345, 17.329, 20.858, 24.601, 29.636, 33.087, 35.023, 36.855, 37.711, 37.588, 39.615, 42.407, 43.65, 44.105, 44.387, 44.582, 45.491, 45.857, 46.057, 46.208, 50.122, 56.005, 59.534, 62.515, 63.637, 63.366, 62.928, 62.919, 61.752, 59.792, 61.48, 64.552, 66.132, 67.007, 67.381, 66.281, 62.323, 60.392, 60.566, 60.712, 60.654, 59.398, 57.848, 57.809, 56.979, 56.585, 56.431, 54.282, 54.219], [45.869, 46.711, 48.699, 51.305, 52.398, 50.437, 45.161, 39.007, 33.907, 29.503, 27.1, 26.771, 26.963, 24.449, 21.331, 20.431, 19.632, 19.086, 19.221, 18.759, 18.835, 18.428, 18.14, 15.872, 14.338, 13.345, 10.403, 8.474, 6.831, 4.132, 0.0, 4.265, 8.115, 9.085, 9.88, 10.406, 12.171, 14.273, 16.336, 19.936, 23.828, 29.329, 33.006, 34.93, 36.807, 37.79, 37.647, 39.632, 42.467, 43.788, 44.265, 44.553, 44.748, 45.649, 45.996, 46.199, 46.341, 50.39, 56.4, 59.908, 62.852, 63.998, 63.743, 63.312, 63.306, 62.156, 60.201, 61.79, 64.768, 66.295, 67.158, 67.523, 66.45, 62.578, 60.786, 61.045, 61.247, 61.239, 60.018, 58.468, 58.442, 57.655, 57.28, 57.116, 55.044, 55.017], [46.999, 47.761, 49.59, 52.057, 53.155, 51.25, 45.949, 39.679, 34.533, 30.196, 27.771, 27.326, 27.656, 25.382, 22.433, 21.625, 20.753, 19.989, 20.064, 19.588, 19.638, 19.24, 19.125, 17.079, 15.684, 14.842, 12.019, 10.345, 9.192, 7.135, 4.265, 0.0, 4.816, 6.54, 7.698, 8.512, 10.655, 13.105, 15.203, 18.896, 23.059, 28.99, 32.835, 34.779, 36.73, 37.798, 37.539, 39.441, 42.276, 43.59, 44.062, 44.364, 44.576, 45.529, 45.947, 46.163, 46.278, 50.405, 56.533, 60.057, 63.011, 64.194, 63.937, 63.518, 63.541, 62.497, 60.696, 62.291, 65.216, 66.725, 67.583, 67.933, 66.855, 63.026, 61.323, 61.646, 61.884, 61.908, 60.682, 59.103, 59.046, 58.239, 57.872, 57.691, 55.626, 55.611], [48.18, 48.935, 50.68, 53.086, 54.228, 52.393, 47.175, 40.995, 35.918, 31.577, 29.091, 28.642, 29.026, 26.896, 24.12, 23.344, 22.408, 21.444, 21.456, 20.884, 20.884, 20.488, 20.51, 18.825, 17.5, 16.469, 13.768, 12.509, 11.632, 9.99, 8.115, 4.816, 0.0, 3.475, 5.566, 6.946, 9.869, 12.557, 14.158, 17.724, 22.027, 28.161, 32.123, 34.066, 36.155, 37.41, 37.072, 38.852, 41.639, 42.946, 43.448, 43.763, 43.962, 45.014, 45.539, 45.763, 45.84, 49.998, 56.211, 59.745, 62.691, 63.911, 63.662, 63.236, 63.261, 62.321, 60.707, 62.324, 65.259, 66.789, 67.672, 68.008, 66.942, 63.192, 61.573, 61.975, 62.29, 62.373, 61.152, 59.484, 59.365, 58.585, 58.248, 58.05, 55.983, 55.99], [48.203, 48.978, 50.773, 53.324, 54.61, 52.858, 47.785, 41.75, 36.766, 32.4, 29.876, 29.419, 29.812, 27.687, 24.776, 23.852, 22.983, 22.123, 22.08, 21.564, 21.634, 21.239, 21.312, 19.642, 18.04, 16.813, 14.364, 13.33, 12.338, 10.742, 9.085, 6.54, 3.475, 0.0, 3.109, 5.318, 8.388, 11.121, 12.916, 16.984, 21.524, 27.768, 31.862, 34.024, 36.34, 37.727, 37.419, 39.172, 41.997, 43.345, 43.859, 44.162, 44.345, 45.403, 45.874, 46.085, 46.187, 50.322, 56.559, 60.177, 63.194, 64.444, 64.197, 63.765, 63.798, 62.821, 61.196, 62.929, 65.949, 67.513, 68.424, 68.785, 67.762, 64.033, 62.323, 62.674, 62.978, 63.007, 61.683, 59.901, 59.764, 59.005, 58.662, 58.473, 56.356, 56.352], [47.246, 48.014, 49.803, 52.447, 53.82, 52.111, 47.26, 41.569, 36.783, 32.536, 30.167, 29.89, 30.355, 28.291, 25.319, 24.263, 23.359, 22.589, 22.551, 22.042, 22.177, 21.773, 21.844, 20.033, 18.029, 16.563, 14.469, 13.743, 12.81, 11.379, 9.88, 7.698, 5.566, 3.109, 0.0, 3.082, 6.652, 9.682, 11.785, 16.316, 20.749, 26.705, 30.808, 33.13, 35.511, 36.867, 36.573, 38.322, 41.192, 42.589, 43.121, 43.425, 43.615, 44.698, 45.153, 45.383, 45.539, 49.701, 56.001, 59.726, 62.842, 64.13, 63.875, 63.441, 63.5, 62.512, 60.864, 62.718, 65.88, 67.518, 68.444, 68.804, 67.751, 63.917, 62.087, 62.394, 62.674, 62.667, 61.281, 59.439, 59.298, 58.516, 58.167, 57.997, 55.809, 55.782], [46.579, 47.391, 49.304, 52.05, 53.413, 51.697, 46.965, 41.444, 36.747, 32.595, 30.328, 30.134, 30.601, 28.503, 25.512, 24.45, 23.614, 22.943, 22.947, 22.443, 22.564, 22.191, 22.1, 20.182, 18.153, 16.659, 14.64, 13.949, 13.103, 11.826, 10.406, 8.512, 6.946, 5.318, 3.082, 0.0, 4.72, 8.151, 10.63, 15.461, 19.802, 25.669, 29.768, 32.139, 34.515, 35.832, 35.565, 37.412, 40.387, 41.835, 42.374, 42.673, 42.874, 43.935, 44.364, 44.616, 44.816, 49.025, 55.341, 59.04, 62.13, 63.427, 63.177, 62.747, 62.841, 61.9, 60.219, 61.977, 65.124, 66.811, 67.741, 68.079, 67.003, 63.202, 61.443, 61.757, 62.001, 61.954, 60.551, 58.716, 58.602, 57.841, 57.483, 57.307, 55.151, 55.148], [46.987, 47.8, 49.871, 52.819, 54.236, 52.519, 47.879, 42.485, 37.812, 33.701, 31.378, 30.903, 31.214, 29.192, 26.271, 25.198, 24.51, 24.041, 24.042, 23.652, 23.779, 23.382, 23.175, 21.109, 19.031, 17.715, 15.844, 15.172, 14.496, 13.48, 12.171, 10.655, 9.869, 8.388, 6.652, 4.72, 0.0, 4.244, 8.591, 14.393, 19.189, 25.383, 29.752, 32.499, 35.146, 36.54, 36.287, 38.166, 41.269, 42.803, 43.34, 43.648, 43.916, 44.896, 45.171, 45.416, 45.633, 49.783, 56.026, 59.69, 62.76, 64.093, 63.857, 63.44, 63.577, 62.694, 60.941, 62.487, 65.471, 67.116, 68.077, 68.486, 67.501, 63.862, 62.217, 62.504, 62.651, 62.479, 60.98, 59.126, 59.103, 58.362, 57.926, 57.729, 55.579, 55.586], [46.932, 47.765, 49.961, 53.098, 54.607, 52.916, 48.406, 43.228, 38.704, 34.689, 32.379, 31.736, 31.897, 29.892, 27.0, 25.883, 25.307, 25.004, 25.004, 24.752, 24.913, 24.503, 24.224, 22.053, 19.824, 18.629, 17.087, 16.551, 16.068, 15.345, 14.273, 13.105, 12.557, 11.121, 9.682, 8.151, 4.244, 0.0, 6.187, 12.786, 17.874, 24.198, 28.744, 31.834, 34.777, 36.309, 36.071, 38.006, 41.279, 42.898, 43.427, 43.725, 44.011, 44.898, 45.027, 45.238, 45.457, 49.518, 55.7, 59.389, 62.518, 63.949, 63.737, 63.334, 63.502, 62.68, 60.913, 62.359, 65.227, 66.814, 67.815, 68.411, 67.645, 64.16, 62.591, 62.848, 62.896, 62.587, 60.938, 58.948, 58.969, 58.237, 57.709, 57.493, 55.355, 55.39], [46.439, 47.295, 49.505, 52.59, 54.062, 52.39, 47.989, 42.978, 38.562, 34.58, 32.253, 31.588, 31.914, 30.062, 27.18, 26.056, 25.412, 24.93, 24.93, 24.744, 24.983, 24.428, 23.93, 22.154, 20.468, 19.584, 18.112, 17.92, 17.905, 17.329, 16.336, 15.203, 14.158, 12.916, 11.785, 10.63, 8.591, 6.187, 0.0, 7.299, 12.916, 19.959, 24.853, 28.018, 31.322, 33.432, 33.198, 34.959, 38.344, 40.043, 40.582, 40.87, 41.087, 41.851, 41.919, 42.105, 42.257, 46.212, 52.392, 56.073, 59.202, 60.748, 60.599, 60.193, 60.348, 59.598, 57.932, 59.407, 62.297, 63.872, 64.887, 65.626, 65.269, 62.162, 60.79, 61.132, 61.219, 60.956, 59.327, 57.156, 57.064, 56.448, 55.962, 55.702, 53.641, 53.746], [46.714, 47.556, 49.757, 52.625, 53.9, 52.258, 47.98, 43.058, 38.765, 34.979, 32.708, 31.925, 32.4, 30.783, 28.032, 27.028, 26.383, 25.716, 25.701, 25.583, 25.842, 25.192, 24.299, 23.069, 22.445, 22.134, 20.686, 20.782, 21.323, 20.858, 19.936, 18.896, 17.724, 16.984, 16.316, 15.461, 14.393, 12.786, 7.299, 0.0, 6.872, 15.752, 21.259, 24.399, 27.949, 30.828, 30.682, 32.166, 35.61, 37.369, 37.871, 38.154, 38.324, 38.767, 38.694, 38.87, 38.916, 42.624, 48.642, 52.175, 55.137, 56.734, 56.686, 56.312, 56.459, 55.863, 54.409, 55.825, 58.621, 60.13, 61.094, 61.846, 61.883, 59.56, 58.687, 59.15, 59.242, 59.054, 57.608, 55.486, 55.273, 54.831, 54.449, 54.12, 52.258, 52.451], [45.826, 46.73, 48.937, 51.694, 52.859, 51.28, 47.668, 43.702, 39.942, 36.627, 34.878, 34.549, 35.17, 33.691, 30.995, 29.951, 29.308, 28.65, 28.655, 28.528, 28.809, 28.176, 27.037, 25.864, 25.264, 24.885, 23.746, 24.166, 24.937, 24.601, 23.828, 23.059, 22.027, 21.524, 20.749, 19.802, 19.189, 17.874, 12.916, 6.872, 0.0, 10.241, 16.478, 19.923, 23.699, 27.124, 27.17, 28.468, 32.056, 33.957, 34.462, 34.722, 34.885, 35.16, 35.003, 35.22, 35.26, 38.834, 44.832, 48.402, 51.37, 53.021, 53.027, 52.679, 52.869, 52.392, 51.085, 52.539, 55.402, 56.977, 57.948, 58.718, 58.886, 56.906, 56.295, 56.865, 56.973, 56.837, 55.495, 53.379, 53.115, 52.759, 52.444, 52.108, 50.354, 50.594], [42.573, 43.557, 45.714, 48.516, 49.746, 48.232, 45.702, 43.814, 41.438, 38.921, 38.079, 38.666, 39.21, 37.942, 35.832, 34.804, 34.036, 33.514, 33.531, 33.313, 33.658, 33.152, 32.152, 30.762, 29.17, 28.134, 27.835, 28.717, 29.586, 29.636, 29.329, 28.99, 28.161, 27.768, 26.705, 25.669, 25.383, 24.198, 19.959, 15.752, 10.241, 0.0, 7.529, 12.754, 17.264, 21.006, 21.409, 22.597, 26.363, 28.424, 29.028, 29.291, 29.494, 29.84, 29.638, 29.914, 30.168, 33.746, 39.94, 43.98, 47.383, 49.224, 49.228, 48.856, 49.121, 48.617, 47.371, 49.264, 52.6, 54.447, 55.508, 56.447, 56.651, 54.351, 53.317, 53.827, 53.987, 53.854, 52.466, 50.184, 49.816, 49.467, 49.218, 48.962, 47.032, 47.204], [41.079, 42.119, 44.289, 47.028, 48.195, 46.728, 44.688, 43.803, 42.291, 40.36, 40.008, 40.973, 41.457, 40.266, 38.6, 37.791, 37.086, 36.662, 36.704, 36.359, 36.735, 36.299, 35.404, 34.063, 32.294, 31.033, 31.038, 32.03, 32.872, 33.087, 33.006, 32.835, 32.123, 31.862, 30.808, 29.768, 29.752, 28.744, 24.853, 21.259, 16.478, 7.529, 0.0, 6.637, 12.221, 16.65, 17.284, 18.426, 22.162, 24.165, 24.852, 25.116, 25.414, 25.985, 25.861, 26.154, 26.55, 30.268, 36.581, 40.755, 44.341, 46.36, 46.394, 46.013, 46.322, 45.829, 44.637, 46.676, 50.218, 52.207, 53.339, 54.372, 54.608, 52.122, 50.939, 51.589, 52.053, 52.118, 50.742, 48.29, 47.793, 47.463, 47.289, 47.119, 45.199, 45.358], [41.626, 42.702, 44.848, 47.243, 48.11, 46.673, 44.717, 43.867, 42.54, 40.908, 40.792, 41.951, 42.578, 41.375, 39.835, 39.276, 38.714, 38.286, 38.389, 37.923, 38.296, 37.86, 36.919, 35.881, 34.6, 33.415, 33.193, 34.098, 34.881, 35.023, 34.93, 34.779, 34.066, 34.024, 33.13, 32.139, 32.499, 31.834, 28.018, 24.399, 19.923, 12.754, 6.637, 0.0, 6.945, 12.994, 13.867, 14.772, 18.336, 20.221, 20.92, 21.201, 21.53, 22.311, 22.522, 22.846, 23.15, 27.081, 33.543, 37.489, 40.892, 42.955, 43.074, 42.704, 42.988, 42.55, 41.474, 43.445, 47.087, 49.166, 50.406, 51.373, 51.512, 49.036, 48.105, 49.093, 50.01, 50.585, 49.574, 47.168, 46.522, 46.303, 46.325, 46.213, 44.551, 44.755], [40.649, 41.652, 43.62, 45.603, 46.161, 44.781, 43.126, 42.627, 41.682, 40.579, 41.067, 42.82, 43.606, 42.392, 40.99, 40.602, 40.11, 39.77, 39.942, 39.399, 39.762, 39.415, 38.543, 37.701, 36.607, 35.379, 35.167, 36.022, 36.765, 36.855, 36.807, 36.73, 36.155, 36.34, 35.511, 34.515, 35.146, 34.777, 31.322, 27.949, 23.699, 17.264, 12.221, 6.945, 0.0, 7.304, 8.91, 9.967, 13.675, 15.589, 16.261, 16.567, 16.894, 17.776, 18.441, 18.855, 19.135, 23.196, 29.913, 33.927, 37.325, 39.302, 39.432, 39.08, 39.347, 38.84, 37.965, 40.432, 44.491, 46.748, 48.064, 48.917, 48.667, 45.883, 44.843, 45.835, 46.915, 47.896, 47.393, 45.364, 44.597, 44.42, 44.702, 44.674, 43.146, 43.277], [38.201, 39.1, 40.861, 42.633, 43.086, 41.734, 40.458, 40.627, 40.223, 39.671, 40.852, 43.309, 44.103, 42.813, 41.611, 41.296, 40.787, 40.601, 40.835, 40.204, 40.541, 40.362, 39.745, 38.847, 37.452, 36.005, 36.073, 36.933, 37.597, 37.711, 37.79, 37.798, 37.41, 37.727, 36.867, 35.832, 36.54, 36.309, 33.432, 30.828, 27.124, 21.006, 16.65, 12.994, 7.304, 0.0, 3.519, 7.286, 11.493, 13.306, 13.994, 14.341, 14.811, 16.129, 17.222, 17.717, 18.218, 22.284, 28.995, 33.283, 36.956, 38.854, 38.849, 38.473, 38.746, 38.073, 37.289, 40.44, 44.857, 47.218, 48.502, 49.354, 48.687, 45.119, 43.422, 44.035, 44.964, 45.957, 45.635, 44.075, 43.383, 42.988, 43.382, 43.481, 41.788, 41.75], [38.312, 39.187, 40.865, 42.605, 43.078, 41.703, 40.359, 40.468, 40.009, 39.434, 40.601, 43.026, 43.85, 42.575, 41.358, 41.043, 40.515, 40.318, 40.573, 39.913, 40.236, 40.074, 39.573, 38.737, 37.363, 35.917, 35.98, 36.837, 37.486, 37.588, 37.647, 37.539, 37.072, 37.419, 36.573, 35.565, 36.287, 36.071, 33.198, 30.682, 27.17, 21.409, 17.284, 13.867, 8.91, 3.519, 0.0, 5.703, 10.653, 12.626, 13.389, 13.757, 14.258, 15.845, 17.12, 17.652, 18.185, 22.353, 29.067, 33.289, 37.032, 39.027, 38.999, 38.631, 38.91, 38.355, 37.652, 40.715, 45.026, 47.34, 48.594, 49.477, 48.872, 45.28, 43.703, 44.413, 45.332, 46.289, 45.905, 44.306, 43.679, 43.236, 43.582, 43.686, 41.97, 41.984], [40.002, 40.905, 42.512, 44.141, 44.537, 43.165, 41.947, 42.18, 41.629, 40.859, 41.854, 44.182, 45.133, 44.129, 43.043, 42.751, 42.197, 41.866, 42.103, 41.495, 41.851, 41.635, 41.123, 40.497, 39.374, 38.006, 37.966, 38.842, 39.527, 39.615, 39.632, 39.441, 38.852, 39.172, 38.322, 37.412, 38.166, 38.006, 34.959, 32.166, 28.468, 22.597, 18.426, 14.772, 9.967, 7.286, 5.703, 0.0, 5.962, 9.012, 10.142, 10.525, 10.862, 12.677, 14.14, 14.726, 15.191, 19.452, 26.409, 30.623, 34.429, 36.586, 36.615, 36.239, 36.526, 36.184, 35.547, 38.418, 42.831, 45.193, 46.497, 47.42, 46.964, 43.676, 42.639, 43.876, 45.06, 46.248, 46.068, 44.257, 43.511, 43.402, 43.876, 43.917, 42.334, 42.486], [41.348, 42.281, 43.822, 45.223, 45.415, 44.041, 42.981, 43.442, 43.011, 42.301, 43.388, 45.879, 46.93, 46.169, 45.422, 45.293, 44.724, 44.301, 44.52, 43.908, 44.281, 44.066, 43.592, 43.174, 42.257, 40.904, 40.827, 41.669, 42.337, 42.407, 42.467, 42.276, 41.639, 41.997, 41.192, 40.387, 41.269, 41.279, 38.344, 35.61, 32.056, 26.363, 22.162, 18.336, 13.675, 11.493, 10.653, 5.962, 0.0, 4.2, 5.947, 6.457, 6.97, 9.878, 11.988, 12.603, 12.995, 17.09, 24.018, 28.195, 31.977, 34.114, 34.117, 33.678, 33.93, 33.619, 33.014, 35.928, 40.66, 43.166, 44.545, 45.428, 44.826, 41.388, 40.446, 42.048, 43.647, 45.235, 45.408, 43.691, 42.829, 42.981, 43.795, 43.889, 42.426, 42.613], [41.261, 42.181, 43.672, 44.908, 44.964, 43.587, 42.586, 43.19, 42.973, 42.495, 43.787, 46.421, 47.492, 46.829, 46.304, 46.312, 45.742, 45.318, 45.515, 44.892, 45.273, 45.069, 44.652, 44.377, 43.537, 42.169, 42.111, 42.913, 43.561, 43.65, 43.788, 43.59, 42.946, 43.345, 42.589, 41.835, 42.803, 42.898, 40.043, 37.369, 33.957, 28.424, 24.165, 20.221, 15.589, 13.306, 12.626, 9.012, 4.2, 0.0, 2.338, 3.341, 5.041, 9.077, 11.683, 12.278, 12.645, 16.322, 22.988, 27.196, 30.975, 32.998, 32.922, 32.438, 32.674, 32.276, 31.741, 34.924, 39.869, 42.482, 43.895, 44.727, 43.996, 40.326, 39.069, 40.585, 42.399, 44.222, 44.553, 43.02, 42.146, 42.266, 43.289, 43.524, 42.081, 42.212], [41.101, 42.005, 43.487, 44.66, 44.654, 43.283, 42.302, 42.93, 42.792, 42.429, 43.807, 46.473, 47.563, 46.946, 46.481, 46.531, 45.987, 45.597, 45.786, 45.205, 45.602, 45.399, 44.98, 44.772, 43.989, 42.654, 42.593, 43.358, 44.005, 44.105, 44.265, 44.062, 43.448, 43.859, 43.121, 42.374, 43.34, 43.427, 40.582, 37.871, 34.462, 29.028, 24.852, 20.92, 16.261, 13.994, 13.389, 10.142, 5.947, 2.338, 0.0, 1.886, 4.587, 8.692, 11.41, 11.993, 12.302, 15.692, 22.269, 26.491, 30.261, 32.241, 32.137, 31.645, 31.894, 31.492, 31.023, 34.347, 39.36, 42.018, 43.441, 44.243, 43.455, 39.787, 38.493, 39.952, 41.776, 43.654, 44.053, 42.623, 41.743, 41.842, 42.921, 43.215, 41.845, 41.968], [41.073, 41.979, 43.467, 44.641, 44.628, 43.261, 42.315, 42.971, 42.855, 42.505, 43.905, 46.603, 47.701, 47.1, 46.643, 46.692, 46.166, 45.804, 45.991, 45.423, 45.826, 45.627, 45.213, 45.016, 44.262, 42.932, 42.875, 43.639, 44.281, 44.387, 44.553, 44.364, 43.763, 44.162, 43.425, 42.673, 43.648, 43.725, 40.87, 38.154, 34.722, 29.291, 25.116, 21.201, 16.567, 14.341, 13.757, 10.525, 6.457, 3.341, 1.886, 0.0, 3.52, 8.045, 10.872, 11.47, 11.825, 15.209, 21.73, 25.971, 29.797, 31.788, 31.682, 31.181, 31.433, 31.058, 30.581, 33.918, 38.955, 41.631, 43.058, 43.862, 43.088, 39.467, 38.245, 39.749, 41.578, 43.451, 43.845, 42.384, 41.474, 41.602, 42.697, 42.976, 41.664, 41.865], [41.227, 42.113, 43.549, 44.669, 44.621, 43.245, 42.287, 42.929, 42.798, 42.371, 43.727, 46.489, 47.637, 47.033, 46.594, 46.673, 46.137, 45.725, 45.934, 45.405, 45.813, 45.611, 45.235, 45.119, 44.447, 43.132, 43.041, 43.825, 44.469, 44.582, 44.748, 44.576, 43.962, 44.345, 43.615, 42.874, 43.916, 44.011, 41.087, 38.324, 34.885, 29.494, 25.414, 21.53, 16.894, 14.811, 14.258, 10.862, 6.97, 5.041, 4.587, 3.52, 0.0, 5.496, 9.011, 9.715, 10.089, 13.721, 20.494, 24.761, 28.69, 30.721, 30.623, 30.134, 30.336, 29.976, 29.623, 33.326, 38.607, 41.334, 42.767, 43.529, 42.726, 39.096, 37.889, 39.454, 41.256, 43.117, 43.544, 41.942, 40.885, 41.124, 42.254, 42.458, 41.207, 41.524], [41.698, 42.529, 43.974, 45.017, 44.849, 43.475, 42.519, 43.142, 43.052, 42.671, 43.994, 46.687, 47.823, 47.238, 46.845, 46.967, 46.463, 46.059, 46.275, 45.88, 46.319, 46.106, 45.678, 45.604, 45.099, 43.949, 43.846, 44.621, 45.348, 45.491, 45.649, 45.529, 45.014, 45.403, 44.698, 43.935, 44.896, 44.898, 41.851, 38.767, 35.16, 29.84, 25.985, 22.311, 17.776, 16.129, 15.845, 12.677, 9.878, 9.077, 8.692, 8.045, 5.496, 0.0, 4.443, 5.509, 6.028, 10.367, 17.755, 22.102, 26.129, 28.323, 28.313, 27.879, 28.059, 27.85, 27.736, 31.781, 37.261, 39.962, 41.333, 42.127, 41.524, 38.352, 37.409, 38.898, 40.461, 42.174, 42.662, 40.999, 39.844, 40.322, 41.521, 41.637, 40.573, 40.98], [41.822, 42.652, 44.182, 45.342, 45.219, 43.885, 42.989, 43.675, 43.629, 43.257, 44.517, 47.059, 48.094, 47.487, 47.051, 47.115, 46.635, 46.3, 46.513, 46.195, 46.665, 46.441, 45.958, 45.772, 45.239, 44.188, 44.149, 44.921, 45.693, 45.857, 45.996, 45.947, 45.539, 45.874, 45.153, 44.364, 45.171, 45.027, 41.919, 38.694, 35.003, 29.638, 25.861, 22.522, 18.441, 17.222, 17.12, 14.14, 11.988, 11.683, 11.41, 10.872, 9.011, 4.443, 0.0, 1.921, 3.579, 9.136, 16.947, 21.501, 25.693, 28.099, 28.179, 27.743, 27.911, 27.764, 27.468, 31.199, 36.571, 39.159, 40.445, 41.421, 41.234, 38.542, 37.823, 39.201, 40.542, 41.995, 42.296, 40.486, 39.388, 40.067, 41.275, 41.363, 40.34, 40.79], [41.869, 42.69, 44.222, 45.384, 45.28, 43.984, 43.106, 43.806, 43.801, 43.448, 44.699, 47.229, 48.251, 47.634, 47.192, 47.252, 46.786, 46.467, 46.678, 46.377, 46.859, 46.649, 46.192, 46.014, 45.471, 44.418, 44.381, 45.128, 45.893, 46.057, 46.199, 46.163, 45.763, 46.085, 45.383, 44.616, 45.416, 45.238, 42.105, 38.87, 35.22, 29.914, 26.154, 22.846, 18.855, 17.717, 17.652, 14.726, 12.603, 12.278, 11.993, 11.47, 9.715, 5.509, 1.921, 0.0, 2.756, 8.706, 16.631, 21.206, 25.416, 27.876, 27.968, 27.526, 27.68, 27.509, 27.194, 30.954, 36.372, 38.937, 40.24, 41.304, 41.175, 38.511, 37.774, 39.112, 40.448, 41.897, 42.152, 40.251, 39.116, 39.844, 41.098, 41.21, 40.208, 40.657], [42.446, 43.288, 44.839, 45.923, 45.729, 44.404, 43.415, 43.941, 43.832, 43.433, 44.623, 47.095, 48.168, 47.581, 47.107, 47.178, 46.745, 46.399, 46.601, 46.3, 46.781, 46.556, 46.109, 46.083, 45.68, 44.687, 44.535, 45.246, 46.049, 46.208, 46.341, 46.278, 45.84, 46.187, 45.539, 44.816, 45.633, 45.457, 42.257, 38.916, 35.26, 30.168, 26.55, 23.15, 19.135, 18.218, 18.185, 15.191, 12.995, 12.645, 12.302, 11.825, 10.089, 6.028, 3.579, 2.756, 0.0, 7.253, 15.738, 20.275, 24.389, 26.828, 26.932, 26.483, 26.613, 26.483, 26.298, 30.049, 35.414, 37.949, 39.297, 40.344, 40.189, 37.642, 37.099, 38.557, 39.976, 41.539, 41.933, 40.086, 38.906, 39.697, 40.978, 41.074, 40.191, 40.679], [43.27, 44.0, 45.384, 46.148, 45.725, 44.536, 44.005, 45.106, 45.506, 45.536, 47.006, 49.566, 50.646, 50.248, 49.963, 50.049, 49.618, 49.301, 49.455, 49.188, 49.669, 49.466, 48.982, 49.319, 49.266, 48.401, 48.376, 49.099, 49.934, 50.122, 50.39, 50.405, 49.998, 50.322, 49.701, 49.025, 49.783, 49.518, 46.212, 42.624, 38.834, 33.746, 30.268, 27.081, 23.196, 22.284, 22.353, 19.452, 17.09, 16.322, 15.692, 15.209, 13.721, 10.367, 9.136, 8.706, 7.253, 0.0, 9.157, 14.442, 19.146, 21.691, 21.735, 21.293, 21.511, 21.731, 22.369, 27.216, 33.055, 35.749, 37.201, 38.229, 38.106, 35.99, 35.613, 37.033, 38.497, 40.2, 40.926, 39.363, 37.987, 38.927, 40.428, 40.561, 39.961, 40.472], [46.169, 46.757, 47.962, 48.359, 47.642, 46.625, 46.625, 48.287, 49.176, 49.676, 51.409, 53.994, 55.002, 54.786, 54.782, 54.958, 54.556, 54.298, 54.43, 54.196, 54.66, 54.5, 53.945, 54.525, 54.93, 54.22, 54.276, 54.996, 55.82, 56.005, 56.4, 56.533, 56.211, 56.559, 56.001, 55.341, 56.026, 55.7, 52.392, 48.642, 44.832, 39.94, 36.581, 33.543, 29.913, 28.995, 29.067, 26.409, 24.018, 22.988, 22.269, 21.73, 20.494, 17.755, 16.947, 16.631, 15.738, 9.157, 0.0, 6.792, 12.653, 15.504, 15.519, 15.143, 15.597, 16.888, 18.906, 24.553, 30.697, 33.456, 34.925, 35.988, 36.048, 34.707, 34.89, 36.416, 37.938, 39.745, 40.824, 39.632, 38.153, 39.257, 40.953, 41.11, 40.985, 41.591], [50.158, 50.778, 52.063, 52.303, 51.353, 50.358, 50.345, 51.766, 52.486, 52.972, 54.572, 56.935, 57.93, 57.737, 57.771, 58.044, 57.746, 57.486, 57.648, 57.432, 57.863, 57.69, 57.017, 57.738, 58.575, 58.096, 57.96, 58.577, 59.399, 59.534, 59.908, 60.057, 59.74