[[0.0, 6.318, 9.394, 11.658, 14.087, 16.381, 17.737, 23.199, 25.274, 25.106, 25.181, 28.377, 29.004, 29.731, 29.382, 31.342, 32.607, 34.108, 34.586, 35.803, 39.51, 42.281, 44.691, 44.626, 43.35, 42.612, 42.447, 42.566, 42.042, 41.35, 41.294, 40.331, 40.089, 40.362, 40.516, 41.204, 42.318, 43.552, 44.443, 45.121, 44.63, 44.885, 44.641, 45.265, 44.012, 42.254, 42.837, 42.747, 43.816, 43.837, 44.763, 45.354, 45.7, 44.891, 44.231, 44.968, 45.576, 46.222, 47.025, 46.226, 45.345, 45.299, 45.626, 45.486, 45.942, 45.942, 44.912, 46.072, 47.372, 47.845, 48.768, 49.359, 49.278, 49.323, 48.721, 47.101, 46.484, 46.918, 46.4, 46.691, 47.049, 46.778, 46.935, 47.557, 47.861, 46.818], [6.318, 0.0, 4.814, 7.918, 11.079, 13.994, 16.046, 22.427, 24.126, 23.619, 23.909, 27.541, 28.251, 28.972, 28.784, 31.226, 32.695, 34.013, 34.407, 35.783, 39.668, 42.526, 44.633, 44.162, 42.619, 41.723, 41.494, 41.508, 41.012, 40.379, 40.193, 39.011, 38.727, 39.113, 39.407, 40.474, 41.818, 43.013, 43.89, 44.663, 44.259, 44.478, 44.227, 44.966, 43.706, 42.032, 42.651, 42.55, 43.824, 43.994, 45.006, 45.758, 46.236, 45.329, 44.527, 45.211, 45.817, 46.594, 47.477, 46.423, 45.373, 45.283, 45.39, 45.115, 45.509, 45.623, 44.946, 45.908, 46.882, 47.251, 48.112, 48.709, 48.626, 48.663, 48.086, 46.59, 46.147, 46.594, 46.115, 46.334, 46.634, 46.365, 46.448, 47.059, 47.308, 46.398], [9.394, 4.814, 0.0, 4.543, 8.784, 12.317, 14.874, 21.81, 23.794, 23.42, 23.938, 27.718, 28.528, 29.141, 28.912, 31.551, 33.077, 34.395, 34.718, 36.025, 39.799, 42.556, 44.54, 43.706, 41.913, 40.959, 40.783, 40.893, 40.395, 39.792, 39.475, 38.101, 37.918, 38.422, 38.717, 40.033, 41.799, 43.176, 44.085, 44.864, 44.453, 44.634, 44.36, 45.128, 43.874, 42.138, 42.712, 42.602, 43.982, 44.199, 45.256, 46.049, 46.551, 45.552, 44.531, 45.18, 45.933, 46.908, 47.842, 46.722, 45.707, 45.708, 45.761, 45.395, 45.791, 45.969, 45.38, 46.245, 47.096, 47.457, 48.359, 49.011, 48.896, 48.919, 48.418, 47.009, 46.615, 47.024, 46.546, 46.803, 47.112, 46.836, 46.841, 47.474, 47.763, 46.832], [11.658, 7.918, 4.543, 0.0, 6.094, 10.851, 14.131, 21.756, 23.972, 23.691, 24.257, 28.107, 28.988, 29.617, 29.448, 32.126, 33.616, 34.846, 35.139, 36.366, 39.916, 42.38, 44.068, 42.883, 40.833, 39.817, 39.667, 39.9, 39.48, 38.878, 38.46, 37.016, 36.999, 37.612, 37.917, 39.349, 41.408, 43.076, 44.117, 44.925, 44.488, 44.647, 44.431, 45.23, 43.969, 42.146, 42.705, 42.569, 43.922, 44.167, 45.229, 46.02, 46.487, 45.455, 44.371, 45.036, 45.882, 46.982, 48.016, 46.909, 45.856, 45.836, 45.872, 45.486, 45.919, 46.173, 45.585, 46.37, 47.073, 47.293, 48.109, 48.773, 48.665, 48.649, 48.18, 46.82, 46.433, 46.853, 46.404, 46.744, 47.094, 46.825, 46.824, 47.496, 47.823, 46.82], [14.087, 11.079, 8.784, 6.094, 0.0, 7.098, 12.807, 21.077, 23.712, 23.499, 23.973, 28.003, 28.962, 29.668, 29.555, 32.289, 33.718, 35.031, 35.352, 36.481, 39.813, 42.067, 43.675, 42.344, 40.184, 39.153, 39.037, 39.38, 39.01, 38.458, 38.089, 36.786, 36.936, 37.544, 37.847, 39.273, 41.38, 43.174, 44.4, 45.338, 44.892, 45.086, 44.75, 45.354, 44.063, 42.234, 42.814, 42.668, 44.013, 44.251, 45.337, 46.113, 46.55, 45.602, 44.702, 45.564, 46.49, 47.556, 48.531, 47.47, 46.462, 46.399, 46.463, 46.061, 46.538, 46.772, 46.011, 46.802, 47.534, 47.653, 48.417, 49.068, 49.002, 49.076, 48.613, 47.212, 46.941, 47.565, 47.156, 47.52, 47.884, 47.65, 47.765, 48.516, 48.876, 47.842], [16.381, 13.994, 12.317, 10.851, 7.098, 0.0, 9.56, 19.26, 21.871, 21.791, 22.219, 26.794, 27.794, 28.738, 28.592, 31.595, 33.095, 34.561, 34.939, 36.017, 39.667, 42.08, 43.937, 42.702, 40.48, 39.373, 39.224, 39.615, 39.169, 38.596, 38.221, 36.93, 37.333, 38.097, 38.481, 39.9, 42.004, 43.79, 44.935, 46.009, 45.608, 45.807, 45.436, 45.744, 44.491, 42.628, 43.155, 42.764, 44.141, 44.489, 45.627, 46.385, 46.774, 45.974, 44.97, 45.749, 46.659, 47.668, 48.624, 47.617, 46.627, 46.59, 46.735, 46.454, 46.99, 47.273, 46.265, 46.881, 47.528, 47.527, 48.188, 48.831, 48.792, 48.997, 48.602, 47.064, 47.035, 47.935, 47.487, 47.918, 48.339, 48.15, 48.497, 49.457, 49.845, 48.821], [17.737, 16.046, 14.874, 14.131, 12.807, 9.56, 0.0, 11.879, 15.719, 16.564, 17.495, 22.015, 22.985, 24.127, 23.891, 26.955, 28.634, 30.067, 30.402, 31.857, 37.405, 41.11, 43.324, 42.509, 40.776, 39.801, 39.574, 40.052, 39.67, 38.957, 38.446, 37.258, 37.178, 37.817, 38.322, 39.385, 41.13, 42.678, 43.536, 44.406, 44.087, 44.214, 43.946, 44.229, 42.979, 41.301, 41.594, 40.915, 42.248, 42.722, 43.837, 44.62, 45.108, 44.423, 43.171, 43.692, 44.696, 45.811, 46.513, 45.38, 44.568, 44.796, 44.973, 44.763, 45.286, 45.357, 44.503, 45.142, 45.998, 46.557, 47.516, 48.194, 48.119, 48.229, 47.676, 45.933, 45.582, 46.288, 45.827, 46.252, 46.644, 46.397, 46.862, 47.735, 48.108, 47.338], [23.199, 22.427, 21.81, 21.756, 21.077, 19.26, 11.879, 0.0, 8.665, 14.212, 16.863, 20.766, 21.551, 22.467, 22.056, 25.125, 26.53, 27.715, 28.224, 30.946, 38.329, 42.799, 44.782, 44.207, 43.239, 42.541, 42.267, 42.989, 42.952, 42.332, 41.887, 41.377, 41.138, 41.588, 42.213, 42.729, 43.662, 44.651, 45.274, 46.042, 45.708, 45.762, 45.548, 45.749, 44.605, 43.404, 43.464, 42.804, 44.085, 44.341, 45.213, 46.079, 46.71, 45.878, 44.423, 44.8, 45.992, 47.102, 47.295, 46.255, 46.075, 46.662, 46.592, 46.22, 46.864, 46.63, 45.647, 46.255, 47.551, 48.621, 49.75, 50.368, 50.146, 50.217, 49.473, 47.664, 47.238, 47.869, 47.473, 47.678, 47.989, 47.811, 48.423, 49.223, 49.668, 49.183], [25.274, 24.126, 23.794, 23.972, 23.712, 21.871, 15.719, 8.665, 0.0, 8.745, 13.894, 18.438, 19.18, 20.135, 19.794, 23.542, 25.177, 26.378, 27.068, 30.949, 39.544, 44.163, 45.623, 44.933, 43.939, 43.099, 42.675, 43.283, 43.457, 42.932, 42.392, 41.672, 41.122, 41.559, 42.28, 42.814, 43.45, 44.057, 44.538, 45.489, 45.4, 45.308, 45.577, 46.416, 45.226, 44.298, 44.311, 43.63, 45.095, 45.458, 46.285, 47.159, 47.864, 46.679, 44.673, 44.747, 45.791, 46.751, 46.794, 45.591, 45.434, 46.008, 45.602, 45.135, 45.723, 45.659, 45.121, 45.419, 46.33, 47.2, 48.158, 48.725, 48.468, 48.447, 47.676, 46.008, 45.638, 46.165, 45.792, 45.747, 45.985, 45.893, 46.402, 47.036, 47.379, 47.005], [25.106, 23.619, 23.42, 23.691, 23.499, 21.791, 16.564, 14.212, 8.745, 0.0, 9.395, 15.848, 16.337, 17.595, 17.272, 21.916, 24.244, 26.038, 26.559, 30.553, 39.712, 44.588, 45.997, 45.278, 44.087, 43.134, 42.731, 43.22, 43.366, 42.744, 42.061, 40.612, 39.396, 39.897, 40.598, 41.285, 42.123, 42.651, 43.037, 44.003, 44.084, 43.95, 44.177, 45.636, 44.364, 43.296, 43.45, 42.743, 44.537, 45.094, 46.071, 46.9, 47.737, 46.413, 43.95, 43.829, 44.685, 45.563, 45.774, 44.351, 43.745, 44.064, 43.616, 43.286, 43.646, 43.745, 43.857, 43.982, 44.471, 45.192, 46.142, 46.796, 46.584, 46.385, 45.491, 43.962, 43.665, 44.017, 43.664, 43.483, 43.562, 43.367, 43.458, 43.843, 44.034, 43.689], [25.181, 23.909, 23.938, 24.257, 23.973, 22.219, 17.495, 16.863, 13.894, 9.395, 0.0, 9.004, 10.049, 11.479, 11.807, 16.606, 19.309, 21.171, 22.147, 25.516, 34.151, 39.243, 40.971, 40.734, 39.931, 39.151, 38.622, 39.116, 39.259, 38.711, 38.462, 37.788, 37.079, 37.37, 37.834, 38.284, 38.828, 39.311, 39.622, 40.463, 40.49, 40.445, 40.512, 41.649, 41.029, 40.466, 40.661, 40.148, 41.606, 42.098, 42.978, 43.928, 44.698, 43.892, 42.719, 43.012, 43.758, 44.503, 44.584, 43.34, 43.028, 43.326, 43.092, 42.788, 43.162, 43.003, 42.713, 43.435, 44.572, 45.481, 46.51, 47.009, 46.721, 46.674, 45.958, 44.196, 43.759, 44.316, 43.948, 43.838, 43.967, 43.796, 44.393, 45.048, 45.308, 45.128], [28.377, 27.541, 27.718, 28.107, 28.003, 26.794, 22.015, 20.766, 18.438, 15.848, 9.004, 0.0, 3.39, 5.348, 7.143, 11.218, 13.898, 15.445, 16.743, 20.451, 30.109, 36.022, 37.665, 38.071, 37.9, 37.247, 36.439, 36.808, 37.213, 36.814, 36.701, 36.728, 35.86, 35.648, 36.013, 35.88, 35.648, 35.775, 35.976, 36.634, 36.713, 36.598, 37.006, 38.145, 37.999, 38.659, 38.652, 38.234, 39.318, 39.905, 40.582, 41.446, 42.176, 41.617, 41.362, 41.854, 42.474, 43.056, 42.779, 41.582, 41.821, 42.344, 41.942, 41.484, 41.985, 41.615, 41.57, 42.823, 44.37, 45.617, 46.794, 47.066, 46.667, 46.623, 45.956, 44.095, 43.126, 43.544, 43.149, 42.941, 43.106, 43.002, 44.02, 44.745, 45.099, 45.326], [29.004, 28.251, 28.528, 28.988, 28.962, 27.794, 22.985, 21.551, 19.18, 16.337, 10.049, 3.39, 0.0, 4.291, 6.495, 11.049, 13.802, 15.479, 16.794, 20.678, 30.709, 36.774, 38.423, 38.874, 38.721, 38.047, 37.233, 37.6, 38.01, 37.56, 37.393, 37.302, 36.305, 36.142, 36.53, 36.328, 36.015, 36.057, 36.189, 36.805, 36.893, 36.785, 37.202, 38.445, 38.264, 38.957, 39.038, 38.558, 39.679, 40.302, 41.017, 41.863, 42.581, 42.008, 41.651, 42.075, 42.646, 43.194, 42.918, 41.689, 41.849, 42.321, 41.885, 41.485, 41.973, 41.584, 41.604, 42.801, 44.321, 45.604, 46.77, 47.025, 46.618, 46.505, 45.785, 43.944, 42.959, 43.357, 42.956, 42.681, 42.809, 42.704, 43.702, 44.415, 44.755, 45.042], [29.731, 28.972, 29.141, 29.617, 29.668, 28.738, 24.127, 22.467, 20.135, 17.595, 11.479, 5.348, 4.291, 0.0, 4.248, 9.283, 12.19, 13.62, 14.961, 19.372, 29.657, 35.886, 37.29, 37.756, 37.767, 37.159, 36.334, 36.749, 37.273, 36.916, 36.862, 36.917, 35.924, 35.591, 35.898, 35.627, 35.164, 35.065, 35.166, 35.729, 35.822, 35.68, 36.153, 37.541, 37.551, 38.435, 38.505, 38.374, 39.539, 40.118, 40.752, 41.72, 42.58, 41.935, 41.666, 42.107, 42.742, 43.324, 42.996, 41.767, 42.053, 42.524, 41.946, 41.425, 41.928, 41.512, 41.639, 43.035, 44.65, 45.933, 47.132, 47.391, 46.916, 46.823, 46.16, 44.476, 43.487, 43.732, 43.328, 43.018, 43.13, 43.051, 44.005, 44.651, 45.001, 45.28], [29.382, 28.784, 28.912, 29.448, 29.555, 28.592, 23.891, 22.056, 19.794, 17.272, 11.807, 7.143, 6.495, 4.248, 0.0, 7.468, 11.11, 13.498, 14.765, 18.897, 29.294, 35.541, 37.43, 38.188, 38.268, 37.754, 37.13, 37.609, 37.972, 37.606, 37.49, 37.505, 36.519, 36.202, 36.493, 36.238, 35.945, 36.013, 36.136, 36.628, 36.646, 36.545, 37.02, 38.274, 38.055, 38.679, 38.791, 38.612, 39.816, 40.42, 41.148, 42.098, 42.92, 42.225, 41.758, 42.193, 42.903, 43.496, 43.187, 41.982, 42.225, 42.782, 42.323, 41.822, 42.333, 41.892, 41.972, 43.376, 45.016, 46.337, 47.606, 47.964, 47.521, 47.451, 46.778, 44.971, 43.886, 44.069, 43.638, 43.371, 43.462, 43.357, 44.198, 44.737, 45.048, 45.25], [31.342, 31.226, 31.551, 32.126, 32.289, 31.595, 26.955, 25.125, 23.542, 21.916, 16.606, 11.218, 11.049, 9.283, 7.468, 0.0, 5.349, 9.943, 12.449, 15.247, 25.475, 31.838, 34.413, 36.434, 37.086, 36.792, 36.158, 36.524, 36.802, 36.536, 36.603, 37.353, 36.536, 35.937, 36.101, 35.369, 34.566, 34.6, 34.776, 35.04, 35.016, 34.961, 35.745, 36.852, 36.699, 37.614, 37.733, 37.77, 38.438, 39.158, 39.788, 40.476, 40.918, 40.549, 41.008, 41.674, 42.285, 42.651, 42.058, 41.161, 41.839, 42.594, 42.338, 41.802, 42.416, 41.782, 41.777, 43.606, 45.701, 47.228, 48.568, 48.844, 48.416, 48.368, 47.74, 45.638, 43.829, 43.765, 43.297, 43.099, 43.251, 43.221, 44.423, 45.042, 45.457, 45.896], [32.607, 32.695, 33.077, 33.616, 33.718, 33.095, 28.634, 26.53, 25.177, 24.244, 19.309, 13.898, 13.802, 12.19, 11.11, 5.349, 0.0, 7.998, 11.585, 14.633, 24.726, 30.856, 33.199, 35.503, 36.371, 36.155, 35.447, 35.821, 36.239, 36.067, 36.326, 37.437, 36.837, 36.166, 36.298, 35.306, 34.142, 34.142, 34.437, 34.631, 34.517, 34.515, 35.498, 36.579, 36.547, 37.677, 37.717, 37.932, 38.388, 39.029, 39.61, 40.097, 40.324, 39.987, 40.77, 41.53, 42.03, 42.262, 41.619, 40.97, 41.967, 42.787, 42.459, 41.882, 42.624, 41.941, 41.759, 43.748, 46.047, 47.584, 48.895, 49.103, 48.633, 48.576, 47.938, 45.837, 43.941, 43.828, 43.358, 43.218, 43.466, 43.507, 44.911, 45.639, 46.136, 46.656], [34.108, 34.013, 34.395, 34.846, 35.031, 34.561, 30.067, 27.715, 26.378, 26.038, 21.171, 15.445, 15.479, 13.62, 13.498, 9.943, 7.998, 0.0, 5.421, 11.084, 23.246, 30.301, 31.579, 33.355, 34.303, 34.041, 33.158, 33.474, 34.152, 33.947, 34.242, 35.747, 34.988, 34.09, 34.194, 33.036, 31.569, 31.347, 31.486, 31.672, 31.639, 31.564, 32.625, 33.806, 34.116, 35.856, 35.752, 35.926, 36.533, 37.309, 37.829, 39.259, 39.981, 39.738, 40.838, 41.571, 42.172, 42.55, 41.856, 40.778, 41.628, 42.502, 42.037, 41.393, 42.121, 41.51, 41.814, 43.947, 46.078, 47.554, 48.854, 48.993, 48.49, 48.477, 47.89, 45.875, 43.964, 43.851, 43.443, 43.287, 43.546, 43.621, 45.002, 45.667, 46.09, 46.606], [34.586, 34.407, 34.718, 35.139, 35.352, 34.939, 30.402, 28.224, 27.068, 26.559, 22.147, 16.743, 16.794, 14.961, 14.765, 12.449, 11.585, 5.421, 0.0, 9.95, 23.716, 31.385, 32.266, 33.447, 34.241, 33.956, 33.155, 33.491, 34.182, 33.849, 34.017, 35.214, 34.033, 33.023, 33.101, 31.934, 30.637, 30.496, 30.572, 30.726, 30.668, 30.604, 31.644, 32.99, 33.277, 35.092, 34.897, 34.963, 35.795, 36.658, 37.166, 38.806, 39.933, 39.611, 40.394, 41.028, 41.746, 42.305, 41.608, 40.081, 40.634, 41.571, 41.056, 40.421, 41.101, 40.544, 41.272, 43.372, 45.269, 46.789, 48.226, 48.451, 47.946, 47.906, 47.275, 45.328, 43.457, 43.293, 42.903, 42.771, 42.979, 42.965, 44.136, 44.721, 45.13, 45.677], [35.803, 35.783, 36.025, 36.366, 36.481, 36.017, 31.857, 30.946, 30.949, 30.553, 25.516, 20.451, 20.678, 19.372, 18.897, 15.247, 14.633, 11.084, 9.95, 0.0, 15.546, 24.52, 27.318, 30.154, 31.474, 31.509, 30.835, 31.061, 31.247, 30.822, 31.184, 33.229, 32.709, 31.717, 31.627, 30.345, 29.313, 29.651, 29.865, 29.816, 29.576, 29.757, 30.584, 30.805, 31.066, 32.747, 32.794, 32.851, 33.123, 34.151, 34.792, 36.503, 37.328, 38.145, 40.499, 41.554, 42.244, 42.73, 42.06, 40.917, 41.562, 42.572, 42.699, 42.23, 42.901, 42.114, 42.377, 44.816, 47.112, 48.715, 50.188, 50.452, 50.061, 50.172, 49.636, 47.229, 44.931, 44.929, 44.597, 44.768, 45.036, 45.02, 46.51, 47.264, 47.724, 48.214], [39.51, 39.668, 39.799, 39.916, 39.813, 39.667, 37.405, 38.329, 39.544, 39.712, 34.151, 30.109, 30.709, 29.657, 29.294, 25.475, 24.726, 23.246, 23.716, 15.546, 0.0, 11.169, 18.478, 24.374, 26.995, 27.994, 27.593, 27.68, 27.296, 27.259, 28.765, 33.007, 34.599, 33.767, 33.217, 32.001, 31.26, 32.184, 32.802, 32.655, 32.031, 32.58, 32.993, 31.571, 32.093, 33.586, 34.084, 34.757, 33.837, 34.554, 35.275, 37.106, 37.265, 39.344, 44.641, 46.704, 47.327, 47.631, 47.099, 46.802, 47.837, 48.694, 49.353, 48.835, 49.512, 48.49, 47.606, 50.413, 53.379, 54.884, 56.146, 56.289, 55.981, 56.362, 56.117, 53.436, 50.995, 51.346, 51.018, 51.441, 51.789, 51.883, 53.773, 54.872, 55.477, 55.755], [42.281, 42.526, 42.556, 42.38, 42.067, 42.08, 41.11, 42.799, 44.163, 44.588, 39.243, 36.022, 36.774, 35.886, 35.541, 31.838, 30.856, 30.301, 31.385, 24.52, 11.169, 0.0, 12.912, 21.203, 24.46, 26.074, 26.175, 26.599, 26.292, 26.834, 28.923, 34.308, 37.275, 36.776, 36.103, 34.943, 34.287, 35.707, 36.806, 36.91, 36.297, 36.912, 37.444, 35.843, 36.244, 37.374, 38.027, 38.867, 37.418, 37.891, 38.649, 40.205, 39.611, 41.695, 47.955, 50.606, 51.33, 51.48, 50.929, 51.182, 52.548, 53.296, 53.927, 53.187, 53.878, 52.827, 51.242, 53.961, 57.117, 58.428, 59.438, 59.485, 59.196, 59.601, 59.514, 56.743, 54.198, 54.708, 54.358, 54.79, 55.2, 55.406, 57.468, 58.739, 59.429, 59.559], [44.691, 44.633, 44.54, 44.068, 43.675, 43.937, 43.324, 44.782, 45.623, 45.997, 40.971, 37.665, 38.423, 37.29, 37.43, 34.413, 33.199, 31.579, 32.266, 27.318, 18.478, 12.912, 0.0, 10.866, 16.451, 18.944, 19.369, 20.733, 21.962, 23.206, 25.683, 31.839, 35.074, 34.445, 33.731, 32.18, 30.898, 32.424, 33.887, 34.382, 34.05, 34.498, 35.535, 34.765, 35.551, 37.492, 38.003, 38.925, 37.667, 38.144, 38.664, 40.687, 40.637, 42.175, 48.174, 50.922, 52.138, 52.5, 51.672, 51.673, 53.113, 53.735, 53.79, 52.713, 53.347, 52.404, 51.07, 53.567, 56.427, 57.611, 58.549, 58.416, 58.038, 58.371, 58.339, 56.074, 53.755, 54.165, 53.863, 54.036, 54.396, 54.69, 56.71, 57.99, 58.742, 58.938], [44.626, 44.162, 43.706, 42.883, 42.344, 42.702, 42.509, 44.207, 44.933, 45.278, 40.734, 38.071, 38.874, 37.756, 38.188, 36.434, 35.503, 33.355, 33.447, 30.154, 24.374, 21.203, 10.866, 0.0, 7.951, 11.726, 12.959, 15.784, 17.996, 19.553, 22.058, 27.937, 31.648, 31.352, 30.711, 29.66, 29.169, 31.228, 33.0, 33.838, 33.55, 33.915, 34.977, 34.857, 35.678, 37.468, 37.939, 38.662, 37.837, 38.306, 38.85, 41.118, 41.616, 42.497, 47.533, 50.175, 51.759, 52.694, 52.193, 51.712, 52.621, 53.05, 52.972, 51.849, 52.397, 51.651, 50.491, 52.56, 54.88, 55.774, 56.656, 56.589, 56.224, 56.585, 56.648, 54.748, 52.857, 53.27, 53.016, 53.193, 53.507, 53.781, 55.548, 56.878, 57.628, 57.625], [43.35, 42.619, 41.913, 40.833, 40.184, 40.48, 40.776, 43.239, 43.939, 44.087, 39.931, 37.9, 38.721, 37.767, 38.268, 37.086, 36.371, 34.303, 34.241, 31.474, 26.995, 24.46, 16.451, 7.951, 0.0, 4.801, 7.447, 11.409, 13.709, 15.295, 17.588, 23.131, 27.587, 27.827, 27.411, 27.054, 27.655, 30.332, 32.328, 33.363, 33.082, 33.484, 34.562, 34.764, 35.284, 36.554, 37.116, 37.647, 37.107, 37.751, 38.448, 40.691, 41.228, 41.728, 46.004, 48.506, 50.017, 51.213, 51.333, 50.661, 51.021, 51.269, 51.275, 50.263, 50.811, 50.359, 49.365, 51.092, 52.801, 53.217, 53.921, 53.978, 53.721, 54.129, 54.312, 52.471, 50.694, 51.101, 50.874, 51.213, 51.587, 51.869, 53.494, 54.882, 55.575, 55.308], [42.612, 41.723, 40.959, 39.817, 39.153, 39.373, 39.801, 42.541, 43.099, 43.134, 39.151, 37.247, 38.047, 37.159, 37.754, 36.792, 36.155, 34.041, 33.956, 31.509, 27.994, 26.074, 18.944, 11.726, 4.801, 0.0, 4.417, 9.27, 11.805, 13.342, 15.395, 20.73, 25.329, 25.762, 25.482, 25.391, 26.279, 29.022, 31.052, 32.209, 32.001, 32.37, 33.491, 33.921, 34.352, 35.604, 36.178, 36.65, 36.324, 37.126, 37.866, 40.073, 40.596, 40.887, 44.766, 47.189, 48.658, 49.905, 50.279, 49.565, 49.722, 49.919, 49.874, 48.876, 49.433, 49.202, 48.482, 50.037, 51.358, 51.512, 52.115, 52.204, 52.007, 52.448, 52.703, 50.893, 49.098, 49.445, 49.219, 49.599, 50.021, 50.323, 51.919, 53.337, 53.986, 53.665], [42.447, 41.494, 40.783, 39.667, 39.037, 39.224, 39.574, 42.267, 42.675, 42.731, 38.622, 36.439, 37.233, 36.334, 37.13, 36.158, 35.447, 33.158, 33.155, 30.835, 27.593, 26.175, 19.369, 12.959, 7.447, 4.417, 0.0, 5.993, 9.641, 11.515, 13.949, 19.803, 24.465, 24.771, 24.509, 24.343, 24.943, 27.497, 29.48, 30.706, 30.563, 30.905, 32.169, 32.698, 33.362, 34.949, 35.483, 36.068, 35.731, 36.531, 37.22, 39.457, 40.08, 40.459, 44.391, 46.666, 47.935, 49.111, 49.489, 48.825, 49.12, 49.3, 49.133, 48.151, 48.762, 48.567, 47.896, 49.443, 50.726, 50.813, 51.329, 51.328, 51.096, 51.534, 51.821, 50.131, 48.4, 48.773, 48.555, 48.932, 49.402, 49.729, 51.449, 52.959, 53.644, 53.392], [42.566, 41.508, 40.893, 39.9, 39.38, 39.615, 40.052, 42.989, 43.283, 43.22, 39.116, 36.808, 37.6, 36.749, 37.609, 36.524, 35.821, 33.474, 33.491, 31.061, 27.68, 26.599, 20.733, 15.784, 11.409, 9.27, 5.993, 0.0, 5.384, 8.127, 11.219, 17.974, 22.898, 23.219, 23.055, 22.938, 23.444, 25.932, 27.899, 29.176, 29.138, 29.603, 31.07, 31.675, 32.391, 34.181, 34.834, 35.573, 35.23, 36.098, 36.819, 39.143, 39.882, 40.422, 44.435, 46.576, 47.529, 48.529, 48.97, 48.278, 48.508, 48.636, 48.488, 47.578, 48.195, 48.04, 47.506, 49.044, 50.216, 50.192, 50.611, 50.55, 50.384, 50.897, 51.206, 49.593, 47.884, 48.22, 47.991, 48.39, 48.87, 49.202, 50.968, 52.479, 53.152, 52.926], [42.042, 41.012, 40.395, 39.48, 39.01, 39.169, 39.67, 42.952, 43.457, 43.366, 39.259, 37.213, 38.01, 37.273, 37.972, 36.802, 36.239, 34.152, 34.182, 31.247, 27.296, 26.292, 21.962, 17.996, 13.709, 11.805, 9.641, 5.384, 0.0, 4.177, 8.432, 15.962, 21.702, 22.256, 22.104, 22.369, 23.529, 26.295, 28.202, 29.412, 29.348, 29.987, 31.393, 31.673, 32.166, 33.545, 34.406, 35.084, 34.53, 35.38, 36.226, 38.518, 39.142, 39.858, 43.882, 46.002, 46.89, 47.843, 48.393, 47.69, 47.599, 47.653, 47.965, 47.293, 47.899, 47.708, 46.982, 48.548, 49.742, 49.618, 50.015, 50.01, 49.951, 50.584, 50.992, 49.238, 47.462, 47.828, 47.558, 48.126, 48.637, 48.949, 50.766, 52.293, 52.927, 52.576], [41.35, 40.379, 39.792, 38.878, 38.458, 38.596, 38.957, 42.332, 42.932, 42.744, 38.711, 36.814, 37.56, 36.916, 37.606, 36.536, 36.067, 33.947, 33.849, 30.822, 27.259, 26.834, 23.206, 19.553, 15.295, 13.342, 11.515, 8.127, 4.177, 0.0, 6.025, 13.88, 19.8, 20.648, 20.559, 21.042, 22.727, 25.684, 27.576, 28.791, 28.674, 29.391, 30.641, 30.748, 31.071, 32.164, 33.066, 33.656, 33.147, 34.055, 34.985, 37.31, 37.976, 38.717, 42.521, 44.592, 45.494, 46.466, 47.15, 46.376, 45.991, 45.93, 46.504, 46.148, 46.789, 46.63, 45.923, 47.434, 48.573, 48.367, 48.728, 48.767, 48.733, 49.361, 49.772, 47.953, 46.188, 46.597, 46.337, 47.032, 47.591, 47.873, 49.662, 51.224, 51.84, 51.39], [41.294, 40.193, 39.475, 38.46, 38.089, 38.221, 38.446, 41.887, 42.392, 42.061, 38.462, 36.701, 37.393, 36.862, 37.49, 36.603, 36.326, 34.242, 34.017, 31.184, 28.765, 28.923, 25.683, 22.058, 17.588, 15.395, 13.949, 11.219, 8.432, 6.025, 0.0, 9.346, 16.088, 17.471, 17.774, 18.789, 21.384, 24.778, 26.765, 28.09, 28.094, 28.789, 30.166, 30.673, 30.714, 31.566, 32.545, 32.853, 32.549, 33.763, 34.841, 37.12, 37.733, 38.23, 41.377, 43.294, 44.322, 45.417, 46.286, 45.414, 44.694, 44.558, 45.153, 44.809, 45.488, 45.482, 45.17, 46.526, 47.273, 46.921, 47.203, 47.312, 47.375, 48.002, 48.423, 46.602, 44.731, 45.013, 44.749, 45.501, 46.025, 46.296, 47.959, 49.473, 50.054, 49.511], [40.331, 39.011, 38.101, 37.016, 36.786, 36.93, 37.258, 41.377, 41.672, 40.612, 37.788, 36.728, 37.302, 36.917, 37.505, 37.353, 37.437, 35.747, 35.214, 33.229, 33.007, 34.308, 31.839, 27.937, 23.131, 20.73, 19.803, 17.974, 15.962, 13.88, 9.346, 0.0, 9.062, 12.237, 13.157, 15.682, 20.137, 23.916, 25.906, 27.357, 27.461, 28.174, 29.49, 30.913, 30.618, 30.651, 31.68, 31.691, 32.075, 33.583, 34.898, 36.916, 37.813, 37.78, 39.277, 40.727, 41.818, 43.121, 44.508, 43.383, 41.899, 41.509, 42.115, 41.98, 42.593, 43.039, 43.536, 44.635, 44.596, 43.852, 44.042, 44.371, 44.539, 45.053, 45.37, 43.807, 42.231, 42.284, 42.003, 42.888, 43.362, 43.512, 44.655, 46.041, 46.541, 45.768], [40.089, 38.727, 37.918, 36.999, 36.936, 37.333, 37.178, 41.138, 41.122, 39.396, 37.079, 35.86, 36.305, 35.924, 36.519, 36.536, 36.837, 34.988, 34.033, 32.709, 34.599, 37.275, 35.074, 31.648, 27.587, 25.329, 24.465, 22.898, 21.702, 19.8, 16.088, 9.062, 0.0, 5.505, 7.73, 10.898, 16.278, 19.927, 21.859, 23.359, 23.641, 24.334, 25.788, 28.325, 27.628, 27.695, 28.559, 28.434, 29.575, 31.587, 32.979, 35.083, 36.485, 36.143, 36.713, 37.902, 38.982, 40.296, 41.738, 40.295, 38.55, 38.217, 38.516, 38.467, 39.013, 39.864, 42.129, 43.392, 42.848, 42.222, 42.581, 43.01, 43.206, 43.432, 43.38, 41.98, 40.286, 39.961, 39.706, 40.436, 40.797, 40.837, 41.431, 42.433, 42.852, 42.223], [40.362, 39.113, 38.422, 37.612, 37.544, 38.097, 37.817, 41.588, 41.559, 39.897, 37.37, 35.648, 36.142, 35.591, 36.202, 35.937, 36.166, 34.09, 33.023, 31.717, 33.767, 36.776, 34.445, 31.352, 27.827, 25.762, 24.771, 23.219, 22.256, 20.648, 17.471, 12.237, 5.505, 0.0, 3.604, 7.217, 12.838, 16.749, 18.959, 20.533, 20.925, 21.629, 23.502, 26.378, 25.748, 26.241, 27.021, 27.151, 28.112, 30.109, 31.372, 33.615, 35.239, 34.96, 35.881, 37.143, 38.251, 39.502, 40.761, 39.314, 37.885, 37.683, 37.812, 37.611, 38.198, 38.938, 41.64, 43.485, 43.202, 42.779, 43.297, 43.661, 43.801, 43.989, 43.883, 42.557, 40.747, 40.365, 40.101, 40.711, 41.038, 41.096, 41.716, 42.549, 42.95, 42.446], [40.516, 39.407, 38.717, 37.917, 37.847, 38.481, 38.322, 42.213, 42.28, 40.598, 37.834, 36.013, 36.53, 35.898, 36.493, 36.101, 36.298, 34.194, 33.101, 31.627, 33.217, 36.103, 33.731, 30.711, 27.411, 25.482, 24.509, 23.055, 22.104, 20.559, 17.774, 13.157, 7.73, 3.604, 0.0, 5.184, 11.573, 15.751, 18.092, 19.67, 20.042, 20.737, 22.611, 25.573, 25.15, 25.714, 26.558, 26.909, 27.743, 29.629, 30.853, 33.17, 34.833, 34.628, 35.883, 37.259, 38.392, 39.595, 40.782, 39.416, 38.136, 37.978, 38.145, 37.904, 38.467, 39.125, 41.748, 43.839, 43.809, 43.469, 44.036, 44.394, 44.478, 44.643, 44.568, 43.253, 41.411, 41.007, 40.727, 41.329, 41.641, 41.69, 42.316, 43.144, 43.554, 43.093], [41.204, 40.474, 40.033, 39.349, 39.273, 39.9, 39.385, 42.729, 42.814, 41.285, 38.284, 35.88, 36.328, 35.627, 36.238, 35.369, 35.306, 33.036, 31.934, 30.345, 32.001, 34.943, 32.18, 29.66, 27.054, 25.391, 24.343, 22.938, 22.369, 21.042, 18.789, 15.682, 10.898, 7.217, 5.184, 0.0, 7.136, 11.972, 14.61, 16.199, 16.673, 17.565, 20.074, 23.435, 23.213, 24.444, 25.212, 25.687, 26.331, 28.311, 29.441, 31.887, 33.614, 33.574, 35.383, 36.908, 38.033, 39.019, 39.869, 38.737, 38.05, 38.167, 38.149, 37.798, 38.428, 38.964, 41.657, 43.945, 44.205, 44.198, 44.901, 45.175, 45.181, 45.264, 45.083, 43.674, 41.638, 41.204, 40.895, 41.371, 41.671, 41.758, 42.517, 43.312, 43.805, 43.607], [42.318, 41.818, 41.799, 41.408, 41.38, 42.004, 41.13, 43.662, 43.45, 42.123, 38.828, 35.648, 36.015, 35.164, 35.945, 34.566, 34.142, 31.569, 30.637, 29.313, 31.26, 34.287, 30.898, 29.169, 27.655, 26.279, 24.943, 23.444, 23.529, 22.727, 21.384, 20.137, 16.278, 12.838, 11.573, 7.136, 0.0, 5.896, 9.475, 11.483, 12.413, 13.456, 17.114, 21.209, 21.524, 23.994, 24.578, 25.421, 25.851, 27.758, 28.632, 31.244, 33.137, 33.23, 35.758, 37.376, 38.349, 38.997, 39.326, 38.453, 38.638, 39.033, 38.583, 38.004, 38.696, 39.055, 41.761, 44.245, 44.865, 45.222, 46.073, 46.176, 46.052, 46.069, 45.75, 44.373, 42.242, 41.786, 41.439, 41.603, 41.863, 42.026, 42.991, 43.74, 44.303, 44.452], [43.552, 43.013, 43.176, 43.076, 43.174, 43.79, 42.678, 44.651, 44.057, 42.651, 39.311, 35.775, 36.057, 35.065, 36.013, 34.6, 34.142, 31.347, 30.496, 29.651, 32.184, 35.707, 32.424, 31.228, 30.332, 29.022, 27.497, 25.932, 26.295, 25.684, 24.778, 23.916, 19.927, 16.749, 15.751, 11.972, 5.896, 0.0, 4.652, 7.647, 9.307, 10.329, 14.612, 19.667, 20.445, 23.793, 24.199, 25.417, 26.222, 28.118, 28.835, 31.64, 33.845, 33.906, 36.48, 37.94, 38.734, 39.207, 39.282, 38.455, 39.114, 39.664, 38.878, 38.199, 38.87, 39.251, 42.279, 44.713, 45.381, 45.953, 46.895, 46.962, 46.773, 46.741, 46.311, 45.067, 43.056, 42.557, 42.174, 42.066, 42.25, 42.419, 43.325, 43.999, 44.579, 44.997], [44.443, 43.89, 44.085, 44.117, 44.4, 44.935, 43.536, 45.274, 44.538, 43.037, 39.622, 35.976, 36.189, 35.166, 36.136, 34.776, 34.437, 31.486, 30.572, 29.865, 32.802, 36.806, 33.887, 33.0, 32.328, 31.052, 29.48, 27.899, 28.202, 27.576, 26.765, 25.906, 21.859, 18.959, 18.092, 14.61, 9.475, 4.652, 0.0, 4.223, 6.772, 7.995, 12.98, 18.573, 19.568, 23.206, 23.492, 24.724, 25.785, 27.807, 28.523, 31.603, 34.056, 34.165, 36.62, 37.886, 38.591, 39.02, 39.001, 38.176, 39.04, 39.719, 38.828, 38.161, 38.818, 39.299, 42.526, 44.845, 45.462, 46.205, 47.212, 47.28, 47.103, 47.089, 46.651, 45.408, 43.479, 43.002, 42.57, 42.383, 42.549, 42.698, 43.57, 44.259, 44.872, 45.434], [45.121, 44.663, 44.864, 44.925, 45.338, 46.009, 44.406, 46.042, 45.489, 44.003, 40.463, 36.634, 36.805, 35.729, 36.628, 35.04, 34.631, 31.672, 30.726, 29.816, 32.655, 36.91, 34.382, 33.838, 33.363, 32.209, 30.706, 29.176, 29.412, 28.791, 28.09, 27.357, 23.359, 20.533, 19.67, 16.199, 11.483, 7.647, 4.223, 0.0, 3.77, 5.692, 11.553, 17.537, 18.693, 22.533, 22.75, 24.037, 25.001, 27.127, 27.895, 31.079, 33.604, 33.843, 36.486, 37.749, 38.364, 38.804, 38.822, 38.076, 39.07, 39.869, 39.018, 38.379, 39.068, 39.538, 42.861, 45.306, 46.04, 46.953, 48.063, 48.143, 47.961, 47.94, 47.491, 46.171, 44.109, 43.541, 43.091, 42.916, 43.074, 43.182, 44.04, 44.681, 45.306, 45.932], [44.63, 44.259, 44.453, 44.488, 44.892, 45.608, 44.087, 45.708, 45.4, 44.084, 40.49, 36.713, 36.893, 35.822, 36.646, 35.016, 34.517, 31.639, 30.668, 29.576, 32.031, 36.297, 34.05, 33.55, 33.082, 32.001, 30.563, 29.138, 29.348, 28.674, 28.094, 27.461, 23.641, 20.925, 20.042, 16.673, 12.413, 9.307, 6.772, 3.77, 0.0, 4.026, 10.002, 16.026, 17.355, 21.154, 21.339, 22.778, 23.807, 25.875, 26.645, 29.866, 32.472, 32.769, 35.617, 36.989, 37.587, 38.132, 38.337, 37.734, 38.828, 39.698, 38.904, 38.313, 39.096, 39.572, 42.726, 45.237, 46.126, 47.104, 48.238, 48.359, 48.151, 48.12, 47.623, 46.207, 44.175, 43.706, 43.259, 43.123, 43.3, 43.38, 44.236, 44.954, 45.644, 46.244], [44.885, 44.478, 44.634, 44.647, 45.086, 45.807, 44.214, 45.762, 45.308, 43.95, 40.445, 36.598, 36.785, 35.68, 36.545, 34.961, 34.515, 31.564, 30.604, 29.757, 32.58, 36.912, 34.498, 33.915, 33.484, 32.37, 30.905, 29.603, 29.987, 29.391, 28.789, 28.174, 24.334, 21.629, 20.737, 17.565, 13.456, 10.329, 7.995, 5.692, 4.026, 0.0, 7.856, 15.038, 16.534, 20.644, 20.75, 22.357, 23.739, 25.927, 26.637, 29.864, 32.661, 32.862, 35.494, 36.799, 37.448, 38.063, 38.242, 37.61, 38.754, 39.637, 38.764, 38.135, 38.921, 39.478, 42.749, 45.197, 46.05, 47.014, 48.141, 48.214, 47.966, 47.908, 47.4, 46.107, 44.071, 43.503, 43.072, 42.836, 42.97, 43.032, 43.776, 44.458, 45.149, 45.755], [44.641, 44.227, 44.36, 44.431, 44.75, 45.436, 43.946, 45.548, 45.577, 44.177, 40.512, 37.006, 37.202, 36.153, 37.02, 35.745, 35.498, 32.625, 31.644, 30.584, 32.993, 37.444, 35.535, 34.977, 34.562, 33.491, 32.169, 31.07, 31.393, 30.641, 30.166, 29.49, 25.788, 23.502, 22.611, 20.074, 17.114, 14.612, 12.98, 11.553, 10.002, 7.856, 0.0, 9.363, 12.081, 16.746, 17.044, 19.324, 21.866, 24.276, 25.154, 28.708, 32.08, 32.647, 35.386, 36.815, 37.457, 38.186, 38.665, 38.152, 39.181, 39.97, 39.377, 39.018, 39.792, 40.29, 43.367, 45.792, 46.82, 47.849, 49.046, 49.174, 48.865, 48.825, 48.126, 46.809, 45.269, 44.974, 44.584, 44.31, 44.325, 44.235, 44.732, 45.48, 46.158, 46.647], [45.265, 44.966, 45.128, 45.23, 45.354, 45.744, 44.229, 45.749, 46.416, 45.636, 41.649, 38.145, 38.445, 37.541, 38.274, 36.852, 36.579, 33.806, 32.99, 30.805, 31.571, 35.843, 34.765, 34.857, 34.764, 33.921, 32.698, 31.675, 31.673, 30.748, 30.673, 30.913, 28.325, 26.378, 25.573, 23.435, 21.209, 19.667, 18.573, 17.537, 16.026, 15.038, 9.363, 0.0, 6.834, 13.004, 13.282, 16.015, 18.592, 21.189, 22.23, 26.179, 29.798, 31.42, 35.262, 37.052, 37.696, 38.437, 38.983, 38.827, 40.057, 40.794, 40.747, 40.798, 41.686, 41.812, 43.848, 46.468, 48.063, 49.244, 50.47, 50.578, 50.272, 50.482, 49.721, 47.978, 46.923, 47.427, 47.082, 47.011, 47.142, 47.021, 47.882, 48.87, 49.548, 49.964], [44.012, 43.706, 43.874, 43.969, 44.063, 44.491, 42.979, 44.605, 45.226, 44.364, 41.029, 37.999, 38.264, 37.551, 38.055, 36.699, 36.547, 34.116, 33.277, 31.066, 32.093, 36.244, 35.551, 35.678, 35.284, 34.352, 33.362, 32.391, 32.166, 31.071, 30.714, 30.618, 27.628, 25.748, 25.15, 23.213, 21.524, 20.445, 19.568, 18.693, 17.355, 16.534, 12.081, 6.834, 0.0, 8.215, 9.118, 11.943, 15.342, 18.568, 20.172, 24.308, 28.014, 29.498, 33.096, 35.02, 35.774, 36.592, 37.243, 37.042, 38.131, 38.863, 38.958, 39.129, 40.012, 40.208, 42.514, 45.018, 46.43, 47.628, 48.904, 49.119, 48.993, 49.239, 48.375, 46.442, 45.27, 45.814, 45.477, 45.374, 45.476, 45.347, 46.092, 46.959, 47.596, 47.988], [42.254, 42.032, 42.138, 42.146, 42.234, 42.628, 41.301, 43.404, 44.298, 43.296, 40.466, 38.659, 38.957, 38.435, 38.679, 37.614, 37.677, 35.856, 35.092, 32.747, 33.586, 37.374, 37.492, 37.468, 36.554, 35.604, 34.949, 34.181, 33.545, 32.164, 31.566, 30.651, 27.695, 26.241, 25.714, 24.444, 23.994, 23.793, 23.206, 22.533, 21.154, 20.644, 16.746, 13.004, 8.215, 0.0, 4.584, 8.373, 13.004, 16.358, 18.63, 22.77, 26.581, 28.06, 30.87, 32.684, 33.566, 34.637, 35.902, 35.917, 36.704, 37.378, 37.866, 38.364, 39.196, 39.513, 41.532, 43.859, 45.172, 46.342, 47.672, 48.109, 48.113, 48.397, 47.455, 45.388, 44.429, 45.07, 44.708, 44.913, 45.111, 44.894, 45.401, 46.264, 46.87, 46.979], [42.837, 42.651, 42.712, 42.705, 42.814, 43.155, 41.594, 43.464, 44.311, 43.45, 40.661, 38.652, 39.038, 38.505, 38.791, 37.733, 37.717, 35.752, 34.897, 32.794, 34.084, 38.027, 38.003, 37.939, 37.116, 36.178, 35.483, 34.834, 34.406, 33.066, 32.545, 31.68, 28.559, 27.021, 26.558, 25.212, 24.578, 24.199, 23.492, 22.75, 21.339, 20.75, 17.044, 13.282, 9.118, 4.584, 0.0, 6.399, 12.055, 15.604, 17.766, 22.003, 26.041, 27.389, 29.958, 31.639, 32.548, 33.72, 34.966, 35.019, 36.182, 37.11, 37.406, 37.885, 38.763, 39.147, 41.231, 43.552, 44.846, 46.119, 47.535, 47.965, 47.919, 48.17, 47.193, 45.151, 44.259, 44.98, 44.612, 44.886, 45.237, 45.012, 45.523, 46.411, 47.05, 47.2], [42.747, 42.55, 42.602, 42.569, 42.668, 42.764, 40.915, 42.804, 43.63, 42.743, 40.148, 38.234, 38.558, 38.374, 38.612, 37.77, 37.932, 35.926, 34.963, 32.851, 34.757, 38.867, 38.925, 38.662, 37.647, 36.65, 36.068, 35.573, 35.084, 33.656, 32.853, 31.691, 28.434, 27.151, 26.909, 25.687, 25.421, 25.417, 24.724, 24.037, 22.778, 22.357, 19.324, 16.015, 11.943, 8.373, 6.399, 0.0, 8.629, 13.484, 16.289, 20.816, 24.728, 26.158, 28.562, 30.342, 31.363, 32.63, 33.893, 33.745, 34.676, 35.788, 36.284, 36.857, 37.692, 38.111, 40.303, 42.507, 43.652, 45.022, 46.521, 46.988, 47.009, 47.249, 46.306, 43.971, 42.959, 43.87, 43.486, 43.816, 44.153, 43.966, 44.677, 45.718, 46.342, 46.527], [43.816, 43.824, 43.982, 43.922, 44.013, 44.141, 42.248, 44.085, 45.095, 44.537, 41.606, 39.318, 39.679, 39.539, 39.816, 38.438, 38.388, 36.533, 35.795, 33.123, 33.837, 37.418, 37.667, 37.837, 37.107, 36.324, 35.731, 35.23, 34.53, 33.147, 32.549, 32.075, 29.575, 28.112, 27.743, 26.331, 25.851, 26.222, 25.785, 25.001, 23.807, 23.739, 21.866, 18.592, 15.342, 13.004, 12.055, 8.629, 0.0, 6.906, 10.561, 15.506, 19.51, 21.744, 26.298, 28.843, 29.863, 30.952, 31.903, 32.156, 33.465, 34.644, 35.579, 36.235, 37.151, 37.143, 38.519, 41.234, 43.083, 44.678, 46.25, 46.584, 46.694, 47.115, 46.45, 43.858, 42.473, 43.518, 43.1, 43.707, 44.165, 44.129, 45.816, 47.401, 48.173, 48.512], [43.837, 43.994, 44.199, 44.167, 44.251, 44.489, 42.722, 44.341, 45.458, 45.094, 42.098, 39.905, 40.302, 40.118, 40.42, 39.158, 39.029, 37.309, 36.658, 34.151, 34.554, 37.891, 38.144, 38.306, 37.751, 37.126, 36.531, 36.098, 35.38, 34.055, 33.763, 33.583, 31.587, 30.109, 29.629, 28.311, 27.758, 28.118, 27.807, 27.127, 25.875, 25.927, 24.276, 21.189, 18.568, 16.358, 15.604, 13.484, 6.906, 0.0, 4.971, 11.677, 16.925, 19.239, 24.543, 27.481, 28.514, 29.555, 30.453, 31.173, 32.961, 34.155, 35.103, 35.741, 36.739, 36.484, 37.071, 40.095, 42.551, 44.328, 46.003, 46.289, 46.366, 46.892, 46.315, 43.849, 42.76, 43.955, 43.544, 44.214, 44.752, 44.729, 46.831, 48.868, 49.834, 50.209], [44.763, 45.006, 45.256, 45.229, 45.337, 45.627, 43.837, 45.213, 46.285, 46.071, 42.978, 40.582, 41.017, 40.752, 41.148, 39.788, 39.61, 37.829, 37.166, 34.792, 35.275, 38.649, 38.664, 38.85, 38.448, 37.866, 37.22, 36.819, 36.226, 34.985, 34.841, 34.898, 32.979, 31.372, 30.853, 29.441, 28.632, 28.835, 28.523, 27.895, 26.645, 26.637, 25.154, 22.23, 20.172, 18.63, 17.766, 16.289, 10.561, 4.971, 0.0, 9.112, 15.462, 17.954, 23.732, 26.713, 27.741, 28.739, 29.384, 30.262, 32.457, 33.743, 34.553, 35.084, 36.135, 35.801, 36.216, 39.469, 42.17, 44.025, 45.744, 45.96, 45.971, 46.565, 46.083, 43.753, 42.77, 43.994, 43.623, 44.287, 44.874, 44.867, 47.154, 49.475, 50.626, 51.148], [45.354, 45.758, 46.049, 46.02, 46.113, 46.385, 44.62, 46.079, 47.159, 46.9, 43.928, 41.446, 41.863, 41.72, 42.098, 40.476, 40.097, 39.259, 38.806, 36.503, 37.106, 40.205, 40.687, 41.118, 40.691, 40.073, 39.457, 39.143, 38.518, 37.31, 37.12, 36.916, 35.083, 33.615, 33.17, 31.887, 31.244, 31.64, 31.603, 31.079, 29.866, 29.864, 28.708, 26.179, 24.308, 22.77, 22.003, 20.816, 15.506, 11.677, 9.112, 0.0, 8.413, 12.159, 19.31, 22.973, 23.907, 24.797, 25.205, 26.689, 29.353, 30.78, 31.909, 32.542, 33.685, 33.158, 33.121, 36.588, 39.668, 41.734, 43.6, 43.851, 43.922, 44.628, 44.274, 41.859, 40.818, 42.095, 41.767, 42.718, 43.436, 43.408, 46.078, 48.769, 50.132, 50.991], [45.7, 46.236, 46.551, 46.487, 46.55, 46.774, 45.108, 46.71, 47.864, 47.737, 44.698, 42.176, 42.581, 42.58, 42.92, 40.918, 40.324, 39.981, 39.933, 37.328, 37.265, 39.611, 40.637, 41.616, 41.228, 40.596, 40.08, 39.882, 39.142, 37.976, 37.733, 37.813, 36.485, 35.239, 34.833, 33.614, 33.137, 33.845, 34.056, 33.604, 32.472, 32.661, 32.08, 29.798, 28.014, 26.581, 26.041, 24.728, 19.51, 16.925, 15.462, 8.413, 0.0, 7.569, 17.76, 22.326, 23.346, 23.94, 24.135, 26.233, 29.093, 30.594, 32.068, 32.498, 33.639, 32.93, 32.353, 35.891, 39.28, 41.433, 43.26, 43.524, 43.666, 44.412, 44.285, 41.365, 39.736, 41.117, 40.824, 42.033, 42.927, 43.006, 46.102, 48.909, 50.296, 51.358], [44.891, 45.329, 45.552, 45.455, 45.602, 45.974, 44.423, 45.878, 46.679, 46.413, 43.892, 41.617, 42.008, 41.935, 42.225, 40.549, 39.987, 39.738, 39.611, 38.145, 39.344, 41.695, 42.175, 42.497, 41.728, 40.887, 40.459, 40.422, 39.858, 38.717, 38.23, 37.78, 36.143, 34.96, 34.628, 33.574, 33.23, 33.906, 34.165, 33.843, 32.769, 32.862, 32.647, 31.42, 29.498, 28.06, 27.389, 26.158, 21.744, 19.239, 17.954, 12.159, 7.569, 0.0, 12.292, 17.927, 19.602, 20.521, 21.006, 23.14, 26.218, 27.949, 29.029, 29.205, 30.415, 29.924, 29.705, 33.102, 36.241, 38.367, 40.272, 40.614, 40.75, 41.43, 41.402, 38.585, 36.869, 38.117, 37.812, 38.986, 39.939, 40.056, 43.107, 46.045, 47.516, 48.643], [44.231, 44.527, 44.531, 44.371, 44.702, 44.97, 43.171, 44.423, 44.673, 43.95, 42.719, 41.362, 41.651, 41.666, 41.758, 41.008, 40.77, 40.838, 40.394, 40.499, 44.641, 47.955, 48.174, 47.533, 46.004, 44.766, 44.391, 44.435, 43.882, 42.521, 41.377, 39.277, 36.713, 35.881, 35.883, 35.383, 35.758, 36.48, 36.62, 36.486, 35.617, 35.494, 35.386, 35.262, 33.096, 30.87, 29.958, 28.562, 26.298, 24.543, 23.732, 19.31, 17.76, 12.292, 0.0, 7.413, 11.513, 13.937, 15.775, 17.792, 20.567, 22.776, 23.53, 24.138, 25.542, 25.81, 26.755, 29.228, 31.161, 33.169, 35.334, 36.078, 36.321, 36.84, 36.695, 34.435, 33.463, 34.485, 34.133, 35.43, 36.463, 36.425, 38.813, 41.694, 43.2, 44.241], [44.968, 45.211, 45.18, 45.036, 45.564, 45.749, 43.692, 44.8, 44.747, 43.829, 43.012, 41.854, 42.075, 42.107, 42.193, 41.674, 41.53, 41.571, 41.028, 41.554, 46.704, 50.606, 50.922, 50.175, 48.506, 47.189, 46.666, 46.576, 46.002, 44.592, 43.294, 40.727, 37.902, 37.143, 37.259, 36.908, 37.376, 37.94, 37.886, 37.749, 36.989, 36.799, 36.815, 37.052, 35.02, 32.684, 31.639, 30.342, 28.843, 27.481, 26.713, 22.973, 22.326, 17.927, 7.413, 0.0, 6.749, 10.666, 13.455, 15.526, 18.521, 21.139, 21.621, 22.609, 24.206, 24.741, 26.13, 28.213, 29.555, 31.488, 33.679, 34.513, 34.716, 34.993, 34.74, 32.935, 32.447, 33.405, 33.033, 34.359, 35.441, 35.366, 37.45, 40.277, 41.841, 42.96], [45.576, 45.817, 45.933, 45.882, 46.49, 46.659, 44.696, 45.992, 45.791, 44.685, 43.758, 42.474, 42.646, 42.742, 42.903, 42.285, 42.03, 42.172, 41.746, 42.244, 47.327, 51.33, 52.138, 51.759, 50.017, 48.658, 47.935, 47.529, 46.89, 45.494, 44.322, 41.818, 38.982, 38.251, 38.392, 38.033, 38.349, 38.734, 38.591, 38.364, 37.587, 37.448, 37.457, 37.696, 35.774, 33.566, 32.548, 31.363, 29.863, 28.514, 27.741, 23.907, 23.346, 19.602, 11.513, 6.749, 0.0, 5.785, 11.334, 14.241, 17.564, 20.26, 20.612, 22.026, 23.886, 24.512, 26.027, 28.2, 29.501, 31.176, 33.105, 33.835, 33.926, 34.016, 33.667, 31.955, 31.611, 32.642, 32.303, 33.661, 34.837, 34.806, 37.021, 40.038, 41.66, 42.89], [46.222, 46.594, 46.908, 46.982, 47.556, 47.668, 45.811, 47.102, 46.751, 45.563, 44.503, 43.056, 43.194, 43.324, 43.496, 42.651, 42.262, 42.55, 42.305, 42.73, 47.631, 51.48, 52.5, 52.694, 51.213, 49.905, 49.111, 48.529, 47.843, 46.466, 45.417, 43.121, 40.296, 39.502, 39.595, 39.019, 38.997, 39.207, 39.02, 38.804, 38.132, 38.063, 38.186, 38.437, 36.592, 34.637, 33.72, 32.63, 30.952, 29.555, 28.739, 24.797, 23.94, 20.521, 13.937, 10.666, 5.785, 0.0, 8.185, 12.906, 17.11, 19.863, 20.127, 21.571, 23.529, 24.041, 25.483, 27.989, 29.62, 31.359, 33.189, 33.748, 33.798, 33.823, 33.429, 31.705, 31.325, 32.437, 32.101, 33.381, 34.577, 34.646, 37.132, 40.309, 42.007, 43.334], [47.025, 47.477, 47.842, 48.016, 48.531, 48.624, 46.513, 47.295, 46.794, 45.774, 44.584, 42.779, 42.918, 42.996, 43.187, 42.058, 41.619, 41.856, 41.608, 42.06, 47.099, 50.929, 51.672, 52.193, 51.333, 50.279, 49.489, 48.97, 48.393, 47.15, 46.286, 44.508, 41.738, 40.761, 40.782, 39.869, 39.326, 39.282, 39.001, 38.822, 38.337, 38.242, 38.665, 38.983, 37.243, 35.902, 34.966, 33.893, 31.903, 30.453, 29.384, 25.205, 24.135, 21.006, 15.775, 13.455, 11.334, 8.185, 0.0, 8.389, 15.72, 19.18, 19.151, 20.072, 21.899, 21.911, 23.174, 25.771, 28.136, 30.75, 33.06, 33.487, 33.568, 33.685, 33.365, 31.634, 31.102, 32.323, 31.967, 32.953, 34.079, 34.207, 37.119, 40.477, 42.385, 44.139], [46.226, 46.423, 46.722, 46.909, 47.47, 47.617, 45.38, 46.255, 45.591, 44.351, 43.34, 41.582, 41.689, 41.767, 4