[[0.0, 4.027, 5.948, 12.046, 20.04, 24.095, 26.962, 29.379, 28.618, 29.554, 31.063, 31.085, 31.998, 32.518, 31.392, 30.456, 31.191, 30.838, 31.753, 32.844, 32.806, 33.299, 33.391, 33.709, 34.514, 34.679, 35.1, 35.517, 36.024, 36.609, 38.422, 43.029, 47.249, 49.907, 52.134, 52.949, 53.534, 54.392, 54.157, 53.284, 54.349, 58.099, 61.582, 63.966, 65.144, 65.18, 65.156, 65.134, 66.252, 68.089, 68.147, 68.375, 70.027, 70.866, 70.827, 69.977, 69.146, 69.28, 69.11, 69.76, 71.613, 71.859, 70.61, 69.309, 68.874, 68.729, 68.603, 68.518, 68.309, 68.372, 68.574, 68.799, 68.384, 68.194, 67.225, 66.597, 67.305, 67.905, 68.363, 67.602, 66.776, 66.562, 65.983, 65.725, 65.07, 63.949], [4.027, 0.0, 4.129, 11.804, 20.103, 24.323, 27.392, 29.857, 29.017, 29.855, 31.292, 31.356, 32.302, 32.764, 31.518, 30.487, 31.205, 30.858, 31.71, 32.806, 32.788, 33.244, 33.343, 33.638, 34.412, 34.615, 35.038, 35.405, 35.881, 36.496, 38.352, 43.022, 47.347, 50.119, 52.449, 53.353, 53.946, 54.75, 54.501, 53.643, 54.738, 58.556, 62.056, 64.474, 65.662, 65.7, 65.683, 65.638, 66.734, 68.556, 68.637, 68.881, 70.552, 71.388, 71.343, 70.501, 69.66, 69.786, 69.619, 70.276, 72.128, 72.386, 71.159, 69.868, 69.443, 69.305, 69.161, 69.079, 68.879, 68.95, 69.186, 69.47, 69.098, 68.92, 67.929, 67.285, 67.994, 68.529, 68.948, 68.201, 67.429, 67.262, 66.696, 66.445, 65.806, 64.689], [5.948, 4.129, 0.0, 8.909, 18.147, 22.76, 26.027, 28.691, 28.163, 29.328, 30.965, 31.083, 31.931, 32.301, 31.258, 30.522, 31.222, 31.001, 32.001, 33.058, 33.014, 33.389, 33.441, 33.741, 34.599, 34.913, 35.355, 35.728, 36.172, 36.704, 38.464, 43.013, 47.238, 49.917, 52.129, 52.956, 53.61, 54.614, 54.535, 53.725, 54.735, 58.456, 61.949, 64.368, 65.542, 65.569, 65.547, 65.496, 66.541, 68.306, 68.367, 68.589, 70.248, 71.091, 71.065, 70.27, 69.459, 69.584, 69.423, 70.066, 71.861, 72.055, 70.788, 69.488, 69.102, 68.995, 68.821, 68.736, 68.572, 68.716, 68.969, 69.229, 68.804, 68.57, 67.556, 66.912, 67.618, 68.166, 68.649, 67.936, 67.167, 67.001, 66.388, 66.134, 65.531, 64.45], [12.046, 11.804, 8.909, 0.0, 10.722, 16.624, 20.737, 23.988, 24.367, 26.85, 29.104, 29.321, 29.785, 30.036, 29.779, 30.388, 31.066, 31.0, 32.544, 33.523, 33.411, 33.725, 33.721, 34.13, 35.29, 35.896, 36.477, 36.853, 37.151, 37.397, 38.93, 43.148, 46.997, 49.411, 51.53, 52.281, 52.946, 54.279, 54.569, 53.848, 54.788, 58.494, 61.944, 64.23, 65.419, 65.484, 65.502, 65.481, 66.26, 67.572, 67.425, 67.512, 69.055, 69.912, 69.899, 69.137, 68.365, 68.508, 68.362, 68.964, 70.68, 70.813, 69.492, 68.143, 67.797, 67.724, 67.539, 67.464, 67.378, 67.642, 67.938, 68.048, 67.185, 66.617, 65.51, 64.8, 65.514, 66.124, 66.646, 66.125, 65.601, 65.544, 64.885, 64.601, 64.076, 63.027], [20.04, 20.103, 18.147, 10.722, 0.0, 7.816, 13.882, 18.954, 21.652, 25.875, 28.322, 28.687, 29.024, 29.264, 29.607, 31.261, 31.79, 31.71, 33.761, 34.693, 34.532, 34.953, 34.939, 35.482, 36.973, 37.728, 38.411, 38.674, 38.664, 38.413, 39.376, 42.859, 46.238, 48.49, 50.672, 51.493, 52.093, 53.523, 54.154, 53.652, 54.702, 58.487, 61.813, 63.86, 65.117, 65.282, 65.333, 65.327, 65.932, 66.805, 66.337, 66.173, 67.458, 68.327, 68.362, 67.622, 66.907, 67.069, 66.929, 67.499, 69.157, 69.232, 67.843, 66.49, 66.19, 66.109, 65.93, 65.86, 65.793, 66.104, 66.424, 66.415, 65.073, 64.052, 62.793, 61.945, 62.659, 63.387, 63.906, 63.559, 63.315, 63.326, 62.611, 62.277, 61.875, 60.936], [24.095, 24.323, 22.76, 16.624, 7.816, 0.0, 7.922, 15.649, 20.511, 25.508, 27.619, 27.895, 28.486, 28.917, 29.58, 31.574, 31.954, 31.817, 34.054, 35.01, 34.878, 35.35, 35.306, 35.903, 37.675, 38.516, 39.185, 39.418, 39.331, 38.756, 39.127, 41.944, 44.963, 47.144, 49.393, 50.296, 50.881, 52.302, 53.105, 52.898, 54.188, 58.048, 61.329, 63.254, 64.619, 64.898, 64.966, 64.977, 65.572, 66.359, 65.734, 65.336, 66.429, 67.309, 67.42, 66.747, 66.096, 66.279, 66.134, 66.695, 68.327, 68.311, 66.826, 65.464, 65.203, 65.099, 64.931, 64.859, 64.737, 65.008, 65.309, 65.234, 63.608, 62.235, 60.828, 59.882, 60.598, 61.512, 62.094, 61.758, 61.524, 61.507, 60.768, 60.379, 60.122, 59.394], [26.962, 27.392, 26.027, 20.737, 13.882, 7.922, 0.0, 10.578, 17.992, 23.835, 25.869, 25.864, 26.503, 27.203, 28.272, 30.553, 30.868, 30.779, 33.161, 34.157, 34.08, 34.585, 34.503, 35.156, 37.153, 38.088, 38.783, 39.078, 39.074, 38.429, 38.434, 40.656, 43.326, 45.392, 47.681, 48.686, 49.281, 50.665, 51.493, 51.384, 52.954, 57.007, 60.285, 62.17, 63.664, 64.116, 64.253, 64.288, 64.811, 65.553, 64.889, 64.35, 65.326, 66.226, 66.421, 65.839, 65.246, 65.459, 65.295, 65.869, 67.556, 67.52, 65.925, 64.494, 64.266, 64.192, 64.024, 63.954, 63.814, 64.06, 64.357, 64.198, 62.332, 60.708, 59.242, 58.243, 58.977, 60.093, 60.749, 60.419, 60.159, 60.119, 59.427, 59.021, 58.819, 58.22], [29.379, 29.857, 28.691, 23.988, 18.954, 15.649, 10.578, 0.0, 10.947, 19.832, 22.845, 23.079, 24.098, 25.476, 26.864, 29.57, 29.864, 29.758, 32.464, 33.602, 33.602, 34.181, 34.051, 34.747, 36.941, 37.964, 38.817, 39.309, 39.617, 39.337, 39.744, 42.212, 44.873, 46.945, 49.369, 50.552, 51.084, 52.163, 52.64, 52.228, 53.809, 58.253, 61.633, 63.436, 64.979, 65.553, 65.756, 65.815, 66.192, 66.744, 66.113, 65.61, 66.49, 67.314, 67.5, 66.948, 66.365, 66.557, 66.362, 66.976, 68.782, 68.928, 67.365, 65.748, 65.4, 65.388, 65.206, 65.149, 65.09, 65.359, 65.684, 65.413, 63.385, 61.699, 60.393, 59.369, 60.108, 61.411, 62.045, 61.812, 61.772, 61.979, 61.516, 61.115, 60.822, 60.196], [28.618, 29.017, 28.163, 24.367, 21.652, 20.511, 17.992, 10.947, 0.0, 11.614, 16.553, 17.711, 19.764, 22.091, 23.541, 26.124, 26.674, 26.511, 29.499, 30.933, 30.938, 31.632, 31.563, 32.386, 34.463, 35.149, 35.849, 36.633, 37.325, 37.396, 38.801, 42.788, 46.372, 48.803, 51.439, 52.746, 53.311, 54.295, 54.527, 53.964, 55.653, 60.419, 64.294, 66.555, 68.159, 68.628, 68.781, 68.806, 69.234, 69.972, 69.52, 69.21, 70.287, 71.119, 71.245, 70.666, 70.025, 70.158, 69.959, 70.694, 72.7, 73.032, 71.542, 69.922, 69.552, 69.594, 69.44, 69.394, 69.376, 69.633, 69.965, 69.764, 68.006, 66.6, 65.519, 64.606, 65.317, 66.623, 67.278, 67.049, 67.009, 67.234, 66.808, 66.449, 66.069, 65.364], [29.554, 29.855, 29.328, 26.85, 25.875, 25.508, 23.835, 19.832, 11.614, 0.0, 7.373, 10.431, 13.802, 17.259, 19.382, 21.841, 22.968, 23.141, 26.193, 28.119, 28.039, 28.719, 28.782, 29.777, 31.644, 31.873, 32.25, 33.32, 34.37, 34.663, 36.638, 41.236, 45.447, 48.256, 51.133, 52.559, 53.214, 54.27, 54.55, 54.082, 56.097, 60.986, 65.21, 68.321, 70.248, 70.6, 70.683, 70.654, 71.052, 72.052, 71.83, 71.648, 73.004, 73.933, 74.058, 73.498, 72.818, 72.922, 72.721, 73.559, 75.778, 76.222, 74.707, 73.144, 72.898, 73.024, 72.918, 72.898, 72.847, 73.032, 73.352, 73.272, 71.746, 70.439, 69.402, 68.604, 69.302, 70.601, 71.333, 71.088, 70.956, 71.073, 70.558, 70.237, 69.877, 69.19], [31.063, 31.292, 30.965, 29.104, 28.322, 27.619, 25.869, 22.845, 16.553, 7.373, 0.0, 5.769, 11.368, 15.421, 17.887, 20.561, 22.203, 22.483, 25.515, 27.781, 27.699, 28.348, 28.442, 29.386, 31.237, 31.337, 31.56, 32.637, 33.772, 34.103, 35.946, 40.214, 44.454, 47.457, 50.484, 51.979, 52.595, 53.507, 53.709, 53.33, 55.589, 60.574, 64.765, 68.145, 70.367, 70.775, 70.826, 70.76, 71.14, 72.2, 72.021, 71.876, 73.312, 74.278, 74.422, 73.886, 73.221, 73.328, 73.131, 74.009, 76.343, 76.884, 75.34, 73.746, 73.536, 73.696, 73.613, 73.614, 73.544, 73.667, 73.98, 74.01, 72.582, 71.259, 70.205, 69.427, 70.122, 71.425, 72.182, 71.937, 71.764, 71.83, 71.287, 70.971, 70.636, 70.0], [31.085, 31.356, 31.083, 29.321, 28.687, 27.895, 25.864, 23.079, 17.711, 10.431, 5.769, 0.0, 7.513, 12.714, 15.884, 18.931, 20.562, 21.047, 24.134, 26.402, 26.359, 26.988, 27.07, 27.952, 29.884, 30.209, 30.506, 31.564, 32.694, 33.075, 34.845, 38.877, 42.963, 45.904, 48.94, 50.446, 51.064, 51.971, 52.131, 51.679, 54.028, 59.116, 63.326, 66.719, 68.988, 69.636, 69.835, 69.764, 70.08, 71.112, 70.962, 70.818, 72.267, 73.227, 73.369, 72.844, 72.187, 72.315, 72.126, 73.005, 75.35, 75.903, 74.375, 72.783, 72.543, 72.652, 72.546, 72.549, 72.453, 72.556, 72.889, 72.985, 71.625, 70.346, 69.292, 68.499, 69.201, 70.516, 71.279, 71.046, 70.896, 70.975, 70.452, 70.139, 69.817, 69.207], [31.998, 32.302, 31.931, 29.785, 29.024, 28.486, 26.503, 24.098, 19.764, 13.802, 11.368, 7.513, 0.0, 6.963, 12.305, 16.876, 18.766, 19.9, 23.156, 25.038, 24.999, 25.454, 25.584, 26.458, 28.338, 28.913, 29.528, 30.7, 31.827, 32.251, 33.997, 37.729, 41.55, 44.318, 47.298, 48.797, 49.5, 50.669, 50.978, 50.433, 52.643, 57.69, 61.992, 65.514, 67.75, 68.496, 68.928, 68.962, 69.162, 70.001, 69.855, 69.713, 71.177, 72.163, 72.278, 71.754, 71.072, 71.179, 71.008, 71.883, 74.197, 74.73, 73.224, 71.703, 71.464, 71.528, 71.407, 71.407, 71.316, 71.445, 71.792, 71.89, 70.588, 69.402, 68.439, 67.733, 68.448, 69.743, 70.527, 70.314, 70.22, 70.339, 69.803, 69.525, 69.186, 68.566], [32.518, 32.764, 32.301, 30.036, 29.264, 28.917, 27.203, 25.476, 22.091, 17.259, 15.421, 12.714, 6.963, 0.0, 7.413, 14.017, 16.373, 17.96, 21.471, 23.145, 23.141, 23.42, 23.61, 24.256, 25.881, 26.636, 27.652, 29.038, 30.297, 30.739, 32.189, 35.979, 40.063, 42.955, 45.943, 47.437, 48.221, 49.593, 50.028, 49.554, 51.663, 56.718, 61.127, 64.731, 66.985, 67.724, 68.203, 68.394, 68.702, 69.478, 69.318, 69.239, 70.751, 71.759, 71.856, 71.318, 70.619, 70.718, 70.591, 71.473, 73.721, 74.213, 72.682, 71.183, 71.002, 71.062, 70.911, 70.917, 70.829, 70.964, 71.282, 71.435, 70.286, 69.208, 68.332, 67.724, 68.427, 69.65, 70.45, 70.179, 70.034, 70.145, 69.578, 69.333, 68.99, 68.381], [31.392, 31.518, 31.258, 29.779, 29.607, 29.58, 28.272, 26.864, 23.541, 19.382, 17.887, 15.884, 12.305, 7.413, 0.0, 8.638, 11.849, 13.214, 16.974, 18.905, 18.968, 19.336, 19.624, 20.046, 21.371, 22.154, 23.71, 25.503, 27.141, 27.827, 29.26, 33.761, 38.763, 42.168, 45.372, 46.936, 47.711, 48.973, 49.323, 48.893, 50.988, 56.144, 60.68, 64.304, 66.515, 67.259, 67.677, 67.926, 68.684, 69.777, 69.669, 69.716, 71.333, 72.329, 72.418, 71.87, 71.176, 71.285, 71.179, 72.068, 74.288, 74.782, 73.282, 71.783, 71.602, 71.675, 71.524, 71.52, 71.414, 71.493, 71.757, 72.016, 71.101, 70.161, 69.335, 68.783, 69.467, 70.6, 71.341, 70.922, 70.628, 70.71, 70.183, 69.932, 69.545, 68.948], [30.456, 30.487, 30.522, 30.388, 31.261, 31.574, 30.553, 29.57, 26.124, 21.841, 20.561, 18.931, 16.876, 14.017, 8.638, 0.0, 5.755, 7.88, 10.823, 13.094, 13.231, 13.95, 14.529, 15.061, 16.288, 16.931, 18.762, 20.887, 22.873, 23.869, 25.398, 30.514, 36.368, 40.286, 43.717, 45.38, 46.181, 47.341, 47.655, 47.298, 49.538, 54.744, 59.428, 63.28, 65.482, 66.161, 66.504, 66.69, 67.766, 69.554, 69.735, 69.921, 71.773, 72.801, 72.911, 72.383, 71.697, 71.799, 71.658, 72.569, 74.86, 75.408, 73.942, 72.492, 72.329, 72.424, 72.308, 72.303, 72.144, 72.156, 72.432, 72.839, 72.204, 71.475, 70.68, 70.177, 70.867, 71.914, 72.6, 72.072, 71.596, 71.541, 70.995, 70.757, 70.345, 69.725], [31.191, 31.205, 31.222, 31.066, 31.79, 31.954, 30.868, 29.864, 26.674, 22.968, 22.203, 20.562, 18.766, 16.373, 11.849, 5.755, 0.0, 4.736, 8.273, 10.201, 10.401, 11.23, 11.865, 12.313, 13.779, 15.045, 17.243, 19.333, 21.361, 22.493, 23.827, 28.721, 34.478, 38.361, 41.84, 43.567, 44.436, 45.726, 46.178, 45.845, 48.128, 53.354, 58.035, 61.928, 64.095, 64.832, 65.204, 65.385, 66.465, 68.42, 68.831, 69.047, 70.942, 71.997, 72.109, 71.623, 70.975, 71.086, 70.926, 71.816, 74.118, 74.684, 73.207, 71.739, 71.578, 71.708, 71.603, 71.608, 71.447, 71.453, 71.744, 72.175, 71.511, 70.755, 69.925, 69.395, 70.099, 71.154, 71.833, 71.313, 70.839, 70.776, 70.227, 69.978, 69.567, 68.96], [30.838, 30.858, 31.001, 31.0, 31.71, 31.817, 30.779, 29.758, 26.511, 23.141, 22.483, 21.047, 19.9, 17.96, 13.214, 7.88, 4.736, 0.0, 5.891, 9.298, 9.364, 10.511, 11.24, 11.668, 13.186, 14.279, 16.474, 18.621, 20.742, 21.94, 23.461, 28.809, 34.898, 38.89, 42.433, 44.171, 44.975, 46.128, 46.507, 46.185, 48.548, 53.85, 58.456, 62.231, 64.337, 65.052, 65.388, 65.53, 66.762, 68.812, 69.191, 69.447, 71.338, 72.357, 72.464, 71.963, 71.309, 71.422, 71.251, 72.134, 74.442, 75.014, 73.541, 72.045, 71.86, 71.996, 71.904, 71.907, 71.738, 71.719, 71.997, 72.43, 71.691, 70.865, 69.999, 69.426, 70.139, 71.195, 71.827, 71.293, 70.817, 70.759, 70.229, 69.949, 69.524, 68.932], [31.753, 31.71, 32.001, 32.544, 33.761, 34.054, 33.161, 32.464, 29.499, 26.193, 25.515, 24.134, 23.156, 21.471, 16.974, 10.823, 8.273, 5.891, 0.0, 5.277, 5.494, 6.75, 7.821, 8.552, 10.136, 11.567, 14.262, 16.603, 18.96, 20.345, 21.769, 27.475, 34.127, 38.375, 41.988, 43.759, 44.546, 45.547, 45.896, 45.648, 48.091, 53.381, 58.001, 61.931, 64.041, 64.718, 65.038, 65.119, 66.475, 68.93, 69.479, 69.845, 72.001, 73.072, 73.171, 72.688, 72.025, 72.139, 71.959, 72.856, 75.192, 75.781, 74.314, 72.841, 72.682, 72.819, 72.733, 72.751, 72.564, 72.509, 72.8, 73.326, 72.712, 71.962, 71.099, 70.57, 71.292, 72.255, 72.821, 72.248, 71.72, 71.628, 71.096, 70.812, 70.397, 69.84], [32.844, 32.806, 33.058, 33.523, 34.693, 35.01, 34.157, 33.602, 30.933, 28.119, 27.781, 26.402, 25.038, 23.145, 18.905, 13.094, 10.201, 9.298, 5.277, 0.0, 1.981, 4.041, 5.361, 6.318, 8.222, 10.658, 14.142, 16.553, 18.844, 20.106, 20.996, 26.485, 33.102, 37.319, 40.871, 42.653, 43.504, 44.598, 45.08, 44.916, 47.29, 52.524, 57.205, 61.197, 63.282, 63.969, 64.344, 64.436, 65.802, 68.314, 68.982, 69.37, 71.625, 72.827, 72.922, 72.447, 71.798, 71.908, 71.74, 72.625, 74.911, 75.475, 74.008, 72.585, 72.465, 72.606, 72.494, 72.51, 72.333, 72.287, 72.586, 73.153, 72.646, 71.984, 71.142, 70.641, 71.36, 72.266, 72.824, 72.22, 71.653, 71.54, 70.984, 70.703, 70.28, 69.754], [32.806, 32.788, 33.014, 33.411, 34.532, 34.878, 34.08, 33.602, 30.938, 28.039, 27.699, 26.359, 24.999, 23.141, 18.968, 13.231, 10.401, 9.364, 5.494, 1.981, 0.0, 3.273, 4.842, 5.967, 7.997, 10.485, 13.993, 16.412, 18.69, 19.958, 20.892, 26.351, 32.961, 37.174, 40.732, 42.507, 43.362, 44.511, 45.056, 44.889, 47.221, 52.42, 57.097, 61.104, 63.173, 63.822, 64.178, 64.259, 65.617, 68.136, 68.804, 69.209, 71.474, 72.692, 72.817, 72.357, 71.706, 71.814, 71.641, 72.52, 74.806, 75.365, 73.892, 72.466, 72.347, 72.496, 72.387, 72.406, 72.236, 72.192, 72.488, 73.037, 72.501, 71.833, 71.0, 70.511, 71.233, 72.141, 72.712, 72.118, 71.558, 71.448, 70.886, 70.607, 70.183, 69.66], [33.299, 33.244, 33.389, 33.725, 34.953, 35.35, 34.585, 34.181, 31.632, 28.719, 28.348, 26.988, 25.454, 23.42, 19.336, 13.95, 11.23, 10.511, 6.75, 4.041, 3.273, 0.0, 2.444, 4.161, 6.743, 9.948, 13.662, 16.087, 18.372, 19.679, 20.587, 25.961, 32.508, 36.643, 40.153, 41.941, 42.837, 44.046, 44.647, 44.492, 46.727, 51.896, 56.634, 60.709, 62.788, 63.43, 63.773, 63.836, 65.187, 67.714, 68.394, 68.852, 71.239, 72.488, 72.625, 72.237, 71.598, 71.699, 71.549, 72.448, 74.737, 75.312, 73.82, 72.366, 72.256, 72.416, 72.31, 72.344, 72.189, 72.145, 72.434, 73.003, 72.494, 71.84, 71.03, 70.586, 71.317, 72.218, 72.819, 72.217, 71.643, 71.533, 70.949, 70.669, 70.251, 69.749], [33.391, 33.343, 33.441, 33.721, 34.939, 35.306, 34.503, 34.051, 31.563, 28.782, 28.442, 27.07, 25.584, 23.61, 19.624, 14.529, 11.865, 11.24, 7.821, 5.361, 4.842, 2.444, 0.0, 2.893, 6.259, 9.632, 13.484, 16.016, 18.308, 19.608, 20.468, 25.738, 32.248, 36.393, 39.88, 41.66, 42.59, 43.86, 44.498, 44.341, 46.522, 51.669, 56.435, 60.493, 62.56, 63.203, 63.531, 63.571, 64.893, 67.381, 68.037, 68.485, 70.89, 72.162, 72.299, 71.962, 71.38, 71.486, 71.34, 72.249, 74.527, 75.069, 73.556, 72.1, 71.995, 72.16, 72.04, 72.068, 71.931, 71.909, 72.192, 72.742, 72.214, 71.539, 70.73, 70.295, 71.022, 71.926, 72.539, 71.936, 71.355, 71.254, 70.677, 70.391, 69.972, 69.491], [33.709, 33.638, 33.741, 34.13, 35.482, 35.903, 35.156, 34.747, 32.386, 29.777, 29.386, 27.952, 26.458, 24.256, 20.046, 15.061, 12.313, 11.668, 8.552, 6.318, 5.967, 4.161, 2.893, 0.0, 4.378, 8.619, 12.896, 15.624, 18.043, 19.447, 20.195, 25.421, 32.004, 36.178, 39.645, 41.411, 42.356, 43.626, 44.202, 44.027, 46.267, 51.509, 56.28, 60.331, 62.409, 63.106, 63.443, 63.497, 64.856, 67.328, 68.007, 68.506, 70.923, 72.197, 72.317, 71.956, 71.376, 71.509, 71.381, 72.292, 74.554, 75.091, 73.576, 72.103, 71.999, 72.161, 72.02, 72.048, 71.903, 71.872, 72.144, 72.727, 72.257, 71.621, 70.803, 70.342, 71.065, 71.944, 72.558, 71.94, 71.333, 71.218, 70.624, 70.339, 69.894, 69.382], [34.514, 34.412, 34.599, 35.29, 36.973, 37.675, 37.153, 36.941, 34.463, 31.644, 31.237, 29.884, 28.338, 25.881, 21.371, 16.288, 13.779, 13.186, 10.136, 8.222, 7.997, 6.743, 6.259, 4.378, 0.0, 5.934, 11.468, 14.773, 17.457, 19.037, 20.034, 25.75, 32.622, 36.787, 40.134, 41.859, 42.807, 44.012, 44.449, 44.237, 46.568, 51.9, 56.708, 60.835, 62.911, 63.626, 63.939, 64.001, 65.465, 67.985, 68.712, 69.327, 71.823, 73.119, 73.21, 72.76, 72.11, 72.245, 72.157, 73.101, 75.367, 75.918, 74.424, 72.962, 72.861, 73.014, 72.868, 72.896, 72.728, 72.671, 72.938, 73.594, 73.326, 72.876, 72.082, 71.604, 72.306, 73.105, 73.699, 73.029, 72.365, 72.189, 71.539, 71.272, 70.773, 70.191], [34.679, 34.615, 34.913, 35.896, 37.728, 38.516, 38.088, 37.964, 35.149, 31.873, 31.337, 30.209, 28.913, 26.636, 22.154, 16.931, 15.045, 14.279, 11.567, 10.658, 10.485, 9.948, 9.632, 8.619, 5.934, 0.0, 6.912, 11.608, 15.067, 16.951, 18.744, 25.57, 32.933, 37.2, 40.516, 42.199, 43.148, 44.259, 44.517, 44.326, 46.841, 52.241, 57.111, 61.314, 63.408, 64.086, 64.334, 64.347, 65.864, 68.446, 69.152, 69.82, 72.324, 73.593, 73.671, 73.166, 72.508, 72.643, 72.575, 73.632, 76.018, 76.603, 75.122, 73.68, 73.581, 73.713, 73.573, 73.6, 73.415, 73.357, 73.629, 74.331, 74.172, 73.8, 73.009, 72.537, 73.233, 73.999, 74.58, 73.887, 73.187, 72.988, 72.328, 72.068, 71.554, 70.93], [35.1, 35.038, 35.355, 36.477, 38.411, 39.185, 38.783, 38.817, 35.849, 32.25, 31.56, 30.506, 29.528, 27.652, 23.71, 18.762, 17.243, 16.474, 14.262, 14.142, 13.993, 13.662, 13.484, 12.896, 11.468, 6.912, 0.0, 6.161, 10.996, 13.656, 16.533, 24.436, 32.091, 36.347, 39.639, 41.289, 42.29, 43.406, 43.602, 43.481, 46.207, 51.693, 56.559, 60.821, 62.937, 63.614, 63.84, 63.801, 65.273, 67.949, 68.76, 69.494, 72.03, 73.243, 73.324, 72.814, 72.137, 72.274, 72.197, 73.38, 76.035, 76.789, 75.346, 73.92, 73.847, 73.975, 73.832, 73.875, 73.669, 73.627, 73.924, 74.643, 74.478, 74.097, 73.304, 72.831, 73.537, 74.314, 74.894, 74.222, 73.533, 73.328, 72.669, 72.425, 71.942, 71.307], [35.517, 35.405, 35.728, 36.853, 38.674, 39.418, 39.078, 39.309, 36.633, 33.32, 32.637, 31.564, 30.7, 29.038, 25.503, 20.887, 19.333, 18.621, 16.603, 16.553, 16.412, 16.087, 16.016, 15.624, 14.773, 11.608, 6.161, 0.0, 6.026, 9.887, 13.744, 22.22, 29.938, 34.209, 37.552, 39.237, 40.249, 41.279, 41.417, 41.332, 44.108, 49.598, 54.372, 58.617, 60.711, 61.377, 61.62, 61.543, 62.991, 65.772, 66.749, 67.594, 70.212, 71.387, 71.47, 70.96, 70.254, 70.382, 70.296, 71.513, 74.375, 75.457, 74.204, 72.828, 72.759, 72.876, 72.737, 72.805, 72.564, 72.511, 72.858, 73.663, 73.563, 73.216, 72.437, 72.0, 72.739, 73.506, 74.077, 73.419, 72.756, 72.546, 71.885, 71.669, 71.227, 70.627], [36.024, 35.881, 36.172, 37.151, 38.664, 39.331, 39.074, 39.617, 37.325, 34.37, 33.772, 32.694, 31.827, 30.297, 27.141, 22.873, 21.361, 20.742, 18.96, 18.844, 18.69, 18.372, 18.308, 18.043, 17.457, 15.067, 10.996, 6.026, 0.0, 5.139, 10.522, 19.629, 27.448, 31.798, 35.198, 36.939, 37.942, 38.903, 39.06, 39.079, 41.821, 47.227, 51.987, 56.255, 58.342, 58.973, 59.204, 59.08, 60.552, 63.391, 64.374, 65.238, 67.914, 69.096, 69.18, 68.673, 67.983, 68.121, 68.059, 69.264, 72.12, 73.424, 72.512, 71.296, 71.234, 71.311, 71.161, 71.236, 70.941, 70.862, 71.272, 72.234, 72.282, 71.981, 71.199, 70.809, 71.585, 72.328, 72.9, 72.25, 71.591, 71.325, 70.592, 70.401, 70.039, 69.518], [36.609, 36.496, 36.704, 37.397, 38.413, 38.756, 38.429, 39.337, 37.396, 34.663, 34.103, 33.075, 32.251, 30.739, 27.827, 23.869, 22.493, 21.94, 20.345, 20.106, 19.958, 19.679, 19.608, 19.447, 19.037, 16.951, 13.656, 9.887, 5.139, 0.0, 7.286, 17.656, 25.825, 30.302, 33.743, 35.528, 36.578, 37.637, 38.014, 38.309, 41.163, 46.54, 51.331, 55.621, 57.751, 58.395, 58.598, 58.443, 59.973, 62.825, 63.667, 64.392, 67.044, 68.272, 68.394, 67.905, 67.255, 67.419, 67.38, 68.561, 71.28, 72.461, 71.642, 70.609, 70.598, 70.592, 70.404, 70.473, 70.116, 70.003, 70.42, 71.468, 71.615, 71.334, 70.506, 70.1, 70.882, 71.617, 72.201, 71.511, 70.776, 70.396, 69.54, 69.347, 69.083, 68.671], [38.422, 38.352, 38.464, 38.93, 39.376, 39.127, 38.434, 39.744, 38.801, 36.638, 35.946, 34.845, 33.997, 32.189, 29.26, 25.398, 23.827, 23.461, 21.769, 20.996, 20.892, 20.587, 20.468, 20.195, 20.034, 18.744, 16.533, 13.744, 10.522, 7.286, 0.0, 11.784, 20.905, 25.873, 29.515, 31.435, 32.579, 33.785, 34.587, 35.385, 38.488, 43.988, 48.803, 53.138, 55.412, 56.204, 56.442, 56.302, 57.922, 60.858, 61.675, 62.317, 64.99, 66.316, 66.51, 66.114, 65.571, 65.791, 65.785, 66.946, 69.557, 70.616, 69.693, 68.729, 68.898, 68.922, 68.7, 68.78, 68.396, 68.246, 68.652, 69.814, 70.082, 69.816, 68.936, 68.53, 69.314, 70.053, 70.678, 69.913, 69.032, 68.535, 67.62, 67.419, 67.239, 67.026], [43.029, 43.022, 43.013, 43.148, 42.859, 41.944, 40.656, 42.212, 42.788, 41.236, 40.214, 38.877, 37.729, 35.979, 33.761, 30.514, 28.721, 28.809, 27.475, 26.485, 26.351, 25.961, 25.738, 25.421, 25.75, 25.57, 24.436, 22.22, 19.629, 17.656, 11.784, 0.0, 10.233, 16.43, 20.816, 23.203, 24.469, 25.98, 27.645, 29.032, 32.364, 37.886, 42.532, 47.072, 49.647, 50.649, 51.01, 50.871, 52.376, 55.389, 56.337, 56.956, 59.754, 61.237, 61.544, 61.365, 61.044, 61.344, 61.357, 62.51, 65.151, 66.358, 65.506, 64.64, 65.062, 65.246, 65.044, 65.159, 64.78, 64.612, 65.074, 66.397, 66.797, 66.55, 65.676, 65.354, 66.157, 66.972, 67.729, 66.955, 65.947, 65.314, 64.396, 64.26, 64.188, 64.236], [47.249, 47.347, 47.238, 46.997, 46.238, 44.963, 43.326, 44.873, 46.372, 45.447, 44.454, 42.963, 41.55, 40.063, 38.763, 36.368, 34.478, 34.898, 34.127, 33.102, 32.961, 32.508, 32.248, 32.004, 32.622, 32.933, 32.091, 29.938, 27.448, 25.825, 20.905, 10.233, 0.0, 7.276, 12.639, 15.827, 17.429, 19.717, 22.554, 24.345, 27.66, 33.061, 37.345, 41.826, 44.562, 45.709, 46.198, 46.111, 47.365, 50.244, 51.314, 51.911, 54.783, 56.415, 56.811, 56.772, 56.597, 56.946, 56.991, 58.16, 60.891, 62.359, 61.694, 60.965, 61.538, 61.814, 61.674, 61.841, 61.424, 61.223, 61.764, 63.149, 63.648, 63.552, 62.763, 62.512, 63.312, 64.208, 65.103, 64.334, 63.248, 62.504, 61.568, 61.524, 61.522, 61.734], [49.907, 50.119, 49.917, 49.411, 48.49, 47.144, 45.392, 46.945, 48.803, 48.256, 47.457, 45.904, 44.318, 42.955, 42.168, 40.286, 38.361, 38.89, 38.375, 37.319, 37.174, 36.643, 36.393, 36.178, 36.787, 37.2, 36.347, 34.209, 31.798, 30.302, 25.873, 16.43, 7.276, 0.0, 6.283, 10.558, 12.811, 16.175, 20.07, 22.15, 25.476, 30.859, 34.885, 39.201, 41.958, 43.204, 43.768, 43.754, 44.867, 47.549, 48.673, 49.34, 52.328, 54.084, 54.52, 54.484, 54.292, 54.663, 54.78, 56.01, 58.834, 60.503, 59.924, 59.245, 59.904, 60.223, 60.156, 60.407, 59.962, 59.74, 60.34, 61.735, 62.29, 62.36, 61.634, 61.385, 62.167, 63.106, 64.092, 63.301, 62.153, 61.305, 60.286, 60.282, 60.283, 60.518], [52.134, 52.449, 52.129, 51.53, 50.672, 49.393, 47.681, 49.369, 51.439, 51.133, 50.484, 48.94, 47.298, 45.943, 45.372, 43.717, 41.84, 42.433, 41.988, 40.871, 40.732, 40.153, 39.88, 39.645, 40.134, 40.516, 39.639, 37.552, 35.198, 33.743, 29.515, 20.816, 12.639, 6.283, 0.0, 5.242, 8.689, 13.749, 18.694, 21.031, 24.033, 29.139, 32.986, 37.294, 40.067, 41.357, 41.955, 41.956, 43.038, 45.636, 46.821, 47.655, 50.822, 52.695, 53.153, 53.138, 52.955, 53.348, 53.556, 54.847, 57.7, 59.483, 58.935, 58.329, 59.108, 59.471, 59.442, 59.798, 59.434, 59.306, 59.982, 61.473, 62.252, 62.56, 61.91, 61.679, 62.439, 63.337, 64.382, 63.544, 62.259, 61.247, 60.11, 60.148, 60.131, 60.371], [52.949, 53.353, 52.956, 52.281, 51.493, 50.296, 48.686, 50.552, 52.746, 52.559, 51.979, 50.446, 48.797, 47.437, 46.936, 45.38, 43.567, 44.171, 43.759, 42.653, 42.507, 41.941, 41.66, 41.411, 41.859, 42.199, 41.289, 39.237, 36.939, 35.528, 31.435, 23.203, 15.827, 10.558, 5.242, 0.0, 5.056, 12.174, 17.892, 20.265, 22.81, 27.552, 31.244, 35.593, 38.375, 39.635, 40.27, 40.271, 41.351, 43.936, 45.172, 46.147, 49.466, 51.396, 51.868, 51.891, 51.742, 52.144, 52.386, 53.707, 56.604, 58.475, 57.958, 57.395, 58.263, 58.704, 58.729, 59.148, 58.907, 58.964, 59.779, 61.386, 62.293, 62.707, 62.087, 61.887, 62.642, 63.513, 64.587, 63.73, 62.357, 61.273, 60.11, 60.167, 60.13, 60.4], [53.534, 53.946, 53.61, 52.946, 52.093, 50.881, 49.281, 51.084, 53.311, 53.214, 52.595, 51.064, 49.5, 48.221, 47.711, 46.181, 44.436, 44.975, 44.546, 43.504, 43.362, 42.837, 42.59, 42.356, 42.807, 43.148, 42.29, 40.249, 37.942, 36.578, 32.579, 24.469, 17.429, 12.811, 8.689, 5.056, 0.0, 8.292, 15.007, 17.714, 20.551, 25.868, 29.511, 33.856, 36.796, 38.101, 38.74, 38.696, 39.741, 42.296, 43.503, 44.589, 48.085, 50.049, 50.485, 50.469, 50.321, 50.733, 51.003, 52.383, 55.445, 57.614, 57.239, 56.636, 57.502, 58.014, 58.121, 58.569, 58.368, 58.511, 59.588, 61.466, 62.44, 62.84, 62.188, 61.934, 62.692, 63.577, 64.625, 63.793, 62.455, 61.383, 60.262, 60.334, 60.289, 60.562], [54.392, 54.75, 54.614, 54.279, 53.523, 52.302, 50.665, 52.163, 54.295, 54.27, 53.507, 51.971, 50.669, 49.593, 48.973, 47.341, 45.726, 46.128, 45.547, 44.598, 44.511, 44.046, 43.86, 43.626, 44.012, 44.259, 43.406, 41.279, 38.903, 37.637, 33.785, 25.98, 19.717, 16.175, 13.749, 12.174, 8.292, 0.0, 7.99, 12.121, 16.645, 23.648, 27.359, 31.724, 35.008, 36.47, 37.032, 36.863, 37.992, 40.647, 41.84, 43.095, 46.864, 48.851, 49.136, 48.911, 48.71, 49.161, 49.496, 50.982, 54.307, 56.959, 56.848, 56.123, 56.823, 57.295, 57.458, 57.907, 57.652, 57.695, 59.015, 61.479, 62.869, 63.378, 62.688, 62.343, 63.118, 64.008, 64.961, 64.151, 62.921, 61.917, 60.889, 60.958, 60.869, 61.145], [54.157, 54.501, 54.535, 54.569, 54.154, 53.105, 51.493, 52.64, 54.527, 54.55, 53.709, 52.131, 50.978, 50.028, 49.323, 47.655, 46.178, 46.507, 45.896, 45.08, 45.056, 44.647, 44.498, 44.202, 44.449, 44.517, 43.602, 41.417, 39.06, 38.014, 34.587, 27.645, 22.554, 20.07, 18.694, 17.892, 15.007, 7.99, 0.0, 6.458, 14.035, 22.564, 26.323, 30.588, 34.03, 35.632, 36.169, 35.974, 37.231, 39.912, 41.127, 42.56, 46.421, 48.358, 48.506, 48.042, 47.75, 48.206, 48.565, 50.113, 53.599, 56.516, 56.572, 55.759, 56.229, 56.568, 56.72, 57.133, 56.816, 56.741, 58.07, 60.94, 62.953, 63.783, 63.107, 62.727, 63.532, 64.454, 65.355, 64.531, 63.367, 62.445, 61.512, 61.568, 61.367, 61.583], [53.284, 53.643, 53.725, 53.848, 53.652, 52.898, 51.384, 52.228, 53.964, 54.082, 53.33, 51.679, 50.433, 49.554, 48.893, 47.298, 45.845, 46.185, 45.648, 44.916, 44.889, 44.492, 44.341, 44.027, 44.237, 44.326, 43.481, 41.332, 39.079, 38.309, 35.385, 29.032, 24.345, 22.15, 21.031, 20.265, 17.714, 12.121, 6.458, 0.0, 10.304, 20.436, 24.244, 28.476, 32.002, 33.671, 34.291, 34.08, 35.177, 37.708, 39.042, 40.829, 44.914, 46.855, 46.936, 46.382, 46.024, 46.495, 46.867, 48.481, 52.11, 55.108, 55.184, 54.427, 54.832, 55.022, 55.117, 55.555, 55.313, 55.313, 56.683, 59.528, 61.719, 62.875, 62.361, 61.955, 62.784, 63.742, 64.6, 63.811, 62.768, 61.937, 61.078, 61.166, 60.834, 60.804], [54.349, 54.738, 54.735, 54.788, 54.702, 54.188, 52.954, 53.809, 55.653, 56.097, 55.589, 54.028, 52.643, 51.663, 50.988, 49.538, 48.128, 48.548, 48.091, 47.29, 47.221, 46.727, 46.522, 46.267, 46.568, 46.841, 46.207, 44.108, 41.821, 41.163, 38.488, 32.364, 27.66, 25.476, 24.033, 22.81, 20.551, 16.645, 14.035, 10.304, 0.0, 11.691, 16.444, 21.112, 25.017, 26.651, 27.409, 27.357, 28.537, 31.253, 32.882, 35.039, 39.616, 41.659, 41.725, 41.484, 41.337, 41.859, 42.32, 43.965, 47.597, 50.652, 50.755, 50.148, 50.676, 50.858, 51.005, 51.537, 51.584, 51.896, 53.423, 56.404, 58.873, 60.31, 60.358, 60.574, 61.387, 62.282, 63.168, 62.347, 61.357, 60.681, 60.008, 60.145, 59.804, 59.901], [58.099, 58.556, 58.456, 58.494, 58.487, 58.048, 57.007, 58.253, 60.419, 60.986, 60.574, 59.116, 57.69, 56.718, 56.144, 54.744, 53.354, 53.85, 53.381, 52.524, 52.42, 51.896, 51.669, 51.509, 51.9, 52.241, 51.693, 49.598, 47.227, 46.54, 43.988, 37.886, 33.061, 30.859, 29.139, 27.552, 25.868, 23.648, 22.564, 20.436, 11.691, 0.0, 7.142, 13.351, 17.552, 19.087, 20.122, 20.353, 21.79, 25.54, 27.823, 30.087, 35.032, 37.091, 37.307, 37.705, 37.989, 38.529, 38.961, 40.448, 43.815, 46.803, 47.042, 46.74, 47.507, 47.843, 48.17, 48.757, 49.027, 49.594, 51.163, 54.367, 57.394, 59.07, 59.609, 60.845, 61.679, 62.411, 63.425, 62.522, 61.373, 60.729, 60.238, 60.408, 60.183, 60.677], [61.582, 62.056, 61.949, 61.944, 61.813, 61.329, 60.285, 61.633, 64.294, 65.21, 64.765, 63.326, 61.992, 61.127, 60.68, 59.428, 58.035, 58.456, 58.001, 57.205, 57.097, 56.634, 56.435, 56.28, 56.708, 57.111, 56.559, 54.372, 51.987, 51.331, 48.803, 42.532, 37.345, 34.885, 32.986, 31.244, 29.511, 27.359, 26.323, 24.244, 16.444, 7.142, 0.0, 8.236, 13.239, 15.086, 16.499, 16.768, 18.09, 22.213, 25.063, 27.732, 32.975, 35.041, 35.316, 35.842, 36.236, 36.799, 37.215, 38.621, 42.008, 45.319, 45.826, 45.669, 46.495, 46.883, 47.305, 47.965, 48.273, 48.868, 50.568, 53.994, 57.298, 59.187, 59.787, 61.164, 62.037, 62.724, 63.74, 62.846, 61.664, 60.979, 60.546, 60.754, 60.529, 61.08], [63.966, 64.474, 64.368, 64.23, 63.86, 63.254, 62.17, 63.436, 66.555, 68.321, 68.145, 66.719, 65.514, 64.731, 64.304, 63.28, 61.928, 62.231, 61.931, 61.197, 61.104, 60.709, 60.493, 60.331, 60.835, 61.314, 60.821, 58.617, 56.255, 55.621, 53.138, 47.072, 41.826, 39.201, 37.294, 35.593, 33.856, 31.724, 30.588, 28.476, 21.112, 13.351, 8.236, 0.0, 6.554, 9.916, 12.005, 12.813, 14.521, 18.394, 21.202, 24.047, 29.205, 31.158, 31.478, 32.154, 32.753, 33.403, 33.867, 35.202, 38.527, 42.031, 42.735, 42.644, 43.484, 43.886, 44.349, 45.006, 45.374, 46.065, 47.858, 51.344, 54.824, 56.914, 57.779, 59.443, 60.271, 60.982, 62.065, 61.086, 59.848, 59.21, 58.945, 59.169, 58.925, 59.632], [65.144, 65.662, 65.542, 65.419, 65.117, 64.619, 63.664, 64.979, 68.159, 70.248, 70.367, 68.988, 67.75, 66.985, 66.515, 65.482, 64.095, 64.337, 64.041, 63.282, 63.173, 62.788, 62.56, 62.409, 62.911, 63.408, 62.937, 60.711, 58.342, 57.751, 55.412, 49.647, 44.562, 41.958, 40.067, 38.375, 36.796, 35.008, 34.03, 32.002, 25.017, 17.552, 13.239, 6.554, 0.0, 5.856, 9.05, 10.172, 12.82, 17.283, 20.276, 23.09, 28.052, 29.85, 30.235, 31.045, 31.726, 32.347, 32.778, 33.993, 37.092, 40.49, 41.375, 41.438, 42.266, 42.7, 43.172, 43.774, 44.162, 44.893, 46.66, 50.156, 53.846, 56.202, 57.268, 59.247, 60.086, 60.776, 62.054, 60.987, 59.562, 58.881, 58.667, 58.878, 58.611, 59.513], [65.18, 65.7, 65.569, 65.484, 65.282, 64.898, 64.116, 65.553, 68.628, 70.6, 70.775, 69.636, 68.496, 67.724, 67.259, 66.161, 64.832, 65.052, 64.718, 63.969, 63.822, 63.43, 63.203, 63.106, 63.626, 64.086, 63.614, 61.377, 58.973, 58.395, 56.204, 50.649, 45.709, 43.204, 41.357, 39.635, 38.101, 36.47, 35.632, 33.671, 26.651, 19.087, 15.086, 9.916, 5.856, 0.0, 4.508, 6.624, 10.258, 15.782, 19.034, 22.094, 27.353, 29.234, 29.598, 30.371, 30.999, 31.525, 31.903, 33.121, 36.324, 39.886, 40.935, 41.115, 41.978, 42.488, 43.013, 43.614, 44.058, 44.849, 46.654, 50.096, 53.754, 56.224, 57.39, 59.441, 60.29, 60.97, 62.302, 61.28, 59.82, 59.109, 58.904, 59.142, 58.846, 59.769], [65.156, 65.683, 65.547, 65.502, 65.333, 64.966, 64.253, 65.756, 68.781, 70.683, 70.826, 69.835, 68.928, 68.203, 67.677, 66.504, 65.204, 65.388, 65.038, 64.344, 64.178, 63.773, 63.531, 63.443, 63.939, 64.334, 63.84, 61.62, 59.204, 58.598, 56.442, 51.01, 46.198, 43.768, 41.955, 40.27, 38.74, 37.032, 36.169, 34.291, 27.409, 20.122, 16.499, 12.005, 9.05, 4.508, 0.0, 4.359, 9.87, 15.863, 18.97, 22.229, 27.742, 29.69, 30.051, 30.674, 31.201, 31.729, 32.134, 33.38, 36.592, 40.192, 41.304, 41.494, 42.378, 42.871, 43.38, 43.97, 44.39, 45.17, 46.96, 50.386, 54.081, 56.628, 57.781, 59.79, 60.619, 61.271, 62.601, 61.556, 60.092, 59.33, 59.053, 59.306, 58.998, 59.854], [65.134, 65.638, 65.496, 65.481, 65.327, 64.977, 64.288, 65.815, 68.806, 70.654, 70.76, 69.764, 68.962, 68.394, 67.926, 66.69, 65.385, 65.53, 65.119, 64.436, 64.259, 63.836, 63.571, 63.497, 64.001, 64.347, 63.801, 61.543, 59.08, 58.443, 56.302, 50.871, 46.111, 43.754, 41.956, 40.271, 38.696, 36.863, 35.974, 34.08, 27.357, 20.353, 16.768, 12.813, 10.172, 6.624, 4.359, 0.0, 7.925, 15.207, 18.481, 22.201, 28.164, 30.174, 30.537, 31.195, 31.787, 32.356, 32.776, 34.058, 37.293, 40.953, 42.066, 42.244, 43.145, 43.612, 44.052, 44.646, 45.082, 45.872, 47.709, 51.2, 54.837, 57.342, 58.388, 60.289, 61.162, 61.764, 63.087, 62.117, 60.677, 59.92, 59.586, 59.799, 59.49, 60.213], [66.252, 66.734, 66.541, 66.26, 65.932, 65.572, 64.811, 66.192, 69.234, 71.052, 71.14, 70.08, 69.162, 68.702, 68.684, 67.766, 66.465, 66.762, 66.475, 65.802, 65.617, 65.187, 64.893, 64.856, 65.465, 65.864, 65.273, 62.991, 60.552, 59.973, 57.922, 52.376, 47.365, 44.867, 43.038, 41.351, 39.741, 37.992, 37.231, 35.177, 28.537, 21.79, 18.09, 14.521, 12.82, 10.258, 9.87, 7.925, 0.0, 9.466, 14.154, 18.427, 24.994, 27.173, 27.512, 28.421, 29.242, 29.862, 30.241, 31.581, 35.144, 39.189, 40.274, 40.423, 41.453, 42.01, 42.502, 43.173, 43.768, 44.769, 46.813, 50.24, 53.639, 56.079, 57.206, 59.247, 60.184, 60.7, 61.95, 61.244, 60.113, 59.599, 59.481, 59.771, 59.51, 60.166], [68.089, 68.556, 68.306, 67.572, 66.805, 66.359, 65.553, 66.744, 69.972, 72.052, 72.2, 71.112, 70.001, 69.478, 69.777, 69.554, 68.42, 68.812, 68.93, 68.314, 68.136, 67.714, 67.381, 67.328, 67.985, 68.446, 67.949, 65.772, 63.391, 62.825, 60.858, 55.389, 50.244, 47.549, 45.636, 43.936, 42.296, 40.647, 39.912, 37.708, 31.253, 25.54, 22.213, 18.394, 17.283, 15.782, 15.863, 15.207, 9.466, 0.0, 6.957, 13.076, 20.148, 22.691, 22.921, 23.866, 24.868, 25.562, 26.122, 27.544, 31.287, 35.964, 37.4, 37.605, 38.718, 39.335, 39.862, 40.645, 41.467, 42.749, 44.99, 48.408, 51.744, 54.225, 55.428, 57.465, 58.389, 58.893, 60.125, 59.577, 58.826, 58.578, 58.618, 59.027, 58.772, 59.434], [68.147, 68.637, 68.367, 67.425, 66.337, 65.734, 64.889, 66.113, 69.52, 71.83, 72.021, 70.962, 69.855, 69.318, 69.669, 69.735, 68.831, 69.191, 69.479, 68.982, 68.804, 68.394, 68.037, 68.007, 68.712, 69.152, 68.76, 66.749, 64.374, 63.667, 61.675, 56.337, 51.314, 48.673, 46.821, 45.172, 43.503, 41.84, 41.127, 39.042, 32.882, 27.823, 25.063, 21.202, 20.276, 19.034, 18.97, 18.481, 14.154, 6.957, 0.0, 8.351, 16.21, 19.025, 19.394, 20.516, 21.842, 22.675, 23.45, 24.869, 28.289, 32.925, 34.651, 35.113, 36.326, 36.97, 37.583, 38.404, 39.33, 40.738, 43.074, 46.579, 49.955, 52.397, 53.637, 55.755, 56.67, 57.188, 58.467, 57.925, 57.194, 56.957, 56.987, 57.411, 57.363, 58.324], [68.375, 68.881, 68.589, 67.512, 66.173, 65.336, 64.35, 65.61, 69.21, 71.648, 71.876, 70.818, 69.713, 69.239, 69.716, 69.921, 69.047, 69.447, 69.845, 69.37, 69.209, 68.852, 68.485, 68.506, 69.327, 69.82, 69.494, 67.594, 65.238, 64.392, 62.317, 56.956, 51.911, 49.34, 47.655, 46.147, 44.589, 43.095, 42.56, 40.829, 35.039, 30.087, 27.732, 24.047, 23.09, 22.094, 22.229, 22.201, 18.427, 13.076, 8.351, 0.0, 8.98, 12.639, 13.469, 15.509, 17.688, 18.656, 19.347, 20.516, 23.555, 27.81, 29.65, 30.487, 31.879, 32.836, 33.832, 34.661, 35.699, 37.235, 39.614, 43.185, 46.688, 49.043, 50.403, 52.928, 53.824, 54.456, 55.933, 55.315, 54.454, 54.255, 54.478, 54.868, 55.219, 57.277], [70.027, 70.552, 70.248, 69.055, 67.458, 66.429, 65.326, 66.49, 70.287, 73.004, 73.312, 72.267, 71.177, 70.751, 71.333, 71.773, 70.942, 71.338, 72.001, 71.625, 71.474, 71.239, 70.89, 70.923, 71.823, 72.324, 72.03, 70.212, 67.914, 67.044, 64.99, 59.754, 54.783, 52.328, 50.822, 49.466, 48.085, 46.864, 46.421, 44.914, 39.616, 35.032, 32.975, 29.205, 28.052, 27.353, 27.742, 28.164, 24.994, 20.148, 16.21, 8.98, 0.0, 5.308, 7.455, 10.961, 14.364, 15.365, 15.802, 16.485, 19.009, 23.036, 25.179, 26.421, 27.915, 29.221, 30.565, 31.359, 32.584, 34.317, 36.638, 40.01, 43.507, 45.821, 47.398, 50.32, 51.132, 51.889, 53.55, 52.86, 51.941, 51.891, 52.502, 52.925, 53.508, 56.574], [70.866, 71.388, 71.091, 69.912, 68.327, 67.309, 66.226, 67.314, 71.119, 73.933, 74.278, 73.227, 72.163, 71.759, 72.329, 72.801, 71.997, 72.357, 73.072, 72.827, 72.692, 72.488, 72.162, 72.197, 73.119, 73.593, 73.243, 71.387, 69.096, 68.272, 66.316, 61.237, 56.415, 54.084, 52.695, 51.396, 50.049, 48.851, 48.358, 46.855, 41.659, 37.091, 35.041, 31.158, 29.85, 29.234, 29.69, 30.174, 27.173, 22.691, 19.025, 12.639, 5.308, 0.0, 4.339, 9.485, 13.507, 14.51, 14.747, 15.177, 17.565, 21.745, 24.239, 25.626, 27.081, 28.422, 29.842, 30.651, 31.971, 33.776, 36.07, 39.318, 42.705, 44.981, 46.702, 49.859, 50.654, 51.358, 52.99, 52.306, 51.417, 51.535, 52.421, 52.877, 53.523, 56.8], [70.827, 71.343, 71.065, 69.899, 68.362, 67.42, 66.421, 67.5, 71.245, 74.058, 74.422, 73.369, 72.278, 71.856, 72.418, 72.911, 72.109, 72.464, 73.171, 72.922, 72.817, 72.625, 72.299, 72.317, 73.21, 73.671, 73.324, 71.47, 69.18, 68.394, 66.51, 61.544, 56.811, 54.52, 53.153, 51.868, 50.485, 49.136, 48.506, 46.936, 41.725, 37.307, 35.316, 31.478, 30.235, 29.598, 30.051, 30.537, 27.512, 22.921, 19.394, 13.469, 7.455, 4.339, 0.0, 6.4, 11.253, 12.5, 12.873, 13.365, 16.025, 20.776, 23.617, 24.963, 26.282, 27.54, 28.956, 29.785, 31.163, 33.036, 35.44, 38.843, 42.311, 44.682, 46.385, 49.412, 50.205, 50.844, 52.362, 51.748, 51.043, 51.292, 52.247, 52.732, 53.327, 56.534], [69.977, 70.501, 70.27, 69.137, 67.622, 66.747, 65.839, 66.948, 70.666, 73.498, 73.886, 72.844, 71.754, 71.318, 71.87, 72.383, 71.623, 71.963, 72.688, 72.447, 72.357, 72.237, 71.962, 71.956, 72.76, 73.166, 72.814, 70.96, 68.673, 67.905, 66.114, 61.365, 56.772, 54.484, 53.138, 51.891, 50.469, 48.911, 48.042, 46.382, 41.484, 37.705, 35.842, 32.154, 31.045, 30.371, 30.674, 31.195, 28.421, 23.866, 20.516, 15.509, 10.961, 9.485, 6.4, 0.0, 5.7, 7.695, 8.572, 9.537, 13.223, 19.048, 22.378, 23.674, 24.891, 25.906, 27.225, 28.075, 29.27, 31.097, 33.675, 37.232, 40.974, 43.775, 45.333, 47.938, 48.745, 49.361, 50.8, 50.22, 49.707, 49.999, 50.895, 51.422, 51.936, 55.07], [69.146, 69.66, 69.459, 68.365, 66.907, 66.096, 65.246, 66.365, 70.025, 72.818, 73.221, 72.187, 71.072, 70.619, 71.176, 71.697, 70.975, 71.309, 72.025, 71.798, 71.706, 71.598, 71.38, 71.376, 72.11, 72.508, 72.137, 70.254, 67.983, 67.255, 65.571, 61.044, 56.597, 54.292, 52.955, 51.742, 50.321, 48.71, 47.75, 46.024, 41.337, 37.989, 36.236, 32.753, 31.726, 30.999, 31.201, 31.787, 29.242, 24.868, 21.842, 17.688, 14.364, 13.507, 11.253, 5.7, 0.0, 3.338, 5.217, 7.125, 12.169, 18.628, 21.973, 23.093, 24.332, 25.202, 26.378, 27.277, 28.275, 29.998, 32.695, 36.176, 40.024, 43.218, 44.706, 47.003, 47.828, 48.429, 49.83, 49.22, 48.822, 49.126, 49.93, 50.475, 50.896, 53.967], [69.28, 69.786, 69.584, 68.508, 67.069, 66.279, 65.459, 66.557, 70.158, 72.922, 73.328, 72.315, 71.179, 70.718, 71.285, 71.799, 71.086, 71.422, 72.139, 71.908, 71.814, 71.699, 71.486, 71.509, 72.245, 72.643, 72.274, 70.382, 68.121, 67.419, 65.791, 61.344, 56.946, 54.663, 53.348, 52.144, 50.733, 49.161, 48.206, 46.495, 41.859, 38.529, 36.799, 33.403, 32.347, 31.525, 31.729, 32.356, 29.862, 25.562, 22.675, 18.656, 15.365, 14.51, 12.5, 7.695, 3.338, 0.0, 2.883, 5.78, 11.607, 18.329, 21.704, 22.858, 24.109, 25.076, 26.259, 27.118, 28.089, 29.808, 32.561, 36.012, 39.894, 43.19, 44.706, 46.978, 47.797, 48.428, 49.861, 49.225, 48.857, 49.184, 50.013, 50.585, 50.974, 54.14], [69.11, 69.619, 69.423, 68.362, 66.929, 66.134, 65.295, 66.362, 69.959, 72.721, 73.131, 72.126, 71.008, 70.591, 71.179, 71.658, 70.926, 71.251, 71.959, 71.74, 71.641, 71.549, 71.34, 71.381, 72.157, 72.575, 72.197, 70.296, 68.059, 67.38, 65.785, 61.357, 56.991, 54.78, 53.556, 52.386, 51.003, 49.496, 48.565, 46.867, 42.32, 38.961, 37.215, 33.867, 32.778, 31.903, 32.134, 32.776, 30.241, 26.122, 23.45, 19.347, 15.802, 14.747, 12.873, 8.572, 5.217, 2.883, 0.0, 4.087, 10.904, 17.761, 21.131, 22.33, 23.588, 24.652, 25.885, 26.717, 27.708, 29.467, 32.228, 35.582, 39.379, 42.633, 44.152, 46.474, 47.293, 47.971, 49.43, 48.797, 48.465, 48.859, 49.793, 50.385, 50.771, 54.043], [69.76, 70.276, 70.066, 68.964, 67.499, 66.695, 65.869, 66.976, 70.694, 73.559, 74.009, 73.005, 71.883, 71.473, 72.068, 72.569, 71.816, 72.134, 72.856, 72.625, 72.52, 72.448, 72.24