[[0.0, 4.933, 11.273, 18.05, 21.207, 23.697, 24.75, 23.764, 22.123, 20.905, 21.235, 22.56, 23.985, 24.814, 25.766, 27.807, 28.657, 28.88, 29.104, 30.195, 30.402, 30.802, 33.815, 36.255, 35.876, 35.735, 36.163, 36.894, 38.648, 39.691, 38.801, 38.919, 40.381, 41.478, 42.047, 43.6, 45.19, 45.287, 45.692, 46.95, 48.203, 51.278, 54.547, 56.402, 57.176, 57.528, 57.803, 57.906, 57.512, 57.344, 57.786, 58.479, 59.167, 59.657, 59.672, 59.653, 60.242, 59.857, 60.128, 62.201, 63.39, 63.693, 63.384, 63.411, 64.213, 67.216, 69.051, 69.664, 69.229, 67.488, 67.108, 67.051, 65.98, 65.462, 64.722, 63.09, 60.394, 58.376, 57.402, 55.993, 55.783, 54.97, 54.234, 56.273, 55.74, 55.663], [4.933, 0.0, 8.302, 16.351, 20.261, 23.309, 24.643, 23.717, 21.956, 20.47, 20.404, 21.336, 22.514, 23.041, 24.015, 26.498, 27.477, 27.649, 27.811, 28.883, 29.114, 29.582, 32.668, 35.204, 34.83, 34.684, 35.105, 35.824, 37.65, 38.709, 37.504, 37.358, 38.726, 39.786, 40.821, 43.241, 45.422, 45.763, 46.211, 47.357, 48.296, 51.117, 54.326, 56.158, 56.961, 57.383, 57.688, 57.804, 57.452, 57.307, 57.752, 58.473, 59.186, 59.658, 59.684, 59.696, 60.296, 59.9, 60.135, 62.137, 63.297, 63.594, 63.28, 63.325, 64.178, 67.231, 69.087, 69.699, 69.28, 67.586, 67.204, 67.165, 66.15, 65.665, 65.007, 63.512, 60.882, 58.844, 57.844, 56.443, 56.229, 55.398, 54.653, 56.675, 56.073, 55.941], [11.273, 8.302, 0.0, 9.019, 15.029, 20.193, 22.687, 22.368, 20.977, 19.814, 19.891, 20.358, 20.904, 21.605, 24.098, 27.958, 29.184, 29.104, 29.066, 30.119, 30.384, 30.517, 32.727, 34.617, 34.459, 34.365, 34.48, 34.994, 36.607, 37.187, 35.804, 36.448, 38.216, 38.981, 39.726, 42.35, 45.003, 45.772, 46.598, 48.013, 49.317, 52.543, 55.856, 57.609, 58.328, 58.725, 58.971, 58.985, 58.537, 58.325, 58.701, 59.508, 60.351, 60.825, 60.81, 60.835, 61.438, 61.016, 61.091, 63.043, 64.386, 64.754, 64.453, 64.554, 65.368, 68.117, 69.785, 70.398, 70.065, 68.352, 68.006, 68.016, 66.996, 66.548, 65.879, 64.098, 61.222, 59.073, 57.988, 56.538, 56.254, 55.34, 54.314, 56.029, 55.423, 54.921], [18.05, 16.351, 9.019, 0.0, 8.718, 16.528, 20.442, 21.047, 20.47, 20.102, 20.699, 20.966, 21.163, 22.549, 26.629, 31.521, 33.03, 32.832, 32.561, 33.349, 33.52, 33.29, 34.437, 35.5, 35.564, 35.365, 34.98, 35.12, 36.244, 36.207, 35.112, 37.402, 39.907, 40.327, 40.352, 42.256, 44.768, 45.895, 47.307, 49.229, 51.276, 55.134, 58.587, 60.28, 60.882, 61.176, 61.349, 61.286, 60.73, 60.406, 60.675, 61.522, 62.448, 62.935, 62.878, 62.859, 63.418, 62.97, 62.865, 64.772, 66.304, 66.718, 66.429, 66.57, 67.248, 69.479, 70.856, 71.466, 71.176, 69.41, 69.113, 69.136, 68.05, 67.597, 66.806, 64.567, 61.418, 59.261, 58.166, 56.677, 56.29, 55.274, 53.923, 55.267, 54.723, 53.82], [21.207, 20.261, 15.029, 8.718, 0.0, 9.272, 14.563, 16.241, 16.662, 17.347, 18.909, 19.927, 20.852, 22.853, 27.316, 32.398, 34.118, 34.039, 33.666, 34.041, 34.001, 33.794, 34.819, 35.742, 35.791, 35.304, 34.568, 34.429, 35.129, 34.814, 34.452, 38.316, 41.557, 41.819, 41.264, 42.299, 44.171, 45.278, 47.368, 49.915, 52.536, 56.743, 60.245, 61.935, 62.435, 62.612, 62.785, 62.716, 62.131, 61.757, 62.0, 62.796, 63.643, 64.168, 64.12, 64.038, 64.562, 64.113, 63.95, 65.809, 67.363, 67.779, 67.5, 67.627, 68.144, 69.978, 71.162, 71.772, 71.427, 69.576, 69.323, 69.3, 68.082, 67.562, 66.582, 63.985, 60.748, 58.744, 57.778, 56.248, 55.782, 54.755, 53.358, 54.678, 54.206, 53.226], [23.697, 23.309, 20.193, 16.528, 9.272, 0.0, 6.485, 9.805, 11.903, 14.313, 17.178, 19.388, 21.283, 23.343, 27.567, 32.518, 34.335, 34.447, 34.025, 34.02, 33.839, 33.968, 35.574, 36.808, 36.699, 36.002, 35.216, 35.071, 35.603, 35.249, 35.406, 40.04, 43.688, 44.028, 43.28, 43.836, 45.224, 46.043, 48.354, 51.34, 54.277, 58.532, 61.957, 63.625, 64.066, 64.193, 64.432, 64.385, 63.785, 63.421, 63.701, 64.419, 65.15, 65.713, 65.681, 65.534, 66.028, 65.583, 65.467, 67.298, 68.767, 69.164, 68.897, 68.999, 69.436, 71.085, 72.197, 72.81, 72.375, 70.43, 70.186, 70.11, 68.756, 68.136, 67.006, 64.212, 60.979, 59.129, 58.312, 56.816, 56.348, 55.36, 54.066, 55.532, 55.105, 54.241], [24.75, 24.643, 22.687, 20.442, 14.563, 6.485, 0.0, 4.837, 8.904, 12.804, 16.485, 19.348, 21.708, 23.569, 27.39, 32.222, 34.124, 34.357, 33.885, 33.645, 33.388, 33.91, 36.215, 37.803, 37.529, 36.765, 36.075, 36.068, 36.699, 36.493, 36.615, 41.081, 44.732, 45.176, 44.495, 45.023, 46.374, 47.029, 49.093, 52.113, 55.238, 59.499, 62.877, 64.54, 64.973, 65.092, 65.385, 65.393, 64.82, 64.477, 64.784, 65.441, 66.105, 66.682, 66.651, 66.444, 66.911, 66.456, 66.41, 68.259, 69.615, 69.972, 69.695, 69.787, 70.287, 72.018, 73.17, 73.786, 73.296, 71.341, 71.087, 70.992, 69.607, 68.909, 67.686, 64.872, 61.653, 59.841, 59.102, 57.698, 57.278, 56.332, 55.135, 56.733, 56.329, 55.575], [23.764, 23.717, 22.368, 21.047, 16.241, 9.805, 4.837, 0.0, 5.284, 10.228, 14.534, 17.916, 20.579, 22.373, 25.938, 30.69, 32.673, 32.973, 32.387, 31.985, 31.682, 32.422, 35.274, 37.2, 36.789, 35.955, 35.364, 35.534, 36.379, 36.44, 36.454, 40.468, 43.948, 44.428, 43.9, 44.642, 46.146, 46.734, 48.577, 51.508, 54.647, 58.936, 62.378, 64.089, 64.554, 64.657, 64.945, 65.019, 64.498, 64.164, 64.47, 65.11, 65.772, 66.365, 66.345, 66.129, 66.605, 66.136, 66.161, 68.072, 69.347, 69.667, 69.372, 69.452, 70.054, 72.036, 73.31, 73.93, 73.422, 71.498, 71.239, 71.153, 69.798, 69.071, 67.844, 65.142, 61.951, 60.103, 59.372, 58.061, 57.727, 56.825, 55.654, 57.304, 56.892, 56.202], [22.123, 21.956, 20.977, 20.47, 16.662, 11.903, 8.904, 5.284, 0.0, 5.692, 10.747, 14.897, 18.086, 19.997, 23.704, 28.592, 30.62, 30.957, 30.213, 29.633, 29.341, 30.057, 33.218, 35.544, 35.054, 34.041, 33.495, 33.882, 34.99, 35.344, 35.403, 39.081, 42.297, 42.806, 42.486, 43.535, 45.233, 45.741, 47.37, 50.149, 53.119, 57.394, 60.985, 62.835, 63.401, 63.526, 63.813, 63.964, 63.519, 63.186, 63.494, 64.168, 64.847, 65.452, 65.45, 65.272, 65.795, 65.325, 65.401, 67.397, 68.611, 68.879, 68.575, 68.639, 69.277, 71.492, 72.943, 73.581, 73.063, 71.168, 70.904, 70.827, 69.516, 68.808, 67.672, 65.159, 62.067, 60.224, 59.495, 58.178, 57.861, 56.954, 55.701, 57.328, 56.894, 56.222], [20.905, 20.47, 19.814, 20.102, 17.347, 14.313, 12.804, 10.228, 5.692, 0.0, 5.797, 11.031, 15.041, 17.216, 21.076, 26.051, 28.084, 28.428, 27.584, 26.963, 26.751, 27.357, 30.659, 33.343, 32.831, 31.725, 31.294, 31.925, 33.378, 34.049, 34.069, 37.35, 40.221, 40.821, 40.844, 42.28, 44.249, 44.747, 46.182, 48.726, 51.346, 55.452, 59.171, 61.236, 62.01, 62.217, 62.504, 62.69, 62.286, 61.983, 62.322, 63.036, 63.726, 64.316, 64.347, 64.224, 64.796, 64.327, 64.441, 66.515, 67.668, 67.875, 67.566, 67.629, 68.31, 70.759, 72.405, 73.057, 72.528, 70.673, 70.372, 70.286, 69.029, 68.35, 67.354, 65.109, 62.14, 60.293, 59.552, 58.165, 57.83, 56.95, 55.703, 57.361, 56.877, 56.212], [21.235, 20.404, 19.891, 20.699, 18.909, 17.178, 16.485, 14.534, 10.747, 5.797, 0.0, 6.395, 11.331, 13.94, 18.53, 23.822, 25.776, 26.12, 25.199, 24.502, 24.335, 24.841, 28.126, 31.07, 30.618, 29.49, 29.311, 30.391, 32.296, 33.252, 33.211, 36.192, 38.732, 39.435, 39.946, 41.909, 44.273, 44.952, 46.336, 48.683, 50.915, 54.719, 58.406, 60.573, 61.555, 61.888, 62.192, 62.421, 62.08, 61.859, 62.277, 63.021, 63.715, 64.292, 64.348, 64.282, 64.907, 64.426, 64.531, 66.607, 67.656, 67.797, 67.485, 67.563, 68.308, 70.937, 72.725, 73.385, 72.854, 71.063, 70.723, 70.633, 69.451, 68.791, 67.897, 65.889, 63.03, 61.174, 60.422, 58.988, 58.641, 57.751, 56.467, 58.151, 57.629, 56.922], [22.56, 21.336, 20.358, 20.966, 19.927, 19.388, 19.348, 17.916, 14.897, 11.031, 6.395, 0.0, 5.911, 9.665, 16.04, 22.488, 24.503, 24.73, 23.888, 23.341, 23.211, 23.714, 26.631, 29.442, 29.158, 28.073, 27.934, 29.043, 31.051, 32.155, 32.227, 35.309, 37.793, 38.507, 39.31, 41.722, 44.477, 45.473, 46.968, 49.212, 51.245, 54.877, 58.469, 60.593, 61.651, 62.112, 62.488, 62.774, 62.526, 62.373, 62.839, 63.619, 64.331, 64.896, 64.948, 64.892, 65.539, 65.039, 65.06, 67.072, 68.065, 68.19, 67.875, 67.959, 68.719, 71.364, 73.15, 73.815, 73.311, 71.561, 71.228, 71.148, 70.007, 69.385, 68.533, 66.595, 63.786, 61.925, 61.143, 59.689, 59.317, 58.37, 56.968, 58.56, 58.039, 57.273], [23.985, 22.514, 20.904, 21.163, 20.852, 21.283, 21.708, 20.579, 18.086, 15.041, 11.331, 5.911, 0.0, 5.77, 14.512, 21.973, 24.003, 24.049, 23.427, 23.334, 23.394, 24.054, 26.7, 29.103, 28.873, 28.035, 28.041, 29.189, 31.13, 31.982, 31.762, 34.74, 37.269, 37.988, 38.943, 41.72, 44.848, 46.199, 47.825, 49.961, 51.825, 55.372, 58.918, 60.964, 61.992, 62.539, 62.925, 63.124, 62.818, 62.675, 63.185, 63.984, 64.713, 65.277, 65.324, 65.28, 65.925, 65.418, 65.416, 67.398, 68.457, 68.642, 68.357, 68.475, 69.301, 71.948, 73.68, 74.328, 73.89, 72.205, 71.888, 71.878, 70.808, 70.232, 69.447, 67.568, 64.741, 62.804, 61.912, 60.452, 60.166, 59.229, 57.846, 59.396, 58.844, 58.064], [24.814, 23.041, 21.605, 22.549, 22.853, 23.343, 23.569, 22.373, 19.997, 17.216, 13.94, 9.665, 5.77, 0.0, 10.561, 19.291, 21.683, 21.833, 21.491, 21.722, 22.013, 23.28, 26.615, 29.328, 29.048, 28.291, 28.349, 29.41, 31.423, 32.289, 31.494, 33.774, 36.138, 36.945, 38.253, 41.564, 45.118, 46.652, 48.212, 50.195, 51.852, 55.281, 58.857, 60.946, 62.019, 62.649, 63.089, 63.33, 63.112, 63.005, 63.553, 64.329, 65.031, 65.595, 65.675, 65.649, 66.285, 65.769, 65.797, 67.76, 68.79, 68.998, 68.727, 68.879, 69.852, 72.681, 74.471, 75.114, 74.683, 73.05, 72.727, 72.755, 71.767, 71.212, 70.477, 68.73, 65.913, 63.877, 62.891, 61.434, 61.232, 60.365, 59.161, 60.843, 60.252, 59.61], [25.766, 24.015, 24.098, 26.629, 27.316, 27.567, 27.39, 25.938, 23.704, 21.076, 18.53, 16.04, 14.512, 10.561, 0.0, 10.213, 14.086, 14.8, 15.384, 17.082, 17.972, 20.307, 24.992, 28.401, 28.028, 27.484, 27.597, 28.083, 29.958, 31.173, 29.858, 30.837, 33.045, 34.007, 35.622, 39.27, 43.11, 44.763, 46.403, 48.252, 49.347, 52.379, 56.043, 58.357, 59.554, 60.283, 60.869, 61.269, 61.297, 61.37, 61.972, 62.687, 63.326, 63.881, 64.134, 64.281, 64.961, 64.495, 64.601, 66.539, 67.398, 67.561, 67.288, 67.455, 68.654, 71.968, 73.942, 74.573, 74.116, 72.46, 72.065, 72.032, 71.04, 70.487, 69.842, 68.414, 65.708, 63.622, 62.62, 61.166, 61.03, 60.435, 59.846, 61.875, 61.193, 60.913], [27.807, 26.498, 27.958, 31.521, 32.398, 32.518, 32.222, 30.69, 28.592, 26.051, 23.822, 22.488, 21.973, 19.291, 10.213, 0.0, 5.882, 7.877, 9.985, 14.227, 15.977, 18.489, 23.796, 27.553, 27.107, 27.154, 27.936, 28.712, 30.817, 32.316, 30.827, 30.631, 32.517, 33.545, 35.15, 38.594, 42.285, 43.916, 45.742, 47.53, 47.839, 50.228, 53.863, 56.328, 57.617, 58.34, 58.871, 59.163, 59.18, 59.583, 60.444, 61.127, 61.714, 62.263, 62.742, 63.229, 64.05, 63.667, 63.886, 65.789, 66.437, 66.512, 66.263, 66.466, 67.839, 71.598, 73.759, 74.357, 73.889, 72.217, 71.74, 71.661, 70.625, 70.063, 69.556, 68.478, 65.847, 63.71, 62.728, 61.318, 61.336, 61.119, 61.232, 63.629, 62.824, 62.806], [28.657, 27.477, 29.184, 33.03, 34.118, 34.335, 34.124, 32.673, 30.62, 28.084, 25.776, 24.503, 24.003, 21.683, 14.086, 5.882, 0.0, 3.435, 7.222, 12.9, 15.153, 17.202, 22.294, 25.993, 25.589, 26.098, 27.454, 28.99, 31.664, 33.377, 31.947, 31.548, 33.184, 34.225, 35.888, 39.295, 42.934, 44.525, 46.344, 48.073, 47.995, 50.056, 53.573, 55.97, 57.269, 57.947, 58.35, 58.467, 58.298, 58.873, 60.089, 60.852, 61.44, 62.01, 62.543, 63.191, 64.123, 63.753, 63.983, 65.839, 66.382, 66.408, 66.187, 66.42, 67.825, 71.653, 73.889, 74.473, 74.015, 72.377, 71.864, 71.815, 70.794, 70.228, 69.8, 68.818, 66.123, 63.877, 62.84, 61.406, 61.526, 61.44, 61.746, 64.331, 63.47, 63.449], [28.88, 27.649, 29.104, 32.832, 34.039, 34.447, 34.357, 32.973, 30.957, 28.428, 26.12, 24.73, 24.049, 21.833, 14.8, 7.877, 3.435, 0.0, 5.592, 12.191, 14.68, 16.638, 21.456, 24.905, 24.53, 25.243, 26.661, 28.286, 31.082, 32.786, 31.266, 30.913, 32.596, 33.676, 35.431, 38.944, 42.688, 44.385, 46.266, 47.994, 47.876, 49.945, 53.459, 55.839, 57.132, 57.804, 58.175, 58.219, 57.952, 58.517, 59.819, 60.673, 61.291, 61.852, 62.386, 63.049, 63.977, 63.606, 63.832, 65.685, 66.267, 66.309, 66.102, 66.354, 67.764, 71.573, 73.797, 74.381, 73.942, 72.309, 71.789, 71.742, 70.713, 70.155, 69.776, 68.81, 66.072, 63.773, 62.695, 61.251, 61.396, 61.323, 61.647, 64.236, 63.355, 63.269], [29.104, 27.811, 29.066, 32.561, 33.666, 34.025, 33.885, 32.387, 30.213, 27.584, 25.199, 23.888, 23.427, 21.491, 15.384, 9.985, 7.222, 5.592, 0.0, 7.546, 10.827, 12.972, 18.507, 22.356, 21.845, 22.493, 24.01, 25.98, 29.157, 31.114, 29.827, 30.004, 31.866, 32.96, 34.831, 38.479, 42.324, 44.059, 45.995, 47.878, 48.092, 50.426, 54.006, 56.396, 57.721, 58.37, 58.667, 58.689, 58.445, 59.038, 60.281, 61.17, 61.882, 62.489, 62.999, 63.63, 64.51, 64.139, 64.425, 66.358, 66.984, 67.024, 66.817, 67.065, 68.394, 72.102, 74.322, 74.91, 74.462, 72.802, 72.299, 72.272, 71.216, 70.644, 70.282, 69.253, 66.47, 64.156, 63.064, 61.624, 61.79, 61.703, 61.816, 64.19, 63.28, 63.067], [30.195, 28.883, 30.119, 33.349, 34.041, 34.02, 33.645, 31.985, 29.633, 26.963, 24.502, 23.341, 23.334, 21.722, 17.082, 14.227, 12.9, 12.191, 7.546, 0.0, 4.734, 8.852, 15.976, 20.553, 19.865, 19.927, 21.369, 23.896, 27.479, 29.835, 29.297, 30.483, 32.489, 33.73, 35.88, 39.6, 43.36, 44.96, 46.829, 48.949, 49.788, 52.395, 55.885, 58.193, 59.488, 60.102, 60.43, 60.627, 60.579, 61.122, 62.273, 63.143, 63.857, 64.525, 64.95, 65.467, 66.307, 65.955, 66.32, 68.287, 68.82, 68.773, 68.53, 68.712, 69.819, 73.251, 75.462, 76.056, 75.553, 73.932, 73.456, 73.439, 72.442, 71.836, 71.385, 70.232, 67.47, 65.236, 64.178, 62.71, 62.796, 62.599, 62.386, 64.54, 63.68, 63.301], [30.402, 29.114, 30.384, 33.52, 34.001, 33.839, 33.388, 31.682, 29.341, 26.751, 24.335, 23.211, 23.394, 22.013, 17.972, 15.977, 15.153, 14.68, 10.827, 4.734, 0.0, 6.877, 15.101, 19.911, 19.286, 19.138, 20.546, 23.348, 26.973, 29.345, 28.952, 30.332, 32.373, 33.729, 36.009, 39.759, 43.467, 45.029, 46.923, 49.233, 50.495, 53.282, 56.717, 58.973, 60.227, 60.813, 61.165, 61.47, 61.509, 61.974, 63.041, 63.884, 64.563, 65.217, 65.657, 66.159, 66.99, 66.647, 67.034, 68.985, 69.451, 69.355, 69.078, 69.218, 70.24, 73.562, 75.74, 76.335, 75.803, 74.202, 73.74, 73.688, 72.719, 72.106, 71.551, 70.309, 67.575, 65.419, 64.397, 62.949, 63.019, 62.787, 62.516, 64.652, 63.858, 63.434], [30.802, 29.582, 30.517, 33.29, 33.794, 33.968, 33.91, 32.422, 30.057, 27.357, 24.841, 23.714, 24.054, 23.28, 20.307, 18.489, 17.202, 16.638, 12.972, 8.852, 6.877, 0.0, 9.411, 15.115, 14.614, 14.854, 17.194, 21.298, 25.64, 28.191, 27.954, 29.742, 31.888, 33.118, 35.217, 38.877, 42.564, 44.065, 46.031, 48.409, 49.573, 52.459, 56.019, 58.307, 59.608, 60.128, 60.346, 60.545, 60.431, 60.876, 61.967, 62.868, 63.676, 64.357, 64.899, 65.653, 66.604, 66.245, 66.605, 68.572, 69.05, 68.921, 68.652, 68.824, 69.853, 73.14, 75.335, 75.936, 75.399, 73.74, 73.265, 73.198, 72.171, 71.582, 71.087, 69.789, 66.97, 64.803, 63.767, 62.258, 62.338, 62.19, 61.904, 64.016, 63.197, 62.716], [33.815, 32.668, 32.727, 34.437, 34.819, 35.574, 36.215, 35.274, 33.218, 30.659, 28.126, 26.631, 26.7, 26.615, 24.992, 23.796, 22.294, 21.456, 18.507, 15.976, 15.101, 9.411, 0.0, 6.854, 7.698, 9.277, 12.889, 18.382, 23.271, 26.016, 26.706, 30.15, 32.775, 33.81, 35.738, 39.205, 42.687, 44.248, 46.6, 49.156, 50.064, 52.806, 56.323, 58.54, 59.793, 60.179, 60.289, 60.395, 60.121, 60.542, 61.682, 62.656, 63.592, 64.284, 64.853, 65.842, 66.981, 66.644, 66.876, 68.715, 69.199, 69.035, 68.774, 68.973, 69.883, 72.83, 74.891, 75.505, 74.969, 73.26, 72.758, 72.673, 71.575, 70.994, 70.594, 69.217, 66.252, 64.041, 63.0, 61.405, 61.409, 61.281, 60.948, 62.982, 62.119, 61.507], [36.255, 35.204, 34.617, 35.5, 35.742, 36.808, 37.803, 37.2, 35.544, 33.343, 31.07, 29.442, 29.103, 29.328, 28.401, 27.553, 25.993, 24.905, 22.356, 20.553, 19.911, 15.115, 6.854, 0.0, 4.472, 8.619, 12.305, 17.717, 22.464, 24.943, 25.9, 30.313, 33.401, 34.329, 36.026, 39.222, 42.535, 44.36, 47.249, 50.13, 51.067, 53.73, 57.143, 59.243, 60.365, 60.585, 60.551, 60.52, 60.1, 60.49, 61.671, 62.681, 63.642, 64.314, 64.873, 65.936, 67.12, 66.811, 66.981, 68.719, 69.269, 69.134, 68.886, 69.11, 69.98, 72.686, 74.561, 75.159, 74.673, 72.968, 72.465, 72.396, 71.265, 70.678, 70.291, 68.826, 65.726, 63.434, 62.338, 60.756, 60.793, 60.691, 60.425, 62.47, 61.578, 60.855], [35.876, 34.83, 34.459, 35.564, 35.791, 36.699, 37.529, 36.789, 35.054, 32.831, 30.618, 29.158, 28.873, 29.048, 28.028, 27.107, 25.589, 24.53, 21.845, 19.865, 19.286, 14.614, 7.698, 4.472, 0.0, 5.829, 10.562, 16.42, 21.465, 24.053, 24.821, 28.911, 31.961, 32.955, 34.686, 38.01, 41.424, 43.225, 46.048, 48.943, 49.828, 52.466, 55.933, 58.068, 59.207, 59.414, 59.35, 59.319, 58.894, 59.249, 60.427, 61.414, 62.328, 63.01, 63.58, 64.651, 65.831, 65.52, 65.795, 67.609, 68.138, 68.01, 67.772, 67.995, 68.908, 71.76, 73.735, 74.319, 73.838, 72.173, 71.684, 71.646, 70.557, 69.973, 69.603, 68.196, 65.136, 62.855, 61.751, 60.18, 60.261, 60.199, 60.055, 62.238, 61.355, 60.666], [35.735, 34.684, 34.365, 35.365, 35.304, 36.002, 36.765, 35.955, 34.041, 31.725, 29.49, 28.073, 28.035, 28.291, 27.484, 27.154, 26.098, 25.243, 22.493, 19.927, 19.138, 14.854, 9.277, 8.619, 5.829, 0.0, 6.147, 13.445, 18.932, 21.876, 23.488, 28.406, 31.58, 32.53, 34.142, 37.464, 40.87, 42.459, 44.977, 47.878, 49.119, 52.008, 55.518, 57.695, 58.859, 59.097, 59.17, 59.421, 59.262, 59.563, 60.655, 61.631, 62.525, 63.223, 63.729, 64.703, 65.884, 65.581, 65.844, 67.693, 68.135, 67.961, 67.711, 67.888, 68.64, 71.361, 73.386, 73.996, 73.477, 71.833, 71.376, 71.315, 70.261, 69.662, 69.203, 67.712, 64.753, 62.625, 61.616, 59.999, 59.939, 59.715, 59.305, 61.39, 60.592, 59.834], [36.163, 35.105, 34.48, 34.98, 34.568, 35.216, 36.075, 35.364, 33.495, 31.294, 29.311, 27.934, 28.041, 28.349, 27.597, 27.936, 27.454, 26.661, 24.01, 21.369, 20.546, 17.194, 12.889, 12.305, 10.562, 6.147, 0.0, 8.38, 14.511, 18.232, 21.036, 27.458, 31.191, 32.046, 33.355, 36.332, 39.593, 41.169, 43.801, 46.978, 48.753, 52.028, 55.68, 57.941, 59.064, 59.207, 59.35, 59.86, 59.966, 60.2, 61.175, 62.165, 63.047, 63.745, 64.186, 65.058, 66.189, 65.905, 66.114, 67.952, 68.429, 68.255, 67.975, 68.099, 68.689, 71.187, 73.117, 73.753, 73.218, 71.549, 71.117, 71.015, 69.935, 69.311, 68.757, 67.092, 64.112, 62.046, 61.086, 59.448, 59.253, 58.891, 58.207, 60.136, 59.443, 58.626], [36.894, 35.824, 34.994, 35.12, 34.429, 35.071, 36.068, 35.534, 33.882, 31.925, 30.391, 29.043, 29.189, 29.41, 28.083, 28.712, 28.99, 28.286, 25.98, 23.896, 23.348, 21.298, 18.382, 17.717, 16.42, 13.445, 8.38, 0.0, 7.198, 12.858, 17.558, 25.474, 29.822, 30.606, 31.537, 34.027, 36.998, 38.662, 41.656, 45.069, 47.054, 50.502, 54.313, 56.732, 57.828, 57.879, 58.111, 58.85, 59.255, 59.461, 60.242, 61.212, 62.038, 62.718, 63.126, 63.908, 64.963, 64.716, 64.906, 66.741, 67.33, 67.274, 66.995, 67.062, 67.535, 69.958, 71.792, 72.439, 71.913, 70.165, 69.759, 69.612, 68.462, 67.857, 67.31, 65.632, 62.74, 60.732, 59.776, 58.125, 57.839, 57.423, 56.604, 58.341, 57.694, 56.96], [38.648, 37.65, 36.607, 36.244, 35.129, 35.603, 36.699, 36.379, 34.99, 33.378, 32.296, 31.051, 31.13, 31.423, 29.958, 30.817, 31.664, 31.082, 29.157, 27.479, 26.973, 25.64, 23.271, 22.464, 21.465, 18.932, 14.511, 7.198, 0.0, 7.441, 15.226, 25.264, 30.228, 30.914, 31.297, 33.091, 35.625, 37.342, 40.646, 44.267, 46.643, 50.404, 54.206, 56.605, 57.582, 57.646, 58.051, 58.899, 59.409, 59.524, 60.116, 61.054, 61.832, 62.491, 62.885, 63.625, 64.64, 64.463, 64.651, 66.452, 67.144, 67.206, 66.976, 67.028, 67.333, 69.51, 71.195, 71.842, 71.328, 69.506, 69.124, 68.909, 67.691, 67.112, 66.517, 64.726, 61.92, 60.04, 59.104, 57.412, 57.037, 56.615, 55.819, 57.364, 56.752, 56.017], [39.691, 38.709, 37.187, 36.207, 34.814, 35.249, 36.493, 36.44, 35.344, 34.049, 33.252, 32.155, 31.982, 32.289, 31.173, 32.316, 33.377, 32.786, 31.114, 29.835, 29.345, 28.191, 26.016, 24.943, 24.053, 21.876, 18.232, 12.858, 7.441, 0.0, 11.029, 23.766, 29.607, 30.267, 30.182, 31.556, 34.055, 36.103, 39.77, 43.594, 46.444, 50.749, 54.634, 56.935, 57.782, 57.957, 58.436, 59.108, 59.365, 59.311, 59.811, 60.756, 61.542, 62.175, 62.601, 63.378, 64.344, 64.216, 64.441, 66.239, 67.128, 67.321, 67.169, 67.327, 67.668, 69.675, 71.195, 71.829, 71.359, 69.486, 69.12, 68.872, 67.61, 67.077, 66.429, 64.459, 61.603, 59.739, 58.724, 56.938, 56.562, 56.204, 55.574, 57.031, 56.41, 55.548], [38.801, 37.504, 35.804, 35.112, 34.452, 35.406, 36.615, 36.454, 35.403, 34.069, 33.211, 32.227, 31.762, 31.494, 29.858, 30.827, 31.947, 31.266, 29.827, 29.297, 28.952, 27.954, 26.706, 25.9, 24.821, 23.488, 21.036, 17.558, 15.226, 11.029, 0.0, 14.725, 21.991, 22.833, 23.165, 25.911, 29.963, 32.986, 36.946, 40.685, 43.429, 47.988, 52.236, 54.678, 55.629, 55.904, 56.181, 56.505, 56.407, 56.246, 56.747, 57.737, 58.559, 59.141, 59.71, 60.594, 61.467, 61.274, 61.639, 63.54, 64.556, 64.83, 64.704, 65.073, 66.118, 68.884, 70.514, 71.127, 70.718, 68.868, 68.464, 68.242, 67.042, 66.575, 66.015, 64.266, 61.336, 59.188, 57.921, 56.21, 56.137, 55.969, 55.766, 57.55, 56.85, 56.137], [38.919, 37.358, 36.448, 37.402, 38.316, 40.04, 41.081, 40.468, 39.081, 37.35, 36.192, 35.309, 34.74, 33.774, 30.837, 30.631, 31.548, 30.913, 30.004, 30.483, 30.332, 29.742, 30.15, 30.313, 28.911, 28.406, 27.458, 25.474, 25.264, 23.766, 14.725, 0.0, 8.906, 10.75, 13.401, 20.044, 26.525, 30.387, 33.946, 36.857, 38.512, 42.672, 47.256, 49.99, 51.238, 51.674, 51.733, 51.895, 51.801, 51.723, 52.231, 53.245, 54.045, 54.523, 55.295, 56.349, 57.154, 56.89, 57.551, 59.67, 60.584, 60.865, 60.694, 61.151, 63.064, 67.366, 69.539, 70.13, 69.816, 68.12, 67.674, 67.54, 66.572, 66.247, 65.904, 64.791, 62.096, 59.753, 58.329, 56.823, 57.125, 57.146, 57.361, 59.579, 58.856, 58.584], [40.381, 38.726, 38.216, 39.907, 41.557, 43.688, 44.732, 43.948, 42.297, 40.221, 38.732, 37.793, 37.269, 36.138, 33.045, 32.517, 33.184, 32.596, 31.866, 32.489, 32.373, 31.888, 32.775, 33.401, 31.961, 31.58, 31.191, 29.822, 30.228, 29.607, 21.991, 8.906, 0.0, 5.414, 11.996, 20.625, 27.849, 31.79, 34.716, 36.737, 37.406, 41.035, 45.593, 48.397, 49.826, 50.427, 50.495, 50.707, 50.767, 50.81, 51.344, 52.378, 53.171, 53.561, 54.356, 55.471, 56.293, 56.012, 56.803, 59.051, 59.826, 60.067, 59.871, 60.297, 62.359, 67.246, 69.824, 70.419, 70.158, 68.627, 68.175, 68.133, 67.379, 67.166, 66.985, 66.213, 63.739, 61.435, 60.048, 58.616, 58.97, 58.98, 59.196, 61.487, 60.799, 60.619], [41.478, 39.786, 38.981, 40.327, 41.819, 44.028, 45.176, 44.428, 42.806, 40.821, 39.435, 38.507, 37.988, 36.945, 34.007, 33.545, 34.225, 33.676, 32.96, 33.73, 33.729, 33.118, 33.81, 34.329, 32.955, 32.53, 32.046, 30.606, 30.914, 30.267, 22.833, 10.75, 5.414, 0.0, 8.793, 18.859, 26.588, 30.745, 33.888, 36.116, 36.98, 40.805, 45.496, 48.303, 49.714, 50.292, 50.287, 50.426, 50.483, 50.581, 51.098, 52.129, 52.96, 53.355, 54.147, 55.306, 56.14, 55.858, 56.612, 58.841, 59.679, 59.995, 59.827, 60.301, 62.478, 67.405, 69.896, 70.508, 70.308, 68.774, 68.366, 68.389, 67.602, 67.367, 67.154, 66.316, 63.753, 61.374, 59.974, 58.564, 58.947, 58.996, 59.178, 61.412, 60.705, 60.494], [42.047, 40.821, 39.726, 40.352, 41.264, 43.28, 44.495, 43.9, 42.486, 40.844, 39.946, 39.31, 38.943, 38.253, 35.622, 35.15, 35.888, 35.431, 34.831, 35.88, 36.009, 35.217, 35.738, 36.026, 34.686, 34.142, 33.355, 31.537, 31.297, 30.182, 23.165, 13.401, 11.996, 8.793, 0.0, 11.307, 19.87, 24.584, 28.5, 31.609, 34.032, 39.592, 44.996, 47.979, 49.336, 49.812, 49.675, 49.607, 49.485, 49.556, 50.035, 51.088, 51.971, 52.433, 53.277, 54.539, 55.425, 55.131, 55.882, 58.304, 59.375, 59.838, 59.749, 60.277, 62.508, 67.465, 69.863, 70.473, 70.374, 68.705, 68.369, 68.432, 67.473, 67.2, 66.807, 65.459, 62.576, 60.125, 58.658, 57.119, 57.461, 57.625, 57.85, 60.022, 59.414, 59.175], [43.6, 43.241, 42.35, 42.256, 42.299, 43.836, 45.023, 44.642, 43.535, 42.28, 41.909, 41.722, 41.72, 41.564, 39.27, 38.594, 39.295, 38.944, 38.479, 39.6, 39.759, 38.877, 39.205, 39.222, 38.01, 37.464, 36.332, 34.027, 33.091, 31.556, 25.911, 20.044, 20.625, 18.859, 11.307, 0.0, 9.78, 16.135, 22.127, 26.886, 31.513, 39.096, 45.186, 48.41, 49.733, 50.018, 49.742, 49.539, 49.301, 49.318, 49.742, 50.792, 51.675, 52.206, 53.08, 54.434, 55.375, 55.102, 55.863, 58.525, 59.898, 60.488, 60.452, 60.965, 63.026, 67.774, 70.057, 70.652, 70.574, 68.779, 68.496, 68.538, 67.419, 67.119, 66.547, 64.67, 61.494, 59.074, 57.545, 55.795, 56.026, 56.32, 56.584, 58.606, 58.171, 57.984], [45.19, 45.422, 45.003, 44.768, 44.171, 45.224, 46.374, 46.146, 45.233, 44.249, 44.273, 44.477, 44.848, 45.118, 43.11, 42.285, 42.934, 42.688, 42.324, 43.36, 43.467, 42.564, 42.687, 42.535, 41.424, 40.87, 39.593, 36.998, 35.625, 34.055, 29.963, 26.525, 27.849, 26.588, 19.87, 9.78, 0.0, 8.379, 17.198, 23.626, 29.89, 38.627, 45.021, 48.41, 49.699, 49.786, 49.425, 49.212, 49.002, 48.927, 49.174, 50.174, 51.028, 51.613, 52.482, 53.877, 54.847, 54.65, 55.494, 58.286, 59.896, 60.603, 60.58, 61.015, 62.818, 67.31, 69.44, 70.053, 69.998, 68.124, 67.977, 68.04, 66.827, 66.535, 65.887, 63.783, 60.554, 58.219, 56.662, 54.733, 54.868, 55.243, 55.504, 57.347, 56.972, 56.935], [45.287, 45.763, 45.772, 45.895, 45.278, 46.043, 47.029, 46.734, 45.741, 44.747, 44.952, 45.473, 46.199, 46.652, 44.763, 43.916, 44.525, 44.385, 44.059, 44.96, 45.029, 44.065, 44.248, 44.36, 43.225, 42.459, 41.169, 38.662, 37.342, 36.103, 32.986, 30.387, 31.79, 30.745, 24.584, 16.135, 8.379, 0.0, 10.746, 18.92, 26.925, 36.818, 43.646, 47.279, 48.674, 48.676, 48.303, 48.191, 48.053, 47.893, 48.054, 49.027, 49.88, 50.508, 51.419, 52.908, 53.953, 53.822, 54.807, 57.736, 59.393, 60.117, 60.087, 60.469, 62.181, 66.703, 68.882, 69.516, 69.452, 67.538, 67.463, 67.579, 66.37, 66.068, 65.393, 63.255, 60.003, 57.672, 56.105, 54.08, 54.147, 54.593, 54.906, 56.785, 56.44, 56.515], [45.692, 46.211, 46.598, 47.307, 47.368, 48.354, 49.093, 48.577, 47.37, 46.182, 46.336, 46.968, 47.825, 48.212, 46.403, 45.742, 46.344, 46.266, 45.995, 46.829, 46.923, 46.031, 46.6, 47.249, 46.048, 44.977, 43.801, 41.656, 40.646, 39.77, 36.946, 33.946, 34.716, 33.888, 28.5, 22.127, 17.198, 10.746, 0.0, 10.243, 21.765, 33.558, 40.911, 44.886, 46.586, 46.75, 46.536, 46.672, 46.676, 46.411, 46.571, 47.571, 48.432, 49.086, 50.012, 51.571, 52.681, 52.593, 53.734, 56.875, 58.434, 59.112, 59.109, 59.493, 61.234, 66.071, 68.532, 69.177, 69.075, 67.251, 67.183, 67.312, 66.32, 66.095, 65.423, 63.46, 60.437, 58.176, 56.58, 54.485, 54.495, 54.923, 55.177, 57.078, 56.797, 56.967], [46.95, 47.357, 48.013, 49.229, 49.915, 51.34, 52.113, 51.508, 50.149, 48.726, 48.683, 49.212, 49.961, 50.195, 48.252, 47.53, 48.073, 47.994, 47.878, 48.949, 49.233, 48.409, 49.156, 50.13, 48.943, 47.878, 46.978, 45.069, 44.267, 43.594, 40.685, 36.857, 36.737, 36.116, 31.609, 26.886, 23.626, 18.92, 10.243, 0.0, 14.445, 28.012, 36.011, 40.427, 42.485, 43.037, 43.169, 43.451, 43.5, 43.217, 43.36, 44.448, 45.422, 46.059, 46.936, 48.503, 49.644, 49.558, 50.743, 54.046, 55.574, 56.283, 56.39, 56.821, 58.584, 63.827, 66.709, 67.367, 67.322, 65.604, 65.545, 65.686, 64.907, 64.975, 64.698, 63.235, 60.694, 58.707, 57.145, 54.892, 54.75, 55.106, 55.419, 57.326, 57.041, 57.423], [48.203, 48.296, 49.317, 51.276, 52.536, 54.277, 55.238, 54.647, 53.119, 51.346, 50.915, 51.245, 51.825, 51.852, 49.347, 47.839, 47.995, 47.876, 48.092, 49.788, 50.495, 49.573, 50.064, 51.067, 49.828, 49.119, 48.753, 47.054, 46.643, 46.444, 43.429, 38.512, 37.406, 36.98, 34.032, 31.513, 29.89, 26.925, 21.765, 14.445, 0.0, 15.09, 24.728, 30.178, 32.92, 34.03, 34.589, 34.928, 35.064, 35.162, 35.491, 36.718, 37.869, 38.451, 39.341, 41.166, 42.551, 42.469, 43.623, 46.864, 48.285, 49.12, 49.372, 49.866, 51.812, 57.803, 61.236, 61.914, 61.939, 60.292, 60.178, 60.416, 59.768, 60.23, 61.028, 60.977, 59.2, 57.511, 56.055, 53.708, 53.511, 53.873, 54.636, 56.883, 56.326, 57.135], [51.278, 51.117, 52.543, 55.134, 56.743, 58.532, 59.499, 58.936, 57.394, 55.452, 54.719, 54.877, 55.372, 55.281, 52.379, 50.228, 50.056, 49.945, 50.426, 52.395, 53.282, 52.459, 52.806, 53.73, 52.466, 52.008, 52.028, 50.502, 50.404, 50.749, 47.988, 42.672, 41.035, 40.805, 39.592, 39.096, 38.627, 36.818, 33.558, 28.012, 15.09, 0.0, 11.4, 18.468, 22.334, 24.18, 25.446, 26.529, 27.965, 28.927, 29.462, 30.626, 31.672, 32.128, 32.64, 34.33, 35.901, 35.913, 36.9, 39.679, 40.555, 41.409, 41.74, 42.212, 44.27, 50.86, 54.621, 55.303, 55.352, 53.941, 53.763, 54.092, 53.719, 54.423, 56.204, 58.129, 57.747, 56.68, 55.524, 53.351, 53.155, 53.315, 54.158, 56.621, 55.826, 57.105], [54.547, 54.326, 55.856, 58.587, 60.245, 61.957, 62.877, 62.378, 60.985, 59.171, 58.406, 58.469, 58.918, 58.857, 56.043, 53.863, 53.573, 53.459, 54.006, 55.885, 56.717, 56.019, 56.323, 57.143, 55.933, 55.518, 55.68, 54.313, 54.206, 54.634, 52.236, 47.256, 45.593, 45.496, 44.996, 45.186, 45.021, 43.646, 40.911, 36.011, 24.728, 11.4, 0.0, 8.443, 13.745, 16.923, 19.494, 21.858, 25.088, 26.732, 27.301, 28.361, 29.33, 29.773, 29.465, 30.444, 32.009, 32.174, 32.79, 34.96, 35.143, 35.872, 36.276, 36.696, 38.418, 44.9, 48.774, 49.462, 49.518, 48.407, 48.212, 48.55, 48.492, 49.322, 51.486, 54.744, 55.827, 55.692, 54.925, 52.885, 52.627, 52.474, 53.038, 55.479, 54.721, 56.298], [56.402, 56.158, 57.609, 60.28, 61.935, 63.625, 64.54, 64.089, 62.835, 61.236, 60.573, 60.593, 60.964, 60.946, 58.357, 56.328, 55.97, 55.839, 56.396, 58.193, 58.973, 58.307, 58.54, 59.243, 58.068, 57.695, 57.941, 56.732, 56.605, 56.935, 54.678, 49.99, 48.397, 48.303, 47.979, 48.41, 48.41, 47.279, 44.886, 40.427, 30.178, 18.468, 8.443, 0.0, 6.692, 11.843, 15.694, 18.926, 23.244, 25.251, 25.862, 26.882, 27.982, 28.497, 27.578, 28.032, 29.642, 29.948, 30.245, 31.856, 31.58, 32.179, 32.614, 33.05, 34.492, 40.703, 44.621, 45.302, 45.419, 44.522, 44.322, 44.745, 44.897, 45.793, 48.081, 51.908, 53.855, 54.507, 54.131, 52.207, 51.939, 51.582, 52.032, 54.551, 53.889, 55.603], [57.176, 56.961, 58.328, 60.882, 62.435, 64.066, 64.973, 64.554, 63.401, 62.01, 61.555, 61.651, 61.992, 62.019, 59.554, 57.617, 57.269, 57.132, 57.721, 59.488, 60.227, 59.608, 59.793, 60.365, 59.207, 58.859, 59.064, 57.828, 57.582, 57.782, 55.629, 51.238, 49.826, 49.714, 49.336, 49.733, 49.699, 48.674, 46.586, 42.485, 32.92, 22.334, 13.745, 6.692, 0.0, 6.956, 12.302, 16.328, 21.358, 23.475, 24.104, 25.082, 26.205, 26.744, 25.576, 25.986, 27.789, 28.311, 28.481, 29.698, 29.173, 29.637, 30.042, 30.458, 31.685, 37.664, 41.543, 42.226, 42.429, 41.622, 41.399, 41.92, 42.192, 43.097, 45.384, 49.341, 51.613, 52.725, 52.758, 51.026, 50.712, 50.237, 50.873, 53.662, 53.061, 54.852], [57.528, 57.383, 58.725, 61.176, 62.612, 64.193, 65.092, 64.657, 63.526, 62.217, 61.888, 62.112, 62.539, 62.649, 60.283, 58.34, 57.947, 57.804, 58.37, 60.102, 60.813, 60.128, 60.179, 60.585, 59.414, 59.097, 59.207, 57.879, 57.646, 57.957, 55.904, 51.674, 50.427, 50.292, 49.812, 50.018, 49.786, 48.676, 46.75, 43.037, 34.03, 24.18, 16.923, 11.843, 6.956, 0.0, 6.721, 12.444, 18.768, 21.108, 21.808, 22.795, 23.906, 24.547, 23.432, 24.266, 26.378, 27.015, 27.217, 28.315, 27.546, 27.764, 28.069, 28.393, 29.664, 35.826, 39.678, 40.337, 40.561, 39.808, 39.558, 40.145, 40.523, 41.321, 43.438, 47.353, 49.504, 50.563, 50.816, 49.589, 49.503, 49.06, 49.899, 53.029, 52.443, 54.236], [57.803, 57.688, 58.971, 61.349, 62.785, 64.432, 65.385, 64.945, 63.813, 62.504, 62.192, 62.488, 62.925, 63.089, 60.869, 58.871, 58.35, 58.175, 58.667, 60.43, 61.165, 60.346, 60.289, 60.551, 59.35, 59.17, 59.35, 58.111, 58.051, 58.436, 56.181, 51.733, 50.495, 50.287, 49.675, 49.742, 49.425, 48.303, 46.536, 43.169, 34.589, 25.446, 19.494, 15.694, 12.302, 6.721, 0.0, 7.358, 15.266, 18.272, 19.172, 20.244, 21.577, 22.38, 21.416, 22.776, 25.056, 25.675, 26.046, 27.287, 26.687, 26.938, 27.23, 27.6, 29.241, 35.832, 39.637, 40.204, 40.488, 39.802, 39.569, 40.223, 40.653, 41.408, 43.39, 47.182, 48.993, 49.727, 49.873, 49.054, 49.504, 49.357, 50.391, 53.605, 52.965, 54.695], [57.906, 57.804, 58.985, 61.286, 62.716, 64.385, 65.393, 65.019, 63.964, 62.69, 62.421, 62.774, 63.124, 63.33, 61.269, 59.163, 58.467, 58.219, 58.689, 60.627, 61.47, 60.545, 60.395, 60.52, 59.319, 59.421, 59.86, 58.85, 58.899, 59.108, 56.505, 51.895, 50.707, 50.426, 49.607, 49.539, 49.212, 48.191, 46.672, 43.451, 34.928, 26.529, 21.858, 18.926, 16.328, 12.444, 7.358, 0.0, 9.132, 13.626, 15.195, 16.428, 18.172, 19.154, 18.51, 20.704, 23.22, 23.788, 24.373, 25.811, 25.905, 26.565, 27.025, 27.652, 29.698, 36.404, 40.039, 40.492, 40.899, 40.11, 39.9, 40.7, 40.982, 41.762, 43.86, 47.444, 48.771, 49.074, 48.962, 48.208, 49.117, 49.576, 51.34, 54.693, 53.908, 55.606], [57.512, 57.452, 58.537, 60.73, 62.131, 63.785, 64.82, 64.498, 63.519, 62.286, 62.08, 62.526, 62.818, 63.112, 61.297, 59.18, 58.298, 57.952, 58.445, 60.579, 61.509, 60.431, 60.121, 60.1, 58.894, 59.262, 59.966, 59.255, 59.409, 59.365, 56.407, 51.801, 50.767, 50.483, 49.485, 49.301, 49.002, 48.053, 46.676, 43.5, 35.064, 27.965, 25.088, 23.244, 21.358, 18.768, 15.266, 9.132, 0.0, 6.818, 10.466, 12.251, 14.394, 15.535, 15.825, 19.436, 22.274, 22.707, 23.58, 25.325, 26.21, 27.223, 27.879, 28.866, 31.381, 37.96, 41.366, 41.713, 42.143, 41.09, 40.736, 41.522, 41.516, 42.211, 44.334, 47.452, 48.033, 47.74, 47.296, 46.44, 47.61, 48.831, 51.995, 55.895, 54.987, 56.618], [57.344, 57.307, 58.325, 60.406, 61.757, 63.421, 64.477, 64.164, 63.186, 61.983, 61.859, 62.373, 62.675, 63.005, 61.37, 59.583, 58.873, 58.517, 59.038, 61.122, 61.974, 60.876, 60.542, 60.49, 59.249, 59.563, 60.2, 59.461, 59.524, 59.311, 56.246, 51.723, 50.81, 50.581, 49.556, 49.318, 48.927, 47.893, 46.411, 43.217, 35.162, 28.927, 26.732, 25.251, 23.475, 21.108, 18.272, 13.626, 6.818, 0.0, 5.866, 8.502, 10.779, 12.26, 12.918, 17.273, 20.261, 20.707, 21.955, 24.047, 25.39, 26.602, 27.327, 28.414, 31.127, 37.722, 41.058, 41.392, 41.797, 40.669, 40.204, 40.835, 40.792, 41.449, 43.392, 46.309, 46.727, 46.311, 45.779, 44.893, 46.081, 47.486, 51.297, 55.656, 54.829, 56.453], [57.786, 57.752, 58.701, 60.675, 62.0, 63.701, 64.784, 64.47, 63.494, 62.322, 62.277, 62.839, 63.185, 63.553, 61.972, 60.444, 60.089, 59.819, 60.281, 62.273, 63.041, 61.967, 61.682, 61.671, 60.427, 60.655, 61.175, 60.242, 60.116, 59.811, 56.747, 52.231, 51.344, 51.098, 50.035, 49.742, 49.174, 48.054, 46.571, 43.36, 35.491, 29.462, 27.301, 25.862, 24.104, 21.808, 19.172, 15.195, 10.466, 5.866, 0.0, 4.162, 8.119, 9.828, 10.665, 15.317, 18.131, 18.683, 20.271, 22.703, 24.689, 26.244, 26.964, 28.002, 30.639, 37.175, 40.351, 40.687, 41.132, 39.885, 39.521, 40.116, 40.007, 40.743, 42.748, 45.789, 46.448, 46.209, 45.785, 45.091, 46.311, 47.672, 51.343, 55.481, 54.665, 56.334], [58.479, 58.473, 59.508, 61.522, 62.796, 64.419, 65.441, 65.11, 64.168, 63.036, 63.021, 63.619, 63.984, 64.329, 62.687, 61.127, 60.852, 60.673, 61.17, 63.143, 63.884, 62.868, 62.656, 62.681, 61.414, 61.631, 62.165, 61.212, 61.054, 60.756, 57.737, 53.245, 52.378, 52.129, 51.088, 50.792, 50.174, 49.027, 47.571, 44.448, 36.718, 30.626, 28.361, 26.882, 25.082, 22.795, 20.244, 16.428, 12.251, 8.502, 4.162, 0.0, 5.255, 7.484, 8.678, 13.954, 16.875, 17.44, 19.267, 21.735, 23.894, 25.663, 26.382, 27.393, 30.133, 36.735, 39.782, 40.059, 40.506, 39.278, 38.997, 39.664, 39.566, 40.26, 42.24, 45.455, 46.307, 46.175, 45.855, 45.322, 46.633, 48.08, 51.94, 56.173, 55.38, 57.155], [59.167, 59.186, 60.351, 62.448, 63.643, 65.15, 66.105, 65.772, 64.847, 63.726, 63.715, 64.331, 64.713, 65.031, 63.326, 61.714, 61.44, 61.291, 61.882, 63.857, 64.563, 63.676, 63.592, 63.642, 62.328, 62.525, 63.047, 62.038, 61.832, 61.542, 58.559, 54.045, 53.171, 52.96, 51.971, 51.675, 51.028, 49.88, 48.432, 45.422, 37.869, 31.672, 29.33, 27.982, 26.205, 23.906, 21.577, 18.172, 14.394, 10.779, 8.119, 5.255, 0.0, 3.494, 6.327, 12.749, 15.802, 16.417, 18.585, 20.993, 22.881, 24.684, 25.393, 26.352, 29.322, 36.335, 39.447, 39.678, 40.106, 39.011, 38.781, 39.448, 39.383, 39.964, 41.764, 45.129, 46.204, 46.166, 45.933, 45.51, 46.859, 48.382, 52.585, 57.16, 56.459, 58.291], [59.657, 59.658, 60.825, 62.935, 64.168, 65.713, 66.682, 66.365, 65.452, 64.316, 64.292, 64.896, 65.277, 65.595, 63.881, 62.263, 62.01, 61.852, 62.489, 64.525, 65.217, 64.357, 64.284, 64.314, 63.01, 63.223, 63.745, 62.718, 62.491, 62.175, 59.141, 54.523, 53.561, 53.355, 52.433, 52.206, 51.613, 50.508, 49.086, 46.059, 38.451, 32.128, 29.773, 28.497, 26.744, 24.547, 22.38, 19.154, 15.535, 12.26, 9.828, 7.484, 3.494, 0.0, 5.658, 12.691, 15.722, 16.464, 18.645, 20.906, 22.653, 24.393, 25.074, 26.043, 29.125, 36.286, 39.427, 39.635, 40.097, 39.067, 38.82, 39.436, 39.391, 39.998, 41.858, 45.326, 46.479, 46.497, 46.333, 45.96, 47.249, 48.773, 53.145, 57.817, 57.157, 58.992], [59.672, 59.684, 60.81, 62.878, 64.12, 65.681, 66.651, 66.345, 65.45, 64.347, 64.348, 64.948, 65.324, 65.675, 64.134, 62.742, 62.543, 62.386, 62.999, 64.95, 65.657, 64.899, 64.853, 64.873, 63.58, 63.729, 64.186, 63.126, 62.885, 62.601, 59.71, 55.295, 54.356, 54.147, 53.277, 53.08, 52.482, 51.419, 50.012, 46.936, 39.341, 32.64, 29.465, 27.578, 25.576, 23.432, 21.416, 18.51, 15.825, 12.918, 10.665, 8.678, 6.327, 5.658, 0.0, 7.756, 11.65, 12.67, 14.899, 17.255, 19.174, 21.248, 22.076, 22.984, 25.857, 33.034, 36.287, 36.505, 37.065, 36.206, 35.967, 36.719, 36.901, 37.622, 39.635, 43.371, 44.857, 45.178, 45.11, 44.67, 45.892, 47.1, 51.074, 55.702, 55.149, 57.104], [59.653, 59.696, 60.835, 62.859, 64.038, 65.534, 66.444, 66.129, 65.272, 64.224, 64.282, 64.892, 65.28, 65.649, 64.281, 63.229, 63.191, 63.049, 63.63, 65.467, 66.159, 65.653, 65.842, 65.936, 64.651, 64.703, 65.058, 63.908, 63.625, 63.378, 60.594, 56.349, 55.471, 55.306, 54.539, 54.434, 53.877, 52.908, 51.571, 48.503, 41.166, 34.33, 30.444, 28.032, 25.986, 24.266, 22.776, 20.704, 19.436, 17.273, 15.317, 13.954, 12.749, 12.691, 7.756, 0.0, 5.132, 6.57, 9.189, 12.235, 15.018, 17.958, 19.062, 19.867, 22.547, 29.828, 33.168, 33.42, 34.063, 33.321, 33.178, 34.075, 34.41, 35.245, 37.398, 41.47, 43.464, 44.192, 44.281, 43.932, 45.176, 45.94, 49.277, 53.707, 53.235, 55.333], [60.242, 60.296, 61.438, 63.418, 64.562, 66.028, 66.911, 66.605, 65.795, 64.796, 64.907, 65.539, 65.925, 66.285, 64.961, 64.05, 64.123, 63.977, 64.51, 66.307, 66.99, 66.604, 66.981, 67.12, 65.831, 65.884, 66.189, 64.963, 64.64, 64.344, 61.467, 57.154, 56.293, 56.14, 55.425, 55.375, 54.847, 53.953, 52.681, 49.644, 42.551, 35.901, 32.009, 29.642, 27.789, 26.378, 25.056, 23.22, 22.274, 20.261, 18.131, 16.875, 15.802, 15.722, 11.65, 5.132, 0.0, 3.121, 7.413, 11.042, 14.785, 18.223, 19.46, 20.321, 23.023, 30.204, 33.395, 33.648, 34.322, 33.555, 33.494, 34.36, 34.647, 35.551, 37.73, 41.92, 44.13, 44.93, 45.034, 44.914, 46.325, 47.023, 50.151, 54.371, 53.876, 55.959], [59.857, 59.9, 61.016, 62.97, 64.113, 65.583, 66.456, 66.136, 65.325, 64.327, 64.426, 65.039, 65.418, 65.769, 64.495, 63.667, 63.753, 63.606, 64.139, 65.955, 66.647, 66.245, 66.644, 66.811, 65.52, 65.581, 65.905, 64.716, 64.463, 64.216, 61.274, 56.89, 56.012, 55.858, 55.131, 55.102, 54.65, 53.822, 52.593, 49.558, 42.469, 35.913, 32.174, 29.948, 28.311, 27.015, 25.675, 23.788, 22.707, 20.707, 18.683, 17.44, 16.417, 16.464, 12.67, 6.57, 3.121, 0.0, 5.653, 10.122, 14.245, 17.934, 19.217, 20.15, 23.12, 30.454, 33.649, 33.883, 34.526, 33.741, 33.724, 34.659, 34.922, 35.81, 37.947, 42.036, 44.183, 44.92, 44.96, 44.869, 46.344, 47.054, 50.106, 54.303, 53.813, 55.889], [60.128, 60.135, 61.091, 62.865, 63.95, 65.467, 66.41, 66.161, 65.401, 64.441, 64.531, 65.06, 65.416, 65.797, 64.601, 63.886, 63.983, 63.832, 64.425, 66.32, 67.034, 66.605, 66.876, 66.981, 65.795, 65.844, 66.114, 64.906, 64.651, 64.441, 61.639, 57.551, 56.803, 56.612, 55.882, 55.863, 55.494, 54.807, 53.734, 50.743, 43.623, 36.9, 32.79, 30.245, 28.481, 27.217, 26.046, 24.373, 23.58, 21.955, 20.271, 19.267, 18.585, 18.645, 14.899, 9.189, 7.413, 5.653, 0.0, 5.787, 11.298, 15.546, 16.954, 17.973, 20.882, 27.994, 31.091, 31.323, 31.978, 31.176, 31.232, 32.308, 32.619, 33.64, 35.952, 40.201, 42.656, 43.725, 43.94, 43.804, 45.119, 45.662, 48.496, 52.577, 52.101, 54.266], [62.201, 62.137, 63.043, 64.772, 65.809, 67.298, 68.259, 68.072, 67.397, 66.515, 66.607, 67.072, 67.398, 67.76, 66.539, 65.789, 65.839, 65.685, 66.358, 68.287, 68.985, 68.572, 6