[[0.0, 5.001, 8.921, 10.662, 13.392, 18.607, 24.674, 30.585, 35.758, 38.619, 38.652, 38.997, 39.21, 39.71, 40.87, 42.374, 43.404, 43.478, 43.342, 43.769, 43.707, 43.524, 44.008, 44.622, 44.806, 45.242, 45.919, 45.236, 45.417, 45.08, 46.98, 51.041, 51.173, 52.911, 53.485, 52.942, 52.447, 51.973, 50.971, 49.708, 49.094, 49.487, 49.351, 48.759, 49.797, 50.995, 50.438, 50.454, 50.656, 51.008, 50.935, 50.971, 51.266, 51.399, 51.468, 51.234, 50.93, 51.018, 51.156, 51.648, 54.802, 59.375, 61.419, 60.793, 58.532, 57.85, 59.876, 60.887, 60.339, 59.883, 60.143, 59.386, 59.606, 59.418, 59.468, 59.545, 57.697, 55.402, 55.189, 52.613, 48.785, 47.732, 47.23, 47.14, 47.078, 46.889], [5.001, 0.0, 4.977, 8.086, 11.517, 16.753, 22.732, 28.647, 34.16, 37.446, 37.66, 38.092, 38.329, 38.797, 39.908, 41.325, 42.368, 42.507, 42.33, 42.755, 42.69, 42.454, 42.919, 43.474, 43.668, 44.071, 44.668, 43.938, 44.122, 43.84, 45.928, 50.304, 50.564, 52.381, 53.096, 52.668, 52.302, 51.882, 50.913, 49.675, 49.198, 49.781, 49.632, 49.011, 50.155, 51.392, 50.786, 50.781, 50.985, 51.361, 51.259, 51.266, 51.61, 51.747, 51.802, 51.576, 51.271, 51.357, 51.471, 51.97, 55.229, 59.94, 62.011, 61.318, 58.985, 58.251, 60.258, 61.3, 60.754, 60.276, 60.537, 59.786, 60.029, 59.83, 59.761, 59.764, 57.871, 55.436, 55.095, 52.554, 48.759, 47.65, 47.093, 47.031, 47.05, 46.876], [8.921, 4.977, 0.0, 4.859, 9.416, 14.644, 20.501, 26.304, 31.887, 35.422, 36.148, 36.849, 37.042, 37.486, 38.46, 39.753, 40.851, 41.107, 40.972, 41.4, 41.326, 41.203, 41.723, 42.159, 42.363, 42.69, 43.145, 42.454, 42.657, 42.549, 44.864, 49.423, 49.858, 51.666, 52.352, 51.968, 51.768, 51.471, 50.532, 49.248, 48.787, 49.556, 49.355, 48.661, 49.798, 50.993, 50.362, 50.334, 50.548, 50.951, 50.846, 50.839, 51.152, 51.265, 51.294, 51.019, 50.762, 50.866, 50.971, 51.507, 54.806, 59.52, 61.534, 60.791, 58.497, 57.792, 59.731, 60.77, 60.26, 59.787, 60.06, 59.319, 59.58, 59.459, 59.446, 59.426, 57.561, 55.245, 54.976, 52.514, 48.781, 47.641, 47.036, 46.952, 46.992, 46.795], [10.662, 8.086, 4.859, 0.0, 5.916, 12.341, 18.778, 25.135, 31.024, 34.624, 35.617, 36.522, 36.68, 37.12, 37.993, 39.207, 40.316, 40.539, 40.363, 40.708, 40.623, 40.599, 41.143, 41.527, 41.74, 42.025, 42.417, 41.769, 41.973, 41.936, 44.266, 48.786, 49.222, 50.975, 51.611, 51.249, 51.225, 51.33, 50.612, 49.274, 48.672, 49.439, 49.215, 48.474, 49.574, 50.698, 50.05, 50.025, 50.262, 50.693, 50.58, 50.565, 50.848, 50.96, 50.966, 50.658, 50.462, 50.563, 50.671, 51.243, 54.528, 59.137, 61.034, 60.251, 57.904, 57.102, 58.976, 60.044, 59.587, 59.149, 59.441, 58.701, 58.943, 58.933, 59.154, 59.217, 57.423, 55.303, 55.185, 52.728, 48.948, 47.779, 47.137, 47.006, 47.03, 46.799], [13.392, 11.517, 9.416, 5.916, 0.0, 7.835, 15.238, 22.403, 28.69, 32.4, 33.506, 34.615, 34.805, 35.219, 36.194, 37.536, 38.739, 38.991, 38.767, 39.082, 39.029, 38.989, 39.513, 39.841, 40.055, 40.312, 40.732, 40.136, 40.28, 40.3, 42.774, 47.485, 47.991, 49.752, 50.407, 50.086, 50.144, 50.487, 50.023, 48.768, 48.219, 49.051, 48.818, 48.077, 49.249, 50.377, 49.678, 49.69, 49.956, 50.379, 50.224, 50.18, 50.501, 50.667, 50.668, 50.331, 50.188, 50.273, 50.361, 51.037, 54.385, 58.877, 60.625, 59.745, 57.358, 56.55, 58.389, 59.464, 59.024, 58.599, 58.924, 58.2, 58.443, 58.454, 58.733, 58.848, 57.089, 55.02, 54.958, 52.556, 48.876, 47.701, 47.008, 46.872, 46.941, 46.685], [18.607, 16.753, 14.644, 12.341, 7.835, 0.0, 8.428, 16.977, 24.265, 28.441, 29.718, 31.142, 31.353, 31.722, 32.8, 34.171, 35.327, 35.669, 35.591, 36.039, 36.005, 36.004, 36.579, 36.717, 36.935, 37.153, 37.63, 37.142, 37.208, 37.389, 40.337, 45.627, 46.41, 48.392, 49.219, 48.976, 49.139, 49.523, 49.075, 47.941, 47.638, 48.754, 48.485, 47.626, 48.833, 50.005, 49.236, 49.252, 49.605, 50.085, 49.957, 49.912, 50.248, 50.455, 50.457, 50.042, 49.95, 50.019, 50.074, 50.914, 54.368, 58.765, 60.341, 59.318, 56.986, 56.333, 58.176, 59.196, 58.738, 58.295, 58.675, 57.98, 58.257, 58.316, 58.573, 58.659, 56.894, 54.825, 54.732, 52.458, 49.173, 48.085, 47.314, 47.182, 47.303, 47.009], [24.674, 22.732, 20.501, 18.778, 15.238, 8.428, 0.0, 9.748, 18.467, 23.57, 25.463, 27.394, 27.604, 28.02, 29.182, 30.467, 31.644, 32.241, 32.336, 32.985, 33.015, 33.12, 33.83, 33.722, 33.908, 34.052, 34.501, 34.175, 34.243, 34.831, 38.415, 44.235, 45.415, 47.583, 48.504, 48.317, 48.567, 48.963, 48.528, 47.548, 47.637, 49.165, 48.84, 47.806, 48.925, 50.061, 49.247, 49.25, 49.676, 50.235, 50.168, 50.121, 50.454, 50.647, 50.63, 50.174, 50.133, 50.208, 50.239, 51.165, 54.634, 58.921, 60.347, 59.199, 56.973, 56.503, 58.306, 59.244, 58.778, 58.307, 58.734, 58.088, 58.406, 58.528, 58.781, 58.823, 57.079, 55.099, 55.078, 53.097, 50.34, 49.413, 48.653, 48.537, 48.684, 48.384], [30.585, 28.647, 26.304, 25.135, 22.403, 16.977, 9.748, 0.0, 10.143, 16.999, 20.327, 23.079, 23.264, 23.765, 25.201, 26.486, 27.892, 29.029, 29.307, 30.216, 30.418, 30.715, 31.674, 31.397, 31.54, 31.614, 32.03, 31.965, 32.072, 33.176, 37.531, 43.765, 45.331, 47.39, 48.143, 47.943, 48.201, 48.392, 47.932, 47.199, 47.801, 49.768, 49.352, 48.157, 49.171, 50.27, 49.458, 49.47, 49.929, 50.534, 50.518, 50.451, 50.789, 50.983, 50.96, 50.501, 50.52, 50.629, 50.655, 51.611, 54.986, 59.056, 60.351, 59.102, 57.03, 56.812, 58.521, 59.32, 58.841, 58.321, 58.728, 58.113, 58.485, 58.626, 58.775, 58.706, 56.989, 55.167, 55.327, 53.779, 51.627, 50.922, 50.265, 50.181, 50.357, 50.101], [35.758, 34.16, 31.887, 31.024, 28.69, 24.265, 18.467, 10.143, 0.0, 8.716, 14.961, 19.106, 19.159, 19.783, 21.866, 23.652, 25.642, 27.479, 27.977, 28.916, 29.324, 29.834, 30.932, 30.61, 30.698, 30.732, 31.084, 31.281, 31.417, 32.825, 37.248, 43.359, 45.269, 47.111, 47.567, 47.296, 47.517, 47.584, 47.288, 46.905, 47.87, 49.995, 49.492, 48.3, 49.288, 50.304, 49.48, 49.53, 49.978, 50.536, 50.516, 50.428, 50.772, 51.044, 51.033, 50.548, 50.65, 50.802, 50.886, 51.869, 54.964, 58.535, 59.631, 58.378, 56.505, 56.511, 58.069, 58.685, 58.188, 57.64, 58.007, 57.421, 57.815, 57.861, 57.876, 57.75, 56.178, 54.706, 55.276, 54.296, 52.781, 52.297, 51.747, 51.681, 51.876, 51.654], [38.619, 37.446, 35.422, 34.624, 32.4, 28.441, 23.57, 16.999, 8.716, 0.0, 10.052, 15.947, 15.791, 16.8, 19.903, 22.533, 25.086, 27.367, 28.035, 28.758, 29.322, 29.945, 30.921, 30.598, 30.628, 30.897, 31.474, 31.869, 31.869, 33.18, 36.867, 42.54, 44.733, 46.509, 46.823, 46.496, 46.716, 47.0, 47.017, 46.872, 47.896, 49.897, 49.44, 48.581, 49.768, 50.738, 49.856, 49.914, 50.328, 50.782, 50.728, 50.681, 51.071, 51.479, 51.437, 50.827, 50.985, 51.147, 51.308, 52.394, 55.247, 58.323, 59.223, 58.082, 56.43, 56.527, 58.038, 58.554, 58.018, 57.49, 57.864, 57.259, 57.593, 57.488, 57.493, 57.412, 55.811, 54.279, 55.082, 54.513, 53.402, 53.019, 52.488, 52.406, 52.62, 52.424], [38.652, 37.66, 36.148, 35.617, 33.506, 29.718, 25.463, 20.327, 14.961, 10.052, 0.0, 7.621, 8.272, 9.652, 14.955, 18.71, 21.101, 23.153, 23.812, 24.627, 25.556, 26.064, 27.209, 27.361, 27.231, 28.407, 30.242, 30.717, 30.335, 31.061, 34.911, 41.32, 43.289, 44.821, 45.079, 44.654, 44.758, 45.059, 44.921, 44.739, 45.848, 47.692, 47.326, 46.791, 48.764, 50.402, 49.444, 49.503, 49.924, 50.326, 50.254, 50.278, 50.852, 51.501, 51.554, 50.965, 51.107, 51.248, 51.509, 52.824, 55.931, 59.062, 60.052, 58.968, 57.196, 57.315, 59.213, 59.701, 58.944, 58.356, 58.681, 57.852, 58.13, 57.795, 57.563, 57.322, 55.18, 52.279, 52.322, 51.767, 51.012, 50.756, 50.213, 50.157, 50.472, 50.392], [38.997, 38.092, 36.849, 36.522, 34.615, 31.142, 27.394, 23.079, 19.106, 15.947, 7.621, 0.0, 2.866, 6.261, 12.408, 16.668, 18.893, 20.781, 21.657, 22.973, 24.096, 24.61, 26.179, 26.816, 26.614, 28.253, 30.712, 31.133, 30.539, 30.908, 35.027, 41.984, 43.709, 44.996, 45.049, 44.411, 44.295, 44.266, 43.665, 43.225, 44.305, 46.019, 45.718, 45.287, 47.474, 49.559, 48.675, 48.725, 49.156, 49.534, 49.521, 49.621, 50.234, 50.926, 51.15, 50.743, 50.897, 51.028, 51.292, 52.706, 56.001, 59.278, 60.403, 59.29, 57.451, 57.732, 59.875, 60.27, 59.333, 58.704, 58.978, 57.986, 58.222, 57.723, 57.277, 56.902, 54.51, 50.902, 50.35, 49.766, 49.277, 49.109, 48.58, 48.554, 48.857, 48.83], [39.21, 38.329, 37.042, 36.68, 34.805, 31.353, 27.604, 23.264, 19.159, 15.791, 8.272, 2.866, 0.0, 5.949, 12.315, 16.598, 18.976, 21.019, 22.024, 23.331, 24.421, 25.014, 26.522, 27.079, 26.9, 28.475, 30.818, 31.246, 30.679, 31.064, 34.969, 41.775, 43.61, 45.025, 45.13, 44.498, 44.403, 44.433, 43.868, 43.42, 44.444, 46.166, 45.9, 45.465, 47.548, 49.577, 48.723, 48.775, 49.218, 49.601, 49.605, 49.724, 50.307, 50.983, 51.194, 50.767, 50.936, 51.062, 51.312, 52.732, 56.003, 59.254, 60.367, 59.272, 57.482, 57.754, 59.851, 60.245, 59.315, 58.697, 58.973, 57.981, 58.197, 57.705, 57.299, 56.941, 54.585, 51.147, 50.72, 50.15, 49.626, 49.437, 48.893, 48.866, 49.154, 49.108], [39.71, 38.797, 37.486, 37.12, 35.219, 31.722, 28.02, 23.765, 19.783, 16.8, 9.652, 6.261, 5.949, 0.0, 7.881, 13.282, 16.084, 18.22, 18.995, 20.219, 21.517, 22.278, 23.858, 24.501, 24.34, 25.985, 28.49, 28.965, 28.442, 28.917, 33.697, 40.896, 42.653, 44.121, 44.279, 43.726, 43.716, 43.801, 43.419, 43.262, 44.518, 46.39, 46.075, 45.559, 47.858, 50.054, 49.198, 49.357, 49.939, 50.409, 50.425, 50.502, 51.1, 51.787, 51.972, 51.573, 51.738, 51.868, 52.136, 53.496, 56.686, 59.907, 61.011, 59.923, 58.104, 58.319, 60.331, 60.734, 59.876, 59.268, 59.532, 58.589, 58.848, 58.433, 58.071, 57.719, 55.413, 52.186, 51.988, 51.473, 50.902, 50.701, 50.187, 50.165, 50.451, 50.383], [40.87, 39.908, 38.46, 37.993, 36.194, 32.8, 29.182, 25.201, 21.866, 19.903, 14.955, 12.408, 12.315, 7.881, 0.0, 6.685, 10.931, 13.765, 14.684, 16.309, 17.809, 19.237, 21.361, 22.147, 22.056, 23.595, 26.002, 26.678, 26.335, 26.945, 32.387, 39.871, 41.627, 43.158, 43.347, 42.881, 43.073, 43.349, 43.1, 43.093, 44.465, 46.458, 46.029, 45.329, 47.506, 49.742, 48.935, 49.161, 49.989, 50.677, 50.804, 50.884, 51.395, 51.951, 52.171, 51.854, 52.028, 52.159, 52.399, 53.674, 56.773, 59.992, 61.124, 60.027, 58.169, 58.346, 60.272, 60.661, 59.842, 59.24, 59.514, 58.589, 58.854, 58.495, 58.204, 57.854, 55.673, 52.887, 52.999, 52.598, 52.021, 51.783, 51.276, 51.224, 51.442, 51.333], [42.374, 41.325, 39.753, 39.207, 37.536, 34.171, 30.467, 26.486, 23.652, 22.533, 18.71, 16.668, 16.598, 13.282, 6.685, 0.0, 5.883, 10.006, 11.467, 13.515, 15.084, 17.114, 19.941, 20.767, 20.741, 22.153, 24.421, 25.387, 25.134, 25.649, 31.155, 38.832, 40.647, 42.254, 42.636, 42.369, 42.779, 43.273, 43.156, 43.222, 44.611, 46.645, 45.943, 44.827, 46.738, 48.897, 48.101, 48.338, 49.388, 50.358, 50.642, 50.7, 51.124, 51.58, 51.803, 51.523, 51.711, 51.826, 52.009, 53.254, 56.335, 59.539, 60.691, 59.554, 57.589, 57.698, 59.515, 59.888, 59.087, 58.489, 58.776, 57.86, 58.136, 57.863, 57.691, 57.35, 55.41, 53.19, 53.565, 53.21, 52.624, 52.342, 51.802, 51.726, 51.921, 51.814], [43.404, 42.368, 40.851, 40.316, 38.739, 35.327, 31.644, 27.892, 25.642, 25.086, 21.101, 18.893, 18.976, 16.084, 10.931, 5.883, 0.0, 5.188, 7.901, 10.843, 12.762, 15.218, 18.726, 19.773, 19.793, 21.4, 23.972, 25.104, 24.703, 24.937, 30.702, 38.718, 40.318, 41.788, 42.209, 41.998, 42.395, 42.769, 42.414, 42.381, 43.762, 45.751, 44.809, 43.325, 45.153, 47.414, 46.625, 46.901, 48.071, 49.204, 49.652, 49.715, 50.091, 50.605, 50.849, 50.523, 50.697, 50.793, 50.934, 52.221, 55.361, 58.535, 59.704, 58.499, 56.4, 56.532, 58.409, 58.757, 57.903, 57.291, 57.558, 56.595, 56.898, 56.669, 56.529, 56.133, 54.238, 52.115, 52.438, 52.034, 51.543, 51.305, 50.747, 50.664, 50.872, 50.805], [43.478, 42.507, 41.107, 40.539, 38.991, 35.669, 32.241, 29.029, 27.479, 27.367, 23.153, 20.781, 21.019, 18.22, 13.765, 10.006, 5.188, 0.0, 4.424, 8.742, 11.038, 13.721, 17.529, 18.828, 18.905, 20.734, 23.61, 24.781, 24.376, 24.388, 30.356, 38.479, 39.693, 40.967, 41.331, 41.096, 41.476, 41.824, 41.316, 41.199, 42.569, 44.552, 43.581, 42.01, 43.926, 46.34, 45.55, 45.857, 47.088, 48.279, 48.783, 48.9, 49.293, 49.882, 50.187, 49.857, 50.011, 50.099, 50.256, 51.56, 54.767, 58.011, 59.217, 58.014, 55.823, 55.91, 57.903, 58.285, 57.392, 56.763, 57.01, 56.011, 56.319, 56.094, 55.958, 55.524, 53.527, 51.164, 51.305, 50.816, 50.358, 50.181, 49.623, 49.532, 49.756, 49.704], [43.342, 42.33, 40.972, 40.363, 38.767, 35.591, 32.336, 29.307, 27.977, 28.035, 23.812, 21.657, 22.024, 18.995, 14.684, 11.467, 7.901, 4.424, 0.0, 5.749, 8.927, 11.231, 14.862, 16.327, 16.433, 18.401, 21.475, 22.623, 22.282, 22.266, 28.7, 37.082, 38.108, 39.238, 39.589, 39.419, 39.889, 40.417, 40.202, 40.292, 41.815, 43.937, 43.035, 41.593, 43.79, 46.302, 45.469, 45.773, 47.011, 48.196, 48.612, 48.707, 49.271, 49.932, 50.211, 50.005, 50.194, 50.295, 50.545, 51.844, 55.062, 58.423, 59.68, 58.525, 56.301, 56.256, 58.205, 58.643, 57.804, 57.162, 57.395, 56.438, 56.765, 56.571, 56.468, 56.07, 54.072, 51.592, 51.694, 51.183, 50.635, 50.463, 49.92, 49.839, 50.107, 50.066], [43.769, 42.755, 41.4, 40.708, 39.082, 36.039, 32.985, 30.216, 28.916, 28.758, 24.627, 22.973, 23.331, 20.219, 16.309, 13.515, 10.843, 8.742, 5.749, 0.0, 4.983, 8.491, 11.933, 13.461, 13.707, 15.907, 19.194, 20.527, 20.203, 20.097, 26.645, 35.108, 36.08, 37.128, 37.538, 37.492, 38.158, 39.127, 39.451, 39.796, 41.319, 43.462, 42.572, 41.226, 43.746, 46.314, 45.431, 45.787, 47.01, 48.177, 48.486, 48.499, 49.137, 50.047, 50.326, 50.011, 50.219, 50.32, 50.613, 51.908, 55.026, 58.271, 59.491, 58.384, 56.113, 55.892, 57.75, 58.245, 57.48, 56.87, 57.101, 56.216, 56.56, 56.391, 56.363, 56.037, 54.066, 51.682, 52.084, 51.679, 51.027, 50.796, 50.228, 50.137, 50.453, 50.408], [43.707, 42.69, 41.326, 40.623, 39.029, 36.005, 33.015, 30.418, 29.324, 29.322, 25.556, 24.096, 24.421, 21.517, 17.809, 15.084, 12.762, 11.038, 8.927, 4.983, 0.0, 6.248, 10.854, 12.501, 12.929, 15.028, 18.153, 19.611, 19.393, 19.263, 25.737, 34.093, 34.975, 36.145, 36.682, 36.673, 37.397, 38.516, 39.002, 39.389, 40.846, 43.015, 42.179, 40.808, 43.277, 45.817, 44.969, 45.32, 46.496, 47.655, 47.942, 47.979, 48.599, 49.549, 50.029, 49.803, 50.011, 50.109, 50.372, 51.659, 54.753, 57.945, 59.113, 57.941, 55.609, 55.335, 57.153, 57.673, 56.939, 56.344, 56.573, 55.704, 56.039, 55.85, 55.795, 55.488, 53.547, 51.347, 51.918, 51.506, 50.744, 50.436, 49.845, 49.768, 50.055, 49.932], [43.524, 42.454, 41.203, 40.599, 38.989, 36.004, 33.12, 30.715, 29.834, 29.945, 26.064, 24.61, 25.014, 22.278, 19.237, 17.114, 15.218, 13.721, 11.231, 8.491, 6.248, 0.0, 6.166, 8.778, 8.936, 11.264, 14.887, 16.294, 16.033, 15.622, 22.621, 31.621, 32.432, 33.678, 34.397, 34.474, 35.186, 36.335, 37.007, 37.585, 39.245, 41.515, 40.79, 39.592, 42.273, 44.912, 44.019, 44.304, 45.434, 46.513, 46.677, 46.775, 47.697, 48.611, 49.123, 49.403, 49.732, 49.82, 50.225, 51.653, 54.896, 58.257, 59.48, 58.337, 56.003, 55.67, 57.554, 58.116, 57.366, 56.705, 56.918, 56.04, 56.379, 56.122, 55.921, 55.586, 53.612, 51.108, 51.369, 50.885, 50.153, 49.887, 49.314, 49.293, 49.607, 49.462], [44.008, 42.919, 41.723, 41.143, 39.513, 36.579, 33.83, 31.674, 30.932, 30.921, 27.209, 26.179, 26.522, 23.858, 21.361, 19.941, 18.726, 17.529, 14.862, 11.933, 10.854, 6.166, 0.0, 3.902, 4.511, 7.391, 11.579, 12.994, 12.886, 12.573, 20.125, 29.49, 30.41, 31.705, 32.487, 32.63, 33.417, 34.757, 35.793, 36.651, 38.476, 40.876, 40.323, 39.477, 42.478, 45.122, 44.18, 44.472, 45.583, 46.571, 46.576, 46.684, 47.829, 48.856, 49.232, 49.635, 50.083, 50.18, 50.684, 52.168, 55.468, 58.928, 60.133, 59.126, 56.97, 56.578, 58.454, 59.085, 58.375, 57.717, 57.979, 57.179, 57.536, 57.29, 57.063, 56.76, 54.759, 52.037, 52.193, 51.672, 50.899, 50.673, 50.129, 50.121, 50.493, 50.356], [44.622, 43.474, 42.159, 41.527, 39.841, 36.717, 33.722, 31.397, 30.61, 30.598, 27.361, 26.816, 27.079, 24.501, 22.147, 20.767, 19.773, 18.828, 16.327, 13.461, 12.501, 8.778, 3.902, 0.0, 2.655, 5.492, 9.65, 11.392, 11.419, 11.742, 19.613, 29.044, 30.239, 31.704, 32.62, 32.858, 33.751, 35.229, 36.446, 37.397, 39.257, 41.753, 41.188, 40.315, 43.233, 45.727, 44.777, 45.067, 46.172, 47.16, 47.162, 47.268, 48.396, 49.411, 49.733, 50.08, 50.558, 50.687, 51.19, 52.665, 55.969, 59.468, 60.626, 59.628, 57.562, 57.155, 58.956, 59.625, 58.979, 58.348, 58.674, 57.961, 58.335, 58.157, 58.011, 57.756, 55.831, 53.29, 53.543, 53.01, 52.173, 51.919, 51.368, 51.365, 51.748, 51.588], [44.806, 43.668, 42.363, 41.74, 40.055, 36.935, 33.908, 31.54, 30.698, 30.628, 27.231, 26.614, 26.9, 24.34, 22.056, 20.741, 19.793, 18.905, 16.433, 13.707, 12.929, 8.936, 4.511, 2.655, 0.0, 4.313, 9.255, 11.219, 11.101, 11.267, 19.144, 28.69, 29.937, 31.374, 32.338, 32.632, 33.561, 35.114, 36.381, 37.336, 39.216, 41.692, 41.119, 40.238, 43.171, 45.689, 44.708, 44.972, 46.06, 47.015, 46.982, 47.089, 48.258, 49.247, 49.566, 50.029, 50.532, 50.67, 51.262, 52.801, 56.112, 59.61, 60.807, 59.843, 57.774, 57.348, 59.176, 59.847, 59.188, 58.542, 58.862, 58.133, 58.502, 58.288, 58.11, 57.845, 55.891, 53.254, 53.459, 52.976, 52.186, 51.936, 51.381, 51.387, 51.783, 51.629], [45.242, 44.071, 42.69, 42.025, 40.312, 37.153, 34.052, 31.614, 30.732, 30.897, 28.407, 28.253, 28.475, 25.985, 23.595, 22.153, 21.4, 20.734, 18.401, 15.907, 15.028, 11.264, 7.391, 5.492, 4.313, 0.0, 5.521, 8.281, 8.559, 9.71, 18.431, 27.938, 29.323, 30.955, 32.069, 32.49, 33.528, 35.19, 36.688, 37.759, 39.656, 42.205, 41.62, 40.615, 43.301, 45.651, 44.703, 44.96, 46.093, 47.071, 47.0, 47.078, 48.262, 49.173, 49.451, 50.079, 50.649, 50.784, 51.428, 52.988, 56.24, 59.712, 60.894, 59.972, 57.97, 57.507, 59.242, 59.952, 59.372, 58.736, 59.084, 58.437, 58.824, 58.686, 58.572, 58.371, 56.65, 54.42, 54.813, 54.307, 53.401, 53.117, 52.562, 52.578, 52.952, 52.751], [45.919, 44.668, 43.145, 42.417, 40.732, 37.63, 34.501, 32.03, 31.084, 31.474, 30.242, 30.712, 30.818, 28.49, 26.002, 24.421, 23.972, 23.61, 21.475, 19.194, 18.153, 14.887, 11.579, 9.65, 9.255, 5.521, 0.0, 4.498, 6.264, 9.196, 17.856, 26.928, 28.62, 30.667, 32.063, 32.644, 33.808, 35.684, 37.581, 38.829, 40.713, 43.352, 42.764, 41.621, 43.93, 45.949, 45.036, 45.284, 46.457, 47.504, 47.453, 47.506, 48.641, 49.421, 49.639, 50.349, 50.966, 51.118, 51.762, 53.269, 56.465, 59.972, 61.126, 60.218, 58.25, 57.669, 59.232, 60.019, 59.557, 58.943, 59.326, 58.783, 59.178, 59.137, 59.141, 59.029, 57.589, 55.953, 56.67, 56.165, 55.1, 54.761, 54.214, 54.238, 54.582, 54.329], [45.236, 43.938, 42.454, 41.769, 40.136, 37.142, 34.175, 31.965, 31.281, 31.869, 30.717, 31.133, 31.246, 28.965, 26.678, 25.387, 25.104, 24.781, 22.623, 20.527, 19.611, 16.294, 12.994, 11.392, 11.219, 8.281, 4.498, 0.0, 4.15, 8.049, 17.329, 26.636, 28.27, 30.578, 32.155, 32.718, 33.798, 35.59, 37.513, 38.807, 40.703, 43.372, 42.901, 41.817, 44.101, 46.108, 45.188, 45.412, 46.561, 47.61, 47.572, 47.627, 48.767, 49.492, 49.668, 50.405, 51.003, 51.171, 51.833, 53.319, 56.621, 60.352, 61.581, 60.657, 58.636, 58.008, 59.576, 60.397, 59.949, 59.331, 59.709, 59.18, 59.582, 59.552, 59.572, 59.48, 58.022, 56.359, 57.02, 56.418, 55.27, 54.942, 54.421, 54.452, 54.798, 54.544], [45.417, 44.122, 42.657, 41.973, 40.28, 37.208, 34.243, 32.072, 31.417, 31.869, 30.335, 30.539, 30.679, 28.442, 26.335, 25.134, 24.703, 24.376, 22.282, 20.203, 19.393, 16.033, 12.886, 11.419, 11.101, 8.559, 6.264, 4.15, 0.0, 5.825, 16.483, 26.323, 27.939, 29.987, 31.486, 32.03, 33.099, 34.859, 36.726, 37.935, 39.807, 42.463, 42.013, 40.994, 43.338, 45.421, 44.506, 44.734, 45.875, 46.914, 46.935, 47.039, 48.214, 48.997, 49.194, 49.912, 50.509, 50.671, 51.338, 52.907, 56.245, 59.913, 61.129, 60.172, 58.108, 57.517, 59.123, 59.919, 59.425, 58.794, 59.172, 58.605, 58.997, 58.948, 58.991, 58.914, 57.398, 55.596, 56.173, 55.619, 54.611, 54.326, 53.781, 53.803, 54.148, 53.904], [45.08, 43.84, 42.549, 41.936, 40.3, 37.389, 34.831, 33.176, 32.825, 33.18, 31.061, 30.908, 31.064, 28.917, 26.945, 25.649, 24.937, 24.388, 22.266, 20.097, 19.263, 15.622, 12.573, 11.742, 11.267, 9.71, 9.196, 8.049, 5.825, 0.0, 12.449, 23.483, 24.856, 26.858, 28.67, 29.434, 30.674, 32.745, 34.866, 36.26, 38.238, 40.912, 40.386, 39.287, 41.815, 44.056, 43.072, 43.244, 44.445, 45.592, 45.701, 45.854, 47.093, 47.938, 48.166, 48.932, 49.521, 49.682, 50.396, 52.038, 55.476, 59.18, 60.453, 59.59, 57.433, 56.725, 58.312, 59.123, 58.585, 57.931, 58.312, 57.709, 58.094, 57.97, 57.967, 57.861, 56.353, 54.522, 55.018, 54.452, 53.486, 53.219, 52.628, 52.642, 53.013, 52.768], [46.98, 45.928, 44.864, 44.266, 42.774, 40.337, 38.415, 37.531, 37.248, 36.867, 34.911, 35.027, 34.969, 33.697, 32.387, 31.155, 30.702, 30.356, 28.7, 26.645, 25.737, 22.621, 20.125, 19.613, 19.144, 18.431, 17.856, 17.329, 16.483, 12.449, 0.0, 12.766, 15.304, 18.598, 22.057, 23.771, 25.665, 29.283, 33.128, 35.446, 37.624, 40.359, 39.899, 38.782, 40.991, 42.765, 41.649, 41.592, 42.784, 44.107, 44.448, 44.835, 46.107, 46.841, 46.952, 47.829, 48.505, 48.674, 49.554, 51.259, 54.544, 58.218, 59.551, 59.108, 57.201, 56.098, 57.37, 58.358, 57.918, 57.227, 57.699, 57.177, 57.479, 57.218, 57.284, 57.284, 56.077, 54.828, 55.812, 55.521, 54.486, 54.122, 53.457, 53.465, 53.812, 53.458], [51.041, 50.304, 49.423, 48.786, 47.485, 45.627, 44.235, 43.765, 43.359, 42.54, 41.32, 41.984, 41.775, 40.896, 39.871, 38.832, 38.718, 38.479, 37.082, 35.108, 34.093, 31.621, 29.49, 29.044, 28.69, 27.938, 26.928, 26.636, 26.323, 23.483, 12.766, 0.0, 6.608, 12.913, 17.964, 20.52, 22.841, 27.814, 33.518, 36.901, 39.27, 42.088, 41.875, 40.896, 42.513, 43.568, 42.437, 42.185, 43.274, 44.666, 45.239, 45.935, 47.194, 47.729, 47.66, 48.564, 49.297, 49.492, 50.565, 52.187, 54.887, 58.191, 59.477, 59.408, 57.934, 56.61, 57.449, 58.561, 58.358, 57.65, 58.177, 57.845, 58.091, 57.847, 58.152, 58.357, 57.532, 57.284, 59.204, 59.262, 58.058, 57.55, 56.898, 56.899, 57.131, 56.601], [51.173, 50.564, 49.858, 49.222, 47.991, 46.41, 45.415, 45.331, 45.269, 44.733, 43.289, 43.709, 43.61, 42.653, 41.627, 40.647, 40.318, 39.693, 38.108, 36.08, 34.975, 32.432, 30.41, 30.239, 29.937, 29.323, 28.62, 28.27, 27.939, 24.856, 15.304, 6.608, 0.0, 8.337, 14.311, 17.177, 19.766, 25.323, 31.486, 35.092, 37.516, 40.384, 40.273, 39.427, 41.289, 42.554, 41.44, 41.146, 42.231, 43.632, 44.211, 44.982, 46.347, 46.982, 47.01, 47.981, 48.673, 48.879, 50.036, 51.679, 54.37, 57.674, 58.978, 58.906, 57.301, 55.907, 56.853, 58.007, 57.805, 57.068, 57.556, 57.217, 57.466, 57.241, 57.566, 57.798, 56.983, 56.665, 58.512, 58.475, 57.226, 56.741, 56.089, 56.086, 56.273, 55.682], [52.911, 52.381, 51.666, 50.975, 49.752, 48.392, 47.583, 47.39, 47.111, 46.509, 44.821, 44.996, 45.025, 44.121, 43.158, 42.254, 41.788, 40.967, 39.238, 37.128, 36.145, 33.678, 31.705, 31.704, 31.374, 30.955, 30.667, 30.578, 29.987, 26.858, 18.598, 12.913, 8.337, 0.0, 7.019, 10.925, 14.523, 21.278, 28.22, 32.122, 34.722, 37.751, 37.735, 37.32, 39.727, 41.224, 40.088, 39.753, 40.694, 41.95, 42.447, 43.263, 44.782, 45.624, 45.764, 46.801, 47.532, 47.774, 49.046, 50.738, 53.347, 56.488, 57.703, 57.695, 56.207, 54.886, 55.881, 57.042, 56.793, 56.004, 56.467, 56.123, 56.384, 56.09, 56.315, 56.552, 55.764, 55.295, 57.069, 57.181, 56.188, 55.85, 55.225, 55.193, 55.355, 54.748], [53.485, 53.096, 52.352, 51.611, 50.407, 49.219, 48.504, 48.143, 47.567, 46.823, 45.079, 45.049, 45.13, 44.279, 43.347, 42.636, 42.209, 41.331, 39.589, 37.538, 36.682, 34.397, 32.487, 32.62, 32.338, 32.069, 32.063, 32.155, 31.486, 28.67, 22.057, 17.964, 14.311, 7.019, 0.0, 4.843, 9.448, 17.111, 24.472, 28.498, 31.217, 34.417, 34.575, 34.677, 37.439, 39.081, 37.996, 37.663, 38.467, 39.542, 39.941, 40.809, 42.402, 43.384, 43.575, 44.614, 45.401, 45.689, 47.045, 48.728, 51.177, 54.128, 55.237, 55.319, 54.226, 53.272, 54.294, 55.344, 55.042, 54.218, 54.681, 54.341, 54.62, 54.268, 54.435, 54.69, 53.901, 53.384, 55.193, 55.444, 54.678, 54.47, 53.897, 53.81, 53.901, 53.279], [52.942, 52.668, 51.968, 51.249, 50.086, 48.976, 48.317, 47.943, 47.296, 46.496, 44.654, 44.411, 44.498, 43.726, 42.881, 42.369, 41.998, 41.096, 39.419, 37.492, 36.673, 34.474, 32.63, 32.858, 32.632, 32.49, 32.644, 32.718, 32.03, 29.434, 23.771, 20.52, 17.177, 10.925, 4.843, 0.0, 5.371, 13.758, 21.246, 25.236, 27.964, 31.281, 31.668, 32.223, 35.198, 36.969, 35.94, 35.627, 36.355, 37.307, 37.655, 38.595, 40.202, 41.231, 41.47, 42.482, 43.274, 43.586, 44.965, 46.677, 49.188, 52.226, 53.339, 53.462, 52.638, 52.034, 53.221, 54.169, 53.785, 52.942, 53.432, 53.08, 53.362, 52.954, 53.077, 53.338, 52.436, 51.678, 53.353, 53.62, 52.989, 52.853, 52.321, 52.198, 52.221, 51.592], [52.447, 52.302, 51.768, 51.225, 50.144, 49.139, 48.567, 48.201, 47.517, 46.716, 44.758, 44.295, 44.403, 43.716, 43.073, 42.779, 42.395, 41.476, 39.889, 38.158, 37.397, 35.186, 33.417, 33.751, 33.561, 33.528, 33.808, 33.798, 33.099, 30.674, 25.665, 22.841, 19.766, 14.523, 9.448, 5.371, 0.0, 9.146, 17.266, 21.697, 24.709, 28.135, 28.795, 29.727, 32.804, 34.675, 33.738, 33.461, 34.072, 34.885, 35.231, 36.245, 37.885, 38.897, 39.174, 40.269, 41.045, 41.369, 42.771, 44.479, 47.023, 50.205, 51.428, 51.698, 51.212, 50.983, 52.313, 53.144, 52.682, 51.821, 52.349, 52.044, 52.367, 51.871, 51.879, 52.126, 51.125, 50.183, 51.756, 52.041, 51.489, 51.409, 50.958, 50.846, 50.814, 50.194], [51.973, 51.882, 51.471, 51.33, 50.487, 49.523, 48.963, 48.392, 47.584, 47.0, 45.059, 44.266, 44.433, 43.801, 43.349, 43.273, 42.769, 41.824, 40.417, 39.127, 38.516, 36.335, 34.757, 35.229, 35.114, 35.19, 35.684, 35.59, 34.859, 32.745, 29.283, 27.814, 25.323, 21.278, 17.111, 13.758, 9.146, 0.0, 9.385, 15.335, 19.501, 23.36, 24.366, 25.769, 28.909, 30.996, 30.239, 30.031, 30.428, 30.983, 31.313, 32.4, 34.095, 35.078, 35.446, 36.79, 37.539, 37.873, 39.28, 40.918, 43.494, 47.048, 48.55, 49.083, 49.302, 49.833, 51.344, 51.917, 51.316, 50.409, 50.962, 50.8, 51.3, 50.74, 50.461, 50.581, 49.413, 48.115, 49.389, 49.677, 49.312, 49.375, 49.099, 49.037, 48.923, 48.33], [50.971, 50.913, 50.532, 50.612, 50.023, 49.075, 48.528, 47.932, 47.288, 47.017, 44.921, 43.665, 43.868, 43.419, 43.1, 43.156, 42.414, 41.316, 40.202, 39.451, 39.002, 37.007, 35.793, 36.446, 36.381, 36.688, 37.581, 37.513, 36.726, 34.866, 33.128, 33.518, 31.486, 28.22, 24.472, 21.246, 17.266, 9.385, 0.0, 7.368, 12.967, 17.458, 18.947, 21.093, 24.503, 27.118, 26.578, 26.435, 26.668, 26.915, 27.165, 28.323, 30.017, 31.089, 31.647, 33.122, 33.825, 34.142, 35.524, 37.214, 40.034, 44.011, 45.8, 46.483, 47.24, 48.495, 50.399, 50.716, 49.86, 48.907, 49.43, 49.239, 49.899, 49.347, 48.868, 48.783, 47.209, 45.019, 45.553, 45.69, 45.6, 45.852, 45.697, 45.632, 45.417, 44.898], [49.708, 49.675, 49.248, 49.274, 48.768, 47.941, 47.548, 47.199, 46.905, 46.872, 44.739, 43.225, 43.42, 43.262, 43.093, 43.222, 42.381, 41.199, 40.292, 39.796, 39.389, 37.585, 36.651, 37.397, 37.336, 37.759, 38.829, 38.807, 37.935, 36.26, 35.446, 36.901, 35.092, 32.122, 28.498, 25.236, 21.697, 15.335, 7.368, 0.0, 6.47, 11.753, 14.012, 17.385, 21.298, 24.38, 24.03, 24.002, 24.164, 24.127, 24.161, 25.36, 27.059, 28.355, 29.096, 30.417, 31.058, 31.353, 32.698, 34.594, 37.754, 41.799, 43.62, 44.274, 45.059, 46.576, 48.873, 49.105, 48.032, 47.082, 47.592, 47.238, 47.89, 47.39, 47.006, 46.907, 45.1, 42.264, 42.186, 42.115, 42.153, 42.488, 42.295, 42.152, 41.844, 41.385], [49.094, 49.198, 48.787, 48.672, 48.219, 47.638, 47.637, 47.801, 47.87, 47.896, 45.848, 44.305, 44.444, 44.518, 44.465, 44.611, 43.762, 42.569, 41.815, 41.319, 40.846, 39.245, 38.476, 39.257, 39.216, 39.656, 40.713, 40.703, 39.807, 38.238, 37.624, 39.27, 37.516, 34.722, 31.217, 27.964, 24.709, 19.501, 12.967, 6.47, 0.0, 6.26, 10.114, 15.145, 19.368, 22.572, 22.407, 22.569, 22.639, 22.303, 22.089, 23.357, 25.027, 26.551, 27.41, 28.449, 29.021, 29.281, 30.589, 32.616, 35.908, 39.827, 41.604, 42.287, 43.014, 44.57, 47.123, 47.351, 46.153, 45.249, 45.771, 45.304, 45.857, 45.382, 45.298, 45.406, 43.598, 40.688, 40.485, 40.233, 40.193, 40.511, 40.247, 39.997, 39.581, 39.129], [49.487, 49.781, 49.556, 49.439, 49.051, 48.754, 49.165, 49.768, 49.995, 49.897, 47.692, 46.019, 46.166, 46.39, 46.458, 46.645, 45.751, 44.552, 43.937, 43.462, 43.015, 41.515, 40.876, 41.753, 41.692, 42.205, 43.352, 43.372, 42.463, 40.912, 40.359, 42.088, 40.384, 37.751, 34.417, 31.281, 28.135, 23.36, 17.458, 11.753, 6.26, 0.0, 6.614, 13.63, 18.174, 21.535, 21.546, 22.023, 22.047, 21.366, 20.907, 22.153, 23.869, 25.682, 26.654, 27.586, 28.073, 28.278, 29.534, 31.635, 34.952, 38.69, 40.521, 41.229, 41.831, 43.433, 46.231, 46.431, 45.076, 44.215, 44.732, 44.168, 44.637, 43.988, 43.919, 44.222, 42.481, 39.315, 38.894, 38.593, 38.617, 38.965, 38.696, 38.398, 37.931, 37.545], [49.351, 49.632, 49.355, 49.215, 48.818, 48.485, 48.84, 49.352, 49.492, 49.44, 47.326, 45.718, 45.9, 46.075, 46.029, 45.943, 44.809, 43.581, 43.035, 42.572, 42.179, 40.79, 40.323, 41.188, 41.119, 41.62, 42.764, 42.901, 42.013, 40.386, 39.899, 41.875, 40.273, 37.735, 34.575, 31.668, 28.795, 24.366, 18.947, 14.012, 10.114, 6.614, 0.0, 8.104, 13.898, 17.871, 17.831, 18.579, 19.07, 18.855, 18.661, 19.675, 21.255, 23.296, 24.347, 25.316, 25.879, 26.146, 27.4, 29.665, 33.262, 37.134, 39.072, 39.642, 39.875, 41.423, 44.282, 44.528, 43.135, 42.257, 42.836, 42.291, 42.848, 42.311, 42.33, 42.702, 41.566, 38.97, 38.676, 38.395, 38.47, 38.846, 38.565, 38.278, 37.894, 37.61], [48.759, 49.011, 48.661, 48.474, 48.077, 47.626, 47.806, 48.157, 48.3, 48.581, 46.791, 45.287, 45.465, 45.559, 45.329, 44.827, 43.325, 42.01, 41.593, 41.226, 40.808, 39.592, 39.477, 40.315, 40.238, 40.615, 41.621, 41.817, 40.994, 39.287, 38.782, 40.896, 39.427, 37.32, 34.677, 32.223, 29.727, 25.769, 21.093, 17.385, 15.145, 13.63, 8.104, 0.0, 7.965, 13.18, 13.142, 14.115, 15.384, 16.289, 17.057, 17.931, 18.987, 20.865, 21.975, 23.184, 23.927, 24.271, 25.446, 27.732, 31.534, 35.704, 37.85, 38.234, 37.968, 39.34, 42.101, 42.428, 41.122, 40.228, 40.858, 40.419, 41.139, 40.944, 41.29, 41.625, 41.155, 39.841, 40.111, 39.779, 39.632, 39.932, 39.656, 39.424, 39.112, 38.861], [49.797, 50.155, 49.798, 49.574, 49.249, 48.833, 48.925, 49.171, 49.288, 49.768, 48.764, 47.474, 47.548, 47.858, 47.506, 46.738, 45.153, 43.926, 43.79, 43.746, 43.277, 42.273, 42.478, 43.233, 43.171, 43.301, 43.93, 44.101, 43.338, 41.815, 40.991, 42.513, 41.289, 39.727, 37.439, 35.198, 32.804, 28.909, 24.503, 21.298, 19.368, 18.174, 13.898, 7.965, 0.0, 6.414, 7.754, 8.99, 11.108, 12.99, 15.034, 16.292, 16.601, 17.721, 18.834, 20.579, 21.571, 21.901, 22.89, 25.037, 28.539, 32.831, 35.219, 35.693, 35.796, 37.495, 40.071, 40.315, 39.072, 38.191, 38.892, 38.595, 39.371, 39.396, 40.096, 40.526, 40.597, 40.682, 41.72, 41.552, 41.238, 41.416, 41.176, 40.959, 40.5, 40.169], [50.995, 51.392, 50.993, 50.698, 50.377, 50.005, 50.061, 50.27, 50.304, 50.738, 50.402, 49.559, 49.577, 50.054, 49.742, 48.897, 47.414, 46.34, 46.302, 46.314, 45.817, 44.912, 45.122, 45.727, 45.689, 45.651, 45.949, 46.108, 45.421, 44.056, 42.765, 43.568, 42.554, 41.224, 39.081, 36.969, 34.675, 30.996, 27.118, 24.38, 22.572, 21.535, 17.871, 13.18, 6.414, 0.0, 3.652, 5.303, 7.833, 10.343, 13.033, 14.498, 14.311, 14.842, 15.868, 17.934, 19.15, 19.492, 20.378, 22.325, 25.525, 29.996, 32.523, 33.227, 33.926, 35.837, 38.158, 38.43, 37.29, 36.426, 37.254, 37.209, 38.026, 38.159, 39.158, 39.822, 40.397, 41.543, 43.237, 43.289, 42.86, 42.931, 42.73, 42.506, 41.991, 41.599], [50.438, 50.786, 50.362, 50.05, 49.678, 49.236, 49.247, 49.458, 49.48, 49.856, 49.444, 48.675, 48.723, 49.198, 48.935, 48.101, 46.625, 45.55, 45.469, 45.431, 44.969, 44.019, 44.18, 44.777, 44.708, 44.703, 45.036, 45.188, 44.506, 43.072, 41.649, 42.437, 41.44, 40.088, 37.996, 35.94, 33.738, 30.239, 26.578, 24.03, 22.407, 21.546, 17.831, 13.142, 7.754, 3.652, 0.0, 3.141, 6.307, 9.246, 11.992, 13.485, 13.432, 14.079, 15.163, 17.259, 18.521, 18.916, 19.936, 21.945, 25.383, 30.122, 32.685, 33.325, 33.828, 35.563, 37.881, 38.242, 37.115, 36.215, 37.065, 37.054, 37.89, 37.986, 38.984, 39.671, 40.157, 41.145, 42.79, 42.88, 42.529, 42.607, 42.409, 42.184, 41.738, 41.362], [50.454, 50.781, 50.334, 50.025, 49.69, 49.252, 49.25, 49.47, 49.53, 49.914, 49.503, 48.725, 48.775, 49.357, 49.161, 48.338, 46.901, 45.857, 45.773, 45.787, 45.32, 44.304, 44.472, 45.067, 44.972, 44.96, 45.284, 45.412, 44.734, 43.244, 41.592, 42.185, 41.146, 39.753, 37.663, 35.627, 33.461, 30.031, 26.435, 24.002, 22.569, 22.023, 18.579, 14.115, 8.99, 5.303, 3.141, 0.0, 4.336, 8.05, 11.27, 12.991, 12.963, 13.276, 14.457, 17.126, 18.518, 18.981, 20.207, 22.213, 25.523, 30.388, 33.045, 33.739, 34.273, 35.928, 38.176, 38.552, 37.488, 36.55, 37.379, 37.399, 38.232, 38.344, 39.361, 40.029, 40.487, 41.494, 43.151, 43.256, 42.893, 42.984, 42.797, 42.586, 42.127, 41.715], [50.656, 50.985, 50.548, 50.262, 49.956, 49.605, 49.676, 49.929, 49.978, 50.328, 49.924, 49.156, 49.218, 49.939, 49.989, 49.388, 48.071, 47.088, 47.011, 47.01, 46.496, 45.434, 45.583, 46.172, 46.06, 46.093, 46.457, 46.561, 45.875, 44.445, 42.784, 43.274, 42.231, 40.694, 38.467, 36.355, 34.072, 30.428, 26.668, 24.164, 22.639, 22.047, 19.07, 15.384, 11.108, 7.833, 6.307, 4.336, 0.0, 4.407, 8.398, 10.615, 10.673, 11.011, 12.627, 15.869, 17.388, 17.933, 19.331, 21.21, 24.39, 29.464, 32.178, 32.889, 33.585, 35.283, 37.581, 37.994, 36.953, 36.001, 36.785, 36.886, 37.75, 37.779, 38.717, 39.381, 39.677, 40.602, 42.342, 42.513, 42.087, 42.199, 42.162, 42.004, 41.524, 41.069], [51.008, 51.361, 50.951, 50.693, 50.379, 50.085, 50.235, 50.534, 50.536, 50.782, 50.326, 49.534, 49.601, 50.409, 50.677, 50.358, 49.204, 48.279, 48.196, 48.177, 47.655, 46.513, 46.571, 47.16, 47.015, 47.071, 47.504, 47.61, 46.914, 45.592, 44.107, 44.666, 43.632, 41.95, 39.542, 37.307, 34.885, 30.983, 26.915, 24.127, 22.303, 21.366, 18.855, 16.289, 12.99, 10.343, 9.246, 8.05, 4.407, 0.0, 4.933, 8.045, 8.636, 9.471, 11.415, 15.08, 16.666, 17.203, 18.772, 20.721, 23.786, 28.805, 31.492, 32.222, 33.204, 35.078, 37.522, 37.937, 36.859, 35.904, 36.633, 36.75, 37.592, 37.488, 38.263, 38.945, 39.083, 39.676, 41.325, 41.534, 41.099, 41.22, 41.268, 41.169, 40.682, 40.199], [50.935, 51.259, 50.846, 50.58, 50.224, 49.957, 50.168, 50.518, 50.516, 50.728, 50.254, 49.521, 49.605, 50.425, 50.804, 50.642, 49.652, 48.783, 48.612, 48.486, 47.942, 46.677, 46.576, 47.162, 46.982, 47.0, 47.453, 47.572, 46.935, 45.701, 44.448, 45.239, 44.211, 42.447, 39.941, 37.655, 35.231, 31.313, 27.165, 24.161, 22.089, 20.907, 18.661, 17.057, 15.034, 13.033, 11.992, 11.27, 8.398, 4.933, 0.0, 4.097, 6.257, 8.234, 10.465, 14.496, 16.169, 16.667, 18.438, 20.531, 23.649, 28.616, 31.226, 32.01, 33.189, 35.099, 37.647, 38.072, 36.976, 36.024, 36.737, 36.875, 37.692, 37.474, 38.106, 38.829, 38.902, 39.124, 40.62, 40.801, 40.33, 40.467, 40.549, 40.473, 40.11, 39.708], [50.971, 51.266, 50.839, 50.565, 50.18, 49.912, 50.121, 50.451, 50.428, 50.681, 50.278, 49.621, 49.724, 50.502, 50.884, 50.7, 49.715, 48.9, 48.707, 48.499, 47.979, 46.775, 46.684, 47.268, 47.089, 47.078, 47.506, 47.627, 47.039, 45.854, 44.835, 45.935, 44.982, 43.263, 40.809, 38.595, 36.245, 32.4, 28.323, 25.36, 23.357, 22.153, 19.675, 17.931, 16.292, 14.498, 13.485, 12.991, 10.615, 8.045, 4.097, 0.0, 4.022, 7.189, 9.375, 13.548, 15.381, 15.87, 17.689, 19.822, 22.971, 28.019, 30.676, 31.474, 32.679, 34.569, 37.076, 37.492, 36.431, 35.495, 36.218, 36.434, 37.293, 37.141, 37.847, 38.61, 38.847, 39.225, 40.828, 41.012, 40.473, 40.609, 40.732, 40.663, 40.419, 40.174], [51.266, 51.61, 51.152, 50.848, 50.501, 50.248, 50.454, 50.789, 50.772, 51.071, 50.852, 50.234, 50.307, 51.1, 51.395, 51.124, 50.091, 49.293, 49.271, 49.137, 48.599, 47.697, 47.829, 48.396, 48.258, 48.262, 48.641, 48.767, 48.214, 47.093, 46.107, 47.194, 46.347, 44.782, 42.402, 40.202, 37.885, 34.095, 30.017, 27.059, 25.027, 23.869, 21.255, 18.987, 16.601, 14.311, 13.432, 12.963, 10.673, 8.636, 6.257, 4.022, 0.0, 4.675, 7.503, 11.556, 13.508, 14.058, 15.788, 17.852, 20.971, 26.286, 29.117, 30.012, 31.463, 33.55, 36.019, 36.402, 35.369, 34.45, 35.232, 35.536, 36.444, 36.453, 37.377, 38.168, 38.59, 39.485, 41.397, 41.615, 41.021, 41.115, 41.252, 41.146, 40.836, 40.583], [51.399, 51.747, 51.265, 50.96, 50.667, 50.455, 50.647, 50.983, 51.044, 51.479, 51.501, 50.926, 50.983, 51.787, 51.951, 51.58, 50.605, 49.882, 49.932, 50.047, 49.549, 48.611, 48.856, 49.411, 49.247, 49.173, 49.421, 49.492, 48.997, 47.938, 46.841, 47.729, 46.982, 45.624, 43.384, 41.231, 38.897, 35.078, 31.089, 28.355, 26.551, 25.682, 23.296, 20.865, 17.721, 14.842, 14.079, 13.276, 11.011, 9.471, 8.234, 7.189, 4.675, 0.0, 5.088, 11.294, 13.409, 13.986, 15.766, 17.604, 20.637, 26.498, 29.608, 30.672, 32.414, 34.575, 36.871, 37.233, 36.297, 35.348, 36.145, 36.506, 37.415, 37.509, 38.508, 39.28, 39.797, 41.032, 43.008, 43.192, 42.483, 42.519, 42.681, 42.586, 42.186, 41.874], [51.468, 51.802, 51.294, 50.966, 50.668, 50.457, 50.63, 50.96, 51.033, 51.437, 51.554, 51.15, 51.194, 51.972, 52.171, 51.803, 50.849, 50.187, 50.211, 50.326, 50.029, 49.123, 49.232, 49.733, 49.566, 49.451, 49.639, 49.668, 49.194, 48.166, 46.952, 47.66, 47.01, 45.764, 43.575, 41.47, 39.174, 35.446, 31.647, 29.096, 27.41, 26.654, 24.347, 21.975, 18.834, 15.868, 15.163, 14.457, 12.627, 11.415, 10.465, 9.375, 7.503, 5.088, 0.0, 8.287, 11.069, 11.688, 13.767, 15.812, 18.795, 24.909, 28.217, 29.59, 31.771, 33.985, 36.209, 36.647, 35.82, 34.865, 35.702, 36.155, 37.082, 37.352, 38.567, 39.378, 39.973, 41.488, 43.766, 43.952, 43.055, 43.022, 43.162, 43.044, 42.643, 42.355], [51.234, 51.576, 51.019, 50.658, 50.331, 50.042, 50.174, 50.501, 50.548, 50.827, 50.965, 50.743, 50.767, 51.573, 51.854, 51.523, 50.523, 49.857, 50.005, 50.011, 49.803, 49.403, 49.635, 50.08, 50.029, 50.079, 50.349, 50.405, 49.912, 48.932, 47.829, 48.564, 47.981, 46.801, 44.614, 42.482, 40.269, 36.79, 33.122, 30.417, 28.449, 27.586, 25.316, 23.184, 20.579, 17.934, 17.259, 17.126, 15.869, 15.08, 14.496, 13.548, 11.556, 11.294, 8.287, 0.0, 4.002, 5.279, 7.63, 10.408, 14.218, 20.636, 23.851, 25.283, 27.805, 30.36, 32.824, 33.349, 32.481, 31.619, 32.665, 33.201, 34.173, 34.632, 36.233, 37.16, 37.644, 39.471, 42.324, 42.57, 41.61, 41.509, 41.589, 41.367, 40.98, 40.723], [50.93, 51.271, 50.762, 50.462, 50.188, 49.95, 50.133, 50.52, 50.65, 50.985, 51.107, 50.897, 50.936, 51.738, 52.028, 51.711, 50.697, 50.011, 50.194, 50.219, 50.011, 49.732, 50.083, 50.558, 50.532, 50.649, 50.966, 51.003, 50.509, 49.521, 48.505, 49.297, 48.673, 47.532, 45.401, 43.274, 41.045, 37.539, 33.825, 31.058, 29.021, 28.073, 25.879, 23.927, 21.571, 19.15, 18.521, 18.518, 17.388, 16.666, 16.169, 15.381, 13.508, 13.409, 11.069, 4.002, 0.0, 2.385, 5.555, 8.525, 12.722, 19.635, 22.994, 24.402, 26.887, 29.519, 32.159, 32.753, 31.838, 30.98, 32.071, 32.605, 33.606, 34.056, 35.634, 36.575, 36.919, 38.648, 41.562, 41.775, 40.772, 40.656, 40.734, 40.498, 40.092, 39.834], [51.018, 51.357, 50.866, 50.563, 50.273, 50.019, 50.208, 50.629, 50.802, 51.147, 51.248, 51.028, 51.062, 51.868, 52.159, 51.826, 50.793, 50.099, 50.295, 50.32, 50.109, 49.82, 50.18, 50.687, 50.67, 50.784, 51.118, 51.171, 50.671, 49.682, 48.674, 49.492, 48.879, 47.774, 45.689, 43.586, 41.369, 37.873, 34.142, 31.353, 29.281, 28.278, 26.146, 24.271, 21.901, 19.492, 18.916, 18.981, 17.933, 17.203, 16.667, 15.87, 14.058, 13.986, 11.688, 5.279, 2.385, 0.0, 4.219, 7.732, 12.021, 19.078, 22.489, 23.886, 26.445, 29.135, 31.877, 32.505, 31.555, 30.695, 31.797, 32.333, 33.339, 33.829, 35.43, 36.368, 36.676, 38.357, 41.29, 41.503, 40.492, 40.356, 40.425, 40.188, 39.775, 39.54], [51.156, 51.471, 50.971, 50.671, 50.361, 50.074, 50.239, 50.655, 50.886, 51.308, 51.509, 51.292, 51.312, 52.136, 52.399, 52.009, 50.934, 50.256, 50.545, 50.613, 50.372, 50.225, 50.684, 51.19, 51.262, 51.428, 51.762, 51.833, 51.338, 50.396, 49.554, 50.565, 50.036, 49.046, 47.045, 44.965, 42.771, 39.28, 35.524, 32.698, 30.589, 29.534, 27.4, 25.446, 22.89, 20.378, 19.936, 20.207, 19.331, 18.772, 18.438, 17.689, 15.788, 15.766, 13.767, 7.63, 5.555, 4.219, 0.0, 5.005, 10.869, 18.387, 21.738, 22.957, 25.548, 28.518, 31.341, 31.948, 30.938, 30.161, 31.333, 31.859, 32.872, 33.435, 35.088, 36.02, 36.37, 38.274, 41.269, 41.408, 40.32, 40.126, 40.195, 39.934, 39.48, 39.265], [51.648, 51.97, 51.507, 51.243, 51.037, 50.914, 51.165, 51.611, 51.869, 52.394, 52.824, 52.706, 52.732, 53.496, 53.674, 53.254, 52.221, 51.56, 51.844, 51.908, 51.