[[0.0, 12.341, 18.269, 17.431, 19.971, 23.794, 24.018, 23.98, 26.289, 28.623, 29.029, 32.85, 35.038, 37.247, 38.603, 38.266, 39.137, 39.62, 40.155, 41.037, 41.077, 40.733, 43.185, 46.116, 46.476, 46.592, 47.281, 47.813, 48.792, 49.121, 49.392, 49.445, 49.384, 49.598, 49.915, 49.152, 47.432, 46.528, 45.788, 45.437, 44.916, 45.097, 43.361, 41.472, 41.899, 43.149, 43.163, 42.799, 42.011, 41.875, 41.833, 41.883, 42.443, 43.188, 42.573, 41.679, 41.537, 42.258, 42.714, 41.958, 40.342, 39.9, 39.592, 39.646, 39.54, 40.222, 40.904, 39.952, 39.357, 39.445, 39.162, 39.366, 40.37, 40.56, 40.211, 40.021, 39.663, 39.463, 39.187, 38.343, 37.884, 37.401, 38.051, 39.561, 40.342, 39.881], [12.341, 0.0, 7.758, 9.388, 14.69, 19.477, 19.913, 19.272, 20.23, 22.153, 22.169, 25.694, 27.833, 29.99, 31.275, 30.946, 31.844, 32.388, 33.096, 34.191, 34.272, 33.973, 36.124, 38.71, 38.844, 38.785, 39.437, 40.006, 41.039, 41.369, 41.574, 41.605, 41.592, 41.791, 42.424, 42.32, 40.966, 40.13, 39.303, 38.842, 38.339, 38.497, 37.222, 35.955, 36.404, 38.029, 38.391, 38.309, 38.03, 38.348, 38.777, 38.909, 38.639, 39.388, 38.635, 37.732, 38.051, 38.786, 38.758, 38.188, 37.32, 37.467, 37.231, 37.265, 37.01, 37.833, 38.743, 37.861, 37.424, 37.141, 36.861, 37.27, 38.212, 38.09, 37.553, 37.652, 36.73, 35.919, 35.661, 35.375, 34.905, 34.268, 34.758, 35.801, 36.755, 36.644], [18.269, 7.758, 0.0, 5.496, 13.031, 17.785, 18.52, 17.752, 17.115, 18.58, 19.228, 21.541, 23.48, 25.481, 26.722, 26.574, 27.35, 27.925, 28.622, 29.776, 29.917, 29.598, 31.539, 34.023, 34.232, 34.174, 34.777, 35.305, 36.335, 36.632, 36.841, 36.887, 36.841, 37.041, 37.753, 37.936, 37.192, 36.491, 35.509, 35.129, 34.703, 34.847, 34.196, 33.754, 34.049, 36.224, 36.919, 37.12, 37.332, 38.012, 38.729, 38.92, 38.104, 38.8, 38.003, 37.141, 37.768, 38.521, 38.242, 37.81, 37.444, 37.856, 37.64, 37.667, 37.26, 38.153, 39.208, 38.341, 37.947, 37.419, 36.943, 37.303, 38.149, 37.78, 37.164, 37.474, 36.151, 34.929, 34.693, 34.713, 34.115, 33.348, 33.724, 34.356, 35.38, 35.491], [17.431, 9.388, 5.496, 0.0, 9.739, 15.492, 16.309, 15.772, 15.75, 17.391, 18.543, 21.407, 23.513, 25.684, 27.012, 26.99, 27.802, 28.352, 29.021, 30.183, 30.334, 30.022, 32.175, 34.954, 35.34, 35.459, 36.114, 36.605, 37.593, 37.895, 38.149, 38.194, 38.128, 38.334, 38.945, 38.92, 38.113, 37.498, 36.64, 36.324, 35.894, 36.088, 35.336, 34.768, 34.887, 36.879, 37.471, 37.643, 37.759, 38.344, 38.974, 39.168, 38.522, 39.219, 38.356, 37.381, 37.861, 38.6, 38.427, 37.969, 37.629, 37.98, 37.726, 37.727, 37.32, 38.208, 39.244, 38.359, 37.873, 37.437, 36.986, 37.28, 38.157, 37.931, 37.406, 37.611, 36.364, 35.283, 35.08, 34.979, 34.338, 33.574, 34.025, 34.748, 35.694, 35.719], [19.971, 14.69, 13.031, 9.739, 0.0, 7.337, 8.904, 9.018, 11.019, 13.183, 14.17, 18.622, 20.959, 23.287, 24.569, 24.465, 25.434, 25.97, 26.625, 27.817, 28.2, 28.203, 30.772, 34.011, 34.564, 34.851, 35.633, 36.098, 37.029, 37.358, 37.641, 37.727, 37.704, 37.902, 38.278, 37.828, 36.622, 35.982, 36.064, 36.34, 35.858, 36.108, 35.141, 34.225, 34.327, 36.39, 36.887, 37.265, 37.51, 37.969, 38.358, 38.518, 38.123, 39.062, 37.899, 36.363, 36.464, 37.066, 36.87, 36.474, 36.369, 36.622, 36.395, 36.382, 36.021, 36.891, 37.849, 37.046, 36.52, 36.067, 35.697, 35.934, 36.748, 36.764, 36.572, 36.746, 35.548, 34.668, 34.467, 34.196, 33.537, 32.802, 33.406, 34.402, 35.371, 35.308], [23.794, 19.477, 17.785, 15.492, 7.337, 0.0, 3.047, 5.077, 9.546, 11.648, 12.664, 18.245, 20.48, 22.746, 23.673, 23.328, 24.349, 24.85, 25.451, 26.649, 27.174, 27.58, 30.427, 33.792, 34.332, 34.616, 35.458, 35.917, 36.789, 37.125, 37.431, 37.552, 37.576, 37.766, 37.998, 37.283, 36.071, 35.372, 35.96, 36.923, 36.454, 36.681, 35.598, 34.589, 34.589, 36.687, 37.273, 37.875, 38.411, 38.856, 39.174, 39.322, 39.012, 40.004, 38.841, 37.007, 36.846, 37.349, 37.108, 36.73, 36.817, 36.985, 36.743, 36.765, 36.435, 37.329, 38.226, 37.493, 36.978, 36.55, 36.293, 36.5, 37.167, 37.239, 37.346, 37.645, 36.505, 35.723, 35.496, 35.112, 34.425, 33.649, 34.305, 35.471, 36.457, 36.408], [24.018, 19.913, 18.52, 16.309, 8.904, 3.047, 0.0, 4.02, 9.991, 11.926, 13.048, 19.371, 21.508, 23.854, 24.744, 24.332, 25.379, 25.876, 26.531, 27.812, 28.306, 28.759, 31.64, 34.966, 35.42, 35.655, 36.51, 37.001, 37.866, 38.198, 38.489, 38.613, 38.676, 38.845, 39.078, 38.39, 37.159, 36.439, 37.001, 38.021, 37.547, 37.748, 36.509, 35.333, 35.216, 37.017, 37.536, 38.08, 38.508, 38.86, 39.181, 39.331, 39.103, 40.044, 38.924, 37.039, 36.749, 37.272, 37.114, 36.708, 36.773, 36.908, 36.657, 36.696, 36.379, 37.253, 38.071, 37.353, 36.847, 36.496, 36.347, 36.565, 37.21, 37.352, 37.577, 37.908, 36.876, 36.173, 35.944, 35.537, 34.94, 34.17, 34.843, 36.194, 37.198, 37.121], [23.98, 19.272, 17.752, 15.772, 9.018, 5.077, 4.02, 0.0, 7.455, 9.849, 11.087, 18.011, 20.041, 22.508, 23.495, 23.072, 24.184, 24.702, 25.482, 26.907, 27.321, 27.736, 30.744, 34.27, 34.674, 34.873, 35.808, 36.342, 37.208, 37.548, 37.835, 37.985, 38.06, 38.186, 38.423, 37.834, 36.649, 35.924, 36.35, 37.229, 36.719, 36.97, 35.861, 34.768, 34.748, 36.626, 37.209, 37.715, 38.076, 38.316, 38.594, 38.745, 38.403, 39.361, 38.263, 36.409, 36.111, 36.558, 36.323, 35.949, 36.081, 36.411, 36.238, 36.259, 35.935, 36.847, 37.724, 37.049, 36.613, 36.145, 35.896, 36.135, 36.84, 37.023, 37.193, 37.485, 36.407, 35.639, 35.383, 35.054, 34.492, 33.775, 34.433, 35.871, 37.003, 36.934], [26.289, 20.23, 17.115, 15.75, 11.019, 9.546, 9.991, 7.455, 0.0, 4.909, 7.411, 12.407, 14.46, 17.052, 18.252, 18.069, 19.239, 19.828, 20.756, 22.262, 22.679, 23.089, 26.317, 30.334, 30.971, 31.259, 32.256, 32.748, 33.589, 33.87, 34.088, 34.275, 34.299, 34.382, 34.579, 34.164, 33.333, 32.691, 32.864, 33.56, 33.095, 33.46, 33.331, 33.007, 33.218, 36.043, 36.984, 37.643, 38.303, 38.564, 38.775, 38.903, 38.068, 39.143, 38.014, 36.24, 36.164, 36.429, 35.74, 35.456, 35.773, 36.435, 36.4, 36.421, 35.987, 36.993, 38.164, 37.518, 37.118, 36.219, 35.549, 35.736, 36.453, 36.447, 36.373, 36.64, 35.155, 34.005, 33.697, 33.596, 32.874, 32.18, 32.738, 34.004, 35.346, 35.417], [28.623, 22.153, 18.58, 17.391, 13.183, 11.648, 11.926, 9.849, 4.909, 0.0, 5.722, 12.022, 13.634, 16.143, 17.097, 16.754, 17.766, 18.351, 19.302, 20.979, 21.495, 22.004, 24.987, 28.806, 29.408, 29.737, 30.705, 31.152, 31.919, 32.223, 32.496, 32.701, 32.722, 32.76, 33.015, 32.754, 32.134, 31.69, 32.016, 32.85, 32.393, 32.737, 32.688, 32.71, 32.589, 35.024, 35.969, 36.742, 37.588, 38.09, 38.533, 38.653, 37.56, 38.488, 37.31, 35.544, 35.689, 36.124, 35.412, 35.18, 35.795, 36.574, 36.55, 36.552, 36.133, 37.119, 38.236, 37.614, 37.222, 36.362, 35.914, 36.205, 36.833, 36.74, 36.68, 36.996, 35.337, 34.027, 33.718, 33.685, 32.903, 32.144, 32.693, 33.654, 34.8, 34.968], [29.029, 22.169, 19.228, 18.543, 14.17, 12.664, 13.048, 11.087, 7.411, 5.722, 0.0, 10.486, 12.64, 14.952, 15.96, 15.329, 16.598, 17.233, 18.226, 19.706, 20.25, 20.845, 23.826, 27.786, 28.489, 28.843, 29.893, 30.383, 31.211, 31.622, 31.91, 32.118, 32.2, 32.273, 32.49, 32.161, 31.335, 30.897, 31.53, 32.422, 31.945, 32.373, 32.343, 32.151, 32.493, 35.045, 35.828, 36.631, 37.502, 37.989, 38.234, 38.302, 37.285, 38.431, 37.181, 35.332, 35.485, 35.838, 34.943, 34.631, 35.072, 35.772, 35.777, 35.781, 35.4, 36.312, 37.468, 36.921, 36.522, 35.546, 35.145, 35.57, 36.195, 36.086, 36.048, 36.36, 34.697, 33.45, 33.151, 33.163, 32.483, 31.804, 32.344, 33.238, 34.358, 34.478], [32.85, 25.694, 21.541, 21.407, 18.622, 18.245, 19.371, 18.011, 12.407, 12.022, 10.486, 0.0, 4.492, 6.569, 8.13, 8.827, 10.341, 11.182, 12.049, 13.025, 13.618, 14.169, 17.433, 22.243, 23.577, 24.159, 25.222, 25.621, 26.514, 26.872, 27.053, 27.382, 27.425, 27.558, 27.638, 27.335, 26.92, 26.53, 27.0, 27.756, 27.456, 27.971, 29.395, 30.252, 31.316, 35.942, 37.288, 38.352, 39.794, 40.451, 40.583, 40.668, 39.312, 40.781, 39.555, 37.914, 38.383, 38.469, 37.049, 36.802, 37.284, 38.223, 38.352, 38.337, 37.758, 38.717, 40.19, 39.604, 39.142, 37.606, 36.508, 36.706, 37.226, 36.765, 36.471, 36.975, 34.921, 33.249, 32.948, 33.283, 32.463, 31.865, 32.167, 32.537, 33.832, 34.133], [35.038, 27.833, 23.48, 23.513, 20.959, 20.48, 21.508, 20.041, 14.46, 13.634, 12.64, 4.492, 0.0, 3.467, 5.377, 6.475, 8.108, 8.969, 9.908, 11.212, 11.925, 12.57, 15.793, 20.743, 22.132, 22.626, 23.692, 24.117, 24.963, 25.313, 25.452, 25.84, 25.877, 25.937, 26.005, 25.873, 25.641, 25.368, 25.958, 26.765, 26.497, 26.981, 28.705, 29.881, 30.919, 35.757, 37.261, 38.387, 39.908, 40.606, 40.778, 40.891, 39.403, 40.9, 39.641, 37.984, 38.523, 38.57, 37.055, 36.894, 37.532, 38.604, 38.81, 38.768, 38.172, 39.128, 40.596, 40.049, 39.639, 37.953, 36.766, 36.897, 37.304, 36.755, 36.482, 37.131, 35.003, 33.195, 32.874, 33.358, 32.599, 31.999, 32.239, 32.54, 33.93, 34.279], [37.247, 29.99, 25.481, 25.684, 23.287, 22.746, 23.854, 22.508, 17.052, 16.143, 14.952, 6.569, 3.467, 0.0, 3.029, 5.005, 6.4, 7.27, 8.097, 9.182, 10.092, 10.879, 13.893, 19.048, 20.685, 21.259, 22.314, 22.7, 23.524, 23.905, 24.055, 24.507, 24.542, 24.586, 24.556, 24.441, 24.494, 24.339, 25.063, 25.987, 25.798, 26.323, 28.463, 29.984, 31.15, 36.291, 37.86, 39.117, 40.819, 41.622, 41.813, 41.933, 40.321, 41.842, 40.564, 38.937, 39.577, 39.62, 38.03, 37.908, 38.614, 39.702, 39.933, 39.885, 39.284, 40.213, 41.687, 41.209, 40.826, 39.007, 37.766, 37.896, 38.224, 37.57, 37.25, 37.94, 35.741, 33.862, 33.542, 34.106, 33.332, 32.761, 32.948, 33.05, 34.411, 34.818], [38.603, 31.275, 26.722, 27.012, 24.569, 23.673, 24.744, 23.495, 18.252, 17.097, 15.96, 8.13, 5.377, 3.029, 0.0, 3.077, 4.535, 5.39, 6.123, 7.318, 8.32, 9.522, 12.522, 17.676, 19.353, 19.958, 21.011, 21.382, 22.176, 22.571, 22.734, 23.247, 23.352, 23.416, 23.364, 23.198, 23.344, 23.219, 24.067, 25.241, 25.095, 25.57, 27.671, 29.331, 30.444, 35.714, 37.408, 38.793, 40.77, 41.724, 42.045, 42.193, 40.504, 41.995, 40.784, 39.162, 39.917, 40.068, 38.49, 38.39, 39.171, 40.28, 40.517, 40.48, 39.863, 40.783, 42.237, 41.727, 41.316, 39.515, 38.333, 38.483, 38.756, 38.028, 37.712, 38.476, 36.24, 34.31, 34.004, 34.55, 33.701, 33.099, 33.278, 33.201, 34.443, 34.945], [38.266, 30.946, 26.574, 26.99, 24.465, 23.328, 24.332, 23.072, 18.069, 16.754, 15.329, 8.827, 6.475, 5.005, 3.077, 0.0, 2.863, 3.99, 4.964, 6.724, 7.813, 9.206, 12.417, 17.514, 19.07, 19.633, 20.703, 21.115, 21.906, 22.331, 22.51, 23.004, 23.121, 23.185, 23.162, 22.924, 22.932, 22.819, 23.823, 25.147, 24.964, 25.404, 27.256, 28.761, 29.825, 34.891, 36.566, 37.986, 40.009, 41.036, 41.434, 41.596, 39.917, 41.337, 40.154, 38.499, 39.277, 39.51, 37.999, 37.88, 38.604, 39.675, 39.905, 39.885, 39.308, 40.216, 41.634, 41.113, 40.717, 39.008, 37.966, 38.195, 38.463, 37.728, 37.443, 38.229, 36.03, 34.137, 33.831, 34.317, 33.441, 32.786, 33.006, 32.971, 34.171, 34.664], [39.137, 31.844, 27.35, 27.802, 25.434, 24.349, 25.379, 24.184, 19.239, 17.766, 16.598, 10.341, 8.108, 6.4, 4.535, 2.863, 0.0, 1.785, 3.281, 5.791, 7.049, 8.347, 11.239, 16.174, 17.719, 18.335, 19.36, 19.747, 20.507, 20.96, 21.184, 21.688, 21.77, 21.818, 21.779, 21.543, 21.743, 21.76, 22.769, 24.157, 23.999, 24.427, 26.437, 28.24, 29.316, 34.506, 36.297, 37.794, 39.929, 41.08, 41.693, 41.908, 40.084, 41.337, 40.171, 38.592, 39.562, 39.992, 38.61, 38.524, 39.305, 40.407, 40.622, 40.603, 40.044, 40.967, 42.331, 41.801, 41.433, 39.747, 38.743, 39.007, 39.255, 38.441, 38.111, 38.941, 36.704, 34.744, 34.424, 34.871, 33.908, 33.217, 33.418, 33.258, 34.386, 34.928], [39.62, 32.388, 27.925, 28.352, 25.97, 24.85, 25.876, 24.702, 19.828, 18.351, 17.233, 11.182, 8.969, 7.27, 5.39, 3.99, 1.785, 0.0, 2.33, 5.316, 6.638, 8.004, 10.862, 15.777, 17.339, 17.983, 19.012, 19.393, 20.144, 20.603, 20.827, 21.345, 21.43, 21.465, 21.415, 21.165, 21.376, 21.455, 22.506, 23.937, 23.801, 24.251, 26.303, 28.146, 29.25, 34.485, 36.328, 37.847, 40.033, 41.205, 41.85, 42.116, 40.276, 41.491, 40.307, 38.725, 39.708, 40.183, 38.823, 38.747, 39.583, 40.714, 40.926, 40.902, 40.359, 41.305, 42.652, 42.101, 41.721, 40.042, 39.039, 39.299, 39.535, 38.693, 38.336, 39.176, 36.946, 34.988, 34.663, 35.083, 34.079, 33.379, 33.562, 33.358, 34.471, 35.001], [40.155, 33.096, 28.622, 29.021, 26.625, 25.451, 26.531, 25.482, 20.756, 19.302, 18.226, 12.049, 9.908, 8.097, 6.123, 4.964, 3.281, 2.33, 0.0, 3.642, 5.496, 7.149, 10.071, 15.182, 16.934, 17.644, 18.651, 18.982, 19.725, 20.199, 20.471, 21.023, 21.104, 21.17, 21.112, 20.812, 21.126, 21.257, 22.409, 23.974, 23.896, 24.344, 26.401, 28.26, 29.342, 34.675, 36.528, 38.071, 40.368, 41.614, 42.228, 42.497, 40.71, 41.965, 40.778, 39.204, 40.163, 40.611, 39.243, 39.185, 40.059, 41.19, 41.397, 41.358, 40.812, 41.763, 43.115, 42.553, 42.15, 40.458, 39.411, 39.628, 39.833, 38.962, 38.59, 39.42, 37.185, 35.25, 34.934, 35.344, 34.32, 33.641, 33.798, 33.499, 34.571, 35.099], [41.037, 34.191, 29.776, 30.183, 27.817, 26.649, 27.812, 26.907, 22.262, 20.979, 19.706, 13.025, 11.212, 9.182, 7.318, 6.724, 5.791, 5.316, 3.642, 0.0, 3.195, 5.772, 8.893, 14.438, 16.562, 17.418, 18.418, 18.675, 19.398, 19.871, 20.142, 20.745, 20.897, 21.105, 20.965, 20.513, 20.927, 21.065, 22.326, 23.979, 23.989, 24.512, 26.755, 28.646, 29.849, 35.381, 37.222, 38.787, 41.162, 42.425, 42.883, 43.114, 41.417, 42.87, 41.721, 40.183, 41.112, 41.456, 40.01, 39.95, 40.774, 41.848, 42.055, 42.013, 41.452, 42.391, 43.792, 43.233, 42.807, 41.039, 39.878, 40.05, 40.24, 39.334, 38.911, 39.686, 37.418, 35.492, 35.182, 35.603, 34.556, 33.942, 34.084, 33.675, 34.742, 35.267], [41.077, 34.272, 29.917, 30.334, 28.2, 27.174, 28.306, 27.321, 22.679, 21.495, 20.25, 13.618, 11.925, 10.092, 8.32, 7.813, 7.049, 6.638, 5.496, 3.195, 0.0, 3.551, 7.581, 13.785, 16.032, 16.917, 17.948, 18.272, 19.034, 19.527, 19.742, 20.368, 20.649, 20.958, 20.808, 20.348, 20.77, 20.923, 22.008, 23.562, 23.608, 24.137, 26.296, 28.16, 29.485, 35.128, 37.03, 38.563, 40.933, 42.18, 42.641, 42.884, 41.21, 42.716, 41.784, 40.389, 41.373, 41.798, 40.413, 40.351, 41.084, 42.123, 42.34, 42.291, 41.729, 42.65, 44.038, 43.475, 43.058, 41.267, 40.052, 40.227, 40.451, 39.55, 39.085, 39.854, 37.626, 35.695, 35.366, 35.752, 34.685, 34.082, 34.225, 33.831, 34.871, 35.396], [40.733, 33.973, 29.598, 30.022, 28.203, 27.58, 28.759, 27.736, 23.089, 22.004, 20.845, 14.169, 12.57, 10.879, 9.522, 9.206, 8.347, 8.004, 7.149, 5.772, 3.551, 0.0, 5.481, 12.53, 14.997, 15.908, 16.927, 17.273, 18.101, 18.597, 18.783, 19.373, 19.628, 19.936, 19.779, 19.339, 19.79, 20.026, 20.919, 22.287, 22.375, 22.905, 25.103, 27.083, 28.574, 34.395, 36.365, 37.854, 40.179, 41.426, 41.934, 42.196, 40.447, 41.897, 41.091, 39.913, 41.066, 41.628, 40.312, 40.266, 40.943, 41.968, 42.184, 42.121, 41.56, 42.466, 43.849, 43.306, 42.953, 41.177, 39.885, 40.062, 40.328, 39.386, 38.827, 39.607, 37.404, 35.47, 35.124, 35.466, 34.353, 33.753, 33.864, 33.428, 34.473, 35.008], [43.185, 36.124, 31.539, 32.175, 30.772, 30.427, 31.64, 30.744, 26.317, 24.987, 23.826, 17.433, 15.793, 13.893, 12.522, 12.417, 11.239, 10.862, 10.071, 8.893, 7.581, 5.481, 0.0, 7.811, 10.976, 12.173, 13.095, 13.316, 14.081, 14.606, 14.828, 15.5, 15.867, 16.209, 16.025, 15.887, 16.948, 17.499, 18.455, 19.922, 20.189, 20.751, 23.329, 25.921, 27.402, 33.292, 35.399, 37.028, 39.606, 41.181, 41.981, 42.268, 40.214, 41.535, 40.794, 39.908, 41.586, 42.518, 41.302, 41.314, 42.058, 43.055, 43.255, 43.198, 42.614, 43.454, 44.784, 44.304, 44.006, 42.188, 40.954, 41.22, 41.417, 40.212, 39.49, 40.388, 38.068, 35.967, 35.652, 36.077, 34.921, 34.306, 34.298, 33.321, 34.13, 34.85], [46.116, 38.71, 34.023, 34.954, 34.011, 33.792, 34.966, 34.27, 30.334, 28.806, 27.786, 22.243, 20.743, 19.048, 17.676, 17.514, 16.174, 15.777, 15.182, 14.438, 13.785, 12.53, 7.811, 0.0, 4.359, 6.586, 7.205, 7.141, 7.835, 8.371, 8.839, 9.577, 10.251, 10.795, 10.848, 11.369, 13.208, 14.196, 15.375, 17.164, 17.649, 18.116, 20.796, 24.096, 25.387, 31.141, 33.485, 35.349, 38.336, 40.493, 41.927, 42.319, 39.923, 40.946, 40.306, 39.747, 42.113, 43.75, 42.908, 42.981, 43.784, 44.735, 44.848, 44.828, 44.22, 45.012, 46.198, 45.701, 45.482, 43.779, 42.761, 43.159, 43.234, 41.633, 40.743, 41.88, 39.463, 37.145, 36.911, 37.401, 36.203, 35.515, 35.379, 33.711, 34.089, 35.072], [46.476, 38.844, 34.232, 35.34, 34.564, 34.332, 35.42, 34.674, 30.971, 29.408, 28.489, 23.577, 22.132, 20.685, 19.353, 19.07, 17.719, 17.339, 16.934, 16.562, 16.032, 14.997, 10.976, 4.359, 0.0, 3.215, 4.157, 4.283, 5.242, 6.074, 6.865, 7.537, 8.441, 9.058, 9.623, 10.666, 12.358, 13.311, 14.467, 16.313, 16.733, 17.063, 19.37, 22.778, 23.979, 29.597, 32.108, 34.011, 37.079, 39.365, 41.122, 41.596, 39.072, 39.941, 39.397, 38.958, 41.466, 43.362, 42.795, 42.973, 43.88, 44.922, 44.994, 44.977, 44.382, 45.213, 46.297, 45.781, 45.677, 44.078, 43.157, 43.603, 43.656, 41.972, 41.062, 42.28, 39.898, 37.556, 37.333, 37.794, 36.592, 35.88, 35.709, 34.067, 34.396, 35.432], [46.592, 38.785, 34.174, 35.459, 34.851, 34.616, 35.655, 34.873, 31.259, 29.737, 28.843, 24.159, 22.626, 21.259, 19.958, 19.633, 18.335, 17.983, 17.644, 17.418, 16.917, 15.908, 12.173, 6.586, 3.215, 0.0, 2.004, 2.999, 4.428, 5.582, 6.397, 6.93, 7.845, 8.439, 9.311, 10.772, 12.462, 13.339, 14.316, 16.094, 16.459, 16.654, 18.798, 22.245, 23.548, 29.224, 31.848, 33.726, 36.743, 38.968, 40.781, 41.274, 38.683, 39.524, 39.007, 38.609, 41.102, 42.969, 42.437, 42.749, 43.799, 44.94, 45.03, 44.999, 44.412, 45.281, 46.333, 45.803, 45.782, 44.2, 43.226, 43.641, 43.694, 42.02, 41.118, 42.371, 40.027, 37.703, 37.442, 37.876, 36.668, 35.938, 35.745, 34.231, 34.678, 35.714], [47.281, 39.437, 34.777, 36.114, 35.633, 35.458, 36.51, 35.808, 32.256, 30.705, 29.893, 25.222, 23.692, 22.314, 21.011, 20.703, 19.36, 19.012, 18.651, 18.418, 17.948, 16.927, 13.095, 7.205, 4.157, 2.004, 0.0, 1.675, 3.455, 4.718, 5.572, 6.025, 6.926, 7.586, 8.68, 10.474, 12.408, 13.406, 14.33, 16.063, 16.484, 16.596, 18.793, 22.422, 23.692, 29.357, 32.034, 33.941, 37.006, 39.293, 41.192, 41.7, 39.054, 39.817, 39.299, 38.968, 41.57, 43.491, 42.974, 43.304, 44.405, 45.548, 45.624, 45.589, 45.0, 45.867, 46.896, 46.347, 46.337, 44.775, 43.812, 44.223, 44.251, 42.527, 41.605, 42.895, 40.53, 38.162, 37.891, 38.326, 37.096, 36.336, 36.131, 34.527, 34.935, 36.011], [47.813, 40.006, 35.305, 36.605, 36.098, 35.917, 37.001, 36.342, 32.748, 31.152, 30.383, 25.621, 24.117, 22.7, 21.382, 21.115, 19.747, 19.393, 18.982, 18.675, 18.272, 17.273, 13.316, 7.141, 4.283, 2.999, 1.675, 0.0, 2.093, 3.512, 4.592, 5.101, 5.991, 6.694, 7.828, 9.771, 11.962, 13.079, 14.097, 15.923, 16.419, 16.564, 18.96, 22.749, 23.929, 29.561, 32.24, 34.181, 37.326, 39.658, 41.551, 42.052, 39.361, 40.098, 39.541, 39.223, 41.87, 43.784, 43.235, 43.557, 44.672, 45.827, 45.901, 45.871, 45.277, 46.141, 47.185, 46.631, 46.621, 45.066, 44.108, 44.524, 44.539, 42.782, 41.833, 43.116, 40.704, 38.296, 38.023, 38.459, 37.196, 36.44, 36.222, 34.511, 34.887, 36.0], [48.792, 41.039, 36.335, 37.593, 37.029, 36.789, 37.866, 37.208, 33.589, 31.919, 31.211, 26.514, 24.963, 23.524, 22.176, 21.906, 20.507, 20.144, 19.725, 19.398, 19.034, 18.101, 14.081, 7.835, 5.242, 4.428, 3.455, 2.093, 0.0, 2.054, 3.615, 4.208, 5.168, 5.857, 6.869, 9.015, 11.528, 12.783, 13.878, 15.822, 16.378, 16.55, 19.106, 23.055, 24.098, 29.618, 32.327, 34.323, 37.566, 39.966, 41.888, 42.383, 39.622, 40.32, 39.767, 39.476, 42.202, 44.154, 43.601, 43.93, 45.067, 46.244, 46.335, 46.31, 45.716, 46.573, 47.622, 47.079, 47.081, 45.514, 44.576, 45.019, 45.022, 43.243, 42.285, 43.567, 41.118, 38.672, 38.395, 38.829, 37.543, 36.78, 36.546, 34.744, 35.086, 36.246], [49.121, 41.369, 36.632, 37.895, 37.358, 37.125, 38.198, 37.548, 33.87, 32.223, 31.622, 26.872, 25.313, 23.905, 22.571, 22.331, 20.96, 20.603, 20.199, 19.871, 19.527, 18.597, 14.606, 8.371, 6.074, 5.582, 4.718, 3.512, 2.054, 0.0, 2.113, 2.933, 4.062, 4.833, 5.866, 8.3, 10.986, 12.246, 13.313, 15.325, 15.954, 16.125, 18.885, 22.948, 23.914, 29.455, 32.212, 34.227, 37.531, 39.958, 41.871, 42.37, 39.557, 40.236, 39.692, 39.435, 42.21, 44.207, 43.642, 43.976, 45.11, 46.304, 46.402, 46.401, 45.795, 46.654, 47.736, 47.203, 47.228, 45.652, 44.692, 45.138, 45.147, 43.345, 42.368, 43.659, 41.19, 38.723, 38.454, 38.917, 37.615, 36.851, 36.591, 34.776, 35.168, 36.35], [49.392, 41.574, 36.841, 38.149, 37.641, 37.431, 38.489, 37.835, 34.088, 32.496, 31.91, 27.053, 25.452, 24.055, 22.734, 22.51, 21.184, 20.827, 20.471, 20.142, 19.742, 18.783, 14.828, 8.839, 6.865, 6.397, 5.572, 4.592, 3.615, 2.113, 0.0, 1.74, 3.46, 4.315, 5.446, 8.174, 10.785, 12.015, 13.136, 15.096, 15.779, 15.923, 18.876, 22.958, 23.96, 29.55, 32.334, 34.317, 37.586, 39.943, 41.783, 42.289, 39.451, 40.174, 39.633, 39.366, 42.12, 44.073, 43.449, 43.803, 44.955, 46.188, 46.307, 46.315, 45.714, 46.576, 47.682, 47.171, 47.238, 45.648, 44.654, 45.086, 45.09, 43.274, 42.285, 43.597, 41.127, 38.642, 38.37, 38.875, 37.586, 36.833, 36.558, 34.813, 35.309, 36.483], [49.445, 41.605, 36.887, 38.194, 37.727, 37.552, 38.613, 37.985, 34.275, 32.701, 32.118, 27.382, 25.84, 24.507, 23.247, 23.004, 21.688, 21.345, 21.023, 20.745, 20.368, 19.373, 15.5, 9.577, 7.537, 6.93, 6.025, 5.101, 4.208, 2.933, 1.74, 0.0, 2.238, 3.422, 5.007, 8.0, 10.623, 11.909, 12.995, 14.914, 15.605, 15.727, 18.626, 22.711, 23.725, 29.286, 32.108, 34.096, 37.341, 39.707, 41.6, 42.115, 39.247, 39.915, 39.376, 39.145, 41.947, 43.942, 43.357, 43.73, 44.903, 46.14, 46.24, 46.248, 45.648, 46.532, 47.639, 47.122, 47.22, 45.672, 44.69, 45.132, 45.142, 43.303, 42.295, 43.61, 41.144, 38.661, 38.391, 38.883, 37.574, 36.79, 36.51, 34.748, 35.235, 36.422], [49.384, 41.592, 36.841, 38.128, 37.704, 37.576, 38.676, 38.06, 34.299, 32.722, 32.2, 27.425, 25.877, 24.542, 23.352, 23.121, 21.77, 21.43, 21.104, 20.897, 20.649, 19.628, 15.867, 10.251, 8.441, 7.845, 6.926, 5.991, 5.168, 4.062, 3.46, 2.238, 0.0, 1.892, 4.264, 7.582, 10.434, 11.825, 12.865, 14.75, 15.46, 15.588, 18.664, 22.864, 23.887, 29.486, 32.303, 34.281, 37.498, 39.868, 41.784, 42.3, 39.402, 39.996, 39.383, 39.167, 41.984, 43.959, 43.362, 43.732, 44.934, 46.188, 46.276, 46.288, 45.695, 46.609, 47.747, 47.22, 47.324, 45.807, 44.829, 45.264, 45.276, 43.422, 42.387, 43.686, 41.202, 38.71, 38.426, 38.901, 37.576, 36.773, 36.485, 34.681, 35.168, 36.352], [49.598, 41.791, 37.041, 38.334, 37.902, 37.766, 38.845, 38.186, 34.382, 32.76, 32.273, 27.558, 25.937, 24.586, 23.416, 23.185, 21.818, 21.465, 21.17, 21.105, 20.958, 19.936, 16.209, 10.795, 9.058, 8.439, 7.586, 6.694, 5.857, 4.833, 4.315, 3.422, 1.892, 0.0, 3.335, 7.241, 10.26, 11.746, 12.856, 14.773, 15.488, 15.619, 18.778, 23.037, 24.025, 29.568, 32.385, 34.35, 37.555, 39.892, 41.788, 42.307, 39.363, 39.916, 39.246, 39.001, 41.81, 43.757, 43.125, 43.507, 44.803, 46.14, 46.245, 46.257, 45.679, 46.613, 47.747, 47.256, 47.395, 45.871, 44.893, 45.32, 45.317, 43.464, 42.427, 43.718, 41.235, 38.738, 38.434, 38.904, 37.581, 36.789, 36.494, 34.721, 35.246, 36.424], [49.915, 42.424, 37.753, 38.945, 38.278, 37.998, 39.078, 38.423, 34.579, 33.015, 32.49, 27.638, 26.005, 24.556, 23.364, 23.162, 21.779, 21.415, 21.112, 20.965, 20.808, 19.779, 16.025, 10.848, 9.623, 9.311, 8.68, 7.828, 6.869, 5.866, 5.446, 5.007, 4.264, 3.335, 0.0, 4.641, 8.509, 10.241, 11.755, 14.049, 14.842, 15.063, 18.522, 22.89, 24.013, 29.754, 32.555, 34.552, 37.808, 40.115, 41.876, 42.377, 39.472, 40.107, 39.441, 39.139, 41.942, 43.861, 43.183, 43.546, 44.814, 46.153, 46.301, 46.323, 45.753, 46.673, 47.823, 47.362, 47.501, 45.926, 44.885, 45.288, 45.281, 43.454, 42.45, 43.723, 41.233, 38.748, 38.422, 38.838, 37.48, 36.723, 36.462, 34.716, 35.257, 36.442], [49.152, 42.32, 37.936, 38.92, 37.828, 37.283, 38.39, 37.834, 34.164, 32.754, 32.161, 27.335, 25.873, 24.441, 23.198, 22.924, 21.543, 21.165, 20.812, 20.513, 20.348, 19.339, 15.887, 11.369, 10.666, 10.772, 10.474, 9.771, 9.015, 8.3, 8.174, 8.0, 7.582, 7.241, 4.641, 0.0, 5.17, 7.279, 9.738, 12.831, 13.637, 13.888, 17.174, 21.462, 22.857, 28.991, 31.8, 33.867, 37.241, 39.541, 41.199, 41.7, 38.964, 39.682, 39.07, 38.725, 41.515, 43.485, 42.849, 43.149, 44.286, 45.553, 45.715, 45.754, 45.215, 46.129, 47.286, 46.803, 46.901, 45.407, 44.382, 44.765, 44.773, 43.005, 42.081, 43.325, 40.894, 38.518, 38.165, 38.361, 36.897, 36.162, 35.976, 34.297, 34.763, 35.937], [47.432, 40.966, 37.192, 38.113, 36.622, 36.071, 37.159, 36.649, 33.333, 32.134, 31.335, 26.92, 25.641, 24.494, 23.344, 22.932, 21.743, 21.376, 21.126, 20.927, 20.77, 19.79, 16.948, 13.208, 12.358, 12.462, 12.408, 11.962, 11.528, 10.986, 10.785, 10.623, 10.434, 10.26, 8.509, 5.17, 0.0, 3.453, 8.013, 11.382, 12.041, 12.242, 14.802, 18.656, 20.514, 26.954, 29.802, 31.853, 35.258, 37.527, 39.146, 39.693, 37.153, 37.959, 37.325, 36.95, 39.762, 41.837, 41.295, 41.566, 42.569, 43.834, 44.016, 44.051, 43.562, 44.468, 45.59, 45.094, 45.224, 43.846, 42.912, 43.33, 43.371, 41.66, 40.8, 42.058, 39.716, 37.442, 37.074, 37.094, 35.612, 34.902, 34.739, 33.211, 33.651, 34.779], [46.528, 40.13, 36.491, 37.498, 35.982, 35.372, 36.439, 35.924, 32.691, 31.69, 30.897, 26.53, 25.368, 24.339, 23.219, 22.819, 21.76, 21.455, 21.257, 21.065, 20.923, 20.026, 17.499, 14.196, 13.311, 13.339, 13.406, 13.079, 12.783, 12.246, 12.015, 11.909, 11.825, 11.746, 10.241, 7.279, 3.453, 0.0, 5.944, 9.73, 10.321, 10.547, 13.019, 16.894, 19.042, 25.883, 28.8, 30.827, 34.278, 36.47, 38.043, 38.585, 36.095, 36.96, 36.38, 36.009, 38.844, 40.983, 40.486, 40.789, 41.804, 43.087, 43.289, 43.363, 42.872, 43.795, 44.925, 44.433, 44.574, 43.183, 42.201, 42.636, 42.76, 41.14, 40.345, 41.586, 39.276, 37.055, 36.668, 36.605, 35.119, 34.45, 34.289, 32.929, 33.47, 34.63], [45.788, 39.303, 35.509, 36.64, 36.064, 35.96, 37.001, 36.35, 32.864, 32.016, 31.53, 27.0, 25.958, 25.063, 24.067, 23.823, 22.769, 22.506, 22.409, 22.326, 22.008, 20.919, 18.455, 15.375, 14.467, 14.316, 14.33, 14.097, 13.878, 13.313, 13.136, 12.995, 12.865, 12.856, 11.755, 9.738, 8.013, 5.944, 0.0, 4.73, 5.787, 6.194, 10.003, 15.08, 17.467, 24.822, 28.089, 29.988, 33.471, 35.606, 37.287, 37.835, 35.165, 35.866, 35.616, 35.668, 38.746, 41.001, 40.556, 40.892, 41.932, 43.33, 43.519, 43.611, 43.082, 44.09, 45.291, 44.734, 44.847, 43.411, 42.287, 42.762, 43.083, 41.519, 40.602, 41.779, 39.453, 37.162, 36.724, 36.579, 34.954, 34.266, 34.018, 32.666, 33.281, 34.531], [45.437, 38.842, 35.129, 36.324, 36.34, 36.923, 38.021, 37.229, 33.56, 32.85, 32.422, 27.756, 26.765, 25.987, 25.241, 25.147, 24.157, 23.937, 23.974, 23.979, 23.562, 22.287, 19.922, 17.164, 16.313, 16.094, 16.063, 15.923, 15.822, 15.325, 15.096, 14.914, 14.75, 14.773, 14.049, 12.831, 11.382, 9.73, 4.73, 0.0, 2.269, 3.387, 8.906, 14.468, 17.154, 24.649, 27.995, 29.691, 32.943, 34.967, 36.653, 37.217, 34.453, 35.118, 34.976, 35.314, 38.54, 40.799, 40.361, 40.732, 41.736, 43.226, 43.434, 43.505, 42.969, 44.012, 45.259, 44.667, 44.804, 43.342, 42.122, 42.61, 43.064, 41.572, 40.555, 41.672, 39.336, 37.011, 36.564, 36.449, 34.818, 34.177, 33.88, 32.527, 33.22, 34.457], [44.916, 38.339, 34.703, 35.894, 35.858, 36.454, 37.547, 36.719, 33.095, 32.393, 31.945, 27.456, 26.497, 25.798, 25.095, 24.964, 23.999, 23.801, 23.896, 23.989, 23.608, 22.375, 20.189, 17.649, 16.733, 16.459, 16.484, 16.419, 16.378, 15.954, 15.779, 15.605, 15.46, 15.488, 14.842, 13.637, 12.041, 10.321, 5.787, 2.269, 0.0, 2.208, 7.999, 13.498, 16.238, 23.784, 27.142, 28.83, 32.013, 33.986, 35.706, 36.274, 33.518, 34.184, 34.049, 34.387, 37.636, 39.936, 39.548, 39.946, 40.988, 42.499, 42.715, 42.788, 42.263, 43.326, 44.556, 43.963, 44.113, 42.682, 41.501, 41.999, 42.475, 41.079, 40.191, 41.316, 39.011, 36.76, 36.331, 36.202, 34.6, 33.96, 33.701, 32.468, 33.186, 34.391], [45.097, 38.497, 34.847, 36.088, 36.108, 36.681, 37.748, 36.97, 33.46, 32.737, 32.373, 27.971, 26.981, 26.323, 25.57, 25.404, 24.427, 24.251, 24.344, 24.512, 24.137, 22.905, 20.751, 18.116, 17.063, 16.654, 16.596, 16.564, 16.55, 16.125, 15.923, 15.727, 15.588, 15.619, 15.063, 13.888, 12.242, 10.547, 6.194, 3.387, 2.208, 0.0, 6.908, 12.879, 15.693, 23.433, 26.921, 28.623, 31.864, 33.922, 35.791, 36.383, 33.624, 34.222, 34.162, 34.539, 37.841, 40.209, 39.864, 40.256, 41.315, 42.849, 43.059, 43.13, 42.605, 43.674, 44.867, 44.236, 44.391, 43.024, 41.883, 42.376, 42.831, 41.422, 40.573, 41.779, 39.506, 37.249, 36.822, 36.667, 35.051, 34.376, 34.13, 32.884, 33.539, 34.766], [43.361, 37.222, 34.196, 35.336, 35.141, 35.598, 36.509, 35.861, 33.331, 32.688, 32.343, 29.395, 28.705, 28.463, 27.671, 27.256, 26.437, 26.303, 26.401, 26.755, 26.296, 25.103, 23.329, 20.796, 19.37, 18.798, 18.793, 18.96, 19.106, 18.885, 18.876, 18.626, 18.664, 18.778, 18.522, 17.174, 14.802, 13.019, 10.003, 8.906, 7.999, 6.908, 0.0, 6.982, 10.333, 18.576, 22.321, 24.037, 27.471, 29.764, 32.177, 32.882, 30.372, 30.796, 31.085, 31.663, 35.155, 38.126, 38.373, 38.742, 39.7, 41.113, 41.259, 41.338, 40.858, 41.897, 42.862, 42.209, 42.424, 41.351, 40.485, 41.053, 41.552, 40.287, 39.578, 40.792, 38.887, 36.983, 36.632, 36.25, 34.739, 34.05, 33.904, 32.878, 33.24, 34.414], [41.472, 35.955, 33.754, 34.768, 34.225, 34.589, 35.333, 34.768, 33.007, 32.71, 32.151, 30.252, 29.881, 29.984, 29.331, 28.761, 28.24, 28.146, 28.26, 28.646, 28.16, 27.083, 25.921, 24.096, 22.778, 22.245, 22.422, 22.749, 23.055, 22.948, 22.958, 22.711, 22.864, 23.037, 22.89, 21.462, 18.656, 16.894, 15.08, 14.468, 13.498, 12.879, 6.982, 0.0, 6.358, 15.327, 18.851, 20.346, 23.625, 25.603, 28.024, 28.815, 26.84, 27.481, 28.024, 28.605, 31.847, 35.082, 35.736, 36.013, 36.704, 37.936, 38.052, 38.153, 37.699, 38.719, 39.549, 38.97, 39.278, 38.322, 37.581, 38.204, 38.77, 37.729, 37.23, 38.372, 36.94, 35.67, 35.515, 35.064, 33.895, 33.345, 33.254, 32.809, 33.211, 34.182], [41.899, 36.404, 34.049, 34.887, 34.327, 34.589, 35.216, 34.748, 33.218, 32.589, 32.493, 31.316, 30.919, 31.15, 30.444, 29.825, 29.316, 29.25, 29.342, 29.849, 29.485, 28.574, 27.402, 25.387, 23.979, 23.548, 23.692, 23.929, 24.098, 23.914, 23.96, 23.725, 23.887, 24.025, 24.013, 22.857, 20.514, 19.042, 17.467, 17.154, 16.238, 15.693, 10.333, 6.358, 0.0, 10.166, 14.286, 16.093, 19.813, 22.344, 25.415, 26.267, 24.12, 24.496, 25.166, 25.947, 29.35, 32.837, 33.823, 34.12, 34.966, 36.298, 36.386, 36.513, 36.045, 37.093, 37.848, 37.298, 37.662, 36.929, 36.593, 37.336, 37.88, 36.911, 36.544, 37.676, 36.332, 35.263, 35.39, 35.213, 34.229, 33.653, 33.628, 33.142, 33.362, 34.377], [43.149, 38.029, 36.224, 36.879, 36.39, 36.687, 37.017, 36.626, 36.043, 35.024, 35.045, 35.942, 35.757, 36.291, 35.714, 34.891, 34.506, 34.485, 34.675, 35.381, 35.128, 34.395, 33.292, 31.141, 29.597, 29.224, 29.357, 29.561, 29.618, 29.455, 29.55, 29.286, 29.486, 29.568, 29.754, 28.991, 26.954, 25.883, 24.822, 24.649, 23.784, 23.433, 18.576, 15.327, 10.166, 0.0, 5.802, 8.352, 12.556, 16.667, 21.318, 22.262, 20.059, 19.524, 20.494, 21.962, 26.009, 30.42, 32.308, 32.613, 33.494, 34.852, 34.872, 35.017, 34.717, 35.591, 35.953, 35.565, 36.134, 36.05, 36.676, 37.743, 38.285, 37.544, 37.418, 38.452, 37.4, 36.661, 37.073, 37.169, 36.558, 35.918, 36.03, 35.58, 35.41, 36.317], [43.163, 38.391, 36.919, 37.471, 36.887, 37.273, 37.536, 37.209, 36.984, 35.969, 35.828, 37.288, 37.261, 37.86, 37.408, 36.566, 36.297, 36.328, 36.528, 37.222, 37.03, 36.365, 35.399, 33.485, 32.108, 31.848, 32.034, 32.24, 32.327, 32.212, 32.334, 32.108, 32.303, 32.385, 32.555, 31.8, 29.802, 28.8, 28.089, 27.995, 27.142, 26.921, 22.321, 18.851, 14.286, 5.802, 0.0, 4.008, 8.748, 13.693, 18.823, 19.694, 17.856, 17.284, 18.23, 19.832, 23.947, 28.85, 31.212, 31.423, 31.911, 32.963, 32.969, 33.138, 32.88, 33.476, 33.594, 33.378, 34.044, 34.132, 35.13, 36.334, 36.865, 36.334, 36.419, 37.337, 36.479, 36.018, 36.566, 36.865, 36.746, 36.25, 36.393, 36.087, 35.835, 36.626], [42.799, 38.309, 37.12, 37.643, 37.265, 37.875, 38.08, 37.715, 37.643, 36.742, 36.631, 38.352, 38.387, 39.117, 38.793, 37.986, 37.794, 37.847, 38.071, 38.787, 38.563, 37.854, 37.028, 35.349, 34.011, 33.726, 33.941, 34.181, 34.323, 34.227, 34.317, 34.096, 34.281, 34.35, 34.552, 33.867, 31.853, 30.827, 29.988, 29.691, 28.83, 28.623, 24.037, 20.346, 16.093, 8.352, 4.008, 0.0, 6.062, 11.31, 16.589, 17.509, 15.916, 15.355, 16.596, 18.531, 22.539, 27.545, 30.18, 30.38, 30.753, 31.828, 31.83, 31.987, 31.766, 32.374, 32.401, 32.228, 33.02, 33.201, 34.243, 35.504, 36.125, 35.724, 35.853, 36.687, 35.991, 35.727, 36.292, 36.558, 36.649, 36.388, 36.49, 36.414, 36.3, 36.989], [42.011, 38.03, 37.332, 37.759, 37.51, 38.411, 38.508, 38.076, 38.303, 37.588, 37.502, 39.794, 39.908, 40.819, 40.77, 40.009, 39.929, 40.033, 40.368, 41.162, 40.933, 40.179, 39.606, 38.336, 37.079, 36.743, 37.006, 37.326, 37.566, 37.531, 37.586, 37.341, 37.498, 37.555, 37.808, 37.241, 35.258, 34.278, 33.471, 32.943, 32.013, 31.864, 27.471, 23.625, 19.813, 12.556, 8.748, 6.062, 0.0, 7.418, 13.789, 14.697, 13.727, 13.087, 14.242, 16.409, 20.197, 25.462, 28.605, 28.779, 28.942, 29.881, 29.859, 30.013, 29.897, 30.465, 30.292, 30.241, 31.228, 31.632, 32.898, 34.216, 34.908, 34.763, 35.042, 35.788, 35.424, 35.448, 36.08, 36.442, 36.825, 36.633, 36.919, 37.342, 37.392, 37.866], [41.875, 38.348, 38.012, 38.344, 37.969, 38.856, 38.86, 38.316, 38.564, 38.09, 37.989, 40.451, 40.606, 41.622, 41.724, 41.036, 41.08, 41.205, 41.614, 42.425, 42.18, 41.426, 41.181, 40.493, 39.365, 38.968, 39.293, 39.658, 39.966, 39.958, 39.943, 39.707, 39.868, 39.892, 40.115, 39.541, 37.527, 36.47, 35.606, 34.967, 33.986, 33.922, 29.764, 25.603, 22.344, 16.667, 13.693, 11.31, 7.418, 0.0, 7.631, 8.867, 8.557, 8.482, 10.692, 13.351, 16.327, 21.528, 25.01, 25.422, 25.921, 27.091, 27.08, 27.26, 27.259, 27.929, 27.565, 27.711, 29.119, 29.448, 30.502, 31.714, 32.478, 32.705, 33.197, 33.771, 33.846, 34.334, 34.881, 35.099, 35.713, 35.725, 36.027, 37.562, 38.298, 38.606], [41.833, 38.777, 38.729, 38.974, 38.358, 39.174, 39.181, 38.594, 38.775, 38.533, 38.234, 40.583, 40.778, 41.813, 42.045, 41.434, 41.693, 41.85, 42.228, 42.883, 42.641, 41.934, 41.981, 41.927, 41.122, 40.781, 41.192, 41.551, 41.888, 41.871, 41.783, 41.6, 41.784, 41.788, 41.876, 41.199, 39.146, 38.043, 37.287, 36.653, 35.706, 35.791, 32.177, 28.024, 25.415, 21.318, 18.823, 16.589, 13.789, 7.631, 0.0, 2.465, 5.357, 8.255, 10.547, 12.861, 14.158, 18.152, 21.392, 21.982, 22.779, 24.244, 24.338, 24.509, 24.619, 25.437, 25.184, 25.497, 27.163, 27.331, 28.097, 29.211, 30.063, 30.612, 31.25, 31.612, 31.963, 32.898, 33.403, 33.565, 34.366, 34.719, 34.926, 37.22, 38.719, 38.837], [41.883, 38.909, 38.92, 39.168, 38.518, 39.322, 39.331, 38.745, 38.903, 38.653, 38.302, 40.668, 40.891, 41.933, 42.193, 41.596, 41.908, 42.116, 42.497, 43.114, 42.884, 42.196, 42.268, 42.319, 41.596, 41.274, 41.7, 42.052, 42.383, 42.37, 42.289, 42.115, 42.3, 42.307, 42.377, 41.7, 39.693, 38.585, 37.835, 37.217, 36.274, 36.383, 32.882, 28.815, 26.267, 22.262, 19.694, 17.509, 14.697, 8.867, 2.465, 0.0, 5.055, 8.499, 10.767, 13.019, 14.208, 17.932, 21.005, 21.549, 22.328, 23.8, 23.923, 24.102, 24.226, 25.021, 24.814, 25.206, 26.836, 26.965, 27.786, 28.934, 29.812, 30.462, 31.16, 31.456, 31.824, 32.81, 33.317, 33.495, 34.355, 34.742, 34.981, 37.32, 38.831, 38.961], [42.443, 38.639, 38.104, 38.522, 38.123, 39.012, 39.103, 38.403, 38.068, 37.56, 37.285, 39.312, 39.403, 40.321, 40.504, 39.917, 40.084, 40.276, 40.71, 41.417, 41.21, 40.447, 40.214, 39.923, 39.072, 38.683, 39.054, 39.361, 39.622, 39.557, 39.451, 39.247, 39.402, 39.363, 39.472, 38.964, 37.153, 36.095, 35.165, 34.453, 33.518, 33.624, 30.372, 26.84, 24.12, 20.059, 17.856, 15.916, 13.727, 8.557, 5.357, 5.055, 0.0, 4.967, 7.865, 11.081, 13.724, 17.897, 20.651, 21.393, 22.694, 24.562, 24.753, 24.965, 25.029, 25.922, 25.907, 26.204, 27.817, 27.825, 28.515, 29.674, 30.529, 30.91, 31.378, 31.768, 31.761, 32.371, 32.815, 33.02, 33.62, 33.939, 34.137, 36.19, 37.687, 38.008], [43.188, 39.388, 38.8, 39.219, 39.062, 40.004, 40.044, 39.361, 39.143, 38.488, 38.431, 40.781, 40.9, 41.842, 41.995, 41.337, 41.337, 41.491, 41.965, 42.87, 42.716, 41.897, 41.535, 40.946, 39.941, 39.524, 39.817, 40.098, 40.32, 40.236, 40.174, 39.915, 39.996, 39.916, 40.107, 39.682, 37.959, 36.96, 35.866, 35.118, 34.184, 34.222, 30.796, 27.481, 24.496, 19.524, 17.284, 15.355, 13.087, 8.482, 8.255, 8.499, 4.967, 0.0, 6.001, 10.731, 14.471, 19.439, 22.58, 23.337, 24.668, 26.482, 26.576, 26.813, 26.954, 27.832, 27.641, 27.851, 29.496, 29.856, 30.796, 32.007, 32.841, 33.139, 33.542, 33.969, 33.93, 34.397, 34.789, 34.855, 35.265, 35.427, 35.646, 37.491, 38.743, 39.105], [42.573, 38.635, 38.003, 38.356, 37.899, 38.841, 38.924, 38.263, 38.014, 37.31, 37.181, 39.555, 39.641, 40.564, 40.784, 40.154, 40.171, 40.307, 40.778, 41.721, 41.784, 41.091, 40.794, 40.306, 39.397, 39.007, 39.299, 39.541, 39.767, 39.692, 39.633, 39.376, 39.383, 39.246, 39.441, 39.07, 37.325, 36.38, 35.616, 34.976, 34.049, 34.162, 31.085, 28.024, 25.166, 20.494, 18.23, 16.596, 14.242, 10.692, 10.547, 10.767, 7.865, 6.001, 0.0, 5.744, 10.707, 16.39, 19.794, 20.651, 22.36, 24.365, 24.518, 24.751, 24.93, 25.841, 25.624, 25.865, 27.679, 28.154, 29.192, 30.402, 31.201, 31.521, 31.985, 32.431, 32.337, 32.81, 33.229, 33.417, 33.938, 34.179, 34.493, 36.283, 37.591, 37.877], [41.679, 37.732, 37.141, 37.381, 36.363, 37.007, 37.039, 36.409, 36.24, 35.544, 35.332, 37.914, 37.984, 38.937, 39.162, 38.499, 38.592, 38.725, 39.204, 40.183, 40.389, 39.913, 39.908, 39.747, 38.958, 38.609, 38.968, 39.223, 39.476, 39.435, 39.366, 39.145, 39.167, 39.001, 39.139, 38.725, 36.95, 36.009, 35.668, 35.314, 34.387, 34.539, 31.663, 28.605, 25.947, 21.962, 19.832, 18.531, 16.409, 13.351, 12.861, 13.019, 11.081, 10.731, 5.744, 0.0, 6.768, 13.457, 17.199, 18.129, 20.179, 22.305, 22.528, 22.791, 23.003, 23.962, 23.687, 23.984, 25.889, 26.305, 27.338, 28.485, 29.229, 29.695, 30.365, 30.794, 30.725, 31.303, 31.744, 31.984, 32.635, 32.963, 33.427, 35.442, 36.875, 37.091], [41.537, 38.051, 37.768, 37.861, 36.464, 36.846, 36.749, 36.111, 36.164, 35.689, 35.485, 38.383, 38.523, 39.577, 39.917, 39.277, 39.562, 39.708, 40.163, 41.112, 41.373, 41.066, 41.586, 42.113, 41.466, 41.102, 41.57, 41.87, 42.202, 42.21, 42.12, 41.947, 41.984, 41.81, 41.942, 41.515, 39.762, 38.844, 38.746, 38.54, 37.636, 37.841, 35.155, 31.847, 29.35, 26.009, 23.947, 22.539, 20.197, 16.327, 14.158, 14.208, 13.724, 14.471, 10.707, 6.768, 0.0, 8.014, 13.07, 14.428, 17.1, 19.597, 19.868, 20.121, 20.485, 21.66, 21.305, 21.859, 24.21, 24.739, 25.705, 26.729, 27.538, 28.482, 29.409, 29.599, 29.96, 31.065, 31.569, 31.897, 32.864, 33.433, 33.911, 36.592, 38.41, 38.373], [42.258, 38.786, 38.521, 38.6, 37.066, 37.349, 37.272, 36.558, 36.429, 36.124, 35.838, 38.469, 38.57, 39.62, 40.068, 39.51, 39.992, 40.183, 40.611, 41.456, 41.798, 41.628, 42.518, 43.75, 43.362, 42.969, 43.491, 43.784, 44.154, 44.207, 44.073, 43.942, 43.959, 43.757, 43.861, 43.485, 41.837, 40.983, 41.001, 40.799, 39.936, 40.209, 38.126, 35.082, 32.837, 30.42, 28.85, 27.545, 25.462, 21.528, 18.152, 17.932, 17.897, 19.439, 16.39, 13.457, 8.014, 0.0, 6.488, 9.035, 13.8, 17.631, 18.078, 18.164, 18.643, 20.296, 20.34, 21.019, 23.63, 24.206, 25.0, 25.878, 26.783, 28.072, 29.086, 29.133, 29.618, 30.99, 31.556, 32.099, 33.204, 33.973, 34.428, 37.483, 39.744, 39.569], [42.714, 38.758, 38.242, 38.427, 36.87, 37.108, 37.114, 36.323, 35.74, 35.412, 34.943, 37.049, 37.055, 38.03, 38.49, 37.999, 38.61, 38.823, 39.243, 40.01, 40.413, 40.312, 41.302, 42.908, 42.795, 42.437, 42.974, 43.235, 43.601, 43.642, 43.449, 43.357, 43.362, 43.125, 43.183, 42.849, 41.295, 40.486, 40.556, 40.361, 39.548, 39.864, 38.373, 35.736, 33.823, 32.308, 31.212, 30.18, 28.605, 25.01, 21.392, 21.005, 20.651, 22.58, 19.794, 17.199, 13.07, 6.488, 0.0, 4.925, 12.55, 17.39, 18.017, 18.027, 18.467, 20.391, 21.076, 21.686, 23.946, 24.286, 24.888, 25.705, 26.66, 27.944, 28.878, 28.958, 29.224, 30.516, 31.061, 31.716, 32.724, 33.521, 33.963, 37.005, 39.489, 39.36], [41.958, 38.188, 37.81, 37.969, 36.474, 36.73, 36.708, 35.949, 35.456, 35.18, 34.631, 36.802, 36.894, 37.908, 38.39, 37.88, 38.524, 38.747, 39.185, 39.95, 40.351, 40.266, 41.314, 42.981, 42.973, 42.749, 43.304, 43.557, 43.93, 43.976, 43.803, 43.73, 43.732, 43.507, 43.546, 43.149, 41.566, 40.789, 40.892, 40.732, 39.946, 40.256, 38.742, 36.013, 34.12, 32.613, 31.423, 30.38, 28.779, 25.422, 