[[0.0, 6.377, 10.406, 11.862, 15.784, 22.107, 26.915, 30.39, 32.014, 32.374, 32.393, 32.681, 33.668, 35.19, 35.825, 36.095, 36.749, 38.33, 40.819, 41.678, 41.464, 40.817, 40.838, 41.802, 42.855, 43.342, 43.962, 45.353, 46.544, 47.387, 48.392, 48.913, 49.926, 52.17, 53.096, 52.242, 51.13, 51.259, 52.846, 54.991, 56.256, 57.05, 57.456, 57.241, 56.15, 53.523, 52.099, 52.567, 53.966, 56.483, 59.044, 60.583, 61.915, 62.809, 63.606, 64.873, 65.643, 65.276, 65.182, 66.085, 67.321, 68.248, 68.388, 68.649, 69.805, 71.255, 72.482, 72.765, 72.613, 73.692, 75.323, 76.32, 76.556, 76.794, 77.12, 77.413, 77.644, 78.116, 78.259, 78.005, 78.028, 77.868, 76.791, 74.396, 71.598, 69.6], [6.377, 0.0, 4.924, 8.108, 14.011, 20.97, 26.042, 29.734, 31.305, 31.4, 31.081, 31.272, 32.384, 34.116, 34.879, 35.127, 35.816, 37.606, 40.246, 41.117, 40.89, 40.291, 40.372, 41.397, 42.557, 43.058, 43.656, 45.059, 46.228, 46.996, 47.985, 48.651, 49.698, 51.72, 52.688, 52.03, 50.97, 50.982, 52.376, 54.355, 55.565, 56.398, 57.002, 57.175, 56.441, 53.908, 52.293, 52.502, 53.697, 56.093, 58.633, 60.13, 61.375, 62.252, 63.059, 64.325, 65.07, 64.767, 64.786, 65.721, 66.966, 67.913, 68.114, 68.456, 69.674, 71.183, 72.504, 72.869, 72.74, 73.804, 75.418, 76.414, 76.67, 76.94, 77.283, 77.586, 77.834, 78.328, 78.479, 78.241, 78.296, 78.163, 77.123, 74.778, 71.96, 69.876], [10.406, 4.924, 0.0, 5.467, 13.344, 20.794, 26.019, 29.947, 31.581, 31.443, 30.755, 30.802, 32.119, 34.123, 35.008, 35.261, 35.953, 37.816, 40.51, 41.375, 41.119, 40.52, 40.616, 41.689, 42.945, 43.435, 43.96, 45.293, 46.334, 46.962, 47.961, 48.747, 49.801, 51.661, 52.613, 52.18, 51.352, 51.397, 52.597, 54.351, 55.449, 56.217, 56.825, 57.129, 56.626, 54.316, 52.77, 52.968, 54.211, 56.682, 59.258, 60.743, 61.932, 62.791, 63.605, 64.868, 65.596, 65.303, 65.352, 66.311, 67.577, 68.545, 68.784, 69.181, 70.451, 71.958, 73.225, 73.571, 73.441, 74.478, 76.068, 77.051, 77.311, 77.605, 77.949, 78.25, 78.497, 78.984, 79.111, 78.856, 78.919, 78.789, 77.721, 75.301, 72.406, 70.267], [11.862, 8.108, 5.467, 0.0, 9.011, 17.974, 23.984, 28.048, 30.035, 30.392, 29.949, 29.952, 31.227, 33.314, 34.24, 34.462, 35.047, 36.746, 39.487, 40.446, 40.143, 39.536, 39.617, 40.538, 41.565, 41.793, 42.13, 43.402, 44.41, 45.05, 46.074, 46.897, 48.038, 49.98, 51.02, 50.749, 50.236, 50.849, 52.671, 54.716, 55.882, 56.739, 57.444, 57.675, 56.955, 54.446, 52.707, 52.69, 53.715, 55.967, 58.369, 59.789, 60.97, 61.792, 62.543, 63.774, 64.532, 64.146, 64.045, 64.999, 66.28, 67.19, 67.337, 67.675, 68.947, 70.428, 71.62, 71.924, 71.76, 72.752, 74.298, 75.24, 75.474, 75.763, 76.119, 76.412, 76.644, 77.108, 77.195, 76.901, 76.924, 76.767, 75.669, 73.218, 70.375, 68.362], [15.784, 14.011, 13.344, 9.011, 0.0, 10.996, 18.498, 22.701, 25.211, 26.805, 27.536, 27.947, 28.939, 30.785, 31.623, 31.756, 32.086, 33.32, 35.996, 37.128, 36.854, 36.399, 36.608, 37.209, 37.679, 37.436, 37.579, 38.913, 40.118, 40.963, 41.94, 42.634, 43.995, 46.276, 47.502, 47.28, 46.943, 48.384, 51.618, 54.646, 56.23, 57.473, 58.579, 58.875, 57.58, 54.213, 51.791, 51.157, 51.419, 52.954, 54.966, 56.329, 57.606, 58.376, 58.984, 60.131, 60.94, 60.472, 60.15, 61.055, 62.31, 63.075, 62.998, 63.123, 64.318, 65.78, 66.954, 67.259, 67.046, 68.002, 69.502, 70.365, 70.548, 70.812, 71.218, 71.525, 71.735, 72.171, 72.259, 71.971, 71.96, 71.851, 70.878, 68.604, 65.931, 64.075], [22.107, 20.97, 20.794, 17.974, 10.996, 0.0, 8.733, 14.151, 17.653, 20.781, 23.398, 25.022, 25.847, 26.997, 27.472, 27.496, 27.607, 28.323, 30.884, 32.165, 32.034, 31.985, 32.619, 33.127, 33.238, 32.804, 33.126, 34.908, 36.544, 37.585, 38.45, 38.923, 40.527, 43.304, 44.794, 44.469, 43.952, 45.576, 49.649, 53.796, 56.208, 58.023, 59.532, 60.021, 58.329, 54.085, 51.056, 49.992, 49.479, 50.285, 52.099, 53.61, 55.098, 55.854, 56.358, 57.392, 58.178, 57.874, 57.572, 58.363, 59.508, 60.14, 59.84, 59.616, 60.564, 62.017, 63.365, 63.846, 63.627, 64.615, 66.171, 66.97, 67.115, 67.326, 67.723, 68.051, 68.264, 68.684, 68.888, 68.727, 68.783, 68.926, 68.367, 66.535, 63.93, 61.915], [26.915, 26.042, 26.019, 23.984, 18.498, 8.733, 0.0, 7.389, 12.356, 16.681, 20.629, 23.28, 24.268, 24.886, 24.966, 24.927, 24.904, 25.142, 27.579, 28.92, 28.824, 29.132, 30.166, 30.752, 30.834, 30.456, 30.971, 33.095, 35.01, 36.087, 36.793, 37.076, 38.71, 41.687, 43.355, 42.944, 42.238, 43.688, 47.815, 52.586, 55.787, 58.19, 59.994, 60.56, 58.716, 54.162, 50.883, 49.604, 48.66, 49.134, 50.977, 52.661, 54.306, 55.114, 55.614, 56.534, 57.259, 57.17, 57.012, 57.748, 58.817, 59.386, 58.936, 58.447, 59.206, 60.726, 62.384, 63.128, 62.918, 63.912, 65.51, 66.271, 66.4, 66.571, 66.905, 67.246, 67.475, 67.912, 68.278, 68.254, 68.423, 68.815, 68.595, 67.08, 64.493, 62.328], [30.39, 29.734, 29.947, 28.048, 22.701, 14.151, 7.389, 0.0, 6.61, 13.01, 18.548, 22.029, 23.316, 23.946, 23.971, 23.99, 23.67, 23.239, 25.4, 26.727, 26.581, 27.264, 28.663, 29.043, 28.755, 28.16, 28.647, 30.798, 32.784, 33.871, 34.341, 34.425, 36.075, 38.878, 40.557, 40.22, 39.557, 41.149, 45.682, 51.049, 54.915, 58.081, 60.605, 61.612, 59.667, 54.698, 50.766, 48.651, 46.735, 46.379, 47.832, 49.429, 51.114, 51.932, 52.351, 53.064, 53.717, 53.713, 53.544, 54.201, 55.177, 55.625, 55.017, 54.378, 55.114, 56.795, 58.782, 59.788, 59.594, 60.558, 62.143, 62.874, 63.007, 63.176, 63.486, 63.844, 64.087, 64.564, 65.062, 65.138, 65.419, 66.007, 66.016, 64.739, 62.329, 60.258], [32.014, 31.305, 31.581, 30.035, 25.211, 17.653, 12.356, 6.61, 0.0, 7.824, 14.934, 19.332, 21.041, 22.065, 22.371, 22.632, 22.2, 21.689, 23.794, 24.999, 24.9, 25.882, 27.595, 27.945, 27.517, 26.909, 27.585, 29.766, 31.657, 32.667, 33.02, 33.062, 34.64, 36.995, 38.391, 37.965, 37.136, 38.41, 42.809, 48.333, 52.443, 56.025, 59.207, 60.96, 59.289, 54.083, 49.668, 47.006, 44.537, 43.737, 44.992, 46.512, 48.136, 48.925, 49.312, 49.906, 50.45, 50.541, 50.475, 51.049, 51.938, 52.389, 51.913, 51.435, 52.269, 54.079, 56.274, 57.455, 57.344, 58.389, 60.055, 60.861, 61.055, 61.291, 61.638, 62.028, 62.297, 62.816, 63.399, 63.55, 63.941, 64.646, 64.75, 63.572, 61.188, 59.058], [32.374, 31.4, 31.443, 30.392, 26.805, 20.781, 16.681, 13.01, 7.824, 0.0, 8.181, 13.61, 16.166, 18.172, 19.069, 19.712, 19.367, 19.349, 21.785, 22.861, 22.789, 23.83, 25.751, 26.435, 26.501, 26.387, 27.528, 29.86, 31.642, 32.553, 32.987, 33.296, 34.749, 36.471, 37.414, 36.791, 35.698, 36.196, 39.568, 44.552, 48.501, 52.129, 55.651, 58.143, 57.231, 52.468, 48.265, 45.776, 43.67, 43.374, 44.978, 46.56, 48.068, 48.88, 49.393, 50.024, 50.471, 50.645, 50.767, 51.324, 52.173, 52.734, 52.545, 52.448, 53.549, 55.474, 57.719, 58.942, 58.913, 60.047, 61.8, 62.744, 63.045, 63.408, 63.844, 64.275, 64.572, 65.121, 65.721, 65.871, 66.301, 66.997, 67.024, 65.711, 63.155, 60.859], [32.393, 31.081, 30.755, 29.949, 27.536, 23.398, 20.629, 18.548, 14.934, 8.181, 0.0, 6.268, 10.508, 14.474, 16.325, 17.34, 17.233, 17.954, 20.778, 21.778, 21.558, 22.164, 23.956, 25.016, 25.799, 26.234, 27.657, 30.039, 31.678, 32.524, 33.131, 33.832, 35.278, 36.575, 37.214, 36.575, 35.561, 35.688, 37.986, 41.93, 45.286, 48.611, 52.059, 54.954, 55.022, 51.232, 47.68, 45.693, 44.365, 44.964, 47.063, 48.718, 50.112, 50.983, 51.674, 52.443, 52.892, 53.083, 53.332, 53.97, 54.863, 55.524, 55.533, 55.754, 57.144, 59.141, 61.293, 62.432, 62.415, 63.525, 65.238, 66.237, 66.602, 67.072, 67.597, 68.062, 68.364, 68.919, 69.476, 69.572, 69.99, 70.608, 70.473, 68.923, 66.173, 63.767], [32.681, 31.272, 30.802, 29.952, 27.947, 25.022, 23.28, 22.029, 19.332, 13.61, 6.268, 0.0, 6.309, 12.315, 14.915, 16.08, 16.157, 17.313, 20.322, 21.341, 21.078, 21.351, 22.903, 24.078, 25.294, 26.073, 27.528, 29.826, 31.376, 32.267, 33.099, 34.085, 35.546, 36.698, 37.199, 36.579, 35.776, 36.06, 38.082, 41.353, 44.14, 47.116, 50.321, 53.152, 53.73, 50.759, 47.867, 46.339, 45.597, 46.801, 49.17, 50.848, 52.202, 53.124, 53.902, 54.757, 55.243, 55.403, 55.681, 56.399, 57.348, 58.05, 58.126, 58.511, 60.09, 62.16, 64.25, 65.304, 65.274, 66.338, 67.978, 68.958, 69.328, 69.845, 70.43, 70.907, 71.2, 71.746, 72.236, 72.268, 72.648, 73.181, 72.912, 71.197, 68.346, 65.92], [33.668, 32.384, 32.119, 31.227, 28.939, 25.847, 24.268, 23.316, 21.041, 16.166, 10.508, 6.309, 0.0, 6.99, 10.364, 11.784, 12.027, 13.77, 17.442, 18.694, 18.6, 19.183, 20.969, 22.167, 23.535, 24.602, 26.286, 28.743, 30.462, 31.519, 32.621, 33.984, 35.67, 36.908, 37.421, 36.554, 35.547, 35.959, 38.329, 41.755, 44.426, 47.282, 50.393, 53.111, 53.678, 50.859, 48.32, 47.145, 46.547, 47.816, 50.237, 51.966, 53.362, 54.277, 55.04, 55.895, 56.392, 56.583, 56.868, 57.529, 58.421, 59.077, 59.075, 59.409, 60.985, 63.069, 65.231, 66.318, 66.29, 67.364, 68.989, 69.954, 70.334, 70.874, 71.517, 72.009, 72.31, 72.855, 73.318, 73.345, 73.698, 74.206, 73.954, 72.287, 69.419, 66.956], [35.19, 34.116, 34.123, 33.314, 30.785, 26.997, 24.886, 23.946, 22.065, 18.172, 14.474, 12.315, 6.99, 0.0, 4.245, 6.461, 7.452, 10.554, 15.225, 16.745, 16.817, 17.96, 20.169, 21.377, 22.721, 23.966, 25.883, 28.549, 30.487, 31.624, 32.79, 34.394, 36.367, 37.816, 38.417, 37.201, 35.689, 35.946, 38.603, 42.472, 45.322, 48.192, 51.209, 53.691, 53.901, 50.861, 48.546, 47.821, 47.36, 48.624, 51.111, 52.931, 54.381, 55.247, 55.963, 56.768, 57.255, 57.536, 57.856, 58.449, 59.271, 59.858, 59.686, 59.814, 61.233, 63.202, 65.347, 66.456, 66.421, 67.532, 69.2, 70.169, 70.556, 71.097, 71.768, 72.269, 72.574, 73.116, 73.596, 73.657, 74.004, 74.53, 74.371, 72.826, 69.939, 67.393], [35.825, 34.879, 35.008, 34.24, 31.623, 27.472, 24.966, 23.971, 22.371, 19.069, 16.325, 14.915, 10.364, 4.245, 0.0, 3.07, 5.198, 9.687, 14.996, 16.662, 16.854, 18.219, 20.51, 21.691, 22.965, 24.235, 26.2, 28.929, 30.967, 32.116, 33.202, 34.744, 36.809, 38.435, 39.092, 37.712, 35.893, 35.975, 38.718, 42.811, 45.79, 48.679, 51.575, 53.732, 53.574, 50.414, 48.267, 47.871, 47.64, 49.011, 51.581, 53.451, 54.926, 55.78, 56.467, 57.235, 57.715, 58.019, 58.357, 58.964, 59.778, 60.329, 60.051, 60.06, 61.406, 63.315, 65.391, 66.462, 66.408, 67.54, 69.254, 70.232, 70.611, 71.141, 71.811, 72.309, 72.603, 73.138, 73.625, 73.683, 74.01, 74.534, 74.405, 72.898, 70.011, 67.434], [36.095, 35.127, 35.261, 34.462, 31.756, 27.496, 24.927, 23.99, 22.632, 19.712, 17.34, 16.08, 11.784, 6.461, 3.07, 0.0, 3.231, 8.909, 14.696, 16.473, 16.789, 18.292, 20.597, 21.777, 23.018, 24.288, 26.31, 29.125, 31.243, 32.427, 33.501, 34.996, 37.078, 38.828, 39.549, 38.133, 36.26, 36.369, 39.209, 43.345, 46.304, 49.135, 51.908, 53.836, 53.49, 50.318, 48.237, 47.94, 47.814, 49.229, 51.823, 53.717, 55.217, 56.088, 56.755, 57.506, 57.986, 58.263, 58.589, 59.206, 60.019, 60.552, 60.233, 60.208, 61.549, 63.464, 65.522, 66.562, 66.492, 67.629, 69.348, 70.316, 70.685, 71.215, 71.889, 72.382, 72.665, 73.193, 73.661, 73.697, 73.995, 74.497, 74.364, 72.87, 70.016, 67.457], [36.749, 35.816, 35.953, 35.047, 32.086, 27.607, 24.904, 23.67, 22.2, 19.367, 17.233, 16.157, 12.027, 7.452, 5.198, 3.231, 0.0, 6.416, 12.754, 14.682, 15.073, 16.888, 19.47, 20.675, 21.865, 23.156, 25.346, 28.307, 30.513, 31.745, 32.808, 34.236, 36.25, 37.996, 38.751, 37.359, 35.624, 35.937, 39.033, 43.345, 46.384, 49.322, 52.208, 54.19, 53.789, 50.486, 48.252, 47.762, 47.413, 48.624, 51.131, 53.066, 54.641, 55.529, 56.164, 56.875, 57.359, 57.596, 57.835, 58.395, 59.162, 59.647, 59.271, 59.206, 60.572, 62.569, 64.722, 65.805, 65.726, 66.852, 68.548, 69.495, 69.858, 70.39, 71.073, 71.564, 71.845, 72.365, 72.832, 72.867, 73.149, 73.653, 73.539, 72.089, 69.317, 66.838], [38.33, 37.606, 37.816, 36.746, 33.32, 28.323, 25.142, 23.239, 21.689, 19.349, 17.954, 17.313, 13.77, 10.554, 9.687, 8.909, 6.416, 0.0, 6.991, 9.472, 10.096, 12.862, 16.302, 17.508, 18.644, 20.159, 22.68, 25.837, 28.221, 29.568, 30.561, 31.778, 33.73, 35.637, 36.518, 35.167, 33.838, 34.768, 38.513, 43.303, 46.637, 49.874, 52.969, 54.947, 54.352, 50.817, 48.404, 47.617, 46.832, 47.681, 50.055, 52.177, 54.04, 54.992, 55.561, 56.183, 56.68, 56.865, 56.889, 57.296, 57.982, 58.402, 57.884, 57.652, 59.054, 61.253, 63.637, 64.847, 64.752, 65.815, 67.408, 68.257, 68.569, 69.064, 69.752, 70.246, 70.522, 71.024, 71.51, 71.558, 71.823, 72.351, 72.274, 70.887, 68.228, 65.882], [40.819, 40.246, 40.51, 39.487, 35.996, 30.884, 27.579, 25.4, 23.794, 21.785, 20.778, 20.322, 17.442, 15.225, 14.996, 14.696, 12.754, 6.991, 0.0, 3.409, 5.496, 10.066, 14.392, 15.517, 16.641, 18.571, 21.46, 24.679, 27.143, 28.561, 29.463, 30.464, 32.377, 34.417, 35.3, 33.866, 32.821, 34.116, 38.199, 43.25, 46.729, 50.123, 53.327, 55.324, 54.668, 51.072, 48.631, 47.694, 46.687, 47.428, 49.795, 52.128, 54.319, 55.392, 55.932, 56.478, 56.962, 57.134, 57.054, 57.373, 58.027, 58.449, 57.861, 57.524, 58.979, 61.325, 63.82, 65.09, 64.992, 66.003, 67.5, 68.274, 68.55, 69.024, 69.716, 70.213, 70.478, 70.96, 71.448, 71.509, 71.787, 72.328, 72.24, 70.853, 68.225, 65.926], [41.678, 41.117, 41.375, 40.446, 37.128, 32.165, 28.92, 26.727, 24.999, 22.861, 21.778, 21.341, 18.694, 16.745, 16.662, 16.473, 14.682, 9.472, 3.409, 0.0, 3.909, 9.613, 14.233, 15.387, 16.528, 18.543, 21.593, 24.898, 27.372, 28.775, 29.678, 30.687, 32.569, 34.538, 35.325, 33.756, 32.634, 33.806, 37.754, 42.774, 46.264, 49.694, 52.946, 55.012, 54.404, 50.83, 48.404, 47.465, 46.493, 47.33, 49.759, 52.141, 54.409, 55.547, 56.103, 56.623, 57.085, 57.279, 57.232, 57.554, 58.214, 58.655, 58.08, 57.755, 59.233, 61.582, 64.054, 65.311, 65.219, 66.245, 67.756, 68.553, 68.853, 69.34, 70.024, 70.517, 70.78, 71.262, 71.75, 71.814, 72.11, 72.648, 72.532, 71.109, 68.447, 66.123], [41.464, 40.89, 41.119, 40.143, 36.854, 32.034, 28.824, 26.581, 24.9, 22.789, 21.558, 21.078, 18.6, 16.817, 16.854, 16.789, 15.073, 10.096, 5.496, 3.909, 0.0, 6.682, 12.056, 13.588, 14.918, 16.852, 19.986, 23.444, 25.926, 27.316, 28.304, 29.449, 31.38, 33.379, 34.216, 32.704, 31.642, 32.897, 36.87, 41.879, 45.371, 48.835, 52.15, 54.309, 53.75, 50.053, 47.519, 46.581, 45.702, 46.638, 49.115, 51.492, 53.726, 54.851, 55.452, 56.04, 56.536, 56.718, 56.647, 56.97, 57.63, 58.07, 57.5, 57.156, 58.611, 60.919, 63.358, 64.614, 64.52, 65.544, 67.063, 67.889, 68.208, 68.689, 69.361, 69.855, 70.129, 70.615, 71.097, 71.163, 71.465, 71.983, 71.824, 70.351, 67.628, 65.266], [40.817, 40.291, 40.52, 39.536, 36.399, 31.985, 29.132, 27.264, 25.882, 23.83, 22.164, 21.351, 19.183, 17.96, 18.219, 18.292, 16.888, 12.862, 10.066, 9.613, 6.682, 0.0, 6.139, 8.775, 11.111, 13.609, 17.329, 21.091, 23.523, 24.896, 26.088, 27.392, 29.392, 31.703, 32.699, 31.442, 30.706, 32.089, 35.942, 40.686, 43.92, 47.163, 50.314, 52.437, 52.052, 48.355, 45.832, 45.069, 44.57, 45.893, 48.573, 50.981, 53.167, 54.291, 55.037, 55.956, 56.653, 56.762, 56.642, 57.014, 57.706, 58.186, 57.712, 57.453, 58.926, 61.19, 63.596, 64.848, 64.761, 65.734, 67.206, 68.063, 68.389, 68.854, 69.516, 70.002, 70.291, 70.771, 71.188, 71.22, 71.493, 71.911, 71.629, 70.077, 67.326, 64.947], [40.838, 40.372, 40.616, 39.617, 36.608, 32.619, 30.166, 28.663, 27.595, 25.751, 23.956, 22.903, 20.969, 20.169, 20.51, 20.597, 19.47, 16.302, 14.392, 14.233, 12.056, 6.139, 0.0, 4.251, 8.242, 11.706, 16.0, 19.952, 22.329, 23.656, 24.979, 26.418, 28.456, 31.055, 32.245, 31.284, 30.941, 32.479, 36.203, 40.636, 43.579, 46.541, 49.416, 51.297, 50.964, 47.465, 45.135, 44.58, 44.436, 46.1, 48.92, 51.302, 53.396, 54.491, 55.316, 56.521, 57.479, 57.578, 57.421, 57.816, 58.525, 59.029, 58.627, 58.473, 59.989, 62.222, 64.597, 65.828, 65.739, 66.655, 68.065, 68.927, 69.255, 69.712, 70.358, 70.831, 71.126, 71.598, 71.956, 71.939, 72.164, 72.486, 72.1, 70.494, 67.771, 65.44], [41.802, 41.397, 41.689, 40.538, 37.209, 33.127, 30.752, 29.043, 27.945, 26.435, 25.016, 24.078, 22.167, 21.377, 21.691, 21.777, 20.675, 17.508, 15.517, 15.387, 13.588, 8.775, 4.251, 0.0, 4.862, 9.359, 14.363, 18.57, 21.079, 22.46, 23.71, 25.156, 27.389, 30.175, 31.49, 30.686, 30.609, 32.541, 36.708, 41.338, 44.345, 47.367, 50.301, 52.131, 51.635, 48.044, 45.604, 44.869, 44.489, 45.904, 48.546, 50.852, 52.908, 53.94, 54.697, 55.887, 56.938, 57.088, 56.874, 57.186, 57.835, 58.284, 57.833, 57.657, 59.175, 61.413, 63.795, 65.037, 64.934, 65.807, 67.168, 67.997, 68.318, 68.773, 69.423, 69.903, 70.195, 70.656, 71.02, 71.01, 71.23, 71.57, 71.221, 69.669, 67.021, 64.763], [42.855, 42.557, 42.945, 41.565, 37.679, 33.238, 30.834, 28.755, 27.517, 26.501, 25.799, 25.294, 23.535, 22.721, 22.965, 23.018, 21.865, 18.644, 16.641, 16.528, 14.918, 11.111, 8.242, 4.862, 0.0, 5.583, 11.814, 16.582, 19.402, 21.012, 22.165, 23.487, 26.028, 29.13, 30.59, 29.809, 29.815, 32.239, 37.192, 42.299, 45.521, 48.722, 51.849, 53.749, 52.967, 48.894, 45.944, 44.706, 43.737, 44.572, 46.879, 49.076, 51.123, 52.099, 52.766, 53.886, 54.947, 55.09, 54.824, 55.11, 55.727, 56.106, 55.568, 55.296, 56.722, 58.882, 61.242, 62.512, 62.401, 63.256, 64.601, 65.406, 65.72, 66.167, 66.814, 67.291, 67.583, 68.036, 68.412, 68.428, 68.657, 69.042, 68.788, 67.397, 64.928, 62.795], [43.342, 43.058, 43.435, 41.793, 37.436, 32.804, 30.456, 28.16, 26.909, 26.387, 26.234, 26.073, 24.602, 23.966, 24.235, 24.288, 23.156, 20.159, 18.571, 18.543, 16.852, 13.609, 11.706, 9.359, 5.583, 0.0, 7.149, 12.74, 16.031, 17.963, 19.209, 20.613, 23.52, 26.945, 28.589, 27.893, 28.075, 31.104, 36.812, 42.249, 45.596, 48.933, 52.225, 54.196, 53.187, 48.626, 45.075, 43.262, 41.796, 42.275, 44.387, 46.47, 48.464, 49.412, 50.052, 51.173, 52.249, 52.345, 52.091, 52.591, 53.411, 53.83, 53.262, 52.913, 54.199, 56.15, 58.331, 59.56, 59.433, 60.273, 61.605, 62.398, 62.711, 63.153, 63.78, 64.236, 64.53, 64.988, 65.352, 65.369, 65.615, 66.028, 65.813, 64.5, 62.117, 60.052], [43.962, 43.656, 43.96, 42.13, 37.579, 33.126, 30.971, 28.647, 27.585, 27.528, 27.657, 27.528, 26.286, 25.883, 26.2, 26.31, 25.346, 22.68, 21.46, 21.593, 19.986, 17.329, 16.0, 14.363, 11.814, 7.149, 0.0, 6.433, 10.565, 13.097, 14.758, 16.499, 19.706, 23.422, 25.34, 24.911, 25.665, 29.513, 35.839, 41.355, 44.711, 48.134, 51.477, 53.337, 52.128, 47.403, 43.602, 41.481, 39.863, 40.388, 42.519, 44.542, 46.474, 47.415, 48.076, 49.215, 50.31, 50.359, 50.127, 50.956, 52.187, 52.803, 52.281, 51.916, 53.108, 54.853, 56.811, 57.954, 57.803, 58.575, 59.819, 60.557, 60.854, 61.286, 61.883, 62.32, 62.607, 63.061, 63.387, 63.367, 63.623, 64.039, 63.786, 62.394, 59.94, 57.852], [45.353, 45.059, 45.293, 43.402, 38.913, 34.908, 33.095, 30.798, 29.766, 29.86, 30.039, 29.826, 28.743, 28.549, 28.929, 29.125, 28.307, 25.837, 24.679, 24.898, 23.444, 21.091, 19.952, 18.57, 16.582, 12.74, 6.433, 0.0, 4.943, 8.399, 10.713, 12.885, 16.267, 20.009, 22.08, 22.009, 23.575, 28.151, 34.824, 40.247, 43.498, 46.97, 50.389, 52.228, 50.917, 46.16, 42.295, 40.049, 38.436, 39.089, 41.267, 43.308, 45.224, 46.135, 46.802, 47.951, 49.054, 49.062, 48.8, 49.753, 51.251, 52.116, 51.729, 51.426, 52.608, 54.254, 56.102, 57.205, 57.044, 57.728, 58.849, 59.527, 59.804, 60.223, 60.813, 61.257, 61.547, 62.004, 62.299, 62.261, 62.534, 62.938, 62.621, 61.136, 58.619, 56.51], [46.544, 46.228, 46.334, 44.41, 40.118, 36.544, 35.01, 32.784, 31.657, 31.642, 31.678, 31.376, 30.462, 30.487, 30.967, 31.243, 30.513, 28.221, 27.143, 27.372, 25.926, 23.523, 22.329, 21.079, 19.402, 16.031, 10.565, 4.943, 0.0, 4.249, 7.567, 10.44, 13.999, 17.661, 19.768, 20.183, 22.535, 27.415, 33.988, 39.161, 42.258, 45.708, 49.23, 51.217, 49.969, 45.198, 41.279, 38.97, 37.447, 38.304, 40.579, 42.643, 44.501, 45.356, 46.04, 47.223, 48.333, 48.335, 48.066, 49.019, 50.603, 51.654, 51.469, 51.301, 52.52, 54.121, 55.912, 56.996, 56.848, 57.476, 58.529, 59.204, 59.484, 59.898, 60.489, 60.948, 61.251, 61.712, 61.989, 61.948, 62.237, 62.616, 62.224, 60.631, 58.017, 55.853], [47.387, 46.996, 46.962, 45.05, 40.963, 37.585, 36.087, 33.871, 32.667, 32.553, 32.524, 32.267, 31.519, 31.624, 32.116, 32.427, 31.745, 29.568, 28.561, 28.775, 27.316, 24.896, 23.656, 22.46, 21.012, 17.963, 13.097, 8.399, 4.249, 0.0, 4.45, 8.569, 12.589, 16.165, 18.277, 19.033, 21.809, 26.722, 33.095, 38.151, 41.28, 44.782, 48.394, 50.49, 49.253, 44.453, 40.484, 38.104, 36.603, 37.656, 40.101, 42.222, 44.043, 44.873, 45.584, 46.78, 47.901, 47.966, 47.739, 48.691, 50.3, 51.444, 51.378, 51.305, 52.575, 54.176, 55.952, 57.035, 56.904, 57.522, 58.571, 59.263, 59.546, 59.948, 60.534, 61.012, 61.325, 61.791, 62.078, 62.054, 62.37, 62.769, 62.363, 60.687, 57.943, 55.67], [48.392, 47.985, 47.961, 46.074, 41.94, 38.45, 36.793, 34.341, 33.02, 32.987, 33.131, 33.099, 32.621, 32.79, 33.202, 33.501, 32.808, 30.561, 29.463, 29.678, 28.304, 26.088, 24.979, 23.71, 22.165, 19.209, 14.758, 10.713, 7.567, 4.45, 0.0, 5.507, 10.978, 15.011, 17.225, 18.033, 20.853, 25.935, 32.555, 37.851, 41.229, 44.939, 48.695, 50.816, 49.406, 44.38, 40.132, 37.412, 35.522, 36.325, 38.743, 40.935, 42.836, 43.673, 44.35, 45.483, 46.61, 46.735, 46.515, 47.48, 49.106, 50.254, 50.139, 50.017, 51.333, 53.03, 54.896, 56.033, 55.901, 56.515, 57.574, 58.251, 58.514, 58.887, 59.468, 59.975, 60.292, 60.775, 61.134, 61.162, 61.529, 62.017, 61.71, 60.126, 57.439, 55.182], [48.913, 48.651, 48.747, 46.897, 42.634, 38.923, 37.076, 34.425, 33.062, 33.296, 33.832, 34.085, 33.984, 34.394, 34.744, 34.996, 34.236, 31.778, 30.464, 30.687, 29.449, 27.392, 26.418, 25.156, 23.487, 20.613, 16.499, 12.885, 10.44, 8.569, 5.507, 0.0, 7.172, 13.166, 15.804, 16.791, 19.961, 25.34, 32.35, 37.955, 41.554, 45.367, 49.127, 51.109, 49.428, 44.126, 39.666, 36.735, 34.589, 35.157, 37.487, 39.771, 41.862, 42.738, 43.34, 44.415, 45.548, 45.61, 45.281, 46.255, 47.91, 49.062, 48.914, 48.737, 50.118, 52.081, 54.188, 55.39, 55.248, 55.847, 56.886, 57.508, 57.709, 58.029, 58.583, 59.089, 59.377, 59.827, 60.2, 60.229, 60.592, 61.111, 60.842, 59.322, 56.775, 54.63], [49.926, 49.698, 49.801, 48.038, 43.995, 40.527, 38.71, 36.075, 34.64, 34.749, 35.278, 35.546, 35.67, 36.367, 36.809, 37.078, 36.25, 33.73, 32.377, 32.569, 31.38, 29.392, 28.456, 27.389, 26.028, 23.52, 19.706, 16.267, 13.999, 12.589, 10.978, 7.172, 0.0, 8.102, 11.539, 13.286, 17.726, 23.496, 30.563, 36.096, 39.722, 43.634, 47.538, 49.701, 48.171, 42.985, 38.608, 35.734, 33.845, 34.768, 37.302, 39.693, 41.865, 42.799, 43.413, 44.471, 45.59, 45.533, 45.087, 46.091, 47.859, 49.16, 49.196, 49.212, 50.785, 53.076, 55.593, 56.945, 56.819, 57.399, 58.402, 59.042, 59.247, 59.541, 60.06, 60.537, 60.805, 61.235, 61.574, 61.553, 61.867, 62.328, 61.975, 60.358, 57.808, 55.717], [52.17, 51.72, 51.661, 49.98, 46.276, 43.304, 41.687, 38.878, 36.995, 36.471, 36.575, 36.698, 36.908, 37.816, 38.435, 38.828, 37.996, 35.637, 34.417, 34.538, 33.379, 31.703, 31.055, 30.175, 29.13, 26.945, 23.422, 20.009, 17.661, 16.165, 15.011, 13.166, 8.102, 0.0, 4.635, 8.734, 15.062, 21.089, 27.888, 33.107, 36.785, 41.194, 45.859, 48.894, 47.922, 43.056, 38.597, 35.392, 33.358, 34.336, 36.938, 39.3, 41.363, 42.312, 42.948, 43.855, 44.844, 44.742, 44.278, 45.303, 47.162, 48.591, 48.802, 49.071, 50.878, 53.332, 56.105, 57.662, 57.598, 58.167, 59.154, 59.874, 60.158, 60.487, 60.995, 61.456, 61.727, 62.198, 62.568, 62.543, 62.884, 63.357, 62.992, 61.346, 58.783, 56.706], [53.096, 52.688, 52.613, 51.02, 47.502, 44.794, 43.355, 40.557, 38.391, 37.414, 37.214, 37.199, 37.421, 38.417, 39.092, 39.549, 38.751, 36.518, 35.3, 35.325, 34.216, 32.699, 32.245, 31.49, 30.59, 28.589, 25.34, 22.08, 19.768, 18.277, 17.225, 15.804, 11.539, 4.635, 0.0, 6.229, 13.476, 19.488, 26.097, 31.136, 34.782, 39.39, 44.401, 47.827, 47.057, 42.315, 37.928, 34.74, 32.855, 34.078, 36.806, 39.197, 41.262, 42.247, 42.921, 43.777, 44.683, 44.55, 44.113, 45.163, 47.041, 48.515, 48.817, 49.251, 51.209, 53.704, 56.426, 57.967, 57.958, 58.581, 59.617, 60.404, 60.729, 61.088, 61.612, 62.076, 62.339, 62.819, 63.188, 63.159, 63.533, 64.001, 63.582, 61.864, 59.259, 57.155], [52.242, 52.03, 52.18, 50.749, 47.28, 44.469, 42.944, 40.22, 37.965, 36.791, 36.575, 36.579, 36.554, 37.201, 37.712, 38.133, 37.359, 35.167, 33.866, 33.756, 32.704, 31.442, 31.284, 30.686, 29.809, 27.893, 24.911, 22.009, 20.183, 19.033, 18.033, 16.791, 13.286, 8.734, 6.229, 0.0, 8.008, 15.103, 22.733, 28.41, 32.358, 37.174, 42.26, 45.658, 44.729, 39.777, 35.446, 32.59, 31.088, 32.771, 35.886, 38.571, 40.903, 42.035, 42.754, 43.612, 44.466, 44.338, 44.003, 45.067, 46.945, 48.449, 48.724, 49.182, 51.208, 53.768, 56.578, 58.14, 58.155, 58.975, 60.246, 61.149, 61.505, 61.872, 62.406, 62.876, 63.147, 63.651, 64.033, 63.999, 64.379, 64.826, 64.378, 62.671, 60.067, 57.919], [51.13, 50.97, 51.352, 50.236, 46.943, 43.952, 42.238, 39.557, 37.136, 35.698, 35.561, 35.776, 35.547, 35.689, 35.893, 36.26, 35.624, 33.838, 32.821, 32.634, 31.642, 30.706, 30.941, 30.609, 29.815, 28.075, 25.665, 23.575, 22.535, 21.809, 20.853, 19.961, 17.726, 15.062, 13.476, 8.008, 0.0, 8.621, 18.073, 24.92, 29.492, 34.673, 39.942, 43.467, 42.427, 37.036, 32.441, 29.827, 28.718, 30.924, 34.551, 37.488, 39.971, 41.225, 42.029, 42.909, 43.677, 43.683, 43.655, 44.794, 46.653, 48.175, 48.433, 48.9, 50.908, 53.482, 56.453, 58.087, 58.122, 59.182, 60.825, 61.946, 62.379, 62.746, 63.265, 63.748, 64.061, 64.633, 65.064, 65.061, 65.479, 65.939, 65.541, 63.938, 61.311, 59.021], [51.259, 50.982, 51.397, 50.849, 48.384, 45.576, 43.688, 41.149, 38.41, 36.196, 35.688, 36.06, 35.959, 35.946, 35.975, 36.369, 35.937, 34.768, 34.116, 33.806, 32.897, 32.089, 32.479, 32.541, 32.239, 31.104, 29.513, 28.151, 27.415, 26.722, 25.935, 25.34, 23.496, 21.089, 19.488, 15.103, 8.621, 0.0, 10.67, 18.833, 24.51, 30.374, 36.202, 40.527, 40.021, 34.578, 29.928, 27.778, 27.506, 30.621, 34.873, 37.947, 40.342, 41.688, 42.706, 43.697, 44.357, 44.594, 45.009, 46.216, 48.02, 49.631, 50.078, 50.707, 52.703, 55.24, 58.299, 59.993, 60.089, 61.262, 63.152, 64.537, 65.096, 65.482, 65.956, 66.453, 66.835, 67.49, 67.987, 68.056, 68.553, 69.034, 68.655, 67.077, 64.325, 61.802], [52.846, 52.376, 52.597, 52.671, 51.618, 49.649, 47.815, 45.682, 42.809, 39.568, 37.986, 38.082, 38.329, 38.603, 38.718, 39.209, 39.033, 38.513, 38.199, 37.754, 36.87, 35.942, 36.203, 36.708, 37.192, 36.812, 35.839, 34.824, 33.988, 33.095, 32.555, 32.35, 30.563, 27.888, 26.097, 22.733, 18.073, 10.67, 0.0, 9.453, 16.882, 23.764, 30.373, 35.991, 36.922, 32.642, 29.052, 28.325, 29.969, 34.551, 39.397, 42.484, 44.658, 46.087, 47.369, 48.522, 49.101, 49.488, 50.238, 51.445, 53.164, 54.863, 55.555, 56.452, 58.551, 61.044, 63.978, 65.592, 65.736, 66.923, 68.868, 70.39, 71.039, 71.479, 71.904, 72.409, 72.819, 73.516, 74.054, 74.15, 74.713, 75.153, 74.632, 72.822, 69.822, 67.092], [54.991, 54.355, 54.351, 54.716, 54.646, 53.796, 52.586, 51.049, 48.333, 44.552, 41.93, 41.353, 41.755, 42.472, 42.811, 43.345, 43.345, 43.303, 43.25, 42.774, 41.879, 40.686, 40.636, 41.338, 42.299, 42.249, 41.355, 40.247, 39.161, 38.151, 37.851, 37.955, 36.096, 33.107, 31.136, 28.41, 24.92, 18.833, 9.453, 0.0, 8.556, 16.311, 23.787, 30.805, 33.586, 31.241, 29.294, 30.176, 33.777, 39.643, 44.834, 47.809, 49.707, 51.102, 52.512, 53.805, 54.4, 54.742, 55.542, 56.783, 58.534, 60.32, 61.213, 62.406, 64.685, 67.116, 69.74, 71.11, 71.237, 72.385, 74.278, 75.823, 76.51, 77.033, 77.493, 77.996, 78.38, 79.051, 79.508, 79.518, 80.036, 80.331, 79.562, 77.422, 74.187, 71.354], [56.256, 55.565, 55.449, 55.882, 56.23, 56.208, 55.787, 54.915, 52.443, 48.501, 45.286, 44.14, 44.426, 45.322, 45.79, 46.304, 46.384, 46.637, 46.729, 46.264, 45.371, 43.92, 43.579, 44.345, 45.521, 45.596, 44.711, 43.498, 42.258, 41.28, 41.229, 41.554, 39.722, 36.785, 34.782, 32.358, 29.492, 24.51, 16.882, 8.556, 0.0, 8.468, 17.049, 25.595, 30.08, 29.359, 28.904, 31.258, 36.444, 43.279, 48.7, 51.592, 53.311, 54.637, 56.086, 57.512, 58.179, 58.404, 59.131, 60.411, 62.225, 64.081, 65.108, 66.499, 68.884, 71.19, 73.429, 74.508, 74.599, 75.718, 77.55, 79.079, 79.763, 80.369, 80.935, 81.447, 81.791, 82.399, 82.725, 82.632, 83.065, 83.19, 82.18, 79.759, 76.339, 73.449], [57.05, 56.398, 56.217, 56.739, 57.473, 58.023, 58.19, 58.081, 56.025, 52.129, 48.611, 47.116, 47.282, 48.192, 48.679, 49.135, 49.322, 49.874, 50.123, 49.694, 48.835, 47.163, 46.541, 47.367, 48.722, 48.933, 48.134, 46.97, 45.708, 44.782, 44.939, 45.367, 43.634, 41.194, 39.39, 37.174, 34.673, 30.374, 23.764, 16.311, 8.468, 0.0, 9.541, 19.88, 26.265, 27.259, 28.583, 32.68, 39.406, 47.141, 52.831, 55.714, 57.343, 58.628, 60.122, 61.713, 62.485, 62.638, 63.332, 64.659, 66.519, 68.427, 69.532, 71.0, 73.372, 75.503, 77.368, 78.163, 78.218, 79.33, 81.131, 82.63, 83.275, 83.902, 84.527, 85.048, 85.365, 85.917, 86.137, 85.963, 86.314, 86.285, 85.064, 82.399, 78.811, 75.857], [57.456, 57.002, 56.825, 57.444, 58.579, 59.532, 59.994, 60.605, 59.207, 55.651, 52.059, 50.321, 50.393, 51.209, 51.575, 51.908, 52.208, 52.969, 53.327, 52.946, 52.15, 50.314, 49.416, 50.301, 51.849, 52.225, 51.477, 50.389, 49.23, 48.394, 48.695, 49.127, 47.538, 45.859, 44.401, 42.26, 39.942, 36.202, 30.373, 23.787, 17.049, 9.541, 0.0, 11.865, 20.738, 24.47, 28.521, 34.772, 43.036, 51.662, 57.695, 60.674, 62.335, 63.639, 65.181, 66.925, 67.834, 67.964, 68.641, 70.038, 71.949, 73.866, 74.905, 76.279, 78.554, 80.528, 82.086, 82.623, 82.616, 83.719, 85.5, 86.922, 87.48, 88.059, 88.666, 89.18, 89.482, 90.004, 90.155, 89.907, 90.168, 90.012, 88.627, 85.743, 81.992, 78.972], [57.241, 57.175, 57.129, 57.675, 58.875, 60.021, 60.56, 61.612, 60.96, 58.143, 54.954, 53.152, 53.111, 53.691, 53.732, 53.836, 54.19, 54.947, 55.324, 55.012, 54.309, 52.437, 51.297, 52.131, 53.749, 54.196, 53.337, 52.228, 51.217, 50.49, 50.816, 51.109, 49.701, 48.894, 47.827, 45.658, 43.467, 40.527, 35.991, 30.805, 25.595, 19.88, 11.865, 0.0, 11.521, 19.683, 27.549, 36.082, 45.692, 55.12, 61.512, 64.64, 66.424, 67.773, 69.298, 71.084, 72.132, 72.255, 72.89, 74.416, 76.434, 78.327, 79.149, 80.287, 82.454, 84.336, 85.619, 85.907, 85.819, 86.911, 88.665, 89.945, 90.362, 90.848, 91.399, 91.888, 92.149, 92.662, 92.791, 92.453, 92.606, 92.352, 90.85, 87.768, 83.901, 80.884], [56.15, 56.441, 56.626, 56.955, 57.58, 58.329, 58.716, 59.667, 59.289, 57.231, 55.022, 53.73, 53.678, 53.901, 53.574, 53.49, 53.789, 54.352, 54.668, 54.404, 53.75, 52.052, 50.964, 51.635, 52.967, 53.187, 52.128, 50.917, 49.969, 49.253, 49.406, 49.428, 48.171, 47.922, 47.057, 44.729, 42.427, 40.021, 36.922, 33.586, 30.08, 26.265, 20.738, 11.521, 0.0, 11.743, 22.678, 32.831, 43.201, 53.082, 59.725, 63.001, 64.934, 66.299, 67.742, 69.444, 70.541, 70.677, 71.306, 72.959, 75.093, 77.0, 77.655, 78.549, 80.575, 82.348, 83.384, 83.505, 83.388, 84.508, 86.29, 87.48, 87.779, 88.172, 88.672, 89.138, 89.345, 89.853, 90.026, 89.669, 89.769, 89.485, 87.971, 84.858, 81.0, 78.032], [53.523, 53.908, 54.316, 54.446, 54.213, 54.085, 54.162, 54.698, 54.083, 52.468, 51.232, 50.759, 50.859, 50.861, 50.414, 50.318, 50.486, 50.817, 51.072, 50.83, 50.053, 48.355, 47.465, 48.044, 48.894, 48.626, 47.403, 46.16, 45.198, 44.453, 44.38, 44.126, 42.985, 43.056, 42.315, 39.777, 37.036, 34.578, 32.642, 31.241, 29.359, 27.259, 24.47, 19.683, 11.743, 0.0, 12.262, 23.517, 34.364, 44.486, 51.321, 54.741, 56.819, 58.21, 59.657, 61.406, 62.542, 62.699, 63.421, 65.194, 67.439, 69.443, 70.127, 70.892, 72.72, 74.333, 75.31, 75.478, 75.386, 76.545, 78.416, 79.676, 79.981, 80.319, 80.785, 81.261, 81.496, 82.044, 82.305, 82.084, 82.301, 82.106, 80.713, 77.821, 74.099, 71.141], [52.099, 52.293, 52.77, 52.707, 51.791, 51.056, 50.883, 50.766, 49.668, 48.265, 47.68, 47.867, 48.32, 48.546, 48.267, 48.237, 48.252, 48.404, 48.631, 48.404, 47.519, 45.832, 45.135, 45.604, 45.944, 45.075, 43.602, 42.295, 41.279, 40.484, 40.132, 39.666, 38.608, 38.597, 37.928, 35.446, 32.441, 29.928, 29.052, 29.294, 28.904, 28.583, 28.521, 27.549, 22.678, 12.262, 0.0, 11.874, 23.345, 33.973, 41.099, 44.569, 46.695, 48.187, 49.739, 51.631, 52.833, 53.043, 54.015, 56.06, 58.54, 60.727, 61.588, 62.405, 64.113, 65.619, 66.717, 67.094, 67.05, 68.206, 70.144, 71.522, 71.896, 72.222, 72.661, 73.175, 73.485, 74.126, 74.5, 74.477, 74.953, 74.971, 73.773, 71.165, 67.634, 64.707], [52.567, 52.502, 52.968, 52.69, 51.157, 49.992, 49.604, 48.651, 47.006, 45.776, 45.693, 46.339, 47.145, 47.821, 47.871, 47.94, 47.762, 47.617, 47.694, 47.465, 46.581, 45.069, 44.58, 44.869, 44.706, 43.262, 41.481, 40.049, 38.97, 38.104, 37.412, 36.735, 35.734, 35.392, 34.74, 32.59, 29.827, 27.778, 28.325, 30.176, 31.258, 32.68, 34.772, 36.082, 32.831, 23.517, 11.874, 0.0, 12.156, 23.597, 31.131, 34.595, 36.762, 38.48, 40.198, 42.194, 43.448, 43.733, 45.025, 47.477, 50.286, 52.68, 53.768, 54.728, 56.393, 57.896, 59.268, 59.976, 60.019, 61.125, 63.031, 64.457, 64.876, 65.204, 65.636, 66.2, 66.581, 67.319, 67.804, 67.963, 68.718, 69.033, 68.135, 65.904, 62.679, 59.884], [53.966, 53.697, 54.211, 53.715, 51.419, 49.479, 48.66, 46.735, 44.537, 43.67, 44.365, 45.597, 46.547, 47.36, 47.64, 47.814, 47.413, 46.832, 46.687, 46.493, 45.702, 44.57, 44.436, 44.489, 43.737, 41.796, 39.863, 38.436, 37.447, 36.603, 35.522, 34.589, 33.845, 33.358, 32.855, 31.088, 28.718, 27.506, 29.969, 33.777, 36.444, 39.406, 43.036, 45.692, 43.201, 34.364, 23.345, 12.156, 0.0, 12.046, 20.076, 23.762, 26.276, 28.316, 30.154, 32.148, 33.412, 33.859, 35.462, 38.219, 41.286, 43.832, 45.072, 46.06, 47.563, 49.111, 51.064, 52.355, 52.547, 53.618, 55.462, 56.896, 57.354, 57.671, 58.11, 58.736, 59.218, 60.058, 60.713, 61.111, 62.123, 62.828, 62.487, 61.03, 58.445, 55.931], [56.483, 56.093, 56.682, 55.967, 52.954, 50.285, 49.134, 46.379, 43.737, 43.374, 44.964, 46.801, 47.816, 48.624, 49.011, 49.229, 48.624, 47.681, 47.428, 47.33, 46.638, 45.893, 46.1, 45.904, 44.572, 42.275, 40.388, 39.089, 38.304, 37.656, 36.325, 35.157, 34.768, 34.336, 34.078, 32.771, 30.924, 30.621, 34.551, 39.643, 43.279, 47.141, 51.662, 55.12, 53.082, 44.486, 33.973, 23.597, 12.046, 0.0, 8.428, 12.773, 16.29, 18.745, 20.517, 22.447, 23.752, 24.286, 26.056, 28.887, 32.075, 34.686, 36.049, 37.038, 38.256, 39.844, 42.635, 44.709, 45.084, 46.137, 47.959, 49.472, 50.028, 50.337, 50.774, 51.453, 52.071, 53.035, 53.881, 54.552, 55.782, 56.845, 57.151, 56.769, 55.203, 53.186], [59.044, 58.633, 59.258, 58.369, 54.966, 52.099, 50.977, 47.832, 44.992, 44.978, 47.063, 49.17, 50.237, 51.111, 51.581, 51.823, 51.131, 50.055, 49.795, 49.759, 49.115, 48.573, 48.92, 48.546, 46.879, 44.387, 42.519, 41.267, 40.579, 40.101, 38.743, 37.487, 37.302, 36.938, 36.806, 35.886, 34.551, 34.873, 39.397, 44.834, 48.7, 52.831, 57.695, 61.512, 59.725, 51.321, 41.099, 31.131, 20.076, 8.428, 0.0, 5.334, 10.282, 13.074, 14.544, 16.358, 17.765, 18.123, 19.831, 22.69, 25.977, 28.578, 30.072, 31.169, 32.195, 33.791, 37.171, 39.793, 40.303, 41.316, 43.12, 44.76, 45.434, 45.755, 46.17, 46.868, 47.589, 48.642, 49.565, 50.378, 51.748, 52.992, 53.651, 53.979, 53.226, 51.698], [60.583, 60.13, 60.743, 59.789, 56.329, 53.61, 52.661, 49.429, 46.512, 46.56, 48.718, 50.848, 51.966, 52.931, 53.451, 53.717, 53.066, 52.177, 52.128, 52.141, 51.492, 50.981, 51.302, 50.852, 49.076, 46.47, 44.542, 43.308, 42.643, 42.222, 40.935, 39.771, 39.693, 39.3, 39.197, 38.571, 37.488, 37.947, 42.484, 47.809, 51.592, 55.714, 60.674, 64.64, 63.001, 54.741, 44.569, 34.595, 23.762, 12.773, 5.334, 0.0, 5.619, 8.866, 10.47, 12.535, 14.189, 14.561, 16.64, 19.953, 23.547, 26.217, 27.986, 29.335, 30.201, 31.561, 34.988, 37.785, 38.38, 39.349, 41.15, 42.914, 43.684, 44.04, 44.434, 45.14, 45.917, 47.021, 47.932, 48.769, 50.224, 51.542, 52.315, 52.878, 52.425, 51.12], [61.915, 61.375, 61.932, 60.97, 57.606, 55.098, 54.306, 51.114, 48.136, 48.068, 50.112, 52.202, 53.362, 54.381, 54.926, 55.217, 54.641, 54.04, 54.319, 54.409, 53.726, 53.167, 53.396, 52.908, 51.123, 48.464, 46.474, 45.224, 44.501, 44.043, 42.836, 41.862, 41.865, 41.363, 41.262, 40.903, 39.971, 40.342, 44.658, 49.707, 53.311, 57.343, 62.335, 66.424, 64.934, 56.819, 46.695, 36.762, 26.276, 16.29, 10.282, 5.619, 0.0, 3.94, 6.482, 9.487, 11.636, 12.527, 15.325, 18.982, 22.785, 25.587, 27.758, 29.426, 30.088, 31.008, 34.205, 37.021, 37.687, 38.623, 40.431, 42.324, 43.189, 43.586, 43.975, 44.697, 45.528, 46.678, 47.571, 48.405, 49.893, 51.234, 52.051, 52.68, 52.275, 51.016], [62.809, 62.252, 62.791, 61.792, 58.376, 55.854, 55.114, 51.932, 48.925, 48.88, 50.983, 53.124, 54.277, 55.247, 55.78, 56.088, 55.529, 54.992, 55.392, 55.547, 54.851, 54.291, 54.491, 53.94, 52.099, 49.412, 47.415, 46.135, 45.356, 44.873, 43.673, 42.738, 42.799, 42.312, 42.247, 42.035, 41.225, 41.688, 46.087, 51.102, 54.637, 58.628, 63.639, 67.773, 66.299, 58.21, 48.187, 38.48, 28.316, 18.745, 13.074, 8.866, 3.94, 0.0, 3.385, 7.34, 10.033, 11.352, 14.284, 17.794, 21.594, 24.46, 26.829, 28.601, 29.081, 29.735, 32.872, 35.76, 36.471, 37.405, 39.235, 41.211, 42.124, 42.514, 42.903, 43.639, 44.507, 45.673, 46.567, 47.417, 48.897, 50.239, 51.105, 51.845, 51.541, 50.348], [63.606, 63.059, 63.605, 62.543, 58.984, 56.358, 55.614, 52.351, 49.312, 49.393, 51.674, 53.902, 55.04, 55.963, 56.467, 56.755, 56.164, 55.561, 55.932, 56.103, 55.452, 55.037, 55.316, 54.697, 52.766, 50.052, 48.076, 46.802, 46.04, 45.584, 44.35, 43.34, 43.413, 42.948, 42.921, 42.754, 42.029, 42.706, 47.369, 52.512, 56.086, 60.122, 65.181, 69.298, 67.742, 59.657, 49.739, 40.198, 30.154, 20.517, 14.544, 10.47, 6.482, 3.385, 0.0, 4.594, 7.91, 9.416, 12.34, 15.823, 19.712, 22.627, 25.074, 26.867, 27.244, 27.873, 31.182, 34.226, 34.966, 35.918, 37.759, 39.758, 40.685, 41.065, 41.455, 42.184, 43.051, 44.22, 45.14, 46.005, 47.485, 48.864, 49.824, 50.754, 50.676, 49.62], [64.873, 64.325, 64.868, 63.774, 60.131, 57.392, 56.534, 53.064, 49.906, 50.024, 52.443, 54.757, 55.895, 56.768, 57.235, 57.506, 56.875, 56.183, 56.478, 56.623, 56.04, 55.956, 56.521, 55.887, 53.886, 51.173, 49.215, 47.951, 47.223, 46.78, 45.483, 44.415, 44.471, 43.855, 43.777, 43.612, 42.909, 43.697, 48.522, 53.805, 57.512, 61.713, 66.925, 71.084, 69.444, 61.406, 51.631, 42.194, 32.148, 22.447, 16.358, 12.535, 9.487, 7.34, 4.594, 0.0, 3.998, 6.422, 9.919, 13.656, 17.804, 20.825, 23.3, 25.038, 25.292, 25.984, 29.579, 32.859, 33.638, 34.609, 36.44, 38.41, 39.34, 39.719, 40.119, 40.845, 41.68, 42.856, 43.874, 44.79, 46.306, 47.823, 48.987, 50.116, 50.203, 49.234], [65.643, 65.07, 65.596, 64.532, 60.94, 58.178, 57.259, 53.717, 50.45, 50.471, 52.892, 55.243, 56.392, 57.255, 57.715, 57.986, 57.359, 56.68, 56.962, 57.085, 56.536, 56.653, 57.479, 56.938, 54.947, 52.249, 50.31, 49.054, 48.333, 47.901, 46.61, 45.548, 45.59, 44.844, 44.683, 44.466, 43.677, 44.357, 49.101, 54.4, 58.179, 62.485, 67.834, 72.132, 70.541, 62.542, 52.833, 43.448, 33.412, 23.752, 17.765, 14.189, 11.636, 10.033, 7.91, 3.998, 0.0, 4.255, 8.891, 13.012, 17.393, 20.561, 23.15, 24.894, 25.024, 25.656, 29.323, 32.702, 33.525, 34.529, 36.369, 38.34, 39.287, 39.679, 40.089, 40.797, 41.613, 42.79, 43.839, 44.787, 46.33, 47.923, 49.204, 50.442, 50.583, 49.607], [65.276, 64.767, 65.303, 64.146, 60.472, 57.874, 57.17, 53.713, 50.541, 50.645, 53.083, 55.403, 56.583, 57.536, 58.019, 58.263, 57.596, 56.865, 57.134, 57.279, 56.718, 56.762, 57.578, 57.088, 55.09, 52.345, 50.359, 49.062, 48.335, 47.966, 46.735, 45.61, 45.533, 44.742, 44.55, 44.338, 43.683, 44.594, 49.488, 54.742, 58.404, 62.638, 67.964, 72.255, 70.677, 62.699, 53.043, 43.733, 33.859, 24.286, 18.123, 14.561, 12.527, 11.352, 9.416, 6.422, 4.255, 0.0, 5.577, 10.95, 15.863, 19.052, 21.647, 23.593, 24.034, 24.963, 28.836, 32.28, 33.087, 34.062, 35.863, 37.865, 38.808, 39.202, 39.635, 40.276, 41.063, 42.214, 43.099, 43.897, 45.333, 46.784, 47.935, 49.173, 49.573, 48.848], [65.182, 64.786, 65.352, 64.045, 60.15, 57.572, 57.012, 53.544, 50.475, 50.767, 53.332, 55.681, 56.868, 57.856, 58.357, 58.589, 57.835, 56.889, 57.054, 57.232, 56.647, 56.642, 57.421, 56.874, 54.824, 52.091, 50.127, 48.8, 48.066, 47.739, 46.515, 45.281, 45.087, 44.278, 44.113, 44.003, 43.655, 45.009, 50.238, 55.542, 59.131, 63.332, 68.641, 72.89, 71.306, 63.421, 54.015, 45.025, 35.462, 26.056, 19.831, 16.64, 15.325, 14.284, 12.34, 9.919, 8.891, 5.577, 0.0, 6.588, 12.051, 15.243, 17.822, 19.985, 20.978, 22.813, 27.55, 31.301, 32.075, 32.967, 34.667, 36.656, 37.575, 37.931, 38.433, 39.067, 39.83, 40.919, 41.65, 42.274, 43.512, 44.867, 45.998, 47.274, 47.951, 47.548], [66.085, 65.721, 66.311, 64.999, 61.055, 58.363, 57.748, 54.201, 51.049, 51.324, 53.97, 56.399, 57.529, 58.449, 58.964, 59.206, 58.395, 57.296, 57.373, 57.554, 56.97, 57.014