[[0.0, 6.69, 14.882, 27.972, 33.489, 33.289, 34.344, 36.515, 38.345, 40.223, 41.483, 42.19, 42.703, 42.725, 45.451, 47.693, 48.244, 49.475, 49.515, 50.478, 50.574, 51.883, 52.27, 53.03, 52.236, 52.128, 51.79, 52.195, 52.875, 53.755, 55.054, 55.631, 57.044, 57.848, 57.307, 55.821, 53.993, 53.493, 53.296, 53.361, 54.79, 55.54, 54.849, 53.613, 51.267, 49.004, 48.872, 49.127, 48.245, 48.242, 49.641, 49.819, 50.415, 49.736, 49.692, 49.455, 49.819, 51.105, 51.334, 52.187, 52.017, 52.499, 55.337, 54.776, 54.078, 55.045, 54.799, 58.01, 58.742, 59.593, 61.476, 60.695, 59.992, 59.363, 57.423, 56.914, 58.489, 57.949, 57.816, 59.618, 59.009, 58.096, 57.739, 56.913, 56.962, 54.06], [6.69, 0.0, 10.398, 23.665, 29.512, 29.527, 31.211, 33.854, 35.976, 37.993, 39.334, 40.062, 40.673, 40.79, 43.097, 45.324, 45.839, 47.034, 47.047, 48.04, 48.406, 49.764, 50.536, 51.386, 50.624, 50.425, 50.177, 50.885, 51.756, 52.643, 53.815, 54.494, 55.816, 56.558, 55.963, 54.647, 53.375, 53.258, 53.129, 53.092, 54.263, 54.81, 54.164, 52.849, 50.366, 48.243, 48.118, 48.262, 47.302, 46.882, 48.423, 48.549, 49.013, 48.34, 48.237, 48.066, 48.316, 49.725, 49.957, 50.682, 50.5, 50.96, 53.709, 53.136, 52.443, 53.315, 53.11, 56.263, 56.957, 57.754, 59.503, 58.684, 58.073, 57.456, 55.512, 55.048, 56.603, 56.111, 55.992, 57.742, 57.178, 56.26, 55.878, 55.242, 55.386, 52.811], [14.882, 10.398, 0.0, 15.008, 21.949, 22.635, 25.973, 29.484, 31.934, 34.112, 35.541, 36.398, 37.272, 37.396, 39.216, 41.505, 41.69, 42.866, 42.729, 43.732, 44.477, 45.941, 46.983, 47.816, 47.111, 46.887, 46.708, 48.032, 49.146, 50.035, 51.169, 52.001, 53.276, 53.886, 53.406, 52.592, 52.351, 53.156, 53.283, 53.136, 54.093, 54.523, 53.917, 52.549, 49.998, 47.898, 47.7, 47.737, 46.845, 46.06, 47.984, 48.322, 48.675, 47.971, 47.715, 47.581, 47.776, 49.276, 49.395, 50.072, 49.925, 50.063, 52.528, 51.893, 51.351, 52.169, 51.875, 54.933, 55.248, 55.819, 57.466, 56.603, 56.126, 55.71, 53.867, 53.42, 55.027, 54.599, 54.474, 56.206, 55.74, 55.176, 54.915, 54.416, 54.529, 52.203], [27.972, 23.665, 15.008, 0.0, 8.424, 11.514, 19.094, 24.701, 28.667, 31.324, 32.259, 32.938, 34.009, 34.315, 34.712, 36.812, 36.763, 37.302, 37.078, 37.825, 39.147, 40.735, 43.084, 44.267, 43.6, 43.169, 43.184, 45.321, 46.821, 47.412, 48.099, 49.22, 50.139, 50.488, 50.154, 50.024, 51.435, 53.885, 54.644, 54.383, 54.897, 54.969, 54.362, 52.916, 50.47, 48.797, 48.471, 48.21, 47.507, 46.049, 48.075, 48.692, 48.706, 48.058, 47.604, 47.602, 47.583, 49.204, 49.213, 49.505, 49.436, 49.38, 51.204, 50.343, 49.963, 50.577, 50.317, 53.025, 53.101, 53.42, 54.585, 53.594, 53.527, 53.458, 51.798, 51.575, 53.118, 52.659, 52.499, 54.057, 53.896, 53.86, 53.578, 53.478, 53.65, 52.049], [33.489, 29.512, 21.949, 8.424, 0.0, 7.196, 17.851, 24.472, 29.411, 32.288, 32.604, 32.839, 33.855, 34.226, 33.917, 35.815, 35.732, 35.719, 35.557, 36.002, 37.453, 39.067, 42.046, 43.487, 42.864, 42.383, 42.441, 44.73, 46.308, 46.59, 46.885, 48.152, 48.831, 48.881, 48.555, 48.724, 50.742, 53.963, 55.265, 55.129, 55.474, 55.393, 54.738, 53.244, 50.928, 49.583, 49.238, 48.805, 48.32, 46.847, 48.85, 49.668, 49.499, 48.875, 48.346, 48.419, 48.413, 50.062, 49.995, 50.081, 50.111, 49.905, 51.15, 50.093, 49.779, 50.242, 49.963, 52.521, 52.637, 52.831, 53.682, 52.63, 52.745, 52.783, 51.169, 51.068, 52.577, 52.055, 51.844, 53.279, 53.201, 53.416, 53.067, 53.014, 53.091, 51.731], [33.289, 29.527, 22.635, 11.514, 7.196, 0.0, 11.991, 19.395, 25.003, 28.37, 28.99, 29.336, 30.189, 30.566, 30.474, 32.409, 32.578, 33.055, 33.028, 33.616, 35.068, 36.625, 40.035, 41.837, 41.174, 40.954, 41.163, 43.298, 44.78, 45.202, 45.271, 46.284, 47.047, 47.517, 47.534, 47.392, 48.977, 52.064, 53.459, 53.838, 54.746, 54.915, 54.258, 52.746, 50.417, 48.979, 48.715, 48.174, 47.488, 46.025, 47.906, 48.582, 48.364, 47.725, 47.317, 47.331, 47.124, 48.604, 48.639, 48.868, 48.89, 48.769, 50.304, 49.282, 49.015, 49.513, 49.175, 52.005, 52.14, 52.501, 53.453, 52.333, 52.418, 52.417, 50.81, 50.656, 52.228, 51.631, 51.408, 52.965, 52.873, 53.166, 52.756, 52.592, 52.819, 51.69], [34.344, 31.211, 25.973, 19.094, 17.851, 11.991, 0.0, 8.345, 15.54, 19.944, 21.164, 22.262, 23.004, 23.28, 23.943, 25.856, 26.415, 27.797, 27.95, 28.722, 29.876, 31.488, 35.295, 37.488, 36.718, 36.997, 37.557, 39.533, 40.937, 41.802, 41.914, 42.374, 43.318, 44.647, 45.29, 44.676, 45.44, 48.091, 49.257, 50.235, 52.407, 53.287, 52.654, 51.282, 49.108, 47.351, 47.184, 46.579, 45.507, 44.209, 45.713, 46.173, 46.064, 45.674, 45.867, 45.668, 45.335, 46.431, 46.611, 47.129, 47.014, 47.239, 49.65, 48.765, 48.612, 49.382, 49.038, 52.234, 52.345, 52.957, 54.076, 52.888, 53.081, 53.134, 51.618, 51.494, 53.093, 52.147, 51.925, 53.717, 53.591, 53.982, 53.456, 53.503, 54.304, 53.595], [36.515, 33.854, 29.484, 24.701, 24.472, 19.395, 8.345, 0.0, 8.316, 13.417, 15.326, 17.253, 18.127, 18.231, 19.578, 21.518, 22.37, 24.68, 24.912, 25.93, 27.021, 28.802, 32.565, 34.933, 34.116, 34.763, 35.444, 37.363, 38.888, 40.215, 40.506, 40.625, 41.646, 43.273, 44.169, 43.252, 43.461, 45.622, 46.525, 47.813, 50.698, 52.078, 51.573, 50.336, 48.268, 46.393, 46.32, 45.668, 44.299, 43.094, 44.252, 44.445, 44.452, 44.266, 44.908, 44.497, 44.11, 44.904, 45.201, 46.022, 45.811, 46.161, 49.14, 48.468, 48.437, 49.373, 48.96, 52.37, 52.471, 53.228, 54.483, 53.336, 53.546, 53.615, 52.192, 52.057, 53.647, 52.513, 52.296, 54.216, 54.056, 54.562, 54.077, 54.378, 55.787, 55.425], [38.345, 35.976, 31.934, 28.667, 29.411, 25.003, 15.54, 8.316, 0.0, 5.896, 10.11, 13.367, 14.593, 14.518, 16.624, 18.837, 19.749, 23.384, 23.553, 25.004, 26.61, 28.617, 31.985, 34.343, 33.501, 34.369, 34.991, 36.982, 38.8, 40.588, 41.133, 41.115, 42.197, 43.628, 44.478, 43.366, 43.112, 44.634, 45.203, 46.702, 49.835, 51.433, 51.11, 49.987, 47.931, 45.989, 46.0, 45.346, 43.703, 42.329, 43.25, 43.09, 43.218, 43.131, 43.932, 43.319, 42.773, 43.291, 43.659, 44.808, 44.506, 44.812, 48.38, 48.147, 48.247, 49.268, 48.657, 52.209, 52.257, 53.163, 54.684, 53.648, 53.759, 53.823, 52.505, 52.248, 53.892, 52.823, 52.635, 54.64, 54.504, 55.051, 54.691, 55.201, 57.181, 57.05], [40.223, 37.993, 34.112, 31.324, 32.288, 28.37, 19.944, 13.417, 5.896, 0.0, 6.322, 10.516, 12.117, 11.93, 14.419, 16.726, 17.613, 21.96, 22.09, 23.697, 25.616, 27.657, 30.752, 33.186, 32.316, 33.224, 33.81, 35.952, 38.032, 39.985, 40.656, 40.683, 41.745, 42.87, 43.649, 42.548, 42.13, 43.416, 43.89, 45.451, 48.551, 50.17, 49.953, 48.972, 47.104, 45.226, 45.264, 44.623, 42.828, 41.178, 41.859, 41.561, 41.74, 41.756, 42.633, 41.958, 41.509, 41.894, 42.21, 43.45, 43.063, 43.437, 47.481, 47.628, 47.867, 48.94, 48.276, 51.941, 51.977, 52.937, 54.569, 53.563, 53.651, 53.803, 52.611, 52.314, 54.001, 52.987, 52.817, 54.841, 54.735, 55.32, 55.09, 55.903, 58.241, 58.226], [41.483, 39.334, 35.541, 32.259, 32.604, 28.99, 21.164, 15.326, 10.11, 6.322, 0.0, 5.072, 7.575, 7.512, 10.605, 12.969, 13.963, 18.144, 18.359, 19.695, 21.458, 23.473, 26.599, 29.396, 28.44, 29.235, 29.836, 32.15, 34.484, 36.35, 37.048, 37.327, 38.32, 39.131, 39.859, 38.914, 38.645, 40.283, 41.063, 42.575, 45.512, 47.061, 46.813, 45.953, 44.566, 42.993, 43.017, 42.332, 40.58, 38.914, 39.404, 39.365, 39.543, 39.767, 40.821, 40.166, 40.275, 40.782, 40.908, 41.962, 41.564, 42.115, 46.237, 46.479, 46.806, 47.946, 47.392, 51.167, 51.321, 52.246, 53.77, 52.735, 52.958, 53.273, 52.141, 51.894, 53.565, 52.461, 52.251, 54.258, 54.185, 54.86, 54.678, 55.759, 58.177, 58.112], [42.19, 40.062, 36.398, 32.938, 32.839, 29.336, 22.262, 17.253, 13.367, 10.516, 5.072, 0.0, 3.727, 4.428, 7.895, 10.465, 11.725, 15.639, 16.073, 17.342, 19.196, 21.18, 24.75, 28.023, 26.974, 27.553, 28.087, 30.405, 32.948, 34.769, 35.378, 35.965, 36.924, 37.377, 37.888, 37.013, 36.888, 38.666, 39.673, 41.238, 43.89, 45.228, 44.965, 44.041, 42.858, 41.724, 41.827, 41.07, 39.36, 37.689, 38.091, 38.139, 38.228, 38.472, 39.525, 38.871, 39.193, 39.805, 39.867, 40.81, 40.521, 41.12, 44.968, 45.198, 45.556, 46.658, 46.218, 50.115, 50.461, 51.363, 52.776, 51.792, 52.131, 52.488, 51.324, 51.061, 52.692, 51.611, 51.372, 53.331, 53.295, 53.987, 53.799, 54.946, 57.407, 57.365], [42.703, 40.673, 37.272, 34.009, 33.855, 30.189, 23.004, 18.127, 14.593, 12.117, 7.575, 3.727, 0.0, 2.537, 6.584, 9.203, 10.895, 14.907, 15.745, 17.119, 19.069, 20.87, 25.085, 28.742, 27.603, 28.092, 28.702, 30.855, 33.348, 35.125, 35.622, 36.288, 37.236, 37.689, 38.201, 37.288, 37.096, 38.794, 39.825, 41.562, 44.237, 45.467, 45.188, 44.194, 43.02, 42.091, 42.292, 41.504, 39.72, 37.946, 38.212, 38.22, 38.24, 38.449, 39.407, 38.761, 38.945, 39.441, 39.573, 40.516, 40.291, 41.011, 44.744, 44.987, 45.338, 46.372, 46.029, 50.075, 50.591, 51.523, 52.885, 51.906, 52.282, 52.644, 51.483, 51.226, 52.805, 51.753, 51.493, 53.396, 53.382, 54.061, 53.878, 55.052, 57.553, 57.562], [42.725, 40.79, 37.396, 34.315, 34.226, 30.566, 23.28, 18.231, 14.518, 11.93, 7.512, 4.428, 2.537, 0.0, 6.278, 8.966, 10.374, 14.709, 15.53, 17.069, 18.759, 20.605, 24.599, 28.16, 27.055, 27.676, 28.231, 30.277, 32.729, 34.563, 35.089, 35.643, 36.633, 37.15, 37.73, 36.822, 36.557, 38.206, 39.22, 41.011, 43.867, 45.233, 44.935, 43.977, 42.801, 41.762, 41.932, 41.206, 39.455, 37.847, 38.209, 38.217, 38.297, 38.508, 39.594, 38.952, 39.182, 39.671, 39.806, 40.795, 40.541, 41.269, 45.094, 45.33, 45.71, 46.743, 46.344, 50.494, 51.033, 51.934, 53.313, 52.311, 52.615, 52.947, 51.798, 51.556, 53.168, 52.081, 51.846, 53.778, 53.747, 54.437, 54.245, 55.369, 57.858, 57.827], [45.451, 43.097, 39.216, 34.712, 33.917, 30.474, 23.943, 19.578, 16.624, 14.419, 10.605, 7.895, 6.584, 6.278, 0.0, 4.54, 6.789, 11.239, 12.37, 14.071, 17.003, 18.926, 24.234, 28.08, 27.065, 27.48, 28.06, 30.392, 33.109, 34.797, 34.923, 35.713, 36.394, 36.631, 37.121, 36.53, 37.304, 39.585, 40.738, 42.337, 44.685, 45.729, 45.549, 44.536, 43.26, 42.618, 42.821, 41.964, 40.32, 38.274, 38.636, 38.539, 38.339, 38.575, 39.466, 38.996, 39.1, 39.673, 39.839, 40.661, 40.51, 41.133, 44.492, 44.705, 45.144, 45.934, 45.552, 49.522, 50.174, 50.979, 52.005, 50.984, 51.472, 51.843, 50.732, 50.565, 52.085, 51.06, 50.845, 52.586, 52.632, 53.384, 53.136, 54.514, 57.164, 57.551], [47.693, 45.324, 41.505, 36.812, 35.815, 32.409, 25.856, 21.518, 18.837, 16.726, 12.969, 10.465, 9.203, 8.966, 4.54, 0.0, 5.001, 9.931, 11.159, 12.857, 15.612, 17.243, 22.765, 26.893, 25.924, 26.363, 26.945, 29.199, 31.963, 33.717, 33.706, 34.44, 34.984, 35.384, 36.043, 35.353, 36.314, 38.761, 39.967, 41.597, 43.897, 44.918, 44.775, 43.754, 42.594, 42.083, 42.286, 41.348, 39.733, 37.935, 38.345, 38.319, 38.071, 38.364, 39.462, 39.024, 39.448, 40.074, 40.174, 40.93, 40.858, 41.551, 44.673, 44.88, 45.357, 46.132, 45.812, 49.666, 50.309, 51.169, 52.05, 50.981, 51.597, 52.057, 51.051, 50.936, 52.365, 51.277, 51.102, 52.776, 52.881, 53.701, 53.361, 54.794, 57.44, 58.017], [48.244, 45.839, 41.69, 36.763, 35.732, 32.578, 26.415, 22.37, 19.749, 17.613, 13.963, 11.725, 10.895, 10.374, 6.789, 5.001, 0.0, 6.892, 8.072, 10.214, 13.529, 15.552, 21.151, 25.178, 24.214, 24.616, 25.342, 27.873, 30.723, 32.371, 32.418, 33.244, 33.838, 34.024, 34.79, 34.729, 36.105, 38.77, 40.014, 41.555, 43.9, 44.967, 44.73, 43.721, 42.49, 41.915, 42.093, 41.225, 39.696, 37.892, 38.769, 39.064, 38.955, 39.226, 40.337, 39.929, 40.457, 41.249, 41.174, 41.812, 41.776, 42.457, 45.408, 45.524, 46.057, 46.819, 46.423, 50.273, 50.859, 51.49, 52.324, 51.227, 51.852, 52.407, 51.406, 51.269, 52.721, 51.6, 51.457, 53.105, 53.216, 54.082, 53.794, 55.249, 57.748, 58.104], [49.475, 47.034, 42.866, 37.302, 35.719, 33.055, 27.797, 24.68, 23.384, 21.96, 18.144, 15.639, 14.907, 14.709, 11.239, 9.931, 6.892, 0.0, 3.64, 5.768, 9.751, 12.246, 19.384, 23.798, 22.796, 22.686, 23.56, 26.222, 29.188, 30.418, 30.287, 31.606, 32.053, 31.919, 32.596, 33.23, 35.508, 38.807, 40.278, 41.49, 43.44, 44.292, 44.022, 43.053, 41.968, 41.756, 41.929, 41.018, 39.803, 38.03, 38.917, 39.674, 39.551, 39.866, 40.981, 40.652, 41.355, 42.366, 42.123, 42.439, 42.546, 43.271, 45.545, 45.304, 45.798, 46.469, 46.182, 49.816, 50.556, 50.959, 51.374, 50.229, 51.101, 51.8, 50.789, 50.775, 52.048, 50.75, 50.574, 52.059, 52.177, 53.113, 52.775, 54.403, 56.765, 56.983], [49.515, 47.047, 42.729, 37.078, 35.557, 33.028, 27.95, 24.912, 23.553, 22.09, 18.359, 16.073, 15.745, 15.53, 12.37, 11.159, 8.072, 3.64, 0.0, 3.937, 8.515, 11.497, 18.557, 22.838, 21.922, 21.786, 22.619, 25.412, 28.461, 29.792, 29.77, 31.088, 31.539, 31.376, 31.996, 32.694, 35.149, 38.537, 39.977, 41.067, 42.95, 43.861, 43.605, 42.66, 41.549, 41.272, 41.446, 40.578, 39.448, 37.879, 39.012, 39.767, 39.746, 40.033, 41.273, 40.942, 41.714, 42.813, 42.54, 42.86, 42.981, 43.656, 45.884, 45.567, 46.08, 46.804, 46.478, 50.019, 50.677, 51.04, 51.455, 50.324, 51.186, 51.883, 50.857, 50.826, 52.118, 50.801, 50.67, 52.196, 52.321, 53.255, 52.888, 54.411, 56.674, 56.902], [50.478, 48.04, 43.732, 37.825, 36.002, 33.616, 28.722, 25.93, 25.004, 23.697, 19.695, 17.342, 17.119, 17.069, 14.071, 12.857, 10.214, 5.768, 3.937, 0.0, 6.64, 9.869, 17.648, 22.191, 21.249, 20.98, 21.917, 24.841, 27.872, 28.999, 28.994, 30.523, 30.886, 30.518, 31.176, 32.124, 34.842, 38.583, 40.176, 41.162, 42.946, 43.813, 43.525, 42.594, 41.624, 41.431, 41.595, 40.699, 39.619, 37.986, 39.055, 40.007, 39.979, 40.386, 41.622, 41.315, 42.189, 43.286, 42.929, 43.156, 43.304, 43.914, 45.98, 45.647, 46.141, 46.867, 46.564, 49.934, 50.529, 50.855, 51.19, 50.035, 51.02, 51.827, 50.809, 50.81, 52.094, 50.744, 50.569, 52.062, 52.184, 53.144, 52.767, 54.389, 56.606, 56.812], [50.574, 48.406, 44.477, 39.147, 37.453, 35.068, 29.876, 27.021, 26.61, 25.616, 21.458, 19.196, 19.069, 18.759, 17.003, 15.612, 13.529, 9.751, 8.515, 6.64, 0.0, 5.212, 14.111, 19.072, 18.202, 18.041, 18.919, 21.284, 24.07, 25.265, 25.397, 26.784, 27.262, 27.363, 28.347, 29.185, 31.763, 35.828, 37.545, 38.467, 40.605, 41.765, 41.399, 40.563, 39.84, 39.555, 39.668, 38.841, 37.842, 36.866, 38.013, 39.311, 39.47, 39.936, 41.791, 41.445, 42.662, 43.816, 43.401, 43.62, 43.774, 44.657, 46.751, 46.154, 46.651, 47.509, 47.286, 50.767, 51.369, 51.656, 51.905, 50.559, 51.465, 52.303, 51.327, 51.499, 52.704, 51.029, 50.877, 52.461, 52.562, 53.617, 53.186, 54.711, 56.72, 56.774], [51.883, 49.764, 45.941, 40.735, 39.067, 36.625, 31.488, 28.802, 28.617, 27.657, 23.473, 21.18, 20.87, 20.605, 18.926, 17.243, 15.552, 12.246, 11.497, 9.869, 5.212, 0.0, 11.781, 17.616, 16.836, 16.602, 17.678, 19.784, 22.118, 23.178, 23.106, 24.548, 24.965, 25.531, 27.039, 27.944, 30.705, 35.123, 36.978, 37.856, 39.832, 40.882, 40.606, 39.848, 39.354, 39.222, 39.344, 38.439, 37.333, 36.321, 37.463, 38.88, 38.997, 39.49, 41.371, 41.186, 42.833, 44.02, 43.539, 43.747, 43.892, 44.86, 46.974, 46.399, 46.878, 47.721, 47.563, 51.04, 51.567, 51.83, 52.024, 50.536, 51.364, 52.275, 51.443, 51.695, 52.812, 51.131, 50.98, 52.54, 52.67, 53.798, 53.473, 55.059, 57.017, 57.179], [52.27, 50.536, 46.983, 43.084, 42.046, 40.035, 35.295, 32.565, 31.985, 30.752, 26.599, 24.75, 25.085, 24.599, 24.234, 22.765, 21.151, 19.384, 18.557, 17.648, 14.111, 11.781, 0.0, 6.946, 6.795, 7.944, 9.087, 11.527, 13.751, 15.09, 15.959, 17.108, 17.546, 18.047, 20.228, 21.511, 24.167, 28.883, 30.869, 31.39, 33.583, 35.241, 35.107, 34.999, 35.383, 34.952, 35.011, 34.254, 33.57, 34.278, 36.025, 37.767, 38.281, 39.023, 41.405, 41.216, 44.769, 46.574, 45.764, 45.955, 45.929, 46.962, 49.587, 49.249, 49.784, 50.958, 50.684, 54.083, 54.311, 54.468, 54.911, 53.457, 54.014, 54.814, 54.048, 54.255, 55.416, 53.64, 53.547, 55.235, 55.225, 56.362, 56.035, 57.351, 59.17, 59.032], [53.03, 51.386, 47.816, 44.267, 43.487, 41.837, 37.488, 34.933, 34.343, 33.186, 29.396, 28.023, 28.742, 28.16, 28.08, 26.893, 25.178, 23.798, 22.838, 22.191, 19.072, 17.616, 6.946, 0.0, 3.396, 6.542, 7.444, 10.403, 12.488, 13.808, 15.207, 15.782, 16.099, 16.503, 18.804, 20.52, 23.353, 28.125, 29.975, 30.087, 32.38, 34.369, 34.26, 34.546, 35.207, 34.493, 34.49, 33.952, 33.668, 35.228, 37.427, 39.243, 39.956, 40.774, 43.33, 43.111, 47.274, 49.514, 48.638, 48.755, 48.617, 49.704, 52.524, 52.178, 52.756, 54.052, 53.68, 56.944, 57.047, 57.073, 57.557, 56.124, 56.562, 57.263, 56.527, 56.773, 57.968, 56.134, 56.097, 57.821, 57.764, 58.898, 58.504, 59.645, 61.319, 61.04], [52.236, 50.624, 47.111, 43.6, 42.864, 41.174, 36.718, 34.116, 33.501, 32.316, 28.44, 26.974, 27.603, 27.055, 27.065, 25.924, 24.214, 22.796, 21.922, 21.249, 18.202, 16.836, 6.795, 3.396, 0.0, 4.405, 6.249, 9.846, 12.263, 13.646, 15.326, 16.129, 16.634, 17.068, 19.41, 21.076, 23.511, 28.067, 29.843, 30.019, 32.319, 34.223, 34.028, 34.173, 34.727, 33.979, 34.013, 33.514, 33.074, 34.395, 36.427, 38.281, 38.996, 39.807, 42.269, 42.024, 46.149, 48.439, 47.657, 47.849, 47.724, 48.791, 51.627, 51.292, 51.874, 53.236, 52.881, 56.191, 56.308, 56.357, 56.906, 55.488, 55.944, 56.699, 55.992, 56.24, 57.469, 55.676, 55.618, 57.37, 57.317, 58.423, 58.079, 59.276, 60.991, 60.662], [52.128, 50.425, 46.887, 43.169, 42.383, 40.954, 36.997, 34.763, 34.369, 33.224, 29.235, 27.553, 28.092, 27.676, 27.48, 26.363, 24.616, 22.686, 21.786, 20.98, 18.041, 16.602, 7.944, 6.542, 4.405, 0.0, 4.228, 9.029, 11.955, 13.323, 15.303, 16.955, 17.494, 17.603, 19.476, 21.386, 24.183, 28.818, 30.545, 30.421, 32.104, 33.594, 33.37, 33.38, 33.94, 33.445, 33.504, 33.035, 32.595, 33.604, 35.624, 37.572, 38.234, 39.025, 41.359, 41.151, 45.308, 47.693, 46.921, 47.127, 47.086, 48.103, 50.701, 50.352, 50.878, 52.207, 51.932, 55.154, 55.321, 55.343, 55.836, 54.437, 54.955, 55.764, 55.053, 55.32, 56.509, 54.774, 54.704, 56.387, 56.369, 57.4, 57.088, 58.458, 60.207, 59.834], [51.79, 50.177, 46.708, 43.184, 42.441, 41.163, 37.557, 35.444, 34.991, 33.81, 29.836, 28.087, 28.702, 28.231, 28.06, 26.945, 25.342, 23.56, 22.619, 21.917, 18.919, 17.678, 9.087, 7.444, 6.249, 4.228, 0.0, 6.408, 10.263, 12.023, 14.296, 16.175, 16.82, 16.564, 18.06, 19.709, 22.541, 27.191, 28.959, 28.704, 30.18, 31.727, 31.528, 31.563, 32.227, 31.785, 31.802, 31.356, 31.145, 32.644, 34.782, 36.737, 37.436, 38.228, 40.731, 40.521, 44.831, 47.256, 46.462, 46.691, 46.758, 47.742, 50.192, 49.814, 50.328, 51.632, 51.349, 54.586, 54.81, 54.887, 55.369, 54.02, 54.522, 55.254, 54.504, 54.758, 55.942, 54.187, 54.162, 55.845, 55.833, 56.807, 56.357, 57.631, 59.388, 59.029], [52.195, 50.885, 48.032, 45.321, 44.73, 43.298, 39.533, 37.363, 36.982, 35.952, 32.15, 30.405, 30.855, 30.277, 30.392, 29.199, 27.873, 26.222, 25.412, 24.841, 21.284, 19.784, 11.527, 10.403, 9.846, 9.029, 6.408, 0.0, 5.183, 8.312, 11.504, 13.487, 14.433, 14.833, 16.442, 17.336, 19.426, 23.904, 25.733, 25.543, 27.281, 29.099, 28.932, 29.075, 30.072, 29.766, 29.774, 29.288, 29.245, 31.807, 34.041, 36.001, 36.771, 37.592, 40.533, 40.335, 44.895, 47.326, 46.576, 46.955, 47.128, 48.15, 50.396, 49.934, 50.332, 51.614, 51.284, 54.514, 54.894, 55.054, 55.529, 54.214, 54.645, 55.24, 54.436, 54.691, 55.784, 53.889, 53.88, 55.57, 55.563, 56.547, 55.976, 57.04, 58.766, 58.453], [52.875, 51.756, 49.146, 46.821, 46.308, 44.78, 40.937, 38.888, 38.8, 38.032, 34.484, 32.948, 33.348, 32.729, 33.109, 31.963, 30.723, 29.188, 28.461, 27.872, 24.07, 22.118, 13.751, 12.488, 12.263, 11.955, 10.263, 5.183, 0.0, 5.231, 9.522, 11.191, 12.58, 14.451, 16.884, 17.624, 19.194, 23.732, 25.627, 25.432, 27.458, 29.496, 29.307, 29.561, 30.699, 30.189, 30.118, 29.672, 29.74, 32.8, 35.244, 37.364, 38.166, 38.911, 41.898, 41.79, 46.469, 48.863, 48.113, 48.568, 48.741, 49.702, 51.874, 51.323, 51.646, 52.93, 52.573, 55.729, 56.003, 56.12, 56.646, 55.277, 55.594, 56.151, 55.338, 55.581, 56.636, 54.695, 54.686, 56.415, 56.409, 57.427, 56.865, 57.723, 59.202, 58.814], [53.755, 52.643, 50.035, 47.412, 46.59, 45.202, 41.802, 40.215, 40.588, 39.985, 36.35, 34.769, 35.125, 34.563, 34.797, 33.717, 32.371, 30.418, 29.792, 28.999, 25.265, 23.178, 15.09, 13.808, 13.646, 13.323, 12.023, 8.312, 5.231, 0.0, 6.151, 9.017, 10.24, 12.053, 15.345, 17.255, 19.439, 24.583, 26.899, 26.603, 28.389, 30.265, 29.905, 30.25, 31.508, 31.115, 30.996, 30.546, 30.801, 33.665, 36.084, 38.554, 39.351, 40.076, 42.851, 42.905, 47.73, 50.248, 49.371, 49.557, 49.759, 50.804, 52.869, 52.363, 52.705, 53.917, 53.608, 56.721, 57.029, 57.005, 57.434, 56.033, 56.425, 57.103, 56.309, 56.569, 57.603, 55.648, 55.634, 57.262, 57.229, 58.232, 57.683, 58.572, 59.839, 59.198], [55.054, 53.815, 51.169, 48.099, 46.885, 45.271, 41.914, 40.506, 41.133, 40.656, 37.048, 35.378, 35.622, 35.089, 34.923, 33.706, 32.418, 30.287, 29.77, 28.994, 25.397, 23.106, 15.959, 15.207, 15.326, 15.303, 14.296, 11.504, 9.522, 6.151, 0.0, 5.147, 6.372, 9.874, 14.181, 16.31, 19.581, 25.423, 28.152, 28.253, 29.996, 31.72, 31.475, 31.815, 32.91, 32.741, 32.663, 31.99, 32.199, 34.642, 37.023, 39.407, 40.028, 40.679, 43.314, 43.457, 48.165, 50.701, 49.823, 49.813, 50.008, 51.223, 53.302, 52.829, 53.345, 54.422, 54.139, 57.27, 57.658, 57.617, 57.797, 56.269, 56.65, 57.289, 56.517, 56.812, 57.787, 55.824, 55.851, 57.404, 57.367, 58.397, 57.801, 58.714, 59.935, 59.432], [55.631, 54.494, 52.001, 49.22, 48.152, 46.284, 42.374, 40.625, 41.115, 40.683, 37.327, 35.965, 36.288, 35.643, 35.713, 34.44, 33.244, 31.606, 31.088, 30.523, 26.784, 24.548, 17.108, 15.782, 16.129, 16.955, 16.175, 13.487, 11.191, 9.017, 5.147, 0.0, 3.862, 10.856, 15.785, 17.091, 19.643, 25.317, 27.999, 28.399, 30.903, 33.115, 32.935, 33.403, 34.399, 33.808, 33.659, 32.998, 33.07, 35.774, 38.239, 40.518, 41.201, 41.84, 44.66, 44.746, 49.355, 51.77, 50.963, 51.055, 51.14, 52.47, 54.866, 54.349, 54.96, 56.134, 55.763, 58.968, 59.282, 59.273, 59.505, 57.866, 58.074, 58.625, 57.887, 58.202, 59.195, 57.156, 57.228, 58.894, 58.861, 59.965, 59.381, 60.172, 61.34, 60.911], [57.044, 55.816, 53.276, 50.139, 48.831, 47.047, 43.318, 41.646, 42.197, 41.745, 38.32, 36.924, 37.236, 36.633, 36.394, 34.984, 33.838, 32.053, 31.539, 30.886, 27.262, 24.965, 17.546, 16.099, 16.634, 17.494, 16.82, 14.433, 12.58, 10.24, 6.372, 3.862, 0.0, 8.977, 14.529, 16.173, 19.563, 25.747, 28.615, 28.846, 31.002, 33.048, 32.949, 33.494, 34.609, 34.293, 34.176, 33.414, 33.517, 36.153, 38.552, 40.821, 41.433, 42.159, 44.984, 45.128, 49.889, 52.37, 51.556, 51.554, 51.631, 53.012, 55.319, 54.843, 55.457, 56.57, 56.24, 59.343, 59.695, 59.691, 59.808, 58.139, 58.398, 58.979, 58.295, 58.663, 59.589, 57.54, 57.615, 59.186, 59.152, 60.276, 59.691, 60.588, 61.805, 61.483], [57.848, 56.558, 53.886, 50.488, 48.881, 47.517, 44.647, 43.273, 43.628, 42.87, 39.131, 37.377, 37.689, 37.15, 36.631, 35.384, 34.024, 31.919, 31.376, 30.518, 27.363, 25.531, 18.047, 16.503, 17.068, 17.603, 16.564, 14.833, 14.451, 12.053, 9.874, 10.856, 8.977, 0.0, 7.206, 12.076, 17.082, 23.992, 27.383, 27.475, 28.917, 30.66, 30.463, 31.077, 32.407, 32.696, 32.739, 32.041, 32.537, 35.049, 37.319, 39.718, 40.367, 41.201, 43.885, 44.011, 48.937, 51.567, 50.568, 50.251, 50.373, 51.798, 53.956, 53.653, 54.41, 55.455, 55.184, 58.413, 59.019, 58.935, 58.966, 57.432, 57.852, 58.561, 57.887, 58.255, 59.214, 57.222, 57.296, 58.727, 58.654, 59.71, 59.085, 60.194, 61.62, 61.221], [57.307, 55.963, 53.406, 50.154, 48.555, 47.534, 45.29, 44.169, 44.478, 43.649, 39.859, 37.888, 38.201, 37.73, 37.121, 36.043, 34.79, 32.596, 31.996, 31.176, 28.347, 27.039, 20.228, 18.804, 19.41, 19.476, 18.06, 16.442, 16.884, 15.345, 14.181, 15.785, 14.529, 7.206, 0.0, 8.027, 14.763, 21.878, 25.383, 25.172, 25.845, 27.263, 27.099, 27.767, 29.271, 30.121, 30.331, 29.699, 30.711, 33.588, 35.931, 38.282, 38.929, 39.824, 42.528, 42.592, 47.589, 50.33, 49.295, 48.832, 49.005, 50.492, 52.544, 52.278, 53.028, 54.027, 53.789, 57.04, 58.082, 58.19, 58.139, 56.768, 57.304, 57.95, 57.203, 57.588, 58.505, 56.527, 56.612, 57.96, 57.874, 58.778, 57.993, 59.117, 60.64, 60.221], [55.821, 54.647, 52.592, 50.024, 48.724, 47.392, 44.676, 43.252, 43.366, 42.548, 38.914, 37.013, 37.288, 36.822, 36.53, 35.353, 34.729, 33.23, 32.694, 32.124, 29.185, 27.944, 21.511, 20.52, 21.076, 21.386, 19.709, 17.336, 17.624, 17.255, 16.31, 17.091, 16.173, 12.076, 8.027, 0.0, 9.2, 17.338, 21.021, 20.983, 21.886, 23.654, 23.779, 24.551, 26.334, 27.209, 27.446, 26.632, 27.893, 31.828, 34.087, 36.097, 36.719, 37.703, 40.777, 40.69, 45.794, 48.415, 47.638, 47.466, 47.597, 49.185, 51.519, 51.32, 51.953, 52.992, 52.758, 56.091, 57.387, 58.121, 58.241, 56.919, 57.39, 57.824, 57.037, 57.403, 58.271, 56.261, 56.342, 57.768, 57.7, 58.531, 57.559, 58.405, 60.02, 59.836], [53.993, 53.375, 52.351, 51.435, 50.742, 48.977, 45.44, 43.461, 43.112, 42.13, 38.645, 36.888, 37.096, 36.557, 37.304, 36.314, 36.105, 35.508, 35.149, 34.842, 31.763, 30.705, 24.167, 23.353, 23.511, 24.183, 22.541, 19.426, 19.194, 19.439, 19.581, 19.643, 19.563, 17.082, 14.763, 9.2, 0.0, 9.428, 14.103, 15.32, 18.193, 21.14, 21.01, 21.982, 24.109, 24.443, 24.768, 24.13, 25.292, 30.394, 32.266, 34.221, 35.166, 36.162, 39.613, 39.339, 44.61, 47.12, 46.421, 46.553, 46.645, 48.302, 51.132, 51.081, 51.651, 52.935, 52.682, 56.38, 57.733, 58.721, 59.377, 58.195, 58.456, 58.796, 58.01, 58.268, 59.257, 57.238, 57.318, 58.938, 58.823, 59.58, 58.661, 59.221, 60.878, 60.482], [53.493, 53.258, 53.156, 53.885, 53.963, 52.064, 48.091, 45.622, 44.634, 43.416, 40.283, 38.666, 38.794, 38.206, 39.585, 38.761, 38.77, 38.807, 38.537, 38.583, 35.828, 35.123, 28.883, 28.125, 28.067, 28.818, 27.191, 23.904, 23.732, 24.583, 25.423, 25.317, 25.747, 23.992, 21.878, 17.338, 9.428, 0.0, 6.13, 9.835, 14.877, 18.867, 18.583, 19.746, 21.935, 22.035, 22.698, 22.434, 23.491, 29.649, 31.215, 32.85, 34.124, 35.085, 38.824, 38.391, 43.845, 46.366, 45.629, 45.914, 46.121, 47.826, 50.858, 51.013, 51.532, 53.002, 52.79, 56.701, 58.309, 59.491, 60.479, 59.647, 59.892, 60.105, 59.325, 59.462, 60.504, 58.569, 58.69, 60.341, 60.145, 60.671, 59.743, 60.152, 61.957, 61.353], [53.296, 53.129, 53.283, 54.644, 55.265, 53.459, 49.257, 46.525, 45.203, 43.89, 41.063, 39.673, 39.825, 39.22, 40.738, 39.967, 40.014, 40.278, 39.977, 40.176, 37.545, 36.978, 30.869, 29.975, 29.843, 30.545, 28.959, 25.733, 25.627, 26.899, 28.152, 27.999, 28.615, 27.383, 25.383, 21.021, 14.103, 6.13, 0.0, 6.141, 13.04, 17.679, 17.469, 18.714, 20.72, 20.517, 21.311, 21.326, 22.367, 28.932, 30.449, 31.878, 33.328, 34.321, 38.226, 37.692, 43.153, 45.677, 44.947, 45.33, 45.557, 47.289, 50.472, 50.719, 51.202, 52.787, 52.671, 56.607, 58.308, 59.639, 60.721, 60.051, 60.45, 60.661, 59.888, 60.008, 61.039, 59.153, 59.299, 60.944, 60.742, 61.153, 60.186, 60.592, 62.5, 61.899], [53.361, 53.092, 53.136, 54.383, 55.129, 53.838, 50.235, 47.813, 46.702, 45.451, 42.575, 41.238, 41.562, 41.011, 42.337, 41.597, 41.555, 41.49, 41.067, 41.162, 38.467, 37.856, 31.39, 30.087, 30.019, 30.421, 28.704, 25.543, 25.432, 26.603, 28.253, 28.399, 28.846, 27.475, 25.172, 20.983, 15.32, 9.835, 6.141, 0.0, 8.51, 14.104, 14.071, 15.867, 18.528, 18.493, 19.206, 19.43, 20.919, 27.835, 29.535, 31.178, 32.705, 33.852, 37.832, 37.386, 43.23, 45.956, 45.196, 45.486, 45.685, 47.416, 50.529, 50.767, 51.163, 52.771, 52.77, 56.524, 58.234, 59.578, 60.598, 59.938, 60.452, 60.758, 59.998, 60.158, 61.123, 59.246, 59.399, 60.972, 60.78, 61.134, 60.178, 60.73, 62.612, 61.953], [54.79, 54.263, 54.093, 54.897, 55.474, 54.746, 52.407, 50.698, 49.835, 48.551, 45.512, 43.89, 44.237, 43.867, 44.685, 43.897, 43.9, 43.44, 42.95, 42.946, 40.605, 39.832, 33.583, 32.38, 32.319, 32.104, 30.18, 27.281, 27.458, 28.389, 29.996, 30.903, 31.002, 28.917, 25.845, 21.886, 18.193, 14.877, 13.04, 8.51, 0.0, 6.49, 7.523, 10.302, 14.496, 16.104, 16.97, 17.061, 19.148, 26.257, 28.098, 29.831, 31.172, 32.343, 36.083, 35.873, 42.457, 45.568, 44.708, 44.822, 45.129, 46.665, 49.222, 49.569, 49.856, 51.334, 51.429, 54.822, 56.635, 58.093, 58.995, 58.471, 59.116, 59.486, 58.875, 59.079, 59.875, 58.183, 58.355, 59.714, 59.554, 59.831, 58.924, 59.629, 61.535, 60.983], [55.54, 54.81, 54.523, 54.969, 55.393, 54.915, 53.287, 52.078, 51.433, 50.17, 47.061, 45.228, 45.467, 45.233, 45.729, 44.918, 44.967, 44.292, 43.861, 43.813, 41.765, 40.882, 35.241, 34.369, 34.223, 33.594, 31.727, 29.099, 29.496, 30.265, 31.72, 33.115, 33.048, 30.66, 27.263, 23.654, 21.14, 18.867, 17.679, 14.104, 6.49, 0.0, 3.76, 7.029, 12.189, 15.25, 16.266, 16.166, 18.397, 25.234, 27.246, 29.09, 30.186, 31.253, 34.582, 34.556, 41.479, 44.829, 43.885, 43.856, 44.264, 45.705, 47.797, 48.22, 48.423, 49.784, 49.978, 53.163, 55.08, 56.645, 57.471, 57.037, 57.79, 58.201, 57.742, 58.072, 58.755, 57.236, 57.41, 58.611, 58.502, 58.732, 57.884, 58.661, 60.494, 59.985], [54.849, 54.164, 53.917, 54.362, 54.738, 54.258, 52.654, 51.573, 51.11, 49.953, 46.813, 44.965, 45.188, 44.935, 45.549, 44.775, 44.73, 44.022, 43.605, 43.525, 41.399, 40.606, 35.107, 34.26, 34.028, 33.37, 31.528, 28.932, 29.307, 29.905, 31.475, 32.935, 32.949, 30.463, 27.099, 23.779, 21.01, 18.583, 17.469, 14.071, 7.523, 3.76, 0.0, 4.689, 10.737, 13.644, 14.613, 14.805, 17.445, 24.68, 26.909, 29.03, 30.198, 31.18, 34.458, 34.463, 41.333, 44.737, 43.705, 43.564, 44.02, 45.553, 47.658, 48.03, 48.234, 49.627, 49.882, 53.218, 55.177, 56.712, 57.592, 57.169, 57.96, 58.432, 57.937, 58.245, 59.025, 57.524, 57.694, 58.94, 58.861, 59.079, 58.219, 58.929, 60.591, 59.857], [53.613, 52.849, 52.549, 52.916, 53.244, 52.746, 51.282, 50.336, 49.987, 48.972, 45.953, 44.041, 44.194, 43.977, 44.536, 43.754, 43.721, 43.053, 42.66, 42.594, 40.563, 39.848, 34.999, 34.546, 34.173, 33.38, 31.563, 29.075, 29.561, 30.25, 31.815, 33.403, 33.494, 31.077, 27.767, 24.551, 21.982, 19.746, 18.714, 15.867, 10.302, 7.029, 4.689, 0.0, 7.069, 10.904, 12.101, 12.217, 14.945, 22.56, 25.197, 27.412, 28.469, 29.225, 32.413, 32.422, 39.202, 42.682, 41.687, 41.641, 42.262, 43.652, 45.348, 45.615, 45.775, 47.15, 47.499, 50.931, 52.969, 54.588, 55.523, 55.161, 56.033, 56.537, 56.016, 56.294, 57.092, 55.755, 55.963, 57.199, 57.167, 57.344, 56.487, 57.135, 58.728, 57.969], [51.267, 50.366, 49.998, 50.47, 50.928, 50.417, 49.108, 48.268, 47.931, 47.104, 44.566, 42.858, 43.02, 42.801, 43.26, 42.594, 42.49, 41.968, 41.549, 41.624, 39.84, 39.354, 35.383, 35.207, 34.727, 33.94, 32.227, 30.072, 30.699, 31.508, 32.91, 34.399, 34.609, 32.407, 29.271, 26.334, 24.109, 21.935, 20.72, 18.528, 14.496, 12.189, 10.737, 7.069, 0.0, 6.435, 8.723, 8.794, 11.286, 19.119, 22.712, 24.971, 26.012, 26.294, 29.287, 29.314, 35.77, 39.476, 38.534, 38.591, 39.408, 40.648, 41.921, 41.966, 42.211, 43.599, 43.942, 47.534, 49.719, 51.384, 52.406, 52.078, 52.941, 53.45, 52.92, 53.252, 54.092, 52.885, 53.274, 54.503, 54.45, 54.554, 53.782, 54.37, 55.882, 55.076], [49.004, 48.243, 47.898, 48.797, 49.583, 48.979, 47.351, 46.393, 45.989, 45.226, 42.993, 41.724, 42.091, 41.762, 42.618, 42.083, 41.915, 41.756, 41.272, 41.431, 39.555, 39.222, 34.952, 34.493, 33.979, 33.445, 31.785, 29.766, 30.189, 31.115, 32.741, 33.808, 34.293, 32.696, 30.121, 27.209, 24.443, 22.035, 20.517, 18.493, 16.104, 15.25, 13.644, 10.904, 6.435, 0.0, 3.782, 5.551, 8.904, 18.056, 22.194, 24.626, 25.927, 26.012, 28.96, 28.89, 35.247, 38.909, 37.961, 38.173, 38.85, 40.019, 41.768, 41.772, 42.091, 43.726, 43.97, 47.69, 49.593, 51.276, 52.54, 52.103, 52.771, 53.27, 52.741, 53.048, 54.087, 52.896, 53.318, 54.82, 54.778, 54.906, 54.186, 54.592, 55.918, 54.919], [48.872, 48.118, 47.7, 48.471, 49.238, 48.715, 47.184, 46.32, 46.0, 45.264, 43.017, 41.827, 42.292, 41.932, 42.821, 42.286, 42.093, 41.929, 41.446, 41.595, 39.668, 39.344, 35.011, 34.49, 34.013, 33.504, 31.802, 29.774, 30.118, 30.996, 32.663, 33.659, 34.176, 32.739, 30.331, 27.446, 24.768, 22.698, 21.311, 19.206, 16.97, 16.266, 14.613, 12.101, 8.723, 3.782, 0.0, 3.788, 8.636, 18.177, 22.4, 24.947, 26.263, 26.327, 29.24, 29.199, 35.511, 39.137, 38.155, 38.343, 38.959, 40.11, 41.99, 41.999, 42.232, 43.808, 44.005, 47.667, 49.453, 51.168, 52.459, 51.965, 52.599, 53.087, 52.543, 52.855, 53.94, 52.781, 53.2, 54.771, 54.884, 55.088, 54.32, 54.66, 55.908, 54.893], [49.127, 48.262, 47.737, 48.21, 48.805, 48.174, 46.579, 45.668, 45.346, 44.623, 42.332, 41.07, 41.504, 41.206, 41.964, 41.348, 41.225, 41.018, 40.578, 40.699, 38.841, 38.439, 34.254, 33.952, 33.514, 33.035, 31.356, 29.288, 29.672, 30.546, 31.99, 32.998, 33.414, 32.041, 29.699, 26.632, 24.13, 22.434, 21.326, 19.43, 17.061, 16.166, 14.805, 12.217, 8.794, 5.551, 3.788, 0.0, 6.78, 17.02, 21.332, 23.867, 25.07, 25.207, 28.209, 28.191, 34.6, 38.201, 37.229, 37.484, 38.133, 39.209, 40.967, 40.984, 41.165, 42.614, 42.733, 46.359, 48.179, 49.959, 51.21, 50.708, 51.384, 51.832, 51.281, 51.611, 52.629, 51.445, 51.86, 53.381, 53.55, 53.893, 53.158, 53.543, 54.914, 54.115], [48.245, 47.302, 46.845, 47.507, 48.32, 47.488, 45.507, 44.299, 43.703, 42.828, 40.58, 39.36, 39.72, 39.455, 40.32, 39.733, 39.696, 39.803, 39.448, 39.619, 37.842, 37.333, 33.57, 33.668, 33.074, 32.595, 31.145, 29.245, 29.74, 30.801, 32.199, 33.07, 33.517, 32.537, 30.711, 27.893, 25.292, 23.491, 22.367, 20.919, 19.148, 18.397, 17.445, 14.945, 11.286, 8.904, 8.636, 6.78, 0.0, 11.687, 16.659, 19.472, 20.875, 21.046, 24.431, 24.402, 30.978, 34.634, 33.762, 34.297, 34.981, 36.227, 38.28, 38.441, 38.693, 40.237, 40.311, 44.126, 45.916, 47.647, 49.082, 48.491, 49.0, 49.535, 49.112, 49.502, 50.54, 49.413, 49.892, 51.439, 51.561, 51.937, 51.732, 52.658, 54.325, 53.591], [48.242, 46.882, 46.06, 46.049, 46.847, 46.025, 44.209, 43.094, 42.329, 41.178, 38.914, 37.689, 37.946, 37.847, 38.274, 37.935, 37.892, 38.03, 37.879, 37.986, 36.866, 36.321, 34.278, 35.228, 34.395, 33.604, 32.644, 31.807, 32.8, 33.665, 34.642, 35.774, 36.153, 35.049, 33.588, 31.828, 30.394, 29.649, 28.932, 27.835, 26.257, 25.234, 24.68, 22.56, 19.119, 18.056, 18.177, 17.02, 11.687, 0.0, 8.277, 12.662, 14.118, 14.283, 17.136, 17.395, 23.643, 27.704, 26.873, 27.305, 28.101, 29.911, 32.705, 33.325, 33.853, 35.343, 35.487, 39.577, 41.535, 43.171, 44.678, 43.917, 44.394, 45.372, 45.195, 45.662, 46.783, 45.928, 46.5, 47.936, 48.099, 48.454, 49.084, 51.404, 53.662, 53.002], [49.641, 48.423, 47.984, 48.075, 48.85, 47.906, 45.713, 44.252, 43.25, 41.859, 39.404, 38.091, 38.212, 38.209, 38.636, 38.345, 38.769, 38.917, 39.012, 39.055, 38.013, 37.463, 36.025, 37.427, 36.427, 35.624, 34.782, 34.041, 35.244, 36.084, 37.023, 38.239, 38.552, 37.319, 35.931, 34.087, 32.266, 31.215, 30.449, 29.535, 28.098, 27.246, 26.909, 25.197, 22.712, 22.194, 22.4, 21.332, 16.659, 8.277, 0.0, 7.171, 9.277, 10.525, 13.926, 14.01, 20.521, 24.424, 23.788, 24.223, 24.871, 27.217, 30.854, 31.981, 32.623, 34.224, 34.514, 38.662, 40.875, 42.671, 44.084, 43.338, 43.944, 45.09, 45.019, 45.478, 46.52, 45.595, 46.037, 47.394, 47.472, 47.828, 48.584, 51.672, 54.859, 54.565], [49.819, 48.549, 48.322, 48.692, 49.668, 48.582, 46.173, 44.445, 43.09, 41.561, 39.365, 38.139, 38.22, 38.217, 38.539, 38.319, 39.064, 39.674, 39.767, 40.007, 39.311, 38.88, 37.767, 39.243, 38.281, 37.572, 36.737, 36.001, 37.364, 38.554, 39.407, 40.518, 40.821, 39.718, 38.282, 36.097, 34.221, 32.85, 31.878, 31.178, 29.831, 29.09, 29.03, 27.412, 24.971, 24.626, 24.947, 23.867, 19.472, 12.662, 7.171, 0.0, 3.722, 6.18, 11.115, 11.231, 18.038, 21.959, 21.769, 22.762, 23.092, 25.5, 29.888, 31.564, 32.234, 33.673, 33.864, 38.104, 40.519, 42.525, 43.979, 43.295, 43.739, 44.601, 44.422, 44.751, 45.852, 45.085, 45.53, 46.894, 46.939, 47.216, 47.934, 51.087, 55.067, 55.586], [50.415, 49.013, 48.675, 48.706, 49.499, 48.364, 46.064, 44.452, 43.218, 41.74, 39.543, 38.228, 38.24, 38.297, 38.339, 38.071, 38.955, 39.551, 39.746, 39.979, 39.47, 38.997, 38.281, 39.956, 38.996, 38.234, 37.436, 36.771, 38.166, 39.351, 40.028, 41.201, 41.433, 40.367, 38.929, 36.719, 35.166, 34.124, 33.328, 32.705, 31.172, 30.186, 30.198, 28.469, 26.012, 25.927, 26.263, 25.07, 20.875, 14.118, 9.277, 3.722, 0.0, 4.221, 9.389, 9.817, 16.712, 20.698, 20.66, 21.805, 22.199, 24.36, 28.477, 30.282, 30.969, 32.298, 32.532, 36.728, 39.255, 41.392, 42.797, 42.135, 42.622, 43.456, 43.298, 43.621, 44.712, 44.086, 44.527, 45.853, 45.928, 46.204, 46.954, 50.174, 54.332, 55.178], [49.736, 48.34, 47.971, 48.058, 48.875, 47.725, 45.674, 44.266, 43.131, 41.756, 39.767, 38.472, 38.449, 38.508, 38.575, 38.364, 39.226, 39.866, 40.033, 40.386, 39.936, 39.49, 39.023, 40.774, 39.807, 39.025, 38.228, 37.592, 38.911, 40.076, 40.679, 41.84, 42.159, 41.201, 39.824, 37.703, 36.162, 35.085, 34.321, 33.852, 32.343, 31.253, 31.18, 29.225, 26.294, 26.012, 26.327, 25.207, 21.046, 14.283, 10.525, 6.18, 4.221, 0.0, 6.766, 7.421, 14.467, 18.925, 18.855, 20.127, 20.806, 22.908, 26.745, 28.443, 29.197, 30.543, 30.882, 35.306, 37.856, 40.002, 41.529, 40.89, 41.278, 42.11, 41.959, 42.26, 43.405, 42.922, 43.447, 44.826, 44.956, 45.245, 46.119, 49.156, 53.189, 54.004], [49.692, 48.237, 47.715, 47.604, 48.346, 47.317, 45.867, 44.908, 43.932, 42.633, 40.821, 39.525, 39.407, 39.594, 39.466, 39.462, 40.337, 40.981, 41.273, 41.622, 41.791, 41.371, 41.405, 43.33, 42.269, 41.359, 40.731, 40.533, 41.898, 42.851, 43.314, 44.66, 44.984, 43.885, 42.528, 40.777, 39.613, 38.824, 38.226, 37.832, 36.083, 34.582, 34.458, 32.413, 29.287, 28.96, 29.24, 28.209, 24.431, 17.136, 13.926, 11.115, 9.389, 6.766, 0.0, 3.791, 11.667, 16.743, 16.669, 17.924, 18.759, 20.532, 24.458, 26.582, 27.433, 28.797, 29.265, 33.77, 36.447, 38.737, 40.428, 39.865, 40.235, 41.221, 41.208, 41.472, 42.743, 42.725, 43.209, 44.527, 44.708, 44.922, 46.022, 49.144, 53.118, 53.852], [49.455, 48.066, 47.581, 47.602, 48.419, 47.331, 45.668, 44.497, 43.319, 41.958, 40.166, 38.871, 38.761, 38.952, 38.996, 39.024, 39.929, 40.652, 40.942, 41.315, 41.445, 41.186, 41.216, 43.111, 42.024, 41.151, 40.521, 40.335, 41.79, 42.905, 43.457, 44.746, 45.128, 44.011, 42.592, 40.69, 39.339, 38.391, 37.692, 37.386, 35.873, 34.556, 34.463, 32.422, 29.314, 28.89, 29.199, 28.191, 24.402, 17.395, 14.01, 11.231, 9.817, 7.421, 3.791, 0.0, 10.133, 15.5, 15.519, 17.066, 17.924, 19.73, 23.834, 25.968, 26.926, 28.498, 28.954, 33.571, 36.262, 38.659, 40.412, 39.86, 40.239, 41.183, 41.165, 41.465, 42.805, 42.749, 43.216, 44.617, 44.791, 45.03, 46.061, 49.154, 53.2, 53.919], [49.819, 48.316, 47.776, 47.583, 48.413, 47.124, 45.335, 44.11, 42.773, 41.509, 40.275, 39.193, 38.945, 39.182, 39.1, 39.448, 40.457, 41.355, 41.714, 42.189, 42.662, 42.833, 44.769, 47.274, 46.149, 45.308, 44.831, 44.895, 46.469, 47.73, 48.165, 49.355, 49.889, 48.937, 47.589, 45.794, 44.61, 43.845, 43.153, 43.23, 42.457, 41.479, 41.333, 39.202, 35.77, 35.247, 35.511, 34.6, 30.978, 23.643, 20.521, 18.038, 16.712, 14.467, 11.667, 10.133, 0.0, 7.127, 8.959, 11.851, 13.462, 15.507, 20.048, 22.347, 23.58, 24.969, 25.515, 30.628, 33.741, 36.346, 38.216, 37.73, 38.065, 39.026, 38.936, 39.253, 40.718, 40.867, 41.357, 42.817, 43.199, 43.427, 44.656, 48.029, 52.41, 53.402], [51.105, 49.725, 49.276, 49.204, 50.062, 48.604, 46.431, 44.904, 43.291, 41.894, 40.782, 39.805, 39.441, 39.671, 39.673, 40.074, 41.249, 42.366, 42.813, 43.286, 43.816, 44.02, 46.574, 49.514, 48.439, 47.693, 47.256, 47.326, 48.863, 50.248, 50.701, 51.77, 52.37, 51.567, 50.33, 48.415, 47.12, 46.366, 45.677, 45.956, 45.568, 44.829, 44.737, 42.682, 39.476, 38.909, 39.137, 38.201, 34.634, 27.704, 24.424, 21.959, 20.698, 18.925, 16.743, 15.5, 7.127, 0.0, 5.452, 10.452, 12.089, 13.892, 19.318, 22.208, 23.473, 24.785, 25.322, 30.554, 33.7, 36.58, 38.59, 38.148, 38.472, 39.421, 39.291, 39.516, 40.972, 41.166, 41.517, 43.019, 43.469, 43.735, 45.099, 48.672, 53.34, 54.531], [51.334, 49.957, 49.395, 49.213, 49.995, 48.639, 46.611, 45.201, 43.659, 42.21, 40.908, 39.867, 39.573, 39.806, 39.839, 40.174, 41.174, 42.123, 42.54, 42.929, 43.401, 43.539, 45.764, 48.638, 47.657, 46.921, 46.462, 46.576, 48.113, 49.371, 49.823, 50.963, 51.556, 50.568, 49.295, 47.638, 46.421, 45.629, 44.947, 45.196, 44.708, 43.885, 43.705, 41.687, 38.534, 37.961, 38.155, 37.229, 33.762, 26.873, 23.788, 21.769, 20.66, 18.855, 16.669, 15.519, 8.959, 5.452, 0.0, 6.359, 8.75, 11.088, 17.51, 20.915, 22.323, 23.77, 24.276, 29.561, 32.684, 35.52, 37.615, 37.275, 37.809, 38.951, 38.895, 39.097, 40.596, 40.715, 41.072, 42.566, 43.011, 43.309, 44.678, 48.262, 52.777, 53.739], [52.187, 50.682, 50.072, 49.505, 50.081, 48.868, 47.129, 46.022, 44.808, 43.45, 41.962, 40.81, 40.516, 40.795, 40.661, 40.93, 41.812, 42.439, 42.86, 43.156, 43.62, 43.747, 45.955, 48.755, 47.849, 47.127, 4