[[0.0, 2.293, 3.09, 3.127, 3.647, 3.973, 6.769, 9.693, 10.904, 12.01, 10.036, 8.722, 13.121, 17.521, 15.464, 16.642, 19.204, 14.11, 3.8, 2.797, 2.881, 2.536, 2.981, 4.745, 4.952, 4.481, 2.646, 2.413, 3.58, 4.893, 5.285, 5.355, 4.278, 4.152, 2.812, 2.88, 2.843, 2.805, 2.837, 5.285, 5.636, 5.315, 6.618, 6.495, 6.563, 8.465, 9.847, 11.178, 10.248, 8.786, 9.792, 12.287, 12.652], [2.293, 0.0, 1.552, 1.863, 2.52, 2.911, 4.951, 7.802, 9.304, 10.351, 8.316, 7.14, 11.609, 15.852, 13.942, 15.05, 17.216, 12.195, 3.077, 2.547, 2.844, 3.483, 4.063, 6.347, 6.91, 6.344, 4.134, 3.529, 5.458, 6.567, 7.16, 7.202, 6.166, 5.759, 4.288, 4.579, 3.132, 2.864, 3.232, 5.829, 5.749, 6.388, 7.899, 7.786, 8.174, 10.517, 11.972, 13.314, 12.365, 10.836, 11.918, 14.399, 14.697], [3.09, 1.552, 0.0, 1.018, 1.938, 2.176, 3.874, 6.693, 8.155, 9.207, 7.203, 6.171, 10.668, 14.743, 12.816, 13.872, 16.263, 11.237, 3.416, 2.842, 3.214, 3.852, 4.726, 7.165, 7.665, 7.065, 4.905, 4.035, 6.206, 7.232, 7.952, 7.997, 6.99, 6.091, 4.468, 4.949, 3.12, 2.613, 3.057, 5.94, 5.907, 6.474, 7.903, 7.855, 8.724, 11.335, 12.841, 14.197, 13.254, 11.724, 12.787, 15.273, 15.579], [3.127, 1.863, 1.018, 0.0, 1.384, 1.604, 3.869, 6.686, 8.133, 9.16, 7.16, 6.146, 10.782, 14.762, 12.854, 13.875, 16.256, 11.234, 3.56, 3.117, 3.223, 3.776, 4.702, 7.163, 7.64, 7.042, 4.876, 4.001, 6.177, 7.126, 7.892, 7.968, 6.95, 6.007, 4.393, 4.921, 2.836, 2.357, 2.781, 5.535, 5.546, 5.923, 7.399, 7.516, 8.697, 11.298, 12.821, 14.179, 13.236, 11.698, 12.766, 15.253, 15.556], [3.647, 2.52, 1.938, 1.384, 0.0, 1.07, 3.429, 6.341, 7.725, 8.788, 6.771, 5.896, 10.403, 14.344, 12.443, 13.554, 15.775, 10.74, 3.47, 3.418, 2.945, 3.636, 4.82, 7.522, 8.053, 7.481, 5.197, 4.329, 6.61, 7.584, 8.309, 8.467, 7.376, 6.406, 4.595, 5.242, 2.631, 2.712, 3.024, 4.912, 5.141, 5.338, 7.13, 7.734, 9.097, 11.713, 13.255, 14.6, 13.655, 12.111, 13.203, 15.671, 15.967], [3.973, 2.911, 2.176, 1.604, 1.07, 0.0, 2.934, 5.847, 7.088, 8.166, 6.175, 5.395, 10.293, 13.801, 12.091, 13.033, 15.342, 10.42, 3.569, 3.504, 2.876, 3.911, 5.445, 8.027, 8.479, 7.878, 5.627, 4.762, 7.068, 7.953, 8.775, 8.951, 7.847, 6.878, 5.022, 5.679, 2.678, 2.861, 3.18, 4.996, 5.193, 5.47, 7.582, 8.205, 9.558, 12.174, 13.713, 15.054, 14.118, 12.562, 13.663, 16.134, 16.444], [6.769, 4.951, 3.874, 3.869, 3.429, 2.934, 0.0, 3.018, 4.712, 5.553, 3.954, 3.972, 8.738, 11.884, 10.462, 11.172, 12.525, 8.154, 4.099, 4.97, 4.637, 6.389, 8.126, 10.718, 11.286, 10.687, 8.409, 7.616, 9.895, 10.72, 11.616, 11.781, 10.713, 9.762, 7.904, 8.561, 5.105, 5.116, 5.588, 5.846, 5.565, 7.466, 10.029, 11.053, 12.423, 15.046, 16.568, 17.923, 16.98, 15.417, 16.496, 18.961, 19.251], [9.693, 7.802, 6.693, 6.686, 6.341, 5.847, 3.018, 0.0, 2.289, 2.999, 1.993, 2.813, 6.765, 9.807, 8.481, 9.193, 9.937, 6.209, 6.391, 7.772, 7.482, 9.289, 11.052, 13.625, 14.176, 13.59, 11.329, 10.521, 12.807, 13.625, 14.501, 14.576, 13.616, 12.644, 10.8, 11.462, 8.028, 8.027, 8.499, 7.331, 5.977, 9.984, 12.624, 13.888, 15.334, 17.941, 19.468, 20.815, 19.877, 18.322, 19.381, 21.846, 22.14], [10.904, 9.304, 8.155, 8.133, 7.725, 7.088, 4.712, 2.289, 0.0, 1.379, 1.454, 2.432, 5.031, 7.908, 6.66, 7.355, 8.759, 5.075, 7.74, 9.13, 8.551, 10.515, 12.45, 14.99, 15.456, 14.813, 12.602, 11.705, 13.96, 14.782, 15.644, 15.934, 14.77, 13.804, 11.854, 12.52, 9.013, 9.014, 9.484, 8.296, 6.864, 11.263, 13.92, 15.178, 16.448, 18.973, 20.507, 21.862, 20.961, 19.541, 20.53, 22.951, 23.339], [12.01, 10.351, 9.207, 9.16, 8.788, 8.166, 5.553, 2.999, 1.379, 0.0, 2.105, 3.423, 4.393, 6.999, 5.8, 6.491, 7.627, 4.136, 8.794, 10.237, 9.704, 11.632, 13.507, 16.04, 16.538, 15.938, 13.664, 12.843, 15.106, 15.901, 16.759, 17.044, 15.944, 14.972, 13.034, 13.693, 10.193, 10.217, 10.696, 9.452, 7.889, 12.343, 15.06, 16.319, 17.605, 20.178, 21.714, 23.065, 22.139, 20.675, 21.666, 24.11, 24.494], [10.036, 8.316, 7.203, 7.16, 6.771, 6.175, 3.954, 1.993, 1.454, 2.105, 0.0, 2.166, 5.094, 8.1, 6.726, 7.474, 9.242, 4.75, 6.799, 8.242, 7.783, 9.663, 11.495, 14.019, 14.55, 13.957, 11.699, 10.864, 13.147, 13.971, 14.855, 15.051, 13.991, 13.011, 11.14, 11.794, 8.312, 8.333, 8.804, 7.581, 6.063, 10.349, 13.079, 14.334, 15.666, 18.28, 19.814, 21.163, 20.232, 18.689, 19.747, 22.214, 22.534], [8.722, 7.14, 6.171, 6.146, 5.896, 5.395, 3.972, 2.813, 2.432, 3.423, 2.166, 0.0, 5.546, 9.191, 7.379, 8.088, 10.705, 5.757, 5.614, 6.972, 6.387, 8.327, 10.308, 12.869, 13.316, 12.639, 10.427, 9.541, 11.78, 12.66, 13.475, 13.778, 12.585, 11.624, 9.691, 10.348, 6.826, 6.862, 7.344, 6.124, 4.732, 9.11, 11.725, 12.989, 14.254, 16.856, 18.384, 19.742, 18.811, 17.365, 18.355, 20.811, 21.184], [13.121, 11.609, 10.668, 10.782, 10.403, 10.293, 8.738, 6.765, 5.031, 4.393, 5.094, 5.546, 0.0, 4.84, 2.832, 3.98, 6.501, 2.354, 10.144, 11.403, 10.753, 12.949, 14.915, 17.553, 17.908, 17.25, 15.012, 14.015, 16.207, 17.561, 17.949, 18.255, 16.726, 15.83, 14.054, 14.71, 11.086, 11.073, 11.555, 10.385, 8.889, 13.419, 15.952, 17.232, 18.567, 21.173, 22.699, 24.029, 23.11, 21.681, 22.764, 25.131, 25.419], [17.521, 15.852, 14.743, 14.762, 14.344, 13.801, 11.884, 9.807, 7.908, 6.999, 8.1, 9.191, 4.84, 0.0, 2.241, 1.609, 1.962, 4.415, 14.383, 15.746, 15.227, 17.197, 19.089, 21.66, 22.127, 21.523, 19.276, 18.347, 20.629, 21.494, 22.287, 22.577, 21.436, 20.472, 18.543, 19.2, 15.685, 15.712, 16.194, 14.932, 13.329, 17.841, 20.551, 21.812, 23.104, 25.691, 27.233, 28.582, 27.647, 26.187, 27.185, 29.671, 30.052], [15.464, 13.942, 12.816, 12.854, 12.443, 12.091, 10.462, 8.481, 6.66, 5.8, 6.726, 7.379, 2.832, 2.241, 0.0, 1.812, 4.002, 2.752, 12.45, 13.712, 13.201, 15.149, 17.15, 19.731, 20.085, 19.419, 17.225, 16.287, 18.611, 19.554, 20.261, 20.593, 19.29, 18.344, 16.416, 17.084, 13.545, 13.572, 14.051, 12.792, 11.299, 15.786, 18.406, 19.665, 20.991, 23.591, 25.15, 26.478, 25.525, 24.053, 25.118, 27.566, 27.958], [16.642, 15.05, 13.872, 13.875, 13.554, 13.033, 11.172, 9.193, 7.355, 6.491, 7.474, 8.088, 3.98, 1.609, 1.812, 0.0, 2.852, 3.585, 13.52, 14.884, 14.31, 16.258, 18.216, 20.774, 21.216, 20.566, 18.349, 17.454, 19.713, 20.593, 21.452, 21.688, 20.509, 19.55, 17.679, 18.336, 14.795, 14.823, 15.305, 14.05, 12.472, 16.998, 19.656, 20.922, 22.205, 24.826, 26.361, 27.721, 26.78, 25.296, 26.319, 28.794, 29.115], [19.204, 17.216, 16.263, 16.256, 15.775, 15.342, 12.525, 9.937, 8.759, 7.627, 9.242, 10.705, 6.501, 1.962, 4.002, 2.852, 0.0, 5.277, 15.815, 17.286, 16.98, 18.807, 20.48, 23.141, 23.695, 23.121, 20.844, 20.055, 22.34, 23.166, 24.033, 24.155, 23.145, 22.16, 20.34, 20.996, 17.525, 17.551, 18.023, 16.781, 14.915, 19.489, 22.162, 23.425, 24.852, 27.469, 29.002, 30.347, 29.41, 27.851, 28.924, 31.385, 31.674], [14.11, 12.195, 11.237, 11.234, 10.74, 10.42, 8.154, 6.209, 5.075, 4.136, 4.75, 5.757, 2.354, 4.415, 2.752, 3.585, 5.277, 0.0, 10.712, 12.24, 11.883, 13.707, 15.416, 18.024, 18.612, 18.055, 15.739, 14.955, 17.223, 18.138, 18.941, 19.117, 18.078, 17.1, 15.234, 15.889, 12.424, 12.446, 12.919, 11.679, 9.878, 14.395, 17.135, 18.399, 19.755, 22.37, 23.904, 25.254, 24.315, 22.733, 23.827, 26.274, 26.593], [3.8, 3.077, 3.416, 3.56, 3.47, 3.569, 4.099, 6.391, 7.74, 8.794, 6.799, 5.614, 10.144, 14.383, 12.45, 13.52, 15.815, 10.712, 0.0, 1.878, 2.336, 3.346, 5.068, 7.655, 8.148, 7.62, 5.275, 4.616, 6.659, 8.005, 8.656, 8.52, 7.548, 6.534, 4.726, 5.372, 2.569, 3.365, 3.645, 4.217, 3.68, 5.75, 7.77, 8.136, 9.194, 11.8, 13.302, 14.653, 13.71, 12.126, 13.24, 15.674, 15.944], [2.797, 2.547, 2.842, 3.117, 3.418, 3.504, 4.97, 7.772, 9.13, 10.237, 8.242, 6.972, 11.403, 15.746, 13.712, 14.884, 17.286, 12.24, 1.878, 0.0, 1.854, 2.159, 3.93, 6.355, 6.736, 6.125, 4.002, 3.462, 5.32, 6.792, 7.382, 7.139, 6.313, 5.326, 3.81, 4.248, 2.218, 2.828, 3.153, 4.414, 4.387, 5.461, 7.272, 7.377, 8.051, 10.469, 11.849, 13.178, 12.223, 10.676, 11.778, 14.215, 14.509], [2.881, 2.844, 3.214, 3.223, 2.945, 2.876, 4.637, 7.482, 8.551, 9.704, 7.783, 6.387, 10.753, 15.227, 13.201, 14.31, 16.98, 11.883, 2.336, 1.854, 0.0, 2.476, 4.405, 7.028, 7.375, 6.718, 4.507, 3.686, 5.712, 7.024, 7.394, 7.837, 6.323, 5.655, 3.896, 4.398, 1.995, 2.78, 3.02, 3.991, 4.484, 5.397, 7.348, 7.715, 8.313, 10.648, 12.132, 13.427, 12.539, 11.111, 12.205, 14.51, 14.88], [2.536, 3.483, 3.852, 3.776, 3.636, 3.911, 6.389, 9.289, 10.515, 11.632, 9.663, 8.327, 12.949, 17.197, 15.149, 16.258, 18.807, 13.707, 3.346, 2.159, 2.476, 0.0, 2.247, 4.68, 5.076, 4.408, 2.372, 2.025, 3.711, 5.072, 5.717, 5.583, 4.879, 4.013, 2.497, 2.825, 2.956, 3.512, 3.579, 4.499, 5.172, 4.13, 6.016, 6.148, 6.641, 9.03, 10.297, 11.605, 10.651, 9.086, 10.206, 12.645, 12.941], [2.981, 4.063, 4.726, 4.702, 4.82, 5.445, 8.126, 11.052, 12.45, 13.507, 11.495, 10.308, 14.915, 19.089, 17.15, 18.216, 20.48, 15.416, 5.068, 3.93, 4.405, 2.247, 0.0, 2.829, 3.361, 2.793, 1.664, 1.715, 2.526, 4.028, 4.682, 4.126, 3.994, 3.29, 2.531, 2.37, 4.765, 4.871, 4.885, 6.035, 6.816, 4.252, 5.136, 4.998, 5.311, 7.513, 8.667, 9.971, 9.009, 7.413, 8.53, 10.977, 11.237], [4.745, 6.347, 7.165, 7.163, 7.522, 8.027, 10.718, 13.625, 14.99, 16.04, 14.019, 12.869, 17.553, 21.66, 19.731, 20.774, 23.141, 18.024, 7.655, 6.355, 7.028, 4.68, 2.829, 0.0, 1.373, 1.089, 2.63, 3.64, 2.835, 3.175, 3.914, 3.323, 3.863, 3.838, 4.646, 4.075, 7.208, 7.336, 7.26, 8.304, 9.23, 5.516, 4.662, 4.333, 4.29, 5.729, 6.416, 7.509, 6.428, 4.882, 5.951, 8.417, 8.861], [4.952, 6.91, 7.665, 7.64, 8.053, 8.479, 11.286, 14.176, 15.456, 16.538, 14.55, 13.316, 17.908, 22.127, 20.085, 21.216, 23.695, 18.612, 8.148, 6.736, 7.375, 5.076, 3.361, 1.373, 0.0, 0.942, 2.977, 3.955, 2.475, 2.917, 3.444, 2.638, 3.181, 3.399, 4.67, 4.061, 7.39, 7.531, 7.357, 8.345, 9.442, 5.603, 4.635, 4.3, 4.197, 5.459, 6.157, 7.231, 5.933, 4.489, 5.545, 7.758, 8.111], [4.481, 6.344, 7.065, 7.042, 7.481, 7.878, 10.687, 13.59, 14.813, 15.938, 13.957, 12.639, 17.25, 21.523, 19.419, 20.566, 23.121, 18.055, 7.62, 6.125, 6.718, 4.408, 2.793, 1.089, 0.942, 0.0, 2.421, 3.334, 2.139, 2.863, 3.434, 2.711, 3.078, 3.137, 4.234, 3.634, 6.846, 6.953, 6.857, 7.897, 8.999, 5.268, 4.433, 4.193, 4.139, 5.534, 6.305, 7.51, 6.385, 4.826, 5.954, 8.349, 8.68], [2.646, 4.134, 4.905, 4.876, 5.197, 5.627, 8.409, 11.329, 12.602, 13.664, 11.699, 10.427, 15.012, 19.276, 17.225, 18.349, 20.844, 15.739, 5.275, 4.002, 4.507, 2.372, 1.664, 2.63, 2.977, 2.421, 0.0, 1.407, 2.003, 3.25, 3.811, 3.605, 3.075, 2.669, 2.59, 2.244, 4.714, 4.826, 4.783, 6.089, 6.873, 4.087, 5.063, 4.911, 5.046, 6.934, 8.266, 9.58, 8.637, 7.052, 8.174, 10.59, 10.911], [2.413, 3.529, 4.035, 4.001, 4.329, 4.762, 7.616, 10.521, 11.705, 12.843, 10.864, 9.541, 14.015, 18.347, 16.287, 17.454, 20.055, 14.955, 4.616, 3.462, 3.686, 2.025, 1.715, 3.64, 3.955, 3.334, 1.407, 0.0, 2.462, 3.798, 4.346, 4.373, 3.286, 2.567, 1.886, 1.743, 3.84, 3.831, 3.858, 5.388, 6.189, 3.636, 4.902, 4.761, 5.027, 7.509, 8.981, 10.354, 9.394, 7.867, 8.93, 11.41, 11.749], [3.58, 5.458, 6.206, 6.177, 6.61, 7.068, 9.895, 12.807, 13.96, 15.106, 13.147, 11.78, 16.207, 20.629, 18.611, 19.713, 22.34, 17.223, 6.659, 5.32, 5.712, 3.711, 2.526, 2.835, 2.475, 2.139, 2.003, 2.462, 0.0, 2.59, 2.962, 2.281, 1.919, 1.732, 3.046, 2.375, 5.637, 5.759, 5.66, 6.711, 7.825, 4.409, 4.383, 4.086, 3.691, 5.422, 6.698, 8.066, 7.115, 5.626, 6.648, 9.172, 9.497], [4.893, 6.567, 7.232, 7.126, 7.584, 7.953, 10.72, 13.625, 14.782, 15.901, 13.971, 12.66, 17.561, 21.494, 19.554, 20.593, 23.166, 18.138, 8.005, 6.792, 7.024, 5.072, 4.028, 3.175, 2.917, 2.863, 3.25, 3.798, 2.59, 0.0, 1.499, 2.046, 3.042, 3.775, 5.182, 4.651, 7.413, 7.454, 7.412, 8.973, 9.804, 6.705, 6.547, 6.243, 5.724, 6.108, 6.462, 7.468, 6.302, 4.959, 5.823, 8.282, 8.624], [5.285, 7.16, 7.952, 7.892, 8.309, 8.775, 11.616, 14.501, 15.644, 16.759, 14.855, 13.475, 17.949, 22.287, 20.261, 21.452, 24.033, 18.941, 8.656, 7.382, 7.394, 5.717, 4.682, 3.914, 3.444, 3.434, 3.811, 4.346, 2.962, 1.499, 0.0, 1.78, 2.963, 4.068, 5.448, 4.935, 7.79, 7.824, 7.814, 9.237, 10.141, 6.956, 6.518, 6.217, 5.625, 5.684, 5.84, 6.627, 5.452, 4.024, 5.007, 7.4, 7.783], [5.355, 7.202, 7.997, 7.968, 8.467, 8.951, 11.781, 14.576, 15.934, 17.044, 15.051, 13.778, 18.255, 22.577, 20.593, 21.688, 24.155, 19.117, 8.52, 7.139, 7.837, 5.583, 4.126, 3.323, 2.638, 2.711, 3.605, 4.373, 2.281, 2.046, 1.78, 0.0, 2.484, 3.447, 5.12, 4.471, 7.766, 7.899, 7.753, 8.823, 9.705, 6.199, 5.266, 4.927, 4.459, 4.421, 4.959, 6.307, 5.334, 3.861, 4.873, 7.349, 7.678], [4.278, 6.166, 6.99, 6.95, 7.376, 7.847, 10.713, 13.616, 14.77, 15.944, 13.991, 12.585, 16.726, 21.436, 19.29, 20.509, 23.145, 18.078, 7.548, 6.313, 6.323, 4.879, 3.994, 3.863, 3.181, 3.078, 3.075, 3.286, 1.919, 3.042, 2.963, 2.484, 0.0, 1.848, 3.537, 3.056, 5.946, 5.898, 5.558, 7.321, 8.59, 5.075, 4.2, 3.868, 3.391, 4.622, 6.215, 7.41, 6.487, 5.307, 6.288, 8.454, 8.909], [4.152, 5.759, 6.091, 6.007, 6.406, 6.878, 9.762, 12.644, 13.804, 14.972, 13.011, 11.624, 15.83, 20.472, 18.344, 19.55, 22.16, 17.1, 6.534, 5.326, 5.655, 4.013, 3.29, 3.838, 3.399, 3.137, 2.669, 2.567, 1.732, 3.775, 4.068, 3.447, 1.848, 0.0, 2.095, 1.768, 4.984, 5.04, 4.715, 5.837, 7.412, 3.448, 3.425, 3.139, 3.185, 5.479, 7.103, 8.347, 7.343, 6.256, 7.147, 9.404, 9.843], [2.812, 4.288, 4.468, 4.393, 4.595, 5.022, 7.904, 10.8, 11.854, 13.034, 11.14, 9.691, 14.054, 18.543, 16.416, 17.679, 20.34, 15.234, 4.726, 3.81, 3.896, 2.497, 2.531, 4.646, 4.67, 4.234, 2.59, 1.886, 3.046, 5.182, 5.448, 5.12, 3.537, 2.095, 0.0, 0.899, 3.117, 3.267, 3.03, 3.972, 5.6, 2.961, 4.153, 4.104, 4.727, 7.218, 8.763, 10.121, 9.181, 8.034, 8.837, 11.234, 11.724], [2.88, 4.579, 4.949, 4.921, 5.242, 5.679, 8.561, 11.462, 12.52, 13.693, 11.794, 10.348, 14.71, 19.2, 17.084, 18.336, 20.996, 15.889, 5.372, 4.248, 4.398, 2.825, 2.37, 4.075, 4.061, 3.634, 2.244, 1.743, 2.375, 4.651, 4.935, 4.471, 3.056, 1.768, 0.899, 0.0, 3.815, 3.896, 3.646, 4.575, 6.225, 3.113, 4.121, 3.951, 4.132, 6.554, 8.094, 9.451, 8.497, 7.413, 8.169, 10.557, 11.066], [2.843, 3.132, 3.12, 2.836, 2.631, 2.678, 5.105, 8.028, 9.013, 10.193, 8.312, 6.826, 11.086, 15.685, 13.545, 14.795, 17.525, 12.424, 2.569, 2.218, 1.995, 2.956, 4.765, 7.208, 7.39, 6.846, 4.714, 3.84, 5.637, 7.413, 7.79, 7.766, 5.946, 4.984, 3.117, 3.815, 0.0, 1.344, 1.431, 3.096, 3.964, 4.31, 6.106, 6.584, 7.764, 10.122, 11.696, 13.047, 12.158, 10.83, 11.923, 14.187, 14.639], [2.805, 2.864, 2.613, 2.357, 2.712, 2.861, 5.116, 8.027, 9.014, 10.217, 8.333, 6.862, 11.073, 15.712, 13.572, 14.823, 17.551, 12.446, 3.365, 2.828, 2.78, 3.512, 4.871, 7.336, 7.531, 6.953, 4.826, 3.831, 5.759, 7.454, 7.824, 7.899, 5.898, 5.04, 3.267, 3.896, 1.344, 0.0, 0.955, 4.172, 4.915, 4.783, 6.334, 6.606, 7.839, 10.178, 11.768, 13.087, 12.228, 10.922, 11.994, 14.204, 14.721], [2.837, 3.232, 3.057, 2.781, 3.024, 3.18, 5.588, 8.499, 9.484, 10.696, 8.804, 7.344, 11.555, 16.194, 14.051, 15.305, 18.023, 12.919, 3.645, 3.153, 3.02, 3.579, 4.885, 7.26, 7.357, 6.857, 4.783, 3.858, 5.66, 7.412, 7.814, 7.753, 5.558, 4.715, 3.03, 3.646, 1.431, 0.955, 0.0, 4.05, 4.947, 4.575, 6.073, 6.375, 7.57, 9.851, 11.495, 12.748, 11.895, 10.694, 11.693, 13.799, 14.406], [5.285, 5.829, 5.94, 5.535, 4.912, 4.996, 5.846, 7.331, 8.296, 9.452, 7.581, 6.124, 10.385, 14.932, 12.792, 14.05, 16.781, 11.679, 4.217, 4.414, 3.991, 4.499, 6.035, 8.304, 8.345, 7.897, 6.089, 5.388, 6.711, 8.973, 9.237, 8.823, 7.321, 5.837, 3.972, 4.575, 3.096, 4.172, 4.05, 0.0, 2.122, 3.256, 5.826, 7.096, 8.347, 10.826, 12.377, 13.774, 12.85, 11.67, 12.533, 14.915, 15.412], [5.636, 5.749, 5.907, 5.546, 5.141, 5.193, 5.565, 5.977, 6.864, 7.889, 6.063, 4.732, 8.889, 13.329, 11.299, 12.472, 14.915, 9.878, 3.68, 4.387, 4.484, 5.172, 6.816, 9.23, 9.442, 8.999, 6.873, 6.189, 7.825, 9.804, 10.141, 9.705, 8.59, 7.412, 5.6, 6.225, 3.964, 4.915, 4.947, 2.122, 0.0, 4.793, 7.392, 8.677, 10.09, 12.724, 14.252, 15.61, 14.669, 13.23, 14.222, 16.706, 17.064], [5.315, 6.388, 6.474, 5.923, 5.338, 5.47, 7.466, 9.984, 11.263, 12.343, 10.349, 9.11, 13.419, 17.841, 15.786, 16.998, 19.489, 14.395, 5.75, 5.461, 5.397, 4.13, 4.252, 5.516, 5.603, 5.268, 4.087, 3.636, 4.409, 6.705, 6.956, 6.199, 5.075, 3.448, 2.961, 3.113, 4.31, 4.783, 4.575, 3.256, 4.793, 0.0, 2.907, 4.122, 5.416, 8.081, 9.626, 10.944, 9.95, 8.819, 9.572, 12.191, 12.593], [6.618, 7.899, 7.903, 7.399, 7.13, 7.582, 10.029, 12.624, 13.92, 15.06, 13.079, 11.725, 15.952, 20.551, 18.406, 19.656, 22.162, 17.135, 7.77, 7.272, 7.348, 6.016, 5.136, 4.662, 4.635, 4.433, 5.063, 4.902, 4.383, 6.547, 6.518, 5.266, 4.2, 3.425, 4.153, 4.121, 6.106, 6.334, 6.073, 5.826, 7.392, 2.907, 0.0, 1.442, 2.776, 5.401, 6.947, 8.287, 7.332, 6.349, 7.033, 9.778, 10.312], [6.495, 7.786, 7.855, 7.516, 7.734, 8.205, 11.053, 13.888, 15.178, 16.319, 14.334, 12.989, 17.232, 21.812, 19.665, 20.922, 23.425, 18.399, 8.136, 7.377, 7.715, 6.148, 4.998, 4.333, 4.3, 4.193, 4.911, 4.761, 4.086, 6.243, 6.217, 4.927, 3.868, 3.139, 4.104, 3.951, 6.584, 6.606, 6.375, 7.096, 8.677, 4.122, 1.442, 0.0, 1.531, 4.106, 5.677, 7.029, 6.034, 5.261, 5.875, 8.722, 9.477], [6.563, 8.174, 8.724, 8.697, 9.097, 9.558, 12.423, 15.334, 16.448, 17.605, 15.666, 14.254, 18.567, 23.104, 20.991, 22.205, 24.852, 19.755, 9.194, 8.051, 8.313, 6.641, 5.311, 4.29, 4.197, 4.139, 5.046, 5.027, 3.691, 5.724, 5.625, 4.459, 3.391, 3.185, 4.727, 4.132, 7.764, 7.839, 7.57, 8.347, 10.09, 5.416, 2.776, 1.531, 0.0, 2.685, 4.217, 5.585, 4.612, 4.24, 4.67, 7.54, 8.528], [8.465, 10.517, 11.335, 11.298, 11.713, 12.174, 15.046, 17.941, 18.973, 20.178, 18.28, 16.856, 21.173, 25.691, 23.591, 24.826, 27.469, 22.37, 11.8, 10.469, 10.648, 9.03, 7.513, 5.729, 5.459, 5.534, 6.934, 7.509, 5.422, 6.108, 5.684, 4.421, 4.622, 5.479, 7.218, 6.554, 10.122, 10.178, 9.851, 10.826, 12.724, 8.081, 5.401, 4.106, 2.685, 0.0, 1.733, 3.068, 2.452, 3.215, 2.807, 5.806, 7.34], [9.847, 11.972, 12.841, 12.821, 13.255, 13.713, 16.568, 19.468, 20.507, 21.714, 19.814, 18.384, 22.699, 27.233, 25.15, 26.361, 29.002, 23.904, 13.302, 11.849, 12.132, 10.297, 8.667, 6.416, 6.157, 6.305, 8.266, 8.981, 6.698, 6.462, 5.84, 4.959, 6.215, 7.103, 8.763, 8.094, 11.696, 11.768, 11.495, 12.377, 14.252, 9.626, 6.947, 5.677, 4.217, 1.733, 0.0, 1.56, 1.951, 3.038, 2.073, 4.802, 6.399], [11.178, 13.314, 14.197, 14.179, 14.6, 15.054, 17.923, 20.815, 21.862, 23.065, 21.163, 19.742, 24.029, 28.582, 26.478, 27.721, 30.347, 25.254, 14.653, 13.178, 13.427, 11.605, 9.971, 7.509, 7.231, 7.51, 9.58, 10.354, 8.066, 7.468, 6.627, 6.307, 7.41, 8.347, 10.121, 9.451, 13.047, 13.087, 12.748, 13.774, 15.61, 10.944, 8.287, 7.029, 5.585, 3.068, 1.56, 0.0, 1.912, 3.164, 2.279, 3.681, 5.617], [10.248, 12.365, 13.254, 13.236, 13.655, 14.118, 16.98, 19.877, 20.961, 22.139, 20.232, 18.811, 23.11, 27.647, 25.525, 26.78, 29.41, 24.315, 13.71, 12.223, 12.539, 10.651, 9.009, 6.428, 5.933, 6.385, 8.637, 9.394, 7.115, 6.302, 5.452, 5.334, 6.487, 7.343, 9.181, 8.497, 12.158, 12.228, 11.895, 12.85, 14.669, 9.95, 7.332, 6.034, 4.612, 2.452, 1.951, 1.912, 0.0, 1.897, 1.728, 3.746, 5.289], [8.786, 10.836, 11.724, 11.698, 12.111, 12.562, 15.417, 18.322, 19.541, 20.675, 18.689, 17.365, 21.681, 26.187, 24.053, 25.296, 27.851, 22.733, 12.126, 10.676, 11.111, 9.086, 7.413, 4.882, 4.489, 4.826, 7.052, 7.867, 5.626, 4.959, 4.024, 3.861, 5.307, 6.256, 8.034, 7.413, 10.83, 10.922, 10.694, 11.67, 13.23, 8.819, 6.349, 5.261, 4.24, 3.215, 3.038, 3.164, 1.897, 0.0, 2.09, 4.088, 5.065], [9.792, 11.918, 12.787, 12.766, 13.203, 13.663, 16.496, 19.381, 20.53, 21.666, 19.747, 18.355, 22.764, 27.185, 25.118, 26.319, 28.924, 23.827, 13.24, 11.778, 12.205, 10.206, 8.53, 5.951, 5.545, 5.954, 8.174, 8.93, 6.648, 5.823, 5.007, 4.873, 6.288, 7.147, 8.837, 8.169, 11.923, 11.994, 11.693, 12.533, 14.222, 9.572, 7.033, 5.875, 4.67, 2.807, 2.073, 2.279, 1.728, 2.09, 0.0, 3.919, 5.345], [12.287, 14.399, 15.273, 15.253, 15.671, 16.134, 18.961, 21.846, 22.951, 24.11, 22.214, 20.811, 25.131, 29.671, 27.566, 28.794, 31.385, 26.274, 15.674, 14.215, 14.51, 12.645, 10.977, 8.417, 7.758, 8.349, 10.59, 11.41, 9.172, 8.282, 7.4, 7.349, 8.454, 9.404, 11.234, 10.557, 14.187, 14.204, 13.799, 14.915, 16.706, 12.191, 9.778, 8.722, 7.54, 5.806, 4.802, 3.681, 3.746, 4.088, 3.919, 0.0, 2.52], [12.652, 14.697, 15.579, 15.556, 15.967, 16.444, 19.251, 22.14, 23.339, 24.494, 22.534, 21.184, 25.419, 30.052, 27.958, 29.115, 31.674, 26.593, 15.944, 14.509, 14.88, 12.941, 11.237, 8.861, 8.111, 8.68, 10.911, 11.749, 9.497, 8.624, 7.783, 7.678, 8.909, 9.843, 11.724, 11.066, 14.639, 14.721, 14.406, 15.412, 17.064, 12.593, 10.312, 9.477, 8.528, 7.34, 6.399, 5.617, 5.289, 5.065, 5.345, 2.52, 0.0]]