[[0.0, 0.816, 1.172, 2.026, 2.668, 3.215, 3.523, 3.862, 4.207, 3.777, 3.643, 3.954, 4.074, 3.98, 3.682, 3.303, 2.787, 2.89, 3.229, 3.94, 4.66, 6.718, 9.031, 3.333, 3.958, 3.353, 4.364, 6.359, 7.929, 8.502, 8.732, 8.929, 9.135, 9.31, 9.397, 9.521, 9.918, 10.485, 10.847, 11.196, 11.746, 12.587, 13.281, 13.887, 14.319, 14.847, 15.362, 15.793, 16.195, 16.436, 16.502, 16.824, 16.707, 16.59, 16.49, 16.583, 16.683, 16.395, 15.161, 15.913, 15.847, 15.478, 14.929, 13.858, 13.589, 14.828, 16.2, 16.301, 16.182, 16.145, 16.22, 16.261, 16.397, 16.232, 16.364, 16.61, 16.453, 16.217, 16.564, 17.011, 17.172, 17.371, 17.611, 17.528, 17.557, 17.668, 17.336, 17.522, 17.617, 17.653, 17.656, 17.633, 17.594, 17.514, 17.31, 17.402, 17.158, 17.301, 17.358, 17.299, 17.175, 16.992, 16.874, 16.982, 17.526, 17.674, 17.708, 17.706, 17.705, 17.707, 17.692, 17.654, 17.556, 17.186, 17.233, 17.499, 17.649, 17.697, 17.703, 17.688, 17.657, 17.621, 17.606, 17.624, 17.647, 17.641, 17.605, 17.509, 17.177, 16.958, 17.292, 17.208, 17.397, 17.578, 17.645, 17.649, 17.614, 17.526, 17.344, 17.533, 17.491, 17.16, 17.056, 16.661, 17.332, 17.37, 17.337, 17.287, 17.2, 17.033, 16.95, 16.551, 16.394, 16.338, 16.316, 16.373, 16.489, 16.457, 16.174, 15.531, 14.749, 14.18, 13.866, 14.314, 15.145, 15.691, 16.17, 16.468, 16.453, 16.382, 16.504, 16.473, 16.683, 16.825, 17.002, 17.454, 17.291, 17.46, 17.539, 17.615, 17.677, 17.723, 17.751, 17.758, 17.752, 17.729, 17.616, 17.641, 17.614, 17.697, 17.723, 17.736, 17.713, 17.472, 17.438, 17.274, 17.28, 17.49, 17.556, 17.533, 17.369, 16.998, 17.211, 16.871, 17.073, 17.116, 17.017, 16.908, 16.969, 17.298, 17.436, 17.484, 17.495, 17.496, 17.491, 17.432, 17.472, 17.26, 17.032, 16.969, 17.006, 16.868, 16.508, 16.651, 16.503, 15.849, 16.486, 16.874, 16.596, 16.855], [0.816, 0.0, 1.111, 1.818, 2.86, 3.365, 3.732, 4.016, 4.315, 3.838, 3.649, 4.007, 4.156, 4.096, 3.791, 3.461, 3.125, 3.286, 3.516, 4.296, 5.096, 7.174, 9.443, 3.69, 3.95, 3.104, 3.856, 5.983, 7.533, 8.067, 8.346, 8.562, 8.765, 8.936, 9.021, 9.153, 9.523, 10.079, 10.448, 10.78, 11.324, 12.186, 12.874, 13.513, 13.929, 14.455, 14.982, 15.401, 15.802, 16.047, 16.115, 16.436, 16.323, 16.21, 16.105, 16.193, 16.296, 16.008, 14.777, 15.523, 15.456, 15.096, 14.482, 13.457, 13.204, 14.458, 15.808, 15.909, 15.791, 15.757, 15.831, 15.877, 16.019, 15.846, 15.981, 16.227, 16.066, 15.943, 16.152, 16.63, 16.798, 16.958, 17.197, 17.115, 17.144, 17.255, 16.935, 17.145, 17.237, 17.273, 17.275, 17.253, 17.212, 17.132, 16.953, 16.988, 16.743, 16.919, 16.977, 16.92, 16.793, 16.607, 16.461, 16.571, 17.145, 17.293, 17.328, 17.326, 17.324, 17.327, 17.313, 17.274, 17.177, 16.829, 16.877, 17.118, 17.268, 17.316, 17.324, 17.308, 17.276, 17.242, 17.227, 17.243, 17.266, 17.261, 17.224, 17.129, 16.762, 16.642, 16.873, 16.794, 17.016, 17.198, 17.264, 17.269, 17.233, 17.148, 16.97, 17.12, 17.078, 16.753, 16.674, 16.293, 16.949, 16.988, 16.958, 16.907, 16.816, 16.662, 16.536, 16.136, 16.024, 15.963, 15.94, 15.993, 16.112, 16.066, 15.78, 15.145, 14.325, 13.745, 13.461, 13.897, 14.727, 15.289, 15.78, 16.077, 16.061, 15.996, 16.125, 16.083, 16.306, 16.409, 16.616, 17.041, 16.917, 17.076, 17.158, 17.234, 17.298, 17.343, 17.371, 17.378, 17.371, 17.347, 17.234, 17.227, 17.233, 17.316, 17.343, 17.355, 17.331, 17.057, 17.061, 16.86, 16.906, 17.112, 17.176, 17.154, 16.99, 16.597, 16.856, 16.496, 16.703, 16.736, 16.639, 16.493, 16.591, 16.917, 17.054, 17.102, 17.115, 17.114, 17.11, 17.052, 17.057, 16.874, 16.654, 16.614, 16.593, 16.495, 16.222, 16.271, 16.127, 15.46, 16.106, 16.46, 16.182, 16.442], [1.172, 1.111, 0.0, 1.29, 2.423, 2.992, 3.321, 3.537, 3.695, 3.482, 3.372, 3.565, 3.522, 3.607, 3.246, 3.068, 2.695, 2.76, 2.951, 3.722, 4.459, 6.464, 8.797, 3.206, 3.8, 3.466, 4.611, 6.688, 8.156, 8.697, 8.972, 9.174, 9.374, 9.543, 9.631, 9.788, 10.134, 10.682, 11.017, 11.357, 11.933, 12.761, 13.467, 14.09, 14.517, 15.033, 15.539, 15.965, 16.366, 16.612, 16.673, 17.001, 16.881, 16.766, 16.659, 16.756, 16.875, 16.578, 15.352, 16.084, 16.019, 15.674, 15.085, 14.051, 13.806, 15.074, 16.374, 16.476, 16.359, 16.325, 16.393, 16.437, 16.571, 16.409, 16.541, 16.79, 16.625, 16.535, 16.699, 17.183, 17.385, 17.318, 17.558, 17.476, 17.504, 17.615, 17.523, 17.696, 17.791, 17.828, 17.83, 17.808, 17.767, 17.687, 17.541, 17.35, 17.107, 17.474, 17.534, 17.475, 17.348, 17.17, 16.934, 16.932, 17.701, 17.848, 17.883, 17.881, 17.88, 17.883, 17.868, 17.829, 17.736, 17.413, 17.272, 17.672, 17.823, 17.871, 17.879, 17.864, 17.833, 17.798, 17.782, 17.799, 17.822, 17.817, 17.78, 17.685, 17.275, 17.264, 17.238, 17.229, 17.571, 17.756, 17.82, 17.825, 17.788, 17.703, 17.558, 17.481, 17.439, 17.341, 17.23, 16.873, 17.505, 17.545, 17.514, 17.464, 17.378, 17.249, 16.904, 16.715, 16.567, 16.521, 16.5, 16.545, 16.668, 16.633, 16.345, 15.747, 14.871, 14.143, 14.069, 14.459, 15.296, 15.881, 16.357, 16.642, 16.626, 16.556, 16.676, 16.673, 16.896, 16.808, 17.177, 17.402, 17.505, 17.634, 17.716, 17.789, 17.852, 17.898, 17.926, 17.933, 17.927, 17.903, 17.79, 17.588, 17.788, 17.873, 17.898, 17.911, 17.887, 17.42, 17.612, 17.301, 17.494, 17.666, 17.731, 17.708, 17.544, 17.187, 17.25, 17.09, 17.247, 17.287, 17.189, 17.016, 17.181, 17.472, 17.611, 17.662, 17.672, 17.671, 17.668, 17.609, 17.419, 17.436, 17.204, 17.179, 17.029, 17.085, 16.815, 16.832, 16.681, 16.049, 16.664, 16.819, 16.747, 16.929], [2.026, 1.818, 1.29, 0.0, 1.574, 2.393, 2.405, 2.498, 2.841, 3.282, 3.054, 3.077, 2.812, 2.866, 2.73, 2.525, 2.514, 2.535, 2.406, 3.3, 4.211, 6.434, 8.869, 3.052, 3.617, 3.509, 4.778, 6.722, 8.165, 8.762, 8.99, 9.126, 9.301, 9.474, 9.547, 9.702, 10.039, 10.629, 10.978, 11.345, 11.879, 12.728, 13.432, 14.063, 14.494, 15.021, 15.525, 15.956, 16.365, 16.619, 16.701, 17.007, 16.913, 16.812, 16.692, 16.762, 16.86, 16.564, 15.334, 16.077, 16.008, 15.659, 15.021, 14.011, 13.779, 15.037, 16.37, 16.473, 16.358, 16.325, 16.407, 16.461, 16.612, 16.438, 16.574, 16.831, 16.677, 16.593, 16.737, 17.239, 17.427, 17.433, 17.672, 17.592, 17.62, 17.73, 17.563, 17.75, 17.845, 17.882, 17.885, 17.863, 17.822, 17.748, 17.579, 17.469, 17.223, 17.535, 17.589, 17.532, 17.404, 17.219, 16.984, 17.052, 17.758, 17.904, 17.939, 17.937, 17.936, 17.938, 17.923, 17.886, 17.79, 17.452, 17.373, 17.733, 17.879, 17.928, 17.935, 17.919, 17.888, 17.855, 17.837, 17.854, 17.878, 17.872, 17.835, 17.741, 17.325, 17.291, 17.356, 17.275, 17.629, 17.808, 17.876, 17.879, 17.844, 17.755, 17.602, 17.598, 17.556, 17.385, 17.286, 16.921, 17.564, 17.602, 17.569, 17.516, 17.425, 17.29, 17.011, 16.768, 16.63, 16.553, 16.535, 16.589, 16.701, 16.648, 16.341, 15.726, 14.842, 14.161, 14.01, 14.408, 15.247, 15.841, 16.343, 16.639, 16.644, 16.58, 16.711, 16.699, 16.926, 16.872, 17.216, 17.514, 17.548, 17.688, 17.768, 17.844, 17.906, 17.952, 17.98, 17.987, 17.982, 17.959, 17.85, 17.707, 17.849, 17.928, 17.954, 17.967, 17.943, 17.539, 17.669, 17.345, 17.536, 17.719, 17.784, 17.761, 17.594, 17.224, 17.35, 17.139, 17.311, 17.348, 17.244, 17.059, 17.226, 17.529, 17.666, 17.715, 17.726, 17.723, 17.723, 17.662, 17.538, 17.485, 17.261, 17.205, 17.068, 17.126, 16.876, 16.876, 16.731, 16.076, 16.714, 16.93, 16.786, 16.977], [2.668, 2.86, 2.423, 1.574, 0.0, 1.223, 1.39, 1.524, 1.793, 2.284, 2.15, 2.284, 2.005, 1.805, 1.741, 1.651, 1.975, 2.339, 2.322, 3.212, 4.189, 6.5, 8.954, 3.084, 2.981, 3.339, 4.813, 6.684, 8.066, 8.671, 8.83, 8.937, 9.087, 9.274, 9.365, 9.519, 9.861, 10.436, 10.831, 11.164, 11.704, 12.551, 13.249, 13.896, 14.331, 14.857, 15.367, 15.8, 16.222, 16.487, 16.57, 16.877, 16.803, 16.718, 16.582, 16.629, 16.686, 16.401, 15.174, 15.932, 15.867, 15.484, 14.804, 13.812, 13.598, 14.846, 16.217, 16.333, 16.222, 16.194, 16.275, 16.332, 16.487, 16.332, 16.487, 16.736, 16.588, 16.31, 16.69, 17.146, 17.313, 17.494, 17.732, 17.656, 17.683, 17.794, 17.46, 17.664, 17.762, 17.8, 17.803, 17.783, 17.743, 17.663, 17.458, 17.539, 17.296, 17.455, 17.519, 17.456, 17.331, 17.146, 17.019, 17.126, 17.683, 17.824, 17.865, 17.863, 17.862, 17.865, 17.853, 17.812, 17.714, 17.336, 17.376, 17.652, 17.803, 17.852, 17.861, 17.845, 17.812, 17.778, 17.764, 17.782, 17.804, 17.799, 17.762, 17.669, 17.32, 17.121, 17.428, 17.344, 17.549, 17.729, 17.795, 17.799, 17.763, 17.676, 17.496, 17.665, 17.622, 17.293, 17.198, 16.809, 17.48, 17.518, 17.487, 17.435, 17.344, 17.177, 17.075, 16.674, 16.52, 16.451, 16.427, 16.472, 16.569, 16.508, 16.2, 15.544, 14.731, 14.109, 13.769, 14.183, 15.041, 15.638, 16.182, 16.499, 16.509, 16.445, 16.585, 16.554, 16.796, 16.926, 17.125, 17.576, 17.436, 17.605, 17.689, 17.762, 17.825, 17.87, 17.895, 17.905, 17.901, 17.877, 17.765, 17.774, 17.762, 17.847, 17.875, 17.889, 17.862, 17.609, 17.588, 17.408, 17.428, 17.639, 17.697, 17.673, 17.509, 17.12, 17.345, 17.03, 17.226, 17.261, 17.166, 17.047, 17.124, 17.455, 17.588, 17.635, 17.65, 17.647, 17.644, 17.583, 17.608, 17.407, 17.18, 17.103, 17.132, 17.015, 16.646, 16.788, 16.634, 15.926, 16.608, 16.983, 16.71, 16.98], [3.215, 3.365, 2.992, 2.393, 1.223, 0.0, 0.734, 1.261, 1.569, 1.963, 2.085, 2.181, 1.772, 1.257, 1.182, 1.257, 1.756, 2.128, 2.116, 3.141, 4.352, 6.56, 9.005, 3.061, 2.39, 3.14, 4.541, 6.383, 7.868, 8.406, 8.658, 8.823, 9.005, 9.186, 9.251, 9.41, 9.781, 10.346, 10.706, 11.064, 11.582, 12.429, 13.14, 13.791, 14.21, 14.739, 15.281, 15.709, 16.141, 16.424, 16.511, 16.81, 16.76, 16.678, 16.535, 16.559, 16.573, 16.298, 15.06, 15.843, 15.778, 15.373, 14.729, 13.706, 13.484, 14.73, 16.129, 16.254, 16.146, 16.131, 16.214, 16.28, 16.441, 16.299, 16.446, 16.704, 16.55, 16.271, 16.67, 17.114, 17.259, 17.483, 17.719, 17.645, 17.674, 17.783, 17.448, 17.638, 17.735, 17.771, 17.775, 17.756, 17.715, 17.639, 17.44, 17.531, 17.286, 17.432, 17.492, 17.43, 17.305, 17.116, 17.011, 17.121, 17.658, 17.799, 17.839, 17.838, 17.837, 17.84, 17.826, 17.787, 17.689, 17.315, 17.187, 17.63, 17.778, 17.826, 17.835, 17.819, 17.785, 17.752, 17.739, 17.756, 17.779, 17.774, 17.736, 17.643, 17.312, 17.079, 17.418, 17.337, 17.521, 17.702, 17.769, 17.771, 17.736, 17.648, 17.46, 17.656, 17.613, 17.283, 17.174, 16.769, 17.451, 17.489, 17.46, 17.402, 17.313, 17.136, 17.065, 16.661, 16.498, 16.414, 16.385, 16.424, 16.518, 16.439, 16.119, 15.408, 14.631, 14.029, 13.645, 14.089, 14.94, 15.543, 16.07, 16.411, 16.438, 16.39, 16.54, 16.521, 16.724, 16.909, 17.089, 17.56, 17.398, 17.577, 17.659, 17.734, 17.797, 17.842, 17.867, 17.877, 17.872, 17.85, 17.74, 17.765, 17.738, 17.819, 17.848, 17.862, 17.836, 17.601, 17.562, 17.399, 17.393, 17.608, 17.667, 17.641, 17.476, 17.111, 17.155, 16.998, 17.198, 17.236, 17.141, 17.036, 17.089, 17.43, 17.564, 17.61, 17.622, 17.621, 17.618, 17.557, 17.6, 17.381, 17.152, 16.913, 17.12, 16.973, 16.541, 16.756, 16.598, 15.87, 16.567, 16.968, 16.69, 16.966], [3.523, 3.732, 3.321, 2.405, 1.39, 0.734, 0.0, 0.81, 1.329, 1.935, 2.085, 2.129, 1.677, 1.251, 1.318, 1.561, 2.197, 2.39, 2.323, 3.366, 4.48, 6.683, 9.039, 3.205, 2.44, 3.284, 4.623, 6.359, 7.915, 8.455, 8.666, 8.794, 8.956, 9.145, 9.208, 9.321, 9.699, 10.263, 10.661, 11.032, 11.514, 12.329, 13.019, 13.653, 14.087, 14.625, 15.16, 15.599, 16.029, 16.322, 16.412, 16.702, 16.664, 16.595, 16.439, 16.453, 16.454, 16.169, 14.938, 15.729, 15.657, 15.255, 14.647, 13.59, 13.361, 14.612, 16.01, 16.138, 16.034, 16.01, 16.114, 16.186, 16.343, 16.207, 16.359, 16.609, 16.465, 16.189, 16.624, 17.03, 17.183, 17.432, 17.667, 17.595, 17.623, 17.732, 17.397, 17.553, 17.655, 17.689, 17.694, 17.675, 17.633, 17.555, 17.349, 17.479, 17.236, 17.348, 17.408, 17.35, 17.224, 17.035, 16.957, 17.069, 17.576, 17.717, 17.757, 17.756, 17.755, 17.757, 17.744, 17.705, 17.609, 17.225, 17.139, 17.545, 17.695, 17.744, 17.753, 17.736, 17.703, 17.672, 17.656, 17.673, 17.697, 17.691, 17.654, 17.562, 17.259, 17.027, 17.368, 17.289, 17.439, 17.619, 17.687, 17.69, 17.654, 17.565, 17.378, 17.605, 17.562, 17.232, 17.095, 16.693, 17.368, 17.407, 17.378, 17.319, 17.227, 17.051, 17.008, 16.606, 16.401, 16.325, 16.293, 16.335, 16.412, 16.341, 16.002, 15.295, 14.551, 13.956, 13.544, 13.972, 14.83, 15.427, 15.948, 16.294, 16.331, 16.286, 16.44, 16.46, 16.636, 16.853, 17.01, 17.507, 17.315, 17.495, 17.576, 17.652, 17.716, 17.76, 17.785, 17.795, 17.79, 17.768, 17.656, 17.715, 17.655, 17.737, 17.766, 17.78, 17.754, 17.549, 17.474, 17.346, 17.329, 17.527, 17.584, 17.559, 17.397, 17.062, 17.107, 16.925, 17.116, 17.156, 17.06, 16.989, 17.004, 17.346, 17.485, 17.529, 17.541, 17.539, 17.536, 17.473, 17.549, 17.296, 17.071, 16.866, 17.073, 16.888, 16.503, 16.671, 16.508, 15.778, 16.484, 16.912, 16.629, 16.914], [3.862, 4.016, 3.537, 2.498, 1.524, 1.261, 0.81, 0.0, 0.991, 1.712, 1.914, 1.926, 1.619, 1.178, 1.35, 1.727, 2.576, 2.76, 2.645, 3.638, 4.591, 6.886, 9.278, 3.502, 2.43, 3.385, 4.758, 6.416, 7.786, 8.391, 8.591, 8.728, 8.847, 9.006, 9.097, 9.256, 9.621, 10.193, 10.555, 10.886, 11.351, 12.144, 12.842, 13.483, 13.919, 14.449, 14.986, 15.418, 15.856, 16.156, 16.244, 16.535, 16.502, 16.433, 16.274, 16.284, 16.283, 15.996, 14.771, 15.556, 15.485, 15.083, 14.372, 13.408, 13.196, 14.433, 15.839, 15.964, 15.864, 15.844, 15.948, 16.014, 16.183, 16.049, 16.199, 16.459, 16.304, 16.006, 16.365, 16.879, 17.021, 17.171, 17.407, 17.333, 17.362, 17.471, 17.195, 17.402, 17.504, 17.537, 17.541, 17.521, 17.481, 17.402, 17.195, 17.219, 16.979, 17.196, 17.257, 17.203, 17.074, 16.885, 16.701, 16.813, 17.426, 17.566, 17.607, 17.605, 17.604, 17.607, 17.593, 17.554, 17.461, 17.072, 16.982, 17.393, 17.544, 17.593, 17.601, 17.585, 17.551, 17.518, 17.506, 17.524, 17.546, 17.541, 17.504, 17.41, 17.002, 16.855, 17.109, 17.029, 17.287, 17.467, 17.534, 17.537, 17.5, 17.412, 17.244, 17.345, 17.302, 17.027, 16.937, 16.554, 17.216, 17.254, 17.223, 17.169, 17.074, 16.914, 16.748, 16.391, 16.243, 16.174, 16.136, 16.17, 16.248, 16.167, 15.831, 15.117, 14.266, 13.66, 13.34, 13.753, 14.62, 15.24, 15.775, 16.123, 16.16, 16.114, 16.285, 16.262, 16.477, 16.587, 16.85, 17.246, 17.18, 17.34, 17.424, 17.5, 17.562, 17.607, 17.632, 17.641, 17.637, 17.615, 17.502, 17.455, 17.501, 17.584, 17.613, 17.629, 17.602, 17.29, 17.324, 17.086, 17.171, 17.372, 17.433, 17.404, 17.243, 16.86, 16.95, 16.773, 16.961, 17.0, 16.909, 16.726, 16.872, 17.199, 17.332, 17.378, 17.39, 17.388, 17.387, 17.323, 17.29, 17.146, 16.919, 16.708, 16.807, 16.753, 16.316, 16.519, 16.347, 15.634, 16.331, 16.649, 16.39, 16.652], [4.207, 4.315, 3.695, 2.841, 1.793, 1.569, 1.329, 0.991, 0.0, 1.224, 1.441, 1.368, 1.12, 1.102, 1.211, 1.988, 3.041, 3.147, 2.842, 3.934, 4.983, 7.22, 9.576, 3.815, 2.075, 3.248, 4.634, 6.257, 7.52, 8.139, 8.31, 8.403, 8.509, 8.686, 8.785, 8.943, 9.282, 9.861, 10.212, 10.566, 11.043, 11.85, 12.564, 13.227, 13.654, 14.189, 14.726, 15.159, 15.602, 15.903, 15.999, 16.284, 16.257, 16.194, 16.035, 16.029, 16.015, 15.739, 14.504, 15.293, 15.225, 14.81, 14.091, 13.139, 12.922, 14.169, 15.575, 15.714, 15.611, 15.602, 15.694, 15.774, 15.946, 15.805, 15.952, 16.218, 16.059, 15.77, 16.157, 16.631, 16.781, 16.735, 16.972, 16.897, 16.926, 17.035, 16.984, 17.156, 17.255, 17.294, 17.297, 17.278, 17.238, 17.161, 16.959, 16.784, 16.543, 16.954, 17.014, 16.954, 16.829, 16.651, 16.426, 16.377, 17.185, 17.324, 17.364, 17.363, 17.362, 17.364, 17.351, 17.311, 17.213, 16.833, 16.522, 17.151, 17.301, 17.35, 17.359, 17.343, 17.309, 17.276, 17.262, 17.281, 17.303, 17.298, 17.261, 17.169, 16.762, 16.645, 16.678, 16.71, 17.048, 17.224, 17.291, 17.294, 17.26, 17.17, 16.976, 16.909, 16.868, 16.816, 16.692, 16.309, 16.97, 17.012, 16.982, 16.925, 16.835, 16.701, 16.361, 16.171, 15.996, 15.917, 15.89, 15.925, 15.998, 15.908, 15.58, 14.871, 14.007, 13.164, 13.031, 13.434, 14.309, 14.948, 15.519, 15.87, 15.906, 15.869, 16.029, 16.049, 16.238, 16.231, 16.61, 16.81, 16.967, 17.098, 17.181, 17.255, 17.319, 17.363, 17.387, 17.398, 17.393, 17.371, 17.261, 17.019, 17.258, 17.342, 17.371, 17.386, 17.359, 16.877, 17.077, 16.772, 16.959, 17.129, 17.186, 17.161, 16.999, 16.646, 16.495, 16.566, 16.718, 16.757, 16.661, 16.496, 16.661, 16.953, 17.087, 17.137, 17.148, 17.144, 17.142, 17.079, 16.855, 16.91, 16.671, 16.463, 16.488, 16.532, 16.105, 16.27, 16.105, 15.382, 16.078, 16.21, 16.18, 16.387], [3.777, 3.838, 3.482, 3.282, 2.284, 1.963, 1.935, 1.712, 1.224, 0.0, 0.804, 1.136, 1.493, 1.533, 1.479, 2.167, 3.138, 3.45, 3.489, 4.553, 5.671, 7.936, 10.248, 4.571, 1.296, 2.59, 3.961, 5.491, 6.729, 7.345, 7.555, 7.694, 7.814, 7.984, 8.072, 8.251, 8.616, 9.184, 9.559, 9.902, 10.422, 11.216, 11.932, 12.596, 13.031, 13.577, 14.123, 14.562, 15.014, 15.313, 15.409, 15.693, 15.662, 15.587, 15.434, 15.44, 15.397, 15.125, 13.909, 14.693, 14.625, 14.204, 13.489, 12.516, 12.31, 13.555, 14.973, 15.121, 15.025, 15.003, 15.098, 15.173, 15.342, 15.204, 15.354, 15.603, 15.472, 15.224, 15.557, 16.031, 16.218, 16.096, 16.306, 16.231, 16.261, 16.37, 16.389, 16.553, 16.651, 16.688, 16.692, 16.673, 16.632, 16.553, 16.352, 16.121, 15.877, 16.348, 16.412, 16.349, 16.226, 16.047, 15.828, 15.784, 16.579, 16.719, 16.759, 16.758, 16.756, 16.759, 16.747, 16.706, 16.612, 16.229, 16.005, 16.545, 16.696, 16.745, 16.754, 16.738, 16.705, 16.676, 16.657, 16.675, 16.699, 16.693, 16.657, 16.566, 16.166, 16.053, 16.007, 16.115, 16.44, 16.622, 16.685, 16.689, 16.657, 16.564, 16.44, 16.245, 16.204, 16.22, 16.084, 15.749, 16.363, 16.409, 16.378, 16.318, 16.227, 16.112, 15.768, 15.58, 15.392, 15.328, 15.296, 15.324, 15.401, 15.321, 14.977, 14.27, 13.412, 12.482, 12.457, 12.824, 13.685, 14.325, 14.907, 15.274, 15.319, 15.271, 15.424, 15.455, 15.674, 15.637, 15.999, 16.144, 16.372, 16.495, 16.576, 16.652, 16.713, 16.758, 16.783, 16.793, 16.788, 16.766, 16.654, 16.355, 16.653, 16.737, 16.766, 16.781, 16.754, 16.283, 16.472, 16.178, 16.366, 16.523, 16.583, 16.557, 16.392, 16.049, 15.988, 15.973, 16.113, 16.152, 16.064, 15.898, 16.066, 16.348, 16.482, 16.531, 16.542, 16.541, 16.542, 16.478, 16.191, 16.302, 16.072, 15.957, 15.892, 15.953, 15.567, 15.659, 15.499, 14.831, 15.484, 15.586, 15.584, 15.794], [3.643, 3.649, 3.372, 3.054, 2.15, 2.085, 2.085, 1.914, 1.441, 0.804, 0.0, 0.736, 1.333, 1.562, 1.585, 2.382, 3.424, 3.678, 3.603, 4.621, 5.808, 8.091, 10.395, 4.584, 1.21, 2.456, 3.793, 5.409, 6.656, 7.245, 7.39, 7.513, 7.652, 7.817, 7.956, 8.134, 8.484, 9.05, 9.381, 9.713, 10.254, 11.109, 11.818, 12.477, 12.912, 13.452, 13.998, 14.434, 14.875, 15.177, 15.26, 15.556, 15.519, 15.447, 15.289, 15.305, 15.281, 15.004, 13.782, 14.567, 14.505, 14.078, 13.366, 12.389, 12.192, 13.437, 14.852, 14.991, 14.89, 14.869, 14.963, 15.032, 15.194, 15.056, 15.209, 15.467, 15.31, 15.047, 15.42, 15.88, 16.045, 15.958, 16.125, 16.05, 16.079, 16.188, 16.25, 16.408, 16.506, 16.542, 16.547, 16.527, 16.487, 16.409, 16.204, 15.939, 15.71, 16.203, 16.265, 16.204, 16.083, 15.892, 15.69, 15.641, 16.433, 16.574, 16.615, 16.613, 16.612, 16.614, 16.601, 16.561, 16.464, 16.08, 15.839, 16.403, 16.553, 16.601, 16.609, 16.593, 16.559, 16.526, 16.513, 16.53, 16.553, 16.548, 16.511, 16.418, 16.028, 15.915, 15.828, 15.977, 16.295, 16.475, 16.541, 16.545, 16.508, 16.426, 16.287, 16.063, 16.021, 16.081, 15.94, 15.616, 16.219, 16.26, 16.231, 16.173, 16.079, 15.968, 15.629, 15.436, 15.248, 15.175, 15.148, 15.176, 15.266, 15.192, 14.853, 14.13, 13.285, 12.367, 12.302, 12.692, 13.556, 14.215, 14.79, 15.139, 15.184, 15.134, 15.292, 15.319, 15.497, 15.503, 15.853, 15.962, 16.234, 16.347, 16.429, 16.505, 16.568, 16.613, 16.637, 16.647, 16.643, 16.62, 16.51, 16.173, 16.51, 16.592, 16.621, 16.636, 16.609, 16.144, 16.327, 16.037, 16.225, 16.384, 16.436, 16.409, 16.246, 15.909, 15.821, 15.83, 15.971, 16.005, 15.914, 15.761, 15.929, 16.204, 16.339, 16.385, 16.396, 16.394, 16.393, 16.329, 16.009, 16.153, 15.93, 15.79, 15.756, 15.807, 15.403, 15.526, 15.364, 14.691, 15.325, 15.445, 15.446, 15.651], [3.954, 4.007, 3.565, 3.077, 2.284, 2.181, 2.129, 1.926, 1.368, 1.136, 0.736, 0.0, 1.051, 1.537, 1.558, 2.368, 3.534, 3.721, 3.497, 4.45, 5.619, 7.916, 10.246, 4.446, 1.411, 2.846, 4.156, 5.732, 7.015, 7.585, 7.772, 7.876, 8.0, 8.15, 8.259, 8.42, 8.772, 9.324, 9.653, 9.995, 10.548, 11.375, 12.085, 12.746, 13.188, 13.725, 14.263, 14.694, 15.135, 15.427, 15.51, 15.812, 15.774, 15.695, 15.539, 15.56, 15.547, 15.272, 14.054, 14.832, 14.765, 14.35, 13.651, 12.652, 12.47, 13.698, 15.108, 15.25, 15.149, 15.129, 15.216, 15.282, 15.445, 15.314, 15.459, 15.724, 15.564, 15.273, 15.687, 16.132, 16.276, 16.223, 16.294, 16.292, 16.295, 16.357, 16.516, 16.657, 16.758, 16.795, 16.799, 16.779, 16.738, 16.659, 16.456, 16.107, 15.976, 16.456, 16.516, 16.46, 16.335, 16.144, 15.958, 15.91, 16.686, 16.825, 16.865, 16.864, 16.863, 16.865, 16.852, 16.812, 16.718, 16.332, 16.056, 16.653, 16.804, 16.852, 16.86, 16.844, 16.811, 16.776, 16.765, 16.781, 16.804, 16.799, 16.762, 16.67, 16.294, 16.185, 16.021, 16.245, 16.547, 16.727, 16.792, 16.795, 16.761, 16.672, 16.49, 16.233, 16.19, 16.347, 16.195, 15.835, 16.471, 16.51, 16.483, 16.423, 16.331, 16.233, 15.894, 15.711, 15.498, 15.428, 15.396, 15.434, 15.51, 15.45, 15.114, 14.399, 13.566, 12.645, 12.557, 12.968, 13.831, 14.473, 15.05, 15.396, 15.432, 15.384, 15.544, 15.587, 15.737, 15.769, 16.109, 16.132, 16.488, 16.598, 16.682, 16.757, 16.82, 16.864, 16.889, 16.899, 16.895, 16.873, 16.761, 16.342, 16.76, 16.843, 16.872, 16.887, 16.86, 16.409, 16.579, 16.302, 16.492, 16.63, 16.687, 16.661, 16.5, 16.176, 16.039, 16.098, 16.224, 16.261, 16.167, 16.029, 16.195, 16.456, 16.591, 16.634, 16.648, 16.644, 16.643, 16.581, 16.179, 16.403, 16.182, 16.008, 16.025, 16.047, 15.645, 15.777, 15.606, 14.901, 15.585, 15.711, 15.71, 15.916], [4.074, 4.156, 3.522, 2.812, 2.005, 1.772, 1.677, 1.619, 1.12, 1.493, 1.333, 1.051, 0.0, 0.926, 1.206, 2.189, 3.03, 3.187, 2.974, 3.977, 5.188, 7.424, 9.703, 4.02, 1.886, 3.241, 4.664, 6.217, 7.5, 8.073, 8.25, 8.346, 8.45, 8.617, 8.739, 8.88, 9.204, 9.767, 10.098, 10.448, 10.949, 11.771, 12.465, 13.116, 13.563, 14.102, 14.638, 15.072, 15.512, 15.803, 15.886, 16.184, 16.14, 16.065, 15.918, 15.935, 15.927, 15.649, 14.42, 15.2, 15.13, 14.73, 13.994, 13.027, 12.836, 14.095, 15.479, 15.622, 15.518, 15.5, 15.596, 15.656, 15.819, 15.674, 15.832, 16.092, 15.934, 15.666, 16.022, 16.501, 16.653, 16.611, 16.846, 16.773, 16.801, 16.91, 16.849, 17.024, 17.124, 17.159, 17.163, 17.143, 17.103, 17.023, 16.831, 16.66, 16.414, 16.821, 16.877, 16.823, 16.698, 16.506, 16.288, 16.257, 17.05, 17.19, 17.229, 17.227, 17.226, 17.229, 17.216, 17.176, 17.081, 16.712, 16.316, 17.015, 17.166, 17.215, 17.223, 17.207, 17.173, 17.14, 17.127, 17.146, 17.168, 17.163, 17.126, 17.037, 16.625, 16.501, 16.547, 16.573, 16.912, 17.089, 17.157, 17.159, 17.124, 17.034, 16.839, 16.784, 16.741, 16.68, 16.554, 16.153, 16.836, 16.877, 16.85, 16.793, 16.697, 16.518, 16.234, 16.043, 15.868, 15.789, 15.767, 15.803, 15.896, 15.822, 15.483, 14.789, 13.908, 13.074, 12.937, 13.343, 14.211, 14.847, 15.433, 15.776, 15.812, 15.763, 15.922, 15.921, 16.125, 16.109, 16.474, 16.687, 16.786, 16.961, 17.046, 17.122, 17.185, 17.229, 17.253, 17.264, 17.259, 17.237, 17.127, 16.893, 17.123, 17.206, 17.235, 17.251, 17.224, 16.741, 16.942, 16.637, 16.788, 16.997, 17.054, 17.027, 16.864, 16.508, 16.272, 16.381, 16.581, 16.62, 16.532, 16.359, 16.478, 16.819, 16.956, 17.0, 17.011, 17.008, 17.007, 16.945, 16.73, 16.766, 16.546, 16.237, 16.356, 16.359, 15.958, 16.146, 15.974, 15.246, 15.959, 16.092, 16.052, 16.254], [3.98, 4.096, 3.607, 2.866, 1.805, 1.257, 1.251, 1.178, 1.102, 1.533, 1.562, 1.537, 0.926, 0.0, 1.042, 1.825, 2.531, 2.714, 2.558, 3.708, 4.889, 7.211, 9.626, 3.726, 1.897, 3.371, 4.735, 6.314, 7.63, 8.224, 8.409, 8.522, 8.646, 8.801, 8.909, 9.07, 9.41, 9.989, 10.351, 10.707, 11.171, 11.99, 12.676, 13.337, 13.759, 14.309, 14.837, 15.277, 15.713, 16.009, 16.096, 16.394, 16.341, 16.258, 16.117, 16.144, 16.132, 15.862, 14.623, 15.412, 15.341, 14.934, 14.192, 13.245, 13.038, 14.292, 15.694, 15.829, 15.73, 15.709, 15.803, 15.863, 16.027, 15.876, 16.03, 16.281, 16.142, 15.837, 16.187, 16.701, 16.845, 16.952, 17.187, 17.113, 17.142, 17.251, 17.013, 17.221, 17.318, 17.356, 17.36, 17.341, 17.3, 17.222, 17.014, 17.0, 16.755, 17.02, 17.075, 17.018, 16.896, 16.706, 16.481, 16.594, 17.245, 17.385, 17.425, 17.423, 17.422, 17.425, 17.412, 17.373, 17.276, 16.897, 16.671, 17.211, 17.362, 17.411, 17.421, 17.403, 17.37, 17.337, 17.324, 17.341, 17.364, 17.36, 17.321, 17.228, 16.797, 16.672, 16.889, 16.805, 17.106, 17.286, 17.353, 17.357, 17.319, 17.231, 17.04, 17.125, 17.081, 16.844, 16.75, 16.37, 17.034, 17.074, 17.047, 16.988, 16.896, 16.732, 16.536, 16.206, 16.066, 15.999, 15.972, 16.012, 16.099, 16.028, 15.691, 14.98, 14.091, 13.436, 13.157, 13.576, 14.439, 15.077, 15.636, 15.981, 16.02, 15.969, 16.119, 16.096, 16.316, 16.376, 16.674, 17.028, 16.999, 17.159, 17.247, 17.319, 17.382, 17.426, 17.451, 17.461, 17.456, 17.434, 17.324, 17.234, 17.32, 17.404, 17.432, 17.447, 17.421, 17.069, 17.142, 16.864, 16.989, 17.192, 17.252, 17.224, 17.063, 16.673, 16.525, 16.6, 16.783, 16.817, 16.728, 16.53, 16.693, 17.018, 17.15, 17.195, 17.207, 17.205, 17.202, 17.141, 17.069, 16.964, 16.737, 16.32, 16.587, 16.576, 16.14, 16.343, 16.18, 15.468, 16.154, 16.435, 16.218, 16.436], [3.682, 3.791, 3.246, 2.73, 1.741, 1.182, 1.318, 1.35, 1.211, 1.479, 1.585, 1.558, 1.206, 1.042, 0.0, 1.224, 2.302, 2.574, 2.466, 3.417, 4.626, 6.907, 9.321, 3.501, 1.921, 3.291, 4.692, 6.343, 7.715, 8.285, 8.505, 8.642, 8.769, 8.931, 9.007, 9.157, 9.538, 10.092, 10.466, 10.826, 11.341, 12.141, 12.862, 13.498, 13.944, 14.479, 15.0, 15.439, 15.876, 16.168, 16.257, 16.555, 16.5, 16.413, 16.277, 16.302, 16.307, 16.02, 14.791, 15.581, 15.51, 15.105, 14.407, 13.42, 13.219, 14.465, 15.854, 15.987, 15.89, 15.865, 15.961, 16.027, 16.179, 16.035, 16.185, 16.439, 16.284, 16.002, 16.358, 16.849, 16.992, 17.04, 17.275, 17.202, 17.23, 17.339, 17.173, 17.376, 17.469, 17.506, 17.51, 17.491, 17.451, 17.371, 17.173, 17.088, 16.844, 17.167, 17.225, 17.168, 17.042, 16.853, 16.62, 16.681, 17.394, 17.533, 17.574, 17.572, 17.572, 17.574, 17.561, 17.521, 17.423, 17.051, 16.749, 17.361, 17.512, 17.561, 17.569, 17.553, 17.521, 17.487, 17.473, 17.491, 17.512, 17.508, 17.47, 17.379, 16.957, 16.821, 16.978, 16.908, 17.255, 17.436, 17.503, 17.508, 17.469, 17.381, 17.188, 17.213, 17.169, 17.008, 16.907, 16.505, 17.183, 17.224, 17.196, 17.144, 17.046, 16.874, 16.621, 16.377, 16.229, 16.15, 16.126, 16.182, 16.254, 16.191, 15.851, 15.147, 14.276, 13.559, 13.349, 13.769, 14.644, 15.243, 15.798, 16.146, 16.178, 16.13, 16.285, 16.255, 16.467, 16.468, 16.829, 17.115, 17.14, 17.311, 17.395, 17.47, 17.532, 17.577, 17.601, 17.612, 17.607, 17.585, 17.472, 17.322, 17.471, 17.554, 17.583, 17.597, 17.57, 17.157, 17.298, 16.971, 17.131, 17.343, 17.403, 17.374, 17.214, 16.835, 16.669, 16.736, 16.937, 16.971, 16.874, 16.695, 16.83, 17.165, 17.299, 17.343, 17.358, 17.355, 17.351, 17.291, 17.156, 17.117, 16.887, 16.539, 16.693, 16.709, 16.274, 16.488, 16.325, 15.601, 16.303, 16.521, 16.394, 16.588], [3.303, 3.461, 3.068, 2.525, 1.651, 1.257, 1.561, 1.727, 1.988, 2.167, 2.382, 2.368, 2.189, 1.825, 1.224, 0.0, 1.562, 1.936, 1.96, 2.822, 3.963, 6.325, 8.643, 3.015, 2.753, 3.69, 5.088, 6.81, 8.249, 8.852, 9.086, 9.246, 9.389, 9.567, 9.633, 9.773, 10.179, 10.748, 11.118, 11.498, 11.963, 12.792, 13.504, 14.132, 14.559, 15.088, 15.606, 16.031, 16.467, 16.754, 16.833, 17.137, 17.065, 16.968, 16.836, 16.886, 16.92, 16.626, 15.393, 16.16, 16.098, 15.718, 15.061, 14.069, 13.846, 15.068, 16.448, 16.576, 16.472, 16.451, 16.549, 16.596, 16.748, 16.593, 16.74, 16.986, 16.832, 16.548, 16.906, 17.402, 17.543, 17.63, 17.864, 17.791, 17.82, 17.929, 17.728, 17.929, 18.025, 18.059, 18.063, 18.042, 18.001, 17.923, 17.721, 17.675, 17.434, 17.718, 17.776, 17.721, 17.594, 17.41, 17.168, 17.27, 17.946, 18.086, 18.127, 18.125, 18.123, 18.127, 18.113, 18.074, 17.98, 17.597, 17.352, 17.913, 18.063, 18.113, 18.121, 18.105, 18.072, 18.038, 18.025, 18.043, 18.065, 18.061, 18.023, 17.929, 17.502, 17.387, 17.569, 17.484, 17.807, 17.989, 18.054, 18.059, 18.022, 17.935, 17.744, 17.803, 17.76, 17.558, 17.459, 17.055, 17.735, 17.775, 17.744, 17.687, 17.6, 17.434, 17.208, 16.919, 16.784, 16.71, 16.681, 16.734, 16.833, 16.77, 16.451, 15.742, 14.896, 14.251, 14.004, 14.445, 15.295, 15.893, 16.404, 16.731, 16.769, 16.711, 16.869, 16.835, 17.029, 17.063, 17.385, 17.706, 17.681, 17.863, 17.945, 18.023, 18.084, 18.128, 18.153, 18.164, 18.159, 18.136, 18.024, 17.912, 18.023, 18.106, 18.135, 18.149, 18.122, 17.747, 17.85, 17.545, 17.704, 17.897, 17.956, 17.928, 17.765, 17.389, 17.322, 17.307, 17.481, 17.517, 17.433, 17.241, 17.384, 17.716, 17.849, 17.899, 17.911, 17.909, 17.907, 17.843, 17.746, 17.671, 17.439, 17.147, 17.27, 17.255, 16.85, 17.038, 16.887, 16.174, 16.87, 17.114, 16.934, 17.134], [2.787, 3.125, 2.695, 2.514, 1.975, 1.756, 2.197, 2.576, 3.041, 3.138, 3.424, 3.534, 3.03, 2.531, 2.302, 1.562, 0.0, 1.25, 1.667, 2.067, 3.456, 5.589, 7.808, 2.64, 3.721, 4.324, 5.603, 7.544, 9.013, 9.615, 9.864, 10.045, 10.208, 10.386, 10.455, 10.604, 10.975, 11.512, 11.874, 12.243, 12.755, 13.604, 14.292, 14.916, 15.332, 15.846, 16.368, 16.791, 17.203, 17.473, 17.542, 17.862, 17.767, 17.668, 17.554, 17.613, 17.687, 17.402, 16.165, 16.908, 16.847, 16.487, 15.898, 14.871, 14.616, 15.848, 17.196, 17.31, 17.203, 17.187, 17.258, 17.314, 17.454, 17.297, 17.429, 17.688, 17.538, 17.251, 17.636, 18.095, 18.233, 18.443, 18.681, 18.604, 18.631, 18.741, 18.408, 18.612, 18.709, 18.743, 18.748, 18.727, 18.687, 18.608, 18.414, 18.487, 18.249, 18.401, 18.464, 18.402, 18.279, 18.105, 17.965, 18.08, 18.63, 18.771, 18.811, 18.809, 18.808, 18.81, 18.798, 18.758, 18.665, 18.303, 18.149, 18.6, 18.751, 18.798, 18.806, 18.79, 18.758, 18.724, 18.712, 18.727, 18.75, 18.744, 18.708, 18.616, 18.267, 18.055, 18.387, 18.292, 18.495, 18.675, 18.739, 18.743, 18.707, 18.621, 18.423, 18.613, 18.57, 18.24, 18.149, 17.736, 18.419, 18.46, 18.43, 18.377, 18.299, 18.116, 18.024, 17.62, 17.469, 17.416, 17.395, 17.425, 17.553, 17.491, 17.182, 16.502, 15.748, 15.167, 14.83, 15.276, 16.116, 16.696, 17.171, 17.473, 17.486, 17.432, 17.553, 17.522, 17.722, 17.882, 18.084, 18.523, 18.371, 18.547, 18.63, 18.706, 18.768, 18.813, 18.839, 18.849, 18.845, 18.822, 18.71, 18.722, 18.707, 18.79, 18.821, 18.834, 18.807, 18.558, 18.53, 18.355, 18.37, 18.582, 18.642, 18.617, 18.453, 18.077, 18.118, 17.969, 18.167, 18.207, 18.119, 17.993, 18.059, 18.401, 18.54, 18.583, 18.593, 18.592, 18.588, 18.531, 18.557, 18.361, 18.123, 17.876, 18.079, 17.945, 17.522, 17.735, 17.588, 16.895, 17.559, 17.934, 17.657, 17.927], [2.89, 3.286, 2.76, 2.535, 2.339, 2.128, 2.39, 2.76, 3.147, 3.45, 3.678, 3.721, 3.187, 2.714, 2.574, 1.936, 1.25, 0.0, 0.928, 1.589, 3.234, 5.297, 7.343, 2.437, 3.879, 4.626, 5.806, 7.852, 9.333, 9.937, 10.201, 10.345, 10.494, 10.67, 10.753, 10.893, 11.296, 11.863, 12.24, 12.599, 13.15, 13.966, 14.672, 15.273, 15.719, 16.243, 16.763, 17.193, 17.61, 17.871, 17.948, 18.262, 18.149, 18.046, 17.927, 18.014, 18.07, 17.778, 16.557, 17.321, 17.246, 16.868, 16.298, 15.257, 14.978, 16.221, 17.599, 17.716, 17.607, 17.575, 17.66, 17.707, 17.837, 17.679, 17.818, 18.058, 17.905, 17.618, 17.976, 18.466, 18.613, 18.659, 18.897, 18.82, 18.847, 18.958, 18.799, 18.986, 19.082, 19.12, 19.123, 19.103, 19.061, 18.984, 18.778, 18.7, 18.458, 18.781, 18.834, 18.781, 18.656, 18.466, 18.23, 18.297, 19.004, 19.146, 19.186, 19.184, 19.183, 19.185, 19.174, 19.133, 19.036, 18.653, 18.361, 18.973, 19.123, 19.173, 19.181, 19.164, 19.131, 19.101, 19.083, 19.102, 19.124, 19.119, 19.082, 18.99, 18.568, 18.424, 18.589, 18.517, 18.868, 19.048, 19.115, 19.118, 19.083, 18.993, 18.794, 18.828, 18.784, 18.625, 18.522, 18.12, 18.797, 18.837, 18.808, 18.758, 18.662, 18.495, 18.24, 17.996, 17.851, 17.806, 17.768, 17.823, 17.935, 17.897, 17.587, 16.896, 16.055, 15.397, 15.237, 15.687, 16.524, 17.078, 17.559, 17.878, 17.895, 17.824, 17.946, 17.929, 18.114, 18.098, 18.45, 18.741, 18.754, 18.924, 19.009, 19.083, 19.144, 19.19, 19.216, 19.225, 19.221, 19.197, 19.085, 18.937, 19.082, 19.166, 19.195, 19.209, 19.181, 18.772, 18.906, 18.584, 18.745, 18.958, 19.018, 18.995, 18.829, 18.462, 18.299, 18.346, 18.544, 18.584, 18.492, 18.303, 18.441, 18.783, 18.909, 18.956, 18.967, 18.966, 18.964, 18.902, 18.771, 18.731, 18.5, 18.165, 18.306, 18.331, 17.896, 18.106, 17.963, 17.253, 17.942, 18.154, 18.021, 18.208], [3.229, 3.516, 2.951, 2.406, 2.322, 2.116, 2.323, 2.645, 2.842, 3.489, 3.603, 3.497, 2.974, 2.558, 2.466, 1.96, 1.667, 0.928, 0.0, 1.593, 3.234, 5.435, 7.444, 2.307, 3.764, 4.636, 5.93, 8.0, 9.417, 9.997, 10.221, 10.394, 10.584, 10.766, 10.863, 10.987, 11.364, 11.924, 12.311, 12.65, 13.212, 14.053, 14.751, 15.38, 15.803, 16.32, 16.84, 17.274, 17.704, 17.962, 18.039, 18.354, 18.254, 18.152, 18.028, 18.106, 18.158, 17.87, 16.642, 17.408, 17.342, 16.96, 16.355, 15.327, 15.085, 16.301, 17.693, 17.809, 17.696, 17.67, 17.751, 17.799, 17.942, 17.785, 17.937, 18.166, 18.013, 17.712, 18.075, 18.581, 18.715, 18.709, 18.947, 18.87, 18.897, 19.007, 18.897, 19.094, 19.187, 19.225, 19.228, 19.208, 19.166, 19.088, 18.88, 18.751, 18.504, 18.879, 18.938, 18.881, 18.754, 18.574, 18.327, 18.347, 19.107, 19.248, 19.287, 19.286, 19.285, 19.288, 19.275, 19.235, 19.139, 18.753, 18.431, 19.077, 19.226, 19.275, 19.283, 19.267, 19.235, 19.201, 19.186, 19.205, 19.226, 19.221, 19.184, 19.091, 18.663, 18.554, 18.637, 18.629, 18.972, 19.154, 19.219, 19.223, 19.187, 19.097, 18.898, 18.878, 18.834, 18.723, 18.626, 18.233, 18.903, 18.943, 18.912, 18.861, 18.766, 18.621, 18.295, 18.093, 17.959, 17.904, 17.881, 17.919, 18.039, 17.981, 17.678, 16.981, 16.125, 15.413, 15.292, 15.758, 16.591, 17.156, 17.648, 17.972, 17.979, 17.915, 18.047, 18.028, 18.22, 18.191, 18.556, 18.791, 18.883, 19.029, 19.114, 19.189, 19.249, 19.295, 19.321, 19.33, 19.326, 19.302, 19.191, 18.986, 19.189, 19.271, 19.299, 19.312, 19.285, 18.82, 19.01, 18.7, 18.872, 19.062, 19.124, 19.1, 18.936, 18.558, 18.214, 18.476, 18.653, 18.686, 18.594, 18.397, 18.566, 18.881, 19.012, 19.058, 19.072, 19.069, 19.069, 19.009, 18.819, 18.832, 18.604, 18.218, 18.42, 18.461, 18.025, 18.215, 18.066, 17.371, 18.054, 18.205, 18.118, 18.31], [3.94, 4.296, 3.722, 3.3, 3.212, 3.141, 3.366, 3.638, 3.934, 4.553, 4.621, 4.45, 3.977, 3.708, 3.417, 2.822, 2.067, 1.589, 1.593, 0.0, 2.446, 4.676, 6.466, 2.489, 4.886, 5.778, 7.107, 9.08, 10.561, 11.128, 11.37, 11.526, 11.691, 11.889, 11.961, 12.087, 12.47, 13.046, 13.412, 13.753, 14.282, 15.111, 15.812, 16.433, 16.853, 17.382, 17.888, 18.309, 18.718, 18.972, 19.04, 19.366, 19.248, 19.139, 19.027, 19.115, 19.213, 18.924, 17.69, 18.431, 18.367, 18.014, 17.425, 16.393, 16.127, 17.362, 18.717, 18.824, 18.71, 18.679, 18.757, 18.798, 18.938, 18.769, 18.909, 19.155, 18.99, 18.711, 19.053, 19.553, 19.698, 19.744, 19.983, 19.902, 19.93, 20.041, 19.857, 20.067, 20.161, 20.198, 20.202, 20.18, 20.141, 20.059, 19.856, 19.779, 19.536, 19.848, 19.909, 19.852, 19.725, 19.538, 19.302, 19.371, 20.081, 20.221, 20.258, 20.257, 20.255, 20.258, 20.245, 20.206, 20.11, 19.727, 19.443, 20.047, 20.198, 20.246, 20.254, 20.239, 20.205, 20.172, 20.16, 20.174, 20.197, 20.192, 20.156, 20.06, 19.634, 19.505, 19.664, 19.592, 19.944, 20.127, 20.193, 20.196, 20.159, 20.075, 19.873, 19.908, 19.867, 19.68, 19.6, 19.201, 19.876, 19.915, 19.885, 19.834, 19.741, 19.583, 19.322, 19.055, 18.935, 18.881, 18.865, 18.912, 19.032, 18.999, 18.697, 18.025, 17.201, 16.549, 16.382, 16.845, 17.677, 18.225, 18.695, 18.995, 18.997, 18.922, 19.039, 19.003, 19.204, 19.198, 19.542, 19.827, 19.838, 20.005, 20.085, 20.16, 20.223, 20.268, 20.296, 20.303, 20.299, 20.275, 20.162, 20.016, 20.159, 20.243, 20.271, 20.284, 20.258, 19.849, 19.984, 19.663, 19.83, 20.041, 20.101, 20.077, 19.912, 19.517, 19.281, 19.425, 19.622, 19.66, 19.564, 19.368, 19.522, 19.849, 19.983, 20.032, 20.043, 20.043, 20.04, 19.978, 19.849, 19.801, 19.586, 19.177, 19.391, 19.401, 18.997, 19.195, 19.058, 18.356, 19.027, 19.244, 19.09, 19.288], [4.66, 5.096, 4.459, 4.211, 4.189, 4.352, 4.48, 4.591, 4.983, 5.671, 5.808, 5.619, 5.188, 4.889, 4.626, 3.963, 3.456, 3.234, 3.234, 2.446, 0.0, 2.663, 5.064, 2.405, 6.196, 6.994, 8.352, 10.33, 11.775, 12.387, 12.62, 12.763, 12.897, 13.09, 13.159, 13.255, 13.638, 14.221, 14.6, 14.951, 15.435, 16.258, 16.933, 17.534, 17.959, 18.481, 18.957, 19.374, 19.75, 19.976, 20.022, 20.362, 20.191, 20.062, 19.973, 20.132, 20.314, 20.005, 18.783, 19.488, 19.42, 19.111, 18.575, 17.513, 17.24, 18.462, 19.77, 19.857, 19.738, 19.685, 19.75, 19.78, 19.896, 19.708, 19.838, 20.083, 19.914, 19.615, 19.983, 20.475, 20.617, 20.696, 20.939, 20.855, 20.884, 20.995, 20.797, 20.986, 21.08, 21.117, 21.117, 21.097, 21.055, 20.974, 20.766, 20.725, 20.482, 20.76, 20.82, 20.761, 20.639, 20.448, 20.207, 20.308, 20.988, 21.135, 21.169, 21.168, 21.166, 21.17, 21.155, 21.117, 21.018, 20.635, 20.384, 20.958, 21.111, 21.158, 21.166, 21.149, 21.118, 21.083, 21.069, 21.085, 21.108, 21.103, 21.066, 20.973, 20.547, 20.411, 20.611, 20.53, 20.864, 21.04, 21.106, 21.111, 21.076, 20.991, 20.801, 20.857, 20.815, 20.614, 20.514, 20.133, 20.793, 20.832, 20.8, 20.75, 20.661, 20.502, 20.279, 19.992, 19.869, 19.807, 19.789, 19.859, 20.001, 19.994, 19.729, 19.103, 18.306, 17.694, 17.519, 17.986, 18.82, 19.343, 19.784, 20.027, 19.992, 19.895, 20.003, 19.952, 20.133, 20.156, 20.473, 20.782, 20.754, 20.92, 21.001, 21.077, 21.14, 21.187, 21.214, 21.221, 21.214, 21.19, 21.076, 20.965, 21.074, 21.158, 21.185, 21.197, 21.174, 20.795, 20.901, 20.597, 20.745, 20.954, 21.022, 20.998, 20.84, 20.458, 20.319, 20.337, 20.542, 20.572, 20.477, 20.288, 20.43, 20.762, 20.898, 20.946, 20.959, 20.956, 20.957, 20.893, 20.796, 20.716, 20.494, 20.145, 20.334, 20.337, 19.907, 20.123, 19.98, 19.316, 19.962, 20.203, 20.026, 20.202], [6.718, 7.174, 6.464, 6.434, 6.5, 6.56, 6.683, 6.886, 7.22, 7.936, 8.091, 7.916, 7.424, 7.211, 6.907, 6.325, 5.589, 5.297, 5.435, 4.676, 2.663, 0.0, 2.827, 4.157, 8.479, 9.257, 10.476, 12.541, 14.02, 14.585, 14.812, 14.964, 15.139, 15.323, 15.397, 15.514, 15.872, 16.404, 16.774, 17.12, 17.655, 18.488, 19.157, 19.726, 20.137, 20.611, 21.064, 21.466, 21.788, 21.962, 21.981, 22.334, 22.109, 21.947, 21.893, 22.138, 22.477, 22.136, 20.932, 21.55, 21.489, 21.27, 20.853, 19.758, 19.422, 20.622, 21.832, 21.876, 21.759, 21.678, 21.715, 21.73, 21.822, 21.615, 21.727, 21.96, 21.798, 21.499, 21.876, 22.356, 22.494, 22.513, 22.758, 22.669, 22.7, 22.81, 22.684, 22.866, 22.958, 22.991, 22.988, 22.966, 22.922, 22.843, 22.637, 22.533, 22.288, 22.629, 22.687, 22.625, 22.502, 22.314, 22.08, 22.11, 22.855, 23.005, 23.04, 23.033, 23.032, 23.035, 23.019, 22.98, 22.884, 22.507, 22.182, 22.827, 22.979, 23.023, 23.031, 23.015, 22.985, 22.95, 22.934, 22.951, 22.974, 22.968, 22.931, 22.84, 22.423, 22.292, 22.415, 22.377, 22.726, 22.91, 22.976, 22.983, 22.949, 22.865, 22.666, 22.667, 22.626, 22.495, 22.384, 21.98, 22.666, 22.71, 22.673, 22.629, 22.54, 22.378, 22.096, 21.882, 21.747, 21.699, 21.696, 21.771, 21.933, 21.958, 21.738, 21.192, 20.479, 19.859, 19.782, 20.278, 21.075, 21.56, 21.918, 22.042, 21.957, 21.845, 21.936, 21.893, 22.031, 22.008, 22.361, 22.598, 22.626, 22.791, 22.873, 22.951, 23.017, 23.063, 23.09, 23.095, 23.084, 23.055, 22.943, 22.772, 22.946, 23.026, 23.052, 23.064, 23.041, 22.596, 22.77, 22.449, 22.621, 22.824, 22.901, 22.878, 22.716, 22.349, 22.151, 22.201, 22.412, 22.443, 22.349, 22.167, 22.293, 22.626, 22.768, 22.813, 22.828, 22.828, 22.821, 22.762, 22.6, 22.589, 22.364, 22.054, 22.191, 22.209, 21.804, 22.006, 21.865, 21.237, 21.854, 22.024, 21.926, 22.094], [9.031, 9.443, 8.797, 8.869, 8.954, 9.005, 9.039, 9.278, 9.576, 10.248, 10.395, 10.246, 9.703, 9.626, 9.321, 8.643, 7.808, 7.343, 7.444, 6.466, 5.064, 2.827, 0.0, 6.472, 10.769, 11.58, 12.746, 14.847, 16.338, 16.873, 17.112, 17.303, 17.485, 17.662, 17.743, 17.854, 18.191, 18.724, 19.097, 19.443, 19.956, 20.786, 21.412, 21.956, 22.346, 22.771, 23.183, 23.566, 23.836, 23.97, 23.974, 24.334, 24.047, 23.857, 23.833, 24.171, 24.648, 24.256, 23.087, 23.622, 23.56, 23.441, 23.186, 22.054, 21.631, 22.792, 23.9, 23.906, 23.797, 23.694, 23.71, 23.705, 23.767, 23.544, 23.642, 23.857, 23.698, 23.396, 23.786, 24.251, 24.393, 24.341, 24.579, 24.487, 24.518, 24.627, 24.591, 24.759, 24.858, 24.884, 24.881, 24.858, 24.816, 24.737, 24.533, 24.343, 24.1, 24.521, 24.579, 24.521, 24.394, 24.207, 23.987, 23.938, 