[[0.0, 1.343, 2.023, 2.993, 2.292, 3.557, 4.531, 4.987, 5.522, 5.948, 6.988, 7.827, 8.228, 11.231, 12.916, 12.574, 11.62, 12.88, 14.465, 16.085, 16.667, 16.191, 15.7, 17.398, 20.913, 23.172, 22.605, 23.519, 25.988, 27.204, 25.397, 25.142, 26.703, 27.859, 28.018, 26.621, 25.936, 25.81, 24.461, 23.637, 23.878, 25.258, 26.993, 28.594, 28.422, 28.323, 28.987, 30.467, 31.733, 31.043, 28.139, 26.414, 26.269, 24.058, 21.44, 19.247, 19.199, 19.274, 17.708, 16.417, 16.39, 16.329, 15.754, 15.165, 14.663, 14.612, 13.519, 9.067, 4.747, 4.364, 5.148, 5.88, 5.495, 4.773, 3.814, 3.948, 3.514, 4.195, 4.924, 4.439, 3.508, 2.737, 3.898, 5.913, 5.562, 4.379, 4.534, 3.71, 3.084, 7.394, 11.226, 10.659, 9.307, 11.037, 13.531, 13.827, 13.894, 15.233, 16.58, 16.964, 16.567, 15.08, 14.689, 15.69, 16.16, 15.281, 16.442, 18.604, 20.02, 21.216, 20.393, 17.107, 16.196, 18.212, 18.365, 17.112, 17.071, 17.662, 18.459, 18.277, 18.009, 18.927, 19.962, 19.56, 19.363, 19.931, 20.534, 20.328, 19.895, 20.122, 21.759, 23.259, 25.009, 26.93, 27.371, 27.149, 26.597, 25.994, 25.979, 25.005, 23.176, 21.239, 20.752, 21.002, 21.985, 22.896], [1.343, 0.0, 2.409, 3.2, 1.896, 3.074, 4.14, 4.469, 5.141, 5.415, 6.5, 7.348, 7.722, 10.715, 12.397, 12.054, 11.101, 12.457, 14.131, 15.764, 16.38, 15.808, 15.238, 16.912, 20.537, 22.942, 22.42, 23.269, 25.669, 26.803, 25.147, 24.912, 26.445, 27.712, 27.803, 26.348, 25.749, 25.383, 24.057, 23.261, 23.519, 25.068, 26.671, 28.233, 27.957, 27.856, 28.521, 30.002, 31.265, 30.717, 27.847, 25.981, 25.801, 23.588, 21.013, 19.008, 18.829, 18.879, 17.325, 16.082, 15.92, 15.881, 15.323, 14.695, 14.209, 14.201, 13.198, 8.805, 4.445, 4.057, 4.727, 5.418, 5.216, 4.617, 3.564, 3.854, 3.522, 3.746, 4.409, 4.08, 2.982, 2.392, 3.564, 5.422, 5.131, 3.95, 4.038, 3.21, 2.592, 6.899, 10.702, 10.205, 8.773, 10.611, 13.249, 13.446, 13.645, 14.965, 16.238, 16.692, 16.292, 14.851, 14.472, 15.513, 15.626, 14.933, 16.083, 18.213, 19.643, 20.877, 20.047, 16.866, 15.695, 17.69, 17.861, 16.622, 16.587, 17.306, 18.072, 17.9, 17.633, 18.717, 19.739, 19.33, 19.068, 19.772, 20.435, 19.955, 19.432, 19.649, 21.285, 22.763, 24.676, 26.722, 27.151, 26.917, 26.308, 25.611, 25.566, 24.667, 22.889, 21.027, 20.571, 20.856, 21.765, 22.62], [2.023, 2.409, 0.0, 1.478, 2.804, 5.132, 6.251, 6.703, 7.264, 7.627, 8.702, 9.526, 9.903, 12.912, 14.612, 14.279, 13.326, 14.579, 16.239, 17.844, 18.454, 17.913, 17.427, 19.112, 22.629, 24.965, 24.393, 25.312, 27.725, 28.921, 27.106, 26.9, 28.434, 29.606, 29.745, 28.295, 27.68, 27.532, 26.198, 25.363, 25.584, 27.046, 28.706, 30.306, 30.14, 30.04, 30.704, 32.172, 33.451, 32.753, 29.853, 28.148, 27.987, 25.778, 23.176, 21.034, 20.934, 21.011, 19.449, 18.123, 18.097, 18.055, 17.464, 16.884, 16.372, 16.319, 15.247, 10.821, 6.467, 6.135, 6.85, 7.579, 7.193, 6.477, 5.186, 4.353, 4.011, 5.331, 6.289, 5.881, 5.021, 4.468, 5.635, 7.626, 7.28, 6.082, 6.238, 5.398, 4.775, 9.098, 12.933, 12.383, 11.006, 12.709, 15.314, 15.549, 15.617, 16.96, 18.292, 18.747, 18.352, 16.868, 16.477, 17.483, 17.83, 16.981, 18.177, 20.303, 21.719, 22.973, 22.153, 18.883, 17.893, 19.919, 20.073, 18.819, 18.778, 19.371, 20.176, 19.994, 19.735, 20.713, 21.742, 21.336, 21.114, 21.683, 22.371, 22.06, 21.61, 21.838, 23.468, 24.947, 26.724, 28.615, 29.13, 28.902, 28.333, 27.695, 27.674, 26.669, 24.937, 22.979, 22.389, 22.717, 23.694, 24.636], [2.993, 3.2, 1.478, 0.0, 3.212, 5.889, 6.986, 7.459, 8.005, 8.431, 9.456, 10.304, 10.711, 13.719, 15.401, 15.068, 14.132, 15.363, 16.961, 18.593, 19.176, 18.693, 18.196, 19.898, 23.41, 25.709, 25.158, 26.076, 28.529, 29.722, 27.977, 27.759, 29.338, 30.498, 30.552, 29.115, 28.547, 28.314, 26.976, 26.146, 26.416, 27.825, 29.487, 31.089, 30.939, 30.849, 31.508, 32.98, 34.244, 33.541, 30.667, 28.927, 28.78, 26.565, 23.954, 21.763, 21.733, 21.825, 20.234, 18.931, 18.895, 18.893, 18.276, 17.681, 17.133, 17.159, 16.091, 11.593, 7.249, 6.911, 7.655, 8.37, 8.078, 7.326, 6.012, 4.247, 4.187, 5.762, 6.645, 6.716, 5.837, 5.204, 6.386, 8.386, 8.064, 6.876, 7.027, 6.204, 5.53, 9.882, 13.719, 13.156, 11.79, 13.493, 16.036, 16.36, 16.43, 17.782, 19.076, 19.47, 19.086, 17.61, 17.21, 18.246, 18.619, 17.791, 18.931, 21.087, 22.503, 23.7, 22.876, 19.646, 18.679, 20.706, 20.863, 19.628, 19.567, 20.183, 20.95, 20.787, 20.525, 21.502, 22.542, 22.15, 21.924, 22.603, 23.185, 22.859, 22.394, 22.633, 24.279, 25.765, 27.608, 29.478, 29.989, 29.722, 29.152, 28.454, 28.441, 27.468, 25.694, 23.89, 23.34, 23.641, 24.586, 25.426], [2.292, 1.896, 2.804, 3.212, 0.0, 2.773, 4.005, 4.321, 4.948, 5.325, 6.31, 7.152, 7.613, 10.617, 12.264, 11.932, 11.061, 12.221, 13.965, 15.605, 16.151, 15.652, 15.052, 16.758, 20.321, 22.731, 22.217, 23.105, 25.523, 26.687, 25.019, 24.813, 26.378, 27.617, 27.696, 26.216, 25.605, 25.27, 23.867, 23.119, 23.409, 24.895, 26.421, 27.971, 27.845, 27.746, 28.405, 29.867, 31.123, 30.456, 27.61, 25.825, 25.659, 23.441, 20.839, 18.773, 18.737, 18.764, 17.125, 15.888, 15.798, 15.88, 15.22, 14.59, 14.017, 14.176, 13.17, 8.671, 4.241, 3.968, 4.62, 5.285, 5.097, 4.378, 3.14, 2.888, 2.664, 2.729, 3.864, 3.908, 3.018, 2.234, 3.364, 5.303, 5.047, 3.837, 3.895, 3.143, 2.512, 6.724, 10.561, 10.039, 8.632, 10.335, 13.004, 13.341, 13.459, 14.729, 15.992, 16.451, 16.09, 14.67, 14.235, 15.318, 15.483, 14.752, 15.932, 17.94, 19.396, 20.657, 19.891, 16.691, 15.532, 17.548, 17.727, 16.514, 16.455, 17.154, 17.82, 17.695, 17.444, 18.569, 19.607, 19.194, 18.954, 19.647, 20.259, 19.824, 19.275, 19.544, 21.189, 22.699, 24.697, 26.616, 27.078, 26.803, 26.217, 25.499, 25.403, 24.454, 22.74, 21.022, 20.598, 20.846, 21.67, 22.496], [3.557, 3.074, 5.132, 5.889, 2.773, 0.0, 1.477, 1.799, 2.485, 2.618, 3.632, 4.427, 4.896, 7.9, 9.548, 9.205, 8.355, 9.553, 11.285, 12.933, 13.507, 12.956, 12.327, 14.052, 17.655, 20.092, 19.585, 20.472, 22.862, 23.964, 22.394, 22.19, 23.76, 25.034, 25.07, 23.619, 22.972, 22.552, 21.166, 20.453, 20.785, 22.261, 23.786, 25.327, 25.123, 25.026, 25.686, 27.146, 28.409, 27.809, 24.97, 23.112, 22.949, 20.728, 18.123, 16.134, 16.054, 16.095, 14.444, 13.248, 13.08, 13.185, 12.545, 11.878, 11.339, 11.476, 10.515, 6.082, 3.019, 2.699, 2.236, 2.828, 2.761, 1.828, 1.406, 3.225, 2.721, 1.838, 2.026, 2.14, 1.866, 1.874, 1.787, 2.769, 2.423, 2.394, 2.258, 1.517, 1.609, 4.003, 7.836, 7.322, 5.907, 7.683, 10.365, 10.624, 10.817, 12.09, 13.353, 13.811, 13.44, 12.028, 11.596, 12.692, 12.76, 12.111, 13.257, 15.301, 16.757, 17.991, 17.204, 14.048, 12.807, 14.823, 15.01, 13.797, 13.731, 14.488, 15.158, 15.042, 14.78, 15.945, 16.988, 16.563, 16.286, 17.026, 17.621, 17.137, 16.551, 16.827, 18.472, 20.012, 22.04, 24.047, 24.497, 24.211, 23.552, 22.848, 22.777, 21.846, 20.077, 18.408, 18.113, 18.352, 19.073, 19.871], [4.531, 4.14, 6.251, 6.986, 4.005, 1.477, 0.0, 1.291, 1.752, 1.701, 2.655, 3.354, 3.766, 6.774, 8.467, 8.161, 7.197, 8.417, 10.048, 11.689, 12.285, 11.716, 11.25, 12.96, 16.465, 18.823, 18.32, 19.206, 21.572, 22.782, 21.154, 20.954, 22.557, 23.831, 23.958, 22.473, 21.753, 21.38, 20.063, 19.26, 19.629, 20.971, 22.638, 24.189, 24.037, 23.925, 24.572, 26.04, 27.304, 26.674, 23.797, 21.996, 21.84, 19.62, 17.014, 14.921, 14.841, 14.96, 13.297, 12.007, 11.946, 12.128, 11.559, 10.805, 10.379, 10.393, 9.446, 4.982, 2.439, 2.202, 1.699, 1.814, 1.825, 1.241, 1.684, 3.804, 3.434, 2.319, 2.133, 2.179, 2.467, 2.342, 1.575, 2.149, 1.564, 2.047, 2.163, 1.798, 2.241, 3.084, 6.759, 6.207, 4.83, 6.572, 9.154, 9.375, 9.545, 10.907, 12.187, 12.593, 12.182, 10.758, 10.373, 11.417, 11.679, 10.88, 12.013, 14.174, 15.592, 16.782, 15.945, 12.763, 11.731, 13.747, 13.917, 12.67, 12.641, 13.228, 14.041, 13.859, 13.584, 14.684, 15.743, 15.28, 15.026, 15.797, 16.337, 15.935, 15.446, 15.766, 17.409, 18.941, 20.924, 22.883, 23.304, 22.992, 22.335, 21.635, 21.647, 20.73, 18.868, 17.318, 17.15, 17.307, 17.841, 18.623], [4.987, 4.469, 6.703, 7.459, 4.321, 1.799, 1.291, 0.0, 1.202, 1.665, 2.494, 2.968, 3.558, 6.333, 8.194, 7.917, 6.949, 8.049, 9.849, 11.69, 12.067, 11.531, 10.842, 12.505, 16.187, 18.584, 18.108, 19.142, 21.404, 22.53, 21.087, 20.972, 22.552, 23.827, 23.996, 22.585, 21.722, 21.075, 19.69, 19.133, 19.545, 20.787, 22.281, 23.814, 23.61, 23.499, 24.134, 25.589, 26.853, 26.284, 23.44, 21.58, 21.398, 19.156, 16.596, 14.613, 14.78, 14.848, 13.049, 11.763, 11.539, 12.059, 11.491, 10.521, 10.26, 10.383, 9.558, 5.108, 2.201, 1.875, 1.732, 1.66, 2.129, 1.819, 2.368, 4.405, 3.867, 2.559, 2.058, 2.405, 2.528, 2.558, 1.537, 1.658, 1.519, 1.778, 1.767, 1.887, 2.326, 2.613, 6.26, 5.765, 4.331, 6.173, 8.94, 9.212, 9.303, 10.545, 11.808, 12.272, 11.906, 10.518, 10.061, 11.268, 11.24, 10.658, 11.809, 13.757, 15.214, 16.447, 15.683, 12.532, 11.232, 13.247, 13.426, 12.207, 12.229, 13.047, 13.721, 13.513, 13.355, 14.661, 15.706, 15.163, 14.982, 15.762, 16.23, 15.762, 15.048, 15.528, 17.117, 18.785, 20.973, 22.934, 23.338, 22.985, 22.299, 21.525, 21.373, 20.511, 18.824, 17.349, 17.42, 17.507, 17.825, 18.602], [5.522, 5.141, 7.264, 8.005, 4.948, 2.485, 1.752, 1.202, 0.0, 1.262, 2.083, 2.486, 3.411, 5.893, 7.811, 7.587, 6.652, 7.664, 9.228, 11.03, 11.383, 11.015, 10.693, 11.941, 15.483, 17.914, 17.373, 18.396, 20.664, 21.846, 20.419, 20.366, 21.855, 23.131, 23.297, 21.899, 21.031, 20.412, 19.113, 18.442, 18.869, 20.05, 21.633, 23.191, 23.047, 22.937, 23.574, 25.021, 26.279, 25.656, 22.785, 20.994, 20.818, 18.588, 16.025, 13.888, 14.092, 14.216, 12.405, 11.083, 10.963, 11.434, 10.833, 10.034, 9.917, 9.758, 8.838, 4.623, 1.881, 1.578, 1.538, 1.618, 2.124, 2.088, 2.778, 4.943, 4.389, 3.037, 2.176, 2.513, 2.827, 2.879, 1.701, 1.821, 1.57, 1.793, 1.733, 2.3, 2.776, 2.136, 5.714, 5.176, 3.913, 5.755, 8.302, 8.513, 8.626, 9.921, 11.169, 11.559, 11.197, 9.797, 9.378, 10.514, 10.755, 10.093, 11.164, 13.143, 14.558, 15.736, 14.968, 11.817, 10.696, 12.701, 12.873, 11.657, 11.641, 12.357, 13.089, 12.89, 12.653, 13.967, 15.001, 14.409, 14.264, 15.087, 15.501, 15.119, 14.648, 15.206, 16.609, 18.308, 20.296, 22.256, 22.655, 22.295, 21.583, 20.876, 20.818, 19.921, 18.1, 16.654, 17.048, 16.957, 17.143, 17.926], [5.948, 5.415, 7.627, 8.431, 5.325, 2.618, 1.701, 1.665, 1.262, 0.0, 1.256, 2.109, 2.846, 5.353, 7.301, 7.054, 6.086, 7.223, 8.843, 10.73, 11.058, 10.619, 10.187, 11.516, 15.211, 17.642, 17.101, 18.11, 20.363, 21.538, 20.114, 20.053, 21.582, 22.848, 23.04, 21.645, 20.736, 20.08, 18.731, 18.139, 18.545, 19.761, 21.3, 22.857, 22.634, 22.531, 23.151, 24.622, 25.878, 25.324, 22.481, 20.612, 20.423, 18.181, 15.645, 13.637, 13.796, 13.857, 12.138, 10.79, 10.58, 11.1, 10.551, 9.59, 9.495, 9.44, 8.599, 4.223, 2.269, 2.233, 1.761, 1.491, 2.097, 2.009, 2.868, 5.072, 4.717, 3.345, 2.701, 2.906, 3.279, 3.299, 2.157, 1.878, 1.572, 2.185, 2.07, 2.527, 3.119, 1.875, 5.31, 4.802, 3.431, 5.308, 8.025, 8.194, 8.294, 9.6, 10.865, 11.301, 10.92, 9.495, 9.127, 10.228, 10.282, 9.675, 10.813, 12.824, 14.267, 15.504, 14.686, 11.506, 10.284, 12.296, 12.448, 11.215, 11.217, 12.044, 12.755, 12.537, 12.366, 13.695, 14.746, 14.129, 13.976, 14.801, 15.209, 14.786, 14.181, 14.688, 16.162, 17.846, 20.031, 21.989, 22.377, 21.99, 21.284, 20.589, 20.446, 19.6, 17.804, 16.378, 16.656, 16.638, 16.858, 17.66], [6.988, 6.5, 8.702, 9.456, 6.31, 3.632, 2.655, 2.494, 2.083, 1.256, 0.0, 1.452, 2.594, 4.858, 6.876, 6.668, 5.682, 6.785, 8.376, 10.204, 10.41, 10.212, 9.831, 10.577, 14.382, 16.918, 16.279, 17.41, 19.597, 20.732, 19.557, 19.563, 21.01, 22.224, 22.424, 21.108, 20.08, 19.291, 18.036, 17.504, 17.928, 18.994, 20.429, 21.898, 21.732, 21.563, 22.18, 23.654, 24.889, 24.335, 21.541, 19.692, 19.427, 17.18, 14.724, 12.747, 13.162, 13.278, 11.46, 10.161, 9.793, 10.541, 9.931, 8.972, 9.014, 8.902, 8.039, 4.048, 3.057, 3.067, 2.525, 1.978, 2.475, 2.868, 3.985, 6.225, 5.859, 4.422, 3.641, 3.747, 4.198, 4.387, 3.129, 2.469, 2.217, 3.09, 2.894, 3.61, 4.227, 1.706, 4.283, 3.892, 2.514, 4.563, 7.281, 7.564, 7.464, 8.666, 9.896, 10.374, 10.058, 8.674, 8.263, 9.443, 9.422, 8.895, 10.002, 11.855, 13.28, 14.517, 13.815, 10.669, 9.275, 11.269, 11.452, 10.347, 10.423, 11.342, 11.942, 11.701, 11.573, 13.041, 14.165, 13.49, 13.35, 14.193, 14.584, 14.171, 13.628, 14.278, 15.547, 17.328, 19.488, 21.381, 21.764, 21.351, 20.648, 20.007, 19.777, 18.89, 17.183, 15.78, 16.318, 16.157, 16.245, 17.075], [7.827, 7.348, 9.526, 10.304, 7.152, 4.427, 3.354, 2.968, 2.486, 2.109, 1.452, 0.0, 1.967, 4.297, 6.134, 5.915, 4.946, 5.999, 7.576, 9.34, 9.546, 9.421, 9.145, 9.767, 13.359, 15.986, 15.301, 16.306, 18.542, 19.684, 18.657, 18.731, 20.028, 21.224, 21.417, 20.156, 19.052, 18.428, 17.197, 16.586, 16.987, 17.971, 19.433, 20.964, 20.776, 20.673, 21.294, 22.752, 23.998, 23.408, 20.574, 18.733, 18.564, 16.319, 13.786, 11.806, 12.2, 12.34, 10.431, 9.21, 8.893, 9.569, 8.954, 8.203, 8.191, 8.017, 7.103, 3.227, 3.407, 3.538, 2.79, 2.154, 2.698, 3.417, 4.604, 6.926, 6.486, 4.881, 3.906, 4.177, 4.747, 5.173, 3.93, 2.423, 2.332, 3.558, 3.526, 4.246, 4.877, 1.487, 3.438, 2.952, 1.926, 3.914, 6.27, 6.576, 6.591, 7.765, 8.961, 9.414, 9.045, 7.747, 7.242, 8.401, 8.446, 7.851, 8.984, 10.904, 12.35, 13.588, 12.854, 9.686, 8.38, 10.405, 10.592, 9.528, 9.368, 10.24, 10.884, 10.771, 10.511, 11.996, 13.192, 12.472, 12.421, 13.25, 13.66, 13.268, 12.882, 13.534, 14.735, 16.51, 18.552, 20.387, 20.746, 20.348, 19.638, 19.124, 18.856, 17.937, 16.253, 14.857, 15.505, 15.322, 15.242, 16.136], [8.228, 7.722, 9.903, 10.711, 7.613, 4.896, 3.766, 3.558, 3.411, 2.846, 2.594, 1.967, 0.0, 3.126, 4.889, 4.618, 3.629, 4.79, 6.526, 8.307, 8.722, 8.181, 7.74, 9.24, 12.879, 15.303, 14.751, 15.775, 18.032, 19.187, 17.697, 17.571, 19.181, 20.453, 20.602, 19.141, 18.355, 17.748, 16.409, 15.793, 16.18, 17.436, 18.991, 20.559, 20.334, 20.238, 20.865, 22.327, 23.589, 23.022, 20.176, 18.309, 18.132, 15.896, 13.35, 11.321, 11.424, 11.483, 9.736, 8.429, 8.266, 8.657, 8.11, 7.208, 6.857, 6.983, 6.121, 2.041, 3.814, 4.257, 3.183, 2.613, 3.03, 3.749, 4.908, 7.27, 6.848, 5.149, 4.178, 4.554, 5.155, 5.572, 4.511, 2.694, 2.806, 4.025, 4.015, 4.577, 5.234, 2.81, 3.729, 3.045, 2.084, 3.758, 5.691, 5.873, 5.99, 7.283, 8.56, 8.991, 8.597, 7.195, 6.817, 7.877, 7.948, 7.333, 8.489, 10.536, 11.963, 13.2, 12.394, 9.202, 7.997, 10.028, 10.18, 8.924, 8.929, 9.733, 10.433, 10.21, 10.012, 11.299, 12.342, 11.781, 11.626, 12.385, 12.875, 12.413, 11.768, 12.202, 13.806, 15.399, 17.548, 19.536, 19.949, 19.613, 18.907, 18.118, 18.073, 17.185, 15.438, 13.962, 13.958, 14.029, 14.452, 15.205], [11.231, 10.715, 12.912, 13.719, 10.617, 7.9, 6.774, 6.333, 5.893, 5.353, 4.858, 4.297, 3.126, 0.0, 2.221, 2.037, 1.284, 2.318, 3.747, 5.594, 5.879, 5.545, 5.217, 6.223, 9.968, 12.38, 11.837, 12.879, 15.129, 16.285, 14.941, 14.928, 16.39, 17.639, 17.835, 16.485, 15.512, 14.84, 13.5, 12.933, 13.336, 14.51, 16.026, 17.6, 17.351, 17.246, 17.872, 19.349, 20.581, 20.049, 17.222, 15.343, 15.124, 12.883, 10.377, 8.359, 8.584, 8.667, 6.913, 5.567, 5.333, 5.923, 5.346, 4.404, 4.413, 4.279, 3.43, 3.104, 6.592, 6.903, 6.12, 5.41, 5.895, 6.708, 7.918, 10.263, 9.865, 8.039, 7.137, 7.543, 8.159, 8.586, 7.372, 5.36, 5.691, 6.871, 6.79, 7.558, 8.244, 4.833, 3.254, 2.958, 2.949, 3.033, 3.266, 3.255, 3.274, 4.33, 5.603, 6.033, 5.724, 4.418, 4.069, 5.203, 5.341, 5.022, 5.78, 7.569, 9.005, 10.243, 9.441, 6.604, 5.173, 7.012, 7.184, 5.962, 5.978, 6.816, 7.511, 7.253, 7.118, 8.474, 9.545, 8.913, 8.76, 9.595, 9.985, 9.565, 9.077, 9.609, 10.959, 12.707, 14.865, 16.793, 17.175, 16.777, 16.092, 15.393, 15.208, 14.39, 12.621, 11.167, 11.622, 11.524, 11.66, 12.465], [12.916, 12.397, 14.612, 15.401, 12.264, 9.548, 8.467, 8.194, 7.811, 7.301, 6.876, 6.134, 4.889, 2.221, 0.0, 0.846, 1.748, 1.756, 2.005, 3.592, 4.073, 3.577, 3.431, 4.559, 8.224, 10.66, 10.145, 11.085, 13.432, 14.543, 13.044, 12.915, 14.459, 15.739, 15.899, 14.473, 13.636, 13.131, 11.774, 11.079, 11.461, 12.828, 14.353, 15.892, 15.62, 15.535, 16.183, 17.667, 18.895, 18.382, 15.545, 13.667, 13.443, 11.209, 8.688, 6.696, 6.683, 6.747, 5.035, 3.832, 3.594, 3.941, 3.518, 2.564, 2.423, 2.384, 2.342, 4.314, 8.415, 8.755, 7.801, 7.218, 7.582, 8.406, 9.599, 11.959, 11.546, 9.652, 8.788, 9.207, 9.839, 10.288, 9.052, 7.078, 7.423, 8.612, 8.639, 9.277, 9.924, 6.913, 4.186, 4.333, 4.898, 3.679, 2.813, 2.556, 2.784, 3.137, 4.051, 4.438, 4.432, 3.495, 3.117, 4.094, 4.562, 4.648, 4.773, 6.063, 7.405, 8.566, 7.817, 5.719, 4.123, 5.315, 5.502, 4.53, 4.374, 5.189, 5.767, 5.617, 5.364, 6.598, 7.628, 7.142, 6.89, 7.668, 8.203, 7.748, 7.155, 7.583, 9.059, 10.656, 12.865, 14.848, 15.252, 14.91, 14.252, 13.555, 13.467, 12.566, 10.777, 9.261, 9.512, 9.465, 9.747, 10.566], [12.574, 12.054, 14.279, 15.068, 11.932, 9.205, 8.161, 7.917, 7.587, 7.054, 6.668, 5.915, 4.618, 2.037, 0.846, 0.0, 1.535, 1.847, 2.246, 3.939, 4.431, 3.944, 3.697, 4.9, 8.548, 10.97, 10.491, 11.425, 13.754, 14.878, 13.36, 13.212, 14.772, 16.053, 16.155, 14.718, 13.924, 13.432, 12.053, 11.411, 11.79, 13.153, 14.675, 16.216, 15.973, 15.868, 16.508, 17.987, 19.242, 18.693, 15.855, 13.988, 13.783, 11.548, 9.005, 7.02, 7.017, 7.055, 5.381, 4.135, 3.917, 4.215, 3.7, 2.776, 2.532, 2.605, 2.17, 4.066, 8.161, 8.461, 7.483, 6.937, 7.323, 8.103, 9.255, 11.617, 11.203, 9.309, 8.433, 8.863, 9.502, 9.933, 8.752, 6.753, 7.165, 8.352, 8.381, 8.943, 9.591, 6.685, 4.097, 4.159, 4.757, 3.663, 3.01, 2.688, 2.923, 3.387, 4.34, 4.727, 4.687, 3.581, 3.246, 4.307, 4.737, 4.692, 4.947, 6.312, 7.718, 8.874, 8.139, 5.915, 4.365, 5.643, 5.822, 4.747, 4.603, 5.438, 6.094, 5.959, 5.725, 6.923, 7.947, 7.503, 7.226, 7.983, 8.516, 8.048, 7.433, 7.849, 9.363, 10.953, 13.13, 15.088, 15.526, 15.232, 14.585, 13.851, 13.758, 12.869, 11.108, 9.523, 9.721, 9.656, 10.073, 10.859], [11.62, 11.101, 13.326, 14.132, 11.061, 8.355, 7.197, 6.949, 6.652, 6.086, 5.682, 4.946, 3.629, 1.284, 1.748, 1.535, 0.0, 1.889, 3.247, 5.076, 5.347, 4.919, 4.664, 5.827, 9.501, 12.021, 11.37, 12.329, 14.618, 15.8, 14.36, 14.264, 15.829, 17.094, 17.298, 15.885, 15.012, 14.413, 13.126, 12.411, 12.811, 14.023, 15.628, 17.166, 16.921, 16.848, 17.464, 18.963, 20.181, 19.642, 16.763, 14.918, 14.718, 12.501, 10.008, 7.932, 8.047, 8.123, 6.484, 5.169, 4.964, 5.375, 4.842, 3.948, 3.738, 3.684, 2.915, 3.307, 7.042, 7.595, 6.509, 5.988, 6.229, 7.073, 8.295, 10.656, 10.247, 8.415, 7.53, 7.913, 8.551, 9.071, 7.863, 5.921, 6.175, 7.422, 7.317, 8.029, 8.657, 5.655, 3.65, 3.409, 3.769, 3.382, 3.108, 2.795, 2.952, 3.948, 5.156, 5.62, 5.319, 3.946, 3.668, 4.737, 5.058, 4.736, 5.449, 7.155, 8.561, 9.794, 8.967, 6.175, 4.822, 6.599, 6.768, 5.532, 5.522, 6.344, 7.052, 6.897, 6.6, 7.967, 8.997, 8.358, 8.234, 9.052, 9.503, 9.101, 8.558, 8.967, 10.516, 12.13, 14.264, 16.224, 16.618, 16.222, 15.5, 14.862, 14.795, 13.935, 12.061, 10.632, 10.724, 10.806, 11.106, 11.916], [12.88, 12.457, 14.579, 15.363, 12.221, 9.553, 8.417, 8.049, 7.664, 7.223, 6.785, 5.999, 4.79, 2.318, 1.756, 1.847, 1.889, 0.0, 2.017, 3.727, 4.127, 3.748, 3.588, 4.609, 8.169, 10.607, 10.082, 11.121, 13.376, 14.572, 13.085, 12.984, 14.556, 15.837, 16.036, 14.598, 13.731, 13.119, 11.731, 11.134, 11.538, 12.762, 14.256, 15.82, 15.698, 15.595, 16.228, 17.677, 18.935, 18.286, 15.427, 13.641, 13.476, 11.239, 8.661, 6.6, 6.822, 6.871, 5.078, 3.746, 3.644, 4.195, 4.061, 3.13, 2.772, 3.223, 2.769, 4.266, 8.229, 8.691, 7.768, 7.078, 7.482, 8.317, 9.578, 11.911, 11.555, 9.601, 8.731, 9.162, 9.835, 10.244, 9.02, 7.123, 7.434, 8.568, 8.535, 9.29, 9.93, 6.781, 4.25, 4.131, 4.803, 3.373, 2.047, 1.995, 2.046, 3.218, 4.071, 4.323, 4.308, 2.954, 2.714, 3.904, 4.348, 4.101, 4.86, 6.061, 7.324, 8.442, 7.858, 5.411, 4.03, 5.362, 5.528, 4.303, 4.458, 5.102, 5.733, 5.521, 5.342, 6.683, 7.717, 7.137, 6.984, 7.777, 8.223, 7.788, 7.16, 7.876, 9.26, 10.895, 13.024, 14.95, 15.352, 14.987, 14.334, 13.592, 13.449, 12.614, 10.849, 9.444, 9.723, 9.532, 9.836, 10.622], [14.465, 14.131, 16.239, 16.961, 13.965, 11.285, 10.048, 9.849, 9.228, 8.843, 8.376, 7.576, 6.526, 3.747, 2.005, 2.246, 3.247, 2.017, 0.0, 2.083, 2.545, 2.371, 2.503, 3.336, 6.515, 8.888, 8.325, 9.298, 11.636, 12.868, 11.4, 11.271, 12.821, 14.042, 14.238, 12.892, 11.98, 11.435, 10.164, 9.384, 9.819, 10.989, 12.654, 14.21, 14.089, 13.979, 14.61, 16.054, 17.316, 16.687, 13.828, 12.019, 11.863, 9.631, 7.049, 4.884, 5.068, 5.201, 3.468, 2.234, 2.213, 2.677, 2.961, 1.889, 1.827, 2.226, 2.765, 5.713, 9.883, 10.192, 9.428, 8.806, 9.116, 9.918, 11.175, 13.564, 13.204, 11.295, 10.374, 10.769, 11.471, 11.884, 10.634, 8.788, 9.046, 10.217, 10.283, 10.963, 11.6, 8.371, 5.485, 5.551, 6.458, 4.554, 2.48, 2.155, 2.374, 2.562, 3.02, 3.152, 3.185, 2.649, 2.527, 3.209, 4.041, 3.963, 3.9, 5.232, 6.017, 6.896, 6.573, 4.857, 3.503, 4.171, 4.12, 3.302, 3.514, 3.703, 4.174, 4.07, 3.672, 4.875, 5.955, 5.342, 5.198, 6.07, 6.476, 6.072, 5.753, 6.504, 7.639, 9.292, 11.312, 13.207, 13.584, 13.192, 12.528, 11.941, 11.929, 11.008, 9.092, 7.721, 8.212, 7.858, 8.097, 8.858], [16.085, 15.764, 17.844, 18.593, 15.605, 12.933, 11.689, 11.69, 11.03, 10.73, 10.204, 9.34, 8.307, 5.594, 3.592, 3.939, 5.076, 3.727, 2.083, 0.0, 1.433, 1.306, 1.93, 2.04, 4.846, 7.189, 6.68, 7.553, 9.954, 11.178, 9.597, 9.493, 10.917, 12.213, 12.374, 10.944, 10.191, 9.806, 8.589, 7.699, 7.991, 9.334, 11.007, 12.565, 12.41, 12.309, 12.958, 14.427, 15.689, 15.06, 12.188, 10.392, 10.24, 8.008, 5.404, 3.315, 3.205, 3.353, 1.885, 1.349, 1.666, 1.533, 2.097, 2.318, 2.551, 2.458, 3.645, 7.207, 11.7, 11.907, 11.08, 10.594, 10.797, 11.595, 12.779, 15.161, 14.816, 12.932, 12.035, 12.378, 13.074, 13.526, 12.315, 10.507, 10.738, 11.926, 12.165, 12.651, 13.234, 10.24, 7.003, 7.094, 8.192, 6.02, 3.777, 3.248, 3.554, 3.379, 3.535, 3.675, 3.455, 3.635, 3.745, 4.167, 4.701, 4.866, 4.669, 5.762, 5.513, 6.105, 5.976, 5.398, 4.322, 4.215, 3.467, 3.573, 3.8, 3.458, 3.651, 3.586, 3.144, 3.107, 4.095, 3.634, 3.36, 4.171, 4.828, 4.362, 4.324, 5.131, 6.072, 7.442, 9.378, 11.317, 11.713, 11.392, 10.815, 10.201, 10.253, 9.308, 7.418, 6.035, 6.727, 6.064, 6.281, 7.088], [16.667, 16.38, 18.454, 19.176, 16.151, 13.507, 12.285, 12.067, 11.383, 11.058, 10.41, 9.546, 8.722, 5.879, 4.073, 4.431, 5.347, 4.127, 2.545, 1.433, 0.0, 1.077, 1.743, 1.502, 4.298, 6.777, 6.126, 7.136, 9.451, 10.676, 9.37, 9.279, 10.797, 11.985, 12.18, 10.887, 9.905, 9.325, 8.09, 7.355, 7.779, 8.787, 10.451, 11.985, 11.881, 11.791, 12.408, 13.878, 15.114, 14.458, 11.604, 9.842, 9.665, 7.452, 4.954, 2.777, 3.216, 3.228, 2.112, 1.8, 1.986, 1.859, 2.453, 2.58, 2.982, 3.046, 4.337, 7.702, 12.047, 12.408, 11.677, 11.045, 11.331, 12.133, 13.424, 15.805, 15.452, 13.501, 12.61, 12.984, 13.719, 14.103, 12.847, 11.025, 11.287, 12.466, 12.463, 13.191, 13.848, 10.362, 7.301, 7.407, 8.436, 6.54, 4.227, 3.933, 3.983, 3.749, 3.939, 4.014, 3.876, 4.022, 4.074, 4.65, 5.302, 5.442, 5.216, 6.247, 5.874, 6.322, 6.259, 5.936, 4.82, 4.575, 3.695, 4.122, 4.329, 4.056, 4.086, 4.149, 3.665, 3.264, 3.919, 3.263, 3.221, 4.022, 4.322, 4.052, 3.712, 4.385, 5.556, 7.335, 9.324, 11.164, 11.515, 11.106, 10.453, 9.893, 9.812, 8.857, 6.947, 5.581, 6.125, 5.878, 6.061, 6.826], [16.191, 15.808, 17.913, 18.693, 15.652, 12.956, 11.716, 11.531, 11.015, 10.619, 10.212, 9.421, 8.181, 5.545, 3.577, 3.944, 4.919, 3.748, 2.371, 1.306, 1.077, 0.0, 1.382, 1.786, 4.812, 7.183, 6.641, 7.622, 9.922, 11.119, 9.585, 9.513, 11.055, 12.324, 12.494, 11.089, 10.222, 9.706, 8.39, 7.678, 8.066, 9.322, 10.956, 12.517, 12.346, 12.239, 12.891, 14.341, 15.604, 14.992, 12.118, 10.312, 10.15, 7.919, 5.423, 3.35, 3.36, 3.422, 2.219, 1.637, 1.872, 1.677, 2.332, 2.343, 2.589, 2.652, 4.016, 7.221, 11.57, 11.957, 11.081, 10.497, 10.798, 11.623, 12.855, 15.224, 14.86, 12.99, 12.06, 12.459, 13.113, 13.544, 12.343, 10.485, 10.689, 11.901, 11.995, 12.639, 13.278, 10.204, 7.209, 7.318, 8.254, 6.36, 4.291, 3.744, 4.039, 3.912, 4.031, 4.185, 4.015, 4.221, 4.359, 4.804, 5.277, 5.495, 5.317, 6.312, 6.081, 6.727, 6.631, 6.046, 4.877, 4.598, 3.76, 4.078, 4.33, 4.085, 4.273, 4.167, 3.698, 3.621, 4.229, 3.721, 3.594, 4.25, 4.734, 4.318, 3.872, 4.445, 5.824, 7.48, 9.488, 11.438, 11.832, 11.488, 10.812, 10.085, 10.091, 9.237, 7.334, 5.887, 6.184, 6.093, 6.32, 7.109], [15.7, 15.238, 17.427, 18.196, 15.052, 12.327, 11.25, 10.842, 10.693, 10.187, 9.831, 9.145, 7.74, 5.217, 3.431, 3.697, 4.664, 3.588, 2.503, 1.93, 1.743, 1.382, 0.0, 1.867, 5.473, 7.928, 7.436, 8.467, 10.721, 11.839, 10.433, 10.338, 11.901, 13.179, 13.348, 11.914, 11.077, 10.398, 9.017, 8.471, 8.876, 10.106, 11.572, 13.076, 12.922, 12.768, 13.423, 14.848, 16.113, 15.527, 12.741, 10.88, 10.672, 8.417, 5.879, 3.929, 4.205, 4.209, 2.616, 1.871, 1.921, 1.97, 2.454, 2.312, 2.438, 2.787, 4.154, 6.925, 11.174, 11.654, 10.663, 9.979, 10.329, 11.156, 12.395, 14.756, 14.342, 12.449, 11.57, 11.993, 12.635, 13.062, 11.856, 9.936, 10.187, 11.44, 11.28, 12.057, 12.721, 9.767, 7.041, 7.249, 7.91, 6.279, 4.521, 3.983, 4.161, 3.95, 3.965, 4.184, 4.158, 4.247, 4.397, 5.002, 5.381, 5.69, 5.485, 6.363, 6.248, 6.846, 6.914, 6.287, 4.753, 4.681, 3.813, 4.134, 4.509, 4.483, 4.578, 4.338, 4.048, 4.352, 5.161, 4.56, 4.333, 5.119, 5.561, 5.123, 4.341, 4.922, 6.494, 8.148, 10.309, 12.295, 12.698, 12.327, 11.622, 10.877, 10.715, 9.88, 8.137, 6.757, 6.796, 6.867, 7.178, 7.96], [17.398, 16.912, 19.112, 19.898, 16.758, 14.052, 12.96, 12.505, 11.941, 11.516, 10.577, 9.767, 9.24, 6.223, 4.559, 4.9, 5.827, 4.609, 3.336, 2.04, 1.502, 1.786, 1.867, 0.0, 4.104, 6.744, 5.909, 7.043, 9.155, 10.389, 9.371, 9.429, 10.802, 11.986, 12.178, 10.912, 9.824, 9.081, 7.848, 7.304, 7.739, 8.643, 9.979, 11.497, 11.273, 11.127, 11.727, 13.22, 14.417, 13.877, 11.148, 9.217, 9.006, 6.767, 4.437, 2.446, 3.163, 3.169, 1.946, 1.876, 2.059, 2.195, 2.622, 2.744, 3.22, 3.289, 4.574, 8.364, 12.703, 13.07, 12.287, 11.581, 12.026, 12.861, 14.1, 16.459, 16.054, 14.149, 13.273, 13.698, 14.344, 14.777, 13.531, 11.543, 11.881, 13.063, 12.905, 13.759, 14.43, 10.35, 7.068, 7.39, 8.442, 6.945, 4.906, 4.413, 4.356, 4.046, 3.704, 3.795, 3.774, 4.312, 4.481, 4.773, 4.997, 5.492, 5.327, 5.828, 5.359, 5.712, 5.826, 5.703, 4.564, 3.847, 2.928, 3.755, 4.003, 3.924, 3.919, 4.024, 3.526, 3.317, 4.2, 3.541, 3.248, 4.059, 4.41, 3.98, 3.567, 4.446, 5.395, 7.163, 9.288, 11.16, 11.511, 11.087, 10.434, 9.841, 9.609, 8.752, 6.97, 5.681, 6.442, 6.022, 6.019, 6.863], [20.913, 20.537, 22.629, 23.41, 20.321, 17.655, 16.465, 16.187, 15.483, 15.211, 14.382, 13.359, 12.879, 9.968, 8.224, 8.548, 9.501, 8.169, 6.515, 4.846, 4.298, 4.812, 5.473, 4.104, 0.0, 2.834, 2.189, 3.088, 5.297, 6.601, 5.878, 5.665, 6.815, 8.047, 8.308, 6.951, 6.214, 5.582, 4.659, 3.637, 3.802, 4.738, 6.222, 7.786, 7.635, 7.531, 8.172, 9.597, 10.867, 10.259, 7.508, 5.667, 5.5, 3.384, 1.916, 2.126, 2.123, 2.032, 3.292, 4.666, 4.753, 4.753, 5.308, 5.998, 6.428, 6.461, 7.676, 11.86, 16.253, 16.634, 15.831, 15.212, 15.52, 16.354, 17.615, 19.957, 19.607, 17.673, 16.772, 17.184, 17.875, 18.282, 17.036, 15.193, 15.453, 16.628, 16.584, 17.348, 18.006, 14.217, 10.787, 10.88, 12.268, 10.196, 7.556, 7.256, 7.29, 6.119, 5.254, 5.272, 5.259, 6.06, 6.595, 6.297, 6.173, 6.718, 6.46, 6.684, 5.569, 5.478, 5.951, 6.619, 6.148, 5.239, 4.155, 4.93, 5.149, 4.566, 4.287, 4.933, 4.153, 3.222, 2.406, 2.581, 2.392, 1.956, 2.106, 1.653, 2.173, 2.659, 3.068, 3.758, 5.484, 7.192, 7.622, 7.137, 6.611, 6.305, 6.085, 5.168, 3.922, 4.051, 4.595, 3.247, 2.401, 3.033], [23.172, 22.942, 24.965, 25.709, 22.731, 20.092, 18.823, 18.584, 17.914, 17.642, 16.918, 15.986, 15.303, 12.38, 10.66, 10.97, 12.021, 10.607, 8.888, 7.189, 6.777, 7.183, 7.928, 6.744, 2.834, 0.0, 1.671, 1.232, 3.533, 4.924, 4.12, 3.168, 4.48, 5.517, 5.862, 4.649, 4.289, 3.634, 3.015, 2.441, 2.512, 2.95, 4.0, 5.534, 5.457, 5.335, 5.963, 7.404, 8.652, 7.989, 5.353, 4.058, 3.894, 3.431, 3.589, 4.554, 4.254, 4.12, 5.817, 7.062, 7.296, 7.206, 7.768, 8.403, 8.853, 8.829, 9.988, 14.163, 18.62, 18.915, 18.219, 17.58, 17.855, 18.618, 19.929, 22.322, 21.996, 20.084, 19.163, 19.447, 20.242, 20.607, 19.431, 17.605, 17.853, 19.012, 19.071, 19.74, 20.414, 16.86, 13.495, 13.552, 14.843, 12.676, 9.981, 9.659, 9.754, 8.708, 7.782, 7.469, 7.54, 8.497, 9.159, 8.606, 8.218, 8.759, 8.296, 8.122, 6.898, 6.644, 7.099, 7.99, 8.514, 7.302, 6.4, 6.867, 7.098, 6.316, 5.804, 6.289, 5.904, 4.748, 3.615, 4.039, 4.104, 3.532, 3.232, 3.443, 4.157, 4.022, 2.902, 3.224, 3.802, 4.706, 5.361, 4.849, 4.73, 4.446, 4.862, 4.034, 3.053, 4.318, 4.857, 4.132, 3.134, 2.345], [22.605, 22.42, 24.393, 25.158, 22.217, 19.585, 18.32, 18.108, 17.373, 17.101, 16.279, 15.301, 14.751, 11.837, 10.145, 10.491, 11.37, 10.082, 8.325, 6.68, 6.126, 6.641, 7.436, 5.909, 2.189, 1.671, 0.0, 1.654, 4.264, 5.9, 5.301, 4.355, 5.409, 6.527, 6.852, 5.764, 5.357, 4.659, 3.898, 2.831, 2.929, 3.25, 4.519, 6.113, 6.015, 5.897, 6.484, 7.973, 9.211, 8.504, 5.754, 3.978, 4.08, 2.714, 2.543, 3.762, 3.721, 3.577, 5.209, 6.411, 6.709, 6.628, 7.171, 7.885, 8.379, 8.327, 9.475, 13.639, 18.013, 18.408, 17.708, 17.064, 17.291, 18.096, 19.403, 21.795, 21.478, 19.576, 18.662, 18.93, 19.724, 20.11, 18.918, 17.104, 17.322, 18.499, 18.515, 19.254, 19.897, 16.089, 12.572, 12.63, 14.167, 12.124, 9.296, 9.04, 8.891, 7.804, 6.74, 6.407, 6.548, 7.716, 8.224, 7.507, 7.272, 7.767, 7.186, 6.85, 5.765, 5.645, 6.035, 6.833, 7.474, 6.218, 5.375, 6.038, 6.121, 5.343, 4.742, 5.234, 4.984, 4.058, 2.908, 3.432, 3.659, 3.114, 3.073, 3.133, 3.897, 3.824, 3.248, 3.71, 4.881, 5.673, 6.255, 5.908, 5.694, 5.621, 5.733, 4.816, 3.671, 4.543, 5.004, 3.979, 2.798, 2.648], [23.519, 23.269, 25.312, 26.076, 23.105, 20.472, 19.206, 19.142, 18.396, 18.11, 17.41, 16.306, 15.775, 12.879, 11.085, 11.425, 12.329, 11.121, 9.298, 7.553, 7.136, 7.622, 8.467, 7.043, 3.088, 1.232, 1.654, 0.0, 3.202, 4.85, 4.185, 3.185, 4.222, 5.426, 5.639, 4.496, 4.109, 3.628, 2.922, 2.152, 2.195, 2.582, 3.726, 5.264, 5.08, 5.01, 5.628, 7.075, 8.348, 7.721, 5.285, 3.95, 3.94, 3.342, 3.543, 4.873, 4.534, 4.44, 6.141, 7.469, 7.725, 7.46, 8.041, 8.805, 9.295, 9.141, 10.276, 14.515, 19.053, 19.361, 18.567, 18.07, 18.173, 18.992, 20.254, 22.644, 22.324, 20.45, 19.563, 19.785, 20.568, 21.038, 19.804, 18.019, 18.231, 19.432, 19.542, 20.173, 20.747, 17.202, 13.614, 13.692, 15.26, 13.191, 10.254, 9.952, 10.072, 9.039, 7.867, 7.498, 7.59, 8.814, 9.346, 8.485, 8.227, 8.844, 8.321, 8.198, 6.899, 6.62, 7.042, 8.016, 8.564, 7.393, 6.467, 7.255, 7.096, 6.295, 5.872, 6.59, 6.051, 4.911, 3.857, 4.23, 4.307, 3.79, 3.305, 3.635, 4.41, 4.177, 3.059, 3.088, 3.677, 4.601, 4.965, 4.639, 4.431, 4.464, 4.743, 3.859, 3.092, 4.424, 4.838, 4.19, 3.136, 2.55], [25.988, 25.669, 27.725, 28.529, 25.523, 22.862, 21.572, 21.404, 20.664, 20.363, 19.597, 18.542, 18.032, 15.129, 13.432, 13.754, 14.618, 13.376, 11.636, 9.954, 9.451, 9.922, 10.721, 9.155, 5.297, 3.533, 4.264, 3.202, 0.0, 2.109, 1.77, 2.477, 2.934, 3.468, 3.599, 2.946, 2.808, 2.426, 2.946, 3.273, 2.995, 2.982, 2.962, 4.171, 4.633, 5.253, 5.871, 6.19, 6.628, 6.591, 6.068, 5.605, 5.87, 5.745, 5.674, 7.028, 6.873, 6.841, 8.459, 9.7, 9.951, 9.824, 10.407, 11.103, 11.599, 11.489, 12.652, 16.951, 21.348, 21.69, 20.96, 20.334, 20.586, 21.423, 22.679, 25.032, 24.724, 22.854, 21.926, 22.235, 22.96, 23.414, 22.193, 20.371, 20.585, 21.764, 21.795, 22.498, 23.148, 19.352, 15.71, 15.814, 17.459, 15.433, 12.615, 12.292, 12.291, 11.199, 10.014, 9.679, 9.824, 11.081, 11.602, 10.65, 10.434, 11.084, 10.469, 10.564, 9.368, 9.097, 9.51, 10.343, 10.714, 9.505, 8.638, 9.497, 9.413, 8.73, 8.403, 9.021, 8.402, 7.548, 6.603, 6.77, 6.785, 6.26, 5.888, 5.748, 6.452, 6.122, 4.6, 3.372, 2.575, 2.97, 3.008, 2.737, 2.848, 3.203, 2.861, 3.396, 3.882, 5.612, 6.554, 6.046, 4.595, 3.905], [27.204, 26.803, 28.921, 29.722, 26.687, 23.964, 22.782, 22.53, 21.846, 21.538, 20.732, 19.684, 19.187, 16.285, 14.543, 14.878, 15.8, 14.572, 12.868, 11.178, 10.676, 11.119, 11.839, 10.389, 6.601, 4.924, 5.9, 4.85, 2.109, 0.0, 2.106, 3.25, 3.423, 3.034, 3.059, 3.084, 3.0, 2.696, 3.857, 4.389, 4.191, 4.248, 4.138, 5.27, 5.729, 6.37, 7.034, 7.276, 7.492, 7.604, 7.17, 6.89, 7.303, 7.378, 7.33, 8.318, 8.241, 8.072, 9.654, 11.016, 11.19, 10.975, 11.598, 12.179, 12.69, 12.657, 13.863, 18.17, 22.591, 22.961, 22.129, 21.525, 21.843, 22.686, 23.885, 26.238, 25.86, 24.029, 23.107, 23.449, 24.123, 24.596, 23.403, 21.513, 21.746, 22.935, 22.938, 23.643, 24.287, 20.538, 17.081, 17.15, 18.628, 16.633, 14.023, 13.591, 13.66, 12.504, 11.595, 11.423, 11.438, 12.431, 13.028, 12.505, 12.05, 12.858, 12.384, 12.396, 11.193, 10.943, 11.391, 12.312, 12.382, 11.28, 10.207, 10.81, 10.978, 10.268, 9.983, 10.689, 9.902, 8.888, 8.175, 8.162, 8.234, 7.566, 7.187, 6.98, 7.598, 7.22, 5.653, 4.345, 3.024, 3.066, 2.875, 2.656, 2.682, 3.148, 3.173, 3.854, 4.769, 6.696, 7.678, 7.203, 5.841, 5.129], [25.397, 25.147, 27.106, 27.977, 25.019, 22.394, 21.154, 21.087, 20.419, 20.114, 19.557, 18.657, 17.697, 14.941, 13.044, 13.36, 14.36, 13.085, 11.4, 9.597, 9.37, 9.585, 10.433, 9.371, 5.878, 4.12, 5.301, 4.185, 1.77, 2.106, 0.0, 2.07, 2.658, 2.884, 3.1, 2.277, 2.026, 2.082, 2.697, 3.211, 3.2, 3.739, 3.906, 5.222, 5.734, 6.365, 7.03, 7.288, 7.564, 7.652, 7.127, 6.909, 7.209, 7.095, 6.887, 7.298, 7.004, 6.743, 8.542, 9.665, 10.139, 9.49, 10.158, 10.779, 11.174, 11.041, 12.281, 16.41, 21.013, 21.351, 20.481, 20.009, 20.099, 20.915, 22.182, 24.504, 24.204, 22.372, 21.485, 21.692, 22.441, 23.005, 21.738, 19.967, 20.149, 21.371, 21.529, 22.083, 22.635, 19.542, 16.259, 16.326, 17.527, 15.27, 12.867, 12.273, 12.39, 11.654, 10.96, 10.906, 10.871, 11.607, 12.256, 11.595, 11.534, 12.2, 11.872, 12.005, 10.817, 10.617, 11.023, 11.806, 11.931, 10.883, 9.778, 10.16, 10.526, 9.689, 9.513, 10.097, 9.406, 7.877, 7.032, 7.188, 6.974, 5.994, 5.616, 5.533, 6.168, 5.716, 4.165, 2.918, 1.935, 2.623, 2.584, 2.392, 2.353, 2.404, 2.483, 2.761, 3.199, 4.852, 5.715, 5.309, 4.651, 3.879], [25.142, 24.912, 26.9, 27.759, 24.813, 22.19, 20.954, 20.972, 20.366, 20.053, 19.563, 18.731, 17.571, 14.928, 12.915, 13.212, 14.264, 12.984, 11.271, 9.493, 9.279, 9.513, 10.338, 9.429, 5.665, 3.168, 4.355, 3.185, 2.477, 3.25, 2.07, 0.0, 1.932, 3.056, 3.341, 2.104, 2.001, 1.688, 1.989, 2.367, 2.207, 2.828, 2.938, 4.105, 4.274, 4.846, 5.498, 6.013, 7.103, 7.041, 5.908, 5.398, 5.722, 5.8, 6.335, 7.286, 6.761, 6.508, 8.472, 9.72, 10.137, 9.461, 10.148, 10.701, 10.983, 10.958, 12.087, 16.266, 20.941, 21.172, 20.311, 19.878, 19.851, 20.588, 21.854, 24.19, 23.979, 22.17, 21.273, 21.329, 22.177, 22.771, 21.557, 19.807, 19.998, 21.208, 21.43, 21.893, 22.429, 19.569, 16.359, 16.424, 17.57, 15.212, 12.798, 12.312, 12.562, 11.594, 10.767, 10.495, 10.521, 11.34, 12.111, 11.471, 11.118, 11.715, 11.241, 10.988, 9.707, 9.326, 9.746, 10.882, 11.548, 10.385, 9.422, 9.685, 9.977, 8.987, 8.518, 9.115, 8.71, 7.258, 6.05, 6.525, 6.599, 5.822, 5.39, 5.474, 6.052, 5.549, 4.101, 2.591, 2.128, 2.478, 2.997, 2.754, 2.495, 2.723, 3.576, 3.013, 3.237, 4.708, 5.384, 4.898, 3.958, 3.216], [26.703, 26.445, 28.434, 29.338, 26.378, 23.76, 22.557, 22.552, 21.855, 21.582, 21.01, 20.028, 19.181, 16.39, 14.459, 14.772, 15.829, 14.556, 12.821, 10.917, 10.797, 11.055, 11.901, 10.802, 6.815, 4.48, 5.409, 4.222, 2.934, 3.423, 2.658, 1.932, 0.0, 1.828, 2.392, 1.453, 1.721, 1.933, 3.008, 3.528, 3.168, 2.973, 2.304, 3.176, 3.674, 4.281, 4.957, 5.224, 5.944, 6.103, 5.391, 5.26, 5.662, 6.374, 7.385, 8.574, 7.915, 7.806, 9.638, 10.919, 11.289, 10.668, 11.33, 12.194, 12.592, 12.334, 13.376, 17.772, 22.512, 22.731, 21.893, 21.461, 21.413, 22.209, 23.397, 25.709, 25.524, 23.755, 22.885, 22.82, 23.696, 24.358, 23.136, 21.391, 21.601, 22.799, 22.998, 23.513, 23.982, 20.98, 17.5, 17.539, 18.962, 16.68, 13.912, 13.471, 13.714, 12.739, 11.769, 11.572, 11.593, 12.592, 13.197, 12.517, 12.136, 12.799, 12.326, 11.889, 10.459, 9.814, 10.494, 11.99, 12.591, 11.451, 10.452, 10.809, 11.046, 10.031, 9.521, 10.015, 9.848, 8.447, 7.202, 7.684, 7.76, 7.109, 6.704, 6.866, 7.629, 7.107, 5.56, 3.975, 2.394, 2.053, 1.978, 2.281, 2.37, 3.031, 3.736, 3.525, 4.375, 5.882, 6.806, 6.366, 5.097, 4.459], [27.859, 27.712, 29.606, 30.498, 27.617, 25.034, 23.831, 23.827, 23.131, 22.848, 22.224, 21.224, 20.453, 17.639, 15.739, 16.053, 17.094, 15.837, 14.042, 12.213, 11.985, 12.324, 13.179, 11.986, 8.047, 5.517, 6.527, 5.426, 3.468, 3.034, 2.884, 3.056, 1.828, 0.0, 1.036, 1.704, 2.417, 2.993, 4.242, 4.792, 4.419, 4.028, 3.521, 4.164, 4.723, 5.293, 5.967, 6.137, 6.209, 6.315, 6.28, 6.45, 6.838, 7.484, 8.676, 9.701, 9.188, 9.098, 10.899, 12.223, 12.538, 11.976, 12.606, 13.41, 13.861, 13.626, 14.646, 18.993, 23.746, 23.984, 23.166, 22.74, 22.685, 23.476, 24.685, 26.995, 26.768, 25.014, 24.133, 24.091, 24.951, 25.622, 24.411, 22.659, 22.877, 24.075, 24.272, 24.781, 25.246, 22.163, 18.739, 18.805, 20.149, 17.976, 15.174, 14.738, 14.885, 13.884, 13.094, 12.846, 12.892, 13.704, 14.401, 13.764, 13.494, 14.031, 13.522, 12.995, 11.54, 10.964, 11.627, 13.178, 13.893, 12.707, 11.775, 12.096, 12.351, 11.305, 10.77, 11.218, 11.045, 9.557, 8.429, 8.908, 9.049, 8.288, 7.844, 8.125, 8.902, 8.369, 6.75, 5.213, 3.204, 1.833, 1.441, 1.725, 2.411, 3.206, 3.623, 4.046, 5.212, 6.939, 7.839, 7.461, 6.093, 5.412], [28.018, 27.803, 29.745, 30.552, 27.696, 25.07, 23.958, 23.996, 23.297, 23.04, 22.424, 21.417, 20.602, 17.835, 15.899, 16.155, 17.298, 16.036, 14.238, 12.374, 12.18, 12.494, 13.348, 12.178, 8.308, 5.862, 6.852, 5.639, 3.599, 3.059, 3.1, 3.341, 2.392, 1.036, 0.0, 1.88, 2.694, 3.273, 4.511, 5.073, 4.718, 4.38, 4.047, 4.693, 5.214, 5.801, 6.477, 6.617, 6.58, 6.548, 6.803, 6.985, 7.373, 7.941, 8.911, 9.88, 9.468, 9.314, 11.111, 12.42, 12.797, 12.116, 12.663, 13.551, 13.936, 13.718, 14.755, 19.087, 23.923, 24.09, 23.305, 22.904, 22.926, 23.702, 24.816, 27.087, 26.823, 25.075, 24.18, 24.252, 25.049, 25.68, 24.544, 22.768, 23.033, 24.234, 24.454, 24.874, 25.349, 22.342, 18.886, 18.97, 20.339, 18.213, 15.408, 14.966, 15.135, 14.162, 13.3, 13.063, 13.085, 13.954, 14.613, 13.975, 13.701, 14.305, 13.837, 13.318, 11.919, 11.478, 11.969, 13.443, 14.13, 12.978, 12.004, 12.348, 12.565, 11.516, 11.027, 11.52, 11.321, 9.703, 8.694, 9.188, 9.348, 8.544, 8.107, 8.345, 9.091, 8.534, 6.949, 5.395, 3.427, 2.101, 1.6, 1.963, 2.563, 3.277, 3.778, 4.134, 5.348, 7.059, 7.967, 7.616, 6.425, 5.649], [26.621, 26.348, 28.295, 29.115, 26.216, 23.619, 22.473, 22.585, 21.899, 21.645, 21.108, 20.156, 19.141, 16.485, 14.473, 14.718, 15.885, 14.598, 12.892, 10.944, 10.887, 11.089, 11.914, 10.912, 6.951, 4.649, 5.764, 4.496, 2.946, 3.084, 2.277, 2.104, 1.453, 1.704, 1.88, 0.0, 1.427, 2.029, 3.307, 3.861, 3.56, 3.657, 3.238, 4.189, 4.745, 5.306, 5.996, 6.236, 6.511, 6.64, 6.072, 6.207, 6.548, 7.135, 7.661, 8.658, 8.105, 7.901, 9.766, 11.025, 11.437, 10.715, 11.325, 12.23, 12.453, 12.3, 13.334, 17.644, 22.479, 22.684, 21.846, 21.461, 21.464, 22.209, 23.365, 25.653, 25.382, 23.602, 22.699, 22.757, 23.598, 24.193, 23.086, 21.347, 21.584, 22.801, 23.022, 23.388, 23.881, 21.091, 17.671, 17.727, 19.07, 16.761, 14.103, 13.619, 13.808, 12.841, 11.963, 11.814, 11.832, 12.666, 13.348, 12.718, 12.46, 12.992, 12.604, 12.472, 11.134, 10.673, 11.158, 12.323, 12.814, 11.661, 10.713, 11.133, 11.335, 10.444, 9.972, 10.61, 10.133, 8.658, 7.475, 7.988, 7.919, 7.149, 6.752, 7.002, 7.645, 7.11, 5.601, 3.86, 2.285, 1.643, 1.825, 1.67, 2.062, 2.632, 3.208, 3.124, 4.097, 5.801, 6.586, 6.182, 5.153, 4.376], [25.936, 25.749, 27.68, 28.547, 25.605, 22.972, 21.753, 21.722, 21.031, 20.736, 20.08, 19.052, 18.355, 15.512, 13.636, 13.924, 15.012, 13.731, 11.98, 10.191, 9.905, 10.222, 11.077, 9.824, 6.214, 4.289, 5.357, 4.109, 2.808, 3.0, 2.026, 2.001, 1.721, 2.417, 2.694, 1.427, 0.0, 1.254, 2.336, 3.144, 3.231, 3.312, 2.943, 4.116, 4.556, 5.15, 5.771, 6.129, 6.918, 6.963, 6.139, 5.851, 6.191, 6.759, 7.127, 7.613, 7.472, 7.285, 8.955, 10.206, 10.547, 9.999, 10.641, 11.274, 11.741, 11.638, 12.753, 17.016, 21.65, 21.911, 21.127, 20.644, 20.751, 21.549, 22.781, 25.08, 24.807, 22.966, 22.035, 22.219, 23.02, 23.534, 22.354, 20.533, 20.803, 21.97, 22.172, 22.665, 23.268, 19.994, 16.625, 16.708, 17.982, 15.932, 13.243, 12.705, 12.828, 11.963, 11.234, 11.215, 11.168, 11.945, 12.533, 11.911, 11.824, 12.535, 12.193, 12.057, 10.737, 10.289, 10.789, 11.914, 12.221, 11.195, 10.116, 10.553, 10.783, 9.888, 9.524, 10.216, 9.672, 8.072, 7.259, 7.486, 7.396, 6.315, 5.758, 6.134, 6.805, 6.276, 4.65, 3.368, 2.177, 2.103, 2.302, 2.106, 1.877, 2.243, 2.945, 2.453, 3.352, 5.132, 6.025, 5.638, 4.85, 4.199], [25.81, 25.383, 27.532, 28.314