[[0.0, 1.629, 2.734, 2.619, 2.16, 2.338, 2.226, 2.189, 1.923, 1.466, 1.657, 4.317, 3.246, 2.617, 3.041, 2.636, 2.615, 3.31, 3.95, 5.521, 6.445, 6.132, 5.799, 6.483, 6.103, 4.683, 3.394, 3.585, 4.23, 4.904, 4.316, 3.875, 4.082, 5.665, 7.069, 6.919, 5.66, 5.475, 6.403, 6.793, 6.397, 6.277, 6.303, 6.266, 5.465, 5.496, 6.977, 6.184, 2.662, 2.159, 2.7, 3.245, 2.282, 3.689, 2.481, 3.307, 4.767, 4.427, 4.038, 4.893, 6.215, 5.365, 2.691, 4.313, 4.42, 4.282, 4.16, 5.182, 4.435, 4.142, 3.628, 4.0, 3.806, 3.761, 3.984, 4.062, 4.259, 4.159, 3.964, 3.561, 3.675, 4.207, 4.438, 3.967, 3.161, 2.705, 2.627, 2.324, 7.888, 8.072, 8.255, 9.387, 8.935, 7.957, 7.43, 8.145, 8.872, 10.517, 10.754, 11.151, 11.764, 11.891, 10.072, 9.224, 8.966, 8.852, 8.09, 7.341, 6.068, 6.379, 6.765, 6.701, 5.754, 4.63, 4.9, 4.431, 3.74, 3.945, 4.768, 7.344, 7.118, 4.41, 2.973, 3.304, 4.588, 4.488, 3.801, 3.373, 2.592, 2.376, 2.829, 3.964, 5.353, 6.45, 6.284, 7.239, 9.994, 11.5, 11.846, 12.329, 11.565, 9.272, 9.241, 9.54, 7.22, 6.509, 8.395, 10.159, 10.405, 9.543, 8.424, 6.471, 5.674, 5.822, 3.64, 1.703, 2.172, 1.544, 2.217, 3.164, 3.112, 2.48, 3.199, 3.409, 3.425, 4.204, 3.178, 2.264, 2.006, 1.867, 2.563, 1.652, 1.729, 1.955, 1.834, 1.696, 2.739, 2.082, 1.572, 1.646, 2.514, 3.923, 4.503, 5.905, 5.502, 3.128, 2.456, 3.28, 4.905, 4.875, 3.357, 4.679, 5.759, 5.967, 6.157, 6.596, 7.262, 7.196, 7.196, 6.507, 6.122, 5.018, 5.102, 4.268, 2.99, 2.661], [1.629, 0.0, 1.633, 2.056, 1.852, 2.321, 1.964, 1.715, 1.631, 1.93, 2.42, 3.763, 3.224, 3.438, 3.536, 3.059, 2.935, 3.914, 5.121, 6.207, 7.086, 6.314, 5.836, 6.672, 6.737, 5.66, 4.141, 4.281, 5.33, 5.971, 5.411, 4.944, 5.188, 6.808, 8.205, 8.061, 6.665, 6.445, 7.493, 7.914, 7.51, 7.402, 7.331, 7.355, 6.566, 6.533, 7.868, 6.929, 3.396, 2.454, 3.396, 4.15, 2.486, 3.878, 2.548, 4.401, 5.889, 5.424, 4.736, 5.08, 6.321, 5.253, 2.903, 4.471, 4.668, 4.546, 4.855, 6.01, 4.861, 4.463, 4.581, 5.157, 4.994, 4.901, 4.952, 5.142, 5.408, 5.274, 5.057, 4.256, 3.723, 4.235, 4.446, 3.752, 2.902, 2.583, 3.026, 2.596, 7.611, 7.12, 7.145, 8.456, 8.008, 7.043, 6.377, 6.999, 7.725, 9.381, 9.668, 10.227, 11.049, 11.091, 9.619, 8.777, 8.526, 8.44, 7.536, 6.529, 5.099, 5.289, 5.765, 5.558, 4.642, 3.733, 4.007, 4.061, 3.328, 3.103, 3.74, 6.341, 6.804, 4.57, 3.45, 3.507, 4.593, 4.3, 3.187, 2.669, 2.883, 3.118, 2.97, 3.589, 4.382, 5.408, 5.897, 6.993, 9.263, 10.556, 10.71, 11.219, 10.417, 8.129, 8.203, 8.525, 6.294, 5.755, 7.47, 9.028, 9.271, 8.484, 7.281, 5.511, 4.629, 4.743, 2.589, 2.064, 2.932, 2.436, 3.242, 3.98, 3.61, 2.556, 2.676, 2.868, 2.675, 3.799, 2.695, 1.942, 1.657, 1.298, 2.023, 1.945, 2.363, 2.452, 2.024, 2.572, 3.573, 3.067, 2.599, 2.649, 2.395, 3.411, 4.005, 5.17, 4.487, 2.948, 3.342, 3.256, 4.535, 4.45, 3.103, 4.066, 4.703, 4.859, 5.025, 5.521, 6.377, 6.866, 6.71, 5.92, 5.751, 4.807, 4.997, 3.968, 3.067, 2.939], [2.734, 1.633, 0.0, 1.233, 1.969, 2.567, 2.455, 2.002, 1.969, 2.678, 2.872, 2.996, 3.262, 3.935, 4.047, 3.497, 3.504, 4.853, 6.259, 7.404, 8.318, 7.57, 6.985, 7.952, 7.975, 6.863, 5.31, 5.425, 6.628, 7.271, 6.717, 6.254, 6.488, 8.043, 9.42, 9.245, 7.81, 7.577, 8.705, 9.209, 8.796, 8.59, 8.461, 8.52, 7.742, 7.776, 9.18, 8.199, 4.504, 2.748, 4.268, 5.148, 2.914, 2.796, 2.365, 5.563, 7.1, 6.585, 5.446, 4.41, 5.11, 4.007, 3.402, 5.35, 5.732, 5.351, 6.088, 7.278, 6.098, 5.646, 5.742, 6.459, 6.258, 6.2, 6.228, 6.384, 6.694, 6.585, 6.349, 5.422, 4.646, 5.194, 5.193, 4.945, 4.227, 3.954, 4.278, 2.399, 6.427, 5.824, 5.859, 7.071, 6.754, 5.817, 5.149, 5.725, 6.399, 8.074, 8.463, 8.865, 9.791, 9.866, 8.412, 7.572, 7.294, 7.217, 6.299, 5.267, 3.72, 4.019, 4.489, 4.456, 3.707, 2.703, 2.859, 3.08, 2.855, 2.537, 2.688, 4.986, 5.434, 3.427, 3.161, 2.483, 3.34, 3.122, 2.424, 2.366, 2.919, 3.319, 2.563, 2.594, 3.063, 4.24, 4.7, 5.767, 8.048, 9.307, 9.475, 9.989, 9.122, 6.89, 6.955, 7.333, 4.968, 4.466, 6.186, 7.811, 8.034, 7.19, 5.989, 4.122, 3.362, 3.425, 1.716, 2.918, 3.866, 3.469, 4.183, 4.925, 4.538, 3.01, 2.652, 2.955, 2.962, 4.112, 2.883, 2.489, 2.104, 1.761, 1.605, 2.377, 3.503, 3.34, 3.072, 3.684, 4.844, 4.346, 3.574, 3.309, 2.235, 2.511, 3.199, 4.046, 3.655, 3.227, 3.989, 3.709, 4.827, 4.3, 3.31, 3.809, 3.624, 3.676, 3.828, 4.34, 5.144, 5.66, 5.503, 4.72, 4.54, 3.578, 3.823, 2.847, 2.939, 2.89], [2.619, 2.056, 1.233, 0.0, 1.581, 2.468, 2.367, 2.081, 1.95, 2.586, 2.196, 2.636, 2.819, 3.301, 3.464, 2.882, 3.136, 4.886, 6.094, 7.435, 8.431, 7.877, 7.491, 8.264, 8.124, 6.847, 5.191, 5.432, 6.579, 7.234, 6.738, 6.224, 6.45, 7.985, 9.374, 9.091, 7.601, 7.362, 8.587, 9.197, 8.758, 8.494, 8.302, 8.347, 7.602, 7.697, 9.16, 8.241, 4.515, 2.457, 4.089, 4.913, 2.823, 2.388, 2.026, 5.393, 6.941, 6.37, 5.141, 3.852, 4.496, 3.466, 3.038, 5.509, 5.914, 5.528, 6.191, 7.27, 6.385, 5.857, 5.812, 6.38, 6.228, 6.205, 6.351, 6.428, 6.615, 6.539, 6.359, 5.566, 4.859, 5.3, 5.278, 5.539, 4.794, 4.396, 4.408, 1.85, 6.037, 5.698, 5.863, 7.015, 6.627, 5.744, 5.047, 5.643, 6.4, 8.071, 8.396, 8.866, 9.607, 9.709, 8.002, 7.324, 7.025, 6.938, 5.813, 5.094, 3.75, 3.987, 4.393, 4.283, 3.482, 2.512, 2.607, 2.771, 2.443, 2.326, 2.645, 5.006, 4.998, 2.722, 2.747, 2.169, 2.689, 2.459, 1.911, 2.345, 2.367, 2.529, 1.814, 2.171, 3.041, 4.091, 4.359, 5.313, 7.91, 9.194, 9.364, 9.933, 9.053, 6.786, 6.851, 7.162, 4.849, 4.297, 6.06, 7.705, 7.929, 7.14, 5.939, 4.023, 3.162, 3.334, 1.529, 2.961, 3.676, 3.428, 4.129, 4.674, 4.419, 2.966, 2.595, 2.912, 2.991, 4.035, 2.899, 2.64, 2.067, 1.845, 1.521, 2.008, 3.576, 3.2, 3.35, 3.785, 4.914, 4.368, 3.364, 2.806, 1.619, 2.069, 2.86, 4.039, 3.538, 2.956, 3.576, 3.469, 4.732, 4.307, 3.264, 3.853, 3.633, 3.504, 3.686, 4.237, 5.014, 5.262, 5.233, 4.315, 4.089, 3.061, 3.296, 2.268, 2.532, 2.422], [2.16, 1.852, 1.969, 1.581, 0.0, 1.269, 1.482, 1.716, 1.726, 1.999, 1.936, 3.066, 2.23, 2.647, 2.739, 2.212, 2.308, 4.053, 5.41, 6.699, 7.624, 6.885, 6.464, 7.311, 7.336, 6.077, 4.551, 4.656, 5.851, 6.503, 5.99, 5.533, 5.734, 7.328, 8.654, 8.432, 7.17, 6.822, 7.967, 8.512, 8.039, 7.774, 7.635, 7.705, 7.0, 6.983, 8.487, 7.53, 3.86, 2.387, 3.994, 4.74, 3.071, 3.551, 2.649, 4.801, 6.325, 5.809, 5.464, 4.804, 5.524, 4.464, 2.058, 4.475, 4.945, 4.469, 5.354, 6.54, 5.439, 5.055, 5.111, 5.759, 5.526, 5.455, 5.531, 5.708, 5.976, 5.878, 5.653, 4.736, 3.866, 4.301, 4.314, 4.609, 3.868, 3.426, 3.716, 2.16, 6.843, 6.388, 6.6, 7.718, 7.342, 6.461, 5.83, 6.434, 7.174, 8.819, 9.167, 9.517, 10.285, 10.46, 8.825, 8.004, 7.81, 7.664, 6.816, 5.813, 4.433, 4.71, 5.132, 5.033, 4.143, 2.991, 3.354, 3.362, 2.735, 2.69, 3.279, 5.682, 6.0, 3.709, 3.411, 3.194, 3.815, 3.516, 2.453, 2.602, 2.761, 2.786, 2.415, 2.83, 3.724, 4.933, 5.126, 6.203, 8.608, 9.932, 10.192, 10.675, 9.835, 7.619, 7.671, 7.995, 5.602, 5.003, 6.791, 8.53, 8.734, 7.85, 6.725, 4.759, 4.044, 4.211, 2.213, 2.479, 3.473, 2.986, 3.403, 3.897, 3.525, 2.097, 2.1, 2.302, 2.314, 3.125, 2.181, 1.767, 1.287, 1.532, 1.419, 1.525, 3.088, 2.865, 2.689, 3.008, 4.109, 3.638, 3.197, 2.621, 1.891, 2.654, 3.293, 4.659, 4.054, 2.309, 2.692, 2.476, 3.874, 3.616, 2.473, 3.228, 4.085, 4.309, 4.513, 5.029, 5.765, 6.053, 5.986, 5.111, 4.872, 3.923, 4.257, 3.148, 3.085, 2.934], [2.338, 2.321, 2.567, 2.468, 1.269, 0.0, 1.394, 1.761, 2.018, 2.061, 2.205, 3.703, 2.62, 2.226, 2.288, 1.925, 2.159, 3.741, 5.117, 6.421, 7.349, 6.492, 5.936, 6.887, 7.011, 5.748, 4.502, 4.357, 5.581, 6.189, 5.616, 5.237, 5.452, 7.134, 8.387, 8.148, 7.061, 6.703, 7.665, 8.228, 7.727, 7.491, 7.402, 7.459, 6.716, 6.69, 8.228, 7.199, 3.716, 3.147, 4.17, 4.81, 3.831, 4.477, 3.584, 4.549, 6.035, 5.686, 5.834, 5.783, 6.432, 5.319, 1.744, 3.757, 4.374, 3.723, 4.959, 6.185, 5.033, 4.679, 4.786, 5.489, 5.262, 5.151, 5.151, 5.323, 5.639, 5.591, 5.385, 4.301, 3.354, 3.729, 3.607, 3.925, 3.279, 3.023, 3.272, 3.098, 7.563, 6.907, 7.054, 8.136, 7.936, 7.013, 6.433, 6.997, 7.616, 9.245, 9.748, 10.066, 10.962, 11.157, 9.617, 8.729, 8.597, 8.389, 7.585, 6.496, 4.935, 5.137, 5.664, 5.583, 4.696, 3.543, 4.039, 4.05, 3.31, 3.277, 3.857, 6.187, 6.727, 4.706, 4.315, 4.113, 4.709, 4.388, 3.331, 3.348, 3.214, 3.209, 3.425, 3.618, 4.36, 5.602, 5.955, 6.956, 9.279, 10.537, 10.817, 11.165, 10.36, 8.223, 8.321, 8.663, 6.201, 5.709, 7.454, 9.155, 9.305, 8.393, 7.257, 5.361, 4.711, 4.782, 3.019, 2.7, 3.644, 3.075, 3.11, 3.449, 3.093, 1.798, 2.385, 2.405, 2.369, 3.001, 2.267, 1.885, 1.675, 2.058, 2.253, 2.007, 3.403, 3.007, 2.573, 2.769, 3.776, 3.471, 3.369, 2.965, 2.64, 3.368, 3.996, 5.293, 4.633, 2.534, 2.251, 2.095, 3.206, 3.207, 1.947, 3.171, 4.624, 4.918, 5.169, 5.591, 6.462, 6.77, 6.717, 5.843, 5.625, 4.704, 5.003, 4.108, 4.066, 3.804], [2.226, 1.964, 2.455, 2.367, 1.482, 1.394, 0.0, 1.213, 1.46, 1.717, 2.339, 3.984, 3.043, 2.719, 2.896, 2.426, 2.186, 3.653, 5.066, 6.322, 7.268, 6.544, 6.009, 6.666, 6.842, 5.678, 4.182, 4.267, 5.561, 6.214, 5.623, 5.189, 5.435, 6.974, 8.36, 8.056, 6.752, 6.407, 7.567, 8.175, 7.724, 7.357, 7.226, 7.297, 6.586, 6.594, 8.137, 7.11, 3.421, 2.633, 3.653, 4.333, 3.326, 4.206, 3.264, 4.399, 5.866, 5.395, 5.321, 5.363, 6.523, 5.588, 2.019, 4.086, 4.643, 4.106, 5.036, 6.186, 5.024, 4.735, 4.805, 5.38, 5.171, 5.072, 5.077, 5.247, 5.525, 5.48, 5.287, 4.468, 3.452, 3.849, 3.955, 3.815, 3.161, 2.743, 2.947, 2.613, 7.908, 7.109, 7.135, 8.383, 8.175, 7.245, 6.573, 6.962, 7.623, 9.267, 9.828, 10.344, 11.3, 11.387, 9.949, 9.068, 8.863, 8.743, 7.861, 6.807, 5.142, 5.223, 5.815, 5.544, 4.656, 3.843, 4.301, 4.421, 3.606, 3.414, 3.7, 6.382, 7.062, 4.608, 3.886, 3.96, 4.92, 4.612, 3.416, 3.034, 3.286, 2.973, 3.147, 3.864, 4.452, 5.659, 6.17, 7.326, 9.561, 10.766, 10.804, 11.154, 10.296, 8.166, 8.439, 8.822, 6.476, 5.963, 7.702, 9.164, 9.314, 8.442, 7.279, 5.584, 4.719, 4.671, 2.58, 2.26, 3.146, 2.786, 3.04, 3.508, 3.062, 1.932, 2.857, 2.937, 2.636, 3.129, 2.333, 2.211, 1.724, 1.571, 1.749, 1.799, 2.943, 2.496, 2.369, 2.699, 3.684, 3.262, 3.016, 2.473, 2.672, 3.712, 4.338, 5.577, 4.772, 2.825, 2.817, 2.661, 3.628, 3.669, 2.358, 3.588, 4.656, 4.995, 5.17, 5.73, 6.68, 7.173, 7.021, 6.221, 6.005, 5.076, 5.319, 4.144, 3.535, 3.339], [2.189, 1.715, 2.002, 2.081, 1.716, 1.761, 1.213, 0.0, 1.015, 1.658, 2.225, 3.644, 3.076, 3.215, 3.33, 2.478, 2.44, 3.768, 5.254, 6.587, 7.56, 6.693, 6.211, 6.948, 6.996, 5.807, 4.225, 4.521, 5.88, 6.532, 5.95, 5.495, 5.75, 7.279, 8.676, 8.356, 6.761, 6.425, 7.705, 8.471, 8.042, 7.698, 7.497, 7.473, 6.833, 6.863, 8.386, 7.39, 3.551, 2.034, 3.263, 4.003, 2.677, 3.588, 2.52, 4.542, 5.956, 5.432, 4.772, 4.865, 6.075, 5.043, 2.354, 4.455, 4.955, 4.524, 5.347, 6.499, 5.253, 4.979, 4.942, 5.631, 5.487, 5.389, 5.418, 5.594, 5.759, 5.723, 5.554, 4.673, 3.789, 4.155, 4.394, 4.05, 3.339, 3.006, 3.297, 2.285, 7.403, 6.746, 6.765, 8.06, 7.796, 6.855, 6.12, 6.464, 7.223, 8.916, 9.325, 9.931, 10.852, 10.887, 9.408, 8.61, 8.343, 8.245, 7.285, 6.328, 4.745, 4.841, 5.402, 5.044, 4.188, 3.4, 3.794, 3.872, 3.243, 3.035, 3.376, 5.964, 6.516, 4.288, 3.358, 3.316, 4.371, 4.081, 2.973, 2.52, 2.67, 2.629, 2.682, 3.436, 4.081, 5.173, 5.734, 6.782, 9.139, 10.307, 10.286, 10.755, 9.849, 7.667, 7.88, 8.281, 6.052, 5.503, 7.207, 8.613, 8.784, 7.979, 6.757, 5.111, 4.162, 4.213, 2.343, 1.992, 2.86, 2.757, 3.348, 3.958, 3.515, 2.393, 3.032, 3.127, 2.999, 3.445, 2.66, 2.319, 1.778, 1.425, 1.53, 1.717, 2.699, 2.129, 2.13, 2.948, 4.028, 3.524, 2.884, 2.306, 2.268, 3.389, 4.097, 5.321, 4.441, 2.828, 3.213, 3.103, 4.142, 4.106, 2.829, 3.974, 4.526, 4.537, 4.673, 5.247, 6.174, 6.663, 6.511, 5.711, 5.617, 4.776, 4.855, 3.76, 3.022, 2.742], [1.923, 1.631, 1.969, 1.95, 1.726, 2.018, 1.46, 1.015, 0.0, 1.381, 2.027, 3.638, 3.112, 3.197, 3.348, 2.593, 2.434, 3.741, 5.011, 6.316, 7.303, 6.527, 6.147, 6.867, 6.85, 5.605, 4.044, 4.252, 5.572, 6.226, 5.676, 5.205, 5.444, 6.99, 8.361, 8.038, 6.468, 6.108, 7.433, 8.174, 7.749, 7.475, 7.204, 7.185, 6.546, 6.593, 8.12, 7.179, 3.316, 1.587, 2.949, 3.648, 2.217, 3.312, 2.038, 4.279, 5.741, 5.166, 4.299, 4.436, 5.844, 4.834, 2.472, 4.654, 5.104, 4.706, 5.182, 6.249, 5.239, 4.878, 4.769, 5.316, 5.204, 5.164, 5.196, 5.418, 5.585, 5.503, 5.25, 4.574, 3.974, 4.373, 4.588, 4.296, 3.528, 2.984, 3.25, 2.066, 7.246, 6.813, 6.895, 8.109, 7.774, 6.911, 6.224, 6.728, 7.472, 9.127, 9.566, 10.032, 10.838, 10.858, 9.297, 8.587, 8.257, 8.173, 7.156, 6.35, 4.874, 5.064, 5.595, 5.362, 4.449, 3.451, 3.783, 3.786, 3.171, 2.995, 3.518, 6.123, 6.381, 4.141, 2.838, 3.054, 4.17, 3.871, 2.836, 2.41, 2.316, 2.312, 2.426, 3.301, 4.132, 5.205, 5.594, 6.683, 9.134, 10.432, 10.492, 11.057, 10.086, 7.919, 8.0, 8.342, 5.986, 5.499, 7.2, 8.83, 9.032, 8.254, 7.024, 5.15, 4.28, 4.456, 2.473, 1.704, 2.558, 2.431, 3.085, 3.977, 3.503, 2.535, 3.205, 3.319, 3.208, 3.848, 2.986, 2.445, 1.877, 1.552, 1.542, 1.528, 2.407, 1.921, 2.074, 2.778, 3.823, 3.262, 2.582, 2.065, 1.984, 3.263, 4.099, 5.285, 4.578, 2.882, 3.173, 3.338, 4.688, 4.513, 3.283, 4.35, 4.701, 4.703, 4.919, 5.44, 6.206, 6.578, 6.452, 5.553, 5.411, 4.61, 4.728, 3.564, 2.433, 2.163], [1.466, 1.93, 2.678, 2.586, 1.999, 2.061, 1.717, 1.658, 1.381, 0.0, 1.81, 4.32, 3.327, 2.484, 2.883, 2.263, 2.296, 3.046, 3.889, 5.383, 6.408, 5.901, 5.722, 6.361, 6.027, 4.66, 3.221, 3.276, 4.33, 4.986, 4.486, 3.98, 4.205, 5.769, 7.123, 6.842, 5.5, 5.2, 6.229, 6.966, 6.511, 6.299, 6.094, 5.997, 5.367, 5.425, 6.955, 6.018, 2.35, 1.884, 2.378, 3.065, 2.523, 3.634, 2.171, 3.134, 4.659, 4.244, 3.987, 4.602, 6.278, 5.364, 2.334, 4.328, 4.617, 4.398, 4.383, 5.059, 4.641, 4.315, 3.87, 4.124, 3.999, 3.985, 4.187, 4.322, 4.438, 4.296, 4.104, 3.902, 3.72, 4.198, 4.362, 3.939, 3.14, 2.526, 2.445, 2.258, 7.897, 7.869, 8.102, 9.187, 8.843, 7.929, 7.329, 7.867, 8.667, 10.321, 10.627, 11.04, 11.726, 11.774, 10.027, 9.368, 9.007, 8.876, 7.905, 7.189, 5.967, 6.242, 6.638, 6.481, 5.592, 4.467, 4.729, 4.457, 3.821, 3.799, 4.606, 7.218, 7.036, 4.335, 2.929, 3.361, 4.572, 4.371, 3.644, 3.314, 2.704, 2.416, 2.932, 4.032, 5.206, 6.241, 6.312, 7.277, 10.026, 11.386, 11.566, 12.201, 11.277, 8.991, 9.022, 9.353, 7.056, 6.377, 8.13, 9.887, 10.114, 9.385, 8.19, 6.224, 5.395, 5.601, 3.535, 1.491, 2.06, 1.806, 2.004, 3.223, 3.03, 2.423, 3.462, 3.635, 3.517, 4.175, 3.412, 2.407, 2.034, 1.92, 2.163, 1.495, 1.783, 1.469, 1.859, 1.946, 2.8, 2.065, 1.999, 1.741, 2.521, 4.001, 4.724, 5.958, 5.295, 3.135, 2.543, 3.107, 4.787, 4.783, 3.236, 4.59, 5.708, 5.75, 5.937, 6.459, 7.155, 7.233, 7.254, 6.336, 5.992, 5.062, 5.256, 4.171, 2.587, 2.395], [1.657, 2.42, 2.872, 2.196, 1.936, 2.205, 2.339, 2.225, 2.027, 1.81, 0.0, 3.288, 2.455, 2.201, 2.48, 1.877, 2.211, 4.043, 4.672, 6.492, 7.74, 7.136, 7.016, 7.854, 7.282, 5.636, 4.221, 4.617, 5.151, 5.766, 5.35, 4.626, 4.784, 6.343, 7.703, 7.399, 5.876, 5.805, 6.77, 7.564, 7.13, 6.863, 6.6, 6.575, 5.867, 6.387, 7.92, 7.167, 3.497, 2.129, 2.499, 3.379, 2.735, 3.099, 2.235, 3.737, 5.229, 4.721, 4.056, 4.124, 5.152, 4.239, 2.26, 5.052, 5.302, 5.076, 5.355, 6.238, 5.747, 5.115, 4.48, 4.667, 4.711, 4.838, 5.131, 5.266, 5.248, 5.037, 4.926, 4.587, 4.352, 4.86, 4.754, 5.027, 4.308, 3.873, 3.865, 1.746, 6.77, 7.276, 7.515, 8.595, 8.207, 7.249, 6.689, 7.255, 8.075, 9.734, 9.994, 10.405, 10.97, 10.945, 9.169, 8.28, 7.893, 7.705, 7.085, 6.442, 5.334, 5.65, 6.006, 5.883, 4.955, 3.845, 4.021, 3.358, 2.967, 3.099, 4.234, 6.603, 6.279, 3.538, 2.609, 2.781, 3.395, 3.527, 3.161, 3.148, 1.855, 1.441, 2.166, 3.137, 4.602, 5.449, 5.327, 6.383, 9.213, 10.702, 10.945, 11.584, 10.677, 8.345, 8.236, 8.563, 6.401, 5.702, 7.448, 9.211, 9.462, 8.784, 7.596, 5.611, 4.79, 5.005, 3.296, 2.583, 2.705, 2.039, 2.853, 4.067, 3.936, 2.808, 3.046, 3.212, 3.248, 3.968, 3.18, 2.667, 2.098, 2.099, 2.435, 1.639, 2.511, 2.623, 2.439, 2.865, 4.04, 2.919, 1.742, 1.382, 1.695, 2.95, 3.65, 5.074, 4.578, 2.419, 2.116, 3.043, 4.779, 4.702, 3.26, 4.477, 5.11, 5.16, 5.305, 5.811, 6.387, 6.263, 6.234, 5.59, 5.174, 3.998, 4.095, 3.646, 2.621, 2.386], [4.317, 3.763, 2.996, 2.636, 3.066, 3.703, 3.984, 3.644, 3.638, 4.32, 3.288, 0.0, 1.552, 4.068, 3.333, 3.339, 4.114, 6.458, 7.636, 9.126, 10.259, 9.1, 8.771, 9.98, 9.778, 8.26, 6.916, 7.269, 8.181, 8.896, 8.344, 7.703, 7.941, 9.484, 10.859, 10.532, 8.986, 8.82, 9.954, 10.702, 10.269, 9.974, 9.682, 9.679, 9.067, 9.228, 10.89, 10.13, 6.053, 3.767, 5.423, 6.268, 3.915, 3.853, 3.633, 6.764, 8.315, 7.728, 6.323, 5.137, 4.22, 3.185, 3.709, 6.841, 7.189, 6.69, 7.757, 8.998, 7.905, 7.284, 7.214, 7.867, 7.834, 7.765, 7.882, 8.129, 8.245, 8.092, 7.841, 6.858, 6.215, 6.495, 6.35, 6.434, 5.982, 5.882, 6.504, 3.05, 4.251, 4.256, 4.852, 5.564, 5.174, 4.622, 3.578, 4.209, 4.957, 6.646, 6.87, 7.297, 7.887, 7.808, 6.899, 5.561, 5.552, 5.739, 5.452, 3.951, 3.024, 2.645, 3.28, 2.929, 2.224, 1.96, 2.125, 2.178, 2.4, 2.607, 3.187, 3.992, 4.589, 3.58, 4.145, 3.567, 3.456, 3.209, 2.747, 3.317, 3.544, 3.743, 2.9, 2.417, 3.106, 3.454, 4.158, 4.894, 6.147, 7.592, 7.819, 8.46, 7.581, 5.237, 5.105, 5.495, 4.26, 3.914, 4.744, 6.072, 6.34, 5.697, 4.48, 2.778, 3.006, 2.885, 2.967, 4.545, 5.457, 5.238, 5.981, 6.756, 6.27, 4.712, 2.756, 2.57, 2.992, 3.15, 3.685, 4.043, 3.587, 3.653, 3.186, 3.5, 4.99, 4.87, 4.027, 5.396, 6.675, 5.81, 4.763, 4.226, 2.439, 1.232, 1.144, 2.249, 2.027, 1.965, 4.211, 3.895, 3.574, 3.518, 3.929, 3.119, 2.525, 2.307, 2.333, 3.061, 3.521, 3.718, 3.43, 2.866, 2.859, 2.684, 2.583, 3.14, 3.929, 3.825], [3.246, 3.224, 3.262, 2.819, 2.23, 2.62, 3.043, 3.076, 3.112, 3.327, 2.455, 1.552, 0.0, 2.976, 2.422, 2.388, 3.207, 5.473, 6.566, 8.112, 9.165, 8.175, 7.825, 9.016, 8.816, 7.211, 5.931, 6.179, 7.053, 7.668, 7.06, 6.536, 6.735, 8.286, 9.66, 9.368, 7.92, 7.816, 8.869, 9.491, 9.036, 8.786, 8.546, 8.55, 7.907, 8.205, 9.815, 9.029, 5.072, 3.41, 4.698, 5.512, 4.084, 4.365, 3.753, 5.75, 7.222, 6.66, 6.192, 5.436, 5.235, 4.048, 2.761, 5.769, 6.125, 5.588, 6.717, 7.958, 6.882, 6.327, 6.091, 6.714, 6.617, 6.529, 6.605, 6.87, 7.065, 6.92, 6.663, 5.727, 5.21, 5.525, 5.328, 5.502, 5.037, 4.924, 5.406, 2.874, 5.187, 5.367, 5.988, 6.65, 6.263, 5.726, 4.764, 5.391, 6.129, 7.788, 8.053, 8.452, 9.033, 9.005, 7.907, 6.566, 6.506, 6.769, 6.618, 5.007, 3.917, 3.815, 4.458, 4.066, 3.099, 2.602, 2.938, 2.554, 2.556, 2.977, 3.801, 5.182, 5.554, 4.45, 4.286, 3.988, 4.057, 3.919, 3.266, 3.601, 3.344, 3.372, 3.03, 2.942, 3.937, 4.622, 5.055, 5.83, 7.269, 8.742, 9.008, 9.633, 8.746, 6.46, 6.347, 6.666, 5.392, 5.007, 6.037, 7.297, 7.551, 6.862, 5.658, 3.965, 4.002, 3.929, 3.441, 3.872, 4.716, 4.173, 4.821, 5.645, 5.169, 3.602, 2.215, 2.028, 2.255, 2.311, 2.934, 3.089, 2.663, 2.98, 2.965, 2.596, 4.052, 4.192, 3.202, 4.273, 5.56, 4.68, 3.939, 3.484, 2.468, 1.946, 1.823, 3.184, 2.718, 1.236, 3.045, 2.851, 3.014, 3.105, 3.067, 2.939, 3.227, 3.358, 3.542, 4.239, 4.694, 4.642, 4.419, 3.855, 3.716, 3.478, 3.521, 3.897, 4.107, 3.984], [2.617, 3.438, 3.935, 3.301, 2.647, 2.226, 2.719, 3.215, 3.197, 2.484, 2.201, 4.068, 2.976, 0.0, 1.267, 1.696, 2.058, 3.185, 4.001, 5.562, 6.558, 6.005, 5.65, 6.668, 6.324, 5.114, 4.518, 3.613, 4.362, 5.03, 4.579, 4.139, 4.553, 6.381, 7.233, 7.16, 6.44, 6.049, 6.449, 6.97, 6.697, 6.764, 6.735, 6.559, 5.671, 5.581, 7.09, 6.227, 3.425, 3.705, 4.185, 4.374, 4.436, 4.954, 4.091, 3.852, 5.204, 5.132, 5.836, 6.202, 6.534, 5.268, 1.58, 3.652, 3.848, 3.562, 4.202, 5.168, 4.452, 3.99, 3.603, 4.188, 4.01, 4.039, 4.213, 4.314, 4.503, 4.327, 4.166, 3.423, 2.971, 3.495, 3.35, 3.804, 3.222, 3.023, 2.949, 3.586, 7.722, 7.842, 8.103, 9.167, 8.775, 7.851, 7.251, 7.847, 8.646, 10.305, 10.578, 10.982, 11.555, 11.669, 9.779, 9.094, 8.77, 8.697, 7.859, 7.059, 5.92, 6.216, 6.598, 6.443, 5.528, 4.417, 4.698, 4.499, 3.705, 4.101, 5.098, 7.178, 6.949, 5.08, 4.488, 4.68, 4.868, 4.735, 4.323, 4.349, 3.518, 3.361, 3.833, 4.205, 5.346, 6.233, 6.448, 7.045, 9.882, 11.297, 11.56, 12.159, 11.295, 8.98, 8.94, 9.274, 7.042, 6.483, 8.08, 9.847, 10.101, 9.372, 8.185, 6.206, 5.449, 5.578, 4.334, 3.38, 3.8, 3.31, 2.495, 3.221, 2.794, 2.78, 3.054, 3.126, 2.922, 3.746, 3.21, 2.382, 2.482, 3.158, 3.72, 2.807, 3.43, 3.272, 3.009, 2.344, 3.241, 3.208, 3.362, 2.916, 3.026, 3.732, 4.358, 5.651, 5.209, 2.73, 1.33, 1.72, 3.272, 3.468, 2.219, 3.762, 5.599, 5.7, 5.882, 6.397, 7.011, 6.995, 7.011, 6.22, 5.773, 4.798, 5.099, 4.804, 4.409, 4.169], [3.041, 3.536, 4.047, 3.464, 2.739, 2.288, 2.896, 3.33, 3.348, 2.883, 2.48, 3.333, 2.422, 1.267, 0.0, 1.478, 2.434, 3.744, 4.772, 6.131, 7.271, 6.37, 6.203, 7.292, 7.085, 5.766, 5.132, 4.332, 5.137, 5.907, 5.441, 4.698, 5.211, 7.028, 7.874, 7.73, 6.947, 6.718, 7.1, 7.769, 7.459, 7.561, 7.338, 7.2, 6.191, 6.269, 7.802, 7.019, 3.755, 3.847, 4.4, 4.835, 4.359, 5.045, 4.392, 4.287, 5.967, 5.836, 6.139, 6.194, 5.909, 4.736, 1.877, 4.292, 4.52, 4.222, 4.815, 5.971, 5.105, 4.419, 4.241, 4.755, 4.859, 4.899, 5.022, 5.248, 5.363, 5.166, 4.915, 4.07, 3.649, 4.034, 3.909, 4.159, 3.5, 3.307, 3.833, 3.581, 6.953, 7.228, 7.513, 8.487, 8.082, 7.125, 6.557, 7.128, 7.948, 9.607, 9.867, 10.278, 10.918, 10.848, 9.08, 8.271, 7.998, 7.85, 7.122, 6.335, 5.326, 5.538, 5.925, 5.742, 4.839, 3.924, 4.277, 3.998, 3.542, 3.834, 4.837, 6.523, 6.479, 5.026, 4.743, 4.607, 4.843, 4.452, 4.171, 4.341, 3.728, 3.518, 3.812, 3.84, 4.845, 5.527, 6.016, 6.552, 9.114, 10.551, 10.818, 11.457, 10.55, 8.216, 8.069, 8.421, 6.503, 6.05, 7.305, 9.073, 9.331, 8.657, 7.478, 5.498, 4.877, 4.974, 4.293, 3.622, 4.323, 3.755, 3.192, 3.885, 3.414, 3.028, 2.823, 2.89, 2.743, 3.345, 3.279, 2.513, 2.496, 3.306, 3.722, 2.787, 3.967, 3.75, 3.307, 3.009, 3.9, 3.608, 3.702, 3.298, 2.973, 3.0, 3.551, 4.756, 4.395, 2.021, 1.463, 1.602, 2.724, 2.807, 2.027, 3.147, 4.916, 5.025, 5.184, 5.696, 6.276, 6.32, 6.287, 5.514, 5.192, 4.328, 4.515, 4.569, 4.37, 4.24], [2.636, 3.059, 3.497, 2.882, 2.212, 1.925, 2.426, 2.478, 2.593, 2.263, 1.877, 3.339, 2.388, 1.696, 1.478, 0.0, 1.566, 3.458, 4.91, 6.47, 7.523, 6.488, 6.317, 7.281, 6.787, 5.385, 4.343, 4.433, 5.505, 6.279, 5.867, 5.25, 5.421, 7.125, 8.285, 7.988, 6.624, 6.185, 7.322, 8.266, 7.835, 7.65, 7.27, 7.185, 6.52, 6.665, 8.167, 7.344, 3.443, 2.707, 3.611, 4.134, 3.389, 4.066, 3.369, 4.198, 5.696, 5.355, 5.293, 5.363, 5.363, 4.033, 1.482, 4.748, 4.966, 4.716, 5.272, 6.357, 5.493, 4.866, 4.663, 5.232, 5.329, 5.366, 5.477, 5.665, 5.76, 5.611, 5.387, 4.503, 4.047, 4.484, 4.354, 4.603, 3.927, 3.636, 3.922, 2.778, 6.705, 6.957, 7.149, 8.124, 7.687, 6.704, 6.126, 6.673, 7.399, 9.037, 9.302, 9.715, 10.333, 10.292, 8.536, 7.848, 7.51, 7.426, 6.576, 5.808, 4.738, 5.082, 5.532, 5.338, 4.393, 3.338, 3.573, 3.179, 2.755, 2.974, 4.087, 5.918, 5.7, 4.285, 3.676, 3.544, 3.9, 3.626, 3.228, 3.299, 2.702, 2.587, 2.983, 3.282, 4.284, 5.086, 5.543, 6.017, 8.586, 9.99, 10.237, 10.895, 9.969, 7.633, 7.507, 7.853, 5.919, 5.454, 6.883, 8.534, 8.748, 8.137, 7.039, 4.946, 4.206, 4.407, 3.482, 2.893, 3.561, 3.275, 3.381, 4.136, 3.776, 2.824, 2.949, 3.041, 2.884, 3.465, 3.326, 2.599, 2.214, 2.529, 2.848, 2.032, 3.25, 2.822, 2.746, 3.027, 4.098, 3.52, 3.292, 2.719, 2.055, 2.761, 3.489, 4.77, 4.234, 2.094, 1.889, 2.288, 3.639, 3.54, 2.473, 3.523, 4.72, 4.707, 4.818, 5.214, 5.755, 5.989, 5.996, 5.188, 5.073, 4.268, 4.249, 3.9, 3.58, 3.401], [2.615, 2.935, 3.504, 3.136, 2.308, 2.159, 2.186, 2.44, 2.434, 2.296, 2.211, 4.114, 3.207, 2.058, 2.434, 1.566, 0.0, 2.572, 4.156, 5.766, 6.732, 5.548, 5.251, 6.18, 5.898, 4.556, 3.723, 3.614, 4.795, 5.517, 5.09, 4.7, 4.815, 6.464, 7.592, 7.286, 5.895, 5.326, 6.593, 7.51, 7.078, 6.821, 6.51, 6.439, 5.814, 5.922, 7.459, 6.67, 2.901, 2.723, 3.531, 3.51, 3.187, 4.322, 3.424, 3.698, 4.922, 4.662, 5.095, 5.605, 6.14, 5.031, 1.567, 3.719, 4.036, 3.77, 4.48, 5.682, 4.643, 4.023, 3.984, 4.536, 4.577, 4.585, 4.646, 4.832, 4.974, 4.85, 4.595, 3.691, 2.997, 3.443, 3.41, 3.872, 3.217, 2.905, 3.27, 3.043, 7.605, 7.688, 7.848, 8.86, 8.393, 7.417, 6.774, 7.33, 8.077, 9.744, 10.015, 10.416, 11.014, 11.03, 9.53, 8.622, 8.323, 8.193, 7.556, 6.531, 5.386, 5.749, 6.235, 6.016, 5.125, 4.045, 4.118, 3.941, 3.362, 3.311, 4.222, 6.623, 6.743, 4.677, 3.659, 3.767, 4.397, 4.228, 3.33, 3.147, 2.824, 2.684, 3.198, 3.699, 4.903, 5.806, 5.936, 7.006, 9.301, 10.737, 10.939, 11.596, 10.671, 8.351, 8.337, 8.645, 6.425, 5.823, 7.586, 9.245, 9.469, 8.807, 7.699, 5.659, 4.919, 5.205, 3.392, 2.52, 3.178, 3.213, 3.031, 3.727, 3.076, 3.016, 3.728, 3.842, 3.745, 4.334, 3.583, 2.843, 2.207, 2.417, 2.707, 2.324, 2.785, 2.52, 2.187, 2.422, 3.388, 3.237, 3.243, 2.479, 2.293, 3.479, 4.306, 5.641, 5.058, 2.975, 2.082, 2.562, 4.169, 4.322, 2.8, 4.38, 5.422, 5.445, 5.53, 5.902, 6.47, 6.824, 6.743, 6.137, 6.069, 5.279, 5.284, 4.204, 3.779, 3.595], [3.31, 3.914, 4.853, 4.886, 4.053, 3.741, 3.653, 3.768, 3.741, 3.046, 4.043, 6.458, 5.473, 3.185, 3.744, 3.458, 2.572, 0.0, 1.992, 3.403, 4.327, 3.587, 3.414, 3.993, 3.793, 2.869, 3.585, 2.25, 3.132, 3.544, 3.763, 3.947, 4.408, 5.434, 5.82, 5.421, 4.952, 4.383, 4.405, 5.278, 5.094, 5.114, 4.945, 4.642, 4.354, 3.932, 5.176, 4.234, 2.922, 4.006, 4.276, 3.55, 3.912, 5.741, 4.523, 3.191, 3.515, 4.062, 5.679, 6.973, 8.186, 7.214, 3.196, 2.797, 2.804, 3.157, 2.638, 3.556, 2.944, 2.726, 2.425, 3.09, 3.048, 2.854, 2.617, 2.74, 3.011, 2.865, 2.427, 2.227, 2.733, 3.204, 3.529, 3.567, 3.035, 2.715, 2.825, 4.455, 9.845, 9.901, 10.064, 11.03, 10.671, 9.713, 9.095, 9.603, 10.373, 12.035, 12.325, 12.733, 13.449, 13.51, 11.792, 11.091, 10.731, 10.578, 9.723, 8.897, 7.68, 8.001, 8.465, 8.262, 7.323, 6.224, 6.458, 6.173, 5.667, 5.566, 6.354, 8.911, 8.946, 6.345, 5.013, 5.21, 6.569, 6.278, 5.418, 5.142, 4.74, 4.386, 4.981, 5.953, 7.035, 8.09, 8.257, 9.175, 11.778, 13.054, 13.238, 13.892, 12.966, 10.649, 10.644, 11.018, 8.788, 8.127, 9.84, 11.531, 11.749, 11.109, 9.959, 7.905, 7.094, 7.352, 5.373, 3.026, 3.406, 3.803, 3.13, 3.383, 3.218, 4.278, 5.627, 5.662, 5.383, 6.205, 5.229, 3.692, 3.612, 3.799, 4.195, 3.431, 3.027, 3.099, 2.948, 2.387, 2.598, 3.264, 3.565, 3.605, 4.357, 5.833, 6.672, 7.876, 7.201, 5.126, 3.439, 3.842, 5.55, 5.564, 4.072, 6.045, 7.622, 7.6, 7.749, 8.19, 8.894, 9.126, 9.128, 8.339, 8.187, 7.411, 7.478, 6.166, 4.918, 4.684], [3.95, 5.121, 6.259, 6.094, 5.41, 5.117, 5.066, 5.254, 5.011, 3.889, 4.672, 7.636, 6.566, 4.001, 4.772, 4.91, 4.156, 1.992, 0.0, 2.788, 3.292, 2.92, 2.85, 3.26, 2.723, 3.227, 3.979, 2.952, 2.938, 3.322, 3.536, 3.984, 4.416, 5.3, 5.601, 4.946, 4.906, 4.535, 3.945, 4.444, 4.509, 4.451, 4.735, 4.538, 4.303, 3.855, 4.609, 3.754, 3.553, 4.836, 4.584, 3.823, 4.935, 6.549, 5.178, 3.282, 3.433, 4.126, 5.974, 7.256, 9.252, 8.425, 4.703, 3.608, 3.517, 4.047, 3.072, 3.154, 3.238, 3.227, 2.312, 2.973, 2.715, 2.711, 2.62, 2.487, 2.596, 2.352, 1.96, 2.404, 3.604, 4.39, 4.745, 4.67, 4.282, 3.928, 3.488, 5.152, 11.044, 11.506, 11.68, 12.728, 12.253, 11.309, 10.733, 11.364, 12.159, 13.803, 14.045, 14.451, 15.025, 15.084, 13.212, 12.328, 12.064, 11.917, 11.213, 10.469, 9.395, 9.706, 10.091, 9.989, 9.039, 7.942, 8.117, 7.525, 6.98, 7.16, 8.053, 10.656, 10.383, 7.144, 5.329, 6.151, 7.582, 7.566, 7.053, 6.639, 5.702, 5.14, 5.889, 7.224, 8.667, 9.659, 9.471, 10.414, 13.234, 14.733, 15.077, 15.637, 14.812, 12.497, 12.373, 12.721, 10.498, 9.791, 11.625, 13.348, 13.618, 12.842, 11.711, 9.722, 8.917, 9.088, 6.955, 3.998, 3.659, 3.853, 3.496, 4.07, 4.406, 5.596, 6.908, 7.046, 6.799, 7.602, 6.596, 5.058, 5.006, 5.246, 5.611, 4.466, 3.633, 3.971, 4.042, 3.401, 3.05, 3.403, 3.943, 4.008, 5.608, 7.083, 7.683, 9.176, 8.743, 6.332, 4.257, 5.119, 6.933, 7.032, 5.425, 7.461, 9.186, 9.28, 9.416, 9.876, 10.439, 10.36, 10.391, 9.777, 9.439, 8.28, 8.346, 7.501, 5.413, 5.24], [5.521, 6.207, 7.404, 7.435, 6.699, 6.421, 6.322, 6.587, 6.316, 5.383, 6.492, 9.126, 8.112, 5.562, 6.131, 6.47, 5.766, 3.403, 2.788, 0.0, 2.072, 1.841, 2.522, 2.533, 1.943, 2.541, 3.619, 2.471, 2.582, 2.645, 3.452, 3.925, 4.317, 3.985, 4.176, 3.732, 4.025, 3.79, 3.043, 2.996, 3.492, 3.521, 3.765, 3.613, 3.332, 2.342, 2.796, 2.084, 3.522, 6.409, 5.381, 4.439, 6.325, 8.461, 7.167, 3.335, 2.82, 4.152, 6.693, 8.837, 11.045, 10.27, 6.071, 3.947, 3.89, 4.591, 3.279, 3.333, 3.557, 3.522, 3.244, 3.585, 3.329, 3.372, 3.392, 3.073, 2.675, 2.347, 2.298, 3.001, 4.1, 4.9, 5.147, 5.135, 4.817, 4.338, 3.695, 6.907, 12.92, 12.877, 13.124, 14.186, 13.784, 12.836, 12.266, 12.816, 13.638, 15.3, 15.564, 15.989, 16.673, 16.597, 14.932, 14.167, 13.866, 13.654, 12.663, 12.0, 10.925, 11.224, 11.591, 11.43, 10.518, 9.429, 9.616, 9.311, 8.801, 8.561, 9.578, 12.191, 12.114, 9.049, 7.088, 7.928, 9.575, 9.262, 8.628, 8.242, 7.779, 7.136, 7.718, 9.007, 10.202, 11.024, 11.21, 12.271, 14.866, 16.252, 16.5, 17.157, 16.231, 13.896, 13.751, 14.112, 11.985, 11.373, 13.018, 14.753, 15.01, 14.359, 13.155, 11.176, 10.346, 10.568, 8.379, 5.209, 4.929, 5.363, 4.749, 4.967, 5.187, 6.56, 7.892, 8.029, 7.703, 8.647, 7.535, 6.025, 6.164, 6.572, 6.991, 5.888, 4.86, 5.226, 5.402, 4.437, 3.284, 4.12, 5.436, 5.687, 7.348, 8.688, 9.407, 10.491, 10.096, 7.597, 5.489, 6.09, 7.936, 8.009, 6.412, 8.646, 10.589, 10.687, 10.862, 11.375, 11.979, 12.267, 12.118, 11.236, 11.092, 10.046, 10.387, 9.216, 6.913, 6.875], [6.445, 7.086, 8.318, 8.431, 7.624, 7.349, 7.268, 7.56, 7.303, 6.408, 7.74, 10.259, 9.165, 6.558, 7.271, 7.523, 6.732, 4.327, 3.292, 2.072, 0.0, 1.715, 2.22, 1.54, 1.92, 4.004, 5.151, 3.774, 3.654, 3.427, 4.097, 4.94, 5.805, 5.716, 5.764, 5.236, 5.754, 5.605, 4.833, 4.403, 5.065, 5.177, 5.57, 5.296, 5.089, 4.03, 3.905, 3.373, 4.898, 7.544, 6.923, 5.987, 7.555, 9.647, 8.205, 4.867, 4.548, 5.697, 8.273, 10.353, 12.238, 11.338, 6.997, 4.467, 4.253, 4.98, 3.675, 3.302, 3.62, 3.901, 4.009, 4.565, 4.238, 3.961, 3.842, 3.621, 3.426, 3.227, 3.113, 3.667, 4.824, 5.299, 5.512, 5.606, 5.489, 5.175, 4.717, 8.111, 13.927, 13.851, 14.067, 15.105, 14.709, 13.758, 13.165, 13.745, 14.511, 16.173, 16.437, 16.862, 17.577, 17.628, 15.834, 15.167, 14.866, 14.761, 13.801, 12.93, 11.8, 12.112, 12.49, 12.361, 11.411, 10.329, 10.545, 10.344, 9.701, 9.561, 10.45, 13.063, 13.05, 10.176, 8.428, 9.217, 10.64, 10.361, 9.548, 9.187, 8.752, 8.309, 8.816, 9.961, 11.103, 12.073, 12.251, 13.173, 15.828, 17.132, 17.426, 18.03, 17.161, 14.846, 14.77, 15.127, 12.896, 12.293, 14.033, 15.697, 15.967, 15.235, 14.065, 12.077, 11.266, 11.441, 9.276, 6.115, 6.151, 6.671, 5.834, 5.623, 5.834, 7.213, 8.635, 8.855, 8.487, 9.553, 8.384, 6.808, 7.04, 7.446, 7.896, 6.956, 5.869, 6.223, 6.455, 5.35, 4.288, 5.518, 6.843, 7.076, 8.364, 9.754, 10.432, 11.603, 11.106, 8.718, 6.597, 6.829, 8.708, 8.775, 7.101, 9.49, 11.453, 11.578, 11.75, 12.26, 12.911, 13.165, 13.12, 12.218, 11.991, 11.0, 11.367, 10.141, 8.328, 8.136], [6.132, 6.314, 7.57, 7.877, 6.885, 6.492, 6.544, 6.693, 6.527, 5.901, 7.136, 9.1, 8.175, 6.005, 6.37, 6.488, 5.548, 3.587, 2.92, 1.841, 1.715, 0.0, 1.173, 1.799, 1.906, 3.74, 4.935, 3.707, 3.797, 3.997, 4.498, 5.259, 5.885, 5.664, 5.533, 4.974, 5.339, 5.261, 4.464, 4.455, 5.142, 5.081, 5.32, 5.01, 4.772, 3.923, 4.124, 3.523, 4.639, 7.024, 6.604, 5.65, 6.859, 8.916, 7.535, 4.656, 4.288, 5.604, 7.985, 9.925, 11.404, 10.337, 6.18, 3.866, 3.849, 4.575, 3.723, 3.778, 3.623, 3.598, 3.574, 4.608, 4.671, 4.307, 3.953, 3.892, 3.679, 3.223, 2.909, 3.171, 4.104, 4.809, 5.057, 5.05, 4.711, 4.46, 4.796, 7.594, 12.847, 12.799, 12.972, 13.998, 13.534, 12.561, 11.971, 12.518, 13.283, 14.949, 15.209, 15.629, 16.291, 16.261, 14.778, 13.889, 13.644, 13.367, 12.675, 11.681, 10.589, 10.924, 11.342, 11.173, 10.294, 9.213, 9.277, 9.07, 8.538, 8.213, 9.219, 11.831, 12.127, 9.68, 8.007, 8.48, 9.7, 9.41, 8.498, 7.962, 7.895, 7.688, 8.172, 8.92, 9.988, 10.816, 11.197, 12.294, 14.525, 15.906, 16.145, 16.802, 15.876, 13.541, 13.41, 13.774, 11.645, 11.1, 12.74, 14.401, 14.655, 14.016, 12.881, 10.825, 10.156, 10.432, 8.144, 5.512, 5.903, 6.466, 5.777, 5.679, 5.723, 6.838, 7.951, 8.068, 7.762, 8.61, 7.517, 6.097, 6.14, 6.611, 7.102, 6.32, 5.53, 5.7, 5.382, 4.936, 4.279, 5.272, 6.412, 6.606, 7.362, 8.476, 9.223, 10.282, 9.874, 7.515, 5.858, 6.151, 7.889, 7.886, 6.316, 8.535, 10.391, 10.476, 10.576, 11.045, 11.634, 12.12, 11.983, 11.24, 11.164, 10.303, 10.511, 9.385, 7.828, 7.73], [5.799, 5.836, 6.985, 7.491, 6.464, 5.936, 6.009, 6.211, 6.147, 5.722, 7.016, 8.771, 7.825, 5.65, 6.203, 6.317, 5.251, 3.414, 2.85, 2.522, 2.22, 1.173, 0.0, 1.6, 1.942, 3.968, 5.234, 3.896, 3.948, 4.251, 4.52, 5.438, 6.068, 6.234, 6.311, 5.782, 6.107, 5.885, 5.077, 5.014, 5.503, 5.617, 5.997, 5.712, 5.506, 4.485, 4.808, 4.097, 4.832, 6.934, 6.781, 5.855, 6.883, 8.867, 7.332, 4.943, 4.787, 5.815, 8.176, 9.979, 11.364, 10.159, 5.777, 3.459, 3.616, 3.996, 3.717, 3.958, 3.627, 3.649, 3.521, 4.691, 4.634, 4.216, 3.798, 3.675, 3.626, 3.227, 2.895, 2.904, 3.527, 4.174, 4.576, 4.509, 4.206, 4.248, 4.549, 7.592, 12.593, 12.141, 12.274, 13.314, 12.899, 11.981, 11.216, 11.791, 12.406, 14.144, 14.474, 14.855, 15.663, 15.741, 14.461, 13.526, 13.358, 13.166, 12.487, 11.23, 9.767, 10.059, 10.635, 10.443, 9.661, 8.559, 8.743, 8.846, 8.146, 7.701, 8.356, 10.993, 11.633, 9.471, 7.938, 8.46, 9.529, 9.305, 8.17, 7.382, 7.541, 7.582, 8.051, 8.634, 9.354, 10.409, 10.986, 11.98, 13.952, 15.383, 15.509, 15.978, 15.094, 12.914, 13.002, 13.28, 11.013, 10.538, 12.281, 13.833, 14.03, 13.258, 12.086, 10.182, 9.603, 9.744, 7.528, 5.202, 5.619, 6.167, 5.542, 5.382, 5.444, 6.297, 7.376, 7.378, 7.072, 7.823, 6.667, 5.631, 5.8, 6.086, 6.685, 6.299, 5.404, 5.435, 5.056, 4.702, 4.124, 5.306, 6.412, 6.614, 7.247, 8.215, 8.726, 9.844, 9.401, 7.147, 5.702, 5.667, 7.055, 7.1, 5.698, 7.706, 9.584, 9.911, 9.918, 10.339, 11.061, 11.723, 11.659, 10.963, 10.842, 9.998, 10.15, 9.135, 7.901, 7.742], [6.483, 6.672, 7.952, 8.264, 7.311, 6.887, 6.666, 6.948, 6.867, 6.361, 7.854, 9.98, 9.016, 6.668, 7.292, 7.281, 6.18, 3.993, 3.26, 2.533, 1.54, 1.799, 1.6, 0.0, 1.389, 3.844, 5.241, 4.011, 4.088, 4.142, 4.63, 5.349, 6.103, 6.281, 6.392, 5.831, 6.177, 5.932, 5.135, 5.024, 5.565, 5.656, 6.075, 5.788, 5.606, 4.54, 4.73, 3.979, 4.954, 7.318, 6.848, 5.886, 7.305, 9.608, 8.044, 5.036, 4.815, 5.886, 8.214, 10.246, 12.103, 11.095, 6.5, 4.27, 4.301, 4.942, 4.147, 3.981, 3.96, 4.183, 4.273, 4.873, 4.596, 4.304, 4.245, 3.944, 3.758, 3.598, 3.374, 3.76, 4.429, 5.138, 5.383, 5.388, 5.148, 4.831, 4.602, 8.092, 13.693, 13.214, 13.25, 14.424, 13.982, 13.003, 12.356, 12.863, 13.56, 15.166, 15.497, 16.015, 16.795, 16.929, 15.499, 14.611, 14.401, 14.291, 13.461, 12.397, 10.9, 11.116, 11.592, 11.499, 10.66, 9.691, 9.891, 9.952, 9.121, 8.911, 9.455, 12.101, 12.691, 9.92, 8.211, 9.103, 10.477, 10.195, 9.055, 8.471, 8.529, 8.239, 8.782, 9.48, 10.36, 11.504, 11.946, 12.86, 15.155, 16.32, 16.511, 16.971, 16.172, 13.959, 14.028, 14.396, 12.195, 11.638, 13.407, 14.878, 15.035, 14.215, 13.208, 11.296, 10.457, 10.635, 8.453, 5.819, 5.958, 6.576, 5.972, 5.603, 5.859, 7.073, 8.374, 8.483, 8.026, 8.789, 7.57, 6.39, 6.609, 6.833, 7.273, 6.897, 5.708, 6.057, 6.211, 5.46, 4.437, 5.763, 6.996, 7.197, 8.114, 9.392, 9.972, 11.12, 10.486, 8.303, 6.748, 6.67, 8.083, 8.168, 6.642, 8.776, 10.64, 10.869, 10.997, 11.448, 12.269, 12.871, 12.774, 12.031, 11.927, 11.077, 11.173, 9.86, 8.265, 8.077], [6.103, 6.737, 7.975, 8.124, 7.336, 7.011, 6.842, 6.996, 6.85, 6.027, 7.282, 9.778, 8.816, 6.324, 7.085, 6.787, 5.898, 3.793, 2.723, 1.943, 1.92, 1.906, 1.942, 1.389, 0.0, 2.728, 4.117, 3.304, 3.666, 3.627, 4.37, 4.773, 5.198, 5.35, 5.487, 4.884, 5.187, 4.84, 4.098, 4.156, 4.579, 4.691, 5.095, 4.79, 4.649, 3.608, 4.056, 3.276, 4.222, 6.718, 5.96, 4.958, 6.815, 8.957, 7.544, 4.087, 3.799, 4.824, 7.301, 9.458, 11.471, 10.572, 6.445, 4.751, 4.704, 5.335, 4.304, 4.069, 4.242, 4.432, 4.084, 4.587, 4.228, 4.203, 4.207, 3.87, 3.621, 3.402, 3.122, 3.761, 4.738, 5.615, 5.894, 5.877, 5.456, 5.011, 4.415, 7.541, 13.341, 13.252, 13.343, 14.439, 13.874, 12.86, 12.303, 12.97, 13.617, 15.228, 15.466, 15.89, 16.557, 16.621, 15.067, 14.24, 14.026, 13.942, 13.052, 12.169, 10.841, 11.224, 11.658, 11.598, 10.621, 9.607, 9.708, 9.6, 8.837, 8.768, 9.54, 12.08, 12.196, 9.359, 7.467, 8.397, 9.87, 9.662, 8.789, 8.246, 7.961, 7.604, 8.2, 9.162, 10.366, 11.409, 11.641, 12.392, 14.818, 16.167, 16.52, 17.042, 16.244, 13.947, 13.888, 14.198, 12.027, 11.483, 13.294, 14.885, 15.079, 14.255, 13.299, 11.238, 10.397, 10.653, 8.599, 5.686, 5.469, 6.044, 5.626, 5.459, 5.883, 7.085, 8.391, 8.62, 8.248, 8.959, 7.854, 6.538, 6.673, 6.92, 7.304, 6.431, 5.246, 5.623, 5.995, 5.185, 4.074, 5.287, 6.464, 6.677, 7.735, 9.186, 9.767, 11.02, 10.491, 8.142, 6.442, 6.688, 8.399, 8.483, 6.82, 9.067, 10.81, 10.97, 11.07, 11.414, 12.024, 12.542, 12.459, 11.719, 11.701, 10.756, 10.748, 9.482, 7.602, 7.502], [4.683, 5.66, 6.863, 6.847, 6.077, 5.748, 5.678, 5.807, 5.605, 4.66, 5.636, 8.26, 7.211, 5.114, 5.766, 5.385, 4.556, 2.869, 3.227, 2.541, 4.004, 3.74, 3.968, 3.844, 2.728, 0.0, 1.964, 2.077, 2.912, 3.158, 3.981, 3.926, 3.345, 3.123, 3.632, 3.199, 2.705, 2.31, 2.476, 3.281, 3.019, 2.841, 2.801, 2.54, 2.225, 2.032, 3.377, 2.706, 2.796, 5.11, 3.904, 3.062, 5.236, 7.392, 5.996, 2.271, 1.623, 2.71, 5.027, 7.334, 9.838, 9.019, 5.192, 5.288, 5.166, 5.562, 4.516, 4.951, 4.912, 4.927, 4.287, 3.842, 3.449, 3.683, 3.813, 3.622, 3.366, 3.293, 3.351, 3.938, 5.088, 5.585, 5.958, 5.762, 5.054, 4.463, 3.411, 5.76, 11.705, 11.998, 12.143, 13.172, 12.67, 11.673, 11.144, 11.823, 12.474, 14.118, 14.351, 14.748, 15.342, 15.429, 13.662, 12.719, 12.48, 12.374, 11.717, 10.919, 9.675, 10.047, 10.461, 10.42, 9.444, 8.353, 8.515, 7.994, 7.394, 7.635, 8.377, 10.944, 10.781, 7.786, 5.555, 6.697, 8.295, 8.172, 7.452, 7.034, 6.331, 5.902, 6.509, 7.592, 9.128, 10.224, 10.04, 10.887, 13.537, 15.066, 15.431, 15.926, 15.15, 12.857, 12.785, 13.084, 10.84, 10.167, 12.111, 13.734, 13.99, 13.126, 12.123, 10.073, 9.266, 9.483, 7.463, 4.261, 3.666, 4.277, 4.351, 5.228, 5.286, 6.162, 7.474, 7.642, 7.428, 8.032, 7.088, 5.862, 5.707, 5.869, 6.157, 5.068, 3.702, 4.154, 4.528, 3.984, 2.856, 3.626, 4.692, 4.918, 6.124, 7.698, 8.308, 9.774, 9.339, 6.929, 5.122, 5.95, 7.602, 7.86, 6.238, 8.056, 9.627, 9.773, 9.883, 10.235, 10.846, 10.929, 10.948, 10.331, 10.194, 9.185, 9.011, 8.089, 5.897, 5.801], [3.394, 4.141, 5.31, 5.191, 4.551, 4.502, 4.182, 4.225, 4.044, 3.221, 4.221, 6.916, 5.931, 4.518, 5.132, 4.343, 3.723, 3.585, 3.979, 3.619, 5.151, 4.935, 5.234, 5.241, 4.117, 1.964, 0.0, 1.937, 3.063, 3.67, 3.991, 3.82, 2.757, 3.414, 4.692, 4.406, 3.01, 2.635, 3.742, 4.576, 4.222, 3.83, 3.647, 3.586, 2.921, 2.98, 4.485, 3.725, 1.853, 3.785, 2.534, 1.89, 3.943, 5.908, 4.499, 1.793, 2.486, 2.192, 3.561, 5.884, 8.606, 7.752, 4.031, 5.713, 5.7, 5.771, 5.012, 5.423, 5.41, 5.263, 4.854, 4.011, 3.596, 4.149, 4.718, 4.538, 4.094, 3.95, 4.258, 4.605, 5.154, 5.439, 5.737, 5.29, 4.543, 3.817, 2.673, 4.502, 10.416, 10.458, 10.626, 11.666, 11.166, 10.21, 9.648, 10.324, 11.03, 12.675, 12.907, 13.33, 14.003, 14.044, 12.343, 11.563, 11.319, 11.224, 10.249, 9.495, 8.26, 8.581, 8.992, 8.912, 7.944, 6.872, 7.043, 6.809, 6.114, 6.182, 6.927, 9.507, 9.376, 6.294, 4.22, 5.425, 6.961, 6.776, 6.06, 5.62, 5.017, 4.554, 5.216, 6.333, 7.602, 8.699, 8.781, 9.596, 12.169, 13.632, 13.98, 14.488, 13.699, 11.406, 11.346, 11.645, 9.399, 8.797, 10.626, 12.277, 12.539, 11.704, 10.616, 8.607, 7.808, 7.973, 5.926, 2.768, 2.099, 2.827, 3.677, 4.721, 4.805, 5.065, 6.205, 6.405, 6.262, 6.897, 6.035, 4.911, 4.534, 4.335, 4.608, 3.692, 2.59, 2.737, 3.218, 3.107, 2.578, 2.538, 3.311, 3.458, 4.861, 6.337, 7.024, 8.378, 7.823, 5.648, 4.759, 5.59, 7.054, 7.257, 5.648, 7.071, 8.101, 8.194, 8.33, 8.758, 9.379, 9.612, 9.651, 8.793, 8.679, 7.692, 7.688, 6.572, 4.439, 4.313], [3.585, 4.281, 5.425, 5.432, 4.656, 4.357, 4.267, 4.521, 4.252, 3.276, 4.617, 7.269, 6.179, 3.613, 4.332, 4.433, 3.614, 2.25, 2.952, 2.471, 3.774, 3.707, 3.896, 4.011, 3.304, 2.077, 1.937, 0.0, 2.013, 2.425, 2.668, 2.712, 2.716, 4.048, 4.488, 4.378, 3.908, 3.466, 3.616, 4.163, 3.99, 4.149, 4.018, 3.812, 2.996, 2.66, 4.057, 3.218, 1.607, 4.299, 3.481, 2.578, 4.432, 6.488, 4.988, 1.78, 2.553, 3.005, 4.856, 6.934, 9.135, 8.219, 3.984, 3.899, 3.967, 4.044, 3.424, 3.802, 3.83, 3.622, 3.244, 2.637, 2.467, 2.773, 3.227, 3.133, 2.879, 2.664, 2.758, 3.074, 3.472, 3.782, 4.156, 3.854, 3.217, 2.636, 1.851, 4.967, 10.87, 10.823, 11.03, 12.068, 11.665, 10.76, 10.141, 10.648, 11.422, 13.083, 13.37, 13.801, 14.482, 14.512, 12.83, 12.168, 11.823, 11.705, 10.7, 9.955, 8.728, 9.036, 9.432, 9.286, 8.368, 7.274, 7.468, 7.288, 6.646, 6.462, 7.356, 9.959, 9.878, 6.904, 5.054, 5.982, 7.518, 7.268, 6.497, 6.121, 5.662, 5.142, 5.776, 6.938, 8.003, 9.108, 9.294, 10.169, 12.8, 14.119, 14.292, 14.94, 14.015, 11.724, 11.753, 12.086, 9.824, 9.178, 10.947, 12.604, 12.835, 12.148, 10.983, 8.953, 8