[[0.0, 1.439, 1.487, 1.803, 2.927, 4.134, 4.785, 4.539, 3.899, 3.119, 3.635, 4.126, 4.975, 5.463, 5.358, 4.906, 6.089, 8.088, 9.004, 9.169, 11.085, 13.011, 13.005, 11.802, 11.729, 12.508, 12.291, 11.696, 12.053, 11.991, 11.575, 12.668, 12.555, 10.722, 9.585, 9.801, 10.209, 9.147, 9.012, 10.492, 10.419, 8.767, 7.252, 7.101, 8.557, 8.008, 6.176, 4.845, 4.794, 5.366, 5.36, 5.728, 5.409, 5.455, 5.328, 5.908, 8.153, 9.127, 9.226, 7.981, 6.265, 3.809, 3.697, 5.789, 6.462, 6.121, 5.065, 4.773, 5.116, 6.007, 7.26, 6.768, 6.58, 6.885, 7.011, 7.316, 7.388, 6.942, 7.825, 7.322, 6.735, 6.821, 7.52, 7.618, 6.504, 6.127, 6.344, 5.584, 5.631, 5.488, 4.983, 5.466, 4.881, 4.798, 4.969, 4.649, 5.02, 4.12, 3.987, 4.536, 3.842, 4.14, 4.81, 6.061, 8.647, 9.483, 8.622, 9.17, 8.429, 7.493, 7.244, 7.488, 7.436, 8.019, 7.362, 7.373, 7.022, 6.649, 7.077, 6.6, 6.071, 5.432, 4.549, 3.89, 4.174, 5.183, 5.029, 4.266, 2.907, 2.581, 3.499, 4.25, 4.575, 4.77, 5.874, 5.463, 4.713, 4.543, 6.379, 8.932, 10.547, 11.963, 12.443, 11.552, 12.451, 13.123], [1.439, 0.0, 1.332, 1.1, 2.154, 3.575, 4.081, 3.932, 3.258, 2.375, 2.972, 3.527, 4.188, 4.799, 4.601, 4.264, 5.518, 7.402, 8.283, 8.44, 10.274, 12.291, 12.282, 11.079, 11.01, 11.77, 11.487, 10.928, 11.277, 11.298, 10.798, 11.867, 11.752, 9.942, 8.81, 9.032, 9.486, 8.428, 8.233, 9.688, 9.691, 7.966, 6.541, 6.436, 8.127, 7.663, 5.808, 4.281, 4.42, 4.697, 4.637, 5.158, 4.706, 4.829, 4.604, 5.16, 7.457, 9.089, 9.303, 8.233, 6.145, 3.302, 3.048, 5.19, 5.836, 5.285, 4.253, 3.997, 4.513, 5.954, 7.515, 6.91, 6.756, 7.182, 7.374, 7.217, 6.666, 6.261, 7.259, 6.68, 5.967, 6.218, 6.949, 7.255, 6.712, 6.382, 6.024, 5.257, 4.974, 4.877, 4.517, 4.765, 4.17, 4.16, 4.252, 4.055, 4.357, 3.415, 3.226, 3.807, 3.25, 3.478, 4.226, 6.149, 9.057, 10.087, 9.105, 9.536, 8.756, 7.562, 7.787, 7.386, 7.125, 8.418, 6.876, 6.667, 6.242, 5.948, 6.369, 5.896, 5.385, 4.715, 3.89, 3.452, 3.832, 5.219, 4.9, 4.074, 2.497, 2.056, 3.09, 3.7, 3.773, 4.056, 5.206, 4.837, 4.128, 3.905, 5.677, 8.157, 9.841, 11.24, 11.719, 10.779, 11.678, 12.35], [1.487, 1.332, 0.0, 1.495, 3.134, 4.547, 5.13, 4.787, 3.877, 2.822, 2.922, 2.983, 3.88, 4.694, 4.786, 5.022, 6.342, 8.403, 9.326, 9.492, 11.419, 13.302, 13.304, 12.1, 12.022, 12.823, 12.614, 12.009, 12.384, 12.386, 11.924, 12.998, 12.886, 11.07, 9.895, 10.108, 10.507, 9.438, 9.35, 10.816, 10.713, 9.095, 7.617, 7.51, 9.048, 8.531, 6.725, 5.249, 5.172, 5.749, 5.683, 5.948, 5.328, 5.061, 4.688, 4.968, 6.966, 8.333, 8.545, 7.386, 5.323, 2.652, 2.59, 4.655, 5.351, 5.053, 3.955, 3.665, 3.995, 5.08, 6.705, 6.098, 5.929, 6.353, 6.506, 6.463, 6.195, 5.811, 6.792, 6.205, 5.593, 5.694, 6.376, 6.652, 5.924, 5.545, 5.336, 4.483, 4.49, 4.307, 3.825, 4.27, 3.969, 3.833, 3.977, 4.411, 4.635, 3.366, 3.117, 3.447, 2.721, 3.172, 3.7, 5.265, 8.157, 9.077, 8.179, 8.697, 7.929, 6.734, 6.867, 6.646, 6.526, 7.542, 6.272, 6.233, 6.213, 5.722, 6.06, 5.684, 5.231, 4.513, 3.327, 2.764, 3.147, 4.394, 4.109, 3.375, 2.084, 1.673, 3.644, 4.491, 4.804, 4.917, 6.159, 5.775, 4.781, 4.754, 6.707, 9.269, 10.909, 12.275, 12.752, 11.877, 12.768, 13.433], [1.803, 1.1, 1.495, 0.0, 1.951, 3.466, 3.997, 3.564, 2.724, 1.965, 2.633, 3.247, 3.876, 4.508, 4.217, 3.899, 5.295, 7.157, 8.075, 8.251, 10.085, 12.053, 12.05, 10.847, 10.773, 11.54, 11.311, 10.664, 11.047, 11.126, 10.698, 11.652, 11.539, 9.722, 8.549, 8.795, 9.254, 8.187, 8.124, 9.572, 9.448, 7.755, 6.436, 6.478, 8.102, 7.701, 5.895, 4.129, 4.338, 4.624, 4.398, 4.816, 4.305, 4.298, 4.109, 4.602, 7.176, 9.143, 9.292, 8.273, 6.247, 3.277, 2.818, 5.138, 5.737, 4.778, 3.709, 3.449, 4.215, 5.912, 7.543, 7.14, 6.806, 7.254, 7.551, 7.283, 6.513, 6.036, 6.951, 6.458, 5.611, 5.928, 6.828, 7.292, 6.662, 6.55, 6.029, 5.101, 4.588, 4.604, 4.239, 4.363, 3.732, 3.726, 3.701, 3.644, 3.977, 2.841, 2.64, 3.214, 2.925, 3.098, 3.986, 6.2, 9.266, 10.325, 9.288, 9.644, 8.809, 7.688, 7.96, 7.574, 7.235, 8.603, 6.96, 6.381, 6.012, 5.595, 5.869, 5.415, 4.958, 4.242, 3.682, 3.276, 3.901, 5.269, 4.885, 3.964, 2.445, 1.661, 2.915, 3.576, 3.623, 3.694, 4.948, 4.6, 3.882, 3.579, 5.513, 8.047, 9.656, 11.033, 11.488, 10.523, 11.421, 12.079], [2.927, 2.154, 3.134, 1.951, 0.0, 1.914, 2.423, 2.219, 1.739, 1.711, 2.677, 3.992, 4.192, 4.306, 3.855, 2.759, 3.862, 5.663, 6.617, 6.802, 8.599, 10.528, 10.53, 9.32, 9.28, 10.039, 9.823, 9.129, 9.534, 9.643, 9.316, 10.171, 10.041, 8.246, 7.003, 7.27, 7.727, 6.664, 6.71, 8.132, 7.937, 6.305, 5.217, 5.313, 7.012, 6.663, 4.87, 2.934, 3.259, 3.333, 2.929, 3.313, 3.666, 4.035, 3.914, 4.482, 7.931, 10.464, 10.645, 9.664, 7.676, 4.575, 3.891, 5.84, 6.793, 5.114, 3.908, 4.024, 4.862, 7.394, 9.058, 8.625, 8.308, 8.755, 9.101, 8.685, 7.539, 6.754, 7.203, 6.87, 5.811, 6.276, 7.803, 8.568, 8.15, 8.098, 7.387, 6.215, 5.339, 5.604, 5.379, 4.777, 3.843, 3.815, 3.616, 3.197, 3.525, 2.767, 2.769, 3.382, 3.715, 3.724, 5.224, 7.698, 10.816, 11.859, 10.838, 11.194, 10.296, 9.186, 9.485, 8.979, 8.443, 10.128, 8.185, 6.652, 5.777, 5.563, 5.715, 5.139, 4.677, 4.123, 4.5, 4.447, 5.184, 6.573, 6.029, 5.068, 3.572, 2.687, 2.204, 2.042, 1.874, 2.273, 3.131, 2.963, 2.905, 2.344, 3.974, 6.588, 8.21, 9.526, 9.961, 8.981, 9.896, 10.559], [4.134, 3.575, 4.547, 3.466, 1.914, 0.0, 1.208, 1.734, 2.302, 2.325, 3.588, 5.164, 4.715, 4.298, 4.079, 2.553, 2.446, 4.472, 5.457, 5.604, 7.456, 9.498, 9.494, 8.273, 8.217, 8.977, 8.693, 8.096, 8.446, 8.41, 8.056, 9.045, 8.925, 7.061, 5.991, 6.24, 6.68, 5.634, 5.613, 6.968, 6.967, 5.596, 4.762, 4.482, 5.893, 5.813, 4.136, 2.245, 2.455, 2.108, 2.084, 2.64, 3.532, 4.442, 4.458, 4.852, 8.52, 11.609, 11.934, 10.9, 8.862, 5.734, 5.002, 6.845, 7.85, 5.967, 4.688, 4.822, 6.142, 8.592, 10.196, 9.655, 9.338, 9.817, 10.138, 9.858, 8.618, 7.276, 7.618, 7.163, 6.053, 6.63, 8.365, 9.631, 9.422, 9.152, 8.528, 7.508, 6.645, 6.672, 6.691, 5.636, 5.017, 5.146, 4.326, 3.334, 3.768, 3.441, 3.575, 4.031, 4.281, 4.818, 6.288, 8.906, 11.872, 12.88, 11.882, 12.199, 11.369, 10.226, 10.515, 10.113, 9.568, 11.158, 9.123, 6.881, 5.722, 5.496, 5.9, 5.432, 5.111, 4.695, 5.546, 5.711, 6.291, 7.869, 7.435, 6.398, 4.94, 4.092, 2.406, 2.167, 1.891, 1.869, 2.454, 1.833, 2.273, 2.169, 2.738, 5.331, 7.012, 8.411, 8.912, 7.949, 8.84, 9.509], [4.785, 4.081, 5.13, 3.997, 2.423, 1.208, 0.0, 1.725, 2.44, 2.906, 4.485, 5.953, 5.537, 4.959, 4.53, 2.849, 2.09, 3.682, 4.657, 4.773, 6.576, 8.625, 8.634, 7.431, 7.343, 8.104, 7.815, 7.226, 7.565, 7.573, 7.185, 8.125, 7.98, 6.153, 5.137, 5.418, 5.805, 4.804, 5.05, 6.119, 6.112, 5.119, 4.377, 4.173, 5.18, 5.198, 3.646, 2.044, 2.022, 1.627, 1.644, 2.867, 3.828, 4.948, 5.082, 5.421, 9.24, 12.533, 12.813, 11.852, 9.813, 6.702, 5.948, 7.694, 8.613, 6.694, 5.419, 5.691, 7.069, 9.56, 11.063, 10.528, 10.27, 10.726, 11.066, 10.791, 9.317, 8.125, 8.366, 7.954, 6.67, 7.257, 9.257, 10.599, 10.303, 10.084, 9.464, 8.443, 7.485, 7.565, 7.64, 6.408, 5.905, 5.902, 5.021, 3.888, 4.061, 3.928, 4.023, 4.602, 4.992, 5.702, 7.25, 9.835, 12.842, 13.773, 12.855, 13.112, 12.281, 11.099, 11.396, 11.032, 10.354, 12.105, 9.96, 7.598, 6.1, 6.04, 6.272, 5.919, 5.633, 5.356, 6.281, 6.57, 7.211, 8.801, 8.295, 7.144, 5.7, 5.021, 2.916, 2.286, 1.823, 1.96, 2.432, 1.879, 2.709, 2.459, 2.075, 4.455, 6.142, 7.548, 8.037, 7.055, 7.952, 8.615], [4.539, 3.932, 4.787, 3.564, 2.219, 1.734, 1.725, 0.0, 1.431, 2.399, 3.988, 5.339, 4.922, 4.344, 3.323, 1.857, 2.412, 4.207, 5.332, 5.317, 6.934, 9.007, 8.935, 7.892, 7.675, 8.416, 8.132, 7.64, 8.012, 8.144, 7.974, 8.436, 8.32, 6.687, 5.638, 5.87, 6.105, 5.136, 6.14, 6.96, 7.095, 5.723, 5.489, 5.462, 6.588, 6.532, 5.03, 3.091, 3.078, 2.659, 1.594, 1.79, 2.568, 3.591, 3.794, 4.138, 8.251, 12.003, 12.205, 11.431, 9.394, 6.262, 5.525, 7.335, 8.004, 5.992, 4.756, 4.994, 6.633, 9.113, 10.66, 10.227, 9.942, 10.376, 10.705, 10.362, 8.556, 7.633, 7.708, 7.405, 5.743, 6.273, 8.725, 10.146, 9.773, 9.729, 9.065, 7.82, 6.789, 7.044, 7.155, 5.708, 5.132, 5.21, 3.916, 2.5, 2.694, 2.873, 2.98, 3.67, 4.45, 5.334, 6.856, 9.451, 12.483, 13.476, 12.5, 12.81, 11.897, 10.798, 11.107, 10.666, 9.839, 11.793, 9.618, 6.705, 5.239, 5.253, 5.177, 4.577, 4.367, 4.167, 5.385, 6.085, 6.848, 8.31, 7.659, 6.178, 4.97, 4.449, 2.679, 2.387, 1.984, 1.8, 2.075, 2.15, 2.734, 1.947, 2.479, 5.175, 6.595, 7.922, 8.337, 7.395, 8.264, 8.945], [3.899, 3.258, 3.877, 2.724, 1.739, 2.302, 2.44, 1.431, 0.0, 1.593, 2.939, 4.198, 4.068, 3.713, 2.954, 1.877, 3.251, 5.261, 6.459, 6.434, 8.06, 10.034, 10.013, 9.014, 8.714, 9.47, 9.25, 8.758, 9.138, 9.299, 9.246, 9.59, 9.517, 7.905, 6.746, 7.017, 7.208, 6.167, 6.856, 7.852, 7.884, 6.384, 6.028, 5.989, 7.296, 7.076, 5.571, 3.588, 3.605, 3.477, 2.669, 2.47, 2.448, 3.045, 3.252, 3.634, 7.539, 10.878, 11.126, 10.236, 8.207, 5.106, 4.447, 6.273, 6.936, 5.083, 3.899, 4.09, 5.442, 7.928, 9.603, 9.17, 8.843, 9.3, 9.632, 9.227, 7.545, 6.851, 6.897, 6.742, 5.324, 5.754, 7.831, 9.027, 8.674, 8.628, 7.932, 6.617, 5.625, 5.945, 5.941, 4.659, 4.102, 4.028, 3.095, 2.276, 2.43, 2.439, 2.571, 3.102, 3.681, 4.336, 5.715, 8.237, 11.347, 12.395, 11.368, 11.725, 10.84, 9.741, 10.03, 9.524, 8.726, 10.673, 8.54, 6.251, 4.902, 4.81, 4.661, 4.007, 3.89, 3.427, 4.333, 4.879, 5.647, 7.099, 6.442, 4.987, 3.847, 3.3, 1.987, 2.36, 2.042, 2.072, 2.873, 2.672, 2.478, 1.667, 3.462, 6.311, 7.693, 8.964, 9.393, 8.441, 9.327, 9.993], [3.119, 2.375, 2.822, 1.965, 1.711, 2.325, 2.906, 2.399, 1.593, 0.0, 1.861, 3.548, 3.343, 2.932, 2.574, 2.274, 3.951, 6.109, 7.125, 7.256, 9.153, 11.135, 11.108, 9.903, 9.854, 10.614, 10.389, 9.7, 10.093, 10.088, 9.817, 10.696, 10.603, 8.767, 7.583, 7.877, 8.31, 7.268, 7.346, 8.599, 8.552, 7.144, 6.129, 6.048, 7.471, 7.193, 5.601, 3.719, 3.675, 3.806, 3.418, 3.411, 2.778, 3.049, 3.064, 3.433, 7.145, 9.881, 10.154, 9.142, 7.149, 4.029, 3.308, 5.305, 6.324, 4.513, 3.213, 3.439, 4.479, 6.829, 8.485, 8.018, 7.691, 8.148, 8.509, 8.132, 7.083, 5.989, 6.274, 5.88, 4.727, 5.274, 7.064, 8.011, 7.665, 7.518, 6.857, 5.689, 4.905, 5.127, 4.918, 4.12, 3.328, 3.423, 2.869, 2.187, 2.421, 1.941, 2.157, 2.677, 3.059, 3.295, 4.574, 7.167, 10.224, 11.266, 10.245, 10.601, 9.691, 8.589, 8.878, 8.412, 7.925, 9.521, 7.67, 5.524, 4.34, 4.162, 4.35, 3.892, 3.589, 3.221, 4.056, 4.092, 4.675, 6.078, 5.652, 4.731, 3.272, 2.32, 1.799, 2.577, 2.477, 2.391, 3.423, 3.05, 2.452, 2.26, 4.411, 7.028, 8.724, 10.051, 10.541, 9.551, 10.48, 11.142], [3.635, 2.972, 2.922, 2.633, 2.677, 3.588, 4.485, 3.988, 2.939, 1.861, 0.0, 1.889, 1.859, 2.091, 2.179, 3.191, 5.443, 7.791, 8.709, 8.851, 10.771, 12.688, 12.681, 11.486, 11.407, 12.192, 11.977, 11.391, 11.746, 11.748, 11.487, 12.36, 12.247, 10.425, 9.276, 9.485, 9.883, 8.825, 8.813, 10.225, 10.105, 8.513, 7.427, 7.377, 9.01, 8.78, 6.977, 5.061, 5.2, 5.422, 5.023, 4.752, 3.886, 2.557, 2.104, 2.429, 5.66, 8.254, 8.561, 7.522, 5.473, 2.415, 1.917, 3.751, 4.749, 2.93, 1.808, 1.917, 2.967, 5.173, 6.925, 6.464, 6.138, 6.594, 6.911, 6.554, 5.477, 4.436, 4.909, 4.552, 3.53, 3.881, 5.393, 6.368, 6.081, 5.876, 5.281, 4.006, 3.205, 3.442, 3.253, 2.502, 1.811, 1.819, 1.639, 2.759, 3.196, 2.097, 2.215, 1.934, 2.111, 1.861, 2.91, 5.506, 8.603, 9.69, 8.649, 9.009, 8.135, 7.036, 7.324, 6.856, 6.291, 7.968, 6.083, 4.368, 3.604, 3.324, 3.469, 2.994, 2.578, 1.885, 2.406, 2.523, 3.263, 4.476, 4.084, 3.986, 3.124, 2.098, 2.589, 3.908, 3.924, 3.964, 4.936, 4.327, 2.973, 3.129, 5.991, 8.708, 10.264, 11.624, 12.114, 11.228, 12.119, 12.789], [4.126, 3.527, 2.983, 3.247, 3.992, 5.164, 5.953, 5.339, 4.198, 3.548, 1.889, 0.0, 1.357, 2.413, 3.039, 4.443, 6.856, 9.223, 10.146, 10.271, 12.1, 14.075, 14.056, 12.87, 12.783, 13.546, 13.306, 12.746, 13.091, 13.181, 12.939, 13.696, 13.578, 11.778, 10.644, 10.848, 11.256, 10.201, 10.277, 11.642, 11.531, 9.865, 8.908, 9.032, 10.751, 10.414, 8.596, 6.605, 6.928, 7.038, 6.395, 6.116, 5.154, 3.519, 2.939, 2.746, 4.514, 6.736, 7.082, 6.124, 4.106, 1.199, 1.119, 2.463, 3.175, 2.386, 1.532, 1.248, 2.248, 3.868, 5.521, 5.088, 4.779, 5.218, 5.535, 5.151, 3.796, 3.273, 4.142, 3.746, 3.099, 3.016, 4.155, 4.92, 4.628, 4.488, 3.858, 2.573, 2.094, 2.077, 1.876, 1.562, 1.753, 1.379, 1.956, 4.108, 4.541, 3.327, 3.247, 2.362, 1.915, 1.741, 1.977, 4.131, 7.224, 8.313, 7.272, 7.632, 6.758, 5.659, 5.948, 5.447, 4.705, 6.591, 4.495, 3.751, 3.861, 3.551, 3.538, 3.266, 2.898, 2.254, 1.147, 1.276, 1.956, 3.09, 2.647, 3.113, 2.41, 2.037, 4.167, 5.102, 5.235, 5.455, 6.282, 5.624, 4.251, 4.256, 7.367, 10.139, 11.633, 13.002, 13.488, 12.578, 13.473, 14.144], [4.975, 4.188, 3.88, 3.876, 4.192, 4.715, 5.537, 4.922, 4.068, 3.343, 1.859, 1.357, 0.0, 1.484, 2.292, 3.938, 6.367, 8.696, 9.712, 9.857, 11.691, 13.74, 13.748, 12.519, 12.458, 13.219, 12.935, 12.346, 12.699, 12.721, 12.386, 13.279, 13.16, 11.357, 10.229, 10.551, 10.922, 9.875, 9.832, 11.216, 11.259, 9.704, 9.008, 8.949, 10.404, 10.327, 8.526, 6.682, 6.857, 6.591, 6.014, 5.78, 4.778, 3.046, 2.481, 2.21, 4.216, 7.333, 7.588, 6.641, 4.612, 1.851, 1.778, 2.622, 3.336, 1.913, 1.011, 1.03, 2.449, 4.389, 5.92, 5.413, 5.086, 5.561, 5.86, 5.546, 4.016, 2.907, 3.36, 3.079, 2.113, 2.29, 3.96, 5.288, 5.06, 4.875, 4.26, 3.166, 2.334, 2.347, 2.393, 1.298, 1.877, 1.551, 1.64, 3.774, 4.166, 3.012, 2.909, 2.0, 1.794, 1.886, 2.27, 4.647, 7.641, 8.646, 7.626, 8.018, 7.162, 6.015, 6.278, 5.809, 5.126, 6.928, 4.781, 2.823, 2.763, 2.44, 2.635, 2.502, 2.11, 1.659, 1.64, 2.181, 2.684, 3.748, 3.667, 4.256, 3.518, 2.949, 4.127, 5.389, 5.109, 5.094, 5.821, 5.045, 3.885, 3.995, 6.933, 9.625, 11.294, 12.653, 13.154, 12.187, 13.078, 13.747], [5.463, 4.799, 4.694, 4.508, 4.306, 4.298, 4.959, 4.344, 3.713, 2.932, 2.091, 2.413, 1.484, 0.0, 1.791, 3.346, 5.834, 8.152, 9.182, 9.328, 11.173, 13.222, 13.201, 11.994, 11.941, 12.701, 12.417, 11.791, 12.131, 12.077, 11.735, 12.696, 12.571, 10.736, 9.687, 9.981, 10.401, 9.358, 9.487, 10.683, 10.801, 9.523, 8.724, 8.542, 9.72, 9.675, 8.036, 6.291, 6.307, 5.929, 5.391, 5.26, 4.247, 2.746, 2.437, 1.951, 5.09, 8.17, 8.415, 7.577, 5.528, 2.93, 2.708, 3.336, 4.309, 2.593, 1.83, 2.008, 3.43, 5.33, 6.525, 5.942, 5.715, 6.279, 6.583, 6.31, 4.916, 3.648, 4.0, 3.509, 2.396, 2.811, 4.752, 6.1, 5.833, 5.614, 4.987, 4.022, 3.108, 3.267, 3.356, 2.325, 2.139, 2.023, 1.874, 3.408, 3.684, 2.931, 3.116, 2.47, 2.625, 2.37, 3.203, 5.547, 8.368, 9.212, 8.287, 8.572, 7.777, 6.596, 6.852, 6.597, 5.916, 7.487, 5.385, 2.993, 2.017, 2.007, 2.301, 1.968, 1.89, 1.732, 2.851, 3.222, 3.654, 4.907, 4.774, 5.363, 4.597, 3.929, 3.625, 5.015, 4.779, 4.57, 5.228, 4.438, 3.292, 3.609, 6.294, 9.03, 10.712, 12.132, 12.633, 11.645, 12.551, 13.214], [5.358, 4.601, 4.786, 4.217, 3.855, 4.079, 4.53, 3.323, 2.954, 2.574, 2.179, 3.039, 2.292, 1.791, 0.0, 2.196, 4.591, 6.725, 7.96, 7.914, 9.577, 11.626, 11.95, 10.649, 10.49, 11.106, 10.83, 10.274, 10.65, 10.918, 10.675, 11.141, 10.98, 9.377, 8.371, 8.843, 8.856, 7.856, 9.123, 9.9, 10.094, 8.822, 8.469, 8.456, 9.603, 9.558, 8.024, 6.076, 6.063, 5.683, 4.467, 3.759, 2.687, 1.497, 1.435, 1.72, 5.661, 9.413, 9.572, 8.842, 6.805, 3.868, 3.392, 4.722, 5.306, 3.497, 2.44, 2.675, 4.457, 6.578, 7.96, 7.527, 7.257, 7.698, 8.039, 7.662, 5.872, 4.976, 5.137, 4.871, 2.977, 3.294, 6.077, 7.473, 7.06, 7.054, 6.365, 5.205, 4.214, 4.368, 4.483, 3.136, 2.784, 2.774, 1.988, 1.976, 2.239, 2.078, 2.305, 2.532, 3.549, 3.512, 4.445, 6.826, 9.83, 10.789, 9.825, 10.177, 9.274, 8.137, 8.432, 7.973, 7.179, 9.093, 6.918, 3.921, 2.412, 2.619, 2.48, 1.94, 1.725, 1.602, 3.071, 4.0, 4.688, 5.782, 5.441, 5.141, 4.501, 3.76, 3.37, 4.434, 4.125, 3.936, 4.099, 3.844, 2.978, 2.631, 4.927, 7.716, 9.225, 10.567, 11.034, 10.024, 10.947, 11.612], [4.906, 4.264, 5.022, 3.899, 2.759, 2.553, 2.849, 1.857, 1.877, 2.274, 3.191, 4.443, 3.938, 3.346, 2.196, 0.0, 2.711, 4.922, 6.032, 6.083, 7.879, 9.93, 10.09, 8.795, 8.742, 9.407, 9.124, 8.501, 8.871, 8.899, 8.691, 9.399, 9.306, 7.463, 6.401, 6.857, 7.1, 6.322, 7.422, 8.025, 8.247, 7.426, 6.758, 6.815, 7.687, 7.755, 6.351, 4.394, 4.276, 3.893, 2.651, 2.107, 1.926, 2.778, 2.983, 3.201, 7.366, 11.069, 11.326, 10.478, 8.406, 5.318, 4.522, 6.329, 6.991, 5.155, 3.92, 4.175, 5.882, 8.132, 9.657, 9.225, 8.901, 9.368, 9.734, 9.347, 7.69, 6.637, 6.717, 6.462, 4.472, 5.063, 7.736, 9.178, 8.859, 8.756, 8.081, 6.92, 5.966, 6.113, 6.209, 4.85, 4.431, 4.361, 3.358, 1.969, 2.415, 2.548, 2.753, 3.422, 4.443, 4.723, 5.909, 8.481, 11.492, 12.492, 11.513, 11.843, 10.894, 9.796, 10.085, 9.659, 8.879, 10.752, 8.603, 5.487, 3.701, 3.735, 3.695, 3.667, 3.447, 3.335, 4.629, 5.251, 5.864, 7.388, 6.819, 5.76, 4.697, 4.037, 2.004, 2.738, 2.397, 2.21, 2.155, 2.207, 1.879, 1.533, 3.185, 5.847, 7.48, 8.831, 9.332, 8.331, 9.26, 9.922], [6.089, 5.518, 6.342, 5.295, 3.862, 2.446, 2.09, 2.412, 3.251, 3.951, 5.443, 6.856, 6.367, 5.834, 4.591, 2.711, 0.0, 2.578, 3.492, 3.583, 5.43, 7.405, 7.912, 6.568, 6.599, 6.884, 6.636, 6.102, 6.514, 6.705, 6.393, 7.148, 6.928, 5.231, 4.223, 4.686, 4.741, 4.732, 6.142, 6.565, 6.743, 6.602, 5.939, 5.669, 6.116, 6.218, 4.944, 3.283, 3.07, 2.804, 2.264, 2.129, 3.234, 4.774, 4.968, 5.45, 9.758, 13.513, 13.839, 12.79, 10.753, 7.661, 7.015, 8.842, 9.497, 7.632, 6.34, 6.52, 8.02, 10.481, 12.208, 11.747, 11.421, 11.878, 12.194, 11.821, 10.249, 9.183, 9.164, 8.854, 6.801, 7.217, 10.098, 11.604, 11.342, 11.147, 10.525, 9.346, 8.388, 8.479, 8.543, 7.225, 6.839, 6.791, 5.681, 3.8, 3.655, 4.081, 4.225, 5.077, 6.009, 6.889, 8.257, 10.809, 13.887, 14.973, 13.936, 14.302, 13.418, 12.319, 12.608, 12.107, 11.355, 13.251, 11.109, 7.836, 5.849, 5.972, 5.763, 5.892, 5.674, 5.652, 7.05, 7.476, 8.28, 9.716, 9.225, 7.962, 6.617, 5.952, 3.81, 2.896, 2.679, 2.273, 1.997, 1.934, 3.279, 3.293, 1.572, 3.409, 4.963, 6.327, 6.828, 5.915, 6.805, 7.474], [8.088, 7.402, 8.403, 7.157, 5.663, 4.472, 3.682, 4.207, 5.261, 6.109, 7.791, 9.223, 8.696, 8.152, 6.725, 4.922, 2.578, 0.0, 1.51, 1.402, 3.155, 5.144, 5.642, 4.726, 4.905, 4.581, 4.387, 3.79, 4.198, 4.499, 4.348, 4.863, 4.623, 3.29, 2.802, 3.156, 3.379, 4.19, 5.876, 6.02, 6.419, 6.342, 6.101, 5.611, 5.57, 5.711, 4.819, 4.19, 4.009, 3.511, 3.414, 3.718, 4.988, 6.918, 7.122, 7.444, 11.935, 15.895, 16.202, 15.147, 13.159, 10.021, 9.337, 11.152, 11.805, 9.928, 8.627, 8.799, 10.381, 12.871, 14.54, 14.051, 13.724, 14.194, 14.542, 14.145, 12.518, 11.457, 11.372, 11.216, 9.082, 9.479, 12.488, 13.947, 13.723, 13.553, 12.867, 11.695, 10.682, 10.878, 10.921, 9.539, 9.111, 9.077, 7.784, 5.725, 5.758, 6.357, 6.383, 7.275, 8.233, 9.216, 10.635, 13.194, 16.257, 17.3, 16.278, 16.638, 15.721, 14.622, 14.911, 14.427, 13.679, 15.554, 13.414, 10.185, 8.229, 8.122, 7.956, 8.001, 7.85, 7.758, 9.263, 9.855, 10.52, 12.091, 11.544, 10.101, 8.884, 8.276, 6.181, 4.794, 4.218, 4.195, 3.431, 3.914, 5.592, 5.42, 2.19, 1.894, 2.868, 4.057, 4.508, 3.531, 4.449, 5.111], [9.004, 8.283, 9.326, 8.075, 6.617, 5.457, 4.657, 5.332, 6.459, 7.125, 8.709, 10.146, 9.712, 9.182, 7.96, 6.032, 3.492, 1.51, 0.0, 0.85, 2.233, 4.329, 5.018, 4.375, 4.558, 3.769, 3.329, 2.802, 3.298, 4.062, 3.769, 4.484, 4.008, 2.773, 2.916, 3.268, 3.507, 4.469, 5.926, 6.1, 6.367, 6.56, 6.25, 5.653, 5.45, 5.643, 4.977, 4.881, 4.772, 4.142, 4.37, 4.923, 6.244, 8.011, 8.229, 8.7, 13.047, 16.838, 17.143, 16.083, 14.064, 10.954, 10.363, 12.201, 12.799, 10.904, 9.552, 9.717, 11.258, 13.786, 15.55, 15.106, 14.78, 15.236, 15.553, 15.163, 13.553, 12.524, 12.521, 12.209, 10.109, 10.639, 13.418, 14.953, 14.648, 14.506, 13.868, 12.622, 11.646, 11.735, 11.806, 10.497, 10.07, 10.033, 8.914, 6.895, 6.822, 7.204, 7.247, 8.174, 9.163, 10.136, 11.557, 14.101, 17.243, 18.332, 17.291, 17.651, 16.782, 15.678, 15.967, 15.461, 14.69, 16.61, 14.468, 11.192, 9.196, 9.114, 9.021, 9.241, 9.02, 8.983, 10.344, 10.727, 11.577, 12.969, 12.449, 11.236, 9.852, 9.169, 7.086, 5.802, 5.317, 5.235, 4.576, 4.903, 6.59, 6.678, 3.47, 1.658, 2.249, 3.063, 3.51, 2.628, 3.453, 4.122], [9.169, 8.44, 9.492, 8.251, 6.802, 5.604, 4.773, 5.317, 6.434, 7.256, 8.851, 10.271, 9.857, 9.328, 7.914, 6.083, 3.583, 1.402, 0.85, 0.0, 2.043, 4.166, 4.883, 4.14, 4.342, 3.573, 3.207, 2.672, 3.141, 3.86, 3.706, 4.278, 3.791, 2.702, 2.687, 2.957, 3.036, 4.044, 5.61, 5.745, 6.095, 6.15, 5.951, 5.376, 5.262, 5.434, 4.749, 4.995, 4.886, 4.266, 4.421, 4.854, 6.151, 7.945, 8.164, 8.597, 13.027, 16.958, 17.324, 16.285, 14.25, 11.11, 10.503, 12.355, 12.977, 11.064, 9.735, 9.877, 11.467, 13.955, 15.7, 15.258, 14.932, 15.388, 15.705, 15.333, 13.666, 12.665, 12.58, 12.361, 10.242, 10.617, 13.588, 15.079, 14.847, 14.663, 14.043, 12.77, 11.774, 11.953, 12.025, 10.619, 10.187, 10.143, 8.91, 6.849, 6.769, 7.371, 7.42, 8.298, 9.316, 10.289, 11.714, 14.309, 17.395, 18.484, 17.443, 17.803, 16.928, 15.83, 16.118, 15.635, 14.788, 16.762, 14.62, 11.344, 9.334, 9.266, 9.028, 9.18, 8.989, 8.948, 10.377, 10.952, 11.747, 13.182, 12.605, 11.231, 9.961, 9.342, 7.274, 5.934, 5.368, 5.364, 4.636, 5.091, 6.745, 6.612, 3.341, 1.603, 2.072, 2.899, 3.315, 2.476, 3.285, 3.957], [11.085, 10.274, 11.419, 10.085, 8.599, 7.456, 6.576, 6.934, 8.06, 9.153, 10.771, 12.1, 11.691, 11.173, 9.577, 7.879, 5.43, 3.155, 2.233, 2.043, 0.0, 2.412, 3.242, 3.013, 2.972, 1.966, 1.806, 1.347, 1.685, 2.677, 2.63, 2.704, 2.056, 2.044, 2.5, 2.78, 2.653, 3.564, 5.273, 5.331, 5.677, 5.592, 5.73, 5.164, 4.812, 5.062, 5.491, 6.577, 6.551, 5.932, 6.004, 6.348, 7.5, 9.281, 9.649, 10.196, 14.833, 18.802, 18.996, 18.197, 16.173, 13.048, 12.348, 14.199, 14.747, 12.81, 11.43, 11.683, 13.355, 15.903, 17.536, 17.104, 16.777, 17.234, 17.551, 17.178, 15.387, 14.51, 14.452, 14.212, 12.102, 12.481, 15.523, 16.946, 16.58, 16.54, 15.881, 14.581, 13.567, 13.779, 13.898, 12.436, 11.892, 11.909, 10.545, 8.353, 8.122, 9.089, 9.132, 10.083, 11.163, 12.098, 13.623, 16.205, 19.277, 20.329, 19.308, 19.648, 18.773, 17.675, 17.964, 17.458, 16.638, 18.609, 16.465, 13.205, 11.185, 11.144, 10.934, 10.616, 10.622, 10.604, 12.061, 12.815, 13.637, 15.061, 14.367, 12.893, 11.68, 11.156, 9.179, 7.688, 7.166, 7.143, 6.295, 6.931, 8.659, 8.275, 4.945, 2.546, 1.51, 1.579, 1.995, 1.483, 2.051, 2.349], [13.011, 12.291, 13.302, 12.053, 10.528, 9.498, 8.625, 9.007, 10.034, 11.135, 12.688, 14.075, 13.74, 13.222, 11.626, 9.93, 7.405, 5.144, 4.329, 4.166, 2.412, 0.0, 1.511, 1.917, 1.952, 1.478, 2.382, 2.424, 1.872, 2.227, 2.583, 2.529, 1.858, 2.991, 3.955, 3.801, 3.393, 4.345, 5.073, 4.964, 5.087, 5.43, 6.482, 6.468, 5.155, 5.837, 7.471, 8.441, 8.398, 7.93, 8.079, 8.151, 9.383, 11.105, 11.489, 12.114, 16.835, 20.811, 21.073, 20.098, 18.079, 14.999, 14.384, 16.227, 16.76, 14.865, 13.435, 13.608, 15.24, 17.817, 19.575, 19.141, 18.819, 19.279, 19.6, 19.201, 17.437, 16.545, 16.468, 16.255, 14.117, 14.411, 17.43, 18.971, 18.629, 18.553, 17.912, 16.515, 15.429, 15.656, 15.725, 14.242, 13.738, 13.769, 12.354, 10.182, 9.968, 10.928, 10.99, 11.941, 13.153, 14.134, 15.555, 18.09, 21.289, 22.378, 21.337, 21.697, 20.813, 19.706, 19.993, 19.504, 18.673, 20.644, 18.511, 15.238, 13.227, 13.16, 12.775, 12.476, 12.471, 12.36, 13.911, 14.633, 15.602, 16.937, 16.222, 14.709, 13.615, 12.989, 11.029, 9.599, 9.105, 9.13, 8.276, 8.919, 10.626, 10.346, 6.949, 4.259, 2.749, 2.278, 2.593, 3.248, 2.874, 2.748], [13.005, 12.282, 13.304, 12.05, 10.53, 9.494, 8.634, 8.935, 10.013, 11.108, 12.681, 14.056, 13.748, 13.201, 11.95, 10.09, 7.912, 5.642, 5.018, 4.883, 3.242, 1.511, 0.0, 1.629, 1.758, 2.189, 3.04, 3.006, 2.354, 2.272, 2.732, 2.595, 2.26, 3.305, 4.042, 3.715, 3.666, 4.552, 4.916, 4.323, 4.312, 4.845, 6.262, 6.297, 4.938, 5.546, 7.298, 8.28, 8.316, 7.846, 7.984, 8.422, 9.779, 11.625, 11.928, 12.414, 16.96, 20.786, 21.044, 20.097, 18.072, 14.985, 14.354, 16.203, 16.772, 14.864, 13.418, 13.613, 15.242, 17.807, 19.548, 19.117, 18.796, 19.255, 19.579, 19.178, 17.416, 16.522, 16.5, 16.255, 14.245, 14.72, 17.432, 18.954, 18.624, 18.538, 17.889, 16.488, 15.398, 15.659, 15.717, 14.248, 13.633, 13.75, 12.313, 10.27, 10.548, 11.122, 11.151, 12.007, 13.141, 14.134, 15.549, 18.09, 21.272, 22.354, 21.316, 21.676, 20.789, 19.682, 19.97, 19.481, 18.655, 20.621, 18.487, 15.429, 13.587, 13.423, 13.165, 12.868, 12.689, 12.565, 13.851, 14.627, 15.574, 16.939, 16.196, 14.603, 13.579, 12.967, 11.001, 9.579, 9.108, 9.118, 8.316, 8.909, 10.608, 10.44, 7.339, 4.821, 3.487, 3.226, 3.364, 4.105, 3.681, 3.365], [11.802, 11.079, 12.1, 10.847, 9.32, 8.273, 7.431, 7.892, 9.014, 9.903, 11.486, 12.87, 12.519, 11.994, 10.649, 8.795, 6.568, 4.726, 4.375, 4.14, 3.013, 1.917, 1.629, 0.0, 1.343, 2.27, 3.079, 2.804, 2.171, 1.876, 2.144, 2.331, 2.124, 2.752, 3.159, 2.629, 2.539, 3.37, 3.844, 3.586, 3.483, 4.078, 5.176, 5.125, 3.788, 4.406, 6.138, 7.101, 7.134, 6.664, 6.809, 7.295, 8.642, 10.495, 10.714, 11.251, 15.712, 19.587, 19.822, 18.88, 16.866, 13.779, 13.148, 14.997, 15.532, 13.642, 12.206, 12.404, 14.022, 16.601, 18.342, 17.911, 17.59, 18.049, 18.373, 17.972, 16.247, 15.319, 15.274, 15.031, 12.937, 13.408, 16.217, 17.75, 17.402, 17.332, 16.683, 15.312, 14.235, 14.446, 14.508, 12.998, 12.511, 12.552, 11.26, 9.182, 9.443, 9.846, 9.838, 10.739, 11.938, 12.931, 14.346, 16.879, 20.066, 21.148, 20.11, 20.47, 19.583, 18.476, 18.764, 18.275, 17.485, 19.415, 17.281, 14.14, 12.255, 12.144, 11.856, 11.687, 11.366, 11.45, 12.696, 13.41, 14.366, 15.723, 15.0, 13.619, 12.423, 11.754, 9.795, 8.365, 7.96, 7.929, 7.19, 7.69, 9.402, 9.247, 6.164, 3.578, 3.037, 3.028, 3.071, 3.809, 3.666, 3.647], [11.729, 11.01, 12.022, 10.773, 9.28, 8.217, 7.343, 7.675, 8.714, 9.854, 11.407, 12.783, 12.458, 11.941, 10.49, 8.742, 6.599, 4.905, 4.558, 4.342, 2.972, 1.952, 1.758, 1.343, 0.0, 1.858, 2.779, 2.853, 2.112, 1.973, 2.802, 2.944, 2.568, 3.212, 3.559, 3.071, 2.952, 3.464, 4.202, 3.976, 4.089, 4.341, 5.191, 5.225, 3.944, 4.473, 6.142, 7.11, 7.102, 6.631, 6.759, 7.139, 8.6, 10.29, 10.626, 11.023, 15.574, 19.518, 19.761, 18.831, 16.798, 13.718, 13.107, 14.957, 15.488, 13.578, 12.131, 12.336, 13.988, 16.535, 18.301, 17.871, 17.545, 18.001, 18.318, 17.928, 16.156, 15.275, 15.202, 14.975, 12.894, 13.4, 16.148, 17.69, 17.348, 17.271, 16.633, 15.214, 14.129, 14.375, 14.462, 13.0, 12.36, 12.491, 11.078, 9.015, 9.254, 9.887, 9.839, 10.736, 11.86, 12.855, 14.273, 16.809, 20.008, 21.097, 20.056, 20.416, 19.541, 18.435, 18.723, 18.225, 17.391, 19.374, 17.233, 14.105, 12.235, 12.212, 11.846, 11.429, 11.323, 11.211, 12.589, 13.379, 14.327, 15.668, 14.933, 13.337, 12.295, 11.757, 9.761, 8.369, 7.847, 7.852, 7.215, 7.647, 9.344, 9.082, 5.883, 3.792, 2.989, 2.77, 3.075, 3.836, 3.51, 3.27], [12.508, 11.77, 12.823, 11.54, 10.039, 8.977, 8.104, 8.416, 9.47, 10.614, 12.192, 13.546, 13.219, 12.701, 11.106, 9.407, 6.884, 4.581, 3.769, 3.573, 1.966, 1.478, 2.189, 2.27, 1.858, 0.0, 1.612, 1.797, 1.22, 1.829, 2.89, 2.883, 1.992, 2.794, 3.401, 3.311, 3.094, 4.052, 5.418, 5.439, 5.666, 5.74, 6.17, 5.969, 4.988, 5.648, 6.881, 7.838, 7.885, 7.395, 7.511, 7.659, 8.764, 10.487, 10.967, 11.59, 16.308, 20.279, 20.561, 19.576, 17.587, 14.478, 13.873, 15.723, 16.274, 14.339, 12.936, 13.115, 14.743, 17.305, 19.064, 18.632, 18.305, 18.762, 19.078, 18.688, 16.915, 16.038, 15.953, 15.734, 13.596, 13.903, 16.939, 18.45, 18.128, 18.031, 17.394, 15.999, 14.945, 15.21, 15.294, 13.846, 13.262, 13.321, 11.928, 9.682, 9.365, 10.486, 10.526, 11.476, 12.621, 13.622, 15.05, 17.618, 20.768, 21.857, 20.816, 21.176, 20.301, 19.201, 19.489, 18.986, 18.151, 20.135, 17.993, 14.717, 12.705, 12.639, 12.311, 11.953, 11.993, 11.916, 13.449, 14.213, 15.081, 16.452, 15.759, 14.229, 13.121, 12.54, 10.577, 9.142, 8.615, 8.643, 7.736, 8.407, 10.105, 9.797, 6.436, 3.709, 2.168, 1.539, 1.913, 2.612, 2.314, 2.192], [12.291, 11.487, 12.614, 11.311, 9.823, 8.693, 7.815, 8.132, 9.25, 10.389, 11.977, 13.306, 12.935, 12.417, 10.83, 9.124, 6.636, 4.387, 3.329, 3.207, 1.806, 2.382, 3.04, 3.079, 2.779, 1.612, 0.0, 1.229, 1.356, 2.406, 3.475, 3.419, 2.518, 2.744, 3.323, 3.309, 3.288, 4.285, 6.049, 6.046, 6.32, 6.302, 6.568, 6.115, 5.564, 5.967, 6.49, 7.517, 7.617, 7.055, 7.156, 7.436, 8.645, 10.405, 10.769, 11.416, 16.069, 20.008, 20.237, 19.402, 17.379, 14.254, 13.593, 15.443, 15.984, 14.055, 12.657, 12.88, 14.56, 17.109, 18.759, 18.328, 18.006, 18.476, 18.795, 18.414, 16.631, 15.732, 15.688, 15.451, 13.338, 13.686, 16.729, 18.168, 17.825, 17.754, 17.118, 15.787, 14.771, 14.985, 15.104, 13.642, 12.97, 13.113, 11.719, 9.421, 9.163, 10.252, 10.305, 11.257, 12.364, 13.329, 14.828, 17.41, 20.495, 21.565, 20.544, 20.887, 20.0, 18.893, 19.181, 18.702, 17.868, 19.851, 17.698, 14.441, 12.422, 12.381, 12.14, 11.876, 11.824, 11.805, 13.231, 14.021, 14.873, 16.266, 15.568, 13.951, 12.883, 12.33, 10.353, 8.893, 8.388, 8.379, 7.47, 8.168, 9.886, 9.513, 6.191, 3.442, 2.198, 1.401, 1.496, 1.812, 1.681, 1.968], [11.696, 10.928, 12.009, 10.664, 9.129, 8.096, 7.226, 7.64, 8.758, 9.7, 11.391, 12.746, 12.346, 11.791, 10.274, 8.501, 6.102, 3.79, 2.802, 2.672, 1.347, 2.424, 3.006, 2.804, 2.853, 1.797, 1.229, 0.0, 1.146, 2.133, 2.825, 2.952, 2.068, 2.191, 2.608, 2.901, 2.942, 3.968, 5.69, 5.706, 5.856, 5.86, 5.952, 5.415, 5.087, 5.397, 5.77, 6.922, 6.942, 6.367, 6.547, 6.961, 8.188, 9.957, 10.23, 10.966, 15.47, 19.444, 19.666, 18.776, 16.781, 13.647, 12.93, 14.779, 15.341, 13.435, 12.004, 12.267, 13.933, 16.499, 18.083, 17.642, 17.343, 17.815, 18.187, 17.759, 16.007, 15.072, 15.049, 14.857, 12.725, 13.165, 16.128, 17.588, 17.248, 17.188, 16.482, 15.214, 14.174, 14.395, 14.479, 13.027, 12.433, 12.497, 11.199, 8.935, 8.696, 9.58, 9.657, 10.635, 11.787, 12.738, 14.235, 16.815, 19.913, 20.937, 19.931, 20.266, 19.318, 18.226, 18.534, 18.069, 17.323, 19.186, 17.047, 13.812, 11.843, 11.759, 11.541, 11.42, 11.235, 11.356, 12.669, 13.397, 14.16, 15.646, 14.949, 13.483, 12.321, 11.682, 9.723, 8.184, 7.706, 7.71, 6.805, 7.486, 9.25, 8.97, 5.818, 2.846, 1.806, 1.54, 1.898, 1.918, 1.969, 2.365], [12.053, 11.277, 12.384, 11.047, 9.534, 8.446, 7.565, 8.012, 9.138, 10.093, 11.746, 13.091, 12.699, 12.131, 10.65, 8.871, 6.514, 4.198, 3.298, 3.141, 1.685, 1.872, 2.354, 2.171, 2.112, 1.22, 1.356, 1.146, 0.0, 1.412, 2.406, 2.647, 1.797, 2.116, 2.732, 2.911, 2.972, 3.869, 5.127, 5.136, 5.37, 5.298, 5.637, 5.345, 4.533, 4.985, 6.091, 7.235, 7.319, 6.711, 6.876, 7.376, 8.677, 10.5, 10.753, 11.368, 15.846, 19.786, 20.018, 19.176, 17.15, 14.024, 13.296, 15.165, 15.701, 13.789, 12.39, 12.658, 14.336, 16.879, 18.459, 18.018, 17.717, 18.183, 18.544, 18.127, 16.379, 15.45, 15.406, 15.206, 13.064, 13.528, 16.492, 17.938, 17.583, 17.533, 16.83, 15.578, 14.574, 14.769, 14.88, 13.437, 12.916, 12.917, 11.619, 9.414, 9.309, 9.98, 10.057, 11.02, 12.13, 13.075, 14.593, 17.186, 20.263, 21.284, 20.275, 20.611, 19.691, 18.585, 18.905, 18.43, 17.661, 19.554, 17.412, 14.163, 12.229, 12.112, 11.978, 11.898, 11.687, 11.758, 13.121, 13.799, 14.579, 16.042, 15.353, 13.979, 12.697, 12.088, 10.098, 8.593, 8.142, 8.11, 7.299, 7.88, 9.636, 9.343, 6.163, 3.286, 2.04, 1.584, 1.992, 2.468, 2.32, 2.381], [11.991, 11.298, 12.386, 11.126, 9.643, 8.41, 7.573, 8.144, 9.299, 10.088, 11.748, 13.181, 12.721, 12.077, 10.918, 8.899, 6.705, 4.499, 4.062, 3.86, 2.677, 2.227, 2.272, 1.876, 1.973, 1.829, 2.406, 2.133, 1.412, 0.0, 1.95, 2.441, 1.946, 2.184, 2.874, 2.76, 3.013, 3.85, 4.442, 4.328, 4.747, 4.969, 5.298, 5.047, 4.182, 4.805, 6.039, 7.242, 7.306, 6.675, 7.037, 7.83, 9.167, 11.001, 11.17, 11.638, 15.997, 19.838, 20.179, 19.23, 17.193, 14.058, 13.147, 15.011, 15.761, 13.907, 12.54, 12.796, 14.42, 16.905, 18.393, 17.905, 17.625, 18.125, 18.487, 18.092, 16.521, 15.344, 15.32, 15.179, 13.154, 13.698, 16.434, 17.911, 17.708, 17.527, 16.84, 15.714, 14.739, 14.907, 14.98, 13.578, 13.152, 13.092, 11.815, 9.772, 9.853, 10.182, 10.318, 11.14, 12.061, 13.096, 14.568, 17.253, 20.233, 21.223, 20.204, 20.558, 19.586, 18.444, 18.719, 18.448, 17.613, 19.421, 17.335, 14.133, 12.328, 12.117, 12.136, 12.324, 12.129, 12.019, 13.335, 13.907, 14.567, 16.135, 15.537, 14.179, 12.913, 12.235, 10.167, 8.758, 8.136, 8.129, 7.383, 7.902, 9.643, 9.417, 6.346, 3.492, 2.635, 2.755, 3.091, 3.604, 3.358, 3.343], [11.575, 10.798, 11.924, 10.698, 9.316, 8.056, 7.185, 7.974, 9.246, 9.817, 11.487, 12.939, 12.386, 11.735, 10.675, 8.691, 6.393, 4.348, 3.769, 3.706, 2.63, 2.583, 2.732, 2.144, 2.802, 2.89, 3.475, 2.825, 2.406, 1.95, 0.0, 1.556, 1.508, 1.902, 2.662, 2.569, 2.816, 3.714, 3.376, 3.424, 3.723, 4.206, 4.51, 4.542, 3.558, 4.198, 5.574, 6.833, 6.861, 6.245, 6.8, 7.687, 9.011, 10.869, 11.028, 11.516, 15.824, 19.556, 19.764, 18.822, 16.716, 13.629, 12.897, 14.642, 15.541, 13.559, 12.207, 12.512, 13.996, 16.505, 17.984, 17.473, 17.228, 17.677, 18.011, 17.719, 16.233, 15.055, 15.197, 14.774, 12.721, 13.45, 16.082, 17.616, 17.215, 17.034, 16.433, 15.429, 14.497, 14.496, 14.564, 13.359, 12.923, 12.888, 11.753, 9.645, 9.727, 9.912, 9.986, 10.876, 11.658, 12.584, 14.232, 16.79, 19.791, 20.744, 19.789, 20.124, 19.265, 18.082, 18.38, 17.963, 17.393, 19.058, 16.916, 13.694, 11.853, 11.657, 11.963, 12.193, 11.957, 11.903, 13.232, 13.472, 14.132, 15.771, 15.282, 14.118, 12.712, 11.922, 9.653, 8.498, 8.051, 7.999, 7.347, 7.622, 9.192, 9.332, 6.243, 3.753, 3.193, 3.644, 3.925, 3.713, 4.33, 4.291], [12.668, 11.867, 12.998, 11.652, 10.171, 9.045, 8.125, 8.436, 9.59, 10.696, 12.36, 13.696, 13.279, 12.696, 11.141, 9.399, 7.148, 4.863, 4.484, 4.278, 2.704, 2.529, 2.595, 2.331, 2.944, 2.883, 3.419, 2.952, 2.647, 2.441, 1.556, 0.0, 1.264, 2.358, 3.22, 3.059, 3.011, 3.848, 4.102, 3.447, 3.796, 4.423, 5.443, 5.672, 4.615, 5.275, 6.66, 7.851, 7.936, 7.327, 7.435, 7.862, 9.067, 10.927, 11.321, 11.778, 16.404, 20.392, 20.605, 19.806, 17.769, 14.638, 13.874, 15.712, 16.338, 14.357, 13.03, 13.306, 14.978, 17.493, 19.011, 18.563, 18.273, 18.736, 19.098, 18.72, 16.929, 16.002, 15.986, 15.792, 13.681, 14.079, 17.108, 18.535, 18.17, 18.118, 17.426, 16.195, 15.164, 15.419, 15.531, 14.083, 13.472, 13.558, 12.166, 9.861, 9.779, 10.677, 10.735, 11.626, 12.734, 13.646, 15.212, 17.826, 20.866, 21.846, 20.88, 21.175, 20.237, 19.139, 19.457, 19.012, 18.22, 20.134, 17.959, 14.778, 12.803, 12.746, 12.581, 12.268, 12.251, 12.206, 13.683, 14.45, 15.192, 16.685, 15.996, 14.463, 13.319, 12.729, 10.723, 9.24, 8.734, 8.739, 7.86, 8.48, 10.253, 9.782, 6.527, 4.19, 3.232, 3.599, 3.851, 3.65, 4.195, 4.207], [12.555, 11.752, 12.886, 11.539, 10.041, 8.925, 7.98, 8.32, 9.517, 10.603, 12.247, 13.578, 13.16, 12.571, 10.98, 9.306, 6.928, 4.623, 4.008, 3.791, 2.056, 1.858, 2.26, 2.124, 2.568, 1.992, 2.518, 2.068, 1.797, 1.946, 1.508, 1.264, 0.0, 2.091, 3.082, 2.92, 2.782, 3.682, 4.35, 4.161, 4.378, 4.798, 5.459, 5.626, 4.583, 5.338, 6.552, 7.741, 7.825, 7.215, 7.323, 7.731, 8.939, 10.726, 11.053, 11.687, 16.29, 20.272, 20.416, 19.677, 17.652, 14.526, 13.774, 15.596, 16.205, 14.208, 12.882, 13.156, 14.837, 17.38, 18.88, 18.452, 18.179, 18.63, 18.976, 18.624, 16.789, 15.881, 15.892, 15.673, 13.565, 13.964, 16.994, 18.418, 18.0, 17.998, 17.325, 16.067, 15.058, 15.265, 15.382, 13.922, 13.358, 13.393, 11.998, 9.741, 9.55, 10.482, 10.558, 11.514, 12.621, 13.509, 15.094, 17.687, 20.752, 21.725, 20.766, 21.061, 20.133, 19.031, 19.351, 18.909, 18.107, 20.04, 17.864, 14.656, 12.642, 12.612, 12.419, 12.142, 12.083, 12.106, 13.523, 14.299, 15.089, 16.543, 15.848, 14.347, 13.17, 12.586, 10.605, 9.088, 8.61, 8.602, 7.728, 8.383, 10.137, 9.676, 6.45, 3.756, 2.549, 2.778, 3.03, 3.063, 3.385, 3.431], [10.722, 9.942, 11.07, 9.722, 8.246, 7.061, 6.153, 6.687, 7.905, 8.767, 10.425, 11.778, 11.357, 10.736, 9.377, 7.463, 5.231, 3.29, 2.773, 2.702, 2.044, 2.991, 3.305, 2.752, 3.212, 2.794, 2.744, 2.191, 2.116, 2.184, 1.902, 2.358, 2.091, 0.0, 1.571, 1.649, 2.138, 2.999, 4.356, 4.371, 4.749, 4.746, 4.742, 4.643, 4.187, 4.748, 4.844, 5.92, 6.013, 5.387, 5.513, 6.286, 7.616, 9.457, 9.625, 10.178, 14.51, 18.42, 18.705, 17.882, 15.844, 12.712, 11.836, 13.71, 14.366, 12.461, 11.106, 11.386, 13.054, 15.563, 16.99, 16.557, 16.277, 16.768, 17.17, 16.731, 15.044, 13.99, 14.003, 13.817, 11.74, 12.266, 15.165, 16.579, 16.264, 16.137, 15.457, 14.301, 13.296, 13.495, 13.606, 12.177, 11.712, 11.652, 10.408, 8.267, 8.295, 8.745, 8.8, 9.705, 10.77, 11.683, 13.249, 15.901, 18.934, 19.887, 18.928, 19.209, 18.239, 17.121, 17.438, 17.087, 16.26, 18.095, 15.996, 12.826, 10.858, 10.762, 10.67, 10.777, 10.572, 10.575, 11.886, 12.526, 13.241, 14.761, 14.093, 12.765, 11.465, 10.813, 8.802, 7.319, 6.802, 6.762, 6.016, 6.51, 8.329, 7.904, 4.852, 2.783, 2.601, 3.165, 3.388, 2.767, 3.714, 4.114], [9.585, 8.81, 9.895, 8.549, 7.003, 5.991, 5.137, 5.638, 6.746, 7.583, 9.276, 10.644, 10.229, 9.687, 8.371, 6.401, 4.223, 2.802, 2.916, 2.687, 2.5, 3.955, 4.042, 3.159, 3.559, 3.401, 3.323, 2.608, 2.732, 2.874, 2.662, 3.22, 3.082, 1.571, 0.0, 1.208, 1.826, 2.411, 3.907, 4.084, 4.141, 4.135, 3.903, 3.659, 3.646, 3.927, 3.793, 4.844, 4.893, 4.41, 4.489, 5.146, 6.486, 8.364, 8.519, 9.028, 13.434, 17.349, 17.585, 16.656, 14.665, 11.533, 10.817, 12.661, 13.225, 11.331, 9.916, 10.156, 11.81, 14.385, 15.989, 15.557, 15.244, 15.71, 16.076, 15.635, 13.916, 12.968, 12.939, 12.75, 10.63, 11.234, 14.02, 15.477, 15.136, 15.077, 14.369, 13.097, 12.067, 12.291, 12.363, 10.918, 10.451, 10.403, 9.204, 7.07, 7.234, 7.533, 7.607, 8.519, 9.681, 10.623, 12.126, 14.696, 17.8, 18.834, 17.822, 18.171, 17.223, 16.132, 16.427, 15.951, 15.222, 17.077, 14.947, 11.737, 9.851, 9.703, 9.571, 9.652, 9.401, 9.382, 10.692, 11.283, 12.035, 13.531, 12.853, 11.565, 10.267, 9.556, 7.612, 6.092, 5.617, 5.609, 4.834, 5.367, 7.135, 6.977, 3.967, 2.96, 2.879, 3.548, 3.763, 3.184, 4.067, 4.456], [9.801, 9.032, 10.108, 8.795, 7.27, 6.24, 5.418, 5.87, 7.017, 7.877, 9.485, 10.848, 10.551, 9.981, 8.843, 6.857, 4.686, 3.156, 3.268, 2.957, 2.78, 3.801, 3.715, 2.629, 3.071, 3.311, 3.309, 2.901, 2.911, 2.76, 2.569, 3.059, 2.92, 1.649, 1.208, 0.0, 1.438, 2.223, 3.808, 3.888, 3.814, 3.88, 3.868, 3.722, 3.504, 4.047, 4.069, 5.037, 5.077, 4.661, 4.773, 5.436, 6.711, 8.603, 8.831, 9.389, 13.875, 17.55, 17.773, 16.865, 14.88, 11.746, 11.118, 12.972, 13.586, 11.706, 10.174, 10.363, 12.009, 14.597, 16.286, 15.855, 15.548, 16.007, 16.331, 15.951, 14.279, 13.304, 13.401, 12.997, 11.064, 11.652, 14.262, 15.712, 15.36, 15.297, 14.657, 13.29, 12.248, 12.482, 12.556, 11.154, 10.442, 10.627, 9.381, 7.313, 7.522, 7.778, 7.981, 8.797, 9.905, 10.866, 12.342, 14.901, 18.031, 19.106, 18.079, 18.428, 17.526, 16.423, 16.722, 16.246, 15.481, 17.394, 15.256, 12.058, 10.269, 10.043, 9.996, 9.918, 9.71, 9.727, 10.876, 11.493, 12.344, 13.732, 13.026, 11.689, 10.417, 9.765, 7.834, 6.349, 5.987, 5.877, 5.004, 5.696, 7.368, 7.437, 4.313, 3.152, 3.217, 3.809, 3.861, 3.381, 4.29, 4.735], [10.209, 9.486, 10.507, 9.254, 7.727, 6.68, 5.805, 6.105, 7.208, 8.31, 9.883, 11.256, 10.922, 10.401, 8.856, 7.1, 4.741, 3.379, 3.507, 3.036, 2.653, 3.393, 3.666, 2.539, 2.952, 3.094, 3.288, 2.942, 2.972, 3.013, 2.816, 3.011, 2.782, 2.138, 1.826, 1.438, 0.0, 1.545, 3.491, 3.562, 3.55, 3.791, 4.241, 3.848, 3.39, 3.942, 4.49, 5.493, 5.533, 5.085, 5.179, 5.242, 6.493, 8.314, 8.737, 9.372, 14.009, 17.987, 18.223, 17.288, 15.274, 12.186, 11.555, 13.405, 13.938, 12.036, 10.604, 10.811, 12.43, 15.009, 16.75, 16.319, 15.997, 16.457, 16.781, 16.379, 14.612, 13.723, 13.646, 13.438, 11.298, 11.629, 14.625, 16.155, 15.809, 15.74, 15.09, 13.69, 12.598, 12.854, 12.916, 11.402, 10.732, 10.946, 9.492, 7.213, 7.225, 8.07, 8.124, 9.101, 10.344, 11.338, 12.753, 15.287, 18.474, 19.556, 18.518, 18.878, 17.991, 16.884, 17.171, 16.682, 15.857, 17.822, 15.689, 12.424, 10.44, 10.37, 9.994, 9.738, 9.611, 9.599, 10.991, 11.818, 12.773, 14.131, 13.399, 11.739, 10.773, 10.162, 8.203, 6.764, 6.315, 6.367, 5.366, 6.097, 7.809, 7.516, 4.423, 3.298, 3.094, 3.534, 3.419, 3.191, 3.997, 4.454], [9.147, 8.428, 9.438, 8.187, 6.664, 5.634, 4.804, 5.136, 6.167, 7.268, 8.825, 10.201, 9.875, 9.358, 7.856, 6.322, 4.732, 4.19, 4.469, 4.044, 3.564, 4.345, 4.552, 3.37, 3.464, 4.052, 4.285, 3.968, 3.869, 3.85, 3.714, 3.848, 3.682, 2.999, 2.411, 2.223, 1.545, 0.0, 2.526, 2.932, 2.917, 2.705, 3.058, 2.827, 2.979, 3.387, 3.67, 4.485, 4.506, 4.177, 4.402, 4.902, 6.183, 7.367, 7.758, 8.376, 12.965, 16.936, 17.178, 16.234, 14.215, 11.136, 10.509, 12.358, 12.891, 10.99, 9.549, 9.743, 11.376, 13.953, 15.701, 15.27, 14.951, 15.41, 15.734, 15.333, 13.566, 12.677, 12.599, 12.392, 10.433, 10.685, 13.566, 15.108, 14.763, 14.689, 14.044, 12.632, 11.534, 11.793, 11.851, 10.347, 9.751, 9.884, 8.426, 6.395, 6.46, 7.093, 7.113, 8.048, 9.276, 10.269, 11.691, 14.227, 17.426, 18.509, 17.471, 17.831, 16.941, 15.837, 16.125, 15.636, 14.809, 16.776, 14.642, 11.484, 9.63, 9.755, 9.287,