[[0.0, 1.788, 1.171, 1.295, 1.018, 1.878, 2.605, 2.706, 2.517, 2.748, 2.913, 2.894, 5.132, 7.595, 6.455, 4.825, 3.281, 1.543, 2.443, 2.413, 1.616, 1.862, 3.062, 3.383, 3.905, 5.759, 6.046, 5.298, 5.394, 4.947, 4.77, 5.272, 4.694, 3.594, 2.943, 3.991, 6.345, 7.502, 7.065, 6.599, 6.065, 5.102, 3.042, 7.654, 9.546, 10.615, 9.871, 8.607, 7.384, 5.917, 4.117, 3.456, 4.087, 5.386, 5.978, 6.959, 7.173, 7.463, 7.237, 7.683, 8.54, 9.059, 10.334, 10.416, 11.774, 13.297, 13.794, 12.643, 13.113, 15.532, 14.717, 14.338, 15.791, 15.13, 12.545, 10.783, 9.64, 8.19, 9.106, 10.932, 11.839, 12.629, 13.716, 12.35, 8.163, 4.819, 2.865, 2.81, 3.117, 2.398, 2.454, 5.996, 8.157, 8.786, 7.595, 7.265, 7.097, 5.695, 4.566, 4.299, 3.432, 4.428, 4.502, 4.548, 4.197, 4.008, 4.671, 4.496, 3.703, 4.067, 3.62, 3.939, 3.766, 4.076, 4.429, 5.565, 8.818, 10.35, 9.385, 9.177, 9.569, 10.886, 11.295, 11.362, 9.815, 5.85, 4.143, 5.309, 5.968, 6.444, 7.832, 8.108, 6.709, 4.404, 4.142, 4.115, 3.673, 4.621, 5.571, 5.354, 4.153, 3.52, 3.234, 2.565, 3.007, 2.861], [1.788, 0.0, 2.18, 2.156, 2.076, 2.368, 3.345, 3.834, 3.917, 4.07, 3.9, 4.035, 6.559, 9.149, 7.915, 6.064, 4.108, 2.138, 1.932, 1.792, 1.675, 1.809, 2.49, 2.954, 3.025, 4.784, 5.157, 4.497, 4.317, 3.883, 3.661, 3.852, 3.206, 2.534, 2.008, 2.594, 5.139, 6.072, 5.69, 5.169, 4.601, 4.163, 3.448, 8.678, 10.854, 11.906, 11.178, 9.705, 8.597, 7.186, 5.297, 4.822, 5.526, 6.803, 7.416, 8.319, 8.643, 8.983, 8.773, 9.197, 10.027, 10.504, 11.784, 11.716, 13.186, 14.659, 15.144, 14.123, 14.577, 17.011, 16.187, 15.794, 17.212, 16.542, 13.975, 12.21, 11.104, 9.637, 10.563, 12.388, 13.185, 14.138, 15.247, 13.815, 9.501, 6.297, 4.108, 4.027, 4.414, 3.905, 1.657, 4.589, 6.815, 7.565, 6.406, 6.258, 6.074, 4.635, 3.607, 3.558, 4.183, 5.771, 5.88, 5.885, 5.529, 4.942, 5.567, 5.432, 4.115, 3.608, 4.253, 4.923, 4.992, 5.288, 5.368, 6.794, 10.189, 11.791, 10.794, 10.566, 10.991, 12.334, 12.751, 12.786, 11.327, 7.213, 4.932, 5.166, 5.649, 6.094, 7.367, 7.619, 6.411, 4.381, 3.581, 3.253, 3.334, 3.737, 4.694, 4.54, 3.828, 3.96, 3.307, 2.636, 2.754, 3.143], [1.171, 2.18, 0.0, 0.989, 1.202, 1.83, 2.671, 2.929, 2.922, 3.018, 3.235, 3.206, 5.308, 7.38, 6.124, 4.93, 3.352, 1.958, 3.202, 3.066, 2.223, 2.492, 3.8, 4.127, 4.647, 6.508, 6.795, 6.004, 6.038, 5.572, 5.354, 5.734, 4.936, 3.653, 3.156, 3.954, 6.232, 7.456, 7.078, 6.57, 6.116, 5.073, 2.919, 6.974, 8.891, 10.02, 9.192, 8.027, 7.45, 5.618, 3.938, 3.63, 4.309, 5.536, 6.166, 6.436, 6.815, 7.224, 7.262, 7.531, 8.101, 8.567, 9.784, 9.836, 11.249, 12.681, 13.147, 12.042, 12.533, 14.936, 14.103, 13.775, 15.29, 14.609, 12.002, 10.349, 9.27, 7.853, 8.799, 10.577, 11.279, 12.334, 13.337, 12.06, 7.878, 4.967, 3.309, 3.206, 3.5, 2.667, 2.926, 6.291, 8.454, 9.175, 8.23, 7.988, 7.81, 6.364, 5.287, 5.056, 3.954, 4.789, 4.757, 4.814, 4.512, 4.352, 5.065, 4.924, 4.344, 4.662, 4.166, 4.37, 4.011, 4.348, 4.663, 5.809, 9.014, 9.923, 8.958, 8.744, 9.136, 10.365, 10.866, 10.961, 9.534, 5.317, 3.632, 5.097, 5.73, 6.231, 7.614, 7.89, 6.542, 4.329, 4.802, 4.725, 4.193, 5.218, 6.233, 6.026, 4.815, 4.125, 3.859, 3.225, 3.668, 3.603], [1.295, 2.156, 0.989, 0.0, 1.105, 1.751, 2.207, 2.564, 2.616, 2.715, 2.88, 2.838, 5.161, 7.503, 6.238, 4.686, 3.06, 1.87, 3.012, 2.925, 2.076, 2.232, 3.437, 3.777, 4.274, 6.134, 6.401, 5.632, 5.678, 5.198, 5.203, 5.57, 4.843, 3.557, 3.136, 4.043, 6.291, 7.522, 7.155, 6.609, 6.079, 5.153, 3.434, 7.399, 9.219, 10.248, 9.5, 8.29, 7.502, 5.487, 3.702, 3.547, 4.284, 5.387, 5.997, 6.51, 6.846, 7.358, 7.238, 7.497, 8.136, 8.606, 9.949, 9.998, 11.339, 12.952, 13.598, 12.348, 12.859, 15.186, 14.418, 14.039, 15.349, 14.622, 12.356, 10.512, 9.279, 7.887, 8.671, 10.572, 11.555, 12.316, 13.485, 11.946, 7.864, 4.85, 2.936, 2.797, 3.319, 2.351, 2.657, 6.304, 8.54, 9.226, 8.025, 7.665, 7.469, 5.941, 4.95, 4.679, 3.468, 4.441, 4.576, 4.519, 4.201, 3.926, 4.608, 4.458, 3.945, 4.29, 3.684, 3.904, 3.637, 3.994, 4.306, 5.477, 8.825, 9.997, 8.956, 8.651, 9.174, 10.521, 11.001, 10.885, 9.504, 5.613, 3.981, 5.539, 6.172, 6.68, 8.073, 8.298, 6.981, 4.669, 4.641, 4.626, 3.962, 5.063, 6.056, 5.7, 4.522, 3.891, 3.574, 3.006, 3.312, 3.343], [1.018, 2.076, 1.202, 1.105, 0.0, 1.705, 2.189, 2.365, 2.358, 2.561, 2.74, 2.754, 4.893, 7.307, 6.065, 4.54, 2.999, 1.464, 2.689, 2.659, 1.928, 1.893, 3.219, 3.593, 4.063, 5.927, 6.208, 5.418, 5.592, 5.115, 5.242, 5.637, 5.02, 3.868, 3.225, 4.232, 6.57, 7.743, 7.31, 6.847, 6.307, 5.357, 3.293, 7.543, 9.341, 10.406, 9.672, 8.385, 7.449, 5.448, 3.767, 3.349, 4.082, 5.126, 5.703, 6.442, 6.664, 7.161, 6.963, 7.232, 8.012, 8.553, 10.002, 10.03, 11.418, 13.114, 13.668, 12.401, 12.916, 15.204, 14.482, 14.057, 15.37, 14.622, 12.421, 10.686, 9.479, 8.081, 8.893, 10.829, 11.835, 12.547, 13.748, 12.173, 7.991, 4.845, 3.004, 2.839, 3.259, 2.3, 2.634, 6.419, 8.516, 9.251, 7.977, 7.47, 7.274, 5.814, 4.749, 4.456, 3.418, 4.238, 4.368, 4.372, 3.962, 3.783, 4.517, 4.391, 3.807, 4.137, 3.593, 3.794, 3.474, 3.802, 4.129, 5.26, 8.566, 9.948, 8.938, 8.67, 9.069, 10.677, 11.095, 10.914, 9.375, 5.843, 4.423, 5.575, 6.235, 6.7, 8.09, 8.364, 6.984, 4.523, 4.457, 4.511, 3.898, 4.941, 5.986, 5.538, 4.382, 3.872, 3.541, 2.836, 3.222, 3.114], [1.878, 2.368, 1.83, 1.751, 1.705, 0.0, 1.633, 2.393, 2.655, 2.892, 2.546, 2.858, 5.259, 7.573, 6.231, 4.816, 2.827, 1.718, 3.029, 2.811, 2.337, 2.238, 3.512, 4.14, 4.417, 6.152, 6.594, 5.818, 5.739, 5.573, 5.322, 5.589, 4.917, 3.638, 3.176, 4.218, 6.833, 7.645, 7.129, 6.551, 6.154, 5.886, 3.999, 7.327, 9.145, 10.259, 9.527, 8.351, 7.362, 5.704, 3.452, 3.394, 4.13, 5.514, 6.049, 6.712, 6.961, 7.388, 7.323, 7.599, 8.185, 8.699, 9.994, 10.06, 11.443, 12.956, 13.456, 12.275, 12.757, 15.175, 14.339, 13.976, 15.418, 14.741, 12.253, 10.533, 9.505, 8.079, 9.028, 10.862, 11.693, 12.563, 13.66, 12.245, 8.072, 5.212, 2.955, 2.838, 3.176, 2.843, 3.08, 6.21, 8.275, 9.072, 7.922, 7.634, 7.478, 6.084, 4.945, 4.667, 2.995, 4.449, 4.744, 4.734, 4.219, 3.588, 4.154, 3.962, 3.767, 4.314, 3.286, 3.484, 3.71, 3.85, 3.799, 5.347, 8.911, 10.079, 9.11, 8.956, 9.306, 10.649, 11.038, 11.065, 9.575, 5.734, 5.132, 6.484, 7.084, 7.527, 8.915, 9.181, 7.811, 5.508, 5.236, 4.807, 4.216, 4.988, 5.959, 5.72, 4.843, 4.84, 4.077, 3.438, 3.777, 4.199], [2.605, 3.345, 2.671, 2.207, 2.189, 1.633, 0.0, 1.47, 1.724, 2.062, 1.583, 2.246, 4.236, 6.718, 5.626, 3.989, 2.232, 2.007, 3.444, 3.313, 2.813, 2.473, 3.584, 4.075, 4.487, 6.297, 6.688, 5.95, 6.247, 5.881, 6.114, 6.307, 5.728, 4.691, 3.93, 5.428, 7.955, 8.856, 8.443, 7.841, 7.269, 6.964, 5.035, 7.108, 8.942, 10.001, 9.292, 8.073, 6.841, 5.071, 2.86, 2.708, 3.357, 4.479, 5.085, 6.089, 6.121, 6.606, 6.477, 6.674, 7.434, 8.131, 9.625, 9.653, 10.908, 12.72, 13.303, 11.951, 12.439, 14.606, 14.088, 13.647, 14.91, 14.139, 11.953, 10.204, 9.029, 7.793, 8.491, 10.303, 11.42, 12.069, 13.234, 11.737, 7.689, 4.49, 2.327, 1.894, 2.392, 2.501, 3.662, 6.971, 9.069, 9.816, 8.537, 7.912, 7.629, 6.314, 5.144, 4.785, 2.743, 3.394, 3.816, 3.948, 3.18, 2.527, 2.923, 2.823, 3.821, 4.422, 3.174, 2.269, 2.832, 2.646, 2.591, 3.973, 7.857, 9.331, 8.419, 8.164, 8.604, 10.018, 10.395, 10.229, 8.756, 5.807, 5.745, 7.445, 8.112, 8.582, 9.969, 10.242, 8.824, 6.374, 5.756, 5.313, 4.49, 5.509, 6.502, 5.967, 4.943, 4.787, 4.046, 3.606, 3.682, 4.153], [2.706, 3.834, 2.929, 2.564, 2.365, 2.393, 1.47, 0.0, 1.236, 1.55, 1.252, 1.667, 3.242, 6.046, 5.251, 3.267, 1.963, 2.335, 4.006, 4.009, 2.985, 2.984, 4.091, 4.511, 5.039, 6.798, 6.871, 6.327, 6.989, 6.456, 6.728, 7.204, 6.667, 5.64, 4.908, 6.205, 8.611, 9.692, 9.238, 8.776, 8.139, 7.451, 5.252, 6.818, 8.676, 9.757, 9.028, 7.763, 6.353, 4.736, 2.748, 2.513, 2.823, 3.645, 4.259, 5.707, 5.719, 6.07, 5.525, 5.827, 6.965, 7.787, 9.358, 9.387, 10.668, 12.495, 13.009, 11.63, 12.035, 14.12, 13.782, 13.297, 14.512, 13.715, 11.636, 9.901, 8.827, 7.579, 8.087, 10.06, 11.208, 11.772, 12.914, 11.463, 7.407, 3.843, 1.851, 1.54, 1.95, 1.849, 4.229, 7.986, 10.129, 10.784, 9.4, 8.531, 8.262, 6.874, 5.703, 5.053, 3.007, 2.369, 2.639, 2.79, 2.12, 1.871, 2.605, 2.703, 4.072, 4.914, 3.528, 2.013, 2.063, 1.958, 2.388, 3.324, 7.022, 8.89, 8.059, 7.772, 8.257, 9.819, 10.128, 9.629, 8.119, 5.528, 5.522, 7.546, 8.282, 8.827, 10.253, 10.508, 9.035, 6.495, 6.012, 5.975, 5.276, 6.375, 7.337, 6.637, 5.273, 4.35, 4.011, 3.82, 4.21, 3.93], [2.517, 3.917, 2.922, 2.616, 2.358, 2.655, 1.724, 1.236, 0.0, 1.082, 1.502, 1.887, 3.171, 6.101, 5.306, 3.306, 2.522, 2.516, 3.83, 3.832, 2.927, 3.169, 4.121, 4.418, 5.002, 6.693, 6.784, 6.449, 7.114, 6.407, 6.805, 7.422, 6.908, 5.934, 5.211, 6.408, 8.733, 9.916, 9.48, 9.021, 8.394, 7.473, 5.223, 6.943, 8.755, 9.809, 9.108, 7.826, 6.333, 4.795, 3.147, 2.316, 2.719, 3.256, 4.099, 5.764, 5.778, 6.104, 5.399, 5.784, 7.037, 7.849, 9.421, 9.463, 10.715, 12.516, 13.071, 11.693, 12.14, 14.256, 13.844, 13.36, 14.586, 13.777, 11.671, 10.052, 8.982, 7.734, 8.244, 10.188, 11.321, 11.911, 13.08, 11.616, 7.546, 3.779, 2.022, 1.671, 1.944, 1.949, 4.425, 8.158, 10.387, 10.975, 9.405, 8.549, 8.149, 6.804, 5.648, 4.991, 2.915, 2.324, 2.546, 2.679, 2.014, 2.109, 2.673, 2.683, 4.015, 4.768, 3.401, 2.19, 1.933, 2.035, 2.413, 3.272, 6.644, 8.97, 8.123, 7.863, 8.341, 9.882, 10.205, 9.827, 8.108, 5.731, 5.85, 7.525, 8.23, 8.755, 10.15, 10.427, 8.979, 6.479, 6.187, 6.108, 5.537, 6.556, 7.269, 6.519, 5.457, 4.662, 4.274, 4.049, 4.32, 3.908], [2.748, 4.07, 3.018, 2.715, 2.561, 2.892, 2.062, 1.55, 1.082, 0.0, 1.388, 1.655, 3.095, 6.039, 5.015, 2.916, 2.163, 2.477, 3.843, 3.851, 2.913, 3.426, 4.502, 4.783, 5.281, 6.984, 7.217, 6.873, 7.22, 6.455, 6.875, 7.488, 6.932, 5.989, 5.285, 6.515, 8.851, 10.031, 9.625, 9.11, 8.487, 7.569, 5.295, 6.496, 8.302, 9.358, 8.628, 7.356, 5.774, 4.335, 2.943, 2.266, 2.496, 3.017, 3.802, 5.344, 5.584, 5.959, 5.312, 5.725, 6.924, 7.459, 9.027, 9.003, 10.433, 12.05, 12.742, 11.489, 12.006, 14.213, 13.554, 13.145, 14.447, 13.623, 11.487, 9.774, 8.537, 7.31, 7.97, 9.907, 10.824, 11.693, 12.921, 11.286, 7.129, 3.328, 1.655, 1.454, 1.535, 1.844, 4.5, 8.194, 10.474, 10.96, 9.382, 8.736, 8.382, 6.87, 5.99, 5.446, 3.344, 2.087, 2.395, 2.552, 1.887, 2.192, 2.763, 2.831, 4.491, 5.088, 3.802, 2.103, 1.638, 1.869, 2.468, 3.248, 6.247, 8.885, 7.87, 7.475, 7.986, 9.523, 10.005, 9.772, 7.988, 5.093, 5.282, 7.314, 8.003, 8.51, 9.966, 10.166, 8.845, 6.366, 6.354, 6.299, 5.836, 6.728, 7.362, 6.713, 5.373, 4.491, 4.407, 4.223, 4.577, 3.998], [2.913, 3.9, 3.235, 2.88, 2.74, 2.546, 1.583, 1.252, 1.502, 1.388, 0.0, 1.028, 2.954, 5.702, 4.739, 2.792, 1.496, 2.332, 3.994, 3.944, 2.975, 3.178, 4.416, 4.776, 5.271, 7.089, 7.376, 6.758, 7.046, 6.507, 6.709, 7.288, 6.78, 5.798, 5.071, 6.4, 8.831, 9.88, 9.443, 8.938, 8.304, 7.791, 5.568, 6.305, 8.114, 9.182, 8.464, 7.202, 5.65, 4.229, 2.093, 1.818, 2.079, 3.178, 3.771, 5.268, 5.344, 5.604, 5.222, 5.691, 6.675, 7.264, 8.797, 8.834, 10.182, 11.925, 12.447, 11.116, 11.633, 13.861, 13.22, 12.787, 14.075, 13.334, 11.162, 9.461, 8.332, 7.074, 7.792, 9.624, 10.711, 11.383, 12.591, 11.004, 6.953, 3.344, 1.338, 1.455, 1.408, 2.273, 4.353, 8.029, 10.257, 10.846, 9.301, 8.637, 8.445, 7.093, 5.931, 5.615, 3.5, 2.254, 2.636, 2.682, 2.136, 1.778, 2.439, 2.815, 4.646, 5.274, 3.965, 2.006, 1.645, 1.763, 1.99, 2.95, 6.546, 8.561, 7.59, 7.357, 7.791, 9.31, 9.683, 9.536, 7.932, 5.22, 5.79, 7.877, 8.601, 9.141, 10.572, 10.828, 9.353, 6.821, 6.216, 6.017, 5.445, 6.415, 7.268, 6.77, 5.422, 4.435, 4.181, 3.983, 4.378, 4.158], [2.894, 4.035, 3.206, 2.838, 2.754, 2.858, 2.246, 1.667, 1.887, 1.655, 1.028, 0.0, 2.69, 5.434, 4.409, 2.442, 1.669, 2.58, 4.264, 4.237, 3.222, 3.407, 4.746, 5.132, 5.621, 7.436, 7.723, 7.038, 7.325, 6.819, 7.005, 7.585, 7.033, 6.046, 5.362, 6.513, 8.944, 10.014, 9.571, 9.1, 8.498, 7.779, 5.553, 5.967, 7.774, 8.84, 8.141, 6.855, 5.403, 3.854, 2.099, 1.795, 2.062, 2.952, 3.51, 4.876, 5.026, 5.332, 4.906, 5.341, 6.342, 6.932, 8.5, 8.506, 9.87, 11.547, 12.112, 10.83, 11.351, 13.575, 12.922, 12.459, 13.797, 13.017, 10.822, 9.019, 7.887, 6.609, 7.294, 9.227, 10.248, 10.952, 12.175, 10.545, 6.438, 2.86, 1.542, 1.746, 1.675, 2.179, 4.615, 8.286, 10.514, 11.111, 9.647, 8.965, 8.81, 7.425, 6.282, 5.962, 3.864, 2.108, 2.354, 2.259, 2.165, 2.077, 2.755, 3.389, 4.981, 5.625, 4.321, 2.559, 1.52, 1.984, 2.419, 2.929, 6.345, 8.263, 7.278, 7.001, 7.436, 9.005, 9.396, 9.202, 7.553, 4.833, 5.619, 7.745, 8.473, 9.023, 10.459, 10.683, 9.209, 6.715, 6.36, 6.303, 5.795, 6.72, 7.669, 7.115, 5.663, 4.608, 4.477, 4.208, 4.696, 4.306], [5.132, 6.559, 5.308, 5.161, 4.893, 5.259, 4.236, 3.242, 3.171, 3.095, 2.954, 2.69, 0.0, 3.212, 2.509, 1.456, 2.943, 4.978, 6.652, 6.671, 5.701, 5.805, 6.837, 7.266, 7.819, 9.555, 9.675, 9.247, 9.796, 9.241, 9.544, 10.104, 9.538, 8.646, 7.913, 9.086, 11.411, 12.615, 12.189, 11.708, 11.099, 10.139, 7.617, 4.489, 5.932, 7.055, 6.29, 4.988, 3.528, 2.887, 2.884, 2.544, 2.279, 1.713, 1.68, 2.931, 2.957, 3.29, 2.706, 3.133, 4.212, 5.055, 6.575, 6.64, 7.998, 9.761, 10.233, 8.847, 9.251, 11.337, 10.998, 10.514, 11.728, 10.931, 8.983, 7.501, 6.422, 5.179, 5.69, 7.649, 8.772, 9.373, 10.515, 9.067, 5.022, 2.035, 3.418, 3.644, 3.252, 4.103, 7.135, 10.77, 13.026, 13.587, 12.05, 11.308, 11.015, 9.64, 8.486, 7.842, 5.772, 2.823, 1.576, 1.872, 2.499, 3.468, 4.165, 4.976, 6.851, 7.688, 6.28, 4.141, 2.737, 2.904, 4.026, 2.991, 4.153, 6.183, 5.362, 5.176, 5.61, 7.205, 7.514, 6.978, 5.607, 4.182, 6.433, 9.421, 10.338, 10.826, 12.31, 12.36, 10.973, 8.635, 8.88, 8.774, 8.223, 9.253, 10.063, 9.418, 8.111, 6.8, 6.849, 6.671, 6.977, 6.524], [7.595, 9.149, 7.38, 7.503, 7.307, 7.573, 6.718, 6.046, 6.101, 6.039, 5.702, 5.434, 3.212, 0.0, 1.653, 3.511, 5.683, 7.742, 9.568, 9.567, 8.524, 8.656, 9.858, 10.24, 10.825, 12.577, 12.803, 12.099, 12.579, 12.101, 12.25, 12.761, 12.219, 11.014, 10.389, 11.268, 13.417, 14.734, 14.414, 13.894, 13.493, 12.415, 9.27, 3.806, 3.007, 4.173, 3.28, 2.293, 2.745, 3.253, 4.489, 4.673, 4.147, 3.616, 2.723, 1.775, 1.426, 1.025, 1.546, 1.305, 1.534, 2.156, 3.458, 3.735, 5.155, 6.827, 7.187, 5.692, 6.067, 8.222, 7.813, 7.337, 8.552, 7.835, 6.14, 5.019, 4.036, 2.938, 3.649, 5.123, 6.099, 6.761, 7.989, 6.539, 2.684, 3.728, 6.168, 6.4, 5.996, 6.627, 9.737, 13.549, 15.668, 16.347, 14.93, 14.268, 14.0, 12.7, 11.451, 11.023, 8.917, 5.891, 4.483, 4.618, 5.5, 6.651, 7.329, 8.162, 10.026, 10.78, 9.438, 7.263, 5.757, 5.986, 7.073, 5.513, 2.995, 3.212, 2.57, 2.452, 2.821, 4.282, 4.575, 4.118, 2.961, 4.062, 7.244, 10.362, 11.872, 12.025, 13.364, 13.238, 12.203, 10.676, 11.407, 11.475, 10.811, 11.911, 12.883, 12.375, 10.962, 9.708, 9.633, 9.446, 9.832, 9.434], [6.455, 7.915, 6.124, 6.238, 6.065, 6.231, 5.626, 5.251, 5.306, 5.015, 4.739, 4.409, 2.509, 1.653, 0.0, 2.384, 4.425, 6.562, 8.408, 8.413, 7.368, 7.62, 9.048, 9.389, 9.911, 11.771, 12.055, 11.261, 11.47, 10.996, 11.057, 11.474, 10.871, 9.631, 9.084, 9.998, 12.244, 13.489, 13.094, 12.602, 12.102, 11.069, 8.334, 3.354, 3.666, 4.863, 3.922, 2.651, 2.275, 2.24, 3.279, 3.647, 3.239, 2.844, 2.025, 1.317, 1.171, 1.375, 1.632, 1.618, 2.284, 2.793, 4.269, 4.497, 5.903, 7.439, 7.818, 6.497, 7.007, 9.358, 8.587, 8.179, 9.483, 8.832, 6.946, 5.815, 4.781, 3.531, 4.443, 6.009, 6.826, 7.65, 8.972, 7.428, 3.184, 2.699, 5.035, 5.334, 4.861, 5.69, 8.508, 12.263, 14.359, 15.097, 13.798, 13.293, 13.09, 11.737, 10.584, 10.293, 8.178, 5.165, 3.761, 3.893, 4.757, 5.929, 6.604, 7.436, 9.283, 9.925, 8.619, 6.444, 4.789, 5.147, 6.231, 4.671, 3.092, 4.189, 3.254, 2.953, 3.512, 5.041, 5.402, 5.212, 3.921, 3.762, 6.596, 9.792, 10.96, 11.311, 12.756, 12.643, 11.521, 9.44, 10.183, 10.27, 9.611, 10.717, 11.767, 11.392, 9.839, 8.651, 8.7, 8.367, 8.892, 8.472], [4.825, 6.064, 4.93, 4.686, 4.54, 4.816, 3.989, 3.267, 3.306, 2.916, 2.792, 2.442, 1.456, 3.511, 2.384, 0.0, 2.516, 4.562, 6.303, 6.303, 5.256, 5.653, 6.984, 7.252, 7.774, 9.633, 9.897, 9.207, 9.389, 8.809, 8.993, 9.559, 9.035, 8.007, 7.305, 8.449, 10.78, 11.99, 11.62, 11.077, 10.486, 9.532, 7.321, 4.045, 5.62, 6.825, 5.953, 4.669, 3.325, 2.457, 2.043, 2.147, 1.982, 1.696, 1.705, 2.786, 3.034, 3.359, 2.943, 3.293, 4.413, 4.822, 6.382, 6.392, 8.022, 9.476, 10.053, 8.838, 9.342, 11.658, 10.906, 10.463, 11.807, 11.07, 9.05, 7.672, 6.529, 5.266, 6.124, 7.854, 8.659, 9.601, 10.839, 9.271, 4.976, 1.791, 2.964, 3.231, 2.863, 3.744, 6.584, 10.33, 12.567, 13.15, 11.751, 11.201, 10.999, 9.463, 8.451, 8.135, 6.041, 3.1, 1.99, 2.074, 2.638, 3.78, 4.459, 5.291, 7.168, 7.78, 6.483, 4.32, 2.622, 3.064, 4.147, 2.843, 4.337, 6.383, 5.374, 4.882, 5.538, 7.123, 7.601, 7.35, 5.73, 4.037, 6.121, 9.036, 9.951, 10.431, 11.94, 11.905, 10.66, 8.241, 8.367, 8.398, 7.917, 8.888, 9.745, 9.226, 7.595, 6.619, 6.622, 6.411, 6.892, 6.416], [3.281, 4.108, 3.352, 3.06, 2.999, 2.827, 2.232, 1.963, 2.522, 2.163, 1.496, 1.669, 2.943, 5.683, 4.425, 2.516, 0.0, 2.48, 4.228, 4.215, 3.338, 3.572, 5.005, 5.345, 5.867, 7.727, 8.022, 7.317, 7.42, 6.886, 7.08, 7.298, 6.659, 5.86, 5.066, 6.484, 8.883, 9.967, 9.517, 9.015, 8.378, 7.784, 5.625, 5.67, 7.608, 8.708, 7.935, 6.574, 5.133, 3.797, 2.341, 2.289, 2.376, 3.209, 3.8, 4.892, 5.109, 5.526, 5.301, 5.638, 6.474, 6.991, 8.482, 8.386, 9.944, 11.42, 11.989, 10.847, 11.339, 13.699, 12.916, 12.489, 13.843, 13.134, 10.882, 9.202, 8.07, 6.724, 7.601, 9.465, 10.262, 11.187, 12.401, 10.819, 6.452, 3.253, 1.957, 2.04, 1.906, 2.76, 4.721, 7.993, 10.144, 10.87, 9.514, 9.254, 9.062, 7.605, 6.55, 6.249, 4.182, 2.499, 2.557, 2.733, 2.222, 2.081, 2.858, 3.546, 5.272, 5.881, 4.595, 2.643, 1.774, 2.007, 2.966, 3.128, 6.416, 8.4, 7.381, 7.048, 7.497, 9.122, 9.541, 9.354, 7.794, 4.422, 5.332, 7.898, 8.569, 9.122, 10.541, 10.766, 9.389, 6.988, 6.494, 6.217, 5.737, 6.839, 7.697, 7.341, 5.623, 4.863, 4.827, 4.453, 4.861, 4.712], [1.543, 2.138, 1.958, 1.87, 1.464, 1.718, 2.007, 2.335, 2.516, 2.477, 2.332, 2.58, 4.978, 7.742, 6.562, 4.562, 2.48, 0.0, 2.284, 2.114, 1.604, 1.688, 3.038, 3.391, 3.895, 5.755, 6.114, 5.378, 5.347, 4.915, 4.801, 5.185, 4.666, 3.739, 3.01, 4.459, 6.953, 7.909, 7.578, 6.871, 6.353, 5.904, 3.91, 7.704, 9.639, 10.723, 9.921, 8.538, 7.06, 5.719, 3.726, 3.494, 3.974, 5.231, 5.836, 6.944, 7.275, 7.576, 7.341, 7.747, 8.662, 9.091, 10.485, 10.414, 11.922, 13.41, 14.082, 12.933, 13.431, 15.774, 14.988, 14.568, 15.976, 15.266, 12.9, 11.14, 9.951, 8.562, 9.51, 11.371, 12.089, 13.079, 14.273, 12.723, 8.44, 5.064, 2.644, 2.434, 2.868, 2.606, 2.752, 6.004, 8.135, 8.785, 7.407, 7.254, 7.061, 5.582, 4.549, 4.288, 2.945, 4.014, 4.445, 4.518, 3.896, 3.181, 3.908, 3.729, 3.531, 3.974, 3.207, 3.144, 3.226, 3.477, 3.544, 4.933, 8.551, 10.482, 9.512, 9.175, 9.649, 11.084, 11.539, 11.494, 9.916, 6.142, 4.843, 6.218, 6.731, 7.298, 8.726, 8.921, 7.686, 5.278, 4.646, 4.343, 3.873, 4.792, 5.615, 5.293, 3.753, 3.711, 3.177, 2.595, 3.042, 3.076], [2.443, 1.932, 3.202, 3.012, 2.689, 3.029, 3.444, 4.006, 3.83, 3.843, 3.994, 4.264, 6.652, 9.568, 8.408, 6.303, 4.228, 2.284, 0.0, 1.157, 1.759, 2.009, 2.216, 2.335, 2.526, 3.842, 4.38, 4.593, 4.64, 3.861, 4.247, 4.499, 3.913, 3.757, 2.795, 3.798, 6.288, 7.264, 6.861, 6.253, 5.684, 5.293, 4.341, 9.707, 11.645, 12.727, 11.992, 10.574, 8.956, 7.778, 5.691, 5.158, 5.636, 6.407, 7.374, 8.976, 9.183, 9.452, 9.003, 9.393, 10.556, 10.983, 12.503, 12.459, 13.921, 15.405, 15.959, 14.873, 15.338, 17.754, 16.931, 16.537, 17.843, 17.224, 14.787, 13.007, 11.868, 10.422, 11.32, 13.187, 14.008, 14.914, 16.058, 14.552, 10.186, 6.651, 4.209, 3.927, 4.345, 3.951, 2.388, 4.828, 7.061, 7.621, 5.989, 5.611, 5.145, 3.879, 2.969, 2.46, 3.033, 4.947, 5.693, 5.611, 4.916, 3.965, 4.375, 4.212, 2.932, 2.669, 3.171, 3.698, 4.329, 4.352, 4.107, 5.552, 9.455, 12.5, 11.501, 11.093, 11.585, 13.119, 13.552, 13.463, 11.738, 8.071, 6.171, 6.314, 6.862, 7.275, 8.573, 8.87, 7.496, 5.473, 4.202, 3.439, 3.787, 3.979, 4.23, 3.842, 3.585, 4.113, 3.595, 3.38, 3.033, 3.279], [2.413, 1.792, 3.066, 2.925, 2.659, 2.811, 3.313, 4.009, 3.832, 3.851, 3.944, 4.237, 6.671, 9.567, 8.413, 6.303, 4.215, 2.114, 1.157, 0.0, 1.421, 1.503, 1.83, 2.089, 2.268, 3.849, 4.335, 4.176, 4.246, 3.617, 3.76, 4.005, 3.537, 2.977, 2.371, 3.514, 6.057, 6.938, 6.524, 5.815, 5.36, 5.085, 4.433, 9.608, 11.598, 12.646, 11.907, 10.488, 8.926, 7.73, 5.681, 5.157, 5.673, 6.495, 7.437, 8.958, 9.183, 9.45, 9.036, 9.454, 10.56, 10.973, 12.493, 12.405, 13.892, 15.379, 15.923, 14.863, 15.32, 17.752, 16.928, 16.534, 17.84, 17.229, 14.743, 12.987, 11.863, 10.424, 11.352, 13.216, 13.985, 14.943, 16.082, 14.583, 10.227, 6.687, 4.205, 3.946, 4.351, 4.061, 2.482, 4.674, 6.832, 7.449, 5.924, 5.633, 5.177, 3.977, 3.135, 2.971, 3.236, 5.164, 5.755, 5.69, 5.019, 4.142, 4.713, 4.466, 3.161, 3.102, 3.339, 4.058, 4.43, 4.576, 4.411, 6.015, 9.688, 12.465, 11.468, 11.07, 11.539, 13.087, 13.51, 13.43, 11.725, 7.986, 5.732, 5.929, 6.423, 6.844, 8.265, 8.486, 7.243, 5.08, 3.927, 3.226, 3.256, 3.614, 3.984, 3.593, 3.003, 3.624, 2.968, 2.783, 2.59, 2.944], [1.616, 1.675, 2.223, 2.076, 1.928, 2.337, 2.813, 2.985, 2.927, 2.913, 2.975, 3.222, 5.701, 8.524, 7.368, 5.256, 3.338, 1.604, 1.759, 1.421, 0.0, 1.449, 2.468, 2.775, 3.165, 4.827, 5.165, 4.825, 4.862, 4.147, 4.326, 4.85, 4.291, 3.385, 2.655, 3.919, 6.444, 7.413, 6.969, 6.48, 5.863, 5.458, 4.134, 8.575, 10.532, 11.608, 10.812, 9.492, 7.944, 6.651, 4.689, 4.178, 4.723, 5.583, 6.428, 7.881, 8.113, 8.382, 8.003, 8.429, 9.492, 9.93, 11.405, 11.34, 12.795, 14.301, 14.938, 13.789, 14.287, 16.644, 15.857, 15.43, 16.814, 16.164, 13.749, 11.867, 10.697, 9.243, 10.191, 12.038, 12.812, 13.749, 14.919, 13.421, 9.081, 5.549, 3.082, 2.929, 3.345, 2.972, 2.325, 5.644, 7.779, 8.412, 6.858, 6.586, 6.151, 4.85, 3.862, 3.516, 3.149, 4.387, 4.749, 4.693, 4.142, 3.56, 4.198, 4.083, 3.148, 3.375, 3.21, 3.546, 3.608, 3.966, 4.024, 5.415, 8.888, 11.395, 10.391, 10.006, 10.45, 11.918, 12.372, 12.32, 10.645, 6.852, 4.854, 6.024, 6.608, 7.109, 8.492, 8.753, 7.485, 5.102, 4.232, 3.834, 3.477, 4.275, 4.812, 4.509, 3.248, 3.124, 2.646, 2.296, 2.42, 2.477], [1.862, 1.809, 2.492, 2.232, 1.893, 2.238, 2.473, 2.984, 3.169, 3.426, 3.178, 3.407, 5.805, 8.656, 7.62, 5.653, 3.572, 1.688, 2.009, 1.503, 1.449, 0.0, 1.552, 2.132, 2.482, 4.215, 4.675, 3.985, 4.267, 4.008, 4.256, 4.441, 3.952, 3.178, 2.416, 3.953, 6.585, 7.408, 6.923, 6.226, 5.818, 5.607, 4.212, 9.15, 11.009, 12.068, 11.358, 10.096, 8.491, 7.068, 4.916, 4.438, 4.988, 6.133, 6.709, 8.046, 8.191, 8.58, 8.158, 8.555, 9.547, 10.17, 11.719, 11.722, 13.093, 14.797, 15.342, 14.053, 14.563, 16.785, 16.143, 15.678, 17.009, 16.183, 14.034, 12.131, 10.989, 9.618, 10.237, 12.232, 13.345, 13.963, 15.157, 13.565, 9.437, 5.861, 3.667, 3.333, 3.92, 3.387, 2.277, 5.042, 7.256, 7.854, 6.457, 5.784, 5.631, 4.196, 3.119, 3.015, 2.867, 4.753, 5.064, 5.187, 4.566, 3.722, 4.23, 3.986, 2.876, 2.947, 3.038, 3.662, 4.165, 4.156, 4.036, 5.646, 9.351, 11.458, 10.465, 10.143, 10.636, 12.159, 12.536, 12.34, 10.695, 7.403, 5.302, 6.031, 6.682, 7.165, 8.553, 8.829, 7.404, 4.931, 4.09, 3.527, 3.061, 3.603, 4.516, 3.901, 3.027, 3.295, 2.47, 1.992, 2.044, 2.621], [3.062, 2.49, 3.8, 3.437, 3.219, 3.512, 3.584, 4.091, 4.121, 4.502, 4.416, 4.746, 6.837, 9.858, 9.048, 6.984, 5.005, 3.038, 2.216, 1.83, 2.468, 1.552, 0.0, 1.339, 1.61, 2.945, 3.917, 3.593, 4.122, 3.719, 4.153, 4.275, 3.85, 3.438, 2.901, 3.958, 6.549, 7.338, 6.86, 6.123, 5.745, 5.585, 5.024, 10.623, 12.48, 13.539, 12.83, 11.568, 9.899, 8.537, 6.364, 5.768, 6.253, 7.053, 7.865, 9.521, 9.558, 9.885, 9.277, 9.686, 10.823, 11.594, 13.163, 13.191, 14.441, 16.258, 16.813, 15.435, 15.856, 18.031, 17.586, 17.102, 18.316, 17.52, 15.398, 13.462, 12.22, 10.844, 11.302, 13.312, 14.483, 14.962, 16.107, 14.676, 10.603, 6.836, 4.718, 4.328, 4.954, 4.243, 2.572, 4.446, 6.42, 6.934, 5.393, 4.576, 4.319, 3.105, 2.06, 2.267, 2.958, 5.504, 5.944, 6.072, 5.417, 4.472, 4.659, 4.23, 2.72, 2.473, 2.839, 4.198, 5.128, 4.931, 4.636, 6.177, 10.343, 12.724, 11.861, 11.556, 12.076, 13.476, 13.816, 13.547, 11.907, 8.692, 5.999, 6.124, 6.769, 7.23, 8.613, 8.886, 7.465, 5.061, 4.094, 3.46, 3.247, 3.37, 3.807, 2.947, 2.906, 3.485, 2.756, 2.594, 2.14, 2.764], [3.383, 2.954, 4.127, 3.777, 3.593, 4.14, 4.075, 4.511, 4.418, 4.783, 4.776, 5.132, 7.266, 10.24, 9.389, 7.252, 5.345, 3.391, 2.335, 2.089, 2.775, 2.132, 1.339, 0.0, 1.174, 2.573, 3.385, 3.422, 4.054, 3.461, 3.911, 4.223, 3.714, 3.23, 3.02, 4.13, 6.285, 7.199, 6.776, 6.062, 5.613, 5.299, 5.422, 10.961, 12.821, 13.879, 13.17, 11.908, 10.239, 8.892, 6.716, 6.104, 6.55, 7.143, 8.14, 9.934, 9.976, 10.268, 9.69, 10.018, 11.283, 11.975, 13.525, 13.547, 14.788, 16.599, 17.154, 15.775, 16.18, 18.444, 17.927, 17.456, 18.657, 17.945, 15.739, 13.799, 12.564, 11.188, 11.689, 13.669, 14.708, 15.208, 16.404, 14.973, 10.906, 7.195, 4.964, 4.619, 5.199, 4.335, 2.883, 4.531, 6.565, 7.039, 5.352, 4.501, 4.111, 3.296, 2.513, 2.589, 3.125, 5.49, 6.087, 6.133, 5.492, 4.506, 4.558, 4.165, 2.988, 2.723, 3.177, 4.091, 5.204, 4.994, 4.616, 6.067, 10.353, 13.153, 12.287, 11.941, 12.487, 13.86, 14.193, 13.984, 12.346, 9.019, 6.014, 5.789, 6.447, 6.916, 8.281, 8.556, 7.132, 4.704, 3.762, 3.196, 2.8, 3.289, 3.711, 2.874, 2.57, 2.927, 2.344, 2.494, 2.141, 2.416], [3.905, 3.025, 4.647, 4.274, 4.063, 4.417, 4.487, 5.039, 5.002, 5.281, 5.271, 5.621, 7.819, 10.825, 9.911, 7.774, 5.867, 3.895, 2.526, 2.268, 3.165, 2.482, 1.61, 1.174, 0.0, 2.036, 2.707, 2.647, 3.14, 2.627, 3.036, 3.31, 2.756, 3.07, 3.048, 3.802, 5.44, 6.214, 5.775, 5.108, 4.686, 4.749, 5.667, 11.484, 13.343, 14.401, 13.692, 12.43, 10.761, 9.4, 7.227, 6.593, 7.101, 7.762, 8.66, 10.408, 10.456, 10.78, 10.174, 10.504, 11.754, 12.468, 14.025, 14.054, 15.304, 17.121, 17.676, 16.297, 16.771, 19.005, 18.449, 17.976, 19.208, 18.435, 16.277, 14.318, 13.014, 11.609, 12.074, 14.161, 15.137, 15.607, 16.839, 15.344, 11.284, 7.569, 5.358, 5.023, 5.617, 4.8, 2.749, 4.005, 5.756, 6.231, 4.579, 3.821, 3.574, 2.994, 2.413, 2.641, 3.834, 6.183, 6.768, 6.865, 6.172, 5.161, 5.294, 4.956, 3.533, 3.046, 3.802, 4.801, 5.748, 5.639, 5.274, 6.809, 10.977, 13.688, 12.765, 12.423, 12.976, 14.346, 14.676, 14.525, 12.817, 9.425, 6.4, 5.419, 5.907, 6.328, 7.652, 7.941, 6.513, 4.2, 3.188, 2.614, 2.409, 2.396, 2.862, 2.14, 2.339, 2.791, 2.338, 2.476, 2.007, 2.6], [5.759, 4.784, 6.508, 6.134, 5.927, 6.152, 6.297, 6.798, 6.693, 6.984, 7.089, 7.436, 9.555, 12.577, 11.771, 9.633, 7.727, 5.755, 3.842, 3.849, 4.827, 4.215, 2.945, 2.573, 2.036, 0.0, 1.659, 2.451, 2.689, 2.376, 2.867, 3.126, 3.447, 4.795, 4.78, 4.805, 5.68, 5.972, 5.46, 5.017, 4.762, 5.078, 7.387, 13.344, 15.203, 16.262, 15.553, 14.284, 12.615, 11.262, 9.087, 8.453, 8.919, 9.382, 10.462, 12.256, 12.282, 12.594, 11.975, 12.339, 13.553, 14.314, 15.886, 15.914, 17.165, 18.981, 19.536, 18.158, 18.587, 20.75, 20.309, 19.825, 21.043, 20.253, 18.121, 16.168, 14.851, 13.468, 13.871, 15.974, 16.958, 17.345, 18.533, 17.083, 13.103, 9.406, 7.113, 6.757, 7.338, 6.491, 4.039, 4.054, 5.054, 5.484, 3.996, 3.472, 2.986, 3.32, 3.083, 2.936, 4.657, 7.235, 8.403, 8.299, 7.494, 6.417, 6.088, 5.613, 3.88, 3.41, 4.284, 5.776, 7.212, 7.141, 6.289, 7.801, 12.044, 15.43, 14.572, 14.283, 14.773, 16.168, 16.494, 16.247, 14.63, 11.236, 8.117, 6.261, 5.907, 6.354, 7.415, 7.746, 6.317, 4.548, 3.375, 3.335, 3.552, 2.879, 2.414, 1.795, 3.093, 3.962, 3.7, 4.014, 3.447, 3.927], [6.046, 5.157, 6.795, 6.401, 6.208, 6.594, 6.688, 6.871, 6.784, 7.217, 7.376, 7.723, 9.675, 12.803, 12.055, 9.897, 8.022, 6.114, 4.38, 4.335, 5.165, 4.675, 3.917, 3.385, 2.707, 1.659, 0.0, 1.482, 2.108, 2.083, 2.484, 3.167, 3.854, 5.198, 5.255, 5.209, 5.181, 5.198, 4.888, 4.862, 4.208, 4.617, 7.665, 13.623, 15.479, 16.539, 15.824, 14.551, 12.883, 11.527, 9.375, 8.74, 9.205, 9.516, 10.701, 12.507, 12.529, 12.856, 12.14, 12.464, 13.779, 14.588, 16.161, 16.191, 17.451, 19.255, 19.822, 18.444, 18.869, 20.965, 20.596, 20.112, 21.326, 20.529, 18.408, 16.455, 15.121, 13.718, 14.061, 16.23, 17.232, 17.613, 18.77, 17.356, 13.355, 9.622, 7.377, 7.021, 7.602, 6.668, 4.345, 4.483, 5.204, 5.395, 4.577, 4.137, 3.673, 4.244, 3.954, 3.761, 5.218, 7.291, 8.411, 8.296, 7.474, 6.495, 6.548, 6.282, 4.988, 4.561, 5.297, 6.15, 7.447, 7.241, 6.619, 8.231, 12.206, 15.708, 14.854, 14.538, 15.058, 16.449, 16.759, 16.408, 14.749, 11.52, 8.382, 6.46, 5.659, 5.79, 6.405, 6.621, 5.828, 4.627, 3.35, 3.521, 3.748, 3.512, 2.97, 2.567, 3.533, 4.063, 3.892, 4.23, 3.7, 4.109], [5.298, 4.497, 6.004, 5.632, 5.418, 5.818, 5.95, 6.327, 6.449, 6.873, 6.758, 7.038, 9.247, 12.099, 11.261, 9.207, 7.317, 5.378, 4.593, 4.176, 4.825, 3.985, 3.593, 3.422, 2.647, 2.451, 1.482, 0.0, 1.484, 1.473, 1.868, 2.646, 3.303, 4.478, 4.675, 4.687, 4.811, 4.678, 4.407, 4.485, 3.808, 4.164, 6.857, 12.83, 14.686, 15.746, 15.031, 13.769, 12.228, 10.734, 8.58, 8.028, 8.579, 9.38, 10.066, 11.721, 11.753, 12.072, 11.557, 11.817, 13.034, 13.805, 15.368, 15.398, 16.655, 18.462, 19.026, 17.648, 18.109, 20.269, 19.799, 19.317, 20.547, 19.739, 17.617, 15.658, 14.325, 12.925, 13.343, 15.45, 16.435, 16.745, 17.926, 16.483, 12.548, 8.895, 6.702, 6.33, 6.989, 6.023, 3.659, 4.214, 4.749, 5.041, 4.571, 4.165, 4.325, 4.521, 4.019, 4.815, 6.001, 7.921, 8.218, 8.371, 7.762, 6.947, 7.383, 7.124, 5.949, 5.454, 6.152, 6.855, 7.456, 7.417, 7.354, 8.912, 12.72, 14.974, 14.073, 13.763, 14.284, 15.659, 15.967, 15.763, 14.042, 10.684, 7.518, 5.459, 4.627, 4.648, 5.284, 5.505, 4.826, 3.6, 2.417, 2.696, 2.845, 2.766, 2.573, 2.284, 2.785, 3.358, 3.027, 3.328, 3.002, 3.533], [5.394, 4.317, 6.038, 5.678, 5.592, 5.739, 6.247, 6.989, 7.114, 7.22, 7.046, 7.325, 9.796, 12.579, 11.47, 9.389, 7.42, 5.347, 4.64, 4.246, 4.862, 4.267, 4.122, 4.054, 3.14, 2.689, 2.108, 1.484, 0.0, 1.126, 1.429, 1.851, 2.966, 4.25, 4.347, 4.097, 4.169, 4.162, 3.809, 3.711, 3.202, 3.625, 6.935, 12.84, 14.68, 15.779, 15.028, 13.714, 12.159, 10.703, 8.626, 8.251, 8.898, 10.049, 10.624, 11.853, 12.11, 12.474, 12.133, 12.575, 13.49, 13.951, 15.448, 15.436, 16.855, 18.459, 19.115, 17.905, 18.414, 20.698, 19.974, 19.523, 20.893, 20.133, 17.887, 15.894, 14.488, 13.076, 13.716, 15.739, 16.452, 17.114, 18.353, 16.789, 12.679, 9.163, 6.853, 6.698, 7.146, 6.612, 3.469, 3.303, 4.037, 4.352, 3.712, 3.814, 4.053, 4.237, 3.974, 5.134, 6.758, 8.782, 9.01, 9.145, 8.594, 7.775, 8.202, 7.927, 6.466, 5.815, 6.708, 7.639, 8.054, 8.197, 8.096, 9.68, 13.342, 15.379, 14.361, 13.934, 14.51, 15.86, 16.336, 16.249, 14.648, 10.731, 7.562, 5.456, 4.484, 4.467, 5.214, 5.433, 4.51, 3.587, 2.44, 2.46, 2.899, 2.348, 2.206, 2.29, 2.928, 3.678, 3.538, 3.529, 3.381, 4.073], [4.947, 3.883, 5.572, 5.198, 5.115, 5.573, 5.881, 6.456, 6.407, 6.455, 6.507, 6.819, 9.241, 12.101, 10.996, 8.809, 6.886, 4.915, 3.861, 3.617, 4.147, 4.008, 3.719, 3.461, 2.627, 2.376, 2.083, 1.473, 1.126, 0.0, 1.165, 1.924, 2.652, 3.869, 3.965, 3.885, 4.454, 4.588, 4.29, 4.216, 3.646, 3.885, 6.476, 12.339, 14.231, 15.282, 14.525, 13.237, 11.638, 10.224, 8.181, 7.822, 8.387, 9.334, 10.002, 11.369, 11.67, 12.008, 11.523, 11.989, 13.05, 13.485, 15.034, 14.977, 16.44, 17.998, 18.697, 17.48, 17.996, 20.3, 19.546, 19.129, 20.45, 19.706, 17.466, 15.477, 14.064, 12.623, 13.283, 15.324, 15.965, 16.631, 17.848, 16.346, 12.18, 8.517, 6.18, 6.008, 6.464, 5.878, 2.955, 3.715, 4.603, 4.915, 3.974, 4.125, 4.239, 4.063, 3.797, 4.696, 6.197, 8.047, 8.295, 8.426, 7.863, 7.08, 7.535, 7.349, 5.948, 5.323, 6.213, 6.947, 7.277, 7.436, 7.495, 8.904, 12.593, 14.981, 13.963, 13.469, 14.047, 15.45, 15.921, 15.81, 14.105, 10.207, 7.018, 4.931, 4.132, 4.327, 5.297, 5.565, 4.532, 3.219, 2.078, 1.959, 2.439, 2.13, 2.018, 1.825, 2.343, 3.006, 2.984, 3.125, 2.873, 3.399], [4.77, 3.661, 5.354, 5.203, 5.242, 5.322, 6.114, 6.728, 6.805, 6.875, 6.709, 7.005, 9.544, 12.25, 11.057, 8.993, 7.08, 4.801, 4.247, 3.76, 4.326, 4.256, 4.153, 3.911, 3.036, 2.867, 2.484, 1.868, 1.429, 1.165, 0.0, 1.378, 2.256, 3.273, 3.616, 3.339, 3.82, 4.066, 3.757, 3.56, 3.112, 3.378, 6.177, 12.016, 14.011, 15.121, 14.238, 12.847, 11.374, 10.151, 8.199, 7.819, 8.495, 9.738, 10.343, 11.469, 11.795, 12.082, 11.798, 12.247, 13.184, 13.597, 14.915, 14.918, 16.352, 17.782, 18.47, 17.317, 17.806, 20.2, 19.372, 19.001, 20.447, 19.8, 17.264, 15.319, 14.005, 12.516, 13.35, 15.272, 15.69, 16.562, 17.632, 16.367, 12.172, 8.742, 6.302, 6.264, 6.608, 6.146, 2.857, 3.388, 4.189, 4.618, 3.859, 4.331, 4.638, 4.48, 4.223, 5.228, 6.679, 8.531, 8.754, 8.817, 8.348, 7.608, 8.053, 7.827, 6.467, 5.887, 6.731, 7.492, 7.742, 8.043, 7.99, 9.526, 13.1, 15.013, 14.025, 13.572, 14.151, 15.335, 15.782, 15.893, 14.3, 9.938, 6.711, 4.547, 3.6, 3.979, 4.969, 5.08, 4.264, 2.889, 1.895, 2.045, 2.432, 2.101, 2.089, 2.26, 2.532, 3.252, 3.079, 3.094, 3.082, 3.588], [5.272, 3.852, 5.734, 5.57, 5.637, 5.589, 6.307, 7.204, 7.422, 7.488, 7.288, 7.585, 10.104, 12.761, 11.474, 9.559, 7.298, 5.185, 4.499, 4.005, 4.85, 4.441, 4.275, 4.223, 3.31, 3.126, 3.167, 2.646, 1.851, 1.924, 1.378, 0.0, 1.728, 3.11, 3.316, 3.023, 3.416, 3.826, 3.55, 2.968, 2.775, 3.116, 6.312, 12.084, 14.381, 15.442, 14.578, 13.063, 11.813, 10.54, 8.585, 8.284, 8.967, 10.357, 10.944, 11.871, 12.182, 12.565, 12.402, 12.776, 13.561, 13.982, 15.291, 15.293, 16.723, 18.146, 18.687, 17.675, 18.134, 20.567, 19.738, 19.376, 20.81, 20.161, 17.535, 15.665, 14.375, 12.887, 13.716, 15.632, 16.045, 16.98, 18.079, 16.767, 12.495, 9.335, 6.892, 6.764, 7.134, 6.753, 3.216, 2.643, 3.712, 4.42, 3.658, 4.069, 4.363, 4.215, 4.014, 5.226, 6.908, 9.062, 9.325, 9.461, 8.885, 8.059, 8.465, 8.181, 6.522, 5.933, 6.9, 7.919, 8.301, 8.491, 8.359, 9.967, 13.602, 15.399, 14.401, 13.956, 14.52, 15.698, 16.152, 16.231, 14.732, 10.254, 7.066, 4.958, 4.147, 4.676, 5.585, 5.657, 4.837, 3.472, 2.364, 2.328, 2.782, 2.165, 2.246, 2.394, 2.904, 3.941, 3.612, 3.548, 3.418, 4.118], [4.694, 3.206, 4.936, 4.843, 5.02, 4.917, 5.728, 6.667, 6.908, 6.932, 6.78, 7.033, 9.538, 12.219, 10.871, 9.035, 6.659, 4.666, 3.913, 3.537, 4.291, 3.952, 3.85, 3.714, 2.756, 3.447, 3.854, 3.303, 2.966, 2.652, 2.256, 1.728, 0.0, 2.012, 2.26, 2.169, 3.432, 4.042, 3.721, 2.966, 2.812, 3.26, 5.403, 11.101, 13.574, 14.664, 13.763, 12.334, 11.182, 9.889, 7.875, 7.666, 8.332, 9.791, 10.385, 11.213, 11.556, 12.033, 11.911, 12.195, 12.927, 13.353, 14.545, 14.545, 15.991, 17.345, 17.744, 16.859, 17.356, 19.765, 18.929, 18.591, 20.079, 19.395, 16.643, 14.886, 13.606, 12.119, 12.953, 14.862, 15.213, 16.306, 17.35, 16.094, 11.868, 8.888, 6.466, 6.303, 6.677, 6.35, 2.821, 2.991, 4.504, 5.39, 4.604, 4.814, 4.762, 4.258, 3.94, 4.671, 6.472, 8.473, 8.762, 8.924, 8.31, 7.502, 7.895, 7.623, 5.89, 5.289, 6.401, 7.322, 7.703, 7.873, 7.798, 9.355, 13.005, 14.673, 13.673, 13.303, 13.87, 14.881, 15.365, 15.521, 14.132, 9.449, 6.294, 4.8, 4.434, 4.937, 6.091, 6.203, 5.241, 3.7, 2.846, 2.389, 2.718, 2.299, 2.841, 2.983, 3.05, 3.856, 3.531, 3.273, 3.116, 3.973], [3.594, 2.534, 3.653, 3.557, 3.868, 3.638, 4.691, 5.64, 5.934, 5.989, 5.798, 6.046, 8.646, 11.014, 9.631, 8.007, 5.86, 3.739, 3.757, 2.977, 3.385, 3.178, 3.438, 3.23, 3.07, 4.795, 5.198, 4.478, 4.25, 3.869, 3.273, 3.11, 2.012, 0.0, 1.559, 1.965, 3.554, 4.611, 4.37, 3.476, 3.284, 3.172, 3.921, 9.294, 11.731, 13.004, 11.954, 11.051, 10.251, 8.716, 6.634, 6.761, 7.507, 8.876, 9.429, 9.973, 10.344, 10.83, 10.762, 11.016, 11.54, 11.869, 12.999, 13.14, 14.327, 15.49, 15.927, 15.048, 15.739, 17.892, 17.085, 16.797, 18.359, 17.627, 14.792, 13.087, 11.929, 10.596, 11.316, 13.102, 13.392, 14.71, 15.59, 14.396, 10.43, 7.765, 5.495, 5.44, 5.818, 5.216, 2.624, 3.989, 6.055, 7.007, 6.169, 6.147, 6.017, 4.907, 4.331, 4.867, 5.734, 7.657, 7.864, 7.946, 7.473, 6.702, 7.146, 6.899, 5.446, 5.199, 5.754, 6.584, 6.869, 7.148, 7.055, 8.625, 12.225, 13.359, 12.286, 11.946, 12.518, 13.065, 13.616, 14.048, 12.718, 7.815, 4.616, 4.314, 4.456, 4.908, 6.33, 6.432, 5.461, 3.988, 3.652, 3.112, 2.974, 3.323, 4.221, 4.132, 3.321, 3.889, 3.22, 2.833, 2.921, 3.681], [2.943, 2.008, 3.156, 3.136, 3.225, 3.176, 3.93, 4.908, 5.211, 5.285, 5.071, 5.362, 7.913, 10.389, 9.084, 7.305, 5.066, 3.01, 2.795, 2.371, 2.655, 2.416, 2.901, 3.02, 3.048, 4.78, 5.255, 4.675, 4.347, 3.965, 3.616, 3.316, 2.26, 1.559, 0.0, 1.925, 4.586, 5.599, 5.248, 4.434, 4.113, 3.957, 3.971, 9.357, 11.822, 12.948, 12.004, 10.548, 9.472, 8.153, 6.115, 6.052, 6.754, 8.175, 8.73, 9.434, 9.803, 10.205, 10.115, 10.397, 11.147, 11.572, 12.804, 12.808, 14.26, 15.588, 15.988, 15.123, 15.607, 18.003, 17.181, 16.857, 18.356, 17.684, 14.887, 13.167, 11.895, 10.419, 11.276, 13.16, 13.524, 14.674, 15.726, 14.429, 10.119, 7.143, 4.845, 4.754, 5.093, 4.633, 2.061, 3.869, 6.064, 7.021, 6.116, 6.061, 5.917, 4.474, 3.658, 3.863, 4.806, 6.89, 7.126, 7.258, 6.706, 5.907, 6.243, 5.994, 4.451, 4.085, 4.812, 5.683, 6.12, 6.232, 6.145, 7.71, 11.427, 12.921, 11.929, 11.541, 12.11, 13.12, 13.634, 13.769, 12.325, 7.658, 5.119, 5.399, 5.565, 5.967, 7.385, 7.487, 6.547, 4.597, 3.903, 3.232, 3.018, 3.436, 4.231, 4.196, 3.586, 4.161, 3.409, 2.893, 2.903, 3.658], [3.991, 2.594, 3.954, 4.043, 4.232, 4.218, 5.428, 6.205, 6.408, 6.515, 6.4, 6.513, 9.086, 11.268, 9.998, 8.449, 6.484, 4.459, 3.798, 3.514, 3.919, 3.953, 3.958, 4.13, 3.802, 4.805, 5.209, 4.687, 4.097, 3.885, 3.339, 3.023, 2.169, 1.965, 1.925, 0.0, 3.05, 4.011, 3.754, 3.081, 2.873, 2.637, 4.172, 9.87, 12.46, 13.616, 12.62, 11.404, 10.775, 9.15, 7.286, 7.278, 8.036, 9.313, 9.912, 10.253, 10.722, 11.123, 11.098, 11.407, 11.848, 12.275, 13.496, 13.484, 14.936, 16.224, 16.577, 15.764, 16.26, 18.626, 17.818, 17.507, 19.032, 18.342, 15.514, 13.815, 12.564, 11.11, 11.946, 13.825, 14.129, 15.363, 16.398, 15.137, 10.841, 8.214, 6.148, 6.102, 6.48, 5.631, 2.597, 3.26, 5.43, 6.503, 5.642, 5.609, 5.444, 4.12, 3.592, 4.554, 6.534, 8.262, 8.356, 8.355, 8.04, 7.398, 7.887, 7.679, 5.859, 5.14, 6.451, 7.298, 7.461, 7.801, 7.838, 9.297, 12.74, 13.653, 12.649, 12.337, 12.863, 13.754, 14.296, 14.459, 13.049, 8.326, 5.469, 4.747, 4.765, 5.24, 6.345, 6.469, 5.584, 4.179, 3.658, 3.487, 3.952, 3.569, 4.146, 4.506, 4.408, 4.96, 4.334, 3.849, 3.875, 4.531], [6.345, 5.139, 6.232, 6.291, 6.57, 6.833, 7.955, 8.611, 8.733, 8.851, 8.831, 8.944, 11.411, 13.417, 12.244, 10.78, 8.883, 6.953, 6.288, 6.057, 6.444, 6.585, 6.549, 6.285, 5.44, 5.68, 5.181, 4.811, 4.169, 4.454, 3.82, 3.416, 3.432, 3.554, 4.586, 3.05, 0.0, 2.087, 2.396, 1.602, 1.682, 1.656, 4.749, 10.506, 13.645, 15.241, 14.156, 13.602, 13.144, 11.453, 9.616, 9.613, 10.369, 11.643, 12.247, 12.48, 12.967, 13.384, 13.417, 13.726, 13.811, 13.95, 15.114, 15.351, 16.281, 16.93, 17.523, 16.993, 17.864, 19.325, 18.793, 18.428, 20.01, 19.147, 16.12, 14.887, 14.056, 12.734, 13.341, 15.053, 14.916, 16.636, 17.11, 16.091, 12.637, 10.414, 8.411, 8.359, 8.705, 7.842, 4.851, 3.975, 4.969, 6.086, 5.79, 6.011, 6.014, 6.143, 5.938, 7.329, 9.088, 10.603, 10.673, 10.666, 10.376, 9.878, 10.411, 10.246, 8.694, 7.998, 9.158, 9.825, 9.802, 10.207, 10.373, 11.661, 15.073, 15.763, 14.701, 14.405, 14.937, 15.083, 15.662, 16.233, 14.842, 9.899, 6.601, 4.501, 3.58, 3.951, 4.143, 4.36, 4.191, 4.677, 4.424, 4.87, 5.317, 4.908, 4.987, 5.457, 5.816, 6.232, 6.031, 5.648, 5.722, 6.27], [7.502, 6.072, 7.456, 7.522, 7.743, 7.645, 8.856, 9.692, 9.916, 10.031, 9.88, 10.014, 12.615, 14.734, 13.489, 11.99, 9.967, 7.909, 7.264, 6.938, 7.413, 7.408, 7.338, 7.199, 6.214, 5.972, 5.198, 4.678, 4.162, 4.588, 4.066, 3.826, 4.042, 4.611, 5.599, 4.011, 2.087, 0.0, 1.449, 1.764, 1.767, 2.653, 6.119, 12.075, 15.033, 16.575, 15.513, 14.999, 14.44, 12.723, 10.742, 10.788, 11.546, 12.831, 13.422, 13.74, 14.208, 14.622, 14.63, 14.939, 15.143, 15.36, 16.513, 16.716, 17.726, 18.592, 19.054, 18.409, 19.261, 20.956, 20.319, 20.034, 21.605, 20.76, 17.771, 16.361, 15.44, 14.122, 14.765, 16.475, 16.444, 18.022, 18.615, 17.559, 13.954, 11.629, 9.472, 9.43, 9.814, 8.972, 5.749, 3.928, 4.052, 4.527, 5.083, 5.543, 5.632, 6.24, 6.236, 7.891, 9.976, 11.744, 11.861, 11.871, 11.532, 10.863, 11.334, 11.124, 9.239, 8.428, 9.9, 10.755, 10.944, 11.276, 11.28, 12.765, 16.25, 17.065, 15.992, 15.782, 16.24, 16.477, 17.073, 17.605, 16.223, 11.271, 7.923, 5.584, 4.468, 4.58, 4.772, 4.695, 4.852, 5.355, 5.056, 5.401, 5.866, 5.12, 4.913, 5.59, 6.235, 6.95, 6.679, 6.363, 6.357, 7.104], [7.065, 5.69, 7.078, 7.155, 7.31, 7.129, 8.443, 9.238, 9.48, 9.625, 9.443, 9.571, 12.189, 14.414, 13.094, 11.62, 9.517, 7.578, 6.861, 6.524, 6.969, 6.923, 6.86, 6.776, 5.775, 5.46, 4.888, 4.407, 3.809, 4.29, 3.757, 3.55, 3.721, 4.37, 5.248, 3.754, 2.396, 1.449, 0.0, 1.457, 1.588, 2.382, 6.007, 11.941, 15.058, 16.439, 15.38, 14.704, 14.07, 12.391, 10.358,