[[0.0, 1.617, 1.448, 2.404, 2.778, 3.397, 4.529, 7.616, 9.43, 8.151, 9.229, 12.149, 12.102, 11.576, 10.981, 11.733, 10.476, 9.059, 8.034, 7.512, 6.74, 6.46, 6.618, 5.569, 4.824, 7.486, 10.55, 9.838, 7.35, 7.573, 7.963, 7.833, 7.674, 7.345, 7.451, 5.701, 3.376, 3.341, 2.755, 4.092, 8.195, 6.769, 8.756, 15.801, 17.844, 17.102, 16.73, 16.896, 15.18, 14.117, 12.036, 12.222, 12.896, 12.535, 11.776, 12.569, 14.951, 16.982, 16.327, 16.982, 15.685, 12.932, 14.159, 14.277, 11.921, 10.715, 10.475, 10.569, 9.051, 8.648, 9.714, 8.299, 4.702, 3.571, 2.739, 3.535, 7.156, 8.747, 8.217, 8.864, 11.386, 11.925, 11.67, 13.176, 13.558, 12.968, 11.414, 11.265, 14.142, 14.096, 12.826, 11.437, 11.207, 8.705, 9.654, 11.36, 10.157, 8.241, 11.987], [1.617, 0.0, 1.437, 1.946, 3.318, 3.868, 4.334, 7.527, 9.064, 7.896, 8.842, 11.284, 11.348, 11.064, 10.424, 10.886, 9.656, 8.339, 7.548, 7.04, 6.323, 5.825, 5.694, 4.549, 4.027, 6.808, 9.831, 9.18, 6.658, 6.889, 7.004, 6.934, 6.796, 6.919, 7.078, 5.334, 3.205, 3.405, 3.137, 3.394, 7.479, 6.069, 8.086, 15.1, 17.158, 16.325, 16.042, 16.225, 14.667, 13.434, 11.574, 11.575, 12.288, 11.986, 11.284, 11.965, 14.317, 16.321, 15.656, 16.323, 15.031, 12.251, 13.378, 13.586, 11.199, 9.927, 9.712, 9.868, 8.16, 8.082, 9.406, 7.724, 3.825, 3.307, 2.718, 3.935, 8.013, 9.6, 8.648, 9.241, 11.927, 12.592, 12.273, 13.607, 14.047, 13.093, 11.803, 11.79, 14.79, 14.675, 13.151, 12.036, 11.808, 9.498, 10.632, 12.228, 11.013, 8.654, 12.733], [1.448, 1.437, 0.0, 2.151, 2.709, 3.417, 4.491, 7.652, 9.284, 8.113, 9.226, 11.782, 11.985, 11.526, 11.014, 11.489, 10.13, 8.805, 7.898, 7.243, 6.616, 5.965, 6.102, 5.15, 4.648, 7.46, 10.321, 9.653, 7.376, 7.752, 7.856, 7.403, 7.458, 7.412, 7.452, 5.696, 3.402, 3.484, 2.915, 3.841, 7.924, 6.531, 8.546, 15.569, 17.606, 16.711, 16.515, 16.771, 15.145, 13.91, 12.07, 12.106, 12.875, 12.661, 11.967, 12.568, 14.832, 16.778, 16.119, 16.768, 15.538, 12.657, 13.777, 14.043, 11.636, 10.335, 10.172, 10.459, 8.949, 8.693, 9.989, 8.375, 4.17, 3.168, 2.594, 3.329, 7.42, 9.125, 8.027, 8.753, 11.45, 12.15, 11.812, 13.177, 13.575, 12.592, 11.305, 11.309, 14.349, 14.288, 12.715, 11.636, 11.375, 8.972, 10.105, 11.755, 10.468, 8.211, 12.297], [2.404, 1.946, 2.151, 0.0, 4.581, 4.858, 5.425, 8.477, 10.103, 8.878, 9.772, 12.398, 12.281, 11.988, 11.451, 11.905, 10.653, 9.344, 8.655, 8.025, 7.44, 6.755, 6.446, 5.457, 4.933, 6.768, 9.583, 8.248, 7.5, 7.967, 7.735, 7.256, 7.706, 7.917, 8.135, 6.501, 4.161, 4.592, 4.257, 2.441, 6.386, 5.035, 7.207, 14.006, 16.008, 15.115, 14.922, 15.393, 14.129, 13.086, 11.166, 10.888, 12.001, 12.069, 11.473, 11.703, 13.575, 15.359, 14.622, 15.897, 14.775, 11.443, 12.394, 12.492, 9.953, 8.818, 9.139, 9.375, 8.292, 7.898, 9.339, 7.93, 4.461, 4.133, 3.561, 5.044, 9.006, 10.77, 9.796, 10.553, 13.24, 13.817, 13.466, 14.918, 15.414, 14.339, 13.106, 12.917, 16.02, 16.032, 14.584, 13.465, 12.981, 10.561, 11.754, 13.318, 12.078, 9.907, 14.1], [2.778, 3.318, 2.709, 4.581, 0.0, 1.989, 4.178, 7.295, 9.135, 8.047, 9.585, 12.455, 12.765, 12.102, 11.661, 11.962, 10.788, 9.429, 8.373, 7.612, 6.92, 7.148, 7.757, 6.643, 6.231, 9.552, 12.691, 11.971, 8.803, 8.996, 9.645, 8.915, 8.457, 8.039, 7.958, 6.034, 4.161, 3.619, 1.474, 6.162, 10.304, 8.903, 10.892, 17.89, 19.938, 19.214, 18.9, 19.057, 17.426, 16.233, 14.274, 14.405, 15.086, 14.677, 13.997, 14.655, 17.068, 19.082, 18.421, 19.04, 17.792, 15.089, 16.271, 16.368, 14.087, 12.827, 12.602, 12.691, 10.828, 10.804, 12.042, 10.445, 6.351, 4.276, 3.346, 1.452, 5.012, 6.586, 5.675, 6.326, 9.045, 9.71, 9.448, 10.757, 11.275, 10.461, 8.986, 8.984, 12.012, 11.889, 10.447, 9.184, 9.053, 6.56, 7.562, 9.269, 8.076, 5.83, 9.829], [3.397, 3.868, 3.417, 4.858, 1.989, 0.0, 3.902, 5.892, 7.752, 6.66, 8.25, 11.588, 12.069, 10.792, 11.048, 11.192, 9.711, 8.085, 7.083, 6.162, 5.666, 6.752, 7.552, 6.514, 6.472, 9.871, 12.869, 12.23, 8.77, 8.858, 9.758, 9.068, 8.088, 6.685, 6.519, 4.611, 3.081, 2.346, 1.779, 6.464, 10.566, 9.128, 11.114, 18.144, 20.216, 19.376, 19.021, 19.224, 17.583, 16.43, 14.353, 14.477, 15.185, 14.819, 14.227, 15.043, 17.377, 19.356, 18.701, 19.247, 17.846, 15.144, 16.448, 16.654, 14.184, 12.992, 12.764, 12.883, 11.049, 11.132, 12.376, 10.61, 6.524, 4.506, 3.465, 2.165, 4.866, 6.429, 5.815, 6.655, 8.987, 9.516, 9.413, 11.069, 11.355, 10.76, 9.236, 8.676, 11.775, 11.81, 10.337, 9.131, 8.739, 6.215, 7.21, 8.923, 7.728, 5.839, 9.713], [4.529, 4.334, 4.491, 5.425, 4.178, 3.902, 0.0, 3.729, 5.667, 4.363, 5.685, 8.768, 8.897, 8.179, 7.752, 8.161, 7.112, 5.695, 4.644, 3.909, 3.122, 3.424, 4.09, 2.989, 3.042, 6.263, 9.222, 8.605, 5.458, 5.29, 6.101, 5.443, 4.499, 4.159, 4.086, 2.588, 3.283, 3.269, 4.134, 5.416, 7.104, 5.73, 7.506, 14.546, 16.582, 15.761, 15.355, 15.503, 13.912, 12.827, 10.717, 10.736, 11.417, 11.083, 10.45, 11.328, 13.694, 15.735, 15.06, 15.723, 14.261, 11.517, 12.816, 13.028, 10.551, 9.392, 9.168, 9.23, 7.474, 7.424, 8.674, 7.001, 2.938, 2.247, 2.464, 3.822, 8.074, 9.94, 9.338, 10.042, 12.668, 13.14, 12.885, 14.329, 14.802, 14.034, 12.571, 12.394, 15.41, 15.393, 14.046, 12.844, 12.417, 9.824, 10.617, 12.457, 11.34, 9.254, 13.373], [7.616, 7.527, 7.652, 8.477, 7.295, 5.892, 3.729, 0.0, 2.546, 1.422, 2.965, 6.612, 7.048, 5.492, 5.86, 6.02, 4.608, 2.993, 1.865, 1.682, 1.718, 2.598, 3.369, 3.796, 4.923, 5.913, 8.356, 7.961, 4.897, 4.615, 5.236, 4.572, 3.346, 2.192, 2.657, 2.982, 5.102, 5.029, 7.232, 8.345, 8.456, 7.786, 6.706, 13.527, 15.515, 14.675, 14.227, 14.335, 12.682, 11.804, 9.586, 9.565, 10.205, 9.8, 9.213, 10.29, 12.582, 14.66, 14.004, 14.447, 13.06, 10.415, 11.749, 12.039, 9.586, 8.569, 8.314, 8.313, 6.751, 6.692, 7.535, 6.053, 4.376, 5.271, 5.665, 6.95, 9.596, 11.358, 11.157, 12.015, 14.196, 14.639, 14.636, 16.404, 16.487, 16.246, 14.638, 13.897, 16.725, 16.985, 15.666, 14.338, 13.761, 11.151, 11.998, 13.631, 12.521, 11.125, 14.752], [9.43, 9.064, 9.284, 10.103, 9.135, 7.752, 5.667, 2.546, 0.0, 1.983, 1.6, 5.076, 5.662, 4.158, 4.655, 4.735, 3.211, 2.014, 1.994, 2.532, 3.156, 3.583, 3.965, 4.956, 5.665, 5.92, 6.991, 7.004, 4.524, 3.829, 4.216, 3.928, 3.131, 3.032, 3.344, 4.403, 6.732, 6.69, 9.175, 9.592, 9.124, 8.569, 6.203, 11.974, 14.006, 13.124, 12.706, 12.75, 11.242, 10.241, 8.111, 8.104, 8.776, 8.327, 7.817, 8.849, 11.14, 13.145, 12.491, 12.984, 11.581, 8.84, 10.2, 10.462, 8.255, 7.551, 6.86, 6.987, 5.887, 5.935, 6.218, 5.093, 5.941, 7.039, 7.562, 8.885, 11.82, 13.361, 13.078, 13.964, 15.918, 16.433, 16.556, 18.359, 18.318, 18.183, 16.61, 15.739, 18.229, 18.873, 17.542, 15.933, 15.403, 13.028, 13.785, 15.396, 14.038, 13.032, 16.372], [8.151, 7.896, 8.113, 8.878, 8.047, 6.66, 4.363, 1.422, 1.983, 0.0, 2.091, 5.966, 6.564, 5.013, 5.352, 5.561, 4.112, 2.539, 1.566, 1.855, 1.961, 2.853, 3.539, 4.126, 5.201, 5.813, 7.703, 7.439, 4.642, 4.168, 4.711, 4.136, 3.103, 1.907, 2.396, 2.948, 5.277, 5.449, 8.014, 8.575, 8.744, 8.033, 6.401, 12.987, 14.999, 14.132, 13.677, 13.796, 12.18, 11.246, 9.035, 9.048, 9.669, 9.266, 8.672, 9.719, 12.078, 14.14, 13.483, 13.953, 12.566, 9.843, 11.209, 11.482, 9.011, 7.966, 7.68, 7.73, 6.192, 6.106, 6.925, 5.501, 4.766, 5.859, 6.282, 7.729, 10.208, 11.955, 11.882, 12.768, 14.82, 15.249, 15.329, 17.059, 17.152, 16.89, 15.403, 14.53, 17.363, 17.654, 16.34, 14.905, 14.418, 11.748, 12.567, 14.163, 13.095, 11.819, 15.29], [9.229, 8.842, 9.226, 9.772, 9.585, 8.25, 5.685, 2.965, 1.6, 2.091, 0.0, 4.668, 5.016, 3.481, 3.888, 4.2, 2.779, 1.759, 2.128, 2.847, 3.071, 3.562, 3.782, 4.75, 5.322, 5.267, 6.203, 6.046, 3.786, 3.054, 3.491, 3.275, 2.583, 2.539, 2.798, 4.159, 6.29, 6.435, 9.539, 9.294, 8.587, 8.043, 5.458, 11.452, 13.471, 12.635, 12.205, 12.306, 10.65, 9.705, 7.505, 7.553, 8.219, 7.811, 7.143, 8.173, 10.542, 12.611, 11.955, 12.423, 11.011, 8.37, 9.685, 9.942, 7.465, 6.6, 6.144, 6.259, 5.022, 5.294, 5.488, 4.591, 5.747, 7.08, 7.514, 9.21, 12.053, 13.697, 13.638, 14.544, 16.541, 16.906, 17.095, 18.885, 18.972, 18.719, 17.209, 16.222, 18.838, 19.396, 18.076, 16.514, 15.939, 13.455, 14.214, 15.692, 14.674, 13.583, 16.911], [12.149, 11.284, 11.782, 12.398, 12.455, 11.588, 8.768, 6.612, 5.076, 5.966, 4.668, 0.0, 1.735, 1.847, 2.234, 1.768, 2.699, 4.16, 5.193, 6.359, 6.479, 6.381, 6.47, 7.121, 7.689, 6.521, 5.306, 6.275, 5.843, 4.726, 4.745, 5.328, 4.911, 6.263, 6.972, 8.029, 10.156, 10.743, 12.484, 11.633, 10.147, 9.849, 6.652, 7.276, 9.135, 8.306, 7.922, 8.074, 6.428, 5.459, 3.727, 3.775, 4.179, 4.149, 4.144, 4.634, 6.493, 8.273, 7.617, 8.162, 6.778, 4.525, 5.494, 6.133, 6.921, 6.976, 5.733, 5.324, 5.967, 6.742, 6.218, 6.163, 8.153, 9.766, 10.357, 12.183, 15.59, 17.381, 16.563, 17.309, 19.932, 20.546, 20.347, 21.686, 22.084, 21.378, 19.951, 19.763, 22.804, 22.737, 21.286, 20.139, 19.813, 17.191, 18.003, 19.918, 18.714, 16.592, 20.693], [12.102, 11.348, 11.985, 12.281, 12.765, 12.069, 8.897, 7.048, 5.662, 6.564, 5.016, 1.735, 0.0, 1.783, 1.812, 1.765, 3.319, 4.481, 5.804, 7.016, 6.948, 6.543, 6.595, 7.113, 7.769, 6.251, 4.753, 5.903, 5.602, 4.654, 4.694, 5.27, 4.78, 6.658, 7.511, 8.621, 10.222, 10.948, 12.749, 11.508, 9.781, 9.51, 6.35, 6.693, 8.562, 7.835, 7.373, 7.513, 5.797, 4.924, 3.479, 3.246, 3.565, 3.339, 3.208, 3.839, 5.68, 7.736, 7.069, 7.537, 6.209, 3.943, 4.9, 5.33, 6.026, 6.435, 5.325, 4.692, 5.587, 6.332, 5.783, 5.829, 8.152, 10.043, 10.503, 12.375, 16.309, 18.054, 17.39, 18.134, 20.761, 21.237, 21.122, 22.544, 22.959, 22.301, 20.757, 20.502, 23.478, 23.521, 22.092, 20.925, 20.502, 17.927, 18.673, 20.521, 19.402, 17.437, 21.441], [11.576, 11.064, 11.526, 11.988, 12.102, 10.792, 8.179, 5.492, 4.158, 5.013, 3.481, 1.847, 1.783, 0.0, 1.445, 1.438, 2.348, 3.23, 4.455, 5.498, 5.563, 5.843, 5.967, 6.801, 7.486, 6.377, 5.139, 6.22, 5.454, 4.354, 4.435, 5.074, 4.45, 5.256, 5.946, 7.105, 9.02, 9.441, 12.078, 11.414, 10.054, 9.706, 6.468, 8.327, 10.297, 9.486, 9.031, 9.168, 7.456, 6.594, 4.479, 4.431, 5.0, 4.643, 4.186, 5.146, 7.376, 9.443, 8.785, 9.187, 7.867, 5.243, 6.544, 6.837, 6.611, 6.856, 5.671, 5.146, 5.884, 6.589, 5.988, 5.916, 7.948, 9.525, 9.947, 11.73, 14.932, 16.542, 16.29, 17.162, 19.308, 19.809, 19.849, 21.545, 21.677, 21.387, 19.814, 19.014, 21.922, 22.196, 20.79, 19.509, 18.923, 16.366, 17.185, 18.887, 17.786, 16.263, 19.943], [10.981, 10.424, 11.014, 11.451, 11.661, 11.048, 7.752, 5.86, 4.655, 5.352, 3.888, 2.234, 1.812, 1.445, 0.0, 1.318, 2.339, 3.625, 4.769, 6.003, 5.898, 5.48, 5.527, 6.227, 6.826, 6.06, 4.965, 5.943, 5.1, 3.697, 3.866, 4.455, 3.945, 5.544, 6.393, 7.466, 8.972, 9.669, 11.637, 10.775, 9.725, 9.362, 6.171, 7.996, 9.923, 9.242, 8.776, 8.913, 7.16, 6.27, 4.355, 4.222, 4.779, 4.459, 4.016, 4.899, 7.024, 9.082, 8.407, 8.822, 7.576, 5.073, 6.272, 6.559, 6.365, 6.694, 5.474, 4.927, 5.6, 6.28, 5.768, 5.554, 7.327, 8.982, 9.408, 11.321, 15.015, 16.858, 16.378, 17.081, 19.674, 20.131, 19.993, 21.426, 21.903, 21.255, 19.67, 19.438, 22.433, 22.403, 21.098, 19.833, 19.431, 16.81, 17.519, 19.154, 18.285, 16.415, 20.296], [11.733, 10.886, 11.489, 11.905, 11.962, 11.192, 8.161, 6.02, 4.735, 5.561, 4.2, 1.768, 1.765, 1.438, 1.318, 0.0, 2.163, 3.614, 4.854, 5.973, 6.138, 5.994, 5.943, 6.65, 7.329, 6.101, 4.858, 5.909, 5.572, 4.375, 4.338, 4.878, 4.36, 5.916, 6.641, 7.619, 9.77, 10.28, 11.836, 11.218, 9.736, 9.417, 6.201, 7.873, 9.806, 9.103, 8.644, 8.765, 7.157, 6.19, 4.469, 4.197, 4.802, 4.458, 3.976, 4.766, 6.913, 8.981, 8.31, 8.769, 7.508, 4.948, 6.14, 6.474, 6.229, 6.599, 5.403, 4.85, 5.564, 6.282, 5.883, 5.787, 7.78, 9.336, 9.8, 11.519, 15.051, 16.878, 16.267, 17.007, 19.62, 20.132, 19.925, 21.314, 21.77, 20.98, 19.649, 19.363, 22.373, 22.343, 20.986, 19.8, 19.39, 16.758, 17.522, 19.322, 18.259, 16.232, 20.272], [10.476, 9.656, 10.13, 10.653, 10.788, 9.711, 7.112, 4.608, 3.211, 4.112, 2.779, 2.699, 3.319, 2.348, 2.339, 2.163, 0.0, 2.035, 3.295, 4.249, 4.586, 4.575, 4.671, 5.38, 5.983, 5.456, 5.212, 5.49, 4.274, 3.158, 3.184, 3.578, 3.24, 4.301, 5.011, 6.033, 8.461, 8.936, 10.769, 9.92, 8.846, 8.454, 5.515, 9.518, 11.46, 10.758, 10.338, 10.556, 8.8, 7.82, 5.869, 5.862, 6.548, 6.194, 5.633, 6.475, 8.546, 10.618, 9.953, 10.382, 9.167, 6.551, 7.803, 8.065, 6.546, 6.486, 5.272, 4.975, 5.071, 5.6, 5.403, 4.75, 6.474, 8.088, 8.678, 10.48, 13.615, 15.153, 14.414, 15.3, 17.69, 18.371, 18.224, 19.682, 20.049, 19.387, 18.021, 17.587, 20.586, 20.576, 19.15, 18.016, 17.593, 15.037, 15.722, 17.676, 16.517, 14.518, 18.444], [9.059, 8.339, 8.805, 9.344, 9.429, 8.085, 5.695, 2.993, 2.014, 2.539, 1.759, 4.16, 4.481, 3.23, 3.625, 3.614, 2.035, 0.0, 1.661, 2.685, 2.974, 3.136, 3.289, 4.026, 4.762, 4.676, 5.947, 5.683, 3.361, 2.925, 3.3, 2.699, 1.968, 2.651, 3.425, 4.522, 6.589, 7.063, 9.431, 8.679, 7.844, 7.32, 4.962, 10.954, 12.904, 12.114, 11.611, 11.774, 10.095, 9.251, 7.126, 7.061, 7.745, 7.333, 6.844, 7.816, 9.994, 12.065, 11.398, 11.806, 10.524, 7.84, 9.171, 9.504, 7.13, 6.261, 5.872, 5.905, 4.62, 4.808, 5.379, 4.074, 5.213, 6.843, 7.332, 9.116, 12.386, 13.942, 13.446, 14.307, 16.53, 17.053, 17.133, 18.721, 18.85, 18.534, 16.968, 16.275, 19.21, 19.468, 17.959, 16.689, 16.235, 13.73, 14.483, 16.323, 15.083, 13.472, 17.206], [8.034, 7.548, 7.898, 8.655, 8.373, 7.083, 4.644, 1.865, 1.994, 1.566, 2.128, 5.193, 5.804, 4.455, 4.769, 4.854, 3.295, 1.661, 0.0, 1.51, 1.847, 2.378, 2.7, 3.358, 4.326, 4.903, 7.075, 6.727, 3.843, 3.564, 4.017, 3.404, 2.404, 1.787, 2.321, 3.27, 5.5, 5.937, 8.405, 8.03, 7.848, 7.161, 5.558, 12.183, 14.168, 13.349, 12.843, 12.972, 11.378, 10.474, 8.343, 8.331, 8.946, 8.466, 7.93, 9.017, 11.265, 13.304, 12.65, 13.113, 11.77, 9.048, 10.412, 10.7, 8.278, 7.29, 7.023, 7.028, 5.486, 5.466, 6.313, 4.809, 4.436, 5.838, 6.405, 8.106, 11.148, 12.802, 12.331, 13.183, 15.357, 15.91, 15.843, 17.621, 17.595, 17.405, 15.78, 15.217, 17.996, 18.172, 16.85, 15.441, 15.109, 12.453, 13.259, 15.048, 13.856, 12.316, 15.904], [7.512, 7.04, 7.243, 8.025, 7.612, 6.162, 3.909, 1.682, 2.532, 1.855, 2.847, 6.359, 7.016, 5.498, 6.003, 5.973, 4.249, 2.685, 1.51, 0.0, 1.325, 2.535, 3.145, 3.172, 4.246, 5.74, 8.247, 7.834, 4.726, 4.602, 5.126, 4.463, 3.415, 1.628, 1.954, 2.37, 4.842, 5.009, 7.637, 7.554, 7.807, 7.073, 6.613, 13.369, 15.37, 14.514, 14.075, 14.222, 12.581, 11.65, 9.517, 9.515, 10.199, 9.813, 9.178, 10.222, 12.486, 14.503, 13.845, 14.325, 12.913, 10.249, 11.581, 11.9, 9.45, 8.45, 8.196, 8.188, 6.614, 6.64, 7.612, 5.93, 3.901, 5.115, 5.687, 7.337, 10.204, 11.715, 11.316, 12.268, 14.19, 14.741, 14.844, 16.655, 16.705, 16.422, 14.927, 13.995, 16.757, 17.198, 15.779, 14.289, 13.812, 11.38, 12.163, 13.881, 12.679, 11.298, 14.779], [6.74, 6.323, 6.616, 7.44, 6.92, 5.666, 3.122, 1.718, 3.156, 1.961, 3.071, 6.479, 6.948, 5.563, 5.898, 6.138, 4.586, 2.974, 1.847, 1.325, 0.0, 2.246, 2.983, 2.722, 3.683, 5.377, 8.172, 7.652, 4.359, 4.173, 5.045, 4.382, 3.209, 1.757, 2.012, 2.097, 4.39, 4.561, 6.925, 7.14, 7.298, 6.503, 6.465, 13.425, 15.425, 14.609, 14.17, 14.326, 12.59, 11.697, 9.537, 9.616, 10.254, 9.782, 9.127, 10.158, 12.496, 14.564, 13.905, 14.366, 13.021, 10.381, 11.653, 11.931, 9.45, 8.354, 8.15, 8.09, 6.474, 6.461, 7.505, 5.911, 3.307, 4.485, 4.96, 6.594, 9.739, 11.234, 10.871, 11.782, 13.916, 14.402, 14.455, 16.103, 16.25, 15.943, 14.428, 13.704, 16.58, 16.75, 15.377, 14.062, 13.622, 11.084, 11.823, 13.666, 12.512, 10.863, 14.548], [6.46, 5.825, 5.965, 6.755, 7.148, 6.752, 3.424, 2.598, 3.583, 2.853, 3.562, 6.381, 6.543, 5.843, 5.48, 5.994, 4.575, 3.136, 2.378, 2.535, 2.246, 0.0, 1.252, 1.967, 2.964, 3.802, 6.507, 5.949, 2.877, 2.832, 3.339, 2.848, 2.113, 2.851, 3.226, 3.813, 5.079, 5.695, 7.123, 6.434, 6.443, 5.771, 4.818, 11.775, 13.805, 12.945, 12.483, 12.551, 11.113, 10.063, 7.957, 7.921, 8.623, 8.24, 7.747, 8.639, 10.952, 12.933, 12.276, 12.79, 11.383, 8.618, 10.006, 10.289, 7.781, 6.674, 6.485, 6.516, 4.812, 5.02, 6.099, 4.339, 2.803, 4.028, 4.57, 6.785, 11.033, 12.993, 12.217, 12.954, 15.583, 16.142, 15.901, 17.384, 17.646, 17.081, 15.539, 15.306, 18.311, 18.386, 16.941, 15.799, 15.31, 12.711, 13.684, 15.463, 14.062, 12.25, 16.358], [6.618, 5.694, 6.102, 6.446, 7.757, 7.552, 4.09, 3.369, 3.965, 3.539, 3.782, 6.47, 6.595, 5.967, 5.527, 5.943, 4.671, 3.289, 2.7, 3.145, 2.983, 1.252, 0.0, 1.803, 2.613, 3.181, 5.901, 5.326, 2.64, 2.841, 2.912, 2.462, 1.988, 3.04, 3.58, 4.371, 5.559, 6.463, 7.659, 5.974, 5.763, 5.103, 4.157, 11.117, 13.143, 12.265, 11.885, 12.005, 10.665, 9.497, 7.478, 7.335, 8.067, 7.82, 7.281, 8.035, 10.364, 12.304, 11.631, 12.276, 10.893, 7.988, 9.352, 9.633, 7.113, 6.023, 5.84, 5.884, 4.254, 4.34, 5.625, 3.842, 2.592, 4.218, 4.788, 7.391, 11.739, 13.849, 12.976, 13.76, 16.458, 16.986, 16.692, 18.13, 18.442, 17.68, 16.315, 16.093, 19.164, 19.206, 17.775, 16.646, 16.132, 13.521, 14.528, 16.289, 14.787, 13.01, 17.215], [5.569, 4.549, 5.15, 5.457, 6.643, 6.514, 2.989, 3.796, 4.956, 4.126, 4.75, 7.121, 7.113, 6.801, 6.227, 6.65, 5.38, 4.026, 3.358, 3.172, 2.722, 1.967, 1.803, 0.0, 1.542, 3.651, 6.557, 5.961, 3.167, 3.254, 3.579, 3.036, 2.593, 3.105, 3.611, 3.536, 4.651, 5.5, 6.561, 4.797, 5.01, 4.154, 4.819, 11.831, 13.866, 12.989, 12.584, 12.808, 11.317, 10.143, 8.265, 8.162, 8.879, 8.579, 7.939, 8.681, 11.011, 12.997, 12.345, 12.971, 11.613, 8.783, 10.059, 10.317, 7.834, 6.698, 6.514, 6.558, 4.82, 4.97, 6.271, 4.535, 1.93, 3.465, 4.092, 6.219, 10.778, 12.712, 11.814, 12.564, 15.244, 15.868, 15.57, 16.96, 17.347, 16.484, 15.132, 15.069, 18.114, 18.055, 16.582, 15.471, 15.118, 12.502, 13.439, 15.277, 13.981, 11.885, 16.04], [4.824, 4.027, 4.648, 4.933, 6.231, 6.472, 3.042, 4.923, 5.665, 5.201, 5.322, 7.689, 7.769, 7.486, 6.826, 7.329, 5.983, 4.762, 4.326, 4.246, 3.683, 2.964, 2.613, 1.542, 0.0, 3.563, 6.602, 5.859, 3.225, 3.578, 3.871, 3.32, 3.234, 4.025, 4.189, 3.72, 4.738, 5.509, 6.102, 4.074, 4.374, 3.351, 4.74, 11.741, 13.784, 13.023, 12.761, 13.015, 11.44, 10.132, 8.329, 8.357, 9.07, 8.751, 8.086, 8.677, 10.957, 12.938, 12.285, 12.942, 11.711, 8.926, 10.091, 10.235, 7.914, 6.686, 6.473, 6.561, 4.828, 4.875, 6.168, 4.482, 2.016, 3.055, 3.801, 6.061, 10.864, 12.695, 11.635, 12.383, 15.116, 15.811, 15.528, 16.862, 17.409, 16.333, 15.051, 15.038, 18.153, 18.02, 16.533, 15.34, 15.151, 12.55, 13.366, 15.298, 14.069, 11.879, 15.971], [7.486, 6.808, 7.46, 6.768, 9.552, 9.871, 6.263, 5.913, 5.92, 5.813, 5.267, 6.521, 6.251, 6.377, 6.06, 6.101, 5.456, 4.676, 4.903, 5.74, 5.377, 3.802, 3.181, 3.651, 3.563, 0.0, 3.267, 2.44, 1.95, 3.122, 3.083, 2.992, 3.1, 5.264, 5.646, 6.738, 8.121, 8.927, 9.352, 5.7, 3.725, 3.411, 1.463, 8.355, 10.407, 9.674, 9.395, 9.67, 8.156, 6.848, 5.117, 5.079, 5.789, 5.728, 5.046, 5.302, 7.563, 9.6, 8.922, 9.736, 8.687, 5.647, 6.736, 6.826, 4.55, 3.284, 3.082, 3.225, 1.904, 1.824, 2.936, 1.823, 3.798, 5.746, 6.702, 9.381, 14.287, 16.11, 15.04, 15.757, 18.498, 19.217, 18.92, 20.257, 20.759, 19.754, 18.426, 18.449, 21.531, 21.398, 19.893, 18.691, 18.555, 15.943, 16.72, 18.691, 17.469, 15.259, 19.355], [10.55, 9.831, 10.321, 9.583, 12.691, 12.869, 9.222, 8.356, 6.991, 7.703, 6.203, 5.306, 4.753, 5.139, 4.965, 4.858, 5.212, 5.947, 7.075, 8.247, 8.172, 6.507, 5.901, 6.557, 6.602, 3.267, 0.0, 1.826, 4.428, 4.192, 3.412, 4.361, 5.204, 7.754, 8.533, 9.678, 11.055, 11.899, 12.373, 8.714, 5.473, 5.56, 2.774, 5.377, 7.433, 6.562, 6.262, 6.505, 4.969, 3.729, 2.446, 3.017, 3.236, 2.917, 2.39, 2.758, 4.599, 6.596, 5.946, 6.719, 5.49, 2.575, 3.81, 3.866, 2.107, 1.89, 1.188, 1.509, 2.414, 2.164, 1.732, 2.502, 6.506, 8.722, 9.641, 12.364, 17.234, 19.118, 18.126, 18.887, 21.573, 22.234, 21.929, 23.301, 23.738, 22.776, 21.443, 21.429, 24.489, 24.432, 22.92, 21.802, 21.493, 18.885, 19.72, 21.672, 20.426, 18.235, 22.392], [9.838, 9.18, 9.653, 8.248, 11.971, 12.23, 8.605, 7.961, 7.004, 7.439, 6.046, 6.275, 5.903, 6.22, 5.943, 5.909, 5.49, 5.683, 6.727, 7.834, 7.652, 5.949, 5.326, 5.961, 5.859, 2.44, 1.826, 0.0, 3.7, 3.668, 3.326, 3.577, 4.752, 7.417, 7.945, 9.096, 10.476, 11.285, 11.692, 7.194, 3.965, 4.093, 1.593, 6.0, 8.029, 7.272, 7.04, 7.441, 6.1, 4.97, 3.607, 3.847, 4.564, 4.535, 3.99, 4.096, 5.387, 7.281, 6.604, 7.924, 6.875, 3.687, 4.671, 4.457, 2.33, 1.438, 1.338, 1.961, 1.855, 1.958, 2.001, 2.48, 5.878, 7.949, 8.927, 11.695, 16.646, 18.473, 17.305, 18.142, 20.877, 21.583, 21.296, 22.602, 23.162, 22.057, 20.797, 20.818, 23.904, 23.773, 22.285, 21.089, 20.915, 18.302, 19.079, 21.051, 19.837, 17.628, 21.727], [7.35, 6.658, 7.376, 7.5, 8.803, 8.77, 5.458, 4.897, 4.524, 4.642, 3.786, 5.843, 5.602, 5.454, 5.1, 5.572, 4.274, 3.361, 3.843, 4.726, 4.359, 2.877, 2.64, 3.167, 3.225, 1.95, 4.428, 3.7, 0.0, 1.991, 2.399, 2.491, 2.158, 4.23, 4.53, 5.612, 6.992, 7.783, 8.993, 6.283, 4.99, 4.615, 2.852, 9.503, 11.56, 10.865, 10.664, 10.869, 9.17, 7.921, 6.043, 6.188, 6.865, 6.479, 5.797, 6.484, 8.808, 10.701, 10.058, 10.611, 9.478, 6.837, 7.944, 8.045, 5.798, 4.477, 4.319, 4.472, 2.517, 3.118, 3.873, 2.492, 3.802, 5.658, 6.385, 8.818, 13.22, 14.97, 14.023, 14.629, 17.289, 18.084, 17.803, 19.281, 19.717, 18.878, 17.389, 17.341, 20.387, 20.298, 18.734, 17.544, 17.411, 14.814, 15.655, 17.565, 16.342, 14.291, 18.208], [7.573, 6.889, 7.752, 7.967, 8.996, 8.858, 5.29, 4.615, 3.829, 4.168, 3.054, 4.726, 4.654, 4.354, 3.697, 4.375, 3.158, 2.925, 3.564, 4.602, 4.173, 2.832, 2.841, 3.254, 3.578, 3.122, 4.192, 3.668, 1.991, 0.0, 1.575, 2.187, 1.95, 4.22, 4.626, 5.582, 6.961, 7.753, 9.053, 7.227, 6.551, 6.124, 3.624, 9.494, 11.539, 10.739, 10.387, 10.547, 8.869, 7.76, 5.729, 5.859, 6.533, 6.11, 5.428, 6.254, 8.651, 10.679, 10.019, 10.604, 9.273, 6.572, 7.794, 7.979, 5.659, 4.722, 4.307, 4.267, 3.145, 3.714, 4.192, 3.232, 4.09, 6.002, 6.46, 8.699, 13.134, 14.953, 14.168, 14.864, 17.529, 18.106, 17.873, 19.223, 19.717, 18.981, 17.44, 17.393, 20.402, 20.305, 18.91, 17.7, 17.436, 14.821, 15.588, 17.517, 16.33, 14.24, 18.243], [7.963, 7.004, 7.856, 7.735, 9.645, 9.758, 6.101, 5.236, 4.216, 4.711, 3.491, 4.745, 4.694, 4.435, 3.866, 4.338, 3.184, 3.3, 4.017, 5.126, 5.045, 3.339, 2.912, 3.579, 3.871, 3.083, 3.412, 3.326, 2.399, 1.575, 0.0, 1.947, 2.415, 4.788, 5.521, 6.546, 7.863, 8.741, 9.481, 7.116, 6.473, 5.986, 3.396, 8.544, 10.606, 9.705, 9.302, 9.509, 7.963, 6.855, 4.87, 4.831, 5.537, 5.205, 4.622, 5.409, 7.749, 9.744, 9.083, 9.742, 8.318, 5.482, 6.78, 7.048, 4.891, 4.32, 3.629, 3.539, 2.902, 3.415, 3.634, 2.896, 4.017, 6.037, 6.699, 9.305, 14.043, 15.99, 15.122, 15.828, 18.524, 19.117, 18.791, 20.215, 20.62, 19.818, 18.409, 18.314, 21.346, 21.3, 19.869, 18.737, 18.362, 15.745, 16.613, 18.524, 17.247, 15.122, 19.31], [7.833, 6.934, 7.403, 7.256, 8.915, 9.068, 5.443, 4.572, 3.928, 4.136, 3.275, 5.328, 5.27, 5.074, 4.455, 4.878, 3.578, 2.699, 3.404, 4.463, 4.382, 2.848, 2.462, 3.036, 3.32, 2.992, 4.361, 3.577, 2.491, 2.187, 1.947, 0.0, 1.895, 4.098, 4.864, 5.94, 7.305, 8.117, 8.642, 6.35, 5.881, 5.261, 3.073, 9.148, 11.167, 10.394, 10.155, 10.624, 9.139, 7.868, 6.101, 5.872, 6.655, 6.445, 5.799, 6.306, 8.505, 10.442, 9.751, 10.669, 9.646, 6.417, 7.463, 7.642, 5.284, 4.253, 4.056, 4.082, 2.843, 3.533, 4.124, 3.046, 3.651, 5.232, 6.159, 8.583, 13.475, 15.313, 14.252, 15.08, 17.796, 18.431, 18.148, 19.467, 20.06, 18.96, 17.694, 17.674, 20.784, 20.648, 19.208, 18.01, 17.779, 15.188, 15.905, 17.885, 16.711, 14.52, 18.614], [7.674, 6.796, 7.458, 7.706, 8.457, 8.088, 4.499, 3.346, 3.131, 3.103, 2.583, 4.911, 4.78, 4.45, 3.945, 4.36, 3.24, 1.968, 2.404, 3.415, 3.209, 2.113, 1.988, 2.593, 3.234, 3.1, 5.204, 4.752, 2.158, 1.95, 2.415, 1.895, 0.0, 2.906, 3.637, 4.713, 6.057, 6.938, 8.362, 7.085, 6.213, 5.772, 3.612, 10.407, 12.445, 11.561, 11.11, 11.319, 9.843, 8.772, 6.682, 6.6, 7.324, 6.923, 6.398, 7.202, 9.589, 11.61, 10.946, 11.598, 10.201, 7.299, 8.64, 8.897, 6.441, 5.374, 5.112, 5.155, 3.562, 3.736, 4.691, 3.121, 3.609, 5.458, 5.91, 7.917, 12.183, 14.175, 13.471, 14.181, 16.895, 17.387, 17.14, 18.514, 18.896, 18.157, 16.787, 16.603, 19.607, 19.605, 18.227, 17.066, 16.602, 13.975, 14.796, 16.691, 15.428, 13.451, 17.557], [7.345, 6.919, 7.412, 7.917, 8.039, 6.685, 4.159, 2.192, 3.032, 1.907, 2.539, 6.263, 6.658, 5.256, 5.544, 5.916, 4.301, 2.651, 1.787, 1.628, 1.757, 2.851, 3.04, 3.105, 4.025, 5.264, 7.754, 7.417, 4.23, 4.22, 4.788, 4.098, 2.906, 0.0, 1.332, 2.396, 4.45, 5.052, 7.983, 7.322, 7.441, 6.658, 6.265, 13.086, 15.101, 14.238, 13.775, 13.933, 12.285, 11.36, 9.144, 9.17, 9.766, 9.351, 8.777, 9.814, 12.177, 14.246, 13.587, 14.048, 12.713, 9.974, 11.313, 11.574, 9.094, 7.983, 7.726, 7.843, 6.199, 6.069, 6.985, 5.515, 3.824, 5.508, 5.903, 7.681, 10.425, 11.968, 11.967, 12.919, 14.827, 15.265, 15.476, 17.233, 17.227, 17.064, 15.567, 14.616, 17.302, 17.666, 16.397, 14.907, 14.4, 11.8, 12.509, 14.016, 13.049, 11.937, 15.202], [7.451, 7.078, 7.452, 8.135, 7.958, 6.519, 4.086, 2.657, 3.344, 2.396, 2.798, 6.972, 7.511, 5.946, 6.393, 6.641, 5.011, 3.425, 2.321, 1.954, 2.012, 3.226, 3.58, 3.611, 4.189, 5.646, 8.533, 7.945, 4.53, 4.626, 5.521, 4.864, 3.637, 1.332, 0.0, 2.155, 4.522, 4.669, 7.868, 7.577, 7.623, 6.801, 6.854, 13.886, 15.912, 15.076, 14.653, 14.768, 13.079, 12.141, 9.928, 10.006, 10.643, 10.224, 9.558, 10.601, 12.974, 15.059, 14.4, 14.849, 13.469, 10.81, 12.13, 12.369, 9.864, 8.704, 8.508, 8.558, 6.806, 6.751, 7.767, 6.291, 4.346, 5.599, 5.984, 7.618, 10.259, 11.751, 11.805, 12.749, 14.607, 15.026, 15.24, 17.041, 17.1, 16.862, 15.364, 14.322, 16.911, 17.465, 16.175, 14.586, 14.035, 11.52, 12.317, 13.242, 12.757, 11.696, 14.868], [5.701, 5.334, 5.696, 6.501, 6.034, 4.611, 2.588, 2.982, 4.403, 2.948, 4.159, 8.029, 8.621, 7.105, 7.466, 7.619, 6.033, 4.522, 3.27, 2.37, 2.097, 3.813, 4.371, 3.536, 3.72, 6.738, 9.678, 9.096, 5.612, 5.582, 6.546, 5.94, 4.713, 2.396, 2.155, 0.0, 3.019, 3.213, 5.892, 6.346, 7.653, 6.513, 8.004, 15.045, 17.08, 16.224, 15.802, 15.924, 14.256, 13.298, 11.094, 11.169, 11.829, 11.396, 10.766, 11.767, 14.166, 16.222, 15.562, 16.045, 14.648, 11.969, 13.28, 13.526, 11.023, 9.851, 9.663, 9.724, 7.957, 7.898, 8.943, 7.444, 3.66, 4.113, 4.419, 5.838, 8.317, 9.822, 9.793, 10.744, 12.663, 13.125, 13.23, 15.028, 15.052, 14.812, 13.342, 12.421, 15.089, 15.402, 14.126, 12.717, 12.167, 9.6, 10.529, 12.083, 10.917, 9.648, 13.026], [3.376, 3.205, 3.402, 4.161, 4.161, 3.081, 3.283, 5.102, 6.732, 5.277, 6.29, 10.156, 10.222, 9.02, 8.972, 9.77, 8.461, 6.589, 5.5, 4.842, 4.39, 5.079, 5.559, 4.651, 4.738, 8.121, 11.055, 10.476, 6.992, 6.961, 7.863, 7.305, 6.057, 4.45, 4.522, 3.019, 0.0, 1.449, 4.089, 5.23, 8.879, 7.451, 9.363, 16.392, 18.41, 17.544, 17.078, 17.167, 15.592, 14.648, 12.428, 12.406, 13.062, 12.669, 12.108, 13.126, 15.5, 17.552, 16.898, 17.372, 15.956, 13.228, 14.61, 14.879, 12.372, 11.226, 11.028, 11.057, 9.336, 9.286, 10.318, 8.815, 4.805, 3.882, 3.003, 4.096, 6.976, 8.919, 8.797, 9.595, 11.796, 12.115, 12.211, 13.937, 14.006, 13.738, 12.12, 11.455, 14.158, 14.529, 13.225, 11.741, 11.226, 8.64, 9.576, 10.906, 9.828, 8.7, 12.155], [3.341, 3.405, 3.484, 4.592, 3.619, 2.346, 3.269, 5.029, 6.69, 5.449, 6.435, 10.743, 10.948, 9.441, 9.669, 10.28, 8.936, 7.063, 5.937, 5.009, 4.561, 5.695, 6.463, 5.5, 5.509, 8.927, 11.899, 11.285, 7.783, 7.753, 8.741, 8.117, 6.938, 5.052, 4.669, 3.213, 1.449, 0.0, 3.499, 5.676, 9.652, 8.218, 10.18, 17.209, 19.234, 18.418, 17.998, 18.114, 16.453, 15.465, 13.271, 13.339, 14.0, 13.621, 12.981, 13.962, 16.334, 18.375, 17.716, 18.215, 16.8, 14.154, 15.473, 15.696, 13.205, 12.068, 11.846, 11.887, 10.151, 10.091, 11.137, 9.632, 5.578, 4.028, 3.204, 3.752, 6.403, 8.054, 7.984, 8.84, 10.891, 11.256, 11.41, 13.181, 13.302, 12.969, 11.382, 10.563, 13.18, 13.692, 12.357, 10.757, 10.273, 7.858, 8.775, 9.983, 9.059, 7.875, 11.163], [2.755, 3.137, 2.915, 4.257, 1.474, 1.779, 4.134, 7.232, 9.175, 8.014, 9.539, 12.484, 12.749, 12.078, 11.637, 11.836, 10.769, 9.431, 8.405, 7.637, 6.925, 7.123, 7.659, 6.561, 6.102, 9.352, 12.373, 11.692, 8.993, 9.053, 9.481, 8.642, 8.362, 7.983, 7.868, 5.892, 4.089, 3.499, 0.0, 5.954, 10.057, 8.623, 10.606, 17.659, 19.706, 18.907, 18.532, 18.713, 17.081, 15.971, 13.957, 13.998, 14.7, 14.279, 13.641, 14.443, 16.843, 18.858, 18.2, 18.898, 17.576, 14.748, 15.963, 16.135, 13.709, 12.521, 12.284, 12.335, 10.692, 10.524, 11.795, 10.178, 6.196, 4.105, 3.171, 1.799, 5.173, 6.859, 6.169, 6.848, 9.537, 10.034, 9.785, 11.116, 11.618, 10.783, 9.399, 9.316, 12.265, 12.175, 10.815, 9.616, 9.279, 6.808, 7.719, 9.487, 8.246, 6.119, 10.116], [4.092, 3.394, 3.841, 2.441, 6.162, 6.464, 5.416, 8.345, 9.592, 8.575, 9.294, 11.633, 11.508, 11.414, 10.775, 11.218, 9.92, 8.679, 8.03, 7.554, 7.14, 6.434, 5.974, 4.797, 4.074, 5.7, 8.714, 7.194, 6.283, 7.227, 7.116, 6.35, 7.085, 7.322, 7.577, 6.346, 5.23, 5.676, 5.954, 0.0, 4.176, 3.415, 6.128, 12.075, 13.957, 13.464, 13.677, 14.544, 13.294, 12.052, 10.426, 10.226, 11.304, 11.375, 10.694, 10.684, 12.491, 13.924, 13.005, 14.664, 13.964, 10.684, 11.092, 10.976, 8.597, 7.46, 8.154, 8.514, 7.132, 6.912, 8.302, 7.071, 4.081, 4.159, 4.473, 6.435, 10.999, 12.723, 11.519, 12.231, 15.046, 15.825, 15.528, 16.849, 17.363, 16.158, 15.023, 15.053, 18.143, 18.009, 16.418, 15.299, 15.167, 12.609, 13.475, 15.344, 14.158, 11.862, 15.968], [8.195, 7.479, 7.924, 6.386, 10.304, 10.566, 7.104, 8.456, 9.124, 8.744, 8.587, 10.147, 9.781, 10.054, 9.725, 9.736, 8.846, 7.844, 7.848, 7.807, 7.298, 6.443, 5.763, 5.01, 4.374, 3.725, 5.473, 3.965, 4.99, 6.551, 6.473, 5.881, 6.213, 7.441, 7.623, 7.653, 8.879, 9.652, 10.057, 4.176, 0.0, 1.519, 3.622, 8.281, 10.09, 9.631, 9.955, 10.749, 9.631, 8.438, 7.268, 7.56, 8.226, 8.208, 7.619, 7.646, 8.82, 10.129, 9.364, 11.304, 10.456, 7.269, 7.696, 7.23, 5.047, 3.918, 4.838, 5.52, 4.278, 3.776, 4.954, 4.356, 5.012, 6.46, 7.573, 10.187, 15.036, 16.864, 15.631, 16.345, 19.172, 19.971, 19.668, 20.992, 21.476, 20.271, 19.158, 19.188, 22.256, 22.123, 20.531, 19.414, 19.28, 16.687, 17.562, 19.438, 18.217, 15.964, 20.077], [6.769, 6.069, 6.531, 5.035, 8.903, 9.128, 5.73, 7.786, 8.569, 8.033, 8.043, 9.849, 9.51, 9.706, 9.362, 9.417, 8.454, 7.32, 7.161, 7.073, 6.503, 5.771, 5.103, 4.154, 3.351, 3.411, 5.56, 4.093, 4.615, 6.124, 5.986, 5.261, 5.772, 6.658, 6.801, 6.513, 7.451, 8.218, 8.623, 3.415, 1.519, 0.0, 3.377, 9.21, 11.177, 10.471, 10.515, 11.31, 9.994, 8.692, 7.247, 7.483, 8.163, 8.299, 7.637, 7.627, 9.238, 10.766, 9.932, 11.505, 10.621, 7.378, 7.908, 7.872, 5.528, 4.365, 4.956, 5.508, 4.206, 3.741, 5.051, 4.185, 3.924, 5.094, 6.192, 8.795, 13.61, 15.439, 14.206, 14.995, 17.748, 18.546, 18.243, 19.568, 20.061, 18.859, 17.749, 17.762, 20.822, 20.689, 19.127, 17.988, 17.846, 15.257, 16.131, 18.009, 16.783, 14.53, 18.652], [8.756, 8.086, 8.546, 7.207, 10.892, 11.114, 7.506, 6.706, 6.203, 6.401, 5.458, 6.652, 6.35, 6.468, 6.171, 6.201, 5.515, 4.962, 5.558, 6.613, 6.465, 4.818, 4.157, 4.819, 4.74, 1.463, 2.774, 1.593, 2.852, 3.624, 3.396, 3.073, 3.612, 6.265, 6.854, 8.004, 9.363, 10.18, 10.606, 6.128, 3.622, 3.377, 0.0, 7.081, 9.134, 8.36, 8.187, 8.607, 7.235, 5.983, 4.332, 4.415, 5.388, 5.323, 4.627, 4.677, 6.527, 8.345, 7.641, 8.787, 7.875, 4.639, 5.55, 5.54, 3.222, 2.143, 2.174, 2.621, 1.655, 1.644, 2.418, 1.755, 4.753, 6.754, 7.78, 10.591, 15.54, 17.372, 16.239, 17.052, 19.778, 20.479, 20.18, 21.51, 22.073, 20.906, 19.694, 19.697, 22.81, 22.68, 21.172, 19.998, 19.814, 17.213, 17.954, 19.95, 18.733, 16.535, 20.637], [15.801, 15.1, 15.569, 14.006, 17.89, 18.144, 14.546, 13.527, 11.974, 12.987, 11.452, 7.276, 6.693, 8.327, 7.996, 7.873, 9.518, 10.954, 12.183, 13.369, 13.425, 11.775, 11.117, 11.831, 11.741, 8.355, 5.377, 6.0, 9.503, 9.494, 8.544, 9.148, 10.407, 13.086, 13.886, 15.045, 16.392, 17.209, 17.659, 12.075, 8.281, 9.21, 7.081, 0.0, 2.109, 1.682, 2.248, 2.792, 2.413, 2.462, 4.347, 4.392, 3.733, 3.908, 4.374, 3.332, 1.849, 2.032, 1.826, 3.435, 2.617, 3.333, 2.527, 1.976, 4.121, 5.368, 5.433, 5.381, 7.197, 7.166, 6.159, 7.61, 11.704, 13.712, 14.841, 17.643, 22.572, 24.418, 23.247, 23.963, 26.762, 27.527, 27.223, 28.563, 29.088, 27.917, 26.74, 26.737, 29.844, 29.725, 28.16, 27.029, 26.86, 24.248, 25.005, 26.989, 25.77, 23.564, 27.687], [17.844, 17.158, 17.606, 16.008, 19.938, 20.216, 16.582, 15.515, 14.006, 14.999, 13.471, 9.135, 8.562, 10.297, 9.923, 9.806, 11.46, 12.904, 14.168, 15.37, 15.425, 13.805, 13.143, 13.866, 13.784, 10.407, 7.433, 8.029, 11.56, 11.539, 10.606, 11.167, 12.445, 15.101, 15.912, 17.08, 18.41, 19.234, 19.706, 13.957, 10.09, 11.177, 9.134, 2.109, 0.0, 1.3, 2.099, 2.41, 3.162, 3.837, 6.013, 6.047, 5.423, 5.833, 6.387, 5.341, 2.978, 1.245, 1.653, 2.401, 2.667, 5.211, 3.911, 3.637, 6.123, 7.336, 7.48, 7.385, 9.225, 9.217, 8.198, 9.681, 13.756, 15.734, 16.876, 19.69, 24.606, 26.446, 25.293, 26.027, 28.826, 29.587, 29.294, 30.616, 31.145, 29.963, 28.804, 28.797, 31.894, 31.782, 30.233, 29.088, 28.915, 26.305, 27.051, 28.994, 27.814, 25.625, 29.738], [17.102, 16.325, 16.711, 15.115, 19.214, 19.376, 15.761, 14.675, 13.124, 14.132, 12.635, 8.306, 7.835, 9.486, 9.242, 9.103, 10.758, 12.114, 13.349, 14.514, 14.609, 12.945, 12.265, 12.989, 13.023, 9.674, 6.562, 7.272, 10.865, 10.739, 9.705, 10.394, 11.561, 14.238, 15.076, 16.224, 17.544, 18.418, 18.907, 13.464, 9.631, 10.471, 8.36, 1.682, 1.3, 0.0, 1.476, 2.036, 2.716, 3.125, 5.233, 5.314, 4.647, 5.028, 5.548, 4.646, 2.63, 1.53, 1.85, 2.859, 2.328, 4.384, 3.065, 2.888, 5.309, 6.416, 6.642, 6.602, 8.442, 8.463, 7.455, 8.858, 12.905, 14.973, 16.073, 18.862, 23.731, 25.654, 24.539, 25.339, 28.041, 28.77, 28.46, 29.837, 30.263, 29.137, 27.979, 27.953, 31.024, 30.981, 29.376, 28.342, 28.041, 25.428, 26.264, 28.204, 26.942, 24.774, 28.952], [16.73, 16.042, 16.515, 14.922, 18.9, 19.021, 15.355, 14.227, 12.706, 13.677, 12.205, 7.922, 7.373, 9.031, 8.776, 8.644, 10.338, 11.611, 12.843, 14.075, 14.17, 12.483, 11.885, 12.584, 12.761, 9.395, 6.262, 7.04, 10.664, 10.387, 9.302, 10.155, 11.11, 13.775, 14.653, 15.802, 17.078, 17.998, 18.532, 13.677, 9.955, 10.515, 8.187, 2.248, 2.099, 1.476, 0.0, 1.571, 2.235, 2.83, 4.774, 4.775, 4.12, 4.537, 5.145, 4.299, 2.695, 2.104, 2.138, 3.006, 2.036, 4.02, 3.14, 2.961, 5.21, 6.584, 6.417, 6.257, 8.41, 8.131, 7.105, 8.525, 12.66, 14.873, 15.721, 18.467, 23.262, 25.251, 24.329, 25.096, 27.802, 28.406, 28.077, 29.49, 29.877, 28.99, 27.676, 27.591, 30.629, 30.588, 29.14, 28.022, 27.653, 25.022, 25.858, 27.77, 26.485, 24.397, 28.582], [16.896, 16.225, 16.771, 15.393, 19.057, 19.224, 15.503, 14.335, 12.75, 13.796, 12.306, 8.074, 7.513, 9.168, 8.913, 8.765, 10.556, 11.774, 12.972, 14.222, 14.326, 12.551, 12.005, 12.808, 13.015, 9.67, 6.505, 7.441, 10.869, 10.547, 9.509, 10.624, 11.319, 13.933, 14.768, 15.924, 17.167, 18.114, 18.713, 14.544, 10.749, 11.31, 8.607, 2.792, 2.41, 2.036, 1.571, 0.0, 1.918, 3.024, 4.927, 4.903, 4.275, 4.636, 5.3, 4.529, 2.68, 1.964, 2.433, 2.89, 1.898, 4.325, 3.784, 3.596, 5.996, 7.121, 6.754, 6.622, 8.859, 8.301, 7.261, 8.737, 12.956, 15.16, 15.988, 18.671, 23.376, 25.401, 24.587, 25.308, 27.994, 28.592, 28.251, 29.649, 29.964, 29.255, 27.889, 27.758, 30.73, 30.755, 29.347, 28.193, 27.771, 25.148, 26.023, 27.886, 26.519, 24.548, 28.737], [15.18, 14.667, 15.145, 14.129, 17.426, 17.583, 13.912, 12.682, 11.242, 12.18, 10.65, 6.428, 5.797, 7.456, 7.16, 7.157, 8.8, 10.095, 11.378, 12.581, 12.59, 11.113, 10.665, 11.317, 11.44, 8.156, 4.969, 6.1, 9.17, 8.869, 7.963, 9.139, 9.843, 12.285, 13.079, 14.256, 15.592, 16.453, 17.081, 13.294, 9.631, 9.994, 7.235, 2.413, 3.162, 2.716, 2.235, 1.918, 0.0, 1.562, 3.264, 3.581, 2.919, 3.043, 3.628, 3.051, 1.906, 2.509, 2.292, 2.801, 1.57, 3.086, 2.972, 2.531, 4.851, 5.847, 5.258, 5.187, 7.342, 6.73, 5.604, 7.045, 11.397, 13.616, 14.443, 17.109, 21.85, 23.712, 22.948, 23.645, 26.284, 26.848, 26.581, 27.989, 28.417, 27.69, 26.2, 26.086, 29.094, 29.072, 27.659, 26.469, 26.13, 23.498, 24.322, 26.191, 25.01, 22.983, 27.023], [14.117, 13.434, 13.91, 13.086, 16.233, 16.43, 12.827, 11.804, 10.241, 11.246, 9.705, 5.459, 4.924, 6.594, 6.27, 6.19, 7.82, 9.251, 10.474, 11.65, 11.697, 10.063, 9.497, 10.143, 10.132, 6.848, 3.729, 4.97, 7.921, 7.76, 6.855, 7.868, 8.772, 11.36, 12.141, 13.298, 14.648, 15.465, 15.971, 12.052, 8.438, 8.692, 5.983, 2.462, 3.837, 3.125, 2.83, 3.024, 1.562, 0.0, 2.333, 2.769, 2.072, 2.315, 2.719, 2.219, 1.946, 3.057, 2.666, 3.406, 2.086, 2.078, 1.972, 1.867, 4.101, 4.766, 4.005, 4.052, 5.926, 5.573, 4.538, 5.882, 10.086, 12.229, 13.248, 15.986, 20.837, 22.673, 21.639, 22.401, 25.075, 25.779, 25.485, 26.862, 27.377, 26.292, 25.014, 25.02, 28.104, 27.988, 26.465, 25.349, 25.119, 22.509, 23.272, 25.245, 24.051, 21.866, 25.956], [12.036, 11.574, 12.07, 11.166, 14.274, 14.353, 10.717, 9.586, 8.111, 9.035, 7.505, 3.727, 3.479, 4.479, 4.355, 4.469, 5.869, 7.126, 8.343, 9.517, 9.537, 7.957, 7.478, 8.265, 8.329, 5.117, 2.446, 3.607, 6.043, 5.729, 4.87, 6.101, 6.682, 9.144, 9.928, 11.094, 12.428, 13.271, 13.957, 10.426, 7.268, 7.247, 4.332, 4.347, 6.013, 5.233, 4.774, 4.927, 3.264, 2.333, 0.0, 1.303, 1.553, 1.795, 1.717, 1.917, 3.499, 5.166, 4.523, 5.337, 3.881, 1.608, 2.507, 2.983, 3.672, 3.89, 2.828, 2.71, 4.339, 3.934, 3.276, 4.028, 8.291, 10.551, 11.257, 13.946, 18.623, 20.537, 19.824, 20.522, 23.171, 23.687, 23.392, 24.831, 25.298, 24.562, 23.053, 22.849, 25.956, 25.903, 24.522, 23.348, 22.925, 20.311, 21.145, 23.038, 21.879, 19.784, 23.909], [12.222, 11.575, 12.106, 10.888, 14.405, 14.477, 10.736, 9.565, 8.104, 9.048, 7.553, 3.775, 3.246, 4.431, 4.222, 4.197, 5.862, 7.061, 8.331, 9.515, 9.616, 7.921, 7.335, 8.162, 8.357, 5.079, 3.017, 3.847, 6.188, 5.859, 4.831, 5.872, 6.6, 9.17, 10.006, 11.169, 12.406, 13.339, 13.998, 10.226, 7.56, 7.483, 4.415, 4.392, 6.047, 5.314, 4.775, 4.903, 3.581, 2.769, 1.303, 0.0, 1.439, 2.041, 2.053, 2.156, 3.532, 5.294, 4.597, 5.634, 4.289, 1.633, 2.513, 3.167, 4.026, 4.268, 3.283, 2.94, 4.521, 4.62, 4.178, 4.613, 8.292, 10.492, 11.232, 13.943, 18.624, 20.649, 19.93, 20.651, 23.323, 23.798, 23.53, 24.975, 25.34, 24.59, 23.191, 22.992, 26.032, 26.077, 24.67, 23.51, 23.004, 20.411, 21.281, 23.1, 21.867, 19.884, 24.075], [12.896, 12.288, 12.875, 12.001, 15.086, 15.185, 11.417, 10.205, 8.776, 9.669, 8.219, 4.179, 3.565, 5.0, 4.779, 4.802, 6.548, 7.745, 8.946, 10.199, 10.254, 8.623, 8.067, 8.879, 9.07, 5.789, 3.236, 4.564, 6.865, 6.533, 5.537, 6.655, 7.324, 9.766, 10.643, 11.829, 13.062, 14.0, 14.7, 11.304, 8.226, 8.163, 5.388, 3.733, 5.423, 4.647, 4.12, 4.275, 2.919, 2.072, 1.553, 1.439, 0.0, 1.265, 1.706, 1.965, 2.916, 4.609, 3.931, 4.795, 3.502, 1.573, 1.979, 2.916, 4.128, 4.647, 3.843, 3.152, 5.033, 5.004, 4.282, 4.904, 9.092, 11.231, 11.978, 14.654, 19.306, 21.309, 20.627, 21.344, 23.972, 24.46, 24.203, 25.675, 25.988, 25.321, 23.862, 23.649, 26.725, 26.732, 25.351, 24.16, 23.69, 21.082, 21.927, 23.737, 22.527, 20.588, 24.718], [12.535, 11.986, 12.661, 12.069, 14.677, 14.819, 11.083, 9.8, 8.327, 9.266, 7.811, 4.149, 3.339, 4.643, 4.459, 4.458, 6.194, 7.333, 8.466, 9.813, 9.782, 8.24, 7.82, 8.579, 8.751, 5.728, 2.917, 4.535, 6.479, 6.11, 5.205, 6.445, 6.923, 9.351, 10.224, 11.396, 12.669, 13.621, 14.279, 11.375, 8.208, 8.299, 5.323, 3.908, 5.833, 5.028, 4.537, 4.636, 3.043, 2.315, 1.795, 2.041, 1.265, 0.0, 1.028, 1.577, 3.016, 4.984, 4.339, 5.097, 3.763, 1.609, 2.383, 2.885, 3.828, 4.405, 3.596, 2.914, 4.675, 4.745, 3.714, 4.533, 8.909, 11.004, 11.694, 14.31, 18.896, 20.854, 20.263, 20.948, 23.564, 24.054, 23.796, 25.256, 25.526, 24.999, 23.489, 23.301, 26.286, 26.269, 24.944, 23.734, 23.287, 20.648, 21.472, 23.334, 22.061, 20.228, 24.23], [11.776, 11.284, 11.967, 11.473, 13.997, 14.227, 10.45, 9.213, 7.817, 8.672, 7.143, 4.144, 3.208, 4.186, 4.016, 3.976, 5.633, 6.844, 7.93, 9.178, 9.127, 7.747, 7.281, 7.939, 8.086, 5.046, 2.39, 3.99, 5.797, 5.428, 4.622, 5.799, 6.398, 8.777, 9.558, 10.766, 12.108, 12.981, 13.641, 10.694, 7.619, 7.637, 4.627, 4.374, 6.387, 5.548, 5.145, 5.3, 3.628, 2.719, 1.717, 2.053, 1.706, 1.028, 0.0, 1.434, 3.505, 5.533, 4.867, 5.575, 4.283, 1.864, 2.66, 2.921, 3.375, 3.877, 3.065, 2.303, 4.025, 4.142, 3.156, 3.986, 8.176, 10.275, 11.042, 13.676, 18.381, 20.23, 19.589, 20.274, 22.848, 23.393, 23.144, 24.598, 24.947, 24.321, 22.81, 22.684, 25.595, 25.609, 24.27, 23.005, 22.648, 20.026, 20.811, 22.683, 21.521, 19.593, 23.513], [12.569, 11.965, 12.568, 11.703, 14.655, 15.043, 11.328, 10.29, 8.849, 9.719, 8.173, 4.634, 3.839, 5.146, 4.899, 4.766, 6.475, 7.816, 9.017, 10.222, 10.158, 8.639, 8.035, 8.681, 8.677, 5.302, 2.758, 4.096, 6.484, 6.254, 5.409, 6.306, 7.202, 9.814, 10.601, 11.767, 13.126, 13.962, 14.443, 10.684, 7.646, 7.627,