[[0.0, 1.414, 2.231, 1.976, 1.562, 1.7, 1.8, 3.009, 3.106, 2.801, 3.334, 3.968, 3.728, 2.582, 3.1, 3.898, 4.812, 5.009, 4.096, 2.899, 1.736, 1.529, 1.831, 3.429, 3.915, 3.574, 3.548, 3.966, 4.055, 3.409, 2.814, 2.136, 2.146, 2.184, 3.042, 4.46, 4.709, 3.675, 2.428, 3.764, 4.108, 2.819, 2.084, 2.549, 1.925, 2.104, 1.754, 1.451, 1.473, 1.859, 2.959, 3.931, 3.091, 3.924, 4.083, 3.474, 4.263, 4.595, 4.316, 3.309, 3.637, 3.746, 3.233, 3.232, 3.712, 4.414, 4.25, 4.011, 4.291, 4.238, 3.966, 5.332, 5.11, 6.205, 8.061, 8.763, 9.22, 9.848, 10.274, 9.448, 8.137, 7.533, 8.167, 7.87, 6.595, 6.293, 6.899, 7.069, 6.053, 3.171, 2.385, 2.321, 2.605, 3.094, 3.901, 5.426, 6.569, 7.584, 9.317, 11.508, 12.141, 9.404, 8.511, 8.829, 9.04, 10.408, 12.451, 10.781, 9.04, 8.876, 9.755, 12.444, 14.18, 14.092, 14.031, 13.866, 12.994, 12.541, 11.403, 11.144, 13.542, 15.891, 18.095, 17.369, 16.415, 16.892, 15.144, 14.063, 14.552, 14.461, 13.605, 13.343, 13.189, 13.033, 12.515, 12.775, 12.311, 10.729, 9.912, 9.326, 8.851, 8.428, 7.758, 5.6, 3.815, 3.997], [1.414, 0.0, 1.442, 1.518, 1.972, 1.965, 1.877, 2.515, 2.802, 3.068, 3.708, 4.312, 4.173, 3.042, 3.212, 4.074, 5.202, 5.367, 4.566, 3.247, 1.486, 2.024, 2.555, 4.008, 4.597, 4.179, 4.345, 4.574, 4.582, 3.84, 2.755, 1.908, 1.809, 1.853, 2.805, 3.919, 4.154, 3.021, 1.988, 3.044, 3.485, 2.3, 1.893, 2.539, 1.993, 2.259, 1.957, 1.437, 1.404, 2.067, 2.923, 3.741, 3.294, 4.069, 4.199, 3.25, 3.857, 4.049, 3.654, 3.047, 3.003, 3.067, 2.831, 3.007, 4.123, 4.788, 4.626, 4.317, 4.483, 4.364, 4.121, 5.341, 5.026, 6.687, 8.603, 9.347, 9.794, 10.392, 10.851, 9.994, 8.643, 8.007, 8.649, 8.4, 7.028, 6.765, 7.502, 7.716, 6.579, 3.617, 2.666, 1.739, 2.13, 2.562, 3.63, 4.817, 5.948, 7.003, 8.74, 10.896, 11.597, 8.84, 7.925, 8.247, 8.419, 9.864, 11.908, 10.181, 8.485, 8.333, 9.203, 11.883, 13.636, 13.491, 13.418, 13.268, 12.437, 11.983, 10.812, 10.551, 12.864, 15.298, 17.487, 16.741, 15.794, 16.271, 14.6, 13.52, 14.001, 13.879, 13.013, 12.736, 12.596, 12.411, 11.898, 12.145, 11.737, 10.116, 9.316, 8.72, 8.278, 7.852, 7.067, 5.02, 3.825, 3.998], [2.231, 1.442, 0.0, 1.196, 2.309, 2.793, 2.528, 2.755, 3.627, 4.268, 4.915, 5.537, 5.366, 4.022, 3.788, 5.298, 6.471, 6.618, 5.776, 4.419, 2.338, 2.453, 3.395, 5.02, 5.506, 5.11, 5.251, 5.636, 5.457, 4.596, 3.511, 2.641, 2.236, 1.996, 2.492, 3.249, 3.584, 3.2, 2.611, 2.75, 2.729, 2.128, 1.969, 2.37, 2.291, 3.489, 3.13, 2.336, 2.424, 2.74, 2.669, 3.262, 3.147, 4.406, 4.225, 3.26, 3.293, 3.38, 3.018, 2.942, 3.153, 3.238, 3.573, 3.966, 5.401, 6.048, 5.876, 5.5, 5.257, 4.26, 4.446, 5.875, 5.931, 7.888, 9.672, 10.49, 10.928, 11.59, 11.917, 11.079, 9.861, 9.189, 9.783, 9.523, 8.205, 7.962, 8.555, 8.644, 7.766, 4.796, 3.855, 2.809, 2.454, 2.813, 3.465, 4.26, 5.021, 6.049, 7.782, 9.939, 10.643, 7.856, 6.915, 7.286, 7.49, 8.907, 10.952, 9.235, 7.531, 7.378, 8.249, 10.929, 12.682, 12.475, 12.407, 12.251, 11.483, 11.029, 9.841, 9.555, 11.939, 14.349, 16.553, 15.803, 14.847, 15.345, 13.646, 12.565, 13.041, 12.916, 12.061, 11.798, 11.639, 11.48, 10.972, 11.15, 10.7, 9.046, 8.184, 7.529, 7.137, 6.872, 6.139, 4.297, 3.608, 3.706], [1.976, 1.518, 1.196, 0.0, 1.582, 2.152, 1.789, 2.338, 2.995, 3.669, 4.368, 4.912, 4.803, 3.324, 3.178, 4.702, 5.844, 5.911, 5.087, 3.921, 2.41, 2.299, 3.046, 4.423, 4.905, 4.711, 4.673, 5.102, 5.208, 4.508, 3.437, 2.675, 2.363, 2.22, 2.781, 3.719, 3.993, 3.594, 2.828, 3.083, 3.208, 2.425, 2.211, 2.39, 1.95, 2.778, 2.426, 1.963, 2.088, 2.237, 2.448, 2.863, 2.65, 3.78, 3.822, 2.674, 3.024, 3.48, 3.238, 3.159, 3.492, 3.553, 3.817, 3.652, 4.651, 5.319, 5.168, 4.862, 4.568, 3.957, 4.12, 5.519, 5.521, 7.332, 9.088, 9.845, 10.283, 10.94, 11.278, 10.405, 9.157, 8.499, 9.227, 9.023, 7.644, 7.371, 7.983, 8.066, 7.14, 4.082, 3.252, 2.72, 2.604, 3.23, 3.781, 4.556, 5.638, 6.728, 8.45, 10.639, 11.328, 8.569, 7.66, 7.911, 8.109, 9.536, 11.59, 9.851, 8.186, 8.055, 8.91, 11.579, 13.35, 13.215, 13.147, 12.99, 12.137, 11.716, 10.555, 10.186, 12.552, 14.997, 17.193, 16.438, 15.484, 15.961, 14.321, 13.241, 13.665, 13.543, 12.691, 12.423, 12.26, 12.101, 11.619, 11.821, 11.436, 9.764, 8.828, 8.186, 7.798, 7.561, 6.818, 4.804, 3.835, 3.958], [1.562, 1.972, 2.309, 1.582, 0.0, 1.061, 1.199, 2.345, 2.649, 2.701, 3.247, 3.842, 3.555, 2.321, 2.681, 3.701, 4.652, 4.852, 4.046, 3.41, 2.516, 2.044, 2.317, 3.472, 4.147, 3.952, 3.981, 4.331, 4.534, 4.068, 3.46, 2.883, 2.617, 2.492, 3.32, 4.709, 4.961, 4.232, 3.279, 3.981, 4.383, 3.189, 2.323, 2.821, 2.049, 2.068, 1.776, 2.137, 2.383, 2.339, 2.85, 3.341, 2.381, 3.274, 3.482, 2.51, 3.427, 4.692, 4.405, 3.637, 4.121, 4.215, 4.243, 3.931, 3.82, 4.497, 4.219, 4.019, 3.915, 3.589, 3.602, 5.073, 4.912, 6.202, 7.842, 8.654, 9.091, 9.74, 10.065, 9.218, 7.941, 7.276, 7.894, 7.737, 6.46, 6.138, 6.592, 6.702, 5.847, 2.863, 2.362, 2.851, 3.208, 3.657, 4.275, 5.707, 6.846, 7.865, 9.572, 11.754, 12.409, 9.66, 8.701, 9.111, 9.32, 10.68, 12.72, 11.062, 9.297, 9.144, 10.036, 12.718, 14.453, 14.265, 14.195, 14.042, 13.249, 12.795, 11.615, 11.374, 13.764, 16.172, 18.377, 17.643, 16.687, 17.169, 15.412, 14.332, 14.833, 14.742, 13.887, 13.624, 13.47, 13.312, 12.796, 12.93, 12.486, 10.869, 9.998, 9.383, 8.919, 8.638, 7.968, 5.832, 4.058, 4.218], [1.7, 1.965, 2.793, 2.152, 1.061, 0.0, 1.01, 2.232, 2.22, 2.048, 2.576, 3.264, 2.945, 1.697, 2.335, 3.101, 4.001, 4.151, 3.464, 3.283, 2.565, 2.222, 2.418, 3.53, 4.283, 4.089, 4.091, 4.39, 4.632, 4.183, 3.627, 2.938, 2.864, 2.856, 3.844, 5.164, 5.39, 4.439, 3.204, 4.378, 4.852, 3.516, 2.891, 3.403, 2.612, 1.864, 1.463, 2.108, 2.252, 2.359, 3.163, 3.757, 2.499, 2.855, 3.042, 2.383, 3.751, 5.177, 4.851, 4.168, 4.36, 4.485, 4.122, 3.999, 3.621, 3.828, 3.521, 3.262, 3.397, 3.274, 3.302, 4.462, 4.212, 5.53, 7.398, 8.178, 8.631, 9.314, 9.637, 8.772, 7.533, 6.891, 7.493, 7.209, 5.894, 5.579, 6.099, 6.248, 5.359, 2.411, 1.999, 2.735, 3.383, 3.854, 4.715, 6.171, 7.304, 8.333, 10.04, 12.221, 12.86, 10.128, 9.143, 9.575, 9.779, 11.147, 13.184, 11.524, 9.742, 9.585, 10.504, 13.186, 14.92, 14.716, 14.652, 14.49, 13.694, 13.236, 12.089, 11.841, 14.235, 16.64, 18.837, 18.102, 17.146, 17.627, 15.852, 14.772, 15.301, 15.206, 14.349, 14.085, 13.933, 13.771, 13.261, 13.398, 12.92, 11.338, 10.493, 9.911, 9.434, 9.078, 8.452, 6.272, 4.685, 4.886], [1.8, 1.877, 2.528, 1.789, 1.199, 1.01, 0.0, 1.692, 2.069, 2.105, 2.821, 3.376, 3.232, 1.841, 2.035, 3.187, 4.318, 4.321, 3.504, 3.421, 2.682, 2.373, 2.855, 3.896, 4.676, 4.442, 4.454, 4.684, 5.017, 4.563, 3.955, 3.241, 3.046, 2.902, 3.631, 4.729, 4.921, 4.034, 3.024, 3.77, 4.2, 3.081, 2.742, 3.218, 2.256, 1.813, 1.472, 1.835, 2.048, 1.982, 2.506, 3.128, 2.158, 2.562, 2.752, 2.033, 3.212, 4.565, 4.223, 3.854, 3.952, 4.067, 4.118, 3.92, 3.533, 3.946, 3.669, 3.328, 3.158, 3.065, 3.079, 4.327, 4.177, 5.906, 7.907, 8.527, 8.945, 9.547, 10.093, 9.14, 7.848, 7.237, 7.884, 7.6, 6.168, 5.883, 6.689, 6.918, 5.759, 2.833, 2.239, 2.549, 3.04, 3.751, 4.51, 5.637, 6.7, 7.781, 9.533, 11.761, 12.4, 9.702, 8.806, 8.977, 9.192, 10.548, 12.607, 10.926, 9.299, 9.101, 9.965, 12.655, 14.405, 14.37, 14.313, 14.137, 13.243, 12.812, 11.677, 11.329, 13.698, 16.056, 18.252, 17.51, 16.566, 17.01, 15.37, 14.31, 14.673, 14.589, 13.76, 13.511, 13.318, 13.157, 12.691, 13.016, 12.625, 11.011, 10.228, 9.619, 9.167, 8.702, 7.977, 5.849, 4.748, 5.05], [3.009, 2.515, 2.755, 2.338, 2.345, 2.232, 1.692, 0.0, 1.806, 2.706, 3.859, 4.035, 3.9, 2.207, 2.027, 4.118, 5.102, 4.839, 4.399, 4.55, 3.437, 3.437, 4.184, 5.221, 5.994, 5.727, 5.681, 5.957, 6.29, 5.672, 4.717, 3.998, 3.718, 3.474, 3.649, 4.187, 4.469, 3.519, 2.918, 2.976, 3.224, 2.802, 3.193, 3.366, 2.392, 2.467, 2.419, 2.204, 2.487, 2.266, 1.894, 2.469, 1.872, 2.605, 2.571, 1.778, 2.306, 3.283, 3.291, 3.703, 3.648, 3.815, 4.182, 3.842, 4.044, 4.526, 4.087, 3.437, 3.19, 2.712, 2.679, 3.951, 4.274, 7.04, 9.221, 9.721, 10.114, 10.727, 11.401, 10.445, 8.988, 8.491, 9.126, 8.761, 7.126, 6.963, 8.028, 8.277, 6.867, 4.11, 3.296, 2.889, 2.888, 3.833, 4.596, 5.292, 5.794, 6.831, 8.779, 11.026, 11.423, 9.085, 8.406, 8.042, 8.093, 9.417, 11.483, 9.934, 8.684, 8.162, 8.97, 11.818, 13.492, 13.628, 13.619, 13.373, 12.433, 12.007, 10.915, 10.843, 12.961, 15.153, 17.147, 16.336, 15.416, 15.85, 14.362, 13.27, 13.498, 13.536, 12.797, 12.51, 12.303, 12.0, 11.653, 12.365, 12.049, 10.31, 9.806, 9.235, 8.834, 8.155, 7.175, 5.282, 5.359, 5.705], [3.106, 2.802, 3.627, 2.995, 2.649, 2.22, 2.069, 1.806, 0.0, 2.274, 3.536, 3.731, 3.431, 1.795, 2.038, 3.818, 4.684, 4.472, 4.156, 4.391, 3.279, 3.757, 4.049, 5.028, 5.827, 5.557, 5.558, 5.811, 6.118, 5.617, 4.6, 3.803, 3.694, 3.714, 4.038, 4.697, 4.555, 3.46, 2.668, 3.046, 3.405, 3.268, 3.483, 3.571, 2.533, 2.24, 2.287, 2.408, 2.578, 2.615, 2.476, 2.811, 2.591, 2.594, 2.44, 1.805, 2.353, 3.507, 3.5, 3.917, 3.961, 4.073, 4.029, 3.608, 3.903, 4.039, 3.303, 2.377, 2.59, 2.893, 2.567, 3.639, 4.103, 6.737, 8.955, 9.502, 9.903, 10.486, 11.126, 10.17, 8.705, 8.208, 8.844, 8.443, 6.775, 6.651, 7.717, 7.966, 6.556, 3.834, 3.193, 2.847, 3.136, 4.118, 4.864, 5.772, 6.526, 7.747, 9.516, 11.72, 11.721, 10.122, 9.385, 8.714, 8.48, 9.629, 11.692, 10.338, 9.704, 8.997, 9.69, 12.232, 13.813, 14.243, 14.29, 13.87, 12.88, 12.549, 11.709, 11.886, 13.927, 15.682, 17.404, 16.654, 15.72, 16.1, 14.614, 13.513, 13.681, 13.828, 13.155, 12.938, 12.831, 12.383, 12.233, 13.068, 12.855, 10.974, 10.821, 10.392, 10.04, 9.015, 7.662, 6.312, 5.658, 6.003], [2.801, 3.068, 4.268, 3.669, 2.701, 2.048, 2.105, 2.706, 2.274, 0.0, 1.494, 1.984, 1.588, 1.726, 2.722, 2.615, 2.947, 2.622, 2.558, 2.92, 3.221, 3.581, 3.181, 3.556, 4.315, 4.108, 4.092, 4.344, 4.677, 4.303, 3.769, 3.355, 4.082, 4.274, 4.735, 6.181, 6.305, 4.862, 3.71, 4.929, 5.377, 4.456, 4.003, 4.107, 3.114, 1.355, 1.692, 2.398, 2.582, 2.671, 3.632, 4.328, 3.004, 2.943, 3.12, 2.691, 4.287, 5.646, 5.386, 4.752, 5.004, 5.189, 3.824, 3.122, 2.653, 2.795, 2.381, 2.379, 3.367, 3.865, 3.298, 3.813, 3.484, 4.49, 6.73, 7.342, 7.738, 8.326, 8.9, 7.988, 6.534, 6.013, 6.623, 6.201, 4.62, 4.533, 5.561, 5.713, 4.373, 2.589, 2.097, 2.963, 4.164, 4.735, 5.682, 7.127, 8.216, 9.175, 11.124, 13.406, 13.667, 11.434, 10.445, 10.428, 10.458, 11.702, 13.758, 12.308, 11.023, 10.424, 11.326, 14.131, 15.76, 15.978, 15.971, 15.694, 14.745, 14.343, 13.27, 13.188, 15.401, 17.539, 19.454, 18.747, 17.812, 18.209, 16.598, 15.517, 15.852, 15.871, 15.118, 14.862, 14.703, 14.395, 13.942, 14.705, 14.389, 12.66, 12.096, 11.5, 11.051, 10.474, 9.55, 7.573, 6.114, 6.022], [3.334, 3.708, 4.915, 4.368, 3.247, 2.576, 2.821, 3.859, 3.536, 1.494, 0.0, 1.221, 1.335, 2.455, 3.291, 2.228, 2.506, 2.251, 2.286, 3.112, 3.88, 4.262, 3.454, 3.77, 4.404, 4.292, 4.232, 4.627, 4.982, 4.698, 4.257, 3.9, 4.736, 4.97, 5.614, 7.122, 7.266, 6.021, 4.768, 6.159, 6.622, 5.351, 4.713, 5.149, 4.297, 2.362, 2.329, 3.324, 3.37, 3.476, 4.749, 5.547, 3.666, 3.126, 3.427, 3.586, 5.507, 6.914, 6.64, 5.867, 6.09, 6.177, 4.823, 4.107, 3.147, 2.887, 2.682, 2.688, 3.514, 4.41, 3.863, 3.739, 2.946, 3.367, 5.487, 6.131, 6.529, 7.149, 7.696, 6.839, 5.41, 4.876, 5.467, 4.972, 3.594, 3.474, 4.364, 4.569, 3.487, 2.278, 2.334, 3.781, 5.181, 5.619, 6.589, 8.101, 9.221, 10.174, 12.019, 14.28, 14.757, 12.232, 11.274, 11.456, 11.631, 12.962, 15.002, 13.379, 11.813, 11.47, 12.36, 15.119, 16.788, 16.845, 16.806, 16.601, 15.688, 15.233, 14.158, 13.987, 16.28, 18.516, 20.671, 19.94, 19.001, 19.45, 17.721, 16.656, 17.113, 17.057, 16.224, 15.962, 15.779, 15.593, 15.099, 15.53, 15.149, 13.505, 12.833, 12.276, 11.79, 11.223, 10.482, 8.328, 6.793, 6.813], [3.968, 4.312, 5.537, 4.912, 3.842, 3.264, 3.376, 4.035, 3.731, 1.984, 1.221, 0.0, 1.411, 2.657, 3.348, 2.449, 2.687, 2.109, 2.501, 3.691, 4.32, 4.895, 3.787, 4.344, 4.834, 4.863, 4.692, 5.222, 5.584, 5.347, 4.965, 4.741, 5.251, 5.553, 6.001, 7.594, 7.743, 6.276, 5.142, 6.349, 6.783, 5.85, 5.112, 5.39, 4.482, 2.655, 2.711, 3.594, 3.74, 3.551, 4.973, 5.768, 3.824, 3.049, 3.414, 3.807, 5.75, 7.024, 6.726, 6.042, 6.254, 6.464, 5.232, 4.29, 3.266, 2.958, 2.828, 2.452, 3.414, 4.725, 3.867, 3.411, 2.376, 3.39, 5.255, 5.812, 6.206, 6.793, 7.452, 6.523, 5.101, 4.585, 5.26, 4.855, 3.269, 3.139, 4.229, 4.535, 3.575, 2.351, 2.563, 4.233, 5.598, 6.15, 7.07, 8.427, 9.459, 10.561, 12.513, 14.766, 15.18, 12.787, 11.826, 11.775, 11.861, 13.223, 15.285, 13.674, 12.387, 11.906, 12.756, 15.552, 17.215, 17.378, 17.358, 17.112, 16.166, 15.742, 14.666, 14.536, 16.609, 18.904, 20.943, 20.127, 19.183, 19.602, 18.127, 17.056, 17.326, 17.302, 16.536, 16.253, 16.051, 15.799, 15.393, 16.083, 15.754, 14.047, 13.498, 12.917, 12.46, 11.84, 10.835, 8.935, 7.374, 7.327], [3.728, 4.173, 5.366, 4.803, 3.555, 2.945, 3.232, 3.9, 3.431, 1.588, 1.335, 1.411, 0.0, 2.223, 3.03, 2.076, 2.057, 1.969, 2.318, 3.232, 4.122, 4.588, 3.587, 3.911, 4.39, 4.412, 4.24, 4.792, 5.127, 4.896, 4.58, 4.281, 4.965, 5.236, 5.551, 7.04, 7.211, 5.888, 4.759, 6.024, 6.458, 5.448, 4.831, 4.875, 4.213, 2.37, 2.676, 3.621, 3.705, 3.584, 4.639, 5.4, 3.402, 2.64, 3.045, 3.513, 5.377, 6.759, 6.509, 6.027, 6.136, 6.287, 5.021, 4.093, 3.029, 2.5, 2.329, 2.476, 3.095, 4.142, 3.391, 3.453, 2.721, 3.568, 5.641, 6.296, 6.73, 7.324, 7.827, 6.959, 5.463, 4.942, 5.496, 5.085, 3.438, 3.565, 4.494, 4.595, 3.382, 2.211, 2.491, 4.094, 5.152, 5.71, 6.572, 8.115, 9.195, 10.127, 12.117, 14.318, 14.583, 12.417, 11.447, 11.396, 11.449, 12.815, 14.86, 13.265, 12.042, 11.354, 12.285, 15.05, 16.702, 16.873, 16.861, 16.566, 15.659, 15.245, 14.162, 14.27, 16.42, 18.484, 20.496, 19.746, 18.79, 19.289, 17.569, 16.482, 16.948, 16.889, 16.086, 15.828, 15.671, 15.445, 15.047, 15.685, 15.358, 13.573, 13.124, 12.552, 12.096, 11.467, 10.417, 8.548, 7.122, 6.738], [2.582, 3.042, 4.022, 3.324, 2.321, 1.697, 1.841, 2.207, 1.795, 1.726, 2.455, 2.657, 2.223, 0.0, 1.635, 2.797, 3.405, 3.364, 3.078, 3.739, 3.532, 3.403, 3.289, 4.329, 4.999, 4.958, 4.8, 5.244, 5.583, 5.285, 4.726, 4.031, 4.097, 3.992, 4.268, 5.366, 5.412, 4.198, 3.134, 4.11, 4.495, 3.756, 3.711, 3.674, 2.703, 1.978, 1.792, 2.423, 2.724, 2.243, 2.688, 3.424, 1.971, 1.805, 1.832, 1.787, 3.323, 4.7, 4.447, 4.479, 4.566, 4.67, 4.485, 4.067, 3.415, 3.01, 2.533, 1.961, 2.164, 2.547, 2.368, 3.363, 3.242, 5.492, 7.69, 8.32, 8.726, 9.329, 9.86, 8.968, 7.43, 6.935, 7.554, 7.198, 5.547, 5.408, 6.48, 6.697, 5.276, 2.813, 2.268, 3.153, 3.51, 4.42, 5.088, 6.245, 7.284, 8.321, 10.246, 12.479, 12.672, 10.643, 9.76, 9.496, 9.404, 10.744, 12.788, 11.325, 10.238, 9.561, 10.412, 13.196, 14.776, 15.076, 15.069, 14.78, 13.804, 13.437, 12.384, 12.471, 14.566, 16.602, 18.371, 17.659, 16.716, 17.163, 15.558, 14.458, 14.884, 14.882, 14.13, 13.848, 13.76, 13.424, 12.966, 13.831, 13.548, 11.767, 11.409, 10.877, 10.494, 9.661, 8.578, 6.796, 5.871, 6.018], [3.1, 3.212, 3.788, 3.178, 2.681, 2.335, 2.035, 2.027, 2.038, 2.722, 3.291, 3.348, 3.03, 1.635, 0.0, 3.125, 4.139, 4.126, 3.54, 4.283, 4.107, 3.857, 3.878, 4.958, 5.588, 5.574, 5.399, 5.817, 6.216, 5.912, 5.355, 4.632, 4.488, 4.363, 4.573, 4.962, 4.985, 4.098, 3.421, 3.576, 3.782, 3.604, 4.152, 4.177, 3.076, 2.491, 2.122, 2.655, 3.12, 2.366, 2.107, 3.027, 1.754, 1.716, 1.738, 1.949, 2.814, 4.065, 4.269, 5.013, 4.732, 4.81, 5.081, 4.69, 3.961, 3.487, 3.219, 2.35, 1.784, 1.872, 1.519, 2.843, 3.263, 6.158, 8.404, 9.009, 9.398, 9.977, 10.58, 9.657, 8.155, 7.654, 8.302, 7.861, 6.231, 6.047, 7.139, 7.37, 5.937, 3.125, 2.722, 3.226, 3.575, 4.715, 5.485, 6.146, 6.682, 7.783, 9.486, 11.732, 11.98, 10.089, 9.484, 8.88, 8.793, 10.062, 12.077, 10.576, 9.674, 9.144, 9.755, 12.407, 14.057, 14.258, 14.267, 13.952, 13.006, 12.607, 11.656, 11.853, 13.926, 15.811, 17.804, 17.082, 16.144, 16.524, 14.921, 13.845, 14.175, 14.185, 13.422, 13.15, 12.967, 12.713, 12.364, 13.039, 12.798, 10.964, 10.73, 10.411, 10.091, 8.957, 7.826, 6.394, 6.385, 6.721], [3.898, 4.074, 5.298, 4.702, 3.701, 3.101, 3.187, 4.118, 3.818, 2.615, 2.228, 2.449, 2.076, 2.797, 3.125, 0.0, 1.469, 1.928, 1.749, 2.991, 4.402, 4.747, 3.906, 3.928, 4.191, 4.344, 4.269, 4.725, 5.059, 4.862, 4.597, 4.57, 5.151, 5.333, 5.96, 7.136, 7.363, 6.101, 4.972, 6.243, 6.706, 5.461, 5.185, 5.599, 4.748, 2.949, 2.852, 3.669, 3.625, 3.442, 4.893, 5.659, 3.773, 2.818, 3.4, 3.862, 5.611, 6.996, 6.74, 6.33, 6.221, 6.244, 5.513, 4.511, 2.946, 2.004, 2.363, 2.548, 3.292, 4.41, 3.566, 3.596, 2.772, 3.366, 5.393, 6.076, 6.521, 7.116, 7.58, 6.727, 5.169, 4.659, 5.242, 4.912, 3.368, 3.376, 4.156, 4.487, 2.982, 1.49, 2.426, 3.77, 5.253, 5.737, 6.863, 8.045, 9.192, 10.198, 12.017, 14.209, 14.789, 12.204, 11.288, 11.44, 11.651, 13.056, 15.1, 13.392, 11.861, 11.525, 12.403, 15.09, 16.828, 16.821, 16.799, 16.564, 15.665, 15.216, 14.114, 14.05, 16.217, 18.515, 20.706, 19.976, 19.021, 19.503, 17.792, 16.712, 17.193, 17.071, 16.216, 15.953, 15.799, 15.643, 15.125, 15.54, 15.177, 13.488, 12.932, 12.373, 11.951, 11.26, 10.397, 8.376, 7.298, 7.469], [4.812, 5.202, 6.471, 5.844, 4.652, 4.001, 4.318, 5.102, 4.684, 2.947, 2.506, 2.687, 2.057, 3.405, 4.139, 1.469, 0.0, 1.303, 1.763, 2.707, 5.166, 5.62, 4.521, 3.645, 3.828, 4.037, 3.991, 4.4, 4.723, 4.586, 4.554, 5.174, 6.047, 6.259, 6.749, 8.196, 8.394, 7.136, 5.886, 7.262, 7.738, 6.501, 5.952, 6.086, 5.5, 3.599, 3.783, 4.678, 4.638, 4.382, 5.917, 6.694, 4.766, 3.501, 4.157, 4.709, 6.596, 8.017, 7.744, 7.27, 7.257, 7.309, 6.022, 4.405, 2.538, 1.868, 2.397, 3.239, 4.066, 5.361, 4.507, 4.379, 3.46, 2.545, 4.41, 5.099, 5.515, 6.116, 6.595, 5.742, 4.212, 3.677, 4.282, 3.949, 2.862, 3.263, 3.887, 3.843, 2.418, 1.975, 3.296, 4.943, 6.294, 6.777, 7.753, 9.117, 10.222, 11.226, 13.062, 15.254, 15.772, 13.282, 12.367, 12.452, 12.653, 14.04, 16.083, 14.394, 12.932, 12.536, 13.383, 16.129, 17.824, 17.87, 17.82, 17.63, 16.731, 16.264, 15.168, 15.135, 17.319, 19.55, 21.708, 20.981, 20.025, 20.505, 18.775, 17.695, 18.176, 18.073, 17.218, 16.955, 16.801, 16.645, 16.15, 16.57, 16.241, 14.518, 13.996, 13.456, 13.046, 12.334, 11.48, 9.485, 8.211, 7.728], [5.009, 5.367, 6.618, 5.911, 4.852, 4.151, 4.321, 4.839, 4.472, 2.622, 2.251, 2.109, 1.969, 3.364, 4.126, 1.928, 1.303, 0.0, 1.933, 2.96, 5.319, 5.743, 4.734, 3.805, 4.002, 4.114, 4.105, 4.429, 4.769, 4.564, 4.674, 5.34, 6.253, 6.45, 6.815, 8.364, 8.505, 7.045, 5.876, 7.081, 7.56, 6.644, 6.104, 6.158, 5.304, 3.448, 3.672, 4.471, 4.581, 4.307, 5.819, 6.539, 4.623, 3.412, 3.978, 4.597, 6.464, 7.763, 7.427, 6.906, 6.99, 7.227, 5.665, 4.072, 2.284, 1.634, 2.174, 3.086, 4.03, 5.483, 4.577, 4.16, 3.384, 2.74, 4.554, 5.112, 5.516, 6.108, 6.719, 5.789, 4.327, 3.794, 4.473, 4.141, 3.09, 3.597, 4.228, 4.33, 2.708, 2.573, 3.291, 4.861, 6.328, 6.871, 7.796, 9.146, 10.212, 11.29, 13.277, 15.53, 15.9, 13.576, 12.599, 12.516, 12.59, 13.941, 16.003, 14.384, 13.175, 12.628, 13.503, 16.267, 17.934, 18.129, 18.123, 17.845, 16.882, 16.495, 15.421, 15.325, 17.365, 19.651, 21.663, 20.851, 19.898, 20.319, 18.848, 17.776, 18.025, 18.029, 17.251, 16.967, 16.787, 16.524, 16.115, 16.864, 16.542, 14.812, 14.288, 13.703, 13.249, 12.629, 11.56, 9.721, 8.328, 7.945], [4.096, 4.566, 5.776, 5.087, 4.046, 3.464, 3.504, 4.399, 4.156, 2.558, 2.286, 2.501, 2.318, 3.078, 3.54, 1.749, 1.763, 1.933, 0.0, 2.352, 4.349, 4.825, 3.811, 3.448, 3.585, 3.759, 3.783, 3.913, 4.29, 4.139, 4.12, 4.395, 5.282, 5.521, 6.029, 7.598, 7.83, 6.435, 5.192, 6.519, 7.006, 5.91, 5.215, 5.477, 4.631, 2.735, 2.891, 3.819, 3.922, 3.69, 5.228, 5.905, 4.16, 3.759, 4.086, 4.418, 5.943, 7.359, 6.976, 6.233, 6.42, 6.527, 5.093, 3.859, 2.136, 1.47, 1.87, 2.761, 3.925, 4.973, 4.149, 4.423, 3.786, 3.102, 5.128, 5.749, 6.155, 6.766, 7.305, 6.413, 4.966, 4.446, 5.04, 4.7, 3.607, 3.698, 4.349, 4.515, 2.842, 1.838, 2.549, 4.198, 5.607, 6.089, 7.046, 8.506, 9.593, 10.559, 12.481, 14.736, 15.206, 12.755, 11.793, 11.853, 11.995, 13.31, 15.368, 13.755, 12.362, 11.925, 12.747, 15.56, 17.231, 17.344, 17.329, 17.098, 16.168, 15.725, 14.636, 14.524, 16.737, 18.893, 21.007, 20.298, 19.359, 19.773, 18.153, 17.079, 17.454, 17.403, 16.603, 16.335, 16.147, 15.936, 15.471, 16.063, 15.722, 14.017, 13.449, 12.858, 12.404, 11.803, 10.92, 8.896, 7.349, 7.179], [2.899, 3.247, 4.419, 3.921, 3.41, 3.283, 3.421, 4.55, 4.391, 2.92, 3.112, 3.691, 3.232, 3.739, 4.283, 2.991, 2.707, 2.96, 2.352, 0.0, 2.88, 3.214, 2.347, 1.927, 1.946, 1.892, 2.158, 2.195, 2.347, 2.198, 2.207, 2.808, 3.662, 3.933, 4.809, 6.323, 6.61, 5.37, 4.104, 5.532, 6.074, 4.728, 3.867, 4.145, 3.623, 2.606, 2.895, 2.894, 2.735, 2.793, 4.563, 5.399, 4.603, 5.106, 5.318, 5.087, 5.758, 6.457, 5.988, 5.185, 5.378, 5.44, 3.961, 2.572, 1.575, 2.375, 2.408, 3.956, 5.259, 5.575, 4.7, 5.569, 5.393, 4.439, 6.231, 6.978, 7.401, 8.003, 8.44, 7.552, 6.149, 5.486, 6.135, 5.821, 4.936, 5.264, 5.657, 5.594, 4.283, 2.742, 2.318, 2.931, 4.463, 4.806, 5.795, 7.303, 8.413, 9.467, 11.168, 13.385, 14.002, 11.322, 10.34, 10.696, 10.91, 12.26, 14.298, 12.645, 10.91, 10.716, 11.626, 14.318, 16.043, 15.906, 15.829, 15.683, 14.826, 14.387, 13.262, 13.063, 15.364, 17.749, 19.95, 19.221, 18.274, 18.736, 16.981, 15.905, 16.411, 16.315, 15.469, 15.216, 15.041, 14.88, 14.386, 14.521, 14.161, 12.505, 11.784, 11.234, 10.747, 10.263, 9.583, 7.444, 5.852, 5.313], [1.736, 1.486, 2.338, 2.41, 2.516, 2.565, 2.682, 3.437, 3.279, 3.221, 3.88, 4.32, 4.122, 3.532, 4.107, 4.402, 5.166, 5.319, 4.349, 2.88, 0.0, 1.628, 1.838, 3.566, 4.057, 3.621, 3.794, 4.09, 3.853, 2.969, 1.924, 1.032, 1.227, 1.435, 2.344, 3.841, 4.216, 2.921, 1.778, 3.413, 3.874, 2.621, 1.536, 2.062, 2.052, 2.19, 2.321, 1.813, 1.369, 2.37, 3.849, 4.439, 4.188, 4.986, 5.197, 4.238, 4.579, 4.615, 3.852, 2.604, 2.913, 2.94, 2.088, 2.387, 3.886, 4.769, 4.525, 4.615, 5.323, 5.25, 4.903, 6.191, 5.862, 6.851, 8.677, 9.398, 9.828, 10.423, 10.87, 10.014, 8.671, 8.028, 8.594, 8.385, 6.946, 6.712, 7.396, 7.614, 6.473, 3.578, 2.358, 1.645, 2.056, 2.325, 3.278, 4.787, 5.939, 6.948, 8.684, 10.863, 11.536, 8.769, 7.902, 8.2, 8.391, 9.794, 11.839, 10.136, 8.446, 8.274, 9.139, 11.839, 13.574, 13.472, 13.403, 13.249, 12.405, 11.944, 10.795, 10.493, 12.897, 15.251, 17.454, 16.704, 15.748, 16.247, 14.537, 13.457, 13.928, 13.811, 12.969, 12.699, 12.54, 12.373, 11.875, 12.154, 11.694, 10.101, 9.283, 8.682, 8.24, 7.802, 7.121, 4.989, 3.198, 3.227], [1.529, 2.024, 2.453, 2.299, 2.044, 2.222, 2.373, 3.437, 3.757, 3.581, 4.262, 4.895, 4.588, 3.403, 3.857, 4.747, 5.62, 5.743, 4.825, 3.214, 1.628, 0.0, 1.569, 3.711, 4.107, 3.806, 3.916, 4.23, 3.786, 3.092, 2.485, 1.827, 1.849, 1.614, 2.568, 4.196, 4.483, 3.682, 2.571, 3.913, 4.398, 2.975, 1.974, 2.404, 2.151, 2.742, 2.589, 1.976, 1.935, 2.206, 3.509, 4.337, 3.855, 4.624, 4.852, 4.022, 4.655, 4.931, 4.14, 3.02, 3.423, 3.475, 3.147, 3.672, 4.417, 5.197, 4.945, 4.964, 5.078, 4.877, 4.723, 6.246, 6.072, 7.183, 8.886, 9.667, 10.114, 10.777, 11.122, 10.226, 9.034, 8.351, 8.919, 8.656, 7.508, 7.178, 7.597, 7.623, 6.839, 3.835, 2.58, 2.227, 2.377, 2.662, 3.33, 4.883, 6.005, 7.043, 8.712, 10.89, 11.537, 8.825, 7.722, 8.245, 8.472, 9.844, 11.881, 10.194, 8.438, 8.242, 9.176, 11.857, 13.594, 13.278, 13.223, 13.148, 12.391, 11.91, 10.757, 10.54, 12.88, 15.305, 17.507, 16.772, 15.817, 16.298, 14.516, 13.435, 13.993, 13.887, 13.02, 12.788, 12.635, 12.478, 11.961, 12.044, 11.583, 9.879, 9.104, 8.612, 7.978, 7.784, 7.21, 5.071, 3.458, 3.634], [1.831, 2.555, 3.395, 3.046, 2.317, 2.418, 2.855, 4.184, 4.049, 3.181, 3.454, 3.787, 3.587, 3.289, 3.878, 3.906, 4.521, 4.734, 3.811, 2.347, 1.838, 1.569, 0.0, 2.627, 2.782, 2.762, 2.853, 3.192, 2.946, 2.61, 2.369, 2.08, 2.371, 2.597, 3.717, 5.38, 5.692, 4.57, 3.348, 4.861, 5.448, 4.03, 2.742, 3.276, 2.877, 2.429, 2.307, 2.294, 2.162, 2.468, 4.103, 5.007, 4.076, 4.714, 4.901, 4.593, 5.304, 5.855, 5.15, 4.041, 4.498, 4.518, 3.591, 3.479, 3.482, 4.223, 3.913, 4.093, 4.897, 5.05, 4.406, 5.618, 5.362, 6.166, 7.522, 8.341, 8.769, 9.492, 9.748, 8.876, 7.755, 7.062, 7.744, 7.558, 6.349, 6.015, 6.364, 6.304, 5.667, 2.88, 1.934, 2.368, 3.484, 3.731, 4.617, 6.223, 7.352, 8.381, 10.074, 12.256, 12.894, 10.173, 9.17, 9.611, 9.815, 11.182, 13.219, 11.56, 9.776, 9.596, 10.538, 13.22, 14.955, 14.73, 14.662, 14.524, 13.729, 13.265, 12.129, 11.874, 14.267, 16.671, 18.873, 18.138, 17.182, 17.663, 15.869, 14.788, 15.335, 15.242, 14.385, 14.12, 13.974, 13.816, 13.298, 13.385, 12.955, 11.34, 10.41, 9.851, 9.314, 9.116, 8.509, 6.372, 4.234, 4.18], [3.429, 4.008, 5.02, 4.423, 3.472, 3.53, 3.896, 5.221, 5.028, 3.556, 3.77, 4.344, 3.911, 4.329, 4.958, 3.928, 3.645, 3.805, 3.448, 1.927, 3.566, 3.711, 2.627, 0.0, 1.046, 0.897, 1.124, 1.371, 1.632, 1.935, 2.394, 3.4, 4.204, 4.627, 5.732, 7.329, 7.636, 6.371, 5.106, 6.545, 7.119, 5.767, 4.43, 5.003, 4.544, 3.04, 3.278, 3.72, 3.672, 3.851, 5.375, 6.245, 5.197, 5.745, 6.004, 5.607, 6.336, 7.361, 6.964, 5.921, 6.355, 6.423, 4.8, 3.009, 2.186, 3.435, 3.386, 4.73, 5.982, 6.213, 5.428, 6.425, 6.342, 5.329, 5.736, 6.178, 6.613, 7.288, 7.6, 6.756, 5.68, 5.491, 6.307, 6.112, 5.667, 6.046, 6.029, 5.804, 5.012, 3.561, 2.797, 3.881, 5.377, 5.694, 6.677, 8.198, 9.341, 10.356, 12.066, 14.256, 14.927, 12.175, 11.251, 11.601, 11.812, 13.195, 15.238, 13.553, 11.816, 11.663, 12.534, 15.213, 16.966, 16.814, 16.743, 16.59, 15.767, 15.314, 14.151, 13.864, 16.255, 18.663, 20.867, 20.141, 19.187, 19.664, 17.93, 16.85, 17.331, 17.232, 16.377, 16.115, 15.96, 15.804, 15.287, 15.446, 15.034, 13.403, 12.503, 11.867, 11.423, 11.165, 10.465, 8.365, 6.201, 5.495], [3.915, 4.597, 5.506, 4.905, 4.147, 4.283, 4.676, 5.994, 5.827, 4.315, 4.404, 4.834, 4.39, 4.999, 5.588, 4.191, 3.828, 4.002, 3.585, 1.946, 4.057, 4.107, 2.782, 1.046, 0.0, 0.973, 0.987, 1.169, 1.353, 1.766, 2.724, 3.825, 4.626, 5.062, 6.241, 7.823, 8.146, 6.891, 5.616, 7.07, 7.654, 6.279, 4.918, 5.483, 5.049, 3.875, 4.019, 4.269, 4.216, 4.344, 5.994, 6.83, 5.871, 6.387, 6.614, 6.437, 7.147, 7.909, 7.473, 6.445, 6.868, 6.944, 5.321, 3.527, 2.399, 3.601, 3.691, 5.188, 6.48, 6.888, 5.925, 6.804, 6.686, 5.441, 5.604, 5.901, 6.336, 7.1, 7.388, 6.538, 5.686, 5.444, 6.257, 6.045, 5.836, 6.261, 6.192, 5.843, 5.111, 3.793, 3.316, 4.377, 5.904, 6.177, 7.154, 8.688, 9.831, 10.846, 12.559, 14.735, 15.42, 12.641, 11.688, 12.092, 12.303, 13.687, 15.73, 14.043, 12.328, 12.155, 13.026, 15.706, 17.459, 17.248, 17.18, 17.026, 16.26, 15.806, 14.618, 14.355, 16.745, 19.153, 21.357, 20.632, 19.678, 20.154, 18.423, 17.342, 17.823, 17.723, 16.868, 16.605, 16.451, 16.295, 15.777, 15.927, 15.477, 13.805, 12.88, 12.241, 11.834, 11.679, 10.977, 8.872, 6.656, 5.885], [3.574, 4.179, 5.11, 4.711, 3.952, 4.089, 4.442, 5.727, 5.557, 4.108, 4.292, 4.863, 4.412, 4.958, 5.574, 4.344, 4.037, 4.114, 3.759, 1.892, 3.621, 3.806, 2.762, 0.897, 0.973, 0.0, 1.024, 1.143, 1.231, 1.705, 2.402, 3.447, 4.231, 4.659, 5.796, 7.36, 7.692, 6.473, 5.189, 6.626, 7.198, 5.818, 4.476, 5.027, 4.606, 3.59, 3.853, 3.857, 3.779, 3.959, 5.654, 6.572, 5.812, 6.418, 6.603, 6.186, 6.869, 7.46, 7.071, 6.02, 6.461, 6.516, 4.893, 3.129, 2.355, 3.752, 3.752, 5.246, 6.538, 6.784, 5.979, 6.885, 6.774, 5.648, 5.98, 6.161, 6.678, 7.261, 7.684, 6.833, 5.813, 5.737, 6.516, 6.19, 6.017, 6.447, 6.38, 6.222, 5.265, 3.962, 3.354, 3.954, 5.469, 5.737, 6.705, 8.28, 9.424, 10.439, 12.145, 14.327, 14.971, 12.233, 11.25, 11.684, 11.895, 13.253, 15.29, 13.636, 11.868, 11.707, 12.61, 15.291, 17.026, 16.819, 16.747, 16.605, 15.811, 15.358, 14.191, 13.947, 16.338, 18.745, 20.95, 20.224, 19.27, 19.747, 17.974, 16.894, 17.406, 17.315, 16.46, 16.197, 16.043, 15.887, 15.369, 15.515, 15.043, 13.425, 12.525, 11.915, 11.437, 11.22, 10.575, 8.413, 6.326, 5.568], [3.548, 4.345, 5.251, 4.673, 3.981, 4.091, 4.454, 5.681, 5.558, 4.092, 4.232, 4.692, 4.24, 4.8, 5.399, 4.269, 3.991, 4.105, 3.783, 2.158, 3.794, 3.916, 2.853, 1.124, 0.987, 1.024, 0.0, 1.169, 1.255, 1.741, 2.566, 3.641, 4.465, 4.907, 5.998, 7.572, 7.882, 6.618, 5.356, 6.77, 7.326, 5.985, 4.656, 5.217, 4.766, 3.694, 3.855, 3.945, 3.867, 3.958, 5.784, 6.587, 5.67, 6.193, 6.432, 6.2, 6.933, 7.594, 7.208, 6.17, 6.603, 6.67, 5.047, 3.165, 2.614, 3.771, 3.765, 5.055, 6.367, 6.727, 5.794, 6.766, 6.657, 5.643, 5.767, 5.986, 6.327, 7.226, 7.563, 6.658, 5.859, 5.68, 6.486, 6.235, 5.964, 6.429, 6.339, 6.13, 5.324, 3.928, 3.281, 4.238, 5.697, 6.003, 6.979, 8.488, 9.631, 10.651, 12.384, 14.541, 15.245, 12.458, 11.503, 11.895, 12.103, 13.512, 15.555, 13.844, 12.133, 11.98, 12.851, 15.531, 17.284, 17.066, 17.013, 16.855, 16.085, 15.631, 14.443, 14.157, 16.546, 18.953, 21.158, 20.432, 19.478, 19.954, 18.248, 17.167, 17.648, 17.526, 16.668, 16.405, 16.251, 16.095, 15.577, 15.768, 15.302, 13.679, 12.812, 12.186, 11.773, 11.474, 10.754, 8.668, 6.467, 5.757], [3.966, 4.574, 5.636, 5.102, 4.331, 4.39, 4.684, 5.957, 5.811, 4.344, 4.627, 5.222, 4.792, 5.244, 5.817, 4.725, 4.4, 4.429, 3.913, 2.195, 4.09, 4.23, 3.192, 1.371, 1.169, 1.143, 1.169, 0.0, 0.959, 1.606, 2.833, 3.944, 4.75, 5.225, 6.209, 7.864, 8.076, 6.883, 5.617, 7.072, 7.624, 6.22, 4.947, 5.46, 5.029, 3.887, 4.142, 4.277, 4.181, 4.375, 5.973, 6.851, 6.046, 6.695, 6.902, 6.5, 7.175, 7.927, 7.504, 6.462, 6.896, 6.964, 5.34, 3.505, 2.627, 3.844, 4.007, 5.597, 6.915, 7.033, 6.32, 7.297, 7.175, 5.732, 5.833, 5.728, 6.109, 6.872, 7.322, 6.351, 5.883, 5.741, 6.578, 6.24, 6.39, 6.717, 6.612, 6.333, 5.426, 4.286, 3.689, 4.483, 5.945, 6.276, 7.22, 8.824, 9.939, 10.954, 12.66, 14.884, 15.491, 12.8, 11.83, 12.199, 12.41, 13.768, 15.805, 14.151, 12.408, 12.18, 13.125, 15.819, 17.541, 17.396, 17.321, 17.197, 16.358, 15.884, 14.781, 14.467, 16.901, 19.261, 21.464, 20.734, 19.784, 20.255, 18.456, 17.383, 17.922, 17.83, 16.975, 16.715, 16.558, 16.399, 15.883, 16.051, 15.616, 14.0, 13.137, 12.585, 12.052, 11.696, 11.114, 8.888, 6.654, 6.094], [4.055, 4.582, 5.457, 5.208, 4.534, 4.632, 5.017, 6.29, 6.118, 4.677, 4.982, 5.584, 5.127, 5.583, 6.216, 5.059, 4.723, 4.769, 4.29, 2.347, 3.853, 3.786, 2.946, 1.632, 1.353, 1.231, 1.255, 0.959, 0.0, 1.254, 2.541, 3.631, 4.411, 4.768, 5.83, 7.494, 7.76, 6.609, 5.387, 6.954, 7.564, 6.151, 4.61, 5.156, 4.982, 4.211, 4.436, 4.416, 4.25, 4.576, 6.161, 7.109, 6.388, 7.088, 7.288, 6.778, 7.452, 7.968, 7.313, 6.133, 6.571, 6.632, 5.042, 3.637, 2.941, 4.19, 4.405, 5.969, 7.294, 7.371, 6.736, 7.645, 7.542, 6.044, 6.046, 6.127, 6.463, 7.348, 7.652, 6.755, 6.088, 5.916, 6.679, 6.389, 6.684, 7.087, 6.91, 6.545, 5.691, 4.611, 3.852, 4.152, 5.626, 5.93, 6.871, 8.461, 9.602, 10.627, 12.337, 14.52, 15.158, 12.426, 11.378, 11.872, 12.077, 13.446, 15.483, 13.821, 12.04, 11.858, 12.802, 15.484, 17.219, 16.944, 16.866, 16.771, 15.993, 15.529, 14.381, 14.14, 16.531, 18.932, 21.134, 20.399, 19.443, 19.925, 18.134, 17.052, 17.599, 17.503, 16.646, 16.382, 16.23, 16.068, 15.552, 15.668, 15.172, 13.542, 12.656, 12.115, 11.563, 11.341, 10.729, 8.546, 6.293, 5.659], [3.409, 3.84, 4.596, 4.508, 4.068, 4.183, 4.563, 5.672, 5.617, 4.303, 4.698, 5.347, 4.896, 5.285, 5.912, 4.862, 4.586, 4.564, 4.139, 2.198, 2.969, 3.092, 2.61, 1.935, 1.766, 1.705, 1.741, 1.606, 1.254, 0.0, 1.681, 2.709, 3.512, 3.983, 5.059, 6.68, 6.958, 5.774, 4.523, 6.11, 6.67, 5.284, 3.843, 4.315, 4.245, 3.711, 4.105, 3.749, 3.436, 3.91, 5.74, 6.609, 6.091, 6.808, 7.011, 6.317, 6.952, 7.184, 6.511, 5.349, 5.784, 5.851, 4.236, 2.871, 2.753, 4.078, 4.185, 5.726, 7.047, 7.07, 6.454, 7.422, 7.312, 5.951, 6.299, 7.009, 7.383, 8.241, 8.49, 7.635, 6.526, 6.074, 6.788, 6.58, 6.5, 6.912, 6.724, 6.41, 5.595, 4.434, 3.577, 3.695, 4.845, 5.152, 6.094, 7.681, 8.821, 9.846, 11.557, 13.735, 14.381, 11.643, 10.549, 11.091, 11.296, 12.667, 14.705, 13.041, 11.263, 11.081, 12.022, 14.703, 16.44, 16.109, 16.048, 15.972, 15.215, 14.752, 13.604, 13.363, 15.726, 18.152, 20.354, 19.619, 18.663, 19.144, 17.356, 16.275, 16.819, 16.723, 15.866, 15.601, 15.449, 15.288, 14.772, 14.867, 14.38, 12.695, 11.826, 11.316, 10.782, 10.564, 9.951, 7.768, 5.521, 4.856], [2.814, 2.755, 3.511, 3.437, 3.46, 3.627, 3.955, 4.717, 4.6, 3.769, 4.257, 4.965, 4.58, 4.726, 5.355, 4.597, 4.554, 4.674, 4.12, 2.207, 1.924, 2.485, 2.369, 2.394, 2.724, 2.402, 2.566, 2.833, 2.541, 1.681, 0.0, 1.333, 2.129, 2.598, 3.695, 5.334, 5.603, 4.442, 3.2, 4.855, 5.305, 3.895, 2.81, 3.294, 3.344, 3.023, 3.461, 2.986, 2.557, 3.465, 5.135, 5.863, 5.499, 6.275, 6.491, 5.556, 5.909, 6.005, 5.172, 4.023, 4.435, 4.497, 2.923, 1.836, 3.111, 4.243, 4.143, 5.345, 6.571, 6.485, 6.048, 7.085, 6.965, 6.097, 7.51, 8.322, 8.742, 9.383, 9.724, 8.873, 7.589, 6.904, 7.566, 7.3, 6.569, 6.793, 6.869, 6.816, 5.809, 4.155, 3.043, 2.852, 3.64, 3.785, 4.727, 6.324, 7.465, 8.487, 10.194, 12.375, 13.014, 10.282, 9.167, 9.732, 9.94, 11.301, 13.338, 11.684, 9.896, 9.714, 10.658, 13.34, 15.074, 14.729, 14.68, 14.605, 13.848, 13.384, 12.236, 11.995, 14.37, 16.794, 18.997, 18.262, 17.307, 17.788, 15.989, 14.907, 15.455, 15.364, 14.508, 14.245, 14.092, 13.932, 13.416, 13.5, 13.012, 11.225, 10.317, 9.876, 9.408, 9.197, 8.585, 6.401, 4.297, 3.761], [2.136, 1.908, 2.641, 2.675, 2.883, 2.938, 3.241, 3.998, 3.803, 3.355, 3.9, 4.741, 4.281, 4.031, 4.632, 4.57, 5.174, 5.34, 4.395, 2.808, 1.032, 1.827, 2.08, 3.4, 3.825, 3.447, 3.641, 3.944, 3.631, 2.709, 1.333, 0.0, 1.216, 1.616, 2.686, 4.268, 4.588, 3.36, 2.24, 3.889, 4.298, 2.935, 2.078, 2.465, 2.64, 2.478, 2.761, 2.314, 1.847, 2.915, 4.407, 5.072, 4.755, 5.554, 5.768, 4.789, 5.084, 5.094, 4.304, 3.103, 3.359, 3.42, 2.09, 2.335, 3.945, 4.771, 4.541, 4.983, 5.86, 5.739, 5.422, 6.712, 6.407, 6.831, 8.629, 9.429, 9.853, 10.48, 10.852, 9.985, 8.629, 7.956, 8.555, 8.24, 7.055, 6.892, 7.367, 7.358, 6.395, 3.869, 2.487, 1.994, 2.523, 2.702, 3.65, 5.24, 6.381, 7.404, 9.11, 11.292, 11.93, 9.198, 8.084, 8.649, 8.855, 10.218, 12.255, 10.6, 8.816, 8.63, 9.575, 12.256, 13.991, 13.646, 13.597, 13.521, 12.765, 12.301, 11.153, 10.913, 13.286, 15.71, 17.913, 17.178, 16.222, 16.703, 14.906, 13.824, 14.372, 14.28, 13.425, 13.161, 13.008, 12.852, 12.331, 12.416, 11.929, 10.136, 9.245, 8.826, 8.38, 8.113, 7.501, 5.318, 3.527, 3.285], [2.146, 1.809, 2.236, 2.363, 2.617, 2.864, 3.046, 3.718, 3.694, 4.082, 4.736, 5.251, 4.965, 4.097, 4.488, 5.151, 6.047, 6.253, 5.282, 3.662, 1.227, 1.849, 2.371, 4.204, 4.626, 4.231, 4.465, 4.75, 4.411, 3.512, 2.129, 1.216, 0.0, 0.889, 1.976, 3.434, 3.797, 2.603, 1.856, 3.165, 3.499, 2.204, 1.483, 1.944, 2.351, 3.027, 2.971, 2.453, 2.086, 2.995, 4.144, 4.723, 4.488, 5.359, 5.584, 4.497, 4.677, 4.591, 3.653, 2.327, 2.549, 2.628, 2.309, 2.912, 4.793, 5.695, 5.418, 5.466, 5.819, 5.586, 5.452, 6.879, 6.596, 7.802, 9.446, 10.245, 10.679, 11.302, 11.655, 10.799, 9.433, 8.757, 9.36, 8.998, 7.802, 7.527, 8.121, 8.165, 7.139, 4.344, 3.08, 2.281, 1.999, 2.019, 2.92, 4.408, 5.542, 6.566, 8.272, 10.454, 11.092, 8.36, 7.266, 7.811, 8.017, 9.38, 11.417, 9.761, 7.98, 7.792, 8.737, 11.418, 13.153, 12.823, 12.764, 12.683, 11.927, 11.463, 10.315, 10.13, 12.447, 14.872, 17.074, 16.339, 15.383, 15.865, 14.068, 12.986, 13.533, 13.442, 12.586, 12.322, 12.17, 12.008, 11.492, 11.578, 11.096, 9.35, 8.471, 7.978, 7.566, 7.284, 6.663, 4.488, 2.773, 2.736], [2.184, 1.853, 1.996, 2.22, 2.492, 2.856, 2.902, 3.474, 3.714, 4.274, 4.97, 5.553, 5.236, 3.992, 4.363, 5.333, 6.259, 6.45, 5.521, 3.933, 1.435, 1.614, 2.597, 4.627, 5.062, 4.659, 4.907, 5.225, 4.768, 3.983, 2.598, 1.616, 0.889, 0.0, 1.501, 3.015, 3.353, 2.375, 1.727, 2.878, 3.223, 1.979, 1.242, 1.803, 2.123, 3.26, 3.174, 2.421, 2.243, 2.839, 3.873, 4.389, 4.221, 5.158, 5.389, 4.209, 4.333, 4.283, 3.349, 1.948, 2.09, 2.179, 2.394, 3.246, 5.031, 5.878, 5.614, 5.633, 5.685, 5.394, 5.334, 6.845, 6.637, 8.064, 9.881, 10.692, 11.115, 11.74, 12.087, 11.247, 9.834, 9.177, 9.786, 9.451, 8.153, 7.888, 8.575, 8.672, 7.578, 4.653, 3.24, 2.243, 1.419, 1.507, 2.306, 3.79, 4.929, 5.945, 7.652, 9.833, 10.472, 7.766, 6.73, 7.19, 7.401, 8.759, 10.796, 9.142, 7.416, 7.198, 8.116, 10.798, 12.532, 12.284, 12.218, 12.069, 11.306, 10.849, 9.694, 9.57, 11.851, 14.252, 16.456, 15.725, 14.769, 15.25, 13.465, 12.385, 12.913, 12.822, 11.966, 11.704, 11.55, 11.393, 10.876, 10.977, 10.566, 8.864, 8.103, 7.541, 7.077, 6.754, 6.045, 3.955, 2.476, 2.6], [3.042, 2.805, 2.492, 2.781, 3.32, 3.844, 3.631, 3.649, 4.038, 4.735, 5.614, 6.001, 5.551, 4.268, 4.573, 5.96, 6.749, 6.815, 6.029, 4.809, 2.344, 2.568, 3.717, 5.732, 6.241, 5.796, 5.998, 6.209, 5.83, 5.059, 3.695, 2.686, 1.976, 1.501, 0.0, 1.989, 2.23, 1.888, 1.886, 2.04, 2.467, 1.472, 1.457, 1.258, 2.112, 3.783, 3.902, 2.993, 2.937, 3.116, 3.714, 3.926, 4.115, 5.148, 5.373, 4.101, 3.762, 3.746, 2.335, 1.513, 1.698, 1.99, 2.633, 3.746, 5.468, 6.274, 5.917, 5.98, 5.947, 5.31, 5.556, 7.11, 7.013, 8.715, 10.893, 11.565, 12.007, 12.613, 13.084, 12.231, 10.689, 10.17, 10.744, 10.272, 8.708, 8.517, 9.532, 9.744, 8.337, 5.475, 4.132, 2.913, 1.667, 1.445, 1.507, 2.732, 3.862, 4.822, 6.719, 8.926, 9.336, 7.013, 5.942, 6.068, 6.25, 7.621, 9.659, 8.01, 6.581, 6.036, 7.012, 9.723, 11.402, 11.414, 11.404, 11.167, 10.272, 9.816, 8.771, 8.865, 11.003, 13.185, 15.307, 14.572, 13.616, 14.098, 12.312, 11.23, 11.772, 11.676, 10.831, 10.568, 10.414, 10.255, 9.774, 10.211, 9.861, 8.099, 7.64, 7.139, 6.589, 5.967, 5.09, 3.07, 2.311, 2.537], [4.46, 3.919, 3.249, 3.719, 4.709, 5.164, 4.729, 4.187, 4.697, 6.181, 7.122, 7.594, 7.04, 5.366, 4.962, 7.136, 8.196, 8.364, 7.598, 6.323, 3.841, 4.196, 5.38, 7.329, 7.823, 7.36, 7.572, 7.864, 7.494, 6.68, 5.334, 4.268, 3.434, 3.015, 1.989, 0.0, 0.912, 2.01, 2.709, 2.022, 2.33, 1.918, 3.073, 2.674, 3.636, 5.407, 5.355, 4.332, 4.262, 4.15, 3.861, 3.708, 4.728, 5.687, 5.641, 4.501, 3.732, 3.415, 2.46, 2.591, 2.049, 2.373, 3.755, 5.382, 7.081, 7.69, 7.182, 6.873, 6.415, 5.45, 5.757, 7.325, 7.602, 10.249, 12.479, 13.151, 13.605, 14.202, 14.684, 13.828, 12.281, 11.762, 12.3, 11.891, 10.26, 10.177, 11.159, 11.377, 9.984, 7.117, 5.606, 3.774, 2.652, 2.59, 2.212, 2.027, 2.385, 3.456, 5.215, 7.376, 7.742, 5.575, 4.799, 4.512, 4.646, 5.997, 8.042, 6.381, 5.202, 4.651, 5.475, 8.086, 9.783, 9.869, 9.873, 9.548, 8.654, 8.255, 7.191, 7.492, 9.557, 11.59, 13.696, 12.946, 11.99, 12.472, 10.74, 9.659, 10.146, 10.05, 9.204, 8.983, 8.823, 8.615, 8.301, 8.715, 8.405, 6.594, 6.273, 5.791, 5.397, 4.571, 3.448, 1.849, 2.681, 3.065], [4.709, 4.154, 3.584, 3.993, 4.961, 5.39, 4.921, 4.469, 4.555, 6.305, 7.266, 7.743, 7.211, 5.412, 4.985, 7.363, 8.394, 8.505, 7.83, 6.61, 4.216, 4.483, 5.692, 7.636, 8.146, 7.692, 7.882, 8.076, 7.76, 6.958, 5.603, 4.588, 3.797, 3.353, 2.23, 0.912, 0.0, 2.089, 2.775, 2.013, 2.332, 2.075, 3.295, 2.879, 3.723, 5.552, 5.509, 4.47, 4.429, 4.356, 3.949, 3.787, 4.862, 5.722, 5.543, 4.439, 3.678, 3.355, 2.52, 2.782, 2.271, 2.584, 4.04, 5.543, 7.248, 7.819, 7.161, 6.625, 6.093, 5.269, 5.575, 7.172, 7.701, 10.455, 12.707, 13.35, 13.768, 14.372, 14.893, 14.015, 12.509, 11.99, 12.555, 12.102, 10.509, 10.317, 11.355, 11.588, 10.181, 7.268, 5.949, 4.103, 2.846, 2.915, 2.433, 2.222, 2.561, 3.675, 5.325, 7.536, 7.635, 5.867, 5.04, 4.624, 4.632, 5.87, 7.824, 6.28, 5.436, 4.8, 5.573, 7.999, 9.602, 9.986, 10.005, 9.635, 8.681, 8.312, 7.43, 7.709, 9.781, 11.625, 13.472, 12.741, 11.791, 12.262, 10.489, 9.459, 9.937, 9.884, 9.095, 8.94, 8.851, 8.531, 8.323, 8.824, 8.562, 6.717, 6.496, 6.117, 5.709, 4.706, 3.521, 2.071, 2.836, 3.359], [3.675, 3.021, 3.2, 3.594, 4.232, 4.439, 4.034, 3.519, 3.46, 4.862, 6.021, 6.276, 5.888, 4.198, 4.098, 6.101, 7.136, 7.045, 6.435, 5.37, 2.921, 3.682, 4.57, 6.371, 6.891, 6.473, 6.618, 6.883, 6.609, 5.774, 4.442, 3.36, 2.603, 2.375, 1.888, 2.01, 2.089, 0.0, 1.582, 1.423, 1.924, 1.572, 2.556, 2.591, 2.93, 4.099, 4.128, 3.346, 3.14, 3.44, 3.393, 3.833, 4.349, 5.14, 5.091, 4.115, 3.609, 3.483, 2.341, 2.016, 1.278, 1.354, 2.415, 3.979, 5.791, 6.259, 5.906, 5.289, 5.385, 5.16, 4.959, 6.403, 6.467, 9.211, 11.391, 11.986, 12.388, 12.992, 13.562, 12.635, 11.145, 10.626, 11.251, 10.911, 9.25, 9.123, 10.198, 10.421, 9.015, 6.111, 4.598, 2.819, 1.812, 1.606, 2.143, 2.834, 3.5, 4.665, 6.481, 8.698, 8.939, 6.99, 6.34, 5.727, 5.656, 7.046, 9.093, 7.5, 6.588, 5.933, 6.688, 9.385, 11.031, 11.28, 11.279, 10.974, 9.999, 9.633, 8.639, 8.765, 10.804, 12.788, 14.697, 13.946, 13.003, 13.452, 11.876, 10.786, 11.177, 11.124, 10.334, 10.066, 9.933, 9.615, 9.262, 10.058, 9.803, 7.978, 7.706, 7.274, 6.937, 5.94, 4.773, 3.22, 2.816, 3.132], [2.428, 1.988, 2.611, 2.828, 3.279, 3.204, 3.024, 2.918, 2.668, 3.71, 4.768, 5.142, 4.759, 3.134, 3.421, 4.972, 5.886, 5.876, 5.192, 4.104, 1.778, 2.571, 3.348, 5.106, 5.616, 5.189, 5.356, 5.617, 5.387, 4.523, 3.2, 2.24, 1.856, 1.727, 1.886, 2.709, 2.775, 1.582, 0.0, 2.058, 2.389, 1.547, 2.007, 2.124, 2.052, 2.947, 2.942, 2.055, 1.9