[[0.0, 2.203, 1.915, 2.037, 1.902, 3.884, 7.113, 9.426, 10.959, 11.931, 11.982, 12.774, 12.679, 12.073, 12.142, 13.582, 14.422, 15.611, 18.387, 18.861, 17.179, 15.395, 15.476, 14.325, 13.113, 12.378, 10.846, 9.231, 10.551, 13.406, 13.908, 13.706, 14.013, 15.684, 16.694, 16.854, 17.848, 19.813, 20.593, 19.171, 18.652, 19.532, 18.73, 16.357, 16.005, 17.702, 17.284, 16.686, 17.414, 15.072, 11.277, 11.74, 13.13, 10.813, 8.442, 8.644, 9.498, 8.508, 7.157, 7.779, 8.477, 7.626, 7.253, 9.256, 11.466, 11.854, 11.979, 12.989, 12.566, 11.143, 9.853, 8.911, 7.643, 7.197, 7.498, 5.244, 3.021, 2.603, 2.271, 2.443, 3.429, 4.338, 3.727, 2.472, 3.281, 3.928, 4.874, 6.226, 6.612, 5.526, 4.176, 3.556, 2.559, 1.879, 2.643, 3.061, 4.129, 4.383, 5.094, 5.07, 4.332, 2.453, 2.604, 3.668, 4.217, 3.573, 2.46, 2.226, 2.091, 2.36, 2.376, 2.993, 4.038, 4.795, 5.459, 4.621, 2.978, 3.103, 3.196, 3.763, 4.037, 4.222, 5.996, 6.601, 7.33, 8.789, 9.781, 9.754, 9.948, 11.47, 13.244, 14.377, 14.377, 13.449, 12.071, 10.429, 8.887, 7.308, 6.153, 6.354, 6.387, 3.921, 1.291, 2.242, 4.239], [2.203, 0.0, 1.021, 1.669, 1.126, 2.135, 5.325, 7.541, 9.107, 10.17, 10.498, 10.938, 10.801, 10.405, 10.486, 11.624, 12.496, 13.632, 16.502, 16.989, 15.294, 13.525, 13.605, 12.458, 11.293, 10.56, 9.101, 7.472, 8.722, 11.522, 12.024, 11.833, 12.141, 13.803, 14.821, 14.982, 15.976, 17.937, 18.715, 17.298, 16.763, 17.649, 16.84, 14.473, 14.242, 15.794, 15.431, 14.797, 15.516, 13.19, 9.371, 9.864, 11.254, 8.943, 6.476, 6.737, 7.672, 7.43, 6.392, 6.506, 6.605, 5.766, 5.403, 7.383, 9.594, 9.986, 10.149, 11.139, 10.701, 9.33, 8.007, 7.143, 5.859, 5.45, 5.673, 3.469, 2.282, 2.721, 1.873, 1.368, 2.249, 2.728, 1.993, 2.464, 4.397, 5.179, 6.574, 7.643, 8.067, 7.178, 6.055, 4.98, 3.683, 2.402, 1.842, 3.752, 5.051, 5.461, 6.382, 6.364, 5.561, 3.318, 3.346, 4.742, 5.543, 4.76, 3.422, 3.016, 3.355, 3.512, 3.859, 4.762, 5.852, 6.686, 6.929, 6.099, 4.252, 3.629, 3.379, 3.326, 3.234, 3.021, 4.248, 4.781, 5.511, 6.866, 7.933, 7.917, 8.091, 9.544, 11.278, 12.393, 12.441, 11.622, 10.267, 8.594, 7.086, 5.513, 4.351, 4.595, 4.599, 2.28, 2.162, 1.523, 2.461], [1.915, 1.021, 0.0, 1.22, 1.152, 2.208, 5.354, 7.631, 9.196, 10.246, 10.522, 11.07, 11.02, 10.483, 10.491, 11.862, 12.718, 13.87, 16.59, 17.071, 15.427, 13.633, 13.689, 12.52, 11.343, 10.592, 9.113, 7.489, 8.728, 11.654, 12.115, 11.912, 12.223, 13.889, 14.898, 15.064, 16.058, 18.022, 18.797, 17.38, 16.899, 17.781, 16.986, 14.588, 14.252, 15.952, 15.518, 14.974, 15.669, 13.366, 9.525, 9.955, 11.35, 9.066, 6.731, 6.908, 7.731, 7.276, 6.065, 6.224, 6.677, 5.829, 5.467, 7.476, 9.676, 10.063, 10.189, 11.202, 10.777, 9.341, 8.058, 7.106, 5.825, 5.419, 5.708, 3.562, 2.602, 2.686, 2.1, 1.458, 2.148, 2.805, 2.187, 2.507, 4.315, 5.12, 6.404, 7.522, 7.944, 7.082, 5.829, 4.822, 3.546, 2.254, 2.184, 3.672, 4.94, 5.382, 6.336, 6.281, 5.396, 3.327, 3.452, 4.736, 5.495, 4.708, 3.305, 2.919, 3.271, 3.249, 3.504, 4.616, 5.671, 6.494, 6.75, 5.981, 3.902, 2.981, 2.93, 2.96, 2.962, 2.682, 4.271, 4.921, 5.56, 7.022, 8.005, 7.943, 8.26, 9.769, 11.557, 12.668, 12.666, 11.672, 10.349, 8.688, 7.148, 5.52, 4.376, 4.568, 4.609, 2.177, 1.918, 1.64, 2.695], [2.037, 1.669, 1.22, 0.0, 1.504, 2.437, 5.607, 7.917, 9.455, 10.428, 10.478, 11.214, 11.125, 10.545, 10.61, 12.064, 12.876, 14.062, 16.892, 17.365, 15.68, 13.911, 13.991, 12.831, 11.653, 10.86, 9.268, 7.648, 8.976, 11.907, 12.403, 12.213, 12.519, 14.183, 15.198, 15.358, 16.352, 18.316, 19.091, 17.675, 17.15, 18.034, 17.227, 14.86, 14.495, 16.161, 15.737, 15.137, 15.914, 13.588, 9.738, 10.24, 11.63, 9.332, 6.896, 7.096, 7.966, 7.074, 5.685, 6.202, 6.967, 6.131, 5.757, 7.772, 9.97, 10.357, 10.483, 11.496, 11.079, 9.635, 8.359, 7.378, 6.097, 5.707, 5.993, 3.96, 3.417, 3.385, 2.289, 1.753, 2.165, 3.086, 2.578, 3.211, 4.565, 5.121, 6.268, 7.567, 7.986, 6.927, 5.701, 4.825, 3.824, 2.825, 2.995, 4.25, 5.42, 5.591, 6.264, 6.302, 5.485, 3.541, 3.828, 4.82, 5.496, 4.739, 3.668, 2.961, 3.119, 3.202, 3.246, 4.318, 5.456, 6.263, 6.466, 5.68, 3.542, 2.39, 2.074, 2.269, 2.663, 2.632, 4.473, 5.119, 5.771, 7.258, 8.308, 8.244, 8.403, 9.963, 11.729, 12.858, 12.831, 11.869, 10.605, 8.932, 7.361, 5.798, 4.666, 4.809, 4.849, 2.413, 2.217, 2.219, 2.818], [1.902, 1.126, 1.152, 1.504, 0.0, 2.612, 5.808, 8.12, 9.667, 10.71, 10.725, 11.366, 11.268, 10.64, 10.846, 12.194, 12.937, 14.247, 17.094, 17.584, 15.899, 14.123, 14.208, 13.048, 11.87, 11.075, 9.48, 7.758, 9.19, 12.124, 12.598, 12.413, 12.729, 14.38, 15.399, 15.561, 16.554, 18.519, 19.294, 17.877, 17.366, 18.253, 17.451, 15.042, 14.628, 16.321, 15.885, 15.249, 16.121, 13.757, 9.806, 10.443, 11.829, 9.509, 7.004, 7.38, 8.154, 7.716, 6.664, 7.035, 7.214, 6.424, 6.011, 7.977, 10.188, 10.56, 10.686, 11.699, 11.296, 9.837, 8.559, 7.578, 6.297, 5.899, 6.193, 3.974, 2.4, 2.66, 1.947, 1.674, 2.485, 3.008, 2.312, 2.408, 4.255, 4.962, 6.246, 7.386, 7.819, 6.881, 5.67, 4.743, 3.467, 2.285, 1.97, 3.647, 4.933, 5.285, 5.971, 6.116, 5.319, 3.182, 3.255, 4.581, 5.326, 4.563, 3.302, 2.797, 3.074, 3.224, 3.387, 4.281, 5.345, 6.153, 6.343, 5.549, 3.73, 3.232, 3.27, 3.393, 3.63, 3.203, 4.612, 5.211, 5.924, 7.46, 8.528, 8.444, 8.566, 10.154, 11.854, 12.967, 12.906, 12.111, 10.84, 9.167, 7.602, 6.014, 4.883, 5.027, 5.072, 2.682, 1.875, 1.512, 2.668], [3.884, 2.135, 2.208, 2.437, 2.612, 0.0, 3.658, 5.789, 7.527, 9.08, 9.69, 10.005, 9.669, 9.434, 9.589, 10.329, 11.009, 12.027, 14.733, 15.217, 13.54, 11.89, 11.834, 10.699, 9.524, 8.766, 7.327, 5.617, 6.901, 9.767, 10.261, 10.052, 10.363, 12.028, 13.038, 13.2, 14.194, 16.159, 16.943, 15.517, 15.013, 15.894, 15.097, 12.721, 12.799, 14.169, 13.943, 13.392, 13.85, 11.494, 7.661, 8.096, 9.475, 7.3, 4.856, 5.222, 6.609, 6.592, 5.708, 4.951, 4.967, 4.118, 3.657, 5.616, 7.813, 8.199, 8.344, 9.362, 8.94, 7.511, 6.205, 5.253, 3.993, 3.624, 3.895, 2.099, 2.903, 3.96, 3.134, 2.177, 1.564, 1.924, 1.27, 3.306, 5.425, 6.447, 8.126, 9.029, 9.405, 8.872, 7.716, 6.513, 5.196, 3.651, 2.608, 4.555, 5.901, 6.594, 8.029, 7.737, 6.756, 4.845, 4.355, 5.929, 7.062, 6.06, 4.403, 4.229, 4.997, 4.967, 5.397, 6.55, 7.544, 8.401, 8.597, 7.83, 5.755, 4.223, 3.612, 2.809, 2.438, 2.004, 2.538, 3.145, 3.895, 5.16, 6.153, 6.139, 6.491, 8.033, 9.681, 10.792, 10.777, 9.827, 8.48, 6.832, 5.306, 3.723, 2.572, 2.77, 2.819, 1.527, 3.556, 2.585, 1.458], [7.113, 5.325, 5.354, 5.607, 5.808, 3.658, 0.0, 2.606, 4.554, 6.076, 6.682, 7.013, 6.714, 6.611, 6.87, 7.384, 7.766, 8.723, 11.336, 11.826, 10.205, 8.537, 8.544, 7.445, 6.194, 5.537, 4.233, 3.217, 3.796, 6.431, 6.921, 6.643, 6.949, 8.662, 9.638, 9.791, 10.797, 12.746, 13.538, 12.106, 11.673, 12.563, 11.75, 9.289, 9.475, 10.85, 10.507, 10.156, 10.52, 8.176, 4.283, 4.693, 6.123, 3.934, 2.097, 2.944, 3.681, 4.348, 4.018, 2.487, 1.769, 1.463, 1.976, 2.739, 4.424, 4.824, 4.954, 5.952, 5.529, 4.107, 2.921, 3.345, 2.909, 2.161, 2.037, 3.281, 5.836, 7.394, 6.629, 5.521, 4.459, 3.527, 3.986, 6.54, 8.913, 9.908, 11.604, 12.475, 12.913, 12.326, 11.068, 9.915, 8.642, 7.066, 5.917, 7.777, 9.156, 10.139, 11.486, 11.242, 10.148, 8.316, 7.821, 9.479, 10.575, 9.625, 7.861, 7.754, 8.508, 8.314, 8.665, 9.877, 10.935, 11.767, 11.975, 11.232, 8.774, 6.756, 5.573, 4.222, 3.673, 3.275, 3.069, 3.475, 2.69, 2.874, 3.503, 2.844, 3.41, 4.788, 6.382, 7.51, 7.534, 6.62, 5.272, 3.851, 2.588, 1.85, 2.373, 2.47, 1.911, 3.877, 6.982, 5.998, 3.697], [9.426, 7.541, 7.631, 7.917, 8.12, 5.789, 2.606, 0.0, 2.242, 3.789, 4.567, 4.794, 4.605, 4.89, 5.139, 5.213, 5.68, 6.452, 9.03, 9.52, 7.882, 6.342, 6.351, 5.436, 4.375, 3.742, 3.095, 4.209, 4.631, 4.731, 4.761, 4.565, 4.719, 6.321, 7.292, 7.474, 8.494, 10.413, 11.179, 9.781, 9.313, 10.192, 9.414, 7.002, 7.301, 8.642, 8.426, 7.929, 8.14, 5.954, 3.317, 2.86, 3.807, 2.227, 1.91, 2.072, 2.319, 3.117, 3.455, 2.485, 2.021, 2.428, 3.148, 2.937, 3.35, 3.647, 3.713, 4.252, 3.919, 3.388, 3.848, 4.692, 4.412, 3.618, 3.48, 5.0, 7.78, 9.483, 8.774, 7.815, 6.564, 5.527, 6.132, 8.68, 10.921, 12.039, 13.695, 14.546, 14.927, 14.577, 13.376, 12.029, 10.71, 9.28, 8.098, 9.965, 11.311, 12.242, 13.788, 13.441, 12.323, 10.565, 9.939, 11.549, 12.677, 11.636, 9.915, 9.76, 10.613, 10.479, 11.017, 12.223, 13.288, 14.111, 14.321, 13.57, 11.108, 9.121, 7.811, 6.47, 5.761, 5.382, 4.606, 4.888, 4.263, 3.95, 4.126, 3.173, 2.866, 3.432, 4.541, 5.59, 5.764, 4.862, 3.61, 3.294, 3.22, 3.44, 4.281, 4.377, 3.807, 5.932, 9.263, 8.152, 5.9], [10.959, 9.107, 9.196, 9.455, 9.667, 7.527, 4.554, 2.242, 0.0, 1.875, 2.522, 2.846, 2.924, 3.231, 3.157, 3.216, 3.942, 4.837, 7.452, 7.942, 6.262, 4.68, 4.805, 3.941, 3.242, 3.411, 3.868, 5.603, 6.055, 5.793, 5.077, 4.854, 5.061, 5.461, 5.802, 5.999, 6.915, 8.872, 9.648, 8.231, 7.716, 8.605, 7.817, 5.498, 5.556, 7.028, 6.731, 6.187, 6.504, 4.352, 4.418, 3.63, 3.55, 3.185, 3.728, 3.057, 2.392, 3.347, 4.418, 4.068, 3.862, 4.315, 5.142, 4.764, 4.691, 5.033, 5.009, 5.193, 4.84, 4.774, 5.455, 6.39, 6.304, 5.493, 5.404, 7.092, 9.89, 11.073, 10.311, 9.36, 8.177, 7.137, 7.929, 10.472, 12.638, 13.656, 15.297, 16.181, 16.572, 16.11, 14.939, 13.628, 12.307, 10.904, 9.851, 11.803, 13.132, 13.94, 15.323, 15.013, 13.995, 12.116, 11.692, 13.2, 14.24, 13.246, 11.661, 11.424, 12.168, 12.051, 12.604, 13.77, 14.839, 15.674, 15.895, 15.108, 12.65, 10.651, 9.344, 8.008, 7.35, 6.984, 6.286, 6.416, 5.832, 5.623, 5.551, 4.559, 4.099, 3.912, 4.456, 4.591, 5.027, 4.463, 4.351, 4.525, 4.938, 5.387, 6.231, 6.399, 5.855, 7.758, 10.821, 9.782, 7.877], [11.931, 10.17, 10.246, 10.428, 10.71, 9.08, 6.076, 3.789, 1.875, 0.0, 1.938, 2.083, 2.631, 2.864, 2.362, 2.676, 3.321, 3.928, 6.57, 7.05, 5.339, 3.777, 4.047, 3.492, 3.711, 3.831, 4.749, 7.082, 7.313, 6.707, 5.775, 5.805, 5.841, 5.656, 5.631, 5.853, 6.056, 7.977, 8.743, 7.335, 6.777, 7.654, 6.87, 4.626, 4.598, 6.057, 5.678, 5.05, 5.527, 3.659, 5.37, 4.801, 4.543, 4.434, 5.257, 4.533, 3.188, 4.005, 5.279, 5.711, 5.485, 5.897, 6.681, 6.383, 5.952, 6.172, 6.173, 6.138, 5.741, 6.16, 6.979, 7.983, 7.924, 7.153, 7.018, 8.693, 11.457, 12.41, 11.409, 10.404, 9.557, 8.444, 9.472, 12.159, 14.162, 15.049, 16.36, 17.488, 17.901, 17.045, 15.911, 14.736, 13.483, 12.216, 11.4, 13.427, 14.763, 15.389, 16.457, 16.321, 15.367, 13.292, 13.231, 14.641, 15.397, 14.654, 13.166, 12.838, 13.176, 13.104, 13.569, 14.674, 15.812, 16.647, 16.869, 16.02, 13.559, 11.564, 10.275, 9.006, 8.542, 8.249, 7.872, 7.868, 7.242, 6.978, 6.693, 5.723, 5.176, 4.55, 5.017, 5.054, 5.649, 5.112, 5.427, 5.878, 6.551, 7.037, 7.913, 8.029, 7.446, 9.333, 11.955, 11.237, 9.413], [11.982, 10.498, 10.522, 10.478, 10.725, 9.69, 6.682, 4.567, 2.522, 1.938, 0.0, 1.456, 1.877, 2.105, 1.781, 2.366, 2.961, 4.069, 6.737, 7.165, 5.575, 4.182, 4.743, 4.546, 4.816, 5.049, 5.867, 7.891, 8.322, 7.836, 6.812, 6.861, 6.885, 6.633, 6.211, 6.398, 6.719, 8.103, 8.871, 7.565, 7.043, 7.939, 7.266, 5.119, 4.521, 5.872, 5.417, 4.855, 5.673, 4.677, 6.088, 5.782, 5.556, 5.183, 5.861, 5.19, 3.337, 3.826, 5.455, 6.359, 6.285, 6.722, 7.591, 7.072, 6.894, 7.198, 7.204, 7.177, 6.779, 6.972, 7.778, 8.707, 8.654, 7.938, 7.699, 9.514, 12.276, 13.013, 11.817, 10.767, 10.002, 8.902, 10.154, 12.817, 14.766, 15.504, 16.631, 17.88, 18.295, 17.267, 15.949, 15.085, 13.939, 12.661, 12.038, 14.125, 15.411, 15.775, 16.59, 16.655, 15.823, 13.723, 13.815, 15.125, 15.866, 15.108, 13.78, 13.288, 13.479, 13.45, 13.545, 14.633, 15.719, 16.533, 16.724, 15.961, 13.501, 11.547, 10.299, 9.067, 8.933, 8.68, 8.405, 8.462, 7.756, 7.792, 7.728, 6.675, 5.994, 5.493, 5.928, 6.048, 6.565, 6.235, 6.528, 6.785, 7.288, 7.805, 8.678, 8.853, 8.32, 10.155, 12.155, 11.79, 10.013], [12.774, 10.938, 11.07, 11.214, 11.366, 10.005, 7.013, 4.794, 2.846, 2.083, 1.456, 0.0, 1.214, 1.869, 1.393, 1.708, 2.179, 3.66, 6.247, 6.608, 4.939, 3.768, 4.586, 4.732, 5.095, 5.321, 5.993, 8.145, 8.558, 7.972, 7.098, 7.081, 7.133, 6.974, 6.505, 6.801, 6.936, 7.808, 8.429, 7.274, 6.668, 7.313, 6.799, 5.091, 4.421, 5.262, 4.82, 4.213, 5.071, 4.698, 6.332, 5.974, 5.753, 5.46, 6.002, 5.399, 3.739, 4.603, 6.19, 6.726, 6.553, 7.012, 7.848, 7.468, 7.166, 7.441, 7.453, 7.396, 7.003, 7.275, 8.115, 9.103, 9.014, 8.184, 8.079, 9.727, 12.492, 13.371, 12.313, 11.202, 10.435, 9.334, 10.458, 13.15, 15.087, 15.86, 17.36, 18.441, 18.886, 17.906, 16.789, 15.764, 14.449, 13.082, 12.368, 14.482, 15.786, 16.193, 17.124, 17.152, 16.278, 14.002, 14.025, 15.416, 16.3, 15.528, 14.153, 13.797, 14.053, 14.104, 14.443, 15.443, 16.604, 17.425, 17.613, 16.736, 14.264, 12.362, 11.002, 9.788, 9.438, 9.16, 8.8, 8.746, 8.128, 7.988, 8.0, 6.92, 6.182, 5.646, 6.159, 6.198, 6.733, 6.47, 6.711, 6.999, 7.617, 8.08, 8.935, 9.07, 8.536, 10.411, 12.657, 12.036, 10.272], [12.679, 10.801, 11.02, 11.125, 11.268, 9.669, 6.714, 4.605, 2.924, 2.631, 1.877, 1.214, 0.0, 1.626, 1.554, 1.482, 2.267, 3.617, 6.294, 6.665, 5.026, 3.939, 4.804, 5.109, 5.563, 5.708, 6.447, 8.366, 8.872, 8.493, 7.605, 7.551, 7.646, 7.401, 6.975, 7.215, 7.104, 8.023, 8.602, 7.474, 6.801, 7.472, 7.07, 5.378, 4.87, 5.33, 4.988, 4.455, 5.197, 5.121, 6.787, 6.374, 6.165, 5.7, 5.784, 5.087, 3.943, 4.541, 6.089, 6.376, 6.276, 6.716, 7.566, 7.417, 7.485, 7.823, 7.807, 7.903, 7.519, 7.576, 8.212, 9.082, 8.896, 8.0, 7.952, 9.488, 12.225, 13.172, 12.152, 11.057, 10.203, 9.152, 10.157, 12.823, 14.747, 15.569, 17.215, 18.15, 18.557, 17.854, 16.715, 15.57, 14.233, 12.82, 12.017, 14.122, 15.42, 15.822, 16.929, 16.855, 15.957, 13.86, 13.661, 15.068, 16.101, 15.188, 13.776, 13.459, 13.94, 13.986, 14.352, 15.348, 16.49, 17.315, 17.495, 16.602, 14.135, 12.259, 10.88, 9.651, 9.196, 8.892, 8.732, 8.742, 8.164, 8.156, 8.322, 7.26, 6.52, 6.145, 6.622, 6.603, 7.159, 6.95, 7.06, 7.286, 7.565, 7.934, 8.7, 8.813, 8.282, 10.134, 12.493, 11.698, 9.969], [12.073, 10.405, 10.483, 10.545, 10.64, 9.434, 6.611, 4.89, 3.231, 2.864, 2.105, 1.869, 1.626, 0.0, 1.348, 2.449, 2.907, 4.391, 7.271, 7.735, 6.086, 4.678, 5.284, 5.558, 5.886, 6.087, 6.699, 8.623, 9.133, 8.814, 7.973, 7.927, 8.075, 7.925, 7.558, 7.861, 8.015, 8.988, 9.602, 8.317, 7.672, 8.326, 7.801, 6.197, 5.395, 6.478, 5.967, 5.347, 6.314, 5.767, 6.993, 6.748, 6.584, 6.001, 6.035, 4.893, 4.255, 4.355, 5.637, 6.164, 6.228, 6.522, 7.346, 7.726, 7.837, 8.156, 8.141, 8.259, 7.878, 7.907, 8.49, 9.377, 9.216, 8.27, 8.25, 9.671, 12.142, 12.844, 11.784, 10.507, 9.899, 8.974, 9.954, 12.558, 14.568, 15.357, 16.805, 17.94, 18.385, 17.317, 16.057, 15.242, 13.939, 12.535, 11.783, 13.835, 15.171, 15.667, 16.512, 16.646, 15.766, 13.4, 13.202, 14.873, 15.795, 15.033, 13.572, 13.299, 13.465, 13.554, 13.54, 14.356, 15.571, 16.393, 16.494, 15.431, 12.909, 11.244, 10.163, 9.074, 8.937, 8.668, 8.998, 9.013, 8.353, 8.427, 8.646, 7.58, 6.666, 6.358, 6.853, 6.735, 7.235, 7.258, 7.343, 7.515, 7.829, 8.201, 8.846, 8.928, 8.182, 9.938, 12.098, 11.492, 9.754], [12.142, 10.486, 10.491, 10.61, 10.846, 9.589, 6.87, 5.139, 3.157, 2.362, 1.781, 1.393, 1.554, 1.348, 0.0, 1.983, 2.491, 3.968, 6.843, 7.307, 5.524, 4.154, 4.766, 4.902, 5.301, 5.448, 6.207, 8.34, 8.786, 8.351, 7.526, 7.487, 7.642, 7.44, 7.084, 7.374, 7.405, 8.441, 9.131, 7.843, 7.211, 7.938, 7.395, 5.691, 4.983, 5.97, 5.527, 4.946, 5.798, 5.271, 6.641, 6.494, 6.264, 5.799, 6.291, 5.109, 4.242, 4.329, 5.81, 6.324, 6.53, 6.773, 7.648, 7.763, 7.525, 7.782, 7.779, 7.775, 7.409, 7.578, 8.364, 9.353, 9.262, 8.374, 8.314, 9.865, 12.414, 12.85, 11.809, 10.547, 9.894, 9.046, 10.225, 12.641, 14.54, 15.324, 16.84, 17.885, 18.34, 17.348, 16.14, 15.236, 13.91, 12.512, 11.876, 13.914, 15.204, 15.628, 16.498, 16.594, 15.721, 13.477, 13.369, 14.846, 15.757, 14.98, 13.579, 13.246, 13.486, 13.564, 13.738, 14.682, 15.875, 16.705, 16.854, 15.909, 13.409, 11.597, 10.255, 9.14, 8.895, 8.672, 9.014, 8.919, 8.277, 8.39, 8.308, 7.194, 6.3, 5.819, 6.336, 6.209, 6.766, 6.692, 6.914, 7.18, 7.819, 8.27, 9.028, 9.173, 8.416, 10.116, 12.059, 11.543, 9.986], [13.582, 11.624, 11.862, 12.064, 12.194, 10.329, 7.384, 5.213, 3.216, 2.676, 2.366, 1.708, 1.482, 2.449, 1.983, 0.0, 1.706, 2.87, 5.262, 5.699, 4.231, 3.339, 4.153, 4.523, 5.02, 5.151, 5.996, 7.982, 8.42, 8.123, 7.212, 7.158, 7.311, 7.092, 6.674, 6.905, 6.596, 7.224, 7.74, 6.666, 5.984, 6.527, 6.268, 5.05, 4.461, 4.516, 4.194, 3.543, 4.307, 4.737, 6.467, 6.099, 5.87, 5.442, 6.321, 5.969, 4.588, 5.674, 7.14, 7.217, 6.948, 7.399, 8.148, 7.439, 7.154, 7.448, 7.423, 7.501, 7.149, 7.281, 8.035, 9.028, 9.086, 8.377, 8.126, 9.94, 12.711, 13.94, 13.054, 11.951, 11.001, 9.949, 10.778, 13.482, 15.596, 16.453, 18.077, 18.998, 19.406, 18.763, 17.621, 16.449, 15.109, 13.677, 12.771, 14.819, 16.163, 16.651, 17.839, 17.692, 16.815, 14.625, 14.315, 15.934, 17.001, 16.05, 14.567, 14.289, 14.883, 14.866, 15.275, 16.317, 17.427, 18.238, 18.421, 17.601, 15.145, 13.23, 11.862, 10.603, 10.091, 9.78, 8.742, 8.615, 8.074, 8.035, 7.924, 6.84, 6.113, 5.724, 6.123, 6.107, 6.746, 6.452, 6.581, 6.914, 7.544, 8.177, 9.154, 9.233, 8.781, 10.708, 13.398, 12.481, 10.51], [14.422, 12.496, 12.718, 12.876, 12.937, 11.009, 7.766, 5.68, 3.942, 3.321, 2.961, 2.179, 2.267, 2.907, 2.491, 1.706, 0.0, 2.269, 4.854, 5.259, 3.688, 2.706, 3.519, 3.851, 4.235, 4.447, 5.309, 7.546, 7.895, 7.322, 6.388, 6.375, 6.443, 6.248, 5.854, 6.086, 6.016, 6.791, 7.309, 6.194, 5.476, 6.034, 5.77, 4.364, 3.755, 3.996, 3.668, 3.117, 3.891, 3.894, 5.667, 5.482, 5.175, 4.933, 6.33, 6.501, 5.42, 6.417, 8.065, 7.844, 7.458, 7.944, 8.554, 7.116, 6.628, 6.885, 6.849, 6.775, 6.434, 6.829, 7.593, 8.593, 8.864, 8.314, 7.952, 10.024, 13.014, 14.849, 13.96, 12.762, 11.901, 10.853, 11.406, 14.084, 16.273, 17.176, 19.021, 19.93, 20.333, 19.562, 18.45, 17.383, 16.038, 14.503, 13.426, 15.408, 16.764, 17.509, 18.649, 18.601, 17.591, 15.503, 14.784, 16.631, 17.773, 16.909, 15.34, 15.152, 15.703, 15.785, 16.068, 16.991, 18.191, 19.025, 19.143, 18.149, 15.632, 13.912, 12.444, 11.359, 10.97, 10.711, 8.874, 8.54, 7.627, 7.538, 7.403, 6.298, 5.397, 4.743, 5.191, 5.113, 5.528, 5.617, 6.035, 6.398, 7.175, 8.251, 9.615, 9.33, 9.132, 11.344, 14.254, 13.197, 10.835], [15.611, 13.632, 13.87, 14.062, 14.247, 12.027, 8.723, 6.452, 4.837, 3.928, 4.069, 3.66, 3.617, 4.391, 3.968, 2.87, 2.269, 0.0, 3.017, 3.518, 2.008, 1.47, 2.485, 3.108, 3.605, 3.925, 5.116, 7.201, 6.793, 6.075, 5.056, 5.178, 5.205, 4.774, 4.49, 4.574, 3.961, 4.864, 5.53, 4.35, 3.655, 4.26, 3.873, 2.856, 2.967, 2.918, 2.735, 2.838, 2.427, 2.757, 5.025, 4.705, 4.079, 4.945, 7.363, 7.299, 6.407, 7.511, 8.968, 8.541, 8.065, 8.593, 9.08, 7.207, 5.576, 5.836, 5.67, 5.544, 5.275, 5.878, 6.715, 7.91, 8.813, 8.954, 8.443, 10.749, 13.805, 15.794, 14.945, 13.952, 12.789, 11.803, 12.284, 14.697, 17.154, 18.164, 19.999, 20.813, 21.195, 20.719, 19.621, 18.349, 16.986, 15.57, 14.287, 16.016, 17.432, 18.456, 19.912, 19.657, 18.617, 16.676, 15.934, 17.572, 18.847, 17.769, 16.202, 16.005, 16.727, 16.798, 17.285, 18.341, 19.483, 20.317, 20.514, 19.605, 17.133, 15.262, 13.881, 12.662, 11.951, 11.676, 9.8, 9.197, 8.352, 7.102, 6.671, 6.225, 6.088, 4.886, 4.287, 4.162, 4.713, 4.447, 5.213, 6.184, 7.282, 8.772, 10.205, 9.898, 9.791, 12.202, 15.402, 14.243, 11.914], [18.387, 16.502, 16.59, 16.892, 17.094, 14.733, 11.336, 9.03, 7.452, 6.57, 6.737, 6.247, 6.294, 7.271, 6.843, 5.262, 4.854, 3.017, 0.0, 1.12, 1.658, 3.076, 3.006, 4.175, 5.336, 6.066, 7.742, 9.513, 8.108, 5.83, 4.894, 5.108, 4.87, 3.866, 3.489, 3.421, 2.575, 2.301, 2.864, 2.037, 1.439, 1.787, 1.696, 2.634, 3.313, 2.516, 2.753, 3.315, 2.112, 3.86, 7.401, 6.747, 5.36, 7.647, 10.209, 10.023, 9.077, 10.204, 11.596, 10.893, 10.233, 10.938, 11.401, 9.308, 7.332, 7.026, 6.973, 6.232, 6.635, 7.648, 8.666, 9.703, 11.054, 11.37, 10.948, 13.182, 16.327, 18.352, 17.714, 16.776, 15.46, 14.448, 15.007, 17.044, 19.804, 20.965, 22.64, 23.335, 23.725, 23.531, 22.337, 20.931, 19.591, 18.23, 16.944, 18.156, 19.657, 21.149, 22.749, 22.402, 21.266, 19.526, 18.803, 20.392, 21.612, 20.45, 18.767, 18.538, 19.555, 19.377, 19.972, 21.185, 22.249, 23.072, 23.282, 22.539, 20.082, 18.081, 16.776, 15.434, 14.715, 14.326, 12.503, 11.924, 11.175, 9.716, 8.691, 8.666, 8.702, 7.252, 5.384, 4.445, 4.826, 5.124, 6.895, 8.338, 9.655, 11.262, 12.414, 12.215, 12.213, 14.745, 18.224, 17.092, 14.66], [18.861, 16.989, 17.071, 17.365, 17.584, 15.217, 11.826, 9.52, 7.942, 7.05, 7.165, 6.608, 6.665, 7.735, 7.307, 5.699, 5.259, 3.518, 1.12, 0.0, 1.96, 3.59, 3.456, 4.634, 5.809, 6.555, 8.232, 9.97, 8.577, 6.195, 5.143, 5.395, 5.319, 3.879, 3.446, 3.256, 2.35, 1.944, 2.398, 1.583, 1.404, 1.54, 1.579, 2.829, 3.584, 2.603, 3.023, 3.725, 2.528, 4.324, 7.891, 7.225, 5.793, 8.122, 10.721, 10.49, 9.522, 10.672, 12.085, 11.328, 10.58, 11.329, 11.751, 9.717, 7.618, 7.278, 7.188, 6.457, 6.887, 7.943, 9.136, 10.115, 11.433, 11.79, 11.451, 13.689, 16.806, 18.818, 18.195, 17.263, 15.929, 14.925, 15.494, 17.501, 20.298, 21.452, 23.129, 23.804, 24.215, 24.0, 22.824, 21.39, 20.083, 18.714, 17.436, 18.621, 20.105, 21.636, 23.236, 22.888, 21.756, 20.013, 19.289, 20.877, 22.081, 20.924, 19.24, 19.031, 20.027, 19.856, 20.443, 21.671, 22.729, 23.554, 23.769, 23.026, 20.569, 18.55, 17.263, 15.914, 15.189, 14.818, 12.989, 12.41, 11.662, 10.201, 9.104, 9.17, 9.189, 7.739, 5.873, 4.986, 5.209, 5.672, 7.228, 8.702, 10.138, 11.722, 12.837, 12.67, 12.669, 15.205, 18.711, 17.579, 15.145], [17.179, 15.294, 15.427, 15.68, 15.899, 13.54, 10.205, 7.882, 6.262, 5.339, 5.575, 4.939, 5.026, 6.086, 5.524, 4.231, 3.688, 2.008, 1.658, 1.96, 0.0, 2.025, 1.97, 3.038, 4.208, 4.894, 6.517, 8.322, 7.231, 5.316, 4.267, 4.263, 4.284, 3.67, 3.406, 3.338, 2.591, 3.214, 3.763, 2.656, 1.931, 2.686, 2.424, 2.196, 2.733, 2.186, 2.233, 2.884, 1.819, 2.909, 6.249, 5.598, 4.169, 6.497, 8.981, 8.794, 7.906, 8.956, 10.46, 9.723, 8.924, 9.688, 10.029, 8.084, 6.112, 5.843, 5.926, 5.299, 5.617, 6.491, 7.644, 8.737, 9.828, 10.161, 9.807, 12.018, 15.186, 17.204, 16.49, 15.569, 14.32, 13.307, 13.862, 15.839, 18.578, 19.762, 21.488, 22.189, 22.567, 22.316, 21.173, 19.783, 18.414, 17.09, 15.754, 17.062, 18.481, 19.981, 21.566, 21.205, 20.119, 18.321, 17.585, 19.193, 20.391, 19.225, 17.625, 17.367, 18.332, 18.236, 18.831, 19.983, 21.077, 21.912, 22.137, 21.329, 18.864, 16.86, 15.578, 14.244, 13.49, 13.185, 11.362, 10.745, 9.999, 8.506, 7.597, 7.518, 7.512, 6.035, 4.329, 3.91, 4.387, 4.261, 5.865, 7.035, 8.399, 10.113, 11.215, 11.014, 11.008, 13.597, 17.032, 15.887, 13.516], [15.395, 13.525, 13.633, 13.911, 14.123, 11.89, 8.537, 6.342, 4.68, 3.777, 4.182, 3.768, 3.939, 4.678, 4.154, 3.339, 2.706, 1.47, 3.076, 3.59, 2.025, 0.0, 1.548, 2.126, 3.017, 3.447, 4.915, 7.361, 6.644, 5.375, 4.252, 4.306, 4.344, 3.985, 3.718, 3.918, 3.64, 4.781, 5.544, 4.242, 3.661, 4.322, 3.793, 2.065, 2.22, 2.697, 2.365, 2.747, 2.367, 2.113, 4.803, 4.304, 3.492, 4.735, 7.398, 7.468, 6.241, 7.548, 8.744, 8.497, 8.06, 8.561, 9.089, 7.277, 5.58, 5.373, 5.408, 5.023, 5.16, 5.886, 6.699, 7.994, 8.802, 8.852, 8.372, 10.711, 13.737, 15.557, 14.78, 13.8, 12.607, 11.576, 12.113, 14.722, 17.126, 18.061, 19.75, 20.636, 21.085, 20.564, 19.364, 18.099, 16.791, 15.286, 14.142, 15.999, 17.393, 18.338, 19.767, 19.461, 18.382, 16.548, 16.046, 17.663, 18.714, 17.788, 16.101, 15.917, 16.66, 16.537, 16.994, 18.214, 19.258, 20.081, 20.294, 19.568, 17.112, 15.09, 13.814, 12.451, 11.809, 11.441, 9.67, 9.05, 8.203, 7.269, 6.689, 6.167, 5.894, 4.466, 3.618, 3.503, 4.071, 3.661, 5.294, 6.301, 7.327, 8.699, 10.189, 9.889, 9.773, 12.074, 15.244, 14.16, 11.779], [15.476, 13.605, 13.689, 13.991, 14.208, 11.834, 8.544, 6.351, 4.805, 4.047, 4.743, 4.586, 4.804, 5.284, 4.766, 4.153, 3.519, 2.485, 3.006, 3.456, 1.97, 1.548, 0.0, 1.517, 2.695, 3.214, 5.032, 7.075, 6.342, 4.579, 3.404, 3.579, 3.617, 3.142, 2.962, 3.123, 2.97, 4.505, 5.227, 3.888, 3.318, 4.107, 3.382, 1.593, 2.428, 3.32, 3.255, 3.675, 2.82, 2.477, 4.99, 4.327, 3.335, 5.095, 7.495, 7.284, 6.562, 7.827, 8.914, 8.214, 7.535, 8.265, 8.653, 6.969, 5.363, 4.833, 5.152, 4.472, 4.85, 5.579, 6.596, 7.74, 8.498, 8.692, 8.271, 10.383, 13.457, 15.553, 14.802, 13.88, 12.581, 11.573, 12.117, 14.218, 16.936, 18.074, 19.766, 20.505, 20.909, 20.628, 19.428, 18.117, 16.722, 15.351, 14.064, 15.431, 16.876, 18.237, 19.848, 19.489, 18.391, 16.628, 15.916, 17.508, 18.704, 17.575, 15.937, 15.681, 16.669, 16.555, 17.086, 18.295, 19.338, 20.168, 20.392, 19.649, 17.193, 15.171, 13.895, 12.536, 11.81, 11.499, 9.636, 9.022, 8.307, 7.276, 6.458, 5.861, 5.823, 4.397, 3.298, 2.796, 3.347, 3.189, 5.004, 5.908, 6.879, 8.588, 9.689, 9.463, 9.435, 11.94, 15.324, 14.199, 11.81], [14.325, 12.458, 12.52, 12.831, 13.048, 10.699, 7.445, 5.436, 3.941, 3.492, 4.546, 4.732, 5.109, 5.558, 4.902, 4.523, 3.851, 3.108, 4.175, 4.634, 3.038, 2.126, 1.517, 0.0, 1.695, 2.172, 3.929, 6.111, 5.561, 4.467, 3.433, 3.498, 3.576, 3.37, 3.31, 3.404, 3.694, 5.529, 6.333, 4.882, 4.466, 5.347, 4.656, 2.451, 3.029, 4.281, 4.055, 4.06, 3.579, 2.363, 4.286, 3.533, 2.903, 4.221, 6.594, 6.529, 5.912, 7.153, 8.078, 7.143, 6.628, 7.178, 7.776, 6.202, 4.765, 4.287, 4.449, 4.136, 4.248, 4.859, 5.683, 6.845, 7.426, 7.421, 7.086, 9.174, 12.254, 14.204, 13.631, 12.71, 11.351, 10.354, 10.932, 13.11, 15.719, 16.904, 18.556, 19.205, 19.639, 19.457, 18.276, 16.799, 15.507, 14.14, 12.876, 14.316, 15.67, 17.067, 18.677, 18.319, 17.182, 15.458, 14.746, 16.345, 17.532, 16.366, 14.636, 14.458, 15.48, 15.247, 15.871, 17.125, 18.168, 18.991, 19.204, 18.479, 16.023, 14.001, 12.725, 11.382, 10.653, 10.273, 8.447, 7.882, 7.204, 6.483, 5.673, 4.83, 4.703, 3.361, 2.955, 2.721, 3.176, 2.788, 4.141, 5.074, 5.881, 7.29, 8.531, 8.328, 8.218, 10.578, 14.154, 13.029, 10.631], [13.113, 11.293, 11.343, 11.653, 11.87, 9.524, 6.194, 4.375, 3.242, 3.711, 4.816, 5.095, 5.563, 5.886, 5.301, 5.02, 4.235, 3.605, 5.336, 5.809, 4.208, 3.017, 2.695, 1.695, 0.0, 1.167, 2.564, 4.685, 4.39, 3.638, 2.753, 2.898, 2.929, 3.262, 3.728, 3.937, 4.77, 6.738, 7.535, 6.089, 5.669, 6.549, 5.782, 3.553, 4.357, 5.536, 5.249, 5.18, 4.801, 2.809, 3.07, 2.608, 2.201, 2.984, 5.515, 5.489, 5.118, 6.23, 7.068, 6.14, 5.537, 6.168, 6.663, 4.849, 3.599, 3.482, 3.429, 3.219, 3.167, 3.678, 4.449, 5.469, 6.085, 6.274, 5.8, 8.025, 11.079, 13.071, 12.42, 11.499, 10.14, 9.148, 9.718, 11.886, 14.542, 15.692, 17.36, 18.035, 18.49, 18.25, 17.075, 15.687, 14.341, 12.934, 11.693, 13.032, 14.468, 15.855, 17.466, 17.108, 15.971, 14.247, 13.535, 15.126, 16.321, 15.19, 13.464, 13.286, 14.284, 14.084, 14.66, 15.913, 16.957, 17.78, 17.993, 17.268, 14.812, 12.79, 11.514, 10.219, 9.454, 9.119, 7.267, 6.728, 5.99, 5.032, 4.2, 3.573, 3.518, 2.278, 2.097, 2.129, 2.554, 1.865, 2.69, 3.581, 4.538, 6.032, 7.216, 7.021, 6.985, 9.465, 12.943, 11.836, 9.405], [12.378, 10.56, 10.592, 10.86, 11.075, 8.766, 5.537, 3.742, 3.411, 3.831, 5.049, 5.321, 5.708, 6.087, 5.448, 5.151, 4.447, 3.925, 6.066, 6.555, 4.894, 3.447, 3.214, 2.172, 1.167, 0.0, 1.973, 4.305, 3.996, 3.522, 2.797, 3.16, 3.097, 3.598, 4.523, 4.764, 5.53, 7.494, 8.276, 6.853, 6.367, 7.248, 6.461, 4.121, 4.642, 5.901, 5.626, 5.435, 5.338, 3.129, 2.491, 2.19, 2.383, 2.563, 4.805, 5.083, 4.87, 6.017, 6.656, 5.667, 5.069, 5.637, 6.15, 4.591, 3.389, 3.224, 3.153, 3.028, 2.892, 3.414, 4.164, 5.25, 5.792, 5.754, 5.294, 7.428, 10.424, 12.446, 11.706, 10.729, 9.487, 8.473, 8.979, 11.354, 13.854, 14.966, 16.648, 17.474, 17.841, 17.49, 16.35, 15.048, 13.669, 12.208, 10.935, 12.625, 13.997, 15.098, 16.696, 16.348, 15.265, 13.477, 12.786, 14.388, 15.611, 14.518, 12.834, 12.642, 13.558, 13.45, 13.944, 15.143, 16.192, 17.018, 17.243, 16.497, 14.041, 12.019, 10.758, 9.462, 8.741, 8.41, 6.513, 5.944, 5.26, 4.592, 4.006, 2.986, 2.753, 1.644, 1.925, 2.434, 2.832, 1.819, 2.419, 3.284, 4.078, 5.514, 6.836, 6.51, 6.393, 8.861, 12.173, 11.061, 8.655], [10.846, 9.101, 9.113, 9.268, 9.48, 7.327, 4.233, 3.095, 3.868, 4.749, 5.867, 5.993, 6.447, 6.699, 6.207, 5.996, 5.309, 5.116, 7.742, 8.232, 6.517, 4.915, 5.032, 3.929, 2.564, 1.973, 0.0, 2.802, 3.063, 3.174, 3.302, 3.353, 3.413, 5.038, 6.047, 6.201, 7.193, 9.159, 9.952, 8.516, 7.985, 8.834, 8.056, 5.849, 6.221, 7.421, 7.109, 6.928, 6.854, 4.7, 1.622, 2.217, 2.78, 1.842, 3.907, 4.686, 4.626, 5.755, 6.062, 4.963, 4.156, 4.549, 5.174, 3.603, 2.61, 2.623, 2.557, 2.665, 2.394, 2.584, 3.206, 3.874, 4.431, 4.358, 3.971, 6.167, 9.079, 10.883, 10.083, 9.104, 7.97, 6.892, 7.438, 10.037, 12.269, 13.283, 15.038, 15.934, 16.351, 15.832, 14.803, 13.462, 12.078, 10.681, 9.379, 11.273, 12.66, 13.659, 15.089, 14.752, 13.658, 11.841, 11.279, 12.874, 13.921, 12.994, 11.367, 11.173, 11.868, 11.826, 12.355, 13.469, 14.638, 15.438, 15.657, 14.821, 12.374, 10.357, 9.338, 8.143, 7.273, 6.829, 5.142, 4.615, 3.832, 3.316, 2.924, 1.949, 1.516, 1.644, 2.759, 3.843, 3.89, 2.717, 1.767, 1.927, 2.704, 4.144, 5.666, 5.25, 5.133, 7.379, 10.554, 9.451, 7.172], [9.231, 7.472, 7.489, 7.648, 7.758, 5.617, 3.217, 4.209, 5.603, 7.082, 7.891, 8.145, 8.366, 8.623, 8.34, 7.982, 7.546, 7.201, 9.513, 9.97, 8.322, 7.361, 7.075, 6.111, 4.685, 4.305, 2.802, 0.0, 1.662, 4.491, 4.968, 4.777, 5.094, 6.748, 7.764, 7.949, 8.919, 10.884, 11.658, 10.244, 9.732, 10.618, 9.849, 8.044, 8.836, 9.876, 9.636, 9.525, 9.205, 7.211, 3.117, 3.428, 4.329, 3.176, 3.754, 5.189, 5.351, 6.861, 6.862, 4.854, 3.592, 3.724, 4.073, 2.508, 2.616, 3.027, 3.056, 4.063, 3.647, 2.294, 1.788, 1.859, 2.363, 2.587, 2.229, 4.231, 7.162, 9.124, 8.413, 7.48, 6.191, 5.177, 5.706, 7.732, 10.481, 11.543, 13.296, 14.019, 14.42, 14.218, 13.152, 11.778, 10.354, 9.046, 7.608, 8.921, 10.33, 11.764, 13.315, 12.996, 11.936, 10.126, 9.438, 10.963, 12.217, 11.004, 9.458, 9.198, 10.106, 10.053, 10.714, 11.81, 12.964, 13.747, 13.903, 13.105, 10.804, 8.801, 8.066, 6.829, 5.876, 5.228, 3.378, 3.056, 2.253, 1.78, 1.774, 1.86, 2.727, 3.973, 4.78, 5.796, 5.819, 4.806, 3.222, 1.811, 1.204, 2.425, 3.542, 3.228, 3.71, 5.692, 8.809, 7.732, 5.38], [10.551, 8.722, 8.728, 8.976, 9.19, 6.901, 3.796, 4.631, 6.055, 7.313, 8.322, 8.558, 8.872, 9.133, 8.786, 8.42, 7.895, 6.793, 8.108, 8.577, 7.231, 6.644, 6.342, 5.561, 4.39, 3.996, 3.063, 1.662, 0.0, 3.027, 3.758, 3.361, 3.562, 5.262, 6.244, 6.46, 7.427, 9.363, 10.128, 8.719, 8.244, 9.125, 8.444, 7.203, 8.148, 9.084, 8.817, 9.27, 8.508, 6.61, 2.587, 2.902, 3.495, 3.254, 4.311, 5.766, 5.905, 7.427, 7.341, 5.307, 3.914, 4.137, 4.363, 2.811, 1.758, 2.002, 1.876, 2.763, 2.488, 1.66, 1.363, 1.857, 3.134, 3.549, 3.194, 5.358, 8.473, 10.432, 9.819, 8.877, 7.55, 6.537, 7.095, 9.098, 11.885, 13.07, 14.722, 15.418, 15.799, 15.627, 14.499, 13.026, 11.695, 10.333, 9.026, 10.205, 11.702, 13.233, 14.844, 14.485, 13.349, 11.624, 10.912, 12.504, 13.698, 12.532, 10.854, 10.62, 11.646, 11.465, 12.06, 13.291, 14.347, 15.158, 15.371, 14.645, 12.189, 10.167, 8.989, 7.607, 6.884, 6.446, 4.619, 4.117, 3.376, 2.285, 1.645, 1.897, 2.883, 3.829, 3.896, 4.708, 4.786, 3.843, 2.488, 2.047, 2.118, 3.365, 4.503, 4.26, 4.325, 6.802, 10.32, 9.216, 6.768], [13.406, 11.522, 11.654, 11.907, 12.124, 9.767, 6.431, 4.731, 5.793, 6.707, 7.836, 7.972, 8.493, 8.814, 8.351, 8.123, 7.322, 6.075, 5.83, 6.195, 5.316, 5.375, 4.579, 4.467, 3.638, 3.522, 3.174, 4.491, 3.027, 0.0, 1.402, 1.61, 1.318, 2.644, 3.458, 3.644, 4.585, 6.462, 7.227, 5.941, 5.322, 6.15, 5.742, 4.959, 6.495, 7.215, 7.204, 7.921, 6.839, 5.258, 2.68, 3.068, 2.556, 3.595, 5.495, 6.284, 6.515, 7.656, 7.942, 6.346, 5.276, 5.97, 6.284, 4.379, 2.417, 2.036, 2.014, 1.353, 1.865, 2.563, 3.778, 4.687, 6.03, 6.378, 6.035, 8.245, 11.413, 13.425, 12.714, 11.786, 10.548, 9.535, 10.089, 12.067, 14.786, 15.97, 17.715, 18.416, 18.794, 18.524, 17.4, 16.002, 14.642, 13.317, 11.982, 13.211, 14.7, 16.208, 17.793, 17.432, 16.347, 14.548, 13.792, 15.401, 16.599, 15.443, 13.852, 13.594, 14.539, 14.463, 15.058, 16.191, 17.304, 18.14, 18.364, 17.537, 15.072, 13.068, 11.786, 10.471, 9.698, 9.413, 7.59, 6.972, 6.224, 4.777, 3.76, 3.745, 3.867, 3.464, 2.294, 2.693, 2.723, 2.283, 2.155, 3.128, 4.618, 6.332, 7.433, 7.239, 7.227, 9.816, 13.258, 12.096, 9.743], [13.908, 12.024, 12.115, 12.403, 12.598, 10.261, 6.921, 4.761, 5.077, 5.775, 6.812, 7.098, 7.605, 7.973, 7.526, 7.212, 6.388, 5.056, 4.894, 5.143, 4.267, 4.252, 3.404, 3.433, 2.753, 2.797, 3.302, 4.968, 3.758, 1.402, 0.0, 1.365, 1.065, 1.877, 2.883, 3.0, 4.003, 5.935, 6.701, 5.303, 4.797, 5.674, 4.996, 3.69, 5.247, 5.966, 5.952, 6.749, 5.716, 4.143, 2.907, 2.904, 2.136, 3.365, 5.824, 6.026, 6.079, 7.235, 7.651, 6.52, 5.659, 6.451, 6.792, 4.802, 2.797, 2.424, 2.422, 1.694, 2.11, 3.067, 4.301, 5.295, 6.576, 6.919, 6.558, 8.763, 11.913, 13.964, 13.245, 12.304, 11.03, 10.021, 10.549, 12.528, 15.358, 16.497, 18.217, 18.94, 19.327, 19.061, 17.88, 16.543, 15.164, 13.819, 12.511, 13.752, 15.232, 16.686, 18.263, 17.934, 16.857, 15.048, 14.316, 15.909, 17.154, 15.959, 14.379, 14.119, 15.073, 14.974, 15.547, 16.718, 17.769, 18.603, 18.824, 18.053, 15.595, 13.604, 12.29, 10.954, 10.243, 9.882, 8.057, 7.44, 6.682, 5.237, 4.269, 4.202, 4.245, 3.019, 1.486, 1.815, 2.098, 1.702, 2.467, 3.692, 5.16, 6.873, 7.97, 7.774, 7.768, 10.357, 13.748, 12.62, 10.203], [13.706, 11.833, 11.912, 12.213, 12.413, 10.052, 6.643, 4.565, 4.854, 5.805, 6.861, 7.081, 7.551, 7.927, 7.487, 7.158, 6.375, 5.178, 5.108, 5.395, 4.263, 4.306, 3.579, 3.498, 2.898, 3.16, 3.353, 4.777, 3.361, 1.61, 1.365, 0.0, 0.882, 2.14, 3.104, 3.24, 4.195, 6.146, 6.95, 5.498, 5.093, 5.972, 5.402, 4.075, 5.291, 6.094, 6.023, 6.882, 5.744, 4.245, 2.995, 2.504, 1.644, 3.063, 5.567, 5.542, 5.411, 6.644, 7.178, 6.148, 5.336, 6.099, 6.506, 4.476, 2.346, 2.043, 1.954, 1.605, 2.056, 2.694, 3.899, 4.891, 6.158, 6.54, 6.223, 8.488, 11.636, 13.598, 13.029, 12.107, 10.754, 9.757, 10.332, 12.317, 15.112, 16.297, 17.959, 18.593, 19.036, 18.845, 17.657, 16.165, 14.91, 13.543, 12.263, 13.383, 14.881, 16.47, 18.08, 17.721, 16.585, 14.857, 14.134, 15.721, 16.907, 15.763, 14.014, 13.857, 14.871, 14.651, 15.274, 16.516, 17.572, 18.395, 18.608, 17.871, 15.413, 13.394, 12.107, 10.753, 10.025, 9.636, 7.82, 7.255, 6.494, 5.093, 3.934, 4.002, 4.056, 3.595, 1.899, 2.198, 2.561, 2.011, 2.348, 3.459, 4.937, 6.48, 7.627, 7.49, 7.456, 9.961, 13.555, 12.423, 9.984], [14.013, 12.141, 12.223, 12.519, 12.729, 10.363, 6.949, 4.719, 5.061, 5.841, 6.885, 7.133, 7.646, 8.075, 7.642, 7.311, 6.443, 5.205, 4.87, 5.319, 4.284, 4.344, 3.617, 3.576, 2.929, 3.097, 3.413, 5.094, 3.562, 1.318, 1.065, 0.882, 0.0, 1.924, 2.788, 2.931, 3.896, 5.83, 6.635, 5.195, 4.776, 5.682, 5.085, 4.052, 5.374, 6.118, 6.093, 6.899, 5.799, 4.304, 3.058, 2.837, 1.972, 3.323, 5.845, 5.955, 5.894, 7.049, 7.544, 6.487, 5.68, 6.432, 6.829, 4.765, 2.674, 2.322, 2.236, 1.534, 1.922, 3.025, 4.205, 5.173, 6.522, 6.893, 6.536, 8.804, 11.952, 13.914, 13.336, 12.414, 11.07, 10.073, 10.645, 12.641, 15.42, 16.604, 18.272, 18.909, 19.353, 19.152, 17.968, 16.481, 15.219, 13.859, 12.571, 13.699, 15.197, 16.78, 18.388, 18.028, 16.899, 15.164, 14.441, 16.029, 17.214, 16.07, 14.331, 14.17, 15.179, 14.967, 15.591, 16.823, 17.881, 18.706, 18.921, 18.178, 15.721, 13.702, 12.415, 11.067, 10.332, 9.952, 8.136, 7.562, 6.81, 5.365, 4.24, 4.306, 4.343, 3.395, 1.784, 2.163, 2.519, 1.896, 2.286, 3.753, 5.239, 6.796, 7.954, 7.806, 7.791, 10.278, 13.863, 12.731, 10.297], [15.684, 13.803, 13.889, 14.183, 14.38, 12.028, 8.662, 6.321, 5.461, 5.656, 6.633, 6.974, 7.401, 7.925, 7.44, 7.092, 6.248, 4.774, 3.866, 3.879, 3.67, 3.985, 3.142, 3.37, 3.262, 3.598, 5.038, 6.748, 5.262, 2.644, 1.877, 2.14, 1.924, 0.0, 1.332, 1.426, 2.394, 4.167, 4.937, 3.622, 3.357, 4.009, 3.439, 2.832, 4.476, 5.248, 5.224, 6.237, 5.074, 3.829, 4.689, 4.051, 2.735, 4.954, 7.492, 7.291, 6.48, 7.716, 8.889, 8.156, 7.281, 8.104, 8.474, 6.511, 4.392, 4.056, 4.006, 3.249, 3.655, 4.735, 5.973, 6.899, 8.208, 8.557, 8.273, 10.484, 13.652, 15.663, 15.011, 14.085, 12.786, 11.773, 12.323, 14.302, 17.099, 18.278, 19.954, 20.654, 21.033, 20.835, 19.638, 18.238, 16.887, 15.555, 14.24, 15.451, 16.938, 18.446, 20.045, 19.698, 18.585, 16.83, 16.099, 17.686, 18.912, 17.74, 16.091, 15.834, 16.836, 16.702, 17.297, 18.493, 19.546, 20.375, 20.597, 19.836, 17.378, 15.379, 14.072, 12.728, 12.011, 11.651, 9.826, 9.222, 8.461, 6.994, 5.967, 5.975, 6.017, 4.566, 2.686, 2.212, 2.331, 2.403, 3.9, 5.441, 6.914, 8.556, 9.671, 9.477, 9.433, 12.037, 15.52, 14.403, 11.978], [16.694, 14.821, 14.898, 15.198, 15.399, 13.038, 9.638, 7.292, 5.802, 5.631, 6.211, 6.505, 6.975, 7.558, 7.084, 6.674, 5.854, 4.49, 3.489, 3.446, 3.406, 3.718, 2.962, 3.31, 3.728, 4.523, 6.047, 7.764, 6.244, 3.458, 2.883, 3.104, 2.788, 1.332, 0.0, 0.848, 1.673, 3.308, 3.97, 2.914, 2.852, 3.285, 2.925, 2.433, 4.109, 4.881, 4.848, 5.878, 4.705, 3.921, 5.659, 4.978, 3.579, 5.899, 8.501, 8.3, 7.323, 8.493, 9.879, 9.115, 8.337, 9.081, 9.52, 7.507, 5.407, 5.027, 4.928, 4.147, 4.59, 5.706, 6.937, 7.865, 9.221, 9.555, 9.239, 11.474, 14.622, 16.623, 16.02, 15.095, 13.746, 12.743, 13.318, 15.303, 18.109, 19.285, 20.945, 21.614, 22.022, 21.833, 20.644, 19.198, 17.896, 16.53, 15.249, 16.402, 17.898, 19.456, 21.067, 20.708, 19.571, 17.845, 17.117, 18.709, 19.911, 18.751, 17.05, 16.843, 17.859, 17.662, 18.26, 19.504, 20.558, 21.381, 21.594, 20.858, 18.396, 16.382, 15.095, 13.739, 13.019, 12.622, 10.806, 10.241, 9.48, 7.973, 6.943, 6.988, 7.021, 5.611, 3.708, 2.777, 3.025, 3.388, 4.849, 6.458, 7.931, 9.516, 10.631, 10.476, 10.445, 12.997, 16.543, 15.411, 12.97], [16.854, 14.982, 15.064, 15.358, 15.561, 13.2, 9.791, 7.474, 5.999, 5.853, 6.398, 6.801, 7.215, 7.861, 7.374, 6.905, 6.086, 4.574, 3.421, 3.256, 3.338, 3.918, 3.123, 3.404, 3.937, 4.764, 6.201, 7.949, 6.46, 3.644, 3.0, 3.24, 2.931, 1.426, 0.848, 0.0, 1.394, 3.107, 3.904, 2.729, 2.784, 3.3, 2.865, 2.367, 3.964, 4.711, 4.711, 5.794, 4.613, 3.943, 5.839, 5.154, 3.778, 6.08, 8.688, 8.467, 7.494, 8.618, 10.049, 9.249, 8.499, 9.315, 9.663, 7.611, 5.513, 5.14, 4.96, 4.174, 4.605, 5.864, 7.088, 8.06, 9.372, 9.77, 9.399, 11.662, 14.795, 16.79, 16.177, 15.255, 13.914, 12.916, 13.486, 15.492, 18.292, 19.445, 21.125, 21.764, 22.222, 21.993, 20.81, 19.359, 18.071, 16.7, 15.417, 16.582, 18.067, 19.621, 21.229, 20.869, 19.74, 18.006, 17.282, 18.87, 20.055, 18.939, 17.194, 17.031, 18.031, 17.822, 18.433, 19.664, 20.722, 21.547, 21.762, 21.019, 18.562, 16.543, 15.256, 13.901, 13.175, 12.805, 10.976, 10.403, 9.644, 8.168, 7.093, 7.144, 7.182, 5.745, 3.858, 3.055, 3.058, 3.559, 4.949, 6.554, 8.108, 9.693, 10.82, 10.678, 10.688, 13.176, 16.704, 15.572, 13.138], [17.848, 15.976, 16.058, 16.352, 16.554, 14.194, 10.797, 8.494, 6.915, 6.056, 6.719, 6.936, 7.104, 8.015, 7.405, 6.596, 6.016, 3.961, 2.575, 2.35, 2.591, 3.64, 2.97, 3.694, 4.77, 5.53, 7.193, 8.919, 7.427, 4.585, 4.003, 4.195, 3.896, 2.394, 1.673, 1.394, 0.0, 2.244, 2.925, 1.949, 1.769, 2.406, 2.085, 2.124, 3.659, 3.919, 4.035, 5.041, 3.795, 3.533, 6.869, 6.209, 4.778, 7.108, 9.698, 9.51, 8.532, 9.622, 11.084, 10.243, 9.452, 10.274, 10.637, 8.619, 6.452, 6.055, 5.892, 4.982, 5.419, 6.787, 8.052, 9.02, 10.326, 10.726, 10.38, 12.636, 15.787, 17.76, 17.171, 16.249, 14.908, 13.908, 14.48, 16.487, 19.255, 20.439, 22.107, 22.75, 23.189, 22.987, 21.803, 20.328, 19.054, 17.694, 16.406, 17.546, 19.045, 20.615, 22.223, 21.863, 20.734, 18.999, 18.269, 19.864, 21.049, 19.905, 18.174, 18.002, 19.014, 18.807, 19.426, 20.658, 21.716, 22.541, 22.756, 22.01, 19.548, 17.537, 16.249, 14.895, 14.167, 13.787, 11.97, 11.397, 10.638, 9.231, 8.07, 8.147, 8.176, 6.715, 4.834, 3.881, 4.033, 4.514, 5.89, 7.552, 9.074, 10.641, 11.797, 11.646, 11.635, 14.12, 17.698, 16.566, 14.132], [19.813, 17.937, 18.022, 18.316, 18.519, 16.159, 12.746, 10.413, 8.872, 7.977, 8.103, 7.808, 8.023, 8.988, 8.441, 7.224, 6.791, 4.864, 2.301, 1.944, 3.214, 4.781, 4.505, 5.529, 6.738, 7.494, 9.159, 10.884, 9.363, 6.462, 5.935, 6.146, 5.83, 4.167, 3.308, 3.107, 2.244, 0.0, 1.073, 1.047, 1.634, 1.239, 1.635, 3.713, 4.856, 4.105, 4.611, 5.307, 3.961, 5.225, 8.788, 8.095, 6.699, 9.035, 11.627, 11.428, 10.441, 11.545, 13.002, 12.199, 11.359, 12.208, 12.582, 10.561, 8.422, 8.021, 7.839, 6.963, 7.401, 8.756, 10.023, 10.96, 12.268, 12.639, 12.344, 14.612, 17.752, 19.733, 19.136, 18.213, 16.872, 15.873, 16.445, 18.429, 21.223, 22.402, 24.072, 24.723, 25.162, 24.952, 23.768, 22.307, 21.035, 19.659, 18.386, 19.511, 21.008, 22.58, 24.181, 23.828, 22.706, 20.961, 20.225, 21.822, 23.014, 21.87, 20.16, 19.982, 20.978, 20.773, 21.391, 22.62, 23.681, 24.506, 24.719, 23.966, 21.504, 19.501, 18.206, 16.86, 16.132, 15.752, 13.935, 13.358, 12.603, 11.129, 10.038, 10.101, 10.139, 8.672, 6.795, 5.826, 5.995, 6.488, 7.798, 9.491, 11.039, 12.626, 13.752, 13.615, 13.582, 16.107, 19.657,