[[0.0, 1.845, 2.224, 2.286, 2.842, 3.303, 4.709, 5.866, 6.062, 6.892, 9.069, 9.056, 10.835, 12.766, 14.888, 13.655, 11.158, 10.078, 10.509, 12.106, 12.656, 11.323, 11.506, 12.037, 11.311, 10.95, 12.451, 13.611, 13.963, 13.872, 14.226, 14.043, 13.802, 12.877, 12.553, 12.167, 12.848, 14.408, 14.601, 13.62, 13.655, 15.058, 16.083, 15.049, 14.319, 16.159, 19.527, 17.333, 16.643, 17.709, 19.56, 20.772, 22.166, 23.937, 23.738, 22.962, 23.903, 25.109, 22.296, 21.497, 21.978, 19.897, 17.742, 18.36, 19.064, 19.994, 20.381, 20.483, 19.956, 18.876, 17.718, 17.678, 18.568, 18.92, 18.907, 18.731, 20.474, 21.526, 21.432, 20.785, 20.882, 20.669, 21.274, 22.908, 21.399, 19.942, 21.637, 22.555, 21.894, 23.482, 23.849, 23.486, 23.724, 23.352, 24.23, 23.61, 22.23, 19.789, 19.13, 20.432, 20.892, 20.653, 21.293, 21.181, 21.007, 21.859, 22.671, 20.299, 17.9, 15.666, 13.687, 13.442, 13.03, 10.603, 6.876, 6.813, 8.647, 9.663, 10.083, 11.367, 13.05, 14.096, 13.699, 14.079, 14.129, 13.23, 12.365, 11.134, 11.132, 12.059, 12.831, 13.27, 13.649, 12.299, 11.321, 11.179, 11.557, 13.597, 12.908, 12.083, 13.553, 14.883, 13.214, 10.737, 9.139, 7.619], [1.845, 0.0, 1.292, 1.472, 1.877, 2.296, 3.753, 5.092, 5.34, 6.054, 7.888, 8.383, 10.33, 12.547, 14.632, 13.392, 10.963, 9.861, 10.262, 11.843, 12.38, 10.926, 11.167, 11.873, 11.013, 10.736, 12.295, 13.234, 13.53, 13.453, 13.89, 13.61, 13.38, 12.382, 12.211, 11.855, 12.455, 13.924, 13.728, 12.956, 13.043, 14.476, 15.04, 14.146, 13.787, 15.855, 18.48, 16.202, 15.488, 16.828, 18.361, 19.663, 20.997, 22.815, 22.721, 21.935, 22.837, 23.929, 21.169, 20.325, 20.777, 18.977, 17.404, 17.913, 18.789, 19.486, 19.62, 19.769, 19.495, 18.354, 17.377, 17.185, 17.788, 18.165, 18.578, 18.248, 19.79, 21.189, 21.119, 20.41, 20.081, 20.095, 20.324, 21.75, 20.33, 19.174, 20.621, 21.652, 21.484, 22.416, 22.941, 22.548, 22.603, 22.367, 23.175, 22.671, 21.181, 19.009, 18.418, 19.769, 20.035, 19.811, 20.47, 19.993, 19.824, 20.677, 21.484, 19.339, 16.877, 15.027, 13.209, 12.653, 11.869, 9.436, 5.977, 5.875, 7.949, 9.327, 9.805, 10.444, 11.936, 12.912, 12.589, 13.076, 12.944, 12.153, 11.353, 10.705, 10.582, 11.463, 12.13, 12.434, 12.474, 11.081, 10.413, 10.339, 10.383, 12.414, 11.734, 11.214, 12.936, 13.954, 12.368, 9.815, 8.236, 6.764], [2.224, 1.292, 0.0, 1.197, 2.132, 1.985, 3.225, 4.43, 4.884, 5.829, 7.676, 8.09, 9.745, 12.202, 14.211, 12.972, 10.483, 9.389, 9.84, 11.487, 12.1, 10.505, 10.727, 11.412, 10.661, 10.324, 11.891, 12.843, 13.18, 13.07, 13.44, 13.267, 13.015, 11.971, 11.79, 11.433, 11.914, 13.414, 13.273, 12.637, 12.64, 13.979, 14.772, 13.759, 13.263, 15.566, 18.21, 15.707, 14.981, 16.549, 18.149, 19.34, 20.642, 22.471, 22.537, 21.616, 22.613, 23.574, 20.695, 19.828, 20.387, 18.68, 16.811, 17.294, 18.264, 19.092, 19.272, 19.523, 19.053, 17.931, 16.996, 16.763, 17.212, 17.79, 18.26, 17.939, 19.436, 20.896, 20.698, 20.066, 19.942, 19.965, 20.197, 21.372, 20.239, 18.965, 20.569, 21.612, 21.322, 22.347, 22.886, 22.399, 22.519, 22.308, 23.105, 22.517, 21.109, 18.77, 18.35, 19.698, 19.923, 19.603, 20.337, 19.846, 19.65, 20.267, 21.254, 19.282, 16.8, 14.851, 13.13, 12.592, 11.484, 9.027, 5.75, 5.588, 7.873, 9.116, 9.479, 10.263, 11.631, 12.467, 12.216, 12.828, 12.806, 11.857, 11.063, 10.528, 10.326, 11.218, 11.884, 12.167, 12.192, 10.779, 10.256, 10.206, 10.061, 11.879, 11.48, 10.966, 12.445, 13.626, 12.155, 9.711, 8.167, 6.627], [2.286, 1.472, 1.197, 0.0, 1.432, 1.501, 3.021, 4.6, 4.747, 5.539, 7.269, 8.039, 9.915, 12.106, 14.321, 13.066, 10.806, 9.665, 10.038, 11.453, 11.937, 10.557, 10.682, 11.268, 10.742, 10.446, 11.99, 13.006, 13.325, 13.231, 13.592, 13.403, 13.156, 12.102, 11.938, 11.581, 12.02, 13.515, 13.253, 12.536, 12.625, 13.809, 14.449, 13.488, 13.135, 15.383, 17.943, 15.507, 14.759, 16.281, 17.782, 19.039, 20.349, 22.056, 22.183, 21.325, 22.214, 23.245, 20.497, 19.491, 19.957, 18.358, 16.803, 17.389, 18.303, 19.152, 19.099, 19.297, 18.916, 17.813, 16.935, 16.775, 17.303, 17.838, 18.182, 17.825, 19.286, 20.77, 20.563, 19.885, 19.603, 19.648, 19.851, 21.056, 19.881, 18.728, 20.22, 21.255, 21.091, 22.01, 22.543, 22.148, 22.174, 21.948, 22.752, 22.186, 20.78, 18.51, 18.037, 19.41, 19.565, 19.259, 19.978, 19.489, 19.259, 19.898, 20.881, 18.954, 16.512, 14.658, 12.909, 12.32, 11.241, 8.837, 5.616, 5.466, 7.535, 8.926, 9.334, 9.961, 11.34, 12.184, 11.995, 12.554, 12.432, 11.594, 10.816, 10.286, 10.109, 10.985, 11.637, 11.907, 11.87, 10.379, 9.995, 9.819, 9.696, 11.51, 11.15, 10.672, 12.305, 13.259, 11.831, 9.393, 7.84, 6.31], [2.842, 1.877, 2.132, 1.432, 0.0, 1.473, 3.338, 5.118, 5.299, 5.701, 6.793, 8.343, 10.356, 12.374, 14.777, 13.555, 11.413, 10.28, 10.63, 11.67, 12.129, 10.843, 10.924, 11.545, 10.964, 10.823, 12.377, 13.354, 13.641, 13.59, 13.922, 13.705, 13.517, 12.502, 12.334, 11.983, 12.43, 13.899, 13.535, 12.797, 12.931, 14.093, 14.433, 13.508, 13.436, 15.537, 17.754, 15.223, 14.774, 16.263, 17.333, 18.584, 19.96, 21.616, 21.672, 20.906, 21.685, 22.675, 20.179, 19.454, 19.487, 18.35, 17.127, 17.707, 18.584, 19.356, 19.284, 19.331, 19.086, 18.01, 17.142, 17.035, 17.711, 18.099, 18.375, 18.007, 19.456, 20.971, 20.76, 20.055, 19.425, 19.435, 19.636, 20.562, 19.607, 18.766, 19.893, 20.987, 21.048, 21.537, 22.201, 22.106, 21.863, 21.595, 22.406, 21.766, 20.584, 18.587, 18.016, 19.224, 19.275, 19.116, 19.587, 18.953, 18.729, 19.499, 20.301, 18.583, 16.418, 14.803, 12.956, 12.27, 11.153, 8.471, 5.905, 5.945, 7.564, 9.08, 9.509, 9.827, 11.261, 11.936, 12.081, 12.52, 12.046, 11.455, 10.749, 10.285, 10.17, 10.88, 11.562, 11.961, 11.504, 10.089, 9.924, 9.616, 9.425, 11.057, 10.622, 10.827, 12.412, 13.379, 11.56, 9.248, 7.757, 6.321], [3.303, 2.296, 1.985, 1.501, 1.473, 0.0, 2.568, 4.558, 5.073, 5.47, 6.484, 8.045, 9.973, 12.043, 14.514, 13.345, 11.315, 10.182, 10.529, 11.208, 11.607, 10.522, 10.41, 10.946, 10.585, 10.745, 12.179, 13.028, 13.29, 13.2, 13.534, 13.301, 13.152, 12.191, 12.028, 11.705, 11.906, 13.411, 12.958, 12.367, 12.561, 13.407, 13.696, 12.722, 12.739, 14.955, 17.151, 14.527, 13.888, 15.559, 16.89, 18.103, 19.45, 21.183, 21.375, 20.459, 21.397, 22.292, 19.533, 18.623, 19.058, 17.685, 16.337, 16.945, 17.968, 18.884, 18.692, 18.669, 18.396, 17.454, 16.644, 16.535, 17.061, 17.556, 17.787, 17.4, 18.833, 20.436, 20.209, 19.454, 18.905, 18.973, 19.082, 20.118, 19.159, 18.106, 19.449, 20.545, 20.423, 21.216, 21.779, 21.468, 21.419, 21.183, 21.994, 21.354, 20.055, 17.91, 17.404, 18.733, 18.852, 18.578, 19.217, 18.655, 18.398, 18.969, 19.983, 18.22, 15.918, 14.158, 12.312, 11.688, 10.488, 7.899, 5.377, 5.382, 6.964, 8.409, 8.89, 9.266, 10.586, 11.25, 11.254, 11.846, 11.642, 10.793, 10.108, 9.718, 9.535, 10.303, 10.939, 11.26, 11.056, 9.466, 9.34, 9.111, 8.811, 10.502, 10.263, 10.167, 11.647, 12.663, 11.082, 8.721, 7.24, 5.786], [4.709, 3.753, 3.225, 3.021, 3.338, 2.568, 0.0, 2.207, 2.985, 3.579, 4.984, 5.766, 7.622, 9.699, 12.128, 11.011, 9.039, 7.908, 8.245, 8.869, 9.4, 8.179, 8.027, 8.547, 8.153, 8.339, 9.643, 10.641, 10.908, 10.832, 11.164, 10.933, 10.78, 9.806, 9.638, 9.317, 9.506, 11.028, 10.587, 10.026, 10.258, 11.175, 11.868, 10.722, 10.372, 12.719, 15.365, 12.929, 12.314, 13.677, 15.317, 16.48, 17.847, 19.571, 19.5, 18.594, 19.572, 20.793, 17.884, 17.126, 17.663, 15.794, 13.999, 14.641, 15.539, 16.416, 16.495, 16.703, 16.257, 15.109, 14.291, 14.182, 14.681, 15.229, 15.486, 15.134, 16.626, 18.106, 17.815, 17.245, 17.029, 17.056, 17.261, 18.589, 17.321, 16.145, 17.637, 18.684, 18.513, 19.469, 19.957, 19.624, 19.616, 19.351, 20.165, 19.612, 18.233, 15.954, 15.505, 16.863, 16.994, 16.694, 17.372, 16.98, 16.843, 17.52, 18.437, 16.481, 14.102, 12.213, 10.434, 9.847, 8.899, 6.465, 3.584, 3.588, 5.317, 6.448, 6.711, 7.396, 8.764, 9.805, 9.481, 10.014, 10.013, 9.013, 8.255, 7.699, 7.54, 8.409, 9.055, 9.34, 9.39, 8.027, 7.434, 7.239, 7.277, 9.159, 8.665, 8.088, 9.557, 10.578, 9.11, 6.723, 5.183, 3.771], [5.866, 5.092, 4.43, 4.6, 5.118, 4.558, 2.207, 0.0, 1.586, 2.423, 4.175, 4.018, 5.554, 8.01, 9.997, 8.953, 7.141, 6.044, 6.338, 7.374, 8.0, 6.503, 6.637, 7.32, 6.484, 6.539, 7.733, 8.606, 8.956, 8.872, 9.28, 9.045, 8.781, 7.703, 7.496, 7.218, 7.634, 9.099, 9.193, 8.568, 8.48, 9.941, 10.818, 9.825, 9.122, 11.365, 14.316, 12.056, 11.422, 12.579, 14.411, 15.489, 16.959, 18.742, 18.68, 17.765, 18.8, 19.91, 17.023, 16.205, 16.773, 14.747, 12.524, 13.138, 13.97, 14.814, 15.223, 15.469, 14.904, 13.828, 12.828, 12.585, 13.112, 13.633, 14.058, 13.799, 15.332, 16.696, 16.524, 15.868, 15.886, 15.779, 16.193, 17.695, 16.301, 14.899, 16.599, 17.538, 17.147, 18.428, 18.828, 18.443, 18.643, 18.29, 19.137, 18.539, 17.236, 14.875, 14.394, 15.711, 15.972, 15.664, 16.276, 16.142, 15.955, 16.691, 17.714, 15.601, 13.268, 11.138, 9.434, 8.969, 8.397, 6.001, 3.222, 3.02, 4.751, 5.444, 5.429, 6.323, 7.923, 8.967, 8.565, 9.001, 9.214, 8.143, 7.325, 6.578, 6.416, 7.187, 7.808, 8.269, 8.6, 7.347, 6.511, 6.253, 6.598, 8.301, 7.787, 7.003, 8.312, 9.73, 8.197, 5.913, 4.469, 3.395], [6.062, 5.34, 4.884, 4.747, 5.299, 5.073, 2.985, 1.586, 0.0, 1.532, 3.569, 3.772, 5.502, 7.847, 9.71, 8.426, 6.283, 5.268, 5.575, 7.235, 7.792, 6.389, 6.591, 7.251, 6.575, 6.183, 7.642, 8.703, 9.088, 8.987, 9.307, 9.12, 8.896, 7.741, 7.402, 7.136, 7.8, 9.236, 9.123, 8.388, 8.257, 9.722, 10.525, 9.562, 9.054, 11.197, 13.903, 11.741, 11.087, 12.165, 13.999, 15.118, 16.562, 18.385, 18.263, 17.413, 18.428, 19.532, 16.662, 15.856, 16.341, 14.41, 12.626, 13.171, 14.08, 14.887, 14.968, 15.131, 14.7, 13.68, 12.759, 12.512, 13.166, 13.623, 13.967, 13.622, 15.138, 16.576, 16.373, 15.693, 15.457, 15.435, 15.75, 17.288, 15.865, 14.53, 16.163, 17.113, 16.831, 18.01, 18.429, 18.054, 18.223, 17.872, 18.71, 18.148, 16.838, 14.516, 14.072, 15.392, 15.604, 15.337, 15.92, 15.745, 15.577, 16.36, 17.334, 15.261, 12.888, 10.861, 9.11, 8.61, 8.041, 5.752, 3.082, 3.007, 4.565, 5.208, 5.298, 5.958, 7.597, 8.625, 8.201, 8.692, 8.873, 7.765, 6.985, 6.314, 6.128, 6.849, 7.457, 7.921, 8.218, 7.006, 6.301, 6.005, 6.278, 8.028, 7.362, 6.644, 8.131, 9.423, 7.872, 5.583, 4.203, 3.257], [6.892, 6.054, 5.829, 5.539, 5.701, 5.47, 3.579, 2.423, 1.532, 0.0, 2.376, 3.143, 4.929, 7.015, 9.317, 8.108, 5.918, 4.838, 5.157, 6.442, 6.866, 5.608, 5.813, 6.42, 5.847, 5.596, 7.112, 8.064, 8.343, 8.251, 8.603, 8.397, 8.161, 7.109, 6.847, 6.546, 7.183, 8.633, 8.248, 7.556, 7.639, 8.972, 9.438, 8.502, 8.266, 10.285, 12.708, 10.61, 9.929, 11.091, 12.743, 13.967, 15.401, 17.243, 17.069, 16.293, 17.261, 18.373, 15.504, 14.741, 15.195, 13.379, 11.91, 12.423, 13.386, 14.175, 14.081, 14.102, 13.755, 12.832, 11.917, 11.711, 12.563, 12.908, 13.04, 12.662, 14.15, 15.741, 15.566, 14.785, 14.251, 14.301, 14.514, 16.083, 14.631, 13.452, 14.888, 15.838, 15.709, 16.738, 17.152, 16.9, 16.942, 16.594, 17.451, 16.906, 15.525, 13.475, 12.9, 14.231, 14.39, 14.278, 14.745, 14.588, 14.291, 15.203, 16.15, 14.043, 11.691, 9.931, 8.053, 7.472, 6.926, 4.654, 2.526, 2.627, 3.557, 4.341, 4.441, 4.845, 6.429, 7.426, 7.077, 7.521, 7.667, 6.671, 5.919, 5.368, 5.252, 5.814, 6.442, 6.938, 7.125, 5.936, 5.461, 5.03, 5.194, 6.93, 6.212, 5.753, 7.202, 8.459, 6.664, 4.498, 3.337, 2.62], [9.069, 7.888, 7.676, 7.269, 6.793, 6.484, 4.984, 4.175, 3.569, 2.376, 0.0, 2.329, 4.284, 6.262, 8.69, 7.509, 5.794, 4.873, 5.086, 5.422, 5.866, 4.819, 4.702, 5.202, 4.821, 5.13, 6.406, 7.306, 7.592, 7.533, 7.833, 7.577, 7.446, 6.413, 6.231, 5.901, 6.28, 7.727, 7.242, 6.566, 6.803, 7.812, 7.785, 6.928, 6.938, 8.957, 11.021, 8.516, 8.113, 9.544, 10.631, 11.912, 13.267, 15.02, 15.052, 14.279, 15.137, 16.073, 13.479, 12.709, 12.929, 11.696, 10.634, 11.256, 12.248, 12.997, 12.735, 12.675, 12.479, 11.597, 10.842, 10.717, 11.437, 11.721, 11.83, 11.419, 12.846, 14.512, 14.343, 13.47, 12.694, 12.754, 12.978, 13.971, 12.888, 12.092, 13.181, 14.278, 14.372, 14.871, 15.501, 15.428, 15.148, 14.882, 15.692, 15.077, 13.93, 12.114, 11.616, 12.78, 12.824, 12.659, 13.065, 12.398, 12.182, 12.926, 13.988, 12.263, 10.124, 8.552, 6.798, 6.112, 5.04, 3.236, 3.317, 3.523, 3.481, 4.089, 3.703, 3.441, 4.721, 5.319, 5.492, 6.0, 5.515, 4.953, 4.513, 4.27, 4.155, 4.622, 5.052, 5.536, 5.265, 4.417, 4.564, 4.161, 3.803, 4.729, 4.069, 4.365, 5.86, 6.82, 5.044, 3.284, 3.147, 3.026], [9.056, 8.383, 8.09, 8.039, 8.343, 8.045, 5.766, 4.018, 3.772, 3.143, 2.329, 0.0, 2.487, 4.285, 6.514, 5.355, 4.178, 3.548, 3.496, 3.841, 4.282, 2.885, 3.035, 3.822, 2.958, 3.349, 4.293, 5.195, 5.509, 5.472, 5.806, 5.545, 5.339, 4.277, 4.062, 3.763, 4.293, 5.703, 5.83, 4.987, 5.063, 6.479, 7.383, 6.465, 5.682, 7.718, 10.832, 8.676, 8.041, 9.075, 10.911, 12.021, 13.495, 15.27, 15.134, 14.328, 15.255, 16.448, 13.607, 12.778, 13.259, 11.229, 9.173, 9.748, 10.503, 11.323, 11.68, 11.789, 11.35, 10.313, 9.188, 9.059, 9.764, 10.148, 10.36, 10.152, 11.809, 12.983, 12.859, 12.191, 12.236, 12.041, 12.562, 14.216, 12.705, 11.259, 12.94, 13.854, 13.354, 14.755, 15.1, 14.813, 15.064, 14.674, 15.563, 14.899, 13.632, 11.359, 10.794, 12.037, 12.45, 12.191, 12.786, 12.645, 12.46, 13.34, 14.317, 12.044, 9.819, 7.726, 5.98, 5.645, 5.565, 4.252, 3.459, 3.72, 3.747, 3.876, 3.185, 3.168, 4.695, 5.605, 5.18, 5.509, 5.744, 4.915, 4.681, 3.826, 3.563, 4.418, 4.852, 5.287, 5.874, 5.33, 4.625, 4.362, 4.668, 5.472, 4.38, 3.603, 4.938, 6.293, 4.765, 3.376, 3.264, 3.386], [10.835, 10.33, 9.745, 9.915, 10.356, 9.973, 7.622, 5.554, 5.502, 4.929, 4.284, 2.487, 0.0, 3.099, 4.553, 3.432, 2.646, 2.828, 2.278, 2.557, 3.282, 1.701, 2.007, 2.619, 1.932, 1.801, 2.608, 3.449, 3.783, 3.829, 4.269, 4.033, 3.726, 2.707, 2.44, 2.086, 2.571, 3.951, 4.642, 3.906, 3.801, 5.312, 6.435, 5.493, 4.428, 6.562, 9.782, 7.727, 7.103, 8.132, 9.932, 11.006, 12.476, 14.299, 14.158, 13.325, 14.324, 15.453, 12.537, 11.777, 12.253, 10.253, 7.693, 8.067, 8.901, 9.661, 10.675, 10.82, 10.086, 8.872, 7.82, 7.651, 8.2, 8.592, 8.942, 8.854, 10.636, 11.847, 11.799, 11.138, 11.18, 11.115, 11.598, 13.166, 11.716, 10.288, 12.009, 12.925, 12.341, 13.864, 14.248, 13.87, 14.103, 13.747, 14.591, 14.052, 12.965, 10.728, 10.251, 11.664, 11.993, 11.706, 12.26, 12.31, 12.017, 12.849, 13.846, 11.638, 9.518, 7.786, 6.342, 6.392, 6.44, 5.746, 5.509, 5.687, 5.889, 5.769, 4.69, 4.706, 5.592, 6.133, 5.879, 6.149, 6.364, 6.011, 6.206, 5.473, 5.093, 5.765, 5.927, 6.148, 6.976, 6.772, 6.17, 6.136, 6.256, 6.77, 4.781, 3.958, 4.838, 6.028, 5.227, 4.899, 5.11, 5.55], [12.766, 12.547, 12.202, 12.106, 12.374, 12.043, 9.699, 8.01, 7.847, 7.015, 6.262, 4.285, 3.099, 0.0, 3.214, 2.808, 4.464, 5.176, 4.126, 1.517, 1.332, 1.934, 2.005, 2.178, 2.741, 3.67, 2.8, 2.347, 2.632, 2.669, 2.75, 2.952, 2.787, 2.09, 2.078, 2.344, 2.222, 3.053, 2.397, 1.783, 2.065, 3.349, 4.602, 4.168, 2.753, 3.945, 7.357, 5.762, 5.173, 6.009, 7.604, 8.591, 10.012, 11.862, 11.681, 10.911, 11.846, 12.983, 10.122, 9.365, 9.851, 7.889, 5.687, 6.04, 6.709, 7.751, 8.179, 8.309, 7.599, 6.614, 5.452, 5.377, 6.237, 6.594, 6.373, 6.328, 8.13, 9.156, 9.231, 8.489, 8.716, 8.553, 9.078, 10.7, 9.221, 7.769, 9.389, 10.283, 9.538, 11.264, 11.535, 11.259, 11.571, 11.287, 12.226, 11.676, 10.831, 8.716, 8.124, 9.515, 10.076, 9.861, 10.388, 10.582, 10.081, 11.186, 12.012, 9.643, 8.265, 6.763, 5.534, 5.728, 6.217, 6.688, 7.093, 7.134, 6.876, 6.598, 5.572, 5.787, 6.294, 6.647, 6.027, 5.966, 6.243, 6.183, 6.989, 6.253, 5.67, 6.193, 6.221, 6.073, 7.0, 7.071, 6.683, 7.098, 7.337, 7.631, 5.031, 3.832, 4.379, 5.025, 4.796, 5.265, 6.077, 6.964], [14.888, 14.632, 14.211, 14.321, 14.777, 14.514, 12.128, 9.997, 9.71, 9.317, 8.69, 6.514, 4.553, 3.214, 0.0, 1.615, 4.162, 5.109, 4.561, 3.536, 3.794, 4.129, 4.391, 4.15, 4.263, 4.056, 2.746, 2.166, 1.556, 1.767, 2.02, 2.333, 2.262, 2.542, 2.545, 2.874, 3.095, 3.177, 3.665, 3.228, 3.054, 3.766, 4.95, 4.816, 3.876, 4.577, 8.103, 6.302, 5.733, 6.695, 8.249, 9.328, 10.748, 12.604, 12.427, 11.654, 12.589, 13.722, 10.865, 10.118, 10.593, 8.627, 6.077, 6.104, 6.705, 7.816, 8.886, 9.052, 8.313, 6.921, 5.823, 5.842, 6.293, 6.69, 6.589, 6.761, 8.776, 9.745, 9.953, 9.219, 9.432, 9.24, 9.791, 11.443, 9.927, 8.434, 9.984, 10.897, 10.138, 11.875, 12.125, 11.83, 12.236, 11.943, 12.833, 12.374, 11.438, 9.35, 8.704, 9.851, 10.614, 10.471, 10.972, 11.026, 10.685, 11.658, 12.563, 10.047, 8.401, 6.867, 5.701, 6.101, 7.033, 8.355, 9.508, 9.624, 9.359, 8.682, 7.718, 8.025, 8.099, 8.234, 7.177, 6.814, 7.02, 7.657, 8.825, 8.196, 7.285, 7.473, 7.584, 7.202, 8.1, 8.337, 8.346, 9.21, 9.599, 9.327, 7.242, 5.586, 5.168, 5.316, 5.688, 7.136, 8.272, 9.489], [13.655, 13.392, 12.972, 13.066, 13.555, 13.345, 11.011, 8.953, 8.426, 8.108, 7.509, 5.355, 3.432, 2.808, 1.615, 0.0, 2.853, 3.859, 3.255, 2.713, 3.676, 3.028, 3.401, 3.319, 3.296, 2.875, 1.869, 2.216, 2.207, 2.371, 3.09, 3.282, 2.636, 2.532, 2.044, 2.166, 2.931, 3.852, 4.318, 3.502, 3.592, 5.064, 6.322, 5.58, 4.357, 5.96, 9.466, 7.628, 7.104, 8.09, 9.608, 10.725, 12.146, 14.001, 13.818, 13.051, 13.986, 15.12, 12.262, 11.495, 11.951, 9.991, 7.467, 7.505, 8.092, 9.203, 10.263, 10.415, 9.683, 8.291, 7.18, 7.192, 7.691, 8.087, 7.983, 8.159, 10.173, 11.142, 11.35, 10.617, 10.797, 10.639, 11.202, 12.84, 11.317, 9.807, 11.384, 12.273, 11.528, 13.272, 13.523, 13.228, 13.634, 13.3, 14.184, 13.743, 12.82, 10.732, 10.085, 11.214, 11.979, 11.834, 12.328, 12.363, 12.037, 13.009, 13.911, 11.397, 9.713, 8.119, 6.589, 6.783, 7.551, 8.295, 8.414, 8.846, 8.639, 8.336, 7.158, 7.588, 7.955, 8.288, 7.4, 7.311, 7.525, 7.69, 8.631, 7.968, 7.224, 7.639, 7.706, 7.475, 8.418, 8.466, 8.31, 8.879, 9.12, 9.282, 6.721, 5.422, 5.621, 6.458, 6.168, 6.826, 7.8, 8.589], [11.158, 10.963, 10.483, 10.806, 11.413, 11.315, 9.039, 7.141, 6.283, 5.918, 5.794, 4.178, 2.646, 4.464, 4.162, 2.853, 0.0, 1.384, 1.058, 3.841, 4.81, 3.427, 3.83, 4.094, 2.958, 1.894, 2.577, 3.933, 4.191, 4.294, 4.958, 5.039, 4.39, 4.073, 3.433, 2.896, 4.179, 5.77, 6.605, 5.714, 5.663, 7.306, 8.443, 7.533, 6.44, 8.278, 11.766, 9.732, 9.081, 10.072, 11.778, 13.048, 14.469, 16.324, 16.141, 15.375, 16.31, 17.443, 14.585, 13.819, 14.269, 12.275, 9.614, 9.773, 10.406, 11.527, 12.556, 12.713, 11.993, 10.568, 9.43, 9.459, 10.005, 10.386, 10.306, 10.482, 12.497, 13.466, 13.674, 12.94, 13.104, 12.917, 13.498, 15.164, 13.632, 12.08, 13.699, 14.597, 13.83, 15.565, 15.816, 15.521, 15.927, 15.537, 16.386, 15.877, 14.55, 12.427, 11.804, 12.857, 13.611, 13.473, 13.976, 13.887, 13.628, 14.614, 15.528, 13.057, 11.05, 9.381, 7.58, 7.657, 8.242, 7.981, 7.28, 7.547, 7.573, 7.403, 6.281, 6.782, 7.593, 8.037, 7.875, 7.994, 8.147, 7.992, 8.348, 7.433, 7.051, 7.737, 7.81, 8.045, 8.909, 8.681, 8.087, 8.079, 8.393, 8.939, 6.616, 5.745, 6.711, 7.784, 7.029, 6.737, 7.05, 7.341], [10.078, 9.861, 9.389, 9.665, 10.28, 10.182, 7.908, 6.044, 5.268, 4.838, 4.873, 3.548, 2.828, 5.176, 5.109, 3.859, 1.384, 0.0, 1.332, 4.459, 5.411, 3.935, 4.347, 4.656, 3.288, 2.249, 3.238, 4.513, 4.844, 4.871, 5.483, 5.628, 5.156, 4.687, 4.025, 3.351, 4.777, 6.403, 7.246, 6.355, 6.348, 7.987, 9.123, 8.187, 7.114, 8.963, 12.46, 10.365, 9.676, 10.708, 12.423, 13.742, 15.162, 17.006, 16.803, 16.032, 16.977, 18.131, 15.28, 14.511, 14.963, 12.957, 10.297, 10.467, 11.1, 12.185, 13.245, 13.407, 12.687, 11.245, 10.052, 10.153, 10.695, 11.078, 11.001, 11.177, 13.191, 14.153, 14.346, 13.628, 13.798, 13.602, 14.192, 15.858, 14.327, 12.774, 14.393, 15.291, 14.524, 16.24, 16.502, 16.209, 16.578, 16.184, 17.031, 16.511, 15.085, 12.876, 12.254, 13.244, 14.025, 13.912, 14.432, 14.31, 14.055, 15.025, 15.925, 13.477, 11.404, 9.656, 7.773, 7.76, 8.324, 7.568, 6.54, 6.579, 6.924, 6.803, 5.775, 6.368, 7.454, 7.961, 7.803, 7.996, 8.125, 7.896, 7.997, 7.001, 6.697, 7.489, 7.765, 8.025, 8.892, 8.562, 7.839, 7.647, 7.941, 8.627, 6.791, 5.931, 7.024, 8.12, 7.221, 6.492, 6.581, 6.58], [10.509, 10.262, 9.84, 10.038, 10.63, 10.529, 8.245, 6.338, 5.575, 5.157, 5.086, 3.496, 2.278, 4.126, 4.561, 3.255, 1.058, 1.332, 0.0, 3.424, 4.388, 2.987, 3.405, 3.695, 2.604, 1.768, 2.589, 3.776, 3.977, 4.028, 4.615, 4.701, 4.205, 3.715, 3.054, 2.554, 3.786, 5.414, 6.222, 5.331, 5.325, 6.967, 8.099, 7.186, 6.096, 7.94, 11.428, 9.347, 8.642, 9.68, 11.392, 12.71, 14.131, 15.986, 15.793, 15.023, 15.968, 17.105, 14.247, 13.481, 13.931, 11.937, 9.276, 9.461, 10.068, 11.176, 12.214, 12.375, 11.655, 10.226, 9.047, 9.121, 9.667, 10.048, 9.968, 10.192, 12.159, 13.128, 13.336, 12.602, 12.766, 12.579, 13.16, 14.826, 13.294, 11.742, 13.371, 14.29, 13.503, 15.228, 15.47, 15.218, 15.546, 15.154, 16.024, 15.492, 14.063, 11.86, 11.225, 12.288, 13.007, 12.871, 13.375, 13.303, 12.991, 14.009, 14.912, 12.452, 10.454, 8.692, 6.954, 7.049, 7.58, 7.252, 6.541, 6.763, 6.803, 6.67, 5.532, 6.052, 6.834, 7.41, 7.304, 7.352, 7.51, 7.346, 7.652, 6.697, 6.371, 7.11, 7.149, 7.382, 8.25, 8.085, 7.464, 7.35, 7.644, 8.237, 5.967, 5.12, 6.137, 7.16, 6.406, 6.09, 6.338, 6.574], [12.106, 11.843, 11.487, 11.453, 11.67, 11.208, 8.869, 7.374, 7.235, 6.442, 5.422, 3.841, 2.557, 1.517, 3.536, 2.713, 3.841, 4.459, 3.424, 0.0, 1.903, 1.714, 1.665, 1.691, 2.129, 2.964, 2.452, 2.379, 2.511, 2.559, 2.734, 2.654, 2.716, 2.3, 2.208, 2.398, 2.315, 3.353, 3.078, 2.224, 2.425, 3.574, 4.686, 4.148, 2.835, 4.564, 8.086, 5.976, 5.335, 6.322, 8.136, 9.328, 10.74, 12.562, 12.379, 11.613, 12.548, 13.683, 10.884, 10.085, 10.548, 8.513, 5.978, 6.505, 7.169, 8.245, 8.823, 8.996, 8.313, 7.072, 5.854, 5.877, 6.812, 7.097, 6.999, 7.021, 8.864, 9.806, 9.914, 9.178, 9.433, 9.155, 9.804, 11.482, 9.938, 8.448, 10.143, 11.05, 10.319, 11.98, 12.295, 11.991, 12.277, 11.89, 12.787, 12.154, 11.148, 8.969, 8.347, 9.712, 10.216, 9.958, 10.484, 10.524, 10.259, 11.134, 12.139, 9.747, 7.97, 6.351, 5.245, 5.488, 5.979, 6.567, 6.65, 6.947, 6.627, 6.433, 5.265, 5.628, 6.17, 6.508, 5.77, 5.651, 5.879, 5.986, 6.836, 6.053, 5.506, 6.033, 6.004, 5.854, 6.769, 6.839, 6.472, 6.909, 7.209, 7.466, 4.881, 3.669, 3.993, 4.63, 4.479, 5.062, 5.869, 6.371], [12.656, 12.38, 12.1, 11.937, 12.129, 11.607, 9.4, 8.0, 7.792, 6.866, 5.866, 4.282, 3.282, 1.332, 3.794, 3.676, 4.81, 5.411, 4.388, 1.903, 0.0, 2.008, 1.88, 2.15, 2.856, 3.877, 3.084, 2.315, 2.72, 2.754, 2.663, 2.711, 2.676, 2.174, 2.471, 2.841, 1.929, 2.942, 2.297, 1.486, 1.926, 2.971, 4.066, 3.586, 2.361, 3.757, 7.104, 5.174, 4.475, 5.494, 7.161, 8.356, 9.787, 11.619, 11.433, 10.645, 11.607, 12.76, 9.895, 9.124, 9.583, 7.591, 5.495, 5.948, 6.812, 7.78, 7.929, 8.054, 7.439, 6.502, 5.301, 5.347, 6.335, 6.59, 6.353, 6.247, 8.007, 9.122, 9.125, 8.402, 8.453, 8.292, 8.838, 10.478, 8.962, 7.47, 9.158, 10.059, 9.346, 10.992, 11.318, 11.004, 11.268, 10.89, 11.794, 11.168, 10.252, 8.087, 7.448, 8.856, 9.365, 9.184, 9.708, 9.888, 9.444, 10.459, 11.318, 8.895, 7.511, 5.989, 4.811, 5.002, 5.423, 5.628, 6.691, 6.76, 6.099, 5.557, 4.792, 4.725, 5.153, 5.506, 5.193, 5.168, 5.417, 5.267, 5.856, 5.061, 4.593, 5.246, 5.27, 5.282, 6.168, 6.18, 5.661, 6.029, 6.341, 6.563, 4.245, 2.957, 3.695, 4.364, 4.02, 4.272, 5.028, 6.387], [11.323, 10.926, 10.505, 10.557, 10.843, 10.522, 8.179, 6.503, 6.389, 5.608, 4.819, 2.885, 1.701, 1.934, 4.129, 3.028, 3.427, 3.935, 2.987, 1.714, 2.008, 0.0, 0.833, 1.765, 1.829, 2.386, 2.47, 3.107, 3.334, 3.406, 3.648, 3.427, 3.227, 2.293, 2.176, 2.101, 2.031, 3.341, 3.524, 2.743, 3.056, 4.265, 5.402, 4.531, 3.524, 5.379, 8.666, 6.645, 6.063, 7.138, 8.784, 9.883, 11.326, 13.141, 12.998, 12.144, 13.13, 14.298, 11.405, 10.633, 11.116, 9.133, 6.923, 7.298, 8.091, 8.978, 9.465, 9.606, 8.971, 7.947, 6.706, 6.661, 7.452, 7.785, 7.842, 7.704, 9.493, 10.572, 10.577, 9.9, 10.055, 9.932, 10.411, 12.026, 10.545, 9.096, 10.76, 11.631, 11.036, 12.571, 12.883, 12.568, 12.866, 12.504, 13.405, 12.751, 11.917, 9.733, 9.096, 10.477, 10.988, 10.767, 11.314, 11.461, 11.061, 11.945, 12.91, 10.493, 8.672, 7.002, 5.506, 5.541, 5.826, 5.804, 5.671, 6.008, 5.968, 5.839, 4.958, 4.875, 5.378, 5.827, 5.434, 5.472, 5.737, 5.536, 6.125, 5.439, 4.827, 5.52, 5.564, 5.621, 6.486, 6.457, 5.974, 6.303, 6.535, 6.823, 4.366, 3.397, 4.352, 5.388, 4.604, 4.524, 5.243, 5.708], [11.506, 11.167, 10.727, 10.682, 10.924, 10.41, 8.027, 6.637, 6.591, 5.813, 4.702, 3.035, 2.007, 2.005, 4.391, 3.401, 3.83, 4.347, 3.405, 1.665, 1.88, 0.833, 0.0, 1.409, 1.71, 2.643, 2.587, 3.208, 3.483, 3.571, 3.76, 3.462, 3.316, 2.458, 2.354, 2.339, 1.982, 3.345, 3.483, 2.703, 2.99, 4.0, 5.001, 4.089, 3.133, 5.111, 8.42, 6.313, 5.75, 6.811, 8.528, 9.585, 11.062, 12.777, 12.641, 11.812, 12.774, 14.007, 11.161, 10.334, 10.85, 8.76, 6.619, 7.148, 7.85, 8.797, 9.196, 9.414, 8.778, 7.695, 6.573, 6.58, 7.387, 7.708, 7.716, 7.571, 9.269, 10.328, 10.242, 9.589, 9.824, 9.588, 10.213, 11.79, 10.342, 8.891, 10.578, 11.469, 10.864, 12.374, 12.701, 12.418, 12.67, 12.279, 13.183, 12.524, 11.708, 9.503, 8.911, 10.28, 10.753, 10.445, 11.044, 11.113, 10.849, 11.61, 12.662, 10.272, 8.379, 6.656, 5.195, 5.212, 5.477, 5.493, 5.622, 5.875, 5.597, 5.568, 4.642, 4.54, 5.078, 5.498, 5.117, 5.069, 5.379, 5.177, 5.773, 5.096, 4.571, 5.249, 5.268, 5.333, 6.153, 6.131, 5.593, 5.93, 6.179, 6.431, 3.993, 3.018, 3.839, 4.883, 4.086, 4.172, 4.821, 5.361], [12.037, 11.873, 11.412, 11.268, 11.545, 10.946, 8.547, 7.32, 7.251, 6.42, 5.202, 3.822, 2.619, 2.178, 4.15, 3.319, 4.094, 4.656, 3.695, 1.691, 2.15, 1.765, 1.409, 0.0, 1.853, 2.926, 2.546, 2.707, 3.051, 3.139, 3.3, 3.184, 2.872, 2.444, 2.137, 1.973, 1.825, 3.381, 3.542, 2.758, 2.952, 3.793, 4.724, 3.679, 2.689, 4.783, 8.156, 5.991, 5.345, 6.436, 8.24, 9.365, 10.817, 12.528, 12.392, 11.545, 12.499, 13.75, 10.915, 10.088, 10.585, 8.49, 6.091, 6.702, 7.305, 8.53, 9.065, 9.182, 8.473, 7.241, 6.368, 6.388, 7.237, 7.539, 7.373, 7.313, 9.074, 10.213, 10.018, 9.417, 9.571, 9.39, 9.986, 11.536, 10.1, 8.682, 10.398, 11.315, 10.624, 12.228, 12.609, 12.243, 12.439, 12.087, 12.926, 12.341, 11.318, 9.031, 8.514, 9.934, 10.316, 9.983, 10.576, 10.566, 10.358, 11.109, 12.162, 9.881, 7.907, 6.152, 4.739, 4.926, 5.0, 5.329, 6.157, 6.353, 5.789, 5.57, 4.277, 4.578, 4.919, 5.314, 4.627, 4.703, 4.881, 4.758, 5.641, 5.04, 4.488, 4.948, 4.901, 4.845, 5.707, 5.756, 5.518, 5.998, 6.193, 6.282, 3.99, 2.796, 3.404, 4.365, 3.683, 4.081, 4.964, 5.749], [11.311, 11.013, 10.661, 10.742, 10.964, 10.585, 8.153, 6.484, 6.575, 5.847, 4.821, 2.958, 1.932, 2.741, 4.263, 3.296, 2.958, 3.288, 2.604, 2.129, 2.856, 1.829, 1.71, 1.853, 0.0, 1.57, 2.092, 2.836, 3.11, 3.309, 3.437, 3.373, 3.142, 2.605, 2.218, 1.685, 2.234, 3.932, 4.522, 3.694, 3.815, 5.126, 6.274, 5.258, 4.193, 6.101, 9.65, 7.564, 6.905, 7.953, 9.746, 10.864, 12.292, 14.062, 13.877, 13.101, 14.048, 15.234, 12.425, 11.624, 12.108, 10.047, 7.372, 7.708, 8.247, 9.417, 10.392, 10.571, 9.855, 8.355, 7.257, 7.408, 7.936, 8.334, 8.304, 8.537, 10.405, 11.324, 11.413, 10.727, 10.991, 10.696, 11.361, 13.029, 11.507, 10.02, 11.717, 12.628, 11.851, 13.549, 13.812, 13.563, 13.829, 13.475, 14.38, 13.754, 12.582, 10.423, 9.798, 11.03, 11.626, 11.381, 11.929, 11.87, 11.655, 12.515, 13.527, 11.099, 8.974, 7.122, 5.286, 5.285, 5.7, 5.716, 5.797, 5.988, 5.616, 5.437, 4.265, 4.636, 5.31, 5.686, 5.214, 5.31, 5.465, 5.356, 5.979, 5.134, 4.678, 5.327, 5.342, 5.481, 6.326, 6.211, 5.718, 6.053, 6.321, 6.694, 4.421, 3.415, 4.305, 5.56, 4.43, 4.236, 4.948, 5.411], [10.95, 10.736, 10.324, 10.446, 10.823, 10.745, 8.339, 6.539, 6.183, 5.596, 5.13, 3.349, 1.801, 3.67, 4.056, 2.875, 1.894, 2.249, 1.768, 2.964, 3.877, 2.386, 2.643, 2.926, 1.57, 0.0, 1.704, 2.975, 3.255, 3.376, 4.055, 4.382, 3.866, 3.364, 2.812, 2.15, 3.148, 4.791, 5.715, 4.832, 4.802, 6.32, 7.519, 6.475, 5.426, 7.335, 10.908, 8.823, 8.151, 9.197, 10.969, 12.14, 13.562, 15.326, 15.108, 14.335, 15.265, 16.504, 13.701, 12.896, 13.363, 11.283, 8.623, 8.89, 9.361, 10.497, 11.651, 11.84, 11.13, 9.596, 8.484, 8.608, 9.065, 9.48, 9.578, 9.774, 11.661, 12.586, 12.635, 12.01, 12.255, 11.969, 12.637, 14.3, 12.764, 11.262, 12.953, 13.861, 13.11, 14.787, 15.089, 14.81, 15.074, 14.685, 15.597, 14.993, 13.755, 11.62, 10.964, 12.244, 12.828, 12.58, 13.116, 13.043, 12.861, 13.735, 14.738, 12.288, 10.183, 8.293, 6.487, 6.574, 6.956, 6.752, 6.347, 6.734, 6.611, 6.426, 5.248, 5.66, 6.404, 6.776, 6.488, 6.594, 6.714, 6.635, 7.028, 6.143, 5.719, 6.463, 6.523, 6.746, 7.593, 7.399, 6.738, 7.078, 7.352, 7.713, 5.449, 4.545, 5.496, 6.722, 5.621, 5.296, 5.863, 6.297], [12.451, 12.295, 11.891, 11.99, 12.377, 12.179, 9.643, 7.733, 7.642, 7.112, 6.406, 4.293, 2.608, 2.8, 2.746, 1.869, 2.577, 3.238, 2.589, 2.452, 3.084, 2.47, 2.587, 2.546, 2.092, 1.704, 0.0, 1.927, 2.185, 2.309, 3.022, 3.47, 2.897, 2.47, 2.132, 1.855, 2.564, 3.901, 4.724, 3.834, 3.797, 5.347, 6.542, 5.632, 4.451, 6.337, 9.923, 7.84, 7.169, 8.22, 9.99, 11.151, 12.573, 14.337, 14.057, 13.284, 14.226, 15.515, 12.712, 11.907, 12.374, 10.304, 7.633, 7.901, 8.372, 9.446, 10.656, 10.853, 10.141, 8.608, 7.493, 7.62, 8.076, 8.49, 8.535, 8.768, 10.669, 11.555, 11.626, 10.998, 11.266, 10.968, 11.648, 13.311, 11.77, 10.273, 11.947, 12.854, 12.082, 13.78, 14.042, 13.794, 14.085, 13.698, 14.606, 14.017, 12.737, 10.606, 9.947, 11.158, 11.799, 11.557, 12.087, 12.038, 11.848, 12.7, 13.704, 11.223, 9.46, 7.758, 6.353, 6.495, 7.007, 7.232, 7.288, 7.63, 7.366, 7.088, 5.917, 6.327, 6.81, 7.134, 6.682, 6.662, 6.806, 6.785, 7.487, 6.655, 6.178, 6.861, 6.844, 6.85, 7.709, 7.713, 7.175, 7.678, 7.96, 8.195, 5.63, 4.499, 5.304, 6.088, 5.501, 5.614, 6.401, 7.137], [13.611, 13.234, 12.843, 13.006, 13.354, 13.028, 10.641, 8.606, 8.703, 8.064, 7.306, 5.195, 3.449, 2.347, 2.166, 2.216, 3.933, 4.513, 3.776, 2.379, 2.315, 3.107, 3.208, 2.707, 2.836, 2.975, 1.927, 0.0, 1.072, 1.274, 1.463, 2.073, 1.767, 1.728, 1.847, 2.025, 1.967, 2.645, 3.015, 2.313, 2.254, 3.699, 4.903, 4.334, 2.905, 4.605, 8.154, 6.047, 5.363, 6.41, 8.195, 9.388, 10.809, 12.628, 12.459, 11.687, 12.597, 13.763, 10.948, 10.143, 10.611, 8.584, 5.914, 6.138, 6.733, 7.848, 8.893, 9.066, 8.378, 6.879, 5.728, 5.835, 6.313, 6.727, 6.794, 7.0, 8.905, 9.824, 9.987, 9.277, 9.503, 9.25, 9.884, 11.548, 10.006, 8.506, 10.178, 11.085, 10.325, 12.013, 12.305, 12.025, 12.325, 11.925, 12.82, 12.224, 11.045, 8.881, 8.208, 9.49, 10.112, 9.873, 10.399, 10.406, 10.166, 11.041, 12.027, 9.525, 7.991, 6.358, 5.173, 5.382, 5.981, 6.933, 8.052, 8.014, 7.55, 6.985, 5.87, 6.239, 6.549, 6.793, 5.831, 5.653, 5.838, 6.169, 7.188, 6.501, 5.703, 6.207, 6.245, 5.968, 6.892, 7.005, 6.936, 7.551, 7.878, 7.869, 5.665, 4.115, 4.231, 4.787, 4.59, 5.384, 6.515, 7.868], [13.963, 13.53, 13.18, 13.325, 13.641, 13.29, 10.908, 8.956, 9.088, 8.343, 7.592, 5.509, 3.783, 2.632, 1.556, 2.207, 4.191, 4.844, 3.977, 2.511, 2.72, 3.334, 3.483, 3.051, 3.11, 3.255, 2.185, 1.072, 0.0, 0.757, 1.16, 1.776, 1.652, 1.939, 2.144, 2.364, 2.305, 2.882, 3.108, 2.418, 2.387, 3.576, 4.756, 4.413, 3.23, 4.549, 8.026, 5.966, 5.258, 6.298, 7.999, 9.302, 10.722, 12.565, 12.362, 11.592, 12.537, 13.691, 10.842, 10.07, 10.523, 8.516, 5.866, 6.03, 6.641, 7.745, 8.804, 8.967, 8.252, 6.805, 5.639, 5.717, 6.254, 6.655, 6.614, 6.819, 8.759, 9.745, 9.905, 9.198, 9.365, 9.168, 9.769, 11.423, 9.889, 8.355, 9.999, 10.905, 10.138, 11.838, 12.112, 11.845, 12.152, 11.763, 12.635, 12.101, 10.82, 8.67, 7.985, 9.231, 9.906, 9.769, 10.278, 10.384, 9.996, 10.942, 11.843, 9.305, 7.719, 6.192, 5.027, 5.363, 6.115, 7.142, 8.284, 8.296, 7.981, 7.401, 6.368, 6.714, 6.861, 7.123, 6.127, 5.898, 6.089, 6.51, 7.529, 6.912, 6.066, 6.486, 6.589, 6.263, 7.148, 7.347, 7.293, 7.976, 8.309, 8.225, 5.977, 4.407, 4.355, 4.643, 4.814, 5.822, 6.924, 8.15], [13.872, 13.453, 13.07, 13.231, 13.59, 13.2, 10.832, 8.872, 8.987, 8.251, 7.533, 5.472, 3.829, 2.669, 1.767, 2.371, 4.294, 4.871, 4.028, 2.559, 2.754, 3.406, 3.571, 3.139, 3.309, 3.376, 2.309, 1.274, 0.757, 0.0, 1.169, 1.907, 1.903, 2.193, 2.361, 2.625, 2.394, 2.864, 2.99, 2.428, 2.287, 3.59, 4.766, 4.463, 3.157, 4.454, 7.934, 5.896, 5.152, 6.179, 7.904, 9.21, 10.63, 12.474, 12.271, 11.5, 12.445, 13.599, 10.75, 9.979, 10.431, 8.425, 5.767, 5.938, 6.576, 7.687, 8.743, 8.891, 8.166, 6.713, 5.55, 5.634, 6.162, 6.546, 6.616, 6.731, 8.684, 9.726, 9.866, 9.133, 9.273, 9.11, 9.684, 11.331, 9.8, 8.267, 9.922, 10.818, 10.116, 11.745, 12.115, 11.759, 12.065, 11.679, 12.515, 12.009, 10.626, 8.424, 7.752, 9.104, 9.687, 9.563, 10.074, 10.213, 9.793, 10.753, 11.638, 9.173, 7.68, 6.165, 5.056, 5.414, 6.065, 7.043, 8.226, 8.327, 8.036, 7.401, 6.392, 6.694, 6.836, 7.012, 6.045, 5.863, 6.024, 6.444, 7.504, 6.892, 6.109, 6.389, 6.48, 6.181, 7.095, 7.239, 7.241, 7.963, 8.316, 8.188, 5.968, 4.348, 4.316, 4.571, 4.75, 5.856, 6.956, 8.118], [14.226, 13.89, 13.44, 13.592, 13.922, 13.534, 11.164, 9.28, 9.307, 8.603, 7.833, 5.806, 4.269, 2.75, 2.02, 3.09, 4.958, 5.483, 4.615, 2.734, 2.663, 3.648, 3.76, 3.3, 3.437, 4.055, 3.022, 1.463, 1.16, 1.169, 0.0, 1.401, 1.776, 2.161, 2.668, 2.909, 2.317, 2.395, 2.549, 2.345, 2.089, 2.808, 3.883, 3.785, 2.87, 3.639, 7.086, 5.081, 4.374, 5.347, 7.131, 8.351, 9.782, 11.615, 11.434, 10.641, 11.61, 12.758, 9.891, 9.12, 9.579, 7.567, 4.948, 5.079, 5.754, 6.963, 7.872, 8.035, 7.302, 5.878, 4.691, 4.787, 5.329, 5.76, 5.741, 5.97, 7.838, 8.851, 8.993, 8.274, 8.43, 8.251, 8.822, 10.478, 8.959, 7.454, 9.15, 10.056, 9.289, 10.982, 11.247, 10.996, 11.269, 10.881, 11.777, 11.15, 9.931, 7.718, 7.103, 8.461, 9.034, 8.857, 9.385, 9.566, 9.12, 10.1, 11.0, 8.539, 6.996, 5.579, 4.533, 4.884, 5.573, 7.011, 8.585, 8.507, 8.034, 7.235, 6.322, 6.579, 6.629, 6.675, 5.648, 5.332, 5.545, 6.177, 7.361, 6.708, 5.802, 5.965, 6.083, 5.711, 6.59, 6.882, 6.928, 7.878, 8.213, 7.867, 6.04, 4.329, 3.768, 3.914, 4.216, 5.79, 6.964, 8.341], [14.043, 13.61, 13.267, 13.403, 13.705, 13.301, 10.933, 9.045, 9.12, 8.397, 7.577, 5.545, 4.033, 2.952, 2.333, 3.282, 5.039, 5.628, 4.701, 2.654, 2.711, 3.427, 3.462, 3.184, 3.373, 4.382, 3.47, 2.073, 1.776, 1.907, 1.401, 0.0, 1.189, 1.839, 2.278, 2.669, 2.206, 2.091, 2.566, 2.212, 2.064, 2.543, 3.546, 3.159, 2.576, 3.431, 6.854, 4.824, 4.166, 5.166, 6.84, 8.131, 9.55, 11.394, 11.191, 10.42, 11.366, 12.52, 9.67, 8.899, 9.352, 7.345, 4.751, 5.094, 5.757, 6.788, 7.633, 7.796, 7.089, 5.782, 4.492, 4.574, 5.262, 5.624, 5.494, 5.585, 7.588, 8.553, 8.739, 8.038, 8.201, 8.015, 8.584, 10.252, 8.718, 7.188, 8.796, 9.697, 8.927, 10.652, 10.919, 10.616, 10.995, 10.601, 11.448, 10.928, 9.781, 7.634, 6.969, 8.108, 8.88, 8.739, 9.244, 9.257, 8.955, 9.908, 10.806, 8.259, 6.454, 4.882, 3.592, 3.935, 4.833, 6.682, 8.336, 8.285, 7.636, 6.686, 5.849, 6.108, 6.136, 6.057, 5.101, 4.611, 4.821, 5.703, 6.885, 6.213, 5.322, 5.324, 5.421, 4.945, 5.867, 6.289, 6.325, 7.408, 7.74, 7.29, 5.695, 3.987, 3.201, 3.331, 3.573, 5.294, 6.56, 8.091], [13.802, 13.38, 13.015, 13.156, 13.517, 13.152, 10.78, 8.781, 8.896, 8.161, 7.446, 5.339, 3.726, 2.787, 2.262, 2.636, 4.39, 5.156, 4.205, 2.716, 2.676, 3.227, 3.316, 2.872, 3.142, 3.866, 2.897, 1.767, 1.652, 1.903, 1.776, 1.189, 0.0, 1.527, 1.888, 2.235, 2.024, 2.211, 2.67, 2.259, 2.121, 3.088, 4.231, 3.486, 2.659, 4.039, 7.541, 5.512, 4.843, 5.882, 7.526, 8.811, 10.23, 12.074, 11.871, 11.101, 12.046, 13.2, 10.351, 9.579, 10.032, 8.045, 5.482, 5.906, 6.488, 7.47, 8.313, 8.492, 7.761, 6.574, 5.243, 5.279, 6.073, 6.384, 6.268, 6.268, 8.271, 9.225, 9.414, 8.695, 8.881, 8.676, 9.264, 10.932, 9.398, 7.864, 9.476, 10.377, 9.607, 11.324, 11.582, 11.296, 11.658, 11.274, 12.122, 11.629, 10.441, 8.336, 7.673, 8.775, 9.555, 9.427, 9.927, 9.927, 9.628, 10.583, 11.475, 8.927, 7.182, 5.566, 4.063, 4.294, 5.148, 6.68, 8.178, 8.127, 7.53, 6.526, 5.697, 5.931, 5.963, 6.154, 5.129, 4.921, 5.109, 5.577, 6.661, 6.025, 5.125, 5.482, 5.594, 5.27, 6.176, 6.355, 6.319, 7.254, 7.534, 7.244, 5.612, 3.936, 3.38, 3.999, 3.81, 5.155, 6.459, 7.957], [12.877, 12.382, 11.971, 12.102, 12.502, 12.191, 9.806, 7.703, 7.741, 7.109, 6.413, 4.277, 2.707, 2.09, 2.542, 2.532, 4.073, 4.687, 3.715, 2.3, 2.174, 2.293, 2.458, 2.444, 2.605, 3.364, 2.47, 1.728, 1.939, 2.193, 2.161, 1.839, 1.527, 0.0, 1.216, 1.579, 1.532, 2.373, 2.6, 1.846, 1.861, 3.434, 4.554, 3.716, 2.58, 4.446, 7.827, 5.834, 5.211, 6.209, 7.93, 9.061, 10.485, 12.34, 12.156, 11.356, 12.296, 13.459, 10.601, 9.838, 10.296, 8.332, 5.857, 6.29, 7.05, 7.811, 8.572, 8.759, 8.126, 6.971, 5.714, 5.761, 6.36, 6.624, 6.724, 6.687, 8.546, 9.564, 9.756, 9.039, 9.18, 8.987, 9.516, 11.193, 9.648, 8.152, 9.79, 10.718, 10.055, 11.647, 11.878, 11.638, 11.955, 11.598, 12.512, 11.958, 10.87, 8.767, 8.12, 9.291, 9.959, 9.775, 10.287, 10.232, 9.999, 10.937, 11.87, 9.367, 7.551, 5.897, 4.598, 4.628, 5.268, 5.981, 7.211, 7.201, 6.888, 6.344, 5.593, 5.499, 5.678, 5.931, 5.066, 4.988, 5.212, 5.299, 6.327, 5.778, 4.87, 5.315, 5.363, 5.111, 6.049, 6.135, 6.048, 6.737, 7.084, 6.978, 4.787, 3.144, 3.4, 4.259, 3.85, 4.605, 5.747, 7.079], [12.553, 12.211, 11.79, 11.938, 12.334, 12.028, 9.638, 7.496, 7.402, 6.847, 6.231, 4.062, 2.44, 2.078, 2.545, 2.044, 3.433, 4.025, 3.054, 2.208, 2.471, 2.176, 2.354, 2.137, 2.218, 2.812, 2.132, 1.847, 2.144, 2.361, 2.668, 2.278, 1.888, 1.216, 0.0, 0.994, 1.729, 2.766, 3.312, 2.442, 2.524, 4.054, 5.259, 4.301, 3.185, 5.032, 8.495, 6.566, 5.985, 6.976, 8.566, 9.762, 11.183, 13.038, 12.855, 12.087, 13.024, 14.157, 11.299, 10.533, 10.985, 9.015, 6.438, 6.728, 7.434, 8.327, 9.266, 9.453, 8.716, 7.377, 6.169, 6.227, 6.872, 7.242, 7.122, 7.214, 9.211, 10.211, 10.397, 9.712, 9.83, 9.68, 10.212, 11.878, 10.346, 8.823, 10.417, 11.31, 10.597, 12.259, 12.527, 12.238, 12.611, 12.26, 13.138, 12.68, 11.632, 9.544, 8.898, 10.074, 10.743, 10.601, 11.09, 11.029, 10.761, 11.757, 12.66, 10.155, 8.194, 6.513, 4.948, 5.062, 5.659, 6.309, 7.04, 7.165, 6.92, 6.531, 5.478, 5.75, 6.033, 6.305, 5.451, 5.432, 5.63, 5.682, 6.685, 6.031, 5.232, 5.633, 5.699, 5.544, 6.429, 6.481, 6.371, 6.991, 7.286, 7.32, 4.816, 3.449, 3.913, 4.884, 4.295, 4.885, 5.959, 6.96], [12.167, 11.855, 11.433, 11.581, 11.983, 11.705, 9.317, 7.218, 7.136, 6.546, 5.901, 3.763, 2.086, 2.344, 2.874, 2.166, 2.896, 3.351, 2.554, 2.398, 2.841, 2.101, 2.339, 1.973, 1.685, 2.15, 1.855, 2.025, 2.364, 2.625, 2.909, 2.669, 2.235, 1.579, 0.994, 0.0, 1.801, 3.222, 3.941, 3.059, 3.078, 4.736, 5.91, 4.954, 3.862, 5.668, 9.176, 7.193, 6.584, 7.569, 9.25, 10.438, 11.859, 13.714, 13.504, 12.737, 13.673, 14.833, 11.975, 11.216, 11.674, 9.697, 7.045, 7.27, 7.87, 8.954, 9.95, 10.125, 9.386, 8.008, 6.767, 6.885, 7.43, 7.835, 7.734, 7.961, 9.886, 10.855, 11.041, 10.33, 10.493, 10.307, 10.888, 12.553, 11.022, 9.477, 11.14, 12.058, 11.272, 12.987, 13.229, 12.985, 13.295, 12.933, 13.833, 13.316, 12.191, 10.071, 9.428, 10.633, 11.266, 11.119, 11.623, 11.559, 11.294, 12.267, 13.176, 10.706, 8.673, 6.975, 5.259, 5.392, 5.866, 6.179, 6.716, 6.861, 6.633, 6.262, 5.127, 5.527, 5.889, 6.188, 5.444, 5.591, 5.728, 5.69, 6.509, 5.832, 5.124, 5.588, 5.692, 5.628, 6.522, 6.45, 6.227, 6.787, 7.082, 7.182, 4.865, 3.661, 4.323, 5.397, 4.643, 4.694, 5.726, 6.666], [12.848, 12.455, 11.914, 12.02, 12.43, 11.906, 9.506, 7.634, 7.8, 7.183, 6.28, 4.293, 2.571, 2.222, 3.095, 2.931, 4.179, 4.777, 3.786, 2.315, 1.929, 2.031, 1.982, 1.825, 2.234, 3.148, 2.564, 1.967, 2.305, 2.394, 2.317, 2.206, 2.024, 1.532, 1.729, 1.801, 0.0, 1.882, 2.689, 2.114, 2.102, 3.312, 4.547, 3.579, 2.478, 4.476, 7.917, 5.856, 5.3, 6.331, 8.106, 9.057, 10.547, 12.287, 12.202, 11.36, 12.335, 13.49, 10.644, 9.808, 10.358, 8.296, 5.658, 5.984, 6.545, 7.649, 8.729, 8.943, 8.149, 6.762, 5.677, 5.704, 6.06, 6.584, 6.893, 6.938, 8.75, 9.811, 9.747, 9.098, 9.332, 9.119, 9.72, 11.28, 9.845, 8.44, 10.115, 11.029, 10.33, 11.94, 12.318, 11.972, 12.182, 11.85, 12.757, 12.163, 11.303, 9.084, 8.531, 9.962, 10.353, 10.023, 10.619, 10.718, 10.441, 11.168, 12.257, 9.967, 8.119, 6.4, 5.013, 5.221, 5.337, 5.745, 7.229, 7.041, 6.721, 6.037, 4.973, 5.139, 5.27, 5.633, 5.003, 5.007, 5.322, 5.104, 5.988, 5.413, 4.724, 5.139, 5.136, 5.182, 6.013, 5.969, 5.8, 6.39, 6.763, 6.518, 4.604, 3.119, 3.575, 4.597, 3.961, 4.42, 5.525, 6.916], [14.408, 13.924, 13.414, 13.515, 13.899, 13.411, 11.028, 9.099, 9.236, 8.633, 7.727, 5.703, 3.951, 3.053, 3.177, 3.852, 5.77, 6.403, 5.414, 3.353, 2.942, 3.341, 3.345, 3.381, 3.932, 4.791, 3.901, 2.645, 2.882, 2.864, 2.395, 2.091, 2.211, 2.373, 2.766, 3.222, 1.882, 0.0, 2.042, 2.324, 2.194, 2.174, 3.416, 2.757, 2.128, 3.288, 6.415, 4.582, 4.156, 5.039, 6.67, 7.508, 8.867, 10.634, 10.64, 9.761, 10.691, 11.805, 8.966, 8.184, 8.815, 6.823, 4.488, 4.73, 5.272, 6.051, 7.051, 7.364, 6.605, 5.334, 4.325, 4.296, 4.649, 4.978, 5.297, 5.237, 7.027, 8.101, 8.035, 7.43, 7.832, 7.707, 8.278, 9.728, 8.315, 6.954, 8.568, 9.359, 8.744, 10.311, 10.597, 10.283, 10.621, 1