[[0.0, 1.727, 3.2, 1.686, 1.386, 1.779, 2.699, 2.331, 3.684, 5.566, 5.134, 5.298, 7.912, 8.884, 6.956, 7.134, 9.954, 12.231, 12.959, 15.682, 16.9, 13.643, 10.715, 10.655, 11.653, 11.897, 11.549, 14.305, 16.735, 15.865, 13.84, 12.397, 11.696, 10.717, 9.336, 10.139, 9.635, 8.182, 7.324, 7.912, 7.143, 4.988, 4.92, 6.155, 6.267, 3.995, 4.43, 6.028, 6.273, 5.244, 4.458, 5.254, 5.504, 5.633, 5.935, 5.536, 4.235, 3.919, 5.076, 6.028, 6.098, 5.445, 3.329, 1.496, 2.941, 3.711, 2.447, 2.189, 2.416, 2.976, 2.428, 1.336, 2.083, 2.25, 1.672, 1.89, 3.235, 4.469, 4.944, 5.065, 5.728, 4.859, 3.325, 2.958, 4.424, 5.453, 4.748, 5.193, 6.571, 7.508, 6.959, 7.661, 8.144, 8.783, 8.863, 8.444, 9.375, 10.072, 9.97, 9.417, 8.716, 9.352, 10.089, 10.247, 9.857, 11.566, 12.249, 15.059, 15.479, 13.361, 11.753, 9.807, 9.248, 9.15, 6.687, 5.152, 4.995, 4.564, 2.934, 2.159, 3.634, 3.521, 2.783, 2.087, 1.645, 2.363, 4.403, 5.216, 5.741, 5.061, 4.728, 4.55, 5.402, 7.163, 6.963, 5.533, 3.618, 1.957, 2.255, 3.268, 3.857, 4.758, 5.272, 5.923, 7.387, 7.401, 6.488, 5.876, 6.419, 7.1, 7.253, 7.575, 7.835, 8.058, 7.658, 7.429, 6.792, 5.669, 3.269, 3.202, 4.346, 6.315, 7.691, 7.25, 6.561, 6.291, 7.621, 9.118, 7.706, 9.106, 13.262, 12.192, 6.619, 3.884, 2.894, 3.56, 3.859, 3.601, 3.932, 4.165, 2.832, 3.341, 3.259, 3.76, 5.453, 5.97, 6.617, 9.036, 8.275, 5.019, 4.196, 4.731, 4.155, 4.839, 4.524, 3.223, 2.845, 3.253, 3.136, 2.588, 2.664, 2.649, 2.683, 2.055, 2.319, 4.779, 4.747, 4.436, 3.455, 2.064, 1.728, 1.65, 1.047, 1.644, 2.721, 3.001, 4.388, 5.55, 5.803, 5.661, 5.286, 4.705, 5.021, 5.431, 5.016, 5.779, 6.684, 6.61, 9.21], [1.727, 0.0, 1.746, 1.61, 2.434, 1.774, 2.314, 1.846, 2.127, 3.961, 3.578, 3.747, 6.353, 7.452, 5.556, 5.736, 8.591, 10.868, 11.622, 14.301, 15.537, 12.28, 9.596, 9.6, 10.407, 10.661, 10.431, 12.991, 15.32, 14.44, 12.385, 10.985, 10.147, 9.16, 7.783, 8.692, 8.181, 6.647, 5.856, 6.507, 5.708, 3.417, 3.869, 5.142, 4.907, 3.286, 5.254, 7.156, 7.486, 6.46, 5.677, 6.48, 6.831, 6.916, 7.24, 6.764, 5.392, 5.042, 6.208, 7.149, 7.215, 6.62, 4.136, 2.149, 2.125, 2.877, 2.899, 2.648, 2.167, 2.026, 1.33, 1.361, 1.849, 1.652, 1.707, 1.632, 2.587, 3.574, 4.861, 4.799, 4.626, 3.786, 2.532, 2.335, 3.233, 4.219, 3.854, 4.134, 5.268, 6.144, 5.595, 6.298, 6.815, 7.423, 7.467, 7.061, 7.901, 8.571, 8.744, 7.989, 7.314, 7.907, 8.679, 8.868, 8.495, 10.164, 10.885, 13.802, 14.116, 12.047, 10.235, 8.214, 7.645, 7.566, 5.196, 3.723, 3.791, 3.22, 1.924, 1.737, 2.614, 3.161, 2.51, 1.884, 1.857, 3.685, 5.762, 6.523, 6.971, 6.339, 5.888, 5.076, 6.286, 8.459, 8.308, 6.664, 4.673, 3.058, 3.273, 4.304, 5.205, 6.061, 6.593, 7.243, 8.689, 8.701, 7.748, 7.084, 7.555, 8.222, 8.384, 8.694, 8.952, 9.206, 8.827, 8.73, 8.092, 6.786, 4.343, 3.113, 3.982, 5.564, 6.595, 6.191, 5.629, 5.165, 6.335, 7.776, 6.369, 7.859, 11.997, 10.952, 5.236, 3.234, 2.209, 3.08, 2.937, 2.811, 3.02, 3.257, 1.656, 2.274, 2.02, 2.318, 3.991, 4.645, 5.198, 7.719, 7.012, 3.896, 3.707, 3.556, 2.96, 3.367, 3.142, 1.845, 1.71, 1.976, 1.741, 1.619, 2.799, 3.724, 3.86, 3.218, 1.467, 3.176, 3.281, 3.047, 2.435, 1.761, 2.204, 2.418, 1.406, 1.486, 1.478, 2.206, 3.674, 4.692, 4.985, 4.991, 4.528, 3.678, 3.635, 4.084, 3.995, 4.681, 5.581, 5.386, 7.644], [3.2, 1.746, 0.0, 2.054, 3.59, 3.01, 2.923, 2.514, 1.322, 2.52, 2.209, 2.407, 4.835, 5.943, 4.299, 4.432, 7.087, 9.364, 10.17, 12.798, 14.033, 10.842, 8.327, 8.311, 9.073, 9.313, 9.037, 11.537, 13.815, 12.936, 10.851, 9.497, 8.629, 7.636, 6.329, 7.174, 6.657, 5.11, 4.357, 4.982, 4.22, 2.494, 3.514, 4.373, 4.239, 3.647, 6.499, 8.443, 8.791, 7.782, 7.019, 7.865, 8.291, 8.303, 8.692, 8.207, 6.763, 6.384, 7.582, 8.54, 8.64, 7.943, 5.653, 3.411, 2.072, 2.264, 3.985, 3.084, 1.934, 1.675, 1.396, 2.63, 2.043, 1.724, 2.746, 1.981, 1.963, 2.783, 4.175, 3.97, 3.27, 2.433, 2.075, 1.936, 2.079, 2.814, 2.55, 2.761, 3.901, 4.641, 4.203, 4.812, 5.386, 5.94, 5.964, 5.548, 6.455, 7.067, 7.344, 6.543, 5.826, 6.457, 7.152, 7.364, 7.086, 8.688, 9.391, 12.398, 12.623, 10.583, 8.809, 6.827, 6.212, 6.042, 3.856, 2.529, 2.737, 2.024, 1.629, 2.159, 1.932, 2.491, 2.428, 2.318, 2.912, 5.188, 7.265, 8.027, 8.467, 7.809, 7.224, 6.417, 7.569, 9.915, 9.787, 8.056, 6.073, 4.539, 4.63, 5.765, 6.708, 7.553, 8.078, 8.72, 10.162, 10.174, 9.201, 8.528, 8.999, 9.64, 9.844, 10.095, 10.334, 10.516, 10.27, 10.203, 9.565, 8.102, 5.658, 3.237, 3.279, 4.281, 5.101, 4.661, 4.386, 3.722, 4.915, 6.336, 4.899, 6.459, 10.565, 9.548, 3.929, 2.438, 2.225, 2.63, 2.48, 2.546, 2.277, 2.344, 1.724, 2.343, 1.949, 2.048, 2.756, 3.278, 3.86, 6.39, 5.605, 2.676, 2.763, 2.261, 2.007, 2.087, 1.691, 1.016, 1.436, 1.397, 1.267, 2.631, 4.116, 5.076, 5.297, 4.557, 2.022, 1.931, 2.093, 1.801, 1.549, 2.392, 3.395, 3.67, 2.728, 1.906, 1.82, 2.55, 3.567, 4.402, 4.888, 4.814, 4.038, 3.145, 2.987, 3.122, 3.081, 3.795, 4.692, 4.452, 6.4], [1.686, 1.61, 2.054, 0.0, 1.763, 2.467, 3.228, 2.644, 2.903, 4.477, 4.109, 4.24, 6.578, 7.622, 5.741, 5.913, 8.768, 11.045, 11.772, 14.478, 15.714, 12.464, 9.661, 9.585, 10.523, 10.749, 10.363, 13.052, 15.478, 14.599, 12.565, 11.107, 10.353, 9.378, 8.117, 8.854, 8.36, 6.87, 6.026, 6.665, 5.885, 4.085, 4.49, 5.616, 5.495, 4.252, 5.244, 7.05, 7.272, 6.26, 5.488, 6.301, 6.653, 6.782, 7.199, 6.621, 5.264, 4.964, 6.121, 7.071, 7.167, 6.509, 4.263, 2.106, 2.512, 3.293, 2.656, 2.125, 1.531, 2.227, 1.847, 1.416, 1.487, 1.514, 1.627, 1.007, 2.168, 3.297, 3.948, 4.285, 4.612, 3.843, 2.608, 2.151, 3.342, 4.408, 3.843, 4.223, 5.503, 6.333, 5.772, 6.475, 6.958, 7.595, 7.644, 7.228, 8.091, 8.778, 8.827, 8.171, 7.425, 8.062, 8.837, 9.052, 8.617, 10.337, 11.062, 13.855, 14.293, 12.175, 10.472, 8.789, 8.172, 7.819, 5.583, 4.2, 4.275, 3.604, 2.104, 1.793, 2.855, 2.873, 2.079, 1.826, 1.78, 3.551, 5.588, 6.346, 6.805, 6.166, 5.749, 5.403, 6.228, 8.274, 8.119, 6.485, 4.566, 2.951, 3.167, 4.254, 5.028, 5.945, 6.476, 7.162, 8.583, 8.595, 7.619, 6.992, 7.501, 8.182, 8.335, 8.657, 8.871, 9.123, 8.696, 8.623, 7.985, 6.714, 4.245, 2.546, 3.375, 5.28, 6.504, 6.116, 5.432, 5.071, 6.397, 7.908, 6.519, 7.912, 12.058, 10.998, 5.352, 2.469, 1.931, 2.409, 2.703, 2.564, 2.722, 3.057, 1.918, 2.32, 2.091, 2.506, 4.246, 4.779, 5.407, 7.868, 7.064, 3.85, 3.099, 3.584, 3.039, 3.781, 3.281, 2.305, 2.086, 2.342, 2.217, 2.463, 3.095, 3.62, 3.784, 3.069, 2.242, 3.718, 3.496, 3.316, 2.201, 1.657, 2.128, 2.4, 1.509, 1.449, 2.231, 2.514, 4.145, 5.284, 5.692, 5.518, 5.044, 4.182, 4.313, 4.676, 4.411, 5.183, 6.059, 5.983, 8.32], [1.386, 2.434, 3.59, 1.763, 0.0, 1.89, 3.196, 3.111, 4.357, 6.058, 5.691, 5.817, 8.072, 8.978, 7.113, 7.239, 10.094, 12.371, 13.105, 15.804, 17.04, 13.783, 10.964, 10.89, 11.823, 12.07, 11.714, 14.425, 16.808, 15.929, 13.904, 12.498, 11.85, 10.853, 9.659, 10.221, 9.699, 8.295, 7.43, 7.995, 7.273, 5.598, 5.589, 7.076, 6.958, 5.034, 4.221, 5.723, 6.017, 4.989, 4.189, 4.97, 5.323, 5.456, 5.795, 5.269, 3.995, 3.656, 4.761, 5.749, 5.81, 5.173, 3.131, 2.181, 3.922, 4.771, 3.461, 2.934, 2.779, 3.609, 3.243, 1.735, 2.472, 2.857, 2.294, 2.301, 3.518, 4.603, 5.019, 5.323, 5.984, 5.245, 4.086, 3.625, 4.86, 5.845, 5.162, 5.523, 6.802, 7.658, 7.099, 7.801, 8.297, 8.921, 8.97, 8.554, 9.553, 10.206, 10.16, 9.498, 8.823, 9.434, 10.178, 10.388, 10.011, 11.742, 12.389, 15.236, 15.619, 13.501, 12.05, 10.347, 9.734, 9.411, 7.185, 5.823, 5.764, 5.222, 3.635, 2.895, 4.364, 4.153, 3.356, 2.868, 2.578, 2.717, 4.323, 5.055, 5.489, 4.847, 4.433, 4.401, 5.213, 6.987, 6.785, 5.34, 3.596, 2.208, 2.232, 3.445, 3.978, 4.564, 5.127, 5.807, 7.202, 7.214, 6.252, 5.632, 6.127, 6.806, 6.958, 7.302, 7.547, 7.793, 7.367, 7.25, 6.604, 5.395, 3.123, 3.251, 4.649, 6.469, 7.83, 7.405, 6.698, 6.453, 7.779, 9.288, 7.863, 9.29, 13.439, 12.373, 6.711, 3.887, 3.133, 3.716, 4.139, 3.896, 4.087, 4.44, 3.28, 3.48, 3.383, 3.941, 5.782, 6.309, 6.922, 9.194, 8.445, 5.203, 4.305, 5.03, 4.594, 5.24, 4.788, 3.832, 3.464, 3.834, 3.785, 3.18, 2.395, 2.466, 2.427, 1.817, 2.95, 5.296, 4.963, 4.792, 3.597, 2.109, 1.597, 1.559, 1.483, 2.255, 3.409, 3.789, 5.523, 6.635, 6.875, 6.712, 6.36, 5.607, 5.847, 6.242, 5.901, 6.726, 7.613, 7.505, 9.917], [1.779, 1.774, 3.01, 2.467, 1.89, 0.0, 1.745, 2.0, 3.357, 5.088, 4.761, 4.908, 7.28, 8.302, 6.381, 6.577, 9.41, 11.687, 12.416, 15.121, 16.357, 13.188, 10.654, 10.614, 11.278, 11.451, 11.266, 13.785, 16.157, 15.288, 13.263, 11.851, 11.072, 10.089, 8.85, 9.551, 9.058, 7.576, 6.736, 7.344, 6.578, 4.617, 4.519, 5.919, 5.936, 3.645, 4.24, 6.187, 6.52, 5.468, 4.678, 5.565, 5.941, 5.988, 6.411, 5.912, 4.439, 4.266, 5.363, 6.337, 6.422, 5.694, 3.438, 2.594, 3.205, 3.915, 3.557, 3.383, 3.187, 2.994, 2.594, 2.257, 3.096, 2.683, 2.324, 2.32, 3.517, 4.704, 6.106, 6.018, 5.555, 4.75, 3.739, 3.725, 4.437, 5.301, 5.053, 5.325, 6.164, 6.964, 6.415, 7.117, 7.607, 8.254, 8.296, 7.878, 8.778, 9.455, 9.529, 8.839, 8.159, 8.761, 9.516, 9.688, 9.298, 10.983, 11.705, 14.587, 14.936, 12.835, 11.268, 9.457, 8.843, 8.576, 6.35, 5.081, 5.167, 4.54, 3.393, 3.164, 4.17, 4.817, 4.156, 3.415, 2.76, 3.578, 4.942, 5.704, 6.144, 5.486, 4.992, 4.022, 5.17, 7.606, 7.469, 5.619, 3.71, 2.935, 2.673, 4.374, 4.949, 5.278, 5.785, 6.435, 7.886, 7.898, 6.928, 6.264, 6.777, 7.437, 7.589, 7.887, 8.149, 8.361, 7.954, 7.926, 7.288, 5.972, 3.746, 4.364, 5.289, 6.663, 7.567, 7.245, 6.559, 6.02, 7.122, 8.59, 7.174, 8.641, 12.773, 11.737, 6.38, 4.239, 3.262, 4.033, 4.014, 3.685, 4.107, 4.263, 2.566, 3.195, 3.218, 3.426, 4.963, 5.72, 6.341, 8.704, 7.799, 4.811, 4.762, 4.56, 4.38, 4.813, 4.107, 3.128, 3.134, 3.276, 3.099, 2.529, 2.616, 3.087, 3.109, 2.347, 1.877, 4.346, 4.206, 3.957, 3.387, 2.229, 1.861, 1.565, 1.84, 2.028, 2.432, 3.169, 4.064, 5.213, 5.474, 5.189, 4.941, 4.319, 4.613, 5.188, 5.259, 5.547, 6.408, 6.262, 8.882], [2.699, 2.314, 2.923, 3.228, 3.196, 1.745, 0.0, 1.418, 2.517, 3.856, 3.705, 3.726, 6.089, 7.128, 5.343, 5.631, 8.365, 10.551, 11.501, 14.034, 15.333, 12.753, 10.76, 10.579, 11.005, 11.251, 11.202, 12.938, 15.072, 14.39, 12.25, 11.176, 9.994, 9.013, 7.746, 8.412, 8.049, 6.398, 5.644, 6.25, 5.632, 3.254, 3.028, 4.491, 4.502, 2.297, 4.545, 6.833, 7.469, 6.335, 5.655, 6.644, 7.077, 7.066, 7.477, 6.964, 5.478, 5.058, 6.223, 7.271, 7.393, 6.726, 4.492, 3.152, 3.363, 3.787, 4.258, 4.077, 3.607, 3.251, 3.142, 3.014, 3.716, 2.757, 2.799, 3.037, 3.821, 5.265, 6.738, 6.588, 5.76, 4.602, 3.91, 4.102, 4.284, 4.999, 5.182, 5.343, 5.795, 6.158, 5.61, 6.157, 7.123, 7.506, 7.258, 7.034, 8.148, 8.716, 8.92, 8.237, 7.399, 8.004, 8.667, 8.573, 8.617, 9.941, 10.638, 13.891, 13.945, 11.971, 10.374, 7.984, 7.435, 7.494, 5.532, 4.853, 4.849, 4.409, 3.822, 3.66, 4.176, 4.987, 4.579, 3.777, 3.57, 4.582, 6.078, 6.84, 7.28, 6.622, 5.933, 4.308, 5.946, 8.727, 8.598, 6.654, 4.757, 3.994, 3.592, 5.296, 5.957, 6.368, 6.886, 7.515, 8.957, 8.968, 7.993, 7.316, 7.736, 8.384, 8.624, 8.859, 9.101, 9.156, 9.023, 8.997, 8.359, 6.792, 4.482, 5.021, 5.63, 6.969, 7.335, 7.083, 6.549, 5.999, 6.448, 7.768, 6.483, 8.164, 12.016, 11.037, 6.453, 4.507, 3.326, 4.049, 4.293, 4.365, 4.275, 4.147, 2.483, 3.197, 3.599, 3.664, 4.789, 5.685, 6.111, 8.538, 7.379, 5.089, 5.253, 4.646, 4.574, 4.796, 3.795, 2.795, 3.057, 2.865, 2.917, 2.498, 3.568, 4.089, 4.207, 3.275, 1.622, 3.268, 3.622, 3.47, 3.405, 2.739, 2.475, 2.628, 2.776, 2.247, 1.868, 2.492, 3.087, 3.873, 4.102, 4.002, 4.006, 3.643, 4.012, 4.938, 5.307, 5.4, 5.576, 5.517, 7.554], [2.331, 1.846, 2.514, 2.644, 3.111, 2.0, 1.418, 0.0, 2.085, 4.03, 3.504, 3.448, 6.155, 7.164, 5.253, 5.527, 8.416, 10.695, 11.768, 14.342, 15.528, 12.849, 10.529, 10.489, 11.118, 11.312, 11.077, 13.221, 15.177, 14.665, 12.315, 11.266, 10.195, 9.143, 7.842, 8.519, 8.287, 6.523, 5.718, 6.43, 5.881, 3.195, 3.024, 4.555, 4.498, 2.204, 4.474, 6.888, 7.535, 6.44, 5.751, 6.719, 7.156, 7.094, 7.484, 6.995, 5.532, 5.015, 6.167, 7.258, 7.366, 6.788, 4.491, 2.516, 3.001, 3.399, 3.629, 3.391, 3.096, 2.847, 2.631, 2.478, 3.011, 2.218, 2.296, 2.509, 3.197, 4.792, 6.285, 6.176, 5.431, 4.304, 3.468, 3.673, 3.879, 4.633, 4.787, 5.003, 5.861, 6.219, 5.482, 6.436, 7.27, 7.437, 7.278, 6.953, 8.339, 8.898, 9.293, 8.506, 7.599, 8.261, 8.762, 8.724, 8.979, 10.187, 10.904, 14.266, 14.217, 12.254, 10.654, 7.938, 7.465, 7.667, 5.634, 4.406, 4.52, 3.922, 3.102, 2.974, 3.618, 4.403, 3.956, 3.3, 2.983, 4.221, 6.182, 6.95, 7.398, 6.72, 6.005, 4.734, 6.149, 8.831, 8.7, 6.83, 4.876, 3.566, 3.454, 4.816, 5.618, 6.424, 6.941, 7.565, 8.989, 9.023, 8.056, 7.366, 7.75, 8.366, 8.655, 8.872, 9.105, 9.144, 9.11, 9.086, 8.45, 6.829, 4.317, 4.243, 5.09, 6.576, 6.994, 6.718, 6.294, 5.763, 6.791, 8.11, 6.69, 8.395, 12.353, 11.397, 6.093, 4.117, 2.797, 3.363, 3.861, 3.722, 3.697, 3.611, 2.139, 3.043, 2.938, 3.313, 4.606, 5.376, 6.01, 8.507, 7.531, 4.819, 4.844, 4.379, 4.09, 4.428, 3.531, 2.315, 2.49, 2.304, 2.338, 1.992, 3.289, 3.976, 4.109, 3.237, 1.297, 3.107, 3.737, 3.541, 3.12, 2.152, 2.34, 2.592, 2.163, 1.922, 1.627, 2.13, 2.989, 3.861, 4.12, 4.429, 4.301, 3.691, 3.9, 4.698, 4.908, 5.168, 5.809, 5.74, 7.729], [3.684, 2.127, 1.322, 2.903, 4.357, 3.357, 2.517, 2.085, 0.0, 2.235, 1.931, 1.965, 4.747, 5.892, 4.27, 4.467, 7.021, 9.294, 10.189, 12.783, 13.969, 11.301, 9.003, 8.956, 9.561, 9.684, 9.467, 11.623, 13.771, 13.031, 10.771, 9.6, 8.531, 7.497, 6.167, 7.089, 6.634, 4.965, 4.278, 4.923, 4.248, 2.029, 2.794, 3.879, 3.7, 2.716, 5.94, 8.158, 8.733, 7.638, 6.949, 7.916, 8.354, 8.316, 8.724, 8.235, 6.763, 6.36, 7.507, 8.533, 8.627, 8.038, 5.762, 3.583, 2.398, 2.48, 4.188, 3.54, 2.573, 1.992, 1.902, 3.109, 2.404, 2.102, 2.71, 2.544, 2.503, 3.758, 5.216, 5.009, 3.929, 2.896, 2.405, 2.737, 2.51, 3.25, 3.417, 3.51, 4.293, 4.735, 4.202, 4.839, 5.617, 5.956, 5.899, 5.49, 6.652, 7.27, 7.651, 6.871, 5.935, 6.587, 7.168, 7.308, 7.296, 8.693, 9.396, 12.592, 12.64, 10.66, 8.79, 6.23, 5.769, 5.838, 3.749, 2.609, 2.841, 2.212, 2.035, 2.271, 2.088, 2.993, 3.155, 2.7, 3.177, 5.325, 7.38, 8.148, 8.596, 7.917, 7.203, 5.807, 7.255, 10.049, 9.904, 8.005, 6.072, 4.602, 4.626, 5.879, 6.793, 7.622, 8.146, 8.774, 10.226, 10.26, 9.305, 8.629, 9.003, 9.627, 9.879, 10.127, 10.362, 10.455, 10.323, 10.284, 9.648, 8.054, 5.52, 3.392, 3.936, 5.273, 5.638, 5.288, 4.928, 4.199, 5.132, 6.447, 5.034, 6.77, 10.699, 9.729, 4.791, 3.032, 2.195, 2.811, 3.007, 3.071, 2.846, 2.711, 1.857, 2.301, 2.223, 2.433, 3.081, 3.79, 4.421, 6.974, 5.926, 3.468, 3.71, 2.953, 2.73, 2.859, 2.3, 1.312, 1.611, 1.298, 1.503, 1.952, 3.923, 5.202, 5.426, 4.704, 1.803, 1.591, 2.358, 2.091, 1.979, 2.565, 3.425, 3.951, 3.168, 2.359, 1.46, 2.201, 3.17, 3.874, 4.046, 4.122, 3.734, 2.78, 2.645, 3.093, 3.32, 3.687, 4.339, 4.162, 5.817], [5.566, 3.961, 2.52, 4.477, 6.058, 5.088, 3.856, 4.03, 2.235, 0.0, 1.365, 1.449, 2.835, 3.834, 2.867, 3.063, 5.088, 7.23, 8.125, 10.724, 12.067, 9.452, 7.515, 7.338, 7.717, 8.012, 7.936, 9.536, 11.652, 10.957, 8.874, 7.669, 6.395, 5.445, 4.14, 5.005, 4.603, 3.082, 2.788, 3.096, 2.344, 2.119, 3.309, 3.797, 3.895, 3.993, 7.952, 10.25, 10.817, 9.731, 9.013, 9.988, 10.414, 10.386, 10.802, 10.321, 8.871, 8.478, 9.633, 10.666, 10.753, 10.142, 7.854, 5.64, 3.801, 3.902, 6.21, 5.268, 3.65, 2.788, 3.395, 4.962, 3.888, 3.711, 4.674, 3.986, 2.865, 3.377, 4.871, 4.051, 2.709, 1.959, 2.626, 2.946, 1.895, 2.175, 2.274, 2.254, 2.532, 3.109, 2.997, 2.987, 3.839, 4.207, 4.001, 3.851, 4.804, 5.346, 5.578, 4.905, 3.985, 4.56, 5.39, 5.223, 5.196, 6.595, 7.336, 10.497, 10.55, 8.578, 6.771, 4.471, 3.894, 3.825, 2.05, 2.089, 2.051, 2.057, 3.182, 3.982, 2.751, 3.604, 4.65, 4.545, 5.179, 7.422, 9.476, 10.238, 10.687, 9.999, 9.291, 7.573, 9.323, 12.147, 11.991, 10.075, 8.177, 6.705, 6.723, 7.972, 8.895, 9.696, 10.219, 10.849, 12.342, 12.377, 11.411, 10.722, 11.154, 11.778, 11.965, 12.199, 12.431, 12.572, 12.404, 12.397, 11.74, 10.162, 7.602, 4.861, 3.442, 4.124, 4.464, 4.045, 3.797, 3.18, 3.08, 4.381, 3.186, 4.825, 8.651, 7.646, 3.783, 2.911, 3.408, 3.415, 3.193, 3.448, 3.107, 2.717, 3.148, 3.111, 3.497, 2.998, 2.059, 2.434, 2.9, 5.302, 4.142, 2.57, 3.07, 2.047, 2.175, 2.085, 1.534, 2.526, 3.159, 2.703, 2.653, 3.847, 5.971, 7.299, 7.491, 6.659, 3.63, 1.533, 1.604, 1.731, 2.911, 4.195, 5.135, 5.771, 5.014, 4.053, 3.215, 3.656, 3.719, 4.293, 5.061, 5.074, 4.106, 3.086, 2.58, 2.728, 3.035, 3.296, 3.419, 3.117, 4.208], [5.134, 3.578, 2.209, 4.109, 5.691, 4.761, 3.705, 3.504, 1.931, 1.365, 0.0, 0.863, 3.253, 4.405, 3.178, 3.168, 5.665, 7.897, 8.821, 11.507, 12.915, 10.531, 8.385, 8.299, 8.772, 8.989, 8.822, 10.264, 12.277, 11.746, 9.765, 8.696, 7.292, 6.276, 5.036, 5.663, 5.38, 3.596, 2.979, 3.558, 3.261, 2.459, 3.101, 3.816, 3.76, 3.517, 7.204, 9.692, 10.307, 9.202, 8.5, 9.478, 9.904, 9.851, 10.189, 9.733, 8.321, 7.863, 8.988, 10.032, 10.121, 9.511, 7.223, 5.003, 3.394, 3.503, 5.675, 4.75, 3.208, 2.383, 2.949, 4.557, 3.464, 3.275, 4.133, 3.647, 2.426, 3.235, 4.713, 4.283, 3.244, 2.372, 2.272, 2.669, 1.891, 2.521, 2.627, 2.95, 3.516, 3.902, 3.285, 3.729, 4.791, 4.804, 4.67, 4.415, 5.862, 6.365, 6.485, 5.97, 4.791, 5.362, 6.103, 5.808, 6.017, 7.34, 8.019, 11.372, 11.315, 9.216, 7.612, 5.032, 4.388, 4.495, 2.936, 2.127, 2.566, 1.99, 2.706, 3.46, 2.329, 3.175, 4.215, 4.11, 4.703, 6.909, 8.963, 9.726, 10.174, 9.487, 8.781, 6.937, 8.749, 11.617, 11.46, 9.545, 7.637, 6.195, 6.21, 7.349, 8.385, 9.19, 9.715, 10.346, 11.722, 11.749, 10.781, 10.089, 10.52, 11.214, 11.444, 11.619, 11.855, 12.006, 11.894, 11.887, 11.23, 9.652, 7.077, 4.333, 3.392, 4.447, 4.804, 4.583, 3.949, 3.528, 4.06, 5.325, 4.072, 5.845, 9.521, 8.484, 3.99, 2.623, 2.95, 2.913, 2.88, 3.074, 2.781, 2.251, 2.668, 2.698, 3.154, 2.592, 2.441, 3.155, 3.738, 6.279, 5.134, 2.677, 3.119, 2.283, 2.215, 2.288, 2.14, 1.986, 2.615, 2.243, 2.203, 3.18, 5.458, 6.719, 6.856, 6.207, 3.144, 1.218, 1.795, 1.433, 2.556, 3.822, 4.703, 5.388, 4.564, 3.708, 2.544, 2.745, 3.217, 3.988, 4.705, 4.882, 4.072, 2.997, 3.154, 3.04, 3.309, 3.838, 4.096, 3.921, 4.792], [5.298, 3.747, 2.407, 4.24, 5.817, 4.908, 3.726, 3.448, 1.965, 1.449, 0.863, 0.0, 3.036, 4.217, 2.797, 2.887, 5.471, 7.664, 8.703, 11.383, 12.766, 10.413, 8.244, 8.147, 8.655, 8.826, 8.669, 10.159, 12.107, 11.695, 9.647, 8.663, 7.204, 6.154, 4.94, 5.475, 5.332, 3.469, 3.006, 3.638, 3.259, 2.463, 3.142, 3.868, 3.775, 3.349, 7.198, 9.86, 10.5, 9.378, 8.691, 9.682, 10.119, 10.069, 10.442, 9.929, 8.48, 8.0, 9.178, 10.246, 10.371, 9.717, 7.429, 5.205, 3.48, 3.599, 5.842, 4.924, 3.362, 2.535, 3.111, 4.718, 3.591, 3.401, 4.337, 3.807, 2.57, 3.177, 4.652, 4.218, 3.33, 2.536, 2.52, 2.91, 1.931, 2.448, 2.707, 2.978, 3.391, 3.674, 2.986, 3.589, 4.679, 4.641, 4.47, 4.187, 5.735, 6.289, 6.438, 5.852, 4.723, 5.272, 5.956, 5.632, 5.949, 7.187, 7.835, 11.319, 11.262, 9.098, 7.537, 4.809, 4.171, 4.331, 2.799, 2.296, 2.718, 2.054, 2.73, 3.628, 2.359, 3.179, 4.334, 4.271, 4.842, 7.068, 9.13, 9.886, 10.333, 9.665, 8.977, 7.172, 8.921, 11.783, 11.629, 9.717, 7.808, 6.387, 6.387, 7.549, 8.569, 9.404, 9.93, 10.56, 11.948, 11.982, 11.017, 10.339, 10.741, 11.388, 11.645, 11.82, 12.072, 12.16, 12.1, 12.071, 11.403, 9.845, 7.259, 4.481, 3.335, 4.488, 4.81, 4.559, 3.978, 3.468, 3.963, 5.225, 3.937, 5.753, 9.479, 8.374, 4.007, 2.543, 2.946, 2.693, 2.728, 2.906, 2.553, 2.063, 2.795, 2.836, 3.104, 2.605, 2.2, 3.037, 3.61, 6.138, 5.003, 2.721, 3.154, 2.406, 2.405, 2.335, 2.264, 2.159, 2.695, 2.209, 2.276, 3.325, 5.639, 6.878, 7.087, 6.403, 3.349, 1.248, 1.826, 1.575, 2.647, 3.91, 4.888, 5.585, 4.754, 3.871, 2.716, 2.853, 3.235, 3.836, 4.673, 5.025, 4.216, 3.313, 3.338, 3.459, 3.702, 4.122, 4.415, 4.196, 4.991], [7.912, 6.353, 4.835, 6.578, 8.072, 7.28, 6.089, 6.155, 4.747, 2.835, 3.253, 3.036, 0.0, 1.669, 1.685, 1.67, 3.221, 5.141, 6.412, 8.899, 10.353, 8.048, 6.243, 6.058, 6.384, 6.723, 6.667, 7.749, 9.434, 9.106, 7.244, 6.28, 4.973, 3.865, 3.225, 3.397, 3.009, 2.253, 3.072, 3.576, 3.377, 4.201, 4.899, 5.216, 5.271, 5.544, 10.03, 12.794, 13.42, 12.312, 11.625, 12.601, 13.038, 12.977, 13.323, 12.844, 11.375, 10.879, 11.936, 12.971, 13.144, 12.523, 10.214, 8.002, 6.326, 6.434, 8.713, 7.719, 5.845, 5.075, 5.733, 7.321, 6.25, 6.106, 7.188, 6.307, 4.71, 3.704, 5.056, 4.158, 3.373, 3.417, 4.874, 5.264, 3.577, 2.667, 3.511, 3.295, 2.267, 2.231, 2.127, 2.219, 2.646, 2.641, 2.398, 2.477, 3.541, 3.854, 3.905, 3.654, 2.902, 3.236, 3.963, 2.93, 3.51, 4.566, 5.299, 8.745, 8.658, 6.457, 5.221, 3.702, 2.912, 2.826, 2.647, 3.682, 4.359, 4.051, 5.551, 6.493, 5.01, 5.951, 7.012, 7.035, 7.708, 9.977, 12.055, 12.816, 13.257, 12.599, 11.878, 10.036, 11.838, 14.677, 14.548, 12.604, 10.708, 9.276, 9.3, 10.377, 11.482, 12.305, 12.831, 13.461, 14.8, 14.786, 13.794, 13.119, 13.55, 14.261, 14.544, 14.739, 14.978, 15.029, 14.972, 14.944, 14.301, 12.762, 10.191, 7.374, 4.336, 3.148, 3.337, 3.105, 2.911, 2.686, 2.434, 3.075, 2.952, 3.826, 6.936, 5.942, 2.729, 4.397, 5.376, 4.743, 4.264, 4.398, 4.085, 3.931, 5.086, 4.879, 4.841, 4.292, 2.751, 2.745, 2.423, 4.011, 2.961, 3.202, 4.057, 3.32, 4.049, 3.34, 3.7, 4.891, 5.493, 4.915, 4.95, 6.133, 8.544, 9.757, 9.903, 9.137, 6.173, 3.509, 3.273, 3.511, 4.616, 6.166, 7.481, 8.208, 7.469, 6.401, 5.482, 5.492, 5.75, 5.786, 6.44, 6.904, 6.135, 5.646, 5.166, 5.249, 5.503, 5.58, 5.437, 5.095, 4.8], [8.884, 7.452, 5.943, 7.622, 8.978, 8.302, 7.128, 7.164, 5.892, 3.834, 4.405, 4.217, 1.669, 0.0, 2.115, 2.091, 1.985, 3.963, 5.081, 7.402, 8.903, 6.594, 4.96, 4.733, 4.942, 5.32, 5.349, 6.347, 8.174, 7.723, 5.875, 4.895, 3.847, 2.998, 2.774, 2.758, 2.207, 2.664, 3.591, 3.966, 3.514, 4.838, 5.772, 5.998, 6.325, 6.825, 11.259, 13.94, 14.58, 13.463, 12.777, 13.761, 14.198, 14.154, 14.488, 14.009, 12.557, 12.033, 13.188, 14.272, 14.395, 13.735, 11.405, 9.141, 7.468, 7.585, 9.823, 8.807, 6.869, 6.03, 6.713, 8.335, 7.295, 7.216, 8.34, 7.453, 5.723, 4.516, 5.587, 4.973, 3.498, 4.207, 5.91, 6.359, 4.67, 3.497, 4.309, 3.873, 2.631, 2.017, 2.39, 2.283, 2.122, 1.767, 1.735, 1.906, 2.682, 2.852, 2.64, 2.51, 2.283, 2.458, 3.071, 2.195, 2.671, 3.317, 3.85, 7.301, 7.252, 5.194, 4.32, 3.432, 3.608, 3.105, 3.095, 4.802, 5.243, 5.151, 6.664, 7.624, 6.153, 7.102, 8.136, 8.152, 8.838, 11.129, 13.206, 13.968, 14.408, 13.75, 13.06, 11.205, 12.999, 15.837, 15.709, 13.764, 11.868, 10.436, 10.451, 11.575, 12.638, 13.466, 13.999, 14.643, 15.966, 15.977, 15.002, 14.325, 14.737, 15.447, 15.726, 15.903, 16.155, 16.212, 16.132, 16.124, 15.483, 13.902, 11.336, 8.526, 5.4, 2.885, 2.63, 2.552, 2.954, 3.007, 2.019, 2.101, 2.788, 3.136, 5.492, 4.479, 2.876, 5.488, 6.421, 5.782, 5.202, 5.376, 5.04, 4.877, 6.144, 5.982, 6.0, 5.373, 3.668, 3.431, 2.652, 2.797, 2.096, 3.961, 4.889, 4.311, 5.178, 4.418, 4.483, 6.012, 6.614, 6.044, 6.083, 7.251, 9.696, 10.868, 11.07, 10.278, 7.285, 4.719, 4.321, 4.497, 5.556, 7.123, 8.552, 9.292, 8.561, 7.471, 6.617, 6.682, 6.827, 6.831, 7.62, 7.931, 7.229, 6.625, 6.072, 5.813, 6.282, 6.194, 5.663, 5.244, 4.658], [6.956, 5.556, 4.299, 5.741, 7.113, 6.381, 5.343, 5.253, 4.27, 2.867, 3.178, 2.797, 1.685, 2.115, 0.0, 0.884, 3.428, 5.59, 6.71, 9.243, 10.646, 8.242, 6.361, 6.163, 6.526, 6.823, 6.809, 8.134, 10.134, 9.697, 7.652, 6.688, 5.424, 4.464, 3.595, 3.587, 3.358, 2.8, 3.582, 4.049, 3.676, 4.347, 5.304, 5.99, 5.878, 5.459, 9.302, 12.058, 12.705, 11.575, 10.889, 11.884, 12.317, 12.274, 12.679, 12.166, 10.68, 10.172, 11.333, 12.424, 12.55, 11.935, 9.594, 7.326, 5.649, 5.976, 7.929, 6.897, 4.957, 4.096, 4.806, 6.407, 5.393, 5.33, 6.451, 5.565, 3.807, 2.628, 3.877, 3.418, 3.114, 2.997, 4.021, 4.484, 2.979, 2.32, 3.205, 3.053, 2.136, 1.75, 1.486, 2.106, 2.698, 2.807, 2.459, 2.312, 3.859, 4.33, 4.335, 3.763, 2.984, 3.41, 4.097, 3.64, 3.983, 5.205, 5.761, 9.214, 9.182, 7.106, 6.046, 4.338, 3.924, 3.535, 2.844, 3.367, 4.481, 3.837, 4.776, 5.736, 4.483, 5.248, 6.237, 6.298, 6.95, 9.24, 11.318, 12.08, 12.52, 11.862, 11.164, 9.352, 11.123, 13.962, 13.834, 11.889, 9.993, 8.561, 8.563, 9.775, 10.761, 11.59, 12.117, 12.746, 14.158, 14.17, 13.195, 12.518, 12.914, 13.544, 13.831, 14.054, 14.299, 14.297, 14.257, 14.228, 13.586, 12.002, 9.457, 6.638, 3.49, 2.695, 2.926, 2.773, 2.198, 2.05, 2.342, 3.12, 2.753, 3.677, 7.357, 6.292, 2.352, 3.607, 4.515, 3.863, 3.271, 3.44, 3.118, 3.02, 4.341, 4.282, 4.125, 3.596, 2.19, 2.645, 2.277, 4.11, 2.99, 2.544, 3.137, 2.842, 3.562, 2.901, 3.59, 4.168, 4.752, 4.186, 4.184, 5.408, 7.808, 8.988, 9.27, 8.38, 5.5, 3.366, 2.839, 2.928, 3.825, 5.308, 6.658, 7.402, 6.673, 5.662, 4.697, 4.872, 5.125, 5.759, 6.861, 7.204, 6.471, 5.514, 5.264, 5.115, 5.417, 5.655, 5.699, 5.276, 5.351], [7.134, 5.736, 4.432, 5.913, 7.239, 6.577, 5.631, 5.527, 4.467, 3.063, 3.168, 2.887, 1.67, 2.091, 0.884, 0.0, 3.064, 5.395, 6.424, 8.987, 10.37, 7.986, 6.056, 5.831, 6.226, 6.46, 6.382, 7.906, 9.978, 9.464, 7.377, 6.496, 5.377, 4.432, 3.606, 3.73, 3.217, 2.945, 3.7, 4.094, 3.771, 4.559, 5.567, 6.247, 6.21, 5.766, 9.535, 12.247, 12.879, 11.755, 11.068, 12.06, 12.496, 12.437, 12.816, 12.303, 10.835, 10.32, 11.443, 12.525, 12.694, 12.079, 9.737, 7.47, 5.76, 6.081, 8.108, 7.084, 5.138, 4.264, 4.988, 6.593, 5.572, 5.507, 6.631, 5.744, 4.023, 2.68, 3.827, 3.189, 3.055, 3.037, 4.183, 4.65, 2.994, 2.276, 3.163, 3.118, 2.182, 1.598, 1.117, 1.876, 2.291, 2.466, 2.226, 2.035, 3.75, 4.235, 4.131, 3.543, 2.77, 3.241, 3.761, 3.624, 3.897, 5.138, 5.527, 8.967, 8.926, 6.9, 6.042, 4.363, 4.01, 3.753, 2.93, 3.38, 4.518, 3.812, 4.955, 5.916, 4.522, 5.396, 6.416, 6.428, 7.129, 9.42, 11.498, 12.259, 12.699, 12.041, 11.338, 9.547, 11.297, 14.136, 14.008, 12.063, 10.167, 8.735, 8.742, 9.919, 10.937, 11.764, 12.291, 12.92, 14.296, 14.307, 13.332, 12.655, 13.059, 13.698, 14.004, 14.191, 14.436, 14.459, 14.431, 14.402, 13.761, 12.196, 9.634, 6.817, 3.679, 2.318, 2.428, 2.389, 1.974, 1.835, 2.27, 3.019, 2.611, 3.511, 7.107, 6.041, 1.949, 3.779, 4.727, 4.127, 3.463, 3.626, 3.302, 3.132, 4.487, 4.476, 4.224, 3.721, 2.284, 2.677, 2.267, 3.865, 2.748, 2.361, 3.067, 2.741, 3.515, 2.98, 3.604, 4.31, 4.916, 4.356, 4.363, 5.599, 7.987, 9.144, 9.414, 8.541, 5.69, 3.482, 2.887, 3.028, 3.854, 5.365, 6.831, 7.576, 6.852, 5.85, 4.881, 5.09, 5.304, 6.144, 7.335, 7.607, 6.73, 5.54, 5.311, 5.124, 5.387, 5.713, 5.843, 5.479, 5.503], [9.954, 8.591, 7.087, 8.768, 10.094, 9.41, 8.365, 8.416, 7.021, 5.088, 5.665, 5.471, 3.221, 1.985, 3.428, 3.064, 0.0, 2.538, 3.589, 6.193, 7.608, 5.244, 3.643, 3.387, 3.472, 3.81, 3.723, 5.169, 7.223, 6.711, 4.714, 4.01, 2.956, 2.72, 3.15, 3.306, 2.285, 3.657, 4.677, 4.907, 4.355, 5.823, 6.844, 7.154, 7.615, 8.236, 12.423, 15.101, 15.736, 14.61, 13.923, 14.918, 15.351, 15.294, 15.689, 15.176, 13.692, 13.185, 14.333, 15.409, 15.562, 14.95, 12.608, 10.34, 8.634, 8.731, 10.963, 9.908, 7.978, 7.044, 7.827, 9.43, 8.427, 8.362, 9.486, 8.599, 6.853, 5.502, 6.405, 5.901, 4.313, 5.297, 7.007, 7.505, 5.805, 4.657, 5.444, 4.844, 3.566, 2.519, 3.089, 2.603, 2.066, 1.494, 1.736, 2.046, 2.445, 2.784, 2.349, 2.037, 2.199, 2.287, 2.073, 2.475, 2.674, 2.844, 2.877, 6.087, 6.061, 4.161, 4.142, 3.82, 4.8, 4.169, 4.005, 5.935, 6.078, 6.297, 7.81, 8.77, 7.299, 8.248, 9.271, 9.268, 9.984, 12.275, 14.352, 15.114, 15.554, 14.896, 14.195, 12.376, 14.164, 16.993, 16.865, 14.92, 13.024, 11.592, 11.597, 12.789, 13.794, 14.621, 15.143, 15.777, 17.169, 17.18, 16.205, 15.528, 15.927, 16.557, 16.859, 17.064, 17.309, 17.311, 17.288, 17.259, 16.618, 15.045, 12.491, 9.672, 6.511, 3.731, 2.525, 2.86, 3.561, 3.766, 2.66, 2.099, 2.868, 2.883, 4.303, 3.304, 3.528, 6.634, 7.583, 6.978, 6.285, 6.464, 6.111, 6.001, 7.246, 7.217, 7.086, 6.584, 4.766, 4.404, 3.693, 1.969, 2.159, 4.976, 5.893, 5.409, 6.314, 5.534, 5.625, 7.146, 7.751, 7.2, 7.219, 8.498, 10.842, 12.002, 12.284, 11.39, 8.45, 5.949, 5.509, 5.686, 6.668, 8.229, 9.688, 10.433, 9.707, 8.617, 7.704, 7.857, 8.089, 8.597, 9.256, 9.553, 8.841, 7.876, 7.181, 6.8, 7.389, 7.049, 6.44, 5.987, 5.205], [12.231, 10.868, 9.364, 11.045, 12.371, 11.687, 10.551, 10.695, 9.294, 7.23, 7.897, 7.664, 5.141, 3.963, 5.59, 5.395, 2.538, 0.0, 1.626, 4.136, 5.624, 3.254, 2.272, 2.217, 1.694, 2.057, 2.147, 3.009, 4.905, 4.66, 2.886, 2.327, 1.959, 2.936, 4.08, 3.705, 3.58, 5.169, 6.246, 6.373, 5.832, 7.853, 8.672, 8.502, 9.126, 10.241, 14.681, 17.369, 18.018, 16.887, 16.2, 17.195, 17.628, 17.601, 18.009, 17.497, 16.011, 15.561, 16.732, 17.789, 17.911, 17.261, 14.92, 12.652, 10.892, 11.008, 13.24, 12.189, 10.255, 9.301, 10.104, 11.707, 10.704, 10.639, 11.763, 10.876, 9.082, 7.779, 8.682, 8.178, 6.59, 7.578, 9.289, 9.782, 8.082, 6.969, 7.756, 7.121, 5.719, 4.802, 5.383, 4.63, 4.104, 3.527, 3.58, 3.82, 3.452, 3.362, 3.28, 3.001, 3.745, 3.167, 2.336, 2.668, 3.154, 2.412, 1.719, 4.014, 3.95, 2.474, 3.847, 4.719, 6.284, 5.777, 6.199, 8.212, 8.321, 8.574, 10.087, 11.047, 9.576, 10.525, 11.548, 11.545, 12.261, 14.552, 16.629, 17.391, 17.831, 17.173, 16.481, 14.603, 16.437, 19.275, 19.147, 17.202, 15.306, 13.874, 13.874, 15.101, 16.072, 16.903, 17.43, 18.064, 19.489, 19.501, 18.525, 17.849, 18.254, 18.902, 19.157, 19.391, 19.633, 19.668, 19.57, 19.545, 18.904, 17.338, 14.768, 11.949, 8.788, 6.004, 4.64, 5.02, 5.685, 5.974, 4.781, 3.494, 4.666, 3.515, 2.635, 1.646, 5.771, 8.911, 9.811, 9.1, 8.562, 8.741, 8.388, 8.355, 9.573, 9.448, 9.457, 8.896, 7.043, 6.681, 5.943, 3.288, 4.129, 7.253, 8.17, 7.686, 8.591, 7.811, 7.888, 9.45, 10.063, 9.512, 9.503, 10.754, 13.119, 14.314, 14.596, 13.709, 10.721, 8.031, 7.748, 7.926, 8.946, 10.541, 11.963, 12.715, 11.984, 10.894, 9.992, 10.062, 10.197, 10.345, 10.865, 11.505, 10.841, 10.061, 9.455, 9.077, 9.666, 9.269, 8.345, 7.936, 5.726], [12.959, 11.622, 10.17, 11.772, 13.105, 12.416, 11.501, 11.768, 10.189, 8.125, 8.821, 8.703, 6.412, 5.081, 6.71, 6.424, 3.589, 1.626, 0.0, 2.993, 4.581, 2.436, 2.605, 2.87, 2.008, 2.252, 2.166, 1.832, 3.878, 3.585, 3.28, 2.738, 2.601, 3.863, 4.831, 4.694, 4.491, 6.22, 7.35, 7.412, 6.616, 8.906, 9.906, 9.7, 10.379, 11.537, 15.806, 18.173, 18.75, 17.614, 16.986, 17.927, 18.356, 18.397, 18.82, 18.307, 16.821, 16.509, 17.684, 18.693, 18.81, 18.056, 15.716, 13.535, 11.621, 11.747, 13.967, 12.993, 10.982, 10.084, 10.832, 12.434, 11.453, 11.527, 12.556, 11.604, 9.868, 8.575, 9.409, 8.931, 7.318, 8.332, 10.042, 10.509, 8.831, 7.791, 8.551, 7.955, 6.663, 5.835, 6.455, 5.577, 4.875, 4.391, 4.756, 4.89, 4.136, 4.195, 4.002, 3.837, 4.501, 3.951, 3.215, 3.869, 3.911, 3.277, 2.516, 3.235, 3.083, 3.375, 4.561, 5.752, 7.524, 6.757, 6.95, 8.939, 9.05, 9.301, 10.814, 11.775, 10.304, 11.253, 12.276, 12.272, 12.988, 15.279, 17.357, 18.119, 18.559, 17.901, 17.274, 15.391, 17.174, 20.013, 19.884, 17.94, 16.044, 14.631, 14.607, 15.925, 16.8, 17.669, 18.2, 18.851, 20.299, 20.311, 19.336, 18.659, 19.158, 19.806, 19.972, 20.245, 20.463, 20.617, 20.339, 20.34, 19.702, 18.214, 15.6, 12.676, 9.525, 6.87, 5.646, 5.96, 6.438, 6.702, 5.512, 4.277, 5.39, 4.268, 3.22, 1.987, 6.613, 9.685, 10.691, 10.181, 9.343, 9.475, 9.288, 9.326, 10.529, 10.272, 10.354, 9.717, 7.77, 7.408, 6.675, 4.037, 4.877, 7.981, 8.898, 8.413, 9.377, 8.595, 8.703, 10.288, 10.981, 10.405, 10.422, 11.754, 13.9, 15.109, 15.391, 14.519, 11.528, 8.964, 8.519, 8.654, 9.673, 11.388, 12.69, 13.447, 12.712, 11.622, 10.88, 11.149, 11.295, 11.673, 12.181, 12.324, 11.689, 10.841, 10.211, 9.804, 10.394, 9.997, 9.113, 8.668, 6.492], [15.682, 14.301, 12.798, 14.478, 15.804, 15.121, 14.034, 14.342, 12.783, 10.724, 11.507, 11.383, 8.899, 7.402, 9.243, 8.987, 6.193, 4.136, 2.993, 0.0, 2.265, 2.188, 5.168, 5.151, 4.116, 3.802, 4.254, 1.75, 1.617, 1.976, 2.886, 3.621, 4.557, 5.577, 6.999, 6.178, 6.564, 8.29, 9.247, 8.881, 8.76, 11.274, 12.213, 11.425, 12.229, 14.13, 18.395, 20.85, 21.456, 20.32, 19.644, 20.629, 21.062, 21.055, 21.466, 20.953, 19.467, 19.016, 20.2, 21.258, 21.38, 20.715, 18.373, 16.105, 14.325, 14.442, 16.674, 15.656, 13.688, 12.813, 13.538, 15.142, 14.137, 14.073, 15.197, 14.31, 12.61, 11.216, 12.137, 11.663, 10.024, 11.045, 12.748, 13.216, 11.516, 10.425, 11.209, 10.578, 9.183, 8.371, 9.016, 8.189, 7.593, 7.125, 7.349, 7.545, 6.462, 5.751, 5.789, 6.314, 7.13, 6.59, 5.739, 6.103, 6.116, 4.653, 3.808, 1.672, 2.076, 3.722, 5.323, 7.122, 8.961, 8.234, 9.632, 11.645, 11.754, 12.007, 13.52, 14.481, 13.01, 13.959, 14.982, 14.978, 15.694, 17.985, 20.063, 20.825, 21.265, 20.607, 19.932, 18.104, 19.89, 22.712, 22.583, 20.639, 18.743, 17.311, 17.308, 18.554, 19.506, 20.344, 20.871, 21.504, 22.945, 22.957, 21.982, 21.305, 21.723, 22.373, 22.613, 22.841, 23.089, 23.143, 23.011, 22.986, 22.348, 20.79, 18.202, 15.383, 12.225, 9.554, 8.189, 8.603, 9.175, 9.408, 8.138, 6.615, 8.0, 6.71, 3.462, 3.646, 9.225, 12.345, 13.312, 12.802, 12.002, 12.181, 11.909, 11.869, 13.084, 12.88, 12.93, 12.349, 10.481, 10.114, 9.376, 6.669, 7.463, 10.698, 11.604, 11.119, 12.035, 11.244, 11.331, 12.904, 13.557, 13.0, 13.009, 14.337, 16.558, 17.767, 18.049, 17.168, 14.17, 11.747, 11.18, 11.408, 12.38, 14.001, 15.397, 16.151, 15.418, 14.328, 13.474, 13.751, 13.893, 13.89, 14.189, 14.618, 14.131, 13.517, 12.91, 12.51, 13.1, 12.703, 11.698, 11.162, 7.767], [16.9, 15.537, 14.033, 15.714, 17.04, 16.357, 15.333, 15.528, 13.969, 12.067, 12.915, 12.766, 10.353, 8.903, 10.646, 10.37, 7.608, 5.624, 4.581, 2.265, 0.0, 3.308, 6.4, 6.332, 5.342, 5.144, 5.549, 3.289, 2.289, 2.353, 3.453, 4.982, 5.994, 6.971, 8.421, 7.905, 8.295, 9.917, 10.922, 10.608, 10.189, 12.604, 13.797, 13.151, 13.912, 15.54, 19.643, 22.059, 22.675, 21.556, 20.869, 21.856, 22.293, 22.247, 22.595, 22.101, 20.649, 20.178, 21.351, 22.385, 22.505, 21.845, 19.504, 17.236, 15.561, 15.678, 17.909, 16.854, 14.935, 13.98, 14.774, 16.376, 15.373, 15.324, 16.432, 15.545, 13.836, 12.448, 13.351, 12.848, 11.259, 12.25, 13.955, 14.451, 12.751, 11.553, 12.352, 11.791, 10.347, 9.538, 10.178, 9.54, 8.784, 8.403, 8.557, 8.86, 7.697, 7.121, 7.36, 7.567, 8.582, 8.071, 7.035, 7.694, 7.727, 6.381, 5.533, 2.73, 3.12, 5.069, 6.512, 8.944, 10.769, 10.023, 10.901, 12.881, 12.99, 13.243, 14.756, 15.717, 14.246, 15.195, 16.217, 16.214, 16.93, 19.221, 21.299, 22.06, 22.5, 21.843, 21.152, 19.504, 21.114, 23.932, 23.804, 21.859, 19.963, 18.531, 18.543, 19.685, 20.733, 21.56, 22.089, 22.734, 24.075, 24.086, 23.111, 22.434, 22.849, 23.541, 23.818, 24.005, 24.251, 24.334, 24.227, 24.216, 23.575, 22.012, 19.437, 16.618, 13.458, 10.661, 9.286, 9.752, 10.419, 10.644, 9.501, 8.01, 9.336, 7.915, 4.736, 5.104, 10.435, 13.641, 14.564, 14.015, 13.231, 13.41, 13.066, 13.014, 14.335, 14.293, 14.087, 13.492, 11.717, 11.35, 10.612, 7.885, 8.667, 11.922, 12.84, 12.355, 13.261, 12.48, 12.55, 14.092, 14.695, 14.163, 14.212, 15.471, 17.788, 18.94, 19.18, 18.346, 15.405, 13.169, 12.597, 12.88, 13.618, 15.17, 16.703, 17.377, 16.654, 15.564, 14.772, 15.244, 15.271, 15.57, 15.889, 16.31, 15.702, 14.887, 14.155, 13.749, 14.336, 13.939, 13.068, 12.432, 9.5], [13.643, 12.28, 10.842, 12.464, 13.783, 13.188, 12.753, 12.849, 11.301, 9.452, 10.531, 10.413, 8.048, 6.594, 8.242, 7.986, 5.244, 3.254, 2.436, 2.188, 3.308, 0.0, 3.143, 3.11, 2.154, 2.096, 2.521, 1.388, 3.21, 2.42, 1.796, 2.165, 3.427, 4.497, 5.785, 5.589, 5.759, 7.544, 8.617, 8.365, 7.59, 10.079, 11.423, 10.855, 11.626, 13.223, 17.18, 19.197, 19.564, 18.513, 17.692, 18.613, 19.04, 19.04, 19.456, 18.945, 17.509, 17.21, 18.371, 19.321, 19.429, 18.74, 16.358, 14.223, 12.304, 12.492, 14.661, 13.699, 12.006, 11.172, 11.536, 13.169, 12.219, 12.258, 13.393, 12.456, 11.159, 9.215, 10.096, 9.622, 8.044, 9.175, 10.967, 11.217, 9.836, 8.61, 9.194, 8.556, 7.259, 6.903, 7.761, 6.985, 5.889, 5.941, 6.181, 6.388, 4.86, 4.397, 4.55, 4.619, 5.87, 5.292, 4.478, 5.382, 4.928, 4.077, 3.26, 1.96, 2.044, 3.072, 4.475, 6.684, 8.544, 7.718, 8.014, 9.635, 9.734, 10.058, 11.499, 12.488, 10.999, 11.938, 12.96, 12.957, 13.673, 15.964, 18.042, 18.803, 19.251, 18.586, 18.024, 16.874, 18.265, 20.691, 20.563, 18.701, 16.782, 15.308, 15.343, 16.539, 17.485, 18.329, 18.855, 19.494, 20.936, 20.948, 19.972, 19.312, 19.772, 20.444, 20.634, 20.887, 21.162, 21.337, 21.019, 20.976, 20.338, 18.929, 16.357, 13.421, 10.271, 7.52, 6.59, 6.833, 7.658, 7.646, 6.697, 5.351, 6.592, 4.994, 2.658, 2.401, 7.247, 10.72, 11.929, 11.477, 10.193, 10.421, 10.231, 10.555, 11.716, 11.69, 11.035, 10.536, 8.642, 8.113, 7.355, 4.628, 5.658, 8.739, 9.599, 9.258, 10.033, 9.223, 9.453, 11.254, 11.727, 11.443, 11.326, 12.942, 14.695, 15.794, 16.034, 15.235, 12.49, 10.687, 9.713, 10.08, 10.636, 12.32, 13.851, 14.254, 13.397, 12.414, 12.125, 12.856, 12.815, 13.225, 13.636, 13.738, 12.786, 12.115, 11.285, 10.696, 11.118, 10.799, 10.276, 9.529, 7.218], [10.715, 9.596, 8.327, 9.661, 10.964, 10.654, 10.76, 10.529, 9.003, 7.515, 8.385, 8.244, 6.243, 4.96, 6.361, 6.056, 3.643, 2.272, 2.605, 5.168, 6.4, 3.143, 0.0, 1.078, 1.599, 1.672, 1.523, 3.791, 6.231, 5.362, 3.604, 2.252, 2.357, 3.51, 4.328, 4.614, 4.395, 6.12, 7.397, 7.35, 6.119, 8.32, 9.775, 9.646, 10.319, 11.275, 14.789, 16.656, 16.879, 15.851, 15.1, 15.89, 16.163, 16.263, 16.542, 16.14, 14.84, 14.47, 15.678, 16.598, 16.618, 16.079, 13.64, 11.598, 9.435, 9.712, 11.756, 11.079, 9.486, 8.838, 8.781, 10.31, 9.619, 9.883, 10.979, 9.835, 8.714, 6.708, 7.189, 6.559, 5.289, 6.536, 8.326, 8.434, 7.35, 6.148, 6.363, 5.866, 5.184, 4.916, 5.779, 5.289, 4.104, 3.763, 4.408, 4.401, 3.096, 3.403, 3.413, 3.01, 3.828, 3.453, 2.638, 3.733, 3.487, 3.19, 2.899, 4.502, 4.979, 3.381, 3.978, 5.609, 7.47, 6.626, 5.812, 7.048, 7.003, 7.337, 8.653, 9.802, 8.056, 8.794, 9.822, 9.824, 10.53, 12.821, 14.898, 15.674, 16.204, 15.61, 15.343, 14.595, 15.708, 17.649, 17.507, 16.002, 13.971, 12.448, 12.773, 13.645, 14.381, 15.302, 15.833, 16.484, 17.945, 17.957, 17.005, 16.392, 16.936, 17.619, 17.772, 18.117, 18.363, 18.647, 18.274, 17.996, 17.357, 16.223, 13.871, 10.695, 7.631, 4.855, 4.579, 4.536, 5.286, 5.281, 4.785, 3.931, 4.774, 3.334, 3.11, 2.007, 4.81, 8.342, 9.643, 9.179, 7.944, 7.875, 7.784, 8.171, 9.564, 9.676, 8.574, 8.236, 6.212, 5.323, 4.748, 2.349, 3.594, 6.165, 6.909, 6.614, 7.272, 6.485, 7.025, 8.875, 9.169, 9.023, 8.873, 10.748, 12.312, 13.172, 13.313, 12.694, 10.136, 8.465, 7.554, 7.786, 8.218, 9.978, 11.332, 11.635, 10.551, 9.742, 9.901, 10.731, 10.823, 11.572, 12.092, 12.001, 10.991, 9.976, 8.92, 8.232, 8.357, 8.156, 8.175, 7.651, 6.299], [10.655, 9.6, 8.311, 9.585, 10.89, 10.614, 10.579, 10.489, 8.956, 7.338, 8.299, 8.147, 6.058, 4.733, 6.163, 5.831, 3.387, 2.217, 2.87, 5.151, 6.332, 3.11, 1.078, 0.0, 1.362, 1.555, 1.514, 3.772, 6.211, 5.342, 3.333, 2.002, 2.423, 3.281, 4.081, 4.43, 4.082, 5.872, 7.082, 7.07, 5.853, 8.121, 9.575, 9.393, 10.061, 11.07, 14.765, 16.59, 16.788, 15.783, 15.012, 15.821, 16.092, 16.186, 16.529, 16.083, 14.754, 14.488, 15.618, 16.59, 16.66, 16.013, 13.619, 11.532, 9.382, 9.669, 11.698, 11.0, 9.429, 8.745, 8.77, 10.349, 9.543, 9.839, 10.95, 9.749, 8.633, 6.648, 7.149, 6.548, 5.212, 6.502, 8.299, 8.377, 7.277, 6.063, 6.313, 5.832, 4.934, 4.705, 5.556, 4.99, 3.823, 3.623, 4.133, 4.203, 2.844, 3.168, 3.067, 2.741, 3.603, 3.189, 2.346, 3.498, 3.175, 2.941, 2.707, 4.445, 4.911, 3.126, 3.692, 5.359, 7.208, 6.36, 5.645, 6.967, 6.884, 7.323, 8.619, 9.727, 8.025, 8.862, 9.885, 9.882, 10.598, 12.888, 14.966, 15.734, 16.253, 15.599, 15.274, 14.534, 15.663, 17.669, 17.505, 15.947, 13.932, 12.37, 12.694, 13.693, 14.433, 15.354, 15.886, 16.536, 17.996, 18.008, 17.047, 16.447, 16.978, 17.658, 17.81, 18.147, 18.398, 18.64, 18.201, 18.043, 17.399, 16.24, 13.79, 10.619, 7.542, 4.756, 4.373, 4.337, 5.153, 5.14, 4.498, 3.61, 4.51, 3.067, 2.839, 1.871, 4.7, 8.312, 9.62, 9.127, 7.88, 7.825, 7.714, 8.121, 9.498, 9.538, 8.49, 8.188, 6.171, 5.281, 4.634, 2.123, 3.292, 6.077, 6.843, 6.579, 7.253, 6.449, 6.97, 8.827, 9.083, 8.948, 8.777, 10.674, 12.278, 13.11, 13.242, 12.608, 10.093, 8.384, 7.419, 7.69, 8.18, 9.919, 11.289, 11.574, 10.484, 9.672, 9.849, 10.67, 10.684, 11.372, 11.876, 11.802, 10.789, 9.867, 8.855, 8.198, 8.319, 8.119, 7.973, 7.444, 6.13], [11.653, 10.407, 9.073, 10.523, 11.823, 11.278, 11.005, 11.118, 9.561, 7.717, 8.772, 8.655, 6.384, 4.942, 6.526, 6.226, 3.472, 1.694, 2.008, 4.116, 5.342, 2.154, 1.599, 1.362, 0.0, 1.11, 1.267, 2.841, 5.254, 4.409, 2.597, 1.685, 2.201, 3.31, 4.293, 4.424, 4.18, 6.028, 7.234, 7.214, 6.02, 8.41, 9.793, 9.553, 10.265, 11.461, 15.437, 17.413, 17.705, 16.682, 15.854, 16.709, 17.057, 17.114, 17.544, 17.032, 15.632, 15.429, 16.554, 17.536, 17.614, 16.898, 14.482, 12.438, 10.377, 10.624, 12.694, 11.884, 10.158, 9.284, 9.594, 11.269, 10.38, 10.497, 11.6, 10.576, 9.359, 7.407, 8.104, 7.601, 6.056, 7.223, 9.06, 9.294, 8.025, 6.843, 7.259, 6.725, 5.368, 5.083, 5.923, 5.116, 4.002, 4.16, 4.429, 4.636, 3.09, 3.244, 3.106, 2.835, 4.045, 3.498, 2.79, 3.767, 3.314