[[0.0, 2.428, 2.832, 2.9, 3.234, 3.901, 3.625, 3.893, 4.059, 3.063, 2.593, 2.527, 2.072, 3.11, 3.071, 2.508, 1.693, 1.802, 2.888, 2.882, 2.903, 3.691, 3.431, 4.037, 3.658, 2.369, 2.551, 3.76, 5.319, 4.153, 4.017, 4.884, 5.488, 7.912, 11.428, 12.524, 13.912, 14.359, 10.723, 8.097, 6.284, 4.575, 4.66, 4.12, 2.797, 2.845, 2.2, 2.047, 4.626, 6.543, 7.69, 7.562, 8.142, 9.968, 10.878, 11.371, 12.567, 12.6, 11.84, 10.783, 10.137, 8.944, 7.179, 4.701, 5.167, 5.602, 5.509, 5.017, 5.38, 3.61, 2.665, 2.309, 2.182, 2.956, 4.075, 3.871, 3.632, 3.37, 3.408, 3.904, 4.203, 5.493, 6.503, 6.11, 5.589, 5.588, 5.959, 6.698, 7.296, 5.208, 3.766, 3.332, 3.787, 4.152, 4.199, 2.621, 5.125, 4.467, 3.583, 3.64, 2.568, 1.337, 1.481, 2.296, 2.637, 2.829, 2.146, 1.92, 4.07, 5.594, 4.668, 4.018, 4.892, 4.344, 3.663, 2.025, 1.641, 1.58, 1.381, 2.778, 2.013, 1.888, 2.558, 3.079, 3.304, 3.742, 2.69, 2.784, 4.323, 4.328, 4.441, 4.756, 4.244, 3.02, 3.21, 2.797, 2.696, 2.314, 2.298, 2.561, 2.146, 3.074, 3.751, 4.206, 3.125, 2.918], [2.428, 0.0, 1.284, 2.569, 2.953, 3.921, 3.557, 4.019, 4.572, 3.979, 3.555, 2.977, 1.219, 1.135, 1.15, 1.145, 1.581, 2.334, 3.0, 3.146, 3.764, 4.139, 3.099, 2.878, 2.866, 2.942, 4.052, 6.044, 7.58, 6.338, 6.328, 7.166, 7.811, 10.248, 13.748, 14.83, 16.235, 16.678, 13.046, 10.42, 8.618, 6.903, 6.987, 6.443, 5.062, 4.466, 3.946, 2.148, 2.739, 4.492, 5.639, 5.505, 5.971, 7.717, 8.672, 9.147, 10.351, 10.413, 9.686, 8.66, 8.019, 6.951, 5.254, 3.596, 5.399, 5.714, 5.59, 5.272, 4.742, 3.194, 2.608, 3.284, 3.418, 3.953, 5.119, 4.787, 3.947, 4.085, 4.901, 5.674, 6.28, 7.793, 8.76, 8.358, 7.819, 7.884, 8.255, 8.997, 9.613, 7.384, 5.158, 3.942, 3.566, 3.496, 3.439, 4.343, 7.238, 5.813, 4.937, 5.361, 4.23, 2.506, 2.793, 3.399, 2.903, 2.532, 2.739, 2.341, 2.213, 3.602, 2.921, 2.741, 3.301, 2.724, 2.676, 2.49, 3.475, 2.557, 3.099, 3.382, 2.797, 4.059, 4.227, 3.542, 3.516, 3.881, 2.674, 2.305, 2.612, 2.516, 2.401, 2.651, 2.218, 2.46, 3.696, 3.558, 3.221, 2.713, 1.904, 1.629, 2.559, 4.336, 5.145, 5.655, 4.297, 3.862], [2.832, 1.284, 0.0, 1.763, 2.092, 3.154, 2.588, 3.061, 3.857, 3.551, 3.244, 2.639, 1.268, 1.602, 1.355, 1.045, 1.494, 1.987, 2.405, 2.865, 3.589, 4.042, 3.024, 2.746, 2.795, 2.995, 4.098, 5.886, 7.41, 6.178, 6.169, 6.998, 7.641, 10.104, 13.577, 14.662, 16.065, 16.507, 12.88, 10.252, 8.464, 6.774, 6.829, 6.292, 4.922, 4.33, 3.823, 2.466, 2.725, 4.2, 5.438, 5.425, 6.014, 7.812, 8.759, 9.182, 10.293, 10.331, 9.42, 8.406, 7.716, 6.543, 4.687, 2.839, 4.355, 4.731, 4.61, 4.271, 3.882, 2.235, 2.075, 3.094, 3.216, 3.691, 4.927, 4.352, 3.544, 3.728, 4.664, 5.489, 6.102, 7.622, 8.631, 8.21, 7.689, 7.713, 8.086, 8.817, 9.446, 7.217, 4.913, 3.624, 3.187, 2.953, 2.774, 4.171, 7.066, 5.544, 4.537, 5.097, 4.034, 2.364, 2.76, 2.997, 2.215, 1.809, 2.454, 2.304, 2.132, 3.182, 2.306, 2.391, 3.007, 3.181, 3.089, 2.805, 3.386, 2.456, 3.327, 3.911, 2.868, 3.897, 4.038, 3.026, 2.653, 2.988, 2.116, 1.668, 1.905, 2.17, 2.266, 2.72, 2.302, 1.795, 2.845, 2.878, 2.426, 2.543, 1.979, 1.478, 2.177, 3.877, 4.591, 5.186, 3.731, 3.239], [2.9, 2.569, 1.763, 0.0, 1.787, 2.497, 1.692, 1.959, 3.311, 3.01, 2.726, 2.212, 2.097, 2.93, 2.724, 2.377, 2.445, 1.784, 1.999, 2.456, 3.082, 3.874, 3.195, 3.358, 3.677, 4.141, 4.554, 5.378, 6.727, 5.542, 5.559, 6.32, 7.145, 9.533, 12.872, 13.903, 15.407, 15.79, 12.262, 9.633, 7.858, 6.319, 6.25, 5.735, 4.391, 4.381, 3.994, 3.484, 3.477, 4.776, 6.091, 5.987, 6.617, 8.449, 9.47, 9.811, 10.948, 10.981, 9.914, 9.023, 8.232, 6.93, 4.982, 2.127, 3.286, 3.47, 3.303, 2.961, 2.852, 1.497, 1.712, 2.555, 2.642, 3.191, 4.308, 3.638, 2.836, 3.107, 4.053, 4.769, 5.41, 6.917, 8.0, 7.526, 6.962, 7.0, 7.461, 8.158, 8.742, 6.517, 4.294, 2.849, 2.628, 2.279, 2.044, 3.449, 6.33, 4.937, 3.958, 4.494, 3.652, 2.168, 2.683, 2.535, 1.785, 1.522, 2.117, 2.904, 3.332, 3.887, 2.823, 2.81, 3.985, 4.295, 4.202, 3.567, 2.878, 2.83, 3.767, 5.221, 3.836, 3.525, 3.419, 2.39, 2.138, 2.233, 1.73, 1.467, 2.119, 2.847, 3.055, 3.437, 3.25, 1.619, 2.128, 2.533, 1.963, 2.485, 2.652, 2.41, 2.416, 3.481, 4.079, 4.633, 3.334, 2.69], [3.234, 2.953, 2.092, 1.787, 0.0, 1.904, 2.137, 2.165, 2.457, 2.49, 2.653, 2.296, 2.18, 3.115, 2.984, 2.596, 2.335, 1.971, 1.331, 1.751, 2.513, 3.17, 2.649, 3.228, 3.658, 3.893, 4.59, 5.306, 6.178, 5.323, 5.152, 6.154, 6.69, 8.937, 12.388, 13.488, 14.823, 15.339, 11.663, 9.047, 7.219, 5.472, 5.638, 5.201, 4.146, 4.432, 4.28, 3.677, 4.227, 5.384, 6.66, 6.59, 7.256, 9.002, 9.906, 10.445, 11.647, 11.643, 10.526, 9.513, 8.726, 7.619, 5.729, 2.826, 2.844, 3.144, 3.077, 2.96, 2.693, 1.555, 2.145, 2.099, 2.591, 2.62, 3.733, 3.258, 2.553, 2.615, 3.405, 4.255, 4.985, 6.501, 7.509, 7.113, 6.591, 6.6, 6.964, 7.631, 8.305, 5.985, 3.635, 2.665, 2.322, 2.039, 2.05, 3.0, 5.878, 4.407, 3.457, 3.974, 3.766, 2.575, 2.915, 2.182, 1.841, 1.586, 1.943, 2.678, 3.752, 4.349, 3.274, 2.962, 4.372, 4.871, 4.799, 3.993, 3.166, 3.033, 4.024, 5.082, 3.807, 3.796, 3.216, 2.01, 1.25, 1.496, 1.544, 1.708, 3.008, 3.452, 3.58, 4.098, 3.516, 2.209, 2.175, 2.117, 1.802, 2.472, 2.649, 2.593, 2.461, 3.165, 3.388, 3.984, 3.237, 2.127], [3.901, 3.921, 3.154, 2.497, 1.904, 0.0, 1.746, 1.476, 1.476, 1.458, 1.716, 1.908, 3.19, 4.028, 3.978, 3.672, 3.399, 2.764, 1.96, 2.168, 2.814, 3.532, 3.393, 4.22, 4.674, 4.975, 5.617, 5.555, 5.481, 5.271, 4.745, 5.187, 6.42, 7.877, 11.183, 12.282, 13.619, 14.137, 10.451, 7.836, 6.03, 4.587, 4.535, 4.208, 4.584, 5.235, 4.985, 4.547, 5.349, 6.582, 7.772, 7.705, 8.391, 10.14, 11.085, 11.535, 12.725, 12.721, 11.543, 10.559, 9.76, 8.561, 6.672, 3.645, 1.881, 2.116, 2.298, 2.327, 2.157, 2.514, 2.342, 2.207, 1.929, 1.76, 2.669, 2.426, 1.953, 2.14, 2.369, 3.209, 3.815, 5.299, 6.317, 5.917, 5.389, 5.402, 5.771, 6.473, 7.108, 4.775, 2.623, 1.871, 2.004, 2.723, 2.187, 2.393, 4.67, 3.167, 2.452, 2.969, 3.337, 2.969, 3.383, 2.385, 2.373, 2.278, 2.286, 3.67, 4.919, 5.732, 4.434, 3.815, 5.299, 5.983, 5.707, 4.83, 3.428, 3.817, 4.854, 6.332, 4.82, 3.826, 2.571, 1.94, 1.936, 1.66, 1.761, 2.463, 3.918, 4.494, 4.629, 5.163, 4.656, 3.198, 2.075, 1.866, 1.924, 3.061, 3.654, 3.411, 3.04, 2.591, 2.525, 2.806, 2.68, 2.33], [3.625, 3.557, 2.588, 1.692, 2.137, 1.746, 0.0, 1.075, 2.256, 2.313, 2.168, 1.851, 2.957, 3.606, 3.5, 3.225, 3.245, 2.659, 2.446, 2.909, 3.756, 4.568, 4.034, 3.957, 4.272, 4.925, 5.439, 5.427, 6.056, 5.644, 5.195, 5.985, 6.55, 8.666, 12.193, 13.294, 14.633, 15.146, 11.458, 8.839, 7.037, 5.5, 5.421, 5.02, 4.895, 5.134, 4.755, 4.437, 4.363, 5.553, 6.774, 6.718, 7.405, 9.136, 10.072, 10.525, 11.731, 11.712, 10.552, 9.555, 8.814, 7.616, 5.711, 2.77, 2.157, 2.625, 2.671, 2.62, 2.582, 1.852, 1.908, 2.721, 2.222, 2.483, 3.567, 3.428, 2.972, 3.004, 3.61, 4.16, 4.801, 6.311, 7.327, 6.931, 6.41, 6.412, 6.782, 7.433, 8.118, 5.787, 3.602, 2.644, 2.509, 2.628, 2.349, 3.148, 5.698, 4.247, 3.356, 3.754, 3.036, 2.685, 3.159, 2.473, 2.136, 1.958, 2.454, 3.697, 4.084, 4.561, 3.412, 3.502, 4.632, 5.164, 5.162, 4.721, 3.357, 3.65, 4.569, 6.177, 4.669, 3.63, 3.055, 2.414, 2.436, 2.189, 2.055, 2.057, 3.015, 3.502, 3.704, 4.189, 3.855, 2.052, 1.433, 1.858, 1.607, 2.615, 3.328, 3.216, 2.963, 2.469, 2.964, 3.751, 2.826, 2.692], [3.893, 4.019, 3.061, 1.959, 2.165, 1.476, 1.075, 0.0, 1.719, 1.797, 1.805, 1.844, 3.344, 4.094, 3.905, 3.588, 3.524, 2.846, 2.083, 2.436, 3.237, 3.999, 3.713, 4.201, 4.552, 5.15, 5.689, 5.442, 5.51, 5.45, 4.789, 5.584, 6.379, 8.054, 11.526, 12.626, 13.952, 14.479, 10.786, 8.169, 6.342, 4.921, 4.81, 4.509, 4.657, 5.223, 4.994, 4.679, 4.786, 6.271, 7.493, 7.418, 8.108, 9.864, 10.772, 11.293, 12.482, 12.48, 11.264, 10.267, 9.514, 8.289, 6.369, 3.236, 1.754, 2.179, 2.274, 2.167, 2.324, 2.11, 2.155, 2.319, 2.012, 2.031, 3.011, 2.866, 2.426, 2.486, 2.934, 3.483, 4.134, 5.644, 6.66, 6.277, 5.746, 5.745, 6.113, 6.806, 7.481, 5.115, 2.876, 2.061, 2.162, 2.506, 1.995, 2.664, 5.042, 3.566, 2.894, 3.275, 3.057, 2.998, 3.437, 2.524, 2.257, 2.389, 2.399, 3.843, 4.605, 5.117, 3.985, 3.67, 5.012, 5.701, 5.534, 4.934, 3.398, 3.867, 4.861, 6.404, 4.913, 3.86, 2.716, 2.241, 2.251, 1.938, 1.982, 2.253, 3.325, 4.083, 4.346, 4.797, 4.344, 2.672, 1.893, 2.084, 2.038, 3.091, 3.663, 3.578, 3.223, 2.585, 2.549, 3.195, 2.986, 2.792], [4.059, 4.572, 3.857, 3.311, 2.457, 1.476, 2.256, 1.719, 0.0, 1.34, 1.81, 2.044, 3.773, 4.714, 4.62, 4.314, 3.785, 2.905, 2.105, 2.357, 3.042, 3.633, 3.713, 4.782, 5.24, 5.413, 5.834, 5.392, 4.89, 5.063, 4.71, 5.041, 6.131, 7.182, 10.142, 11.243, 12.577, 13.095, 9.426, 6.812, 4.995, 3.517, 3.994, 3.808, 4.588, 5.415, 5.138, 4.955, 6.019, 7.642, 8.826, 8.725, 9.41, 11.166, 12.124, 12.585, 13.785, 13.772, 12.6, 11.598, 10.868, 9.603, 7.718, 4.708, 1.979, 2.418, 2.861, 2.711, 2.951, 3.318, 2.865, 2.349, 2.111, 1.459, 2.138, 2.192, 2.188, 2.09, 2.117, 2.613, 2.972, 4.275, 5.292, 4.894, 4.368, 4.385, 4.73, 5.386, 6.067, 3.732, 2.076, 1.979, 2.348, 3.293, 2.701, 2.289, 3.682, 2.396, 2.187, 2.342, 2.837, 3.068, 3.546, 2.448, 2.858, 3.199, 2.694, 4.199, 5.459, 6.507, 5.389, 4.452, 5.913, 6.462, 6.252, 5.235, 3.716, 4.156, 4.94, 6.631, 5.247, 3.993, 2.726, 2.454, 2.195, 2.374, 2.261, 2.983, 4.708, 5.378, 5.628, 6.16, 5.581, 4.105, 2.421, 2.156, 2.408, 3.372, 3.864, 4.074, 3.263, 2.296, 2.114, 2.212, 2.966, 3.086], [3.063, 3.979, 3.551, 3.01, 2.49, 1.458, 2.313, 1.797, 1.34, 0.0, 1.16, 1.54, 3.199, 4.188, 4.345, 3.945, 3.027, 2.248, 1.987, 2.271, 2.653, 3.48, 3.583, 4.407, 4.685, 4.441, 4.709, 4.527, 4.598, 4.459, 3.86, 4.251, 5.478, 6.744, 10.182, 11.283, 12.638, 13.135, 9.49, 6.871, 5.069, 3.486, 3.633, 3.351, 3.692, 4.377, 4.065, 4.06, 5.744, 7.49, 8.754, 8.696, 9.364, 11.116, 12.082, 12.499, 13.693, 13.688, 12.589, 11.632, 10.795, 9.531, 7.629, 4.659, 2.654, 3.078, 3.448, 3.168, 3.319, 3.189, 2.466, 1.787, 1.288, 1.325, 2.124, 1.994, 2.199, 2.049, 1.867, 2.359, 2.885, 4.315, 5.332, 4.934, 4.405, 4.401, 4.787, 5.457, 6.107, 3.799, 2.058, 2.036, 2.545, 3.255, 2.729, 1.884, 3.721, 2.365, 1.685, 2.036, 2.174, 2.348, 2.48, 1.7, 2.52, 2.945, 1.95, 3.331, 5.178, 6.3, 5.094, 4.261, 5.596, 6.081, 5.755, 4.38, 2.824, 3.295, 3.885, 5.536, 4.278, 2.924, 1.928, 2.067, 2.354, 2.386, 1.983, 2.777, 4.56, 5.24, 5.437, 5.936, 5.417, 3.895, 2.394, 1.74, 2.111, 3.029, 3.447, 3.59, 2.608, 1.846, 1.942, 2.161, 2.242, 2.495], [2.593, 3.555, 3.244, 2.726, 2.653, 1.716, 2.168, 1.805, 1.81, 1.16, 0.0, 1.274, 2.896, 3.908, 4.038, 3.543, 2.4, 1.818, 1.928, 1.873, 2.234, 3.026, 3.013, 4.061, 4.212, 3.995, 4.379, 4.213, 4.501, 4.236, 3.62, 4.127, 5.177, 7.01, 10.395, 11.496, 12.864, 13.349, 9.716, 7.093, 5.299, 3.956, 3.692, 3.195, 3.428, 3.85, 3.556, 3.45, 5.322, 7.264, 8.539, 8.449, 9.127, 10.878, 11.851, 12.257, 13.455, 13.444, 12.259, 11.325, 10.544, 9.225, 7.27, 4.3, 2.845, 3.244, 3.435, 3.174, 3.359, 3.122, 2.104, 1.578, 0.986, 1.359, 2.238, 2.081, 1.986, 1.72, 1.794, 2.371, 3.035, 4.513, 5.529, 5.136, 4.62, 4.614, 5.0, 5.771, 6.322, 4.029, 2.136, 1.775, 2.439, 3.236, 2.725, 1.515, 3.918, 2.626, 1.928, 2.311, 2.047, 1.826, 2.25, 1.807, 2.439, 2.808, 1.567, 2.806, 4.788, 6.124, 4.894, 3.872, 5.078, 5.607, 4.858, 3.519, 2.273, 2.608, 3.54, 5.235, 3.779, 2.432, 1.631, 1.876, 2.439, 2.297, 1.836, 2.302, 4.233, 5.052, 5.235, 5.697, 5.217, 3.711, 2.31, 1.804, 2.076, 3.044, 3.442, 3.514, 2.248, 1.967, 2.193, 2.458, 2.336, 2.389], [2.527, 2.977, 2.639, 2.212, 2.296, 1.908, 1.851, 1.844, 2.044, 1.54, 1.274, 0.0, 2.4, 3.547, 3.38, 2.856, 2.363, 1.632, 1.909, 2.087, 2.662, 3.497, 3.229, 3.816, 4.017, 3.847, 4.341, 4.511, 5.155, 4.54, 4.104, 4.834, 5.601, 7.797, 11.254, 12.303, 13.731, 14.175, 10.589, 7.965, 6.171, 4.389, 4.55, 3.924, 3.756, 4.305, 3.905, 3.671, 5.045, 6.432, 7.864, 7.742, 8.308, 10.053, 11.107, 11.533, 12.658, 12.727, 11.805, 10.85, 10.131, 8.879, 6.963, 4.002, 3.034, 3.502, 3.554, 3.154, 3.542, 2.694, 1.826, 1.65, 1.227, 1.598, 2.716, 2.448, 2.328, 2.101, 2.603, 3.159, 3.799, 5.303, 6.329, 5.913, 5.393, 5.392, 5.795, 6.497, 7.097, 4.874, 2.782, 2.117, 2.474, 3.007, 2.613, 2.012, 4.742, 3.325, 2.492, 2.966, 2.123, 1.736, 2.085, 1.739, 1.764, 2.265, 1.546, 2.595, 4.292, 5.46, 4.335, 3.705, 4.975, 5.231, 4.883, 3.821, 2.434, 2.69, 3.474, 5.084, 3.855, 2.819, 2.195, 2.034, 2.399, 2.364, 1.367, 1.937, 3.869, 4.264, 4.479, 4.922, 4.479, 3.09, 1.863, 1.469, 1.514, 2.414, 2.827, 2.916, 2.1, 2.151, 2.732, 3.104, 2.259, 2.466], [2.072, 1.219, 1.268, 2.097, 2.18, 3.19, 2.957, 3.344, 3.773, 3.199, 2.896, 2.4, 0.0, 1.409, 1.464, 1.231, 1.349, 1.783, 2.238, 2.631, 3.207, 3.82, 3.083, 3.184, 3.184, 2.895, 3.677, 5.496, 7.005, 5.916, 5.759, 6.728, 7.233, 9.685, 13.225, 14.324, 15.657, 16.178, 12.502, 9.887, 8.071, 6.287, 6.431, 5.915, 4.595, 3.996, 3.441, 2.21, 3.252, 4.918, 6.076, 5.949, 6.384, 8.093, 9.048, 9.605, 10.911, 10.952, 10.102, 9.122, 8.497, 7.3, 5.532, 3.36, 4.685, 5.024, 4.921, 4.643, 4.28, 2.573, 2.244, 2.737, 2.824, 3.415, 4.588, 4.205, 3.387, 3.481, 4.278, 5.085, 5.833, 7.343, 8.359, 7.965, 7.445, 7.432, 7.813, 8.451, 9.15, 6.814, 4.646, 3.534, 3.348, 3.201, 3.213, 3.807, 6.712, 5.246, 4.268, 4.786, 3.753, 2.002, 2.166, 2.879, 2.345, 2.132, 2.172, 2.12, 2.739, 3.949, 3.108, 2.924, 3.682, 3.451, 3.459, 2.632, 3.087, 2.274, 2.737, 3.436, 2.472, 3.487, 3.668, 2.813, 2.664, 3.035, 2.188, 1.862, 2.705, 2.643, 2.644, 2.962, 2.474, 1.871, 2.899, 2.759, 2.393, 1.801, 1.41, 1.31, 2.135, 3.726, 4.472, 5.046, 3.688, 3.239], [3.11, 1.135, 1.602, 2.93, 3.115, 4.028, 3.606, 4.094, 4.714, 4.188, 3.908, 3.547, 1.409, 0.0, 0.875, 1.425, 2.106, 2.86, 3.191, 3.546, 4.177, 4.546, 3.365, 2.883, 2.796, 3.272, 4.554, 6.499, 8.0, 6.914, 6.758, 7.719, 8.228, 10.685, 14.215, 15.304, 16.653, 17.16, 13.496, 10.881, 9.074, 7.431, 7.424, 6.918, 5.603, 4.871, 4.34, 2.184, 2.233, 4.053, 5.054, 4.853, 5.438, 7.102, 8.066, 8.633, 9.9, 9.915, 9.085, 8.027, 7.49, 6.361, 4.613, 3.555, 5.45, 5.823, 5.656, 5.398, 4.629, 3.293, 2.91, 3.751, 3.878, 4.459, 5.554, 5.136, 4.173, 4.374, 5.283, 6.083, 6.831, 8.342, 9.357, 8.964, 8.439, 8.42, 8.811, 9.509, 10.148, 7.813, 5.618, 4.344, 3.761, 3.483, 3.466, 4.799, 7.699, 6.21, 5.21, 5.803, 4.842, 3.089, 3.255, 3.807, 3.452, 3.039, 3.168, 2.987, 2.005, 3.23, 2.581, 2.628, 2.937, 2.433, 2.493, 2.787, 4.077, 3.119, 3.578, 3.432, 3.123, 4.47, 4.66, 3.69, 3.539, 3.903, 3.147, 2.688, 2.361, 2.106, 2.014, 2.225, 1.696, 2.466, 3.842, 3.752, 3.431, 2.769, 2.08, 1.835, 2.986, 4.687, 5.405, 5.969, 4.599, 4.113], [3.071, 1.15, 1.355, 2.724, 2.984, 3.978, 3.5, 3.905, 4.62, 4.345, 4.038, 3.38, 1.464, 0.875, 0.0, 1.173, 2.099, 2.813, 3.214, 3.641, 4.361, 4.725, 3.538, 3.032, 2.937, 3.234, 4.614, 6.653, 8.185, 7.021, 6.94, 7.821, 8.421, 10.851, 14.354, 15.439, 16.845, 17.284, 13.659, 11.034, 9.234, 7.475, 7.605, 7.055, 5.689, 5.057, 4.534, 2.333, 2.399, 4.01, 4.972, 4.799, 5.326, 6.982, 8.008, 8.587, 9.83, 9.82, 9.074, 8.013, 7.486, 6.384, 4.712, 3.566, 5.284, 5.648, 5.463, 5.223, 4.665, 3.16, 2.887, 3.829, 4.009, 4.387, 5.685, 5.267, 4.325, 4.555, 5.456, 6.267, 6.946, 8.456, 9.472, 9.065, 8.526, 8.539, 8.922, 9.606, 10.233, 7.99, 5.67, 4.383, 3.898, 3.692, 3.62, 4.957, 7.852, 6.294, 5.326, 5.895, 4.795, 3.044, 3.25, 3.878, 3.179, 2.846, 3.201, 2.959, 2.027, 3.169, 2.751, 2.883, 3.168, 2.556, 2.641, 2.842, 4.172, 3.204, 3.616, 3.424, 3.228, 4.664, 4.824, 3.92, 3.571, 3.926, 3.057, 2.514, 2.231, 2.147, 2.057, 2.236, 1.692, 2.369, 3.595, 3.622, 3.261, 2.602, 1.838, 1.64, 2.891, 4.618, 5.303, 5.984, 4.547, 4.089], [2.508, 1.145, 1.045, 2.377, 2.596, 3.672, 3.225, 3.588, 4.314, 3.945, 3.543, 2.856, 1.231, 1.425, 1.173, 0.0, 1.47, 2.213, 2.748, 2.993, 3.669, 4.004, 3.057, 2.638, 2.498, 2.666, 3.853, 5.916, 7.407, 6.307, 6.163, 7.135, 7.642, 10.03, 13.632, 14.732, 16.07, 16.582, 12.909, 10.289, 8.474, 6.593, 6.789, 6.335, 5.001, 4.299, 3.775, 2.051, 2.71, 4.416, 5.633, 5.485, 6.079, 7.796, 8.695, 9.27, 10.48, 10.515, 9.615, 8.604, 7.992, 6.871, 5.066, 3.554, 4.958, 5.269, 5.129, 4.898, 4.54, 2.844, 2.556, 3.087, 3.301, 3.718, 5.028, 4.854, 3.801, 4.019, 4.837, 5.629, 6.315, 7.74, 8.747, 8.355, 7.834, 7.84, 8.212, 8.866, 9.55, 7.228, 4.845, 3.727, 3.296, 3.407, 3.464, 4.242, 7.145, 5.821, 4.925, 5.313, 4.183, 2.488, 2.787, 3.425, 2.59, 2.376, 2.677, 2.052, 1.964, 3.271, 2.558, 2.409, 3.099, 2.86, 2.907, 2.646, 3.488, 2.527, 3.023, 3.142, 2.481, 3.891, 4.118, 3.468, 3.165, 3.536, 2.689, 2.115, 2.241, 2.102, 2.267, 2.587, 2.108, 2.001, 3.301, 3.415, 2.916, 2.53, 1.99, 1.564, 2.641, 4.421, 5.079, 5.737, 4.35, 3.886], [1.693, 1.581, 1.494, 2.445, 2.335, 3.399, 3.245, 3.524, 3.785, 3.027, 2.4, 2.363, 1.349, 2.106, 2.099, 1.47, 0.0, 1.307, 2.262, 2.282, 2.544, 3.168, 2.601, 2.885, 2.575, 2.105, 3.008, 4.6, 6.142, 5.013, 4.886, 5.811, 6.37, 8.805, 12.318, 13.408, 14.794, 15.27, 11.605, 8.98, 7.176, 5.493, 5.548, 5.019, 3.69, 3.145, 2.702, 1.769, 3.712, 5.497, 6.695, 6.624, 7.234, 8.976, 9.925, 10.408, 11.648, 11.618, 10.754, 9.677, 8.984, 7.827, 5.944, 3.784, 4.846, 5.252, 5.15, 4.719, 4.68, 2.879, 2.336, 2.227, 2.323, 3.061, 4.045, 3.833, 3.194, 3.105, 3.586, 4.322, 4.96, 6.431, 7.462, 7.031, 6.51, 6.525, 6.91, 7.55, 8.224, 5.952, 4.024, 3.18, 3.391, 3.496, 3.529, 2.93, 5.803, 4.681, 3.767, 4.121, 3.13, 1.466, 1.786, 2.496, 2.439, 2.228, 1.791, 1.338, 2.944, 4.385, 3.235, 2.843, 3.674, 3.583, 3.179, 1.983, 2.268, 1.473, 2.161, 3.018, 1.995, 2.676, 2.955, 2.762, 2.789, 3.196, 2.304, 2.059, 2.939, 3.319, 3.398, 3.807, 3.314, 2.505, 3.133, 2.761, 2.544, 2.562, 2.02, 1.754, 1.611, 3.295, 4.063, 4.543, 3.487, 2.986], [1.802, 2.334, 1.987, 1.784, 1.971, 2.764, 2.659, 2.846, 2.905, 2.248, 1.818, 1.632, 1.783, 2.86, 2.813, 2.213, 1.307, 0.0, 1.549, 1.816, 2.287, 3.069, 2.621, 3.078, 3.163, 2.938, 3.396, 4.051, 5.492, 4.292, 4.325, 5.103, 5.796, 8.273, 11.639, 12.714, 14.173, 14.561, 11.028, 8.399, 6.623, 4.963, 4.987, 4.418, 3.097, 3.091, 2.708, 2.529, 4.269, 5.959, 7.295, 7.226, 7.848, 9.654, 10.664, 11.003, 12.135, 12.168, 11.163, 10.264, 9.484, 8.128, 6.179, 3.397, 4.023, 4.52, 4.451, 3.917, 4.048, 2.468, 1.753, 1.482, 1.74, 2.294, 3.323, 3.007, 2.661, 2.437, 3.01, 3.642, 4.24, 5.698, 6.767, 6.326, 5.8, 5.799, 6.23, 6.91, 7.542, 5.277, 3.25, 2.606, 2.897, 3.031, 2.937, 2.348, 5.172, 3.952, 3.025, 3.507, 2.606, 1.245, 1.775, 1.852, 1.787, 1.799, 1.605, 1.874, 3.623, 4.893, 3.744, 2.932, 4.152, 4.379, 3.874, 2.621, 2.026, 1.76, 2.483, 4.042, 2.867, 2.292, 2.488, 2.193, 2.068, 2.459, 1.636, 1.591, 3.211, 3.829, 4.033, 4.494, 4.007, 2.551, 2.309, 1.996, 1.776, 2.071, 2.085, 2.323, 1.286, 2.628, 3.45, 3.819, 2.811, 2.44], [2.888, 3.0, 2.405, 1.999, 1.331, 1.96, 2.446, 2.083, 2.105, 1.987, 1.928, 1.909, 2.238, 3.191, 3.214, 2.748, 2.262, 1.549, 0.0, 1.154, 1.823, 2.63, 2.196, 3.1, 3.571, 3.853, 4.334, 4.552, 5.199, 4.4, 4.163, 5.323, 5.931, 8.11, 11.417, 12.518, 13.843, 14.37, 10.687, 8.061, 6.24, 4.95, 4.784, 4.382, 3.288, 3.744, 3.524, 3.302, 4.388, 6.338, 7.57, 7.518, 8.202, 9.962, 10.895, 11.371, 12.558, 12.558, 11.359, 10.365, 9.575, 8.323, 6.293, 3.337, 2.76, 3.234, 3.187, 2.762, 2.906, 2.126, 1.616, 1.386, 1.925, 2.074, 2.868, 2.482, 1.934, 1.72, 2.483, 3.276, 4.041, 5.561, 6.58, 6.187, 5.642, 5.636, 6.005, 6.781, 7.354, 5.024, 2.771, 2.041, 2.043, 2.056, 1.96, 2.204, 4.968, 3.514, 2.752, 3.381, 3.302, 2.167, 2.648, 1.995, 1.934, 1.908, 1.762, 2.68, 3.918, 5.09, 3.864, 2.675, 4.253, 4.899, 4.574, 3.556, 2.466, 2.629, 3.585, 5.072, 3.612, 3.098, 2.299, 1.496, 1.079, 1.382, 1.516, 1.817, 3.163, 4.088, 4.326, 4.813, 4.205, 2.742, 2.411, 2.21, 2.016, 2.616, 2.649, 2.74, 2.154, 2.874, 3.087, 3.395, 3.238, 2.254], [2.882, 3.146, 2.865, 2.456, 1.751, 2.168, 2.909, 2.436, 2.357, 2.271, 1.873, 2.087, 2.631, 3.546, 3.641, 2.993, 2.282, 1.816, 1.154, 0.0, 1.173, 1.899, 1.744, 3.101, 3.439, 3.695, 4.201, 4.504, 4.701, 4.183, 3.949, 4.917, 5.573, 7.873, 10.857, 11.957, 13.283, 13.81, 10.167, 7.506, 5.69, 4.497, 4.244, 3.868, 3.238, 3.575, 3.499, 3.045, 4.721, 6.865, 8.106, 8.064, 8.749, 10.505, 11.434, 11.926, 13.103, 13.113, 11.912, 10.9, 10.127, 8.858, 6.786, 3.749, 2.948, 3.366, 3.273, 2.854, 2.964, 2.395, 1.676, 1.331, 1.894, 1.975, 2.705, 2.368, 1.552, 1.376, 2.178, 2.817, 3.634, 5.057, 6.082, 5.656, 5.143, 5.12, 5.445, 6.386, 6.886, 4.559, 2.365, 1.439, 1.727, 2.231, 1.953, 1.743, 4.475, 3.296, 2.661, 3.358, 3.399, 2.34, 2.772, 2.389, 2.487, 2.449, 1.731, 2.652, 4.227, 5.593, 4.26, 2.804, 4.398, 5.008, 4.275, 3.338, 2.373, 2.53, 3.695, 5.016, 3.468, 2.907, 2.092, 1.538, 1.437, 1.636, 1.642, 2.011, 3.589, 4.612, 4.849, 5.294, 4.692, 3.298, 3.056, 2.675, 2.618, 3.362, 3.38, 3.285, 2.47, 3.276, 3.546, 3.418, 3.706, 2.577], [2.903, 3.764, 3.589, 3.082, 2.513, 2.814, 3.756, 3.237, 3.042, 2.653, 2.234, 2.662, 3.207, 4.177, 4.361, 3.669, 2.544, 2.287, 1.823, 1.173, 0.0, 1.157, 1.708, 3.694, 3.75, 3.475, 3.94, 4.328, 4.229, 3.691, 3.526, 4.471, 5.397, 7.677, 10.099, 11.138, 12.649, 13.044, 9.633, 6.949, 5.204, 4.322, 3.918, 3.525, 2.993, 2.959, 3.119, 3.021, 5.354, 7.564, 8.867, 8.773, 9.453, 11.209, 12.22, 12.615, 13.762, 13.792, 12.577, 11.679, 10.884, 9.501, 7.32, 4.173, 3.554, 3.967, 3.948, 3.444, 3.479, 3.186, 2.411, 1.716, 2.172, 2.44, 2.65, 2.268, 1.577, 1.461, 2.008, 2.368, 2.997, 4.466, 5.483, 5.05, 4.438, 4.353, 4.806, 5.914, 6.406, 4.077, 2.781, 1.868, 2.302, 2.856, 2.518, 1.537, 4.019, 3.131, 2.58, 3.166, 3.257, 2.464, 2.861, 2.598, 3.29, 3.163, 2.055, 2.66, 4.908, 6.386, 4.93, 3.138, 4.877, 5.465, 4.566, 2.98, 2.159, 2.47, 3.559, 4.841, 3.292, 2.662, 1.688, 1.703, 2.101, 2.09, 2.276, 2.631, 4.2, 5.337, 5.563, 6.015, 5.502, 4.158, 3.841, 3.229, 3.263, 4.105, 3.974, 3.897, 2.751, 3.328, 3.526, 3.287, 3.795, 2.719], [3.691, 4.139, 4.042, 3.874, 3.17, 3.532, 4.568, 3.999, 3.633, 3.48, 3.026, 3.497, 3.82, 4.546, 4.725, 4.004, 3.168, 3.069, 2.63, 1.899, 1.157, 0.0, 1.683, 3.964, 4.004, 3.759, 4.424, 5.045, 4.442, 3.839, 3.998, 5.117, 6.122, 8.344, 9.854, 10.824, 12.391, 12.695, 9.459, 6.76, 5.25, 4.707, 4.494, 4.145, 3.674, 3.476, 3.796, 3.564, 5.695, 7.892, 9.179, 9.101, 9.781, 11.537, 12.543, 12.926, 14.076, 14.112, 12.921, 12.017, 11.214, 9.817, 7.668, 4.704, 3.667, 4.251, 4.31, 3.929, 3.961, 3.781, 3.148, 2.485, 2.989, 3.04, 2.678, 2.334, 1.821, 1.821, 2.263, 2.384, 3.025, 4.583, 5.589, 5.15, 4.61, 4.482, 4.656, 5.971, 6.739, 4.28, 3.339, 2.373, 2.847, 3.543, 3.013, 2.304, 4.039, 3.3, 3.353, 3.956, 4.097, 3.29, 3.724, 3.439, 4.061, 3.978, 2.902, 3.361, 5.234, 6.722, 5.247, 3.349, 5.156, 5.717, 4.774, 3.649, 2.967, 3.246, 4.244, 5.139, 3.792, 3.399, 2.425, 2.312, 2.867, 2.777, 3.055, 3.169, 4.556, 5.681, 5.903, 6.351, 5.842, 4.994, 4.618, 4.106, 4.047, 4.916, 4.817, 4.59, 3.608, 4.268, 4.345, 4.029, 4.597, 3.563], [3.431, 3.099, 3.024, 3.195, 2.649, 3.393, 4.034, 3.713, 3.713, 3.583, 3.013, 3.229, 3.083, 3.365, 3.538, 3.057, 2.601, 2.621, 2.196, 1.744, 1.708, 1.683, 0.0, 2.491, 2.618, 3.094, 4.252, 5.044, 5.214, 4.343, 4.41, 5.674, 6.262, 8.714, 11.122, 12.209, 13.568, 14.066, 10.579, 7.903, 6.127, 5.257, 5.008, 4.558, 3.707, 3.476, 3.652, 2.827, 4.319, 6.521, 7.806, 7.72, 8.411, 10.158, 11.15, 11.565, 12.708, 12.74, 11.534, 10.609, 9.822, 8.486, 6.414, 3.875, 4.003, 4.4, 4.361, 4.077, 3.613, 3.208, 2.626, 2.456, 2.975, 3.105, 3.549, 3.229, 2.313, 2.209, 2.965, 3.498, 4.054, 5.382, 6.389, 5.939, 5.488, 5.495, 5.716, 6.804, 7.367, 4.953, 3.423, 2.287, 2.649, 2.937, 2.652, 2.437, 4.956, 4.149, 3.684, 4.283, 4.226, 3.097, 3.628, 3.295, 3.571, 3.254, 2.771, 2.835, 3.905, 5.314, 3.975, 2.187, 3.858, 4.49, 3.357, 3.348, 2.955, 2.779, 3.86, 4.583, 3.248, 3.421, 2.745, 2.437, 2.427, 2.737, 2.687, 2.563, 3.378, 4.29, 4.512, 4.946, 4.49, 4.068, 4.288, 4.011, 3.819, 4.424, 4.213, 3.914, 3.287, 4.264, 4.576, 4.456, 4.822, 3.612], [4.037, 2.878, 2.746, 3.358, 3.228, 4.22, 3.957, 4.201, 4.782, 4.407, 4.061, 3.816, 3.184, 2.883, 3.032, 2.638, 2.885, 3.078, 3.1, 3.101, 3.694, 3.964, 2.491, 0.0, 1.131, 3.382, 5.044, 6.142, 7.407, 6.405, 6.205, 7.242, 7.718, 10.053, 13.559, 14.66, 15.985, 16.513, 12.85, 10.203, 8.385, 6.791, 6.732, 6.271, 5.111, 4.857, 4.581, 3.351, 2.315, 4.183, 5.45, 5.396, 6.072, 7.826, 8.762, 9.25, 10.439, 10.443, 9.334, 8.295, 7.471, 6.298, 4.373, 3.571, 5.289, 5.645, 5.476, 5.058, 4.315, 3.127, 2.724, 3.254, 3.7, 4.111, 5.376, 5.173, 4.103, 4.192, 4.953, 5.731, 6.249, 7.686, 8.7, 8.3, 7.779, 7.778, 8.147, 8.906, 9.492, 7.183, 4.831, 3.597, 2.879, 2.561, 3.132, 4.354, 7.235, 6.117, 5.236, 5.515, 5.004, 3.683, 4.289, 4.122, 3.716, 3.273, 3.524, 3.2, 1.993, 2.997, 1.927, 1.553, 2.026, 2.302, 2.898, 4.007, 4.068, 3.54, 4.451, 4.839, 3.713, 4.439, 4.164, 3.719, 3.512, 3.93, 3.39, 2.859, 2.852, 2.636, 3.02, 3.534, 3.178, 3.49, 4.466, 4.459, 4.145, 4.557, 4.251, 3.844, 3.764, 5.05, 5.763, 6.108, 5.47, 4.562], [3.658, 2.866, 2.795, 3.677, 3.658, 4.674, 4.272, 4.552, 5.24, 4.685, 4.212, 4.017, 3.184, 2.796, 2.937, 2.498, 2.575, 3.163, 3.571, 3.439, 3.75, 4.004, 2.618, 1.131, 0.0, 2.696, 4.585, 5.898, 7.361, 6.314, 6.065, 7.082, 7.624, 9.852, 13.437, 14.537, 15.863, 16.39, 12.697, 10.08, 8.253, 6.517, 6.612, 6.231, 4.882, 4.435, 4.245, 2.84, 2.573, 4.44, 5.739, 5.714, 6.381, 8.117, 8.969, 9.542, 10.772, 10.73, 9.566, 8.598, 7.86, 6.655, 4.734, 3.969, 5.842, 6.186, 5.975, 5.651, 4.875, 3.453, 3.078, 3.455, 3.854, 4.141, 5.657, 5.443, 4.413, 4.374, 5.082, 5.776, 6.234, 7.555, 8.571, 8.177, 7.657, 7.656, 8.025, 8.663, 9.37, 7.027, 4.857, 3.778, 3.266, 2.992, 3.61, 4.408, 7.277, 6.358, 5.472, 5.636, 4.867, 3.431, 4.087, 4.277, 3.99, 3.494, 3.524, 2.821, 1.917, 3.139, 2.17, 1.782, 2.223, 2.272, 2.402, 3.5, 3.781, 3.185, 4.023, 4.055, 3.187, 4.134, 4.079, 4.024, 4.006, 4.403, 3.816, 3.307, 2.968, 2.728, 3.074, 3.526, 3.069, 3.556, 4.92, 4.705, 4.406, 4.608, 4.292, 3.867, 3.72, 5.107, 5.752, 6.308, 5.749, 4.808], [2.369, 2.942, 2.995, 4.141, 3.893, 4.975, 4.925, 5.15, 5.413, 4.441, 3.995, 3.847, 2.895, 3.272, 3.234, 2.666, 2.105, 2.938, 3.853, 3.695, 3.475, 3.759, 3.094, 3.382, 2.696, 0.0, 2.12, 3.83, 5.725, 4.571, 4.333, 5.026, 5.468, 7.892, 11.408, 12.504, 13.892, 14.346, 10.703, 8.316, 6.629, 5.043, 4.694, 4.188, 3.02, 2.433, 2.069, 2.051, 4.616, 6.428, 7.72, 7.639, 8.259, 10.022, 10.895, 11.435, 12.681, 12.646, 11.807, 10.751, 10.091, 8.863, 6.91, 5.17, 6.531, 6.883, 6.746, 6.372, 6.064, 4.114, 3.567, 3.432, 3.526, 4.19, 5.507, 5.294, 4.739, 4.632, 4.734, 4.859, 5.274, 6.033, 6.767, 6.266, 5.7, 5.655, 6.212, 6.94, 7.554, 5.731, 4.909, 4.354, 4.518, 4.519, 4.739, 3.89, 6.177, 5.837, 4.917, 4.916, 3.923, 2.995, 3.068, 3.674, 3.827, 3.582, 3.203, 1.956, 3.835, 5.276, 4.058, 3.473, 4.36, 4.225, 3.214, 2.344, 2.779, 2.053, 1.954, 1.767, 1.175, 2.301, 3.452, 4.064, 4.207, 4.756, 3.805, 3.45, 4.031, 4.192, 4.414, 4.781, 4.205, 4.047, 4.847, 4.21, 4.166, 4.19, 3.704, 3.361, 3.268, 4.572, 5.14, 5.657, 4.729, 4.084], [2.551, 4.052, 4.098, 4.554, 4.59, 5.617, 5.439, 5.689, 5.834, 4.709, 4.379, 4.341, 3.677, 4.554, 4.614, 3.853, 3.008, 3.396, 4.334, 4.201, 3.94, 4.424, 4.252, 5.044, 4.585, 2.12, 0.0, 2.394, 4.238, 3.19, 3.076, 3.465, 3.909, 6.358, 9.846, 10.913, 12.309, 12.79, 9.288, 7.641, 6.29, 4.558, 3.669, 3.223, 2.379, 1.561, 1.557, 2.896, 5.96, 7.842, 9.163, 9.04, 9.663, 11.416, 12.442, 12.904, 14.065, 14.108, 13.21, 12.183, 11.442, 10.175, 8.226, 5.975, 6.981, 7.415, 7.3, 6.868, 6.814, 4.985, 4.229, 3.732, 3.954, 4.74, 5.733, 5.595, 5.271, 5.04, 5.04, 4.915, 5.086, 5.56, 5.896, 5.496, 4.751, 4.858, 5.713, 6.191, 6.815, 5.755, 5.304, 4.913, 5.29, 5.507, 5.644, 4.161, 5.747, 5.68, 4.785, 4.68, 3.878, 3.188, 2.881, 3.988, 4.594, 4.526, 3.673, 3.149, 5.352, 6.814, 5.703, 4.972, 5.895, 5.653, 4.557, 2.967, 3.018, 2.693, 1.773, 1.806, 1.726, 2.29, 3.788, 4.532, 4.72, 5.219, 4.404, 4.171, 5.272, 5.571, 5.864, 6.23, 5.726, 4.779, 4.972, 4.596, 4.395, 4.353, 3.972, 4.112, 3.8, 4.57, 5.299, 5.554, 4.27, 4.403], [3.76, 6.044, 5.886, 5.378, 5.306, 5.555, 5.427, 5.442, 5.392, 4.527, 4.213, 4.511, 5.496, 6.499, 6.653, 5.916, 4.6, 4.051, 4.552, 4.504, 4.328, 5.045, 5.044, 6.142, 5.898, 3.83, 2.394, 0.0, 2.175, 1.937, 1.81, 1.779, 2.06, 4.261, 7.735, 8.835, 10.194, 10.688, 7.287, 5.92, 4.754, 3.178, 2.588, 2.158, 1.66, 2.599, 2.817, 4.595, 7.686, 9.91, 11.158, 11.115, 11.799, 13.555, 14.511, 14.966, 16.146, 16.152, 15.006, 13.99, 13.189, 11.903, 9.883, 6.914, 6.514, 7.125, 7.177, 6.584, 7.001, 5.643, 4.585, 3.743, 3.854, 4.473, 4.848, 5.289, 5.237, 4.847, 4.699, 4.262, 4.259, 4.118, 4.268, 3.919, 3.393, 3.681, 4.173, 4.544, 5.262, 4.878, 4.771, 4.786, 5.477, 5.874, 5.862, 3.806, 4.151, 4.526, 3.864, 3.471, 3.513, 3.946, 3.792, 3.821, 4.903, 5.226, 4.247, 4.342, 7.189, 8.685, 7.261, 5.999, 7.284, 7.582, 6.281, 4.471, 3.379, 3.754, 3.125, 3.92, 3.637, 2.658, 3.704, 4.539, 4.906, 5.366, 4.85, 4.962, 6.719, 7.681, 7.92, 8.351, 7.804, 6.265, 5.183, 4.88, 4.918, 5.241, 5.639, 5.944, 4.651, 4.215, 4.337, 4.359, 4.334, 4.557], [5.319, 7.58, 7.41, 6.727, 6.178, 5.481, 6.056, 5.51, 4.89, 4.598, 4.501, 5.155, 7.005, 8.0, 8.185, 7.407, 6.142, 5.492, 5.199, 4.701, 4.229, 4.442, 5.214, 7.407, 7.361, 5.725, 4.238, 2.175, 0.0, 1.707, 1.699, 2.053, 2.304, 4.211, 6.342, 7.335, 8.716, 9.188, 6.203, 4.816, 3.763, 2.798, 2.361, 2.111, 2.95, 3.984, 4.519, 6.157, 9.183, 11.421, 12.698, 12.628, 13.308, 15.065, 16.046, 16.454, 17.598, 17.64, 16.424, 15.505, 14.712, 13.35, 11.258, 8.071, 5.582, 6.311, 6.395, 6.132, 6.582, 6.882, 5.76, 4.555, 4.43, 4.352, 3.604, 4.211, 4.504, 4.13, 3.829, 3.019, 3.106, 3.239, 3.472, 3.034, 2.575, 2.662, 3.078, 3.892, 4.803, 4.094, 4.344, 4.592, 5.525, 6.605, 5.976, 3.438, 2.823, 3.335, 3.537, 3.156, 3.947, 5.292, 5.06, 4.775, 6.211, 6.669, 5.273, 5.808, 8.716, 10.191, 8.755, 6.814, 8.692, 9.247, 7.877, 5.957, 4.556, 5.185, 4.832, 5.814, 5.434, 3.99, 3.766, 4.664, 5.402, 5.381, 5.536, 6.237, 8.071, 9.177, 9.389, 9.852, 9.304, 7.765, 6.111, 5.585, 5.955, 6.699, 7.146, 7.476, 6.067, 4.477, 4.12, 3.64, 4.98, 5.486], [4.153, 6.338, 6.178, 5.542, 5.323, 5.271, 5.644, 5.45, 5.063, 4.459, 4.236, 4.54, 5.916, 6.914, 7.021, 6.307, 5.013, 4.292, 4.4, 4.183, 3.691, 3.839, 4.343, 6.405, 6.314, 4.571, 3.19, 1.937, 1.707, 0.0, 1.409, 2.357, 3.003, 5.448, 7.456, 8.513, 10.058, 10.37, 7.476, 5.729, 4.478, 3.696, 2.805, 2.286, 2.027, 2.817, 3.359, 5.064, 8.159, 10.21, 11.493, 11.432, 12.094, 13.929, 14.932, 15.258, 16.353, 16.433, 15.315, 14.405, 13.603, 12.206, 10.056, 6.842, 5.521, 6.168, 6.223, 5.701, 6.18, 5.804, 4.666, 3.964, 3.934, 4.188, 3.933, 3.894, 4.035, 3.69, 3.673, 3.141, 3.4, 3.777, 4.041, 3.653, 2.972, 3.178, 3.724, 4.663, 5.422, 4.547, 4.382, 4.277, 5.135, 5.921, 5.377, 3.096, 3.631, 3.511, 3.361, 3.744, 3.971, 4.171, 4.029, 3.91, 5.136, 5.464, 4.611, 4.786, 7.625, 9.092, 7.705, 5.739, 7.649, 8.15, 6.678, 4.656, 3.443, 3.939, 3.709, 4.75, 4.394, 3.029, 3.322, 3.959, 4.635, 4.788, 4.615, 5.04, 6.928, 8.076, 8.291, 8.746, 8.229, 6.704, 5.338, 4.948, 4.987, 5.602, 6.033, 6.346, 4.84, 4.132, 4.307, 4.11, 4.272, 4.518], [4.017, 6.328, 6.169, 5.559, 5.152, 4.745, 5.195, 4.789, 4.71, 3.86, 3.62, 4.104, 5.759, 6.758, 6.94, 6.163, 4.886, 4.325, 4.163, 3.949, 3.526, 3.998, 4.41, 6.205, 6.065, 4.333, 3.076, 1.81, 1.699, 1.409, 0.0, 1.966, 2.643, 4.845, 7.502, 8.588, 9.913, 10.464, 7.017, 5.292, 4.042, 3.058, 2.157, 1.759, 1.648, 2.735, 3.256, 4.855, 7.917, 10.201, 11.448, 11.406, 12.092, 13.846, 14.795, 15.255, 16.428, 16.442, 15.225, 14.254, 13.462, 12.185, 10.107, 6.903, 5.335, 5.879, 5.965, 5.406, 5.941, 5.667, 4.505, 3.407, 3.273, 3.862, 3.787, 3.987, 3.993, 3.547, 3.458, 3.088, 3.361, 3.612, 3.758, 3.418, 2.842, 2.905, 3.519, 4.281, 5.023, 4.336, 3.733, 3.853, 4.698, 5.504, 5.104, 2.919, 3.336, 3.253, 3.084, 3.115, 3.451, 4.052, 3.862, 3.783, 5.021, 5.433, 4.042, 4.54, 7.442, 8.938, 7.541, 5.749, 7.426, 7.938, 6.573, 4.684, 3.316, 3.963, 3.493, 4.407, 4.061, 2.751, 2.833, 3.793, 4.585, 4.408, 4.535, 5.029, 6.88, 7.964, 8.178, 8.63, 8.051, 6.51, 5.101, 4.454, 4.773, 5.469, 5.924, 6.228, 4.9, 3.846, 3.716, 3.711, 3.903, 4.296], [4.884, 7.166, 6.998, 6.32, 6.154, 5.187, 5.985, 5.584, 5.041, 4.251, 4.127, 4.834, 6.728, 7.719, 7.821, 7.135, 5.811, 5.103, 5.323, 4.917, 4.471, 5.117, 5.674, 7.242, 7.082, 5.026, 3.465, 1.779, 2.053, 2.357, 1.966, 0.0, 1.975, 3.671, 6.715, 7.713, 9.305, 9.637, 6.625, 5.645, 4.495, 2.867, 2.136, 1.847, 2.602, 3.365, 3.737, 5.708, 8.91, 10.968, 12.29, 12.143, 12.805, 14.71, 15.735, 16.067, 17.182, 17.223, 16.155, 15.224, 14.419, 13.028, 10.766, 7.781, 6.115, 6.686, 6.925, 6.443, 6.667, 6.688, 5.403, 4.297, 4.037, 4.296, 4.536, 4.535, 4.986, 4.769, 4.149, 3.659, 3.552, 3.624, 3.823, 3.287, 2.661, 2.916, 3.783, 4.232, 4.635, 4.393, 4.253, 4.435, 5.337, 6.612, 5.937, 3.67, 3.684, 3.982, 3.276, 3.304, 3.872, 4.83, 4.67, 4.431, 5.842, 6.29, 4.921, 5.502, 8.424, 9.926, 8.464, 7.004, 8.449, 8.767, 7.382, 5.331, 4.183, 4.806, 4.296, 5.116, 4.854, 3.329, 3.936, 5.139, 5.574, 5.633, 5.203, 5.836, 7.783, 8.885, 9.109, 9.557, 9.053, 7.512, 5.828, 5.194, 5.623, 6.424, 6.851, 7.166, 5.559, 4.48, 4.427, 3.969, 4.315, 5.275], [5.488, 7.811, 7.641, 7.145, 6.69, 6.42, 6.55, 6.379, 6.131, 5.478, 5.177, 5.601, 7.233, 8.228, 8.421, 7.642, 6.37, 5.796, 5.931, 5.573, 5.397, 6.122, 6.262, 7.718, 7.624, 5.468, 3.909, 2.06, 2.304, 3.003, 2.643, 1.975, 0.0, 2.706, 6.002, 7.103, 8.436, 8.956, 6.885, 6.498, 5.358, 3.631, 2.844, 2.606, 3.136, 3.971, 4.153, 6.205, 9.423, 11.667, 12.928, 12.874, 13.555, 15.312, 16.277, 16.71, 17.876, 17.897, 16.743, 15.739, 14.997, 13.663, 11.615, 8.617, 7.195, 7.873, 7.963, 7.441, 7.889, 7.242, 5.985, 5.058, 4.989, 5.285, 5.437, 6.016, 6.101, 5.68, 5.43, 4.884, 4.822, 4.637, 4.708, 4.392, 3.795, 4.002, 4.791, 5.179, 5.831, 5.328, 5.449, 5.619, 6.454, 7.205, 6.938, 4.539, 4.76, 5.166, 4.522, 4.16, 4.492, 5.535, 5.318, 5.071, 6.445, 6.926, 5.631, 5.993, 8.93, 10.431, 8.959, 7.575, 8.888, 9.333, 7.927, 6.106, 5.003, 5.444, 4.867, 5.481, 5.254, 3.939, 4.625, 5.71, 6.187, 6.411, 5.921, 6.561, 8.481, 9.422, 9.633, 10.098, 9.536, 7.995, 6.428, 5.987, 6.254, 6.936, 7.391, 7.704, 6.353, 5.218, 5.171, 5.007, 5.484, 5.9], [7.912, 10.248, 10.104, 9.533, 8.937, 7.877, 8.666, 8.054, 7.182, 6.744, 7.01, 7.797, 9.685, 10.685, 10.851, 10.03, 8.805, 8.273, 8.11, 7.873, 7.677, 8.344, 8.714, 10.053, 9.852, 7.892, 6.358, 4.261, 4.211, 5.448, 4.845, 3.671, 2.706, 0.0, 3.738, 4.906, 6.093, 6.58, 5.945, 6.324, 5.4, 4.425, 4.312, 4.4, 5.457, 6.546, 6.69, 8.773, 11.867, 14.118, 15.363, 15.321, 16.011, 17.766, 18.703, 19.182, 20.375, 20.369, 19.191, 18.162, 17.378, 16.13, 14.116, 11.123, 8.841, 9.343, 9.712, 9.434, 9.629, 9.546, 8.462, 7.107, 6.939, 6.855, 7.083, 7.943, 8.091, 7.795, 7.022, 6.558, 6.045, 5.109, 4.748, 4.819, 4.599, 4.795, 5.098, 4.826, 5.636, 6.044, 6.601, 7.348, 8.16, 9.335, 8.967, 6.702, 5.504, 6.487, 6.345, 5.341, 6.255, 7.962, 7.751, 7.485, 8.865, 9.288, 7.836, 8.381, 11.315, 12.811, 11.371, 9.98, 11.445, 11.768, 10.444, 8.686, 7.343, 7.951, 7.311, 7.889, 7.646, 6.446, 6.726, 8.044, 8.499, 8.61, 8.378, 9.045, 10.9, 11.869, 12.105, 12.545, 11.954, 10.377, 8.809, 8.203, 8.668, 9.384, 9.842, 10.157, 8.86, 7.127, 6.559, 6.273, 7.539, 8.328], [11.428, 13.748, 13.577, 12.872, 12.388, 11.183, 12.193, 11.526, 10.142, 10.182, 10.395, 11.254, 13.225, 14.215, 14.354, 13.632, 12.318, 11.639, 11.417, 10.857, 10.099, 9.854, 11.122, 13.559, 13.437, 11.408, 9.846, 7.735, 6.342, 7.456, 7.502, 6.715, 6.002, 3.738, 0.0, 1.568, 2.758, 3.058, 3.559, 4.647, 5.2, 7.119, 6.865, 7.335, 8.711, 9.445, 9.906, 12.135, 15.392, 17.583, 18.861, 18.792, 19.471, 21.24, 22.241, 22.608, 23.766, 23.803, 22.626, 21.715, 20.912, 19.517, 17.36, 14.168, 10.941, 11.694, 12.24, 11.962, 12.368, 13.033, 11.825, 10.613, 10.433, 10.092, 8.93, 9.537, 10.166, 9.931, 9.039, 8.392, 7.588, 6.011, 5.039, 5.679, 6.182, 6.006, 5.589, 4.824, 4.759, 6.47, 8.903, 10.232, 11.341, 12.777, 11.994, 9.473, 6.695, 8.107, 9.089, 8.522, 9.72, 11.403, 11.22, 10.886, 12.371, 12.777, 11.376, 11.987, 14.92, 16.416, 14.924, 12.948, 14.792, 15.274, 13.781, 11.853, 10.622, 11.303, 10.8, 11.47, 11.256, 9.75, 9.564, 10.861, 11.523, 11.486, 11.673, 12.386, 14.237, 15.388, 15.6, 16.058, 15.539, 13.998, 12.291, 11.694, 12.115, 12.909, 13.345, 13.656, 12.164, 10.469, 9.815, 9.08, 10.87, 11.65], [12.524, 14.83, 14.662, 13.903, 13.488, 12.282, 13.294, 12.626, 11.243, 11.283, 11.496, 12.303, 14.324, 15.304, 15.439, 14.732, 13.408, 12.714, 12.518, 11.957, 11.138, 10.824, 12.209, 14.66, 14.537, 12.504, 10.913, 8.835, 7.335, 8.513, 8.588, 7.713, 7.103, 4.906, 1.568, 0.0, 2.05, 2.299, 2.969, 4.525, 6.285, 8.22, 7.966, 8.41, 9.807, 10.453, 10.976, 13.236, 16.492, 18.623, 19.946, 19.811, 20.49, 22.304, 23.331, 23.695, 24.843, 24.873, 23.707, 22.805, 22.002, 20.614, 18.357, 15.14, 11.976, 12.795, 13.326, 13.063, 13.466, 14.131, 12.921, 11.714, 11.534, 11.188, 9.776, 10.434, 11.219, 11.032, 10.113, 9.277, 8.567, 7.046, 6.087, 6.57, 7.103, 6.977, 6.592, 5.875, 5.556, 7.512, 10.004, 11.332, 12.442, 13.878, 13.09, 10.527, 7.622, 9.167, 10.165, 9.612, 10.781, 12.438, 12.256, 11.967, 13.456, 13.862, 12.459, 13.078, 16.012, 17.516, 16.024, 14.036, 15.882, 16.363, 14.865, 12.868, 11.641, 12.328, 11.885, 12.57, 12.357, 10.85, 10.664, 11.909, 12.623, 12.587, 12.761, 13.451, 15.294, 16.471, 16.701, 17.144, 16.639, 15.098, 13.335, 12.789, 13.185, 14.01, 14.438, 14.756, 13.161, 11.518, 10.903, 10.112, 11.896, 12.735], [13.912, 16.235, 16.065, 15.407, 14.823, 13.619, 14.633, 13.952, 12.577, 12.638, 12.864, 13.731, 15.657, 16.653, 16.845, 16.07, 14.794, 14.173, 13.843, 13.283, 12.649, 12.391, 13.568, 15.985, 15.863, 13.892, 12.309, 10.194, 8.716, 10.058, 9.913, 9.305, 8.436, 6.093, 2.758, 2.05, 0.0, 1.274, 3.685, 5.83, 7.629, 9.545, 9.291, 9.811, 11.195, 12.027, 12.477, 14.595, 17.818, 20.067, 21.352, 21.274, 21.955, 23.712, 24.698, 25.115, 26.276, 26.297, 25.08, 24.157, 23.369, 22.033, 19.944, 16.751, 13.304, 14.12, 14.652, 14.444, 14.823, 15.517, 14.309, 13.039, 12.862, 12.576, 11.167, 12.03, 12.647, 12.39, 11.45, 10.804, 10.146, 8.544, 7.555, 8.12, 8.805, 8.535, 8.001, 7.284, 6.886, 8.914, 11.33, 12.658, 13.767, 15.203, 14.505, 11.998, 9.086, 10.584, 11.648, 11.007, 12.204, 13.887, 13.697, 13.373, 14.854, 15.26, 13.82, 14.421, 17.355, 18.851, 17.371, 15.414, 17.229, 17.754, 16.271, 14.437, 13.107, 13.79, 13.291, 13.905, 13.682, 12.238, 12.027, 13.247, 13.949, 13.951, 14.186, 14.87, 16.713, 17.822, 18.053, 18.498, 17.965, 16.424, 14.756, 14.178, 14.596, 15.352, 15.792, 16.128, 14.748, 12.987, 12.299, 11.557, 13.403, 14.146], [14.359, 16.678, 16.507, 15.79, 15.339, 14.137, 15.146, 14.479, 13.095, 13.135, 13.349, 14.175, 16.178, 17.16, 17.284, 16.582, 15.27, 14.561, 14.37, 13.81, 13.044, 12.695, 14.066, 16.513, 16.39, 14.346, 12.79, 10.688, 9.188, 10.37, 10.464, 9.637, 8.956, 6.58, 3.058, 2.299, 1.274, 0.0, 3.983, 6.313, 8.137, 10.072, 9.819, 10.279, 11.642, 12.361, 12.843, 15.088, 18.345, 20.504, 21.791, 21.713, 22.393, 24.184, 25.193, 25.537, 26.688, 26.724, 25.571, 24.667, 23.864, 22.467, 20.29, 17.09, 13.829, 14.648, 15.179, 14.915, 15.319, 15.984, 14.757, 13.566, 13.387, 13.038, 11.638, 12.359, 13.075, 12.885, 11.966, 11.153, 10.454, 8.909, 7.954, 8.495, 9.075, 8.878, 8.429, 7.728, 7.266, 9.373, 11.857, 13.185, 14.294, 15.73, 14.925, 12.417, 9.524, 11.024, 12.025, 11.474, 12.641, 14.324, 14.164, 13.814, 15.301, 15.706, 14.321, 14.937, 17.87, 19.366, 17.874, 15.9, 17.733, 18.226, 16.712, 14.773, 13.543, 14.225, 13.731, 14.42, 14.21, 12.703, 12.517, 13.762, 14.476, 14.44, 14.596, 15.307, 17.181, 18.331, 18.553, 19.001, 18.492, 16.951, 15.235, 14.625, 15.051, 15.862, 16.29, 16.609, 15.086, 13.391, 12.765, 12.001, 13.788, 14.582], [10.723, 13.046, 12.88, 12.262, 11.663, 10.451, 11.458, 10.786, 9.426, 9.49, 9.716, 10.589, 12.502, 13.496, 13.659, 12.909, 11.605, 11.028, 10.687, 10.167, 9.633, 9.459, 10.579, 12.85, 12.697, 10.703, 9.288, 7.287, 6.203, 7.476, 7.017, 6.625, 6.885, 5.945, 3.559, 2.969, 3.685, 3.983, 0.0, 2.75, 4.511, 6.379, 6.182, 6.759, 8.033, 9.014, 9.43, 11.477, 14.671, 16.926, 18.174, 18.132, 18.814, 20.571, 21.515, 21.973, 23.13, 23.16, 21.959, 20.981, 20.189, 18.885, 16.831, 13.634, 10.147, 10.954, 11.485, 11.318, 11.73, 12.328, 11.169, 9.891, 9.716, 9.387, 8.017, 8.944, 9.557, 9.311, 8.353, 7.746, 7.072, 5.435, 4.46, 5.076, 5.731, 5.484, 5.008, 4.133, 3.798, 5.814, 8.203, 9.504, 10.609, 12.037, 11.332, 8.881, 5.965, 7.487, 8.613, 7.84, 9.063, 10.745, 10.556, 10.229, 11.672, 12.078, 10.657, 11.252, 14.185, 15.681, 14.204, 12.326, 14.093, 14.573, 13.124, 11.314, 9.97, 10.649, 10.113, 10.746, 10.516, 9.15