[[0.0, 2.085, 3.679, 4.05, 3.832, 3.665, 3.338, 3.043, 2.167, 2.551, 2.411, 3.395, 4.964, 5.446, 5.656, 6.828, 9.432, 8.466, 7.482, 7.365, 8.334, 7.202, 5.14, 3.894, 3.556, 3.491, 3.324, 3.195, 2.803, 2.418, 2.99, 3.076, 2.837, 2.683, 2.614, 2.545, 3.182, 3.047, 2.844, 2.559, 3.579, 3.416, 4.883, 6.676, 4.933, 3.677, 4.974, 7.19, 6.116, 3.967, 2.173, 2.048, 2.109, 2.445, 2.923, 3.75, 3.517, 2.506, 3.444, 5.209, 5.117, 4.047, 3.789, 2.771, 3.083, 2.708, 2.753, 3.256, 3.559, 3.719, 3.079, 3.688, 5.832, 5.698, 6.097, 7.937, 9.397, 8.388, 8.273, 8.38, 7.897, 7.994, 8.348, 8.605, 9.679, 9.332, 6.769, 7.731, 9.428, 10.119, 11.389, 13.472, 13.26, 9.341, 7.264, 8.167, 8.278, 5.57, 4.039, 2.946, 3.365, 4.029, 3.964, 3.255, 2.294, 2.434, 2.542, 3.012, 2.747, 3.317, 3.432, 3.402, 4.255, 5.972, 8.149, 8.4, 6.005, 3.201, 1.572, 4.007, 6.352, 6.676, 5.374, 5.182, 5.493, 6.959, 6.616, 5.853, 5.483, 5.543, 6.118, 7.339, 8.103, 9.224, 9.365, 8.763, 7.191, 6.445, 5.081, 2.458, 1.589, 1.917, 2.708, 5.038, 4.77, 3.166, 2.792, 2.75, 2.429, 2.554, 2.887, 3.064, 2.464, 2.491, 4.217, 4.017, 4.558, 5.634, 5.352, 4.613, 5.099, 5.494, 5.438, 5.488, 5.081, 2.481, 1.639, 2.014, 2.704, 1.416, 2.329, 2.845, 2.204, 2.842, 3.572, 4.582, 6.08, 6.832, 6.432, 5.297, 4.557, 4.051, 4.547, 3.971, 2.902, 1.913, 1.038, 1.313, 1.466, 1.268, 1.496, 1.74, 1.518, 2.016, 2.246, 3.102, 5.17, 5.367, 4.182, 5.615, 6.062, 5.468, 6.733, 8.367, 10.448], [2.085, 0.0, 1.931, 2.354, 2.205, 2.031, 2.108, 2.896, 3.287, 3.748, 2.793, 2.989, 3.308, 3.738, 3.999, 5.017, 7.637, 6.712, 5.672, 5.558, 6.564, 5.727, 4.633, 3.862, 3.95, 3.584, 3.703, 3.825, 3.649, 2.985, 3.302, 3.548, 2.823, 2.666, 2.843, 3.232, 3.856, 3.23, 2.49, 1.573, 2.044, 1.859, 3.172, 4.927, 3.225, 2.441, 3.193, 5.44, 4.371, 2.605, 2.927, 3.01, 2.348, 1.894, 1.81, 2.505, 2.5, 1.671, 2.372, 3.807, 3.667, 2.976, 2.878, 2.517, 3.63, 3.147, 3.016, 3.581, 3.62, 3.935, 3.33, 2.223, 4.015, 3.868, 4.364, 6.168, 7.591, 6.724, 6.523, 6.699, 6.159, 6.277, 6.655, 6.793, 7.8, 7.477, 4.998, 5.924, 7.653, 8.368, 9.619, 11.698, 11.486, 7.519, 5.408, 6.427, 6.403, 3.697, 3.497, 3.596, 5.029, 5.85, 5.769, 4.864, 3.713, 3.551, 3.229, 3.322, 2.552, 2.066, 2.064, 1.886, 2.466, 4.186, 6.362, 6.611, 4.194, 2.844, 2.481, 5.455, 8.208, 8.506, 7.244, 6.926, 7.235, 8.857, 8.476, 7.734, 7.367, 7.435, 8.009, 9.239, 10.003, 11.108, 11.265, 10.662, 9.082, 8.344, 7.009, 3.467, 2.452, 1.666, 1.419, 3.199, 3.019, 1.693, 2.582, 2.989, 2.834, 2.346, 3.178, 3.65, 2.399, 3.723, 5.403, 5.059, 5.773, 7.25, 6.688, 5.86, 6.478, 7.164, 7.212, 7.37, 6.902, 4.283, 3.071, 3.846, 4.453, 2.774, 2.155, 1.341, 2.162, 3.843, 5.25, 6.312, 7.818, 8.542, 8.276, 7.066, 6.113, 5.412, 5.322, 4.328, 3.111, 2.089, 2.423, 2.329, 2.119, 1.744, 2.073, 2.766, 2.508, 1.999, 2.064, 2.402, 3.481, 3.665, 2.652, 4.101, 4.495, 3.835, 5.164, 6.822, 8.812], [3.679, 1.931, 0.0, 1.156, 1.581, 1.463, 2.059, 3.255, 4.137, 4.57, 3.585, 2.267, 2.234, 2.309, 2.701, 3.333, 5.952, 5.057, 3.966, 3.819, 4.804, 4.684, 4.55, 4.104, 4.372, 4.067, 4.203, 4.303, 4.251, 3.679, 3.837, 3.817, 3.065, 3.07, 3.796, 4.328, 4.737, 3.645, 2.645, 1.892, 1.524, 1.593, 1.87, 3.839, 2.319, 2.404, 2.019, 4.158, 2.921, 1.792, 3.7, 4.178, 3.16, 2.392, 2.17, 2.156, 2.332, 2.508, 2.369, 2.878, 2.877, 2.54, 2.772, 2.93, 4.375, 4.078, 3.888, 4.44, 4.067, 4.298, 3.781, 2.049, 2.59, 2.73, 2.904, 4.356, 5.792, 5.16, 4.84, 4.873, 4.419, 4.725, 4.841, 5.024, 6.044, 5.809, 3.369, 4.289, 6.006, 6.69, 8.043, 10.043, 9.869, 5.876, 3.771, 4.687, 4.721, 2.427, 2.933, 4.55, 6.429, 7.476, 7.424, 6.45, 5.114, 4.955, 3.744, 3.399, 2.557, 1.7, 1.699, 1.759, 1.919, 3.181, 4.737, 5.018, 3.247, 3.065, 3.608, 7.012, 9.942, 10.139, 8.883, 8.637, 8.977, 10.596, 10.236, 9.498, 9.131, 9.199, 9.781, 10.997, 11.761, 12.894, 13.024, 12.421, 10.841, 10.11, 8.721, 5.109, 3.324, 2.309, 1.77, 2.514, 2.29, 1.53, 3.111, 3.83, 3.529, 3.006, 3.453, 3.929, 2.874, 4.493, 6.134, 5.821, 6.61, 8.28, 7.479, 6.658, 7.592, 8.404, 8.398, 8.964, 8.733, 6.077, 4.88, 5.654, 6.086, 4.408, 2.505, 1.63, 2.69, 4.703, 6.763, 7.994, 9.214, 10.2, 9.956, 8.555, 7.247, 6.552, 6.169, 5.146, 3.436, 3.2, 4.081, 3.901, 3.376, 2.959, 3.182, 3.757, 3.456, 2.728, 2.618, 2.188, 2.172, 2.058, 1.8, 2.805, 3.492, 2.409, 3.493, 5.105, 7.124], [4.05, 2.354, 1.156, 0.0, 1.513, 1.277, 1.761, 2.933, 4.077, 4.637, 3.229, 2.036, 2.119, 2.258, 2.282, 2.918, 5.558, 4.635, 3.873, 3.492, 4.531, 4.537, 4.193, 3.755, 4.011, 3.693, 3.981, 4.049, 4.078, 3.562, 3.509, 3.632, 2.966, 2.953, 3.96, 4.601, 4.68, 3.491, 2.364, 2.213, 1.678, 1.795, 2.013, 4.017, 2.505, 2.587, 2.254, 4.273, 2.969, 1.878, 3.734, 4.358, 3.378, 2.713, 2.351, 2.07, 2.435, 2.84, 2.829, 2.995, 2.973, 2.688, 2.998, 2.955, 4.5, 4.193, 4.128, 4.566, 4.223, 4.267, 3.569, 1.988, 2.188, 2.356, 2.382, 4.018, 5.443, 4.843, 4.568, 4.6, 4.152, 4.264, 4.517, 4.669, 5.712, 5.384, 3.179, 4.268, 5.736, 6.376, 7.934, 9.776, 9.715, 5.525, 3.577, 4.451, 4.368, 2.295, 2.402, 4.644, 6.69, 7.805, 7.823, 6.696, 5.383, 5.284, 3.937, 3.501, 2.742, 1.936, 1.827, 2.063, 2.139, 3.293, 4.689, 4.83, 3.492, 3.381, 3.952, 7.324, 10.231, 10.573, 9.199, 8.965, 9.316, 10.917, 10.563, 9.808, 9.441, 9.509, 10.097, 11.31, 12.095, 13.222, 13.336, 12.733, 11.162, 10.445, 9.034, 5.409, 3.492, 2.495, 2.195, 2.807, 2.524, 1.763, 3.233, 3.831, 3.669, 3.132, 3.257, 3.621, 2.788, 4.35, 5.97, 5.549, 6.421, 8.153, 7.339, 6.644, 7.655, 8.48, 8.381, 9.269, 9.043, 6.381, 5.275, 6.003, 6.399, 4.732, 2.625, 1.957, 2.647, 4.662, 7.013, 8.303, 9.459, 10.487, 10.249, 8.814, 7.334, 6.604, 6.243, 4.992, 3.335, 3.603, 4.438, 4.243, 3.696, 3.209, 3.402, 3.926, 3.742, 3.047, 2.735, 2.366, 2.29, 1.956, 2.008, 2.741, 3.81, 2.597, 3.369, 4.822, 6.887], [3.832, 2.205, 1.581, 1.513, 0.0, 0.856, 1.226, 2.227, 3.814, 4.496, 2.783, 2.358, 2.198, 2.231, 2.15, 3.176, 5.723, 4.827, 4.192, 3.718, 4.654, 4.056, 3.568, 3.02, 3.263, 2.894, 3.149, 3.405, 3.702, 3.174, 2.679, 3.012, 2.685, 2.443, 3.871, 4.42, 4.532, 2.937, 2.061, 2.169, 2.06, 1.962, 2.724, 4.786, 3.334, 3.239, 2.938, 4.892, 3.204, 1.817, 3.211, 4.078, 3.306, 2.724, 2.365, 1.999, 2.58, 2.864, 2.747, 3.009, 2.444, 2.275, 2.736, 2.716, 4.265, 3.94, 3.935, 4.235, 3.908, 3.691, 2.907, 1.178, 2.286, 2.242, 2.623, 4.24, 5.719, 4.689, 4.579, 4.719, 4.223, 4.411, 4.649, 4.913, 6.001, 5.646, 3.34, 4.503, 5.997, 6.575, 7.977, 9.791, 9.702, 6.013, 3.914, 4.627, 4.659, 2.847, 2.761, 4.486, 6.4, 7.521, 7.531, 6.449, 5.121, 5.122, 4.315, 4.192, 3.191, 2.342, 2.322, 2.543, 2.94, 4.202, 5.452, 5.458, 4.333, 3.843, 3.899, 7.128, 9.992, 10.362, 9.008, 8.819, 9.157, 10.679, 10.319, 9.541, 9.173, 9.239, 9.814, 11.035, 11.835, 12.892, 13.053, 12.45, 10.87, 10.132, 8.751, 5.115, 3.445, 2.654, 2.36, 3.652, 3.371, 2.097, 3.031, 3.509, 3.491, 2.826, 2.58, 2.938, 2.364, 3.848, 5.42, 5.224, 6.196, 7.921, 7.002, 6.233, 7.437, 8.271, 8.115, 8.985, 8.824, 6.145, 4.978, 5.797, 6.259, 4.532, 3.145, 1.846, 2.094, 4.103, 6.729, 8.02, 9.175, 10.314, 10.076, 8.695, 7.241, 6.455, 6.031, 4.644, 2.776, 3.548, 4.279, 4.099, 3.55, 3.001, 3.101, 3.622, 3.527, 3.209, 3.045, 2.729, 2.658, 1.944, 1.805, 2.841, 4.07, 3.074, 3.692, 4.916, 6.945], [3.665, 2.031, 1.463, 1.277, 0.856, 0.0, 1.067, 2.335, 3.662, 4.354, 2.786, 2.399, 2.3, 2.349, 2.31, 3.356, 5.909, 5.017, 4.191, 3.858, 4.771, 4.235, 3.509, 3.013, 3.283, 3.061, 3.278, 3.444, 3.67, 3.1, 2.839, 2.922, 2.476, 2.303, 3.666, 4.23, 4.391, 2.791, 1.833, 1.957, 1.834, 1.719, 2.635, 4.668, 3.254, 2.982, 2.807, 4.759, 3.262, 1.649, 3.112, 3.954, 2.99, 2.349, 2.022, 1.729, 2.095, 2.568, 2.595, 2.843, 2.349, 2.039, 2.488, 2.405, 4.072, 3.81, 3.69, 3.94, 3.648, 3.481, 2.859, 1.211, 2.277, 2.182, 2.617, 4.364, 5.842, 4.941, 4.738, 4.835, 4.34, 4.531, 4.779, 5.024, 6.064, 5.802, 3.387, 4.481, 6.085, 6.661, 8.063, 9.974, 9.837, 5.962, 3.982, 4.77, 4.736, 2.829, 2.61, 4.342, 6.297, 7.398, 7.413, 6.334, 5.038, 5.048, 4.012, 4.105, 3.156, 2.359, 2.393, 2.612, 2.968, 4.186, 5.342, 5.335, 4.297, 3.882, 3.721, 6.996, 9.899, 10.159, 8.88, 8.65, 8.988, 10.554, 10.195, 9.458, 9.091, 9.158, 9.733, 10.951, 11.715, 12.816, 12.977, 12.374, 10.794, 10.056, 8.675, 5.012, 3.338, 2.356, 2.31, 3.614, 3.392, 2.022, 2.733, 3.4, 3.329, 2.662, 2.497, 3.044, 2.277, 3.887, 5.482, 5.101, 6.087, 7.799, 6.897, 6.119, 7.33, 8.085, 8.004, 8.909, 8.695, 6.003, 4.806, 5.624, 6.085, 4.404, 2.998, 1.812, 2.072, 4.076, 6.654, 7.944, 9.099, 10.19, 9.951, 8.54, 7.067, 6.275, 5.868, 4.6, 2.653, 3.256, 4.086, 3.922, 3.389, 2.836, 3.015, 3.538, 3.376, 2.98, 2.883, 2.867, 2.643, 1.942, 1.767, 2.759, 3.879, 2.909, 3.637, 5.057, 7.069], [3.338, 2.108, 2.059, 1.761, 1.226, 1.067, 0.0, 1.956, 3.102, 3.996, 2.222, 2.872, 2.994, 2.988, 2.664, 3.688, 6.279, 5.453, 4.829, 4.257, 5.063, 4.165, 3.055, 2.347, 2.543, 2.441, 2.833, 2.913, 3.213, 2.67, 2.272, 2.476, 2.159, 2.028, 3.261, 3.865, 3.965, 2.387, 1.472, 1.908, 2.344, 2.414, 3.439, 5.331, 3.969, 3.471, 3.493, 5.452, 3.991, 2.002, 2.766, 3.568, 2.69, 2.223, 2.061, 1.74, 2.226, 2.488, 2.766, 3.209, 2.72, 2.33, 2.549, 2.25, 3.752, 3.437, 3.351, 3.65, 3.417, 3.197, 2.535, 1.387, 2.712, 2.508, 2.828, 4.657, 6.131, 5.266, 5.028, 5.143, 4.64, 4.802, 5.089, 5.392, 6.454, 6.11, 4.066, 5.211, 6.707, 7.237, 8.762, 10.504, 10.504, 6.521, 4.708, 5.3, 5.181, 3.268, 2.492, 4.253, 5.997, 7.05, 7.071, 6.092, 4.86, 4.913, 4.284, 4.412, 3.579, 2.792, 2.791, 3.077, 3.671, 4.847, 6.045, 5.97, 5.049, 4.368, 3.765, 6.61, 9.504, 9.834, 8.493, 8.297, 8.639, 10.191, 9.828, 9.077, 8.71, 8.777, 9.357, 10.571, 11.335, 12.473, 12.597, 11.994, 10.414, 9.68, 8.295, 4.731, 3.457, 2.73, 2.902, 4.358, 4.062, 2.352, 2.58, 3.113, 3.108, 2.553, 2.333, 2.5, 2.086, 3.234, 4.794, 4.499, 5.421, 7.113, 6.239, 5.667, 6.872, 7.748, 7.545, 8.529, 8.349, 5.688, 4.511, 5.298, 5.743, 4.129, 3.399, 2.12, 1.799, 3.807, 6.274, 7.564, 8.72, 9.803, 9.565, 8.109, 6.612, 5.848, 5.414, 3.848, 2.297, 3.021, 3.763, 3.597, 3.189, 2.644, 2.737, 3.397, 3.376, 3.13, 3.22, 3.346, 3.385, 2.614, 2.225, 3.152, 4.294, 3.436, 4.098, 5.345, 7.211], [3.043, 2.896, 3.255, 2.933, 2.227, 2.335, 1.956, 0.0, 2.618, 3.755, 1.954, 2.912, 4.216, 4.223, 3.541, 4.669, 7.075, 6.396, 5.921, 5.153, 5.728, 4.546, 2.844, 1.874, 1.822, 1.875, 1.965, 2.446, 2.999, 2.442, 1.684, 2.17, 2.272, 2.001, 3.078, 3.429, 3.649, 2.525, 2.217, 2.981, 3.432, 3.448, 4.79, 6.815, 5.278, 4.41, 5.076, 7.055, 5.225, 3.159, 2.441, 3.152, 3.108, 2.948, 3.051, 3.051, 3.468, 3.428, 4.019, 4.691, 3.949, 3.534, 3.852, 2.946, 3.808, 3.379, 3.742, 4.168, 3.996, 3.496, 2.636, 1.72, 3.49, 3.337, 3.507, 5.205, 6.596, 5.886, 5.576, 5.739, 5.172, 5.277, 5.456, 5.897, 7.204, 6.767, 5.232, 6.406, 7.975, 8.553, 9.983, 11.411, 11.521, 7.95, 5.758, 6.525, 6.304, 4.297, 2.704, 4.081, 5.77, 6.708, 6.745, 5.898, 4.73, 4.869, 4.124, 4.584, 3.937, 3.54, 3.627, 3.829, 4.808, 6.066, 7.482, 7.481, 6.283, 4.881, 3.374, 6.139, 9.052, 9.31, 8.027, 7.77, 8.111, 9.723, 9.359, 8.627, 8.26, 8.327, 8.91, 10.125, 10.889, 11.996, 12.151, 11.548, 9.968, 9.237, 7.849, 4.47, 3.314, 2.887, 3.496, 5.367, 5.184, 3.305, 3.213, 2.887, 2.734, 2.421, 2.043, 1.589, 1.459, 2.305, 3.793, 3.77, 4.696, 6.406, 5.399, 5.069, 6.405, 7.141, 7.092, 8.084, 7.858, 5.207, 4.442, 4.9, 5.254, 3.903, 3.641, 3.186, 1.804, 3.354, 5.845, 7.118, 8.274, 9.327, 9.089, 7.613, 6.03, 5.286, 4.981, 3.507, 2.167, 3.061, 3.252, 3.204, 2.753, 2.416, 2.522, 3.044, 2.981, 3.19, 3.498, 3.977, 4.288, 3.63, 3.118, 4.288, 5.434, 4.615, 5.361, 6.326, 7.565], [2.167, 3.287, 4.137, 4.077, 3.814, 3.662, 3.102, 2.618, 0.0, 1.416, 1.403, 3.818, 5.747, 5.892, 5.69, 6.674, 9.331, 8.357, 7.552, 7.094, 7.842, 6.655, 4.88, 3.585, 2.683, 2.682, 2.458, 2.058, 2.304, 2.083, 2.574, 2.398, 2.251, 1.932, 2.281, 2.358, 2.812, 3.185, 2.834, 3.567, 4.399, 4.141, 5.859, 7.781, 6.232, 5.171, 6.049, 8.204, 6.876, 4.418, 2.243, 2.183, 3.111, 3.426, 3.869, 3.721, 4.251, 3.771, 4.572, 5.541, 5.216, 4.596, 4.559, 3.459, 3.222, 2.829, 3.6, 3.978, 4.293, 3.847, 2.841, 3.659, 5.67, 5.347, 5.767, 7.468, 8.846, 8.28, 7.886, 7.985, 7.495, 7.616, 7.82, 8.228, 9.172, 9.025, 6.945, 8.057, 9.597, 10.184, 11.705, 13.537, 13.476, 9.366, 7.391, 8.222, 8.123, 5.233, 3.608, 1.953, 3.486, 4.43, 4.431, 3.607, 2.431, 2.796, 3.32, 4.061, 3.802, 4.436, 4.54, 4.554, 5.531, 6.879, 8.685, 8.722, 7.164, 4.944, 2.339, 4.033, 6.764, 6.976, 5.732, 5.485, 5.826, 7.44, 7.082, 6.344, 5.977, 6.044, 6.63, 7.843, 8.61, 9.745, 9.869, 9.266, 7.686, 6.96, 5.567, 2.396, 2.47, 3.162, 3.992, 6.208, 5.96, 4.238, 3.938, 3.58, 3.226, 3.206, 2.787, 2.183, 2.004, 1.467, 2.55, 2.327, 2.823, 4.185, 3.572, 3.233, 4.34, 4.88, 4.81, 5.801, 5.581, 2.965, 3.251, 3.025, 2.928, 2.099, 3.801, 4.013, 2.562, 2.329, 3.566, 4.836, 5.991, 7.042, 6.803, 5.259, 3.6, 3.331, 3.711, 3.152, 2.575, 2.999, 2.502, 2.521, 2.313, 2.149, 2.381, 2.158, 2.438, 3.139, 3.544, 4.215, 5.303, 5.131, 4.177, 5.688, 6.693, 5.817, 6.728, 8.128, 9.885], [2.551, 3.748, 4.57, 4.637, 4.496, 4.354, 3.996, 3.755, 1.416, 0.0, 2.29, 4.219, 6.095, 6.438, 6.407, 7.383, 10.079, 8.998, 8.083, 7.93, 8.729, 7.673, 5.66, 4.4, 3.437, 3.014, 2.662, 2.212, 2.097, 2.288, 3.301, 3.175, 2.619, 2.7, 2.654, 2.219, 2.582, 3.594, 3.468, 4.17, 4.835, 4.57, 6.207, 8.122, 6.593, 5.533, 6.424, 8.568, 7.235, 4.766, 2.537, 2.081, 3.307, 4.007, 4.407, 4.411, 4.84, 4.205, 5.125, 6.22, 6.117, 5.169, 5.058, 3.853, 2.897, 2.674, 3.564, 3.975, 4.2, 3.565, 2.909, 4.391, 6.455, 6.192, 6.593, 8.362, 9.776, 9.009, 8.724, 8.884, 8.401, 8.426, 8.771, 9.139, 10.145, 9.833, 7.596, 8.56, 10.209, 10.874, 12.303, 14.244, 14.118, 9.929, 7.902, 8.801, 8.828, 6.086, 4.48, 1.587, 2.54, 3.548, 3.561, 2.638, 1.85, 2.571, 3.341, 4.091, 4.134, 4.798, 4.839, 4.942, 5.859, 7.195, 8.949, 9.21, 7.491, 5.242, 2.624, 3.222, 5.819, 6.085, 4.76, 4.57, 4.898, 6.505, 6.13, 5.364, 5.003, 5.065, 5.662, 6.878, 7.672, 8.837, 8.896, 8.293, 6.713, 6.0, 4.593, 1.922, 2.651, 3.455, 4.366, 6.608, 6.273, 4.682, 4.42, 3.987, 3.514, 3.674, 3.614, 3.237, 2.955, 2.189, 2.408, 2.179, 2.659, 3.927, 3.408, 2.757, 3.65, 4.097, 4.0, 4.838, 4.62, 2.309, 3.276, 3.062, 2.382, 2.245, 4.13, 4.359, 3.177, 1.893, 2.695, 3.866, 5.018, 6.056, 5.789, 4.305, 2.971, 3.056, 3.434, 3.354, 3.386, 3.321, 2.747, 2.958, 2.817, 2.595, 2.746, 2.277, 2.716, 3.279, 3.761, 4.406, 5.787, 5.735, 4.785, 6.224, 7.168, 6.125, 7.242, 8.777, 10.76], [2.411, 2.793, 3.585, 3.229, 2.783, 2.786, 2.222, 1.954, 1.403, 2.29, 0.0, 2.851, 4.716, 4.798, 4.436, 5.534, 8.102, 7.28, 6.697, 6.104, 6.851, 5.943, 4.329, 3.053, 2.295, 2.241, 2.235, 1.921, 2.193, 1.812, 1.983, 2.296, 2.028, 1.415, 2.587, 2.703, 2.86, 2.868, 2.348, 3.167, 3.85, 3.296, 4.974, 6.98, 5.377, 4.371, 5.202, 7.256, 5.812, 3.487, 1.916, 2.417, 2.903, 3.187, 3.417, 3.253, 3.868, 3.599, 4.305, 4.827, 4.453, 4.11, 4.265, 3.128, 3.2, 2.723, 3.507, 3.786, 4.002, 3.609, 2.498, 2.694, 4.508, 4.356, 4.607, 6.458, 7.937, 6.985, 6.779, 7.023, 6.446, 6.557, 6.88, 7.191, 8.278, 7.922, 5.912, 7.079, 8.544, 9.061, 10.575, 12.323, 12.337, 8.378, 6.416, 7.11, 7.045, 4.442, 2.669, 2.415, 4.176, 5.289, 5.334, 4.174, 2.943, 3.159, 3.26, 3.955, 3.523, 3.649, 3.71, 3.872, 4.825, 6.049, 7.739, 7.825, 6.427, 4.682, 2.365, 4.839, 7.685, 8.05, 6.707, 6.517, 6.858, 8.396, 8.023, 7.261, 6.895, 6.962, 7.538, 8.75, 9.54, 10.659, 10.777, 10.174, 8.594, 7.857, 6.474, 2.973, 2.24, 2.672, 3.44, 5.582, 5.241, 3.731, 3.483, 3.216, 2.894, 2.916, 2.306, 1.834, 1.603, 1.748, 3.095, 2.819, 3.633, 5.305, 4.42, 3.919, 5.134, 5.967, 5.759, 6.709, 6.565, 3.908, 3.8, 3.749, 4.011, 2.459, 3.497, 3.305, 1.988, 2.074, 4.453, 5.744, 6.899, 8.017, 7.779, 6.325, 4.815, 4.146, 3.948, 3.203, 2.279, 2.991, 2.946, 2.924, 2.504, 2.206, 2.123, 2.144, 2.532, 3.064, 3.291, 3.858, 4.472, 4.244, 3.605, 5.042, 6.25, 5.22, 6.063, 7.321, 9.114], [3.395, 2.989, 2.267, 2.036, 2.358, 2.399, 2.872, 2.912, 3.818, 4.219, 2.851, 0.0, 2.164, 2.577, 2.695, 3.831, 6.36, 5.482, 4.656, 4.658, 5.881, 6.071, 5.182, 4.295, 3.868, 3.605, 3.753, 3.742, 3.538, 3.367, 3.332, 3.449, 3.153, 2.798, 4.101, 4.334, 4.458, 3.496, 3.142, 3.156, 2.876, 2.8, 2.694, 4.648, 2.944, 2.592, 2.671, 4.644, 3.101, 1.928, 2.979, 3.81, 3.562, 3.424, 3.516, 3.66, 3.798, 3.903, 4.22, 4.392, 4.191, 3.838, 4.176, 3.567, 4.235, 3.882, 4.233, 4.563, 4.472, 4.303, 3.534, 2.513, 3.296, 3.696, 3.684, 5.123, 6.714, 5.802, 5.947, 6.057, 5.45, 5.7, 5.905, 5.737, 6.697, 6.353, 3.776, 4.805, 6.185, 7.056, 8.265, 10.307, 10.049, 6.37, 4.275, 5.136, 5.277, 3.035, 2.12, 3.913, 5.93, 6.923, 6.876, 5.759, 4.525, 4.255, 3.211, 2.53, 1.878, 1.604, 1.637, 1.843, 2.724, 3.988, 5.423, 5.517, 3.978, 2.762, 3.029, 6.547, 9.464, 9.915, 8.533, 8.257, 8.647, 10.028, 9.694, 8.903, 8.499, 8.531, 9.105, 10.371, 11.196, 12.204, 12.344, 11.783, 10.25, 9.446, 8.042, 4.494, 2.539, 2.07, 2.409, 3.392, 3.025, 2.385, 3.535, 3.522, 3.271, 3.151, 2.897, 3.346, 2.688, 4.047, 5.637, 5.275, 6.206, 7.935, 7.053, 6.125, 7.184, 8.026, 7.857, 8.397, 8.219, 5.574, 4.697, 5.195, 5.671, 3.941, 2.004, 2.332, 2.521, 3.591, 6.021, 7.311, 8.489, 9.651, 9.454, 8.323, 7.024, 6.275, 5.918, 5.264, 3.736, 3.817, 3.897, 3.8, 3.097, 2.85, 2.783, 2.934, 2.762, 2.57, 2.25, 2.385, 3.274, 3.343, 3.256, 4.024, 5.065, 3.743, 4.42, 6.031, 8.345], [4.964, 3.308, 2.234, 2.119, 2.198, 2.3, 2.994, 4.216, 5.747, 6.095, 4.716, 2.164, 0.0, 1.103, 2.009, 2.795, 5.055, 4.241, 3.375, 3.495, 4.609, 5.279, 5.296, 4.832, 5.093, 4.882, 5.121, 5.43, 5.313, 4.865, 4.607, 4.625, 4.236, 4.292, 5.35, 5.905, 6.186, 4.343, 3.547, 3.068, 2.482, 2.545, 1.726, 3.332, 2.046, 2.77, 1.671, 2.954, 1.281, 1.756, 4.6, 5.336, 4.153, 3.613, 3.204, 3.54, 3.42, 3.759, 3.625, 3.795, 3.458, 3.278, 3.289, 3.668, 5.137, 5.014, 4.714, 4.865, 4.448, 4.815, 4.622, 2.816, 2.827, 3.147, 3.188, 4.144, 5.615, 4.85, 4.95, 5.042, 4.296, 4.635, 4.791, 4.407, 5.31, 4.977, 2.41, 3.482, 4.755, 5.729, 6.876, 8.918, 8.639, 5.127, 3.074, 3.839, 4.017, 2.711, 3.403, 5.787, 7.728, 8.549, 8.475, 7.489, 6.284, 5.922, 4.912, 4.061, 3.041, 1.949, 1.99, 2.06, 2.072, 3.155, 4.342, 4.338, 2.873, 2.86, 4.568, 8.065, 11.176, 11.547, 10.282, 9.986, 10.266, 11.492, 11.248, 10.43, 9.956, 9.985, 10.61, 11.859, 12.736, 13.726, 13.8, 13.322, 11.885, 10.954, 9.51, 6.007, 4.224, 3.237, 2.738, 2.477, 2.096, 2.357, 3.741, 4.353, 4.699, 4.051, 4.325, 4.915, 4.349, 5.965, 7.516, 7.228, 8.169, 9.898, 9.01, 8.069, 9.097, 9.977, 9.82, 10.065, 9.766, 7.115, 5.922, 6.693, 7.216, 5.463, 2.841, 2.415, 3.609, 5.417, 7.479, 8.725, 10.094, 11.153, 11.139, 10.149, 8.904, 8.174, 7.663, 6.701, 4.771, 4.576, 5.369, 5.157, 4.607, 4.332, 3.971, 4.526, 4.313, 3.775, 3.38, 2.505, 2.767, 2.684, 3.112, 3.362, 4.057, 3.024, 3.293, 4.716, 7.085], [5.446, 3.738, 2.309, 2.258, 2.231, 2.349, 2.988, 4.223, 5.892, 6.438, 4.798, 2.577, 1.103, 0.0, 1.664, 2.183, 4.43, 3.571, 2.763, 2.68, 3.814, 4.489, 4.746, 4.514, 4.874, 4.628, 5.004, 5.484, 5.611, 5.137, 4.539, 4.52, 4.52, 4.396, 5.823, 6.298, 6.464, 4.404, 3.69, 3.3, 2.69, 2.686, 1.879, 3.501, 2.325, 3.084, 1.903, 3.138, 1.298, 1.842, 4.849, 5.643, 4.463, 3.842, 3.364, 3.256, 3.298, 3.924, 3.727, 3.488, 2.982, 2.959, 3.1, 3.923, 5.623, 5.437, 5.184, 5.179, 4.61, 4.784, 4.637, 2.746, 2.165, 2.501, 2.513, 3.373, 4.814, 4.052, 4.123, 4.224, 3.444, 3.782, 3.929, 3.766, 4.736, 4.381, 1.922, 2.943, 4.348, 5.329, 6.357, 8.335, 8.056, 4.834, 2.68, 3.208, 3.497, 2.9, 3.696, 6.059, 8.096, 9.007, 8.952, 7.806, 6.664, 6.358, 5.302, 4.572, 3.627, 2.51, 2.465, 2.648, 2.339, 3.447, 4.405, 4.145, 3.273, 3.457, 5.077, 8.57, 11.667, 12.072, 10.757, 10.472, 10.787, 12.032, 11.764, 10.933, 10.484, 10.51, 11.161, 12.36, 13.251, 14.275, 14.317, 13.836, 12.397, 11.496, 10.034, 6.538, 4.798, 3.805, 3.273, 2.909, 2.347, 2.905, 4.137, 4.839, 5.126, 4.528, 4.407, 4.845, 4.416, 6.015, 7.551, 7.321, 8.321, 10.034, 9.117, 8.168, 9.381, 10.23, 10.03, 10.563, 10.287, 7.652, 6.47, 7.234, 7.734, 5.966, 3.378, 2.935, 3.827, 5.619, 7.993, 9.284, 10.572, 11.65, 11.614, 10.563, 9.234, 8.453, 7.925, 6.805, 4.739, 4.92, 5.894, 5.672, 5.121, 4.785, 4.484, 4.917, 4.812, 4.282, 3.892, 2.938, 2.599, 2.379, 2.954, 2.868, 3.816, 2.857, 2.953, 4.017, 6.29], [5.656, 3.999, 2.701, 2.282, 2.15, 2.31, 2.664, 3.541, 5.69, 6.407, 4.436, 2.695, 2.009, 1.664, 0.0, 1.658, 3.864, 3.39, 3.165, 2.7, 3.669, 4.067, 3.746, 3.649, 4.082, 4.027, 4.525, 5.244, 5.607, 5.068, 4.07, 4.408, 4.485, 4.293, 5.801, 6.359, 6.467, 4.23, 3.748, 3.887, 3.441, 3.424, 2.813, 4.183, 3.103, 3.658, 2.576, 4.168, 2.229, 2.388, 5.054, 5.957, 4.901, 4.258, 3.979, 3.467, 3.866, 4.531, 4.351, 4.042, 3.51, 3.596, 4.034, 4.4, 6.038, 5.801, 5.679, 5.682, 5.307, 4.988, 4.638, 2.306, 1.639, 1.739, 1.939, 2.762, 4.436, 3.719, 3.829, 3.907, 3.233, 3.55, 3.723, 3.322, 4.246, 3.798, 2.218, 3.359, 4.618, 5.464, 6.668, 7.949, 7.984, 5.083, 3.119, 3.391, 3.275, 2.455, 2.901, 5.958, 8.213, 9.345, 9.328, 8.09, 6.808, 6.71, 5.324, 4.335, 3.657, 2.828, 2.843, 2.935, 2.913, 3.915, 4.965, 4.559, 4.051, 3.737, 5.54, 9.014, 11.857, 12.313, 10.923, 10.705, 11.081, 12.538, 12.185, 11.411, 11.039, 11.105, 11.679, 12.892, 13.69, 14.757, 14.918, 14.315, 12.735, 11.997, 10.616, 6.942, 4.883, 3.974, 3.429, 3.702, 3.267, 3.316, 4.628, 5.361, 5.342, 4.694, 4.299, 4.348, 4.217, 5.516, 7.028, 6.989, 7.98, 9.702, 8.737, 8.17, 9.372, 10.19, 10.016, 10.863, 10.682, 8.0, 6.753, 7.584, 8.137, 6.382, 3.738, 3.497, 3.968, 5.894, 8.595, 9.885, 11.041, 12.169, 11.931, 10.639, 9.182, 8.391, 7.977, 6.39, 4.368, 5.359, 6.203, 6.012, 5.462, 4.929, 4.948, 5.479, 5.259, 4.605, 4.063, 3.551, 3.438, 2.898, 3.382, 3.362, 4.68, 3.749, 3.69, 4.36, 6.06], [6.828, 5.017, 3.333, 2.918, 3.176, 3.356, 3.688, 4.669, 6.674, 7.383, 5.534, 3.831, 2.795, 2.183, 1.658, 0.0, 2.947, 2.37, 2.295, 1.756, 2.91, 3.52, 4.407, 4.531, 4.97, 4.925, 5.479, 6.239, 6.729, 6.191, 5.046, 5.266, 5.371, 5.211, 6.703, 7.351, 7.436, 5.221, 4.719, 4.839, 3.888, 3.868, 2.808, 3.517, 2.943, 4.425, 2.603, 3.555, 2.193, 3.361, 6.299, 7.121, 5.98, 5.154, 4.565, 3.515, 3.886, 5.411, 4.099, 3.428, 2.914, 3.381, 3.97, 5.355, 7.204, 7.002, 6.823, 6.906, 6.334, 6.104, 5.659, 3.449, 1.456, 1.814, 2.028, 2.021, 3.447, 3.013, 2.975, 3.046, 2.421, 2.559, 2.845, 2.512, 3.218, 2.737, 1.556, 2.552, 3.782, 4.59, 5.84, 7.126, 7.038, 3.907, 2.416, 2.467, 2.13, 2.824, 3.582, 6.99, 9.467, 10.619, 10.546, 9.324, 8.084, 7.935, 6.285, 5.27, 4.609, 3.947, 3.701, 3.706, 3.135, 3.729, 4.189, 3.679, 3.849, 4.674, 6.743, 10.167, 13.076, 13.426, 12.032, 11.755, 12.186, 13.754, 13.403, 12.628, 12.261, 12.328, 12.928, 14.143, 14.923, 16.03, 16.169, 15.562, 13.989, 13.272, 11.867, 8.226, 6.169, 5.138, 4.451, 3.682, 3.317, 4.22, 5.793, 6.486, 6.454, 5.757, 5.371, 5.283, 5.102, 6.45, 7.94, 7.89, 8.877, 10.61, 9.657, 9.142, 10.459, 11.274, 11.118, 12.101, 11.834, 9.161, 7.988, 8.755, 9.22, 7.521, 5.003, 4.728, 5.17, 7.117, 9.846, 11.136, 12.277, 13.319, 12.994, 11.575, 10.095, 9.331, 8.86, 7.302, 5.405, 6.309, 7.257, 7.025, 6.474, 5.936, 6.228, 6.742, 6.537, 5.692, 5.189, 4.514, 3.404, 2.826, 3.92, 2.786, 3.849, 3.223, 3.058, 3.571, 5.213], [9.432, 7.637, 5.952, 5.558, 5.723, 5.909, 6.279, 7.075, 9.331, 10.079, 8.102, 6.36, 5.055, 4.43, 3.864, 2.947, 0.0, 1.535, 2.633, 2.669, 2.375, 4.208, 6.261, 7.04, 7.532, 7.656, 8.086, 8.88, 9.341, 8.797, 7.721, 8.036, 8.125, 7.959, 9.465, 10.063, 10.165, 7.919, 7.3, 7.402, 6.439, 6.301, 4.717, 3.69, 5.187, 6.918, 5.023, 3.539, 3.974, 5.927, 8.834, 9.719, 8.605, 7.849, 7.263, 6.226, 6.501, 7.971, 6.548, 4.659, 4.534, 5.797, 6.584, 7.942, 9.812, 9.564, 9.382, 9.433, 8.883, 8.705, 8.379, 5.88, 3.765, 4.073, 4.183, 3.087, 2.793, 2.409, 2.577, 2.434, 2.5, 2.619, 2.621, 1.882, 2.057, 1.574, 2.835, 2.43, 2.348, 3.043, 4.137, 4.744, 4.785, 2.987, 2.78, 1.757, 1.956, 4.762, 6.17, 9.669, 11.994, 13.152, 13.098, 11.873, 10.612, 10.479, 9.021, 7.939, 7.008, 6.482, 6.279, 6.269, 5.472, 4.034, 3.775, 3.015, 4.34, 7.034, 9.317, 12.753, 15.626, 16.019, 14.668, 14.437, 14.775, 16.309, 15.95, 15.189, 14.822, 14.89, 15.465, 16.678, 17.476, 18.558, 18.704, 18.101, 16.521, 15.8, 14.402, 10.753, 8.697, 7.71, 7.02, 4.883, 5.226, 6.932, 8.342, 9.138, 9.094, 8.419, 8.026, 7.979, 7.865, 9.117, 10.621, 10.626, 11.608, 13.332, 12.361, 11.821, 13.056, 13.886, 13.715, 14.636, 14.488, 11.807, 10.529, 11.368, 11.869, 10.138, 7.518, 7.256, 7.695, 9.671, 12.381, 13.671, 14.826, 15.947, 15.708, 14.311, 12.847, 12.092, 11.626, 9.978, 7.995, 8.955, 9.894, 9.709, 9.167, 8.616, 8.755, 9.269, 9.065, 8.383, 7.788, 7.045, 4.915, 5.232, 6.623, 5.111, 4.957, 5.05, 3.637, 3.124, 3.693], [8.466, 6.712, 5.057, 4.635, 4.827, 5.017, 5.453, 6.396, 8.357, 8.998, 7.28, 5.482, 4.241, 3.571, 3.39, 2.37, 1.535, 0.0, 1.607, 1.746, 1.849, 3.931, 5.86, 6.301, 6.726, 6.661, 7.082, 7.906, 8.328, 7.794, 6.792, 6.903, 7.011, 6.835, 8.361, 8.983, 9.033, 6.809, 6.316, 6.452, 5.406, 5.367, 3.862, 3.132, 4.343, 6.091, 4.426, 3.558, 3.441, 4.86, 7.887, 8.692, 7.56, 6.766, 6.194, 5.204, 5.41, 6.981, 5.617, 4.129, 3.675, 4.82, 5.654, 6.989, 8.786, 8.589, 8.41, 8.481, 7.921, 7.685, 7.28, 5.175, 3.269, 3.57, 3.804, 3.028, 2.847, 2.395, 2.387, 2.483, 2.189, 2.272, 2.353, 1.642, 1.901, 1.808, 2.229, 1.962, 2.493, 3.37, 4.452, 5.405, 5.322, 3.154, 2.315, 1.811, 1.962, 4.359, 5.721, 8.695, 11.092, 12.207, 12.251, 11.021, 9.725, 9.631, 8.128, 7.218, 6.46, 5.664, 5.314, 5.355, 4.621, 3.395, 3.99, 3.341, 3.883, 6.349, 8.348, 11.748, 14.669, 15.029, 13.621, 13.353, 13.774, 15.353, 14.99, 14.22, 13.853, 13.92, 14.499, 15.73, 16.494, 17.633, 17.756, 17.153, 15.573, 14.835, 13.454, 9.821, 7.795, 6.804, 6.255, 4.075, 4.367, 5.902, 7.38, 8.074, 8.015, 7.329, 6.978, 7.025, 6.801, 8.185, 9.719, 9.636, 10.656, 12.369, 11.453, 10.755, 12.04, 12.865, 12.703, 13.688, 13.394, 10.758, 9.687, 10.42, 10.826, 9.092, 6.587, 6.328, 6.76, 8.701, 11.433, 12.723, 13.869, 14.906, 14.613, 13.21, 11.698, 10.975, 10.505, 9.1, 7.117, 7.889, 8.843, 8.642, 8.115, 7.552, 7.786, 8.317, 8.097, 7.293, 6.831, 6.084, 3.888, 4.186, 5.55, 4.016, 4.222, 4.028, 2.896, 2.434, 3.675], [7.482, 5.672, 3.966, 3.873, 4.192, 4.191, 4.829, 5.921, 7.552, 8.083, 6.697, 4.656, 3.375, 2.763, 3.165, 2.295, 2.633, 1.607, 0.0, 1.54, 2.113, 3.68, 5.304, 5.73, 6.311, 6.202, 6.596, 7.2, 7.492, 7.003, 6.276, 5.856, 5.915, 5.869, 7.013, 7.663, 8.076, 5.907, 5.567, 5.496, 4.43, 4.397, 3.084, 3.153, 3.675, 5.417, 3.782, 3.715, 2.872, 3.95, 6.944, 7.749, 6.596, 5.661, 5.156, 4.415, 4.359, 5.959, 4.466, 3.633, 3.057, 3.788, 4.634, 5.98, 7.813, 7.626, 7.447, 7.517, 6.958, 6.744, 6.5, 4.658, 3.04, 3.272, 3.538, 3.06, 2.983, 2.916, 2.686, 2.655, 2.079, 2.319, 2.31, 2.045, 2.809, 2.756, 2.021, 1.852, 3.393, 4.367, 5.309, 6.769, 6.592, 3.885, 2.671, 2.457, 2.511, 4.098, 5.474, 7.822, 10.218, 11.226, 11.266, 10.111, 8.851, 8.687, 7.242, 6.425, 5.802, 4.85, 4.54, 4.553, 3.826, 3.817, 4.391, 3.922, 4.094, 5.563, 7.366, 10.781, 13.672, 13.882, 12.657, 12.32, 12.733, 14.345, 13.967, 13.238, 12.877, 12.949, 13.524, 14.763, 15.53, 16.651, 16.79, 16.183, 14.609, 13.872, 12.49, 8.825, 6.834, 5.857, 5.29, 3.522, 3.631, 4.869, 6.394, 7.11, 7.056, 6.286, 6.269, 6.214, 5.862, 7.463, 8.846, 8.737, 9.673, 11.409, 10.446, 9.796, 11.153, 11.862, 11.901, 12.725, 12.416, 9.758, 8.684, 9.435, 9.724, 8.125, 5.607, 5.343, 5.838, 7.873, 10.469, 11.76, 12.898, 13.943, 13.625, 12.08, 10.468, 9.716, 9.231, 8.366, 6.339, 6.756, 7.783, 7.454, 6.958, 6.484, 6.822, 7.356, 7.133, 6.368, 5.971, 5.21, 3.339, 3.383, 4.588, 3.263, 3.474, 3.186, 2.684, 2.912, 4.323], [7.365, 5.558, 3.819, 3.492, 3.718, 3.858, 4.257, 5.153, 7.094, 7.93, 6.104, 4.658, 3.495, 2.68, 2.7, 1.756, 2.669, 1.746, 1.54, 0.0, 1.686, 3.313, 4.871, 5.092, 5.509, 5.522, 6.076, 6.743, 7.3, 6.731, 5.571, 5.637, 5.796, 5.612, 7.038, 7.706, 7.911, 5.68, 5.264, 5.383, 4.369, 4.346, 3.01, 3.278, 3.777, 5.385, 3.831, 3.926, 3.098, 3.803, 6.843, 7.649, 6.517, 5.607, 5.113, 4.015, 4.291, 5.891, 4.506, 3.067, 2.544, 3.682, 4.528, 5.932, 7.752, 7.547, 7.367, 7.438, 6.878, 6.64, 6.189, 4.061, 2.361, 2.558, 2.575, 2.345, 2.593, 2.361, 2.141, 2.193, 1.746, 1.817, 1.942, 1.735, 2.595, 2.345, 1.781, 1.907, 3.264, 4.072, 5.33, 6.758, 6.749, 3.756, 2.765, 2.317, 2.176, 3.961, 4.821, 7.622, 10.007, 11.154, 11.144, 9.917, 8.617, 8.5, 6.995, 6.33, 5.685, 4.673, 4.407, 4.543, 3.852, 3.976, 4.52, 3.933, 4.379, 5.532, 7.293, 10.701, 13.591, 13.912, 12.568, 12.234, 12.654, 14.28, 13.914, 13.16, 12.796, 12.869, 13.446, 14.687, 15.451, 16.589, 16.712, 16.104, 14.53, 13.792, 12.411, 8.771, 6.773, 5.764, 5.12, 3.772, 3.647, 4.808, 6.315, 7.03, 6.968, 6.206, 5.851, 5.807, 5.575, 6.838, 8.218, 8.15, 9.204, 10.883, 10.031, 9.604, 10.957, 11.675, 11.661, 12.645, 12.37, 9.717, 8.585, 9.337, 9.661, 8.063, 5.633, 5.246, 5.703, 7.663, 10.39, 11.68, 12.808, 13.863, 13.527, 12.075, 10.466, 9.673, 9.202, 7.763, 5.803, 6.731, 7.728, 7.355, 6.887, 6.432, 6.744, 7.274, 7.066, 6.272, 5.871, 5.103, 3.117, 2.898, 4.325, 2.943, 3.255, 2.999, 2.504, 2.487, 4.061], [8.334, 6.564, 4.804, 4.531, 4.654, 4.771, 5.063, 5.728, 7.842, 8.729, 6.851, 5.881, 4.609, 3.814, 3.669, 2.91, 2.375, 1.849, 2.113, 1.686, 0.0, 3.112, 5.242, 5.728, 6.048, 6.25, 6.688, 7.478, 8.103, 7.56, 6.447, 6.505, 6.713, 6.588, 7.982, 8.739, 8.897, 6.677, 6.112, 6.259, 5.266, 5.241, 4.196, 3.401, 4.962, 6.619, 5.165, 4.422, 4.363, 4.728, 7.679, 8.527, 7.397, 6.625, 6.129, 5.028, 5.292, 6.792, 5.326, 3.394, 3.389, 4.67, 5.548, 6.867, 8.648, 8.401, 8.209, 8.307, 7.733, 7.469, 7.134, 4.802, 3.341, 3.409, 3.382, 2.687, 1.97, 1.672, 1.258, 1.519, 1.695, 1.781, 1.605, 1.273, 1.972, 1.922, 2.814, 2.008, 3.1, 3.998, 5.134, 6.093, 6.228, 3.922, 3.488, 2.577, 2.714, 5.183, 5.882, 8.691, 10.956, 12.09, 12.118, 10.909, 9.586, 9.51, 8.123, 7.609, 6.97, 5.836, 5.653, 5.828, 5.168, 4.715, 4.859, 4.232, 5.299, 6.835, 8.175, 11.533, 14.436, 14.645, 13.397, 13.16, 13.517, 15.144, 14.75, 14.016, 13.649, 13.716, 14.306, 15.522, 16.33, 17.494, 17.542, 16.939, 15.387, 14.673, 13.246, 9.694, 7.831, 6.764, 6.22, 4.815, 4.916, 5.812, 7.166, 7.91, 7.887, 7.174, 6.777, 6.474, 6.411, 7.421, 8.942, 8.966, 9.948, 11.619, 10.661, 10.388, 11.829, 12.574, 12.484, 13.484, 13.311, 10.667, 9.56, 10.308, 10.643, 8.974, 6.764, 6.227, 6.54, 8.529, 11.229, 12.51, 13.664, 14.708, 14.474, 12.945, 11.385, 10.671, 10.135, 8.442, 6.775, 7.659, 8.62, 8.434, 7.913, 7.355, 7.632, 8.14, 7.958, 7.171, 6.935, 6.108, 3.767, 3.919, 5.298, 3.871, 3.516, 3.755, 2.609, 1.961, 2.583], [7.202, 5.727, 4.684, 4.537, 4.056, 4.235, 4.165, 4.546, 6.655, 7.673, 5.943, 6.071, 5.279, 4.489, 4.067, 3.52, 4.208, 3.931, 3.68, 3.313, 3.112, 0.0, 3.161, 4.27, 4.654, 5.037, 5.367, 6.219, 6.81, 6.254, 5.215, 5.183, 5.55, 5.747, 6.762, 7.597, 7.697, 5.484, 4.831, 5.13, 4.422, 4.585, 4.997, 6.065, 5.483, 6.631, 5.473, 6.486, 5.238, 4.74, 6.39, 7.283, 6.176, 5.442, 4.961, 3.996, 4.144, 5.581, 4.313, 3.707, 3.129, 3.622, 4.438, 5.674, 7.45, 7.12, 6.934, 7.019, 6.448, 6.192, 5.88, 4.193, 3.254, 3.055, 2.827, 2.252, 2.738, 2.957, 2.881, 2.534, 2.222, 2.101, 2.061, 3.051, 4.823, 4.442, 4.281, 4.543, 6.07, 6.971, 8.096, 8.919, 8.814, 6.628, 5.342, 5.026, 4.713, 5.817, 5.933, 8.093, 9.878, 10.908, 10.951, 9.991, 8.757, 8.908, 8.03, 7.845, 6.97, 5.927, 5.807, 6.065, 5.958, 6.426, 7.167, 6.622, 6.87, 7.446, 7.197, 10.248, 13.112, 13.36, 12.11, 11.94, 12.313, 13.857, 13.451, 12.69, 12.327, 12.397, 13.0, 14.234, 15.081, 16.255, 16.238, 15.618, 14.074, 13.381, 11.935, 8.56, 7.415, 6.451, 6.045, 6.232, 6.037, 5.392, 5.883, 6.641, 6.647, 5.935, 5.561, 5.25, 5.396, 6.105, 7.744, 7.782, 8.671, 10.268, 9.223, 9.169, 10.584, 11.361, 11.181, 12.206, 12.109, 9.472, 8.405, 9.159, 9.468, 7.959, 6.933, 5.687, 5.288, 7.366, 9.916, 11.197, 12.332, 13.44, 13.205, 11.675, 10.122, 9.471, 8.902, 7.209, 5.596, 6.457, 7.372, 7.234, 6.736, 6.176, 6.439, 7.067, 6.838, 6.635, 6.771, 6.064, 4.638, 3.777, 4.269, 3.428, 4.181, 4.047, 4.321, 4.525, 3.858], [5.14, 4.633, 4.55, 4.193, 3.568, 3.509, 3.055, 2.844, 4.88, 5.66, 4.329, 5.182, 5.296, 4.746, 3.746, 4.407, 6.261, 5.86, 5.304, 4.871, 5.242, 3.161, 0.0, 1.585, 2.519, 2.995, 3.183, 3.889, 4.464, 3.886, 3.041, 3.151, 3.549, 3.894, 4.495, 4.72, 4.921, 2.825, 3.044, 4.042, 4.397, 4.645, 5.893, 7.553, 6.371, 5.684, 5.925, 7.812, 5.867, 4.028, 4.08, 4.679, 3.714, 3.348, 3.769, 3.298, 3.671, 3.975, 4.321, 4.953, 4.184, 3.404, 3.682, 3.434, 4.738, 4.462, 4.294, 4.396, 4.035, 3.503, 3.478, 3.145, 3.801, 3.032, 3.275, 4.077, 5.302, 5.078, 4.881, 4.879, 4.206, 4.077, 4.36, 5.274, 6.78, 6.316, 5.603, 6.333, 7.894, 8.77, 9.943, 10.992, 10.909, 8.179, 6.459, 6.596, 6.143, 5.641, 4.652, 6.537, 7.516, 8.388, 8.437, 7.736, 6.934, 7.413, 6.605, 6.93, 6.234, 5.381, 5.302, 5.672, 6.232, 7.381, 8.327, 8.015, 7.595, 7.084, 5.704, 7.483, 10.345, 10.556, 9.331, 9.111, 9.554, 11.121, 10.628, 9.912, 9.54, 9.645, 10.296, 11.532, 12.405, 13.588, 13.529, 12.887, 11.357, 10.675, 9.254, 6.789, 6.023, 5.26, 5.611, 6.774, 6.615, 4.763, 3.898, 4.164, 4.046, 3.808, 3.336, 3.209, 3.736, 4.099, 4.993, 4.951, 5.752, 7.457, 6.45, 6.401, 7.861, 8.436, 8.457, 9.511, 9.342, 6.995, 6.128, 6.725, 6.974, 6.248, 5.932, 4.75, 3.371, 5.113, 7.347, 8.471, 9.584, 10.642, 10.327, 8.851, 7.312, 6.596, 5.874, 4.521, 2.964, 3.929, 4.732, 4.942, 4.717, 4.41, 4.623, 5.494, 5.275, 5.318, 5.54, 5.739, 5.37, 4.18, 3.72, 4.115, 5.234, 5.056, 5.596, 6.169, 6.344], [3.894, 3.862, 4.104, 3.755, 3.02, 3.013, 2.347, 1.874, 3.585, 4.4, 3.053, 4.295, 4.832, 4.514, 3.649, 4.531, 7.04, 6.301, 5.73, 5.092, 5.728, 4.27, 1.585, 0.0, 1.383, 1.704, 2.011, 2.586, 3.156, 2.596, 1.68, 1.791, 2.398, 2.619, 3.168, 3.499, 3.735, 1.797, 2.104, 3.425, 4.013, 4.246, 5.578, 7.457, 6.073, 5.282, 5.723, 7.615, 5.69, 3.525, 2.689, 3.451, 2.82, 2.79, 3.213, 3.045, 3.357, 3.415, 4.056, 4.942, 4.184, 3.325, 3.422, 2.666, 3.717, 3.269, 3.21, 3.49, 3.31, 2.721, 2.296, 2.448, 3.563, 3.311, 3.738, 5.14, 6.465, 5.806, 5.533, 5.742, 5.172, 5.145, 5.467, 6.068, 7.22, 6.803, 5.506, 6.559, 8.146, 8.897, 10.208, 11.446, 11.478, 8.251, 6.11, 6.655, 6.391, 5.219, 3.827, 5.259, 6.419, 7.286, 7.332, 6.588, 5.63, 6.103, 5.648, 6.083, 5.445, 4.67, 4.615, 5.018, 5.749, 6.964, 8.024, 7.939, 7.163, 6.386, 4.686, 6.34, 9.214, 9.462, 8.182, 7.906, 8.37, 9.965, 9.534, 8.784, 8.434, 8.501, 9.116, 10.348, 11.238, 12.413, 12.353, 11.739, 10.195, 9.498, 8.085, 5.473, 4.818, 4.458, 4.94, 6.268, 6.149, 4.125, 2.884, 3.108, 3.07, 2.841, 2.179, 1.93, 2.634, 2.853, 3.912, 3.863, 4.701, 6.401, 5.411, 5.249, 6.681, 7.262, 7.297, 8.326, 8.16, 5.723, 4.962, 5.514, 5.656, 4.936, 5.138, 4.13, 2.239, 3.797, 6.121, 7.317, 8.449, 9.5, 9.195, 7.712, 6.128, 5.404, 4.754, 3.389, 1.915, 2.828, 3.543, 3.538, 3.678, 3.399, 3.362, 4.224, 4.294, 4.486, 4.807, 5.159, 5.015, 3.814, 3.365, 4.165, 5.263, 4.904, 5.565, 6.331, 7.387], [3.556, 3.95, 4.372, 4.011, 3.263, 3.283, 2.543, 1.822, 2.683, 3.437, 2.295, 3.868, 5.093, 4.874, 4.082, 4.97, 7.532, 6.726, 6.311, 5.509, 6.048, 4.654, 2.519, 1.383, 0.0, 1.005, 1.181, 1.863, 2.401, 2.272, 1.25, 1.447, 1.99, 2.11, 2.865, 3.297, 3.304, 1.995, 2.336, 3.84, 4.29, 4.519, 5.848, 7.73, 6.343, 5.543, 5.995, 7.888, 5.954, 3.778, 2.226, 3.069, 3.045, 3.39, 3.635, 3.425, 3.864, 3.873, 4.624, 5.282, 4.534, 3.882, 4.009, 3.186, 3.458, 3.161, 3.337, 3.496, 3.34, 2.756, 1.991, 2.654, 4.051, 3.646, 3.924, 5.478, 6.934, 6.315, 5.964, 6.133, 5.637, 5.566, 5.905, 6.451, 7.595, 7.131, 5.763, 6.909, 8.479, 9.121, 10.492, 11.882, 11.917, 8.505, 6.444, 7.036, 6.699, 5.485, 3.45, 4.213, 5.677, 6.661, 6.705, 5.802, 4.668, 5.19, 5.033, 5.69, 5.125, 4.714, 4.731, 5.174, 6.025, 7.233, 8.314, 8.2, 7.419, 6.269, 4.055, 5.772, 8.63, 8.848, 7.61, 7.388, 7.841, 9.4, 8.944, 8.187, 7.832, 7.908, 8.568, 9.784, 10.691, 11.866, 11.796, 11.173, 9.634, 8.936, 7.534, 4.445, 4.179, 4.214, 4.94, 6.589, 6.416, 4.403, 3.436, 3.437, 3.306, 3.195, 2.139, 1.59, 2.414, 2.232, 3.366, 3.338, 4.211, 5.902, 4.912, 4.715, 6.12, 6.826, 6.739, 7.77, 7.613, 4.997, 4.698, 5.015, 5.07, 4.191, 5.04, 4.376, 2.487, 2.998, 5.478, 6.75, 7.848, 8.919, 8.632, 7.136, 5.74, 5.025, 4.421, 3.364, 2.218, 3.185, 3.435, 3.665, 3.44, 3.155, 3.165, 3.564, 3.897, 4.259, 4.693, 5.223, 5.209, 4.173, 3.688, 4.43, 5.618, 5.197, 5.871, 6.595, 7.806], [3.491, 3.584, 4.067, 3.693, 2.894, 3.061, 2.441, 1.875, 2.682, 3.014, 2.241, 3.605, 4.882, 4.628, 4.027, 4.925, 7.656, 6.661, 6.202, 5.522, 6.25, 5.037, 2.995, 1.704, 1.005, 0.0, 0.914, 1.576, 2.085, 1.891, 1.153, 1.555, 1.776, 1.9, 2.623, 2.891, 2.93, 2.014, 2.282, 3.609, 3.969, 4.244, 5.565, 7.531, 6.03, 5.178, 5.799, 7.701, 5.801, 3.6, 1.983, 2.658, 2.904, 3.329, 3.49, 3.325, 3.881, 3.693, 4.612, 5.269, 4.581, 3.94, 4.03, 3.068, 3.083, 2.714, 3.08, 3.309, 3.164, 2.434, 1.635, 2.448, 4.018, 3.749, 4.174, 5.811, 7.257, 6.487, 6.204, 6.412, 5.865, 5.814, 6.22, 6.698, 7.736, 7.377, 5.663, 6.786, 8.342, 9.051, 10.363, 11.891, 11.881, 8.401, 6.121, 6.872, 6.637, 5.173, 3.397, 3.827, 5.375, 6.376, 6.41, 5.481, 4.343, 4.807, 4.811, 5.45, 4.854, 4.311, 4.333, 4.739, 5.599, 6.835, 8.041, 8.065, 7.05, 5.917, 3.964, 5.485, 8.325, 8.594, 7.316, 7.057, 7.496, 9.05, 8.636, 7.891, 7.539, 7.617, 8.246, 9.493, 10.356, 11.505, 11.493, 10.877, 9.344, 8.647, 7.214, 4.065, 3.966, 3.896, 4.541, 6.2, 5.975, 3.995, 3.337, 3.21, 3.1, 2.973, 2.187, 1.673, 2.187, 2.419, 3.407, 3.234, 4.094, 5.781, 4.853, 4.435, 5.803, 6.579, 6.435, 7.458, 7.256, 4.69, 4.511, 4.873, 4.778, 3.991, 4.64, 3.959, 2.226, 2.741, 5.181, 6.456, 7.557, 8.63, 8.335, 6.869, 5.449, 4.72, 4.18, 2.961, 2.13, 2.965, 3.367, 3.505, 3.353, 2.946, 2.906, 3.431, 3.811, 3.934, 4.32, 4.793, 4.874, 3.927, 3.473, 4.39, 5.586, 4.979, 5.712, 6.484, 8.1], [3.324, 3.703, 4.203, 3.981, 3.149, 3.278, 2.833, 1.965, 2.458, 2.662, 2.235, 3.753, 5.121, 5.004, 4.525, 5.479, 8.086, 7.082, 6.596, 6.076, 6.688, 5.367, 3.183, 2.011, 1.181, 0.914, 0.0, 1.351, 1.771, 1.611, 1.372, 1.637, 1.778, 1.866, 2.458, 2.58, 2.687, 2.264, 2.369, 3.733, 4.193, 4.368, 5.764, 7.746, 6.237, 5.383, 6.031, 7.957, 6.075, 3.902, 1.866, 2.289, 2.83, 3.457, 3.674, 3.541, 4.033, 3.708, 4.61, 5.401, 4.791, 4.046, 4.185, 3.083, 2.867, 2.493, 2.978, 3.227, 3.148, 2.365, 1.495, 2.547, 4.552, 4.144, 4.634, 6.186, 7.653, 6.945, 6.625, 6.826, 6.275, 6.317, 6.622, 7.138, 8.193, 7.846, 6.078, 7.2, 8.862, 9.518, 10.789, 12.34, 12.227, 8.79, 6.505, 7.306, 7.193, 5.498, 3.685, 3.61, 4.952, 5.971, 5.994, 5.051, 4.047, 4.663, 4.744, 5.427, 4.867, 4.529, 4.553, 4.86, 5.811, 7.033, 8.281, 8.358, 7.278, 5.944, 3.827, 5.037, 7.91, 8.099, 6.884, 6.698, 7.111, 8.681, 8.214, 7.464, 7.106, 7.18, 7.839, 9.082, 9.947, 11.131, 11.074, 10.441, 8.908, 8.229, 6.795, 3.85, 3.865, 3.931, 4.548, 6.361, 6.173, 4.238, 3.421, 3.121, 3.019, 2.919, 2.247, 1.714, 2.21, 2.277, 3.095, 2.919, 3.792, 5.482, 4.543, 3.972, 5.406, 6.126, 6.005, 7.053, 6.893, 4.399, 4.298, 4.552, 4.43, 3.758, 4.692, 4.169, 2.282, 2.435, 4.749, 6.025, 7.132, 8.196, 7.923, 6.413, 5.032, 4.325, 3.773, 2.933, 2.186, 2.939, 3.205, 3.476, 3.333, 2.955, 2.846, 3.312, 3.722, 4.009, 4.359, 4.817, 4.994, 4.225, 3.616, 4.723, 5.936, 5.146, 5.954, 6.965, 8.531], [3.195, 3.825, 4.303, 4.049, 3.405, 3.444, 2.913, 2.446, 2.058, 2.212, 1.921, 3.742, 5.43, 5.484, 5.244, 6.239, 8.88, 7.906, 7.2, 6.743, 7.478, 6.219, 3.889, 2.586, 1.863, 1.576, 1.351, 0.0, 1.068, 1.255, 1.618, 1.693, 1.729, 1.85, 2.092, 1.914, 1.814, 2.205, 2.346, 3.616, 4.323, 4.413, 5.904, 7.928, 6.335, 5.443, 6.182, 8.135, 6.495, 4.13, 1.501, 1.91, 2.646, 3.335, 3.64, 3.592, 4.009, 3.545, 4.518, 5.492, 4.868, 4.049, 4.118, 2.911, 2.1, 1.818, 2.536, 2.792, 2.833, 2.018, 1.312, 3.228, 5.221, 4.995, 5.38, 7.083, 8.565, 7.73, 7.45, 7.649, 7.098, 7.244, 7.481, 7.904, 8.964, 8.713, 6.538, 7.665, 9.23, 9.788, 11.279, 13.088, 13.044, 9.037, 6.986, 7.801, 7.673, 5.54, 3.73, 3.241, 4.198, 5.11, 5.15, 4.332, 3.617, 4.324, 4.753, 5.453, 4.947, 4.618, 4.632, 4.999, 5.949, 7.142, 8.48, 8.557, 7.398, 6.104, 3.711, 4.075, 6.989, 7.201, 5.953, 5.788, 6.149, 7.736, 7.324, 6.552, 6.206, 6.276, 6.907, 8.107, 8.996, 10.14, 10.106, 9.493, 7.938, 7.236, 5.823, 3.368, 3.766, 4.022, 4.79, 6.509, 6.314, 4.337, 3.223, 3.022, 2.8, 2.806, 1.955, 1.857, 2.413, 2.267, 2.56, 2.203, 2.895, 4.592, 3.677, 3.107, 4.429, 5.166, 5.03, 6.086, 5.951, 3.719, 4.1, 4.014, 3.792, 3.565, 4.89, 4.237, 2.222, 1.732, 3.836, 5.05, 6.199, 7.25, 7.011, 5.483, 4.127, 3.404, 2.861, 2.334, 2.075, 2.719, 3.067, 3.259, 3.255, 2.993, 2.958, 3.212, 3.643, 4.173, 4.601, 5.107, 5.156, 4.416, 3.692, 4.898