[[0.0, 0.861, 1.492, 2.722, 2.649, 3.32, 4.716, 3.843, 3.359, 3.321, 3.386, 5.03, 9.939, 10.288, 7.668, 9.458, 13.332, 14.746, 16.353, 16.729, 16.154, 12.543, 11.634, 14.582, 15.459, 9.67, 4.655, 4.471, 5.222, 5.721, 5.578, 5.831, 7.639, 8.17, 6.146, 5.259, 5.044, 5.078, 6.98, 9.288, 8.997, 8.873, 9.448, 8.207, 6.701, 6.713, 7.185, 8.617, 9.696, 10.737, 11.208, 10.389, 9.231, 9.817, 9.448, 7.001, 5.501, 5.901, 6.401, 5.378, 4.598, 6.066, 6.42, 6.811, 6.927, 6.618, 6.917, 6.792, 6.852, 7.331, 6.785, 6.1, 6.627, 6.786, 8.005, 8.783, 7.459, 5.8, 6.167, 6.285, 5.844, 5.368, 7.397, 9.298, 10.139, 10.188, 13.006, 13.219, 8.331, 7.069, 5.788, 3.977, 3.587, 4.476, 5.997, 6.156, 4.449, 3.132, 3.924, 4.664, 4.755, 5.103, 4.956, 4.549, 4.978, 4.298, 2.78, 2.587, 2.626, 2.066, 3.536, 4.505, 3.136, 2.941, 3.163, 3.124, 4.377, 4.9, 6.815, 9.884, 11.467, 12.315, 10.437, 9.268, 11.666, 14.709, 17.318, 17.092, 14.847, 14.543, 15.04, 14.805, 13.59, 12.538, 12.238, 13.659, 13.696, 11.011, 9.691, 9.973, 9.027, 6.017, 4.125, 4.153, 4.258, 4.159], [0.861, 0.0, 1.507, 2.613, 2.519, 3.267, 4.671, 3.916, 3.495, 3.493, 3.493, 5.11, 10.111, 10.474, 7.854, 9.644, 13.492, 14.883, 16.53, 16.915, 16.34, 12.743, 11.851, 14.801, 15.678, 9.889, 4.767, 4.502, 5.265, 5.782, 5.651, 5.825, 7.742, 8.247, 6.186, 5.279, 5.014, 5.129, 7.037, 9.373, 9.097, 8.933, 9.535, 8.285, 6.795, 6.799, 7.289, 8.811, 9.915, 10.956, 11.427, 10.566, 9.395, 10.03, 9.648, 7.17, 5.492, 5.86, 6.374, 5.413, 4.691, 6.021, 6.396, 6.752, 6.897, 6.608, 6.913, 6.779, 6.816, 7.306, 6.76, 6.078, 6.554, 6.908, 8.098, 8.891, 7.504, 5.801, 6.289, 6.392, 5.909, 5.348, 7.466, 9.429, 10.284, 10.336, 13.247, 13.383, 8.352, 7.032, 5.758, 3.956, 3.657, 4.456, 5.918, 6.056, 4.459, 3.228, 3.935, 4.758, 4.766, 5.058, 4.649, 4.323, 4.83, 4.18, 2.688, 2.453, 2.64, 1.907, 3.567, 4.606, 3.232, 3.029, 3.304, 3.256, 4.553, 5.119, 7.03, 10.077, 11.686, 12.537, 10.653, 9.455, 11.869, 14.897, 17.504, 17.278, 15.03, 14.729, 15.226, 14.991, 13.776, 12.713, 12.393, 13.852, 13.899, 11.209, 9.863, 10.167, 9.182, 6.199, 4.276, 4.171, 4.263, 4.075], [1.492, 1.507, 0.0, 1.957, 2.006, 2.499, 3.928, 3.148, 2.813, 2.849, 2.827, 4.714, 9.518, 9.857, 7.222, 8.919, 12.877, 14.238, 15.941, 16.3, 15.612, 12.182, 11.267, 14.268, 15.132, 9.302, 4.364, 3.864, 4.527, 4.892, 4.816, 4.892, 7.003, 7.37, 5.188, 4.523, 4.42, 4.148, 6.193, 8.53, 8.312, 8.136, 8.91, 7.731, 6.127, 5.95, 6.466, 8.249, 9.382, 10.372, 10.818, 9.893, 8.711, 9.413, 9.109, 6.571, 4.875, 5.293, 5.655, 4.889, 4.175, 5.712, 6.091, 6.506, 6.539, 6.265, 6.615, 6.624, 6.618, 6.997, 6.404, 6.083, 6.618, 7.11, 8.535, 9.305, 7.758, 5.545, 5.897, 6.029, 5.474, 4.529, 6.852, 8.886, 9.703, 9.742, 12.721, 12.789, 7.592, 6.256, 4.918, 3.214, 3.104, 3.603, 5.234, 5.425, 3.876, 3.026, 4.176, 5.116, 5.251, 5.501, 5.144, 4.913, 5.367, 4.68, 3.166, 2.862, 3.022, 1.476, 2.576, 3.949, 2.559, 2.294, 2.709, 2.891, 4.124, 4.603, 6.469, 9.484, 11.074, 12.012, 10.043, 8.893, 11.344, 14.329, 16.883, 16.528, 14.347, 13.968, 14.489, 14.376, 13.112, 12.04, 11.71, 13.255, 13.373, 10.572, 9.07, 9.599, 8.392, 5.461, 3.69, 3.233, 3.336, 3.466], [2.722, 2.613, 1.957, 0.0, 0.935, 1.189, 2.423, 2.162, 2.295, 2.476, 2.323, 4.213, 8.544, 8.834, 6.359, 8.021, 11.828, 13.225, 14.888, 15.261, 14.686, 11.108, 10.228, 13.178, 14.055, 8.266, 3.829, 3.091, 3.267, 3.614, 3.531, 3.614, 5.862, 6.106, 3.842, 3.326, 2.853, 3.318, 4.936, 7.308, 7.194, 7.017, 7.731, 6.575, 5.029, 4.919, 5.549, 7.189, 8.292, 9.333, 9.804, 8.913, 7.779, 8.402, 7.988, 5.568, 3.443, 3.846, 4.106, 3.445, 3.721, 5.455, 5.85, 6.433, 6.618, 6.739, 7.275, 7.497, 7.278, 7.13, 6.885, 6.587, 7.02, 7.909, 9.157, 9.819, 7.992, 5.307, 5.413, 5.528, 4.764, 3.204, 5.792, 7.82, 8.657, 8.732, 11.643, 11.735, 6.524, 4.696, 3.446, 2.36, 2.632, 2.611, 3.936, 3.82, 2.767, 3.336, 4.869, 5.69, 5.829, 6.262, 6.204, 5.873, 6.362, 5.691, 3.994, 3.774, 3.853, 2.353, 2.065, 3.154, 2.142, 1.812, 2.457, 3.649, 4.37, 4.264, 5.407, 8.47, 10.063, 10.917, 9.029, 7.827, 10.249, 13.25, 15.861, 15.64, 13.386, 13.102, 13.582, 13.341, 12.121, 11.118, 10.765, 12.204, 12.278, 9.583, 8.353, 8.542, 7.527, 4.714, 2.517, 2.543, 2.254, 2.751], [2.649, 2.519, 2.006, 0.935, 0.0, 1.187, 2.657, 2.441, 2.56, 2.497, 2.551, 4.477, 8.839, 9.26, 6.898, 8.459, 12.259, 13.602, 15.271, 15.644, 15.073, 11.513, 10.62, 13.599, 14.462, 8.658, 4.032, 3.212, 3.772, 4.152, 4.054, 4.08, 6.348, 6.646, 4.355, 3.602, 3.151, 3.635, 5.462, 7.838, 7.686, 7.51, 8.258, 7.085, 5.487, 5.355, 5.978, 7.602, 8.712, 9.725, 10.207, 9.325, 8.227, 8.799, 8.397, 5.983, 3.576, 3.751, 4.262, 3.278, 3.402, 5.094, 5.47, 6.069, 6.3, 6.392, 6.946, 7.15, 6.966, 6.737, 6.525, 6.35, 6.64, 7.554, 8.753, 9.349, 7.673, 4.967, 5.138, 5.256, 4.573, 3.548, 6.225, 8.264, 9.043, 9.157, 12.089, 12.16, 6.994, 4.935, 3.748, 2.399, 2.518, 2.638, 3.947, 3.817, 2.58, 2.96, 4.546, 5.274, 5.348, 5.783, 5.776, 5.503, 5.984, 5.303, 3.708, 3.551, 3.677, 2.298, 2.429, 3.507, 2.376, 1.87, 2.457, 3.743, 4.626, 4.498, 5.814, 8.884, 10.455, 11.347, 9.422, 8.235, 10.674, 13.664, 16.231, 16.028, 13.777, 13.49, 13.97, 13.722, 12.56, 11.592, 11.145, 12.629, 12.703, 10.052, 8.863, 8.983, 7.879, 5.198, 3.067, 2.696, 2.476, 2.499], [3.32, 3.267, 2.499, 1.189, 1.187, 0.0, 1.908, 2.129, 2.373, 2.517, 2.859, 4.69, 8.548, 8.722, 6.586, 8.133, 11.685, 13.071, 14.718, 15.104, 14.554, 10.91, 9.964, 12.966, 13.827, 7.992, 3.681, 2.85, 3.036, 3.399, 3.325, 3.388, 5.595, 5.891, 3.579, 3.081, 2.697, 3.037, 4.709, 7.088, 6.89, 6.675, 7.555, 6.421, 4.86, 4.727, 5.478, 6.947, 8.079, 9.095, 9.653, 8.641, 7.745, 8.091, 7.761, 5.23, 2.792, 3.246, 3.468, 2.803, 3.187, 4.889, 5.434, 6.2, 6.459, 6.779, 7.322, 7.674, 7.53, 6.865, 6.721, 6.622, 6.994, 8.149, 9.335, 9.873, 7.754, 4.808, 4.867, 4.979, 4.257, 3.018, 5.626, 7.614, 8.404, 8.403, 11.421, 11.436, 6.261, 4.0, 2.881, 1.959, 2.236, 1.822, 3.281, 3.28, 2.26, 3.242, 5.043, 5.765, 5.781, 6.309, 6.409, 6.224, 6.728, 6.044, 4.486, 4.075, 4.094, 2.704, 2.252, 3.216, 2.31, 1.93, 2.181, 3.436, 4.38, 3.933, 5.166, 8.195, 9.823, 10.715, 8.74, 7.679, 10.041, 13.084, 15.693, 15.543, 13.294, 13.054, 13.471, 13.196, 12.185, 11.266, 10.84, 12.221, 12.07, 9.591, 8.541, 8.414, 7.469, 4.983, 2.586, 2.228, 1.874, 2.277], [4.716, 4.671, 3.928, 2.423, 2.657, 1.908, 0.0, 1.608, 2.747, 3.236, 3.994, 5.651, 8.051, 7.673, 5.866, 6.914, 10.32, 11.7, 13.334, 13.738, 13.174, 9.518, 8.502, 11.492, 12.356, 6.526, 3.602, 2.618, 1.751, 2.023, 1.738, 1.881, 3.939, 4.214, 2.417, 2.467, 2.733, 2.737, 3.24, 5.402, 5.254, 5.079, 5.926, 4.875, 3.317, 3.244, 4.166, 5.49, 6.612, 7.615, 8.294, 7.431, 6.555, 6.777, 6.393, 3.774, 1.739, 2.091, 2.25, 2.21, 3.824, 5.388, 6.329, 6.915, 7.045, 7.699, 8.631, 9.043, 8.914, 8.004, 7.896, 7.999, 8.388, 9.557, 10.706, 11.24, 8.916, 5.178, 4.64, 4.92, 3.704, 1.795, 4.212, 6.12, 6.998, 7.064, 9.945, 10.001, 4.827, 2.526, 1.723, 2.602, 3.037, 2.158, 2.566, 2.472, 2.678, 4.602, 6.512, 7.202, 7.157, 7.751, 7.883, 7.618, 8.113, 7.435, 5.855, 5.469, 5.481, 4.157, 2.638, 2.648, 3.094, 2.772, 2.787, 4.491, 5.423, 4.899, 4.197, 6.752, 8.487, 9.237, 7.296, 6.309, 8.575, 11.722, 14.24, 14.23, 11.988, 11.748, 12.172, 11.751, 10.898, 10.003, 9.634, 10.931, 10.706, 8.379, 7.367, 7.072, 6.212, 4.388, 2.387, 2.09, 1.776, 2.527], [3.843, 3.916, 3.148, 2.162, 2.441, 2.129, 1.608, 0.0, 1.603, 1.976, 2.624, 4.447, 7.281, 7.045, 4.91, 6.235, 10.058, 11.433, 13.074, 13.457, 12.883, 9.283, 8.413, 11.364, 12.241, 6.459, 3.754, 3.216, 2.291, 2.461, 2.142, 2.268, 4.251, 4.688, 2.872, 3.17, 3.543, 3.214, 3.718, 5.835, 5.621, 5.482, 6.089, 4.914, 3.356, 3.262, 3.804, 5.391, 6.478, 7.519, 8.0, 7.132, 5.993, 6.59, 6.212, 3.845, 2.811, 3.334, 3.543, 3.477, 4.619, 6.053, 6.738, 7.266, 7.38, 7.803, 8.703, 9.11, 8.992, 8.222, 8.011, 8.088, 8.543, 9.671, 10.91, 11.562, 9.63, 5.982, 5.783, 5.972, 4.854, 2.329, 4.125, 6.106, 6.915, 6.982, 9.834, 10.016, 4.908, 3.707, 2.706, 3.05, 3.361, 2.801, 3.75, 3.575, 3.356, 4.84, 6.685, 7.483, 7.57, 8.031, 8.027, 7.688, 8.176, 7.505, 5.864, 5.46, 5.499, 3.872, 1.927, 2.011, 2.05, 1.686, 2.145, 4.165, 4.868, 4.283, 3.928, 6.681, 8.251, 9.096, 7.215, 6.039, 8.431, 11.441, 14.046, 13.82, 11.573, 11.272, 11.768, 11.533, 10.354, 9.333, 8.965, 10.427, 10.462, 7.794, 6.605, 6.725, 5.734, 3.234, 1.575, 2.178, 2.347, 3.329], [3.359, 3.495, 2.813, 2.295, 2.56, 2.373, 2.747, 1.603, 0.0, 0.918, 1.586, 3.615, 7.307, 7.126, 4.654, 6.383, 10.121, 11.564, 13.207, 13.575, 12.969, 9.443, 8.494, 11.459, 12.323, 6.493, 3.127, 3.127, 3.009, 3.227, 3.226, 3.271, 4.886, 5.527, 3.59, 3.608, 3.682, 3.19, 4.331, 6.643, 6.229, 6.136, 6.724, 5.478, 3.983, 3.958, 4.264, 5.503, 6.572, 7.563, 8.018, 7.096, 6.028, 6.616, 6.389, 3.96, 3.714, 4.279, 4.557, 4.011, 4.55, 6.193, 6.803, 7.372, 7.507, 7.834, 8.675, 9.081, 8.959, 8.306, 8.018, 8.102, 8.548, 9.638, 10.837, 11.466, 9.543, 6.116, 6.062, 6.18, 5.334, 3.382, 4.6, 6.405, 7.099, 7.032, 10.027, 10.265, 5.561, 4.934, 3.704, 2.977, 3.436, 2.949, 4.291, 4.491, 3.513, 4.883, 6.558, 7.344, 7.48, 7.918, 7.914, 7.66, 8.148, 7.47, 5.69, 5.29, 5.406, 3.789, 1.454, 1.788, 1.26, 1.085, 1.405, 3.003, 3.743, 3.26, 3.703, 6.735, 8.277, 9.212, 7.243, 6.128, 8.563, 11.573, 14.179, 13.944, 11.675, 11.419, 11.866, 11.659, 10.428, 9.414, 9.095, 10.531, 10.563, 7.844, 6.611, 6.816, 5.756, 3.157, 1.456, 2.263, 2.501, 3.482], [3.321, 3.493, 2.849, 2.476, 2.497, 2.517, 3.236, 1.976, 0.918, 0.0, 1.301, 3.435, 6.975, 7.079, 4.691, 6.26, 10.157, 11.534, 13.192, 13.462, 12.87, 9.347, 8.571, 11.521, 12.398, 6.627, 3.257, 3.281, 3.426, 3.55, 3.59, 3.715, 5.187, 5.722, 3.854, 4.043, 4.035, 3.291, 4.565, 6.844, 6.55, 6.425, 6.918, 5.607, 4.076, 4.03, 4.302, 5.711, 6.635, 7.676, 8.162, 7.239, 6.143, 6.757, 6.34, 4.209, 4.19, 4.75, 5.074, 4.494, 4.687, 6.265, 6.668, 7.289, 7.416, 7.724, 8.62, 8.952, 8.835, 8.158, 7.971, 7.972, 8.375, 9.516, 10.872, 11.536, 9.573, 6.255, 6.147, 6.318, 5.606, 3.663, 4.623, 6.467, 7.106, 7.21, 10.115, 10.49, 5.908, 5.451, 4.204, 3.277, 3.687, 3.235, 4.687, 4.949, 3.76, 4.786, 6.659, 7.462, 7.544, 7.984, 7.95, 7.614, 8.027, 7.348, 5.662, 5.381, 5.471, 3.831, 1.591, 1.837, 1.098, 1.172, 1.449, 2.709, 3.496, 3.029, 3.808, 6.876, 8.412, 9.269, 7.372, 6.242, 8.609, 11.543, 14.066, 13.848, 11.598, 11.272, 11.784, 11.552, 10.382, 9.466, 9.078, 10.508, 10.619, 7.994, 6.815, 6.851, 5.792, 3.071, 1.671, 2.428, 2.813, 3.509], [3.386, 3.493, 2.827, 2.323, 2.551, 2.859, 3.994, 2.624, 1.586, 1.301, 0.0, 2.443, 6.853, 7.214, 4.692, 6.354, 10.277, 11.618, 13.315, 13.584, 12.951, 9.467, 8.714, 11.665, 12.542, 6.753, 3.981, 4.301, 4.183, 4.274, 4.34, 4.458, 5.756, 6.219, 4.49, 4.857, 4.641, 4.254, 5.099, 7.294, 7.012, 6.807, 7.077, 5.841, 4.394, 4.308, 4.475, 5.886, 6.787, 7.82, 8.29, 7.375, 6.247, 6.888, 6.457, 4.66, 4.974, 5.562, 5.823, 5.313, 5.59, 7.267, 7.552, 8.189, 8.225, 8.233, 8.872, 9.064, 8.926, 8.868, 8.436, 8.38, 8.759, 9.491, 10.852, 11.579, 10.004, 7.213, 7.256, 7.378, 6.622, 4.368, 4.699, 6.605, 7.242, 7.34, 10.261, 10.639, 6.543, 6.21, 4.962, 4.051, 4.486, 4.04, 5.562, 5.718, 4.573, 5.121, 6.633, 7.455, 7.584, 7.975, 7.836, 7.546, 7.946, 7.238, 5.619, 5.347, 5.437, 3.852, 2.2, 2.193, 1.559, 1.641, 2.217, 2.826, 3.06, 2.905, 3.919, 6.994, 8.55, 9.4, 7.516, 6.352, 8.739, 11.686, 14.146, 13.911, 11.704, 11.321, 11.873, 11.669, 10.456, 9.537, 9.174, 10.597, 10.763, 8.071, 6.779, 6.99, 5.882, 3.055, 2.144, 3.349, 3.626, 4.487], [5.03, 5.11, 4.714, 4.213, 4.477, 4.69, 5.651, 4.447, 3.615, 3.435, 2.443, 0.0, 5.07, 5.503, 2.948, 4.729, 8.567, 9.924, 11.591, 11.886, 11.314, 7.71, 6.915, 9.865, 10.743, 5.36, 6.07, 6.4, 5.94, 5.374, 5.566, 5.61, 6.542, 6.746, 5.945, 6.84, 6.624, 6.304, 5.801, 7.577, 7.461, 7.062, 7.155, 6.037, 5.018, 4.752, 4.77, 5.181, 5.602, 6.137, 6.513, 5.746, 4.806, 5.238, 4.748, 5.401, 6.807, 7.515, 7.584, 7.348, 7.709, 9.384, 9.744, 10.338, 10.523, 10.421, 10.9, 10.949, 10.922, 11.008, 10.51, 10.355, 10.709, 11.349, 12.462, 13.233, 11.841, 9.295, 9.363, 9.48, 8.702, 6.162, 4.546, 5.703, 6.425, 6.649, 9.148, 9.89, 7.318, 7.569, 6.764, 6.236, 6.55, 6.085, 7.575, 7.628, 6.671, 6.924, 8.424, 9.11, 9.207, 9.524, 9.579, 9.252, 9.675, 9.004, 7.275, 6.92, 6.981, 5.483, 4.386, 3.849, 3.599, 3.754, 4.252, 4.533, 2.878, 2.34, 2.801, 5.324, 6.753, 7.598, 5.855, 5.006, 7.064, 9.916, 12.493, 12.3, 10.031, 9.76, 10.23, 9.954, 8.768, 7.885, 7.514, 8.843, 8.963, 6.357, 5.512, 5.389, 4.533, 2.313, 3.589, 5.457, 5.735, 6.649], [9.939, 10.111, 9.518, 8.544, 8.839, 8.548, 8.051, 7.281, 7.307, 6.975, 6.853, 5.07, 0.0, 1.318, 3.336, 2.735, 4.074, 5.278, 7.086, 7.02, 6.383, 2.749, 2.352, 5.11, 6.02, 5.39, 9.387, 9.6, 8.482, 7.897, 7.481, 7.587, 7.248, 7.479, 8.486, 9.74, 10.01, 9.492, 7.448, 7.031, 7.329, 6.795, 5.946, 5.962, 6.413, 6.266, 5.77, 4.967, 4.364, 3.277, 2.777, 2.349, 2.778, 3.314, 4.055, 6.056, 9.369, 9.795, 9.852, 10.057, 11.184, 12.801, 13.331, 13.931, 14.28, 14.53, 15.375, 15.648, 15.509, 14.939, 14.811, 14.814, 15.093, 16.182, 17.447, 18.04, 15.865, 12.849, 12.444, 12.648, 11.49, 8.728, 5.438, 4.536, 5.314, 5.424, 6.352, 7.568, 7.838, 9.155, 9.199, 9.779, 10.308, 9.516, 10.341, 10.274, 10.075, 11.374, 13.318, 14.029, 13.939, 14.54, 14.61, 14.291, 14.696, 14.022, 12.31, 11.954, 11.969, 10.455, 8.117, 7.017, 7.442, 7.448, 7.589, 8.349, 6.74, 5.765, 4.539, 2.574, 2.707, 3.104, 2.861, 3.507, 3.763, 5.557, 7.719, 7.582, 5.442, 5.059, 5.41, 5.314, 4.427, 3.529, 3.077, 4.303, 4.332, 2.965, 3.312, 3.651, 3.69, 4.698, 6.782, 8.749, 9.054, 9.973], [10.288, 10.474, 9.857, 8.834, 9.26, 8.722, 7.673, 7.045, 7.126, 7.079, 7.214, 5.503, 1.318, 0.0, 2.84, 2.349, 3.457, 4.892, 6.65, 6.57, 5.885, 2.376, 1.833, 4.695, 5.564, 4.99, 8.825, 8.986, 7.957, 7.332, 7.224, 6.993, 6.879, 7.127, 7.947, 9.177, 9.495, 8.907, 6.949, 6.623, 6.984, 6.426, 5.544, 5.521, 6.112, 5.937, 5.195, 4.448, 3.946, 2.827, 2.423, 1.97, 2.238, 2.84, 3.633, 5.73, 8.858, 9.396, 9.476, 9.572, 11.03, 12.619, 13.356, 14.075, 14.069, 14.681, 15.616, 16.0, 15.878, 15.006, 14.869, 14.962, 15.379, 16.564, 17.83, 18.481, 16.279, 12.26, 11.891, 12.122, 10.939, 8.265, 5.069, 4.127, 4.85, 4.897, 6.032, 7.227, 7.271, 8.804, 8.663, 9.406, 10.102, 9.137, 9.808, 9.722, 9.773, 11.692, 13.628, 14.439, 14.461, 14.954, 14.964, 14.622, 15.067, 14.396, 12.667, 12.369, 12.434, 10.826, 8.024, 6.495, 7.464, 7.673, 7.657, 8.597, 7.169, 5.917, 4.191, 2.164, 2.377, 2.691, 2.526, 3.111, 3.402, 4.987, 7.345, 6.938, 4.892, 4.583, 4.876, 4.874, 3.821, 3.079, 2.682, 3.808, 3.811, 2.517, 2.95, 3.069, 3.25, 4.665, 6.689, 8.048, 8.365, 9.462], [7.668, 7.854, 7.222, 6.359, 6.898, 6.586, 5.866, 4.91, 4.654, 4.691, 4.692, 2.948, 3.336, 2.84, 0.0, 2.016, 5.872, 7.328, 9.022, 9.15, 8.499, 4.971, 4.174, 7.135, 8.001, 3.781, 6.932, 7.046, 6.199, 5.549, 5.595, 5.437, 6.017, 5.995, 6.243, 7.386, 7.613, 7.009, 5.281, 6.398, 6.447, 5.829, 5.876, 4.863, 4.695, 4.548, 3.889, 3.925, 3.795, 3.769, 3.886, 3.321, 2.304, 2.832, 3.133, 4.788, 7.145, 7.735, 7.802, 7.785, 9.039, 10.496, 11.189, 11.728, 11.663, 12.1, 12.981, 13.349, 13.226, 12.698, 12.355, 12.362, 12.958, 13.952, 15.341, 16.04, 14.1, 10.303, 9.981, 10.237, 9.124, 6.361, 3.76, 4.091, 4.949, 5.081, 7.325, 8.269, 6.65, 7.416, 6.963, 7.429, 7.832, 7.193, 8.007, 7.894, 7.702, 9.316, 11.073, 11.868, 12.057, 12.428, 12.329, 11.993, 12.416, 11.745, 10.035, 9.808, 9.839, 8.223, 5.548, 4.31, 5.075, 5.335, 5.477, 6.668, 5.062, 3.897, 2.516, 3.111, 4.22, 4.961, 3.356, 3.065, 4.652, 7.231, 9.792, 9.513, 7.292, 7.006, 7.444, 7.252, 6.009, 5.088, 4.784, 6.146, 6.222, 3.811, 3.181, 3.164, 2.643, 2.311, 4.399, 6.104, 6.47, 7.584], [9.458, 9.644, 8.919, 8.021, 8.459, 8.133, 6.914, 6.235, 6.383, 6.26, 6.354, 4.729, 2.735, 2.349, 2.016, 0.0, 4.146, 5.577, 7.348, 7.42, 6.73, 3.3, 2.72, 5.5, 6.346, 3.594, 8.033, 8.244, 6.944, 6.358, 6.21, 6.007, 5.607, 5.453, 6.975, 8.677, 8.908, 8.286, 5.916, 5.256, 5.435, 4.829, 4.666, 4.026, 4.477, 4.323, 3.548, 3.346, 2.619, 2.326, 2.426, 2.55, 1.416, 1.562, 2.182, 4.333, 7.699, 8.226, 7.999, 8.572, 10.547, 12.026, 12.693, 13.346, 13.182, 13.721, 14.656, 15.04, 14.933, 14.216, 13.973, 14.053, 14.567, 15.665, 17.101, 17.777, 15.655, 11.784, 11.157, 11.556, 10.035, 6.638, 3.441, 2.869, 3.566, 3.83, 5.819, 6.806, 5.838, 7.286, 7.889, 8.882, 9.392, 8.683, 8.542, 8.432, 9.17, 11.013, 12.781, 13.687, 13.785, 14.225, 14.005, 13.671, 14.087, 13.416, 11.849, 11.608, 11.703, 10.018, 7.206, 5.682, 6.67, 6.903, 7.037, 8.18, 6.604, 5.426, 3.707, 2.015, 2.631, 3.316, 1.885, 1.765, 3.177, 5.605, 8.056, 7.678, 5.561, 5.152, 5.639, 5.507, 4.354, 3.395, 3.424, 4.577, 4.579, 2.376, 1.897, 2.054, 1.482, 3.562, 5.951, 7.272, 7.729, 8.989], [13.332, 13.492, 12.877, 11.828, 12.259, 11.685, 10.32, 10.058, 10.121, 10.157, 10.277, 8.567, 4.074, 3.457, 5.872, 4.146, 0.0, 1.772, 3.423, 3.602, 3.227, 2.074, 2.901, 2.509, 2.531, 5.913, 10.337, 11.066, 9.996, 9.528, 9.584, 9.184, 7.732, 7.223, 9.907, 11.608, 11.709, 11.276, 8.774, 6.477, 6.81, 6.683, 5.481, 5.915, 7.402, 7.31, 6.477, 5.433, 4.679, 3.348, 2.881, 3.722, 4.387, 3.856, 4.172, 7.153, 10.598, 11.222, 10.423, 11.431, 13.922, 15.509, 16.355, 17.046, 17.045, 17.709, 18.622, 19.029, 18.906, 18.019, 17.897, 17.991, 18.397, 19.589, 20.796, 21.424, 19.177, 15.04, 13.982, 14.62, 13.087, 9.654, 6.421, 4.445, 3.564, 3.523, 3.048, 4.387, 6.092, 9.523, 10.964, 12.311, 12.992, 11.954, 11.207, 11.583, 12.663, 14.683, 16.58, 17.376, 17.396, 17.942, 17.967, 17.628, 18.095, 17.424, 15.629, 15.348, 15.394, 13.799, 11.077, 9.484, 10.542, 10.76, 10.648, 11.377, 10.055, 8.874, 6.988, 3.938, 2.906, 1.92, 3.54, 4.483, 2.356, 1.865, 4.224, 3.988, 1.999, 2.086, 2.453, 2.565, 1.991, 2.474, 3.008, 3.123, 2.858, 2.565, 3.958, 3.479, 4.594, 7.637, 9.68, 10.417, 10.852, 12.244], [14.746, 14.883, 14.238, 13.225, 13.602, 13.071, 11.7, 11.433, 11.564, 11.534, 11.618, 9.924, 5.278, 4.892, 7.328, 5.577, 1.772, 0.0, 1.925, 2.19, 2.088, 2.911, 4.184, 2.438, 2.536, 7.121, 11.628, 12.358, 11.367, 10.939, 10.976, 10.598, 9.036, 8.549, 11.282, 13.018, 13.104, 12.667, 10.158, 7.8, 8.165, 7.933, 6.755, 7.293, 8.752, 8.661, 7.852, 6.777, 6.051, 4.726, 4.14, 4.981, 5.874, 5.229, 5.555, 8.53, 11.993, 12.63, 11.862, 12.863, 15.324, 16.901, 17.765, 18.358, 18.461, 19.11, 20.011, 20.417, 20.301, 19.413, 19.301, 19.461, 19.787, 20.968, 22.248, 22.843, 20.572, 16.463, 15.398, 15.989, 14.43, 10.999, 7.779, 5.723, 4.834, 4.906, 2.992, 4.866, 7.328, 10.906, 12.333, 13.798, 14.422, 13.298, 12.61, 12.95, 13.989, 16.108, 18.071, 18.794, 18.785, 19.302, 19.324, 19.049, 19.518, 18.827, 17.101, 16.739, 16.769, 15.212, 12.443, 10.864, 11.892, 12.12, 11.943, 12.755, 11.431, 10.23, 8.343, 5.301, 3.704, 3.083, 4.917, 5.867, 3.687, 1.243, 2.719, 2.665, 1.487, 1.604, 1.518, 1.618, 1.587, 2.681, 2.964, 2.491, 2.376, 3.869, 5.338, 4.957, 5.95, 9.036, 11.062, 11.735, 12.127, 13.476], [16.353, 16.53, 15.941, 14.888, 15.271, 14.718, 13.334, 13.074, 13.207, 13.192, 13.315, 11.591, 7.086, 6.65, 9.022, 7.348, 3.423, 1.925, 0.0, 1.109, 1.544, 4.625, 5.788, 3.773, 3.327, 8.536, 13.085, 14.023, 12.982, 12.548, 12.587, 12.235, 10.481, 10.05, 12.892, 14.514, 14.574, 14.193, 11.682, 9.244, 9.626, 9.378, 8.183, 8.802, 10.335, 10.268, 9.531, 8.349, 7.589, 6.393, 5.887, 6.624, 7.555, 6.924, 7.154, 10.056, 13.515, 14.139, 13.34, 14.43, 16.99, 18.554, 19.411, 20.039, 20.131, 20.804, 21.71, 22.116, 21.993, 21.083, 20.985, 21.102, 21.469, 22.661, 23.874, 24.499, 22.223, 18.116, 16.915, 17.572, 16.067, 12.683, 9.41, 7.315, 6.426, 6.547, 4.0, 5.234, 8.913, 12.367, 13.927, 15.441, 16.071, 14.947, 14.072, 14.59, 15.64, 17.733, 19.734, 20.454, 20.45, 20.961, 21.048, 20.723, 21.183, 20.512, 18.764, 18.392, 18.436, 16.871, 14.12, 12.491, 13.528, 13.767, 13.593, 14.354, 13.066, 11.867, 9.912, 6.996, 5.47, 4.814, 6.581, 7.551, 5.232, 2.0, 1.363, 1.4, 2.07, 2.529, 2.159, 2.081, 3.162, 4.379, 4.583, 3.314, 3.359, 5.539, 6.998, 6.616, 7.636, 10.703, 12.687, 13.441, 13.771, 15.139], [16.729, 16.915, 16.3, 15.261, 15.644, 15.104, 13.738, 13.457, 13.575, 13.462, 13.584, 11.886, 7.02, 6.57, 9.15, 7.42, 3.602, 2.19, 1.109, 0.0, 1.171, 4.461, 5.925, 3.923, 3.609, 8.996, 13.594, 14.424, 13.377, 12.914, 12.959, 12.629, 10.985, 10.474, 13.299, 14.997, 15.065, 14.662, 12.139, 9.686, 10.14, 9.854, 8.649, 9.219, 10.678, 10.593, 9.844, 8.74, 7.895, 6.582, 6.064, 6.789, 7.827, 7.242, 7.464, 10.524, 13.982, 14.615, 13.837, 14.866, 17.386, 18.931, 19.761, 20.411, 20.424, 21.087, 22.059, 22.402, 22.269, 21.428, 21.296, 21.403, 21.806, 22.966, 24.26, 24.88, 22.618, 18.497, 17.361, 17.98, 16.462, 13.002, 9.702, 7.687, 6.796, 6.942, 4.473, 5.908, 9.358, 12.868, 14.335, 15.816, 16.459, 15.342, 14.583, 14.98, 16.041, 18.109, 20.104, 20.85, 20.846, 21.356, 21.407, 21.076, 21.484, 20.796, 19.1, 18.772, 18.831, 17.251, 14.416, 12.807, 13.89, 14.117, 13.979, 14.762, 13.457, 12.268, 10.309, 7.339, 5.734, 4.935, 6.852, 7.922, 5.602, 2.168, 1.458, 1.311, 2.159, 2.469, 1.979, 2.08, 3.234, 4.451, 4.612, 3.194, 3.377, 5.852, 7.327, 6.855, 7.925, 10.944, 13.082, 13.8, 14.135, 15.522], [16.154, 16.34, 15.612, 14.686, 15.073, 14.554, 13.174, 12.883, 12.969, 12.87, 12.951, 11.314, 6.383, 5.885, 8.499, 6.73, 3.227, 2.088, 1.544, 1.171, 0.0, 3.83, 5.486, 3.748, 3.522, 8.965, 13.467, 14.149, 12.881, 12.396, 12.408, 12.118, 10.848, 10.292, 12.844, 14.603, 14.738, 14.221, 11.651, 9.585, 9.928, 9.785, 8.59, 8.893, 10.188, 10.102, 9.276, 8.41, 7.553, 6.038, 5.491, 6.224, 7.206, 6.804, 7.181, 10.095, 13.491, 14.163, 13.442, 14.503, 16.838, 18.4, 19.177, 19.84, 19.758, 20.402, 21.333, 21.714, 21.614, 20.806, 20.602, 20.783, 21.155, 22.302, 23.69, 24.337, 22.062, 18.026, 17.007, 17.508, 16.024, 12.411, 9.207, 7.437, 6.422, 6.546, 4.393, 6.034, 9.242, 12.605, 13.826, 15.252, 15.904, 14.867, 14.235, 14.451, 15.485, 17.543, 19.487, 20.289, 20.296, 20.796, 20.677, 20.401, 20.807, 20.116, 18.46, 18.228, 18.284, 16.686, 13.794, 12.214, 13.273, 13.483, 13.419, 14.277, 12.901, 11.718, 9.802, 6.796, 5.195, 4.421, 6.366, 7.376, 5.311, 2.185, 1.944, 1.682, 1.739, 1.891, 1.462, 1.597, 2.573, 3.787, 3.978, 2.636, 2.862, 5.276, 6.664, 6.258, 7.238, 10.283, 12.535, 13.149, 13.57, 14.969], [12.543, 12.743, 12.182, 11.108, 11.513, 10.91, 9.518, 9.283, 9.443, 9.347, 9.467, 7.71, 2.749, 2.376, 4.971, 3.3, 2.074, 2.911, 4.625, 4.461, 3.83, 0.0, 1.939, 2.592, 3.525, 5.735, 10.215, 10.671, 9.296, 8.756, 8.73, 8.505, 7.642, 7.176, 9.388, 10.999, 11.213, 10.602, 8.051, 6.332, 6.678, 6.512, 5.383, 5.701, 6.561, 6.595, 6.18, 5.172, 4.104, 2.576, 1.826, 2.72, 3.737, 3.392, 3.971, 6.462, 9.898, 10.539, 9.989, 10.94, 13.201, 14.795, 15.628, 16.254, 16.302, 16.97, 17.941, 18.285, 18.153, 17.304, 17.179, 17.274, 17.687, 18.844, 20.08, 20.657, 18.335, 14.394, 13.459, 13.887, 12.435, 9.069, 5.783, 4.299, 4.055, 3.942, 4.412, 5.979, 6.575, 9.306, 10.221, 11.756, 12.265, 11.193, 10.854, 10.921, 11.795, 13.914, 15.951, 16.653, 16.569, 17.183, 17.289, 16.961, 17.367, 16.678, 14.98, 14.587, 14.585, 13.09, 10.298, 8.665, 9.77, 10.002, 9.783, 10.613, 9.198, 8.02, 6.129, 3.18, 1.998, 1.512, 2.776, 3.736, 2.325, 3.183, 5.188, 5.098, 3.133, 2.739, 3.028, 2.861, 2.168, 1.89, 2.239, 2.496, 2.347, 2.128, 3.218, 2.835, 3.822, 6.828, 8.844, 9.976, 10.261, 11.453], [11.634, 11.851, 11.267, 10.228, 10.62, 9.964, 8.502, 8.413, 8.494, 8.571, 8.714, 6.915, 2.352, 1.833, 4.174, 2.72, 2.901, 4.184, 5.788, 5.925, 5.486, 1.939, 0.0, 3.068, 3.922, 4.13, 8.564, 9.351, 8.279, 7.842, 7.731, 7.577, 6.214, 6.487, 8.31, 9.513, 9.572, 9.081, 6.916, 5.582, 5.744, 5.292, 4.652, 5.139, 6.095, 5.901, 5.483, 4.048, 3.018, 1.98, 1.921, 2.047, 2.787, 2.511, 3.248, 5.013, 8.579, 9.033, 8.616, 9.595, 12.171, 13.791, 14.797, 15.37, 15.523, 16.186, 17.116, 17.523, 17.394, 16.489, 16.387, 16.46, 16.871, 18.043, 19.184, 19.571, 17.088, 13.334, 11.875, 12.494, 11.349, 8.685, 5.195, 3.816, 4.482, 4.369, 4.727, 5.934, 6.736, 8.044, 9.009, 10.701, 11.296, 10.051, 9.656, 10.13, 10.802, 13.032, 14.963, 15.628, 15.491, 16.242, 16.374, 16.101, 16.59, 15.913, 14.133, 13.631, 13.606, 12.156, 9.526, 7.898, 8.932, 9.072, 8.825, 9.082, 7.902, 6.976, 4.872, 2.035, 1.722, 1.722, 1.888, 3.042, 2.368, 4.116, 6.244, 6.395, 4.479, 4.263, 4.563, 4.22, 3.507, 2.884, 2.708, 3.694, 3.064, 2.344, 3.123, 3.155, 3.448, 6.057, 7.887, 9.005, 9.101, 10.371], [14.582, 14.801, 14.268, 13.178, 13.599, 12.966, 11.492, 11.364, 11.459, 11.521, 11.665, 9.865, 5.11, 4.695, 7.135, 5.5, 2.509, 2.438, 3.773, 3.923, 3.748, 2.592, 3.068, 0.0, 1.71, 5.43, 10.414, 11.949, 11.045, 10.642, 10.637, 10.409, 8.158, 8.069, 11.102, 12.265, 12.302, 11.827, 9.46, 6.885, 7.065, 6.938, 5.953, 7.054, 8.575, 8.566, 7.888, 6.112, 5.127, 3.912, 3.551, 4.513, 5.673, 4.932, 5.293, 7.799, 11.067, 11.808, 10.711, 12.431, 15.122, 16.784, 17.729, 18.306, 18.474, 19.143, 20.067, 20.473, 20.35, 19.439, 19.34, 19.418, 19.809, 20.993, 22.102, 22.454, 19.954, 16.248, 14.612, 15.421, 14.262, 11.035, 7.76, 5.585, 5.264, 4.939, 3.652, 4.878, 7.367, 10.165, 11.917, 13.644, 14.238, 13.034, 12.135, 12.785, 13.786, 15.967, 17.868, 18.529, 18.459, 19.244, 19.371, 19.052, 19.54, 18.869, 17.051, 16.619, 16.558, 15.122, 12.477, 10.849, 11.883, 12.074, 11.826, 11.923, 10.763, 9.884, 7.8, 4.858, 3.269, 2.355, 4.315, 5.474, 3.012, 2.599, 3.979, 4.288, 2.636, 2.731, 2.975, 2.944, 2.585, 2.619, 3.129, 3.086, 2.622, 3.706, 5.252, 4.694, 5.893, 9.008, 10.788, 11.768, 12.061, 13.323], [15.459, 15.678, 15.132, 14.055, 14.462, 13.827, 12.356, 12.241, 12.323, 12.398, 12.542, 10.743, 6.02, 5.564, 8.001, 6.346, 2.531, 2.536, 3.327, 3.609, 3.522, 3.525, 3.922, 1.71, 0.0, 6.123, 11.302, 12.772, 11.909, 11.504, 11.499, 11.266, 8.999, 8.846, 11.972, 13.183, 13.174, 12.744, 10.337, 7.731, 7.87, 7.799, 6.827, 7.905, 9.452, 9.443, 8.765, 6.891, 5.895, 4.771, 4.361, 5.349, 6.508, 5.768, 6.166, 8.66, 11.841, 12.629, 11.463, 13.278, 15.978, 17.644, 18.6, 19.171, 19.345, 20.019, 20.944, 21.35, 21.227, 20.314, 20.215, 20.293, 20.684, 21.864, 22.963, 23.253, 20.679, 17.083, 15.452, 16.287, 15.122, 11.863, 8.637, 6.463, 5.59, 5.474, 3.452, 3.928, 7.937, 10.996, 12.748, 14.471, 15.066, 13.881, 13.023, 13.628, 14.641, 16.828, 18.661, 19.362, 19.323, 20.107, 20.226, 19.929, 20.417, 19.746, 17.926, 17.479, 17.417, 15.985, 13.354, 11.726, 12.76, 12.938, 12.69, 12.745, 11.534, 10.704, 8.663, 5.673, 4.097, 3.176, 5.151, 6.277, 3.822, 2.514, 3.509, 3.85, 2.309, 3.091, 3.456, 3.258, 3.283, 3.708, 4.096, 4.053, 3.514, 4.563, 6.115, 5.571, 6.756, 9.885, 11.659, 12.632, 12.925, 14.198], [9.67, 9.889, 9.302, 8.266, 8.658, 7.992, 6.526, 6.459, 6.493, 6.627, 6.753, 5.36, 5.39, 4.99, 3.781, 3.594, 5.913, 7.121, 8.536, 8.996, 8.965, 5.735, 4.13, 5.43, 6.123, 0.0, 5.581, 6.953, 6.135, 5.719, 5.794, 5.518, 3.93, 4.278, 6.182, 7.323, 7.407, 6.934, 4.689, 4.152, 3.958, 3.406, 3.607, 3.571, 4.143, 4.068, 3.294, 2.146, 2.366, 3.336, 4.393, 4.262, 3.29, 2.63, 2.241, 3.73, 6.15, 6.884, 5.957, 7.48, 10.144, 11.813, 12.801, 13.372, 13.545, 14.223, 15.151, 15.561, 15.432, 14.519, 14.416, 14.493, 14.889, 16.065, 17.164, 17.426, 14.895, 11.284, 9.73, 10.524, 9.344, 6.465, 3.174, 2.752, 3.739, 3.883, 5.161, 5.359, 5.042, 5.49, 6.918, 8.61, 9.21, 8.065, 7.294, 7.937, 8.808, 11.05, 12.81, 13.548, 13.493, 14.274, 14.392, 14.133, 14.628, 13.951, 12.131, 11.644, 11.632, 10.184, 7.565, 5.936, 6.971, 7.115, 6.86, 6.926, 5.769, 4.897, 2.909, 3.171, 4.807, 4.887, 3.121, 2.589, 3.851, 7.005, 8.969, 9.466, 7.662, 7.709, 8.088, 7.793, 6.986, 6.635, 6.654, 7.604, 6.856, 5.003, 4.325, 3.641, 2.906, 4.157, 5.871, 6.814, 7.095, 8.409], [4.655, 4.767, 4.364, 3.829, 4.032, 3.681, 3.602, 3.754, 3.127, 3.257, 3.981, 6.07, 9.387, 8.825, 6.932, 8.033, 10.337, 11.628, 13.085, 13.594, 13.467, 10.215, 8.564, 10.414, 11.302, 5.581, 0.0, 2.043, 2.955, 3.549, 3.945, 3.92, 3.757, 4.632, 3.856, 3.028, 2.723, 2.579, 3.933, 5.348, 4.813, 4.874, 5.57, 4.98, 4.186, 4.316, 4.653, 5.25, 6.38, 7.852, 9.03, 8.612, 7.583, 7.136, 6.406, 4.312, 2.906, 3.604, 3.313, 3.526, 4.838, 6.599, 7.466, 8.057, 8.188, 8.81, 9.706, 10.112, 9.989, 9.079, 8.981, 9.058, 9.449, 10.635, 11.744, 12.114, 9.612, 5.933, 4.492, 5.226, 4.728, 3.674, 4.806, 6.148, 7.125, 7.39, 9.262, 9.162, 5.136, 3.968, 3.734, 3.554, 3.957, 3.405, 3.44, 4.492, 3.789, 5.614, 7.555, 8.191, 8.107, 8.892, 9.023, 8.691, 9.179, 8.511, 6.702, 6.288, 6.217, 4.909, 3.194, 3.181, 2.954, 3.154, 2.338, 3.074, 4.842, 4.898, 4.965, 7.578, 9.356, 9.328, 7.71, 7.033, 8.285, 11.535, 13.77, 14.061, 12.153, 12.168, 12.56, 12.275, 11.466, 11.112, 10.995, 12.042, 11.366, 9.466, 8.717, 8.107, 7.303, 5.771, 3.132, 2.726, 2.75, 3.349], [4.471, 4.502, 3.864, 3.091, 3.212, 2.85, 2.618, 3.216, 3.127, 3.281, 4.301, 6.4, 9.6, 8.986, 7.046, 8.244, 11.066, 12.358, 14.023, 14.424, 14.149, 10.671, 9.351, 11.949, 12.772, 6.953, 2.043, 0.0, 1.754, 2.287, 2.754, 2.788, 3.891, 4.276, 2.544, 1.942, 1.718, 1.81, 3.335, 5.331, 5.11, 5.182, 6.215, 5.415, 4.296, 4.273, 5.014, 6.023, 7.186, 8.368, 9.245, 8.812, 7.645, 7.503, 7.066, 4.789, 2.439, 2.658, 2.784, 2.258, 3.333, 5.001, 5.962, 6.556, 6.687, 7.349, 8.307, 8.766, 8.611, 7.646, 7.532, 7.607, 8.028, 9.191, 10.281, 10.55, 8.275, 4.433, 3.56, 4.036, 3.257, 2.616, 5.189, 6.794, 7.787, 7.771, 10.492, 10.545, 5.309, 3.227, 2.276, 2.006, 2.428, 2.043, 2.336, 2.879, 2.234, 4.28, 6.03, 6.766, 6.709, 7.422, 7.523, 7.265, 7.813, 7.227, 5.452, 4.963, 4.906, 3.732, 2.473, 2.982, 3.184, 3.028, 2.619, 3.755, 5.381, 5.166, 5.365, 7.757, 9.563, 10.065, 8.119, 7.31, 9.208, 12.404, 14.95, 14.886, 12.728, 12.631, 13.03, 12.893, 11.899, 11.321, 11.118, 12.253, 11.659, 9.635, 8.866, 8.402, 7.496, 5.884, 3.099, 1.972, 1.91, 2.716], [5.222, 5.265, 4.527, 3.267, 3.772, 3.036, 1.751, 2.291, 3.009, 3.426, 4.183, 5.94, 8.482, 7.957, 6.199, 6.944, 9.996, 11.367, 12.982, 13.377, 12.881, 9.296, 8.279, 11.045, 11.909, 6.135, 2.955, 1.754, 0.0, 1.079, 1.426, 1.603, 2.987, 3.382, 1.457, 1.929, 2.136, 1.821, 2.113, 4.433, 4.315, 4.375, 5.169, 4.282, 2.907, 2.973, 3.896, 5.104, 6.18, 7.327, 8.154, 7.727, 6.584, 6.489, 5.974, 3.646, 1.748, 2.142, 2.219, 2.36, 4.216, 5.783, 6.714, 7.313, 7.464, 8.17, 9.118, 9.588, 9.424, 8.458, 8.333, 8.412, 8.84, 9.984, 11.092, 11.574, 9.268, 5.362, 4.543, 4.824, 3.423, 1.545, 3.843, 5.752, 6.653, 6.757, 9.511, 9.592, 4.384, 2.456, 1.516, 2.771, 3.342, 2.276, 2.106, 2.264, 2.807, 5.105, 7.006, 7.74, 7.675, 8.288, 8.397, 8.094, 8.657, 8.061, 6.33, 5.826, 5.737, 4.464, 2.581, 2.498, 3.238, 3.146, 3.081, 4.437, 5.52, 5.092, 4.318, 6.711, 8.426, 8.875, 7.005, 6.152, 8.138, 11.388, 13.903, 13.897, 11.725, 11.495, 11.895, 11.533, 10.699, 10.05, 9.907, 10.944, 10.465, 8.372, 7.608, 7.059, 6.217, 4.794, 2.474, 2.252, 2.111, 3.348], [5.721, 5.782, 4.892, 3.614, 4.152, 3.399, 2.023, 2.461, 3.227, 3.55, 4.274, 5.374, 7.897, 7.332, 5.549, 6.358, 9.528, 10.939, 12.548, 12.914, 12.396, 8.756, 7.842, 10.642, 11.504, 5.719, 3.549, 2.287, 1.079, 0.0, 1.177, 1.183, 2.622, 2.802, 1.352, 2.399, 2.639, 2.093, 1.602, 3.914, 3.94, 3.897, 4.79, 3.832, 2.438, 2.44, 3.376, 4.695, 5.777, 6.878, 7.688, 7.26, 6.109, 6.052, 5.515, 3.19, 2.296, 2.72, 2.804, 2.935, 4.67, 6.25, 7.124, 7.732, 7.849, 8.542, 9.521, 9.961, 9.805, 8.859, 8.727, 8.807, 9.223, 10.369, 11.505, 12.045, 9.715, 5.832, 5.068, 5.361, 4.005, 1.839, 3.365, 5.265, 6.185, 6.336, 9.096, 9.213, 3.92, 2.618, 1.899, 3.187, 3.774, 2.649, 2.747, 2.733, 3.252, 5.443, 7.434, 8.198, 8.102, 8.712, 8.819, 8.5, 9.024, 8.444, 6.692, 6.242, 6.19, 4.837, 2.651, 2.437, 3.431, 3.515, 3.483, 4.796, 5.195, 4.605, 3.869, 6.202, 7.945, 8.443, 6.583, 5.687, 7.738, 10.929, 13.448, 13.417, 11.195, 10.956, 11.386, 11.024, 10.156, 9.52, 9.358, 10.374, 9.985, 7.895, 7.076, 6.565, 5.729, 4.221, 2.332, 2.462, 2.571, 3.784], [5.578, 5.651, 4.816, 3.531, 4.054, 3.325, 1.738, 2.142, 3.226, 3.59, 4.34, 5.566, 7.481, 7.224, 5.595, 6.21, 9.584, 10.976, 12.587, 12.959, 12.408, 8.73, 7.731, 10.637, 11.499, 5.794, 3.945, 2.754, 1.426, 1.177, 0.0, 0.959, 2.587, 2.856, 1.83, 2.657, 3.034, 2.448, 2.018, 3.97, 3.911, 3.933, 4.759, 3.826, 2.346, 2.448, 3.457, 4.766, 5.768, 6.857, 7.614, 6.874, 6.012, 6.077, 5.562, 2.986, 2.592, 2.827, 2.924, 3.102, 4.745, 6.262, 7.155, 7.744, 7.881, 8.586, 9.567, 10.025, 9.863, 8.885, 8.753, 8.839, 9.265, 10.389, 11.512, 12.05, 9.686, 6.058, 5.503, 5.661, 4.322, 1.982, 3.375, 5.301, 6.2, 6.386, 9.089, 9.199, 3.954, 2.383, 2.083, 3.219, 3.745, 2.74, 3.048, 3.066, 3.298, 5.481, 7.501, 8.242, 8.161, 8.757, 8.863, 8.559, 9.094, 8.529, 6.738, 6.309, 6.243, 4.865, 2.786, 2.669, 3.453, 3.452, 3.43, 4.814, 5.445, 4.922, 3.911, 6.025, 7.797, 8.431, 6.554, 5.566, 7.743, 10.979, 13.441, 13.476, 11.258, 11.019, 11.444, 10.987, 10.186, 9.341, 9.03, 10.229, 9.953, 7.748, 6.782, 6.341, 5.605, 4.141, 2.411, 2.775, 2.828, 3.906], [5.831, 5.825, 4.892, 3.614, 4.08, 3.388, 1.881, 2.268, 3.271, 3.715, 4.458, 5.61, 7.587, 6.993, 5.437, 6.007, 9.184, 10.598, 12.235, 12.629, 12.118, 8.505, 7.577, 10.409, 11.266, 5.518, 3.92, 2.788, 1.603, 1.183, 0.959, 0.0, 2.412, 2.745, 1.666, 2.763, 3.076, 2.487, 1.867, 3.865, 3.738, 3.755, 4.57, 3.559, 2.119, 2.22, 3.11, 4.417, 5.528, 6.656, 7.388, 6.756, 5.695, 5.725, 5.305, 2.85, 2.48, 2.864, 2.909, 3.033, 4.869, 6.44, 7.376, 7.974, 8.112, 8.794, 9.765, 10.224, 10.068, 9.101, 8.971, 9.055, 9.48, 10.617, 11.751, 12.287, 10.006, 6.089, 5.487, 5.745, 4.25, 1.966, 3.029, 5.047, 5.937, 5.985, 8.895, 8.991, 3.567, 2.233, 2.028, 3.326, 3.877, 2.939, 2.94, 2.934, 3.548, 5.707, 7.582, 8.369, 8.42, 8.923, 8.986, 8.716, 9.275, 8.693, 6.874, 6.471, 6.455, 4.982, 2.933, 2.693, 3.567, 3.509, 3.637, 5.014, 5.585, 4.961, 3.878, 5.866, 7.622, 8.236, 6.297, 5.384, 7.501, 10.613, 13.196, 13.112, 10.932, 10.696, 11.106, 10.754, 9.865, 9.071, 8.916, 9.991, 9.612, 7.507, 6.602, 6.134, 5.288, 4.057, 2.525, 2.505, 2.655, 3.832], [7.639, 7.742, 7.003, 5.862, 6.348, 5.595, 3.939, 4.251, 4.886, 5.187, 5.756, 6.542, 7.248, 6.879, 6.017, 5.607, 7.732, 9.036, 10.481, 10.985, 10.848, 7.642, 6.214, 8.158, 8.999, 3.93, 3.757, 3.891, 2.987, 2.622, 2.587, 2.412, 0.0, 1.455, 3.066, 4.363, 4.352, 3.969, 1.755, 1.969, 1.704, 1.743, 2.538, 2.145, 2.102, 2.341, 2.475, 2.919, 4.02, 5.276, 6.479, 6.195, 5.258, 4.57, 3.779, 2.052, 3.688, 4.185, 3.635, 4.625, 7.04, 8.665, 9.664, 10.246, 10.407, 11.088, 12.057, 12.516, 12.361, 11.393, 11.265, 11.348, 11.773, 12.928, 14.031, 14.367, 11.951, 8.199, 6.829, 7.452, 6.179, 3.522, 2.624, 3.497, 4.479, 4.754, 6.763, 6.714, 2.166, 2.596, 3.822, 5.561, 6.132, 4.933, 4.246, 4.782, 5.687, 7.962, 9.825, 10.53, 10.446, 11.157, 11.252, 11.008, 11.565, 10.966, 9.148, 8.651, 8.591, 7.234, 4.766, 3.844, 5.011, 5.183, 5.117, 5.811, 6.076, 5.615, 4.194, 5.091, 6.806, 6.866, 5.198, 4.462, 5.752, 8.921, 11.165, 11.474, 9.558, 9.548, 9.945, 9.683, 8.888, 8.564, 8.524, 9.507, 8.849, 6.869, 6.111, 5.553, 4.753, 4.942, 3.829, 4.249, 4.541, 5.845], [8.17, 8.247, 7.37, 6.106, 6.646, 5.891, 4.214, 4.688, 5.527, 5.722, 6.219, 6.746, 7.479, 7.127, 5.995, 5.453, 7.223, 8.549, 10.05, 10.474, 10.292, 7.176, 6.487, 8.069, 8.846, 4.278, 4.632, 4.276, 3.382, 2.802, 2.856, 2.745, 1.455, 0.0, 3.165, 4.648, 4.646, 4.308, 1.913, 1.683, 1.701, 1.69, 2.549, 1.723, 1.917, 2.114, 2.308, 3.136, 3.918, 5.231, 6.293, 6.479, 5.557, 4.593, 3.627, 2.541, 4.018, 4.466, 3.699, 4.857, 7.284, 8.874, 9.782, 10.388, 10.511, 11.186, 12.138, 12.575, 12.422, 11.489, 11.387, 11.462, 11.862, 13.043, 14.17, 14.635, 12.257, 8.369, 7.116, 7.711, 6.367, 3.348, 2.456, 3.201, 3.952, 4.284, 6.469, 6.587, 2.055, 2.666, 4.097, 5.845, 6.42, 5.22, 4.459, 4.915, 5.902, 8.075, 10.089, 10.748, 10.664, 11.344, 11.473, 11.152, 11.645, 11.089, 9.285, 8.895, 8.796, 7.414, 4.955, 4.238, 5.449, 5.806, 5.739, 6.573, 6.475, 5.873, 4.426, 5.344, 6.808, 6.535, 5.06, 4.564, 5.414, 8.453, 10.856, 10.94, 8.996, 8.954, 9.345, 9.126, 8.411, 8.282, 8.509, 9.169, 8.6, 6.715, 5.888, 5.255, 4.533, 5.154, 4.39, 4.632, 4.828, 6.131], [6.146, 6.186, 5.188, 3.842, 4.355, 3.579, 2.417, 2.872, 3.59, 3.854, 4.49, 5.945, 8.486, 7.947, 6.243, 6.975, 9.907, 11.282, 12.892, 13.299, 12.844, 9.388, 8.31, 11.102, 11.972, 6.182, 3.856, 2.544, 1.457, 1.352, 1.83, 1.666, 3.066, 3.165, 0.0, 2.015, 2.216, 2.001, 2.21, 4.375, 4.344, 4.327, 5.184, 4.214, 2.996, 2.94, 3.8, 5.152, 6.235, 7.43, 8.36, 7.717, 6.573, 6.454, 5.921, 3.788, 2.55, 2.623, 2.778, 2.686, 4.455, 5.742, 6.653, 7.26, 7.406, 8.089, 9.033, 9.499, 9.329, 8.374, 8.255, 8.334, 8.756, 9.947, 11.053, 11.631, 9.354, 5.356, 4.597, 4.967, 3.437, 2.288, 3.847, 5.683, 6.622, 6.747, 9.539, 9.646, 4.303, 2.498, 1.738, 3.056, 3.658, 2.684, 2.335, 2.46, 2.929, 5.304, 7.152, 7.789, 7.804, 8.247, 8.402, 8.085, 8.639, 8.165, 6.7, 6.212, 5.96, 4.726, 2.933, 2.691, 3.703, 3.819, 3.931, 5.106, 5.708, 5.19, 4.461, 6.769, 8.629, 8.999, 7.157, 6.354, 8.188, 11.266, 13.843, 13.771, 11.625, 11.405, 11.807, 11.563, 10.636, 10.132, 9.886, 10.994, 10.528, 8.455, 7.677, 7.182, 6.303, 4.823, 2.804, 2.586, 2.544, 3.825], [5.259, 5.279, 4.523, 3.326, 3.602, 3.081, 2.467, 3.17, 3.608, 4.043, 4.857, 6.84, 9.74, 9.177, 7.386, 8.677, 11.608, 13.018, 14.514, 14.997, 14.603, 10.999, 9.513, 12.265, 13.183, 7.323, 3.028, 1.942, 1.929, 2.399, 2.657, 2.763, 4.363, 4.648, 2.015, 0.0, 1.259, 1.562, 3.197, 5.662, 5.499, 5.659, 6.592, 5.807, 4.566, 4.61, 5.608, 6.645, 7.661, 8.904, 9.912, 9.015, 8.227, 8.16, 7.598, 4.839, 2.368, 2.214, 2.64, 2.229, 3.478, 4.614, 5.549, 6.103, 6.287, 7.009, 7.982, 8.454, 8.284, 7.301, 7.15, 7.265, 7.681, 8.833, 9.879, 10.346, 7.986, 4.143, 3.492, 3.683, 2.93, 2.811, 5.611, 7.395, 8.332, 8.4, 10.844, 10.875, 5.929, 2.885, 1.678, 1.928, 2.559, 2.032, 1.73, 2.415, 1.828, 4.358, 6.102, 6.732, 6.639, 7.235, 7.357, 7.126, 7.625, 7.255, 5.784, 5.292, 4.973, 3.937, 2.875, 3.263, 3.861, 3.497, 3.352, 4.483, 6.17, 5.932, 5.368, 8.229, 10.14, 10.524, 8.59, 7.896, 9.546, 12.943, 15.256, 15.475, 13.447, 13.234, 13.636, 13.213, 12.471, 11.736, 11.446, 12.635, 12.078, 10.148, 9.238, 8.765, 7.969, 6.105, 3.445, 2.709, 2.206, 2.803], [5.044, 5.014, 4.42, 2.853, 3.151, 2.697, 2.733, 3.543, 3.682, 4.035, 4.641, 6.624, 10.01, 9.495, 7.613, 8.908, 11.709, 13.104, 14.574, 15.065, 14.738, 11.213, 9.572, 12.302, 13.174, 7.407, 2.723, 1.718, 2.136, 2.639, 3.034, 3.076, 4.352, 4.646, 2.216, 1.259, 0.0, 1.59, 3.429, 5.666, 5.567, 5.614, 6.652, 5.933, 4.769, 4.786, 5.732, 6.594, 7.584, 8.917, 10.028, 9.337, 8.43, 8.253, 7.662, 5.065, 2.301, 2.185, 2.577, 2.142, 3.208, 4.746, 5.566, 6.181, 6.327, 6.927, 7.833, 8.294, 8.134, 7.19, 7.079, 7.154, 7.558, 8.746, 9.834, 10.22, 7.773, 4.154, 3.191, 3.612, 3.15, 3.054, 5.77, 7.474, 8.449, 8.503, 10.862, 10.932, 5.996, 2.896, 1.855, 2.066, 2.509, 1.888, 1.923, 2.569, 1.77, 3.989, 5.779, 6.42, 6.327, 7.02, 7.156, 6.822, 7.378, 6.886, 5.45, 5.106, 4.772, 3.823, 3.012, 3.652, 3.63, 3.598, 3.521, 4.268, 5.693, 5.543, 5.658, 8.384, 10.291, 10.493, 8.679, 8.068, 9.545, 13.013, 15.347, 15.543, 13.557, 13.36, 13.77, 13.372, 12.61, 12.0, 11.774, 12.917, 12.253, 10.357, 9.556, 9.014, 8.225, 6.433, 3.602, 2.504, 1.978, 2.519], [5.078, 5.129, 4.148, 3.318, 3.635, 3.037, 2.737, 3.214, 3.19, 3.291, 4.254, 6.304, 9.492, 8.907, 7.009, 8.286, 11.276, 12.667, 14.193, 14.662, 14.221, 10.602, 9.081, 11.827, 12.744, 6.934, 2.579, 1.81, 1.821, 2.093, 2.448, 2.487, 3.969, 4.308, 2.001, 1.562, 1.59, 0.0, 2.727, 5.234, 5.124, 5.23, 6.27, 5.473, 4.154, 4.22, 5.24, 6.244, 7.273, 8.461, 9.464, 8.694, 7.833, 7.738, 7.24, 4.411, 2.448, 2.666, 2.83, 2.712, 3.539, 5.16, 6.07, 6.577, 6.737, 7.439, 8.417, 8.881, 8.724, 7.746, 7.591, 7.698, 8.126, 9.255, 10.33, 10.755, 8.369, 4.568, 3.74, 4.052, 3.42, 2.902, 5.201, 7.059, 7.966, 8.011, 10.495, 10.441, 5.588, 3.109, 1.95, 2.317, 2.674, 1.72, 2.303, 3.103, 2.327, 4.453, 6.273, 6.993, 6.918, 7.572, 7.672, 7.39, 7.95, 7.42, 5.728, 5.241, 5.084, 3.789, 2.511, 3.048, 3.006, 3.42, 3.126, 3.624, 5.111, 5.048, 5.043, 7.771, 9.707, 10.048, 8.14, 7.47, 9.18, 12.63, 14.936, 15.143, 13.082, 12.861, 13.258, 12.8, 12.076, 11.352, 11.076, 12.251, 11.657, 9.706, 8.857, 8.354, 7.567, 5.852, 3.081, 2.196, 1.951, 2.721], [6.98, 7.037, 6.193, 4.936, 5.462, 4.709, 3.24, 3.718, 4.331, 4.565, 5.099, 5.801, 7.448, 6.949, 5.281, 5.916, 8.774, 10.158, 11.682, 12.139, 11.651, 8.051, 6.916, 9.46, 10.337, 4.689, 3.933, 3.335, 2.113, 1.602, 2.018, 1.867, 1.755, 1.913, 2.21, 3.197, 3.429, 2.727, 0.0, 2.788, 2.734, 2.83, 3.802