[[0.0, 1.958, 2.775, 3.802, 4.579, 5.878, 5.208, 3.839, 3.499, 4.072, 4.587, 5.28, 6.638, 6.46, 4.485, 3.786, 4.956, 5.423, 5.382, 4.296, 3.536, 3.759, 3.743, 4.446, 6.908, 9.712, 9.881, 9.467, 10.846, 11.508, 11.794, 11.3, 14.22, 14.6, 13.064, 12.72, 14.285, 15.169, 13.316, 12.716, 13.302, 12.821, 11.5, 10.858, 9.72, 9.299, 9.163, 9.923, 11.671, 12.23, 12.243, 13.041, 13.751, 12.197, 11.475, 11.152, 10.118, 8.126, 7.703, 8.589, 11.05, 13.155, 12.642, 11.297, 11.124, 10.552, 9.352, 9.072, 9.899, 11.931, 13.292, 13.068, 11.91, 11.606, 12.859, 13.08, 13.611, 13.935, 14.387, 15.904, 15.692, 14.804, 14.888, 15.691, 16.862, 16.249, 14.927, 16.547, 17.634, 15.353, 15.012, 16.302, 16.543, 17.178, 18.526, 19.419, 20.052, 19.452, 18.746, 18.927, 19.443, 20.095, 20.636, 21.344, 21.308, 20.748, 21.318, 20.992, 16.733, 13.887, 13.158, 12.308, 11.103, 10.633, 9.829, 8.35, 7.756, 7.507, 6.591, 7.352, 7.046, 5.668, 5.545, 6.069, 4.425, 2.795, 2.608, 2.51, 3.335, 2.97, 2.708, 2.356, 2.663, 2.839, 3.911, 3.841, 3.611, 3.167, 3.418, 3.24, 3.003, 3.053, 3.925, 6.251, 7.382, 8.393, 10.325, 11.278, 11.099, 11.218, 11.984, 12.317, 10.46, 8.784, 9.001, 9.809, 10.005, 9.727, 8.642, 8.922, 10.079, 9.715, 8.626, 9.362, 10.587, 8.356, 5.646, 3.858, 3.888, 5.317, 7.191, 7.534, 6.693, 5.964, 6.412, 5.759, 4.716, 4.131, 4.009, 3.414, 3.446, 3.106, 3.216, 5.134, 4.936, 4.429, 5.191, 4.983, 3.867, 3.641, 4.42, 5.348, 3.995, 3.204, 4.134, 5.183, 5.454, 7.622, 11.759, 12.656, 11.375, 10.189, 10.119, 10.926, 10.368, 9.916], [1.958, 0.0, 2.128, 4.28, 5.699, 6.471, 5.536, 4.465, 4.449, 5.168, 5.559, 6.428, 7.819, 7.602, 5.644, 4.772, 5.916, 6.477, 6.416, 5.313, 3.639, 3.18, 3.203, 3.852, 6.267, 8.697, 8.772, 8.395, 9.776, 10.05, 10.423, 9.722, 12.621, 12.993, 11.578, 11.177, 12.687, 13.689, 11.747, 11.128, 11.696, 11.214, 9.932, 9.325, 8.293, 7.747, 7.835, 8.641, 10.156, 10.713, 10.647, 11.498, 12.375, 10.885, 9.928, 9.61, 8.705, 6.717, 6.321, 7.092, 9.525, 11.679, 11.07, 9.719, 9.842, 9.182, 7.876, 7.71, 8.391, 10.387, 11.961, 11.588, 10.476, 10.07, 11.302, 11.51, 12.073, 12.344, 12.891, 14.426, 14.151, 13.197, 13.334, 14.213, 15.36, 14.772, 13.531, 15.017, 16.034, 13.882, 13.753, 14.965, 15.094, 15.579, 16.965, 17.87, 18.439, 17.838, 17.138, 17.428, 17.966, 18.566, 19.13, 19.843, 19.715, 19.182, 19.767, 19.41, 15.132, 12.376, 11.6, 10.721, 9.546, 9.109, 8.326, 6.813, 6.597, 6.629, 5.867, 6.35, 5.983, 4.684, 4.495, 4.829, 3.243, 2.271, 3.068, 3.368, 4.342, 4.002, 3.372, 2.703, 2.957, 2.392, 3.37, 3.495, 3.237, 2.838, 2.575, 2.429, 2.18, 2.144, 2.787, 4.825, 6.117, 7.217, 9.041, 10.019, 9.763, 9.723, 10.488, 10.933, 9.113, 7.316, 7.459, 8.466, 8.427, 8.448, 7.75, 7.955, 8.951, 8.637, 7.557, 8.391, 9.303, 7.188, 4.468, 2.946, 3.038, 3.899, 5.686, 6.494, 5.773, 4.941, 5.273, 4.566, 3.648, 3.257, 3.248, 2.692, 2.884, 2.208, 2.54, 4.01, 4.05, 3.736, 4.295, 4.367, 3.361, 3.157, 3.666, 4.698, 3.158, 3.3, 3.276, 4.059, 4.75, 6.747, 10.25, 11.191, 9.88, 8.892, 8.728, 9.361, 8.76, 8.303], [2.775, 2.128, 0.0, 3.691, 5.933, 6.123, 4.71, 4.4, 4.687, 5.741, 6.143, 7.426, 8.831, 8.621, 6.677, 5.946, 7.012, 7.653, 7.561, 6.471, 5.148, 4.728, 4.693, 5.192, 7.338, 9.236, 9.007, 8.617, 9.654, 9.646, 9.462, 9.127, 11.773, 12.176, 10.966, 10.401, 11.88, 12.856, 10.94, 10.32, 10.882, 10.391, 9.114, 8.586, 7.802, 7.204, 7.522, 8.521, 9.797, 10.195, 9.797, 10.702, 11.389, 9.91, 9.186, 8.846, 7.789, 5.901, 5.395, 6.244, 8.711, 10.837, 10.398, 8.986, 8.874, 8.211, 7.183, 6.775, 7.628, 9.616, 11.039, 10.748, 9.649, 9.227, 10.477, 10.734, 11.254, 11.537, 11.954, 13.513, 13.371, 12.367, 12.7, 13.693, 14.779, 14.277, 13.208, 14.211, 15.201, 13.462, 13.424, 13.962, 14.332, 14.954, 16.109, 17.068, 17.626, 17.017, 16.33, 16.582, 17.149, 17.82, 18.334, 19.069, 18.907, 18.375, 18.979, 18.701, 14.289, 11.461, 10.781, 9.999, 9.051, 8.312, 7.863, 6.892, 6.982, 7.319, 6.761, 6.709, 6.345, 5.415, 5.347, 5.204, 4.208, 3.639, 4.397, 4.553, 5.393, 4.909, 3.413, 3.616, 3.973, 3.629, 4.305, 4.355, 4.714, 4.311, 3.315, 2.708, 3.039, 3.329, 2.95, 4.782, 6.368, 7.758, 9.308, 9.763, 9.437, 9.296, 10.09, 10.615, 8.904, 6.84, 7.392, 8.334, 8.296, 7.721, 7.663, 8.407, 9.276, 8.888, 7.648, 8.487, 9.012, 7.282, 4.866, 3.665, 3.755, 3.743, 5.391, 6.75, 6.309, 5.464, 5.789, 5.207, 4.554, 4.708, 4.247, 3.466, 3.686, 2.886, 2.703, 4.188, 4.66, 4.661, 5.343, 5.709, 4.958, 4.73, 5.259, 5.573, 4.402, 4.697, 4.223, 4.905, 5.674, 7.405, 9.731, 10.298, 9.024, 8.312, 8.33, 8.626, 8.1, 7.644], [3.802, 4.28, 3.691, 0.0, 3.261, 2.932, 2.691, 3.077, 3.185, 3.456, 3.718, 4.746, 6.095, 5.897, 4.287, 4.818, 5.994, 6.053, 5.757, 5.768, 6.469, 6.944, 6.948, 7.556, 10.211, 12.313, 12.105, 11.706, 12.883, 12.968, 12.558, 12.443, 14.965, 15.422, 14.342, 13.755, 14.901, 15.539, 13.836, 13.269, 13.917, 13.628, 12.456, 11.967, 11.179, 10.543, 10.816, 11.738, 12.994, 13.54, 13.024, 13.522, 14.217, 12.76, 11.806, 11.484, 10.538, 8.671, 8.311, 9.108, 11.545, 13.625, 13.012, 11.809, 11.62, 11.096, 10.201, 10.017, 10.827, 12.406, 13.961, 13.612, 12.352, 12.562, 13.749, 13.585, 14.003, 14.491, 15.011, 16.368, 16.184, 15.552, 16.06, 17.047, 18.131, 17.627, 16.52, 17.58, 18.392, 16.802, 16.732, 17.401, 17.568, 18.17, 19.412, 19.819, 20.681, 20.051, 19.313, 19.453, 19.788, 20.442, 21.012, 21.779, 21.886, 21.293, 21.734, 21.324, 17.399, 14.47, 13.717, 13.333, 12.188, 11.618, 11.089, 9.929, 10.074, 10.365, 9.675, 9.789, 9.412, 8.376, 8.145, 8.209, 6.938, 5.926, 5.465, 3.955, 3.708, 3.53, 4.188, 4.691, 5.126, 5.74, 6.922, 7.023, 6.619, 6.268, 6.139, 5.484, 5.182, 5.684, 5.938, 7.883, 9.378, 10.848, 12.401, 13.057, 12.732, 12.609, 13.372, 13.914, 12.14, 9.969, 10.446, 11.494, 11.484, 11.071, 10.793, 11.462, 12.36, 11.991, 10.793, 11.646, 12.279, 10.437, 7.853, 6.095, 6.634, 6.718, 8.372, 9.773, 9.298, 8.535, 8.871, 8.224, 7.368, 7.231, 7.05, 6.416, 6.649, 5.838, 5.503, 7.275, 7.736, 7.633, 8.084, 8.373, 6.989, 6.749, 7.669, 8.581, 6.902, 6.277, 7.023, 7.803, 8.605, 10.488, 13.065, 13.624, 12.298, 11.671, 11.645, 11.929, 11.133, 10.82], [4.579, 5.699, 5.933, 3.261, 0.0, 1.785, 2.649, 2.682, 2.663, 2.657, 2.719, 3.667, 4.666, 4.611, 4.873, 5.528, 6.348, 6.429, 6.065, 6.564, 7.447, 7.976, 7.957, 8.617, 11.266, 13.604, 13.613, 13.249, 14.576, 15.181, 15.247, 14.798, 17.665, 18.041, 16.69, 16.222, 17.712, 18.658, 16.747, 16.142, 16.736, 16.254, 14.963, 14.387, 13.419, 12.79, 12.888, 13.647, 15.257, 15.769, 15.687, 16.495, 17.167, 15.614, 14.958, 14.625, 13.536, 11.627, 11.138, 12.03, 14.476, 16.622, 16.151, 14.766, 14.585, 13.995, 12.801, 12.498, 13.335, 15.401, 16.721, 16.523, 15.413, 15.092, 16.324, 16.49, 17.061, 17.355, 17.797, 19.318, 19.151, 18.242, 18.38, 19.34, 20.45, 19.906, 18.604, 20.064, 21.079, 18.965, 18.783, 19.804, 20.057, 20.607, 22.004, 22.869, 23.486, 22.888, 22.168, 22.367, 22.928, 23.6, 24.117, 24.799, 24.73, 24.18, 24.768, 24.48, 20.177, 17.312, 16.591, 15.769, 14.555, 14.106, 13.325, 11.856, 11.551, 11.567, 10.745, 11.127, 10.793, 9.531, 9.256, 9.606, 8.125, 6.968, 6.447, 4.973, 4.505, 4.324, 5.234, 5.584, 6.003, 6.69, 7.902, 7.874, 7.627, 7.219, 7.321, 6.797, 6.466, 6.788, 7.469, 9.836, 11.156, 12.231, 13.994, 15.019, 14.838, 14.802, 15.609, 16.025, 14.115, 12.255, 12.553, 13.46, 13.501, 13.141, 12.41, 12.77, 13.863, 13.471, 12.383, 13.144, 14.331, 12.111, 9.131, 7.153, 7.724, 8.509, 10.446, 11.094, 10.448, 9.731, 10.224, 9.529, 8.507, 8.301, 8.161, 7.567, 7.719, 6.93, 6.954, 8.788, 8.961, 8.665, 9.103, 9.362, 8.039, 7.803, 8.725, 9.665, 8.018, 7.306, 8.203, 9.026, 9.742, 11.742, 15.248, 16.155, 14.818, 13.791, 13.686, 14.411, 13.793, 13.346], [5.878, 6.471, 6.123, 2.932, 1.785, 0.0, 2.561, 3.767, 3.831, 3.919, 3.998, 4.938, 5.929, 5.887, 5.993, 6.704, 7.612, 7.693, 7.278, 7.698, 8.62, 9.197, 9.179, 9.862, 12.525, 14.836, 14.739, 14.274, 15.588, 15.62, 15.137, 15.044, 17.558, 18.009, 16.934, 16.357, 17.516, 18.24, 16.46, 15.911, 16.536, 16.169, 15.054, 14.553, 13.759, 13.179, 13.49, 14.441, 15.668, 16.171, 15.604, 16.155, 16.745, 15.146, 14.388, 14.068, 12.995, 11.228, 10.945, 11.687, 14.154, 16.292, 15.598, 14.385, 14.134, 13.693, 12.785, 12.62, 13.362, 15.053, 16.611, 16.261, 14.961, 15.148, 16.336, 16.182, 16.671, 17.116, 17.586, 19.008, 18.839, 18.149, 18.664, 19.657, 20.755, 20.259, 19.192, 20.166, 20.964, 19.448, 19.414, 19.933, 20.155, 20.78, 21.994, 22.508, 23.292, 22.684, 21.934, 22.106, 22.372, 23.042, 23.709, 24.49, 24.5, 23.936, 24.41, 23.915, 20.002, 17.091, 16.351, 15.922, 14.845, 14.246, 13.761, 12.559, 12.63, 12.816, 12.007, 12.361, 11.944, 10.709, 10.415, 10.677, 9.248, 8.123, 7.595, 6.155, 5.678, 5.563, 6.433, 6.8, 7.197, 7.887, 9.117, 9.223, 8.843, 8.504, 8.584, 7.991, 7.604, 8.045, 8.559, 10.546, 11.809, 13.278, 14.975, 15.73, 15.407, 15.276, 16.053, 16.589, 14.834, 12.654, 12.987, 14.173, 14.113, 13.62, 13.324, 13.961, 14.946, 14.609, 13.464, 14.295, 14.967, 13.11, 10.23, 8.335, 8.949, 9.247, 10.786, 12.216, 11.653, 10.944, 11.38, 10.672, 9.745, 9.533, 9.416, 8.824, 8.994, 8.179, 8.021, 9.815, 10.152, 9.882, 10.318, 10.583, 9.272, 9.045, 9.929, 10.888, 9.249, 8.507, 9.458, 10.157, 10.999, 12.986, 15.715, 16.211, 14.923, 14.325, 14.322, 14.561, 13.847, 13.486], [5.208, 5.536, 4.71, 2.691, 2.649, 2.561, 0.0, 2.124, 2.57, 3.004, 3.13, 4.656, 5.587, 5.52, 5.109, 5.811, 6.968, 7.041, 6.699, 6.793, 7.283, 7.569, 7.505, 8.097, 10.657, 12.588, 12.389, 12.114, 13.358, 13.341, 13.528, 12.936, 15.496, 15.77, 14.498, 14.028, 15.535, 16.781, 14.693, 14.045, 14.551, 13.953, 12.588, 12.088, 11.29, 10.731, 11.084, 12.126, 13.355, 13.776, 13.494, 14.624, 15.634, 14.228, 13.315, 12.913, 11.949, 9.889, 9.367, 10.262, 12.683, 14.856, 14.451, 13.001, 13.123, 12.31, 11.131, 10.645, 11.746, 13.576, 15.027, 14.834, 13.766, 13.049, 14.226, 14.686, 15.147, 15.207, 15.76, 17.466, 17.326, 15.88, 16.212, 17.202, 18.278, 17.793, 16.752, 17.725, 18.749, 17.066, 17.063, 17.97, 18.312, 18.61, 19.677, 20.873, 21.291, 20.634, 20.014, 20.641, 21.255, 21.857, 22.296, 23.035, 22.558, 22.067, 22.804, 22.656, 18.052, 15.201, 14.64, 13.689, 12.98, 12.264, 11.588, 10.401, 10.417, 10.771, 10.169, 10.241, 9.803, 8.77, 8.53, 8.71, 7.504, 6.455, 6.279, 4.749, 4.408, 4.08, 4.359, 5.132, 5.692, 6.194, 7.318, 7.562, 7.364, 7.052, 6.882, 5.845, 5.748, 6.3, 6.23, 8.192, 9.769, 11.082, 12.654, 13.438, 12.983, 12.895, 13.698, 14.197, 12.497, 10.673, 11.153, 12.171, 12.252, 12.007, 11.488, 11.915, 12.679, 12.335, 11.167, 12.026, 12.523, 10.699, 8.175, 6.754, 7.138, 7.159, 8.609, 9.971, 9.621, 8.982, 9.187, 8.96, 7.984, 7.983, 7.679, 7.018, 7.234, 6.293, 5.935, 7.488, 8.001, 7.996, 8.474, 8.856, 7.731, 7.551, 8.21, 8.932, 7.284, 6.831, 7.494, 8.256, 9.023, 10.766, 13.273, 13.968, 12.939, 12.147, 12.158, 12.346, 11.849, 11.392], [3.839, 4.465, 4.4, 3.077, 2.682, 3.767, 2.124, 0.0, 1.489, 2.246, 2.753, 4.387, 5.451, 5.214, 4.614, 5.277, 6.515, 6.537, 6.286, 6.183, 6.482, 6.707, 6.657, 7.163, 9.465, 11.25, 11.13, 11.027, 12.366, 12.765, 13.231, 12.493, 15.35, 15.754, 14.298, 13.911, 15.409, 16.39, 14.446, 13.832, 14.416, 13.922, 12.654, 12.044, 10.962, 10.472, 10.401, 11.262, 12.931, 13.443, 13.373, 14.213, 15.222, 13.81, 12.872, 12.492, 11.537, 9.512, 9.057, 9.888, 12.302, 14.474, 14.026, 12.53, 12.724, 11.944, 10.564, 10.461, 11.304, 13.167, 14.741, 14.415, 13.318, 12.785, 14.031, 14.249, 14.769, 15.046, 15.632, 17.151, 16.953, 15.923, 16.057, 16.919, 18.075, 17.483, 16.153, 17.733, 18.76, 16.619, 16.363, 17.775, 17.846, 18.302, 19.691, 20.566, 21.157, 20.56, 19.837, 20.23, 20.843, 21.424, 21.871, 22.653, 22.418, 21.885, 22.478, 22.242, 17.855, 15.112, 14.373, 13.451, 12.299, 11.853, 11.015, 9.432, 9.112, 9.4, 8.874, 8.854, 8.561, 7.549, 7.477, 7.453, 6.499, 5.652, 5.492, 4.071, 3.678, 3.369, 3.174, 4.302, 4.89, 5.344, 6.147, 6.336, 6.561, 6.244, 5.535, 4.628, 4.899, 5.249, 5.126, 7.451, 9.154, 9.917, 11.547, 12.523, 12.351, 12.466, 13.228, 13.571, 11.734, 10.101, 10.29, 11.089, 11.293, 11.318, 10.432, 10.57, 11.447, 10.986, 9.896, 10.745, 11.847, 9.619, 6.953, 5.429, 5.752, 6.401, 8.178, 8.671, 8.237, 7.575, 7.878, 7.436, 6.707, 6.816, 6.386, 5.651, 5.948, 5.054, 4.871, 6.362, 6.682, 6.756, 7.351, 7.767, 6.896, 6.71, 7.242, 7.622, 6.351, 5.998, 6.293, 7.173, 7.798, 9.399, 12.921, 13.934, 12.701, 11.671, 11.451, 12.113, 11.473, 11.023], [3.499, 4.449, 4.687, 3.185, 2.663, 3.831, 2.57, 1.489, 0.0, 1.391, 1.984, 3.378, 4.58, 4.36, 3.829, 4.56, 5.77, 5.797, 5.498, 5.487, 5.848, 6.023, 6.002, 6.557, 8.888, 11.225, 11.464, 11.22, 12.541, 13.157, 13.795, 13.169, 15.968, 16.306, 14.67, 14.381, 16.099, 17.181, 15.189, 14.577, 15.109, 14.526, 13.157, 12.485, 11.357, 10.97, 10.786, 11.517, 13.3, 13.878, 14.006, 15.045, 15.955, 14.458, 13.642, 13.271, 12.257, 10.256, 9.704, 10.658, 13.082, 15.213, 14.807, 13.348, 13.373, 12.553, 11.361, 10.963, 12.009, 13.956, 15.351, 15.154, 14.034, 13.418, 14.685, 15.052, 15.582, 15.768, 16.156, 17.887, 17.736, 16.518, 16.584, 17.301, 18.468, 17.86, 16.525, 18.187, 19.37, 16.96, 16.548, 18.091, 18.51, 19.009, 20.221, 21.385, 21.848, 21.178, 20.54, 20.942, 21.591, 22.208, 22.67, 23.43, 23.133, 22.627, 23.292, 23.104, 18.51, 15.641, 15.077, 14.069, 13.103, 12.531, 11.615, 10.125, 9.366, 9.081, 8.34, 8.935, 8.579, 7.16, 7.055, 7.641, 6.196, 5.038, 4.891, 3.48, 3.015, 2.606, 2.853, 3.685, 4.211, 4.682, 5.453, 5.589, 5.855, 5.546, 4.922, 4.533, 4.607, 4.758, 5.493, 7.954, 8.946, 9.886, 11.927, 12.952, 12.689, 12.833, 13.601, 13.913, 12.077, 10.61, 10.952, 11.614, 11.903, 11.89, 10.506, 10.499, 11.654, 11.179, 10.088, 10.872, 12.171, 9.845, 7.032, 5.229, 5.247, 6.716, 8.491, 8.832, 7.954, 7.431, 8.092, 7.478, 6.369, 6.348, 6.038, 5.296, 5.305, 4.727, 4.838, 6.482, 6.45, 6.177, 6.787, 7.14, 6.249, 6.019, 6.63, 7.158, 5.84, 5.371, 5.78, 6.799, 7.315, 9.259, 13.415, 14.36, 13.277, 11.916, 11.827, 12.629, 12.199, 11.708], [4.072, 5.168, 5.741, 3.456, 2.657, 3.919, 3.004, 2.246, 1.391, 0.0, 1.352, 2.408, 3.648, 3.599, 3.19, 3.833, 4.9, 4.914, 4.597, 4.665, 5.434, 5.987, 5.903, 6.525, 9.018, 11.639, 12.086, 11.984, 13.4, 13.969, 14.823, 13.985, 16.747, 17.093, 15.372, 15.12, 16.854, 18.016, 15.962, 15.33, 15.861, 15.272, 13.867, 13.168, 12.067, 11.714, 11.528, 12.212, 14.063, 14.63, 14.759, 15.856, 16.903, 15.481, 14.587, 14.195, 13.192, 11.15, 10.635, 11.544, 13.968, 16.135, 15.699, 14.247, 14.392, 13.58, 12.237, 11.889, 12.946, 14.817, 16.293, 16.11, 15.004, 14.196, 15.441, 15.919, 16.387, 16.517, 17.111, 18.792, 18.552, 17.253, 17.32, 17.992, 19.122, 18.571, 17.185, 18.898, 20.104, 17.683, 17.16, 19.103, 19.415, 19.762, 20.951, 22.13, 22.599, 21.921, 21.294, 21.896, 22.549, 23.133, 23.523, 24.264, 23.883, 23.381, 24.048, 23.928, 19.297, 16.541, 15.921, 14.823, 13.878, 13.374, 12.365, 10.876, 10.003, 9.445, 8.585, 9.654, 9.276, 7.594, 7.596, 8.461, 6.895, 5.027, 4.42, 3.122, 2.556, 2.468, 3.346, 3.656, 3.986, 4.664, 5.569, 5.724, 5.689, 5.383, 5.494, 5.177, 4.996, 5.03, 6.167, 8.683, 9.461, 10.458, 12.58, 13.693, 13.346, 13.572, 14.363, 14.653, 12.793, 11.521, 11.79, 12.543, 12.805, 12.897, 11.512, 11.23, 12.314, 11.67, 10.595, 11.552, 12.788, 10.367, 7.753, 5.977, 5.761, 7.569, 9.212, 9.524, 8.392, 8.088, 8.802, 8.274, 7.002, 6.756, 6.469, 5.824, 5.705, 5.398, 5.564, 6.977, 6.792, 6.332, 7.026, 7.212, 6.08, 5.881, 6.63, 7.317, 5.926, 5.255, 6.117, 7.248, 7.475, 9.624, 14.126, 15.223, 14.191, 12.858, 12.715, 13.43, 12.952, 12.485], [4.587, 5.559, 6.143, 3.718, 2.719, 3.998, 3.13, 2.753, 1.984, 1.352, 0.0, 1.848, 3.196, 3.303, 2.922, 3.641, 4.5, 4.545, 4.182, 4.541, 5.44, 5.903, 5.756, 6.378, 8.963, 11.68, 12.261, 12.252, 13.625, 14.338, 15.224, 14.394, 17.108, 17.396, 15.631, 15.357, 17.175, 18.403, 16.268, 15.603, 16.088, 15.485, 13.964, 13.293, 12.301, 11.979, 11.732, 12.396, 14.197, 14.751, 15.019, 16.241, 17.36, 15.934, 15.009, 14.629, 13.636, 11.563, 11.041, 11.973, 14.402, 16.563, 16.112, 14.672, 14.841, 14.005, 12.659, 12.253, 13.364, 15.241, 16.674, 16.521, 15.429, 14.558, 15.77, 16.352, 16.815, 16.783, 17.41, 19.193, 18.927, 17.417, 17.469, 18.21, 19.198, 18.68, 17.356, 19.011, 20.261, 17.777, 17.447, 19.498, 19.836, 20.061, 21.15, 22.426, 22.834, 22.206, 21.601, 22.306, 22.983, 23.576, 23.921, 24.663, 24.103, 23.61, 24.367, 24.325, 19.674, 16.859, 16.324, 15.12, 14.258, 13.808, 12.626, 11.092, 10.331, 9.458, 8.678, 9.939, 9.423, 7.782, 7.711, 8.748, 7.215, 5.288, 4.649, 3.342, 2.888, 2.602, 3.4, 3.698, 4.211, 4.864, 5.742, 5.729, 5.652, 5.444, 5.856, 5.418, 5.317, 5.213, 6.319, 8.848, 9.658, 10.642, 12.73, 13.971, 13.538, 13.728, 14.602, 14.844, 12.96, 11.939, 12.188, 12.96, 13.235, 13.32, 11.859, 11.527, 12.441, 11.982, 10.875, 11.819, 12.878, 10.501, 7.983, 6.149, 6.266, 7.863, 9.404, 9.681, 8.57, 8.38, 9.057, 8.715, 7.309, 6.964, 6.818, 6.263, 5.946, 5.598, 5.684, 7.095, 6.893, 6.57, 6.859, 7.078, 6.078, 5.952, 6.684, 7.368, 5.808, 5.211, 6.312, 7.452, 7.46, 9.544, 14.268, 15.457, 14.583, 13.181, 13.024, 13.679, 13.237, 12.813], [5.28, 6.428, 7.426, 4.746, 3.667, 4.938, 4.656, 4.387, 3.378, 2.408, 1.848, 0.0, 1.99, 2.086, 2.216, 2.988, 3.28, 3.043, 2.701, 3.246, 4.545, 5.347, 5.458, 6.195, 8.92, 12.434, 13.492, 13.39, 14.777, 15.669, 16.468, 15.783, 18.432, 18.715, 16.977, 16.637, 18.552, 19.69, 17.628, 16.946, 17.352, 16.775, 15.14, 14.546, 13.651, 13.322, 12.982, 13.239, 15.112, 15.835, 16.304, 17.646, 18.695, 17.206, 16.293, 15.978, 14.979, 12.84, 12.279, 13.336, 15.78, 17.843, 17.376, 15.984, 16.119, 15.294, 13.978, 13.452, 14.644, 16.545, 17.909, 17.787, 16.667, 15.88, 17.126, 17.677, 18.168, 18.103, 18.67, 20.555, 20.118, 18.653, 18.667, 19.494, 20.358, 19.856, 18.598, 20.17, 21.367, 18.852, 18.599, 20.771, 21.157, 21.367, 22.423, 23.731, 24.186, 23.543, 22.887, 23.589, 24.304, 24.917, 25.199, 25.902, 25.434, 24.859, 25.713, 25.709, 20.979, 18.122, 17.625, 16.388, 15.609, 15.163, 13.964, 12.402, 11.565, 10.453, 9.511, 11.087, 10.378, 8.545, 8.742, 9.962, 8.493, 5.754, 4.059, 3.534, 2.658, 2.839, 4.417, 4.281, 4.089, 5.061, 5.941, 5.532, 5.028, 5.424, 6.963, 6.601, 6.44, 6.395, 7.59, 10.054, 10.494, 11.558, 13.885, 15.255, 14.714, 14.874, 15.894, 16.042, 14.121, 13.183, 13.575, 14.316, 14.575, 14.602, 13.111, 12.781, 13.555, 13.135, 12.113, 13.028, 13.793, 11.571, 9.386, 7.433, 7.423, 9.108, 10.678, 10.952, 9.869, 9.614, 10.428, 9.928, 8.549, 7.781, 7.596, 7.248, 6.735, 6.604, 6.556, 7.864, 7.487, 6.972, 7.425, 7.007, 5.497, 5.807, 6.59, 7.613, 6.601, 5.362, 6.914, 8.101, 7.695, 10.304, 15.419, 16.718, 15.848, 14.388, 14.27, 14.93, 14.534, 14.178], [6.638, 7.819, 8.831, 6.095, 4.666, 5.929, 5.587, 5.451, 4.58, 3.648, 3.196, 1.99, 0.0, 0.906, 2.28, 3.405, 2.961, 2.573, 2.346, 3.412, 5.321, 6.219, 6.45, 7.191, 10.09, 13.888, 14.947, 14.838, 16.259, 17.115, 17.906, 17.215, 19.894, 20.157, 18.403, 18.092, 20.001, 21.096, 19.101, 18.431, 18.86, 18.27, 16.656, 16.036, 15.097, 14.758, 14.419, 14.717, 16.746, 17.367, 17.796, 19.092, 20.081, 18.633, 17.714, 17.39, 16.368, 14.279, 13.724, 14.765, 17.191, 19.255, 18.861, 17.387, 17.535, 16.689, 15.383, 14.906, 16.088, 17.978, 19.382, 19.221, 18.102, 17.296, 18.589, 19.094, 19.587, 19.564, 20.085, 21.961, 21.628, 20.113, 20.167, 20.97, 21.873, 21.367, 20.085, 21.72, 22.94, 20.378, 20.022, 22.165, 22.559, 22.84, 23.912, 25.234, 25.663, 25.018, 24.382, 24.997, 25.709, 26.321, 26.611, 27.395, 26.907, 26.364, 27.194, 27.164, 22.401, 19.534, 19.068, 17.88, 17.077, 16.592, 15.439, 13.857, 13.042, 11.863, 10.853, 12.545, 11.966, 10.151, 10.277, 11.401, 9.889, 7.229, 5.408, 4.776, 4.105, 4.327, 5.976, 5.841, 5.66, 6.504, 7.508, 6.534, 5.614, 6.809, 8.344, 8.011, 7.938, 7.868, 9.099, 11.542, 12.044, 13.081, 15.404, 16.763, 16.214, 16.346, 17.347, 17.541, 15.627, 14.628, 15.015, 15.714, 15.999, 16.045, 14.542, 14.201, 15.051, 14.552, 13.453, 14.453, 15.409, 13.069, 10.829, 8.849, 8.851, 10.514, 12.151, 12.435, 11.336, 11.073, 11.884, 11.387, 10.024, 9.252, 9.047, 8.606, 8.2, 8.072, 8.192, 9.471, 9.108, 8.562, 8.812, 8.262, 6.678, 6.859, 7.946, 8.847, 8.021, 6.725, 8.535, 9.737, 9.15, 11.791, 16.931, 18.141, 17.287, 15.847, 15.687, 16.36, 16.006, 15.634], [6.46, 7.602, 8.621, 5.897, 4.611, 5.887, 5.52, 5.214, 4.36, 3.599, 3.303, 2.086, 0.906, 0.0, 2.073, 3.252, 2.864, 2.394, 2.262, 3.263, 5.148, 6.037, 6.269, 7.034, 9.916, 13.713, 14.725, 14.603, 16.02, 16.9, 17.686, 17.0, 19.674, 19.949, 18.185, 17.874, 19.784, 20.873, 18.879, 18.208, 18.633, 18.043, 16.453, 15.832, 14.87, 14.53, 14.191, 14.518, 16.549, 17.16, 17.569, 18.875, 19.882, 18.423, 17.495, 17.177, 16.169, 14.07, 13.507, 14.554, 16.978, 19.037, 18.642, 17.167, 17.327, 16.482, 15.183, 14.705, 15.872, 17.759, 19.161, 19.0, 17.876, 17.075, 18.37, 18.9, 19.369, 19.339, 19.865, 21.752, 21.404, 19.889, 19.971, 20.748, 21.667, 21.144, 19.865, 21.527, 22.747, 20.162, 19.816, 21.954, 22.341, 22.618, 23.692, 25.011, 25.44, 24.796, 24.16, 24.778, 25.5, 26.108, 26.389, 27.174, 26.679, 26.135, 26.971, 26.948, 22.179, 19.319, 18.852, 17.655, 16.857, 16.375, 15.214, 13.636, 12.814, 11.637, 10.626, 12.321, 11.76, 9.967, 10.095, 11.235, 9.686, 7.03, 5.218, 4.544, 3.947, 4.195, 5.848, 5.709, 5.549, 6.371, 7.384, 6.407, 5.418, 6.597, 8.135, 7.829, 7.786, 7.712, 8.872, 11.325, 11.843, 12.876, 15.189, 16.539, 15.985, 16.135, 17.126, 17.339, 15.416, 14.406, 14.799, 15.499, 15.786, 15.831, 14.33, 13.963, 14.836, 14.355, 13.226, 14.22, 15.201, 12.867, 10.65, 8.693, 8.677, 10.347, 11.966, 12.251, 11.197, 10.849, 11.663, 11.171, 9.806, 9.034, 8.83, 8.386, 7.966, 7.872, 7.985, 9.282, 8.933, 8.405, 8.669, 8.091, 6.5, 6.681, 7.769, 8.639, 7.831, 6.554, 8.358, 9.561, 8.974, 11.58, 16.735, 17.934, 17.07, 15.629, 15.463, 16.133, 15.78, 15.415], [4.485, 5.644, 6.677, 4.287, 4.873, 5.993, 5.109, 4.614, 3.829, 3.19, 2.922, 2.216, 2.28, 2.073, 0.0, 1.808, 2.503, 2.124, 1.942, 2.101, 3.432, 4.354, 4.547, 5.299, 8.235, 11.971, 12.861, 12.691, 14.085, 14.905, 15.755, 14.998, 17.724, 17.952, 16.23, 15.953, 17.792, 18.977, 16.955, 16.289, 16.781, 16.179, 14.633, 13.848, 12.925, 12.551, 12.333, 12.729, 14.745, 15.302, 15.671, 16.871, 17.898, 16.473, 15.561, 15.186, 14.187, 12.122, 11.566, 12.536, 14.989, 17.093, 16.667, 15.234, 15.378, 14.521, 13.24, 12.812, 13.916, 15.779, 17.227, 17.065, 15.966, 15.175, 16.401, 16.913, 17.389, 17.435, 17.925, 19.755, 19.505, 18.075, 18.146, 18.732, 19.826, 19.334, 18.016, 19.668, 20.929, 18.266, 17.859, 20.008, 20.376, 20.711, 21.823, 23.113, 23.52, 22.85, 22.235, 22.851, 23.516, 24.124, 24.482, 25.221, 24.782, 24.291, 25.053, 24.955, 20.29, 17.369, 16.852, 15.737, 14.897, 14.372, 13.313, 11.758, 10.898, 9.663, 8.677, 10.466, 9.92, 8.161, 8.282, 9.332, 7.72, 5.171, 3.469, 2.573, 2.299, 2.57, 4.106, 3.957, 3.819, 4.566, 5.625, 4.77, 3.677, 4.634, 6.199, 5.942, 5.871, 5.779, 6.997, 9.497, 10.061, 11.047, 13.342, 14.649, 14.13, 14.244, 15.154, 15.38, 13.505, 12.463, 12.803, 13.523, 13.779, 13.857, 12.376, 11.998, 12.951, 12.402, 11.312, 12.242, 13.393, 11.002, 8.675, 6.773, 6.655, 8.431, 10.092, 10.357, 9.278, 8.942, 9.699, 9.193, 7.837, 7.144, 6.927, 6.451, 6.062, 6.092, 6.2, 7.515, 7.171, 6.666, 6.963, 6.383, 4.735, 4.801, 5.999, 6.909, 5.956, 4.725, 6.586, 7.792, 7.282, 9.754, 14.829, 15.98, 15.122, 13.7, 13.547, 14.257, 13.896, 13.451], [3.786, 4.772, 5.946, 4.818, 5.528, 6.704, 5.811, 5.277, 4.56, 3.833, 3.641, 2.988, 3.405, 3.252, 1.808, 0.0, 1.558, 2.114, 2.177, 1.622, 2.816, 3.79, 3.852, 4.833, 7.654, 10.99, 11.792, 11.797, 13.165, 13.975, 14.872, 14.072, 16.726, 17.021, 15.27, 14.941, 16.839, 18.006, 15.914, 15.233, 15.685, 15.082, 13.488, 12.855, 11.941, 11.613, 11.277, 11.702, 13.616, 14.183, 14.593, 15.935, 17.032, 15.615, 14.668, 14.295, 13.313, 11.239, 10.671, 11.64, 14.074, 16.217, 15.781, 14.293, 14.521, 13.661, 12.283, 11.849, 13.043, 14.88, 16.314, 16.172, 15.05, 14.176, 15.413, 16.004, 16.457, 16.391, 17.016, 18.862, 18.508, 16.962, 16.992, 17.794, 18.696, 18.192, 16.902, 18.497, 19.77, 17.214, 16.989, 19.146, 19.478, 19.655, 20.729, 22.041, 22.471, 21.829, 21.187, 21.952, 22.658, 23.235, 23.531, 24.303, 23.721, 23.184, 23.997, 23.996, 19.275, 16.462, 15.975, 14.686, 13.894, 13.455, 12.25, 10.695, 9.858, 8.925, 7.981, 9.498, 8.838, 7.018, 7.132, 8.4, 6.794, 4.07, 2.395, 2.141, 2.474, 2.734, 3.356, 3.051, 2.93, 3.639, 4.608, 4.4, 3.292, 4.03, 5.404, 5.048, 4.872, 4.792, 5.921, 8.379, 8.909, 9.947, 12.218, 13.576, 13.013, 13.219, 14.216, 14.368, 12.495, 11.585, 11.862, 12.614, 12.898, 12.999, 11.502, 11.104, 11.903, 11.517, 10.499, 11.361, 12.218, 9.903, 7.759, 6.036, 5.841, 7.51, 9.049, 9.302, 8.288, 7.962, 8.717, 8.313, 6.875, 6.102, 5.902, 5.633, 5.2, 5.05, 5.077, 6.378, 6.068, 5.546, 6.191, 5.641, 3.884, 4.17, 4.99, 6.174, 5.145, 3.966, 5.435, 6.641, 6.414, 8.807, 13.751, 15.042, 14.24, 12.797, 12.631, 13.257, 12.822, 12.464], [4.956, 5.916, 7.012, 5.994, 6.348, 7.612, 6.968, 6.515, 5.77, 4.9, 4.5, 3.28, 2.961, 2.864, 2.503, 1.558, 0.0, 1.368, 1.66, 1.909, 3.543, 4.565, 4.644, 5.471, 8.281, 11.995, 12.849, 12.896, 14.262, 15.056, 15.952, 15.142, 17.803, 18.101, 16.326, 16.011, 17.91, 19.076, 16.981, 16.296, 16.704, 16.121, 14.49, 13.922, 13.0, 12.683, 12.329, 12.808, 14.581, 15.236, 15.654, 17.005, 18.107, 16.709, 15.753, 15.375, 14.435, 12.343, 11.768, 12.72, 15.16, 17.292, 16.862, 15.373, 15.601, 14.746, 13.401, 12.954, 14.114, 15.961, 17.395, 17.252, 16.131, 15.233, 16.483, 17.115, 17.546, 17.453, 18.096, 19.943, 19.572, 17.996, 18.011, 18.857, 19.726, 19.199, 17.949, 19.532, 20.727, 18.313, 18.085, 20.227, 20.559, 20.72, 21.77, 23.082, 23.536, 22.899, 22.253, 23.033, 23.734, 24.312, 24.602, 25.384, 24.782, 24.207, 25.062, 25.066, 20.336, 17.543, 17.056, 15.755, 14.965, 14.531, 13.342, 11.747, 10.944, 9.885, 8.909, 10.55, 9.887, 8.05, 8.144, 9.495, 7.871, 5.134, 3.41, 3.217, 3.697, 3.961, 4.458, 4.222, 4.019, 4.639, 5.672, 4.988, 3.908, 4.906, 6.469, 6.105, 5.931, 5.859, 6.968, 9.398, 9.937, 10.98, 13.237, 14.61, 14.069, 14.279, 15.296, 15.443, 13.552, 12.656, 12.933, 13.695, 13.979, 14.08, 12.583, 12.187, 12.976, 12.593, 11.516, 12.45, 13.212, 10.969, 8.811, 7.184, 6.924, 8.61, 10.152, 10.388, 9.365, 9.05, 9.787, 9.397, 7.949, 7.178, 6.97, 6.64, 6.249, 6.102, 6.075, 7.397, 7.043, 6.535, 7.08, 6.461, 4.78, 5.183, 5.988, 7.099, 6.029, 4.908, 6.442, 7.646, 7.291, 9.7, 14.794, 16.123, 15.311, 13.877, 13.712, 14.322, 13.884, 13.534], [5.423, 6.477, 7.653, 6.053, 6.429, 7.693, 7.041, 6.537, 5.797, 4.914, 4.545, 3.043, 2.573, 2.394, 2.124, 2.114, 1.368, 0.0, 1.244, 1.782, 3.604, 4.637, 4.771, 5.644, 8.377, 12.202, 13.426, 13.407, 14.818, 15.628, 16.524, 15.74, 18.384, 18.673, 16.924, 16.585, 18.508, 19.65, 17.577, 16.894, 17.286, 16.716, 15.064, 14.499, 13.598, 13.281, 12.927, 13.225, 15.09, 15.798, 16.252, 17.603, 18.686, 17.278, 16.337, 15.948, 15.02, 12.93, 12.384, 13.297, 15.757, 17.878, 17.433, 15.948, 16.173, 15.357, 13.989, 13.551, 14.702, 16.533, 17.967, 17.828, 16.702, 15.831, 17.081, 17.7, 18.142, 18.05, 18.688, 20.52, 20.143, 18.583, 18.603, 19.452, 20.282, 19.791, 18.537, 20.112, 21.253, 18.835, 18.573, 20.798, 21.134, 21.312, 22.363, 23.677, 24.134, 23.498, 22.839, 23.605, 24.311, 24.888, 25.182, 25.956, 25.381, 24.799, 25.661, 25.665, 20.923, 18.115, 17.628, 16.337, 15.563, 15.132, 13.946, 12.382, 11.522, 10.443, 9.489, 11.184, 10.456, 8.545, 8.783, 10.139, 8.513, 5.69, 3.66, 3.345, 3.614, 3.894, 4.951, 4.704, 4.399, 5.191, 5.997, 5.134, 4.183, 5.439, 7.121, 6.835, 6.643, 6.583, 7.635, 9.99, 10.412, 11.462, 13.824, 15.196, 14.653, 14.848, 15.868, 15.992, 14.121, 13.237, 13.531, 14.278, 14.55, 14.652, 13.155, 12.758, 13.526, 13.037, 11.984, 12.981, 13.686, 11.477, 9.531, 7.957, 7.605, 9.306, 10.876, 11.107, 10.068, 9.689, 10.422, 10.032, 8.582, 7.784, 7.617, 7.274, 6.805, 6.672, 6.653, 7.779, 7.25, 6.729, 7.082, 6.493, 5.02, 5.365, 6.324, 7.26, 6.49, 5.096, 6.712, 7.886, 7.328, 10.169, 15.359, 16.695, 15.907, 14.449, 14.283, 14.893, 14.476, 14.133], [5.382, 6.416, 7.561, 5.757, 6.065, 7.278, 6.699, 6.286, 5.498, 4.597, 4.182, 2.701, 2.346, 2.262, 1.942, 2.177, 1.66, 1.244, 0.0, 1.364, 3.199, 4.466, 4.685, 5.505, 8.133, 12.09, 13.403, 13.371, 14.761, 15.589, 16.458, 15.703, 18.352, 18.635, 16.884, 16.554, 18.472, 19.61, 17.554, 16.877, 17.263, 16.692, 15.041, 14.489, 13.575, 13.247, 12.897, 13.154, 15.044, 15.757, 16.222, 17.566, 18.645, 17.251, 16.31, 15.923, 14.979, 12.89, 12.352, 13.274, 15.747, 17.838, 17.393, 15.904, 16.107, 15.326, 13.974, 13.518, 14.659, 16.488, 17.926, 17.798, 16.662, 15.808, 17.058, 17.674, 18.12, 18.039, 18.652, 20.503, 20.096, 18.56, 18.58, 19.413, 20.252, 19.768, 18.511, 20.088, 21.243, 18.785, 18.517, 20.734, 21.077, 21.284, 22.337, 23.649, 24.102, 23.464, 22.808, 23.55, 24.25, 24.837, 25.132, 25.903, 25.35, 24.773, 25.638, 25.629, 20.894, 18.056, 17.572, 16.307, 15.529, 15.104, 13.917, 12.358, 11.512, 10.397, 9.46, 11.139, 10.419, 8.52, 8.759, 10.106, 8.486, 5.658, 3.604, 3.239, 3.355, 3.628, 4.801, 4.556, 4.184, 5.056, 5.833, 5.202, 4.184, 5.392, 7.052, 6.742, 6.611, 6.538, 7.541, 9.971, 10.39, 11.412, 13.799, 15.169, 14.63, 14.8, 15.814, 15.95, 14.072, 13.177, 13.495, 14.236, 14.496, 14.592, 13.107, 12.719, 13.483, 12.99, 11.95, 12.921, 13.661, 11.45, 9.482, 7.787, 7.555, 9.232, 10.778, 11.059, 10.043, 9.641, 10.4, 9.952, 8.535, 7.731, 7.523, 7.198, 6.763, 6.641, 6.57, 7.665, 7.021, 6.489, 6.834, 6.278, 4.933, 5.224, 6.279, 7.211, 6.47, 4.956, 6.571, 7.613, 6.965, 10.145, 15.333, 16.638, 15.849, 14.389, 14.227, 14.846, 14.448, 14.099], [4.296, 5.313, 6.471, 5.768, 6.564, 7.698, 6.793, 6.183, 5.487, 4.665, 4.541, 3.246, 3.412, 3.263, 2.101, 1.622, 1.909, 1.782, 1.364, 0.0, 2.151, 3.371, 3.585, 4.493, 7.108, 10.996, 12.324, 12.302, 13.692, 14.521, 15.388, 14.634, 17.281, 17.566, 15.816, 15.483, 17.403, 18.539, 16.475, 15.797, 16.183, 15.613, 13.94, 13.397, 12.496, 12.179, 11.825, 12.079, 13.953, 14.678, 15.15, 16.497, 17.565, 16.179, 15.235, 14.849, 13.889, 11.795, 11.261, 12.201, 14.658, 16.764, 16.313, 14.836, 15.051, 14.236, 12.879, 12.448, 13.582, 15.412, 16.846, 16.718, 15.582, 14.728, 15.987, 16.579, 17.04, 16.957, 17.575, 19.431, 19.023, 17.48, 17.5, 18.345, 19.174, 18.688, 17.434, 19.009, 20.129, 17.715, 17.448, 19.665, 20.009, 20.21, 21.261, 22.575, 23.032, 22.395, 21.736, 22.481, 23.181, 23.768, 24.062, 24.834, 24.278, 23.696, 24.558, 24.561, 19.82, 16.986, 16.503, 15.234, 14.46, 14.032, 12.818, 11.262, 10.41, 9.286, 8.358, 10.05, 9.335, 7.427, 7.666, 9.003, 7.386, 4.567, 2.502, 2.458, 2.887, 3.12, 3.84, 3.561, 3.169, 3.994, 4.773, 4.173, 3.166, 4.289, 5.974, 5.673, 5.53, 5.466, 6.456, 8.885, 9.303, 10.332, 12.721, 14.094, 13.551, 13.727, 14.745, 14.881, 13.001, 12.107, 12.427, 13.168, 13.427, 13.523, 12.035, 11.64, 12.406, 11.922, 10.881, 11.852, 12.575, 10.375, 8.414, 6.717, 6.492, 8.173, 9.73, 9.991, 8.951, 8.549, 9.297, 8.876, 7.453, 6.635, 6.432, 6.118, 5.68, 5.554, 5.474, 6.566, 5.893, 5.331, 5.675, 5.155, 3.852, 4.138, 5.17, 6.14, 5.378, 3.861, 5.454, 6.479, 5.832, 9.065, 14.25, 15.569, 14.78, 13.32, 13.158, 13.774, 13.374, 13.03], [3.536, 3.639, 5.148, 6.469, 7.447, 8.62, 7.283, 6.482, 5.848, 5.434, 5.44, 4.545, 5.321, 5.148, 3.432, 2.816, 3.543, 3.604, 3.199, 2.151, 0.0, 1.552, 1.841, 2.734, 5.285, 9.12, 10.388, 10.421, 11.829, 12.61, 13.533, 12.703, 15.362, 15.656, 13.887, 13.565, 15.468, 16.642, 14.551, 13.881, 14.301, 13.714, 12.105, 11.449, 10.559, 10.246, 9.893, 10.189, 12.112, 12.824, 13.241, 14.564, 15.676, 14.274, 13.326, 12.935, 12.007, 9.887, 9.356, 10.279, 12.709, 14.868, 14.416, 12.939, 13.178, 12.331, 10.927, 10.518, 11.691, 13.518, 14.978, 14.831, 13.708, 12.797, 14.047, 14.679, 15.113, 15.014, 15.706, 17.525, 17.164, 15.545, 15.598, 16.415, 17.238, 16.792, 15.527, 17.111, 18.306, 15.839, 15.557, 17.801, 18.126, 18.289, 19.354, 20.682, 21.114, 20.473, 19.842, 20.607, 21.299, 21.877, 22.172, 22.939, 22.353, 21.803, 22.644, 22.626, 17.887, 15.112, 14.611, 13.34, 12.533, 12.088, 10.893, 9.327, 8.521, 7.437, 6.461, 8.159, 7.509, 5.633, 5.879, 7.153, 5.497, 2.8, 1.452, 2.651, 3.159, 3.414, 3.831, 2.712, 2.291, 2.565, 3.209, 2.846, 1.615, 2.453, 4.135, 3.84, 3.671, 3.6, 4.675, 6.977, 7.402, 8.494, 10.828, 12.209, 11.643, 11.832, 12.851, 12.974, 11.134, 10.226, 10.493, 11.259, 11.536, 11.663, 10.165, 9.749, 10.529, 9.994, 8.951, 9.97, 10.724, 8.469, 6.543, 5.018, 4.68, 6.368, 7.927, 8.122, 7.089, 6.697, 7.385, 7.054, 5.609, 4.806, 4.64, 4.272, 3.817, 3.702, 4.004, 4.808, 4.12, 3.635, 3.971, 3.327, 2.019, 2.26, 3.378, 4.261, 3.481, 2.122, 3.61, 4.638, 4.003, 7.19, 12.317, 13.691, 12.896, 11.46, 11.285, 11.88, 11.451, 11.092], [3.759, 3.18, 4.728, 6.944, 7.976, 9.197, 7.569, 6.707, 6.023, 5.987, 5.903, 5.347, 6.219, 6.037, 4.354, 3.79, 4.565, 4.637, 4.466, 3.371, 1.552, 0.0, 0.822, 1.574, 4.131, 7.911, 9.148, 9.124, 10.528, 11.342, 12.23, 11.449, 14.112, 14.386, 12.633, 12.301, 14.226, 15.357, 13.314, 12.644, 13.063, 12.476, 10.848, 10.198, 9.312, 8.992, 8.639, 8.895, 10.829, 11.544, 12.004, 13.318, 14.376, 12.974, 12.027, 11.653, 10.667, 8.583, 8.035, 9.005, 11.455, 13.569, 13.127, 11.653, 11.878, 11.016, 9.648, 9.207, 10.391, 12.218, 13.674, 13.531, 12.408, 11.543, 12.81, 13.357, 13.851, 13.775, 14.367, 16.229, 15.881, 14.308, 14.361, 15.161, 16.001, 15.555, 14.29, 15.874, 17.069, 14.556, 14.261, 16.501, 16.835, 17.052, 18.117, 19.445, 19.877, 19.236, 18.597, 19.308, 19.999, 20.592, 20.872, 21.657, 21.116, 20.566, 21.407, 21.389, 16.634, 13.812, 13.316, 12.091, 11.296, 10.834, 9.65, 8.059, 7.252, 6.095, 5.134, 6.821, 6.186, 4.284, 4.539, 5.752, 4.176, 2.037, 2.104, 3.398, 4.019, 3.762, 3.984, 2.838, 2.493, 1.879, 2.35, 1.957, 1.213, 1.763, 2.876, 2.777, 2.654, 2.422, 3.551, 5.725, 6.159, 7.25, 9.591, 10.972, 10.406, 10.533, 11.562, 11.701, 9.851, 8.926, 9.24, 9.993, 10.245, 10.357, 8.866, 8.457, 9.246, 8.757, 7.697, 8.679, 9.487, 7.232, 5.232, 3.778, 3.337, 5.024, 6.647, 6.819, 5.772, 5.357, 6.105, 5.74, 4.307, 3.472, 3.45, 3.125, 2.604, 2.558, 3.574, 3.803, 3.296, 2.627, 2.782, 2.198, 1.362, 1.476, 2.101, 2.973, 2.264, 1.911, 2.679, 3.671, 2.976, 5.953, 11.067, 12.398, 11.596, 10.154, 9.985, 10.587, 10.214, 9.854], [3.743, 3.203, 4.693, 6.948, 7.957, 9.179, 7.505, 6.657, 6.002, 5.903, 5.756, 5.458, 6.45, 6.269, 4.547, 3.852, 4.644, 4.771, 4.685, 3.585, 1.841, 0.822, 0.0, 1.322, 3.976, 7.567, 8.9, 8.918, 10.342, 11.122, 12.043, 11.195, 13.867, 14.168, 12.37, 12.077, 13.958, 15.154, 12.993, 12.304, 12.697, 12.124, 10.481, 9.929, 9.064, 8.75, 8.398, 8.713, 10.565, 11.284, 11.714, 13.038, 14.188, 12.786, 11.838, 11.447, 10.47, 8.394, 7.847, 8.796, 11.209, 13.38, 12.926, 11.452, 11.691, 10.828, 9.432, 9.019, 10.199, 12.03, 13.485, 13.343, 12.22, 11.306, 12.546, 13.214, 13.683, 13.508, 14.179, 16.036, 15.63, 14.024, 14.012, 14.917, 15.692, 15.198, 13.947, 15.52, 16.703, 14.325, 14.069, 16.313, 16.638, 16.769, 17.797, 19.084, 19.546, 18.961, 18.313, 19.12, 19.811, 20.389, 20.684, 21.449, 20.816, 20.229, 21.072, 21.118, 16.396, 13.624, 13.123, 11.815, 11.024, 10.6, 9.325, 7.783, 6.984, 5.861, 4.854, 6.633, 5.941, 4.027, 4.192, 5.566, 3.962, 1.701, 2.217, 3.478, 4.047, 3.734, 3.783, 2.648, 2.359, 1.558, 1.913, 1.694, 1.301, 1.613, 2.686, 2.57, 2.54, 2.177, 3.191, 5.421, 5.886, 6.934, 9.266, 10.606, 10.119, 10.345, 11.364, 11.486, 9.61, 8.737, 8.985, 9.771, 10.049, 10.17, 8.673, 8.261, 9.016, 8.496, 7.454, 8.483, 9.128, 6.887, 4.972, 3.56, 3.153, 4.865, 6.388, 6.533, 5.446, 5.159, 5.852, 5.58, 4.102, 3.308, 3.214, 2.919, 2.396, 2.502, 3.411, 3.429, 2.912, 2.321, 2.533, 1.934, 1.21, 1.434, 1.983, 2.784, 2.038, 1.995, 2.518, 3.334, 2.774, 5.635, 10.823, 12.203, 11.401, 9.968, 9.797, 10.392, 9.925, 9.58], [4.446, 3.852, 5.192, 7.556, 8.617, 9.862, 8.097, 7.163, 6.557, 6.525, 6.378, 6.195, 7.191, 7.034, 5.299, 4.833, 5.471, 5.644, 5.505, 4.493, 2.734, 1.574, 1.322, 0.0, 3.061, 6.836, 8.176, 8.212, 9.618, 10.398, 11.321, 10.471, 13.143, 13.444, 11.646, 11.353, 13.234, 14.43, 12.269, 11.567, 11.964, 11.436, 9.739, 9.212, 8.37, 8.026, 7.674, 7.989, 9.917, 10.56, 10.99, 12.314, 13.475, 12.081, 11.114, 10.737, 9.835, 7.762, 7.206, 8.112, 10.528, 12.657, 12.217, 10.727, 10.967, 10.128, 8.75, 8.318, 9.479, 11.306, 12.782, 12.619, 11.496, 10.584, 11.826, 12.5, 12.972, 12.789, 13.495, 15.291, 14.906, 13.3, 13.274, 14.193, 14.977, 14.462, 13.211, 14.786, 16.004, 13.601, 13.345, 15.589, 15.914, 16.045, 17.073, 18.347, 18.808, 18.237, 17.589, 18.396, 19.087, 19.665, 19.96, 20.725, 20.092, 19.505, 20.337, 20.394, 15.672, 12.9, 12.399, 11.091, 10.3, 9.881, 8.635, 7.082, 6.26, 5.134, 4.105, 5.909, 5.173, 3.375, 3.494, 4.875, 3.277, 2.091, 3.189, 4.397, 4.822, 4.443, 4.325, 3.319, 3.108, 2.25, 1.946, 1.737, 1.905, 1.744, 2.461, 2.74, 2.696, 2.143, 2.984, 4.723, 5.224, 6.258, 8.542, 9.873, 9.395, 9.621, 10.64, 10.762, 8.886, 8.014, 8.261, 9.047, 9.324, 9.455, 7.963, 7.541, 8.292, 7.772, 6.73, 7.759, 8.415, 6.149, 4.296, 3.105, 2.56, 4.191, 5.711, 5.82, 4.759, 4.457, 5.131, 4.873, 3.354, 2.688, 2.671, 2.573, 2.148, 2.799, 3.826, 3.149, 2.578, 2.126, 1.923, 1.468, 1.475, 1.539, 1.574, 2.322, 1.746, 2.219, 2.429, 2.648, 2.143, 4.905, 10.119, 11.479, 10.684, 9.249, 9.073, 9.668, 9.201, 8.856], [6.908, 6.267, 7.338, 10.211, 11.266, 12.525, 10.657, 9.465, 8.888, 9.018, 8.963, 8.92, 10.09, 9.916, 8.235, 7.654, 8.281, 8.377, 8.133, 7.108, 5.285, 4.131, 3.976, 3.061, 0.0, 4.045, 5.399, 5.432, 6.838, 7.618, 8.54, 7.7, 10.363, 10.664, 8.865, 8.573, 10.454, 11.65, 9.504, 8.853, 9.222, 8.666, 7.06, 6.496, 5.718, 5.281, 4.911, 5.197, 7.123, 7.784, 8.21, 9.534, 10.684, 9.335, 8.442, 8.173, 7.516, 6.52, 6.714, 6.889, 8.186, 10.05, 9.432, 7.947, 8.195, 7.397, 6.035, 5.769, 6.844, 8.526, 10.002, 9.839, 8.779, 7.847, 9.083, 10.085, 10.62, 10.161, 10.805, 12.663, 12.126, 10.52, 10.526, 11.412, 12.206, 11.722, 10.461, 12.034, 13.268, 10.821, 10.564, 12.809, 13.133, 13.265, 14.292, 15.603, 16.06, 15.457, 14.808, 15.615, 16.307, 16.885, 17.179, 17.944, 17.312, 16.729, 17.586, 17.614, 12.892, 10.12, 9.619, 8.31, 7.519, 7.132, 6.001, 4.511, 3.619, 2.804, 2.0, 3.292, 2.813, 2.285, 2.427, 3.129, 3.346, 4.51, 5.716, 6.957, 7.545, 7.102, 6.61, 6.012, 5.896, 5.049, 3.709, 4.066, 4.796, 4.32, 4.158, 4.958, 5.108, 4.565, 4.764, 3.686, 2.693, 3.543, 5.765, 7.164, 6.623, 6.84, 7.859, 7.982, 6.105, 5.239, 5.48, 6.266, 6.544, 6.675, 5.183, 4.757, 5.512, 4.991, 3.95, 4.978, 5.678, 3.578, 3.162, 4.383, 3.841, 4.154, 3.827, 3.747, 3.047, 2.91, 3.382, 3.36, 2.873, 3.136, 3.257, 3.943, 3.762, 4.634, 5.521, 4.152, 3.63, 3.244, 2.602, 2.401, 3.915, 4.045, 3.047, 2.165, 3.509, 4.151, 3.589, 3.228, 2.46, 2.493, 7.318, 8.698, 7.904, 6.469, 6.293, 6.888, 6.434, 6.173], [9.712, 8.697, 9.236, 12.313, 13.604, 14.836, 12.588, 11.25, 11.225, 11.639, 11.68, 12.434, 13.888, 13.713, 11.971, 10.99, 11.995, 12.202, 12.09, 10.996, 9.12, 7.911, 7.567, 6.836, 4.045, 0.0, 1.525, 2.113, 3.201, 4.004, 4.787, 4.698, 6.556, 6.703, 4.957, 4.685, 6.677, 8.246, 7.294, 6.461, 6.913, 5.824, 4.5, 4.35, 4.397, 3.786, 2.731, 2.145, 3.241, 3.828, 4.59, 5.717, 7.022, 6.146, 6.502, 6.484, 6.886, 6.923, 7.397, 7.235, 6.94, 7.811, 6.449, 5.849, 5.821, 4.918, 4.053, 5.137, 6.279, 5.904, 6.182, 6.197, 6.243, 5.432, 5.843, 7.245, 7.944, 7.204, 7.764, 9.523, 8.486, 6.551, 6.533, 7.418, 8.22, 7.73, 6.457, 8.021, 9.268, 6.826, 6.57, 8.815, 9.139, 9.271, 10.307, 11.586, 12.047, 11.463, 10.814, 11.621, 12.313, 12.891, 13.185, 13.95, 13.317, 12.743, 13.573, 13.62, 8.898, 6.2, 5.762, 4.799, 4.197, 3.987, 3.803, 3.446, 2.658, 2.654, 3.641, 2.604, 2.987, 4.311, 4.639, 4.2, 5.668, 7.31, 8.805, 9.577, 10.343, 9.871, 8.579, 8.551, 8.789, 7.868, 6.737, 7.756, 8.504, 7.688, 6.55, 6.898, 7.281, 7.063, 6.475, 4.655, 3.192, 1.667, 2.192, 3.522, 3.079, 3.256, 3.91, 3.988, 2.548, 3.325, 2.698, 2.756, 2.803, 3.384, 2.207, 1.701, 1.599, 1.284, 2.184, 2.52, 2.562, 2.424, 4.628, 6.673, 6.162, 5.779, 4.22, 2.853, 3.413, 3.967, 3.752, 4.329, 5.179, 5.793, 6.082, 6.51, 6.475, 6.844, 7.02, 5.411, 5.529, 5.986, 5.495, 5.914, 7.313, 7.255, 6.05, 5.105, 6.2, 7.372, 5.958, 5.469, 5.409, 2.883, 3.55, 5.209, 5.111, 3.432, 3.248, 3.63, 3.766, 4.167], [9.881, 8.772, 9.007, 12.105, 13.613, 14.739, 12.389, 11.13, 11.464, 12.086, 12.261, 13.492, 14.947, 14.725, 12.861, 11.792, 12.849, 13.426, 13.403, 12.324, 10.388, 9.148, 8.9, 8.176, 5.399, 1.525, 0.0, 1.491, 2.214, 3.077, 3.988, 3.98, 5.573, 5.517, 3.843, 3.722