[[0.0, 2.278, 3.184, 4.448, 4.983, 5.351, 7.155, 6.659, 5.49, 5.891, 7.925, 9.107, 9.145, 8.721, 7.83, 6.657, 5.177, 7.087, 9.686, 10.454, 9.708, 9.139, 9.523, 9.251, 9.334, 10.329, 9.325, 6.197, 5.002, 5.611, 6.72, 6.569, 5.742, 5.471, 4.878, 4.637, 3.816, 3.018, 2.064, 2.862, 2.242, 2.549, 2.071, 2.134, 4.011, 4.386, 5.704, 8.085, 9.056, 9.6, 10.145, 9.161, 6.921, 4.49, 3.931, 4.142, 4.468, 5.514, 6.938, 6.115, 5.352, 6.478, 7.331, 8.01, 7.261, 5.85, 5.608, 5.852, 6.478, 6.426, 7.134, 5.736, 5.443, 4.827, 3.609, 4.868, 4.335, 4.675, 6.235, 6.481, 5.085, 4.993, 4.441, 5.383, 6.396, 7.097, 7.906, 7.366, 5.777, 5.409, 6.115, 6.611, 5.2, 4.066, 4.668, 5.997, 5.173, 2.847, 2.87, 3.188, 2.624, 2.616, 3.151, 4.092, 5.693, 5.735, 4.806, 3.915, 3.78, 4.251, 4.318, 4.894, 5.38, 5.982, 5.641, 5.134, 5.205, 5.391, 5.469, 4.657, 4.201, 3.405, 2.68, 3.197, 3.904, 5.22, 5.364, 6.691, 7.748, 8.018, 7.78, 7.544, 8.327, 6.981, 4.33, 5.232, 5.118, 5.589, 5.712, 5.674, 4.618, 4.528, 5.751, 5.525, 5.521, 6.482, 7.704, 8.429, 6.899, 5.899, 5.886, 3.458, 4.196, 5.244, 3.793, 3.552, 4.665, 4.511, 4.011, 3.633, 3.461, 2.735, 3.05, 2.335, 2.359, 2.174, 2.922, 2.925, 2.917, 4.366, 4.4, 5.276, 5.38, 4.538, 3.849, 4.565, 5.296, 10.694, 16.066, 17.193, 15.128, 11.718, 8.9, 7.994, 8.478, 7.986, 7.62, 8.517, 8.052, 7.861, 8.987, 8.98, 7.845, 7.909, 10.079, 10.951, 10.063, 10.076, 10.411, 10.3, 9.191, 6.026, 3.55, 2.755, 2.649, 2.368], [2.278, 0.0, 1.428, 2.775, 3.43, 3.852, 5.309, 4.581, 3.696, 4.122, 6.2, 7.201, 7.116, 6.602, 6.0, 5.222, 4.024, 5.674, 7.637, 8.656, 7.69, 7.128, 7.767, 7.39, 7.431, 8.449, 7.427, 4.864, 3.919, 4.264, 5.233, 5.102, 4.507, 4.283, 3.915, 3.582, 2.734, 1.86, 2.608, 3.397, 3.348, 3.734, 2.869, 4.0, 5.803, 6.178, 7.509, 9.851, 10.854, 11.378, 11.915, 10.85, 8.301, 5.465, 4.73, 4.986, 5.055, 5.769, 6.884, 5.787, 4.739, 5.075, 5.896, 6.463, 5.627, 4.247, 3.977, 4.4, 4.932, 5.415, 6.519, 4.782, 4.437, 3.824, 2.816, 3.648, 3.768, 5.615, 8.11, 8.516, 6.932, 6.339, 5.444, 5.764, 7.008, 8.528, 9.59, 8.859, 6.725, 6.242, 7.038, 7.245, 5.917, 4.388, 3.935, 4.798, 4.017, 2.587, 3.184, 3.017, 2.88, 2.476, 2.733, 3.449, 4.338, 4.393, 3.766, 3.291, 3.553, 3.776, 3.437, 4.144, 4.393, 4.752, 4.515, 4.372, 3.938, 3.812, 3.618, 2.841, 2.411, 2.131, 2.291, 2.786, 2.599, 3.428, 3.453, 4.976, 5.978, 6.218, 6.045, 5.777, 6.594, 5.145, 3.508, 4.18, 3.91, 4.321, 4.088, 4.101, 3.419, 3.5, 4.295, 4.086, 4.016, 4.691, 5.97, 6.486, 5.415, 4.558, 4.042, 2.483, 6.032, 7.379, 5.512, 5.091, 5.749, 6.147, 5.854, 5.036, 4.653, 3.228, 2.999, 2.385, 1.961, 1.608, 2.901, 3.471, 3.532, 4.964, 4.964, 5.731, 5.678, 4.877, 4.22, 4.735, 4.755, 8.93, 14.202, 15.292, 13.276, 9.695, 7.146, 6.265, 6.638, 5.997, 5.605, 6.46, 5.939, 5.922, 7.112, 7.143, 5.791, 5.999, 8.037, 8.845, 8.058, 8.01, 8.293, 8.352, 7.271, 4.278, 1.975, 2.157, 2.907, 2.251], [3.184, 1.428, 0.0, 2.124, 3.045, 3.464, 4.35, 3.748, 2.706, 3.223, 5.26, 6.387, 6.249, 5.776, 5.055, 4.351, 3.687, 4.741, 6.722, 7.666, 6.817, 6.245, 6.826, 6.586, 6.573, 7.55, 6.518, 3.996, 3.496, 3.542, 4.256, 4.099, 3.668, 3.395, 3.242, 2.979, 2.407, 1.871, 3.283, 4.226, 4.292, 4.433, 3.527, 4.802, 6.689, 7.064, 8.399, 10.809, 11.8, 12.334, 12.871, 11.774, 9.103, 6.183, 5.487, 5.766, 5.705, 6.131, 7.001, 5.969, 4.958, 4.317, 4.952, 5.453, 4.694, 3.268, 2.977, 3.387, 4.174, 5.398, 6.716, 4.798, 4.287, 3.941, 2.45, 3.265, 3.824, 6.285, 8.951, 9.324, 7.723, 7.136, 6.17, 6.366, 7.752, 9.472, 10.541, 9.807, 7.633, 7.036, 7.902, 7.979, 6.648, 5.065, 3.869, 4.156, 3.519, 3.2, 3.771, 3.535, 3.475, 2.776, 2.585, 3.483, 3.762, 3.634, 3.28, 3.142, 3.654, 3.791, 3.454, 3.936, 4.196, 4.162, 4.328, 3.993, 3.299, 3.147, 2.779, 1.956, 1.696, 1.615, 2.751, 3.115, 1.905, 2.496, 2.575, 4.084, 5.139, 5.424, 5.192, 4.988, 5.741, 4.311, 2.787, 3.295, 3.029, 3.457, 3.131, 3.063, 2.948, 3.364, 3.566, 3.313, 3.207, 3.767, 5.021, 5.644, 4.665, 3.861, 3.114, 2.101, 6.811, 8.176, 6.289, 5.598, 6.201, 6.947, 6.72, 5.848, 5.501, 4.004, 3.23, 2.94, 2.786, 1.906, 2.904, 3.444, 3.607, 4.818, 4.709, 5.413, 5.419, 4.638, 3.992, 4.405, 4.451, 7.946, 13.259, 14.358, 12.346, 8.839, 6.126, 5.231, 5.672, 5.174, 4.786, 5.557, 5.155, 4.984, 6.121, 6.175, 4.935, 4.994, 7.123, 8.002, 7.116, 7.084, 7.37, 7.341, 6.305, 3.303, 1.371, 2.142, 3.324, 2.883], [4.448, 2.775, 2.124, 0.0, 1.414, 1.938, 3.14, 3.588, 2.947, 3.303, 4.257, 5.758, 5.495, 5.026, 5.476, 5.275, 4.936, 5.541, 6.579, 7.199, 5.978, 5.466, 5.587, 5.521, 5.473, 6.291, 5.842, 5.047, 4.881, 4.705, 4.911, 4.709, 4.538, 4.31, 4.533, 4.601, 3.79, 2.927, 4.54, 5.701, 5.915, 6.082, 5.18, 6.372, 8.324, 8.701, 10.05, 12.486, 13.466, 14.006, 14.553, 13.44, 10.721, 7.803, 7.05, 7.358, 7.404, 8.004, 8.999, 7.91, 6.706, 5.578, 5.637, 5.997, 5.253, 4.048, 3.694, 4.11, 5.19, 6.956, 8.338, 6.41, 5.882, 5.614, 4.159, 4.664, 5.447, 7.91, 10.575, 10.802, 9.243, 8.624, 7.713, 8.136, 9.415, 11.126, 12.204, 11.469, 9.31, 8.727, 9.589, 9.678, 8.409, 6.817, 5.672, 5.25, 4.757, 4.81, 5.52, 5.317, 5.098, 4.175, 4.27, 5.305, 5.167, 4.857, 4.685, 5.068, 5.544, 5.511, 5.179, 5.49, 5.629, 5.43, 5.756, 5.184, 4.571, 4.263, 3.675, 2.874, 3.117, 3.211, 4.282, 4.565, 2.554, 2.217, 2.297, 3.111, 4.216, 4.889, 4.471, 4.196, 4.971, 4.075, 3.755, 4.239, 3.805, 4.288, 3.355, 3.564, 4.538, 5.083, 5.007, 4.795, 4.263, 4.606, 5.445, 6.167, 5.881, 5.058, 3.606, 3.698, 8.157, 9.568, 7.695, 6.94, 7.815, 8.521, 8.351, 7.474, 6.87, 4.772, 3.307, 3.758, 4.314, 2.911, 2.286, 4.07, 4.083, 4.241, 4.167, 3.923, 4.157, 3.826, 4.14, 3.97, 3.398, 6.706, 11.829, 12.992, 11.036, 7.777, 5.926, 4.298, 4.418, 4.021, 3.805, 4.603, 4.095, 3.785, 4.918, 4.789, 4.202, 5.177, 6.654, 7.348, 6.49, 6.596, 7.246, 7.113, 5.515, 2.977, 2.796, 3.915, 4.873, 4.435], [4.983, 3.43, 3.045, 1.414, 0.0, 1.101, 2.538, 3.684, 3.287, 3.379, 4.047, 5.523, 5.106, 4.627, 5.538, 5.716, 5.771, 5.922, 6.534, 7.024, 5.772, 5.096, 5.063, 4.969, 4.901, 5.7, 5.526, 5.525, 5.835, 5.403, 5.407, 5.106, 4.909, 5.066, 5.431, 5.553, 4.755, 3.883, 5.145, 6.251, 6.457, 6.603, 5.706, 6.832, 8.787, 9.201, 10.562, 12.997, 13.978, 14.517, 15.065, 13.966, 11.137, 8.163, 7.455, 7.764, 7.935, 8.834, 9.754, 8.687, 7.649, 6.342, 6.036, 6.129, 5.347, 4.396, 4.549, 4.687, 5.662, 7.727, 9.222, 7.295, 6.814, 6.572, 5.048, 5.54, 6.453, 8.517, 11.099, 11.362, 9.754, 9.1, 8.21, 8.827, 10.139, 11.641, 12.722, 11.98, 9.801, 9.232, 10.117, 10.357, 9.055, 7.538, 6.607, 5.804, 5.314, 5.489, 6.339, 6.093, 5.602, 4.79, 5.106, 6.234, 6.082, 5.438, 5.607, 5.957, 6.473, 6.521, 6.174, 6.489, 6.521, 6.212, 6.48, 5.843, 5.346, 5.032, 4.446, 3.745, 4.1, 4.176, 4.965, 5.35, 3.547, 2.843, 2.85, 2.874, 3.825, 4.664, 4.171, 3.827, 4.593, 3.934, 4.484, 4.754, 4.421, 4.592, 3.586, 3.992, 5.487, 6.071, 5.917, 5.697, 4.924, 4.884, 5.464, 6.264, 6.531, 5.766, 4.241, 4.612, 8.662, 10.063, 8.289, 7.502, 8.34, 9.067, 8.864, 7.906, 7.299, 5.099, 3.497, 4.045, 4.753, 3.469, 2.83, 4.59, 4.593, 4.471, 4.456, 3.829, 3.473, 3.694, 4.414, 3.82, 2.782, 6.094, 11.201, 12.407, 10.403, 7.149, 5.677, 4.11, 3.773, 3.475, 3.364, 3.895, 3.393, 3.197, 4.261, 4.368, 4.193, 5.303, 6.441, 6.943, 6.077, 6.244, 6.974, 6.941, 5.275, 3.441, 3.741, 4.686, 5.571, 5.002], [5.351, 3.852, 3.464, 1.938, 1.101, 0.0, 2.053, 3.808, 3.654, 3.553, 4.171, 5.472, 5.026, 4.54, 5.695, 6.218, 6.337, 6.269, 6.567, 7.1, 5.77, 4.9, 4.681, 4.631, 4.691, 5.2, 5.443, 5.998, 6.333, 5.899, 5.979, 5.61, 5.49, 5.542, 5.918, 5.966, 5.269, 4.527, 5.805, 6.761, 6.801, 6.94, 6.035, 7.265, 9.198, 9.571, 10.904, 13.342, 14.323, 14.862, 15.409, 14.295, 11.6, 8.654, 7.911, 8.187, 8.47, 9.351, 10.302, 9.231, 8.098, 6.874, 6.556, 6.308, 5.539, 4.966, 5.019, 5.296, 6.129, 8.334, 9.714, 7.78, 7.257, 6.991, 5.501, 6.138, 6.898, 8.986, 11.429, 11.699, 10.133, 9.586, 8.79, 9.344, 10.665, 11.997, 13.063, 12.329, 10.218, 9.716, 10.484, 10.878, 9.466, 7.999, 7.057, 6.268, 5.827, 5.926, 6.79, 6.575, 6.036, 5.364, 5.678, 6.712, 6.518, 5.975, 6.135, 6.396, 6.954, 6.95, 6.59, 6.917, 7.014, 6.711, 6.993, 6.401, 5.834, 5.545, 4.97, 4.18, 4.534, 4.635, 5.4, 5.744, 3.872, 3.323, 3.384, 3.208, 3.73, 4.679, 4.136, 3.573, 4.25, 4.02, 5.072, 5.303, 4.916, 4.769, 4.073, 4.498, 5.957, 6.467, 6.357, 6.148, 5.363, 5.251, 5.547, 6.653, 7.069, 6.256, 4.743, 5.191, 9.139, 10.521, 8.64, 7.912, 8.674, 9.397, 9.215, 8.343, 7.74, 5.455, 3.792, 4.437, 5.167, 3.879, 3.366, 4.986, 4.966, 4.874, 4.959, 4.016, 3.493, 4.088, 4.746, 4.226, 2.752, 5.682, 10.77, 11.919, 10.01, 6.853, 5.746, 4.201, 3.321, 3.058, 2.941, 3.378, 2.974, 3.045, 4.003, 4.27, 4.418, 5.553, 6.509, 6.767, 5.957, 6.203, 6.981, 6.928, 5.31, 3.833, 4.175, 5.26, 6.257, 5.625], [7.155, 5.309, 4.35, 3.14, 2.538, 2.053, 0.0, 2.737, 2.752, 2.608, 2.879, 4.037, 3.637, 3.192, 4.552, 5.253, 5.445, 5.071, 5.293, 5.872, 4.433, 3.568, 3.231, 3.252, 3.488, 3.552, 4.16, 4.938, 5.667, 5.108, 5.035, 4.582, 4.558, 4.969, 5.284, 5.765, 5.281, 5.109, 7.197, 8.35, 8.486, 8.637, 7.763, 9.037, 10.931, 11.302, 12.579, 14.997, 16.0, 16.514, 17.062, 15.93, 13.305, 10.265, 9.507, 9.798, 9.748, 9.947, 10.299, 9.107, 7.297, 5.913, 5.59, 5.259, 4.472, 4.002, 4.151, 4.375, 5.164, 7.63, 8.82, 6.984, 6.521, 6.509, 5.26, 5.569, 6.764, 10.446, 13.127, 13.465, 11.911, 11.347, 10.223, 10.398, 11.836, 13.67, 14.74, 14.002, 11.765, 11.078, 12.082, 12.036, 10.775, 9.217, 7.413, 5.883, 5.533, 7.383, 7.951, 7.593, 7.701, 6.871, 6.362, 6.306, 5.71, 4.953, 5.471, 6.3, 6.81, 6.441, 6.046, 6.369, 6.167, 5.862, 6.012, 5.659, 5.013, 4.798, 4.095, 3.735, 4.17, 4.939, 6.852, 6.995, 4.558, 3.154, 2.895, 2.151, 2.538, 3.449, 2.876, 2.538, 3.113, 2.938, 4.726, 4.897, 4.188, 4.021, 3.355, 3.719, 5.531, 6.075, 5.559, 5.332, 4.541, 4.19, 4.491, 5.545, 6.039, 5.41, 3.858, 5.138, 10.932, 12.331, 10.453, 9.706, 10.401, 11.156, 10.891, 10.059, 9.467, 7.041, 5.205, 6.131, 6.732, 5.52, 5.096, 6.757, 6.742, 6.647, 6.714, 5.376, 4.991, 5.773, 6.493, 5.928, 3.709, 4.341, 9.082, 10.223, 8.478, 5.489, 4.558, 2.993, 1.569, 1.82, 1.729, 1.589, 1.356, 1.603, 2.658, 2.996, 3.267, 4.435, 5.355, 5.577, 4.739, 4.917, 5.746, 5.546, 3.889, 3.017, 4.446, 5.723, 7.306, 6.82], [6.659, 4.581, 3.748, 3.588, 3.684, 3.808, 2.737, 0.0, 1.544, 1.302, 1.904, 2.705, 2.601, 2.189, 2.094, 3.502, 3.639, 2.973, 3.301, 4.344, 3.146, 2.625, 3.427, 3.094, 3.131, 4.15, 3.041, 2.812, 4.165, 3.11, 2.893, 2.489, 3.0, 3.727, 4.143, 4.772, 4.529, 4.559, 6.73, 7.638, 7.643, 7.805, 6.873, 8.301, 10.054, 10.417, 11.755, 14.13, 15.11, 15.65, 16.198, 15.076, 12.471, 9.568, 8.907, 9.104, 9.014, 9.128, 9.256, 8.002, 5.518, 3.738, 3.384, 2.854, 2.177, 2.25, 2.548, 2.852, 3.568, 5.907, 6.831, 5.307, 5.18, 5.384, 4.414, 4.191, 5.74, 9.675, 12.388, 12.798, 11.164, 10.58, 9.412, 9.572, 10.949, 12.78, 13.854, 13.115, 10.881, 10.192, 11.199, 11.195, 9.959, 8.365, 6.573, 4.882, 4.529, 6.487, 7.058, 6.713, 6.902, 6.136, 5.626, 5.119, 4.158, 3.171, 4.011, 5.247, 5.934, 5.375, 4.961, 5.287, 4.517, 4.021, 4.216, 4.0, 3.068, 2.99, 2.363, 2.656, 3.134, 4.191, 5.972, 6.191, 4.089, 2.609, 1.921, 1.661, 1.798, 2.058, 2.022, 2.382, 2.733, 1.39, 3.837, 3.857, 2.902, 2.729, 2.269, 2.502, 4.49, 4.93, 3.838, 3.513, 2.965, 1.965, 2.156, 3.103, 3.787, 3.383, 2.118, 4.334, 10.357, 11.703, 9.852, 9.166, 9.59, 10.343, 10.117, 9.296, 8.704, 7.017, 6.11, 5.888, 5.928, 5.17, 5.253, 6.204, 6.418, 7.143, 7.131, 6.879, 6.466, 6.082, 6.02, 5.428, 3.84, 4.649, 9.937, 11.026, 8.955, 5.353, 2.934, 1.849, 2.829, 2.998, 2.256, 2.878, 2.441, 2.334, 2.801, 2.889, 1.832, 2.332, 3.669, 4.342, 3.643, 3.535, 4.001, 4.16, 3.094, 2.016, 3.711, 5.079, 6.662, 6.065], [5.49, 3.696, 2.706, 2.947, 3.287, 3.654, 2.752, 1.544, 0.0, 1.018, 2.782, 3.975, 3.912, 3.479, 2.793, 3.267, 3.412, 3.051, 4.441, 5.398, 4.529, 3.926, 4.397, 4.133, 4.184, 5.172, 4.128, 2.741, 3.567, 2.898, 2.872, 2.389, 2.507, 3.063, 3.372, 4.016, 3.642, 3.463, 5.497, 6.443, 6.56, 6.685, 5.782, 7.07, 8.929, 9.3, 10.657, 13.065, 14.067, 14.584, 15.132, 14.023, 11.445, 8.517, 7.888, 8.133, 8.061, 8.136, 8.463, 7.392, 5.39, 3.75, 3.361, 3.326, 2.611, 1.951, 2.224, 2.439, 3.317, 5.684, 6.82, 5.09, 4.703, 4.864, 3.582, 3.802, 5.052, 8.596, 11.291, 11.626, 9.977, 9.403, 8.236, 8.515, 9.908, 11.735, 12.801, 12.064, 9.857, 9.209, 10.208, 10.107, 8.836, 7.289, 5.5, 4.065, 3.553, 5.392, 6.021, 5.711, 5.757, 4.965, 4.495, 4.358, 3.841, 2.8, 3.344, 4.414, 4.975, 4.473, 4.195, 4.452, 3.933, 3.82, 4.001, 3.653, 2.875, 2.766, 2.385, 2.257, 2.633, 3.229, 4.853, 5.181, 3.336, 2.025, 1.603, 1.87, 2.737, 3.078, 2.883, 2.849, 3.448, 2.075, 2.766, 2.756, 2.011, 2.27, 1.755, 1.784, 3.732, 4.276, 3.497, 3.219, 2.538, 1.965, 2.795, 3.49, 3.868, 3.195, 2.152, 3.318, 9.147, 10.511, 8.635, 7.924, 8.444, 9.153, 9.016, 8.123, 7.776, 6.258, 5.319, 5.198, 5.084, 3.933, 4.418, 5.324, 5.454, 6.298, 6.321, 6.211, 6.032, 5.5, 5.082, 4.892, 3.852, 5.586, 10.994, 12.079, 10.114, 6.533, 3.779, 2.946, 3.489, 3.515, 2.831, 3.491, 3.19, 2.875, 3.867, 3.939, 2.685, 2.787, 4.845, 5.745, 4.905, 4.829, 5.113, 5.086, 4.05, 1.853, 2.932, 4.093, 5.487, 4.983], [5.891, 4.122, 3.223, 3.303, 3.379, 3.553, 2.608, 1.302, 1.018, 0.0, 2.507, 3.391, 3.418, 3.073, 2.565, 3.654, 3.815, 3.316, 3.93, 5.022, 3.909, 3.389, 4.185, 3.882, 3.935, 4.955, 3.835, 3.062, 3.859, 3.239, 3.217, 2.872, 2.871, 3.306, 3.6, 4.268, 3.897, 3.807, 5.856, 6.735, 6.829, 6.887, 5.989, 7.474, 9.109, 9.48, 10.862, 13.249, 14.249, 14.754, 15.31, 14.215, 11.635, 8.786, 8.224, 8.365, 8.287, 8.332, 8.673, 7.599, 5.705, 4.033, 3.7, 3.273, 2.564, 2.248, 2.57, 2.792, 3.602, 6.002, 7.143, 5.407, 4.94, 5.066, 3.908, 4.196, 5.3, 8.795, 11.56, 11.911, 10.186, 9.617, 8.456, 8.763, 10.103, 11.911, 12.977, 12.256, 10.048, 9.414, 10.37, 10.283, 9.054, 7.48, 5.704, 4.274, 3.745, 5.574, 6.207, 5.913, 5.978, 5.229, 4.742, 4.602, 4.123, 3.054, 3.7, 4.672, 5.223, 4.677, 4.406, 4.791, 4.251, 4.1, 4.329, 4.171, 3.391, 3.144, 2.732, 2.674, 2.939, 3.43, 5.055, 5.352, 3.529, 2.097, 1.773, 1.771, 2.38, 2.492, 2.373, 2.309, 2.826, 1.6, 2.996, 2.949, 2.221, 2.167, 1.74, 2.095, 3.982, 4.513, 3.811, 3.55, 2.9, 2.19, 2.5, 3.433, 4.097, 3.496, 2.729, 3.731, 9.471, 10.819, 8.986, 8.368, 8.692, 9.362, 9.214, 8.368, 7.952, 6.613, 5.75, 5.414, 5.313, 4.534, 4.816, 5.653, 5.854, 6.734, 6.69, 6.385, 5.956, 5.598, 5.367, 4.831, 3.458, 5.396, 10.819, 11.904, 9.875, 6.281, 3.488, 2.575, 3.333, 3.562, 2.692, 2.985, 2.779, 2.707, 3.647, 3.763, 2.603, 2.797, 4.468, 5.192, 4.423, 4.401, 4.656, 4.868, 3.854, 2.322, 3.24, 4.343, 5.773, 5.185], [7.925, 6.2, 5.26, 4.257, 4.047, 4.171, 2.879, 1.904, 2.782, 2.507, 0.0, 1.729, 1.658, 1.485, 3.126, 4.837, 5.009, 3.859, 2.771, 3.459, 2.181, 1.724, 2.004, 2.079, 1.982, 2.691, 2.325, 4.115, 5.64, 4.465, 3.881, 3.693, 4.411, 5.167, 5.667, 6.25, 5.944, 5.994, 7.995, 8.968, 9.227, 9.337, 8.446, 9.649, 11.548, 11.922, 13.289, 15.705, 16.707, 17.222, 17.77, 16.654, 14.019, 10.998, 10.41, 10.622, 10.606, 10.739, 10.767, 9.593, 7.13, 5.131, 4.275, 3.662, 3.355, 3.606, 4.057, 4.289, 5.189, 7.407, 8.343, 6.829, 6.863, 7.071, 5.875, 5.591, 7.252, 11.167, 13.912, 14.213, 12.512, 11.944, 10.831, 11.126, 12.559, 14.376, 15.448, 14.711, 12.476, 11.817, 12.862, 12.759, 11.486, 9.938, 8.121, 6.504, 6.135, 8.023, 8.668, 8.33, 8.34, 7.485, 6.962, 6.509, 5.786, 4.683, 5.238, 6.693, 7.313, 6.872, 6.5, 6.753, 6.005, 5.518, 5.665, 5.377, 4.48, 4.375, 3.864, 4.238, 4.536, 5.518, 7.506, 7.701, 5.364, 3.785, 3.08, 1.991, 1.186, 1.578, 1.679, 2.755, 2.898, 2.308, 5.192, 5.265, 4.38, 4.287, 3.646, 3.892, 5.967, 6.503, 5.419, 5.029, 4.487, 3.248, 2.831, 4.079, 5.177, 4.879, 3.16, 5.679, 11.707, 13.054, 11.252, 10.531, 11.093, 11.798, 11.598, 10.725, 10.089, 7.963, 6.664, 6.93, 7.515, 6.415, 5.932, 7.429, 7.496, 7.777, 7.784, 7.143, 6.689, 6.615, 7.205, 6.623, 4.069, 3.062, 8.343, 9.477, 7.45, 4.038, 2.225, 1.191, 2.789, 3.051, 2.48, 2.973, 2.522, 2.291, 1.936, 1.503, 1.751, 2.966, 3.418, 3.692, 2.869, 2.797, 3.57, 3.421, 2.181, 3.033, 5.173, 6.471, 7.938, 7.508], [9.107, 7.201, 6.387, 5.758, 5.523, 5.472, 4.037, 2.705, 3.975, 3.391, 1.729, 0.0, 1.171, 1.518, 3.289, 5.229, 5.501, 3.766, 1.883, 2.758, 1.294, 1.195, 1.867, 1.799, 1.824, 2.375, 1.575, 4.434, 6.072, 4.604, 3.724, 3.888, 4.798, 5.911, 6.331, 7.02, 6.887, 7.122, 9.04, 9.899, 9.912, 9.997, 9.149, 10.726, 12.231, 12.602, 13.941, 16.25, 17.259, 17.767, 18.315, 17.196, 14.756, 11.891, 11.379, 11.399, 11.33, 11.37, 11.549, 10.235, 7.371, 5.002, 4.16, 3.445, 3.251, 4.467, 4.725, 4.929, 5.49, 7.439, 7.986, 7.208, 7.431, 7.612, 6.755, 6.251, 8.081, 11.958, 14.691, 15.071, 13.327, 12.764, 11.587, 11.798, 13.191, 14.928, 16.003, 15.256, 13.021, 12.384, 13.447, 13.334, 12.129, 10.491, 8.723, 7.047, 6.702, 8.737, 9.233, 8.96, 9.131, 8.386, 7.863, 7.2, 5.974, 5.176, 5.829, 7.45, 8.134, 7.572, 7.198, 7.559, 6.417, 5.619, 5.94, 6.192, 5.023, 4.701, 4.206, 5.105, 5.41, 6.435, 8.173, 8.352, 6.136, 4.445, 4.087, 3.12, 2.012, 1.61, 1.948, 2.938, 3.174, 2.644, 6.05, 6.035, 5.108, 4.914, 4.29, 4.801, 6.738, 7.165, 5.882, 5.569, 5.044, 3.628, 2.618, 3.447, 4.958, 4.97, 3.784, 6.791, 12.669, 14.029, 12.219, 11.604, 11.871, 12.506, 12.276, 11.517, 10.889, 9.247, 8.238, 7.989, 8.272, 7.669, 7.4, 8.546, 8.769, 9.281, 9.193, 8.622, 8.04, 8.002, 8.369, 7.517, 4.875, 3.169, 7.82, 8.905, 6.811, 3.169, 1.699, 1.708, 3.85, 3.648, 3.194, 3.659, 3.43, 3.368, 2.583, 2.091, 2.225, 2.864, 2.788, 2.513, 1.993, 1.979, 2.448, 2.546, 2.084, 4.201, 6.174, 7.41, 8.934, 8.313], [9.145, 7.116, 6.249, 5.495, 5.106, 5.026, 3.637, 2.601, 3.912, 3.418, 1.658, 1.171, 0.0, 0.981, 3.235, 5.137, 5.476, 3.805, 2.155, 3.089, 1.65, 1.296, 1.876, 1.773, 1.518, 2.073, 1.731, 4.569, 6.206, 4.736, 3.994, 4.095, 4.901, 6.001, 6.391, 7.04, 6.916, 7.061, 9.155, 10.017, 10.043, 10.142, 9.308, 10.793, 12.378, 12.749, 14.1, 16.373, 17.381, 17.889, 18.437, 17.295, 14.727, 11.849, 11.314, 11.35, 11.269, 11.373, 11.533, 10.153, 7.27, 5.039, 4.259, 3.61, 3.395, 4.461, 4.731, 4.878, 5.382, 7.487, 8.117, 7.089, 7.377, 7.517, 6.68, 6.188, 8.059, 12.025, 14.826, 15.208, 13.478, 12.936, 11.737, 11.88, 13.289, 15.05, 16.115, 15.374, 13.14, 12.519, 13.519, 13.49, 12.273, 10.656, 8.868, 7.125, 6.837, 8.82, 9.335, 9.071, 9.271, 8.539, 7.966, 7.343, 5.945, 5.191, 5.968, 7.564, 8.282, 7.706, 7.253, 7.574, 6.405, 5.725, 5.914, 6.104, 4.912, 4.771, 4.23, 5.009, 5.435, 6.515, 8.332, 8.511, 6.196, 4.572, 3.969, 3.069, 1.874, 1.47, 1.911, 2.688, 2.913, 2.739, 6.195, 6.183, 5.285, 5.066, 4.386, 4.792, 6.679, 7.178, 5.826, 5.484, 4.983, 3.608, 2.792, 3.608, 5.07, 5.009, 3.642, 6.839, 12.842, 14.192, 12.371, 11.7, 12.028, 12.683, 12.457, 11.666, 11.03, 9.143, 8.088, 7.968, 8.275, 7.658, 7.333, 8.642, 8.747, 9.246, 9.114, 8.584, 7.813, 7.959, 8.383, 7.676, 4.822, 2.816, 7.702, 8.787, 6.693, 3.113, 1.957, 1.586, 3.229, 3.11, 2.732, 2.995, 2.932, 2.705, 1.857, 1.61, 2.074, 2.778, 2.961, 2.697, 2.03, 1.986, 2.884, 2.788, 2.044, 3.877, 6.078, 7.384, 8.931, 8.336], [8.721, 6.602, 5.776, 5.026, 4.627, 4.54, 3.192, 2.189, 3.479, 3.073, 1.485, 1.518, 0.981, 0.0, 2.668, 4.754, 5.16, 3.781, 2.571, 3.433, 2.213, 1.575, 2.003, 1.932, 1.515, 2.285, 1.789, 4.296, 5.997, 4.534, 3.836, 3.748, 4.586, 5.73, 6.098, 6.75, 6.619, 6.634, 8.778, 9.726, 9.694, 9.884, 8.974, 10.384, 12.133, 12.505, 13.837, 16.164, 17.173, 17.682, 18.23, 17.093, 14.456, 11.566, 10.846, 11.003, 10.966, 11.131, 11.232, 9.775, 6.839, 4.578, 3.952, 3.252, 3.007, 4.075, 4.436, 4.466, 4.988, 7.019, 7.773, 6.828, 7.132, 7.231, 6.377, 5.71, 7.787, 11.762, 14.527, 14.909, 13.23, 12.674, 11.471, 11.651, 13.041, 14.842, 15.907, 15.17, 12.932, 12.276, 13.277, 13.232, 12.015, 10.397, 8.623, 6.922, 6.595, 8.577, 9.125, 8.805, 8.994, 8.266, 7.726, 7.094, 5.667, 4.893, 5.744, 7.328, 8.021, 7.45, 6.98, 7.32, 6.241, 5.612, 5.769, 5.618, 4.431, 4.414, 3.934, 4.464, 5.114, 6.279, 8.054, 8.253, 5.925, 4.267, 3.642, 2.704, 1.599, 1.523, 1.725, 2.529, 2.787, 2.46, 5.942, 5.926, 4.948, 4.808, 4.157, 4.535, 6.394, 6.865, 5.503, 5.147, 4.702, 3.389, 2.701, 3.512, 4.736, 4.754, 3.182, 6.442, 12.491, 13.84, 11.985, 11.3, 11.709, 12.42, 12.19, 11.404, 10.752, 8.773, 7.647, 7.639, 7.968, 7.196, 6.9, 8.23, 8.32, 8.86, 8.741, 8.157, 7.377, 7.543, 7.949, 7.288, 4.485, 3.169, 7.904, 8.988, 6.898, 3.474, 2.31, 1.468, 2.84, 2.849, 2.293, 2.668, 2.411, 2.123, 1.495, 1.307, 1.724, 2.572, 2.863, 2.77, 2.063, 2.045, 2.938, 2.879, 1.912, 3.354, 5.641, 7.088, 8.698, 8.067], [7.83, 6.0, 5.055, 5.476, 5.538, 5.695, 4.552, 2.094, 2.793, 2.565, 3.126, 3.289, 3.235, 2.668, 0.0, 2.503, 3.188, 2.106, 3.508, 4.721, 3.815, 3.348, 4.21, 3.997, 3.847, 4.719, 3.6, 2.514, 3.908, 2.793, 2.553, 2.261, 2.778, 3.707, 4.168, 4.602, 4.781, 5.375, 7.342, 8.028, 8.251, 7.838, 7.178, 8.99, 9.994, 10.348, 11.665, 14.027, 15.035, 15.545, 16.093, 14.959, 12.292, 9.455, 9.045, 8.897, 8.811, 8.962, 9.056, 7.615, 4.694, 2.594, 2.133, 1.632, 1.612, 2.18, 2.377, 2.381, 2.94, 4.544, 5.451, 4.658, 4.998, 5.171, 4.69, 3.616, 5.678, 9.625, 12.584, 13.02, 11.314, 10.508, 9.321, 9.501, 10.877, 12.72, 13.77, 13.033, 10.795, 10.118, 11.123, 11.064, 9.877, 8.246, 6.456, 4.788, 4.446, 6.528, 7.237, 6.818, 6.899, 6.222, 5.728, 5.012, 3.586, 2.811, 3.665, 5.168, 5.807, 5.261, 4.97, 5.176, 4.311, 3.653, 3.807, 4.01, 2.954, 3.001, 3.071, 3.521, 4.083, 4.787, 6.2, 6.98, 5.272, 4.023, 3.629, 3.406, 3.228, 2.93, 3.171, 3.936, 3.906, 2.575, 4.191, 3.795, 3.102, 2.881, 2.759, 2.513, 4.245, 4.73, 3.344, 3.165, 2.68, 1.825, 1.635, 1.883, 2.691, 2.83, 2.892, 4.763, 10.486, 11.872, 10.058, 9.786, 9.823, 10.506, 10.314, 9.776, 9.934, 8.747, 7.951, 7.531, 7.19, 6.384, 7.144, 7.845, 8.159, 9.025, 9.008, 8.803, 8.392, 7.979, 7.632, 7.09, 5.474, 5.653, 10.038, 11.137, 9.109, 5.933, 3.215, 2.705, 4.487, 4.463, 3.817, 4.258, 3.948, 3.704, 3.455, 3.403, 2.409, 2.102, 3.61, 4.31, 3.697, 3.714, 3.736, 4.015, 3.186, 2.898, 4.553, 5.55, 6.974, 6.176], [6.657, 5.222, 4.351, 5.275, 5.716, 6.218, 5.253, 3.502, 3.267, 3.654, 4.837, 5.229, 5.137, 4.754, 2.503, 0.0, 1.893, 2.035, 5.443, 6.489, 5.583, 5.19, 5.979, 5.897, 5.662, 6.708, 5.541, 1.673, 2.18, 1.813, 2.506, 2.423, 1.617, 1.821, 2.409, 2.643, 3.115, 4.152, 5.878, 6.32, 6.748, 6.049, 5.72, 7.402, 7.924, 8.18, 9.552, 11.946, 12.903, 13.423, 13.971, 12.843, 10.141, 7.601, 7.361, 6.84, 6.817, 6.834, 6.891, 5.471, 3.16, 1.739, 2.212, 2.909, 2.719, 1.9, 2.127, 1.651, 1.41, 3.043, 3.763, 2.635, 2.916, 3.14, 3.184, 2.16, 3.558, 7.519, 10.736, 11.351, 9.777, 8.366, 7.358, 7.506, 8.793, 10.626, 11.646, 10.905, 8.674, 7.989, 8.994, 8.949, 7.742, 6.174, 4.316, 2.705, 2.474, 4.576, 5.358, 4.858, 4.984, 4.59, 3.92, 3.213, 2.025, 1.768, 2.163, 3.043, 3.674, 3.177, 3.2, 3.074, 2.437, 1.871, 2.01, 2.36, 1.979, 2.148, 2.366, 3.226, 3.361, 3.669, 5.517, 6.342, 4.857, 3.886, 3.586, 4.233, 4.952, 4.769, 4.913, 5.28, 5.117, 3.918, 2.665, 2.495, 2.466, 2.634, 2.738, 2.006, 2.316, 2.79, 1.538, 1.704, 1.505, 1.928, 2.926, 2.788, 1.645, 1.528, 2.612, 3.614, 8.647, 9.969, 8.324, 8.485, 8.587, 8.839, 8.797, 8.671, 8.899, 7.941, 7.391, 6.885, 6.398, 5.82, 6.96, 7.42, 7.794, 8.778, 8.563, 8.85, 8.891, 8.226, 7.605, 7.222, 6.633, 7.461, 12.176, 13.295, 11.219, 8.016, 4.97, 4.318, 5.639, 5.095, 4.673, 5.547, 5.305, 4.923, 5.246, 5.181, 4.055, 3.635, 5.858, 6.552, 5.854, 5.895, 5.972, 6.214, 5.332, 3.108, 3.495, 4.192, 5.272, 4.946], [5.177, 4.024, 3.687, 4.936, 5.771, 6.337, 5.445, 3.639, 3.412, 3.815, 5.009, 5.501, 5.476, 5.16, 3.188, 1.893, 0.0, 2.629, 5.74, 6.77, 5.992, 5.5, 6.141, 6.076, 5.884, 6.881, 5.741, 1.849, 1.492, 1.423, 2.558, 2.547, 1.862, 2.311, 2.178, 2.359, 2.295, 2.868, 4.41, 5.173, 5.661, 5.288, 4.943, 6.235, 7.425, 7.797, 9.16, 11.555, 12.553, 13.072, 13.62, 12.499, 9.838, 6.797, 6.426, 6.316, 6.379, 6.558, 6.543, 5.171, 2.491, 1.635, 2.73, 3.554, 3.059, 2.05, 1.957, 1.652, 2.225, 2.662, 3.694, 2.394, 2.616, 2.722, 2.045, 1.431, 3.029, 7.034, 9.913, 10.188, 8.479, 7.778, 6.722, 6.982, 8.404, 10.222, 11.298, 10.565, 8.329, 7.631, 8.649, 8.603, 7.333, 5.785, 3.977, 3.536, 2.956, 3.901, 4.682, 4.286, 4.359, 3.509, 2.926, 2.444, 1.645, 1.52, 1.495, 2.567, 3.158, 2.69, 2.362, 2.716, 2.002, 1.955, 1.67, 1.765, 1.192, 1.454, 1.973, 2.825, 2.418, 2.745, 4.526, 5.285, 4.186, 3.747, 3.46, 4.365, 5.16, 5.065, 5.139, 5.493, 5.441, 4.073, 2.489, 3.163, 2.482, 3.164, 2.965, 2.379, 2.035, 2.177, 1.64, 1.5, 1.631, 2.358, 3.352, 3.659, 1.866, 1.271, 2.525, 2.337, 7.696, 9.078, 7.331, 7.064, 7.849, 7.738, 7.613, 7.19, 7.454, 6.787, 6.442, 5.729, 5.258, 4.741, 6.175, 6.583, 6.921, 8.214, 8.044, 8.506, 8.798, 7.978, 7.315, 7.188, 6.735, 7.573, 12.548, 13.709, 11.635, 8.321, 5.184, 4.558, 5.778, 5.207, 4.74, 5.937, 5.654, 5.238, 5.576, 5.514, 4.34, 4.106, 6.352, 7.066, 6.277, 6.343, 6.48, 6.678, 5.728, 3.06, 2.935, 2.839, 4.031, 3.668], [7.087, 5.674, 4.741, 5.541, 5.922, 6.269, 5.071, 2.973, 3.051, 3.316, 3.859, 3.766, 3.805, 3.781, 2.106, 2.035, 2.629, 0.0, 3.844, 4.954, 4.095, 3.88, 4.388, 4.098, 4.272, 5.072, 3.905, 1.588, 3.197, 2.305, 1.694, 2.053, 2.209, 2.913, 3.478, 3.831, 3.867, 4.661, 6.468, 7.198, 7.53, 7.11, 6.448, 8.181, 9.307, 9.678, 10.959, 13.375, 14.378, 14.892, 15.44, 14.308, 11.674, 8.754, 8.206, 8.22, 8.108, 8.313, 8.419, 7.092, 4.378, 2.249, 1.589, 1.971, 2.216, 2.086, 2.394, 2.04, 2.463, 4.553, 5.172, 4.113, 4.381, 4.509, 3.943, 3.058, 4.901, 8.839, 11.64, 12.081, 10.639, 9.755, 8.597, 8.796, 10.214, 12.047, 13.118, 12.38, 10.143, 9.452, 10.459, 10.414, 9.151, 7.595, 5.781, 4.138, 3.783, 5.777, 6.457, 6.072, 6.113, 5.456, 4.935, 4.259, 3.114, 2.368, 2.965, 4.393, 5.047, 4.529, 4.174, 4.395, 3.526, 2.799, 2.956, 3.215, 2.563, 2.792, 2.92, 3.512, 3.773, 4.231, 5.995, 6.906, 5.263, 4.31, 3.809, 3.893, 4.047, 3.408, 4.104, 4.967, 4.976, 3.226, 3.432, 3.241, 2.783, 2.821, 3.202, 2.457, 3.565, 4.025, 2.753, 2.534, 2.16, 1.55, 1.921, 1.882, 2.153, 2.301, 2.612, 4.108, 9.476, 10.878, 9.09, 8.942, 9.111, 9.751, 9.586, 9.212, 9.447, 8.366, 7.742, 7.286, 6.859, 6.089, 7.194, 7.778, 8.082, 9.007, 8.85, 9.029, 8.872, 8.417, 7.866, 7.371, 6.331, 5.875, 10.706, 11.797, 9.68, 6.34, 3.272, 3.271, 5.262, 5.033, 4.586, 5.244, 5.083, 4.686, 4.336, 4.351, 2.874, 2.33, 4.405, 5.151, 4.341, 4.416, 4.524, 4.683, 3.956, 3.269, 4.151, 4.883, 6.152, 5.639], [9.686, 7.637, 6.722, 6.579, 6.534, 6.567, 5.293, 3.301, 4.441, 3.93, 2.771, 1.883, 2.155, 2.571, 3.508, 5.443, 5.74, 3.844, 0.0, 1.598, 1.886, 2.316, 2.854, 2.693, 2.799, 3.153, 1.985, 4.812, 6.554, 5.017, 3.886, 4.227, 5.224, 6.403, 6.807, 7.43, 7.283, 7.419, 9.556, 10.392, 10.567, 10.594, 9.709, 11.239, 12.798, 13.169, 14.572, 16.911, 17.92, 18.429, 18.977, 17.854, 15.129, 12.194, 11.602, 11.714, 11.688, 11.818, 11.911, 10.484, 7.699, 5.149, 4.215, 3.514, 3.378, 4.799, 5.13, 5.118, 5.799, 7.615, 8.274, 7.576, 7.897, 8.01, 7.045, 6.428, 8.446, 12.461, 15.245, 15.598, 13.882, 13.331, 12.143, 12.351, 13.76, 15.589, 16.654, 15.917, 13.679, 13.008, 14.005, 13.986, 12.74, 11.166, 9.373, 7.678, 7.329, 9.236, 9.874, 9.55, 9.641, 8.906, 8.351, 7.756, 6.434, 5.548, 6.37, 7.971, 8.649, 8.127, 7.653, 7.999, 6.922, 6.126, 6.339, 6.424, 5.275, 5.001, 4.689, 5.404, 5.815, 6.97, 8.731, 8.977, 6.895, 5.418, 4.808, 4.392, 3.364, 2.539, 3.24, 4.393, 4.499, 3.688, 6.574, 6.584, 5.671, 5.482, 4.867, 5.171, 7.064, 7.545, 6.201, 5.874, 5.419, 4.015, 2.889, 3.472, 5.219, 5.327, 4.195, 7.222, 13.212, 14.563, 12.744, 12.112, 12.396, 13.075, 12.927, 12.032, 11.573, 10.16, 9.164, 8.861, 8.866, 8.143, 8.324, 9.18, 9.419, 10.288, 10.23, 9.842, 9.303, 9.009, 9.039, 8.274, 5.834, 4.031, 7.143, 8.227, 6.192, 2.808, 1.592, 2.551, 5.019, 4.988, 4.527, 4.894, 4.598, 4.42, 3.597, 3.119, 2.821, 2.797, 2.107, 2.17, 1.982, 1.76, 1.842, 1.759, 2.697, 4.486, 6.475, 7.703, 9.326, 8.713], [10.454, 8.656, 7.666, 7.199, 7.024, 7.1, 5.872, 4.344, 5.398, 5.022, 3.459, 2.758, 3.089, 3.433, 4.721, 6.489, 6.77, 4.954, 1.598, 0.0, 2.386, 3.108, 3.102, 3.185, 3.163, 3.641, 2.529, 5.866, 7.754, 6.12, 4.647, 4.949, 6.29, 7.462, 7.984, 8.507, 8.272, 8.245, 10.395, 11.405, 11.745, 11.827, 10.951, 12.16, 14.02, 14.419, 15.794, 18.216, 19.201, 19.735, 20.283, 19.17, 16.361, 13.308, 12.59, 12.818, 12.913, 13.118, 13.118, 11.706, 8.945, 6.423, 5.05, 4.274, 4.278, 5.852, 6.292, 6.163, 7.017, 8.753, 9.48, 8.867, 9.211, 9.333, 8.159, 7.33, 9.527, 13.647, 16.381, 16.622, 14.911, 14.31, 13.195, 13.62, 15.056, 16.868, 17.943, 17.203, 14.986, 14.294, 15.306, 15.268, 13.996, 12.441, 10.623, 8.982, 8.628, 10.487, 11.143, 10.788, 10.809, 9.882, 9.405, 8.972, 7.772, 6.861, 7.543, 9.128, 9.812, 9.329, 8.849, 9.172, 8.18, 7.343, 7.538, 7.318, 6.34, 5.987, 5.879, 6.349, 6.901, 8.037, 9.997, 10.247, 8.035, 6.602, 5.786, 5.195, 4.146, 3.682, 4.197, 5.388, 5.515, 4.932, 7.612, 7.656, 6.831, 6.736, 6.067, 6.222, 8.177, 8.796, 7.492, 7.135, 6.678, 5.271, 4.034, 4.473, 6.455, 6.604, 4.949, 8.074, 14.08, 15.465, 13.62, 12.974, 13.582, 14.275, 14.126, 13.169, 12.633, 10.956, 9.847, 9.707, 10.003, 9.032, 8.948, 9.966, 10.081, 10.732, 10.751, 10.338, 9.929, 9.666, 9.784, 9.254, 6.645, 4.012, 5.945, 7.026, 5.088, 2.176, 2.115, 3.093, 5.53, 5.612, 5.265, 5.657, 5.308, 4.899, 3.878, 3.494, 3.577, 3.62, 2.551, 2.617, 2.448, 2.237, 2.313, 1.863, 2.961, 4.986, 7.359, 8.675, 10.252, 9.822], [9.708, 7.69, 6.817, 5.978, 5.772, 5.77, 4.433, 3.146, 4.529, 3.909, 2.181, 1.294, 1.65, 2.213, 3.815, 5.583, 5.992, 4.095, 1.886, 2.386, 0.0, 1.459, 2.228, 2.165, 2.203, 2.606, 2.063, 4.945, 6.451, 5.154, 4.238, 4.521, 5.517, 6.463, 6.864, 7.545, 7.378, 7.53, 9.642, 10.5, 10.591, 10.469, 9.751, 11.355, 12.557, 12.93, 14.422, 16.652, 17.644, 18.132, 18.68, 17.549, 14.865, 12.19, 11.736, 11.588, 11.647, 11.545, 11.729, 10.47, 7.729, 5.495, 4.6, 3.888, 3.71, 4.924, 5.152, 5.415, 5.742, 7.633, 8.232, 7.412, 7.632, 7.859, 7.074, 6.738, 8.496, 12.398, 15.291, 15.681, 13.842, 13.274, 12.054, 12.249, 13.654, 15.292, 16.358, 15.628, 13.402, 12.728, 13.7, 13.807, 12.601, 11.052, 9.225, 7.475, 7.068, 9.107, 9.675, 9.386, 9.699, 8.948, 8.344, 7.676, 6.418, 5.516, 6.27, 7.93, 8.668, 8.054, 7.736, 7.978, 6.838, 6.039, 6.326, 6.656, 5.622, 5.314, 4.681, 5.704, 5.922, 6.97, 8.653, 8.796, 6.678, 4.854, 4.482, 3.61, 2.564, 2.041, 2.502, 3.476, 3.518, 3.343, 6.615, 6.53, 5.68, 5.431, 4.748, 5.187, 7.094, 7.47, 6.148, 5.855, 5.442, 3.965, 2.867, 3.567, 5.199, 5.348, 4.337, 7.329, 13.297, 14.656, 12.846, 12.236, 12.487, 13.032, 12.873, 12.093, 11.501, 9.713, 8.49, 8.443, 8.848, 8.235, 7.97, 9.182, 9.357, 9.76, 9.595, 9.051, 8.514, 8.529, 8.989, 8.122, 5.399, 2.85, 7.447, 8.532, 6.441, 2.864, 1.928, 2.116, 4.206, 4.144, 3.613, 4.081, 3.784, 3.774, 2.937, 2.518, 2.552, 3.139, 2.952, 2.757, 2.215, 2.255, 2.82, 2.795, 2.503, 4.598, 6.536, 7.69, 9.377, 8.661], [9.139, 7.128, 6.245, 5.466, 5.096, 4.9, 3.568, 2.625, 3.926, 3.389, 1.724, 1.195, 1.296, 1.575, 3.348, 5.19, 5.5, 3.88, 2.316, 3.108, 1.459, 0.0, 1.565, 1.642, 1.623, 2.247, 1.574, 4.43, 6.05, 4.654, 3.732, 3.728, 4.92, 5.951, 6.39, 7.047, 6.874, 7.036, 9.122, 9.97, 10.033, 10.048, 9.289, 10.755, 12.301, 12.672, 13.987, 16.338, 17.345, 17.855, 18.403, 17.266, 14.679, 11.808, 11.323, 11.296, 11.243, 11.325, 11.444, 10.186, 7.414, 5.036, 4.071, 3.398, 3.134, 4.462, 4.701, 4.929, 5.504, 7.416, 8.023, 7.166, 7.37, 7.553, 6.636, 6.266, 8.02, 11.928, 14.768, 15.161, 13.378, 12.819, 11.622, 11.811, 13.246, 15.014, 16.08, 15.343, 13.11, 12.458, 13.456, 13.391, 12.18, 10.576, 8.76, 7.096, 6.766, 8.752, 9.313, 9.005, 9.23, 8.48, 7.893, 7.235, 6.035, 5.157, 5.872, 7.492, 8.205, 7.6, 7.223, 7.542, 6.367, 5.62, 5.868, 6.116, 5.012, 4.788, 4.168, 5.097, 5.404, 6.464, 8.269, 8.398, 6.14, 4.414, 3.912, 2.98, 1.699, 1.586, 1.883, 2.866, 2.958, 2.814, 6.133, 6.092, 5.215, 4.981, 4.314, 4.734, 6.642, 7.11, 5.838, 5.464, 4.953, 3.55, 2.572, 3.445, 4.938, 4.99, 3.764, 6.79, 12.795, 14.144, 12.321, 11.652, 11.98, 12.567, 12.366, 11.605, 10.984, 9.221, 7.962, 7.95, 8.257, 7.621, 7.396, 8.603, 8.804, 9.265, 9.031, 8.426, 7.688, 8.001, 8.399, 7.571, 4.776, 3.123, 7.73, 8.815, 6.722, 3.2, 1.864, 1.667, 3.509, 3.259, 2.732, 3.282, 2.959, 3.124, 2.276, 2.058, 2.072, 2.763, 2.638, 2.589, 1.989, 2.016, 2.735, 2.835, 2.081, 4.158, 6.061, 7.331, 8.874, 8.253], [9.523, 7.767, 6.826, 5.587, 5.063, 4.681, 3.231, 3.427, 4.397, 4.185, 2.004, 1.867, 1.876, 2.003, 4.21, 5.979, 6.141, 4.388, 2.854, 3.102, 2.228, 1.565, 0.0, 1.209, 1.366, 1.437, 1.576, 5.092, 6.963, 5.398, 4.008, 4.182, 5.555, 6.687, 7.243, 7.767, 7.504, 7.51, 9.529, 10.638, 10.897, 11.028, 10.126, 11.354, 13.272, 13.649, 14.994, 17.418, 18.411, 18.936, 19.484, 18.363, 15.742, 12.711, 11.993, 12.274, 12.291, 12.458, 12.471, 11.175, 8.44, 5.934, 4.553, 3.906, 3.853, 5.222, 5.611, 5.6, 6.56, 8.351, 9.037, 8.297, 8.517, 8.69, 7.52, 6.797, 8.788, 12.866, 15.564, 15.778, 14.169, 13.562, 12.512, 12.839, 14.269, 16.081, 17.154, 16.424, 14.196, 13.515, 14.523, 14.468, 13.195, 11.649, 9.84, 8.196, 7.837, 9.753, 10.357, 10.018, 10.069, 9.117, 8.614, 8.225, 7.041, 6.128, 6.822, 8.32, 9.021, 8.544, 8.115, 8.455, 7.448, 6.697, 6.925, 6.647, 5.685, 5.328, 5.047, 5.626, 6.129, 7.223, 9.199, 9.396, 6.877, 5.412, 4.694, 3.272, 2.284, 2.406, 2.733, 3.632, 3.671, 3.731, 6.862, 6.907, 5.99, 5.933, 5.276, 5.528, 7.531, 8.099, 6.855, 6.524, 5.995, 4.585, 3.424, 4.139, 5.908, 5.913, 3.982, 7.234, 13.299, 14.674, 12.734, 12.062, 12.768, 13.464, 13.318, 12.424, 11.821, 9.444, 7.739, 8.516, 9.173, 8.014, 7.428, 9.037, 9.043, 9.01, 9.053, 7.956, 7.624, 8.125, 8.804, 8.297, 5.43, 2.666, 6.72, 7.819, 5.98, 2.768, 2.094, 1.883, 2.902, 2.92, 2.959, 3.236, 2.89, 2.812, 1.945, 1.798, 2.321, 3.02, 2.938, 3.011, 2.214, 2.331, 3.255, 2.894, 1.76, 4.256, 6.771, 8.124, 9.597, 9.177], [9.251, 7.39, 6.586, 5.521, 4.969, 4.631, 3.252, 3.094, 4.133, 3.882, 2.079, 1.799, 1.773, 1.932, 3.997, 5.897, 6.076, 4.098, 2.693, 3.185, 2.165, 1.642, 1.209, 0.0, 1.402, 1.883, 1.422, 4.869, 6.729, 5.277, 4.017, 4.18, 5.414, 6.559, 6.998, 7.577, 7.355, 7.424, 9.425, 10.434, 10.449, 10.66, 9.769, 11.055, 12.934, 13.305, 14.606, 16.964, 17.974, 18.482, 19.03, 17.921, 15.481, 12.527, 11.8, 12.081, 11.985, 12.106, 12.222, 10.983, 8.17, 5.803, 4.639, 3.947, 3.87, 4.983, 5.27, 5.531, 6.271, 8.24, 8.782, 7.966, 8.145, 8.366, 7.279, 6.814, 8.715, 12.586, 15.176, 15.542, 13.991, 13.413, 12.261, 12.459, 13.857, 15.642, 16.708, 15.974, 13.749, 13.094, 14.133, 14.019, 12.791, 11.179, 9.399, 7.752, 7.4, 9.42, 9.932, 9.639, 9.724, 8.94, 8.438, 7.886, 6.767, 5.887, 6.54, 8.076, 8.701, 8.209, 7.804, 8.16, 7.074, 6.317, 6.583, 6.538, 5.52, 5.325, 4.828, 5.383, 5.917, 7.009, 8.861, 9.025, 6.617, 5.08, 4.449, 3.052, 1.927, 2.087, 2.481, 3.208, 3.374, 3.253, 6.64, 6.659, 5.718, 5.574, 4.889, 5.425, 7.425, 7.858, 6.601, 6.279, 5.707, 4.285, 3.227, 3.769, 5.711, 5.682, 3.945, 7.108, 13.087, 14.453, 12.58, 11.86, 12.4, 13.18, 12.93, 12.076, 11.472, 9.246, 7.853, 8.274, 8.774, 7.742, 7.285, 8.835, 8.811, 9.057, 8.964, 8.149, 7.372, 7.886, 8.538, 7.938, 5.208, 2.869, 7.104, 8.189, 6.142, 2.695, 2.056, 1.906, 2.986, 2.793, 2.547, 3.268, 2.92, 2.799, 2.046, 2.076, 2.167, 2.919, 2.626, 2.704, 1.897, 2.1, 2.943, 2.808, 2.132, 4.237, 6.659, 7.976, 9.496, 9.006], [9.334, 7.431, 6.573, 5.473, 4.901, 4.691, 3.488, 3.131, 4.184, 3.935, 1.982, 1.824, 1.518, 1.515, 3.847, 5.662, 5.884, 4.272, 2.799, 3.163, 2.203, 1.623, 1.366, 1.402, 0.0, 1.394, 1.7, 4.908, 6.703, 5.151, 4.052, 4.143, 5.265, 6.479, 7.022, 7.588, 7.316, 7.289, 9.39, 10.407, 10.645, 10.795, 9.877, 11.067, 12.959, 13.373, 14.764, 17.158, 18.16, 18.675, 19.223, 18.125, 15.398, 12.383, 11.692, 12.004, 11.992, 12.196, 12.083, 10.721, 8.051, 5.602, 4.467, 3.738, 3.659, 4.918, 5.377, 5.273, 6.149, 7.997, 8.73, 7.938, 8.191, 8.33, 7.274, 6.483, 8.621, 12.655, 15.352, 15.637, 13.958, 13.37, 12.203, 12.611, 14.018, 15.833, 16.9, 16.179, 13.947, 13.251, 14.263, 14.217, 12.948, 11.4, 9.589, 7.954, 7.574, 9.461, 10.097, 9.773, 9.762, 8.911, 8.439, 7.932, 6.761, 5.89, 6.517, 8.112, 8.803, 8.31, 7.838, 8.234, 7.19, 6.44, 6.582, 6.273, 5.32, 5.046, 4.813, 5.259, 5.953, 7.054, 8.947, 9.166, 6.692, 5.145, 4.423, 3.24, 2.05, 2.136, 2.304, 2.847, 2.833, 3.4, 6.636, 6.619, 5.765, 5.69, 5.028, 5.276, 7.198, 7.767, 6.473, 6.158, 5.665, 4.27, 3.177, 4.06, 5.557, 5.583, 3.849, 7.084, 13.071, 14.443, 12.622, 11.938, 12.523, 13.217, 13.114, 12.115, 11.516, 9.415, 7.865, 8.277, 8.928, 7.849, 7.298, 8.853, 8.833, 9.091, 9.027, 8.307, 7.525, 7.892, 8.592, 7.981, 4.95, 2.443, 6.935, 8.02, 6.09, 2.733, 2.211, 1.708, 2.771, 2.654, 2.599, 3.049, 2.865, 2.411, 1.434, 1.583, 2.128, 3.12, 3.172, 2.995, 2.289, 2.464, 3.482, 3.1, 1.852, 3.978, 6.531, 7.863, 9.414, 8.849], [10.329, 8.449, 7.55, 6.291, 5.7, 5.2, 3.552, 4.15, 5.172, 4.955, 2.691, 2.375, 2.073, 2.285, 4.719, 6.708, 6.881, 5.072, 3.153, 3.641, 2.606, 2.247, 1.437, 1.883, 1.394, 0.0, 2.268, 5.834, 7.788, 6.199, 4.872, 5.023, 6.376, 7.595, 8.067, 8.631, 8.366, 8.344, 10.442, 11.537, 11.663, 11.836, 10.908, 12.171, 14.063, 14.434, 15.805, 18.187, 19.194, 19.705, 20.253, 19.136, 16.488, 13.501, 12.711, 13.06, 13.011, 13.209, 13.197, 11.805, 9.016, 6.406, 5.299, 4.635, 4.514, 5.982, 6.358, 6.329, 7.151, 8.869, 9.575, 8.956, 9.216, 9.359, 8.287, 7.572, 9.711, 13.698, 16.351, 16.696, 15.091, 14.529, 13.377, 13.621, 15.037, 16.865, 17.93, 17.201, 14.966, 14.286, 15.282, 15.236, 13.982, 12.413, 10.61, 8.967, 8.606, 10.519, 11.139, 10.816, 10.838, 10.065, 9.539, 8.997, 7.7, 6.832, 7.636, 9.192, 9.827, 9.338, 8.889, 9.256, 8.216, 7.429, 7.615, 7.372, 6.323, 6.066, 5.76, 6.227, 6.965, 8.109, 9.984, 10.213, 7.768, 6.199, 5.459, 4.014, 2.898, 3.001, 3.217, 3.756, 3.674, 4.418, 7.762, 7.782, 6.828, 6.722, 6.065, 6.415, 8.356, 8.803, 7.472, 7.161, 6.714, 5.326, 4.179, 4.881, 6.488, 6.552, 4.692, 8.127, 14.152, 15.545, 13.634, 12.932, 13.536, 14.313, 14.137, 13.198, 12.595, 10.166, 8.198, 9.287, 9.939, 8.713, 8.161, 9.951, 9.891, 9.715, 9.923, 8.383, 7.827, 8.753, 9.655, 9.068, 5.98, 2.278, 5.873, 7.049, 5.529, 2.588, 2.845, 2.726, 2.542, 2.753, 3.258, 3.122, 3.021, 2.891, 2.053, 1.96, 2.899, 3.753, 3.638, 3.244, 2.616, 2.848, 3.797, 3.283, 2.08, 4.872, 7.626, 8.978, 10.556, 10.016], [9.325, 7.427, 6.518, 5.842, 5.526, 5.443, 4.16, 3.041, 4.128, 3.835, 2.325, 1.575, 1.731, 1.789, 3.6, 5.541, 5.741, 3.905, 1.985, 2.529, 2.063, 1.574, 1.576, 1.422, 1.7, 2.268, 0.0, 4.719, 6.482, 4.935, 3.455, 3.647, 5.056, 6.334, 6.832, 7.44, 7.203, 7.259, 9.322, 10.309, 10.473, 10.567, 9.653, 10.99, 12.809, 13.18, 14.537, 16.94, 17.935, 18.458, 19.006, 17.899, 15.272, 12.285, 11.579, 11.847, 11.831, 11.985, 11.995, 10.654, 7.885, 5.283, 3.976, 3.213, 3.207, 4.798, 5.219, 5.189, 6.007, 7.714, 8.373, 7.762, 8.024, 8.167, 7.133, 6.43, 8.444, 12.478, 15.175, 15.458, 13.811, 13.241, 12.067, 12.387, 13.816, 15.613, 16.683, 15.955, 13.716, 13.032, 14.051, 13.989, 12.716, 11.17, 9.391, 7.713, 7.358, 9.302, 9.903, 9.585, 9.649, 8.799, 8.292, 7.745, 6.508, 5.627, 6.36, 7.883, 8.634, 8.11, 7.663, 8.065, 7.006, 6.201, 6.443, 6.261, 5.186, 4.845, 4.574, 5.2, 5.783, 6.873, 8.738, 8.94, 6.486, 4.98, 4.463, 3.594, 2.383, 2.066, 2.572, 3.611, 3.759, 3.176, 6.492, 6.484, 5.544, 5.494, 4.824, 5.146, 7.067, 7.56, 6.332, 6.001, 5.491, 4.099, 2.878, 3.343, 5.315, 5.377, 3.85, 6.981, 12.978, 14.344, 12.47, 11.767, 12.327, 12.993, 12.899, 12.013, 11.418, 9.732, 8.462, 8.461, 8.744, 7.839, 7.574, 8.754, 8.965, 9.557, 9.431, 8.866, 8.225, 8.284, 8.61, 7.958, 5.121, 3.506, 7.142, 8.198, 6.229, 2.809, 1.437, 1.981, 3.95, 3.815, 3.41, 4.087, 3.712, 3.345, 2.554, 2.306, 2.294, 2.571, 1.698, 1.965, 1.185, 1.304, 1.979, 1.988, 1.915, 4.228, 6.365, 7.78, 9.282, 8.716], [6.197, 4.864, 3.996, 5.047, 5.525, 5.998, 4.938, 2.812, 2.741, 3.062, 4.115, 4.434, 4.569, 4.296, 2.514, 1.673, 1.849, 1.588, 4.812, 5.866, 4.945, 4.43, 5.092, 4.869, 4.908, 5.834, 4.719, 0.0, 2.099, 1.419, 1.777, 1.607, 1.441, 2.199, 2.431, 3.079, 2.846, 3.715, 5.449, 6.072, 6.421, 6.149, 5.372, 6.985, 8.322, 8.693, 10.081, 12.457, 13.466, 13.974, 14.522, 13.409, 10.727, 7.777, 7.137, 7.372, 7.296, 7.465, 7.456, 6.227, 3.553, 1.588, 1.888, 2.456, 2.253, 1.802, 2.109, 1.682, 1.869, 3.523, 4.532, 3.363, 3.497, 3.706, 3.032, 2.368, 3.958, 7.949, 10.616, 11.05, 9.762, 8.786, 7.641, 7.886, 9.308, 11.134, 12.2, 11.469, 9.246, 8.566, 9.558, 9.508, 8.258, 6.689, 4.885, 3.393, 2.879, 4.832, 5.467, 5.118, 5.134, 4.515, 3.919, 3.278, 2.214, 1.702, 2.25, 3.465, 4.069, 3.643, 3.233, 3.516, 2.507, 1.919, 2.124, 2.051, 1.837, 1.897,