[[0.0, 0.893, 2.525, 2.473, 2.6, 2.974, 2.88, 3.398, 4.423, 5.829, 6.292, 7.558, 8.767, 7.856, 5.896, 4.65, 4.609, 3.886, 2.163, 2.31, 4.39, 5.075, 2.792, 4.771, 4.638, 4.938, 5.386, 4.831, 4.168, 3.464, 3.7, 3.987, 3.903, 3.966, 3.535, 3.404, 4.301, 4.245, 4.437, 3.783, 2.695, 2.12, 3.34, 4.537, 6.573, 7.336, 7.096, 7.818, 8.109, 5.022, 6.338, 7.309, 5.756, 4.581, 4.918, 5.511, 6.23, 5.742, 5.446, 6.192, 6.956, 7.652, 7.575, 6.526, 6.417, 6.292, 6.166, 6.193, 5.886, 5.315, 6.829, 7.751, 8.433, 8.519, 8.479, 7.823, 7.555, 8.272, 9.563, 9.23, 8.619, 10.364, 13.196, 13.106, 11.353, 9.034, 5.466, 2.351, 1.187, 2.031, 1.659, 1.969, 2.343, 2.236, 2.907, 2.812, 2.698, 3.001, 4.16, 3.737, 2.39, 2.117, 3.79, 5.45, 5.828, 4.51, 3.929, 3.382, 3.628, 3.312, 2.617, 2.705, 2.836, 1.846, 1.605, 2.054, 1.675, 1.552, 1.662, 1.982, 1.968, 4.127, 3.908, 4.549, 4.493, 5.051, 5.48, 5.192, 4.951, 4.951, 4.493, 3.645, 2.688, 2.408, 2.959, 3.65, 3.718, 2.399, 1.814, 2.637, 3.376, 2.245, 2.154, 3.34, 5.483, 7.052, 7.309, 7.059, 7.95, 6.522, 3.245, 3.204, 4.484, 6.561, 6.686, 5.584, 5.308, 6.401, 6.911, 7.585, 8.512, 9.349, 8.798, 7.882, 7.57, 6.172, 4.488, 3.797, 3.086, 2.302, 2.228, 2.817, 3.288, 3.471, 3.458, 2.951, 2.924, 2.433, 1.71, 1.435, 1.757, 3.228, 3.633, 4.525, 4.337, 4.363, 3.776, 3.007, 2.656, 3.116, 3.85, 4.333, 5.515, 5.106, 5.494, 6.618, 6.923, 6.567, 7.034, 6.22, 5.546, 6.853, 6.815, 6.599, 7.325], [0.893, 0.0, 2.604, 2.519, 2.681, 3.149, 3.126, 3.566, 4.603, 6.097, 6.449, 7.76, 8.924, 8.148, 6.13, 4.946, 4.719, 4.07, 2.257, 2.453, 4.563, 5.306, 2.52, 4.352, 4.294, 4.507, 5.024, 4.467, 3.713, 3.245, 3.553, 3.707, 3.664, 3.674, 3.382, 3.222, 4.112, 3.994, 4.075, 3.288, 2.261, 2.041, 3.083, 4.586, 6.734, 7.378, 7.225, 7.977, 8.086, 5.036, 6.594, 7.503, 5.906, 4.708, 5.015, 5.585, 6.262, 5.96, 5.785, 6.349, 7.192, 7.736, 7.614, 6.808, 6.811, 6.739, 6.653, 6.488, 6.244, 5.672, 7.181, 8.022, 8.623, 8.692, 8.482, 7.872, 7.613, 8.273, 9.545, 9.2, 8.678, 10.406, 13.229, 13.117, 11.316, 8.975, 5.438, 2.282, 1.329, 2.267, 1.815, 2.046, 2.444, 2.046, 2.661, 2.484, 2.46, 2.847, 4.071, 3.602, 2.297, 1.934, 3.4, 5.098, 5.548, 4.254, 3.733, 3.467, 3.714, 3.393, 2.703, 2.638, 2.843, 1.748, 1.544, 2.397, 1.891, 1.489, 1.505, 1.703, 1.84, 4.345, 4.08, 4.608, 4.614, 5.221, 5.729, 5.569, 5.479, 5.341, 4.954, 4.022, 3.085, 2.821, 3.325, 4.11, 4.017, 2.836, 2.098, 2.762, 3.573, 2.478, 2.16, 3.593, 5.726, 7.17, 7.343, 7.122, 7.964, 6.547, 3.483, 3.352, 4.565, 6.623, 6.768, 5.633, 5.376, 6.444, 6.98, 7.683, 8.525, 9.4, 8.819, 8.016, 7.638, 6.594, 4.806, 4.266, 3.588, 2.859, 2.601, 3.115, 3.687, 3.914, 3.951, 3.349, 3.313, 2.801, 2.089, 1.383, 1.711, 3.164, 3.673, 4.505, 4.306, 4.272, 3.681, 2.701, 2.529, 3.114, 3.887, 4.549, 5.721, 5.223, 5.612, 6.681, 6.977, 6.613, 7.141, 6.241, 5.776, 7.012, 6.909, 6.801, 7.428], [2.525, 2.604, 0.0, 0.714, 1.198, 1.389, 1.249, 1.547, 2.349, 3.703, 4.0, 5.3, 6.384, 5.638, 3.825, 2.614, 3.185, 2.919, 2.178, 1.994, 2.598, 2.926, 2.903, 6.429, 6.509, 6.603, 6.894, 6.421, 4.949, 3.368, 3.412, 3.837, 4.705, 4.705, 3.809, 2.959, 3.499, 4.035, 4.476, 3.95, 2.78, 2.027, 2.758, 2.959, 4.417, 4.942, 4.755, 5.588, 5.752, 2.886, 4.133, 4.946, 3.688, 2.625, 2.954, 3.544, 4.196, 3.943, 3.619, 4.271, 4.83, 5.39, 5.32, 4.442, 4.667, 4.68, 4.665, 4.546, 4.332, 3.777, 4.891, 5.651, 6.114, 6.139, 6.124, 5.515, 5.234, 5.892, 7.124, 6.837, 6.272, 8.055, 10.825, 10.798, 8.915, 6.702, 3.181, 1.846, 2.398, 2.835, 2.865, 4.236, 4.492, 4.144, 4.677, 4.467, 4.099, 4.959, 6.394, 5.836, 3.867, 3.217, 4.76, 6.914, 7.47, 5.783, 4.864, 4.075, 3.919, 3.635, 3.586, 3.199, 2.346, 2.625, 2.193, 2.043, 2.223, 2.38, 3.05, 3.747, 1.688, 2.045, 1.911, 2.133, 2.82, 3.445, 4.312, 4.918, 5.059, 5.076, 4.243, 3.601, 2.187, 1.615, 2.178, 2.71, 2.106, 1.47, 1.945, 1.936, 2.305, 2.027, 2.087, 1.428, 3.383, 4.742, 5.106, 4.694, 5.592, 4.174, 2.357, 1.501, 2.163, 4.195, 4.364, 3.317, 3.027, 4.157, 4.666, 5.329, 6.305, 7.21, 6.706, 5.94, 5.451, 4.436, 3.281, 3.122, 2.454, 2.108, 1.906, 2.219, 2.619, 2.605, 2.724, 2.245, 1.825, 1.607, 2.156, 2.852, 3.418, 5.277, 5.987, 6.846, 6.667, 6.629, 6.0, 4.542, 3.528, 2.194, 2.439, 2.511, 3.698, 3.183, 3.484, 4.514, 4.667, 4.351, 4.785, 4.147, 3.556, 4.681, 4.792, 4.573, 5.293], [2.473, 2.519, 0.714, 0.0, 1.127, 1.494, 1.427, 1.621, 2.445, 3.792, 4.002, 5.321, 6.462, 5.773, 3.874, 2.781, 3.3, 2.989, 2.234, 2.042, 2.558, 3.053, 2.929, 6.422, 6.497, 6.575, 6.823, 6.399, 4.827, 3.488, 3.484, 3.906, 4.694, 4.732, 3.917, 2.917, 3.537, 4.109, 4.48, 3.881, 2.83, 2.026, 2.751, 2.973, 4.488, 4.991, 4.906, 5.736, 5.799, 2.857, 4.286, 5.06, 3.71, 2.585, 2.921, 3.531, 4.188, 3.91, 3.589, 4.251, 4.905, 5.454, 5.336, 4.498, 4.833, 4.769, 4.735, 4.546, 4.378, 3.801, 4.981, 5.674, 6.227, 6.31, 6.189, 5.577, 5.287, 5.965, 7.193, 6.94, 6.324, 8.108, 10.926, 10.833, 9.015, 6.736, 3.245, 1.781, 2.377, 2.807, 2.865, 4.16, 4.477, 4.092, 4.649, 4.42, 4.049, 4.918, 6.346, 5.788, 3.819, 3.164, 4.703, 6.861, 7.419, 5.715, 4.864, 4.132, 4.023, 3.759, 3.601, 3.175, 2.644, 2.605, 2.19, 2.01, 2.295, 2.282, 2.959, 3.679, 1.66, 2.101, 1.948, 2.232, 2.795, 3.437, 4.348, 4.756, 4.913, 5.025, 4.171, 3.486, 2.201, 1.712, 2.236, 2.834, 2.082, 1.567, 1.994, 2.079, 2.317, 2.062, 1.979, 1.558, 3.467, 4.776, 5.116, 4.791, 5.679, 4.26, 2.329, 1.646, 2.316, 4.251, 4.399, 3.348, 3.13, 4.175, 4.67, 5.384, 6.27, 7.232, 6.745, 6.01, 5.476, 4.567, 3.313, 3.176, 2.51, 2.156, 1.711, 2.155, 2.573, 2.483, 2.752, 2.09, 1.923, 1.643, 2.143, 2.758, 3.333, 5.222, 5.948, 6.778, 6.59, 6.607, 5.956, 4.491, 3.52, 2.391, 2.524, 2.575, 3.688, 3.162, 3.456, 4.506, 4.69, 4.359, 4.859, 4.271, 3.542, 4.686, 4.822, 4.626, 5.354], [2.6, 2.681, 1.198, 1.127, 0.0, 1.099, 1.228, 1.904, 2.876, 3.838, 4.017, 5.229, 6.417, 5.766, 3.784, 3.008, 3.698, 3.582, 2.393, 2.236, 2.765, 3.114, 3.085, 6.572, 6.635, 6.721, 6.963, 6.536, 4.902, 3.655, 3.679, 3.94, 4.771, 4.828, 3.957, 3.083, 3.878, 4.376, 4.585, 3.963, 2.89, 2.237, 2.886, 3.557, 4.603, 4.888, 4.862, 5.667, 5.658, 3.017, 4.318, 5.082, 3.921, 3.048, 3.233, 3.71, 4.36, 4.129, 3.665, 4.351, 4.916, 5.4, 5.215, 4.464, 4.774, 4.793, 4.768, 4.494, 4.449, 4.008, 4.895, 5.766, 6.248, 6.311, 6.168, 5.463, 5.197, 5.887, 7.09, 6.808, 6.219, 8.003, 10.794, 10.713, 8.837, 6.549, 3.085, 1.647, 2.513, 2.603, 2.957, 4.385, 4.653, 4.266, 4.713, 4.595, 4.199, 5.067, 6.505, 5.949, 3.976, 3.297, 4.786, 6.969, 7.529, 5.78, 4.955, 4.369, 4.411, 4.049, 3.749, 3.295, 3.015, 2.677, 2.267, 2.007, 2.211, 2.337, 3.081, 3.801, 1.865, 2.143, 2.128, 2.143, 2.641, 3.261, 4.268, 4.618, 4.775, 4.655, 4.006, 3.25, 2.101, 1.771, 2.169, 2.647, 1.917, 1.336, 1.835, 1.766, 2.228, 2.169, 2.316, 1.683, 3.416, 4.664, 5.012, 4.697, 5.638, 4.218, 2.445, 1.587, 2.192, 4.176, 4.336, 3.228, 3.155, 4.07, 4.58, 5.37, 6.125, 7.006, 6.478, 5.758, 5.321, 4.422, 3.203, 3.118, 2.808, 2.518, 2.161, 2.463, 2.775, 2.636, 2.783, 2.131, 2.1, 1.811, 2.494, 2.859, 3.491, 5.384, 6.084, 6.915, 6.7, 6.694, 6.121, 4.67, 3.58, 2.774, 3.105, 2.914, 3.625, 3.07, 3.278, 4.349, 4.575, 4.253, 4.755, 4.245, 3.502, 4.552, 4.67, 4.412, 5.126], [2.974, 3.149, 1.389, 1.494, 1.099, 0.0, 0.967, 1.633, 2.623, 3.577, 3.581, 4.772, 6.08, 5.536, 3.451, 2.823, 3.482, 3.588, 2.318, 2.407, 2.373, 2.568, 3.643, 7.11, 7.165, 7.308, 7.618, 7.082, 5.618, 3.837, 3.914, 4.258, 5.269, 5.269, 4.293, 3.389, 4.081, 4.56, 5.008, 4.513, 3.348, 2.598, 3.093, 3.483, 4.473, 4.682, 4.721, 5.332, 5.305, 2.707, 4.092, 4.697, 3.677, 2.823, 2.948, 3.609, 4.36, 3.887, 3.182, 3.959, 4.441, 4.929, 4.785, 4.006, 4.374, 4.477, 4.364, 4.23, 4.119, 3.618, 4.664, 5.632, 6.054, 6.045, 6.057, 5.014, 4.693, 5.634, 6.869, 6.541, 5.802, 7.51, 10.429, 10.298, 8.623, 6.335, 2.708, 1.825, 2.975, 2.918, 3.046, 4.639, 5.054, 4.763, 4.995, 5.02, 4.632, 5.487, 6.933, 6.375, 4.407, 3.856, 5.423, 7.577, 8.07, 6.316, 5.303, 4.59, 4.577, 4.277, 4.194, 3.816, 2.995, 3.03, 2.786, 1.989, 2.369, 2.583, 3.245, 4.091, 2.269, 2.193, 2.148, 2.01, 2.247, 2.824, 3.672, 4.265, 4.511, 4.675, 3.824, 3.029, 1.847, 1.761, 1.909, 2.234, 1.544, 1.342, 2.099, 1.839, 2.263, 2.307, 2.706, 1.619, 3.067, 4.218, 4.52, 4.48, 5.204, 3.844, 2.569, 1.564, 1.837, 3.838, 4.025, 2.821, 2.563, 3.561, 4.114, 4.992, 5.771, 6.623, 6.144, 5.406, 5.053, 4.021, 3.118, 3.172, 2.839, 2.407, 2.177, 2.488, 2.726, 2.531, 2.646, 2.069, 1.809, 1.861, 2.655, 3.094, 3.772, 5.701, 6.493, 7.359, 7.088, 7.186, 6.59, 5.151, 4.027, 2.755, 2.968, 2.662, 3.235, 2.656, 2.673, 3.712, 4.018, 3.662, 4.212, 3.984, 3.309, 4.157, 4.06, 3.916, 4.658], [2.88, 3.126, 1.249, 1.427, 1.228, 0.967, 0.0, 1.47, 2.363, 3.331, 3.513, 4.881, 6.029, 5.402, 3.646, 2.559, 3.178, 3.089, 1.956, 1.839, 2.569, 2.76, 3.298, 6.789, 6.828, 6.942, 7.302, 6.725, 5.309, 3.272, 3.3, 3.703, 4.931, 4.93, 3.988, 3.057, 3.513, 3.972, 4.442, 4.116, 3.008, 2.202, 2.654, 3.01, 4.2, 4.604, 4.491, 5.399, 5.592, 2.929, 3.847, 4.635, 3.634, 2.65, 2.876, 3.561, 4.167, 3.715, 3.179, 3.932, 4.384, 5.103, 4.97, 3.892, 4.11, 4.173, 4.154, 4.244, 3.999, 3.521, 4.357, 5.393, 5.815, 5.908, 5.98, 5.244, 4.952, 5.646, 6.977, 6.699, 6.083, 7.779, 10.56, 10.501, 8.764, 6.497, 2.952, 1.801, 2.766, 2.846, 3.167, 4.487, 4.792, 4.444, 4.963, 4.671, 4.28, 5.135, 6.58, 6.022, 4.065, 3.501, 5.092, 7.233, 7.752, 5.987, 4.984, 4.232, 4.133, 3.847, 3.841, 3.479, 2.657, 2.884, 2.479, 2.049, 2.543, 2.732, 3.337, 4.076, 2.033, 1.917, 1.752, 2.14, 2.465, 3.186, 4.175, 4.861, 4.991, 5.102, 4.251, 3.628, 2.336, 2.01, 2.348, 2.626, 1.99, 1.453, 1.84, 2.008, 2.296, 2.215, 2.501, 1.534, 3.142, 4.367, 4.729, 4.358, 5.375, 4.137, 2.588, 1.634, 1.962, 3.958, 4.096, 3.06, 2.744, 3.866, 4.387, 5.095, 5.927, 6.759, 6.355, 5.556, 5.099, 3.916, 3.362, 3.166, 2.91, 2.518, 2.324, 2.584, 2.916, 2.7, 2.76, 2.314, 1.892, 2.022, 2.727, 3.199, 3.538, 5.441, 6.269, 7.15, 7.031, 6.941, 6.271, 4.831, 3.682, 2.316, 2.509, 2.333, 3.293, 2.935, 3.014, 4.038, 4.345, 3.985, 4.418, 3.981, 3.253, 4.351, 4.367, 4.134, 5.047], [3.398, 3.566, 1.547, 1.621, 1.904, 1.633, 1.47, 0.0, 1.546, 2.663, 3.308, 4.544, 5.695, 4.705, 3.003, 1.992, 2.232, 2.663, 2.345, 2.124, 1.735, 2.176, 3.503, 7.073, 7.148, 7.234, 7.529, 7.051, 5.536, 3.475, 3.518, 3.935, 5.274, 5.268, 4.231, 3.306, 3.604, 4.183, 4.688, 4.323, 3.251, 2.431, 2.799, 2.541, 3.493, 4.287, 4.001, 4.939, 5.271, 2.192, 3.22, 4.209, 2.609, 1.948, 1.77, 2.356, 3.008, 2.632, 2.488, 3.009, 3.762, 4.737, 4.649, 3.479, 3.656, 3.545, 3.496, 3.614, 2.991, 2.508, 3.806, 4.591, 5.318, 5.46, 5.539, 4.907, 4.609, 5.343, 6.683, 6.405, 5.747, 7.442, 10.241, 10.166, 8.47, 6.203, 2.694, 2.898, 3.254, 3.237, 3.416, 4.889, 5.255, 4.778, 5.356, 5.006, 4.616, 5.471, 6.916, 6.358, 4.407, 3.843, 5.373, 7.555, 8.101, 6.336, 5.333, 4.532, 4.329, 4.111, 4.19, 3.822, 2.669, 3.325, 2.903, 2.48, 3.238, 3.369, 3.791, 4.458, 2.28, 1.435, 1.297, 2.029, 2.378, 3.037, 3.952, 4.718, 4.898, 5.207, 4.221, 3.527, 2.393, 1.961, 2.133, 2.545, 1.976, 1.775, 2.362, 2.49, 2.296, 2.424, 2.708, 0.908, 2.535, 4.029, 4.393, 4.013, 5.013, 3.714, 2.058, 1.521, 2.033, 3.645, 3.772, 2.735, 2.496, 3.51, 4.056, 4.607, 5.633, 6.539, 6.114, 5.366, 4.84, 3.72, 3.242, 2.971, 2.384, 2.397, 2.273, 1.956, 1.952, 2.059, 2.141, 1.957, 1.49, 2.148, 3.224, 3.585, 3.878, 5.768, 6.673, 7.536, 7.439, 7.316, 6.642, 5.173, 4.029, 2.366, 2.172, 1.598, 2.879, 2.548, 2.769, 3.718, 3.991, 3.649, 4.069, 3.43, 2.621, 4.033, 4.14, 3.904, 4.784], [4.423, 4.603, 2.349, 2.445, 2.876, 2.623, 2.363, 1.546, 0.0, 1.625, 2.352, 3.517, 4.734, 3.704, 2.041, 1.073, 2.046, 3.136, 3.405, 2.915, 1.55, 1.312, 4.508, 8.127, 8.203, 8.297, 8.546, 8.112, 6.481, 4.084, 3.521, 4.315, 6.337, 6.332, 5.242, 4.157, 3.984, 4.624, 4.989, 5.027, 4.036, 3.25, 3.225, 2.243, 2.613, 3.289, 2.951, 3.932, 4.296, 1.358, 2.23, 3.205, 1.751, 1.505, 1.478, 1.874, 2.429, 2.029, 1.692, 2.186, 2.933, 3.851, 3.731, 2.77, 3.178, 3.277, 3.269, 3.095, 2.643, 2.13, 3.092, 3.726, 4.302, 4.454, 4.503, 3.895, 3.554, 4.337, 5.672, 5.371, 4.773, 6.456, 9.217, 9.176, 7.461, 5.211, 2.715, 3.8, 4.281, 4.369, 4.459, 5.977, 6.299, 5.853, 6.385, 6.066, 5.664, 6.524, 7.964, 7.406, 5.48, 4.906, 6.419, 8.606, 9.164, 7.399, 6.397, 5.574, 5.274, 5.12, 5.263, 4.885, 3.644, 4.366, 4.016, 3.539, 4.263, 4.44, 4.792, 5.569, 3.206, 1.629, 1.717, 2.815, 3.178, 3.595, 4.508, 5.356, 5.633, 6.127, 5.18, 4.448, 3.498, 3.071, 3.219, 3.476, 3.029, 2.853, 3.346, 3.461, 3.427, 3.478, 3.831, 1.7, 1.637, 3.057, 3.489, 3.102, 4.058, 3.283, 2.804, 2.402, 2.265, 2.635, 2.811, 2.127, 1.846, 2.681, 3.081, 3.651, 4.68, 5.662, 5.604, 4.924, 4.307, 3.336, 3.992, 3.816, 2.774, 3.319, 3.283, 3.184, 3.047, 3.082, 3.209, 3.106, 2.486, 3.154, 4.172, 4.649, 4.992, 6.876, 7.695, 8.679, 8.555, 8.408, 7.677, 6.231, 5.093, 3.232, 2.496, 1.296, 2.181, 2.031, 2.399, 3.06, 3.354, 2.763, 3.307, 2.774, 1.925, 3.163, 3.483, 3.452, 4.506], [5.829, 6.097, 3.703, 3.792, 3.838, 3.577, 3.331, 2.663, 1.625, 0.0, 1.447, 2.251, 3.453, 2.434, 1.054, 1.659, 3.22, 4.389, 4.775, 4.243, 2.102, 1.566, 5.827, 9.452, 9.531, 9.625, 9.864, 9.429, 7.789, 5.412, 4.747, 5.596, 7.664, 7.66, 6.568, 5.482, 5.279, 5.921, 6.218, 6.283, 5.387, 4.583, 4.492, 3.28, 1.476, 2.165, 1.738, 2.656, 3.031, 1.589, 1.242, 1.91, 1.696, 2.132, 2.153, 2.057, 2.1, 1.721, 1.531, 1.72, 2.268, 2.916, 2.669, 1.669, 2.044, 2.576, 2.989, 2.59, 2.123, 1.786, 1.851, 2.619, 2.981, 3.137, 3.195, 2.727, 2.32, 3.12, 4.456, 4.192, 3.521, 5.168, 7.928, 7.883, 6.181, 3.934, 3.203, 4.678, 5.688, 5.453, 5.843, 7.425, 7.655, 7.188, 7.827, 7.393, 6.956, 7.852, 9.29, 8.727, 6.791, 6.26, 7.747, 9.934, 10.492, 8.727, 7.724, 6.902, 6.602, 6.448, 6.579, 6.24, 4.981, 5.787, 5.35, 4.431, 5.606, 5.886, 6.287, 6.981, 4.611, 2.399, 2.631, 3.441, 3.8, 4.239, 5.144, 5.92, 6.255, 6.797, 5.851, 5.143, 4.271, 4.1, 3.906, 4.164, 3.747, 3.776, 4.37, 4.321, 3.974, 4.562, 5.084, 2.705, 1.567, 1.949, 2.373, 2.039, 2.852, 3.548, 3.436, 3.174, 2.959, 1.959, 1.925, 2.242, 1.915, 2.125, 1.943, 2.535, 3.452, 4.524, 4.68, 3.997, 3.559, 2.653, 4.572, 4.393, 3.969, 4.56, 4.523, 4.258, 4.031, 3.828, 3.914, 4.106, 3.735, 4.403, 5.543, 6.117, 6.366, 8.227, 9.086, 10.056, 9.997, 9.826, 9.026, 7.548, 6.426, 4.55, 3.678, 2.236, 1.826, 2.266, 2.559, 2.731, 3.103, 2.344, 2.198, 1.772, 1.402, 2.141, 2.717, 3.034, 3.986], [6.292, 6.449, 4.0, 4.002, 4.017, 3.581, 3.513, 3.308, 2.352, 1.447, 0.0, 1.588, 2.863, 2.869, 1.684, 2.178, 4.055, 5.105, 5.363, 4.956, 2.661, 1.887, 6.59, 10.239, 10.302, 10.388, 10.617, 10.203, 8.549, 6.23, 5.458, 6.361, 8.403, 8.4, 7.309, 6.242, 6.033, 6.73, 7.024, 7.078, 6.124, 5.308, 5.255, 4.018, 2.019, 1.662, 1.872, 2.578, 2.264, 1.974, 2.072, 1.937, 2.448, 2.763, 2.99, 3.063, 3.159, 2.747, 2.335, 2.596, 2.835, 2.695, 2.11, 1.752, 2.705, 3.256, 3.72, 3.184, 3.03, 2.591, 2.313, 3.098, 3.181, 2.955, 3.178, 2.376, 1.939, 2.767, 3.712, 3.643, 2.978, 4.433, 7.148, 7.073, 5.398, 3.167, 2.593, 4.452, 6.201, 6.016, 6.436, 7.946, 8.248, 7.907, 8.41, 8.099, 7.68, 8.592, 10.031, 9.467, 7.532, 6.975, 8.487, 10.674, 11.233, 9.468, 8.465, 7.642, 7.343, 7.188, 7.314, 6.954, 5.729, 6.298, 5.977, 4.844, 5.851, 6.019, 6.704, 7.529, 5.223, 3.211, 3.417, 2.852, 3.137, 3.567, 4.494, 5.42, 5.61, 6.114, 5.135, 4.884, 4.266, 4.368, 4.176, 3.771, 3.202, 4.149, 4.977, 3.988, 3.764, 5.18, 5.692, 3.282, 2.318, 1.669, 1.834, 2.013, 2.621, 3.371, 4.036, 3.469, 2.494, 1.595, 1.59, 2.088, 2.02, 2.213, 1.769, 2.531, 2.71, 3.84, 4.118, 3.381, 3.264, 2.339, 4.233, 4.43, 4.44, 5.028, 5.001, 4.834, 4.655, 4.363, 4.568, 4.581, 4.262, 4.811, 5.824, 6.583, 6.932, 8.881, 9.732, 10.622, 10.439, 10.415, 9.734, 8.305, 7.169, 5.309, 4.337, 2.944, 2.316, 2.331, 2.078, 2.167, 2.658, 1.973, 1.894, 2.025, 1.984, 2.037, 2.415, 2.932, 3.558], [7.558, 7.76, 5.3, 5.321, 5.229, 4.772, 4.881, 4.544, 3.517, 2.251, 1.588, 0.0, 2.575, 2.532, 1.986, 3.407, 5.243, 6.472, 6.614, 6.306, 3.596, 2.703, 7.94, 11.616, 11.691, 11.769, 12.007, 11.593, 9.901, 7.556, 6.81, 7.698, 9.764, 9.762, 8.67, 7.655, 7.438, 8.098, 8.387, 8.43, 7.421, 6.684, 6.581, 5.407, 2.151, 1.374, 1.827, 2.104, 2.089, 3.073, 2.095, 1.675, 3.087, 3.873, 4.044, 3.338, 3.57, 3.301, 2.722, 2.611, 2.472, 2.073, 1.557, 1.57, 2.585, 3.139, 3.476, 3.124, 3.154, 3.108, 2.527, 3.123, 3.01, 2.684, 2.65, 1.772, 1.507, 2.299, 2.778, 2.72, 2.008, 3.406, 6.112, 5.972, 4.345, 2.125, 3.174, 5.752, 7.519, 7.34, 7.517, 9.2, 9.598, 9.268, 9.616, 9.461, 9.039, 9.954, 11.393, 10.829, 8.894, 8.339, 9.849, 12.036, 12.595, 10.829, 9.827, 9.004, 8.705, 8.55, 8.681, 8.316, 7.118, 7.576, 7.28, 6.051, 6.941, 7.141, 7.804, 8.668, 6.54, 4.534, 4.719, 3.439, 3.672, 3.66, 4.436, 4.836, 5.208, 5.826, 5.173, 5.502, 5.368, 5.51, 5.256, 4.381, 4.13, 5.338, 6.32, 5.235, 4.674, 6.538, 7.03, 4.642, 2.372, 1.744, 1.487, 1.86, 2.293, 2.916, 4.794, 4.753, 3.385, 1.478, 1.597, 2.39, 2.924, 2.372, 1.736, 2.042, 2.159, 3.349, 3.433, 2.643, 2.743, 2.246, 4.404, 5.151, 5.702, 6.248, 6.094, 6.019, 5.74, 4.986, 5.295, 5.545, 5.498, 6.056, 7.01, 7.715, 8.138, 10.169, 11.032, 11.909, 11.693, 11.753, 11.115, 9.685, 8.558, 6.648, 5.724, 4.309, 2.663, 3.437, 2.968, 2.151, 2.176, 2.049, 1.761, 2.373, 2.333, 1.773, 2.191, 2.585, 2.837], [8.767, 8.924, 6.384, 6.462, 6.417, 6.08, 6.029, 5.695, 4.734, 3.453, 2.863, 2.575, 0.0, 1.656, 3.291, 4.514, 6.338, 7.591, 7.824, 7.45, 5.067, 4.041, 9.072, 12.649, 12.737, 12.823, 13.061, 12.64, 10.996, 8.573, 7.886, 8.793, 10.863, 10.857, 9.766, 8.751, 8.541, 9.165, 9.443, 9.522, 8.517, 7.847, 7.676, 6.501, 2.859, 2.837, 2.645, 1.808, 2.442, 4.28, 3.018, 1.993, 4.32, 5.249, 5.335, 4.504, 4.432, 4.292, 4.116, 3.827, 3.275, 2.782, 2.716, 2.643, 3.094, 4.271, 4.227, 3.218, 4.173, 4.229, 2.435, 1.625, 1.186, 1.118, 1.905, 2.328, 2.244, 2.085, 3.046, 3.33, 3.256, 2.601, 4.961, 4.646, 3.003, 2.314, 4.652, 6.925, 8.691, 8.456, 8.944, 10.424, 10.738, 10.409, 10.926, 10.612, 10.212, 11.089, 12.501, 11.942, 9.999, 9.454, 10.967, 13.154, 13.713, 11.944, 10.938, 10.109, 9.801, 9.645, 9.776, 9.411, 8.184, 8.791, 8.442, 7.382, 8.35, 8.505, 9.209, 10.005, 7.691, 5.582, 5.818, 5.016, 5.223, 5.372, 6.35, 6.897, 7.358, 7.704, 7.036, 6.848, 6.617, 6.794, 6.505, 5.941, 5.508, 6.544, 7.422, 6.369, 5.893, 7.715, 8.12, 5.714, 3.681, 2.201, 2.437, 2.318, 2.03, 4.243, 5.914, 5.882, 4.667, 2.868, 2.601, 3.791, 4.014, 3.31, 2.524, 2.105, 1.757, 2.557, 2.891, 2.823, 2.701, 3.583, 5.614, 6.297, 6.833, 7.484, 7.477, 7.297, 7.08, 6.325, 6.599, 7.004, 6.716, 7.27, 8.274, 9.052, 9.459, 11.367, 12.231, 13.072, 12.933, 12.839, 12.235, 10.762, 9.618, 7.743, 6.791, 5.431, 3.579, 4.694, 4.42, 4.037, 4.064, 3.596, 2.185, 3.053, 3.478, 2.345, 2.972, 3.179, 4.029], [7.856, 8.148, 5.638, 5.773, 5.766, 5.536, 5.402, 4.705, 3.704, 2.434, 2.869, 2.532, 1.656, 0.0, 2.291, 3.479, 5.19, 6.441, 6.711, 6.295, 4.066, 3.371, 7.971, 11.54, 11.636, 11.698, 11.912, 11.491, 9.847, 7.424, 6.749, 7.656, 9.727, 9.741, 8.649, 7.65, 7.44, 8.064, 8.342, 8.422, 7.493, 6.735, 6.576, 5.4, 2.116, 2.95, 2.212, 1.522, 2.626, 3.434, 2.171, 1.502, 3.218, 4.101, 4.188, 3.342, 3.289, 3.116, 3.048, 2.647, 2.464, 2.738, 2.672, 2.191, 2.328, 3.397, 3.348, 2.644, 3.029, 3.138, 1.663, 1.479, 1.417, 1.596, 1.809, 2.337, 2.204, 2.225, 3.343, 3.601, 3.217, 3.391, 6.109, 5.965, 4.23, 2.451, 4.797, 6.754, 7.75, 7.458, 7.856, 9.46, 9.689, 9.327, 9.83, 9.588, 9.131, 9.991, 11.421, 10.861, 8.903, 8.353, 9.866, 12.053, 12.612, 10.843, 9.837, 9.009, 8.7, 8.514, 8.638, 8.306, 7.085, 7.923, 7.487, 6.404, 7.502, 7.746, 8.269, 8.94, 6.766, 4.487, 4.703, 5.049, 5.367, 5.548, 6.464, 6.92, 7.465, 7.769, 7.187, 6.61, 6.102, 5.892, 5.827, 5.733, 5.408, 5.684, 6.412, 6.31, 5.582, 6.578, 7.019, 4.731, 2.777, 1.993, 2.476, 2.212, 1.938, 4.013, 5.131, 5.189, 4.584, 2.939, 2.645, 3.672, 3.67, 2.996, 2.148, 1.595, 2.212, 3.366, 3.691, 3.017, 2.922, 3.498, 5.599, 5.767, 5.961, 6.411, 6.433, 6.156, 5.918, 5.286, 5.516, 5.955, 5.657, 6.376, 7.377, 8.001, 8.373, 10.204, 11.14, 12.007, 11.947, 11.895, 11.104, 9.613, 8.482, 6.621, 5.679, 4.339, 2.966, 4.048, 4.279, 4.13, 4.163, 3.51, 2.032, 2.405, 2.788, 2.064, 2.886, 3.075, 4.091], [5.896, 6.13, 3.825, 3.874, 3.784, 3.451, 3.646, 3.003, 2.041, 1.054, 1.684, 1.986, 3.291, 2.291, 0.0, 1.805, 3.608, 4.821, 4.991, 4.673, 1.968, 1.44, 6.363, 9.983, 10.076, 10.121, 10.335, 9.921, 8.227, 5.884, 5.152, 6.034, 8.105, 8.119, 7.027, 6.078, 5.862, 6.522, 6.811, 6.854, 5.843, 5.108, 4.954, 3.817, 1.961, 2.367, 1.98, 2.359, 2.611, 1.435, 1.517, 1.733, 1.809, 2.316, 2.466, 2.089, 2.305, 1.982, 1.623, 1.757, 2.395, 2.603, 2.466, 1.661, 2.382, 3.02, 3.229, 2.55, 2.218, 1.868, 2.119, 2.771, 3.094, 3.096, 3.22, 2.369, 2.005, 2.926, 4.206, 3.984, 3.186, 4.764, 7.688, 7.571, 5.902, 3.632, 3.052, 4.891, 5.923, 5.752, 5.905, 7.607, 8.004, 7.686, 7.883, 7.924, 7.523, 8.383, 9.813, 9.254, 7.295, 6.737, 8.244, 10.431, 10.99, 9.221, 8.215, 7.387, 7.078, 6.892, 7.016, 6.684, 5.508, 5.974, 5.689, 4.578, 5.316, 5.582, 6.154, 7.007, 4.928, 2.912, 3.145, 3.543, 3.684, 3.883, 4.834, 5.478, 5.971, 6.528, 5.572, 4.794, 4.071, 3.887, 3.715, 3.862, 3.518, 3.856, 4.829, 4.445, 4.259, 4.965, 5.35, 2.999, 1.481, 1.671, 1.943, 1.997, 2.578, 3.234, 3.766, 3.51, 2.97, 1.808, 1.758, 1.945, 1.778, 1.744, 1.455, 2.109, 3.202, 4.284, 4.26, 3.671, 3.339, 2.609, 4.371, 4.499, 4.056, 4.496, 4.363, 4.359, 4.105, 3.837, 4.029, 4.049, 3.826, 4.299, 5.295, 5.944, 6.62, 8.528, 9.348, 10.24, 9.957, 10.09, 9.477, 8.013, 6.899, 4.993, 4.088, 2.744, 1.697, 1.996, 2.32, 2.408, 2.805, 1.988, 1.945, 1.722, 1.387, 1.627, 2.348, 2.622, 3.593], [4.65, 4.946, 2.614, 2.781, 3.008, 2.823, 2.559, 1.992, 1.073, 1.659, 2.178, 3.407, 4.514, 3.479, 1.805, 0.0, 2.012, 3.155, 3.639, 3.1, 1.694, 1.4, 4.77, 8.342, 8.426, 8.492, 8.71, 8.265, 6.614, 4.368, 3.726, 4.436, 6.429, 6.404, 5.36, 4.453, 4.311, 4.997, 5.377, 5.335, 4.369, 3.631, 3.371, 2.422, 2.487, 2.998, 2.618, 3.795, 4.048, 1.6, 2.235, 3.153, 2.076, 1.86, 1.768, 1.953, 2.324, 1.961, 1.681, 2.323, 3.004, 3.717, 3.553, 2.562, 2.774, 3.033, 3.194, 2.95, 2.535, 1.962, 2.669, 3.56, 3.983, 4.221, 4.428, 3.802, 3.521, 4.203, 5.416, 5.138, 4.58, 6.338, 9.109, 9.049, 7.193, 4.944, 2.746, 3.948, 4.522, 4.492, 4.904, 6.366, 6.462, 6.038, 6.743, 6.404, 5.927, 6.771, 8.225, 7.667, 5.705, 5.088, 6.612, 8.764, 9.309, 7.535, 6.53, 5.693, 5.406, 5.179, 5.3, 4.979, 3.858, 4.743, 4.177, 3.699, 4.403, 4.628, 5.306, 5.782, 3.524, 1.784, 2.055, 2.886, 3.188, 3.54, 4.599, 5.445, 5.761, 6.066, 5.177, 4.55, 3.53, 3.127, 3.258, 3.409, 2.973, 3.11, 3.731, 3.551, 3.437, 3.72, 3.936, 1.897, 1.921, 2.921, 3.252, 2.943, 3.91, 3.438, 3.056, 2.555, 2.56, 2.469, 2.564, 2.095, 1.963, 2.562, 2.885, 3.633, 4.452, 5.312, 5.101, 4.328, 3.85, 2.802, 3.754, 3.576, 2.821, 3.314, 3.424, 3.25, 3.159, 3.216, 3.293, 3.342, 2.616, 3.195, 4.195, 4.857, 5.202, 7.01, 7.837, 8.697, 8.731, 8.554, 7.779, 6.357, 5.249, 3.402, 2.521, 1.407, 2.116, 1.717, 2.139, 2.948, 3.319, 2.695, 3.142, 2.609, 1.798, 2.802, 3.107, 3.067, 4.106], [4.609, 4.719, 3.185, 3.3, 3.698, 3.482, 3.178, 2.232, 2.046, 3.22, 4.055, 5.243, 6.338, 5.19, 3.608, 2.012, 0.0, 1.426, 2.832, 2.743, 2.711, 2.926, 3.358, 6.621, 6.67, 6.876, 7.188, 6.556, 5.09, 3.304, 2.859, 3.034, 4.618, 4.642, 3.628, 2.879, 3.015, 3.657, 4.166, 3.862, 3.563, 3.302, 2.433, 1.626, 3.566, 4.527, 4.168, 5.555, 5.837, 2.988, 3.569, 4.864, 2.849, 2.397, 1.647, 2.152, 2.396, 2.22, 2.638, 3.198, 4.303, 5.437, 5.329, 4.123, 3.725, 3.278, 3.278, 3.664, 2.715, 2.593, 3.987, 5.01, 5.658, 5.981, 5.886, 5.63, 5.321, 5.949, 7.201, 6.917, 6.377, 8.148, 10.911, 10.856, 8.943, 6.705, 3.775, 4.585, 4.506, 4.283, 4.505, 6.086, 6.232, 5.023, 5.721, 5.345, 4.252, 5.141, 6.48, 5.996, 4.283, 4.066, 5.02, 7.142, 7.486, 5.809, 4.745, 3.881, 3.618, 3.467, 3.657, 3.333, 2.291, 4.073, 3.771, 4.117, 4.703, 4.91, 4.845, 5.28, 3.307, 2.042, 2.143, 3.718, 3.955, 4.187, 5.236, 6.176, 6.402, 6.645, 5.86, 5.204, 4.2, 3.626, 3.761, 4.128, 3.678, 3.633, 4.033, 4.278, 4.158, 3.534, 3.51, 2.391, 3.283, 4.725, 5.067, 4.628, 5.693, 4.622, 3.561, 3.178, 3.696, 4.255, 4.362, 3.404, 3.302, 4.2, 4.704, 5.289, 6.264, 7.063, 6.503, 5.632, 5.19, 3.986, 4.303, 4.086, 3.189, 3.62, 3.581, 2.837, 2.58, 3.371, 3.313, 3.515, 2.703, 3.392, 4.376, 4.529, 4.414, 5.784, 6.867, 7.773, 7.915, 7.601, 6.477, 4.658, 3.691, 2.015, 1.519, 1.582, 3.28, 3.099, 3.654, 4.509, 4.778, 4.378, 4.834, 4.024, 3.096, 4.612, 4.631, 4.41, 5.324], [3.886, 4.07, 2.919, 2.989, 3.582, 3.588, 3.089, 2.663, 3.136, 4.389, 5.105, 6.472, 7.591, 6.441, 4.821, 3.155, 1.426, 0.0, 2.374, 2.278, 3.363, 4.045, 2.388, 5.507, 5.561, 5.775, 6.212, 5.527, 4.21, 2.926, 2.542, 2.441, 3.493, 3.529, 2.618, 1.947, 2.358, 2.924, 3.3, 3.018, 3.046, 2.818, 2.142, 1.441, 4.829, 5.793, 5.434, 6.817, 7.09, 4.019, 4.814, 6.126, 4.045, 2.842, 2.741, 3.379, 3.415, 3.452, 3.892, 4.457, 5.534, 6.7, 6.591, 5.362, 4.735, 4.252, 4.282, 4.87, 3.864, 3.688, 5.198, 6.249, 6.915, 7.244, 7.152, 6.87, 6.584, 7.201, 8.456, 8.176, 7.639, 9.41, 12.173, 12.121, 10.198, 7.962, 4.645, 4.161, 3.861, 4.064, 4.026, 5.304, 5.468, 4.212, 4.748, 4.641, 3.236, 3.903, 5.222, 4.78, 3.43, 3.374, 3.896, 6.093, 6.37, 4.572, 3.55, 2.906, 2.691, 2.417, 2.683, 2.38, 1.712, 3.298, 3.345, 3.875, 4.251, 4.303, 4.093, 4.49, 2.743, 2.392, 2.198, 4.071, 4.357, 4.784, 5.799, 6.679, 6.787, 6.946, 6.058, 5.475, 4.213, 3.459, 3.783, 4.472, 3.817, 3.519, 3.854, 4.392, 4.4, 3.309, 3.043, 2.84, 4.44, 5.987, 6.325, 5.88, 6.955, 5.738, 4.044, 3.387, 4.13, 5.511, 5.625, 4.632, 4.386, 5.452, 5.966, 6.551, 7.515, 8.313, 7.694, 6.755, 6.441, 4.908, 4.719, 4.204, 3.47, 3.369, 3.105, 2.73, 2.749, 3.584, 3.624, 3.441, 2.733, 3.037, 3.582, 3.753, 3.633, 4.816, 5.958, 6.862, 6.987, 6.751, 5.602, 3.583, 2.669, 1.519, 1.445, 2.27, 4.458, 4.077, 4.683, 5.661, 6.034, 5.614, 6.058, 5.178, 4.33, 5.864, 5.841, 5.56, 6.508], [2.163, 2.257, 2.178, 2.234, 2.393, 2.318, 1.956, 2.345, 3.405, 4.775, 5.363, 6.614, 7.824, 6.711, 4.991, 3.639, 2.832, 2.374, 0.0, 1.017, 3.423, 4.168, 1.912, 5.109, 5.152, 5.287, 5.698, 5.036, 3.715, 2.038, 2.088, 2.313, 3.223, 3.276, 2.37, 1.974, 2.556, 2.697, 3.062, 2.607, 1.585, 1.257, 1.859, 2.868, 5.466, 6.439, 6.065, 7.018, 7.316, 4.188, 5.21, 6.272, 4.223, 3.12, 3.134, 3.909, 4.456, 4.083, 4.069, 4.686, 5.754, 6.844, 6.765, 5.545, 5.362, 5.086, 4.865, 5.257, 4.401, 4.092, 5.731, 6.651, 7.415, 7.573, 7.708, 7.043, 6.749, 7.495, 8.795, 8.533, 7.829, 9.549, 12.416, 12.283, 10.591, 8.315, 4.743, 2.739, 2.138, 2.875, 2.566, 3.446, 3.776, 2.922, 3.311, 3.193, 2.564, 3.424, 4.854, 4.302, 2.482, 2.21, 3.443, 5.587, 6.033, 4.26, 3.25, 2.734, 2.782, 2.447, 2.263, 1.973, 1.918, 1.966, 1.998, 2.882, 2.896, 2.471, 2.342, 2.634, 1.807, 2.915, 2.535, 3.878, 4.044, 4.657, 5.661, 6.241, 6.401, 6.514, 5.731, 4.923, 3.662, 2.941, 3.456, 4.035, 3.46, 2.59, 2.584, 3.513, 3.795, 2.518, 2.143, 2.584, 4.573, 6.154, 6.452, 6.146, 7.125, 5.812, 3.715, 2.99, 3.81, 5.775, 5.888, 4.802, 4.551, 5.573, 6.143, 6.665, 7.728, 8.602, 8.097, 7.28, 6.856, 5.53, 4.849, 4.505, 3.805, 3.04, 2.626, 2.528, 2.898, 3.297, 3.362, 2.96, 2.301, 2.537, 2.719, 2.079, 2.063, 3.756, 4.728, 5.602, 5.615, 5.546, 4.821, 3.118, 2.017, 1.568, 2.074, 2.86, 4.81, 4.387, 4.733, 5.78, 6.091, 5.728, 6.184, 5.448, 4.582, 6.044, 6.064, 5.794, 6.649], [2.31, 2.453, 1.994, 2.042, 2.236, 2.407, 1.839, 2.124, 2.915, 4.243, 4.956, 6.306, 7.45, 6.295, 4.673, 3.1, 2.743, 2.278, 1.017, 0.0, 3.172, 3.855, 2.049, 5.355, 5.442, 5.507, 5.812, 5.337, 3.729, 1.839, 1.799, 2.112, 3.487, 3.469, 2.555, 2.006, 2.223, 2.475, 2.876, 2.523, 1.612, 0.979, 1.522, 2.549, 4.939, 5.906, 5.524, 6.655, 7.005, 3.839, 4.726, 5.947, 3.977, 2.796, 3.003, 3.646, 4.196, 3.866, 3.95, 4.482, 5.399, 6.526, 6.431, 5.217, 5.162, 4.949, 4.795, 5.015, 4.298, 3.93, 5.239, 6.109, 6.876, 7.145, 7.221, 6.696, 6.415, 7.087, 8.381, 8.067, 7.489, 9.237, 12.003, 11.971, 10.151, 7.902, 4.49, 2.757, 2.279, 3.162, 3.034, 3.717, 3.942, 3.159, 3.842, 3.485, 2.932, 3.753, 5.217, 4.659, 2.742, 2.243, 3.601, 5.789, 6.324, 4.551, 3.545, 2.864, 2.92, 2.556, 2.445, 2.112, 2.125, 2.186, 2.21, 3.082, 3.135, 2.69, 2.739, 3.063, 1.584, 2.373, 2.037, 3.57, 4.099, 4.843, 5.855, 6.429, 6.548, 6.603, 5.794, 5.099, 3.781, 3.096, 3.645, 4.207, 3.535, 2.636, 2.553, 3.401, 3.59, 2.655, 2.326, 2.282, 4.256, 5.819, 6.175, 5.766, 6.816, 5.52, 3.64, 2.824, 3.376, 5.354, 5.491, 4.479, 4.235, 5.279, 5.793, 6.387, 7.392, 8.2, 7.786, 7.056, 6.47, 5.434, 4.807, 4.449, 3.751, 3.166, 2.759, 2.764, 3.193, 3.431, 3.422, 3.06, 2.382, 2.617, 2.732, 2.368, 2.45, 4.117, 5.031, 5.981, 6.001, 5.832, 4.939, 3.422, 2.329, 1.687, 1.95, 2.447, 4.505, 4.196, 4.465, 5.527, 5.913, 5.441, 5.893, 5.146, 4.261, 5.684, 5.867, 5.701, 6.673], [4.39, 4.563, 2.598, 2.558, 2.765, 2.373, 2.569, 1.735, 1.55, 2.102, 2.661, 3.596, 5.067, 4.066, 1.968, 1.694, 2.711, 3.363, 3.423, 3.172, 0.0, 1.614, 4.818, 8.455, 8.516, 8.604, 8.837, 8.417, 6.786, 4.481, 3.894, 4.6, 6.571, 6.565, 5.474, 4.489, 4.362, 5.063, 5.477, 5.428, 4.345, 3.591, 3.478, 2.43, 2.972, 3.751, 3.511, 3.99, 4.084, 1.176, 2.701, 3.492, 2.091, 1.465, 1.934, 2.134, 2.649, 2.233, 1.768, 2.211, 3.149, 3.806, 3.781, 2.895, 3.356, 3.589, 3.586, 3.074, 2.667, 2.177, 3.264, 4.081, 4.845, 4.886, 4.858, 3.96, 3.508, 4.548, 5.868, 5.464, 4.836, 6.414, 9.379, 9.17, 7.623, 5.269, 2.799, 3.933, 4.398, 4.365, 4.267, 6.045, 6.455, 6.073, 6.24, 6.305, 5.92, 6.775, 8.221, 7.663, 5.697, 5.143, 6.655, 8.842, 9.398, 7.633, 6.63, 5.808, 5.508, 5.354, 5.485, 5.119, 3.938, 4.392, 4.144, 3.522, 3.78, 4.019, 4.531, 5.375, 3.38, 1.976, 1.857, 2.985, 3.205, 3.6, 4.455, 5.348, 5.777, 6.197, 5.097, 4.331, 3.198, 2.807, 2.73, 3.329, 2.8, 2.848, 3.661, 3.636, 3.709, 3.609, 3.893, 2.176, 1.934, 3.225, 3.282, 3.303, 3.927, 3.628, 3.348, 2.754, 2.27, 2.87, 3.0, 2.25, 2.156, 2.587, 2.997, 3.506, 4.684, 5.563, 5.393, 4.822, 4.442, 3.618, 4.313, 4.105, 3.356, 3.295, 3.035, 2.912, 2.975, 3.109, 3.359, 2.906, 2.59, 2.892, 3.955, 4.321, 5.104, 6.995, 7.83, 8.711, 8.411, 8.572, 7.98, 6.496, 5.358, 3.515, 2.589, 1.521, 2.125, 1.566, 1.851, 2.727, 3.238, 2.609, 3.186, 2.504, 1.968, 2.931, 3.168, 3.33, 4.324], [5.075, 5.306, 2.926, 3.053, 3.114, 2.568, 2.76, 2.176, 1.312, 1.566, 1.887, 2.703, 4.041, 3.371, 1.44, 1.4, 2.926, 4.045, 4.168, 3.855, 1.614, 0.0, 5.473, 9.103, 9.183, 9.276, 9.515, 9.094, 7.425, 5.027, 4.471, 5.261, 7.316, 7.311, 6.219, 5.152, 4.955, 5.585, 5.904, 5.976, 4.88, 4.166, 4.172, 3.033, 2.468, 2.74, 2.385, 3.136, 3.237, 1.252, 1.975, 2.573, 1.943, 1.915, 1.981, 1.907, 2.531, 2.188, 1.592, 2.096, 2.407, 2.901, 2.886, 2.237, 2.912, 3.265, 3.323, 2.871, 2.741, 2.213, 2.943, 3.626, 3.932, 3.832, 4.041, 3.005, 2.628, 3.638, 4.797, 4.519, 3.767, 5.483, 8.389, 8.286, 6.607, 4.322, 2.116, 3.948, 5.04, 5.004, 5.128, 6.764, 7.117, 6.817, 7.097, 7.104, 6.714, 7.569, 9.015, 8.457, 6.488, 5.885, 7.398, 9.585, 10.143, 8.378, 7.376, 6.553, 6.254, 6.099, 6.23, 5.865, 4.623, 5.221, 4.858, 3.792, 4.557, 4.82, 5.464, 6.181, 4.025, 2.111, 2.406, 2.56, 2.672, 3.017, 3.917, 4.784, 5.191, 5.646, 4.7, 4.028, 3.273, 3.27, 3.033, 3.005, 2.601, 3.192, 4.05, 3.314, 3.224, 4.047, 4.56, 2.3, 1.253, 2.299, 2.536, 2.561, 3.198, 2.634, 2.95, 2.566, 1.92, 1.835, 2.015, 1.443, 1.446, 1.884, 2.147, 3.061, 3.891, 4.884, 4.707, 4.116, 3.559, 2.768, 3.659, 3.729, 3.29, 3.741, 3.662, 3.631, 3.422, 3.23, 3.412, 3.446, 3.027, 3.553, 4.563, 5.188, 5.896, 7.789, 8.572, 9.46, 9.214, 9.335, 8.683, 7.216, 6.072, 4.197, 3.297, 2.054, 1.962, 1.639, 1.774, 2.176, 2.546, 1.941, 2.464, 2.367, 1.51, 2.229, 2.525, 2.625, 3.591], [2.792, 2.52, 2.903, 2.929, 3.085, 3.643, 3.298, 3.503, 4.508, 5.827, 6.59, 7.94, 9.072, 7.971, 6.363, 4.77, 3.358, 2.388, 1.912, 2.049, 4.818, 5.473, 0.0, 3.693, 3.873, 3.896, 4.24, 3.808, 2.415, 2.04, 2.199, 1.83, 2.002, 1.999, 1.402, 1.34, 2.015, 2.007, 2.038, 1.531, 1.618, 1.961, 2.124, 3.12, 6.345, 7.311, 6.871, 8.249, 8.497, 5.449, 6.244, 7.558, 5.392, 4.242, 4.025, 4.816, 4.874, 5.048, 5.466, 5.996, 7.002, 8.136, 8.05, 6.889, 6.593, 6.176, 6.108, 6.599, 5.718, 5.599, 6.85, 7.689, 8.374, 8.665, 8.617, 8.306, 8.025, 8.622, 9.876, 9.596, 9.063, 10.847, 13.613, 13.558, 11.589, 9.372, 5.895, 3.398, 2.903, 3.389, 3.412, 3.961, 4.172, 2.993, 3.149, 3.11, 1.963, 2.613, 3.7, 3.198, 2.093, 2.011, 2.177, 4.216, 4.793, 3.15, 2.361, 2.057, 2.187, 1.789, 1.582, 1.366, 1.962, 2.372, 2.417, 3.726, 3.749, 3.124, 2.956, 3.103, 2.588, 3.661, 3.342, 4.718, 5.258, 5.913, 6.783, 7.194, 7.331, 7.265, 6.631, 5.84, 4.66, 3.905, 4.519, 5.133, 4.706, 3.603, 3.164, 4.003, 4.288, 3.034, 2.632, 3.628, 5.932, 7.468, 7.784, 7.302, 8.375, 6.924, 4.257, 3.595, 4.948, 6.931, 7.059, 6.044, 5.779, 6.896, 7.394, 7.988, 8.976, 9.836, 9.282, 8.506, 8.045, 6.858, 5.647, 5.202, 4.578, 4.067, 3.583, 3.449, 3.704, 4.356, 4.327, 4.124, 3.584, 3.454, 3.737, 2.99, 2.475, 3.392, 4.599, 5.489, 5.611, 5.376, 4.335, 2.111, 1.106, 1.766, 2.492, 3.888, 6.226, 5.772, 6.132, 7.181, 7.421, 7.061, 7.508, 6.695, 5.799, 7.346, 7.474, 7.179, 7.926], [4.771, 4.352, 6.429, 6.422, 6.572, 7.11, 6.789, 7.073, 8.127, 9.452, 10.239, 11.616, 12.649, 11.54, 9.983, 8.342, 6.621, 5.507, 5.109, 5.355, 8.455, 9.103, 3.693, 0.0, 1.139, 1.269, 1.6, 1.152, 1.917, 4.13, 4.874, 4.017, 2.53, 2.585, 3.196, 4.061, 4.463, 3.682, 3.467, 3.193, 4.231, 4.954, 5.056, 6.277, 9.875, 10.836, 10.353, 11.887, 12.134, 9.087, 9.872, 11.195, 9.03, 7.891, 7.66, 8.425, 8.389, 8.6, 9.043, 9.593, 10.613, 11.774, 11.667, 10.445, 10.031, 9.558, 9.525, 10.094, 9.178, 9.05, 10.431, 11.364, 11.98, 12.303, 12.191, 11.944, 11.663, 12.26, 13.514, 13.234, 12.701, 14.485, 17.251, 17.196, 15.204, 12.999, 9.48, 6.098, 4.831, 5.153, 4.929, 4.367, 3.866, 3.375, 2.934, 2.676, 2.915, 2.152, 1.773, 1.709, 3.09, 3.448, 1.88, 1.69, 1.891, 1.418, 2.453, 3.149, 3.382, 3.506, 3.316, 3.592, 4.706, 4.457, 4.563, 5.945, 5.832, 5.557, 4.46, 3.713, 5.207, 7.096, 6.897, 8.36, 8.665, 9.262, 9.841, 9.639, 9.627, 9.454, 9.051, 8.084, 7.154, 6.612, 7.274, 7.932, 8.004, 6.519, 5.544, 6.603, 7.053, 5.313, 4.936, 7.035, 9.504, 11.067, 11.429, 10.957, 12.013, 10.559, 6.995, 6.941, 8.586, 10.569, 10.695, 9.691, 9.417, 10.523, 11.049, 11.639, 12.638, 13.445, 12.835, 12.014, 11.61, 10.198, 8.567, 7.698, 7.231, 6.468, 6.22, 6.202, 6.473, 7.319, 7.189, 6.963, 6.801, 6.624, 5.888, 4.797, 3.975, 2.574, 2.739, 3.234, 3.809, 3.344, 2.643, 2.44, 3.279, 5.061, 5.914, 7.378, 9.725, 9.31, 9.713, 10.779, 11.045, 10.689, 11.142, 10.239, 9.442, 11.007, 10.967, 10.705, 11.429], [4.638, 4.294, 6.509, 6.497, 6.635, 7.165, 6.828, 7.148, 8.203, 9.531, 10.302, 11.691, 12.737, 11.636, 10.076, 8.426, 6.67, 5.561, 5.152, 5.442, 8.516, 9.183, 3.873, 1.139, 0.0, 1.037, 1.623, 1.317, 2.064, 4.228, 5.03, 4.23, 2.866, 2.958, 3.536, 4.304, 4.672, 3.925, 3.785, 3.274, 4.311, 5.029, 5.14, 6.354, 9.955, 10.912, 10.432, 11.967, 12.214, 9.167, 9.952, 11.275, 9.11, 7.966, 7.72, 8.505, 8.525, 8.652, 9.096, 9.653, 10.693, 11.853, 11.745, 10.51, 10.051, 9.581, 9.538, 10.148, 9.226, 9.098, 10.485, 11.439, 12.055, 12.382, 12.27, 12.024, 11.743, 12.339, 13.594, 13.314, 12.781, 14.565, 17.331, 17.275, 15.283, 13.079, 9.56, 6.155, 4.413, 4.834, 4.75, 3.696, 3.104, 2.874, 2.692, 2.348, 2.964, 2.242, 1.529, 1.566, 2.937, 3.448, 2.105, 2.017, 1.979, 1.844, 2.625, 3.343, 3.627, 3.745, 3.328, 3.627, 4.725, 4.493, 4.618, 5.955, 5.828, 5.614, 4.558, 3.605, 5.236, 7.188, 6.972, 8.435, 8.682, 9.275, 9.889, 9.733, 9.525, 9.24, 9.066, 8.139, 7.181, 6.728, 7.341, 8.05, 8.037, 6.548, 5.476, 6.613, 7.086, 5.301, 4.791, 7.127, 9.597, 11.147, 11.504, 11.032, 12.093, 10.639, 7.062, 6.999, 8.666, 10.649, 10.77, 9.766, 9.497, 10.602, 11.124, 11.714, 12.698, 13.506, 12.912, 12.072, 11.684, 10.239, 8.627, 7.817, 7.347, 6.549, 6.285, 6.235, 6.535, 7.379, 7.256, 7.022, 6.86, 6.677, 5.94, 4.857, 3.986, 2.393, 2.213, 2.533, 3.07, 2.539, 1.932, 2.341, 3.48, 5.115, 5.992, 7.432, 9.778, 9.362, 9.773, 10.854, 11.125, 10.768, 11.217, 10.298, 9.502, 11.082, 11.024, 10.76, 11.49], [4.938, 4.507, 6.603, 6.575, 6.721, 7.308, 6.942, 7.234, 8.297, 9.625, 10.388, 11.769, 12.823, 11.698, 10.121, 8.492, 6.876, 5.775, 5.287, 5.507, 8.604, 9.276, 3.896, 1.269, 1.037, 0.0, 1.317, 0.928, 1.992, 4.322, 5.167, 4.48, 3.043, 2.992, 3.737, 4.437, 4.45, 3.892, 3.618, 3.567, 4.405, 5.124, 5.322, 6.544, 10.049, 11.006, 10.57, 12.061, 12.308, 9.261, 10.046, 11.369, 9.204, 8.053, 7.809, 8.599, 8.653, 8.782, 9.225, 9.756, 10.787, 11.947, 11.839, 10.619, 10.22, 9.752, 9.71, 10.293, 9.355, 9.247, 10.595, 11.516, 12.148, 12.476, 12.366, 12.118, 11.837, 12.433, 13.688, 13.408, 12.875, 14.659, 17.425, 17.369, 15.377, 13.173, 9.654, 6.259, 4.664, 5.205, 5.04, 3.999, 3.433, 3.054, 2.831, 2.669, 3.189, 2.596, 1.791, 1.756, 3.123, 3.603, 2.227, 1.558, 1.677, 1.549, 2.688, 3.444, 3.696, 3.657, 3.506, 3.802, 4.918, 4.638, 4.812, 6.169, 6.08, 5.766, 4.784, 3.767, 5.381, 7.255, 7.059, 8.512, 8.864, 9.447, 10.086, 9.995, 9.854, 9.598, 9.37, 8.406, 7.465, 6.966, 7.555, 8.27, 8.192, 6.706, 5.649, 6.744, 7.211, 5.482, 4.859, 7.189, 9.678, 11.241, 11.581, 11.113, 12.187, 10.733, 7.177, 7.103, 8.76, 10.743, 10.859, 9.855, 9.591, 10.696, 11.205, 11.799, 12.787, 13.61, 12.957, 12.152, 11.751, 10.366, 8.794, 8.023, 7.552, 6.755, 6.474, 6.369, 6.708, 7.491, 7.433, 7.136, 6.996, 6.798, 6.126, 5.034, 4.133, 2.551, 2.449, 2.655, 3.222, 2.716, 2.055, 2.458, 3.42, 5.201, 6.079, 7.552, 9.922, 9.509, 9.874, 10.932, 11.218, 10.862, 11.302, 10.392, 9.591, 11.16, 11.177, 10.883, 11.611], [5.386, 5.024, 6.894, 6.823, 6.963, 7.618, 7.302, 7.529, 8.546, 9.864, 10.617, 12.007, 13.061, 11.912, 10.335, 8.71, 7.188, 6.212, 5.698, 5.812, 8.837, 9.515, 4.24, 1.6, 1.623, 1.317, 0.0, 0.936, 2.192, 4.531, 5.484, 4.809, 3.458, 3.34, 3.996, 4.802, 4.707, 4.136, 3.941, 3.837, 4.643, 5.377, 5.635, 6.946, 10.297, 11.245, 10.784, 12.292, 12.546, 9.493, 10.275, 11.601, 9.412, 8.292, 8.05, 8.837, 9.008, 9.036, 9.468, 9.995, 11.038, 12.18, 12.084, 10.883, 10.578, 10.104, 10.117, 10.582, 9.704, 9.568, 10.864, 11.754, 12.386, 12.714, 12.603, 12.345, 12.059, 12.669, 13.926, 13.646, 13.113, 14.885, 17.648, 17.606, 15.616, 13.411, 9.899, 6.617, 4.985, 5.499, 5.526, 4.574, 4.026, 3.777, 3.502, 3.117, 3.751, 3.172, 2.095, 2.077, 3.563, 4.153, 2.608, 1.108, 1.465, 2.002, 3.305, 3.957, 4.224, 4.201, 3.99, 4.275, 5.469, 5.22, 5.383, 6.725, 6.542, 6.276, 5.325, 4.361, 5.715, 7.488, 7.317, 8.762, 9.299, 9.949, 10.664, 10.478, 10.22, 9.933, 9.779, 8.881, 7.916, 7.511, 8.108, 8.82, 8.599, 7.139, 6.165, 7.261, 7.684, 6.073, 5.365, 7.455, 9.916, 11.479, 11.819, 11.351, 12.415, 10.96, 7.76, 7.574, 8.998, 10.976, 11.097, 10.097, 9.831, 10.935, 11.444, 12.037, 13.014, 13.85, 13.271, 12.436, 12.049, 10.849, 9.341, 8.542, 8.092, 7.299, 6.996, 6.842, 7.252, 7.999, 7.965, 7.698, 7.539, 7.284, 6.672, 5.584, 4.636, 3.081, 2.879, 3.173, 3.759, 3.253, 2.677, 2.989, 3.934, 5.644, 6.364, 7.823, 10.213, 9.786, 10.143, 11.204, 11.463, 11.11, 11.575, 10.756, 9.818, 11.397, 11.483, 11.16, 11.886], [4.831, 4.467, 6.421, 6.399, 6.536, 7.082, 6.725, 7.051, 8.112, 9.429, 10.203, 11.593, 12.64, 11.491, 9.921, 8.265, 6.556, 5.527, 5.036, 5.337, 8.417, 9.094, 3.808, 1.152, 1.317, 0.928, 0.936, 0.0, 1.776, 4.102, 5.035, 4.29, 2.861, 2.829, 3.521, 4.251, 4.263, 3.666, 3.472, 3.393, 4.222, 4.94, 5.099, 6.373, 9.866, 10.824, 10.36, 11.846, 12.108, 9.047, 9.829, 11.155, 8.965, 7.854, 7.637, 8.418, 8.516, 8.546, 8.98, 9.548, 10.567, 11.728, 11.632, 10.415, 9.974, 9.504, 9.464, 10.059, 9.105, 8.996, 10.381, 11.34, 11.965, 12.272, 12.171, 11.899, 11.612, 12.23, 13.484, 13.202, 12.668, 14.439, 17.202, 17.167, 15.194, 12.99, 9.471, 6.056, 4.436, 5.078, 4.964, 4.25, 3.744, 3.212, 2.944, 2.607, 3.051, 2.596, 1.84, 1.66, 2.928, 3.538, 2.067, 1.306, 1.536, 1.403, 2.543, 3.216, 3.486, 3.493, 3.333, 3.595, 4.814, 4.563, 4.769, 6.114, 5.997, 5.72, 4.729, 3.713, 5.143, 7.059, 6.878, 8.336, 8.667, 9.275, 10.03, 9.932, 9.736, 9.481, 9.259, 8.338, 7.393, 6.918, 7.5, 8.223, 7.949, 6.472, 5.622, 6.738, 7.148, 5.428, 4.783, 6.971, 9.495, 11.058, 11.405, 10.912, 11.954, 10.513, 7.176, 7.034, 8.573, 10.533, 10.676, 9.654, 9.37, 10.481, 11.026, 11.616, 12.6, 13.407, 12.768, 11.902, 11.578, 10.165, 8.692, 7.93, 7.489, 6.682, 6.37, 6.168, 6.633, 7.332, 7.332, 7.006, 6.855, 6.595, 6.008, 4.916, 3.966, 2.494, 2.557, 3.002, 3.548, 3.04, 2.328, 2.296, 3.303, 5.014, 5.891, 7.328, 9.669, 9.257, 9.675, 10.756, 11.036, 10.679, 11.106, 10.214, 9.404, 10.984, 10.933,