[[0.0, 2.016, 1.449, 2.413, 2.302, 1.974, 2.042, 2.338, 2.306, 1.467, 1.708, 1.926, 1.93, 2.306, 2.223, 1.931, 1.352, 2.177, 3.249, 3.782, 4.087, 4.314, 4.115, 3.847, 3.724, 4.195, 4.413, 4.49, 3.729, 3.698, 3.154, 2.383, 2.081, 1.867, 1.936, 1.596, 1.949, 2.606, 1.958, 4.25, 5.53, 6.418, 7.914, 8.447, 8.79, 8.946, 8.5, 6.807, 4.033, 3.103, 3.311, 3.293, 2.848, 2.896, 2.427, 2.921, 2.814, 2.344, 2.319, 2.288, 3.013, 2.705, 3.1, 3.576, 3.33, 1.54, 1.2, 1.482, 1.936, 2.676, 2.217, 2.242, 4.577, 4.138, 3.441, 3.341, 2.665, 2.711, 5.777, 8.183, 8.592, 9.912, 10.301, 11.168, 12.404, 11.611, 9.518, 5.915, 5.412, 4.168, 4.628, 4.83, 5.263, 5.494, 6.309, 6.434, 6.164, 5.976, 6.19, 8.482, 10.504, 11.322, 13.514, 14.583, 15.028, 14.905, 14.075, 13.671, 12.717, 11.736, 10.705, 10.416, 9.992, 7.471, 5.246, 4.974, 4.579, 3.803, 3.981, 5.232, 7.287, 7.588, 7.527, 6.68, 5.965, 6.622, 7.604, 6.839, 7.055, 8.513, 8.598, 7.23, 5.981, 6.391, 6.894, 5.81, 4.874, 4.912, 5.833, 6.894, 6.746, 5.875, 5.9, 6.229, 6.57, 5.86], [2.016, 0.0, 2.411, 3.454, 2.436, 2.65, 3.456, 3.687, 3.787, 2.41, 2.004, 2.387, 3.344, 3.969, 3.694, 3.338, 2.667, 2.504, 3.296, 3.711, 3.791, 3.939, 3.838, 3.82, 3.826, 4.115, 4.342, 5.051, 4.21, 3.867, 3.08, 2.402, 2.33, 3.118, 3.31, 2.834, 2.086, 1.744, 2.56, 5.984, 7.262, 8.205, 9.639, 10.203, 10.515, 10.654, 10.347, 8.619, 5.873, 4.276, 4.125, 4.144, 3.717, 3.97, 3.915, 4.436, 4.442, 3.945, 3.753, 3.715, 4.371, 4.131, 4.731, 5.235, 5.016, 2.774, 2.34, 2.029, 2.104, 2.452, 2.256, 3.395, 6.332, 6.037, 5.233, 5.153, 3.592, 3.911, 7.419, 9.847, 10.403, 11.753, 12.088, 12.901, 14.128, 13.314, 11.158, 7.384, 6.148, 4.89, 5.273, 5.093, 5.462, 5.792, 6.61, 6.73, 6.692, 6.296, 6.314, 8.142, 9.744, 10.405, 12.708, 13.433, 13.753, 13.586, 12.78, 12.45, 11.563, 10.327, 9.633, 9.493, 9.219, 6.795, 5.43, 5.216, 4.815, 4.176, 4.159, 4.582, 6.048, 6.407, 6.108, 5.21, 4.556, 4.907, 5.876, 5.299, 5.244, 6.695, 6.775, 5.409, 4.195, 4.572, 5.262, 4.492, 4.03, 4.032, 4.535, 5.306, 5.182, 4.722, 4.454, 4.993, 5.7, 5.014], [1.449, 2.411, 0.0, 2.354, 2.525, 2.341, 1.629, 1.679, 1.951, 1.308, 1.521, 1.414, 1.582, 2.205, 2.216, 1.865, 1.623, 3.264, 4.388, 4.815, 5.097, 5.156, 4.982, 4.805, 4.658, 5.158, 5.298, 4.953, 4.284, 4.464, 3.979, 3.073, 2.903, 2.192, 1.821, 1.473, 2.298, 2.765, 2.086, 3.681, 4.947, 5.869, 7.336, 7.915, 8.192, 8.351, 8.004, 6.279, 3.716, 3.566, 3.956, 3.967, 3.644, 3.633, 2.543, 2.664, 2.318, 2.032, 1.974, 1.895, 2.578, 2.302, 2.791, 3.306, 3.062, 1.467, 1.142, 1.574, 2.391, 3.212, 2.822, 2.293, 4.13, 3.746, 3.225, 3.269, 3.194, 2.796, 5.156, 7.51, 8.051, 9.382, 9.807, 10.67, 11.887, 11.151, 9.05, 6.232, 6.043, 4.766, 5.235, 5.478, 6.124, 6.418, 7.279, 7.269, 6.95, 6.919, 7.221, 9.421, 11.389, 12.231, 14.523, 15.334, 15.671, 15.538, 14.785, 14.373, 13.427, 12.419, 11.466, 11.3, 10.916, 8.434, 6.103, 6.047, 5.658, 4.819, 5.139, 6.224, 7.932, 8.414, 8.108, 7.176, 6.501, 6.99, 7.991, 7.225, 7.359, 8.826, 8.903, 7.431, 6.289, 6.719, 7.314, 6.306, 5.584, 5.608, 6.47, 7.417, 7.243, 6.662, 6.503, 6.862, 7.467, 6.657], [2.413, 3.454, 2.354, 0.0, 1.817, 1.544, 1.981, 1.999, 2.017, 1.788, 2.246, 2.146, 1.522, 2.02, 2.532, 2.336, 2.671, 3.709, 4.827, 5.353, 5.62, 5.892, 5.432, 5.383, 5.04, 5.37, 5.134, 4.07, 3.053, 4.016, 3.731, 2.736, 2.682, 2.284, 1.384, 1.623, 2.686, 3.453, 1.995, 3.013, 4.118, 4.925, 6.338, 7.016, 7.237, 7.361, 7.225, 5.415, 2.781, 2.169, 3.066, 3.064, 2.802, 2.786, 1.787, 1.946, 2.523, 2.136, 1.9, 2.064, 2.629, 2.609, 3.148, 2.82, 3.01, 2.101, 1.9, 1.98, 2.891, 3.427, 3.608, 3.28, 3.507, 3.539, 3.397, 3.212, 2.887, 2.319, 4.258, 6.617, 7.207, 8.524, 8.961, 9.828, 11.027, 10.324, 8.359, 5.295, 4.548, 3.638, 3.992, 4.601, 5.388, 5.804, 6.357, 6.183, 5.821, 6.034, 7.064, 10.136, 12.232, 13.514, 15.659, 16.688, 16.918, 16.724, 15.909, 15.657, 14.553, 13.51, 12.345, 12.326, 12.066, 9.643, 6.879, 6.206, 5.637, 4.797, 5.518, 7.315, 9.256, 9.553, 9.357, 8.426, 7.468, 7.863, 8.874, 8.089, 8.203, 9.671, 9.747, 8.267, 7.139, 7.596, 8.214, 7.219, 6.244, 6.453, 7.535, 8.513, 8.355, 7.916, 7.775, 8.029, 8.575, 7.811], [2.302, 2.436, 2.525, 1.817, 0.0, 1.276, 2.671, 2.54, 2.368, 2.054, 2.455, 2.772, 2.384, 2.849, 3.106, 2.423, 2.428, 2.902, 3.606, 3.963, 4.271, 4.503, 4.027, 3.976, 3.647, 4.03, 3.845, 3.501, 2.722, 2.843, 2.375, 1.554, 1.681, 1.993, 2.026, 2.314, 2.185, 2.658, 2.111, 4.368, 5.655, 6.597, 8.01, 8.688, 8.901, 9.026, 8.831, 7.076, 4.38, 2.992, 2.848, 2.67, 2.698, 2.871, 2.749, 2.967, 3.159, 2.738, 2.566, 2.478, 3.336, 3.435, 3.836, 4.094, 3.97, 2.388, 1.944, 1.7, 2.276, 2.593, 2.91, 3.276, 4.945, 4.658, 4.081, 3.93, 2.502, 2.525, 5.892, 8.296, 8.879, 10.196, 10.633, 11.486, 12.699, 11.924, 9.857, 6.245, 4.777, 3.534, 3.955, 3.869, 4.548, 4.88, 5.706, 5.7, 5.462, 5.291, 5.785, 8.747, 10.858, 12.205, 14.341, 15.359, 15.594, 15.403, 14.617, 14.341, 13.231, 12.185, 11.019, 11.002, 10.754, 8.329, 5.482, 4.834, 4.335, 3.641, 4.126, 5.964, 7.93, 8.247, 8.038, 7.115, 6.158, 6.279, 7.365, 6.629, 6.649, 7.998, 8.075, 6.658, 5.51, 5.939, 6.754, 5.833, 4.896, 5.044, 6.17, 7.129, 7.04, 6.614, 6.421, 6.705, 7.233, 6.503], [1.974, 2.65, 2.341, 1.544, 1.276, 0.0, 1.912, 2.193, 1.929, 1.775, 2.388, 2.613, 1.768, 1.944, 2.439, 2.043, 2.081, 2.559, 3.488, 4.007, 4.266, 4.544, 4.077, 4.031, 3.688, 4.073, 3.958, 3.395, 2.402, 2.865, 2.609, 1.707, 1.806, 1.827, 1.742, 1.903, 1.808, 2.831, 2.017, 3.575, 4.855, 5.798, 7.232, 7.871, 8.107, 8.235, 8.013, 6.257, 3.601, 2.328, 2.493, 2.456, 2.343, 2.344, 2.011, 2.365, 2.57, 1.965, 2.135, 2.179, 2.869, 2.729, 3.095, 3.21, 3.115, 2.064, 1.577, 1.503, 1.898, 2.471, 2.393, 2.717, 4.153, 3.901, 3.551, 3.365, 2.043, 1.959, 5.161, 7.674, 8.062, 9.379, 9.816, 10.669, 11.882, 11.104, 8.905, 5.702, 4.471, 3.316, 3.6, 3.734, 4.584, 4.878, 5.629, 5.474, 5.159, 5.228, 5.826, 8.789, 10.852, 12.18, 14.322, 15.465, 15.703, 15.611, 14.879, 14.482, 13.508, 12.521, 11.357, 11.084, 10.714, 8.285, 5.519, 4.892, 4.39, 3.621, 4.164, 5.964, 8.177, 8.272, 8.099, 7.318, 6.411, 6.978, 7.971, 7.203, 7.348, 8.816, 8.897, 7.453, 6.295, 6.714, 7.336, 6.288, 5.061, 5.403, 6.572, 7.591, 7.393, 6.654, 6.757, 6.977, 7.319, 6.628], [2.042, 3.456, 1.629, 1.981, 2.671, 1.912, 0.0, 1.225, 1.522, 1.441, 2.283, 1.958, 1.261, 1.489, 1.948, 1.35, 1.868, 3.566, 4.704, 5.146, 5.42, 5.642, 5.296, 5.125, 4.929, 5.391, 5.319, 4.538, 3.718, 4.244, 4.008, 3.067, 2.832, 2.077, 1.487, 1.546, 2.654, 3.778, 2.435, 2.672, 3.903, 4.847, 6.281, 6.844, 7.156, 7.283, 6.989, 5.26, 2.879, 2.965, 3.462, 3.598, 3.265, 3.172, 1.886, 1.788, 1.499, 1.184, 1.319, 1.255, 1.817, 1.596, 2.055, 2.269, 2.002, 1.583, 1.536, 1.949, 2.892, 3.738, 3.339, 2.632, 3.078, 2.779, 2.376, 2.665, 2.874, 2.311, 4.228, 6.759, 7.045, 8.394, 8.733, 9.586, 10.8, 10.032, 7.95, 5.357, 5.473, 4.465, 4.773, 5.115, 5.905, 6.204, 6.924, 6.828, 6.589, 6.646, 7.13, 10.037, 11.838, 13.093, 15.204, 16.503, 16.782, 16.688, 15.835, 15.448, 14.522, 13.478, 12.419, 12.016, 11.637, 9.144, 6.652, 6.12, 5.652, 4.687, 5.235, 6.859, 9.15, 9.201, 9.081, 8.295, 7.336, 8.06, 9.053, 8.267, 8.43, 9.898, 9.978, 8.524, 7.377, 7.777, 8.375, 7.345, 6.281, 6.555, 7.553, 8.605, 8.409, 7.66, 7.713, 7.932, 8.279, 7.714], [2.338, 3.687, 1.679, 1.999, 2.54, 2.193, 1.225, 0.0, 1.584, 1.632, 2.365, 2.338, 1.372, 1.767, 2.311, 1.656, 2.157, 3.913, 5.043, 5.476, 5.811, 5.917, 5.601, 5.51, 5.236, 5.737, 5.645, 4.927, 4.143, 4.474, 4.169, 3.188, 2.998, 2.439, 1.594, 1.826, 2.698, 3.658, 2.198, 2.567, 3.747, 4.681, 6.094, 6.772, 6.985, 7.11, 6.923, 5.192, 3.237, 3.575, 4.099, 4.041, 3.659, 3.639, 2.344, 2.076, 1.783, 1.601, 1.441, 1.258, 1.702, 1.716, 2.12, 2.303, 2.277, 1.6, 1.714, 2.144, 2.891, 3.584, 3.536, 2.622, 3.11, 2.875, 2.486, 2.882, 3.247, 2.546, 4.005, 6.419, 6.97, 8.28, 8.717, 9.57, 10.783, 10.056, 7.994, 5.854, 5.986, 4.832, 5.322, 5.506, 6.168, 6.51, 7.322, 7.34, 7.014, 6.912, 7.579, 10.216, 12.199, 13.579, 15.638, 16.831, 17.067, 16.88, 16.106, 15.797, 14.692, 13.722, 12.474, 12.326, 12.08, 9.648, 6.873, 6.571, 6.126, 5.203, 5.675, 7.29, 9.453, 9.637, 9.475, 8.61, 7.549, 8.076, 9.07, 8.341, 8.446, 9.914, 9.991, 8.497, 7.379, 7.823, 8.471, 7.472, 6.326, 6.669, 7.764, 8.773, 8.59, 8.003, 8.004, 8.2, 8.588, 7.908], [2.306, 3.787, 1.951, 2.017, 2.368, 1.929, 1.522, 1.584, 0.0, 1.583, 2.827, 2.648, 1.725, 1.983, 2.448, 1.845, 2.123, 3.425, 4.361, 4.96, 5.377, 5.666, 5.118, 5.079, 4.766, 5.043, 4.759, 4.146, 3.422, 3.669, 3.611, 2.876, 2.671, 1.905, 1.783, 2.24, 2.997, 3.968, 2.443, 2.39, 3.56, 4.491, 5.934, 6.582, 6.818, 6.963, 6.782, 5.002, 2.612, 2.856, 3.288, 3.214, 2.757, 2.73, 1.749, 1.835, 1.579, 1.356, 1.71, 1.728, 2.381, 2.067, 2.161, 2.34, 1.99, 1.887, 1.772, 2.243, 2.962, 3.796, 3.697, 2.482, 2.952, 2.831, 2.257, 2.267, 2.616, 1.912, 4.07, 6.436, 6.773, 8.091, 8.527, 9.38, 10.594, 9.837, 7.737, 5.361, 5.324, 4.09, 4.446, 4.498, 5.285, 5.518, 6.308, 6.328, 6.071, 5.899, 6.725, 9.757, 12.171, 13.343, 15.487, 16.58, 16.865, 16.787, 16.086, 15.665, 14.719, 13.722, 12.564, 12.306, 11.949, 9.476, 6.613, 5.744, 5.237, 4.606, 5.224, 7.114, 9.337, 9.473, 9.301, 8.482, 7.697, 8.266, 9.259, 8.473, 8.636, 10.104, 10.181, 8.708, 7.576, 8.006, 8.572, 7.513, 6.361, 6.494, 7.769, 8.791, 8.592, 7.847, 7.927, 8.182, 8.519, 7.788], [1.467, 2.41, 1.308, 1.788, 2.054, 1.775, 1.441, 1.632, 1.583, 0.0, 1.596, 1.723, 1.404, 2.189, 2.447, 1.985, 1.768, 3.177, 4.237, 4.638, 4.951, 5.083, 4.762, 4.617, 4.402, 4.896, 4.872, 4.49, 3.742, 3.792, 3.429, 2.51, 2.349, 2.043, 1.852, 1.475, 2.16, 2.786, 1.976, 3.647, 4.915, 5.852, 7.285, 7.858, 8.161, 8.295, 8.012, 6.265, 3.551, 3.162, 3.586, 3.481, 3.042, 3.07, 2.238, 2.337, 2.269, 1.778, 2.006, 1.912, 2.542, 2.399, 2.947, 3.235, 3.094, 1.599, 0.929, 1.122, 2.273, 3.038, 2.862, 2.448, 4.119, 3.834, 3.174, 3.014, 2.761, 2.245, 5.09, 7.499, 8.05, 9.399, 9.803, 10.656, 11.869, 11.095, 8.946, 6.091, 5.622, 4.28, 4.801, 4.863, 5.431, 5.724, 6.632, 6.666, 6.448, 6.266, 6.73, 9.455, 11.332, 12.359, 14.625, 15.512, 15.785, 15.631, 14.814, 14.51, 13.502, 12.427, 11.47, 11.312, 11.01, 8.549, 6.126, 5.696, 5.247, 4.302, 4.767, 6.303, 8.114, 8.439, 8.202, 7.263, 6.445, 6.997, 8.004, 7.188, 7.361, 8.828, 8.905, 7.449, 6.307, 6.717, 7.298, 6.282, 5.474, 5.626, 6.504, 7.463, 7.272, 6.758, 6.643, 6.95, 7.545, 6.779], [1.708, 2.004, 1.521, 2.246, 2.455, 2.388, 2.283, 2.365, 2.827, 1.596, 0.0, 1.094, 2.11, 2.804, 2.902, 2.805, 2.423, 3.439, 4.551, 5.002, 5.353, 5.364, 5.322, 5.115, 4.934, 5.465, 5.624, 5.282, 4.475, 4.656, 4.052, 3.157, 3.056, 2.657, 2.258, 1.548, 2.143, 2.275, 1.935, 4.433, 5.693, 6.605, 8.083, 8.622, 8.953, 9.115, 8.756, 7.007, 4.319, 3.79, 4.124, 4.117, 3.721, 3.753, 3.091, 3.073, 3.055, 2.681, 2.612, 2.756, 3.389, 3.189, 3.726, 4.132, 4.012, 2.008, 1.611, 1.505, 2.538, 3.038, 2.808, 2.813, 4.841, 4.434, 3.74, 3.636, 3.256, 3.03, 5.776, 8.185, 8.752, 10.112, 10.469, 11.343, 12.561, 11.865, 10.026, 6.933, 6.313, 5.004, 5.528, 5.778, 6.332, 6.641, 7.479, 7.457, 7.246, 7.192, 7.503, 9.771, 11.653, 12.085, 14.378, 15.049, 15.509, 15.253, 14.414, 14.093, 13.199, 12.056, 11.382, 11.303, 10.92, 8.489, 6.382, 6.206, 5.802, 5.047, 5.264, 6.3, 7.786, 8.132, 7.912, 6.978, 6.264, 6.658, 7.585, 7.013, 6.829, 8.223, 8.293, 6.811, 5.698, 6.198, 6.929, 6.239, 5.807, 5.741, 6.151, 6.903, 6.788, 6.337, 6.083, 6.58, 7.322, 6.713], [1.926, 2.387, 1.414, 2.146, 2.772, 2.613, 1.958, 2.338, 2.648, 1.723, 1.094, 0.0, 1.769, 2.542, 2.56, 2.612, 2.438, 3.725, 4.863, 5.37, 5.606, 5.676, 5.628, 5.422, 5.265, 5.783, 5.952, 5.518, 4.604, 5.099, 4.459, 3.54, 3.426, 2.859, 1.886, 1.357, 2.491, 2.631, 2.131, 3.941, 5.2, 6.112, 7.591, 8.129, 8.476, 8.63, 8.31, 6.534, 3.841, 3.654, 4.166, 4.427, 4.109, 4.004, 2.879, 2.877, 2.773, 2.327, 2.131, 2.365, 2.895, 2.631, 3.296, 3.706, 3.465, 1.781, 1.713, 1.657, 2.765, 3.41, 3.209, 2.776, 4.363, 3.987, 3.664, 3.545, 3.547, 3.134, 5.359, 7.721, 8.288, 9.61, 9.942, 10.765, 12.015, 11.298, 9.534, 6.718, 6.294, 5.128, 5.609, 6.068, 6.731, 7.081, 7.776, 7.634, 7.438, 7.567, 7.898, 10.063, 11.878, 12.504, 14.81, 15.592, 16.034, 15.746, 14.905, 14.626, 13.707, 12.49, 11.752, 11.561, 11.239, 8.787, 6.753, 6.618, 6.196, 5.495, 5.666, 6.547, 8.112, 8.513, 8.316, 7.39, 6.658, 7.058, 8.105, 7.408, 7.293, 8.731, 8.789, 7.314, 6.178, 6.71, 7.327, 6.559, 6.112, 6.038, 6.563, 7.475, 7.349, 6.874, 6.59, 7.097, 7.801, 7.056], [1.93, 3.344, 1.582, 1.522, 2.384, 1.768, 1.261, 1.372, 1.725, 1.404, 2.11, 1.769, 0.0, 1.243, 1.776, 1.643, 1.869, 3.534, 4.663, 5.103, 5.432, 5.642, 5.22, 5.058, 4.84, 5.33, 5.319, 4.434, 3.696, 4.259, 3.99, 3.063, 2.889, 2.126, 1.232, 1.267, 2.607, 3.414, 2.025, 2.702, 3.961, 4.883, 6.317, 6.968, 7.209, 7.321, 7.147, 5.354, 2.839, 2.812, 3.364, 3.516, 3.253, 3.191, 1.769, 1.779, 1.893, 1.37, 1.478, 1.491, 2.12, 1.818, 2.304, 2.448, 2.395, 1.289, 1.439, 1.72, 2.5, 3.443, 3.248, 2.526, 3.26, 3.069, 2.977, 2.738, 2.909, 2.258, 4.298, 6.574, 7.161, 8.476, 8.913, 9.766, 10.979, 10.218, 8.067, 5.457, 5.146, 4.157, 4.574, 5.035, 5.873, 6.167, 6.906, 6.838, 6.398, 6.523, 7.256, 9.881, 11.967, 13.123, 15.258, 16.34, 16.583, 16.497, 15.705, 15.364, 14.228, 13.318, 12.124, 12.002, 11.747, 9.247, 6.506, 6.18, 5.711, 4.784, 5.252, 6.893, 8.938, 9.284, 9.081, 8.09, 7.315, 7.881, 8.89, 8.092, 8.251, 9.719, 9.808, 8.348, 7.206, 7.631, 8.21, 7.142, 6.133, 6.271, 7.429, 8.437, 8.238, 7.597, 7.499, 7.75, 8.156, 7.439], [2.306, 3.969, 2.205, 2.02, 2.849, 1.944, 1.489, 1.767, 1.983, 2.189, 2.804, 2.542, 1.243, 0.0, 1.12, 1.398, 1.615, 3.115, 4.235, 4.696, 5.167, 5.362, 4.923, 4.795, 4.449, 4.927, 5.2, 4.153, 3.479, 3.976, 3.864, 3.24, 2.844, 1.833, 1.28, 1.878, 3.011, 4.011, 2.498, 2.202, 3.348, 4.241, 5.75, 6.337, 6.629, 6.765, 6.47, 4.704, 2.354, 2.305, 2.87, 3.111, 2.891, 2.835, 1.69, 1.809, 1.615, 1.17, 1.618, 1.458, 1.802, 1.517, 1.699, 1.98, 1.797, 1.671, 2.07, 2.475, 2.999, 3.728, 3.263, 2.702, 2.918, 2.612, 2.794, 2.638, 2.586, 2.301, 4.06, 6.367, 6.556, 7.826, 8.263, 9.116, 10.329, 9.558, 7.463, 4.481, 4.794, 4.104, 4.133, 4.709, 5.652, 5.802, 6.517, 6.444, 5.942, 6.15, 6.894, 9.485, 12.103, 13.289, 15.274, 16.642, 16.973, 16.971, 16.195, 15.8, 14.737, 13.846, 12.523, 12.212, 11.89, 9.297, 6.242, 5.86, 5.349, 4.499, 4.911, 6.819, 9.419, 9.582, 9.486, 8.601, 7.826, 8.531, 9.524, 8.715, 8.901, 10.369, 10.454, 9.003, 7.852, 8.272, 8.822, 7.741, 6.504, 6.712, 7.982, 9.025, 8.826, 7.987, 8.021, 8.287, 8.467, 7.788], [2.223, 3.694, 2.216, 2.532, 3.106, 2.439, 1.948, 2.311, 2.448, 2.447, 2.902, 2.56, 1.776, 1.12, 0.0, 1.404, 1.506, 2.865, 3.995, 4.302, 4.773, 5.021, 4.588, 4.35, 4.234, 4.73, 5.17, 4.159, 3.677, 3.988, 3.92, 3.231, 2.863, 1.76, 1.526, 2.165, 3.134, 4.137, 2.825, 2.733, 3.79, 4.717, 6.201, 6.773, 7.097, 7.259, 6.844, 5.133, 2.959, 2.37, 2.9, 3.224, 3.07, 2.921, 2.103, 2.482, 2.182, 1.723, 1.86, 1.551, 1.795, 1.572, 1.816, 2.455, 2.15, 1.79, 2.121, 2.689, 3.126, 3.935, 3.307, 2.927, 3.543, 2.952, 3.34, 3.245, 3.033, 2.864, 4.702, 7.021, 6.944, 8.213, 8.655, 9.512, 10.75, 9.972, 7.763, 4.46, 4.792, 4.198, 4.172, 4.604, 5.668, 5.748, 6.504, 6.461, 5.923, 6.08, 6.654, 8.983, 11.698, 12.781, 14.816, 16.158, 16.553, 16.507, 15.764, 15.345, 14.286, 13.402, 12.148, 11.823, 11.384, 8.768, 5.738, 5.611, 5.007, 4.273, 4.543, 6.334, 8.987, 9.159, 9.075, 8.22, 7.408, 8.147, 9.14, 8.323, 8.525, 10.003, 10.078, 8.644, 7.493, 7.892, 8.419, 7.372, 6.156, 6.334, 7.544, 8.587, 8.367, 7.546, 7.593, 7.839, 8.061, 7.371], [1.931, 3.338, 1.865, 2.336, 2.423, 2.043, 1.35, 1.656, 1.845, 1.985, 2.805, 2.612, 1.643, 1.398, 1.404, 0.0, 1.22, 2.987, 3.993, 4.244, 4.56, 4.905, 4.322, 4.244, 3.975, 4.404, 4.519, 3.841, 3.304, 3.501, 3.393, 2.561, 2.181, 1.47, 1.432, 1.92, 2.915, 4.06, 2.442, 3.069, 4.325, 5.266, 6.686, 7.357, 7.57, 7.695, 7.499, 5.743, 3.375, 2.75, 2.927, 3.088, 2.871, 2.945, 1.92, 2.309, 1.858, 1.586, 1.582, 1.286, 1.886, 1.784, 2.046, 2.762, 2.33, 1.51, 1.683, 2.336, 2.992, 3.77, 3.398, 2.855, 3.708, 3.328, 2.984, 3.094, 3.008, 2.712, 4.944, 7.426, 7.548, 8.865, 9.302, 10.155, 11.369, 10.593, 8.285, 4.788, 4.866, 4.02, 4.122, 4.382, 5.26, 5.406, 6.262, 6.206, 5.878, 5.843, 6.277, 8.942, 11.183, 12.512, 14.568, 15.912, 16.16, 16.14, 15.39, 14.961, 13.983, 13.042, 11.809, 11.484, 11.084, 8.574, 5.654, 5.221, 4.801, 4.05, 4.353, 6.186, 8.687, 8.758, 8.609, 7.83, 6.91, 7.491, 8.485, 7.752, 7.901, 9.408, 9.47, 8.063, 6.878, 7.261, 7.893, 6.911, 5.626, 5.925, 7.133, 8.144, 7.943, 7.177, 7.281, 7.507, 7.776, 7.131], [1.352, 2.667, 1.623, 2.671, 2.428, 2.081, 1.868, 2.157, 2.123, 1.768, 2.423, 2.438, 1.869, 1.615, 1.506, 1.22, 0.0, 2.169, 3.203, 3.654, 4.085, 4.325, 3.837, 3.585, 3.468, 3.905, 4.219, 3.847, 3.407, 3.333, 3.025, 2.329, 1.905, 1.211, 1.788, 1.984, 2.464, 3.33, 2.224, 3.582, 4.741, 5.654, 7.131, 7.751, 8.008, 8.181, 7.883, 6.127, 3.548, 2.752, 2.862, 2.947, 2.623, 2.663, 2.104, 2.57, 2.242, 1.754, 2.106, 1.969, 2.56, 2.248, 2.503, 3.171, 2.716, 1.506, 1.421, 1.914, 2.424, 3.165, 2.64, 2.312, 4.157, 3.799, 3.159, 3.125, 2.578, 2.46, 5.497, 7.867, 7.944, 9.249, 9.686, 10.539, 11.753, 10.961, 8.705, 5.173, 5.101, 3.915, 4.001, 4.131, 5.018, 5.054, 5.968, 6.005, 5.628, 5.544, 5.828, 8.262, 10.767, 11.869, 13.903, 15.241, 15.58, 15.549, 14.789, 14.357, 13.33, 12.433, 11.14, 10.863, 10.474, 7.89, 5.038, 4.783, 4.349, 3.485, 3.788, 5.448, 8.065, 8.165, 8.058, 7.224, 6.419, 7.108, 8.101, 7.32, 7.569, 9.054, 9.131, 7.732, 6.496, 6.94, 7.453, 6.442, 5.312, 5.43, 6.6, 7.621, 7.4, 6.572, 6.654, 6.928, 7.159, 6.459], [2.177, 2.504, 3.264, 3.709, 2.902, 2.559, 3.566, 3.913, 3.425, 3.177, 3.439, 3.725, 3.534, 3.115, 2.865, 2.987, 2.169, 0.0, 1.537, 2.076, 2.915, 3.436, 2.973, 2.585, 2.67, 2.963, 3.667, 3.889, 3.591, 2.877, 2.449, 2.352, 1.909, 2.381, 3.306, 3.408, 2.395, 3.179, 2.642, 4.829, 5.762, 6.644, 8.203, 8.565, 9.141, 9.27, 8.471, 6.853, 4.456, 2.775, 2.6, 2.671, 2.261, 2.441, 3.054, 3.588, 3.384, 2.987, 3.579, 3.759, 4.286, 3.941, 3.567, 4.191, 3.73, 2.651, 2.778, 2.69, 2.112, 2.584, 1.98, 2.562, 5.07, 4.947, 4.092, 3.547, 1.977, 2.832, 6.699, 8.936, 8.818, 9.966, 10.36, 11.119, 12.376, 11.706, 9.629, 6.005, 5.352, 4.127, 3.826, 3.759, 4.409, 4.456, 5.116, 5.466, 5.047, 4.807, 4.853, 7.036, 10.046, 10.891, 12.885, 14.491, 14.996, 15.043, 14.134, 13.66, 12.699, 11.801, 10.648, 10.154, 9.618, 6.838, 4.678, 4.016, 3.377, 3.089, 2.903, 4.729, 7.346, 7.582, 7.553, 6.694, 5.95, 6.759, 7.744, 6.984, 7.248, 8.722, 8.821, 7.428, 6.203, 6.622, 7.092, 6.044, 4.773, 4.8, 6.014, 7.078, 6.849, 5.911, 5.785, 6.301, 6.501, 5.856], [3.249, 3.296, 4.388, 4.827, 3.606, 3.488, 4.704, 5.043, 4.361, 4.237, 4.551, 4.863, 4.663, 4.235, 3.995, 3.993, 3.203, 1.537, 0.0, 1.518, 2.288, 2.854, 2.372, 2.186, 2.415, 2.626, 3.332, 3.635, 3.42, 2.583, 2.142, 2.468, 2.708, 3.266, 4.381, 4.537, 3.212, 3.547, 3.658, 5.738, 6.651, 7.486, 9.094, 9.41, 10.034, 10.151, 9.159, 7.67, 5.373, 3.39, 2.73, 2.853, 2.77, 2.964, 4.131, 4.436, 4.303, 4.131, 4.677, 4.81, 5.262, 4.99, 4.664, 5.214, 4.753, 3.897, 3.834, 3.76, 2.768, 2.782, 2.516, 3.752, 6.034, 6.079, 5.27, 4.419, 2.631, 3.876, 7.764, 9.756, 9.704, 10.755, 11.161, 11.733, 13.074, 12.542, 10.439, 6.662, 5.249, 3.92, 3.62, 3.513, 3.703, 3.809, 4.687, 5.053, 4.604, 4.348, 4.417, 6.379, 9.402, 10.268, 12.221, 13.825, 14.328, 14.371, 13.465, 13.012, 12.051, 11.123, 9.969, 9.505, 8.99, 6.205, 4.244, 3.43, 2.901, 2.872, 2.412, 4.067, 6.688, 6.934, 6.905, 6.055, 5.346, 6.144, 7.14, 6.385, 6.646, 8.118, 8.213, 6.831, 5.608, 6.013, 6.483, 5.435, 4.162, 4.191, 5.406, 6.464, 6.244, 5.298, 5.17, 5.697, 5.877, 5.207], [3.782, 3.711, 4.815, 5.353, 3.963, 4.007, 5.146, 5.476, 4.96, 4.638, 5.002, 5.37, 5.103, 4.696, 4.302, 4.244, 3.654, 2.076, 1.518, 0.0, 1.735, 2.323, 1.872, 1.744, 1.935, 2.188, 2.985, 3.477, 3.482, 2.298, 2.062, 2.653, 2.965, 3.506, 4.869, 4.985, 3.516, 3.798, 4.047, 6.427, 7.376, 8.232, 9.807, 10.152, 10.744, 10.875, 9.801, 8.373, 6.045, 3.889, 2.963, 2.915, 3.331, 3.724, 4.716, 5.196, 5.009, 4.578, 5.232, 5.215, 5.577, 5.388, 5.04, 5.811, 5.441, 4.286, 4.258, 4.173, 3.076, 2.845, 2.81, 4.046, 6.607, 6.554, 5.743, 5.023, 3.12, 4.42, 8.388, 10.525, 10.428, 11.431, 11.907, 12.526, 13.901, 13.345, 11.165, 7.097, 5.177, 4.004, 3.611, 3.325, 3.598, 3.719, 4.582, 5.023, 4.374, 4.2, 4.164, 5.989, 9.062, 9.776, 11.671, 13.38, 13.905, 13.917, 13.034, 12.585, 11.578, 10.729, 9.531, 9.09, 8.569, 5.703, 3.985, 3.355, 2.764, 2.599, 2.119, 3.611, 6.279, 6.557, 6.524, 5.639, 4.891, 5.699, 6.686, 5.894, 6.078, 7.582, 7.7, 6.319, 5.155, 5.483, 5.969, 4.898, 3.637, 3.675, 4.908, 5.989, 5.777, 4.858, 4.715, 5.18, 5.375, 4.825], [4.087, 3.791, 5.097, 5.62, 4.271, 4.266, 5.42, 5.811, 5.377, 4.951, 5.353, 5.606, 5.432, 5.167, 4.773, 4.56, 4.085, 2.915, 2.288, 1.735, 0.0, 1.126, 1.259, 1.825, 1.739, 1.716, 2.628, 3.722, 3.82, 2.613, 2.332, 2.918, 3.396, 3.808, 5.201, 5.291, 3.752, 3.75, 4.471, 7.007, 8.167, 9.065, 10.582, 11.061, 11.523, 11.682, 10.973, 9.325, 6.734, 4.73, 3.755, 3.596, 4.085, 4.534, 5.243, 5.875, 5.699, 5.171, 5.522, 5.543, 5.85, 5.683, 5.689, 6.396, 6.103, 4.598, 4.565, 4.477, 3.281, 2.647, 2.953, 4.423, 7.178, 6.982, 6.262, 5.933, 3.916, 4.95, 8.912, 11.18, 11.256, 12.419, 12.76, 13.622, 14.906, 14.152, 12.06, 7.743, 5.175, 4.114, 3.964, 3.591, 3.169, 3.551, 4.489, 4.936, 4.718, 4.268, 3.992, 5.064, 7.564, 8.462, 10.433, 11.991, 12.509, 12.442, 11.544, 11.166, 10.2, 9.198, 8.104, 7.685, 7.164, 4.427, 3.034, 2.586, 2.496, 2.619, 1.845, 2.1, 4.724, 4.959, 4.92, 4.056, 3.317, 4.175, 5.173, 4.372, 4.602, 6.068, 6.181, 4.793, 3.856, 4.053, 4.446, 3.42, 2.29, 2.295, 3.431, 4.478, 4.226, 3.342, 3.302, 3.72, 3.924, 3.326], [4.314, 3.939, 5.156, 5.892, 4.503, 4.544, 5.642, 5.917, 5.666, 5.083, 5.364, 5.676, 5.642, 5.362, 5.021, 4.905, 4.325, 3.436, 2.854, 2.323, 1.126, 0.0, 1.279, 1.908, 1.781, 1.741, 2.474, 3.649, 3.956, 2.705, 2.424, 3.21, 3.603, 4.176, 5.436, 5.414, 3.794, 3.812, 4.638, 7.48, 8.586, 9.498, 10.99, 11.515, 11.85, 12.007, 11.533, 9.876, 7.137, 5.356, 4.289, 3.92, 4.523, 5.013, 5.51, 6.015, 5.858, 5.285, 5.781, 5.696, 6.014, 5.86, 5.998, 6.775, 6.417, 4.78, 4.692, 4.634, 3.393, 2.743, 3.32, 4.825, 7.717, 7.407, 6.623, 6.397, 4.452, 5.289, 9.085, 11.483, 11.651, 12.953, 13.328, 14.212, 15.454, 14.643, 12.476, 8.216, 5.263, 4.241, 4.164, 3.618, 2.902, 3.434, 4.455, 4.81, 4.809, 4.23, 3.89, 4.636, 7.024, 8.136, 10.114, 11.567, 12.019, 11.88, 11.034, 10.667, 9.625, 8.677, 7.538, 7.095, 6.655, 4.213, 2.611, 2.486, 2.678, 2.631, 1.785, 1.675, 4.296, 4.427, 4.392, 3.565, 2.782, 3.62, 4.56, 3.744, 3.964, 5.441, 5.536, 4.124, 3.281, 3.549, 3.879, 2.825, 1.891, 1.886, 2.789, 3.843, 3.605, 2.826, 2.869, 3.138, 3.331, 2.936], [4.115, 3.838, 4.982, 5.432, 4.027, 4.077, 5.296, 5.601, 5.118, 4.762, 5.322, 5.628, 5.22, 4.923, 4.588, 4.322, 3.837, 2.973, 2.372, 1.872, 1.259, 1.279, 0.0, 1.233, 1.265, 1.346, 2.068, 2.959, 3.498, 2.07, 1.895, 2.744, 3.063, 3.628, 4.976, 5.073, 3.593, 3.75, 4.183, 6.747, 7.828, 8.79, 10.23, 10.798, 11.142, 11.258, 10.94, 9.198, 6.651, 4.769, 3.808, 3.494, 4.074, 4.521, 5.094, 5.613, 5.344, 4.86, 5.319, 5.292, 5.784, 5.622, 5.671, 6.414, 5.935, 4.463, 4.415, 4.308, 3.167, 2.546, 3.128, 4.563, 7.273, 6.983, 6.294, 5.967, 3.975, 4.632, 8.696, 11.06, 10.995, 12.308, 12.743, 13.596, 14.809, 14.016, 11.718, 7.57, 4.63, 3.695, 3.401, 2.935, 2.681, 2.931, 4.217, 4.467, 4.313, 3.739, 3.396, 4.792, 7.537, 8.753, 10.769, 12.143, 12.432, 12.505, 11.736, 11.277, 10.241, 9.377, 8.108, 7.727, 7.351, 4.827, 2.837, 2.344, 2.133, 2.039, 1.492, 2.355, 4.965, 5.119, 4.977, 4.144, 3.354, 4.077, 5.165, 4.307, 4.559, 6.001, 6.105, 4.69, 3.559, 3.982, 4.357, 3.49, 2.301, 2.259, 3.526, 4.546, 4.338, 3.593, 3.665, 3.811, 4.078, 3.544], [3.847, 3.82, 4.805, 5.383, 3.976, 4.031, 5.125, 5.51, 5.079, 4.617, 5.115, 5.422, 5.058, 4.795, 4.35, 4.244, 3.585, 2.585, 2.186, 1.744, 1.825, 1.908, 1.233, 0.0, 1.091, 1.34, 2.117, 2.712, 3.271, 1.874, 1.88, 2.682, 2.976, 3.499, 4.929, 4.945, 3.602, 3.922, 4.317, 6.622, 7.511, 8.459, 9.94, 10.377, 10.848, 10.977, 10.435, 8.774, 6.43, 4.471, 3.463, 3.227, 3.855, 4.107, 4.879, 5.452, 5.131, 4.589, 5.281, 5.21, 5.626, 5.443, 5.454, 6.223, 5.668, 4.372, 4.303, 4.17, 3.14, 2.859, 3.292, 4.402, 7.115, 6.892, 6.201, 5.673, 3.734, 4.543, 8.524, 10.888, 10.664, 11.877, 12.33, 13.091, 14.323, 13.632, 11.387, 7.233, 4.394, 3.228, 2.868, 2.581, 2.627, 2.681, 3.835, 4.059, 3.788, 3.35, 2.931, 5.062, 8.039, 9.118, 11.145, 12.514, 12.873, 12.963, 12.154, 11.682, 10.642, 9.804, 8.58, 8.116, 7.777, 5.091, 2.655, 2.16, 1.717, 1.596, 1.28, 2.964, 5.414, 5.571, 5.601, 4.739, 3.921, 4.814, 5.908, 5.016, 5.371, 6.78, 6.907, 5.479, 4.351, 4.734, 5.098, 4.265, 3.152, 2.938, 4.161, 5.141, 4.855, 4.111, 4.239, 4.43, 4.698, 4.268], [3.724, 3.826, 4.658, 5.04, 3.647, 3.688, 4.929, 5.236, 4.766, 4.402, 4.934, 5.265, 4.84, 4.449, 4.234, 3.975, 3.468, 2.67, 2.415, 1.935, 1.739, 1.781, 1.265, 1.091, 0.0, 0.927, 1.442, 2.36, 2.994, 1.702, 1.695, 2.352, 2.7, 3.217, 4.613, 4.762, 3.467, 3.853, 4.13, 6.406, 7.521, 8.404, 9.95, 10.426, 10.823, 10.945, 10.413, 8.676, 6.081, 4.259, 3.245, 2.977, 3.512, 3.974, 4.674, 5.222, 4.984, 4.51, 4.925, 4.936, 5.378, 5.19, 5.171, 5.903, 5.441, 4.16, 4.031, 3.924, 3.094, 2.811, 3.191, 4.146, 6.722, 6.519, 5.818, 5.444, 3.444, 4.307, 8.267, 10.478, 10.638, 11.779, 12.249, 13.091, 14.358, 13.584, 11.437, 7.131, 3.998, 2.998, 2.78, 2.304, 2.243, 2.417, 3.407, 3.703, 3.378, 3.02, 2.95, 5.324, 8.086, 9.048, 11.05, 12.488, 12.908, 12.906, 12.116, 11.74, 10.649, 9.75, 8.51, 8.143, 7.774, 5.058, 2.508, 1.981, 1.502, 1.335, 1.145, 2.74, 5.308, 5.527, 5.48, 4.578, 3.809, 4.648, 5.696, 4.817, 5.147, 6.604, 6.695, 5.278, 4.142, 4.515, 4.899, 4.067, 2.995, 2.885, 4.041, 5.007, 4.756, 4.027, 3.921, 4.244, 4.472, 4.003], [4.195, 4.115, 5.158, 5.37, 4.03, 4.073, 5.391, 5.737, 5.043, 4.896, 5.465, 5.783, 5.33, 4.927, 4.73, 4.404, 3.905, 2.963, 2.626, 2.188, 1.716, 1.741, 1.346, 1.34, 0.927, 0.0, 1.344, 2.468, 3.221, 1.897, 1.834, 2.67, 3.071, 3.599, 5.054, 5.252, 3.845, 4.179, 4.475, 6.641, 7.644, 8.53, 10.065, 10.584, 10.942, 11.085, 10.692, 8.936, 6.432, 4.629, 3.505, 3.189, 3.848, 4.204, 4.928, 5.481, 5.203, 4.846, 5.256, 5.425, 5.903, 5.713, 5.623, 6.206, 5.707, 4.626, 4.556, 4.435, 3.444, 2.966, 3.609, 4.684, 7.121, 6.918, 6.17, 5.723, 3.795, 4.527, 8.558, 10.838, 10.825, 12.065, 12.495, 13.348, 14.568, 13.774, 11.552, 7.33, 4.361, 3.433, 2.997, 2.213, 2.002, 2.194, 3.16, 3.568, 3.335, 2.751, 2.506, 4.959, 7.794, 8.909, 10.932, 12.296, 12.663, 12.703, 11.897, 11.489, 10.436, 9.558, 8.266, 7.904, 7.562, 4.915, 2.45, 1.764, 1.616, 1.614, 1.201, 2.635, 5.098, 5.291, 5.218, 4.334, 3.591, 4.334, 5.382, 4.553, 4.842, 6.305, 6.426, 5.044, 3.916, 4.191, 4.638, 3.765, 2.718, 2.657, 3.814, 4.783, 4.567, 3.992, 3.825, 4.071, 4.236, 3.826], [4.413, 4.342, 5.298, 5.134, 3.845, 3.958, 5.319, 5.645, 4.759, 4.872, 5.624, 5.952, 5.319, 5.2, 5.17, 4.519, 4.219, 3.667, 3.332, 2.985, 2.628, 2.474, 2.068, 2.117, 1.442, 1.344, 0.0, 2.21, 2.933, 1.909, 2.112, 2.58, 3.011, 3.664, 5.001, 5.285, 3.991, 4.558, 4.418, 6.455, 7.703, 8.649, 10.063, 10.736, 10.958, 11.085, 10.878, 9.122, 6.479, 4.763, 3.765, 3.405, 3.873, 4.305, 4.814, 5.248, 5.258, 5.113, 5.198, 5.398, 6.007, 5.81, 5.899, 6.133, 5.737, 4.794, 4.629, 4.512, 3.824, 3.474, 4.221, 5.177, 7.128, 6.996, 6.21, 5.941, 4.064, 4.598, 8.398, 10.686, 10.927, 12.244, 12.681, 13.534, 14.747, 13.97, 11.661, 7.273, 3.992, 2.994, 2.877, 2.071, 1.937, 2.137, 2.904, 3.09, 2.957, 2.423, 2.38, 5.221, 7.752, 9.071, 11.091, 12.436, 12.685, 12.686, 11.938, 11.481, 10.454, 9.575, 8.29, 7.963, 7.622, 5.113, 2.612, 1.791, 1.794, 1.919, 1.929, 2.944, 5.177, 5.309, 5.179, 4.343, 3.522, 4.231, 5.273, 4.482, 4.736, 6.225, 6.342, 4.94, 3.888, 4.107, 4.564, 3.858, 2.937, 2.949, 3.966, 4.772, 4.694, 4.231, 4.002, 4.182, 4.293, 4.184], [4.49, 5.051, 4.953, 4.07, 3.501, 3.395, 4.538, 4.927, 4.146, 4.49, 5.282, 5.518, 4.434, 4.153, 4.159, 3.841, 3.847, 3.889, 3.635, 3.477, 3.722, 3.649, 2.959, 2.712, 2.36, 2.468, 2.21, 0.0, 1.448, 1.716, 2.588, 2.798, 3.275, 3.151, 4.4, 4.852, 4.462, 5.096, 4.534, 5.159, 5.583, 6.524, 7.953, 8.583, 8.848, 8.937, 8.725, 6.997, 4.665, 3.33, 2.306, 1.93, 2.541, 2.609, 3.434, 3.702, 4.185, 4.038, 4.751, 4.702, 5.119, 5.057, 4.998, 4.799, 4.562, 4.542, 4.33, 4.413, 4.5, 4.588, 4.718, 5.089, 5.618, 5.998, 5.493, 4.581, 3.534, 3.586, 7.062, 8.849, 8.806, 10.091, 10.535, 11.381, 12.594, 11.825, 9.551, 5.515, 2.8, 1.772, 1.421, 1.326, 1.863, 1.877, 2.772, 2.706, 2.231, 2.317, 3.687, 6.91, 9.849, 11.077, 13.09, 14.482, 14.731, 14.818, 14.064, 13.62, 12.555, 11.708, 10.384, 10.021, 9.704, 7.106, 3.963, 3.132, 2.555, 2.029, 2.775, 4.745, 7.284, 7.448, 7.319, 6.433, 5.657, 6.321, 7.403, 6.624, 6.802, 8.218, 8.338, 6.884, 5.778, 6.203, 6.719, 5.813, 4.737, 4.71, 5.88, 6.883, 6.69, 6.085, 5.925, 6.145, 6.35, 5.897], [3.729, 4.21, 4.284, 3.053, 2.722, 2.402, 3.718, 4.143, 3.422, 3.742, 4.475, 4.604, 3.696, 3.479, 3.677, 3.304, 3.407, 3.591, 3.42, 3.482, 3.82, 3.956, 3.498, 3.271, 2.994, 3.221, 2.933, 1.448, 0.0, 1.719, 2.294, 2.079, 2.491, 2.738, 3.378, 3.956, 3.691, 4.526, 3.819, 4.573, 5.244, 6.171, 7.605, 8.22, 8.48, 8.607, 8.36, 6.611, 4.071, 2.777, 1.865, 1.621, 2.125, 2.277, 2.535, 2.92, 3.694, 3.477, 3.879, 3.699, 4.146, 4.077, 4.245, 3.872, 3.843, 3.751, 3.495, 3.579, 3.927, 4.259, 4.219, 4.622, 4.959, 5.269, 4.909, 4.37, 3.184, 3.162, 6.051, 8.084, 8.419, 9.729, 10.154, 10.999, 12.231, 11.432, 9.092, 4.877, 2.727, 1.529, 1.73, 2.042, 2.661, 2.896, 3.623, 3.47, 3.087, 3.244, 4.571, 7.852, 10.34, 11.785, 13.781, 15.099, 15.336, 15.275, 14.509, 14.129, 13.095, 12.166, 10.915, 10.553, 10.266, 7.831, 4.814, 3.863, 3.342, 2.729, 3.431, 5.363, 7.834, 7.91, 7.775, 7.023, 6.058, 6.672, 7.679, 6.875, 7.087, 8.554, 8.652, 7.283, 6.076, 6.441, 6.987, 5.974, 4.836, 4.967, 6.223, 7.253, 7.053, 6.305, 6.424, 6.648, 6.873, 6.308], [3.698, 3.867, 4.464, 4.016, 2.843, 2.865, 4.244, 4.474, 3.669, 3.792, 4.656, 5.099, 4.259, 3.976, 3.988, 3.501, 3.333, 2.877, 2.583, 2.298, 2.613, 2.705, 2.07, 1.874, 1.702, 1.897, 1.909, 1.716, 1.719, 0.0, 1.373, 1.848, 2.407, 2.774, 4.044, 4.492, 3.475, 4.101, 4.006, 5.312, 6.239, 7.137, 8.604, 9.217, 9.456, 9.619, 9.344, 7.635, 5.144, 3.462, 2.391, 1.971, 2.521, 2.85, 3.509, 3.774, 3.772, 3.711, 4.425, 4.321, 4.722, 4.666, 4.636, 4.773, 4.399, 3.963, 3.662, 3.69, 3.347, 3.264, 3.732, 4.462, 5.845, 5.898, 5.146, 4.328, 2.778, 3.368, 7.1, 9.328, 9.417, 10.711, 11.147, 11.999, 13.214, 12.414, 10.124, 5.934, 3.48, 2.372, 2.107, 1.81, 1.987, 2.112, 3.049, 3.233, 3.101, 2.625, 3.338, 6.458, 9.227, 10.591, 12.577, 13.965, 14.253, 14.162, 13.413, 13.003, 11.982, 11.067, 9.777, 9.406, 9.079, 6.624, 3.49, 2.562, 2.094, 1.596, 2.048, 4.113, 6.726, 6.774, 6.64, 5.915, 4.962, 5.664, 6.674, 5.9, 6.117, 7.587, 7.7, 6.311, 5.121, 5.499, 6.001, 5.021, 3.79, 3.859, 5.145, 6.159, 5.957, 5.203, 5.342, 5.543, 5.797, 5.214], [3.154, 3.08, 3.979, 3.731, 2.375, 2.609, 4.008, 4.169, 3.611, 3.429, 4.052, 4.459, 3.99, 3.864, 3.92, 3.393, 3.025, 2.449, 2.142, 2.062, 2.332, 2.424, 1.895, 1.88, 1.695, 1.834, 2.112, 2.588, 2.294, 1.373, 0.0, 1.153, 1.729, 2.538, 3.512, 3.862, 2.7, 3.021, 3.135, 5.483, 6.635, 7.579, 9.012, 9.655, 9.897, 10.023, 9.798, 8.042, 5.362, 3.68, 2.747, 2.399, 2.9, 3.321, 3.6, 3.895, 3.953, 3.744, 3.765, 3.885, 4.452, 4.507, 4.621, 4.907, 4.62, 3.389, 3.145, 2.977, 2.449, 2.248, 2.939, 3.96, 5.994, 5.842, 4.977, 4.765, 2.804, 3.409, 7.064, 9.463, 9.846, 11.164, 11.6, 12.452, 13.667, 12.873, 10.628, 6.485, 4.199, 2.99, 3.206, 2.687, 2.746, 3.075, 4.204, 4.392, 4.32, 3.739, 3.671, 6.477, 9.022, 10.457, 12.421, 13.762, 14.006, 13.814, 13.068, 12.723, 11.653, 10.702, 9.402, 9.114, 8.892, 6.489, 3.775, 2.857, 2.425, 2.058, 2.114, 3.949, 6.411, 6.526, 6.402, 5.57, 4.564, 5.193, 6.186, 5.409, 5.582, 7.057, 7.155, 5.752, 4.567, 4.987, 5.544, 4.503, 3.24, 3.503, 4.731, 5.745, 5.567, 4.949, 4.964, 5.169, 5.45, 4.849], [2.383, 2.402, 3.073, 2.736, 1.554, 1.707, 3.067, 3.188, 2.876, 2.51, 3.157, 3.54, 3.063, 3.24, 3.231, 2.561, 2.329, 2.352, 2.468, 2.653, 2.918, 3.21, 2.744, 2.682, 2.352, 2.67, 2.58, 2.798, 2.079, 1.848, 1.153, 0.0, 1.169, 1.801, 2.631, 2.941, 2.075, 2.719, 2.471, 4.893, 6.157, 7.099, 8.516, 9.19, 9.403, 9.544, 9.332, 7.576, 4.881, 3.13, 2.412, 2.211, 2.441, 2.896, 3.034, 3.349, 3.438, 3.169, 2.908, 2.985, 3.621, 3.709, 4.092, 4.403, 4.153, 2.586, 2.258, 2.074, 2.048, 2.384, 2.524, 3.25, 5.448, 5.124, 4.356, 4.306, 2.601, 2.887, 6.464, 8.907, 9.381, 10.698, 11.135, 11.988, 13.201, 12.428, 10.155, 6.097, 4.145, 2.931, 3.266, 3.072, 3.483, 3.823, 4.791, 4.911, 4.711, 4.322, 4.489, 7.42, 9.629, 11.031, 13.031, 14.334, 14.587, 14.383, 13.616, 13.295, 12.206, 11.244, 9.966, 9.742, 9.49, 7.075, 4.324, 3.608, 3.148, 2.481, 2.908, 4.62, 6.967, 7.096, 6.95, 6.127, 5.068, 5.66, 6.652, 5.878, 6.038, 7.528, 7.633, 6.196, 5.044, 5.431, 6.018, 4.994, 3.79, 4.129, 5.271, 6.282, 6.109, 5.506, 5.517, 5.721, 6.019, 5.415], [2.081, 2.33, 2.903, 2.682, 1.681, 1.806, 2.832, 2.998, 2.671, 2.349, 3.056, 3.426, 2.889, 2.844, 2.863, 2.181, 1.905, 1.909, 2.708, 2.965, 3.396, 3.603, 3.063, 2.976, 2.7, 3.071, 3.011, 3.275, 2.491, 2.407, 1.729, 1.169, 0.0, 1.524, 2.432, 2.645, 2.164, 3.101, 2.171, 4.566, 5.737, 6.679, 8.092, 8.77, 8.983, 9.108, 8.912, 7.156, 4.476, 3.004, 2.639, 2.549, 2.259, 2.742, 2.637, 2.927, 3.013, 2.727, 2.656, 2.734, 3.359, 3.327, 3.603, 3.944, 3.641, 2.319, 2.071, 2.097, 2.278, 2.712, 2.69, 2.968, 5.105, 4.85, 4.04, 3.907, 2.601, 2.664, 6.106, 8.542, 8.961, 10.278, 10.715, 11.568, 12.781, 12.004, 9.696, 5.639, 4.716, 3.398, 3.688, 3.588, 4.027, 4.336, 5.318, 5.424, 5.186, 4.856, 4.88, 7.66, 10.065, 11.554, 13.533, 14.852, 15.089, 14.937, 14.189, 13.821, 12.771, 11.831, 10.535, 10.219, 9.994, 7.589, 4.922, 4.151, 3.735, 3.058, 3.304, 5.076, 7.515, 7.619, 7.476, 6.672, 5.651, 6.096, 7.1, 6.442, 6.534, 7.972, 8.038, 6.645, 5.474, 5.86, 6.602, 5.628, 4.359, 4.609, 5.879, 6.893, 6.69, 6.023, 6.086, 6.285, 6.555, 5.967], [1.867, 3.118, 2.192, 2.284, 1.993, 1.827, 2.077, 2.439, 1.905, 2.043, 2.657, 2.859, 2.126, 1.833, 1.76, 1.47, 1.211, 2.381, 3.266, 3.506, 3.808, 4.176, 3.628, 3.499, 3.217, 3.599, 3.664, 3.151, 2.738, 2.774, 2.538, 1.801, 1.524, 0.0, 1.779, 2.228, 2.658, 3.547, 2.173, 3.41, 4.622, 5.551, 7.01, 7.637, 7.909, 8.057, 7.779, 6.021, 3.376, 2.358, 2.241, 2.253, 2.059, 2.306, 1.987, 2.443, 2.231, 1.796, 2.167, 2.136, 2.628, 2.575, 2.801, 3.253, 2.84, 1.832, 1.84, 2.13, 2.679, 3.184, 2.866, 2.628, 3.966, 3.574, 3.025, 2.947, 2.47, 2.278, 5.389, 7.724, 7.829, 9.138, 9.575, 10.421, 11.641, 10.841, 8.694, 4.771, 4.365, 3.274, 3.431, 3.609, 4.444, 4.545, 5.436, 5.483, 5.071, 5.025, 5.42, 8.254, 10.821, 12.0, 14.002, 15.36, 15.686, 15.677, 14.911, 14.487, 13.431, 12.561, 11.261, 10.958, 10.585, 7.989, 5.039, 4.484, 3.895, 3.127, 3.652, 5.548, 8.146, 8.296, 8.184, 7.321, 6.555, 7.231, 8.218, 7.456, 7.604, 9.1, 9.18, 7.765, 6.603, 6.981, 7.565, 6.49, 5.224, 5.44, 6.711, 7.728, 7.529, 6.7, 6.752, 6.975, 7.176, 6.557], [1.936, 3.31, 1.821, 1.384, 2.026, 1.742, 1.487, 1.594, 1.783, 1.852, 2.258, 1.886, 1.232, 1.28, 1.526, 1.432, 1.788, 3.306, 4.381, 4.869, 5.201, 5.436, 4.976, 4.929, 4.613, 5.054, 5.001, 4.4, 3.378, 4.044, 3.512, 2.631, 2.432, 1.779, 0.0, 1.31, 2.527, 3.501, 1.777, 2.752, 4.022, 4.965, 6.4, 7.05, 7.283, 7.417, 7.262, 5.468, 3.029, 2.734, 3.278, 3.472, 3.288, 3.255, 1.78, 1.953, 1.843, 1.542, 1.085, 1.134, 1.908, 1.803, 2.244, 2.596, 2.44, 1.332, 1.539, 1.955, 2.697, 3.261, 3.375, 2.831, 3.454, 3.013, 2.975, 3.048, 2.994, 2.611, 4.307, 6.722, 7.241, 8.559, 8.995, 9.848, 11.062, 10.328, 8.358, 5.148, 5.067, 4.111, 4.538, 5.003, 5.763, 6.101, 6.905, 6.749, 6.372, 6.499, 6.928, 9.652, 11.835, 13.174, 15.275, 16.406, 16.654, 16.466, 15.721, 15.377, 14.318, 13.349, 12.127, 11.938, 11.704, 9.281, 6.441, 5.892, 5.484, 4.815, 5.161, 6.897, 9.045, 9.229, 9.057, 8.202, 7.204, 7.798, 8.791, 7.992, 8.168, 9.636, 9.713, 8.258, 7.115, 7.536, 8.125, 7.091, 5.893, 6.173, 7.38, 8.394, 8.196, 7.58, 7.594, 7.799, 8.172, 7.495], [1.596, 2.834, 1.473, 1.623, 2.314, 1.903, 1.546, 1.826, 2.24, 1.475, 1.548, 1.357, 1.267, 1.878, 2.165, 1.92, 1.984, 3.408, 4.537, 4.985, 5.291, 5.414, 5.073, 4.945, 4.762, 5.252, 5.285, 4.852, 3.956, 4.492, 3.862, 2.941, 2.645, 2.228, 1.31, 0.0, 1.881, 2.653, 1.571, 3.315, 4.602, 5.556, 6.963, 7.635, 7.86, 7.989, 7.843, 6.037, 3.483, 3.324, 3.9, 4.063, 3.778, 3.684, 2.49, 2.375, 2.231, 2.073, 1.497, 1.789, 2.577, 2.459, 2.991, 3.325, 3.152, 1.53, 1.311, 1.338, 2.162, 2.941, 2.761, 2.401, 4.015, 3.506, 3.247, 3.178, 3.032, 2.615, 4.905, 7.33, 7.826, 9.143, 9.58, 10.44, 11.646, 10.958, 9.061, 6.231, 5.708, 4.797, 5.158, 5.522, 6.235, 6.533, 7.446, 7.336, 6.981, 7.036, 7.245, 9.705, 11.59, 12.733, 14.977, 15.885, 16.126, 15.991, 15.271, 14.899, 13.968, 12.91, 11.851, 11.684, 11.341, 8.885, 6.44, 6.202, 5.851, 4.973, 5.266, 6.647, 8.527, 8.806, 8.551, 7.665, 6.878, 7.214, 8.207, 7.487, 7.596, 9.051, 9.128, 7.666, 6.53, 6.959, 7.658, 6.691, 5.782, 5.981, 6.915, 7.919, 7.723, 7.12, 7.113, 7.402, 7.925, 7.105], [1.949, 2.086, 2.298, 2.686, 2.185, 1.808, 2.654, 2.698, 2.997, 2.16, 2.143, 2.491, 2.607, 3.011, 3.134, 2.915, 2.464, 2.395, 3.212, 3.516, 3.752, 3.794, 3.593, 3.602, 3.467, 3.845, 3.991, 4.462, 3.691, 3.475, 2.7, 2.075, 2.164, 2.658, 2.527, 1.881, 0.0, 1.567, 1.401, 4.414, 5.697, 6.7, 8.108, 8.69, 8.987, 9.14, 9.014, 7.193, 4.615, 3.709, 3.726, 3.602, 3.435, 3.482, 3.461, 3.468, 3.234, 2.952, 2.722, 3.052, 3.806, 3.673, 4.157, 4.51, 4.334, 2.28, 1.947, 1.6, 1.128, 1.497, 1.392, 2.187, 5.103, 4.591, 3.861, 3.85, 2.576, 2.621, 6.111, 8.469, 8.898, 10.212, 10.639, 11.548, 12.716, 12.098, 10.241, 7.235, 5.716, 4.52, 4.869, 4.736, 5.204, 5.491, 6.449, 6.567, 6.376, 6.049, 6.066, 8.12, 10.002, 11.362, 13.403, 14.646, 14.883, 14.775, 14.008, 13.619, 12.617, 11.654, 10.468, 10.149, 9.875, 7.423, 5.263, 5.07, 4.713, 3.902, 4.085, 5.056, 7.313, 7.454, 7.281, 6.461, 5.5, 6.162, 7.156, 6.356, 6.533, 8.0, 8.077, 6.605, 5.479, 5.895, 6.473, 5.442, 4.306, 4.607, 5.706, 6.729, 6.534, 5.82, 5.898, 6.095, 6.401, 5.748], [2.606, 1.744, 2.765, 3.453, 2.658, 2.831, 3.778, 3.658, 3.968, 2.786, 2.275, 2.631, 3.414, 4.011, 4.137, 4.06, 3.33, 3.179, 3.547, 3.798, 3.75, 3.812, 3.75, 3.922, 3.853, 4.179, 4.558, 5.096, 4.526, 4.101, 3.021, 2.719, 3.101, 3.547, 3.501, 2.653, 1.567, 0.0, 2.195, 5.644, 6.914, 7.857, 9.3, 9.909, 10.188, 10.347, 10.093, 8.313, 5.724, 4.754, 4.467, 4.224, 4.274, 4.466, 4.517, 4.599, 4.437, 4.086, 3.842, 4.111, 4.845, 4.621, 5.256, 5.604, 5.438, 3.095, 2.762, 2.202, 1.768, 1.771, 1.718, 3.311, 6.237, 5.816, 5.071, 5.047, 3.55, 3.769, 7.226, 9.518, 10.121, 11.41, 11.849, 12.7, 13.919, 13.271, 11.382, 8.19, 6.273, 5.007, 5.521, 5.349, 5.554, 5.915, 6.97, 7.203, 6.993, 6.521, 6.524, 8.032, 9.748, 10.567, 12.817, 13.623, 13.957, 13.713, 12.99, 12.705, 11.677, 10.554, 9.524, 9.526, 9.209, 6.869, 5.567, 5.463, 5.098, 4.329, 4.41, 4.654, 6.22, 6.64, 6.422, 5.423, 4.697, 5.036, 6.072, 5.272, 5.345, 6.784, 6.861, 5.412, 4.482, 4.717, 5.33, 4.37, 3.861, 3.921, 4.54, 5.533, 5.443, 4.943, 4.719, 5.134, 5.752, 4.945], [1.958, 2.56, 2.086, 1.995, 2.111, 2.017, 2.435, 2.198, 2.443, 1.976, 1.935, 2.131, 2.025, 2.498, 2.825, 2.442, 2.224, 2.642, 3.658, 4.047, 4.471, 4.638, 4.183, 4.317, 4.13, 4.475, 4.418, 4.534, 3.819, 4.006, 3.135, 2.471, 2.171, 2.173, 1.777, 1.571, 1.401, 2.195, 0.0, 3.665, 4.963, 5.936, 7.353, 8.004, 8.272, 8.413, 8.331, 6.498, 3.903, 3.357, 3.761, 3.73, 3.306, 3.342, 2.769, 2.756, 2.55, 2.359, 2.048, 2.482, 3.329, 3.204, 3.56, 3.832, 3.664, 1.603, 1.818, 1.672, 1.854, 2.248, 2.317, 2.484, 4.459, 4.033, 3.322, 3.287, 2.949, 2.593, 5.418, 7.602, 8.241, 9.525, 9.953, 10.842, 12.019, 11.442, 9.576, 6.518, 5.744, 4.475, 4.981, 5.135, 5.71, 5.982, 6.98, 6.968, 6.658, 6.544, 6.581, 8.765, 11.021, 12.425, 14.495, 15.652, 15.874, 15.687, 14.884, 14.612, 13.456, 12.457, 11.214, 11.154, 10.951, 8.531, 6.2, 5.614, 5.294, 4.756, 4.768, 6.109, 8.221, 8.489, 8.309, 7.39, 6.379, 6.876, 7.893, 7.129, 7.234, 8.701, 8.778, 7.284, 6.207, 6.614, 7.257, 6.199, 5.114, 5.306, 6.521, 7.512, 7.363, 6.842, 6.756, 6.978, 7.406, 6.718], [4.25, 5.984, 3.681, 3.013, 4.368, 3.575, 2.672, 2.567, 2.39, 3.647, 4.433, 3.