[[0.0, 1.889, 2.457, 0.93, 2.209, 2.952, 2.813, 3.689, 5.157, 4.974, 6.154, 5.28, 5.383, 5.222, 2.168, 3.08, 3.306, 4.39, 5.378, 5.455, 3.995, 8.379, 14.015, 16.595, 17.65, 17.357, 17.592, 19.145, 19.409, 18.142, 19.663, 19.486, 19.048, 18.142, 17.478, 16.235, 16.589, 17.845, 18.549, 18.128, 18.734, 18.199, 18.164, 16.758, 16.569, 19.206, 17.839, 19.577, 16.16, 14.677, 15.934, 14.669, 13.982], [1.889, 0.0, 1.202, 1.439, 3.45, 3.886, 3.675, 3.99, 4.042, 3.495, 4.883, 4.204, 4.286, 4.06, 2.341, 2.87, 2.657, 3.374, 4.437, 4.522, 2.925, 7.053, 12.75, 15.334, 16.282, 16.159, 16.395, 17.853, 18.205, 16.936, 18.485, 18.26, 17.836, 16.945, 16.203, 14.915, 15.258, 16.64, 17.371, 16.95, 17.461, 16.949, 16.967, 15.573, 15.423, 17.93, 16.635, 18.285, 14.866, 13.466, 14.751, 13.471, 12.747], [2.457, 1.202, 0.0, 2.094, 4.204, 4.605, 4.29, 4.3, 3.356, 3.252, 4.515, 3.644, 3.522, 3.327, 2.024, 2.388, 2.438, 3.099, 3.8, 3.923, 2.436, 6.281, 11.892, 14.476, 15.453, 15.31, 15.537, 16.995, 17.347, 16.081, 17.628, 17.402, 16.978, 16.087, 15.345, 14.057, 14.4, 15.782, 16.514, 16.1, 16.603, 16.091, 16.144, 14.74, 14.603, 17.073, 15.782, 17.427, 14.008, 12.606, 13.893, 12.613, 11.889], [0.93, 1.439, 2.094, 0.0, 2.317, 3.111, 2.92, 3.683, 4.939, 4.595, 5.89, 4.96, 5.128, 4.96, 1.993, 2.804, 3.007, 4.162, 5.183, 5.286, 3.75, 8.115, 13.713, 16.278, 17.328, 17.104, 17.36, 18.806, 19.177, 17.884, 19.431, 19.205, 18.781, 17.889, 17.148, 15.928, 16.245, 17.585, 18.317, 17.903, 18.406, 17.894, 17.906, 16.508, 16.32, 18.875, 17.585, 19.239, 15.822, 14.394, 15.695, 14.416, 13.691], [2.209, 3.45, 4.204, 2.317, 0.0, 1.912, 1.963, 3.781, 7.108, 6.454, 7.923, 7.0, 7.271, 7.103, 3.929, 4.833, 5.084, 6.25, 7.241, 7.317, 5.885, 10.261, 15.874, 18.447, 19.526, 19.255, 19.52, 20.971, 21.338, 20.044, 21.58, 21.356, 20.939, 20.041, 19.302, 18.102, 18.41, 19.736, 20.466, 20.045, 20.563, 20.045, 20.056, 18.654, 18.429, 21.033, 19.736, 21.404, 17.987, 16.545, 17.847, 16.567, 15.842], [2.952, 3.886, 4.605, 3.111, 1.912, 0.0, 1.094, 4.048, 7.374, 6.817, 8.207, 7.278, 7.534, 7.399, 4.637, 5.482, 5.447, 6.547, 7.517, 7.593, 6.172, 10.494, 16.168, 18.763, 19.839, 19.524, 19.788, 21.299, 21.597, 20.333, 21.859, 21.653, 21.232, 20.334, 19.63, 18.387, 18.74, 20.031, 20.745, 20.324, 20.89, 20.355, 20.352, 18.943, 18.708, 21.361, 20.033, 21.732, 18.315, 16.839, 18.126, 16.863, 16.138], [2.813, 3.675, 4.29, 2.92, 1.963, 1.094, 0.0, 3.617, 6.905, 6.576, 7.938, 6.953, 7.054, 6.869, 4.29, 5.104, 5.087, 6.016, 6.99, 7.066, 5.667, 10.059, 15.611, 18.244, 19.296, 19.018, 19.257, 20.729, 21.066, 19.829, 21.332, 21.136, 20.729, 19.796, 19.078, 17.822, 18.197, 19.502, 20.218, 19.797, 20.323, 19.811, 19.822, 18.406, 18.181, 20.792, 19.502, 21.162, 17.745, 16.311, 17.599, 16.333, 15.608], [3.689, 3.99, 4.3, 3.683, 3.781, 4.048, 3.617, 0.0, 3.637, 5.955, 6.792, 6.693, 5.705, 4.607, 4.171, 4.862, 3.738, 3.683, 4.668, 3.945, 3.228, 6.673, 12.139, 14.722, 15.791, 15.54, 15.782, 17.27, 17.597, 16.326, 17.857, 17.647, 17.223, 16.331, 15.601, 14.37, 14.709, 16.027, 16.743, 16.322, 16.862, 16.336, 16.347, 14.944, 14.735, 17.332, 16.027, 17.703, 14.286, 12.836, 14.124, 12.858, 12.133], [5.157, 4.042, 3.356, 4.939, 7.108, 7.374, 6.905, 3.637, 0.0, 3.075, 3.825, 3.931, 2.941, 2.068, 4.171, 4.379, 3.642, 2.991, 2.403, 1.849, 1.717, 3.53, 8.993, 11.577, 12.611, 12.424, 12.639, 14.118, 14.448, 13.183, 14.73, 14.504, 14.08, 13.188, 12.449, 11.206, 11.557, 12.884, 13.616, 13.202, 13.71, 13.193, 13.208, 11.827, 11.662, 14.18, 12.884, 14.55, 11.14, 9.716, 10.994, 9.715, 8.99], [4.974, 3.495, 3.252, 4.595, 6.454, 6.817, 6.576, 5.955, 3.075, 0.0, 1.655, 1.446, 1.957, 2.213, 4.84, 5.189, 4.909, 4.168, 3.69, 3.916, 3.172, 4.123, 9.831, 12.454, 13.53, 13.007, 13.381, 14.957, 15.203, 13.941, 15.376, 15.315, 14.891, 13.925, 13.306, 12.056, 12.431, 13.638, 14.261, 13.799, 14.53, 14.004, 13.979, 12.582, 12.287, 15.014, 13.52, 15.383, 12.012, 10.563, 11.657, 10.453, 9.756], [6.154, 4.883, 4.515, 5.89, 7.923, 8.207, 7.938, 6.792, 3.825, 1.655, 0.0, 1.428, 1.853, 2.824, 5.69, 5.959, 5.651, 4.86, 4.26, 4.501, 3.908, 3.347, 8.511, 11.085, 12.19, 11.595, 12.036, 13.559, 13.865, 12.575, 13.947, 13.903, 13.523, 12.499, 11.902, 10.724, 11.036, 12.243, 12.809, 12.298, 13.145, 12.639, 12.643, 11.417, 11.173, 13.666, 12.227, 13.97, 10.894, 9.622, 10.215, 9.103, 8.445], [5.28, 4.204, 3.644, 4.96, 7.0, 7.278, 6.953, 6.693, 3.931, 1.446, 1.428, 0.0, 1.819, 2.679, 4.856, 5.163, 4.983, 4.689, 4.294, 4.572, 3.816, 4.127, 9.314, 11.929, 13.006, 12.483, 12.866, 14.432, 14.695, 13.416, 14.824, 14.79, 14.367, 13.401, 12.782, 11.554, 11.906, 13.124, 13.686, 13.2, 14.032, 13.497, 13.495, 12.282, 12.051, 14.521, 13.108, 14.858, 11.852, 10.549, 11.142, 9.978, 9.372], [5.383, 4.286, 3.522, 5.128, 7.271, 7.534, 7.054, 5.705, 2.941, 1.957, 1.853, 1.819, 0.0, 1.633, 4.182, 4.417, 4.004, 3.517, 3.158, 3.5, 2.72, 4.083, 9.166, 11.719, 12.83, 12.258, 12.695, 14.2, 14.535, 13.226, 14.549, 14.545, 14.166, 13.128, 12.539, 11.401, 11.677, 12.837, 13.411, 12.925, 13.753, 13.197, 13.191, 11.709, 11.427, 14.228, 12.736, 14.583, 11.192, 9.686, 10.856, 9.672, 8.969], [5.222, 4.06, 3.327, 4.96, 7.103, 7.399, 6.869, 4.607, 2.068, 2.213, 2.824, 2.679, 1.633, 0.0, 3.719, 3.797, 3.088, 2.282, 2.192, 2.376, 1.934, 4.13, 9.087, 11.632, 12.75, 12.256, 12.647, 14.116, 14.481, 13.146, 14.605, 14.453, 14.086, 13.101, 12.447, 11.322, 11.586, 12.802, 13.49, 13.028, 13.691, 13.166, 13.168, 11.73, 11.484, 14.161, 12.658, 14.531, 11.115, 9.639, 10.886, 9.599, 8.946], [2.168, 2.341, 2.024, 1.993, 3.929, 4.637, 4.29, 4.171, 4.171, 4.84, 5.69, 4.856, 4.182, 3.719, 0.0, 1.316, 2.145, 3.122, 3.84, 3.906, 2.925, 7.349, 12.408, 14.99, 16.081, 15.709, 16.002, 17.467, 17.829, 16.586, 18.036, 17.86, 17.483, 16.495, 15.816, 14.643, 14.943, 16.197, 16.922, 16.508, 17.039, 16.512, 16.52, 15.108, 14.898, 17.523, 16.221, 17.892, 14.477, 12.999, 14.301, 13.047, 12.297], [3.08, 2.87, 2.388, 2.804, 4.833, 5.482, 5.104, 4.862, 4.379, 5.189, 5.959, 5.163, 4.417, 3.797, 1.316, 0.0, 1.655, 2.641, 3.049, 3.452, 3.078, 7.62, 11.862, 14.316, 15.42, 15.115, 15.401, 16.789, 17.242, 15.958, 17.3, 17.083, 16.81, 15.733, 15.015, 14.073, 14.16, 15.399, 16.113, 15.699, 16.249, 15.69, 15.706, 14.318, 14.146, 16.705, 15.441, 17.036, 13.68, 12.26, 13.491, 12.314, 11.601], [3.306, 2.657, 2.438, 3.007, 5.084, 5.447, 5.087, 3.738, 3.642, 4.909, 5.651, 4.983, 4.004, 3.088, 2.145, 1.655, 0.0, 1.649, 2.399, 2.714, 2.477, 6.771, 11.005, 13.512, 14.598, 14.306, 14.569, 15.988, 16.409, 15.099, 16.517, 16.358, 15.999, 14.978, 14.302, 13.21, 13.433, 14.662, 15.397, 14.98, 15.514, 14.981, 15.02, 13.626, 13.48, 15.988, 14.712, 16.335, 12.976, 11.56, 12.773, 11.547, 10.808], [4.39, 3.374, 3.099, 4.162, 6.25, 6.547, 6.016, 3.683, 2.991, 4.168, 4.86, 4.689, 3.517, 2.282, 3.122, 2.641, 1.649, 0.0, 1.618, 1.801, 1.924, 5.902, 10.142, 12.571, 13.721, 13.266, 13.618, 15.082, 15.46, 14.156, 15.452, 15.322, 15.027, 13.904, 13.305, 12.34, 12.457, 13.574, 14.277, 13.804, 14.528, 13.929, 13.913, 12.422, 12.283, 14.97, 13.67, 15.321, 11.96, 10.45, 11.597, 10.526, 9.816], [5.378, 4.437, 3.8, 5.183, 7.241, 7.517, 6.99, 4.668, 2.403, 3.69, 4.26, 4.294, 3.158, 2.192, 3.84, 3.049, 2.399, 1.618, 0.0, 1.331, 2.31, 5.289, 9.427, 11.646, 12.957, 12.428, 12.857, 14.255, 14.63, 13.382, 14.547, 14.468, 14.224, 12.975, 12.247, 11.555, 11.411, 12.551, 13.248, 12.93, 13.482, 12.908, 12.961, 11.617, 11.455, 13.967, 12.636, 14.274, 10.969, 9.404, 10.609, 9.629, 8.913], [5.455, 4.522, 3.923, 5.286, 7.317, 7.593, 7.066, 3.945, 1.849, 3.916, 4.501, 4.572, 3.5, 2.376, 3.906, 3.452, 2.714, 1.801, 1.331, 0.0, 1.951, 4.55, 8.845, 11.357, 12.471, 12.057, 12.349, 13.873, 14.206, 12.913, 14.33, 14.178, 13.802, 12.808, 12.161, 11.075, 11.287, 12.484, 13.175, 12.734, 13.383, 12.844, 12.806, 11.357, 11.159, 13.877, 12.521, 14.232, 10.83, 9.305, 10.54, 9.376, 8.653], [3.995, 2.925, 2.436, 3.75, 5.885, 6.172, 5.667, 3.228, 1.717, 3.172, 3.908, 3.816, 2.72, 1.934, 2.925, 3.078, 2.477, 1.924, 2.31, 1.951, 0.0, 4.826, 10.066, 12.653, 13.738, 13.418, 13.657, 15.177, 15.472, 14.173, 15.706, 15.515, 15.091, 14.18, 13.508, 12.3, 12.631, 13.881, 14.593, 14.179, 14.769, 14.24, 14.222, 12.817, 12.662, 15.24, 13.861, 15.61, 12.217, 10.743, 11.971, 10.691, 10.03], [8.379, 7.053, 6.281, 8.115, 10.261, 10.494, 10.059, 6.673, 3.53, 4.123, 3.347, 4.127, 4.083, 4.13, 7.349, 7.62, 6.771, 5.902, 5.289, 4.55, 4.826, 0.0, 5.835, 8.439, 9.524, 9.167, 9.405, 10.931, 11.198, 9.981, 11.461, 11.289, 10.878, 9.915, 9.293, 8.03, 8.405, 9.672, 10.349, 9.92, 10.612, 10.071, 10.111, 9.04, 8.903, 11.097, 9.88, 11.4, 8.41, 7.151, 7.748, 6.587, 5.91], [14.015, 12.75, 11.892, 13.713, 15.874, 16.168, 15.611, 12.139, 8.993, 9.831, 8.511, 9.314, 9.166, 9.087, 12.408, 11.862, 11.005, 10.142, 9.427, 8.845, 10.066, 5.835, 0.0, 2.817, 3.738, 3.477, 3.789, 5.134, 5.516, 4.461, 5.743, 5.607, 5.134, 4.301, 3.548, 2.693, 2.813, 4.151, 4.882, 4.408, 5.105, 4.78, 4.561, 5.175, 5.046, 5.798, 5.43, 6.528, 5.627, 5.843, 5.766, 4.493, 4.221], [16.595, 15.334, 14.476, 16.278, 18.447, 18.763, 18.244, 14.722, 11.577, 12.454, 11.085, 11.929, 11.719, 11.632, 14.99, 14.316, 13.512, 12.571, 11.646, 11.357, 12.653, 8.439, 2.817, 0.0, 1.613, 1.852, 1.59, 2.772, 3.174, 2.087, 3.219, 3.165, 2.866, 2.18, 1.775, 1.506, 1.354, 2.286, 2.995, 2.675, 3.126, 3.232, 3.004, 3.949, 4.013, 4.452, 4.427, 5.311, 5.704, 6.786, 6.18, 5.433, 5.605], [17.65, 16.282, 15.453, 17.328, 19.526, 19.839, 19.296, 15.791, 12.611, 13.53, 12.19, 13.006, 12.83, 12.75, 16.081, 15.42, 14.598, 13.721, 12.957, 12.471, 13.738, 9.524, 3.738, 1.613, 0.0, 1.783, 1.438, 1.815, 2.096, 1.696, 2.361, 2.257, 1.894, 1.793, 1.908, 1.738, 2.017, 2.189, 2.441, 2.381, 3.25, 3.093, 2.829, 3.75, 3.988, 4.516, 4.55, 5.338, 5.995, 7.079, 6.379, 5.645, 5.808], [17.357, 16.159, 15.31, 17.104, 19.255, 19.524, 19.018, 15.54, 12.424, 13.007, 11.595, 12.483, 12.258, 12.256, 15.709, 15.115, 14.306, 13.266, 12.428, 12.057, 13.418, 9.167, 3.477, 1.852, 1.783, 0.0, 1.735, 2.367, 2.859, 2.862, 2.741, 3.202, 2.763, 2.713, 2.951, 2.714, 2.586, 2.873, 2.602, 2.08, 2.711, 2.919, 2.536, 3.362, 3.289, 3.88, 3.633, 4.755, 4.746, 5.789, 4.96, 4.355, 4.567], [17.592, 16.395, 15.537, 17.36, 19.52, 19.788, 19.257, 15.782, 12.639, 13.381, 12.036, 12.866, 12.695, 12.647, 16.002, 15.401, 14.569, 13.618, 12.857, 12.349, 13.657, 9.405, 3.789, 1.59, 1.438, 1.735, 0.0, 1.728, 1.912, 1.665, 2.274, 2.048, 1.836, 1.907, 2.443, 2.126, 2.428, 2.772, 2.609, 1.975, 2.671, 2.64, 2.286, 3.274, 3.321, 3.929, 3.92, 4.8, 5.87, 7.083, 6.17, 5.621, 5.873], [19.145, 17.853, 16.995, 18.806, 20.971, 21.299, 20.729, 17.27, 14.118, 14.957, 13.559, 14.432, 14.2, 14.116, 17.467, 16.789, 15.988, 15.082, 14.255, 13.873, 15.177, 10.931, 5.134, 2.772, 1.815, 2.367, 1.728, 0.0, 1.311, 1.945, 1.046, 1.227, 1.228, 1.99, 2.631, 3.017, 3.272, 2.844, 2.118, 2.232, 2.812, 2.086, 2.099, 3.351, 3.594, 3.631, 3.809, 4.368, 6.278, 7.614, 6.69, 6.092, 6.392], [19.409, 18.205, 17.347, 19.177, 21.338, 21.597, 21.066, 17.597, 14.448, 15.203, 13.865, 14.695, 14.535, 14.481, 17.829, 17.242, 16.409, 15.46, 14.63, 14.206, 15.472, 11.198, 5.516, 3.174, 2.096, 2.859, 1.912, 1.311, 0.0, 1.931, 1.437, 1.62, 1.649, 2.221, 2.95, 3.361, 3.761, 3.116, 2.935, 2.944, 3.51, 2.912, 2.863, 4.106, 4.227, 4.478, 4.546, 5.248, 7.084, 8.352, 7.408, 6.849, 7.178], [18.142, 16.936, 16.081, 17.884, 20.044, 20.333, 19.829, 16.326, 13.183, 13.941, 12.575, 13.416, 13.226, 13.146, 16.586, 15.958, 15.099, 14.156, 13.382, 12.913, 14.173, 9.981, 4.461, 2.087, 1.696, 2.862, 1.665, 1.945, 1.931, 0.0, 2.146, 1.674, 1.382, 1.14, 1.982, 2.22, 2.679, 2.308, 2.605, 2.894, 3.901, 3.399, 3.238, 4.117, 4.52, 5.032, 5.002, 5.812, 7.093, 8.218, 7.396, 6.781, 7.013], [19.663, 18.485, 17.628, 19.431, 21.58, 21.859, 21.332, 17.857, 14.73, 15.376, 13.947, 14.824, 14.549, 14.605, 18.036, 17.3, 16.517, 15.452, 14.547, 14.33, 15.706, 11.461, 5.743, 3.219, 2.361, 2.741, 2.274, 1.046, 1.437, 2.146, 0.0, 1.082, 1.532, 2.221, 2.854, 3.69, 3.761, 2.913, 2.048, 2.354, 2.896, 2.203, 2.32, 3.57, 3.67, 3.756, 3.784, 4.477, 6.454, 7.722, 6.739, 6.311, 6.653], [19.486, 18.26, 17.402, 19.205, 21.356, 21.653, 21.136, 17.647, 14.504, 15.315, 13.903, 14.79, 14.545, 14.453, 17.86, 17.083, 16.358, 15.322, 14.468, 14.178, 15.515, 11.289, 5.607, 3.165, 2.257, 3.202, 2.048, 1.227, 1.62, 1.674, 1.082, 0.0, 1.041, 1.943, 2.881, 3.462, 3.663, 3.191, 2.651, 2.768, 3.38, 2.565, 2.653, 3.932, 4.121, 4.242, 4.317, 4.952, 6.871, 8.119, 7.206, 6.776, 7.106], [19.048, 17.836, 16.978, 18.781, 20.939, 21.232, 20.729, 17.223, 14.08, 14.891, 13.523, 14.367, 14.166, 14.086, 17.483, 16.81, 15.999, 15.027, 14.224, 13.802, 15.091, 10.878, 5.134, 2.866, 1.894, 2.763, 1.836, 1.228, 1.649, 1.382, 1.532, 1.041, 0.0, 1.406, 2.594, 3.059, 3.362, 2.855, 2.341, 2.629, 3.497, 2.7, 2.585, 3.701, 4.066, 4.352, 4.392, 5.101, 6.832, 8.045, 7.142, 6.555, 6.839], [18.142, 16.945, 16.087, 17.889, 20.041, 20.334, 19.796, 16.331, 13.188, 13.925, 12.499, 13.401, 13.128, 13.101, 16.495, 15.733, 14.978, 13.904, 12.975, 12.808, 14.18, 9.915, 4.301, 2.18, 1.793, 2.713, 1.907, 1.99, 2.221, 1.14, 2.221, 1.943, 1.406, 0.0, 1.769, 2.364, 2.301, 2.116, 1.95, 2.32, 3.496, 2.72, 2.657, 3.533, 4.001, 4.405, 4.439, 5.118, 6.495, 7.595, 6.712, 6.221, 6.442], [17.478, 16.203, 15.345, 17.148, 19.302, 19.63, 19.078, 15.601, 12.449, 13.306, 11.902, 12.782, 12.539, 12.447, 15.816, 15.015, 14.302, 13.305, 12.247, 12.161, 13.508, 9.293, 3.548, 1.775, 1.908, 2.951, 2.443, 2.631, 2.95, 1.982, 2.854, 2.881, 2.594, 1.769, 0.0, 1.884, 1.508, 1.239, 2.433, 2.823, 3.354, 3.335, 3.271, 4.29, 4.534, 4.76, 4.78, 5.434, 6.508, 7.298, 6.73, 6.333, 6.408], [16.235, 14.915, 14.057, 15.928, 18.102, 18.387, 17.822, 14.37, 11.206, 12.056, 10.724, 11.554, 11.401, 11.322, 14.643, 14.073, 13.21, 12.34, 11.555, 11.075, 12.3, 8.03, 2.693, 1.506, 1.738, 2.714, 2.126, 3.017, 3.361, 2.22, 3.69, 3.462, 3.059, 2.364, 1.884, 0.0, 1.269, 2.275, 3.256, 3.126, 3.911, 3.864, 3.629, 4.539, 4.705, 5.228, 5.248, 6.051, 6.378, 7.249, 6.837, 5.844, 5.868], [16.589, 15.258, 14.4, 16.245, 18.41, 18.74, 18.197, 14.709, 11.557, 12.431, 11.036, 11.906, 11.677, 11.586, 14.943, 14.16, 13.433, 12.457, 11.411, 11.287, 12.631, 8.405, 2.813, 1.354, 2.017, 2.586, 2.428, 3.272, 3.761, 2.679, 3.761, 3.663, 3.362, 2.301, 1.508, 1.269, 0.0, 1.857, 2.616, 2.575, 3.205, 3.2, 3.098, 4.123, 4.26, 4.566, 4.506, 5.104, 5.711, 6.409, 5.845, 5.47, 5.527], [17.845, 16.64, 15.782, 17.585, 19.736, 20.031, 19.502, 16.027, 12.884, 13.638, 12.243, 13.124, 12.837, 12.802, 16.197, 15.399, 14.662, 13.574, 12.551, 12.484, 13.881, 9.672, 4.151, 2.286, 2.189, 2.873, 2.772, 2.844, 3.116, 2.308, 2.913, 3.191, 2.855, 2.116, 1.239, 2.275, 1.857, 0.0, 2.072, 2.714, 2.897, 3.213, 3.092, 3.96, 4.204, 4.391, 4.393, 5.008, 5.861, 6.495, 6.092, 5.698, 5.886], [18.549, 17.371, 16.514, 18.317, 20.466, 20.745, 20.218, 16.743, 13.616, 14.261, 12.809, 13.686, 13.411, 13.49, 16.922, 16.113, 15.397, 14.277, 13.248, 13.175, 14.593, 10.349, 4.882, 2.995, 2.441, 2.602, 2.609, 2.118, 2.935, 2.605, 2.048, 2.651, 2.341, 1.95, 2.433, 3.256, 2.616, 2.072, 0.0, 1.46, 2.326, 1.758, 1.759, 2.54, 2.996, 3.121, 3.12, 3.525, 5.192, 6.055, 5.257, 5.132, 5.404], [18.128, 16.95, 16.1, 17.903, 20.045, 20.324, 19.797, 16.322, 13.202, 13.799, 12.298, 13.2, 12.925, 13.028, 16.508, 15.699, 14.98, 13.804, 12.93, 12.734, 14.179, 9.92, 4.408, 2.675, 2.381, 2.08, 1.975, 2.232, 2.944, 2.894, 2.354, 2.768, 2.629, 2.32, 2.823, 3.126, 2.575, 2.714, 1.46, 0.0, 2.126, 1.724, 1.201, 2.131, 2.295, 2.872, 2.693, 3.559, 4.83, 5.901, 4.756, 4.612, 4.975], [18.734, 17.461, 16.603, 18.406, 20.563, 20.89, 20.323, 16.862, 13.71, 14.53, 13.145, 14.032, 13.753, 13.691, 17.039, 16.249, 15.514, 14.528, 13.482, 13.383, 14.769, 10.612, 5.105, 3.126, 3.25, 2.711, 2.671, 2.812, 3.51, 3.901, 2.896, 3.38, 3.497, 3.496, 3.354, 3.911, 3.205, 2.897, 2.326, 2.126, 0.0, 2.182, 2.012, 3.006, 2.931, 2.065, 1.872, 2.64, 3.89, 5.041, 4.522, 4.395, 5.056], [18.199, 16.949, 16.091, 17.894, 20.045, 20.355, 19.811, 16.336, 13.193, 14.004, 12.639, 13.497, 13.197, 13.166, 16.512, 15.69, 14.981, 13.929, 12.908, 12.844, 14.24, 10.071, 4.78, 3.232, 3.093, 2.919, 2.64, 2.086, 2.912, 3.399, 2.203, 2.565, 2.7, 2.72, 3.335, 3.864, 3.2, 3.213, 1.758, 1.724, 2.182, 0.0, 1.164, 2.04, 2.135, 2.135, 2.167, 2.714, 4.85, 6.039, 5.34, 5.019, 5.397], [18.164, 16.967, 16.144, 17.906, 20.056, 20.352, 19.822, 16.347, 13.208, 13.979, 12.643, 13.495, 13.191, 13.168, 16.52, 15.706, 15.02, 13.913, 12.961, 12.806, 14.222, 10.111, 4.561, 3.004, 2.829, 2.536, 2.286, 2.099, 2.863, 3.238, 2.32, 2.653, 2.585, 2.657, 3.271, 3.629, 3.098, 3.092, 1.759, 1.201, 2.012, 1.164, 0.0, 1.883, 2.048, 2.154, 2.159, 2.844, 4.703, 5.828, 4.947, 4.613, 5.049], [16.758, 15.573, 14.74, 16.508, 18.654, 18.943, 18.406, 14.944, 11.827, 12.582, 11.417, 12.282, 11.709, 11.73, 15.108, 14.318, 13.626, 12.422, 11.617, 11.357, 12.817, 9.04, 5.175, 3.949, 3.75, 3.362, 3.274, 3.351, 4.106, 4.117, 3.57, 3.932, 3.701, 3.533, 4.29, 4.539, 4.123, 3.96, 2.54, 2.131, 3.006, 2.04, 1.883, 0.0, 1.2, 3.038, 2.061, 3.328, 3.796, 4.737, 4.347, 3.817, 4.176], [16.569, 15.423, 14.603, 16.32, 18.429, 18.708, 18.181, 14.735, 11.662, 12.287, 11.173, 12.051, 11.427, 11.484, 14.898, 14.146, 13.48, 12.283, 11.455, 11.159, 12.662, 8.903, 5.046, 4.013, 3.988, 3.289, 3.321, 3.594, 4.227, 4.52, 3.67, 4.121, 4.066, 4.001, 4.534, 4.705, 4.26, 4.204, 2.996, 2.295, 2.931, 2.135, 2.048, 1.2, 0.0, 3.033, 1.878, 3.31, 3.624, 4.682, 4.316, 3.791, 4.16], [19.206, 17.93, 17.073, 18.875, 21.033, 21.361, 20.792, 17.332, 14.18, 15.014, 13.666, 14.521, 14.228, 14.161, 17.523, 16.705, 15.988, 14.97, 13.967, 13.877, 15.24, 11.097, 5.798, 4.452, 4.516, 3.88, 3.929, 3.631, 4.478, 5.032, 3.756, 4.242, 4.352, 4.405, 4.76, 5.228, 4.566, 4.391, 3.121, 2.872, 2.065, 2.135, 2.154, 3.038, 3.033, 0.0, 1.643, 1.455, 3.555, 5.144, 4.617, 4.706, 5.507], [17.839, 16.635, 15.782, 17.585, 19.736, 20.033, 19.502, 16.027, 12.884, 13.52, 12.227, 13.108, 12.736, 12.658, 16.221, 15.441, 14.712, 13.67, 12.636, 12.521, 13.861, 9.88, 5.43, 4.427, 4.55, 3.633, 3.92, 3.809, 4.546, 5.002, 3.784, 4.317, 4.392, 4.439, 4.78, 5.248, 4.506, 4.393, 3.12, 2.693, 1.872, 2.167, 2.159, 2.061, 1.878, 1.643, 0.0, 1.975, 3.088, 4.242, 3.813, 3.567, 4.396], [19.577, 18.285, 17.427, 19.239, 21.404, 21.732, 21.162, 17.703, 14.55, 15.383, 13.97, 14.858, 14.583, 14.531, 17.892, 17.036, 16.335, 15.321, 14.274, 14.232, 15.61, 11.4, 6.528, 5.311, 5.338, 4.755, 4.8, 4.368, 5.248, 5.812, 4.477, 4.952, 5.101, 5.118, 5.434, 6.051, 5.104, 5.008, 3.525, 3.559, 2.64, 2.714, 2.844, 3.328, 3.31, 1.455, 1.975, 0.0, 3.498, 4.941, 4.24, 4.945, 5.724], [16.16, 14.866, 14.008, 15.822, 17.987, 18.315, 17.745, 14.286, 11.14, 12.012, 10.894, 11.852, 11.192, 11.115, 14.477, 13.68, 12.976, 11.96, 10.969, 10.83, 12.217, 8.41, 5.627, 5.704, 5.995, 4.746, 5.87, 6.278, 7.084, 7.093, 6.454, 6.871, 6.832, 6.495, 6.508, 6.378, 5.711, 5.861, 5.192, 4.83, 3.89, 4.85, 4.703, 3.796, 3.624, 3.555, 3.088, 3.498, 0.0, 1.979, 2.123, 2.277, 2.864], [14.677, 13.466, 12.606, 14.394, 16.545, 16.839, 16.311, 12.836, 9.716, 10.563, 9.622, 10.549, 9.686, 9.639, 12.999, 12.26, 11.56, 10.45, 9.404, 9.305, 10.743, 7.151, 5.843, 6.786, 7.079, 5.789, 7.083, 7.614, 8.352, 8.218, 7.722, 8.119, 8.045, 7.595, 7.298, 7.249, 6.409, 6.495, 6.055, 5.901, 5.041, 6.039, 5.828, 4.737, 4.682, 5.144, 4.242, 4.941, 1.979, 0.0, 1.776, 1.869, 1.953], [15.934, 14.751, 13.893, 15.695, 17.847, 18.126, 17.599, 14.124, 10.994, 11.657, 10.215, 11.142, 10.856, 10.886, 14.301, 13.491, 12.773, 11.597, 10.609, 10.54, 11.971, 7.748, 5.766, 6.18, 6.379, 4.96, 6.17, 6.69, 7.408, 7.396, 6.739, 7.206, 7.142, 6.712, 6.73, 6.837, 5.845, 6.092, 5.257, 4.756, 4.522, 5.34, 4.947, 4.347, 4.316, 4.617, 3.813, 4.24, 2.123, 1.776, 0.0, 1.637, 2.189], [14.669, 13.471, 12.613, 14.416, 16.567, 16.863, 16.333, 12.858, 9.715, 10.453, 9.103, 9.978, 9.672, 9.599, 13.047, 12.314, 11.547, 10.526, 9.629, 9.376, 10.691, 6.587, 4.493, 5.433, 5.645, 4.355, 5.621, 6.092, 6.849, 6.781, 6.311, 6.776, 6.555, 6.221, 6.333, 5.844, 5.47, 5.698, 5.132, 4.612, 4.395, 5.019, 4.613, 3.817, 3.791, 4.706, 3.567, 4.945, 2.277, 1.869, 1.637, 0.0, 1.144], [13.982, 12.747, 11.889, 13.691, 15.842, 16.138, 15.608, 12.133, 8.99, 9.756, 8.445, 9.372, 8.969, 8.946, 12.297, 11.601, 10.808, 9.816, 8.913, 8.653, 10.03, 5.91, 4.221, 5.605, 5.808, 4.567, 5.873, 6.392, 7.178, 7.013, 6.653, 7.106, 6.839, 6.442, 6.408, 5.868, 5.527, 5.886, 5.404, 4.975, 5.056, 5.397, 5.049, 4.176, 4.16, 5.507, 4.396, 5.724, 2.864, 1.953, 2.189, 1.144, 0.0]]