[[0.0, 2.819, 4.019, 6.763, 10.582, 10.754, 9.286, 8.668, 9.41, 9.359, 8.856, 8.262, 8.769, 10.055, 9.734, 7.975, 8.754, 10.564, 11.758, 11.268, 10.334, 10.406, 11.517, 12.107, 11.18, 9.336, 8.125, 6.385, 4.834, 4.557, 5.673, 5.689, 5.937, 5.175, 5.782, 6.192, 4.389, 2.219, 1.914, 3.012, 3.404, 3.605, 4.409, 4.621, 2.639, 2.709, 2.544, 3.982, 4.211, 3.93, 4.342, 3.897, 3.86, 4.982, 5.652, 6.33, 7.915, 10.175, 10.895, 10.972, 10.732, 11.053, 10.457, 8.945, 8.622, 9.448, 9.64, 9.482, 8.247, 6.475, 4.591, 3.397, 2.006, 2.783, 2.398, 2.424, 2.109, 2.753, 2.821, 2.346, 1.778, 1.986, 2.335, 3.288, 3.475, 3.141, 3.195, 3.151, 2.743, 2.88, 3.326, 3.146, 2.627, 2.785, 2.162, 2.848, 4.326, 6.156, 8.307, 7.766, 6.537, 5.265, 4.011, 3.463, 2.372, 1.927, 1.801, 1.709, 2.398, 2.959, 6.027, 7.614, 4.975, 4.499, 5.931, 4.925, 4.598, 6.691, 9.116, 9.067, 8.434, 9.501, 10.678, 8.793, 5.827, 6.1, 6.519, 4.308, 2.838, 3.418, 3.393, 3.518, 3.519, 2.66, 2.358, 2.362, 2.648, 3.194, 3.98, 4.716, 5.016, 3.602, 2.728, 2.682, 2.378, 2.191], [2.819, 0.0, 1.837, 4.69, 8.024, 8.213, 6.754, 6.153, 6.828, 6.771, 6.401, 5.754, 6.216, 7.544, 7.169, 5.345, 6.107, 8.03, 9.241, 8.735, 7.817, 7.839, 9.0, 9.568, 8.676, 6.784, 5.59, 4.156, 2.94, 2.316, 3.28, 3.518, 3.851, 3.241, 3.437, 3.677, 2.206, 3.221, 2.848, 2.064, 1.954, 2.891, 3.217, 3.351, 3.13, 4.067, 3.626, 3.36, 2.723, 2.038, 2.262, 1.86, 2.099, 2.515, 3.098, 3.843, 5.427, 7.668, 8.419, 8.449, 8.211, 8.519, 7.979, 6.459, 6.109, 6.929, 7.167, 6.978, 5.798, 4.211, 2.611, 2.569, 2.929, 4.259, 3.699, 2.732, 2.214, 1.75, 1.778, 1.681, 2.701, 3.438, 4.317, 5.373, 5.669, 5.278, 5.143, 4.995, 4.354, 3.97, 2.807, 2.341, 3.525, 3.939, 3.461, 4.723, 6.783, 8.671, 10.759, 10.218, 9.076, 7.698, 6.48, 6.077, 5.016, 3.766, 3.245, 3.287, 4.259, 5.211, 8.269, 9.962, 7.412, 6.984, 8.439, 7.42, 7.031, 9.197, 11.593, 11.598, 10.95, 11.964, 13.194, 11.312, 8.364, 8.616, 9.032, 6.842, 3.489, 2.409, 2.053, 2.345, 2.043, 2.124, 2.549, 3.828, 4.805, 5.342, 6.486, 7.35, 7.792, 6.161, 5.312, 3.877, 2.795, 2.461], [4.019, 1.837, 0.0, 3.405, 6.948, 7.223, 5.659, 5.092, 5.747, 5.762, 5.313, 4.594, 5.147, 6.434, 6.108, 4.146, 4.966, 7.003, 8.306, 7.691, 6.923, 6.945, 8.096, 8.624, 7.782, 5.816, 4.595, 3.23, 2.215, 2.054, 2.626, 2.175, 2.514, 2.024, 2.52, 3.215, 2.56, 3.84, 3.443, 2.775, 2.662, 3.034, 3.441, 3.516, 2.873, 4.409, 4.023, 3.121, 2.296, 1.807, 1.851, 1.514, 1.763, 1.936, 2.384, 3.009, 4.544, 6.772, 7.497, 7.419, 7.281, 7.632, 6.974, 5.534, 5.156, 6.002, 6.233, 5.962, 4.804, 3.04, 1.382, 1.918, 3.952, 5.334, 4.769, 3.754, 3.117, 2.353, 2.453, 2.602, 3.397, 4.218, 5.309, 6.37, 6.795, 6.415, 6.039, 5.713, 4.921, 3.965, 2.588, 2.216, 3.348, 3.93, 3.909, 5.579, 7.781, 9.715, 11.803, 11.262, 10.055, 8.751, 7.498, 6.992, 6.079, 5.092, 4.571, 4.529, 5.352, 6.204, 9.267, 10.972, 8.413, 8.027, 9.48, 8.463, 8.199, 10.24, 12.53, 12.626, 11.986, 12.993, 14.237, 12.352, 9.386, 9.659, 10.075, 7.858, 4.515, 2.802, 2.46, 2.827, 2.583, 2.962, 3.538, 5.041, 5.998, 6.472, 7.643, 8.443, 8.94, 7.461, 6.591, 5.306, 3.991, 3.511], [6.763, 4.69, 3.405, 0.0, 3.943, 4.253, 2.941, 2.419, 2.86, 2.837, 2.812, 2.363, 2.487, 3.628, 3.425, 2.462, 2.65, 4.169, 5.409, 4.881, 3.934, 3.995, 5.136, 5.698, 4.816, 3.354, 3.941, 3.684, 3.18, 3.772, 3.704, 2.775, 3.046, 3.174, 3.214, 3.854, 4.868, 6.395, 6.094, 5.466, 5.386, 5.307, 5.266, 4.857, 5.275, 7.123, 6.746, 5.267, 4.258, 3.993, 3.2, 3.802, 3.947, 3.168, 3.42, 3.404, 3.509, 4.42, 4.728, 4.641, 4.41, 4.658, 4.169, 3.264, 3.156, 3.144, 3.429, 3.187, 2.078, 1.458, 2.614, 4.353, 6.663, 8.086, 7.542, 6.556, 5.973, 5.184, 5.122, 5.483, 6.24, 7.107, 8.21, 9.339, 9.7, 9.278, 9.016, 8.678, 7.786, 6.41, 4.987, 4.586, 5.732, 6.474, 6.914, 8.507, 10.671, 12.484, 14.587, 14.031, 12.926, 11.581, 10.368, 9.856, 8.97, 8.012, 7.536, 7.472, 8.162, 9.085, 12.216, 13.866, 11.309, 10.796, 12.252, 11.245, 10.992, 13.009, 15.469, 15.449, 14.763, 15.806, 17.006, 15.162, 12.215, 12.429, 12.845, 10.693, 7.348, 5.317, 4.996, 5.684, 4.885, 5.589, 6.299, 7.843, 8.843, 9.359, 10.576, 11.391, 11.729, 10.168, 9.311, 8.127, 6.908, 6.452], [10.582, 8.024, 6.948, 3.943, 0.0, 1.386, 2.24, 2.337, 1.844, 2.024, 2.402, 2.836, 2.425, 2.313, 2.584, 3.233, 2.776, 2.64, 3.095, 2.763, 2.234, 2.266, 2.919, 3.128, 2.91, 2.892, 4.415, 5.319, 6.039, 6.219, 5.462, 5.413, 5.377, 5.757, 5.583, 5.724, 6.905, 9.538, 9.311, 8.16, 8.046, 8.018, 7.368, 6.627, 8.772, 10.364, 9.891, 8.238, 7.33, 7.077, 6.504, 7.274, 7.078, 5.802, 5.362, 5.026, 4.096, 3.351, 3.283, 3.415, 3.031, 2.822, 2.968, 3.737, 3.909, 3.401, 2.922, 2.522, 2.92, 4.379, 6.245, 7.685, 10.226, 11.712, 11.161, 10.134, 9.545, 8.726, 8.621, 8.736, 9.469, 10.58, 11.703, 12.776, 12.976, 12.674, 12.617, 12.454, 11.554, 9.884, 8.352, 7.972, 9.195, 10.118, 10.695, 12.302, 14.452, 16.159, 18.227, 17.736, 16.64, 15.271, 13.96, 13.49, 12.73, 11.139, 10.478, 10.627, 11.367, 12.552, 15.769, 17.441, 14.931, 14.414, 15.852, 15.005, 14.789, 16.703, 19.247, 19.094, 18.4, 19.348, 20.643, 18.791, 15.843, 16.054, 16.455, 14.33, 10.973, 9.003, 8.757, 9.26, 8.4, 9.144, 9.885, 10.91, 12.178, 12.829, 14.001, 15.195, 15.3, 13.747, 12.656, 11.217, 9.934, 9.349], [10.754, 8.213, 7.223, 4.253, 1.386, 0.0, 2.065, 2.541, 2.208, 2.199, 2.34, 2.935, 2.409, 1.899, 1.846, 3.368, 2.679, 2.042, 2.319, 2.38, 1.86, 2.077, 2.72, 2.919, 2.548, 2.281, 3.646, 5.104, 6.239, 6.255, 5.422, 5.567, 5.556, 5.965, 5.374, 5.166, 6.644, 9.677, 9.558, 8.073, 7.94, 7.906, 7.056, 6.368, 9.056, 10.665, 10.084, 8.487, 7.604, 7.342, 6.75, 7.519, 7.334, 5.88, 5.183, 4.623, 3.523, 2.788, 2.709, 2.525, 2.058, 1.987, 2.115, 2.977, 3.247, 2.841, 2.287, 2.343, 2.966, 4.458, 6.442, 7.913, 10.567, 12.041, 11.481, 10.459, 9.87, 9.034, 8.955, 9.017, 9.732, 10.873, 11.958, 13.032, 12.97, 12.778, 12.789, 12.684, 11.818, 10.171, 8.635, 8.201, 9.461, 10.265, 10.921, 12.557, 14.712, 16.463, 18.567, 18.064, 16.982, 15.59, 14.271, 13.792, 12.864, 11.173, 10.529, 10.725, 11.618, 12.879, 16.065, 17.748, 15.233, 14.718, 16.154, 15.34, 15.013, 17.037, 19.583, 19.4, 18.73, 19.619, 20.948, 19.096, 16.15, 16.359, 16.756, 14.632, 11.278, 9.333, 9.091, 9.572, 8.684, 9.433, 10.177, 11.24, 12.307, 12.954, 13.989, 15.306, 15.337, 13.833, 12.581, 11.225, 10.001, 9.347], [9.286, 6.754, 5.659, 2.941, 2.24, 2.065, 0.0, 1.263, 1.594, 1.858, 1.727, 1.57, 1.508, 1.759, 1.831, 2.181, 2.219, 3.03, 3.627, 3.472, 2.914, 2.876, 3.691, 4.084, 3.115, 1.853, 3.089, 4.403, 4.82, 5.159, 4.393, 4.341, 4.253, 4.638, 4.335, 4.131, 5.547, 8.295, 8.066, 6.905, 6.882, 6.778, 6.063, 5.103, 7.437, 9.085, 8.727, 7.053, 5.996, 5.792, 5.195, 5.934, 5.68, 4.521, 3.982, 3.447, 2.809, 2.535, 2.614, 2.914, 2.526, 2.807, 2.432, 2.215, 2.732, 2.58, 1.954, 2.161, 2.891, 3.301, 4.943, 6.435, 8.924, 10.283, 9.803, 8.868, 8.229, 7.331, 7.213, 7.537, 8.405, 9.412, 10.455, 11.448, 11.766, 11.381, 11.308, 11.11, 10.175, 8.491, 7.0, 6.664, 7.937, 8.802, 9.348, 10.958, 13.09, 14.83, 16.881, 16.413, 15.282, 13.936, 12.538, 12.189, 11.436, 9.785, 9.088, 9.331, 10.177, 11.32, 14.483, 16.075, 13.586, 13.046, 14.461, 13.667, 13.519, 15.399, 17.894, 17.718, 17.114, 17.996, 19.281, 17.344, 14.419, 14.644, 15.054, 12.918, 9.582, 7.661, 7.418, 7.918, 7.134, 7.899, 8.573, 9.635, 10.906, 11.507, 12.634, 13.892, 13.971, 12.46, 11.354, 9.863, 8.61, 7.95], [8.668, 6.153, 5.092, 2.419, 2.337, 2.541, 1.263, 0.0, 1.212, 1.412, 1.403, 1.649, 1.493, 2.012, 2.178, 2.221, 2.323, 2.943, 4.104, 3.608, 2.822, 2.894, 3.815, 4.198, 3.13, 2.054, 2.895, 3.878, 4.177, 4.56, 3.816, 3.961, 3.973, 4.165, 3.891, 3.906, 5.117, 7.805, 7.532, 6.339, 6.297, 6.269, 5.572, 4.688, 6.909, 8.599, 8.28, 6.692, 5.496, 5.207, 4.697, 5.403, 5.165, 3.88, 3.416, 3.133, 2.556, 2.572, 2.842, 3.213, 2.965, 3.139, 2.713, 2.438, 2.607, 2.391, 2.056, 1.739, 2.033, 2.689, 4.332, 5.83, 8.443, 9.872, 9.305, 8.31, 7.672, 6.862, 6.737, 6.985, 7.833, 8.885, 9.991, 10.964, 11.091, 10.729, 10.727, 10.555, 9.677, 8.043, 6.52, 6.126, 7.362, 8.216, 8.773, 10.389, 12.53, 14.33, 16.382, 15.928, 14.771, 13.43, 12.097, 11.599, 10.807, 9.135, 8.432, 8.7, 9.529, 10.713, 13.943, 15.58, 13.059, 12.605, 14.044, 13.177, 12.953, 14.884, 17.382, 17.219, 16.614, 17.573, 18.815, 16.927, 13.983, 14.225, 14.639, 12.461, 9.108, 7.122, 6.892, 7.399, 6.629, 7.339, 8.09, 9.11, 10.243, 10.859, 11.988, 13.255, 13.307, 11.832, 10.711, 9.211, 7.948, 7.297], [9.41, 6.828, 5.747, 2.86, 1.844, 2.208, 1.594, 1.212, 0.0, 0.925, 1.347, 1.878, 1.744, 1.816, 2.183, 2.559, 2.499, 3.005, 3.789, 3.551, 2.828, 2.822, 3.581, 3.928, 3.135, 2.21, 3.441, 4.453, 4.816, 5.192, 4.317, 4.385, 4.335, 4.61, 4.475, 4.542, 5.763, 8.447, 8.144, 7.08, 7.036, 6.948, 6.136, 5.323, 7.572, 9.102, 8.745, 7.153, 6.066, 5.854, 5.351, 6.087, 5.852, 4.626, 4.083, 3.71, 2.831, 2.456, 2.6, 3.136, 2.714, 2.704, 2.43, 2.619, 2.884, 2.602, 1.967, 1.805, 2.256, 3.235, 5.031, 6.517, 9.072, 10.478, 9.925, 8.905, 8.306, 7.484, 7.43, 7.594, 8.389, 9.461, 10.591, 11.614, 11.83, 11.518, 11.415, 11.25, 10.351, 8.7, 7.144, 6.767, 7.983, 8.931, 9.482, 11.078, 13.211, 14.956, 17.009, 16.585, 15.412, 14.107, 12.746, 12.244, 11.56, 9.926, 9.249, 9.447, 10.207, 11.394, 14.519, 16.175, 13.642, 13.23, 14.663, 13.794, 13.662, 15.545, 17.989, 17.814, 17.238, 18.184, 19.421, 17.536, 14.58, 14.843, 15.257, 13.058, 9.705, 7.769, 7.51, 7.993, 7.223, 7.972, 8.693, 9.738, 10.985, 11.649, 12.801, 14.016, 14.12, 12.629, 11.54, 10.03, 8.752, 8.11], [9.359, 6.771, 5.762, 2.837, 2.024, 2.199, 1.858, 1.412, 0.925, 0.0, 1.087, 1.977, 1.99, 2.001, 2.217, 2.804, 2.84, 3.033, 3.655, 3.558, 2.934, 3.015, 3.786, 3.957, 3.193, 2.38, 3.668, 4.645, 4.969, 5.173, 4.269, 4.391, 4.431, 4.748, 4.456, 4.542, 5.768, 8.491, 8.264, 7.043, 6.994, 6.9, 5.942, 5.285, 7.61, 9.291, 8.833, 7.296, 6.27, 6.009, 5.464, 6.189, 5.894, 4.594, 3.979, 3.618, 2.809, 2.379, 2.714, 3.142, 2.662, 2.645, 2.357, 2.772, 3.064, 2.732, 2.175, 1.92, 2.224, 3.23, 4.971, 6.46, 9.197, 10.627, 10.053, 9.005, 8.422, 7.662, 7.554, 7.735, 8.472, 9.494, 10.744, 11.78, 11.836, 11.52, 11.49, 11.266, 10.377, 8.741, 7.17, 6.78, 8.084, 8.95, 9.476, 11.112, 13.3, 15.044, 17.132, 16.635, 15.506, 14.163, 12.934, 12.357, 11.492, 9.867, 9.143, 9.345, 10.267, 11.495, 14.669, 16.358, 13.801, 13.362, 14.812, 13.816, 13.639, 15.597, 17.995, 17.987, 17.323, 18.355, 19.567, 17.701, 14.753, 14.989, 15.405, 13.231, 9.879, 7.891, 7.504, 8.174, 7.381, 8.041, 8.825, 9.862, 11.019, 11.539, 12.678, 13.923, 14.054, 12.517, 11.463, 9.907, 8.641, 7.981], [8.856, 6.401, 5.313, 2.812, 2.402, 2.34, 1.727, 1.403, 1.347, 1.087, 0.0, 1.783, 2.27, 2.328, 2.18, 2.695, 2.879, 3.323, 3.827, 3.861, 3.317, 3.407, 4.255, 4.349, 3.686, 2.341, 3.515, 4.303, 4.518, 4.784, 4.088, 4.241, 4.3, 4.574, 4.168, 4.184, 5.481, 8.189, 8.05, 6.711, 6.639, 6.555, 5.751, 4.911, 7.186, 9.082, 8.715, 7.172, 6.035, 5.707, 5.179, 5.853, 5.479, 4.251, 3.577, 3.196, 2.481, 2.146, 2.708, 3.341, 2.803, 2.806, 2.216, 2.601, 3.049, 2.919, 2.12, 1.845, 2.289, 2.797, 4.509, 6.203, 8.961, 10.39, 9.818, 8.822, 8.165, 7.386, 7.259, 7.518, 8.328, 9.307, 10.499, 11.507, 11.409, 11.077, 11.054, 10.874, 9.913, 8.451, 6.728, 6.306, 7.729, 8.491, 9.027, 10.627, 12.837, 14.81, 16.898, 16.357, 15.151, 13.91, 12.645, 12.06, 10.91, 9.307, 8.751, 9.04, 10.09, 11.191, 14.463, 16.128, 13.561, 13.122, 14.578, 13.559, 13.228, 15.336, 17.644, 17.722, 17.089, 18.147, 19.333, 17.447, 14.481, 14.755, 15.171, 12.954, 9.623, 7.523, 7.153, 7.938, 7.2, 7.807, 8.591, 9.628, 10.605, 11.016, 12.107, 13.315, 13.477, 12.016, 11.01, 9.378, 8.017, 7.399], [8.262, 5.754, 4.594, 2.363, 2.836, 2.935, 1.57, 1.649, 1.878, 1.977, 1.783, 0.0, 1.538, 2.307, 2.382, 1.982, 2.216, 3.529, 4.304, 4.202, 3.559, 3.658, 4.627, 4.9, 4.167, 2.122, 3.034, 4.029, 4.283, 4.604, 3.886, 3.73, 3.601, 3.909, 3.675, 3.739, 4.934, 7.479, 7.093, 6.104, 6.08, 6.242, 5.696, 4.77, 6.391, 7.978, 7.639, 6.244, 5.009, 4.773, 4.265, 5.043, 4.658, 3.582, 3.08, 2.761, 2.953, 3.303, 3.501, 3.871, 3.294, 3.495, 3.029, 2.455, 2.795, 2.892, 2.561, 2.48, 2.961, 2.508, 3.944, 5.36, 7.84, 9.266, 8.679, 7.661, 7.02, 6.23, 6.225, 6.578, 7.351, 8.321, 9.518, 10.574, 10.797, 10.474, 10.322, 10.114, 9.139, 7.59, 6.056, 5.737, 6.908, 7.886, 8.351, 9.932, 12.017, 13.662, 15.769, 15.301, 14.142, 12.9, 11.543, 11.026, 10.409, 8.782, 8.144, 8.399, 9.168, 10.321, 13.289, 14.962, 12.407, 11.987, 13.43, 12.539, 12.521, 14.249, 16.695, 16.573, 15.99, 16.991, 18.184, 16.299, 13.333, 13.606, 14.023, 11.805, 8.467, 6.468, 6.214, 6.789, 6.115, 6.76, 7.443, 8.591, 9.812, 10.492, 11.655, 12.843, 12.955, 11.486, 10.447, 8.876, 7.574, 6.937], [8.769, 6.216, 5.147, 2.487, 2.425, 2.409, 1.508, 1.493, 1.744, 1.99, 2.27, 1.538, 0.0, 1.616, 1.8, 1.692, 1.538, 2.673, 3.747, 3.356, 2.466, 2.592, 3.433, 4.064, 3.055, 1.674, 2.558, 3.534, 4.269, 4.511, 3.699, 3.738, 3.723, 4.041, 3.833, 3.953, 5.094, 7.76, 7.482, 6.358, 6.339, 6.238, 5.483, 4.82, 6.961, 8.534, 8.132, 6.503, 5.471, 5.236, 4.727, 5.486, 5.245, 4.001, 3.571, 3.395, 3.018, 3.313, 3.176, 3.023, 2.776, 2.925, 2.666, 2.217, 2.35, 2.067, 2.153, 2.292, 2.519, 2.684, 4.407, 5.828, 8.352, 9.801, 9.268, 8.276, 7.673, 6.864, 6.771, 6.954, 7.744, 8.802, 9.987, 10.978, 11.206, 10.848, 10.814, 10.65, 9.74, 8.052, 6.526, 6.166, 7.414, 8.32, 8.881, 10.469, 12.593, 14.271, 16.334, 15.876, 14.771, 13.447, 12.097, 11.641, 10.913, 9.285, 8.594, 8.761, 9.548, 10.744, 13.925, 15.553, 13.038, 12.535, 13.969, 13.113, 13.001, 14.836, 17.356, 17.202, 16.546, 17.506, 18.757, 16.88, 13.933, 14.146, 14.562, 12.437, 9.08, 7.113, 6.865, 7.382, 6.529, 7.327, 8.029, 9.066, 10.346, 10.99, 12.142, 13.368, 13.461, 11.92, 10.831, 9.371, 8.1, 7.458], [10.055, 7.544, 6.434, 3.628, 2.313, 1.899, 1.759, 2.012, 1.816, 2.001, 2.328, 2.307, 1.616, 0.0, 1.13, 2.425, 1.991, 1.734, 2.462, 2.334, 1.831, 1.99, 2.702, 2.815, 2.084, 1.3, 2.765, 4.072, 5.445, 5.763, 4.792, 4.997, 4.997, 5.332, 4.968, 5.01, 6.291, 9.228, 8.959, 7.628, 7.602, 7.481, 6.459, 5.807, 8.246, 9.901, 9.474, 7.913, 6.85, 6.582, 6.136, 6.848, 6.474, 5.191, 4.535, 4.176, 3.279, 2.769, 2.306, 1.919, 1.765, 2.141, 1.933, 2.412, 2.599, 1.903, 1.632, 2.237, 3.165, 3.789, 5.677, 7.209, 9.875, 11.334, 10.744, 9.685, 9.046, 8.302, 8.22, 8.382, 9.15, 10.19, 11.438, 12.452, 12.382, 12.149, 12.07, 11.935, 10.998, 9.423, 7.831, 7.402, 8.645, 9.567, 10.107, 11.738, 13.926, 15.738, 17.837, 17.355, 16.154, 14.877, 13.581, 12.989, 12.121, 10.471, 9.832, 10.088, 10.921, 12.11, 15.317, 17.02, 14.465, 14.08, 15.485, 14.562, 14.396, 16.305, 18.679, 18.641, 18.036, 19.023, 20.242, 18.364, 15.401, 15.665, 16.08, 13.874, 10.53, 8.489, 8.188, 8.832, 8.085, 8.763, 9.501, 10.581, 11.646, 12.177, 13.296, 14.568, 14.619, 13.228, 12.127, 10.541, 9.264, 8.613], [9.734, 7.169, 6.108, 3.425, 2.584, 1.846, 1.831, 2.178, 2.183, 2.217, 2.18, 2.382, 1.8, 1.13, 0.0, 2.219, 1.749, 1.857, 2.366, 2.233, 1.976, 2.111, 2.84, 3.175, 2.264, 1.052, 2.416, 3.871, 5.25, 5.512, 4.648, 4.804, 4.917, 5.265, 4.592, 4.558, 5.953, 9.001, 8.921, 7.273, 7.108, 7.032, 5.959, 5.346, 8.025, 9.916, 9.389, 7.836, 6.872, 6.559, 5.963, 6.636, 6.378, 4.904, 4.199, 3.66, 3.016, 2.341, 2.019, 1.837, 1.446, 2.003, 1.626, 1.774, 1.976, 1.51, 1.309, 1.774, 2.86, 3.407, 5.302, 7.174, 9.918, 11.356, 10.784, 9.688, 9.074, 8.313, 8.155, 8.311, 9.07, 10.126, 11.254, 12.291, 12.072, 11.888, 11.866, 11.614, 10.689, 9.297, 7.504, 7.067, 8.536, 9.25, 9.802, 11.538, 13.784, 15.772, 17.863, 17.318, 16.128, 14.797, 13.558, 13.003, 11.801, 10.106, 9.478, 9.74, 10.904, 12.03, 15.314, 17.04, 14.483, 14.083, 15.537, 14.54, 14.156, 16.299, 18.607, 18.692, 18.043, 19.031, 20.294, 18.416, 15.453, 15.713, 16.13, 13.926, 10.581, 8.494, 8.088, 8.847, 8.087, 8.763, 9.545, 10.587, 11.528, 11.912, 12.841, 14.153, 14.294, 12.893, 11.782, 10.13, 8.845, 8.183], [7.975, 5.345, 4.146, 2.462, 3.233, 3.368, 2.181, 2.221, 2.559, 2.804, 2.695, 1.982, 1.692, 2.425, 2.219, 0.0, 1.224, 3.027, 4.385, 3.789, 2.945, 3.054, 4.137, 4.705, 3.83, 1.988, 2.258, 2.819, 3.39, 3.852, 3.096, 2.916, 2.949, 3.42, 3.231, 3.643, 4.651, 7.186, 6.93, 5.856, 5.779, 5.712, 4.781, 4.282, 5.93, 7.733, 7.323, 5.752, 4.719, 4.428, 3.973, 4.619, 4.319, 3.557, 3.309, 3.485, 3.24, 3.704, 3.806, 3.615, 3.462, 3.842, 3.337, 2.138, 1.844, 2.472, 2.679, 2.978, 3.045, 2.527, 3.525, 5.241, 7.753, 9.17, 8.598, 7.505, 6.896, 6.12, 5.973, 6.266, 7.088, 7.966, 9.159, 10.31, 10.506, 10.231, 9.975, 9.707, 8.687, 7.151, 5.48, 5.182, 6.508, 7.479, 7.908, 9.518, 11.705, 13.587, 15.678, 15.137, 13.931, 12.629, 11.368, 10.856, 10.051, 8.583, 7.972, 8.181, 9.057, 10.08, 13.138, 14.847, 12.289, 11.902, 13.351, 12.338, 12.186, 14.115, 16.431, 16.502, 15.866, 16.879, 18.109, 16.227, 13.261, 13.532, 13.946, 11.733, 8.39, 6.293, 5.936, 6.653, 5.958, 6.64, 7.379, 8.477, 9.701, 10.222, 11.416, 12.504, 12.75, 11.276, 10.314, 8.691, 7.309, 6.777], [8.754, 6.107, 4.966, 2.65, 2.776, 2.679, 2.219, 2.323, 2.499, 2.84, 2.879, 2.216, 1.538, 1.991, 1.749, 1.224, 0.0, 2.243, 3.522, 2.953, 2.227, 2.419, 3.275, 3.755, 3.066, 1.798, 2.676, 3.349, 4.175, 4.599, 3.997, 3.782, 3.803, 4.229, 4.098, 4.365, 5.5, 7.964, 7.717, 6.718, 6.552, 6.474, 5.626, 5.037, 6.8, 8.586, 8.131, 6.591, 5.565, 5.265, 4.71, 5.362, 5.249, 4.172, 3.775, 3.768, 3.548, 3.688, 3.566, 3.205, 3.032, 3.436, 3.067, 2.225, 2.21, 2.233, 2.321, 2.722, 2.966, 2.813, 4.289, 6.103, 8.646, 10.03, 9.448, 8.357, 7.742, 7.0, 6.815, 7.103, 7.924, 8.84, 10.002, 11.112, 11.282, 10.99, 10.752, 10.429, 9.505, 7.971, 6.333, 5.979, 7.387, 8.233, 8.715, 10.42, 12.618, 14.446, 16.524, 15.995, 14.806, 13.475, 12.253, 11.725, 10.878, 9.415, 8.778, 8.97, 9.869, 10.918, 13.985, 15.695, 13.14, 12.755, 14.188, 13.198, 12.98, 14.98, 17.323, 17.351, 16.707, 17.707, 18.959, 17.068, 14.104, 14.368, 14.783, 12.581, 9.236, 7.191, 6.816, 7.513, 6.838, 7.463, 8.231, 9.384, 10.505, 11.024, 12.269, 13.312, 13.594, 12.04, 11.112, 9.481, 8.142, 7.642], [10.564, 8.03, 7.003, 4.169, 2.64, 2.042, 3.03, 2.943, 3.005, 3.033, 3.323, 3.529, 2.673, 1.734, 1.857, 3.027, 2.243, 0.0, 1.65, 1.172, 1.026, 1.281, 1.627, 2.074, 1.9, 2.029, 3.368, 4.637, 6.051, 6.284, 5.453, 5.611, 5.7, 6.075, 5.481, 5.601, 6.869, 9.749, 9.675, 8.152, 8.089, 8.01, 7.02, 6.404, 8.876, 10.67, 10.209, 8.669, 7.651, 7.338, 6.767, 7.474, 7.159, 5.797, 5.156, 4.887, 4.199, 3.681, 3.1, 2.072, 2.306, 2.682, 2.64, 3.104, 3.029, 2.191, 2.234, 2.801, 3.202, 4.289, 6.171, 7.938, 10.674, 12.104, 11.532, 10.431, 9.823, 9.061, 8.921, 9.078, 9.849, 10.911, 12.073, 13.058, 12.868, 12.684, 12.66, 12.539, 11.617, 10.103, 8.428, 8.003, 9.353, 10.099, 10.709, 12.323, 14.528, 16.524, 18.612, 18.072, 16.869, 15.547, 14.31, 13.739, 12.6, 10.958, 10.39, 10.658, 11.681, 12.827, 16.065, 17.781, 15.222, 14.836, 16.292, 15.291, 14.942, 17.049, 19.393, 19.435, 18.803, 19.814, 21.046, 19.161, 16.195, 16.468, 16.885, 14.667, 11.324, 9.226, 8.903, 9.587, 8.843, 9.521, 10.304, 11.341, 12.26, 12.702, 13.779, 15.041, 15.093, 13.709, 12.642, 11.04, 9.745, 9.074], [11.758, 9.241, 8.306, 5.409, 3.095, 2.319, 3.627, 4.104, 3.789, 3.655, 3.827, 4.304, 3.747, 2.462, 2.366, 4.385, 3.522, 1.65, 0.0, 1.246, 2.177, 2.206, 1.942, 1.846, 2.182, 2.775, 4.4, 6.038, 7.49, 7.674, 6.79, 6.933, 6.998, 7.45, 6.679, 6.579, 8.081, 11.093, 11.056, 9.362, 9.191, 9.111, 7.963, 7.404, 10.265, 12.076, 11.596, 10.042, 9.057, 8.759, 8.144, 8.803, 8.588, 7.06, 6.339, 5.681, 4.665, 3.548, 2.787, 2.14, 2.051, 2.738, 2.629, 3.619, 3.917, 2.96, 2.703, 3.452, 4.296, 5.513, 7.398, 9.278, 12.044, 13.473, 12.902, 11.812, 11.214, 10.447, 10.296, 10.47, 11.246, 12.274, 13.423, 14.446, 14.219, 14.013, 14.061, 13.683, 12.89, 11.45, 9.714, 9.27, 10.765, 11.367, 11.939, 13.73, 15.94, 17.893, 19.981, 19.44, 18.258, 16.917, 15.692, 15.14, 13.96, 12.152, 11.59, 11.876, 13.076, 14.195, 17.455, 19.159, 16.594, 16.206, 17.661, 16.642, 16.253, 18.419, 20.775, 20.805, 20.172, 21.202, 22.416, 20.531, 17.565, 17.838, 18.254, 16.037, 12.694, 10.643, 10.261, 10.964, 10.224, 10.89, 11.674, 12.711, 13.624, 14.064, 14.906, 16.213, 16.382, 14.947, 13.862, 12.194, 10.902, 10.244], [11.268, 8.735, 7.691, 4.881, 2.763, 2.38, 3.472, 3.608, 3.551, 3.558, 3.861, 4.202, 3.356, 2.334, 2.233, 3.789, 2.953, 1.172, 1.246, 0.0, 1.518, 1.715, 1.817, 2.152, 2.195, 2.668, 4.024, 5.471, 6.857, 7.161, 6.293, 6.372, 6.494, 6.86, 6.234, 6.264, 7.591, 10.58, 10.488, 8.952, 8.768, 8.699, 7.588, 6.98, 9.632, 11.484, 10.997, 9.454, 8.466, 8.153, 7.557, 8.229, 7.961, 6.482, 5.885, 5.421, 4.712, 3.988, 3.195, 2.187, 2.453, 3.143, 2.969, 3.526, 3.642, 2.668, 2.609, 3.143, 3.766, 4.966, 6.872, 8.743, 11.489, 12.927, 12.356, 11.261, 10.636, 9.881, 9.728, 9.892, 10.659, 11.705, 12.847, 13.872, 13.756, 13.503, 13.471, 13.149, 12.271, 10.876, 9.091, 8.662, 10.132, 10.832, 11.353, 13.11, 15.345, 17.345, 19.435, 18.889, 17.693, 16.375, 15.127, 14.568, 13.428, 11.674, 11.065, 11.323, 12.496, 13.619, 16.893, 18.61, 16.051, 15.655, 17.108, 16.101, 15.723, 17.878, 20.176, 20.264, 19.614, 20.629, 21.866, 19.988, 17.024, 17.288, 17.703, 15.496, 12.153, 10.055, 9.662, 10.416, 9.664, 10.346, 11.116, 12.158, 13.103, 13.529, 14.445, 15.729, 15.889, 14.476, 13.445, 11.739, 10.423, 9.76], [10.334, 7.817, 6.923, 3.934, 2.234, 1.86, 2.914, 2.822, 2.828, 2.934, 3.317, 3.559, 2.466, 1.831, 1.976, 2.945, 2.227, 1.026, 2.177, 1.518, 0.0, 0.904, 1.641, 2.264, 1.741, 2.058, 3.338, 4.498, 5.952, 6.054, 5.196, 5.295, 5.33, 5.802, 5.181, 5.474, 6.665, 9.463, 9.358, 7.938, 7.801, 7.743, 6.826, 6.339, 8.782, 10.458, 9.91, 8.344, 7.438, 7.144, 6.509, 7.26, 7.061, 5.638, 5.146, 4.899, 4.03, 3.484, 2.934, 2.04, 2.202, 2.528, 2.677, 3.151, 3.025, 2.136, 2.271, 2.739, 2.835, 4.076, 6.041, 7.713, 10.377, 11.822, 11.252, 10.217, 9.619, 8.833, 8.683, 8.809, 9.573, 10.663, 11.775, 12.767, 12.729, 12.446, 12.505, 12.349, 11.523, 9.901, 8.337, 7.908, 9.213, 9.912, 10.594, 12.222, 14.382, 16.227, 18.329, 17.818, 16.724, 15.285, 14.052, 13.546, 12.478, 10.787, 10.249, 10.46, 11.406, 12.651, 15.851, 17.549, 15.002, 14.532, 15.986, 15.064, 14.698, 16.774, 19.306, 19.188, 18.543, 19.503, 20.745, 18.899, 15.954, 16.157, 16.575, 14.432, 11.079, 9.063, 8.816, 9.365, 8.554, 9.221, 10.003, 11.042, 12.032, 12.619, 13.661, 14.874, 14.962, 13.413, 12.401, 10.925, 9.57, 8.99], [10.406, 7.839, 6.945, 3.995, 2.266, 2.077, 2.876, 2.894, 2.822, 3.015, 3.407, 3.658, 2.592, 1.99, 2.111, 3.054, 2.419, 1.281, 2.206, 1.715, 0.904, 0.0, 1.612, 2.166, 1.556, 2.173, 3.466, 4.642, 6.007, 6.194, 5.335, 5.261, 5.294, 5.82, 5.292, 5.532, 6.816, 9.461, 9.339, 8.099, 7.902, 7.834, 7.045, 6.436, 8.799, 10.458, 9.929, 8.263, 7.418, 7.169, 6.498, 7.224, 7.176, 5.834, 5.39, 5.077, 4.186, 3.511, 2.788, 1.922, 2.234, 2.665, 2.782, 3.35, 3.162, 2.187, 2.366, 2.836, 2.943, 4.163, 6.069, 7.916, 10.377, 11.777, 11.291, 10.285, 9.691, 8.827, 8.691, 8.766, 9.642, 10.728, 11.76, 12.724, 12.886, 12.578, 12.508, 12.365, 11.544, 9.922, 8.355, 7.918, 9.224, 9.881, 10.63, 12.265, 14.438, 16.32, 18.366, 17.893, 16.759, 15.374, 14.027, 13.613, 12.567, 10.957, 10.472, 10.643, 11.529, 12.653, 15.892, 17.544, 15.037, 14.513, 15.954, 15.135, 14.763, 16.873, 19.372, 19.208, 18.598, 19.463, 20.774, 18.858, 15.931, 16.141, 16.552, 14.435, 11.078, 9.138, 8.877, 9.366, 8.529, 9.32, 10.057, 11.084, 12.179, 12.809, 13.881, 14.966, 15.164, 13.572, 12.617, 11.148, 9.775, 9.202], [11.517, 9.0, 8.096, 5.136, 2.919, 2.72, 3.691, 3.815, 3.581, 3.786, 4.255, 4.627, 3.433, 2.702, 2.84, 4.137, 3.275, 1.627, 1.942, 1.817, 1.641, 1.612, 0.0, 1.379, 1.465, 2.988, 4.431, 5.631, 7.133, 7.234, 6.396, 6.418, 6.421, 6.89, 6.175, 6.529, 7.682, 10.57, 10.519, 9.048, 8.881, 8.794, 7.912, 7.426, 9.969, 11.616, 11.028, 9.365, 8.543, 8.331, 7.641, 8.333, 8.272, 6.732, 6.316, 5.969, 5.045, 4.165, 2.982, 2.184, 2.803, 3.494, 3.625, 4.249, 4.176, 3.161, 3.156, 3.48, 3.763, 5.264, 7.209, 9.008, 11.567, 12.946, 12.462, 11.455, 10.862, 9.962, 9.86, 9.961, 10.791, 11.903, 12.918, 13.877, 13.928, 13.632, 13.66, 13.464, 12.663, 11.076, 9.497, 9.044, 10.375, 11.028, 11.742, 13.439, 15.612, 17.483, 19.539, 19.068, 17.933, 16.549, 15.168, 14.785, 13.707, 11.994, 11.397, 11.573, 12.61, 13.781, 17.058, 18.679, 16.211, 15.696, 17.109, 16.31, 15.938, 18.047, 20.546, 20.377, 19.773, 20.585, 21.936, 20.008, 17.077, 17.308, 17.691, 15.567, 12.218, 10.311, 10.051, 10.529, 9.703, 10.491, 11.231, 12.24, 13.292, 13.864, 14.832, 16.074, 16.167, 14.684, 13.609, 12.08, 10.812, 10.159], [12.107, 9.568, 8.624, 5.698, 3.128, 2.919, 4.084, 4.198, 3.928, 3.957, 4.349, 4.9, 4.064, 2.815, 3.175, 4.705, 3.755, 2.074, 1.846, 2.152, 2.264, 2.166, 1.379, 0.0, 1.741, 3.266, 4.941, 6.114, 7.667, 7.798, 6.959, 6.998, 7.045, 7.494, 6.91, 7.196, 8.435, 11.247, 11.14, 9.636, 9.446, 9.358, 8.548, 8.069, 10.474, 12.202, 11.586, 9.998, 9.125, 8.889, 8.224, 8.884, 8.822, 7.326, 6.78, 6.447, 5.375, 4.273, 3.156, 2.515, 2.981, 3.617, 3.806, 4.681, 4.738, 3.715, 3.531, 4.09, 4.457, 5.817, 7.804, 9.502, 12.16, 13.568, 13.029, 11.993, 11.393, 10.575, 10.404, 10.554, 11.343, 12.452, 13.551, 14.54, 14.394, 14.15, 14.22, 14.063, 13.215, 11.603, 10.048, 9.594, 10.94, 11.599, 12.309, 14.001, 16.195, 18.051, 20.103, 19.605, 18.46, 17.103, 15.806, 15.338, 14.225, 12.604, 12.009, 12.199, 13.137, 14.321, 17.619, 19.286, 16.779, 16.316, 17.736, 16.853, 16.479, 18.602, 21.054, 20.949, 20.304, 21.226, 22.532, 20.625, 17.694, 17.931, 18.331, 16.172, 12.819, 10.87, 10.554, 11.11, 10.326, 11.057, 11.807, 12.87, 13.848, 14.348, 15.391, 16.659, 16.717, 15.228, 14.078, 12.638, 11.377, 10.801], [11.18, 8.676, 7.782, 4.816, 2.91, 2.548, 3.115, 3.13, 3.135, 3.193, 3.686, 4.167, 3.055, 2.084, 2.264, 3.83, 3.066, 1.9, 2.182, 2.195, 1.741, 1.556, 1.465, 1.741, 0.0, 2.44, 3.866, 5.273, 6.826, 6.912, 5.982, 6.091, 6.143, 6.651, 5.635, 5.808, 7.296, 10.313, 10.239, 8.376, 8.166, 8.054, 7.203, 6.908, 9.653, 11.37, 10.758, 9.104, 8.292, 8.053, 7.362, 8.011, 7.953, 6.371, 5.785, 5.266, 4.167, 3.076, 2.026, 1.481, 1.937, 2.708, 2.735, 3.437, 3.365, 2.338, 2.42, 2.933, 3.284, 4.803, 6.895, 8.656, 11.254, 12.687, 12.187, 11.162, 10.559, 9.725, 9.562, 9.657, 10.5, 11.599, 12.678, 13.609, 13.368, 13.264, 13.362, 13.142, 12.342, 10.754, 9.183, 8.723, 10.09, 10.665, 11.421, 13.137, 15.338, 17.202, 19.256, 18.752, 17.62, 16.245, 14.941, 14.502, 13.288, 11.52, 11.058, 11.237, 12.285, 13.475, 16.793, 18.446, 15.946, 15.417, 16.844, 16.007, 15.62, 17.749, 20.228, 20.114, 19.455, 20.349, 21.683, 19.756, 16.834, 17.038, 17.441, 15.338, 11.981, 10.023, 9.734, 10.275, 9.436, 10.207, 10.957, 11.97, 12.996, 13.517, 14.239, 15.607, 15.696, 14.245, 13.014, 11.636, 10.372, 9.695], [9.336, 6.784, 5.816, 3.354, 2.892, 2.281, 1.853, 2.054, 2.21, 2.38, 2.341, 2.122, 1.674, 1.3, 1.052, 1.988, 1.798, 2.029, 2.775, 2.668, 2.058, 2.173, 2.988, 3.266, 2.44, 0.0, 2.006, 3.477, 4.905, 4.985, 4.125, 4.26, 4.433, 4.817, 4.156, 4.187, 5.51, 8.467, 8.396, 6.84, 6.692, 6.614, 5.662, 5.016, 7.68, 9.485, 8.883, 7.33, 6.428, 6.137, 5.461, 6.176, 6.016, 4.494, 3.844, 3.364, 2.669, 2.297, 2.091, 2.15, 1.725, 2.265, 1.985, 1.759, 2.054, 1.618, 1.504, 2.119, 3.134, 3.306, 5.002, 6.676, 9.398, 10.848, 10.287, 9.224, 8.631, 7.865, 7.663, 7.82, 8.553, 9.627, 10.759, 11.806, 11.698, 11.447, 11.481, 11.293, 10.427, 8.814, 7.231, 6.81, 8.152, 8.867, 9.531, 11.205, 13.403, 15.261, 17.36, 16.808, 15.704, 14.287, 13.086, 12.577, 11.47, 9.769, 9.121, 9.318, 10.373, 11.58, 14.87, 16.582, 14.038, 13.562, 15.011, 14.041, 13.678, 15.787, 18.265, 18.222, 17.54, 18.502, 19.779, 17.928, 14.983, 15.186, 15.605, 13.465, 10.112, 8.089, 7.765, 8.397, 7.575, 8.258, 9.039, 10.071, 11.1, 11.569, 12.604, 13.901, 13.974, 12.435, 11.311, 9.828, 8.601, 7.923], [8.125, 5.59, 4.595, 3.941, 4.415, 3.646, 3.089, 2.895, 3.441, 3.668, 3.515, 3.034, 2.558, 2.765, 2.416, 2.258, 2.676, 3.368, 4.4, 4.024, 3.338, 3.466, 4.431, 4.941, 3.866, 2.006, 0.0, 1.934, 3.575, 3.752, 2.804, 3.316, 3.647, 3.395, 3.283, 3.28, 4.209, 7.195, 6.927, 5.523, 5.439, 5.34, 4.352, 3.872, 6.407, 7.866, 7.284, 5.75, 4.79, 4.653, 4.342, 4.921, 4.688, 3.564, 3.285, 3.169, 3.182, 3.286, 3.433, 3.462, 3.238, 3.584, 3.343, 2.39, 2.066, 2.508, 2.808, 3.462, 3.883, 3.608, 3.916, 5.377, 7.926, 9.369, 8.809, 7.719, 7.128, 6.246, 6.346, 6.409, 7.199, 8.349, 9.466, 10.417, 10.321, 10.184, 10.145, 10.047, 9.176, 7.569, 5.988, 5.559, 6.802, 7.612, 8.279, 9.91, 12.065, 13.746, 15.931, 15.482, 14.323, 13.002, 11.602, 11.073, 10.222, 8.533, 7.919, 8.148, 8.979, 10.227, 13.312, 14.954, 12.503, 12.052, 13.501, 12.725, 12.488, 14.421, 16.892, 16.659, 16.14, 16.933, 18.25, 16.348, 13.382, 13.653, 14.033, 11.841, 8.516, 6.66, 6.417, 6.781, 6.076, 6.777, 7.569, 8.596, 9.637, 10.281, 11.342, 12.665, 12.687, 11.279, 10.079, 8.575, 7.36, 6.696], [6.385, 4.156, 3.23, 3.684, 5.319, 5.104, 4.403, 3.878, 4.453, 4.645, 4.303, 4.029, 3.534, 4.072, 3.871, 2.819, 3.349, 4.637, 6.038, 5.471, 4.498, 4.642, 5.631, 6.114, 5.273, 3.477, 1.934, 0.0, 1.906, 2.274, 1.957, 2.499, 2.961, 2.38, 2.87, 3.8, 3.6, 5.509, 5.308, 4.304, 4.163, 3.949, 3.512, 3.511, 4.679, 6.216, 5.65, 4.106, 3.315, 3.222, 3.123, 3.408, 3.179, 2.901, 3.546, 3.85, 4.083, 4.731, 5.051, 5.063, 4.949, 5.18, 4.777, 3.754, 3.249, 3.829, 4.12, 4.461, 4.101, 3.225, 2.901, 4.125, 6.249, 7.731, 7.152, 6.059, 5.435, 4.627, 4.67, 4.712, 5.519, 6.618, 7.784, 8.743, 8.693, 8.48, 8.386, 8.301, 7.365, 5.822, 4.189, 3.771, 4.994, 5.878, 6.483, 8.109, 10.285, 12.061, 14.253, 13.773, 12.59, 11.28, 9.937, 9.368, 8.422, 7.187, 6.741, 6.713, 7.329, 8.514, 11.657, 13.326, 10.859, 10.42, 11.862, 11.004, 10.752, 12.691, 15.11, 15.023, 14.472, 15.296, 16.607, 14.714, 11.752, 12.01, 12.401, 10.212, 6.897, 4.95, 4.752, 5.177, 4.673, 5.188, 5.944, 7.221, 7.991, 8.549, 9.769, 10.865, 10.991, 9.569, 8.606, 7.379, 6.135, 5.618], [4.834, 2.94, 2.215, 3.18, 6.039, 6.239, 4.82, 4.177, 4.816, 4.969, 4.518, 4.283, 4.269, 5.445, 5.25, 3.39, 4.175, 6.051, 7.49, 6.857, 5.952, 6.007, 7.133, 7.667, 6.826, 4.905, 3.575, 1.906, 0.0, 1.541, 1.795, 2.259, 2.657, 1.981, 2.638, 3.491, 2.857, 4.032, 3.852, 3.273, 3.166, 2.884, 2.752, 2.394, 3.088, 4.799, 4.439, 2.895, 2.045, 1.983, 2.083, 2.15, 1.775, 2.193, 3.116, 3.475, 3.953, 5.891, 6.598, 6.548, 6.426, 6.641, 6.116, 4.732, 4.277, 5.193, 5.363, 5.148, 4.097, 2.809, 2.01, 3.114, 4.726, 6.162, 5.606, 4.542, 3.948, 3.304, 3.189, 3.287, 4.11, 5.08, 6.209, 7.148, 7.397, 7.075, 6.766, 6.582, 5.628, 4.153, 2.535, 2.21, 3.412, 4.273, 4.76, 6.379, 8.616, 10.555, 12.653, 12.135, 10.932, 9.63, 8.363, 7.8, 6.849, 5.938, 5.473, 5.366, 6.003, 6.928, 10.141, 11.84, 9.282, 8.868, 10.32, 9.346, 9.062, 11.085, 13.441, 13.475, 12.851, 13.815, 15.077, 13.194, 10.233, 10.487, 10.915, 8.709, 5.378, 3.736, 3.466, 3.822, 3.651, 3.906, 4.507, 5.916, 6.666, 7.158, 8.426, 9.275, 9.603, 8.209, 7.318, 6.179, 4.849, 4.365], [4.557, 2.316, 2.054, 3.772, 6.219, 6.255, 5.159, 4.56, 5.192, 5.173, 4.784, 4.604, 4.511, 5.763, 5.512, 3.852, 4.599, 6.284, 7.674, 7.161, 6.054, 6.194, 7.234, 7.798, 6.912, 4.985, 3.752, 2.274, 1.541, 0.0, 1.641, 2.24, 2.306, 1.807, 2.229, 2.761, 1.734, 3.626, 3.544, 2.399, 2.231, 2.163, 2.214, 2.194, 2.952, 4.653, 4.152, 2.673, 2.035, 1.531, 1.802, 1.833, 1.763, 2.026, 2.688, 3.159, 3.862, 5.91, 6.718, 6.748, 6.57, 6.697, 6.344, 4.858, 4.411, 5.291, 5.542, 5.518, 4.296, 3.148, 2.218, 2.662, 4.522, 6.009, 5.448, 4.483, 3.855, 3.155, 3.045, 3.057, 3.724, 4.719, 5.895, 6.983, 6.968, 6.676, 6.645, 6.507, 5.65, 4.02, 2.513, 2.165, 3.369, 4.087, 4.744, 6.382, 8.581, 10.411, 12.522, 11.973, 10.883, 9.476, 8.249, 7.736, 6.65, 5.316, 4.845, 4.765, 5.592, 6.759, 10.041, 11.746, 9.198, 8.704, 10.141, 9.193, 8.819, 10.94, 13.445, 13.379, 12.658, 13.585, 14.926, 13.082, 10.137, 10.337, 10.742, 8.619, 5.267, 3.605, 3.427, 3.631, 3.253, 3.484, 4.148, 5.423, 6.299, 6.814, 8.039, 9.098, 9.271, 7.658, 6.682, 5.555, 4.344, 3.803], [5.673, 3.28, 2.626, 3.704, 5.462, 5.422, 4.393, 3.816, 4.317, 4.269, 4.088, 3.886, 3.699, 4.792, 4.648, 3.096, 3.997, 5.453, 6.79, 6.293, 5.196, 5.335, 6.396, 6.959, 5.982, 4.125, 2.804, 1.957, 1.795, 1.641, 0.0, 1.716, 1.914, 1.914, 1.9, 2.494, 2.023, 4.552, 4.39, 3.151, 2.97, 2.977, 2.424, 2.57, 4.094, 5.602, 5.132, 3.444, 2.605, 2.393, 2.618, 2.699, 2.442, 2.033, 2.507, 2.771, 3.073, 5.083, 5.838, 5.907, 5.694, 5.812, 5.528, 4.109, 3.623, 4.508, 4.82, 4.925, 4.084, 3.014, 2.464, 3.206, 5.409, 6.909, 6.389, 5.39, 4.78, 3.991, 3.895, 3.945, 4.634, 5.728, 6.893, 7.982, 7.991, 7.674, 7.712, 7.605, 6.735, 5.08, 3.578, 3.136, 4.426, 5.18, 5.836, 7.471, 9.65, 11.389, 13.466, 12.961, 11.869, 10.497, 9.187, 8.713, 7.796, 6.134, 5.537, 5.743, 6.537, 7.764, 11.027, 12.68, 10.161, 9.617, 11.016, 10.218, 9.915, 11.951, 14.462, 14.321, 13.594, 14.448, 15.868, 13.975, 11.048, 11.205, 11.604, 9.552, 6.195, 4.441, 4.271, 4.504, 4.012, 4.442, 5.101, 6.133, 7.29, 7.852, 9.037, 10.239, 10.322, 8.766, 7.66, 6.344, 4.97, 4.399], [5.689, 3.518, 2.175, 2.775, 5.413, 5.567, 4.341, 3.961, 4.385, 4.391, 4.241, 3.73, 3.738, 4.997, 4.804, 2.916, 3.782, 5.611, 6.933, 6.372, 5.295, 5.261, 6.418, 6.998, 6.091, 4.26, 3.316, 2.499, 2.259, 2.24, 1.716, 0.0, 1.21, 1.518, 1.83, 2.828, 2.976, 4.448, 4.41, 3.643, 3.505, 3.409, 3.608, 3.87, 4.129, 5.468, 4.957, 3.419, 3.057, 2.784, 2.339, 2.468, 2.767, 2.633, 3.064, 3.277, 3.618, 5.245, 5.976, 6.055, 5.852, 5.982, 5.728, 4.331, 3.836, 4.667, 5.019, 5.155, 4.001, 2.371, 1.852, 3.033, 5.318, 6.8, 6.295, 5.374, 4.684, 3.897, 3.891, 3.849, 4.625, 5.634, 6.717, 7.809, 8.172, 7.871, 7.649, 7.465, 6.571, 4.917, 3.565, 3.226, 4.373, 5.141, 5.684, 7.324, 9.482, 11.26, 13.332, 12.826, 11.723, 10.345, 9.038, 8.624, 7.802, 6.777, 6.259, 6.122, 6.679, 7.678, 10.895, 12.545, 10.032, 9.473, 10.887, 10.081, 9.797, 11.814, 14.333, 14.198, 13.476, 14.312, 15.739, 13.846, 10.919, 11.059, 11.474, 9.423, 6.066, 4.264, 4.107, 4.403, 3.832, 4.388, 4.984, 6.468, 7.478, 8.117, 9.414, 10.277, 10.594, 9.009, 8.011, 7.121, 5.865, 5.388], [5.937, 3.851, 2.514, 3.046, 5.377, 5.556, 4.253, 3.973, 4.335, 4.431, 4.3, 3.601, 3.723, 4.997, 4.917, 2.949, 3.803, 5.7, 6.998, 6.494, 5.33, 5.294, 6.421, 7.045, 6.143, 4.433, 3.647, 2.961, 2.657, 2.306, 1.914, 1.21, 0.0, 1.336, 1.837, 2.975, 3.076, 4.707, 4.51, 3.708, 3.621, 3.627, 3.766, 3.925, 4.021, 5.476, 4.997, 3.396, 2.809, 2.78, 2.733, 2.933, 2.973, 2.883, 3.279, 3.465, 3.557, 5.33, 5.994, 6.109, 5.904, 6.047, 5.82, 4.434, 3.905, 4.78, 5.123, 5.219, 4.051, 2.648, 2.212, 3.005, 5.452, 6.903, 6.477, 5.597, 4.737, 3.986, 3.875, 4.123, 4.772, 5.657, 6.749, 7.971, 8.409, 8.081, 7.862, 7.637, 6.684, 5.025, 3.692, 3.529, 4.446, 5.401, 5.948, 7.578, 9.702, 11.295, 13.373, 12.899, 11.824, 10.465, 9.061, 8.7, 8.095, 6.739, 6.247, 6.214, 6.768, 7.901, 10.926, 12.532, 10.057, 9.501, 10.874, 10.178, 10.048, 11.88, 14.417, 14.211, 13.537, 14.259, 15.744, 13.833, 10.911, 11.053, 11.461, 9.413, 6.123, 4.479, 4.397, 4.471, 4.121, 4.581, 5.077, 6.26, 7.541, 8.263, 9.531, 10.552, 10.791, 9.162, 8.143, 7.202, 6.036, 5.563], [5.175, 3.241, 2.024, 3.174, 5.757, 5.965, 4.638, 4.165, 4.61, 4.748, 4.574, 3.909, 4.041, 5.332, 5.265, 3.42, 4.229, 6.075, 7.45, 6.86, 5.802, 5.82, 6.89, 7.494, 6.651, 4.817, 3.395, 2.38, 1.981, 1.807, 1.914, 1.518, 1.336, 0.0, 1.76, 2.684, 2.655, 4.139, 3.896, 3.208, 3.154, 3.047, 3.262, 3.267, 3.547, 4.783, 4.314, 2.746, 2.158, 2.212, 2.033, 2.301, 2.33, 2.165, 2.689, 2.995, 3.705, 5.814, 6.448, 6.561, 6.341, 6.527, 6.207, 4.793, 4.275, 5.158, 5.384, 5.405, 4.227, 2.658, 1.72, 2.454, 4.88, 6.224, 5.823, 4.904, 4.064, 3.28, 3.304, 3.395, 4.128, 5.236, 6.339, 7.305, 7.581, 7.278, 7.15, 6.994, 6.088, 4.456, 3.118, 2.799, 3.724, 4.657, 5.25, 6.874, 9.001, 10.666, 12.756, 12.374, 11.201, 9.917, 8.413, 8.021, 7.321, 6.166, 5.654, 5.579, 5.962, 7.094, 10.216, 11.803, 9.39, 8.919, 10.279, 9.58, 9.475, 11.328, 13.759, 13.542, 12.992, 13.784, 15.123, 13.174, 10.218, 10.491, 10.871, 8.694, 5.381, 3.834, 3.721, 3.795, 3.408, 3.997, 4.569, 5.83, 6.782, 7.475, 8.755, 9.775, 9.965, 8.434, 7.475, 6.476, 5.389, 4.906], [5.782, 3.437, 2.52, 3.214, 5.583, 5.374, 4.335, 3.891, 4.475, 4.456, 4.168, 3.675, 3.833, 4.968, 4.592, 3.231, 4.098, 5.481, 6.679, 6.234, 5.181, 5.292, 6.175, 6.91, 5.635, 4.156, 3.283, 2.87, 2.638, 2.229, 1.9, 1.83, 1.837, 1.76, 0.0, 1.49, 2.286, 4.794, 4.705, 3.073, 2.87, 2.935, 2.862, 3.211, 4.514, 5.944, 5.451, 3.901, 3.152, 2.9, 2.209, 2.72, 2.618, 1.723, 1.973, 2.113, 2.629, 4.781, 5.492, 5.614, 5.376, 5.569, 5.211, 3.813, 3.313, 4.16, 4.53, 4.593, 3.393, 2.248, 1.921, 3.25, 5.763, 7.17, 6.729, 5.745, 5.149, 4.235, 4.169, 4.245, 5.086, 6.172, 7.196, 8.185, 7.989, 7.879, 7.953, 7.726, 6.927, 5.469, 4.019, 3.458, 4.817, 5.359, 6.043, 7.724, 9.883, 11.731, 13.802, 13.304, 12.202, 10.8, 9.431, 9.052, 7.93, 6.311, 5.894, 5.909, 6.905, 8.096, 11.361, 12.944, 10.478, 9.913, 11.288, 10.565, 10.176, 12.29, 14.815, 14.646, 14.005, 14.784, 16.18, 14.231, 11.346, 11.483, 11.865, 9.845, 6.488, 4.601, 4.376, 4.803, 4.025, 4.726, 5.464, 6.598, 7.538, 8.117, 8.915, 10.262, 10.329, 8.841, 7.632, 6.484, 5.319, 4.685], [6.192, 3.677, 3.215, 3.854, 5.724, 5.166, 4.131, 3.906, 4.542, 4.542, 4.184, 3.739, 3.953, 5.01, 4.558, 3.643, 4.365, 5.601, 6.579, 6.264, 5.474, 5.532, 6.529, 7.196, 5.808, 4.187, 3.28, 3.8, 3.491, 2.761, 2.494, 2.828, 2.975, 2.684, 1.49, 0.0, 2.089, 5.122, 5.077, 3.322, 3.048, 3.171, 3.025, 3.108, 5.202, 6.332, 5.844, 4.519, 3.86, 3.348, 2.673, 3.123, 3.147, 2.02, 1.683, 1.747, 2.278, 4.414, 5.175, 5.299, 5.059, 5.224, 4.904, 3.547, 3.251, 4.042, 4.335, 4.506, 3.869, 2.987, 2.769, 3.676, 6.118, 7.587, 7.106, 6.107, 5.531, 4.65, 4.565, 4.638, 5.42, 6.511, 7.53, 8.576, 8.349, 8.268, 8.345, 8.15, 7.319, 5.954, 4.609, 4.038, 5.477, 5.821, 6.441, 8.112, 10.263, 12.108, 14.178, 13.681, 12.579, 11.177, 9.854, 9.434, 8.265, 6.551, 6.047, 6.253, 7.296, 8.483, 11.726, 13.357, 10.855, 10.294, 11.706, 10.942, 10.521, 12.667, 15.192, 15.023, 14.338, 15.128, 16.564, 14.665, 11.739, 11.885, 12.293, 10.242, 6.885, 4.956, 4.713, 5.199, 4.26, 5.071, 5.799, 6.837, 7.925, 8.481, 9.276, 10.651, 10.709, 9.226, 7.912, 6.644, 5.428, 4.739], [4.389, 2.206, 2.56, 4.868, 6.905, 6.644, 5.547, 5.117, 5.763, 5.768, 5.481, 4.934, 5.094, 6.291, 5.953, 4.651, 5.5, 6.869, 8.081, 7.591, 6.665, 6.816, 7.682, 8.435, 7.296, 5.51, 4.209, 3.6, 2.857, 1.734, 2.023, 2.976, 3.076, 2.655, 2.286, 2.089, 0.0, 3.214, 3.195, 1.733, 1.528, 1.974, 2.15, 2.336, 3.522, 4.468, 3.944, 2.968, 2.588, 1.982, 2.238, 2.115, 1.872, 2.065, 2.46, 2.884, 4.081, 6.342, 7.081, 7.183, 6.968, 7.121, 6.814, 5.361, 4.9, 5.741, 6.007, 6.043, 5.215, 4.074, 2.99, 2.912, 4.261, 5.69, 5.25, 4.341, 3.746, 3.009, 2.886, 2.799, 3.499, 4.588, 5.603, 6.69, 6.681, 6.421, 6.472, 6.31, 5.465, 4.192, 3.062, 2.484, 3.78, 4.237, 4.554, 6.242, 8.411, 10.251, 12.322, 11.824, 10.722, 9.32, 7.96, 7.586, 6.548, 4.815, 4.193, 4.378, 5.409, 6.6, 9.879, 11.475, 9.0, 8.433, 9.788, 9.085, 8.695, 10.81, 13.335, 13.166, 12.481, 13.201, 14.7, 12.748, 9.866, 10.001, 10.384, 8.365, 5.008, 3.59, 3.45, 3.468, 3.181, 3.393, 3.99, 4.989, 6.094, 6.67, 7.638, 8.948, 8.976, 7.483, 6.279, 4.863, 3.682, 3.041], [2.219, 3.221, 3.84, 6.395, 9.538, 9.677, 8.295, 7.805, 8.447, 8.491, 8.189, 7.479, 7.76, 9.228, 9.001, 7.186, 7.964, 9.749, 11.093, 10.58, 9.463, 9.461, 10.57, 11.247, 10.313, 8.467, 7.195, 5.509, 4.032, 3.626, 4.552, 4.448, 4.707, 4.139, 4.794, 5.122, 3.214, 0.0, 1.349, 2.303, 2.692, 2.739, 3.733, 3.973, 2.457, 2.233, 1.763, 2.741, 3.584, 3.308, 3.508, 3.081, 3.301, 4.53, 5.343, 5.865, 7.107, 9.401, 10.14, 10.261, 10.025, 10.199, 9.86, 8.346, 7.948, 8.777, 9.003, 8.894, 7.691, 5.937, 4.233, 3.37, 2.372, 3.606, 3.308, 3.086, 2.539, 3.066, 2.824, 2.122, 1.772, 2.296, 2.75, 3.936, 4.472, 4.13, 3.815, 3.67, 3.095, 2.269, 2.552, 2.747, 2.134, 2.118, 2.059, 3.294, 5.341, 7.241, 9.259, 8.759, 7.655, 6.255, 4.912, 4.658, 4.132, 3.427, 3.088, 2.885, 3.369, 4.255, 6.91, 8.422, 5.934, 5.556, 6.722, 6.017, 5.628, 7.747, 10.268, 10.105, 9.416, 10.143, 11.641, 9.7, 6.813, 6.944, 7.337, 5.32, 3.271, 3.145, 3.323, 3.004, 3.578, 3.063, 3.261, 3.645, 4.095, 4.619, 5.794, 6.422, 6.785, 5.448, 4.423, 4.092, 3.352, 2.888], [1.914, 2.848, 3.443, 6.094, 9.311, 9.558, 8.066, 7.532, 8.144, 8.264, 8.05, 7.093, 7.482, 8.959, 8.921, 6.93, 7.717, 9.675, 11.056, 10.488, 9.358, 9.339, 10.519, 11.14, 10.239, 8.396, 6.927, 5.308, 3.852, 3.544, 4.39, 4.41, 