[[0.0, 1.436, 3.495, 8.522, 7.226, 4.274, 5.082, 6.419, 8.135, 8.797, 7.838, 7.249, 5.881, 3.432, 2.66, 2.898, 3.076, 3.2, 3.887, 3.627, 2.951, 3.394, 3.13, 2.925, 3.279, 3.061, 3.526, 2.622, 2.426, 3.596, 4.106, 4.202, 4.65, 3.649, 1.942, 2.598, 4.018, 3.988, 4.201, 6.627, 8.024, 9.295, 8.52, 6.915, 5.576, 4.957, 4.573, 4.345, 3.579, 3.183, 2.653, 3.765, 4.27, 4.805, 3.94, 2.309, 2.252, 2.495, 3.048, 3.578, 3.682, 3.101, 2.726, 2.928, 2.209, 3.409, 4.361, 3.646, 3.895, 3.282, 2.75, 3.77, 4.341, 5.176, 7.41, 11.338, 14.771, 14.581, 14.091, 13.687, 11.715, 8.992, 7.406, 4.504, 2.297, 1.971, 2.589, 1.992, 1.849, 1.695, 2.026, 1.946, 1.941, 2.073, 2.084, 2.043, 2.053, 1.656, 1.772, 2.031, 1.995, 1.875, 4.193, 6.849, 7.238, 7.191, 6.143, 5.607, 5.306, 5.491, 4.614, 4.042, 4.341, 4.118, 2.519, 2.316, 3.052, 3.768, 4.193, 2.519, 1.654, 2.409, 3.281, 2.407, 1.475, 3.043, 4.052, 5.547, 7.094, 7.861, 5.502, 4.848, 5.175, 4.732, 4.502, 3.658, 1.854, 1.564, 2.626, 3.292, 2.903, 1.786, 1.874, 1.715, 1.423, 1.498], [1.436, 0.0, 3.347, 8.517, 7.179, 4.403, 5.049, 6.391, 8.105, 8.76, 7.823, 7.212, 5.861, 3.342, 2.572, 3.03, 3.181, 3.345, 4.035, 3.81, 3.108, 3.462, 3.475, 3.046, 3.523, 3.428, 4.035, 2.901, 2.574, 3.785, 4.075, 4.145, 4.679, 3.62, 1.673, 2.601, 3.943, 3.751, 4.096, 6.58, 7.978, 9.249, 8.478, 6.876, 5.53, 5.0, 4.62, 4.437, 3.701, 3.277, 2.358, 3.407, 4.118, 4.916, 3.875, 2.195, 1.887, 2.124, 2.734, 2.908, 3.214, 2.683, 2.604, 2.67, 2.161, 3.594, 4.339, 3.729, 3.644, 3.109, 2.662, 3.796, 4.46, 5.267, 7.462, 11.31, 14.735, 14.527, 14.037, 13.641, 11.661, 9.067, 7.38, 4.49, 2.196, 2.019, 2.416, 2.23, 1.851, 1.52, 1.874, 1.734, 1.642, 1.828, 2.308, 1.999, 2.43, 2.133, 2.115, 2.117, 1.97, 1.517, 4.149, 6.799, 7.191, 7.145, 6.102, 5.612, 5.389, 5.451, 4.717, 4.001, 4.161, 3.938, 2.697, 2.473, 2.975, 3.711, 4.16, 2.735, 1.758, 2.384, 3.18, 2.465, 1.972, 3.2, 4.133, 5.609, 7.057, 7.824, 5.497, 4.942, 5.11, 4.697, 4.424, 3.62, 2.395, 1.757, 2.592, 3.332, 2.881, 2.271, 2.284, 1.855, 1.752, 1.937], [3.495, 3.347, 0.0, 5.378, 4.977, 4.025, 4.146, 4.029, 5.033, 5.651, 4.734, 4.236, 3.377, 3.622, 4.533, 5.445, 5.449, 5.658, 6.569, 6.367, 5.66, 6.162, 5.752, 4.833, 5.051, 5.242, 5.434, 4.338, 4.999, 6.283, 6.755, 7.12, 7.722, 6.666, 4.731, 3.748, 4.203, 4.792, 4.332, 4.354, 4.894, 6.152, 5.373, 3.904, 2.666, 2.818, 3.072, 3.092, 2.77, 2.876, 2.377, 1.781, 2.118, 2.184, 2.097, 2.591, 3.937, 4.755, 5.762, 5.907, 6.066, 5.397, 3.155, 3.158, 3.218, 1.979, 2.154, 2.051, 3.303, 3.699, 2.837, 2.338, 3.112, 3.217, 4.616, 8.214, 11.625, 11.443, 10.977, 10.551, 8.639, 6.147, 4.377, 2.512, 3.197, 3.397, 2.735, 2.995, 3.388, 3.27, 2.09, 2.142, 2.729, 3.968, 4.535, 4.771, 4.729, 4.511, 4.874, 5.151, 4.873, 2.72, 1.985, 3.703, 4.086, 4.039, 3.498, 3.531, 3.795, 3.875, 3.185, 3.633, 4.009, 3.574, 3.12, 2.789, 2.7, 2.219, 2.886, 2.835, 4.024, 5.293, 5.914, 5.492, 2.897, 1.878, 1.883, 2.595, 3.988, 4.718, 3.509, 3.417, 3.388, 2.902, 2.772, 2.349, 3.229, 3.396, 3.601, 3.181, 2.74, 3.174, 3.702, 3.106, 3.388, 4.087], [8.522, 8.517, 5.378, 0.0, 2.475, 4.869, 4.003, 2.639, 1.382, 1.242, 1.524, 1.911, 3.016, 5.841, 8.118, 8.688, 8.619, 9.161, 9.965, 9.725, 9.048, 9.541, 9.395, 8.302, 8.405, 8.714, 8.471, 7.773, 8.475, 9.913, 10.738, 11.232, 12.464, 11.879, 9.828, 7.21, 5.906, 6.734, 5.947, 3.555, 1.808, 2.346, 2.989, 2.566, 3.148, 3.812, 4.553, 5.188, 5.786, 5.976, 6.743, 5.733, 4.831, 3.891, 5.008, 7.538, 9.11, 10.049, 11.074, 10.981, 11.161, 10.499, 7.818, 7.587, 8.319, 5.82, 4.636, 5.168, 5.893, 7.065, 6.997, 5.597, 4.952, 4.691, 2.25, 3.587, 6.509, 6.503, 6.212, 5.709, 4.342, 2.756, 1.889, 4.287, 6.874, 7.485, 6.605, 7.493, 8.182, 8.1, 7.152, 7.038, 7.885, 9.33, 9.881, 10.036, 9.957, 9.78, 10.156, 10.447, 9.965, 7.54, 4.64, 2.268, 2.525, 1.993, 2.838, 3.161, 3.678, 3.79, 4.245, 5.025, 5.275, 5.285, 6.781, 6.814, 6.212, 5.04, 4.57, 6.111, 8.766, 10.356, 11.013, 10.115, 7.36, 5.697, 4.652, 3.082, 2.386, 1.627, 3.469, 3.992, 3.62, 3.973, 4.566, 5.171, 7.256, 8.225, 7.048, 5.998, 5.719, 7.477, 8.458, 7.55, 7.517, 8.585], [7.226, 7.179, 4.977, 2.475, 0.0, 3.116, 2.363, 1.378, 2.034, 2.66, 2.801, 2.689, 2.692, 4.586, 6.664, 7.436, 7.524, 7.966, 8.538, 8.495, 7.915, 8.279, 8.078, 6.923, 6.984, 7.325, 7.273, 6.603, 7.206, 8.551, 9.397, 9.92, 11.171, 10.583, 8.447, 5.759, 5.195, 5.866, 5.197, 2.846, 3.091, 3.876, 4.04, 3.047, 3.169, 3.095, 3.806, 4.029, 4.235, 4.534, 5.242, 4.909, 4.351, 3.662, 3.902, 6.242, 7.775, 8.752, 9.777, 9.581, 9.593, 8.778, 6.129, 6.182, 7.023, 4.852, 3.956, 4.258, 4.589, 5.929, 5.701, 4.285, 3.7, 3.577, 3.299, 5.367, 8.247, 8.184, 7.971, 7.502, 5.95, 4.799, 3.105, 3.241, 5.608, 6.062, 5.186, 6.196, 6.79, 6.764, 5.827, 5.726, 6.59, 8.034, 8.553, 8.67, 8.599, 8.458, 8.849, 9.147, 8.668, 6.181, 3.36, 2.827, 3.342, 2.907, 1.971, 2.07, 2.151, 2.301, 2.733, 3.613, 3.847, 3.923, 5.451, 5.487, 4.789, 3.708, 3.43, 4.738, 7.399, 9.059, 9.716, 8.802, 6.067, 4.403, 3.565, 2.812, 2.466, 2.473, 1.974, 2.426, 2.242, 2.61, 2.93, 3.684, 5.709, 6.679, 5.422, 4.464, 4.357, 6.004, 6.975, 6.056, 6.232, 7.281], [4.274, 4.403, 4.025, 4.869, 3.116, 0.0, 1.258, 2.598, 4.502, 4.891, 4.487, 4.015, 3.88, 3.997, 4.673, 5.561, 5.672, 5.875, 6.585, 6.562, 5.819, 6.089, 5.755, 4.898, 5.244, 5.105, 5.074, 4.306, 4.883, 6.307, 6.862, 7.246, 8.226, 7.607, 5.484, 4.224, 5.509, 5.413, 5.083, 3.678, 4.628, 5.735, 5.571, 4.58, 4.263, 4.138, 4.271, 4.074, 2.951, 3.275, 3.827, 4.569, 4.777, 4.674, 4.327, 3.841, 4.93, 5.808, 6.8, 6.727, 6.845, 5.943, 4.26, 4.236, 4.449, 4.11, 4.287, 4.274, 4.905, 4.856, 4.145, 3.535, 3.368, 4.12, 5.092, 7.775, 10.887, 10.957, 10.697, 10.181, 8.362, 6.639, 4.839, 3.438, 3.71, 3.829, 3.786, 4.076, 4.181, 3.975, 3.635, 3.59, 3.927, 5.113, 5.584, 5.712, 5.642, 5.488, 5.89, 6.173, 5.691, 3.547, 2.687, 4.223, 4.826, 4.54, 3.623, 3.06, 2.072, 2.154, 1.634, 1.833, 2.553, 2.517, 2.597, 3.213, 3.116, 3.243, 3.129, 3.244, 4.7, 6.081, 6.887, 5.949, 3.454, 3.447, 3.788, 3.573, 3.666, 4.494, 2.206, 1.944, 1.924, 1.923, 2.199, 2.736, 2.982, 3.916, 3.264, 2.832, 2.538, 3.167, 4.056, 3.137, 3.641, 4.556], [5.082, 5.049, 4.146, 4.003, 2.363, 1.258, 0.0, 1.891, 3.643, 4.125, 3.968, 3.521, 3.329, 3.731, 4.8, 5.732, 5.67, 6.043, 6.797, 6.66, 5.885, 6.399, 6.079, 5.16, 5.377, 5.593, 5.431, 4.74, 5.398, 6.692, 7.351, 7.793, 9.042, 8.444, 6.38, 4.258, 5.356, 5.269, 4.896, 3.279, 4.176, 5.141, 5.161, 4.155, 3.695, 3.528, 3.691, 3.665, 3.072, 3.164, 3.82, 4.343, 4.377, 4.132, 3.944, 4.198, 5.657, 6.608, 7.624, 7.496, 7.661, 6.969, 4.787, 4.744, 4.94, 3.807, 3.815, 3.732, 4.394, 4.397, 3.916, 3.319, 2.863, 3.718, 4.732, 7.015, 10.047, 10.144, 9.877, 9.372, 7.703, 6.166, 4.291, 2.897, 3.583, 3.982, 3.638, 4.251, 4.752, 4.617, 3.889, 4.035, 4.565, 5.891, 6.415, 6.597, 6.52, 6.323, 6.711, 6.997, 6.515, 4.084, 2.719, 3.837, 4.399, 4.033, 3.111, 2.466, 1.718, 2.001, 1.648, 2.217, 2.983, 3.003, 3.412, 3.395, 3.108, 2.822, 2.615, 3.046, 5.275, 6.905, 7.574, 6.664, 3.951, 3.19, 3.413, 3.111, 3.304, 3.804, 1.794, 1.719, 1.648, 1.789, 2.213, 2.428, 3.767, 4.749, 3.556, 2.763, 2.4, 4.05, 4.964, 4.041, 4.068, 5.171], [6.419, 6.391, 4.029, 2.639, 1.378, 2.598, 1.891, 0.0, 2.126, 2.86, 2.799, 2.594, 2.587, 4.463, 6.076, 7.079, 7.01, 7.345, 8.087, 7.97, 7.193, 7.745, 7.396, 6.444, 6.614, 6.891, 6.742, 6.025, 6.692, 7.999, 8.648, 9.149, 10.378, 9.78, 7.693, 5.145, 5.481, 5.889, 5.265, 2.995, 3.071, 3.861, 4.134, 3.096, 2.864, 2.771, 3.221, 3.38, 3.56, 3.911, 4.535, 4.008, 3.552, 3.296, 3.495, 5.434, 6.968, 7.944, 8.969, 8.778, 8.969, 8.272, 5.593, 5.431, 6.215, 3.962, 3.349, 3.715, 4.574, 5.432, 4.951, 3.445, 3.108, 3.228, 3.26, 5.495, 8.518, 8.57, 8.32, 7.788, 6.128, 4.691, 3.033, 2.507, 4.941, 5.267, 4.625, 5.436, 6.027, 5.952, 5.019, 4.927, 5.78, 7.226, 7.78, 7.901, 7.833, 7.671, 8.051, 8.342, 7.86, 5.365, 2.563, 2.853, 3.347, 2.898, 1.761, 1.566, 1.592, 1.707, 2.118, 2.944, 3.056, 3.215, 4.644, 4.704, 4.1, 3.093, 3.107, 4.368, 6.664, 8.259, 8.909, 8.016, 5.317, 3.648, 3.045, 2.423, 1.803, 2.285, 1.391, 1.925, 1.517, 1.853, 2.457, 3.03, 5.121, 6.059, 4.963, 4.004, 3.72, 5.364, 6.286, 5.329, 5.471, 6.527], [8.135, 8.105, 5.033, 1.382, 2.034, 4.502, 3.643, 2.126, 0.0, 1.767, 1.994, 2.341, 3.08, 5.69, 7.79, 8.535, 8.403, 8.984, 9.698, 9.431, 8.803, 9.277, 9.09, 8.081, 8.249, 8.534, 8.307, 7.61, 8.269, 9.654, 10.44, 10.898, 12.095, 11.497, 9.421, 6.913, 5.842, 6.751, 5.946, 3.604, 2.429, 2.987, 3.497, 2.621, 3.134, 3.652, 4.388, 4.873, 5.418, 5.645, 6.353, 5.357, 4.403, 3.536, 4.626, 7.149, 8.7, 9.66, 10.684, 10.6, 10.769, 10.116, 7.423, 7.192, 7.93, 5.431, 4.265, 4.863, 5.58, 6.831, 6.613, 5.207, 4.655, 4.496, 2.39, 3.621, 6.707, 6.671, 6.302, 5.806, 4.313, 3.333, 2.11, 4.024, 6.646, 7.106, 6.228, 7.13, 7.834, 7.724, 6.734, 6.667, 7.496, 8.941, 9.474, 9.634, 9.565, 9.394, 9.767, 10.058, 9.576, 7.145, 4.321, 2.412, 2.646, 2.196, 2.345, 2.687, 2.912, 3.098, 3.877, 4.656, 4.529, 4.831, 6.358, 6.432, 5.806, 4.633, 4.355, 5.762, 8.374, 9.972, 10.626, 9.727, 6.982, 5.308, 4.263, 2.881, 1.493, 1.17, 3.015, 3.648, 3.263, 3.602, 4.182, 4.769, 6.838, 7.86, 6.707, 5.64, 5.342, 7.108, 8.052, 7.176, 7.124, 8.203], [8.797, 8.76, 5.651, 1.242, 2.66, 4.891, 4.125, 2.86, 1.767, 0.0, 1.369, 2.259, 3.541, 6.122, 8.407, 9.05, 9.029, 9.565, 10.256, 10.024, 9.43, 9.891, 9.708, 8.677, 8.824, 9.1, 8.902, 8.21, 8.87, 10.244, 11.073, 11.549, 12.762, 12.158, 10.025, 7.503, 6.329, 7.341, 6.518, 4.086, 2.213, 2.143, 3.16, 3.082, 3.684, 4.342, 5.025, 5.47, 5.991, 6.218, 6.899, 5.973, 5.045, 4.175, 5.271, 7.802, 9.335, 10.313, 11.337, 11.168, 11.285, 10.62, 7.93, 7.77, 8.583, 6.152, 4.855, 5.477, 6.158, 7.365, 7.261, 5.794, 5.237, 5.076, 2.335, 3.307, 6.318, 6.37, 6.051, 5.555, 3.946, 2.289, 1.865, 4.55, 7.18, 7.673, 6.812, 7.791, 8.432, 8.323, 7.387, 7.274, 8.149, 9.594, 10.118, 10.267, 10.178, 10.023, 10.414, 10.711, 10.228, 7.74, 4.793, 2.2, 2.03, 1.918, 2.939, 3.383, 3.864, 3.907, 4.426, 5.246, 5.465, 5.495, 7.011, 7.05, 6.373, 5.266, 4.851, 6.357, 8.986, 10.619, 11.287, 10.379, 7.637, 5.961, 4.916, 3.343, 2.546, 1.664, 3.602, 4.109, 3.801, 4.14, 4.694, 5.368, 7.418, 8.386, 7.238, 6.286, 5.974, 7.697, 8.602, 7.7, 7.812, 8.851], [7.838, 7.823, 4.734, 1.524, 2.801, 4.487, 3.968, 2.799, 1.994, 1.369, 0.0, 1.408, 2.528, 5.213, 7.484, 8.128, 8.082, 8.672, 9.344, 9.125, 8.53, 8.917, 8.762, 7.757, 7.938, 8.204, 7.96, 7.256, 7.953, 9.338, 10.212, 10.607, 11.816, 11.199, 9.147, 6.613, 5.402, 6.219, 5.538, 3.107, 1.325, 1.718, 2.445, 2.045, 2.662, 3.46, 4.099, 4.553, 5.073, 5.291, 5.856, 5.089, 4.109, 3.234, 4.301, 6.832, 8.365, 9.369, 10.367, 10.223, 10.401, 9.663, 7.01, 6.863, 7.617, 5.31, 3.924, 4.535, 5.244, 6.457, 6.291, 4.833, 4.318, 4.186, 1.638, 3.892, 7.05, 7.112, 6.828, 6.307, 4.596, 2.588, 1.519, 3.584, 6.201, 6.701, 5.939, 6.832, 7.463, 7.357, 6.424, 6.376, 7.178, 8.623, 9.179, 9.369, 9.291, 9.065, 9.458, 9.74, 9.258, 6.78, 3.976, 1.509, 1.576, 1.359, 2.453, 2.83, 3.742, 3.937, 4.096, 4.733, 5.045, 5.015, 6.04, 6.08, 5.489, 4.309, 3.923, 5.548, 8.088, 9.674, 10.347, 9.427, 6.678, 4.99, 3.945, 2.423, 2.461, 1.711, 3.381, 3.634, 3.325, 3.348, 3.821, 4.535, 6.638, 7.513, 6.426, 5.418, 5.125, 6.818, 7.735, 6.777, 6.872, 7.967], [7.249, 7.212, 4.236, 1.911, 2.689, 4.015, 3.521, 2.594, 2.341, 2.259, 1.408, 0.0, 1.85, 4.381, 6.595, 7.207, 7.151, 7.712, 8.425, 8.328, 7.622, 7.975, 7.878, 6.782, 6.978, 7.237, 6.977, 6.29, 6.996, 8.396, 9.334, 9.893, 11.208, 10.61, 8.517, 5.788, 4.519, 5.327, 4.702, 2.379, 1.343, 2.23, 1.906, 1.489, 1.94, 2.749, 3.386, 3.976, 4.312, 4.496, 5.243, 4.466, 3.77, 2.846, 3.758, 6.222, 7.75, 8.728, 9.752, 9.575, 9.728, 8.955, 6.341, 6.226, 7.028, 4.527, 3.258, 3.839, 4.47, 5.732, 5.676, 4.184, 3.479, 3.226, 2.029, 4.55, 7.661, 7.714, 7.445, 6.924, 5.296, 3.407, 2.025, 2.915, 5.428, 6.035, 5.315, 6.243, 6.84, 6.742, 5.822, 5.756, 6.582, 8.019, 8.586, 8.734, 8.663, 8.465, 8.864, 9.126, 8.643, 6.152, 3.289, 1.698, 2.181, 1.712, 2.284, 2.591, 3.729, 3.962, 3.77, 4.405, 4.925, 4.86, 5.439, 5.465, 4.838, 3.681, 3.207, 4.923, 7.508, 9.075, 9.739, 8.83, 6.089, 4.391, 3.338, 1.999, 2.874, 2.343, 3.0, 3.3, 3.111, 2.842, 3.187, 3.778, 5.97, 6.884, 5.702, 4.566, 4.466, 6.169, 7.079, 6.116, 6.225, 7.312], [5.881, 5.861, 3.377, 3.016, 2.692, 3.88, 3.329, 2.587, 3.08, 3.541, 2.528, 1.85, 0.0, 3.208, 5.507, 6.052, 6.039, 6.579, 7.346, 7.087, 6.468, 6.978, 6.81, 5.72, 5.898, 6.157, 5.928, 5.244, 5.946, 7.297, 8.208, 8.71, 9.886, 9.243, 7.133, 4.723, 3.794, 4.122, 3.533, 1.846, 2.43, 3.578, 3.028, 1.9, 1.417, 1.754, 2.346, 2.977, 3.239, 3.4, 4.103, 3.359, 2.983, 2.177, 2.479, 4.861, 6.397, 7.349, 8.375, 8.285, 8.43, 7.794, 5.118, 4.903, 5.665, 3.326, 2.44, 2.667, 3.28, 4.398, 4.319, 3.124, 2.587, 2.348, 3.018, 5.873, 9.056, 8.989, 8.625, 8.117, 6.628, 4.475, 2.826, 1.893, 4.264, 4.906, 3.946, 4.878, 5.595, 5.459, 4.459, 4.353, 5.192, 6.619, 7.164, 7.315, 7.241, 7.092, 7.469, 7.731, 7.267, 4.898, 2.294, 2.482, 2.528, 2.475, 2.361, 2.557, 3.384, 3.683, 3.375, 4.049, 4.577, 4.472, 4.477, 4.1, 3.573, 2.526, 2.169, 3.649, 6.184, 7.749, 8.382, 7.536, 4.728, 3.025, 2.043, 2.134, 3.428, 3.135, 2.72, 2.911, 2.7, 2.342, 2.556, 2.661, 4.63, 5.582, 4.584, 3.59, 3.355, 4.847, 5.753, 4.931, 4.902, 5.947], [3.432, 3.342, 3.622, 5.841, 4.586, 3.997, 3.731, 4.463, 5.69, 6.122, 5.213, 4.381, 3.208, 0.0, 2.382, 3.138, 3.116, 3.624, 4.306, 4.185, 3.675, 4.077, 4.005, 2.911, 3.196, 3.829, 4.289, 3.274, 3.055, 4.242, 5.31, 5.962, 7.201, 6.593, 4.462, 1.989, 2.228, 1.989, 1.889, 3.587, 5.067, 6.413, 5.481, 4.022, 3.035, 3.04, 3.219, 3.392, 3.289, 2.039, 2.71, 3.617, 3.679, 3.426, 3.19, 3.608, 4.325, 4.818, 5.674, 5.479, 5.666, 5.126, 4.378, 4.82, 4.408, 2.878, 3.235, 2.505, 2.226, 2.584, 2.984, 3.243, 2.615, 3.075, 5.012, 8.562, 11.854, 11.702, 11.429, 10.901, 9.072, 7.068, 4.832, 2.647, 2.279, 2.466, 2.371, 2.995, 3.135, 3.525, 3.42, 3.329, 3.746, 4.508, 4.952, 4.834, 4.986, 4.724, 4.774, 5.032, 4.57, 3.14, 3.228, 4.574, 4.672, 4.823, 4.163, 3.846, 4.68, 5.104, 4.672, 5.054, 5.512, 5.235, 4.29, 2.712, 2.784, 2.858, 2.421, 2.012, 3.591, 5.153, 5.759, 4.873, 2.898, 2.599, 2.91, 3.784, 5.612, 5.462, 3.92, 4.168, 4.059, 3.558, 3.44, 2.187, 3.079, 3.076, 2.726, 2.445, 2.539, 3.438, 4.102, 3.232, 2.518, 3.279], [2.66, 2.572, 4.533, 8.118, 6.664, 4.673, 4.8, 6.076, 7.79, 8.407, 7.484, 6.595, 5.507, 2.382, 0.0, 1.498, 1.477, 1.652, 2.357, 2.476, 1.948, 2.254, 2.218, 1.572, 1.978, 2.709, 3.461, 2.404, 1.861, 2.155, 3.103, 3.916, 5.155, 4.547, 2.474, 1.596, 2.971, 2.476, 3.055, 5.686, 7.234, 8.639, 7.538, 6.023, 5.167, 4.666, 4.244, 3.852, 3.674, 2.913, 2.957, 4.009, 4.415, 4.967, 4.281, 3.331, 3.768, 3.632, 4.094, 4.261, 4.532, 4.223, 4.301, 4.799, 4.279, 3.484, 4.368, 3.564, 3.087, 2.879, 3.008, 4.237, 3.875, 4.559, 6.852, 10.655, 13.984, 13.738, 13.472, 13.017, 11.104, 9.077, 6.935, 4.165, 2.15, 1.836, 2.58, 2.588, 2.579, 2.973, 3.519, 3.343, 3.381, 3.801, 3.79, 3.549, 3.861, 3.558, 3.399, 3.172, 2.944, 3.161, 4.334, 6.71, 6.699, 6.851, 5.869, 5.404, 5.779, 6.244, 5.821, 5.819, 6.224, 5.798, 4.362, 3.011, 3.546, 4.061, 3.723, 2.568, 1.837, 3.138, 3.727, 2.869, 2.427, 3.624, 4.56, 5.61, 7.187, 7.557, 5.379, 5.364, 5.481, 4.84, 4.55, 3.282, 2.48, 2.376, 2.562, 2.728, 2.979, 3.174, 3.33, 2.921, 1.986, 1.795], [2.898, 3.03, 5.445, 8.688, 7.436, 5.561, 5.732, 7.079, 8.535, 9.05, 8.128, 7.207, 6.052, 3.138, 1.498, 0.0, 0.867, 1.082, 1.572, 1.554, 1.313, 1.496, 1.55, 1.8, 2.517, 2.685, 2.87, 2.272, 1.877, 1.74, 2.978, 3.388, 4.346, 3.748, 2.382, 2.267, 3.434, 2.952, 3.666, 6.443, 7.883, 9.218, 8.334, 6.816, 5.692, 5.182, 4.542, 4.433, 4.417, 3.72, 3.495, 4.379, 4.833, 5.537, 5.091, 3.75, 3.925, 3.603, 4.089, 4.321, 4.607, 4.379, 4.735, 5.065, 4.405, 4.243, 4.944, 4.117, 3.721, 2.91, 3.428, 4.794, 4.547, 5.119, 7.4, 11.297, 14.666, 14.571, 14.157, 13.739, 11.816, 9.633, 7.595, 4.767, 2.486, 2.436, 3.114, 3.109, 2.965, 3.147, 4.044, 4.146, 3.786, 3.975, 3.759, 3.451, 3.562, 3.342, 3.174, 2.757, 2.65, 3.571, 5.373, 7.432, 7.608, 7.629, 6.561, 6.16, 6.708, 7.194, 6.746, 6.596, 6.947, 6.585, 4.823, 3.45, 4.15, 4.734, 4.309, 3.234, 1.987, 2.372, 2.957, 2.2, 2.932, 4.247, 5.158, 6.386, 8.114, 8.185, 6.314, 6.293, 6.366, 5.844, 5.497, 4.241, 3.218, 2.794, 3.101, 3.538, 3.85, 3.451, 3.654, 3.461, 2.531, 1.791], [3.076, 3.181, 5.449, 8.619, 7.524, 5.672, 5.67, 7.01, 8.403, 9.029, 8.082, 7.151, 6.039, 3.116, 1.477, 0.867, 0.0, 1.009, 1.699, 1.681, 1.276, 1.551, 1.669, 1.694, 2.335, 2.736, 3.013, 2.297, 1.928, 1.62, 2.998, 3.558, 4.533, 3.929, 2.57, 2.283, 3.372, 2.766, 3.422, 6.217, 7.691, 8.992, 8.109, 6.628, 5.658, 5.097, 4.329, 4.304, 4.475, 3.789, 3.618, 4.503, 4.843, 5.521, 5.059, 3.801, 4.072, 3.808, 4.266, 4.5, 4.831, 4.666, 4.881, 5.225, 4.572, 4.187, 4.912, 4.108, 3.621, 2.937, 3.435, 4.801, 4.502, 4.984, 7.303, 11.012, 14.395, 14.361, 13.93, 13.506, 11.708, 9.609, 7.543, 4.779, 2.543, 2.395, 3.132, 3.074, 3.019, 3.254, 4.067, 4.204, 3.897, 4.201, 4.012, 3.65, 3.826, 3.57, 3.417, 3.064, 2.905, 3.703, 5.421, 7.438, 7.594, 7.615, 6.568, 6.068, 6.719, 7.202, 6.776, 6.643, 7.032, 6.626, 4.944, 3.471, 4.168, 4.76, 4.261, 3.264, 2.173, 2.588, 3.155, 2.392, 2.987, 4.269, 5.213, 6.397, 8.146, 8.199, 6.334, 6.301, 6.387, 5.857, 5.607, 4.256, 3.367, 3.052, 3.292, 3.545, 3.875, 3.73, 3.847, 3.674, 2.705, 2.049], [3.2, 3.345, 5.658, 9.161, 7.966, 5.875, 6.043, 7.345, 8.984, 9.565, 8.672, 7.712, 6.579, 3.624, 1.652, 1.082, 1.009, 0.0, 1.625, 1.944, 1.402, 1.74, 1.648, 1.943, 2.36, 2.757, 3.079, 2.466, 2.113, 1.39, 2.864, 3.417, 4.263, 3.653, 2.4, 2.64, 3.803, 3.091, 3.898, 6.61, 8.093, 9.463, 8.474, 7.021, 6.202, 5.502, 4.888, 4.651, 4.654, 3.925, 3.92, 4.789, 5.264, 5.999, 5.515, 3.94, 4.206, 3.703, 4.209, 4.418, 4.694, 4.617, 5.022, 5.411, 4.743, 4.467, 5.297, 4.516, 4.032, 3.235, 3.699, 5.081, 4.811, 5.235, 7.808, 11.54, 14.809, 14.818, 14.419, 13.953, 12.261, 10.108, 8.064, 5.184, 2.776, 2.712, 3.499, 3.327, 3.211, 3.51, 4.36, 4.4, 4.109, 4.319, 4.151, 3.715, 3.863, 3.618, 3.464, 2.901, 2.886, 3.994, 5.559, 7.995, 8.143, 8.145, 7.093, 6.632, 6.964, 7.425, 6.991, 6.927, 7.304, 6.91, 5.192, 3.781, 4.519, 5.204, 4.842, 3.798, 2.14, 2.391, 2.901, 2.24, 3.191, 4.646, 5.703, 6.929, 8.394, 8.667, 6.592, 6.649, 6.697, 6.059, 5.915, 4.555, 3.494, 3.149, 3.458, 3.853, 4.186, 3.787, 4.005, 3.833, 2.899, 2.104], [3.887, 4.035, 6.569, 9.965, 8.538, 6.585, 6.797, 8.087, 9.698, 10.256, 9.344, 8.425, 7.346, 4.306, 2.357, 1.572, 1.699, 1.625, 0.0, 1.151, 1.307, 1.235, 1.433, 2.409, 3.249, 3.366, 3.341, 3.21, 2.517, 1.914, 2.952, 3.27, 3.428, 2.9, 2.906, 3.213, 4.435, 4.032, 4.847, 7.549, 9.028, 10.474, 9.445, 7.908, 6.993, 6.46, 5.6, 5.175, 5.15, 4.634, 4.562, 5.476, 5.856, 6.623, 6.147, 4.75, 4.708, 4.177, 4.534, 4.76, 5.054, 5.014, 5.572, 5.845, 5.162, 5.074, 5.902, 5.216, 4.639, 3.863, 4.299, 5.732, 5.396, 5.963, 8.265, 12.493, 15.827, 15.694, 15.376, 14.951, 12.931, 10.72, 8.703, 5.945, 3.566, 3.312, 4.114, 3.926, 3.822, 4.028, 5.059, 5.195, 4.873, 4.941, 4.658, 4.143, 4.07, 3.936, 3.735, 3.153, 2.97, 4.567, 6.454, 8.626, 8.701, 8.764, 7.733, 7.259, 7.845, 8.332, 7.875, 7.713, 8.064, 7.702, 5.894, 4.38, 5.086, 5.822, 5.55, 4.381, 2.92, 2.403, 2.305, 2.11, 3.982, 5.383, 6.32, 7.548, 9.259, 9.406, 7.395, 7.43, 7.5, 6.934, 6.573, 5.276, 4.27, 3.711, 4.05, 4.407, 4.993, 4.378, 4.513, 4.377, 3.561, 2.747], [3.627, 3.81, 6.367, 9.725, 8.495, 6.562, 6.66, 7.97, 9.431, 10.024, 9.125, 8.328, 7.087, 4.185, 2.476, 1.554, 1.681, 1.944, 1.151, 0.0, 1.249, 1.213, 1.497, 2.729, 3.458, 3.58, 3.483, 3.276, 2.724, 2.233, 3.243, 3.101, 3.311, 3.043, 2.876, 3.143, 4.334, 4.073, 4.767, 7.623, 9.08, 10.388, 9.502, 7.963, 6.801, 6.324, 5.424, 5.217, 5.195, 4.597, 4.397, 5.273, 5.651, 6.391, 5.957, 4.553, 4.497, 4.106, 4.568, 4.848, 5.125, 5.004, 5.395, 5.526, 4.817, 4.853, 5.714, 5.015, 4.521, 3.703, 4.134, 5.555, 5.386, 6.114, 8.373, 12.412, 15.812, 15.641, 15.234, 14.838, 12.794, 10.381, 8.521, 5.779, 3.482, 3.141, 3.932, 3.785, 3.661, 3.788, 4.86, 4.96, 4.664, 4.638, 4.369, 4.002, 3.84, 3.634, 3.472, 3.177, 2.939, 4.273, 6.382, 8.386, 8.536, 8.55, 7.521, 7.013, 7.642, 8.121, 7.682, 7.487, 7.789, 7.457, 5.654, 4.237, 4.886, 5.579, 5.331, 4.143, 2.794, 2.443, 1.911, 1.76, 3.774, 5.157, 6.065, 7.289, 9.08, 9.234, 7.179, 7.221, 7.274, 6.747, 6.519, 5.169, 4.137, 3.531, 3.941, 4.585, 4.806, 4.159, 4.291, 4.194, 3.299, 2.519], [2.951, 3.108, 5.66, 9.048, 7.915, 5.819, 5.885, 7.193, 8.803, 9.43, 8.53, 7.622, 6.468, 3.675, 1.948, 1.313, 1.276, 1.402, 1.307, 1.249, 0.0, 0.939, 1.21, 2.171, 2.706, 3.034, 2.923, 2.637, 2.149, 1.918, 3.222, 3.315, 3.813, 3.314, 2.456, 2.49, 3.741, 3.373, 3.994, 6.886, 8.294, 9.588, 8.79, 7.203, 6.108, 5.463, 4.729, 4.628, 4.636, 3.953, 3.793, 4.791, 5.019, 5.843, 5.418, 4.098, 4.207, 3.875, 4.437, 4.716, 5.0, 4.742, 4.914, 5.056, 4.385, 4.407, 5.199, 4.549, 4.127, 3.475, 3.801, 5.037, 4.788, 5.431, 7.688, 11.612, 15.026, 14.896, 14.508, 14.079, 12.203, 9.922, 7.914, 5.039, 2.733, 2.639, 3.346, 3.245, 3.228, 3.277, 4.207, 4.257, 4.01, 4.146, 3.967, 3.671, 3.557, 3.184, 3.002, 2.976, 2.846, 3.62, 5.663, 7.819, 7.99, 7.965, 6.872, 6.397, 6.905, 7.391, 6.927, 6.731, 7.048, 6.702, 4.949, 3.65, 4.4, 5.043, 4.712, 3.535, 2.203, 2.266, 2.347, 1.596, 3.057, 4.523, 5.535, 6.707, 8.352, 8.506, 6.503, 6.521, 6.575, 6.04, 5.878, 4.494, 3.411, 2.82, 3.24, 3.818, 4.074, 3.451, 3.7, 3.512, 2.597, 1.905], [3.394, 3.462, 6.162, 9.541, 8.279, 6.089, 6.399, 7.745, 9.277, 9.891, 8.917, 7.975, 6.978, 4.077, 2.254, 1.496, 1.551, 1.74, 1.235, 1.213, 0.939, 0.0, 1.156, 2.19, 2.957, 2.938, 2.774, 2.708, 2.084, 2.027, 3.356, 3.275, 3.535, 3.072, 2.748, 2.936, 4.088, 3.673, 4.421, 7.2, 8.618, 9.981, 9.113, 7.618, 6.559, 6.006, 5.211, 4.924, 4.925, 4.438, 4.164, 5.172, 5.515, 6.384, 5.956, 4.485, 4.306, 3.987, 4.529, 4.816, 5.09, 4.688, 5.193, 5.331, 4.625, 4.906, 5.769, 5.026, 4.625, 3.71, 4.071, 5.575, 5.2, 5.794, 8.041, 12.024, 15.403, 15.357, 15.026, 14.595, 12.629, 10.433, 8.348, 5.51, 3.27, 3.063, 3.878, 3.553, 3.412, 3.415, 4.617, 4.651, 4.263, 4.336, 4.034, 3.701, 3.585, 3.446, 3.219, 3.083, 2.973, 3.934, 6.102, 8.217, 8.395, 8.421, 7.354, 6.843, 7.41, 7.888, 7.38, 7.099, 7.39, 7.076, 5.347, 4.218, 4.916, 5.562, 5.127, 4.012, 2.674, 2.34, 2.275, 1.666, 3.439, 5.076, 6.03, 7.168, 8.855, 9.005, 7.058, 6.99, 7.149, 6.526, 6.303, 4.977, 3.799, 3.209, 3.571, 4.139, 4.571, 3.8, 3.934, 3.798, 3.0, 2.368], [3.13, 3.475, 5.752, 9.395, 8.078, 5.755, 6.079, 7.396, 9.09, 9.708, 8.762, 7.878, 6.81, 4.005, 2.218, 1.55, 1.669, 1.648, 1.433, 1.497, 1.21, 1.156, 0.0, 1.816, 2.616, 2.619, 2.737, 2.446, 1.967, 1.687, 2.896, 3.064, 3.821, 3.435, 2.911, 2.698, 3.943, 3.743, 4.425, 7.096, 8.533, 9.907, 8.987, 7.466, 6.451, 5.86, 5.025, 4.439, 4.39, 3.929, 3.909, 4.787, 5.162, 6.117, 5.688, 3.942, 3.697, 3.583, 4.267, 4.483, 4.803, 4.287, 4.771, 5.025, 4.295, 4.433, 5.41, 4.747, 4.454, 3.461, 3.655, 5.116, 4.782, 5.516, 7.788, 11.925, 15.271, 15.212, 14.904, 14.477, 12.423, 10.165, 8.153, 5.262, 2.937, 2.802, 3.507, 3.099, 2.864, 3.004, 4.258, 4.427, 4.061, 4.195, 3.902, 3.513, 3.361, 3.361, 3.414, 3.31, 3.104, 3.714, 5.694, 8.039, 8.192, 8.211, 7.15, 6.655, 7.014, 7.48, 7.016, 6.822, 7.171, 6.806, 5.056, 3.825, 4.495, 5.298, 4.981, 3.814, 2.601, 2.451, 2.524, 1.861, 3.128, 4.749, 5.81, 6.983, 8.47, 8.802, 6.67, 6.695, 6.771, 6.136, 5.998, 4.658, 3.463, 3.017, 3.293, 3.884, 4.212, 3.608, 3.787, 3.599, 2.785, 2.281], [2.925, 3.046, 4.833, 8.302, 6.923, 4.898, 5.16, 6.444, 8.081, 8.677, 7.757, 6.782, 5.72, 2.911, 1.572, 1.8, 1.694, 1.943, 2.409, 2.729, 2.171, 2.19, 1.816, 0.0, 1.344, 1.776, 2.546, 1.947, 1.271, 2.103, 3.215, 3.989, 5.297, 4.837, 3.317, 1.7, 2.796, 2.511, 3.241, 5.743, 7.245, 8.714, 7.612, 6.095, 5.357, 4.711, 3.842, 3.327, 3.355, 2.927, 3.033, 3.984, 4.22, 5.051, 4.581, 3.149, 3.217, 3.467, 4.026, 4.149, 4.418, 3.942, 3.932, 4.385, 3.787, 3.299, 4.416, 3.708, 3.392, 2.532, 2.798, 4.061, 3.641, 3.994, 6.497, 10.732, 14.038, 13.93, 13.639, 13.211, 11.337, 9.131, 7.137, 4.288, 2.034, 2.051, 2.599, 2.303, 2.158, 2.569, 3.402, 3.656, 3.487, 3.801, 3.96, 3.669, 3.557, 3.587, 3.592, 3.587, 3.153, 3.016, 4.703, 7.046, 7.154, 7.188, 6.153, 5.66, 6.131, 6.6, 6.116, 6.163, 6.553, 6.034, 4.526, 2.913, 3.55, 4.266, 3.935, 2.897, 2.651, 3.402, 3.938, 3.16, 2.403, 3.752, 4.742, 5.97, 7.552, 7.803, 5.741, 5.723, 5.894, 5.224, 4.925, 3.631, 3.039, 2.806, 2.757, 2.75, 3.382, 3.579, 3.61, 3.281, 2.349, 2.376], [3.279, 3.523, 5.051, 8.405, 6.984, 5.244, 5.377, 6.614, 8.249, 8.824, 7.938, 6.978, 5.898, 3.196, 1.978, 2.517, 2.335, 2.36, 3.249, 3.458, 2.706, 2.957, 2.616, 1.344, 0.0, 1.597, 2.483, 2.138, 1.65, 2.698, 3.747, 4.599, 6.038, 5.614, 3.841, 1.991, 2.711, 2.581, 3.41, 5.569, 7.154, 8.599, 7.3, 6.05, 5.454, 4.736, 3.976, 3.525, 3.645, 3.098, 3.168, 4.26, 4.422, 5.321, 4.89, 3.498, 3.636, 3.951, 4.551, 4.747, 4.907, 4.243, 4.224, 4.817, 4.193, 3.536, 4.688, 4.009, 3.513, 2.855, 3.134, 4.339, 3.898, 3.851, 6.603, 10.744, 13.865, 13.912, 13.627, 13.163, 11.424, 9.246, 7.258, 4.452, 2.336, 2.152, 2.74, 2.473, 2.581, 3.045, 3.804, 3.907, 3.95, 4.207, 4.394, 4.2, 4.173, 3.982, 4.203, 4.273, 3.834, 3.495, 4.851, 7.218, 7.294, 7.378, 6.315, 5.841, 6.313, 6.779, 6.341, 6.486, 6.889, 6.373, 4.891, 3.325, 3.774, 4.589, 4.109, 3.171, 2.979, 4.103, 4.503, 3.711, 2.695, 3.988, 5.05, 6.163, 7.734, 7.971, 5.864, 5.928, 6.112, 5.466, 5.079, 3.801, 3.26, 3.115, 3.001, 3.024, 3.631, 3.814, 3.982, 3.596, 2.745, 3.024], [3.061, 3.428, 5.242, 8.714, 7.325, 5.105, 5.593, 6.891, 8.534, 9.1, 8.204, 7.237, 6.157, 3.829, 2.709, 2.685, 2.736, 2.757, 3.366, 3.58, 3.034, 2.938, 2.619, 1.776, 1.597, 0.0, 1.584, 1.408, 1.453, 2.723, 3.691, 4.39, 5.758, 5.298, 3.923, 3.064, 3.552, 3.613, 4.208, 5.951, 7.499, 8.964, 7.725, 6.392, 5.761, 5.07, 4.226, 3.685, 3.652, 3.395, 3.449, 4.22, 4.618, 5.527, 5.052, 3.318, 2.924, 3.328, 4.052, 4.237, 4.206, 3.472, 3.72, 4.228, 3.485, 3.652, 4.887, 4.167, 3.736, 2.678, 3.068, 4.465, 4.011, 4.07, 6.896, 11.043, 14.209, 14.271, 13.958, 13.503, 11.724, 9.546, 7.551, 4.711, 2.407, 2.346, 2.994, 2.718, 2.734, 2.583, 3.656, 3.765, 3.486, 3.582, 3.633, 3.485, 3.361, 3.531, 4.043, 3.907, 3.522, 3.071, 5.11, 7.512, 7.606, 7.664, 6.617, 6.128, 6.566, 7.032, 6.513, 6.183, 6.5, 6.164, 4.364, 3.3, 3.972, 4.785, 4.354, 3.297, 3.376, 3.971, 4.485, 3.756, 2.552, 4.217, 5.247, 6.45, 7.998, 8.228, 6.164, 6.159, 6.365, 5.652, 5.298, 4.068, 3.03, 3.034, 2.961, 3.064, 3.733, 3.219, 3.467, 2.978, 2.582, 3.096], [3.526, 4.035, 5.434, 8.471, 7.273, 5.074, 5.431, 6.742, 8.307, 8.902, 7.96, 6.977, 5.928, 4.289, 3.461, 2.87, 3.013, 3.079, 3.341, 3.483, 2.923, 2.774, 2.737, 2.546, 2.483, 1.584, 0.0, 1.802, 2.123, 3.217, 4.45, 4.668, 5.672, 5.256, 4.267, 3.728, 4.223, 4.068, 4.676, 5.659, 7.192, 8.561, 7.447, 6.21, 5.513, 4.792, 3.99, 3.63, 3.676, 3.54, 3.789, 4.404, 4.622, 5.353, 5.0, 3.577, 3.64, 4.094, 4.862, 5.09, 5.097, 4.199, 3.877, 3.976, 3.489, 3.969, 4.712, 4.179, 4.177, 3.18, 3.434, 4.457, 3.943, 4.057, 6.711, 10.681, 13.844, 14.069, 13.674, 13.217, 11.544, 9.348, 7.371, 4.501, 2.803, 2.933, 3.325, 3.248, 3.37, 2.983, 3.853, 4.19, 3.819, 4.131, 4.029, 3.796, 3.323, 3.394, 3.858, 4.09, 3.752, 3.365, 5.102, 7.316, 7.476, 7.49, 6.41, 5.924, 6.463, 6.946, 6.438, 6.135, 6.431, 6.121, 4.284, 3.396, 3.832, 4.578, 4.115, 3.554, 3.846, 4.233, 4.558, 3.839, 3.006, 4.104, 5.067, 6.264, 7.885, 7.979, 6.08, 6.053, 6.2, 5.596, 5.252, 4.048, 3.274, 3.411, 3.136, 2.981, 3.716, 3.028, 3.324, 3.085, 3.107, 3.382], [2.622, 2.901, 4.338, 7.773, 6.603, 4.306, 4.74, 6.025, 7.61, 8.21, 7.256, 6.29, 5.244, 3.274, 2.404, 2.272, 2.297, 2.466, 3.21, 3.276, 2.637, 2.708, 2.446, 1.947, 2.138, 1.408, 1.802, 0.0, 1.346, 2.492, 3.49, 4.133, 5.459, 4.997, 3.611, 2.692, 3.184, 3.256, 3.775, 5.275, 6.714, 8.105, 7.198, 5.651, 4.81, 4.14, 3.327, 3.039, 2.976, 2.927, 2.488, 3.309, 3.745, 4.698, 4.248, 2.556, 2.814, 3.119, 4.124, 4.209, 4.318, 3.358, 3.269, 3.665, 3.02, 3.037, 4.055, 3.535, 2.913, 1.963, 2.371, 3.769, 3.375, 3.845, 6.194, 10.151, 13.521, 13.461, 13.06, 12.647, 10.844, 8.653, 6.671, 3.799, 1.626, 1.677, 2.271, 2.26, 2.308, 2.041, 2.846, 2.998, 2.784, 3.13, 3.415, 3.172, 3.327, 3.391, 3.839, 3.698, 3.156, 2.511, 4.288, 6.619, 6.788, 6.807, 5.717, 5.233, 5.671, 6.127, 5.605, 5.336, 5.719, 5.324, 3.631, 2.763, 3.265, 3.938, 3.412, 2.709, 2.864, 3.59, 4.219, 3.419, 2.028, 3.367, 4.392, 5.573, 7.111, 7.296, 5.321, 5.293, 5.476, 4.794, 4.554, 3.279, 2.691, 2.759, 2.667, 2.535, 3.023, 2.857, 3.329, 2.425, 2.295, 2.741], [2.426, 2.574, 4.999, 8.475, 7.206, 4.883, 5.398, 6.692, 8.269, 8.87, 7.953, 6.996, 5.946, 3.055, 1.861, 1.877, 1.928, 2.113, 2.517, 2.724, 2.149, 2.084, 1.967, 1.271, 1.65, 1.453, 2.123, 1.346, 0.0, 2.097, 2.964, 3.584, 4.965, 4.556, 2.995, 2.199, 2.952, 2.893, 3.471, 5.957, 7.435, 8.914, 7.856, 6.299, 5.524, 4.922, 4.017, 3.582, 3.567, 3.185, 3.154, 4.175, 4.434, 5.354, 4.913, 3.341, 2.885, 2.849, 3.505, 3.71, 3.811, 3.222, 3.693, 4.073, 3.383, 3.617, 4.74, 4.015, 3.484, 2.5, 3.043, 4.417, 3.921, 4.287, 6.7, 10.943, 14.241, 14.128, 13.847, 13.418, 11.512, 9.317, 7.323, 4.514, 2.124, 1.98, 2.802, 2.348, 2.179, 2.136, 3.414, 3.455, 3.208, 3.331, 3.426, 2.894, 3.125, 3.118, 3.247, 3.166, 2.687, 2.831, 4.944, 7.262, 7.415, 7.447, 6.379, 5.878, 6.355, 6.81, 6.288, 5.952, 6.303, 5.925, 4.168, 3.154, 3.835, 4.615, 4.127, 3.059, 2.447, 3.135, 3.648, 2.828, 2.261, 4.05, 5.062, 6.221, 7.794, 8.01, 5.992, 5.961, 6.187, 5.483, 5.175, 3.901, 2.702, 2.329, 2.597, 2.973, 3.516, 3.044, 3.189, 2.764, 2.044, 2.255], [3.596, 3.785, 6.283, 9.913, 8.551, 6.307, 6.692, 7.999, 9.654, 10.244, 9.338, 8.396, 7.297, 4.242, 2.155, 1.74, 1.62, 1.39, 1.914, 2.233, 1.918, 2.027, 1.687, 2.103, 2.698, 2.723, 3.217, 2.492, 2.097, 0.0, 1.94, 2.534, 3.737, 3.476, 2.83, 3.112, 4.248, 3.972, 4.776, 7.49, 9.011, 10.379, 9.347, 7.75, 6.956, 6.339, 5.449, 4.931, 4.835, 4.372, 4.417, 5.245, 5.721, 6.637, 6.171, 4.358, 3.74, 3.016, 3.228, 3.428, 3.723, 3.908, 5.021, 5.593, 4.835, 4.733, 5.898, 5.234, 4.548, 3.362, 4.083, 5.569, 5.319, 5.876, 8.353, 12.411, 15.787, 15.539, 15.164, 14.726, 12.915, 10.689, 8.679, 5.86, 3.363, 3.114, 3.976, 3.56, 3.24, 3.54, 4.714, 4.844, 4.555, 4.617, 4.462, 3.784, 4.084, 4.059, 3.961, 3.16, 3.039, 4.319, 6.172, 8.622, 8.66, 8.787, 7.735, 7.242, 7.63, 8.093, 7.581, 7.381, 7.773, 7.361, 5.644, 4.318, 4.958, 5.816, 5.55, 4.427, 2.697, 2.381, 2.881, 2.433, 3.63, 5.273, 6.343, 7.569, 9.064, 9.382, 7.241, 7.28, 7.394, 6.671, 6.437, 5.194, 3.932, 3.602, 3.877, 4.512, 4.802, 4.34, 4.451, 4.326, 3.455, 2.683], [4.106, 4.075, 6.755, 10.738, 9.397, 6.862, 7.351, 8.648, 10.44, 11.073, 10.212, 9.334, 8.208, 5.31, 3.103, 2.978, 2.998, 2.864, 2.952, 3.243, 3.222, 3.356, 2.896, 3.215, 3.747, 3.691, 4.45, 3.49, 2.964, 1.94, 0.0, 1.402, 2.748, 3.261, 3.201, 3.777, 5.202, 4.913, 5.634, 8.443, 9.942, 11.312, 10.341, 8.729, 7.78, 7.206, 6.324, 5.901, 5.643, 5.173, 5.085, 5.883, 6.399, 7.382, 6.911, 4.977, 4.274, 3.414, 3.142, 2.887, 3.685, 4.323, 5.642, 6.025, 5.268, 5.618, 6.751, 6.206, 5.628, 4.431, 4.873, 6.38, 6.306, 6.935, 9.255, 13.34, 16.709, 16.411, 16.078, 15.671, 13.72, 11.494, 9.523, 6.72, 4.203, 3.825, 4.654, 4.151, 3.804, 4.008, 5.21, 5.284, 4.977, 4.996, 4.884, 4.169, 4.702, 4.784, 4.65, 3.652, 3.239, 4.703, 6.759, 9.396, 9.415, 9.482, 8.492, 7.97, 8.186, 8.596, 8.052, 7.774, 8.116, 7.771, 6.024, 5.089, 5.749, 6.613, 6.412, 5.088, 3.201, 2.899, 3.26, 3.182, 4.164, 5.964, 7.071, 8.237, 9.664, 10.212, 7.883, 7.903, 8.063, 7.339, 7.156, 5.851, 4.368, 4.064, 4.463, 5.229, 5.453, 4.807, 4.803, 4.609, 3.907, 3.271], [4.202, 4.145, 7.12, 11.232, 9.92, 7.246, 7.793, 9.149, 10.898, 11.549, 10.607, 9.893, 8.71, 5.962, 3.916, 3.388, 3.558, 3.417, 3.27, 3.101, 3.315, 3.275, 3.064, 3.989, 4.599, 4.39, 4.668, 4.133, 3.584, 2.534, 1.402, 0.0, 1.982, 2.527, 2.987, 4.339, 5.87, 5.683, 6.338, 9.241, 10.639, 11.91, 11.153, 9.587, 8.255, 7.689, 7.022, 6.619, 6.194, 5.816, 5.441, 6.246, 6.788, 7.762, 7.315, 5.33, 4.488, 3.656, 3.135, 3.05, 3.896, 4.507, 5.944, 5.992, 5.112, 6.171, 7.177, 6.627, 6.273, 4.848, 5.239, 6.79, 6.983, 7.778, 10.009, 13.981, 17.413, 17.263, 16.835, 16.42, 14.399, 11.963, 10.056, 7.133, 4.672, 4.307, 5.165, 4.453, 4.138, 4.082, 5.511, 5.5, 5.128, 4.959, 4.627, 4.02, 4.427, 4.402, 4.267, 3.324, 2.98, 4.704, 7.259, 9.736, 9.954, 9.915, 8.873, 8.387, 8.473, 8.859, 8.302, 7.849, 8.18, 7.855, 6.203, 5.424, 6.207, 6.96, 6.878, 5.364, 3.389, 2.612, 2.741, 2.661, 4.404, 6.273, 7.403, 8.533, 10.068, 10.64, 8.249, 8.202, 8.373, 7.76, 7.657, 6.376, 4.759, 4.284, 4.831, 5.878, 5.819, 4.761, 4.692, 4.765, 4.048, 3.448], [4.65, 4.679, 7.722, 12.464, 11.171, 8.226, 9.042, 10.378, 12.095, 12.762, 11.816, 11.208, 9.886, 7.201, 5.155, 4.346, 4.533, 4.263, 3.428, 3.311, 3.813, 3.535, 3.821, 5.297, 6.038, 5.758, 5.672, 5.459, 4.965, 3.737, 2.748, 1.982, 0.0, 1.609, 3.459, 5.61, 7.257, 7.013, 7.666, 10.568, 11.966, 13.237, 12.474, 10.852, 9.518, 8.905, 8.26, 7.964, 7.373, 7.054, 6.243, 7.05, 7.81, 8.706, 8.014, 5.795, 5.242, 4.45, 3.998, 4.073, 4.96, 5.57, 6.679, 6.648, 5.737, 7.202, 8.142, 7.613, 7.466, 5.986, 6.079, 7.595, 8.265, 9.082, 11.31, 15.298, 18.731, 18.507, 18.014, 17.631, 15.651, 13.006, 11.366, 8.419, 5.867, 5.331, 6.151, 5.328, 4.929, 4.914, 6.087, 6.038, 5.612, 5.423, 5.091, 4.594, 4.692, 4.524, 4.174, 3.489, 3.448, 5.389, 8.19, 10.812, 11.185, 11.133, 10.093, 9.55, 9.386, 9.567, 8.855, 8.345, 8.704, 8.467, 6.697, 6.143, 7.001, 7.892, 8.143, 6.459, 3.98, 2.778, 2.324, 2.708, 5.33, 7.063, 8.232, 9.535, 11.074, 11.827, 9.444, 9.03, 9.172, 8.745, 8.565, 7.602, 5.614, 4.926, 6.034, 7.192, 6.867, 5.419, 5.24, 5.438, 5.017, 4.066], [3.649, 3.62, 6.666, 11.879, 10.583, 7.607, 8.444, 9.78, 11.497, 12.158, 11.199, 10.61, 9.243, 6.593, 4.547, 3.748, 3.929, 3.653, 2.9, 3.043, 3.314, 3.072, 3.435, 4.837, 5.614, 5.298, 5.256, 4.997, 4.556, 3.476, 3.261, 2.527, 1.609, 0.0, 2.284, 5.111, 6.772, 6.432, 7.081, 9.984, 11.381, 12.652, 11.877, 10.262, 8.933, 8.323, 7.759, 7.5, 6.888, 6.531, 5.497, 6.218, 7.271, 8.086, 7.078, 4.794, 4.25, 3.573, 3.182, 3.623, 4.249, 4.65, 5.617, 5.54, 4.646, 6.701, 7.593, 7.004, 6.902, 5.513, 5.422, 6.936, 7.717, 8.557, 10.798, 14.699, 18.133, 17.922, 17.42, 17.044, 15.064, 12.406, 10.788, 7.823, 5.322, 4.789, 5.467, 4.691, 4.257, 4.261, 5.094, 5.036, 4.447, 4.169, 3.777, 3.372, 3.497, 3.263, 2.874, 2.193, 2.476, 4.642, 7.547, 10.202, 10.595, 10.548, 9.498, 8.964, 8.663, 8.771, 7.908, 7.193, 7.501, 7.289, 5.511, 5.409, 6.201, 7.091, 7.545, 5.853, 3.207, 1.808, 1.858, 2.036, 4.572, 6.275, 7.324, 8.904, 10.455, 11.222, 8.859, 8.189, 8.455, 8.094, 7.828, 7.004, 4.981, 4.081, 5.45, 6.609, 6.253, 4.603, 4.005, 4.652, 4.389, 3.358], [1.942, 1.673, 4.731, 9.828, 8.447, 5.484, 6.38, 7.693, 9.421, 10.025, 9.147, 8.517, 7.133, 4.462, 2.474, 2.382, 2.57, 2.4, 2.906, 2.876, 2.456, 2.748, 2.911, 3.317, 3.841, 3.923, 4.267, 3.611, 2.995, 2.83, 3.201, 2.987, 3.459, 2.284, 0.0, 3.113, 4.817, 4.417, 4.956, 7.848, 9.273, 10.586, 9.742, 8.167, 6.86, 6.34, 5.953, 5.718, 4.988, 4.522, 3.668, 4.618, 5.452, 6.281, 5.278, 3.374, 2.991, 2.669, 2.637, 3.169, 3.32, 3.363, 3.77, 3.758, 3.193, 4.909, 5.726, 5.151, 4.947, 4.276, 3.958, 5.108, 5.756, 6.579, 8.784, 12.629, 16.032, 15.81, 15.341, 14.909, 12.945, 10.451, 8.69, 5.79, 3.511, 3.024, 3.688, 3.23, 2.739, 2.746, 3.336, 3.021, 2.82, 2.722, 2.487, 2.146, 2.439, 2.122, 2.055, 1.326, 1.653, 2.737, 5.407, 8.133, 8.459, 8.437, 7.432, 6.956, 6.766, 6.806, 6.079, 5.376, 5.539, 5.289, 3.605, 3.724, 4.267, 5.112, 5.474, 3.855, 1.414, 1.16, 2.13, 1.503, 2.946, 4.497, 5.479, 6.964, 8.355, 9.155, 6.778, 6.308, 6.443, 5.969, 5.692, 4.865, 2.872, 2.091, 3.484, 4.5, 4.168, 2.603, 2.258, 2.598, 2.497, 1.73], [2.598, 2.601, 3.748, 7.21, 5.759, 4.224, 4.258, 5.145, 6.913, 7.503, 6.613, 5.788, 4.723, 1.989, 1.596, 2.267, 2.283, 2.64, 3.213, 3.143, 2.49, 2.936, 2.698, 1.7, 1.991, 3.064, 3.728, 2.692, 2.199, 3.112, 3.777, 4.339, 5.61, 5.111, 3.113, 0.0, 2.069, 1.872, 2.28, 4.971, 6.459, 7.846, 6.928, 5.388, 4.236, 3.753, 3.258, 3.138, 2.888, 1.961, 2.088, 3.109, 3.261, 3.902, 3.517, 2.894, 3.472, 3.738, 4.413, 4.419, 4.649, 4.266, 3.843, 4.219, 3.827, 2.644, 3.338, 2.889, 2.681, 2.46, 2.351, 3.123, 3.052, 3.679, 5.925, 9.952, 13.324, 13.098, 12.746, 12.326, 10.281, 8.034, 5.974, 3.209, 1.8, 1.648, 1.766, 1.826, 2.069, 2.643, 2.909, 2.948, 3.191, 3.676, 4.031, 3.787, 3.927, 3.715, 3.638, 3.805, 3.361, 2.555, 3.537, 5.692, 5.773, 5.843, 4.863, 4.441, 5.03, 5.387, 5.022, 5.44, 5.831, 5.241, 4.076, 2.421, 2.625, 3.133, 2.964, 2.004, 2.281, 3.568, 4.148, 3.243, 2.063, 2.569, 3.544, 4.591, 6.23, 6.659, 4.35, 4.602, 4.648, 4.101, 3.848, 2.352, 2.483, 2.261, 2.194, 2.226, 2.557, 3.021, 3.454, 2.779, 1.89, 2.259], [4.018, 3.943, 4.203, 5.906, 5.195, 5.509, 5.356, 5.481, 5.842, 6.329, 5.402, 4.519, 3.794, 2.228, 2.971, 3.434, 3.372, 3.803, 4.435, 4.334, 3.741, 4.088, 3.943, 2.796, 2.711, 3.552, 4.223, 3.184, 2.952, 4.248, 5.202, 5.87, 7.257, 6.772, 4.817, 2.069, 0.0, 1.839, 1.934, 3.909, 5.065, 6.444, 5.318, 3.89, 3.544, 3.315, 3.154, 3.512, 3.799, 2.703, 2.952, 3.342, 3.317, 3.572, 3.433, 3.834, 4.421, 5.01, 5.832, 5.687, 5.827, 5.239, 4.755, 5.242, 4.804, 3.041, 3.143, 2.861, 2.298, 2.808, 3.187, 3.789, 3.356, 3.315, 4.618, 8.549, 11.925, 11.591, 11.343, 10.907, 8.956, 6.807, 4.966, 3.584, 2.641, 2.687, 2.544, 2.911, 3.163, 3.771, 3.963, 3.916, 4.114, 4.719, 5.219, 5.136, 5.115, 4.814, 5.134, 5.327, 4.798, 3.658, 4.236, 4.902, 4.845, 4.931, 4.567, 4.727, 6.198, 6.546, 6.082, 6.667, 7.066, 6.502, 5.454, 3.619, 3.751, 3.807, 3.328, 2.959, 3.893, 5.195, 5.747, 4.856, 3.231, 3.282, 3.6, 4.361, 6.321, 5.894, 5.072, 5.62, 5.562, 5.009, 4.729, 3.387, 3.783, 3.625, 3.245, 3.192, 3.726, 4.386, 4.775, 4.089, 3.306, 3.912], [3.988, 3.751, 4.792, 6.734, 5.866, 5.413, 5.269, 5.889, 6.751, 7.341, 6.219, 5.327, 4.122, 1.989, 2.476, 2.952, 2.766, 3.091, 4.032, 4.073, 3.373, 3.673, 3.743, 2.511, 2.581, 3.613, 4.068, 3.256, 2.893, 3.972, 4.913, 5.683, 7.013, 6.432, 4.417, 1.872, 1.839, 0.0, 1.425, 3.633, 5.31, 6.577, 5.529, 4.57, 4.05, 3.685, 3.614, 3.905, 4.095, 2.997, 3.188, 4.055, 4.15, 4.319, 4.102, 4.139, 4.803, 5.039, 5.853, 5.674, 5.995, 5.552, 5.093, 5.432, 5.068, 3.768, 4.136, 3.555, 2.793, 3.17, 3.541, 4.252, 3.591, 3.606, 5.575, 8.727, 11.968, 12.02, 11.677, 11.223, 9.712, 7.649, 5.909, 3.799, 2.721, 2.937, 2.793, 3.291, 3.392, 3.98, 4.106, 4.081, 4.242, 4.982, 5.463, 5.216, 5.449, 5.183, 5.031, 5.134, 4.585, 3.811, 4.678, 5.887, 5.838, 5.926, 5.225, 5.03, 6.161, 6.593, 6.176, 6.583, 6.968, 6.404, 5.472, 3.724, 3.857, 4.089, 3.353, 2.893, 3.558, 4.902, 5.56, 4.646, 3.368, 3.675, 4.094, 5.025, 7.086, 6.773, 5.383, 5.641, 5.747, 5.16, 4.936, 3.401, 3.852, 3.601, 3.244, 2.945, 3.603, 4.409, 4.843, 4.002, 3.206, 3.353], [4.201, 4.096, 4.332, 5.947, 5.197, 5.083, 4.896, 5.265, 5.946, 6.518, 5.538, 4.702, 3.533, 1.889, 3.055, 3.666, 3.422, 3.898, 4.847, 4.767, 3.994, 4.421, 4.425, 3.241, 3.41, 4.208, 4.676, 3.775, 3.471, 4.776, 5.634, 6.338, 7.666, 7.081, 4.956, 2.28, 1.934, 1.425, 0.0, 3.145, 4.718, 5.801, 4.987, 4.163, 3.356, 3.303, 3.696, 4.22, 4.342, 3.051, 3.648, 4.108, 4.196, 3.975, 3.678, 4.532, 5.201, 5.618, 6.31, 6.158, 6.408, 6.133, 5.528, 5.825, 5.443, 3.742, 3.804, 3.28, 3.032, 3.6, 3.854, 4.249, 3.609, 3.547, 5.184, 7.979, 11.327, 11.394, 11.054, 10.603, 9.236, 7.202, 5.279, 3.57, 3.149, 3.347, 3.169, 3.531, 3.82, 4.376, 4.437, 4.244, 4.527, 5.361, 5.66, 5.555, 5.741, 5.461, 5.466, 5.649, 5.269, 4.131, 4.214, 4.982, 5.079, 5.013, 4.307, 4.593, 5.804, 5.975, 5.654, 6.194, 6.714, 6.112, 5.347, 3.83, 3.981, 3.91, 3.224, 2.672, 3.926, 5.557, 6.215, 5.301, 3.634, 3.465, 3.754, 4.29, 6.206, 5.958, 4.658, 5.188, 5.26, 4.725, 4.663, 3.068, 3.767, 3.816, 3.537, 3.087, 3.423, 4.274, 4.91, 4.102, 3.286, 3.836], [6.627, 6.58, 4.354, 3.555, 2.846, 3.678, 3.279, 2.995, 3.604, 4.086, 3.107, 2.379, 1.846, 3.587, 5.686, 6.443, 6.217, 6.61, 7.549, 7.623, 6.886, 7.2, 7.096, 5.743, 5.569, 5.951, 5.659, 5.275, 5.957, 7.49, 8.443, 9.241, 10.568, 9.984, 7.848, 4.971, 3.909, 3.633, 3.145, 0.0, 2.093, 3.199, 2.471, 1.883, 2.207, 2.365, 3.068, 3.669, 3.676, 3.727, 4.631, 4.445, 4.108, 3.321, 3.664, 5.643, 7.176, 8.153, 9.178, 8.982, 9.024, 8.206, 5.837, 5.821, 6.455, 4.