[[0.0, 1.332, 1.509, 2.4, 4.481, 5.574, 3.763, 3.2, 3.519, 1.992, 3.219, 4.82, 4.838, 3.672, 5.189, 7.46, 7.425, 7.28, 5.974, 5.836, 6.344, 4.77, 4.269, 4.221, 3.618, 2.229, 3.026, 2.48, 1.808, 2.596, 2.792, 2.034, 2.461, 2.341, 3.397, 2.211, 2.602, 2.581, 2.515, 2.464, 2.013, 1.971, 3.056, 4.433, 4.565, 7.02, 8.628, 10.54, 11.203, 10.985, 7.454, 7.164, 2.546], [1.332, 0.0, 1.25, 2.382, 4.054, 5.156, 3.215, 2.725, 3.368, 1.834, 3.138, 4.671, 4.67, 3.689, 5.136, 7.404, 7.457, 7.265, 5.955, 5.842, 6.452, 4.58, 4.038, 3.996, 3.746, 1.76, 2.87, 2.317, 1.639, 2.624, 2.834, 1.549, 1.879, 1.918, 3.344, 2.171, 2.359, 2.326, 2.179, 1.958, 1.523, 1.505, 2.526, 4.136, 4.044, 6.369, 7.927, 9.929, 10.649, 10.26, 6.789, 6.534, 2.626], [1.509, 1.25, 0.0, 2.063, 4.102, 4.797, 3.293, 2.936, 3.218, 2.045, 3.694, 5.188, 5.145, 4.132, 5.565, 7.899, 7.855, 7.617, 6.259, 6.124, 6.677, 4.722, 4.271, 4.239, 3.977, 1.757, 2.466, 1.769, 1.27, 2.265, 2.611, 1.744, 2.315, 2.277, 3.671, 2.432, 2.901, 2.83, 2.684, 2.317, 1.823, 1.53, 2.138, 3.604, 3.609, 5.966, 7.495, 9.497, 10.203, 9.933, 6.395, 6.141, 2.255], [2.4, 2.382, 2.063, 0.0, 2.784, 3.41, 2.589, 1.937, 1.87, 2.432, 3.402, 3.708, 3.712, 3.067, 4.103, 6.432, 6.377, 6.176, 4.759, 4.618, 5.044, 3.389, 2.862, 2.851, 2.524, 1.804, 3.963, 3.309, 2.903, 3.976, 4.184, 2.955, 2.806, 2.55, 2.46, 2.558, 3.986, 3.717, 3.018, 2.761, 2.757, 2.144, 1.985, 2.771, 2.886, 5.17, 6.713, 8.605, 9.228, 9.263, 6.154, 5.824, 3.747], [4.481, 4.054, 4.102, 2.784, 0.0, 2.062, 2.443, 2.027, 2.047, 4.19, 4.948, 3.895, 3.662, 4.316, 3.18, 4.245, 4.285, 4.028, 2.704, 2.66, 3.279, 1.485, 1.613, 1.451, 2.202, 3.901, 6.167, 5.482, 4.773, 5.715, 6.411, 4.654, 4.479, 4.404, 2.932, 4.115, 5.618, 5.312, 4.57, 4.569, 4.734, 4.218, 4.016, 3.443, 3.47, 5.787, 6.743, 7.701, 8.262, 9.456, 7.965, 7.432, 6.004], [5.574, 5.156, 4.797, 3.41, 2.062, 0.0, 2.996, 2.855, 2.735, 5.346, 6.285, 5.133, 4.841, 5.706, 4.526, 4.573, 4.444, 4.119, 3.013, 2.883, 3.216, 2.228, 3.101, 3.022, 3.394, 4.394, 6.055, 5.454, 5.604, 6.534, 6.625, 5.52, 5.399, 5.152, 4.52, 5.572, 6.816, 6.603, 5.916, 5.323, 5.431, 4.93, 4.174, 3.434, 3.178, 5.125, 5.912, 6.433, 6.908, 8.954, 7.578, 7.021, 6.437], [3.763, 3.215, 3.293, 2.589, 2.443, 2.996, 0.0, 1.429, 2.536, 4.1, 4.951, 4.514, 4.427, 4.328, 3.992, 5.848, 5.829, 5.605, 4.359, 4.262, 4.849, 3.125, 2.889, 2.613, 2.486, 2.638, 4.548, 4.132, 4.034, 4.843, 4.82, 3.294, 2.976, 2.648, 2.883, 3.597, 4.367, 4.099, 3.566, 2.812, 3.04, 2.912, 2.813, 3.022, 2.456, 4.55, 5.723, 7.443, 8.174, 8.196, 6.348, 5.813, 4.984], [3.2, 2.725, 2.936, 1.937, 2.027, 2.855, 1.429, 0.0, 1.515, 3.426, 3.959, 3.475, 3.281, 3.347, 3.175, 5.448, 5.481, 5.284, 3.987, 3.939, 4.556, 2.725, 2.1, 2.07, 2.058, 2.33, 4.72, 4.201, 3.735, 4.598, 4.824, 3.168, 3.006, 2.69, 2.187, 3.088, 4.215, 3.904, 3.297, 2.889, 2.969, 2.666, 2.699, 2.84, 2.664, 5.237, 6.542, 8.146, 8.711, 8.94, 6.727, 6.179, 4.725], [3.519, 3.368, 3.218, 1.87, 2.047, 2.735, 2.536, 1.515, 0.0, 3.299, 3.839, 2.948, 2.716, 3.367, 2.849, 5.056, 5.097, 4.869, 3.551, 3.449, 3.882, 2.204, 1.883, 2.037, 2.256, 2.868, 5.15, 4.542, 4.083, 5.149, 5.442, 4.181, 4.046, 3.558, 2.753, 3.756, 5.277, 4.909, 4.162, 3.901, 3.855, 3.379, 2.852, 2.717, 2.834, 5.566, 6.859, 8.263, 8.85, 9.102, 6.892, 6.316, 4.64], [1.992, 1.834, 2.045, 2.432, 4.19, 5.346, 4.1, 3.426, 3.299, 0.0, 2.085, 3.59, 3.573, 2.732, 4.068, 6.448, 6.763, 6.462, 5.176, 4.935, 5.518, 4.095, 3.801, 3.729, 3.226, 2.434, 3.994, 3.235, 2.458, 3.581, 4.055, 2.833, 3.144, 3.098, 2.73, 2.228, 3.375, 2.986, 3.045, 2.971, 2.681, 2.416, 2.915, 3.994, 4.223, 6.735, 8.325, 10.193, 10.88, 10.57, 7.278, 6.94, 3.049], [3.219, 3.138, 3.694, 3.402, 4.948, 6.285, 4.951, 3.959, 3.839, 2.085, 0.0, 2.12, 2.407, 1.298, 2.971, 5.438, 6.168, 5.926, 4.932, 4.895, 5.64, 4.753, 3.744, 3.901, 3.938, 3.758, 5.714, 5.09, 4.176, 5.28, 5.734, 4.144, 4.204, 4.052, 2.897, 2.651, 4.335, 3.864, 3.773, 3.799, 3.948, 3.825, 4.563, 5.526, 5.664, 8.17, 9.85, 11.567, 12.143, 12.136, 8.798, 8.555, 4.72], [4.82, 4.671, 5.188, 3.708, 3.895, 5.133, 4.514, 3.475, 2.948, 3.59, 2.12, 0.0, 1.04, 1.465, 1.351, 3.687, 4.453, 4.366, 3.497, 3.472, 4.186, 3.426, 2.683, 2.822, 3.218, 4.553, 7.353, 6.634, 5.833, 6.957, 7.34, 5.662, 5.124, 4.714, 2.47, 3.839, 5.851, 5.291, 4.772, 4.848, 5.173, 4.902, 4.856, 4.875, 5.078, 7.723, 9.214, 10.654, 11.211, 11.454, 8.966, 8.541, 6.247], [4.838, 4.67, 5.145, 3.712, 3.662, 4.841, 4.427, 3.281, 2.716, 3.573, 2.407, 1.04, 0.0, 1.8, 1.368, 3.478, 4.189, 3.992, 3.06, 3.233, 3.971, 3.23, 2.428, 2.662, 3.286, 4.549, 7.303, 6.633, 5.796, 6.917, 7.303, 5.659, 5.165, 4.786, 2.578, 3.966, 5.98, 5.456, 4.946, 4.969, 5.224, 4.878, 4.965, 4.925, 5.102, 7.812, 9.107, 10.5, 11.1, 11.42, 9.166, 8.552, 6.33], [3.672, 3.689, 4.132, 3.067, 4.316, 5.706, 4.328, 3.347, 3.367, 2.732, 1.298, 1.465, 1.8, 0.0, 2.362, 4.879, 5.467, 5.288, 4.374, 4.181, 4.919, 3.968, 3.189, 3.231, 3.088, 3.718, 6.306, 5.574, 4.779, 5.9, 6.285, 4.646, 4.221, 3.77, 2.179, 2.892, 4.826, 4.278, 3.827, 3.956, 4.1, 3.911, 4.332, 4.832, 5.077, 7.697, 9.18, 10.816, 11.411, 11.488, 8.509, 8.223, 5.295], [5.189, 5.136, 5.565, 4.103, 3.18, 4.526, 3.992, 3.175, 2.849, 4.068, 2.971, 1.351, 1.368, 2.362, 0.0, 2.931, 3.584, 3.55, 2.806, 2.959, 3.839, 3.147, 2.197, 2.203, 2.99, 5.023, 7.747, 7.11, 6.219, 7.289, 7.824, 6.02, 5.266, 5.03, 2.423, 4.144, 6.028, 5.529, 5.126, 5.301, 5.794, 5.429, 5.407, 4.837, 5.029, 7.608, 8.907, 10.317, 10.907, 11.261, 9.491, 8.918, 6.987], [7.46, 7.404, 7.899, 6.432, 4.245, 4.573, 5.848, 5.448, 5.056, 6.448, 5.438, 3.687, 3.478, 4.879, 2.931, 0.0, 1.327, 1.649, 2.066, 2.58, 3.1, 3.624, 3.958, 3.774, 4.635, 7.326, 10.075, 9.429, 8.547, 9.624, 10.127, 8.313, 7.594, 7.314, 4.494, 5.954, 8.14, 7.525, 7.006, 7.466, 8.049, 7.749, 7.675, 6.843, 6.952, 9.281, 10.109, 10.431, 10.833, 12.942, 11.711, 11.157, 9.279], [7.425, 7.457, 7.855, 6.377, 4.285, 4.444, 5.829, 5.481, 5.097, 6.763, 6.168, 4.453, 4.189, 5.467, 3.584, 1.327, 0.0, 0.995, 1.928, 2.243, 2.7, 3.573, 4.004, 3.825, 4.606, 7.291, 10.005, 9.37, 8.552, 9.636, 10.096, 8.336, 7.61, 7.225, 4.85, 6.332, 8.113, 7.502, 7.137, 7.543, 8.014, 7.711, 7.617, 6.803, 6.934, 9.21, 10.008, 10.11, 10.472, 12.949, 11.659, 11.092, 9.309], [7.28, 7.265, 7.617, 6.176, 4.028, 4.119, 5.605, 5.284, 4.869, 6.462, 5.926, 4.366, 3.992, 5.288, 3.55, 1.649, 0.995, 0.0, 1.619, 1.916, 2.184, 3.352, 3.747, 3.61, 4.451, 7.101, 9.814, 9.138, 8.332, 9.381, 9.9, 8.11, 7.45, 7.15, 4.57, 6.263, 8.059, 7.543, 7.098, 7.349, 7.863, 7.548, 7.408, 6.544, 6.675, 8.98, 9.759, 9.85, 10.196, 12.695, 11.426, 10.868, 9.047], [5.974, 5.955, 6.259, 4.759, 2.704, 3.013, 4.359, 3.987, 3.551, 5.176, 4.932, 3.497, 3.06, 4.374, 2.806, 2.066, 1.928, 1.619, 0.0, 1.034, 1.665, 1.982, 2.539, 2.53, 3.176, 5.72, 8.435, 7.716, 6.975, 8.065, 8.528, 6.877, 6.32, 5.958, 3.759, 5.37, 7.116, 6.673, 6.15, 6.137, 6.491, 6.199, 6.002, 5.154, 5.329, 7.638, 8.442, 8.682, 9.172, 11.221, 9.99, 9.432, 7.606], [5.836, 5.842, 6.124, 4.618, 2.66, 2.883, 4.262, 3.939, 3.449, 4.935, 4.895, 3.472, 3.233, 4.181, 2.959, 2.58, 2.243, 1.916, 1.034, 0.0, 1.163, 1.666, 2.537, 2.396, 3.019, 5.603, 8.271, 7.544, 6.903, 7.969, 8.376, 6.821, 6.291, 5.883, 3.789, 5.338, 7.152, 6.68, 6.251, 6.204, 6.348, 5.999, 5.732, 4.834, 5.101, 7.387, 8.213, 8.403, 8.798, 10.978, 9.703, 9.124, 7.406], [6.344, 6.452, 6.677, 5.044, 3.279, 3.216, 4.849, 4.556, 3.882, 5.518, 5.64, 4.186, 3.971, 4.919, 3.839, 3.1, 2.7, 2.184, 1.665, 1.163, 0.0, 2.151, 3.301, 3.124, 3.473, 6.068, 8.765, 8.087, 7.489, 8.547, 8.876, 7.437, 6.911, 6.428, 4.59, 6.131, 7.881, 7.413, 6.93, 6.86, 6.839, 6.56, 6.024, 5.097, 5.374, 7.636, 8.461, 8.524, 8.793, 11.066, 9.849, 9.382, 7.599], [4.77, 4.58, 4.722, 3.389, 1.485, 2.228, 3.125, 2.725, 2.204, 4.095, 4.753, 3.426, 3.23, 3.968, 3.147, 3.624, 3.573, 3.352, 1.982, 1.666, 2.151, 0.0, 2.084, 1.701, 2.13, 4.259, 6.884, 6.131, 5.489, 6.572, 6.962, 5.567, 5.322, 4.86, 3.449, 4.708, 6.458, 6.016, 5.384, 5.274, 5.06, 4.651, 4.295, 3.461, 3.758, 6.108, 7.03, 7.531, 8.103, 9.642, 8.16, 7.67, 5.966], [4.269, 4.038, 4.271, 2.862, 1.613, 3.101, 2.889, 2.1, 1.883, 3.801, 3.744, 2.683, 2.428, 3.189, 2.197, 3.958, 4.004, 3.747, 2.539, 2.537, 3.301, 2.084, 0.0, 0.99, 2.109, 3.916, 6.447, 5.78, 4.928, 5.868, 6.602, 4.661, 4.431, 4.353, 2.209, 3.614, 5.337, 4.982, 4.306, 4.552, 4.723, 4.323, 4.364, 4.101, 4.349, 6.779, 7.887, 9.02, 9.593, 10.444, 8.526, 7.918, 6.005], [4.221, 3.996, 4.239, 2.851, 1.451, 3.022, 2.613, 2.07, 2.037, 3.729, 3.901, 2.822, 2.662, 3.231, 2.203, 3.774, 3.825, 3.61, 2.53, 2.396, 3.124, 1.701, 0.99, 0.0, 1.845, 3.868, 6.502, 5.806, 5.039, 6.006, 6.568, 4.734, 4.434, 4.275, 2.213, 3.741, 5.334, 4.95, 4.305, 4.493, 4.694, 4.317, 4.221, 3.791, 4.063, 6.483, 7.65, 8.738, 9.294, 10.072, 8.31, 7.786, 5.86], [3.618, 3.746, 3.977, 2.524, 2.202, 3.394, 2.486, 2.058, 2.256, 3.226, 3.938, 3.218, 3.286, 3.088, 2.99, 4.635, 4.606, 4.451, 3.176, 3.019, 3.473, 2.13, 2.109, 1.845, 0.0, 3.311, 6.189, 5.313, 4.647, 5.826, 6.152, 4.702, 4.232, 3.685, 2.117, 3.284, 5.051, 4.617, 3.966, 4.03, 4.056, 3.682, 3.177, 2.693, 3.244, 5.612, 6.812, 8.053, 8.601, 8.973, 7.234, 6.753, 4.969], [2.229, 1.76, 1.757, 1.804, 3.901, 4.394, 2.638, 2.33, 2.868, 2.434, 3.758, 4.553, 4.549, 3.718, 5.023, 7.326, 7.291, 7.101, 5.72, 5.603, 6.068, 4.259, 3.916, 3.868, 3.311, 0.0, 2.961, 2.472, 2.067, 2.958, 3.016, 2.024, 1.834, 1.485, 3.316, 2.617, 2.926, 2.642, 2.095, 1.794, 1.502, 1.213, 1.699, 3.253, 3.017, 5.378, 6.893, 8.896, 9.634, 9.006, 5.543, 5.231, 2.886], [3.026, 2.87, 2.466, 3.963, 6.167, 6.055, 4.548, 4.72, 5.15, 3.994, 5.714, 7.353, 7.303, 6.306, 7.747, 10.075, 10.005, 9.814, 8.435, 8.271, 8.765, 6.884, 6.447, 6.502, 6.189, 2.961, 0.0, 1.313, 1.972, 1.767, 1.215, 2.038, 2.86, 3.087, 5.888, 4.589, 2.866, 3.406, 3.558, 2.805, 2.383, 2.727, 3.469, 5.103, 4.425, 6.105, 7.642, 9.739, 10.421, 9.691, 6.176, 5.877, 2.898], [2.48, 2.317, 1.769, 3.309, 5.482, 5.454, 4.132, 4.201, 4.542, 3.235, 5.09, 6.634, 6.633, 5.574, 7.11, 9.429, 9.37, 9.138, 7.716, 7.544, 8.087, 6.131, 5.78, 5.806, 5.313, 2.472, 1.313, 0.0, 1.301, 1.975, 1.648, 1.7, 2.575, 2.604, 5.209, 3.902, 2.842, 3.076, 3.011, 2.48, 1.921, 2.08, 2.593, 4.192, 3.822, 5.957, 7.445, 9.511, 10.261, 9.633, 6.038, 5.705, 2.049], [1.808, 1.639, 1.27, 2.903, 4.773, 5.604, 4.034, 3.735, 4.083, 2.458, 4.176, 5.833, 5.796, 4.779, 6.219, 8.547, 8.552, 8.332, 6.975, 6.903, 7.489, 5.489, 4.928, 5.039, 4.647, 2.067, 1.972, 1.301, 0.0, 1.557, 2.044, 1.418, 2.33, 2.485, 4.285, 3.034, 2.378, 2.408, 2.265, 2.057, 1.768, 1.656, 2.798, 4.313, 4.295, 6.625, 8.112, 10.193, 10.931, 10.382, 6.826, 6.464, 2.144], [2.596, 2.624, 2.265, 3.976, 5.715, 6.534, 4.843, 4.598, 5.149, 3.581, 5.28, 6.957, 6.917, 5.9, 7.289, 9.624, 9.636, 9.381, 8.065, 7.969, 8.547, 6.572, 5.868, 6.006, 5.826, 2.958, 1.767, 1.975, 1.557, 0.0, 1.332, 1.939, 3.054, 3.182, 5.276, 4.062, 2.351, 2.845, 3.089, 2.843, 2.501, 2.628, 3.927, 5.575, 5.332, 7.626, 9.131, 11.227, 11.944, 11.221, 7.676, 7.391, 3.02], [2.792, 2.834, 2.611, 4.184, 6.411, 6.625, 4.82, 4.824, 5.442, 4.055, 5.734, 7.34, 7.303, 6.285, 7.824, 10.127, 10.096, 9.9, 8.528, 8.376, 8.876, 6.962, 6.602, 6.568, 6.152, 3.016, 1.215, 1.648, 2.044, 1.332, 0.0, 2.213, 3.078, 3.247, 6.018, 4.719, 2.805, 3.413, 3.608, 2.974, 2.366, 2.667, 3.643, 5.348, 4.673, 6.779, 8.347, 10.414, 11.1, 10.271, 6.702, 6.501, 2.867], [2.034, 1.549, 1.744, 2.955, 4.654, 5.52, 3.294, 3.168, 4.181, 2.833, 4.144, 5.662, 5.659, 4.646, 6.02, 8.313, 8.336, 8.11, 6.877, 6.821, 7.437, 5.567, 4.661, 4.734, 4.702, 2.024, 2.038, 1.7, 1.418, 1.939, 2.213, 0.0, 1.53, 1.818, 3.983, 2.689, 1.832, 1.966, 1.896, 1.413, 1.217, 1.464, 3.008, 4.918, 4.48, 6.763, 8.261, 10.316, 11.053, 10.553, 6.992, 6.645, 2.823], [2.461, 1.879, 2.315, 2.806, 4.479, 5.399, 2.976, 3.006, 4.046, 3.144, 4.204, 5.124, 5.165, 4.221, 5.266, 7.594, 7.61, 7.45, 6.32, 6.291, 6.911, 5.322, 4.431, 4.434, 4.232, 1.834, 2.86, 2.575, 2.33, 3.054, 3.078, 1.53, 0.0, 1.157, 3.385, 2.469, 2.031, 1.95, 1.6, 1.349, 1.446, 1.433, 2.979, 4.79, 4.198, 6.235, 7.755, 9.812, 10.548, 9.957, 6.399, 6.052, 3.592], [2.341, 1.918, 2.277, 2.55, 4.404, 5.152, 2.648, 2.69, 3.558, 3.098, 4.052, 4.714, 4.786, 3.77, 5.03, 7.314, 7.225, 7.15, 5.958, 5.883, 6.428, 4.86, 4.353, 4.275, 3.685, 1.485, 3.087, 2.604, 2.485, 3.182, 3.247, 1.818, 1.157, 0.0, 3.324, 2.496, 2.223, 2.024, 1.79, 1.339, 1.298, 1.583, 2.577, 4.259, 3.783, 6.151, 7.655, 9.666, 10.414, 9.695, 6.264, 5.844, 3.489], [3.397, 3.344, 3.671, 2.46, 2.932, 4.52, 2.883, 2.187, 2.753, 2.73, 2.897, 2.47, 2.578, 2.179, 2.423, 4.494, 4.85, 4.57, 3.759, 3.789, 4.59, 3.449, 2.209, 2.213, 2.117, 3.316, 5.888, 5.209, 4.285, 5.276, 6.018, 3.983, 3.385, 3.324, 0.0, 1.944, 3.94, 3.486, 2.973, 3.446, 4.027, 3.621, 3.799, 3.937, 4.063, 6.667, 8.062, 9.889, 10.515, 10.551, 7.954, 7.487, 5.332], [2.211, 2.171, 2.432, 2.558, 4.115, 5.572, 3.597, 3.088, 3.756, 2.228, 2.651, 3.839, 3.966, 2.892, 4.144, 5.954, 6.332, 6.263, 5.37, 5.338, 6.131, 4.708, 3.614, 3.741, 3.284, 2.617, 4.589, 3.902, 3.034, 4.062, 4.719, 2.689, 2.469, 2.496, 1.944, 0.0, 2.573, 2.153, 1.898, 2.475, 2.829, 2.649, 3.537, 4.773, 4.92, 7.309, 8.884, 10.831, 11.495, 11.359, 7.834, 7.629, 4.137], [2.602, 2.359, 2.901, 3.986, 5.618, 6.816, 4.367, 4.215, 5.277, 3.375, 4.335, 5.851, 5.98, 4.826, 6.028, 8.14, 8.113, 8.059, 7.116, 7.152, 7.881, 6.458, 5.337, 5.334, 5.051, 2.926, 2.866, 2.842, 2.378, 2.351, 2.805, 1.832, 2.031, 2.223, 3.94, 2.573, 0.0, 0.964, 1.555, 2.1, 2.224, 2.501, 4.315, 5.991, 5.707, 8.026, 9.553, 11.614, 12.341, 11.68, 8.078, 7.767, 3.501], [2.581, 2.326, 2.83, 3.717, 5.312, 6.603, 4.099, 3.904, 4.909, 2.986, 3.864, 5.291, 5.456, 4.278, 5.529, 7.525, 7.502, 7.543, 6.673, 6.68, 7.413, 6.016, 4.982, 4.95, 4.617, 2.642, 3.406, 3.076, 2.408, 2.845, 3.413, 1.966, 1.95, 2.024, 3.486, 2.153, 0.964, 0.0, 1.169, 1.793, 2.038, 2.38, 4.026, 5.581, 5.418, 7.779, 9.357, 11.425, 12.127, 11.324, 7.76, 7.457, 3.697], [2.515, 2.179, 2.684, 3.018, 4.57, 5.916, 3.566, 3.297, 4.162, 3.045, 3.773, 4.772, 4.946, 3.827, 5.126, 7.006, 7.137, 7.098, 6.15, 6.251, 6.93, 5.384, 4.306, 4.305, 3.966, 2.095, 3.558, 3.011, 2.265, 3.089, 3.608, 1.896, 1.6, 1.79, 2.973, 1.898, 1.555, 1.169, 0.0, 1.336, 1.91, 1.968, 3.387, 4.966, 4.9, 7.217, 8.752, 10.809, 11.545, 10.891, 7.328, 6.975, 3.734], [2.464, 1.958, 2.317, 2.761, 4.569, 5.323, 2.812, 2.889, 3.901, 2.971, 3.799, 4.848, 4.969, 3.956, 5.301, 7.466, 7.543, 7.349, 6.137, 6.204, 6.86, 5.274, 4.552, 4.493, 4.03, 1.794, 2.805, 2.48, 2.057, 2.843, 2.974, 1.413, 1.349, 1.339, 3.446, 2.475, 2.1, 1.793, 1.336, 0.0, 1.142, 1.548, 2.661, 4.563, 4.03, 6.341, 7.874, 9.911, 10.662, 9.967, 6.499, 6.095, 3.554], [2.013, 1.523, 1.823, 2.757, 4.734, 5.431, 3.04, 2.969, 3.855, 2.681, 3.948, 5.173, 5.224, 4.1, 5.794, 8.049, 8.014, 7.863, 6.491, 6.348, 6.839, 5.06, 4.723, 4.694, 4.056, 1.502, 2.383, 1.921, 1.768, 2.501, 2.366, 1.217, 1.446, 1.298, 4.027, 2.829, 2.224, 2.038, 1.91, 1.142, 0.0, 1.065, 2.379, 4.322, 3.826, 6.144, 7.658, 9.618, 10.372, 9.67, 6.159, 5.793, 2.765], [1.971, 1.505, 1.53, 2.144, 4.218, 4.93, 2.912, 2.666, 3.379, 2.416, 3.825, 4.902, 4.878, 3.911, 5.429, 7.749, 7.711, 7.548, 6.199, 5.999, 6.56, 4.651, 4.323, 4.317, 3.682, 1.213, 2.727, 2.08, 1.656, 2.628, 2.667, 1.464, 1.433, 1.583, 3.621, 2.649, 2.501, 2.38, 1.968, 1.548, 1.065, 0.0, 1.997, 3.737, 3.458, 5.774, 7.279, 9.283, 10.008, 9.56, 5.982, 5.691, 2.484], [3.056, 2.526, 2.138, 1.985, 4.016, 4.174, 2.813, 2.699, 2.852, 2.915, 4.563, 4.856, 4.965, 4.332, 5.407, 7.675, 7.617, 7.408, 6.002, 5.732, 6.024, 4.295, 4.364, 4.221, 3.177, 1.699, 3.469, 2.593, 2.798, 3.927, 3.643, 3.008, 2.979, 2.577, 3.799, 3.537, 4.315, 4.026, 3.387, 2.661, 2.379, 1.997, 0.0, 2.159, 2.401, 4.469, 6.079, 7.898, 8.47, 8.023, 4.54, 4.37, 2.825], [4.433, 4.136, 3.604, 2.771, 3.443, 3.434, 3.022, 2.84, 2.717, 3.994, 5.526, 4.875, 4.925, 4.832, 4.837, 6.843, 6.803, 6.544, 5.154, 4.834, 5.097, 3.461, 4.101, 3.791, 2.693, 3.253, 5.103, 4.192, 4.313, 5.575, 5.348, 4.918, 4.79, 4.259, 3.937, 4.773, 5.991, 5.581, 4.966, 4.563, 4.322, 3.737, 2.159, 0.0, 1.443, 3.514, 4.762, 6.434, 6.995, 6.741, 4.948, 4.535, 3.454], [4.565, 4.044, 3.609, 2.886, 3.47, 3.178, 2.456, 2.664, 2.834, 4.223, 5.664, 5.078, 5.102, 5.077, 5.029, 6.952, 6.934, 6.675, 5.329, 5.101, 5.374, 3.758, 4.349, 4.063, 3.244, 3.017, 4.425, 3.822, 4.295, 5.332, 4.673, 4.48, 4.198, 3.783, 4.063, 4.92, 5.707, 5.418, 4.9, 4.03, 3.826, 3.458, 2.401, 1.443, 0.0, 2.909, 4.295, 6.116, 6.805, 6.791, 4.831, 4.293, 3.876], [7.02, 6.369, 5.966, 5.17, 5.787, 5.125, 4.55, 5.237, 5.566, 6.735, 8.17, 7.723, 7.812, 7.697, 7.608, 9.281, 9.21, 8.98, 7.638, 7.387, 7.636, 6.108, 6.779, 6.483, 5.612, 5.378, 6.105, 5.957, 6.625, 7.626, 6.779, 6.763, 6.235, 6.151, 6.667, 7.309, 8.026, 7.779, 7.217, 6.341, 6.144, 5.774, 4.469, 3.514, 2.909, 0.0, 1.857, 3.783, 4.408, 4.623, 2.745, 2.285, 6.027], [8.628, 7.927, 7.495, 6.713, 6.743, 5.912, 5.723, 6.542, 6.859, 8.325, 9.85, 9.214, 9.107, 9.18, 8.907, 10.109, 10.008, 9.759, 8.442, 8.213, 8.461, 7.03, 7.887, 7.65, 6.812, 6.893, 7.642, 7.445, 8.112, 9.131, 8.347, 8.261, 7.755, 7.655, 8.062, 8.884, 9.553, 9.357, 8.752, 7.874, 7.658, 7.279, 6.079, 4.762, 4.295, 1.857, 0.0, 2.246, 2.924, 3.43, 2.977, 2.573, 7.593], [10.54, 9.929, 9.497, 8.605, 7.701, 6.433, 7.443, 8.146, 8.263, 10.193, 11.567, 10.654, 10.5, 10.816, 10.317, 10.431, 10.11, 9.85, 8.682, 8.403, 8.524, 7.531, 9.02, 8.738, 8.053, 8.896, 9.739, 9.511, 10.193, 11.227, 10.414, 10.316, 9.812, 9.666, 9.889, 10.831, 11.614, 11.425, 10.809, 9.911, 9.618, 9.283, 7.898, 6.434, 6.116, 3.783, 2.246, 0.0, 1.289, 3.562, 4.7, 4.417, 9.457], [11.203, 10.649, 10.203, 9.228, 8.262, 6.908, 8.174, 8.711, 8.85, 10.88, 12.143, 11.211, 11.1, 11.411, 10.907, 10.833, 10.472, 10.196, 9.172, 8.798, 8.793, 8.103, 9.593, 9.294, 8.601, 9.634, 10.421, 10.261, 10.931, 11.944, 11.1, 11.053, 10.548, 10.414, 10.515, 11.495, 12.341, 12.127, 11.545, 10.662, 10.372, 10.008, 8.47, 6.995, 6.805, 4.408, 2.924, 1.289, 0.0, 3.509, 5.138, 5.039, 10.088], [10.985, 10.26, 9.933, 9.263, 9.456, 8.954, 8.196, 8.94, 9.102, 10.57, 12.136, 11.454, 11.42, 11.488, 11.261, 12.942, 12.949, 12.695, 11.221, 10.978, 11.066, 9.642, 10.444, 10.072, 8.973, 9.006, 9.691, 9.633, 10.382, 11.221, 10.271, 10.553, 9.957, 9.695, 10.551, 11.359, 11.68, 11.324, 10.891, 9.967, 9.67, 9.56, 8.023, 6.741, 6.791, 4.623, 3.43, 3.562, 3.509, 0.0, 3.775, 3.954, 9.44], [7.454, 6.789, 6.395, 6.154, 7.965, 7.578, 6.348, 6.727, 6.892, 7.278, 8.798, 8.966, 9.166, 8.509, 9.491, 11.711, 11.659, 11.426, 9.99, 9.703, 9.849, 8.16, 8.526, 8.31, 7.234, 5.543, 6.176, 6.038, 6.826, 7.676, 6.702, 6.992, 6.399, 6.264, 7.954, 7.834, 8.078, 7.76, 7.328, 6.499, 6.159, 5.982, 4.54, 4.948, 4.831, 2.745, 2.977, 4.7, 5.138, 3.775, 0.0, 1.169, 5.886], [7.164, 6.534, 6.141, 5.824, 7.432, 7.021, 5.813, 6.179, 6.316, 6.94, 8.555, 8.541, 8.552, 8.223, 8.918, 11.157, 11.092, 10.868, 9.432, 9.124, 9.382, 7.67, 7.918, 7.786, 6.753, 5.231, 5.877, 5.705, 6.464, 7.391, 6.501, 6.645, 6.052, 5.844, 7.487, 7.629, 7.767, 7.457, 6.975, 6.095, 5.793, 5.691, 4.37, 4.535, 4.293, 2.285, 2.573, 4.417, 5.039, 3.954, 1.169, 0.0, 5.73], [2.546, 2.626, 2.255, 3.747, 6.004, 6.437, 4.984, 4.725, 4.64, 3.049, 4.72, 6.247, 6.33, 5.295, 6.987, 9.279, 9.309, 9.047, 7.606, 7.406, 7.599, 5.966, 6.005, 5.86, 4.969, 2.886, 2.898, 2.049, 2.144, 3.02, 2.867, 2.823, 3.592, 3.489, 5.332, 4.137, 3.501, 3.697, 3.734, 3.554, 2.765, 2.484, 2.825, 3.454, 3.876, 6.027, 7.593, 9.457, 10.088, 9.44, 5.886, 5.73, 0.0]]