[[0.0, 1.763, 1.924, 1.802, 3.221, 4.419, 5.217, 6.17, 5.464, 4.897, 5.98, 11.008, 17.197, 20.58, 21.102, 20.004, 18.486, 17.605, 17.853, 18.902, 19.898, 19.782, 19.095, 18.289, 18.342, 19.306, 20.912, 22.087, 22.403, 22.452, 23.395, 23.712, 23.85, 23.984, 22.836, 21.257, 19.319, 15.584, 10.619, 8.169, 10.134, 11.767, 12.293, 12.063, 12.502, 13.444, 13.035, 13.71, 16.172, 17.546, 17.37, 16.331, 14.308, 12.482, 12.123, 13.367, 13.039, 10.674, 9.172, 8.755, 8.196, 8.341, 11.97, 16.026, 16.225, 14.142, 12.493, 10.74, 9.13, 8.989, 9.701, 10.367, 11.368, 10.745, 8.111, 6.715, 5.505, 5.478, 7.491, 10.066, 10.53, 9.146, 7.498, 10.888, 15.655, 18.674, 20.167, 19.803, 17.629, 16.866, 17.935, 18.125, 18.809, 21.022, 20.377, 19.232, 19.029, 17.323, 14.992, 13.354, 11.94, 10.209, 8.145, 5.31, 3.034, 4.882, 5.509, 4.327, 5.243, 7.27, 9.118, 9.887, 11.743, 8.987, 7.238, 6.798, 7.355, 6.521, 4.856, 3.694, 5.131, 6.534, 7.902, 9.27, 10.446, 12.303, 13.959, 14.398, 14.249, 14.062, 13.938, 14.348, 15.015, 15.587, 15.664, 16.777, 18.606, 20.045, 19.6, 16.879, 13.668, 11.541, 11.122, 13.763, 15.351, 12.537], [1.763, 0.0, 1.424, 1.997, 3.213, 3.826, 4.626, 5.575, 4.778, 4.607, 7.275, 12.263, 18.442, 21.813, 22.346, 21.253, 19.747, 18.858, 19.116, 20.166, 21.159, 21.091, 20.404, 19.595, 19.649, 20.586, 22.162, 23.336, 23.668, 23.704, 24.657, 24.976, 25.091, 25.236, 24.118, 22.519, 20.583, 16.829, 11.894, 9.448, 11.345, 13.056, 13.566, 13.361, 13.783, 14.675, 14.314, 14.961, 17.439, 18.809, 18.638, 17.6, 15.578, 13.734, 13.372, 14.605, 14.289, 11.923, 10.422, 9.979, 9.418, 9.577, 13.278, 17.273, 17.501, 15.591, 13.85, 11.982, 10.393, 10.236, 10.94, 11.666, 12.745, 12.048, 9.366, 8.076, 6.797, 6.736, 8.723, 11.31, 11.782, 10.404, 8.858, 12.071, 16.909, 19.958, 21.456, 21.003, 18.885, 18.221, 19.263, 19.519, 20.196, 22.266, 21.633, 20.471, 20.284, 18.588, 16.243, 14.629, 13.155, 11.442, 9.391, 6.415, 3.146, 3.9, 4.312, 3.627, 4.445, 6.07, 7.815, 8.611, 10.41, 7.73, 6.238, 5.925, 6.599, 5.576, 3.893, 3.63, 6.294, 7.727, 9.163, 10.476, 11.63, 13.558, 15.185, 15.635, 15.496, 15.355, 15.244, 15.659, 16.288, 16.823, 16.975, 18.003, 19.837, 21.295, 20.868, 18.373, 14.871, 12.74, 12.355, 15.012, 16.606, 13.881], [1.924, 1.424, 0.0, 1.978, 3.162, 3.402, 4.252, 5.086, 4.675, 4.61, 7.091, 12.154, 18.334, 21.717, 22.242, 21.151, 19.653, 18.761, 19.021, 20.07, 21.068, 20.935, 20.227, 19.446, 19.476, 20.467, 22.056, 23.234, 23.567, 23.597, 24.55, 24.879, 25.006, 25.141, 23.997, 22.415, 20.479, 16.75, 11.735, 9.089, 11.129, 12.924, 13.406, 13.176, 13.637, 14.599, 14.195, 14.876, 17.342, 18.702, 18.53, 17.493, 15.477, 13.646, 13.288, 14.514, 14.173, 11.765, 10.279, 9.893, 9.358, 9.499, 13.067, 17.178, 17.373, 15.259, 13.636, 11.899, 10.288, 10.13, 10.859, 11.506, 12.44, 11.906, 9.276, 7.776, 6.6, 6.548, 8.654, 11.231, 11.68, 10.284, 8.567, 12.024, 16.779, 19.773, 21.313, 20.958, 18.75, 17.991, 18.874, 19.188, 19.884, 22.214, 21.556, 20.375, 20.199, 18.481, 16.136, 14.503, 13.075, 11.384, 9.303, 6.391, 3.299, 3.924, 4.566, 3.451, 4.229, 6.166, 8.023, 8.804, 10.63, 7.874, 6.332, 6.037, 6.546, 5.556, 4.03, 3.775, 6.229, 7.678, 9.028, 10.391, 11.553, 13.466, 15.077, 15.544, 15.383, 15.166, 15.059, 15.466, 16.169, 16.73, 16.797, 17.912, 19.745, 21.197, 20.744, 17.971, 14.813, 12.738, 12.264, 14.884, 16.501, 13.695], [1.802, 1.997, 1.978, 0.0, 2.066, 3.277, 4.146, 5.072, 4.302, 3.686, 5.793, 10.762, 16.918, 20.241, 20.778, 19.666, 18.17, 17.262, 17.514, 18.563, 19.56, 19.557, 18.87, 18.058, 18.111, 19.051, 20.561, 21.716, 22.042, 22.081, 23.065, 23.406, 23.492, 23.683, 22.583, 20.974, 18.997, 15.197, 10.342, 7.753, 9.687, 11.498, 12.033, 11.785, 12.232, 13.085, 12.767, 13.334, 15.812, 17.191, 17.015, 15.975, 13.952, 12.102, 11.74, 12.975, 12.641, 10.198, 8.753, 8.425, 7.81, 7.925, 11.77, 15.8, 16.031, 14.11, 12.342, 10.354, 8.743, 8.609, 9.308, 10.139, 11.237, 10.533, 7.808, 6.525, 5.211, 5.224, 7.147, 9.669, 10.145, 8.805, 7.441, 10.576, 15.481, 18.546, 20.018, 19.569, 17.474, 17.085, 18.198, 18.404, 19.049, 20.992, 20.299, 19.048, 18.762, 17.021, 14.698, 13.142, 11.589, 9.858, 7.789, 4.825, 2.11, 3.995, 5.377, 3.578, 4.191, 6.681, 8.857, 9.657, 11.159, 8.254, 6.399, 5.968, 6.618, 6.593, 4.363, 2.75, 4.773, 6.206, 7.696, 8.997, 10.156, 12.049, 13.679, 14.091, 13.994, 13.886, 13.739, 14.122, 14.764, 15.298, 15.491, 16.508, 18.252, 19.75, 19.364, 16.885, 13.364, 11.796, 10.832, 13.427, 15.004, 12.375], [3.221, 3.213, 3.162, 2.066, 0.0, 2.048, 3.315, 4.093, 3.363, 2.267, 5.034, 9.667, 15.677, 18.997, 19.557, 18.442, 16.93, 15.992, 16.195, 17.231, 18.243, 18.16, 17.466, 16.639, 16.677, 17.65, 19.199, 20.362, 20.728, 20.761, 21.692, 22.038, 22.173, 22.318, 21.116, 19.554, 17.594, 13.818, 8.929, 6.523, 8.427, 10.067, 10.596, 10.355, 10.799, 11.675, 11.323, 11.946, 14.425, 15.831, 15.632, 14.591, 12.564, 10.754, 10.363, 11.607, 11.279, 8.911, 7.403, 7.268, 6.44, 6.577, 10.494, 14.532, 14.727, 12.718, 10.954, 9.023, 7.429, 7.239, 7.956, 8.697, 9.795, 9.205, 6.425, 5.2, 3.866, 3.843, 5.898, 8.292, 8.785, 7.43, 6.926, 10.121, 14.528, 17.511, 18.939, 18.7, 16.623, 16.967, 18.159, 18.377, 18.777, 20.415, 19.367, 18.008, 17.503, 15.669, 13.562, 12.05, 10.865, 9.106, 6.8, 4.527, 2.321, 4.679, 6.187, 4.388, 4.55, 7.425, 9.919, 10.699, 11.709, 8.822, 6.52, 6.096, 7.216, 7.385, 5.039, 2.833, 4.381, 5.623, 6.977, 8.472, 9.663, 11.136, 12.644, 13.04, 12.931, 12.816, 12.557, 12.799, 13.479, 13.993, 14.152, 15.244, 17.037, 18.438, 18.083, 15.717, 12.381, 11.924, 10.266, 12.559, 13.778, 10.982], [4.419, 3.826, 3.402, 3.277, 2.048, 0.0, 1.818, 3.282, 2.526, 2.282, 5.616, 10.228, 16.284, 19.645, 20.2, 19.135, 17.604, 16.661, 16.847, 17.882, 18.881, 18.786, 18.093, 17.277, 17.327, 18.277, 19.849, 21.028, 21.363, 21.405, 22.345, 22.689, 22.814, 22.958, 21.774, 20.201, 18.26, 14.536, 9.62, 7.201, 9.167, 10.796, 11.284, 11.051, 11.493, 12.38, 12.008, 12.669, 15.128, 16.494, 16.316, 15.278, 13.263, 11.439, 11.087, 12.297, 11.964, 9.585, 8.066, 8.146, 7.138, 7.278, 11.121, 15.113, 15.253, 13.275, 11.572, 9.769, 8.243, 8.016, 8.644, 9.353, 10.392, 9.765, 7.314, 5.687, 4.516, 4.592, 6.486, 9.012, 9.509, 8.131, 7.97, 10.763, 14.974, 17.89, 19.499, 19.117, 17.115, 17.512, 18.827, 19.171, 19.452, 20.906, 20.047, 18.669, 18.374, 16.418, 14.188, 12.684, 11.362, 9.768, 7.941, 6.057, 3.299, 4.451, 6.104, 4.32, 4.509, 7.016, 9.413, 10.222, 11.482, 8.573, 6.311, 5.687, 6.63, 6.737, 4.636, 3.467, 5.244, 6.485, 8.043, 9.121, 10.572, 12.328, 13.455, 13.839, 13.599, 13.868, 13.419, 13.494, 14.131, 14.636, 14.782, 15.826, 17.719, 19.104, 18.72, 16.217, 13.135, 13.411, 11.605, 13.27, 14.524, 11.524], [5.217, 4.626, 4.252, 4.146, 3.315, 1.818, 0.0, 1.842, 1.297, 3.819, 7.1, 11.77, 17.783, 21.165, 21.739, 20.631, 19.122, 18.161, 18.347, 19.377, 20.375, 20.234, 19.524, 18.75, 18.766, 19.772, 21.36, 22.521, 22.857, 22.92, 23.849, 24.173, 24.316, 24.45, 23.28, 21.697, 19.77, 16.014, 10.975, 8.567, 10.53, 12.185, 12.65, 12.419, 12.9, 13.881, 13.475, 14.139, 16.616, 17.99, 17.81, 16.769, 14.747, 12.915, 12.581, 13.796, 13.466, 11.099, 9.63, 9.779, 8.626, 8.791, 12.574, 16.677, 16.784, 14.737, 13.045, 11.33, 9.766, 9.567, 10.13, 10.799, 11.779, 11.234, 8.892, 7.105, 5.982, 6.129, 7.98, 10.497, 11.023, 9.669, 9.361, 12.44, 16.551, 19.502, 21.095, 20.715, 18.796, 19.162, 20.328, 20.672, 21.002, 22.571, 21.702, 20.272, 19.939, 17.93, 15.775, 14.213, 12.947, 11.4, 9.547, 7.306, 3.984, 4.085, 5.595, 3.911, 3.716, 5.681, 8.022, 8.851, 10.059, 7.167, 4.878, 4.336, 5.087, 5.262, 4.058, 4.076, 6.398, 7.709, 9.38, 10.67, 12.189, 13.913, 15.061, 15.383, 15.201, 15.325, 14.861, 14.885, 15.653, 16.176, 16.258, 17.347, 19.227, 20.607, 20.232, 17.662, 14.769, 14.908, 13.167, 14.895, 16.045, 13.024], [6.17, 5.575, 5.086, 5.072, 4.093, 3.282, 1.842, 0.0, 1.412, 5.043, 8.548, 13.205, 19.244, 22.61, 23.137, 22.013, 20.499, 19.563, 19.756, 20.794, 21.811, 21.641, 20.946, 20.141, 20.16, 21.197, 22.767, 23.962, 24.317, 24.331, 25.254, 25.605, 25.743, 25.88, 24.7, 23.106, 21.179, 17.426, 12.453, 9.889, 11.904, 13.599, 14.124, 13.893, 14.329, 15.281, 14.874, 15.556, 18.017, 19.394, 19.206, 18.167, 16.151, 14.358, 13.973, 15.197, 14.864, 12.475, 10.971, 10.915, 10.047, 10.186, 13.955, 18.026, 18.184, 16.063, 14.395, 12.634, 11.038, 10.819, 11.542, 12.182, 13.17, 12.739, 10.056, 8.538, 7.337, 7.415, 9.483, 11.91, 12.376, 11.044, 10.465, 13.77, 17.981, 20.948, 22.399, 22.244, 20.162, 20.491, 21.652, 21.934, 22.236, 23.961, 22.916, 21.552, 21.137, 19.268, 17.145, 15.575, 14.418, 12.78, 10.641, 8.092, 4.655, 4.198, 5.241, 3.858, 3.183, 4.806, 6.929, 7.522, 8.522, 5.643, 3.599, 3.35, 3.859, 4.112, 4.236, 4.9, 7.527, 8.933, 10.416, 12.014, 13.38, 15.008, 16.314, 16.683, 16.543, 16.495, 16.105, 16.288, 17.017, 17.555, 17.628, 18.776, 20.62, 22.023, 21.591, 19.026, 15.899, 15.873, 14.166, 16.149, 17.373, 14.437], [5.464, 4.778, 4.675, 4.302, 3.363, 2.526, 1.297, 1.412, 0.0, 4.013, 7.728, 12.262, 18.283, 21.606, 22.101, 20.957, 19.442, 18.494, 18.705, 19.743, 20.759, 20.613, 19.918, 19.088, 19.129, 20.133, 21.756, 22.902, 23.264, 23.264, 24.207, 24.564, 24.694, 24.828, 23.655, 22.056, 20.146, 16.333, 11.453, 8.961, 10.931, 12.572, 13.053, 12.821, 13.257, 14.18, 13.787, 14.459, 16.952, 18.346, 18.132, 17.09, 15.069, 13.286, 12.916, 14.126, 13.762, 11.415, 9.891, 10.042, 9.041, 9.087, 13.064, 17.156, 17.366, 15.323, 13.535, 11.542, 9.963, 9.77, 10.516, 11.133, 12.323, 11.726, 9.088, 7.773, 6.453, 6.553, 8.496, 10.814, 11.288, 9.958, 9.885, 12.963, 17.173, 20.174, 21.601, 21.345, 19.374, 19.84, 21.066, 21.38, 21.662, 23.208, 22.18, 20.704, 20.079, 18.218, 16.153, 14.598, 13.549, 11.888, 9.754, 7.177, 3.69, 3.581, 4.939, 3.395, 2.958, 5.092, 7.487, 8.22, 9.165, 6.265, 3.978, 3.656, 4.692, 4.852, 3.761, 4.073, 6.579, 8.052, 9.664, 11.189, 12.446, 14.009, 15.211, 15.637, 15.551, 15.514, 15.075, 15.292, 16.03, 16.602, 16.676, 17.817, 19.591, 20.967, 20.536, 18.323, 15.094, 15.092, 13.331, 15.145, 16.297, 13.569], [4.897, 4.607, 4.61, 3.686, 2.267, 2.282, 3.819, 5.043, 4.013, 0.0, 4.458, 8.804, 14.579, 17.764, 18.315, 17.118, 15.639, 14.67, 14.878, 15.886, 16.911, 16.796, 16.09, 15.263, 15.305, 16.316, 17.849, 19.085, 19.481, 19.471, 20.347, 20.74, 20.834, 20.979, 19.779, 18.19, 16.226, 12.571, 8.037, 5.955, 7.788, 9.186, 9.598, 9.327, 9.675, 10.557, 10.016, 10.607, 13.088, 14.479, 14.274, 13.218, 11.242, 9.589, 9.189, 10.299, 9.984, 7.747, 6.315, 6.387, 5.413, 5.519, 9.592, 13.655, 13.668, 11.597, 9.818, 7.832, 6.22, 5.953, 6.796, 7.38, 8.633, 8.272, 5.471, 4.811, 3.531, 3.47, 5.198, 7.037, 7.446, 6.445, 7.112, 9.544, 13.702, 16.69, 18.116, 17.851, 15.903, 16.417, 17.691, 18.086, 18.352, 19.693, 18.671, 17.161, 16.303, 14.549, 12.669, 11.159, 10.032, 8.364, 6.697, 5.061, 2.786, 5.794, 7.37, 5.476, 5.642, 8.778, 11.304, 12.09, 12.933, 10.1, 7.717, 7.285, 8.436, 8.526, 6.0, 3.008, 4.534, 5.797, 7.265, 8.204, 9.428, 10.655, 11.688, 12.165, 12.101, 12.052, 11.498, 11.544, 12.397, 12.851, 13.001, 14.177, 15.749, 17.148, 16.823, 14.836, 12.078, 12.384, 10.378, 11.69, 12.643, 9.907], [5.98, 7.275, 7.091, 5.793, 5.034, 5.616, 7.1, 8.548, 7.728, 4.458, 0.0, 5.226, 11.438, 14.787, 15.32, 14.17, 12.666, 11.749, 11.998, 13.04, 14.035, 13.912, 13.207, 12.434, 12.451, 13.45, 15.049, 16.225, 16.546, 16.571, 17.518, 17.85, 17.967, 18.118, 16.996, 15.412, 13.471, 9.803, 5.778, 5.559, 6.858, 7.535, 7.661, 7.08, 7.37, 8.565, 7.598, 8.101, 10.332, 11.679, 11.507, 10.474, 8.475, 6.698, 6.486, 7.812, 7.665, 5.578, 4.048, 3.644, 3.471, 3.376, 6.029, 10.22, 10.441, 8.428, 6.8, 5.361, 4.007, 3.589, 4.148, 4.583, 5.581, 5.108, 3.158, 2.71, 2.303, 2.108, 2.436, 4.68, 5.063, 3.726, 3.201, 5.525, 9.904, 13.074, 14.505, 14.163, 12.11, 12.282, 13.519, 13.904, 14.249, 15.725, 14.89, 13.619, 13.377, 11.495, 9.205, 7.549, 6.176, 4.482, 3.1, 2.538, 5.123, 9.262, 10.732, 8.741, 9.272, 11.91, 14.289, 15.114, 16.4, 13.513, 11.179, 10.409, 11.195, 11.298, 8.984, 4.735, 1.897, 2.503, 3.553, 4.24, 5.495, 7.11, 8.35, 8.701, 8.604, 8.571, 8.196, 8.473, 9.188, 9.742, 9.856, 10.923, 12.773, 14.223, 13.786, 11.21, 8.449, 8.363, 6.525, 8.071, 9.525, 6.746], [11.008, 12.263, 12.154, 10.762, 9.667, 10.228, 11.77, 13.205, 12.262, 8.804, 5.226, 0.0, 6.273, 9.705, 10.196, 9.097, 7.574, 6.644, 6.91, 7.951, 8.993, 8.888, 8.215, 7.408, 7.458, 8.411, 10.053, 11.288, 11.553, 11.625, 12.517, 12.78, 12.92, 13.05, 11.929, 10.376, 8.519, 6.157, 6.535, 7.366, 7.529, 6.921, 6.676, 6.13, 5.924, 6.719, 5.851, 4.616, 5.655, 6.707, 6.677, 5.78, 4.223, 3.324, 3.359, 4.355, 4.988, 4.92, 4.048, 3.377, 4.338, 4.233, 1.967, 5.186, 5.541, 3.995, 3.119, 2.997, 3.752, 3.787, 3.23, 2.792, 2.434, 2.489, 4.181, 5.325, 6.111, 6.14, 4.097, 3.556, 3.27, 3.049, 3.772, 2.231, 5.041, 8.021, 9.499, 9.152, 7.485, 8.139, 9.376, 9.881, 10.126, 11.197, 10.199, 8.755, 8.371, 6.38, 4.197, 2.593, 1.618, 1.358, 3.18, 6.17, 9.992, 14.109, 15.591, 13.584, 13.997, 16.781, 19.264, 20.029, 21.202, 18.301, 15.939, 15.253, 16.238, 16.288, 13.801, 9.454, 6.156, 4.8, 3.211, 2.138, 2.168, 2.996, 3.727, 3.826, 3.703, 4.076, 3.582, 3.531, 4.169, 4.652, 4.828, 5.816, 7.677, 9.094, 8.699, 6.247, 4.449, 4.803, 3.114, 3.22, 4.462, 1.993], [17.197, 18.442, 18.334, 16.918, 15.677, 16.284, 17.783, 19.244, 18.283, 14.579, 11.438, 6.273, 0.0, 3.49, 4.039, 3.004, 2.158, 2.388, 3.063, 4.115, 5.02, 5.611, 5.511, 5.196, 5.279, 5.333, 6.257, 6.936, 6.963, 7.219, 7.714, 7.944, 8.147, 8.318, 7.337, 5.965, 5.523, 6.143, 9.279, 10.889, 10.253, 8.822, 8.459, 7.97, 7.383, 7.818, 7.575, 5.983, 3.935, 2.846, 3.194, 4.595, 6.187, 6.364, 6.554, 6.742, 7.677, 8.258, 8.936, 8.828, 9.597, 9.571, 5.704, 3.053, 2.963, 4.717, 5.822, 7.164, 8.984, 9.334, 8.316, 7.543, 6.471, 7.025, 9.557, 10.956, 12.012, 12.025, 9.963, 8.28, 7.857, 8.536, 9.875, 6.459, 2.406, 3.005, 3.902, 3.685, 3.129, 4.197, 5.199, 5.593, 5.536, 6.188, 4.977, 3.474, 2.85, 1.399, 2.86, 4.105, 5.568, 7.26, 9.281, 12.284, 16.005, 20.12, 21.651, 19.691, 19.964, 22.915, 25.418, 26.204, 27.268, 24.35, 21.987, 21.382, 22.393, 22.404, 19.864, 15.575, 12.3, 10.848, 9.364, 8.078, 7.057, 5.217, 3.691, 3.192, 3.137, 3.565, 3.844, 3.452, 2.717, 2.324, 2.11, 1.62, 1.773, 2.974, 2.824, 1.964, 3.727, 5.893, 6.256, 4.106, 2.574, 5.565], [20.58, 21.813, 21.717, 20.241, 18.997, 19.645, 21.165, 22.61, 21.606, 17.764, 14.787, 9.705, 3.49, 0.0, 1.238, 2.568, 3.678, 4.573, 5.266, 5.862, 6.065, 6.68, 6.667, 6.624, 6.465, 6.115, 6.008, 6.353, 6.535, 6.678, 6.86, 7.125, 7.169, 7.267, 6.692, 5.474, 5.518, 7.616, 11.61, 13.57, 12.465, 10.937, 10.567, 10.289, 9.62, 9.464, 9.698, 8.319, 6.145, 4.909, 5.257, 6.728, 8.584, 9.108, 9.306, 9.124, 9.828, 10.88, 12.008, 12.05, 12.761, 12.776, 8.977, 5.336, 5.39, 7.163, 8.571, 10.344, 12.147, 12.396, 11.327, 10.696, 9.647, 10.274, 12.791, 14.321, 15.395, 15.411, 13.369, 11.231, 10.818, 11.773, 13.23, 9.797, 5.271, 3.002, 2.225, 1.811, 3.25, 4.327, 4.48, 4.548, 4.078, 3.911, 2.725, 2.211, 2.062, 3.691, 5.932, 7.411, 8.871, 10.55, 12.606, 15.578, 19.316, 23.328, 24.948, 22.989, 23.266, 26.307, 28.806, 29.581, 30.568, 27.639, 25.319, 24.757, 25.781, 25.786, 23.189, 18.968, 15.717, 14.225, 12.729, 11.397, 10.378, 8.515, 6.889, 6.375, 6.437, 6.867, 7.085, 6.665, 5.721, 5.256, 5.104, 4.302, 3.011, 1.8, 1.85, 4.045, 6.996, 9.216, 9.57, 7.208, 5.582, 8.604], [21.102, 22.346, 22.242, 20.778, 19.557, 20.2, 21.739, 23.137, 22.101, 18.315, 15.32, 10.196, 4.039, 1.238, 0.0, 1.968, 3.229, 4.16, 4.682, 5.208, 5.421, 6.177, 6.161, 6.057, 5.951, 5.71, 5.827, 5.913, 6.144, 6.161, 6.335, 6.627, 6.679, 6.758, 6.232, 5.1, 5.316, 7.206, 11.618, 13.812, 12.176, 10.573, 10.112, 10.002, 9.525, 8.99, 9.221, 8.249, 5.764, 4.462, 4.697, 6.183, 8.098, 9.136, 9.388, 8.607, 9.347, 11.047, 12.327, 12.641, 13.31, 13.129, 9.417, 5.712, 5.56, 7.462, 8.979, 10.644, 12.405, 12.674, 11.772, 11.104, 10.154, 10.669, 13.325, 14.769, 15.913, 15.959, 13.872, 11.468, 11.033, 12.229, 13.802, 10.351, 5.781, 3.319, 2.682, 2.569, 3.802, 4.915, 5.049, 5.107, 4.739, 4.583, 3.358, 2.792, 2.442, 4.049, 6.334, 7.86, 9.344, 11.034, 13.126, 16.1, 19.808, 23.738, 25.303, 23.417, 23.697, 26.858, 29.346, 30.11, 31.076, 28.032, 25.835, 25.313, 26.349, 26.33, 23.74, 19.516, 16.226, 14.76, 13.292, 11.932, 10.835, 8.855, 7.265, 6.754, 6.917, 7.277, 7.492, 7.16, 6.241, 5.694, 5.566, 4.613, 2.837, 1.639, 2.03, 4.56, 7.573, 9.71, 10.057, 7.506, 5.89, 8.865], [20.004, 21.253, 21.151, 19.666, 18.442, 19.135, 20.631, 22.013, 20.957, 17.118, 14.17, 9.097, 3.004, 2.568, 1.968, 0.0, 1.857, 2.733, 3.029, 3.497, 3.953, 4.746, 4.676, 4.417, 4.486, 4.749, 5.541, 6.037, 6.177, 6.214, 6.418, 6.749, 7.026, 7.099, 6.241, 4.955, 4.839, 6.005, 10.322, 12.653, 10.836, 9.279, 8.748, 8.789, 8.251, 7.577, 7.92, 6.801, 4.385, 3.107, 3.279, 4.611, 6.66, 7.95, 8.222, 7.339, 7.852, 9.835, 11.209, 11.473, 12.157, 12.044, 8.268, 4.613, 4.328, 6.267, 7.726, 9.505, 11.116, 11.309, 10.685, 9.97, 9.103, 9.593, 12.173, 13.691, 14.792, 14.863, 12.782, 10.313, 9.809, 11.097, 12.679, 9.244, 4.661, 3.433, 3.448, 3.629, 4.232, 5.296, 6.115, 6.306, 6.165, 6.324, 5.072, 3.869, 3.05, 3.175, 5.223, 6.734, 8.207, 9.913, 12.0, 14.981, 18.693, 22.622, 24.139, 22.279, 22.546, 25.737, 28.241, 29.006, 29.949, 26.891, 24.698, 24.186, 25.207, 25.221, 22.641, 18.383, 15.144, 13.681, 12.208, 10.884, 9.753, 7.739, 6.167, 5.728, 5.848, 6.114, 6.301, 5.966, 5.132, 4.581, 4.455, 3.516, 1.86, 1.601, 2.364, 3.713, 6.55, 8.607, 8.953, 6.317, 4.744, 7.763], [18.486, 19.747, 19.653, 18.17, 16.93, 17.604, 19.122, 20.499, 19.442, 15.639, 12.666, 7.574, 2.158, 3.678, 3.229, 1.857, 0.0, 1.384, 1.784, 2.642, 3.942, 4.681, 4.485, 4.127, 4.273, 4.671, 5.754, 6.372, 6.445, 6.514, 6.914, 7.262, 7.563, 7.7, 6.643, 5.263, 5.045, 5.509, 9.041, 11.078, 9.513, 8.013, 7.507, 7.427, 7.059, 6.677, 6.619, 5.229, 2.994, 1.837, 2.243, 3.3, 5.329, 6.402, 6.748, 6.016, 6.438, 8.292, 9.678, 9.946, 10.637, 10.508, 6.755, 3.564, 3.158, 4.898, 6.356, 7.984, 9.612, 9.792, 9.141, 8.409, 7.538, 8.006, 10.679, 12.129, 13.261, 13.314, 11.223, 8.785, 8.321, 9.558, 11.158, 7.738, 3.526, 3.817, 4.471, 4.692, 4.756, 5.816, 6.79, 7.067, 6.998, 7.549, 6.298, 4.906, 3.949, 2.559, 3.793, 5.239, 6.741, 8.404, 10.49, 13.463, 17.178, 21.102, 22.603, 20.77, 21.039, 24.219, 26.717, 27.492, 28.433, 25.383, 23.186, 22.667, 23.709, 23.696, 21.128, 16.898, 13.613, 12.129, 10.676, 9.376, 8.272, 6.244, 4.741, 4.414, 4.478, 4.735, 4.904, 4.468, 3.69, 3.243, 3.272, 2.456, 1.76, 2.506, 2.891, 3.499, 5.466, 7.21, 7.438, 4.902, 3.422, 6.288], [17.605, 18.858, 18.761, 17.262, 15.992, 16.661, 18.161, 19.563, 18.494, 14.67, 11.749, 6.644, 2.388, 4.573, 4.16, 2.733, 1.384, 0.0, 1.329, 2.218, 3.554, 4.243, 3.99, 3.622, 3.696, 4.105, 5.43, 6.247, 6.266, 6.381, 6.918, 7.317, 7.548, 7.673, 6.595, 5.135, 4.564, 4.832, 8.16, 10.145, 8.55, 7.102, 6.637, 6.441, 6.13, 5.818, 5.704, 4.355, 2.23, 1.648, 1.778, 2.749, 4.217, 5.39, 5.692, 4.955, 5.635, 7.318, 8.741, 9.066, 9.671, 9.539, 5.812, 2.969, 2.618, 4.094, 5.369, 7.026, 8.67, 8.882, 8.164, 7.449, 6.603, 7.043, 9.724, 11.175, 12.306, 12.343, 10.272, 7.839, 7.34, 8.642, 10.288, 6.834, 3.213, 4.208, 5.299, 5.512, 5.368, 6.511, 7.5, 7.789, 7.735, 8.336, 7.109, 5.643, 4.527, 2.649, 2.96, 4.314, 5.781, 7.465, 9.56, 12.556, 16.291, 20.204, 21.716, 19.853, 20.099, 23.309, 25.821, 26.605, 27.518, 24.467, 22.267, 21.759, 22.802, 22.818, 20.251, 15.969, 12.691, 11.208, 9.771, 8.474, 7.375, 5.354, 4.106, 3.894, 3.792, 4.058, 4.081, 3.516, 2.774, 2.546, 2.739, 2.076, 2.037, 3.196, 3.445, 3.446, 4.786, 6.38, 6.561, 3.971, 2.714, 5.237], [17.853, 19.116, 19.021, 17.514, 16.195, 16.847, 18.347, 19.756, 18.705, 14.878, 11.998, 6.91, 3.063, 5.266, 4.682, 3.029, 1.784, 1.329, 0.0, 1.495, 2.829, 3.424, 3.172, 2.798, 3.03, 3.505, 5.17, 6.132, 6.199, 6.231, 6.872, 6.991, 7.237, 7.315, 6.2, 4.845, 4.528, 4.789, 8.325, 10.271, 8.487, 7.072, 6.499, 6.59, 6.384, 5.804, 5.583, 4.432, 2.188, 1.528, 1.496, 2.063, 3.939, 5.574, 5.874, 4.907, 5.533, 7.487, 8.915, 9.26, 9.874, 9.71, 6.069, 3.137, 2.723, 4.236, 5.525, 7.24, 8.892, 9.029, 8.331, 7.633, 6.712, 7.238, 9.92, 11.362, 12.521, 12.552, 10.491, 8.008, 7.537, 8.828, 10.513, 7.103, 3.463, 4.717, 5.97, 6.281, 6.083, 7.114, 8.157, 8.55, 8.506, 9.131, 7.899, 6.457, 5.314, 3.234, 3.191, 4.575, 6.017, 7.717, 9.795, 12.79, 16.511, 20.436, 21.934, 20.092, 20.333, 23.545, 26.071, 26.847, 27.739, 24.696, 22.488, 21.991, 23.04, 23.049, 20.492, 16.237, 12.969, 11.464, 10.043, 8.785, 7.645, 5.634, 4.616, 4.347, 4.375, 4.388, 4.473, 3.822, 3.075, 2.645, 2.9, 2.348, 2.736, 3.735, 4.019, 4.113, 4.828, 6.671, 6.85, 4.246, 3.007, 5.425], [18.902, 20.166, 20.07, 18.563, 17.231, 17.882, 19.377, 20.794, 19.743, 15.886, 13.04, 7.951, 4.115, 5.862, 5.208, 3.497, 2.642, 2.218, 1.495, 0.0, 1.718, 2.36, 2.325, 2.353, 2.718, 2.961, 4.361, 5.383, 5.423, 5.592, 6.153, 6.185, 6.46, 6.589, 5.347, 4.491, 4.441, 4.878, 8.794, 11.279, 9.292, 7.499, 7.006, 7.224, 6.797, 6.04, 6.104, 5.376, 2.946, 2.4, 2.512, 2.831, 4.811, 6.569, 6.89, 5.752, 6.243, 8.492, 9.95, 10.273, 10.875, 10.743, 7.065, 3.603, 3.252, 4.929, 6.459, 8.27, 9.916, 10.061, 9.342, 8.662, 7.74, 8.219, 10.941, 12.392, 13.548, 13.586, 11.519, 9.034, 8.551, 9.856, 11.549, 8.127, 4.463, 4.921, 6.252, 6.797, 7.15, 8.272, 9.286, 9.587, 9.504, 9.708, 8.392, 7.185, 5.991, 4.265, 4.206, 5.617, 7.071, 8.765, 10.835, 13.834, 17.546, 21.463, 22.971, 21.135, 21.363, 24.587, 27.116, 27.894, 28.774, 25.729, 23.522, 23.028, 24.076, 24.094, 21.544, 17.291, 14.023, 12.512, 11.093, 9.83, 8.696, 6.686, 5.656, 5.473, 5.411, 5.424, 5.589, 4.827, 4.011, 3.75, 3.972, 3.438, 3.666, 4.408, 4.922, 4.837, 5.928, 7.735, 7.894, 5.259, 4.108, 6.411], [19.898, 21.159, 21.068, 19.56, 18.243, 18.881, 20.375, 21.811, 20.759, 16.911, 14.035, 8.993, 5.02, 6.065, 5.421, 3.953, 3.942, 3.554, 2.829, 1.718, 0.0, 1.28, 1.652, 2.018, 2.385, 2.121, 2.962, 3.994, 4.225, 4.311, 4.982, 4.83, 5.162, 5.342, 4.061, 3.531, 3.442, 4.9, 9.58, 12.317, 10.277, 8.378, 7.93, 8.135, 7.62, 6.735, 7.134, 6.421, 3.947, 3.331, 3.132, 3.8, 5.825, 7.598, 7.913, 6.723, 7.14, 9.517, 10.975, 11.298, 11.908, 11.769, 8.073, 4.24, 4.063, 5.847, 7.465, 9.296, 10.936, 11.104, 10.357, 9.694, 8.763, 9.223, 11.972, 13.404, 14.571, 14.599, 12.527, 10.058, 9.573, 10.876, 12.551, 9.126, 5.224, 5.002, 6.156, 6.973, 7.492, 9.079, 9.904, 10.047, 9.827, 9.901, 8.501, 7.429, 6.223, 5.232, 5.47, 6.699, 8.055, 9.763, 11.842, 14.84, 18.558, 22.479, 24.0, 22.137, 22.386, 25.595, 28.116, 28.894, 29.792, 26.744, 24.542, 24.038, 25.072, 25.098, 22.542, 18.285, 15.015, 13.506, 12.091, 10.827, 9.695, 7.685, 6.559, 6.313, 6.311, 6.369, 6.438, 5.883, 5.077, 4.701, 4.943, 4.338, 4.119, 4.634, 5.266, 5.39, 6.68, 8.758, 8.964, 6.301, 4.96, 7.43], [19.782, 21.091, 20.935, 19.557, 18.16, 18.786, 20.234, 21.641, 20.613, 16.796, 13.912, 8.888, 5.611, 6.68, 6.177, 4.746, 4.681, 4.243, 3.424, 2.36, 1.28, 0.0, 0.901, 1.724, 1.824, 1.515, 2.768, 4.049, 4.331, 4.368, 4.984, 4.801, 5.17, 5.327, 4.026, 3.26, 2.881, 4.541, 9.388, 12.117, 10.087, 8.191, 7.714, 7.947, 7.434, 6.602, 6.946, 6.424, 4.044, 3.864, 3.488, 3.832, 5.826, 7.623, 7.885, 6.701, 7.148, 9.522, 10.895, 11.21, 11.811, 11.743, 7.921, 4.2, 3.974, 5.699, 7.334, 9.29, 10.966, 11.127, 10.313, 9.489, 8.584, 9.1, 11.816, 13.249, 14.451, 14.472, 12.449, 10.054, 9.548, 10.791, 12.423, 9.06, 5.405, 5.7, 6.586, 7.506, 8.221, 9.709, 10.551, 10.695, 10.422, 10.429, 9.076, 8.019, 6.818, 5.682, 5.574, 6.611, 8.06, 9.759, 11.801, 14.799, 18.462, 22.44, 23.902, 22.093, 22.275, 25.471, 28.033, 28.8, 29.712, 26.755, 24.425, 23.944, 24.945, 24.985, 22.533, 18.215, 14.93, 13.482, 12.012, 10.799, 9.679, 7.705, 6.738, 6.621, 6.468, 6.269, 6.341, 5.876, 4.989, 4.786, 5.087, 4.868, 4.893, 5.264, 5.94, 5.808, 7.002, 8.791, 9.056, 6.492, 5.179, 7.332], [19.095, 20.404, 20.227, 18.87, 17.466, 18.093, 19.524, 20.946, 19.918, 16.09, 13.207, 8.215, 5.511, 6.667, 6.161, 4.676, 4.485, 3.99, 3.172, 2.325, 1.652, 0.901, 0.0, 0.993, 1.228, 1.355, 3.065, 4.48, 4.795, 4.738, 5.386, 5.468, 5.768, 5.777, 4.444, 3.326, 2.724, 3.858, 8.67, 11.414, 9.369, 7.458, 6.982, 7.226, 6.713, 5.892, 6.204, 5.721, 3.48, 3.438, 3.149, 3.124, 5.105, 6.93, 7.191, 6.003, 6.443, 8.823, 10.196, 10.511, 11.109, 11.045, 7.208, 3.783, 3.544, 5.015, 6.643, 8.599, 10.262, 10.423, 9.617, 8.791, 7.869, 8.411, 11.117, 12.536, 13.758, 13.779, 11.758, 9.353, 8.841, 10.094, 11.714, 8.387, 5.089, 5.605, 6.615, 7.495, 8.159, 9.629, 10.439, 10.563, 10.347, 10.457, 9.071, 7.967, 6.746, 5.481, 5.047, 5.95, 7.4, 9.071, 11.108, 14.11, 17.77, 21.741, 23.207, 21.399, 21.578, 24.778, 27.343, 28.106, 29.016, 26.059, 23.73, 23.251, 24.246, 24.281, 21.845, 17.53, 14.246, 12.799, 11.336, 10.142, 9.022, 7.055, 6.324, 6.312, 6.058, 5.817, 5.822, 5.253, 4.474, 4.455, 4.795, 4.713, 4.82, 5.248, 5.861, 5.599, 6.638, 8.367, 8.406, 5.925, 4.792, 6.656], [18.289, 19.595, 19.446, 18.058, 16.639, 17.277, 18.75, 20.141, 19.088, 15.263, 12.434, 7.408, 5.196, 6.624, 6.057, 4.417, 4.127, 3.622, 2.798, 2.353, 2.018, 1.724, 0.993, 0.0, 1.129, 1.797, 3.658, 5.092, 5.435, 5.376, 6.064, 6.242, 6.519, 6.472, 5.145, 3.794, 2.949, 3.227, 7.891, 10.582, 8.548, 6.679, 6.214, 6.442, 5.923, 5.062, 5.4, 4.884, 2.996, 3.005, 2.731, 2.442, 4.299, 6.109, 6.358, 5.205, 5.612, 7.985, 9.362, 9.679, 10.275, 10.213, 6.434, 3.407, 3.178, 4.331, 5.838, 7.771, 9.43, 9.593, 8.795, 7.983, 7.069, 7.595, 10.283, 11.753, 12.935, 12.961, 10.942, 8.519, 8.007, 9.27, 10.95, 7.597, 4.774, 5.461, 6.657, 7.469, 7.975, 9.336, 10.236, 10.367, 10.201, 10.422, 8.992, 7.868, 6.654, 5.079, 4.557, 5.13, 6.62, 8.267, 10.288, 13.28, 16.944, 20.916, 22.377, 20.573, 20.749, 23.958, 26.527, 27.291, 28.186, 25.235, 22.903, 22.429, 23.469, 23.508, 21.045, 16.726, 13.441, 11.998, 10.531, 9.337, 8.237, 6.537, 6.004, 5.998, 5.744, 5.506, 5.484, 4.746, 3.944, 4.083, 4.382, 4.418, 4.606, 5.162, 5.677, 5.295, 6.182, 7.988, 7.758, 5.425, 4.45, 5.857], [18.342, 19.649, 19.476, 18.111, 16.677, 17.327, 18.766, 20.16, 19.129, 15.305, 12.451, 7.458, 5.279, 6.465, 5.951, 4.486, 4.273, 3.696, 3.03, 2.718, 2.385, 1.824, 1.228, 1.129, 0.0, 1.426, 3.409, 4.78, 5.086, 5.133, 5.812, 5.994, 6.269, 6.28, 4.93, 3.465, 2.666, 3.061, 7.917, 10.63, 8.65, 6.703, 6.244, 6.474, 5.937, 5.141, 5.446, 4.961, 3.15, 3.259, 2.937, 2.641, 4.354, 6.145, 6.4, 5.233, 5.662, 8.036, 9.414, 9.742, 10.33, 10.255, 6.446, 3.674, 3.461, 4.345, 5.895, 7.81, 9.471, 9.638, 8.83, 8.004, 7.102, 7.635, 10.331, 11.767, 12.977, 13.0, 10.982, 8.572, 8.071, 9.322, 10.972, 7.64, 4.994, 5.39, 6.403, 7.289, 7.947, 9.414, 10.23, 10.338, 10.11, 10.256, 8.86, 7.76, 6.52, 5.154, 4.538, 5.23, 6.625, 8.322, 10.331, 13.325, 16.989, 20.954, 22.415, 20.611, 20.788, 23.997, 26.566, 27.334, 28.224, 25.274, 22.941, 22.475, 23.487, 23.54, 21.103, 16.778, 13.493, 12.049, 10.582, 9.39, 8.25, 6.631, 6.199, 6.237, 5.929, 5.533, 5.618, 4.745, 3.977, 4.145, 4.379, 4.46, 4.608, 5.043, 5.647, 5.386, 6.411, 8.112, 7.86, 5.507, 4.658, 5.907], [19.306, 20.586, 20.467, 19.051, 17.65, 18.277, 19.772, 21.197, 20.133, 16.316, 13.45, 8.411, 5.333, 6.115, 5.71, 4.749, 4.671, 4.105, 3.505, 2.961, 2.121, 1.515, 1.355, 1.797, 1.426, 0.0, 2.238, 3.619, 3.845, 4.087, 4.799, 4.827, 5.114, 5.225, 3.85, 2.483, 2.011, 4.015, 8.955, 11.693, 9.664, 7.707, 7.341, 7.481, 6.97, 6.221, 6.492, 6.125, 4.059, 3.678, 3.316, 3.645, 5.48, 7.167, 7.37, 6.233, 6.816, 9.097, 10.386, 10.706, 11.313, 11.233, 7.462, 3.929, 3.781, 5.301, 6.868, 8.839, 10.55, 10.778, 9.817, 9.064, 8.109, 8.611, 11.318, 12.79, 13.958, 13.968, 11.938, 9.606, 9.12, 10.277, 11.976, 8.581, 5.293, 5.18, 6.04, 6.925, 7.7, 9.315, 10.083, 10.192, 9.9, 9.856, 8.509, 7.486, 6.297, 5.193, 5.013, 6.063, 7.568, 9.259, 11.295, 14.299, 17.947, 21.928, 23.483, 21.576, 21.762, 24.973, 27.531, 28.284, 29.213, 26.244, 23.924, 23.441, 24.489, 24.519, 22.057, 17.724, 14.438, 12.997, 11.546, 10.356, 9.214, 7.289, 6.6, 6.568, 6.352, 6.216, 6.149, 5.435, 4.683, 4.588, 4.869, 4.638, 4.462, 4.894, 5.463, 5.47, 6.595, 8.665, 8.616, 6.208, 5.039, 6.861], [20.912, 22.162, 22.056, 20.561, 19.199, 19.849, 21.36, 22.767, 21.756, 17.849, 15.049, 10.053, 6.257, 6.008, 5.827, 5.541, 5.754, 5.43, 5.17, 4.361, 2.962, 2.768, 3.065, 3.658, 3.409, 2.238, 0.0, 1.677, 2.009, 2.191, 2.993, 3.074, 3.25, 3.417, 2.217, 1.53, 1.75, 5.656, 10.564, 13.359, 11.333, 9.365, 9.033, 9.202, 8.676, 7.905, 8.245, 7.789, 5.396, 4.567, 4.46, 5.271, 7.147, 8.788, 8.983, 7.891, 8.476, 10.77, 12.028, 12.222, 12.805, 12.834, 9.053, 5.164, 5.009, 6.902, 8.47, 10.485, 12.249, 12.483, 11.37, 10.711, 9.723, 10.223, 12.909, 14.349, 15.516, 15.564, 13.509, 11.256, 10.776, 11.851, 13.541, 10.149, 5.892, 5.363, 5.834, 6.799, 7.805, 9.612, 10.334, 10.416, 9.96, 9.354, 8.279, 7.601, 6.557, 5.852, 6.509, 7.783, 9.156, 10.785, 12.819, 15.789, 19.554, 23.541, 25.157, 23.201, 23.428, 26.55, 29.093, 29.867, 30.743, 27.831, 25.488, 25.004, 26.073, 26.118, 23.57, 19.306, 16.03, 14.52, 13.137, 11.904, 10.789, 8.937, 7.584, 7.269, 7.218, 7.488, 7.538, 7.047, 6.342, 6.011, 6.43, 5.925, 5.195, 5.419, 5.756, 6.125, 7.739, 9.991, 10.171, 7.563, 6.165, 8.444], [22.087, 23.336, 23.234, 21.716, 20.362, 21.028, 22.521, 23.962, 22.902, 19.085, 16.225, 11.288, 6.936, 6.353, 5.913, 6.037, 6.372, 6.247, 6.132, 5.383, 3.994, 4.049, 4.48, 5.092, 4.78, 3.619, 1.677, 0.0, 0.79, 0.983, 1.725, 1.949, 2.116, 2.374, 1.615, 1.639, 3.095, 6.711, 11.727, 14.534, 12.557, 10.651, 10.312, 10.298, 9.775, 9.198, 9.568, 8.966, 6.537, 5.456, 5.41, 6.584, 8.486, 9.823, 10.031, 8.978, 9.634, 11.867, 13.114, 13.438, 14.047, 13.884, 10.229, 6.293, 6.142, 8.151, 9.667, 11.513, 13.332, 13.609, 12.49, 11.894, 10.923, 11.393, 14.092, 15.537, 16.703, 16.728, 14.655, 12.321, 11.904, 12.995, 14.762, 11.37, 6.903, 5.634, 5.829, 6.946, 8.051, 9.902, 10.546, 10.595, 10.14, 9.151, 8.244, 7.793, 6.789, 6.385, 7.511, 8.994, 10.409, 11.968, 13.982, 17.005, 20.693, 24.624, 26.227, 24.276, 24.502, 27.718, 30.268, 31.028, 31.917, 28.888, 26.663, 26.178, 27.283, 27.347, 24.808, 20.52, 17.24, 15.747, 14.391, 13.17, 12.001, 10.008, 8.494, 8.103, 8.161, 8.512, 8.639, 8.216, 7.477, 7.206, 7.469, 6.752, 5.799, 5.718, 6.008, 6.698, 8.713, 11.04, 11.251, 8.529, 7.069, 9.698], [22.403, 23.668, 23.567, 22.042, 20.728, 21.363, 22.857, 24.317, 23.264, 19.481, 16.546, 11.553, 6.963, 6.535, 6.144, 6.177, 6.445, 6.266, 6.199, 5.423, 4.225, 4.331, 4.795, 5.435, 5.086, 3.845, 2.009, 0.79, 0.0, 1.027, 1.648, 1.889, 2.131, 2.411, 1.687, 1.97, 3.47, 7.087, 12.07, 14.936, 12.97, 11.066, 10.728, 10.72, 10.181, 9.623, 9.995, 9.356, 6.91, 5.664, 5.731, 6.952, 8.872, 10.17, 10.426, 9.356, 10.037, 12.244, 13.523, 13.797, 14.406, 14.263, 10.542, 6.567, 6.419, 8.444, 10.009, 11.879, 13.708, 13.973, 12.866, 12.297, 11.275, 11.728, 14.471, 15.886, 17.056, 17.086, 14.987, 12.695, 12.278, 13.347, 15.084, 11.667, 7.173, 5.786, 5.992, 7.118, 8.221, 10.07, 10.713, 10.767, 10.31, 9.266, 8.364, 7.962, 7.022, 6.467, 7.597, 9.227, 10.683, 12.274, 14.313, 17.327, 21.029, 25.011, 26.618, 24.654, 24.89, 28.064, 30.609, 31.366, 32.295, 29.219, 27.024, 26.538, 27.594, 27.649, 25.118, 20.846, 17.566, 16.064, 14.682, 13.454, 12.281, 10.289, 8.808, 8.328, 8.426, 8.832, 8.976, 8.486, 7.69, 7.393, 7.646, 6.73, 5.892, 5.962, 6.24, 6.888, 8.924, 11.297, 11.491, 8.816, 7.354, 9.985], [22.452, 23.704, 23.597, 22.081, 20.761, 21.405, 22.92, 24.331, 23.264, 19.471, 16.571, 11.625, 7.219, 6.678, 6.161, 6.214, 6.514, 6.381, 6.231, 5.592, 4.311, 4.368, 4.738, 5.376, 5.133, 4.087, 2.191, 0.983, 1.027, 0.0, 1.061, 1.517, 1.751, 1.984, 1.493, 2.06, 3.451, 7.077, 12.165, 14.881, 12.923, 11.029, 10.644, 10.695, 10.172, 9.507, 9.858, 9.261, 6.764, 5.582, 5.714, 6.838, 8.785, 10.197, 10.442, 9.291, 9.922, 12.159, 13.507, 13.849, 14.446, 14.313, 10.578, 6.647, 6.409, 8.465, 10.03, 11.829, 13.61, 13.856, 12.912, 12.24, 11.324, 11.75, 14.522, 15.931, 17.068, 17.114, 15.054, 12.654, 12.213, 13.405, 15.091, 11.708, 7.261, 6.006, 6.159, 7.303, 8.415, 10.269, 10.887, 10.949, 10.486, 9.404, 8.547, 8.137, 7.048, 6.74, 8.001, 9.428, 10.694, 12.307, 14.352, 17.358, 21.086, 25.0, 26.529, 24.651, 24.897, 28.103, 30.639, 31.415, 32.302, 29.295, 27.055, 26.563, 27.614, 27.655, 25.115, 20.825, 17.556, 16.058, 14.669, 13.448, 12.278, 10.27, 8.693, 8.298, 8.452, 8.743, 8.866, 8.6, 7.9, 7.625, 7.953, 7.024, 6.039, 5.905, 6.302, 7.029, 9.094, 11.418, 11.626, 8.868, 7.36, 10.013], [23.395, 24.657, 24.55, 23.065, 21.692, 22.345, 23.849, 25.254, 24.207, 20.347, 17.518, 12.517, 7.714, 6.86, 6.335, 6.418, 6.914, 6.918, 6.872, 6.153, 4.982, 4.984, 5.386, 6.064, 5.812, 4.799, 2.993, 1.725, 1.648, 1.061, 0.0, 0.989, 1.352, 1.6, 1.56, 2.707, 4.266, 8.001, 13.046, 15.762, 13.772, 11.852, 11.437, 11.591, 11.066, 10.264, 10.634, 10.068, 7.587, 6.283, 6.518, 7.61, 9.566, 11.13, 11.403, 10.21, 10.739, 13.046, 14.409, 14.747, 15.335, 15.253, 11.525, 7.522, 7.315, 9.407, 10.961, 12.794, 14.469, 14.691, 13.855, 13.125, 12.216, 12.682, 15.415, 16.853, 17.998, 18.045, 15.981, 13.586, 13.088, 14.318, 16.031, 12.626, 8.139, 6.358, 6.284, 7.447, 8.578, 10.442, 11.004, 11.085, 10.611, 9.272, 8.572, 8.25, 7.225, 7.048, 8.877, 10.302, 11.581, 13.268, 15.303, 18.298, 22.017, 25.942, 27.434, 25.593, 25.816, 29.053, 31.58, 32.357, 33.239, 30.26, 27.98, 27.484, 28.565, 28.585, 26.043, 21.779, 18.521, 17.0, 15.593, 14.352, 13.199, 11.24, 9.591, 9.217, 9.343, 9.615, 9.729, 9.526, 8.785, 8.507, 8.848, 7.77, 6.429, 6.012, 6.441, 7.352, 10.048, 12.322, 12.54, 9.871, 8.273, 10.921], [23.712, 24.976, 24.879, 23.406, 22.038, 22.689, 24.173, 25.605, 24.564, 20.74, 17.85, 12.78, 7.944, 7.125, 6.627, 6.749, 7.262, 7.317, 6.991, 6.185, 4.83, 4.801, 5.468, 6.242, 5.994, 4.827, 3.074, 1.949, 1.889, 1.517, 0.989, 0.0, 1.053, 1.447, 1.542, 2.826, 4.594, 8.397, 13.427, 16.134, 14.135, 12.212, 11.797, 11.947, 11.429, 10.633, 10.97, 10.522, 8.022, 6.67, 6.887, 7.994, 9.895, 11.534, 11.758, 10.603, 11.207, 13.472, 14.78, 15.096, 15.728, 15.627, 11.875, 7.778, 7.587, 9.69, 11.278, 13.188, 14.928, 15.166, 14.222, 13.502, 12.568, 13.018, 15.772, 17.21, 18.372, 18.401, 16.319, 13.98, 13.505, 14.672, 16.361, 12.935, 8.294, 6.503, 6.553, 7.727, 8.842, 10.708, 11.289, 11.385, 10.92, 9.519, 8.867, 8.534, 7.537, 7.449, 9.193, 10.491, 11.892, 13.6, 15.658, 18.654, 22.352, 26.298, 27.84, 25.949, 26.177, 29.397, 31.919, 32.694, 33.587, 30.612, 28.334, 27.828, 28.891, 28.894, 26.377, 22.093, 18.833, 17.319, 15.906, 14.641, 13.519, 11.549, 9.893, 9.479, 9.578, 9.887, 10.005, 9.708, 8.907, 8.541, 8.873, 7.916, 6.685, 6.278, 6.72, 7.684, 10.316, 12.49, 12.75, 10.128, 8.5, 11.239], [23.85, 25.091, 25.006, 23.492, 22.173, 22.814, 24.316, 25.743, 24.694, 20.834, 17.967, 12.92, 8.147, 7.169, 6.679, 7.026, 7.563, 7.548, 7.237, 6.46, 5.162, 5.17, 5.768, 6.519, 6.269, 5.114, 3.25, 2.116, 2.131, 1.751, 1.352, 1.053, 0.0, 0.814, 1.614, 3.045, 4.693, 8.555, 13.548, 16.292, 14.295, 12.342, 11.98, 12.113, 11.616, 10.831, 11.212, 10.691, 8.191, 6.81, 7.079, 8.168, 10.053, 11.692, 11.869, 10.776, 11.38, 13.662, 14.927, 15.223, 15.831, 15.74, 11.991, 7.899, 7.706, 9.795, 11.399, 13.36, 15.115, 15.351, 14.333, 13.644, 12.678, 13.163, 15.909, 17.316, 18.488, 18.52, 16.461, 14.148, 13.674, 14.792, 16.483, 13.069, 8.467, 6.549, 6.567, 7.678, 8.89, 10.757, 11.216, 11.319, 10.84, 9.431, 8.806, 8.48, 7.737, 7.711, 9.306, 10.681, 12.005, 13.697, 15.773, 18.76, 22.499, 26.453, 28.05, 26.103, 26.345, 29.52, 32.045, 32.829, 33.715, 30.748, 28.468, 27.973, 29.005, 29.042, 26.486, 22.232, 18.957, 17.44, 16.032, 14.779, 13.622, 11.678, 10.056, 9.615, 9.733, 10.079, 10.233, 9.883, 9.084, 8.767, 9.082, 8.078, 6.913, 6.463, 6.741, 7.873, 10.374, 12.672, 12.906, 10.291, 8.687, 11.356], [23.984, 25.236, 25.141, 23.683, 22.318, 22.958, 24.45, 25.88, 24.828, 20.979, 18.118, 13.05, 8.318, 7.267, 6.758, 7.099, 7.7, 7.673, 7.315, 6.589, 5.342, 5.327, 5.777, 6.472, 6.28, 5.225, 3.417, 2.374, 2.411, 1.984, 1.6, 1.447, 0.814, 0.0, 1.602, 3.091, 4.821, 8.727, 13.724, 16.383, 14.416, 12.492, 12.053, 12.282, 11.777, 10.921, 11.322, 10.848, 8.335, 6.959, 7.232, 8.285, 10.135, 11.869, 12.085, 10.94, 11.536, 13.824, 15.116, 15.369, 16.008, 15.935, 12.164, 8.051, 7.859, 9.955, 11.547, 13.541, 15.288, 15.516, 14.519, 13.761, 12.841, 13.292, 16.071, 17.473, 18.628, 18.674, 16.641, 14.322, 13.835, 14.971, 16.628, 13.227, 8.59, 6.614, 6.614, 7.696, 8.958, 10.805, 11.218, 11.286, 10.794, 9.273, 8.83, 8.497, 7.777, 7.807, 9.408, 10.76, 12.181, 13.889, 15.965, 18.933, 22.683, 26.645, 28.198, 26.292, 26.518, 29.681, 32.188, 32.971, 33.861, 30.946, 28.61, 28.106, 29.148, 29.169, 26.617, 22.352, 19.106, 17.578, 16.16, 14.9, 13.805, 11.869, 10.232, 9.802, 9.9, 10.259, 10.375, 10.056, 9.252, 8.877, 9.223, 8.24, 7.094, 6.535, 6.762, 8.01, 10.534, 12.841, 13.078, 10.49, 8.778, 11.499], [22.836, 24.118, 23.997, 22.583, 21.116, 21.774, 23.28, 24.7, 23.655, 19.779, 16.996, 11.929, 7.337, 6.692, 6.232, 6.241, 6.643, 6.595, 6.2, 5.347, 4.061, 4.026, 4.444, 5.145, 4.93, 3.85, 2.217, 1.615, 1.687, 1.493, 1.56, 1.542, 1.614, 1.602, 0.0, 1.834, 3.668, 7.566, 12.539, 15.165, 13.242, 11.282, 10.815, 11.093, 10.59, 9.679, 10.078, 9.616, 7.092, 5.852, 5.954, 7.043, 8.933, 10.722, 10.93, 9.758, 10.296, 12.616, 13.957, 14.211, 14.829, 14.78, 10.982, 6.896, 6.742, 8.777, 10.374, 12.384, 14.066, 14.294, 13.371, 12.573, 11.645, 12.129, 14.891, 16.303, 17.451, 17.48, 15.483, 13.127, 12.628, 13.815, 15.489, 12.118, 7.468, 5.95, 6.092, 7.26, 8.348, 10.199, 10.805, 10.869, 10.408, 9.157, 8.436, 8.085, 7.109, 6.855, 8.207, 9.565, 11.092, 12.798, 14.839, 17.807, 21.512, 25.504, 27.024, 25.162, 25.339, 28.527, 31.016, 31.792, 32.7, 29.814, 27.437, 26.917, 28.015, 28.038, 25.536, 21.226, 18.001, 16.503, 15.055, 13.837, 12.73, 10.789, 9.171, 8.777, 8.827, 9.18, 9.245, 8.827, 8.051, 7.737, 8.007, 7.176, 6.211, 5.873, 6.253, 7.051, 9.438, 11.741, 11.943, 9.338, 7.713, 10.329], [21.257, 22.519, 22.415, 20.974, 19.554, 20.201, 21.697, 23.106, 22.056, 18.19, 15.412, 10.376, 5.965, 5.474, 5.1, 4.955, 5.263, 5.135, 4.845, 4.491, 3.531, 3.26, 3.326, 3.794, 3.465, 2.483, 1.53, 1.639, 1.97, 2.06, 2.707, 2.826, 3.045, 3.091, 1.834, 0.0, 2.04, 5.9, 10.847, 13.578, 11.515, 9.599, 9.233, 9.398, 8.893, 8.064, 8.445, 8.016, 5.536, 4.383, 4.407, 5.469, 7.362, 9.07, 9.274, 8.113, 8.703, 10.997, 12.274, 12.602, 13.211, 13.123, 9.401, 5.39, 5.24, 7.25, 8.826, 10.745, 12.475, 12.699, 11.703, 10.964, 10.047, 10.556, 13.225, 14.723, 15.86, 15.9, 13.845, 11.489, 10.985, 12.181, 13.919, 10.514, 5.98, 4.799, 5.191, 6.204, 7.248, 9.044, 9.763, 9.828, 9.376, 8.715, 7.643, 7.011, 5.807, 5.392, 6.599, 7.992, 9.513, 11.18, 13.197, 16.187, 19.858, 23.83, 25.379, 23.497, 23.657, 26.894, 29.431, 30.206, 31.114, 28.138, 25.816, 25.35, 26.435, 26.48, 23.99, 19.675, 16.405, 14.937, 13.512, 12.301, 11.163, 9.183, 7.569, 7.234, 7.223, 7.559, 7.626, 7.215, 6.454, 6.177, 6.501, 5.754, 4.822, 4.697, 5.05, 5.773, 7.902, 10.144, 10.327, 7.718, 6.142, 8.805], [19.319, 20.583, 20.479, 18.997, 17.594, 18.26, 19.77, 21.179, 20.146, 16.226, 13.471, 8.519, 5.523, 5.518, 5.316, 4.839, 5.045, 4.564, 4.528, 4.441, 3.442, 2.881, 2.724, 2.949, 2.666, 2.011, 1.75, 3.095, 3.47, 3.451, 4.266, 4.594, 4.693, 4.821, 3.668, 2.04, 0.0, 4.03, 8.938, 11.731, 9.706, 7.968, 7.568, 7.568, 7.022, 6.285, 6.943, 6.163, 4.019, 3.9, 3.596, 4.168, 5.859, 7.174, 7.336, 6.315, 6.868, 9.124, 10.375, 10.643, 11.225, 11.183, 7.466, 4.059, 3.813, 5.333, 6.9, 8.843, 10.607, 10.832, 9.746, 9.078, 8.146, 8.631, 11.291, 12.766, 13.93, 13.976, 11.891, 9.605, 9.129, 10.242, 11.984, 8.579, 5.023, 4.837, 5.356, 6.303, 7.273, 9.063, 9.796, 9.893, 9.427, 8.975, 7.81, 7.084, 5.936, 5.119, 5.543, 6.551, 7.601, 9.222, 11.226, 14.213, 17.924, 21.91, 23.486, 21.56, 21.762, 24.96, 27.494, 28.276, 29.132, 26.216, 23.883, 23.399, 24.503, 24.545, 22.023, 17.749, 14.476, 12.966, 11.59, 10.368, 9.238, 7.345, 6.22, 6.036, 6.025, 6.081, 6.017, 5.814, 5.065, 4.749, 5.444, 5.151, 4.512, 4.871, 5.16, 5.41, 6.831, 8.897, 9.1, 6.491, 5.122, 6.909], [15.584, 16.829, 16.75, 15.197, 13.818, 14.536, 16.014, 17.426, 16.333, 12.571, 9.803, 6.157, 6.143, 7.616, 7.206, 6.005, 5.509, 4.832, 4.789, 4.878, 4.9, 4.541, 3.858, 3.227, 3.061, 4.015, 5.656, 6.711, 7.087, 7.077, 8.001, 8.397, 8.5