[[0.0, 1.385, 2.393, 2.871, 3.023, 2.604, 2.152, 3.414, 4.229, 4.531, 3.521, 2.266, 2.206, 2.784, 3.447, 3.571, 3.028, 2.683, 2.584, 4.174, 4.447, 3.869, 3.829, 4.182, 3.917, 4.064, 4.278, 4.929, 3.841, 2.728, 2.319, 2.609, 3.337, 3.367, 3.48, 3.47, 3.052, 3.096, 2.502, 2.42, 3.083, 3.18, 3.689, 2.736, 2.737, 3.02, 3.358, 3.644, 3.571, 3.456, 3.586, 4.212, 4.147, 4.123, 4.767, 5.945, 6.663, 9.086, 9.883, 7.775, 6.488, 8.749, 10.073, 7.014, 5.06, 3.752, 2.725, 2.987, 2.844, 3.549, 4.106, 5.154, 7.407, 7.889, 6.221, 6.759, 8.405, 7.909, 7.779, 7.014, 6.256, 6.37, 5.723, 6.111, 5.978, 7.466, 10.252, 12.373, 12.806, 11.969, 10.471, 10.038, 10.647, 11.673, 12.873, 13.055, 12.575, 13.454, 13.93, 13.359, 10.886, 10.306, 12.098, 13.482, 12.572, 8.872, 7.124, 8.232, 8.284, 6.248, 7.195, 8.312, 6.219, 4.548, 5.213, 5.546, 3.999, 3.096, 4.475, 4.157, 3.728, 4.281, 5.145, 3.828, 3.262, 3.346, 3.519, 4.43, 5.3, 4.93, 4.392, 4.504, 4.252, 4.322, 4.413, 4.608, 5.264, 6.211, 8.074, 9.919, 9.12, 9.764, 10.643, 10.236, 10.503, 11.383, 10.723, 9.458, 10.038, 9.849, 8.503, 8.947, 8.871, 8.53, 8.972, 8.866, 8.223, 8.048, 5.745, 3.114, 3.596, 4.194, 4.019, 3.699, 3.545, 3.128, 3.437, 3.345, 2.81, 2.904, 3.263, 4.091, 4.811, 6.101, 8.534, 8.632, 9.036, 10.055, 9.834, 9.23, 9.168, 8.706, 7.639, 7.888, 7.929, 8.661, 10.999, 11.897, 11.177, 10.609, 10.879, 11.537, 11.24, 10.62, 9.576, 8.573, 8.556, 9.474, 9.531, 8.945, 10.502, 12.095, 11.62, 10.445, 9.907, 9.593, 10.356, 11.398, 10.624, 10.676, 10.944, 11.577, 10.902, 10.571, 10.234, 11.695, 14.929, 16.784, 16.736, 15.499, 14.716, 14.783, 15.95, 16.409, 15.138, 13.857, 14.446, 12.414, 9.644, 10.505], [1.385, 0.0, 2.626, 2.687, 2.828, 1.712, 1.728, 3.759, 4.61, 4.843, 3.838, 2.618, 2.317, 3.011, 3.655, 3.691, 3.001, 2.512, 2.801, 4.507, 4.988, 4.216, 4.253, 4.653, 3.878, 3.338, 3.368, 4.155, 2.974, 2.139, 1.965, 2.331, 3.05, 2.979, 3.603, 3.595, 3.353, 3.127, 2.761, 2.323, 2.454, 2.723, 3.323, 2.869, 3.036, 3.244, 3.399, 3.084, 2.915, 2.957, 2.816, 3.805, 4.101, 4.396, 5.12, 6.24, 7.16, 9.573, 10.451, 8.252, 6.828, 9.099, 10.515, 7.557, 5.574, 4.061, 2.662, 2.245, 2.549, 3.03, 3.982, 5.484, 7.713, 8.234, 6.57, 7.104, 8.73, 8.242, 8.085, 7.344, 6.516, 6.737, 6.078, 6.441, 6.411, 7.78, 10.662, 12.823, 13.136, 12.289, 10.799, 10.34, 10.974, 11.974, 13.187, 13.353, 12.882, 13.801, 14.375, 13.804, 11.201, 10.657, 12.414, 13.919, 12.967, 9.416, 7.591, 8.664, 8.852, 6.819, 7.735, 8.878, 6.8, 5.041, 5.744, 6.106, 4.158, 3.395, 5.037, 4.471, 3.905, 4.6, 5.492, 4.136, 3.169, 3.221, 3.692, 4.77, 5.69, 5.372, 4.842, 4.777, 4.31, 4.267, 4.76, 4.855, 5.667, 6.677, 8.475, 10.259, 9.438, 10.088, 10.959, 10.6, 10.807, 11.699, 11.08, 9.801, 10.369, 10.222, 8.821, 9.281, 9.22, 8.877, 9.288, 9.362, 8.789, 8.422, 6.105, 3.205, 3.829, 4.595, 4.398, 3.824, 2.973, 2.34, 2.457, 2.6, 2.457, 2.697, 2.957, 4.274, 5.109, 6.419, 8.871, 8.997, 9.52, 10.469, 10.183, 9.528, 9.476, 9.026, 7.923, 8.239, 8.266, 9.019, 11.288, 12.209, 11.505, 10.945, 11.197, 11.86, 11.57, 10.945, 9.91, 8.939, 8.892, 9.989, 9.895, 9.266, 10.797, 12.543, 12.005, 10.743, 10.208, 9.929, 10.677, 11.736, 11.115, 11.106, 11.336, 11.916, 11.214, 10.878, 10.547, 12.053, 15.299, 17.108, 17.15, 15.972, 15.149, 15.228, 16.456, 16.924, 15.606, 14.346, 15.006, 12.973, 10.162, 11.073], [2.393, 2.626, 0.0, 1.764, 3.123, 2.892, 2.168, 2.887, 3.475, 3.894, 2.933, 2.81, 2.923, 3.478, 3.908, 4.098, 3.703, 3.763, 3.137, 4.289, 4.377, 4.452, 4.327, 4.14, 3.761, 4.501, 5.49, 6.332, 4.943, 3.631, 3.145, 3.189, 3.915, 3.919, 4.111, 4.159, 3.85, 3.738, 3.33, 3.051, 3.689, 3.765, 4.213, 3.468, 3.362, 3.61, 3.887, 4.402, 4.2, 4.021, 4.242, 4.736, 4.706, 4.347, 4.757, 5.408, 6.401, 7.573, 8.364, 6.786, 6.492, 7.481, 8.285, 6.27, 4.822, 3.306, 3.072, 3.41, 2.888, 3.473, 3.568, 3.99, 5.872, 6.259, 4.891, 5.397, 7.102, 6.944, 7.351, 6.994, 6.158, 6.284, 6.041, 6.208, 6.049, 7.12, 8.965, 10.518, 11.143, 11.029, 9.47, 9.459, 10.295, 11.155, 12.162, 12.551, 12.173, 12.039, 12.073, 11.615, 9.892, 9.335, 10.484, 11.786, 10.638, 6.869, 5.23, 6.314, 6.388, 4.287, 5.283, 6.342, 4.471, 3.428, 4.357, 4.049, 3.712, 3.066, 3.04, 3.094, 2.907, 3.247, 3.986, 3.223, 2.95, 3.82, 3.824, 4.112, 4.561, 4.831, 4.54, 4.912, 4.9, 4.883, 5.107, 5.05, 5.45, 6.269, 7.405, 8.523, 7.866, 8.898, 9.888, 9.302, 9.866, 10.785, 9.972, 9.217, 9.589, 9.218, 8.087, 8.056, 7.817, 7.777, 7.871, 7.234, 7.103, 7.206, 5.488, 3.269, 3.199, 3.88, 4.328, 4.103, 3.332, 3.839, 4.404, 4.722, 3.215, 2.701, 3.536, 4.049, 4.475, 4.964, 7.237, 7.509, 8.228, 9.044, 9.218, 8.698, 8.316, 8.21, 7.766, 7.755, 7.541, 8.559, 10.272, 11.272, 10.735, 10.286, 10.186, 10.476, 10.37, 9.636, 8.576, 8.039, 8.035, 8.628, 8.613, 8.191, 9.115, 10.583, 10.526, 9.664, 9.279, 9.184, 9.753, 10.23, 9.564, 9.62, 9.912, 10.102, 9.613, 9.987, 9.318, 10.121, 13.107, 15.115, 14.724, 13.611, 12.824, 12.832, 14.104, 14.398, 13.169, 12.027, 12.469, 10.435, 7.771, 8.585], [2.871, 2.687, 1.764, 0.0, 2.4, 2.754, 2.864, 4.21, 4.81, 5.452, 4.398, 4.104, 4.054, 4.551, 5.269, 5.313, 4.827, 4.316, 4.294, 5.635, 5.643, 5.502, 5.268, 5.253, 4.228, 4.996, 5.698, 6.261, 4.916, 3.867, 3.81, 4.113, 4.799, 4.755, 5.282, 5.325, 4.99, 4.756, 4.439, 3.991, 4.17, 4.391, 4.844, 4.51, 4.548, 4.814, 4.995, 4.877, 4.848, 4.854, 4.806, 5.694, 5.832, 5.653, 6.316, 6.991, 7.755, 9.035, 9.707, 8.134, 7.861, 8.998, 9.694, 7.542, 6.261, 4.666, 3.849, 3.826, 3.655, 4.098, 4.601, 5.515, 7.442, 7.581, 6.457, 6.952, 8.657, 8.522, 8.93, 8.54, 7.694, 7.827, 7.303, 7.625, 7.565, 8.697, 10.497, 11.552, 12.577, 12.604, 11.052, 11.04, 11.877, 12.732, 13.729, 14.129, 13.728, 13.545, 13.062, 12.906, 11.469, 10.917, 11.985, 13.084, 11.403, 7.728, 6.29, 7.242, 6.982, 5.16, 6.218, 7.103, 5.413, 4.877, 5.823, 5.384, 4.476, 4.262, 4.152, 4.298, 4.021, 4.74, 5.486, 4.667, 3.979, 4.909, 5.161, 5.436, 6.004, 6.284, 5.95, 6.202, 6.023, 5.935, 6.247, 6.311, 6.879, 7.545, 8.861, 10.041, 9.443, 10.481, 11.471, 10.771, 11.373, 12.294, 11.518, 10.794, 11.165, 10.791, 9.666, 9.615, 9.385, 9.36, 9.445, 8.625, 8.473, 8.676, 6.988, 4.432, 4.683, 5.402, 5.512, 5.175, 4.236, 4.155, 4.583, 4.79, 4.183, 3.939, 4.543, 5.501, 6.004, 6.51, 8.754, 8.93, 9.595, 10.602, 10.799, 10.279, 9.898, 9.792, 9.279, 9.237, 9.091, 10.126, 11.785, 12.701, 12.318, 11.864, 11.768, 12.057, 11.952, 11.209, 10.152, 9.482, 9.526, 10.105, 10.181, 9.67, 10.687, 11.769, 12.06, 11.209, 10.861, 10.767, 11.335, 11.804, 11.053, 11.141, 11.433, 11.663, 11.186, 11.567, 10.899, 11.617, 14.376, 16.353, 15.608, 14.427, 13.811, 13.813, 14.868, 15.09, 13.994, 13.195, 13.45, 11.31, 8.992, 9.623], [3.023, 2.828, 3.123, 2.4, 0.0, 1.835, 3.742, 5.55, 6.074, 6.796, 5.64, 5.056, 4.804, 5.461, 6.244, 6.292, 5.48, 4.848, 5.312, 6.83, 6.876, 6.317, 6.231, 6.28, 5.262, 4.9, 4.917, 4.891, 4.375, 4.161, 4.451, 4.799, 5.462, 5.596, 6.12, 6.145, 5.628, 5.489, 5.09, 4.785, 4.332, 4.781, 5.193, 5.148, 5.425, 5.714, 5.934, 5.522, 5.206, 5.189, 5.324, 6.206, 6.737, 6.815, 7.559, 8.309, 9.115, 10.488, 11.194, 9.442, 9.025, 10.471, 11.288, 8.982, 7.544, 5.922, 4.996, 4.501, 4.521, 4.901, 5.769, 6.911, 8.959, 9.236, 7.989, 8.487, 10.183, 9.903, 10.308, 9.736, 8.892, 9.088, 8.458, 8.834, 8.769, 9.964, 12.053, 13.396, 14.197, 14.101, 12.483, 12.373, 13.204, 14.083, 15.164, 15.509, 15.068, 15.072, 14.933, 14.523, 12.949, 12.335, 13.52, 14.73, 13.45, 9.642, 8.075, 9.065, 9.076, 6.91, 8.047, 9.039, 7.193, 6.231, 7.24, 6.846, 5.427, 5.394, 5.631, 5.713, 5.315, 6.208, 7.02, 5.993, 4.975, 5.709, 6.271, 6.79, 7.469, 7.557, 7.128, 7.297, 6.846, 6.675, 7.089, 7.366, 8.04, 8.775, 10.228, 11.482, 10.917, 11.915, 12.918, 12.248, 12.75, 13.702, 12.953, 12.106, 12.56, 12.22, 11.019, 11.078, 10.912, 10.8, 10.861, 10.128, 9.913, 10.163, 8.228, 5.44, 5.884, 6.64, 6.624, 5.98, 4.999, 4.058, 4.196, 4.128, 4.911, 4.899, 5.487, 6.675, 7.187, 7.978, 10.321, 10.413, 11.01, 12.097, 12.235, 11.607, 11.348, 11.186, 10.446, 10.463, 10.331, 11.399, 13.216, 14.231, 13.738, 13.229, 13.191, 13.542, 13.366, 12.668, 11.541, 10.86, 10.828, 11.531, 11.612, 11.105, 12.135, 13.458, 13.542, 12.661, 12.272, 12.172, 12.783, 13.299, 12.512, 12.649, 12.829, 13.163, 12.696, 13.015, 12.342, 13.196, 16.075, 18.12, 17.555, 16.468, 15.726, 15.724, 16.857, 17.181, 16.006, 14.926, 15.25, 13.222, 10.604, 11.264], [2.604, 1.712, 2.892, 2.754, 1.835, 0.0, 2.598, 4.581, 5.404, 5.894, 4.777, 3.949, 3.536, 4.209, 5.017, 4.901, 4.089, 3.479, 4.118, 5.827, 6.216, 5.271, 5.349, 5.629, 4.494, 3.521, 3.53, 3.847, 2.904, 2.682, 2.889, 3.388, 4.021, 4.172, 4.754, 4.754, 4.371, 4.229, 3.91, 3.526, 2.99, 3.558, 3.787, 3.675, 4.371, 4.451, 4.674, 4.045, 3.673, 3.718, 3.773, 4.686, 5.344, 5.548, 6.472, 7.388, 8.318, 10.019, 10.776, 8.832, 7.926, 9.731, 10.79, 8.474, 6.786, 5.035, 3.839, 3.293, 3.54, 3.895, 4.898, 6.219, 8.293, 8.768, 7.303, 7.84, 9.488, 9.115, 9.334, 8.696, 7.739, 8.034, 7.355, 7.656, 7.712, 8.974, 11.502, 13.123, 13.641, 13.348, 11.666, 11.491, 12.252, 13.165, 14.315, 14.538, 14.084, 14.376, 14.679, 14.147, 12.192, 11.563, 12.881, 14.351, 13.173, 9.603, 7.806, 8.819, 8.963, 7.015, 7.997, 9.131, 7.161, 5.71, 6.623, 6.436, 4.925, 4.281, 5.352, 5.102, 4.767, 5.494, 6.311, 5.083, 4.159, 4.505, 4.964, 5.792, 6.736, 6.566, 6.092, 6.03, 5.423, 5.242, 5.917, 6.183, 6.931, 7.846, 9.543, 10.717, 10.215, 11.032, 12.071, 11.436, 11.855, 12.757, 12.112, 11.106, 11.623, 11.339, 10.063, 10.269, 10.202, 9.983, 10.004, 9.709, 9.471, 9.324, 7.24, 4.392, 4.845, 5.61, 5.613, 4.87, 3.794, 2.89, 2.685, 2.953, 3.725, 3.902, 4.257, 5.614, 6.222, 7.328, 9.665, 9.675, 10.447, 11.41, 11.349, 10.684, 10.554, 10.258, 9.278, 9.475, 9.302, 10.35, 12.336, 13.311, 12.792, 12.256, 12.352, 12.849, 12.528, 11.865, 10.597, 9.935, 9.814, 10.865, 10.795, 10.189, 11.396, 13.104, 12.823, 11.825, 11.343, 11.205, 11.921, 12.542, 11.905, 11.985, 12.05, 12.436, 11.968, 12.12, 11.523, 12.673, 15.676, 17.622, 17.43, 16.295, 15.483, 15.509, 16.693, 17.189, 15.942, 14.706, 15.279, 13.24, 10.345, 11.252], [2.152, 1.728, 2.168, 2.864, 3.742, 2.598, 0.0, 2.31, 3.336, 3.607, 2.576, 1.952, 2.089, 2.413, 2.854, 2.93, 2.662, 2.609, 2.012, 3.499, 4.138, 3.462, 3.396, 3.7, 3.139, 3.168, 4.04, 4.739, 3.207, 2.173, 1.883, 1.853, 2.531, 2.409, 2.931, 2.933, 2.764, 2.548, 2.053, 1.756, 1.994, 2.251, 2.679, 2.437, 2.658, 2.586, 2.691, 2.893, 2.55, 2.422, 2.445, 3.099, 3.326, 3.095, 3.952, 5.066, 5.963, 8.375, 9.221, 6.997, 5.764, 7.872, 9.304, 6.289, 4.494, 2.754, 1.75, 1.853, 1.728, 2.103, 2.961, 4.234, 6.576, 6.948, 5.241, 5.765, 7.386, 6.93, 6.944, 6.245, 5.266, 5.526, 4.874, 5.128, 5.194, 6.692, 9.632, 11.693, 11.92, 11.119, 9.516, 9.216, 9.883, 10.837, 11.999, 12.21, 11.699, 12.369, 13.265, 12.515, 9.962, 9.542, 11.188, 12.689, 11.729, 8.165, 6.432, 7.537, 7.725, 5.654, 6.666, 7.744, 5.628, 3.899, 4.64, 4.895, 3.139, 2.317, 3.808, 3.33, 2.756, 3.384, 4.187, 2.92, 2.281, 2.413, 2.72, 3.492, 4.415, 4.035, 3.703, 3.768, 3.563, 3.451, 3.774, 4.042, 4.45, 5.322, 7.183, 8.947, 8.18, 8.915, 9.799, 9.178, 9.546, 10.404, 9.798, 8.64, 9.246, 8.974, 7.707, 8.058, 7.977, 7.722, 8.088, 8.101, 7.635, 7.106, 4.926, 2.229, 2.568, 3.288, 3.363, 3.042, 1.905, 2.219, 2.725, 3.194, 2.167, 1.804, 2.086, 3.174, 4.025, 5.206, 7.526, 7.527, 8.322, 9.195, 8.98, 8.367, 8.342, 7.901, 6.782, 7.167, 7.093, 7.846, 10.027, 10.98, 10.37, 9.819, 10.038, 10.662, 10.354, 9.692, 8.753, 7.738, 7.629, 8.793, 8.66, 7.902, 9.488, 11.164, 10.625, 9.542, 9.012, 8.797, 9.558, 10.416, 9.813, 9.865, 10.087, 10.79, 9.913, 9.754, 9.293, 10.897, 14.194, 15.803, 16.012, 14.888, 14.075, 14.084, 15.217, 15.781, 14.535, 13.247, 13.857, 11.832, 8.944, 9.793], [3.414, 3.759, 2.887, 4.21, 5.55, 4.581, 2.31, 0.0, 1.655, 2.15, 1.93, 2.549, 3.109, 3.046, 2.853, 2.869, 3.188, 3.737, 2.486, 2.157, 2.715, 2.769, 2.739, 2.711, 2.732, 4.276, 5.995, 6.772, 5.143, 3.913, 3.281, 2.713, 2.956, 2.913, 2.593, 2.501, 3.005, 3.063, 2.217, 2.32, 3.178, 2.81, 2.94, 3.103, 3.0, 2.586, 2.658, 3.611, 3.517, 3.001, 3.426, 3.129, 2.626, 2.046, 2.384, 2.988, 4.117, 6.376, 7.245, 5.126, 4.511, 5.944, 7.294, 4.27, 2.589, 1.373, 1.966, 2.317, 1.893, 1.959, 1.918, 2.25, 4.603, 4.873, 3.179, 3.674, 5.302, 4.837, 4.872, 4.456, 3.606, 3.734, 3.437, 3.559, 3.503, 4.786, 7.63, 9.663, 9.96, 8.977, 7.444, 7.076, 7.839, 8.666, 9.821, 10.04, 9.614, 10.378, 11.243, 10.497, 7.796, 7.543, 9.206, 10.684, 9.744, 6.226, 4.988, 5.784, 5.898, 4.06, 4.756, 5.801, 3.811, 1.972, 2.603, 3.018, 2.229, 1.593, 2.278, 1.925, 1.697, 1.672, 2.225, 1.258, 1.581, 1.88, 1.736, 2.217, 2.851, 2.485, 2.314, 2.471, 2.65, 2.702, 2.658, 3.013, 3.063, 3.594, 5.025, 7.003, 6.166, 6.844, 7.779, 7.156, 7.473, 8.248, 7.638, 6.615, 7.116, 6.818, 5.671, 5.964, 5.781, 5.705, 6.137, 6.086, 5.636, 5.064, 3.073, 1.256, 1.23, 1.677, 1.927, 1.836, 1.9, 3.186, 4.69, 5.166, 3.473, 2.188, 1.997, 1.934, 2.144, 3.242, 5.414, 5.578, 6.31, 6.985, 6.855, 6.233, 6.151, 5.748, 5.146, 5.229, 5.263, 5.945, 7.85, 8.804, 8.285, 7.765, 7.962, 8.549, 8.334, 7.685, 6.802, 5.814, 5.694, 6.768, 6.494, 5.715, 7.528, 9.173, 8.43, 7.368, 6.84, 6.739, 7.417, 8.242, 7.732, 7.793, 8.104, 8.828, 7.908, 7.76, 7.142, 8.908, 12.194, 13.804, 14.035, 12.879, 12.066, 12.094, 13.219, 13.773, 12.539, 11.235, 11.839, 9.813, 6.903, 7.801], [4.229, 4.61, 3.475, 4.81, 6.074, 5.404, 3.336, 1.655, 0.0, 1.729, 2.007, 3.244, 3.975, 3.77, 3.374, 3.435, 4.074, 4.8, 3.027, 2.106, 2.228, 2.77, 2.404, 2.195, 2.571, 5.022, 7.074, 7.886, 6.279, 5.038, 4.242, 3.69, 3.987, 4.01, 3.39, 2.889, 3.674, 3.813, 2.985, 3.239, 4.282, 3.658, 3.873, 4.045, 3.594, 2.906, 3.478, 4.599, 4.585, 3.995, 4.467, 3.607, 2.476, 1.928, 2.366, 2.249, 3.516, 5.362, 6.288, 4.193, 3.626, 4.988, 6.247, 3.554, 1.913, 1.676, 2.86, 2.976, 2.813, 2.739, 2.372, 1.618, 3.428, 3.737, 2.491, 2.775, 4.342, 3.933, 4.235, 3.747, 2.93, 3.184, 2.756, 3.015, 2.805, 4.031, 6.46, 8.499, 8.763, 8.093, 6.537, 6.34, 7.146, 8.011, 9.141, 9.436, 9.047, 9.376, 10.06, 9.391, 6.927, 6.583, 8.112, 9.565, 8.66, 5.118, 4.608, 4.714, 4.873, 3.392, 3.572, 4.652, 2.728, 1.29, 1.735, 1.985, 1.78, 1.954, 1.564, 1.664, 2.012, 2.085, 2.272, 1.454, 1.813, 2.372, 2.025, 1.759, 2.344, 2.176, 1.869, 1.982, 3.027, 3.143, 1.941, 2.045, 2.343, 3.077, 4.383, 5.991, 5.096, 6.084, 6.902, 6.32, 6.814, 7.713, 6.951, 6.078, 6.487, 6.194, 4.951, 5.119, 4.923, 4.797, 5.198, 5.007, 4.779, 4.276, 2.334, 1.822, 1.514, 1.615, 1.48, 1.775, 2.405, 4.018, 5.72, 6.218, 4.569, 3.379, 2.691, 1.95, 1.724, 2.372, 4.472, 4.627, 5.437, 6.148, 6.197, 5.547, 5.327, 5.113, 4.475, 4.552, 4.494, 5.358, 7.242, 8.245, 7.666, 7.163, 7.126, 7.56, 7.354, 6.739, 5.973, 5.088, 4.977, 6.003, 5.694, 5.121, 6.463, 8.095, 7.597, 6.661, 6.199, 6.109, 6.732, 7.4, 6.774, 6.796, 7.174, 7.757, 6.919, 7.046, 6.3, 7.748, 10.997, 12.654, 12.899, 11.682, 10.87, 10.906, 12.105, 12.618, 11.342, 10.042, 10.677, 8.655, 5.861, 6.75], [4.531, 4.843, 3.894, 5.452, 6.796, 5.894, 3.607, 2.15, 1.729, 0.0, 1.486, 2.883, 4.062, 3.788, 2.691, 3.354, 4.167, 4.826, 3.286, 1.439, 1.706, 2.214, 2.321, 2.182, 3.438, 5.381, 7.14, 7.99, 6.469, 5.261, 4.437, 3.73, 4.032, 4.15, 3.442, 2.926, 3.676, 3.823, 3.091, 3.528, 4.548, 3.96, 4.166, 4.192, 3.177, 2.409, 3.439, 4.591, 4.631, 4.012, 4.456, 4.048, 2.863, 2.251, 1.569, 1.765, 3.18, 5.342, 6.283, 4.055, 3.48, 4.878, 6.296, 3.343, 1.845, 2.36, 3.563, 3.618, 3.063, 3.128, 2.995, 2.143, 3.388, 3.637, 2.135, 2.44, 4.141, 3.546, 3.565, 3.285, 2.459, 2.743, 2.497, 2.654, 2.652, 3.602, 6.4, 8.574, 8.769, 7.76, 6.151, 5.931, 6.593, 7.407, 8.548, 8.767, 8.461, 9.243, 10.117, 9.451, 6.547, 6.318, 8.093, 9.647, 8.679, 5.183, 4.283, 4.567, 4.813, 3.09, 3.859, 4.708, 2.887, 2.159, 2.233, 2.407, 2.987, 2.654, 2.531, 2.579, 2.727, 2.68, 2.671, 2.115, 2.427, 2.76, 2.01, 1.241, 1.502, 1.987, 2.292, 2.655, 3.55, 3.542, 2.596, 2.324, 2.182, 2.759, 4.038, 5.895, 4.959, 5.605, 6.52, 6.105, 6.282, 7.137, 6.506, 5.484, 5.866, 5.71, 4.52, 4.855, 4.642, 4.451, 4.996, 5.081, 4.631, 4.057, 2.215, 2.113, 1.868, 1.852, 2.277, 2.743, 3.177, 4.508, 5.764, 6.124, 4.372, 3.138, 2.716, 2.094, 1.97, 2.098, 4.17, 4.552, 5.287, 5.907, 5.731, 5.02, 4.972, 4.523, 3.881, 4.252, 4.173, 4.754, 6.669, 7.702, 7.108, 6.567, 6.711, 7.259, 7.052, 6.506, 5.667, 4.851, 4.666, 5.796, 5.427, 4.543, 6.267, 8.191, 7.349, 6.103, 5.55, 5.459, 6.089, 6.957, 6.73, 6.722, 7.061, 7.608, 6.603, 6.394, 5.754, 7.753, 10.98, 12.683, 12.893, 11.713, 10.909, 10.976, 12.199, 12.688, 11.351, 10.103, 10.77, 8.737, 5.924, 6.843], [3.521, 3.838, 2.933, 4.398, 5.64, 4.777, 2.576, 1.93, 2.007, 1.486, 0.0, 1.948, 3.087, 2.93, 1.942, 2.749, 3.382, 3.886, 2.431, 1.772, 2.56, 2.56, 2.765, 2.782, 3.817, 4.809, 6.131, 6.943, 5.454, 4.265, 3.473, 2.79, 3.14, 3.283, 2.844, 2.795, 3.064, 3.117, 2.445, 2.703, 3.617, 3.382, 3.829, 3.279, 2.248, 1.701, 2.603, 3.785, 3.67, 3.303, 3.538, 3.963, 3.123, 2.436, 2.2, 2.85, 4.452, 6.506, 7.457, 5.218, 4.604, 6.054, 7.459, 4.535, 2.855, 2.15, 2.793, 2.976, 2.343, 2.582, 2.62, 2.356, 4.557, 4.822, 3.165, 3.577, 5.336, 4.7, 4.754, 4.479, 3.598, 3.712, 3.377, 3.694, 3.757, 4.851, 7.569, 9.743, 9.937, 8.933, 7.3, 7.134, 7.844, 8.652, 9.708, 9.96, 9.729, 10.403, 11.286, 10.613, 7.754, 7.49, 9.261, 10.816, 9.847, 6.351, 4.655, 5.689, 5.915, 3.863, 4.775, 5.852, 3.785, 2.594, 2.918, 3.104, 3.328, 2.603, 2.845, 2.769, 2.657, 2.643, 2.776, 2.294, 2.252, 2.831, 2.083, 2.142, 2.641, 2.759, 2.704, 2.983, 3.556, 3.505, 3.047, 2.89, 3.154, 3.958, 5.305, 7.063, 6.145, 6.896, 7.764, 7.267, 7.469, 8.419, 7.74, 6.751, 7.094, 6.957, 5.786, 6.035, 5.826, 5.665, 6.19, 6.249, 5.844, 5.278, 3.368, 2.121, 2.092, 2.327, 2.543, 2.839, 2.671, 3.721, 4.783, 4.974, 3.335, 2.357, 2.502, 2.294, 2.418, 2.901, 5.344, 5.705, 6.486, 7.083, 7.021, 6.264, 6.19, 5.752, 5.027, 5.458, 5.385, 6.053, 7.842, 8.99, 8.42, 7.869, 7.914, 8.391, 8.201, 7.679, 6.903, 6.051, 5.892, 6.996, 6.628, 5.768, 7.425, 9.354, 8.502, 7.237, 6.751, 6.703, 7.284, 8.082, 7.884, 7.899, 8.228, 8.774, 7.782, 7.63, 6.846, 8.921, 12.137, 13.852, 14.061, 12.881, 12.077, 12.145, 13.367, 13.857, 12.52, 11.272, 11.939, 9.906, 7.092, 8.012], [2.266, 2.618, 2.81, 4.104, 5.056, 3.949, 1.952, 2.549, 3.244, 2.883, 1.948, 0.0, 1.404, 1.537, 1.479, 2.02, 2.116, 2.23, 1.426, 2.268, 3.16, 2.665, 2.822, 3.39, 3.97, 4.393, 4.344, 5.161, 3.959, 3.018, 2.253, 2.097, 2.609, 2.564, 2.401, 2.265, 2.209, 2.329, 1.83, 2.106, 2.778, 2.904, 3.434, 1.953, 1.246, 1.515, 2.154, 3.181, 2.96, 2.765, 2.937, 3.49, 2.771, 2.318, 2.728, 4.137, 5.339, 8.16, 9.07, 6.781, 5.405, 7.67, 9.1, 5.997, 3.931, 2.791, 2.586, 2.94, 2.558, 3.193, 3.683, 3.751, 6.211, 6.476, 4.741, 5.202, 6.929, 6.303, 5.949, 5.096, 4.416, 4.28, 3.691, 4.113, 4.33, 6.002, 9.207, 11.397, 11.592, 10.31, 8.943, 8.321, 8.76, 9.78, 10.987, 11.085, 10.644, 12.052, 12.94, 12.252, 9.176, 9.127, 10.915, 12.47, 11.502, 8.006, 6.215, 7.311, 7.537, 5.469, 6.395, 7.489, 5.406, 3.883, 4.318, 4.693, 3.975, 2.785, 3.994, 3.828, 3.467, 3.52, 3.703, 3.116, 2.971, 2.539, 1.904, 3.169, 3.705, 3.029, 2.83, 2.842, 3.113, 3.107, 3.012, 3.256, 3.457, 4.491, 6.571, 8.714, 7.778, 8.349, 9.204, 8.802, 8.875, 9.588, 8.966, 7.353, 8.08, 8.184, 6.856, 7.424, 7.214, 7.128, 7.751, 7.904, 7.374, 6.78, 4.344, 2.406, 2.735, 2.899, 2.769, 3.212, 3.248, 3.282, 3.258, 3.379, 2.085, 1.917, 2.154, 2.44, 3.055, 4.508, 6.819, 7.347, 8.006, 8.493, 8.059, 7.432, 7.518, 6.728, 5.494, 6.14, 6.617, 6.834, 9.066, 9.943, 9.141, 8.558, 9.213, 9.944, 9.838, 9.273, 8.393, 7.342, 7.239, 8.508, 8.127, 7.154, 9.099, 11.008, 10.046, 8.503, 8.048, 7.756, 8.424, 9.624, 9.496, 9.481, 9.836, 10.427, 9.404, 8.764, 8.435, 10.575, 13.817, 15.506, 15.716, 14.535, 13.732, 13.799, 15.021, 15.511, 14.174, 12.926, 13.593, 11.56, 8.747, 9.666], [2.206, 2.317, 2.923, 4.054, 4.804, 3.536, 2.089, 3.109, 3.975, 4.062, 3.087, 1.404, 0.0, 1.037, 1.933, 1.775, 1.444, 1.673, 1.36, 3.222, 3.9, 3.113, 3.165, 4.167, 3.976, 3.921, 3.489, 4.215, 3.286, 2.415, 1.86, 1.753, 2.087, 1.9, 1.917, 1.925, 1.646, 1.818, 1.875, 1.741, 2.41, 2.638, 2.905, 1.28, 1.683, 2.015, 1.623, 2.416, 2.436, 2.412, 2.21, 2.777, 2.53, 2.763, 3.759, 5.326, 6.38, 9.202, 10.08, 7.682, 6.288, 8.657, 10.143, 7.039, 4.973, 3.552, 2.482, 2.951, 2.684, 3.414, 3.937, 4.823, 7.254, 7.549, 5.832, 6.369, 8.01, 7.439, 7.136, 6.15, 5.492, 5.257, 4.659, 4.991, 5.333, 7.045, 10.249, 12.44, 12.671, 11.419, 10.063, 9.378, 9.673, 10.821, 12.063, 12.173, 11.793, 13.17, 13.983, 13.32, 10.313, 10.166, 11.958, 13.513, 12.545, 9.048, 7.198, 8.221, 8.418, 6.46, 7.34, 8.508, 6.422, 4.669, 5.25, 5.735, 4.277, 3.164, 4.69, 4.173, 3.58, 3.958, 4.6, 3.713, 3.236, 2.619, 2.773, 4.213, 4.706, 3.86, 3.476, 3.022, 2.551, 2.635, 3.287, 3.959, 4.171, 5.347, 7.66, 9.795, 8.838, 9.408, 10.238, 9.898, 10.039, 10.69, 9.937, 8.359, 9.038, 9.309, 7.949, 8.424, 8.273, 8.217, 8.812, 8.946, 8.416, 7.832, 5.355, 2.74, 3.43, 3.916, 3.423, 3.413, 3.509, 3.264, 2.785, 2.573, 1.683, 2.083, 2.318, 2.997, 3.975, 5.571, 7.938, 8.392, 9.048, 9.563, 9.041, 8.522, 8.564, 7.716, 6.433, 7.099, 7.688, 7.947, 9.991, 10.866, 9.949, 9.507, 10.342, 11.038, 10.894, 10.322, 9.456, 8.387, 8.317, 9.551, 9.17, 8.314, 10.233, 12.051, 11.175, 9.684, 9.194, 8.898, 9.494, 10.782, 10.539, 10.524, 10.882, 11.483, 10.523, 9.894, 9.64, 11.618, 14.856, 16.553, 16.758, 15.578, 14.775, 14.842, 16.064, 16.554, 15.217, 13.969, 14.636, 12.603, 9.789, 10.709], [2.784, 3.011, 3.478, 4.551, 5.461, 4.209, 2.413, 3.046, 3.77, 3.788, 2.93, 1.537, 1.037, 0.0, 1.703, 1.327, 1.036, 1.727, 1.449, 2.938, 3.704, 2.977, 2.938, 3.94, 3.963, 4.245, 3.864, 4.346, 3.629, 2.755, 2.239, 2.131, 2.187, 1.897, 1.767, 1.785, 1.781, 1.936, 2.108, 2.106, 2.678, 3.051, 2.992, 1.244, 1.617, 1.96, 1.657, 2.507, 2.581, 2.565, 2.263, 2.788, 2.233, 2.2, 3.382, 4.932, 6.114, 8.943, 9.815, 7.466, 6.077, 8.42, 9.877, 6.774, 4.728, 3.341, 2.734, 3.239, 2.977, 3.486, 4.139, 4.651, 7.079, 7.355, 5.595, 5.987, 7.756, 7.233, 6.798, 5.957, 5.138, 4.727, 4.154, 4.446, 5.066, 6.898, 10.069, 12.209, 12.42, 11.135, 9.795, 9.157, 9.48, 10.566, 11.542, 11.777, 11.424, 12.829, 13.769, 13.029, 10.076, 10.014, 11.71, 13.247, 12.3, 8.783, 6.971, 8.02, 8.222, 6.218, 7.137, 8.26, 6.174, 4.518, 5.018, 5.47, 4.16, 3.192, 4.471, 4.149, 3.846, 4.091, 4.533, 3.589, 3.322, 2.713, 2.552, 3.944, 4.435, 3.521, 3.208, 2.707, 2.243, 2.286, 2.972, 3.826, 3.769, 4.925, 7.347, 9.491, 8.612, 9.256, 10.07, 9.579, 9.586, 10.293, 9.512, 7.905, 8.619, 8.892, 7.69, 8.177, 7.968, 7.999, 8.545, 8.681, 8.151, 7.558, 5.086, 2.787, 3.353, 3.631, 3.107, 3.475, 3.816, 3.667, 3.268, 2.725, 1.775, 2.311, 2.286, 2.832, 3.638, 5.193, 7.609, 8.124, 8.783, 9.214, 8.729, 8.219, 8.354, 7.23, 5.978, 6.864, 7.487, 7.681, 9.448, 10.546, 9.652, 9.261, 10.019, 10.849, 10.74, 10.104, 9.257, 8.119, 8.074, 9.285, 8.913, 7.937, 9.926, 11.785, 10.787, 9.193, 8.75, 8.575, 9.059, 10.404, 10.273, 10.261, 10.613, 11.289, 10.274, 9.679, 9.224, 11.395, 14.697, 16.289, 16.53, 15.391, 14.578, 14.614, 15.798, 16.292, 15.038, 13.758, 14.404, 12.356, 9.524, 10.443], [3.447, 3.655, 3.908, 5.269, 6.244, 5.017, 2.854, 2.853, 3.374, 2.691, 1.942, 1.479, 1.933, 1.703, 0.0, 1.315, 1.992, 2.715, 1.734, 1.94, 2.844, 2.281, 2.558, 3.182, 3.995, 4.473, 4.986, 5.505, 4.679, 3.777, 2.997, 2.278, 2.363, 2.277, 2.021, 2.136, 2.005, 2.026, 2.005, 2.229, 2.961, 3.047, 3.344, 2.161, 1.417, 1.377, 1.497, 2.688, 2.703, 2.414, 2.585, 3.242, 2.357, 2.156, 2.331, 3.82, 5.158, 7.959, 8.854, 6.566, 5.16, 7.428, 8.899, 5.796, 3.735, 3.106, 2.997, 3.132, 2.872, 3.301, 3.862, 3.788, 6.011, 6.282, 4.546, 4.959, 6.729, 6.108, 5.662, 4.848, 4.067, 3.615, 3.171, 3.539, 4.092, 5.809, 9.008, 11.196, 11.391, 10.088, 8.717, 8.089, 8.36, 9.433, 10.359, 10.624, 10.364, 11.851, 12.739, 12.051, 8.97, 8.934, 10.714, 12.269, 11.301, 7.805, 6.048, 7.111, 7.349, 5.299, 6.181, 7.305, 5.216, 4.053, 4.299, 4.549, 4.238, 2.924, 4.15, 4.102, 3.759, 3.72, 3.815, 3.348, 3.15, 2.605, 1.901, 3.004, 3.488, 2.688, 2.638, 2.498, 2.626, 2.62, 2.804, 3.064, 3.161, 3.974, 6.369, 8.513, 7.578, 8.157, 8.993, 8.602, 8.555, 9.279, 8.533, 6.809, 7.509, 7.9, 6.638, 7.174, 6.948, 6.935, 7.55, 7.703, 7.173, 6.58, 4.169, 2.672, 3.011, 3.017, 2.778, 3.27, 3.537, 3.905, 4.015, 3.613, 2.213, 2.087, 2.152, 2.483, 2.928, 4.22, 6.578, 7.146, 7.805, 8.203, 7.723, 7.142, 7.287, 6.09, 4.714, 5.849, 6.416, 6.555, 8.268, 9.506, 8.645, 8.162, 8.982, 9.736, 9.645, 9.072, 8.192, 7.141, 7.038, 8.307, 7.927, 6.865, 8.878, 10.807, 9.809, 8.069, 7.592, 7.461, 7.885, 9.255, 9.296, 9.281, 9.635, 10.234, 9.194, 8.604, 8.047, 10.375, 13.625, 15.305, 15.515, 14.342, 13.531, 13.599, 14.821, 15.31, 13.976, 12.725, 13.392, 11.36, 8.546, 9.466], [3.571, 3.691, 4.098, 5.313, 6.292, 4.901, 2.93, 2.869, 3.435, 3.354, 2.749, 2.02, 1.775, 1.327, 1.315, 0.0, 1.41, 2.248, 1.533, 2.49, 3.397, 2.529, 2.569, 3.59, 3.781, 4.067, 4.563, 5.028, 4.252, 3.293, 2.53, 2.086, 2.128, 1.855, 1.691, 1.761, 2.128, 2.157, 2.14, 2.256, 2.863, 3.195, 2.818, 1.597, 1.704, 1.728, 1.338, 2.452, 2.438, 2.331, 2.298, 2.688, 1.909, 1.971, 2.894, 4.438, 5.665, 8.483, 9.411, 7.094, 5.681, 7.974, 9.423, 6.32, 4.254, 3.341, 2.913, 3.278, 3.025, 3.456, 4.048, 4.214, 6.586, 6.861, 5.117, 5.5, 7.278, 6.739, 6.303, 5.463, 4.646, 4.197, 3.659, 3.976, 4.586, 6.404, 9.575, 11.729, 11.94, 10.646, 9.301, 8.663, 8.986, 10.072, 10.973, 11.283, 10.956, 12.375, 13.286, 12.575, 9.582, 9.52, 11.242, 12.793, 11.831, 8.329, 6.671, 7.66, 7.896, 5.859, 6.728, 7.844, 5.776, 4.231, 4.652, 5.03, 4.144, 3.011, 4.219, 4.17, 3.844, 3.961, 4.281, 3.375, 3.134, 2.498, 2.211, 3.533, 4.024, 3.097, 2.83, 2.319, 1.977, 2.12, 2.676, 3.343, 3.43, 4.503, 6.893, 9.037, 8.118, 8.762, 9.576, 9.126, 9.103, 9.825, 9.057, 7.377, 8.101, 8.423, 7.196, 7.698, 7.487, 7.506, 8.074, 8.227, 7.697, 7.104, 4.632, 2.621, 3.112, 3.362, 2.784, 3.142, 3.775, 4.013, 3.731, 3.144, 2.213, 2.512, 2.161, 2.707, 3.396, 4.798, 7.151, 7.67, 8.329, 8.734, 8.25, 7.723, 7.86, 6.643, 5.376, 6.386, 6.994, 7.187, 8.816, 10.077, 9.2, 8.767, 9.54, 10.355, 10.246, 9.618, 8.763, 7.665, 7.606, 8.831, 8.451, 7.468, 9.445, 11.331, 10.333, 8.699, 8.247, 8.072, 8.545, 9.907, 9.82, 9.805, 10.159, 10.802, 9.792, 9.226, 8.709, 10.914, 14.203, 15.829, 16.062, 14.91, 14.085, 14.134, 15.345, 15.834, 14.544, 13.279, 13.925, 11.884, 9.07, 9.99], [3.028, 3.001, 3.703, 4.827, 5.48, 4.089, 2.662, 3.188, 4.074, 4.167, 3.382, 2.116, 1.444, 1.036, 1.992, 1.41, 0.0, 1.414, 1.609, 3.259, 4.09, 3.232, 3.289, 4.343, 3.744, 3.736, 3.618, 4.072, 3.518, 2.605, 1.95, 1.74, 1.753, 1.547, 1.683, 1.919, 1.638, 1.73, 2.066, 1.9, 2.374, 2.883, 2.568, 1.08, 2.134, 2.139, 1.564, 1.93, 2.087, 2.13, 1.933, 2.404, 2.06, 2.546, 3.755, 5.282, 6.48, 9.319, 10.22, 7.876, 6.454, 8.782, 10.251, 7.135, 5.074, 3.596, 2.864, 3.125, 2.758, 3.314, 3.942, 4.996, 7.424, 7.7, 5.94, 6.345, 8.122, 7.578, 7.171, 6.302, 5.503, 5.102, 4.539, 4.84, 5.4, 7.243, 10.413, 12.543, 12.754, 11.48, 10.14, 9.502, 9.824, 10.91, 11.907, 12.145, 11.801, 13.202, 14.113, 13.399, 10.42, 10.358, 12.086, 13.613, 12.676, 9.149, 7.422, 8.476, 8.664, 6.643, 7.514, 8.636, 6.543, 4.763, 5.35, 5.836, 4.098, 3.335, 4.819, 4.368, 3.94, 4.219, 4.887, 3.77, 3.156, 2.501, 2.822, 4.333, 4.807, 3.887, 3.558, 3.012, 1.96, 1.916, 3.129, 4.129, 4.187, 5.313, 7.713, 9.857, 8.956, 9.6, 10.415, 9.945, 9.991, 10.67, 9.887, 8.242, 8.949, 9.243, 8.035, 8.518, 8.312, 8.344, 8.906, 9.047, 8.517, 7.929, 5.451, 2.714, 3.477, 3.98, 3.446, 3.242, 3.685, 3.529, 3.122, 2.56, 2.012, 2.426, 2.26, 3.049, 4.057, 5.638, 7.964, 8.49, 9.149, 9.548, 9.067, 8.561, 8.699, 7.572, 6.323, 7.23, 7.832, 8.025, 9.814, 10.922, 9.99, 9.606, 10.369, 11.193, 11.084, 10.462, 9.601, 8.485, 8.45, 9.651, 9.278, 8.323, 10.289, 12.151, 11.155, 9.595, 9.114, 8.948, 9.422, 10.764, 10.639, 10.624, 10.979, 11.634, 10.619, 10.046, 9.582, 11.758, 15.042, 16.664, 16.906, 15.736, 14.923, 14.948, 16.164, 16.657, 15.382, 14.095, 14.738, 12.703, 9.892, 10.805], [2.683, 2.512, 3.763, 4.316, 4.848, 3.479, 2.609, 3.737, 4.8, 4.826, 3.886, 2.23, 1.673, 1.727, 2.715, 2.248, 1.414, 0.0, 1.94, 3.958, 4.821, 3.879, 3.899, 4.992, 4.193, 3.702, 2.834, 3.405, 2.655, 1.975, 1.534, 1.925, 1.907, 1.886, 2.079, 2.43, 2.192, 2.313, 2.523, 2.223, 2.42, 2.991, 2.801, 1.432, 2.605, 2.722, 2.258, 1.954, 2.084, 2.431, 1.9, 2.603, 2.837, 3.287, 4.413, 6.024, 7.124, 9.933, 10.861, 8.594, 7.169, 9.444, 10.873, 7.736, 5.773, 4.155, 3.084, 3.297, 2.897, 3.423, 4.201, 5.643, 8.097, 8.39, 6.654, 7.064, 8.777, 8.216, 7.812, 6.956, 6.202, 5.878, 5.234, 5.599, 6.126, 7.917, 11.107, 13.257, 13.468, 12.207, 10.826, 10.199, 10.484, 11.577, 12.707, 12.872, 12.404, 13.847, 14.816, 14.077, 11.067, 11.036, 12.726, 14.262, 13.268, 9.782, 8.048, 9.11, 9.347, 7.328, 8.266, 9.374, 7.293, 5.488, 6.044, 6.513, 4.612, 3.855, 5.475, 4.965, 4.371, 4.762, 5.411, 4.328, 3.599, 2.95, 3.429, 4.974, 5.479, 4.549, 4.196, 3.689, 2.468, 2.339, 3.733, 4.862, 4.924, 6.104, 8.401, 10.524, 9.644, 10.265, 11.089, 10.579, 10.629, 11.328, 10.665, 9.045, 9.844, 10.0, 8.727, 9.227, 9.064, 9.035, 9.593, 9.694, 9.203, 8.554, 6.138, 3.241, 4.046, 4.671, 4.178, 3.851, 3.904, 3.418, 2.624, 2.022, 2.345, 2.923, 2.711, 3.661, 4.873, 6.412, 8.7, 9.098, 9.784, 10.361, 9.812, 9.324, 9.392, 8.447, 7.192, 7.9, 8.518, 8.679, 10.653, 11.585, 10.668, 10.295, 11.092, 11.843, 11.75, 11.123, 10.264, 9.136, 9.016, 10.303, 9.971, 8.875, 10.93, 12.773, 11.841, 10.259, 9.847, 9.61, 10.201, 11.482, 11.308, 11.308, 11.623, 12.332, 11.313, 10.713, 10.313, 12.42, 15.726, 17.335, 17.534, 16.44, 15.616, 15.66, 16.825, 17.341, 16.076, 14.807, 15.448, 13.409, 10.52, 11.419], [2.584, 2.801, 3.137, 4.294, 5.312, 4.118, 2.012, 2.486, 3.027, 3.286, 2.431, 1.426, 1.36, 1.449, 1.734, 1.533, 1.609, 1.94, 0.0, 2.495, 3.05, 2.386, 2.351, 3.309, 3.307, 3.603, 4.173, 5.008, 3.589, 2.662, 1.899, 1.546, 2.074, 1.864, 1.745, 1.674, 1.823, 1.985, 1.656, 1.613, 2.387, 2.503, 2.839, 1.495, 1.814, 1.44, 1.505, 2.398, 2.33, 2.495, 2.263, 2.689, 2.261, 2.136, 2.969, 4.507, 5.413, 8.176, 9.114, 6.843, 5.395, 7.685, 9.108, 5.999, 3.962, 2.682, 2.012, 2.437, 2.343, 3.028, 3.547, 3.9, 6.271, 6.614, 4.907, 5.457, 7.093, 6.585, 6.281, 5.293, 4.653, 4.607, 3.881, 4.26, 4.351, 6.08, 9.225, 11.385, 11.647, 10.492, 9.176, 8.486, 8.937, 10.097, 11.336, 11.456, 10.926, 12.186, 12.953, 12.272, 9.449, 9.185, 10.943, 12.459, 11.536, 8.005, 6.367, 7.431, 7.624, 5.593, 6.449, 7.575, 5.504, 3.726, 4.271, 4.749, 3.599, 2.551, 3.811, 3.651, 3.305, 3.348, 3.959, 2.901, 2.475, 2.072, 1.956, 3.282, 3.873, 3.07, 2.535, 2.377, 2.273, 2.333, 2.598, 3.139, 3.415, 4.686, 6.75, 8.777, 7.858, 8.523, 9.29, 8.93, 9.143, 9.915, 9.199, 7.625, 8.403, 8.42, 7.001, 7.486, 7.419, 7.251, 7.804, 7.89, 7.373, 6.802, 4.35, 2.314, 2.738, 3.083, 2.628, 2.631, 3.06, 3.035, 3.191, 3.419, 2.332, 2.32, 2.028, 2.628, 3.545, 4.88, 7.235, 7.379, 8.003, 8.702, 8.256, 7.724, 7.671, 7.02, 5.807, 6.273, 6.709, 7.164, 9.399, 10.208, 9.214, 8.8, 9.367, 10.122, 9.957, 9.338, 8.476, 7.378, 7.342, 8.474, 8.23, 7.502, 9.266, 11.025, 10.247, 8.859, 8.408, 8.05, 8.782, 10.0, 9.503, 9.484, 9.847, 10.486, 9.653, 9.139, 8.813, 10.603, 13.857, 15.543, 15.758, 14.549, 13.747, 13.79, 14.988, 15.497, 14.194, 12.911, 13.567, 11.56, 8.767, 9.652], [4.174, 4.507, 4.289, 5.635, 6.83, 5.827, 3.499, 2.157, 2.106, 1.439, 1.772, 2.268, 3.222, 2.938, 1.94, 2.49, 3.259, 3.958, 2.495, 0.0, 1.326, 1.52, 1.875, 1.957, 3.266, 4.783, 6.216, 7.049, 5.634, 4.631, 3.749, 2.932, 3.14, 3.201, 2.518, 2.091, 2.797, 2.946, 2.297, 2.716, 3.659, 3.13, 3.446, 3.261, 2.366, 1.661, 2.576, 3.718, 3.803, 3.257, 3.626, 3.294, 2.225, 1.735, 1.269, 2.181, 3.444, 6.227, 7.153, 4.823, 3.699, 5.716, 7.177, 4.044, 2.142, 2.364, 3.157, 3.258, 2.905, 2.979, 3.226, 2.638, 4.288, 4.536, 2.892, 3.305, 5.007, 4.385, 4.011, 3.281, 2.659, 2.476, 2.229, 2.497, 2.707, 4.087, 7.278, 9.462, 9.669, 8.372, 6.997, 6.355, 6.845, 7.808, 9.0, 9.111, 8.763, 10.129, 11.007, 10.329, 7.267, 7.188, 8.977, 10.526, 9.56, 6.074, 4.787, 5.419, 5.58, 3.636, 4.49, 5.582, 3.596, 2.774, 2.858, 3.025, 3.024, 2.469, 3.093, 2.981, 2.894, 2.927, 2.966, 2.418, 2.504, 2.194, 1.531, 1.598, 2.015, 1.567, 1.81, 2.014, 2.724, 2.759, 2.021, 2.024, 2.039, 2.652, 4.647, 6.791, 5.856, 6.411, 7.271, 6.872, 6.923, 7.631, 6.976, 5.417, 6.07, 6.237, 4.952, 5.471, 5.259, 5.189, 5.828, 5.959, 5.437, 4.858, 2.613, 1.933, 2.211, 2.013, 1.823, 2.581, 3.169, 3.988, 4.975, 5.286, 3.705, 2.674, 2.054, 1.53, 1.835, 2.567, 4.902, 5.399, 6.06, 6.546, 6.082, 5.448, 5.565, 4.774, 3.763, 4.218, 4.746, 5.029, 7.079, 8.031, 7.181, 6.611, 7.293, 8.001, 7.9, 7.35, 6.47, 5.398, 5.327, 6.564, 6.192, 5.236, 7.174, 9.061, 8.119, 6.569, 6.081, 5.8, 6.444, 7.642, 7.555, 7.542, 7.891, 8.505, 7.47, 6.83, 6.483, 8.652, 11.877, 13.566, 13.793, 12.607, 11.802, 11.865, 13.079, 13.572, 12.246, 10.994, 11.658, 9.623, 6.806, 7.715], [4.447, 4.988, 4.377, 5.643, 6.876, 6.216, 4.138, 2.715, 2.228, 1.706, 2.56, 3.16, 3.9, 3.704, 2.844, 3.397, 4.09, 4.821, 3.05, 1.326, 0.0, 1.579, 1.759, 1.692, 3.105, 5.145, 6.973, 7.785, 6.298, 5.285, 4.418, 3.733, 4.083, 4.108, 3.43, 2.807, 3.594, 3.738, 3.078, 3.459, 4.393, 3.6, 4.037, 3.939, 3.252, 2.506, 3.506, 4.621, 4.699, 4.22, 4.55, 3.656, 2.811, 2.268, 1.737, 2.342, 2.917, 5.575, 6.389, 4.229, 3.168, 5.25, 6.561, 3.411, 1.704, 2.667, 3.59, 3.791, 3.803, 3.767, 3.858, 2.871, 3.904, 4.354, 2.849, 3.227, 4.823, 4.34, 4.043, 3.175, 2.714, 2.644, 2.367, 2.591, 2.581, 3.797, 6.745, 8.901, 9.292, 8.245, 6.931, 6.227, 6.653, 7.821, 9.039, 9.186, 8.655, 9.905, 10.462, 9.866, 7.195, 6.786, 8.574, 9.94, 9.097, 5.343, 4.605, 4.854, 4.794, 3.251, 3.964, 4.738, 2.875, 2.527, 2.422, 2.475, 2.75, 2.495, 2.671, 2.688, 2.818, 3.003, 3.288, 2.603, 2.803, 2.947, 2.218, 1.536, 1.818, 1.821, 1.602, 2.197, 3.37, 3.495, 2.417, 1.995, 1.823, 2.499, 4.428, 6.411, 5.572, 6.219, 7.011, 6.642, 6.879, 7.63, 6.902, 5.389, 6.125, 6.141, 4.728, 5.157, 5.13, 4.983, 5.454, 5.412, 4.645, 4.476, 2.25, 2.793, 2.584, 2.258, 2.181, 2.808, 3.642, 4.513, 5.738, 6.157, 4.49, 3.46, 2.965, 1.969, 2.23, 2.687, 4.867, 5.091, 5.471, 6.376, 5.96, 5.463, 5.403, 4.729, 3.864, 3.943, 4.424, 5.061, 7.081, 7.901, 6.976, 6.54, 7.112, 7.848, 7.666, 7.062, 6.079, 5.045, 5.012, 5.929, 5.9, 5.231, 6.981, 8.572, 7.969, 6.584, 6.127, 5.796, 6.508, 7.741, 7.059, 7.122, 7.438, 8.098, 7.371, 6.802, 6.568, 8.166, 11.459, 13.245, 13.211, 12.038, 11.229, 11.301, 12.497, 12.84, 11.628, 10.335, 10.906, 8.858, 6.162, 6.934], [3.869, 4.216, 4.452, 5.502, 6.317, 5.271, 3.462, 2.769, 2.77, 2.214, 2.56, 2.665, 3.113, 2.977, 2.281, 2.529, 3.232, 3.879, 2.386, 1.52, 1.579, 0.0, 0.991, 1.507, 2.71, 4.199, 5.964, 6.655, 5.044, 3.977, 3.363, 2.775, 3.222, 3.328, 2.574, 2.003, 2.853, 3.124, 2.259, 2.605, 3.359, 2.904, 2.838, 2.848, 2.608, 1.672, 2.7, 3.786, 3.882, 3.421, 3.706, 3.23, 2.452, 2.018, 1.976, 3.268, 3.699, 6.655, 7.381, 5.071, 3.75, 6.227, 7.613, 4.279, 2.537, 2.966, 3.161, 3.413, 3.554, 3.756, 4.252, 3.532, 4.961, 5.367, 3.802, 4.286, 5.791, 5.338, 5.031, 4.051, 3.385, 3.361, 2.727, 3.006, 3.092, 4.802, 7.834, 9.974, 10.343, 9.24, 7.935, 7.234, 7.709, 8.843, 10.026, 10.197, 9.62, 10.863, 11.547, 10.849, 8.185, 7.841, 9.573, 10.987, 10.113, 6.401, 5.252, 5.814, 5.842, 3.865, 4.875, 5.92, 3.912, 3.315, 3.197, 3.34, 3.093, 2.472, 3.191, 3.222, 3.096, 3.512, 3.809, 3.069, 2.861, 2.532, 1.857, 1.871, 2.351, 2.172, 2.089, 2.208, 2.902, 2.975, 2.233, 2.138, 2.378, 3.093, 5.225, 7.363, 6.586, 7.215, 8.036, 7.552, 7.804, 8.557, 7.847, 6.388, 7.149, 7.094, 5.749, 6.14, 6.128, 6.013, 6.474, 6.317, 5.76, 5.426, 3.079, 2.739, 2.978, 2.674, 2.433, 2.838, 3.872, 4.05, 4.744, 5.2, 3.947, 3.364, 2.43, 2.341, 2.878, 3.546, 5.856, 5.949, 6.408, 7.354, 6.94, 6.463, 6.393, 5.775, 4.559, 4.897, 5.427, 5.902, 8.049, 8.876, 8.122, 7.587, 8.138, 8.849, 8.706, 8.067, 7.144, 5.934, 5.971, 6.941, 6.856, 6.15, 7.997, 9.443, 8.899, 7.529, 7.138, 6.789, 7.523, 8.74, 8.062, 8.113, 8.399, 9.166, 8.375, 7.789, 7.556, 9.221, 12.525, 14.248, 14.311, 13.148, 12.343, 12.389, 13.447, 14.015, 12.787, 11.481, 12.048, 10.034, 7.197, 7.984], [3.829, 4.253, 4.327, 5.268, 6.231, 5.349, 3.396, 2.739, 2.404, 2.321, 2.765, 2.822, 3.165, 2.938, 2.558, 2.569, 3.289, 3.899, 2.351, 1.875, 1.759, 0.991, 0.0, 1.305, 2.298, 4.038, 6.113, 6.808, 5.112, 4.02, 3.393, 2.88, 3.171, 3.388, 2.55, 2.117, 2.975, 3.237, 2.501, 2.691, 3.547, 3.08, 2.874, 2.928, 2.746, 1.925, 2.722, 3.836, 3.909, 3.516, 3.756, 3.176, 2.311, 1.644, 2.361, 3.431, 3.836, 6.682, 7.386, 5.181, 3.869, 6.327, 7.641, 4.277, 2.585, 2.838, 2.937, 3.37, 3.54, 3.747, 4.126, 3.342, 5.061, 5.493, 4.0, 4.422, 5.936, 5.482, 5.233, 4.28, 3.593, 3.509, 2.8, 3.154, 3.198, 4.94, 7.915, 10.043, 10.448, 9.422, 8.072, 7.474, 7.975, 9.107, 10.28, 10.449, 9.881, 10.983, 11.622, 10.949, 8.383, 7.943, 9.672, 11.052, 10.151, 6.431, 5.417, 5.851, 5.881, 4.037, 4.906, 5.968, 3.865, 2.943, 2.974, 3.186, 2.642, 2.26, 2.718, 2.853, 2.887, 3.427, 3.781, 2.882, 2.74, 2.4, 1.882, 1.898, 2.642, 2.194, 1.826, 1.893, 2.833, 2.847, 2.059, 2.049, 2.444, 3.297, 5.394, 7.474, 6.709, 7.358, 8.184, 7.649, 7.944, 8.771, 8.105, 6.651, 7.41, 7.303, 5.916, 6.351, 6.352, 6.131, 6.585, 6.394, 5.797, 5.505, 3.138, 2.642, 2.754, 2.548, 2.193, 2.645, 3.745, 4.066, 4.997, 5.357, 3.95, 3.48, 2.345, 2.333, 2.809, 3.67, 6.058, 6.051, 6.489, 7.548, 7.204, 6.694, 6.63, 6.043, 4.813, 5.162, 5.546, 6.129, 8.302, 9.093, 8.392, 7.85, 8.314, 9.046, 8.833, 8.189, 7.227, 6.061, 6.061, 7.018, 7.033, 6.328, 8.111, 9.525, 9.082, 7.766, 7.378, 7.014, 7.777, 8.951, 8.151, 8.23, 8.495, 9.253, 8.511, 8.005, 7.733, 9.302, 12.615, 14.363, 14.375, 13.208, 12.416, 12.461, 13.521, 14.059, 12.841, 11.539, 12.092, 10.077, 7.204, 7.958], [4.182, 4.653, 4.14, 5.253, 6.28, 5.629, 3.7, 2.711, 2.195, 2.182, 2.782, 3.39, 4.167, 3.94, 3.182, 3.59, 4.343, 4.992, 3.309, 1.957, 1.692, 1.507, 1.305, 0.0, 2.147, 4.704, 7.188, 7.885, 6.221, 4.926, 4.368, 3.834, 4.196, 4.245, 3.59, 3.058, 3.949, 4.123, 3.33, 3.486, 4.352, 3.74, 3.699, 4.043, 3.507, 2.721, 3.717, 4.846, 4.877, 4.304, 4.769, 4.036, 2.995, 2.212, 2.26, 2.776, 3.313, 5.668, 6.383, 4.365, 3.106, 5.414, 6.645, 3.539, 1.979, 2.631, 3.156, 3.561, 3.931, 3.914, 4.097, 3.048, 4.187, 4.705, 3.454, 3.833, 5.199, 4.759, 4.608, 3.856, 2.977, 3.209, 2.844, 2.858, 2.796, 4.294, 7.024, 9.075, 9.586, 8.794, 7.295, 6.865, 7.495, 8.496, 9.662, 9.876, 9.351, 10.198, 10.642, 10.022, 7.717, 7.122, 8.795, 10.132, 9.157, 5.347, 4.764, 4.938, 4.931, 3.157, 3.799, 4.827, 2.949, 2.347, 2.36, 2.323, 2.137, 2.223, 2.325, 2.592, 2.834, 3.2, 3.471, 2.658, 2.986, 2.96, 2.185, 1.641, 2.414, 2.135, 1.898, 2.428, 3.583, 3.607, 2.468, 2.104, 2.376, 2.839, 4.709, 6.591, 5.909, 6.598, 7.464, 6.948, 7.219, 8.122, 7.473, 6.278, 6.893, 6.638, 5.324, 5.705, 5.688, 5.35, 5.685, 5.424, 4.77, 4.763, 2.644, 2.821, 2.579, 2.158, 2.351, 2.717, 3.555, 4.435, 5.93, 6.409, 4.771, 4.03, 2.949, 2.498, 2.406, 3.148, 5.358, 5.262, 5.645, 6.869, 6.629, 6.052, 5.99, 5.542, 4.404, 4.689, 4.773, 5.502, 7.723, 8.64, 8.016, 7.463, 7.696, 8.374, 8.079, 7.407, 6.318, 5.307, 5.302, 6.18, 6.318, 5.684, 7.231, 8.698, 8.387, 7.201, 6.723, 6.445, 7.199, 8.249, 7.379, 7.461, 7.664, 8.341, 7.702, 7.407, 7.067, 8.455, 11.666, 13.521, 13.27, 12.195, 11.374, 11.42, 12.545, 12.946, 11.743, 10.542, 10.971, 8.953, 6.228, 6.917], [3.917, 3.878, 3.761, 4.228, 5.262, 4.494, 3.139, 2.732, 2.571, 3.438, 3.817, 3.97, 3.976, 3.963, 3.995, 3.781, 3.744, 4.193, 3.307, 3.266, 3.105, 2.71, 2.298, 2.147, 0.0, 3.851, 6.371, 7.08, 5.369, 4.124, 3.622, 3.096, 3.435, 3.477, 3.222, 2.806, 3.664, 3.71, 2.921, 2.918, 3.59, 3.156, 2.893, 3.686, 4.175, 3.295, 3.431, 4.045, 4.009, 3.419, 3.906, 3.231, 2.518, 2.654, 3.709, 4.204, 4.665, 6.813, 7.457, 5.594, 4.491, 6.64, 7.701, 4.837, 3.376, 2.827, 2.912, 2.858, 3.189, 3.063, 3.481, 3.831, 5.284, 5.818, 4.779, 5.15, 6.423, 6.023, 5.996, 5.219, 4.391, 4.549, 3.865, 4.136, 4.127, 5.664, 8.306, 10.173, 10.653, 10.171, 8.532, 8.26, 8.899, 9.905, 11.055, 11.286, 10.754, 11.368, 11.74, 11.106, 9.064, 8.388, 9.871, 11.225, 10.254, 6.459, 5.809, 6.17, 6.272, 4.438, 4.999, 5.886, 3.933, 2.695, 3.281, 3.172, 1.426, 1.984, 2.333, 2.557, 2.634, 3.392, 4.264, 2.792, 2.189, 2.247, 2.767, 2.91, 3.923, 3.316, 2.941, 2.894, 3.129, 2.973, 2.651, 2.766, 3.473, 4.214, 6.115, 7.677, 7.122, 7.79, 8.809, 8.245, 8.6, 9.477, 8.865, 7.625, 8.287, 8.0