[[0.0, 1.803, 2.617, 3.857, 4.623, 3.792, 4.822, 4.834, 4.331, 6.873, 10.758, 16.203, 16.582, 15.915, 14.764, 13.047, 12.328, 9.438, 7.725, 8.098, 6.112, 5.874, 4.942, 8.62, 3.055, 2.997, 1.395, 1.748, 3.262, 3.976, 5.214, 6.457, 6.778, 5.704, 5.381, 4.133, 5.151, 6.879, 6.814, 5.858, 5.59, 6.161, 6.781, 8.842, 6.598, 3.632, 2.256, 2.088, 2.399, 2.727, 3.223, 2.903, 4.183], [1.803, 0.0, 1.412, 2.606, 3.271, 2.938, 3.96, 3.73, 3.487, 5.725, 9.381, 14.85, 15.163, 14.501, 13.404, 11.577, 11.059, 8.505, 6.406, 6.87, 4.858, 4.601, 4.184, 7.175, 3.895, 4.383, 2.621, 2.236, 4.25, 5.371, 6.684, 7.956, 8.283, 7.149, 6.889, 5.626, 6.582, 8.319, 8.094, 7.042, 6.659, 7.155, 7.838, 10.05, 8.105, 5.091, 3.356, 2.378, 2.685, 2.932, 3.177, 3.634, 3.704], [2.617, 1.412, 0.0, 1.775, 2.806, 2.814, 2.997, 3.144, 2.86, 4.636, 8.342, 13.895, 14.219, 13.523, 12.438, 10.621, 10.101, 7.365, 5.438, 5.943, 4.286, 4.203, 3.788, 6.432, 4.002, 5.29, 3.248, 3.234, 5.265, 6.331, 7.631, 8.919, 9.194, 8.095, 7.847, 6.609, 7.531, 9.307, 9.126, 8.044, 7.872, 8.289, 8.863, 10.998, 9.013, 5.278, 3.865, 3.264, 3.165, 2.992, 3.072, 3.551, 3.466], [3.857, 2.606, 1.775, 0.0, 1.826, 1.951, 2.117, 2.087, 2.006, 3.595, 7.24, 12.812, 13.094, 12.426, 11.331, 9.462, 9.006, 6.274, 4.27, 4.824, 3.077, 2.926, 2.84, 5.184, 3.633, 6.605, 4.224, 4.402, 6.53, 7.64, 8.965, 10.247, 10.514, 9.432, 9.194, 7.884, 8.859, 10.623, 10.379, 9.364, 9.08, 9.47, 10.132, 12.327, 10.336, 5.588, 4.443, 4.431, 4.363, 3.795, 2.445, 2.894, 2.517], [4.623, 3.271, 2.806, 1.826, 0.0, 1.218, 2.044, 1.882, 2.084, 3.646, 6.862, 11.878, 12.134, 11.651, 10.46, 8.449, 8.178, 5.959, 3.679, 4.213, 2.271, 2.0, 1.583, 4.107, 3.778, 7.432, 5.043, 5.085, 7.208, 8.375, 9.714, 11.02, 11.346, 10.205, 9.871, 8.662, 9.634, 11.319, 11.107, 10.091, 9.344, 10.109, 10.819, 13.064, 11.166, 6.368, 4.76, 3.962, 3.946, 3.48, 2.129, 3.027, 2.258], [3.792, 2.938, 2.814, 1.951, 1.218, 0.0, 1.982, 1.917, 2.099, 3.651, 7.226, 12.577, 12.858, 12.297, 11.134, 9.288, 8.784, 6.223, 4.063, 4.616, 2.547, 2.348, 1.813, 4.905, 3.056, 6.614, 4.228, 4.384, 6.404, 7.534, 8.895, 10.188, 10.498, 9.365, 9.124, 7.832, 8.791, 10.527, 10.271, 9.27, 8.806, 9.395, 10.071, 12.26, 10.312, 5.518, 4.12, 3.971, 4.079, 3.687, 1.965, 2.276, 1.692], [4.822, 3.96, 2.997, 2.117, 2.044, 1.982, 0.0, 1.262, 1.405, 2.367, 6.06, 11.533, 11.919, 11.232, 10.084, 8.38, 7.673, 4.869, 3.121, 3.454, 1.757, 1.977, 1.708, 4.044, 4.087, 7.637, 5.252, 5.695, 7.787, 8.716, 9.92, 11.171, 11.483, 10.411, 10.103, 8.837, 9.854, 11.634, 11.546, 10.563, 10.34, 10.857, 11.477, 13.527, 11.273, 6.543, 5.577, 5.619, 5.645, 5.21, 2.74, 2.56, 1.611], [4.834, 3.73, 3.144, 2.087, 1.882, 1.917, 1.262, 0.0, 1.244, 2.33, 5.933, 11.443, 11.806, 11.082, 9.971, 8.218, 7.575, 4.878, 2.979, 3.354, 1.767, 1.459, 1.777, 3.863, 3.97, 7.68, 5.286, 5.516, 7.667, 8.688, 9.976, 11.256, 11.583, 10.462, 10.136, 8.9, 9.885, 11.594, 11.469, 10.46, 10.063, 10.684, 11.362, 13.442, 11.379, 6.611, 5.199, 5.181, 5.188, 4.864, 2.388, 2.554, 1.528], [4.331, 3.487, 2.86, 2.006, 2.084, 2.099, 1.405, 1.244, 0.0, 2.826, 6.658, 12.178, 12.541, 11.828, 10.586, 8.91, 8.295, 5.572, 3.708, 4.102, 2.176, 2.137, 1.981, 4.406, 3.336, 6.962, 4.556, 4.941, 7.171, 8.133, 9.378, 10.66, 10.963, 9.883, 9.647, 8.324, 9.302, 11.06, 10.901, 9.909, 9.693, 10.152, 10.785, 12.884, 10.767, 5.995, 5.016, 4.889, 4.828, 4.47, 2.05, 2.149, 1.333], [6.873, 5.725, 4.636, 3.595, 3.646, 3.651, 2.367, 2.33, 2.826, 0.0, 4.068, 9.485, 9.824, 9.204, 8.054, 6.3, 5.628, 3.057, 1.497, 1.758, 2.489, 2.5, 3.242, 3.03, 6.045, 9.695, 7.299, 7.556, 9.609, 10.617, 11.999, 13.257, 13.531, 12.449, 12.217, 10.901, 11.864, 13.655, 13.368, 12.435, 12.163, 12.689, 13.288, 15.411, 13.337, 8.556, 7.426, 7.165, 7.256, 6.739, 4.414, 4.561, 3.095], [10.758, 9.381, 8.342, 7.24, 6.862, 7.226, 6.06, 5.933, 6.658, 4.068, 0.0, 5.595, 5.955, 5.28, 4.177, 2.744, 2.497, 1.94, 3.422, 3.182, 4.974, 5.703, 6.491, 4.61, 9.79, 13.547, 11.158, 11.297, 13.455, 14.59, 15.884, 17.152, 17.482, 16.362, 16.022, 14.805, 15.802, 17.49, 17.343, 16.269, 15.815, 16.432, 17.106, 19.257, 17.299, 12.523, 10.949, 10.606, 10.629, 10.098, 8.03, 8.431, 6.684], [16.203, 14.85, 13.895, 12.812, 11.878, 12.577, 11.533, 11.443, 12.178, 9.485, 5.595, 0.0, 1.216, 2.336, 2.202, 3.613, 4.016, 6.928, 8.656, 8.105, 10.225, 10.618, 11.423, 8.2, 15.297, 19.09, 16.698, 16.823, 18.922, 20.006, 21.335, 22.624, 22.939, 21.815, 21.462, 20.251, 21.25, 22.934, 22.77, 21.772, 21.065, 21.888, 22.599, 24.753, 22.756, 17.958, 16.262, 15.164, 15.256, 14.914, 13.329, 13.909, 12.239], [16.582, 15.163, 14.219, 13.094, 12.134, 12.858, 11.919, 11.806, 12.541, 9.824, 5.955, 1.216, 0.0, 2.12, 2.174, 3.967, 4.262, 7.306, 8.923, 8.49, 10.537, 10.919, 11.757, 8.527, 15.682, 19.462, 17.073, 17.114, 19.232, 20.351, 21.686, 22.99, 23.318, 22.191, 21.843, 20.632, 21.618, 23.288, 23.088, 22.085, 21.342, 22.151, 22.87, 25.1, 23.135, 18.337, 16.637, 15.471, 15.55, 15.196, 13.676, 14.294, 12.587], [15.915, 14.501, 13.523, 12.426, 11.651, 12.297, 11.232, 11.082, 11.828, 9.204, 5.28, 2.336, 2.12, 0.0, 1.856, 3.795, 3.684, 6.641, 8.401, 7.826, 9.951, 10.355, 11.14, 8.202, 14.938, 18.724, 16.326, 16.475, 18.597, 19.739, 21.042, 22.31, 22.64, 21.517, 21.162, 19.963, 20.944, 22.644, 22.475, 21.448, 20.848, 21.566, 22.248, 24.403, 22.458, 17.676, 15.974, 14.947, 15.061, 14.682, 13.052, 13.589, 11.851], [14.764, 13.404, 12.438, 11.331, 10.46, 11.134, 10.084, 9.971, 10.586, 8.054, 4.177, 2.202, 2.174, 1.856, 0.0, 2.357, 2.537, 5.505, 7.229, 6.682, 8.768, 9.067, 9.967, 6.788, 13.701, 17.495, 15.106, 15.277, 17.478, 18.582, 19.89, 21.176, 21.493, 20.377, 20.016, 18.805, 19.816, 21.488, 21.35, 20.329, 19.669, 20.44, 21.131, 23.297, 21.307, 16.509, 14.84, 13.76, 13.766, 13.496, 11.906, 12.453, 10.723], [13.047, 11.577, 10.621, 9.462, 8.449, 9.288, 8.38, 8.218, 8.91, 6.3, 2.744, 3.613, 3.967, 3.795, 2.357, 0.0, 2.006, 3.821, 5.372, 4.956, 6.98, 7.24, 8.16, 4.754, 12.051, 15.83, 13.441, 13.476, 15.636, 16.8, 18.14, 19.444, 19.772, 18.635, 18.297, 17.086, 18.064, 19.742, 19.52, 18.521, 17.726, 18.545, 19.248, 21.493, 19.59, 14.792, 13.099, 11.88, 11.87, 11.502, 10.134, 10.724, 8.949], [12.328, 11.059, 10.101, 9.006, 8.178, 8.784, 7.673, 7.575, 8.295, 5.628, 2.497, 4.016, 4.262, 3.684, 2.537, 2.006, 0.0, 3.094, 4.868, 4.24, 6.482, 6.894, 7.691, 5.075, 11.426, 15.242, 12.825, 12.995, 15.124, 16.147, 17.457, 18.748, 19.077, 17.952, 17.599, 16.385, 17.379, 19.066, 18.913, 17.932, 17.285, 18.093, 18.807, 20.962, 18.886, 14.083, 12.462, 11.468, 11.692, 11.254, 9.514, 10.057, 8.445], [9.438, 8.505, 7.365, 6.274, 5.959, 6.223, 4.869, 4.878, 5.572, 3.057, 1.94, 6.928, 7.306, 6.641, 5.505, 3.821, 3.094, 0.0, 2.637, 2.153, 4.277, 4.774, 5.594, 3.645, 8.694, 12.38, 9.984, 10.311, 12.461, 13.334, 14.519, 15.783, 16.081, 15.106, 14.624, 13.431, 14.57, 16.226, 16.222, 15.227, 14.821, 15.475, 16.165, 18.232, 15.913, 11.179, 9.832, 9.578, 9.698, 9.161, 7.023, 7.199, 5.721], [7.725, 6.406, 5.438, 4.27, 3.679, 4.063, 3.121, 2.979, 3.708, 1.497, 3.422, 8.656, 8.923, 8.401, 7.229, 5.372, 4.868, 2.637, 0.0, 1.306, 1.981, 2.522, 3.42, 2.445, 6.81, 10.581, 8.206, 8.24, 10.379, 11.497, 12.832, 14.132, 14.462, 13.316, 13.008, 11.774, 12.745, 14.434, 14.222, 13.219, 12.537, 13.334, 14.039, 16.238, 14.274, 9.476, 7.907, 7.342, 7.478, 6.893, 4.878, 5.443, 3.749], [8.098, 6.87, 5.943, 4.824, 4.213, 4.616, 3.454, 3.354, 4.102, 1.758, 3.182, 8.105, 8.49, 7.826, 6.682, 4.956, 4.24, 2.153, 1.306, 0.0, 2.544, 2.983, 3.78, 2.065, 7.192, 11.005, 8.598, 8.814, 10.948, 11.939, 13.25, 14.521, 14.85, 13.728, 13.395, 12.156, 13.16, 14.844, 14.72, 13.739, 13.192, 13.919, 14.635, 16.746, 14.651, 9.875, 8.294, 7.711, 7.93, 7.435, 5.41, 5.817, 4.227], [6.112, 4.858, 4.286, 3.077, 2.271, 2.547, 1.757, 1.767, 2.176, 2.489, 4.974, 10.225, 10.537, 9.951, 8.768, 6.98, 6.482, 4.277, 1.981, 2.544, 0.0, 1.46, 1.787, 2.912, 5.148, 8.928, 6.539, 6.607, 8.738, 9.888, 11.214, 12.511, 12.841, 11.701, 11.364, 10.153, 11.13, 12.818, 12.631, 11.603, 10.923, 11.695, 12.395, 14.58, 12.656, 7.858, 6.29, 5.887, 5.873, 5.408, 3.269, 3.785, 2.103], [5.874, 4.601, 4.203, 2.926, 2.0, 2.348, 1.977, 1.459, 2.137, 2.5, 5.703, 10.618, 10.919, 10.355, 9.067, 7.24, 6.894, 4.774, 2.522, 2.983, 1.46, 0.0, 1.368, 2.962, 4.81, 8.59, 6.201, 6.317, 8.492, 9.634, 10.973, 12.272, 12.602, 11.479, 11.125, 9.914, 10.907, 12.577, 12.388, 11.377, 10.656, 11.442, 12.134, 14.348, 12.417, 7.619, 5.942, 5.173, 5.135, 4.877, 3.041, 3.568, 2.081], [4.942, 4.184, 3.788, 2.84, 1.583, 1.813, 1.708, 1.777, 1.981, 3.242, 6.491, 11.423, 11.757, 11.14, 9.967, 8.16, 7.691, 5.594, 3.42, 3.78, 1.787, 1.368, 0.0, 3.753, 3.979, 7.743, 5.446, 5.606, 7.574, 8.708, 10.034, 11.325, 11.655, 10.51, 10.178, 8.967, 9.944, 11.632, 11.46, 10.417, 9.771, 10.503, 11.184, 13.395, 11.476, 6.673, 4.983, 4.192, 4.211, 3.815, 2.052, 2.718, 1.847], [8.62, 7.175, 6.432, 5.184, 4.107, 4.905, 4.044, 3.863, 4.406, 3.03, 4.61, 8.2, 8.527, 8.202, 6.788, 4.754, 5.075, 3.645, 2.445, 2.065, 2.912, 2.962, 3.753, 0.0, 7.515, 11.288, 8.874, 9.041, 11.225, 12.364, 13.7, 15.004, 15.332, 14.194, 13.856, 12.645, 13.623, 15.302, 15.094, 14.083, 13.372, 14.143, 14.827, 17.078, 15.162, 10.351, 8.672, 7.488, 7.433, 7.067, 5.733, 6.323, 4.524], [3.055, 3.895, 4.002, 3.633, 3.778, 3.056, 4.087, 3.97, 3.336, 6.045, 9.79, 15.297, 15.682, 14.938, 13.701, 12.051, 11.426, 8.694, 6.81, 7.192, 5.148, 4.81, 3.979, 7.515, 0.0, 4.4, 3.125, 4.087, 5.391, 5.253, 6.301, 7.544, 7.866, 6.782, 6.712, 5.557, 6.208, 7.974, 7.837, 6.787, 6.586, 7.054, 7.664, 9.781, 7.666, 2.934, 2.682, 3.917, 3.939, 3.668, 2.335, 1.866, 3.268], [2.997, 4.383, 5.29, 6.605, 7.432, 6.614, 7.637, 7.68, 6.962, 9.695, 13.547, 19.09, 19.462, 18.724, 17.495, 15.83, 15.242, 12.38, 10.581, 11.005, 8.928, 8.59, 7.743, 11.288, 4.4, 0.0, 2.477, 2.429, 1.903, 1.895, 2.798, 3.966, 4.176, 3.092, 3.334, 2.401, 2.92, 4.665, 4.477, 3.403, 3.533, 3.883, 4.266, 6.145, 4.043, 4.187, 3.609, 4.186, 4.093, 4.735, 5.832, 5.288, 6.887], [1.395, 2.621, 3.248, 4.224, 5.043, 4.228, 5.252, 5.286, 4.556, 7.299, 11.158, 16.698, 17.073, 16.326, 15.106, 13.441, 12.825, 9.984, 8.206, 8.598, 6.539, 6.201, 5.446, 8.874, 3.125, 2.477, 0.0, 1.67, 3.126, 3.812, 5.005, 6.25, 6.478, 5.423, 5.338, 3.984, 4.848, 6.784, 6.61, 5.571, 5.554, 5.998, 6.505, 8.506, 6.324, 3.509, 2.584, 2.885, 3.203, 3.465, 3.813, 3.342, 4.502], [1.748, 2.236, 3.234, 4.402, 5.085, 4.384, 5.695, 5.516, 4.941, 7.556, 11.297, 16.823, 17.114, 16.475, 15.277, 13.476, 12.995, 10.311, 8.24, 8.814, 6.607, 6.317, 5.606, 9.041, 4.087, 2.429, 1.67, 0.0, 2.381, 3.489, 4.77, 6.019, 6.351, 5.223, 5.063, 3.79, 4.653, 6.369, 6.149, 5.124, 4.823, 5.414, 6.093, 8.157, 6.25, 4.561, 3.297, 2.673, 2.825, 3.445, 4.076, 4.151, 4.944], [3.262, 4.25, 5.265, 6.53, 7.208, 6.404, 7.787, 7.667, 7.171, 9.609, 13.455, 18.922, 19.232, 18.597, 17.478, 15.636, 15.124, 12.461, 10.379, 10.948, 8.738, 8.492, 7.574, 11.225, 5.391, 1.903, 3.126, 2.381, 0.0, 1.605, 2.824, 3.975, 4.402, 3.152, 3.111, 2.664, 3.555, 4.653, 4.527, 3.934, 3.707, 3.844, 4.321, 6.121, 4.95, 5.426, 4.106, 4.049, 4.106, 4.669, 5.731, 5.59, 6.91], [3.976, 5.371, 6.331, 7.64, 8.375, 7.534, 8.716, 8.688, 8.133, 10.617, 14.59, 20.006, 20.351, 19.739, 18.582, 16.8, 16.147, 13.334, 11.497, 11.939, 9.888, 9.634, 8.708, 12.364, 5.253, 1.895, 3.812, 3.489, 1.605, 0.0, 1.677, 2.863, 3.314, 2.305, 2.391, 2.249, 2.711, 3.788, 3.781, 3.301, 3.292, 3.531, 3.891, 5.242, 3.945, 4.525, 4.14, 4.982, 5.064, 5.499, 6.707, 6.354, 7.98], [5.214, 6.684, 7.631, 8.965, 9.714, 8.895, 9.92, 9.976, 9.378, 11.999, 15.884, 21.335, 21.686, 21.042, 19.89, 18.14, 17.457, 14.519, 12.832, 13.25, 11.214, 10.973, 10.034, 13.7, 6.301, 2.798, 5.005, 4.77, 2.824, 1.677, 0.0, 1.973, 2.486, 1.645, 1.766, 2.378, 2.344, 3.153, 3.112, 2.724, 2.879, 2.844, 3.043, 4.212, 3.097, 4.426, 5.137, 6.316, 6.349, 6.833, 8.033, 7.566, 9.26], [6.457, 7.956, 8.919, 10.247, 11.02, 10.188, 11.171, 11.256, 10.66, 13.257, 17.152, 22.624, 22.99, 22.31, 21.176, 19.444, 18.748, 15.783, 14.132, 14.521, 12.511, 12.272, 11.325, 15.004, 7.544, 3.966, 6.25, 6.019, 3.975, 2.863, 1.973, 0.0, 1.165, 1.344, 1.447, 2.563, 1.76, 1.816, 1.834, 1.874, 2.077, 1.613, 1.678, 2.876, 1.677, 5.266, 6.372, 7.607, 7.65, 8.125, 9.325, 8.829, 10.522], [6.778, 8.283, 9.194, 10.514, 11.346, 10.498, 11.483, 11.583, 10.963, 13.531, 17.482, 22.939, 23.318, 22.64, 21.493, 19.772, 19.077, 16.081, 14.462, 14.85, 12.841, 12.602, 11.655, 15.332, 7.866, 4.176, 6.478, 6.351, 4.402, 3.314, 2.486, 1.165, 0.0, 1.729, 2.027, 2.939, 1.907, 1.561, 1.653, 2.033, 2.308, 1.837, 1.743, 2.698, 1.351, 5.19, 6.713, 7.926, 7.98, 8.454, 9.655, 9.113, 10.846], [5.704, 7.149, 8.095, 9.432, 10.205, 9.365, 10.411, 10.462, 9.883, 12.449, 16.362, 21.815, 22.191, 21.517, 20.377, 18.635, 17.952, 15.106, 13.316, 13.728, 11.701, 11.479, 10.51, 14.194, 6.782, 3.092, 5.423, 5.223, 3.152, 2.305, 1.645, 1.344, 1.729, 0.0, 1.318, 1.854, 1.379, 2.51, 2.317, 1.826, 1.965, 1.991, 2.074, 3.534, 2.284, 4.502, 5.586, 6.775, 6.831, 7.296, 8.523, 8.078, 9.731], [5.381, 6.889, 7.847, 9.194, 9.871, 9.124, 10.103, 10.136, 9.647, 12.217, 16.022, 21.462, 21.843, 21.162, 20.016, 18.297, 17.599, 14.624, 13.008, 13.395, 11.364, 11.125, 10.178, 13.856, 6.712, 3.334, 5.338, 5.063, 3.111, 2.391, 1.766, 1.447, 2.027, 1.318, 0.0, 1.611, 1.711, 2.677, 2.557, 2.33, 1.915, 2.196, 2.627, 3.935, 2.595, 4.965, 5.227, 6.451, 6.505, 6.976, 8.203, 7.783, 9.501], [4.133, 5.626, 6.609, 7.884, 8.662, 7.832, 8.837, 8.9, 8.324, 10.901, 14.805, 20.251, 20.632, 19.963, 18.805, 17.086, 16.385, 13.431, 11.774, 12.156, 10.153, 9.914, 8.967, 12.645, 5.557, 2.401, 3.984, 3.79, 2.664, 2.249, 2.378, 2.563, 2.939, 1.854, 1.611, 0.0, 1.606, 3.344, 3.19, 2.366, 2.06, 2.702, 3.418, 5.192, 3.019, 3.809, 4.042, 5.237, 5.297, 5.768, 6.976, 6.477, 8.183], [5.151, 6.582, 7.531, 8.859, 9.634, 8.791, 9.854, 9.885, 9.302, 11.864, 15.802, 21.25, 21.618, 20.944, 19.816, 18.064, 17.379, 14.57, 12.745, 13.16, 11.13, 10.907, 9.944, 13.623, 6.208, 2.92, 4.848, 4.653, 3.555, 2.711, 2.344, 1.76, 1.907, 1.379, 1.711, 1.606, 0.0, 2.42, 2.118, 1.684, 1.452, 1.97, 2.181, 3.929, 1.943, 4.18, 5.027, 6.199, 6.259, 6.726, 7.954, 7.508, 9.151], [6.879, 8.319, 9.307, 10.623, 11.319, 10.527, 11.634, 11.594, 11.06, 13.655, 17.49, 22.934, 23.288, 22.644, 21.488, 19.742, 19.066, 16.226, 14.434, 14.844, 12.818, 12.577, 11.632, 15.302, 7.974, 4.665, 6.784, 6.369, 4.653, 3.788, 3.153, 1.816, 1.561, 2.51, 2.677, 3.344, 2.42, 0.0, 1.318, 2.303, 2.414, 1.983, 2.166, 2.441, 1.892, 5.784, 6.716, 7.889, 7.952, 8.423, 9.64, 9.287, 10.905], [6.814, 8.094, 9.126, 10.379, 11.107, 10.271, 11.546, 11.469, 10.901, 13.368, 17.343, 22.77, 23.088, 22.475, 21.35, 19.52, 18.913, 16.222, 14.222, 14.72, 12.631, 12.388, 11.46, 15.094, 7.837, 4.477, 6.61, 6.149, 4.527, 3.781, 3.112, 1.834, 1.653, 2.317, 2.557, 3.19, 2.118, 1.318, 0.0, 1.845, 2.254, 2.077, 1.976, 2.378, 1.592, 5.535, 6.59, 7.689, 7.77, 8.195, 9.451, 9.168, 10.709], [5.858, 7.042, 8.044, 9.364, 10.091, 9.27, 10.563, 10.46, 9.909, 12.435, 16.269, 21.772, 22.085, 21.448, 20.329, 18.521, 17.932, 15.227, 13.219, 13.739, 11.603, 11.377, 10.417, 14.083, 6.787, 3.403, 5.571, 5.124, 3.934, 3.301, 2.724, 1.874, 2.033, 1.826, 2.33, 2.366, 1.684, 2.303, 1.845, 0.0, 1.804, 1.692, 1.684, 3.246, 1.679, 4.324, 5.598, 6.686, 6.735, 7.174, 8.45, 8.201, 9.677], [5.59, 6.659, 7.872, 9.08, 9.344, 8.806, 10.34, 10.063, 9.693, 12.163, 15.815, 21.065, 21.342, 20.848, 19.669, 17.726, 17.285, 14.821, 12.537, 13.192, 10.923, 10.656, 9.771, 13.372, 6.586, 3.533, 5.554, 4.823, 3.707, 3.292, 2.879, 2.077, 2.308, 1.965, 1.915, 2.06, 1.452, 2.414, 2.254, 1.804, 0.0, 1.444, 2.242, 4.095, 2.332, 4.971, 5.14, 6.022, 6.053, 6.503, 7.873, 7.925, 9.403], [6.161, 7.155, 8.289, 9.47, 10.109, 9.395, 10.857, 10.684, 10.152, 12.689, 16.432, 21.888, 22.151, 21.566, 20.44, 18.545, 18.093, 15.475, 13.334, 13.919, 11.695, 11.442, 10.503, 14.143, 7.054, 3.883, 5.998, 5.414, 3.844, 3.531, 2.844, 1.613, 1.837, 1.991, 2.196, 2.702, 1.97, 1.983, 2.077, 1.692, 1.444, 0.0, 1.215, 3.05, 1.87, 5.277, 5.926, 6.902, 6.841, 7.246, 8.594, 8.461, 9.855], [6.781, 7.838, 8.863, 10.132, 10.819, 10.071, 11.477, 11.362, 10.785, 13.288, 17.106, 22.599, 22.87, 22.248, 21.131, 19.248, 18.807, 16.165, 14.039, 14.635, 12.395, 12.134, 11.184, 14.827, 7.664, 4.266, 6.505, 6.093, 4.321, 3.891, 3.043, 1.678, 1.743, 2.074, 2.627, 3.418, 2.181, 2.166, 1.976, 1.684, 2.242, 1.215, 0.0, 2.313, 1.496, 5.35, 6.593, 7.593, 7.491, 7.932, 9.306, 9.107, 10.502], [8.842, 10.05, 10.998, 12.327, 13.064, 12.26, 13.527, 13.442, 12.884, 15.411, 19.257, 24.753, 25.1, 24.403, 23.297, 21.493, 20.962, 18.232, 16.238, 16.746, 14.58, 14.348, 13.395, 17.078, 9.781, 6.145, 8.506, 8.157, 6.121, 5.242, 4.212, 2.876, 2.698, 3.534, 3.935, 5.192, 3.929, 2.441, 2.378, 3.246, 4.095, 3.05, 2.313, 0.0, 2.598, 7.301, 8.654, 9.754, 9.742, 10.214, 11.462, 11.159, 12.609], [6.598, 8.105, 9.013, 10.336, 11.166, 10.312, 11.273, 11.379, 10.767, 13.337, 17.299, 22.756, 23.135, 22.458, 21.307, 19.59, 18.886, 15.913, 14.274, 14.651, 12.656, 12.417, 11.476, 15.162, 7.666, 4.043, 6.324, 6.25, 4.95, 3.945, 3.097, 1.677, 1.351, 2.284, 2.595, 3.019, 1.943, 1.892, 1.592, 1.679, 2.332, 1.87, 1.496, 2.598, 0.0, 5.004, 6.612, 7.847, 7.848, 8.343, 9.469, 8.907, 10.662], [3.632, 5.091, 5.278, 5.588, 6.368, 5.518, 6.543, 6.611, 5.995, 8.556, 12.523, 17.958, 18.337, 17.676, 16.509, 14.792, 14.083, 11.179, 9.476, 9.875, 7.858, 7.619, 6.673, 10.351, 2.934, 4.187, 3.509, 4.561, 5.426, 4.525, 4.426, 5.266, 5.19, 4.502, 4.965, 3.809, 4.18, 5.784, 5.535, 4.324, 4.971, 5.277, 5.35, 7.301, 5.004, 0.0, 2.523, 4.495, 4.764, 4.62, 4.686, 4.197, 5.875], [2.256, 3.356, 3.865, 4.443, 4.76, 4.12, 5.577, 5.199, 5.016, 7.426, 10.949, 16.262, 16.637, 15.974, 14.84, 13.099, 12.462, 9.832, 7.907, 8.294, 6.29, 5.942, 4.983, 8.672, 2.682, 3.609, 2.584, 3.297, 4.106, 4.14, 5.137, 6.372, 6.713, 5.586, 5.227, 4.042, 5.027, 6.716, 6.59, 5.598, 5.14, 5.926, 6.593, 8.654, 6.612, 2.523, 0.0, 2.41, 2.51, 2.43, 3.205, 3.273, 4.744], [2.088, 2.378, 3.264, 4.431, 3.962, 3.971, 5.619, 5.181, 4.889, 7.165, 10.606, 15.164, 15.471, 14.947, 13.76, 11.88, 11.468, 9.578, 7.342, 7.711, 5.887, 5.173, 4.192, 7.488, 3.917, 4.186, 2.885, 2.673, 4.049, 4.982, 6.316, 7.607, 7.926, 6.775, 6.451, 5.237, 6.199, 7.889, 7.689, 6.686, 6.022, 6.902, 7.593, 9.754, 7.847, 4.495, 2.41, 0.0, 1.273, 1.618, 2.99, 3.797, 4.973], [2.399, 2.685, 3.165, 4.363, 3.946, 4.079, 5.645, 5.188, 4.828, 7.256, 10.629, 15.256, 15.55, 15.061, 13.766, 11.87, 11.692, 9.698, 7.478, 7.93, 5.873, 5.135, 4.211, 7.433, 3.939, 4.093, 3.203, 2.825, 4.106, 5.064, 6.349, 7.65, 7.98, 6.831, 6.505, 5.297, 6.259, 7.952, 7.77, 6.735, 6.053, 6.841, 7.491, 9.742, 7.848, 4.764, 2.51, 1.273, 0.0, 1.186, 3.017, 3.953, 5.042], [2.727, 2.932, 2.992, 3.795, 3.48, 3.687, 5.21, 4.864, 4.47, 6.739, 10.098, 14.914, 15.196, 14.682, 13.496, 11.502, 11.254, 9.161, 6.893, 7.435, 5.408, 4.877, 3.815, 7.067, 3.668, 4.735, 3.465, 3.445, 4.669, 5.499, 6.833, 8.125, 8.454, 7.296, 6.976, 5.768, 6.726, 8.423, 8.195, 7.174, 6.503, 7.246, 7.932, 10.214, 8.343, 4.62, 2.43, 1.618, 1.186, 0.0, 2.685, 3.549, 4.71], [3.223, 3.177, 3.072, 2.445, 2.129, 1.965, 2.74, 2.388, 2.05, 4.414, 8.03, 13.329, 13.676, 13.052, 11.906, 10.134, 9.514, 7.023, 4.878, 5.41, 3.269, 3.041, 2.052, 5.733, 2.335, 5.832, 3.813, 4.076, 5.731, 6.707, 8.033, 9.325, 9.655, 8.523, 8.203, 6.976, 7.954, 9.64, 9.451, 8.45, 7.873, 8.594, 9.306, 11.462, 9.469, 4.686, 3.205, 2.99, 3.017, 2.685, 0.0, 1.425, 2.302], [2.903, 3.634, 3.551, 2.894, 3.027, 2.276, 2.56, 2.554, 2.149, 4.561, 8.431, 13.909, 14.294, 13.589, 12.453, 10.724, 10.057, 7.199, 5.443, 5.817, 3.785, 3.568, 2.718, 6.323, 1.866, 5.288, 3.342, 4.151, 5.59, 6.354, 7.566, 8.829, 9.113, 8.078, 7.783, 6.477, 7.508, 9.287, 9.168, 8.201, 7.925, 8.461, 9.107, 11.159, 8.907, 4.197, 3.273, 3.797, 3.953, 3.549, 1.425, 0.0, 1.942], [4.183, 3.704, 3.466, 2.517, 2.258, 1.692, 1.611, 1.528, 1.333, 3.095, 6.684, 12.239, 12.587, 11.851, 10.723, 8.949, 8.445, 5.721, 3.749, 4.227, 2.103, 2.081, 1.847, 4.524, 3.268, 6.887, 4.502, 4.944, 6.91, 7.98, 9.26, 10.522, 10.846, 9.731, 9.501, 8.183, 9.151, 10.905, 10.709, 9.677, 9.403, 9.855, 10.502, 12.609, 10.662, 5.875, 4.744, 4.973, 5.042, 4.71, 2.302, 1.942, 0.0]]