[[0.0, 1.649, 2.108, 2.351, 2.104, 3.341, 2.647, 2.614, 4.472, 5.242, 6.715, 8.986, 8.443, 7.332, 6.684, 7.629, 9.038, 8.305, 7.302, 6.048, 5.121, 4.619, 3.922, 3.867, 4.509, 6.126, 6.866, 7.122, 4.533, 3.017, 2.267, 2.608, 4.313, 3.728, 3.818, 4.208, 3.932, 3.44, 2.919, 4.254, 5.152, 5.799, 5.917, 6.625, 8.803, 8.145, 7.112, 7.255, 7.304, 7.163, 6.96, 5.753, 4.429, 3.785, 3.748, 2.598, 2.525, 2.989, 2.502, 2.657, 2.881, 3.316, 4.487, 4.728, 4.634, 4.109, 3.748, 5.198, 6.427, 7.331, 7.042, 6.334, 5.472, 6.555, 5.447, 4.727, 6.545, 6.515, 4.324, 3.767, 6.227, 8.916, 9.524, 10.036, 7.824, 6.418, 7.667, 7.422, 8.133, 8.058, 7.234, 8.153, 7.79, 8.824, 8.528, 8.371, 8.043, 8.143, 9.303, 8.695, 9.647, 10.652, 10.317, 11.1, 12.322, 11.797, 9.01, 7.031, 8.337, 8.735, 8.565, 9.535, 10.075, 9.323, 9.112, 9.623, 10.114, 10.129, 9.945, 9.519, 9.918, 11.026, 10.277, 9.301, 9.685, 7.79, 5.503, 6.057, 6.202, 5.806, 7.07, 7.967, 8.082, 9.62, 9.91, 6.687, 2.962, 2.488, 2.791, 4.245, 3.861, 3.727, 2.665, 1.827, 1.898, 2.322], [1.649, 0.0, 1.596, 1.932, 2.104, 2.888, 2.247, 2.903, 4.529, 5.478, 6.869, 8.978, 8.519, 7.711, 6.643, 7.681, 9.092, 8.456, 7.339, 6.208, 5.503, 4.983, 4.499, 4.194, 4.913, 6.472, 7.169, 7.342, 5.221, 3.609, 2.65, 3.021, 4.072, 3.163, 3.68, 4.248, 3.98, 3.198, 2.616, 3.883, 4.699, 5.695, 5.803, 6.22, 8.375, 7.759, 7.097, 7.205, 7.203, 7.201, 6.848, 5.649, 4.293, 3.376, 3.41, 2.301, 2.045, 2.444, 2.473, 2.947, 3.255, 3.452, 4.534, 4.845, 4.709, 4.446, 4.212, 5.34, 6.508, 7.336, 7.087, 6.378, 5.906, 6.904, 5.781, 5.061, 6.455, 6.401, 4.58, 4.166, 6.468, 8.971, 9.636, 9.996, 8.309, 7.161, 7.79, 7.936, 8.591, 8.53, 7.564, 8.331, 8.202, 9.275, 9.017, 8.645, 8.157, 8.245, 9.361, 8.74, 9.654, 10.648, 10.29, 11.034, 12.294, 11.841, 9.054, 7.075, 8.381, 8.779, 8.609, 9.579, 10.119, 9.367, 9.156, 9.667, 10.155, 10.173, 9.989, 9.563, 10.278, 11.348, 10.356, 9.427, 9.825, 7.954, 5.937, 6.337, 6.176, 5.836, 7.104, 8.011, 8.133, 9.593, 9.946, 6.685, 3.101, 2.82, 3.336, 4.344, 4.35, 3.966, 2.737, 2.119, 2.326, 2.871], [2.108, 1.596, 0.0, 0.945, 1.57, 2.292, 1.632, 3.25, 5.078, 6.275, 7.658, 9.744, 9.327, 8.721, 7.42, 8.475, 9.756, 9.263, 7.959, 6.768, 6.442, 5.719, 5.118, 4.712, 5.929, 7.377, 8.066, 8.217, 5.892, 4.395, 3.256, 2.994, 3.969, 3.296, 3.941, 4.502, 4.201, 3.408, 1.94, 2.642, 3.586, 4.991, 4.996, 5.459, 7.559, 6.996, 6.402, 6.471, 6.412, 6.302, 6.046, 4.768, 3.39, 2.536, 2.5, 1.926, 1.745, 1.33, 1.287, 2.784, 3.366, 4.0, 5.077, 5.401, 5.381, 5.241, 4.986, 6.107, 7.228, 7.922, 7.713, 6.949, 6.631, 7.76, 6.872, 6.136, 7.35, 7.046, 5.353, 4.81, 6.816, 9.578, 10.343, 10.749, 9.146, 7.864, 8.876, 8.469, 9.175, 9.016, 7.988, 8.621, 8.8, 9.801, 9.47, 9.503, 9.101, 9.028, 10.037, 9.285, 10.215, 11.291, 10.906, 11.625, 12.871, 12.387, 9.599, 7.62, 8.929, 9.358, 9.184, 10.186, 10.68, 9.913, 9.701, 10.213, 10.704, 10.721, 10.535, 10.138, 11.134, 12.188, 11.062, 10.185, 10.57, 8.72, 6.508, 7.114, 6.884, 6.584, 7.656, 8.571, 8.795, 10.416, 10.658, 7.447, 3.709, 3.454, 4.114, 5.184, 4.838, 4.428, 2.918, 2.216, 3.113, 3.422], [2.351, 1.932, 0.945, 0.0, 1.475, 2.048, 1.717, 3.634, 5.432, 6.4, 7.633, 9.78, 9.362, 8.746, 7.519, 8.47, 9.889, 9.132, 8.041, 6.761, 6.379, 5.68, 5.141, 4.724, 6.061, 7.337, 7.991, 8.134, 5.853, 4.362, 3.304, 2.983, 3.768, 3.09, 3.874, 4.421, 4.066, 3.45, 2.0, 2.583, 3.639, 4.797, 4.789, 5.394, 7.559, 6.862, 6.231, 6.294, 6.213, 6.085, 5.871, 4.547, 3.12, 2.2, 2.109, 1.705, 1.565, 1.274, 1.543, 2.92, 3.528, 4.11, 5.219, 5.475, 5.436, 5.217, 5.054, 6.024, 7.199, 8.076, 7.844, 7.096, 6.598, 7.777, 7.09, 6.337, 7.467, 7.321, 5.437, 4.929, 6.959, 9.649, 10.326, 10.832, 9.12, 7.823, 8.84, 8.362, 9.074, 8.947, 7.844, 8.498, 8.644, 9.656, 9.278, 9.494, 9.023, 9.101, 10.046, 9.431, 10.393, 11.47, 11.107, 11.825, 13.066, 12.53, 9.742, 7.772, 9.146, 9.68, 9.454, 10.48, 10.912, 10.162, 9.928, 10.357, 10.846, 10.861, 10.681, 10.27, 11.123, 12.122, 11.078, 10.249, 10.529, 8.626, 6.487, 7.205, 6.997, 6.571, 7.847, 8.713, 8.842, 10.404, 10.765, 7.568, 3.839, 3.623, 4.236, 5.303, 4.737, 4.279, 2.855, 2.112, 3.082, 3.347], [2.104, 2.104, 1.57, 1.475, 0.0, 1.886, 1.784, 3.876, 5.716, 6.59, 8.055, 10.299, 9.817, 8.743, 7.998, 8.954, 10.356, 9.582, 8.59, 7.306, 6.474, 5.733, 5.084, 4.528, 5.955, 7.374, 8.093, 8.352, 5.859, 4.197, 3.093, 2.756, 3.453, 2.911, 3.328, 3.883, 3.627, 3.088, 1.803, 2.618, 3.543, 4.43, 4.279, 5.239, 7.463, 6.708, 5.739, 5.806, 5.719, 5.599, 5.427, 4.254, 2.823, 1.983, 1.979, 1.42, 1.567, 1.762, 2.292, 3.8, 4.21, 4.601, 5.723, 5.963, 5.881, 5.362, 5.125, 6.446, 7.675, 8.619, 8.316, 7.58, 6.732, 7.932, 6.896, 6.111, 7.852, 7.819, 5.549, 4.852, 7.464, 10.153, 10.772, 11.276, 9.26, 7.776, 8.931, 8.163, 8.727, 8.645, 7.661, 8.031, 8.392, 9.289, 9.279, 9.629, 9.288, 9.434, 10.539, 9.932, 10.913, 11.961, 11.618, 12.4, 13.629, 13.034, 10.246, 8.267, 9.611, 9.972, 9.802, 10.772, 11.311, 10.559, 10.348, 10.86, 11.35, 11.365, 11.182, 10.755, 11.241, 12.438, 11.577, 10.638, 10.963, 9.026, 6.771, 7.336, 7.504, 7.094, 8.357, 9.203, 9.359, 10.927, 11.245, 8.048, 4.304, 3.176, 4.273, 5.559, 4.844, 4.251, 2.704, 2.076, 3.256, 3.527], [3.341, 2.888, 2.292, 2.048, 1.886, 0.0, 1.622, 5.2, 7.091, 8.06, 9.454, 11.592, 11.187, 10.42, 9.281, 10.298, 11.713, 10.998, 9.917, 8.629, 8.065, 7.025, 6.528, 6.073, 7.522, 9.08, 9.782, 9.871, 7.583, 5.504, 4.367, 3.632, 3.527, 3.313, 3.987, 4.608, 4.17, 3.383, 1.955, 1.389, 1.985, 2.985, 3.159, 3.551, 5.699, 5.02, 4.392, 4.503, 4.531, 4.529, 4.187, 2.942, 1.788, 1.179, 1.465, 2.081, 2.433, 2.127, 3.177, 4.765, 5.386, 5.935, 7.107, 7.357, 7.297, 6.989, 6.712, 7.892, 9.074, 9.919, 9.665, 8.954, 8.325, 9.53, 8.447, 7.722, 9.192, 9.097, 7.094, 6.251, 8.846, 11.536, 12.201, 12.623, 10.722, 9.377, 10.378, 9.577, 9.755, 9.753, 8.801, 9.033, 9.273, 10.277, 10.783, 11.174, 10.705, 10.79, 11.927, 11.315, 12.245, 13.294, 12.93, 13.689, 14.919, 14.417, 11.63, 9.651, 10.957, 11.355, 11.185, 12.155, 12.694, 11.943, 11.732, 12.243, 12.734, 12.749, 12.565, 12.139, 12.92, 13.946, 12.931, 12.049, 12.37, 10.491, 8.184, 8.76, 8.818, 8.426, 9.68, 10.587, 10.702, 12.238, 12.601, 9.378, 5.532, 4.564, 5.703, 6.885, 6.375, 5.314, 3.889, 3.745, 4.777, 5.015], [2.647, 2.247, 1.632, 1.717, 1.784, 1.622, 0.0, 3.954, 5.86, 7.026, 8.463, 10.633, 10.199, 9.65, 8.336, 9.293, 10.647, 9.971, 8.804, 7.534, 7.247, 6.086, 5.79, 5.27, 6.861, 8.209, 8.857, 8.99, 6.744, 4.799, 3.606, 2.913, 3.404, 2.803, 3.397, 3.961, 3.549, 2.666, 1.535, 1.961, 2.831, 4.202, 4.232, 4.628, 6.858, 6.062, 5.559, 5.683, 5.615, 5.666, 5.343, 4.088, 2.877, 2.076, 2.079, 1.539, 1.7, 1.194, 2.046, 3.607, 4.14, 4.851, 5.861, 6.101, 6.136, 5.987, 5.848, 6.779, 7.909, 8.83, 8.517, 7.737, 7.381, 8.648, 7.75, 7.029, 8.225, 8.069, 6.174, 5.552, 7.623, 10.29, 11.051, 11.661, 9.978, 8.69, 9.577, 8.822, 9.058, 9.018, 7.895, 8.117, 8.6, 9.533, 9.91, 10.287, 9.724, 9.766, 10.716, 10.069, 11.119, 12.242, 11.885, 12.635, 13.864, 13.21, 10.384, 8.405, 9.802, 10.109, 9.939, 10.909, 11.449, 10.697, 10.486, 10.997, 11.488, 11.518, 11.355, 10.901, 12.005, 13.014, 11.886, 11.061, 11.324, 9.382, 7.333, 8.009, 7.777, 7.367, 8.568, 9.347, 9.559, 11.25, 11.556, 8.37, 4.595, 3.865, 5.035, 5.997, 5.398, 4.41, 3.034, 2.875, 3.96, 4.181], [2.614, 2.903, 3.25, 3.634, 3.876, 5.2, 3.954, 0.0, 2.09, 3.484, 4.918, 7.048, 6.613, 6.349, 5.02, 5.83, 7.098, 6.528, 5.268, 4.27, 4.254, 3.785, 3.742, 3.557, 3.997, 4.905, 5.483, 5.991, 3.597, 3.135, 3.636, 4.527, 6.371, 5.211, 5.179, 5.182, 4.939, 4.287, 4.603, 5.252, 6.304, 8.111, 7.991, 8.525, 10.67, 9.915, 9.513, 9.566, 9.435, 9.391, 9.17, 7.881, 6.387, 5.438, 5.276, 4.321, 3.646, 3.724, 3.093, 2.345, 1.584, 1.542, 2.007, 2.314, 2.546, 2.627, 2.691, 3.241, 4.32, 5.017, 4.822, 3.966, 4.411, 5.329, 4.753, 4.093, 4.68, 4.418, 3.314, 3.334, 4.035, 6.536, 7.77, 8.483, 6.994, 6.107, 6.791, 7.236, 8.261, 8.043, 6.99, 8.0, 7.641, 8.544, 7.991, 7.219, 6.714, 6.353, 7.024, 6.119, 7.315, 8.562, 8.163, 8.875, 9.993, 9.271, 6.43, 4.457, 5.863, 6.195, 6.006, 7.003, 7.496, 6.745, 6.532, 7.048, 7.534, 7.621, 7.416, 7.2, 8.652, 9.54, 8.297, 7.657, 7.742, 5.978, 4.755, 5.287, 4.334, 3.756, 4.749, 5.496, 5.859, 7.697, 7.884, 4.912, 1.639, 2.668, 2.468, 2.895, 2.897, 3.424, 3.054, 3.15, 2.151, 2.103], [4.472, 4.529, 5.078, 5.432, 5.716, 7.091, 5.86, 2.09, 0.0, 1.607, 3.092, 5.084, 4.664, 4.515, 3.303, 4.032, 5.243, 4.804, 3.574, 2.977, 3.041, 3.246, 3.359, 2.896, 2.779, 3.125, 3.642, 4.306, 2.481, 3.92, 5.283, 6.227, 7.866, 6.509, 6.377, 6.495, 6.208, 5.638, 6.536, 7.282, 8.359, 10.001, 9.878, 10.435, 12.577, 11.861, 11.405, 11.458, 11.322, 11.212, 11.042, 9.743, 8.201, 7.261, 6.834, 5.996, 5.402, 5.555, 4.939, 3.686, 2.752, 1.83, 1.236, 1.053, 1.215, 1.722, 1.841, 1.779, 2.421, 3.188, 2.798, 1.994, 2.908, 3.565, 3.408, 2.867, 2.886, 2.624, 2.548, 2.917, 2.938, 4.901, 6.11, 6.761, 5.598, 5.41, 5.563, 6.526, 7.776, 7.325, 6.504, 7.707, 7.066, 7.564, 7.005, 5.547, 5.055, 4.7, 5.287, 4.235, 5.301, 6.476, 6.115, 6.817, 8.017, 7.376, 4.606, 3.039, 4.292, 4.309, 4.123, 5.121, 5.614, 4.851, 4.645, 5.152, 5.642, 5.705, 5.521, 5.433, 6.883, 7.677, 6.327, 5.841, 5.792, 4.139, 3.841, 4.2, 2.678, 2.007, 2.745, 3.553, 4.024, 5.74, 5.854, 3.139, 1.95, 3.596, 2.48, 1.693, 2.353, 3.755, 4.22, 4.553, 3.301, 3.299], [5.242, 5.478, 6.275, 6.4, 6.59, 8.06, 7.026, 3.484, 1.607, 0.0, 1.739, 3.867, 3.31, 3.037, 2.563, 2.956, 4.126, 3.663, 3.12, 2.808, 2.974, 3.387, 3.194, 2.94, 2.512, 2.516, 2.51, 3.061, 2.157, 4.496, 5.857, 6.859, 8.471, 6.88, 6.646, 6.915, 6.697, 6.584, 7.512, 8.607, 9.734, 10.812, 10.807, 11.469, 13.707, 12.999, 12.205, 12.238, 12.228, 11.939, 11.867, 10.648, 9.115, 8.289, 7.766, 6.799, 6.542, 6.844, 6.353, 4.953, 4.054, 2.853, 2.208, 1.745, 1.526, 1.804, 1.963, 1.631, 1.678, 2.597, 2.278, 1.726, 2.097, 2.576, 2.931, 2.433, 2.47, 2.054, 2.289, 3.028, 3.2, 4.964, 5.128, 5.546, 5.096, 5.18, 5.19, 6.298, 7.552, 7.044, 6.621, 7.845, 6.881, 7.304, 6.784, 4.664, 4.061, 3.683, 4.345, 3.579, 4.452, 5.459, 5.108, 5.952, 7.155, 6.639, 3.966, 3.073, 3.963, 3.843, 3.686, 4.497, 4.917, 4.199, 3.954, 4.465, 4.956, 4.971, 4.852, 4.571, 5.388, 6.189, 5.247, 4.714, 4.668, 3.116, 3.457, 3.822, 2.346, 1.658, 2.538, 2.935, 3.216, 4.488, 4.766, 2.23, 2.789, 4.249, 3.063, 1.98, 2.668, 4.297, 4.753, 5.325, 3.972, 4.11], [6.715, 6.869, 7.658, 7.633, 8.055, 9.454, 8.463, 4.918, 3.092, 1.739, 0.0, 2.339, 1.924, 1.808, 1.791, 1.967, 2.849, 2.482, 2.491, 2.682, 3.271, 3.776, 3.832, 3.964, 3.222, 2.284, 1.874, 1.861, 2.656, 5.817, 7.216, 8.198, 9.88, 7.943, 7.701, 7.979, 7.781, 7.968, 8.926, 10.064, 11.182, 12.228, 12.273, 12.904, 15.093, 14.437, 13.64, 13.713, 13.694, 13.46, 13.319, 12.013, 10.514, 9.652, 9.134, 8.104, 7.842, 8.159, 7.647, 6.197, 5.366, 4.026, 3.472, 3.048, 2.746, 3.069, 3.177, 2.36, 1.979, 1.757, 2.135, 1.69, 1.782, 1.95, 2.943, 2.712, 2.212, 1.734, 2.955, 3.92, 2.856, 4.239, 4.178, 4.05, 4.43, 5.136, 4.993, 6.41, 7.723, 7.227, 6.844, 8.034, 6.997, 6.836, 6.076, 4.061, 3.175, 2.484, 2.776, 2.351, 2.96, 4.016, 3.672, 4.413, 5.614, 5.148, 3.211, 3.388, 3.505, 3.186, 3.025, 3.539, 3.702, 3.03, 2.621, 3.051, 3.478, 3.482, 3.817, 3.146, 3.881, 4.706, 4.08, 3.722, 3.434, 2.189, 3.239, 3.259, 2.037, 1.892, 2.307, 2.048, 2.202, 2.96, 3.238, 1.729, 4.105, 5.741, 4.409, 2.882, 3.606, 5.341, 5.842, 6.451, 5.108, 5.22], [8.986, 8.978, 9.744, 9.78, 10.299, 11.592, 10.633, 7.048, 5.084, 3.867, 2.339, 0.0, 1.446, 2.64, 3.242, 2.361, 2.547, 2.444, 3.01, 3.841, 4.752, 5.507, 5.835, 6.15, 5.159, 3.668, 2.936, 2.747, 4.717, 8.078, 9.439, 10.482, 12.116, 10.157, 9.804, 10.133, 9.983, 10.097, 11.108, 12.201, 13.319, 14.464, 14.515, 15.068, 17.207, 16.604, 15.913, 15.972, 15.932, 15.731, 15.527, 14.263, 12.772, 11.867, 11.389, 10.35, 10.013, 10.297, 9.791, 8.141, 7.29, 6.083, 5.471, 4.98, 4.602, 5.0, 5.402, 3.975, 2.986, 2.211, 2.704, 3.225, 3.711, 2.902, 4.162, 4.595, 3.172, 3.297, 4.938, 5.995, 3.838, 4.207, 4.171, 3.717, 4.568, 5.757, 5.587, 7.087, 8.472, 8.034, 7.865, 8.748, 7.724, 7.149, 6.167, 4.204, 3.225, 2.376, 1.855, 2.183, 1.364, 2.356, 2.516, 2.607, 3.457, 3.253, 2.931, 3.844, 3.337, 2.777, 2.611, 2.589, 2.334, 2.041, 1.798, 2.175, 2.332, 2.393, 3.192, 2.81, 3.188, 3.841, 3.502, 3.513, 2.98, 2.566, 4.442, 3.977, 3.293, 3.396, 2.824, 2.062, 1.854, 1.616, 1.935, 3.042, 6.202, 7.983, 6.632, 4.939, 5.779, 7.45, 8.033, 8.631, 7.321, 7.363], [8.443, 8.519, 9.327, 9.362, 9.817, 11.187, 10.199, 6.613, 4.664, 3.31, 1.924, 1.446, 0.0, 1.801, 2.496, 1.605, 2.02, 1.916, 2.309, 3.027, 3.916, 4.717, 5.158, 5.634, 4.361, 2.691, 2.067, 1.883, 4.132, 7.459, 8.81, 9.916, 11.499, 9.538, 9.179, 9.514, 9.466, 9.69, 10.648, 11.765, 12.893, 13.984, 14.042, 14.623, 16.796, 16.184, 15.393, 15.456, 15.457, 15.182, 15.041, 13.79, 12.25, 11.421, 10.894, 9.794, 9.531, 9.835, 9.282, 7.769, 6.859, 5.592, 4.962, 4.558, 4.17, 4.52, 4.775, 3.628, 2.798, 2.292, 2.725, 2.887, 3.171, 2.103, 3.33, 4.008, 2.399, 2.529, 4.396, 5.455, 3.175, 3.644, 3.549, 3.273, 4.01, 5.04, 4.95, 6.373, 7.726, 7.245, 7.118, 8.077, 7.029, 6.637, 5.599, 3.584, 2.67, 1.977, 1.739, 1.632, 1.666, 2.983, 2.858, 3.099, 4.06, 3.811, 3.202, 4.115, 4.022, 3.464, 3.258, 3.316, 3.141, 2.621, 1.932, 1.778, 2.144, 2.182, 2.819, 2.445, 2.775, 3.388, 3.18, 2.943, 2.597, 1.801, 3.538, 3.282, 2.604, 2.982, 2.561, 1.756, 1.348, 1.532, 2.047, 2.325, 5.754, 7.377, 6.03, 4.545, 5.34, 6.993, 7.463, 8.093, 6.766, 6.874], [7.332, 7.711, 8.721, 8.746, 8.743, 10.42, 9.65, 6.349, 4.515, 3.037, 1.808, 2.64, 1.801, 0.0, 2.02, 2.236, 3.007, 2.48, 2.958, 3.285, 3.476, 4.318, 4.326, 4.531, 3.195, 2.16, 1.9, 1.968, 3.049, 6.092, 7.359, 8.584, 10.084, 8.602, 7.902, 8.14, 8.456, 8.83, 9.715, 11.25, 12.212, 12.973, 12.9, 13.823, 15.998, 15.372, 14.218, 14.391, 14.349, 13.929, 14.01, 12.81, 11.233, 10.423, 9.927, 8.731, 8.6, 9.355, 8.879, 7.551, 6.652, 5.074, 4.698, 4.374, 4.031, 3.912, 3.834, 3.321, 2.697, 2.378, 3.221, 2.957, 2.435, 1.963, 2.966, 3.014, 2.797, 2.564, 3.521, 4.664, 3.634, 4.68, 4.386, 3.89, 4.158, 4.848, 4.874, 6.187, 7.229, 6.829, 6.811, 7.926, 6.834, 6.514, 5.799, 3.979, 3.106, 2.526, 2.945, 2.888, 2.988, 4.08, 3.646, 4.289, 5.52, 5.094, 3.413, 4.245, 4.291, 3.902, 3.712, 4.285, 4.35, 3.757, 2.928, 3.24, 3.552, 3.576, 4.084, 3.481, 3.271, 4.143, 4.311, 3.698, 3.687, 2.294, 3.357, 3.187, 2.753, 3.026, 3.175, 2.736, 2.492, 2.991, 3.404, 2.377, 5.145, 6.104, 5.074, 3.756, 4.375, 6.097, 6.645, 6.949, 5.846, 5.845], [6.684, 6.643, 7.42, 7.519, 7.998, 9.281, 8.336, 5.02, 3.303, 2.563, 1.791, 3.242, 2.496, 2.02, 0.0, 1.503, 2.789, 2.205, 1.438, 1.647, 2.341, 3.19, 3.55, 3.9, 2.725, 1.552, 1.401, 1.621, 2.645, 5.802, 7.161, 8.196, 9.878, 7.859, 7.481, 7.81, 7.656, 7.674, 8.7, 9.803, 10.821, 12.172, 12.186, 12.67, 14.823, 14.152, 13.622, 13.684, 13.606, 13.444, 13.268, 11.944, 10.434, 9.478, 9.057, 7.947, 7.454, 7.87, 7.431, 6.161, 5.373, 3.769, 3.493, 3.179, 3.037, 3.404, 3.296, 2.69, 2.65, 2.755, 2.706, 1.987, 1.656, 1.643, 2.323, 2.417, 1.722, 1.344, 2.735, 3.731, 2.089, 3.252, 3.535, 3.735, 3.106, 3.84, 3.665, 5.209, 6.487, 6.066, 5.575, 6.73, 5.76, 5.554, 4.771, 2.96, 2.472, 2.101, 2.992, 2.618, 3.308, 4.783, 4.17, 4.592, 5.781, 5.335, 3.666, 4.202, 4.698, 4.35, 4.207, 4.744, 4.755, 4.167, 3.266, 3.437, 3.58, 3.648, 3.643, 3.345, 4.178, 4.971, 4.017, 3.425, 3.566, 1.651, 2.329, 2.217, 1.554, 2.108, 2.072, 2.28, 2.26, 3.405, 3.93, 2.172, 3.97, 5.758, 4.374, 2.634, 3.397, 5.075, 5.735, 6.246, 4.966, 4.81], [7.629, 7.681, 8.475, 8.47, 8.954, 10.298, 9.293, 5.83, 4.032, 2.956, 1.967, 2.361, 1.605, 2.236, 1.503, 0.0, 1.671, 1.228, 1.126, 1.995, 2.946, 3.851, 4.4, 4.821, 3.663, 2.143, 1.497, 1.524, 3.339, 6.74, 8.099, 9.134, 10.808, 8.808, 8.403, 8.747, 8.627, 8.793, 9.723, 10.861, 11.977, 13.139, 13.175, 13.767, 15.96, 15.286, 14.601, 14.628, 14.6, 14.386, 14.24, 12.92, 11.401, 10.504, 10.008, 8.928, 8.572, 8.869, 8.417, 6.992, 6.165, 4.643, 4.248, 3.918, 3.716, 4.077, 4.111, 3.364, 3.163, 3.131, 2.914, 2.34, 2.338, 1.551, 2.638, 3.265, 1.81, 1.822, 3.629, 4.661, 2.217, 2.648, 2.597, 3.041, 2.737, 3.741, 3.618, 5.114, 6.493, 6.064, 5.795, 6.732, 5.734, 5.296, 4.402, 2.479, 1.659, 1.422, 2.081, 1.697, 2.655, 4.084, 4.003, 4.03, 4.914, 4.717, 4.055, 4.716, 5.086, 4.58, 4.355, 4.467, 4.268, 3.762, 3.057, 2.618, 2.659, 2.705, 2.593, 2.407, 3.121, 3.83, 2.915, 2.31, 2.342, 0.976, 2.708, 2.312, 1.874, 2.663, 2.426, 1.753, 1.5, 2.342, 2.85, 2.09, 4.877, 6.678, 5.311, 3.59, 4.423, 6.099, 6.664, 7.209, 5.848, 5.881], [9.038, 9.092, 9.756, 9.889, 10.356, 11.713, 10.647, 7.098, 5.243, 4.126, 2.849, 2.547, 2.02, 3.007, 2.789, 1.671, 0.0, 1.405, 2.095, 3.26, 4.283, 5.181, 5.741, 6.196, 5.045, 3.469, 2.733, 2.406, 4.736, 8.114, 9.412, 10.509, 12.133, 10.126, 9.752, 10.154, 10.057, 10.225, 11.258, 12.158, 13.278, 14.558, 14.575, 15.082, 17.305, 16.645, 15.959, 16.012, 15.996, 15.747, 15.6, 14.353, 12.771, 11.9, 11.418, 10.291, 9.956, 10.16, 9.595, 8.282, 7.345, 6.017, 5.446, 5.165, 4.906, 5.407, 5.399, 4.524, 4.14, 3.784, 3.981, 3.496, 3.706, 2.759, 3.956, 4.651, 3.13, 3.011, 4.998, 5.937, 3.326, 2.318, 2.021, 1.762, 2.8, 4.358, 4.169, 5.635, 6.996, 6.605, 6.482, 7.345, 6.286, 5.406, 4.31, 2.316, 1.675, 1.584, 1.473, 1.876, 2.414, 3.741, 3.85, 3.533, 3.977, 4.063, 4.605, 5.499, 5.528, 4.847, 4.723, 4.135, 3.9, 3.571, 3.241, 2.39, 1.797, 1.63, 1.788, 1.611, 2.158, 2.625, 1.927, 1.586, 1.46, 1.786, 3.833, 3.267, 3.097, 3.968, 3.576, 2.398, 2.019, 1.901, 2.295, 2.646, 6.327, 8.023, 6.638, 4.972, 5.841, 7.506, 7.978, 8.599, 7.257, 7.295], [8.305, 8.456, 9.263, 9.132, 9.582, 10.998, 9.971, 6.528, 4.804, 3.663, 2.482, 2.444, 1.916, 2.48, 2.205, 1.228, 1.405, 0.0, 1.548, 2.664, 3.453, 4.391, 5.096, 5.518, 4.388, 2.564, 1.829, 1.787, 4.02, 7.449, 8.794, 9.829, 11.515, 9.518, 9.124, 9.484, 9.28, 9.346, 10.283, 11.522, 12.591, 13.806, 13.794, 14.435, 16.602, 15.848, 15.255, 15.317, 15.234, 15.077, 14.891, 13.555, 12.088, 11.113, 10.638, 9.641, 9.135, 9.589, 9.136, 7.82, 6.913, 5.468, 4.953, 4.614, 4.404, 4.66, 4.821, 3.964, 3.639, 3.424, 3.482, 3.027, 3.033, 2.022, 3.306, 3.967, 2.449, 2.686, 4.27, 5.335, 2.902, 2.346, 2.157, 2.27, 2.388, 3.791, 3.481, 5.139, 6.544, 6.12, 5.782, 6.572, 5.731, 5.096, 3.914, 2.092, 1.433, 1.237, 1.69, 1.71, 2.764, 4.347, 4.318, 4.087, 4.725, 4.58, 4.338, 5.085, 5.279, 4.739, 4.516, 4.409, 4.209, 3.741, 3.118, 2.381, 2.156, 2.086, 2.03, 1.915, 2.469, 3.165, 2.381, 2.088, 1.895, 1.16, 3.377, 2.74, 2.762, 3.331, 3.06, 2.04, 1.715, 2.301, 2.878, 2.556, 5.642, 7.386, 6.009, 4.34, 4.93, 6.705, 7.393, 7.792, 6.588, 6.514], [7.302, 7.339, 7.959, 8.041, 8.59, 9.917, 8.804, 5.268, 3.574, 3.12, 2.491, 3.01, 2.309, 2.958, 1.438, 1.126, 2.095, 1.548, 0.0, 1.414, 2.441, 3.409, 4.091, 4.512, 3.4, 1.936, 1.562, 1.747, 3.02, 6.452, 7.79, 8.825, 10.511, 8.488, 8.105, 8.473, 8.279, 8.303, 9.35, 10.271, 11.367, 12.822, 12.79, 13.289, 15.42, 14.728, 14.25, 14.313, 14.229, 14.073, 13.887, 12.55, 11.06, 10.08, 9.603, 8.561, 8.049, 8.286, 7.806, 6.477, 5.611, 4.112, 3.722, 3.467, 3.432, 3.861, 3.786, 3.392, 3.297, 3.509, 3.082, 2.33, 2.279, 1.562, 2.395, 3.016, 1.527, 1.592, 3.273, 4.317, 1.641, 2.253, 2.786, 3.316, 2.405, 3.25, 2.982, 4.586, 6.025, 5.52, 5.135, 6.068, 5.213, 4.858, 4.086, 2.337, 1.926, 1.815, 2.466, 2.132, 3.127, 4.737, 4.547, 4.448, 5.256, 5.04, 4.411, 4.793, 5.439, 5.004, 4.797, 4.914, 4.739, 4.199, 3.46, 2.876, 2.864, 2.97, 2.851, 2.684, 3.668, 4.393, 3.21, 2.569, 2.782, 1.197, 2.336, 2.123, 1.644, 2.502, 2.069, 2.112, 1.933, 3.1, 3.579, 2.599, 4.553, 6.384, 5.002, 3.231, 3.979, 5.692, 6.329, 6.815, 5.514, 5.409], [6.048, 6.208, 6.768, 6.761, 7.306, 8.629, 7.534, 4.27, 2.977, 2.808, 2.682, 3.841, 3.027, 3.285, 1.647, 1.995, 3.26, 2.664, 1.414, 0.0, 1.454, 2.188, 2.814, 3.225, 2.298, 1.809, 1.855, 2.146, 1.951, 5.153, 6.513, 7.538, 9.216, 7.21, 6.809, 7.173, 6.998, 7.01, 8.056, 9.07, 10.191, 11.513, 11.511, 12.04, 14.192, 13.495, 12.96, 13.025, 12.951, 12.786, 12.604, 11.271, 9.781, 8.796, 8.319, 7.264, 6.773, 7.081, 6.629, 5.698, 4.975, 3.291, 3.144, 2.826, 2.922, 3.245, 2.884, 2.998, 3.127, 3.765, 3.291, 2.517, 1.766, 2.038, 1.822, 2.096, 1.531, 1.57, 2.14, 3.035, 1.08, 3.051, 3.775, 4.462, 2.879, 2.808, 3.004, 4.085, 5.418, 4.943, 4.455, 5.558, 4.666, 4.869, 4.323, 3.257, 2.789, 2.736, 3.512, 3.066, 4.016, 5.469, 5.007, 5.298, 6.484, 6.07, 4.704, 4.908, 5.739, 5.393, 5.241, 5.586, 5.523, 4.934, 4.113, 4.001, 4.157, 4.179, 4.056, 3.813, 4.759, 5.563, 4.416, 3.703, 3.985, 2.149, 1.472, 2.043, 1.349, 2.007, 2.119, 2.925, 2.806, 4.063, 4.498, 3.023, 3.465, 5.085, 3.77, 2.513, 2.708, 4.409, 5.072, 5.549, 4.462, 4.164], [5.121, 5.503, 6.442, 6.379, 6.474, 8.065, 7.247, 4.254, 3.041, 2.974, 3.271, 4.752, 3.916, 3.476, 2.341, 2.946, 4.283, 3.453, 2.441, 1.454, 0.0, 1.544, 2.155, 2.532, 1.583, 1.79, 2.206, 2.475, 1.901, 4.093, 5.453, 6.488, 8.173, 6.345, 5.832, 6.112, 6.053, 6.258, 7.294, 8.858, 9.768, 10.503, 10.469, 11.399, 13.58, 12.895, 11.95, 11.983, 11.915, 11.736, 11.567, 10.3, 8.795, 7.914, 7.648, 6.343, 6.069, 6.904, 6.495, 5.552, 4.83, 3.041, 3.289, 3.046, 2.909, 2.894, 2.45, 2.97, 3.55, 4.555, 4.176, 3.397, 2.145, 2.532, 1.856, 1.678, 2.225, 2.42, 2.019, 2.101, 2.105, 4.083, 4.643, 5.164, 3.156, 2.618, 2.91, 3.891, 5.006, 4.598, 3.926, 5.167, 4.306, 4.954, 4.505, 3.675, 3.279, 3.532, 4.533, 4.075, 5.098, 6.453, 5.982, 6.379, 7.542, 7.159, 5.556, 5.09, 6.334, 6.253, 6.091, 6.5, 6.436, 5.885, 5.054, 4.945, 5.211, 5.244, 5.109, 4.746, 5.266, 6.351, 5.433, 4.561, 4.902, 2.953, 2.03, 2.392, 2.181, 2.447, 2.991, 3.909, 3.794, 4.989, 5.422, 3.82, 3.111, 4.187, 2.833, 2.31, 2.311, 3.539, 4.485, 4.739, 3.663, 3.258], [4.619, 4.983, 5.719, 5.68, 5.733, 7.025, 6.086, 3.785, 3.246, 3.387, 3.776, 5.507, 4.717, 4.318, 3.19, 3.851, 5.181, 4.391, 3.409, 2.188, 1.544, 0.0, 1.143, 1.892, 1.78, 2.523, 3.17, 3.223, 2.091, 3.205, 4.499, 5.52, 7.213, 5.318, 5.072, 5.295, 5.017, 5.224, 6.218, 7.831, 8.607, 9.542, 9.441, 10.254, 12.478, 11.697, 10.962, 10.993, 10.895, 10.712, 10.588, 9.286, 7.736, 6.932, 6.629, 5.524, 5.192, 5.878, 5.85, 5.548, 4.823, 3.426, 3.747, 3.431, 3.327, 3.174, 2.598, 3.564, 4.083, 5.153, 4.706, 3.817, 2.402, 3.169, 2.305, 1.949, 2.891, 3.029, 1.896, 1.487, 2.332, 4.909, 5.579, 6.091, 3.98, 2.825, 3.609, 3.62, 4.636, 4.349, 3.449, 4.549, 4.009, 4.807, 4.561, 4.456, 3.925, 4.184, 5.296, 4.725, 5.913, 7.3, 6.754, 7.34, 8.518, 8.003, 6.153, 5.65, 6.813, 6.612, 6.462, 6.922, 6.905, 6.346, 5.559, 5.643, 6.107, 6.131, 5.969, 5.518, 6.258, 7.332, 6.412, 5.482, 5.771, 3.842, 1.997, 2.484, 2.785, 2.81, 3.482, 4.395, 4.38, 5.808, 6.21, 4.412, 3.284, 3.371, 2.51, 2.705, 1.832, 2.472, 3.581, 4.066, 3.458, 2.886], [3.922, 4.499, 5.118, 5.141, 5.084, 6.528, 5.79, 3.742, 3.359, 3.194, 3.832, 5.835, 5.158, 4.326, 3.55, 4.4, 5.741, 5.096, 4.091, 2.814, 2.155, 1.143, 0.0, 1.191, 1.688, 2.965, 3.68, 3.79, 1.927, 2.673, 3.866, 4.818, 6.474, 4.823, 4.473, 4.69, 4.573, 4.866, 5.82, 7.44, 8.293, 9.039, 8.955, 9.791, 12.048, 11.358, 10.323, 10.449, 10.376, 10.031, 10.072, 8.844, 7.304, 6.581, 6.15, 5.022, 4.792, 5.574, 5.418, 5.377, 4.92, 3.554, 3.896, 3.603, 3.387, 3.039, 2.323, 3.773, 4.254, 5.245, 4.875, 3.993, 2.432, 3.289, 2.443, 1.757, 3.355, 3.346, 1.813, 1.061, 2.971, 5.66, 6.282, 6.692, 4.565, 3.066, 4.256, 3.732, 4.606, 4.389, 3.773, 4.82, 4.185, 5.145, 4.975, 5.063, 4.658, 4.886, 6.046, 5.439, 6.37, 7.554, 7.095, 7.858, 9.061, 8.557, 6.439, 5.876, 6.89, 6.68, 6.542, 7.146, 7.135, 6.617, 6.008, 6.367, 6.857, 6.873, 6.689, 6.262, 6.635, 7.712, 7.044, 6.018, 6.415, 4.534, 2.085, 2.707, 3.151, 2.973, 3.876, 4.76, 4.916, 6.361, 6.671, 4.384, 3.27, 2.586, 2.025, 2.789, 1.803, 2.275, 3.104, 3.618, 3.116, 2.546], [3.867, 4.194, 4.712, 4.724, 4.528, 6.073, 5.27, 3.557, 2.896, 2.94, 3.964, 6.15, 5.634, 4.531, 3.9, 4.821, 6.196, 5.518, 4.512, 3.225, 2.532, 1.892, 1.191, 0.0, 1.809, 3.303, 4.033, 4.223, 1.819, 2.539, 3.583, 4.411, 6.091, 4.548, 4.064, 4.298, 4.248, 4.49, 5.393, 6.939, 7.805, 8.64, 8.466, 9.41, 11.656, 10.933, 9.88, 9.986, 9.901, 9.624, 9.617, 8.464, 6.923, 6.058, 5.6, 4.525, 4.426, 5.089, 5.028, 5.253, 4.761, 3.137, 3.446, 3.143, 2.952, 2.572, 1.942, 3.281, 3.923, 4.95, 4.735, 3.78, 2.609, 3.753, 2.936, 2.067, 3.736, 3.677, 1.714, 1.224, 3.387, 6.077, 6.703, 7.113, 5.114, 3.649, 4.668, 4.062, 4.969, 4.617, 4.045, 5.194, 4.527, 5.346, 5.297, 5.493, 5.137, 5.333, 6.463, 5.856, 6.775, 7.787, 7.44, 8.268, 9.483, 8.958, 6.328, 5.397, 6.571, 6.463, 6.291, 6.966, 7.35, 6.608, 6.344, 6.79, 7.275, 7.29, 7.106, 6.679, 7.057, 8.232, 7.478, 6.461, 6.843, 4.951, 2.566, 3.068, 3.364, 3.027, 4.294, 5.145, 5.362, 6.792, 7.125, 4.213, 2.85, 2.017, 1.807, 2.441, 1.402, 1.901, 2.725, 3.176, 3.047, 2.422], [4.509, 4.913, 5.929, 6.061, 5.955, 7.522, 6.861, 3.997, 2.779, 2.512, 3.222, 5.159, 4.361, 3.195, 2.725, 3.663, 5.045, 4.388, 3.4, 2.298, 1.583, 1.78, 1.688, 1.809, 0.0, 2.122, 2.853, 3.217, 1.415, 3.386, 4.737, 5.786, 7.358, 5.787, 5.285, 5.531, 5.531, 5.791, 6.757, 8.48, 9.369, 9.917, 9.883, 10.817, 13.007, 12.388, 11.236, 11.348, 11.311, 11.02, 10.956, 9.792, 8.292, 7.587, 7.214, 6.01, 5.872, 6.701, 6.343, 5.567, 4.934, 3.162, 3.276, 2.971, 2.782, 2.461, 1.727, 2.934, 3.53, 4.468, 4.278, 3.357, 1.993, 2.603, 1.571, 1.254, 2.463, 2.466, 1.252, 1.775, 2.62, 5.032, 5.644, 5.976, 3.951, 3.182, 3.835, 4.372, 5.389, 4.987, 4.59, 5.817, 4.862, 5.342, 5.101, 4.443, 4.138, 4.307, 5.414, 4.84, 5.727, 6.732, 6.357, 7.092, 8.351, 7.909, 5.498, 5.108, 6.187, 6.019, 5.873, 6.526, 6.708, 6.056, 5.319, 5.756, 6.225, 6.244, 6.057, 5.695, 5.788, 7.026, 6.339, 5.287, 5.783, 3.901, 1.998, 2.285, 2.295, 2.458, 3.41, 4.337, 4.366, 5.625, 6.008, 3.587, 2.705, 3.342, 2.145, 2.046, 1.882, 3.172, 4.072, 4.401, 3.451, 3.145], [6.126, 6.472, 7.377, 7.337, 7.374, 9.08, 8.209, 4.905, 3.125, 2.516, 2.284, 3.668, 2.691, 2.16, 1.552, 2.143, 3.469, 2.564, 1.936, 1.809, 1.79, 2.523, 2.965, 3.303, 2.122, 0.0, 1.171, 2.0, 1.906, 5.209, 6.541, 7.576, 9.262, 7.464, 6.978, 7.245, 7.137, 7.444, 8.301, 9.805, 10.814, 11.652, 11.589, 12.521, 14.687, 13.983, 13.024, 13.114, 13.018, 12.824, 12.716, 11.438, 9.953, 9.073, 8.566, 7.482, 7.276, 7.946, 7.522, 6.189, 5.287, 3.708, 3.479, 3.222, 2.569, 2.531, 2.713, 2.661, 2.718, 3.312, 2.994, 2.427, 1.791, 1.511, 1.861, 1.795, 1.514, 1.738, 2.292, 3.216, 2.085, 3.778, 4.29, 4.574, 3.411, 3.324, 3.322, 4.716, 5.928, 5.537, 5.114, 6.288, 5.282, 5.249, 4.799, 3.302, 2.989, 2.844, 3.667, 3.1, 3.967, 5.39, 4.764, 5.269, 6.431, 6.017, 4.299, 4.523, 5.188, 4.944, 4.786, 5.25, 5.257, 4.679, 3.774, 3.785, 4.174, 4.253, 4.063, 3.929, 4.294, 5.261, 4.48, 3.847, 3.932, 2.071, 2.107, 2.236, 1.762, 1.584, 1.858, 2.755, 2.704, 3.747, 4.229, 2.839, 3.742, 5.133, 3.899, 2.558, 3.024, 4.741, 5.408, 5.645, 4.569, 4.533], [6.866, 7.169, 8.066, 7.991, 8.093, 9.782, 8.857, 5.483, 3.642, 2.51, 1.874, 2.936, 2.067, 1.9, 1.401, 1.497, 2.733, 1.829, 1.562, 1.855, 2.206, 3.17, 3.68, 4.033, 2.853, 1.171, 0.0, 1.297, 2.578, 5.947, 7.309, 8.314, 10.0, 8.207, 7.689, 7.986, 7.886, 8.119, 8.995, 10.453, 11.495, 12.361, 12.282, 13.209, 15.374, 14.668, 13.758, 13.832, 13.727, 13.562, 13.425, 12.141, 10.664, 9.723, 9.281, 8.207, 7.987, 8.613, 8.167, 6.818, 5.916, 4.324, 3.961, 3.587, 3.196, 3.248, 3.414, 2.671, 2.547, 3.059, 2.549, 2.233, 1.846, 1.386, 2.194, 2.503, 1.531, 1.618, 2.928, 3.912, 2.286, 3.643, 3.659, 3.824, 3.145, 3.607, 3.492, 5.003, 6.295, 5.859, 5.468, 6.53, 5.598, 5.505, 4.862, 2.993, 2.29, 2.124, 2.79, 2.481, 3.286, 4.745, 4.32, 4.584, 5.71, 5.319, 4.022, 4.265, 4.985, 4.58, 4.422, 4.721, 4.651, 4.06, 3.225, 3.113, 3.445, 3.487, 3.423, 3.089, 3.499, 4.535, 3.919, 3.352, 3.308, 1.408, 2.475, 2.462, 1.887, 2.166, 2.103, 2.123, 2.085, 3.092, 3.6, 2.577, 4.409, 5.875, 4.649, 3.128, 3.684, 5.421, 6.176, 6.379, 5.31, 5.235], [7.122, 7.342, 8.217, 8.134, 8.352, 9.871, 8.99, 5.991, 4.306, 3.061, 1.861, 2.747, 1.883, 1.968, 1.621, 1.524, 2.406, 1.787, 1.747, 2.146, 2.475, 3.223, 3.79, 4.223, 3.217, 2.0, 1.297, 0.0, 3.036, 6.166, 7.482, 8.519, 10.213, 8.222, 7.915, 8.206, 8.023, 8.286, 9.279, 10.596, 11.6, 12.575, 12.513, 13.267, 15.486, 14.752, 13.963, 13.995, 13.936, 13.748, 13.576, 12.304, 10.77, 9.885, 9.447, 8.331, 8.046, 8.688, 8.297, 7.313, 6.51, 4.723, 4.558, 4.239, 3.972, 4.059, 3.824, 3.257, 2.985, 3.084, 3.133, 2.738, 1.944, 1.799, 2.37, 2.771, 2.232, 2.03, 3.211, 4.088, 2.465, 3.622, 3.233, 3.21, 2.967, 3.661, 3.415, 4.887, 6.261, 5.738, 5.361, 6.454, 5.524, 5.293, 4.563, 2.753, 1.918, 1.883, 2.426, 2.415, 3.111, 4.566, 4.231, 4.467, 5.393, 5.136, 3.996, 4.528, 4.996, 4.577, 4.409, 4.715, 4.58, 3.998, 3.222, 2.857, 3.215, 3.207, 3.508, 2.909, 3.206, 4.227, 3.852, 3.201, 3.123, 1.577, 2.602, 2.453, 2.245, 2.992, 2.815, 2.405, 2.173, 2.894, 3.464, 2.691, 4.797, 6.1, 4.794, 3.404, 3.854, 5.506, 6.231, 6.625, 5.503, 5.398], [4.533, 5.221, 5.892, 5.853, 5.859, 7.583, 6.744, 3.597, 2.481, 2.157, 2.656, 4.717, 4.132, 3.049, 2.645, 3.339, 4.736, 4.02, 3.02, 1.951, 1.901, 2.091, 1.927, 1.819, 1.415, 1.906, 2.578, 3.036, 0.0, 3.498, 4.82, 5.857, 7.553, 5.911, 5.447, 5.632, 5.621, 5.989, 6.926, 8.343, 9.352, 10.124, 10.033, 10.992, 13.204, 12.5, 11.402, 11.552, 11.486, 11.137, 11.174, 9.923, 8.397, 7.557, 7.073, 5.919, 5.756, 6.464, 5.994, 5.186, 4.457, 2.746, 2.666, 2.439, 2.252, 2.09, 1.53, 2.6, 2.841, 3.732, 3.438, 2.486, 1.54, 2.303, 1.844, 1.354, 2.419, 2.372, 1.346, 2.104, 2.086, 4.62, 5.335, 5.856, 3.987, 3.19, 3.851, 4.452, 5.638, 5.144, 4.939, 6.119, 5.072, 5.373, 5.01, 4.322, 3.962, 4.026, 5.032, 4.384, 5.301, 6.314, 6.011, 6.764, 7.978, 7.472, 5.022, 4.654, 5.463, 5.353, 5.165, 5.783, 6.042, 5.316, 4.996, 5.365, 5.789, 5.804, 5.627, 5.228, 5.558, 6.657, 5.94, 4.975, 5.347, 3.468, 1.925, 2.284, 2.067, 1.981, 2.857, 3.768, 3.913, 5.309, 5.574, 2.867, 2.651, 3.472, 2.3, 1.802, 1.621, 3.34, 3.899, 4.159, 3.178, 3.047], [3.017, 3.609, 4.395, 4.362, 4.197, 5.504, 4.799, 3.135, 3.92, 4.496, 5.817, 8.078, 7.459, 6.092, 5.802, 6.74, 8.114, 7.449, 6.452, 5.153, 4.093, 3.205, 2.673, 2.539, 3.386, 5.209, 5.947, 6.166, 3.498, 0.0, 1.767, 2.666, 4.36, 3.835, 3.569, 3.185, 3.472, 3.497, 4.436, 6.59, 7.316, 7.187, 7.087, 8.471, 10.628, 10.043, 8.658, 8.713, 8.729, 8.084, 8.278, 7.308, 5.81, 5.205, 5.125, 3.86, 3.914, 4.616, 4.715, 4.536, 4.171, 3.142, 3.923, 3.917, 3.865, 3.426, 2.887, 4.446, 5.61, 6.482, 6.273, 5.529, 4.544, 5.587, 4.594, 3.746, 5.702, 5.643, 3.417, 2.401, 5.386, 8.076, 8.67, 9.055, 6.684, 4.908, 6.304, 5.775, 5.659, 5.349, 5.15, 5.976, 5.484, 6.663, 7.205, 7.503, 7.072, 7.338, 8.481, 7.866, 8.77, 9.718, 9.382, 10.191, 11.406, 10.957, 8.17, 6.209, 7.615, 8.122, 7.889, 8.902, 9.333, 8.582, 8.348, 8.783, 9.274, 9.289, 9.117, 8.705, 8.847, 9.964, 9.405, 8.363, 8.832, 6.95, 4.408, 4.994, 5.308, 4.923, 6.268, 7.143, 7.264, 8.697, 9.004, 5.726, 2.827, 1.697, 1.808, 3.381, 2.712, 1.897, 2.658, 2.999, 2.471, 1.861], [2.267, 2.65, 3.256, 3.304, 3.093, 4.367, 3.606, 3.636, 5.283, 5.857, 7.216, 9.439, 8.81, 7.359, 7.161, 8.099, 9.412, 8.794, 7.79, 6.513, 5.453, 4.499, 3.866, 3.583, 4.737, 6.541, 7.309, 7.482, 4.82, 1.767, 0.0, 1.763, 3.366, 3.029, 2.917, 3.038, 3.106, 3.048, 3.407, 5.406, 6.138, 6.252, 6.097, 7.363, 9.57, 8.969, 7.588, 7.677, 7.706, 7.077, 7.26, 6.267, 4.736, 4.127, 4.116, 2.734, 2.863, 3.512, 3.62, 3.984, 3.851, 3.981, 5.085, 5.212, 5.172, 4.613, 4.116, 5.702, 6.895, 7.795, 7.663, 6.856, 5.857, 6.918, 5.941, 5.121, 7.064, 6.951, 4.78, 3.625, 6.703, 9.387, 9.981, 10.346, 8.043, 6.267, 7.628, 6.909, 6.725, 6.405, 6.147, 6.866, 6.762, 7.883, 8.364, 8.781, 8.353, 8.616, 9.773, 9.166, 10.081, 11.011, 10.671, 11.524, 12.731, 12.268, 9.481, 7.525, 8.933, 9.492, 9.244, 10.25, 10.676, 9.926, 9.694, 10.125, 10.585, 10.6, 10.416, 9.99, 10.155, 11.284, 10.735, 9.68, 10.142, 8.261, 5.673, 6.268, 6.635, 6.29, 7.572, 8.508, 8.644, 10.056, 10.363, 7.053, 3.751, 2.149, 2.949, 4.682, 4.067, 2.951, 2.43, 2.091, 2.39, 2.469], [2.608, 3.021, 2.994, 2.983, 2.756, 3.632, 2.913, 4.527, 6.227, 6.859, 8.198, 10.482, 9.916, 8.584, 8.196, 9.134, 10.509, 9.829, 8.825, 7.538, 6.488, 5.52, 4.818, 4.411, 5.786, 7.576, 8.314, 8.519, 5.857, 2.666, 1.763, 0.0, 2.393, 2.228, 2.537, 2.499, 2.378, 2.252, 2.351, 4.749, 5.337, 4.815, 4.618, 6.102, 8.214, 7.589, 6.3, 6.277, 6.347, 5.599, 5.871, 4.893, 3.57, 3.365, 3.4, 2.27, 2.691, 2.977, 3.435, 4.33, 4.564, 4.969, 6.124, 6.258, 6.184, 5.578, 5.206, 6.71, 7.937, 8.831, 8.632, 7.847, 6.854, 7.988, 7.04, 6.124, 8.081, 8.014, 5.781, 4.613, 7.739, 10.429, 11.023, 11.451, 9.078, 7.283, 8.661, 7.719, 6.693, 6.354, 6.237, 6.336, 6.602, 7.884, 9.218, 9.815, 9.395, 9.655, 10.815, 10.208, 11.123, 12.113, 11.774, 12.6, 13.805, 13.31, 10.522, 8.543, 9.965, 10.458, 10.214, 11.212, 11.638, 10.9, 10.665, 11.136, 11.626, 11.642, 11.458, 11.031, 11.293, 12.428, 11.778, 10.77, 11.184, 9.303, 6.802, 7.341, 7.692, 7.308, 8.59, 9.496, 9.64, 11.103, 11.411, 8.156, 4.549, 2.914, 3.999, 5.691, 5.004, 3.226, 2.778, 2.505, 3.357, 3.484], [4.313, 4.072, 3.969, 3.768, 3.453, 3.527, 3.404, 6.371, 7.866, 8.471, 9.88, 12.116, 11.499, 10.084, 9.878, 10.808, 12.133, 11.515, 10.511, 9.216, 8.173, 7.213, 6.474, 6.091, 7.358, 9.262, 10.0, 10.213, 7.553, 4.36, 3.366, 2.393, 0.0, 2.111, 2.671, 2.221, 2.302, 2.408, 3.154, 4.607, 4.913, 4.049, 3.735, 5.109, 6.793, 6.306, 5.02, 5.06, 5.147, 4.195, 4.66, 3.933, 2.924, 2.993, 2.876, 2.51, 3.211, 3.678, 4.837, 6.165, 6.509, 6.846, 7.902, 7.933, 7.846, 7.281, 6.777, 8.404, 9.63, 10.516, 10.293, 9.541, 8.552, 9.603, 8.509, 7.719, 9.685, 9.625, 7.395, 6.265, 9.433, 12.123, 12.716, 13.065, 10.764, 8.966, 10.343, 9.394, 8.089, 8.04, 7.871, 7.261, 7.801, 9.175, 10.911, 11.509, 11.088, 11.349, 12.509, 11.902, 12.816, 13.717, 13.396, 14.235, 15.451, 15.003, 12.216, 10.237, 11.553, 12.071, 11.862, 12.887, 13.327, 12.601, 12.371, 12.83, 13.32, 13.335, 13.152, 12.725, 12.864, 14.033, 13.454, 12.395, 12.878, 10.996, 8.361, 8.972, 9.34, 8.98, 10.268, 11.19, 11.294, 12.777, 13.084, 9.765, 6.388, 4.419, 5.624, 7.414, 6.708, 4.912, 4.232, 4.027, 5.051, 5.169], [3.728, 3.163, 3.296, 3.09, 2.911, 3.313, 2.803, 5.211, 6.509, 6.88, 7.943, 10.157, 9.538, 8.602, 7.859, 8.808, 10.126, 9.518, 8.488, 7.21, 6.345, 5.318, 4.823, 4.548, 5.787, 7.464, 8.207, 8.222, 5.911, 3.835, 3.029, 2.228, 2.111, 0.0, 1.37, 1.715, 1.429, 1.471, 2.575, 4.393, 4.908, 4.798, 4.656, 5.454, 7.54, 6.931, 6.001, 5.98, 6.033, 5.657, 5.578, 4.444, 3.121, 3.086, 2.967, 1.974, 2.354, 2.991, 4.019, 5.223, 5.317, 5.43, 6.506, 6.313, 6.216, 5.781, 5.299, 6.551, 7.794, 8.765, 8.755, 7.698, 6.737, 7.873, 7.027, 6.233, 7.841, 7.733, 5.689, 4.664, 7.394, 10.084, 10.68, 11.083, 8.956, 7.492, 8.574, 7.649, 6.842, 6.888, 6.269, 6.075, 6.328, 7.513, 9.019, 9.595, 9.124, 9.356, 10.497, 9.882, 10.777, 11.734, 11.391, 12.234, 13.433, 12.965, 10.177, 8.463, 10.026, 10.602, 10.361, 11.173, 11.529, 10.752, 10.474, 10.831, 11.281, 11.297, 11.132, 10.721, 11.139, 12.214, 11.435, 10.43, 10.848, 8.967, 6.497, 7.15, 7.366, 7.09, 8.383, 9.281, 9.425, 10.754, 11.061, 8.1, 5.32, 3.722, 4.442, 5.78, 4.901, 3.165, 2.405, 2.89, 3.496, 3.651], [3.818, 3.68, 3.941, 3.874, 3.328, 3.987, 3.397, 5.179, 6.377, 6.646, 7.701, 9.804, 9.179, 7.902, 7.481, 8.403, 9.752, 9.124, 8.105, 6.809, 5.832, 5.072, 4.473, 4.064, 5.285, 6.978, 7.689, 7.915, 5.447, 3.569, 2.917, 2.537, 2.671, 1.37, 0.0, 1.39, 1.49, 1.722, 3.056, 5.06, 5.337, 5.302, 5.104, 6.048, 8.221, 7.611, 6.383, 6.531, 6.494, 6.154, 6.155, 5.009, 3.578, 3.518, 3.287, 2.473, 2.953, 3.572, 4.4, 5.405, 5.395, 5.292, 6.375, 6.164, 6.033, 5.524, 4.968, 6.248, 7.485, 8.463, 8.571, 7.569, 6.387, 7.478, 6.597, 5.75, 7.508, 7.45, 5.312, 4.391, 7.048, 9.722, 10.315, 10.673, 8.453, 6.859, 8.041, 7.058, 6.447, 6.503, 5.916, 5.879, 6.021, 7.149, 8.556, 9.181, 8.743, 9.015, 10.165, 9.565, 10.415, 11.336, 11.016, 11.816, 13.045, 12.603, 9.863, 8.3, 9.891, 10.416, 10.186, 10.958, 11.327, 10.537, 10.265, 10.611, 10.919, 10.934, 10.781, 10.372, 10.524, 11.662, 11.047, 9.987, 10.477, 8.596, 6.027, 6.679, 7.028, 6.829, 8.108, 9.072, 9.195, 10.412, 10.709, 7.818, 5.242, 3.35, 4.245, 5.623, 4.668, 3.136, 2.289, 2.887, 3.345, 3.39], [4.208, 4.248, 4.502, 4.421, 3.883, 4.608, 3.961, 5.182, 6.495, 6.915, 7.979, 10.133, 9.514, 8.14, 7.81, 8.747, 10.154, 9.484, 8.473, 7.173, 6.112, 5.295, 4.69, 4.298, 5.531, 7.245, 7.986, 8.206, 5.632, 3.185, 3.038, 2.499, 2.221, 1.715, 1.39, 0.0, 1.135, 1.756, 3.483, 5.643, 6.016, 5.553, 5.297, 6.351, 8.172, 7.618, 6.359, 6.468, 6.565, 5.839, 6.154, 5.167, 4.033, 4.164, 3.995, 3.054, 3.529, 4.191, 4.973, 5.961, 5.786, 5.352, 6.438, 6.256, 6.137, 5.574, 5.196, 6.492, 7.711, 8.705, 8.737, 7.739, 6.625, 7.718, 6.878, 5.966, 7.824, 7.747, 5.6, 4.637, 7.413, 10.097, 10.691, 11.096, 8.72, 7.026, 8.355, 7.383, 6.21, 6.422, 6.027, 5.706, 5.946, 7.203, 8.894, 9.538, 9.107, 9.373, 10.517, 9.905, 10.791, 11.758, 11.419, 12.213, 13.436, 12.978, 10.193, 8.428, 9.992, 10.602, 10.349, 11.171, 11.59, 10.781, 10.52, 10.878, 11.295, 11.31, 11.152, 10.741, 10.936, 12.012, 11.426, 10.395, 10.852, 8.971, 6.431, 7.049, 7.343, 7.035, 8.367, 9.306, 9.432, 10.709, 11.022, 8.035, 5.223, 3.365, 4.279, 5.741, 4.844, 3.063, 2.562, 3.413, 3.781, 3.521], [3.932, 3.98, 4.201, 4.066, 3.627, 4.17, 3.549, 4.939, 6.208, 6.697, 7.781, 9.983, 9.466, 8.456, 7.656, 8.627, 10.057, 9.28, 8.279, 6.998, 6.053, 5.017, 4.573, 4.248, 5.531, 7.137, 7.886, 8.023, 5.621, 3.472, 3.106, 2.378, 2.302, 1.429, 1.49, 1.135, 0.0, 1.127, 3.108, 5.231, 5.654, 5.267, 5.048, 6.042, 7.91, 7.297, 6.31, 6.277, 6.317, 5.803, 5.881, 4.851, 3.822, 3.834, 3.66, 2.815, 3.183, 3.763, 4.605, 5.516, 5.452, 5.214, 6.283, 6.069, 5.874, 5.427, 5.106, 6.287, 7.543, 8.554, 8.441, 7.443, 6.46, 7.641, 6.752, 5.924, 7.649, 7.563, 5.409, 4.455, 7.212, 9.902, 10.496, 10.978, 8.614, 7.09, 8.325, 7.429, 6.482, 6.583, 5.929, 5.592, 5.964, 7.187, 8.787, 9.345, 8.886, 9.149, 10.292, 9.681, 10.645, 11.661, 11.325, 12.08, 13.318, 12.783, 9.995, 8.253, 9.727, 10.306, 10.058, 10.85, 11.236, 10.442, 10.189, 10.609, 11.099, 11.115, 10.931, 10.516, 10.988, 12.076, 11.267, 10.301, 10.683, 8.776, 6.384, 6.939, 7.197, 6.817, 8.12, 9.007, 9.118, 10.607, 10.907, 7.963, 5.054, 3.479, 4.186, 5.6, 4.644, 2.762, 2.464, 3.191, 3.491, 3.394], [3.44, 3.198, 3.408, 3.45, 3.088, 3.383, 2.666, 4.287, 5.638, 6.584, 7.968, 10.097, 9.69, 8.83, 7.674, 8.793, 10.225, 9.346, 8.303, 7.01, 6.258, 5.224, 4.866, 4.49, 5.791, 7.444, 8.119, 8.286, 5.989, 3.497, 3.048, 2.252, 2.408, 1.471, 1.722, 1.756, 1.127, 0.0, 2.368, 4.316, 4.808, 4.764, 4.645, 5.498, 7.523, 6.885, 6.238, 6.202, 6.16, 5.849, 5.746, 4.615, 3.406, 3.247, 3.175, 2.412, 2.482, 3.013, 3.905, 4.886, 4.903, 4.884, 5.841, 5.755, 5.751, 5.483, 5.185, 6.308, 7.501, 8.365, 8.049, 7.345, 6.77, 7.974, 6.832, 6.061, 7.605, 7.57, 5.5, 4.502, 7.225, 9.906, 10.619, 11.077, 8.854, 7.536, 8.56, 7.831, 6.961, 7.026, 6.184, 5.884, 6.314, 7.573, 8.96, 9.638, 9.032, 9.172, 10.296, 9.68, 10.69, 11.79, 11.422, 12.112, 13.364, 12.782, 9.995, 8.069, 9.341, 9.764, 9.574, 10.554, 11.059, 10.316, 10.097, 10.608, 11.099, 11.114, 10.93, 10.505, 11.361, 12.414, 11.388, 10.567, 10.88, 8.863, 6.682, 7.23, 7.29, 6.852, 8.079, 8.952, 9.067, 10.733, 11.049, 7.884, 4.621, 3.201, 4.05, 5.452, 4.681, 2.936, 2.451, 3.11, 3.369, 3.253], [2.919, 2.616, 1.94, 2.0, 1.803, 1.955, 1.535, 4.603, 6.536, 7.512, 8.926, 11.108, 10.648, 9.715, 8.7, 9.723, 11.258, 10.283, 9.35, 8.056, 7.294, 6.218, 5.82, 5.393, 6.757, 8.301, 8.995, 9.279, 6.926, 4.436, 3.407, 2.351, 3.154, 2.575, 3.056, 3.483, 3.108, 2.368, 0.0, 2.583, 3.116, 3.654, 3.604, 4.402, 6.532, 5.798, 5.074, 5.146, 5.056, 5.069, 4.921, 3.593, 2.261, 1.869, 2.07, 1.837, 2.017, 1.647, 2.451, 4.056, 4.78, 5.434, 6.469, 6.728, 6.743, 6.327, 6.09, 7.303, 8.507, 9.36, 9.09, 8.378, 7.717, 8.873, 7.723, 7.012, 8.576, 8.634, 6.444, 5.577, 8.266, 10.917, 11.594, 12.089, 9.912, 8.543, 9.499, 8.818, 8.398, 8.492, 7.493, 7.621, 8.018, 9.036, 9.974, 10.543, 10.044, 10.148, 11.306, 10.675, 11.756, 12.839, 12.485, 13.177, 14.43, 13.776, 10.989, 9.011, 10.316, 10.735, 10.544, 11.514, 12.054, 11.302, 11.091, 11.606, 12.089, 12.108, 11.924, 11.552, 12.285, 13.333, 12.42, 11.509, 11.869, 9.841, 7.617, 8.109, 8.304, 7.843, 9.125, 9.946, 10.093, 11.68, 12.028, 8.839, 4.954, 3.807, 5.006, 6.379, 5.568, 4.136, 3.366, 2.978, 4.151, 4.313], [4.254, 3.883, 2.6