[[0.0, 4.297, 4.161, 5.87, 6.185, 4.584, 4.278, 4.38, 4.841, 4.608, 4.142, 4.299, 4.421, 4.493, 6.829, 9.793, 10.772, 11.281, 11.33, 12.391, 13.167, 11.718, 10.72, 10.99, 10.312, 8.53, 8.697, 9.88, 10.265, 12.621, 13.689, 14.769, 15.564, 15.468, 14.626, 14.044, 13.753, 14.949, 16.57, 17.121, 15.873, 15.59, 17.154, 19.296, 20.726, 22.194, 21.749, 19.948, 20.28, 20.9, 20.933, 21.797, 22.585, 21.822, 19.926, 19.197, 21.47, 22.447, 22.21, 21.417, 20.392, 19.828, 19.087, 16.247, 12.966, 12.962, 13.198, 12.17, 12.088, 11.804, 11.714, 11.584, 11.343, 13.145, 14.314, 15.373, 15.732, 13.617, 12.989, 13.814, 13.732, 13.155, 12.816, 11.998, 12.278, 12.539, 13.573, 13.566, 12.167, 12.237, 13.059, 12.447, 11.003, 10.448, 11.767, 13.259, 12.951, 11.937, 11.751, 11.569, 11.052, 11.167, 11.603, 11.779, 10.878, 9.927, 10.338, 12.402, 14.742, 16.775, 18.866, 20.24, 21.788, 24.991, 27.302, 29.474, 30.703, 31.44, 30.857, 30.217, 31.167, 31.376, 31.426, 31.263, 30.492, 30.728, 31.384, 31.353, 31.217, 33.084, 35.177, 34.567, 31.692, 28.853, 24.922, 20.14, 18.212, 19.93, 21.285, 19.652, 16.461, 10.247, 8.711, 11.176, 12.653, 12.001], [4.297, 0.0, 1.447, 1.808, 2.174, 2.401, 1.885, 1.226, 1.328, 1.301, 1.517, 1.455, 1.265, 1.321, 2.899, 5.843, 6.596, 7.017, 7.156, 8.217, 8.977, 7.495, 6.506, 6.697, 6.017, 4.249, 4.41, 5.593, 5.989, 8.4, 9.421, 10.482, 11.284, 11.173, 10.492, 9.749, 9.458, 10.653, 12.286, 12.895, 11.616, 11.81, 12.99, 15.139, 16.864, 18.529, 17.962, 15.892, 16.218, 17.121, 17.182, 17.89, 18.787, 18.29, 16.3, 15.677, 17.523, 18.345, 18.206, 17.454, 16.312, 15.65, 14.859, 11.988, 8.686, 9.107, 9.498, 8.209, 7.867, 7.697, 7.498, 7.289, 7.169, 8.971, 10.126, 11.388, 11.67, 9.747, 9.114, 9.727, 9.567, 8.944, 8.534, 7.703, 7.983, 8.266, 9.287, 9.291, 7.896, 8.154, 9.036, 8.284, 6.815, 6.76, 7.845, 9.457, 9.352, 8.379, 8.404, 7.879, 7.306, 8.025, 7.938, 8.004, 6.921, 6.471, 6.615, 8.216, 11.248, 13.837, 15.122, 16.267, 17.824, 20.882, 23.584, 25.575, 27.035, 27.47, 26.88, 26.469, 27.409, 27.74, 27.861, 27.599, 26.805, 27.031, 27.626, 27.591, 27.283, 29.032, 31.125, 30.466, 27.705, 25.049, 21.275, 16.609, 14.466, 16.173, 17.262, 16.011, 12.687, 5.965, 7.073, 7.63, 8.509, 8.334], [4.161, 1.447, 0.0, 1.952, 2.42, 2.027, 1.524, 1.26, 1.724, 2.072, 2.352, 1.706, 1.565, 1.507, 3.331, 6.083, 6.81, 7.215, 7.329, 8.391, 9.146, 7.664, 6.686, 6.837, 6.166, 4.516, 4.618, 5.81, 6.255, 8.669, 9.655, 10.714, 11.428, 11.307, 10.687, 9.887, 9.592, 10.788, 12.45, 13.069, 11.802, 12.097, 13.37, 15.314, 17.044, 18.749, 18.234, 16.219, 16.405, 17.307, 17.411, 18.116, 18.999, 18.504, 16.575, 16.085, 17.727, 18.53, 18.419, 17.689, 16.498, 15.83, 15.034, 12.163, 8.842, 9.43, 9.774, 8.767, 8.31, 7.893, 7.676, 7.423, 7.338, 9.14, 10.295, 11.568, 11.85, 10.04, 9.324, 9.9, 9.741, 9.113, 8.703, 7.837, 8.123, 8.503, 9.482, 9.481, 8.168, 8.488, 9.294, 8.534, 7.158, 6.99, 8.081, 9.757, 9.768, 8.943, 9.042, 8.583, 8.049, 8.793, 8.713, 8.622, 7.489, 7.122, 7.365, 8.803, 12.026, 14.554, 15.634, 16.498, 18.036, 21.11, 23.829, 25.85, 27.324, 27.753, 27.153, 26.893, 27.898, 28.2, 28.324, 27.863, 27.029, 27.255, 27.837, 27.812, 27.528, 29.257, 31.346, 30.66, 27.916, 25.296, 21.517, 16.845, 14.887, 16.485, 17.512, 16.442, 13.127, 6.304, 7.548, 7.96, 8.781, 9.023], [5.87, 1.808, 1.952, 0.0, 1.055, 1.846, 1.904, 1.832, 1.358, 1.884, 2.29, 2.001, 1.978, 1.562, 2.19, 4.614, 5.182, 5.516, 5.496, 6.573, 7.377, 5.895, 4.912, 5.12, 4.457, 3.098, 3.43, 4.266, 4.543, 6.871, 7.858, 8.963, 9.725, 9.599, 8.849, 8.183, 7.884, 9.079, 10.717, 11.276, 10.097, 10.422, 11.766, 13.535, 15.264, 17.053, 16.56, 14.533, 14.671, 15.511, 15.698, 16.412, 17.292, 16.809, 14.903, 14.471, 16.023, 16.785, 16.705, 15.976, 14.701, 14.06, 13.288, 10.386, 7.239, 7.75, 8.076, 7.531, 6.967, 6.537, 6.275, 5.715, 5.58, 7.376, 8.542, 9.743, 10.02, 8.355, 7.574, 8.067, 7.95, 7.344, 6.947, 6.149, 6.426, 6.874, 7.719, 7.716, 6.574, 6.898, 8.047, 7.293, 6.018, 5.875, 6.831, 8.249, 8.117, 7.442, 7.897, 7.59, 7.244, 7.978, 7.699, 7.594, 6.595, 6.139, 6.481, 8.046, 11.098, 13.507, 14.291, 14.839, 16.332, 19.43, 22.094, 24.254, 25.715, 26.136, 25.523, 25.346, 26.288, 26.577, 26.742, 26.17, 25.285, 25.467, 26.04, 26.059, 25.78, 27.491, 29.588, 28.966, 26.108, 23.597, 19.775, 15.132, 13.238, 14.822, 15.863, 14.778, 11.46, 5.69, 7.549, 7.576, 7.774, 8.565], [6.185, 2.174, 2.42, 1.055, 0.0, 1.87, 2.123, 2.032, 1.556, 2.248, 2.445, 2.068, 2.048, 1.866, 2.002, 4.496, 5.15, 5.387, 5.157, 6.256, 7.06, 5.579, 4.598, 4.834, 4.14, 3.178, 3.375, 4.108, 4.277, 6.522, 7.516, 8.612, 9.392, 9.284, 8.533, 7.886, 7.569, 8.764, 10.403, 10.965, 9.827, 10.178, 11.488, 13.19, 14.864, 16.699, 16.237, 14.243, 14.341, 15.109, 15.309, 16.051, 16.915, 16.471, 14.701, 14.354, 15.648, 16.436, 16.325, 15.604, 14.303, 13.748, 12.929, 10.063, 7.177, 7.483, 7.808, 7.444, 6.922, 6.432, 6.164, 5.399, 5.366, 7.054, 8.377, 9.4, 9.658, 8.029, 7.178, 7.728, 7.633, 7.028, 6.632, 5.907, 6.154, 6.649, 7.432, 7.392, 6.52, 6.823, 7.957, 7.218, 5.989, 5.813, 6.754, 8.156, 7.982, 7.365, 7.834, 7.558, 7.241, 7.921, 7.654, 7.592, 6.628, 6.249, 6.615, 8.24, 11.037, 13.414, 14.208, 14.545, 16.016, 19.158, 21.762, 24.077, 25.373, 25.88, 25.373, 25.261, 26.116, 26.309, 26.611, 26.012, 24.928, 25.084, 25.657, 25.676, 25.433, 27.203, 29.267, 28.652, 25.799, 23.259, 19.516, 14.816, 13.077, 14.618, 15.547, 14.522, 11.287, 5.947, 8.049, 7.78, 7.804, 8.877], [4.584, 2.401, 2.027, 1.846, 1.87, 0.0, 1.109, 1.63, 1.88, 2.726, 2.655, 2.021, 2.071, 1.966, 3.407, 5.937, 6.638, 6.921, 6.747, 7.832, 8.636, 7.154, 6.159, 6.419, 5.837, 4.609, 5.017, 5.772, 5.979, 8.116, 9.107, 10.201, 10.987, 10.885, 10.108, 9.461, 9.17, 10.365, 11.987, 12.537, 11.36, 11.545, 12.953, 14.755, 16.308, 18.031, 17.583, 15.688, 15.798, 16.545, 16.661, 17.43, 18.257, 17.803, 15.993, 15.641, 17.024, 17.932, 17.752, 17.022, 15.851, 15.276, 14.504, 11.663, 8.725, 8.827, 9.131, 8.918, 8.397, 7.934, 7.741, 7.012, 6.894, 8.632, 9.885, 10.877, 11.217, 9.397, 8.59, 9.298, 9.209, 8.603, 8.233, 7.541, 7.733, 8.14, 8.99, 8.982, 8.067, 8.352, 9.436, 8.777, 7.622, 7.217, 8.209, 9.523, 9.3, 8.715, 9.306, 9.043, 8.723, 9.364, 9.114, 9.064, 8.097, 7.69, 8.023, 9.743, 12.545, 14.822, 15.59, 15.971, 17.462, 20.682, 23.22, 25.465, 26.72, 27.314, 26.82, 26.607, 27.5, 27.658, 27.902, 27.34, 26.308, 26.53, 27.114, 27.105, 26.895, 28.755, 30.826, 30.217, 27.302, 24.599, 20.882, 16.173, 14.374, 15.95, 16.982, 15.881, 12.615, 7.392, 8.979, 9.138, 9.373, 10.041], [4.278, 1.885, 1.524, 1.904, 2.123, 1.109, 0.0, 1.185, 1.551, 2.292, 2.385, 1.836, 1.84, 1.713, 3.29, 6.137, 6.847, 7.183, 7.184, 8.246, 8.973, 7.491, 6.499, 6.718, 6.085, 4.591, 4.776, 5.706, 6.087, 8.495, 9.495, 10.579, 11.387, 11.261, 10.516, 9.797, 9.521, 10.72, 12.335, 12.906, 11.673, 11.909, 13.212, 15.115, 16.823, 18.501, 18.03, 15.987, 16.19, 17.081, 17.153, 17.861, 18.757, 18.288, 16.421, 15.997, 17.495, 18.323, 18.18, 17.425, 16.288, 15.637, 14.83, 11.98, 8.807, 9.188, 9.531, 8.884, 8.397, 7.896, 7.759, 7.365, 7.271, 9.026, 10.218, 11.391, 11.67, 9.826, 9.105, 9.733, 9.56, 8.952, 8.551, 7.724, 8.037, 8.387, 9.304, 9.308, 8.126, 8.497, 9.48, 8.674, 7.429, 7.088, 8.25, 9.721, 9.7, 8.938, 9.195, 8.863, 8.447, 9.211, 9.015, 8.856, 7.854, 7.357, 7.72, 9.257, 12.375, 14.811, 15.722, 16.317, 17.836, 20.981, 23.685, 25.734, 27.147, 27.571, 27.095, 26.87, 27.856, 28.056, 28.27, 27.803, 26.833, 27.057, 27.625, 27.608, 27.303, 29.09, 31.152, 30.535, 27.721, 25.075, 21.372, 16.629, 14.778, 16.35, 17.283, 16.299, 13.023, 6.862, 8.671, 8.78, 9.087, 9.7], [4.38, 1.226, 1.26, 1.832, 2.032, 1.63, 1.185, 0.0, 1.293, 1.686, 1.722, 1.601, 1.382, 1.224, 2.958, 5.843, 6.581, 6.99, 7.141, 8.203, 8.948, 7.466, 6.49, 6.649, 5.955, 4.355, 4.431, 5.513, 5.944, 8.393, 9.396, 10.435, 11.24, 11.089, 10.478, 9.694, 9.374, 10.569, 12.254, 12.881, 11.607, 11.855, 13.118, 15.12, 16.849, 18.548, 17.99, 15.974, 16.217, 17.11, 17.21, 17.913, 18.805, 18.303, 16.352, 15.806, 17.523, 18.331, 18.218, 17.489, 16.302, 15.634, 14.841, 11.973, 8.641, 9.194, 9.556, 8.454, 7.998, 7.698, 7.51, 7.22, 7.141, 8.942, 10.098, 11.372, 11.654, 9.794, 9.133, 9.713, 9.553, 8.916, 8.506, 7.619, 7.908, 8.263, 9.23, 9.262, 7.803, 8.19, 9.13, 8.339, 6.967, 6.857, 7.916, 9.484, 9.463, 8.617, 8.741, 8.384, 7.87, 8.642, 8.523, 8.355, 7.337, 6.874, 7.209, 8.634, 11.853, 14.335, 15.306, 16.283, 17.838, 20.877, 23.627, 25.647, 27.102, 27.513, 26.907, 26.608, 27.59, 27.933, 28.036, 27.633, 26.828, 27.044, 27.636, 27.615, 27.311, 29.062, 31.135, 30.425, 27.711, 25.089, 21.295, 16.644, 14.625, 16.242, 17.294, 16.18, 12.835, 6.356, 8.195, 8.348, 8.733, 9.186], [4.841, 1.328, 1.724, 1.358, 1.556, 1.88, 1.551, 1.293, 0.0, 1.338, 1.58, 1.412, 1.279, 1.279, 2.169, 5.089, 5.963, 6.452, 6.517, 7.55, 8.326, 6.877, 5.879, 6.149, 5.473, 3.829, 3.975, 5.05, 5.469, 7.857, 8.883, 9.967, 10.763, 10.649, 9.79, 9.203, 8.912, 10.108, 11.729, 12.279, 11.031, 10.879, 12.402, 14.455, 16.061, 17.637, 17.036, 15.17, 15.439, 16.255, 16.254, 17.044, 17.864, 17.363, 15.378, 14.842, 16.698, 17.613, 17.437, 16.601, 15.606, 15.005, 14.246, 11.405, 8.125, 8.228, 8.58, 7.698, 7.454, 6.972, 6.889, 6.753, 6.525, 8.325, 9.473, 10.605, 10.915, 8.894, 8.215, 9.011, 8.891, 8.314, 7.975, 7.157, 7.437, 7.706, 8.731, 8.724, 7.361, 7.576, 8.386, 7.67, 6.381, 5.923, 7.139, 8.618, 8.531, 7.69, 7.894, 7.473, 6.992, 7.734, 7.65, 7.481, 6.524, 6.043, 6.372, 8.195, 11.113, 13.375, 14.559, 15.52, 17.064, 20.317, 22.794, 24.894, 26.196, 26.85, 26.262, 25.81, 26.843, 26.992, 27.147, 26.825, 25.968, 26.202, 26.817, 26.787, 26.568, 28.436, 30.526, 29.898, 27.005, 24.223, 20.41, 15.662, 13.695, 15.257, 16.51, 15.196, 11.886, 5.866, 7.478, 7.666, 8.191, 8.55], [4.608, 1.301, 2.072, 1.884, 2.248, 2.726, 2.292, 1.686, 1.338, 0.0, 1.163, 1.61, 1.331, 1.295, 2.507, 5.532, 6.368, 6.836, 6.938, 7.959, 8.722, 7.273, 6.275, 6.545, 5.867, 4.093, 4.257, 5.435, 5.82, 8.182, 9.244, 10.324, 11.119, 11.023, 10.193, 9.6, 9.308, 10.504, 12.125, 12.678, 11.428, 11.298, 12.73, 14.851, 16.507, 18.096, 17.531, 15.538, 15.924, 16.697, 16.753, 17.541, 18.389, 17.867, 15.882, 15.25, 17.202, 17.964, 17.845, 17.099, 16.044, 15.402, 14.642, 11.802, 8.521, 8.727, 9.111, 7.986, 7.705, 7.381, 7.284, 7.139, 6.843, 8.667, 9.869, 10.991, 11.3, 9.366, 8.62, 9.405, 9.287, 8.71, 8.371, 7.553, 7.833, 8.094, 9.128, 9.121, 7.706, 7.881, 8.744, 8.033, 6.605, 6.295, 7.493, 9.093, 8.922, 7.935, 8.148, 7.548, 7.007, 7.726, 7.518, 7.681, 6.607, 6.234, 6.379, 8.163, 11.078, 13.469, 14.771, 15.852, 17.482, 20.674, 23.209, 25.269, 26.687, 27.207, 26.635, 26.166, 27.127, 27.346, 27.475, 27.185, 26.373, 26.633, 27.212, 27.189, 27.001, 28.832, 30.916, 30.272, 27.43, 24.729, 20.863, 16.218, 14.108, 15.777, 16.98, 15.623, 12.253, 5.841, 7.013, 7.515, 8.388, 8.279], [4.142, 1.517, 2.352, 2.29, 2.445, 2.655, 2.385, 1.722, 1.58, 1.163, 0.0, 1.539, 1.546, 1.353, 2.807, 5.76, 6.736, 7.246, 7.295, 8.355, 9.131, 7.683, 6.684, 6.954, 6.276, 4.495, 4.663, 5.844, 6.23, 8.598, 9.654, 10.733, 11.528, 11.433, 10.601, 10.009, 9.718, 10.913, 12.535, 13.085, 11.837, 11.592, 13.118, 15.261, 16.741, 18.292, 17.728, 15.926, 16.244, 16.929, 16.942, 17.761, 18.586, 17.939, 15.961, 15.254, 17.434, 18.425, 18.188, 17.382, 16.372, 15.795, 15.052, 12.211, 8.93, 8.927, 9.196, 8.222, 8.065, 7.771, 7.687, 7.549, 7.321, 9.123, 10.278, 11.351, 11.71, 9.595, 8.966, 9.791, 9.702, 9.119, 8.781, 7.963, 8.243, 8.503, 9.537, 9.53, 8.134, 8.248, 9.053, 8.412, 6.994, 6.463, 7.775, 9.25, 8.996, 8.086, 8.236, 7.824, 7.322, 7.843, 7.967, 7.857, 6.942, 6.384, 6.782, 8.455, 11.507, 13.584, 15.114, 16.249, 17.803, 21.027, 23.413, 25.594, 26.842, 27.545, 26.975, 26.436, 27.411, 27.547, 27.62, 27.418, 26.596, 26.827, 27.482, 27.421, 27.301, 29.171, 31.249, 30.629, 27.737, 24.91, 20.993, 16.251, 14.236, 15.904, 17.26, 15.645, 12.463, 6.322, 7.408, 7.833, 8.679, 8.487], [4.299, 1.455, 1.706, 2.001, 2.068, 2.021, 1.836, 1.601, 1.412, 1.61, 1.539, 0.0, 1.175, 1.275, 2.855, 5.9, 6.831, 7.25, 7.188, 8.249, 9.025, 7.576, 6.578, 6.848, 6.17, 4.527, 4.614, 5.738, 6.127, 8.479, 9.547, 10.626, 11.422, 11.326, 10.484, 9.902, 9.611, 10.806, 12.428, 12.978, 11.731, 11.49, 13.162, 15.154, 16.648, 18.179, 17.677, 15.879, 16.139, 16.793, 16.816, 17.655, 18.484, 17.909, 15.959, 15.525, 17.332, 18.26, 18.051, 17.275, 16.262, 15.668, 14.939, 12.104, 8.871, 8.904, 9.193, 8.684, 8.422, 7.837, 7.756, 7.442, 7.15, 8.97, 10.186, 11.175, 11.555, 9.562, 8.746, 9.651, 9.59, 9.012, 8.674, 7.856, 8.136, 8.438, 9.43, 9.423, 8.222, 8.466, 9.301, 8.447, 7.149, 6.417, 7.908, 9.36, 9.198, 8.451, 8.778, 8.324, 7.821, 8.384, 8.359, 8.309, 7.371, 6.95, 7.233, 8.834, 12.01, 14.15, 15.471, 16.202, 17.757, 21.047, 23.42, 25.671, 26.886, 27.603, 27.1, 26.65, 27.65, 27.686, 27.906, 27.473, 26.507, 26.762, 27.388, 27.343, 27.242, 29.129, 31.192, 30.57, 27.663, 24.89, 20.99, 16.252, 14.372, 15.962, 17.194, 15.863, 12.542, 6.65, 7.55, 7.733, 8.584, 8.842], [4.421, 1.265, 1.565, 1.978, 2.048, 2.071, 1.84, 1.382, 1.279, 1.331, 1.546, 1.175, 0.0, 1.338, 2.749, 5.638, 6.505, 7.006, 7.064, 8.113, 8.889, 7.441, 6.442, 6.712, 6.034, 4.355, 4.448, 5.602, 5.988, 8.365, 9.411, 10.491, 11.286, 11.19, 10.349, 9.767, 9.475, 10.671, 12.292, 12.843, 11.595, 11.437, 13.074, 15.019, 16.594, 18.168, 17.624, 15.814, 16.014, 16.764, 16.814, 17.634, 18.432, 17.907, 15.993, 15.494, 17.267, 18.124, 17.986, 17.224, 16.158, 15.57, 14.81, 11.969, 8.697, 8.92, 9.248, 8.195, 8.055, 7.526, 7.436, 7.306, 7.011, 8.834, 10.036, 11.078, 11.42, 9.497, 8.692, 9.53, 9.454, 8.877, 8.539, 7.72, 8.0, 8.311, 9.295, 9.288, 7.892, 8.05, 8.824, 8.242, 6.826, 6.368, 7.581, 9.186, 9.074, 8.195, 8.423, 7.797, 7.27, 7.998, 7.802, 7.983, 6.913, 6.521, 6.678, 8.504, 11.401, 13.715, 14.945, 16.05, 17.642, 20.876, 23.303, 25.436, 26.773, 27.423, 26.79, 26.335, 27.357, 27.61, 27.768, 27.283, 26.473, 26.732, 27.317, 27.31, 27.145, 29.007, 31.076, 30.454, 27.572, 24.821, 20.934, 16.307, 14.32, 15.931, 17.162, 15.875, 12.437, 6.067, 7.354, 7.639, 8.53, 8.512], [4.493, 1.321, 1.507, 1.562, 1.866, 1.966, 1.713, 1.224, 1.279, 1.295, 1.353, 1.275, 1.338, 0.0, 2.647, 5.624, 6.385, 6.858, 6.858, 7.918, 8.722, 7.243, 6.245, 6.515, 5.837, 4.219, 4.23, 5.405, 5.797, 8.149, 9.215, 10.294, 11.089, 10.993, 10.194, 9.571, 9.278, 10.473, 12.095, 12.646, 11.431, 11.593, 12.994, 14.855, 16.522, 18.234, 17.712, 15.73, 15.971, 16.777, 16.904, 17.606, 18.492, 17.986, 16.075, 15.608, 17.227, 18.05, 17.911, 17.198, 16.007, 15.378, 14.629, 11.771, 8.512, 8.937, 9.253, 8.431, 8.071, 7.452, 7.319, 7.109, 6.914, 8.716, 9.875, 11.024, 11.314, 9.516, 8.799, 9.39, 9.295, 8.689, 8.341, 7.523, 7.803, 8.154, 9.098, 9.09, 7.786, 8.063, 8.928, 8.187, 6.789, 6.484, 7.609, 9.28, 9.294, 8.512, 8.657, 8.237, 7.705, 8.417, 8.368, 8.212, 7.161, 6.813, 7.048, 8.435, 11.714, 14.193, 15.228, 16.032, 17.568, 20.74, 23.313, 25.392, 26.829, 27.36, 26.783, 26.445, 27.434, 27.706, 27.863, 27.383, 26.521, 26.726, 27.307, 27.299, 27.054, 28.849, 30.937, 30.321, 27.405, 24.817, 20.996, 16.338, 14.402, 15.983, 17.117, 15.951, 12.636, 6.173, 7.653, 7.754, 8.268, 8.709], [6.829, 2.899, 3.331, 2.19, 2.002, 3.407, 3.29, 2.958, 2.169, 2.507, 2.807, 2.855, 2.749, 2.647, 0.0, 3.438, 4.156, 4.527, 4.531, 5.562, 6.361, 4.895, 3.926, 4.161, 3.502, 2.363, 2.484, 3.275, 3.532, 5.8, 6.863, 7.94, 8.735, 8.64, 7.834, 7.216, 6.925, 8.12, 9.742, 10.292, 9.044, 9.011, 10.467, 12.481, 14.123, 15.735, 15.143, 13.242, 13.452, 14.332, 14.384, 15.102, 15.979, 15.46, 13.519, 13.054, 14.708, 15.658, 15.502, 14.656, 13.623, 13.018, 12.259, 9.418, 6.151, 6.322, 6.7, 5.994, 5.686, 5.112, 5.069, 4.756, 4.554, 6.356, 7.513, 8.667, 8.961, 6.929, 6.316, 7.057, 6.934, 6.329, 5.988, 5.17, 5.45, 5.751, 6.744, 6.737, 5.545, 5.743, 6.653, 5.795, 4.561, 4.268, 5.448, 6.818, 6.752, 5.996, 6.235, 5.923, 5.487, 6.148, 6.071, 5.849, 5.008, 4.703, 5.119, 6.7, 9.453, 11.775, 12.855, 13.572, 15.1, 18.352, 20.919, 22.991, 24.343, 24.907, 24.387, 23.947, 24.961, 25.149, 25.386, 24.979, 24.063, 24.296, 24.884, 24.874, 24.614, 26.467, 28.544, 27.939, 25.026, 22.311, 18.538, 13.802, 11.855, 13.411, 14.576, 13.353, 10.054, 4.705, 6.845, 6.551, 6.785, 7.595], [9.793, 5.843, 6.083, 4.614, 4.496, 5.937, 6.137, 5.843, 5.089, 5.532, 5.76, 5.9, 5.638, 5.624, 3.438, 0.0, 1.452, 1.998, 2.189, 3.223, 3.412, 3.284, 3.153, 2.574, 2.271, 2.981, 3.453, 2.748, 2.12, 3.052, 4.012, 5.124, 5.829, 5.678, 4.931, 4.303, 3.973, 5.155, 6.779, 7.334, 6.151, 6.316, 7.781, 9.54, 11.137, 12.84, 12.369, 10.527, 10.616, 11.318, 11.498, 12.272, 13.08, 12.604, 10.723, 10.237, 11.893, 12.76, 12.616, 11.875, 10.676, 10.078, 9.329, 6.453, 3.279, 3.624, 3.925, 3.168, 3.01, 2.838, 2.175, 2.518, 1.779, 3.412, 4.578, 5.636, 5.991, 4.229, 3.402, 4.073, 3.989, 3.377, 3.299, 2.522, 2.515, 3.027, 3.902, 3.806, 2.665, 2.744, 3.642, 3.279, 2.564, 3.072, 2.721, 3.876, 3.919, 3.221, 3.535, 3.369, 3.087, 3.623, 3.495, 3.415, 3.03, 3.801, 4.56, 5.268, 6.881, 9.003, 9.879, 10.796, 12.29, 15.458, 17.881, 20.127, 21.448, 22.073, 21.452, 21.144, 22.144, 22.372, 22.53, 21.953, 21.104, 21.281, 21.898, 21.939, 21.736, 23.535, 25.625, 25.032, 22.081, 19.441, 15.577, 10.93, 9.063, 10.639, 11.829, 10.61, 7.306, 4.606, 6.828, 5.707, 5.652, 6.212], [10.772, 6.596, 6.81, 5.182, 5.15, 6.638, 6.847, 6.581, 5.963, 6.368, 6.736, 6.831, 6.505, 6.385, 4.156, 1.452, 0.0, 1.2, 1.303, 2.333, 2.529, 2.493, 2.284, 2.088, 1.847, 2.9, 3.371, 2.506, 2.188, 2.459, 3.321, 4.425, 5.136, 4.923, 4.163, 3.516, 3.135, 4.252, 5.864, 6.355, 5.159, 5.391, 6.768, 8.604, 10.304, 12.041, 11.52, 9.517, 9.717, 10.554, 10.712, 11.415, 12.3, 11.795, 9.875, 9.377, 11.019, 11.823, 11.719, 10.997, 9.756, 9.115, 8.363, 5.487, 2.328, 2.778, 3.098, 2.546, 2.036, 2.127, 1.535, 1.809, 1.333, 2.55, 3.622, 4.804, 5.121, 3.354, 2.666, 3.163, 3.058, 2.592, 2.467, 1.695, 1.835, 2.161, 3.163, 3.117, 1.983, 2.106, 3.063, 2.624, 2.121, 2.658, 2.385, 3.25, 3.121, 2.519, 3.097, 3.044, 2.84, 3.305, 3.134, 3.059, 2.661, 3.237, 3.943, 4.544, 6.426, 8.544, 9.169, 9.826, 11.342, 14.469, 17.134, 19.238, 20.686, 21.138, 20.501, 20.268, 21.205, 21.518, 21.629, 21.132, 20.3, 20.502, 21.091, 21.084, 20.815, 22.565, 24.673, 24.047, 21.157, 18.596, 14.785, 10.146, 8.183, 9.775, 10.892, 9.737, 6.407, 3.873, 6.222, 5.083, 4.967, 5.707], [11.281, 7.017, 7.215, 5.516, 5.387, 6.921, 7.183, 6.99, 6.452, 6.836, 7.246, 7.25, 7.006, 6.858, 4.527, 1.998, 1.2, 0.0, 1.153, 2.029, 2.1, 2.265, 1.902, 1.742, 1.761, 3.05, 3.445, 2.574, 2.368, 2.024, 3.002, 4.056, 4.784, 4.568, 3.828, 3.124, 2.825, 3.846, 5.385, 6.01, 4.791, 5.234, 6.442, 8.211, 9.982, 11.743, 11.245, 9.206, 9.361, 10.19, 10.411, 11.116, 12.016, 11.528, 9.695, 9.382, 10.742, 11.476, 11.42, 10.683, 9.387, 8.716, 7.953, 5.069, 2.454, 2.482, 2.854, 2.888, 2.126, 2.294, 1.804, 1.62, 1.33, 2.354, 3.296, 4.431, 4.728, 3.273, 2.34, 2.77, 2.672, 2.062, 1.803, 1.531, 1.765, 2.069, 2.792, 2.719, 2.016, 2.554, 3.36, 2.971, 2.44, 3.111, 2.906, 3.429, 3.334, 3.146, 3.532, 3.524, 3.429, 3.781, 3.642, 3.572, 3.062, 3.874, 4.541, 5.292, 6.944, 9.015, 9.404, 9.524, 11.024, 14.063, 16.815, 19.117, 20.497, 20.868, 20.174, 20.212, 21.027, 21.316, 21.465, 20.885, 20.028, 20.145, 20.695, 20.753, 20.493, 22.132, 24.24, 23.577, 20.846, 18.328, 14.518, 9.846, 8.078, 9.515, 10.514, 9.49, 6.238, 4.251, 6.707, 5.836, 5.66, 6.496], [11.33, 7.156, 7.329, 5.496, 5.157, 6.747, 7.184, 7.141, 6.517, 6.938, 7.295, 7.188, 7.064, 6.858, 4.531, 2.189, 1.303, 1.153, 0.0, 1.347, 1.971, 1.521, 1.588, 1.546, 1.562, 2.973, 3.269, 2.29, 1.898, 1.847, 2.893, 3.936, 4.657, 4.45, 3.671, 3.085, 2.574, 3.645, 5.351, 5.895, 5.006, 5.62, 6.645, 8.177, 9.855, 11.751, 11.372, 9.296, 9.522, 10.118, 10.453, 11.185, 12.049, 11.671, 10.075, 9.852, 10.767, 11.545, 11.381, 10.638, 9.426, 8.793, 7.919, 5.113, 2.799, 2.837, 3.174, 3.307, 2.589, 2.571, 2.015, 1.276, 1.308, 2.148, 3.621, 4.585, 4.575, 3.319, 2.257, 2.593, 2.479, 1.918, 1.721, 1.576, 1.829, 2.223, 2.77, 2.845, 2.479, 2.835, 3.676, 3.357, 2.63, 2.892, 3.148, 3.836, 3.602, 3.33, 3.922, 3.892, 3.665, 4.161, 3.979, 3.92, 3.314, 3.799, 4.479, 5.207, 7.304, 9.401, 9.838, 9.736, 11.15, 14.308, 16.95, 19.543, 20.726, 21.262, 20.736, 20.743, 21.485, 21.648, 21.957, 21.362, 20.042, 20.087, 20.644, 20.727, 20.511, 22.111, 24.235, 23.563, 20.824, 18.396, 14.819, 10.116, 8.546, 9.944, 10.65, 9.807, 6.673, 4.319, 6.668, 5.685, 5.431, 6.414], [12.391, 8.217, 8.391, 6.573, 6.256, 7.832, 8.246, 8.203, 7.55, 7.959, 8.355, 8.249, 8.113, 7.918, 5.562, 3.223, 2.333, 2.029, 1.347, 0.0, 1.453, 1.398, 1.984, 2.192, 2.539, 4.024, 4.006, 3.076, 2.591, 1.843, 3.099, 3.584, 4.069, 4.051, 3.41, 2.786, 2.437, 3.42, 4.787, 5.306, 4.638, 5.697, 6.43, 7.493, 9.218, 11.17, 10.848, 8.757, 9.029, 9.518, 10.005, 10.701, 11.631, 11.29, 10.012, 10.03, 10.664, 11.226, 10.918, 10.017, 9.127, 8.591, 7.686, 5.124, 3.319, 3.053, 3.398, 3.857, 3.126, 3.216, 2.642, 1.902, 2.217, 2.356, 3.732, 4.197, 3.988, 3.68, 2.276, 2.028, 1.6, 1.522, 1.798, 2.165, 2.642, 3.024, 3.045, 3.059, 3.15, 3.629, 4.268, 3.965, 3.369, 3.538, 3.791, 4.197, 4.213, 3.918, 4.558, 4.534, 4.375, 4.805, 4.624, 4.569, 4.133, 4.498, 5.119, 5.746, 7.942, 10.04, 10.221, 9.633, 10.66, 13.933, 16.796, 19.716, 20.783, 21.246, 20.667, 20.809, 21.573, 21.65, 21.711, 21.105, 19.624, 19.495, 19.885, 20.092, 19.958, 21.466, 23.464, 22.755, 20.282, 17.995, 14.47, 10.183, 8.732, 9.744, 10.168, 9.367, 6.632, 4.991, 7.337, 6.272, 6.003, 7.026], [13.167, 8.977, 9.146, 7.377, 7.06, 8.636, 8.973, 8.948, 8.326, 8.722, 9.131, 9.025, 8.889, 8.722, 6.361, 3.412, 2.529, 2.1, 1.971, 1.453, 0.0, 1.936, 2.854, 2.692, 3.098, 4.771, 4.804, 3.725, 3.174, 1.513, 2.374, 3.182, 3.551, 3.464, 2.854, 2.345, 1.758, 2.673, 4.249, 4.954, 4.182, 5.036, 5.848, 7.046, 8.797, 10.748, 10.453, 8.368, 8.665, 9.124, 9.598, 10.329, 11.241, 10.868, 9.377, 9.327, 10.041, 10.706, 10.509, 9.62, 8.638, 8.004, 7.004, 4.442, 2.757, 2.431, 2.634, 3.327, 3.007, 3.32, 2.684, 1.956, 1.958, 1.671, 3.012, 3.764, 3.54, 3.03, 1.728, 1.574, 1.191, 0.977, 1.56, 2.2, 2.072, 2.215, 2.219, 2.204, 2.616, 3.046, 3.73, 3.42, 3.573, 4.389, 3.501, 3.57, 3.678, 3.726, 3.952, 3.939, 3.879, 4.174, 4.075, 4.027, 4.059, 5.19, 5.799, 6.109, 7.428, 9.44, 9.555, 8.958, 10.262, 13.494, 16.251, 19.042, 20.096, 20.603, 20.044, 20.156, 20.904, 20.987, 21.221, 20.616, 19.2, 19.029, 19.481, 19.701, 19.585, 21.064, 23.016, 22.254, 19.899, 17.58, 14.043, 9.493, 8.026, 9.22, 9.798, 8.967, 6.014, 5.699, 8.009, 6.782, 6.444, 7.237], [11.718, 7.495, 7.664, 5.895, 5.579, 7.154, 7.491, 7.466, 6.877, 7.273, 7.683, 7.576, 7.441, 7.243, 4.895, 3.284, 2.493, 2.265, 1.521, 1.398, 1.936, 0.0, 1.443, 1.896, 1.962, 3.301, 3.234, 2.273, 2.194, 2.418, 3.702, 4.533, 4.913, 4.839, 4.248, 3.631, 2.808, 3.728, 5.661, 6.338, 5.564, 6.499, 7.259, 8.464, 10.211, 12.16, 11.856, 9.779, 10.046, 10.526, 11.021, 11.723, 12.662, 12.306, 10.887, 10.746, 11.494, 12.156, 11.927, 11.012, 10.06, 9.465, 8.439, 5.765, 3.691, 3.69, 4.01, 4.203, 3.488, 3.378, 2.897, 1.805, 2.295, 2.765, 4.334, 5.188, 4.945, 4.246, 2.976, 2.965, 2.339, 2.098, 2.165, 2.526, 2.886, 3.317, 3.659, 3.722, 3.522, 3.695, 4.638, 4.154, 3.193, 3.098, 3.636, 4.781, 4.469, 4.1, 4.758, 4.623, 4.339, 4.916, 4.649, 4.574, 3.759, 3.88, 4.509, 5.236, 7.971, 10.142, 10.759, 10.355, 11.669, 14.883, 17.69, 20.392, 21.556, 21.99, 21.51, 21.603, 22.268, 22.425, 22.651, 22.076, 20.62, 20.464, 20.885, 21.112, 20.969, 22.443, 24.415, 23.661, 21.293, 18.981, 15.467, 10.904, 9.441, 10.682, 11.18, 10.378, 7.421, 4.223, 6.617, 5.711, 5.512, 6.526], [10.72, 6.506, 6.686, 4.912, 4.598, 6.159, 6.499, 6.49, 5.879, 6.275, 6.684, 6.578, 6.442, 6.245, 3.926, 3.153, 2.284, 1.902, 1.588, 1.984, 2.854, 1.443, 0.0, 1.51, 1.676, 2.365, 2.396, 2.004, 2.352, 2.793, 3.799, 4.796, 5.574, 5.329, 4.463, 3.87, 3.486, 4.415, 6.025, 6.596, 5.588, 6.201, 7.272, 8.788, 10.502, 12.428, 12.015, 9.945, 10.114, 10.785, 11.01, 11.798, 12.653, 12.232, 10.598, 10.472, 11.449, 12.087, 12.01, 11.264, 9.974, 9.417, 8.592, 5.698, 3.485, 3.392, 3.761, 3.975, 3.191, 2.923, 2.631, 1.895, 2.23, 3.013, 4.13, 5.033, 5.216, 4.116, 3.03, 3.424, 3.069, 2.644, 2.345, 2.303, 2.901, 3.363, 3.897, 3.798, 3.42, 3.522, 4.383, 3.906, 3.01, 2.816, 3.515, 4.509, 4.242, 3.829, 4.531, 4.404, 4.125, 4.683, 4.448, 4.376, 3.668, 3.449, 3.915, 5.124, 7.789, 9.908, 10.512, 10.313, 11.741, 14.86, 17.501, 20.115, 21.284, 21.724, 21.246, 21.315, 22.011, 22.172, 22.432, 21.837, 20.658, 20.731, 21.242, 21.32, 21.173, 22.763, 24.836, 24.172, 21.426, 19.002, 15.315, 10.673, 9.167, 10.416, 11.312, 10.309, 7.153, 3.331, 5.865, 5.2, 5.131, 6.291], [10.99, 6.697, 6.837, 5.12, 4.834, 6.419, 6.718, 6.649, 6.149, 6.545, 6.954, 6.848, 6.712, 6.515, 4.161, 2.574, 2.088, 1.742, 1.546, 2.192, 2.692, 1.896, 1.51, 0.0, 1.286, 2.481, 2.424, 1.564, 1.678, 2.648, 3.703, 4.744, 5.301, 5.033, 4.407, 3.767, 3.143, 4.036, 5.915, 6.567, 5.64, 6.128, 7.295, 8.821, 10.548, 12.485, 12.113, 10.023, 10.195, 10.82, 11.094, 11.89, 12.731, 12.351, 10.633, 10.329, 11.451, 12.169, 12.072, 11.305, 10.016, 9.456, 8.552, 5.589, 3.127, 3.356, 3.788, 3.667, 2.863, 2.705, 2.283, 1.501, 2.009, 2.786, 4.139, 5.182, 5.23, 3.944, 3.09, 3.375, 2.904, 2.42, 1.943, 1.805, 2.429, 3.141, 3.712, 3.559, 3.038, 3.258, 4.103, 3.548, 2.786, 3.023, 3.286, 4.31, 4.036, 3.58, 4.246, 4.077, 3.817, 4.376, 4.145, 4.075, 3.371, 3.993, 4.641, 5.365, 7.485, 9.654, 10.295, 10.393, 11.829, 14.835, 17.558, 20.051, 21.33, 21.762, 21.252, 21.26, 22.114, 22.281, 22.55, 21.955, 20.697, 20.75, 21.286, 21.39, 21.188, 22.702, 24.815, 24.042, 21.406, 19.013, 15.448, 10.762, 9.032, 10.571, 11.312, 10.469, 7.235, 4.044, 6.646, 5.937, 5.67, 6.724], [10.312, 6.017, 6.166, 4.457, 4.14, 5.837, 6.085, 5.955, 5.473, 5.867, 6.276, 6.17, 6.034, 5.837, 3.502, 2.271, 1.847, 1.761, 1.562, 2.539, 3.098, 1.962, 1.676, 1.286, 0.0, 1.959, 2.114, 1.204, 1.454, 2.775, 3.752, 4.78, 5.549, 5.3, 4.633, 3.915, 3.516, 4.636, 6.339, 6.983, 5.926, 6.523, 7.595, 9.239, 10.99, 12.842, 12.419, 10.351, 10.494, 11.24, 11.477, 12.203, 13.079, 12.662, 11.066, 10.729, 11.805, 12.54, 12.463, 11.734, 10.487, 9.809, 8.972, 6.09, 3.375, 3.773, 4.166, 3.89, 3.166, 3.002, 2.502, 1.744, 1.892, 3.024, 4.539, 5.639, 5.719, 4.247, 3.365, 3.778, 3.598, 3.004, 2.597, 2.027, 2.329, 3.015, 3.685, 3.739, 2.958, 3.285, 4.397, 3.615, 2.444, 2.759, 3.263, 4.584, 4.361, 3.812, 4.329, 4.102, 3.797, 4.42, 4.181, 4.101, 3.233, 3.556, 4.311, 5.052, 7.538, 9.895, 10.607, 10.694, 12.154, 15.187, 17.988, 20.43, 21.699, 22.175, 21.627, 21.648, 22.458, 22.634, 22.959, 22.36, 21.109, 21.217, 21.774, 21.82, 21.569, 23.195, 25.266, 24.556, 21.919, 19.444, 15.82, 11.12, 9.427, 10.951, 11.64, 10.785, 7.658, 3.763, 6.329, 5.577, 5.304, 6.279], [8.53, 4.249, 4.516, 3.098, 3.178, 4.609, 4.591, 4.355, 3.829, 4.093, 4.495, 4.527, 4.355, 4.219, 2.363, 2.981, 2.9, 3.05, 2.973, 4.024, 4.771, 3.301, 2.365, 2.481, 1.959, 0.0, 1.638, 1.905, 2.207, 4.468, 5.447, 6.519, 7.265, 7.08, 6.434, 5.626, 5.28, 6.418, 8.053, 8.681, 7.415, 7.71, 8.888, 10.918, 12.649, 14.354, 13.788, 11.76, 12.017, 12.902, 13.024, 13.727, 14.613, 14.109, 12.218, 11.782, 13.329, 14.127, 14.032, 13.303, 12.099, 11.43, 10.638, 7.773, 4.608, 5.03, 5.425, 4.829, 4.193, 3.961, 3.717, 3.252, 3.234, 4.787, 5.96, 7.212, 7.446, 5.58, 4.939, 5.516, 5.353, 4.727, 4.317, 3.497, 3.858, 4.371, 5.335, 5.335, 4.318, 4.365, 5.497, 4.639, 3.415, 3.315, 4.303, 5.645, 5.46, 4.769, 5.237, 4.928, 4.596, 5.322, 5.026, 4.935, 3.949, 3.474, 3.872, 5.376, 8.427, 10.818, 11.62, 12.09, 13.632, 16.72, 19.547, 21.663, 23.059, 23.439, 22.923, 22.685, 23.577, 23.779, 24.055, 23.649, 22.658, 22.857, 23.429, 23.434, 23.118, 24.864, 26.928, 26.271, 23.543, 20.955, 17.168, 12.465, 10.527, 12.124, 13.105, 11.971, 8.728, 3.174, 5.53, 5.136, 5.415, 6.135], [8.697, 4.41, 4.618, 3.43, 3.375, 5.017, 4.776, 4.431, 3.975, 4.257, 4.663, 4.614, 4.448, 4.23, 2.484, 3.453, 3.371, 3.445, 3.269, 4.006, 4.804, 3.234, 2.396, 2.424, 2.114, 1.638, 0.0, 1.444, 2.131, 4.322, 5.487, 6.474, 7.263, 7.009, 6.33, 5.726, 5.095, 6.287, 8.204, 8.871, 7.814, 8.223, 9.508, 11.145, 12.876, 14.768, 14.336, 12.279, 12.397, 13.147, 13.362, 14.128, 14.989, 14.553, 12.721, 12.277, 13.722, 14.432, 14.369, 13.64, 12.314, 11.708, 10.862, 7.819, 4.862, 5.49, 5.9, 5.136, 4.584, 4.061, 3.798, 3.288, 3.552, 4.908, 6.194, 7.292, 7.549, 6.125, 5.294, 5.642, 5.279, 4.673, 4.248, 3.614, 4.074, 4.88, 5.508, 5.333, 4.262, 4.69, 5.615, 4.724, 3.348, 3.189, 4.308, 5.943, 5.955, 5.201, 5.38, 5.043, 4.579, 5.286, 5.162, 4.95, 3.96, 3.631, 3.938, 5.33, 8.467, 10.989, 11.962, 12.597, 14.069, 17.047, 19.71, 21.957, 23.382, 23.846, 23.263, 23.124, 24.103, 24.362, 24.551, 23.98, 22.962, 23.057, 23.606, 23.687, 23.477, 25.009, 27.131, 26.321, 23.686, 21.284, 17.572, 12.905, 11.053, 12.635, 13.565, 12.6, 9.3, 3.09, 5.544, 5.122, 5.18, 6.275], [9.88, 5.593, 5.81, 4.266, 4.108, 5.772, 5.706, 5.513, 5.05, 5.435, 5.844, 5.738, 5.602, 5.405, 3.275, 2.748, 2.506, 2.574, 2.29, 3.076, 3.725, 2.273, 2.004, 1.564, 1.204, 1.905, 1.444, 0.0, 1.328, 3.288, 4.389, 5.403, 6.073, 5.838, 5.226, 4.603, 4.05, 5.167, 7.094, 7.748, 6.715, 7.159, 8.406, 10.032, 11.753, 13.669, 13.234, 11.177, 11.295, 12.03, 12.252, 13.026, 13.887, 13.452, 11.676, 11.315, 12.62, 13.321, 13.255, 12.517, 11.189, 10.605, 9.738, 6.722, 3.88, 4.425, 4.822, 4.291, 3.689, 3.223, 2.926, 2.23, 2.551, 3.772, 5.135, 6.23, 6.429, 5.022, 4.236, 4.522, 4.164, 3.611, 3.14, 2.598, 3.037, 3.757, 4.441, 4.236, 3.352, 3.759, 4.81, 3.905, 2.731, 2.663, 3.55, 5.02, 4.949, 4.302, 4.621, 4.346, 3.957, 4.669, 4.446, 4.293, 3.31, 3.332, 4.029, 4.78, 7.782, 10.226, 11.087, 11.494, 12.968, 15.961, 18.647, 20.993, 22.338, 22.797, 22.282, 22.195, 23.1, 23.305, 23.591, 22.993, 21.87, 21.945, 22.487, 22.573, 22.378, 23.895, 26.015, 25.22, 22.59, 20.194, 16.504, 11.824, 10.064, 11.615, 12.462, 11.53, 8.262, 3.449, 6.037, 5.316, 5.088, 6.165], [10.265, 5.989, 6.255, 4.543, 4.277, 5.979, 6.087, 5.944, 5.469, 5.82, 6.23, 6.127, 5.988, 5.797, 3.532, 2.12, 2.188, 2.368, 1.898, 2.591, 3.174, 2.194, 2.352, 1.678, 1.454, 2.207, 2.131, 1.328, 0.0, 2.668, 3.857, 4.804, 5.631, 5.474, 4.764, 4.195, 3.489, 4.683, 6.587, 7.245, 6.288, 6.726, 7.957, 9.52, 11.235, 13.181, 12.785, 10.703, 10.855, 11.518, 11.755, 12.557, 13.406, 12.999, 11.254, 10.901, 12.136, 12.844, 12.745, 11.987, 10.657, 10.135, 9.238, 6.224, 3.526, 3.977, 4.443, 3.968, 3.495, 3.375, 2.719, 2.271, 2.087, 3.256, 4.734, 5.784, 5.894, 4.552, 3.611, 4.054, 3.623, 3.006, 2.711, 2.395, 2.538, 3.367, 3.925, 3.75, 3.059, 3.365, 4.491, 3.634, 2.469, 2.823, 3.272, 4.69, 4.531, 4.034, 4.34, 4.036, 3.699, 4.426, 4.142, 4.041, 3.319, 3.767, 4.518, 5.067, 7.533, 9.935, 10.75, 11.049, 12.503, 15.507, 18.18, 20.589, 21.913, 22.38, 21.857, 21.8, 22.685, 22.893, 23.17, 22.571, 21.381, 21.447, 21.941, 22.029, 21.888, 23.422, 25.468, 24.704, 22.042, 19.702, 16.088, 11.402, 9.638, 11.191, 11.992, 11.108, 7.842, 4.215, 6.686, 5.68, 5.379, 6.277], [12.621, 8.4, 8.669, 6.871, 6.522, 8.116, 8.495, 8.393, 7.857, 8.182, 8.598, 8.479, 8.365, 8.149, 5.8, 3.052, 2.459, 2.024, 1.847, 1.843, 1.513, 2.418, 2.793, 2.648, 2.775, 4.468, 4.322, 3.288, 2.668, 0.0, 1.814, 2.478, 3.332, 3.3, 2.543, 1.849, 1.534, 2.671, 4.083, 4.726, 3.911, 4.893, 5.605, 6.97, 8.696, 10.619, 10.267, 8.17, 8.4, 8.967, 9.425, 10.133, 11.061, 10.694, 9.282, 9.144, 9.891, 10.56, 10.337, 9.528, 8.486, 7.862, 6.885, 4.205, 2.528, 2.16, 2.576, 2.899, 2.933, 3.11, 2.57, 2.07, 1.956, 1.503, 2.816, 3.62, 3.462, 2.69, 1.688, 1.752, 1.679, 1.363, 1.538, 1.994, 1.584, 1.666, 1.852, 2.039, 1.952, 2.605, 3.289, 3.003, 3.218, 4.237, 3.353, 3.19, 3.471, 3.613, 3.548, 3.459, 3.516, 3.79, 3.741, 3.675, 3.777, 4.895, 5.703, 6.136, 7.25, 9.144, 9.233, 8.764, 10.073, 13.254, 16.102, 18.812, 19.964, 20.364, 19.86, 20.005, 20.67, 20.829, 21.053, 20.475, 19.028, 18.991, 19.492, 19.586, 19.376, 20.898, 23.01, 22.331, 19.779, 17.37, 13.868, 9.31, 7.846, 9.085, 9.532, 8.788, 5.824, 5.573, 7.986, 6.773, 6.387, 7.174], [13.689, 9.421, 9.655, 7.858, 7.516, 9.107, 9.495, 9.396, 8.883, 9.244, 9.654, 9.547, 9.411, 9.215, 6.863, 4.012, 3.321, 3.002, 2.893, 3.099, 2.374, 3.702, 3.799, 3.703, 3.752, 5.447, 5.487, 4.389, 3.857, 1.814, 0.0, 1.288, 2.093, 1.923, 1.263, 1.024, 1.479, 2.45, 3.581, 3.716, 2.754, 3.5, 4.305, 5.804, 7.555, 9.471, 9.112, 7.014, 7.215, 7.803, 8.155, 8.923, 9.788, 9.41, 7.885, 7.79, 8.544, 9.226, 9.082, 8.3, 7.122, 6.521, 5.599, 3.203, 3.07, 2.338, 2.205, 3.366, 3.694, 3.928, 3.381, 3.045, 2.856, 2.001, 2.192, 2.583, 2.446, 2.185, 2.255, 2.317, 2.66, 2.365, 2.469, 3.02, 1.996, 1.548, 0.946, 1.085, 1.922, 2.267, 2.942, 3.086, 4.233, 5.31, 4.264, 3.468, 3.883, 4.215, 3.937, 3.73, 3.741, 3.9, 3.953, 3.76, 4.602, 5.817, 6.558, 6.832, 7.752, 8.707, 8.017, 7.49, 8.868, 11.989, 14.782, 17.458, 18.58, 18.991, 18.48, 18.613, 19.335, 19.46, 19.716, 19.123, 17.754, 17.781, 18.334, 18.414, 18.187, 19.828, 21.861, 21.197, 18.524, 16.095, 12.565, 7.963, 6.492, 7.722, 8.329, 7.546, 4.463, 6.44, 8.814, 7.477, 7.039, 7.696], [14.769, 10.482, 10.714, 8.963, 8.612, 10.201, 10.579, 10.435, 9.967, 10.324, 10.733, 10.626, 10.491, 10.294, 7.94, 5.124, 4.425, 4.056, 3.936, 3.584, 3.182, 4.533, 4.796, 4.744, 4.78, 6.519, 6.474, 5.403, 4.804, 2.478, 1.288, 0.0, 1.352, 1.322, 1.22, 1.341, 2.13, 2.406, 3.171, 3.025, 2.195, 2.844, 3.512, 4.79, 6.548, 8.426, 8.089, 5.991, 6.188, 6.816, 7.196, 7.91, 8.788, 8.473, 7.159, 7.286, 7.798, 8.405, 8.148, 7.334, 6.366, 5.728, 4.941, 3.211, 3.779, 3.196, 2.807, 4.152, 4.403, 4.734, 4.23, 3.995, 3.87, 2.671, 2.38, 2.278, 1.871, 2.753, 3.134, 2.744, 3.056, 3.183, 3.42, 3.894, 2.968, 2.519, 1.482, 1.693, 2.908, 3.084, 3.334, 3.813, 5.138, 6.247, 5.097, 4.177, 4.528, 4.805, 4.583, 4.505, 4.533, 4.763, 4.782, 4.53, 5.404, 6.658, 7.299, 7.373, 8.195, 8.922, 7.98, 6.898, 7.97, 11.004, 14.03, 16.927, 17.97, 18.338, 17.745, 17.942, 18.781, 18.817, 18.885, 18.283, 16.825, 16.865, 17.341, 17.455, 17.181, 18.749, 20.845, 20.125, 17.583, 15.178, 11.65, 7.428, 5.904, 6.931, 7.298, 6.539, 3.973, 7.198, 9.58, 8.061, 7.577, 8.095], [15.564, 11.284, 11.428, 9.725, 9.392, 10.987, 11.387, 11.24, 10.763, 11.119, 11.528, 11.422, 11.286, 11.089, 8.735, 5.829, 5.136, 4.784, 4.657, 4.069, 3.551, 4.913, 5.574, 5.301, 5.549, 7.265, 7.263, 6.073, 5.631, 3.332, 2.093, 1.352, 0.0, 0.884, 1.426, 1.998, 2.666, 2.64, 3.556, 3.309, 2.811, 3.095, 3.504, 4.291, 6.005, 7.956, 7.669, 5.599, 5.833, 6.34, 6.91, 7.586, 8.526, 8.193, 7.033, 7.445, 7.709, 8.129, 7.834, 6.959, 6.138, 5.487, 4.884, 3.741, 4.636, 4.07, 3.389, 4.992, 5.179, 5.594, 5.012, 4.496, 4.646, 3.229, 3.081, 2.769, 1.936, 3.518, 3.924, 3.076, 3.393, 3.716, 4.03, 4.848, 3.746, 3.258, 2.255, 2.272, 3.744, 3.935, 4.097, 4.7, 6.141, 7.168, 5.918, 4.842, 5.124, 5.444, 5.271, 5.345, 5.383, 5.561, 5.569, 5.335, 6.206, 7.475, 8.064, 7.969, 8.778, 9.564, 8.511, 7.111, 8.112, 10.713, 14.061, 16.862, 17.862, 18.224, 17.57, 17.783, 18.667, 18.698, 18.689, 18.016, 16.532, 16.386, 16.727, 16.936, 16.788, 18.214, 20.213, 19.438, 17.158, 14.867, 11.387, 7.496, 5.905, 6.702, 6.98, 6.248, 4.461, 7.96, 10.312, 8.628, 8.146, 8.691], [15.468, 11.173, 11.307, 9.599, 9.284, 10.885, 11.261, 11.089, 10.649, 11.023, 11.433, 11.326, 11.19, 10.993, 8.64, 5.678, 4.923, 4.568, 4.45, 4.051, 3.464, 4.839, 5.329, 5.033, 5.3, 7.08, 7.009, 5.838, 5.474, 3.3, 1.923, 1.322, 0.884, 0.0, 1.217, 1.958, 2.517, 2.647, 3.663, 3.398, 2.753, 3.095, 3.415, 4.445, 6.145, 8.096, 7.739, 5.64, 5.845, 6.421, 6.804, 7.553, 8.444, 8.093, 6.932, 7.223, 7.493, 7.966, 7.734, 6.969, 5.944, 5.342, 4.927, 3.589, 4.414, 3.82, 3.245, 4.777, 4.995, 5.356, 4.797, 4.259, 4.418, 3.137, 2.999, 2.628, 1.973, 3.372, 3.708, 3.155, 3.441, 3.56, 3.767, 4.538, 3.487, 3.092, 2.119, 2.087, 3.484, 3.723, 3.928, 4.466, 5.904, 6.932, 5.71, 4.806, 5.153, 5.43, 5.222, 5.128, 5.171, 5.327, 5.389, 5.134, 6.033, 7.269, 7.927, 7.992, 8.801, 9.451, 8.368, 6.938, 8.227, 10.609, 13.87, 16.647, 17.662, 18.042, 17.4, 17.624, 18.476, 18.521, 18.526, 17.877, 16.458, 16.423, 16.838, 16.981, 16.812, 18.32, 20.355, 19.542, 17.087, 14.764, 11.26, 7.221, 5.669, 6.546, 6.931, 6.188, 4.36, 7.79, 10.204, 8.693, 8.211, 8.675], [14.626, 10.492, 10.687, 8.849, 8.533, 10.108, 10.516, 10.478, 9.79, 10.193, 10.601, 10.484, 10.349, 10.194, 7.834, 4.931, 4.163, 3.828, 3.671, 3.41, 2.854, 4.248, 4.463, 4.407, 4.633, 6.434, 6.33, 5.226, 4.764, 2.543, 1.263, 1.22, 1.426, 1.217, 0.0, 1.355, 2.115, 2.612, 3.529, 3.321, 2.555, 2.897, 3.608, 4.907, 6.589, 8.494, 8.117, 6.025, 6.295, 6.863, 7.199, 7.948, 8.812, 8.42, 7.057, 7.16, 7.764, 8.279, 8.126, 7.414, 6.272, 5.68, 4.944, 3.255, 3.628, 2.808, 2.491, 3.924, 4.288, 4.473, 3.942, 3.804, 3.605, 2.45, 2.299, 2.198, 1.854, 2.506, 2.806, 2.536, 2.73, 2.901, 3.095, 3.816, 2.806, 2.385, 1.64, 1.566, 2.827, 2.831, 3.292, 3.654, 5.063, 5.908, 4.731, 3.914, 4.256, 4.532, 4.478, 4.192, 4.26, 4.338, 4.422, 4.2, 5.122, 6.35, 7.052, 7.201, 8.062, 8.86, 7.839, 6.752, 8.224, 11.119, 13.905, 16.827, 17.849, 18.326, 17.74, 17.887, 18.642, 18.691, 18.808, 18.188, 16.835, 16.833, 17.342, 17.435, 17.314, 18.886, 20.971, 20.29, 17.608, 15.224, 11.607, 7.28, 5.766, 6.791, 7.452, 6.558, 3.947, 7.016, 9.25, 7.785, 7.383, 7.971], [14.044, 9.749, 9.887, 8.183, 7.886, 9.461, 9.797, 9.694, 9.203, 9.6, 10.009, 9.902, 9.767, 9.571, 7.216, 4.303, 3.516, 3.124, 3.085, 2.786, 2.345, 3.631, 3.87, 3.767, 3.915, 5.626, 5.726, 4.603, 4.195, 1.849, 1.024, 1.341, 1.998, 1.958, 1.355, 0.0, 1.371, 2.216, 3.035, 3.269, 2.383, 3.472, 4.129, 5.494, 7.253, 9.08, 8.677, 6.602, 6.802, 7.485, 7.899, 8.513, 9.478, 9.116, 7.806, 7.798, 8.472, 9.081, 8.819, 8.046, 7.041, 6.422, 5.571, 3.081, 2.87, 2.13, 1.919, 3.079, 3.317, 3.674, 3.148, 3.159, 3.028, 1.752, 1.853, 2.2, 2.175, 1.935, 2.281, 1.95, 2.107, 2.354, 2.508, 2.994, 2.097, 1.631, 1.046, 1.447, 2.114, 2.306, 2.666, 2.895, 4.266, 5.246, 4.038, 3.143, 3.572, 3.901, 3.698, 3.475, 3.668, 3.712, 3.738, 3.482, 4.332, 5.592, 6.237, 6.497, 7.449, 8.452, 8.037, 7.4, 8.485, 11.648, 14.654, 17.485, 18.565, 18.946, 18.377, 18.589, 19.336, 19.428, 19.513, 18.93, 17.519, 17.583, 18.055, 18.123, 17.853, 19.486, 21.554, 20.827, 18.376, 15.871, 12.297, 7.973, 6.502, 7.556, 7.948, 7.17, 4.391, 6.101, 8.508, 7.145, 6.735, 7.395], [13.753, 9.458, 9.592, 7.884, 7.569, 9.17, 9.521, 9.374, 8.912, 9.308, 9.718, 9.611, 9.475, 9.278, 6.925, 3.973, 3.135, 2.825, 2.574, 2.437, 1.758, 2.808, 3.486, 3.143, 3.516, 5.28, 5.095, 4.05, 3.489, 1.534, 1.479, 2.13, 2.666, 2.517, 2.115, 1.371, 0.0, 1.65, 3.424, 4.092, 3.284, 4.159, 4.957, 6.321, 8.058, 10.009, 9.66, 7.565, 7.779, 8.34, 8.82, 9.519, 10.46, 10.088, 8.609, 8.407, 9.196, 9.943, 9.729, 8.83, 7.809, 7.2, 6.139, 3.39, 2.536, 2.096, 2.169, 2.851, 3.141, 3.426, 2.872, 2.367, 2.577, 1.438, 2.122, 2.974, 2.747, 2.016, 2.033, 2.006, 1.826, 1.719, 1.863, 2.457, 1.707, 1.444, 1.389, 1.617, 1.949, 2.084, 2.632, 2.64, 3.783, 4.889, 3.758, 3.044, 3.421, 3.692, 3.421, 3.318, 3.373, 3.471, 3.471, 3.31, 4.102, 5.341, 6.015, 6.215, 7.228, 8.443, 8.408, 8.092, 9.46, 12.58, 15.457, 18.066, 19.258, 19.697, 19.16, 19.289, 20.001, 20.163, 20.437, 19.853, 18.412, 18.31, 18.735, 18.904, 18.757, 20.233, 22.226, 21.406, 19.077, 16.748, 13.265, 8.627, 7.096, 8.459, 8.904, 8.175, 5.198, 5.849, 8.28, 6.946, 6.497, 7.222], [14.949, 10.653, 10.788, 9.079, 8.764, 10.365, 10.72, 10.569, 10.108, 10.504, 10.913, 10.806, 10.671, 10.473, 8.12, 5.155, 4.252, 3.846, 3.645, 3.42, 2.673, 3.728, 4.415, 4.036, 4.636, 6.418, 6.287, 5.167, 4.683, 2.671, 2.45, 2.406, 2.64, 2.647, 2.612, 2.216, 1.65, 0.0, 2.181, 3.039, 2.221, 3.1, 3.835, 5.112, 6.875, 8.826, 8.531, 6.462, 6.697, 7.201, 7.708, 8.425, 9.348, 8.966, 7.444, 7.29, 8.066, 8.813, 8.617, 7.71, 6.67, 6.049, 5.005, 2.445, 2.694, 2.559, 2.485, 3.186, 3.278, 3.621, 3.518, 3.487, 3.671, 1.971, 1.699, 2.193, 1.875, 2.172, 2.879, 2.718, 2.248, 2.397, 2.521, 3.169, 2.926, 2.656, 2.183, 2.364, 3.286, 2.902, 2.273, 2.833, 4.287, 5.201, 3.937, 3.022, 3.122, 3.679, 3.684, 3.578, 4.001, 4.171, 3.827, 3.467, 4.337, 5.622, 6.035, 5.893, 6.661, 7.418, 7.412, 6.997, 8.365, 11.472, 14.314, 16.937, 18.098, 18.578, 18.005, 18.133, 18.879, 19.025, 19.311, 18.714, 17.303, 17.13, 17.568, 17.797, 17.634, 19.082, 