[[0.0, 0.828, 1.618, 1.305, 1.699, 1.325, 3.133, 5.701, 5.98, 5.647, 4.963, 5.244, 6.996, 5.774, 4.895, 5.304, 5.314, 6.752, 6.246, 5.785, 6.45, 7.521, 6.317, 5.401, 5.554, 4.564, 4.485, 4.45, 4.618, 4.944, 4.679, 4.328, 4.878, 5.562, 5.007, 4.003, 4.863, 5.484, 5.577, 5.765, 3.999, 4.382, 4.215, 4.411, 5.401, 6.479, 3.826, 2.084, 2.671, 2.054, 1.506, 1.437, 1.35, 2.806, 4.374, 4.873, 5.928, 6.515, 8.132, 8.608, 8.319, 7.069, 6.822, 7.742, 8.902, 8.392, 7.175, 7.272, 8.693, 10.521, 10.502, 9.842, 9.489, 8.304, 8.03, 9.879, 10.179, 9.589, 9.957, 11.625, 11.66, 10.669, 10.684, 11.823, 12.08, 11.58, 12.285, 13.266, 12.474, 11.0, 11.572, 11.793, 11.941, 14.068, 15.143, 13.914, 12.51, 12.997, 14.359, 15.587, 17.197, 19.296, 19.576, 18.477, 17.625, 17.248, 17.189, 17.424, 18.529, 19.658, 19.423, 18.953, 20.522, 22.581, 22.695, 21.495, 20.56, 18.585, 13.943, 9.323, 4.395, 2.805, 3.41, 7.585, 8.007, 6.921, 7.135, 6.725, 6.912, 8.14, 9.451, 8.675, 8.363, 7.781, 7.438, 6.911, 6.391, 5.89, 5.381, 5.838, 6.585, 6.595, 5.871, 5.138, 4.477, 4.766], [0.828, 0.0, 1.137, 1.117, 1.699, 1.157, 2.836, 5.357, 5.453, 5.269, 4.493, 4.822, 6.766, 5.52, 4.394, 4.843, 5.046, 6.477, 5.779, 5.283, 5.949, 7.023, 5.829, 4.901, 5.08, 4.183, 4.257, 4.32, 4.549, 4.85, 4.587, 4.259, 4.472, 5.091, 4.526, 3.501, 4.501, 5.382, 5.457, 5.354, 3.509, 3.904, 3.889, 4.294, 5.29, 6.368, 3.712, 1.735, 2.541, 1.931, 1.443, 1.315, 1.213, 2.746, 4.075, 4.589, 5.526, 6.054, 7.672, 8.211, 7.899, 6.786, 6.447, 7.424, 8.768, 8.342, 7.158, 7.282, 8.712, 10.57, 10.467, 9.897, 9.529, 8.307, 8.014, 9.832, 10.128, 9.566, 10.02, 11.599, 11.702, 10.698, 10.689, 11.769, 12.062, 11.547, 12.212, 13.225, 12.403, 10.934, 11.602, 11.809, 11.885, 14.035, 15.165, 13.894, 12.626, 13.072, 14.429, 15.561, 17.261, 19.374, 19.639, 18.501, 17.614, 17.197, 17.165, 17.353, 18.496, 19.589, 19.457, 18.957, 20.53, 22.557, 22.686, 21.524, 20.594, 18.592, 13.861, 9.147, 4.255, 2.592, 3.084, 7.514, 7.955, 6.867, 7.056, 6.673, 6.513, 7.724, 9.036, 8.23, 7.909, 7.353, 7.107, 6.474, 5.983, 5.491, 4.985, 5.403, 6.196, 6.161, 5.395, 4.727, 4.083, 4.27], [1.618, 1.137, 0.0, 1.262, 2.465, 1.709, 2.222, 4.607, 4.957, 4.69, 3.997, 4.078, 5.799, 4.711, 4.183, 4.954, 5.508, 7.083, 5.963, 5.054, 5.718, 6.793, 5.508, 4.59, 4.824, 4.549, 4.933, 5.072, 5.317, 5.63, 5.335, 5.028, 4.802, 5.026, 4.349, 3.563, 5.081, 6.069, 6.13, 5.683, 3.684, 3.465, 3.256, 3.398, 4.341, 5.417, 2.765, 1.843, 3.009, 2.443, 1.585, 1.3, 1.749, 3.554, 4.647, 5.096, 5.673, 6.057, 7.673, 8.37, 8.084, 7.184, 6.699, 7.898, 9.435, 9.116, 8.012, 8.131, 9.623, 11.513, 11.394, 10.829, 10.418, 9.148, 8.764, 10.579, 10.888, 10.317, 10.916, 12.519, 12.591, 11.533, 11.606, 12.601, 12.898, 12.326, 12.956, 13.977, 13.143, 11.707, 12.455, 12.601, 12.648, 14.922, 16.06, 14.757, 13.562, 13.996, 15.339, 16.384, 18.193, 20.3, 20.559, 19.328, 18.417, 17.979, 17.965, 18.11, 19.251, 20.365, 20.41, 19.835, 21.296, 23.401, 23.463, 22.364, 21.47, 19.436, 14.643, 9.871, 4.906, 2.145, 3.637, 8.222, 8.72, 7.586, 7.748, 7.411, 6.935, 7.963, 9.241, 8.488, 7.933, 7.642, 7.556, 6.671, 6.388, 5.842, 5.384, 5.689, 6.472, 6.423, 5.294, 4.953, 4.458, 4.267], [1.305, 1.117, 1.262, 0.0, 1.747, 1.38, 2.798, 5.336, 5.717, 5.408, 4.581, 4.761, 6.501, 5.16, 4.464, 5.132, 5.303, 6.748, 5.999, 5.322, 5.974, 7.126, 5.902, 5.093, 5.212, 4.577, 4.766, 4.673, 4.899, 5.157, 4.876, 4.576, 4.747, 5.252, 4.752, 3.835, 4.89, 5.695, 5.845, 5.628, 3.617, 3.977, 3.998, 4.27, 5.221, 6.253, 3.532, 2.139, 2.949, 2.359, 1.546, 1.391, 1.613, 3.197, 4.392, 4.826, 5.798, 6.256, 7.84, 8.461, 8.148, 7.047, 6.713, 7.689, 9.038, 8.643, 7.456, 7.488, 8.839, 10.737, 10.678, 10.053, 9.648, 8.327, 8.127, 9.949, 10.181, 9.68, 10.184, 11.684, 11.792, 10.748, 10.85, 11.908, 12.09, 11.581, 12.277, 13.265, 12.472, 11.003, 11.781, 12.038, 12.152, 14.178, 15.29, 14.1, 12.801, 13.14, 14.488, 15.641, 17.462, 19.533, 19.686, 18.515, 17.639, 17.245, 17.189, 17.537, 18.625, 19.7, 19.589, 19.135, 20.663, 22.611, 22.722, 21.555, 20.67, 18.695, 14.091, 9.422, 4.638, 2.66, 3.334, 7.789, 8.227, 7.178, 7.348, 6.945, 6.783, 7.97, 9.281, 8.562, 8.185, 7.683, 7.405, 6.719, 6.266, 5.784, 5.224, 5.64, 6.458, 6.458, 5.541, 5.012, 4.388, 4.455], [1.699, 1.699, 2.465, 1.747, 0.0, 1.325, 4.117, 6.534, 6.497, 6.393, 5.462, 5.827, 7.968, 6.588, 4.354, 4.735, 4.618, 6.049, 5.618, 5.171, 5.918, 6.958, 5.943, 5.134, 5.124, 4.049, 4.022, 3.783, 3.699, 4.136, 3.765, 3.433, 4.186, 4.956, 4.528, 3.646, 4.281, 4.701, 4.986, 5.116, 3.419, 4.184, 4.757, 5.766, 6.781, 7.79, 5.004, 2.413, 2.505, 2.049, 2.513, 2.613, 1.62, 2.328, 3.787, 4.185, 5.283, 5.888, 7.489, 7.904, 7.628, 6.363, 6.124, 7.039, 8.056, 7.476, 6.328, 6.184, 7.415, 9.402, 9.287, 8.639, 8.208, 6.859, 6.635, 8.457, 8.633, 8.225, 8.807, 10.209, 10.249, 9.319, 9.408, 10.417, 10.57, 9.97, 10.735, 11.68, 10.879, 9.473, 10.433, 10.624, 10.89, 12.727, 13.907, 12.732, 11.457, 11.723, 13.013, 14.148, 16.039, 18.07, 18.186, 16.939, 16.065, 15.705, 15.599, 16.06, 17.164, 18.276, 18.262, 17.804, 19.184, 21.068, 21.176, 20.042, 19.106, 17.307, 12.848, 8.549, 3.76, 3.584, 2.839, 6.614, 7.016, 6.023, 6.18, 5.772, 6.249, 7.468, 8.791, 8.248, 7.854, 7.334, 6.853, 6.285, 5.775, 5.26, 4.762, 5.152, 5.882, 6.019, 5.264, 4.458, 3.781, 4.228], [1.325, 1.157, 1.709, 1.38, 1.325, 0.0, 3.227, 5.637, 5.461, 5.484, 4.656, 4.98, 7.088, 5.804, 3.91, 4.401, 4.553, 5.993, 5.331, 4.778, 5.471, 6.517, 5.294, 4.404, 4.565, 3.75, 3.815, 3.7, 3.842, 4.193, 3.912, 3.614, 4.038, 4.62, 4.05, 3.07, 4.085, 4.769, 4.882, 4.926, 2.999, 3.473, 3.827, 4.789, 5.799, 6.804, 4.089, 1.762, 2.106, 1.782, 1.683, 1.77, 1.223, 2.253, 3.604, 4.037, 5.098, 5.608, 7.222, 7.785, 7.472, 6.311, 6.026, 6.974, 8.157, 7.641, 6.587, 6.706, 8.275, 10.168, 10.061, 9.466, 9.017, 7.75, 7.162, 9.04, 9.409, 8.721, 9.317, 11.108, 11.142, 10.116, 10.279, 11.249, 11.4, 10.837, 11.441, 12.484, 11.646, 10.218, 10.896, 11.007, 11.184, 13.457, 14.538, 13.42, 12.126, 12.57, 13.915, 14.962, 16.848, 18.956, 19.14, 17.831, 16.918, 16.541, 16.46, 16.75, 17.816, 18.947, 18.949, 18.283, 19.668, 21.864, 21.976, 20.899, 19.992, 17.893, 13.201, 8.562, 3.679, 2.846, 2.633, 6.849, 7.262, 6.188, 6.405, 5.979, 6.095, 7.295, 8.643, 7.972, 7.545, 7.167, 6.697, 6.032, 5.56, 5.069, 4.493, 4.961, 5.774, 5.762, 4.92, 4.301, 3.659, 3.798], [3.133, 2.836, 2.222, 2.798, 4.117, 3.227, 0.0, 3.283, 3.687, 3.45, 2.952, 2.894, 4.01, 2.983, 3.154, 4.007, 4.602, 6.177, 5.216, 4.089, 4.819, 5.705, 4.394, 3.59, 3.865, 3.878, 4.836, 5.738, 6.145, 6.082, 6.131, 5.812, 4.66, 4.161, 3.36, 3.407, 5.424, 6.3, 6.199, 5.25, 3.392, 2.632, 2.81, 2.311, 3.0, 3.877, 1.977, 2.082, 3.662, 3.784, 2.404, 2.27, 3.06, 4.481, 4.337, 4.2, 4.766, 5.081, 6.669, 7.376, 7.084, 6.187, 5.784, 7.014, 9.717, 9.735, 9.463, 9.746, 11.372, 13.264, 13.157, 12.563, 12.114, 10.781, 9.924, 11.892, 12.384, 11.628, 12.242, 14.196, 14.233, 13.204, 13.375, 14.346, 14.383, 13.791, 14.29, 15.384, 14.519, 13.159, 13.855, 13.391, 13.726, 16.373, 17.558, 16.433, 15.197, 15.634, 16.978, 18.031, 19.939, 22.046, 22.185, 20.81, 19.886, 19.547, 19.461, 19.776, 20.836, 21.984, 21.995, 21.06, 22.539, 24.777, 24.923, 23.9, 22.95, 20.852, 15.79, 9.513, 4.68, 1.345, 3.14, 8.078, 9.276, 7.608, 7.808, 7.673, 6.469, 7.058, 8.487, 8.15, 7.549, 7.502, 7.361, 6.425, 5.54, 5.051, 5.116, 5.067, 5.728, 6.258, 4.706, 3.982, 3.922, 3.353], [5.701, 5.357, 4.607, 5.336, 6.534, 5.637, 3.283, 0.0, 1.375, 0.832, 1.411, 1.422, 2.262, 2.001, 3.77, 4.199, 5.895, 8.097, 6.655, 5.165, 5.005, 4.279, 4.172, 4.288, 4.445, 5.424, 7.075, 7.86, 7.92, 7.974, 8.44, 8.164, 6.91, 5.637, 4.484, 5.443, 7.799, 8.684, 8.455, 7.674, 5.765, 3.469, 3.846, 3.64, 3.872, 3.995, 3.866, 4.528, 6.035, 6.166, 4.953, 4.947, 5.478, 6.979, 6.715, 6.105, 5.821, 5.489, 5.651, 6.634, 6.652, 6.345, 6.31, 8.631, 11.044, 11.974, 11.934, 12.224, 13.847, 15.739, 15.632, 15.042, 14.609, 13.246, 12.198, 14.17, 14.748, 13.986, 14.737, 16.691, 16.701, 15.674, 15.87, 16.841, 16.758, 16.087, 16.429, 17.416, 16.603, 15.64, 16.325, 15.742, 16.206, 18.696, 19.964, 18.889, 17.637, 18.071, 19.421, 20.49, 22.409, 24.516, 24.619, 23.121, 22.156, 21.851, 21.858, 22.183, 23.252, 24.409, 24.399, 23.446, 24.656, 26.922, 27.223, 26.182, 25.249, 23.176, 18.18, 10.707, 6.775, 3.363, 5.47, 9.967, 11.564, 10.024, 10.213, 9.983, 8.74, 8.48, 10.133, 10.073, 9.581, 9.819, 9.775, 8.85, 7.569, 6.75, 6.902, 6.759, 7.475, 8.344, 6.259, 4.886, 5.391, 4.931], [5.98, 5.453, 4.957, 5.717, 6.497, 5.461, 3.687, 1.375, 0.0, 1.312, 1.644, 1.577, 2.941, 2.58, 3.043, 3.737, 5.365, 7.559, 6.117, 4.632, 4.489, 4.2, 3.819, 3.765, 3.852, 4.896, 6.543, 7.313, 7.393, 7.387, 7.91, 7.633, 6.385, 5.107, 3.975, 4.921, 7.264, 8.154, 7.923, 7.144, 5.235, 3.199, 3.916, 4.092, 4.269, 4.348, 4.262, 4.609, 5.883, 6.176, 5.294, 5.34, 5.627, 6.49, 6.184, 5.576, 5.291, 4.959, 5.131, 6.053, 6.094, 5.811, 5.765, 8.073, 10.452, 11.436, 11.389, 11.686, 13.309, 15.201, 15.094, 14.504, 14.076, 12.716, 11.668, 13.64, 14.218, 13.456, 14.205, 16.16, 16.163, 15.136, 15.336, 16.303, 16.228, 15.514, 15.766, 16.741, 15.896, 15.11, 15.795, 15.206, 15.668, 18.144, 19.408, 18.329, 17.076, 17.51, 18.87, 19.937, 21.87, 23.975, 24.071, 22.563, 21.597, 21.249, 21.302, 21.622, 22.693, 23.85, 23.838, 22.885, 23.976, 26.323, 26.656, 25.625, 24.695, 22.619, 17.62, 10.168, 6.245, 3.774, 4.979, 9.375, 11.012, 9.494, 9.683, 9.453, 8.202, 7.95, 9.603, 9.543, 9.051, 9.289, 9.245, 8.32, 7.039, 6.22, 6.372, 6.229, 6.945, 7.814, 5.729, 4.255, 4.857, 4.401], [5.647, 5.269, 4.69, 5.408, 6.393, 5.484, 3.45, 0.832, 1.312, 0.0, 1.276, 1.236, 2.423, 2.169, 3.726, 4.1, 5.765, 7.96, 6.518, 5.042, 4.878, 4.152, 4.05, 4.137, 4.407, 5.316, 6.89, 7.727, 7.887, 7.946, 8.308, 8.01, 6.758, 5.484, 4.344, 5.291, 7.637, 8.538, 8.3, 7.521, 5.612, 3.324, 3.637, 3.77, 3.946, 4.06, 3.987, 4.386, 5.894, 6.014, 4.889, 4.915, 5.378, 6.804, 6.561, 5.952, 5.668, 5.336, 5.647, 6.587, 6.618, 6.377, 6.244, 8.538, 11.031, 11.837, 11.797, 12.087, 13.71, 15.602, 15.495, 14.905, 14.456, 13.093, 12.045, 14.124, 14.666, 13.909, 14.584, 16.538, 16.564, 15.537, 15.717, 16.688, 16.664, 16.046, 16.399, 17.386, 16.559, 15.487, 16.172, 15.623, 16.069, 18.571, 19.823, 18.753, 17.5, 17.934, 19.286, 20.355, 22.272, 24.379, 24.482, 22.981, 22.112, 21.807, 21.718, 22.046, 23.113, 24.272, 24.256, 23.304, 24.618, 26.872, 27.101, 26.042, 25.102, 23.033, 18.043, 10.554, 6.634, 3.408, 5.319, 9.926, 11.508, 9.871, 10.06, 9.83, 8.589, 8.327, 9.98, 9.92, 9.428, 9.666, 9.622, 8.697, 7.416, 6.597, 6.749, 6.684, 7.322, 8.191, 6.167, 4.842, 5.272, 4.778], [4.963, 4.493, 3.997, 4.581, 5.462, 4.656, 2.952, 1.411, 1.644, 1.276, 0.0, 1.025, 2.943, 2.249, 3.003, 3.214, 4.862, 7.024, 5.602, 4.164, 4.08, 4.041, 3.774, 3.303, 3.677, 4.514, 6.071, 6.88, 7.079, 7.159, 7.397, 7.091, 5.821, 4.528, 3.56, 4.386, 6.739, 7.627, 7.365, 6.564, 4.656, 2.979, 3.41, 3.58, 4.007, 4.373, 3.918, 3.531, 5.081, 5.217, 4.204, 4.249, 4.619, 5.957, 5.628, 5.002, 4.72, 4.441, 5.033, 6.156, 5.801, 5.554, 5.492, 7.767, 10.266, 10.887, 10.847, 11.131, 12.757, 14.65, 14.543, 13.948, 13.499, 12.152, 11.131, 13.214, 13.755, 12.998, 13.627, 15.581, 15.614, 14.587, 14.76, 15.731, 15.753, 15.141, 15.549, 16.564, 15.788, 14.53, 15.226, 14.723, 15.112, 17.698, 18.918, 17.811, 16.565, 17.006, 18.351, 19.412, 21.322, 23.429, 23.55, 22.129, 21.221, 20.912, 20.808, 21.114, 22.186, 23.349, 23.343, 22.402, 23.793, 26.019, 26.2, 25.179, 24.229, 22.162, 17.129, 9.713, 5.847, 2.686, 4.366, 9.021, 10.603, 8.914, 9.103, 8.873, 7.632, 7.37, 9.069, 8.963, 8.471, 8.709, 8.665, 7.74, 6.459, 5.648, 5.848, 5.773, 6.365, 7.234, 5.256, 4.082, 4.495, 3.855], [5.244, 4.822, 4.078, 4.761, 5.827, 4.98, 2.894, 1.422, 1.577, 1.236, 1.025, 0.0, 2.455, 2.019, 3.405, 3.779, 5.289, 7.434, 6.003, 4.565, 4.54, 4.57, 4.032, 3.61, 4.03, 4.887, 6.445, 7.256, 7.494, 7.563, 7.804, 7.517, 6.225, 4.939, 3.877, 4.769, 7.117, 8.03, 7.755, 6.976, 5.067, 2.886, 3.09, 3.108, 3.359, 3.738, 3.378, 3.924, 5.409, 5.504, 4.417, 4.437, 4.951, 6.361, 6.037, 5.407, 5.205, 4.812, 5.383, 6.651, 6.257, 6.068, 5.906, 8.175, 10.681, 11.298, 11.258, 11.543, 13.169, 15.062, 14.955, 14.36, 13.911, 12.556, 11.534, 13.645, 14.158, 13.401, 14.039, 15.993, 16.025, 14.998, 15.172, 16.143, 16.157, 15.545, 15.976, 16.973, 16.196, 14.942, 15.63, 15.154, 15.524, 18.125, 19.322, 18.226, 16.98, 17.412, 18.758, 19.824, 21.732, 23.84, 23.957, 22.556, 21.633, 21.32, 21.212, 21.528, 22.6, 23.761, 23.754, 22.818, 24.222, 26.449, 26.606, 25.586, 24.658, 22.567, 17.537, 10.126, 6.24, 2.899, 4.784, 9.429, 11.011, 9.326, 9.515, 9.285, 8.044, 7.782, 9.472, 9.375, 8.883, 9.121, 9.077, 8.152, 6.871, 6.075, 6.24, 6.182, 6.782, 7.646, 5.676, 4.486, 4.899, 4.233], [6.996, 6.766, 5.799, 6.501, 7.968, 7.088, 4.01, 2.262, 2.941, 2.423, 2.943, 2.455, 0.0, 1.878, 5.471, 5.748, 7.411, 9.581, 8.143, 6.678, 6.514, 5.459, 5.619, 5.744, 6.101, 6.953, 8.568, 9.4, 9.592, 9.638, 9.943, 9.653, 8.377, 7.104, 5.988, 6.91, 9.27, 10.173, 9.922, 9.14, 7.231, 4.759, 4.339, 3.418, 2.546, 2.287, 3.446, 5.944, 7.418, 7.417, 5.963, 5.716, 6.867, 8.446, 8.184, 7.572, 7.288, 6.955, 7.446, 8.37, 8.26, 8.104, 7.971, 10.262, 12.747, 13.459, 13.419, 13.708, 15.332, 17.224, 17.117, 16.524, 16.075, 14.713, 13.677, 15.759, 16.302, 15.544, 16.203, 18.158, 18.186, 17.159, 17.337, 18.307, 18.3, 17.686, 18.076, 19.069, 18.283, 17.107, 17.792, 17.258, 17.688, 20.225, 21.458, 20.381, 19.135, 19.568, 20.913, 21.982, 23.894, 26.001, 26.107, 24.656, 23.76, 23.456, 23.352, 23.681, 24.754, 25.913, 25.904, 24.969, 26.321, 28.551, 28.761, 27.721, 26.77, 24.699, 19.687, 12.23, 8.313, 4.436, 6.939, 11.566, 13.148, 11.491, 11.68, 11.45, 10.208, 9.946, 11.615, 11.54, 11.047, 11.286, 11.241, 10.317, 9.035, 8.218, 8.373, 8.319, 8.942, 9.811, 7.802, 6.566, 6.985, 6.397], [5.774, 5.52, 4.711, 5.16, 6.588, 5.804, 2.983, 2.001, 2.58, 2.169, 2.249, 2.019, 1.878, 0.0, 3.989, 4.395, 6.024, 8.079, 6.685, 5.121, 5.086, 4.599, 4.425, 4.439, 4.792, 5.663, 7.311, 8.11, 8.276, 8.259, 8.485, 8.253, 6.937, 5.691, 4.624, 5.614, 7.91, 8.715, 8.548, 7.705, 5.798, 3.413, 3.256, 2.83, 2.63, 2.579, 3.043, 4.66, 6.123, 6.21, 4.744, 4.516, 5.578, 7.115, 6.767, 6.111, 5.818, 5.568, 6.64, 7.255, 7.103, 6.841, 6.603, 8.697, 11.405, 11.963, 11.897, 12.241, 13.83, 15.714, 15.607, 15.016, 14.59, 13.245, 12.254, 14.185, 14.687, 13.954, 14.708, 16.63, 16.654, 15.616, 15.809, 16.803, 16.714, 16.117, 16.492, 17.516, 16.675, 15.603, 16.275, 15.681, 16.149, 18.652, 19.92, 18.836, 17.59, 18.035, 19.38, 20.437, 22.351, 24.458, 24.561, 23.085, 22.14, 21.827, 21.815, 22.139, 23.21, 24.376, 24.383, 23.448, 24.707, 26.964, 27.272, 26.211, 25.265, 23.176, 18.182, 11.054, 6.978, 3.149, 5.441, 10.01, 11.582, 9.975, 10.238, 9.934, 8.71, 8.463, 10.112, 10.083, 9.552, 9.762, 9.747, 8.852, 7.605, 6.793, 6.966, 6.877, 7.496, 8.363, 6.323, 5.19, 5.654, 5.063], [4.895, 4.394, 4.183, 4.464, 4.354, 3.91, 3.154, 3.77, 3.043, 3.726, 3.003, 3.405, 5.471, 3.989, 0.0, 1.812, 2.861, 4.649, 3.35, 2.134, 2.623, 3.544, 2.905, 2.046, 1.586, 2.276, 3.9, 4.622, 4.667, 4.619, 5.032, 4.8, 3.498, 2.458, 1.706, 2.33, 4.469, 5.268, 5.159, 4.26, 2.447, 2.247, 3.761, 4.398, 5.169, 5.843, 4.614, 2.882, 3.68, 4.156, 4.063, 4.374, 3.933, 4.087, 3.437, 2.734, 2.881, 2.819, 3.916, 4.501, 4.346, 3.81, 3.294, 5.178, 7.81, 8.527, 8.445, 8.797, 10.387, 12.27, 12.163, 11.572, 11.146, 9.792, 8.744, 10.709, 11.256, 10.51, 11.265, 13.189, 13.192, 12.165, 12.365, 13.359, 13.271, 12.616, 12.871, 13.826, 12.931, 12.151, 12.833, 12.235, 12.697, 15.173, 16.439, 15.357, 14.104, 14.538, 15.898, 16.965, 18.9, 21.006, 21.102, 19.592, 18.635, 18.286, 18.334, 18.652, 19.724, 20.883, 20.883, 19.944, 21.05, 23.4, 23.79, 22.708, 21.761, 19.666, 14.672, 7.799, 3.457, 2.645, 2.388, 6.502, 8.127, 6.532, 6.785, 6.491, 5.279, 5.141, 6.713, 6.688, 6.111, 6.327, 6.3, 5.4, 4.161, 3.527, 3.664, 3.484, 4.085, 4.912, 2.997, 1.628, 2.204, 1.662], [5.304, 4.843, 4.954, 5.132, 4.735, 4.401, 4.007, 4.199, 3.737, 4.1, 3.214, 3.779, 5.748, 4.395, 1.812, 0.0, 2.08, 4.023, 2.606, 1.768, 1.582, 2.505, 2.105, 1.629, 1.721, 1.988, 3.368, 4.179, 4.459, 4.378, 4.368, 4.091, 2.932, 1.811, 1.813, 2.26, 3.815, 4.552, 4.51, 3.563, 2.047, 2.832, 4.541, 5.164, 5.803, 6.252, 5.414, 3.406, 3.826, 4.443, 4.606, 4.922, 4.378, 4.066, 2.982, 2.323, 2.028, 2.106, 3.189, 3.885, 3.454, 3.057, 3.012, 4.732, 7.598, 7.863, 7.743, 8.034, 9.656, 11.548, 11.441, 10.851, 10.41, 9.051, 8.149, 10.108, 10.593, 9.809, 10.555, 12.492, 12.529, 11.503, 11.671, 12.642, 12.588, 11.954, 12.482, 13.576, 12.741, 11.485, 12.126, 11.64, 12.048, 14.63, 15.817, 14.712, 13.476, 13.938, 15.283, 16.311, 18.218, 20.325, 20.455, 19.071, 18.108, 17.735, 17.718, 18.023, 19.092, 20.275, 20.271, 19.35, 20.728, 22.97, 23.225, 22.107, 21.218, 19.062, 14.108, 7.194, 3.169, 3.475, 2.629, 6.001, 7.429, 5.84, 6.076, 5.813, 4.578, 4.451, 5.934, 5.884, 5.48, 5.62, 5.576, 4.662, 3.385, 2.808, 3.141, 2.979, 3.395, 4.145, 2.547, 1.615, 2.12, 1.585], [5.314, 5.046, 5.508, 5.303, 4.618, 4.553, 4.602, 5.895, 5.365, 5.765, 4.862, 5.289, 7.411, 6.024, 2.861, 2.08, 0.0, 2.459, 2.075, 2.506, 2.526, 3.358, 3.354, 2.659, 2.42, 1.451, 1.968, 2.722, 2.944, 2.929, 2.792, 2.447, 1.899, 2.162, 2.474, 2.361, 2.563, 3.032, 3.123, 2.415, 2.153, 3.875, 5.56, 6.339, 7.31, 7.908, 6.3, 3.788, 3.066, 3.67, 4.86, 5.257, 4.113, 3.043, 1.704, 1.53, 2.126, 2.353, 3.252, 3.752, 3.422, 2.157, 2.264, 3.263, 5.696, 6.1, 6.052, 6.348, 7.978, 9.864, 9.757, 9.163, 8.714, 7.379, 6.391, 8.394, 8.906, 8.149, 8.843, 10.796, 10.819, 9.792, 9.975, 10.946, 10.899, 10.287, 10.712, 11.759, 10.956, 9.763, 10.438, 9.867, 10.327, 12.845, 14.107, 13.016, 11.769, 12.214, 13.559, 14.616, 16.526, 18.634, 18.747, 17.285, 16.37, 16.058, 16.001, 16.319, 17.39, 18.563, 18.557, 17.622, 18.96, 21.202, 21.458, 20.384, 19.428, 17.344, 12.352, 5.286, 1.621, 4.093, 2.259, 4.227, 5.764, 4.129, 4.376, 4.102, 3.237, 3.636, 5.245, 5.362, 4.956, 4.718, 4.072, 3.651, 2.585, 1.636, 1.964, 2.019, 2.215, 3.386, 2.487, 1.635, 1.541, 1.824], [6.752, 6.477, 7.083, 6.748, 6.049, 5.993, 6.177, 8.097, 7.559, 7.96, 7.024, 7.434, 9.581, 8.079, 4.649, 4.023, 2.459, 0.0, 1.894, 3.245, 3.4, 4.459, 4.317, 4.103, 3.982, 3.029, 2.575, 3.092, 3.607, 2.972, 2.572, 3.09, 2.445, 2.901, 4.02, 3.832, 2.19, 1.854, 2.125, 1.782, 3.464, 5.403, 7.149, 7.864, 8.814, 9.627, 7.926, 5.356, 4.316, 5.023, 6.285, 6.723, 5.538, 4.128, 2.503, 2.416, 2.824, 2.744, 2.788, 2.626, 2.369, 2.171, 2.247, 1.501, 3.824, 3.96, 3.852, 4.239, 5.9, 7.701, 7.595, 6.989, 6.601, 5.423, 5.061, 6.622, 6.83, 6.317, 6.789, 8.613, 8.614, 7.598, 7.798, 8.792, 8.805, 8.209, 8.607, 9.646, 8.815, 7.616, 8.288, 7.754, 8.11, 10.7, 11.903, 10.809, 9.563, 10.003, 11.357, 12.406, 14.332, 16.436, 16.537, 15.153, 14.207, 13.892, 13.798, 14.125, 15.188, 16.357, 16.353, 15.419, 16.842, 19.081, 19.278, 18.223, 17.265, 15.179, 10.136, 3.523, 2.674, 5.747, 3.557, 2.319, 3.666, 2.55, 2.711, 2.111, 1.302, 2.016, 3.382, 3.422, 2.992, 2.832, 2.198, 2.157, 1.454, 1.712, 2.063, 1.859, 1.387, 1.767, 2.579, 3.365, 3.291, 3.4], [6.246, 5.779, 5.963, 5.999, 5.618, 5.331, 5.216, 6.655, 6.117, 6.518, 5.602, 6.003, 8.143, 6.685, 3.35, 2.606, 2.075, 1.894, 0.0, 1.985, 1.942, 3.129, 3.102, 2.729, 2.671, 2.11, 2.827, 3.577, 3.948, 3.646, 3.227, 3.106, 1.988, 1.686, 2.797, 2.52, 2.429, 2.951, 3.281, 2.342, 2.442, 4.125, 5.78, 6.53, 7.531, 8.263, 6.577, 4.338, 3.824, 4.746, 5.563, 5.882, 5.143, 3.979, 2.359, 2.012, 2.136, 1.984, 2.409, 2.94, 2.514, 2.591, 2.488, 2.685, 5.182, 5.372, 5.28, 5.637, 7.292, 9.163, 9.034, 8.434, 7.983, 6.815, 6.406, 7.936, 8.246, 7.57, 8.131, 10.048, 10.047, 9.027, 9.223, 10.191, 10.2, 9.577, 10.031, 11.087, 10.249, 9.026, 9.7, 9.208, 9.553, 12.162, 13.331, 12.241, 10.998, 11.444, 12.806, 13.839, 15.774, 17.877, 17.985, 16.614, 15.662, 15.32, 15.223, 15.547, 16.618, 17.784, 17.79, 16.855, 18.288, 20.532, 20.71, 19.644, 18.724, 16.604, 11.588, 4.791, 2.606, 4.484, 2.896, 3.652, 5.024, 3.917, 3.982, 3.494, 2.221, 2.303, 3.974, 3.803, 3.364, 3.292, 3.169, 2.36, 1.468, 1.329, 2.068, 1.931, 1.303, 1.833, 1.591, 2.33, 2.509, 2.2], [5.785, 5.283, 5.054, 5.322, 5.171, 4.778, 4.089, 5.165, 4.632, 5.042, 4.164, 4.565, 6.678, 5.121, 2.134, 1.768, 2.506, 3.245, 1.985, 0.0, 1.422, 2.573, 2.181, 1.684, 1.63, 2.395, 3.618, 4.412, 4.786, 4.662, 4.174, 3.764, 2.814, 1.504, 1.693, 2.349, 3.697, 4.231, 4.606, 3.393, 2.0, 2.763, 4.501, 5.147, 5.865, 6.589, 5.305, 3.747, 4.024, 4.698, 4.953, 5.264, 4.792, 4.271, 3.147, 2.416, 2.282, 2.198, 3.063, 3.721, 3.481, 3.473, 3.268, 4.08, 6.879, 6.987, 6.791, 7.222, 8.881, 10.74, 10.609, 10.008, 9.565, 8.365, 7.602, 9.339, 9.771, 9.051, 9.716, 11.565, 11.561, 10.55, 10.75, 11.743, 11.751, 11.169, 11.653, 12.678, 11.812, 10.621, 11.24, 10.741, 11.08, 13.659, 14.837, 13.735, 12.499, 12.967, 14.327, 15.332, 17.274, 19.371, 19.49, 18.133, 17.167, 16.795, 16.738, 17.055, 18.114, 19.296, 19.297, 18.37, 19.802, 22.045, 22.253, 21.145, 20.257, 18.101, 13.129, 6.581, 3.196, 3.733, 2.644, 5.211, 6.574, 5.104, 5.416, 5.035, 3.773, 3.781, 5.276, 5.052, 4.524, 4.745, 4.745, 3.905, 2.797, 2.766, 3.33, 3.167, 2.855, 3.387, 2.036, 2.03, 2.388, 1.656], [6.45, 5.949, 5.718, 5.974, 5.918, 5.471, 4.819, 5.005, 4.489, 4.878, 4.08, 4.54, 6.514, 5.086, 2.623, 1.582, 2.526, 3.4, 1.942, 1.422, 0.0, 1.982, 1.802, 1.794, 1.99, 2.898, 3.955, 4.73, 5.096, 4.933, 4.452, 4.254, 3.278, 1.911, 2.255, 2.722, 3.754, 4.29, 4.61, 3.493, 2.7, 3.578, 5.284, 5.84, 6.448, 6.82, 6.145, 4.416, 4.598, 5.439, 5.632, 5.918, 5.514, 4.856, 3.366, 2.771, 2.29, 2.091, 2.425, 3.3, 2.925, 3.185, 3.406, 4.273, 6.959, 7.158, 6.953, 7.259, 8.884, 10.761, 10.659, 10.053, 9.609, 8.361, 7.923, 9.53, 9.934, 9.147, 9.814, 11.692, 11.765, 10.703, 10.867, 11.836, 11.903, 11.286, 11.82, 12.908, 12.041, 10.794, 11.344, 10.919, 11.295, 13.881, 15.019, 13.921, 12.706, 13.144, 14.489, 15.548, 17.416, 19.525, 19.657, 18.324, 17.398, 16.979, 16.988, 17.229, 18.327, 19.494, 19.508, 18.56, 20.015, 22.262, 22.479, 21.331, 20.483, 18.277, 13.364, 6.505, 3.648, 4.489, 3.443, 5.395, 6.689, 5.341, 5.635, 5.148, 3.896, 3.748, 5.182, 5.125, 4.636, 4.828, 4.814, 3.985, 2.785, 2.486, 3.357, 3.15, 2.827, 3.448, 2.05, 2.59, 3.045, 2.271], [7.521, 7.023, 6.793, 7.126, 6.958, 6.517, 5.705, 4.279, 4.2, 4.152, 4.041, 4.57, 5.459, 4.599, 3.544, 2.505, 3.358, 4.459, 3.129, 2.573, 1.982, 0.0, 1.626, 2.262, 2.611, 3.589, 4.573, 5.405, 5.717, 5.565, 5.343, 5.095, 4.077, 2.612, 2.787, 3.662, 4.618, 5.297, 5.436, 4.388, 3.8, 3.906, 5.554, 6.338, 6.567, 6.407, 6.686, 5.486, 5.503, 6.335, 6.689, 6.994, 6.594, 5.787, 4.157, 3.752, 3.084, 2.36, 3.186, 3.845, 3.909, 3.88, 4.086, 5.397, 7.943, 8.285, 8.233, 8.516, 10.142, 12.034, 11.928, 11.333, 10.884, 9.574, 8.806, 10.718, 11.146, 10.424, 11.012, 12.966, 13.0, 11.973, 12.145, 13.116, 13.144, 12.532, 12.999, 14.068, 13.259, 11.915, 12.617, 12.165, 12.497, 15.144, 16.321, 15.202, 13.958, 14.403, 15.748, 16.799, 18.707, 20.815, 20.948, 19.575, 18.651, 18.311, 18.214, 18.508, 19.579, 20.75, 20.749, 19.812, 21.259, 23.494, 23.63, 22.612, 21.695, 19.577, 14.542, 7.496, 4.418, 5.377, 4.633, 6.469, 8.002, 6.381, 6.558, 6.262, 5.037, 4.776, 6.463, 6.348, 5.856, 6.094, 6.05, 5.125, 3.873, 3.418, 3.942, 3.871, 3.92, 4.619, 2.811, 3.497, 3.846, 2.988], [6.317, 5.829, 5.508, 5.902, 5.943, 5.294, 4.394, 4.172, 3.819, 4.05, 3.774, 4.032, 5.619, 4.425, 2.905, 2.105, 3.354, 4.317, 3.102, 2.181, 1.802, 1.626, 0.0, 1.281, 2.163, 3.222, 4.052, 4.88, 5.272, 5.087, 4.842, 4.678, 3.503, 2.12, 2.011, 2.701, 3.942, 4.725, 4.737, 3.758, 2.912, 2.672, 4.331, 5.003, 5.335, 5.706, 5.377, 4.318, 4.713, 5.481, 5.52, 5.72, 5.523, 4.965, 3.518, 3.313, 2.474, 2.33, 3.497, 3.952, 4.027, 3.977, 3.996, 5.216, 8.051, 8.032, 7.821, 8.104, 9.729, 11.622, 11.515, 10.92, 10.471, 9.195, 8.357, 10.333, 10.818, 10.041, 10.647, 12.576, 12.59, 11.574, 11.732, 12.703, 12.824, 12.202, 12.739, 13.833, 12.976, 11.582, 12.269, 11.854, 12.141, 14.827, 15.977, 14.799, 13.563, 14.031, 15.376, 16.396, 18.304, 20.411, 20.604, 19.258, 18.336, 17.967, 17.876, 18.114, 19.178, 20.352, 20.361, 19.479, 20.981, 23.217, 23.324, 22.313, 21.396, 19.261, 14.229, 7.782, 3.863, 4.384, 3.822, 6.4, 7.662, 5.923, 6.241, 6.031, 4.793, 4.815, 6.197, 5.95, 5.443, 5.681, 5.637, 4.739, 3.558, 3.223, 3.618, 3.537, 3.716, 4.237, 2.482, 3.085, 3.504, 2.558], [5.401, 4.901, 4.59, 5.093, 5.134, 4.404, 3.59, 4.288, 3.765, 4.137, 3.303, 3.61, 5.744, 4.439, 2.046, 1.629, 2.659, 4.103, 2.729, 1.684, 1.794, 2.262, 1.281, 0.0, 1.53, 2.458, 3.481, 4.453, 4.775, 4.656, 4.547, 4.222, 3.004, 1.617, 1.381, 2.111, 3.848, 4.683, 4.578, 3.631, 2.2, 2.089, 3.737, 4.309, 4.889, 5.627, 4.748, 3.437, 3.988, 4.709, 4.643, 4.819, 4.662, 4.227, 3.102, 2.622, 2.357, 1.93, 3.566, 4.332, 4.139, 3.982, 3.509, 5.03, 7.824, 7.821, 7.694, 7.977, 9.602, 11.495, 11.388, 10.794, 10.344, 9.063, 8.208, 10.21, 10.695, 9.933, 10.528, 12.441, 12.464, 11.443, 11.606, 12.576, 12.685, 12.053, 12.587, 13.681, 12.829, 11.435, 12.134, 11.719, 12.018, 14.701, 15.844, 14.671, 13.434, 13.895, 15.239, 16.273, 18.176, 20.284, 20.471, 19.132, 18.208, 17.833, 17.747, 17.982, 19.05, 20.225, 20.233, 19.342, 20.841, 23.083, 23.189, 22.165, 21.267, 19.113, 14.102, 7.464, 3.284, 3.436, 3.068, 6.164, 7.527, 5.761, 6.086, 5.826, 4.616, 4.563, 6.093, 5.832, 5.322, 5.557, 5.51, 4.607, 3.393, 2.992, 3.392, 3.307, 3.454, 4.082, 2.278, 2.298, 2.757, 1.752], [5.554, 5.08, 4.824, 5.212, 5.124, 4.565, 3.865, 4.445, 3.852, 4.407, 3.677, 4.03, 6.101, 4.792, 1.586, 1.721, 2.42, 3.982, 2.671, 1.63, 1.99, 2.611, 2.163, 1.53, 0.0, 1.653, 3.061, 3.79, 3.925, 3.985, 4.185, 3.989, 2.872, 1.619, 1.262, 2.031, 3.603, 4.466, 4.309, 3.429, 2.161, 2.497, 4.218, 4.941, 5.615, 6.356, 5.07, 3.538, 3.716, 4.473, 4.763, 5.036, 4.674, 3.971, 2.755, 2.479, 2.401, 1.995, 3.099, 3.734, 3.625, 3.281, 2.875, 4.483, 6.993, 7.729, 7.652, 7.977, 9.565, 11.456, 11.35, 10.76, 10.346, 8.983, 7.954, 9.907, 10.485, 9.723, 10.469, 12.415, 12.419, 11.392, 11.591, 12.559, 12.495, 11.802, 12.128, 13.133, 12.277, 11.377, 12.062, 11.48, 11.924, 14.425, 15.683, 14.606, 13.356, 13.793, 15.138, 16.207, 18.126, 20.233, 20.336, 18.856, 17.89, 17.54, 17.58, 17.902, 18.975, 20.144, 20.133, 19.2, 20.35, 22.643, 23.048, 21.951, 21.0, 18.916, 13.929, 7.093, 2.725, 3.371, 2.827, 5.685, 7.32, 5.761, 5.964, 5.721, 4.504, 4.468, 6.125, 5.843, 5.33, 5.578, 5.519, 4.587, 3.403, 2.806, 2.857, 2.793, 3.333, 4.098, 2.056, 1.6, 1.965, 1.392], [4.564, 4.183, 4.549, 4.577, 4.049, 3.75, 3.878, 5.424, 4.896, 5.316, 4.514, 4.887, 6.953, 5.663, 2.276, 1.988, 1.451, 3.029, 2.11, 2.395, 2.898, 3.589, 3.222, 2.458, 1.653, 0.0, 1.802, 2.533, 2.756, 2.814, 3.038, 2.81, 1.7, 1.771, 1.778, 1.492, 2.473, 3.278, 3.063, 2.429, 1.671, 2.859, 4.526, 5.364, 6.324, 7.163, 5.265, 2.861, 2.35, 3.101, 4.018, 4.359, 3.449, 2.577, 1.408, 1.448, 2.258, 2.304, 3.605, 4.046, 3.761, 2.667, 2.359, 3.572, 6.145, 6.617, 6.536, 6.835, 8.449, 10.341, 10.234, 9.644, 9.202, 7.84, 6.803, 8.819, 9.361, 8.604, 9.33, 11.285, 11.303, 10.276, 10.464, 11.434, 11.36, 10.747, 11.128, 12.133, 11.33, 10.233, 10.918, 10.336, 10.808, 13.302, 14.579, 13.496, 12.25, 12.683, 14.028, 15.097, 17.011, 19.118, 19.221, 17.74, 16.817, 16.513, 16.469, 16.8, 17.871, 19.03, 19.029, 18.095, 19.392, 21.649, 21.938, 20.863, 19.904, 17.818, 12.812, 6.086, 1.512, 3.177, 1.791, 4.702, 6.214, 4.62, 4.807, 4.584, 3.456, 3.924, 5.63, 5.296, 4.967, 4.787, 4.422, 3.71, 2.621, 1.915, 1.776, 1.895, 2.475, 3.21, 2.135, 1.279, 1.105, 1.407], [4.485, 4.257, 4.933, 4.766, 4.022, 3.815, 4.836, 7.075, 6.543, 6.89, 6.071, 6.445, 8.568, 7.311, 3.9, 3.368, 1.968, 2.575, 2.827, 3.618, 3.955, 4.573, 4.052, 3.481, 3.061, 1.802, 0.0, 1.252, 1.63, 1.551, 1.616, 1.841, 1.609, 2.574, 2.984, 2.249, 1.771, 1.861, 1.778, 1.805, 2.162, 4.063, 5.465, 6.573, 7.551, 8.473, 5.993, 3.385, 2.357, 2.823, 4.129, 4.526, 3.389, 1.939, 1.154, 2.012, 2.585, 3.117, 4.272, 4.466, 4.225, 2.698, 2.63, 3.361, 5.021, 5.1, 4.953, 5.243, 6.866, 8.758, 8.651, 8.06, 7.61, 6.248, 5.266, 7.334, 7.829, 7.072, 7.738, 9.693, 9.72, 8.693, 8.872, 9.842, 9.827, 9.215, 9.681, 10.754, 9.939, 8.642, 9.327, 8.862, 9.223, 11.823, 13.012, 11.922, 10.678, 11.127, 12.472, 13.52, 15.428, 17.535, 17.65, 16.254, 15.33, 14.993, 14.91, 15.227, 16.302, 17.47, 17.47, 16.591, 17.976, 20.209, 20.384, 19.323, 18.383, 16.279, 11.291, 5.228, 1.152, 4.359, 2.477, 3.517, 4.744, 3.278, 3.355, 3.101, 2.975, 4.253, 5.579, 5.407, 4.978, 4.608, 3.787, 3.513, 3.163, 2.281, 1.619, 2.004, 2.577, 3.258, 2.823, 2.709, 2.145, 2.738], [4.45, 4.32, 5.072, 4.673, 3.783, 3.7, 5.738, 7.86, 7.313, 7.727, 6.88, 7.256, 9.4, 8.11, 4.622, 4.179, 2.722, 3.092, 3.577, 4.412, 4.73, 5.405, 4.88, 4.453, 3.79, 2.533, 1.252, 0.0, 1.01, 1.048, 1.289, 1.602, 2.139, 3.381, 3.746, 3.062, 1.978, 1.791, 1.973, 2.149, 2.977, 4.91, 6.356, 7.534, 8.529, 9.487, 6.769, 4.08, 2.941, 3.216, 4.524, 4.972, 3.575, 2.226, 1.835, 2.731, 3.234, 3.78, 4.749, 4.942, 4.708, 3.075, 3.003, 3.558, 4.638, 4.664, 4.171, 4.403, 6.026, 7.918, 7.811, 7.221, 6.778, 5.415, 4.379, 6.423, 6.947, 6.19, 6.919, 8.86, 8.88, 7.853, 8.039, 9.01, 8.945, 8.333, 8.766, 9.765, 8.982, 7.809, 8.503, 7.967, 8.515, 10.934, 12.168, 11.082, 9.834, 10.27, 11.615, 12.68, 14.588, 16.695, 16.813, 15.362, 14.412, 14.107, 14.062, 14.395, 15.462, 16.62, 16.615, 15.758, 17.078, 19.291, 19.54, 18.466, 17.506, 15.445, 10.587, 5.134, 1.735, 5.156, 3.311, 3.506, 4.199, 3.179, 3.233, 2.861, 3.434, 4.897, 6.176, 5.984, 5.513, 5.129, 4.318, 4.073, 3.825, 2.911, 2.101, 2.508, 3.188, 3.858, 3.359, 3.394, 2.835, 3.55], [4.618, 4.549, 5.317, 4.899, 3.699, 3.842, 6.145, 7.92, 7.393, 7.887, 7.079, 7.494, 9.592, 8.276, 4.667, 4.459, 2.944, 3.607, 3.948, 4.786, 5.096, 5.717, 5.272, 4.775, 3.925, 2.756, 1.63, 1.01, 0.0, 1.146, 1.387, 1.511, 2.537, 3.769, 4.07, 3.42, 2.469, 2.154, 2.43, 2.807, 3.312, 5.251, 6.798, 7.923, 8.889, 9.83, 7.174, 4.475, 3.179, 3.538, 4.92, 5.299, 3.852, 2.336, 2.283, 2.973, 3.626, 4.139, 5.034, 5.175, 5.009, 3.381, 3.278, 3.969, 4.477, 4.586, 4.125, 4.337, 5.942, 7.834, 7.728, 7.138, 6.704, 5.342, 4.294, 6.266, 6.844, 6.081, 6.889, 8.787, 8.797, 7.77, 7.966, 8.936, 8.853, 8.184, 8.532, 9.527, 8.728, 7.735, 8.465, 8.002, 8.437, 10.847, 12.086, 11.014, 9.773, 10.172, 11.517, 12.586, 14.504, 16.612, 16.714, 15.22, 14.255, 13.951, 13.958, 14.288, 15.36, 16.516, 16.534, 15.742, 16.897, 19.113, 19.421, 18.338, 17.38, 15.404, 10.471, 5.406, 1.884, 5.513, 3.613, 3.343, 4.133, 3.132, 3.248, 2.895, 3.988, 5.396, 6.724, 6.554, 6.116, 5.742, 4.916, 4.604, 4.311, 3.383, 2.548, 2.91, 3.681, 4.389, 3.827, 3.437, 2.975, 3.738], [4.944, 4.85, 5.63, 5.157, 4.136, 4.193, 6.082, 7.974, 7.387, 7.946, 7.159, 7.563, 9.638, 8.259, 4.619, 4.378, 2.929, 2.972, 3.646, 4.662, 4.933, 5.565, 5.087, 4.656, 3.985, 2.814, 1.551, 1.048, 1.146, 0.0, 1.248, 1.782, 2.148, 3.508, 4.017, 3.372, 2.171, 1.627, 1.887, 2.136, 3.103, 5.215, 6.727, 7.902, 8.868, 9.826, 7.13, 4.434, 3.114, 3.573, 4.882, 5.381, 4.017, 2.335, 2.037, 2.794, 3.323, 3.636, 4.462, 4.552, 4.418, 2.812, 2.686, 3.259, 4.118, 4.391, 4.071, 4.305, 5.95, 7.837, 7.711, 7.121, 6.692, 5.336, 4.282, 6.254, 6.832, 6.069, 6.82, 8.775, 8.78, 7.753, 7.952, 8.92, 8.841, 8.149, 8.479, 9.466, 8.646, 7.723, 8.408, 7.887, 8.387, 10.78, 12.045, 10.964, 9.714, 10.151, 11.496, 12.565, 14.488, 16.595, 16.698, 15.207, 14.233, 13.901, 13.951, 14.268, 15.343, 16.505, 16.493, 15.637, 16.758, 19.065, 19.417, 18.338, 17.367, 15.298, 10.443, 4.8, 1.866, 5.454, 3.443, 3.009, 3.86, 2.803, 2.875, 2.545, 3.311, 4.755, 6.066, 5.888, 5.417, 5.017, 4.23, 4.008, 3.758, 2.962, 2.161, 2.338, 3.14, 3.758, 3.411, 3.278, 2.966, 3.744], [4.679, 4.587, 5.335, 4.876, 3.765, 3.912, 6.131, 8.44, 7.91, 8.308, 7.397, 7.804, 9.943, 8.485, 5.032, 4.368, 2.792, 2.572, 3.227, 4.174, 4.452, 5.343, 4.842, 4.547, 4.185, 3.038, 1.616, 1.289, 1.387, 1.248, 0.0, 1.155, 1.893, 3.151, 4.037, 3.391, 1.762, 1.345, 1.844, 2.026, 2.991, 5.276, 6.779, 7.958, 8.945, 9.906, 7.187, 4.491, 3.089, 3.419, 4.87, 5.181, 3.721, 2.224, 1.971, 2.691, 3.113, 3.48, 4.302, 4.522, 4.288, 2.986, 3.119, 3.377, 4.302, 4.011, 3.554, 3.802, 5.471, 7.353, 7.218, 6.618, 6.19, 4.843, 3.914, 5.842, 6.358, 5.628, 6.309, 8.251, 8.281, 7.247, 7.43, 8.401, 8.357, 7.748, 8.226, 9.313, 8.46, 7.201, 7.903, 7.569, 7.826, 10.331, 11.568, 10.476, 9.24, 9.673, 11.018, 12.074, 13.982, 16.089, 16.206, 14.768, 13.839, 13.519, 13.475, 13.789, 14.856, 16.028, 16.06, 15.254, 16.56, 18.746, 18.98, 17.875, 16.927, 14.914, 9.919, 4.887, 1.884, 5.606, 3.447, 3.005, 3.58, 2.598, 2.683, 2.282, 2.929, 4.318, 5.598, 5.356, 4.892, 4.521, 3.736, 3.462, 3.247, 2.534, 1.992, 2.298, 2.65, 3.227, 3.096, 3.711, 3.1, 3.717], [4.328, 4.259, 5.028, 4.576, 3.433, 3.614, 5.812, 8.164, 7.633, 8.01, 7.091, 7.517, 9.653, 8.253, 4.8, 4.091, 2.447, 3.09, 3.106, 3.764, 4.254, 5.095, 4.678, 4.222, 3.989, 2.81, 1.841, 1.602, 1.511, 1.782, 1.155, 0.0, 1.93, 3.007, 3.757, 3.08, 1.992, 2.022, 2.671, 2.676, 2.693, 4.964, 6.424, 7.592, 8.592, 9.571, 6.834, 4.132, 2.788, 3.13, 4.489, 4.896, 3.45, 2.088, 1.933, 2.575, 3.042, 3.703, 4.787, 4.914, 4.774, 3.628, 3.699, 3.956, 4.658, 4.367, 3.83, 4.159, 5.908, 7.734, 7.558, 6.905, 6.541, 5.255, 4.384, 6.148, 6.689, 6.113, 6.667, 8.528, 8.565, 7.528, 7.707, 8.678, 8.695, 8.098, 8.565, 9.654, 8.789, 7.515, 8.176, 7.75, 8.087, 10.639, 11.842, 10.759, 9.521, 9.959, 11.304, 12.365, 14.263, 16.37, 16.48, 15.059, 14.152, 13.837, 13.77, 14.076, 15.149, 16.31, 16.327, 15.448, 16.814, 19.039, 19.259, 18.183, 17.199, 15.142, 10.21, 5.282, 1.656, 5.3, 3.076, 3.464, 3.886, 2.964, 3.06, 2.716, 3.344, 4.608, 5.935, 5.587, 5.127, 4.811, 4.026, 3.605, 3.382, 2.938, 2.589, 2.89, 2.845, 3.378, 3.049, 3.407, 2.809, 3.379], [4.878, 4.472, 4.802, 4.747, 4.186, 4.038, 4.66, 6.91, 6.385, 6.758, 5.821, 6.225, 8.377, 6.937, 3.498, 2.932, 1.899, 2.445, 1.988, 2.814, 3.278, 4.077, 3.503, 3.004, 2.872, 1.7, 1.609, 2.139, 2.537, 2.148, 1.893, 1.93, 0.0, 1.847, 2.506, 1.78, 1.903, 2.321, 2.491, 1.737, 1.745, 3.71, 5.206, 6.322, 7.314, 8.279, 5.66, 3.214, 2.47, 3.226, 4.298, 4.644, 3.659, 2.423, 1.31, 1.459, 1.719, 2.179, 3.462, 3.762, 3.474, 2.699, 2.405, 3.262, 5.254, 5.295, 5.048, 5.338, 7.053, 8.891, 8.75, 8.148, 7.722, 6.429, 5.526, 7.479, 7.95, 7.263, 7.839, 9.781, 9.818, 8.788, 8.96, 9.93, 9.958, 9.336, 9.84, 10.929, 10.074, 8.783, 9.434, 8.956, 9.311, 11.925, 13.108, 12.013, 10.777, 11.215, 12.56, 13.61, 15.518, 17.625, 17.737, 16.356, 15.433, 15.098, 15.012, 15.337, 16.392, 17.565, 17.575, 16.656, 18.081, 20.32, 20.502, 19.441, 18.496, 16.391, 11.371, 5.479, 1.744, 4.036, 2.248, 3.86, 4.825, 3.414, 3.568, 3.33, 2.535, 3.359, 4.878, 4.454, 4.021, 3.732, 3.287, 2.507, 2.239, 1.666, 1.443, 1.629, 1.843, 2.171, 2.026, 2.262, 1.923, 2.157], [5.562, 5.091, 5.026, 5.252, 4.956, 4.62, 4.161, 5.637, 5.107, 5.484, 4.528, 4.939, 7.104, 5.691, 2.458, 1.811, 2.162, 2.901, 1.686, 1.504, 1.911, 2.612, 2.12, 1.617, 1.619, 1.771, 2.574, 3.381, 3.769, 3.508, 3.151, 3.007, 1.847, 0.0, 1.371, 1.932, 2.823, 3.369, 3.537, 2.342, 1.885, 2.913, 4.523, 5.278, 6.061, 6.956, 5.449, 3.58, 3.229, 4.118, 4.775, 5.128, 4.482, 3.421, 2.133, 1.734, 1.425, 1.352, 2.701, 3.389, 3.225, 2.977, 2.675, 3.766, 6.546, 6.554, 6.321, 6.604, 8.251, 10.133, 10.015, 9.42, 8.976, 7.649, 6.779, 8.781, 9.265, 8.49, 9.112, 11.054, 11.091, 10.07, 10.233, 11.203, 11.254, 10.629, 11.159, 12.254, 11.403, 10.032, 10.713, 10.29, 10.605, 13.271, 14.422, 13.291, 12.055, 12.498, 13.843, 14.888, 16.796, 18.903, 19.049, 17.702, 16.779, 16.411, 16.317, 16.609, 17.67, 18.848, 18.849, 17.931, 19.427, 21.663, 21.802, 20.752, 19.839, 17.703, 12.694, 6.355, 2.301, 3.602, 2.625, 4.892, 6.106, 4.449, 4.653, 4.477, 3.293, 3.429, 4.917, 4.497, 3.955, 4.196, 4.145, 3.245, 2.268, 2.071, 2.354, 2.258, 2.296, 2.811, 1.192, 1.911, 2.27, 1.438], [5.007, 4.526, 4.349, 4.752, 4.528, 4.05, 3.36, 4.484, 3.975, 4.344, 3.56, 3.877, 5.988, 4.624, 1.706, 1.813, 2.474, 4.02, 2.797, 1.693, 2.255, 2.787, 2.011, 1.381, 1.262, 1.778, 2.984, 3.746, 4.07, 4.017, 4.037, 3.757, 2.506, 1.371, 0.0, 1.469, 3.449, 4.279, 4.297, 3.212, 1.998, 1.905, 3.52, 4.324, 5.099, 5.94, 4.407, 3.011, 3.002, 3.762, 4.19, 4.518, 4.015, 3.264, 2.495, 2.066, 1.997, 2.155, 3.649, 4.374, 4.166, 3.742, 3.213, 4.774, 7.61, 7.748, 7.482, 7.777, 9.395, 11.287, 11.18, 10.59, 10.144, 8.782, 7.88, 9.798, 10.33, 9.573, 10.272, 12.227, 12.256, 11.222, 11.406, 12.376, 12.328, 11.726, 12.179, 13.273, 12.415, 11.177, 11.86, 11.303, 11.757, 14.279, 15.539, 14.446, 13.211, 13.648, 14.993, 16.049, 17.957, 20.064, 20.177, 18.72, 17.807, 17.487, 17.451, 17.794, 18.847, 20.002, 20.011, 19.078, 20.441, 22.677, 22.953, 21.856, 20.888, 18.804, 13.817, 7.497, 2.638, 2.961, 2.326, 6.01, 7.215, 5.635, 5.816, 5.674, 4.491, 4.611, 5.995, 5.724, 5.142, 5.354, 5.323, 4.418, 3.375, 2.947, 3.058, 3.019, 3.436, 3.991, 1.882, 1.752, 2.197, 1.423], [4.003, 3.501, 3.563, 3.835, 3.646, 3.07, 3.407, 5.443, 4.921, 5.291, 4.386, 4.769, 6.91, 5.614, 2.33, 2.26, 2.361, 3.832, 2.52, 2.349, 2.722, 3.662, 2.701, 2.111, 2.031, 1.492, 2.249, 3.062, 3.42, 3.372, 3.391, 3.08, 1.78, 1.932, 1.469, 0.0, 2.635, 3.565, 3.364, 2.737, 1.385, 2.328, 3.815, 4.629, 5.652, 6.649, 4.319, 2.139, 2.092, 2.814, 3.207, 3.529, 3.038, 2.354, 1.835, 1.88, 2.265, 2.656, 4.236, 4.888, 4.572, 3.79, 3.178, 4.62, 6.934, 6.878, 6.527, 6.81, 8.436, 10.329, 10.222, 9.627, 9.178, 7.909, 7.173, 9.114, 9.559, 8.803, 9.359, 11.289, 11.303, 10.287, 10.439, 11.41, 11.569, 10.989, 11.528, 12.622, 11.76, 10.358, 10.982, 10.605, 10.853, 13.544, 14.701, 13.519, 12.27, 12.749, 14.094, 15.118, 17.012, 19.119, 19.317, 17.996, 17.083, 16.692, 16.628, 16.872, 17.942, 19.06, 19.079, 18.203, 19.714, 21.968, 22.057, 21.052, 20.129, 17.99, 12.952, 7.037, 2.264, 2.778, 1.762, 5.366, 6.49, 4.851, 5.083, 4.883, 3.975, 4.445, 5.866, 5.257, 4.828, 4.779, 4.566, 3.68, 3.06, 2.619, 2.361, 2.62, 3.033, 3.102, 2.154, 2.006, 1.87, 1.574], [4.863, 4.501, 5.081, 4.89, 4.281, 4.085, 5.424, 7.799, 7.264, 7.637, 6.739, 7.117, 9.27, 7.91, 4.469, 3.815, 2.563, 2.19, 2.429, 3.697, 3.754, 4.618, 3.942, 3.848, 3.603, 2.473, 1.771, 1.978, 2.469, 2.171, 1.762, 1.992, 1.903, 2.823, 3.449, 2.635, 0.0, 1.388, 1.766, 1.792, 2.475, 4.676, 6.092, 7.201, 8.211, 9.159, 6.47, 3.771, 2.823, 3.269, 4.453, 4.862, 3.712, 2.538, 1.622, 2.656, 2.936, 3.156, 3.984, 3.877, 3.688, 3.091, 3.163, 3.002, 4.528, 4.374, 4.165, 4.456, 6.077, 7.969, 7.862, 7.268, 6.819, 5.465, 4.896, 6.626, 7.077, 6.304, 6.953, 8.901, 8.938, 7.914, 8.08, 9.051, 9.066, 8.448, 8.953, 10.047, 9.229, 7.869, 8.535, 8.115, 8.452, 11.082, 12.24, 11.134, 9.897, 10.343, 11.688, 12.731, 14.639, 16.747, 16.866, 15.513, 14.59, 14.23, 14.131, 14.49, 15.544, 16.69, 16.689, 15.791, 17.24, 19.48, 19.657, 18.576, 17.658, 15.533, 10.521, 4.816, 1.802, 4.894, 3.056, 3.184, 4.004, 3.02, 2.988, 2.544, 2.319, 3.533, 4.89, 4.565, 4.147, 3.852, 3.21, 2.503, 2.182, 1.751, 1.597, 1.923, 2.114, 2.313, 2.377, 3.273, 2.712, 3.209], [5.484, 5.382, 6.069, 5.695, 4.701, 4.769, 6.3, 8.684, 8.154, 8.538, 7.627, 8.03, 10.173, 8.715, 5.268, 4.552, 3.032, 1.854, 2.951, 4.231, 4.29, 5.297, 4.725, 4.683, 4.466, 3.278, 1.861, 1.791, 2.154, 1.627, 1.345, 2.022, 2.321, 3.369, 4.279, 3.565, 1.388, 0.0, 1.055, 1.529, 3.233, 5.508, 6.964, 8.082, 9.09, 10.051, 7.379, 4.695, 3.373, 3.98, 5.273, 5.761, 4.428, 2.822, 2.191, 2.95, 3.365, 3.576, 3.847, 3.806, 3.57, 2.791, 2.954, 2.416, 3.628, 3.558, 3.311, 3.568, 5.183, 7.075, 6.968, 6.374, 5.925, 4.569, 3.993, 5.667, 6.15, 5.371, 6.064, 8.007, 8.044, 7.019, 7.186, 8.157, 8.151, 7.533, 8.064, 9.158, 8.303, 7.0, 7.641, 7.181, 7.557, 10.158, 11.331, 10.234, 8.998, 9.453, 10.798, 11.832, 13.74, 15.847, 15.969, 14.589, 13.667, 13.297, 13.231, 13.561, 14.614, 15.791, 15.796, 14.879, 16.326, 18.554, 18.765, 17.648, 16.743, 14.61, 9.641, 4.004, 2.039, 5.806, 3.673, 2.181, 3.021, 1.934, 1.924, 1.563, 2.044, 3.603, 4.646, 4.556, 4.056, 3.808, 2.946, 2.868, 2.687, 2.226, 1.93, 2.093, 2.376, 2.614, 2.958, 4.009, 3.397, 4.0], [5.577, 5.457, 6.13, 5.845, 4.986, 4.882, 6.199, 8.455, 7.923, 8.3, 7.365, 7.755, 9.922, 8.548, 5.159, 4.51, 3.123, 2.125, 3.281, 4.606, 4.61, 5.436, 4.737, 4.578, 4.309, 3.063, 1.778, 1.973, 2.43, 1.887, 