[[0.0, 0.965, 1.75, 2.675, 2.836, 2.474, 2.24, 3.968, 5.601, 6.549, 7.047, 8.296, 8.58, 7.98, 6.913, 6.035, 5.318, 4.599, 5.886, 5.929, 5.682, 5.253, 4.446, 1.73, 2.125, 1.944, 3.039, 6.028, 8.816, 7.034, 8.976, 5.666, 8.311, 15.043, 14.82, 13.889, 14.553, 15.613, 15.326, 14.637, 14.353, 14.239, 13.138, 12.829, 12.831, 11.937, 11.126, 10.398, 10.124, 9.188, 8.902, 9.276, 9.793, 10.52, 11.319, 11.574, 11.683, 11.639, 9.382, 3.687, 3.014, 3.244, 2.471, 3.051, 3.25, 3.397, 4.125, 4.696, 3.948, 2.239, 3.316, 3.869, 3.585, 2.326, 2.657, 2.197, 2.291, 2.306, 2.753, 3.73, 6.32, 7.17, 6.522, 7.587, 3.694, 5.782, 7.819, 8.328, 11.667, 14.358, 15.324, 16.277, 16.057, 15.632, 16.144, 16.909, 17.869, 18.997, 19.385, 19.789, 20.575, 21.213, 22.659, 24.505, 25.127, 24.9, 25.635, 26.568, 27.723, 28.499, 27.876, 24.126, 21.066, 19.572, 18.995, 19.061, 16.62, 5.711, 2.006, 3.083, 6.09, 5.346, 11.9, 13.555, 15.071, 17.886, 18.5, 17.398, 16.156, 14.114, 14.906, 13.458, 10.241, 19.28, 25.716, 24.626, 23.08, 23.87, 24.883, 24.968, 25.389, 25.326, 24.264, 23.207, 22.656, 22.385, 22.166, 21.447, 21.227, 23.007, 23.863, 21.702, 22.537, 23.639, 23.027, 23.082, 24.481, 25.31, 25.047, 23.978, 21.208, 16.09, 18.228, 21.693, 22.759, 23.109, 22.963, 22.968, 23.233, 23.171, 23.04, 22.449, 22.241, 22.338, 22.449, 22.098, 22.214, 23.024, 20.694, 15.077, 11.347, 17.116, 13.484, 9.89, 8.462, 4.173, 3.838, 5.492, 3.821, 2.067, 2.47, 3.247, 3.174, 2.637, 4.886, 5.791, 4.914, 4.928, 5.105, 5.935, 5.168, 4.011, 3.608, 3.518, 2.436, 1.832, 1.961, 2.362, 3.272, 4.118, 3.791, 2.975, 2.134, 3.022, 5.232, 4.86, 5.174, 7.376, 8.982, 10.545, 11.648, 11.867, 15.127, 18.306, 13.587, 10.106, 11.141, 11.133, 9.515, 8.637], [0.965, 0.0, 1.336, 2.593, 2.866, 2.582, 2.776, 4.37, 5.903, 6.839, 7.426, 8.667, 8.959, 8.359, 7.204, 6.308, 5.574, 4.836, 6.112, 6.161, 6.011, 5.589, 4.731, 1.989, 1.891, 1.941, 2.64, 5.634, 8.421, 6.632, 8.582, 5.286, 8.792, 15.547, 15.268, 14.149, 14.808, 15.861, 15.594, 14.953, 14.723, 14.588, 13.388, 13.098, 13.088, 12.374, 11.577, 10.87, 10.68, 9.752, 9.385, 9.565, 10.127, 10.785, 11.569, 11.825, 11.939, 11.89, 9.63, 3.937, 2.962, 3.448, 2.68, 3.059, 3.655, 3.781, 4.394, 5.076, 4.629, 2.834, 3.497, 3.879, 3.535, 2.913, 3.173, 2.688, 2.387, 2.292, 2.41, 3.249, 5.926, 6.775, 6.121, 7.189, 3.381, 6.367, 8.352, 8.838, 12.037, 14.634, 15.594, 16.547, 16.351, 16.053, 16.524, 17.32, 18.278, 19.374, 19.712, 20.095, 20.874, 21.525, 22.937, 24.779, 25.397, 25.17, 25.905, 26.825, 28.012, 28.757, 28.143, 24.381, 21.34, 19.921, 19.27, 19.445, 16.992, 6.026, 2.485, 3.673, 5.691, 5.821, 12.537, 14.114, 15.614, 18.174, 18.942, 17.941, 16.815, 14.517, 15.168, 13.772, 10.512, 19.575, 26.04, 24.916, 23.357, 24.139, 25.145, 25.228, 25.654, 25.588, 24.515, 23.475, 22.932, 22.656, 22.462, 21.728, 21.652, 23.473, 24.164, 22.036, 22.838, 23.945, 23.326, 23.442, 24.855, 25.643, 25.351, 24.297, 21.569, 16.365, 18.536, 21.959, 23.09, 23.484, 23.33, 23.276, 23.568, 23.56, 23.38, 22.781, 22.52, 22.621, 22.742, 22.388, 22.597, 23.402, 21.05, 15.35, 11.598, 17.391, 13.744, 10.185, 8.75, 4.551, 4.435, 6.043, 4.455, 2.677, 2.997, 3.879, 3.752, 3.192, 5.308, 6.207, 5.191, 5.23, 5.559, 6.585, 5.853, 4.701, 4.247, 3.936, 2.845, 2.439, 2.484, 2.687, 3.536, 4.365, 4.083, 3.253, 2.636, 3.349, 5.087, 4.711, 5.279, 7.042, 8.588, 10.15, 11.254, 11.473, 14.733, 17.912, 13.193, 9.712, 10.746, 10.738, 9.12, 8.251], [1.75, 1.336, 0.0, 1.744, 2.06, 2.255, 3.146, 4.941, 6.667, 7.779, 8.633, 9.819, 10.116, 9.53, 7.825, 6.958, 6.285, 5.532, 6.673, 7.135, 7.055, 6.618, 5.825, 2.709, 1.511, 1.402, 1.768, 4.419, 7.207, 5.417, 7.367, 4.113, 9.318, 16.026, 15.839, 14.814, 15.528, 16.648, 16.395, 15.657, 15.378, 15.275, 14.128, 13.828, 13.812, 12.879, 12.067, 11.312, 10.924, 9.994, 9.794, 10.21, 10.716, 11.445, 12.303, 12.555, 12.626, 12.604, 10.386, 4.731, 2.203, 2.843, 1.892, 2.478, 3.378, 3.98, 5.244, 5.632, 4.428, 2.483, 3.084, 2.933, 2.624, 2.732, 3.31, 2.727, 1.859, 1.703, 1.591, 2.219, 4.711, 5.561, 4.916, 5.996, 2.519, 6.562, 8.7, 9.244, 12.605, 15.264, 16.274, 17.188, 16.963, 16.578, 17.079, 17.863, 18.833, 19.936, 20.322, 20.765, 21.621, 22.347, 23.598, 25.448, 26.04, 25.813, 26.567, 27.601, 28.789, 29.524, 28.907, 25.235, 22.153, 21.064, 20.129, 20.616, 18.134, 7.174, 2.769, 3.414, 4.481, 6.294, 12.565, 14.336, 16.038, 18.798, 19.47, 18.248, 16.809, 15.017, 15.859, 14.443, 11.321, 20.568, 27.106, 25.83, 24.019, 24.829, 25.913, 25.933, 26.386, 26.347, 25.258, 24.205, 23.685, 23.406, 23.28, 22.438, 22.166, 23.979, 24.78, 22.608, 23.601, 24.907, 24.345, 24.537, 25.931, 26.687, 26.335, 25.339, 22.616, 17.344, 19.159, 22.949, 24.177, 24.614, 24.416, 24.34, 24.577, 24.59, 24.34, 23.751, 23.228, 23.274, 23.374, 23.112, 23.622, 24.43, 22.065, 16.328, 12.486, 18.248, 14.45, 10.785, 9.361, 5.103, 4.364, 5.787, 4.41, 2.56, 3.116, 3.86, 3.71, 3.492, 5.836, 6.737, 5.83, 5.821, 6.078, 6.568, 5.806, 4.658, 4.3, 4.336, 3.0, 2.403, 2.87, 3.804, 4.54, 5.171, 5.023, 4.294, 2.925, 2.627, 4.133, 3.822, 4.409, 6.015, 7.373, 8.936, 10.039, 10.258, 13.518, 16.697, 11.978, 8.497, 9.532, 9.527, 7.922, 7.212], [2.675, 2.593, 1.744, 0.0, 1.033, 1.928, 3.328, 5.494, 7.514, 8.694, 9.658, 10.82, 11.15, 10.574, 8.49, 7.798, 7.012, 6.184, 7.331, 8.051, 7.995, 7.596, 6.809, 3.539, 2.215, 1.64, 2.243, 3.378, 6.168, 4.82, 6.324, 3.344, 9.475, 16.272, 16.074, 15.447, 16.304, 17.448, 17.2, 16.464, 16.074, 16.05, 14.971, 14.637, 14.621, 13.287, 12.254, 11.435, 10.455, 9.907, 10.305, 10.878, 11.285, 12.153, 13.091, 13.285, 13.288, 13.282, 11.096, 5.601, 1.373, 1.722, 1.189, 1.561, 3.248, 4.761, 6.249, 6.295, 3.833, 2.097, 2.054, 1.445, 1.322, 2.069, 3.386, 2.855, 2.075, 1.958, 1.713, 2.678, 4.125, 4.734, 4.053, 5.04, 2.073, 5.933, 8.493, 9.729, 13.114, 15.949, 16.976, 17.792, 17.549, 17.139, 17.455, 18.066, 19.121, 20.358, 21.002, 21.418, 22.375, 23.111, 24.308, 26.196, 26.756, 26.413, 27.248, 28.389, 29.522, 30.239, 29.624, 26.087, 22.978, 22.084, 21.101, 21.636, 19.108, 8.161, 3.008, 2.595, 3.451, 6.847, 11.732, 13.687, 15.777, 19.191, 19.459, 17.574, 15.832, 15.48, 16.653, 15.123, 12.172, 21.482, 27.95, 26.607, 24.728, 25.654, 26.634, 26.594, 27.049, 26.989, 25.89, 24.848, 24.405, 24.112, 24.051, 23.179, 22.385, 23.845, 25.228, 23.01, 24.32, 25.671, 25.212, 25.47, 26.84, 27.612, 27.216, 26.2, 23.538, 18.295, 19.963, 23.872, 25.156, 25.584, 25.347, 25.21, 25.438, 25.375, 25.148, 24.49, 23.925, 23.865, 23.889, 23.777, 24.415, 25.278, 22.991, 17.244, 13.396, 19.2, 15.306, 11.366, 9.759, 5.459, 3.637, 4.561, 3.649, 2.657, 2.806, 3.736, 3.637, 3.58, 6.179, 6.85, 6.451, 6.41, 6.355, 6.001, 5.055, 4.309, 4.577, 4.968, 3.622, 2.996, 3.799, 4.774, 5.544, 6.052, 5.984, 5.276, 3.559, 1.35, 2.937, 2.326, 2.878, 4.738, 6.33, 7.892, 8.995, 9.215, 12.475, 15.654, 10.935, 7.454, 8.489, 8.48, 6.886, 6.046], [2.836, 2.866, 2.06, 1.033, 0.0, 1.353, 3.171, 5.326, 7.385, 8.605, 9.59, 10.756, 11.091, 10.522, 8.225, 7.614, 6.883, 5.96, 7.23, 7.934, 7.896, 7.491, 6.705, 3.46, 2.328, 1.633, 2.12, 3.489, 6.223, 4.975, 6.442, 3.68, 9.304, 16.014, 15.819, 15.068, 16.083, 17.226, 16.978, 16.241, 15.851, 15.821, 14.742, 14.426, 14.457, 12.9, 11.948, 11.137, 10.005, 9.525, 10.073, 10.619, 10.975, 11.899, 12.848, 13.016, 12.961, 13.007, 10.838, 5.367, 1.492, 1.953, 1.034, 2.155, 3.822, 4.696, 6.196, 6.106, 3.467, 1.865, 1.525, 1.412, 1.447, 1.861, 3.14, 2.63, 1.889, 1.862, 1.868, 2.798, 4.434, 5.279, 4.383, 5.452, 2.467, 5.722, 8.219, 9.56, 12.876, 15.721, 16.716, 17.51, 17.287, 16.869, 17.074, 17.663, 18.817, 20.097, 20.782, 21.175, 22.124, 22.874, 24.061, 25.914, 26.528, 26.101, 26.968, 28.192, 29.289, 29.971, 29.363, 25.881, 22.792, 22.006, 21.046, 21.558, 19.026, 8.058, 2.686, 2.263, 3.584, 6.645, 11.601, 13.156, 15.478, 18.783, 19.092, 17.057, 15.448, 15.216, 16.418, 14.888, 12.062, 21.394, 27.782, 26.431, 24.475, 25.481, 26.412, 26.317, 26.774, 26.709, 25.6, 24.558, 24.121, 23.838, 23.78, 22.912, 21.888, 23.444, 24.936, 22.645, 24.035, 25.434, 25.008, 25.317, 26.687, 27.442, 27.06, 26.007, 23.377, 18.217, 19.777, 23.748, 25.067, 25.476, 25.228, 25.077, 25.323, 25.231, 24.938, 24.308, 23.744, 23.64, 23.699, 23.595, 24.251, 25.112, 22.833, 17.083, 13.322, 19.115, 15.202, 11.038, 9.366, 5.171, 3.268, 4.404, 3.269, 2.407, 2.491, 3.464, 3.577, 3.423, 5.869, 6.527, 6.187, 6.11, 6.119, 5.656, 4.826, 4.088, 4.4, 4.828, 3.405, 2.984, 3.776, 4.705, 5.491, 5.974, 5.887, 5.173, 3.528, 1.96, 3.26, 2.564, 2.97, 4.785, 6.381, 7.953, 9.047, 9.266, 12.529, 15.705, 10.986, 7.508, 8.54, 8.531, 6.982, 6.228], [2.474, 2.582, 2.255, 1.928, 1.353, 0.0, 2.068, 4.309, 6.356, 7.565, 8.581, 9.717, 10.011, 9.453, 7.249, 6.748, 5.888, 4.995, 6.343, 7.012, 6.905, 6.423, 5.652, 2.638, 2.199, 1.855, 2.167, 4.555, 7.289, 5.966, 7.611, 4.616, 8.236, 14.906, 14.729, 14.021, 15.015, 16.108, 15.857, 15.124, 14.734, 14.701, 13.629, 13.286, 13.279, 11.837, 10.963, 10.076, 9.411, 8.721, 9.111, 9.557, 9.922, 10.79, 11.749, 11.92, 11.888, 11.896, 9.769, 4.325, 2.315, 2.5, 1.828, 2.975, 4.403, 4.402, 5.174, 5.153, 3.548, 1.987, 1.695, 2.471, 2.377, 1.499, 2.476, 2.02, 1.594, 1.757, 2.178, 3.453, 5.435, 6.329, 5.478, 6.475, 3.377, 5.132, 7.435, 8.444, 11.809, 14.669, 15.594, 16.4, 16.178, 15.759, 15.99, 16.6, 17.702, 18.974, 19.722, 20.127, 21.055, 21.748, 22.952, 24.853, 25.44, 25.071, 25.864, 27.158, 28.22, 28.912, 28.318, 24.848, 21.752, 20.932, 19.98, 20.479, 17.957, 6.966, 1.959, 2.305, 4.696, 5.582, 11.26, 12.649, 14.527, 17.726, 18.015, 16.416, 15.092, 14.269, 15.288, 13.778, 11.034, 20.343, 26.723, 25.338, 23.452, 24.381, 25.362, 25.211, 25.667, 25.61, 24.529, 23.453, 23.059, 22.762, 22.698, 21.849, 20.916, 22.385, 23.87, 21.59, 22.988, 24.349, 23.925, 24.209, 25.592, 26.355, 25.995, 24.935, 22.28, 17.15, 18.604, 22.645, 23.984, 24.404, 24.174, 24.026, 24.271, 24.18, 23.771, 23.24, 22.652, 22.553, 22.642, 22.513, 23.151, 24.009, 21.723, 15.943, 12.287, 18.067, 14.085, 9.944, 8.303, 4.144, 3.239, 4.865, 3.184, 2.248, 2.241, 3.079, 3.574, 2.617, 4.883, 5.539, 5.203, 5.127, 5.12, 5.173, 4.41, 3.807, 3.648, 3.982, 2.664, 2.412, 3.008, 3.751, 4.499, 5.052, 4.901, 4.14, 2.909, 2.831, 4.245, 3.529, 4.05, 5.918, 7.551, 9.121, 10.195, 10.414, 13.723, 16.783, 12.11, 8.656, 9.656, 9.693, 8.081, 7.236], [2.24, 2.776, 3.146, 3.328, 3.171, 2.068, 0.0, 2.5, 4.471, 5.619, 6.634, 7.721, 8.005, 7.463, 5.664, 4.986, 4.284, 3.552, 4.843, 5.241, 5.118, 4.502, 3.699, 1.741, 3.181, 2.889, 3.702, 6.536, 9.28, 7.695, 9.585, 6.312, 6.777, 13.289, 13.049, 12.473, 13.238, 14.329, 14.083, 13.3, 12.957, 12.905, 11.809, 11.491, 11.481, 10.326, 9.411, 8.571, 8.108, 7.352, 7.445, 7.867, 8.32, 9.104, 9.966, 10.223, 10.289, 10.261, 8.067, 2.476, 3.667, 3.237, 3.202, 3.704, 3.432, 3.077, 3.233, 3.417, 2.683, 2.249, 3.358, 4.309, 4.067, 1.634, 1.671, 1.808, 2.673, 2.948, 3.568, 4.911, 7.028, 7.903, 7.179, 8.269, 4.662, 3.854, 5.969, 6.683, 10.061, 12.955, 13.932, 14.779, 14.524, 14.13, 14.474, 15.128, 16.136, 17.288, 17.96, 18.395, 19.261, 19.907, 21.132, 23.065, 23.662, 23.485, 24.186, 25.32, 26.477, 27.193, 26.582, 22.943, 19.925, 18.947, 18.091, 18.489, 15.959, 4.969, 1.668, 2.196, 6.69, 3.913, 9.865, 11.502, 13.133, 16.229, 16.563, 15.351, 14.126, 12.634, 13.51, 12.039, 9.187, 18.385, 24.808, 23.481, 21.702, 22.532, 23.627, 23.535, 23.983, 23.954, 22.89, 21.81, 21.293, 21.032, 20.922, 20.084, 19.506, 21.037, 22.278, 20.084, 21.213, 22.473, 22.022, 22.292, 23.663, 24.434, 24.071, 23.002, 20.305, 15.185, 16.776, 20.706, 22.054, 22.473, 22.262, 22.147, 22.398, 22.271, 21.888, 21.371, 20.855, 20.976, 20.994, 20.751, 21.293, 22.129, 19.823, 13.99, 10.307, 16.177, 12.223, 8.358, 6.791, 2.598, 3.082, 4.206, 2.653, 1.86, 2.207, 2.145, 2.366, 1.328, 3.329, 4.068, 3.664, 3.577, 3.518, 4.147, 3.512, 2.723, 2.281, 2.38, 1.643, 1.519, 1.692, 1.902, 2.557, 3.196, 2.949, 2.255, 1.577, 3.522, 5.954, 5.38, 5.63, 7.902, 9.526, 11.095, 12.169, 12.408, 15.697, 18.788, 14.094, 10.649, 11.65, 11.668, 10.053, 9.171], [3.968, 4.37, 4.941, 5.494, 5.326, 4.309, 2.5, 0.0, 2.196, 3.433, 4.687, 5.63, 5.822, 5.333, 3.421, 3.101, 2.691, 2.171, 3.03, 3.734, 3.672, 2.773, 2.033, 3.07, 4.866, 4.698, 5.637, 8.676, 11.452, 9.737, 11.72, 8.396, 5.395, 11.448, 11.386, 10.086, 10.843, 11.991, 11.804, 11.086, 10.745, 10.833, 9.582, 9.284, 9.177, 8.374, 7.586, 7.062, 7.141, 6.074, 5.7, 5.844, 6.11, 6.731, 7.613, 7.841, 7.892, 7.874, 5.691, 1.264, 5.68, 5.473, 5.24, 5.786, 4.061, 2.761, 1.857, 1.929, 2.781, 4.264, 5.544, 6.451, 6.242, 3.752, 2.664, 3.405, 4.514, 4.752, 5.498, 6.677, 9.035, 10.101, 9.303, 10.465, 6.534, 3.402, 4.695, 5.336, 7.792, 10.595, 11.587, 12.436, 12.316, 12.084, 12.421, 13.071, 14.014, 15.07, 15.602, 16.013, 16.944, 17.7, 18.917, 20.787, 21.359, 21.09, 21.825, 23.034, 24.12, 24.8, 24.193, 20.632, 17.545, 16.724, 15.754, 16.267, 13.74, 3.243, 3.295, 4.134, 8.867, 2.89, 9.057, 10.511, 11.598, 14.041, 14.698, 14.131, 13.324, 10.788, 11.211, 9.757, 6.853, 16.119, 22.629, 21.291, 19.353, 20.305, 21.27, 21.209, 21.642, 21.604, 20.515, 19.464, 18.996, 18.679, 18.62, 17.783, 17.515, 19.217, 20.058, 17.93, 18.969, 20.404, 19.935, 20.094, 21.469, 22.227, 21.848, 20.799, 18.09, 12.952, 14.528, 18.495, 19.799, 20.227, 20.023, 19.95, 20.209, 20.106, 19.773, 19.185, 18.693, 18.687, 18.688, 18.602, 19.137, 19.957, 17.612, 11.8, 8.083, 13.842, 10.028, 6.007, 4.692, 1.538, 4.406, 4.759, 3.734, 3.562, 3.888, 2.851, 2.529, 2.268, 1.52, 2.41, 2.33, 2.035, 1.964, 3.864, 3.562, 2.54, 2.113, 1.627, 2.338, 2.924, 2.554, 2.192, 1.812, 1.551, 1.463, 1.539, 2.499, 5.654, 8.185, 7.568, 7.79, 10.03, 11.661, 13.226, 14.328, 14.553, 17.817, 20.971, 16.254, 12.806, 13.807, 13.813, 12.187, 11.315], [5.601, 5.903, 6.667, 7.514, 7.385, 6.356, 4.471, 2.196, 0.0, 1.433, 2.841, 3.747, 3.803, 3.345, 2.02, 1.861, 1.596, 2.718, 2.096, 2.51, 2.327, 2.231, 2.356, 4.733, 6.713, 6.549, 7.631, 10.755, 13.493, 11.739, 13.751, 10.448, 6.183, 10.538, 10.479, 8.501, 9.018, 10.167, 10.178, 9.607, 9.542, 9.527, 8.234, 7.692, 7.387, 7.499, 6.976, 6.828, 7.348, 6.325, 5.191, 5.081, 4.985, 5.093, 5.82, 6.041, 6.167, 6.206, 4.428, 2.634, 7.673, 7.519, 7.248, 7.803, 5.642, 3.94, 2.782, 2.965, 4.635, 6.325, 7.597, 8.511, 8.297, 5.802, 4.523, 5.25, 6.425, 6.7, 7.495, 8.443, 11.083, 12.087, 11.306, 12.474, 8.41, 4.546, 5.252, 5.208, 6.674, 9.141, 10.003, 11.086, 11.049, 10.894, 11.395, 12.06, 12.844, 13.7, 14.141, 14.415, 15.091, 15.775, 17.152, 18.968, 19.587, 19.323, 20.063, 21.052, 22.213, 22.94, 22.31, 18.682, 15.565, 14.65, 13.703, 14.203, 11.681, 2.242, 5.332, 6.173, 10.893, 3.698, 9.522, 10.715, 10.74, 12.569, 13.696, 13.783, 13.202, 10.131, 9.359, 8.118, 5.173, 14.076, 20.64, 19.28, 17.525, 18.376, 19.336, 19.405, 19.837, 19.775, 18.702, 17.659, 17.124, 16.843, 16.703, 15.946, 16.296, 18.029, 18.502, 16.769, 17.04, 18.514, 18.018, 18.119, 19.471, 20.211, 19.811, 18.808, 16.072, 10.923, 12.867, 16.465, 17.774, 18.195, 18.003, 17.961, 18.212, 18.112, 17.817, 17.207, 16.885, 16.928, 17.003, 16.76, 17.177, 17.972, 15.593, 9.785, 6.264, 11.799, 8.238, 5.3, 3.707, 3.235, 6.321, 6.542, 5.607, 5.569, 5.899, 4.71, 4.354, 4.283, 2.472, 2.457, 2.246, 2.249, 3.094, 4.767, 4.809, 3.998, 3.624, 3.214, 4.254, 4.721, 4.08, 3.623, 2.815, 2.043, 2.21, 2.862, 4.221, 7.667, 10.176, 9.62, 9.845, 12.086, 13.716, 15.288, 16.383, 16.602, 19.864, 23.024, 18.313, 14.868, 15.866, 15.87, 14.247, 13.376], [6.549, 6.839, 7.779, 8.694, 8.605, 7.565, 5.619, 3.433, 1.433, 0.0, 1.572, 2.465, 2.612, 2.124, 2.215, 1.856, 1.941, 3.584, 2.373, 1.678, 1.782, 2.094, 2.63, 5.835, 7.875, 7.652, 8.854, 11.969, 14.728, 12.974, 14.979, 11.641, 7.042, 10.803, 10.792, 8.538, 8.6, 9.822, 10.086, 9.809, 9.909, 9.858, 8.419, 7.671, 7.211, 7.925, 7.416, 7.31, 7.893, 6.982, 5.74, 5.511, 5.397, 5.053, 5.495, 5.572, 5.876, 6.085, 4.637, 3.638, 8.861, 8.69, 8.434, 8.998, 6.884, 5.154, 3.846, 4.091, 5.882, 7.535, 8.83, 9.745, 9.531, 7.049, 5.798, 6.454, 7.588, 7.909, 8.698, 9.55, 12.31, 13.269, 12.544, 13.639, 9.593, 5.463, 5.997, 5.739, 7.11, 9.162, 10.034, 11.256, 11.222, 11.102, 11.605, 12.324, 12.942, 13.725, 14.193, 14.397, 15.096, 15.664, 16.738, 18.416, 19.082, 18.811, 19.544, 20.382, 21.451, 22.19, 21.715, 18.015, 14.655, 13.582, 12.642, 13.143, 10.478, 1.983, 6.579, 7.436, 12.107, 4.724, 10.163, 11.258, 11.142, 12.584, 14.07, 14.238, 13.682, 10.587, 8.816, 8.203, 5.326, 13.014, 19.755, 18.566, 17.124, 17.821, 18.623, 18.718, 19.089, 19.032, 17.955, 17.003, 16.554, 16.282, 15.999, 15.503, 16.468, 18.139, 18.459, 17.032, 16.873, 17.845, 17.043, 17.056, 18.409, 19.093, 18.698, 17.713, 14.864, 10.373, 12.672, 15.777, 16.779, 17.066, 16.954, 16.952, 17.226, 17.093, 16.767, 16.46, 16.308, 16.391, 16.605, 16.107, 16.269, 16.945, 14.55, 8.756, 5.949, 10.71, 7.673, 5.725, 4.14, 4.574, 7.618, 7.89, 6.968, 6.79, 7.196, 6.014, 5.595, 5.477, 3.657, 3.068, 3.216, 3.431, 4.135, 5.442, 5.517, 5.025, 4.668, 4.404, 5.462, 5.894, 5.13, 4.366, 3.393, 2.755, 3.101, 3.799, 5.349, 8.868, 11.336, 10.827, 11.079, 13.321, 14.95, 16.522, 17.613, 17.829, 21.098, 24.258, 19.548, 16.077, 17.1, 17.104, 15.481, 14.611], [7.047, 7.426, 8.633, 9.658, 9.59, 8.581, 6.634, 4.687, 2.841, 1.572, 0.0, 1.526, 1.787, 1.565, 2.741, 2.485, 2.884, 4.481, 2.986, 2.187, 2.239, 2.687, 3.502, 6.674, 8.833, 8.576, 9.9, 12.977, 15.737, 13.982, 15.962, 12.615, 7.876, 10.973, 11.113, 8.976, 8.734, 9.981, 10.248, 9.963, 10.107, 10.181, 8.821, 8.133, 7.648, 8.398, 7.919, 7.875, 8.531, 7.752, 6.487, 6.128, 6.023, 5.589, 5.878, 5.982, 6.271, 6.509, 5.475, 4.824, 9.826, 9.724, 9.42, 9.964, 8.138, 6.328, 4.849, 5.273, 7.087, 8.562, 9.825, 10.754, 10.54, 8.052, 6.831, 7.484, 8.492, 8.868, 9.678, 10.551, 13.305, 14.184, 13.513, 14.568, 10.555, 6.43, 6.894, 6.36, 7.604, 9.312, 10.174, 11.386, 11.35, 11.22, 11.726, 12.443, 13.091, 13.87, 14.34, 14.522, 15.262, 15.803, 16.683, 18.161, 18.79, 18.55, 19.409, 20.167, 21.087, 21.798, 21.407, 17.761, 14.283, 12.712, 12.134, 12.117, 9.632, 2.505, 7.606, 8.46, 13.035, 6.069, 10.852, 11.851, 11.624, 12.742, 14.434, 14.677, 14.173, 11.045, 8.847, 8.656, 5.885, 12.556, 19.11, 18.427, 17.016, 17.621, 18.361, 18.514, 18.763, 18.685, 17.637, 16.823, 16.379, 16.088, 16.037, 15.606, 16.621, 18.296, 18.592, 17.184, 17.018, 17.89, 16.909, 16.448, 17.701, 18.487, 18.199, 17.17, 14.286, 10.317, 12.791, 15.64, 16.028, 16.165, 16.108, 16.307, 16.637, 16.559, 16.34, 16.054, 15.97, 16.119, 16.375, 15.987, 15.641, 16.274, 13.946, 8.403, 6.206, 10.262, 7.516, 6.231, 4.732, 5.835, 9.005, 9.302, 8.292, 7.855, 8.463, 7.439, 6.881, 6.672, 4.805, 4.242, 4.277, 4.56, 5.126, 6.222, 6.143, 6.096, 5.857, 5.556, 6.496, 6.798, 5.918, 5.066, 4.313, 3.944, 4.044, 4.563, 6.186, 9.791, 12.229, 11.803, 12.088, 14.33, 15.958, 17.522, 18.621, 18.837, 22.107, 25.267, 20.556, 17.075, 18.109, 18.115, 16.49, 15.612], [8.296, 8.667, 9.819, 10.82, 10.756, 9.717, 7.721, 5.63, 3.747, 2.465, 1.526, 0.0, 1.151, 1.695, 3.332, 3.459, 4.002, 5.686, 4.092, 3.123, 3.086, 3.585, 4.503, 7.825, 10.035, 9.736, 11.074, 14.124, 16.883, 15.129, 17.111, 13.817, 8.505, 10.992, 11.159, 9.121, 8.533, 9.88, 10.309, 9.998, 10.186, 10.259, 8.86, 8.155, 7.611, 8.496, 8.167, 8.28, 9.063, 8.372, 7.152, 6.681, 6.525, 5.764, 5.896, 5.979, 6.322, 6.623, 6.055, 5.892, 11.025, 10.849, 10.568, 11.109, 9.014, 7.074, 5.63, 6.066, 7.95, 9.768, 11.018, 11.937, 11.714, 9.153, 7.9, 8.599, 9.678, 10.023, 10.865, 11.728, 14.474, 15.364, 14.667, 15.749, 11.743, 7.1, 7.454, 6.766, 7.596, 9.109, 10.104, 11.379, 11.267, 11.139, 11.7, 12.424, 12.948, 13.692, 14.23, 14.351, 15.115, 15.629, 16.398, 17.693, 18.277, 18.091, 19.024, 19.746, 20.55, 21.158, 20.89, 17.393, 13.805, 12.202, 11.499, 11.594, 8.765, 2.915, 8.768, 9.594, 14.206, 6.944, 11.212, 12.115, 11.657, 12.701, 14.486, 14.704, 14.19, 11.067, 8.597, 8.648, 6.172, 12.091, 18.516, 17.978, 16.623, 17.184, 17.871, 18.127, 18.321, 18.177, 17.199, 16.393, 16.008, 15.885, 15.859, 15.421, 16.536, 18.222, 18.367, 17.229, 16.929, 17.631, 16.582, 15.917, 16.887, 17.547, 17.255, 16.404, 13.317, 10.225, 12.497, 15.252, 15.634, 15.279, 15.247, 15.745, 16.152, 16.013, 15.681, 15.56, 15.501, 15.714, 15.976, 15.65, 15.183, 15.319, 12.895, 7.925, 6.238, 9.356, 7.121, 6.268, 4.982, 6.621, 9.827, 10.109, 9.057, 8.91, 9.238, 8.288, 7.859, 7.605, 5.612, 5.125, 5.346, 5.537, 5.809, 6.912, 6.988, 7.119, 6.815, 6.549, 7.581, 7.909, 7.034, 6.121, 5.318, 4.94, 4.978, 5.682, 7.348, 10.954, 13.408, 12.959, 13.234, 15.476, 17.105, 18.668, 19.767, 19.983, 23.254, 26.414, 21.703, 18.221, 19.271, 19.285, 17.666, 16.758], [8.58, 8.959, 10.116, 11.15, 11.091, 10.011, 8.005, 5.822, 3.803, 2.612, 1.787, 1.151, 0.0, 1.133, 3.248, 3.81, 4.291, 5.959, 4.386, 3.434, 3.407, 3.856, 4.739, 8.153, 10.339, 10.072, 11.38, 14.489, 17.248, 15.494, 17.468, 14.124, 7.875, 10.736, 10.916, 8.828, 8.275, 9.571, 10.021, 9.705, 9.899, 9.962, 8.624, 7.936, 7.397, 8.214, 7.842, 7.896, 8.544, 7.838, 6.573, 6.185, 6.061, 5.364, 5.679, 5.755, 6.069, 6.336, 5.554, 6.071, 11.314, 11.127, 10.902, 11.451, 9.048, 6.784, 5.187, 5.552, 8.05, 10.067, 11.332, 12.266, 12.051, 9.503, 8.215, 8.961, 9.992, 10.372, 11.189, 12.063, 14.815, 15.674, 14.996, 16.068, 12.037, 6.472, 6.913, 6.311, 7.343, 8.744, 9.745, 11.033, 10.871, 10.751, 11.4, 12.07, 12.607, 13.354, 13.875, 13.998, 14.743, 15.256, 16.069, 17.354, 17.902, 17.744, 18.707, 19.423, 20.175, 20.768, 20.537, 17.075, 13.464, 11.821, 11.047, 11.251, 8.423, 3.199, 9.083, 9.905, 14.537, 6.467, 10.878, 11.799, 11.435, 12.424, 14.237, 14.482, 13.974, 10.848, 8.346, 8.384, 5.849, 11.739, 18.143, 17.639, 16.301, 16.858, 17.529, 17.796, 17.999, 17.845, 16.882, 16.049, 15.68, 15.53, 15.506, 15.063, 16.201, 17.917, 18.038, 16.944, 16.591, 17.301, 16.267, 15.584, 16.593, 17.223, 16.883, 16.075, 13.045, 9.93, 12.175, 14.93, 15.248, 14.889, 14.837, 15.368, 15.741, 15.663, 15.293, 15.196, 15.162, 15.388, 15.646, 15.319, 14.79, 14.914, 12.606, 7.58, 5.968, 8.884, 6.727, 5.977, 4.677, 6.458, 9.692, 9.761, 8.829, 9.24, 9.394, 8.185, 7.993, 7.828, 5.735, 5.285, 5.676, 5.81, 5.574, 6.682, 7.126, 7.414, 7.133, 6.874, 7.946, 8.243, 7.367, 6.469, 5.62, 5.134, 5.234, 6.0, 7.679, 11.293, 13.731, 13.313, 13.599, 15.841, 17.47, 19.033, 20.132, 20.348, 23.618, 26.779, 22.068, 18.585, 19.62, 19.62, 18.001, 17.123], [7.98, 8.359, 9.53, 10.574, 10.522, 9.453, 7.463, 5.333, 3.345, 2.124, 1.565, 1.695, 1.133, 0.0, 2.748, 3.261, 3.757, 5.386, 3.845, 2.981, 2.914, 3.276, 4.12, 7.609, 9.838, 9.539, 10.847, 13.949, 16.735, 14.947, 16.897, 13.55, 7.242, 10.187, 10.372, 8.376, 7.797, 9.07, 9.455, 9.16, 9.33, 9.4, 8.082, 7.382, 6.855, 7.744, 7.362, 7.316, 8.019, 7.218, 5.953, 5.59, 5.525, 4.849, 5.165, 5.239, 5.586, 5.859, 4.927, 5.52, 10.729, 10.543, 10.323, 10.877, 8.463, 6.066, 4.528, 4.898, 7.454, 9.509, 10.782, 11.701, 11.504, 8.935, 7.641, 8.407, 9.441, 9.797, 10.666, 11.501, 14.241, 15.091, 14.431, 15.49, 11.463, 5.834, 6.239, 5.752, 6.8, 8.33, 9.268, 10.553, 10.432, 10.302, 10.887, 11.612, 12.148, 12.927, 13.419, 13.588, 14.32, 14.865, 15.825, 17.381, 18.045, 17.797, 18.612, 19.355, 20.341, 20.999, 20.66, 16.956, 13.534, 11.957, 11.28, 11.384, 8.769, 2.931, 8.571, 9.421, 14.002, 5.831, 10.353, 11.309, 10.916, 11.899, 13.694, 13.937, 13.422, 10.298, 7.992, 7.916, 5.385, 11.741, 18.334, 17.632, 16.203, 16.839, 17.61, 17.697, 17.99, 17.922, 16.834, 16.029, 15.555, 15.24, 15.125, 14.704, 15.732, 17.413, 17.666, 16.41, 16.133, 16.95, 15.986, 15.389, 16.809, 17.499, 17.249, 16.215, 13.28, 9.416, 11.868, 14.808, 15.267, 15.307, 15.217, 15.504, 15.861, 15.708, 15.452, 15.294, 15.193, 15.341, 15.561, 15.133, 14.908, 15.32, 12.942, 7.616, 5.425, 9.26, 6.542, 5.468, 4.144, 5.9, 9.009, 8.988, 8.175, 8.725, 8.812, 7.582, 7.461, 7.227, 5.178, 4.728, 5.136, 5.269, 5.032, 6.122, 6.546, 6.873, 6.589, 6.332, 7.377, 7.657, 6.782, 5.876, 5.034, 4.548, 4.648, 5.404, 7.093, 10.711, 13.147, 12.746, 13.042, 15.297, 16.903, 18.466, 19.569, 19.788, 23.048, 26.227, 21.508, 18.027, 19.062, 19.054, 17.436, 16.558], [6.913, 7.204, 7.825, 8.49, 8.225, 7.249, 5.664, 3.421, 2.02, 2.215, 2.741, 3.332, 3.248, 2.748, 0.0, 1.698, 1.989, 3.32, 2.424, 2.905, 2.985, 3.214, 3.689, 5.812, 7.498, 7.385, 8.272, 11.348, 14.089, 12.299, 14.567, 11.349, 6.516, 9.504, 9.736, 7.686, 8.007, 9.359, 9.413, 8.77, 8.664, 8.724, 7.514, 7.097, 6.764, 6.511, 6.148, 6.151, 6.659, 5.931, 4.825, 4.492, 4.319, 4.195, 4.962, 5.09, 5.111, 5.209, 4.18, 3.966, 8.703, 8.418, 8.103, 8.701, 6.687, 4.819, 3.662, 3.446, 5.377, 6.907, 8.231, 9.12, 8.856, 6.629, 5.436, 5.924, 7.291, 7.715, 8.227, 9.152, 11.875, 13.144, 12.243, 13.393, 9.523, 4.801, 5.135, 4.847, 5.702, 8.045, 8.988, 9.867, 9.883, 9.688, 10.165, 10.86, 11.846, 12.788, 13.239, 13.493, 14.438, 15.143, 16.237, 18.054, 18.706, 18.202, 18.939, 20.437, 21.424, 22.065, 21.389, 17.984, 14.88, 14.094, 13.145, 13.641, 11.122, 3.305, 6.049, 6.905, 11.585, 4.562, 9.102, 10.077, 9.834, 11.367, 12.54, 12.882, 12.273, 9.173, 8.562, 7.276, 5.159, 13.498, 20.053, 18.679, 16.598, 17.667, 18.575, 18.407, 18.788, 18.676, 17.556, 16.523, 16.197, 15.958, 15.849, 14.986, 15.114, 16.852, 17.329, 15.576, 16.198, 17.895, 17.47, 17.577, 18.873, 19.576, 19.183, 18.173, 15.446, 10.488, 12.009, 15.859, 17.189, 17.611, 17.424, 17.385, 17.655, 17.569, 17.105, 16.566, 16.095, 15.98, 16.075, 16.007, 16.568, 17.308, 14.962, 9.083, 5.856, 11.198, 7.286, 4.256, 2.739, 3.564, 6.958, 7.124, 5.96, 6.262, 6.528, 5.516, 5.502, 5.259, 2.653, 2.16, 2.682, 2.674, 2.952, 4.125, 4.442, 4.41, 4.137, 3.863, 5.157, 5.884, 5.373, 5.003, 4.194, 3.316, 3.362, 4.181, 5.338, 8.592, 11.127, 10.407, 10.413, 12.657, 14.342, 15.957, 17.008, 17.206, 20.52, 23.595, 18.897, 15.535, 16.441, 16.532, 14.867, 14.009], [6.035, 6.308, 6.958, 7.798, 7.614, 6.748, 4.986, 3.101, 1.861, 1.856, 2.485, 3.459, 3.81, 3.261, 1.698, 0.0, 1.261, 2.79, 1.811, 1.897, 2.019, 2.349, 2.696, 4.852, 6.696, 6.557, 7.744, 10.796, 13.515, 11.823, 13.946, 10.726, 6.913, 10.443, 10.769, 8.459, 8.769, 9.969, 10.021, 9.527, 9.673, 9.799, 8.433, 7.785, 7.366, 7.749, 7.124, 6.974, 7.389, 6.502, 5.447, 5.27, 4.976, 5.026, 5.903, 5.993, 6.132, 6.225, 4.697, 3.123, 8.071, 7.887, 7.495, 8.068, 6.371, 4.919, 3.667, 3.734, 5.421, 6.484, 7.711, 8.669, 8.388, 6.049, 4.928, 5.327, 6.576, 6.919, 7.504, 8.562, 11.287, 12.378, 11.587, 12.771, 8.823, 5.21, 5.594, 5.328, 6.93, 8.925, 9.8, 10.948, 10.921, 10.764, 11.294, 12.006, 12.766, 13.661, 13.968, 14.375, 15.235, 15.948, 17.006, 18.856, 19.475, 19.034, 19.78, 21.084, 22.121, 22.664, 22.077, 18.723, 15.56, 14.681, 13.762, 14.234, 11.709, 2.746, 5.576, 6.488, 10.851, 4.735, 9.675, 10.901, 10.961, 12.444, 13.794, 14.113, 13.316, 10.285, 9.146, 7.978, 5.543, 14.12, 20.726, 19.378, 17.393, 18.344, 19.141, 19.238, 19.602, 19.508, 18.521, 17.479, 17.043, 16.782, 16.576, 15.667, 16.228, 17.912, 18.299, 16.784, 17.066, 18.394, 17.857, 18.111, 19.505, 20.222, 19.822, 18.834, 16.093, 11.008, 12.817, 16.461, 17.825, 18.238, 18.078, 18.064, 18.311, 18.206, 17.687, 17.079, 16.8, 16.776, 16.725, 16.671, 17.215, 17.929, 15.487, 9.717, 6.459, 11.772, 8.021, 5.181, 3.491, 3.899, 7.075, 7.339, 6.213, 5.615, 6.291, 5.63, 5.169, 4.92, 2.91, 2.215, 2.204, 2.376, 3.255, 4.173, 4.297, 3.928, 3.509, 3.309, 4.472, 5.116, 4.496, 4.124, 3.285, 2.492, 2.771, 3.32, 4.573, 7.909, 10.487, 9.812, 9.968, 12.114, 13.874, 15.453, 16.525, 16.701, 20.029, 23.151, 18.452, 14.941, 15.997, 16.014, 14.416, 13.517], [5.318, 5.574, 6.285, 7.012, 6.883, 5.888, 4.284, 2.691, 1.596, 1.941, 2.884, 4.002, 4.291, 3.757, 1.989, 1.261, 0.0, 1.991, 1.502, 1.765, 1.718, 2.174, 2.34, 4.319, 6.139, 5.892, 7.141, 10.216, 12.986, 11.214, 13.257, 9.953, 6.989, 11.114, 11.08, 8.815, 9.373, 10.679, 10.691, 10.312, 10.255, 10.147, 8.729, 8.179, 7.842, 8.123, 7.51, 7.35, 7.799, 6.844, 5.719, 5.532, 5.466, 5.472, 6.217, 6.364, 6.454, 6.614, 4.871, 2.713, 7.22, 7.114, 6.757, 7.287, 5.952, 4.487, 3.417, 3.636, 5.132, 5.818, 7.049, 8.037, 7.771, 5.324, 4.24, 4.689, 5.819, 6.262, 6.94, 7.859, 10.624, 11.623, 10.822, 11.968, 7.985, 5.332, 5.812, 5.591, 7.196, 9.573, 10.418, 11.543, 11.56, 11.404, 11.925, 12.628, 13.382, 14.248, 14.691, 14.978, 15.8, 16.515, 17.672, 19.418, 20.035, 19.663, 20.434, 21.609, 22.65, 23.33, 22.781, 19.305, 16.094, 15.222, 14.253, 14.79, 12.259, 2.037, 4.902, 5.785, 10.286, 4.555, 10.029, 11.243, 11.302, 13.05, 14.284, 14.382, 13.724, 10.657, 9.84, 8.706, 5.782, 14.674, 21.25, 19.891, 17.938, 18.84, 19.773, 19.756, 20.188, 20.157, 19.074, 18.006, 17.655, 17.335, 17.281, 16.388, 16.861, 18.564, 18.94, 17.35, 17.701, 19.091, 18.554, 18.693, 20.023, 20.734, 20.327, 19.363, 16.646, 11.565, 13.358, 16.978, 18.34, 18.77, 18.621, 18.565, 18.807, 18.769, 18.349, 17.802, 17.247, 17.239, 17.361, 17.146, 17.755, 18.492, 16.094, 10.273, 6.891, 12.335, 8.469, 5.57, 3.796, 3.574, 6.537, 6.901, 5.9, 5.129, 5.834, 5.068, 4.779, 4.204, 2.847, 2.346, 1.698, 1.973, 3.535, 4.662, 4.663, 3.934, 3.3, 2.887, 3.883, 4.42, 3.792, 3.425, 2.655, 2.154, 2.605, 2.723, 3.839, 7.162, 9.685, 9.085, 9.337, 11.564, 13.243, 14.822, 15.893, 16.07, 19.398, 22.52, 17.821, 14.298, 15.366, 15.382, 13.785, 12.885], [4.599, 4.836, 5.532, 6.184, 5.96, 4.995, 3.552, 2.171, 2.718, 3.584, 4.481, 5.686, 5.959, 5.386, 3.32, 2.79, 1.991, 0.0, 1.944, 2.771, 2.816, 2.366, 1.972, 3.44, 5.024, 5.062, 5.774, 8.96, 11.5, 9.755, 12.237, 9.08, 7.073, 12.397, 12.625, 9.928, 10.766, 12.04, 12.099, 11.667, 11.532, 11.269, 9.825, 9.743, 9.546, 9.22, 8.67, 8.246, 8.201, 7.069, 6.612, 6.391, 6.579, 6.853, 7.469, 7.712, 7.651, 7.4, 5.85, 2.03, 6.374, 6.329, 5.857, 6.431, 5.474, 4.108, 3.133, 3.312, 4.296, 4.294, 5.792, 6.702, 6.294, 4.426, 3.261, 3.549, 5.001, 5.421, 5.839, 6.687, 9.568, 10.832, 9.945, 11.147, 7.155, 5.085, 6.136, 6.629, 8.428, 11.131, 11.868, 12.63, 12.625, 12.457, 12.902, 13.702, 14.945, 15.857, 16.337, 16.502, 17.422, 18.057, 19.022, 20.882, 21.546, 20.934, 21.6, 23.271, 24.144, 24.769, 24.11, 20.754, 17.594, 16.803, 15.839, 16.381, 13.817, 2.899, 3.64, 4.505, 9.201, 4.265, 10.38, 11.881, 12.615, 14.059, 15.144, 15.359, 14.519, 11.385, 11.228, 9.971, 7.394, 16.234, 22.833, 21.577, 19.469, 20.473, 21.307, 21.144, 21.359, 21.245, 20.02, 19.074, 18.873, 18.679, 18.534, 17.72, 17.949, 19.861, 20.088, 18.191, 19.151, 20.674, 20.282, 20.211, 21.655, 22.272, 21.866, 20.866, 18.138, 13.334, 15.082, 18.715, 19.964, 20.307, 20.183, 20.167, 20.449, 20.358, 19.76, 19.356, 18.899, 18.807, 18.902, 18.806, 19.356, 20.06, 17.621, 11.793, 8.672, 13.903, 10.125, 6.339, 4.829, 2.514, 5.205, 5.61, 4.899, 4.026, 4.689, 4.075, 4.164, 3.479, 2.301, 2.739, 1.305, 1.405, 3.034, 4.823, 4.638, 3.467, 2.9, 2.025, 2.979, 3.746, 3.129, 2.808, 2.339, 1.974, 2.403, 2.248, 3.127, 6.313, 8.884, 8.123, 8.004, 10.232, 11.907, 13.569, 14.596, 14.845, 18.082, 21.062, 16.42, 13.209, 13.921, 14.1, 12.413, 11.612], [5.886, 6.112, 6.673, 7.331, 7.23, 6.343, 4.843, 3.03, 2.096, 2.373, 2.986, 4.092, 4.386, 3.845, 2.424, 1.811, 1.502, 1.944, 0.0, 1.448, 1.702, 2.149, 2.448, 4.571, 6.129, 6.285, 7.307, 10.253, 12.92, 11.275, 13.464, 10.235, 7.369, 11.519, 11.668, 8.824, 9.557, 10.901, 11.019, 10.722, 10.66, 10.541, 9.108, 8.568, 8.412, 8.516, 7.97, 7.675, 8.071, 7.127, 6.117, 5.855, 5.974, 5.86, 6.388, 6.533, 6.552, 6.542, 5.185, 3.157, 7.716, 7.638, 7.086, 7.589, 6.36, 4.841, 3.715, 3.858, 5.232, 6.04, 7.244, 8.151, 7.836, 5.732, 4.681, 4.993, 6.102, 6.571, 6.975, 8.018, 10.794, 11.961, 11.124, 12.278, 8.427, 5.641, 6.199, 6.126, 7.687, 10.121, 10.823, 11.986, 12.044, 11.816, 12.347, 13.06, 13.893, 14.764, 15.196, 15.524, 16.411, 17.024, 17.921, 19.515, 20.205, 19.702, 20.383, 21.823, 22.77, 23.245, 22.75, 19.471, 16.2, 15.372, 14.34, 14.932, 12.298, 2.32, 5.161, 6.086, 10.454, 4.891, 10.375, 11.631, 11.852, 13.471, 14.555, 14.807, 14.073, 10.867, 9.828, 9.123, 6.442, 14.821, 21.451, 20.302, 18.302, 19.161, 19.895, 19.701, 20.071, 19.998, 18.969, 17.999, 17.754, 17.412, 17.404, 16.626, 17.357, 19.043, 19.352, 17.706, 18.164, 19.399, 18.853, 18.8, 20.299, 20.847, 20.459, 19.472, 16.688, 12.113, 13.944, 17.487, 18.615, 18.843, 18.825, 18.799, 19.139, 19.005, 18.32, 17.966, 17.509, 17.419, 17.552, 17.372, 18.023, 18.643, 16.164, 10.432, 7.432, 12.38, 8.867, 5.708, 4.074, 3.723, 6.848, 7.206, 6.125, 5.308, 6.16, 5.446, 5.133, 4.761, 2.863, 2.635, 1.957, 2.234, 3.563, 4.757, 4.782, 4.03, 3.585, 3.037, 4.181, 4.987, 4.347, 4.03, 3.252, 2.537, 2.862, 3.188, 4.293, 7.483, 10.015, 9.305, 9.444, 11.618, 13.367, 14.946, 16.011, 16.207, 19.539, 22.587, 17.926, 14.445, 15.472, 15.515, 13.895, 13.013], [5.929, 6.161, 7.135, 8.051, 7.934, 7.012, 5.241, 3.734, 2.51, 1.678, 2.187, 3.123, 3.434, 2.981, 2.905, 1.897, 1.765, 2.771, 1.448, 0.0, 0.844, 1.551, 2.35, 4.894, 6.954, 6.868, 8.086, 11.128, 13.848, 12.162, 14.314, 10.979, 7.775, 11.974, 11.916, 9.342, 9.734, 11.023, 11.235, 10.972, 11.022, 10.839, 9.39, 8.753, 8.529, 9.096, 8.466, 8.114, 8.544, 7.588, 6.565, 6.389, 6.462, 6.206, 6.57, 6.801, 6.983, 7.062, 5.504, 3.656, 8.382, 8.265, 7.884, 8.382, 6.906, 5.371, 4.109, 4.507, 6.221, 6.848, 8.046, 9.038, 8.723, 6.515, 5.449, 5.821, 6.76, 7.257, 7.807, 8.819, 11.653, 12.625, 11.873, 12.998, 8.993, 6.175, 6.597, 6.325, 8.137, 10.474, 11.182, 12.491, 12.498, 12.307, 12.843, 13.576, 14.241, 15.011, 15.487, 15.792, 16.489, 16.956, 17.882, 19.493, 20.15, 19.857, 20.574, 21.595, 22.458, 23.05, 22.721, 19.159, 15.761, 14.663, 13.724, 14.181, 11.448, 1.717, 5.982, 6.888, 11.285, 5.311, 10.811, 12.098, 12.358, 13.947, 15.136, 15.298, 14.521, 11.404, 9.845, 9.403, 6.533, 14.094, 20.787, 19.808, 18.349, 18.976, 19.686, 19.735, 20.006, 19.914, 18.977, 18.055, 17.673, 17.348, 17.197, 16.755, 17.821, 19.474, 19.708, 18.264, 18.214, 19.026, 18.243, 18.017, 19.449, 20.045, 19.697, 18.676, 15.795, 11.798, 13.956, 16.99, 17.895, 18.044, 18.013, 18.065, 18.385, 18.195, 17.531, 17.43, 17.36, 17.519, 17.662, 17.268, 17.319, 17.894, 15.429, 9.716, 7.33, 11.75, 8.794, 6.197, 4.602, 4.592, 7.734, 8.083, 6.986, 6.161, 6.982, 6.306, 5.758, 5.451, 3.696, 3.103, 2.695, 3.073, 4.215, 5.217, 5.192, 4.655, 4.201, 3.831, 4.887, 5.451, 4.544, 4.011, 3.241, 2.761, 3.047, 3.369, 4.716, 8.249, 10.683, 10.109, 10.331, 12.497, 14.255, 15.824, 16.898, 17.095, 20.426, 23.474, 18.813, 15.326, 16.359, 16.397, 14.782, 13.9], [5.682, 6.011, 7.055, 7.995, 7.896, 6.905, 5.118, 3.672, 2.327, 1.782, 2.239, 3.086, 3.407, 2.914, 2.985, 2.019, 1.718, 2.816, 1.702, 0.844, 0.0, 1.341, 2.119, 4.883, 7.029, 6.77, 8.136, 11.135, 13.923, 12.188, 14.256, 10.93, 7.787, 12.14, 11.965, 9.465, 9.943, 11.232, 11.407, 11.149, 11.182, 11.044, 9.593, 8.931, 8.705, 9.252, 8.55, 8.337, 8.803, 7.815, 6.776, 6.582, 6.482, 6.504, 6.836, 7.043, 7.156, 7.244, 5.674, 3.583, 8.285, 8.085, 7.76, 8.305, 6.817, 5.317, 4.03, 4.489, 6.163, 6.862, 8.086, 9.034, 8.752, 6.321, 5.263, 5.684, 6.703, 7.2, 7.86, 8.802, 11.62, 12.567, 11.833, 12.94, 8.939, 6.186, 6.738, 6.518, 8.261, 10.651, 11.424, 12.633, 12.651, 12.488, 13.018, 13.702, 14.439, 15.262, 15.664, 16.042, 16.677, 17.235, 18.218, 19.801, 20.44, 20.113, 20.951, 21.843, 22.69, 23.255, 22.994, 19.433, 15.971, 14.724, 13.896, 14.246, 11.44, 1.333, 5.914, 6.82, 11.228, 5.357, 10.984, 12.312, 12.408, 14.085, 15.321, 15.456, 14.711, 11.644, 10.193, 9.618, 6.556, 14.307, 20.904, 20.063, 18.594, 19.221, 19.93, 20.108, 20.353, 20.212, 19.248, 18.43, 18.004, 17.659, 17.424, 17.016, 17.948, 19.665, 20.015, 18.437, 18.426, 19.269, 18.343, 18.015, 19.534, 20.053, 19.731, 18.643, 15.882, 11.901, 14.256, 17.223, 18.022, 18.05, 18.026, 18.171, 18.528, 18.324, 17.773, 17.63, 17.578, 17.747, 17.898, 17.504, 17.423, 17.868, 15.407, 9.978, 7.372, 11.796, 9.039, 6.517, 4.78, 4.632, 7.696, 8.034, 6.956, 6.123, 6.87, 6.283, 5.719, 5.261, 3.732, 3.316, 2.609, 3.013, 4.254, 5.515, 5.419, 4.693, 4.157, 3.773, 4.772, 5.215, 4.325, 3.712, 3.056, 2.711, 2.976, 3.184, 4.601, 8.176, 10.626, 10.071, 10.333, 12.483, 14.239, 15.818, 16.89, 17.066, 20.394, 23.516, 18.817, 15.294, 16.362, 16.378, 14.781, 13.882], [5.253, 5.589, 6.618, 7.596, 7.491, 6.423, 4.502, 2.773, 2.231, 2.094, 2.687, 3.585, 3.856, 3.276, 3.214, 2.349, 2.174, 2.366, 2.149, 1.551, 1.341, 0.0, 1.243, 4.403, 6.587, 6.285, 7.593, 10.738, 13.473, 11.802, 13.865, 10.544, 6.792, 12.099, 11.842, 9.47, 10.213, 11.335, 11.475, 11.221, 11.091, 10.973, 9.533, 9.076, 8.881, 9.194, 8.441, 8.081, 8.368, 7.264, 6.556, 6.434, 6.499, 6.696, 7.067, 7.293, 7.364, 7.28, 5.52, 2.62, 7.732, 7.476, 7.35, 7.87, 5.966, 4.353, 3.052, 3.494, 5.182, 6.394, 7.632, 8.648, 8.366, 5.885, 4.696, 5.265, 6.272, 6.793, 7.41, 8.416, 11.234, 12.159, 11.451, 12.507, 8.472, 5.189, 6.082, 6.186, 8.254, 10.835, 11.609, 12.708, 12.755, 12.582, 13.061, 13.721, 14.607, 15.457, 15.841, 16.249, 16.854, 17.438, 18.514, 20.153, 20.806, 20.468, 21.259, 22.138, 23.102, 23.677, 23.37, 19.795, 16.361, 15.109, 14.279, 14.619, 11.926, 1.497, 5.516, 6.344, 10.747, 4.36, 10.383, 11.908, 12.361, 14.192, 15.243, 15.289, 14.4, 11.492, 10.483, 9.773, 6.518, 14.697, 21.32, 20.356, 18.893, 19.554, 20.231, 20.423, 20.729, 20.622, 19.659, 18.742, 18.326, 17.991, 17.711, 17.242, 18.086, 19.832, 20.202, 18.462, 18.677, 19.507, 18.581, 18.359, 19.857, 20.488, 20.184, 19.208, 16.298, 12.099, 14.472, 17.523, 18.373, 18.501, 18.445, 18.595, 18.91, 18.725, 18.138, 17.929, 17.932, 18.009, 18.184, 17.759, 17.797, 18.302, 15.746, 10.351, 7.489, 12.259, 9.276, 6.185, 4.751, 3.752, 6.795, 7.07, 6.025, 5.483, 6.091, 5.354, 4.803, 4.499, 2.803, 3.094, 2.355, 2.48, 3.265, 5.042, 4.806, 3.907, 3.503, 3.218, 4.337, 4.675, 3.878, 3.067, 2.273, 1.858, 2.058, 2.46, 4.096, 7.754, 10.205, 9.685, 9.947, 12.093, 13.853, 15.432, 16.504, 16.68, 20.008, 23.13, 18.431, 14.908, 15.976, 16.003, 14.395, 13.496], [4.446, 4.731, 5.825, 6.809, 6.705, 5.652, 3.699, 2.033, 2.356, 2.63, 3.502, 4.503, 4.739, 4.12, 3.689, 2.696, 2.34, 1.972, 2.448, 2.35, 2.119, 1.243, 0.0, 3.516, 5.736, 5.456, 6.797, 9.955, 12.665, 11.019, 13.082, 9.761, 6.602, 12.272, 11.941, 9.925, 10.746, 11.624, 11.691, 11.426, 11.246, 11.149, 9.712, 9.32, 9.198, 9.323, 8.519, 8.092, 8.324, 7.221, 6.616, 6.513, 6.713, 6.997, 7.508, 7.743, 7.796, 7.646, 5.745, 1.86, 6.947, 6.702, 6.568, 7.087, 5.209, 3.681, 2.421, 3.101, 4.453, 5.611, 6.85, 7.865, 7.584, 5.142, 3.964, 4.487, 5.489, 6.01, 6.561, 7.633, 10.452, 11.372, 10.664, 11.724, 7.695, 4.91, 5.959, 6.207, 8.501, 11.087, 11.873, 12.935, 12.974, 12.778, 13.275, 13.932, 14.851, 15.766, 16.108, 16.57, 17.201, 17.822, 19.047, 20.75, 21.405, 21.058, 21.807, 22.702, 23.732, 24.239, 23.975, 20.376, 17.023, 15.758, 15.033, 15.25, 12.695, 1.943, 4.757, 5.607, 9.892, 3.989, 10.266, 11.863, 12.529, 14.485, 15.443, 15.309, 14.388, 11.536, 10.975, 10.074, 6.759, 15.368, 21.882, 20.891, 19.438, 20.117, 20.821, 21.024, 21.371, 21.266, 20.285, 19.315, 18.899, 18.58, 18.244, 17.674, 18.315, 20.086, 20.52, 18.666, 19.062, 19.795, 18.953, 19.096, 20.624, 21.296, 21.01, 19.992, 17.169, 12.453, 14.83, 17.914, 18.976, 19.284, 19.209, 19.206, 19.526, 19.432, 18.814, 18.439, 18.47, 18.55, 18.747, 18.273, 18.384, 19.055, 16.574, 10.99, 7.721, 13.083, 9.768, 6.335, 5.107, 3.065, 5.904, 6.267, 5.296, 4.697, 5.228, 4.489, 4.035, 3.651, 2.553, 3.232, 2.278, 2.329, 2.984, 4.886, 4.587, 3.561, 2.951, 2.427, 3.553, 3.926, 3.076, 2.21, 1.454, 1.322, 1.602, 1.777, 3.293, 6.972, 9.422, 8.902, 9.165, 11.31, 13.071, 14.65, 15.721, 15.897, 19.226, 22.347, 17.649, 14.126, 15.194, 15.216, 13.613, 12.713], [1.73, 1.989, 2.709, 3.539, 3.46, 2.638, 1.741, 3.07, 4.733, 5.835, 6.674, 7.825, 8.153, 7.609, 5.812, 4.852, 4.319, 3.44, 4.571, 4.894, 4.883, 4.403, 3.516, 0.0, 2.365, 2.358, 3.474, 6.587, 9.223, 7.633, 9.785, 6.452, 7.698, 13.89, 13.753, 12.652, 13.377, 14.306, 14.12, 13.456, 13.122, 13.08, 11.981, 11.63, 11.703, 10.925, 10.168, 9.393, 9.369, 8.344, 8.042, 8.247, 8.651, 9.337, 10.182, 10.445, 10.535, 10.386, 8.309, 2.502, 3.87, 3.842, 3.328, 3.896, 3.663, 3.501, 3.405, 3.916, 4.018, 2.521, 3.57, 4.517, 4.194, 2.31, 2.422, 1.857, 2.506, 2.766, 3.148, 4.366, 7.124, 8.11, 7.381, 8.469, 4.524, 5.369, 7.119, 7.461, 10.615, 13.246, 14.05, 15.107, 14.927, 14.492, 15.042, 15.812, 16.79, 17.902, 18.249, 18.724, 19.547, 20.13, 21.559, 23.416, 24.025, 23.753, 24.376, 25.635, 26.71, 27.204, 26.79, 23.227, 20.17, 19.098, 18.339, 18.626, 16.103, 