[[0.0, 2.981, 2.417, 2.491, 2.255, 1.844, 2.83, 3.403, 3.541, 3.277, 3.9, 4.735, 4.354, 3.521, 3.474, 3.465, 4.006, 3.864, 4.209, 4.636, 4.86, 4.701, 4.394, 4.065, 3.243, 4.354, 4.713, 3.751, 3.788, 3.03, 3.726, 4.15, 2.811, 3.919, 3.501, 3.228, 2.934, 2.831, 2.218, 2.54, 2.447, 1.909, 2.614, 2.782, 3.153, 4.143, 4.84, 5.474, 5.346, 5.11, 4.973, 5.136, 5.44, 3.879, 3.592, 4.249, 3.565, 3.369, 2.644, 3.017, 3.078, 6.029, 6.566, 6.083, 3.599, 3.205, 2.822, 2.951, 2.91, 3.517, 5.305, 6.143, 4.451, 4.147, 3.112, 1.791, 2.178, 5.414, 8.154, 8.121, 7.297, 7.281, 8.515, 8.375, 6.846, 5.702, 4.864, 5.197, 5.964, 5.354, 5.488, 6.565, 6.489, 6.019, 5.352, 4.613, 4.592, 3.671, 2.619, 2.422, 4.841, 4.099, 2.695, 3.846, 3.967, 4.644, 6.42, 7.154, 6.553, 6.06, 6.144, 6.204, 5.227, 4.633, 4.248, 3.723, 3.797, 4.061, 3.565, 3.336, 3.514, 3.959, 3.743, 2.52, 2.947, 5.033, 8.72, 7.818, 5.64, 2.2, 1.927, 2.227, 2.17, 2.089, 1.894, 2.03, 2.199, 2.363, 1.845, 2.15, 2.538, 4.297, 5.765, 8.073, 10.656, 10.732, 10.828, 11.724, 13.241, 13.246, 11.643, 10.856, 11.798, 13.114, 14.702, 16.344, 15.527, 14.23, 13.92, 13.215, 12.148, 11.708, 10.851, 8.556, 10.134, 13.225, 13.778, 14.548, 14.194, 13.099, 12.055, 9.331, 6.807, 7.088, 6.279, 8.413, 14.572, 17.678, 18.129, 18.501, 19.109, 19.353, 19.463, 18.669, 18.398, 18.116, 16.338, 16.637, 17.608, 16.269, 14.997, 16.106, 17.805, 18.451, 19.36, 19.882, 20.249, 20.493, 20.353, 20.364, 20.997, 19.781, 14.107, 4.604, 3.194, 2.911, 2.528, 3.484, 3.856, 2.831, 3.161, 3.993, 4.073, 3.013, 2.116, 3.192, 4.091, 6.542, 5.479, 2.822, 3.491, 6.584, 8.722, 8.156, 6.551, 6.466, 5.574, 5.08, 5.957, 3.113], [2.981, 0.0, 2.151, 4.685, 4.886, 4.045, 4.992, 5.189, 4.958, 4.738, 4.86, 5.097, 4.452, 4.015, 4.311, 3.751, 3.937, 3.642, 3.967, 4.115, 4.194, 3.651, 2.58, 2.675, 2.015, 4.417, 4.515, 2.522, 3.517, 2.148, 2.276, 2.592, 1.64, 2.986, 1.975, 1.7, 2.31, 2.316, 2.105, 3.09, 3.341, 2.867, 2.287, 2.747, 2.692, 3.112, 3.42, 3.111, 2.763, 2.557, 2.942, 3.331, 3.051, 2.367, 1.809, 2.279, 2.204, 2.588, 2.865, 3.094, 2.502, 5.388, 6.139, 5.61, 2.736, 1.919, 2.348, 3.22, 2.942, 3.008, 4.932, 5.625, 4.039, 3.921, 2.789, 2.535, 3.084, 4.98, 7.717, 7.551, 7.06, 6.832, 8.06, 7.901, 6.537, 6.58, 6.137, 5.537, 6.501, 7.116, 7.554, 8.155, 8.247, 7.78, 7.213, 6.78, 6.605, 5.916, 4.438, 2.458, 4.602, 3.913, 3.297, 4.185, 4.651, 4.693, 5.939, 6.558, 6.117, 5.57, 5.931, 6.094, 5.322, 5.137, 4.562, 3.352, 3.32, 3.181, 2.34, 1.896, 1.724, 1.935, 1.735, 1.957, 2.642, 5.45, 9.349, 8.632, 6.497, 4.334, 3.551, 3.636, 3.488, 2.981, 3.427, 4.203, 3.469, 3.067, 3.498, 2.661, 3.017, 4.058, 5.472, 7.566, 9.949, 10.309, 10.248, 11.126, 12.711, 12.731, 11.111, 10.379, 11.255, 12.569, 14.156, 15.789, 14.954, 13.654, 13.348, 12.663, 11.616, 11.153, 10.302, 8.095, 9.669, 12.759, 13.288, 13.993, 13.631, 12.544, 11.5, 8.76, 6.219, 6.404, 5.495, 7.859, 13.999, 17.099, 17.558, 17.934, 18.617, 18.809, 18.987, 18.295, 17.869, 17.53, 15.807, 16.057, 17.03, 15.73, 14.532, 15.553, 17.341, 17.971, 18.886, 19.43, 19.815, 20.133, 19.991, 19.99, 20.537, 19.325, 13.585, 4.108, 4.482, 3.942, 3.387, 3.959, 4.012, 3.514, 2.894, 3.487, 3.863, 3.436, 2.92, 1.624, 3.579, 6.042, 4.958, 2.265, 3.342, 6.029, 8.194, 7.768, 6.328, 6.066, 5.126, 4.919, 5.524, 4.102], [2.417, 2.151, 0.0, 3.203, 3.696, 3.101, 3.791, 3.829, 3.508, 3.411, 3.695, 3.857, 3.293, 2.976, 3.158, 2.602, 2.779, 2.42, 2.601, 2.775, 2.906, 2.791, 2.581, 2.337, 2.22, 5.48, 5.565, 3.761, 4.545, 3.27, 2.315, 2.706, 2.125, 4.192, 3.165, 2.348, 2.47, 2.499, 1.951, 1.712, 1.939, 1.783, 2.83, 3.795, 4.018, 4.642, 4.85, 4.469, 3.758, 3.52, 4.296, 4.744, 4.332, 3.279, 2.473, 2.798, 3.424, 3.49, 2.832, 2.594, 3.226, 6.62, 7.496, 6.996, 4.013, 2.401, 1.959, 2.028, 1.575, 1.45, 3.334, 4.2, 2.586, 2.444, 1.578, 1.676, 1.721, 3.46, 6.189, 6.166, 5.601, 5.533, 6.753, 6.579, 5.137, 4.793, 4.288, 4.016, 5.083, 5.626, 6.139, 6.615, 6.623, 6.298, 5.872, 5.669, 5.375, 4.704, 4.595, 1.4, 3.538, 3.021, 2.092, 2.65, 2.947, 3.282, 4.681, 5.217, 4.73, 4.254, 4.246, 4.318, 3.404, 3.354, 2.884, 2.141, 2.357, 2.505, 1.841, 1.78, 1.959, 2.47, 2.113, 2.345, 3.338, 6.149, 9.919, 8.967, 6.732, 3.473, 2.049, 2.147, 2.169, 1.886, 2.156, 3.476, 2.768, 2.039, 2.166, 2.173, 2.212, 2.837, 4.309, 6.302, 8.973, 9.126, 9.109, 9.88, 11.24, 11.279, 9.638, 8.854, 9.797, 11.114, 12.702, 14.347, 13.514, 12.219, 11.907, 11.251, 10.197, 9.694, 8.874, 6.708, 8.31, 11.379, 12.017, 12.616, 12.184, 11.084, 10.087, 7.435, 5.001, 5.355, 4.485, 6.406, 12.576, 15.689, 16.131, 16.514, 17.152, 17.485, 17.663, 16.959, 16.561, 16.224, 14.352, 14.644, 15.615, 14.305, 13.024, 14.25, 15.96, 16.628, 17.603, 18.092, 18.317, 18.621, 18.609, 18.665, 19.328, 18.018, 12.114, 2.868, 3.58, 2.882, 2.257, 2.951, 2.935, 2.608, 2.236, 2.146, 2.416, 1.749, 3.051, 2.672, 2.293, 4.559, 3.579, 1.703, 2.174, 4.659, 6.725, 6.252, 4.904, 4.591, 3.67, 3.365, 4.114, 2.476], [2.491, 4.685, 3.203, 0.0, 1.881, 2.464, 2.437, 2.006, 2.308, 2.53, 3.138, 3.737, 3.667, 3.163, 2.988, 2.843, 3.42, 3.185, 3.785, 4.344, 4.435, 4.676, 4.857, 4.456, 4.177, 5.991, 6.15, 5.101, 5.271, 4.687, 4.907, 5.192, 3.947, 5.452, 4.791, 4.39, 4.012, 3.783, 3.334, 2.709, 2.469, 2.543, 3.511, 3.775, 4.845, 5.741, 6.37, 6.898, 6.685, 6.497, 6.345, 6.47, 6.688, 5.07, 5.015, 5.53, 5.067, 4.713, 3.392, 3.311, 4.453, 7.463, 8.227, 7.723, 4.924, 3.806, 3.418, 2.968, 3.054, 3.44, 4.343, 5.063, 3.896, 3.795, 3.303, 2.627, 2.177, 4.069, 6.68, 6.544, 5.668, 5.904, 7.189, 7.002, 5.502, 3.935, 3.337, 4.032, 4.721, 3.869, 4.286, 5.063, 4.913, 4.426, 3.974, 3.919, 3.743, 3.06, 4.133, 3.38, 5.123, 4.374, 3.299, 3.244, 3.032, 3.658, 5.216, 5.713, 5.241, 4.742, 4.853, 5.01, 4.257, 3.738, 4.04, 3.635, 3.908, 4.629, 4.502, 4.37, 4.695, 5.144, 4.717, 3.425, 4.166, 6.243, 9.743, 8.499, 6.186, 2.916, 1.657, 2.344, 2.694, 2.775, 2.367, 3.018, 3.001, 2.628, 2.279, 3.068, 2.831, 3.484, 4.594, 6.789, 9.481, 9.651, 9.548, 10.341, 11.552, 11.661, 10.018, 9.169, 10.067, 11.381, 12.989, 14.638, 13.882, 12.546, 12.248, 11.645, 10.568, 10.013, 9.276, 7.264, 8.787, 11.85, 12.498, 13.098, 12.585, 11.473, 10.514, 8.183, 6.459, 6.712, 6.015, 6.972, 12.931, 15.981, 16.426, 16.824, 17.44, 17.88, 18.084, 17.376, 16.988, 16.667, 14.721, 14.939, 15.913, 14.591, 13.314, 14.679, 16.379, 17.077, 18.065, 18.538, 18.696, 19.053, 19.098, 19.142, 19.788, 18.463, 12.443, 4.181, 2.754, 2.517, 2.498, 2.775, 3.107, 2.824, 3.128, 3.647, 3.365, 2.606, 3.173, 4.713, 3.492, 5.008, 4.298, 3.243, 3.427, 5.061, 6.998, 6.481, 4.866, 4.766, 4.024, 3.657, 4.308, 2.455], [2.255, 4.886, 3.696, 1.881, 0.0, 1.864, 2.041, 2.683, 3.129, 2.571, 3.729, 4.51, 4.059, 3.343, 2.981, 3.614, 4.067, 3.905, 4.439, 4.971, 5.032, 5.232, 5.402, 4.958, 4.629, 5.292, 5.817, 5.477, 5.389, 4.855, 5.083, 5.382, 4.378, 5.094, 5.22, 4.915, 4.464, 4.377, 3.665, 3.306, 3.059, 2.889, 3.907, 4.001, 5.016, 6.019, 6.736, 7.34, 7.119, 6.816, 6.611, 6.776, 7.294, 5.552, 5.284, 5.826, 5.413, 4.948, 3.703, 3.667, 4.765, 7.199, 7.472, 6.923, 5.09, 4.353, 4.04, 3.776, 3.906, 4.386, 5.272, 5.95, 4.371, 4.421, 3.79, 3.002, 2.55, 5.108, 7.898, 7.848, 6.983, 7.016, 8.293, 8.145, 6.612, 5.336, 4.533, 5.097, 5.785, 4.464, 4.419, 5.777, 5.79, 5.112, 4.628, 3.504, 3.781, 2.792, 2.791, 3.616, 5.39, 4.63, 3.539, 3.747, 3.746, 4.453, 6.192, 6.828, 6.321, 5.741, 5.848, 5.915, 5.066, 4.446, 4.588, 4.087, 4.266, 5.101, 5.043, 4.938, 5.214, 5.632, 5.239, 4.04, 4.085, 5.444, 8.496, 7.547, 5.336, 2.328, 2.428, 2.726, 2.876, 3.079, 2.629, 2.587, 3.029, 3.043, 2.428, 3.261, 3.458, 4.127, 5.578, 7.855, 10.511, 10.665, 10.648, 11.465, 12.94, 12.937, 11.334, 10.562, 11.489, 12.804, 14.397, 16.044, 15.215, 13.912, 13.602, 12.908, 11.846, 11.389, 10.536, 8.325, 9.904, 12.987, 13.579, 14.235, 13.887, 12.781, 11.745, 9.015, 6.833, 7.096, 6.294, 8.099, 14.28, 17.387, 17.831, 18.221, 18.837, 19.045, 19.22, 18.516, 18.128, 17.812, 16.051, 16.342, 17.313, 15.992, 14.72, 15.826, 17.599, 18.214, 19.149, 19.676, 19.962, 20.263, 20.226, 20.181, 20.837, 19.52, 13.813, 4.634, 2.805, 2.87, 3.134, 3.511, 3.809, 2.945, 3.46, 4.452, 4.144, 3.11, 3.062, 4.987, 4.1, 6.235, 5.221, 3.754, 3.853, 6.303, 8.413, 7.851, 6.241, 6.157, 5.258, 4.816, 5.652, 3.05], [1.844, 4.045, 3.101, 2.464, 1.864, 0.0, 1.721, 2.728, 3.253, 2.801, 3.551, 4.368, 4.154, 3.343, 2.991, 3.351, 3.735, 3.495, 3.968, 4.53, 4.684, 4.756, 4.486, 4.132, 3.563, 4.485, 4.69, 4.427, 4.617, 3.969, 4.553, 4.672, 3.403, 4.272, 3.963, 3.664, 3.278, 3.491, 2.864, 2.872, 2.725, 2.333, 3.85, 3.835, 3.891, 4.746, 5.343, 5.917, 5.764, 5.615, 5.387, 5.496, 5.942, 4.344, 4.216, 4.745, 4.17, 3.745, 2.546, 2.737, 3.441, 6.076, 6.404, 5.906, 3.818, 3.512, 2.981, 2.998, 3.078, 3.743, 5.3, 5.793, 4.386, 4.463, 3.646, 2.464, 2.423, 5.361, 8.109, 7.942, 6.903, 7.074, 8.273, 8.151, 6.889, 5.601, 4.854, 5.577, 6.419, 5.852, 5.559, 6.895, 6.973, 6.45, 5.9, 4.561, 4.917, 3.855, 3.028, 2.932, 5.552, 4.775, 3.367, 3.783, 3.651, 4.44, 6.206, 6.868, 6.323, 5.937, 6.032, 6.187, 5.38, 5.023, 4.728, 3.92, 4.189, 4.843, 4.665, 4.423, 4.61, 4.978, 4.548, 3.104, 3.234, 5.145, 8.447, 7.769, 5.414, 2.349, 2.473, 2.62, 2.662, 2.626, 2.279, 2.484, 2.302, 2.487, 2.045, 2.486, 2.785, 4.195, 5.659, 8.128, 10.839, 10.944, 10.75, 11.621, 12.917, 12.852, 11.254, 10.477, 11.356, 12.685, 14.317, 15.953, 15.123, 13.831, 13.501, 12.814, 11.724, 11.276, 10.409, 8.126, 9.743, 12.863, 13.576, 14.16, 13.772, 12.674, 11.612, 8.886, 6.526, 6.685, 5.829, 7.982, 14.21, 17.29, 17.728, 18.144, 18.818, 19.105, 19.233, 18.516, 18.201, 17.906, 16.032, 16.247, 17.225, 15.928, 14.634, 15.871, 17.496, 18.26, 19.309, 19.855, 20.154, 20.439, 20.502, 20.562, 21.182, 19.852, 13.764, 4.178, 2.769, 2.785, 3.136, 3.794, 4.061, 3.18, 3.194, 3.786, 4.076, 3.291, 3.011, 3.943, 4.099, 6.236, 5.094, 2.813, 3.221, 6.145, 8.28, 7.767, 6.19, 6.06, 5.184, 4.671, 5.524, 3.475], [2.83, 4.992, 3.791, 2.437, 2.041, 1.721, 0.0, 1.922, 2.588, 2.104, 2.957, 3.675, 3.606, 3.176, 2.864, 3.465, 3.956, 3.633, 4.152, 4.679, 4.897, 5.077, 5.136, 4.692, 4.165, 4.931, 5.01, 5.39, 5.55, 4.922, 5.5, 5.443, 3.976, 4.402, 4.703, 4.264, 3.868, 4.267, 3.658, 3.532, 3.309, 3.156, 4.808, 4.87, 4.785, 5.503, 6.066, 6.616, 6.471, 6.334, 6.035, 6.126, 6.622, 4.99, 4.943, 5.37, 4.858, 4.26, 3.057, 3.207, 4.141, 6.249, 6.52, 6.053, 4.377, 4.129, 3.454, 3.181, 3.314, 4.18, 5.626, 5.472, 4.604, 4.623, 4.193, 3.31, 3.067, 4.885, 7.493, 7.138, 6.089, 6.269, 7.51, 7.49, 6.322, 5.152, 4.44, 5.315, 6.105, 5.432, 5.454, 6.615, 6.525, 6.083, 5.491, 4.418, 4.542, 3.799, 3.799, 3.875, 6.115, 5.489, 4.143, 3.871, 3.506, 3.865, 5.514, 6.035, 5.762, 5.604, 5.778, 6.038, 5.64, 5.286, 5.213, 4.349, 4.611, 5.39, 5.232, 4.994, 5.225, 5.625, 5.025, 3.688, 3.79, 5.369, 8.875, 8.214, 5.903, 3.181, 2.933, 3.035, 3.249, 3.091, 2.924, 3.118, 2.532, 2.92, 2.864, 3.061, 3.097, 3.833, 4.959, 7.421, 10.151, 10.373, 10.032, 10.8, 12.024, 11.955, 10.464, 9.736, 10.481, 11.804, 13.42, 15.065, 14.245, 12.927, 12.62, 11.935, 10.825, 10.373, 9.528, 7.375, 9.045, 12.201, 12.896, 13.337, 12.879, 11.771, 10.779, 8.126, 6.474, 6.691, 5.77, 7.099, 13.358, 16.456, 16.863, 17.281, 17.993, 18.295, 18.443, 17.773, 17.363, 17.094, 15.235, 15.356, 16.332, 15.071, 13.782, 15.052, 16.767, 17.554, 18.664, 19.216, 19.594, 19.872, 19.931, 20.004, 20.576, 19.244, 12.994, 4.191, 2.25, 2.511, 3.456, 3.662, 3.84, 3.408, 3.313, 4.164, 4.106, 3.718, 3.918, 4.72, 4.104, 5.705, 4.395, 3.469, 3.6, 5.324, 7.404, 6.901, 5.497, 5.276, 4.355, 4.143, 4.804, 3.864], [3.403, 5.189, 3.829, 2.006, 2.683, 2.728, 1.922, 0.0, 1.301, 1.418, 2.256, 2.785, 3.049, 2.831, 2.661, 2.835, 3.446, 3.291, 3.868, 4.277, 4.288, 4.536, 5.041, 4.563, 4.35, 6.095, 6.023, 5.677, 5.894, 5.068, 5.344, 5.486, 4.253, 5.326, 4.997, 4.669, 4.134, 4.488, 3.886, 3.148, 2.96, 3.265, 5.03, 5.238, 5.239, 6.055, 6.661, 7.238, 6.921, 6.721, 6.644, 6.591, 7.061, 5.277, 5.26, 5.722, 5.35, 4.902, 3.454, 3.366, 4.571, 7.258, 8.133, 7.551, 4.884, 4.079, 3.635, 3.164, 3.309, 3.835, 4.75, 4.764, 4.064, 4.26, 3.821, 3.381, 2.878, 3.344, 5.757, 5.495, 4.519, 4.824, 6.076, 5.914, 4.606, 3.371, 2.739, 3.742, 4.549, 4.082, 4.314, 5.208, 5.033, 4.592, 4.147, 3.998, 3.726, 3.428, 5.202, 3.926, 5.382, 4.957, 3.888, 3.363, 2.817, 3.031, 4.105, 4.636, 4.329, 4.304, 4.626, 5.034, 4.746, 4.597, 4.604, 3.823, 4.152, 5.041, 5.038, 4.842, 5.142, 5.63, 5.048, 3.799, 4.183, 6.551, 10.346, 9.516, 7.185, 3.933, 2.661, 2.675, 3.164, 3.074, 2.79, 3.703, 3.055, 2.66, 2.971, 3.128, 3.0, 3.156, 3.638, 5.841, 8.499, 8.705, 8.527, 9.3, 10.44, 10.524, 8.876, 8.052, 8.968, 10.283, 11.882, 13.535, 12.741, 11.411, 11.126, 10.479, 9.435, 8.884, 8.185, 6.24, 7.696, 10.803, 11.498, 11.963, 11.459, 10.353, 9.368, 7.192, 5.991, 6.313, 5.39, 5.921, 11.802, 14.882, 15.329, 15.729, 16.367, 16.777, 16.953, 16.297, 15.882, 15.571, 13.647, 13.828, 14.811, 13.499, 12.218, 13.575, 15.265, 16.001, 17.088, 17.589, 17.827, 18.172, 18.234, 18.313, 18.89, 17.548, 11.309, 3.854, 2.039, 1.952, 3.281, 2.825, 2.814, 2.893, 3.245, 3.88, 3.632, 3.378, 4.014, 5.074, 3.744, 4.479, 3.738, 3.505, 3.417, 4.129, 5.911, 5.342, 3.774, 3.671, 3.123, 3.211, 3.72, 3.267], [3.541, 4.958, 3.508, 2.308, 3.129, 3.253, 2.588, 1.301, 0.0, 1.446, 1.6, 2.104, 2.221, 2.091, 2.188, 2.312, 2.91, 2.801, 3.386, 3.775, 3.688, 4.023, 4.727, 4.208, 4.131, 6.585, 6.744, 5.847, 6.194, 5.105, 4.76, 4.826, 4.067, 5.658, 5.163, 4.708, 4.058, 4.543, 3.566, 2.667, 2.503, 3.028, 5.031, 5.352, 5.354, 6.097, 6.703, 7.225, 6.692, 6.302, 6.681, 6.761, 7.103, 5.102, 4.803, 5.302, 5.293, 5.141, 3.809, 3.707, 4.828, 7.957, 8.681, 8.16, 5.353, 4.01, 3.506, 2.894, 3.029, 3.574, 4.226, 4.005, 3.295, 3.591, 3.463, 3.44, 2.695, 2.671, 5.112, 4.824, 3.918, 3.99, 5.233, 5.132, 3.832, 2.909, 2.235, 3.187, 3.931, 3.544, 3.708, 4.637, 4.465, 3.975, 3.601, 3.627, 3.245, 2.985, 5.791, 3.374, 4.585, 4.163, 3.087, 2.474, 2.088, 2.119, 3.257, 3.812, 3.486, 3.405, 3.89, 4.35, 4.096, 3.863, 3.909, 2.95, 3.285, 4.187, 4.258, 4.239, 4.643, 5.153, 4.492, 3.732, 4.334, 7.016, 10.964, 10.277, 7.907, 4.404, 2.308, 2.003, 2.571, 2.488, 2.536, 3.914, 3.506, 2.599, 3.024, 3.144, 2.709, 2.201, 2.675, 5.079, 7.686, 7.889, 7.664, 8.44, 9.941, 9.843, 8.287, 7.511, 8.439, 9.76, 11.368, 12.979, 12.127, 10.86, 10.551, 9.849, 8.81, 8.402, 7.656, 5.687, 7.148, 10.212, 10.774, 11.369, 10.934, 9.839, 8.944, 6.687, 5.456, 5.721, 4.749, 5.424, 11.199, 14.297, 14.733, 15.151, 15.808, 16.042, 16.213, 15.525, 15.109, 14.775, 13.014, 13.252, 14.222, 12.962, 11.635, 12.764, 14.565, 15.22, 16.24, 16.814, 17.146, 17.496, 17.491, 17.496, 18.079, 16.752, 10.796, 3.329, 2.199, 1.481, 2.993, 2.194, 1.992, 2.344, 2.892, 3.376, 2.765, 2.743, 3.615, 4.725, 3.138, 3.916, 3.238, 3.517, 3.035, 3.68, 5.476, 4.82, 3.324, 3.169, 2.532, 2.588, 3.046, 2.829], [3.277, 4.738, 3.411, 2.53, 2.571, 2.801, 2.104, 1.418, 1.446, 0.0, 1.786, 2.777, 2.642, 2.431, 2.44, 2.623, 3.123, 2.974, 3.591, 3.904, 3.764, 4.167, 4.88, 4.314, 4.207, 5.917, 6.164, 5.496, 5.889, 4.998, 4.864, 4.921, 3.962, 4.806, 4.791, 4.47, 4.155, 4.795, 3.933, 2.96, 2.792, 3.292, 4.93, 5.156, 5.31, 5.861, 6.312, 6.891, 6.518, 6.213, 6.212, 6.335, 6.901, 5.156, 4.676, 5.228, 5.021, 4.656, 3.385, 3.228, 4.394, 7.287, 8.074, 7.572, 5.046, 3.858, 3.455, 3.04, 3.103, 3.784, 4.527, 4.474, 3.596, 3.742, 3.398, 3.08, 2.436, 3.38, 5.845, 5.576, 4.703, 4.737, 5.923, 5.842, 4.564, 3.628, 3.034, 3.535, 4.379, 4.395, 4.575, 5.455, 5.346, 4.797, 4.329, 3.959, 3.669, 3.351, 5.068, 3.3, 4.536, 4.07, 3.205, 2.564, 2.337, 2.436, 3.892, 4.578, 4.109, 4.052, 4.337, 4.555, 4.196, 4.001, 4.066, 3.244, 3.478, 4.499, 4.47, 4.345, 4.629, 5.058, 4.518, 3.692, 4.144, 6.47, 10.399, 9.67, 7.333, 4.007, 2.52, 2.26, 2.821, 2.78, 2.739, 3.519, 2.928, 2.442, 3.051, 3.235, 2.592, 2.61, 3.312, 5.698, 8.424, 8.527, 8.287, 9.192, 10.689, 10.632, 9.085, 8.324, 9.176, 10.49, 12.105, 13.731, 12.893, 11.598, 11.276, 10.626, 9.539, 9.105, 8.289, 6.065, 7.635, 10.736, 11.298, 12.016, 11.626, 10.518, 9.602, 7.184, 5.532, 5.819, 4.929, 5.973, 11.96, 15.069, 15.506, 15.924, 16.6, 16.824, 16.945, 16.207, 15.87, 15.576, 13.767, 14.023, 14.994, 13.706, 12.397, 13.565, 15.254, 15.916, 16.872, 17.487, 17.879, 18.186, 18.214, 18.214, 18.816, 17.482, 11.588, 3.549, 1.686, 1.844, 2.844, 2.637, 2.361, 2.265, 2.751, 3.619, 3.041, 2.876, 3.845, 4.569, 3.381, 4.568, 3.53, 3.283, 3.163, 4.29, 6.164, 5.576, 4.113, 3.921, 3.162, 3.123, 3.709, 2.932], [3.9, 4.86, 3.695, 3.138, 3.729, 3.551, 2.957, 2.256, 1.6, 1.786, 0.0, 1.378, 1.471, 1.637, 2.156, 2.092, 2.413, 2.184, 2.611, 3.001, 3.082, 3.618, 4.346, 3.752, 3.841, 6.824, 6.974, 5.717, 6.58, 5.348, 4.568, 4.502, 3.638, 5.377, 4.702, 4.165, 3.687, 4.88, 4.037, 2.868, 2.732, 3.311, 5.237, 5.719, 5.341, 5.558, 6.037, 6.481, 5.949, 5.576, 6.019, 6.164, 6.455, 4.572, 4.046, 4.45, 4.634, 4.545, 3.266, 3.11, 4.316, 7.77, 8.553, 7.89, 5.107, 3.788, 3.322, 2.664, 3.107, 3.808, 4.3, 3.767, 3.562, 3.74, 3.511, 3.618, 2.878, 3.156, 5.225, 4.808, 3.841, 3.812, 4.847, 4.97, 4.126, 3.253, 2.557, 3.158, 3.92, 4.087, 4.319, 5.064, 4.978, 4.488, 3.945, 3.968, 3.475, 3.152, 6.278, 3.215, 4.08, 3.61, 2.931, 2.429, 1.883, 1.749, 3.068, 3.603, 3.397, 3.452, 3.747, 4.236, 4.0, 3.884, 4.02, 3.08, 3.261, 4.373, 4.392, 4.469, 4.864, 5.284, 4.584, 4.024, 4.962, 7.666, 11.589, 10.984, 8.646, 5.188, 2.966, 2.489, 2.782, 2.802, 3.098, 4.663, 4.078, 2.954, 3.674, 3.664, 2.855, 2.34, 2.564, 5.006, 7.781, 7.828, 7.473, 8.341, 9.748, 9.659, 8.209, 7.549, 8.134, 9.46, 11.105, 12.691, 11.892, 10.545, 10.194, 9.538, 8.453, 8.042, 7.268, 4.959, 6.381, 9.542, 10.216, 10.826, 10.455, 9.365, 8.372, 5.913, 4.371, 4.654, 3.661, 4.834, 10.98, 14.061, 14.47, 14.86, 15.632, 15.857, 15.951, 15.221, 14.878, 14.59, 12.888, 12.946, 13.927, 12.71, 11.408, 12.648, 14.314, 15.105, 16.178, 16.88, 17.395, 17.617, 17.642, 17.668, 18.217, 16.912, 10.766, 2.615, 2.106, 1.638, 3.22, 2.649, 2.325, 2.433, 2.852, 3.515, 3.015, 3.106, 4.08, 4.359, 3.008, 3.721, 2.832, 3.275, 2.475, 3.009, 4.999, 4.621, 3.344, 3.114, 2.327, 2.139, 2.647, 2.643], [4.735, 5.097, 3.857, 3.737, 4.51, 4.368, 3.675, 2.785, 2.104, 2.777, 1.378, 0.0, 0.959, 1.63, 2.224, 2.228, 2.306, 1.995, 2.575, 2.861, 2.939, 3.399, 4.118, 3.589, 3.953, 7.617, 7.722, 6.331, 7.258, 5.96, 4.351, 4.139, 4.021, 5.683, 4.995, 4.312, 4.269, 5.175, 4.492, 3.178, 3.125, 3.797, 5.806, 6.54, 6.081, 5.92, 6.298, 6.377, 5.757, 5.397, 6.068, 6.439, 6.286, 5.08, 4.01, 4.279, 4.954, 5.013, 3.764, 3.597, 5.097, 8.518, 9.047, 8.275, 5.369, 4.148, 3.649, 3.244, 3.532, 3.742, 3.871, 3.241, 3.356, 3.758, 3.658, 4.124, 3.439, 2.663, 4.225, 3.788, 2.949, 2.922, 4.257, 4.347, 3.442, 2.928, 2.382, 2.723, 3.755, 3.848, 4.353, 4.689, 4.637, 4.269, 3.778, 4.328, 3.52, 3.443, 7.088, 3.466, 4.101, 3.607, 3.152, 2.505, 2.111, 1.675, 2.202, 2.627, 2.472, 2.622, 3.324, 3.827, 3.765, 3.907, 4.056, 3.094, 3.15, 4.122, 4.207, 4.444, 5.056, 5.163, 4.6, 4.648, 5.724, 8.481, 12.359, 11.751, 9.417, 6.011, 3.731, 3.064, 3.369, 3.339, 3.737, 5.596, 4.783, 3.6, 4.397, 4.4, 3.605, 2.145, 1.725, 4.037, 6.83, 6.946, 6.591, 7.303, 8.718, 8.789, 7.217, 6.654, 7.161, 8.453, 10.088, 11.697, 10.906, 9.552, 9.233, 8.528, 7.451, 7.077, 6.205, 4.013, 5.482, 8.646, 9.276, 9.853, 9.5, 8.401, 7.376, 4.796, 3.799, 4.017, 2.922, 3.789, 9.956, 13.076, 13.494, 13.866, 14.682, 14.91, 14.997, 14.277, 13.901, 13.589, 11.842, 11.958, 12.934, 11.688, 10.564, 11.677, 13.299, 14.109, 15.198, 15.924, 16.453, 16.661, 16.669, 16.745, 17.25, 15.956, 9.772, 2.482, 2.513, 2.125, 3.703, 2.759, 2.473, 3.03, 3.117, 3.391, 2.978, 3.374, 4.778, 4.583, 2.723, 2.953, 2.392, 3.545, 2.521, 2.194, 4.067, 3.954, 2.542, 2.423, 1.845, 1.731, 1.979, 2.847], [4.354, 4.452, 3.293, 3.667, 4.059, 4.154, 3.606, 3.049, 2.221, 2.642, 1.471, 0.959, 0.0, 1.278, 1.96, 2.093, 2.016, 1.712, 2.176, 2.514, 2.523, 2.961, 3.672, 3.195, 3.692, 7.288, 7.443, 5.938, 6.807, 5.563, 3.744, 3.519, 3.568, 5.304, 4.632, 3.935, 3.994, 4.818, 4.116, 2.781, 2.754, 3.416, 5.306, 6.018, 5.744, 5.632, 6.041, 6.004, 5.384, 5.012, 5.743, 6.073, 5.897, 4.742, 3.637, 3.93, 4.54, 4.751, 3.468, 3.335, 4.749, 8.254, 8.776, 8.038, 5.137, 3.743, 3.338, 2.994, 3.207, 3.432, 3.495, 3.048, 2.825, 3.296, 3.073, 3.715, 3.057, 2.539, 4.5, 4.042, 3.385, 3.285, 4.634, 4.715, 3.74, 3.352, 2.793, 3.039, 3.964, 4.079, 4.565, 5.052, 5.042, 4.69, 4.224, 4.204, 3.728, 3.223, 6.696, 3.016, 3.797, 3.181, 2.658, 2.121, 1.941, 1.408, 2.491, 2.921, 2.75, 2.616, 3.276, 3.574, 3.531, 3.571, 3.57, 2.497, 2.614, 3.544, 3.624, 3.874, 4.499, 4.583, 4.008, 4.287, 5.283, 8.016, 12.037, 11.41, 9.092, 5.603, 3.425, 2.702, 3.004, 2.998, 3.412, 5.327, 4.544, 3.19, 4.008, 4.064, 3.263, 1.776, 1.99, 4.29, 7.024, 7.248, 6.862, 7.544, 9.097, 9.21, 7.61, 7.02, 7.59, 8.857, 10.5, 12.128, 11.322, 9.95, 9.607, 8.931, 7.875, 7.482, 6.572, 4.408, 5.953, 9.061, 9.631, 10.262, 9.891, 8.788, 7.756, 5.079, 3.375, 3.686, 2.728, 4.131, 10.345, 13.482, 13.937, 14.274, 15.083, 15.303, 15.435, 14.74, 14.274, 13.912, 12.229, 12.364, 13.345, 12.084, 11.002, 12.013, 13.785, 14.472, 15.48, 16.229, 16.7, 17.006, 16.961, 16.966, 17.489, 16.182, 10.159, 2.079, 2.334, 1.947, 3.414, 2.592, 2.208, 2.636, 2.597, 2.882, 2.654, 2.89, 4.348, 4.171, 2.376, 2.997, 2.207, 3.201, 2.136, 2.51, 4.497, 4.418, 2.974, 2.83, 1.954, 1.826, 2.181, 2.497], [3.521, 4.015, 2.976, 3.163, 3.343, 3.343, 3.176, 2.831, 2.091, 2.431, 1.637, 1.63, 1.278, 0.0, 1.086, 1.313, 1.495, 1.328, 2.178, 2.49, 2.647, 2.734, 3.326, 2.746, 2.877, 6.463, 6.622, 5.183, 6.0, 4.635, 3.464, 3.243, 2.784, 4.364, 3.859, 3.287, 3.075, 4.361, 3.465, 2.359, 2.267, 2.759, 4.848, 5.271, 4.936, 4.741, 5.194, 5.584, 5.036, 4.577, 5.172, 5.243, 5.397, 4.079, 3.128, 3.496, 3.682, 3.836, 2.582, 2.615, 3.932, 7.306, 7.91, 7.172, 4.252, 2.994, 2.517, 2.242, 2.725, 3.152, 3.45, 3.132, 2.63, 3.115, 2.78, 3.169, 2.468, 2.906, 5.4, 4.919, 4.116, 4.016, 5.418, 5.513, 4.572, 3.826, 3.283, 3.74, 4.886, 4.793, 5.153, 5.948, 5.723, 5.298, 4.737, 4.456, 4.136, 3.427, 5.865, 2.677, 4.028, 3.245, 2.573, 2.224, 2.061, 2.11, 3.378, 3.794, 3.59, 3.325, 3.991, 4.131, 3.83, 3.838, 3.768, 2.444, 2.51, 3.387, 3.434, 3.589, 4.156, 4.258, 3.671, 3.633, 4.539, 7.303, 11.271, 10.688, 8.359, 4.889, 2.768, 2.084, 2.43, 2.422, 2.796, 4.62, 3.849, 2.486, 3.292, 3.288, 2.433, 1.613, 2.866, 5.163, 7.906, 8.075, 7.761, 8.446, 9.921, 10.074, 8.418, 7.878, 8.392, 9.658, 11.328, 12.933, 12.1, 10.782, 10.43, 9.745, 8.704, 8.312, 7.369, 5.204, 6.739, 9.861, 10.486, 11.075, 10.707, 9.608, 8.565, 5.865, 3.74, 3.951, 3.117, 5.016, 11.178, 14.282, 14.731, 15.09, 15.881, 16.079, 16.21, 15.52, 15.052, 14.715, 13.038, 13.19, 14.162, 12.907, 11.817, 12.805, 14.576, 15.257, 16.327, 17.121, 17.604, 17.89, 17.849, 17.847, 18.336, 17.032, 10.967, 2.209, 1.722, 1.553, 3.086, 2.51, 2.347, 1.891, 2.002, 2.578, 2.53, 2.687, 3.606, 3.608, 2.142, 3.443, 2.28, 2.602, 1.657, 3.272, 5.357, 5.203, 3.724, 3.577, 2.514, 2.237, 2.835, 2.519], [3.474, 4.311, 3.158, 2.988, 2.981, 2.991, 2.864, 2.661, 2.188, 2.44, 2.156, 2.224, 1.96, 1.086, 0.0, 1.339, 1.806, 1.758, 2.449, 2.92, 3.181, 3.227, 3.674, 3.003, 3.049, 6.136, 6.243, 5.344, 5.915, 4.539, 3.963, 3.662, 2.945, 4.108, 3.873, 3.401, 3.113, 4.544, 3.583, 2.666, 2.512, 3.0, 5.054, 5.295, 4.989, 4.826, 5.075, 5.635, 5.069, 4.718, 5.059, 4.987, 5.394, 4.206, 3.508, 3.71, 3.622, 3.675, 2.407, 2.497, 3.794, 6.928, 7.519, 6.565, 3.898, 3.09, 2.664, 2.178, 2.798, 3.248, 3.751, 3.601, 2.929, 3.474, 2.979, 3.212, 2.563, 3.439, 5.925, 5.456, 4.627, 4.605, 5.983, 6.137, 5.177, 4.292, 3.836, 4.374, 5.52, 5.347, 5.572, 6.536, 6.345, 5.932, 5.364, 4.633, 4.412, 3.68, 5.614, 3.077, 4.57, 3.788, 3.02, 2.651, 2.61, 2.745, 4.003, 4.366, 4.195, 3.889, 4.495, 4.747, 4.185, 4.214, 4.126, 2.844, 2.937, 3.758, 3.749, 3.818, 4.373, 4.476, 3.844, 3.583, 4.154, 6.909, 10.888, 10.243, 7.905, 4.411, 2.635, 2.291, 2.778, 2.68, 2.775, 4.184, 3.384, 2.234, 2.939, 2.867, 2.311, 2.221, 3.486, 5.791, 8.556, 8.692, 8.387, 8.867, 10.366, 10.532, 8.908, 8.411, 8.776, 10.007, 11.699, 13.276, 12.483, 11.092, 10.71, 10.053, 8.999, 8.742, 7.737, 5.685, 7.099, 10.258, 10.793, 11.384, 10.978, 9.874, 8.834, 6.252, 4.224, 4.468, 3.741, 5.409, 11.496, 14.644, 15.078, 15.384, 16.248, 16.502, 16.632, 15.951, 15.481, 15.103, 13.48, 13.489, 14.455, 13.184, 12.226, 13.345, 15.004, 15.82, 16.853, 17.695, 18.152, 18.444, 18.39, 18.469, 18.95, 17.643, 11.456, 2.873, 1.847, 1.869, 3.201, 2.882, 2.865, 2.153, 2.298, 2.771, 2.899, 2.926, 3.664, 3.909, 2.424, 3.905, 2.81, 2.736, 1.95, 3.775, 5.757, 5.69, 4.245, 4.113, 3.012, 2.705, 3.313, 3.064], [3.465, 3.751, 2.602, 2.843, 3.614, 3.351, 3.465, 2.835, 2.312, 2.623, 2.092, 2.228, 2.093, 1.313, 1.339, 0.0, 1.289, 1.349, 1.967, 2.301, 2.72, 2.676, 3.021, 2.382, 2.544, 6.244, 6.248, 4.739, 5.826, 4.44, 3.469, 3.176, 2.462, 4.159, 3.389, 2.796, 2.781, 4.094, 3.317, 2.106, 2.008, 2.605, 4.534, 5.115, 4.727, 4.54, 4.811, 5.149, 4.676, 4.304, 4.728, 4.829, 4.959, 3.614, 2.924, 3.266, 3.308, 3.429, 2.169, 2.173, 3.498, 6.985, 7.75, 6.904, 3.95, 2.54, 2.086, 1.643, 2.036, 2.527, 3.17, 3.261, 2.582, 3.192, 2.393, 2.751, 2.183, 3.23, 5.565, 5.102, 4.111, 4.31, 5.704, 5.746, 4.822, 4.045, 3.577, 4.091, 5.185, 5.219, 5.618, 6.343, 6.135, 5.729, 5.343, 5.333, 4.988, 4.313, 5.789, 2.566, 4.12, 3.429, 2.578, 2.58, 2.387, 2.623, 3.695, 4.003, 3.82, 3.53, 4.203, 4.539, 3.916, 3.943, 3.771, 2.354, 2.489, 3.067, 3.02, 3.107, 3.696, 3.816, 3.17, 3.206, 4.237, 7.023, 10.952, 10.305, 7.92, 4.459, 2.171, 1.899, 2.38, 2.216, 2.472, 4.085, 3.249, 1.944, 2.884, 2.909, 1.792, 1.946, 3.102, 5.408, 8.18, 8.376, 8.058, 8.744, 10.049, 10.132, 8.477, 7.889, 8.438, 9.759, 11.425, 13.03, 12.182, 10.903, 10.535, 9.898, 8.834, 8.323, 7.592, 5.535, 6.949, 10.129, 10.784, 11.218, 10.819, 9.699, 8.769, 6.364, 4.369, 4.74, 3.868, 5.227, 11.271, 14.382, 14.815, 15.227, 15.989, 16.252, 16.393, 15.736, 15.271, 14.961, 13.189, 13.307, 14.295, 13.034, 11.877, 13.023, 14.776, 15.516, 16.62, 17.344, 17.757, 18.078, 18.082, 18.118, 18.628, 17.309, 11.038, 2.665, 2.281, 2.101, 2.972, 2.666, 2.622, 2.229, 2.126, 2.214, 2.535, 2.534, 3.585, 3.423, 2.104, 3.586, 2.566, 2.128, 1.503, 3.411, 5.392, 5.218, 3.773, 3.653, 2.56, 2.339, 2.894, 2.695], [4.006, 3.937, 2.779, 3.42, 4.067, 3.735, 3.956, 3.446, 2.91, 3.123, 2.413, 2.306, 2.016, 1.495, 1.806, 1.289, 0.0, 0.896, 1.688, 1.939, 2.156, 2.249, 2.627, 2.184, 2.786, 6.956, 6.853, 5.157, 6.329, 4.939, 3.043, 2.639, 2.934, 4.724, 3.707, 2.963, 3.288, 4.482, 3.788, 2.223, 2.174, 3.029, 4.943, 5.675, 5.29, 5.143, 5.239, 5.005, 4.489, 4.161, 4.66, 4.785, 4.863, 4.199, 3.116, 3.116, 3.721, 3.99, 2.771, 2.546, 4.033, 7.559, 8.369, 7.616, 4.543, 2.845, 2.345, 2.29, 2.325, 2.474, 2.502, 2.721, 2.211, 2.726, 2.19, 3.167, 2.526, 2.719, 4.867, 4.431, 3.55, 3.901, 5.288, 5.262, 4.56, 4.118, 3.665, 3.647, 4.954, 5.358, 5.746, 6.431, 6.244, 5.859, 5.483, 5.544, 5.111, 4.439, 6.359, 2.437, 3.73, 3.067, 2.609, 2.244, 2.335, 2.436, 3.114, 3.508, 3.241, 3.124, 3.782, 3.818, 3.177, 3.492, 3.368, 2.147, 2.216, 2.801, 2.869, 3.047, 3.724, 3.684, 3.352, 3.809, 4.923, 7.714, 11.625, 10.891, 8.536, 5.097, 2.915, 2.303, 2.706, 2.788, 3.064, 4.744, 3.847, 2.507, 3.482, 3.511, 2.265, 1.71, 2.81, 4.794, 7.562, 7.751, 7.517, 8.165, 9.386, 9.628, 7.825, 7.272, 7.859, 9.171, 10.807, 12.439, 11.626, 10.302, 9.967, 9.345, 8.281, 7.739, 7.038, 4.891, 6.439, 9.516, 10.227, 10.707, 10.27, 9.16, 8.12, 5.672, 3.425, 3.8, 2.988, 4.656, 10.686, 13.801, 14.245, 14.644, 15.412, 15.76, 15.905, 15.24, 14.777, 14.45, 12.56, 12.739, 13.719, 12.431, 11.409, 12.487, 14.166, 14.914, 16.007, 16.698, 17.108, 17.383, 17.404, 17.488, 18.0, 16.673, 10.344, 2.235, 2.885, 2.622, 3.287, 3.176, 2.928, 2.601, 1.931, 1.781, 1.967, 2.374, 4.055, 3.978, 1.818, 2.843, 1.836, 2.15, 1.67, 2.939, 4.94, 4.868, 3.473, 3.28, 2.3, 2.232, 2.566, 2.418], [3.864, 3.642, 2.42, 3.185, 3.905, 3.495, 3.633, 3.291, 2.801, 2.974, 2.184, 1.995, 1.712, 1.328, 1.758, 1.349, 0.896, 0.0, 1.194, 1.657, 1.979, 2.124, 2.467, 2.018, 2.677, 6.731, 6.577, 4.964, 6.142, 4.796, 2.814, 2.666, 2.724, 4.635, 3.601, 2.815, 3.025, 4.072, 3.544, 1.938, 1.837, 2.769, 4.665, 5.525, 5.147, 5.074, 5.203, 5.091, 4.578, 4.255, 4.854, 5.094, 4.81, 3.909, 2.81, 3.073, 3.808, 3.841, 2.577, 2.246, 3.829, 7.308, 8.167, 7.464, 4.413, 2.775, 2.254, 1.992, 1.957, 2.289, 2.583, 2.689, 2.266, 2.563, 2.196, 2.906, 2.298, 2.712, 5.119, 4.64, 3.766, 3.932, 5.304, 5.282, 4.386, 3.891, 3.521, 3.568, 4.719, 5.117, 5.597, 6.164, 6.077, 5.723, 5.284, 5.344, 4.939, 4.242, 6.211, 2.12, 3.576, 2.803, 2.213, 1.972, 2.056, 2.061, 3.227, 3.656, 3.403, 3.066, 3.556, 3.715, 3.118, 3.17, 3.069, 1.809, 1.916, 2.686, 2.693, 2.93, 3.611, 3.829, 3.19, 3.625, 4.776, 7.542, 11.443, 10.669, 8.375, 4.945, 2.856, 2.137, 2.505, 2.561, 2.888, 4.737, 3.727, 2.376, 3.265, 3.346, 2.278, 1.55, 2.801, 5.045, 7.805, 8.02, 7.697, 8.43, 9.579, 9.677, 8.062, 7.38, 8.003, 9.331, 10.975, 12.613, 11.801, 10.476, 10.157, 9.556, 8.469, 7.922, 7.166, 5.062, 6.586, 9.721, 10.446, 10.926, 10.453, 9.344, 8.249, 5.739, 3.514, 3.817, 3.013, 4.695, 10.902, 13.972, 14.4, 14.803, 15.564, 15.962, 16.113, 15.416, 14.978, 14.677, 12.766, 12.902, 13.874, 12.594, 11.395, 12.701, 14.389, 15.175, 16.281, 16.924, 17.332, 17.625, 17.644, 17.731, 18.264, 16.929, 10.535, 1.726, 2.756, 2.409, 2.978, 2.777, 2.528, 2.433, 1.994, 1.78, 1.884, 2.047, 3.889, 3.611, 1.644, 3.106, 1.895, 1.936, 1.342, 2.88, 4.935, 4.698, 3.257, 3.073, 2.074, 1.79, 2.293, 2.035], [4.209, 3.967, 2.601, 3.785, 4.439, 3.968, 4.152, 3.868, 3.386, 3.591, 2.611, 2.575, 2.176, 2.178, 2.449, 1.967, 1.688, 1.194, 0.0, 1.071, 1.564, 1.906, 2.437, 2.197, 3.187, 6.953, 6.776, 5.354, 6.532, 5.292, 2.681, 2.627, 3.186, 5.169, 4.238, 3.271, 3.307, 3.972, 3.814, 2.117, 2.048, 3.028, 4.957, 5.838, 5.453, 5.444, 5.648, 5.216, 4.448, 4.228, 5.139, 5.578, 5.055, 4.116, 3.322, 3.104, 4.227, 4.107, 2.872, 2.376, 4.051, 7.577, 8.482, 7.613, 4.757, 3.39, 2.816, 2.233, 2.175, 2.244, 2.498, 2.664, 2.316, 2.781, 2.407, 3.241, 2.745, 2.925, 5.144, 4.651, 4.198, 4.093, 5.174, 5.255, 4.41, 4.412, 3.845, 3.883, 4.469, 5.055, 5.676, 6.074, 6.19, 5.895, 5.647, 5.842, 5.389, 4.725, 6.524, 2.431, 3.218, 2.679, 2.212, 2.134, 2.175, 2.094, 3.271, 3.572, 3.444, 3.169, 3.342, 3.645, 2.891, 2.84, 2.516, 1.602, 1.828, 2.517, 2.77, 3.37, 3.711, 4.013, 3.596, 3.938, 5.109, 7.815, 11.717, 10.93, 8.621, 5.217, 3.277, 2.458, 2.783, 2.861, 3.171, 5.065, 4.099, 2.78, 3.534, 3.642, 2.785, 2.243, 3.079, 5.069, 7.826, 8.045, 7.614, 8.341, 9.392, 9.449, 8.036, 7.329, 7.805, 9.101, 10.721, 12.358, 11.653, 10.221, 9.941, 9.346, 8.233, 7.714, 7.01, 4.918, 6.504, 9.6, 10.264, 10.734, 10.151, 9.042, 7.944, 5.573, 3.266, 3.652, 2.795, 4.422, 10.747, 13.74, 14.166, 14.551, 15.375, 15.791, 15.914, 15.282, 14.833, 14.527, 12.715, 12.626, 13.602, 12.37, 11.146, 12.683, 14.359, 15.189, 16.293, 16.934, 17.332, 17.639, 17.667, 17.749, 18.281, 16.956, 10.531, 1.324, 3.467, 3.146, 3.627, 3.436, 2.955, 3.197, 2.799, 2.343, 2.227, 2.079, 4.163, 4.065, 1.856, 3.156, 2.204, 2.436, 1.612, 2.634, 4.617, 4.423, 3.384, 2.997, 2.159, 1.837, 2.296, 2.21], [4.636, 4.115, 2.775, 4.344, 4.971, 4.53, 4.679, 4.277, 3.775, 3.904, 3.001, 2.861, 2.514, 2.49, 2.92, 2.301, 1.939, 1.657, 1.071, 0.0, 0.985, 1.379, 2.159, 2.112, 3.385, 7.375, 7.227, 5.702, 6.877, 5.592, 2.59, 2.284, 3.47, 5.529, 4.437, 3.56, 3.683, 4.347, 4.169, 2.526, 2.511, 3.427, 5.341, 6.241, 5.861, 5.872, 6.071, 5.389, 4.432, 4.16, 5.229, 5.737, 5.165, 4.544, 3.573, 3.271, 4.672, 4.561, 3.306, 2.793, 4.439, 7.951, 8.86, 8.18, 5.159, 3.614, 2.881, 2.589, 2.495, 2.17, 1.987, 2.019, 1.976, 2.559, 2.419, 3.577, 3.116, 2.569, 4.507, 4.151, 4.179, 4.056, 4.601, 4.609, 4.07, 4.641, 4.231, 3.831, 4.25, 5.347, 5.996, 6.327, 6.472, 6.199, 5.977, 6.163, 5.683, 5.048, 6.911, 2.563, 2.523, 2.532, 2.646, 2.207, 2.42, 2.237, 2.908, 3.077, 2.877, 2.789, 2.703, 2.964, 2.159, 2.408, 2.253, 1.815, 1.893, 2.322, 2.866, 3.453, 3.643, 3.872, 3.774, 4.287, 5.431, 8.182, 12.075, 11.295, 8.99, 5.617, 3.851, 2.934, 3.223, 3.302, 3.657, 5.532, 4.514, 3.205, 3.917, 4.013, 3.001, 2.417, 3.234, 4.425, 7.189, 7.389, 7.009, 7.744, 8.864, 8.949, 7.426, 6.727, 7.297, 8.611, 10.251, 11.887, 11.126, 9.763, 9.452, 8.85, 7.756, 7.211, 6.463, 4.317, 5.944, 9.056, 9.765, 10.228, 9.739, 8.63, 7.55, 4.958, 2.639, 3.038, 2.172, 3.932, 10.194, 13.268, 13.693, 14.084, 14.846, 15.264, 15.406, 14.745, 14.304, 13.992, 12.107, 12.179, 13.156, 11.876, 10.63, 12.058, 13.753, 14.557, 15.66, 16.303, 16.709, 17.006, 17.023, 17.111, 17.628, 16.314, 9.884, 1.366, 3.828, 3.397, 4.033, 3.798, 3.244, 3.47, 2.968, 2.493, 2.32, 2.432, 4.527, 4.307, 1.751, 2.978, 2.096, 2.55, 1.873, 2.326, 4.287, 4.085, 3.383, 2.78, 2.202, 1.945, 2.269, 2.433], [4.86, 4.194, 2.906, 4.435, 5.032, 4.684, 4.897, 4.288, 3.688, 3.764, 3.082, 2.939, 2.523, 2.647, 3.181, 2.72, 2.156, 1.979, 1.564, 0.985, 0.0, 1.118, 2.252, 2.372, 3.716, 7.661, 7.561, 5.939, 7.034, 5.696, 2.645, 2.417, 3.851, 5.891, 4.814, 3.923, 4.119, 4.602, 4.328, 2.698, 2.699, 3.634, 5.47, 6.407, 6.081, 6.343, 6.557, 5.772, 4.762, 4.385, 5.519, 6.139, 5.51, 4.971, 3.879, 3.697, 5.141, 5.096, 3.799, 3.38, 4.952, 8.376, 9.22, 8.73, 5.636, 3.747, 3.087, 3.039, 2.913, 2.372, 1.775, 1.87, 1.74, 2.216, 2.365, 3.742, 3.187, 2.307, 4.043, 4.007, 3.989, 3.873, 4.444, 4.313, 3.839, 4.392, 3.972, 3.473, 4.131, 5.053, 5.733, 6.026, 6.174, 5.893, 5.71, 5.972, 5.425, 4.842, 7.043, 2.722, 2.487, 2.497, 2.672, 2.063, 2.344, 2.023, 2.775, 3.046, 2.749, 2.579, 2.305, 2.446, 1.825, 2.344, 2.189, 1.712, 1.858, 2.523, 3.05, 3.572, 3.636, 3.941, 3.812, 4.38, 5.533, 8.282, 12.232, 11.432, 9.155, 5.717, 3.942, 3.052, 3.363, 3.463, 3.814, 5.735, 4.729, 3.392, 4.023, 4.185, 3.264, 2.318, 2.892, 3.993, 6.72, 6.944, 6.626, 7.398, 8.659, 8.745, 7.117, 6.35, 7.141, 8.457, 10.085, 11.716, 10.932, 9.587, 9.285, 8.671, 7.6, 7.046, 6.293, 4.139, 5.735, 8.804, 9.481, 10.081, 9.585, 8.476, 7.421, 4.855, 2.481, 2.795, 2.107, 3.784, 9.979, 13.067, 13.509, 13.912, 14.617, 15.032, 15.186, 14.481, 14.053, 13.723, 11.811, 12.01, 12.989, 11.701, 10.424, 11.766, 13.468, 14.182, 15.232, 15.798, 16.165, 16.48, 16.532, 16.617, 17.165, 15.832, 9.571, 1.555, 3.917, 3.383, 4.127, 3.714, 3.075, 3.388, 2.8, 2.424, 2.259, 2.514, 4.668, 4.542, 1.808, 2.651, 2.077, 2.654, 2.193, 2.219, 4.328, 4.12, 3.276, 2.792, 2.067, 1.932, 2.238, 2.488], [4.701, 3.651, 2.791, 4.676, 5.232, 4.756, 5.077, 4.536, 4.023, 4.167, 3.618, 3.399, 2.961, 2.734, 3.227, 2.676, 2.249, 2.124, 1.906, 1.379, 1.118, 0.0, 1.399, 1.552, 2.916, 7.194, 7.024, 5.344, 6.488, 5.132, 2.399, 1.847, 3.271, 5.299, 4.139, 3.15, 3.548, 3.956, 3.843, 2.516, 2.562, 3.278, 4.956, 5.87, 5.524, 5.706, 5.856, 4.925, 3.922, 3.541, 4.673, 5.3, 4.605, 4.456, 3.212, 2.943, 4.405, 4.467, 3.224, 3.0, 4.409, 7.763, 8.716, 8.093, 4.955, 3.07, 2.491, 2.746, 2.703, 2.052, 2.023, 2.367, 1.815, 2.355, 2.372, 3.543, 3.299, 2.557, 4.658, 4.68, 4.502, 4.467, 5.186, 4.985, 4.69, 5.015, 4.639, 3.923, 5.043, 5.899, 6.494, 6.902, 7.01, 6.716, 6.451, 6.417, 6.072, 5.391, 6.598, 2.641, 3.015, 2.877, 2.813, 2.784, 2.933, 2.766, 3.477, 3.74, 3.395, 3.351, 3.205, 3.134, 2.504, 3.234, 2.858, 2.09, 2.179, 2.321, 2.617, 3.24, 3.144, 3.233, 3.097, 3.891, 5.023, 7.867, 11.74, 10.91, 8.611, 5.523, 4.158, 3.154, 3.49, 3.489, 3.88, 5.604, 4.5, 3.243, 3.787, 3.841, 3.134, 2.504, 3.546, 4.605, 7.321, 7.547, 7.327, 8.071, 9.199, 9.357, 7.703, 6.915, 7.668, 8.98, 10.606, 12.237, 11.509, 10.172, 9.892, 9.282, 8.192, 7.629, 6.864, 4.725, 6.352, 9.443, 10.157, 10.672, 10.168, 9.052, 7.986, 5.377, 2.985, 3.334, 2.61, 4.3, 10.574, 13.615, 14.026, 14.455, 15.227, 15.647, 15.799, 15.126, 14.681, 14.358, 12.414, 12.542, 13.518, 12.224, 11.018, 12.389, 14.069, 14.804, 15.874, 16.437, 16.776, 17.094, 17.15, 17.235, 17.779, 16.437, 10.125, 1.905, 3.997, 3.502, 4.342, 3.95, 3.417, 3.551, 2.708, 2.266, 2.434, 2.765, 4.171, 3.997, 1.97, 3.011, 2.054, 2.398, 2.174, 2.792, 4.944, 4.887, 3.801, 3.442, 2.579, 2.606, 2.879, 2.746], [4.394, 2.58, 2.581, 4.857, 5.402, 4.486, 5.136, 5.041, 4.727, 4.88, 4.346, 4.118, 3.672, 3.326, 3.674, 3.021, 2.627, 2.467, 2.437, 2.159, 2.252, 1.399, 0.0, 1.037, 2.027, 6.111, 5.904, 4.227, 5.401, 4.066, 2.052, 1.296, 2.427, 4.291, 3.015, 2.334, 2.789, 3.089, 3.22, 2.547, 2.724, 2.869, 4.068, 4.802, 4.417, 4.542, 4.649, 3.708, 2.762, 2.377, 3.473, 4.091, 3.426, 3.283, 2.083, 1.891, 3.222, 3.464, 2.957, 2.82, 3.393, 6.598, 7.56, 6.938, 3.858, 2.087, 1.992, 2.596, 2.578, 1.967, 2.941, 3.372, 2.244, 2.624, 2.531, 3.299, 3.362, 3.367, 5.736, 5.656, 5.39, 5.308, 6.075, 5.979, 5.715, 5.877, 5.547, 4.815, 6.062, 6.918, 7.465, 7.891, 7.96, 7.664, 7.27, 7.098, 6.807, 6.049, 5.96, 2.372, 3.968, 3.651, 3.12, 3.526, 3.752, 3.756, 4.444, 4.672, 4.356, 4.377, 4.356, 4.24, 3.567, 4.14, 3.667, 2.673, 2.742, 2.449, 2.528, 2.855, 2.785, 2.685, 2.494, 3.122, 4.181, 7.018, 10.75, 10.102, 7.872, 5.419, 4.132, 3.339, 3.484, 3.328, 3.824, 5.531, 4.358, 3.168, 3.605, 3.454, 3.034, 3.136, 4.445, 5.711, 8.434, 8.64, 8.401, 9.173, 10.267, 10.419, 8.726, 7.985, 8.776, 10.076, 11.701, 13.343, 12.569, 11.23, 10.944, 10.335, 9.246, 8.693, 7.923, 5.762, 7.421, 10.551, 11.264, 11.709, 11.232, 10.116, 9.042, 6.329, 3.891, 4.142, 3.262, 5.365, 11.635, 14.704, 15.145, 15.542, 16.279, 16.689, 16.837, 16.179, 15.745, 15.429, 13.517, 13.644, 14.621, 13.314, 12.115, 13.454, 15.137, 15.888, 16.969, 17.542, 17.915, 18.225, 18.252, 18.33, 18.862, 17.538, 11.195, 2.572, 4.392, 3.916, 4.312, 4.387, 4.129, 4.026, 2.783, 2.257, 2.839, 2.893, 3.332, 2.989, 2.261, 3.905, 2.755, 2.054, 2.316, 3.768, 5.929, 5.851, 4.793, 4.479, 3.538, 3.498, 3.89, 3.468], [4.065, 2.675, 2.337, 4.456, 4.958, 4.132, 4.692, 4.563, 4.208, 4.314, 3.752, 3.589, 3.195, 2.746, 3.003, 2.382, 2.184, 2.018, 2.197, 2.112, 2.372, 1.552, 1.037, 0.0, 1.785, 6.033, 5.821, 4.3, 5.481, 4.138, 2.121, 1.445, 2.192, 4.199, 2.948, 2.006, 2.425, 3.113, 2.979, 2.239, 2.483, 2.608, 3.979, 4.87, 4.476, 4.401, 4.494, 3.59, 2.908, 2.62, 3.382, 3.909, 3.287, 3.165, 1.99, 1.835, 3.04, 3.141, 2.403, 2.168, 3.162, 6.524, 7.468, 6.764, 3.712, 1.989, 1.581, 2.126, 2.148, 1.996, 3.09, 3.366, 2.363, 2.833, 2.392, 2.929, 2.945, 3.389, 5.85, 5.468, 4.846, 4.885, 5.997, 6.012, 5.662, 5.516, 5.239, 4.558, 6.062, 6.639, 7.152, 7.631, 7.654, 7.344, 6.948, 6.666, 6.403, 5.664, 5.7, 2.222, 4.121, 3.428, 2.901, 3.207, 3.4, 3.527, 4.305, 4.589, 4.36, 4.239, 4.554, 4.398, 3.745, 4.259, 3.75, 2.493, 2.568, 2.519, 2.527, 2.721, 2.775, 2.76, 2.431, 3.095, 4.223, 7.025, 10.798, 10.202, 7.836, 5.075, 3.773, 3.005, 3.081, 2.991, 3.441, 5.19, 3.998, 2.807, 3.285, 3.234, 2.643, 2.646, 4.157, 5.78, 8.547, 8.75, 8.414, 9.161, 10.246, 10.378, 8.728, 8.061, 8.697, 10.012, 11.652, 13.288, 12.508, 11.176, 10.865, 10.244, 9.17, 8.633, 7.853, 5.754, 7.37, 10.536, 11.248, 11.636, 11.159, 10.043, 8.987, 6.303, 3.871, 4.11, 3.221, 5.313, 11.616, 14.643, 15.081, 15.478, 16.222, 16.643, 16.786, 16.131, 15.695, 15.41, 13.519, 13.576, 14.556, 13.255, 12.045, 13.4, 15.118, 15.905, 17.009, 17.662, 18.062, 18.356, 18.371, 18.46, 18.99, 17.658, 11.247, 2.313, 3.828, 3.441, 4.005, 3.937, 3.763, 3.53, 2.32, 1.919, 2.692, 2.799, 3.308, 2.842, 2.158, 3.847, 2.585, 1.577, 1.797, 3.639, 5.862, 5.616, 4.525, 4.168, 3.185, 3.106, 3.473, 3.148], [3.243, 2.015, 2.22, 4.177, 4.629, 3.563, 4.165, 4.35, 4.131, 4.207, 3.841, 3.953, 3.692, 2.877, 3.049, 2.544, 2.786, 2.677, 3.187, 3.385, 3.716, 2.916, 2.027, 1.785, 0.0, 4.48, 4.371, 2.945, 3.908, 2.521, 2.543, 2.342, 1.174, 2.858, 1.948, 1.358, 1.473, 2.133, 1.855, 2.274, 2.612, 1.918, 2.949, 3.257, 2.854, 2.972, 3.211, 3.347, 2.748, 2.511, 3.09, 3.151, 3.181, 1.903, 1.444, 1.827, 1.953, 2.12, 2.038, 2.381, 2.047, 5.091, 5.971, 5.267, 2.338, 1.1, 1.304, 1.939, 2.156, 2.621, 4.56, 4.856, 3.751, 3.948, 2.994, 2.609, 2.945, 4.665, 7.232, 6.905, 5.922, 6.117, 7.481, 7.361, 6.513, 5.706, 5.35, 5.615, 6.912, 6.955, 7.298, 8.078, 7.872, 7.453, 6.933, 6.614, 6.313, 5.581, 4.733, 2.509, 5.054, 4.152, 3.164, 3.761, 3.809, 4.17, 5.387, 5.859, 5.536, 5.271, 5.753, 5.82, 5.045, 5.219, 4.594, 3.185, 3.236, 3.129, 2.529, 2.435, 2.599, 2.679, 1.915, 1.902, 2.805, 5.503, 9.232, 8.722, 6.568, 4.287, 3.105, 2.801, 2.839, 2.56, 3.026, 4.418, 3.052