[[0.0, 1.659, 2.707, 3.404, 2.596, 3.109, 3.906, 4.41, 5.497, 5.878, 6.325, 5.997, 4.613, 4.314, 5.482, 8.771, 9.768, 8.985, 8.745, 7.914, 6.605, 4.878, 4.283, 3.697, 2.799, 2.543, 2.175, 2.103, 2.938, 3.921, 4.46, 5.006, 4.323, 3.839, 3.82, 4.563, 4.072, 3.612, 4.489, 5.204, 5.64, 4.916, 2.754, 1.01, 2.208, 4.488, 5.886, 7.435, 7.813, 4.125, 2.674, 5.407, 8.25, 10.886, 12.119, 11.818, 11.745, 11.638, 9.384, 7.869, 6.656, 4.496, 3.153, 2.437, 2.436, 1.431, 3.312, 5.648, 5.878, 6.726, 6.27, 3.657, 2.778, 3.563, 3.57, 1.912, 1.912, 1.767, 6.084, 8.844, 5.639, 2.331, 2.532, 3.173, 3.086, 3.455, 5.196, 6.038, 6.395, 6.253, 7.157, 7.768, 5.633, 6.36, 8.545, 8.629, 8.073, 9.437, 11.717, 13.327, 13.385, 12.045, 11.533, 11.879, 11.697, 10.606, 8.147, 6.264, 5.659, 4.68, 4.446, 5.664, 6.534, 6.528, 6.239, 5.573, 6.759, 7.335, 5.715, 3.136, 1.923, 2.053, 1.931, 1.855, 2.967, 3.482, 2.567, 3.219, 2.912, 2.641, 2.322, 1.849, 3.939, 5.923, 6.901, 6.42, 5.796, 5.43, 4.507, 4.933, 4.723, 4.911, 5.157, 4.974, 5.144, 5.119], [1.659, 0.0, 1.868, 2.453, 1.969, 2.264, 3.102, 3.449, 4.603, 4.956, 5.558, 5.462, 4.148, 4.378, 5.633, 7.87, 8.842, 8.07, 7.83, 6.981, 5.684, 4.648, 4.687, 4.153, 3.208, 3.116, 2.818, 3.014, 4.045, 4.916, 5.097, 5.455, 5.165, 4.839, 4.311, 4.011, 4.023, 3.215, 3.709, 4.377, 4.986, 4.498, 3.309, 2.057, 3.281, 5.67, 7.045, 8.448, 8.96, 5.217, 2.691, 6.075, 7.336, 9.959, 11.189, 10.903, 10.821, 10.717, 8.499, 7.145, 5.937, 3.957, 2.775, 2.066, 2.647, 1.976, 3.097, 4.928, 5.009, 5.801, 5.648, 3.087, 1.841, 2.727, 2.801, 1.971, 2.739, 2.698, 7.081, 10.008, 6.843, 3.372, 3.528, 4.206, 3.939, 4.022, 4.997, 5.853, 6.731, 6.444, 7.056, 7.453, 5.943, 5.441, 7.664, 7.79, 7.182, 8.537, 10.795, 12.405, 12.463, 11.11, 10.608, 10.957, 10.776, 9.691, 7.225, 5.342, 4.747, 3.822, 4.105, 5.151, 6.033, 5.771, 5.445, 4.719, 5.788, 6.446, 5.449, 3.674, 2.485, 2.975, 2.799, 2.443, 3.132, 3.799, 3.65, 4.23, 4.117, 3.82, 3.45, 2.148, 3.27, 4.932, 5.979, 5.546, 4.889, 4.895, 4.962, 4.912, 4.796, 5.218, 5.274, 4.655, 5.004, 4.53], [2.707, 1.868, 0.0, 1.182, 1.529, 1.913, 2.327, 2.306, 3.32, 3.661, 4.288, 4.507, 3.248, 3.549, 4.539, 6.555, 7.547, 6.766, 6.526, 5.677, 4.449, 3.859, 4.361, 3.801, 2.632, 2.762, 2.852, 3.131, 3.98, 4.267, 4.135, 4.398, 4.407, 3.997, 3.418, 3.07, 2.815, 1.924, 2.382, 3.12, 3.853, 3.368, 2.517, 2.97, 4.289, 6.813, 8.18, 9.578, 10.173, 6.514, 2.09, 4.97, 6.086, 8.656, 9.905, 9.589, 9.51, 9.478, 7.192, 5.864, 4.497, 2.841, 2.184, 2.874, 4.042, 3.226, 2.016, 3.622, 3.67, 4.482, 4.323, 1.815, 1.491, 1.665, 2.077, 3.05, 3.558, 3.497, 8.246, 11.139, 8.016, 4.536, 3.083, 3.767, 3.486, 3.294, 3.802, 4.762, 5.602, 5.182, 5.777, 6.157, 4.799, 4.136, 6.337, 6.45, 5.859, 7.229, 9.5, 11.11, 11.168, 9.815, 9.313, 9.662, 9.48, 8.387, 5.93, 4.053, 3.695, 2.905, 3.48, 4.276, 4.949, 4.611, 4.258, 3.54, 4.486, 5.167, 4.229, 2.724, 2.143, 2.983, 3.346, 2.856, 2.455, 2.963, 3.791, 5.22, 5.367, 5.175, 4.638, 2.411, 2.236, 3.748, 4.683, 4.288, 3.663, 3.667, 4.389, 3.9, 4.002, 4.345, 4.247, 3.619, 4.13, 3.63], [3.404, 2.453, 1.182, 0.0, 1.715, 2.076, 2.128, 2.069, 3.021, 3.333, 3.966, 4.426, 3.299, 3.661, 4.467, 6.321, 7.228, 6.45, 6.203, 5.345, 4.188, 3.919, 4.377, 4.022, 3.106, 3.293, 3.62, 3.881, 4.317, 4.236, 4.068, 4.308, 4.327, 3.903, 3.235, 2.97, 2.748, 1.927, 2.184, 3.118, 3.722, 3.3, 2.547, 3.594, 4.876, 7.369, 8.796, 10.169, 10.797, 7.036, 2.035, 4.86, 5.73, 8.351, 9.583, 9.266, 9.191, 9.242, 6.953, 5.605, 4.222, 2.711, 2.188, 3.386, 4.697, 3.857, 2.054, 3.62, 3.581, 4.225, 4.044, 1.867, 1.902, 1.959, 2.211, 3.67, 4.136, 4.093, 8.837, 11.685, 8.664, 5.097, 3.263, 3.81, 3.682, 3.225, 3.77, 4.689, 5.505, 5.088, 5.666, 6.136, 4.709, 3.822, 6.003, 6.119, 5.609, 6.887, 9.181, 10.791, 10.844, 9.495, 8.994, 9.342, 9.16, 8.053, 5.601, 3.824, 3.333, 2.556, 3.354, 4.174, 4.817, 4.221, 3.95, 3.328, 4.209, 5.027, 4.131, 2.541, 2.315, 3.341, 3.957, 3.423, 2.873, 3.052, 4.426, 5.911, 6.074, 5.863, 5.261, 3.06, 2.184, 3.551, 4.366, 4.135, 3.273, 3.58, 4.325, 3.798, 3.89, 4.31, 4.088, 3.516, 4.019, 3.635], [2.596, 1.969, 1.529, 1.715, 0.0, 1.789, 2.383, 2.718, 3.922, 4.291, 4.704, 4.358, 3.083, 3.315, 4.279, 7.195, 8.177, 7.408, 7.167, 6.321, 5.014, 4.285, 4.883, 3.927, 3.084, 3.043, 3.002, 3.249, 4.098, 4.329, 4.268, 4.205, 4.284, 3.995, 3.657, 3.667, 2.915, 2.301, 2.847, 3.555, 4.278, 3.843, 2.961, 2.717, 4.101, 6.477, 8.042, 9.588, 9.98, 6.231, 2.312, 5.107, 6.677, 9.301, 10.53, 10.234, 10.156, 10.032, 7.694, 6.244, 5.237, 3.235, 2.075, 2.986, 4.072, 3.026, 2.186, 4.208, 4.273, 5.074, 4.481, 2.141, 2.167, 2.348, 2.323, 3.31, 3.222, 3.508, 8.273, 10.91, 7.691, 4.19, 2.973, 3.679, 3.481, 2.953, 3.974, 4.63, 5.523, 5.271, 5.78, 6.223, 4.894, 4.743, 6.947, 7.019, 6.473, 7.847, 10.13, 11.74, 11.798, 10.445, 9.943, 10.292, 10.11, 9.03, 6.559, 4.677, 4.29, 3.468, 4.047, 4.79, 5.52, 5.226, 4.818, 4.05, 5.096, 5.711, 4.731, 3.046, 2.322, 2.912, 3.527, 2.955, 3.244, 3.479, 4.072, 5.285, 4.961, 4.733, 4.324, 2.207, 2.529, 4.26, 5.314, 4.833, 4.247, 4.163, 4.373, 4.175, 4.367, 4.656, 4.488, 3.977, 4.453, 4.01], [3.109, 2.264, 1.913, 2.076, 1.789, 0.0, 1.671, 2.536, 3.3, 3.643, 4.338, 5.113, 3.715, 4.16, 5.11, 6.684, 7.479, 6.714, 6.469, 5.634, 4.598, 4.364, 4.747, 4.424, 3.513, 3.599, 3.694, 3.944, 4.81, 4.794, 4.82, 5.023, 4.997, 4.643, 4.136, 3.558, 3.514, 2.725, 2.72, 3.639, 4.5, 3.893, 3.354, 3.074, 4.352, 6.855, 8.23, 9.627, 10.144, 6.366, 2.682, 5.703, 6.092, 8.609, 9.846, 9.539, 9.467, 9.363, 7.19, 6.081, 5.293, 3.414, 2.191, 2.332, 3.59, 3.035, 2.707, 4.099, 4.003, 4.614, 4.519, 2.338, 2.175, 2.074, 1.928, 3.351, 3.88, 3.536, 8.276, 11.193, 8.031, 4.588, 3.677, 4.25, 4.231, 3.891, 4.379, 5.326, 6.227, 5.799, 6.382, 6.702, 5.439, 4.104, 6.27, 6.533, 5.904, 7.212, 9.445, 11.041, 11.099, 9.746, 9.245, 9.593, 9.412, 8.327, 5.861, 4.096, 3.92, 3.083, 3.743, 4.666, 5.413, 4.882, 4.547, 3.932, 4.635, 5.57, 4.755, 3.778, 2.892, 2.979, 3.338, 2.802, 3.358, 3.524, 4.704, 5.597, 5.341, 4.979, 4.452, 2.432, 2.622, 3.667, 4.656, 4.47, 3.73, 4.099, 4.927, 4.685, 4.597, 4.904, 4.955, 4.375, 4.836, 4.266], [3.906, 3.102, 2.327, 2.128, 2.383, 1.671, 0.0, 1.378, 2.062, 2.482, 3.355, 4.303, 3.485, 4.105, 4.385, 5.345, 6.143, 5.331, 5.083, 4.29, 3.448, 4.182, 4.482, 4.471, 3.7, 3.91, 4.255, 4.472, 5.013, 4.547, 4.015, 4.267, 4.492, 3.989, 3.495, 3.192, 3.4, 2.27, 1.855, 2.992, 3.548, 3.213, 2.958, 4.02, 5.451, 7.941, 9.346, 10.613, 11.301, 7.34, 2.537, 4.865, 4.823, 7.247, 8.488, 8.157, 8.066, 8.159, 6.144, 5.157, 4.164, 2.44, 1.627, 3.169, 4.476, 3.895, 2.109, 2.939, 2.837, 3.541, 3.462, 2.029, 2.516, 1.971, 2.007, 4.007, 4.612, 4.566, 9.269, 12.258, 9.239, 5.679, 4.054, 4.321, 4.678, 3.461, 3.691, 4.579, 5.404, 4.805, 5.286, 5.691, 4.568, 2.939, 4.908, 5.277, 4.726, 5.8, 8.076, 9.806, 9.81, 8.43, 7.912, 8.254, 8.055, 6.942, 4.524, 2.9, 3.089, 2.532, 3.311, 3.992, 4.269, 3.791, 3.384, 3.024, 3.664, 4.518, 3.887, 3.216, 3.219, 3.641, 4.246, 3.649, 3.554, 3.228, 5.061, 6.228, 6.281, 5.992, 5.332, 3.214, 1.806, 2.704, 3.39, 3.472, 2.802, 3.257, 4.772, 4.025, 3.938, 4.348, 4.137, 3.714, 4.12, 3.711], [4.41, 3.449, 2.306, 2.069, 2.718, 2.536, 1.378, 0.0, 1.619, 1.945, 2.904, 3.404, 2.697, 3.55, 3.48, 4.625, 5.648, 4.794, 4.542, 3.828, 2.776, 3.342, 3.711, 3.884, 3.256, 3.556, 4.02, 4.292, 4.396, 3.774, 3.126, 3.394, 3.693, 3.321, 2.744, 2.553, 2.692, 1.74, 1.639, 2.293, 2.668, 2.461, 2.749, 4.545, 6.006, 8.444, 9.877, 11.115, 11.823, 7.843, 2.242, 3.94, 4.158, 6.684, 7.894, 7.572, 7.553, 7.764, 5.639, 4.611, 3.486, 1.93, 1.973, 3.753, 4.916, 4.336, 1.714, 2.008, 2.206, 2.89, 2.9, 1.67, 2.608, 2.441, 2.76, 4.317, 4.755, 5.046, 9.735, 12.758, 9.771, 6.176, 3.909, 3.961, 4.076, 2.842, 2.89, 3.73, 4.573, 3.891, 4.26, 4.676, 3.595, 2.374, 4.429, 4.667, 4.13, 5.3, 7.544, 9.342, 9.34, 7.937, 7.422, 7.754, 7.509, 6.388, 4.017, 2.738, 2.953, 2.371, 2.623, 3.225, 3.297, 3.171, 2.655, 2.268, 3.148, 3.712, 3.223, 2.593, 3.144, 4.026, 4.765, 4.223, 3.274, 2.738, 4.641, 6.23, 6.568, 6.359, 5.55, 3.387, 1.574, 2.315, 2.886, 2.623, 2.367, 2.511, 3.955, 3.105, 3.062, 3.542, 3.35, 2.88, 3.264, 2.947], [5.497, 4.603, 3.32, 3.021, 3.922, 3.3, 2.062, 1.619, 0.0, 1.136, 2.203, 3.453, 3.426, 4.14, 3.926, 3.789, 4.537, 3.583, 3.362, 2.953, 2.689, 3.926, 4.264, 4.626, 3.911, 4.209, 4.622, 5.074, 5.102, 3.837, 2.982, 3.263, 3.846, 3.606, 2.932, 2.833, 3.128, 2.581, 1.525, 2.278, 2.454, 2.381, 3.201, 5.575, 6.791, 9.305, 10.766, 11.903, 12.67, 8.467, 2.935, 3.551, 3.123, 5.472, 6.747, 6.468, 6.675, 7.003, 5.089, 3.796, 2.685, 2.016, 2.591, 4.245, 5.737, 5.2, 2.651, 1.603, 1.643, 2.36, 2.536, 2.215, 3.073, 2.594, 2.798, 4.972, 5.433, 5.817, 10.339, 13.554, 10.584, 6.895, 4.581, 4.883, 4.965, 3.553, 2.917, 3.755, 4.38, 3.84, 4.143, 4.585, 3.619, 1.994, 3.485, 3.824, 3.406, 4.372, 6.479, 8.055, 8.144, 6.706, 6.268, 6.496, 6.273, 5.142, 2.81, 2.001, 2.55, 2.124, 2.741, 3.22, 2.933, 2.551, 2.048, 2.038, 2.547, 3.407, 3.008, 3.183, 3.987, 4.672, 5.331, 4.904, 3.513, 3.214, 5.436, 6.955, 7.278, 7.428, 6.417, 4.341, 2.418, 1.7, 1.849, 2.101, 1.621, 2.476, 4.254, 2.791, 2.867, 3.304, 3.463, 3.109, 3.092, 3.075], [5.878, 4.956, 3.661, 3.333, 4.291, 3.643, 2.482, 1.945, 1.136, 0.0, 1.829, 3.36, 3.199, 3.989, 3.738, 3.603, 4.112, 3.258, 3.005, 2.486, 2.362, 3.708, 4.035, 4.548, 3.884, 4.214, 4.931, 5.36, 5.27, 3.784, 2.972, 3.326, 3.756, 3.722, 2.846, 2.644, 2.955, 2.512, 1.81, 2.207, 2.316, 2.167, 3.589, 5.926, 7.216, 9.66, 11.159, 12.328, 13.071, 8.919, 3.368, 3.498, 3.062, 5.122, 6.441, 6.102, 6.256, 6.54, 4.714, 3.456, 2.803, 2.268, 2.95, 4.678, 6.141, 5.614, 2.82, 1.446, 1.459, 2.329, 2.369, 2.493, 3.457, 2.971, 2.953, 5.454, 5.875, 6.244, 10.786, 13.947, 10.971, 7.338, 4.969, 5.076, 5.21, 3.741, 2.886, 3.647, 4.252, 3.751, 3.919, 4.297, 3.619, 1.579, 3.072, 3.511, 3.147, 3.951, 6.034, 7.582, 7.689, 6.258, 5.814, 6.075, 5.853, 4.75, 2.34, 1.716, 2.461, 2.315, 2.74, 3.084, 2.812, 2.476, 1.985, 1.818, 2.207, 2.949, 2.668, 3.375, 4.374, 5.039, 5.757, 5.176, 3.687, 3.161, 5.514, 7.238, 7.778, 7.819, 6.852, 4.723, 2.363, 1.317, 1.371, 1.823, 1.548, 2.206, 4.081, 2.805, 2.855, 3.342, 3.371, 2.871, 2.935, 2.885], [6.325, 5.558, 4.288, 3.966, 4.704, 4.338, 3.355, 2.904, 2.203, 1.829, 0.0, 1.928, 2.705, 3.754, 2.849, 2.918, 3.509, 2.878, 2.707, 2.685, 2.476, 3.213, 4.079, 4.432, 4.138, 4.641, 5.404, 5.808, 5.578, 3.763, 2.646, 2.698, 3.579, 4.052, 3.551, 2.816, 2.993, 3.073, 2.201, 1.596, 1.54, 2.014, 4.514, 6.422, 7.862, 10.319, 11.747, 13.273, 13.679, 9.854, 4.174, 2.248, 2.391, 4.632, 5.862, 5.55, 5.542, 5.486, 3.308, 2.392, 2.747, 2.527, 3.905, 5.877, 7.104, 6.307, 3.378, 2.107, 2.237, 2.545, 2.378, 3.238, 4.326, 4.311, 4.333, 6.489, 6.65, 7.096, 11.9, 14.67, 11.547, 8.019, 5.526, 5.46, 5.556, 3.945, 1.819, 1.996, 2.621, 2.195, 2.572, 2.87, 2.055, 1.415, 2.259, 2.499, 2.214, 3.193, 5.439, 7.137, 7.172, 5.79, 5.299, 5.606, 5.419, 4.354, 2.599, 2.946, 3.772, 3.73, 3.566, 3.194, 2.628, 2.594, 2.027, 1.864, 1.22, 2.24, 1.895, 3.926, 5.077, 6.225, 6.934, 6.342, 4.877, 3.878, 5.747, 7.854, 8.393, 8.292, 7.397, 5.26, 2.795, 1.41, 1.409, 1.31, 1.729, 2.336, 3.49, 2.268, 2.659, 2.642, 2.487, 2.45, 2.712, 2.227], [5.997, 5.462, 4.507, 4.426, 4.358, 5.113, 4.303, 3.404, 3.453, 3.36, 1.928, 0.0, 2.145, 2.961, 2.267, 3.957, 4.719, 4.241, 4.171, 4.138, 3.221, 3.056, 3.894, 3.944, 3.92, 4.481, 5.139, 5.57, 5.2, 3.525, 2.535, 2.25, 3.097, 3.767, 3.525, 3.081, 3.056, 3.359, 3.256, 2.041, 1.839, 2.182, 4.664, 6.291, 7.749, 10.156, 11.701, 13.248, 13.614, 9.803, 4.187, 2.216, 3.215, 5.826, 7.052, 6.733, 6.714, 6.554, 4.345, 3.541, 3.723, 3.222, 4.197, 6.235, 7.219, 6.265, 3.476, 2.971, 3.38, 3.9, 3.459, 3.892, 4.949, 5.408, 5.638, 6.569, 6.448, 7.108, 11.905, 14.582, 11.354, 7.872, 5.32, 5.196, 4.901, 3.136, 1.482, 1.422, 2.091, 2.013, 2.46, 2.818, 1.761, 2.678, 3.514, 3.561, 3.119, 4.375, 6.634, 8.376, 8.389, 6.995, 6.498, 6.808, 6.609, 5.562, 4.171, 4.429, 4.903, 4.705, 3.845, 3.218, 2.64, 3.113, 2.516, 2.333, 2.433, 2.565, 2.362, 3.86, 5.123, 6.281, 7.04, 6.444, 5.131, 3.897, 5.455, 7.775, 8.052, 7.933, 7.22, 5.062, 3.177, 2.693, 3.082, 2.358, 2.799, 2.673, 3.14, 2.137, 2.601, 2.447, 2.294, 2.45, 2.596, 2.241], [4.613, 4.148, 3.248, 3.299, 3.083, 3.715, 3.485, 2.697, 3.426, 3.199, 2.705, 2.145, 0.0, 1.487, 1.745, 4.761, 5.782, 4.96, 4.696, 4.007, 2.745, 1.854, 2.594, 2.324, 2.458, 2.968, 3.588, 4.02, 3.651, 2.519, 2.371, 2.038, 1.984, 2.841, 2.399, 1.832, 1.724, 2.751, 2.977, 2.276, 2.369, 2.121, 3.797, 4.934, 6.306, 8.638, 10.218, 11.762, 12.116, 8.293, 2.958, 3.092, 4.282, 6.864, 8.091, 7.791, 7.792, 7.641, 5.467, 4.641, 4.706, 3.51, 3.706, 4.872, 5.887, 4.824, 2.715, 3.039, 3.46, 4.001, 3.403, 2.714, 3.827, 4.281, 4.308, 5.203, 4.897, 5.696, 10.465, 13.053, 9.841, 6.332, 3.78, 3.697, 3.504, 2.163, 2.38, 2.33, 3.175, 2.913, 3.366, 3.663, 2.617, 2.723, 4.507, 4.651, 4.134, 5.437, 7.691, 9.446, 9.473, 8.079, 7.585, 7.904, 7.677, 6.588, 4.393, 4.244, 4.045, 3.528, 2.562, 2.315, 3.019, 2.849, 2.731, 2.522, 3.161, 3.699, 2.876, 2.842, 3.774, 4.931, 5.668, 5.114, 3.859, 2.658, 3.93, 6.194, 6.492, 6.391, 5.663, 3.536, 2.798, 2.8, 3.292, 2.637, 2.298, 1.996, 1.892, 2.317, 2.212, 2.206, 2.147, 1.769, 2.196, 1.981], [4.314, 4.378, 3.549, 3.661, 3.315, 4.16, 4.105, 3.55, 4.14, 3.989, 3.754, 2.961, 1.487, 0.0, 2.059, 5.629, 6.671, 5.837, 5.606, 4.854, 3.615, 2.384, 2.985, 1.973, 2.121, 2.323, 2.83, 3.429, 3.094, 2.692, 2.599, 2.088, 1.808, 2.576, 2.485, 2.2, 1.863, 2.816, 3.44, 3.231, 3.264, 2.705, 3.446, 4.725, 5.862, 8.099, 9.618, 11.146, 11.475, 7.721, 2.747, 3.459, 5.264, 7.757, 8.986, 8.67, 8.697, 8.602, 6.521, 5.614, 5.58, 4.048, 3.631, 4.813, 5.716, 4.442, 2.653, 3.837, 4.007, 4.922, 4.156, 2.955, 3.831, 4.443, 4.496, 5.091, 4.102, 5.235, 9.876, 12.278, 9.218, 5.633, 2.916, 3.184, 3.149, 1.973, 3.088, 3.062, 3.427, 3.392, 3.56, 4.512, 3.263, 3.718, 5.411, 5.546, 5.089, 6.355, 8.617, 10.304, 10.357, 8.951, 8.499, 8.774, 8.565, 7.458, 5.253, 4.7, 4.387, 3.684, 3.177, 2.915, 3.574, 3.7, 3.573, 3.347, 4.071, 4.612, 3.579, 2.845, 3.419, 4.497, 5.238, 4.828, 3.619, 2.434, 3.489, 5.42, 5.592, 5.722, 5.124, 3.305, 3.163, 3.66, 4.307, 3.666, 3.292, 2.698, 2.115, 2.779, 2.705, 2.583, 2.575, 2.28, 2.458, 2.653], [5.482, 5.633, 4.539, 4.467, 4.279, 5.11, 4.385, 3.48, 3.926, 3.738, 2.849, 2.267, 1.745, 2.059, 0.0, 3.849, 4.922, 4.13, 4.089, 3.651, 2.47, 1.914, 2.984, 3.088, 3.281, 3.778, 4.343, 4.772, 4.388, 3.01, 2.26, 1.955, 2.339, 3.223, 2.942, 2.69, 2.416, 3.202, 3.662, 2.44, 2.38, 2.377, 4.268, 5.879, 7.035, 9.416, 10.983, 12.531, 12.886, 9.013, 3.776, 2.529, 4.019, 6.055, 7.246, 7.042, 6.979, 6.851, 5.032, 4.551, 4.931, 3.962, 4.154, 5.981, 6.902, 5.628, 3.152, 3.558, 4.021, 4.52, 4.035, 3.579, 4.881, 5.258, 5.482, 6.277, 5.627, 6.448, 11.153, 13.788, 10.562, 7.051, 4.509, 4.491, 4.297, 2.742, 2.314, 1.901, 2.253, 2.241, 2.831, 2.988, 2.079, 3.167, 3.837, 4.017, 3.593, 4.615, 6.87, 8.551, 8.624, 7.192, 6.748, 7.01, 6.799, 6.059, 4.682, 4.824, 4.93, 4.565, 3.588, 2.359, 2.413, 2.802, 2.766, 2.712, 2.924, 2.978, 2.286, 3.302, 4.575, 5.642, 6.409, 5.981, 4.795, 3.431, 4.767, 6.94, 7.176, 7.21, 6.451, 4.565, 3.335, 3.309, 3.379, 2.532, 2.941, 2.05, 1.821, 2.205, 2.428, 2.09, 1.584, 1.754, 1.926, 2.212], [8.771, 7.87, 6.555, 6.321, 7.195, 6.684, 5.345, 4.625, 3.789, 3.603, 2.918, 3.957, 4.761, 5.629, 3.849, 0.0, 1.488, 1.476, 1.755, 2.441, 2.762, 3.972, 5.236, 6.299, 6.27, 6.903, 7.677, 8.167, 7.965, 5.89, 4.718, 4.8, 5.53, 6.055, 5.43, 4.334, 5.099, 5.323, 4.446, 3.673, 3.204, 3.96, 6.469, 8.839, 10.078, 12.567, 14.006, 15.164, 15.909, 11.793, 6.179, 3.881, 2.656, 3.222, 4.258, 4.33, 4.113, 4.299, 3.151, 2.778, 3.263, 4.433, 5.798, 7.563, 8.991, 8.476, 5.631, 3.304, 3.14, 3.09, 3.566, 5.289, 6.327, 6.097, 6.341, 8.291, 8.704, 9.085, 13.683, 16.81, 13.845, 10.16, 7.71, 7.805, 8.023, 6.358, 4.02, 3.478, 3.384, 3.237, 3.19, 2.494, 3.558, 3.02, 1.85, 1.824, 1.49, 1.826, 3.065, 4.74, 4.83, 3.406, 3.129, 3.285, 3.699, 3.411, 3.405, 4.451, 5.764, 5.607, 5.11, 3.703, 3.103, 3.436, 3.136, 3.415, 2.33, 2.156, 3.39, 6.248, 7.249, 8.04, 8.679, 8.282, 6.686, 5.498, 8.152, 9.974, 10.586, 10.675, 9.578, 7.553, 4.998, 3.737, 2.751, 2.57, 3.463, 3.688, 4.836, 4.08, 4.212, 4.02, 3.77, 3.853, 3.739, 3.712], [9.768, 8.842, 7.547, 7.228, 8.177, 7.479, 6.143, 5.648, 4.537, 4.112, 3.509, 4.719, 5.782, 6.671, 4.922, 1.488, 0.0, 1.278, 1.772, 2.597, 3.362, 4.916, 6.168, 7.348, 7.295, 7.925, 8.729, 9.223, 8.987, 6.918, 5.746, 5.786, 6.58, 7.099, 6.448, 5.333, 6.116, 6.294, 5.352, 4.68, 4.142, 4.856, 7.364, 9.812, 11.086, 13.541, 14.979, 16.122, 16.871, 12.793, 7.203, 4.716, 2.807, 2.951, 3.847, 3.859, 3.733, 3.873, 3.242, 3.169, 3.901, 5.312, 6.814, 8.553, 9.964, 9.506, 6.664, 4.273, 4.075, 3.742, 4.106, 6.237, 7.261, 6.648, 6.634, 9.332, 9.709, 10.056, 14.678, 17.814, 14.851, 11.165, 8.711, 8.779, 8.999, 7.352, 4.956, 4.28, 3.978, 3.942, 3.744, 3.062, 4.346, 3.564, 1.674, 2.19, 2.073, 1.499, 2.253, 3.868, 3.896, 2.613, 2.252, 2.595, 2.844, 2.811, 3.45, 4.748, 6.002, 6.036, 5.856, 4.447, 3.796, 3.949, 3.935, 4.324, 3.082, 2.736, 4.191, 7.217, 8.239, 8.922, 9.588, 9.1, 7.413, 6.444, 9.195, 11.031, 11.66, 11.703, 10.599, 8.558, 5.973, 4.146, 3.123, 3.569, 4.218, 4.567, 5.806, 5.097, 5.218, 5.029, 4.743, 4.841, 4.712, 4.728], [8.985, 8.07, 6.766, 6.45, 7.408, 6.714, 5.331, 4.794, 3.583, 3.258, 2.878, 4.241, 4.96, 5.837, 4.13, 1.476, 1.278, 0.0, 0.988, 1.671, 2.585, 4.129, 5.362, 6.519, 6.486, 7.119, 7.894, 8.365, 8.181, 6.074, 4.897, 4.976, 5.697, 6.229, 5.505, 4.46, 5.25, 5.525, 4.563, 3.941, 3.41, 4.092, 6.573, 9.043, 10.255, 12.772, 14.21, 15.309, 16.1, 11.846, 6.371, 4.151, 2.673, 3.182, 4.32, 4.341, 4.249, 4.453, 3.538, 3.2, 3.489, 4.573, 5.987, 7.66, 9.158, 8.694, 5.851, 3.381, 3.201, 3.182, 3.553, 5.468, 6.48, 5.749, 5.792, 8.418, 8.839, 9.212, 13.743, 17.015, 14.05, 10.318, 7.913, 8.01, 8.228, 6.563, 4.274, 3.82, 3.792, 3.569, 3.491, 3.038, 3.905, 2.747, 1.513, 2.244, 2.028, 1.776, 3.098, 4.688, 4.729, 3.293, 2.991, 3.144, 3.176, 2.8, 2.642, 3.854, 5.092, 5.045, 4.879, 3.497, 2.935, 2.93, 2.965, 3.501, 2.424, 2.527, 3.473, 6.448, 7.453, 8.092, 8.737, 8.247, 6.609, 5.625, 8.368, 10.18, 10.766, 10.891, 9.765, 7.754, 5.167, 3.416, 2.345, 2.765, 3.25, 3.633, 4.99, 4.257, 4.364, 4.195, 3.981, 4.054, 3.903, 4.134], [8.745, 7.83, 6.526, 6.203, 7.167, 6.469, 5.083, 4.542, 3.362, 3.005, 2.707, 4.171, 4.696, 5.606, 4.089, 1.755, 1.772, 0.988, 0.0, 1.226, 2.301, 3.917, 5.122, 6.27, 6.246, 6.879, 7.699, 8.193, 7.948, 5.876, 4.729, 4.753, 5.544, 6.073, 5.301, 4.278, 5.089, 5.284, 4.322, 3.856, 3.211, 3.871, 6.329, 8.802, 10.093, 12.547, 13.969, 15.035, 15.859, 11.627, 6.162, 4.093, 2.558, 3.199, 4.55, 4.401, 4.441, 4.688, 3.692, 3.173, 3.411, 4.335, 5.784, 7.46, 8.918, 8.452, 5.594, 3.193, 2.98, 2.964, 3.407, 5.231, 6.239, 5.404, 5.426, 8.254, 8.648, 8.971, 13.555, 16.82, 13.858, 10.107, 7.711, 7.769, 8.006, 6.322, 4.162, 3.749, 3.778, 3.505, 3.438, 3.157, 3.834, 2.508, 1.429, 2.126, 2.016, 1.986, 3.64, 5.011, 4.828, 3.548, 3.03, 3.313, 3.143, 2.465, 2.104, 3.345, 4.522, 4.46, 4.43, 3.207, 2.748, 2.557, 2.614, 3.23, 2.339, 2.709, 3.328, 6.207, 7.246, 7.899, 8.565, 8.039, 6.357, 5.374, 8.134, 9.962, 10.577, 10.638, 9.515, 7.499, 4.927, 3.15, 2.108, 2.703, 3.067, 3.47, 4.7, 4.128, 4.173, 4.102, 3.819, 3.887, 3.717, 4.017], [7.914, 6.981, 5.677, 5.345, 6.321, 5.634, 4.29, 3.828, 2.953, 2.486, 2.685, 4.138, 4.007, 4.854, 3.651, 2.441, 2.597, 1.671, 1.226, 0.0, 1.577, 3.254, 4.355, 5.493, 5.43, 6.042, 6.863, 7.359, 7.116, 5.279, 4.313, 4.316, 4.914, 5.317, 4.608, 3.498, 4.279, 4.448, 3.516, 3.52, 2.996, 3.238, 5.493, 7.966, 9.272, 11.726, 13.133, 14.198, 15.023, 10.826, 5.341, 4.229, 2.877, 3.794, 5.242, 5.085, 5.148, 5.42, 4.307, 3.726, 3.93, 4.011, 4.948, 6.634, 8.099, 7.653, 4.806, 2.874, 2.593, 2.969, 3.353, 4.423, 5.403, 4.534, 4.578, 7.428, 7.827, 8.135, 12.733, 15.999, 13.036, 9.286, 6.889, 6.933, 7.184, 5.529, 4.09, 3.831, 3.919, 3.592, 3.785, 3.634, 3.994, 2.086, 1.968, 2.745, 2.572, 2.69, 4.494, 5.675, 5.585, 4.253, 3.724, 4.028, 3.836, 3.103, 1.95, 2.395, 3.595, 3.604, 3.657, 2.649, 2.528, 2.064, 2.316, 2.731, 2.327, 2.689, 3.003, 5.399, 6.424, 7.077, 7.744, 7.217, 5.51, 4.609, 7.352, 9.225, 9.814, 9.829, 8.732, 6.74, 4.082, 2.657, 1.823, 2.43, 2.515, 2.896, 4.083, 3.741, 3.582, 3.715, 3.343, 3.272, 3.138, 3.617], [6.605, 5.684, 4.449, 4.188, 5.014, 4.598, 3.448, 2.776, 2.689, 2.362, 2.476, 3.221, 2.745, 3.615, 2.47, 2.762, 3.362, 2.585, 2.301, 1.577, 0.0, 2.023, 3.059, 4.246, 4.148, 4.763, 5.637, 6.097, 5.835, 4.079, 3.285, 3.415, 3.699, 4.226, 3.514, 2.35, 3.104, 3.299, 3.018, 2.493, 2.126, 2.159, 4.321, 6.653, 8.012, 10.446, 11.855, 13.028, 13.759, 9.728, 4.13, 3.534, 2.874, 4.702, 5.999, 5.904, 5.877, 6.048, 4.855, 4.123, 4.084, 3.544, 3.812, 5.509, 6.828, 6.402, 3.591, 2.696, 2.808, 3.294, 3.599, 3.433, 4.217, 3.815, 4.081, 6.233, 6.647, 6.961, 11.621, 14.712, 11.763, 8.105, 5.652, 5.619, 5.879, 4.287, 3.162, 3.115, 3.488, 3.038, 3.496, 3.528, 3.307, 1.875, 2.619, 3.195, 2.895, 3.356, 5.344, 6.797, 6.824, 5.488, 5.005, 5.351, 5.164, 4.272, 2.924, 2.966, 3.373, 3.191, 2.781, 1.56, 1.851, 1.696, 1.592, 1.817, 2.087, 2.309, 2.281, 4.114, 5.124, 5.858, 6.529, 5.99, 4.261, 3.376, 6.072, 7.997, 8.613, 8.537, 7.52, 5.446, 3.095, 2.334, 2.013, 2.159, 1.981, 1.836, 2.897, 2.838, 2.674, 2.768, 2.447, 2.088, 2.222, 2.393], [4.878, 4.648, 3.859, 3.919, 4.285, 4.364, 4.182, 3.342, 3.926, 3.708, 3.213, 3.056, 1.854, 2.384, 1.914, 3.972, 4.916, 4.129, 3.917, 3.254, 2.023, 0.0, 1.887, 2.587, 2.621, 3.208, 3.999, 4.405, 4.147, 2.737, 2.512, 2.763, 2.487, 3.168, 2.547, 1.676, 2.209, 3.291, 3.703, 2.762, 2.388, 2.014, 3.637, 4.961, 6.386, 8.753, 10.191, 11.579, 12.098, 8.225, 2.907, 3.147, 4.333, 6.321, 7.553, 7.396, 7.267, 7.212, 5.627, 4.947, 5.034, 4.0, 3.925, 4.7, 5.642, 4.762, 3.338, 3.551, 3.923, 4.406, 4.366, 3.348, 3.875, 4.538, 4.583, 4.928, 5.07, 5.401, 10.208, 13.093, 10.06, 6.46, 4.015, 4.022, 4.147, 3.21, 3.037, 2.914, 3.108, 2.958, 3.581, 3.687, 2.708, 2.998, 3.948, 4.153, 3.885, 4.67, 6.845, 8.526, 8.52, 7.168, 6.704, 7.007, 6.827, 5.954, 4.643, 4.681, 4.338, 3.699, 2.437, 1.305, 2.238, 2.506, 2.58, 2.554, 3.073, 3.237, 2.535, 3.136, 3.678, 4.637, 5.334, 4.926, 3.53, 2.499, 4.398, 6.421, 6.985, 6.9, 5.929, 3.911, 3.442, 3.543, 3.516, 2.895, 2.603, 1.947, 1.417, 2.101, 1.818, 1.706, 1.622, 1.444, 1.636, 1.874], [4.283, 4.687, 4.361, 4.377, 4.883, 4.747, 4.482, 3.711, 4.264, 4.035, 4.079, 3.894, 2.594, 2.985, 2.984, 5.236, 6.168, 5.362, 5.122, 4.355, 3.059, 1.887, 0.0, 1.863, 2.569, 3.033, 3.448, 3.382, 3.222, 2.212, 2.863, 3.334, 2.561, 2.798, 2.43, 2.179, 2.955, 3.74, 4.244, 3.562, 3.067, 2.622, 3.315, 4.377, 5.278, 7.752, 9.145, 10.441, 11.102, 7.193, 3.164, 3.654, 5.11, 7.334, 8.532, 8.359, 8.171, 8.28, 6.563, 5.891, 5.723, 4.437, 4.383, 4.708, 4.811, 4.414, 3.78, 3.776, 4.167, 4.727, 4.863, 4.006, 4.346, 4.939, 5.045, 4.163, 4.374, 4.816, 9.06, 12.072, 9.034, 5.85, 3.663, 3.267, 3.571, 3.124, 3.612, 3.727, 4.059, 3.737, 4.66, 4.971, 3.453, 3.591, 5.033, 5.3, 4.739, 5.875, 8.114, 9.762, 9.804, 8.445, 7.933, 8.279, 8.094, 6.996, 5.119, 4.989, 4.708, 4.03, 2.435, 2.119, 2.996, 3.258, 3.15, 3.145, 3.886, 4.131, 3.19, 3.107, 3.232, 3.668, 4.337, 4.048, 2.942, 2.133, 3.201, 5.26, 5.925, 5.718, 4.84, 4.113, 3.872, 3.956, 4.223, 3.841, 3.267, 2.603, 1.982, 2.801, 2.21, 2.252, 2.374, 2.491, 2.394, 2.627], [3.697, 4.153, 3.801, 4.022, 3.927, 4.424, 4.471, 3.884, 4.626, 4.548, 4.432, 3.944, 2.324, 1.973, 3.088, 6.299, 7.348, 6.519, 6.27, 5.493, 4.246, 2.587, 1.863, 0.0, 1.702, 1.969, 2.223, 2.436, 2.301, 2.57, 3.062, 3.088, 2.238, 2.605, 2.568, 2.446, 2.461, 3.418, 4.011, 3.983, 3.929, 3.236, 3.43, 3.894, 4.611, 6.868, 8.392, 9.889, 10.314, 6.479, 2.816, 4.179, 5.935, 8.416, 9.655, 9.405, 9.279, 9.325, 7.207, 6.314, 6.112, 4.607, 4.132, 4.32, 4.531, 3.588, 3.189, 4.3, 4.483, 5.29, 4.662, 3.39, 3.917, 4.724, 4.893, 3.707, 3.432, 4.505, 8.663, 11.199, 8.127, 4.711, 2.771, 2.812, 2.851, 2.541, 3.78, 3.865, 4.18, 4.086, 4.572, 5.281, 3.794, 4.152, 6.049, 6.14, 5.662, 6.947, 9.272, 10.998, 11.019, 9.636, 9.106, 9.458, 9.25, 8.134, 5.917, 5.294, 4.932, 4.119, 2.802, 3.213, 4.076, 4.217, 4.055, 3.777, 4.759, 5.302, 4.159, 3.054, 3.005, 3.798, 4.36, 4.205, 3.008, 2.199, 2.285, 4.356, 4.764, 4.66, 3.79, 3.039, 3.741, 4.351, 5.037, 4.428, 3.956, 3.368, 2.22, 3.239, 2.941, 2.986, 2.955, 3.042, 3.186, 3.305], [2.799, 3.208, 2.632, 3.106, 3.084, 3.513, 3.7, 3.256, 3.911, 3.884, 4.138, 3.92, 2.458, 2.121, 3.281, 6.27, 7.295, 6.486, 6.246, 5.43, 4.148, 2.621, 2.569, 1.702, 0.0, 1.165, 1.713, 2.179, 2.367, 2.153, 2.559, 2.994, 2.267, 2.229, 1.748, 2.113, 1.797, 2.397, 3.284, 3.43, 3.471, 2.728, 2.437, 3.042, 4.188, 6.605, 8.014, 9.475, 9.926, 6.034, 1.794, 3.579, 5.749, 8.378, 9.622, 9.33, 9.315, 9.34, 7.11, 5.835, 5.372, 3.835, 3.098, 3.159, 3.788, 2.668, 2.202, 3.564, 3.654, 4.705, 4.136, 2.259, 2.638, 3.5, 3.67, 3.278, 2.876, 3.436, 8.197, 10.868, 7.825, 4.235, 2.245, 2.527, 2.654, 2.316, 3.312, 3.988, 4.287, 4.043, 4.682, 5.411, 3.539, 4.037, 6.092, 6.106, 5.574, 6.919, 9.238, 10.925, 10.96, 9.599, 9.065, 9.422, 9.218, 8.105, 5.674, 4.406, 4.055, 3.228, 2.326, 3.162, 4.033, 4.126, 3.844, 3.343, 4.615, 5.148, 3.774, 2.395, 2.086, 2.974, 3.451, 3.237, 2.121, 1.442, 2.016, 4.115, 4.602, 4.485, 3.561, 1.942, 2.918, 3.836, 4.596, 3.995, 3.436, 2.998, 2.378, 2.656, 2.512, 2.753, 2.953, 2.642, 2.834, 2.907], [2.543, 3.116, 2.762, 3.293, 3.043, 3.599, 3.91, 3.556, 4.209, 4.214, 4.641, 4.481, 2.968, 2.323, 3.778, 6.903, 7.925, 7.119, 6.879, 6.042, 4.763, 3.208, 3.033, 1.969, 1.165, 0.0, 1.357, 1.777, 2.078, 2.539, 2.774, 3.074, 2.457, 2.328, 2.138, 2.744, 2.116, 2.671, 3.482, 3.824, 4.025, 3.35, 2.527, 2.738, 3.865, 6.142, 7.622, 9.063, 9.532, 5.666, 2.081, 4.001, 6.381, 9.02, 10.249, 9.95, 9.918, 9.985, 7.768, 6.279, 5.605, 4.041, 3.137, 3.133, 3.633, 2.473, 2.454, 3.946, 4.034, 5.1, 4.452, 2.561, 2.683, 3.563, 3.75, 3.177, 2.414, 3.178, 7.849, 10.275, 7.401, 3.752, 1.952, 2.397, 2.57, 2.163, 3.83, 4.533, 4.645, 4.474, 4.887, 5.97, 4.112, 4.582, 6.66, 6.724, 6.266, 7.553, 9.871, 11.512, 11.566, 10.211, 9.69, 10.036, 9.851, 8.739, 6.29, 4.821, 4.335, 3.484, 2.889, 3.778, 4.646, 4.768, 4.464, 3.874, 5.123, 5.719, 4.223, 2.303, 2.099, 3.027, 3.375, 3.175, 2.258, 1.835, 1.835, 3.54, 4.006, 3.922, 3.202, 1.777, 3.333, 4.35, 5.054, 4.663, 3.991, 3.597, 2.81, 3.183, 2.972, 3.242, 3.438, 3.203, 3.419, 3.561], [2.175, 2.818, 2.852, 3.62, 3.002, 3.694, 4.255, 4.02, 4.622, 4.931, 5.404, 5.139, 3.588, 2.83, 4.343, 7.677, 8.729, 7.894, 7.699, 6.863, 5.637, 3.999, 3.448, 2.223, 1.713, 1.357, 0.0, 1.224, 1.812, 2.762, 3.4, 3.641, 2.926, 2.393, 2.624, 3.483, 2.771, 2.997, 3.742, 4.414, 4.813, 4.053, 2.588, 2.351, 3.136, 5.469, 6.968, 8.471, 8.817, 4.997, 2.175, 4.594, 7.155, 9.795, 11.03, 10.745, 10.81, 10.751, 8.545, 6.952, 6.067, 4.357, 3.262, 2.761, 3.204, 2.151, 2.74, 4.568, 4.799, 5.749, 5.158, 2.876, 2.573, 3.753, 3.829, 2.441, 1.526, 2.625, 7.178, 9.641, 6.585, 3.093, 1.514, 2.219, 2.203, 2.512, 4.586, 5.26, 5.352, 5.342, 5.617, 6.671, 4.842, 5.436, 7.494, 7.614, 7.155, 8.444, 10.708, 12.27, 12.378, 10.984, 10.561, 10.81, 10.626, 9.513, 7.065, 5.235, 4.709, 3.853, 3.308, 4.556, 5.56, 5.64, 5.332, 4.68, 5.981, 6.577, 5.109, 2.78, 2.022, 2.579, 2.662, 2.485, 2.136, 2.572, 1.743, 2.999, 3.16, 3.236, 2.565, 1.717, 3.567, 5.053, 5.818, 5.335, 4.728, 4.411, 3.294, 3.852, 3.723, 3.984, 4.309, 4.014, 4.145, 4.257], [2.103, 3.014, 3.131, 3.881, 3.249, 3.944, 4.472, 4.292, 5.074, 5.36, 5.808, 5.57, 4.02, 3.429, 4.772, 8.167, 9.223, 8.365, 8.193, 7.359, 6.097, 4.405, 3.382, 2.436, 2.179, 1.777, 1.224, 0.0, 1.735, 2.755, 3.759, 4.104, 3.342, 2.697, 3.032, 3.954, 3.282, 3.373, 4.134, 4.863, 5.297, 4.558, 2.727, 2.318, 2.55, 4.818, 6.437, 7.973, 8.342, 4.432, 2.4, 4.868, 7.626, 10.266, 11.501, 11.24, 11.278, 11.148, 8.937, 7.426, 6.57, 4.67, 3.566, 3.301, 3.411, 2.394, 2.957, 5.081, 5.299, 6.245, 5.589, 3.283, 3.142, 4.029, 4.135, 2.369, 1.554, 2.667, 6.601, 9.183, 6.057, 3.13, 1.852, 2.074, 2.229, 2.942, 4.934, 5.645, 5.789, 5.715, 6.206, 7.206, 5.224, 5.848, 7.982, 8.08, 7.622, 8.911, 11.193, 12.738, 12.853, 11.464, 11.056, 11.282, 11.097, 9.984, 7.536, 5.684, 5.181, 4.36, 3.784, 5.051, 6.023, 6.137, 5.827, 5.203, 6.433, 7.041, 5.465, 3.045, 2.081, 2.318, 2.511, 2.538, 2.296, 2.899, 1.279, 2.521, 2.754, 2.769, 2.12, 2.105, 3.793, 5.455, 6.303, 5.815, 5.199, 4.839, 3.705, 4.34, 4.167, 4.287, 4.684, 4.52, 4.634, 4.786], [2.938, 4.045, 3.98, 4.317, 4.098, 4.81, 5.013, 4.396, 5.102, 5.27, 5.578, 5.2, 3.651, 3.094, 4.388, 7.965, 8.987, 8.181, 7.948, 7.116, 5.835, 4.147, 3.222, 2.301, 2.367, 2.078, 1.812, 1.735, 0.0, 2.369, 3.405, 3.367, 2.565, 2.17, 2.892, 3.782, 3.239, 3.604, 4.284, 4.626, 5.015, 4.27, 3.055, 3.162, 3.805, 5.673, 7.005, 8.555, 8.831, 5.253, 2.99, 4.463, 7.446, 10.084, 11.318, 11.012, 11.032, 10.894, 8.741, 7.257, 6.477, 4.726, 4.427, 4.39, 4.41, 3.416, 3.458, 4.91, 5.222, 6.064, 5.314, 3.585, 4.084, 4.952, 5.065, 3.521, 2.484, 3.681, 7.348, 9.614, 6.66, 3.787, 1.713, 1.725, 1.685, 2.47, 4.672, 5.307, 5.391, 5.402, 5.591, 6.847, 4.868, 5.606, 7.754, 7.843, 7.366, 8.67, 10.947, 12.557, 12.623, 11.266, 10.81, 11.097, 10.913, 9.8, 7.352, 5.813, 5.243, 4.455, 3.627, 4.844, 5.771, 5.904, 5.581, 4.948, 6.18, 6.764, 5.227, 2.669, 2.856, 3.203, 3.611, 3.712, 2.866, 2.992, 1.539, 3.004, 3.087, 3.287, 3.061, 3.154, 4.003, 5.199, 6.1, 5.625, 5.022, 4.656, 3.414, 4.151, 3.972, 4.077, 4.47, 4.244, 4.375, 4.508], [3.921, 4.916, 4.267, 4.236, 4.329, 4.794, 4.547, 3.774, 3.837, 3.784, 3.763, 3.525, 2.519, 2.692, 3.01, 5.89, 6.918, 6.074, 5.876, 5.279, 4.079, 2.737, 2.212, 2.57, 2.153, 2.539, 2.762, 2.755, 2.369, 0.0, 1.674, 2.156, 1.392, 1.471, 1.615, 2.391, 2.296, 3.383, 3.709, 3.078, 3.25, 2.535, 2.586, 4.041, 4.712, 6.925, 8.351, 9.816, 10.215, 6.307, 2.594, 2.569, 5.352, 7.993, 9.239, 8.968, 9.051, 9.041, 6.895, 5.5, 5.041, 3.939, 4.044, 4.733, 5.289, 4.225, 3.316, 3.487, 3.921, 4.629, 4.148, 3.472, 4.236, 4.92, 4.92, 4.427, 3.481, 4.126, 8.403, 11.179, 8.045, 5.072, 2.496, 2.058, 2.284, 2.166, 3.018, 3.679, 3.698, 3.628, 4.259, 5.113, 3.075, 3.872, 5.76, 5.843, 5.386, 6.669, 8.897, 10.449, 10.538, 9.155, 8.724, 8.974, 8.789, 7.693, 5.252, 4.685, 4.418, 3.903, 2.555, 3.008, 3.784, 3.859, 3.52, 3.038, 4.332, 4.886, 3.424, 2.188, 2.907, 3.3, 4.013, 3.973, 2.847, 2.121, 2.471, 4.448, 4.825, 4.901, 4.19, 3.599, 3.631, 3.562, 4.213, 3.567, 3.072, 2.839, 1.982, 2.161, 1.955, 2.069, 2.641, 2.519, 2.466, 2.602], [4.46, 5.097, 4.135, 4.068, 4.268, 4.82, 4.015, 3.126, 2.982, 2.972, 2.646, 2.535, 2.371, 2.599, 2.26, 4.718, 5.746, 4.897, 4.729, 4.313, 3.285, 2.512, 2.863, 3.062, 2.559, 2.774, 3.4, 3.759, 3.405, 1.674, 0.0, 1.079, 1.471, 1.826, 1.676, 2.247, 2.061, 2.909, 3.065, 2.186, 2.173, 1.795, 2.642, 4.728, 5.782, 8.121, 9.446, 10.889, 11.315, 7.381, 2.691, 1.604, 4.166, 6.811, 8.06, 7.794, 7.882, 7.905, 5.818, 4.367, 4.012, 3.22, 3.498, 4.961, 5.76, 4.563, 2.838, 2.791, 3.309, 3.969, 3.631, 3.121, 4.13, 4.64, 4.803, 5.091, 4.255, 4.909, 9.523, 12.293, 9.171, 5.566, 3.113, 3.24, 3.36, 1.929, 2.003, 2.558, 2.541, 2.489, 3.042, 3.889, 1.892, 2.981, 4.592, 4.683, 4.257, 5.514, 7.707, 9.311, 9.386, 7.946, 7.539, 7.763, 7.581, 6.509, 4.301, 4.093, 3.98, 3.697, 2.787, 2.616, 2.641, 2.893, 2.537, 2.206, 3.282, 3.777, 2.36, 1.87, 3.403, 4.175, 4.866, 4.775, 3.535, 2.515, 3.765, 5.579, 5.989, 6.088, 5.161, 3.813, 3.166, 2.943, 3.085, 2.408, 2.294, 2.241, 1.907, 1.161, 1.305, 1.334, 1.644, 1.89, 1.787, 1.906], [5.006, 5.455, 4.398, 4.308, 4.205, 5.023, 4.267, 3.394, 3.263, 3.326, 2.698, 2.25, 2.038, 2.088, 1.955, 4.8, 5.786, 4.976, 4.753, 4.316, 3.415, 2.763, 3.334, 3.088, 2.994, 3.074, 3.641, 4.104, 3.367, 2.156, 1.079, 0.0, 1.42, 2.148, 2.315, 2.678, 2.124, 3.17, 3.217, 2.327, 2.284, 2.064, 3.428, 5.318, 6.418, 8.573, 10.021, 11.506, 11.884, 8.081, 3.264, 1.912, 4.283, 6.91, 8.154, 7.824, 7.9, 7.863, 5.768, 4.531, 4.41, 3.381, 3.898, 5.58, 6.486, 5.225, 3.117, 2.995, 3.506, 4.071, 3.534, 3.448, 4.479, 5.007, 5.168, 5.849, 4.541, 5.678, 10.222, 12.751, 9.624, 6.016, 3.328, 3.394, 3.521, 1.908, 2.048, 2.268, 2.236, 2.414, 2.6, 3.653, 1.892, 2.964, 4.579, 4.753, 4.327, 5.558, 7.752, 9.449, 9.481, 8.051, 7.604, 7.876, 7.674, 6.605, 4.438, 4.365, 4.462, 4.239, 3.248, 2.884, 2.865, 2.98, 2.677, 2.484, 3.313, 3.862, 2.512, 2.342, 4.094, 4.941, 5.656, 5.457, 4.308, 3.072, 4.003, 5.959, 6.101, 6.285, 5.652, 4.089, 3.365, 2.954, 3.207, 2.592, 2.445, 2.468, 2.09, 1.61, 1.73, 1.667, 1.834, 2.128, 2.008, 2.318], [4.323, 5.165, 4.407, 4.327, 4.284, 4.997, 4.492, 3.693, 3.846, 3.756, 3.579, 3.097, 1.984, 1.808, 2.339, 5.53, 6.58, 5.697, 5.544, 4.914, 3.699, 2.487, 2.561, 2.238, 2.267, 2.457, 2.926, 3.342, 2.565, 1.392, 1.471, 1.42, 0.0, 1.296, 1.687, 2.241, 2.114, 3.398, 3.72, 3.133, 3.028, 2.366, 2.941, 4.515, 5.615, 7.733, 9.12, 10.622, 10.958, 7.159, 2.778, 2.485, 4.982, 7.617, 8.841, 8.593, 8.659, 8.703, 6.544, 5.403, 5.261, 3.977, 4.031, 5.038, 5.762, 4.537, 3.29, 3.538, 3.983, 4.691, 4.039, 3.542, 4.393, 5.092, 5.093, 5.071, 3.796, 4.88, 9.335, 11.827, 8.756, 5.197, 2.467, 2.543, 2.77, 1.67, 2.94, 3.133, 3.094, 3.184, 3.459, 4.498, 2.74, 3.549, 5.383, 5.515, 5.059, 6.324, 8.524, 10.141, 10.269, 8.815, 8.388, 8.585, 8.381, 7.307, 4.922, 4.677, 4.426, 4.067, 2.869, 2.714, 3.447, 3.519, 3.304, 2.991, 4.042, 4.579, 3.22, 2.057, 3.413, 4.069, 4.81, 4.695, 3.522, 2.273, 3.219, 5.045, 5.235, 5.469, 4.839, 3.606, 3.622, 3.636, 4.022, 3.322, 2.819, 2.525, 1.663, 2.045, 1.757, 1.728, 2.266, 2.188, 2.157, 2.379], [3.839, 4.839, 3.997, 3.903, 3.995, 4.643, 3.989, 3.321, 3.606, 3.722, 4.052, 3.767, 2.841, 2.576, 3.223, 6.055, 7.099, 6.229, 6.073, 5.317, 4.226, 3.168, 2.798, 2.605, 2.229, 2.328, 2.393, 2.697, 2.17, 1.471, 1.826, 2.148, 1.296, 0.0, 1.458, 2.671, 2.342, 2.968, 3.162, 3.421, 3.557, 2.691, 2.128, 3.949, 4.832, 7.005, 8.324, 9.782, 10.164, 6.317, 2.324, 2.942, 5.502, 8.139, 9.378, 9.129, 9.205, 9.306, 7.15, 5.914, 5.182, 3.582, 3.453, 4.586, 5.157, 4.04, 2.774, 3.361, 3.688, 4.515, 3.983, 3.078, 3.968, 4.552, 4.605, 4.29, 3.19, 4.073, 8.495, 10.962, 8.06, 4.665, 1.944, 1.918, 2.35, 1.667, 3.265, 3.846, 3.805, 3.781, 4.088, 5.192, 3.271, 3.885, 5.929, 6.03, 5.577, 6.848, 9.06, 10.635, 10.784, 9.345, 8.914, 9.112, 8.918, 7.838, 5.393, 4.044, 3.972, 3.743, 2.768, 3.407, 3.956, 4.061, 3.727, 3.192, 4.562, 5.066, 3.725, 1.867, 2.842, 3.257, 3.969, 3.89, 2.889, 2.031, 2.724, 4.193, 4.619, 4.789, 4.09, 3.299, 3.116, 3.834, 4.392, 3.806, 3.197, 3.145, 2.466, 2.32, 2.139, 2.36, 2.798, 2.714, 2.652, 2.987], [3.82, 4.311, 3.418, 3.235, 3.657, 4.136, 3.495, 2.744, 2.932, 2.846, 3.551, 3.525, 2.399, 2.485, 2.942, 5.43, 6.448, 5.505, 5.301, 4.608, 3.514, 2.547, 2.43, 2.568, 1.748, 2.138, 2.624, 3.032, 2.892, 1.615, 1.676, 2.315, 1.687, 1.458, 0.0, 1.823, 1.672, 2.401, 2.859, 2.878, 2.854, 2.175, 2.037, 3.997, 4.905, 7.391, 8.838, 10.005, 10.732, 6.399, 1.817, 2.679, 4.706, 7.386, 8.71, 8.476, 8.626, 8.883, 6.739, 5.29, 4.416, 3.084, 2.893, 3.843, 4.634, 3.709, 2.368, 2.665, 2.946, 4.096, 3.736, 2.573, 3.266, 3.71, 3.74, 3.809, 3.416, 3.99, 8.607, 11.625, 8.663, 5.002, 2.557, 2.627, 2.902, 1.852, 2.817, 3.665, 3.847, 3.665, 4.236, 4.968, 3.0, 3.386, 5.356, 5.409, 5.028, 6.191, 8.345, 9.892, 10.038, 8.645, 8.146, 8.329, 8.099, 7.018, 4.595, 3.517, 3.066, 2.737, 2.058, 2.442, 3.247, 3.273, 2.977, 2.549, 3.993, 4.461, 3.187, 1.63, 2.375, 3.221, 3.866, 3.753, 2.38, 1.44, 3.065, 4.874, 5.388, 5.543, 4.448, 2.976, 2.792, 3.31, 3.629, 3.205, 2.352, 2.182, 2.025, 1.8, 1.644, 2.081, 2.359, 1.96, 2.017, 2.388], [4.563, 4.011, 3.07, 2.97, 3.667, 3.558, 3.192, 2.553, 2.833, 2.644, 2.816, 3.081, 1.832, 2.2, 2.69, 4.334, 5.333, 4.46, 4.278, 3.498, 2.35, 1.676, 2.179, 2.446, 2.113, 2.744, 3.483, 3.954, 3.782, 2.391, 2.247, 2.678, 2.241, 2.671, 1.823, 0.0, 1.69, 2.767, 2.858, 2.45, 2.268, 1.566, 2.86, 4.625, 5.819, 8.365, 9.774, 10.95, 11.664, 7.545, 2.26, 3.028, 3.822, 6.365, 7.622, 7.406, 7.505, 7.659, 5.677, 4.657, 4.263, 3.366, 2.94, 3.568, 4.903, 4.306, 2.797, 2.583, 2.911, 3.52, 3.662, 2.592, 2.697, 3.253, 3.316, 4.136, 4.451, 4.87, 9.499, 12.606, 9.614, 5.886, 3.556, 3.694, 3.812, 2.851, 2.986, 3.402, 3.791, 3.605, 4.149, 4.567, 3.136, 2.471, 4.25, 4.383, 3.885, 5.099, 7.302, 8.849, 8.967, 7.571, 7.116, 7.336, 7.143, 6.064, 3.71, 3.39, 3.037, 2.398, 1.494, 1.553, 2.527, 2.273, 2.13, 1.793, 2.863, 3.456, 2.678, 2.725, 3.066, 3.948, 4.577, 4.202, 2.64, 1.628, 4.004, 5.821, 6.373, 6.494, 5.391, 3.438, 2.666, 2.711, 2.912, 2.524, 1.736, 1.608, 1.997, 1.911, 1.763, 1.981, 2.197, 1.602, 1.845, 1.816], [4.072, 4.023, 2.815, 2.748, 2.915, 3.514, 3.4, 2.692, 3.128, 2.955, 2.993, 3.056, 1.724, 1.863, 2.416, 5.099, 6.116, 5.25, 5.089, 4.279, 3.104, 2.209, 2.955, 2.461, 1.797, 2.116, 2.771, 3.282, 3.239, 2.296, 2.061, 2.124, 2.114, 2.342, 1.672, 1.69, 0.0, 1.936, 2.637, 2.299, 2.489, 1.909, 2.75, 4.21, 5.314, 7.642, 9.209, 10.631, 11.086, 7.058, 1.97, 2.702, 4.509, 7.153, 8.414, 8.15, 8.262, 8.352, 6.183, 4.65, 4.138, 3.029, 2.803, 4.05, 5.115, 3.948, 1.97, 2.617, 2.995, 3.785, 3.32, 1.925, 2.946, 3.307, 3.397, 4.272, 3.753, 4.591, 9.263, 11.919, 8.934, 5.178, 2.745, 3.072, 3.208, 2.324, 2.297, 2.995, 3.405, 3.11, 3.625, 4.295, 2.873, 3.036, 4.971, 5.055, 4.621, 5.884, 8.087, 9.578, 9.757, 8.346, 7.916, 8.114, 7.922, 6.848, 4.485, 3.706, 3.443, 2.938, 2.284, 2.589, 3.329, 3.324, 2.912, 2.265, 3.428, 4.001, 2.818, 2.356, 2.81, 3.82, 4.515, 4.251, 2.875, 2.004, 3.359, 5.264, 5.645, 5.776, 4.769, 2.907, 2.486, 2.977, 3.3, 2.742, 2.221, 1.804, 2.11, 1.917, 1.954, 2.265, 2.492, 1.784, 2.134, 2.168], [3.612, 3.215, 1.924, 1.927, 2.301, 2.725, 2.27, 1.74, 2.581, 2.512, 3.073, 3.359, 2.751, 2.816, 3.202, 5.323, 6.294, 5.525, 5.284, 4.448, 3.299, 3.291, 3.74, 3.418, 2.397, 2.671, 2.997, 3.373, 3.604, 3.383, 2.909, 3.17, 3.398, 2.968, 2.401, 2.767, 1.936, 0.0, 1.527, 2.41, 2.664, 2.37, 2.1, 3.773, 5.119, 7.63, 9.021, 10.451, 10.977, 7.156, 1.83, 3.461, 4.933, 7.437, 8.673, 8.365, 8.311, 8.222, 5.99, 4.641, 3.717, 1.862, 1.877, 3.793, 4.719, 3.813, 0.977, 2.232, 2.428, 3.292, 3.108, 1.388, 2.354, 2.54, 2.903, 4.033, 4.0, 4.309, 9.101, 11.947, 8.859, 5.358, 2.921, 3.276, 3.222, 2.485, 2.522, 3.336, 4.042, 3.561, 4.044, 4.634, 3.403, 2.932, 5.091, 5.211, 4.654, 5.986, 8.247, 9.857, 9.914, 8.561, 8.06, 8.408, 8.227, 7.153, 4.676, 2.935, 3.129, 2.767, 3.023, 3.661, 3.86, 3.972, 3.312, 2.394, 3.268, 3.868, 2.773, 2.071, 2.38, 3.427, 4.177, 3.688, 2.637, 2.367, 3.74, 5.462, 5.951, 5.756, 5.031, 2.893, 1.194, 2.612, 3.434, 3.031, 3.047, 2.606, 3.546, 2.742, 2.888, 3.349, 3.098, 2.64, 3.055, 2.819], [4.489, 3.709, 2.382, 2.184, 2.847, 2.72, 1.855, 1.639, 1.525, 1.81, 2.201, 3.256, 2.977, 3.44, 3.662, 4.446, 5.352, 4.563, 4.322, 3.516, 3.018, 3.703, 4.244, 4.011, 3.284, 3.482, 3.742, 4.134, 4.284, 3.709, 3.065, 3.217, 3.72, 3.162, 2.859, 2.858, 2.637, 1.527, 0.0, 1.905, 2.465, 2.164, 2.781, 4.629, 5.988, 8.448, 9.877, 11.36, 11.805, 7.979, 2.44, 3.486, 4.096, 6.481, 7.716, 7.408, 7.386, 7.322, 5.138, 3.724, 2.96, 1.571, 2.153, 4.068, 5.333, 4.515, 1.81, 1.923, 1.747, 2.434, 2.221, 1.624, 2.555, 2.46, 2.745, 4.611, 4.779, 5.199, 10.008, 12.812, 9.703, 6.173, 3.723, 3.957, 4.027, 2.937, 2.635, 3.468, 4.224, 3.737, 4.092, 4.468, 3.442, 2.049, 4.115, 4.236, 3.816, 5.038, 7.298, 8.911, 8.961, 7.629, 7.141, 7.463, 7.278, 6.191, 3.728, 2.079, 2.673, 2.473, 3.211, 3.807, 3.701, 3.424, 2.843, 2.166, 2.664, 3.621, 2.929, 2.605, 3.303, 4.352, 5.081, 4.442, 3.289, 3.048, 4.579, 6.218, 6.672, 6.54, 5.763, 3.601, 1.442, 1.797, 2.513, 2.381, 2.218, 2.935, 3.987, 2.851, 3.006, 3.476, 3.249, 2.944, 3.193, 2.963], [5.204, 4.377, 3.12, 3.118, 3.555, 3.639, 2.992, 2.293, 2.278, 2.207, 1.596, 2.041, 2.276, 3.231, 2.44, 3.673, 4.68, 3.941, 3.856, 3.52, 2.493, 2.762, 3.562, 3.983, 3.43, 3.824, 4.414, 4.863, 4.626, 3.078, 2.186, 2.327, 3.133, 3.421, 2.878, 2.45, 2.299, 2.41, 1.905, 0.0, 1.526, 1.635, 3.525, 5.455, 6.859, 9.339, 10.694, 12.156, 12.616, 8.832, 3.223, 2.352, 3.19, 5.776, 7.011, 6.713, 6.622, 6.588, 4.373, 3.019, 2.901, 2.501, 3.173, 4.966, 6.159, 5.327, 2.695, 2.166, 2.379, 2.873, 2.701, 2.632, 3.502, 