[[0.0, 2.738, 1.909, 1.417, 2.454, 3.288, 2.651, 1.572, 2.057, 1.606, 1.509, 2.43, 2.064, 2.283, 3.862, 3.961, 2.761, 3.816, 4.29, 2.94, 2.996, 2.966, 2.629, 2.196, 1.774, 1.32, 2.571, 3.617, 3.088, 2.829, 3.477, 4.258, 4.687, 4.108, 3.148, 2.185, 2.148, 2.709, 3.78, 3.408, 3.999, 4.25, 3.156, 2.803, 3.346, 3.229, 3.951, 3.644, 2.905, 3.287, 4.359, 4.422, 2.927, 2.35, 2.935, 2.953, 2.426, 2.608, 2.786, 2.944, 2.452, 2.256, 1.745, 2.243, 4.277, 7.472, 10.095, 10.844, 12.724, 14.432, 14.251, 13.284, 14.785, 16.448, 15.439, 14.653, 16.575, 16.087, 12.833, 9.643, 7.693, 7.291, 6.923, 6.821, 6.796, 6.219, 4.568, 2.515, 1.93, 2.32, 2.048, 1.772, 1.403, 1.588, 1.883, 2.085, 3.059, 3.286, 3.114, 3.012, 2.326, 1.78, 1.787, 3.455, 6.197, 8.05, 5.674, 3.399, 1.748, 2.895, 3.698, 3.188, 2.954, 2.595, 2.565, 2.524, 2.174, 1.656, 1.635, 1.999, 2.347, 2.702, 2.403, 2.221, 4.475, 4.957, 4.281, 6.248, 8.352, 8.409, 9.022, 10.241, 10.907, 9.686, 8.649, 9.308, 10.548, 12.129, 12.327, 10.248, 9.363, 9.867, 9.302, 8.617, 10.518, 11.487, 9.95, 9.741, 10.889, 11.694, 10.794, 10.83, 11.914, 10.496, 9.652, 9.115, 7.837, 6.251, 4.623, 3.795, 4.637, 5.029, 4.928, 4.423, 5.25, 5.201, 5.816, 5.618, 5.933, 6.707, 7.049, 7.541, 9.035, 9.195, 9.589, 10.876, 11.036, 10.79, 11.082, 11.326, 10.628, 8.264, 5.996, 5.327, 4.555, 3.519, 2.594, 2.074, 1.801, 2.344, 2.619, 2.339, 2.061, 1.88, 1.973, 1.754, 1.343, 2.764, 4.091, 5.592, 5.656, 5.137, 4.73, 4.988, 4.557, 3.017, 2.172, 3.437, 3.265, 1.834, 1.156, 1.708, 2.622, 3.087, 3.583, 4.325, 4.127, 3.935, 4.988, 5.794, 4.896, 5.976, 6.213, 4.794, 4.429, 5.131, 5.868, 5.598, 6.001], [2.738, 0.0, 1.667, 2.33, 1.833, 2.082, 2.207, 2.259, 1.588, 2.076, 3.819, 4.356, 4.083, 4.61, 6.217, 6.302, 5.158, 6.116, 6.631, 5.192, 4.939, 4.402, 3.512, 3.066, 3.625, 3.048, 1.755, 1.71, 2.312, 3.839, 5.305, 6.502, 6.999, 6.315, 5.471, 4.499, 3.479, 4.071, 5.503, 5.871, 6.402, 6.646, 5.413, 5.187, 5.562, 5.345, 6.233, 5.692, 5.252, 5.146, 5.362, 5.301, 3.526, 3.174, 4.28, 5.19, 4.863, 4.952, 5.226, 5.259, 4.816, 4.551, 4.08, 4.664, 6.727, 9.913, 12.502, 13.259, 15.1, 16.819, 16.655, 15.696, 17.197, 18.904, 17.914, 17.195, 19.044, 18.549, 15.3, 12.185, 10.225, 9.746, 9.331, 9.215, 9.225, 8.643, 6.983, 4.658, 3.678, 3.433, 3.625, 3.337, 3.001, 3.665, 3.845, 4.316, 5.389, 5.663, 5.555, 5.409, 4.779, 4.159, 4.149, 5.774, 8.551, 10.459, 8.187, 5.7, 3.326, 3.567, 3.835, 3.287, 2.843, 3.508, 3.547, 2.932, 1.833, 2.238, 2.286, 2.866, 3.53, 4.205, 4.055, 3.999, 6.954, 7.242, 6.478, 8.654, 10.759, 10.816, 11.429, 12.648, 13.314, 12.093, 11.046, 11.716, 12.942, 14.525, 14.734, 12.655, 11.771, 12.298, 11.775, 11.025, 12.907, 13.871, 12.331, 12.159, 13.297, 14.101, 13.206, 13.284, 14.323, 12.912, 12.06, 11.527, 10.241, 8.666, 7.004, 6.081, 6.351, 7.214, 6.729, 5.713, 6.386, 7.093, 8.207, 8.011, 8.21, 9.116, 9.452, 9.864, 11.469, 11.651, 12.031, 13.305, 13.519, 13.201, 13.493, 13.753, 13.046, 10.676, 8.374, 7.731, 6.926, 5.721, 4.701, 4.105, 3.184, 2.325, 2.005, 2.646, 2.926, 3.263, 3.963, 3.877, 2.616, 1.994, 2.081, 3.147, 3.344, 2.984, 2.553, 2.776, 2.301, 1.097, 1.583, 1.675, 2.211, 2.359, 2.545, 3.946, 4.903, 5.311, 5.673, 6.424, 6.375, 5.792, 7.357, 8.206, 7.273, 8.364, 8.57, 7.144, 6.746, 7.472, 8.322, 7.89, 8.266], [1.909, 1.667, 0.0, 1.624, 1.631, 2.285, 1.972, 1.697, 1.391, 1.088, 2.705, 3.206, 3.063, 3.381, 4.878, 4.969, 3.912, 4.812, 5.345, 3.894, 3.853, 3.39, 2.576, 2.052, 2.422, 1.734, 1.557, 2.344, 2.28, 2.599, 3.853, 5.12, 5.664, 4.879, 4.095, 3.196, 2.999, 3.688, 4.715, 4.75, 5.34, 5.575, 4.374, 3.907, 4.238, 3.998, 4.96, 4.609, 4.17, 4.368, 5.269, 5.282, 3.629, 2.957, 3.678, 4.121, 3.774, 3.825, 4.053, 4.08, 3.715, 3.399, 2.914, 3.505, 5.554, 8.712, 11.287, 12.032, 13.803, 15.547, 15.428, 14.477, 16.008, 17.691, 16.697, 15.981, 17.83, 17.33, 14.086, 10.963, 9.002, 8.536, 8.099, 8.028, 8.015, 7.424, 5.768, 3.477, 2.502, 2.506, 2.505, 2.27, 1.964, 2.54, 2.746, 3.159, 4.204, 4.448, 4.317, 4.173, 3.577, 3.049, 3.01, 4.508, 7.352, 9.25, 7.101, 4.634, 2.698, 3.3, 3.822, 3.223, 2.896, 3.243, 3.229, 2.98, 1.496, 1.961, 1.928, 2.797, 3.413, 3.583, 2.99, 2.91, 5.635, 5.917, 5.368, 7.407, 9.508, 9.549, 10.162, 11.398, 12.049, 10.859, 9.805, 10.489, 11.661, 13.25, 13.465, 11.419, 10.576, 11.044, 10.562, 9.771, 11.682, 12.607, 11.066, 10.913, 12.102, 12.832, 11.99, 12.116, 13.117, 11.687, 10.814, 10.281, 8.986, 7.43, 5.73, 4.731, 5.242, 5.87, 5.539, 4.553, 5.301, 5.942, 6.975, 6.749, 7.003, 7.835, 8.189, 8.631, 10.239, 10.477, 10.82, 12.095, 12.321, 11.975, 12.334, 12.523, 11.832, 9.492, 7.116, 6.526, 5.702, 4.5, 3.498, 3.003, 2.421, 2.238, 2.017, 2.11, 2.645, 2.762, 2.985, 2.644, 1.628, 1.785, 2.939, 4.501, 4.7, 4.328, 3.857, 4.058, 3.441, 1.947, 1.594, 2.528, 2.262, 2.302, 1.824, 2.716, 3.513, 3.964, 4.344, 5.002, 4.945, 4.642, 5.96, 6.99, 5.994, 7.126, 7.225, 5.803, 5.391, 6.233, 6.91, 6.476, 6.835], [1.417, 2.33, 1.624, 0.0, 1.764, 2.875, 2.242, 1.674, 1.843, 1.284, 1.927, 2.272, 2.039, 2.412, 3.98, 4.123, 2.94, 4.015, 4.534, 3.077, 3.269, 3.171, 2.752, 2.323, 1.95, 1.483, 2.303, 3.326, 2.635, 2.646, 3.501, 4.531, 4.935, 4.197, 3.341, 2.348, 1.716, 2.442, 3.522, 3.784, 4.384, 4.598, 3.392, 3.308, 3.698, 3.447, 4.344, 3.799, 3.292, 3.377, 4.258, 4.362, 2.997, 2.487, 2.899, 3.309, 2.88, 2.847, 3.146, 3.182, 2.818, 2.457, 2.034, 2.548, 4.549, 7.766, 10.315, 11.042, 12.854, 14.588, 14.438, 13.465, 14.996, 16.678, 15.684, 14.968, 16.817, 16.324, 13.073, 9.945, 7.985, 7.52, 7.117, 7.065, 7.058, 6.452, 4.778, 2.688, 1.893, 2.399, 2.182, 2.02, 1.376, 1.824, 1.849, 2.232, 3.284, 3.498, 3.363, 3.184, 2.571, 2.011, 2.026, 3.533, 6.386, 8.228, 6.144, 3.685, 1.595, 2.715, 3.379, 2.91, 2.864, 2.327, 2.18, 2.282, 1.844, 1.427, 1.103, 1.821, 2.267, 2.669, 2.603, 2.503, 5.02, 5.358, 4.571, 6.466, 8.518, 8.561, 9.174, 10.408, 11.059, 9.869, 8.815, 9.499, 10.685, 12.26, 12.479, 10.419, 9.564, 10.049, 9.548, 8.771, 10.699, 11.63, 10.099, 9.912, 11.066, 11.846, 10.974, 11.102, 12.102, 10.675, 9.824, 9.285, 7.99, 6.434, 4.757, 4.068, 4.893, 5.147, 5.047, 4.476, 5.331, 5.292, 5.99, 5.822, 6.2, 6.848, 7.176, 7.724, 9.227, 9.441, 9.821, 11.096, 11.293, 10.97, 11.287, 11.528, 10.821, 8.46, 6.147, 5.514, 4.719, 3.593, 2.642, 2.226, 1.618, 2.168, 2.196, 2.068, 1.857, 1.625, 2.226, 2.051, 1.273, 2.332, 3.754, 5.267, 5.351, 5.021, 4.574, 4.736, 4.161, 2.677, 1.947, 3.053, 2.854, 1.587, 1.174, 2.032, 2.85, 3.237, 3.63, 4.407, 4.381, 4.197, 5.219, 5.978, 5.026, 6.14, 6.329, 4.893, 4.548, 5.415, 6.196, 5.843, 6.233], [2.454, 1.833, 1.631, 1.764, 0.0, 2.085, 2.282, 2.062, 1.494, 1.622, 3.028, 3.628, 3.476, 3.84, 5.279, 5.524, 4.336, 5.278, 5.683, 4.482, 4.569, 4.303, 3.645, 3.054, 2.968, 2.386, 1.675, 2.462, 2.774, 3.354, 4.457, 5.701, 6.076, 5.329, 4.571, 3.673, 2.807, 3.411, 4.867, 5.296, 5.898, 6.128, 4.894, 4.474, 4.848, 4.542, 5.512, 5.023, 4.667, 4.35, 4.521, 4.263, 2.739, 2.675, 3.501, 4.443, 4.255, 4.28, 4.495, 4.294, 4.127, 3.946, 3.411, 4.008, 6.149, 9.26, 11.731, 12.387, 14.024, 15.769, 15.793, 14.979, 16.413, 18.293, 17.299, 16.584, 18.433, 17.932, 14.689, 11.574, 9.614, 9.135, 8.527, 8.465, 8.471, 7.832, 6.206, 4.085, 2.87, 3.494, 3.281, 3.007, 2.444, 3.27, 3.198, 3.748, 4.856, 5.067, 4.963, 4.763, 4.172, 3.491, 3.55, 4.869, 7.661, 9.784, 7.633, 5.058, 2.652, 3.382, 3.583, 2.634, 2.669, 2.892, 2.519, 2.324, 1.793, 2.404, 2.189, 2.541, 3.07, 4.026, 3.734, 3.629, 6.303, 6.759, 5.832, 7.769, 9.926, 10.053, 10.71, 11.794, 12.522, 11.222, 10.184, 10.853, 12.163, 13.779, 13.913, 11.927, 11.069, 11.639, 11.164, 10.302, 12.029, 12.948, 11.387, 11.517, 12.63, 13.329, 12.535, 12.653, 13.621, 12.196, 11.242, 10.665, 9.414, 7.8, 6.144, 5.22, 5.931, 6.434, 6.243, 5.349, 6.156, 6.594, 7.552, 7.496, 7.852, 8.517, 8.75, 9.264, 10.867, 11.04, 11.346, 12.647, 12.908, 12.493, 12.858, 13.123, 12.435, 10.004, 7.537, 7.019, 6.105, 4.865, 3.746, 3.426, 2.604, 2.339, 2.161, 2.125, 2.315, 2.754, 3.644, 3.416, 2.023, 1.702, 2.451, 3.927, 4.255, 3.921, 3.486, 3.617, 3.123, 2.081, 1.542, 2.041, 1.606, 1.425, 2.126, 3.267, 4.378, 4.784, 4.85, 5.552, 5.669, 5.435, 6.825, 7.482, 6.566, 7.497, 7.575, 6.483, 6.147, 7.028, 7.741, 7.279, 7.452], [3.288, 2.082, 2.285, 2.875, 2.085, 0.0, 1.277, 2.03, 2.004, 2.402, 4.077, 4.614, 4.268, 5.012, 6.34, 6.605, 5.563, 6.276, 6.653, 5.624, 5.442, 4.68, 3.336, 2.928, 3.46, 2.945, 1.748, 1.529, 1.574, 3.296, 5.007, 5.968, 6.82, 5.988, 5.433, 4.607, 3.707, 4.107, 5.98, 6.397, 6.806, 7.155, 5.698, 5.018, 5.156, 5.045, 5.802, 5.642, 5.341, 4.798, 4.946, 4.831, 3.505, 3.254, 4.337, 5.515, 5.206, 5.341, 5.546, 5.199, 5.114, 5.081, 4.454, 5.086, 7.309, 10.347, 12.927, 13.545, 15.066, 16.837, 16.898, 16.15, 17.572, 19.465, 18.471, 17.755, 19.604, 19.103, 15.86, 12.745, 10.786, 10.307, 9.684, 9.591, 9.572, 8.944, 7.354, 5.058, 3.608, 3.592, 3.915, 3.639, 3.199, 4.095, 4.274, 4.881, 5.931, 6.159, 6.078, 5.952, 5.339, 4.656, 4.629, 6.024, 8.864, 10.96, 8.606, 6.075, 3.367, 2.575, 2.517, 2.115, 1.848, 2.607, 2.836, 2.273, 1.715, 2.586, 2.7, 2.905, 3.435, 4.497, 3.942, 3.847, 6.952, 7.489, 6.631, 8.879, 11.086, 11.218, 11.882, 12.91, 13.694, 12.329, 11.271, 11.989, 13.328, 14.95, 15.055, 13.098, 12.24, 12.81, 12.335, 11.473, 13.155, 14.117, 12.482, 12.679, 13.801, 14.501, 13.719, 13.825, 14.792, 13.422, 12.468, 11.879, 10.611, 8.984, 7.277, 6.043, 6.064, 7.308, 6.565, 5.146, 5.901, 7.293, 8.689, 8.572, 8.75, 9.68, 9.962, 10.326, 12.093, 12.259, 12.573, 13.819, 14.08, 13.665, 14.03, 14.294, 13.606, 11.176, 8.686, 8.18, 7.215, 6.001, 4.577, 4.038, 2.889, 2.002, 1.371, 1.977, 2.839, 3.229, 4.04, 3.797, 2.517, 1.517, 2.431, 3.616, 4.116, 3.786, 3.455, 3.562, 3.093, 2.354, 2.501, 2.457, 1.758, 2.362, 2.853, 4.202, 5.179, 5.656, 5.874, 6.269, 6.299, 5.842, 7.725, 8.704, 7.743, 8.709, 8.708, 7.558, 7.124, 7.973, 8.609, 8.011, 8.032], [2.651, 2.207, 1.972, 2.242, 2.282, 1.277, 0.0, 1.348, 1.593, 2.022, 3.442, 3.793, 3.461, 4.214, 5.597, 5.759, 4.746, 5.521, 6.042, 4.784, 4.613, 3.801, 2.678, 2.114, 2.794, 2.458, 1.89, 1.886, 1.769, 2.904, 4.363, 5.329, 6.25, 5.403, 4.775, 3.816, 3.167, 3.498, 5.12, 5.519, 5.903, 6.28, 4.815, 4.293, 4.522, 4.468, 5.074, 4.736, 4.381, 4.125, 4.678, 4.675, 3.309, 2.826, 3.578, 4.707, 4.509, 4.537, 4.742, 4.589, 4.387, 4.215, 3.706, 4.263, 6.434, 9.516, 12.121, 12.838, 14.473, 16.218, 16.191, 15.31, 16.774, 18.588, 17.594, 16.879, 18.728, 18.227, 14.984, 11.869, 9.91, 9.431, 8.881, 8.768, 8.772, 8.168, 6.531, 4.182, 2.914, 2.736, 2.966, 2.768, 2.336, 3.217, 3.468, 4.008, 5.053, 5.318, 5.2, 5.074, 4.463, 3.78, 3.79, 5.241, 8.115, 10.109, 7.727, 5.242, 2.5, 1.986, 2.24, 2.059, 1.626, 2.175, 2.556, 2.196, 1.415, 1.859, 2.262, 2.314, 2.837, 3.555, 3.021, 3.022, 6.088, 6.62, 5.861, 8.119, 10.314, 10.417, 11.03, 12.192, 12.892, 11.62, 10.582, 11.249, 12.519, 14.1, 14.305, 12.222, 11.382, 11.934, 11.459, 10.608, 12.427, 13.314, 11.783, 11.803, 12.928, 13.667, 12.87, 12.948, 13.932, 12.589, 11.66, 11.115, 9.848, 8.249, 6.545, 5.399, 5.351, 6.587, 5.844, 4.463, 5.324, 6.477, 7.844, 7.694, 7.872, 8.802, 9.122, 9.48, 11.215, 11.381, 11.695, 12.943, 13.203, 12.818, 13.159, 13.418, 12.73, 10.327, 7.848, 7.337, 6.475, 5.262, 3.967, 3.326, 2.266, 1.358, 1.277, 1.553, 2.444, 2.368, 3.028, 2.815, 1.896, 1.555, 3.182, 4.387, 4.747, 4.421, 4.004, 4.187, 3.657, 2.415, 2.348, 2.841, 2.307, 2.267, 2.114, 3.668, 4.318, 4.78, 5.064, 5.598, 5.488, 5.002, 6.849, 7.882, 6.875, 7.934, 7.948, 6.682, 6.264, 7.095, 7.735, 7.133, 7.387], [1.572, 2.259, 1.697, 1.674, 2.062, 2.03, 1.348, 0.0, 1.341, 1.193, 2.424, 3.06, 2.727, 3.268, 4.676, 4.835, 3.801, 4.603, 5.116, 3.81, 3.628, 3.13, 2.29, 1.86, 1.957, 1.594, 1.803, 2.555, 2.203, 2.792, 3.726, 4.835, 5.392, 4.646, 3.864, 2.863, 2.463, 2.946, 4.351, 4.579, 4.91, 5.28, 3.847, 3.376, 3.898, 3.691, 4.261, 3.96, 3.599, 3.653, 4.338, 4.365, 2.876, 2.097, 2.811, 3.672, 3.434, 3.541, 3.793, 3.63, 3.406, 3.266, 2.659, 3.248, 5.474, 8.535, 11.163, 11.894, 13.572, 15.313, 15.265, 14.308, 15.77, 17.651, 16.661, 15.92, 17.782, 17.273, 14.018, 10.903, 8.943, 8.464, 7.955, 7.853, 7.846, 7.242, 5.609, 3.263, 2.094, 2.272, 2.305, 2.164, 1.684, 2.268, 2.518, 3.017, 4.08, 4.315, 4.284, 4.092, 3.497, 2.815, 2.789, 4.315, 7.1, 9.113, 6.752, 4.24, 1.833, 1.943, 2.584, 2.194, 1.789, 1.931, 2.148, 1.885, 1.161, 1.381, 1.573, 1.842, 2.314, 2.75, 2.247, 2.173, 5.145, 5.693, 4.894, 7.198, 9.388, 9.498, 10.126, 11.266, 11.966, 10.694, 9.656, 10.323, 11.607, 13.176, 13.379, 11.32, 10.438, 11.046, 10.493, 9.694, 11.501, 12.413, 10.861, 10.876, 12.023, 12.744, 11.864, 11.982, 13.023, 11.586, 10.716, 10.171, 8.904, 7.305, 5.605, 4.525, 4.787, 5.691, 5.152, 4.267, 5.042, 5.6, 6.846, 6.766, 6.96, 7.879, 8.16, 8.507, 10.231, 10.421, 10.716, 11.976, 12.237, 11.822, 12.187, 12.452, 11.769, 9.357, 6.937, 6.346, 5.55, 4.338, 3.04, 2.442, 1.578, 1.387, 1.618, 1.406, 1.955, 1.853, 2.175, 2.027, 1.097, 1.931, 3.445, 4.676, 5.02, 4.689, 4.201, 4.426, 3.947, 2.381, 1.773, 2.978, 2.433, 1.719, 1.176, 2.678, 3.435, 3.869, 4.068, 4.771, 4.7, 4.223, 5.96, 6.859, 5.919, 6.99, 7.019, 5.716, 5.282, 6.11, 6.807, 6.305, 6.595], [2.057, 1.588, 1.391, 1.843, 1.494, 2.004, 1.593, 1.341, 0.0, 1.225, 2.801, 3.323, 3.127, 3.672, 5.21, 5.406, 4.257, 5.248, 5.728, 4.31, 4.159, 3.597, 2.934, 2.266, 2.777, 2.247, 1.461, 2.073, 2.325, 3.389, 4.37, 5.649, 6.108, 5.314, 4.479, 3.519, 2.633, 3.047, 4.682, 5.036, 5.483, 5.792, 4.409, 4.122, 4.704, 4.475, 5.086, 4.645, 4.159, 4.029, 4.496, 4.366, 2.764, 2.21, 3.105, 4.294, 4.02, 3.996, 4.22, 4.243, 3.889, 3.749, 3.092, 3.728, 5.946, 8.997, 11.569, 12.369, 14.13, 15.884, 15.709, 14.825, 16.253, 18.116, 17.122, 16.406, 18.255, 17.755, 14.511, 11.396, 9.437, 8.958, 8.363, 8.261, 8.244, 7.643, 6.023, 3.745, 2.706, 2.525, 2.628, 2.463, 1.986, 2.835, 2.986, 3.521, 4.591, 4.83, 4.759, 4.59, 3.99, 3.411, 3.281, 4.829, 7.728, 9.606, 7.248, 4.717, 2.283, 2.825, 3.332, 2.73, 2.323, 2.73, 2.565, 2.27, 1.005, 1.698, 1.738, 2.311, 2.884, 3.374, 3.106, 3.137, 6.013, 6.491, 5.604, 7.722, 9.766, 9.905, 10.534, 11.644, 12.368, 11.097, 10.077, 10.74, 12.032, 13.641, 13.769, 11.75, 10.913, 11.461, 10.986, 10.124, 11.966, 12.966, 11.395, 11.339, 12.458, 13.152, 12.357, 12.538, 13.505, 12.061, 11.123, 10.583, 9.317, 7.769, 6.07, 5.226, 5.663, 6.389, 6.042, 5.005, 5.703, 6.235, 7.34, 7.286, 7.548, 8.319, 8.669, 9.084, 10.731, 10.898, 11.221, 12.47, 12.731, 12.316, 12.683, 12.945, 12.257, 9.827, 7.429, 6.868, 5.946, 4.761, 3.629, 2.859, 1.933, 1.49, 1.599, 1.515, 1.997, 2.284, 2.856, 2.759, 1.515, 1.419, 2.425, 3.901, 4.184, 3.866, 3.396, 3.602, 3.026, 1.564, 1.217, 1.956, 1.844, 1.559, 1.705, 3.057, 4.03, 4.494, 4.724, 5.504, 5.492, 5.128, 6.521, 7.342, 6.435, 7.477, 7.635, 6.287, 5.822, 6.74, 7.54, 7.126, 7.365], [1.606, 2.076, 1.088, 1.284, 1.622, 2.402, 2.022, 1.193, 1.225, 0.0, 2.005, 2.658, 2.526, 2.918, 4.441, 4.623, 3.49, 4.426, 5.036, 3.585, 3.583, 3.349, 2.664, 2.258, 2.179, 1.515, 1.696, 2.713, 2.4, 2.73, 3.559, 4.799, 5.269, 4.46, 3.652, 2.705, 2.23, 2.902, 4.126, 4.367, 4.956, 5.176, 3.919, 3.543, 3.999, 3.77, 4.54, 4.248, 3.777, 3.857, 4.585, 4.638, 3.125, 2.489, 3.011, 3.731, 3.462, 3.417, 3.682, 3.609, 3.305, 3.085, 2.441, 3.08, 5.2, 8.322, 10.87, 11.634, 13.335, 15.117, 14.941, 13.978, 15.501, 17.279, 16.304, 15.57, 17.419, 16.918, 13.675, 10.56, 8.6, 8.132, 7.561, 7.428, 7.506, 6.886, 5.238, 2.942, 1.97, 2.353, 2.32, 2.244, 1.68, 2.039, 2.346, 2.853, 3.875, 4.043, 3.985, 3.787, 3.164, 2.581, 2.477, 4.02, 7.02, 8.812, 6.646, 4.123, 2.077, 2.792, 3.546, 2.841, 2.57, 2.785, 2.588, 2.424, 1.421, 1.734, 1.433, 2.265, 2.868, 3.02, 2.735, 2.602, 5.329, 5.767, 5.123, 6.992, 8.988, 9.069, 9.697, 10.878, 11.544, 10.346, 9.3, 9.983, 11.177, 12.765, 12.957, 10.949, 10.093, 10.625, 10.15, 9.288, 11.195, 12.141, 10.594, 10.493, 11.638, 12.32, 11.554, 11.707, 12.664, 11.273, 10.38, 9.868, 8.568, 7.039, 5.331, 4.445, 5.117, 5.57, 5.369, 4.479, 5.257, 5.536, 6.547, 6.458, 6.752, 7.532, 7.841, 8.239, 9.928, 10.108, 10.445, 11.647, 11.894, 11.479, 11.868, 12.109, 11.421, 9.01, 6.648, 6.048, 5.207, 3.99, 3.013, 2.475, 1.713, 1.956, 2.003, 1.792, 2.009, 2.15, 2.493, 2.282, 1.059, 1.819, 3.146, 4.766, 5.06, 4.708, 4.239, 4.434, 3.821, 2.148, 1.441, 2.673, 2.392, 1.726, 1.247, 2.212, 3.157, 3.568, 3.906, 4.631, 4.64, 4.324, 5.586, 6.566, 5.623, 6.735, 6.872, 5.434, 4.986, 5.957, 6.68, 6.258, 6.543], [1.509, 3.819, 2.705, 1.927, 3.028, 4.077, 3.442, 2.424, 2.801, 2.005, 0.0, 1.736, 1.644, 1.156, 2.974, 3.388, 2.08, 3.098, 3.758, 2.685, 3.035, 3.361, 3.095, 2.727, 2.088, 1.718, 3.458, 4.582, 3.794, 2.936, 3.288, 3.775, 4.101, 3.666, 2.592, 1.816, 1.753, 2.077, 3.138, 2.625, 3.504, 3.647, 2.482, 2.642, 3.193, 2.949, 3.433, 3.255, 2.262, 2.51, 3.834, 3.953, 3.229, 2.984, 2.706, 2.222, 1.894, 1.897, 2.114, 2.122, 1.832, 1.442, 1.072, 1.453, 3.303, 6.431, 8.95, 9.697, 11.647, 13.304, 12.988, 12.14, 13.574, 15.394, 14.407, 13.684, 15.533, 15.033, 11.789, 8.674, 6.735, 6.248, 5.614, 5.547, 5.596, 4.927, 3.364, 2.356, 1.906, 2.534, 2.132, 1.847, 1.726, 1.803, 1.518, 1.815, 2.715, 2.876, 2.675, 2.052, 1.537, 1.266, 1.18, 2.353, 5.318, 7.003, 4.984, 2.596, 2.044, 3.519, 4.558, 4.02, 3.915, 3.137, 3.015, 3.363, 3.01, 2.479, 2.357, 2.797, 2.918, 3.206, 2.825, 2.621, 4.187, 4.975, 4.219, 5.285, 7.062, 7.147, 7.811, 8.907, 9.624, 8.381, 7.436, 8.016, 9.398, 10.99, 11.02, 9.034, 8.261, 8.739, 8.264, 7.422, 9.369, 10.432, 8.877, 8.791, 9.738, 10.43, 9.67, 9.897, 10.821, 9.388, 8.456, 7.905, 6.691, 5.096, 3.693, 3.474, 4.754, 4.765, 5.002, 4.502, 5.262, 5.044, 5.095, 5.402, 5.726, 5.978, 6.25, 6.826, 8.112, 8.247, 8.586, 9.753, 10.009, 9.599, 9.968, 10.223, 9.535, 7.105, 4.997, 4.351, 3.597, 2.59, 2.301, 2.026, 2.189, 3.172, 3.402, 2.959, 2.277, 2.404, 2.431, 2.028, 1.839, 3.436, 4.888, 6.554, 6.62, 6.337, 5.888, 6.078, 5.615, 3.976, 3.105, 4.138, 3.996, 2.438, 1.918, 1.137, 2.012, 2.671, 3.084, 4.108, 4.005, 3.954, 4.657, 4.726, 4.221, 4.984, 5.318, 4.015, 3.664, 4.675, 5.443, 5.143, 5.391], [2.43, 4.356, 3.206, 2.272, 3.628, 4.614, 3.793, 3.06, 3.323, 2.658, 1.736, 0.0, 1.092, 1.677, 2.64, 3.013, 2.023, 3.01, 3.552, 2.304, 2.518, 2.772, 2.7, 2.335, 2.053, 2.489, 4.201, 5.213, 4.431, 2.774, 2.745, 3.55, 3.903, 3.166, 2.395, 2.307, 2.108, 2.159, 3.149, 2.766, 2.82, 3.09, 2.277, 2.713, 2.831, 2.567, 3.423, 2.561, 1.681, 2.576, 4.148, 4.27, 3.928, 3.496, 3.294, 2.809, 2.287, 2.273, 2.2, 2.031, 1.558, 1.515, 1.559, 1.523, 2.76, 5.918, 8.605, 9.417, 11.391, 13.015, 12.72, 11.811, 13.21, 14.85, 13.856, 13.141, 14.99, 14.515, 11.246, 8.131, 6.229, 5.696, 5.241, 5.079, 5.196, 4.599, 3.126, 1.975, 1.847, 2.341, 2.024, 2.407, 2.185, 1.675, 2.109, 1.789, 2.233, 2.558, 2.446, 1.746, 1.996, 1.695, 2.134, 2.545, 4.874, 6.421, 4.311, 1.964, 1.854, 3.197, 4.148, 4.473, 4.186, 3.095, 2.966, 3.753, 3.633, 2.507, 2.626, 2.743, 2.482, 2.338, 2.482, 2.141, 4.029, 4.671, 3.917, 5.13, 6.699, 6.626, 7.27, 8.556, 9.195, 8.102, 7.162, 7.731, 9.033, 10.577, 10.663, 8.678, 7.915, 8.252, 7.754, 7.014, 9.096, 10.127, 8.644, 8.368, 9.345, 10.042, 9.139, 9.534, 10.458, 8.983, 8.121, 7.593, 6.392, 4.847, 3.548, 3.236, 4.352, 4.444, 4.527, 3.954, 4.693, 4.619, 4.615, 4.991, 5.262, 5.644, 5.833, 6.699, 7.641, 7.785, 8.233, 9.375, 9.538, 9.163, 9.543, 9.729, 8.995, 6.74, 4.709, 4.085, 3.318, 2.046, 1.862, 1.324, 2.089, 3.221, 3.894, 3.111, 2.236, 2.209, 2.184, 1.966, 2.408, 3.956, 5.421, 7.064, 6.901, 6.654, 6.21, 6.422, 5.988, 4.474, 3.723, 4.562, 4.512, 3.002, 2.4, 2.105, 2.373, 2.33, 2.694, 3.612, 3.621, 3.573, 4.071, 4.32, 3.951, 4.752, 5.047, 3.67, 3.378, 4.503, 5.181, 4.811, 5.222], [2.064, 4.083, 3.063, 2.039, 3.476, 4.268, 3.461, 2.727, 3.127, 2.526, 1.644, 1.092, 0.0, 1.66, 3.297, 3.625, 2.298, 3.599, 4.175, 2.787, 3.013, 3.396, 3.026, 2.531, 2.13, 2.43, 4.105, 5.035, 4.3, 3.263, 3.514, 4.167, 4.546, 3.809, 2.916, 2.206, 2.07, 1.932, 3.041, 2.645, 2.878, 3.205, 2.28, 2.925, 3.391, 3.151, 3.83, 2.943, 1.995, 2.266, 3.781, 3.961, 3.444, 2.911, 3.014, 2.741, 2.318, 2.369, 2.495, 2.428, 2.079, 1.718, 1.619, 1.613, 3.29, 6.396, 9.076, 9.932, 11.955, 13.524, 13.238, 12.221, 13.665, 15.219, 14.24, 13.492, 15.358, 14.881, 11.592, 8.478, 6.734, 6.188, 5.819, 5.61, 5.718, 5.156, 3.724, 2.275, 1.997, 2.612, 2.267, 2.348, 2.069, 1.477, 1.993, 1.693, 2.705, 2.92, 2.816, 2.073, 1.85, 1.513, 1.862, 2.647, 5.295, 6.863, 4.627, 2.264, 1.571, 2.871, 3.939, 4.111, 3.734, 2.747, 2.679, 3.292, 3.432, 2.434, 2.364, 2.316, 2.163, 2.535, 2.463, 2.373, 4.468, 5.104, 4.405, 5.794, 7.21, 7.225, 7.79, 9.115, 9.751, 8.646, 7.691, 8.348, 9.612, 11.053, 11.185, 9.153, 8.356, 8.845, 8.167, 7.649, 9.702, 10.746, 9.274, 8.886, 9.8, 10.566, 9.57, 9.87, 10.926, 9.413, 8.632, 8.119, 6.981, 5.493, 4.121, 3.82, 4.905, 4.942, 4.991, 4.602, 5.377, 5.157, 5.108, 5.418, 5.741, 6.195, 6.427, 7.29, 8.144, 8.319, 8.685, 9.739, 9.883, 9.641, 9.96, 10.129, 9.387, 7.325, 5.366, 4.647, 3.972, 2.777, 2.274, 1.735, 1.834, 2.961, 3.547, 2.944, 2.018, 1.808, 2.03, 1.972, 2.125, 3.655, 5.074, 6.702, 6.472, 6.124, 5.756, 5.885, 5.544, 4.214, 3.559, 4.219, 4.171, 2.643, 2.03, 2.15, 2.625, 2.847, 3.364, 4.323, 4.129, 4.009, 4.581, 4.887, 4.498, 5.415, 5.624, 4.197, 3.846, 4.948, 5.674, 5.365, 5.867], [2.283, 4.61, 3.381, 2.412, 3.84, 5.012, 4.214, 3.268, 3.672, 2.918, 1.156, 1.677, 1.66, 0.0, 2.309, 2.812, 1.499, 2.514, 3.355, 2.394, 2.826, 3.585, 3.545, 3.064, 2.322, 2.233, 4.226, 5.508, 4.484, 3.118, 3.128, 3.374, 3.701, 3.294, 2.246, 1.568, 1.774, 1.859, 2.641, 2.132, 3.029, 3.072, 2.162, 2.562, 3.05, 2.675, 3.216, 2.968, 1.918, 2.275, 3.835, 3.824, 3.678, 3.461, 2.781, 1.965, 1.534, 1.467, 1.671, 1.835, 1.541, 1.087, 1.141, 1.057, 2.513, 5.606, 8.198, 8.893, 10.898, 12.516, 12.196, 11.313, 12.688, 14.453, 13.459, 12.758, 14.593, 14.092, 10.848, 7.75, 5.9, 5.361, 4.915, 4.998, 5.019, 4.248, 2.762, 2.318, 2.339, 2.773, 2.389, 2.312, 2.184, 1.822, 1.614, 1.508, 2.217, 2.434, 2.19, 1.394, 1.185, 0.985, 1.076, 1.618, 4.482, 6.133, 4.421, 2.196, 2.2, 3.737, 5.005, 4.886, 4.463, 3.348, 3.35, 4.104, 3.888, 3.002, 2.879, 3.019, 2.974, 3.229, 2.854, 2.762, 3.966, 4.622, 3.89, 4.692, 6.243, 6.235, 6.886, 8.038, 8.704, 7.589, 6.668, 7.195, 8.62, 10.156, 10.186, 8.134, 7.434, 7.833, 7.332, 6.582, 8.601, 9.659, 8.163, 8.002, 8.84, 9.553, 8.715, 9.049, 9.973, 8.525, 7.594, 7.06, 5.919, 4.333, 2.974, 3.227, 4.441, 4.319, 4.592, 4.278, 4.989, 4.663, 4.523, 4.887, 5.185, 5.375, 5.591, 6.242, 7.318, 7.395, 7.769, 8.884, 9.108, 8.723, 9.036, 9.327, 8.594, 6.231, 4.27, 3.75, 3.112, 2.137, 2.447, 2.334, 2.436, 3.624, 4.291, 3.609, 2.684, 2.721, 2.504, 2.25, 2.695, 4.334, 5.818, 7.447, 7.447, 7.195, 6.752, 6.943, 6.485, 4.848, 3.976, 4.99, 4.909, 3.298, 2.45, 1.334, 1.803, 2.454, 2.799, 3.929, 3.616, 3.525, 4.156, 3.997, 3.643, 4.291, 4.575, 3.398, 3.112, 4.126, 4.825, 4.571, 4.917], [3.862, 6.217, 4.878, 3.98, 5.279, 6.34, 5.597, 4.676, 5.21, 4.441, 2.974, 2.64, 3.297, 2.309, 0.0, 1.173, 1.506, 1.216, 1.503, 1.593, 2.346, 3.245, 3.792, 3.729, 3.075, 3.501, 5.551, 6.837, 5.772, 3.208, 2.128, 1.838, 1.865, 1.697, 1.406, 1.931, 3.159, 3.713, 3.506, 2.662, 3.131, 3.279, 2.796, 2.235, 2.098, 2.005, 2.431, 2.202, 2.477, 3.572, 5.612, 5.233, 5.118, 4.678, 3.587, 2.769, 2.019, 1.986, 1.77, 1.822, 1.64, 2.028, 2.482, 2.275, 1.723, 4.304, 6.794, 7.269, 8.938, 10.708, 10.628, 9.81, 11.232, 13.124, 12.13, 11.415, 13.264, 12.763, 9.52, 6.405, 4.544, 4.183, 3.796, 3.905, 4.027, 3.159, 1.818, 2.051, 2.954, 3.253, 3.19, 3.575, 3.602, 2.895, 2.804, 2.488, 1.712, 1.611, 1.497, 1.913, 2.077, 2.439, 2.506, 1.866, 3.516, 5.494, 3.908, 2.815, 3.536, 4.687, 5.811, 6.317, 5.917, 4.145, 4.206, 5.648, 5.274, 4.425, 4.446, 4.185, 3.641, 3.116, 2.906, 2.967, 2.201, 3.074, 2.116, 2.842, 4.751, 4.9, 5.541, 6.622, 7.362, 6.06, 5.002, 5.7, 7.01, 8.61, 8.76, 6.758, 5.9, 6.47, 5.995, 5.133, 6.857, 7.816, 6.233, 6.339, 7.461, 8.181, 7.389, 7.484, 8.452, 7.092, 6.138, 5.57, 4.408, 2.905, 1.438, 1.575, 2.5, 2.387, 2.677, 2.873, 3.247, 2.971, 3.009, 3.155, 3.429, 3.727, 4.007, 4.484, 5.781, 5.931, 6.243, 7.478, 7.739, 7.324, 7.689, 7.954, 7.266, 4.839, 2.583, 2.449, 1.904, 1.561, 2.354, 2.704, 3.775, 4.812, 5.74, 4.768, 4.721, 4.084, 3.464, 3.117, 4.089, 5.684, 7.395, 8.991, 9.32, 8.991, 8.554, 8.706, 8.089, 6.481, 5.509, 6.823, 6.26, 4.774, 3.949, 2.58, 1.925, 1.578, 1.732, 2.504, 1.887, 1.942, 2.392, 2.623, 2.03, 2.539, 2.542, 1.744, 1.991, 2.803, 3.009, 2.656, 2.872], [3.961, 6.302, 4.969, 4.123, 5.524, 6.605, 5.759, 4.835, 5.406, 4.623, 3.388, 3.013, 3.625, 2.812, 1.173, 0.0, 1.639, 1.464, 1.319, 1.424, 2.106, 3.089, 3.827, 3.898, 3.278, 3.742, 5.77, 7.056, 5.991, 3.44, 1.963, 1.454, 1.45, 1.344, 1.559, 2.18, 3.532, 4.166, 4.019, 3.16, 3.405, 3.748, 3.051, 2.206, 2.022, 1.98, 2.475, 2.325, 2.954, 4.258, 6.198, 5.824, 5.372, 4.836, 4.08, 3.351, 2.534, 2.478, 2.224, 2.246, 2.163, 2.516, 2.855, 2.868, 2.196, 4.308, 6.838, 7.205, 8.854, 10.61, 10.512, 9.607, 11.108, 12.927, 11.911, 11.195, 13.045, 12.544, 9.311, 6.329, 4.62, 4.299, 3.981, 4.089, 4.144, 3.388, 2.177, 2.112, 3.219, 3.411, 3.285, 3.729, 3.762, 3.045, 3.068, 2.622, 1.562, 1.19, 1.259, 2.182, 2.422, 2.744, 2.785, 2.57, 3.683, 5.552, 4.117, 3.147, 3.776, 4.812, 5.934, 6.417, 5.979, 4.342, 4.424, 5.845, 5.468, 4.511, 4.532, 4.316, 3.789, 2.902, 3.0, 2.935, 2.031, 2.632, 1.774, 2.85, 4.629, 4.723, 5.359, 6.505, 7.176, 5.95, 4.903, 5.579, 6.807, 8.391, 8.591, 6.603, 5.696, 6.278, 5.776, 4.918, 6.757, 7.665, 6.134, 6.132, 7.252, 8.052, 7.157, 7.265, 8.233, 6.844, 5.961, 5.516, 4.523, 3.163, 1.534, 1.277, 2.196, 1.876, 2.224, 2.645, 2.705, 2.388, 2.437, 2.462, 2.81, 3.234, 3.406, 3.923, 5.493, 5.678, 6.021, 7.273, 7.606, 7.155, 7.47, 7.734, 7.201, 4.771, 2.714, 2.302, 1.625, 1.731, 2.366, 2.884, 3.962, 5.046, 5.925, 5.0, 4.929, 4.193, 3.554, 3.196, 4.278, 5.94, 7.572, 9.153, 9.429, 9.093, 8.641, 8.815, 8.196, 6.575, 5.658, 6.974, 6.496, 5.019, 4.069, 3.046, 2.121, 1.653, 1.833, 2.002, 1.446, 1.5, 2.012, 2.346, 1.395, 2.287, 2.487, 1.753, 2.036, 2.407, 2.461, 2.203, 2.55], [2.761, 5.158, 3.912, 2.94, 4.336, 5.563, 4.746, 3.801, 4.257, 3.49, 2.08, 2.023, 2.298, 1.499, 1.506, 1.639, 0.0, 1.828, 2.343, 1.527, 2.129, 2.971, 3.386, 3.072, 2.506, 2.658, 4.722, 6.003, 4.946, 2.87, 2.217, 2.339, 2.611, 2.087, 1.416, 1.398, 2.424, 2.981, 3.476, 2.605, 3.261, 3.579, 2.636, 2.425, 2.488, 2.21, 3.079, 2.831, 2.31, 3.103, 4.98, 4.655, 4.455, 3.81, 3.29, 2.421, 1.737, 1.626, 1.744, 1.911, 1.412, 1.453, 1.78, 1.739, 2.312, 5.33, 7.769, 8.185, 10.047, 11.732, 11.531, 10.652, 12.117, 13.963, 13.002, 12.251, 14.101, 13.6, 10.356, 7.331, 5.493, 5.066, 4.591, 4.752, 4.795, 3.964, 2.349, 1.869, 2.238, 2.546, 2.259, 2.57, 2.557, 2.051, 1.764, 1.551, 1.509, 1.604, 1.344, 1.381, 1.411, 1.589, 1.747, 1.759, 4.223, 6.067, 4.484, 2.797, 2.496, 3.959, 5.231, 5.387, 4.982, 3.418, 3.547, 4.64, 4.382, 3.403, 3.389, 3.206, 3.008, 2.905, 2.622, 2.663, 3.134, 3.533, 2.735, 4.044, 5.626, 5.743, 6.402, 7.504, 8.204, 6.947, 5.919, 6.577, 7.874, 9.479, 9.617, 7.62, 6.741, 7.316, 6.832, 5.972, 7.812, 8.81, 7.301, 7.222, 8.298, 9.08, 8.202, 8.355, 9.308, 7.86, 6.927, 6.414, 5.275, 3.699, 2.228, 2.164, 3.212, 3.043, 3.253, 3.185, 3.741, 3.408, 3.565, 3.66, 4.058, 4.454, 4.525, 5.253, 6.609, 6.725, 7.033, 8.315, 8.6, 8.166, 8.526, 8.79, 8.152, 5.727, 3.603, 3.021, 2.337, 1.666, 2.196, 2.235, 2.786, 3.938, 4.801, 3.962, 3.507, 3.105, 2.621, 2.454, 3.24, 4.887, 6.398, 7.969, 8.171, 7.854, 7.418, 7.55, 7.048, 5.413, 4.504, 5.643, 5.432, 3.862, 2.999, 1.866, 1.659, 1.785, 2.135, 2.911, 2.373, 2.241, 3.007, 3.191, 2.555, 3.319, 3.689, 2.641, 2.621, 3.33, 3.936, 3.673, 3.925], [3.816, 6.116, 4.812, 4.015, 5.278, 6.276, 5.521, 4.603, 5.248, 4.426, 3.098, 3.01, 3.599, 2.514, 1.216, 1.464, 1.828, 0.0, 1.612, 1.804, 2.538, 3.456, 3.758, 3.638, 2.983, 3.416, 5.444, 6.729, 5.665, 3.12, 2.297, 2.121, 2.261, 2.038, 1.648, 1.961, 3.148, 3.808, 3.222, 2.726, 3.23, 2.836, 2.425, 1.901, 2.135, 1.806, 1.778, 2.136, 2.773, 3.725, 5.46, 5.195, 5.054, 4.608, 3.249, 2.401, 2.004, 1.878, 1.623, 1.644, 1.918, 2.222, 2.534, 2.497, 1.986, 4.42, 6.833, 7.34, 9.016, 10.749, 10.731, 9.917, 11.343, 13.232, 12.243, 11.522, 13.371, 12.871, 9.627, 6.537, 4.61, 4.18, 3.724, 3.858, 3.918, 3.064, 1.462, 2.2, 3.047, 3.246, 3.174, 3.739, 3.671, 2.863, 3.061, 2.672, 2.138, 1.729, 1.439, 2.16, 2.206, 2.618, 2.526, 1.919, 3.27, 5.319, 3.686, 2.752, 3.67, 4.577, 5.694, 6.195, 5.8, 4.034, 4.238, 5.574, 5.219, 4.338, 4.368, 4.083, 3.562, 3.046, 2.804, 2.824, 2.157, 2.976, 2.506, 2.962, 4.856, 5.002, 5.674, 6.731, 7.462, 6.16, 5.122, 5.799, 7.116, 8.718, 8.859, 6.869, 6.007, 6.577, 6.103, 5.247, 6.967, 7.902, 6.319, 6.446, 7.568, 8.32, 7.473, 7.592, 8.56, 7.146, 6.192, 5.615, 4.402, 2.768, 1.354, 1.906, 2.943, 2.761, 2.997, 3.067, 3.619, 3.409, 3.473, 3.336, 3.605, 3.575, 4.169, 4.161, 5.821, 5.983, 6.297, 7.586, 7.847, 7.432, 7.797, 8.061, 7.373, 4.946, 2.614, 2.433, 2.387, 1.869, 2.435, 2.806, 3.742, 4.757, 5.628, 4.711, 4.927, 4.116, 3.417, 3.041, 4.073, 5.654, 7.326, 8.932, 9.301, 8.943, 8.477, 8.673, 8.058, 6.426, 5.439, 6.862, 6.293, 4.824, 3.899, 2.534, 2.04, 2.107, 2.403, 2.904, 2.287, 2.181, 2.947, 3.15, 2.39, 3.023, 2.876, 1.786, 1.677, 2.154, 2.702, 2.386, 2.539], [4.29, 6.631, 5.345, 4.534, 5.683, 6.653, 6.042, 5.116, 5.728, 5.036, 3.758, 3.552, 4.175, 3.355, 1.503, 1.319, 2.343, 1.612, 0.0, 1.683, 2.299, 3.413, 4.077, 4.137, 3.384, 3.883, 5.794, 7.052, 6.014, 3.478, 2.188, 1.776, 1.554, 1.573, 2.047, 2.547, 3.787, 4.581, 4.388, 3.58, 3.441, 3.912, 3.261, 2.019, 1.741, 1.826, 2.042, 2.41, 3.387, 4.518, 6.546, 6.131, 5.647, 5.087, 4.412, 3.585, 2.743, 2.777, 2.571, 2.331, 2.494, 2.942, 3.203, 3.317, 2.744, 3.988, 6.468, 6.944, 8.547, 10.257, 10.341, 9.6, 11.022, 12.914, 11.92, 11.205, 13.054, 12.553, 9.31, 6.2, 4.318, 3.969, 3.564, 3.676, 3.759, 2.879, 2.052, 2.48, 3.512, 3.786, 3.691, 4.1, 4.147, 3.472, 3.547, 3.045, 2.122, 1.713, 1.727, 2.752, 2.857, 3.222, 3.228, 2.984, 3.17, 5.224, 4.085, 3.541, 4.136, 5.102, 6.162, 6.69, 6.279, 4.487, 4.627, 6.062, 5.696, 4.836, 4.866, 4.593, 4.061, 3.065, 3.257, 3.181, 1.524, 2.091, 1.472, 2.397, 4.535, 4.668, 5.331, 6.36, 7.144, 5.779, 4.701, 5.439, 6.778, 8.4, 8.505, 6.548, 5.69, 6.26, 5.785, 4.923, 6.605, 7.567, 5.925, 6.129, 7.251, 7.95, 7.156, 7.274, 8.242, 6.821, 5.867, 5.29, 4.144, 2.637, 1.509, 1.298, 2.257, 1.802, 2.308, 2.424, 2.608, 2.48, 2.378, 2.338, 2.67, 3.095, 3.39, 3.784, 5.492, 5.661, 5.972, 7.269, 7.529, 7.114, 7.479, 7.744, 7.064, 4.628, 2.316, 2.017, 1.601, 2.094, 2.334, 3.101, 4.236, 5.255, 6.134, 5.048, 5.397, 4.558, 3.907, 3.554, 4.583, 6.185, 7.82, 9.405, 9.756, 9.41, 8.966, 9.137, 8.516, 6.956, 5.94, 7.294, 6.72, 5.242, 4.48, 3.34, 2.636, 2.236, 2.636, 2.444, 1.737, 2.017, 2.103, 2.296, 1.831, 2.221, 2.206, 1.318, 1.733, 1.968, 2.272, 1.852, 2.059], [2.94, 5.192, 3.894, 3.077, 4.482, 5.624, 4.784, 3.81, 4.31, 3.585, 2.685, 2.304, 2.787, 2.394, 1.593, 1.424, 1.527, 1.804, 1.683, 0.0, 1.159, 2.138, 2.653, 2.837, 2.247, 2.728, 4.788, 6.038, 5.006, 2.52, 1.638, 1.898, 2.181, 1.612, 1.514, 1.84, 2.981, 3.768, 4.065, 3.088, 3.42, 3.765, 3.0, 1.903, 1.778, 1.713, 2.501, 2.35, 2.35, 3.734, 5.641, 5.534, 4.744, 4.14, 4.082, 3.332, 2.354, 2.302, 2.136, 2.077, 1.673, 1.849, 2.081, 2.181, 2.323, 4.951, 7.465, 8.215, 10.014, 11.765, 11.613, 10.657, 12.166, 13.959, 12.965, 12.249, 14.098, 13.598, 10.354, 7.239, 5.285, 4.846, 4.413, 4.51, 4.545, 3.729, 2.337, 1.458, 2.232, 2.308, 2.197, 2.644, 2.697, 2.112, 2.114, 1.59, 1.214, 1.048, 1.216, 1.873, 1.931, 2.143, 2.329, 2.55, 4.108, 6.014, 4.343, 2.588, 2.756, 3.804, 4.871, 5.37, 4.928, 3.413, 3.373, 4.692, 4.384, 3.37, 3.37, 3.317, 2.859, 2.088, 2.382, 1.941, 2.399, 2.76, 1.875, 3.645, 5.683, 5.767, 6.396, 7.572, 8.24, 7.025, 5.972, 6.655, 7.877, 9.448, 9.658, 7.621, 6.751, 7.315, 6.829, 5.975, 7.867, 8.817, 7.278, 7.175, 8.297, 9.025, 8.2, 8.353, 9.317, 7.868, 6.983, 6.456, 5.192, 3.666, 2.117, 1.326, 2.345, 2.439, 2.516, 2.229, 2.943, 2.693, 3.219, 3.242, 3.59, 4.15, 4.416, 4.959, 6.516, 6.706, 7.045, 8.32, 8.574, 8.168, 8.527, 8.788, 8.1, 5.67, 3.336, 2.833, 1.949, 1.524, 1.492, 1.843, 2.906, 3.974, 4.913, 4.007, 3.958, 3.068, 2.506, 2.236, 3.29, 5.0, 6.5, 7.999, 8.237, 7.908, 7.464, 7.63, 7.03, 5.459, 4.52, 5.77, 5.523, 3.992, 3.093, 2.42, 1.931, 1.463, 1.963, 2.172, 1.72, 1.729, 2.555, 3.171, 2.21, 3.317, 3.452, 2.138, 2.269, 2.846, 3.466, 3.082, 3.446], [2.996, 4.939, 3.853, 3.269, 4.569, 5.442, 4.613, 3.628, 4.159, 3.583, 3.035, 2.518, 3.013, 2.826, 2.346, 2.106, 2.129, 2.538, 2.299, 1.159, 0.0, 1.724, 2.406, 2.617, 2.235, 2.819, 4.666, 5.857, 4.842, 2.588, 1.744, 2.341, 2.451, 2.105, 1.998, 2.501, 3.243, 4.076, 4.475, 3.517, 3.724, 4.068, 3.378, 2.342, 1.997, 2.09, 2.972, 2.799, 2.713, 4.098, 5.951, 5.846, 5.148, 4.359, 4.564, 3.649, 2.551, 2.811, 2.612, 2.591, 2.126, 2.284, 2.391, 2.519, 2.674, 5.107, 7.681, 8.517, 10.436, 12.131, 11.902, 10.889, 12.31, 14.199, 13.209, 12.468, 14.329, 13.821, 10.538, 7.418, 5.46, 4.986, 4.544, 4.598, 4.549, 3.83, 2.973, 1.702, 2.308, 2.203, 2.173, 2.585, 2.655, 2.16, 2.388, 1.924, 1.384, 1.556, 1.804, 2.366, 2.48, 2.578, 2.715, 3.248, 4.206, 5.964, 4.401, 2.764, 2.818, 3.567, 4.605, 5.259, 4.801, 3.664, 3.624, 4.515, 4.236, 3.125, 3.121, 3.064, 2.823, 1.951, 2.424, 1.989, 2.619, 2.906, 2.028, 3.963, 5.943, 6.045, 6.674, 7.808, 8.508, 7.294, 6.305, 6.927, 8.213, 9.815, 9.942, 7.879, 7.032, 7.593, 7.015, 6.242, 8.211, 9.214, 7.669, 7.498, 8.591, 9.292, 8.384, 8.623, 9.674, 8.087, 7.237, 6.702, 5.453, 4.038, 2.839, 1.788, 2.276, 2.676, 2.361, 2.074, 2.741, 2.731, 3.371, 3.482, 3.768, 4.483, 4.767, 5.274, 6.709, 6.941, 7.276, 8.51, 8.758, 8.343, 8.72, 8.972, 8.317, 5.917, 3.712, 2.98, 2.128, 1.777, 1.716, 1.912, 2.819, 3.782, 4.664, 4.018, 4.041, 3.026, 2.547, 2.518, 3.17, 4.898, 6.26, 7.794, 7.835, 7.501, 7.061, 7.196, 6.864, 5.255, 4.434, 5.471, 5.633, 4.158, 3.144, 2.734, 2.643, 1.942, 2.22, 2.286, 1.894, 1.953, 2.891, 3.343, 2.637, 3.67, 3.934, 2.731, 2.951, 3.396, 3.838, 3.417, 3.752], [2.966, 4.402, 3.39, 3.171, 4.303, 4.68, 3.801, 3.13, 3.597, 3.349, 3.361, 2.772, 3.396, 3.585, 3.245, 3.089, 2.971, 3.456, 3.413, 2.138, 1.724, 0.0, 1.661, 1.942, 2.17, 2.747, 4.053, 5.075, 4.115, 2.268, 2.164, 3.329, 3.355, 3.09, 2.732, 3.131, 3.925, 4.591, 5.433, 4.421, 4.731, 4.993, 4.183, 3.167, 2.839, 2.962, 3.746, 3.538, 3.204, 4.565, 6.211, 6.275, 5.264, 4.65, 5.035, 4.369, 3.229, 3.499, 3.472, 3.479, 2.703, 2.902, 2.794, 3.034, 3.656, 6.044, 8.611, 9.444, 11.272, 13.005, 12.844, 11.834, 13.348, 15.086, 14.092, 13.376, 15.225, 14.726, 11.481, 8.358, 6.451, 5.928, 5.557, 5.438, 5.373, 4.914, 4.189, 2.495, 2.159, 1.758, 1.657, 2.046, 2.318, 2.464, 2.671, 2.629, 2.326, 2.692, 2.997, 3.157, 3.273, 3.263, 3.466, 4.122, 5.495, 6.978, 5.339, 3.714, 3.227, 3.57, 4.274, 4.546, 4.487, 3.679, 3.837, 4.039, 3.433, 2.403, 2.958, 3.41, 3.264, 2.591, 2.864, 2.353, 3.219, 3.558, 2.577, 4.836, 6.866, 6.937, 7.555, 8.763, 9.416, 8.249, 7.203, 7.884, 9.058, 10.619, 10.823, 8.838, 7.954, 8.491, 7.966, 7.17, 9.104, 10.075, 8.516, 8.316, 9.501, 10.228, 9.327, 9.548, 10.543, 9.003, 8.19, 7.674, 6.374, 5.31, 4.04, 2.805, 2.805, 3.39, 3.074, 2.476, 3.169, 3.336, 4.323, 4.18, 4.393, 5.272, 5.602, 6.032, 7.637, 7.859, 8.21, 9.487, 9.711, 9.324, 9.697, 9.915, 9.227, 6.85, 4.616, 3.926, 3.179, 2.827, 2.514, 2.151, 3.078, 3.463, 3.896, 3.526, 3.95, 3.309, 2.606, 2.358, 3.071, 4.358, 5.69, 6.975, 7.11, 6.777, 6.294, 6.61, 6.173, 4.571, 3.925, 5.188, 4.92, 4.036, 3.305, 3.072, 2.802, 2.236, 2.453, 2.638, 2.859, 2.968, 3.459, 4.325, 3.557, 4.552, 4.716, 3.765, 4.113, 4.549, 4.783, 4.177, 4.421], [2.629, 3.512, 2.576, 2.752, 3.645, 3.336, 2.678, 2.29, 2.934, 2.664, 3.095, 2.7, 3.026, 3.545, 3.792, 3.827, 3.386, 3.758, 4.077, 2.653, 2.406, 1.661, 0.0, 1.176, 1.917, 2.28, 3.077, 3.798, 2.975, 1.571, 2.657, 3.732, 4.363, 3.646, 3.317, 3.167, 3.813, 4.328, 5.453, 4.591, 4.507, 4.925, 3.97, 2.863, 2.871, 2.9, 3.568, 3.434, 3.122, 4.369, 6.049, 6.098, 4.855, 4.117, 4.61, 4.275, 3.207, 3.53, 3.469, 3.428, 2.822, 2.936, 2.624, 3.089, 4.448, 7.304, 9.923, 10.756, 12.539, 14.284, 14.145, 13.129, 14.609, 16.411, 15.421, 14.675, 16.544, 16.033, 12.773, 9.64, 7.677, 7.229, 6.766, 6.637, 6.649, 6.065, 4.602, 2.557, 1.649, 1.708, 1.862, 2.094, 1.919, 2.405, 2.83, 2.753, 3.065, 3.233, 3.311, 3.463, 3.525, 3.251, 3.347, 4.22, 6.107, 7.952, 5.744, 3.559, 2.957, 2.736, 3.422, 3.692, 3.652, 3.048, 3.458, 3.446, 2.564, 2.033, 2.37, 3.072, 3.01, 2.416, 2.453, 1.844, 4.148, 4.596, 3.85, 6.14, 8.162, 8.271, 8.897, 10.06, 10.75, 9.548, 8.505, 9.184, 10.402, 11.969, 12.146, 10.158, 9.284, 9.837, 9.269, 8.498, 10.399, 11.381, 9.802, 9.665, 10.846, 11.554, 10.636, 10.86, 11.892, 10.33, 9.507, 8.921, 7.627, 6.087, 4.465, 3.368, 3.553, 4.532, 3.895, 3.022, 3.877, 4.499, 5.619, 5.524, 5.67, 6.595, 6.961, 7.314, 8.969, 9.205, 9.515, 10.776, 11.009, 10.614, 11.005, 11.215, 10.534, 8.183, 5.858, 5.196, 4.389, 3.321, 2.388, 1.949, 2.739, 2.954, 2.802, 3.146, 3.616, 3.061, 2.483, 2.094, 2.368, 3.43, 4.758, 5.934, 6.242, 5.879, 5.427, 5.626, 5.145, 3.575, 3.192, 4.304, 3.925, 3.531, 2.962, 2.881, 3.139, 3.016, 3.218, 3.72, 3.605, 3.101, 4.736, 5.626, 4.722, 5.859, 5.954, 4.587, 4.297, 4.984, 5.709, 5.215, 5.519], [2.196, 3.066, 2.052, 2.323, 3.054, 2.928, 2.114, 1.86, 2.266, 2.258, 2.727, 2.335, 2.531, 3.064, 3.729, 3.898, 3.072, 3.638, 4.137, 2.837, 2.617, 1.942, 1.176, 0.0, 1.347, 1.803, 2.746, 3.417, 2.644, 1.673, 2.674, 3.873, 4.445, 3.721, 3.002, 2.633, 3.179, 3.746, 4.991, 4.303, 4.343, 4.647, 3.59, 2.736, 2.897, 2.825, 3.603, 3.325, 2.872, 3.842, 5.542, 5.55, 4.241, 3.506, 3.967, 3.64, 2.804, 3.005, 3.063, 2.886, 2.56, 2.535, 2.199, 2.72, 4.561, 7.622, 10.182, 10.903, 12.623, 14.368, 14.326, 13.426, 14.865, 16.725, 15.73, 15.01, 16.866, 16.359, 13.109, 9.982, 8.019, 7.572, 7.039, 6.935, 6.919, 6.319, 4.712, 2.477, 1.347, 1.224, 1.54, 1.721, 1.512, 1.938, 2.445, 2.486, 3.209, 3.434, 3.365, 3.336, 3.149, 2.731, 2.99, 3.738, 6.173, 8.23, 5.943, 3.458, 2.329, 2.389, 2.968, 3.327, 3.157, 2.555, 2.9, 3.013, 1.953, 1.6, 2.016, 2.488, 2.502, 2.406, 1.973, 1.549, 4.278, 4.775, 4.001, 6.244, 8.449, 8.578, 9.205, 10.327, 11.042, 9.755, 8.717, 9.384, 10.687, 12.255, 12.442, 10.404, 9.517, 10.118, 9.597, 8.777, 10.562, 11.486, 9.915, 9.947, 11.099, 11.828, 10.978, 11.063, 12.101, 10.628, 9.736, 9.135, 7.88, 6.269, 4.584, 3.466, 3.782, 4.622, 4.102, 3.155, 3.925, 4.682, 5.961, 5.807, 5.957, 6.878, 7.183, 7.503, 9.287, 9.488, 9.794, 11.078, 11.317, 10.941, 11.299, 11.557, 10.871, 8.448, 6.012, 5.457, 4.611, 3.4, 2.208, 1.724, 2.087, 2.116, 2.33, 2.288, 3.056, 2.561, 2.176, 1.746, 1.801, 2.67, 4.201, 5.607, 5.929, 5.527, 5.085, 5.3, 4.729, 3.206, 2.798, 3.795, 3.47, 3.002, 2.344, 2.56, 2.825, 2.987, 3.163, 3.81, 3.769, 3.353, 5.03, 5.93, 4.947, 6.001, 6.033, 4.834, 4.413, 5.216, 5.953, 5.434, 5.64], [1.774, 3.625, 2.422, 1.95, 2.968, 3.46, 2.794, 1.957, 2.777, 2.179, 2.088, 2.053, 2.13, 2.322, 3.075, 3.278, 2.506, 2.983, 3.384, 2.247, 2.235, 2.17, 1.917, 1.347, 0.0, 1.186, 2.761, 3.873, 2.911, 1.548, 2.178, 3.101, 3.661, 2.873, 2.279, 1.747, 2.451, 3.242, 4.188, 3.551, 3.962, 4.086, 3.067, 2.047, 2.173, 1.964, 2.953, 3.041, 2.721, 3.402, 5.13, 5.111, 3.844, 3.141, 3.542, 2.974, 2.207, 2.281, 2.489, 2.123, 1.994, 1.926, 1.69, 2.032, 3.959, 7.043, 9.566, 10.262, 11.88, 13.63, 13.703, 12.84, 14.262, 16.154, 15.16, 14.441, 16.294, 15.79, 12.54, 9.413, 7.45, 6.996, 6.433, 6.376, 6.329, 5.719, 4.093, 1.864, 1.326, 1.699, 1.69, 1.962, 1.614, 1.319, 2.027, 1.861, 2.627, 2.824, 2.753, 2.732, 2.408, 1.952, 2.255, 2.959, 5.532, 7.696, 5.537, 3.029, 1.949, 2.314, 3.109, 3.466, 3.183, 2.158, 2.524, 2.971, 2.594, 1.845, 1.942, 2.159, 2.176, 2.202, 1.685, 1.258, 3.713, 4.246, 3.376, 5.613, 7.827, 7.975, 8.604, 9.697, 10.438, 9.135, 8.077, 8.776, 10.085, 11.654, 11.836, 9.798, 8.93, 9.524, 9.016, 8.172, 9.932, 10.853, 9.287, 9.368, 10.501, 11.222, 10.396, 10.494, 11.501, 10.041, 9.129, 8.538, 7.295, 5.673, 3.921, 2.729, 3.315, 3.978, 3.615, 2.939, 3.779, 4.214, 5.378, 5.201, 5.393, 6.281, 6.577, 6.919, 8.7, 8.9, 9.207, 10.486, 10.748, 10.354, 10.719, 10.984, 10.296, 7.865, 5.406, 4.87, 3.987, 2.834, 1.583, 1.48, 1.742, 2.475, 3.135, 2.379, 2.91, 2.247, 1.665, 1.292, 1.7, 3.089, 4.909, 6.4, 6.719, 6.351, 5.