[[0.0, 1.244, 2.361, 2.177, 3.116, 4.0, 3.34, 3.104, 3.634, 2.895, 2.808, 3.494, 5.277, 6.088, 5.948, 5.548, 5.399, 6.387, 6.389, 5.455, 5.095, 5.896, 8.848, 8.069, 7.61, 9.59, 5.327, 3.568, 4.329, 5.785, 5.45, 5.061, 3.937, 5.649, 15.402, 20.616, 20.788, 20.188, 19.713, 19.309, 18.763, 18.529, 17.557, 17.893, 17.387, 17.665, 18.482, 17.388, 16.571, 15.104, 13.173, 11.15, 9.742], [1.244, 0.0, 2.336, 2.212, 2.943, 4.037, 3.465, 3.238, 3.659, 2.779, 2.816, 3.686, 5.498, 6.25, 6.102, 5.727, 5.448, 6.523, 6.584, 5.646, 5.265, 6.145, 8.898, 8.25, 7.822, 9.635, 5.518, 3.739, 4.43, 5.848, 5.647, 5.066, 4.11, 5.675, 15.256, 20.587, 20.769, 20.164, 19.689, 19.29, 18.747, 18.511, 17.538, 17.861, 17.355, 17.641, 18.452, 17.325, 16.546, 15.096, 13.189, 11.223, 9.874], [2.361, 2.336, 0.0, 1.494, 2.492, 3.881, 3.628, 3.118, 3.667, 2.947, 2.195, 4.096, 6.645, 7.48, 7.087, 6.493, 6.676, 7.99, 7.649, 6.315, 6.243, 7.064, 10.371, 9.003, 8.519, 10.894, 6.21, 4.64, 5.622, 7.635, 6.709, 6.324, 5.059, 7.442, 17.358, 22.61, 22.71, 22.105, 21.483, 20.973, 20.53, 20.271, 19.154, 19.327, 18.854, 19.281, 20.111, 19.091, 18.474, 16.715, 14.602, 12.662, 11.094], [2.177, 2.212, 1.494, 0.0, 1.795, 2.876, 2.834, 2.413, 3.038, 2.268, 1.713, 3.366, 6.046, 6.978, 6.646, 5.827, 6.146, 7.246, 6.907, 5.569, 5.792, 6.549, 9.686, 8.284, 7.917, 10.371, 5.87, 4.488, 5.554, 7.465, 6.352, 6.006, 5.005, 7.276, 17.001, 22.121, 22.143, 21.587, 20.838, 20.311, 19.943, 19.728, 18.352, 18.463, 18.195, 18.7, 19.486, 18.63, 17.989, 15.981, 13.992, 11.899, 10.41], [3.116, 2.943, 2.492, 1.795, 0.0, 2.53, 2.819, 2.106, 2.634, 2.112, 1.574, 3.833, 6.108, 7.262, 7.062, 6.067, 6.289, 7.151, 6.727, 5.567, 6.093, 6.725, 9.615, 8.158, 7.871, 10.45, 6.047, 5.209, 6.029, 7.678, 6.546, 6.429, 6.005, 7.663, 17.156, 22.237, 22.236, 21.665, 20.892, 20.242, 19.972, 19.759, 18.402, 18.348, 18.177, 18.708, 19.485, 18.709, 18.143, 16.097, 14.055, 11.911, 10.428], [4.0, 4.037, 3.881, 2.876, 2.53, 0.0, 1.43, 1.474, 1.755, 1.928, 2.3, 3.508, 5.359, 6.8, 6.604, 5.477, 5.568, 6.049, 5.382, 4.588, 5.605, 6.376, 8.189, 6.708, 6.733, 9.085, 5.438, 5.15, 5.799, 7.168, 6.285, 6.242, 6.128, 7.408, 15.751, 20.67, 20.721, 20.064, 19.417, 18.689, 18.419, 18.26, 16.969, 16.679, 16.689, 17.0, 17.953, 17.218, 16.683, 14.658, 12.43, 10.348, 8.767], [3.34, 3.465, 3.628, 2.834, 2.819, 1.43, 0.0, 1.587, 1.759, 1.89, 2.424, 2.84, 4.491, 5.688, 5.52, 4.514, 4.701, 5.255, 4.803, 3.832, 4.481, 5.204, 7.334, 6.175, 5.776, 8.021, 4.344, 4.235, 4.605, 5.949, 5.063, 5.27, 5.257, 6.219, 14.871, 19.855, 19.98, 19.252, 18.725, 18.052, 17.734, 17.538, 16.271, 16.114, 16.005, 16.375, 17.262, 16.433, 15.863, 13.906, 11.624, 9.532, 7.99], [3.104, 3.238, 3.118, 2.413, 2.106, 1.474, 1.587, 0.0, 1.261, 1.339, 1.662, 3.056, 4.867, 6.314, 6.103, 4.984, 5.045, 5.745, 5.304, 4.201, 5.067, 5.863, 8.256, 6.748, 6.595, 9.211, 5.027, 4.622, 5.247, 6.806, 5.77, 5.811, 5.568, 6.872, 16.074, 20.954, 21.077, 20.359, 19.792, 19.047, 18.789, 18.604, 17.358, 17.027, 17.056, 17.374, 18.311, 17.521, 16.982, 15.032, 12.721, 10.681, 9.073], [3.634, 3.659, 3.667, 3.038, 2.634, 1.755, 1.759, 1.261, 0.0, 1.347, 2.196, 2.93, 4.553, 6.051, 5.764, 4.633, 4.656, 5.285, 4.997, 3.938, 4.795, 5.6, 7.959, 6.376, 6.288, 8.87, 4.734, 4.535, 5.04, 6.515, 5.504, 5.628, 5.56, 6.675, 15.737, 20.56, 20.668, 19.971, 19.36, 18.564, 18.35, 18.182, 16.98, 16.586, 16.604, 16.923, 17.926, 17.145, 16.589, 14.679, 12.367, 10.352, 8.749], [2.895, 2.779, 2.947, 2.268, 2.112, 1.928, 1.89, 1.339, 1.347, 0.0, 1.67, 2.685, 4.425, 5.736, 5.603, 4.559, 4.602, 5.423, 5.051, 3.911, 4.56, 5.295, 7.917, 6.387, 6.128, 8.765, 4.522, 4.083, 4.648, 6.216, 5.144, 5.239, 5.056, 6.278, 15.73, 20.738, 20.782, 20.136, 19.515, 18.832, 18.495, 18.297, 17.076, 16.86, 16.766, 17.144, 18.062, 17.259, 16.698, 14.751, 12.442, 10.394, 8.753], [2.808, 2.816, 2.195, 1.713, 1.574, 2.3, 2.424, 1.662, 2.196, 1.67, 0.0, 3.14, 5.638, 6.685, 6.536, 5.476, 5.731, 6.792, 6.351, 5.001, 5.524, 6.323, 9.233, 7.699, 7.386, 10.118, 5.636, 4.52, 5.543, 7.463, 6.211, 5.967, 5.228, 7.271, 17.009, 22.052, 22.142, 21.443, 20.859, 20.148, 19.835, 19.639, 18.39, 18.161, 18.108, 18.482, 19.393, 18.545, 18.01, 16.073, 13.721, 11.657, 10.036], [3.494, 3.686, 4.096, 3.366, 3.833, 3.508, 2.84, 3.056, 2.93, 2.685, 3.14, 0.0, 2.912, 3.949, 3.634, 2.795, 2.856, 4.036, 3.992, 2.763, 2.812, 3.886, 6.611, 5.432, 5.03, 7.552, 3.144, 2.144, 3.119, 4.887, 3.659, 3.394, 3.21, 4.713, 14.445, 19.491, 19.562, 18.91, 18.196, 17.446, 17.29, 17.14, 15.828, 15.505, 15.558, 15.909, 16.85, 16.068, 15.492, 13.521, 11.302, 9.233, 7.633], [5.277, 5.498, 6.645, 6.046, 6.108, 5.359, 4.491, 4.867, 4.553, 4.425, 5.638, 2.912, 0.0, 1.802, 1.529, 1.256, 1.611, 2.118, 2.173, 1.746, 1.053, 1.754, 4.245, 3.424, 3.337, 5.477, 1.743, 2.691, 2.27, 2.562, 1.641, 2.376, 3.173, 3.418, 12.133, 17.181, 17.294, 16.658, 15.975, 15.295, 15.054, 14.923, 13.647, 13.335, 13.32, 13.699, 14.673, 13.882, 13.322, 11.334, 9.121, 7.124, 5.612], [6.088, 6.25, 7.48, 6.978, 7.262, 6.8, 5.688, 6.314, 6.051, 5.736, 6.685, 3.949, 1.802, 0.0, 1.022, 1.954, 2.24, 2.478, 2.6, 2.745, 1.664, 1.352, 3.392, 2.963, 2.697, 4.478, 2.274, 3.241, 2.314, 2.109, 1.846, 2.153, 2.975, 3.246, 10.906, 16.017, 16.097, 15.48, 14.889, 14.258, 13.859, 13.717, 12.473, 12.581, 12.368, 12.572, 13.5, 12.729, 12.103, 10.112, 8.038, 6.04, 4.633], [5.948, 6.102, 7.087, 6.646, 7.062, 6.604, 5.52, 6.103, 5.764, 5.603, 6.536, 3.634, 1.529, 1.022, 0.0, 1.378, 1.937, 2.462, 2.594, 2.676, 1.367, 1.633, 3.987, 3.14, 3.002, 4.938, 2.071, 2.853, 2.162, 2.408, 1.827, 2.252, 2.84, 3.458, 11.608, 16.646, 16.751, 16.108, 15.447, 14.775, 14.51, 14.365, 13.149, 13.053, 12.816, 13.109, 14.134, 13.342, 12.692, 10.807, 8.707, 6.714, 5.284], [5.548, 5.727, 6.493, 5.827, 6.067, 5.477, 4.514, 4.984, 4.633, 4.559, 5.476, 2.795, 1.256, 1.954, 1.378, 0.0, 1.289, 2.387, 2.297, 1.895, 1.18, 1.732, 4.678, 3.472, 3.322, 5.759, 2.048, 2.547, 2.483, 3.12, 2.018, 2.775, 3.282, 4.044, 12.691, 17.711, 17.816, 17.173, 16.449, 15.765, 15.586, 15.414, 14.065, 13.787, 13.823, 14.195, 15.126, 14.344, 13.758, 11.736, 9.59, 7.47, 5.949], [5.399, 5.448, 6.676, 6.146, 6.289, 5.568, 4.701, 5.045, 4.656, 4.602, 5.731, 2.856, 1.611, 2.24, 1.937, 1.289, 0.0, 1.8, 2.648, 2.373, 1.564, 2.213, 5.085, 4.236, 4.184, 6.307, 2.489, 2.458, 2.352, 3.067, 2.166, 2.717, 3.128, 3.778, 12.842, 17.876, 18.011, 17.359, 16.684, 15.917, 15.793, 15.654, 14.42, 14.074, 14.228, 14.477, 15.445, 14.666, 14.063, 12.127, 10.071, 8.036, 6.526], [6.387, 6.523, 7.99, 7.246, 7.151, 6.049, 5.255, 5.745, 5.285, 5.423, 6.792, 4.036, 2.118, 2.478, 2.462, 2.387, 1.8, 0.0, 1.988, 2.379, 2.471, 2.369, 4.098, 3.516, 3.438, 5.54, 2.506, 3.801, 2.979, 2.845, 2.617, 3.334, 3.764, 3.886, 11.715, 16.746, 16.886, 16.24, 15.614, 14.86, 14.692, 14.593, 13.301, 12.991, 13.219, 13.46, 14.442, 13.732, 13.117, 11.037, 9.041, 6.923, 5.522], [6.389, 6.584, 7.649, 6.907, 6.727, 5.382, 4.803, 5.304, 4.997, 5.051, 6.351, 3.992, 2.173, 2.6, 2.594, 2.297, 2.648, 1.988, 0.0, 1.621, 2.278, 2.031, 3.456, 2.266, 2.291, 4.545, 1.816, 3.765, 2.924, 2.989, 2.258, 3.091, 3.881, 4.155, 11.509, 16.484, 16.627, 15.906, 15.404, 14.716, 14.351, 14.212, 12.942, 12.769, 12.778, 13.036, 13.963, 13.161, 12.602, 10.553, 8.306, 6.185, 4.652], [5.455, 5.646, 6.315, 5.569, 5.567, 4.588, 3.832, 4.201, 3.938, 3.911, 5.001, 2.763, 1.746, 2.745, 2.676, 1.895, 2.373, 2.379, 1.621, 0.0, 2.078, 2.104, 4.443, 2.96, 2.767, 5.495, 1.284, 3.224, 2.892, 3.35, 2.408, 3.225, 3.803, 4.277, 12.447, 17.431, 17.553, 16.837, 16.283, 15.639, 15.297, 15.109, 13.84, 13.695, 13.612, 13.935, 14.84, 14.011, 13.436, 11.487, 9.196, 7.102, 5.496], [5.095, 5.265, 6.243, 5.792, 6.093, 5.605, 4.481, 5.067, 4.795, 4.56, 5.524, 2.812, 1.053, 1.664, 1.367, 1.18, 1.564, 2.471, 2.278, 2.078, 0.0, 1.478, 4.546, 3.661, 3.48, 5.526, 1.743, 2.062, 1.682, 2.538, 1.427, 2.059, 2.496, 3.13, 12.301, 17.334, 17.483, 16.823, 16.212, 15.529, 15.241, 15.069, 13.823, 13.767, 13.553, 13.888, 14.822, 14.023, 13.425, 11.469, 9.208, 7.196, 5.837], [5.896, 6.145, 7.064, 6.549, 6.725, 6.376, 5.204, 5.863, 5.6, 5.295, 6.323, 3.886, 1.754, 1.352, 1.633, 1.732, 2.213, 2.369, 2.031, 2.104, 1.478, 0.0, 3.817, 3.088, 2.77, 4.692, 1.627, 3.089, 2.201, 2.113, 1.41, 2.262, 3.034, 3.237, 11.338, 16.449, 16.564, 15.929, 15.349, 14.819, 14.389, 14.146, 12.891, 13.128, 12.864, 13.121, 13.966, 13.161, 12.52, 10.508, 8.264, 6.17, 4.716], [8.848, 8.898, 10.371, 9.686, 9.615, 8.189, 7.334, 8.256, 7.959, 7.917, 9.233, 6.611, 4.245, 3.392, 3.987, 4.678, 5.085, 4.098, 3.456, 4.443, 4.546, 3.817, 0.0, 2.082, 2.21, 1.942, 4.211, 6.333, 5.205, 4.03, 4.006, 4.319, 5.786, 4.983, 8.118, 13.156, 13.328, 12.643, 12.094, 11.481, 11.108, 10.939, 10.052, 9.859, 9.741, 9.845, 10.737, 10.114, 9.383, 7.386, 5.211, 3.073, 1.745], [8.069, 8.25, 9.003, 8.284, 8.158, 6.708, 6.175, 6.748, 6.376, 6.387, 7.699, 5.432, 3.424, 2.963, 3.14, 3.472, 4.236, 3.516, 2.266, 2.96, 3.661, 3.088, 2.082, 0.0, 0.886, 2.868, 2.971, 5.474, 4.436, 3.877, 3.239, 3.788, 5.321, 5.26, 9.894, 14.874, 14.991, 14.296, 13.679, 12.952, 12.71, 12.531, 11.387, 11.074, 11.016, 11.3, 12.275, 11.508, 10.907, 8.942, 6.663, 4.576, 2.994], [7.61, 7.822, 8.519, 7.917, 7.871, 6.733, 5.776, 6.595, 6.288, 6.128, 7.386, 5.03, 3.337, 2.697, 3.002, 3.322, 4.184, 3.438, 2.291, 2.767, 3.48, 2.77, 2.21, 0.886, 0.0, 2.858, 2.555, 5.124, 4.126, 3.58, 2.831, 3.397, 4.97, 4.936, 9.881, 14.871, 15.0, 14.288, 13.735, 13.074, 12.746, 12.536, 11.333, 11.238, 11.138, 11.387, 12.289, 11.523, 10.885, 8.938, 6.658, 4.549, 3.033], [9.59, 9.635, 10.894, 10.371, 10.45, 9.085, 8.021, 9.211, 8.87, 8.765, 10.118, 7.552, 5.477, 4.478, 4.938, 5.759, 6.307, 5.54, 4.545, 5.495, 5.526, 4.692, 1.942, 2.868, 2.858, 0.0, 4.882, 7.077, 5.936, 5.078, 4.731, 5.077, 6.612, 6.216, 7.077, 12.16, 12.286, 11.601, 11.058, 10.471, 10.11, 9.853, 8.834, 8.813, 8.502, 8.812, 9.612, 8.791, 8.149, 6.256, 3.999, 2.177, 1.815], [5.327, 5.518, 6.21, 5.87, 6.047, 5.438, 4.344, 5.027, 4.734, 4.522, 5.636, 3.144, 1.743, 2.274, 2.071, 2.048, 2.489, 2.506, 1.816, 1.284, 1.743, 1.627, 4.211, 2.971, 2.555, 4.882, 0.0, 2.825, 2.144, 2.338, 1.541, 2.324, 3.06, 3.278, 11.668, 16.771, 16.889, 16.189, 15.633, 15.042, 14.638, 14.418, 13.253, 13.458, 13.001, 13.371, 14.197, 13.308, 12.743, 10.886, 8.657, 6.677, 5.12], [3.568, 3.739, 4.64, 4.488, 5.209, 5.15, 4.235, 4.622, 4.535, 4.083, 4.52, 2.144, 2.691, 3.241, 2.853, 2.547, 2.458, 3.801, 3.765, 3.224, 2.062, 3.089, 6.333, 5.474, 5.124, 7.077, 2.825, 0.0, 1.726, 3.553, 2.659, 2.374, 1.575, 3.493, 13.525, 18.704, 18.837, 18.194, 17.623, 17.156, 16.653, 16.41, 15.314, 15.604, 15.097, 15.445, 16.249, 15.214, 14.665, 12.869, 10.872, 8.877, 7.506], [4.329, 4.43, 5.622, 5.554, 6.029, 5.799, 4.605, 5.247, 5.04, 4.648, 5.543, 3.119, 2.27, 2.314, 2.162, 2.483, 2.352, 2.979, 2.924, 2.892, 1.682, 2.201, 5.205, 4.436, 4.126, 5.936, 2.144, 1.726, 0.0, 2.104, 1.696, 1.611, 1.291, 2.153, 12.117, 17.416, 17.565, 16.992, 16.423, 15.98, 15.467, 15.22, 14.18, 14.471, 13.926, 14.272, 15.107, 14.057, 13.351, 11.666, 9.649, 7.642, 6.281], [5.785, 5.848, 7.635, 7.465, 7.678, 7.168, 5.949, 6.806, 6.515, 6.216, 7.463, 4.887, 2.562, 2.109, 2.408, 3.12, 3.067, 2.845, 2.989, 3.35, 2.538, 2.113, 4.03, 3.877, 3.58, 5.078, 2.338, 3.553, 2.104, 0.0, 1.874, 2.012, 2.779, 1.731, 10.115, 15.474, 15.651, 15.105, 14.586, 14.33, 13.654, 13.409, 12.504, 13.102, 12.673, 12.806, 13.598, 12.391, 11.6, 10.193, 8.34, 6.374, 5.107], [5.45, 5.647, 6.709, 6.352, 6.546, 6.285, 5.063, 5.77, 5.504, 5.144, 6.211, 3.659, 1.641, 1.846, 1.827, 2.018, 2.166, 2.617, 2.258, 2.408, 1.427, 1.41, 4.006, 3.239, 2.831, 4.731, 1.541, 2.659, 1.696, 1.874, 0.0, 1.336, 2.637, 2.724, 11.394, 16.553, 16.687, 16.067, 15.444, 14.937, 14.524, 14.288, 12.996, 13.224, 12.879, 13.271, 14.084, 13.084, 12.539, 10.575, 8.418, 6.42, 5.039], [5.061, 5.066, 6.324, 6.006, 6.429, 6.242, 5.27, 5.811, 5.628, 5.239, 5.967, 3.394, 2.376, 2.153, 2.252, 2.775, 2.717, 3.334, 3.091, 3.225, 2.059, 2.262, 4.319, 3.788, 3.397, 5.077, 2.324, 2.374, 1.611, 2.012, 1.336, 0.0, 1.739, 2.192, 11.474, 16.789, 16.927, 16.31, 15.698, 15.207, 14.768, 14.521, 13.253, 13.599, 13.249, 13.544, 14.337, 13.362, 12.708, 10.803, 8.859, 6.824, 5.477], [3.937, 4.11, 5.059, 5.005, 6.005, 6.128, 5.257, 5.568, 5.56, 5.056, 5.228, 3.21, 3.173, 2.975, 2.84, 3.282, 3.128, 3.764, 3.881, 3.803, 2.496, 3.034, 5.786, 5.321, 4.97, 6.612, 3.06, 1.575, 1.291, 2.779, 2.637, 1.739, 0.0, 2.574, 12.725, 18.06, 18.194, 17.598, 17.015, 16.571, 16.053, 15.808, 14.785, 15.171, 14.612, 14.858, 15.663, 14.669, 13.916, 12.261, 10.299, 8.307, 6.967], [5.649, 5.675, 7.442, 7.276, 7.663, 7.408, 6.219, 6.872, 6.675, 6.278, 7.271, 4.713, 3.418, 3.246, 3.458, 4.044, 3.778, 3.886, 4.155, 4.277, 3.13, 3.237, 4.983, 5.26, 4.936, 6.216, 3.278, 3.493, 2.153, 1.731, 2.724, 2.192, 2.574, 0.0, 10.283, 15.632, 15.894, 15.336, 14.923, 14.671, 13.918, 13.635, 13.249, 14.165, 13.734, 13.559, 14.299, 13.422, 12.261, 11.041, 9.214, 7.299, 5.972], [15.402, 15.256, 17.358, 17.001, 17.156, 15.751, 14.871, 16.074, 15.737, 15.73, 17.009, 14.445, 12.133, 10.906, 11.608, 12.691, 12.842, 11.715, 11.509, 12.447, 12.301, 11.338, 8.118, 9.894, 9.881, 7.077, 11.668, 13.525, 12.117, 10.115, 11.394, 11.474, 12.725, 10.283, 0.0, 5.549, 6.14, 6.021, 6.633, 7.081, 5.715, 5.933, 7.401, 8.266, 7.362, 7.099, 7.19, 6.42, 5.153, 5.076, 4.643, 5.478, 7.047], [20.616, 20.587, 22.61, 22.121, 22.237, 20.67, 19.855, 20.954, 20.56, 20.738, 22.052, 19.491, 17.181, 16.017, 16.646, 17.711, 17.876, 16.746, 16.484, 17.431, 17.334, 16.449, 13.156, 14.874, 14.871, 12.16, 16.771, 18.704, 17.416, 15.474, 16.553, 16.789, 18.06, 15.632, 5.549, 0.0, 1.652, 1.741, 2.497, 3.579, 3.148, 3.075, 4.802, 5.649, 4.778, 4.366, 4.124, 4.036, 4.258, 6.171, 8.415, 10.439, 12.103], [20.788, 20.769, 22.71, 22.143, 22.236, 20.721, 19.98, 21.077, 20.668, 20.782, 22.142, 19.562, 17.294, 16.097, 16.751, 17.816, 18.011, 16.886, 16.627, 17.553, 17.483, 16.564, 13.328, 14.991, 15.0, 12.286, 16.889, 18.837, 17.565, 15.651, 16.687, 16.927, 18.194, 15.894, 6.14, 1.652, 0.0, 1.119, 1.735, 2.724, 2.551, 2.665, 4.167, 4.968, 4.356, 3.952, 3.197, 3.747, 4.347, 6.203, 8.53, 10.57, 12.238], [20.188, 20.164, 22.105, 21.587, 21.665, 20.064, 19.252, 20.359, 19.971, 20.136, 21.443, 18.91, 16.658, 15.48, 16.108, 17.173, 17.359, 16.24, 15.906, 16.837, 16.823, 15.929, 12.643, 14.296, 14.288, 11.601, 16.189, 18.194, 16.992, 15.105, 16.067, 16.31, 17.598, 15.336, 6.021, 1.741, 1.119, 0.0, 1.333, 2.249, 2.007, 2.127, 3.671, 4.428, 3.764, 3.397, 2.707, 3.158, 3.752, 5.668, 7.84, 9.919, 11.55], [19.713, 19.689, 21.483, 20.838, 20.892, 19.417, 18.725, 19.792, 19.36, 19.515, 20.859, 18.196, 15.975, 14.889, 15.447, 16.449, 16.684, 15.614, 15.404, 16.283, 16.212, 15.349, 12.094, 13.679, 13.735, 11.058, 15.633, 17.623, 16.423, 14.586, 15.444, 15.698, 17.015, 14.923, 6.633, 2.497, 1.735, 1.333, 0.0, 1.411, 1.823, 1.699, 2.822, 3.551, 3.023, 2.63, 2.093, 2.621, 3.348, 5.009, 7.352, 9.406, 11.064], [19.309, 19.29, 20.973, 20.311, 20.242, 18.689, 18.052, 19.047, 18.564, 18.832, 20.148, 17.446, 15.295, 14.258, 14.775, 15.765, 15.917, 14.86, 14.716, 15.639, 15.529, 14.819, 11.481, 12.952, 13.074, 10.471, 15.042, 17.156, 15.98, 14.33, 14.937, 15.207, 16.571, 14.671, 7.081, 3.579, 2.724, 2.249, 1.411, 0.0, 1.627, 1.606, 2.342, 2.618, 2.393, 1.974, 1.649, 2.34, 3.091, 4.617, 6.763, 8.801, 10.447], [18.763, 18.747, 20.53, 19.943, 19.972, 18.419, 17.734, 18.789, 18.35, 18.495, 19.835, 17.29, 15.054, 13.859, 14.51, 15.586, 15.793, 14.692, 14.351, 15.297, 15.241, 14.389, 11.108, 12.71, 12.746, 10.11, 14.638, 16.653, 15.467, 13.654, 14.524, 14.768, 16.053, 13.918, 5.715, 3.148, 2.551, 2.007, 1.823, 1.627, 0.0, 1.007, 2.14, 2.882, 2.347, 1.971, 1.928, 2.032, 2.468, 4.08, 6.345, 8.386, 10.05], [18.529, 18.511, 20.271, 19.728, 19.759, 18.26, 17.538, 18.604, 18.182, 18.297, 19.639, 17.14, 14.923, 13.717, 14.365, 15.414, 15.654, 14.593, 14.212, 15.109, 15.069, 14.146, 10.939, 12.531, 12.536, 9.853, 14.418, 16.41, 15.22, 13.409, 14.288, 14.521, 15.808, 13.635, 5.933, 3.075, 2.665, 2.127, 1.699, 1.606, 1.007, 0.0, 1.973, 2.844, 2.179, 1.764, 1.835, 1.798, 2.316, 3.882, 6.137, 8.168, 9.815], [17.557, 17.538, 19.154, 18.352, 18.402, 16.969, 16.271, 17.358, 16.98, 17.076, 18.39, 15.828, 13.647, 12.473, 13.149, 14.065, 14.42, 13.301, 12.942, 13.84, 13.823, 12.891, 10.052, 11.387, 11.333, 8.834, 13.253, 15.314, 14.18, 12.504, 12.996, 13.253, 14.785, 13.249, 7.401, 4.802, 4.167, 3.671, 2.822, 2.342, 2.14, 1.973, 0.0, 1.327, 1.373, 1.398, 1.849, 1.692, 2.721, 3.267, 5.384, 7.284, 8.978], [17.893, 17.861, 19.327, 18.463, 18.348, 16.679, 16.114, 17.027, 16.586, 16.86, 18.161, 15.505, 13.335, 12.581, 13.053, 13.787, 14.074, 12.991, 12.769, 13.695, 13.767, 13.128, 9.859, 11.074, 11.238, 8.813, 13.458, 15.604, 14.471, 13.102, 13.224, 13.599, 15.171, 14.165, 8.266, 5.649, 4.968, 4.428, 3.551, 2.618, 2.882, 2.844, 1.327, 0.0, 1.517, 1.688, 2.282, 2.242, 3.336, 3.695, 5.548, 7.357, 9.018], [17.387, 17.355, 18.854, 18.195, 18.177, 16.689, 16.005, 17.056, 16.604, 16.766, 18.108, 15.558, 13.32, 12.368, 12.816, 13.823, 14.228, 13.219, 12.778, 13.612, 13.553, 12.864, 9.741, 11.016, 11.138, 8.502, 13.001, 15.097, 13.926, 12.673, 12.879, 13.249, 14.612, 13.734, 7.362, 4.778, 4.356, 3.764, 3.023, 2.393, 2.347, 2.179, 1.373, 1.517, 0.0, 1.052, 1.654, 1.267, 2.451, 3.24, 5.192, 7.124, 8.842], [17.665, 17.641, 19.281, 18.7, 18.708, 17.0, 16.375, 17.374, 16.923, 17.144, 18.482, 15.909, 13.699, 12.572, 13.109, 14.195, 14.477, 13.46, 13.036, 13.935, 13.888, 13.121, 9.845, 11.3, 11.387, 8.812, 13.371, 15.445, 14.272, 12.806, 13.271, 13.544, 14.858, 13.559, 7.099, 4.366, 3.952, 3.397, 2.63, 1.974, 1.971, 1.764, 1.398, 1.688, 1.052, 0.0, 1.438, 1.324, 2.14, 3.162, 5.169, 7.215, 8.823], [18.482, 18.452, 20.111, 19.486, 19.485, 17.953, 17.262, 18.311, 17.926, 18.062, 19.393, 16.85, 14.673, 13.5, 14.134, 15.126, 15.445, 14.442, 13.963, 14.84, 14.822, 13.966, 10.737, 12.275, 12.289, 9.612, 14.197, 16.249, 15.107, 13.598, 14.084, 14.337, 15.663, 14.299, 7.19, 4.124, 3.197, 2.707, 2.093, 1.649, 1.928, 1.835, 1.849, 2.282, 1.654, 1.438, 0.0, 1.627, 2.433, 3.706, 6.011, 8.026, 9.731], [17.388, 17.325, 19.091, 18.63, 18.709, 17.218, 16.433, 17.521, 17.145, 17.259, 18.545, 16.068, 13.882, 12.729, 13.342, 14.344, 14.666, 13.732, 13.161, 14.011, 14.023, 13.161, 10.114, 11.508, 11.523, 8.791, 13.308, 15.214, 14.057, 12.391, 13.084, 13.362, 14.669, 13.422, 6.42, 4.036, 3.747, 3.158, 2.621, 2.34, 2.032, 1.798, 1.692, 2.242, 1.267, 1.324, 1.627, 0.0, 1.682, 3.122, 5.272, 7.318, 9.085], [16.571, 16.546, 18.474, 17.989, 18.143, 16.683, 15.863, 16.982, 16.589, 16.698, 18.01, 15.492, 13.322, 12.103, 12.692, 13.758, 14.063, 13.117, 12.602, 13.436, 13.425, 12.52, 9.383, 10.907, 10.885, 8.149, 12.743, 14.665, 13.351, 11.6, 12.539, 12.708, 13.916, 12.261, 5.153, 4.258, 4.347, 3.752, 3.348, 3.091, 2.468, 2.316, 2.721, 3.336, 2.451, 2.14, 2.433, 1.682, 0.0, 2.216, 4.601, 6.638, 8.321], [15.104, 15.096, 16.715, 15.981, 16.097, 14.658, 13.906, 15.032, 14.679, 14.751, 16.073, 13.521, 11.334, 10.112, 10.807, 11.736, 12.127, 11.037, 10.553, 11.487, 11.469, 10.508, 7.386, 8.942, 8.938, 6.256, 10.886, 12.869, 11.666, 10.193, 10.575, 10.803, 12.261, 11.041, 5.076, 6.171, 6.203, 5.668, 5.009, 4.617, 4.08, 3.882, 3.267, 3.695, 3.24, 3.162, 3.706, 3.122, 2.216, 0.0, 2.618, 4.597, 6.337], [13.173, 13.189, 14.602, 13.992, 14.055, 12.43, 11.624, 12.721, 12.367, 12.442, 13.721, 11.302, 9.121, 8.038, 8.707, 9.59, 10.071, 9.041, 8.306, 9.196, 9.208, 8.264, 5.211, 6.663, 6.658, 3.999, 8.657, 10.872, 9.649, 8.34, 8.418, 8.859, 10.299, 9.214, 4.643, 8.415, 8.53, 7.84, 7.352, 6.763, 6.345, 6.137, 5.384, 5.548, 5.192, 5.169, 6.011, 5.272, 4.601, 2.618, 0.0, 2.338, 3.901], [11.15, 11.223, 12.662, 11.899, 11.911, 10.348, 9.532, 10.681, 10.352, 10.394, 11.657, 9.233, 7.124, 6.04, 6.714, 7.47, 8.036, 6.923, 6.185, 7.102, 7.196, 6.17, 3.073, 4.576, 4.549, 2.177, 6.677, 8.877, 7.642, 6.374, 6.42, 6.824, 8.307, 7.299, 5.478, 10.439, 10.57, 9.919, 9.406, 8.801, 8.386, 8.168, 7.284, 7.357, 7.124, 7.215, 8.026, 7.318, 6.638, 4.597, 2.338, 0.0, 1.934], [9.742, 9.874, 11.094, 10.41, 10.428, 8.767, 7.99, 9.073, 8.749, 8.753, 10.036, 7.633, 5.612, 4.633, 5.284, 5.949, 6.526, 5.522, 4.652, 5.496, 5.837, 4.716, 1.745, 2.994, 3.033, 1.815, 5.12, 7.506, 6.281, 5.107, 5.039, 5.477, 6.967, 5.972, 7.047, 12.103, 12.238, 11.55, 11.064, 10.447, 10.05, 9.815, 8.978, 9.018, 8.842, 8.823, 9.731, 9.085, 8.321, 6.337, 3.901, 1.934, 0.0]]