[[0.0, 1.742, 1.466, 2.044, 3.903, 5.128, 4.771, 4.721, 3.603, 2.824, 3.686, 4.32, 4.57, 6.096, 7.031, 7.168, 5.984, 5.689, 5.482, 4.039, 2.114, 2.021, 2.896, 4.063, 3.608, 3.512, 3.236, 2.762, 2.304, 2.426, 1.405, 1.852, 2.165, 2.968, 3.411, 3.854, 3.276, 3.227, 3.028, 2.472, 2.433, 2.76, 1.964, 2.306, 2.214, 2.268, 2.588, 2.272, 1.555, 1.997, 1.829, 1.713, 2.849, 3.206, 2.442, 1.777, 1.754, 1.796, 2.303, 1.822, 2.59, 2.958, 3.287, 2.9, 2.602, 2.583, 2.59, 2.558, 3.182, 3.852, 5.351, 7.035, 6.418, 5.64, 6.672, 9.031, 9.722, 10.085, 7.591, 4.958, 4.241, 3.997, 3.716, 3.19, 3.284, 3.624, 3.789, 5.926, 7.682, 7.814, 8.044, 8.047, 7.834, 7.798, 6.717, 5.424, 3.503, 2.64, 2.714, 2.772, 3.079, 3.089, 3.431, 4.613, 3.137, 6.377, 7.355, 6.431, 6.293, 6.248, 5.698, 4.955, 4.578, 4.694, 4.539, 3.965, 4.883, 5.645, 5.051, 4.416, 3.228, 4.281, 6.649, 8.964, 11.058, 11.217, 10.496, 13.1, 18.117, 18.56, 17.204, 17.322, 16.268, 14.808, 15.248, 16.047, 16.041, 15.269, 15.666, 15.181, 13.09, 14.084, 14.474, 12.664, 12.124], [1.742, 0.0, 1.013, 1.358, 2.652, 3.787, 3.45, 3.723, 2.755, 1.984, 2.58, 3.383, 3.442, 5.145, 6.128, 6.25, 5.037, 4.87, 4.872, 3.19, 1.415, 1.832, 1.967, 2.779, 2.445, 2.433, 2.098, 2.149, 1.578, 1.753, 1.713, 2.232, 1.98, 2.481, 2.37, 2.688, 2.333, 1.962, 2.389, 2.805, 2.541, 4.136, 2.808, 2.417, 2.082, 2.652, 2.477, 1.864, 1.749, 2.196, 2.028, 2.681, 4.05, 4.517, 3.844, 2.287, 2.146, 3.179, 3.337, 1.907, 2.094, 2.445, 2.504, 1.819, 1.802, 2.189, 2.498, 3.032, 4.481, 5.206, 6.939, 8.625, 7.962, 7.235, 8.157, 10.571, 11.267, 11.661, 9.147, 6.346, 5.153, 4.904, 4.685, 4.67, 4.686, 5.044, 5.168, 7.448, 9.135, 9.176, 9.421, 9.475, 9.002, 9.016, 8.177, 6.95, 4.876, 3.663, 3.233, 3.266, 4.394, 3.738, 2.652, 3.932, 3.414, 7.745, 8.768, 7.823, 7.799, 7.644, 7.052, 6.101, 5.625, 5.973, 5.838, 5.347, 6.419, 7.047, 6.139, 5.558, 4.627, 5.807, 8.163, 10.501, 12.645, 12.787, 12.068, 14.643, 19.697, 20.141, 18.755, 18.859, 17.823, 16.38, 16.822, 17.628, 17.598, 16.856, 17.234, 16.724, 14.663, 15.635, 16.037, 14.225, 13.687], [1.466, 1.013, 0.0, 1.18, 2.733, 3.943, 3.564, 3.679, 2.601, 2.221, 2.824, 3.586, 3.659, 5.202, 6.104, 6.228, 5.055, 4.91, 4.965, 3.55, 1.425, 2.017, 1.912, 2.956, 2.498, 2.553, 2.273, 1.991, 1.619, 1.8, 1.341, 1.635, 1.696, 2.285, 2.264, 2.839, 2.515, 2.329, 2.732, 3.086, 2.834, 3.629, 2.515, 2.07, 1.744, 2.186, 2.233, 1.556, 1.317, 1.798, 1.703, 2.501, 4.0, 4.353, 3.402, 1.493, 1.72, 2.688, 2.879, 1.734, 1.906, 2.341, 2.418, 1.994, 1.62, 2.025, 2.38, 2.717, 4.133, 4.837, 6.53, 8.113, 7.489, 6.812, 7.804, 10.175, 10.786, 11.205, 8.642, 5.961, 4.91, 4.659, 4.361, 4.198, 4.316, 4.549, 4.706, 7.036, 8.688, 8.74, 9.007, 9.02, 8.646, 8.652, 7.717, 6.446, 4.373, 3.278, 3.115, 3.168, 3.977, 3.572, 2.813, 4.015, 3.511, 7.455, 8.396, 7.461, 7.312, 7.199, 6.58, 5.753, 5.293, 5.545, 5.409, 4.898, 5.913, 6.587, 5.783, 5.19, 4.128, 5.296, 7.687, 10.001, 12.133, 12.274, 11.558, 14.131, 19.186, 19.628, 18.258, 18.343, 17.323, 15.867, 16.309, 17.115, 17.094, 16.37, 16.745, 16.224, 14.168, 15.195, 15.591, 13.787, 13.243], [2.044, 1.358, 1.18, 0.0, 2.477, 3.723, 3.323, 3.074, 2.103, 1.776, 2.289, 3.431, 3.464, 4.677, 5.552, 5.605, 4.754, 4.605, 4.788, 3.48, 1.578, 2.357, 1.935, 2.643, 2.025, 1.91, 1.835, 1.632, 1.635, 1.617, 1.816, 1.846, 1.777, 2.154, 1.881, 2.455, 1.921, 2.046, 2.818, 3.243, 2.745, 4.147, 2.769, 2.194, 1.78, 1.78, 1.912, 1.175, 1.655, 1.722, 1.859, 3.009, 4.514, 4.831, 3.982, 1.88, 2.096, 3.294, 3.332, 1.908, 1.5, 2.109, 1.85, 1.287, 1.211, 1.809, 2.434, 2.986, 4.423, 5.111, 6.986, 8.674, 7.979, 7.196, 8.138, 10.505, 11.283, 11.71, 9.177, 6.345, 5.171, 4.884, 4.677, 4.666, 4.671, 5.06, 5.165, 7.432, 9.139, 9.184, 9.435, 9.488, 9.007, 9.019, 8.214, 6.938, 4.848, 3.664, 3.269, 3.352, 4.375, 3.876, 2.768, 3.786, 3.649, 7.644, 8.702, 7.731, 7.801, 7.624, 7.023, 6.125, 5.658, 5.995, 5.842, 5.373, 6.455, 7.072, 6.165, 5.557, 4.653, 5.795, 8.181, 10.487, 12.694, 12.835, 12.117, 14.692, 19.746, 20.189, 18.803, 18.885, 17.871, 16.428, 16.87, 17.676, 17.647, 16.885, 17.282, 16.773, 14.707, 15.645, 16.034, 14.232, 13.689], [3.903, 2.652, 2.733, 2.477, 0.0, 1.5, 1.778, 2.122, 2.476, 3.11, 2.879, 4.327, 4.065, 4.546, 5.024, 4.95, 4.567, 4.868, 4.813, 3.556, 2.571, 3.04, 2.022, 1.801, 1.766, 2.077, 2.064, 2.12, 2.398, 2.533, 3.497, 3.782, 3.25, 3.032, 1.665, 2.109, 1.974, 2.629, 3.515, 4.659, 4.533, 6.117, 5.025, 3.509, 3.164, 3.502, 3.302, 2.635, 3.317, 3.287, 3.615, 4.896, 6.471, 6.93, 6.038, 3.746, 3.728, 5.141, 4.928, 3.339, 2.229, 2.628, 2.756, 1.908, 2.171, 2.825, 3.495, 4.396, 6.54, 7.396, 9.114, 10.501, 10.093, 9.467, 10.407, 12.844, 13.35, 13.718, 11.21, 8.256, 6.674, 6.594, 6.552, 6.812, 6.957, 7.104, 7.179, 9.664, 10.798, 10.897, 11.194, 11.047, 10.532, 10.43, 9.94, 8.902, 6.927, 5.324, 4.69, 4.329, 5.779, 5.009, 2.566, 3.828, 4.837, 9.716, 10.939, 10.072, 9.87, 9.805, 9.006, 7.95, 7.416, 7.842, 7.639, 7.049, 8.232, 8.935, 7.805, 7.09, 6.484, 7.725, 10.245, 12.444, 14.472, 14.528, 13.898, 16.472, 21.431, 21.771, 20.655, 20.868, 19.73, 18.145, 18.488, 19.248, 19.494, 18.792, 19.11, 18.678, 16.578, 17.763, 18.218, 16.416, 15.814], [5.128, 3.787, 3.943, 3.723, 1.5, 0.0, 1.29, 1.892, 2.746, 3.658, 3.209, 4.464, 4.344, 4.534, 4.786, 4.606, 4.517, 4.756, 4.826, 3.861, 3.579, 3.965, 2.571, 1.849, 2.164, 2.728, 2.845, 2.948, 3.369, 3.74, 4.683, 5.12, 4.239, 3.591, 2.261, 2.328, 2.669, 3.306, 4.421, 5.746, 5.744, 7.227, 6.332, 4.703, 4.375, 4.794, 4.062, 3.903, 4.631, 4.41, 4.909, 6.192, 7.719, 8.247, 7.272, 4.844, 4.84, 6.205, 5.967, 4.501, 3.256, 2.994, 3.213, 2.795, 3.093, 3.622, 4.284, 5.259, 7.599, 8.524, 10.18, 11.519, 11.147, 10.537, 11.637, 13.939, 14.399, 14.754, 12.315, 9.327, 7.657, 7.567, 7.546, 7.878, 8.156, 8.15, 8.235, 10.725, 11.768, 11.847, 12.144, 12.009, 11.47, 11.381, 10.902, 9.893, 8.023, 6.275, 5.639, 5.269, 6.665, 5.792, 2.85, 4.071, 5.517, 10.852, 12.043, 11.193, 10.921, 10.873, 10.039, 8.918, 8.469, 8.921, 8.754, 8.135, 9.216, 9.968, 8.883, 8.121, 7.502, 8.726, 11.289, 13.507, 15.422, 15.519, 14.847, 17.425, 22.387, 22.737, 21.698, 21.872, 20.68, 19.113, 19.452, 20.23, 20.444, 19.798, 20.078, 19.627, 17.568, 18.782, 19.273, 17.483, 16.859], [4.771, 3.45, 3.564, 3.323, 1.778, 1.29, 0.0, 1.066, 2.254, 3.203, 2.611, 3.728, 3.599, 3.701, 4.139, 3.966, 3.954, 4.211, 4.048, 3.004, 3.222, 3.81, 2.36, 1.403, 1.763, 2.225, 2.401, 2.705, 3.051, 3.37, 4.416, 4.758, 4.01, 3.371, 1.938, 1.803, 2.294, 2.967, 4.095, 5.44, 5.368, 6.948, 5.952, 4.415, 4.048, 4.459, 3.715, 3.529, 4.264, 4.035, 4.595, 5.875, 7.409, 7.881, 6.899, 4.562, 4.555, 5.921, 5.789, 4.153, 2.906, 2.668, 2.77, 2.471, 2.73, 3.433, 4.087, 5.071, 7.275, 8.179, 9.871, 11.257, 10.85, 10.226, 11.241, 13.62, 14.106, 14.466, 11.986, 9.036, 7.48, 7.324, 7.284, 7.568, 7.775, 7.855, 7.958, 10.421, 11.65, 11.687, 11.957, 11.92, 11.368, 11.298, 10.778, 9.643, 7.697, 6.147, 5.364, 5.089, 6.532, 5.766, 2.436, 3.163, 5.099, 10.494, 11.72, 10.859, 10.626, 10.561, 9.751, 8.68, 8.171, 8.604, 8.423, 7.903, 9.037, 9.719, 8.697, 7.867, 7.22, 8.473, 10.994, 13.2, 15.284, 15.393, 14.681, 17.314, 22.3, 22.723, 21.452, 21.601, 20.48, 18.988, 19.408, 20.212, 20.262, 19.538, 19.87, 19.445, 17.305, 18.506, 18.974, 17.173, 16.57], [4.721, 3.723, 3.679, 3.074, 2.122, 1.892, 1.066, 0.0, 1.888, 2.95, 2.39, 3.011, 3.119, 2.921, 3.449, 3.206, 3.153, 3.437, 3.267, 2.881, 3.302, 3.906, 2.522, 1.706, 1.773, 1.842, 2.282, 2.595, 3.089, 3.109, 4.262, 4.526, 3.649, 2.858, 1.764, 2.008, 2.523, 3.395, 4.51, 5.593, 5.1, 6.529, 5.603, 4.738, 4.208, 4.325, 4.091, 3.586, 4.392, 4.2, 4.531, 5.794, 7.436, 7.759, 6.618, 4.202, 4.461, 5.59, 5.272, 3.801, 2.663, 2.268, 2.333, 2.306, 2.409, 3.039, 3.59, 4.565, 6.743, 7.64, 9.324, 10.732, 10.322, 9.679, 10.751, 13.074, 13.583, 13.952, 11.446, 8.5, 6.949, 6.824, 6.781, 7.028, 7.332, 7.335, 7.422, 9.88, 11.111, 11.172, 11.456, 11.393, 10.862, 10.778, 10.247, 9.14, 7.151, 5.655, 4.855, 4.603, 6.048, 5.282, 1.916, 2.61, 4.701, 10.034, 11.175, 10.313, 10.093, 10.017, 9.238, 8.171, 7.629, 8.065, 7.91, 7.377, 8.506, 9.199, 8.132, 7.343, 6.72, 7.958, 10.478, 12.673, 14.766, 14.861, 14.158, 16.788, 21.762, 22.185, 20.919, 21.087, 19.975, 18.458, 18.873, 19.679, 19.741, 19.021, 19.353, 18.928, 16.805, 17.997, 18.439, 16.638, 16.041], [3.603, 2.755, 2.601, 2.103, 2.476, 2.746, 2.254, 1.888, 0.0, 1.588, 1.466, 2.461, 2.836, 3.431, 4.216, 4.257, 3.424, 3.324, 3.65, 2.89, 2.099, 2.856, 1.506, 1.708, 1.345, 1.724, 1.924, 1.754, 2.135, 2.225, 3.203, 3.34, 2.606, 2.056, 1.577, 2.097, 1.685, 2.316, 3.291, 4.375, 3.782, 5.286, 4.302, 3.61, 3.186, 3.166, 3.325, 2.568, 3.214, 3.204, 3.518, 4.76, 6.278, 6.533, 5.338, 3.122, 3.384, 4.621, 4.389, 2.679, 1.723, 1.525, 1.225, 1.486, 1.46, 2.224, 2.765, 3.469, 5.467, 6.346, 8.143, 9.711, 9.086, 8.413, 9.481, 11.779, 12.369, 12.802, 10.288, 7.376, 5.922, 5.675, 5.654, 5.773, 5.976, 6.139, 6.228, 8.623, 10.129, 10.121, 10.377, 10.417, 9.882, 9.769, 9.247, 7.975, 5.903, 4.729, 3.786, 3.615, 5.017, 4.321, 2.077, 2.692, 3.39, 8.766, 9.88, 9.024, 8.877, 8.764, 8.074, 7.113, 6.499, 7.018, 6.817, 6.375, 7.515, 8.144, 7.156, 6.373, 5.671, 6.845, 9.269, 11.496, 13.761, 13.895, 13.177, 15.752, 20.806, 21.249, 19.877, 19.957, 18.931, 17.488, 17.93, 18.736, 18.707, 17.991, 18.349, 17.832, 15.782, 16.768, 17.184, 15.393, 14.816], [2.824, 1.984, 2.221, 1.776, 3.11, 3.658, 3.203, 2.95, 1.588, 0.0, 1.403, 2.376, 2.396, 3.891, 4.917, 5.049, 3.856, 3.653, 3.733, 2.469, 1.308, 1.948, 1.697, 2.478, 2.006, 1.883, 1.902, 1.557, 1.508, 1.606, 2.556, 2.665, 2.258, 1.94, 2.155, 2.29, 1.729, 1.741, 2.535, 3.122, 2.779, 4.804, 3.448, 3.233, 2.705, 2.951, 3.139, 2.363, 2.731, 2.959, 2.644, 3.662, 5.158, 5.473, 4.662, 2.742, 2.872, 4.098, 3.974, 2.143, 1.773, 1.49, 1.327, 1.575, 1.56, 1.964, 2.404, 3.205, 4.951, 5.716, 7.661, 9.34, 8.655, 7.818, 8.82, 11.129, 11.964, 12.388, 9.868, 6.935, 5.553, 5.31, 5.284, 5.322, 5.329, 5.741, 5.826, 8.09, 9.75, 9.75, 9.994, 10.04, 9.505, 9.397, 8.877, 7.578, 5.482, 4.261, 3.406, 3.227, 4.572, 4.021, 2.101, 2.86, 3.043, 8.066, 9.251, 8.365, 8.47, 8.31, 7.688, 6.727, 6.13, 6.623, 6.37, 5.974, 7.116, 7.746, 6.744, 5.983, 5.271, 6.451, 8.868, 11.076, 13.366, 13.52, 12.804, 15.381, 20.423, 20.865, 19.492, 19.579, 18.559, 17.115, 17.551, 18.356, 18.336, 17.58, 17.971, 17.46, 15.396, 16.29, 16.711, 14.917, 14.38], [3.686, 2.58, 2.824, 2.289, 2.879, 3.209, 2.611, 2.39, 1.466, 1.403, 0.0, 2.102, 1.975, 3.368, 4.219, 4.254, 3.137, 3.164, 3.395, 2.335, 2.105, 2.79, 1.706, 1.947, 1.632, 1.542, 1.75, 1.897, 2.166, 2.049, 3.396, 3.414, 2.973, 2.674, 2.21, 2.497, 1.774, 2.232, 3.294, 4.167, 3.694, 5.691, 4.315, 3.736, 3.205, 3.264, 3.502, 2.815, 3.264, 3.312, 3.297, 4.535, 6.018, 6.258, 5.424, 3.588, 3.687, 5.055, 4.904, 2.996, 2.04, 2.073, 1.686, 1.393, 1.943, 2.551, 3.135, 3.942, 5.819, 6.635, 8.484, 10.163, 9.544, 8.777, 9.666, 12.086, 12.847, 13.21, 10.682, 7.77, 6.376, 6.16, 6.137, 6.228, 6.234, 6.621, 6.715, 8.998, 10.575, 10.568, 10.813, 10.854, 10.309, 10.21, 9.711, 8.478, 6.39, 5.047, 4.192, 3.97, 5.378, 4.646, 2.262, 2.562, 3.594, 8.902, 10.211, 9.289, 9.347, 9.181, 8.561, 7.544, 6.97, 7.44, 7.171, 6.844, 7.937, 8.564, 7.558, 6.805, 6.101, 7.325, 9.741, 11.928, 14.18, 14.333, 13.623, 16.215, 21.244, 21.674, 20.319, 20.439, 19.383, 17.935, 18.36, 19.166, 19.157, 18.396, 18.792, 18.3, 16.213, 17.21, 17.6, 15.782, 15.25], [4.32, 3.383, 3.586, 3.431, 4.327, 4.464, 3.728, 3.011, 2.461, 2.376, 2.102, 0.0, 1.594, 2.24, 3.029, 3.223, 2.207, 1.747, 2.375, 2.461, 2.917, 3.435, 3.094, 3.401, 3.185, 2.67, 2.902, 3.224, 3.144, 3.163, 3.868, 4.142, 3.39, 3.163, 3.11, 3.83, 3.583, 3.771, 4.57, 5.088, 4.524, 5.703, 4.994, 5.191, 4.784, 5.081, 5.272, 4.467, 4.506, 4.97, 4.492, 5.294, 6.769, 6.931, 5.61, 4.172, 4.418, 5.29, 5.003, 3.514, 3.276, 2.591, 2.313, 2.88, 2.999, 3.053, 3.084, 3.97, 5.361, 6.088, 7.963, 9.58, 8.926, 8.187, 9.216, 11.535, 12.236, 12.622, 10.184, 7.249, 5.782, 5.533, 5.573, 5.801, 6.056, 6.085, 6.221, 8.413, 9.965, 9.999, 10.247, 10.256, 9.765, 9.604, 9.084, 7.857, 5.994, 4.979, 3.747, 3.672, 4.892, 4.297, 2.335, 2.007, 3.386, 8.697, 9.663, 8.822, 8.768, 8.582, 7.932, 6.982, 6.522, 6.864, 6.851, 6.603, 7.685, 8.0, 7.077, 6.308, 5.546, 6.929, 9.118, 11.328, 13.577, 13.73, 13.02, 15.588, 20.648, 21.068, 19.702, 19.811, 18.779, 17.322, 17.758, 18.563, 18.551, 17.799, 18.191, 17.678, 15.617, 16.59, 16.99, 15.195, 14.637], [4.57, 3.442, 3.659, 3.464, 4.065, 4.344, 3.599, 3.119, 2.836, 2.396, 1.975, 1.594, 0.0, 1.994, 3.024, 3.154, 2.254, 1.994, 2.077, 1.99, 2.865, 3.513, 3.049, 3.204, 3.051, 2.573, 2.638, 3.069, 3.071, 3.108, 3.97, 4.034, 3.779, 3.567, 3.285, 3.552, 3.404, 3.613, 4.611, 5.198, 4.747, 6.171, 5.215, 5.262, 4.706, 4.992, 5.152, 4.393, 4.563, 4.951, 4.377, 5.259, 6.708, 6.785, 5.905, 4.411, 4.573, 5.67, 5.616, 3.828, 3.338, 2.98, 2.483, 2.823, 3.228, 3.321, 3.671, 4.914, 6.331, 7.161, 8.975, 10.607, 9.969, 9.276, 10.202, 12.605, 13.283, 13.681, 11.144, 8.254, 6.818, 6.58, 6.584, 6.718, 6.722, 7.042, 7.137, 9.486, 11.008, 11.005, 11.252, 11.289, 10.751, 10.646, 10.13, 8.897, 6.86, 5.453, 4.645, 4.392, 5.828, 5.196, 2.819, 2.345, 4.089, 9.47, 10.712, 9.826, 9.773, 9.65, 8.979, 7.995, 7.391, 7.892, 7.655, 7.295, 8.379, 9.006, 8.0, 7.243, 6.536, 7.738, 10.166, 12.35, 14.623, 14.773, 14.057, 16.628, 21.686, 22.111, 20.744, 20.861, 19.823, 18.369, 18.797, 19.603, 19.587, 18.855, 19.243, 18.713, 16.669, 17.67, 18.075, 16.249, 15.721], [6.096, 5.145, 5.202, 4.677, 4.546, 4.534, 3.701, 2.921, 3.431, 3.891, 3.368, 2.24, 1.994, 0.0, 1.647, 1.812, 1.922, 1.675, 1.995, 3.04, 4.506, 5.109, 4.383, 3.818, 3.932, 3.443, 3.697, 4.423, 4.538, 4.554, 5.353, 5.43, 4.71, 4.467, 3.651, 4.131, 4.515, 5.048, 6.266, 6.797, 6.337, 7.079, 6.788, 6.78, 6.336, 6.237, 6.267, 5.536, 6.147, 6.208, 5.884, 6.774, 8.153, 8.328, 6.983, 5.672, 6.141, 6.763, 6.551, 5.171, 4.376, 3.674, 3.353, 3.999, 4.165, 4.393, 4.418, 5.71, 6.909, 7.77, 9.539, 11.13, 10.505, 9.839, 10.914, 13.173, 13.819, 14.213, 11.695, 8.786, 7.331, 7.109, 7.097, 7.237, 7.557, 7.571, 7.685, 10.039, 11.504, 11.504, 11.77, 11.791, 11.265, 11.139, 10.621, 9.426, 7.414, 6.235, 5.208, 5.012, 6.322, 5.635, 3.337, 2.311, 4.822, 10.234, 11.295, 10.423, 10.304, 10.183, 9.497, 8.527, 7.877, 8.405, 8.222, 7.914, 8.97, 9.541, 8.495, 7.763, 7.03, 8.341, 10.694, 12.872, 15.12, 15.27, 14.567, 17.126, 22.199, 22.605, 21.238, 21.36, 20.319, 18.863, 19.305, 20.096, 20.091, 19.349, 19.741, 19.233, 17.163, 18.199, 18.615, 16.799, 16.25], [7.031, 6.128, 6.104, 5.552, 5.024, 4.786, 4.139, 3.449, 4.216, 4.917, 4.219, 3.029, 3.024, 1.647, 0.0, 1.004, 1.714, 1.968, 2.918, 4.425, 5.433, 5.976, 5.02, 4.572, 4.719, 4.224, 4.434, 4.935, 5.296, 5.361, 6.296, 6.563, 5.435, 4.667, 4.17, 4.789, 5.378, 5.973, 7.225, 7.943, 7.334, 8.057, 7.705, 7.622, 7.201, 7.095, 7.123, 6.404, 7.027, 7.036, 6.718, 7.938, 9.483, 9.665, 8.269, 6.341, 6.65, 7.704, 7.202, 5.952, 4.943, 4.354, 4.201, 4.842, 5.038, 4.621, 4.824, 5.838, 7.851, 8.575, 10.257, 11.409, 11.005, 10.529, 11.836, 13.864, 14.259, 14.534, 12.516, 9.351, 7.403, 7.274, 7.42, 8.272, 8.8, 8.254, 8.346, 10.629, 11.525, 11.549, 11.835, 11.792, 11.245, 11.141, 10.648, 9.619, 8.329, 7.012, 5.631, 5.769, 6.533, 5.854, 3.93, 3.137, 5.969, 11.326, 12.144, 11.363, 10.881, 10.796, 9.807, 8.662, 8.707, 8.888, 9.156, 8.75, 9.709, 9.902, 9.039, 8.184, 7.406, 9.06, 11.144, 13.344, 15.148, 15.354, 14.561, 17.163, 22.172, 22.649, 21.501, 21.606, 20.371, 18.88, 19.28, 20.072, 20.135, 19.522, 19.819, 19.328, 17.284, 18.522, 19.05, 17.322, 16.728], [7.168, 6.25, 6.228, 5.605, 4.95, 4.606, 3.966, 3.206, 4.257, 5.049, 4.254, 3.223, 3.154, 1.812, 1.004, 0.0, 1.66, 2.189, 3.007, 4.5, 5.578, 6.084, 5.073, 4.412, 4.627, 4.132, 4.441, 4.863, 5.356, 5.452, 6.434, 6.69, 5.564, 4.748, 4.218, 4.665, 5.327, 6.052, 7.338, 8.074, 7.459, 8.17, 7.827, 7.571, 7.142, 7.089, 6.979, 6.382, 7.101, 6.981, 6.8, 8.05, 9.61, 9.769, 8.323, 6.457, 6.702, 7.783, 7.342, 5.994, 4.92, 4.432, 4.172, 4.811, 5.114, 4.768, 4.941, 6.003, 7.937, 8.811, 10.449, 11.621, 11.262, 10.765, 12.045, 14.126, 14.521, 14.815, 12.718, 9.426, 7.591, 7.55, 7.657, 8.389, 8.849, 8.349, 8.459, 10.911, 11.716, 11.784, 12.086, 11.975, 11.451, 11.371, 10.808, 9.86, 8.467, 7.013, 5.834, 5.829, 6.743, 5.994, 4.053, 3.161, 6.006, 11.399, 12.334, 11.564, 11.098, 11.075, 10.064, 8.917, 8.767, 9.127, 9.205, 8.845, 9.684, 10.134, 9.159, 8.277, 7.607, 9.149, 11.386, 13.626, 15.345, 15.564, 14.811, 17.377, 22.371, 22.804, 21.765, 21.874, 20.638, 19.133, 19.468, 20.273, 20.404, 19.763, 20.055, 19.564, 17.56, 18.791, 19.331, 17.604, 16.967], [5.984, 5.037, 5.055, 4.754, 4.567, 4.517, 3.954, 3.153, 3.424, 3.856, 3.137, 2.207, 2.254, 1.922, 1.714, 1.66, 0.0, 1.568, 2.139, 3.573, 4.37, 4.797, 3.852, 3.975, 3.928, 3.328, 3.627, 3.84, 4.178, 4.191, 5.328, 5.723, 4.471, 3.699, 3.542, 4.366, 4.611, 4.961, 6.203, 6.839, 6.217, 7.175, 6.653, 6.663, 6.171, 6.25, 6.4, 5.606, 5.948, 6.218, 5.662, 6.951, 8.55, 8.778, 7.398, 5.271, 5.641, 6.62, 6.185, 4.749, 3.985, 3.239, 3.464, 3.957, 4.181, 3.848, 4.001, 4.9, 7.128, 7.956, 9.639, 10.814, 10.439, 9.917, 11.225, 13.301, 13.721, 14.041, 11.892, 8.634, 6.94, 6.859, 6.858, 7.459, 7.995, 7.558, 7.644, 10.083, 11.035, 11.161, 11.459, 11.263, 10.827, 10.736, 10.132, 9.198, 7.543, 6.181, 4.96, 4.898, 6.005, 5.218, 2.899, 2.338, 5.169, 10.561, 11.499, 10.738, 10.32, 10.239, 9.326, 8.232, 7.933, 8.329, 8.335, 7.852, 8.823, 9.333, 8.364, 7.482, 6.864, 8.335, 10.601, 12.839, 14.737, 14.847, 14.177, 16.759, 21.751, 22.123, 21.013, 21.162, 20.008, 18.468, 18.852, 19.637, 19.761, 19.081, 19.379, 18.942, 16.866, 18.073, 18.57, 16.814, 16.208], [5.689, 4.87, 4.91, 4.605, 4.868, 4.756, 4.211, 3.437, 3.324, 3.653, 3.164, 1.747, 1.994, 1.675, 1.968, 2.189, 1.568, 0.0, 1.713, 2.882, 4.101, 4.659, 3.991, 4.162, 4.062, 3.46, 3.651, 3.95, 4.169, 4.225, 4.888, 5.098, 4.115, 3.627, 3.616, 4.541, 4.586, 4.901, 6.062, 6.49, 6.022, 6.466, 6.508, 6.639, 6.185, 6.197, 6.345, 5.549, 5.937, 6.195, 5.68, 6.541, 7.96, 8.065, 6.602, 5.13, 5.499, 6.222, 5.846, 4.839, 4.142, 3.094, 3.143, 3.945, 4.106, 3.492, 3.517, 4.625, 6.179, 7.029, 8.72, 10.003, 9.501, 8.983, 10.288, 12.337, 12.734, 13.109, 11.008, 7.816, 6.034, 5.839, 5.943, 6.648, 7.11, 6.59, 6.694, 9.114, 10.197, 10.174, 10.449, 10.463, 9.918, 9.795, 9.308, 8.164, 6.712, 5.379, 4.213, 4.248, 5.129, 4.544, 2.901, 2.088, 4.354, 9.754, 10.559, 9.775, 9.303, 9.279, 8.342, 7.315, 7.041, 7.413, 7.598, 7.244, 8.091, 8.411, 7.517, 6.7, 5.933, 7.384, 9.618, 11.859, 13.773, 14.018, 13.251, 15.788, 20.85, 21.325, 20.12, 20.161, 19.019, 17.596, 17.966, 18.772, 18.779, 18.196, 18.483, 17.924, 15.963, 17.071, 17.584, 15.824, 15.199], [5.482, 4.872, 4.965, 4.788, 4.813, 4.826, 4.048, 3.267, 3.65, 3.733, 3.395, 2.375, 2.077, 1.995, 2.918, 3.007, 2.139, 1.713, 0.0, 2.041, 4.147, 4.535, 4.047, 4.276, 4.205, 3.633, 3.806, 4.091, 4.168, 4.261, 4.771, 5.126, 4.299, 3.889, 3.73, 4.641, 4.783, 5.044, 6.155, 6.306, 6.033, 6.152, 6.528, 6.742, 6.264, 6.405, 6.573, 5.801, 6.047, 6.372, 5.657, 6.229, 7.236, 7.355, 6.146, 5.193, 5.605, 5.971, 5.784, 4.816, 4.299, 3.21, 3.331, 4.129, 4.244, 3.703, 3.745, 5.095, 6.303, 6.952, 8.426, 9.831, 9.381, 8.794, 9.964, 12.197, 12.648, 13.004, 10.628, 7.603, 6.063, 5.882, 5.959, 6.256, 6.618, 6.401, 6.466, 8.983, 10.173, 10.165, 10.446, 10.424, 9.87, 9.755, 9.288, 8.166, 6.422, 5.05, 4.112, 3.742, 4.946, 4.543, 2.749, 1.928, 3.887, 9.275, 10.315, 9.478, 9.184, 9.136, 8.285, 7.218, 6.7, 7.218, 7.108, 6.601, 7.616, 8.256, 7.249, 6.414, 5.795, 7.083, 9.541, 11.731, 13.761, 13.921, 13.192, 15.782, 20.805, 21.224, 19.975, 20.129, 18.974, 17.514, 17.909, 18.719, 18.746, 18.109, 18.405, 17.932, 15.858, 17.043, 17.49, 15.707, 15.096], [4.039, 3.19, 3.55, 3.48, 3.556, 3.861, 3.004, 2.881, 2.89, 2.469, 2.335, 2.461, 1.99, 3.04, 4.425, 4.5, 3.573, 2.882, 2.041, 0.0, 2.59, 3.047, 2.691, 2.918, 2.924, 2.585, 2.489, 2.931, 2.709, 3.063, 3.528, 3.796, 3.671, 3.531, 3.106, 3.239, 3.123, 3.298, 4.419, 4.601, 4.736, 5.608, 5.3, 5.024, 4.638, 4.94, 4.943, 4.33, 4.363, 4.787, 4.1, 4.702, 5.713, 6.061, 5.264, 4.394, 4.452, 5.148, 5.36, 3.888, 3.31, 2.667, 2.53, 2.795, 3.276, 3.195, 3.47, 4.762, 5.794, 6.431, 8.074, 9.708, 9.074, 8.39, 9.363, 11.768, 12.368, 12.754, 10.289, 7.326, 6.046, 5.76, 5.887, 5.944, 5.908, 6.145, 6.251, 8.585, 10.1, 10.097, 10.343, 10.381, 9.842, 9.735, 9.219, 7.988, 6.089, 4.625, 3.946, 3.589, 4.909, 4.589, 2.383, 2.092, 3.286, 8.66, 9.864, 8.998, 8.881, 8.742, 8.078, 7.078, 6.477, 6.98, 6.835, 6.442, 7.49, 8.116, 7.166, 6.331, 5.744, 6.844, 9.267, 11.465, 13.712, 13.862, 13.148, 15.718, 20.776, 21.2, 19.855, 19.955, 18.907, 17.45, 17.886, 18.692, 18.682, 17.954, 18.32, 17.81, 15.745, 16.74, 17.157, 15.357, 14.791], [2.114, 1.415, 1.425, 1.578, 2.571, 3.579, 3.222, 3.302, 2.099, 1.308, 2.105, 2.917, 2.865, 4.506, 5.433, 5.578, 4.37, 4.101, 4.147, 2.59, 0.0, 1.142, 1.406, 2.48, 2.064, 2.026, 1.792, 1.274, 1.023, 1.35, 1.756, 2.134, 1.888, 1.852, 2.128, 2.265, 1.944, 1.926, 2.417, 2.753, 2.691, 4.215, 3.116, 2.801, 2.356, 2.86, 2.849, 2.192, 2.203, 2.569, 2.235, 3.105, 4.55, 4.943, 4.036, 2.156, 2.143, 3.336, 3.292, 1.581, 1.528, 1.614, 1.716, 1.583, 1.334, 1.573, 1.967, 2.656, 4.484, 5.359, 7.146, 8.728, 8.113, 7.444, 8.39, 10.803, 11.392, 11.803, 9.289, 6.389, 4.998, 4.741, 4.677, 4.805, 4.921, 5.167, 5.248, 7.656, 9.115, 9.115, 9.362, 9.388, 8.87, 8.764, 8.226, 7.002, 4.94, 3.563, 2.879, 2.848, 4.004, 3.578, 2.219, 3.295, 2.947, 7.726, 8.902, 8.033, 7.892, 7.791, 7.091, 6.097, 5.527, 5.995, 5.807, 5.34, 6.482, 7.118, 6.129, 5.349, 4.649, 5.853, 8.299, 10.492, 12.724, 12.874, 12.16, 14.73, 19.789, 20.212, 18.874, 18.974, 17.922, 16.463, 16.898, 17.704, 17.696, 16.998, 17.345, 16.818, 14.786, 15.808, 16.219, 14.416, 13.856], [2.021, 1.832, 2.017, 2.357, 3.04, 3.965, 3.81, 3.906, 2.856, 1.948, 2.79, 3.435, 3.513, 5.109, 5.976, 6.084, 4.797, 4.659, 4.535, 3.047, 1.142, 0.0, 1.719, 2.881, 2.535, 2.52, 2.278, 1.734, 1.484, 1.889, 1.958, 2.484, 2.238, 2.461, 2.764, 2.584, 2.65, 2.573, 2.581, 2.581, 2.761, 4.099, 3.328, 3.016, 2.873, 3.446, 3.416, 2.909, 2.527, 3.088, 2.517, 2.82, 4.229, 4.728, 3.897, 2.615, 2.463, 3.154, 3.115, 1.476, 1.845, 2.107, 2.431, 2.244, 1.996, 1.928, 2.2, 2.683, 4.383, 5.245, 6.999, 8.451, 8.007, 7.341, 8.275, 10.69, 11.284, 11.664, 9.082, 6.154, 4.722, 4.671, 4.542, 4.703, 4.815, 5.052, 5.129, 7.554, 8.78, 8.894, 9.177, 8.935, 8.507, 8.454, 7.837, 6.87, 4.827, 3.396, 2.714, 2.567, 3.684, 3.313, 2.526, 3.785, 2.844, 7.465, 8.795, 7.909, 7.778, 7.69, 6.96, 5.906, 5.344, 5.789, 5.477, 5.047, 6.225, 6.93, 5.784, 5.067, 4.457, 5.693, 8.185, 10.363, 12.466, 12.515, 11.877, 14.471, 19.402, 19.742, 18.606, 18.825, 17.706, 16.123, 16.489, 17.287, 17.466, 16.734, 17.08, 16.657, 14.538, 15.698, 16.117, 14.314, 13.748], [2.896, 1.967, 1.912, 1.935, 2.022, 2.571, 2.36, 2.522, 1.506, 1.697, 1.706, 3.094, 3.049, 4.383, 5.02, 5.073, 3.852, 3.991, 4.047, 2.691, 1.406, 1.719, 0.0, 1.525, 1.222, 1.555, 1.455, 1.102, 1.272, 1.792, 2.635, 2.941, 2.386, 2.072, 1.574, 1.757, 1.523, 1.772, 2.658, 3.605, 3.511, 5.175, 4.103, 3.017, 2.692, 3.086, 3.02, 2.423, 2.565, 2.791, 2.673, 3.886, 5.501, 5.97, 5.069, 2.849, 2.856, 4.068, 4.088, 2.274, 1.395, 1.576, 1.759, 1.304, 1.319, 1.834, 2.631, 3.39, 5.499, 6.387, 8.06, 9.529, 9.055, 8.43, 9.49, 11.816, 12.343, 12.703, 10.183, 7.194, 5.78, 5.623, 5.585, 5.762, 5.994, 6.094, 6.211, 8.621, 9.896, 9.988, 10.264, 10.067, 9.624, 9.597, 8.967, 7.94, 5.909, 4.456, 3.609, 3.345, 4.834, 4.136, 2.024, 3.231, 3.482, 8.67, 9.922, 9.071, 8.844, 8.758, 8.016, 6.994, 6.451, 6.896, 6.646, 6.204, 7.316, 8.021, 6.948, 6.135, 5.508, 6.776, 9.226, 11.423, 13.582, 13.648, 12.978, 15.612, 20.537, 20.932, 19.731, 19.877, 18.78, 17.265, 17.642, 18.444, 18.559, 17.776, 18.143, 17.744, 15.591, 16.737, 17.173, 15.375, 14.793], [4.063, 2.779, 2.956, 2.643, 1.801, 1.849, 1.403, 1.706, 1.708, 2.478, 1.947, 3.401, 3.204, 3.818, 4.572, 4.412, 3.975, 4.162, 4.276, 2.918, 2.48, 2.881, 1.525, 0.0, 0.94, 1.4, 1.643, 1.914, 2.277, 2.686, 3.8, 4.013, 3.553, 3.085, 1.704, 1.359, 1.564, 2.214, 3.385, 4.642, 4.627, 6.402, 5.202, 3.662, 3.392, 3.677, 3.189, 2.818, 3.478, 3.279, 3.746, 5.044, 6.591, 7.108, 6.238, 4.06, 4.042, 5.35, 5.335, 3.435, 2.174, 2.336, 2.255, 1.738, 2.118, 3.038, 3.682, 4.671, 6.668, 7.528, 9.253, 10.796, 10.283, 9.617, 10.626, 12.975, 13.597, 13.968, 11.383, 8.451, 7.014, 6.894, 6.855, 6.985, 7.124, 7.356, 7.451, 9.805, 11.167, 11.266, 11.532, 11.371, 10.939, 10.872, 10.238, 9.211, 7.146, 5.735, 4.89, 4.645, 6.139, 5.394, 2.506, 3.343, 4.444, 9.796, 11.068, 10.222, 10.085, 9.973, 9.283, 8.273, 7.696, 8.166, 7.868, 7.452, 8.605, 9.281, 8.216, 7.43, 6.798, 8.047, 10.48, 12.688, 14.853, 14.942, 14.255, 16.882, 21.857, 22.245, 20.986, 21.145, 20.056, 18.55, 18.958, 19.763, 19.83, 19.03, 19.414, 19.015, 16.862, 17.984, 18.389, 16.567, 16.035], [3.608, 2.445, 2.498, 2.025, 1.766, 2.164, 1.763, 1.773, 1.345, 2.006, 1.632, 3.185, 3.051, 3.932, 4.719, 4.627, 3.928, 4.062, 4.205, 2.924, 2.064, 2.535, 1.222, 0.94, 0.0, 1.14, 1.366, 1.489, 1.902, 2.131, 3.269, 3.434, 2.984, 2.517, 1.475, 1.487, 1.392, 2.063, 3.113, 4.26, 3.996, 5.845, 4.572, 3.386, 2.907, 3.08, 2.962, 2.314, 3.06, 2.923, 3.219, 4.493, 6.149, 6.529, 5.618, 3.512, 3.524, 4.805, 4.745, 2.827, 1.67, 1.845, 1.756, 1.203, 1.441, 2.477, 3.142, 4.093, 6.118, 6.911, 8.688, 10.214, 9.714, 9.059, 10.004, 12.372, 13.02, 13.388, 10.787, 7.871, 6.431, 6.312, 6.273, 6.407, 6.486, 6.785, 6.869, 9.24, 10.585, 10.707, 10.97, 10.777, 10.369, 10.284, 9.655, 8.629, 6.551, 5.18, 4.326, 4.078, 5.578, 4.823, 2.167, 3.342, 3.897, 9.181, 10.484, 9.597, 9.5, 9.395, 8.701, 7.703, 7.114, 7.583, 7.242, 6.843, 8.031, 8.698, 7.589, 6.843, 6.234, 7.477, 9.905, 12.131, 14.271, 14.34, 13.666, 16.3, 21.255, 21.643, 20.408, 20.563, 19.469, 17.954, 18.356, 19.161, 19.248, 18.456, 18.831, 18.433, 16.279, 17.418, 17.816, 16.003, 15.466], [3.512, 2.433, 2.553, 1.91, 2.077, 2.728, 2.225, 1.842, 1.724, 1.883, 1.542, 2.67, 2.573, 3.443, 4.224, 4.132, 3.328, 3.46, 3.633, 2.585, 2.026, 2.52, 1.555, 1.4, 1.14, 0.0, 1.008, 1.416, 1.738, 1.717, 3.042, 3.157, 2.583, 2.329, 1.409, 1.897, 1.804, 2.253, 3.511, 4.29, 3.725, 5.389, 4.171, 3.692, 3.224, 3.229, 3.306, 2.594, 3.245, 3.188, 3.03, 4.331, 5.967, 6.216, 5.178, 3.244, 3.383, 4.581, 4.471, 2.538, 1.526, 1.78, 1.438, 1.172, 1.628, 2.209, 2.682, 3.726, 5.648, 6.459, 8.202, 9.707, 9.231, 8.592, 9.501, 11.934, 12.54, 12.899, 10.306, 7.365, 5.934, 5.828, 5.766, 5.911, 6.026, 6.304, 6.373, 8.756, 10.09, 10.205, 10.471, 10.301, 9.898, 9.782, 9.148, 8.122, 6.06, 4.706, 3.848, 3.65, 5.115, 4.367, 1.88, 2.636, 3.462, 8.73, 10.039, 9.153, 9.037, 8.892, 8.196, 7.2, 6.612, 7.081, 6.782, 6.411, 7.515, 8.213, 7.103, 6.36, 5.751, 6.999, 9.422, 11.632, 13.785, 13.847, 13.159, 15.793, 20.762, 21.149, 19.896, 20.056, 18.962, 17.455, 17.862, 18.667, 18.741, 17.941, 18.325, 17.926, 15.772, 16.902, 17.322, 15.517, 14.948], [3.236, 2.098, 2.273, 1.835, 2.064, 2.845, 2.401, 2.282, 1.924, 1.902, 1.75, 2.902, 2.638, 3.697, 4.434, 4.441, 3.627, 3.651, 3.806, 2.489, 1.792, 2.278, 1.455, 1.643, 1.366, 1.008, 0.0, 1.404, 1.369, 1.837, 2.773, 2.841, 2.593, 2.56, 1.589, 1.956, 1.874, 2.102, 3.287, 3.925, 3.7, 5.304, 4.119, 3.478, 3.136, 3.081, 3.144, 2.332, 2.934, 2.899, 2.702, 3.921, 5.533, 5.945, 5.13, 3.108, 3.126, 4.344, 4.388, 2.425, 1.451, 1.933, 1.692, 1.167, 1.612, 2.132, 2.757, 3.801, 5.611, 6.465, 8.201, 9.667, 9.196, 8.583, 9.495, 11.931, 12.471, 12.847, 10.287, 7.34, 5.94, 5.807, 5.728, 5.897, 6.012, 6.245, 6.335, 8.756, 10.032, 10.121, 10.393, 10.263, 9.831, 9.793, 9.109, 8.076, 6.013, 4.614, 3.778, 3.5, 4.961, 4.222, 2.078, 2.886, 3.541, 8.676, 10.007, 9.158, 8.972, 8.893, 8.154, 7.144, 6.598, 7.02, 6.749, 6.315, 7.452, 8.146, 7.109, 6.299, 5.667, 6.927, 9.371, 11.559, 13.718, 13.82, 13.135, 15.756, 20.737, 21.125, 19.876, 20.013, 18.936, 17.428, 17.838, 18.643, 18.704, 17.924, 18.29, 17.88, 15.743, 16.886, 17.314, 15.512, 14.934], [2.762, 2.149, 1.991, 1.632, 2.12, 2.948, 2.705, 2.595, 1.754, 1.557, 1.897, 3.224, 3.069, 4.423, 4.935, 4.863, 3.84, 3.95, 4.091, 2.931, 1.274, 1.734, 1.102, 1.914, 1.489, 1.416, 1.404, 0.0, 1.143, 1.386, 2.301, 2.594, 1.932, 1.707, 1.653, 1.89, 1.689, 1.94, 2.816, 3.598, 3.203, 4.694, 3.744, 2.975, 2.537, 2.774, 2.89, 2.215, 2.595, 2.698, 2.585, 3.785, 5.354, 5.692, 4.697, 2.423, 2.503, 3.785, 3.783, 1.976, 1.057, 1.422, 1.539, 1.164, 1.287, 1.585, 2.174, 2.963, 5.154, 6.036, 7.69, 9.087, 8.653, 8.083, 9.134, 11.475, 11.907, 12.276, 9.871, 6.793, 5.251, 5.178, 5.118, 5.397, 5.642, 5.671, 5.744, 8.246, 9.437, 9.509, 9.754, 9.64, 9.195, 9.148, 8.503, 7.456, 5.543, 4.012, 3.184, 3.031, 4.363, 3.833, 2.089, 3.193, 3.315, 8.322, 9.568, 8.732, 8.443, 8.395, 7.567, 6.537, 6.008, 6.475, 6.324, 5.793, 6.857, 7.537, 6.584, 5.723, 5.114, 6.315, 8.811, 11.024, 13.109, 13.211, 12.529, 15.151, 20.115, 20.52, 19.334, 19.439, 18.339, 16.823, 17.233, 18.038, 18.112, 17.391, 17.712, 17.24, 15.185, 16.319, 16.78, 14.995, 14.381], [2.304, 1.578, 1.619, 1.635, 2.398, 3.369, 3.051, 3.089, 2.135, 1.508, 2.166, 3.144, 3.071, 4.538, 5.296, 5.356, 4.178, 4.169, 4.168, 2.709, 1.023, 1.484, 1.272, 2.277, 1.902, 1.738, 1.369, 1.143, 0.0, 1.087, 1.747, 2.167, 1.901, 1.927, 1.885, 1.975, 1.771, 1.657, 2.642, 3.019, 2.851, 4.445, 3.312, 2.823, 2.44, 2.787, 2.803, 2.115, 2.291, 2.511, 1.876, 3.007, 4.57, 5.063, 4.284, 2.264, 2.286, 3.464, 3.456, 1.621, 1.366, 1.482, 1.645, 1.433, 1.423, 1.77, 2.183, 2.929, 4.777, 5.637, 7.389, 8.824, 8.408, 7.738, 8.676, 11.08, 11.675, 12.049, 9.477, 6.556, 5.109, 5.001, 4.892, 5.092, 5.218, 5.445, 5.494, 7.944, 9.192, 9.282, 9.559, 9.47, 8.973, 8.965, 8.303, 7.244, 5.207, 3.762, 3.034, 2.836, 4.121, 3.609, 2.184, 3.268, 3.042, 7.854, 9.19, 8.303, 8.178, 8.08, 7.333, 6.291, 5.771, 6.173, 5.881, 5.481, 6.609, 7.32, 6.26, 5.484, 4.856, 6.088, 8.586, 10.756, 12.886, 12.976, 12.299, 14.916, 19.897, 20.285, 19.045, 19.192, 18.105, 16.592, 16.998, 17.803, 17.869, 17.126, 17.467, 17.037, 14.929, 16.09, 16.507, 14.704, 14.134], [2.426, 1.753, 1.8, 1.617, 2.533, 3.74, 3.37, 3.109, 2.225, 1.606, 2.049, 3.163, 3.108, 4.554, 5.361, 5.452, 4.191, 4.225, 4.261, 3.063, 1.35, 1.889, 1.792, 2.686, 2.131, 1.717, 1.837, 1.386, 1.087, 0.0, 1.657, 1.921, 1.582, 1.597, 1.945, 2.308, 1.994, 1.921, 2.564, 3.064, 2.497, 4.137, 2.943, 2.843, 2.248, 2.497, 2.686, 1.875, 2.208, 2.379, 1.86, 2.946, 4.503, 4.774, 3.834, 2.095, 2.43, 3.494, 3.264, 1.689, 1.417, 1.517, 1.773, 1.519, 1.44, 1.756, 2.029, 2.612, 4.534, 5.245, 6.985, 8.495, 8.019, 7.386, 8.313, 10.717, 11.291, 11.664, 9.084, 6.163, 4.745, 4.699, 4.517, 4.672, 4.803, 5.072, 5.12, 7.511, 8.929, 8.998, 9.259, 9.233, 8.737, 8.563, 8.002, 6.849, 4.801, 3.499, 2.975, 2.928, 4.093, 3.667, 2.228, 3.286, 3.078, 7.617, 8.849, 7.949, 7.795, 7.646, 6.954, 5.994, 5.419, 5.897, 5.605, 5.172, 6.312, 6.974, 5.906, 5.205, 4.561, 5.761, 8.205, 10.481, 12.565, 12.639, 11.921, 14.548, 19.55, 19.999, 18.652, 18.78, 17.718, 16.229, 16.675, 17.482, 17.49, 16.716, 17.085, 16.663, 14.545, 15.691, 16.095, 14.285, 13.726], [1.405, 1.713, 1.341, 1.816, 3.497, 4.683, 4.416, 4.262, 3.203, 2.556, 3.396, 3.868, 3.97, 5.353, 6.296, 6.434, 5.328, 4.888, 4.771, 3.528, 1.756, 1.958, 2.635, 3.8, 3.269, 3.042, 2.773, 2.301, 1.747, 1.657, 0.0, 1.084, 1.387, 2.141, 2.876, 3.466, 3.086, 2.964, 3.225, 2.845, 2.737, 2.873, 2.306, 2.419, 1.876, 2.258, 2.453, 1.88, 1.848, 2.145, 1.437, 1.805, 3.324, 3.585, 2.662, 1.29, 1.57, 2.215, 2.232, 1.656, 2.194, 2.384, 2.63, 2.548, 2.23, 1.986, 1.909, 2.318, 3.439, 4.104, 5.811, 7.31, 6.786, 6.152, 7.207, 9.494, 10.055, 10.465, 7.895, 5.085, 4.158, 3.982, 3.589, 3.47, 3.651, 3.839, 3.866, 6.289, 7.761, 7.818, 8.097, 8.069, 7.752, 7.649, 6.752, 5.602, 3.606, 2.44, 2.714, 2.765, 3.189, 3.171, 3.0, 4.016, 3.286, 6.74, 7.682, 6.801, 6.58, 6.444, 5.742, 4.994, 4.533, 4.815, 4.551, 3.927, 5.125, 5.751, 4.864, 4.333, 3.37, 4.505, 6.982, 9.33, 11.307, 11.389, 10.679, 13.232, 18.31, 18.749, 17.364, 17.52, 16.455, 14.979, 15.425, 16.232, 16.208, 15.548, 15.885, 15.385, 13.352, 14.458, 14.861, 13.051, 12.493], [1.852, 2.232, 1.635, 1.846, 3.782, 5.12, 4.758, 4.526, 3.34, 2.665, 3.414, 4.142, 4.034, 5.43, 6.563, 6.69, 5.723, 5.098, 5.126, 3.796, 2.134, 2.484, 2.941, 4.013, 3.434, 3.157, 2.841, 2.594, 2.167, 1.921, 1.084, 0.0, 1.67, 2.458, 3.172, 3.669, 3.182, 3.058, 3.172, 3.026, 2.834, 2.824, 2.001, 2.077, 1.657, 1.769, 2.103, 1.813, 1.671, 1.86, 1.391, 1.652, 3.104, 3.308, 2.396, 1.188, 1.502, 2.169, 2.294, 1.936, 2.261, 2.819, 2.725, 2.657, 2.366, 2.293, 2.562, 2.404, 3.232, 3.818, 5.63, 7.216, 6.591, 5.938, 6.921, 9.265, 9.878, 10.32, 7.757, 4.971, 4.575, 4.306, 3.875, 3.356, 3.378, 3.704, 3.734, 6.071, 7.701, 7.736, 8.007, 7.993, 7.744, 7.63, 6.7, 5.423, 3.479, 2.65, 3.101, 3.195, 3.524, 3.569, 3.687, 4.339, 3.555, 6.489, 7.424, 6.527, 6.36, 6.253, 5.654, 5.106, 4.584, 4.72, 4.465, 3.905, 5.023, 5.645, 4.911, 4.443, 3.355, 4.336, 6.806, 9.144, 11.254, 11.326, 10.603, 13.169, 18.237, 18.686, 17.282, 17.388, 16.365, 14.916, 15.362, 16.169, 16.127, 15.433, 15.795, 15.273, 13.266, 14.271, 14.656, 12.85, 12.315], [2.165, 1.98, 1.696, 1.777, 3.25, 4.239, 4.01, 3.649, 2.606, 2.258, 2.973, 3.39, 3.779, 4.71, 5.435, 5.564, 4.471, 4.115, 4.299, 3.671, 1.888, 2.238, 2.386, 3.553, 2.984, 2.583, 2.593, 1.932, 1.901, 1.582, 1.387, 1.67, 0.0, 1.419, 2.288, 3.319, 2.93, 2.945, 3.073, 3.392, 2.547, 3.114, 2.793, 2.963, 2.488, 2.686, 3.069, 2.233, 2.416, 2.625, 2.223, 2.749, 4.289, 4.443, 3.149, 1.369, 1.978, 2.676, 2.479, 1.625, 1.732, 1.839, 2.224, 2.312, 1.796, 1.565, 1.894, 2.222, 3.765, 4.513, 6.076, 7.477, 7.014, 6.436, 7.572, 9.828, 10.254, 10.629, 8.204, 5.273, 3.953, 3.805, 3.457, 3.736, 4.026, 4.014, 4.091, 6.564, 7.908, 7.968, 8.227, 8.226, 7.779, 7.714, 6.879, 5.775, 3.922, 2.55, 2.435, 2.303, 3.288, 2.726, 2.534, 3.429, 2.875, 7.141, 8.06, 7.171, 6.859, 6.736, 5.941, 5.016, 4.58, 5.036, 4.938, 4.209, 5.279, 5.875, 5.001, 4.373, 3.563, 4.702, 7.19, 9.603, 11.446, 11.509, 10.787, 13.348, 18.419, 18.865, 17.519, 17.68, 16.567, 15.095, 15.541, 16.347, 16.325, 15.681, 16.007, 15.513, 13.484, 14.624, 15.082, 13.296, 12.687], [2.968, 2.481, 2.285, 2.154, 3.032, 3.591, 3.371, 2.858, 2.056, 1.94, 2.674, 3.163, 3.567, 4.467, 4.667, 4.748, 3.699, 3.627, 3.889, 3.531, 1.852, 2.461, 2.072, 3.085, 2.517, 2.329, 2.56, 1.707, 1.927, 1.597, 2.141, 2.458, 1.419, 0.0, 1.93, 2.731, 2.527, 2.649, 3.113, 3.801, 3.049, 4.268, 3.568, 3.463, 2.917, 3.165, 3.42, 2.578, 2.966, 3.072, 2.715, 3.701, 5.306, 5.55, 4.396, 2.098, 2.543, 3.483, 2.964, 2.073, 1.863, 1.392, 1.822, 2.225, 1.631, 1.4, 1.862, 2.236, 4.58, 5.394, 6.941, 8.302, 7.862, 7.377, 8.597, 10.745, 11.134, 11.45, 9.184, 6.043, 4.398, 4.344, 4.237, 4.697, 5.182, 4.904, 4.965, 7.457, 8.464, 8.508, 8.805, 8.711, 8.259, 8.02, 7.466, 6.475, 4.773, 3.263, 2.952, 2.869, 3.818, 3.145, 2.036, 3.365, 3.341, 8.022, 8.941, 8.086, 7.693, 7.613, 6.73, 5.652, 5.274, 5.831, 5.774, 4.996, 6.066, 6.729, 5.736, 4.993, 4.33, 5.578, 8.027, 10.397, 12.045, 12.188, 11.427, 13.956, 19.02, 19.471, 18.344, 18.471, 17.223, 15.743, 16.116, 16.922, 16.982, 16.404, 16.695, 16.209, 14.21, 15.439, 15.957, 14.194, 13.566], [3.411, 2.37, 2.264, 1.881, 1.665, 2.261, 1.938, 1.764, 1.577, 2.155, 2.21, 3.11, 3.285, 3.651, 4.17, 4.218, 3.542, 3.616, 3.73, 3.106, 2.128, 2.764, 1.574, 1.704, 1.475, 1.409, 1.589, 1.653, 1.885, 1.945, 2.876, 3.172, 2.288, 1.93, 0.0, 1.799, 1.874, 2.213, 3.384, 4.204, 3.8, 5.184, 4.314, 3.531, 3.096, 3.337, 3.208, 2.352, 2.981, 3.032, 3.257, 4.483, 6.062, 6.4, 5.258, 2.846, 3.205, 4.295, 3.971, 2.531, 1.579, 1.375, 1.625, 1.438, 1.415, 1.935, 2.386, 3.333, 5.501, 6.329, 8.059, 9.452, 9.027, 8.437, 9.483, 11.804, 12.286, 12.643, 10.15, 7.248, 5.64, 5.477, 5.429, 5.739, 5.968, 6.048, 6.112, 8.591, 9.812, 9.805, 10.092, 10.102, 9.573, 9.43, 8.942, 7.794, 5.854, 4.375, 3.744, 3.437, 4.797, 4.141, 1.665, 2.879, 3.724, 8.749, 9.867, 9.047, 8.807, 8.732, 7.921, 6.928, 6.4, 6.869, 6.657, 6.053, 7.195, 7.882, 6.876, 6.066, 5.391, 6.644, 9.179, 11.413, 13.425, 13.571, 12.843, 15.437, 20.476, 20.925, 19.602, 19.767, 18.618, 17.156, 17.602, 18.408, 18.379, 17.747, 18.049, 17.571, 15.495, 16.677, 17.145, 15.343, 14.741], [3.854, 2.688, 2.839, 2.455, 2.109, 2.328, 1.803, 2.008, 2.097, 2.29, 2.497, 3.83, 3.552, 4.131, 4.789, 4.665, 4.366, 4.541, 4.641, 3.239, 2.265, 2.584, 1.757, 1.359, 1.487, 1.897, 1.956, 1.89, 1.975, 2.308, 3.466, 3.669, 3.319, 2.731, 1.799, 0.0, 1.635, 2.024, 3.051, 4.074, 4.317, 6.157, 4.926, 3.501, 3.317, 3.507, 2.991, 2.562, 3.235, 2.944, 3.226, 4.492, 6.024, 6.666, 6.003, 3.808, 3.849, 5.152, 5.068, 3.187, 2.138, 2.159, 2.266, 1.986, 2.029, 2.937, 3.571, 4.41, 6.516, 7.365, 9.126, 10.567, 10.131, 9.464, 10.375, 12.809, 13.397, 13.777, 11.205, 8.278, 6.757, 6.649, 6.614, 6.826, 6.919, 7.164, 7.207, 9.678, 10.923, 11.025, 11.298, 11.124, 10.717, 10.621, 9.981, 8.965, 6.941, 5.467, 4.663, 4.44, 5.892, 5.248, 2.752, 3.812, 4.499, 9.598, 10.924, 10.028, 9.901, 9.813, 9.067, 8.009, 7.435, 7.893, 7.612, 7.188, 8.352, 9.032, 7.952, 7.183, 6.554, 7.802, 10.306, 12.494, 14.596, 14.688, 14.001, 16.625, 21.603, 21.987, 20.773, 20.926, 19.802, 18.294, 18.704, 19.507, 19.579, 18.851, 19.167, 18.758, 16.639, 17.824, 18.241, 16.438, 15.868], [3.276, 2.333, 2.515, 1.921, 1.974, 2.669, 2.294, 2.523, 1.685, 1.729, 1.774, 3.583, 3.404, 4.515, 5.378, 5.327, 4.611, 4.586, 4.783, 3.123, 1.944, 2.65, 1.523, 1.564, 1.392, 1.804, 1.874, 1.689, 1.771, 1.994, 3.086, 3.182, 2.93, 2.527, 1.874, 1.635, 0.0, 1.341, 2.392, 3.549, 3.541, 5.698, 4.234, 2.717, 2.316, 2.522, 2.391, 1.815, 2.654, 2.285, 2.747, 4.026, 5.468, 5.977, 5.436, 3.376, 3.297, 4.742, 4.731, 3.043, 2.17, 2.186, 1.941, 1.449, 1.637, 2.809, 3.475, 4.063, 5.898, 6.648, 8.525, 10.203, 9.566, 8.795, 9.69, 12.079, 12.872, 13.248, 10.722, 7.811, 6.479, 6.225, 6.162, 6.252, 6.261, 6.646, 6.74, 9.024, 10.62, 10.63, 10.879, 10.921, 10.437, 10.284, 9.742, 8.503, 6.408, 5.095, 4.4, 4.295, 5.586, 4.908, 2.795, 3.762, 4.03, 9.013, 10.246, 9.307, 9.372, 9.209, 8.586, 7.61, 7.011, 7.511, 7.299, 6.848, 7.977, 8.604, 7.598, 6.891, 6.151, 7.357, 9.766, 11.994, 14.22, 14.373, 13.657, 16.24, 21.284, 21.726, 20.344, 20.465, 19.41, 17.966, 18.408, 19.214, 19.188, 18.436, 18.832, 18.325, 16.253, 17.237, 17.628, 15.805, 15.278], [3.227, 1.962, 2.329, 2.046, 2.629, 3.306, 2.967, 3.395, 2.316, 1.741, 2.232, 3.771, 3.613, 5.048, 5.973, 6.052, 4.961, 4.901, 5.044, 3.298, 1.926, 2.573, 1.772, 2.214, 2.063, 2.253, 2.102, 1.94, 1.657, 1.921, 2.964, 3.058, 2.945, 2.649, 2.213, 2.024, 1.341, 0.0, 1.687, 2.903, 3.386, 5.628, 4.128, 2.66, 2.453, 2.734, 2.568, 1.941, 2.496, 2.367, 2.501, 3.691, 5.088, 5.837, 5.354, 3.33, 3.287, 4.722, 4.706, 2.921, 2.27, 2.32, 2.2, 1.777, 1.802, 2.763, 3.323, 3.975, 5.788, 6.523, 8.454, 10.142, 9.476, 8.617, 9.627, 11.937, 12.786, 13.213, 10.684, 7.728, 6.393, 6.129, 6.083, 6.114, 6.14, 6.563, 6.634, 8.882, 10.574, 10.59, 10.826, 10.867, 10.377, 10.216, 9.674, 8.371, 6.274, 5.032, 4.372, 4.297, 5.56, 4.964, 2.969, 3.997, 4.102, 8.935, 10.04, 9.174, 9.293, 9.102, 8.498, 7.549, 6.948, 7.448, 7.24, 6.787, 7.941, 8.576, 7.57, 6.838, 6.119, 7.274, 9.691, 11.93, 14.2, 14.322, 13.604, 16.179, 21.233, 21.676, 20.29, 20.372, 19.358, 17.915, 18.357, 19.163, 19.134, 18.372, 18.769, 18.253, 16.201, 17.097, 17.503, 15.709, 15.172], [3.028, 2.389, 2.732, 2.818, 3.515, 4.421, 4.095, 4.51, 3.291, 2.535, 3.294, 4.57, 4.611, 6.266, 7.225, 7.338, 6.203, 6.062, 6.155, 4.419, 2.417, 2.581, 2.658, 3.385, 3.113, 3.511, 3.287, 2.816, 2.642, 2.564, 3.225, 3.172, 3.073, 3.113, 3.384, 3.051, 2.392, 1.687, 0.0, 1.945, 2.717, 4.876, 3.499, 2.048, 2.569, 2.942, 3.206, 2.534, 2.693, 2.569, 2.945, 3.2, 4.246, 5.092, 4.675, 3.276, 3.083, 3.972, 3.954, 2.775, 2.914, 3.241, 3.312, 2.821, 2.485, 3.191, 3.79, 3.522, 5.071, 5.771, 7.744, 9.432, 8.724, 7.865, 8.885, 11.184, 12.034, 12.466, 9.945, 7.017, 6.034, 5.671, 5.433, 5.389, 5.66, 5.952, 5.914, 8.156, 9.852, 9.861, 10.106, 10.172, 9.662, 9.488, 8.955, 7.645, 5.549, 4.301, 4.401, 4.254, 5.183, 4.797, 3.916, 5.175, 4.186, 8.222, 9.314, 8.422, 8.54, 8.382, 7.758, 6.816, 6.215, 