[[0.0, 3.923, 3.742, 5.159, 7.449, 9.579, 11.15, 13.027, 8.802, 2.054, 3.863, 4.954, 5.985, 8.764, 8.415, 8.968, 11.004, 11.46, 10.822, 10.663, 9.855, 8.053, 6.239, 4.23, 2.949, 3.157, 2.973, 4.114, 4.152, 6.742, 7.667, 8.965, 11.474, 11.323, 10.375, 6.902, 8.76, 6.333, 6.742, 9.491, 10.667, 10.996, 9.992, 8.486, 8.484, 5.096, 2.701, 2.395, 2.402, 2.536, 2.31, 2.164, 1.416], [3.923, 0.0, 1.583, 2.132, 4.029, 6.133, 7.559, 9.383, 5.345, 2.65, 1.857, 3.235, 4.035, 5.689, 5.772, 5.913, 7.367, 7.912, 7.371, 7.28, 6.523, 5.725, 4.644, 2.777, 2.477, 2.219, 2.417, 3.101, 4.059, 4.183, 4.121, 5.448, 8.071, 7.631, 6.759, 4.253, 5.251, 4.368, 3.714, 5.974, 7.239, 7.488, 6.492, 5.007, 5.212, 3.006, 5.063, 4.721, 5.156, 5.201, 5.033, 4.796, 4.335], [3.742, 1.583, 0.0, 2.263, 4.069, 6.82, 8.405, 10.352, 5.886, 2.423, 2.427, 3.951, 4.854, 6.427, 6.425, 6.628, 8.501, 8.907, 8.263, 8.097, 7.467, 6.46, 5.208, 3.14, 2.258, 1.866, 1.935, 3.251, 4.348, 4.033, 4.988, 6.15, 8.464, 8.563, 7.734, 4.317, 6.111, 3.954, 3.478, 6.5, 7.39, 8.123, 7.11, 5.614, 5.503, 2.207, 3.786, 3.521, 3.967, 4.007, 4.003, 3.972, 4.249], [5.159, 2.132, 2.263, 0.0, 2.411, 4.88, 6.552, 8.501, 4.282, 3.34, 2.478, 3.484, 4.211, 4.995, 4.976, 5.307, 6.899, 7.263, 6.627, 6.535, 6.065, 5.204, 4.043, 2.388, 2.736, 2.559, 2.774, 3.108, 4.036, 2.743, 3.169, 4.22, 6.674, 6.643, 5.923, 3.187, 4.443, 3.277, 2.463, 4.602, 5.576, 6.061, 5.068, 3.572, 3.817, 2.601, 5.768, 5.514, 5.943, 5.972, 5.636, 5.423, 5.606], [7.449, 4.029, 4.069, 2.411, 0.0, 2.991, 4.666, 6.644, 2.55, 5.555, 4.453, 4.796, 4.815, 5.159, 5.29, 5.311, 5.895, 5.96, 5.347, 5.424, 5.783, 5.727, 4.794, 4.263, 4.827, 4.561, 4.887, 4.439, 5.583, 2.228, 1.728, 2.652, 4.698, 4.734, 4.07, 2.96, 3.28, 3.628, 1.871, 2.641, 3.413, 4.144, 3.199, 2.201, 2.165, 3.738, 7.674, 7.438, 7.875, 7.909, 7.646, 7.419, 7.83], [9.579, 6.133, 6.82, 4.88, 2.991, 0.0, 1.931, 3.72, 2.254, 7.91, 6.369, 6.159, 5.72, 4.585, 4.929, 4.864, 4.906, 4.584, 4.141, 4.55, 5.244, 5.463, 5.306, 6.219, 7.252, 7.263, 7.387, 6.31, 7.369, 3.803, 2.328, 2.441, 2.494, 2.528, 2.578, 4.18, 3.377, 5.844, 4.221, 1.884, 2.338, 1.805, 1.646, 2.183, 2.105, 6.44, 10.507, 10.288, 10.727, 10.754, 10.436, 10.124, 9.981], [11.15, 7.559, 8.405, 6.552, 4.666, 1.931, 0.0, 2.376, 2.967, 9.552, 7.67, 7.007, 6.27, 4.797, 5.344, 5.087, 5.017, 4.734, 4.348, 4.749, 5.444, 5.84, 5.903, 7.553, 8.927, 8.908, 9.061, 7.742, 8.828, 5.405, 3.763, 2.653, 2.07, 2.104, 2.091, 4.993, 3.498, 6.865, 5.57, 2.411, 2.439, 1.702, 1.922, 3.187, 3.135, 8.049, 12.149, 11.891, 12.331, 12.355, 12.077, 11.838, 11.549], [13.027, 9.383, 10.352, 8.501, 6.644, 3.72, 2.376, 0.0, 4.58, 11.456, 9.411, 8.758, 8.083, 6.301, 7.041, 6.426, 6.108, 5.603, 5.594, 5.995, 6.668, 7.382, 7.814, 9.587, 10.901, 10.91, 11.055, 9.773, 10.764, 7.393, 5.573, 4.672, 2.497, 2.498, 3.052, 6.784, 4.861, 8.706, 7.47, 4.258, 3.601, 3.01, 3.587, 5.055, 5.034, 10.001, 14.095, 13.829, 14.258, 14.282, 13.985, 13.76, 13.291], [8.802, 5.345, 5.886, 4.282, 2.55, 2.254, 2.967, 4.58, 0.0, 7.137, 5.979, 6.343, 6.132, 6.306, 6.618, 6.32, 6.675, 6.488, 5.985, 6.268, 6.925, 7.042, 6.346, 6.082, 6.73, 6.54, 6.761, 6.532, 7.575, 4.139, 2.196, 2.694, 2.928, 2.784, 2.295, 3.276, 2.407, 4.857, 3.336, 1.532, 2.254, 2.624, 3.136, 3.079, 2.767, 5.47, 9.544, 9.304, 9.746, 9.77, 9.595, 9.41, 9.211], [2.054, 2.65, 2.423, 3.34, 5.555, 7.91, 9.552, 11.456, 7.137, 0.0, 2.298, 3.653, 4.694, 7.15, 6.75, 7.495, 9.514, 9.917, 9.233, 9.068, 8.339, 6.451, 4.531, 2.457, 1.37, 1.521, 1.304, 2.5, 2.892, 4.897, 6.17, 7.221, 9.807, 9.645, 8.882, 5.231, 7.324, 5.007, 5.104, 7.658, 8.779, 9.243, 8.23, 6.729, 6.978, 3.848, 3.443, 3.272, 3.424, 3.494, 2.944, 2.77, 2.477], [3.863, 1.857, 2.427, 2.478, 4.453, 6.369, 7.67, 9.411, 5.979, 2.298, 0.0, 1.861, 3.002, 5.022, 4.809, 5.436, 7.331, 7.738, 7.177, 6.965, 6.154, 4.571, 3.354, 1.65, 1.972, 2.122, 2.114, 2.133, 2.95, 3.655, 4.534, 5.519, 8.402, 7.811, 6.863, 4.851, 5.747, 5.098, 4.522, 6.353, 7.682, 7.696, 6.674, 5.198, 5.563, 3.878, 5.203, 4.864, 5.268, 5.259, 4.849, 4.585, 4.121], [4.954, 3.235, 3.951, 3.484, 4.796, 6.159, 7.007, 8.758, 6.343, 3.653, 1.861, 0.0, 1.632, 4.046, 3.781, 4.375, 6.248, 6.682, 6.191, 5.968, 5.107, 3.467, 2.504, 2.23, 3.198, 3.429, 3.481, 2.258, 3.048, 3.604, 4.709, 5.225, 8.311, 7.662, 6.543, 6.204, 6.186, 6.495, 5.304, 6.665, 7.825, 7.622, 6.458, 5.068, 5.292, 5.384, 6.531, 6.162, 6.431, 6.494, 6.164, 5.91, 5.302], [5.985, 4.035, 4.854, 4.211, 4.815, 5.72, 6.27, 8.083, 6.132, 4.694, 3.002, 1.632, 0.0, 3.116, 2.995, 3.611, 5.198, 5.67, 5.257, 5.097, 4.192, 2.505, 1.873, 3.133, 4.19, 4.391, 4.447, 3.133, 3.93, 3.232, 4.608, 4.966, 7.833, 7.218, 6.102, 6.757, 6.365, 7.007, 5.553, 6.328, 7.446, 7.175, 5.992, 4.611, 4.939, 6.121, 7.345, 7.008, 7.346, 7.439, 7.258, 7.02, 6.422], [8.764, 5.689, 6.427, 4.995, 5.159, 4.585, 4.797, 6.301, 6.306, 7.15, 5.022, 4.046, 3.116, 0.0, 1.013, 1.193, 2.501, 2.831, 2.386, 2.21, 1.806, 1.414, 2.837, 5.149, 6.6, 6.634, 6.78, 5.446, 6.287, 3.875, 5.282, 5.267, 6.745, 6.539, 6.108, 7.346, 7.012, 7.632, 6.14, 6.129, 6.648, 6.004, 4.437, 4.199, 4.701, 7.073, 9.885, 9.61, 10.037, 10.057, 9.707, 9.421, 9.012], [8.415, 5.772, 6.425, 4.976, 5.29, 4.929, 5.344, 7.041, 6.618, 6.75, 4.809, 3.781, 2.995, 1.013, 0.0, 1.212, 2.951, 3.276, 2.658, 2.539, 1.885, 1.2, 2.451, 4.727, 6.165, 6.254, 6.311, 4.982, 5.814, 3.686, 5.585, 5.468, 7.116, 6.9, 6.487, 7.448, 7.253, 7.798, 6.291, 6.368, 6.916, 6.342, 4.908, 4.392, 4.948, 7.188, 9.518, 9.258, 9.674, 9.713, 9.301, 8.99, 8.693], [8.968, 5.913, 6.628, 5.307, 5.311, 4.864, 5.087, 6.426, 6.32, 7.495, 5.436, 4.375, 3.611, 1.193, 1.212, 0.0, 2.197, 2.614, 1.985, 1.827, 1.376, 1.562, 3.203, 5.47, 6.948, 6.994, 7.111, 5.785, 6.634, 4.083, 5.373, 5.369, 6.989, 6.815, 6.168, 7.407, 7.01, 7.661, 6.111, 6.325, 6.937, 6.254, 4.689, 4.348, 4.634, 7.131, 10.112, 9.818, 10.241, 10.277, 10.022, 9.79, 9.292], [11.004, 7.367, 8.501, 6.899, 5.895, 4.906, 5.017, 6.108, 6.675, 9.514, 7.331, 6.248, 5.198, 2.501, 2.951, 2.197, 0.0, 1.015, 1.117, 1.003, 1.263, 3.188, 5.16, 7.509, 8.978, 9.019, 9.151, 7.819, 8.654, 5.609, 5.603, 5.783, 6.981, 6.783, 6.348, 7.933, 7.511, 8.491, 6.853, 6.485, 6.976, 6.322, 4.815, 5.086, 5.29, 8.553, 12.238, 11.912, 12.34, 12.378, 12.066, 11.784, 11.323], [11.46, 7.912, 8.907, 7.263, 5.96, 4.584, 4.734, 5.603, 6.488, 9.917, 7.738, 6.682, 5.67, 2.831, 3.276, 2.614, 1.015, 0.0, 0.979, 1.173, 1.787, 3.605, 5.533, 7.862, 9.326, 9.356, 9.498, 8.154, 9.014, 5.864, 5.734, 5.674, 6.626, 6.441, 6.204, 7.883, 7.372, 8.676, 6.983, 6.274, 6.682, 6.042, 4.697, 5.206, 5.397, 8.773, 12.624, 12.349, 12.772, 12.81, 12.474, 12.151, 11.719], [10.822, 7.371, 8.263, 6.627, 5.347, 4.141, 4.348, 5.594, 5.985, 9.233, 7.177, 6.191, 5.257, 2.386, 2.658, 1.985, 1.117, 0.979, 0.0, 0.803, 1.526, 3.137, 4.852, 7.137, 8.598, 8.633, 8.765, 7.431, 8.309, 5.18, 5.26, 5.103, 6.26, 6.096, 5.773, 7.278, 6.839, 8.041, 6.444, 5.701, 6.199, 5.545, 4.228, 4.569, 4.837, 8.123, 11.907, 11.668, 12.106, 12.132, 11.801, 11.462, 11.137], [10.663, 7.28, 8.097, 6.535, 5.424, 4.55, 4.749, 5.995, 6.268, 9.068, 6.965, 5.968, 5.097, 2.21, 2.539, 1.827, 1.003, 1.173, 0.803, 0.0, 1.241, 2.996, 4.696, 6.995, 8.469, 8.484, 8.639, 7.281, 8.167, 5.074, 5.412, 5.321, 6.684, 6.466, 6.074, 7.444, 7.032, 8.088, 6.449, 6.049, 6.62, 5.928, 4.442, 4.636, 4.929, 8.072, 11.755, 11.486, 11.921, 11.948, 11.629, 11.321, 10.966], [9.855, 6.523, 7.467, 6.065, 5.783, 5.244, 5.444, 6.668, 6.925, 8.339, 6.154, 5.107, 4.192, 1.806, 1.885, 1.376, 1.263, 1.787, 1.526, 1.241, 0.0, 2.066, 3.998, 6.347, 7.804, 7.84, 7.98, 6.641, 7.485, 4.788, 5.629, 5.842, 7.344, 7.125, 6.64, 7.868, 7.577, 8.244, 6.703, 6.787, 7.328, 6.678, 5.188, 4.917, 5.273, 7.922, 11.051, 10.766, 11.187, 11.222, 10.895, 10.613, 10.157], [8.053, 5.725, 6.46, 5.204, 5.727, 5.463, 5.84, 7.382, 7.042, 6.451, 4.571, 3.467, 2.505, 1.414, 1.2, 1.562, 3.188, 3.605, 3.137, 2.996, 2.066, 0.0, 2.142, 4.581, 5.928, 6.075, 6.099, 4.782, 5.597, 4.053, 5.63, 5.727, 7.718, 7.318, 6.773, 7.669, 7.529, 7.979, 6.549, 6.901, 7.626, 6.943, 5.491, 4.885, 5.303, 7.449, 9.246, 8.956, 9.362, 9.387, 9.016, 8.766, 8.238], [6.239, 4.644, 5.208, 4.043, 4.794, 5.306, 5.903, 7.814, 6.346, 4.531, 3.354, 2.504, 1.873, 2.837, 2.451, 3.203, 5.16, 5.533, 4.852, 4.696, 3.998, 2.142, 0.0, 2.687, 3.986, 4.274, 4.129, 2.974, 3.549, 3.214, 4.967, 4.821, 7.579, 7.149, 6.451, 6.549, 6.68, 6.952, 5.644, 6.23, 7.204, 6.764, 5.435, 4.318, 5.078, 6.213, 7.335, 7.188, 7.461, 7.543, 7.062, 6.845, 6.478], [4.23, 2.777, 3.14, 2.388, 4.263, 6.219, 7.553, 9.587, 6.082, 2.457, 1.65, 2.23, 3.133, 5.149, 4.727, 5.47, 7.509, 7.862, 7.137, 6.995, 6.347, 4.581, 2.687, 0.0, 1.677, 2.086, 1.924, 1.62, 2.132, 3.331, 4.711, 5.217, 8.27, 8.0, 7.1, 5.241, 6.009, 5.427, 4.643, 6.147, 7.418, 7.336, 6.354, 4.848, 5.433, 4.112, 5.21, 5.096, 5.302, 5.425, 4.936, 4.722, 4.539], [2.949, 2.477, 2.258, 2.736, 4.827, 7.252, 8.927, 10.901, 6.73, 1.37, 1.972, 3.198, 4.19, 6.6, 6.165, 6.948, 8.978, 9.326, 8.598, 8.469, 7.804, 5.928, 3.986, 1.677, 0.0, 0.768, 0.965, 1.793, 2.426, 4.009, 5.558, 6.525, 9.05, 9.133, 8.343, 5.407, 6.881, 5.332, 4.829, 7.074, 8.053, 8.489, 7.535, 5.999, 6.194, 3.768, 3.733, 3.556, 3.772, 3.864, 3.555, 3.319, 3.346], [3.157, 2.219, 1.866, 2.559, 4.561, 7.263, 8.908, 10.91, 6.54, 1.521, 2.122, 3.429, 4.391, 6.634, 6.254, 6.994, 9.019, 9.356, 8.633, 8.484, 7.84, 6.075, 4.274, 2.086, 0.768, 0.0, 1.091, 2.109, 2.872, 3.891, 5.52, 6.552, 8.981, 9.024, 8.304, 5.091, 6.788, 4.954, 4.389, 6.955, 7.837, 8.463, 7.511, 5.989, 6.124, 3.384, 3.508, 3.343, 3.649, 3.767, 3.505, 3.249, 3.524], [2.973, 2.417, 1.935, 2.774, 4.887, 7.387, 9.061, 11.055, 6.761, 1.304, 2.114, 3.481, 4.447, 6.78, 6.311, 7.111, 9.151, 9.498, 8.765, 8.639, 7.98, 6.099, 4.129, 1.924, 0.965, 1.091, 0.0, 1.979, 2.736, 4.182, 5.751, 6.687, 9.162, 9.218, 8.475, 4.918, 6.89, 4.732, 4.34, 7.01, 8.1, 8.571, 7.653, 6.121, 6.321, 3.249, 3.621, 3.484, 3.732, 3.798, 3.48, 3.326, 3.37], [4.114, 3.101, 3.251, 3.108, 4.439, 6.31, 7.742, 9.773, 6.532, 2.5, 2.133, 2.258, 3.133, 5.446, 4.982, 5.785, 7.819, 8.154, 7.431, 7.281, 6.641, 4.782, 2.974, 1.62, 1.793, 2.109, 1.979, 0.0, 1.793, 3.126, 5.13, 5.709, 8.161, 8.18, 7.442, 6.169, 6.719, 6.234, 5.211, 6.434, 7.353, 7.408, 6.426, 4.951, 5.342, 4.653, 5.038, 4.832, 5.13, 5.168, 4.89, 4.754, 4.55], [4.152, 4.059, 4.348, 4.036, 5.583, 7.369, 8.828, 10.764, 7.575, 2.892, 2.95, 3.048, 3.93, 6.287, 5.814, 6.634, 8.654, 9.014, 8.309, 8.167, 7.485, 5.597, 3.549, 2.132, 2.426, 2.872, 2.736, 1.793, 0.0, 4.472, 6.09, 6.499, 9.428, 9.365, 8.534, 6.997, 7.725, 7.149, 6.209, 7.525, 8.602, 8.512, 7.523, 6.041, 6.592, 5.773, 5.863, 5.737, 5.8, 5.833, 5.364, 5.009, 4.694], [6.742, 4.183, 4.033, 2.743, 2.228, 3.803, 5.405, 7.393, 4.139, 4.897, 3.655, 3.604, 3.232, 3.875, 3.686, 4.083, 5.609, 5.864, 5.18, 5.074, 4.788, 4.053, 3.214, 3.331, 4.009, 3.891, 4.182, 3.126, 4.472, 0.0, 3.16, 4.144, 5.585, 5.654, 5.081, 4.982, 5.119, 5.146, 3.373, 3.986, 4.623, 4.961, 4.012, 2.672, 2.919, 4.327, 6.935, 6.711, 7.168, 7.23, 7.147, 6.956, 7.14], [7.667, 4.121, 4.988, 3.169, 1.728, 2.328, 3.763, 5.573, 2.196, 6.17, 4.534, 4.709, 4.608, 5.282, 5.585, 5.373, 5.603, 5.734, 5.26, 5.412, 5.629, 5.63, 4.967, 4.711, 5.558, 5.52, 5.751, 5.13, 6.09, 3.16, 0.0, 1.957, 4.103, 3.811, 3.02, 2.689, 2.47, 4.101, 2.412, 2.373, 3.518, 3.603, 2.849, 2.376, 2.028, 4.689, 8.719, 8.441, 8.859, 8.883, 8.682, 8.368, 8.071], [8.965, 5.448, 6.15, 4.22, 2.652, 2.441, 2.653, 4.672, 2.694, 7.221, 5.519, 5.225, 4.966, 5.267, 5.468, 5.369, 5.783, 5.674, 5.103, 5.321, 5.842, 5.727, 4.821, 5.217, 6.525, 6.552, 6.687, 5.709, 6.499, 4.144, 1.957, 0.0, 3.848, 3.626, 2.726, 3.078, 2.253, 4.809, 3.411, 2.245, 3.388, 3.093, 2.587, 2.638, 2.609, 5.786, 9.833, 9.585, 10.012, 10.038, 9.71, 9.443, 9.356], [11.474, 8.071, 8.464, 6.674, 4.698, 2.494, 2.07, 2.497, 2.928, 9.807, 8.402, 8.311, 7.833, 6.745, 7.116, 6.989, 6.981, 6.626, 6.26, 6.684, 7.344, 7.718, 7.579, 8.27, 9.05, 8.981, 9.162, 8.161, 9.428, 5.585, 4.103, 3.848, 0.0, 1.194, 2.062, 5.124, 3.485, 6.88, 5.629, 2.508, 1.612, 1.369, 2.612, 3.529, 3.288, 8.088, 12.185, 11.952, 12.41, 12.439, 12.195, 11.961, 11.962], [11.323, 7.631, 8.563, 6.643, 4.734, 2.528, 2.104, 2.498, 2.784, 9.645, 7.811, 7.662, 7.218, 6.539, 6.9, 6.815, 6.783, 6.441, 6.096, 6.466, 7.125, 7.318, 7.149, 8.0, 9.133, 9.024, 9.218, 8.18, 9.365, 5.654, 3.811, 3.626, 1.194, 0.0, 1.343, 4.835, 2.829, 6.845, 5.623, 2.354, 1.931, 1.379, 2.837, 3.382, 3.501, 8.154, 12.255, 12.039, 12.471, 12.495, 12.144, 11.859, 11.512], [10.375, 6.759, 7.734, 5.923, 4.07, 2.578, 2.091, 3.052, 2.295, 8.882, 6.863, 6.543, 6.102, 6.108, 6.487, 6.168, 6.348, 6.204, 5.773, 6.074, 6.64, 6.773, 6.451, 7.1, 8.343, 8.304, 8.475, 7.442, 8.534, 5.081, 3.02, 2.726, 2.062, 1.343, 0.0, 4.181, 2.047, 6.103, 4.847, 1.803, 2.145, 1.628, 2.681, 2.967, 2.992, 7.382, 11.476, 11.191, 11.625, 11.649, 11.381, 11.188, 10.689], [6.902, 4.253, 4.317, 3.187, 2.96, 4.18, 4.993, 6.784, 3.276, 5.231, 4.851, 6.204, 6.757, 7.346, 7.448, 7.407, 7.933, 7.883, 7.278, 7.444, 7.868, 7.669, 6.549, 5.241, 5.407, 5.091, 4.918, 6.169, 6.997, 4.982, 2.689, 3.078, 5.124, 4.835, 4.181, 0.0, 2.541, 2.215, 2.26, 3.072, 4.189, 4.465, 3.809, 3.517, 3.432, 3.591, 7.53, 7.321, 7.781, 7.81, 7.411, 7.201, 7.227], [8.76, 5.251, 6.111, 4.443, 3.28, 3.377, 3.498, 4.861, 2.407, 7.324, 5.747, 6.186, 6.365, 7.012, 7.253, 7.01, 7.511, 7.372, 6.839, 7.032, 7.577, 7.529, 6.68, 6.009, 6.881, 6.788, 6.89, 6.719, 7.725, 5.119, 2.47, 2.253, 3.485, 2.829, 2.047, 2.541, 0.0, 4.466, 3.332, 2.123, 3.139, 2.824, 3.314, 3.42, 3.323, 5.58, 9.695, 9.481, 9.914, 10.002, 9.782, 9.598, 9.185], [6.333, 4.368, 3.954, 3.277, 3.628, 5.844, 6.865, 8.706, 4.857, 5.007, 5.098, 6.495, 7.007, 7.632, 7.798, 7.661, 8.491, 8.676, 8.041, 8.088, 8.244, 7.979, 6.952, 5.427, 5.332, 4.954, 4.732, 6.234, 7.149, 5.146, 4.101, 4.809, 6.88, 6.845, 6.103, 2.215, 4.466, 0.0, 2.112, 4.779, 5.867, 6.307, 5.36, 4.097, 4.342, 2.652, 5.68, 5.682, 6.214, 6.326, 6.018, 6.193, 6.562], [6.742, 3.714, 3.478, 2.463, 1.871, 4.221, 5.57, 7.47, 3.336, 5.104, 4.522, 5.304, 5.553, 6.14, 6.291, 6.111, 6.853, 6.983, 6.444, 6.449, 6.703, 6.549, 5.644, 4.643, 4.829, 4.389, 4.34, 5.211, 6.209, 3.373, 2.412, 3.411, 5.629, 5.623, 4.847, 2.26, 3.332, 2.112, 0.0, 3.508, 4.444, 5.095, 4.103, 2.967, 2.758, 2.84, 6.713, 6.513, 7.028, 7.074, 6.808, 6.777, 7.114], [9.491, 5.974, 6.5, 4.602, 2.641, 1.884, 2.411, 4.258, 1.532, 7.658, 6.353, 6.665, 6.328, 6.129, 6.368, 6.325, 6.485, 6.274, 5.701, 6.049, 6.787, 6.901, 6.23, 6.147, 7.074, 6.955, 7.01, 6.434, 7.525, 3.986, 2.373, 2.245, 2.508, 2.354, 1.803, 3.072, 2.123, 4.779, 3.508, 0.0, 1.462, 1.69, 2.025, 2.201, 2.282, 5.934, 10.114, 9.905, 10.345, 10.377, 10.035, 9.794, 9.855], [10.667, 7.239, 7.39, 5.576, 3.413, 2.338, 2.439, 3.601, 2.254, 8.779, 7.682, 7.825, 7.446, 6.648, 6.916, 6.937, 6.976, 6.682, 6.199, 6.62, 7.328, 7.626, 7.204, 7.418, 8.053, 7.837, 8.1, 7.353, 8.602, 4.623, 3.518, 3.388, 1.612, 1.931, 2.145, 4.189, 3.139, 5.867, 4.444, 1.462, 0.0, 1.242, 2.489, 3.042, 2.823, 6.804, 10.979, 10.768, 11.212, 11.243, 10.968, 10.735, 11.072], [10.996, 7.488, 8.123, 6.061, 4.144, 1.805, 1.702, 3.01, 2.624, 9.243, 7.696, 7.622, 7.175, 6.004, 6.342, 6.254, 6.322, 6.042, 5.545, 5.928, 6.678, 6.943, 6.764, 7.336, 8.489, 8.463, 8.571, 7.408, 8.512, 4.961, 3.603, 3.093, 1.369, 1.379, 1.628, 4.465, 2.824, 6.307, 5.095, 1.69, 1.242, 0.0, 1.863, 2.657, 2.819, 7.527, 11.724, 11.509, 11.948, 11.971, 11.651, 11.418, 11.37], [9.992, 6.492, 7.11, 5.068, 3.199, 1.646, 1.922, 3.587, 3.136, 8.23, 6.674, 6.458, 5.992, 4.437, 4.908, 4.689, 4.815, 4.697, 4.228, 4.442, 5.188, 5.491, 5.435, 6.354, 7.535, 7.511, 7.653, 6.426, 7.523, 4.012, 2.849, 2.587, 2.612, 2.837, 2.681, 3.809, 3.314, 5.36, 4.103, 2.025, 2.489, 1.863, 0.0, 1.713, 1.804, 6.59, 10.75, 10.547, 10.988, 11.012, 10.658, 10.456, 10.386], [8.486, 5.007, 5.614, 3.572, 2.201, 2.183, 3.187, 5.055, 3.079, 6.729, 5.198, 5.068, 4.611, 4.199, 4.392, 4.348, 5.086, 5.206, 4.569, 4.636, 4.917, 4.885, 4.318, 4.848, 5.999, 5.989, 6.121, 4.951, 6.041, 2.672, 2.376, 2.638, 3.529, 3.382, 2.967, 3.517, 3.42, 4.097, 2.967, 2.201, 3.042, 2.657, 1.713, 0.0, 1.317, 5.054, 9.235, 9.026, 9.47, 9.496, 9.154, 8.928, 8.869], [8.484, 5.212, 5.503, 3.817, 2.165, 2.105, 3.135, 5.034, 2.767, 6.978, 5.563, 5.292, 4.939, 4.701, 4.948, 4.634, 5.29, 5.397, 4.837, 4.929, 5.273, 5.303, 5.078, 5.433, 6.194, 6.124, 6.321, 5.342, 6.592, 2.919, 2.028, 2.609, 3.288, 3.501, 2.992, 3.432, 3.323, 4.342, 2.758, 2.282, 2.823, 2.819, 1.804, 1.317, 0.0, 5.07, 9.199, 8.912, 9.296, 9.381, 9.288, 9.155, 9.086], [5.096, 3.006, 2.207, 2.601, 3.738, 6.44, 8.049, 10.001, 5.47, 3.848, 3.878, 5.384, 6.121, 7.073, 7.188, 7.131, 8.553, 8.773, 8.123, 8.072, 7.922, 7.449, 6.213, 4.112, 3.768, 3.384, 3.249, 4.653, 5.773, 4.327, 4.689, 5.786, 8.088, 8.154, 7.382, 3.591, 5.58, 2.652, 2.84, 5.934, 6.804, 7.527, 6.59, 5.054, 5.07, 0.0, 4.27, 4.169, 4.819, 5.035, 5.114, 5.244, 5.635], [2.701, 5.063, 3.786, 5.768, 7.674, 10.507, 12.149, 14.095, 9.544, 3.443, 5.203, 6.531, 7.345, 9.885, 9.518, 10.112, 12.238, 12.624, 11.907, 11.755, 11.051, 9.246, 7.335, 5.21, 3.733, 3.508, 3.621, 5.038, 5.863, 6.935, 8.719, 9.833, 12.185, 12.255, 11.476, 7.53, 9.695, 5.68, 6.713, 10.114, 10.979, 11.724, 10.75, 9.235, 9.199, 4.27, 0.0, 0.681, 1.043, 1.406, 1.725, 2.137, 2.653], [2.395, 4.721, 3.521, 5.514, 7.438, 10.288, 11.891, 13.829, 9.304, 3.272, 4.864, 6.162, 7.008, 9.61, 9.258, 9.818, 11.912, 12.349, 11.668, 11.486, 10.766, 8.956, 7.188, 5.096, 3.556, 3.343, 3.484, 4.832, 5.737, 6.711, 8.441, 9.585, 11.952, 12.039, 11.191, 7.321, 9.481, 5.682, 6.513, 9.905, 10.768, 11.509, 10.547, 9.026, 8.912, 4.169, 0.681, 0.0, 0.818, 1.128, 1.507, 1.92, 2.507], [2.402, 5.156, 3.967, 5.943, 7.875, 10.727, 12.331, 14.258, 9.746, 3.424, 5.268, 6.431, 7.346, 10.037, 9.674, 10.241, 12.34, 12.772, 12.106, 11.921, 11.187, 9.362, 7.461, 5.302, 3.772, 3.649, 3.732, 5.13, 5.8, 7.168, 8.859, 10.012, 12.41, 12.471, 11.625, 7.781, 9.914, 6.214, 7.028, 10.345, 11.212, 11.948, 10.988, 9.47, 9.296, 4.819, 1.043, 0.818, 0.0, 0.67, 1.175, 1.76, 2.224], [2.536, 5.201, 4.007, 5.972, 7.909, 10.754, 12.355, 14.282, 9.77, 3.494, 5.259, 6.494, 7.439, 10.057, 9.713, 10.277, 12.378, 12.81, 12.132, 11.948, 11.222, 9.387, 7.543, 5.425, 3.864, 3.767, 3.798, 5.168, 5.833, 7.23, 8.883, 10.038, 12.439, 12.495, 11.649, 7.81, 10.002, 6.326, 7.074, 10.377, 11.243, 11.971, 11.012, 9.496, 9.381, 5.035, 1.406, 1.128, 0.67, 0.0, 0.953, 1.52, 2.042], [2.31, 5.033, 4.003, 5.636, 7.646, 10.436, 12.077, 13.985, 9.595, 2.944, 4.849, 6.164, 7.258, 9.707, 9.301, 10.022, 12.066, 12.474, 11.801, 11.629, 10.895, 9.016, 7.062, 4.936, 3.555, 3.505, 3.48, 4.89, 5.364, 7.147, 8.682, 9.71, 12.195, 12.144, 11.381, 7.411, 9.782, 6.018, 6.808, 10.035, 10.968, 11.651, 10.658, 9.154, 9.288, 5.114, 1.725, 1.507, 1.175, 0.953, 0.0, 0.852, 1.579], [2.164, 4.796, 3.972, 5.423, 7.419, 10.124, 11.838, 13.76, 9.41, 2.77, 4.585, 5.91, 7.02, 9.421, 8.99, 9.79, 11.784, 12.151, 11.462, 11.321, 10.613, 8.766, 6.845, 4.722, 3.319, 3.249, 3.326, 4.754, 5.009, 6.956, 8.368, 9.443, 11.961, 11.859, 11.188, 7.201, 9.598, 6.193, 6.777, 9.794, 10.735, 11.418, 10.456, 8.928, 9.155, 5.244, 2.137, 1.92, 1.76, 1.52, 0.852, 0.0, 1.513], [1.416, 4.335, 4.249, 5.606, 7.83, 9.981, 11.549, 13.291, 9.211, 2.477, 4.121, 5.302, 6.422, 9.012, 8.693, 9.292, 11.323, 11.719, 11.137, 10.966, 10.157, 8.238, 6.478, 4.539, 3.346, 3.524, 3.37, 4.55, 4.694, 7.14, 8.071, 9.356, 11.962, 11.512, 10.689, 7.227, 9.185, 6.562, 7.114, 9.855, 11.072, 11.37, 10.386, 8.869, 9.086, 5.635, 2.653, 2.507, 2.224, 2.042, 1.579, 1.513, 0.0]]