[[0.0, 1.292, 2.065, 5.514, 5.453, 5.008, 4.56, 3.524, 2.596, 3.309, 4.267, 5.064, 6.775, 10.543, 11.806, 9.988, 10.568, 12.597, 13.625, 13.513, 14.678, 16.676, 17.322, 16.801, 16.416, 16.014, 14.603, 13.824, 10.461, 5.182, 2.45, 1.685, 1.837, 2.435, 3.095, 2.122, 2.472, 2.291, 2.754, 3.272, 2.455, 1.954, 1.806, 1.578, 3.005, 2.265, 2.711, 3.071, 3.22, 3.781, 6.457, 7.83, 5.622, 3.144, 3.542, 4.959, 5.356, 5.785, 6.14, 6.252, 7.995, 8.306, 8.219, 8.327, 7.177, 7.142, 5.638, 5.56, 5.683, 3.943, 3.2, 3.625, 3.947, 3.897, 3.054, 3.538, 6.064, 7.164, 5.484, 5.636, 5.896, 4.9, 2.498, 1.798, 1.439, 2.368, 2.526, 3.998, 2.578, 2.198, 2.272, 2.631, 7.673, 10.546, 11.084, 10.648, 10.031, 9.889, 10.231, 10.63, 10.646, 10.472, 9.433, 8.571, 7.548, 5.933, 5.278, 5.73, 5.456, 5.578, 5.517, 5.668, 5.137, 4.58, 3.67, 3.111, 3.012, 3.483, 3.078, 3.081, 4.18, 4.234, 4.878, 6.885, 7.975, 7.208, 6.496, 7.341, 7.084, 7.194, 8.326, 9.002, 8.771, 8.538, 8.793, 10.459, 12.964, 14.998, 14.347, 12.956, 12.942, 7.956, 3.74, 2.543, 4.028, 5.11, 4.66, 3.74, 3.5, 3.967, 3.45, 4.419, 3.917, 4.233, 4.827, 4.387, 3.647, 2.682, 4.12, 6.992, 10.075, 11.123, 11.38, 12.6, 13.847, 14.214, 15.031, 17.298, 18.038, 17.108, 16.111, 16.427, 17.35, 17.383, 17.948, 18.631, 18.064, 15.637, 12.266, 7.602, 3.5, 2.861, 3.359, 2.579, 2.226, 1.591, 2.568, 2.21, 5.046, 7.515, 4.81, 3.254, 3.287, 3.636, 3.322, 3.18, 3.311, 3.631, 3.466, 2.973, 2.42, 2.588, 2.802, 3.509, 3.765, 4.27], [1.292, 0.0, 2.562, 6.14, 6.1, 5.563, 5.168, 4.547, 3.626, 4.296, 4.875, 5.694, 7.402, 11.159, 12.422, 10.771, 11.217, 13.289, 14.264, 14.164, 15.294, 17.292, 17.938, 17.418, 17.032, 16.587, 15.219, 14.44, 11.542, 6.246, 3.477, 2.536, 2.031, 2.436, 2.514, 1.878, 2.499, 2.454, 2.8, 3.048, 2.284, 1.881, 2.247, 1.999, 2.828, 2.613, 3.076, 3.153, 3.476, 4.083, 7.083, 8.446, 6.244, 4.037, 4.282, 5.733, 6.262, 6.715, 6.953, 7.178, 8.82, 9.188, 9.12, 9.242, 7.812, 7.767, 6.527, 6.264, 6.319, 4.816, 4.252, 4.511, 4.967, 4.829, 4.144, 4.417, 6.703, 7.8, 6.1, 6.252, 6.603, 5.568, 2.943, 2.146, 2.118, 3.102, 3.527, 5.123, 3.682, 3.072, 2.917, 2.76, 7.223, 10.071, 10.479, 9.878, 9.428, 9.324, 9.624, 10.049, 10.075, 9.901, 8.926, 8.072, 7.07, 5.363, 4.805, 5.235, 5.121, 5.09, 4.908, 5.197, 4.695, 4.185, 3.559, 2.804, 3.182, 3.895, 3.669, 3.703, 4.51, 4.68, 5.389, 7.438, 8.597, 7.803, 7.036, 7.995, 7.668, 7.843, 8.966, 9.638, 9.398, 9.168, 9.43, 11.135, 13.58, 15.614, 14.955, 13.572, 13.558, 8.574, 4.647, 3.324, 4.651, 5.724, 5.469, 4.751, 4.319, 4.772, 4.467, 5.234, 4.735, 4.738, 5.43, 5.199, 4.302, 3.132, 3.536, 6.565, 9.517, 10.444, 10.912, 12.149, 13.322, 13.687, 14.473, 16.761, 17.489, 16.556, 15.61, 15.947, 16.84, 16.932, 17.487, 18.18, 17.526, 15.068, 11.667, 7.013, 3.262, 2.7, 2.972, 2.547, 2.712, 2.319, 2.706, 2.454, 5.697, 8.131, 5.582, 4.271, 4.209, 4.416, 3.839, 3.498, 3.47, 3.983, 3.884, 3.426, 2.9, 2.938, 3.183, 3.952, 4.148, 4.877], [2.065, 2.562, 0.0, 3.654, 3.955, 4.032, 3.545, 3.102, 2.403, 3.013, 3.368, 3.724, 5.296, 8.713, 9.909, 8.463, 9.024, 11.059, 12.025, 11.876, 12.835, 14.848, 15.451, 14.873, 14.698, 14.668, 12.869, 11.961, 9.785, 4.638, 2.35, 1.655, 2.275, 3.363, 4.394, 3.178, 2.812, 2.871, 3.787, 4.447, 3.601, 2.617, 2.146, 2.944, 4.732, 3.5, 2.688, 2.803, 2.597, 2.938, 4.753, 5.997, 3.993, 2.699, 2.636, 3.614, 4.122, 4.678, 4.814, 5.101, 6.655, 7.286, 7.22, 7.145, 5.561, 5.305, 4.302, 4.464, 4.298, 3.004, 2.701, 2.887, 3.234, 3.024, 2.32, 2.509, 4.429, 5.544, 3.793, 3.804, 4.238, 3.439, 2.194, 2.985, 2.509, 2.77, 2.197, 3.461, 2.525, 2.773, 2.806, 4.275, 9.447, 12.26, 12.737, 11.844, 11.725, 11.747, 12.06, 12.486, 12.512, 12.338, 11.215, 10.298, 9.349, 7.653, 6.896, 7.395, 7.141, 7.157, 6.835, 7.14, 6.757, 6.309, 5.405, 4.533, 4.294, 4.363, 3.44, 2.8, 3.544, 3.353, 4.123, 5.498, 6.305, 5.616, 5.156, 5.727, 5.647, 5.432, 6.639, 7.355, 7.17, 6.853, 7.211, 8.892, 11.203, 13.169, 12.636, 11.199, 11.092, 6.382, 2.554, 2.003, 2.372, 3.536, 3.946, 3.263, 2.991, 3.213, 3.112, 3.231, 2.834, 2.87, 3.295, 3.059, 2.196, 2.049, 4.725, 8.516, 11.46, 12.416, 12.938, 14.4, 15.666, 16.044, 16.878, 19.106, 19.91, 18.937, 17.932, 18.243, 19.176, 19.037, 19.548, 20.408, 19.903, 17.466, 14.103, 9.376, 5.219, 4.476, 5.034, 3.921, 3.093, 1.872, 2.955, 2.307, 3.426, 5.708, 3.356, 2.422, 2.438, 3.777, 3.448, 3.509, 3.518, 3.393, 3.456, 3.206, 2.557, 2.815, 2.629, 2.841, 3.075, 3.633], [5.514, 6.14, 3.654, 0.0, 1.993, 2.826, 2.205, 2.526, 3.658, 3.187, 2.611, 1.748, 3.019, 5.73, 6.422, 5.718, 6.163, 7.755, 8.963, 8.585, 9.475, 11.578, 11.878, 11.317, 11.387, 11.426, 9.422, 8.66, 7.467, 3.303, 4.069, 4.46, 5.04, 6.461, 7.706, 6.474, 5.332, 5.422, 6.998, 7.822, 7.006, 5.602, 4.757, 6.284, 8.187, 6.763, 4.826, 4.529, 4.122, 2.757, 2.344, 2.909, 1.937, 2.976, 2.689, 2.465, 2.456, 2.652, 2.601, 3.099, 4.044, 4.86, 4.73, 4.673, 2.786, 2.359, 1.911, 2.904, 2.546, 2.241, 3.183, 2.803, 2.279, 2.106, 3.087, 2.48, 2.444, 2.863, 1.637, 1.457, 2.003, 2.0, 4.091, 6.179, 5.731, 5.968, 4.248, 2.502, 3.557, 5.205, 5.518, 7.651, 12.996, 15.77, 16.282, 15.281, 15.273, 15.303, 15.61, 16.036, 16.062, 15.888, 14.766, 13.848, 12.896, 11.226, 10.352, 10.895, 10.608, 10.624, 10.212, 10.509, 10.266, 9.856, 8.669, 8.034, 7.669, 6.633, 4.814, 3.489, 3.024, 2.877, 2.939, 3.363, 3.916, 3.495, 3.179, 3.445, 3.535, 3.038, 3.685, 4.367, 4.177, 3.874, 4.191, 5.73, 7.717, 9.704, 9.262, 7.726, 7.569, 3.294, 2.113, 3.329, 1.747, 1.563, 3.031, 2.889, 2.726, 2.538, 3.242, 2.221, 2.078, 2.102, 1.592, 1.7, 2.109, 3.932, 7.643, 11.835, 14.815, 15.874, 16.45, 17.941, 19.222, 19.599, 20.433, 22.654, 23.464, 22.485, 21.487, 21.799, 22.729, 22.569, 23.054, 23.941, 23.454, 21.022, 17.654, 12.928, 8.632, 7.789, 8.468, 7.274, 6.22, 4.954, 5.633, 5.127, 1.947, 2.744, 1.623, 2.587, 2.679, 3.623, 4.732, 6.144, 5.347, 4.016, 4.099, 5.088, 5.197, 5.273, 3.838, 3.364, 3.105, 2.725], [5.453, 6.1, 3.955, 1.993, 0.0, 1.362, 1.413, 2.62, 3.827, 3.403, 2.383, 1.675, 2.246, 5.503, 6.387, 5.326, 5.546, 7.252, 8.366, 8.144, 9.308, 11.251, 11.869, 11.363, 11.005, 10.815, 9.22, 8.411, 6.806, 2.8, 4.245, 4.499, 5.174, 6.836, 8.083, 6.781, 5.806, 5.659, 7.143, 7.883, 7.054, 5.721, 4.898, 6.316, 8.162, 6.716, 4.804, 4.711, 4.56, 3.053, 1.665, 2.511, 1.116, 2.794, 2.818, 2.538, 3.05, 2.86, 2.478, 2.891, 3.643, 4.253, 4.038, 4.254, 2.121, 2.42, 3.061, 3.917, 3.217, 2.994, 3.7, 3.36, 2.487, 2.557, 3.877, 3.394, 1.889, 2.121, 1.641, 1.858, 2.193, 2.055, 4.286, 6.133, 5.683, 5.99, 4.472, 2.035, 3.52, 5.168, 5.472, 7.605, 12.951, 15.767, 16.246, 15.436, 15.23, 15.255, 15.569, 15.99, 16.016, 15.842, 14.741, 13.811, 12.883, 11.197, 10.427, 10.928, 10.641, 10.705, 10.483, 10.776, 10.294, 9.82, 8.623, 7.993, 7.633, 6.677, 4.841, 3.485, 2.829, 2.256, 2.21, 2.247, 2.971, 2.492, 2.067, 2.532, 2.796, 2.335, 3.051, 3.714, 3.489, 3.198, 3.523, 5.133, 7.551, 9.545, 8.987, 7.533, 7.488, 2.85, 3.117, 3.506, 2.469, 1.504, 1.521, 2.343, 2.394, 2.211, 3.061, 2.063, 1.973, 2.292, 1.731, 2.29, 2.823, 4.608, 8.007, 12.011, 15.118, 16.052, 16.509, 17.924, 19.174, 19.551, 20.4, 22.63, 23.421, 22.456, 21.463, 21.771, 22.683, 22.603, 23.145, 23.934, 23.41, 20.974, 17.608, 12.89, 8.598, 7.83, 8.472, 7.264, 6.332, 5.07, 5.787, 5.659, 3.42, 2.678, 2.671, 3.107, 2.973, 3.386, 4.742, 6.337, 5.546, 4.04, 3.941, 5.212, 5.417, 5.627, 4.215, 3.788, 3.333, 2.233], [5.008, 5.563, 4.032, 2.826, 1.362, 0.0, 1.158, 2.16, 3.541, 3.152, 2.033, 1.883, 2.38, 5.808, 7.039, 5.567, 5.949, 8.079, 9.039, 8.923, 10.03, 11.948, 12.537, 12.071, 11.645, 11.472, 9.854, 9.075, 6.974, 2.913, 3.91, 4.142, 4.597, 6.286, 7.517, 6.344, 5.679, 5.294, 6.712, 7.359, 6.493, 5.486, 4.547, 5.98, 7.539, 6.1, 4.273, 4.45, 4.216, 2.854, 1.852, 3.052, 1.438, 2.558, 2.549, 2.637, 3.31, 3.07, 2.669, 3.162, 3.932, 4.348, 4.164, 4.488, 2.652, 2.995, 3.42, 4.08, 3.304, 3.225, 3.712, 3.413, 2.668, 2.839, 4.27, 3.693, 2.062, 2.436, 2.15, 2.29, 2.394, 2.093, 3.685, 5.454, 5.055, 5.824, 4.511, 1.968, 3.217, 4.578, 4.764, 6.897, 12.344, 15.143, 15.594, 14.819, 14.562, 14.552, 14.876, 15.282, 15.309, 15.134, 14.088, 13.227, 12.207, 10.584, 9.855, 10.279, 10.093, 10.097, 9.865, 10.21, 9.723, 9.249, 7.914, 7.367, 6.998, 6.126, 4.233, 2.883, 2.472, 1.716, 1.6, 2.215, 3.24, 2.577, 1.849, 2.81, 2.802, 2.834, 3.566, 4.199, 3.959, 3.734, 4.006, 5.833, 8.179, 10.213, 9.568, 8.17, 8.156, 3.333, 3.501, 3.606, 2.729, 1.867, 1.342, 2.22, 2.117, 1.914, 2.664, 2.064, 1.969, 2.376, 1.862, 2.727, 3.107, 4.311, 7.449, 11.477, 14.517, 15.463, 15.947, 17.272, 18.502, 18.876, 19.715, 21.963, 22.718, 21.777, 20.781, 21.103, 22.017, 22.06, 22.606, 23.298, 22.727, 20.298, 16.911, 12.263, 8.075, 7.474, 7.942, 7.048, 6.186, 4.872, 5.242, 5.487, 3.789, 3.025, 2.982, 3.445, 3.169, 2.951, 4.304, 5.874, 5.074, 3.486, 3.349, 4.679, 4.9, 5.036, 3.573, 3.161, 2.794, 1.563], [4.56, 5.168, 3.545, 2.205, 1.413, 1.158, 0.0, 1.665, 3.008, 2.623, 1.556, 1.278, 2.717, 6.188, 7.35, 5.925, 6.203, 8.236, 9.276, 9.119, 10.333, 12.282, 12.803, 12.388, 11.911, 11.738, 10.185, 9.418, 7.373, 2.863, 3.593, 3.782, 4.23, 5.9, 7.171, 5.872, 5.011, 4.787, 6.15, 6.858, 6.096, 4.824, 3.97, 5.4, 7.154, 5.694, 3.814, 3.819, 3.582, 2.267, 2.085, 3.321, 1.236, 1.975, 2.192, 2.227, 2.776, 2.842, 2.723, 2.943, 4.106, 4.695, 4.563, 4.853, 2.76, 2.819, 2.896, 3.46, 2.814, 2.551, 3.085, 2.777, 2.254, 2.391, 3.748, 3.109, 2.166, 2.814, 1.694, 1.851, 1.998, 1.802, 3.282, 5.108, 4.762, 5.456, 3.978, 1.804, 2.745, 4.157, 4.447, 6.582, 11.962, 14.754, 15.244, 14.457, 14.204, 14.239, 14.542, 14.965, 14.991, 14.861, 13.779, 12.836, 11.867, 10.263, 9.47, 9.912, 9.664, 9.705, 9.494, 9.853, 9.33, 8.831, 7.597, 6.973, 6.607, 5.699, 3.833, 2.469, 2.063, 1.55, 1.465, 2.606, 3.65, 2.925, 2.312, 3.106, 2.935, 3.17, 3.95, 4.596, 4.354, 4.116, 4.394, 6.007, 8.452, 10.48, 9.859, 8.439, 8.423, 3.556, 2.866, 3.149, 2.08, 1.561, 1.575, 2.01, 1.885, 1.513, 2.218, 1.692, 1.715, 2.074, 1.501, 2.238, 2.632, 3.753, 7.071, 11.056, 14.14, 15.071, 15.548, 16.914, 18.183, 18.555, 19.393, 21.632, 22.409, 21.448, 20.443, 20.754, 21.681, 21.703, 22.184, 22.913, 22.398, 19.977, 16.582, 11.863, 7.611, 6.916, 7.461, 6.532, 5.686, 4.277, 4.753, 4.851, 3.182, 3.12, 2.341, 2.879, 2.641, 2.595, 3.896, 5.485, 4.674, 3.133, 3.022, 4.332, 4.536, 4.677, 3.236, 2.797, 2.504, 1.484], [3.524, 4.547, 3.102, 2.526, 2.62, 2.16, 1.665, 0.0, 1.655, 1.289, 1.468, 1.858, 3.533, 7.305, 8.666, 6.783, 7.375, 9.452, 10.521, 10.381, 11.649, 13.581, 14.098, 13.703, 13.157, 12.909, 11.486, 10.708, 7.55, 2.743, 2.236, 2.727, 3.525, 5.021, 6.137, 4.965, 4.522, 4.037, 5.29, 5.903, 5.201, 4.407, 3.158, 4.106, 5.83, 4.444, 2.882, 3.62, 3.335, 2.412, 3.343, 4.575, 2.375, 1.377, 1.434, 2.188, 2.799, 2.882, 3.162, 3.295, 4.9, 5.191, 5.085, 5.232, 3.994, 3.943, 2.623, 2.986, 2.886, 1.686, 1.957, 1.711, 1.226, 1.433, 2.552, 2.146, 3.016, 4.016, 2.484, 2.624, 2.671, 1.962, 2.502, 3.95, 3.454, 4.188, 2.793, 1.329, 1.629, 2.934, 3.141, 5.365, 10.789, 13.534, 14.09, 13.673, 13.013, 12.923, 13.253, 13.649, 13.681, 13.644, 12.596, 11.605, 10.659, 9.172, 8.351, 8.71, 8.503, 8.584, 8.517, 8.731, 8.141, 7.583, 6.353, 5.918, 5.571, 4.604, 2.778, 1.63, 2.345, 1.886, 1.969, 3.944, 4.956, 4.094, 3.64, 4.448, 4.216, 4.446, 5.27, 5.93, 5.57, 5.369, 5.639, 7.199, 9.688, 11.736, 11.041, 9.709, 9.704, 4.752, 2.144, 2.03, 1.845, 2.116, 1.959, 1.616, 1.238, 1.371, 1.681, 1.678, 1.469, 2.406, 1.915, 1.762, 2.201, 3.424, 6.555, 9.95, 13.055, 14.157, 14.406, 15.661, 16.88, 17.245, 18.097, 20.328, 21.107, 20.173, 19.192, 19.495, 20.382, 20.541, 21.043, 21.742, 21.094, 18.69, 15.267, 10.54, 6.274, 5.615, 6.162, 5.302, 4.383, 3.124, 3.714, 4.009, 2.679, 4.256, 1.897, 1.673, 1.626, 1.893, 2.902, 4.537, 3.901, 2.762, 2.594, 3.332, 3.632, 3.781, 2.634, 2.473, 2.427, 1.69], [2.596, 3.626, 2.403, 3.658, 3.827, 3.541, 3.008, 1.655, 0.0, 1.011, 2.257, 3.042, 4.738, 8.517, 9.878, 7.995, 8.569, 10.633, 11.713, 11.567, 12.861, 14.793, 15.31, 14.915, 14.369, 13.98, 12.698, 11.92, 8.429, 3.033, 1.477, 2.048, 2.949, 4.31, 5.399, 4.256, 3.743, 3.408, 4.554, 5.176, 4.468, 3.746, 2.451, 3.055, 4.616, 3.352, 2.595, 3.402, 3.22, 3.135, 4.594, 5.787, 3.637, 1.784, 1.712, 2.957, 3.42, 3.931, 4.247, 4.301, 6.115, 6.361, 6.27, 6.372, 5.209, 5.155, 3.654, 3.48, 3.611, 1.892, 1.289, 1.572, 1.85, 2.114, 1.606, 1.876, 4.213, 5.224, 3.443, 3.749, 3.869, 3.027, 2.235, 3.199, 2.205, 2.807, 1.787, 2.286, 1.301, 2.118, 2.156, 4.197, 9.818, 12.706, 13.248, 13.028, 12.193, 11.712, 12.069, 12.437, 12.504, 12.461, 11.485, 10.552, 9.638, 8.351, 7.551, 7.895, 7.558, 7.788, 7.752, 7.915, 7.281, 6.673, 5.266, 5.189, 4.832, 3.883, 2.738, 2.189, 3.603, 3.094, 3.339, 5.274, 6.209, 5.486, 5.075, 5.715, 5.602, 5.557, 6.496, 7.122, 6.765, 6.578, 6.849, 8.411, 10.9, 12.948, 12.245, 10.921, 10.916, 5.948, 1.978, 1.571, 2.186, 3.231, 2.952, 2.284, 2.037, 2.198, 1.723, 2.666, 2.418, 3.499, 3.102, 2.575, 2.109, 2.957, 5.996, 9.182, 12.278, 13.419, 13.545, 14.633, 15.728, 16.092, 16.918, 19.18, 19.921, 18.997, 18.112, 18.409, 19.241, 19.505, 20.058, 20.7, 19.922, 17.52, 14.066, 9.339, 5.065, 4.307, 4.902, 3.995, 3.051, 1.991, 3.122, 3.201, 3.085, 5.468, 2.834, 1.399, 1.324, 2.828, 3.142, 3.934, 3.601, 3.544, 3.298, 3.224, 3.067, 3.191, 2.718, 3.081, 3.223, 2.95], [3.309, 4.296, 3.013, 3.187, 3.403, 3.152, 2.623, 1.289, 1.011, 0.0, 1.724, 2.545, 4.219, 7.998, 9.358, 7.475, 8.049, 10.113, 11.193, 11.047, 12.341, 14.273, 14.79, 14.396, 13.85, 13.431, 12.179, 11.4, 7.867, 2.642, 1.698, 2.694, 3.616, 4.976, 6.059, 4.926, 4.34, 4.073, 5.205, 5.857, 5.131, 4.414, 3.067, 3.706, 5.127, 3.917, 2.903, 3.826, 3.579, 2.852, 4.115, 5.274, 3.123, 1.353, 1.467, 2.54, 3.005, 3.478, 3.754, 3.808, 5.602, 5.853, 5.791, 5.891, 4.697, 4.636, 3.155, 3.026, 3.099, 1.593, 1.388, 1.493, 1.391, 1.711, 1.89, 1.96, 3.807, 4.792, 2.977, 3.195, 3.35, 2.599, 2.529, 3.865, 2.735, 3.335, 2.083, 1.717, 1.15, 2.403, 2.478, 4.782, 10.396, 13.33, 13.919, 13.726, 12.87, 12.269, 12.649, 13.023, 13.093, 13.04, 12.071, 11.127, 10.208, 8.956, 8.148, 8.474, 8.159, 8.35, 8.34, 8.472, 7.816, 7.216, 5.815, 5.882, 5.539, 4.509, 3.129, 2.062, 3.191, 2.637, 2.884, 4.875, 5.808, 5.034, 4.662, 5.309, 5.164, 5.12, 6.083, 6.659, 6.294, 6.1, 6.387, 7.894, 10.38, 12.428, 11.725, 10.402, 10.396, 5.448, 1.922, 1.87, 2.109, 2.801, 2.465, 1.943, 1.574, 1.788, 1.515, 2.314, 2.127, 3.19, 2.731, 2.285, 2.161, 3.59, 6.695, 9.794, 12.852, 14.095, 14.091, 15.203, 16.335, 16.699, 17.446, 19.78, 20.44, 19.604, 18.679, 19.006, 19.822, 20.106, 20.632, 21.297, 20.529, 18.087, 14.646, 9.869, 5.612, 4.782, 5.455, 4.604, 3.516, 2.541, 3.59, 3.777, 2.766, 4.948, 2.399, 1.447, 1.336, 2.353, 3.03, 4.489, 3.936, 3.276, 2.972, 3.232, 3.591, 3.697, 2.713, 2.983, 3.02, 2.602], [4.267, 4.875, 3.368, 2.611, 2.383, 2.033, 1.556, 1.468, 2.257, 1.724, 0.0, 1.476, 3.076, 6.693, 8.01, 6.265, 6.715, 8.847, 9.879, 9.745, 10.993, 12.925, 13.442, 13.048, 12.502, 12.172, 10.831, 10.052, 7.487, 2.888, 2.99, 3.426, 3.911, 5.584, 6.863, 5.529, 4.482, 4.43, 5.8, 6.413, 5.728, 4.556, 3.286, 4.753, 6.449, 5.034, 3.258, 3.717, 3.477, 2.331, 2.854, 3.973, 1.94, 1.738, 1.731, 1.817, 2.637, 2.717, 3.002, 2.955, 4.444, 5.035, 4.916, 5.181, 3.368, 3.332, 2.715, 2.969, 2.373, 2.017, 2.646, 2.328, 1.837, 1.866, 3.188, 2.552, 2.843, 3.671, 1.76, 2.043, 2.169, 2.181, 2.963, 4.647, 4.165, 4.924, 3.625, 2.104, 2.34, 3.685, 3.824, 6.091, 11.606, 14.37, 14.761, 14.193, 13.647, 13.595, 13.975, 14.326, 14.405, 14.366, 13.362, 12.418, 11.449, 9.899, 9.17, 9.497, 9.346, 9.4, 9.184, 9.553, 8.97, 8.412, 7.083, 6.538, 6.189, 5.364, 3.404, 2.076, 2.466, 1.881, 1.936, 3.754, 4.713, 3.921, 3.494, 4.244, 3.977, 4.198, 4.961, 5.556, 5.037, 4.891, 5.237, 6.64, 9.032, 11.08, 10.377, 9.105, 9.048, 4.19, 2.393, 2.538, 2.061, 2.189, 1.904, 2.297, 1.866, 1.785, 1.909, 1.845, 1.885, 2.672, 2.069, 2.271, 2.258, 3.591, 6.844, 10.734, 13.813, 14.789, 15.234, 16.474, 17.646, 18.011, 18.774, 21.087, 21.775, 20.913, 19.966, 20.279, 21.127, 21.373, 21.875, 22.563, 21.84, 19.412, 15.971, 11.195, 6.934, 6.109, 6.79, 6.04, 4.857, 3.677, 4.025, 4.019, 2.631, 3.604, 2.113, 2.165, 1.87, 2.467, 3.585, 5.198, 4.459, 3.308, 3.042, 4.035, 4.25, 4.393, 3.054, 2.731, 2.688, 2.029], [5.064, 5.694, 3.724, 1.748, 1.675, 1.883, 1.278, 1.858, 3.042, 2.545, 1.476, 0.0, 2.259, 5.679, 6.884, 5.457, 5.763, 7.797, 8.857, 8.672, 9.868, 11.819, 12.316, 11.922, 11.388, 11.303, 9.722, 8.966, 6.957, 2.946, 3.809, 4.188, 4.709, 6.396, 7.677, 6.344, 5.119, 5.244, 6.55, 7.24, 6.569, 5.19, 4.129, 5.641, 7.575, 6.155, 4.228, 4.248, 4.018, 2.697, 1.998, 2.961, 1.209, 2.255, 2.143, 2.177, 2.71, 2.632, 2.51, 2.798, 3.738, 4.43, 4.263, 4.535, 2.409, 2.294, 2.215, 2.882, 2.443, 2.318, 3.167, 2.797, 1.768, 1.771, 3.363, 2.791, 2.197, 2.732, 1.34, 1.39, 1.73, 1.769, 3.691, 5.579, 5.153, 5.725, 4.17, 1.831, 3.037, 4.612, 4.913, 7.127, 12.507, 15.228, 15.702, 14.972, 14.67, 14.705, 15.016, 15.431, 15.457, 15.407, 14.321, 13.326, 12.413, 10.815, 9.994, 10.383, 10.167, 10.226, 9.987, 10.378, 9.834, 9.297, 8.116, 7.442, 7.085, 6.183, 4.254, 2.893, 2.45, 1.855, 1.927, 3.083, 3.987, 3.248, 2.896, 3.516, 3.433, 3.312, 4.032, 4.615, 4.165, 3.949, 4.31, 5.657, 7.916, 9.954, 9.317, 8.024, 7.922, 3.186, 2.552, 3.039, 1.94, 1.271, 1.876, 2.161, 2.071, 1.999, 2.64, 1.929, 1.568, 2.02, 1.307, 1.719, 2.218, 4.105, 7.587, 11.554, 14.626, 15.588, 16.067, 17.403, 18.65, 19.025, 19.87, 22.099, 22.886, 21.93, 20.946, 21.245, 22.159, 22.241, 22.724, 23.456, 22.876, 20.447, 17.049, 12.321, 8.012, 7.049, 7.834, 6.762, 5.614, 4.428, 4.945, 4.64, 2.393, 2.611, 2.022, 2.5, 2.357, 2.963, 4.424, 6.011, 5.193, 3.715, 3.559, 4.852, 5.056, 5.185, 3.749, 3.3, 2.919, 1.773], [6.775, 7.402, 5.296, 3.019, 2.246, 2.38, 2.717, 3.533, 4.738, 4.219, 3.076, 2.259, 0.0, 3.793, 5.14, 3.489, 4.0, 6.125, 7.13, 7.008, 8.137, 10.089, 10.572, 10.177, 9.65, 9.614, 7.965, 7.237, 4.876, 2.65, 5.244, 5.864, 6.486, 8.082, 9.356, 8.012, 6.891, 7.04, 8.308, 8.965, 8.27, 7.035, 5.925, 7.386, 9.319, 7.899, 5.954, 6.336, 6.005, 4.752, 1.769, 1.748, 2.008, 3.92, 3.623, 2.524, 3.117, 2.505, 2.108, 2.189, 2.898, 2.942, 2.383, 2.612, 1.457, 1.88, 2.766, 3.253, 2.682, 3.215, 4.224, 3.74, 2.99, 3.067, 4.5, 3.871, 1.852, 1.496, 2.176, 2.269, 1.816, 2.431, 5.376, 7.318, 6.872, 7.108, 5.49, 3.165, 4.722, 6.344, 6.657, 8.838, 14.235, 16.944, 17.446, 16.655, 16.415, 16.45, 16.75, 17.175, 17.201, 17.118, 16.051, 15.063, 14.12, 12.516, 11.712, 12.074, 11.899, 11.909, 11.671, 12.044, 11.544, 11.058, 9.826, 9.184, 8.83, 7.914, 5.964, 4.72, 4.392, 3.462, 2.884, 2.121, 3.228, 3.031, 2.601, 3.001, 3.351, 3.058, 2.652, 3.039, 2.757, 2.491, 2.659, 3.958, 6.189, 8.223, 7.587, 6.272, 6.178, 2.214, 3.537, 4.477, 3.493, 2.596, 2.515, 3.553, 3.539, 3.18, 3.766, 2.614, 3.295, 3.648, 2.942, 2.668, 3.631, 6.076, 9.345, 13.275, 16.314, 17.323, 17.768, 19.128, 20.394, 20.769, 21.613, 23.846, 24.626, 23.66, 22.659, 22.967, 23.899, 23.971, 24.462, 25.172, 24.62, 22.19, 18.793, 14.066, 9.757, 8.793, 9.578, 8.413, 7.213, 6.154, 6.662, 6.335, 3.155, 1.806, 2.718, 3.663, 3.869, 4.662, 6.123, 7.713, 6.933, 5.357, 5.256, 6.541, 6.747, 6.868, 5.43, 5.07, 4.682, 3.405], [10.543, 11.159, 8.713, 5.73, 5.503, 5.808, 6.188, 7.305, 8.517, 7.998, 6.693, 5.679, 3.793, 0.0, 1.992, 1.521, 1.445, 2.823, 3.838, 3.851, 4.618, 6.581, 6.796, 6.4, 6.29, 6.441, 4.463, 3.749, 2.796, 5.894, 8.983, 9.518, 10.132, 11.562, 12.748, 11.526, 10.281, 10.572, 11.905, 12.71, 12.027, 10.589, 9.608, 11.165, 13.099, 11.678, 9.723, 9.744, 9.106, 7.877, 4.542, 3.747, 5.257, 7.653, 7.32, 5.616, 5.315, 4.828, 4.552, 4.419, 3.535, 2.958, 2.398, 2.76, 3.537, 3.657, 5.067, 5.289, 5.038, 6.733, 7.756, 7.27, 6.746, 6.77, 8.088, 7.232, 4.567, 3.606, 5.219, 5.198, 4.711, 5.752, 8.996, 11.098, 10.652, 10.887, 9.15, 6.836, 8.466, 10.123, 10.437, 12.606, 17.956, 20.708, 21.217, 20.244, 20.194, 20.229, 20.529, 20.955, 20.981, 20.886, 19.754, 18.767, 17.878, 16.268, 15.359, 15.827, 15.555, 15.568, 15.094, 15.529, 15.209, 14.778, 13.594, 12.957, 12.597, 11.552, 9.727, 8.406, 7.674, 7.052, 6.415, 4.4, 4.534, 4.886, 5.045, 5.046, 5.401, 5.058, 4.101, 3.649, 3.294, 2.975, 2.674, 1.685, 2.614, 4.556, 4.168, 2.907, 2.649, 3.143, 6.894, 8.247, 6.692, 5.742, 6.21, 7.279, 7.318, 6.874, 7.414, 6.197, 6.825, 6.745, 5.961, 6.213, 6.941, 9.054, 12.695, 16.811, 19.784, 20.864, 21.396, 22.885, 24.156, 24.534, 25.381, 27.602, 28.404, 27.427, 26.425, 26.737, 27.666, 27.63, 28.075, 28.917, 28.393, 25.956, 22.572, 17.845, 13.536, 12.573, 13.357, 12.193, 10.951, 9.857, 10.383, 9.737, 5.625, 3.449, 5.768, 7.423, 7.533, 8.362, 9.773, 11.263, 10.477, 8.955, 8.915, 10.117, 10.273, 10.269, 8.755, 8.29, 7.868, 6.861], [11.806, 12.422, 9.909, 6.422, 6.387, 7.039, 7.35, 8.666, 9.878, 9.358, 8.01, 6.884, 5.14, 1.992, 0.0, 2.08, 2.032, 2.472, 3.067, 2.77, 3.597, 5.65, 5.755, 5.175, 5.484, 5.599, 3.482, 2.809, 2.784, 7.255, 10.343, 10.752, 11.351, 12.683, 13.811, 12.663, 11.34, 11.675, 13.238, 14.07, 13.29, 11.842, 10.969, 12.525, 14.459, 13.039, 11.082, 10.795, 10.253, 8.849, 5.512, 4.524, 6.343, 9.013, 8.68, 6.972, 6.51, 6.096, 5.775, 5.728, 4.26, 3.835, 3.698, 3.594, 4.699, 4.739, 6.255, 6.455, 6.379, 8.093, 9.079, 8.61, 8.085, 8.12, 9.245, 8.453, 5.819, 4.773, 6.435, 6.183, 6.009, 6.981, 10.356, 12.458, 12.012, 12.247, 10.511, 8.087, 9.827, 11.484, 11.797, 13.93, 19.276, 22.051, 22.563, 21.555, 21.554, 21.584, 21.889, 22.315, 22.341, 22.167, 21.045, 20.127, 19.186, 17.523, 16.641, 17.173, 16.876, 16.874, 16.377, 16.712, 16.547, 16.137, 14.947, 14.315, 13.951, 12.912, 11.087, 9.766, 8.94, 8.35, 7.735, 5.27, 4.921, 5.48, 5.62, 5.377, 5.916, 5.458, 4.629, 4.39, 4.018, 3.74, 3.398, 1.824, 2.074, 3.737, 3.494, 2.408, 2.476, 4.188, 8.183, 9.608, 7.892, 6.929, 7.511, 8.632, 8.679, 8.215, 8.741, 7.523, 8.002, 7.835, 7.052, 7.423, 8.159, 9.831, 13.665, 18.06, 21.008, 22.143, 22.722, 24.217, 25.503, 25.88, 26.719, 28.94, 29.75, 28.767, 27.767, 28.08, 29.012, 28.839, 29.325, 30.228, 29.739, 27.303, 23.933, 19.205, 14.896, 13.933, 14.718, 13.553, 12.277, 11.129, 11.719, 11.06, 6.878, 4.441, 7.052, 8.784, 8.893, 9.572, 11.024, 12.471, 11.665, 10.165, 10.178, 11.371, 11.471, 11.478, 9.976, 9.332, 9.088, 8.21], [9.988, 10.771, 8.463, 5.718, 5.326, 5.567, 5.925, 6.783, 7.995, 7.475, 6.265, 5.457, 3.489, 1.521, 2.08, 0.0, 1.238, 2.987, 3.986, 3.841, 4.912, 6.962, 7.344, 6.921, 6.577, 6.553, 4.823, 4.055, 1.942, 5.372, 8.46, 8.969, 9.625, 11.088, 12.324, 11.048, 10.011, 10.104, 11.454, 12.25, 11.526, 10.15, 9.108, 10.642, 12.576, 11.156, 9.291, 9.563, 9.088, 7.858, 4.617, 3.969, 5.15, 7.13, 6.822, 5.149, 4.755, 4.289, 4.126, 3.947, 2.577, 1.953, 1.827, 1.893, 3.32, 3.705, 4.61, 4.718, 4.741, 6.21, 7.22, 6.764, 6.235, 6.25, 7.54, 6.751, 4.197, 3.586, 5.172, 5.252, 4.426, 5.611, 8.603, 10.575, 10.129, 10.364, 8.658, 6.325, 7.944, 9.601, 9.914, 12.051, 17.401, 20.189, 20.699, 19.787, 19.671, 19.706, 20.006, 20.432, 20.458, 20.331, 19.194, 18.275, 17.318, 15.73, 14.824, 15.3, 15.029, 15.031, 14.712, 15.075, 14.721, 14.284, 13.064, 12.46, 12.076, 11.088, 9.206, 7.903, 7.453, 6.77, 6.059, 4.654, 5.29, 5.439, 5.232, 5.523, 6.024, 5.657, 4.611, 4.187, 3.595, 3.266, 3.043, 1.48, 3.161, 5.057, 4.541, 3.473, 3.247, 2.928, 6.465, 7.742, 6.553, 5.668, 5.745, 6.749, 6.814, 6.361, 6.859, 5.685, 6.327, 6.658, 5.959, 5.687, 6.693, 9.125, 12.418, 16.362, 19.348, 20.36, 20.896, 22.38, 23.638, 24.007, 24.848, 27.085, 27.876, 26.899, 25.895, 26.206, 27.14, 27.069, 27.537, 28.374, 27.866, 25.429, 22.05, 17.322, 13.013, 12.063, 12.835, 11.67, 10.423, 9.265, 9.93, 9.457, 5.429, 3.489, 5.278, 6.902, 7.018, 7.769, 9.25, 10.752, 10.079, 8.506, 8.415, 9.634, 9.801, 9.854, 8.591, 8.12, 7.73, 6.442], [10.568, 11.217, 9.024, 6.163, 5.546, 5.949, 6.203, 7.375, 8.569, 8.049, 6.715, 5.763, 4.0, 1.445, 2.032, 1.238, 0.0, 2.203, 3.23, 3.118, 4.316, 6.224, 6.754, 6.347, 5.862, 5.695, 4.185, 3.351, 1.712, 5.945, 9.034, 9.655, 10.195, 11.926, 13.21, 11.861, 10.636, 10.775, 12.097, 12.826, 12.109, 10.754, 9.707, 11.227, 13.15, 11.729, 9.794, 9.9, 9.587, 8.271, 5.101, 4.375, 5.471, 7.738, 7.371, 5.903, 5.384, 5.029, 4.912, 4.595, 3.125, 2.444, 2.404, 2.734, 3.608, 4.126, 5.271, 5.174, 5.175, 6.896, 7.801, 7.358, 6.796, 6.816, 8.268, 7.505, 4.875, 3.921, 5.576, 5.711, 5.127, 6.313, 9.282, 11.149, 10.703, 10.938, 9.266, 6.94, 8.528, 10.174, 10.488, 12.631, 18.016, 20.805, 21.277, 20.522, 20.251, 20.28, 20.58, 21.006, 21.032, 20.911, 19.787, 18.883, 17.917, 16.321, 15.516, 15.968, 15.705, 15.772, 15.515, 15.89, 15.336, 14.908, 13.638, 13.055, 12.68, 11.764, 9.861, 8.498, 7.907, 7.231, 6.451, 4.976, 5.46, 5.651, 5.678, 5.834, 6.275, 5.953, 4.884, 4.259, 3.937, 3.523, 3.283, 1.644, 2.617, 4.435, 3.894, 3.012, 2.667, 3.125, 7.128, 8.298, 7.082, 6.01, 6.22, 7.323, 7.37, 6.93, 7.447, 6.402, 6.836, 7.258, 6.391, 6.374, 7.356, 9.672, 13.107, 17.093, 20.173, 21.11, 21.577, 22.965, 24.225, 24.6, 25.43, 27.676, 28.451, 27.477, 26.493, 26.806, 27.737, 27.741, 28.243, 28.984, 28.45, 26.004, 22.623, 17.896, 13.587, 12.624, 13.409, 12.244, 10.981, 9.89, 10.533, 10.191, 6.08, 3.973, 5.948, 7.477, 7.584, 8.395, 9.919, 11.531, 10.734, 9.201, 9.022, 10.384, 10.581, 10.715, 9.323, 8.839, 8.362, 6.954], [12.597, 13.289, 11.059, 7.755, 7.252, 8.079, 8.236, 9.452, 10.633, 10.113, 8.847, 7.797, 6.125, 2.823, 2.472, 2.987, 2.203, 0.0, 1.971, 1.861, 2.612, 4.259, 4.725, 4.344, 4.076, 3.865, 2.891, 1.706, 2.613, 8.01, 11.099, 11.599, 12.243, 13.894, 15.155, 13.805, 12.624, 12.666, 14.12, 14.924, 14.201, 12.833, 11.864, 13.297, 15.214, 13.794, 11.912, 11.813, 11.599, 10.112, 6.972, 5.991, 7.4, 9.817, 9.441, 8.02, 7.347, 7.091, 6.869, 6.607, 4.849, 4.367, 4.486, 4.603, 5.62, 5.952, 7.188, 7.279, 7.349, 8.969, 9.834, 9.365, 8.85, 8.881, 10.187, 9.472, 6.91, 5.936, 7.592, 7.684, 7.175, 8.369, 11.359, 13.243, 12.767, 13.002, 11.266, 8.904, 10.582, 12.239, 12.552, 14.685, 20.031, 22.89, 23.368, 22.537, 22.312, 22.344, 22.645, 23.07, 23.096, 22.94, 21.803, 20.882, 19.972, 18.352, 17.511, 18.049, 17.709, 17.818, 17.566, 17.816, 17.388, 16.893, 15.703, 15.074, 14.713, 13.739, 11.946, 10.586, 9.872, 9.351, 8.553, 6.654, 5.97, 6.352, 7.398, 6.944, 7.007, 6.713, 5.962, 4.9, 4.833, 4.857, 4.455, 2.51, 1.572, 2.944, 2.724, 2.174, 1.756, 5.037, 9.051, 10.363, 9.132, 8.058, 8.266, 9.387, 9.434, 8.97, 9.496, 8.468, 8.855, 9.236, 8.364, 8.336, 9.359, 11.585, 15.081, 19.028, 22.16, 23.11, 23.567, 25.012, 26.263, 26.64, 27.484, 29.709, 30.51, 29.533, 28.528, 28.841, 29.772, 29.681, 30.148, 31.018, 30.499, 28.063, 24.688, 19.961, 15.651, 14.688, 15.473, 14.308, 13.032, 11.903, 12.651, 12.193, 8.092, 5.979, 7.987, 9.567, 9.648, 10.396, 11.879, 13.433, 12.635, 11.214, 11.149, 12.346, 12.543, 12.689, 11.358, 10.858, 10.386, 9.093], [13.625, 14.264, 12.025, 8.963, 8.366, 9.039, 9.276, 10.521, 11.713, 11.193, 9.879, 8.857, 7.13, 3.838, 3.067, 3.986, 3.23, 1.971, 0.0, 1.118, 1.618, 3.283, 3.85, 3.691, 2.999, 2.796, 1.801, 1.626, 3.391, 9.09, 12.178, 12.628, 13.261, 14.956, 16.202, 14.86, 13.692, 13.741, 15.178, 15.987, 15.193, 13.811, 12.9, 14.376, 16.294, 14.874, 12.98, 12.996, 12.66, 11.236, 8.043, 7.269, 8.507, 10.86, 10.515, 9.057, 8.399, 8.126, 7.959, 7.695, 5.863, 5.414, 5.557, 5.628, 6.662, 7.027, 8.299, 8.304, 8.365, 10.013, 10.915, 10.445, 9.929, 9.957, 11.239, 10.551, 7.923, 6.923, 8.622, 8.703, 8.244, 9.387, 12.413, 14.303, 13.845, 14.082, 12.354, 9.95, 11.662, 13.319, 13.632, 15.765, 21.111, 23.961, 24.447, 23.608, 23.39, 23.416, 23.725, 24.15, 24.176, 24.002, 22.88, 21.971, 21.052, 19.377, 18.587, 19.12, 18.79, 18.885, 18.645, 18.904, 18.467, 17.98, 16.783, 16.153, 15.793, 14.852, 13.009, 11.651, 10.975, 10.358, 9.598, 7.763, 7.542, 7.724, 8.476, 8.317, 8.352, 8.129, 7.412, 6.494, 6.306, 6.195, 5.733, 3.668, 2.508, 2.978, 2.887, 2.579, 3.284, 6.191, 10.177, 11.443, 10.153, 9.082, 9.351, 10.467, 10.514, 10.05, 10.576, 9.518, 9.864, 10.232, 9.417, 9.339, 10.352, 12.636, 16.13, 20.153, 23.259, 24.165, 24.665, 26.084, 27.335, 27.713, 28.555, 30.789, 31.582, 30.606, 29.601, 29.913, 30.845, 30.718, 31.243, 32.098, 31.572, 29.135, 25.768, 21.041, 16.731, 15.768, 16.553, 15.388, 14.112, 12.971, 13.677, 13.259, 9.153, 7.027, 9.039, 10.646, 10.728, 11.411, 12.925, 14.492, 13.678, 12.177, 12.122, 13.4, 13.554, 13.749, 12.391, 11.896, 11.446, 10.123], [13.513, 14.164, 11.876, 8.585, 8.144, 8.923, 9.119, 10.381, 11.567, 11.047, 9.745, 8.672, 7.008, 3.851, 2.77, 3.841, 3.118, 1.861, 1.118, 0.0, 1.528, 3.366, 3.923, 3.74, 3.143, 2.92, 1.52, 1.404, 3.283, 8.944, 12.035, 12.522, 13.056, 14.763, 16.061, 14.71, 13.532, 13.575, 15.047, 15.84, 15.087, 13.7, 12.749, 14.234, 16.148, 14.727, 12.835, 12.696, 12.521, 10.97, 7.825, 6.901, 8.258, 10.716, 10.369, 8.921, 8.219, 7.972, 7.82, 7.561, 5.718, 5.262, 5.415, 5.472, 6.5, 6.852, 8.14, 8.171, 8.229, 9.872, 10.768, 10.299, 9.787, 9.815, 11.074, 10.394, 7.749, 6.791, 8.493, 8.592, 8.106, 9.261, 12.284, 14.163, 13.701, 13.936, 12.21, 9.845, 11.516, 13.173, 13.486, 15.619, 20.965, 23.821, 24.304, 23.455, 23.248, 23.275, 23.578, 24.004, 24.03, 23.856, 22.733, 21.827, 20.909, 19.272, 18.454, 18.981, 18.653, 18.747, 18.508, 18.754, 18.332, 17.836, 16.636, 16.006, 15.646, 14.72, 12.864, 11.5, 10.823, 10.229, 9.453, 7.525, 7.004, 7.35, 8.262, 7.797, 8.002, 7.58, 6.915, 5.909, 5.733, 5.77, 5.324, 3.337, 2.554, 3.136, 3.042, 2.804, 3.129, 5.907, 10.041, 11.297, 10.009, 8.919, 9.2, 10.321, 10.368, 9.904, 10.43, 9.374, 9.711, 10.083, 9.255, 9.203, 10.261, 12.435, 15.978, 20.02, 23.105, 24.032, 24.534, 25.946, 27.194, 27.572, 28.406, 30.648, 31.44, 30.464, 29.46, 29.775, 30.704, 30.58, 31.082, 31.952, 31.431, 28.994, 25.621, 20.894, 16.585, 15.622, 16.407, 15.242, 13.966, 12.818, 13.534, 13.121, 9.022, 6.895, 8.906, 10.506, 10.582, 11.251, 12.822, 14.343, 13.538, 12.036, 12.015, 13.296, 13.457, 13.611, 12.26, 11.757, 11.312, 9.978], [14.678, 15.294, 12.835, 9.475, 9.308, 10.03, 10.333, 11.649, 12.861, 12.341, 10.993, 9.868, 8.137, 4.618, 3.597, 4.912, 4.316, 2.612, 1.618, 1.528, 0.0, 2.248, 2.786, 3.001, 2.362, 2.395, 1.519, 1.595, 4.498, 10.237, 13.323, 13.662, 14.325, 15.787, 17.042, 15.751, 14.549, 14.691, 16.223, 17.053, 16.266, 14.773, 13.951, 15.508, 17.442, 16.021, 14.065, 13.723, 13.494, 11.884, 8.632, 7.66, 9.301, 11.996, 11.663, 10.014, 9.485, 9.126, 8.883, 8.729, 6.845, 6.536, 6.676, 6.587, 7.661, 7.827, 9.251, 9.404, 9.354, 11.089, 12.062, 11.593, 11.068, 11.103, 12.228, 11.534, 8.827, 7.777, 9.519, 9.443, 9.115, 10.18, 13.369, 15.441, 14.979, 15.23, 13.494, 11.013, 12.81, 14.467, 14.78, 16.913, 22.247, 25.032, 25.529, 24.587, 24.521, 24.55, 24.872, 25.298, 25.324, 25.15, 24.027, 23.11, 22.15, 20.394, 19.654, 20.148, 19.874, 19.917, 19.565, 19.87, 19.543, 19.121, 17.93, 17.282, 16.918, 15.916, 14.07, 12.749, 11.975, 11.344, 10.709, 8.417, 7.625, 8.063, 8.922, 8.438, 8.493, 8.188, 7.597, 6.596, 6.536, 6.59, 6.213, 4.467, 2.72, 2.685, 2.524, 2.719, 3.354, 6.941, 11.229, 12.591, 10.987, 9.923, 10.494, 11.615, 11.662, 11.198, 11.724, 10.514, 10.929, 10.874, 10.15, 10.367, 11.244, 13.234, 16.967, 21.164, 24.139, 25.175, 25.718, 27.202, 28.469, 28.847, 29.684, 31.905, 32.716, 31.733, 30.732, 31.046, 31.979, 31.842, 32.332, 33.189, 32.705, 30.269, 26.915, 22.188, 17.879, 16.916, 17.701, 16.536, 15.26, 14.112, 14.688, 14.203, 10.077, 7.796, 10.035, 11.767, 11.876, 12.435, 13.896, 15.399, 14.61, 13.078, 13.05, 14.387, 14.512, 14.645, 13.196, 12.673, 12.254, 11.188], [16.676, 17.292, 14.848, 11.578, 11.251, 11.948, 12.282, 13.581, 14.793, 14.273, 12.925, 11.819, 10.089, 6.581, 5.65, 6.962, 6.224, 4.259, 3.283, 3.366, 2.248, 0.0, 1.584, 2.305, 1.74, 1.993, 2.582, 3.065, 6.44, 12.169, 15.258, 15.666, 16.318, 17.929, 19.171, 17.878, 16.661, 16.817, 18.202, 18.985, 18.204, 16.751, 15.883, 17.44, 19.374, 17.953, 16.003, 15.702, 15.524, 13.876, 10.594, 9.564, 11.278, 13.928, 13.595, 12.012, 11.478, 11.093, 10.957, 10.688, 8.795, 8.468, 8.611, 8.676, 9.609, 9.893, 11.368, 11.341, 11.286, 13.064, 13.994, 13.525, 13.0, 13.035, 14.314, 13.592, 10.874, 9.736, 11.513, 11.49, 11.163, 12.199, 15.363, 17.373, 16.921, 17.162, 15.425, 12.967, 14.741, 16.399, 16.712, 18.845, 24.191, 26.998, 27.478, 26.589, 26.462, 26.492, 26.804, 27.23, 27.256, 27.082, 25.963, 25.042, 24.109, 22.409, 21.634, 22.129, 21.861, 21.9, 21.579, 21.928, 21.496, 21.059, 19.862, 19.238, 18.875, 17.894, 16.016, 14.687, 13.965, 13.323, 12.65, 10.403, 9.549, 10.106, 11.006, 10.295, 10.555, 10.216, 9.178, 7.934, 8.342, 8.556, 8.187, 6.446, 4.253, 2.564, 2.805, 4.171, 4.605, 8.867, 13.242, 14.523, 13.021, 11.905, 12.426, 13.547, 13.594, 13.146, 13.656, 12.474, 12.924, 13.023, 12.182, 12.389, 13.288, 15.382, 19.117, 23.202, 26.21, 27.185, 27.681, 29.153, 30.411, 30.788, 31.635, 33.867, 34.658, 33.681, 32.691, 32.991, 33.92, 33.821, 34.352, 35.17, 34.647, 32.211, 28.847, 24.12, 19.811, 18.848, 19.633, 18.468, 17.191, 16.083, 16.625, 16.217, 12.075, 9.836, 12.014, 13.699, 13.808, 14.494, 15.914, 17.516, 16.722, 15.186, 15.056, 16.377, 16.563, 16.71, 15.214, 14.795, 14.308, 13.132], [17.322, 17.938, 15.451, 11.878, 11.869, 12.537, 12.803, 14.098, 15.31, 14.79, 13.442, 12.316, 10.572, 6.796, 5.755, 7.344, 6.754, 4.725, 3.85, 3.923, 2.786, 1.584, 0.0, 1.745, 1.935, 3.169, 3.346, 3.7, 7.086, 12.687, 15.775, 16.269, 16.873, 18.272, 19.432, 18.254, 16.919, 17.281, 18.67, 19.502, 18.806, 17.358, 16.401, 17.957, 19.891, 18.471, 16.514, 16.172, 15.682, 14.266, 10.884, 9.68, 11.737, 14.446, 14.112, 12.404, 12.038, 11.602, 11.266, 11.14, 9.354, 9.021, 9.126, 9.148, 10.145, 10.21, 11.776, 11.853, 11.803, 13.525, 14.514, 14.042, 13.517, 13.552, 14.816, 13.945, 11.318, 10.205, 11.867, 11.737, 11.441, 12.444, 15.788, 17.89, 17.444, 17.679, 15.943, 13.603, 15.259, 16.916, 17.229, 19.385, 24.735, 27.495, 28.007, 27.023, 26.987, 27.021, 27.322, 27.747, 27.773, 27.665, 26.528, 25.559, 24.653, 23.043, 22.129, 22.618, 22.328, 22.336, 21.844, 22.226, 21.993, 21.57, 20.38, 19.75, 19.39, 18.344, 16.52, 15.198, 14.372, 13.782, 13.168, 10.672, 9.636, 10.473, 11.189, 10.411, 10.766, 10.439, 9.366, 8.418, 8.745, 8.888, 8.581, 6.899, 4.422, 2.535, 3.081, 4.428, 4.69, 9.371, 13.615, 15.04, 13.335, 12.361, 12.943, 14.064, 14.111, 13.647, 14.193, 12.963, 13.543, 13.388, 12.528, 12.965, 13.679, 15.431, 19.318, 23.536, 26.507, 27.615, 28.174, 29.671, 30.947, 31.324, 32.167, 34.388, 35.194, 34.217, 33.212, 33.524, 34.456, 34.378, 34.82, 35.692, 35.183, 32.747, 29.365, 24.638, 20.328, 19.365, 20.15, 18.985, 17.711, 16.608, 17.131, 16.456, 12.288, 9.92, 12.512, 14.216, 14.325, 15.113, 16.54, 18.012, 17.207, 15.706, 15.694, 16.893, 16.999, 16.974, 15.462, 14.921, 14.551, 13.642], [16.801, 17.418, 14.873, 11.317, 11.363, 12.071, 12.388, 13.703, 14.915, 14.396, 13.048, 11.922, 10.177, 6.4, 5.175, 6.921, 6.347, 4.344, 3.691, 3.74, 3.001, 2.305, 1.745, 0.0, 2.91, 4.107, 3.628, 3.254, 6.566, 12.292, 15.381, 15.748, 16.357, 17.684, 18.88, 17.699, 16.429, 16.622, 18.275, 19.108, 18.321, 16.837, 16.006, 17.563, 19.497, 18.076, 16.12, 15.777, 15.296, 13.851, 10.413, 9.163, 11.343, 14.051, 13.718, 12.01, 11.524, 11.118, 10.815, 10.752, 8.896, 8.59, 8.731, 8.561, 9.712, 9.76, 11.261, 11.459, 11.408, 13.131, 14.117, 13.648, 13.123, 13.158, 14.258, 13.49, 10.837, 9.811, 11.475, 11.294, 11.053, 11.989, 15.394, 17.496, 17.044, 17.285, 15.548, 13.083, 14.864, 16.521, 16.835, 18.967, 24.308, 27.082, 27.592, 26.586, 26.585, 26.615, 26.927, 27.353, 27.379, 27.204, 26.082, 25.165, 24.208, 22.51, 21.663, 22.205, 21.907, 21.903, 21.447, 21.768, 21.578, 21.168, 19.985, 19.347, 18.978, 17.95, 16.125, 14.804, 13.977, 13.387, 12.773, 10.257, 9.039, 9.866, 10.57, 9.635, 10.08, 9.726, 8.723, 7.968, 8.32, 8.49, 8.186, 6.505, 4.08, 2.122, 2.688, 4.004, 4.187, 8.977, 13.22, 14.645, 12.93, 11.966, 12.549, 13.67, 13.716, 13.253, 13.779, 12.56, 12.936, 12.794, 12.089, 12.422, 13.19, 14.855, 18.759, 23.122, 26.068, 27.18, 27.753, 29.239, 30.532, 30.912, 31.741, 33.961, 34.773, 33.79, 32.79, 33.111, 34.037, 33.865, 34.345, 35.242, 34.762, 32.334, 28.97, 24.243, 19.934, 18.971, 19.755, 18.591, 17.314, 16.166, 16.75, 16.094, 11.89, 9.555, 12.09, 13.821, 13.931, 14.539, 16.02, 17.406, 16.6, 15.119, 15.172, 16.361, 16.484, 16.515, 15.025, 14.442, 14.151, 13.248], [16.416, 17.032, 14.698, 11.387, 11.005, 11.645, 11.911, 13.157, 14.369, 13.85, 12.502, 11.388, 9.65, 6.29, 5.484, 6.577, 5.862, 4.076, 2.999, 3.143, 2.362, 1.74, 1.935, 2.91, 0.0, 1.62, 2.756, 3.281, 6.18, 11.746, 14.835, 15.463, 16.021, 17.641, 18.901, 17.611, 16.332, 16.583, 17.885, 18.567, 17.9, 16.468, 15.46, 17.017, 18.951, 17.53, 15.574, 15.242, 15.164, 13.548, 10.516, 9.436, 10.905, 13.517, 13.183, 11.563, 11.225, 10.754, 10.634, 10.331, 8.46, 8.125, 8.213, 8.431, 9.277, 9.57, 11.08, 10.923, 10.877, 12.64, 13.608, 13.124, 12.577, 12.612, 14.077, 13.302, 10.552, 9.374, 11.104, 11.26, 10.791, 11.896, 14.954, 16.95, 16.504, 16.739, 15.059, 12.767, 14.338, 15.975, 16.289, 18.479, 23.843, 26.566, 27.074, 26.227, 26.046, 26.081, 26.381, 26.807, 26.833, 26.759, 25.649, 24.664, 23.755, 22.155, 21.31, 21.705, 21.502, 21.518, 21.223, 21.644, 21.146, 20.672, 19.467, 18.82, 18.449, 17.527, 15.589, 14.258, 13.587, 12.89, 12.227, 10.086, 9.522, 9.919, 10.951, 10.578, 10.564, 10.341, 9.56, 8.392, 8.28, 8.346, 7.844, 5.99, 4.113, 3.296, 3.072, 4.306, 4.884, 8.603, 12.911, 14.099, 12.668, 11.484, 12.003, 13.152, 13.17, 12.769, 13.308, 12.154, 12.687, 12.844, 11.893, 12.18, 13.024, 15.163, 18.829, 22.874, 25.859, 26.895, 27.371, 28.756, 30.026, 30.401, 31.239, 33.468, 34.259, 33.285, 32.294, 32.595, 33.535, 33.573, 34.064, 34.807, 34.25, 31.815, 28.424, 23.697, 19.388, 18.425, 19.209, 18.045, 16.805, 15.752, 16.191, 15.791, 11.706, 9.46, 11.718, 13.275, 13.385, 14.257, 15.725, 17.31, 16.532, 14.944, 14.811, 16.138, 16.34, 16.407, 14.936, 14.46, 13.962, 12.727], [16.014, 16.587, 14.668, 11.426, 10.815, 11.472, 11.738, 12.909, 13.98, 13.431, 12.172, 11.303, 9.614, 6.441, 5.599, 6.553, 5.695, 3.865, 2.796, 2.92, 2.395, 1.993, 3.169, 4.107, 1.62, 0.0, 2.505, 3.345, 5.777, 11.432, 14.476, 15.24, 15.797, 17.557, 18.834, 17.482, 16.303, 16.348, 17.742, 18.455, 17.635, 16.301, 15.269, 16.743, 18.532, 17.115, 15.349, 15.287, 15.249, 13.649, 10.632, 9.652, 10.997, 13.312, 12.815, 11.555, 10.952, 10.654, 10.556, 10.236, 8.348, 7.857, 7.977, 8.261, 9.176, 9.611, 10.879, 10.693, 10.751, 12.47, 13.287, 12.864, 12.276, 12.232, 13.841, 13.148, 10.523, 9.509, 11.159, 11.324, 10.809, 11.934, 14.936, 16.679, 16.089, 16.326, 14.791, 12.476, 14.036, 15.667, 15.87, 18.01, 23.543, 26.384, 26.799, 26.14, 25.742, 25.662, 25.962, 26.398, 26.427, 26.252, 25.261, 24.403, 23.39, 21.827, 21.121, 21.544, 21.321, 21.387, 21.194, 21.509, 20.985, 20.451, 19.04, 18.563, 18.199, 17.365, 15.461, 14.043, 13.537, 12.845, 11.989, 10.184, 9.639, 10.02, 11.066, 10.661, 10.693, 10.428, 9.674, 8.514, 8.413, 8.497, 7.985, 5.97, 4.314, 4.045, 3.66, 4.448, 5.247, 8.58, 12.741, 13.748, 12.735, 11.559, 11.634, 12.752, 12.839, 12.474, 12.98, 12.069, 12.422, 12.892, 11.975, 11.974, 12.99, 15.247, 18.736, 22.723, 25.839, 26.757, 27.228, 28.473, 29.675, 30.04, 30.85, 33.11, 33.844, 32.906, 31.94, 32.27, 33.185, 33.283, 33.811, 34.503, 33.879, 31.407, 28.006, 23.278, 18.969, 18.006, 18.805, 17.645, 16.351, 15.38, 16.066, 15.801, 11.736, 9.618, 11.596, 13.022, 12.986, 13.895, 15.508, 17.119, 16.31, 14.826, 14.662, 15.993, 16.205, 16.345, 14.935, 14.523, 14.037, 12.537], [14.603, 15.219, 12.869, 9.422, 9.22, 9.854, 10.185, 11.486, 12.698, 12.179, 10.831, 9.722, 7.965, 4.463, 3.482, 4.823, 4.185, 2.891, 1.801, 1.52, 1.519, 2.582, 3.346, 3.628, 2.756, 2.505, 0.0, 1.735, 4.384, 10.104, 13.164, 13.675, 14.287, 15.86, 17.069, 15.802, 14.585, 14.798, 16.194, 16.912, 16.104, 14.64, 13.789, 15.346, 17.28, 15.859, 13.903, 13.56, 13.391, 11.674, 8.452, 7.392, 9.211, 11.862, 11.501, 9.856, 9.478, 9.009, 8.866, 8.641, 6.708, 6.385, 6.516, 6.622, 7.562, 7.804, 9.337, 9.242, 9.191, 10.923, 11.915, 11.474, 10.906, 10.941, 12.286, 11.561, 8.798, 7.661, 9.374, 9.385, 9.055, 9.976, 13.256, 15.279, 14.829, 15.068, 13.402, 10.983, 12.669, 14.304, 14.618, 16.75, 22.134, 24.897, 25.407, 24.462, 24.371, 24.401, 24.71, 25.136, 25.162, 24.987, 23.933, 23.013, 22.024, 20.34, 19.552, 20.024, 19.808, 19.76, 19.481, 19.851, 19.481, 19.009, 17.768, 