[[0.0, 2.01, 2.105, 3.049, 3.513, 3.02, 2.127, 2.638, 3.011, 3.986, 6.197, 6.699, 5.924, 6.36, 7.225, 7.199, 7.076, 5.731, 4.378, 4.219, 4.068, 3.412, 3.642, 4.638, 4.712, 5.201, 5.168, 5.621, 5.406, 5.378, 6.204, 6.497, 6.152, 5.501, 4.547, 5.062, 5.756, 5.119, 4.911, 5.166, 4.693, 4.304, 4.954, 4.261, 2.637, 2.808, 2.118, 2.915, 3.464, 4.354, 3.657, 2.975, 3.423, 4.013, 3.966, 3.917, 3.147, 2.951, 3.405, 3.66, 3.907, 4.397, 4.471, 5.559, 6.245, 5.358, 4.741, 4.456, 5.091, 4.874, 4.891, 5.405, 4.509, 5.041, 5.213, 5.302, 5.442, 5.134, 3.939, 4.761, 5.828, 6.136, 4.695, 5.085, 7.137, 7.639, 6.972, 6.804, 7.162, 7.542, 7.242, 10.359, 14.05, 14.304, 11.938, 11.135, 11.253, 11.501, 12.975, 12.305, 9.81, 8.914, 8.699, 8.341, 9.416, 9.946, 9.088, 7.663, 7.67, 8.824, 9.827, 10.167, 10.155, 10.727, 12.166, 13.502, 13.029, 10.312, 7.061, 6.424, 7.025, 8.46, 9.532, 11.591, 14.28, 17.028, 20.263, 22.156, 19.594, 17.822, 18.058, 17.685, 17.986, 18.394, 17.203, 16.764, 17.647, 18.442, 19.41, 18.87, 18.009, 16.482, 15.914, 15.93, 16.032, 15.336], [2.01, 0.0, 1.071, 1.746, 2.119, 1.789, 1.443, 1.998, 2.518, 3.421, 4.882, 5.239, 4.633, 5.355, 6.158, 6.039, 5.77, 4.695, 3.655, 3.455, 3.903, 4.378, 4.549, 5.526, 4.975, 5.196, 5.081, 5.481, 5.298, 5.349, 6.118, 6.243, 5.844, 5.601, 5.055, 5.578, 5.969, 5.114, 5.547, 5.701, 4.569, 3.933, 4.583, 3.93, 3.027, 3.449, 1.742, 2.189, 2.665, 3.416, 2.696, 2.214, 2.909, 3.451, 3.289, 3.526, 3.263, 3.522, 4.528, 4.769, 4.319, 5.016, 5.112, 5.636, 6.207, 5.307, 4.406, 4.6, 6.089, 5.812, 5.359, 5.776, 5.176, 5.693, 5.796, 5.403, 5.224, 4.804, 3.709, 4.462, 5.221, 5.641, 4.204, 4.043, 5.909, 6.255, 5.697, 5.327, 5.978, 6.526, 6.05, 8.88, 12.445, 12.787, 10.623, 9.866, 9.933, 10.004, 11.467, 10.798, 8.268, 7.45, 7.426, 7.072, 8.235, 8.874, 8.155, 6.711, 6.653, 7.469, 8.172, 8.563, 8.586, 9.132, 10.581, 11.896, 11.361, 8.722, 5.599, 4.83, 5.514, 6.878, 7.967, 10.06, 12.79, 15.437, 18.648, 20.543, 17.984, 16.26, 16.519, 16.18, 16.483, 16.894, 15.684, 15.135, 16.08, 16.855, 17.786, 17.296, 16.432, 14.846, 14.313, 14.308, 14.426, 13.697], [2.105, 1.071, 0.0, 1.527, 2.013, 1.535, 1.525, 1.71, 2.31, 3.145, 4.882, 5.303, 4.738, 5.373, 6.223, 6.058, 5.817, 4.654, 3.529, 3.327, 4.017, 4.312, 4.562, 5.539, 5.091, 5.347, 5.246, 5.623, 5.381, 5.382, 6.21, 6.374, 5.935, 5.526, 4.986, 5.629, 6.044, 5.182, 5.564, 5.652, 4.601, 3.936, 4.491, 3.882, 2.841, 3.44, 2.008, 2.411, 2.938, 3.636, 2.789, 2.365, 2.957, 3.303, 3.124, 3.583, 3.301, 3.691, 4.673, 4.906, 4.247, 5.02, 5.137, 5.707, 6.287, 5.35, 4.454, 4.548, 6.181, 5.907, 5.369, 5.874, 5.132, 5.644, 5.78, 5.297, 5.118, 4.729, 3.745, 4.315, 5.004, 5.399, 3.956, 4.035, 5.899, 6.366, 5.886, 5.43, 6.144, 6.75, 6.26, 8.954, 12.374, 12.771, 10.693, 9.95, 9.99, 9.989, 11.448, 10.769, 8.111, 7.432, 7.548, 7.28, 8.402, 9.069, 8.33, 6.842, 6.655, 7.418, 8.137, 8.463, 8.432, 9.053, 10.56, 11.711, 11.264, 8.558, 5.33, 4.65, 5.334, 6.819, 7.893, 10.059, 12.779, 15.433, 18.618, 20.509, 17.955, 16.234, 16.499, 16.169, 16.469, 16.883, 15.668, 15.092, 16.088, 16.862, 17.775, 17.29, 16.426, 14.797, 14.271, 14.294, 14.422, 13.641], [3.049, 1.746, 1.527, 0.0, 1.154, 1.361, 2.015, 1.995, 2.035, 2.241, 3.879, 4.257, 3.713, 4.443, 5.227, 5.123, 4.796, 3.813, 2.687, 2.56, 3.196, 4.673, 4.927, 5.718, 4.718, 4.607, 4.484, 5.279, 4.732, 5.078, 5.605, 5.491, 5.075, 4.994, 5.071, 5.599, 5.649, 4.713, 5.569, 5.787, 4.031, 3.503, 4.246, 3.355, 3.006, 4.524, 2.765, 2.136, 2.456, 2.662, 2.309, 2.058, 2.228, 2.758, 2.603, 2.913, 3.431, 4.048, 5.023, 5.261, 4.38, 5.117, 5.15, 5.108, 5.606, 4.995, 3.709, 4.712, 6.536, 6.233, 5.41, 5.603, 5.248, 5.758, 5.588, 4.838, 4.39, 3.884, 3.137, 3.487, 4.228, 4.548, 3.286, 3.015, 4.831, 5.321, 4.902, 4.365, 5.106, 5.744, 5.218, 7.899, 11.294, 11.695, 9.578, 8.856, 8.855, 8.92, 10.359, 9.691, 7.125, 6.404, 6.463, 6.266, 7.35, 8.031, 7.34, 5.916, 5.711, 6.318, 7.013, 7.4, 7.306, 7.875, 9.45, 10.598, 10.127, 7.477, 4.206, 3.625, 4.154, 5.668, 6.759, 8.951, 11.683, 14.325, 17.494, 19.394, 16.823, 15.152, 15.413, 15.086, 15.387, 15.792, 14.576, 13.965, 14.975, 15.751, 16.653, 16.172, 15.311, 13.68, 13.154, 13.177, 13.303, 12.518], [3.513, 2.119, 2.013, 1.154, 0.0, 1.494, 2.165, 1.922, 1.884, 2.331, 3.817, 4.053, 3.487, 4.262, 5.057, 4.878, 4.625, 3.825, 2.634, 2.511, 3.271, 4.829, 5.25, 5.806, 4.674, 4.66, 4.494, 5.192, 4.77, 5.092, 5.623, 5.451, 5.057, 4.931, 5.084, 5.604, 5.541, 4.638, 5.404, 5.917, 4.101, 3.469, 4.1, 3.403, 3.088, 4.692, 3.23, 2.32, 2.277, 2.574, 1.976, 2.121, 2.227, 2.616, 2.397, 2.902, 3.68, 4.501, 5.486, 5.622, 4.391, 5.192, 5.276, 5.115, 5.707, 4.855, 3.754, 4.823, 7.127, 6.589, 5.578, 5.547, 5.397, 5.776, 5.463, 4.877, 4.412, 3.907, 3.003, 3.331, 4.157, 4.604, 3.227, 2.611, 4.667, 5.165, 4.678, 4.1, 4.879, 5.506, 4.961, 7.62, 11.085, 11.484, 9.299, 8.624, 8.59, 8.662, 10.148, 9.486, 6.91, 6.153, 6.22, 6.049, 7.11, 7.804, 7.182, 5.844, 5.701, 6.08, 6.699, 7.117, 7.114, 7.704, 9.108, 10.347, 9.941, 7.209, 3.931, 3.358, 3.924, 5.376, 6.536, 8.72, 11.452, 14.076, 17.264, 19.14, 16.551, 14.932, 15.19, 14.855, 15.173, 15.566, 14.363, 13.634, 14.739, 15.511, 16.457, 15.888, 15.014, 13.52, 12.814, 12.983, 13.096, 12.289], [3.02, 1.789, 1.535, 1.361, 1.494, 0.0, 1.535, 1.974, 2.258, 2.798, 4.69, 5.03, 4.396, 5.028, 5.918, 5.872, 5.581, 4.585, 3.201, 3.058, 4.03, 4.767, 5.24, 6.159, 5.26, 5.417, 5.288, 5.744, 5.461, 5.585, 6.315, 6.377, 5.938, 5.603, 5.464, 6.016, 6.207, 5.308, 5.996, 6.243, 4.605, 4.063, 4.667, 3.843, 3.108, 3.758, 2.597, 2.422, 2.843, 3.439, 2.68, 2.452, 2.958, 3.356, 3.164, 3.62, 3.973, 4.644, 5.607, 5.817, 4.752, 5.548, 5.563, 5.815, 6.399, 5.524, 4.481, 5.193, 7.112, 6.768, 5.885, 6.061, 5.653, 6.071, 5.965, 5.403, 5.086, 4.556, 3.712, 3.916, 4.631, 5.186, 4.003, 3.403, 5.512, 6.089, 5.641, 5.133, 5.837, 6.489, 5.964, 8.641, 12.115, 12.517, 10.336, 9.662, 9.632, 9.685, 11.181, 10.512, 7.834, 7.174, 7.232, 7.03, 8.1, 8.772, 8.151, 6.711, 6.488, 7.086, 7.832, 8.178, 8.082, 8.692, 10.261, 11.304, 10.911, 8.243, 4.78, 4.298, 4.935, 6.488, 7.554, 9.797, 12.507, 15.145, 18.319, 20.218, 17.648, 15.974, 16.242, 15.907, 16.209, 16.619, 15.401, 14.793, 15.799, 16.577, 17.48, 16.999, 16.138, 14.484, 13.968, 14.003, 14.131, 13.339], [2.127, 1.443, 1.525, 2.015, 2.165, 1.535, 0.0, 1.32, 2.023, 2.955, 5.093, 5.622, 4.807, 5.358, 6.262, 6.243, 6.029, 4.952, 3.498, 3.356, 3.921, 3.785, 4.306, 5.295, 4.749, 5.233, 5.185, 5.564, 5.267, 5.257, 6.136, 6.317, 5.883, 5.213, 4.682, 5.254, 5.719, 5.057, 5.256, 5.352, 4.411, 4.153, 4.645, 3.782, 2.232, 3.15, 2.05, 2.295, 2.752, 3.747, 2.945, 2.279, 2.949, 3.492, 3.424, 3.575, 3.181, 3.67, 4.66, 4.886, 3.974, 4.706, 4.817, 5.476, 6.154, 5.204, 4.504, 4.493, 6.176, 5.833, 5.032, 5.451, 4.834, 5.303, 5.361, 5.069, 5.007, 4.622, 3.693, 4.016, 4.961, 5.429, 4.122, 3.846, 6.003, 6.602, 6.176, 5.737, 6.268, 6.935, 6.487, 9.508, 13.032, 13.432, 11.097, 10.298, 10.336, 10.585, 12.098, 11.428, 8.75, 8.086, 7.96, 7.542, 8.685, 9.223, 8.486, 7.072, 6.851, 7.759, 8.743, 9.088, 8.978, 9.536, 11.162, 12.228, 11.835, 9.165, 5.699, 5.186, 5.813, 7.285, 8.399, 10.673, 13.423, 16.047, 19.234, 21.123, 18.562, 16.889, 17.156, 16.821, 17.125, 17.532, 16.32, 15.711, 16.703, 17.479, 18.396, 17.904, 17.043, 15.394, 14.882, 14.924, 15.04, 14.25], [2.638, 1.998, 1.71, 1.995, 1.922, 1.974, 1.32, 0.0, 1.352, 2.079, 4.398, 5.094, 4.177, 4.638, 5.575, 5.576, 5.478, 4.264, 2.477, 2.549, 3.198, 3.582, 4.245, 4.883, 4.265, 4.569, 4.471, 4.831, 4.545, 4.591, 5.427, 5.489, 5.009, 4.544, 4.163, 4.741, 5.225, 4.4, 4.778, 4.829, 3.666, 3.216, 3.706, 2.961, 1.94, 3.317, 2.171, 2.181, 2.129, 3.002, 2.168, 1.697, 2.21, 2.513, 2.464, 2.748, 2.675, 3.614, 4.514, 4.646, 3.459, 4.189, 4.529, 4.869, 5.512, 4.445, 3.644, 3.915, 6.068, 5.608, 4.581, 4.967, 4.473, 4.879, 4.892, 4.47, 4.107, 3.774, 2.86, 3.182, 3.983, 4.458, 3.195, 3.312, 5.365, 6.041, 5.696, 5.161, 5.55, 6.349, 5.899, 9.06, 12.556, 12.954, 10.667, 9.749, 9.869, 10.121, 11.63, 10.951, 8.288, 7.623, 7.501, 7.0, 8.108, 8.649, 7.818, 6.251, 6.049, 7.126, 8.161, 8.518, 8.401, 9.001, 10.653, 11.66, 11.271, 8.572, 5.171, 4.609, 5.267, 6.707, 7.882, 10.192, 12.939, 15.541, 18.708, 20.607, 18.002, 16.415, 16.671, 16.339, 16.651, 17.052, 15.842, 15.126, 16.213, 16.995, 17.923, 17.378, 16.517, 14.934, 14.303, 14.448, 14.555, 13.768], [3.011, 2.518, 2.31, 2.035, 1.884, 2.258, 2.023, 1.352, 0.0, 1.765, 4.267, 4.88, 4.017, 4.564, 5.447, 5.452, 5.362, 4.104, 2.205, 2.417, 2.549, 3.778, 4.417, 4.787, 3.767, 3.854, 3.664, 4.336, 3.882, 4.134, 4.765, 4.609, 4.149, 3.904, 4.001, 4.568, 4.723, 3.84, 4.522, 4.784, 3.091, 2.956, 3.529, 2.439, 2.322, 4.062, 2.872, 2.63, 2.308, 2.893, 2.293, 2.408, 1.899, 2.187, 2.163, 2.115, 2.849, 3.823, 4.678, 4.741, 3.385, 4.176, 4.492, 4.251, 4.816, 4.063, 3.02, 3.858, 6.332, 5.789, 4.567, 4.686, 4.482, 4.737, 4.524, 3.836, 3.447, 3.104, 2.265, 2.561, 3.626, 4.087, 2.747, 3.15, 5.207, 5.794, 5.461, 4.939, 5.377, 6.198, 5.674, 8.803, 12.342, 12.744, 10.379, 9.546, 9.608, 9.874, 11.408, 10.739, 8.058, 7.388, 7.237, 6.766, 7.866, 8.484, 7.666, 6.085, 5.867, 6.906, 7.902, 8.308, 8.156, 8.746, 10.351, 11.354, 11.003, 8.285, 4.92, 4.329, 4.981, 6.406, 7.646, 9.972, 12.713, 15.307, 18.44, 20.374, 17.752, 16.197, 16.451, 16.115, 16.436, 16.829, 15.623, 14.858, 15.98, 16.77, 17.669, 17.131, 16.253, 14.693, 14.03, 14.197, 14.308, 13.518], [3.986, 3.421, 3.145, 2.241, 2.331, 2.798, 2.955, 2.079, 1.765, 0.0, 3.041, 3.846, 3.102, 3.46, 4.363, 4.508, 4.147, 2.81, 1.108, 1.399, 1.815, 4.34, 5.03, 4.68, 3.401, 3.19, 3.067, 3.965, 3.393, 3.762, 4.226, 3.777, 3.303, 3.4, 3.998, 4.516, 4.29, 3.361, 4.252, 4.805, 2.793, 2.466, 2.915, 2.05, 2.887, 4.818, 3.413, 2.669, 1.798, 1.812, 1.865, 2.272, 1.728, 1.815, 1.823, 1.985, 3.014, 3.921, 4.774, 4.741, 3.327, 4.278, 4.781, 3.806, 4.148, 3.586, 2.401, 3.944, 6.584, 6.024, 4.676, 4.658, 4.698, 4.59, 4.116, 3.355, 2.756, 2.243, 1.861, 1.922, 2.592, 2.944, 2.026, 2.344, 4.192, 4.842, 4.513, 3.985, 4.417, 5.163, 4.788, 7.855, 11.312, 11.713, 9.413, 8.564, 8.649, 8.868, 10.377, 9.709, 7.039, 6.378, 6.274, 5.859, 6.998, 7.435, 6.455, 4.847, 4.636, 5.93, 6.878, 7.278, 7.144, 7.734, 9.357, 10.361, 10.004, 7.302, 3.899, 3.441, 3.972, 5.423, 6.661, 8.944, 11.689, 14.287, 17.444, 19.349, 16.729, 15.169, 15.428, 15.092, 15.405, 15.801, 14.594, 13.83, 14.953, 15.74, 16.652, 16.104, 15.237, 13.662, 13.025, 13.183, 13.297, 12.507], [6.197, 4.882, 4.882, 3.879, 3.817, 4.69, 5.093, 4.398, 4.267, 3.041, 0.0, 1.636, 2.471, 2.314, 2.623, 2.539, 2.164, 1.826, 2.79, 2.742, 3.369, 7.003, 7.311, 5.921, 4.451, 3.366, 3.602, 4.6, 4.514, 4.659, 4.306, 3.487, 3.245, 3.662, 5.595, 5.603, 4.456, 3.935, 5.732, 6.321, 4.104, 3.508, 3.461, 3.606, 5.559, 7.309, 5.337, 3.842, 3.171, 2.327, 2.744, 3.731, 3.804, 3.217, 3.299, 3.745, 4.627, 5.354, 6.45, 6.381, 4.889, 6.489, 7.119, 5.358, 4.592, 4.537, 3.823, 5.877, 8.63, 8.234, 6.556, 6.086, 7.094, 6.742, 5.434, 4.854, 3.704, 2.999, 3.542, 3.531, 2.872, 2.923, 3.049, 2.187, 1.958, 2.044, 2.003, 1.869, 2.084, 2.487, 2.414, 4.928, 8.394, 8.795, 6.487, 5.703, 5.76, 5.937, 7.46, 6.798, 4.513, 3.755, 3.557, 3.137, 4.147, 4.551, 3.676, 2.588, 2.392, 3.76, 4.214, 4.465, 4.405, 4.914, 6.496, 7.797, 7.145, 4.65, 3.126, 2.414, 2.247, 3.05, 3.764, 6.03, 8.775, 11.375, 14.528, 16.433, 13.83, 12.252, 12.512, 12.178, 12.488, 12.889, 11.676, 10.973, 12.051, 12.822, 13.743, 13.221, 12.371, 10.951, 10.149, 10.27, 10.405, 9.592], [6.699, 5.239, 5.303, 4.257, 4.053, 5.03, 5.622, 5.094, 4.88, 3.846, 1.636, 0.0, 2.042, 2.361, 2.718, 2.53, 2.064, 2.074, 3.557, 3.429, 4.133, 7.754, 8.057, 6.572, 5.046, 3.677, 3.804, 4.776, 5.034, 5.281, 4.867, 4.0, 3.891, 4.453, 6.375, 6.046, 4.843, 4.31, 6.419, 7.07, 4.841, 4.06, 3.854, 4.332, 6.384, 8.132, 6.104, 4.573, 3.847, 3.033, 3.452, 4.452, 4.553, 3.945, 4.022, 4.496, 5.354, 5.939, 7.197, 7.092, 5.591, 7.248, 7.81, 6.096, 5.307, 5.277, 4.471, 6.563, 9.425, 8.973, 7.286, 6.784, 7.779, 7.443, 5.923, 5.434, 4.518, 3.866, 4.236, 4.407, 3.243, 3.379, 3.324, 2.373, 1.953, 1.634, 1.463, 1.362, 1.306, 1.91, 1.533, 4.076, 7.55, 7.948, 5.684, 4.863, 4.946, 5.1, 6.625, 6.004, 3.86, 3.061, 2.867, 2.475, 3.315, 3.925, 3.421, 2.502, 2.456, 3.336, 3.697, 3.796, 3.785, 4.327, 5.735, 7.196, 6.61, 4.269, 2.568, 1.861, 1.959, 2.541, 2.956, 5.203, 7.942, 10.55, 13.721, 15.614, 13.038, 11.408, 11.664, 11.334, 11.643, 12.048, 10.834, 10.238, 11.227, 11.991, 12.929, 12.402, 11.586, 10.267, 9.382, 9.478, 9.585, 8.764], [5.924, 4.633, 4.738, 3.713, 3.487, 4.396, 4.807, 4.177, 4.017, 3.102, 2.471, 2.042, 0.0, 1.7, 2.151, 2.201, 1.971, 2.177, 2.675, 2.978, 3.816, 6.786, 7.129, 6.392, 5.139, 4.654, 4.709, 5.692, 5.142, 5.547, 5.849, 5.054, 4.503, 4.935, 5.754, 6.194, 6.03, 5.122, 6.022, 6.45, 4.504, 4.009, 4.604, 3.817, 5.354, 6.968, 5.127, 3.749, 3.139, 2.676, 2.916, 3.457, 3.669, 3.257, 3.197, 3.876, 4.754, 5.736, 6.604, 6.537, 5.102, 6.306, 6.919, 5.522, 5.606, 5.331, 4.074, 5.699, 8.522, 7.976, 6.561, 6.325, 6.892, 6.81, 6.044, 5.277, 4.723, 4.045, 3.903, 4.092, 3.161, 3.549, 2.795, 2.151, 2.648, 2.941, 3.043, 2.785, 2.375, 3.243, 2.692, 5.199, 8.801, 9.191, 6.84, 5.939, 6.053, 6.318, 7.857, 7.187, 4.672, 3.857, 3.637, 3.242, 4.222, 4.803, 4.247, 3.147, 2.654, 3.564, 4.327, 4.793, 4.69, 5.267, 6.766, 7.886, 7.488, 4.81, 2.118, 2.324, 2.584, 3.399, 4.322, 6.428, 9.164, 11.781, 14.937, 16.846, 14.24, 12.642, 12.905, 12.565, 12.883, 13.277, 12.07, 11.262, 12.449, 13.22, 14.151, 13.601, 12.728, 11.231, 10.471, 10.682, 10.799, 10.006], [6.36, 5.355, 5.373, 4.443, 4.262, 5.028, 5.358, 4.638, 4.564, 3.46, 2.314, 2.361, 1.7, 0.0, 1.307, 1.702, 1.838, 2.114, 3.044, 3.015, 3.99, 7.06, 7.585, 7.043, 5.659, 4.763, 5.034, 6.019, 5.695, 5.869, 5.718, 4.811, 4.373, 5.078, 6.545, 6.836, 6.106, 5.348, 6.761, 7.27, 5.109, 4.653, 4.598, 4.4, 5.587, 7.338, 5.56, 4.462, 3.401, 2.846, 3.03, 4.233, 4.402, 4.002, 3.988, 4.815, 5.641, 6.606, 7.387, 7.241, 5.747, 6.737, 7.311, 5.978, 5.674, 5.279, 4.498, 6.433, 9.203, 8.616, 7.23, 7.163, 7.223, 7.029, 6.32, 5.539, 4.39, 3.383, 3.811, 3.632, 2.37, 2.723, 2.441, 2.018, 2.331, 2.886, 3.253, 3.278, 2.585, 3.273, 2.839, 4.728, 8.353, 8.751, 6.396, 5.482, 5.605, 5.873, 7.422, 6.748, 4.086, 3.387, 3.484, 3.06, 3.864, 4.203, 3.616, 2.64, 2.15, 3.083, 3.997, 4.326, 4.258, 4.84, 6.447, 7.572, 7.127, 4.393, 2.363, 2.491, 2.615, 3.462, 3.891, 5.996, 8.741, 11.344, 14.495, 16.424, 13.821, 12.213, 12.469, 12.14, 12.448, 12.854, 11.639, 10.951, 12.012, 12.785, 13.723, 13.199, 12.339, 10.77, 10.132, 10.251, 10.37, 9.567], [7.225, 6.158, 6.223, 5.227, 5.057, 5.918, 6.262, 5.575, 5.447, 4.363, 2.623, 2.718, 2.151, 1.307, 0.0, 1.093, 1.54, 2.562, 3.909, 3.853, 4.737, 8.059, 8.449, 7.779, 6.381, 5.434, 5.696, 6.668, 6.421, 6.565, 6.188, 5.237, 4.829, 5.591, 7.297, 7.513, 6.608, 6.027, 7.54, 7.972, 5.783, 5.322, 5.23, 5.111, 6.606, 8.355, 6.458, 5.277, 4.263, 3.674, 3.928, 5.053, 5.216, 4.797, 4.752, 5.546, 6.329, 7.29, 8.108, 7.968, 6.462, 7.66, 8.228, 6.746, 6.418, 5.939, 5.227, 7.251, 10.027, 9.491, 8.013, 7.929, 8.164, 7.885, 7.061, 6.187, 5.011, 4.098, 4.677, 4.553, 3.095, 2.947, 3.364, 2.821, 2.243, 2.709, 3.491, 3.717, 2.921, 3.542, 3.264, 3.871, 7.327, 7.725, 5.389, 4.495, 4.637, 4.848, 6.396, 5.723, 3.071, 2.377, 2.49, 2.177, 2.967, 3.392, 2.932, 2.614, 1.69, 2.128, 2.971, 3.309, 3.205, 3.787, 5.423, 6.514, 6.072, 3.357, 2.855, 3.009, 2.645, 2.782, 3.095, 4.974, 7.715, 10.315, 13.465, 15.398, 12.794, 11.188, 11.444, 11.114, 11.423, 11.828, 10.614, 9.925, 10.983, 11.76, 12.698, 12.172, 11.31, 9.721, 9.103, 9.224, 9.33, 8.54], [7.199, 6.039, 6.058, 5.123, 4.878, 5.872, 6.243, 5.576, 5.452, 4.508, 2.539, 2.53, 2.201, 1.702, 1.093, 0.0, 0.976, 2.251, 4.234, 4.248, 4.661, 8.147, 8.424, 7.559, 6.183, 5.333, 5.573, 6.581, 6.22, 6.532, 6.275, 5.26, 4.981, 5.7, 7.089, 7.422, 6.551, 5.872, 7.2, 8.057, 5.871, 5.189, 5.382, 5.261, 6.761, 8.524, 6.523, 5.027, 4.408, 3.732, 3.949, 4.885, 5.011, 4.531, 4.49, 4.983, 5.993, 6.815, 7.946, 7.899, 6.432, 7.778, 8.223, 6.837, 6.32, 6.156, 5.33, 7.259, 9.848, 9.442, 7.819, 7.678, 8.252, 8.007, 7.15, 6.509, 5.387, 4.574, 5.048, 4.902, 3.681, 3.628, 3.506, 3.073, 2.465, 2.713, 3.325, 3.484, 2.898, 3.43, 3.087, 3.838, 7.164, 7.556, 5.289, 4.297, 4.533, 4.712, 6.233, 5.564, 3.206, 2.335, 2.393, 2.194, 2.878, 3.288, 2.968, 2.65, 1.715, 2.255, 2.95, 3.169, 3.218, 3.794, 5.295, 6.613, 6.048, 3.369, 2.959, 3.234, 2.82, 2.856, 3.028, 4.839, 7.548, 10.168, 13.321, 15.254, 12.639, 11.019, 11.277, 10.946, 11.254, 11.66, 10.452, 9.772, 10.82, 11.601, 12.551, 12.018, 11.158, 9.708, 8.962, 9.076, 9.182, 8.377], [7.076, 5.77, 5.817, 4.796, 4.625, 5.581, 6.029, 5.478, 5.362, 4.147, 2.164, 2.064, 1.971, 1.838, 1.54, 0.976, 0.0, 1.701, 3.95, 3.892, 4.29, 7.988, 8.285, 7.085, 5.705, 4.843, 5.087, 6.112, 5.778, 6.032, 5.848, 4.903, 4.599, 5.373, 6.765, 6.986, 6.105, 5.362, 6.822, 7.685, 5.463, 4.742, 4.947, 4.889, 6.649, 8.402, 6.37, 4.805, 4.129, 3.301, 3.682, 4.692, 4.764, 4.195, 4.198, 4.8, 5.69, 6.386, 7.489, 7.475, 6.096, 7.471, 7.981, 6.459, 5.789, 5.793, 4.916, 6.943, 9.681, 9.229, 7.572, 7.226, 7.98, 7.73, 6.683, 6.12, 5.077, 4.261, 4.694, 4.637, 3.404, 3.354, 3.248, 2.883, 2.459, 2.54, 3.053, 3.055, 2.694, 3.082, 2.918, 4.042, 7.31, 7.697, 5.435, 4.603, 4.672, 4.896, 6.367, 5.697, 3.396, 2.575, 2.361, 2.107, 3.018, 3.46, 2.925, 2.241, 1.503, 2.512, 3.106, 3.401, 3.403, 3.961, 5.428, 6.842, 6.228, 3.654, 2.893, 2.864, 2.386, 2.632, 3.071, 4.926, 7.672, 10.309, 13.499, 15.39, 12.814, 11.139, 11.407, 11.079, 11.38, 11.778, 10.569, 9.992, 10.955, 11.75, 12.652, 12.176, 11.322, 9.78, 9.145, 9.173, 9.303, 8.51], [5.731, 4.695, 4.654, 3.813, 3.825, 4.585, 4.952, 4.264, 4.104, 2.81, 1.826, 2.074, 2.177, 2.114, 2.562, 2.251, 1.701, 0.0, 2.593, 2.495, 2.841, 6.591, 6.953, 5.705, 4.348, 3.494, 3.742, 4.806, 4.519, 4.715, 4.611, 3.865, 3.389, 4.116, 5.45, 5.717, 4.808, 4.017, 5.501, 6.312, 4.145, 3.381, 3.653, 3.496, 5.256, 7.008, 5.094, 3.679, 3.016, 2.066, 2.646, 3.544, 3.527, 2.909, 2.837, 3.572, 4.462, 5.155, 6.142, 6.013, 4.722, 6.139, 6.568, 5.081, 4.492, 4.443, 3.494, 5.492, 8.35, 7.88, 6.24, 5.937, 6.57, 6.23, 5.278, 4.674, 3.727, 2.922, 3.295, 3.233, 2.282, 2.366, 2.019, 2.171, 2.37, 2.545, 2.827, 2.854, 2.777, 3.033, 2.807, 5.274, 8.768, 9.087, 6.759, 5.965, 5.985, 6.306, 7.743, 7.088, 4.717, 3.877, 3.656, 3.286, 4.395, 4.803, 3.759, 2.338, 2.243, 3.747, 4.56, 4.899, 4.87, 5.422, 6.871, 8.294, 7.71, 5.098, 3.134, 2.463, 2.118, 3.195, 4.202, 6.336, 9.058, 11.754, 14.963, 16.863, 14.31, 12.561, 12.807, 12.448, 12.762, 13.164, 11.961, 11.473, 12.409, 13.183, 14.11, 13.617, 12.748, 11.192, 10.628, 10.621, 10.738, 10.017], [4.378, 3.655, 3.529, 2.687, 2.634, 3.201, 3.498, 2.477, 2.205, 1.108, 2.79, 3.557, 2.675, 3.044, 3.909, 4.234, 3.95, 2.593, 0.0, 1.104, 1.906, 4.564, 5.203, 4.745, 3.452, 3.116, 3.036, 3.972, 3.457, 3.831, 4.116, 3.605, 3.165, 3.171, 4.105, 4.534, 4.231, 3.351, 4.351, 4.692, 2.818, 2.446, 2.737, 2.061, 3.153, 4.84, 3.383, 2.633, 1.752, 1.427, 1.674, 2.239, 1.925, 1.953, 1.96, 2.373, 3.367, 4.238, 5.031, 4.871, 3.428, 4.437, 4.974, 3.76, 4.08, 3.478, 2.321, 4.016, 6.791, 6.18, 4.835, 4.728, 4.896, 4.796, 4.109, 3.386, 2.734, 2.056, 1.844, 1.92, 2.164, 2.645, 2.009, 2.086, 3.739, 4.432, 4.151, 3.697, 3.872, 4.606, 4.311, 7.52, 11.096, 11.497, 9.16, 8.245, 8.353, 8.626, 10.163, 9.493, 6.803, 6.097, 5.946, 5.455, 6.511, 6.958, 5.929, 4.322, 4.089, 5.667, 6.615, 7.06, 6.886, 7.496, 9.085, 10.031, 9.743, 6.989, 3.751, 3.141, 3.714, 5.071, 6.403, 8.731, 11.477, 14.071, 17.202, 19.124, 16.516, 14.954, 15.211, 14.878, 15.19, 15.589, 14.38, 13.564, 14.74, 15.526, 16.434, 15.893, 15.018, 13.446, 12.764, 12.958, 13.077, 12.278], [4.219, 3.455, 3.327, 2.56, 2.511, 3.058, 3.356, 2.549, 2.417, 1.399, 2.742, 3.429, 2.978, 3.015, 3.853, 4.248, 3.892, 2.495, 1.104, 0.0, 1.601, 4.498, 5.107, 4.358, 3.02, 2.671, 2.621, 3.479, 3.117, 3.344, 3.646, 3.469, 3.051, 3.036, 3.991, 4.163, 3.75, 2.901, 4.192, 4.698, 2.471, 2.111, 2.261, 1.814, 3.071, 4.816, 3.215, 2.358, 1.356, 1.095, 1.411, 2.184, 2.016, 2.066, 2.022, 2.462, 3.292, 4.052, 4.756, 4.618, 3.144, 4.287, 4.77, 3.468, 3.727, 3.109, 1.987, 3.878, 6.673, 6.122, 4.655, 4.571, 4.673, 4.403, 3.673, 2.927, 2.42, 1.797, 1.376, 1.752, 2.178, 2.5, 2.104, 2.117, 3.758, 4.375, 3.916, 3.6, 3.825, 4.293, 4.013, 7.302, 10.894, 11.284, 8.95, 8.03, 8.142, 8.43, 9.96, 9.282, 6.593, 5.882, 5.723, 5.233, 6.246, 6.653, 5.615, 3.915, 3.774, 5.608, 6.631, 6.963, 6.894, 7.457, 9.025, 10.18, 9.755, 7.05, 3.845, 3.294, 3.754, 5.205, 6.3, 8.544, 11.288, 13.924, 17.108, 19.005, 16.449, 14.747, 15.011, 14.678, 14.982, 15.392, 14.178, 13.586, 14.577, 15.352, 16.268, 15.782, 14.918, 13.276, 12.768, 12.793, 12.912, 12.139], [4.068, 3.903, 4.017, 3.196, 3.271, 4.03, 3.921, 3.198, 2.549, 1.815, 3.369, 4.133, 3.816, 3.99, 4.737, 4.661, 4.29, 2.841, 1.906, 1.601, 0.0, 4.016, 4.291, 3.283, 1.947, 1.8, 1.726, 2.493, 2.273, 2.409, 2.638, 2.736, 2.289, 2.23, 3.079, 3.348, 2.653, 1.871, 3.102, 3.924, 1.875, 1.697, 1.819, 1.457, 2.868, 5.183, 3.455, 2.497, 1.805, 1.497, 2.017, 2.439, 1.608, 1.78, 1.913, 1.823, 2.532, 3.249, 4.058, 3.819, 2.55, 3.479, 3.84, 2.664, 2.783, 2.286, 1.348, 3.084, 5.803, 5.331, 3.7, 3.569, 3.937, 3.639, 2.867, 2.289, 1.836, 1.644, 1.201, 1.617, 2.819, 3.057, 2.382, 3.123, 4.491, 5.005, 4.33, 4.182, 4.384, 4.594, 4.414, 7.727, 11.372, 11.64, 9.293, 8.428, 8.545, 8.84, 10.313, 9.641, 7.279, 6.339, 6.082, 5.703, 6.615, 6.971, 5.9, 4.214, 4.37, 6.312, 7.168, 7.583, 7.561, 8.101, 9.511, 10.928, 10.42, 7.729, 4.818, 4.192, 4.48, 5.863, 6.937, 8.926, 11.64, 14.36, 17.597, 19.486, 16.922, 15.15, 15.393, 15.035, 15.325, 15.745, 14.536, 14.123, 14.983, 15.764, 16.735, 16.204, 15.352, 13.841, 13.259, 13.254, 13.37, 12.658], [3.412, 4.378, 4.312, 4.673, 4.829, 4.767, 3.785, 3.582, 3.778, 4.34, 7.003, 7.754, 6.786, 7.06, 8.059, 8.147, 7.988, 6.591, 4.564, 4.498, 4.016, 0.0, 1.332, 2.373, 3.107, 4.806, 4.697, 4.346, 3.769, 3.532, 4.515, 5.194, 5.103, 4.057, 2.391, 2.709, 4.339, 4.0, 2.284, 2.437, 3.155, 4.101, 4.359, 3.678, 2.341, 3.918, 3.301, 3.749, 4.016, 4.995, 4.479, 3.721, 3.641, 4.124, 4.104, 3.737, 2.939, 2.911, 2.313, 2.379, 2.588, 1.954, 2.194, 3.157, 4.169, 3.594, 3.651, 2.461, 2.807, 2.391, 2.382, 2.832, 2.123, 2.388, 2.849, 3.184, 3.787, 4.232, 3.894, 4.037, 5.409, 6.05, 5.058, 5.925, 8.066, 8.68, 8.24, 7.895, 8.071, 8.519, 8.301, 11.621, 15.253, 15.643, 13.291, 12.374, 12.498, 12.772, 14.317, 13.641, 10.941, 10.228, 10.065, 9.526, 10.497, 10.92, 9.887, 8.029, 8.017, 9.919, 10.954, 11.286, 11.229, 11.766, 13.36, 14.474, 14.077, 11.374, 7.983, 7.426, 8.062, 9.533, 10.626, 12.894, 15.643, 18.262, 21.43, 23.343, 20.774, 19.106, 19.364, 19.035, 19.341, 19.749, 18.534, 17.909, 18.916, 19.69, 20.624, 20.121, 19.258, 17.632, 17.093, 17.149, 17.262, 16.467], [3.642, 4.549, 4.562, 4.927, 5.25, 5.24, 4.306, 4.245, 4.417, 5.03, 7.311, 8.057, 7.129, 7.585, 8.449, 8.424, 8.285, 6.953, 5.203, 5.107, 4.291, 1.332, 0.0, 2.169, 3.28, 4.995, 4.933, 4.423, 3.71, 3.515, 4.507, 5.188, 5.31, 4.292, 2.241, 2.647, 4.423, 4.126, 2.337, 2.358, 3.327, 4.32, 4.653, 4.055, 2.806, 4.385, 3.426, 3.817, 4.378, 5.298, 4.847, 3.9, 3.774, 4.357, 4.323, 3.83, 2.875, 2.944, 2.123, 2.079, 2.555, 1.845, 2.16, 3.124, 4.163, 3.534, 3.917, 2.378, 2.268, 2.197, 2.272, 2.7, 2.12, 2.452, 3.056, 3.386, 3.981, 4.869, 4.307, 4.847, 6.132, 6.642, 5.659, 6.602, 8.414, 8.923, 8.49, 8.068, 8.243, 8.737, 8.537, 11.858, 15.483, 15.881, 13.527, 12.612, 12.728, 13.003, 14.552, 13.878, 11.382, 10.538, 10.303, 9.768, 10.723, 11.134, 10.1, 8.249, 8.403, 10.252, 11.173, 11.549, 11.512, 12.047, 13.611, 14.888, 14.363, 11.691, 8.58, 7.916, 8.422, 9.808, 10.916, 13.128, 15.874, 18.491, 21.639, 23.567, 20.963, 19.344, 19.6, 19.27, 19.578, 19.985, 18.774, 18.109, 19.152, 19.926, 20.875, 20.339, 19.488, 17.94, 17.312, 17.401, 17.51, 16.701], [4.638, 5.526, 5.539, 5.718, 5.806, 6.159, 5.295, 4.883, 4.787, 4.68, 5.921, 6.572, 6.392, 7.043, 7.779, 7.559, 7.085, 5.705, 4.745, 4.358, 3.283, 2.373, 2.169, 0.0, 1.692, 3.164, 3.046, 2.856, 2.386, 2.201, 3.354, 4.004, 4.092, 3.115, 1.532, 1.397, 2.852, 2.603, 1.434, 1.735, 2.433, 2.705, 3.444, 3.11, 3.648, 5.691, 4.624, 4.201, 3.856, 4.395, 4.527, 4.136, 3.927, 3.886, 4.061, 3.156, 2.473, 2.397, 2.095, 1.742, 1.715, 1.759, 2.522, 2.418, 2.951, 2.759, 3.022, 2.167, 3.38, 2.935, 2.027, 1.928, 2.339, 1.933, 1.853, 2.596, 3.412, 4.145, 3.518, 4.351, 5.683, 5.924, 5.325, 6.26, 7.376, 7.436, 6.72, 6.546, 6.723, 6.828, 6.75, 10.081, 13.793, 14.006, 11.629, 10.753, 10.907, 11.208, 12.703, 12.01, 10.104, 9.062, 8.547, 8.157, 8.946, 9.325, 8.227, 6.644, 6.931, 9.256, 9.827, 10.168, 10.244, 10.734, 12.005, 13.703, 12.946, 10.416, 7.79, 7.187, 7.454, 8.651, 9.436, 11.29, 13.973, 16.758, 19.988, 21.876, 19.304, 17.545, 17.753, 17.385, 17.693, 18.089, 16.939, 16.633, 17.365, 18.189, 19.158, 18.586, 17.743, 16.521, 15.701, 15.683, 15.767, 15.093], [4.712, 4.975, 5.091, 4.718, 4.674, 5.26, 4.749, 4.265, 3.767, 3.401, 4.451, 5.046, 5.139, 5.659, 6.381, 6.183, 5.705, 4.348, 3.452, 3.02, 1.947, 3.107, 3.28, 1.692, 0.0, 1.785, 1.691, 1.737, 1.392, 1.289, 2.104, 2.631, 2.599, 1.614, 1.782, 1.617, 1.569, 1.21, 1.807, 2.432, 1.249, 1.662, 2.01, 1.784, 3.265, 5.599, 4.203, 3.266, 2.791, 3.035, 3.303, 3.381, 2.803, 2.839, 3.013, 2.294, 2.296, 2.559, 3.268, 2.939, 1.595, 2.453, 2.845, 1.765, 1.937, 1.796, 1.632, 2.139, 4.684, 4.214, 2.573, 1.998, 2.923, 2.544, 1.336, 1.516, 2.14, 2.704, 2.133, 2.983, 4.24, 4.422, 3.999, 4.868, 5.834, 5.929, 5.286, 5.062, 5.254, 5.467, 5.358, 8.669, 12.332, 12.632, 10.288, 9.383, 9.533, 9.829, 11.306, 10.664, 8.534, 7.514, 7.116, 6.642, 7.537, 7.926, 6.893, 5.197, 5.413, 7.75, 8.277, 8.598, 8.647, 9.155, 10.479, 12.094, 11.435, 8.856, 6.39, 5.754, 5.947, 7.098, 7.923, 9.915, 12.641, 15.341, 18.563, 20.452, 17.888, 16.117, 16.381, 16.031, 16.327, 16.745, 15.528, 15.092, 15.975, 16.751, 17.695, 17.192, 16.353, 14.934, 14.235, 14.217, 14.34, 13.618], [5.201, 5.196, 5.347, 4.607, 4.66, 5.417, 5.233, 4.569, 3.854, 3.19, 3.366, 3.677, 4.654, 4.763, 5.434, 5.333, 4.843, 3.494, 3.116, 2.671, 1.8, 4.806, 4.995, 3.164, 1.785, 0.0, 0.792, 1.635, 1.905, 2.19, 2.098, 1.921, 1.95, 1.791, 3.389, 2.854, 1.726, 1.266, 3.292, 4.136, 1.956, 1.743, 1.72, 2.032, 4.072, 6.443, 4.66, 3.596, 3.068, 2.535, 3.352, 3.708, 2.779, 2.843, 3.088, 2.378, 2.903, 3.186, 4.303, 3.978, 2.71, 4.13, 4.543, 2.93, 2.289, 2.605, 2.024, 3.561, 6.427, 5.958, 4.319, 3.716, 4.666, 4.253, 2.749, 2.495, 2.217, 1.996, 2.079, 2.504, 3.451, 3.339, 3.193, 4.128, 4.703, 4.367, 3.76, 3.522, 3.716, 3.806, 3.741, 6.95, 10.662, 10.906, 8.551, 7.656, 7.81, 8.102, 9.574, 9.001, 7.227, 6.198, 5.727, 5.204, 5.81, 6.199, 5.135, 3.801, 4.254, 6.652, 7.049, 7.274, 7.289, 7.749, 8.937, 10.727, 10.056, 7.761, 5.771, 4.772, 4.861, 5.904, 6.381, 8.219, 10.899, 13.627, 16.864, 18.751, 16.181, 14.415, 14.657, 14.298, 14.588, 15.003, 13.821, 13.601, 14.302, 15.06, 16.027, 15.512, 14.671, 13.553, 12.618, 12.573, 12.647, 11.961], [5.168, 5.081, 5.246, 4.484, 4.494, 5.288, 5.185, 4.471, 3.664, 3.067, 3.602, 3.804, 4.709, 5.034, 5.696, 5.573, 5.087, 3.742, 3.036, 2.621, 1.726, 4.697, 4.933, 3.046, 1.691, 0.792, 0.0, 1.219, 1.693, 2.022, 2.081, 2.042, 2.045, 1.906, 3.291, 2.718, 1.513, 1.086, 3.185, 4.055, 1.85, 1.585, 1.692, 1.94, 3.999, 6.35, 4.589, 3.501, 2.97, 2.522, 3.244, 3.632, 2.633, 2.661, 2.901, 2.115, 2.875, 3.082, 4.286, 3.932, 2.606, 4.063, 4.477, 2.909, 2.599, 2.448, 1.872, 3.495, 6.361, 5.892, 4.22, 3.65, 4.6, 4.187, 2.665, 2.429, 2.232, 2.222, 1.973, 2.593, 3.765, 3.666, 3.492, 4.269, 4.951, 4.551, 3.807, 3.58, 3.8, 3.854, 3.734, 7.049, 10.761, 10.99, 8.628, 7.741, 7.914, 8.187, 9.672, 9.144, 7.458, 6.437, 5.936, 5.435, 5.957, 6.319, 5.29, 3.999, 4.524, 6.904, 7.299, 7.506, 7.507, 7.964, 9.113, 10.94, 10.281, 8.029, 5.826, 4.97, 5.127, 6.133, 6.541, 8.351, 10.968, 13.726, 16.966, 18.849, 16.279, 14.514, 14.744, 14.376, 14.673, 15.08, 13.908, 13.761, 14.452, 15.156, 16.136, 15.624, 14.814, 13.756, 12.777, 12.708, 12.792, 12.076], [5.621, 5.481, 5.623, 5.279, 5.192, 5.744, 5.564, 4.831, 4.336, 3.965, 4.6, 4.776, 5.692, 6.019, 6.668, 6.581, 6.112, 4.806, 3.972, 3.479, 2.493, 4.346, 4.423, 2.856, 1.737, 1.635, 1.219, 0.0, 1.451, 1.599, 1.814, 2.091, 2.468, 2.167, 2.891, 2.293, 1.177, 1.12, 2.705, 3.526, 1.713, 1.971, 1.739, 2.332, 4.079, 6.377, 4.809, 3.853, 3.367, 3.499, 3.773, 3.97, 3.358, 3.204, 3.484, 2.647, 3.12, 3.191, 4.211, 3.827, 2.532, 3.508, 3.941, 2.749, 2.604, 2.138, 2.364, 2.967, 5.806, 5.337, 3.709, 3.133, 4.045, 3.69, 2.408, 2.256, 2.294, 2.957, 2.47, 3.354, 4.537, 4.57, 4.46, 5.255, 5.852, 5.24, 4.507, 4.151, 4.379, 4.43, 4.378, 7.597, 11.237, 11.517, 9.189, 8.242, 8.459, 8.799, 10.282, 9.854, 8.3, 7.361, 6.889, 6.296, 6.535, 6.89, 5.982, 4.728, 5.458, 7.843, 8.232, 8.318, 8.292, 8.783, 9.875, 11.682, 11.117, 8.996, 6.833, 5.925, 6.082, 6.97, 7.217, 8.944, 11.514, 14.222, 17.429, 19.31, 16.735, 15.008, 15.247, 14.935, 15.246, 15.627, 14.44, 14.438, 15.083, 15.73, 16.651, 16.153, 15.454, 14.519, 13.421, 13.274, 13.345, 12.586], [5.406, 5.298, 5.381, 4.732, 4.77, 5.461, 5.267, 4.545, 3.882, 3.393, 4.514, 5.034, 5.142, 5.695, 6.421, 6.22, 5.778, 4.519, 3.457, 3.117, 2.273, 3.769, 3.71, 2.386, 1.392, 1.905, 1.693, 1.451, 0.0, 0.993, 1.71, 2.374, 2.733, 2.075, 2.092, 1.889, 1.654, 1.319, 2.077, 2.708, 1.228, 1.902, 2.36, 1.875, 3.683, 5.991, 4.463, 3.511, 3.057, 3.196, 3.575, 3.681, 2.833, 2.935, 3.142, 2.099, 2.566, 2.765, 3.627, 3.26, 1.96, 2.637, 3.169, 1.646, 1.695, 1.735, 1.849, 2.075, 4.83, 4.386, 2.787, 2.258, 3.152, 2.853, 2.078, 1.623, 1.979, 2.838, 2.375, 3.083, 4.254, 4.464, 4.032, 4.914, 5.935, 5.862, 5.209, 4.917, 5.0, 5.398, 5.14, 8.472, 12.102, 12.482, 10.147, 9.246, 9.341, 9.618, 11.158, 10.54, 8.759, 7.796, 7.339, 6.766, 7.329, 7.733, 6.773, 5.106, 5.526, 7.837, 8.356, 8.69, 8.769, 9.233, 10.513, 12.216, 11.426, 8.969, 6.438, 5.8, 6.015, 7.204, 7.885, 9.876, 12.48, 15.124, 18.29, 20.192, 17.604, 15.945, 16.203, 15.886, 16.208, 16.6, 15.398, 15.114, 15.933, 16.554, 17.499, 17.083, 16.299, 15.11, 14.175, 14.134, 14.245, 13.34], [5.378, 5.349, 5.382, 5.078, 5.092, 5.585, 5.257, 4.591, 4.134, 3.762, 4.659, 5.281, 5.547, 5.869, 6.565, 6.532, 6.032, 4.715, 3.831, 3.344, 2.409, 3.532, 3.515, 2.201, 1.289, 2.19, 2.022, 1.599, 0.993, 0.0, 1.46, 2.485, 2.684, 1.832, 1.905, 1.856, 1.658, 1.36, 1.862, 2.297, 1.359, 2.114, 2.063, 1.989, 3.644, 5.936, 4.489, 3.597, 3.168, 3.426, 3.709, 3.833, 3.26, 3.103, 3.43, 2.553, 2.642, 2.992, 3.422, 3.088, 1.903, 2.294, 2.956, 1.751, 1.56, 1.464, 1.988, 1.782, 4.403, 3.995, 2.381, 1.947, 2.734, 2.345, 1.641, 1.32, 1.934, 2.824, 2.403, 3.227, 4.369, 4.527, 4.282, 5.106, 5.983, 6.092, 5.576, 5.286, 5.392, 5.746, 5.625, 8.936, 12.536, 12.909, 10.574, 9.65, 9.796, 10.096, 11.585, 10.916, 8.719, 7.841, 7.507, 6.978, 7.772, 8.155, 7.11, 5.343, 5.575, 7.924, 8.481, 8.833, 8.827, 9.38, 10.73, 12.303, 11.542, 9.093, 6.659, 5.905, 6.085, 7.267, 8.139, 10.209, 12.918, 15.59, 18.781, 20.677, 18.121, 16.372, 16.644, 16.309, 16.606, 17.023, 15.807, 15.349, 16.293, 17.017, 17.933, 17.495, 16.659, 15.169, 14.515, 14.486, 14.635, 13.822], [6.204, 6.118, 6.21, 5.605, 5.623, 6.315, 6.136, 5.427, 4.765, 4.226, 4.306, 4.867, 5.849, 5.718, 6.188, 6.275, 5.848, 4.611, 4.116, 3.646, 2.638, 4.515, 4.507, 3.354, 2.104, 2.098, 2.081, 1.814, 1.71, 1.46, 0.0, 1.463, 1.895, 1.652, 3.039, 2.943, 1.486, 1.6, 2.897, 3.116, 1.99, 2.775, 1.843, 2.607, 4.499, 6.778, 5.348, 4.363, 3.884, 3.589, 4.231, 4.563, 3.788, 3.879, 4.06, 3.299, 3.679, 4.093, 4.497, 4.14, 2.845, 3.224, 3.68, 2.118, 1.612, 1.659, 2.238, 2.737, 5.321, 4.86, 3.284, 2.76, 3.545, 3.216, 2.218, 1.668, 1.651, 2.541, 2.778, 3.084, 4.126, 3.953, 4.231, 5.006, 5.232, 5.215, 4.726, 4.842, 4.867, 4.859, 4.998, 8.012, 11.675, 12.01, 9.663, 8.741, 8.875, 9.172, 10.687, 10.008, 7.687, 6.847, 6.659, 5.997, 6.852, 7.257, 6.199, 4.521, 5.224, 7.231, 7.749, 7.873, 7.828, 8.413, 9.81, 11.274, 10.759, 8.533, 6.91, 5.726, 5.493, 6.359, 7.198, 9.272, 12.016, 14.677, 17.885, 19.776, 17.215, 15.475, 15.742, 15.407, 15.708, 16.121, 14.909, 14.389, 15.319, 16.094, 17.017, 16.532, 15.68, 14.14, 13.553, 13.54, 13.677, 12.943], [6.497, 6.243, 6.374, 5.491, 5.451, 6.377, 6.317, 5.489, 4.609, 3.777, 3.487, 4.0, 5.054, 4.811, 5.237, 5.26, 4.903, 3.865, 3.605, 3.469, 2.736, 5.194, 5.188, 4.004, 2.631, 1.921, 2.042, 2.091, 2.374, 2.485, 1.463, 0.0, 1.028, 1.736, 3.676, 3.394, 1.912, 1.965, 3.703, 4.191, 2.23, 2.857, 2.058, 2.82, 4.803, 7.006, 5.483, 4.634, 3.986, 3.367, 4.319, 4.595, 3.681, 3.652, 3.825, 3.155, 3.863, 4.322, 5.024, 4.875, 3.176, 4.332, 4.933, 3.214, 2.431, 2.483, 2.551, 3.7, 6.54, 6.04, 4.422, 3.873, 4.89, 4.575, 3.147, 2.713, 1.862, 2.108, 2.899, 2.747, 3.273, 2.914, 3.504, 4.243, 4.141, 3.911, 4.021, 4.112, 3.996, 3.881, 4.172, 6.839, 10.475, 10.855, 8.495, 7.593, 7.697, 7.984, 9.521, 8.916, 6.69, 5.967, 5.652, 4.851, 5.704, 6.114, 5.052, 3.57, 4.28, 6.129, 6.616, 6.605, 6.576, 7.121, 8.546, 9.894, 9.476, 7.268, 6.129, 4.946, 4.431, 5.124, 5.879, 8.098, 10.844, 13.469, 16.618, 18.534, 15.92, 14.313, 14.569, 14.239, 14.548, 14.953, 13.738, 13.011, 14.129, 14.901, 15.831, 15.283, 14.41, 12.999, 12.205, 12.363, 12.473, 11.686], [6.152, 5.844, 5.935, 5.075, 5.057, 5.938, 5.883, 5.009, 4.149, 3.303, 3.245, 3.891, 4.503, 4.373, 4.829, 4.981, 4.599, 3.389, 3.165, 3.051, 2.289, 5.103, 5.31, 4.092, 2.599, 1.95, 2.045, 2.468, 2.733, 2.684, 1.895, 1.028, 0.0, 1.63, 3.725, 3.596, 2.215, 2.202, 3.744, 4.201, 2.303, 2.76, 2.035, 2.528, 4.421, 6.546, 5.16, 4.293, 3.647, 3.007, 3.92, 4.165, 3.173, 3.216, 3.399, 2.902, 3.654, 4.234, 4.973, 4.92, 3.233, 4.457, 5.081, 3.329, 2.665, 2.619, 2.243, 3.785, 6.644, 6.147, 4.505, 4.074, 5.06, 4.722, 3.294, 2.746, 1.808, 1.806, 2.635, 2.479, 2.959, 2.579, 3.131, 3.805, 3.744, 3.885, 4.051, 4.021, 3.934, 3.945, 4.1, 6.837, 10.479, 10.837, 8.477, 7.59, 7.679, 7.964, 9.503, 8.838, 6.455, 5.776, 5.542, 4.829, 5.727, 6.152, 5.111, 3.357, 4.015, 5.711, 6.228, 6.485, 6.412, 7.035, 8.426, 9.736, 9.246, 7.044, 5.637, 4.489, 3.939, 4.701, 5.89, 8.08, 10.82, 13.43, 16.602, 18.523, 15.899, 14.304, 14.551, 14.221, 14.53, 14.933, 13.72, 12.963, 14.103, 14.866, 15.812, 15.278, 14.408, 12.931, 12.082, 12.333, 12.453, 11.685], [5.501, 5.601, 5.526, 4.994, 4.931, 5.603, 5.213, 4.544, 3.904, 3.4, 3.662, 4.453, 4.935, 5.078, 5.591, 5.7, 5.373, 4.116, 3.171, 3.036, 2.23, 4.057, 4.292, 3.115, 1.614, 1.791, 1.906, 2.167, 2.075, 1.832, 1.652, 1.736, 1.63, 0.0, 2.53, 2.451, 1.524, 1.538, 2.652, 3.065, 1.551, 2.33, 1.774, 1.994, 3.601, 5.773, 4.568, 3.764, 3.239, 3.15, 3.67, 3.702, 3.147, 3.171, 3.437, 2.598, 3.003, 3.429, 4.255, 4.144, 2.384, 3.413, 3.989, 2.43, 2.039, 1.847, 1.851, 2.74, 5.529, 5.041, 3.432, 2.92, 3.941, 3.587, 2.223, 1.936, 1.474, 2.049, 2.332, 2.501, 3.525, 3.383, 3.738, 4.254, 4.796, 5.015, 4.744, 4.575, 4.568, 4.961, 4.957, 8.09, 11.7, 12.1, 9.741, 8.843, 8.941, 9.227, 10.767, 10.132, 7.684, 6.875, 6.579, 5.992, 6.954, 7.36, 6.336, 4.55, 4.754, 6.814, 7.367, 7.687, 7.585, 8.235, 9.703, 10.826, 10.395, 7.775, 6.047, 4.951, 4.859, 5.937, 7.05, 9.331, 12.077, 14.683, 17.821, 19.745, 17.126, 15.555, 15.812, 15.478, 15.794, 16.19, 14.983, 14.163, 15.349, 16.13, 17.045, 16.5, 15.639, 14.228, 13.366, 13.584, 13.69, 12.895], [4.547, 5.055, 4.986, 5.071, 5.084, 5.464, 4.682, 4.163, 4.001, 3.998, 5.595, 6.375, 5.754, 6.545, 7.297, 7.089, 6.765, 5.45, 4.105, 3.991, 3.079, 2.391, 2.241, 1.532, 1.782, 3.389, 3.291, 2.891, 2.092, 1.905, 3.039, 3.676, 3.725, 2.53, 0.0, 1.169, 2.744, 2.516, 1.251, 1.5, 1.888, 2.803, 3.297, 2.62, 2.857, 4.952, 3.966, 3.553, 3.338, 4.109, 4.076, 3.44, 3.257, 3.197, 3.415, 2.528, 2.019, 2.245, 2.488, 2.351, 1.344, 1.377, 1.931, 1.739, 2.318, 2.128, 2.501, 1.396, 3.322, 2.784, 1.356, 1.497, 1.728, 1.801, 1.983, 2.204, 2.773, 3.722, 3.263, 3.898, 5.182, 5.481, 4.791, 5.72, 6.984, 7.162, 6.84, 6.38, 6.528, 7.1, 6.899, 10.22, 13.844, 14.239, 11.88, 10.974, 11.081, 11.365, 12.906, 12.241, 9.993, 9.11, 8.785, 8.172, 9.085, 9.489, 8.467, 6.637, 6.745, 8.888, 9.587, 9.918, 9.89, 10.467, 11.931, 13.323, 12.578, 10.071, 7.302, 6.695, 7.012, 8.233, 9.254, 11.484, 14.225, 16.832, 19.981, 21.897, 19.275, 17.697, 17.953, 17.624, 17.933, 18.338, 17.123, 16.419, 17.52, 18.269, 19.207, 18.674, 17.818, 16.433, 15.589, 15.737, 15.873, 15.041], [5.062, 5.578, 5.629, 5.599, 5.604, 6.016, 5.254, 4.741, 4.568, 4.516, 5.603, 6.046, 6.194, 6.836, 7.513, 7.422, 6.986, 5.717, 4.534, 4.163, 3.348, 2.709, 2.647, 1.397, 1.617, 2.854, 2.718, 2.293, 1.889, 1.856, 2.943, 3.394, 3.596, 2.451, 1.169, 0.0, 2.158, 2.201, 1.454, 1.706, 1.991, 2.717, 3.067, 2.79, 3.426, 5.596, 4.616, 4.079, 3.787, 4.338, 4.464, 3.901, 3.692, 3.68, 3.872, 2.966, 2.489, 2.39, 2.753, 2.484, 1.631, 1.819, 2.416, 1.987, 2.476, 2.222, 2.654, 2.052, 3.838, 3.274, 1.849, 1.651, 2.34, 2.152, 1.753, 2.336, 2.853, 3.757, 3.346, 4.284, 5.341, 5.531, 5.308, 6.009, 6.975, 6.854, 6.312, 5.921, 6.072, 6.517, 6.29, 9.611, 13.279, 13.633, 11.284, 10.364, 10.468, 10.755, 12.292, 11.714, 9.815, 8.856, 8.391, 7.79, 8.479, 8.88, 7.861, 6.22, 6.585, 8.838, 9.31, 9.722, 9.781, 10.227, 11.45, 13.161, 12.431, 9.948, 7.491, 6.767, 6.985, 8.177, 8.912, 10.948, 13.617, 16.243, 19.412, 21.31, 18.707, 17.096, 17.34, 17.01, 17.331, 17.727, 16.511, 16.063, 16.997, 17.678, 18.633, 18.129, 17.299, 16.153, 15.119, 15.21, 15.321, 14.494], [5.756, 5.969, 6.044, 5.649, 5.541, 6.207, 5.719, 5.225, 4.723, 4.29, 4.456, 4.843, 6.03, 6.106, 6.608, 6.551, 6.105, 4.808, 4.231, 3.75, 2.653, 4.339, 4.423, 2.852, 1.569, 1.726, 1.513, 1.177, 1.654, 1.658, 1.486, 1.912, 2.215, 1.524, 2.744, 2.158, 0.0, 1.061, 2.603, 3.484, 1.98, 2.471, 1.868, 2.641, 4.198, 6.506, 5.181, 4.205, 3.775, 3.696, 4.079, 4.316, 3.725, 3.664, 3.932, 3.017, 3.243, 3.221, 4.226, 3.838, 2.55, 3.445, 3.885, 2.581, 2.379, 1.937, 2.567, 3.069, 5.738, 5.269, 3.612, 3.082, 3.978, 3.6, 2.223, 2.277, 2.206, 2.9, 2.795, 3.389, 4.568, 4.255, 4.641, 5.308, 5.528, 5.151, 4.457, 4.607, 4.731, 4.54, 4.58, 7.667, 11.29, 11.613, 9.294, 8.357, 8.505, 8.777, 10.251, 9.709, 8.027, 7.126, 6.635, 6.047, 6.469, 6.821, 5.87, 4.464, 5.38, 7.5, 7.901, 8.072, 8.079, 8.545, 9.714, 11.518, 10.847, 8.676, 7.081, 5.976, 5.833, 6.694, 7.157, 8.991, 11.586, 14.298, 17.52, 19.397, 16.825, 15.068, 15.326, 14.976, 15.307, 15.723, 14.493, 14.38, 15.125, 15.764, 16.699, 16.272, 15.488, 14.332, 13.396, 13.312, 13.437, 12.66], [5.119, 5.114, 5.182, 4.713, 4.638, 5.308, 5.057, 4.4, 3.84, 3.361, 3.935, 4.31, 5.122, 5.348, 6.027, 5.872, 5.362, 4.017, 3.351, 2.901, 1.871, 4.0, 4.126, 2.603, 1.21, 1.266, 1.086, 1.12, 1.319, 1.36, 1.6, 1.965, 2.202, 1.538, 2.516, 2.201, 1.061, 0.0, 2.4, 3.207, 1.392, 1.662, 1.468, 1.81, 3.652, 5.971, 4.42, 3.383, 2.96, 2.825, 3.23, 3.531, 2.794, 2.757, 3.012, 2.241, 2.746, 2.973, 3.864, 3.483, 2.145, 3.239, 3.689, 2.203, 2.003, 1.758, 1.847, 2.651, 5.513, 5.044, 3.362, 2.813, 3.752, 3.358, 1.96, 1.861, 1.842, 2.377, 2.045, 2.763, 3.898, 3.984, 3.806, 4.59, 5.365, 5.123, 4.503, 4.281, 4.47, 4.693, 4.568, 7.87, 11.507, 11.813, 9.465, 8.583, 8.714, 9.009, 10.476, 9.882, 7.869, 6.923, 6.514, 5.933, 6.709, 7.051, 6.024, 4.486, 4.9, 7.296, 7.703, 7.916, 7.934, 8.406, 9.668, 11.367, 10.75, 8.413, 6.227, 5.409, 5.518, 6.536, 7.109, 9.095, 11.812, 14.516, 17.737, 19.626, 17.064, 15.294, 15.561, 15.203, 15.497, 15.917, 14.709, 14.291, 15.166, 15.931, 16.867, 16.388, 15.533, 14.192, 13.42, 13.387, 13.527, 12.793], [4.911, 5.547, 5.564, 5.569, 5.404, 5.996, 5.256, 4.778, 4.522, 4.252, 5.732, 6.419, 6.022, 6.761, 7.54, 7.2, 6.822, 5.501, 4.351, 4.192, 3.102, 2.284, 2.337, 1.434, 1.807, 3.292, 3.185, 2.705, 2.077, 1.862, 2.897, 3.703, 3.744, 2.652, 1.251, 1.454, 2.603, 2.4, 0.0, 1.724, 2.163, 2.973, 3.29, 3.009, 3.473, 5.45, 4.587, 3.992, 3.631, 4.19, 4.15, 3.934, 3.565, 3.34, 3.66, 2.885, 2.631, 2.55, 2.646, 2.432, 1.898, 1.707, 2.038, 1.943, 2.348, 2.275, 2.819, 1.925, 3.325, 2.878, 1.728, 1.647, 2.018, 1.754, 1.684, 2.167, 2.878, 3.871, 3.436, 4.008, 5.419, 5.715, 4.911, 5.759, 7.154, 7.268, 6.746, 6.412, 6.611, 6.993, 6.784, 10.101, 13.801, 14.123, 11.749, 10.854, 10.986, 11.245, 12.777, 12.121, 9