[[0.0, 1.275, 1.154, 1.349, 1.368, 1.308, 2.124, 2.921, 3.031, 3.354, 5.328, 6.493, 6.751, 6.063, 4.861, 3.458, 2.951, 2.807, 3.514, 3.109, 2.364, 4.533, 5.504, 4.178, 5.342, 8.059, 8.823, 6.66, 4.92, 4.638, 4.621, 5.219, 4.561, 4.364, 3.877, 5.437, 7.705, 9.172, 8.817, 9.527, 11.516, 11.438, 9.291, 8.042, 7.553, 7.734, 8.17, 8.513, 6.442, 6.252, 6.816, 7.107, 5.366, 5.272, 5.367, 4.335, 3.749, 3.787, 3.462, 2.56, 1.464, 5.363, 5.233, 3.176, 3.188, 3.891, 3.836, 5.295, 5.491, 5.632, 5.743, 5.378, 5.644, 5.752, 5.402, 6.681, 8.723, 6.777, 5.555, 5.824, 5.765, 8.123, 11.517, 12.856, 11.774, 12.261, 13.878, 13.951, 13.341, 13.205, 12.038, 10.259, 10.773, 12.52, 13.811, 14.159, 14.396, 14.49, 14.23, 14.353, 13.966, 13.03, 13.041, 12.523, 9.507, 8.482, 7.787, 5.255, 2.223, 1.61, 1.754, 1.25, 1.845, 1.904, 1.739, 1.748, 2.198, 3.602, 3.795, 2.004, 2.066, 2.149, 3.468, 4.66, 5.358, 6.081, 5.437, 5.786, 7.375, 7.296, 5.977, 6.111, 5.938, 4.592, 3.689, 3.807, 2.955, 3.184, 2.529, 2.756, 2.196, 1.784, 1.107, 1.743, 3.589, 2.233, 1.358, 1.933, 2.076, 1.788, 2.295, 3.583, 3.505, 3.442, 3.34, 2.717, 2.014, 2.827, 3.424, 2.416, 1.739, 2.134, 2.238, 2.439, 2.08, 3.509, 4.998, 5.853, 6.519, 5.472, 5.701, 6.06, 4.759, 5.7, 6.104, 6.898, 8.795, 10.834, 11.364, 11.906, 11.863, 12.449, 12.632, 12.879, 12.434, 11.361, 9.697, 8.091, 10.476, 10.825, 9.864, 9.661, 11.064, 12.435, 13.707, 13.067, 13.615, 14.601, 13.612, 11.872, 10.405, 8.528, 6.873, 7.008, 5.303], [1.275, 0.0, 1.11, 1.612, 1.341, 1.788, 1.997, 2.896, 3.013, 3.566, 5.214, 6.473, 6.697, 6.058, 4.809, 3.421, 2.988, 3.118, 3.534, 3.099, 2.47, 4.486, 5.466, 3.888, 4.949, 7.905, 8.29, 6.084, 4.518, 4.541, 4.401, 5.1, 4.284, 3.986, 3.672, 5.43, 7.596, 9.122, 8.728, 9.449, 11.497, 11.351, 9.327, 7.966, 7.404, 7.499, 8.123, 8.402, 6.337, 5.767, 6.482, 6.443, 4.853, 4.977, 4.951, 4.135, 3.728, 3.481, 3.183, 2.347, 1.676, 5.398, 5.29, 3.152, 3.154, 3.783, 3.777, 5.208, 5.452, 5.691, 5.29, 5.196, 5.481, 5.13, 5.021, 6.411, 8.42, 6.447, 5.265, 5.566, 5.654, 7.84, 11.3, 12.641, 11.527, 12.19, 13.873, 13.963, 13.291, 13.098, 11.768, 9.98, 10.282, 11.996, 13.345, 13.895, 14.169, 14.073, 14.002, 14.27, 13.934, 12.98, 13.037, 12.511, 9.473, 8.213, 7.566, 5.046, 2.267, 2.013, 2.048, 1.666, 2.101, 1.93, 1.812, 1.935, 2.663, 3.7, 3.807, 2.644, 2.293, 2.185, 3.415, 4.631, 5.308, 5.992, 5.438, 5.738, 7.281, 7.186, 5.917, 5.958, 5.867, 4.569, 3.579, 3.603, 2.818, 3.122, 2.369, 2.794, 2.072, 1.851, 1.249, 1.958, 3.582, 2.645, 1.757, 1.606, 2.026, 1.777, 2.776, 3.819, 3.82, 3.583, 3.91, 3.335, 2.799, 3.343, 3.781, 2.48, 2.363, 2.507, 2.27, 2.184, 2.037, 3.156, 4.401, 5.295, 5.843, 4.832, 5.181, 5.46, 4.63, 5.503, 5.869, 6.704, 8.595, 10.575, 11.169, 11.486, 12.011, 11.877, 12.259, 12.26, 11.906, 10.744, 9.167, 7.656, 10.474, 10.808, 9.812, 9.605, 10.996, 12.318, 13.599, 13.04, 13.555, 14.548, 13.567, 11.815, 10.422, 8.523, 6.862, 6.992, 5.23], [1.154, 1.11, 0.0, 1.353, 1.15, 1.564, 2.241, 3.193, 3.322, 3.54, 5.478, 6.752, 7.043, 6.397, 5.158, 3.738, 3.334, 3.191, 3.85, 3.442, 2.653, 4.867, 5.796, 4.216, 5.048, 8.023, 8.535, 6.375, 4.665, 4.65, 4.523, 5.465, 4.586, 4.407, 4.001, 5.756, 7.957, 9.49, 9.11, 9.745, 11.784, 11.707, 9.647, 8.243, 7.676, 7.853, 8.442, 8.792, 6.624, 6.0, 6.828, 6.946, 5.179, 5.274, 5.304, 4.474, 3.966, 3.675, 3.279, 2.432, 1.333, 5.09, 5.0, 2.784, 2.925, 3.411, 3.79, 5.302, 5.498, 5.825, 5.735, 5.476, 5.764, 5.582, 5.312, 6.793, 8.791, 6.815, 5.486, 5.855, 5.824, 8.195, 11.691, 12.987, 11.887, 12.46, 14.155, 14.234, 13.641, 13.473, 12.138, 10.205, 10.408, 12.245, 13.803, 14.175, 14.541, 14.518, 14.36, 14.617, 14.238, 13.33, 13.316, 12.793, 9.755, 8.488, 7.85, 5.097, 2.171, 1.708, 2.076, 1.437, 1.892, 1.875, 1.502, 1.602, 2.199, 3.269, 3.508, 2.284, 2.344, 2.425, 3.775, 4.962, 5.659, 6.366, 5.763, 6.092, 7.674, 7.551, 6.283, 6.314, 6.256, 4.78, 3.574, 3.674, 2.675, 2.672, 2.407, 2.866, 2.213, 1.91, 1.41, 1.562, 3.315, 2.135, 1.332, 1.659, 1.917, 1.781, 2.277, 3.345, 3.328, 3.211, 3.404, 2.915, 2.312, 2.927, 3.245, 2.057, 1.951, 2.003, 1.79, 2.192, 2.175, 3.401, 4.811, 5.684, 6.259, 5.324, 5.437, 5.793, 4.65, 5.573, 5.944, 6.776, 8.666, 10.647, 11.086, 11.574, 11.88, 12.318, 12.613, 12.597, 12.169, 11.086, 9.442, 8.023, 10.855, 11.189, 10.181, 9.99, 11.382, 12.709, 14.007, 13.344, 13.914, 14.88, 13.952, 12.204, 10.74, 8.805, 7.144, 7.274, 5.631], [1.349, 1.612, 1.353, 0.0, 1.029, 1.37, 1.79, 2.282, 2.394, 2.983, 4.797, 5.974, 6.239, 5.582, 4.374, 3.01, 2.444, 2.394, 3.035, 2.658, 1.942, 4.193, 5.149, 3.75, 4.94, 7.681, 8.425, 6.214, 4.551, 4.277, 4.265, 4.855, 4.158, 3.977, 3.515, 4.945, 7.225, 8.717, 8.325, 8.977, 10.974, 10.914, 8.904, 7.529, 7.057, 7.232, 7.669, 7.979, 6.01, 5.784, 6.412, 6.607, 4.898, 4.819, 4.815, 3.959, 3.365, 3.299, 2.926, 2.183, 1.502, 5.891, 5.808, 3.388, 3.462, 3.374, 3.493, 4.885, 5.13, 5.263, 5.307, 5.024, 5.284, 5.255, 4.976, 6.266, 8.344, 6.332, 5.018, 5.381, 5.357, 7.73, 11.157, 12.383, 11.346, 11.795, 13.322, 13.416, 12.832, 12.729, 11.685, 9.79, 10.307, 12.064, 13.272, 13.522, 13.962, 14.004, 13.778, 13.833, 13.422, 12.521, 12.537, 11.964, 9.021, 7.857, 7.216, 4.892, 1.944, 1.382, 1.174, 1.009, 2.024, 2.273, 2.226, 2.078, 2.785, 4.034, 4.324, 2.508, 2.353, 2.625, 3.4, 4.211, 4.908, 5.662, 5.009, 5.415, 6.943, 6.78, 5.485, 5.741, 5.506, 4.263, 3.318, 3.476, 2.464, 2.718, 2.09, 2.307, 1.673, 1.504, 1.421, 2.192, 4.119, 2.726, 1.544, 2.025, 2.43, 2.323, 2.688, 3.919, 3.907, 3.997, 4.043, 3.321, 2.645, 3.527, 3.78, 2.742, 2.381, 2.635, 2.465, 2.233, 1.905, 3.028, 4.501, 5.362, 6.032, 4.972, 5.262, 5.615, 4.419, 5.328, 5.705, 6.523, 8.428, 10.499, 11.03, 11.453, 11.639, 11.955, 12.173, 12.424, 12.011, 10.888, 9.276, 7.589, 10.127, 10.462, 9.505, 9.219, 10.632, 11.962, 13.198, 12.531, 13.134, 14.068, 13.193, 11.443, 9.94, 7.973, 6.319, 6.458, 4.838], [1.368, 1.341, 1.15, 1.029, 0.0, 1.009, 1.858, 2.688, 2.807, 3.417, 5.218, 6.422, 6.644, 5.925, 4.808, 3.492, 2.918, 2.844, 3.444, 3.076, 2.355, 4.649, 5.606, 4.168, 5.076, 8.022, 8.595, 6.375, 4.759, 4.725, 4.606, 5.285, 4.565, 4.387, 3.954, 5.284, 7.686, 9.157, 8.729, 9.36, 11.358, 11.326, 9.292, 7.905, 7.417, 7.652, 8.103, 8.406, 6.429, 6.002, 6.803, 6.931, 5.204, 5.238, 5.201, 4.443, 3.909, 3.699, 3.171, 2.572, 1.502, 5.582, 5.462, 3.221, 3.191, 3.565, 3.883, 5.181, 5.44, 5.691, 5.71, 5.448, 5.689, 5.554, 5.363, 6.675, 8.758, 6.728, 5.408, 5.78, 5.779, 8.135, 11.577, 12.791, 11.763, 12.244, 13.628, 13.751, 13.231, 13.168, 12.112, 10.121, 10.41, 12.115, 13.657, 13.912, 14.352, 14.431, 14.211, 14.278, 13.841, 12.918, 12.977, 12.287, 9.366, 8.188, 7.54, 5.147, 1.739, 1.402, 1.659, 1.235, 1.873, 2.087, 1.892, 1.835, 2.478, 3.693, 3.956, 2.378, 2.315, 2.536, 3.545, 4.571, 5.37, 6.101, 5.512, 5.907, 7.412, 7.224, 5.929, 6.174, 5.961, 4.743, 3.506, 3.688, 2.763, 2.918, 2.343, 2.706, 2.087, 1.709, 1.515, 1.993, 3.781, 2.507, 1.331, 1.724, 2.08, 1.78, 2.37, 3.404, 3.403, 3.626, 3.889, 3.284, 2.76, 3.405, 3.494, 2.295, 2.249, 2.386, 2.21, 2.101, 2.293, 3.357, 4.781, 5.672, 6.187, 5.31, 5.445, 5.775, 4.753, 5.518, 5.912, 6.709, 8.624, 10.74, 11.222, 11.671, 11.955, 12.31, 12.587, 12.566, 12.123, 11.026, 9.449, 7.983, 10.592, 10.927, 9.964, 9.674, 11.093, 12.406, 13.608, 12.971, 13.57, 14.5, 13.658, 11.904, 10.322, 8.297, 6.678, 6.822, 5.241], [1.308, 1.788, 1.564, 1.37, 1.009, 0.0, 1.893, 2.712, 2.802, 3.396, 5.29, 6.466, 6.634, 5.885, 5.02, 3.74, 3.161, 2.774, 3.478, 3.12, 2.471, 4.832, 5.697, 4.326, 5.368, 8.176, 8.887, 6.667, 4.904, 4.728, 4.615, 5.332, 4.635, 4.532, 4.181, 5.298, 7.87, 9.306, 8.81, 9.388, 11.37, 11.329, 9.329, 7.931, 7.484, 7.703, 8.112, 8.363, 6.484, 6.245, 6.888, 7.111, 5.385, 5.404, 5.47, 4.736, 4.209, 4.096, 3.448, 2.767, 1.564, 5.648, 5.594, 3.382, 3.494, 3.903, 3.691, 5.284, 5.53, 5.78, 5.845, 5.536, 5.788, 5.802, 5.487, 6.801, 8.926, 6.883, 5.557, 5.982, 6.026, 8.213, 11.645, 12.855, 11.816, 12.276, 13.557, 13.737, 13.196, 13.178, 12.169, 10.271, 10.651, 12.442, 13.753, 13.95, 14.408, 14.472, 14.251, 14.267, 13.823, 12.848, 12.976, 12.217, 9.436, 8.255, 7.641, 5.157, 1.723, 1.527, 2.03, 1.584, 1.931, 2.149, 1.949, 1.868, 2.415, 3.704, 4.018, 2.117, 2.376, 2.626, 3.679, 4.708, 5.531, 6.315, 5.732, 6.079, 7.469, 7.292, 5.986, 6.309, 6.069, 4.789, 3.556, 3.895, 3.054, 3.188, 2.64, 2.962, 2.441, 1.874, 1.759, 2.249, 3.939, 2.482, 1.347, 1.91, 2.142, 1.717, 1.973, 3.234, 3.261, 3.735, 3.91, 3.114, 2.743, 3.438, 3.674, 2.412, 2.068, 2.418, 2.322, 2.397, 2.267, 3.414, 5.012, 5.865, 6.519, 5.467, 5.673, 6.06, 4.645, 5.472, 5.935, 6.661, 8.583, 10.717, 11.29, 11.781, 11.886, 12.442, 12.67, 12.881, 12.436, 11.349, 9.692, 8.065, 10.61, 10.945, 10.003, 9.681, 11.109, 12.423, 13.594, 12.966, 13.554, 14.48, 13.676, 11.912, 10.323, 8.291, 6.656, 6.777, 5.234], [2.124, 1.997, 2.241, 1.79, 1.858, 1.893, 0.0, 1.757, 2.053, 3.023, 4.033, 5.053, 5.255, 4.53, 3.634, 2.349, 2.226, 2.244, 2.295, 1.834, 1.758, 3.409, 4.252, 3.223, 4.722, 7.306, 8.145, 5.909, 4.271, 3.969, 3.943, 3.871, 3.357, 3.205, 2.76, 3.931, 6.453, 7.92, 7.402, 7.915, 9.948, 9.912, 7.983, 6.893, 6.395, 6.295, 6.963, 6.898, 5.402, 5.408, 5.861, 6.088, 4.619, 4.245, 4.39, 3.58, 2.997, 3.419, 2.952, 2.306, 2.389, 7.19, 7.137, 4.374, 4.604, 4.543, 3.604, 4.638, 4.779, 4.749, 4.706, 4.448, 4.631, 4.894, 4.801, 5.405, 7.416, 5.472, 4.179, 4.839, 5.061, 6.712, 10.007, 11.243, 10.226, 10.745, 12.056, 12.243, 11.678, 11.612, 10.501, 9.091, 9.86, 11.492, 12.448, 12.56, 12.74, 12.801, 12.626, 12.73, 12.283, 11.342, 11.455, 10.659, 8.055, 6.996, 6.491, 5.015, 2.699, 2.458, 2.007, 2.142, 2.983, 3.203, 3.364, 3.397, 4.008, 5.343, 5.576, 3.549, 3.127, 2.575, 2.875, 3.337, 4.092, 4.822, 4.28, 4.505, 6.027, 5.857, 4.61, 4.848, 4.683, 3.82, 3.757, 4.053, 3.465, 3.833, 2.779, 2.224, 1.662, 1.564, 1.531, 3.516, 5.442, 3.959, 2.445, 2.109, 3.119, 3.065, 3.471, 4.708, 4.875, 5.29, 5.198, 4.456, 3.811, 4.593, 4.99, 3.878, 3.574, 3.655, 3.266, 2.798, 2.067, 3.227, 4.105, 5.003, 5.561, 4.384, 4.886, 5.081, 4.535, 5.569, 6.027, 6.819, 8.668, 10.443, 10.799, 11.055, 11.349, 11.211, 11.322, 11.923, 11.545, 10.411, 8.804, 6.619, 9.067, 9.478, 8.548, 8.17, 9.595, 10.891, 12.126, 11.495, 12.079, 12.966, 12.188, 10.411, 8.842, 6.878, 5.266, 5.391, 3.762], [2.921, 2.896, 3.193, 2.282, 2.688, 2.712, 1.757, 0.0, 1.172, 1.981, 3.311, 4.037, 4.355, 3.749, 2.81, 1.862, 1.754, 1.974, 1.715, 2.125, 1.428, 2.645, 3.405, 2.61, 4.04, 6.568, 7.419, 5.18, 3.504, 3.34, 3.14, 3.12, 2.627, 2.581, 1.985, 3.276, 5.423, 6.863, 6.527, 7.04, 9.08, 8.988, 7.244, 6.176, 5.805, 5.53, 6.245, 6.074, 4.643, 4.698, 5.162, 5.379, 3.982, 3.607, 3.752, 3.107, 2.683, 3.186, 2.896, 2.482, 3.226, 7.916, 7.81, 5.057, 5.316, 4.366, 2.855, 3.888, 4.054, 3.965, 4.002, 3.755, 3.926, 4.168, 4.044, 4.7, 6.535, 4.736, 3.557, 4.225, 4.377, 5.851, 9.14, 10.376, 9.358, 9.753, 11.289, 11.348, 10.714, 10.622, 9.515, 8.445, 9.212, 10.922, 11.65, 11.905, 11.857, 11.928, 11.712, 11.718, 11.371, 10.417, 10.426, 9.931, 7.381, 6.476, 5.936, 4.215, 3.292, 3.244, 2.126, 2.739, 3.809, 4.087, 4.211, 3.924, 4.526, 6.098, 6.286, 4.376, 3.738, 3.357, 3.361, 3.492, 3.609, 4.298, 4.028, 4.103, 5.289, 5.133, 4.059, 4.131, 3.758, 3.04, 2.744, 3.502, 3.292, 3.738, 2.195, 1.595, 1.498, 1.936, 2.265, 4.22, 6.164, 4.622, 2.955, 2.666, 3.396, 3.727, 4.089, 5.304, 5.602, 6.115, 5.997, 5.15, 4.288, 4.994, 5.46, 4.551, 4.091, 4.031, 3.349, 2.925, 2.341, 2.589, 3.403, 4.385, 4.889, 3.684, 4.162, 4.452, 3.665, 4.53, 4.857, 5.731, 7.496, 9.585, 10.024, 10.349, 10.548, 10.504, 10.569, 11.204, 10.824, 9.68, 8.088, 5.762, 7.978, 8.39, 7.538, 7.096, 8.517, 9.871, 11.141, 10.471, 11.039, 11.969, 11.08, 9.348, 7.852, 6.05, 4.552, 4.517, 2.9], [3.031, 3.013, 3.322, 2.394, 2.807, 2.802, 2.053, 1.172, 0.0, 1.591, 2.97, 3.834, 4.153, 3.507, 2.739, 2.197, 2.014, 1.747, 1.701, 2.152, 1.679, 2.527, 3.264, 2.363, 3.718, 6.134, 7.013, 4.792, 3.114, 2.979, 2.816, 2.789, 2.361, 2.461, 2.088, 3.071, 5.365, 6.686, 6.263, 6.787, 8.775, 8.725, 6.851, 5.716, 5.217, 5.339, 5.813, 5.687, 4.28, 4.345, 4.787, 5.077, 3.665, 3.436, 3.58, 2.893, 2.48, 2.985, 2.542, 2.64, 3.418, 8.116, 8.01, 5.274, 5.516, 4.516, 2.459, 3.464, 3.668, 3.508, 3.756, 3.395, 3.552, 3.746, 3.628, 4.459, 6.454, 4.481, 3.349, 3.914, 4.054, 5.775, 9.09, 10.334, 9.27, 9.656, 11.061, 11.187, 10.486, 10.464, 9.528, 8.087, 8.833, 10.513, 11.493, 11.692, 11.826, 11.864, 11.585, 11.566, 11.109, 10.194, 10.301, 9.721, 7.086, 6.094, 5.535, 3.784, 3.454, 3.392, 2.209, 2.94, 3.992, 4.269, 4.385, 4.125, 4.687, 6.267, 6.485, 4.44, 3.804, 3.754, 3.942, 3.85, 3.672, 4.364, 4.01, 4.2, 5.294, 5.047, 3.966, 4.111, 3.694, 2.759, 2.615, 3.423, 3.384, 3.787, 2.135, 1.358, 1.698, 2.054, 2.356, 4.398, 6.364, 4.802, 3.14, 2.764, 3.535, 3.876, 4.189, 5.455, 5.754, 6.25, 6.138, 5.16, 4.372, 5.086, 5.618, 4.669, 4.174, 4.178, 3.558, 3.106, 2.543, 2.397, 3.126, 4.17, 4.575, 3.334, 3.789, 4.039, 3.211, 4.106, 4.489, 5.331, 7.147, 9.202, 9.635, 9.96, 10.157, 10.219, 10.384, 10.862, 10.477, 9.338, 7.75, 5.709, 7.875, 8.265, 7.382, 7.014, 8.361, 9.685, 10.9, 10.261, 10.842, 11.738, 10.947, 9.156, 7.675, 5.813, 4.23, 4.293, 2.671], [3.354, 3.566, 3.54, 2.983, 3.417, 3.396, 3.023, 1.981, 1.591, 0.0, 2.273, 3.495, 3.969, 3.35, 2.75, 3.015, 2.883, 2.22, 2.455, 3.227, 2.125, 2.217, 2.857, 1.601, 2.495, 5.006, 5.863, 3.668, 2.1, 2.212, 1.794, 2.363, 1.908, 2.364, 1.937, 2.835, 4.815, 6.371, 6.004, 6.52, 8.569, 8.455, 6.505, 5.013, 4.578, 4.684, 5.192, 5.496, 3.328, 3.228, 3.755, 4.101, 2.511, 2.476, 2.617, 2.012, 1.996, 2.077, 2.344, 2.703, 3.614, 8.258, 8.153, 5.399, 5.658, 4.617, 1.634, 2.357, 2.45, 2.61, 2.915, 2.47, 2.642, 2.763, 2.587, 3.644, 5.659, 3.682, 2.66, 3.101, 2.985, 5.049, 8.435, 9.808, 8.705, 9.148, 10.905, 10.978, 10.363, 10.159, 8.881, 7.233, 7.757, 9.594, 10.654, 11.086, 11.336, 11.354, 11.13, 11.277, 10.954, 10.053, 10.025, 9.542, 6.49, 5.439, 4.777, 2.537, 3.882, 3.734, 2.977, 3.233, 4.63, 4.83, 4.718, 4.435, 4.914, 6.53, 6.628, 5.039, 4.99, 4.744, 4.673, 4.729, 4.043, 4.275, 4.345, 4.104, 5.21, 4.856, 3.944, 3.626, 3.176, 1.938, 2.239, 3.193, 3.357, 3.896, 2.144, 1.499, 1.989, 2.4, 2.762, 4.66, 6.511, 4.97, 3.525, 2.93, 3.706, 4.143, 4.765, 5.936, 6.146, 6.55, 6.455, 5.726, 4.832, 5.401, 5.989, 5.015, 4.508, 4.377, 3.6, 3.205, 2.847, 2.385, 2.254, 3.053, 3.609, 2.521, 2.788, 3.239, 2.567, 3.236, 3.482, 4.304, 5.912, 7.903, 8.324, 8.821, 8.832, 9.314, 9.489, 9.825, 9.374, 8.268, 6.615, 4.892, 7.416, 7.734, 6.764, 6.538, 7.93, 9.369, 10.706, 10.068, 10.603, 11.593, 10.493, 8.794, 7.428, 5.598, 4.045, 4.137, 2.528], [5.328, 5.214, 5.478, 4.797, 5.218, 5.29, 4.033, 3.311, 2.97, 2.273, 0.0, 1.514, 1.825, 1.762, 2.429, 3.738, 3.799, 3.609, 3.446, 3.613, 3.268, 2.253, 2.41, 2.094, 2.078, 3.392, 4.295, 2.31, 2.677, 2.956, 2.509, 1.836, 2.007, 2.908, 2.792, 1.442, 2.778, 4.258, 3.851, 4.316, 6.381, 6.326, 4.422, 3.25, 2.755, 2.648, 3.32, 3.394, 1.707, 2.073, 2.334, 2.743, 2.057, 1.825, 1.98, 1.998, 2.328, 2.828, 3.319, 3.702, 5.652, 10.428, 10.323, 7.569, 7.828, 6.787, 2.895, 1.984, 1.768, 1.691, 2.366, 2.22, 1.891, 2.217, 2.496, 2.208, 3.72, 2.181, 1.301, 1.589, 1.556, 3.094, 6.45, 7.7, 6.619, 7.089, 8.734, 8.818, 8.197, 8.052, 6.925, 5.472, 6.129, 7.889, 8.784, 9.025, 9.223, 9.296, 9.04, 9.186, 8.805, 7.887, 7.902, 7.372, 4.499, 3.447, 2.919, 2.162, 5.709, 5.73, 4.704, 5.288, 6.38, 6.616, 6.692, 6.445, 7.03, 8.579, 8.798, 6.964, 6.489, 5.931, 4.993, 4.806, 4.059, 4.229, 4.487, 4.188, 4.836, 4.346, 3.819, 2.938, 2.257, 2.359, 4.028, 5.074, 5.527, 6.066, 4.227, 3.072, 3.52, 4.147, 4.479, 6.725, 8.674, 7.129, 5.489, 4.847, 5.835, 6.241, 6.725, 7.903, 8.129, 8.595, 8.489, 7.681, 6.892, 7.458, 7.99, 6.996, 6.594, 6.471, 5.709, 5.375, 4.599, 4.263, 2.908, 2.609, 3.047, 2.388, 2.771, 3.126, 3.479, 3.996, 3.939, 4.397, 5.656, 6.911, 7.164, 7.33, 7.722, 7.565, 7.65, 8.198, 7.799, 6.674, 5.079, 2.983, 5.472, 5.79, 4.826, 4.544, 5.947, 7.263, 8.56, 7.911, 8.49, 9.441, 8.519, 6.775, 5.292, 3.433, 2.291, 2.687, 2.018], [6.493, 6.473, 6.752, 5.974, 6.422, 6.466, 5.053, 4.037, 3.834, 3.495, 1.514, 0.0, 1.026, 1.453, 2.169, 3.89, 4.197, 4.426, 3.923, 4.202, 4.414, 2.562, 1.889, 3.059, 3.174, 3.425, 4.2, 2.785, 3.697, 3.756, 3.691, 2.548, 3.046, 3.798, 3.38, 1.462, 1.903, 2.93, 2.7, 3.265, 5.174, 5.059, 3.644, 3.281, 2.746, 2.118, 2.767, 2.568, 1.9, 2.571, 2.498, 2.763, 2.73, 2.083, 2.295, 2.652, 3.022, 3.637, 4.225, 4.742, 6.93, 11.703, 11.598, 8.845, 9.103, 8.062, 4.068, 2.574, 2.386, 1.837, 2.492, 2.624, 2.189, 2.586, 3.072, 1.901, 2.992, 1.679, 1.731, 1.627, 1.849, 2.308, 5.547, 6.803, 5.728, 6.042, 7.482, 7.544, 6.948, 6.939, 5.977, 5.004, 6.07, 7.623, 8.161, 8.371, 8.261, 8.36, 8.091, 8.064, 7.586, 6.698, 6.614, 6.149, 3.973, 3.155, 2.56, 3.142, 6.963, 6.963, 5.743, 6.508, 7.572, 7.87, 7.96, 7.678, 8.25, 9.847, 10.073, 8.119, 7.246, 6.388, 4.751, 4.101, 3.299, 3.489, 3.696, 3.596, 3.986, 3.531, 3.136, 2.384, 1.969, 3.182, 5.29, 6.337, 6.802, 7.341, 5.502, 4.272, 4.767, 5.34, 5.643, 7.986, 9.949, 8.39, 6.742, 6.166, 7.12, 7.508, 7.944, 9.178, 9.405, 9.86, 9.743, 8.787, 7.906, 8.678, 9.204, 8.294, 7.764, 7.724, 6.993, 6.661, 5.86, 5.543, 4.089, 3.538, 3.139, 3.282, 3.49, 3.898, 4.405, 4.973, 4.845, 5.314, 6.446, 7.297, 7.421, 7.59, 7.977, 7.428, 7.3, 7.989, 7.711, 6.688, 4.974, 2.631, 4.232, 4.633, 3.938, 3.441, 4.728, 6.136, 7.295, 6.623, 7.194, 8.162, 7.242, 5.521, 4.002, 2.177, 1.242, 1.696, 1.974], [6.751, 6.697, 7.043, 6.239, 6.644, 6.634, 5.255, 4.355, 4.153, 3.969, 1.825, 1.026, 0.0, 1.25, 2.241, 3.836, 4.227, 4.329, 3.753, 4.035, 4.651, 2.894, 2.198, 3.389, 3.524, 3.744, 4.511, 3.187, 4.117, 4.226, 4.099, 3.099, 3.403, 4.127, 3.581, 1.575, 2.089, 2.953, 2.706, 3.328, 5.229, 5.108, 3.824, 3.565, 2.999, 2.298, 2.925, 2.603, 2.381, 3.096, 2.972, 3.19, 3.099, 2.444, 2.719, 3.022, 3.454, 4.074, 4.528, 5.05, 7.225, 11.974, 11.868, 9.145, 9.374, 8.332, 4.403, 3.102, 2.892, 2.559, 3.039, 3.111, 2.806, 3.239, 3.666, 2.436, 3.264, 2.273, 2.1, 2.046, 2.1, 2.581, 5.723, 6.92, 5.823, 6.232, 7.276, 7.568, 6.823, 7.06, 6.135, 5.296, 6.409, 7.889, 8.376, 8.571, 8.443, 8.47, 8.274, 8.207, 7.664, 6.612, 6.726, 6.197, 4.329, 3.48, 2.895, 3.437, 7.228, 7.253, 5.987, 6.81, 7.83, 8.134, 8.252, 8.0, 8.557, 10.135, 10.343, 8.226, 7.267, 6.632, 4.971, 4.039, 3.4, 3.667, 3.868, 3.787, 4.144, 3.524, 3.184, 2.661, 2.289, 3.541, 5.548, 6.612, 7.073, 7.611, 5.773, 4.602, 5.06, 5.665, 5.969, 8.256, 10.234, 8.661, 6.997, 6.561, 7.465, 7.797, 8.086, 9.413, 9.658, 10.105, 9.993, 9.019, 8.165, 8.927, 9.49, 8.525, 8.002, 8.05, 7.278, 6.988, 6.108, 5.835, 4.35, 3.844, 3.525, 3.736, 4.023, 4.504, 4.995, 5.514, 5.328, 5.569, 6.688, 7.583, 7.735, 7.856, 8.301, 7.725, 7.606, 8.291, 8.031, 6.984, 5.16, 2.886, 4.326, 4.787, 4.234, 3.621, 4.823, 6.251, 7.112, 6.552, 7.057, 7.894, 7.183, 5.576, 3.842, 2.161, 1.489, 1.796, 2.083], [6.063, 6.058, 6.397, 5.582, 5.925, 5.885, 4.53, 3.749, 3.507, 3.35, 1.762, 1.453, 1.25, 0.0, 1.694, 3.122, 3.421, 3.428, 2.786, 3.204, 4.03, 2.397, 1.899, 2.773, 3.379, 4.306, 5.111, 3.268, 3.667, 3.695, 3.718, 2.848, 3.035, 3.626, 3.128, 1.485, 2.885, 3.779, 3.473, 4.278, 5.944, 5.908, 4.304, 4.033, 3.408, 3.052, 3.727, 3.193, 2.792, 3.186, 3.101, 3.164, 2.849, 2.104, 2.291, 2.444, 2.791, 3.463, 3.9, 4.418, 6.604, 11.348, 11.242, 8.532, 8.748, 7.706, 4.068, 3.002, 2.801, 2.408, 2.998, 2.986, 2.632, 3.108, 3.428, 2.915, 4.048, 2.86, 2.243, 2.365, 2.488, 3.357, 6.723, 7.914, 6.81, 7.18, 7.937, 8.328, 7.629, 7.947, 7.125, 6.045, 7.033, 8.555, 9.309, 9.448, 9.312, 9.394, 9.078, 9.104, 8.481, 7.523, 7.541, 6.891, 4.907, 3.992, 3.458, 3.334, 6.555, 6.582, 5.361, 6.171, 7.159, 7.435, 7.535, 7.346, 7.918, 9.473, 9.718, 7.518, 6.527, 5.918, 4.613, 3.703, 3.199, 3.504, 3.665, 3.732, 4.065, 3.422, 2.903, 2.393, 1.805, 3.02, 5.006, 6.086, 6.447, 7.009, 5.147, 3.948, 4.421, 5.047, 5.326, 7.63, 9.595, 8.035, 6.396, 5.952, 6.843, 7.148, 7.433, 8.75, 8.99, 9.432, 9.343, 8.39, 7.54, 8.301, 8.841, 7.825, 7.377, 7.407, 6.674, 6.366, 5.511, 5.255, 3.813, 3.376, 3.391, 3.253, 3.825, 4.314, 4.846, 5.42, 5.416, 5.996, 7.051, 8.062, 8.199, 8.348, 8.768, 8.262, 8.248, 8.994, 8.652, 7.539, 5.952, 3.553, 5.199, 5.728, 4.982, 4.568, 5.661, 7.109, 7.929, 7.353, 7.885, 8.691, 8.015, 6.408, 4.6, 2.864, 1.656, 1.712, 1.729], [4.861, 4.809, 5.158, 4.374, 4.808, 5.02, 3.634, 2.81, 2.739, 2.75, 2.429, 2.169, 2.241, 1.694, 0.0, 2.096, 2.224, 2.693, 2.136, 2.501, 2.937, 1.495, 1.388, 1.985, 3.597, 5.148, 5.926, 4.02, 3.017, 2.888, 3.343, 2.999, 2.727, 2.879, 2.286, 2.097, 3.495, 4.536, 4.246, 5.156, 6.862, 6.785, 5.189, 5.005, 4.379, 3.866, 4.583, 4.253, 3.567, 3.719, 3.888, 3.898, 2.77, 1.93, 2.043, 1.731, 1.943, 2.37, 2.766, 3.245, 5.409, 10.132, 9.99, 7.391, 7.495, 6.51, 3.714, 2.933, 3.047, 2.609, 2.846, 2.529, 2.705, 3.174, 3.434, 3.144, 4.75, 3.117, 2.566, 2.828, 2.785, 4.189, 7.554, 8.707, 7.625, 8.006, 9.078, 9.282, 8.605, 8.747, 7.9, 6.877, 7.874, 9.415, 10.126, 10.349, 10.127, 10.212, 9.893, 9.941, 9.47, 8.525, 8.342, 7.813, 5.786, 4.948, 4.353, 3.636, 5.401, 5.36, 4.108, 4.925, 6.012, 6.309, 6.384, 6.124, 6.714, 8.28, 8.506, 6.479, 5.45, 4.642, 3.244, 2.685, 1.905, 2.176, 2.33, 2.435, 3.292, 2.736, 1.932, 1.938, 1.711, 2.468, 4.121, 5.127, 5.28, 5.792, 3.94, 2.79, 3.278, 3.94, 4.085, 6.378, 8.349, 6.805, 5.284, 4.895, 5.785, 6.1, 6.448, 7.778, 7.968, 8.218, 8.115, 7.143, 6.291, 7.049, 7.656, 6.654, 6.168, 6.282, 5.644, 5.264, 4.382, 4.18, 3.471, 3.303, 3.277, 2.901, 3.673, 4.518, 5.009, 5.773, 5.778, 6.654, 7.981, 8.959, 9.148, 9.289, 9.707, 9.158, 9.09, 9.8, 9.496, 8.415, 6.686, 4.393, 5.991, 6.535, 5.76, 5.4, 6.404, 7.898, 8.864, 8.25, 8.787, 9.744, 8.863, 7.125, 5.691, 3.777, 2.366, 2.32, 1.411], [3.458, 3.421, 3.738, 3.01, 3.492, 3.74, 2.349, 1.862, 2.197, 3.015, 3.738, 3.89, 3.836, 3.122, 2.096, 0.0, 1.298, 1.702, 1.195, 1.608, 1.974, 2.555, 2.995, 2.821, 4.51, 6.928, 7.72, 5.624, 4.12, 3.743, 3.895, 3.613, 3.214, 2.842, 1.966, 3.055, 5.181, 6.271, 6.115, 7.038, 8.729, 8.605, 7.158, 6.618, 6.073, 5.747, 6.492, 6.019, 5.156, 5.198, 5.615, 5.742, 4.261, 3.616, 3.782, 2.826, 2.373, 2.931, 2.767, 2.501, 3.999, 8.661, 8.521, 5.972, 6.05, 5.325, 3.741, 4.355, 4.531, 4.256, 4.248, 4.1, 4.219, 4.57, 4.439, 4.862, 6.63, 4.836, 3.83, 4.385, 4.463, 6.008, 9.314, 10.602, 9.484, 9.764, 10.73, 11.052, 10.401, 10.553, 9.68, 8.817, 9.742, 11.39, 11.898, 12.217, 11.959, 12.021, 11.705, 11.724, 11.252, 10.381, 10.117, 9.656, 7.683, 6.795, 6.236, 4.823, 4.072, 3.929, 2.65, 3.405, 4.646, 4.924, 5.002, 4.727, 5.353, 6.906, 7.055, 5.113, 3.931, 3.138, 2.453, 2.341, 2.512, 3.239, 2.712, 3.339, 4.625, 4.344, 3.007, 3.542, 3.467, 3.45, 3.712, 4.46, 4.268, 4.584, 3.01, 2.14, 2.148, 2.778, 2.763, 4.852, 6.83, 5.369, 3.993, 3.669, 4.643, 4.855, 5.303, 6.692, 6.733, 6.803, 6.68, 5.687, 4.841, 5.758, 6.406, 5.462, 4.906, 5.156, 4.646, 4.027, 3.21, 3.469, 3.964, 4.71, 5.079, 4.062, 4.642, 4.995, 4.94, 5.844, 6.045, 7.013, 8.761, 10.369, 10.669, 10.91, 11.185, 10.896, 10.892, 11.658, 11.302, 10.169, 8.511, 6.012, 7.74, 8.263, 7.604, 7.143, 8.138, 9.709, 10.544, 9.928, 10.381, 11.266, 10.394, 8.864, 7.307, 5.561, 4.076, 3.816, 2.587], [2.951, 2.988, 3.334, 2.444, 2.918, 3.161, 2.226, 1.754, 2.014, 2.883, 3.799, 4.197, 4.227, 3.421, 2.224, 1.298, 0.0, 1.453, 1.276, 1.731, 1.87, 2.767, 3.283, 2.933, 4.628, 7.051, 7.845, 5.753, 4.15, 3.855, 3.897, 3.928, 3.347, 3.293, 2.522, 3.097, 5.525, 6.564, 6.323, 7.255, 8.942, 8.852, 7.225, 6.624, 6.105, 5.962, 6.607, 6.163, 5.281, 5.303, 5.741, 5.857, 4.379, 3.838, 3.958, 2.995, 2.466, 3.018, 2.744, 2.404, 3.488, 8.132, 8.048, 5.583, 5.556, 5.087, 3.857, 4.48, 4.657, 4.418, 4.414, 4.226, 4.352, 4.695, 4.562, 5.062, 6.827, 5.124, 3.924, 4.572, 4.632, 6.28, 9.652, 10.821, 9.742, 10.112, 11.11, 11.33, 10.645, 10.822, 10.008, 8.933, 9.851, 11.438, 12.216, 12.443, 12.257, 12.309, 11.97, 11.984, 11.474, 10.572, 10.452, 9.891, 7.837, 6.921, 6.384, 4.713, 3.497, 3.364, 2.075, 2.944, 4.038, 4.35, 4.451, 4.186, 4.841, 6.364, 6.57, 4.421, 3.33, 2.897, 2.559, 2.419, 2.809, 3.605, 2.924, 3.684, 4.965, 4.634, 3.389, 3.846, 3.605, 3.435, 3.73, 4.468, 4.085, 4.366, 2.798, 2.048, 2.207, 2.618, 2.516, 4.344, 6.348, 4.891, 3.507, 3.355, 4.209, 4.305, 4.613, 6.065, 6.184, 6.206, 6.076, 5.102, 4.34, 5.333, 5.83, 4.84, 4.313, 4.681, 4.38, 3.789, 3.048, 3.512, 3.957, 4.822, 5.282, 4.22, 4.931, 5.378, 5.012, 5.754, 5.887, 6.843, 8.384, 10.314, 10.739, 11.001, 11.262, 11.053, 11.108, 11.791, 11.425, 10.29, 8.667, 6.331, 8.066, 8.592, 7.866, 7.472, 8.502, 9.977, 10.889, 10.283, 10.83, 11.781, 10.933, 9.236, 7.729, 5.834, 4.339, 4.243, 2.823], [2.807, 3.118, 3.191, 2.394, 2.844, 2.774, 2.244, 1.974, 1.747, 2.22, 3.609, 4.426, 4.329, 3.428, 2.693, 1.702, 1.453, 0.0, 1.124, 1.399, 1.557, 2.875, 3.611, 2.754, 4.001, 6.675, 7.525, 5.29, 3.601, 3.216, 3.339, 3.75, 3.07, 3.17, 2.649, 3.234, 5.949, 7.007, 6.724, 7.514, 9.257, 9.184, 7.253, 6.364, 5.799, 6.111, 6.424, 6.15, 4.963, 4.836, 5.332, 5.667, 3.951, 3.819, 3.884, 2.95, 2.327, 2.559, 2.069, 2.222, 3.309, 8.038, 7.933, 5.332, 5.447, 4.624, 3.073, 3.89, 4.128, 4.085, 4.283, 3.889, 4.102, 4.32, 4.021, 5.113, 7.17, 5.225, 3.917, 4.317, 4.337, 6.508, 9.914, 11.127, 10.024, 10.446, 11.33, 11.64, 10.92, 11.227, 10.339, 8.774, 9.417, 11.068, 12.27, 12.466, 12.587, 12.651, 12.35, 12.35, 11.716, 10.747, 10.849, 10.201, 7.804, 6.779, 6.208, 4.024, 3.324, 3.287, 2.255, 2.94, 4.048, 4.341, 4.26, 4.127, 4.724, 6.207, 6.424, 4.203, 3.638, 3.828, 3.519, 2.995, 3.178, 4.076, 3.595, 4.115, 5.369, 5.1, 3.69, 4.196, 3.972, 3.04, 3.013, 3.807, 3.543, 3.889, 2.308, 1.637, 1.948, 2.358, 2.43, 4.4, 6.3, 4.74, 3.352, 3.132, 3.975, 4.066, 4.327, 5.783, 5.883, 6.132, 6.033, 5.098, 4.247, 5.147, 5.675, 4.649, 4.175, 4.435, 3.955, 3.382, 2.686, 2.769, 3.585, 4.426, 5.1, 4.02, 4.387, 4.935, 4.214, 5.041, 5.209, 6.178, 7.777, 9.647, 10.075, 10.511, 10.574, 10.998, 11.171, 11.5, 11.09, 9.963, 8.339, 6.516, 8.475, 8.986, 8.143, 7.799, 8.957, 10.39, 11.285, 10.697, 11.254, 12.093, 11.402, 9.74, 7.943, 6.186, 4.332, 4.319, 2.973], [3.514, 3.534, 3.85, 3.035, 3.444, 3.478, 2.295, 1.715, 1.701, 2.455, 3.446, 3.923, 3.753, 2.786, 2.136, 1.195, 1.276, 1.124, 0.0, 1.444, 1.774, 2.39, 3.043, 2.642, 4.233, 6.797, 7.618, 5.386, 3.778, 3.611, 3.441, 3.448, 2.9, 2.866, 2.121, 2.695, 5.4, 6.456, 6.16, 7.0, 8.666, 8.597, 6.848, 6.326, 5.735, 5.653, 6.313, 5.747, 4.906, 4.951, 5.386, 5.596, 4.037, 3.555, 3.677, 2.82, 2.453, 3.0, 2.626, 2.74, 4.011, 8.798, 8.692, 6.104, 6.219, 5.308, 3.287, 4.086, 4.305, 4.082, 4.121, 3.886, 4.047, 4.368, 4.212, 4.834, 6.698, 4.881, 3.59, 4.267, 4.399, 6.028, 9.385, 10.601, 9.52, 9.882, 10.557, 10.998, 10.273, 10.622, 9.792, 8.635, 9.466, 11.079, 11.922, 12.077, 11.974, 12.06, 11.749, 11.775, 11.125, 10.182, 10.178, 9.497, 7.47, 6.483, 6.011, 4.338, 4.045, 4.027, 2.811, 3.616, 4.598, 4.818, 4.975, 4.815, 5.428, 6.924, 7.177, 4.96, 3.972, 3.682, 3.354, 2.85, 2.868, 3.73, 3.365, 3.829, 5.032, 4.494, 3.356, 3.702, 3.454, 3.046, 3.349, 4.146, 4.088, 4.587, 2.85, 1.828, 2.179, 2.842, 2.875, 5.08, 7.044, 5.505, 4.082, 3.763, 4.705, 4.812, 5.002, 6.457, 6.633, 6.885, 6.793, 5.84, 4.99, 5.816, 6.365, 5.343, 4.899, 5.068, 4.449, 4.04, 3.14, 3.157, 3.548, 4.486, 4.996, 3.894, 4.464, 4.842, 4.437, 5.304, 5.489, 6.459, 8.108, 9.914, 10.322, 10.62, 10.845, 10.755, 10.82, 11.506, 11.127, 9.991, 8.391, 6.066, 7.865, 8.396, 7.608, 7.234, 8.326, 9.796, 10.586, 10.001, 10.492, 11.295, 10.634, 9.041, 7.293, 5.521, 3.807, 3.626, 2.325], [3.109, 3.099, 3.442, 2.658, 3.076, 3.12, 1.834, 2.125, 2.152, 3.227, 3.613, 4.202, 4.035, 3.204, 2.501, 1.608, 1.731, 1.399, 1.444, 0.0, 1.472, 2.598, 3.393, 2.845, 4.495, 6.725, 7.545, 5.428, 3.988, 3.649, 3.868, 3.458, 3.122, 2.988, 2.729, 3.379, 5.743, 6.832, 6.549, 7.276, 9.07, 8.995, 7.061, 6.314, 5.757, 5.811, 6.277, 5.892, 4.996, 5.032, 5.383, 5.532, 4.094, 3.582, 3.673, 2.751, 2.35, 2.97, 2.556, 1.955, 3.607, 8.374, 8.273, 5.725, 5.808, 5.114, 3.872, 4.143, 4.33, 4.096, 4.078, 3.845, 4.026, 4.461, 4.404, 4.871, 6.928, 4.985, 3.815, 4.202, 4.345, 6.229, 9.621, 10.856, 9.777, 10.213, 11.046, 11.409, 10.692, 10.99, 10.049, 8.629, 9.416, 11.007, 12.002, 12.185, 12.34, 12.391, 12.113, 12.064, 11.469, 10.456, 10.612, 9.943, 7.538, 6.532, 6.002, 4.688, 3.71, 3.623, 2.595, 3.229, 4.193, 4.432, 4.572, 4.444, 5.03, 6.539, 6.766, 4.536, 3.708, 3.554, 2.62, 2.56, 2.988, 3.942, 3.337, 3.913, 5.216, 4.892, 3.495, 4.037, 3.776, 3.424, 3.823, 4.456, 3.957, 4.509, 3.221, 2.37, 2.104, 2.448, 2.462, 4.656, 6.637, 5.105, 3.696, 3.359, 4.325, 4.423, 4.616, 6.104, 6.266, 6.465, 6.368, 5.421, 4.57, 5.447, 6.01, 4.968, 4.5, 4.764, 4.327, 3.78, 2.847, 3.59, 3.977, 4.462, 4.967, 3.988, 4.388, 5.039, 5.037, 6.025, 6.165, 7.196, 8.898, 10.203, 10.513, 10.685, 11.047, 10.755, 10.894, 11.431, 11.05, 9.916, 8.324, 6.241, 8.23, 8.725, 7.845, 7.501, 8.743, 10.174, 11.032, 10.473, 10.986, 11.812, 11.143, 9.486, 7.713, 5.979, 4.11, 4.071, 2.68], [2.364, 2.47, 2.653, 1.942, 2.355, 2.471, 1.758, 1.428, 1.679, 2.125, 3.268, 4.414, 4.651, 4.03, 2.937, 1.974, 1.87, 1.557, 1.774, 1.472, 0.0, 2.484, 3.475, 2.425, 3.706, 6.334, 7.178, 4.918, 3.233, 2.914, 2.91, 3.171, 2.617, 2.582, 2.215, 3.463, 5.673, 7.162, 6.765, 7.412, 9.477, 9.31, 7.345, 6.094, 5.581, 5.709, 6.209, 6.267, 4.514, 4.467, 4.939, 5.269, 3.55, 3.385, 3.478, 2.521, 2.104, 2.419, 2.115, 1.589, 2.699, 7.391, 7.292, 4.663, 4.797, 4.091, 2.676, 3.549, 3.775, 3.796, 3.851, 3.464, 3.724, 3.949, 3.636, 4.703, 6.772, 4.807, 3.629, 4.017, 3.97, 6.088, 9.511, 10.842, 9.74, 10.175, 11.798, 11.882, 11.212, 11.033, 9.927, 8.5, 9.092, 10.856, 11.796, 12.127, 12.315, 12.323, 12.068, 12.13, 11.814, 10.897, 10.957, 10.42, 7.544, 6.497, 5.916, 3.741, 2.801, 2.781, 1.889, 2.294, 3.52, 3.668, 3.763, 3.539, 4.067, 5.674, 5.776, 3.945, 3.536, 3.413, 2.993, 3.38, 3.555, 4.246, 3.934, 4.019, 5.388, 5.137, 4.052, 4.059, 3.813, 2.575, 2.556, 3.233, 2.887, 3.502, 2.054, 1.472, 1.313, 1.773, 1.793, 3.718, 5.658, 4.103, 2.714, 2.524, 3.287, 3.514, 3.897, 5.264, 5.402, 5.637, 5.519, 4.599, 3.799, 4.523, 5.117, 4.115, 3.634, 3.717, 3.087, 2.672, 1.869, 2.465, 3.247, 4.023, 4.709, 3.593, 3.951, 4.52, 3.807, 4.744, 4.885, 5.915, 7.621, 9.278, 9.718, 10.129, 10.23, 10.529, 10.688, 11.097, 10.694, 9.566, 7.942, 6.064, 8.405, 8.745, 7.762, 7.52, 8.917, 10.268, 11.575, 10.957, 11.501, 12.436, 11.511, 9.747, 8.36, 6.464, 4.847, 4.905, 3.165], [4.533, 4.486, 4.867, 4.193, 4.649, 4.832, 3.409, 2.645, 2.527, 2.217, 2.253, 2.562, 2.894, 2.397, 1.495, 2.555, 2.767, 2.875, 2.39, 2.598, 2.484, 0.0, 1.341, 1.347, 2.852, 4.534, 5.335, 3.318, 2.263, 1.969, 2.256, 1.857, 1.688, 1.921, 1.544, 2.445, 3.705, 5.212, 4.865, 5.618, 7.639, 7.455, 5.524, 4.774, 4.322, 3.871, 4.605, 4.353, 2.958, 2.956, 3.159, 3.327, 2.063, 1.501, 1.768, 1.281, 1.531, 1.903, 2.28, 2.637, 4.955, 9.357, 9.272, 6.688, 6.659, 5.685, 2.781, 2.092, 2.304, 2.066, 1.908, 1.714, 1.854, 2.31, 2.439, 2.541, 4.446, 2.727, 2.225, 2.618, 2.434, 3.875, 7.333, 8.83, 7.701, 8.186, 9.962, 10.028, 9.358, 8.977, 7.562, 6.686, 7.632, 9.301, 9.913, 10.43, 10.355, 10.332, 9.961, 10.148, 9.95, 9.033, 9.051, 8.583, 5.834, 4.914, 4.354, 3.181, 5.16, 5.086, 3.854, 4.312, 5.762, 5.848, 6.046, 5.799, 6.266, 7.89, 7.876, 6.23, 5.513, 4.778, 3.53, 3.254, 2.49, 2.872, 2.816, 2.527, 3.869, 3.539, 2.622, 2.213, 1.792, 1.607, 3.097, 4.056, 4.442, 5.033, 3.348, 2.22, 2.713, 3.331, 3.676, 5.611, 7.789, 6.023, 4.802, 4.298, 4.997, 5.519, 6.206, 7.54, 7.719, 7.812, 7.651, 6.851, 6.07, 6.617, 7.389, 6.448, 5.806, 5.796, 4.991, 4.465, 3.54, 3.356, 2.415, 2.585, 2.648, 2.187, 2.602, 3.481, 3.869, 4.571, 4.684, 5.668, 7.188, 8.291, 8.465, 8.746, 8.929, 8.519, 8.493, 9.231, 8.879, 7.721, 6.132, 4.049, 6.031, 6.419, 5.496, 5.333, 6.718, 8.215, 9.651, 9.112, 9.549, 10.553, 9.269, 7.692, 6.483, 4.627, 3.03, 3.073, 1.607], [5.504, 5.466, 5.796, 5.149, 5.606, 5.697, 4.252, 3.405, 3.264, 2.857, 2.41, 1.889, 2.198, 1.899, 1.388, 2.995, 3.283, 3.611, 3.043, 3.393, 3.475, 1.341, 0.0, 1.982, 3.247, 4.236, 4.94, 3.244, 2.756, 2.669, 3.027, 2.52, 2.336, 2.782, 2.228, 2.135, 2.992, 4.064, 3.714, 4.514, 6.429, 6.272, 4.632, 4.42, 3.841, 3.107, 3.937, 3.675, 2.733, 2.972, 2.873, 2.861, 2.028, 1.371, 1.488, 1.585, 2.087, 2.55, 3.175, 3.582, 5.891, 10.448, 10.374, 7.714, 7.829, 6.817, 3.447, 2.34, 2.525, 1.972, 1.899, 1.955, 2.06, 2.393, 2.846, 2.232, 3.813, 2.252, 2.391, 2.453, 2.466, 3.177, 6.461, 7.873, 6.732, 7.103, 8.772, 8.813, 8.15, 7.966, 6.773, 5.981, 7.072, 8.612, 9.169, 9.583, 9.313, 9.374, 8.991, 9.176, 8.865, 7.943, 7.854, 7.372, 5.12, 4.273, 3.723, 3.264, 6.094, 6.042, 4.758, 5.362, 6.74, 6.793, 6.976, 6.766, 7.234, 8.82, 8.881, 7.23, 6.343, 5.305, 3.792, 3.163, 2.124, 2.243, 2.526, 2.046, 3.13, 2.601, 2.047, 1.353, 1.221, 1.955, 4.195, 5.209, 5.528, 6.11, 4.317, 3.138, 3.646, 4.261, 4.557, 6.738, 8.777, 7.118, 5.693, 5.218, 6.047, 6.396, 7.085, 8.41, 8.589, 8.75, 8.589, 7.721, 6.972, 7.567, 8.336, 7.365, 6.747, 6.677, 5.847, 5.519, 4.594, 4.385, 3.126, 2.916, 2.504, 2.603, 3.228, 4.059, 4.543, 5.274, 5.294, 6.219, 7.542, 8.204, 8.243, 8.47, 8.754, 8.165, 8.048, 8.791, 8.442, 7.404, 5.936, 3.616, 5.07, 5.56, 4.771, 4.502, 5.697, 7.119, 8.502, 7.897, 8.363, 9.379, 8.246, 6.568, 5.268, 3.433, 2.0, 2.192, 1.668], [4.178, 3.888, 4.216, 3.75, 4.168, 4.326, 3.223, 2.61, 2.363, 1.601, 2.094, 3.059, 3.389, 2.773, 1.985, 2.821, 2.933, 2.754, 2.642, 2.845, 2.425, 1.347, 1.982, 0.0, 1.95, 4.325, 5.032, 2.891, 1.497, 1.522, 1.479, 2.058, 1.423, 1.6, 1.539, 2.625, 4.24, 5.79, 5.414, 6.086, 8.136, 8.018, 6.02, 4.724, 4.186, 4.114, 4.808, 5.018, 2.905, 2.489, 2.978, 3.143, 1.701, 1.436, 1.729, 1.157, 1.646, 1.651, 2.131, 2.346, 4.368, 8.677, 8.565, 5.859, 6.051, 5.068, 2.106, 1.953, 2.083, 2.084, 1.882, 1.691, 1.823, 1.92, 1.806, 2.691, 4.636, 2.778, 1.936, 2.409, 2.286, 4.258, 7.769, 9.233, 8.108, 8.691, 10.512, 10.585, 9.929, 9.708, 7.981, 6.606, 7.39, 8.986, 9.978, 10.542, 10.763, 10.701, 10.558, 10.824, 10.542, 9.598, 9.633, 9.15, 6.07, 4.882, 4.263, 2.493, 4.587, 4.692, 3.758, 3.997, 5.385, 5.351, 5.369, 5.291, 5.867, 7.174, 7.174, 5.979, 5.662, 5.022, 4.14, 4.011, 3.266, 3.518, 3.633, 3.294, 4.582, 4.222, 3.36, 2.821, 2.487, 1.571, 2.574, 3.551, 3.766, 4.298, 2.578, 1.726, 2.396, 2.841, 3.303, 5.136, 7.141, 5.523, 4.329, 3.475, 4.274, 4.728, 5.748, 6.948, 7.107, 7.21, 7.202, 6.657, 5.816, 6.273, 6.902, 5.873, 5.409, 5.204, 4.158, 3.658, 3.006, 2.569, 1.745, 2.194, 2.514, 1.566, 2.329, 2.859, 3.133, 3.922, 3.969, 4.896, 6.399, 7.779, 8.07, 8.451, 8.688, 8.415, 8.567, 9.118, 8.665, 7.51, 5.86, 4.169, 6.799, 7.186, 6.145, 6.039, 7.451, 8.926, 10.263, 9.648, 10.16, 11.158, 9.979, 8.341, 7.019, 5.163, 3.515, 3.647, 2.054], [5.342, 4.949, 5.048, 4.94, 5.076, 5.368, 4.722, 4.04, 3.718, 2.495, 2.078, 3.174, 3.524, 3.379, 3.597, 4.51, 4.628, 4.001, 4.233, 4.495, 3.706, 2.852, 3.247, 1.95, 0.0, 3.675, 3.731, 1.686, 1.478, 2.088, 1.427, 2.344, 1.942, 2.44, 3.047, 2.687, 4.389, 5.94, 5.561, 6.152, 8.21, 8.121, 6.081, 4.466, 4.083, 4.14, 4.732, 5.022, 2.613, 1.381, 2.416, 2.638, 1.56, 2.122, 2.469, 2.5, 2.977, 2.616, 3.085, 3.404, 5.164, 8.938, 8.751, 6.148, 6.158, 5.138, 2.137, 1.73, 1.627, 2.071, 2.221, 2.228, 1.907, 1.753, 1.508, 2.654, 4.64, 2.823, 2.089, 2.4, 2.073, 4.297, 7.739, 9.223, 8.097, 8.701, 10.521, 10.595, 9.938, 9.695, 7.792, 6.352, 6.386, 8.127, 9.822, 10.515, 10.766, 10.638, 10.538, 10.801, 10.551, 9.604, 9.644, 9.159, 6.115, 4.912, 4.254, 1.739, 5.258, 5.803, 5.052, 5.115, 6.678, 6.437, 6.145, 6.299, 6.72, 7.743, 7.579, 7.147, 7.064, 6.721, 5.886, 5.822, 5.049, 5.222, 5.392, 4.981, 6.036, 5.57, 4.826, 3.971, 3.396, 2.483, 2.892, 3.535, 4.058, 4.535, 3.124, 3.078, 3.706, 3.951, 4.669, 5.952, 7.675, 6.467, 5.398, 3.872, 4.619, 5.3, 6.614, 7.482, 7.63, 7.833, 8.18, 7.798, 6.939, 7.256, 7.756, 6.51, 6.452, 6.106, 4.571, 3.912, 3.848, 2.749, 1.724, 1.674, 2.273, 1.737, 1.894, 1.725, 2.109, 2.463, 2.322, 3.277, 4.674, 6.309, 7.091, 7.601, 7.876, 8.073, 8.404, 8.211, 7.666, 6.489, 4.534, 4.065, 6.816, 7.208, 6.204, 6.013, 7.42, 8.915, 10.256, 9.657, 10.149, 11.167, 9.958, 8.328, 7.028, 5.264, 3.685, 4.193, 2.963], [8.059, 7.905, 8.023, 7.681, 8.022, 8.176, 7.306, 6.568, 6.134, 5.006, 3.392, 3.425, 3.744, 4.306, 5.148, 6.928, 7.051, 6.675, 6.797, 6.725, 6.334, 4.534, 4.236, 4.325, 3.675, 0.0, 1.815, 2.669, 4.046, 4.025, 4.325, 3.851, 4.323, 4.761, 5.402, 4.464, 2.837, 3.367, 3.436, 3.12, 4.878, 4.893, 3.008, 1.736, 1.674, 2.413, 2.838, 2.779, 2.17, 2.607, 2.263, 2.955, 3.263, 3.502, 3.575, 4.146, 4.853, 4.721, 5.375, 5.951, 8.191, 12.337, 12.225, 9.516, 9.375, 8.627, 5.077, 3.211, 2.895, 2.87, 3.191, 3.193, 2.939, 3.051, 3.498, 2.714, 2.715, 2.869, 3.327, 3.031, 2.647, 2.38, 4.427, 5.928, 4.773, 5.406, 7.221, 7.294, 6.638, 6.309, 4.419, 3.133, 3.776, 5.416, 6.684, 7.274, 7.506, 7.426, 7.16, 7.447, 7.234, 6.303, 6.341, 5.96, 2.955, 1.957, 1.628, 4.084, 8.41, 8.524, 7.689, 7.8, 9.362, 9.377, 9.259, 9.206, 9.608, 11.018, 10.956, 9.823, 9.632, 9.13, 7.816, 7.215, 6.191, 6.233, 6.537, 5.783, 6.074, 5.987, 5.58, 4.419, 4.074, 4.328, 5.924, 6.85, 7.315, 7.731, 6.259, 5.669, 6.338, 6.576, 7.246, 8.745, 10.971, 9.209, 8.085, 7.032, 7.762, 8.469, 9.468, 10.642, 10.849, 11.001, 10.951, 10.479, 9.652, 10.022, 10.711, 9.687, 9.166, 9.001, 7.9, 7.113, 6.62, 5.988, 4.525, 3.948, 3.711, 3.996, 3.701, 3.721, 4.482, 5.111, 4.637, 4.156, 4.489, 4.613, 4.617, 4.923, 5.176, 5.022, 5.036, 5.311, 4.984, 3.811, 2.755, 2.071, 3.568, 3.657, 2.749, 3.305, 4.273, 5.52, 6.901, 6.356, 6.812, 7.85, 6.516, 4.962, 4.078, 3.184, 3.754, 4.633, 4.686], [8.823, 8.29, 8.535, 8.425, 8.595, 8.887, 8.145, 7.419, 7.013, 5.863, 4.295, 4.2, 4.511, 5.111, 5.926, 7.72, 7.845, 7.525, 7.618, 7.545, 7.178, 5.335, 4.94, 5.032, 3.731, 1.815, 0.0, 2.467, 4.067, 4.474, 4.673, 4.812, 5.092, 5.171, 6.196, 5.291, 4.114, 3.65, 3.619, 3.403, 5.417, 5.281, 3.745, 3.073, 2.685, 2.545, 2.713, 2.918, 3.168, 2.978, 2.431, 2.21, 3.651, 4.235, 4.038, 4.929, 5.691, 5.271, 5.863, 6.511, 8.704, 12.223, 12.049, 9.562, 9.198, 8.351, 5.53, 3.906, 3.742, 3.676, 3.586, 3.909, 3.678, 3.375, 3.615, 3.142, 2.619, 3.238, 4.101, 3.6, 3.417, 2.66, 4.867, 6.463, 5.322, 5.972, 7.793, 7.866, 7.21, 6.874, 4.895, 3.756, 3.79, 5.414, 7.034, 7.782, 8.004, 7.851, 7.719, 8.006, 7.805, 6.876, 6.914, 6.431, 3.452, 2.657, 2.697, 4.362, 8.806, 9.277, 8.529, 8.591, 10.176, 9.942, 9.588, 9.794, 10.222, 11.234, 10.954, 10.593, 10.471, 9.93, 8.581, 7.694, 6.336, 6.347, 6.676, 5.678, 5.873, 5.898, 5.769, 4.736, 4.696, 5.137, 6.249, 6.839, 7.494, 7.792, 6.576, 6.494, 7.11, 7.391, 8.074, 9.322, 11.125, 9.843, 8.938, 7.388, 8.004, 8.782, 10.201, 11.156, 11.267, 11.32, 11.654, 11.235, 10.405, 10.744, 11.284, 10.047, 9.898, 9.625, 8.099, 7.081, 7.205, 5.788, 4.433, 3.682, 3.429, 3.959, 4.039, 3.752, 4.925, 5.101, 4.409, 4.602, 5.14, 5.136, 5.322, 5.363, 5.984, 5.472, 5.733, 5.208, 4.952, 4.054, 3.147, 3.412, 3.887, 4.193, 3.323, 3.79, 4.792, 6.043, 7.473, 6.929, 7.385, 8.421, 7.073, 5.535, 4.539, 3.779, 4.341, 5.267, 5.462], [6.66, 6.084, 6.375, 6.214, 6.375, 6.667, 5.909, 5.18, 4.792, 3.668, 2.31, 2.785, 3.187, 3.268, 4.02, 5.624, 5.753, 5.29, 5.386, 5.428, 4.918, 3.318, 3.244, 2.891, 1.686, 2.669, 2.467, 0.0, 2.034, 2.549, 2.533, 3.04, 2.989, 3.289, 4.13, 3.475, 3.686, 5.045, 4.704, 5.302, 7.372, 7.206, 5.196, 3.729, 3.284, 3.271, 3.827, 4.016, 1.906, 1.253, 1.49, 1.586, 1.574, 2.256, 2.443, 2.978, 3.581, 3.181, 3.765, 4.285, 6.496, 10.123, 9.965, 7.398, 7.288, 6.264, 3.385, 2.164, 2.022, 2.17, 2.313, 2.169, 1.938, 1.657, 1.897, 2.443, 3.608, 2.603, 2.635, 2.565, 2.227, 3.243, 6.831, 8.4, 7.271, 7.884, 9.695, 9.769, 9.112, 8.804, 6.842, 5.517, 5.66, 7.321, 8.951, 9.69, 9.915, 9.765, 9.646, 9.952, 9.712, 8.778, 8.816, 8.333, 5.258, 4.039, 3.362, 2.349, 6.646, 7.123, 6.34, 6.414, 7.926, 7.687, 7.442, 7.606, 8.064, 9.071, 8.835, 8.463, 8.291, 7.83, 6.665, 6.233, 5.277, 5.327, 5.639, 4.937, 5.365, 5.188, 4.696, 3.62, 3.081, 2.986, 4.088, 4.769, 5.376, 5.754, 4.403, 4.287, 4.924, 5.175, 5.868, 7.152, 8.996, 7.731, 6.698, 5.218, 5.852, 6.601, 7.989, 8.926, 9.071, 9.193, 9.533, 9.104, 8.259, 8.589, 9.12, 7.89, 7.754, 7.469, 5.945, 5.001, 4.955, 3.614, 2.492, 1.781, 1.922, 2.017, 2.366, 2.385, 3.306, 3.497, 3.037, 3.893, 4.968, 5.754, 6.492,