[[0.0, 2.012, 2.6, 3.004, 4.163, 5.401, 4.573, 5.416, 6.47, 6.236, 5.063, 4.845, 4.689, 4.355, 3.69, 3.52, 3.283, 3.077, 2.795, 3.275, 4.063, 4.729, 5.411, 4.317, 3.274, 3.465, 3.968, 3.636, 3.78, 4.718, 5.854, 4.532, 4.55, 4.28, 3.131, 5.219, 7.402, 8.075, 8.187, 6.835, 4.404, 3.831, 4.951, 6.225, 6.938, 7.493, 7.19, 6.679, 6.632, 6.38, 5.118, 3.976, 2.804, 2.335, 2.701, 2.333, 5.191, 6.049, 4.272, 4.836, 7.107, 9.162, 9.114, 7.663, 6.241, 6.887, 7.241, 6.275, 5.55, 5.842, 4.84, 3.925, 3.768, 2.978, 2.672, 1.606, 2.458, 2.222, 1.685, 1.401, 2.383, 2.253, 1.884, 1.55, 1.604, 2.007, 2.05, 2.231, 2.248, 2.111, 2.51, 1.991, 2.707, 2.049, 2.038, 3.7, 5.37, 5.54, 4.152, 4.284, 4.307, 3.768, 3.558, 5.443, 7.543, 8.207, 9.336, 8.862, 6.019, 3.741, 3.839, 2.952, 2.711, 2.2, 1.611, 1.994, 3.236, 4.362, 4.67, 4.617, 4.745, 3.595, 3.966, 5.029, 4.727, 4.061, 3.168, 2.187, 2.199, 3.155, 3.365, 3.616, 5.477, 6.378, 5.829, 5.247, 4.097, 4.575, 4.942, 3.521, 3.526, 5.153, 4.933, 4.072, 3.684, 3.818, 3.521, 3.742, 4.199, 3.385, 4.67, 5.606, 6.466, 6.494, 4.949, 3.153, 1.974, 4.011, 3.737, 5.151, 4.708, 2.035, 1.819, 1.958, 2.502, 3.288, 3.043, 3.433, 3.46, 3.5, 3.833, 4.192, 3.947, 3.789, 2.615, 3.196, 4.878, 6.134, 6.569, 5.864, 7.048, 9.269, 8.296, 4.607, 3.809, 3.427, 3.158, 2.536, 2.221, 2.165, 3.091, 2.787, 3.734, 5.993, 6.547, 6.717, 7.946, 8.709, 8.418, 9.598, 10.235, 10.343, 8.25, 6.28, 6.086, 4.694], [2.012, 0.0, 2.073, 2.515, 2.684, 3.857, 3.009, 3.84, 4.9, 4.645, 3.569, 3.273, 3.194, 2.814, 2.407, 2.898, 3.372, 3.162, 2.722, 2.746, 2.877, 3.821, 5.121, 4.279, 3.585, 4.135, 4.033, 3.626, 3.876, 5.787, 6.791, 5.719, 5.797, 4.757, 2.068, 3.9, 6.133, 6.759, 6.986, 5.409, 3.016, 2.379, 3.504, 4.774, 5.632, 6.177, 5.732, 5.317, 5.323, 5.099, 4.531, 3.814, 3.19, 3.301, 3.397, 3.788, 6.68, 7.482, 5.668, 6.263, 8.543, 10.578, 10.409, 9.004, 7.689, 8.183, 8.618, 7.899, 7.026, 7.335, 6.244, 5.163, 4.375, 3.88, 3.941, 2.275, 1.616, 0.951, 1.446, 2.291, 1.651, 1.143, 0.994, 1.259, 1.912, 2.35, 2.605, 3.019, 2.613, 3.188, 3.792, 3.287, 4.189, 3.417, 1.479, 2.45, 4.037, 4.164, 2.875, 2.812, 3.111, 3.201, 2.612, 3.816, 6.082, 6.614, 7.886, 7.47, 4.694, 3.028, 3.223, 2.591, 1.946, 1.525, 2.597, 2.96, 2.413, 3.891, 4.749, 5.122, 6.255, 4.867, 5.251, 6.605, 6.235, 5.672, 4.766, 3.75, 3.729, 4.745, 4.979, 5.196, 7.015, 7.941, 7.307, 6.364, 5.595, 6.207, 6.37, 4.959, 5.016, 6.618, 6.288, 5.372, 5.107, 5.407, 5.248, 5.284, 5.925, 5.034, 6.038, 7.122, 7.887, 7.955, 6.379, 4.638, 2.098, 2.539, 2.344, 3.643, 3.19, 1.656, 2.63, 2.725, 3.229, 3.777, 3.136, 3.338, 3.297, 3.371, 4.072, 5.089, 5.011, 4.66, 3.534, 4.603, 6.235, 7.562, 8.076, 7.452, 8.354, 10.574, 9.609, 6.201, 5.446, 4.992, 4.684, 4.001, 3.549, 3.191, 2.644, 2.33, 2.606, 4.652, 5.152, 5.339, 6.658, 7.4, 7.099, 8.27, 8.975, 9.039, 6.776, 4.858, 4.654, 3.35], [2.6, 2.073, 0.0, 1.359, 3.622, 4.846, 4.062, 5.011, 5.776, 5.481, 4.014, 4.267, 4.629, 4.234, 3.481, 3.473, 3.562, 3.392, 3.382, 3.457, 3.509, 4.485, 5.547, 4.752, 4.061, 4.349, 4.431, 4.214, 4.291, 5.467, 6.635, 5.465, 5.256, 4.489, 2.377, 5.195, 7.409, 8.133, 8.286, 6.498, 4.139, 3.521, 4.883, 6.379, 7.119, 7.26, 6.788, 6.858, 6.55, 6.382, 4.861, 3.962, 3.038, 3.218, 3.512, 3.798, 6.318, 6.499, 5.127, 5.446, 7.232, 9.18, 9.506, 8.101, 7.056, 7.719, 8.058, 7.611, 6.727, 6.996, 5.914, 4.459, 3.77, 3.156, 2.606, 2.697, 2.796, 2.055, 1.842, 2.49, 2.273, 2.365, 2.121, 2.25, 2.938, 3.012, 3.533, 3.611, 3.141, 3.446, 3.903, 3.451, 4.186, 3.748, 2.101, 3.674, 5.483, 5.828, 4.39, 4.323, 4.092, 3.42, 2.424, 4.479, 6.653, 7.57, 9.182, 8.812, 6.11, 3.426, 3.066, 2.799, 2.205, 1.911, 2.179, 2.493, 2.442, 3.531, 4.472, 4.786, 5.862, 4.519, 4.824, 6.036, 5.598, 5.428, 4.687, 4.142, 3.716, 4.561, 5.085, 5.183, 6.762, 7.525, 6.863, 6.628, 5.171, 5.406, 5.152, 4.079, 4.415, 5.416, 5.454, 4.886, 4.804, 5.695, 5.539, 5.344, 5.937, 4.648, 4.872, 6.087, 6.795, 6.661, 5.612, 3.942, 2.713, 3.981, 3.888, 5.359, 4.912, 3.002, 2.914, 2.828, 3.23, 3.834, 3.322, 3.54, 3.636, 3.556, 4.234, 5.225, 4.89, 4.775, 3.377, 3.422, 4.734, 6.072, 7.13, 6.257, 7.361, 9.308, 8.274, 5.952, 5.312, 4.642, 4.347, 4.017, 3.769, 3.552, 3.805, 3.747, 4.048, 6.245, 6.84, 6.988, 8.122, 8.787, 8.628, 9.607, 10.441, 10.566, 8.335, 5.814, 6.016, 4.474], [3.004, 2.515, 1.359, 0.0, 3.756, 5.111, 4.304, 5.264, 6.031, 5.724, 4.226, 4.189, 4.723, 4.418, 3.388, 3.682, 3.708, 3.682, 3.67, 3.581, 3.433, 4.442, 5.677, 5.102, 4.404, 4.633, 4.747, 4.487, 4.657, 5.708, 6.796, 5.548, 5.349, 4.832, 2.621, 5.443, 7.693, 8.41, 8.536, 6.896, 4.58, 4.065, 5.183, 6.562, 7.298, 7.652, 7.164, 7.125, 6.714, 6.591, 4.862, 4.145, 3.501, 3.398, 3.963, 4.062, 6.212, 6.463, 5.186, 5.495, 7.173, 9.091, 9.26, 8.128, 7.215, 7.859, 7.976, 7.872, 6.768, 7.105, 6.079, 4.63, 3.876, 3.126, 2.873, 2.856, 3.522, 2.768, 1.905, 2.65, 2.518, 2.648, 2.255, 2.652, 3.44, 3.708, 4.041, 4.182, 3.82, 4.243, 4.632, 3.754, 4.452, 3.971, 2.464, 3.953, 5.714, 6.016, 4.657, 4.502, 4.337, 3.555, 2.789, 4.859, 6.815, 7.812, 9.445, 9.074, 6.374, 3.741, 3.205, 2.832, 2.477, 2.304, 2.389, 2.575, 2.828, 3.632, 4.526, 5.035, 5.921, 4.587, 4.931, 6.055, 5.679, 5.738, 4.945, 4.452, 4.012, 4.86, 5.293, 5.421, 6.996, 7.745, 6.979, 6.736, 5.351, 5.567, 5.145, 4.432, 4.603, 5.508, 5.812, 5.24, 5.047, 5.947, 5.755, 5.613, 6.207, 4.884, 4.804, 6.266, 6.93, 6.655, 5.402, 4.042, 3.36, 4.306, 4.141, 5.536, 5.089, 3.529, 3.222, 3.049, 3.586, 4.117, 3.574, 3.874, 3.965, 3.842, 4.534, 5.407, 5.063, 5.032, 3.627, 3.637, 5.169, 6.321, 7.295, 6.418, 7.293, 9.138, 8.131, 5.903, 5.368, 4.957, 4.689, 4.393, 4.184, 4.356, 4.672, 4.467, 4.665, 6.499, 7.033, 7.162, 8.387, 9.026, 8.854, 9.874, 10.709, 10.816, 8.526, 6.078, 6.298, 4.71], [4.163, 2.684, 3.622, 3.756, 0.0, 1.711, 1.722, 2.071, 2.547, 2.27, 1.666, 1.54, 1.604, 1.769, 1.866, 3.143, 4.348, 4.241, 3.16, 2.85, 2.427, 3.389, 4.866, 4.77, 4.405, 5.316, 4.667, 3.9, 4.258, 7.385, 8.386, 7.174, 7.476, 5.749, 2.555, 2.629, 4.274, 5.269, 5.879, 4.522, 3.336, 2.649, 2.655, 3.863, 4.621, 4.853, 4.555, 4.034, 4.71, 4.646, 5.18, 5.649, 5.611, 5.823, 5.856, 6.27, 8.966, 9.544, 7.996, 8.425, 10.449, 12.445, 12.478, 10.913, 9.505, 10.254, 10.647, 9.876, 9.224, 9.458, 8.374, 6.972, 6.225, 5.713, 5.705, 4.145, 2.594, 2.383, 3.575, 4.26, 3.353, 2.697, 2.906, 3.258, 3.328, 3.534, 4.149, 4.947, 4.534, 5.111, 5.936, 5.615, 5.994, 5.052, 3.035, 2.169, 2.813, 2.958, 2.822, 3.019, 3.43, 3.919, 3.118, 3.051, 5.223, 5.555, 6.044, 5.627, 3.186, 3.367, 4.116, 4.374, 3.135, 3.033, 4.846, 5.27, 4.354, 5.115, 6.156, 7.254, 8.611, 7.319, 7.6, 8.888, 8.456, 7.9, 7.08, 5.717, 5.79, 6.721, 6.697, 6.924, 8.677, 9.46, 8.917, 7.623, 7.198, 7.83, 8.188, 6.954, 6.991, 8.541, 8.038, 7.321, 7.123, 7.518, 7.296, 7.405, 7.832, 6.964, 7.904, 8.842, 9.625, 9.723, 8.351, 6.464, 3.431, 2.011, 2.276, 2.665, 1.928, 2.619, 4.367, 4.052, 4.532, 4.379, 3.802, 3.313, 3.614, 3.905, 4.649, 5.757, 5.824, 5.626, 5.253, 6.434, 8.018, 9.343, 9.594, 9.008, 10.22, 12.452, 11.517, 8.66, 7.896, 7.386, 7.117, 6.48, 5.864, 5.211, 4.275, 3.646, 3.081, 3.371, 3.617, 3.829, 4.919, 5.598, 5.324, 6.503, 7.143, 7.272, 5.3, 3.635, 3.363, 3.032], [5.401, 3.857, 4.846, 5.111, 1.711, 0.0, 1.45, 0.981, 1.398, 1.326, 1.568, 1.638, 1.635, 1.893, 2.502, 3.932, 5.57, 5.397, 4.226, 3.657, 3.056, 3.475, 5.403, 5.756, 5.751, 6.667, 5.787, 4.887, 5.33, 8.58, 9.785, 8.45, 8.86, 6.971, 3.776, 2.106, 3.387, 5.131, 5.793, 4.674, 3.914, 3.247, 2.822, 4.06, 4.498, 4.673, 4.164, 4.145, 4.898, 4.837, 5.74, 6.179, 6.294, 6.848, 6.649, 7.466, 10.267, 10.905, 9.33, 9.777, 11.839, 13.793, 13.847, 12.269, 10.811, 11.587, 11.923, 11.093, 10.618, 10.805, 9.763, 8.338, 7.57, 7.061, 7.011, 5.359, 3.359, 3.4, 4.807, 5.499, 4.575, 3.961, 4.13, 4.405, 4.229, 4.028, 4.794, 5.738, 5.21, 5.625, 6.658, 6.838, 7.167, 6.19, 4.213, 2.523, 2.539, 2.844, 3.23, 3.656, 4.043, 4.466, 3.733, 3.001, 5.06, 5.192, 5.176, 4.909, 3.002, 3.876, 4.765, 5.181, 3.966, 4.11, 6.086, 6.553, 5.181, 5.705, 6.623, 8.369, 9.735, 8.52, 8.869, 10.167, 9.758, 9.227, 8.345, 6.97, 7.147, 8.077, 7.934, 8.122, 9.89, 10.756, 10.226, 8.713, 8.284, 9.075, 9.578, 8.342, 8.322, 9.936, 9.394, 8.648, 8.443, 8.678, 8.463, 8.769, 9.11, 8.245, 9.339, 10.199, 10.886, 11.12, 9.75, 7.784, 4.028, 2.156, 2.433, 2.516, 1.953, 3.709, 5.764, 5.332, 5.779, 5.613, 5.073, 4.009, 4.292, 4.927, 5.499, 6.497, 6.698, 6.709, 6.422, 7.718, 9.34, 10.676, 10.847, 10.253, 11.513, 13.852, 12.857, 9.942, 8.993, 8.378, 8.137, 7.606, 7.034, 5.979, 4.552, 4.217, 3.587, 2.929, 3.184, 3.506, 4.12, 4.452, 4.379, 5.465, 6.105, 6.237, 4.878, 3.684, 2.959, 3.596], [4.573, 3.009, 4.062, 4.304, 1.722, 1.45, 0.0, 1.291, 2.342, 2.136, 1.924, 1.926, 1.952, 1.86, 2.243, 3.415, 4.783, 4.675, 3.63, 3.223, 3.045, 3.627, 5.259, 5.032, 5.159, 5.911, 5.46, 4.533, 4.714, 7.623, 8.95, 7.649, 8.022, 6.265, 3.283, 2.47, 4.302, 5.374, 5.753, 4.536, 3.165, 2.658, 2.65, 3.824, 4.796, 5.116, 4.719, 4.164, 4.777, 4.551, 4.983, 5.282, 5.425, 5.997, 5.749, 6.566, 9.499, 10.173, 8.58, 9.062, 11.138, 13.093, 13.077, 11.494, 10.0, 10.786, 11.19, 10.267, 9.815, 9.978, 8.996, 7.583, 6.791, 6.315, 6.294, 4.502, 2.517, 2.656, 4.023, 4.72, 3.84, 3.095, 3.243, 3.527, 3.282, 3.07, 3.801, 4.723, 4.108, 4.556, 5.648, 6.066, 6.439, 5.367, 3.41, 1.946, 2.716, 2.586, 2.318, 2.983, 3.384, 3.77, 2.989, 3.068, 5.325, 5.759, 6.104, 5.689, 3.141, 3.16, 4.034, 4.286, 3.136, 3.311, 5.294, 5.803, 4.384, 4.78, 5.771, 7.546, 8.88, 7.711, 8.072, 9.42, 8.986, 8.473, 7.543, 6.221, 6.415, 7.345, 7.206, 7.315, 9.108, 9.941, 9.448, 7.813, 7.461, 8.272, 8.86, 7.634, 7.606, 9.229, 8.647, 7.901, 7.689, 7.904, 7.693, 8.006, 8.37, 7.518, 8.616, 9.463, 10.128, 10.37, 9.031, 7.032, 3.047, 1.516, 1.567, 1.859, 1.497, 3.064, 4.89, 4.476, 4.99, 4.947, 4.408, 3.904, 3.797, 4.379, 4.876, 5.851, 6.023, 5.885, 5.622, 6.965, 8.582, 9.885, 10.058, 9.474, 10.538, 12.985, 12.042, 9.14, 8.123, 7.526, 7.272, 6.783, 6.168, 5.14, 3.614, 3.309, 3.025, 2.639, 3.197, 3.739, 4.874, 5.594, 5.441, 6.506, 7.16, 7.211, 5.48, 3.839, 3.592, 2.987], [5.416, 3.84, 5.011, 5.264, 2.071, 0.981, 1.291, 0.0, 1.426, 1.36, 1.658, 1.705, 1.516, 1.705, 2.461, 3.903, 5.71, 5.598, 4.227, 3.528, 3.179, 3.355, 5.161, 5.666, 5.92, 6.861, 5.978, 4.975, 5.545, 8.558, 9.92, 8.586, 8.97, 7.205, 3.9, 2.143, 3.731, 5.207, 5.862, 4.811, 3.921, 3.254, 2.891, 4.101, 4.588, 4.805, 4.25, 4.297, 5.016, 4.953, 5.78, 6.163, 6.302, 6.872, 6.614, 7.417, 10.333, 11.013, 9.415, 9.911, 12.044, 14.007, 13.96, 12.393, 10.908, 11.65, 12.058, 11.089, 10.667, 10.822, 9.847, 8.532, 7.752, 7.246, 7.22, 5.366, 3.223, 3.507, 4.876, 5.594, 4.655, 3.917, 4.077, 4.341, 4.119, 3.908, 4.49, 5.305, 4.946, 5.343, 6.553, 6.901, 7.309, 6.216, 4.231, 2.631, 2.747, 2.442, 3.003, 3.643, 4.127, 4.575, 3.97, 3.156, 5.179, 5.309, 5.574, 5.132, 3.098, 3.944, 4.881, 5.202, 3.974, 4.153, 6.114, 6.631, 5.201, 5.671, 6.681, 8.394, 9.711, 8.536, 8.908, 10.25, 9.828, 9.308, 8.376, 7.054, 7.248, 8.183, 8.056, 8.108, 9.977, 10.833, 10.381, 8.554, 8.244, 9.21, 9.778, 8.509, 8.489, 10.104, 9.555, 8.769, 8.562, 8.739, 8.524, 8.835, 9.199, 8.388, 9.558, 10.384, 11.074, 11.312, 9.94, 7.932, 3.822, 2.028, 2.356, 2.244, 1.68, 3.732, 5.832, 5.426, 5.944, 5.787, 5.239, 4.236, 4.311, 5.043, 5.532, 6.501, 6.745, 6.757, 6.517, 7.863, 9.513, 10.841, 11.01, 10.417, 11.498, 13.944, 13.001, 9.974, 8.971, 8.413, 8.175, 7.624, 7.011, 6.01, 4.44, 4.209, 3.539, 2.625, 3.087, 3.581, 4.322, 4.819, 4.799, 5.867, 6.551, 6.551, 5.081, 3.905, 3.276, 3.787], [6.47, 4.9, 5.776, 6.031, 2.547, 1.398, 2.342, 1.426, 0.0, 0.851, 1.943, 2.07, 1.984, 2.479, 3.079, 4.467, 6.499, 6.38, 4.985, 4.199, 3.601, 3.722, 5.446, 6.356, 6.709, 7.638, 6.76, 5.75, 6.305, 9.351, 10.7, 9.358, 9.748, 7.921, 4.684, 2.972, 3.661, 5.509, 6.172, 5.446, 5.19, 4.522, 4.058, 4.757, 4.937, 5.067, 4.886, 4.805, 5.562, 5.773, 6.8, 7.395, 7.566, 8.077, 7.877, 8.622, 11.32, 11.894, 10.318, 10.739, 12.819, 14.782, 14.751, 13.177, 11.687, 12.473, 12.879, 11.956, 11.524, 11.695, 10.695, 9.308, 8.529, 8.028, 8.002, 6.213, 4.163, 4.473, 5.863, 6.448, 5.463, 4.76, 5.102, 5.348, 5.269, 4.966, 5.506, 6.393, 6.214, 6.553, 7.786, 7.893, 8.162, 7.106, 5.095, 3.649, 3.554, 3.425, 4.112, 4.628, 5.024, 5.567, 4.897, 3.439, 5.449, 5.582, 5.544, 5.285, 3.442, 5.0, 5.993, 6.444, 5.129, 5.149, 7.037, 7.618, 6.411, 6.928, 7.849, 9.568, 10.873, 9.652, 9.965, 11.201, 10.818, 10.226, 9.379, 7.963, 8.117, 9.048, 8.875, 8.967, 10.751, 11.621, 11.172, 9.308, 8.98, 9.991, 10.562, 9.29, 9.261, 10.879, 10.356, 9.557, 9.351, 9.648, 9.48, 9.713, 10.093, 9.223, 10.34, 11.165, 11.85, 12.093, 10.724, 8.707, 4.986, 3.224, 3.541, 3.294, 2.735, 4.883, 6.655, 6.202, 6.715, 6.564, 5.977, 4.789, 4.928, 5.808, 6.082, 6.975, 7.419, 7.55, 7.304, 8.634, 10.283, 11.605, 11.774, 11.182, 12.316, 14.734, 13.766, 11.014, 10.184, 9.626, 9.387, 8.818, 8.194, 7.226, 5.697, 5.472, 4.783, 3.676, 3.743, 3.889, 4.479, 4.252, 4.424, 5.477, 6.243, 6.35, 5.237, 4.226, 3.673, 4.424], [6.236, 4.645, 5.481, 5.724, 2.27, 1.326, 2.136, 1.36, 0.851, 0.0, 1.646, 1.893, 1.731, 2.343, 2.777, 4.276, 6.232, 6.117, 4.77, 3.98, 3.343, 3.604, 5.209, 6.174, 6.435, 7.365, 6.496, 5.581, 6.075, 9.141, 10.407, 9.086, 9.443, 7.648, 4.536, 2.717, 3.623, 5.521, 6.183, 5.235, 5.026, 4.373, 3.912, 4.755, 4.972, 4.997, 4.721, 4.904, 5.632, 5.731, 6.686, 7.267, 7.398, 7.811, 7.677, 8.352, 11.105, 11.702, 10.146, 10.568, 12.586, 14.541, 14.524, 12.946, 11.448, 12.278, 12.715, 11.802, 11.324, 11.496, 10.524, 9.039, 8.239, 7.763, 7.743, 6.023, 3.96, 4.249, 5.618, 6.253, 5.308, 4.587, 4.872, 5.148, 4.99, 4.713, 5.331, 6.238, 5.937, 6.418, 7.556, 7.672, 7.973, 6.926, 4.949, 3.524, 3.491, 3.442, 4.029, 4.534, 4.96, 5.431, 4.657, 3.39, 5.37, 5.471, 5.541, 5.169, 3.522, 4.88, 5.818, 6.22, 4.909, 4.967, 6.922, 7.391, 6.183, 6.777, 7.704, 9.322, 10.68, 9.397, 9.725, 10.988, 10.596, 10.053, 9.175, 7.792, 7.95, 8.881, 8.728, 8.769, 10.563, 11.386, 10.896, 9.129, 8.782, 9.721, 10.307, 9.113, 9.087, 10.687, 10.154, 9.416, 9.229, 9.507, 9.317, 9.546, 9.92, 9.041, 10.065, 10.913, 11.583, 11.817, 10.479, 8.49, 4.697, 3.083, 3.405, 3.167, 2.67, 4.529, 6.374, 5.913, 6.426, 6.274, 5.689, 4.506, 4.648, 5.506, 5.763, 6.649, 7.145, 7.371, 7.103, 8.402, 9.996, 11.301, 11.478, 10.899, 11.985, 14.404, 13.473, 10.789, 9.911, 9.358, 9.119, 8.56, 7.939, 6.984, 5.54, 5.277, 4.564, 3.55, 3.716, 3.905, 4.376, 4.362, 4.573, 5.623, 6.355, 6.426, 5.151, 4.251, 3.791, 4.49], [5.063, 3.569, 4.014, 4.226, 1.666, 1.568, 1.924, 1.658, 1.943, 1.646, 0.0, 1.328, 1.709, 1.789, 2.015, 3.041, 4.737, 4.568, 3.431, 2.812, 2.278, 2.909, 4.485, 4.923, 4.971, 5.827, 5.028, 4.134, 4.661, 7.795, 8.911, 7.546, 7.939, 6.154, 3.12, 2.516, 4.245, 5.742, 6.279, 5.143, 4.179, 3.508, 3.39, 4.619, 5.065, 5.203, 4.864, 4.948, 5.399, 5.505, 6.39, 6.607, 6.443, 6.71, 6.799, 7.276, 9.799, 10.229, 8.722, 9.1, 11.017, 12.96, 13.048, 11.532, 9.964, 10.9, 11.292, 10.407, 9.921, 10.117, 9.102, 7.49, 6.669, 6.173, 6.231, 4.704, 3.034, 3.136, 4.455, 4.953, 3.816, 3.271, 3.724, 4.049, 3.977, 3.831, 4.599, 5.452, 5.19, 5.838, 6.628, 6.401, 6.652, 5.631, 3.598, 3.209, 3.398, 3.61, 3.811, 4.285, 4.716, 5.157, 4.172, 3.361, 5.477, 5.816, 6.149, 5.732, 3.641, 4.507, 5.221, 5.214, 4.102, 3.914, 5.63, 6.152, 5.219, 6.106, 7.192, 8.172, 9.557, 8.214, 8.514, 9.729, 9.272, 8.698, 7.918, 6.384, 6.48, 7.408, 7.309, 7.443, 9.166, 9.965, 9.435, 7.877, 7.431, 8.184, 8.742, 7.645, 7.653, 9.165, 8.653, 7.947, 7.814, 8.161, 8.06, 8.177, 8.49, 7.674, 8.537, 9.381, 10.125, 10.239, 8.942, 7.093, 4.034, 2.496, 2.931, 2.983, 2.623, 3.534, 5.056, 4.499, 4.874, 4.758, 4.221, 3.259, 3.399, 4.035, 4.493, 5.513, 5.776, 5.959, 5.703, 6.88, 8.448, 9.742, 9.928, 9.393, 10.593, 12.929, 11.98, 9.5, 8.821, 8.284, 7.988, 7.377, 6.785, 5.998, 4.872, 4.458, 3.774, 3.452, 4.004, 4.124, 4.933, 5.316, 5.315, 6.303, 7.061, 7.162, 5.575, 4.268, 3.96, 4.284], [4.845, 3.273, 4.267, 4.189, 1.54, 1.638, 1.926, 1.705, 2.07, 1.893, 1.328, 0.0, 1.315, 1.294, 1.533, 2.805, 4.545, 4.523, 3.109, 2.42, 2.0, 2.329, 3.976, 4.594, 4.897, 5.829, 4.87, 3.918, 4.584, 7.728, 8.9, 7.506, 7.843, 6.201, 3.053, 3.264, 4.778, 6.264, 6.93, 5.664, 4.186, 3.567, 3.551, 4.793, 5.486, 5.817, 5.41, 4.967, 5.711, 5.603, 6.339, 6.564, 6.372, 6.565, 6.584, 6.938, 9.583, 10.127, 8.538, 8.984, 10.999, 12.973, 12.809, 11.385, 9.768, 10.533, 11.175, 10.241, 9.63, 9.858, 8.893, 7.463, 6.655, 6.173, 6.277, 4.375, 2.792, 3.036, 4.149, 4.633, 3.699, 2.94, 3.373, 3.777, 3.654, 3.668, 4.001, 4.932, 4.84, 5.642, 6.49, 6.151, 6.454, 5.38, 3.437, 3.252, 3.342, 3.203, 3.63, 4.194, 4.77, 5.193, 4.283, 4.02, 6.206, 6.433, 6.591, 6.262, 4.074, 4.57, 5.171, 5.235, 4.136, 3.938, 5.5, 5.962, 5.261, 6.206, 7.293, 8.115, 9.378, 8.029, 8.355, 9.549, 9.075, 8.51, 7.722, 6.301, 6.403, 7.338, 7.224, 7.162, 8.943, 9.832, 9.23, 7.463, 7.136, 8.16, 8.756, 7.559, 7.608, 9.15, 8.685, 7.932, 7.755, 8.073, 7.902, 8.056, 8.376, 7.54, 8.455, 9.347, 10.146, 10.241, 8.784, 6.981, 3.828, 2.428, 2.88, 2.778, 2.203, 3.175, 4.743, 4.356, 4.917, 4.814, 4.077, 3.08, 3.196, 4.019, 4.5, 5.321, 5.659, 5.904, 5.662, 6.89, 8.506, 9.816, 9.95, 9.483, 10.368, 12.782, 11.884, 9.222, 8.642, 8.254, 7.92, 7.168, 6.434, 6.028, 4.846, 4.418, 3.567, 3.469, 3.616, 4.35, 5.43, 5.706, 5.631, 6.77, 7.521, 7.539, 5.982, 4.587, 4.187, 4.319], [4.689, 3.194, 4.629, 4.723, 1.604, 1.635, 1.952, 1.516, 1.984, 1.731, 1.709, 1.315, 0.0, 1.315, 1.719, 3.021, 5.096, 5.003, 3.648, 2.745, 2.319, 2.799, 4.297, 5.171, 5.294, 6.234, 5.373, 4.368, 4.926, 8.235, 9.367, 8.042, 8.43, 6.698, 3.372, 2.807, 4.284, 5.863, 6.525, 5.3, 3.809, 3.235, 2.981, 4.455, 5.091, 5.379, 4.869, 4.597, 5.388, 5.111, 5.712, 6.129, 6.118, 6.337, 6.361, 6.761, 9.657, 10.33, 8.66, 9.061, 11.3, 13.36, 13.247, 11.756, 10.277, 10.941, 11.382, 10.347, 9.77, 9.981, 9.067, 7.93, 7.181, 6.66, 6.722, 4.657, 2.757, 2.962, 4.281, 4.958, 3.942, 3.136, 3.458, 3.925, 3.622, 3.776, 4.236, 4.941, 4.68, 5.343, 6.241, 6.17, 6.674, 5.581, 3.597, 2.637, 2.751, 2.704, 3.07, 3.581, 4.179, 4.635, 3.811, 3.812, 5.941, 6.054, 6.199, 5.808, 3.702, 3.927, 4.814, 4.926, 3.686, 3.721, 5.571, 5.892, 4.954, 5.68, 6.709, 7.825, 9.189, 7.872, 8.252, 9.567, 9.198, 8.566, 7.735, 6.342, 6.473, 7.396, 7.318, 7.314, 9.159, 10.137, 9.675, 7.99, 7.607, 8.59, 9.124, 7.742, 7.792, 9.394, 9.023, 8.13, 7.858, 8.126, 7.914, 8.103, 8.423, 7.677, 8.874, 9.779, 10.598, 10.664, 9.179, 7.305, 3.767, 2.095, 2.413, 2.472, 1.922, 3.211, 5.148, 4.848, 5.428, 5.309, 4.67, 3.605, 3.768, 4.512, 4.865, 5.755, 6.128, 6.447, 6.17, 7.364, 9.017, 10.326, 10.469, 9.994, 10.984, 13.403, 12.461, 9.243, 8.404, 7.981, 7.648, 6.961, 6.318, 5.693, 4.453, 4.025, 3.288, 2.875, 3.319, 4.055, 5.004, 5.023, 5.181, 6.225, 7.031, 7.058, 5.596, 4.242, 3.707, 3.87], [4.355, 2.814, 4.234, 4.418, 1.769, 1.893, 1.86, 1.705, 2.479, 2.343, 1.789, 1.294, 1.315, 0.0, 1.399, 2.847, 4.818, 4.653, 3.27, 2.533, 2.203, 2.775, 4.23, 4.564, 5.005, 5.909, 5.062, 4.012, 4.561, 7.875, 9.061, 7.757, 8.161, 6.206, 2.984, 2.895, 4.596, 6.016, 6.613, 5.271, 3.368, 2.746, 2.939, 4.645, 5.356, 5.491, 5.083, 4.673, 5.457, 5.256, 5.763, 5.887, 5.6, 5.866, 5.918, 6.421, 9.241, 9.967, 8.307, 8.759, 10.956, 12.931, 12.992, 11.481, 10.022, 10.706, 11.023, 10.004, 9.604, 9.765, 8.81, 7.619, 6.843, 6.309, 6.275, 4.388, 2.36, 2.62, 3.944, 4.652, 3.581, 2.865, 3.064, 3.431, 3.28, 3.19, 3.679, 4.426, 4.242, 4.802, 5.7, 5.756, 6.251, 5.273, 3.176, 2.609, 2.916, 2.798, 3.031, 3.641, 4.117, 4.525, 3.7, 3.834, 5.915, 6.162, 6.359, 5.92, 3.718, 3.914, 4.709, 4.33, 3.476, 3.314, 5.119, 5.432, 4.281, 5.316, 6.418, 7.33, 8.676, 7.383, 7.782, 9.093, 8.77, 8.176, 7.324, 5.875, 6.064, 7.052, 7.025, 7.116, 8.949, 9.883, 9.462, 7.683, 7.259, 8.247, 8.773, 7.34, 7.42, 8.988, 8.62, 7.741, 7.514, 7.639, 7.499, 7.79, 7.996, 7.341, 8.55, 9.384, 10.16, 10.332, 8.946, 7.031, 3.344, 1.83, 2.23, 2.476, 1.919, 2.899, 4.941, 4.564, 5.017, 4.922, 4.381, 3.277, 3.385, 4.19, 4.648, 5.498, 5.759, 5.992, 5.808, 6.968, 8.641, 9.936, 10.117, 9.601, 10.77, 13.153, 12.164, 8.867, 7.98, 7.424, 7.072, 6.518, 5.977, 5.09, 3.93, 3.721, 2.791, 3.078, 3.533, 4.241, 5.202, 5.67, 5.708, 6.632, 7.444, 7.453, 5.898, 4.256, 3.985, 3.841], [3.69, 2.407, 3.481, 3.388, 1.866, 2.502, 2.243, 2.461, 3.079, 2.777, 2.015, 1.533, 1.719, 1.399, 0.0, 1.773, 3.656, 3.489, 2.286, 1.674, 1.37, 1.98, 3.45, 3.609, 3.86, 4.726, 3.946, 3.112, 3.513, 6.683, 7.897, 6.595, 6.999, 5.156, 1.995, 3.799, 5.489, 6.879, 7.407, 6.088, 3.614, 2.958, 3.736, 5.393, 6.232, 6.406, 6.025, 5.468, 6.191, 5.959, 6.042, 5.944, 5.489, 5.446, 5.601, 5.78, 8.419, 9.02, 7.448, 7.853, 9.839, 11.854, 11.927, 10.328, 8.842, 9.66, 10.063, 9.118, 8.679, 8.861, 7.859, 6.451, 5.687, 5.165, 5.196, 3.465, 2.044, 2.308, 3.172, 3.633, 2.663, 2.187, 2.453, 2.66, 2.569, 2.667, 3.15, 4.056, 4.116, 4.794, 5.441, 5.015, 5.328, 4.329, 2.685, 2.989, 3.579, 3.607, 3.438, 4.047, 4.486, 4.899, 3.831, 4.616, 6.85, 7.107, 7.371, 6.934, 4.63, 4.334, 5.039, 4.476, 3.679, 3.349, 4.321, 4.697, 4.178, 5.579, 6.654, 7.111, 8.099, 6.764, 7.116, 8.368, 7.922, 7.353, 6.565, 5.129, 5.249, 6.193, 6.124, 6.125, 7.863, 8.737, 8.275, 6.547, 6.12, 7.089, 7.622, 6.417, 6.459, 8.002, 7.539, 6.784, 6.603, 6.904, 6.72, 6.935, 7.215, 6.392, 7.406, 8.294, 9.08, 9.194, 7.786, 5.869, 3.064, 2.006, 2.681, 3.143, 2.674, 2.151, 3.777, 3.378, 3.908, 3.783, 3.239, 2.232, 2.237, 3.014, 3.396, 4.346, 4.616, 4.861, 4.663, 5.882, 7.499, 8.809, 8.979, 8.467, 9.568, 11.985, 11.012, 8.133, 7.421, 6.993, 6.675, 5.919, 5.479, 4.961, 3.928, 3.744, 2.847, 3.767, 4.327, 5.1, 6.124, 6.496, 6.559, 7.515, 8.313, 8.32, 6.802, 5.121, 4.895, 4.405], [3.52, 2.898, 3.473, 3.682, 3.143, 3.932, 3.415, 3.903, 4.467, 4.276, 3.041, 2.805, 3.021, 2.847, 1.773, 0.0, 2.341, 2.195, 1.514, 1.14, 1.604, 1.708, 2.594, 2.433, 2.721, 3.325, 2.87, 1.982, 2.127, 5.515, 6.591, 5.21, 5.64, 3.805, 1.856, 4.927, 6.738, 8.171, 8.421, 7.112, 4.408, 3.743, 4.926, 6.47, 7.401, 7.622, 7.221, 6.84, 7.241, 6.928, 6.901, 6.458, 5.624, 5.457, 5.644, 5.52, 7.386, 7.584, 6.089, 6.475, 8.413, 10.453, 10.561, 9.053, 7.532, 8.338, 8.76, 7.878, 7.305, 7.53, 6.514, 5.033, 4.237, 3.729, 3.954, 2.669, 2.402, 2.673, 3.349, 3.139, 2.283, 2.482, 2.964, 2.733, 2.667, 2.98, 3.297, 4.231, 4.544, 5.113, 5.65, 4.908, 4.076, 3.043, 2.857, 3.829, 4.819, 5.0, 4.454, 4.96, 5.243, 5.667, 4.605, 5.592, 7.979, 8.347, 8.659, 8.214, 5.825, 5.136, 5.723, 5.118, 4.454, 3.893, 3.773, 4.174, 4.581, 6.296, 7.267, 7.552, 7.626, 6.49, 7.061, 7.367, 6.94, 6.272, 5.501, 4.248, 4.088, 4.802, 4.709, 4.877, 6.56, 7.499, 6.921, 5.289, 4.869, 5.768, 6.202, 5.038, 5.079, 6.542, 6.102, 5.332, 5.185, 5.554, 5.426, 5.618, 5.848, 5.092, 5.995, 6.872, 7.713, 7.728, 6.376, 4.878, 3.678, 3.03, 3.639, 4.319, 4.03, 2.623, 2.738, 2.716, 3.051, 2.677, 2.14, 1.56, 1.581, 1.982, 2.146, 3.001, 3.278, 3.644, 3.44, 4.519, 6.087, 7.39, 7.525, 7.133, 8.331, 10.636, 9.643, 7.031, 6.919, 6.595, 6.473, 5.704, 5.528, 5.032, 4.288, 4.103, 3.6, 5.164, 5.83, 6.488, 7.491, 7.747, 7.851, 8.747, 9.663, 9.705, 8.1, 6.333, 6.189, 5.294], [3.283, 3.372, 3.562, 3.708, 4.348, 5.57, 4.783, 5.71, 6.499, 6.232, 4.737, 4.545, 5.096, 4.818, 3.656, 2.341, 0.0, 1.044, 1.971, 2.436, 3.053, 2.983, 2.252, 1.679, 1.619, 1.82, 1.71, 1.573, 1.423, 3.363, 4.397, 3.085, 3.388, 2.375, 2.864, 6.22, 8.489, 9.276, 9.515, 8.147, 5.529, 4.919, 6.081, 7.362, 8.257, 8.784, 8.413, 7.889, 8.254, 7.85, 7.364, 6.745, 5.73, 5.205, 5.274, 4.913, 6.618, 6.334, 5.214, 5.585, 6.679, 8.546, 8.47, 7.158, 5.596, 6.337, 6.969, 6.091, 5.468, 5.599, 4.692, 3.195, 2.405, 2.215, 2.847, 2.146, 3.235, 3.199, 3.311, 2.908, 2.614, 2.927, 3.316, 2.83, 2.651, 3.145, 3.291, 4.465, 4.737, 5.094, 5.494, 4.752, 3.014, 2.288, 3.276, 4.973, 6.313, 6.429, 5.259, 5.73, 5.989, 6.136, 5.114, 6.54, 8.973, 9.418, 10.207, 9.799, 7.125, 5.804, 6.144, 5.544, 4.923, 4.279, 3.712, 4.146, 5.279, 6.791, 7.695, 7.857, 7.505, 6.508, 6.94, 6.816, 6.28, 5.523, 4.719, 3.751, 3.568, 3.59, 3.235, 3.434, 4.921, 5.631, 4.908, 3.879, 3.477, 4.304, 4.718, 4.148, 4.284, 4.739, 4.287, 3.818, 3.861, 4.363, 4.364, 4.272, 4.681, 4.112, 4.363, 5.211, 5.667, 5.724, 4.422, 4.195, 3.947, 4.644, 4.677, 5.851, 5.39, 2.995, 2.11, 2.019, 2.523, 2.143, 1.756, 2.241, 2.026, 1.568, 1.776, 2.223, 2.198, 2.029, 2.058, 3.579, 4.495, 5.378, 5.606, 5.368, 6.102, 8.345, 7.74, 6.269, 6.21, 6.024, 6.168, 5.51, 5.203, 4.978, 4.919, 4.403, 4.725, 6.919, 7.395, 7.666, 8.953, 9.724, 9.395, 10.678, 11.283, 11.35, 9.249, 7.651, 7.405, 6.187], [3.077, 3.162, 3.392, 3.682, 4.241, 5.397, 4.675, 5.598, 6.38, 6.117, 4.568, 4.523, 5.003, 4.653, 3.489, 2.195, 1.044, 0.0, 1.85, 2.363, 2.975, 3.021, 2.586, 1.648, 1.396, 1.913, 1.875, 1.534, 1.669, 3.416, 4.486, 3.138, 3.586, 2.326, 2.698, 6.046, 8.331, 9.147, 9.375, 8.002, 5.418, 4.77, 5.974, 7.323, 8.225, 8.644, 8.285, 7.664, 8.11, 7.749, 7.335, 6.508, 5.458, 5.05, 5.191, 4.786, 6.449, 6.245, 5.15, 5.372, 6.852, 8.628, 8.79, 7.366, 5.93, 6.697, 7.151, 6.282, 5.798, 5.838, 4.974, 3.396, 2.568, 2.126, 2.537, 1.891, 2.898, 2.996, 3.154, 2.799, 2.219, 2.639, 3.117, 2.59, 2.391, 2.947, 3.183, 4.281, 4.486, 4.881, 5.297, 4.545, 3.025, 2.143, 2.959, 4.712, 6.173, 6.318, 5.205, 5.692, 5.861, 5.875, 4.983, 6.365, 8.78, 9.243, 10.051, 9.629, 6.919, 5.687, 6.02, 5.223, 4.728, 3.998, 3.395, 3.827, 5.136, 6.609, 7.341, 7.494, 7.248, 6.239, 6.722, 6.533, 6.002, 5.342, 4.529, 3.455, 3.288, 3.447, 3.261, 3.584, 5.089, 5.724, 5.037, 4.14, 3.474, 4.227, 4.728, 3.922, 4.047, 4.853, 4.209, 3.823, 3.911, 4.353, 4.421, 4.398, 4.764, 4.028, 4.495, 5.254, 5.752, 5.77, 4.679, 4.031, 3.622, 4.484, 4.48, 5.844, 5.424, 2.832, 2.038, 1.833, 2.224, 1.721, 1.501, 2.013, 1.725, 1.278, 1.541, 2.202, 2.149, 1.845, 1.768, 3.321, 4.534, 5.365, 5.647, 5.5, 6.42, 8.547, 8.047, 6.106, 5.994, 5.741, 5.94, 5.278, 5.129, 4.679, 4.418, 4.117, 4.582, 6.809, 7.349, 7.623, 8.722, 9.597, 9.391, 10.495, 11.18, 11.27, 9.298, 7.512, 7.236, 6.027], [2.795, 2.722, 3.382, 3.67, 3.16, 4.226, 3.63, 4.227, 4.985, 4.77, 3.431, 3.109, 3.648, 3.27, 2.286, 1.514, 1.971, 1.85, 0.0, 1.211, 2.04, 2.257, 2.795, 2.041, 2.018, 2.836, 2.162, 1.349, 1.983, 4.799, 5.909, 4.536, 4.922, 3.439, 1.981, 5.024, 7.252, 8.164, 8.526, 7.19, 4.602, 3.822, 4.988, 6.381, 7.315, 7.735, 7.323, 6.811, 7.3, 6.961, 6.986, 6.358, 5.22, 4.623, 4.696, 4.585, 6.89, 7.135, 5.665, 6.01, 7.954, 9.956, 9.894, 8.445, 6.83, 7.68, 8.192, 7.301, 6.696, 6.932, 5.911, 4.448, 3.653, 3.195, 3.379, 1.889, 2.23, 2.559, 2.759, 2.363, 2.111, 2.065, 2.862, 2.227, 1.913, 2.34, 2.352, 3.478, 4.011, 4.271, 4.8, 4.143, 3.631, 2.507, 2.667, 4.004, 5.1, 4.929, 4.459, 4.908, 5.35, 5.791, 4.729, 5.62, 8.015, 8.385, 8.983, 8.526, 5.924, 5.289, 5.794, 5.148, 4.54, 3.889, 3.263, 3.763, 4.674, 6.476, 7.24, 7.301, 6.95, 5.931, 6.345, 6.814, 6.373, 5.774, 4.991, 3.549, 3.478, 4.345, 4.232, 4.302, 5.985, 6.846, 6.226, 4.668, 4.29, 5.141, 5.724, 4.621, 4.639, 6.107, 5.633, 4.89, 4.752, 5.083, 5.037, 5.072, 5.436, 4.623, 5.419, 6.315, 7.116, 7.224, 5.768, 4.098, 3.131, 3.313, 3.74, 4.476, 4.065, 1.848, 1.902, 1.61, 2.169, 2.07, 1.489, 1.359, 1.408, 1.533, 2.11, 2.994, 3.074, 3.055, 2.74, 3.995, 5.535, 6.844, 6.989, 6.512, 7.553, 9.915, 8.945, 6.497, 6.194, 5.919, 5.68, 4.917, 4.64, 4.304, 4.088, 3.698, 3.473, 5.539, 5.984, 6.402, 7.584, 8.377, 8.197, 9.391, 10.053, 10.107, 8.157, 6.542, 6.278, 5.493], [3.275, 2.746, 3.457, 3.581, 2.85, 3.657, 3.223, 3.528, 4.199, 3.98, 2.812, 2.42, 2.745, 2.533, 1.674, 1.14, 2.436, 2.363, 1.211, 0.0, 1.174, 1.619, 2.545, 2.64, 2.874, 3.667, 3.074, 2.099, 2.554, 5.662, 6.734, 5.378, 5.761, 4.184, 1.704, 4.646, 6.629, 7.85, 8.199, 6.909, 4.371, 3.625, 4.633, 6.042, 6.994, 7.395, 7.0, 6.513, 7.033, 6.635, 6.842, 6.46, 5.576, 5.203, 5.303, 5.257, 7.677, 7.94, 6.475, 6.785, 8.759, 10.755, 10.621, 9.226, 7.689, 8.404, 8.953, 8.054, 7.404, 7.586, 6.667, 5.319, 4.512, 4.009, 4.108, 2.321, 2.195, 2.636, 3.172, 3.031, 2.293, 2.33, 2.834, 2.456, 2.255, 2.699, 2.922, 3.946, 4.373, 4.848, 5.431, 4.692, 4.502, 3.344, 2.864, 3.773, 4.63, 4.58, 4.265, 4.693, 5.276, 5.747, 4.641, 5.297, 7.687, 8.054, 8.482, 8.024, 5.622, 5.148, 5.733, 5.2, 4.45, 3.933, 3.71, 4.233, 4.652, 6.377, 7.387, 7.646, 7.606, 6.463, 6.92, 7.588, 7.15, 6.555, 5.774, 4.28, 4.233, 5.105, 4.944, 5.005, 6.709, 7.603, 7.081, 5.434, 5.085, 6.026, 6.563, 5.41, 5.464, 6.845, 6.456, 5.665, 5.521, 5.901, 5.871, 5.877, 6.24, 5.482, 6.299, 7.141, 7.968, 8.075, 6.6, 4.877, 3.532, 2.784, 3.595, 3.976, 3.664, 2.357, 2.778, 2.342, 2.95, 2.764, 2.254, 1.545, 1.61, 2.017, 2.395, 3.276, 3.509, 3.82, 3.559, 4.765, 6.392, 7.687, 7.821, 7.388, 8.376, 10.734, 9.825, 7.305, 6.916, 6.648, 6.353, 5.532, 5.243, 4.889, 4.311, 4.056, 3.461, 4.874, 5.408, 6.069, 7.213, 7.59, 7.597, 8.667, 9.441, 9.447, 7.764, 6.14, 5.947, 5.254], [4.063, 2.877, 3.509, 3.433, 2.427, 3.056, 3.045, 3.179, 3.601, 3.343, 2.278, 2.0, 2.319, 2.203, 1.37, 1.604, 3.053, 2.975, 2.04, 1.174, 0.0, 1.38, 2.697, 3.346, 3.299, 4.131, 3.447, 2.586, 3.045, 6.27, 7.236, 5.919, 6.273, 4.522, 1.8, 4.292, 5.992, 7.382, 7.998, 6.648, 4.222, 3.501, 4.265, 5.846, 6.652, 6.948, 6.559, 6.144, 6.721, 6.466, 6.831, 6.536, 5.873, 5.84, 5.993, 6.081, 8.488, 8.579, 7.284, 7.518, 9.312, 11.298, 11.252, 9.81, 8.339, 9.067, 9.596, 8.807, 8.101, 8.287, 7.316, 5.852, 5.01, 4.5, 4.599, 3.087, 2.618, 2.818, 3.456, 3.559, 2.487, 2.579, 2.944, 3.085, 3.15, 3.296, 3.732, 4.779, 4.814, 5.487, 6.056, 5.315, 5.256, 4.229, 3.111, 3.678, 4.08, 4.387, 4.414, 4.641, 5.26, 5.721, 4.628, 5.063, 7.328, 7.597, 7.892, 7.471, 5.24, 5.097, 5.73, 5.218, 4.434, 3.976, 4.431, 4.982, 4.824, 6.361, 7.408, 7.789, 8.388, 7.082, 7.523, 8.396, 7.953, 7.372, 6.589, 5.087, 5.041, 5.787, 5.635, 5.762, 7.487, 8.327, 7.662, 6.272, 5.839, 6.66, 7.109, 6.179, 6.232, 7.468, 6.999, 6.294, 6.223, 6.668, 6.655, 6.609, 7.03, 6.253, 6.892, 7.686, 8.464, 8.569, 7.155, 5.57, 3.892, 2.715, 3.664, 3.952, 3.487, 2.677, 3.546, 3.036, 3.609, 3.19, 2.636, 1.666, 1.887, 2.431, 2.746, 3.729, 4.162, 4.418, 4.085, 5.464, 6.953, 8.181, 8.316, 7.969, 9.004, 11.261, 10.362, 8.121, 7.731, 7.453, 7.139, 6.266, 5.783, 5.41, 4.639, 4.361, 3.445, 4.484, 5.044, 5.703, 6.741, 6.865, 6.948, 7.992, 8.812, 8.864, 7.207, 5.638, 5.41, 5.102], [4.729, 3.821, 4.485, 4.442, 3.389, 3.475, 3.627, 3.355, 3.722, 3.604, 2.909, 2.329, 2.799, 2.775, 1.98, 1.708, 2.983, 3.021, 2.257, 1.619, 1.38, 0.0, 2.145, 2.963, 3.397, 4.148, 3.303, 2.525, 2.979, 6.061, 7.258, 5.907, 6.27, 4.557, 2.69, 5.034, 6.514, 8.107, 8.775, 7.598, 5.293, 4.563, 5.18, 6.695, 7.324, 7.647, 7.204, 6.933, 7.654, 7.381, 7.887, 7.562, 6.825, 6.644, 6.764, 6.722, 8.916, 8.738, 7.551, 7.821, 9.338, 11.36, 11.254, 9.747, 8.225, 9.014, 9.603, 8.652, 8.051, 8.24, 7.32, 5.861, 5.025, 4.545, 4.783, 3.425, 3.302, 3.766, 4.459, 4.157, 3.09, 3.334, 3.879, 3.738, 3.694, 3.97, 4.084, 5.049, 5.383, 6.081, 6.744, 6.077, 5.377, 4.3, 3.938, 4.722, 4.695, 4.668, 5.123, 5.691, 6.335, 6.798, 5.71, 5.939, 8.136, 8.316, 8.421, 8.085, 5.951, 6.175, 6.802, 6.293, 5.509, 5.042, 5.078, 5.568, 5.796, 7.436, 8.488, 8.795, 8.984, 7.803, 8.374, 8.89, 8.43, 7.79, 6.958, 5.667, 5.477, 5.862, 5.675, 5.685, 7.33, 8.156, 7.613, 5.857, 5.653, 6.686, 7.212, 6.383, 6.513, 7.493, 7.048, 6.307, 6.315, 6.771, 6.846, 6.781, 7.153, 6.454, 6.922, 7.818, 8.488, 8.567, 7.146, 6.02, 4.511, 3.624, 4.539, 4.55, 3.967, 3.396, 3.642, 3.507, 4.224, 3.465, 3.021, 2.125, 2.086, 2.595, 2.823, 3.674, 4.065, 4.336, 4.295, 5.834, 7.041, 8.217, 8.362, 8.026, 8.799, 11.243, 10.393, 8.481, 8.317, 8.077, 7.856, 7.025, 6.665, 6.344, 5.407, 5.24, 4.251, 4.946, 5.412, 6.193, 7.263, 7.362, 7.374, 8.463, 9.231, 9.268, 7.847, 6.493, 6.017, 6.161], [5.411, 5.121, 5.547, 5.677, 4.866, 5.403, 5.259, 5.161, 5.446, 5.209, 4.485, 3.976, 4.297, 4.23, 3.45, 2.594, 2.252, 2.586, 2.795, 2.545, 2.697, 2.145, 0.0, 1.843, 2.776, 3.252, 2.439, 2.096, 2.244, 4.556, 5.698, 4.35, 4.725, 3.458, 3.977, 6.767, 8.435, 9.865, 10.474, 9.237, 6.822, 5.962, 6.789, 8.356, 9.074, 9.407, 9.011, 8.563, 9.307, 9.017, 9.322, 8.86, 7.856, 7.337, 7.307, 6.901, 8.435, 8.161, 7.064, 7.493, 8.419, 10.055, 10.047, 8.735, 7.183, 7.889, 8.53, 7.615, 7.055, 7.093, 6.368, 4.945, 3.914, 3.964, 4.86, 4.144, 4.458, 4.997, 5.408, 5.026, 4.336, 4.535, 5.251, 4.666, 4.316, 4.59, 4.496, 5.808, 6.467, 6.919, 7.46, 6.888, 4.989, 4.161, 5.194, 6.264, 6.523, 6.413, 6.628, 7.155, 7.763, 8.236, 7.141, 7.624, 9.84, 10.079, 10.359, 9.923, 7.687, 7.659, 8.219, 7.657, 6.95, 6.386, 5.838, 6.268, 7.064, 8.876, 9.81, 9.983, 9.637, 8.636, 9.07, 8.771, 8.197, 7.393, 6.644, 5.691, 5.541, 5.479, 4.992, 4.928, 6.487, 7.08, 6.579, 5.107, 4.855, 6.045, 6.529, 6.077, 6.135, 6.382, 5.836, 5.625, 5.723, 6.154, 6.183, 6.103, 6.463, 5.967, 6.2, 7.032, 7.097, 7.061, 6.136, 6.256, 5.606, 5.119, 6.038, 6.131, 5.533, 4.201, 4.087, 3.832, 4.312, 3.264, 2.867, 2.411, 2.272, 2.309, 2.08, 2.439, 3.115, 3.31, 3.986, 5.519, 6.316, 6.791, 7.005, 7.137, 7.501, 9.628, 9.562, 8.106, 8.119, 7.97, 8.238, 7.636, 7.338, 7.039, 6.617, 6.291, 5.536, 6.64, 7.184, 7.948, 9.109, 9.158, 9.268, 10.399, 11.205, 11.197, 9.618, 8.17, 7.857, 7.709], [4.317, 4.279, 4.752, 5.102, 4.77, 5.756, 5.032, 5.666, 6.356, 6.174, 4.923, 4.594, 5.171, 4.564, 3.609, 2.433, 1.679, 1.648, 2.041, 2.64, 3.346, 2.963, 1.843, 0.0, 1.657, 1.963, 1.62, 1.547, 1.277, 3.367, 4.62, 3.318, 3.743, 2.326, 3.343, 6.667, 8.82, 9.86, 10.15, 8.783, 6.286, 5.48, 6.619, 8.168, 9.158, 9.384, 8.954, 8.399, 9.05, 8.699, 8.587, 7.943, 6.821, 6.283, 6.317, 5.813, 6.861, 6.6, 5.593, 6.037, 6.838, 8.633, 8.818, 7.282, 5.917, 6.664, 7.093, 6.142, 5.799, 5.803, 4.994, 3.509, 2.672, 3.096, 3.659, 3.19, 3.628, 4.14, 4.384, 4.003, 3.276, 3.596, 4.334, 3.709, 3.346, 3.462, 3.69, 4.978, 5.549, 5.8, 6.344, 5.75, 3.694, 3.031, 4.035, 5.546, 6.791, 6.574, 6.005, 6.671, 6.882, 7.091, 6.158, 7.315, 9.618, 10.078, 10.478, 10.006, 7.516, 6.889, 7.373, 6.568, 6.067, 5.268, 4.629, 5.063, 6.051, 7.808, 8.621, 8.754, 8.348, 7.454, 7.827, 7.182, 6.612, 5.945, 5.258, 4.231, 4.136, 4.042, 3.387, 3.467, 5.016, 5.633, 5.19, 3.675, 3.371, 4.497, 5.01, 4.578, 4.524, 4.753, 4.25, 3.912, 4.16, 4.481, 4.511, 4.525, 4.778, 4.441, 4.915, 5.411, 5.7, 5.886, 4.751, 5.077, 4.486, 4.858, 5.273, 6.054, 5.722, 3.45, 3.121, 2.796, 3.075, 2.306, 2.109, 2.328, 1.922, 1.7, 1.68, 2.075, 1.925, 1.965, 2.684, 4.027, 4.751, 5.501, 5.706, 5.588, 6.443, 8.708, 8.168, 6.606, 6.667, 6.507, 6.989, 6.487, 6.343, 5.811, 5.484, 5.283, 5.251, 7.031, 7.598, 8.138, 9.197, 10.016, 9.961, 10.943, 11.661, 11.759, 9.931, 8.168, 7.96, 7.077], [3.274, 3.585, 4.061, 4.404, 4.405, 5.751, 5.159, 5.92, 6.709, 6.435, 4.971, 4.897, 5.294, 5.005, 3.86, 2.721, 1.619, 1.396, 2.018, 2.874, 3.299, 3.397, 2.776, 1.657, 0.0, 1.225, 1.139, 1.313, 1.41, 3.12, 4.143, 2.914, 3.26, 1.797, 2.998, 6.413, 8.483, 9.233, 9.565, 8.245, 5.768, 4.946, 6.061, 7.631, 8.391, 8.767, 8.381, 7.883, 8.332, 8.134, 7.909, 7.081, 5.917, 5.225, 5.097, 4.405, 5.794, 5.572, 4.505, 4.829, 6.247, 8.184, 8.213, 6.749, 5.331, 6.063, 6.458, 5.707, 5.095, 5.214, 4.273, 2.839, 2.037, 2.482, 2.964, 2.466, 3.499, 3.433, 3.532, 2.837, 2.624, 3.085, 3.617, 3.01, 2.883, 3.441, 3.4, 4.579, 4.966, 4.982, 5.161, 4.549, 2.794, 2.254, 3.52, 5.215, 6.403, 6.631, 5.745, 6.017, 6.282, 6.446, 5.508, 6.769, 9.012, 9.373, 10.234, 9.792, 7.045, 6.203, 6.601, 5.795, 5.265, 4.519, 3.787, 4.188, 5.537, 7.156, 7.78, 7.726, 7.259, 6.446, 6.634, 6.036, 5.482, 4.731, 3.928, 3.013, 2.848, 2.887, 2.655, 3.058, 4.633, 5.261, 4.655, 3.785, 3.13, 3.703, 4.096, 3.376, 3.397, 4.306, 3.796, 3.169, 3.214, 3.64, 3.741, 3.637, 4.155, 3.314, 3.876, 4.645, 5.331, 5.5, 4.061, 3.999, 4.036, 4.919, 5.118, 6.254, 5.721, 2.683, 1.95, 1.952, 2.004, 1.476, 1.394, 2.229, 2.087, 1.625, 1.718, 2.063, 1.904, 1.67, 1.517, 2.824, 3.93, 5.087, 5.38, 4.918, 5.945, 8.225, 7.429, 5.492, 5.412, 5.216, 5.76, 5.286, 5.084, 4.818, 5.121, 4.479, 4.842, 7.015, 7.639, 7.872, 8.987, 9.867, 9.588, 10.702, 11.329, 11.413, 9.43, 7.598, 7.289, 6.42], [3.465, 4.135, 4.349, 4.633, 5.316, 6.667, 5.911, 6.861, 7.638, 7.365, 5.827, 5.829, 6.234, 5.909, 4.726, 3.325, 1.82, 1.913, 2.836, 3.667, 4.131, 4.148, 3.252, 1.963, 1.225, 0.0, 1.401, 2.043, 1.7, 2.614, 3.354, 2.189, 2.488, 1.349, 3.513, 7.107, 9.252, 10.067, 10.272, 8.801, 6.318, 5.567, 6.806, 8.369, 9.203, 9.378, 9.037, 8.792, 8.899, 8.725, 8.34, 7.236, 5.973, 5.463, 5.442, 4.383, 5.293, 5.009, 3.953, 4.327, 5.311, 7.29, 7.444, 5.925, 4.636, 5.319, 5.753, 5.055, 4.365, 4.512, 3.525, 1.968, 1.637, 2.331, 2.893, 2.948, 4.006, 4.035, 3.987, 2.869, 3.095, 3.813, 4.14, 3.515, 3.401, 3.754, 3.676, 4.826, 5.208, 5.133, 5.26, 4.519, 2.549, 2.456, 4.035, 5.814, 7.194, 7.559, 6.44, 6.669, 6.744, 6.565, 5.811, 7.239, 9.579, 10.027, 10.955, 10.569, 7.842, 6.653, 6.919, 5.989, 5.657, 4.879, 3.933, 4.339, 5.959, 7.418, 7.705, 7.592, 7.121, 6.284, 6.5, 5.622, 5.03, 4.287, 3.637, 2.813, 2.448, 2.506, 2.171, 2.514, 4.043, 4.746, 4.142, 3.227, 2.674, 3.256, 3.373, 2.956, 2.95, 3.426, 3.043, 2.504, 2.625, 3.132, 3.09, 3.044, 3.501, 2.895, 3.224, 3.919, 4.473, 4.524, 3.343, 3.981, 4.521, 5.705, 5.836, 7.087, 6.633, 3.539, 2.25, 2.36, 1.854, 1.771, 2.026, 2.979, 2.884, 2.181, 2.039, 1.743, 1.473, 1.277, 1.578, 2.372, 3.168, 4.107, 4.498, 4.218, 5.22, 7.396, 6.613, 5.04, 5.051, 4.928, 5.599, 5.159, 5.088, 4.763, 5.644, 4.88, 5.702, 7.979, 8.561, 8.754, 9.882, 10.665, 10.449, 11.416, 12.208, 12.33, 10.2, 8.138, 8.006, 6.847], [3.968, 4.033, 4.431, 4.747, 4.667, 5.787, 5.46, 5.978, 6.76, 6.496, 5.028, 4.87, 5.373, 5.062, 3.946, 2.87, 1.71, 1.875, 2.162, 3.074, 3.447, 3.303, 2.439, 1.62, 1.139, 1.401, 0.0, 1.224, 1.3, 3.143, 4.187, 2.78, 3.202, 2.187, 3.241, 6.548, 8.625, 9.454, 9.82, 8.53, 6.031, 5.198, 6.339, 7.944, 8.572, 8.922, 8.552, 8.094, 8.497, 8.433, 8.337, 7.595, 6.404, 5.793, 5.762, 5.098, 6.323, 6.072, 4.932, 5.359, 6.234, 8.163, 8.208, 6.807, 5.242, 6.067, 6.544, 5.741, 5.077, 5.376, 4.312, 2.73, 2.005, 2.831, 3.524, 2.965, 4.035, 3.851, 4.007, 3.437, 3.025, 3.451, 4.229, 3.641, 3.47, 3.943, 3.951, 5.164, 5.499, 5.651, 5.829, 5.231, 3.177, 2.743, 3.972, 5.513, 6.461, 6.69, 6.139, 6.352, 6.646, 6.972, 5.991, 6.921, 9.139, 9.429, 10.353, 9.934, 7.237, 6.602, 7.017, 6.331, 5.775, 5.108, 4.37, 4.771, 5.917, 7.693, 8.401, 8.405, 7.946, 7.042, 7.331, 6.66, 6.063, 5.259, 4.593, 3.64, 3.469, 3.433, 2.993, 3.109, 4.586, 5.437, 4.856, 3.805, 3.336, 4.114, 4.412, 3.975, 4.009, 4.55, 4.14, 3.622, 3.608, 4.063, 3.982, 4.0, 4.273, 3.883, 4.091, 4.986, 5.441, 5.408, 4.289, 4.709, 4.667, 5.128, 5.446, 6.453, 5.789, 3.102, 2.605, 2.46, 2.557, 2.108, 1.742, 2.267, 2.275, 1.935, 2.046, 2.321, 2.248, 2.094, 2.263, 3.389, 4.198, 5.022, 5.254, 4.991, 5.934, 8.162, 7.371, 5.998, 6.056, 5.853, 6.442, 5.931, 5.734, 5.412, 5.648, 5.061, 4.935, 7.306, 7.72, 7.992, 9.125, 9.889, 9.669, 10.806, 11.51, 11.63, 9.562, 7.739, 7.465, 6.782], [3.636, 3.626, 4.214, 4.487, 3.9, 4.887, 4.533, 4.975, 5.75, 5.581, 4.134, 3.918, 4.368, 4.012, 3.112, 1.982, 1.573, 1.534, 1.349, 2.099, 2.586, 2.525, 2.096, 1.547, 1.313, 2.043, 1.224, 0.0, 1.17, 4.099, 5.21, 3.806, 4.22, 2.645, 2.624, 5.628, 7.746, 8.75, 9.217, 7.876, 5.337, 4.505, 5.567, 7.166, 7.986, 8.278, 7.886, 7.455, 7.936, 7.757, 7.844, 7.201, 6.041, 5.465, 5.479, 4.997, 6.529, 6.338, 5.137, 5.528, 7.155, 9.144, 9.134, 7.7, 6.125, 6.875, 7.346, 6.458, 5.894, 6.126, 5.077, 3.658, 2.874, 3.02, 3.522, 2.514, 3.212, 3.392, 3.632, 3.172, 2.616, 2.948, 3.737, 3.1, 2.781, 3.225, 3.308, 4.536, 4.993, 5.246, 5.535, 4.956, 3.185, 2.38, 3.532, 4.844, 5.584, 5.73, 5.413, 5.791, 6.15, 6.574, 5.527, 6.311, 8.582, 8.907, 9.48, 9.046, 6.477, 6.094, 6.584, 5.953, 5.348, 4.729, 4.03, 4.431, 5.452, 7.253, 8.049, 8.103, 7.671, 6.73, 7.066, 6.771, 6.242, 5.44, 4.683, 3.694, 3.531, 3.61, 3.376, 3.581, 5.267, 6.141, 5.579, 4.164, 3.747, 4.562, 4.988, 4.1, 4.257, 5.262, 4.869, 4.073, 3.987, 4.36, 4.434, 4.437, 4.776, 4.068, 4.658, 5.555, 6.373, 6.452, 5.042, 4.499, 4.107, 4.145, 4.673, 5.392, 4.892, 2.702, 2.427, 2.27, 2.566, 1.975, 1.449, 1.57, 1.593, 1.442, 1.82, 2.438, 2.439, 2.364, 2.421, 3.695, 4.832, 6.058, 6.193, 5.826, 6.879, 9.216, 8.232, 6.179, 6.207, 5.99, 6.216, 5.675, 5.47, 5.078, 5.016, 4.528, 4.174, 6.238, 6.704, 7.035, 8.169, 8.977, 8.785, 9.908, 10.616, 10.689, 8.756, 7.067, 6.804, 6.268], [3.78, 3.87