[[0.0, 1.501, 3.593, 5.509, 5.887, 4.666, 4.605, 5.379, 8.207, 10.961, 12.055, 10.279, 7.52, 6.499, 5.083, 4.405, 3.362, 3.125, 3.088, 2.627, 2.1, 2.123, 2.768, 2.931, 2.991, 2.274, 2.675, 2.344, 1.542, 1.691, 1.619, 1.349, 2.667, 4.72, 6.373, 6.843, 7.766, 8.814, 7.295, 5.087, 5.104, 5.674, 5.781, 5.325, 7.765, 10.122, 11.225, 11.432, 10.941, 11.13, 11.66, 11.2, 11.333, 11.951, 11.77, 12.74, 14.595, 14.711, 12.253, 12.906, 14.785, 16.115, 15.191, 13.161, 12.348, 12.077, 11.013, 10.141, 9.973, 8.576, 7.248, 6.0, 4.6, 1.986, 3.452, 3.355, 3.033, 3.432, 4.939, 5.118, 3.803, 3.863, 3.256, 3.496, 5.153, 6.978, 8.738, 9.55, 6.855, 5.877, 7.41, 6.608, 5.079, 4.717, 6.208, 6.235, 6.09, 6.881, 6.843, 8.0, 8.373, 7.764, 5.12, 2.654, 3.418, 3.065, 2.516, 2.763, 3.181, 2.651, 2.471, 2.938, 2.09, 3.514, 5.321, 3.431, 3.308, 3.697, 2.52, 3.569, 3.885, 4.154, 4.817, 5.67, 4.606, 3.479, 3.337, 3.205, 2.718, 2.991, 3.406, 3.377, 3.059, 3.024, 4.08, 3.811, 1.871, 1.93, 2.954, 2.107, 2.822, 3.436, 2.257, 3.795, 5.421, 4.496], [1.501, 0.0, 2.913, 5.044, 5.432, 4.413, 4.519, 4.916, 7.68, 10.434, 11.532, 9.764, 7.047, 6.018, 4.416, 3.89, 2.936, 1.905, 1.795, 1.904, 2.076, 2.706, 3.096, 3.707, 3.83, 2.944, 3.139, 2.668, 1.711, 1.83, 1.61, 2.107, 3.938, 6.041, 7.781, 8.171, 9.13, 10.253, 8.739, 6.328, 6.339, 6.952, 7.112, 6.638, 8.578, 10.941, 12.143, 12.337, 12.005, 12.173, 12.866, 12.315, 12.229, 12.661, 12.601, 13.409, 15.132, 15.236, 13.079, 13.82, 15.704, 16.91, 15.897, 14.004, 13.339, 13.081, 11.741, 10.894, 10.717, 9.722, 8.529, 7.246, 5.653, 2.886, 3.284, 2.684, 2.749, 3.055, 4.451, 4.623, 3.314, 3.384, 2.706, 2.93, 4.633, 6.451, 8.211, 9.027, 6.368, 5.351, 6.883, 6.084, 4.556, 4.104, 5.681, 5.708, 5.566, 6.358, 6.316, 7.473, 7.846, 7.24, 4.093, 2.258, 3.437, 3.015, 2.443, 3.026, 3.767, 3.04, 3.022, 3.748, 2.333, 2.821, 4.344, 2.481, 2.331, 2.803, 2.011, 2.949, 2.663, 2.927, 3.866, 5.143, 3.92, 2.711, 2.732, 2.53, 2.656, 3.065, 3.668, 3.791, 3.428, 3.473, 4.847, 4.474, 2.518, 2.769, 3.648, 2.709, 3.476, 4.294, 2.817, 4.059, 5.638, 4.36], [3.593, 2.913, 0.0, 2.35, 3.566, 3.934, 3.906, 3.459, 4.967, 7.602, 8.77, 7.038, 4.365, 3.289, 2.176, 2.008, 2.2, 2.337, 2.679, 2.314, 3.133, 4.334, 4.665, 4.955, 5.013, 4.435, 4.874, 4.391, 3.35, 3.511, 3.841, 3.77, 5.388, 7.634, 9.215, 9.433, 10.284, 11.611, 10.13, 7.168, 7.15, 7.881, 8.167, 7.97, 10.592, 12.966, 14.109, 14.322, 14.141, 14.136, 14.663, 14.166, 14.358, 15.004, 14.796, 15.64, 17.624, 17.866, 15.417, 15.743, 17.599, 18.907, 18.011, 15.963, 15.311, 14.983, 13.815, 13.039, 12.798, 11.418, 10.167, 8.882, 7.543, 4.401, 2.103, 1.959, 2.52, 2.709, 2.062, 2.387, 1.838, 2.173, 1.622, 1.702, 2.404, 3.72, 5.379, 6.163, 3.68, 2.625, 4.105, 3.228, 2.104, 2.116, 2.901, 2.941, 2.884, 3.698, 3.575, 4.641, 5.03, 4.413, 2.193, 3.5, 5.43, 4.61, 3.653, 3.843, 5.064, 4.703, 5.038, 5.81, 4.509, 1.308, 2.332, 2.361, 3.223, 3.955, 2.998, 2.872, 2.321, 2.044, 1.733, 2.347, 1.767, 2.227, 2.942, 3.879, 4.432, 4.818, 5.863, 6.206, 5.959, 5.836, 6.951, 6.622, 4.395, 3.404, 4.247, 4.504, 5.216, 5.955, 4.549, 6.426, 7.749, 6.017], [5.509, 5.044, 2.35, 0.0, 2.204, 3.049, 2.934, 1.941, 2.994, 5.675, 7.201, 5.595, 3.723, 3.114, 2.659, 3.106, 3.652, 4.33, 4.627, 4.319, 4.752, 6.002, 6.302, 5.964, 6.058, 6.101, 6.574, 6.015, 4.923, 5.246, 5.855, 5.509, 6.436, 9.079, 10.075, 10.017, 10.384, 11.787, 10.35, 6.823, 6.443, 7.641, 8.226, 8.944, 12.147, 14.594, 15.527, 15.866, 15.662, 15.61, 15.832, 15.566, 16.275, 16.936, 16.709, 17.448, 19.537, 19.789, 17.38, 17.134, 18.881, 20.289, 19.395, 17.355, 16.904, 16.545, 15.429, 14.85, 14.372, 12.873, 11.427, 10.284, 9.026, 5.63, 2.813, 3.015, 3.434, 3.004, 1.95, 2.921, 2.741, 2.765, 2.904, 2.942, 2.48, 2.35, 3.401, 4.463, 2.62, 1.802, 2.435, 1.681, 2.367, 2.687, 2.542, 2.287, 2.247, 2.598, 2.038, 2.672, 3.171, 3.334, 3.056, 5.292, 7.391, 6.677, 5.543, 5.265, 6.385, 6.185, 6.59, 7.745, 6.367, 3.102, 3.745, 4.07, 5.214, 6.017, 5.022, 4.579, 4.353, 3.881, 2.872, 2.348, 2.819, 3.862, 4.606, 5.698, 6.199, 6.641, 7.687, 8.117, 7.813, 7.824, 8.791, 8.502, 6.273, 4.353, 4.585, 5.797, 6.845, 6.857, 6.232, 8.284, 9.433, 7.401], [5.887, 5.432, 3.566, 2.204, 0.0, 2.282, 2.289, 1.62, 3.128, 5.435, 7.004, 5.81, 5.241, 4.634, 4.192, 4.636, 5.069, 5.179, 5.534, 5.406, 5.271, 6.344, 6.431, 6.183, 6.168, 6.51, 6.97, 6.379, 5.239, 5.626, 6.221, 5.824, 6.781, 9.447, 10.215, 9.382, 9.601, 11.07, 9.641, 6.079, 5.805, 6.973, 7.7, 9.314, 12.459, 14.925, 15.714, 16.145, 15.991, 15.668, 15.671, 15.683, 16.605, 17.285, 17.05, 17.771, 19.934, 20.196, 17.657, 17.327, 19.108, 20.703, 19.728, 17.601, 17.201, 16.868, 15.871, 15.172, 14.759, 13.12, 11.591, 10.452, 9.154, 5.799, 2.969, 3.065, 3.394, 3.04, 2.393, 3.535, 3.286, 3.498, 4.02, 4.005, 3.049, 2.689, 3.548, 4.512, 4.071, 2.808, 2.436, 2.634, 3.091, 3.509, 2.99, 2.828, 3.347, 2.672, 2.329, 2.976, 3.442, 4.581, 4.587, 5.705, 7.736, 7.048, 5.871, 5.673, 6.412, 6.364, 6.959, 8.101, 6.678, 4.4, 4.974, 5.598, 6.45, 6.942, 5.774, 5.593, 5.587, 5.282, 4.265, 3.66, 4.247, 4.933, 5.551, 6.241, 6.521, 6.969, 8.118, 8.518, 8.209, 8.171, 9.147, 8.922, 6.681, 4.564, 4.396, 5.697, 7.193, 6.821, 6.453, 8.635, 9.744, 7.715], [4.666, 4.413, 3.934, 3.049, 2.282, 0.0, 1.732, 2.087, 4.221, 6.987, 8.759, 7.398, 6.615, 5.956, 4.763, 4.596, 4.811, 4.673, 5.045, 4.966, 4.578, 5.095, 5.178, 5.006, 4.968, 5.219, 5.688, 5.159, 4.176, 4.409, 4.996, 4.565, 5.441, 8.167, 8.918, 8.377, 8.361, 9.776, 8.262, 4.608, 4.611, 5.592, 6.53, 7.959, 11.099, 13.631, 14.532, 15.004, 14.858, 14.419, 14.425, 14.467, 15.371, 16.047, 15.785, 16.528, 18.631, 18.926, 16.422, 15.922, 17.652, 19.273, 18.217, 16.2, 15.904, 15.58, 14.53, 14.009, 13.427, 11.925, 10.393, 9.195, 7.886, 4.546, 3.312, 2.774, 2.552, 2.102, 2.659, 3.452, 3.493, 3.415, 3.829, 3.789, 2.917, 3.275, 4.577, 5.921, 5.344, 3.88, 4.17, 3.895, 3.293, 3.665, 4.146, 3.901, 4.27, 3.68, 3.638, 4.452, 4.708, 5.83, 5.143, 4.761, 6.41, 5.702, 4.728, 4.645, 5.06, 5.059, 5.661, 6.851, 5.526, 4.351, 5.86, 5.417, 5.901, 6.43, 5.142, 5.218, 5.535, 5.437, 5.146, 4.432, 4.343, 4.832, 5.004, 5.324, 5.392, 5.764, 6.81, 7.224, 6.97, 6.982, 7.937, 7.613, 5.419, 3.381, 2.898, 4.448, 5.907, 5.114, 5.342, 7.465, 8.572, 6.388], [4.605, 4.519, 3.906, 2.934, 2.289, 1.732, 0.0, 1.903, 4.018, 6.876, 8.667, 7.553, 6.4, 5.665, 4.665, 4.79, 5.124, 4.91, 5.401, 5.303, 4.98, 5.194, 5.204, 5.007, 4.813, 5.163, 5.702, 5.226, 4.195, 4.488, 5.166, 4.482, 5.375, 8.08, 8.773, 7.726, 8.129, 9.515, 7.926, 4.561, 4.638, 5.509, 6.171, 7.884, 11.102, 13.546, 14.398, 14.812, 14.664, 14.312, 14.351, 14.385, 15.281, 15.953, 15.694, 16.4, 18.548, 18.83, 16.326, 15.958, 17.642, 19.247, 18.216, 16.187, 15.875, 15.481, 14.397, 13.862, 13.328, 11.802, 10.275, 9.116, 7.813, 4.439, 3.055, 2.614, 2.963, 2.324, 2.603, 3.452, 3.59, 3.709, 4.075, 3.931, 3.002, 2.999, 4.483, 5.907, 5.129, 3.732, 4.278, 3.821, 3.441, 3.705, 3.56, 3.573, 4.022, 3.678, 3.856, 4.517, 4.611, 5.613, 4.88, 4.978, 6.364, 6.084, 5.253, 5.013, 5.032, 4.877, 5.61, 6.779, 5.624, 4.583, 5.759, 5.576, 6.214, 6.728, 5.508, 5.484, 5.691, 5.627, 4.9, 4.239, 4.477, 5.049, 5.337, 5.632, 5.651, 5.793, 6.638, 7.098, 6.744, 6.849, 7.802, 7.547, 5.286, 3.281, 2.682, 4.4, 5.854, 5.227, 5.273, 7.244, 8.38, 6.63], [5.379, 4.916, 3.459, 1.941, 1.62, 2.087, 1.903, 0.0, 2.865, 5.649, 7.305, 5.947, 4.986, 4.546, 4.097, 4.388, 4.795, 4.815, 5.218, 5.129, 4.92, 5.901, 5.993, 5.824, 5.789, 6.04, 6.496, 6.004, 4.882, 5.194, 5.806, 5.356, 6.328, 9.001, 9.764, 9.2, 9.446, 10.9, 9.394, 5.793, 5.684, 6.671, 7.363, 8.814, 12.009, 14.455, 15.353, 15.831, 15.69, 15.229, 15.25, 15.283, 16.184, 16.861, 16.626, 17.41, 19.492, 19.755, 17.233, 16.828, 18.591, 20.196, 19.172, 17.108, 16.767, 16.434, 15.438, 14.826, 14.29, 12.795, 11.246, 10.018, 8.696, 5.353, 2.889, 2.716, 2.958, 2.516, 2.073, 3.088, 3.096, 3.166, 3.663, 3.573, 2.607, 2.495, 3.598, 4.445, 3.53, 2.679, 2.764, 2.284, 2.843, 3.083, 3.083, 2.661, 3.138, 2.882, 2.253, 3.132, 3.172, 4.193, 4.149, 5.101, 7.192, 6.49, 5.317, 5.085, 5.8, 5.736, 6.395, 7.659, 6.327, 4.068, 5.151, 5.147, 5.983, 6.609, 5.429, 5.209, 5.26, 5.046, 4.117, 3.449, 3.909, 4.498, 5.067, 5.735, 6.057, 6.603, 7.613, 8.05, 7.794, 7.785, 8.74, 8.432, 6.265, 4.094, 3.872, 5.279, 6.732, 6.282, 6.143, 8.276, 9.409, 7.274], [8.207, 7.68, 4.967, 2.994, 3.128, 4.221, 4.018, 2.865, 0.0, 3.181, 5.035, 4.127, 4.346, 4.103, 3.897, 4.367, 5.403, 6.803, 6.901, 6.719, 7.464, 8.733, 8.808, 8.562, 8.53, 8.834, 9.331, 8.758, 7.601, 8.012, 8.623, 8.176, 9.129, 11.813, 12.499, 11.419, 11.688, 13.175, 11.588, 7.983, 7.982, 9.154, 9.825, 11.593, 14.792, 17.281, 18.097, 18.55, 18.408, 18.019, 17.957, 18.085, 18.998, 19.676, 19.448, 20.157, 22.307, 22.562, 20.047, 19.582, 21.39, 23.012, 21.994, 19.923, 19.564, 19.25, 18.179, 17.574, 17.103, 15.524, 13.955, 12.836, 11.518, 8.159, 5.11, 5.171, 5.444, 4.978, 3.471, 3.355, 4.453, 4.507, 5.023, 4.9, 3.12, 1.785, 1.937, 2.356, 2.915, 2.783, 1.924, 2.273, 3.421, 3.762, 2.719, 2.614, 2.838, 2.098, 1.95, 1.813, 1.568, 3.437, 4.013, 7.751, 9.945, 9.193, 7.697, 7.594, 8.477, 8.442, 9.088, 10.49, 9.077, 4.898, 4.704, 5.695, 7.382, 8.418, 7.507, 6.514, 5.987, 5.499, 4.199, 3.074, 4.031, 5.523, 6.422, 8.019, 8.748, 9.31, 10.366, 10.823, 10.494, 10.53, 11.468, 11.25, 8.999, 6.841, 6.478, 8.006, 9.562, 8.919, 8.865, 10.962, 12.104, 9.964], [10.961, 10.434, 7.602, 5.675, 5.435, 6.987, 6.876, 5.649, 3.181, 0.0, 2.189, 1.972, 3.633, 4.675, 6.201, 6.794, 8.143, 9.557, 9.662, 9.477, 10.22, 11.489, 11.565, 11.353, 11.338, 11.647, 12.09, 11.502, 10.411, 10.774, 11.392, 10.948, 11.874, 14.598, 15.304, 14.281, 14.506, 16.0, 14.479, 10.824, 10.801, 11.895, 12.625, 14.388, 17.548, 20.058, 20.885, 21.385, 21.238, 20.794, 20.75, 20.846, 21.771, 22.449, 22.2, 22.938, 25.069, 25.331, 22.82, 22.389, 24.123, 25.757, 24.739, 22.678, 22.336, 22.0, 20.985, 20.363, 19.847, 18.32, 16.772, 15.599, 14.292, 10.924, 7.831, 7.91, 8.228, 7.834, 6.196, 5.9, 7.211, 7.241, 7.777, 7.654, 5.867, 4.233, 2.909, 1.762, 4.11, 5.085, 3.64, 4.383, 5.935, 6.471, 4.958, 4.787, 4.884, 4.127, 4.137, 3.132, 2.652, 3.296, 6.448, 10.505, 12.699, 11.947, 10.427, 10.386, 11.231, 11.257, 11.894, 13.259, 11.855, 7.643, 6.254, 8.429, 10.136, 11.176, 10.265, 9.25, 8.668, 8.117, 6.577, 5.308, 6.584, 8.195, 9.208, 10.838, 11.575, 12.133, 13.159, 13.607, 13.375, 13.309, 14.247, 13.988, 11.744, 9.621, 9.301, 10.799, 12.303, 11.72, 11.644, 13.843, 14.976, 12.757], [12.055, 11.532, 8.77, 7.201, 7.004, 8.759, 8.667, 7.305, 5.035, 2.189, 0.0, 1.824, 4.729, 5.93, 7.396, 7.995, 9.404, 10.626, 10.75, 10.556, 11.332, 12.636, 12.712, 12.615, 12.602, 12.936, 13.315, 12.839, 11.744, 11.924, 12.49, 12.078, 13.359, 15.858, 16.72, 15.782, 16.281, 17.778, 16.37, 12.657, 12.317, 13.616, 14.098, 15.955, 19.072, 21.344, 22.283, 22.686, 22.521, 21.997, 22.151, 22.017, 22.877, 23.568, 23.378, 24.326, 26.33, 26.505, 23.937, 23.94, 25.637, 27.261, 26.336, 24.204, 23.582, 23.284, 22.439, 21.654, 21.21, 19.752, 18.204, 16.858, 15.509, 12.145, 9.237, 9.393, 9.701, 9.512, 7.843, 7.567, 8.516, 8.433, 8.974, 8.79, 7.569, 6.214, 4.864, 3.183, 5.2, 6.364, 4.902, 5.673, 7.339, 7.832, 6.437, 6.294, 6.083, 5.433, 5.546, 4.727, 4.271, 4.452, 7.506, 11.688, 13.851, 13.017, 11.621, 11.683, 12.691, 12.608, 13.208, 14.463, 13.088, 8.839, 7.533, 9.58, 11.234, 12.26, 11.385, 10.469, 9.785, 9.212, 7.706, 6.614, 7.869, 9.385, 10.415, 12.151, 12.829, 13.498, 14.516, 14.935, 14.69, 14.578, 15.495, 15.314, 13.106, 10.97, 10.995, 12.298, 13.576, 13.504, 12.888, 15.175, 16.341, 14.406], [10.279, 9.764, 7.038, 5.595, 5.81, 7.398, 7.553, 5.947, 4.127, 1.972, 1.824, 0.0, 3.146, 4.384, 5.647, 6.324, 7.617, 8.85, 8.969, 8.783, 9.556, 10.835, 10.939, 10.823, 10.888, 11.153, 11.558, 11.119, 9.982, 10.136, 10.709, 10.364, 11.744, 14.103, 15.125, 14.648, 15.112, 16.552, 15.191, 11.438, 10.967, 12.3, 12.88, 14.354, 17.471, 19.666, 20.663, 21.019, 20.723, 20.374, 20.65, 20.324, 21.148, 21.82, 21.593, 22.592, 24.557, 24.762, 22.17, 22.364, 24.12, 25.66, 24.782, 22.603, 21.943, 21.554, 20.783, 19.969, 19.544, 18.094, 16.622, 15.229, 13.868, 10.421, 7.718, 7.951, 8.25, 8.08, 6.428, 6.297, 6.957, 6.943, 7.248, 7.023, 6.22, 5.143, 4.359, 2.562, 3.527, 4.86, 3.6, 4.223, 5.978, 6.435, 5.258, 5.023, 4.819, 4.416, 4.232, 3.654, 3.202, 3.209, 5.956, 10.07, 12.176, 11.295, 9.95, 9.997, 11.169, 10.995, 11.432, 12.701, 11.3, 7.098, 5.831, 7.847, 9.501, 10.497, 9.634, 8.725, 8.041, 7.452, 5.968, 5.153, 6.421, 7.853, 8.807, 10.438, 11.028, 11.784, 12.802, 13.173, 12.902, 12.815, 13.754, 13.622, 11.368, 9.315, 9.653, 10.762, 11.886, 12.013, 11.184, 13.413, 14.629, 12.803], [7.52, 7.047, 4.365, 3.723, 5.241, 6.615, 6.4, 4.986, 4.346, 3.633, 4.729, 3.146, 0.0, 1.438, 2.781, 3.63, 4.835, 6.03, 6.187, 6.036, 6.813, 8.101, 8.528, 8.524, 8.625, 8.281, 8.791, 8.325, 7.237, 7.378, 7.869, 7.669, 9.163, 11.33, 12.962, 13.063, 13.663, 15.109, 13.633, 10.153, 9.862, 11.025, 11.321, 11.671, 14.726, 16.98, 17.998, 18.253, 17.896, 17.97, 18.379, 18.016, 18.422, 19.064, 18.837, 19.695, 21.671, 21.877, 19.429, 19.74, 21.585, 22.948, 22.105, 20.001, 19.236, 18.841, 17.943, 17.077, 16.84, 15.369, 13.975, 12.743, 11.42, 8.102, 5.344, 5.741, 6.145, 5.984, 4.533, 4.58, 5.015, 5.193, 4.918, 4.92, 4.493, 4.284, 3.891, 2.993, 1.75, 3.083, 3.449, 3.307, 4.627, 4.885, 3.929, 3.537, 3.163, 3.918, 3.919, 3.512, 2.956, 1.538, 3.681, 7.606, 9.642, 8.722, 7.432, 7.486, 8.868, 8.706, 8.893, 9.87, 8.406, 4.523, 3.132, 5.23, 6.928, 7.871, 6.968, 6.262, 5.481, 4.938, 3.458, 3.05, 4.205, 5.471, 6.491, 7.836, 8.328, 9.008, 10.054, 10.313, 10.001, 9.915, 10.97, 10.851, 8.538, 7.066, 7.739, 8.452, 9.221, 9.774, 8.471, 10.508, 11.826, 10.157], [6.499, 6.018, 3.289, 3.114, 4.634, 5.956, 5.665, 4.546, 4.103, 4.675, 5.93, 4.384, 1.438, 0.0, 1.717, 2.624, 3.825, 4.889, 5.105, 4.949, 5.886, 7.128, 7.561, 7.494, 7.618, 7.248, 7.757, 7.26, 6.18, 6.301, 6.734, 6.732, 8.061, 10.273, 11.925, 12.043, 12.719, 14.076, 12.579, 9.284, 9.105, 10.14, 10.442, 10.607, 13.546, 15.929, 16.986, 17.243, 16.857, 16.977, 17.393, 17.033, 17.305, 17.948, 17.734, 18.51, 20.511, 20.732, 18.355, 18.687, 20.516, 21.864, 20.974, 18.938, 18.207, 17.804, 16.731, 15.931, 15.728, 14.295, 12.921, 11.726, 10.431, 7.08, 4.389, 4.78, 5.128, 4.97, 3.567, 3.613, 4.095, 4.244, 4.016, 4.037, 3.645, 3.621, 3.3, 3.4, 1.73, 2.506, 3.168, 2.842, 3.654, 3.958, 2.981, 2.622, 2.473, 3.336, 3.5, 3.402, 2.916, 1.843, 2.735, 6.657, 8.637, 7.731, 6.416, 6.495, 7.931, 7.784, 8.002, 8.789, 7.378, 3.483, 2.115, 4.224, 5.903, 6.837, 5.885, 5.342, 4.442, 3.879, 2.405, 2.153, 3.212, 4.429, 5.547, 6.738, 7.382, 7.889, 8.896, 9.185, 8.905, 8.814, 9.996, 9.696, 7.394, 6.073, 6.751, 7.511, 8.223, 8.77, 7.557, 9.357, 10.764, 9.115], [5.083, 4.416, 2.176, 2.659, 4.192, 4.763, 4.665, 4.097, 3.897, 6.201, 7.396, 5.647, 2.781, 1.717, 0.0, 1.388, 2.563, 3.411, 3.498, 3.439, 4.548, 5.783, 6.246, 6.29, 6.46, 5.96, 6.517, 6.104, 4.995, 5.012, 5.226, 5.397, 6.965, 9.101, 10.835, 10.946, 11.608, 13.02, 11.522, 8.159, 7.999, 8.996, 9.28, 9.499, 12.329, 14.705, 15.775, 15.988, 15.522, 15.733, 16.23, 15.832, 15.981, 16.593, 16.386, 17.241, 19.072, 19.263, 16.958, 17.488, 19.337, 20.678, 19.776, 17.749, 16.962, 16.624, 15.517, 14.677, 14.54, 13.126, 11.76, 10.516, 9.169, 5.889, 3.33, 3.612, 3.94, 3.855, 2.543, 2.479, 2.9, 3.035, 2.724, 2.756, 2.497, 2.902, 4.006, 4.857, 2.446, 2.067, 3.542, 2.965, 2.731, 2.882, 2.69, 2.348, 1.916, 2.794, 3.359, 3.968, 3.711, 3.2, 1.705, 5.349, 7.284, 6.335, 5.103, 5.269, 6.737, 6.505, 6.656, 7.476, 6.014, 2.166, 1.892, 2.756, 4.287, 5.222, 4.448, 4.031, 3.007, 2.469, 1.549, 1.518, 2.079, 3.117, 4.241, 5.317, 5.964, 6.555, 7.508, 7.794, 7.394, 7.446, 8.701, 8.407, 6.011, 4.959, 5.628, 6.279, 7.009, 7.652, 6.342, 8.016, 9.529, 7.837], [4.405, 3.89, 2.008, 3.106, 4.636, 4.596, 4.79, 4.388, 4.367, 6.794, 7.995, 6.324, 3.63, 2.624, 1.388, 0.0, 1.523, 3.036, 2.946, 2.799, 3.586, 4.804, 5.144, 5.295, 5.33, 4.985, 5.443, 4.992, 3.899, 4.117, 4.64, 4.368, 5.858, 8.152, 9.664, 9.843, 10.725, 11.963, 10.485, 7.56, 7.51, 8.247, 8.48, 8.439, 11.38, 13.569, 14.629, 14.855, 14.618, 14.557, 15.072, 14.647, 15.108, 15.797, 15.548, 16.44, 18.421, 18.662, 16.196, 16.32, 18.182, 19.531, 18.724, 16.58, 15.896, 15.504, 14.603, 13.794, 13.478, 11.982, 10.645, 9.353, 7.977, 4.804, 2.964, 2.81, 3.025, 3.325, 2.631, 1.831, 2.11, 2.119, 1.755, 1.847, 2.22, 3.254, 4.582, 5.456, 3.15, 2.584, 4.195, 3.517, 2.402, 2.245, 2.677, 2.691, 2.477, 3.346, 3.829, 4.471, 4.317, 3.844, 1.76, 4.342, 6.401, 5.505, 4.19, 4.187, 5.61, 5.338, 5.594, 6.628, 5.254, 1.485, 1.985, 2.164, 3.757, 4.691, 3.801, 2.961, 2.391, 2.24, 2.1, 1.924, 1.67, 2.355, 3.169, 4.601, 5.098, 5.733, 6.805, 7.139, 6.81, 6.818, 7.757, 7.604, 5.385, 4.081, 4.779, 5.077, 5.92, 6.496, 5.248, 7.339, 8.58, 6.847], [3.362, 2.936, 2.2, 3.652, 5.069, 4.811, 5.124, 4.795, 5.403, 8.143, 9.404, 7.617, 4.835, 3.825, 2.563, 1.523, 0.0, 2.462, 2.113, 1.586, 2.491, 3.825, 4.18, 4.35, 4.709, 3.89, 4.119, 3.709, 2.754, 3.18, 3.492, 3.579, 4.884, 7.076, 8.617, 9.136, 10.043, 11.036, 9.496, 7.273, 7.294, 7.877, 8.055, 7.645, 10.082, 12.292, 13.398, 13.652, 13.371, 13.347, 13.903, 13.471, 13.854, 14.479, 14.244, 15.058, 17.027, 17.296, 14.872, 15.007, 16.888, 18.233, 17.386, 15.29, 14.685, 14.237, 13.297, 12.5, 12.169, 10.77, 9.537, 8.25, 6.769, 4.118, 3.268, 2.886, 3.001, 3.439, 3.061, 2.44, 2.109, 2.126, 1.648, 1.608, 2.731, 4.174, 5.913, 6.833, 4.292, 3.351, 5.112, 4.207, 2.954, 2.498, 3.533, 3.565, 3.481, 4.348, 4.455, 5.327, 5.591, 5.063, 2.553, 3.225, 5.273, 4.358, 3.196, 3.26, 4.605, 4.257, 4.423, 5.317, 3.976, 1.429, 2.763, 1.493, 2.542, 3.433, 2.537, 1.818, 1.756, 2.011, 2.638, 2.946, 2.1, 1.742, 2.186, 3.449, 3.97, 4.552, 5.579, 5.808, 5.452, 5.482, 6.519, 6.33, 4.279, 3.944, 4.864, 4.125, 4.678, 5.31, 4.143, 5.969, 7.317, 5.703], [3.125, 1.905, 2.337, 4.33, 5.179, 4.673, 4.91, 4.815, 6.803, 9.557, 10.626, 8.85, 6.03, 4.889, 3.411, 3.036, 2.462, 0.0, 1.15, 1.639, 2.643, 3.784, 4.116, 4.701, 4.996, 4.082, 4.022, 3.672, 2.803, 2.753, 2.731, 3.508, 5.272, 7.36, 9.112, 9.579, 10.492, 11.548, 10.017, 7.465, 7.443, 8.161, 8.392, 8.008, 9.516, 11.889, 13.088, 13.29, 12.984, 13.183, 13.894, 13.259, 13.174, 13.594, 13.528, 14.307, 15.975, 16.103, 14.022, 14.805, 16.628, 17.852, 16.814, 14.946, 14.298, 14.006, 12.678, 11.83, 11.663, 10.914, 9.789, 8.405, 6.653, 3.967, 3.487, 2.737, 2.938, 3.252, 3.542, 3.743, 3.256, 3.296, 2.522, 2.184, 3.851, 5.574, 7.334, 8.111, 5.491, 4.491, 6.086, 5.2, 3.812, 3.296, 4.816, 4.833, 4.71, 5.507, 5.44, 6.595, 6.969, 6.349, 3.228, 2.925, 4.368, 3.765, 3.163, 3.72, 4.793, 4.233, 4.391, 4.902, 3.458, 2.29, 3.485, 2.121, 2.238, 2.579, 1.987, 2.51, 2.052, 2.137, 2.989, 4.266, 3.112, 2.367, 2.515, 2.845, 3.393, 3.986, 4.845, 4.918, 4.44, 4.489, 5.953, 5.596, 3.912, 3.759, 4.758, 3.939, 4.616, 5.426, 4.184, 5.063, 6.681, 5.168], [3.088, 1.795, 2.679, 4.627, 5.534, 5.045, 5.401, 5.218, 6.901, 9.662, 10.75, 8.969, 6.187, 5.105, 3.498, 2.946, 2.113, 1.15, 0.0, 1.247, 2.372, 3.781, 4.074, 4.654, 4.982, 4.067, 4.084, 3.666, 2.779, 2.76, 2.646, 3.48, 5.228, 7.325, 9.081, 9.507, 10.43, 11.517, 9.988, 7.549, 7.563, 8.181, 8.378, 7.957, 9.554, 11.929, 13.149, 13.362, 13.044, 13.23, 13.949, 13.353, 13.247, 13.637, 13.582, 14.353, 15.964, 16.001, 14.132, 14.851, 16.689, 17.893, 16.852, 14.987, 14.366, 14.069, 12.716, 11.883, 11.706, 10.883, 9.757, 8.387, 6.711, 4.055, 3.924, 3.074, 2.976, 3.555, 3.708, 3.805, 3.039, 3.062, 2.256, 2.203, 3.855, 5.676, 7.439, 8.241, 5.569, 4.639, 6.28, 5.357, 3.929, 3.448, 4.925, 4.951, 4.794, 5.604, 5.55, 6.708, 7.074, 6.455, 3.344, 2.752, 4.282, 3.727, 2.891, 3.59, 4.722, 4.133, 4.334, 4.871, 3.502, 2.041, 3.573, 1.79, 1.557, 2.075, 1.76, 2.075, 1.815, 1.855, 3.239, 4.373, 3.15, 2.042, 2.107, 2.707, 3.391, 3.899, 4.75, 4.906, 4.442, 4.467, 6.01, 5.582, 3.784, 3.987, 4.898, 3.859, 4.614, 5.451, 4.112, 5.073, 6.642, 5.065], [2.627, 1.904, 2.314, 4.319, 5.406, 4.966, 5.303, 5.129, 6.719, 9.477, 10.556, 8.783, 6.036, 4.949, 3.439, 2.799, 1.586, 1.639, 1.247, 0.0, 1.831, 3.298, 3.656, 4.098, 4.571, 3.613, 3.498, 3.151, 2.44, 2.61, 2.507, 3.122, 4.645, 6.79, 8.412, 8.957, 9.888, 10.906, 9.365, 7.231, 7.246, 7.814, 7.909, 7.424, 9.197, 11.588, 12.768, 12.895, 12.53, 12.656, 13.299, 12.723, 12.699, 13.232, 13.167, 14.089, 15.973, 16.085, 13.614, 14.384, 16.257, 17.535, 16.584, 14.617, 13.868, 13.62, 12.364, 11.532, 11.384, 10.309, 9.179, 7.846, 6.124, 3.852, 3.71, 2.904, 2.918, 3.492, 3.609, 3.625, 2.786, 2.704, 1.959, 2.002, 3.684, 5.495, 7.257, 8.038, 5.401, 4.429, 6.003, 5.16, 3.673, 3.211, 4.708, 4.758, 4.626, 5.416, 5.431, 6.529, 6.896, 6.283, 3.245, 2.31, 4.145, 3.243, 2.474, 2.944, 4.1, 3.59, 3.725, 4.349, 2.94, 1.87, 3.572, 1.483, 1.522, 1.996, 1.242, 1.619, 1.737, 2.039, 3.127, 4.197, 2.995, 1.681, 1.639, 2.471, 2.989, 3.507, 4.477, 4.667, 4.313, 4.32, 5.593, 5.269, 3.493, 3.908, 4.831, 3.595, 3.995, 4.814, 3.576, 4.901, 6.387, 4.756], [2.1, 2.076, 3.133, 4.752, 5.271, 4.578, 4.98, 4.92, 7.464, 10.22, 11.332, 9.556, 6.813, 5.886, 4.548, 3.586, 2.491, 2.643, 2.372, 1.831, 0.0, 1.807, 2.315, 2.575, 3.045, 2.297, 2.27, 1.968, 1.777, 1.868, 2.007, 2.298, 3.219, 5.127, 6.756, 7.243, 8.158, 9.217, 7.701, 5.85, 5.961, 6.482, 6.364, 5.754, 8.165, 10.412, 11.478, 11.734, 11.292, 11.335, 11.852, 11.382, 11.742, 12.406, 12.209, 13.156, 15.093, 15.266, 12.765, 13.164, 15.022, 16.39, 15.533, 13.426, 12.665, 12.264, 11.417, 10.562, 10.297, 8.889, 7.541, 6.469, 4.96, 3.09, 3.377, 2.821, 2.329, 3.031, 4.14, 4.363, 3.063, 3.025, 2.547, 2.661, 4.413, 6.237, 7.998, 8.827, 6.147, 5.137, 6.674, 5.885, 4.356, 3.85, 5.467, 5.495, 5.367, 6.158, 6.11, 7.259, 7.632, 7.041, 4.407, 1.603, 3.38, 2.482, 1.667, 1.837, 2.833, 2.464, 2.528, 3.304, 2.181, 2.906, 4.758, 2.824, 2.634, 2.629, 1.482, 2.306, 3.242, 3.54, 4.396, 4.966, 3.855, 2.688, 2.087, 2.229, 2.07, 2.777, 3.668, 3.866, 3.577, 3.458, 4.52, 4.334, 2.832, 3.054, 3.98, 2.788, 2.692, 3.332, 2.197, 4.061, 5.4, 3.847], [2.123, 2.706, 4.334, 6.002, 6.344, 5.095, 5.194, 5.901, 8.733, 11.489, 12.636, 10.835, 8.101, 7.128, 5.783, 4.804, 3.825, 3.784, 3.781, 3.298, 1.807, 0.0, 1.095, 1.442, 1.743, 1.187, 1.416, 1.436, 2.126, 1.591, 1.594, 1.681, 2.155, 3.873, 5.57, 5.9, 6.803, 7.976, 6.512, 4.557, 4.807, 5.236, 5.064, 4.466, 7.029, 9.227, 10.294, 10.569, 10.099, 10.158, 10.722, 10.25, 10.649, 11.306, 11.029, 12.009, 13.91, 14.098, 11.563, 11.984, 13.828, 15.219, 14.367, 12.224, 11.511, 11.125, 10.291, 9.418, 9.117, 7.732, 6.418, 5.302, 3.851, 2.757, 4.166, 3.81, 3.335, 3.896, 5.409, 5.632, 4.342, 4.333, 3.799, 4.113, 5.682, 7.506, 9.267, 10.098, 7.487, 6.41, 7.952, 7.138, 5.612, 5.266, 6.721, 6.764, 6.678, 7.484, 7.372, 8.527, 8.901, 8.299, 5.672, 2.509, 2.506, 2.178, 1.941, 1.931, 1.97, 1.721, 1.707, 2.292, 1.552, 4.277, 5.996, 4.22, 3.943, 3.845, 2.812, 3.679, 4.709, 5.011, 5.612, 6.238, 5.179, 4.198, 3.51, 3.24, 2.301, 1.941, 2.63, 2.848, 2.468, 2.407, 3.418, 3.3, 2.074, 2.926, 3.45, 2.336, 1.783, 2.331, 1.38, 3.002, 4.445, 3.334], [2.768, 3.096, 4.665, 6.302, 6.431, 5.178, 5.204, 5.993, 8.808, 11.565, 12.712, 10.939, 8.528, 7.561, 6.246, 5.144, 4.18, 4.116, 4.074, 3.656, 2.315, 1.095, 0.0, 1.431, 1.29, 1.234, 1.529, 1.592, 2.243, 1.866, 1.859, 1.899, 2.372, 3.855, 5.25, 5.57, 6.466, 7.613, 6.132, 4.284, 4.622, 4.941, 4.738, 4.364, 6.709, 8.865, 9.922, 10.236, 10.024, 9.654, 10.267, 9.851, 10.383, 11.018, 10.795, 11.752, 13.703, 13.919, 11.407, 11.61, 13.334, 14.858, 13.973, 11.804, 11.234, 10.836, 9.975, 9.103, 8.741, 7.432, 6.212, 5.022, 3.779, 2.937, 4.294, 3.783, 3.383, 3.924, 5.489, 5.712, 4.421, 4.381, 4.077, 4.265, 5.771, 7.584, 9.346, 10.174, 7.82, 6.5, 8.047, 7.323, 5.692, 5.278, 6.786, 6.853, 6.777, 7.562, 7.499, 8.673, 8.99, 8.467, 5.891, 2.756, 2.407, 2.296, 2.335, 2.379, 2.161, 1.809, 1.943, 2.233, 1.982, 4.608, 6.36, 4.593, 4.481, 4.358, 3.182, 3.881, 4.903, 5.236, 5.998, 6.474, 5.402, 4.546, 3.828, 3.653, 2.834, 2.045, 2.625, 3.099, 2.689, 2.376, 3.164, 3.141, 2.168, 3.009, 3.404, 2.175, 1.928, 2.088, 1.281, 2.831, 4.131, 3.084], [2.931, 3.707, 4.955, 5.964, 6.183, 5.006, 5.007, 5.824, 8.562, 11.353, 12.615, 10.823, 8.524, 7.494, 6.29, 5.295, 4.35, 4.701, 4.654, 4.098, 2.575, 1.442, 1.431, 0.0, 1.124, 1.293, 1.666, 1.838, 2.674, 2.236, 2.39, 2.383, 1.865, 3.577, 4.835, 5.044, 5.907, 6.915, 5.448, 3.913, 4.093, 4.431, 4.186, 4.05, 6.979, 9.129, 10.129, 10.359, 9.961, 9.966, 10.281, 9.949, 10.596, 11.274, 11.007, 11.818, 13.879, 14.093, 11.657, 11.813, 13.623, 15.055, 14.255, 12.07, 11.405, 10.944, 10.054, 9.208, 8.983, 7.431, 5.995, 4.969, 3.873, 3.137, 4.643, 4.366, 3.556, 4.043, 5.449, 5.8, 4.436, 4.351, 4.25, 4.355, 5.648, 7.358, 9.148, 10.073, 7.728, 6.494, 7.835, 7.15, 5.608, 5.35, 6.575, 6.61, 6.85, 7.48, 7.314, 8.372, 8.818, 8.301, 6.516, 3.21, 2.915, 2.577, 2.663, 2.221, 2.419, 2.248, 2.23, 2.69, 2.142, 4.888, 6.722, 5.108, 4.907, 4.786, 3.59, 4.354, 5.435, 5.772, 6.428, 6.553, 5.893, 4.857, 4.186, 3.922, 3.155, 2.304, 2.718, 3.418, 2.764, 2.577, 3.326, 3.337, 2.269, 2.977, 3.356, 2.72, 2.297, 2.193, 1.65, 3.147, 4.366, 3.282], [2.991, 3.83, 5.013, 6.058, 6.168, 4.968, 4.813, 5.789, 8.53, 11.338, 12.602, 10.888, 8.625, 7.618, 6.46, 5.33, 4.709, 4.996, 4.982, 4.571, 3.045, 1.743, 1.29, 1.124, 0.0, 1.36, 1.959, 2.094, 2.603, 2.365, 2.535, 2.095, 1.842, 3.447, 4.531, 4.653, 5.6, 6.778, 5.348, 3.365, 3.507, 3.894, 3.701, 3.77, 6.864, 9.032, 9.984, 10.215, 9.936, 9.754, 10.029, 9.79, 10.617, 11.289, 11.058, 11.839, 13.901, 14.117, 11.622, 11.697, 13.403, 14.962, 14.097, 11.946, 11.315, 10.889, 10.018, 9.211, 8.877, 7.328, 5.825, 4.757, 3.793, 2.856, 4.07, 4.109, 3.411, 3.783, 5.293, 5.622, 4.363, 4.404, 4.293, 4.53, 5.549, 7.289, 9.113, 10.054, 7.849, 6.419, 7.837, 7.21, 5.603, 5.375, 6.574, 6.602, 6.822, 7.486, 7.338, 8.401, 8.758, 8.373, 6.604, 3.653, 3.19, 3.172, 3.219, 2.752, 2.627, 2.372, 2.382, 2.818, 2.561, 5.06, 6.818, 5.461, 5.542, 5.414, 4.144, 4.84, 5.764, 6.031, 6.526, 6.489, 5.834, 5.254, 4.602, 4.478, 3.698, 2.53, 2.842, 3.498, 2.915, 2.748, 3.302, 3.327, 2.135, 2.641, 2.797, 2.349, 2.492, 2.079, 1.811, 3.196, 4.298, 3.613], [2.274, 2.944, 4.435, 6.101, 6.51, 5.219, 5.163, 6.04, 8.834, 11.647, 12.936, 11.153, 8.281, 7.248, 5.96, 4.985, 3.89, 4.082, 4.067, 3.613, 2.297, 1.187, 1.234, 1.293, 1.36, 0.0, 1.121, 1.34, 2.005, 1.678, 1.627, 1.626, 1.673, 3.521, 5.177, 5.583, 6.469, 7.525, 6.061, 4.03, 4.145, 4.69, 4.582, 4.057, 6.71, 8.881, 10.016, 10.183, 9.872, 9.986, 10.513, 10.11, 10.406, 11.052, 10.807, 11.585, 13.591, 13.846, 11.403, 11.611, 13.503, 14.822, 13.995, 11.914, 11.285, 10.864, 9.801, 9.035, 8.77, 7.275, 6.016, 4.915, 3.559, 2.779, 4.243, 4.031, 3.554, 3.946, 5.526, 5.776, 4.506, 4.594, 4.042, 4.362, 5.863, 7.614, 9.397, 10.364, 7.802, 6.62, 8.193, 7.381, 5.873, 5.536, 6.874, 6.945, 6.997, 7.811, 7.556, 8.637, 9.094, 8.573, 5.954, 2.826, 2.499, 2.253, 2.289, 2.123, 2.296, 1.824, 1.942, 2.349, 1.639, 4.359, 6.14, 4.504, 4.496, 4.364, 3.148, 4.004, 4.917, 5.215, 5.827, 6.398, 5.374, 4.475, 3.838, 3.488, 2.73, 1.791, 2.345, 2.688, 2.27, 2.298, 3.121, 2.986, 1.545, 2.802, 3.221, 2.203, 2.012, 2.367, 1.456, 2.775, 4.124, 3.278], [2.675, 3.139, 4.874, 6.574, 6.97, 5.688, 5.702, 6.496, 9.331, 12.09, 13.315, 11.558, 8.791, 7.757, 6.517, 5.443, 4.119, 4.022, 4.084, 3.498, 2.27, 1.416, 1.529, 1.666, 1.959, 1.121, 0.0, 0.95, 2.079, 1.752, 1.843, 2.053, 1.833, 3.682, 5.154, 5.811, 6.699, 7.624, 6.103, 4.553, 4.565, 5.068, 4.982, 4.269, 6.096, 8.323, 9.46, 9.682, 9.484, 9.42, 10.025, 9.516, 9.835, 10.511, 10.278, 11.108, 13.107, 13.361, 10.905, 11.041, 12.947, 14.262, 13.412, 11.315, 10.681, 10.272, 9.314, 8.503, 8.209, 7.113, 5.987, 4.881, 3.0, 3.124, 4.585, 4.264, 3.929, 4.408, 6.005, 6.228, 4.98, 4.973, 4.5, 4.556, 6.305, 8.1, 9.862, 10.743, 8.184, 7.082, 8.636, 7.76, 6.252, 5.773, 7.313, 7.404, 7.377, 8.202, 7.967, 9.111, 9.54, 8.952, 6.213, 2.381, 2.03, 1.631, 2.097, 2.044, 1.995, 1.619, 1.615, 1.924, 1.323, 4.799, 6.577, 4.514, 4.128, 3.936, 2.766, 3.525, 4.737, 5.233, 6.256, 6.818, 5.677, 4.26, 3.462, 3.035, 2.332, 1.438, 1.902, 2.296, 1.922, 1.806, 2.57, 2.436, 1.851, 3.272, 3.827, 2.159, 1.46, 2.024, 1.463, 2.331, 3.519, 2.731], [2.344, 2.668, 4.391, 6.015, 6.379, 5.159, 5.226, 6.004, 8.758, 11.502, 12.839, 11.119, 8.325, 7.26, 6.104, 4.992, 3.709, 3.672, 3.666, 3.151, 1.968, 1.436, 1.592, 1.838, 2.094, 1.34, 0.95, 0.0, 1.534, 1.459, 1.443, 1.722, 2.028, 4.129, 5.539, 6.124, 6.964, 7.944, 6.424, 4.686, 4.769, 5.338, 5.267, 4.627, 6.502, 8.778, 9.814, 10.099, 10.05, 9.947, 10.552, 10.077, 10.395, 11.04, 10.815, 11.523, 13.625, 13.887, 11.502, 11.537, 13.31, 14.675, 13.835, 11.739, 11.164, 10.736, 9.698, 8.937, 8.564, 7.396, 6.361, 5.245, 3.468, 2.873, 4.079, 3.74, 3.398, 3.846, 5.448, 5.671, 4.445, 4.514, 4.01, 4.152, 5.714, 7.525, 9.299, 10.225, 7.724, 6.56, 8.055, 7.257, 5.731, 5.297, 6.746, 6.861, 6.916, 7.736, 7.461, 8.535, 9.013, 8.454, 5.762, 2.052, 2.191, 1.729, 1.711, 1.87, 2.032, 1.529, 1.554, 2.093, 1.167, 4.306, 6.017, 4.09, 3.818, 3.663, 2.41, 3.137, 4.299, 4.845, 5.855, 6.311, 5.144, 3.847, 2.992, 2.723, 2.068, 1.448, 2.164, 2.446, 2.12, 2.029, 3.001, 2.831, 1.758, 2.719, 3.412, 1.67, 1.585, 2.092, 1.323, 2.59, 3.804, 2.665], [1.542, 1.711, 3.35, 4.923, 5.239, 4.176, 4.195, 4.882, 7.601, 10.411, 11.744, 9.982, 7.237, 6.18, 4.995, 3.899, 2.754, 2.803, 2.779, 2.44, 1.777, 2.126, 2.243, 2.674, 2.603, 2.005, 2.079, 1.534, 0.0, 1.22, 1.466, 1.458, 2.768, 4.981, 6.413, 6.881, 7.794, 8.798, 7.308, 5.137, 5.088, 5.787, 5.872, 5.525, 7.779, 9.99, 11.024, 11.206, 11.087, 11.059, 11.607, 11.206, 11.623, 12.271, 12.039, 12.718, 14.844, 15.099, 12.614, 12.765, 14.519, 15.925, 15.069, 12.937, 12.389, 11.975, 10.931, 10.167, 9.817, 8.345, 7.253, 5.958, 4.498, 2.1, 2.952, 2.678, 2.323, 2.706, 4.334, 4.576, 3.297, 3.421, 2.895, 3.007, 4.617, 6.347, 8.186, 9.135, 6.675, 5.448, 6.953, 6.173, 4.643, 4.207, 5.632, 5.723, 5.82, 6.645, 6.366, 7.403, 7.864, 7.365, 4.816, 2.169, 3.391, 2.858, 2.079, 2.26, 2.819, 2.177, 2.219, 3.125, 1.873, 3.259, 4.99, 3.316, 3.418, 3.651, 2.129, 2.865, 3.525, 3.843, 4.778, 5.196, 4.121, 3.04, 2.76, 2.655, 2.299, 2.494, 3.328, 3.561, 3.239, 3.203, 4.238, 4.097, 2.059, 1.944, 2.74, 1.761, 2.512, 3.042, 1.91, 3.649, 4.96, 3.768], [1.691, 1.83, 3.511, 5.246, 5.626, 4.409, 4.488, 5.194, 8.012, 10.774, 11.924, 10.136, 7.378, 6.301, 5.012, 4.117, 3.18, 2.753, 2.76, 2.61, 1.868, 1.591, 1.866, 2.236, 2.365, 1.678, 1.752, 1.459, 1.22, 0.0, 0.955, 1.348, 2.562, 4.737, 6.411, 6.85, 7.761, 8.821, 7.287, 4.846, 4.878, 5.482, 5.669, 5.323, 7.553, 9.843, 10.943, 11.195, 10.728, 10.856, 11.371, 10.858, 11.242, 11.852, 11.602, 12.559, 14.45, 14.688, 12.304, 12.59, 14.467, 15.823, 14.971, 12.853, 12.125, 11.715, 10.811, 9.937, 9.741, 8.41, 7.118, 5.801, 4.268, 2.129, 3.354, 2.923, 2.579, 3.094, 4.694, 4.917, 3.628, 3.664, 3.163, 3.206, 4.967, 6.788, 8.55, 9.371, 6.776, 5.712, 7.241, 6.417, 4.889, 4.39, 5.996, 6.049, 5.985, 6.799, 6.657, 7.806, 8.186, 7.574, 4.971, 2.339, 3.007, 2.467, 1.93, 2.209, 2.535, 2.077, 2.176, 2.839, 1.625, 3.381, 5.188, 3.446, 3.564, 3.75, 2.232, 3.342, 3.605, 3.862, 4.853, 5.511, 4.382, 3.28, 3.231, 3.009, 2.413, 2.244, 3.079, 3.342, 2.987, 2.915, 3.973, 3.834, 1.798, 2.046, 2.89, 1.733, 2.299, 2.946, 1.734, 3.463, 4.956, 3.746], [1.619, 1.61, 3.841, 5.855, 6.221, 4.996, 5.166, 5.806, 8.623, 11.392, 12.49, 10.709, 7.869, 6.734, 5.226, 4.64, 3.492, 2.731, 2.646, 2.507, 2.007, 1.594, 1.859, 2.39, 2.535, 1.627, 1.843, 1.443, 1.466, 0.955, 0.0, 1.342, 2.674, 4.771, 6.552, 6.999, 7.906, 8.954, 7.422, 5.105, 5.137, 5.725, 5.843, 5.419, 7.378, 9.771, 10.943, 11.087, 10.717, 10.857, 11.533, 10.993, 10.981, 11.527, 11.391, 12.275, 14.05, 14.176, 11.847, 12.582, 14.45, 15.751, 14.791, 12.815, 12.049, 11.799, 10.559, 9.742, 9.591, 8.385, 7.193, 5.903, 4.34, 2.607, 3.88, 3.556, 3.196, 3.709, 5.305, 5.531, 4.236, 4.188, 3.618, 3.794, 5.587, 7.399, 9.162, 9.981, 7.302, 6.312, 7.844, 7.038, 5.51, 4.995, 6.606, 6.651, 6.531, 7.338, 7.277, 8.417, 8.8, 8.194, 5.202, 2.432, 2.822, 2.157, 1.993, 2.495, 2.897, 2.312, 2.213, 2.66, 1.446, 3.752, 5.365, 3.42, 3.202, 3.321, 2.13, 3.502, 3.766, 3.949, 4.969, 6.101, 4.873, 3.588, 3.315, 2.908, 2.367, 2.066, 2.8, 2.96, 2.509, 2.557, 3.849, 3.547, 1.49, 2.607, 3.391, 1.876, 2.471, 3.135, 1.844, 3.129, 4.721, 3.542], [1.349, 2.107, 3.77, 5.509, 5.824, 4.565, 4.482, 5.356, 8.176, 10.948, 12.078, 10.364, 7.669, 6.732, 5.397, 4.368, 3.579, 3.508, 3.48, 3.122, 2.298, 1.681, 1.899, 2.383, 2.095, 1.626, 2.053, 1.722, 1.458, 1.348, 1.342, 0.0, 2.117, 4.326, 5.91, 6.187, 7.119, 8.302, 6.811, 4.258, 4.269, 4.87, 5.025, 4.73, 7.347, 9.583, 10.647, 10.864, 10.721, 10.505, 11.108, 10.674, 10.983, 11.663, 11.462, 12.389, 14.369, 14.517, 11.991, 12.304, 14.122, 15.5, 14.645, 12.53, 11.82, 11.546, 10.594, 9.735, 9.399, 7.977, 6.77, 5.428, 3.987, 1.719, 3.276, 3.278, 2.834, 3.294, 4.897, 5.103, 3.83, 3.906, 3.261, 3.714, 5.141, 6.951, 8.722, 9.568, 6.938, 5.884, 7.403, 6.625, 5.095, 4.8, 6.187, 6.228, 6.122, 6.931, 6.844, 7.98, 8.353, 7.799, 5.092, 2.824, 3.06, 2.793, 2.501, 2.696, 2.74, 2.24, 2.28, 2.689, 1.98, 3.726, 5.57, 3.967, 4.057, 4.279, 2.799, 3.721, 4.304, 4.571, 5.145, 5.692, 4.659, 3.95, 3.622, 3.652, 2.977, 2.655, 3.169, 3.289, 2.934, 2.871, 3.753, 3.615, 1.493, 1.8, 2.478, 1.585, 2.356, 2.85, 1.774, 3.54, 4.986, 4.108], [2.667, 3.938, 5.388, 6.436, 6.781, 5.441, 5.375, 6.328, 9.129, 11.874, 13.359, 11.744, 9.163, 8.061, 6.965, 5.858, 4.884, 5.272, 5.228, 4.645, 3.219, 2.155, 2.372, 1.865, 1.842, 1.673, 1.833, 2.028, 2.768, 2.562, 2.674, 2.117, 0.0, 2.862, 4.128, 4.583, 5.266, 6.335, 4.843, 3.073, 3.027, 3.4, 3.582, 3.069, 5.895, 8.336, 9.286, 9.681, 9.496, 9.357, 9.634, 9.35, 9.95, 10.626, 10.388, 11.178, 13.229, 13.512, 11.045, 10.822, 12.657, 14.056, 13.172, 11.043, 10.574, 10.228, 9.21, 8.571, 8.094, 6.605, 5.217, 4.129, 2.783, 2.368, 4.521, 4.386, 3.936, 4.3, 5.789, 6.184, 5.095, 5.096, 4.765, 5.015, 6.09, 7.873, 9.615, 10.62, 8.34, 7.158, 8.618, 7.743, 6.13, 5.88, 7.281, 7.399, 7.448, 8.203, 7.916, 8.901, 9.342, 8.955, 7.059, 3.595, 3.148, 3.294, 3.207, 2.91, 2.599, 2.653, 2.605, 2.796, 2.49, 5.339, 7.306, 5.683, 5.482, 5.42, 4.062, 4.825, 5.944, 6.257, 6.975, 6.893, 6.035, 5.197, 4.65, 4.629, 3.929, 2.697, 2.693, 3.261, 3.006, 2.704, 2.896, 2.703, 1.863, 2.796, 3.08, 2.325, 2.412, 2.365, 2.111, 3.408, 4.55, 3.776], [4.72, 6.041, 7.634, 9.079, 9.447, 8.167, 8.08, 9.001, 11.813, 14.598, 15.858, 14.103, 11.33, 10.273, 9.101, 8.152, 7.076, 7.36, 7.325, 6.79, 5.127, 3.873, 3.855, 3.577, 3.447, 3.521, 3.682, 4.129, 4.981, 4.737, 4.771, 4.326, 2.862, 0.0, 1.994, 2.702, 3.356, 4.241, 3.055, 4.134, 4.0, 3.13, 2.536, 1.449, 3.684, 5.87, 6.993, 7.217, 6.799, 6.903, 7.322, 6.925, 7.377, 8.037, 7.802, 8.576, 10.589, 10.855, 8.356, 8.601, 10.451, 11.782, 10.937, 8.839, 8.175, 7.731, 6.812, 6.034, 5.723, 4.256, 3.046, 2.708, 2.688, 4.103, 7.058, 7.064, 6.507, 6.971, 8.487, 8.836, 7.521, 7.564, 7.096, 7.294, 8.794, 10.585, 12.345, 13.254, 10.735, 9.621, 11.145, 10.296, 8.764, 8.443, 9.842, 9.92, 9.961, 10.763, 10.495, 11.604, 12.005, 11.481, 9.275, 5.881, 4.657, 4.906, 5.295, 4.896, 4.61, 4.565, 4.038, 3.704, 4.351, 7.59, 9.429, 7.798, 7.505, 7.413, 6.181, 7.02, 8.172, 8.443, 9.092, 9.379, 8.51, 7.542, 6.843, 6.411, 5.646, 4.608, 3.981, 4.57, 4.364, 3.724, 2.944, 3.046, 3.974, 5.038, 5.709, 4.82, 3.933, 4.193, 3.819, 4.436, 4.983, 5.15], [6.373, 7.781, 9.215, 10.075, 10.215, 8.918, 8.773, 9.764, 12.499, 15.304, 16.72, 15.125, 12.962, 11.925, 10.835, 9.664, 8.617, 9.112, 9.081, 8.412, 6.756, 5.57, 5.25, 4.835, 4.531, 5.177, 5.154, 5.539, 6.413, 6.411, 6.552, 5.91, 4.128, 1.994, 0.0, 1.726, 2.194, 2.583, 1.909, 4.888, 4.655, 3.657, 2.937, 2.016, 2.977, 4.94, 5.88, 6.185, 5.981, 5.707, 5.938, 5.73, 6.585, 7.3, 6.997, 7.766, 9.883, 10.144, 7.616, 7.475, 9.171, 10.718, 9.837, 7.737, 7.206, 6.814, 5.825, 5.188, 4.724, 3.286, 2.106, 2.619, 3.345, 5.314, 8.036, 8.057, 7.492, 7.801, 9.301, 9.589, 8.509, 8.478, 8.474, 8.58, 9.585, 11.22, 13.05, 14.041, 12.076, 10.623, 11.969, 11.251, 9.625, 9.331, 10.59, 10.731, 10.986, 11.601, 11.339, 12.387, 12.769, 12.469, 10.87, 7.147, 6.097, 6.441, 6.747, 6.132, 5.621, 5.475, 5.316, 5.292, 5.911, 9.181, 11.076, 9.457, 9.062, 8.941, 7.728, 8.293, 9.709, 10.059, 10.808, 10.59, 9.852, 8.985, 8.188, 7.775, 7.09, 5.85, 5.333, 6.12, 5.775, 5.225, 4.268, 4.437, 5.492, 6.039, 6.436, 5.794, 5.271, 4.878, 5.235, 5.837, 5.752, 6.166], [6.843, 8.171, 9.433, 10.017, 9.382, 8.377, 7.726, 9.2, 11.419, 14.281, 15.782, 14.648, 13.063, 12.043, 10.946, 9.843, 9.136, 9.579, 9.507, 8.957, 7.243, 5.9, 5.57, 5.044, 4.653, 5.583, 5.811, 6.124, 6.881, 6.85, 6.999, 6.187, 4.583, 2.702, 1.726, 0.0, 1.52, 2.702, 1.536, 4.066, 3.979, 2.943, 2.138, 2.504, 4.387, 6.204, 7.015, 7.283, 7.108, 6.824, 6.93, 6.917, 7.79, 8.499, 8.243, 8.972, 11.127, 11.362, 8.841, 8.661, 10.363, 11.971, 11.067, 8.963, 8.418, 8.073, 7.082, 6.363, 6.006, 4.346, 2.87, 2.888, 3.815, 5.64, 8.087, 8.187, 7.489, 7.819, 9.166, 9.296, 8.447, 8.32, 8.713, 8.98, 9.312, 10.349, 12.03, 13.186, 12.083, 10.558, 11.417, 10.937, 9.281, 9.226, 9.728, 10.22, 10.894, 10.81, 11.054, 11.949, 11.949, 12.383, 11.065, 7.753, 6.861, 7.115, 7.313, 6.777, 6.231, 6.122, 5.994, 6.127, 6.493, 9.513, 11.222, 9.925, 9.7, 9.571, 8.304, 8.956, 10.219, 10.512, 11.016, 10.646, 10.147, 9.492, 8.774, 8.408, 7.661, 6.444, 6.111, 6.948, 6.415, 5.882, 5.11, 5.253, 5.904, 6.302, 6.076, 6.095, 6.041, 5.391, 5.617, 6.467, 6.791, 7.019], [7.766, 9.13, 10.284, 10.384, 9.601, 8.361, 8.129, 9.446, 11.688, 14.506, 16.281, 15.112, 13.663, 12.719, 11.608, 10.725, 10.043, 10.492, 10.43, 9.888, 8.158, 6.803, 6.466, 5.907, 5.6, 6.469, 6.699, 6.964, 7.794, 7.761, 7.906, 7.119, 5.266, 3.356, 2.194, 1.52, 0.0, 1.757, 1.381, 4.094, 4.329, 2.98, 2.624, 2.821, 3.966, 5.838, 6.621, 7.008, 6.857, 6.52, 6.472, 6.563, 7.49, 8.165, 7.919, 8.61, 10.778, 11.054, 8.539, 8.086, 9.839, 11.479, 10.455, 8.365, 8.026, 7.713, 6.654, 6.055, 5.572, 3.961, 2.892, 3.34, 4.615, 6.548, 8.83, 8.915, 8.233, 8.35, 9.546, 10.038, 9.349, 9.214, 9.692, 9.938, 9.589, 10.568, 12.249, 13.427, 12.639, 11.165, 11.809, 11.394, 9.872, 9.983, 10.564, 10.77, 11.401, 11.101, 11.437, 12.099, 12.234, 13.01, 12.011, 8.663, 7.699, 8.089, 8.236, 7.708, 7.003, 7.086, 6.985, 6.947, 7.433, 10.471, 12.165, 10.885, 10.641, 10.5, 9.234, 9.894, 11.171, 11.465, 11.965, 11.281, 11.029, 10.438, 9.708, 9.428, 8.681, 7.408, 6.988, 7.812, 7.439, 6.779, 5.936, 6.098, 6.828, 7.197, 6.771, 6.887, 6.899, 5.897, 6.552, 7.456, 7.626, 7.63], [8.814, 10.253, 11.611, 11.787, 11.07, 9.776, 9.515, 10.9, 13.175, 16.0, 17.778, 16.552, 15.109, 14.076, 13.02, 11.963, 11.036, 11.548, 11.517, 10.906, 9.217, 7.976, 7.613, 6.915, 6.778, 7.525, 7.624, 7.944, 8.798, 8.821, 8.954, 8.302, 6.335, 4.241, 2.583, 2.702, 1.757, 0.0, 2.118, 5.563, 5.677, 4.437, 3.984, 3.748, 3.487, 4.523, 5.282, 5.628, 5.455, 5.152, 5.124, 5.192, 6.124, 6.783, 6.535, 7.219, 9.366, 9.648, 7.17, 6.72, 8.461, 10.082, 9.065, 7.015, 6.656, 6.31, 5.225, 4.688, 4.235, 2.808, 2.93, 3.966, 5.233, 7.674, 10.108, 10.111, 9.488, 9.677, 10.967, 11.263, 10.6, 10.402, 10.889, 11.019, 11.033, 12.004, 13.738, 14.974, 14.085, 12.618, 13.272, 12.818, 11.204, 11.168, 11.771, 12.204, 12.846, 12.607, 12.833, 13.569, 13.686, 14.443, 13.305, 9.641, 8.46, 8.916, 9.245, 8.639, 7.874, 7.922, 7.857, 7.652, 8.371, 11.634, 13.359, 11.956, 11.585, 11.465, 10.217, 10.844, 12.218, 12.544, 13.245, 12.714, 12.219, 11.464, 10.689, 10.263, 9.526, 8.302, 7.761, 8.492, 8.199, 7.706, 6.645, 6.832, 7.91, 8.316, 7.918, 7.973, 7.641, 6.838, 7.581, 8.133, 7.897, 8.138], [7.295, 8.739, 10.13, 10.35, 9.641, 8.262, 7.926, 9.394, 11.588, 14.479, 16.37, 15.191, 13.633, 12.579, 11.522, 10.485, 9.496, 10.017, 9.988, 9.365, 7.701, 6.512, 6.132, 5.448, 5.348, 6.061, 6.103, 6.424, 7.308, 7.287, 7.422, 6.811, 4.843, 3.055, 1.909, 1.536, 1.381, 2.118, 0.0, 4.023, 4.31, 2.961, 2.606, 2.646, 4.022, 6.122, 6.987, 7.359, 7.191, 6.867, 6.812, 6.881, 7.802, 8.473, 8.216, 8.881, 11.062, 11.358, 8.864, 8.346, 10.094, 11.724, 10.689, 8.657, 8.334, 8.019, 6.906, 6.381, 5.882, 4.316, 2.903, 3.189, 3.994, 6.162, 8.637, 8.62