[[0.0, 1.491, 3.961, 2.311, 2.384, 3.163, 5.905, 5.887, 5.881, 5.192, 3.987, 3.534, 3.476, 2.359, 2.817, 4.922, 3.881, 3.053, 4.174, 6.823, 6.826, 4.566, 3.193, 5.819, 6.89, 7.406, 8.364, 8.904, 7.686, 9.521, 8.564, 6.536, 7.85, 7.835, 5.828, 5.55, 6.25, 6.062, 7.3, 8.271, 9.174, 8.725, 9.076, 11.592, 12.653, 11.914, 11.528, 10.42, 9.01, 10.471, 10.88, 9.503, 7.28], [1.491, 0.0, 3.251, 1.624, 2.503, 3.624, 6.331, 6.265, 6.186, 5.362, 4.177, 3.703, 3.454, 2.519, 2.423, 4.414, 3.381, 2.909, 4.035, 6.411, 6.378, 4.365, 3.119, 5.202, 6.679, 7.309, 7.936, 8.5, 7.171, 8.873, 8.0, 6.245, 7.281, 7.214, 5.25, 4.968, 5.845, 5.841, 7.032, 8.135, 8.914, 8.148, 8.492, 11.027, 12.079, 11.389, 10.979, 9.909, 8.668, 10.191, 10.615, 9.153, 6.985], [3.961, 3.251, 0.0, 3.048, 4.999, 6.262, 9.233, 9.295, 9.26, 8.304, 7.289, 6.445, 5.158, 4.337, 1.828, 1.962, 1.65, 1.785, 2.024, 3.816, 4.148, 3.017, 2.262, 2.556, 4.473, 5.536, 5.81, 6.205, 4.797, 5.841, 5.129, 3.933, 4.589, 4.307, 2.668, 2.38, 3.416, 4.361, 4.876, 5.963, 6.375, 5.379, 5.55, 8.034, 9.251, 8.588, 8.03, 7.192, 6.693, 7.856, 8.905, 8.266, 6.879], [2.311, 1.624, 3.048, 0.0, 2.41, 3.731, 6.81, 6.907, 6.842, 5.971, 4.894, 4.669, 4.335, 3.485, 2.199, 4.1, 2.981, 3.102, 3.786, 6.058, 6.035, 3.979, 2.724, 4.81, 6.464, 6.911, 7.466, 8.128, 6.845, 8.288, 7.632, 5.981, 6.988, 6.795, 4.753, 4.518, 5.569, 5.588, 6.642, 7.931, 8.597, 7.738, 7.876, 10.63, 11.715, 10.881, 10.518, 9.565, 8.365, 9.87, 10.242, 8.862, 6.328], [2.384, 2.503, 4.999, 2.41, 0.0, 1.817, 4.641, 4.78, 4.687, 4.051, 3.177, 3.337, 4.028, 3.304, 3.85, 6.156, 4.997, 4.425, 5.716, 8.076, 8.003, 5.618, 4.177, 6.823, 8.399, 8.653, 9.284, 10.097, 8.795, 10.398, 9.671, 7.84, 9.031, 8.823, 6.836, 6.595, 7.496, 7.46, 8.498, 9.769, 10.58, 9.739, 9.898, 12.654, 13.752, 12.93, 12.574, 11.62, 10.199, 11.802, 12.022, 10.641, 7.49], [3.163, 3.624, 6.262, 3.731, 1.817, 0.0, 3.181, 3.39, 3.486, 3.229, 2.945, 3.304, 4.566, 3.687, 5.123, 7.465, 6.323, 5.514, 6.875, 9.416, 9.245, 6.845, 5.416, 8.15, 9.578, 9.847, 10.587, 11.291, 10.039, 11.728, 11.001, 9.084, 10.308, 10.159, 8.183, 7.918, 8.676, 8.612, 9.655, 10.914, 11.712, 11.062, 11.272, 14.021, 15.07, 14.222, 13.876, 12.889, 11.403, 12.966, 13.186, 11.802, 8.404], [5.905, 6.331, 9.233, 6.81, 4.641, 3.181, 0.0, 1.145, 2.041, 3.506, 3.745, 4.309, 6.424, 5.808, 8.176, 10.487, 9.364, 8.499, 9.81, 12.467, 12.317, 9.8, 8.379, 11.247, 12.458, 12.487, 13.488, 14.211, 13.076, 14.829, 14.082, 12.1, 13.319, 13.265, 11.251, 10.979, 11.65, 11.358, 12.418, 13.609, 14.533, 14.156, 14.372, 17.116, 18.102, 17.284, 16.957, 15.897, 14.291, 15.678, 15.826, 14.061, 9.893], [5.887, 6.265, 9.295, 6.907, 4.78, 3.39, 1.145, 0.0, 1.255, 2.783, 3.09, 3.707, 5.896, 5.476, 8.247, 10.589, 9.482, 8.589, 9.911, 12.594, 12.432, 9.91, 8.494, 11.363, 12.57, 12.617, 13.607, 14.316, 13.187, 14.942, 14.199, 12.226, 13.443, 13.379, 11.364, 11.101, 11.777, 11.47, 12.61, 13.719, 14.643, 14.273, 14.606, 17.229, 18.229, 17.522, 17.119, 16.028, 14.405, 15.774, 15.953, 14.186, 10.154], [5.881, 6.186, 9.26, 6.842, 4.687, 3.486, 2.041, 1.255, 0.0, 1.994, 2.486, 3.296, 5.458, 5.367, 8.152, 10.484, 9.337, 8.467, 9.847, 12.473, 12.299, 9.866, 8.426, 11.221, 12.56, 12.586, 13.505, 14.246, 13.022, 14.837, 14.038, 12.095, 13.355, 13.231, 11.216, 10.956, 11.697, 11.508, 12.669, 13.742, 14.73, 14.123, 14.48, 17.058, 18.148, 17.436, 17.016, 15.975, 14.239, 15.796, 15.89, 14.351, 10.36], [5.192, 5.362, 8.304, 5.971, 4.051, 3.229, 3.506, 2.783, 1.994, 0.0, 1.66, 2.356, 4.432, 4.728, 7.308, 9.598, 8.388, 7.585, 9.158, 11.479, 11.474, 9.162, 7.697, 10.275, 11.889, 12.012, 12.847, 13.639, 12.184, 13.784, 13.086, 11.296, 12.578, 12.206, 10.211, 10.013, 10.958, 10.889, 12.062, 13.2, 14.183, 13.142, 13.559, 15.964, 17.285, 16.591, 16.103, 15.196, 13.559, 15.302, 15.36, 13.904, 10.604], [3.987, 4.177, 7.289, 4.894, 3.177, 2.945, 3.745, 3.09, 2.486, 1.66, 0.0, 1.443, 3.487, 3.483, 6.26, 8.448, 7.283, 6.502, 7.937, 10.409, 10.306, 8.022, 6.584, 9.251, 10.673, 11.002, 11.704, 12.527, 11.165, 12.845, 11.998, 10.162, 11.404, 11.231, 9.233, 8.945, 9.905, 9.86, 11.045, 12.146, 13.025, 12.149, 12.495, 14.972, 16.198, 15.483, 15.025, 14.008, 12.534, 14.244, 14.375, 12.873, 9.915], [3.534, 3.703, 6.445, 4.669, 3.337, 3.304, 4.309, 3.707, 3.296, 2.356, 1.443, 0.0, 2.383, 2.815, 5.561, 7.753, 6.744, 5.731, 7.266, 9.663, 9.571, 7.266, 5.77, 8.43, 10.079, 10.754, 11.317, 11.824, 10.397, 12.025, 11.24, 9.525, 10.641, 10.45, 8.465, 8.19, 9.101, 9.129, 10.376, 11.489, 12.245, 11.337, 11.703, 14.234, 15.37, 14.669, 14.236, 13.262, 11.96, 13.467, 14.034, 12.631, 10.277], [3.476, 3.454, 5.158, 4.335, 4.028, 4.566, 6.424, 5.896, 5.458, 4.432, 3.487, 2.383, 0.0, 1.882, 4.488, 6.419, 5.547, 4.508, 6.015, 7.984, 8.153, 6.168, 4.67, 7.033, 8.957, 9.873, 10.375, 10.863, 9.31, 10.527, 9.604, 8.396, 9.086, 8.975, 7.14, 6.697, 7.835, 8.092, 9.402, 10.444, 10.921, 9.849, 10.049, 12.498, 13.685, 13.027, 12.517, 11.587, 10.979, 12.373, 13.223, 12.022, 9.929], [2.359, 2.519, 4.337, 3.485, 3.304, 3.687, 5.808, 5.476, 5.367, 4.728, 3.483, 2.815, 1.882, 0.0, 3.269, 5.409, 4.414, 3.413, 4.733, 7.353, 7.259, 4.86, 3.363, 6.241, 7.424, 8.108, 8.776, 9.359, 8.127, 9.913, 9.025, 7.091, 8.267, 8.246, 6.276, 6.006, 6.711, 6.667, 7.808, 8.895, 9.682, 9.168, 9.516, 12.062, 13.057, 12.34, 11.939, 10.829, 9.521, 10.978, 11.528, 10.519, 8.521], [2.817, 2.423, 1.828, 2.199, 3.85, 5.123, 8.176, 8.247, 8.152, 7.308, 6.26, 5.561, 4.488, 3.269, 0.0, 2.508, 1.489, 1.265, 2.072, 4.382, 4.332, 2.914, 1.851, 3.188, 4.806, 5.523, 6.049, 6.614, 5.197, 6.819, 5.977, 4.313, 5.318, 5.19, 3.171, 2.902, 3.845, 4.129, 5.156, 6.29, 6.952, 6.05, 6.435, 9.009, 10.072, 9.373, 8.952, 7.948, 6.843, 8.256, 8.868, 8.119, 6.335], [4.922, 4.414, 1.962, 4.1, 6.156, 7.465, 10.487, 10.589, 10.484, 9.598, 8.448, 7.753, 6.419, 5.409, 2.508, 0.0, 1.634, 2.249, 1.636, 2.969, 3.238, 2.769, 2.342, 1.622, 2.784, 3.963, 4.331, 4.736, 3.313, 4.724, 3.756, 2.302, 3.107, 2.962, 1.288, 1.432, 1.944, 2.907, 3.382, 4.274, 4.813, 3.919, 4.265, 6.691, 7.802, 7.137, 6.668, 5.68, 5.161, 6.274, 7.277, 6.492, 5.369], [3.881, 3.381, 1.65, 2.981, 4.997, 6.323, 9.364, 9.482, 9.337, 8.388, 7.283, 6.744, 5.547, 4.414, 1.489, 1.634, 0.0, 1.522, 1.492, 3.264, 3.689, 2.686, 2.001, 2.354, 3.761, 4.577, 5.108, 5.737, 4.307, 5.853, 4.842, 3.248, 4.325, 4.085, 2.178, 2.022, 2.937, 3.611, 4.25, 5.309, 6.045, 5.044, 5.401, 7.816, 9.011, 8.295, 7.83, 6.887, 5.885, 7.344, 7.884, 7.063, 5.892], [3.053, 2.909, 1.785, 3.102, 4.425, 5.514, 8.499, 8.589, 8.467, 7.585, 6.502, 5.731, 4.508, 3.413, 1.265, 2.249, 1.522, 0.0, 1.707, 4.027, 4.077, 2.658, 1.701, 3.041, 4.582, 5.666, 6.107, 6.562, 5.116, 6.716, 5.712, 3.999, 5.133, 5.02, 3.079, 2.745, 3.562, 4.307, 5.131, 6.078, 6.717, 5.871, 6.263, 8.735, 9.837, 9.122, 8.718, 7.689, 6.886, 8.137, 9.055, 8.131, 6.69], [4.174, 4.035, 2.024, 3.786, 5.716, 6.875, 9.81, 9.911, 9.847, 9.158, 7.937, 7.266, 6.015, 4.733, 2.072, 1.636, 1.492, 1.707, 0.0, 2.792, 2.917, 1.855, 1.783, 2.236, 3.241, 4.623, 4.882, 5.257, 3.99, 5.473, 4.459, 2.889, 3.853, 3.928, 2.459, 2.056, 2.418, 3.802, 4.104, 4.914, 5.221, 4.86, 5.111, 7.487, 8.554, 7.829, 7.436, 6.359, 5.887, 6.771, 7.889, 7.24, 6.293], [6.823, 6.411, 3.816, 6.058, 8.076, 9.416, 12.467, 12.594, 12.473, 11.479, 10.409, 9.663, 7.984, 7.353, 4.382, 2.969, 3.264, 4.027, 2.792, 0.0, 1.389, 2.77, 4.159, 2.374, 2.959, 4.76, 4.284, 4.402, 3.846, 3.269, 2.258, 3.161, 2.924, 2.826, 3.035, 2.594, 2.467, 4.925, 4.772, 4.874, 4.65, 3.856, 4.048, 5.058, 5.996, 5.538, 5.507, 5.114, 6.074, 6.177, 7.438, 7.345, 7.653], [6.826, 6.378, 4.148, 6.035, 8.003, 9.245, 12.317, 12.432, 12.299, 11.474, 10.306, 9.571, 8.153, 7.259, 4.332, 3.238, 3.689, 4.077, 2.917, 1.389, 0.0, 2.591, 4.074, 2.579, 3.352, 5.197, 4.711, 4.847, 4.236, 3.986, 2.784, 3.537, 3.471, 3.591, 3.55, 3.15, 2.864, 5.246, 5.175, 5.368, 5.108, 4.471, 4.725, 5.558, 6.332, 6.042, 6.021, 5.65, 6.527, 6.624, 7.904, 7.93, 8.122], [4.566, 4.365, 3.017, 3.979, 5.618, 6.845, 9.8, 9.91, 9.866, 9.162, 8.022, 7.266, 6.168, 4.86, 2.914, 2.769, 2.686, 2.658, 1.855, 2.77, 2.591, 0.0, 1.799, 2.638, 3.781, 5.477, 5.357, 5.545, 4.683, 5.375, 4.36, 3.706, 4.236, 4.479, 3.43, 2.928, 3.005, 4.864, 4.948, 5.705, 5.791, 5.404, 5.562, 7.364, 8.361, 7.712, 7.373, 6.772, 6.661, 7.163, 8.493, 8.164, 7.596], [3.193, 3.119, 2.262, 2.724, 4.177, 5.416, 8.379, 8.494, 8.426, 7.697, 6.584, 5.77, 4.67, 3.363, 1.851, 2.342, 2.001, 1.701, 1.783, 4.159, 4.074, 1.799, 0.0, 3.054, 4.519, 5.443, 5.93, 6.326, 4.959, 6.701, 5.766, 4.027, 5.021, 5.027, 3.206, 2.998, 3.56, 4.391, 4.953, 5.948, 6.571, 5.947, 6.25, 8.786, 9.813, 9.09, 8.673, 7.604, 6.72, 7.92, 8.857, 8.12, 6.813], [5.819, 5.202, 2.556, 4.81, 6.823, 8.15, 11.247, 11.363, 11.221, 10.275, 9.251, 8.43, 7.033, 6.241, 3.188, 1.622, 2.354, 3.041, 2.236, 2.374, 2.579, 2.638, 3.054, 0.0, 2.923, 4.254, 4.413, 4.795, 3.344, 3.999, 2.913, 2.467, 2.991, 2.827, 1.501, 1.128, 1.727, 3.223, 3.676, 4.555, 4.641, 3.428, 3.721, 5.89, 7.05, 6.42, 5.872, 5.239, 5.329, 6.392, 7.546, 6.982, 6.094], [6.89, 6.679, 4.473, 6.464, 8.399, 9.578, 12.458, 12.57, 12.56, 11.889, 10.673, 10.079, 8.957, 7.424, 4.806, 2.784, 3.761, 4.582, 3.241, 2.959, 3.352, 3.781, 4.519, 2.923, 0.0, 2.111, 2.053, 2.299, 1.551, 2.761, 2.009, 1.499, 1.731, 1.776, 2.479, 3.098, 1.748, 2.408, 2.082, 2.344, 2.662, 2.569, 2.756, 4.779, 5.837, 5.128, 4.83, 3.873, 3.523, 3.892, 5.083, 4.637, 5.052], [7.406, 7.309, 5.536, 6.911, 8.653, 9.847, 12.487, 12.617, 12.586, 12.012, 11.002, 10.754, 9.873, 8.108, 5.523, 3.963, 4.577, 5.666, 4.623, 4.76, 5.197, 5.477, 5.443, 4.254, 2.111, 0.0, 1.404, 2.123, 1.67, 3.161, 3.393, 2.3, 2.761, 2.596, 3.488, 4.354, 2.971, 2.218, 1.68, 1.621, 2.333, 2.229, 2.849, 4.842, 5.832, 5.124, 4.729, 3.65, 2.477, 3.581, 3.762, 3.204, 3.963], [8.364, 7.936, 5.81, 7.466, 9.284, 10.587, 13.488, 13.607, 13.505, 12.847, 11.704, 11.317, 10.375, 8.776, 6.049, 4.331, 5.108, 6.107, 4.882, 4.284, 4.711, 5.357, 5.93, 4.413, 2.053, 1.404, 0.0, 1.048, 1.481, 2.352, 2.713, 2.383, 2.373, 2.156, 3.652, 4.476, 3.222, 2.879, 1.961, 1.751, 1.727, 1.938, 2.29, 3.714, 4.744, 4.043, 3.988, 3.076, 2.601, 2.845, 3.407, 3.792, 4.974], [8.904, 8.5, 6.205, 8.128, 10.097, 11.291, 14.211, 14.316, 14.246, 13.639, 12.527, 11.824, 10.863, 9.359, 6.614, 4.736, 5.737, 6.562, 5.257, 4.402, 4.847, 5.545, 6.326, 4.795, 2.299, 2.123, 1.048, 0.0, 1.762, 2.283, 2.789, 2.779, 2.331, 2.568, 4.08, 4.865, 3.556, 3.217, 2.123, 1.76, 1.553, 2.049, 2.332, 3.17, 4.196, 3.452, 3.587, 2.792, 2.463, 2.347, 3.313, 3.715, 5.467], [7.686, 7.171, 4.797, 6.845, 8.795, 10.039, 13.076, 13.187, 13.022, 12.184, 11.165, 10.397, 9.31, 8.127, 5.197, 3.313, 4.307, 5.116, 3.99, 3.846, 4.236, 4.683, 4.959, 3.344, 1.551, 1.67, 1.481, 1.762, 0.0, 2.332, 2.447, 1.618, 1.822, 1.599, 2.581, 3.405, 2.201, 2.194, 1.565, 1.567, 2.055, 1.516, 1.786, 4.08, 5.25, 4.564, 4.124, 3.187, 2.547, 3.41, 4.324, 3.974, 4.74], [9.521, 8.873, 5.841, 8.288, 10.398, 11.728, 14.829, 14.942, 14.837, 13.784, 12.845, 12.025, 10.527, 9.913, 6.819, 4.724, 5.853, 6.716, 5.473, 3.269, 3.986, 5.375, 6.701, 3.999, 2.761, 3.161, 2.352, 2.283, 2.332, 0.0, 1.958, 3.216, 2.411, 2.099, 3.886, 4.158, 3.531, 4.11, 3.465, 3.17, 2.614, 1.813, 1.96, 2.776, 4.032, 3.495, 3.373, 2.977, 3.786, 3.884, 5.288, 5.312, 6.76], [8.564, 8.0, 5.129, 7.632, 9.671, 11.001, 14.082, 14.199, 14.038, 13.086, 11.998, 11.24, 9.604, 9.025, 5.977, 3.756, 4.842, 5.712, 4.459, 2.258, 2.784, 4.36, 5.766, 2.913, 2.009, 3.393, 2.713, 2.789, 2.447, 1.958, 0.0, 2.505, 1.859, 1.765, 3.218, 3.282, 2.495, 3.799, 3.375, 3.416, 3.134, 2.301, 2.414, 3.175, 4.335, 3.792, 3.779, 3.458, 4.532, 4.646, 5.841, 5.962, 6.586], [6.536, 6.245, 3.933, 5.981, 7.84, 9.084, 12.1, 12.226, 12.095, 11.296, 10.162, 9.525, 8.396, 7.091, 4.313, 2.302, 3.248, 3.999, 2.889, 3.161, 3.537, 3.706, 4.027, 2.467, 1.499, 2.3, 2.383, 2.779, 1.618, 3.216, 2.505, 0.0, 1.576, 1.68, 1.946, 2.559, 1.603, 2.112, 1.915, 2.429, 3.055, 2.463, 2.748, 5.124, 6.238, 5.499, 5.088, 4.08, 3.48, 4.442, 5.317, 4.755, 4.695], [7.85, 7.281, 4.589, 6.988, 9.031, 10.308, 13.319, 13.443, 13.355, 12.578, 11.404, 10.641, 9.086, 8.267, 5.318, 3.107, 4.325, 5.133, 3.853, 2.924, 3.471, 4.236, 5.021, 2.991, 1.731, 2.761, 2.373, 2.331, 1.822, 2.411, 1.859, 1.576, 0.0, 1.398, 2.698, 3.084, 2.184, 2.827, 2.378, 2.469, 2.378, 2.304, 2.246, 3.924, 4.923, 4.207, 3.895, 2.961, 3.493, 3.773, 4.984, 4.893, 5.344], [7.835, 7.214, 4.307, 6.795, 8.823, 10.159, 13.265, 13.379, 13.231, 12.206, 11.231, 10.45, 8.975, 8.246, 5.19, 2.962, 4.085, 5.02, 3.928, 2.826, 3.591, 4.479, 5.027, 2.827, 1.776, 2.596, 2.156, 2.568, 1.599, 2.099, 1.765, 1.68, 1.398, 0.0, 2.272, 2.84, 2.185, 2.783, 2.523, 2.624, 2.557, 1.937, 2.12, 3.933, 5.283, 4.656, 4.231, 3.39, 3.721, 4.105, 5.151, 5.219, 5.598], [5.828, 5.25, 2.668, 4.753, 6.836, 8.183, 11.251, 11.364, 11.216, 10.211, 9.233, 8.465, 7.14, 6.276, 3.171, 1.288, 2.178, 3.079, 2.459, 3.035, 3.55, 3.43, 3.206, 1.501, 2.479, 3.488, 3.652, 4.08, 2.581, 3.886, 3.218, 1.946, 2.698, 2.272, 0.0, 1.272, 1.57, 2.443, 2.752, 3.694, 4.246, 3.136, 3.485, 5.982, 7.231, 6.569, 6.059, 5.158, 4.461, 5.648, 6.657, 5.968, 5.239], [5.55, 4.968, 2.38, 4.518, 6.595, 7.918, 10.979, 11.101, 10.956, 10.013, 8.945, 8.19, 6.697, 6.006, 2.902, 1.432, 2.022, 2.745, 2.056, 2.594, 3.15, 2.928, 2.998, 1.128, 3.098, 4.354, 4.476, 4.865, 3.405, 4.158, 3.282, 2.559, 3.084, 2.84, 1.272, 0.0, 1.654, 3.042, 3.624, 4.539, 4.676, 3.471, 3.749, 6.166, 7.392, 6.748, 6.224, 5.396, 5.33, 6.37, 7.542, 6.852, 5.628], [6.25, 5.845, 3.416, 5.569, 7.496, 8.676, 11.65, 11.777, 11.697, 10.958, 9.905, 9.101, 7.835, 6.711, 3.845, 1.944, 2.937, 3.562, 2.418, 2.467, 2.864, 3.005, 3.56, 1.727, 1.748, 2.971, 3.222, 3.556, 2.201, 3.531, 2.495, 1.603, 2.184, 2.185, 1.57, 1.654, 0.0, 2.533, 2.433, 3.138, 3.456, 2.747, 3.134, 5.487, 6.532, 5.852, 5.453, 4.568, 4.083, 5.052, 6.165, 5.471, 5.409], [6.062, 5.841, 4.361, 5.588, 7.46, 8.612, 11.358, 11.47, 11.508, 10.889, 9.86, 9.129, 8.092, 6.667, 4.129, 2.907, 3.611, 4.307, 3.802, 4.925, 5.246, 4.864, 4.391, 3.223, 2.408, 2.218, 2.879, 3.217, 2.194, 4.11, 3.799, 2.112, 2.827, 2.783, 2.443, 3.042, 2.533, 0.0, 1.459, 2.499, 3.337, 2.959, 3.369, 5.854, 6.859, 6.19, 5.798, 4.668, 3.291, 4.519, 5.279, 4.224, 3.059], [7.3, 7.032, 4.876, 6.642, 8.498, 9.655, 12.418, 12.61, 12.669, 12.062, 11.045, 10.376, 9.402, 7.808, 5.156, 3.382, 4.25, 5.131, 4.104, 4.772, 5.175, 4.948, 4.953, 3.676, 2.082, 1.68, 1.961, 2.123, 1.565, 3.465, 3.375, 1.915, 2.378, 2.523, 2.752, 3.624, 2.433, 1.459, 0.0, 1.464, 2.28, 2.155, 2.292, 4.832, 5.755, 4.953, 4.591, 3.545, 2.305, 3.549, 4.185, 3.469, 3.743], [8.271, 8.135, 5.963, 7.931, 9.769, 10.914, 13.609, 13.719, 13.742, 13.2, 12.146, 11.489, 10.444, 8.895, 6.29, 4.274, 5.309, 6.078, 4.914, 4.874, 5.368, 5.705, 5.948, 4.555, 2.344, 1.621, 1.751, 1.76, 1.567, 3.17, 3.416, 2.429, 2.469, 2.624, 3.694, 4.539, 3.138, 2.499, 1.464, 0.0, 1.331, 1.799, 2.112, 3.803, 4.755, 4.096, 3.697, 2.65, 1.871, 2.597, 3.3, 2.644, 4.326], [9.174, 8.914, 6.375, 8.597, 10.58, 11.712, 14.533, 14.643, 14.73, 14.183, 13.025, 12.245, 10.921, 9.682, 6.952, 4.813, 6.045, 6.717, 5.221, 4.65, 5.108, 5.791, 6.571, 4.641, 2.662, 2.333, 1.727, 1.553, 2.055, 2.614, 3.134, 3.055, 2.378, 2.557, 4.246, 4.676, 3.456, 3.337, 2.28, 1.331, 0.0, 1.666, 1.91, 2.913, 3.773, 3.179, 2.927, 2.111, 2.516, 2.171, 3.295, 3.394, 5.364], [8.725, 8.148, 5.379, 7.738, 9.739, 11.062, 14.156, 14.273, 14.123, 13.142, 12.149, 11.337, 9.849, 9.168, 6.05, 3.919, 5.044, 5.871, 4.86, 3.856, 4.471, 5.404, 5.947, 3.428, 2.569, 2.229, 1.938, 2.049, 1.516, 1.813, 2.301, 2.463, 2.304, 1.937, 3.136, 3.471, 2.747, 2.959, 2.155, 1.799, 1.666, 0.0, 1.004, 2.987, 4.243, 3.586, 3.114, 2.338, 2.71, 3.471, 4.471, 3.985, 5.429], [9.076, 8.492, 5.55, 7.876, 9.898, 11.272, 14.372, 14.606, 14.48, 13.559, 12.495, 11.703, 10.049, 9.516, 6.435, 4.265, 5.401, 6.263, 5.111, 4.048, 4.725, 5.562, 6.25, 3.721, 2.756, 2.849, 2.29, 2.332, 1.786, 1.96, 2.414, 2.748, 2.246, 2.12, 3.485, 3.749, 3.134, 3.369, 2.292, 2.112, 1.91, 1.004, 0.0, 2.888, 4.092, 3.484, 3.028, 2.254, 3.055, 3.732, 4.733, 4.408, 5.737], [11.592, 11.027, 8.034, 10.63, 12.654, 14.021, 17.116, 17.229, 17.058, 15.964, 14.972, 14.234, 12.498, 12.062, 9.009, 6.691, 7.816, 8.735, 7.487, 5.058, 5.558, 7.364, 8.786, 5.89, 4.779, 4.842, 3.714, 3.17, 4.08, 2.776, 3.175, 5.124, 3.924, 3.933, 5.982, 6.166, 5.487, 5.854, 4.832, 3.803, 2.913, 2.987, 2.888, 0.0, 2.004, 1.866, 1.937, 2.382, 3.767, 3.002, 3.94, 4.748, 7.964], [12.653, 12.079, 9.251, 11.715, 13.752, 15.07, 18.102, 18.229, 18.148, 17.285, 16.198, 15.37, 13.685, 13.057, 10.072, 7.802, 9.011, 9.837, 8.554, 5.996, 6.332, 8.361, 9.813, 7.05, 5.837, 5.832, 4.744, 4.196, 5.25, 4.032, 4.335, 6.238, 4.923, 5.283, 7.231, 7.392, 6.532, 6.859, 5.755, 4.755, 3.773, 4.243, 4.092, 2.004, 0.0, 1.389, 2.303, 2.906, 4.303, 3.267, 3.502, 5.33, 9.01], [11.914, 11.389, 8.588, 10.881, 12.93, 14.222, 17.284, 17.522, 17.436, 16.591, 15.483, 14.669, 13.027, 12.34, 9.373, 7.137, 8.295, 9.122, 7.829, 5.538, 6.042, 7.712, 9.09, 6.42, 5.128, 5.124, 4.043, 3.452, 4.564, 3.495, 3.792, 5.499, 4.207, 4.656, 6.569, 6.748, 5.852, 6.19, 4.953, 4.096, 3.179, 3.586, 3.484, 1.866, 1.389, 0.0, 1.507, 1.97, 3.37, 2.393, 2.971, 4.469, 8.288], [11.528, 10.979, 8.03, 10.518, 12.574, 13.876, 16.957, 17.119, 17.016, 16.103, 15.025, 14.236, 12.517, 11.939, 8.952, 6.668, 7.83, 8.718, 7.436, 5.507, 6.021, 7.373, 8.673, 5.872, 4.83, 4.729, 3.988, 3.587, 4.124, 3.373, 3.779, 5.088, 3.895, 4.231, 6.059, 6.224, 5.453, 5.798, 4.591, 3.697, 2.927, 3.114, 3.028, 1.937, 2.303, 1.507, 0.0, 1.432, 2.872, 2.117, 3.021, 3.763, 7.887], [10.42, 9.909, 7.192, 9.565, 11.62, 12.889, 15.897, 16.028, 15.975, 15.196, 14.008, 13.262, 11.587, 10.829, 7.948, 5.68, 6.887, 7.689, 6.359, 5.114, 5.65, 6.772, 7.604, 5.239, 3.873, 3.65, 3.076, 2.792, 3.187, 2.977, 3.458, 4.08, 2.961, 3.39, 5.158, 5.396, 4.568, 4.668, 3.545, 2.65, 2.111, 2.338, 2.254, 2.382, 2.906, 1.97, 1.432, 0.0, 2.149, 2.209, 3.211, 3.264, 6.761], [9.01, 8.668, 6.693, 8.365, 10.199, 11.403, 14.291, 14.405, 14.239, 13.559, 12.534, 11.96, 10.979, 9.521, 6.843, 5.161, 5.885, 6.886, 5.887, 6.074, 6.527, 6.661, 6.72, 5.329, 3.523, 2.477, 2.601, 2.463, 2.547, 3.786, 4.532, 3.48, 3.493, 3.721, 4.461, 5.33, 4.083, 3.291, 2.305, 1.871, 2.516, 2.71, 3.055, 3.767, 4.303, 3.37, 2.872, 2.149, 0.0, 1.905, 2.374, 2.031, 5.297], [10.471, 10.191, 7.856, 9.87, 11.802, 12.966, 15.678, 15.774, 15.796, 15.302, 14.244, 13.467, 12.373, 10.978, 8.256, 6.274, 7.344, 8.137, 6.771, 6.177, 6.624, 7.163, 7.92, 6.392, 3.892, 3.581, 2.845, 2.347, 3.41, 3.884, 4.646, 4.442, 3.773, 4.105, 5.648, 6.37, 5.052, 4.519, 3.549, 2.597, 2.171, 3.471, 3.732, 3.002, 3.267, 2.393, 2.117, 2.209, 1.905, 0.0, 1.697, 2.607, 6.63], [10.88, 10.615, 8.905, 10.242, 12.022, 13.186, 15.826, 15.953, 15.89, 15.36, 14.375, 14.034, 13.223, 11.528, 8.868, 7.277, 7.884, 9.055, 7.889, 7.438, 7.904, 8.493, 8.857, 7.546, 5.083, 3.762, 3.407, 3.313, 4.324, 5.288, 5.841, 5.317, 4.984, 5.151, 6.657, 7.542, 6.165, 5.279, 4.185, 3.3, 3.295, 4.471, 4.733, 3.94, 3.502, 2.971, 3.021, 3.211, 2.374, 1.697, 0.0, 2.575, 6.675], [9.503, 9.153, 8.266, 8.862, 10.641, 11.802, 14.061, 14.186, 14.351, 13.904, 12.873, 12.631, 12.022, 10.519, 8.119, 6.492, 7.063, 8.131, 7.24, 7.345, 7.93, 8.164, 8.12, 6.982, 4.637, 3.204, 3.792, 3.715, 3.974, 5.312, 5.962, 4.755, 4.893, 5.219, 5.968, 6.852, 5.471, 4.224, 3.469, 2.644, 3.394, 3.985, 4.408, 4.748, 5.33, 4.469, 3.763, 3.264, 2.031, 2.607, 2.575, 0.0, 4.638], [7.28, 6.985, 6.879, 6.328, 7.49, 8.404, 9.893, 10.154, 10.36, 10.604, 9.915, 10.277, 9.929, 8.521, 6.335, 5.369, 5.892, 6.69, 6.293, 7.653, 8.122, 7.596, 6.813, 6.094, 5.052, 3.963, 4.974, 5.467, 4.74, 6.76, 6.586, 4.695, 5.344, 5.598, 5.239, 5.628, 5.409, 3.059, 3.743, 4.326, 5.364, 5.429, 5.737, 7.964, 9.01, 8.288, 7.887, 6.761, 5.297, 6.63, 6.675, 4.638, 0.0]]