[[0.0, 2.572, 1.999, 3.224, 2.687, 4.297, 9.605, 7.429, 6.358, 7.181, 8.815, 10.347, 11.047, 11.114, 11.548, 13.243, 15.219, 16.212, 17.369, 16.831, 14.068, 12.616, 10.941, 8.65, 8.144, 8.109, 8.751, 10.022, 11.003, 11.98, 12.689, 11.778, 10.914, 11.227, 11.361, 10.482, 9.71, 9.128, 8.342, 10.05, 6.66, 3.649, 6.634, 6.474, 6.529, 8.279, 9.608, 9.679, 10.347, 12.015, 12.176, 11.996, 12.069, 11.848, 11.738, 12.239, 11.75, 11.192, 10.186, 10.33, 9.931, 9.076, 6.291, 4.059, 3.117, 2.768, 2.411, 3.449, 6.239, 7.001, 8.022, 9.262, 10.379, 10.987, 11.004, 11.383, 12.049, 12.353, 12.603, 13.93, 19.207, 25.368, 24.535, 24.922, 24.74, 21.823, 21.452, 20.924, 22.548, 25.963, 25.425, 23.918, 23.98, 24.119, 22.488, 22.203, 22.952, 24.137, 26.201, 25.531, 23.93, 24.276, 25.144, 25.307, 25.692, 26.333, 25.825, 23.963, 21.284, 20.676, 22.234, 25.514, 28.124, 26.437, 25.148, 24.11, 21.759, 20.386, 21.738, 22.944, 23.761, 21.786, 18.332, 16.325, 16.431, 17.962, 17.942, 16.464, 17.466, 17.655, 18.556, 20.827, 20.916, 20.466, 20.922, 20.854, 20.706, 20.755, 20.709, 20.198, 19.441, 19.518, 18.55, 17.335, 18.16, 18.693, 18.621, 22.528, 30.548, 30.944, 29.801, 30.737, 31.222, 31.141, 35.492, 30.402, 19.547, 17.637, 16.994, 10.855, 8.359, 7.719, 5.565, 5.435, 6.357, 6.541, 7.373, 8.726, 9.574, 9.561, 9.562, 9.488, 9.415, 9.402, 9.787, 11.021, 11.565, 11.489, 11.55, 11.95, 11.121, 12.779, 14.864, 11.993, 12.711, 18.047, 15.763, 14.597, 14.547, 14.443, 14.113, 13.155, 12.724, 12.801, 13.242, 13.875, 14.267, 14.088, 13.406, 13.186, 14.472, 16.716, 18.133, 17.168, 16.784, 17.675], [2.572, 0.0, 1.273, 1.251, 1.461, 6.19, 11.465, 9.092, 7.96, 9.007, 10.764, 12.161, 12.88, 12.928, 13.398, 15.094, 17.157, 18.137, 19.212, 18.828, 15.968, 14.426, 12.813, 10.739, 10.208, 10.121, 10.635, 11.866, 13.01, 13.985, 14.629, 13.748, 12.934, 13.111, 13.245, 12.336, 11.534, 10.986, 10.143, 11.861, 8.299, 1.631, 4.447, 4.313, 4.588, 6.494, 7.686, 7.745, 8.588, 9.888, 10.123, 10.108, 10.286, 9.949, 9.936, 10.427, 9.969, 9.454, 8.222, 8.341, 7.818, 6.949, 4.478, 2.592, 2.285, 2.165, 2.891, 5.433, 8.306, 9.092, 10.095, 11.223, 12.512, 13.131, 13.113, 13.484, 14.082, 14.396, 14.611, 15.962, 21.225, 27.338, 26.453, 26.827, 26.587, 23.629, 23.327, 22.816, 24.413, 27.765, 27.304, 25.888, 25.802, 25.965, 24.288, 24.036, 24.752, 26.005, 28.09, 27.326, 25.749, 26.088, 27.036, 27.24, 27.586, 28.185, 27.762, 25.797, 23.144, 22.513, 24.044, 27.365, 30.058, 28.287, 27.095, 25.946, 23.61, 22.326, 23.649, 24.841, 25.756, 23.793, 20.336, 18.327, 18.394, 19.88, 19.759, 18.22, 19.266, 19.44, 20.398, 22.813, 22.879, 22.418, 22.815, 22.777, 22.56, 22.612, 22.545, 22.027, 21.296, 21.389, 20.415, 19.234, 19.98, 20.593, 20.629, 24.415, 32.478, 32.87, 31.781, 32.66, 33.029, 33.08, 37.264, 32.27, 21.5, 19.548, 18.883, 12.798, 10.395, 9.803, 7.615, 7.282, 8.127, 8.265, 9.235, 10.597, 11.416, 11.413, 11.412, 11.349, 11.291, 11.255, 11.687, 12.865, 13.435, 13.313, 13.461, 13.767, 12.964, 14.603, 16.684, 13.89, 14.561, 19.855, 17.728, 16.377, 16.38, 16.298, 16.027, 14.954, 14.552, 14.701, 15.126, 15.667, 16.014, 15.854, 15.197, 15.023, 16.356, 18.624, 19.975, 18.887, 18.625, 19.517], [1.999, 1.273, 0.0, 2.085, 1.92, 5.424, 10.606, 8.169, 7.081, 8.127, 9.787, 11.172, 11.925, 11.973, 12.429, 14.186, 16.137, 17.147, 18.244, 17.842, 14.955, 13.438, 11.849, 9.748, 9.265, 9.156, 9.677, 10.921, 11.993, 12.99, 13.621, 12.749, 11.942, 12.072, 12.269, 11.331, 10.597, 10.095, 9.251, 10.873, 7.352, 2.681, 5.542, 5.325, 5.683, 7.557, 8.682, 8.8, 9.534, 10.725, 10.98, 11.105, 11.323, 10.989, 11.015, 11.501, 11.015, 10.492, 9.409, 9.375, 8.846, 7.912, 5.042, 2.95, 2.117, 1.83, 2.421, 4.617, 7.375, 8.288, 9.296, 10.364, 11.624, 12.201, 12.177, 12.519, 13.134, 13.459, 13.688, 14.938, 20.25, 26.426, 25.541, 25.914, 25.671, 22.737, 22.378, 21.878, 23.475, 26.879, 26.354, 24.934, 24.88, 25.025, 23.388, 23.106, 23.856, 25.082, 27.196, 26.443, 24.835, 25.177, 26.081, 26.304, 26.644, 27.251, 26.821, 24.883, 22.18, 21.583, 23.139, 26.461, 29.159, 27.397, 26.216, 25.018, 22.684, 21.416, 22.729, 23.928, 24.829, 22.832, 19.304, 17.328, 17.335, 18.853, 18.801, 17.265, 18.331, 18.472, 19.451, 21.845, 21.901, 21.418, 21.828, 21.771, 21.597, 21.657, 21.605, 21.079, 20.328, 20.412, 19.446, 18.277, 19.055, 19.611, 19.643, 23.434, 31.527, 31.94, 30.859, 31.745, 32.129, 32.166, 36.412, 31.352, 20.575, 18.596, 17.909, 11.794, 9.352, 8.811, 6.762, 6.434, 7.205, 7.295, 8.265, 9.612, 10.471, 10.444, 10.446, 10.368, 10.316, 10.318, 10.714, 11.903, 12.463, 12.374, 12.48, 12.863, 12.022, 13.661, 15.768, 13.013, 13.687, 18.963, 16.803, 15.489, 15.456, 15.295, 15.034, 13.924, 13.573, 13.67, 14.109, 14.691, 15.06, 14.896, 14.248, 14.054, 15.359, 17.634, 19.019, 17.948, 17.654, 18.515], [3.224, 1.251, 2.085, 0.0, 1.273, 7.116, 12.419, 10.037, 8.903, 9.869, 11.664, 13.103, 13.842, 13.89, 14.353, 16.031, 18.051, 19.049, 20.11, 19.728, 16.9, 15.347, 13.706, 11.655, 11.137, 11.034, 11.54, 12.79, 13.906, 14.89, 15.54, 14.653, 13.835, 14.012, 14.17, 13.276, 12.47, 11.973, 11.115, 12.833, 9.254, 1.833, 4.022, 3.957, 4.289, 6.045, 7.189, 7.267, 8.469, 9.889, 10.247, 10.117, 9.867, 9.711, 9.512, 10.086, 9.687, 9.103, 8.011, 7.894, 7.594, 6.8, 4.903, 3.233, 3.092, 2.966, 3.687, 6.318, 9.113, 9.963, 11.0, 12.088, 13.392, 13.965, 13.998, 14.403, 14.991, 15.325, 15.558, 16.886, 22.125, 28.234, 27.348, 27.715, 27.477, 24.563, 24.209, 23.706, 25.292, 28.705, 28.192, 26.772, 26.715, 26.862, 25.221, 24.927, 25.69, 26.899, 28.986, 28.261, 26.686, 27.025, 27.919, 28.145, 28.467, 29.083, 28.653, 26.71, 24.063, 23.422, 24.964, 28.244, 30.936, 29.169, 27.997, 26.839, 24.493, 23.23, 24.543, 25.728, 26.637, 24.697, 21.235, 19.246, 19.296, 20.779, 20.707, 19.163, 20.202, 20.386, 21.327, 23.707, 23.776, 23.311, 23.713, 23.682, 23.499, 23.55, 23.493, 22.978, 22.249, 22.305, 21.324, 20.134, 20.909, 21.495, 21.524, 25.308, 33.372, 33.761, 32.676, 33.555, 33.917, 33.972, 38.181, 33.149, 22.396, 20.45, 19.776, 13.707, 11.295, 10.722, 8.454, 8.17, 9.066, 9.143, 10.212, 11.562, 12.369, 12.371, 12.375, 12.298, 12.234, 12.209, 12.595, 13.792, 14.361, 14.263, 14.361, 14.717, 13.931, 15.547, 17.634, 14.808, 15.509, 20.758, 18.613, 17.309, 17.319, 17.191, 16.909, 15.869, 15.5, 15.603, 16.039, 16.601, 16.97, 16.822, 16.164, 15.985, 17.276, 19.512, 20.884, 19.83, 19.58, 20.447], [2.687, 1.461, 1.92, 1.273, 0.0, 6.51, 11.822, 9.485, 8.435, 9.166, 11.052, 12.545, 13.232, 13.293, 13.761, 15.443, 17.407, 18.432, 19.516, 19.11, 16.207, 14.756, 13.026, 10.954, 10.485, 10.463, 10.99, 12.152, 13.288, 14.235, 14.878, 13.999, 13.154, 13.366, 13.579, 12.579, 11.858, 11.36, 10.524, 12.261, 8.757, 1.992, 4.401, 4.395, 4.612, 6.318, 7.528, 7.548, 8.755, 10.35, 10.734, 10.446, 10.121, 10.034, 9.737, 10.396, 9.978, 9.361, 8.37, 8.273, 8.097, 7.227, 5.026, 3.025, 2.706, 2.54, 3.203, 5.643, 8.415, 9.26, 10.26, 11.362, 12.699, 13.296, 13.318, 13.717, 14.32, 14.643, 14.876, 16.204, 21.528, 27.699, 26.814, 27.197, 26.952, 24.053, 23.682, 23.167, 24.794, 28.19, 27.685, 26.259, 26.15, 26.29, 24.667, 24.38, 25.139, 26.351, 28.479, 27.789, 26.167, 26.474, 27.399, 27.579, 27.926, 28.518, 28.104, 26.162, 23.504, 22.915, 24.428, 27.746, 30.448, 28.687, 27.497, 26.297, 23.99, 22.681, 24.009, 25.205, 26.118, 24.1, 20.579, 18.56, 18.62, 20.099, 20.119, 18.639, 19.643, 19.839, 20.78, 23.189, 23.252, 22.676, 23.071, 23.094, 22.912, 22.985, 22.925, 22.378, 21.613, 21.675, 20.709, 19.525, 20.316, 20.86, 20.905, 24.688, 32.793, 33.214, 32.123, 33.023, 33.423, 33.45, 37.728, 32.645, 21.855, 19.868, 19.152, 13.039, 10.604, 10.045, 7.839, 7.611, 8.53, 8.506, 9.6, 10.974, 11.777, 11.773, 11.738, 11.633, 11.569, 11.541, 11.932, 13.202, 13.811, 13.721, 13.828, 14.163, 13.37, 14.988, 17.063, 14.149, 14.9, 20.254, 18.082, 16.873, 16.782, 16.565, 16.266, 15.296, 14.864, 14.94, 15.36, 16.043, 16.466, 16.29, 15.607, 15.418, 16.705, 18.949, 20.282, 19.291, 18.995, 19.769], [4.297, 6.19, 5.424, 7.116, 6.51, 0.0, 5.452, 3.517, 2.577, 3.687, 5.229, 6.591, 7.167, 7.347, 7.823, 9.57, 11.489, 12.495, 13.687, 13.116, 10.204, 9.025, 7.252, 5.219, 4.88, 4.696, 5.105, 6.107, 7.296, 8.267, 8.763, 7.916, 7.21, 7.474, 7.509, 6.698, 5.822, 5.205, 4.407, 5.992, 3.164, 6.651, 9.977, 9.809, 9.741, 11.468, 12.945, 13.093, 13.261, 14.644, 14.883, 15.023, 15.194, 14.776, 14.933, 15.355, 14.634, 14.004, 13.675, 13.849, 13.277, 12.09, 8.859, 5.947, 4.724, 4.593, 3.78, 1.574, 2.676, 3.329, 4.46, 5.774, 6.904, 7.512, 7.589, 7.954, 8.553, 8.845, 9.052, 10.333, 15.471, 21.845, 20.799, 21.196, 20.839, 17.895, 17.513, 17.069, 18.709, 22.168, 21.499, 20.137, 20.137, 20.149, 18.517, 18.268, 18.966, 20.304, 22.47, 21.513, 19.811, 20.255, 21.234, 21.481, 21.841, 22.432, 22.089, 20.029, 17.272, 16.676, 18.232, 21.744, 24.523, 22.893, 21.617, 20.211, 17.898, 16.864, 17.977, 19.206, 20.196, 18.197, 14.505, 12.529, 12.709, 14.006, 13.795, 12.337, 13.306, 13.585, 14.679, 17.191, 17.153, 16.643, 16.917, 16.874, 16.656, 16.694, 16.6, 16.058, 15.388, 15.463, 14.577, 13.463, 14.231, 14.797, 14.873, 18.619, 26.688, 27.216, 26.087, 26.952, 27.397, 27.583, 31.559, 26.551, 15.928, 13.819, 13.022, 7.081, 4.883, 4.101, 2.238, 1.825, 2.474, 2.887, 3.458, 4.628, 5.384, 5.452, 5.534, 5.496, 5.445, 5.442, 5.841, 7.055, 7.611, 7.617, 7.713, 8.056, 7.154, 8.853, 10.795, 8.122, 8.539, 14.164, 12.211, 10.628, 10.476, 10.642, 10.65, 9.531, 8.837, 9.094, 9.447, 10.021, 10.33, 10.035, 9.316, 9.116, 10.678, 12.727, 14.084, 13.445, 12.655, 13.743], [9.605, 11.465, 10.606, 12.419, 11.822, 5.452, 0.0, 2.99, 3.753, 2.797, 2.278, 2.444, 2.763, 2.833, 3.001, 4.467, 6.317, 7.323, 8.568, 8.021, 5.058, 3.945, 2.5, 2.732, 3.156, 3.134, 2.992, 2.515, 2.898, 3.739, 4.152, 3.514, 3.391, 3.043, 3.096, 2.999, 2.925, 1.883, 2.152, 1.787, 3.861, 11.931, 15.234, 14.988, 14.956, 16.672, 18.195, 18.297, 18.274, 19.404, 19.74, 19.979, 20.272, 19.874, 20.088, 20.461, 19.602, 18.963, 18.824, 19.076, 18.475, 17.322, 13.915, 11.033, 9.924, 9.795, 8.952, 6.352, 4.11, 3.156, 2.798, 2.267, 2.312, 2.477, 2.605, 2.924, 3.359, 3.655, 3.857, 5.125, 10.273, 16.733, 15.66, 16.044, 15.672, 12.709, 12.324, 11.878, 13.547, 16.979, 16.299, 14.969, 14.934, 14.985, 13.322, 13.071, 13.782, 15.147, 17.301, 16.319, 14.61, 15.053, 16.038, 16.3, 16.667, 17.285, 16.916, 14.867, 12.088, 11.486, 13.063, 16.635, 19.472, 17.935, 16.613, 15.139, 12.805, 11.738, 12.806, 14.061, 15.036, 13.018, 9.309, 7.324, 7.488, 8.732, 8.54, 7.079, 8.02, 8.334, 9.465, 11.996, 11.955, 11.451, 11.695, 11.657, 11.462, 11.469, 11.363, 10.827, 10.15, 10.252, 9.401, 8.273, 9.013, 9.612, 9.7, 13.398, 21.499, 22.028, 20.904, 21.775, 22.226, 22.406, 26.413, 21.394, 10.86, 8.688, 7.808, 3.821, 3.753, 3.145, 4.156, 4.337, 3.642, 3.657, 3.013, 3.098, 2.94, 2.595, 2.472, 2.368, 2.212, 2.298, 2.351, 2.57, 3.076, 3.002, 3.191, 4.027, 2.987, 3.687, 5.649, 3.029, 3.329, 9.098, 7.494, 6.193, 5.715, 5.828, 6.028, 4.96, 4.295, 4.241, 4.556, 5.051, 5.417, 5.142, 4.541, 4.477, 5.967, 7.692, 8.879, 8.336, 7.427, 8.486], [7.429, 9.092, 8.169, 10.037, 9.485, 3.517, 2.99, 0.0, 1.599, 1.666, 2.451, 3.69, 4.334, 4.372, 4.874, 6.55, 8.51, 9.564, 10.722, 10.239, 7.495, 6.114, 4.641, 2.836, 2.3, 2.242, 2.362, 3.195, 4.357, 5.426, 5.947, 5.083, 4.286, 4.554, 4.609, 3.8, 2.93, 2.45, 1.691, 3.025, 1.344, 9.58, 12.812, 12.577, 12.645, 14.599, 15.928, 16.004, 16.362, 17.131, 17.559, 17.836, 18.131, 18.002, 18.02, 18.438, 17.735, 17.1, 16.541, 16.654, 16.016, 14.93, 11.706, 8.637, 7.584, 7.506, 6.693, 4.484, 2.739, 2.58, 2.843, 3.735, 4.706, 5.201, 5.24, 5.331, 5.706, 5.973, 6.156, 7.478, 12.602, 19.024, 17.97, 18.345, 17.995, 15.02, 14.644, 14.22, 15.865, 19.304, 18.645, 17.228, 17.262, 17.288, 15.608, 15.38, 16.099, 17.46, 19.627, 18.65, 16.948, 17.379, 18.383, 18.632, 18.992, 19.6, 19.214, 17.186, 14.425, 13.808, 15.372, 18.917, 21.692, 20.061, 18.791, 17.348, 15.026, 13.958, 15.106, 16.335, 17.342, 15.276, 11.754, 9.773, 9.897, 11.077, 10.804, 9.272, 10.249, 10.411, 11.711, 14.238, 14.225, 13.736, 14.032, 14.026, 13.762, 13.79, 13.72, 13.16, 12.523, 12.612, 11.722, 10.579, 11.355, 11.912, 11.992, 15.726, 23.817, 24.333, 23.225, 24.093, 24.536, 24.721, 28.727, 23.702, 13.101, 10.984, 10.116, 4.284, 2.853, 1.997, 2.401, 2.312, 1.483, 1.341, 1.776, 2.399, 2.725, 2.684, 2.739, 2.72, 2.712, 2.7, 2.954, 4.128, 4.717, 4.68, 4.777, 5.172, 4.337, 5.869, 7.919, 5.403, 5.742, 11.349, 9.362, 7.686, 7.453, 7.597, 7.423, 6.46, 5.885, 6.197, 6.406, 7.003, 7.303, 6.986, 6.223, 6.127, 7.749, 9.839, 11.171, 10.222, 9.665, 10.797], [6.358, 7.96, 7.081, 8.903, 8.435, 2.577, 3.753, 1.599, 0.0, 1.84, 3.205, 4.544, 5.157, 5.292, 5.849, 7.629, 9.541, 10.559, 11.662, 11.209, 8.395, 6.884, 5.355, 3.549, 3.03, 2.898, 3.165, 4.174, 5.359, 6.34, 6.898, 6.006, 5.261, 5.439, 5.567, 4.707, 3.876, 3.274, 2.436, 4.076, 1.824, 8.659, 11.872, 11.69, 11.828, 13.8, 15.174, 15.159, 15.307, 16.188, 16.532, 16.84, 17.123, 16.931, 17.023, 17.518, 16.725, 16.141, 15.545, 15.718, 15.02, 13.948, 10.678, 7.808, 6.721, 6.516, 5.891, 3.336, 1.806, 2.132, 2.718, 3.916, 5.078, 5.68, 5.702, 6.018, 6.512, 6.804, 7.02, 8.359, 13.594, 20.029, 18.974, 19.346, 19.078, 16.047, 15.684, 15.235, 16.878, 20.327, 19.672, 18.226, 18.243, 18.333, 16.613, 16.405, 17.166, 18.471, 20.674, 19.706, 18.082, 18.426, 19.394, 19.664, 20.029, 20.642, 20.213, 18.241, 15.465, 14.863, 16.486, 19.985, 22.69, 21.07, 19.799, 18.424, 16.065, 14.919, 16.106, 17.333, 18.349, 16.252, 12.657, 10.673, 10.794, 12.062, 11.882, 10.361, 11.47, 11.557, 12.74, 15.205, 15.181, 14.634, 15.011, 14.978, 14.764, 14.835, 14.771, 14.204, 13.489, 13.618, 12.757, 11.562, 12.357, 12.926, 12.971, 16.703, 24.82, 25.307, 24.223, 25.122, 25.552, 25.716, 29.847, 24.754, 14.098, 11.998, 11.172, 5.036, 3.256, 2.52, 1.953, 1.471, 1.337, 1.272, 1.98, 2.994, 3.656, 3.646, 3.657, 3.612, 3.538, 3.528, 3.99, 5.168, 5.805, 5.655, 5.772, 6.14, 5.23, 6.84, 8.988, 6.263, 6.795, 12.448, 10.36, 8.828, 8.677, 8.534, 8.455, 7.318, 6.98, 7.096, 7.326, 7.867, 8.181, 8.041, 7.341, 7.237, 8.624, 10.9, 12.249, 11.216, 10.776, 11.719], [7.181, 9.007, 8.127, 9.869, 9.166, 3.687, 2.797, 1.666, 1.84, 0.0, 2.243, 3.637, 4.387, 4.424, 4.895, 6.607, 8.569, 9.611, 10.698, 10.263, 7.347, 5.875, 4.075, 2.582, 2.488, 2.337, 2.465, 3.246, 4.401, 5.394, 5.978, 5.103, 4.229, 4.39, 4.582, 3.696, 2.974, 2.403, 1.528, 3.185, 2.334, 9.673, 12.924, 12.823, 12.866, 14.778, 16.178, 16.092, 16.148, 17.412, 17.646, 17.68, 17.938, 17.783, 17.867, 18.391, 17.595, 17.042, 16.361, 16.598, 16.063, 14.902, 11.665, 9.042, 7.798, 7.602, 6.905, 4.181, 2.228, 2.015, 2.072, 2.777, 3.874, 4.513, 4.554, 4.878, 5.435, 5.804, 6.04, 7.365, 12.63, 19.083, 18.051, 18.412, 18.17, 15.15, 14.799, 14.326, 15.99, 19.383, 18.797, 17.347, 17.263, 17.413, 15.685, 15.489, 16.246, 17.546, 19.772, 18.85, 17.222, 17.538, 18.518, 18.756, 19.133, 19.731, 19.267, 17.329, 14.601, 13.996, 15.567, 19.088, 21.731, 20.101, 18.86, 17.52, 15.172, 13.978, 15.182, 16.413, 17.392, 15.265, 11.654, 9.675, 9.644, 11.112, 11.022, 9.547, 10.572, 10.759, 11.808, 14.295, 14.281, 13.714, 14.069, 14.092, 13.86, 13.953, 13.878, 13.321, 12.575, 12.688, 11.838, 10.631, 11.373, 11.947, 12.014, 15.786, 23.909, 24.369, 23.263, 24.221, 24.641, 24.765, 28.962, 23.857, 13.144, 11.099, 10.245, 4.28, 2.889, 2.028, 2.085, 2.312, 2.106, 1.802, 1.956, 2.561, 2.985, 2.824, 2.749, 2.627, 2.579, 2.535, 2.962, 4.271, 4.942, 4.829, 4.954, 5.245, 4.411, 5.933, 8.112, 5.299, 5.932, 11.54, 9.427, 8.082, 7.834, 7.636, 7.434, 6.477, 6.044, 5.979, 6.344, 6.983, 7.398, 7.239, 6.586, 6.521, 7.852, 10.041, 11.325, 10.323, 9.921, 10.713], [8.815, 10.764, 9.787, 11.664, 11.052, 5.229, 2.278, 2.451, 3.205, 2.243, 0.0, 1.678, 2.432, 2.502, 2.959, 4.751, 6.596, 7.627, 8.806, 8.293, 5.459, 4.085, 2.635, 1.373, 1.501, 1.44, 1.535, 1.893, 2.464, 3.463, 4.08, 3.213, 2.522, 2.535, 2.841, 2.122, 1.897, 1.5, 1.799, 1.832, 3.154, 11.45, 14.663, 14.517, 14.536, 16.403, 17.771, 17.655, 17.583, 18.677, 18.942, 19.094, 19.429, 19.292, 19.442, 19.897, 19.067, 18.495, 18.052, 18.167, 17.63, 16.58, 13.133, 10.148, 9.4, 9.254, 8.6, 5.955, 3.855, 3.252, 2.972, 3.055, 3.657, 4.051, 4.088, 4.013, 4.158, 4.489, 4.567, 5.544, 10.662, 17.094, 16.09, 16.458, 16.229, 13.265, 12.841, 12.366, 14.023, 17.474, 16.813, 15.35, 15.393, 15.512, 13.848, 13.6, 14.389, 15.594, 17.793, 16.937, 15.322, 15.668, 16.52, 16.797, 17.16, 17.785, 17.309, 15.423, 12.642, 12.044, 13.681, 17.109, 19.764, 18.115, 16.888, 15.585, 13.22, 12.015, 13.218, 14.451, 15.395, 13.361, 9.739, 7.724, 7.763, 9.209, 9.191, 7.707, 8.735, 8.916, 9.934, 12.283, 12.268, 11.818, 12.228, 12.131, 11.998, 12.055, 11.996, 11.481, 10.738, 10.821, 9.923, 8.67, 9.497, 10.029, 10.06, 13.854, 21.954, 22.413, 21.313, 22.253, 22.741, 22.801, 27.07, 21.885, 11.149, 9.109, 8.301, 2.969, 2.15, 2.124, 3.53, 3.905, 3.277, 3.148, 2.26, 2.118, 2.392, 2.128, 1.973, 1.78, 1.624, 1.751, 1.996, 2.625, 3.035, 2.929, 2.981, 3.594, 2.974, 4.087, 6.244, 3.555, 4.216, 9.609, 7.494, 6.16, 5.907, 5.718, 5.602, 4.522, 4.186, 4.124, 4.526, 5.147, 5.557, 5.383, 4.7, 4.583, 5.888, 8.047, 9.464, 8.481, 8.053, 8.925], [10.347, 12.161, 11.172, 13.103, 12.545, 6.591, 2.444, 3.69, 4.544, 3.637, 1.678, 0.0, 1.121, 1.192, 1.593, 3.326, 5.206, 6.226, 7.323, 6.829, 4.213, 3.43, 2.288, 2.272, 2.686, 2.536, 2.296, 1.632, 1.525, 2.322, 2.905, 2.128, 1.922, 1.702, 1.879, 1.717, 2.135, 2.254, 2.975, 1.879, 4.365, 12.79, 15.958, 15.829, 15.834, 17.736, 19.085, 18.929, 18.825, 19.832, 20.098, 20.358, 20.746, 20.471, 20.667, 21.157, 20.243, 19.715, 19.311, 19.511, 18.986, 17.949, 14.561, 11.617, 10.798, 10.657, 10.029, 7.412, 5.353, 4.584, 4.135, 3.802, 4.013, 4.052, 4.135, 3.931, 3.862, 4.124, 4.202, 4.566, 9.198, 15.627, 14.605, 14.973, 14.722, 11.703, 11.35, 10.878, 12.515, 15.911, 15.319, 13.908, 13.845, 13.989, 12.313, 12.074, 12.822, 14.105, 16.317, 15.372, 13.758, 14.103, 15.05, 15.315, 15.681, 16.285, 15.838, 13.885, 11.111, 10.499, 12.124, 15.636, 18.274, 16.656, 15.418, 14.088, 11.731, 10.548, 11.733, 12.97, 13.923, 11.861, 8.308, 6.47, 6.377, 7.858, 7.688, 6.146, 7.25, 7.372, 8.458, 10.826, 10.811, 10.352, 10.74, 10.699, 10.475, 10.532, 10.467, 9.957, 9.21, 9.305, 8.397, 7.198, 7.946, 8.541, 8.573, 12.357, 20.479, 20.93, 19.832, 20.768, 21.215, 21.317, 25.517, 20.406, 9.701, 7.64, 6.864, 2.607, 2.896, 3.285, 4.996, 5.249, 4.539, 4.431, 3.467, 2.631, 2.736, 2.494, 2.33, 2.25, 2.22, 2.361, 2.363, 1.967, 2.133, 2.04, 2.175, 2.953, 2.723, 2.775, 4.667, 2.822, 3.411, 8.101, 6.113, 4.886, 4.365, 4.288, 4.281, 3.278, 2.996, 2.854, 3.23, 3.65, 4.015, 3.886, 3.227, 3.068, 4.413, 6.588, 7.943, 7.045, 6.532, 7.444], [11.047, 12.88, 11.925, 13.842, 13.232, 7.167, 2.763, 4.334, 5.157, 4.387, 2.432, 1.121, 0.0, 0.705, 1.234, 2.694, 4.542, 5.485, 6.643, 6.192, 3.649, 3.059, 2.034, 2.887, 3.276, 3.224, 2.931, 2.016, 1.463, 2.151, 2.515, 2.155, 2.25, 1.996, 1.892, 2.187, 2.571, 2.813, 3.634, 2.445, 5.019, 13.407, 16.57, 16.44, 16.433, 18.245, 19.662, 19.549, 19.43, 20.502, 20.783, 20.975, 21.364, 21.069, 21.192, 21.702, 20.827, 20.264, 19.969, 20.224, 19.65, 18.588, 15.16, 12.182, 11.476, 11.27, 10.646, 7.982, 5.973, 5.147, 4.657, 4.15, 4.252, 4.167, 4.257, 4.02, 3.828, 3.995, 4.053, 4.153, 8.554, 14.92, 13.887, 14.271, 14.013, 10.984, 10.651, 10.201, 11.802, 15.23, 14.645, 13.22, 13.207, 13.298, 11.598, 11.387, 12.105, 13.395, 15.595, 14.665, 13.035, 13.37, 14.351, 14.595, 14.958, 15.565, 15.131, 13.169, 10.41, 9.823, 11.424, 14.897, 17.601, 15.959, 14.683, 13.352, 11.014, 9.869, 11.031, 12.252, 13.283, 11.198, 7.67, 5.859, 5.906, 7.164, 6.987, 5.526, 6.531, 6.775, 7.78, 10.206, 10.214, 9.659, 10.038, 9.996, 9.774, 9.849, 9.789, 9.205, 8.52, 8.593, 7.693, 6.511, 7.295, 7.845, 7.917, 11.657, 19.781, 20.246, 19.151, 20.049, 20.481, 20.642, 24.765, 19.682, 8.993, 6.926, 6.14, 2.895, 3.485, 3.92, 5.677, 5.972, 5.193, 4.987, 4.065, 3.214, 3.07, 2.864, 2.713, 2.62, 2.647, 2.742, 2.745, 2.191, 2.423, 2.378, 2.546, 3.203, 3.017, 2.639, 3.958, 2.478, 2.987, 7.355, 5.608, 4.428, 3.661, 3.649, 3.674, 2.869, 2.487, 2.417, 2.714, 3.086, 3.355, 3.257, 2.621, 2.427, 3.693, 5.884, 7.242, 6.448, 5.92, 6.822], [11.114, 12.928, 11.973, 13.89, 13.293, 7.347, 2.833, 4.372, 5.292, 4.424, 2.502, 1.192, 0.705, 0.0, 1.0, 2.506, 4.427, 5.448, 6.553, 6.12, 3.62, 2.858, 1.936, 3.145, 3.492, 3.374, 3.064, 2.162, 1.639, 2.155, 2.537, 2.242, 2.348, 2.06, 1.917, 2.32, 2.706, 2.944, 3.685, 2.49, 5.07, 13.482, 16.643, 16.516, 16.543, 18.377, 19.778, 19.636, 19.619, 20.601, 20.883, 21.065, 21.454, 21.269, 21.359, 21.815, 20.991, 20.476, 20.014, 20.268, 19.663, 18.615, 15.249, 12.275, 11.564, 11.355, 10.737, 8.142, 6.12, 5.243, 4.693, 4.199, 4.24, 4.14, 4.232, 3.984, 3.777, 3.936, 3.966, 4.058, 8.456, 14.851, 13.814, 14.188, 13.933, 10.9, 10.566, 10.116, 11.728, 15.151, 14.546, 13.1, 13.105, 13.196, 11.499, 11.303, 12.023, 13.318, 15.52, 14.572, 12.958, 13.307, 14.253, 14.528, 14.897, 15.495, 15.044, 13.098, 10.318, 9.718, 11.333, 14.839, 17.522, 15.887, 14.602, 13.262, 10.933, 9.799, 10.941, 12.175, 13.18, 11.1, 7.613, 5.827, 5.82, 7.051, 6.895, 5.411, 6.419, 6.621, 7.653, 10.094, 10.082, 9.541, 9.94, 9.898, 9.662, 9.741, 9.673, 9.139, 8.438, 8.511, 7.619, 6.426, 7.191, 7.759, 7.816, 11.598, 19.694, 20.155, 19.045, 19.979, 20.411, 20.57, 24.712, 19.616, 8.916, 6.858, 6.046, 3.014, 3.735, 4.127, 5.882, 6.072, 5.28, 5.103, 4.334, 3.402, 3.151, 2.931, 2.779, 2.717, 2.837, 2.893, 2.805, 2.284, 2.532, 2.457, 2.65, 3.322, 3.07, 2.611, 3.927, 2.414, 2.968, 7.28, 5.633, 4.456, 3.637, 3.535, 3.506, 2.608, 2.319, 2.18, 2.443, 2.902, 3.265, 3.172, 2.563, 2.444, 3.65, 5.778, 7.148, 6.275, 5.826, 6.751], [11.548, 13.398, 12.429, 14.353, 13.761, 7.823, 3.001, 4.874, 5.849, 4.895, 2.959, 1.593, 1.234, 1.0, 0.0, 1.988, 3.945, 4.972, 6.081, 5.683, 3.116, 2.344, 1.897, 3.483, 3.972, 3.909, 3.58, 2.596, 2.073, 2.186, 2.577, 2.375, 2.593, 2.059, 1.865, 2.526, 3.108, 3.177, 3.995, 2.659, 5.593, 14.048, 17.236, 17.083, 17.101, 18.927, 20.299, 20.242, 20.161, 21.226, 21.502, 21.709, 22.063, 21.772, 21.94, 22.426, 21.577, 21.077, 20.53, 20.788, 20.28, 19.27, 15.907, 12.922, 12.085, 11.917, 11.225, 8.667, 6.492, 5.457, 4.778, 4.038, 3.885, 3.734, 3.82, 3.565, 3.369, 3.607, 3.631, 3.663, 8.028, 14.383, 13.447, 13.816, 13.558, 10.536, 10.187, 9.739, 11.348, 14.704, 14.165, 12.727, 12.68, 12.824, 11.148, 10.951, 11.663, 12.946, 15.152, 14.195, 12.577, 12.937, 13.875, 14.155, 14.517, 15.134, 14.674, 12.721, 9.945, 9.344, 10.968, 14.473, 17.152, 15.516, 14.276, 12.93, 10.57, 9.312, 10.576, 11.814, 12.696, 10.626, 7.155, 5.38, 5.236, 6.675, 6.464, 4.952, 6.004, 6.212, 7.115, 9.637, 9.673, 9.193, 9.571, 9.508, 9.306, 9.37, 9.296, 8.767, 8.045, 8.139, 7.258, 6.05, 6.783, 7.379, 7.411, 11.22, 19.327, 19.787, 18.661, 19.61, 20.038, 20.07, 24.329, 19.235, 8.543, 6.494, 5.695, 3.343, 4.132, 4.571, 6.256, 6.597, 5.778, 5.75, 4.768, 3.772, 3.637, 3.298, 3.131, 3.105, 3.163, 3.234, 3.128, 2.52, 2.679, 2.56, 2.759, 3.28, 3.235, 2.359, 3.656, 2.505, 2.754, 6.953, 5.656, 4.646, 3.531, 3.358, 3.406, 2.508, 2.13, 2.112, 2.362, 2.695, 2.996, 2.921, 2.426, 2.345, 3.486, 5.46, 6.8, 5.731, 5.3, 6.296], [13.243, 15.094, 14.186, 16.031, 15.443, 9.57, 4.467, 6.55, 7.629, 6.607, 4.751, 3.326, 2.694, 2.506, 1.988, 0.0, 2.233, 3.266, 4.483, 4.052, 1.884, 2.023, 3.081, 5.02, 5.482, 5.594, 5.13, 3.808, 2.985, 2.717, 2.869, 3.019, 3.281, 2.796, 2.505, 3.408, 4.147, 4.79, 5.709, 4.129, 7.356, 15.862, 18.983, 18.866, 18.875, 20.583, 21.983, 21.876, 21.695, 22.804, 23.122, 23.271, 23.711, 23.306, 23.547, 23.86, 23.062, 22.488, 22.089, 22.468, 22.003, 20.946, 17.524, 14.583, 13.92, 13.741, 13.036, 10.422, 8.017, 6.93, 6.11, 4.876, 4.218, 3.836, 3.859, 3.518, 3.2, 3.126, 3.004, 2.652, 6.354, 12.659, 11.732, 12.114, 11.833, 8.813, 8.468, 8.041, 9.632, 12.978, 12.476, 11.103, 10.929, 11.126, 9.446, 9.207, 9.937, 11.219, 13.421, 12.5, 10.882, 11.205, 12.177, 12.421, 12.796, 13.414, 12.951, 11.0, 8.264, 7.676, 9.26, 12.784, 15.475, 13.911, 12.603, 11.25, 8.957, 7.62, 8.881, 10.09, 11.018, 8.957, 5.635, 3.867, 3.719, 4.924, 4.922, 3.538, 4.361, 4.715, 5.467, 8.047, 8.068, 7.561, 7.861, 7.895, 7.677, 7.723, 7.593, 7.076, 6.335, 6.437, 5.536, 4.363, 5.066, 5.665, 5.719, 9.473, 17.59, 18.063, 16.954, 17.881, 18.327, 18.314, 22.607, 17.517, 6.908, 4.853, 4.048, 3.958, 5.501, 6.117, 8.037, 8.422, 7.579, 7.362, 6.519, 5.42, 4.668, 4.535, 4.362, 4.371, 4.426, 4.484, 4.191, 3.391, 3.285, 3.374, 3.588, 4.019, 4.016, 2.1, 2.539, 3.225, 2.512, 5.638, 5.648, 4.8, 3.54, 2.628, 2.915, 2.923, 2.682, 2.391, 2.271, 2.448, 2.659, 2.61, 2.539, 2.526, 2.869, 3.953, 5.117, 4.264, 3.984, 4.716], [15.219, 17.157, 16.137, 18.051, 17.407, 11.489, 6.317, 8.51, 9.541, 8.569, 6.596, 5.206, 4.542, 4.427, 3.945, 2.233, 0.0, 1.217, 2.568, 2.19, 2.16, 3.34, 4.931, 6.8, 7.239, 7.353, 6.886, 5.622, 4.571, 3.91, 3.615, 4.268, 4.786, 4.367, 4.259, 5.024, 5.896, 6.547, 7.545, 5.911, 9.358, 17.74, 20.883, 20.743, 20.742, 22.443, 23.876, 23.705, 23.327, 24.467, 24.765, 24.959, 25.431, 24.946, 25.272, 25.662, 24.716, 23.998, 24.057, 24.271, 23.776, 22.727, 19.325, 16.417, 15.843, 15.645, 14.997, 12.318, 9.721, 8.659, 7.804, 6.471, 5.493, 4.859, 4.866, 4.415, 3.844, 3.629, 3.539, 2.562, 4.248, 10.561, 9.603, 9.987, 9.744, 6.785, 6.393, 5.969, 7.581, 10.953, 10.401, 9.019, 8.877, 9.035, 7.403, 7.119, 7.901, 9.108, 11.307, 10.504, 8.869, 9.178, 10.06, 10.311, 10.674, 11.307, 10.823, 8.926, 6.267, 5.687, 7.214, 10.748, 13.471, 11.996, 10.574, 9.175, 6.985, 5.661, 6.764, 7.991, 8.916, 6.851, 3.89, 2.49, 2.372, 3.512, 3.428, 2.16, 2.654, 3.099, 3.847, 5.995, 6.033, 5.492, 5.935, 5.938, 5.884, 5.894, 5.656, 5.145, 4.429, 4.418, 3.431, 2.345, 3.048, 3.59, 3.626, 7.396, 15.476, 15.959, 14.822, 15.757, 16.242, 16.265, 20.572, 15.389, 5.226, 3.411, 2.466, 5.117, 7.124, 7.784, 9.834, 10.315, 9.529, 9.291, 8.368, 7.14, 6.34, 6.274, 6.172, 6.142, 6.174, 6.258, 5.833, 4.756, 4.543, 4.529, 4.591, 5.104, 5.267, 3.234, 2.557, 4.367, 3.706, 4.705, 5.689, 4.932, 3.67, 2.501, 3.335, 3.671, 3.758, 3.401, 3.103, 2.815, 2.773, 2.783, 3.271, 3.289, 2.757, 2.989, 3.135, 2.986, 2.654, 3.563], [16.212, 18.137, 17.147, 19.049, 18.432, 12.495, 7.323, 9.564, 10.559, 9.611, 7.627, 6.226, 5.485, 5.448, 4.972, 3.266, 1.217, 0.0, 1.844, 1.655, 2.936, 4.392, 5.992, 7.858, 8.268, 8.36, 7.879, 6.56, 5.564, 4.746, 4.285, 5.069, 5.705, 5.385, 5.295, 6.02, 6.799, 7.535, 8.567, 6.879, 10.345, 18.663, 21.808, 21.672, 21.66, 23.374, 24.794, 24.631, 24.193, 25.35, 25.638, 25.82, 26.332, 25.851, 26.144, 26.57, 25.62, 24.824, 24.986, 25.178, 24.673, 23.615, 20.238, 17.395, 16.839, 16.645, 16.004, 13.347, 10.655, 9.682, 8.777, 7.485, 6.491, 5.822, 5.81, 5.443, 4.805, 4.541, 4.389, 3.206, 3.342, 9.534, 8.566, 8.945, 8.708, 5.82, 5.424, 4.995, 6.61, 9.956, 9.444, 8.094, 7.874, 8.132, 6.467, 6.097, 6.868, 8.076, 10.292, 9.538, 7.924, 8.228, 9.099, 9.264, 9.634, 10.276, 9.79, 7.929, 5.457, 4.735, 6.217, 9.739, 12.41, 10.966, 9.556, 8.171, 6.119, 4.682, 5.734, 6.942, 7.917, 5.889, 3.616, 2.537, 2.522, 3.621, 3.185, 2.308, 2.364, 2.95, 3.36, 5.118, 5.253, 4.795, 5.26, 5.51, 5.45, 5.311, 5.073, 4.605, 3.997, 3.749, 2.483, 1.702, 2.214, 2.812, 2.821, 6.561, 14.5, 14.897, 13.821, 14.714, 15.203, 15.223, 19.545, 14.356, 4.497, 2.864, 1.97, 5.889, 8.108, 8.656, 10.831, 11.32, 10.542, 10.322, 9.34, 8.084, 7.292, 7.237, 7.168, 7.184, 7.208, 7.31, 6.832, 5.609, 5.258, 5.261, 5.105, 5.364, 5.873, 3.958, 2.573, 4.935, 4.42, 4.247, 5.325, 4.772, 4.056, 3.04, 4.014, 4.45, 4.568, 4.114, 3.826, 3.466, 3.418, 3.398, 3.947, 4.112, 3.161, 2.824, 2.376, 2.693, 2.695, 3.664], [17.369, 19.212, 18.244, 20.11, 19.516, 13.687, 8.568, 10.722, 11.662, 10.698, 8.806, 7.323, 6.643, 6.553, 6.081, 4.483, 2.568, 1.844, 0.0, 2.076, 4.266, 5.569, 7.11, 9.03, 9.42, 9.523, 9.002, 7.752, 6.821, 5.996, 5.624, 6.442, 7.015, 6.61, 6.415, 7.21, 8.06, 8.628, 9.698, 7.981, 11.473, 19.767, 22.856, 22.721, 22.721, 24.511, 25.899, 25.662, 25.272, 26.34, 26.591, 26.845, 27.362, 26.908, 27.151, 27.635, 26.704, 26.048, 25.975, 26.226, 25.766, 24.737, 21.349, 18.539, 17.965, 17.798, 17.138, 14.551, 11.94, 10.867, 9.86, 8.768, 7.734, 7.065, 6.974, 6.608, 5.982, 5.821, 5.697, 4.512, 2.996, 8.446, 7.485, 7.827, 7.591, 4.673, 4.298, 3.794, 5.436, 8.85, 8.281, 6.851, 6.721, 6.863, 5.252, 4.924, 5.772, 6.983, 9.21, 8.38, 6.768, 7.097, 8.007, 8.192, 8.547, 9.165, 8.719, 6.803, 4.359, 3.575, 5.045, 8.549, 11.213, 9.769, 8.382, 7.005, 4.746, 3.421, 4.619, 5.858, 6.748, 4.87, 3.119, 3.102, 2.749, 2.948, 2.413, 2.327, 1.995, 2.245, 2.36, 3.825, 4.099, 3.905, 4.5, 4.807, 4.675, 4.533, 4.365, 3.913, 3.362, 3.079, 2.042, 1.811, 1.722, 2.27, 2.33, 5.581, 13.435, 13.795, 12.716, 13.656, 14.069, 14.119, 18.472, 13.271, 3.871, 2.786, 2.347, 7.141, 9.334, 10.111, 12.02, 12.454, 11.667, 11.439, 10.542, 9.269, 8.432, 8.369, 8.259, 8.3, 8.344, 8.388, 7.965, 6.803, 6.354, 6.28, 6.165, 6.151, 6.993, 5.075, 3.498, 6.16, 5.7, 3.606, 5.192, 4.938, 3.901, 3.39, 3.923, 4.779, 5.303, 4.916, 4.599, 3.986, 3.788, 4.033, 4.731, 4.862, 3.418, 2.135, 1.458, 2.094, 2.068, 2.835], [16.831, 18.828, 17.842, 19.728, 19.11, 13.116, 8.021, 10.239, 11.209, 10.263, 8.293, 6.829, 6.192, 6.12, 5.683, 4.052, 2.19, 1.655, 2.076, 0.0, 3.257, 5.247, 6.665, 8.414, 8.892, 8.95, 8.438, 7.196, 6.088, 5.183, 4.761, 5.403, 6.181, 6.052, 5.971, 6.695, 7.451, 8.111, 9.228, 7.555, 11.016, 19.319, 22.472, 22.359, 22.325, 24.047, 25.488, 25.263, 24.743, 25.988, 26.251, 26.496, 26.98, 26.532, 26.759, 27.241, 26.284, 25.406, 25.695, 25.841, 25.308, 24.301, 20.936, 18.04, 17.501, 17.309, 16.66, 14.009, 11.195, 10.346, 9.356, 8.201, 7.084, 6.39, 6.344, 6.006, 5.387, 5.152, 5.019, 3.765, 2.591, 8.867, 7.905, 8.294, 8.149, 5.422, 5.113, 4.451, 6.17, 9.492, 9.03, 7.756, 7.414, 7.688, 6.224, 5.721, 6.316, 7.494, 9.77, 9.115, 7.5, 7.709, 8.69, 8.682, 9.082, 9.696, 9.131, 7.491, 5.177, 4.481, 5.697, 9.015, 11.597, 10.11, 8.78, 7.621, 5.67, 4.289, 5.079, 6.29, 7.236, 5.462, 3.041, 2.003, 2.286, 3.397, 3.268, 2.6, 2.862, 3.2, 3.541, 5.022, 5.145, 4.672, 5.356, 5.634, 5.599, 5.473, 5.218, 4.733, 4.098, 3.625, 1.973, 1.531, 1.898, 2.353, 2.466, 6.481, 13.804, 14.246, 13.109, 14.052, 14.636, 14.562, 19.069, 13.787, 3.6, 2.604, 1.965, 6.318, 8.646, 9.287, 11.529, 11.972, 11.204, 10.972, 10.019, 8.693, 7.821, 7.811, 7.768, 7.831, 7.858, 7.951, 7.491, 6.23, 5.684, 5.733, 5.663, 5.506, 6.287, 4.656, 3.095, 5.173, 4.847, 3.908, 5.304, 5.218, 4.383, 3.565, 4.027, 4.75, 5.111, 4.689, 4.296, 3.93, 3.759, 3.88, 4.516, 4.74, 3.641, 2.941, 2.385, 2.979, 2.458, 3.389], [14.068, 15.968, 14.955, 16.9, 16.207, 10.204, 5.058, 7.495, 8.395, 7.347, 5.459, 4.213, 3.649, 3.62, 3.116, 1.884, 2.16, 2.936, 4.266, 3.257, 0.0, 2.27, 3.727, 5.631, 6.175, 6.204, 5.785, 4.602, 3.826, 3.279, 3.193, 3.492, 4.109, 3.749, 3.727, 4.321, 5.051, 5.294, 6.341, 4.74, 8.222, 16.654, 19.837, 19.676, 19.646, 21.399, 22.826, 22.712, 22.261, 23.58, 23.854, 24.056, 24.464, 23.914, 24.187, 24.704, 23.732, 22.878, 23.075, 23.324, 22.828, 21.765, 18.352, 15.387, 14.63, 14.484, 13.812, 11.13, 8.47, 7.436, 6.501, 5.169, 4.326, 3.657, 3.565, 3.214, 2.816, 2.573, 2.543, 1.944, 5.489, 11.796, 10.783, 11.179, 10.879, 8.031, 7.723, 7.215, 8.765, 12.154, 11.683, 10.438, 10.19, 10.313, 8.784, 8.484, 9.069, 10.257, 12.502, 11.749, 10.126, 10.398, 11.349, 11.51, 11.876, 12.449, 12.09, 10.122, 7.489, 6.955, 8.363, 11.86, 14.561, 13.141, 11.794, 10.431, 8.439, 7.181, 7.991, 9.199, 10.136, 8.28, 4.737, 2.935, 3.397, 4.961, 5.064, 3.707, 4.49, 4.874, 5.697, 7.668, 7.651, 6.916, 7.549, 7.584, 7.451, 7.463, 7.26, 6.734, 5.95, 5.663, 4.605, 3.538, 4.282, 4.822, 4.979, 8.836, 16.708, 17.217, 16.053, 16.962, 17.42, 17.519, 21.755, 16.595, 6.012, 3.93, 3.181, 4.427, 6.014, 6.56, 8.669, 9.116, 8.336, 8.165, 7.158, 5.901, 5.385, 5.247, 5.074, 5.027, 4.978, 5.093, 4.885, 3.916, 3.576, 3.692, 3.975, 4.103, 3.97, 2.627, 2.508, 2.792, 2.218, 4.958, 5.717, 5.238, 4.531, 3.546, 4.127, 3.872, 3.662, 3.431, 3.246, 3.486, 3.538, 3.438, 3.314, 3.221, 3.481, 3.91, 4.713, 4.889, 4.003, 4.826], [12.616, 14.426, 13.438, 15.347, 14.756, 9.025, 3.945, 6.114, 6.884, 5.875, 4.085, 3.43, 3.059, 2.858, 2.344, 2.023, 3.34, 4.392, 5.569, 5.247, 2.27, 0.0, 2.228, 4.518, 5.114, 5.026, 4.675, 4.273, 3.793, 3.927, 4.153, 4.252, 4.356, 3.587, 3.443, 4.394, 4.781, 4.55, 5.124, 4.095, 6.826, 15.215, 18.435, 18.287, 18.313, 20.264, 21.64, 21.483, 21.471, 22.413, 22.694, 22.885, 23.281, 23.104, 23.22, 23.663, 22.944, 22.427, 21.75, 21.928, 21.392, 20.378, 17.073, 14.002, 13.177, 13.025, 12.413, 9.785, 7.286, 6.136, 5.203, 4.086, 3.239, 2.97, 3.09, 2.678, 2.438, 2.499, 2.626, 2.841, 7.195, 13.636, 12.684, 12.977, 12.756, 9.793, 9.39, 9.007, 10.545, 13.944, 13.28, 11.806, 11.83, 11.971, 10.284, 10.038, 10.912, 12.119, 14.325, 13.412, 11.79, 12.164, 13.012, 13.334, 13.721, 14.397, 13.902, 11.959, 9.159, 8.62, 10.268, 13.825, 16.585, 15.182, 13.848, 12.414, 10.092, 8.889, 9.853, 11.096, 11.995, 9.794, 6.268, 4.288, 4.287, 5.721, 5.591, 4.101, 5.152, 5.279, 6.221, 8.653, 8.686, 8.233, 8.58, 8.526, 8.388, 8.461, 8.421, 7.892, 7.152, 7.311, 6.461, 5.206, 5.995, 6.549, 6.576, 10.367, 18.461, 18.968, 17.809, 18.788, 19.271, 19.284, 23.599, 18.411, 7.88, 5.937, 5.096, 5.012, 5.616, 5.792, 7.298, 7.664, 6.896, 6.755, 5.978, 5.463, 5.512, 5.087, 4.831, 4.651, 4.472, 4.436, 4.598, 4.242, 4.422, 4.354, 4.47, 4.975, 4.601, 2.879, 3.574, 3.368, 2.657, 6.941, 7.081, 6.22, 4.921, 3.931, 4.129, 3.261, 3.13, 3.14, 3.201, 3.513, 3.857, 3.83, 3.488, 3.699, 4.136, 5.255, 6.166, 5.303, 4.904, 5.656], [10.941, 12.813, 11.849, 13.706, 13.026, 7.252, 2.5, 4.641, 5.355, 4.075, 2.635, 2.288, 2.034, 1.936, 1.897, 3.081, 4.931, 5.992, 7.11, 6.665, 3.727, 2.228, 0.0, 3.006, 3.746, 3.711, 3.49, 2.871, 2.545, 2.929, 3.109, 2.961, 3.137, 2.551, 2.572, 3.189, 3.553, 3.213, 3.554, 2.932, 5.434, 13.443, 16.686, 16.574, 16.627, 18.462, 19.811, 19.592, 19.734, 20.886, 21.117, 21.276, 21.523, 21.463, 21.327, 21.808, 21.177, 20.602, 20.14, 20.254, 19.691, 18.57, 15.32, 12.191, 11.371, 11.249, 10.639, 7.989, 5.487, 4.483, 3.793, 3.24, 3.329, 3.358, 3.406, 3.236, 3.276, 3.6, 3.745, 4.319, 8.9, 15.388, 14.305, 14.655, 14.377, 11.424, 10.999, 10.542, 12.245, 15.754, 15.002, 13.588, 13.59, 13.616, 11.956, 11.671, 12.521, 13.785, 15.947, 15.124, 13.493, 13.824, 14.722, 14.96, 15.312, 15.96, 15.542, 13.582, 10.861, 10.263, 11.831, 15.305, 18.125, 16.575, 15.243, 13.837, 11.484, 10.384, 11.444, 12.7, 13.671, 11.575, 7.864, 5.903, 5.88, 7.236, 7.258, 5.822, 6.793, 7.02, 8.16, 10.582, 10.578, 9.938, 10.251, 10.254, 10.147, 10.227, 10.16, 9.59, 8.828, 8.938, 8.056, 6.876, 7.714, 8.242, 8.271, 12.056, 20.117, 20.621, 19.52, 20.415, 20.901, 21.046, 25.255, 20.029, 9.505, 7.333, 6.461, 3.767, 4.364, 4.492, 5.76, 6.079, 5.489, 5.193, 4.474, 4.207, 4.223, 3.818, 3.532, 3.306, 3.131, 3.069, 3.231, 2.926, 3.217, 3.16, 3.288, 4.007, 3.671, 2.943, 4.424, 2.299, 2.733, 7.854, 6.457, 5.688, 4.775, 4.361, 4.289, 3.308, 2.747, 2.724, 2.968, 3.674, 4.118, 4.029, 3.538, 3.504, 4.636, 6.395, 7.581, 6.813, 6.277, 6.935], [8.65, 10.739, 9.748, 11.655, 10.954, 5.219, 2.732, 2.836, 3.549, 2.582, 1.373, 2.272, 2.887, 3.145, 3.483, 5.02, 6.8, 7.858, 9.03, 8.414, 5.631, 4.518, 3.006, 0.0, 1.473, 1.721, 1.838, 1.829, 2.622, 3.518, 4.208, 3.285, 2.586, 3.03, 3.339, 2.402, 2.103, 2.164, 2.377, 2.375, 3.493, 11.571, 14.738, 14.644, 14.632, 16.37, 17.799, 17.647, 17.36, 19.017, 19.213, 19.251, 19.512, 19.058, 19.235, 19.786, 18.906, 18.314, 18.008, 18.27, 17.775, 16.733, 13.414, 10.292, 9.503, 9.342, 8.774, 5.943, 3.707, 3.451, 3.391, 3.592, 3.942, 4.134, 4.192, 4.146, 4.376, 4.648, 4.66, 5.659, 10.801, 17.135, 16.257, 16.647, 16.445, 13.519, 13.113, 12.599, 14.313, 17.71, 17.129, 15.64, 15.588, 15.729, 14.079, 13.817, 14.617, 15.814, 17.995, 17.247, 15.616, 15.923, 16.81, 16.972, 17.378, 18.006, 17.495, 15.666, 12.962, 12.37, 13.913, 17.33, 19.89, 18.278, 17.016, 15.813, 13.531, 12.044, 13.393, 14.632, 15.507, 13.409, 9.801, 7.803, 7.891, 9.441, 9.633, 8.208, 9.159, 9.451, 10.264, 12.596, 12.614, 11.988, 12.403, 12.446, 12.34, 12.383, 12.305, 11.758, 10.974, 11.043, 10.138, 8.877, 9.717, 10.235, 10.191, 14.117, 22.118, 22.594, 21.448, 22.428, 22.953, 22.851, 27.328, 22.098, 11.292, 9.323, 8.522, 3.148, 1.79, 1.892, 3.512, 4.162, 3.498, 3.337, 2.314, 2.277, 2.655, 2.441, 2.35, 2.063, 1.856, 1.966, 2.223, 2.828, 3.432, 3.365, 3.458, 4.032, 3.585, 4.483, 6.582, 3.823, 4.518, 9.831, 7.491, 6.472, 6.421, 6.236, 5.989, 5.141, 4.705, 4.562, 4.972, 5.624, 6.037, 5.882, 5.181, 4.931, 6.261, 8.359, 9.749, 9.073, 8.517, 9.202], [8.144, 10.208, 9.265, 11.137, 10.485, 4.88, 3.156, 2.3, 3.03, 2.488, 1.501, 2.686, 3.276, 3.492, 3.972, 5.482, 7.239, 8.268, 9.42, 8.892, 6.175, 5.114, 3.746, 1.473, 0.0, 0.929, 1.224, 2.159, 3.139, 4.116, 4.746, 3.854, 3.087, 3.315, 3.69, 2.61, 2.187, 2.066, 2.09, 2.551, 2.66, 10.977, 14.193, 13.995, 14.067, 15.904, 17.342, 17.167, 16.9, 17.987, 18.291, 18.476, 18.918, 18.695, 18.89, 19.381, 18.436, 17.743, 17.462, 17.685, 17.139, 16.058, 12.603, 9.707, 8.979, 8.798, 8.165, 5.546, 3.691, 3.432, 3.449, 3.731, 4.183, 4.4, 4.411, 4.372, 4.519, 4.85, 4.941, 5.946, 11.26, 17.603, 16.747, 17.13, 16.937, 13.968, 13.549, 13.083, 14.73, 18.14, 17.522, 16.017, 16.056, 16.209, 14.562, 14.284, 15.094, 16.304, 18.47, 17.651, 16.027, 16.37, 17.225, 17.458, 17.868, 18.491, 17.965, 16.126, 13.364, 12.763, 14.388, 17.809, 20.375, 18.751, 17.472, 16.279, 13.931, 12.553, 13.882, 15.103, 15.922, 13.821, 10.461, 8.455, 8.478, 9.969, 9.95, 8.513, 9.465, 9.707, 10.59, 12.899, 12.976, 12.479, 12.973, 12.852, 12.723, 12.829, 12.713, 12.189, 11.464, 11.564, 10.628, 9.386, 10.214, 10.753, 10.689, 14.569, 22.625, 23.077, 21.913, 22.911, 23.434, 23.337, 27.773, 22.589, 11.764, 9.807, 9.029, 3.2, 1.336, 1.769, 3.108, 3.49, 2.841, 2.532, 2.063, 2.15, 2.431, 2.401, 2.259, 2.136, 1.993, 1.904, 2.436, 3.188, 3.782, 3.632, 3.686, 4.153, 3.706, 4.785, 6.959, 4.201, 4.827, 10.3, 7.972, 6.829, 6.663, 6.48, 6.383, 5.657, 5.315, 5.184, 5.377, 5.978, 6.354, 6.154, 5.476, 5.253, 6.528, 8.767, 10.166, 9.263, 8.845, 9.689], [8.109, 10.121, 9.156, 11.034, 10.463, 4.696, 3.134, 2.242, 2.898, 2.337, 1.44, 2.536, 3.224, 3.374, 3.909, 5.594, 7.353, 8.36, 9.523, 8.95, 6.204, 5.026, 3.711, 1.721, 0.929, 0.0, 0.845, 2.144, 3.13, 4.133, 4.75, 3.858, 3.126, 3.312, 3.688, 2.656, 2.245, 2.149, 2.074, 2.503, 2.409, 10.795, 14.004, 13.873, 13.871, 15.778, 17.168, 17.031, 16.799, 17.746, 18.037, 18.338, 18.8, 18.622, 18.772, 19.259, 18.319, 17.63, 17.447, 17.579, 16.921, 15.938, 12.522, 9.605, 8.766, 8.641, 7.94, 5.401, 3.533, 3.256, 3.342, 3.909, 4.375, 4.652, 4.683, 4.655, 4.85, 5.18, 5.288, 6.188, 11.297, 17.729, 16.74, 17.108, 16.93, 13.964, 13.55, 13.069, 14.716, 18.192, 17.517, 15.982, 16.14, 16.205, 14.546, 14.314, 15.083, 16.297, 18.458, 17.643, 16.025, 16.376, 17.226, 17.447, 17.858, 18.483, 17.968, 16.119, 13.344, 12.749, 14.379, 17.806, 20.391, 18.832, 17.474, 16.27, 13.926, 12.685, 13.875, 15.115, 16.032, 13.976, 10.44, 8.488, 8.516, 9.967, 9.938, 8.422, 9.494, 9.661, 10.719, 12.948, 12.937, 12.472, 12.971, 12.853, 12.733, 12.8, 12.728, 12.212, 11.468, 11.552, 10.618, 9.378, 10.225, 10.744, 10.691, 14.562, 22.619, 23.079, 21.928, 22.903, 23.433, 23.471, 27.763, 22.578, 11.787, 9.797, 9.051, 3.117, 1.4, 1.812, 2.988, 3.261, 2.572, 2.493, 1.849, 1.894, 2.488, 2.414, 2.277, 2.134, 1.978, 1.822, 2.486, 3.196, 3.766, 3.622, 3.609, 4.16, 3.668, 4.805, 6.943, 4.212, 4.938, 10.295, 8.065, 6.755, 6.637, 6.447, 6.382, 5.451, 5.205, 5.095, 5.36, 5.904, 6.217, 6.041, 5.344, 5.196, 6.49, 8.753, 10.181, 9.315, 8.77, 9.688], [8.751, 10.635, 9.677, 11.54, 10.99, 5.105, 2.992, 2.362, 3.165, 2.465, 1.535, 2.296, 2.931, 3.064, 3.58, 5.13, 6.886, 7.879, 9.002, 8.438, 5.785, 4.675, 3.49, 1.838, 1.224, 0.845, 0.0, 1.66, 2.663, 3.63, 4.231, 3.331, 2.661, 2.915, 3.284, 2.294, 1.87, 2.069, 2.069, 2.219, 2.83, 11.256, 14.43, 14.285, 14.319, 16.281, 17.648, 17.474, 17.294, 18.15, 18.446, 18.766, 19.219, 19.114, 19.251, 19.721, 18.787, 18.11, 17.896, 17.982, 17.332, 16.342, 12.99, 10.085, 9.278, 9.118, 8.495, 5.916, 3.793, 3.448, 3.481, 3.991, 4.448, 4.592, 4.629, 4.625, 4.58, 4.829,