[[0.0, 1.678, 3.205, 4.6, 6.028, 6.215, 5.513, 5.131, 6.238, 8.056, 9.298, 10.204, 10.544, 10.103, 9.37, 10.179, 11.054, 10.679, 10.586, 10.192, 10.062, 11.228, 13.769, 14.492, 15.569, 15.757, 15.187, 14.784, 14.772, 14.646, 13.733, 14.016, 15.567, 16.372, 17.08, 18.858, 20.145, 18.206, 15.862, 14.822, 14.298, 13.207, 12.446, 11.043, 10.431, 12.204, 13.211, 11.516, 8.143, 6.816, 6.476, 4.456, 3.195, 3.236, 3.224, 5.791, 6.31, 5.102, 5.72, 7.153, 9.574, 10.626, 10.459, 11.682, 12.508, 12.582, 12.541, 12.729, 13.77, 14.336, 14.748, 15.535, 16.447, 17.264, 17.403, 17.289, 17.077, 16.592, 16.909, 17.094, 15.234, 13.763, 13.651, 12.066, 9.689, 7.478, 5.417, 4.749, 4.736, 3.091, 5.999, 5.791, 5.379, 5.256, 6.45, 6.987, 6.967, 6.878, 6.301, 5.271, 3.173, 1.934, 2.718, 3.137, 2.987, 3.889, 3.15, 2.348, 2.076, 2.464, 2.285, 2.534, 2.74, 2.816, 3.864, 5.0, 6.568, 7.108, 5.501, 4.087, 3.204, 2.926, 2.765, 2.81, 2.714, 2.71, 3.637, 3.765, 4.097, 4.443, 4.8, 5.066, 4.655, 3.552, 2.971, 4.237, 5.049, 4.499, 3.937, 4.51, 5.992, 6.617, 6.398, 6.425, 6.411, 6.198, 5.123, 4.197, 3.437, 3.669, 3.923, 3.776, 3.94, 3.84, 4.739, 3.801, 3.36, 3.546, 4.12, 4.576, 4.811, 3.582, 2.656, 4.171, 5.525, 5.878, 5.06, 4.995, 6.058, 6.623, 4.295, 4.461, 6.37, 5.662, 5.699, 7.316, 7.413, 6.904, 7.651, 8.355, 8.668, 9.01, 7.658, 6.773, 4.974, 3.59, 4.432, 6.503, 8.146, 10.389, 13.279, 14.06, 11.594, 10.219, 9.945, 9.376, 8.119, 7.915, 7.122, 4.927, 4.562, 3.228, 2.049, 3.96, 4.855, 4.147], [1.678, 0.0, 3.085, 4.642, 6.377, 7.024, 6.15, 5.827, 7.139, 8.934, 10.179, 11.135, 11.317, 10.676, 10.059, 10.88, 11.776, 11.369, 11.264, 10.891, 10.822, 12.049, 14.481, 15.173, 16.235, 16.461, 15.898, 15.575, 15.465, 15.385, 14.562, 14.866, 16.452, 17.213, 17.997, 19.74, 20.957, 19.055, 16.757, 15.642, 14.976, 13.891, 12.978, 11.582, 10.979, 12.714, 13.78, 12.028, 8.657, 7.353, 6.889, 4.585, 3.382, 3.169, 2.694, 5.326, 5.622, 4.473, 5.926, 7.605, 10.099, 11.237, 11.101, 12.271, 13.06, 13.13, 13.167, 13.324, 14.324, 15.125, 15.602, 16.272, 17.075, 17.901, 18.076, 18.129, 18.013, 17.485, 17.706, 17.879, 16.174, 14.682, 14.419, 12.733, 10.352, 8.084, 5.818, 5.212, 5.185, 2.423, 5.422, 4.997, 4.601, 4.578, 5.652, 6.176, 6.085, 6.029, 5.412, 4.473, 2.728, 2.006, 2.221, 1.917, 2.431, 3.198, 2.623, 2.561, 2.285, 2.568, 2.091, 2.26, 2.24, 2.546, 3.355, 4.334, 5.688, 6.173, 4.583, 3.191, 2.135, 2.074, 2.366, 1.896, 1.891, 2.806, 3.996, 4.3, 4.639, 4.745, 4.768, 5.108, 4.471, 3.257, 2.488, 3.909, 5.517, 4.917, 3.84, 5.144, 6.73, 7.399, 7.142, 6.988, 6.908, 6.69, 5.43, 4.319, 3.398, 3.174, 3.419, 3.513, 3.814, 3.467, 4.373, 3.251, 2.493, 3.199, 3.794, 4.234, 4.361, 3.181, 2.639, 3.382, 4.688, 5.01, 4.124, 4.092, 5.09, 5.646, 3.475, 3.744, 5.419, 4.827, 4.8, 6.412, 6.44, 5.929, 6.72, 7.387, 7.7, 8.041, 6.689, 5.805, 4.34, 2.875, 3.19, 5.535, 7.177, 9.421, 12.311, 13.092, 10.688, 9.262, 8.976, 8.419, 7.151, 6.999, 6.216, 4.119, 3.81, 2.537, 1.624, 3.297, 4.047, 3.314], [3.205, 3.085, 0.0, 2.06, 3.513, 4.352, 3.521, 3.215, 4.546, 6.407, 7.437, 8.626, 8.751, 8.299, 7.51, 8.186, 9.091, 8.799, 8.739, 8.31, 8.115, 9.297, 11.833, 12.66, 13.779, 13.951, 13.479, 12.91, 12.886, 12.98, 12.004, 12.258, 13.902, 14.697, 15.417, 17.204, 18.488, 16.549, 14.17, 13.116, 12.406, 11.27, 10.646, 9.128, 8.6, 10.41, 11.35, 9.705, 6.525, 5.339, 5.983, 4.784, 3.482, 4.055, 4.817, 7.748, 8.039, 6.193, 6.065, 6.864, 7.681, 8.622, 8.68, 9.68, 10.655, 10.627, 10.534, 10.839, 11.958, 12.468, 13.042, 13.55, 14.458, 15.314, 15.557, 15.585, 15.433, 14.935, 15.232, 15.417, 13.572, 12.112, 11.929, 10.296, 7.831, 5.45, 3.592, 3.364, 3.784, 4.723, 7.822, 7.497, 7.048, 6.928, 8.097, 8.634, 8.636, 8.58, 8.003, 6.929, 4.72, 3.738, 4.094, 4.009, 4.509, 5.701, 5.071, 2.85, 1.844, 1.728, 1.506, 3.318, 4.257, 4.356, 5.331, 6.709, 8.214, 8.754, 7.147, 5.69, 4.544, 3.968, 4.222, 4.071, 3.365, 2.449, 3.278, 3.406, 3.402, 4.007, 4.553, 4.473, 3.302, 3.451, 3.198, 3.292, 3.831, 2.906, 3.113, 3.554, 4.59, 4.993, 4.83, 4.7, 4.545, 4.061, 2.767, 1.683, 0.979, 2.077, 3.097, 2.695, 2.572, 1.642, 1.965, 2.327, 4.373, 3.149, 2.176, 1.941, 2.159, 1.924, 3.961, 5.844, 7.171, 7.525, 6.705, 6.632, 7.677, 8.233, 5.914, 6.099, 7.988, 7.3, 7.336, 8.934, 9.027, 8.516, 9.269, 9.973, 10.287, 10.628, 9.276, 8.391, 6.592, 4.705, 5.696, 8.121, 9.764, 12.008, 14.897, 15.678, 13.213, 11.837, 11.563, 10.994, 9.738, 9.559, 8.772, 6.654, 6.334, 4.92, 3.835, 5.608, 6.493, 5.769], [4.6, 4.642, 2.06, 0.0, 2.142, 2.763, 2.099, 1.972, 3.321, 5.019, 6.12, 7.122, 7.433, 6.932, 6.202, 6.65, 7.398, 6.973, 6.983, 6.592, 6.569, 7.947, 10.158, 10.812, 11.92, 12.088, 11.608, 11.2, 11.081, 11.069, 10.188, 10.503, 12.119, 12.882, 13.671, 15.414, 16.671, 14.741, 12.439, 11.388, 10.57, 9.93, 9.345, 7.726, 7.242, 9.046, 9.986, 8.35, 5.673, 5.077, 6.124, 5.382, 4.585, 5.478, 6.114, 8.918, 9.282, 7.263, 6.779, 7.048, 6.846, 7.423, 7.201, 8.213, 9.292, 9.177, 9.089, 9.418, 10.56, 10.896, 11.25, 11.951, 12.911, 13.658, 13.666, 13.78, 13.687, 13.158, 13.412, 13.58, 11.811, 10.334, 10.121, 8.363, 6.201, 3.987, 3.574, 3.732, 4.092, 6.295, 9.673, 9.181, 8.833, 8.804, 9.88, 10.416, 10.339, 10.25, 9.673, 8.659, 6.403, 5.158, 5.492, 5.532, 5.997, 7.29, 6.807, 4.138, 3.122, 3.02, 3.279, 5.187, 6.174, 6.26, 7.128, 8.618, 9.944, 10.48, 8.874, 7.391, 6.243, 5.589, 5.754, 5.701, 4.917, 3.643, 3.87, 4.055, 3.717, 4.39, 5.271, 5.072, 3.883, 5.124, 4.763, 4.095, 3.946, 3.175, 3.909, 4.012, 3.855, 4.086, 3.806, 3.677, 3.556, 2.81, 1.611, 1.438, 2.109, 3.296, 3.868, 3.62, 3.587, 2.596, 2.094, 4.028, 6.13, 4.619, 2.939, 2.455, 2.703, 3.142, 5.656, 7.543, 8.897, 9.251, 8.431, 8.376, 9.439, 9.995, 7.698, 8.025, 9.75, 9.07, 9.084, 10.697, 10.789, 10.278, 11.035, 11.735, 12.049, 12.39, 11.038, 10.153, 8.354, 6.467, 7.458, 9.883, 11.526, 13.77, 16.659, 17.44, 14.991, 13.599, 13.325, 12.756, 11.5, 11.296, 10.494, 8.309, 8.066, 6.777, 5.72, 7.505, 8.295, 7.567], [6.028, 6.377, 3.513, 2.142, 0.0, 1.421, 1.146, 1.573, 2.307, 3.825, 4.334, 5.485, 5.702, 5.369, 4.652, 4.973, 5.76, 5.533, 5.519, 5.077, 4.793, 6.131, 8.541, 9.445, 10.57, 10.735, 10.265, 9.691, 9.552, 9.751, 8.781, 9.026, 10.681, 11.467, 12.199, 13.946, 15.236, 13.297, 10.911, 9.914, 9.43, 8.413, 8.149, 6.274, 5.907, 7.436, 8.533, 7.185, 5.456, 5.223, 6.42, 5.831, 5.831, 6.941, 7.382, 10.02, 10.466, 8.293, 7.27, 7.352, 6.813, 6.568, 6.024, 6.617, 7.647, 7.477, 7.355, 7.814, 8.875, 9.265, 9.756, 10.225, 11.166, 11.992, 12.297, 12.339, 12.178, 11.677, 12.016, 12.201, 10.246, 8.849, 8.696, 7.032, 4.625, 3.626, 4.048, 4.174, 4.729, 7.758, 11.133, 10.73, 10.375, 10.281, 11.435, 11.964, 11.915, 11.817, 11.24, 10.217, 8.001, 6.566, 6.834, 7.082, 7.536, 8.821, 8.298, 5.884, 4.865, 4.476, 4.857, 6.634, 7.548, 7.715, 8.726, 10.054, 11.549, 12.047, 10.44, 8.925, 7.777, 7.123, 7.261, 7.192, 6.392, 4.826, 4.71, 4.51, 4.215, 4.9, 5.92, 5.672, 5.036, 6.706, 6.32, 4.946, 4.481, 3.859, 4.858, 4.329, 3.304, 3.089, 3.05, 3.184, 2.949, 2.077, 1.578, 2.187, 3.383, 4.71, 4.961, 4.436, 4.345, 3.729, 3.321, 5.623, 7.721, 6.103, 4.329, 3.844, 4.033, 4.662, 7.165, 9.107, 10.473, 10.82, 10.006, 10.003, 11.031, 11.587, 9.294, 9.447, 11.342, 10.598, 10.649, 12.288, 12.381, 11.87, 12.624, 13.327, 13.641, 13.982, 12.63, 11.746, 9.946, 8.06, 9.05, 11.475, 13.118, 15.362, 18.252, 19.033, 16.567, 15.191, 14.917, 14.349, 13.092, 12.888, 12.069, 9.9, 9.558, 8.271, 7.105, 8.923, 9.808, 9.12], [6.215, 7.024, 4.352, 2.763, 1.421, 0.0, 1.324, 1.9, 1.897, 3.077, 3.641, 4.652, 5.067, 4.762, 4.012, 4.367, 5.027, 4.653, 4.581, 4.224, 4.206, 5.486, 7.753, 8.468, 9.576, 9.785, 9.267, 8.748, 8.748, 8.727, 7.764, 8.006, 9.642, 10.428, 11.147, 12.915, 14.204, 12.265, 9.884, 8.933, 8.634, 7.784, 7.69, 5.821, 5.364, 7.03, 8.082, 6.739, 5.06, 4.955, 6.192, 5.821, 6.557, 7.703, 7.993, 10.572, 11.155, 8.667, 7.372, 7.111, 6.398, 6.019, 5.345, 6.104, 7.165, 7.042, 6.852, 7.248, 8.367, 8.698, 8.822, 9.523, 10.597, 11.257, 11.403, 11.31, 11.11, 10.645, 10.975, 11.16, 9.221, 7.828, 7.725, 6.104, 3.793, 3.211, 4.141, 4.194, 5.025, 8.754, 11.94, 11.74, 11.326, 11.202, 12.406, 12.942, 12.922, 12.833, 12.256, 11.227, 8.977, 7.447, 7.671, 8.088, 8.539, 9.837, 9.078, 6.436, 5.343, 5.025, 5.609, 7.607, 8.439, 8.648, 9.605, 10.936, 12.523, 13.063, 11.456, 9.958, 8.81, 8.156, 8.295, 8.223, 7.429, 5.712, 5.19, 4.64, 4.259, 4.958, 6.181, 5.798, 5.793, 7.707, 7.317, 5.779, 4.401, 4.12, 5.735, 4.389, 2.957, 2.548, 2.506, 2.446, 2.386, 1.656, 1.856, 2.971, 4.334, 5.667, 5.849, 5.037, 4.763, 4.717, 4.338, 6.615, 8.718, 7.1, 5.236, 4.641, 4.791, 5.593, 8.204, 10.124, 11.48, 11.834, 11.014, 10.965, 12.028, 12.585, 10.265, 10.425, 12.34, 11.626, 11.663, 13.286, 13.378, 12.868, 13.621, 14.325, 14.638, 14.98, 13.628, 12.743, 10.944, 9.057, 10.048, 12.473, 14.116, 16.359, 19.249, 20.03, 17.564, 16.189, 15.914, 15.346, 14.089, 13.885, 13.077, 10.897, 10.523, 9.182, 7.984, 9.881, 10.819, 10.117], [5.513, 6.15, 3.521, 2.099, 1.146, 1.324, 0.0, 1.039, 1.878, 3.543, 4.186, 5.378, 5.576, 5.098, 4.361, 4.95, 5.796, 5.387, 5.338, 4.929, 4.867, 6.023, 8.52, 9.262, 10.391, 10.532, 10.09, 9.593, 9.526, 9.596, 8.673, 8.897, 10.574, 11.303, 12.061, 13.796, 15.075, 13.129, 10.829, 9.73, 9.174, 8.082, 7.809, 5.906, 5.521, 7.191, 8.27, 6.868, 4.729, 4.542, 5.732, 5.191, 5.389, 6.616, 6.989, 9.629, 10.138, 7.719, 6.6, 6.662, 6.125, 6.043, 5.724, 6.381, 7.441, 7.293, 7.192, 7.507, 8.698, 9.247, 9.766, 10.287, 11.104, 11.948, 12.138, 12.195, 12.069, 11.541, 11.808, 11.971, 10.252, 8.804, 8.6, 6.922, 4.409, 2.963, 3.564, 3.583, 4.02, 7.867, 11.04, 10.761, 10.329, 10.255, 11.446, 11.965, 11.869, 11.764, 11.187, 10.179, 7.976, 6.394, 6.631, 7.018, 7.529, 8.877, 8.294, 5.912, 4.767, 4.394, 4.81, 6.771, 7.627, 7.711, 8.599, 10.079, 11.484, 11.994, 10.387, 8.884, 7.736, 7.082, 7.255, 7.17, 6.474, 4.843, 4.213, 3.89, 3.619, 4.344, 5.394, 5.258, 4.807, 6.672, 6.303, 4.751, 3.861, 3.464, 4.789, 3.84, 2.716, 2.664, 2.57, 2.457, 2.453, 1.672, 1.146, 2.204, 3.517, 4.708, 4.864, 4.213, 4.162, 3.694, 3.3, 5.583, 7.687, 6.084, 4.437, 4.027, 4.169, 4.667, 7.203, 9.128, 10.439, 10.786, 9.963, 9.934, 10.997, 11.553, 9.261, 9.566, 11.317, 10.706, 10.7, 12.286, 12.357, 11.836, 12.589, 13.293, 13.607, 13.948, 12.61, 11.711, 9.912, 8.025, 9.016, 11.441, 13.084, 15.328, 18.217, 18.999, 16.575, 15.157, 14.883, 14.314, 13.058, 12.854, 12.034, 9.896, 9.588, 8.263, 7.163, 9.081, 9.926, 9.141], [5.131, 5.827, 3.215, 1.972, 1.573, 1.9, 1.039, 0.0, 1.871, 3.617, 4.489, 5.689, 5.787, 5.327, 4.693, 5.364, 6.189, 5.883, 5.83, 5.394, 5.205, 6.402, 8.873, 9.751, 10.859, 11.056, 10.589, 10.092, 9.968, 10.057, 9.148, 9.394, 11.048, 11.789, 12.568, 14.277, 15.522, 13.613, 11.27, 10.215, 9.515, 8.174, 7.726, 6.068, 5.568, 7.356, 8.294, 6.829, 4.561, 4.285, 5.411, 4.728, 4.908, 6.162, 6.525, 9.083, 9.654, 7.218, 6.067, 6.348, 5.978, 6.17, 5.795, 6.633, 7.604, 7.541, 7.529, 7.784, 8.872, 9.538, 10.186, 10.579, 11.491, 12.327, 12.625, 12.652, 12.55, 12.022, 12.299, 12.484, 10.671, 9.235, 9.016, 7.356, 4.967, 3.083, 3.159, 3.142, 3.529, 7.321, 10.658, 10.292, 9.901, 9.84, 11.033, 11.552, 11.444, 11.338, 10.766, 9.75, 7.487, 5.944, 6.194, 6.585, 7.031, 8.356, 7.855, 5.681, 4.501, 4.025, 4.489, 6.26, 7.175, 7.302, 8.259, 9.559, 11.018, 11.533, 9.927, 8.38, 7.233, 6.593, 6.795, 6.725, 5.948, 4.27, 3.648, 3.347, 2.999, 3.883, 4.931, 4.911, 4.316, 6.253, 5.867, 4.381, 3.351, 2.92, 4.345, 3.362, 2.571, 2.579, 2.434, 2.615, 2.505, 1.787, 1.272, 1.76, 3.05, 4.273, 4.448, 3.845, 3.719, 3.246, 2.918, 5.142, 7.241, 5.778, 4.318, 3.979, 4.167, 4.459, 6.744, 8.662, 10.02, 10.383, 9.54, 9.515, 10.568, 11.122, 8.815, 9.071, 10.889, 10.224, 10.241, 11.856, 11.928, 11.417, 12.195, 12.874, 13.188, 13.517, 12.177, 11.287, 9.486, 7.596, 8.577, 11.016, 12.661, 14.9, 17.777, 18.575, 16.151, 14.738, 14.46, 13.895, 12.639, 12.422, 11.616, 9.457, 9.118, 7.828, 6.694, 8.57, 9.439, 8.674], [6.238, 7.139, 4.546, 3.321, 2.307, 1.897, 1.878, 1.871, 0.0, 2.222, 3.139, 4.227, 4.602, 4.231, 3.637, 4.401, 5.179, 4.799, 4.72, 4.329, 4.19, 5.191, 7.873, 8.606, 9.704, 9.902, 9.392, 8.92, 8.903, 8.841, 7.9, 8.14, 9.77, 10.537, 11.256, 13.02, 14.305, 12.366, 9.98, 8.993, 8.449, 7.332, 6.644, 5.129, 4.619, 6.338, 7.3, 5.761, 3.637, 3.521, 4.692, 4.956, 6.346, 7.628, 7.973, 10.417, 11.094, 8.435, 5.903, 5.612, 5.135, 5.115, 4.759, 5.689, 6.58, 6.616, 6.521, 6.756, 7.87, 8.399, 8.881, 9.603, 10.503, 11.354, 11.524, 11.431, 11.212, 10.745, 11.084, 11.269, 9.266, 7.919, 7.847, 6.232, 3.869, 2.293, 3.34, 3.298, 4.19, 8.719, 11.879, 11.737, 11.342, 11.221, 12.427, 12.958, 12.915, 12.81, 12.232, 11.187, 8.933, 7.413, 7.646, 8.056, 8.503, 9.821, 9.043, 6.765, 5.666, 5.064, 5.568, 7.567, 8.344, 8.659, 9.667, 10.882, 12.483, 13.023, 11.416, 9.863, 8.713, 8.059, 8.225, 8.184, 7.327, 5.576, 4.963, 4.128, 3.494, 4.55, 5.864, 5.351, 5.755, 7.724, 7.338, 5.781, 3.608, 3.753, 5.756, 3.851, 1.902, 1.94, 1.646, 1.982, 2.127, 1.695, 2.145, 3.102, 4.338, 5.688, 5.87, 5.051, 4.653, 4.734, 4.396, 6.629, 8.728, 7.274, 5.846, 5.536, 5.712, 5.952, 8.155, 10.12, 11.492, 11.835, 11.016, 10.986, 12.049, 12.606, 10.286, 10.392, 12.361, 11.617, 11.668, 13.307, 13.399, 12.889, 13.642, 14.346, 14.659, 15.001, 13.649, 12.764, 10.965, 9.078, 10.064, 12.494, 14.137, 16.38, 19.264, 20.051, 17.585, 16.21, 15.935, 15.367, 14.11, 13.906, 13.087, 10.918, 10.544, 9.203, 7.976, 9.805, 10.79, 10.138], [8.056, 8.934, 6.407, 5.019, 3.825, 3.077, 3.543, 3.617, 2.222, 0.0, 1.601, 2.498, 2.673, 2.558, 2.345, 3.026, 3.503, 3.214, 3.205, 2.899, 2.757, 3.483, 5.789, 6.501, 7.662, 7.926, 7.456, 7.091, 6.948, 6.97, 5.968, 6.263, 7.927, 8.707, 9.396, 11.064, 12.334, 10.377, 7.974, 6.962, 6.345, 5.706, 4.786, 3.471, 2.995, 4.397, 5.351, 4.098, 3.204, 3.6, 5.009, 6.671, 8.2, 9.477, 9.814, 12.262, 12.934, 10.274, 7.215, 5.237, 4.438, 3.889, 2.797, 4.116, 4.79, 4.694, 4.607, 4.801, 5.889, 6.305, 6.805, 7.558, 8.481, 9.271, 9.404, 9.405, 9.243, 8.759, 9.037, 9.222, 7.358, 5.928, 5.747, 4.209, 2.634, 2.527, 4.763, 5.038, 5.996, 10.595, 13.833, 13.605, 13.219, 13.108, 14.303, 14.834, 14.775, 14.659, 14.072, 13.045, 10.785, 9.29, 9.506, 9.907, 10.368, 11.697, 10.997, 8.644, 7.533, 7.011, 7.541, 9.494, 10.387, 10.525, 11.567, 12.748, 14.317, 14.857, 13.241, 11.682, 10.53, 9.901, 10.097, 10.044, 9.203, 7.399, 6.769, 5.933, 5.3, 6.385, 7.738, 7.053, 7.62, 9.575, 9.2, 7.634, 5.232, 5.58, 7.632, 5.834, 3.244, 2.663, 2.375, 2.414, 2.69, 3.095, 3.972, 4.964, 6.264, 7.564, 7.745, 6.912, 6.527, 6.643, 6.302, 8.469, 10.568, 9.154, 7.652, 7.23, 7.403, 7.878, 10.028, 11.987, 13.347, 13.675, 12.867, 12.837, 13.895, 14.449, 12.149, 12.299, 14.221, 13.495, 13.539, 15.168, 15.259, 14.747, 15.487, 16.204, 16.518, 16.844, 15.509, 14.615, 12.813, 10.923, 11.904, 14.343, 15.988, 18.227, 21.104, 21.903, 19.457, 18.064, 17.779, 17.218, 15.967, 15.749, 14.941, 12.771, 12.453, 11.083, 9.902, 11.802, 12.69, 12.019], [9.298, 10.179, 7.437, 6.12, 4.334, 3.641, 4.186, 4.489, 3.139, 1.601, 0.0, 1.862, 1.942, 1.803, 1.803, 2.498, 2.789, 2.562, 2.457, 2.221, 2.121, 2.468, 5.03, 5.763, 6.966, 7.214, 6.757, 6.342, 6.301, 6.275, 5.241, 5.55, 7.188, 7.926, 8.633, 10.234, 11.463, 9.505, 7.091, 6.221, 6.103, 4.863, 4.577, 2.822, 2.556, 3.876, 4.884, 3.743, 3.394, 4.438, 5.842, 7.67, 9.198, 10.476, 10.813, 13.26, 13.933, 11.273, 8.203, 5.465, 4.241, 3.494, 2.558, 3.263, 3.952, 3.821, 3.629, 3.941, 5.037, 5.577, 6.075, 6.663, 7.567, 8.458, 8.695, 8.625, 8.334, 7.869, 8.223, 8.417, 6.398, 5.118, 5.041, 3.503, 2.315, 2.941, 5.705, 6.04, 6.997, 11.581, 14.727, 14.598, 14.198, 14.083, 15.286, 15.81, 15.773, 15.658, 15.07, 14.042, 11.771, 10.263, 10.505, 10.905, 11.365, 12.683, 11.955, 9.665, 8.545, 8.021, 8.585, 10.437, 11.228, 11.555, 12.524, 13.724, 15.318, 15.858, 14.251, 12.689, 11.545, 10.895, 11.084, 11.042, 10.189, 8.375, 7.765, 6.915, 6.275, 7.37, 8.726, 8.052, 8.617, 10.573, 10.197, 8.633, 6.231, 6.573, 8.618, 6.716, 4.174, 3.494, 3.253, 3.406, 3.696, 3.841, 4.929, 6.002, 7.227, 8.548, 8.715, 7.91, 7.512, 7.584, 7.19, 9.468, 11.567, 10.009, 8.492, 8.126, 8.246, 8.632, 11.017, 12.981, 14.345, 14.674, 13.865, 13.836, 14.893, 15.448, 13.147, 13.254, 15.219, 14.479, 14.53, 16.167, 16.258, 15.745, 16.486, 17.203, 17.516, 17.842, 16.508, 15.613, 13.811, 11.922, 12.903, 15.342, 16.987, 19.226, 22.103, 22.901, 20.447, 19.063, 18.778, 18.216, 16.965, 16.747, 15.939, 13.769, 13.391, 12.076, 10.864, 12.709, 13.652, 12.992], [10.204, 11.135, 8.626, 7.122, 5.485, 4.652, 5.378, 5.689, 4.227, 2.498, 1.862, 0.0, 1.442, 2.039, 2.368, 2.315, 2.715, 2.703, 2.473, 2.436, 2.321, 2.104, 4.181, 4.88, 6.008, 6.18, 5.655, 5.42, 5.44, 5.086, 4.179, 4.497, 6.016, 6.781, 7.406, 9.126, 10.226, 8.279, 6.102, 5.355, 6.016, 5.492, 4.981, 3.524, 3.462, 4.23, 4.896, 4.507, 4.566, 5.713, 7.202, 8.974, 10.501, 11.776, 12.104, 14.544, 15.217, 12.577, 9.511, 6.706, 5.268, 4.439, 3.031, 4.066, 4.687, 4.302, 3.449, 3.611, 4.45, 4.865, 5.19, 5.971, 6.839, 7.659, 7.773, 7.632, 7.257, 6.783, 7.004, 7.264, 5.439, 4.064, 4.086, 3.186, 2.832, 4.324, 6.997, 7.332, 8.292, 12.893, 16.001, 15.907, 15.503, 15.375, 16.57, 17.106, 17.078, 16.958, 16.373, 15.342, 13.081, 11.567, 11.809, 12.21, 12.67, 13.991, 13.185, 10.401, 9.329, 8.757, 9.692, 11.747, 12.511, 12.798, 13.828, 15.016, 16.612, 17.145, 15.524, 13.971, 12.841, 12.207, 12.388, 12.346, 11.504, 9.701, 9.102, 8.261, 7.602, 8.679, 10.037, 9.354, 9.923, 11.873, 11.499, 9.935, 7.535, 7.881, 9.925, 8.016, 5.467, 4.772, 4.546, 4.627, 4.903, 5.221, 6.166, 7.188, 8.464, 9.852, 10.019, 9.215, 8.823, 8.88, 8.487, 10.77, 12.861, 11.283, 9.726, 9.137, 9.279, 10.007, 12.33, 14.29, 15.647, 15.978, 15.156, 15.131, 16.191, 16.736, 14.448, 14.571, 16.523, 15.793, 15.841, 17.471, 17.557, 17.04, 17.79, 18.499, 18.815, 19.131, 17.806, 16.905, 15.098, 13.204, 14.192, 16.628, 18.276, 20.52, 23.39, 24.199, 21.752, 20.366, 20.077, 19.507, 18.266, 18.043, 17.235, 15.074, 14.695, 13.355, 12.152, 13.99, 14.969, 14.296], [10.544, 11.317, 8.751, 7.433, 5.702, 5.067, 5.576, 5.787, 4.602, 2.673, 1.942, 1.442, 0.0, 1.342, 1.865, 1.911, 2.312, 2.405, 2.225, 2.209, 2.12, 1.36, 3.484, 4.283, 5.481, 5.699, 5.258, 4.911, 5.013, 4.79, 3.781, 4.168, 5.736, 6.489, 7.177, 8.87, 10.107, 8.167, 5.868, 5.075, 5.385, 4.612, 4.001, 2.688, 2.739, 3.317, 4.006, 3.498, 4.099, 5.609, 7.072, 8.92, 10.451, 11.725, 12.07, 14.494, 15.167, 12.526, 9.481, 6.329, 4.563, 3.722, 2.369, 3.237, 3.905, 3.566, 2.509, 2.821, 3.699, 4.112, 4.684, 5.224, 6.081, 6.943, 7.152, 7.202, 7.048, 6.569, 6.831, 7.026, 5.159, 3.742, 3.54, 2.744, 2.639, 4.37, 7.034, 7.32, 8.227, 12.85, 16.125, 15.857, 15.487, 15.377, 16.524, 17.056, 17.027, 16.902, 16.321, 15.291, 13.039, 11.537, 11.758, 12.158, 12.62, 13.958, 13.346, 11.121, 10.016, 9.381, 9.914, 11.727, 12.614, 12.851, 13.926, 15.039, 16.562, 17.096, 15.474, 13.944, 12.802, 12.149, 12.337, 12.296, 11.451, 9.682, 9.026, 8.207, 7.56, 8.629, 9.986, 9.303, 9.872, 11.822, 11.472, 9.885, 7.484, 7.83, 9.874, 8.056, 5.452, 4.862, 4.555, 4.678, 4.948, 5.306, 6.316, 7.281, 8.58, 9.822, 9.986, 9.164, 8.772, 8.86, 8.523, 10.732, 12.811, 11.286, 9.873, 9.448, 9.567, 10.113, 12.279, 14.239, 15.597, 15.927, 15.119, 15.084, 16.141, 16.685, 14.401, 14.539, 16.473, 15.742, 15.791, 17.42, 17.506, 16.99, 17.739, 18.448, 18.765, 19.081, 17.756, 16.855, 15.047, 13.154, 14.141, 16.578, 18.226, 20.47, 23.34, 24.149, 21.702, 20.316, 20.027, 19.457, 18.216, 17.993, 17.185, 15.023, 14.717, 13.357, 12.177, 14.067, 14.921, 14.281], [10.103, 10.676, 8.299, 6.932, 5.369, 4.762, 5.098, 5.327, 4.231, 2.558, 1.803, 2.039, 1.342, 0.0, 1.243, 1.618, 2.162, 2.257, 2.026, 1.997, 1.919, 1.732, 4.166, 4.894, 6.015, 6.235, 5.748, 5.368, 5.333, 5.19, 4.422, 4.777, 6.371, 7.128, 7.924, 9.644, 10.876, 8.96, 6.629, 5.695, 5.536, 4.631, 3.75, 2.242, 2.046, 3.005, 3.999, 3.004, 3.222, 4.829, 6.251, 7.996, 9.505, 10.787, 11.132, 13.588, 14.258, 11.598, 8.541, 5.581, 3.918, 3.185, 1.953, 2.783, 3.297, 3.092, 2.658, 2.899, 3.83, 4.798, 5.502, 5.874, 6.582, 7.452, 7.744, 8.01, 7.916, 7.389, 7.613, 7.782, 6.041, 4.563, 4.257, 2.642, 2.211, 3.53, 6.15, 6.366, 7.316, 12.094, 15.492, 14.925, 14.733, 14.716, 15.807, 16.299, 16.122, 15.975, 15.429, 14.505, 12.159, 10.709, 10.902, 11.239, 11.677, 13.171, 12.756, 10.812, 9.671, 9.035, 9.467, 11.112, 12.06, 12.24, 13.234, 14.48, 15.783, 16.208, 14.595, 13.104, 11.952, 11.273, 11.494, 11.359, 10.721, 9.06, 8.278, 7.502, 6.959, 7.812, 9.14, 8.416, 8.952, 10.904, 10.498, 8.94, 6.537, 7.046, 9.038, 7.506, 4.901, 4.324, 4.044, 3.887, 4.26, 4.556, 5.682, 6.834, 8.102, 9.082, 9.248, 8.234, 7.923, 7.949, 7.661, 9.801, 11.898, 10.383, 9.139, 8.727, 8.829, 9.294, 11.393, 13.3, 14.651, 15.031, 14.244, 14.169, 15.208, 15.765, 13.574, 13.944, 15.558, 14.966, 14.937, 16.532, 16.558, 16.048, 16.822, 17.505, 17.818, 18.16, 16.808, 15.923, 14.124, 12.237, 13.228, 15.653, 17.296, 19.539, 22.429, 23.21, 20.815, 19.387, 19.147, 18.57, 17.269, 17.065, 16.246, 14.19, 13.995, 12.688, 11.593, 13.477, 14.205, 13.498], [9.37, 10.059, 7.51, 6.202, 4.652, 4.012, 4.361, 4.693, 3.637, 2.345, 1.803, 2.368, 1.865, 1.243, 0.0, 1.573, 2.183, 2.247, 1.94, 1.771, 1.677, 2.316, 4.769, 5.544, 6.704, 6.778, 6.398, 5.909, 5.795, 5.854, 5.036, 5.298, 6.953, 7.625, 8.411, 10.154, 11.417, 9.478, 7.29, 6.135, 6.166, 5.251, 4.523, 2.899, 2.442, 3.843, 4.826, 3.785, 3.32, 4.531, 5.852, 7.44, 8.914, 10.168, 10.513, 12.962, 13.639, 10.978, 8.19, 5.858, 4.462, 3.632, 2.589, 3.4, 3.824, 3.762, 3.305, 3.735, 4.667, 5.46, 6.106, 6.448, 7.233, 8.055, 8.335, 8.549, 8.427, 7.898, 8.154, 8.354, 6.652, 5.183, 4.895, 3.287, 2.405, 2.905, 5.559, 5.805, 6.773, 11.498, 14.897, 14.403, 14.104, 13.975, 15.085, 15.579, 15.551, 15.388, 14.811, 13.83, 11.663, 10.072, 10.29, 10.643, 11.186, 12.614, 12.183, 10.052, 8.899, 8.368, 8.768, 10.511, 11.454, 11.477, 12.404, 13.895, 15.197, 15.656, 14.011, 12.511, 11.364, 10.74, 10.919, 10.832, 10.173, 8.59, 7.74, 7.031, 6.502, 7.276, 8.594, 7.811, 8.425, 10.264, 9.939, 8.337, 6.007, 6.435, 8.423, 6.896, 4.337, 3.916, 3.73, 3.377, 3.613, 3.968, 4.913, 6.07, 7.322, 8.42, 8.527, 7.658, 7.338, 7.369, 6.938, 9.175, 11.279, 9.769, 8.366, 7.951, 8.092, 8.591, 10.879, 12.79, 14.061, 14.389, 13.594, 13.526, 14.589, 15.145, 12.973, 13.315, 14.978, 14.355, 14.355, 15.917, 15.999, 15.476, 16.182, 16.933, 17.247, 17.54, 16.252, 15.303, 13.504, 11.618, 12.608, 15.033, 16.68, 18.92, 21.81, 22.592, 20.221, 18.773, 18.485, 17.908, 16.686, 16.446, 15.649, 13.497, 13.273, 11.992, 10.989, 12.822, 13.596, 12.826], [10.179, 10.88, 8.186, 6.65, 4.973, 4.367, 4.95, 5.364, 4.401, 3.026, 2.498, 2.315, 1.911, 1.618, 1.573, 0.0, 1.631, 1.758, 1.732, 1.678, 1.363, 1.838, 4.038, 4.816, 5.965, 6.148, 5.678, 5.205, 5.006, 5.115, 4.321, 4.609, 6.252, 7.025, 7.804, 9.547, 10.814, 8.875, 6.553, 5.651, 5.437, 5.016, 4.254, 3.03, 2.745, 3.517, 4.325, 3.82, 4.035, 5.199, 6.636, 8.159, 9.634, 10.892, 11.347, 13.702, 14.367, 11.719, 8.91, 6.598, 4.891, 3.819, 2.812, 3.409, 4.42, 3.937, 2.749, 3.283, 4.26, 4.844, 5.408, 5.623, 6.53, 7.312, 7.649, 7.92, 7.82, 7.291, 7.55, 7.719, 5.936, 4.459, 4.199, 3.23, 2.838, 3.454, 6.284, 6.551, 7.522, 12.217, 15.801, 15.032, 14.909, 14.84, 15.887, 16.427, 16.254, 16.126, 15.575, 14.612, 12.367, 10.91, 11.029, 11.383, 11.832, 13.359, 13.039, 10.615, 9.484, 9.161, 9.603, 11.3, 12.297, 12.374, 13.215, 14.725, 15.921, 16.361, 14.75, 13.275, 12.129, 11.448, 11.63, 11.518, 10.886, 9.397, 8.474, 7.787, 7.249, 7.929, 9.239, 8.523, 9.096, 11.006, 10.606, 9.057, 6.679, 7.111, 9.096, 7.669, 5.119, 4.63, 4.55, 4.236, 4.523, 4.427, 5.543, 6.783, 8.033, 9.143, 9.353, 8.336, 7.993, 8.057, 7.685, 9.904, 12.003, 10.395, 8.645, 8.152, 8.362, 8.985, 11.504, 13.417, 14.773, 15.133, 14.371, 14.278, 15.313, 15.87, 13.677, 14.048, 15.656, 15.014, 14.999, 16.604, 16.663, 16.153, 16.906, 17.61, 17.923, 18.265, 16.913, 16.028, 14.229, 12.342, 13.333, 15.758, 17.401, 19.644, 22.534, 23.315, 20.871, 19.477, 19.244, 18.659, 17.374, 17.17, 16.37, 14.272, 14.099, 12.899, 11.811, 13.561, 14.333, 13.625], [11.054, 11.776, 9.091, 7.398, 5.76, 5.027, 5.796, 6.189, 5.179, 3.503, 2.789, 2.715, 2.312, 2.162, 2.183, 1.631, 0.0, 1.161, 1.257, 1.208, 1.331, 2.022, 3.218, 3.952, 5.073, 5.258, 4.782, 4.435, 4.078, 4.232, 3.491, 3.725, 5.377, 6.162, 6.962, 8.647, 9.906, 8.109, 6.014, 5.051, 5.054, 5.169, 4.383, 3.208, 3.007, 3.524, 4.568, 3.988, 4.279, 5.795, 7.278, 9.064, 10.5, 11.782, 12.186, 14.632, 15.254, 12.598, 9.594, 7.012, 5.219, 4.047, 2.956, 3.563, 4.561, 4.086, 3.171, 3.563, 4.247, 4.983, 5.105, 4.98, 5.987, 6.401, 6.7, 7.013, 6.92, 6.391, 6.655, 6.849, 5.172, 3.666, 3.331, 2.294, 2.723, 4.097, 7.061, 7.335, 8.318, 13.211, 16.697, 15.932, 15.864, 15.844, 16.879, 17.385, 17.215, 17.001, 16.476, 15.584, 13.207, 11.904, 11.919, 12.279, 12.701, 14.255, 13.929, 11.363, 10.266, 10.043, 10.518, 12.249, 13.249, 13.289, 14.153, 15.664, 16.893, 17.313, 15.615, 14.152, 13.0, 12.294, 12.478, 12.43, 11.781, 10.168, 9.314, 8.604, 8.11, 8.851, 10.115, 9.468, 9.993, 11.888, 11.493, 9.935, 7.523, 8.108, 10.061, 8.662, 6.07, 5.491, 5.249, 4.98, 5.276, 5.386, 6.43, 7.7, 9.068, 10.198, 10.387, 9.264, 8.923, 8.953, 8.617, 10.802, 12.997, 11.292, 9.346, 8.506, 8.663, 9.813, 12.377, 14.314, 15.646, 16.015, 15.346, 15.267, 16.237, 16.76, 14.685, 15.075, 16.651, 16.001, 15.961, 17.503, 17.554, 17.043, 17.796, 18.5, 18.814, 19.155, 17.803, 16.918, 15.119, 13.232, 14.225, 16.648, 18.291, 20.535, 23.424, 24.205, 21.82, 20.376, 20.204, 19.587, 18.284, 18.061, 17.242, 15.219, 15.092, 13.826, 12.748, 14.573, 15.307, 14.588], [10.679, 11.369, 8.799, 6.973, 5.533, 4.653, 5.387, 5.883, 4.799, 3.214, 2.562, 2.703, 2.405, 2.257, 2.247, 1.758, 1.161, 0.0, 0.88, 1.052, 1.225, 2.045, 3.561, 4.179, 5.354, 5.506, 5.062, 4.726, 4.514, 4.544, 3.78, 4.018, 5.708, 6.415, 7.212, 8.886, 10.144, 8.204, 5.957, 5.002, 4.639, 4.779, 4.012, 2.865, 2.671, 3.177, 4.315, 3.497, 4.003, 5.543, 7.002, 8.808, 10.232, 11.496, 11.886, 14.373, 14.942, 12.324, 9.331, 6.764, 4.941, 3.578, 2.65, 3.078, 4.365, 3.92, 2.965, 3.358, 4.196, 4.794, 4.884, 5.435, 6.244, 6.776, 6.921, 7.247, 7.154, 6.625, 6.878, 7.05, 5.355, 3.914, 3.63, 2.712, 2.535, 3.835, 6.712, 7.046, 8.035, 12.994, 16.39, 15.741, 15.615, 15.571, 16.608, 17.13, 16.952, 16.716, 16.198, 15.298, 12.938, 11.592, 11.67, 11.988, 12.441, 14.052, 13.623, 10.957, 9.824, 9.642, 10.162, 12.022, 13.001, 13.0, 13.874, 15.375, 16.596, 17.014, 15.302, 13.828, 12.675, 11.972, 12.211, 12.175, 11.558, 9.829, 9.037, 8.363, 7.824, 8.604, 9.86, 9.229, 9.748, 11.612, 11.212, 9.648, 7.27, 7.913, 9.842, 8.437, 5.833, 5.261, 4.931, 4.61, 4.939, 5.162, 6.1, 7.432, 8.843, 9.944, 10.109, 9.026, 8.728, 8.724, 8.373, 10.521, 12.747, 11.017, 9.101, 8.179, 8.482, 9.534, 12.143, 14.118, 15.365, 15.735, 15.072, 15.01, 15.996, 16.471, 14.443, 14.855, 16.408, 15.806, 15.753, 17.23, 17.272, 16.784, 17.51, 18.214, 18.527, 18.852, 17.526, 16.623, 14.821, 12.931, 13.955, 16.351, 17.997, 20.235, 23.112, 23.919, 21.583, 20.089, 19.942, 19.323, 17.996, 17.766, 16.955, 14.966, 14.825, 13.548, 12.493, 14.348, 15.084, 14.34], [10.586, 11.264, 8.739, 6.983, 5.519, 4.581, 5.338, 5.83, 4.72, 3.205, 2.457, 2.473, 2.225, 2.026, 1.94, 1.732, 1.257, 0.88, 0.0, 0.92, 1.226, 1.784, 3.392, 4.011, 5.126, 5.319, 4.855, 4.513, 4.355, 4.309, 3.652, 3.82, 5.485, 6.182, 6.984, 8.712, 9.954, 8.042, 5.829, 4.768, 4.854, 4.748, 4.185, 2.993, 2.775, 3.433, 4.477, 3.602, 4.205, 5.739, 7.129, 8.897, 10.39, 11.67, 12.016, 14.46, 15.135, 12.493, 9.551, 6.911, 4.989, 3.595, 2.76, 3.145, 4.261, 3.916, 2.894, 3.349, 4.188, 4.761, 4.834, 5.233, 6.202, 6.761, 6.883, 7.078, 6.985, 6.456, 6.69, 6.859, 5.158, 3.681, 3.409, 2.444, 2.28, 3.94, 6.908, 7.221, 8.2, 12.986, 16.313, 15.859, 15.588, 15.54, 16.65, 17.161, 16.985, 16.853, 16.308, 15.347, 13.052, 11.522, 11.774, 12.119, 12.577, 14.071, 13.555, 10.899, 9.801, 9.549, 10.081, 12.002, 12.929, 12.982, 13.793, 15.317, 16.618, 17.057, 15.451, 13.909, 12.76, 12.101, 12.358, 12.226, 11.589, 9.883, 9.101, 8.364, 7.799, 8.688, 10.059, 9.302, 9.87, 11.797, 11.387, 9.823, 7.455, 7.938, 9.937, 8.373, 5.771, 5.257, 4.936, 4.611, 4.94, 5.127, 6.046, 7.397, 8.792, 9.923, 10.091, 9.121, 8.845, 8.83, 8.457, 10.681, 12.782, 11.198, 9.211, 8.435, 8.541, 9.666, 12.322, 14.235, 15.534, 15.913, 15.086, 15.061, 16.092, 16.648, 14.445, 14.819, 16.422, 15.883, 15.849, 17.424, 17.442, 16.935, 17.705, 18.388, 18.702, 19.039, 17.695, 16.806, 15.007, 13.119, 14.1, 16.536, 18.179, 20.422, 23.3, 24.093, 21.713, 20.279, 20.014, 19.463, 18.153, 17.945, 17.135, 15.06, 14.837, 13.531, 12.43, 14.323, 15.101, 14.348], [10.192, 10.891, 8.31, 6.592, 5.077, 4.224, 4.929, 5.394, 4.329, 2.899, 2.221, 2.436, 2.209, 1.997, 1.771, 1.678, 1.208, 1.052, 0.92, 0.0, 0.843, 2.025, 3.657, 4.42, 5.58, 5.722, 5.28, 4.85, 4.666, 4.753, 3.943, 4.201, 5.857, 6.594, 7.378, 9.104, 10.356, 8.475, 6.237, 5.133, 5.24, 4.86, 4.417, 2.961, 2.677, 3.64, 4.713, 3.719, 3.973, 5.482, 6.75, 8.496, 10.014, 11.293, 11.629, 14.074, 14.747, 12.103, 9.117, 6.763, 4.991, 3.765, 2.74, 3.292, 4.397, 4.019, 3.26, 3.659, 4.491, 5.085, 5.271, 5.46, 6.442, 7.084, 7.249, 7.47, 7.377, 6.848, 7.093, 7.266, 5.531, 4.057, 3.749, 2.568, 2.243, 3.624, 6.522, 6.847, 7.819, 12.516, 15.906, 15.444, 15.14, 15.12, 16.188, 16.72, 16.585, 16.478, 15.906, 14.889, 12.627, 11.155, 11.339, 11.725, 12.185, 13.601, 13.137, 10.573, 9.478, 9.182, 9.672, 11.542, 12.515, 12.549, 13.401, 14.888, 16.138, 16.677, 15.066, 13.518, 12.372, 11.717, 11.927, 11.852, 11.134, 9.417, 8.643, 7.931, 7.338, 8.235, 9.615, 8.861, 9.44, 11.393, 11.007, 9.449, 7.042, 7.471, 9.479, 7.953, 5.347, 4.765, 4.454, 4.196, 4.51, 4.722, 5.629, 6.952, 8.366, 9.487, 9.658, 8.719, 8.4, 8.386, 8.021, 10.304, 12.41, 10.79, 8.866, 8.155, 8.263, 9.276, 11.896, 13.821, 15.16, 15.507, 14.687, 14.655, 15.707, 16.262, 13.99, 14.38, 16.033, 15.41, 15.394, 16.987, 17.068, 16.557, 17.314, 18.014, 18.328, 18.656, 17.317, 16.427, 14.625, 12.736, 13.717, 16.156, 17.801, 20.04, 22.917, 23.715, 21.28, 19.878, 19.604, 19.035, 17.779, 17.562, 16.754, 14.618, 14.395, 13.091, 12.009, 13.867, 14.641, 13.898], [10.062, 10.822, 8.115, 6.569, 4.793, 4.206, 4.867, 5.205, 4.19, 2.757, 2.121, 2.321, 2.12, 1.919, 1.677, 1.363, 1.331, 1.225, 1.226, 0.843, 0.0, 1.978, 3.953, 4.815, 5.964, 6.122, 5.66, 5.149, 4.905, 5.114, 4.254, 4.542, 6.201, 6.995, 7.757, 9.483, 10.762, 8.832, 6.496, 5.473, 5.467, 4.867, 4.276, 2.886, 2.599, 3.519, 4.54, 3.663, 3.941, 5.195, 6.467, 8.191, 9.703, 10.985, 11.388, 13.775, 14.457, 11.792, 8.808, 6.674, 4.963, 3.734, 2.746, 3.212, 4.354, 3.948, 3.038, 3.589, 4.349, 4.923, 5.446, 5.645, 6.489, 7.322, 7.635, 7.864, 7.737, 7.214, 7.498, 7.669, 5.842, 4.365, 4.135, 3.018, 2.575, 3.456, 6.25, 6.536, 7.517, 12.206, 15.691, 15.098, 14.876, 14.817, 15.862, 16.384, 16.276, 16.172, 15.596, 14.604, 12.344, 10.934, 11.018, 11.427, 11.878, 13.267, 12.925, 10.528, 9.382, 9.022, 9.502, 11.228, 12.227, 12.29, 13.196, 14.628, 15.92, 16.403, 14.796, 13.247, 12.098, 11.445, 11.586, 11.551, 10.732, 9.16, 8.332, 7.59, 7.08, 7.908, 9.241, 8.554, 9.114, 11.082, 10.696, 9.138, 6.738, 7.113, 9.128, 7.627, 5.032, 4.45, 4.243, 4.058, 4.303, 4.403, 5.518, 6.707, 8.027, 9.175, 9.397, 8.408, 8.008, 8.08, 7.696, 9.993, 12.097, 10.479, 8.704, 8.106, 8.306, 9.074, 11.534, 13.477, 14.849, 15.196, 14.388, 14.381, 15.407, 15.963, 13.716, 14.032, 15.718, 15.025, 15.036, 16.664, 16.757, 16.246, 16.999, 17.703, 18.017, 18.358, 17.006, 16.121, 14.322, 12.436, 13.426, 15.851, 17.494, 19.738, 22.628, 23.409, 20.943, 19.567, 19.298, 18.724, 17.468, 17.264, 16.445, 14.298, 14.079, 12.839, 11.743, 13.545, 14.271, 13.594], [11.228, 12.049, 9.297, 7.947, 6.131, 5.486, 6.023, 6.402, 5.191, 3.483, 2.468, 2.104, 1.36, 1.732, 2.316, 1.838, 2.022, 2.045, 1.784, 2.025, 1.978, 0.0, 2.788, 3.586, 4.712, 4.894, 4.566, 4.064, 4.122, 4.069, 3.123, 3.401, 4.987, 5.66, 6.406, 8.114, 9.392, 7.452, 5.274, 4.539, 4.895, 4.196, 3.727, 2.796, 2.976, 3.0, 3.694, 3.355, 4.699, 6.385, 7.814, 9.599, 11.117, 12.4, 12.745, 15.189, 15.871, 13.206, 10.141, 6.989, 4.809, 3.464, 2.794, 2.935, 3.965, 3.503, 1.996, 2.34, 3.273, 3.626, 4.174, 4.485, 5.383, 6.265, 6.495, 6.491, 6.35, 5.836, 6.146, 6.331, 4.428, 2.99, 2.873, 2.721, 2.869, 4.739, 7.662, 7.95, 8.929, 13.491, 16.747, 16.508, 16.131, 16.01, 17.202, 17.73, 17.687, 17.581, 17.009, 15.969, 13.715, 12.189, 12.418, 12.83, 13.281, 14.593, 13.961, 11.673, 10.566, 10.152, 10.536, 12.391, 13.274, 13.477, 14.435, 15.722, 17.265, 17.805, 16.199, 14.646, 13.497, 12.844, 12.996, 12.955, 12.098, 10.367, 9.698, 8.845, 8.242, 9.311, 10.639, 9.964, 10.527, 12.496, 12.11, 10.552, 8.141, 8.482, 10.528, 8.729, 6.13, 5.536, 5.232, 5.306, 5.568, 5.726, 6.786, 7.89, 9.203, 10.459, 10.642, 9.822, 9.422, 9.489, 9.11, 11.407, 13.511, 11.901, 10.257, 9.834, 9.941, 10.503, 12.926, 14.891, 16.263, 16.61, 15.787, 15.758, 16.821, 17.377, 15.058, 15.197, 17.132, 16.388, 16.439, 18.078, 18.171, 17.66, 18.414, 19.117, 19.431, 19.772, 18.42, 17.536, 15.736, 13.85, 14.84, 17.265, 18.908, 21.152, 24.042, 24.823, 22.357, 20.981, 20.707, 20.139, 18.882, 18.678, 17.859, 15.69, 15.34, 14.007, 12.79, 14.7, 15.576, 14.91], [13.769, 14.481, 11.833, 10.158, 8.541, 7.753, 8.52, 8.873, 7.873, 5.789, 5.03, 4.181, 3.484, 4.166, 4.769, 4.038, 3.218, 3.561, 3.392, 3.657, 3.953, 2.788, 0.0, 1.496, 2.417, 2.608, 2.493, 2.656, 2.658, 2.826, 2.027, 1.897, 3.055, 3.574, 4.342, 5.851, 6.868, 5.457, 4.132, 3.5, 4.116, 4.165, 3.81, 4.341, 5.1, 3.316, 3.318, 3.874, 6.885, 8.574, 10.117, 11.966, 13.495, 14.747, 15.109, 17.491, 18.212, 15.599, 12.46, 9.103, 6.011, 4.611, 3.922, 3.701, 4.731, 4.124, 2.44, 2.451, 2.634, 2.962, 3.081, 2.332, 3.212, 3.654, 3.827, 4.008, 3.915, 3.407, 3.628, 3.812, 2.315, 1.276, 1.147, 2.449, 4.351, 7.057, 9.963, 10.347, 11.249, 16.031, 19.424, 18.984, 18.633, 18.595, 19.682, 20.21, 20.084, 19.932, 19.375, 18.398, 16.159, 14.646, 14.837, 15.181, 15.692, 17.053, 16.688, 14.117, 13.025, 12.75, 13.249, 15.042, 16.022, 16.026, 16.84, 18.383, 19.678, 20.106, 18.51, 16.958, 15.806, 15.215, 15.438, 15.367, 14.639, 12.849, 12.115, 11.437, 10.826, 11.772, 13.144, 12.342, 12.96, 14.853, 14.481, 12.927, 10.556, 10.969, 13.016, 11.457, 8.854, 8.252, 7.932, 7.73, 7.955, 8.256, 9.218, 10.465, 11.863, 12.973, 13.146, 12.219, 11.928, 11.868, 11.484, 13.782, 15.868, 14.248, 12.292, 11.523, 11.563, 12.755, 15.434, 17.351, 18.628, 19.024, 18.137, 18.119, 19.155, 19.704, 17.46, 17.87, 19.532, 18.916, 18.931, 20.507, 20.518, 20.012, 20.833, 21.463, 21.781, 22.088, 20.759, 19.853, 18.045, 16.174, 17.151, 19.595, 21.236, 23.478, 26.338, 27.164, 24.817, 23.365, 23.057, 22.493, 21.244, 21.001, 20.21, 18.1, 17.844, 16.577, 15.521, 17.368, 18.151, 17.335], [14.492, 15.173, 12.66, 10.812, 9.445, 8.468, 9.262, 9.751, 8.606, 6.501, 5.763, 4.88, 4.283, 4.894, 5.544, 4.816, 3.952, 4.179, 4.011, 4.42, 4.815, 3.586, 1.496, 0.0, 1.526, 2.033, 1.981, 2.353, 2.483, 2.124, 1.631, 1.635, 2.596, 2.917, 3.574, 5.038, 6.076, 4.817, 3.936, 3.741, 4.374, 4.722, 4.396, 5.183, 5.985, 4.252, 3.831, 4.804, 7.737, 9.447, 11.014, 12.851, 14.362, 15.629, 15.99, 18.441, 19.084, 16.458, 13.352, 9.957, 6.78, 5.434, 4.646, 4.395, 5.216, 4.657, 3.204, 2.879, 3.049, 3.122, 2.713, 2.308, 2.876, 3.356, 3.01, 3.123, 3.027, 2.56, 3.022, 2.951, 1.713, 1.348, 1.758, 2.956, 5.056, 7.907, 10.843, 11.198, 12.138, 16.912, 20.227, 19.798, 19.52, 19.486, 20.601, 21.115, 20.95, 20.833, 20.282, 19.302, 16.987, 15.494, 15.73, 16.082, 16.538, 18.002, 17.438, 14.747, 13.59, 13.441, 13.98, 15.928, 16.852, 16.928, 17.747, 19.215, 20.52, 21.008, 19.395, 17.872, 16.711, 16.057, 16.311, 16.207, 15.523, 13.766, 13.025, 12.252, 11.672, 12.611, 13.993, 13.258, 13.817, 15.757, 15.356, 13.801, 11.396, 11.868, 13.871, 12.298, 9.693, 9.107, 8.696, 8.514, 8.861, 9.065, 9.965, 11.312, 12.718, 13.86, 14.037, 13.075, 12.779, 12.771, 12.417, 14.66, 16.749, 15.153, 13.156, 12.213, 12.359, 13.646, 16.258, 18.176, 19.507, 19.871, 19.065, 19.021, 20.049, 20.605, 18.379, 18.744, 20.385, 19.818, 19.784, 21.368, 21.409, 20.902, 21.67, 22.354, 22.668, 22.992, 21.659, 20.765, 18.958, 17.064, 18.054, 20.493, 22.136, 24.377, 27.25, 28.053, 25.647, 24.239, 23.994, 23.422, 22.134, 21.899, 21.095, 19.02, 18.783, 17.477, 16.356, 18.249, 19.036, 18.3], [15.569, 16.235, 13.779, 11.92, 10.57, 9.576, 10.391, 10.859, 9.704, 7.662, 6.966, 6.008, 5.481, 6.015, 6.704, 5.965, 5.073, 5.354, 5.126, 5.58, 5.964, 4.712, 2.417, 1.526, 0.0, 1.337, 1.341, 1.617, 2.069, 2.306, 2.324, 2.016, 1.605, 1.876, 2.46, 3.763, 4.936, 4.071, 3.918, 3.971, 4.593, 5.138, 5.49, 6.48, 7.168, 5.38, 4.232, 5.826, 8.915, 10.61, 12.108, 13.971, 15.467, 16.735, 17.081, 19.525, 20.207, 17.576, 14.467, 11.136, 8.038, 6.64, 5.89, 5.709, 6.235, 5.745, 4.352, 3.872, 3.766, 3.394, 2.555, 1.93, 2.438, 2.65, 2.228, 2.13, 2.089, 1.832, 2.374, 2.268, 1.648, 2.22, 2.569, 4.001, 6.159, 8.992, 11.963, 12.302, 13.256, 18.059, 21.36, 20.934, 20.651, 20.61, 21.761, 22.275, 22.082, 21.941, 21.4, 20.462, 18.132, 16.569, 16.889, 17.211, 17.615, 19.134, 18.547, 15.821, 14.656, 14.508, 15.083, 17.059, 17.97, 18.062, 18.879, 20.357, 21.708, 22.119, 20.512, 18.985, 17.822, 17.189, 17.471, 17.334, 16.672, 14.915, 14.185, 13.365, 12.826, 13.768, 15.142, 14.39, 14.944, 16.889, 16.464, 14.899, 12.518, 13.017, 15.02, 13.417, 10.806, 10.22, 9.857, 9.65, 9.987, 10.179, 11.118, 12.436, 13.84, 15.012, 15.184, 14.209, 13.928, 13.904, 13.549, 15.76, 17.847, 16.29, 14.264, 13.282, 13.462, 14.746, 17.401, 19.31, 20.599, 21.027, 20.165, 20.153, 21.161, 21.718, 19.498, 19.865, 21.514, 20.967, 20.933, 22.528, 22.507, 22.017, 22.805, 23.453, 23.772, 24.101, 22.756, 21.871, 20.07, 18.181, 19.162, 21.601, 23.244, 25.484, 28.362, 29.158, 26.799, 25.371, 25.096, 24.554, 23.217, 23.014, 22.212, 20.17, 19.933, 18.618, 17.472, 19.38, 20.185, 19.446], [15.757, 16.461, 13.951, 12.088, 10.735, 9.785, 10.532, 11.056, 9.902, 7.926, 7.214, 6.18, 5.699, 6.235, 6.778, 6.148, 5.258, 5.506, 5.319, 5.722, 6.122, 4.894, 2.608, 2.033, 1.337, 0.0, 1.061, 2.031, 2.32, 2.581, 2.61, 2.305, 1.713, 1.722, 1.989, 3.453, 4.667, 3.652, 3.558, 3.795, 4.385, 5.547, 5.862, 6.715, 7.4, 5.66, 4.539, 6.102, 9.148, 10.838, 12.289, 14.112, 15.646, 16.912, 17.258, 19.702, 20.368, 17.719, 14.649, 11.365, 8.277, 6.88, 6.151, 5.953, 6.845, 6.237, 4.582, 4.255, 4.264, 3.697, 2.478, 1.721, 2.229, 2.593, 1.998, 2.007, 1.978, 1.702, 1.97, 1.976, 1.97, 2.527, 2.895, 4.243, 6.282, 9.169, 12.139, 12.463, 13.432, 18.213, 21.53, 21.133, 20.807, 20.701, 21.826, 22.34, 22.253, 22.094, 21.521, 20.533, 18.325, 16.713, 17.021, 17.341, 17.876, 19.304, 18.751, 15.977, 14.843, 14.68, 15.268, 17.217, 18.156, 18.153, 18.991, 20.534, 21.85, 22.33, 20.689, 19.136, 17.979, 17.357, 17.61, 17.525, 16.825, 15.102, 14.323, 13.555, 12.989, 13.933, 15.315, 14.547, 15.131, 17.013, 16.68, 15.078, 12.733, 13.17, 15.178, 13.598, 10.989, 10.401, 10.018, 9.804, 10.089, 10.368, 11.255, 12.606, 14.012, 15.144, 15.249, 14.399, 14.1, 14.085, 13.648, 15.92, 18.024, 16.409, 14.453, 13.465, 13.617, 14.938, 17.59, 19.512, 20.798, 21.128, 20.3, 20.278, 21.334, 21.885, 19.669, 20.036, 21.701, 21.12, 21.087, 22.681, 22.74, 22.217, 22.928, 23.675, 23.989, 24.281, 22.994, 22.048, 20.247, 18.357, 19.341, 21.777, 23.421, 25.664, 28.538, 29.335, 26.971, 25.517, 25.225, 24.654, 23.427, 23.19, 22.385, 20.253, 19.998, 18.689, 17.654, 19.539, 20.338, 19.55], [15.187, 15.898, 13.479, 11.608, 10.265, 9.267, 10.09, 10.589, 9.392, 7.456, 6.757, 5.655, 5.258, 5.748, 6.398, 5.678, 4.782, 5.062, 4.855, 5.28, 5.66, 4.566, 2.493, 1.981, 1.341, 1.061, 0.0, 1.527, 2.038, 2.057, 2.151, 1.685, 1.303, 1.88, 2.292, 3.922, 5.156, 4.077, 3.939, 4.176, 4.849, 5.908, 6.032, 6.515, 7.013, 5.432, 4.813, 5.898, 8.717, 10.401, 11.88, 13.708, 15.213, 16.495, 16.84, 19.285, 19.962, 17.312, 14.237, 11.031, 7.997, 6.666, 5.925, 5.89, 6.965, 6.331, 4.616, 4.436, 4.538, 4.032, 2.742, 2.033, 2.624, 3.004, 2.625, 2.493, 2.481, 1.995, 2.406, 2.331, 1.975, 2.421, 2.813, 4.201, 5.927, 8.752, 11.735, 12.046, 13.024, 17.755, 21.038, 20.657, 20.338, 20.305, 21.448, 21.962, 21.79, 21.677, 21.107, 20.15, 17.847, 16.297, 16.576, 16.934, 17.379, 18.835, 18.236, 15.382, 14.25, 14.089, 14.768, 16.754, 17.676, 17