[[0.0, 0.984, 2.327, 3.073, 1.571, 1.591, 2.632, 3.518, 4.379, 4.609, 6.081, 5.534, 3.362, 4.026, 4.703, 3.199, 3.557, 3.786, 4.275, 5.625, 5.756, 4.459, 4.165, 4.316, 3.478, 2.843, 2.35, 1.823, 3.32, 4.311, 3.819, 3.336, 4.118, 5.564, 5.928, 5.463, 5.631, 5.383, 5.36, 4.901, 6.26, 5.915, 4.533, 5.836, 6.483, 5.65, 4.126, 4.426, 5.593, 6.369, 6.069, 7.051, 9.37, 11.303, 12.612, 12.49, 11.472, 10.822, 10.369, 10.386, 9.499, 9.389, 12.923, 15.298, 15.618, 15.305, 15.149, 15.351, 15.493, 13.781, 11.873, 12.9, 12.527, 11.889, 12.706, 12.507, 9.988, 6.88, 4.139, 2.431, 1.593, 2.977, 2.555, 2.13, 4.569, 7.419, 9.713, 10.141, 10.229, 11.405, 11.416, 10.608, 10.61, 10.683, 9.867, 9.311, 8.89, 8.924, 7.704, 5.24, 4.58, 4.605, 5.475, 5.989, 6.514, 5.776, 7.26, 7.014, 6.675, 9.108, 12.407, 13.381, 10.658, 9.221, 9.259, 9.6, 9.708, 9.04, 8.042, 7.289, 9.451, 10.47, 9.981, 6.703, 6.619, 11.603, 13.068, 12.341, 12.341, 12.166, 12.66, 14.822, 16.454, 18.589, 20.496, 21.782, 21.705, 20.755, 20.906, 21.796, 22.73, 22.711, 21.978, 21.615, 22.927, 23.78], [0.984, 0.0, 2.539, 3.355, 1.977, 1.845, 3.042, 3.827, 4.659, 4.775, 6.369, 5.845, 3.549, 4.441, 5.05, 3.026, 3.129, 3.387, 3.783, 5.19, 5.348, 4.092, 3.771, 3.955, 3.141, 2.538, 2.175, 1.946, 3.181, 4.027, 3.837, 3.591, 4.438, 6.046, 6.297, 5.939, 6.156, 5.89, 5.842, 5.411, 6.715, 6.386, 4.965, 6.211, 6.99, 6.17, 4.476, 4.737, 5.829, 6.571, 6.316, 7.092, 9.227, 11.169, 12.363, 12.252, 11.421, 10.954, 10.379, 10.355, 9.421, 9.016, 12.485, 14.858, 15.171, 14.858, 14.707, 14.911, 15.046, 13.34, 11.467, 12.505, 12.09, 11.593, 12.32, 12.184, 9.719, 6.601, 3.882, 2.283, 1.886, 3.307, 2.838, 2.357, 4.633, 7.104, 9.32, 9.742, 9.82, 11.039, 10.954, 10.168, 10.157, 10.232, 9.497, 8.965, 8.566, 8.67, 7.344, 5.422, 4.668, 4.772, 5.663, 6.321, 6.812, 6.241, 7.751, 7.514, 7.225, 9.583, 12.788, 13.745, 11.096, 9.676, 9.699, 9.991, 10.216, 9.488, 8.526, 7.703, 9.797, 10.787, 10.407, 7.115, 6.91, 11.395, 12.775, 12.023, 12.126, 12.049, 12.372, 14.386, 16.063, 18.212, 20.209, 21.462, 21.297, 20.283, 20.505, 21.365, 22.306, 22.294, 21.531, 21.165, 22.492, 23.342], [2.327, 2.539, 0.0, 1.37, 1.631, 1.74, 1.752, 1.824, 2.658, 2.652, 4.162, 3.543, 1.577, 2.309, 2.696, 2.72, 4.085, 4.254, 5.475, 7.432, 7.567, 6.354, 6.165, 6.256, 5.414, 4.879, 4.393, 3.864, 5.188, 6.211, 5.719, 5.125, 5.354, 6.661, 7.035, 6.185, 5.456, 5.687, 5.949, 5.689, 5.133, 4.862, 5.479, 6.836, 7.29, 5.431, 4.156, 5.324, 6.833, 7.917, 7.516, 8.783, 11.144, 13.328, 14.672, 14.478, 13.427, 12.708, 12.296, 12.405, 11.43, 11.318, 14.835, 17.228, 17.535, 17.228, 17.089, 17.279, 17.406, 15.715, 13.856, 14.854, 14.465, 13.991, 14.737, 14.545, 12.116, 9.002, 6.135, 4.416, 2.327, 1.459, 1.793, 3.7, 6.597, 9.524, 11.738, 12.13, 12.248, 13.44, 13.368, 12.529, 12.53, 12.608, 11.845, 11.361, 10.963, 10.976, 9.707, 7.149, 5.72, 5.792, 6.673, 7.13, 7.562, 6.249, 6.84, 6.402, 6.043, 7.534, 10.452, 11.404, 8.734, 7.315, 7.353, 7.691, 8.018, 7.268, 6.368, 5.547, 7.479, 8.413, 8.054, 4.796, 8.338, 13.663, 15.174, 14.281, 14.36, 14.061, 14.581, 16.741, 18.425, 20.611, 22.593, 23.866, 23.687, 22.647, 22.87, 23.755, 24.688, 24.637, 23.916, 23.562, 24.902, 25.699], [3.073, 3.355, 1.37, 0.0, 1.814, 2.259, 2.18, 1.794, 2.697, 2.693, 3.905, 3.185, 1.805, 1.867, 2.193, 3.659, 5.058, 5.081, 6.287, 8.259, 8.393, 7.19, 7.037, 7.159, 6.36, 5.815, 5.221, 4.527, 5.638, 6.932, 6.416, 5.234, 5.071, 6.249, 6.629, 5.655, 4.576, 5.015, 5.196, 5.066, 4.465, 4.033, 4.96, 6.457, 6.637, 4.713, 3.298, 4.815, 6.665, 7.748, 7.824, 9.25, 11.89, 14.183, 15.452, 15.39, 14.318, 13.054, 12.679, 13.157, 11.873, 12.202, 15.655, 18.019, 18.327, 18.021, 17.869, 18.075, 18.198, 16.503, 14.717, 15.727, 15.258, 14.902, 15.655, 15.516, 12.834, 9.777, 6.906, 5.162, 2.864, 1.218, 1.492, 3.986, 7.283, 10.414, 12.61, 12.985, 13.094, 14.366, 14.204, 13.332, 13.374, 13.351, 12.853, 12.272, 11.88, 11.973, 10.594, 7.872, 5.814, 5.74, 6.238, 6.75, 6.95, 5.485, 6.001, 5.577, 5.254, 6.931, 9.742, 10.574, 7.955, 6.536, 6.582, 6.949, 7.427, 6.654, 5.776, 4.884, 6.7, 7.651, 7.32, 4.079, 8.431, 14.383, 15.964, 15.148, 14.977, 14.409, 15.358, 17.585, 19.296, 21.456, 23.54, 24.783, 24.597, 23.542, 23.709, 24.501, 25.438, 25.443, 24.689, 24.443, 25.745, 26.553], [1.571, 1.977, 1.631, 1.814, 0.0, 1.246, 1.714, 2.338, 3.344, 3.522, 4.748, 4.221, 2.333, 2.806, 3.366, 3.433, 4.301, 4.472, 5.179, 6.836, 6.968, 5.739, 5.467, 5.61, 4.833, 4.281, 3.731, 3.118, 4.654, 5.646, 5.177, 3.965, 4.127, 5.493, 5.877, 5.095, 4.802, 4.718, 4.865, 4.609, 5.114, 4.727, 4.368, 5.705, 6.201, 4.776, 3.207, 4.144, 5.515, 6.658, 6.468, 7.872, 10.546, 12.643, 14.032, 13.876, 12.797, 12.004, 11.639, 11.746, 10.816, 10.72, 14.219, 16.576, 16.887, 16.575, 16.431, 16.625, 16.764, 15.066, 13.165, 14.229, 13.814, 13.284, 14.094, 13.966, 11.436, 8.322, 5.53, 3.773, 2.064, 1.905, 1.569, 2.712, 5.893, 8.863, 11.048, 11.458, 11.554, 12.78, 12.745, 11.87, 11.886, 11.965, 11.311, 10.727, 10.301, 10.39, 9.021, 6.362, 4.696, 4.687, 5.458, 5.93, 6.363, 5.243, 6.338, 6.077, 5.793, 8.051, 11.088, 12.068, 9.403, 7.97, 7.991, 8.3, 8.593, 7.815, 6.878, 6.066, 8.143, 9.116, 8.687, 5.416, 7.352, 12.993, 14.484, 13.707, 13.745, 13.463, 13.947, 16.106, 17.788, 19.891, 21.955, 23.228, 23.083, 22.083, 22.216, 23.08, 24.04, 24.009, 23.276, 22.917, 24.219, 25.072], [1.591, 1.845, 1.74, 2.259, 1.246, 0.0, 1.633, 2.654, 3.334, 3.723, 5.068, 4.771, 2.468, 3.278, 3.834, 3.018, 3.618, 3.824, 4.643, 6.325, 6.564, 5.261, 5.06, 5.252, 4.495, 3.936, 3.55, 3.117, 4.679, 5.619, 5.1, 4.319, 4.416, 5.759, 6.058, 5.364, 5.406, 5.269, 5.319, 5.066, 5.666, 5.339, 4.635, 6.057, 6.465, 5.523, 3.949, 4.51, 5.811, 6.871, 6.546, 7.881, 10.413, 12.397, 13.779, 13.603, 12.515, 11.933, 11.614, 11.593, 10.743, 10.237, 13.826, 16.156, 16.483, 16.184, 16.025, 16.215, 16.361, 14.667, 12.764, 13.722, 13.434, 12.88, 13.578, 13.509, 11.118, 8.107, 5.365, 3.608, 1.725, 2.195, 1.78, 2.784, 5.775, 8.323, 10.653, 10.996, 11.219, 12.322, 12.41, 11.59, 11.505, 11.584, 10.843, 10.408, 10.006, 9.893, 8.801, 6.15, 4.755, 5.015, 5.835, 6.285, 6.555, 5.685, 7.045, 6.815, 6.541, 8.516, 11.665, 12.663, 9.968, 8.522, 8.404, 8.869, 8.986, 8.23, 7.339, 6.65, 8.715, 9.691, 9.234, 5.954, 7.461, 12.745, 14.292, 13.567, 13.538, 13.399, 13.704, 15.75, 17.346, 19.359, 21.481, 22.742, 22.691, 21.652, 21.87, 22.765, 23.712, 23.687, 22.907, 22.588, 23.899, 24.681], [2.632, 3.042, 1.752, 2.18, 1.714, 1.633, 0.0, 2.089, 2.886, 3.225, 4.63, 4.227, 2.151, 2.802, 3.373, 2.325, 3.395, 3.512, 4.883, 6.767, 7.091, 5.72, 5.437, 5.7, 5.357, 5.173, 4.83, 4.25, 5.836, 6.841, 6.286, 5.267, 5.368, 6.643, 7.025, 6.129, 5.694, 5.675, 5.92, 5.709, 5.405, 5.383, 5.467, 6.906, 7.2, 5.731, 4.366, 5.307, 6.751, 7.933, 7.498, 8.818, 11.528, 13.656, 15.074, 14.839, 13.761, 13.091, 12.742, 12.833, 11.947, 10.913, 14.336, 16.634, 16.941, 16.629, 16.484, 16.68, 16.816, 15.11, 13.323, 14.233, 13.96, 13.362, 14.304, 14.491, 12.391, 9.364, 6.654, 4.853, 2.684, 1.938, 1.793, 3.972, 6.99, 9.238, 11.206, 11.491, 11.723, 13.015, 13.399, 12.515, 12.22, 12.382, 11.711, 11.35, 11.151, 10.821, 9.885, 7.121, 6.026, 5.956, 6.831, 7.217, 7.44, 6.136, 7.303, 6.943, 6.628, 8.032, 11.142, 12.109, 9.414, 7.968, 7.921, 8.31, 8.574, 7.791, 6.887, 6.25, 8.163, 9.161, 8.697, 5.449, 8.44, 14.044, 15.58, 14.821, 14.861, 14.64, 14.899, 16.461, 17.904, 20.054, 22.169, 23.479, 23.461, 22.476, 22.565, 23.402, 24.367, 24.251, 23.49, 23.142, 24.399, 25.197], [3.518, 3.827, 1.824, 1.794, 2.338, 2.654, 2.089, 0.0, 1.483, 1.583, 2.869, 2.406, 1.125, 1.627, 1.813, 3.574, 5.059, 5.253, 6.698, 8.544, 8.706, 7.464, 7.258, 7.476, 6.709, 6.181, 5.715, 5.172, 6.635, 7.659, 7.163, 6.128, 6.046, 7.044, 7.44, 6.409, 5.39, 5.79, 5.995, 5.881, 5.128, 4.749, 5.82, 7.489, 7.44, 5.549, 4.317, 5.605, 7.446, 8.736, 8.417, 9.752, 12.459, 14.51, 15.924, 15.749, 14.697, 13.955, 13.635, 13.706, 12.807, 12.524, 16.008, 18.34, 18.657, 18.351, 18.192, 18.392, 18.533, 16.815, 14.919, 16.006, 15.597, 15.072, 15.915, 15.785, 13.352, 10.238, 7.505, 5.725, 3.496, 1.807, 2.381, 4.744, 7.878, 10.695, 12.797, 13.21, 13.334, 14.602, 14.582, 13.669, 13.679, 13.762, 13.12, 12.585, 12.165, 12.212, 10.836, 8.308, 6.591, 6.72, 7.213, 7.564, 7.711, 6.293, 6.588, 6.064, 5.819, 6.835, 9.327, 10.299, 7.623, 6.189, 6.191, 6.522, 6.855, 6.095, 5.437, 4.588, 6.458, 7.343, 6.925, 4.221, 9.439, 14.913, 16.409, 15.627, 15.666, 15.42, 15.801, 17.877, 19.549, 21.68, 23.79, 25.046, 24.917, 23.923, 24.002, 24.859, 25.818, 25.782, 25.095, 24.726, 25.991, 26.858], [4.379, 4.659, 2.658, 2.697, 3.344, 3.334, 2.886, 1.483, 0.0, 1.346, 2.491, 2.55, 1.357, 2.547, 2.196, 4.055, 5.507, 5.889, 7.158, 9.011, 9.17, 7.939, 7.734, 7.998, 7.221, 6.878, 6.501, 5.97, 7.574, 8.518, 7.934, 7.049, 6.9, 8.025, 8.39, 7.414, 6.284, 6.79, 6.997, 7.059, 6.251, 5.852, 6.806, 8.402, 8.411, 6.582, 5.231, 6.617, 8.305, 9.49, 9.128, 10.196, 13.022, 15.278, 16.646, 16.44, 15.367, 14.667, 14.301, 14.395, 13.51, 12.895, 16.408, 18.709, 19.02, 18.73, 18.582, 18.787, 18.928, 17.218, 15.388, 16.296, 16.019, 15.634, 16.51, 16.431, 14.08, 11.02, 8.261, 6.631, 4.54, 2.746, 3.327, 5.569, 8.61, 11.305, 13.325, 13.632, 13.896, 15.191, 15.22, 14.058, 14.069, 14.266, 13.711, 13.324, 12.8, 12.771, 11.506, 8.823, 7.379, 7.459, 8.169, 8.571, 8.687, 7.2, 7.347, 6.859, 6.627, 7.478, 9.012, 9.973, 7.305, 5.871, 6.0, 6.428, 6.688, 6.137, 6.108, 5.443, 6.628, 7.037, 6.922, 5.34, 10.211, 15.639, 17.185, 16.37, 16.449, 16.123, 16.27, 18.274, 19.918, 22.116, 24.361, 25.612, 25.534, 24.47, 24.423, 25.298, 26.232, 26.206, 25.571, 25.261, 26.499, 27.255], [4.609, 4.775, 2.652, 2.693, 3.522, 3.723, 3.225, 1.583, 1.346, 0.0, 2.107, 1.769, 1.666, 2.734, 2.326, 4.244, 5.782, 6.003, 7.5, 9.451, 9.568, 8.345, 8.163, 8.344, 7.569, 7.179, 6.744, 6.232, 7.624, 8.61, 8.146, 7.309, 7.26, 8.322, 8.732, 7.708, 6.493, 7.022, 7.11, 7.111, 6.263, 5.742, 7.089, 8.714, 8.641, 6.708, 5.479, 6.882, 8.677, 9.895, 9.517, 10.701, 13.302, 15.483, 16.934, 16.679, 15.627, 14.981, 14.631, 14.737, 13.789, 13.345, 16.811, 19.17, 19.483, 19.17, 19.026, 19.23, 19.359, 17.655, 15.821, 16.839, 16.397, 15.989, 16.812, 16.717, 14.402, 11.294, 8.491, 6.767, 4.626, 2.794, 3.441, 5.823, 8.916, 11.614, 13.702, 14.105, 14.193, 15.494, 15.4, 14.506, 14.478, 14.53, 13.998, 13.507, 13.141, 13.122, 11.837, 9.286, 7.653, 7.794, 8.411, 8.847, 8.978, 7.343, 6.916, 6.514, 6.26, 6.883, 8.538, 9.412, 6.788, 5.366, 5.413, 5.793, 6.212, 5.469, 5.618, 4.834, 5.816, 6.5, 6.193, 5.05, 10.596, 15.956, 17.438, 16.566, 16.664, 16.372, 16.701, 18.716, 20.402, 22.591, 24.687, 25.942, 25.778, 24.73, 24.825, 25.698, 26.643, 26.59, 25.878, 25.551, 26.828, 27.657], [6.081, 6.369, 4.162, 3.905, 4.748, 5.068, 4.63, 2.869, 2.491, 2.107, 0.0, 1.728, 3.397, 3.273, 2.822, 5.941, 7.533, 7.618, 9.273, 11.272, 11.446, 10.201, 10.015, 10.149, 9.337, 8.597, 8.033, 7.348, 8.87, 9.915, 9.348, 8.111, 7.861, 8.695, 9.057, 7.834, 6.842, 7.161, 7.135, 7.318, 6.359, 5.785, 7.451, 9.405, 8.662, 6.808, 6.058, 7.656, 9.497, 10.72, 10.671, 12.404, 14.968, 16.892, 18.166, 18.073, 17.006, 16.092, 15.765, 15.826, 14.952, 15.165, 18.741, 21.14, 21.47, 21.158, 21.011, 21.215, 21.342, 19.618, 17.732, 18.708, 18.357, 17.757, 18.407, 18.192, 15.529, 12.481, 9.677, 7.967, 5.77, 4.029, 4.57, 6.977, 10.209, 13.134, 15.583, 15.975, 16.11, 17.166, 17.192, 16.462, 16.469, 16.498, 15.649, 15.1, 14.768, 14.692, 13.521, 10.745, 8.832, 8.991, 9.144, 9.351, 9.206, 7.258, 6.561, 6.286, 5.934, 6.302, 6.762, 7.687, 5.029, 3.602, 3.97, 4.393, 4.811, 4.657, 5.136, 4.756, 4.822, 4.892, 4.809, 4.811, 11.475, 17.121, 18.713, 17.956, 17.933, 17.653, 18.403, 20.642, 22.248, 24.252, 26.26, 27.568, 27.398, 26.494, 26.722, 27.602, 28.547, 28.502, 27.777, 27.421, 28.757, 29.579], [5.534, 5.845, 3.543, 3.185, 4.221, 4.771, 4.227, 2.406, 2.55, 1.769, 1.728, 0.0, 2.831, 2.178, 2.167, 5.591, 7.113, 7.317, 8.902, 10.852, 10.999, 9.77, 9.58, 9.718, 8.885, 8.081, 7.465, 6.685, 7.854, 9.033, 8.603, 6.867, 6.646, 7.319, 7.699, 6.453, 5.483, 5.701, 5.911, 5.763, 4.825, 4.235, 6.187, 7.975, 7.257, 5.32, 4.715, 6.452, 8.579, 9.916, 10.093, 11.781, 14.392, 16.266, 17.661, 17.472, 16.371, 15.314, 14.85, 15.294, 14.198, 14.729, 18.22, 20.614, 20.93, 20.623, 20.467, 20.67, 20.806, 19.093, 17.241, 18.279, 17.809, 17.292, 18.004, 17.607, 14.87, 11.735, 8.87, 7.203, 4.897, 3.191, 3.75, 6.331, 9.656, 12.782, 15.096, 15.529, 15.554, 16.749, 16.624, 15.917, 15.948, 15.949, 15.089, 14.542, 14.278, 14.26, 13.043, 10.241, 8.205, 7.988, 7.831, 7.857, 7.985, 6.044, 5.746, 5.453, 4.822, 5.395, 7.163, 8.093, 5.544, 4.136, 4.04, 4.317, 4.878, 4.193, 4.119, 3.357, 4.231, 5.148, 4.782, 3.504, 10.446, 16.409, 18.072, 17.379, 17.42, 16.842, 17.948, 20.096, 21.794, 23.916, 25.795, 27.077, 26.877, 25.928, 26.195, 27.024, 28.016, 27.965, 27.196, 26.862, 28.181, 29.04], [3.362, 3.549, 1.577, 1.805, 2.333, 2.468, 2.151, 1.125, 1.357, 1.666, 3.397, 2.831, 0.0, 1.978, 2.058, 3.508, 4.979, 5.234, 6.449, 8.324, 8.426, 7.234, 6.899, 7.142, 6.305, 5.887, 5.408, 4.874, 6.368, 7.329, 6.817, 5.953, 5.912, 7.121, 7.474, 6.521, 5.613, 5.957, 6.18, 6.08, 5.407, 5.142, 5.877, 7.327, 7.548, 5.653, 4.186, 5.599, 7.352, 8.537, 8.167, 9.294, 11.985, 14.21, 15.654, 15.423, 14.342, 13.639, 13.296, 13.39, 12.483, 12.083, 15.496, 17.855, 18.156, 17.863, 17.705, 17.895, 18.04, 16.345, 14.575, 15.55, 15.117, 14.779, 15.593, 15.473, 13.102, 9.995, 7.177, 5.542, 3.424, 1.854, 2.306, 4.465, 7.529, 10.362, 12.467, 12.84, 12.969, 14.267, 14.153, 13.168, 13.195, 13.267, 12.771, 12.243, 11.829, 11.875, 10.509, 7.862, 6.233, 6.315, 7.073, 7.593, 7.831, 6.461, 6.876, 6.352, 6.106, 7.186, 9.789, 10.741, 8.123, 6.704, 6.734, 7.015, 7.247, 6.493, 5.941, 5.08, 6.831, 7.77, 7.434, 4.77, 9.193, 14.647, 16.153, 15.282, 15.378, 15.055, 15.36, 17.413, 19.161, 21.347, 23.464, 24.735, 24.574, 23.496, 23.563, 24.415, 25.343, 25.312, 24.595, 24.347, 25.623, 26.384], [4.026, 4.441, 2.309, 1.867, 2.806, 3.278, 2.802, 1.627, 2.547, 2.734, 3.273, 2.178, 1.978, 0.0, 1.422, 4.354, 5.842, 6.08, 7.538, 9.424, 9.61, 8.305, 8.045, 8.195, 7.342, 6.654, 5.987, 5.233, 6.385, 7.723, 7.143, 5.377, 4.885, 5.783, 6.158, 5.231, 4.249, 4.648, 4.922, 4.791, 3.985, 3.7, 4.639, 6.317, 6.271, 4.478, 3.41, 4.825, 6.966, 8.073, 8.541, 10.391, 12.944, 14.968, 16.206, 16.193, 15.131, 13.632, 13.253, 13.897, 12.497, 13.261, 16.851, 19.24, 19.555, 19.243, 19.088, 19.298, 19.43, 17.724, 15.844, 16.792, 16.46, 15.912, 16.589, 16.388, 13.483, 10.441, 7.553, 5.822, 3.612, 1.752, 2.134, 4.685, 8.115, 11.314, 13.645, 14.062, 14.191, 15.344, 15.283, 14.556, 14.556, 14.56, 13.787, 13.177, 12.888, 12.866, 11.605, 8.761, 6.722, 6.438, 6.116, 6.343, 6.6, 5.301, 5.682, 5.283, 4.908, 5.837, 8.489, 9.45, 6.791, 5.443, 5.315, 5.734, 5.914, 5.138, 4.345, 3.696, 5.543, 6.525, 6.106, 3.325, 8.626, 15.006, 16.69, 16.021, 15.814, 15.015, 16.378, 18.763, 20.334, 22.445, 24.434, 25.651, 25.471, 24.594, 24.781, 25.671, 26.61, 26.61, 25.858, 25.525, 26.841, 27.705], [4.703, 5.05, 2.696, 2.193, 3.366, 3.834, 3.373, 1.813, 2.196, 2.326, 2.822, 2.167, 2.058, 1.422, 0.0, 4.483, 6.134, 6.295, 7.753, 9.919, 10.083, 8.823, 8.573, 8.687, 7.895, 7.383, 6.712, 5.961, 7.219, 8.487, 7.838, 6.349, 5.836, 6.597, 6.981, 5.936, 5.044, 5.338, 5.731, 5.54, 4.746, 4.425, 5.426, 7.272, 7.029, 5.47, 4.163, 5.876, 7.893, 9.079, 9.322, 10.997, 13.547, 15.725, 16.941, 16.946, 15.883, 14.573, 14.098, 14.641, 13.126, 13.825, 17.391, 19.751, 20.053, 19.759, 19.635, 19.825, 19.948, 18.26, 16.429, 17.307, 17.011, 16.577, 17.27, 17.141, 14.176, 11.171, 8.309, 6.453, 4.24, 2.045, 2.787, 5.445, 8.834, 11.974, 14.277, 14.64, 14.845, 16.024, 15.922, 15.07, 15.07, 15.132, 14.509, 13.895, 13.563, 13.582, 12.262, 9.471, 7.384, 7.188, 7.237, 7.264, 7.334, 6.347, 6.365, 6.033, 5.764, 6.487, 8.137, 9.016, 6.443, 5.203, 4.879, 5.477, 5.837, 5.102, 4.924, 4.289, 5.447, 6.173, 5.88, 3.712, 9.377, 15.732, 17.453, 16.761, 16.559, 15.783, 16.861, 19.299, 20.839, 22.962, 25.138, 26.319, 26.16, 25.206, 25.315, 26.224, 27.154, 27.151, 26.438, 26.139, 27.441, 28.248], [3.199, 3.026, 2.72, 3.659, 3.433, 3.018, 2.325, 3.574, 4.055, 4.244, 5.941, 5.591, 3.508, 4.354, 4.483, 0.0, 2.002, 2.094, 3.533, 5.667, 6.185, 4.912, 4.563, 5.033, 4.78, 5.018, 4.785, 4.596, 5.907, 6.808, 6.464, 6.312, 7.203, 8.597, 8.972, 8.277, 7.809, 7.883, 8.174, 7.911, 7.383, 7.39, 7.546, 8.948, 9.409, 7.817, 6.451, 7.398, 8.555, 9.317, 9.034, 9.414, 11.717, 13.686, 15.019, 14.788, 13.922, 13.609, 13.01, 13.046, 12.117, 10.374, 13.344, 15.531, 15.823, 15.517, 15.377, 15.569, 15.712, 14.011, 12.476, 13.2, 13.188, 12.648, 13.728, 13.99, 11.93, 9.045, 6.614, 4.86, 3.615, 3.169, 3.364, 5.115, 7.248, 8.769, 10.614, 10.667, 10.977, 12.449, 12.772, 11.887, 11.554, 11.671, 11.109, 10.83, 11.054, 10.621, 9.756, 7.743, 7.47, 7.593, 8.534, 9.104, 9.481, 8.437, 9.391, 8.977, 8.667, 9.805, 12.332, 13.204, 10.514, 9.082, 9.077, 9.732, 10.061, 9.268, 8.492, 7.868, 9.344, 10.313, 9.91, 6.885, 9.62, 14.005, 15.316, 14.772, 14.849, 14.772, 14.745, 15.636, 16.86, 19.231, 21.552, 22.806, 22.75, 21.743, 21.763, 22.539, 23.402, 23.25, 22.696, 22.389, 23.559, 24.24], [3.557, 3.129, 4.085, 5.058, 4.301, 3.618, 3.395, 5.059, 5.507, 5.782, 7.533, 7.113, 4.979, 5.842, 6.134, 2.002, 0.0, 0.968, 2.063, 4.067, 4.765, 3.722, 3.587, 3.835, 3.671, 3.945, 4.007, 4.162, 4.961, 5.791, 5.951, 6.07, 7.328, 9.005, 9.295, 8.869, 8.859, 8.717, 8.825, 8.323, 8.466, 8.431, 7.912, 9.23, 9.975, 8.855, 7.3, 7.759, 8.718, 9.355, 9.048, 9.26, 11.09, 12.985, 14.143, 14.023, 13.243, 12.964, 12.386, 12.245, 11.309, 9.357, 11.675, 13.841, 14.079, 13.813, 13.765, 13.95, 13.991, 12.319, 11.081, 11.567, 11.72, 11.231, 12.221, 12.52, 10.496, 7.887, 5.676, 4.496, 3.876, 4.735, 4.216, 5.073, 6.643, 7.429, 9.149, 9.242, 9.498, 10.937, 11.317, 10.587, 10.443, 10.197, 9.633, 9.366, 9.946, 9.595, 8.619, 7.338, 7.631, 7.726, 8.611, 9.315, 9.807, 9.149, 10.425, 10.11, 9.803, 11.238, 14.006, 14.931, 12.236, 10.791, 10.805, 11.22, 11.552, 10.818, 9.933, 9.377, 11.037, 12.004, 11.572, 8.531, 9.486, 13.083, 14.079, 13.7, 13.905, 13.926, 13.879, 14.265, 15.381, 17.673, 19.981, 21.236, 21.133, 20.174, 20.184, 21.02, 21.876, 21.709, 21.12, 20.818, 21.947, 22.58], [3.786, 3.387, 4.254, 5.081, 4.472, 3.824, 3.512, 5.253, 5.889, 6.003, 7.618, 7.317, 5.234, 6.08, 6.295, 2.094, 0.968, 0.0, 2.162, 4.071, 4.647, 3.861, 3.782, 3.953, 3.82, 4.037, 4.139, 4.315, 5.089, 5.9, 6.072, 6.253, 7.504, 9.162, 9.452, 8.964, 8.978, 8.834, 9.007, 8.59, 8.639, 8.633, 8.118, 9.465, 10.095, 9.045, 7.565, 8.032, 8.912, 9.566, 9.189, 9.543, 11.293, 13.091, 14.215, 14.149, 13.393, 13.098, 12.499, 12.267, 11.408, 9.587, 11.581, 13.849, 14.136, 13.819, 13.688, 13.872, 14.017, 12.363, 11.169, 11.727, 11.588, 11.285, 11.99, 12.297, 10.241, 7.926, 5.797, 4.628, 4.062, 4.715, 4.372, 5.282, 6.8, 7.377, 8.902, 9.178, 9.35, 10.613, 11.136, 10.735, 10.581, 10.146, 9.425, 9.272, 9.96, 9.579, 8.662, 7.496, 7.908, 7.996, 8.858, 9.56, 9.97, 9.274, 10.596, 10.295, 9.993, 11.42, 14.105, 14.943, 12.248, 10.802, 10.74, 11.368, 11.715, 10.943, 10.154, 9.556, 11.057, 12.029, 11.574, 8.426, 9.58, 13.033, 14.073, 13.766, 13.995, 14.031, 13.962, 14.254, 15.139, 17.367, 19.659, 20.89, 20.872, 19.932, 19.975, 20.814, 21.703, 21.525, 20.891, 20.547, 21.752, 22.496], [4.275, 3.783, 5.475, 6.287, 5.179, 4.643, 4.883, 6.698, 7.158, 7.5, 9.273, 8.902, 6.449, 7.538, 7.753, 3.533, 2.063, 2.162, 0.0, 2.534, 3.411, 2.574, 2.767, 3.053, 3.109, 3.278, 3.682, 4.512, 4.508, 4.884, 5.375, 6.185, 7.702, 9.452, 9.691, 9.375, 9.513, 9.289, 9.417, 8.926, 9.959, 9.744, 8.441, 9.742, 10.523, 9.721, 7.904, 8.293, 8.805, 9.283, 8.955, 9.028, 10.22, 11.981, 13.208, 13.063, 12.326, 12.046, 11.399, 11.12, 10.572, 8.557, 10.175, 12.212, 12.444, 12.145, 12.099, 12.261, 12.343, 10.699, 9.731, 9.933, 10.362, 9.988, 10.988, 11.287, 9.186, 6.812, 4.857, 4.269, 5.047, 6.202, 5.688, 5.269, 5.961, 6.239, 7.884, 7.961, 8.262, 9.68, 10.045, 9.37, 9.188, 8.853, 8.327, 8.162, 8.754, 8.379, 7.446, 6.769, 7.743, 7.714, 8.674, 9.583, 10.081, 9.766, 11.265, 11.06, 10.789, 12.813, 15.696, 16.688, 14.019, 12.586, 12.484, 12.998, 13.338, 12.457, 11.716, 10.966, 12.752, 13.692, 13.345, 10.054, 9.133, 11.831, 12.868, 12.598, 12.854, 12.866, 12.533, 12.84, 13.814, 16.231, 18.672, 19.852, 19.778, 18.803, 18.755, 19.618, 20.419, 20.269, 19.742, 19.453, 20.585, 21.152], [5.625, 5.19, 7.432, 8.259, 6.836, 6.325, 6.767, 8.544, 9.011, 9.451, 11.272, 10.852, 8.324, 9.424, 9.919, 5.667, 4.067, 4.071, 2.534, 0.0, 1.707, 1.579, 2.275, 2.64, 2.87, 3.556, 4.345, 5.399, 4.551, 4.168, 4.973, 6.069, 8.0, 9.811, 10.144, 10.072, 10.409, 10.009, 9.703, 9.78, 11.828, 11.418, 8.641, 9.871, 11.172, 10.774, 8.83, 8.449, 8.323, 8.641, 8.332, 8.296, 8.803, 10.207, 11.548, 11.343, 10.717, 10.424, 9.918, 9.365, 9.245, 7.321, 7.921, 10.0, 10.257, 9.952, 9.878, 10.065, 10.129, 8.417, 7.716, 8.248, 8.168, 8.038, 8.763, 8.988, 7.195, 5.506, 4.293, 4.812, 6.722, 8.203, 7.693, 5.56, 5.376, 4.86, 5.702, 5.986, 6.43, 7.383, 8.049, 7.636, 7.447, 6.969, 6.261, 6.172, 6.981, 6.716, 5.825, 5.801, 7.448, 7.485, 8.473, 9.674, 10.069, 10.467, 12.494, 12.142, 11.846, 14.565, 17.777, 18.76, 16.084, 14.648, 14.625, 15.018, 15.24, 14.495, 13.572, 12.793, 14.823, 15.784, 15.404, 12.115, 8.37, 10.028, 11.003, 10.864, 11.103, 11.243, 10.805, 10.711, 11.519, 13.956, 16.292, 17.521, 17.436, 16.437, 16.443, 17.253, 18.089, 17.933, 17.39, 17.083, 18.201, 18.832], [5.756, 5.348, 7.567, 8.393, 6.968, 6.564, 7.091, 8.706, 9.17, 9.568, 11.446, 10.999, 8.426, 9.61, 10.083, 6.185, 4.765, 4.647, 3.411, 1.707, 0.0, 1.618, 2.599, 2.376, 2.755, 3.595, 4.366, 5.344, 4.343, 3.456, 4.312, 5.68, 7.799, 9.513, 9.915, 9.937, 10.331, 9.908, 9.464, 9.654, 11.957, 11.552, 8.536, 9.487, 11.133, 10.691, 8.708, 8.162, 7.67, 7.875, 7.568, 7.421, 7.816, 9.056, 10.264, 10.038, 9.414, 9.268, 8.859, 8.238, 8.266, 6.424, 7.592, 9.76, 10.057, 9.753, 9.605, 9.795, 9.937, 8.245, 6.972, 7.738, 7.427, 7.294, 8.109, 8.273, 6.299, 4.629, 4.087, 4.808, 6.856, 8.334, 7.853, 5.535, 4.77, 4.005, 4.836, 5.15, 5.589, 6.608, 6.98, 6.398, 6.272, 5.932, 5.301, 5.289, 5.889, 5.616, 4.786, 4.999, 6.869, 6.997, 8.079, 9.393, 9.821, 10.404, 12.533, 12.08, 11.862, 14.7, 17.967, 18.914, 16.241, 14.806, 14.807, 15.166, 15.403, 14.707, 13.73, 12.921, 14.977, 15.921, 15.559, 12.269, 7.565, 8.984, 9.953, 9.624, 9.963, 10.06, 9.684, 9.83, 11.1, 13.475, 15.736, 17.06, 16.943, 15.885, 15.858, 16.622, 17.43, 17.386, 16.891, 16.546, 17.781, 18.432], [4.459, 4.092, 6.354, 7.19, 5.739, 5.261, 5.72, 7.464, 7.939, 8.345, 10.201, 9.77, 7.234, 8.305, 8.823, 4.912, 3.722, 3.861, 2.574, 1.579, 1.618, 0.0, 1.375, 1.542, 1.912, 2.145, 2.962, 3.994, 3.379, 3.008, 3.786, 4.95, 6.827, 8.628, 8.999, 8.912, 9.201, 8.867, 8.628, 8.475, 10.692, 10.322, 7.498, 8.805, 9.854, 9.465, 7.573, 7.368, 7.238, 7.565, 7.262, 7.24, 7.842, 9.464, 10.66, 10.528, 9.792, 9.506, 8.953, 8.655, 8.282, 6.411, 8.776, 11.017, 11.323, 11.007, 10.876, 11.087, 11.216, 9.489, 7.755, 8.643, 8.46, 8.022, 9.043, 9.219, 7.127, 4.599, 3.198, 3.578, 5.632, 7.135, 6.627, 4.264, 4.275, 4.116, 5.85, 5.973, 6.361, 7.723, 8.012, 7.075, 6.943, 6.924, 6.374, 6.119, 6.448, 6.062, 5.101, 4.716, 6.39, 6.433, 7.418, 8.578, 8.976, 9.251, 11.143, 10.84, 10.707, 13.425, 16.733, 17.689, 15.016, 13.581, 13.53, 13.947, 14.042, 13.399, 12.445, 11.678, 13.753, 14.716, 14.334, 11.048, 7.255, 9.478, 10.57, 10.16, 10.383, 10.342, 10.215, 10.816, 12.205, 14.556, 16.863, 18.137, 18.085, 17.037, 17.068, 17.811, 18.734, 18.607, 18.04, 17.692, 18.937, 19.652], [4.165, 3.771, 6.165, 7.037, 5.467, 5.06, 5.437, 7.258, 7.734, 8.163, 10.015, 9.58, 6.899, 8.045, 8.573, 4.563, 3.587, 3.782, 2.767, 2.275, 2.599, 1.375, 0.0, 1.216, 1.429, 2.1, 2.594, 3.414, 3.134, 2.897, 3.107, 4.294, 6.143, 7.887, 8.17, 8.135, 8.528, 8.257, 7.95, 8.034, 10.376, 10.037, 6.679, 7.964, 9.174, 8.743, 6.948, 6.59, 6.593, 6.995, 6.68, 6.838, 7.767, 9.717, 10.899, 10.751, 9.973, 9.669, 9.014, 9.001, 8.056, 6.332, 9.041, 11.304, 11.601, 11.293, 11.137, 11.329, 11.472, 9.804, 8.36, 8.961, 8.903, 8.462, 9.36, 9.654, 7.566, 4.801, 2.806, 3.219, 5.382, 6.956, 6.447, 3.614, 3.682, 4.46, 6.282, 6.434, 6.674, 8.076, 8.441, 7.637, 7.38, 7.367, 6.739, 6.492, 6.872, 6.477, 5.564, 4.191, 5.622, 5.662, 6.656, 7.821, 8.217, 8.608, 10.678, 10.275, 10.19, 13.169, 16.499, 17.495, 14.805, 13.372, 13.265, 13.735, 13.752, 13.026, 12.117, 11.415, 13.548, 14.524, 14.131, 10.84, 6.68, 9.905, 11.064, 10.615, 10.76, 10.719, 10.668, 11.498, 12.529, 14.77, 17.126, 18.327, 18.281, 17.339, 17.388, 18.221, 19.132, 18.975, 18.308, 17.956, 19.165, 19.948], [4.316, 3.955, 6.256, 7.159, 5.61, 5.252, 5.7, 7.476, 7.998, 8.344, 10.149, 9.718, 7.142, 8.195, 8.687, 5.033, 3.835, 3.953, 3.053, 2.64, 2.376, 1.542, 1.216, 0.0, 1.085, 1.877, 2.656, 3.427, 2.688, 2.203, 2.612, 3.95, 5.912, 7.531, 7.828, 7.954, 8.443, 8.098, 7.733, 8.085, 10.499, 10.183, 6.498, 7.533, 9.145, 8.71, 6.965, 6.267, 6.151, 6.508, 6.2, 6.46, 7.511, 9.316, 10.431, 10.359, 9.586, 9.302, 8.668, 8.522, 7.736, 5.912, 8.925, 11.217, 11.509, 11.201, 11.056, 11.246, 11.391, 9.692, 7.936, 8.82, 8.617, 7.979, 9.01, 9.125, 7.0, 4.22, 2.344, 3.322, 5.556, 7.094, 6.634, 3.747, 3.249, 3.875, 5.84, 6.058, 6.289, 7.665, 7.974, 7.122, 6.988, 7.003, 6.298, 5.972, 6.282, 5.901, 4.986, 3.896, 5.204, 5.265, 6.245, 7.463, 7.898, 8.536, 10.864, 10.37, 10.296, 13.343, 16.65, 17.596, 14.901, 13.455, 13.343, 13.84, 13.829, 13.13, 12.204, 11.555, 13.675, 14.647, 14.213, 10.951, 6.242, 9.348, 10.471, 10.034, 10.235, 10.257, 10.177, 10.981, 12.387, 14.578, 16.852, 18.108, 18.114, 17.109, 17.196, 17.986, 18.914, 18.819, 18.143, 17.729, 19.019, 19.771], [3.478, 3.141, 5.414, 6.36, 4.833, 4.495, 5.357, 6.709, 7.221, 7.569, 9.337, 8.885, 6.305, 7.342, 7.895, 4.78, 3.671, 3.82, 3.109, 2.87, 2.755, 1.912, 1.429, 1.085, 0.0, 1.481, 1.971, 2.865, 2.216, 2.404, 2.53, 3.462, 5.415, 7.142, 7.45, 7.494, 7.897, 7.533, 7.23, 7.349, 9.679, 9.332, 5.973, 7.176, 8.627, 8.187, 6.354, 5.894, 5.931, 6.311, 6.003, 6.308, 7.637, 9.531, 10.665, 10.575, 9.819, 9.499, 8.82, 8.774, 7.823, 6.421, 9.599, 11.969, 12.28, 11.968, 11.841, 12.044, 12.152, 10.451, 8.783, 9.6, 9.261, 8.839, 9.592, 9.471, 7.228, 4.494, 2.292, 2.556, 4.709, 6.279, 5.813, 3.017, 3.195, 4.339, 6.453, 6.879, 6.988, 8.211, 8.273, 7.485, 7.526, 7.447, 6.716, 6.296, 6.604, 6.31, 5.326, 3.904, 4.833, 4.905, 5.86, 7.061, 7.505, 7.965, 10.083, 9.66, 9.503, 12.508, 15.79, 16.766, 14.096, 12.664, 12.586, 13.049, 13.044, 12.333, 11.409, 10.71, 12.848, 13.787, 13.423, 10.152, 6.138, 9.631, 10.772, 10.322, 10.477, 10.474, 10.467, 11.684, 13.071, 15.252, 17.376, 18.626, 18.571, 17.556, 17.676, 18.534, 19.482, 19.427, 18.724, 18.332, 19.664, 20.494], [2.843, 2.538, 4.879, 5.815, 4.281, 3.936, 5.173, 6.181, 6.878, 7.179, 8.597, 8.081, 5.887, 6.654, 7.383, 5.018, 3.945, 4.037, 3.278, 3.556, 3.595, 2.145, 2.1, 1.877, 1.481, 0.0, 1.106, 2.029, 1.757, 2.045, 2.308, 3.331, 5.088, 6.87, 7.158, 7.038, 7.305, 7.031, 6.951, 6.596, 8.791, 8.449, 5.646, 6.976, 7.899, 7.475, 6.001, 5.758, 5.994, 6.34, 6.078, 6.616, 7.742, 9.247, 10.286, 10.29, 9.492, 9.121, 8.532, 8.336, 7.617, 7.091, 10.396, 12.795, 13.116, 12.804, 12.647, 12.849, 12.991, 11.274, 9.374, 10.334, 10.001, 9.352, 10.135, 9.782, 7.319, 4.363, 1.871, 1.824, 3.825, 5.723, 5.276, 2.587, 3.004, 4.788, 7.21, 7.615, 7.724, 8.881, 8.873, 8.173, 8.241, 8.142, 7.233, 6.665, 6.464, 6.414, 5.308, 4.029, 4.938, 5.041, 5.898, 6.749, 7.44, 7.429, 9.326, 9.084, 8.797, 11.605, 15.045, 16.048, 13.256, 11.786, 11.777, 12.139, 12.233, 11.51, 10.534, 9.88, 12.028, 13.12, 12.588, 9.245, 5.892, 9.271, 10.544, 9.905, 10.17, 10.253, 10.531, 12.307, 13.88, 16.001, 17.894, 19.138, 19.125, 18.196, 18.429, 19.278, 20.25, 20.192, 19.453, 19.08, 20.403, 21.264], [2.35, 2.175, 4.393, 5.221, 3.731, 3.55, 4.83, 5.715, 6.501, 6.744, 8.033, 7.465, 5.408, 5.987, 6.712, 4.785, 4.007, 4.139, 3.682, 4.345, 4.366, 2.962, 2.594, 2.656, 1.971, 1.106, 0.0, 1.357, 1.692, 2.308, 2.249, 2.961, 4.491, 6.22, 6.454, 6.288, 6.475, 6.341, 6.333, 5.914, 8.091, 7.739, 5.029, 6.378, 7.243, 6.673, 5.331, 5.292, 5.756, 6.12, 5.942, 6.628, 8.004, 9.481, 10.471, 10.589, 9.728, 9.201, 8.71, 8.448, 7.695, 7.672, 11.17, 13.56, 13.895, 13.583, 13.426, 13.626, 13.769, 12.048, 10.125, 11.13, 10.755, 9.986, 10.853, 10.515, 7.766, 4.662, 1.907, 1.358, 3.158, 5.029, 4.7, 2.129, 3.031, 5.537, 7.98, 8.387, 8.492, 9.596, 9.621, 8.888, 8.909, 8.912, 8.063, 7.339, 7.086, 7.069, 5.937, 4.215, 4.654, 4.68, 5.562, 6.291, 6.925, 6.815, 8.582, 8.331, 8.014, 10.924, 14.362, 15.351, 12.537, 11.115, 11.101, 11.413, 11.544, 10.741, 9.717, 9.184, 11.372, 12.449, 11.857, 8.456, 5.601, 9.614, 10.961, 10.36, 10.435, 10.451, 10.989, 13.056, 14.665, 16.732, 18.561, 19.875, 19.852, 18.961, 19.135, 20.007, 20.96, 20.953, 20.21, 19.848, 21.14, 22.012], [1.823, 1.946, 3.864, 4.527, 3.118, 3.117, 4.25, 5.172, 5.97, 6.232, 7.348, 6.685, 4.874, 5.233, 5.961, 4.596, 4.162, 4.315, 4.512, 5.399, 5.344, 3.994, 3.414, 3.427, 2.865, 2.029, 1.357, 0.0, 1.956, 2.922, 2.445, 2.282, 3.518, 5.141, 5.363, 5.197, 5.487, 5.29, 5.278, 4.99, 7.287, 6.957, 4.05, 5.309, 6.118, 5.626, 4.326, 4.242, 5.191, 5.704, 5.495, 6.346, 8.273, 10.035, 11.178, 11.145, 10.183, 9.311, 8.836, 8.82, 7.974, 8.368, 11.943, 14.338, 14.663, 14.351, 14.194, 14.396, 14.538, 12.821, 10.894, 11.909, 11.533, 10.817, 11.627, 11.258, 8.491, 5.365, 2.536, 1.708, 2.608, 4.27, 3.994, 1.747, 3.27, 6.305, 8.749, 9.16, 9.254, 10.363, 10.392, 9.646, 9.653, 9.682, 8.785, 8.119, 7.835, 7.783, 6.686, 4.319, 4.268, 4.112, 4.927, 5.391, 6.026, 5.826, 7.813, 7.464, 7.15, 10.107, 13.574, 14.568, 11.723, 10.312, 10.295, 10.6, 10.735, 9.988, 8.941, 8.377, 10.566, 11.648, 11.08, 7.683, 5.343, 10.178, 11.71, 10.999, 11.048, 10.735, 11.608, 13.826, 15.434, 17.493, 19.32, 20.655, 20.623, 19.712, 19.885, 20.776, 21.752, 21.705, 20.973, 20.597, 21.92, 22.788], [3.32, 3.181, 5.188, 5.638, 4.654, 4.679, 5.836, 6.635, 7.574, 7.624, 8.87, 7.854, 6.368, 6.385, 7.219, 5.907, 4.961, 5.089, 4.508, 4.551, 4.343, 3.379, 3.134, 2.688, 2.216, 1.757, 1.692, 1.956, 0.0, 1.777, 1.918, 2.325, 4.066, 5.485, 5.866, 5.877, 6.269, 5.924, 5.952, 5.733, 8.053, 7.696, 4.436, 5.515, 6.953, 6.683, 5.381, 4.904, 5.537, 5.828, 5.918, 6.709, 7.837, 9.415, 10.403, 10.522, 9.565, 8.554, 8.063, 8.182, 7.155, 7.807, 11.138, 13.533, 13.86, 13.548, 13.391, 13.593, 13.735, 12.018, 10.093, 11.156, 10.719, 10.043, 10.835, 10.345, 7.468, 4.28, 1.569, 1.761, 3.659, 5.538, 5.092, 2.293, 2.942, 5.595, 7.983, 8.411, 8.45, 9.589, 9.543, 8.856, 8.856, 8.871, 7.956, 7.293, 7.058, 7.081, 5.903, 4.316, 4.597, 4.405, 4.98, 5.597, 6.385, 6.706, 8.99, 8.614, 7.999, 10.93, 14.475, 15.498, 12.782, 11.351, 11.303, 11.352, 11.753, 11.084, 9.79, 9.302, 11.381, 12.496, 12.014, 8.419, 5.047, 9.206, 10.82, 10.147, 10.079, 9.644, 10.897, 12.996, 14.668, 16.75, 18.557, 19.834, 19.77, 18.819, 19.089, 19.921, 20.873, 20.847, 20.114, 19.733, 21.065, 21.922], [4.311, 4.027, 6.211, 6.932, 5.646, 5.619, 6.841, 7.659, 8.518, 8.61, 9.915, 9.033, 7.329, 7.723, 8.487, 6.808, 5.791, 5.9, 4.884, 4.168, 3.456, 3.008, 2.897, 2.203, 2.404, 2.045, 2.308, 2.922, 1.777, 0.0, 1.291, 2.923, 4.983, 6.527, 6.803, 7.043, 7.614, 7.262, 6.879, 7.209, 9.662, 9.329, 5.652, 6.27, 8.223, 7.802, 6.504, 5.484, 4.959, 5.207, 5.156, 5.817, 6.484, 7.871, 9.011, 8.984, 8.095, 7.48, 6.96, 6.841, 6.132, 6.375, 9.473, 11.869, 12.194, 11.882, 11.725, 11.927, 12.069, 10.351, 8.436, 9.491, 9.065, 8.39, 9.178, 8.746, 6.036, 2.962, 1.304, 2.847, 4.954, 6.78, 6.404, 3.268, 1.907, 3.923, 6.314, 6.742, 6.786, 7.922, 7.892, 7.18, 7.232, 7.207, 6.317, 5.657, 5.381, 5.465, 4.258, 3.242, 4.116, 4.27, 5.295, 6.363, 7.111, 7.774, 10.336, 9.878, 9.417, 12.51, 15.97, 16.961, 14.267, 12.798, 12.729, 12.981, 13.198, 12.539, 11.43, 10.799, 12.915, 13.994, 13.462, 10.082, 4.56, 7.831, 9.241, 8.566, 8.643, 8.5, 9.374, 11.356, 13.02, 15.104, 16.935, 18.211, 18.129, 17.187, 17.438, 18.303, 19.28, 19.239, 18.493, 18.117, 19.448, 20.288], [3.819, 3.837, 5.719, 6.416, 5.177, 5.1, 6.286, 7.163, 7.934, 8.146, 9.348, 8.603, 6.817, 7.143, 7.838, 6.464, 5.951, 6.072, 5.375, 4.973, 4.312, 3.786, 3.107, 2.612, 2.53, 2.308, 2.249, 2.445, 1.918, 1.291, 0.0, 2.269, 4.319, 5.715, 5.794, 6.214, 6.959, 6.596, 6.287, 6.722, 9.134, 8.805, 5.053, 5.433, 7.491, 7.263, 5.98, 4.648, 4.222, 4.449, 4.354, 5.15, 6.417, 8.14, 9.242, 9.225, 8.224, 7.401, 6.898, 7.033, 6.063, 6.632, 10.108, 12.503, 12.829, 12.517, 12.36, 12.562, 12.704, 10.987, 9.085, 10.043, 9.694, 9.021, 9.787, 9.374, 6.478, 3.478, 1.67, 2.439, 4.437, 6.25, 5.948, 2.696, 1.501, 4.477, 6.927, 7.335, 7.42, 8.562, 8.518, 7.81, 7.825, 7.84, 6.941, 6.287, 6.037, 5.991, 4.856, 2.665, 3.362, 3.509, 4.48, 5.476, 6.161, 7.159, 9.803, 9.377, 8.916, 11.969, 15.471, 16.453, 13.715, 12.239, 12.123, 12.466, 12.604, 11.843, 10.848, 10.276, 12.424, 13.516, 12.975, 9.571, 3.83, 8.152, 9.814, 9.134, 9.085, 8.823, 9.683, 11.981, 13.525, 15.618, 17.517, 18.747, 18.748, 17.851, 18.081, 18.919, 19.86, 19.851, 19.103, 18.754, 20.072, 20.927], [3.336, 3.591, 5.125, 5.234, 3.965, 4.319, 5.267, 6.128, 7.049, 7.309, 8.111, 6.867, 5.953, 5.377, 6.349, 6.312, 6.07, 6.253, 6.185, 6.069, 5.68, 4.95, 4.294, 3.95, 3.462, 3.331, 2.961, 2.282, 2.325, 2.923, 2.269, 0.0, 2.435, 4.002, 4.31, 4.487, 5.06, 4.71, 4.454, 4.651, 6.985, 6.661, 3.211, 3.893, 5.707, 5.571, 4.303, 3.327, 3.911, 4.408, 4.708, 5.846, 8.214, 10.065, 11.356, 11.269, 10.149, 9.009, 8.586, 9.032, 7.809, 8.59, 12.128, 14.527, 14.842, 14.53, 14.38, 14.578, 14.718, 13.006, 11.092, 12.138, 11.721, 11.114, 11.83, 11.413, 8.506, 5.321, 2.678, 2.44, 3.354, 4.951, 4.494, 1.881, 3.383, 6.593, 8.952, 9.384, 9.454, 10.58, 10.541, 9.823, 9.832, 9.852, 8.937, 8.337, 8.091, 8.085, 6.876, 4.062, 3.377, 2.926, 3.406, 3.891, 4.732, 5.569, 7.932, 7.581, 7.078, 9.842, 13.303, 14.335, 11.814, 10.489, 10.203, 10.344, 10.587, 9.993, 8.804, 8.231, 10.207, 11.32, 10.878, 7.447, 4.055, 10.022, 11.798, 11.174, 11.092, 10.464, 11.713, 14.012, 15.66, 17.727, 19.588, 20.873, 20.68, 19.789, 20.004, 20.875, 21.843, 21.831, 21.067, 20.745, 22.045, 22.927], [4.118, 4.438, 5.354, 5.071, 4.127, 4.416, 5.368, 6.046, 6.9, 7.26, 7.861, 6.646, 5.912, 4.885, 5.836, 7.203, 7.328, 7.504, 7.702, 8.0, 7.799, 6.827, 6.143, 5.912, 5.415, 5.088, 4.491, 3.518, 4.066, 4.983, 4.319, 2.435, 0.0, 2.057, 2.259, 2.393, 2.925, 2.697, 2.481, 2.816, 5.078, 4.791, 1.609, 2.212, 3.557, 3.908, 3.182, 2.764, 4.344, 5.309, 5.771, 7.706, 10.233, 12.061, 13.273, 13.298, 12.215, 10.678, 10.475, 10.977, 9.541, 10.558, 14.137, 16.536, 16.866, 16.555, 16.395, 16.593, 16.737, 15.024, 13.114, 14.099, 13.733, 13.09, 13.78, 13.459, 10.437, 7.381, 4.562, 4.103, 4.065, 4.961, 4.182, 2.877, 5.371, 8.503, 10.957, 11.354, 11.489, 12.55, 12.561, 11.849, 11.856, 11.886, 11.012, 10.403, 10.081, 10.008, 8.881, 6.081, 4.137, 3.769, 2.841, 2.456, 3.079, 3.961, 6.112, 6.033, 5.434, 7.888, 11.369, 12.389, 10.131, 8.925, 8.285, 8.532, 8.59, 7.945, 6.786, 6.552, 8.321, 9.441, 8.885, 5.539, 4.792, 12.0, 13.76, 13.209, 12.937, 12.074, 13.642, 16.035, 17.635, 19.643, 21.534, 22.826, 22.671, 21.812, 22.015, 22.883, 23.851, 23.832, 23.089, 22.786, 24.077, 24.962], [5.564, 6.046, 6.661, 6.249, 5.493, 5.759, 6.643, 7.044, 8.025, 8.322, 8.695, 7.319, 7.121, 5.783, 6.597, 8.597, 9.005, 9.162, 9.452, 9.811, 9.513, 8.628, 7.887, 7.531, 7.142, 6.87, 6.22, 5.141, 5.485, 6.527, 5.715, 4.002, 2.057, 0.0, 1.317, 1.821, 2.351, 2.502, 2.769, 2.925, 4.811, 4.675, 1.947, 2.111, 2.763, 4.248, 3.864, 3.535, 5.676, 6.809, 7.259, 9.22, 11.681, 13.412, 14.516, 14.599, 13.459, 11.906, 11.779, 12.183, 10.918, 12.08, 15.625, 18.02, 18.377, 18.068, 17.908, 18.11, 18.246, 16.526, 14.577, 15.589, 15.205, 14.404, 15.245, 14.736, 11.626, 8.251, 5.784, 5.56, 5.287, 6.232, 5.492, 4.705, 6.842, 9.995, 12.471, 12.896, 12.961, 13.998, 14.051, 13.36, 13.373, 13.403, 12.463, 11.829, 11.53, 11.512, 10.417, 7.624, 5.604, 5.325, 4.009, 3.031, 3.333, 4.402, 6.603, 6.557, 5.628, 7.735, 11.365, 12.527, 10.475, 9.255, 8.39, 8.444, 8.759, 7.771, 6.373, 6.801, 8.49, 9.534, 8.975, 5.284, 6.021, 13.322, 15.103, 14.582, 14.351, 13.461, 15.037, 17.459, 18.994, 20.966, 22.843, 24.094, 23.99, 23.149, 23.363, 24.217, 25.195, 25.17, 24.421, 24.142, 25.42, 26.336], [5.928, 6.297, 7.035, 6.629, 5.877, 6.058, 7.025, 7.44, 8.39, 8.732, 9.057, 7.699, 7.474, 6.158, 6.981, 8.972, 9.295, 9.452, 9.691, 10.144, 9.915, 8.999, 8.17, 7.828, 7.45, 7.158, 6.454, 5.363, 5.866, 6.803, 5.794, 4.31, 2.259, 1.317, 0.0, 1.571, 2.71, 2.742, 3.023, 3.393, 5.156, 4.881, 2.235, 2.14, 2.975, 4.27, 3.989, 3.327, 5.374, 6.49, 6.935, 8.926, 11.378, 13.085, 14.148, 14.256, 13.113, 11.559, 11.443, 11.831, 10.604, 11.739, 15.325, 17.716, 18.077, 17.773, 17.615, 17.815, 17.946, 16.225, 14.269, 15.254, 14.901, 14.078, 14.942, 14.464, 11.305, 7.966, 5.932, 5.917, 5.573, 6.611, 5.865, 5.009, 6.554, 9.631, 12.161, 12.57, 12.663, 13.696, 13.755, 13.057, 13.076, 13.112, 12.183, 11.546, 11.238, 11.203, 10.128, 7.345, 5.332, 5.058, 3.708, 2.534, 3.07, 4.411, 6.765, 6.681, 5.797, 8.286, 11.964, 13.027, 10.734, 9.523, 8.774, 8.865, 9.134, 8.13, 6.769, 7.182, 8.796, 10.051, 9.469, 5.583, 5.731, 12.972, 14.769, 14.275, 14.012, 13.132, 14.703, 17.127, 18.652, 20.589, 22.488, 23.714, 23.667, 22.809, 23.014, 23.875, 24.85, 24.823, 24.074, 23.79, 25.068, 25.986], [5.463, 5.939, 6.185, 5.655, 5.095, 5.364, 6.129, 6.409, 7.414, 7.708, 7.834, 6.453, 6.521, 5.231, 5.936, 8.277, 8.869, 8.964, 9.375, 10.072, 9.937, 8.912, 8.135, 7.954, 7.494, 7.038, 6.288, 5.197, 5.877, 7.043, 6.214, 4.487, 2.393, 1.821, 1.571, 0.0, 1.766, 1.685, 2.349, 2.67, 4.242, 3.893, 1.919, 2.632, 2.301, 3.137, 2.68, 3.297, 5.763, 6.886, 7.294, 9.283, 11.739, 13.449, 14.529, 14.625, 13.491, 11.912, 11.799, 12.198, 10.966, 12.111, 15.685, 18.066, 18.423, 18.12, 17.963, 18.171, 18.293, 16.57, 14.62, 15.609, 15.253, 14.445, 15.331, 14.841, 11.719, 8.448, 5.975, 5.838, 5.143, 5.676, 5.136, 4.947, 6.943, 9.995, 12.515, 12.918, 13.009, 14.058, 14.101, 13.403, 13.424, 13.464, 12.54, 11.913, 11.615, 11.586, 10.525, 7.757, 5.78, 5.488, 4.096, 2.987, 3.041, 3.179, 5.649, 5.474, 4.698, 7.257, 10.944, 11.985, 9.636, 8.417, 7.702, 7.818, 8.101, 7.191, 5.796, 6.084, 7.801, 9.006, 8.431, 4.57, 6.123, 13.349, 15.154, 14.626, 14.395, 13.509, 15.06, 17.489, 19.012, 20.954, 22.87, 24.126, 24.096, 23.219, 23.408, 24.27, 25.251, 25.231, 24.485, 24.174, 25.456, 26.358], [5.631, 6.156, 5.456, 4.576, 4.802, 5.406, 5.694, 5.39, 6.284, 6.493, 6.842, 5.483, 5.613, 4.249, 5.044, 7.809, 8.859, 8.978, 9.513, 10.409, 10.331, 9.201, 8.528, 8.443, 7.897, 7.305, 6.475, 5.487, 6.269, 7.614, 6.959, 5.06, 2.925, 2.351, 2.71, 1.766, 0.0, 1.65, 2.586, 2.859, 3.33, 2.947, 2.216, 3.141, 2.747, 2.697, 2.562, 4.153, 6.623, 7.76, 8.197, 10.144, 12.625, 14.381, 15.485, 15.561, 14.421, 12.867, 12.728, 13.132, 11.846, 13.008, 16.565, 18.956, 19.299, 18.991, 18.834, 19.039, 19.171, 17.449, 15.516, 16.52, 16.145, 15.403, 16.218, 15.72, 12.589, 9.518, 6.672, 6.184, 5.224, 5.149, 4.991, 5.308, 7.807, 10.905, 13.385, 13.811, 13.889, 14.967, 14.975, 14.283, 14.297, 14.331, 13.394, 12.769, 12.488, 12.452, 11.381, 8.624, 6.621, 6.347, 4.987, 3.922, 4.057, 3.248, 4.719, 4.571, 3.689, 6.157, 9.814, 10.888, 8.636, 7.422, 6.683, 6.749, 7.039, 6.136, 4.807, 5.076, 6.664, 7.925, 7.337, 3.561, 6.961, 14.273, 16.076, 15.524, 15.326, 14.413, 15.98, 18.41, 19.942, 21.91, 23.839, 25.06, 24.988, 24.127, 24.344, 25.207, 26.182, 26.159, 25.406, 25.112, 26.398, 27.302], [5.383, 5.89, 5.687, 5.015, 4.718, 5.269, 5.675, 5.79, 6.79, 7.022, 7.161, 5.701, 5.957, 4.648, 5.338, 7.883, 8.717, 8.834, 9.289, 10.009, 9.908, 8.867, 8.257, 8.098, 7.533, 7.031, 6.341, 5.29, 5.924, 7.262, 6.596, 4.71, 2.697, 2.502, 2.742, 1.685, 1.65, 0.0, 1.56, 1.733, 3.098, 2.841, 2.353, 3.372, 2.299, 2.234, 2.346, 4.013, 6.504, 7.634, 8.066, 10.024, 12.503, 14.279, 15.401, 15.451, 14.336, 12.749, 12.599, 13.078, 11.736, 12.885, 16.427, 18.818, 19.172, 18.865, 18.707, 18.911, 19.04, 17.327, 15.388, 16.398, 16.006, 15.283, 16.115, 15.667, 12.53, 9.488, 6.59, 5.976, 5.195, 5.229, 4.902, 5.085, 7.687, 10.81, 13.285, 13.69, 13.758, 14.869, 14