[[0.0, 1.465, 4.33, 9.863, 9.252, 9.516, 7.845, 6.603, 6.797, 7.327, 8.1, 8.974, 8.102, 8.749, 9.861, 12.404, 12.588, 12.28, 12.993, 12.831, 12.628, 12.45, 12.254, 11.984, 12.929, 14.283, 13.325, 11.159, 11.182, 10.853, 8.602, 8.015, 8.71, 7.357, 7.1, 7.713, 8.728, 8.317, 7.481, 6.58, 6.904, 8.215, 8.669, 9.414, 10.347, 9.821, 8.61, 8.814, 8.628, 7.843, 7.977, 9.886, 10.507, 9.881, 10.233, 11.241, 9.67, 8.488, 8.65, 7.198, 5.225, 5.62, 7.908, 8.804, 8.809, 8.39, 8.565, 9.653, 8.99, 6.639, 5.61, 5.796, 6.159, 5.454, 5.985, 8.118, 10.182, 11.482, 12.202, 10.043, 9.72, 10.435, 8.733, 7.408, 7.234, 6.531, 6.606, 6.978, 6.549, 5.983, 5.427, 4.924, 4.199, 4.621, 6.622, 7.937, 8.185, 7.373, 7.277, 7.412, 6.829, 6.981, 7.119, 6.645, 6.625, 6.28, 6.118, 6.604, 5.527, 5.22, 5.0, 5.338, 5.379, 6.785, 6.869, 8.531, 11.583, 11.219, 10.62, 10.823, 10.155, 8.716, 8.124, 7.571, 6.826, 7.338, 7.573, 5.516, 5.08, 5.913, 7.109, 7.11, 6.375, 7.513, 7.257, 6.379, 6.685, 7.683, 8.759, 7.516, 5.684, 4.779, 5.521, 4.966, 3.671, 4.24, 5.505, 6.706, 7.789, 9.777, 9.49, 7.812, 8.89, 9.371, 7.132, 6.061, 6.108, 5.685, 4.655, 4.596, 5.588, 5.009, 3.847, 4.232, 4.934, 4.588, 5.09, 6.031, 6.684, 6.413, 6.425, 9.093, 9.647, 7.709, 7.58, 9.019, 9.702, 8.311, 7.24, 8.079, 7.023, 5.105, 4.945, 4.446, 4.39, 4.785, 5.4, 4.505, 3.169, 3.329, 3.269, 2.55, 1.797, 1.612, 2.059, 2.81, 3.453, 3.658, 3.886, 4.374, 4.64, 5.055, 5.515, 5.34, 5.384, 5.25], [1.465, 0.0, 3.799, 9.431, 8.839, 9.066, 7.433, 6.246, 6.335, 6.768, 7.62, 8.499, 7.669, 8.274, 9.386, 11.929, 12.109, 11.821, 12.538, 12.345, 12.044, 11.958, 11.779, 11.509, 12.42, 13.745, 12.923, 10.662, 10.699, 10.376, 7.989, 7.246, 7.989, 6.647, 6.397, 7.126, 8.001, 7.5, 6.732, 5.895, 6.144, 7.603, 8.179, 9.001, 9.971, 9.422, 8.182, 8.43, 8.149, 7.449, 7.59, 9.496, 10.048, 9.314, 9.672, 10.765, 9.193, 7.86, 8.115, 6.775, 4.356, 4.757, 7.283, 8.3, 8.417, 7.864, 8.115, 9.248, 8.589, 6.29, 5.072, 5.335, 5.567, 4.847, 5.543, 7.653, 9.689, 11.007, 11.727, 9.567, 9.197, 9.96, 8.205, 6.739, 6.219, 5.813, 5.86, 6.384, 6.013, 5.353, 4.462, 4.351, 3.455, 3.693, 5.61, 6.816, 7.134, 6.453, 6.511, 6.625, 5.976, 6.079, 6.65, 6.176, 6.036, 5.531, 5.338, 5.692, 4.653, 4.4, 3.956, 4.221, 4.378, 5.695, 5.91, 7.848, 11.107, 10.834, 10.211, 10.423, 9.734, 8.241, 7.22, 6.624, 5.839, 6.425, 6.812, 4.607, 4.123, 5.03, 6.55, 6.503, 5.926, 6.996, 6.825, 5.898, 6.192, 7.169, 8.256, 7.062, 5.169, 4.137, 4.923, 4.467, 3.244, 3.658, 4.91, 6.203, 7.347, 9.328, 9.077, 7.341, 8.441, 8.896, 6.598, 5.568, 5.681, 5.206, 3.948, 3.846, 4.946, 4.259, 3.021, 3.51, 4.485, 3.995, 4.532, 5.588, 6.208, 6.057, 6.024, 8.726, 9.081, 6.962, 6.9, 8.345, 9.12, 7.836, 6.845, 7.581, 6.599, 4.634, 4.529, 3.894, 3.601, 4.063, 4.675, 3.962, 2.139, 2.437, 2.528, 2.137, 1.377, 1.832, 1.919, 2.495, 2.992, 3.339, 3.56, 3.811, 3.584, 4.067, 4.65, 4.28, 4.109, 4.16], [4.33, 3.799, 0.0, 5.791, 5.263, 5.524, 3.79, 3.156, 3.666, 4.159, 5.059, 5.233, 4.123, 4.743, 5.878, 8.393, 8.595, 8.24, 9.007, 8.878, 8.851, 8.535, 8.289, 8.041, 9.022, 10.39, 9.481, 7.265, 7.303, 6.964, 4.878, 4.663, 5.104, 3.69, 3.454, 4.121, 5.154, 5.117, 4.273, 3.207, 3.541, 4.642, 4.9, 5.349, 6.354, 5.942, 4.789, 4.933, 4.925, 4.132, 4.084, 5.883, 6.538, 6.096, 6.734, 7.405, 5.86, 4.868, 4.824, 3.434, 2.357, 2.534, 4.609, 5.934, 6.081, 5.12, 5.186, 5.755, 5.029, 2.753, 1.839, 1.971, 2.316, 1.784, 2.111, 4.139, 6.23, 7.515, 8.212, 6.077, 5.824, 6.498, 5.065, 3.836, 3.882, 3.257, 3.095, 3.192, 2.881, 2.678, 2.687, 2.1, 1.538, 2.387, 3.853, 4.807, 4.886, 4.094, 3.922, 3.893, 3.541, 3.739, 3.298, 2.766, 2.861, 2.948, 3.104, 3.5, 3.2, 3.073, 2.729, 2.491, 2.304, 3.772, 3.957, 4.904, 7.564, 7.19, 6.503, 6.784, 6.144, 4.763, 4.776, 4.307, 3.88, 4.128, 4.034, 2.651, 2.322, 2.593, 3.382, 3.273, 2.732, 3.694, 3.336, 2.563, 2.946, 3.796, 4.901, 3.522, 2.048, 1.576, 1.805, 1.409, 1.557, 1.445, 2.071, 3.116, 3.922, 5.766, 5.488, 3.828, 4.888, 5.349, 3.292, 2.258, 2.338, 2.157, 1.49, 1.695, 2.135, 1.958, 1.586, 1.208, 1.62, 1.741, 1.777, 2.318, 2.855, 2.687, 2.719, 5.041, 5.772, 4.088, 3.887, 5.357, 5.897, 4.411, 3.551, 4.554, 3.265, 1.815, 2.013, 1.432, 1.409, 1.773, 2.425, 2.038, 2.567, 4.398, 5.243, 5.478, 4.818, 5.123, 4.783, 3.525, 2.486, 2.285, 1.919, 1.536, 1.766, 2.491, 2.71, 2.564, 2.868, 4.004], [9.863, 9.431, 5.791, 0.0, 1.753, 1.55, 2.347, 3.542, 3.941, 3.396, 3.282, 3.063, 2.364, 1.684, 1.596, 2.719, 2.922, 2.661, 3.673, 4.064, 4.453, 4.42, 3.979, 3.597, 4.413, 5.342, 4.542, 2.437, 2.894, 2.843, 2.709, 3.405, 3.478, 3.135, 3.285, 2.617, 3.112, 3.434, 3.363, 3.902, 3.735, 2.857, 2.281, 1.669, 2.464, 2.816, 3.054, 2.898, 3.205, 2.701, 2.442, 1.369, 1.392, 2.148, 3.502, 3.919, 2.691, 2.778, 2.513, 2.968, 5.358, 5.07, 2.671, 4.645, 3.993, 2.861, 2.856, 3.58, 3.061, 3.324, 4.447, 4.17, 4.048, 4.732, 4.032, 2.226, 2.197, 2.82, 3.193, 1.834, 1.918, 2.319, 2.231, 3.15, 4.358, 3.986, 3.699, 3.259, 3.58, 4.307, 5.521, 5.348, 6.121, 7.157, 5.795, 4.427, 3.954, 3.877, 3.764, 3.277, 3.893, 3.727, 2.894, 3.39, 3.513, 4.414, 4.232, 5.215, 7.512, 8.479, 7.701, 6.916, 6.032, 5.696, 5.285, 3.003, 2.281, 2.011, 1.571, 1.563, 1.598, 1.912, 2.942, 4.103, 4.605, 3.942, 3.721, 5.272, 5.795, 4.88, 3.057, 3.268, 3.822, 2.667, 2.813, 3.699, 3.415, 2.377, 1.739, 2.505, 4.322, 5.39, 4.635, 5.003, 6.454, 5.87, 4.809, 3.382, 2.33, 1.456, 1.367, 2.312, 1.752, 1.298, 3.306, 4.306, 3.92, 4.371, 5.692, 5.814, 4.623, 5.843, 7.018, 6.069, 5.13, 5.878, 5.112, 3.924, 3.391, 3.829, 3.633, 3.086, 2.455, 3.127, 3.166, 2.482, 2.417, 2.214, 3.179, 3.551, 3.091, 4.945, 5.141, 5.797, 6.499, 5.718, 5.042, 5.813, 8.153, 10.084, 10.937, 11.164, 10.476, 10.769, 10.421, 8.733, 7.353, 7.237, 6.758, 5.889, 6.61, 6.22, 5.473, 6.13, 7.158, 9.521], [9.252, 8.839, 5.263, 1.753, 0.0, 1.19, 2.191, 3.384, 3.605, 3.965, 4.028, 3.883, 2.789, 2.088, 1.474, 3.27, 3.403, 3.232, 3.858, 4.222, 4.627, 4.526, 3.96, 3.551, 4.477, 5.463, 4.681, 2.633, 3.019, 3.0, 2.997, 3.519, 3.474, 2.428, 2.74, 2.559, 3.119, 3.394, 3.11, 3.313, 3.079, 2.301, 2.326, 2.211, 3.102, 3.229, 3.182, 2.986, 3.266, 2.432, 1.986, 2.178, 2.157, 2.347, 3.682, 3.981, 3.408, 3.161, 2.859, 3.287, 4.765, 4.504, 3.618, 5.357, 5.031, 3.988, 3.931, 4.52, 3.819, 3.246, 4.001, 3.604, 3.758, 4.201, 3.462, 2.454, 2.766, 3.128, 3.881, 2.643, 2.529, 2.586, 2.172, 2.8, 3.589, 3.241, 3.283, 2.864, 3.092, 3.85, 4.943, 4.792, 5.543, 6.557, 5.244, 3.248, 3.095, 3.083, 2.907, 2.756, 3.663, 3.808, 2.816, 3.061, 3.181, 4.019, 3.806, 4.863, 6.961, 7.885, 7.195, 6.336, 5.409, 5.013, 4.511, 2.296, 2.553, 2.807, 2.385, 2.517, 2.541, 2.056, 2.801, 3.048, 3.9, 3.136, 2.564, 4.611, 5.218, 4.302, 2.903, 3.003, 3.562, 2.564, 3.174, 3.33, 3.034, 2.384, 2.207, 2.206, 3.702, 4.849, 4.053, 4.49, 6.0, 5.37, 4.256, 3.698, 2.982, 2.327, 2.161, 2.207, 1.647, 1.308, 2.908, 4.052, 3.528, 3.855, 5.082, 5.258, 4.093, 5.421, 6.524, 5.511, 4.774, 5.666, 4.952, 3.392, 2.979, 3.625, 3.651, 3.602, 3.17, 3.362, 3.058, 2.586, 3.05, 2.687, 3.621, 4.088, 3.431, 4.743, 4.619, 5.292, 5.956, 5.034, 4.668, 5.432, 7.576, 9.479, 10.364, 10.562, 9.899, 10.191, 9.843, 8.187, 6.727, 6.58, 6.191, 5.273, 6.008, 5.647, 4.87, 5.484, 6.532, 8.89], [9.516, 9.066, 5.524, 1.55, 1.19, 0.0, 2.056, 3.184, 3.404, 3.414, 3.186, 3.296, 2.397, 1.717, 1.403, 2.976, 3.144, 3.113, 3.872, 4.383, 4.928, 4.846, 4.323, 3.924, 4.802, 5.609, 4.827, 2.772, 3.093, 3.29, 3.13, 3.699, 3.773, 2.711, 3.069, 2.612, 3.34, 3.525, 3.454, 3.604, 3.375, 2.603, 2.298, 2.268, 3.079, 3.26, 3.363, 3.098, 3.401, 2.752, 2.241, 2.081, 2.034, 2.619, 4.041, 4.344, 3.411, 3.321, 3.007, 3.142, 4.943, 4.67, 3.376, 4.811, 4.349, 3.375, 3.287, 3.574, 3.067, 3.124, 4.151, 3.814, 3.787, 4.337, 3.592, 2.15, 2.029, 2.934, 3.379, 2.262, 2.363, 2.868, 2.3, 2.925, 4.051, 3.572, 3.437, 2.941, 3.217, 4.03, 5.122, 4.927, 5.721, 6.809, 5.403, 3.957, 3.264, 3.222, 3.249, 2.903, 3.536, 3.69, 2.684, 3.066, 3.175, 4.087, 3.871, 5.101, 7.133, 8.082, 7.329, 6.483, 5.64, 5.209, 4.77, 2.804, 2.494, 2.685, 2.201, 2.072, 1.883, 1.909, 2.757, 3.721, 4.221, 3.425, 3.194, 4.821, 5.395, 4.48, 2.854, 3.057, 3.625, 2.418, 2.896, 3.333, 3.086, 2.398, 2.047, 2.302, 3.953, 5.068, 4.306, 4.684, 6.218, 5.531, 4.432, 3.397, 2.621, 2.073, 1.975, 2.03, 1.388, 1.334, 3.04, 4.076, 3.611, 3.988, 5.313, 5.397, 4.232, 5.582, 6.701, 5.735, 4.82, 5.747, 4.905, 3.524, 3.083, 3.605, 3.528, 2.845, 2.708, 3.176, 2.926, 2.653, 2.999, 2.157, 3.21, 3.42, 3.186, 4.716, 4.808, 5.46, 6.108, 5.267, 4.73, 5.627, 7.78, 9.711, 10.583, 10.84, 10.127, 10.392, 10.067, 8.352, 6.904, 6.778, 6.377, 5.463, 6.186, 5.793, 5.033, 5.702, 6.71, 9.068], [7.845, 7.433, 3.79, 2.347, 2.191, 2.056, 0.0, 1.886, 2.489, 2.602, 3.116, 2.993, 1.853, 1.619, 2.416, 4.804, 5.028, 4.636, 5.566, 5.73, 6.035, 5.949, 5.374, 5.005, 5.975, 7.076, 6.266, 4.007, 4.139, 4.227, 3.013, 3.461, 3.69, 1.998, 2.313, 2.532, 3.454, 3.893, 2.968, 2.518, 2.595, 3.087, 2.718, 2.36, 3.396, 3.525, 3.264, 3.136, 3.368, 2.495, 2.068, 2.765, 3.171, 3.29, 4.647, 5.158, 3.51, 3.111, 2.709, 2.167, 3.451, 3.07, 2.836, 4.621, 4.217, 2.956, 3.099, 3.241, 2.444, 1.743, 2.615, 2.253, 2.315, 2.756, 1.926, 1.417, 2.745, 4.151, 4.642, 2.662, 2.662, 3.496, 2.701, 2.515, 3.368, 2.563, 2.144, 1.769, 1.783, 2.494, 3.627, 3.255, 4.063, 5.137, 4.115, 4.349, 3.991, 3.082, 3.007, 2.453, 2.496, 3.11, 1.689, 1.596, 2.073, 2.757, 2.963, 3.831, 5.348, 6.294, 5.563, 4.799, 3.93, 3.721, 3.838, 3.504, 4.013, 3.65, 2.913, 3.157, 2.589, 1.952, 3.274, 3.621, 3.421, 3.367, 3.255, 3.378, 3.748, 2.868, 2.071, 2.058, 2.194, 1.498, 1.43, 2.071, 1.863, 1.771, 1.927, 1.552, 2.463, 3.432, 2.697, 3.063, 4.419, 3.843, 2.78, 2.448, 2.014, 2.707, 2.435, 1.514, 1.621, 2.087, 2.219, 2.779, 1.97, 2.439, 3.654, 3.776, 2.715, 3.736, 4.945, 4.059, 3.155, 4.036, 3.191, 2.03, 1.467, 2.381, 2.133, 2.453, 2.727, 2.514, 2.311, 2.883, 3.026, 1.764, 2.19, 2.945, 2.004, 3.046, 3.068, 3.674, 4.426, 3.634, 3.054, 3.92, 6.109, 8.024, 8.912, 9.165, 8.484, 8.758, 8.429, 6.719, 5.262, 5.18, 4.712, 3.805, 4.523, 4.136, 3.451, 4.03, 5.07, 7.431], [6.603, 6.246, 3.156, 3.542, 3.384, 3.184, 1.886, 0.0, 1.236, 1.497, 2.145, 2.737, 2.312, 2.822, 3.411, 5.872, 6.094, 5.742, 6.59, 6.933, 7.358, 7.272, 6.748, 6.385, 7.212, 8.178, 7.315, 5.225, 5.379, 5.481, 4.324, 4.534, 4.946, 3.261, 3.27, 3.581, 4.587, 4.977, 3.938, 3.223, 3.813, 4.463, 4.066, 3.722, 4.564, 4.436, 4.062, 4.101, 4.375, 3.521, 3.239, 3.842, 4.277, 4.65, 5.987, 6.532, 4.912, 4.239, 3.949, 2.777, 2.865, 2.821, 2.877, 3.559, 3.149, 2.337, 2.303, 3.101, 2.511, 1.748, 2.205, 2.145, 2.25, 2.705, 1.983, 1.827, 3.769, 5.154, 5.706, 3.697, 4.015, 4.908, 4.053, 3.644, 4.412, 3.617, 3.054, 2.838, 2.478, 2.563, 3.507, 2.236, 2.936, 4.328, 4.77, 5.495, 5.376, 4.434, 4.151, 3.786, 3.418, 3.727, 2.626, 1.997, 2.627, 2.933, 3.024, 3.878, 4.607, 5.497, 4.988, 4.199, 3.918, 4.552, 4.842, 4.895, 5.129, 4.785, 4.157, 4.282, 3.664, 3.182, 4.694, 4.834, 4.633, 4.63, 4.489, 4.289, 4.069, 3.447, 2.939, 2.836, 2.638, 1.637, 1.436, 1.659, 1.867, 2.885, 3.266, 2.457, 2.5, 3.307, 2.414, 2.365, 3.758, 2.75, 1.94, 1.724, 2.478, 3.848, 3.498, 2.559, 2.815, 3.372, 3.471, 3.027, 2.477, 3.137, 3.386, 3.492, 3.187, 4.191, 4.274, 3.487, 2.162, 2.957, 2.339, 1.857, 1.892, 1.35, 1.467, 2.697, 3.561, 3.125, 3.371, 4.113, 4.148, 2.2, 1.589, 2.181, 1.439, 2.274, 1.992, 2.964, 3.741, 2.771, 2.291, 2.947, 4.868, 6.781, 7.668, 7.944, 7.288, 7.571, 7.233, 5.532, 4.346, 4.54, 3.971, 3.068, 3.751, 3.583, 3.495, 4.047, 4.783, 6.35], [6.797, 6.335, 3.666, 3.941, 3.605, 3.404, 2.489, 1.236, 0.0, 1.783, 2.045, 2.684, 2.535, 3.279, 3.858, 5.841, 6.11, 6.176, 6.761, 7.032, 7.568, 7.514, 6.983, 6.632, 7.526, 8.351, 7.275, 5.376, 5.489, 5.699, 4.585, 4.894, 5.271, 3.687, 3.542, 3.834, 4.854, 5.226, 4.215, 3.61, 4.163, 4.73, 4.335, 4.004, 4.926, 4.683, 4.318, 4.512, 4.717, 3.777, 3.498, 4.237, 4.732, 4.905, 6.241, 6.778, 5.109, 4.508, 4.214, 3.05, 3.166, 3.14, 2.992, 3.149, 3.056, 2.47, 2.32, 3.136, 2.676, 2.215, 2.654, 2.696, 2.983, 3.297, 2.505, 2.466, 3.8, 5.106, 5.661, 3.926, 4.405, 5.128, 4.388, 3.899, 4.787, 4.166, 3.56, 3.249, 2.859, 3.036, 3.843, 2.6, 3.209, 4.619, 5.275, 5.936, 5.599, 4.857, 4.458, 4.067, 3.829, 3.978, 2.914, 2.614, 3.045, 3.471, 3.224, 4.36, 5.032, 6.065, 5.481, 4.679, 4.398, 5.184, 5.437, 5.155, 5.324, 5.171, 4.577, 4.472, 4.067, 3.677, 4.995, 5.312, 5.195, 4.932, 5.003, 4.779, 4.489, 3.901, 3.416, 3.4, 3.25, 1.877, 2.138, 1.997, 2.404, 3.221, 3.623, 2.895, 3.042, 3.798, 2.768, 2.826, 4.214, 2.861, 2.308, 2.178, 3.021, 4.28, 3.961, 3.04, 3.293, 3.839, 4.131, 3.614, 3.033, 3.619, 3.868, 4.034, 3.662, 4.62, 4.711, 3.89, 2.689, 3.362, 2.916, 2.382, 2.459, 1.985, 1.875, 2.827, 3.689, 3.397, 3.745, 4.375, 4.315, 2.52, 1.842, 2.045, 1.637, 2.717, 2.352, 3.367, 4.075, 3.215, 2.667, 3.237, 5.011, 6.826, 7.709, 7.938, 7.302, 7.554, 7.237, 5.585, 4.898, 5.154, 4.537, 3.546, 4.261, 4.043, 4.045, 4.545, 5.265, 6.783], [7.327, 6.768, 4.159, 3.396, 3.965, 3.414, 2.602, 1.497, 1.783, 0.0, 1.582, 2.462, 2.405, 2.785, 3.43, 5.31, 5.515, 5.251, 6.233, 6.694, 7.089, 6.944, 6.428, 6.038, 6.926, 7.925, 7.201, 5.024, 5.107, 5.118, 4.004, 4.436, 4.813, 3.916, 3.922, 3.784, 4.392, 4.778, 4.132, 3.91, 4.362, 4.686, 3.858, 3.513, 4.431, 4.201, 3.94, 4.082, 4.213, 3.791, 3.613, 3.689, 3.795, 4.34, 5.725, 6.205, 4.559, 3.836, 3.621, 2.931, 3.655, 3.568, 2.687, 2.983, 2.449, 1.761, 1.938, 2.678, 2.329, 2.114, 3.043, 3.142, 3.122, 3.723, 2.96, 2.229, 3.305, 4.825, 5.166, 3.326, 3.533, 4.487, 4.049, 3.993, 5.135, 4.576, 3.836, 3.408, 3.174, 3.278, 4.13, 2.932, 3.632, 5.207, 5.63, 6.335, 5.693, 4.968, 4.727, 4.241, 3.673, 3.707, 2.783, 2.68, 3.247, 3.714, 3.428, 4.697, 5.597, 6.582, 5.972, 5.109, 4.96, 5.46, 5.724, 5.209, 4.738, 4.412, 3.899, 3.844, 3.193, 3.357, 4.61, 5.637, 5.481, 5.26, 5.403, 5.235, 4.948, 4.328, 3.516, 3.477, 3.4, 1.969, 1.704, 2.166, 2.457, 2.937, 3.117, 2.966, 3.417, 4.277, 3.271, 3.25, 4.767, 3.394, 2.695, 1.937, 2.296, 3.583, 3.081, 2.956, 2.996, 3.382, 4.337, 3.933, 3.485, 4.014, 4.384, 4.464, 4.129, 5.169, 5.236, 4.428, 2.991, 3.778, 3.054, 2.736, 2.646, 2.188, 1.945, 2.552, 3.267, 3.257, 3.406, 3.966, 3.928, 2.149, 1.97, 1.882, 1.757, 2.993, 2.981, 3.928, 4.565, 3.647, 2.913, 3.547, 5.556, 7.345, 8.217, 8.466, 7.719, 7.97, 7.66, 5.992, 5.281, 5.519, 5.011, 3.992, 4.679, 4.463, 4.356, 5.057, 5.735, 7.244], [8.1, 7.62, 5.059, 3.282, 4.028, 3.186, 3.116, 2.145, 2.045, 1.582, 0.0, 1.52, 2.323, 2.901, 3.304, 4.46, 4.669, 4.75, 5.246, 5.853, 6.31, 6.459, 6.189, 5.852, 6.469, 6.931, 6.18, 4.211, 4.413, 4.704, 4.01, 4.557, 4.923, 4.252, 4.167, 3.965, 4.501, 4.876, 4.284, 4.143, 4.643, 4.755, 3.924, 3.561, 4.393, 4.338, 4.237, 4.317, 4.329, 3.961, 3.828, 3.262, 3.582, 4.079, 5.51, 5.935, 4.054, 3.73, 3.568, 3.152, 4.349, 4.326, 2.391, 2.088, 1.627, 1.5, 1.394, 2.141, 1.826, 2.884, 3.913, 3.876, 3.927, 4.437, 3.634, 2.36, 2.303, 3.653, 4.185, 2.386, 3.281, 4.222, 4.125, 4.061, 5.357, 4.958, 4.281, 3.85, 3.618, 3.803, 4.844, 3.88, 4.558, 5.847, 6.211, 6.548, 5.872, 5.309, 4.878, 4.401, 4.065, 3.921, 3.103, 3.123, 3.627, 4.211, 3.848, 5.187, 6.432, 7.459, 6.844, 5.872, 5.637, 5.994, 6.109, 5.255, 3.987, 3.966, 3.685, 3.036, 2.556, 3.367, 4.796, 5.936, 5.907, 5.401, 5.677, 5.713, 5.547, 4.892, 3.858, 3.883, 4.084, 2.199, 2.415, 2.788, 2.914, 3.119, 3.151, 3.26, 3.936, 5.022, 3.931, 4.081, 5.667, 4.305, 3.464, 2.365, 2.611, 3.094, 3.189, 3.627, 3.496, 3.703, 4.957, 4.63, 4.144, 4.581, 5.12, 5.313, 4.756, 5.879, 6.198, 5.104, 3.873, 4.776, 4.011, 3.331, 3.107, 3.032, 2.817, 1.948, 2.471, 3.379, 3.652, 3.813, 3.246, 1.944, 1.882, 1.387, 2.173, 3.924, 3.655, 4.818, 5.319, 4.382, 3.59, 4.243, 6.396, 8.263, 9.17, 9.407, 8.627, 8.868, 8.58, 6.999, 6.1, 6.263, 5.846, 4.688, 5.443, 5.08, 4.877, 5.688, 6.368, 8.07], [8.974, 8.499, 5.233, 3.063, 3.883, 3.296, 2.993, 2.737, 2.684, 2.462, 1.52, 0.0, 1.92, 2.788, 3.2, 4.054, 4.225, 4.112, 4.384, 4.743, 5.152, 5.519, 5.302, 5.147, 5.633, 5.917, 4.993, 3.405, 3.45, 3.835, 3.422, 3.973, 4.305, 4.016, 4.13, 3.798, 4.011, 4.464, 4.193, 3.905, 4.401, 4.358, 3.413, 3.197, 3.831, 3.889, 3.859, 4.078, 3.938, 3.633, 3.497, 2.777, 3.261, 3.4, 4.656, 4.954, 2.952, 3.162, 2.849, 2.727, 4.614, 4.561, 2.255, 1.913, 1.858, 1.361, 1.328, 2.164, 1.628, 2.941, 4.139, 4.013, 4.027, 4.482, 3.702, 2.426, 1.967, 2.668, 3.327, 1.813, 2.573, 3.499, 3.692, 3.802, 5.094, 4.762, 4.261, 3.7, 3.523, 4.063, 5.104, 4.281, 5.108, 6.303, 6.201, 6.346, 5.702, 5.145, 4.673, 4.18, 4.121, 3.921, 2.989, 3.195, 3.628, 4.354, 3.939, 5.208, 6.54, 7.487, 6.818, 5.936, 5.529, 5.772, 5.916, 4.86, 3.379, 3.264, 3.058, 2.597, 2.352, 3.231, 4.505, 5.652, 5.721, 5.175, 5.41, 5.524, 5.673, 4.865, 3.787, 3.885, 4.082, 2.397, 2.706, 2.929, 2.899, 2.886, 2.681, 2.998, 3.886, 5.076, 3.885, 4.264, 5.912, 4.996, 3.837, 2.682, 2.488, 2.408, 2.845, 3.64, 3.516, 3.481, 4.747, 4.478, 4.043, 4.416, 5.157, 5.374, 4.639, 5.857, 6.383, 5.306, 4.336, 5.259, 4.356, 3.438, 2.987, 3.228, 3.045, 1.598, 1.762, 2.845, 3.402, 3.35, 2.303, 1.897, 1.981, 1.371, 2.262, 4.21, 4.211, 5.032, 5.62, 4.604, 3.982, 4.86, 7.241, 9.154, 10.056, 10.298, 9.518, 9.778, 9.46, 7.799, 6.365, 6.337, 5.935, 4.873, 5.708, 5.276, 4.902, 5.712, 6.383, 8.459], [8.102, 7.669, 4.123, 2.364, 2.789, 2.397, 1.853, 2.312, 2.535, 2.405, 2.323, 1.92, 0.0, 1.649, 2.269, 4.307, 4.507, 4.191, 4.925, 4.886, 5.173, 5.086, 4.664, 4.34, 5.233, 6.35, 5.509, 3.362, 3.551, 3.673, 2.512, 2.633, 2.997, 2.584, 2.784, 2.542, 3.015, 3.499, 2.936, 2.664, 2.923, 2.84, 2.232, 2.359, 3.164, 3.095, 3.057, 3.066, 3.117, 2.399, 2.143, 2.355, 2.907, 2.775, 3.952, 4.506, 2.906, 2.418, 2.016, 1.669, 3.506, 3.331, 1.791, 3.451, 3.302, 2.09, 2.199, 2.904, 2.309, 1.704, 2.969, 2.722, 2.837, 3.175, 2.388, 1.476, 2.274, 3.509, 4.327, 2.055, 2.363, 3.011, 2.456, 2.395, 3.592, 3.217, 2.778, 2.303, 2.148, 2.807, 4.041, 3.501, 4.298, 5.395, 4.825, 4.908, 4.197, 3.693, 3.2, 2.67, 2.706, 2.632, 1.752, 2.123, 2.411, 3.207, 2.829, 4.223, 5.693, 6.584, 5.856, 4.952, 4.123, 4.284, 4.445, 3.369, 3.498, 3.276, 2.661, 2.808, 2.209, 2.183, 2.973, 4.104, 4.114, 3.641, 3.772, 4.106, 4.264, 3.48, 2.408, 2.617, 2.783, 1.438, 1.749, 2.206, 2.006, 1.643, 1.696, 1.641, 2.65, 3.725, 2.949, 3.513, 5.008, 4.183, 3.101, 1.961, 1.382, 2.203, 2.075, 2.504, 2.535, 2.387, 3.303, 3.174, 2.649, 3.148, 3.873, 4.047, 3.267, 4.566, 5.315, 4.314, 3.543, 4.562, 3.701, 2.327, 1.898, 2.391, 2.137, 1.939, 1.839, 1.451, 1.841, 2.117, 2.124, 1.038, 1.685, 2.223, 1.764, 3.445, 3.389, 4.012, 4.653, 3.691, 3.141, 4.023, 6.372, 8.282, 9.187, 9.426, 8.73, 8.994, 8.667, 6.968, 5.505, 5.301, 4.984, 3.991, 4.754, 4.403, 3.831, 4.339, 5.262, 7.578], [8.749, 8.274, 4.743, 1.684, 2.088, 1.717, 1.619, 2.822, 3.279, 2.785, 2.901, 2.788, 1.649, 0.0, 1.611, 3.683, 3.864, 3.634, 4.585, 4.769, 5.058, 4.827, 4.353, 4.013, 4.927, 6.173, 5.427, 3.197, 3.344, 3.437, 2.551, 2.97, 3.054, 2.178, 2.398, 2.239, 2.992, 3.34, 2.635, 2.75, 2.535, 2.44, 2.098, 1.975, 2.834, 2.866, 2.956, 2.819, 2.991, 2.138, 1.992, 2.127, 2.409, 2.578, 3.686, 4.231, 2.674, 2.364, 2.079, 2.215, 4.107, 3.789, 2.584, 4.627, 4.085, 2.916, 2.848, 3.308, 2.691, 2.398, 3.446, 3.068, 2.973, 3.59, 2.881, 1.516, 1.84, 3.307, 3.767, 1.931, 1.955, 2.675, 2.016, 2.277, 3.392, 2.907, 2.641, 2.107, 2.463, 3.122, 4.294, 4.05, 4.847, 6.042, 4.709, 4.201, 3.508, 3.012, 2.737, 2.298, 2.642, 2.937, 1.762, 2.166, 2.395, 3.271, 3.194, 4.349, 6.269, 7.194, 6.487, 5.554, 4.719, 4.292, 3.95, 2.835, 3.042, 2.693, 2.093, 2.373, 1.738, 1.347, 2.447, 3.412, 3.751, 3.004, 3.119, 3.984, 4.507, 3.601, 2.17, 2.22, 2.84, 1.827, 1.958, 2.642, 2.14, 1.475, 1.592, 1.78, 3.18, 4.303, 3.434, 3.985, 5.449, 4.799, 3.595, 2.343, 1.78, 1.719, 1.529, 1.857, 1.628, 1.475, 2.545, 3.294, 2.897, 3.185, 4.502, 4.653, 3.459, 4.844, 5.949, 4.958, 4.023, 4.877, 4.012, 2.813, 2.085, 2.688, 2.527, 2.596, 2.373, 2.304, 1.947, 1.816, 2.382, 1.375, 2.394, 3.148, 2.318, 3.865, 4.137, 4.644, 5.197, 4.319, 3.753, 4.637, 7.025, 8.929, 9.84, 10.073, 9.292, 9.532, 9.213, 7.634, 6.132, 5.778, 5.432, 4.515, 5.322, 4.946, 4.157, 4.832, 5.799, 8.19], [9.861, 9.386, 5.878, 1.596, 1.474, 1.403, 2.416, 3.411, 3.858, 3.43, 3.304, 3.2, 2.269, 1.611, 0.0, 2.55, 2.764, 2.59, 3.374, 3.84, 4.212, 4.166, 3.73, 3.36, 4.173, 4.984, 4.293, 2.277, 2.538, 2.885, 2.818, 3.386, 3.123, 2.841, 3.228, 2.657, 2.986, 3.212, 3.086, 3.633, 3.389, 2.305, 2.302, 2.002, 2.556, 2.749, 2.924, 2.706, 2.998, 2.439, 2.11, 1.836, 1.777, 2.169, 3.381, 3.863, 2.915, 2.841, 2.634, 3.224, 5.219, 4.921, 3.164, 4.82, 4.348, 3.353, 3.182, 3.828, 3.206, 3.392, 4.508, 4.18, 4.112, 4.724, 3.933, 2.078, 1.936, 2.341, 2.927, 1.803, 2.068, 2.152, 1.892, 2.932, 4.045, 3.877, 3.737, 3.218, 3.474, 4.221, 5.4, 5.151, 5.975, 7.154, 5.747, 4.028, 3.502, 3.495, 3.095, 2.989, 3.721, 3.802, 2.925, 3.318, 3.559, 4.389, 4.18, 5.337, 7.445, 8.336, 7.622, 6.634, 5.779, 5.345, 4.864, 2.566, 1.949, 1.997, 1.615, 1.981, 1.908, 2.0, 2.803, 3.478, 4.432, 3.542, 3.04, 5.021, 5.626, 4.733, 3.19, 3.21, 4.001, 2.58, 2.986, 3.673, 3.289, 2.447, 2.036, 2.523, 4.281, 5.401, 4.628, 5.058, 6.667, 5.878, 4.705, 3.336, 2.716, 1.919, 1.859, 2.422, 2.034, 1.457, 3.451, 4.392, 3.968, 4.274, 5.614, 5.747, 4.644, 6.016, 7.078, 6.072, 5.176, 6.137, 5.271, 3.921, 3.193, 3.833, 3.728, 3.054, 2.475, 3.094, 2.865, 2.024, 2.344, 2.017, 3.25, 3.546, 3.278, 5.067, 5.05, 5.777, 6.341, 5.408, 4.896, 5.744, 8.125, 10.041, 10.934, 11.185, 10.405, 10.669, 10.351, 8.677, 7.133, 6.906, 6.594, 5.665, 6.434, 6.04, 5.27, 5.944, 6.911, 9.302], [12.404, 11.929, 8.393, 2.719, 3.27, 2.976, 4.804, 5.872, 5.841, 5.31, 4.46, 4.054, 4.307, 3.683, 2.55, 0.0, 0.897, 1.396, 2.324, 3.041, 3.538, 3.619, 3.382, 3.065, 3.65, 4.23, 3.304, 2.085, 2.439, 3.053, 4.109, 4.902, 4.339, 5.378, 5.747, 4.935, 4.321, 4.585, 5.398, 6.167, 5.922, 4.421, 3.822, 3.361, 3.223, 3.413, 4.106, 3.918, 4.129, 4.604, 4.452, 2.736, 2.088, 2.879, 3.783, 3.768, 3.616, 4.123, 3.925, 5.323, 7.762, 7.456, 4.739, 5.285, 4.912, 4.395, 4.213, 4.074, 4.169, 5.869, 6.962, 6.701, 6.492, 7.223, 6.462, 4.313, 2.719, 2.264, 2.115, 2.732, 3.072, 2.422, 3.8, 5.36, 6.572, 6.421, 6.253, 5.726, 6.012, 6.755, 7.935, 7.693, 8.508, 9.697, 8.272, 6.072, 5.486, 5.874, 5.498, 5.472, 6.226, 6.071, 5.339, 5.803, 5.998, 6.86, 6.713, 7.683, 9.908, 10.828, 10.122, 9.162, 8.295, 7.895, 7.398, 4.237, 1.488, 1.762, 2.439, 2.01, 2.47, 3.731, 4.848, 5.969, 6.933, 5.944, 5.385, 7.552, 8.161, 7.268, 5.501, 5.575, 6.312, 5.031, 5.244, 6.114, 5.769, 4.775, 3.707, 4.97, 6.801, 7.943, 7.091, 7.508, 9.085, 8.407, 7.22, 5.81, 4.623, 2.986, 3.047, 4.662, 3.825, 3.147, 5.571, 6.624, 6.426, 6.772, 8.157, 8.296, 7.095, 8.471, 9.583, 8.613, 7.667, 8.442, 7.612, 6.394, 5.721, 6.112, 6.043, 4.058, 3.281, 5.179, 5.195, 3.744, 3.36, 4.106, 5.255, 4.81, 5.518, 7.481, 7.599, 8.279, 8.856, 7.945, 7.407, 8.286, 10.669, 12.584, 13.483, 13.728, 12.947, 13.204, 12.885, 11.226, 9.668, 9.441, 9.018, 8.187, 8.977, 8.589, 7.81, 8.487, 9.454, 11.845], [12.588, 12.109, 8.595, 2.922, 3.403, 3.144, 5.028, 6.094, 6.11, 5.515, 4.669, 4.225, 4.507, 3.864, 2.764, 0.897, 0.0, 1.432, 2.154, 2.893, 3.528, 3.324, 3.057, 2.828, 3.411, 3.909, 3.144, 2.16, 2.587, 3.184, 4.256, 5.103, 4.574, 5.558, 5.932, 5.13, 4.528, 4.783, 5.56, 6.329, 6.083, 4.586, 3.991, 3.58, 3.373, 3.609, 4.356, 4.13, 4.334, 4.827, 4.666, 2.967, 2.265, 3.054, 3.954, 3.966, 3.842, 4.266, 4.081, 5.554, 7.942, 7.624, 4.949, 5.524, 5.171, 4.611, 4.438, 4.432, 4.419, 6.077, 7.178, 6.9, 6.691, 7.433, 6.673, 4.524, 2.98, 2.478, 2.395, 2.889, 3.227, 2.61, 3.962, 5.521, 6.733, 6.606, 6.437, 5.92, 6.192, 6.933, 8.096, 7.904, 8.682, 9.884, 8.508, 6.154, 5.6, 6.034, 5.676, 5.633, 6.388, 6.251, 5.525, 6.003, 6.193, 7.096, 6.923, 7.897, 10.121, 11.052, 10.345, 9.398, 8.531, 8.105, 7.565, 4.408, 1.613, 1.972, 2.58, 2.277, 2.704, 3.893, 5.029, 6.149, 7.113, 6.106, 5.565, 7.713, 8.322, 7.43, 5.711, 5.784, 6.535, 5.231, 5.46, 6.293, 5.936, 4.96, 3.889, 5.204, 7.015, 8.157, 7.236, 7.714, 9.297, 8.643, 7.382, 5.972, 4.804, 3.208, 3.207, 4.865, 3.956, 3.347, 5.763, 6.813, 6.649, 6.989, 8.337, 8.507, 7.293, 8.684, 9.806, 8.808, 7.88, 8.643, 7.825, 6.595, 5.907, 6.299, 6.245, 4.285, 3.432, 5.36, 5.356, 3.946, 3.516, 4.285, 5.479, 5.026, 5.73, 7.693, 7.81, 8.502, 9.052, 8.125, 7.588, 8.466, 10.879, 12.764, 13.694, 13.914, 13.128, 13.365, 13.047, 11.437, 9.829, 9.603, 9.254, 8.348, 9.158, 8.8, 8.007, 8.668, 9.634, 12.026], [12.28, 11.821, 8.24, 2.661, 3.232, 3.113, 4.636, 5.742, 6.176, 5.251, 4.75, 4.112, 4.191, 3.634, 2.59, 1.396, 1.432, 0.0, 1.41, 2.006, 2.486, 2.605, 2.374, 2.097, 2.665, 3.218, 2.464, 1.537, 1.801, 2.507, 3.996, 4.743, 4.103, 5.299, 5.654, 4.821, 4.255, 4.514, 5.34, 6.11, 5.864, 4.361, 3.687, 3.23, 2.724, 2.784, 3.871, 3.65, 3.83, 4.473, 4.314, 2.547, 1.962, 2.719, 3.086, 2.947, 3.137, 4.039, 3.777, 5.156, 7.652, 7.398, 4.625, 5.567, 4.95, 4.186, 4.306, 4.805, 4.387, 5.711, 6.839, 6.578, 6.408, 7.075, 6.315, 4.193, 3.014, 2.505, 2.472, 2.737, 2.954, 2.041, 3.743, 5.302, 6.514, 6.294, 6.126, 5.645, 5.942, 6.697, 7.877, 7.607, 8.451, 9.573, 8.125, 5.94, 5.363, 5.815, 5.439, 5.414, 6.169, 5.997, 5.27, 5.739, 5.846, 6.728, 6.565, 7.558, 9.747, 10.656, 9.949, 9.038, 8.157, 7.756, 7.341, 4.16, 1.109, 1.568, 2.433, 2.163, 2.504, 3.66, 4.751, 5.881, 6.809, 5.887, 5.263, 7.494, 8.103, 7.21, 5.365, 5.538, 6.187, 4.974, 5.101, 6.059, 5.699, 4.692, 3.639, 4.807, 6.668, 7.793, 7.031, 7.4, 8.924, 8.247, 7.162, 5.758, 4.524, 2.72, 3.011, 4.559, 3.701, 3.033, 5.452, 6.543, 6.253, 6.693, 8.033, 8.149, 6.967, 8.305, 9.411, 8.49, 7.508, 8.337, 7.493, 6.272, 5.636, 6.007, 5.91, 4.099, 3.287, 5.091, 5.137, 3.688, 3.258, 4.113, 5.302, 4.952, 5.37, 7.322, 7.452, 8.113, 8.797, 7.843, 7.287, 8.162, 10.545, 12.46, 13.347, 13.604, 12.879, 13.146, 12.824, 11.107, 9.61, 9.383, 8.874, 8.129, 8.905, 8.499, 7.731, 8.364, 9.372, 11.73], [12.993, 12.538, 9.007, 3.673, 3.858, 3.872, 5.566, 6.59, 6.761, 6.233, 5.246, 4.384, 4.925, 4.585, 3.374, 2.324, 2.154, 1.41, 0.0, 1.205, 1.64, 1.846, 1.779, 1.835, 1.995, 2.11, 1.506, 1.943, 1.951, 2.524, 4.702, 5.499, 4.852, 6.016, 6.371, 5.547, 4.866, 5.226, 6.057, 6.827, 6.581, 5.078, 4.4, 4.105, 3.421, 3.597, 4.689, 4.488, 4.65, 5.235, 5.069, 3.354, 2.968, 3.365, 3.214, 2.687, 3.564, 4.755, 4.453, 5.961, 8.369, 8.115, 5.32, 5.328, 5.118, 5.009, 4.968, 5.527, 4.933, 6.492, 7.601, 7.298, 7.32, 7.845, 7.071, 5.1, 3.563, 2.412, 2.763, 3.204, 3.668, 2.684, 4.499, 6.02, 7.231, 7.013, 6.844, 6.375, 6.66, 7.415, 8.594, 8.363, 9.168, 10.286, 8.911, 6.645, 6.08, 6.532, 6.157, 6.131, 6.886, 6.714, 6.01, 6.484, 6.681, 7.557, 7.321, 8.432, 10.561, 11.466, 10.759, 9.84, 8.934, 8.517, 8.058, 4.877, 1.689, 2.514, 3.391, 3.054, 3.499, 4.408, 5.468, 6.599, 7.522, 6.604, 5.981, 8.211, 8.82, 7.927, 6.26, 6.412, 7.146, 5.725, 6.037, 6.812, 6.455, 5.431, 4.459, 5.632, 7.421, 8.558, 7.775, 8.203, 9.763, 9.046, 7.879, 6.542, 5.384, 3.468, 3.985, 5.492, 4.64, 4.026, 6.382, 7.511, 7.065, 7.467, 8.746, 8.905, 7.729, 9.124, 10.22, 9.21, 8.302, 9.275, 8.408, 7.006, 6.355, 6.986, 6.812, 4.635, 3.657, 5.808, 5.854, 4.413, 3.649, 4.833, 5.892, 5.3, 6.215, 8.16, 8.208, 8.916, 9.532, 8.56, 8.004, 8.875, 11.277, 13.173, 14.092, 14.317, 13.599, 13.863, 13.54, 11.85, 10.327, 10.1, 9.703, 8.846, 9.622, 9.244, 8.455, 9.076, 10.089, 12.447], [12.831, 12.345, 8.878, 4.064, 4.222, 4.383, 5.73, 6.933, 7.032, 6.694, 5.853, 4.743, 4.886, 4.769, 3.84, 3.041, 2.893, 2.006, 1.205, 0.0, 1.062, 1.135, 1.22, 1.489, 1.252, 1.739, 1.218, 1.901, 1.869, 2.081, 4.523, 5.344, 4.698, 5.826, 6.187, 5.382, 4.662, 5.048, 5.861, 6.63, 6.385, 4.882, 4.229, 4.113, 3.4, 3.609, 4.662, 4.491, 4.58, 5.151, 4.93, 3.49, 3.397, 3.199, 2.921, 1.995, 3.349, 4.559, 4.28, 5.837, 8.179, 7.919, 5.155, 5.656, 5.752, 5.372, 5.542, 6.42, 5.737, 6.374, 7.688, 7.246, 7.411, 7.796, 6.967, 5.467, 4.185, 3.019, 3.472, 3.69, 3.787, 2.642, 4.443, 5.83, 7.035, 6.843, 6.681, 6.205, 6.49, 7.218, 8.398, 8.193, 8.972, 10.127, 8.765, 6.449, 5.884, 6.336, 5.96, 5.935, 6.689, 6.518, 5.91, 6.485, 6.769, 7.554, 7.172, 8.386, 10.447, 11.338, 10.624, 9.665, 8.783, 8.348, 7.877, 4.681, 2.179, 2.819, 3.785, 3.643, 4.114, 4.376, 5.273, 6.409, 7.349, 6.407, 5.801, 8.015, 8.624, 7.731, 6.358, 6.534, 7.184, 5.727, 6.262, 6.809, 6.478, 5.327, 4.408, 5.708, 7.302, 8.407, 7.637, 8.162, 9.737, 8.898, 7.728, 6.56, 5.513, 3.546, 4.187, 5.757, 5.043, 4.341, 6.432, 7.582, 7.08, 7.348, 8.573, 8.75, 7.656, 9.034, 10.08, 9.063, 8.303, 9.288, 8.383, 6.964, 6.216, 7.183, 6.93, 5.061, 3.828, 5.612, 5.658, 4.221, 3.445, 4.946, 5.918, 5.774, 6.236, 8.148, 8.07, 8.779, 9.361, 8.364, 7.826, 8.702, 11.122, 13.0, 13.937, 14.157, 13.403, 13.667, 13.348, 11.68, 10.133, 9.942, 9.703, 8.665, 9.426, 9.065, 8.28, 8.904, 9.893, 12.262], [12.628, 12.044, 8.851, 4.453, 4.627, 4.928, 6.035, 7.358, 7.568, 7.089, 6.31, 5.152, 5.173, 5.058, 4.212, 3.538, 3.528, 2.486, 1.64, 1.062, 0.0, 1.245, 1.479, 1.69, 1.493, 1.89, 1.447, 2.244, 2.133, 2.107, 4.215, 5.065, 4.409, 5.492, 5.875, 5.126, 4.33, 4.686, 5.479, 6.327, 6.052, 4.599, 4.075, 4.276, 3.573, 3.692, 4.691, 4.599, 4.486, 5.151, 4.874, 3.825, 3.746, 3.066, 2.612, 1.774, 3.152, 4.23, 4.204, 5.693, 7.915, 7.547, 4.984, 5.777, 6.142, 5.721, 6.045, 6.798, 6.18, 6.45, 7.958, 7.424, 7.673, 7.823, 7.115, 5.798, 4.528, 3.352, 3.882, 4.119, 3.845, 2.758, 4.521, 5.743, 6.681, 6.531, 6.426, 5.982, 6.346, 6.944, 8.013, 8.012, 8.677, 9.941, 8.569, 6.064, 5.499, 5.951, 5.622, 5.55, 6.31, 6.213, 5.854, 6.684, 7.024, 7.706, 6.948, 8.358, 10.337, 11.246, 10.45, 9.422, 8.531, 8.051, 7.738, 4.329, 2.624, 3.332, 4.207, 4.188, 4.529, 4.457, 4.956, 6.176, 7.062, 6.086, 5.696, 7.653, 8.322, 7.535, 6.521, 6.741, 7.277, 6.003, 6.545, 6.974, 6.67, 5.474, 4.413, 5.934, 7.193, 8.202, 7.408, 8.357, 9.922, 8.802, 7.681, 6.629, 5.747, 3.863, 4.533, 6.05, 5.494, 4.621, 6.606, 7.697, 7.311, 7.269, 8.28, 8.447, 7.591, 8.961, 9.916, 8.836, 8.44, 9.333, 8.44, 6.975, 6.322, 7.438, 7.181, 5.523, 4.102, 5.283, 5.3, 3.916, 3.418, 5.292, 6.271, 6.026, 6.525, 8.265, 8.145, 8.574, 9.187, 8.056, 7.56, 8.389, 10.832, 12.704, 13.628, 13.848, 13.06, 13.282, 12.97, 11.435, 9.929, 9.91, 9.801, 8.39, 9.081, 8.812, 8.032, 8.591, 9.557, 11.951], [12.45, 11.958, 8.535, 4.42, 4.526, 4.846, 5.949, 7.272, 7.514, 6.944, 6.459, 5.519, 5.086, 4.827, 4.166, 3.619, 3.324, 2.605, 1.846, 1.135, 1.245, 0.0, 1.035, 1.458, 1.305, 2.201, 1.934, 2.497, 2.308, 2.146, 4.079, 4.922, 4.305, 5.424, 5.811, 4.994, 4.256, 4.58, 5.428, 6.198, 5.956, 4.454, 3.966, 4.127, 3.386, 3.344, 4.312, 4.206, 4.226, 4.813, 4.71, 3.767, 3.739, 3.193, 2.521, 1.707, 3.211, 4.139, 4.004, 5.473, 7.791, 7.486, 5.195, 6.352, 6.584, 5.846, 6.28, 7.215, 6.546, 6.26, 7.651, 7.056, 7.299, 7.448, 6.796, 5.671, 4.999, 3.812, 4.348, 4.36, 3.801, 2.666, 4.322, 5.523, 6.602, 6.451, 6.294, 5.819, 6.191, 6.785, 7.965, 7.751, 8.559, 9.742, 8.373, 6.016, 5.451, 5.903, 5.536, 5.502, 6.264, 6.115, 5.532, 6.303, 6.615, 7.293, 6.768, 8.041, 10.079, 10.972, 10.25, 9.241, 8.373, 7.926, 7.483, 4.272, 2.673, 3.394, 4.133, 4.376, 4.739, 4.291, 4.878, 6.005, 6.962, 5.975, 5.474, 7.592, 8.201, 7.352, 6.11, 6.341, 6.875, 5.906, 6.335, 6.751, 6.306, 5.12, 4.455, 5.654, 6.914, 7.992, 7.258, 8.051, 9.548, 8.585, 7.502, 6.317, 5.432, 3.81, 4.32, 5.834, 5.352, 4.431, 6.193, 7.294, 7.054, 6.966, 8.187, 8.328, 7.318, 8.679, 9.706, 8.684, 8.033, 8.93, 8.038, 6.636, 5.967, 7.061, 6.809, 5.856, 4.297, 5.23, 5.245, 4.027, 3.747, 5.243, 6.284, 6.524, 6.376, 7.876, 8.034, 8.405, 8.93, 7.974, 7.439, 8.324, 10.7, 12.613, 13.515, 13.757, 12.991, 13.234, 12.915, 11.313, 9.915, 9.618, 9.394, 8.272, 9.007, 8.621, 7.863, 8.517, 9.484, 11.875], [12.254, 11.779, 8.289, 3.979, 3.96, 4.323, 5.374, 6.748, 6.983, 6.428, 6.189, 5.302, 4.664, 4.353, 3.73, 3.382, 3.057, 2.374, 1.779, 1.22, 1.479, 1.035, 0.0, 0.923, 0.947, 2.225, 1.944, 2.276, 2.101, 2.095, 3.906, 4.76, 4.124, 5.228, 5.607, 4.786, 4.077, 4.411, 5.241, 6.011, 5.765, 4.287, 3.709, 3.649, 2.946, 3.093, 4.039, 3.901, 3.951, 4.525, 4.348, 3.481, 3.34, 2.939, 2.548, 1.837, 3.336, 3.995, 3.757, 5.221, 7.612, 7.3, 5.035, 6.413, 6.477, 5.505, 5.98, 6.915, 6.278, 5.882, 7.191, 6.701, 6.901, 7.197, 6.429, 5.225, 4.779, 3.685, 4.191, 4.096, 3.629, 2.282, 3.945, 5.247, 6.415, 6.278, 6.106, 5.597, 5.906, 6.602, 7.778, 7.563, 8.352, 9.547, 8.161, 5.829, 5.264, 5.716, 5.341, 5.315, 6.07, 5.921, 5.253, 5.935, 6.229, 6.951, 6.582, 7.772, 9.822, 10.726, 10.019, 9.065, 8.216, 7.781, 7.245, 4.061, 2.367, 3.111, 3.667, 4.171, 4.474, 3.957, 4.703, 5.819, 6.783, 5.788, 5.24, 7.395, 8.004, 7.111, 5.778, 5.948, 6.58, 5.359, 5.85, 6.289, 5.921, 4.809, 4.002, 5.21, 6.713, 7.815, 6.976, 7.656, 9.153, 8.356, 7.148, 6.002, 5.041, 3.644, 3.837, 5.33, 4.796, 3.909, 5.844, 6.974, 6.558, 6.706, 8.007, 8.166, 7.042, 8.413, 9.481, 8.467, 7.705, 8.674, 7.769, 6.355, 5.637, 6.66, 6.383, 5.693, 4.068, 5.053, 5.072, 3.874, 3.764, 4.776, 5.914, 6.235, 5.936, 7.545, 7.631, 8.176, 8.719, 7.795, 7.258, 8.139, 10.538, 12.434, 13.353, 13.578, 12.798, 13.047, 12.729, 11.104, 9.598, 9.331, 9.104, 8.03, 8.828, 8.459, 7.666, 8.337, 9.304, 11.696], [11.984, 11.509, 8.041, 3.597, 3.551, 3.924, 5.005, 6.385, 6.632, 6.038, 5.852, 5.147, 4.34, 4.013, 3.36, 3.065, 2.828, 2.097, 1.835, 1.489, 1.69, 1.458, 0.923, 0.0, 1.33, 2.545, 2.25, 2.022, 2.113, 2.348, 3.707, 4.496, 3.852, 4.958, 5.327, 4.539, 3.852, 4.174, 4.962, 5.732, 5.486, 4.002, 3.396, 3.292, 2.688, 2.782, 3.741, 3.626, 3.755, 4.265, 4.101, 3.214, 2.985, 2.672, 2.722, 2.281, 3.414, 3.749, 3.593, 4.969, 7.342, 7.024, 4.744, 6.451, 6.431, 5.301, 5.661, 6.575, 5.982, 5.546, 6.845, 6.374, 6.556, 6.886, 6.129, 4.828, 4.471, 3.579, 4.16, 3.855, 3.491, 1.909, 3.624, 4.946, 6.136, 6.008, 5.836, 5.332, 5.601, 6.332, 7.499, 7.299, 8.082, 9.279, 7.917, 5.55, 4.985, 5.437, 5.062, 5.036, 5.791, 5.651, 4.974, 5.6, 5.907, 6.679, 6.318, 7.485, 9.557, 10.474, 9.767, 8.813, 7.963, 7.509, 6.963, 3.782, 2.154, 2.9, 3.417, 3.899, 4.165, 3.675, 4.431, 5.549, 6.513, 5.509, 4.965, 7.116, 7.725, 6.84, 5.476, 5.617, 6.287, 5.022, 5.505, 5.888, 5.591, 4.474, 3.613, 4.896, 6.444, 7.554, 6.683, 7.281, 8.876, 8.071, 6.822, 5.701, 4.695, 3.403, 3.491, 4.941, 4.377, 3.525, 5.549, 6.687, 6.245, 6.431, 7.737, 7.902, 6.761, 8.139, 9.229, 8.217, 7.432, 8.373, 7.472, 6.053, 5.358, 6.342, 6.061, 5.507, 3.963, 4.789, 4.782, 3.58, 3.667, 4.406, 5.614, 5.954, 5.547, 7.269, 7.259, 7.924, 8.463, 7.525, 6.987, 7.868, 10.274, 12.164, 13.089, 13.309, 12.527, 12.768, 12.45, 10.832, 9.253, 9.042, 8.804, 7.754, 8.557, 8.195, 7.412, 8.067, 9.034, 11.426], [12.929, 12.42, 9.022, 4.413, 4.477, 4.802, 5.975, 7.212, 7.526, 6.926, 6.469, 5.633, 5.233, 4.927, 4.173, 3.65, 3.411, 2.665, 1.995, 1.252, 1.493, 1.305, 0.947, 1.33, 0.0, 1.614, 1.813, 2.624, 2.396, 2.353, 4.584, 5.442, 4.788, 5.892, 6.266, 5.502, 4.718, 5.086, 5.867, 6.64, 6.391, 4.898, 4.331, 4.237, 3.55, 3.744, 4.76, 4.586, 4.679, 5.269, 5.072, 3.89, 3.773, 3.392, 3.011, 2.188, 3.865, 4.577, 4.36, 5.977, 8.253, 7.935, 5.468, 6.624, 6.757, 5.892, 6.318, 7.251, 6.603, 6.532, 7.858, 7.364, 7.569, 7.899, 7.111, 5.72, 5.018, 3.954, 4.488, 4.383, 4.03, 2.796, 4.531, 5.896, 7.04, 6.919, 6.774, 6.328, 6.527, 7.243, 8.403, 8.241, 9.017, 10.217, 8.887, 6.455, 5.889, 6.342, 5.966, 5.94, 6.695, 6.562, 5.985, 6.588, 6.945, 7.645, 7.276, 8.498, 10.587, 11.478, 10.764, 9.772, 8.903, 8.439, 7.908, 4.687, 2.682, 3.455, 4.119, 4.451, 4.777, 4.483, 5.356, 6.484, 7.424, 6.425, 5.906, 8.02, 8.644, 7.74, 6.481, 6.656, 7.275, 5.922, 6.443, 6.886, 6.601, 5.438, 4.544, 5.819, 7.371, 8.501, 7.715, 8.321, 9.923, 9.025, 7.77, 6.596, 5.65, 4.039, 4.398, 5.954, 5.319, 4.533, 6.568, 7.683, 7.225, 7.424, 8.648, 8.841, 7.784, 9.156, 10.224, 9.183, 8.417, 9.375, 8.471, 7.052, 6.348, 7.36, 7.109, 6.011, 4.321, 5.674, 5.663, 4.329, 3.975, 5.233, 6.41, 6.626, 6.48, 8.261, 8.24, 8.92, 9.459, 8.439, 7.936, 8.777, 11.213, 13.079, 14.027, 14.248, 13.439, 13.673, 13.354, 11.777, 10.157, 9.949, 9.796, 8.707, 9.469, 9.134, 8.391, 8.978, 9.945, 12.351], [14.283, 13.745, 10.39, 5.342, 5.463, 5.609, 7.076, 8.178, 8.351, 7.925, 6.931, 5.917, 6.35, 6.173, 4.984, 4.23, 3.909, 3.218, 2.11, 1.739, 1.89, 2.201, 2.225, 2.545, 1.614, 0.0, 1.452, 3.231, 3.264, 3.473, 5.927, 6.797, 6.138, 7.216, 7.59, 6.845, 6.029, 6.41, 7.173, 7.948, 7.701, 6.205, 5.659, 5.623, 4.921, 5.136, 6.192, 6.016, 6.109, 6.683, 6.435, 4.847, 4.624, 4.573, 4.303, 3.191, 4.794, 5.906, 5.684, 7.343, 9.587, 9.243, 6.551, 6.084, 6.451, 6.585, 6.746, 7.312, 6.771, 7.884, 9.225, 8.731, 8.852, 9.32, 8.497, 6.689, 5.101, 3.829, 4.108, 4.775, 4.915, 4.03, 5.713, 7.135, 8.347, 8.227, 8.116, 7.677, 7.929, 8.552, 9.71, 9.601, 10.372, 11.558, 10.248, 7.761, 7.196, 7.648, 7.295, 7.247, 8.001, 7.881, 7.407, 7.925, 8.297, 9.052, 8.637, 9.929, 11.959, 12.852, 12.129, 11.122, 10.245, 9.77, 9.271, 5.993, 3.328, 4.214, 5.102, 4.868, 5.252, 5.81, 6.68, 7.833, 8.732, 7.748, 7.214, 9.341, 9.992, 9.043, 7.887, 8.013, 8.709, 7.074, 7.635, 8.221, 7.926, 6.737, 5.671, 7.114, 8.77, 9.85, 9.079, 9.653, 11.294, 10.363, 9.093, 7.956, 6.999, 4.999, 5.701, 7.146, 6.366, 5.674, 7.97, 9.108, 8.614, 8.846, 9.983, 10.166, 9.199, 10.566, 11.585, 10.542, 9.834, 10.814, 9.909, 8.48, 7.71, 8.706, 8.448, 6.144, 4.888, 6.979, 6.977, 5.618, 4.655, 6.238, 7.356, 6.812, 7.725, 9.68, 9.503, 10.285, 10.808, 9.766, 9.278, 10.085, 12.551, 14.415, 15.352, 15.572, 14.751, 14.979, 14.66, 13.13, 11.444, 11.283, 11.232, 10.07, 10.777, 10.475, 9.741, 10.287, 11.257, 13.676], [13.325, 12.923, 9.481, 4.542, 4.681, 4.827, 6.266, 7.315, 7.275, 7.201, 6.18, 4.993, 5.509, 5.427, 4.293, 3.304, 3.144, 2.464, 1.506, 1.218, 1.447, 1.934, 1.944, 2.25, 1.813, 1.452, 0.0, 2.422, 2.423, 2.73, 5.126, 5.868, 5.203, 6.406, 6.766, 5.984, 5.242, 5.627, 6.442, 7.211, 6.968, 5.464, 4.751, 4.731, 3.946, 4.15, 5.277, 5.07, 5.236, 5.741, 5.505, 3.943, 3.897, 3.699, 3.43, 2.443, 3.992, 5.144, 4.854, 6.423, 8.767, 8.5, 5.687, 5.235, 5.612, 5.847, 5.749, 6.239, 5.716, 6.921, 8.323, 7.821, 8.066, 8.445, 7.655, 5.967, 4.267, 2.897, 3.191, 4.051, 4.291, 3.26, 5.041, 6.414, 7.615, 7.315, 7.264, 6.864, 7.136, 7.799, 8.978, 8.811, 9.611, 10.587, 9.368, 7.03, 6.464, 6.917, 6.542, 6.515, 7.27, 7.106, 6.622, 7.146, 7.454, 8.228, 7.759, 9.057, 10.999, 11.877, 11.255, 10.297, 9.326, 8.918, 8.501, 5.261, 2.653, 3.292, 4.214, 4.017, 4.523, 5.029, 5.853, 7.018, 7.903, 6.988, 6.37, 8.595, 9.24, 8.327, 7.036, 7.232, 7.764, 6.34, 6.793, 7.445, 7.163, 5.95, 4.949, 6.256, 7.914, 8.985, 8.315, 8.849, 10.381, 9.488, 8.381, 7.205, 6.132, 4.146, 4.818, 6.338, 5.537, 4.899, 7.117, 8.256, 7.751, 8.06, 9.101, 9.306, 8.348, 9.689, 10.657, 9.653, 8.915, 9.861, 9.067, 7.612, 6.915, 7.743, 7.548, 5.185, 4.209, 6.192, 6.238, 4.831, 3.896, 5.494, 6.39, 5.878, 6.856, 8.839, 8.561, 9.317, 10.021, 8.944, 8.413, 9.143, 11.562, 13.441, 14.377, 14.633, 13.998, 14.248, 13.924, 12.293, 10.73, 10.584, 10.294, 9.32, 10.007, 9.647, 8.926, 9.416, 10.474, 12.832], [11.159, 10.662, 7.265, 2.437, 2.633, 2.772, 4.007, 5.225, 5.376, 5.024, 4.211, 3.405, 3.362, 3.197, 2.277, 2.085, 2.16, 1.537, 1.943, 1.901, 2.244, 2.497, 2.276, 2.022, 2.624, 3.231, 2.422, 0.0, 1.134, 1.495, 2.893, 3.783, 3.157, 4.152, 4.507, 3.703, 3.05, 3.4, 4.177, 4.947, 4.705, 3.259, 2.564, 2.525, 2.178, 2.397, 3.104, 2.945, 2.982, 3.533, 3.302, 1.81, 1.746, 1.586, 2.241, 2.305, 2.122, 2.875, 2.707, 4.196, 6.499, 6.235, 3.511, 4.59, 4.612, 3.817, 3.986, 4.855, 4.202, 4.728, 6.116, 5.633, 5.76, 6.201, 5.345, 3.714, 2.716, 1.865, 2.521, 2.235, 2.192, 1.216, 2.735, 4.157, 5.355, 5.161, 5.012, 4.563, 4.833, 5.535, 6.714, 6.536, 7.311, 8.455, 7.101, 4.77, 4.355, 4.652, 4.291, 4.251, 5.006, 4.834, 4.305, 4.884, 5.184, 5.97, 5.513, 6.774, 8.806, 9.699, 8.983, 8.019, 7.149, 6.698, 6.22, 3.083, 1.1, 1.433, 2.243, 2.266, 2.607, 2.828, 3.654, 4.802, 5.682, 4.754, 4.202, 6.331, 6.947, 6.063, 4.794, 4.955, 5.621, 4.029, 4.547, 5.184, 4.875, 3.677, 2.608, 4.028, 5.646, 6.734, 6.007, 6.529, 8.13, 7.221, 6.054, 4.962, 3.907, 2.01, 2.596, 4.055, 3.393, 2.637, 4.923, 6.034, 5.505, 5.724, 6.89, 7.071, 6.033, 7.402, 8.439, 7.395, 6.733, 7.708, 6.807, 5.371, 4.602, 5.597, 5.342, 3.732, 2.394, 3.963, 4.084, 2.824, 2.198, 3.218, 4.345, 4.136, 4.63, 6.583, 6.396, 7.138, 7.719, 6.693, 6.147, 7.019, 9.443, 11.317, 12.258, 12.478, 11.719, 11.983, 11.665, 10.01