[[0.0, 1.278, 3.516, 5.017, 3.753, 2.845, 3.568, 3.243, 2.141, 1.418, 1.523, 1.982, 4.033, 7.798, 9.09, 6.821, 4.964, 4.666, 4.315, 3.481, 4.209, 5.607, 5.769, 4.458, 3.586, 3.582, 3.981, 3.914, 4.278, 3.477, 3.901, 3.725, 3.885, 4.028, 2.517, 6.264, 6.676, 7.392, 8.587, 8.781, 9.185, 10.29, 9.394, 8.013, 8.628, 9.639, 8.547, 7.332, 7.079, 5.463, 5.451, 5.797, 6.357, 6.478, 4.982, 3.914, 4.119, 6.209, 7.26, 6.709, 7.242, 8.969, 10.389, 11.38, 13.459, 15.907, 17.056, 17.057, 16.323, 14.129, 12.041, 10.088, 10.027, 11.851, 11.095, 7.283, 5.485, 4.556, 2.659, 3.059, 6.013, 6.796, 5.401, 7.028, 8.621, 7.976, 7.707, 7.879, 6.23, 4.864, 3.037, 2.036, 2.263, 1.96, 2.013, 3.951, 5.81, 6.555, 7.562, 6.762, 5.335, 6.966, 11.407, 11.997, 10.31, 12.646, 12.456, 7.846, 6.323, 5.619, 4.45, 3.659, 3.224, 3.772, 4.287, 4.441, 4.79, 5.364, 5.626, 5.31, 5.345, 5.972, 6.0, 5.724, 5.797, 4.178, 3.405, 2.003, 5.271, 7.563, 6.07, 5.907, 2.218, 2.165, 2.082, 1.694, 2.288, 3.015, 3.711, 4.059, 4.57, 4.886, 5.403, 4.831, 3.647, 5.392, 7.403, 9.194, 10.526, 11.161, 11.159, 10.834, 12.298, 14.569, 14.247, 13.54, 14.487, 12.999, 11.355, 11.022, 11.48, 16.138, 22.125, 22.795, 20.788, 19.509, 18.649, 17.559, 17.023, 16.593, 15.65, 13.764, 12.252, 12.354, 11.812, 11.274, 10.83, 10.9, 10.49, 10.311, 10.42, 11.839, 11.459, 7.212, 4.52, 4.722, 5.077, 4.179, 4.512, 6.798, 7.174, 6.429, 6.486, 7.107, 8.596, 9.914, 8.903, 8.537, 7.895, 5.579, 5.213, 5.486, 4.297, 4.362, 5.09, 5.899], [1.278, 0.0, 2.474, 4.01, 3.306, 2.616, 3.28, 2.765, 1.884, 1.654, 2.165, 1.625, 3.253, 6.98, 8.089, 5.773, 4.102, 3.922, 3.765, 2.926, 3.451, 4.673, 4.86, 3.697, 3.359, 3.328, 3.592, 3.425, 3.862, 3.334, 3.977, 3.705, 3.506, 3.341, 3.476, 7.259, 7.676, 8.398, 9.592, 9.787, 10.185, 11.292, 10.395, 9.005, 9.66, 10.629, 9.517, 8.349, 8.082, 6.432, 6.389, 6.745, 7.36, 7.48, 5.907, 4.642, 4.933, 7.189, 8.266, 7.694, 8.19, 9.975, 11.36, 12.417, 14.444, 16.905, 18.058, 18.06, 17.325, 15.135, 13.026, 11.073, 11.048, 12.826, 12.112, 8.269, 6.512, 5.523, 3.112, 3.782, 7.012, 7.823, 6.407, 8.033, 9.674, 9.035, 8.701, 8.897, 7.235, 5.395, 3.601, 2.292, 2.175, 1.882, 1.504, 3.036, 4.804, 5.57, 6.61, 5.807, 4.325, 6.022, 10.439, 10.991, 9.305, 11.64, 11.45, 7.216, 5.908, 5.443, 4.281, 3.495, 3.089, 3.56, 4.127, 4.463, 5.305, 6.048, 6.285, 5.878, 6.125, 6.984, 6.786, 5.945, 6.114, 4.652, 3.817, 2.424, 4.325, 6.517, 4.954, 4.828, 1.926, 2.446, 2.368, 2.237, 2.977, 3.999, 4.612, 4.957, 5.555, 5.871, 6.408, 5.834, 4.64, 6.398, 8.418, 10.2, 11.559, 12.179, 12.177, 11.8, 13.307, 15.556, 15.245, 14.542, 15.473, 14.002, 12.357, 11.991, 12.483, 17.132, 23.127, 23.797, 21.802, 20.518, 19.654, 18.563, 18.021, 17.575, 16.634, 14.75, 13.221, 13.327, 12.814, 12.247, 11.805, 11.879, 11.544, 11.351, 11.423, 12.846, 12.468, 8.202, 5.165, 5.377, 6.063, 5.101, 5.443, 7.806, 8.158, 7.298, 7.502, 8.048, 9.596, 10.976, 9.876, 9.377, 8.797, 6.581, 6.003, 6.37, 4.711, 4.615, 5.654, 7.078], [3.516, 2.474, 0.0, 1.955, 2.193, 2.458, 2.098, 1.904, 2.463, 3.244, 4.226, 3.106, 1.586, 4.972, 5.905, 3.755, 2.437, 2.746, 2.152, 2.135, 1.91, 2.472, 2.67, 2.033, 3.376, 3.164, 3.115, 2.898, 3.639, 3.892, 4.839, 4.553, 3.501, 2.62, 5.84, 9.62, 10.04, 10.762, 11.957, 12.151, 12.549, 13.65, 12.749, 11.359, 11.962, 12.99, 11.858, 10.692, 10.439, 8.746, 8.736, 9.112, 9.715, 9.834, 8.216, 6.538, 7.123, 9.509, 10.63, 10.058, 10.556, 12.339, 13.738, 14.755, 16.761, 19.236, 20.4, 20.409, 19.681, 17.499, 15.359, 13.387, 13.338, 15.154, 14.398, 10.586, 8.823, 7.839, 4.747, 5.974, 9.326, 10.134, 8.762, 10.393, 11.997, 11.353, 10.98, 11.146, 9.454, 7.11, 5.478, 3.723, 2.762, 2.542, 1.994, 1.928, 3.096, 3.418, 4.26, 3.446, 2.357, 3.667, 8.134, 8.645, 6.94, 9.276, 9.086, 5.462, 5.359, 5.091, 3.935, 3.588, 3.291, 3.826, 3.994, 4.686, 6.648, 8.075, 8.343, 7.853, 8.059, 8.98, 8.731, 7.748, 7.437, 6.339, 5.551, 3.805, 2.325, 4.223, 2.676, 2.576, 2.437, 4.051, 4.181, 4.055, 5.068, 6.316, 6.959, 7.277, 7.918, 8.233, 8.773, 8.175, 6.972, 8.762, 10.772, 12.564, 13.902, 14.531, 14.508, 14.166, 15.666, 17.91, 17.607, 16.896, 17.844, 16.36, 14.715, 14.326, 14.84, 19.463, 25.484, 26.151, 24.144, 22.871, 22.008, 20.919, 20.374, 19.935, 18.959, 17.061, 15.552, 15.682, 15.181, 14.545, 14.097, 14.189, 13.784, 13.667, 13.78, 15.195, 14.813, 10.556, 6.946, 7.283, 8.41, 7.29, 7.744, 10.165, 10.454, 9.594, 9.747, 10.386, 11.909, 13.298, 12.105, 11.269, 10.708, 8.629, 7.892, 8.421, 6.624, 5.837, 7.352, 9.27], [5.017, 4.01, 1.955, 0.0, 2.271, 3.289, 2.727, 3.232, 3.994, 4.444, 5.398, 4.636, 2.239, 4.076, 4.985, 2.567, 1.521, 1.966, 1.749, 2.689, 2.398, 1.793, 1.642, 1.798, 3.374, 3.391, 3.699, 3.649, 3.823, 4.686, 5.473, 5.156, 3.498, 2.912, 7.096, 10.851, 11.31, 11.981, 13.16, 13.358, 13.752, 14.835, 13.925, 12.535, 13.135, 14.142, 13.025, 11.874, 11.642, 9.851, 9.946, 10.272, 10.886, 11.01, 9.385, 7.699, 8.337, 10.664, 11.793, 11.229, 11.769, 13.552, 14.926, 15.933, 17.929, 20.406, 21.564, 21.564, 20.857, 18.699, 16.566, 14.475, 14.387, 16.231, 15.481, 11.715, 9.908, 8.983, 6.06, 7.109, 10.595, 11.228, 9.936, 11.596, 13.157, 12.524, 12.066, 12.25, 10.645, 8.301, 6.778, 5.054, 4.029, 3.953, 3.604, 3.082, 3.424, 3.407, 3.646, 2.946, 2.24, 2.8, 7.289, 7.669, 5.892, 8.168, 7.935, 4.713, 5.125, 5.128, 4.162, 4.226, 4.558, 5.007, 5.274, 5.904, 7.848, 9.487, 9.783, 9.219, 9.451, 10.344, 10.139, 8.921, 8.916, 7.505, 6.532, 5.023, 1.694, 3.665, 2.06, 1.934, 3.496, 5.697, 5.995, 5.816, 6.536, 7.564, 8.215, 8.5, 9.121, 9.479, 10.009, 9.379, 8.301, 9.996, 12.007, 13.813, 15.108, 15.731, 15.68, 15.365, 16.875, 19.104, 18.776, 18.072, 18.984, 17.507, 15.891, 15.486, 16.019, 20.615, 26.612, 27.295, 25.302, 24.006, 23.16, 22.071, 21.527, 21.071, 20.151, 18.179, 16.667, 16.859, 16.334, 15.601, 15.143, 15.296, 14.919, 14.796, 14.941, 16.338, 15.949, 11.704, 8.139, 8.639, 9.571, 8.441, 8.865, 11.312, 11.588, 10.918, 11.028, 11.531, 13.073, 14.442, 13.238, 12.457, 11.952, 9.825, 9.313, 9.425, 7.48, 7.07, 8.665, 10.59], [3.753, 3.306, 2.193, 2.271, 0.0, 1.489, 1.748, 2.295, 2.856, 3.065, 3.837, 3.576, 2.291, 5.66, 6.821, 4.119, 2.272, 2.372, 1.377, 1.953, 2.205, 3.259, 3.241, 2.405, 3.525, 3.465, 3.65, 3.544, 4.007, 4.383, 5.105, 4.894, 3.778, 3.239, 5.212, 8.801, 9.243, 9.874, 11.033, 11.24, 11.639, 12.722, 11.818, 10.441, 11.014, 12.013, 10.912, 9.762, 9.526, 7.888, 7.858, 8.144, 8.791, 8.916, 7.3, 5.622, 6.323, 8.588, 9.674, 9.098, 9.673, 11.461, 12.819, 13.798, 15.822, 18.283, 19.45, 19.451, 18.736, 16.559, 14.426, 12.462, 12.368, 14.224, 13.473, 9.757, 7.764, 7.042, 4.419, 5.256, 8.54, 9.075, 7.862, 9.476, 11.035, 10.381, 10.031, 10.226, 8.969, 6.238, 4.781, 3.353, 2.394, 2.574, 2.883, 2.721, 4.095, 4.435, 5.256, 4.448, 3.377, 4.747, 9.195, 9.607, 7.966, 10.242, 10.073, 5.923, 5.608, 5.464, 4.602, 4.362, 4.33, 4.726, 4.997, 5.186, 6.299, 7.97, 8.516, 8.072, 8.195, 8.842, 8.743, 7.905, 7.884, 6.268, 4.649, 3.373, 2.826, 5.438, 3.688, 3.664, 2.183, 4.431, 4.893, 4.769, 5.043, 5.562, 6.161, 6.421, 7.023, 7.417, 7.971, 7.35, 6.38, 7.94, 9.923, 11.746, 13.002, 13.608, 13.554, 13.254, 14.774, 16.996, 16.66, 15.976, 16.87, 15.374, 13.768, 13.371, 13.894, 18.488, 24.492, 25.166, 23.182, 21.878, 21.03, 19.957, 19.406, 18.959, 18.035, 16.125, 14.601, 14.74, 14.212, 13.604, 13.148, 13.216, 12.814, 12.65, 12.82, 14.234, 13.826, 9.59, 6.186, 7.278, 7.608, 6.328, 7.002, 9.203, 9.566, 9.277, 9.379, 9.621, 10.986, 12.338, 11.406, 11.423, 10.803, 8.498, 8.169, 8.279, 6.551, 6.427, 7.705, 8.765], [2.845, 2.616, 2.458, 3.289, 1.489, 0.0, 1.719, 1.924, 1.949, 2.317, 2.724, 2.366, 2.574, 6.438, 7.663, 4.904, 2.976, 2.694, 2.375, 2.261, 2.631, 4.112, 4.236, 2.895, 2.916, 2.893, 3.085, 2.874, 3.315, 3.498, 4.292, 4.0, 3.15, 2.748, 3.984, 7.721, 8.177, 8.781, 9.952, 10.142, 10.535, 11.622, 10.712, 9.333, 9.945, 10.946, 9.824, 8.661, 8.446, 6.784, 6.739, 7.09, 7.674, 7.795, 6.174, 4.532, 5.303, 7.497, 8.594, 8.021, 8.558, 10.338, 11.716, 12.718, 14.753, 17.2, 18.366, 18.366, 17.653, 15.478, 13.362, 11.383, 11.286, 13.134, 12.402, 8.647, 6.782, 5.948, 3.309, 4.114, 7.435, 8.051, 6.732, 8.385, 9.94, 9.304, 8.918, 9.191, 7.769, 5.15, 3.734, 2.364, 1.457, 1.654, 2.209, 2.904, 4.703, 5.336, 6.224, 5.404, 3.972, 5.665, 10.147, 10.66, 8.981, 11.29, 11.084, 6.363, 5.303, 5.036, 4.054, 3.662, 3.408, 3.829, 4.099, 4.282, 5.425, 6.798, 7.289, 6.94, 7.109, 7.823, 7.727, 6.973, 6.966, 5.281, 3.729, 2.432, 3.827, 6.246, 4.595, 4.487, 1.565, 3.359, 3.76, 3.572, 3.779, 4.433, 5.068, 5.343, 5.915, 6.274, 6.806, 6.202, 5.281, 6.823, 8.837, 10.602, 11.892, 12.502, 12.446, 12.164, 13.659, 15.894, 15.571, 14.867, 15.794, 14.309, 12.687, 12.306, 12.813, 17.415, 23.429, 24.1, 22.103, 20.82, 19.959, 18.876, 18.333, 17.887, 16.949, 15.045, 13.541, 13.655, 13.134, 12.54, 12.072, 12.163, 11.771, 11.603, 11.736, 13.152, 12.751, 8.508, 5.183, 6.136, 6.426, 5.257, 5.787, 8.093, 8.419, 8.004, 8.183, 8.414, 9.871, 11.279, 10.338, 10.48, 9.854, 7.492, 7.135, 7.317, 5.618, 5.538, 6.761, 7.739], [3.568, 3.28, 2.098, 2.727, 1.748, 1.719, 0.0, 1.247, 2.121, 2.84, 3.786, 3.026, 2.121, 5.639, 6.862, 4.824, 3.048, 2.789, 2.273, 2.85, 2.552, 3.453, 3.258, 2.124, 3.104, 2.9, 2.946, 2.829, 3.532, 3.962, 4.855, 4.588, 3.422, 2.729, 5.327, 9.083, 9.483, 10.125, 11.289, 11.469, 11.862, 12.94, 12.015, 10.623, 11.234, 12.231, 11.14, 9.967, 9.753, 7.949, 8.05, 8.379, 8.974, 9.1, 7.48, 5.744, 6.33, 8.767, 9.895, 9.344, 9.88, 11.68, 13.038, 14.039, 16.044, 18.524, 19.668, 19.67, 18.957, 16.806, 14.677, 12.564, 12.467, 14.313, 13.584, 9.827, 7.924, 7.093, 3.897, 5.249, 8.742, 9.306, 8.025, 9.66, 11.263, 10.63, 10.181, 10.326, 8.669, 6.414, 5.048, 3.325, 2.47, 2.645, 2.591, 2.316, 3.964, 4.263, 5.239, 4.517, 3.605, 4.708, 9.228, 9.58, 7.825, 10.04, 9.843, 5.227, 4.398, 4.4, 3.762, 3.421, 3.24, 3.868, 3.775, 3.934, 5.339, 7.31, 7.841, 7.242, 7.233, 7.841, 7.644, 7.107, 6.691, 5.243, 4.517, 2.734, 3.023, 5.693, 3.964, 3.925, 2.1, 3.838, 4.307, 4.003, 4.657, 5.745, 6.434, 6.686, 7.252, 7.589, 8.126, 7.5, 6.373, 8.178, 10.175, 11.935, 13.219, 13.829, 13.774, 13.475, 14.986, 17.184, 16.877, 16.173, 17.088, 15.592, 13.991, 13.612, 14.12, 18.716, 24.687, 25.372, 23.397, 22.093, 21.249, 20.17, 19.625, 19.162, 18.251, 16.284, 14.765, 14.959, 14.431, 13.743, 13.263, 13.363, 12.961, 12.835, 13.037, 14.443, 14.017, 9.787, 6.093, 6.458, 7.623, 6.529, 6.956, 9.371, 9.583, 8.905, 9.043, 9.613, 11.151, 12.51, 11.142, 10.204, 9.593, 7.317, 7.062, 7.192, 5.709, 5.178, 6.446, 8.203], [3.243, 2.765, 1.904, 3.232, 2.295, 1.924, 1.247, 0.0, 1.534, 2.528, 3.411, 2.443, 2.086, 5.64, 6.926, 4.93, 3.247, 3.141, 2.741, 2.799, 2.619, 3.465, 3.295, 2.242, 2.872, 2.682, 2.711, 2.517, 3.238, 3.426, 4.385, 4.063, 3.129, 2.321, 5.142, 8.827, 9.23, 9.868, 11.04, 11.237, 11.635, 12.705, 11.789, 10.394, 11.011, 12.001, 10.911, 9.733, 9.52, 7.789, 7.824, 8.159, 8.75, 8.875, 7.245, 5.569, 6.085, 8.543, 9.677, 9.1, 9.688, 11.453, 12.81, 13.801, 15.8, 18.28, 19.442, 19.441, 18.723, 16.562, 14.432, 12.387, 12.29, 14.136, 13.407, 9.682, 7.713, 6.863, 3.709, 5.106, 8.532, 9.078, 7.781, 9.438, 11.023, 10.387, 9.983, 10.096, 8.44, 6.177, 4.786, 3.025, 2.349, 2.323, 1.967, 1.863, 3.616, 4.169, 5.15, 4.434, 3.416, 4.78, 9.15, 9.699, 7.952, 10.232, 10.02, 5.289, 4.186, 4.119, 3.229, 2.816, 2.673, 3.155, 3.194, 3.494, 5.134, 6.949, 7.337, 6.688, 6.682, 7.365, 7.201, 6.64, 5.979, 4.944, 4.458, 2.585, 3.253, 5.82, 4.213, 3.958, 1.915, 3.432, 3.621, 3.422, 4.273, 5.503, 6.166, 6.391, 7.006, 7.373, 7.926, 7.3, 6.092, 7.923, 9.942, 11.734, 12.995, 13.596, 13.535, 13.247, 14.762, 16.96, 16.643, 15.941, 16.861, 15.368, 13.756, 13.374, 13.885, 18.498, 24.482, 25.163, 23.18, 21.883, 21.029, 19.955, 19.418, 18.962, 18.009, 16.053, 14.539, 14.737, 14.213, 13.573, 13.106, 13.159, 12.727, 12.623, 12.807, 14.224, 13.809, 9.578, 5.797, 6.101, 7.38, 6.295, 6.738, 9.161, 9.375, 8.611, 8.745, 9.375, 10.944, 12.275, 10.954, 9.735, 9.133, 7.075, 6.439, 7.026, 5.488, 4.585, 5.888, 7.849], [2.141, 1.884, 2.463, 3.994, 2.856, 1.949, 2.121, 1.534, 0.0, 1.62, 2.445, 1.45, 2.713, 6.329, 7.676, 5.537, 3.9, 3.723, 3.346, 2.788, 2.947, 4.124, 4.095, 2.94, 2.766, 2.748, 2.859, 2.658, 3.189, 3.15, 4.066, 3.689, 2.928, 2.594, 4.127, 7.907, 8.329, 8.998, 10.177, 10.376, 10.772, 11.876, 10.974, 9.583, 10.188, 11.188, 10.095, 8.905, 8.683, 7.055, 7.003, 7.324, 7.94, 8.064, 6.43, 4.739, 5.259, 7.807, 8.844, 8.256, 8.85, 10.586, 11.949, 12.952, 15.028, 17.464, 18.624, 18.627, 17.897, 15.712, 13.614, 11.646, 11.568, 13.408, 12.655, 8.911, 6.954, 6.111, 2.987, 4.355, 7.701, 8.27, 6.946, 8.6, 10.19, 9.538, 9.208, 9.318, 7.677, 5.455, 3.86, 2.033, 1.682, 1.677, 1.272, 2.332, 4.233, 4.975, 5.947, 5.188, 3.971, 5.543, 9.809, 10.437, 8.759, 11.088, 10.847, 6.118, 4.619, 4.451, 3.292, 2.675, 2.562, 3.08, 3.385, 3.453, 4.589, 6.218, 6.467, 5.804, 5.954, 6.789, 6.615, 5.982, 5.496, 4.386, 3.782, 1.978, 4.097, 6.322, 4.818, 4.526, 1.453, 2.449, 2.564, 2.325, 3.343, 4.669, 5.256, 5.539, 6.139, 6.509, 7.045, 6.418, 5.207, 7.039, 9.047, 10.853, 12.131, 12.738, 12.699, 12.398, 13.897, 16.151, 15.821, 15.119, 16.056, 14.563, 12.929, 12.571, 13.054, 17.698, 23.692, 24.363, 22.368, 21.067, 20.222, 19.138, 18.595, 18.152, 17.223, 15.325, 13.81, 13.905, 13.411, 12.868, 12.412, 12.471, 11.986, 11.836, 11.993, 13.417, 13.017, 8.774, 5.043, 5.321, 6.594, 5.486, 5.992, 8.349, 8.65, 7.753, 7.912, 8.56, 10.122, 11.465, 10.205, 9.162, 8.502, 6.488, 5.871, 6.438, 4.948, 4.099, 5.571, 7.116], [1.418, 1.654, 3.244, 4.444, 3.065, 2.317, 2.84, 2.528, 1.62, 0.0, 1.529, 1.894, 3.862, 7.376, 8.645, 6.229, 4.415, 4.189, 3.721, 2.895, 3.77, 5.191, 5.125, 3.795, 3.2, 3.117, 3.699, 3.666, 3.942, 3.155, 3.735, 3.441, 3.434, 3.714, 3.136, 6.892, 7.33, 7.983, 9.165, 9.362, 9.761, 10.845, 9.936, 8.545, 9.146, 10.146, 9.049, 7.879, 7.652, 5.96, 5.966, 6.278, 6.906, 7.038, 5.403, 3.74, 4.268, 6.686, 7.807, 7.237, 7.781, 9.582, 10.943, 11.932, 13.941, 16.42, 17.585, 17.585, 16.869, 14.692, 12.563, 10.556, 10.466, 12.318, 11.562, 7.831, 5.852, 5.018, 2.317, 3.275, 6.669, 7.199, 5.928, 7.585, 9.173, 8.52, 8.064, 8.212, 6.654, 4.643, 3.009, 1.748, 1.973, 1.56, 1.651, 3.483, 5.389, 5.999, 7.012, 6.202, 5.026, 6.534, 11.021, 11.481, 9.766, 12.085, 11.895, 7.278, 5.648, 4.975, 4.06, 3.287, 2.932, 3.431, 3.865, 3.794, 4.035, 5.397, 5.788, 5.295, 5.388, 6.118, 6.015, 5.306, 5.314, 3.729, 2.891, 1.606, 4.72, 7.343, 5.525, 5.486, 1.525, 1.932, 2.234, 2.146, 2.554, 3.637, 4.257, 4.508, 5.14, 5.496, 6.05, 5.428, 4.226, 6.059, 8.036, 9.862, 11.12, 11.728, 11.672, 11.372, 12.886, 15.121, 14.794, 14.093, 15.004, 13.512, 11.902, 11.506, 12.027, 16.638, 22.637, 23.31, 21.323, 20.02, 19.17, 18.085, 17.544, 17.1, 16.17, 14.217, 12.701, 12.869, 12.345, 11.692, 11.236, 11.327, 10.897, 10.792, 10.952, 12.368, 11.965, 7.724, 4.284, 4.64, 5.565, 4.442, 4.888, 7.298, 7.538, 6.879, 7.023, 7.533, 9.075, 10.421, 9.145, 8.655, 8.034, 5.778, 5.35, 5.565, 4.07, 3.84, 4.982, 6.32], [1.523, 2.165, 4.226, 5.398, 3.837, 2.724, 3.786, 3.411, 2.445, 1.529, 0.0, 1.917, 4.599, 8.451, 9.777, 6.929, 5.099, 4.746, 4.506, 3.744, 4.62, 6.109, 6.373, 4.982, 3.307, 3.387, 3.966, 3.855, 4.045, 3.005, 3.19, 2.872, 3.873, 4.166, 1.982, 5.623, 6.04, 6.644, 7.824, 8.027, 8.431, 9.517, 8.629, 7.283, 7.841, 8.842, 7.735, 6.562, 6.302, 4.695, 4.648, 4.983, 5.615, 5.726, 4.092, 2.899, 3.41, 5.489, 6.508, 5.919, 6.535, 8.288, 9.638, 10.604, 12.683, 15.101, 16.272, 16.276, 15.543, 13.354, 11.235, 9.283, 9.234, 11.05, 10.295, 6.613, 4.755, 3.886, 2.339, 2.303, 5.416, 6.031, 4.731, 6.276, 7.84, 7.193, 6.973, 7.17, 5.735, 3.824, 2.307, 1.848, 2.364, 2.152, 2.497, 4.682, 6.595, 7.33, 8.291, 7.481, 6.001, 7.741, 12.168, 12.772, 11.086, 13.421, 13.227, 8.389, 6.29, 5.498, 4.521, 3.64, 3.077, 3.483, 4.188, 4.176, 4.386, 4.799, 5.111, 4.719, 4.958, 5.685, 5.56, 5.011, 5.245, 3.686, 2.919, 2.021, 5.925, 8.249, 6.689, 6.466, 2.515, 1.873, 1.959, 1.487, 1.714, 2.352, 2.948, 3.225, 3.818, 4.282, 4.81, 4.165, 3.261, 4.773, 6.729, 8.518, 9.774, 10.404, 10.36, 10.044, 11.559, 13.788, 13.467, 12.786, 13.703, 12.221, 10.575, 10.212, 10.706, 15.339, 21.353, 22.022, 20.017, 18.739, 17.879, 16.79, 16.24, 15.808, 14.86, 12.965, 11.442, 11.555, 11.076, 10.523, 10.072, 10.133, 9.651, 9.506, 9.64, 11.066, 10.671, 6.426, 3.726, 4.165, 4.389, 3.28, 3.745, 6.05, 6.388, 5.966, 6.048, 6.325, 7.855, 9.157, 8.363, 8.259, 7.639, 5.355, 4.926, 5.16, 3.501, 3.894, 4.638, 5.596], [1.982, 1.625, 3.106, 4.636, 3.576, 2.366, 3.026, 2.443, 1.45, 1.894, 1.917, 0.0, 3.177, 7.233, 8.465, 5.948, 4.527, 4.094, 4.114, 3.229, 3.556, 4.973, 5.225, 3.824, 2.779, 2.931, 2.854, 2.684, 2.806, 2.592, 3.425, 3.002, 2.844, 2.778, 3.084, 6.843, 7.34, 7.888, 9.082, 9.277, 9.675, 10.796, 9.895, 8.521, 9.16, 10.2, 9.024, 7.847, 7.571, 5.909, 5.907, 6.308, 6.869, 6.975, 5.368, 3.994, 4.663, 6.744, 7.832, 7.325, 7.838, 9.556, 10.96, 11.948, 13.962, 16.407, 17.565, 17.569, 16.807, 14.625, 12.533, 10.524, 10.576, 12.317, 11.598, 7.738, 6.292, 5.086, 2.577, 3.274, 6.691, 7.559, 5.997, 7.733, 9.183, 8.55, 8.397, 8.634, 6.905, 4.485, 2.943, 1.893, 1.834, 1.846, 1.829, 3.461, 5.371, 6.059, 7.02, 6.215, 4.735, 6.471, 10.944, 11.529, 9.815, 12.15, 11.96, 7.104, 5.261, 4.748, 3.701, 2.849, 2.433, 2.558, 3.479, 3.727, 4.687, 5.632, 5.801, 5.326, 5.72, 6.722, 6.396, 5.367, 5.477, 4.133, 3.365, 1.936, 5.063, 7.003, 5.494, 5.224, 1.892, 1.982, 1.745, 1.737, 2.287, 3.506, 4.145, 4.446, 5.044, 5.424, 5.966, 5.488, 4.304, 5.914, 7.932, 9.715, 11.09, 11.697, 11.701, 11.41, 12.837, 15.081, 14.759, 14.03, 15.0, 13.516, 11.86, 11.499, 11.965, 16.607, 22.646, 23.297, 21.291, 20.026, 19.171, 18.077, 17.528, 17.14, 16.105, 14.203, 12.714, 12.853, 12.402, 11.805, 11.37, 11.442, 11.14, 10.956, 10.951, 12.34, 11.976, 7.737, 4.558, 5.017, 5.683, 4.536, 4.894, 7.347, 7.741, 7.021, 7.233, 7.63, 9.149, 10.642, 9.682, 8.946, 8.365, 6.371, 5.701, 6.186, 4.301, 3.989, 5.443, 6.971], [4.033, 3.253, 1.586, 2.239, 2.291, 2.574, 2.121, 2.086, 2.713, 3.862, 4.599, 3.177, 0.0, 4.259, 5.588, 3.548, 2.439, 2.464, 2.159, 3.096, 1.949, 2.044, 2.39, 1.64, 2.816, 2.887, 2.184, 2.078, 2.723, 3.684, 4.87, 4.338, 2.832, 2.152, 5.902, 9.694, 10.097, 10.805, 12.005, 12.239, 12.677, 13.713, 12.834, 11.442, 12.064, 13.168, 12.062, 10.766, 10.504, 8.981, 8.931, 9.271, 9.857, 9.915, 8.3, 6.759, 7.401, 9.814, 10.795, 10.284, 10.872, 12.538, 13.955, 14.937, 17.052, 19.455, 20.492, 20.489, 19.747, 17.56, 15.578, 13.581, 13.646, 15.388, 14.622, 10.775, 9.099, 8.069, 5.174, 6.312, 9.639, 10.434, 8.93, 10.535, 12.077, 11.487, 11.357, 11.492, 9.743, 7.432, 5.699, 4.104, 3.107, 3.008, 2.534, 1.952, 3.23, 3.68, 4.237, 3.472, 2.334, 3.553, 7.902, 8.584, 6.908, 9.233, 9.042, 4.526, 4.718, 4.45, 3.327, 3.178, 3.163, 3.346, 4.107, 4.802, 7.048, 8.293, 8.471, 7.978, 8.342, 9.305, 8.826, 7.903, 7.389, 6.744, 5.985, 4.259, 2.707, 4.225, 2.932, 2.608, 2.684, 4.256, 4.05, 3.89, 5.169, 6.528, 7.181, 7.478, 8.075, 8.425, 8.893, 8.265, 7.072, 8.811, 10.819, 12.656, 14.074, 14.672, 14.745, 14.409, 15.758, 18.003, 17.683, 16.97, 17.93, 16.454, 14.78, 14.552, 14.902, 19.643, 25.619, 26.24, 24.233, 22.977, 22.153, 21.075, 20.54, 20.163, 19.158, 17.274, 15.788, 15.867, 15.387, 14.879, 14.463, 14.533, 14.071, 13.876, 13.857, 15.283, 14.897, 10.646, 7.095, 7.452, 8.518, 7.453, 7.952, 10.353, 10.776, 9.802, 9.862, 10.478, 12.094, 13.433, 12.476, 11.287, 10.763, 9.016, 8.083, 8.838, 6.961, 5.835, 7.723, 9.506], [7.798, 6.98, 4.972, 4.076, 5.66, 6.438, 5.639, 5.64, 6.329, 7.376, 8.451, 7.233, 4.259, 0.0, 1.626, 2.225, 3.794, 4.407, 4.795, 5.85, 4.57, 2.95, 3.096, 3.836, 5.78, 6.018, 5.4, 5.431, 5.985, 7.453, 8.463, 8.007, 5.006, 4.742, 10.101, 13.88, 14.3, 15.022, 16.217, 16.412, 16.827, 17.922, 17.033, 15.643, 16.243, 17.238, 16.183, 14.964, 14.711, 13.097, 13.053, 13.376, 13.993, 14.118, 12.487, 10.774, 11.372, 13.897, 14.909, 14.316, 14.904, 16.634, 17.995, 19.003, 21.126, 23.549, 24.684, 24.687, 23.955, 21.76, 19.683, 17.732, 17.664, 19.489, 18.737, 14.926, 12.932, 12.179, 9.023, 10.335, 13.691, 14.297, 12.997, 14.649, 16.239, 15.589, 15.279, 15.37, 13.731, 11.493, 9.791, 7.872, 6.854, 6.81, 6.162, 5.061, 4.572, 4.458, 3.289, 3.099, 3.472, 2.551, 3.985, 4.378, 2.958, 5.015, 4.878, 3.287, 6.186, 5.801, 5.14, 5.765, 6.781, 7.019, 7.742, 8.528, 10.632, 12.209, 12.357, 11.801, 12.068, 12.873, 12.397, 11.679, 10.852, 10.375, 9.847, 7.886, 3.956, 3.67, 3.828, 3.145, 6.32, 8.307, 8.092, 7.865, 9.326, 10.661, 11.259, 11.6, 12.212, 12.528, 13.033, 12.435, 11.234, 13.034, 15.033, 16.825, 18.146, 18.791, 18.785, 18.432, 19.926, 22.194, 21.879, 21.177, 22.111, 20.616, 18.987, 18.656, 19.112, 23.782, 29.743, 30.417, 28.428, 27.126, 26.274, 25.198, 24.666, 24.236, 23.3, 21.413, 19.887, 19.993, 19.477, 18.962, 18.507, 18.567, 18.055, 17.88, 18.049, 19.473, 19.071, 14.83, 11.066, 11.256, 12.644, 11.534, 12.077, 14.414, 14.737, 13.836, 13.967, 14.617, 16.189, 17.514, 16.278, 14.779, 14.252, 12.592, 11.627, 12.433, 10.747, 9.394, 11.267, 13.182], [9.09, 8.089, 5.905, 4.985, 6.821, 7.663, 6.862, 6.926, 7.676, 8.645, 9.777, 8.465, 5.588, 1.626, 0.0, 3.16, 4.956, 5.625, 5.908, 6.822, 5.577, 4.066, 4.188, 4.984, 7.144, 7.296, 6.533, 6.639, 7.301, 8.758, 9.749, 9.303, 6.307, 5.983, 11.433, 15.197, 15.624, 16.344, 17.534, 17.729, 18.127, 19.206, 18.311, 16.921, 17.521, 18.52, 17.442, 16.248, 16.0, 14.213, 14.339, 14.663, 15.274, 15.396, 13.767, 12.089, 12.692, 15.081, 16.204, 15.623, 16.162, 17.917, 19.301, 20.303, 22.331, 24.813, 25.962, 25.965, 25.239, 23.065, 20.936, 18.822, 18.735, 20.583, 19.832, 16.048, 14.267, 13.352, 10.178, 11.423, 14.938, 15.582, 14.3, 15.944, 17.523, 16.885, 16.505, 16.611, 14.891, 12.665, 11.091, 9.229, 8.196, 7.992, 7.381, 6.001, 5.283, 4.982, 3.682, 3.663, 4.17, 3.05, 3.412, 3.274, 2.353, 3.771, 3.692, 3.984, 7.1, 6.662, 6.255, 7.181, 8.099, 8.225, 8.77, 9.619, 11.912, 13.433, 13.594, 13.02, 13.271, 14.105, 13.765, 12.881, 12.1, 11.635, 10.919, 9.208, 4.982, 3.637, 4.467, 4.001, 7.518, 9.625, 9.306, 9.195, 10.585, 11.906, 12.55, 12.876, 13.496, 13.842, 14.371, 13.753, 12.529, 14.348, 16.366, 18.17, 19.471, 20.103, 20.058, 19.729, 21.243, 23.476, 23.162, 22.458, 23.389, 21.903, 20.271, 19.899, 20.396, 25.043, 31.023, 31.698, 29.706, 28.407, 27.554, 26.48, 25.947, 25.502, 24.543, 22.587, 21.057, 21.271, 20.755, 20.084, 19.615, 19.701, 19.321, 19.176, 19.327, 20.753, 20.352, 16.111, 12.451, 12.65, 13.945, 12.817, 13.241, 15.695, 15.951, 15.119, 15.28, 15.899, 17.472, 18.819, 17.567, 16.002, 15.37, 13.766, 12.836, 13.641, 11.88, 10.488, 12.51, 14.647], [6.821, 5.773, 3.755, 2.567, 4.119, 4.904, 4.824, 4.93, 5.537, 6.229, 6.929, 5.948, 3.548, 2.225, 3.16, 0.0, 2.121, 2.702, 3.154, 4.313, 3.285, 2.116, 2.288, 3.025, 4.513, 4.926, 4.795, 4.783, 4.819, 6.015, 6.932, 6.412, 3.997, 3.636, 8.511, 12.287, 12.801, 13.377, 14.542, 14.748, 15.148, 16.209, 15.305, 13.93, 14.524, 15.526, 14.427, 13.25, 13.059, 11.338, 11.353, 11.675, 12.302, 12.394, 10.761, 9.114, 9.934, 12.103, 13.192, 12.61, 13.269, 15.002, 16.355, 17.294, 19.322, 21.775, 22.946, 22.949, 22.217, 20.068, 17.937, 15.912, 15.846, 17.671, 16.928, 13.241, 11.522, 10.546, 7.867, 8.707, 12.129, 12.743, 11.403, 13.013, 14.525, 13.883, 13.666, 13.851, 12.259, 9.768, 8.261, 6.796, 5.656, 5.31, 5.147, 4.616, 4.355, 4.333, 3.55, 3.003, 3.058, 2.713, 5.624, 6.139, 4.401, 6.729, 6.514, 3.866, 6.229, 5.936, 5.03, 5.299, 5.941, 6.201, 6.965, 7.703, 9.794, 11.058, 11.288, 10.73, 11.124, 12.134, 11.843, 10.528, 10.43, 9.351, 8.426, 7.002, 2.75, 3.456, 2.867, 2.288, 5.225, 7.298, 7.359, 7.256, 7.994, 9.016, 9.632, 9.881, 10.519, 10.937, 11.484, 10.858, 9.865, 11.428, 13.432, 15.255, 16.511, 17.106, 17.061, 16.785, 18.283, 20.486, 20.141, 19.454, 20.377, 18.894, 17.25, 16.873, 17.379, 22.014, 28.037, 28.696, 26.69, 25.41, 24.563, 23.478, 22.934, 22.498, 21.53, 19.577, 18.063, 18.242, 17.76, 17.138, 16.683, 16.744, 16.312, 16.195, 16.314, 17.74, 17.345, 13.115, 9.717, 10.264, 11.009, 9.889, 10.323, 12.703, 12.983, 12.464, 12.594, 13.037, 14.48, 15.858, 14.949, 14.235, 13.735, 11.731, 10.975, 11.474, 9.417, 8.816, 10.494, 12.33], [4.964, 4.102, 2.437, 1.521, 2.272, 2.976, 3.048, 3.247, 3.9, 4.415, 5.099, 4.527, 2.439, 3.794, 4.956, 2.121, 0.0, 1.373, 1.752, 3.123, 2.576, 1.805, 2.177, 1.924, 3.081, 3.369, 3.714, 3.628, 3.625, 4.542, 5.17, 4.819, 3.291, 2.791, 6.583, 10.386, 10.903, 11.468, 12.643, 12.846, 13.257, 14.311, 13.415, 12.016, 12.636, 13.617, 12.57, 11.365, 11.176, 9.546, 9.492, 9.755, 10.383, 10.494, 8.871, 7.203, 8.066, 10.259, 11.263, 10.692, 11.336, 13.047, 14.402, 15.392, 17.475, 19.917, 21.053, 21.056, 20.328, 18.169, 16.097, 14.124, 14.023, 15.884, 15.139, 11.421, 9.548, 8.722, 6.087, 6.907, 10.217, 10.771, 9.459, 11.121, 12.628, 11.984, 11.743, 11.974, 10.573, 7.946, 6.31, 4.896, 3.794, 3.581, 3.515, 3.258, 3.651, 4.01, 3.832, 3.053, 2.353, 3.398, 7.364, 7.991, 6.278, 8.624, 8.415, 4.562, 5.421, 5.236, 4.168, 4.292, 4.641, 5.004, 5.484, 6.176, 8.032, 9.401, 9.795, 9.292, 9.504, 10.434, 10.202, 9.185, 9.018, 7.695, 6.558, 5.211, 2.072, 4.036, 2.791, 2.18, 3.426, 5.546, 5.805, 5.811, 6.4, 7.167, 7.724, 8.004, 8.64, 9.044, 9.547, 8.96, 7.979, 9.498, 11.506, 13.324, 14.604, 15.206, 15.196, 14.895, 16.37, 18.605, 18.251, 17.549, 18.486, 16.996, 15.362, 15.021, 15.492, 20.15, 26.12, 26.796, 24.797, 23.503, 22.647, 21.575, 21.045, 20.612, 19.697, 17.777, 16.268, 16.357, 15.831, 15.322, 14.857, 14.918, 14.496, 14.289, 14.42, 15.845, 15.448, 11.221, 7.789, 8.459, 9.11, 7.983, 8.519, 10.788, 11.142, 10.684, 10.777, 11.125, 12.607, 13.982, 13.081, 12.903, 12.307, 10.025, 9.534, 9.872, 7.781, 7.45, 8.782, 10.41], [4.666, 3.922, 2.746, 1.966, 2.372, 2.694, 2.789, 3.141, 3.723, 4.189, 4.746, 4.094, 2.464, 4.407, 5.625, 2.702, 1.373, 0.0, 2.023, 3.444, 2.985, 2.239, 2.751, 2.14, 3.095, 3.212, 3.441, 3.361, 3.444, 4.241, 4.846, 4.537, 3.289, 2.702, 6.113, 9.899, 10.406, 10.857, 12.021, 12.228, 12.627, 13.697, 12.806, 11.412, 12.04, 13.021, 11.93, 10.757, 10.543, 8.919, 8.861, 9.133, 9.785, 9.905, 8.272, 6.717, 7.574, 9.615, 10.657, 10.102, 10.687, 12.449, 13.807, 14.781, 16.84, 19.289, 20.444, 20.442, 19.717, 17.539, 15.443, 13.506, 13.401, 15.253, 14.527, 10.816, 9.082, 8.184, 5.756, 6.28, 9.678, 10.28, 8.919, 10.636, 12.019, 11.369, 11.225, 11.499, 10.2, 7.285, 5.894, 4.609, 3.605, 3.411, 3.459, 3.348, 4.206, 4.693, 4.81, 4.013, 3.193, 3.93, 8.048, 8.6, 6.913, 9.241, 9.045, 4.589, 5.422, 5.24, 4.215, 4.276, 4.338, 4.634, 5.136, 5.828, 7.729, 9.041, 9.373, 8.974, 9.214, 10.113, 9.879, 8.805, 8.679, 7.352, 5.998, 4.878, 2.342, 4.454, 3.242, 2.667, 3.26, 5.307, 5.519, 5.501, 6.011, 6.635, 7.162, 7.428, 8.018, 8.403, 8.989, 8.489, 7.525, 8.935, 10.918, 12.746, 14.007, 14.602, 14.576, 14.263, 15.781, 17.984, 17.641, 16.965, 17.867, 16.391, 14.749, 14.389, 14.886, 19.518, 25.505, 26.187, 24.183, 22.895, 22.04, 20.958, 20.396, 19.962, 19.055, 17.145, 15.619, 15.725, 15.196, 14.648, 14.207, 14.268, 14.013, 13.704, 13.841, 15.234, 14.837, 10.606, 7.398, 8.179, 8.616, 7.374, 7.986, 10.215, 10.619, 10.327, 10.387, 10.653, 12.03, 13.488, 12.718, 12.554, 11.96, 9.684, 9.195, 9.505, 7.44, 7.138, 8.472, 10.05], [4.315, 3.765, 2.152, 1.749, 1.377, 2.375, 2.273, 2.741, 3.346, 3.721, 4.506, 4.114, 2.159, 4.795, 5.908, 3.154, 1.752, 2.023, 0.0, 2.114, 1.754, 2.263, 2.531, 2.541, 3.732, 3.798, 3.784, 3.829, 4.175, 4.698, 5.35, 5.208, 4.067, 3.446, 6.033, 9.666, 10.104, 10.759, 11.935, 12.138, 12.536, 13.584, 12.666, 11.286, 11.88, 12.936, 11.799, 10.642, 10.414, 8.725, 8.709, 9.076, 9.649, 9.751, 8.148, 6.472, 7.059, 9.506, 10.608, 10.06, 10.705, 12.428, 13.793, 14.701, 16.743, 19.181, 20.318, 20.332, 19.602, 17.46, 15.364, 13.327, 13.281, 15.108, 14.359, 10.629, 8.838, 7.902, 5.297, 6.239, 9.522, 10.133, 8.769, 10.344, 11.907, 11.275, 11.061, 11.144, 9.761, 7.194, 5.63, 4.065, 3.071, 3.06, 3.206, 3.019, 4.088, 4.356, 4.623, 3.906, 2.986, 3.767, 8.162, 8.751, 7.01, 9.341, 9.13, 5.588, 6.044, 5.849, 4.881, 4.645, 4.623, 5.077, 5.387, 5.698, 7.216, 8.787, 9.233, 8.66, 8.827, 9.664, 9.517, 8.734, 8.479, 7.04, 5.607, 4.342, 1.985, 4.367, 2.804, 2.667, 2.841, 4.958, 5.363, 5.301, 5.775, 6.417, 7.045, 7.251, 7.91, 8.334, 8.869, 8.24, 7.161, 8.805, 10.811, 12.637, 13.907, 14.514, 14.474, 14.223, 15.668, 17.861, 17.544, 16.817, 17.768, 16.277, 14.639, 14.278, 14.765, 19.381, 25.397, 26.06, 24.058, 22.78, 21.924, 20.836, 20.296, 19.896, 18.899, 16.972, 15.478, 15.615, 15.162, 14.564, 14.117, 14.18, 13.643, 13.583, 13.707, 15.11, 14.724, 10.484, 6.784, 7.755, 8.383, 7.239, 7.773, 10.083, 10.434, 10.063, 9.968, 10.416, 11.849, 13.21, 12.411, 12.251, 11.615, 9.265, 8.892, 9.097, 7.422, 7.04, 8.317, 9.47], [3.481, 2.926, 2.135, 2.689, 1.953, 2.261, 2.85, 2.799, 2.788, 2.895, 3.744, 3.229, 3.096, 5.85, 6.822, 4.313, 3.123, 3.444, 2.114, 0.0, 1.823, 3.688, 3.657, 3.652, 4.68, 4.609, 4.892, 4.57, 5.025, 4.783, 5.474, 5.347, 4.707, 4.029, 5.062, 8.728, 9.193, 9.864, 11.051, 11.245, 11.643, 12.744, 11.839, 10.464, 11.063, 12.05, 10.947, 9.786, 9.542, 7.856, 7.847, 8.184, 8.802, 8.923, 7.308, 5.674, 6.419, 8.598, 9.715, 9.14, 9.652, 11.44, 12.818, 13.835, 15.851, 18.318, 19.489, 19.492, 18.77, 16.593, 14.452, 12.487, 12.397, 14.236, 13.495, 9.718, 7.744, 7.02, 4.318, 5.137, 8.508, 9.1, 7.854, 9.511, 11.077, 10.423, 9.978, 10.203, 8.829, 6.269, 4.749, 3.129, 2.496, 2.624, 2.773, 3.363, 4.822, 5.022, 5.316, 4.539, 3.836, 4.64, 9.092, 9.574, 7.847, 10.182, 9.979, 6.951, 6.801, 6.551, 5.538, 5.0, 4.8, 5.128, 5.46, 5.602, 6.387, 7.828, 8.342, 7.915, 8.072, 8.722, 8.708, 7.82, 7.871, 6.185, 4.797, 3.343, 3.038, 5.307, 3.547, 3.919, 2.647, 4.167, 4.521, 4.477, 4.77, 5.476, 6.104, 6.395, 7.012, 7.361, 7.897, 7.3, 6.27, 7.899, 9.886, 11.695, 12.991, 13.625, 13.574, 13.247, 14.76, 17.007, 16.689, 15.986, 16.912, 15.415, 13.804, 13.404, 13.933, 18.543, 24.549, 25.217, 23.23, 21.922, 21.087, 19.998, 19.454, 18.995, 18.051, 16.15, 14.627, 14.776, 14.266, 13.6, 13.141, 13.262, 12.881, 12.73, 12.855, 14.282, 13.871, 9.634, 6.31, 7.204, 7.566, 6.372, 6.939, 9.217, 9.527, 9.16, 9.206, 9.607, 11.011, 12.42, 11.354, 11.393, 10.782, 8.427, 8.049, 8.198, 6.459, 6.4, 7.65, 8.722], [4.209, 3.451, 1.91, 2.398, 2.205, 2.631, 2.552, 2.619, 2.947, 3.77, 4.62, 3.556, 1.949, 4.57, 5.577, 3.285, 2.576, 2.985, 1.754, 1.823, 0.0, 2.46, 2.816, 2.847, 3.761, 3.883, 3.818, 3.458, 4.014, 4.576, 5.634, 5.259, 4.005, 3.319, 6.08, 9.849, 10.324, 10.916, 12.111, 12.328, 12.766, 13.784, 12.899, 11.507, 12.123, 13.145, 12.096, 10.831, 10.604, 9.058, 9.004, 9.301, 9.918, 9.985, 8.362, 6.788, 7.464, 9.845, 10.826, 10.261, 10.914, 12.646, 13.982, 14.924, 17.061, 19.47, 20.549, 20.551, 19.817, 17.627, 15.627, 13.641, 13.621, 15.418, 14.652, 10.942, 9.131, 8.119, 5.295, 6.457, 9.807, 10.425, 8.904, 10.578, 12.106, 11.495, 11.313, 11.506, 9.825, 7.473, 5.924, 4.194, 3.111, 2.896, 2.745, 2.833, 4.185, 4.451, 4.502, 3.79, 2.905, 3.549, 7.832, 8.513, 6.799, 9.145, 8.939, 6.156, 6.213, 6.0, 4.937, 4.586, 4.326, 4.622, 5.066, 5.397, 7.205, 8.475, 8.805, 8.266, 8.581, 9.566, 9.264, 8.335, 8.133, 6.887, 6.013, 4.432, 2.449, 3.956, 2.472, 2.892, 2.741, 4.551, 4.659, 4.644, 5.459, 6.733, 7.291, 7.543, 8.176, 8.538, 9.035, 8.408, 7.164, 9.002, 10.985, 12.849, 14.111, 14.686, 14.735, 14.429, 15.822, 18.071, 17.742, 17.039, 17.979, 16.505, 14.849, 14.575, 14.973, 19.701, 25.664, 26.3, 24.294, 23.025, 22.197, 21.125, 20.591, 20.185, 19.218, 17.326, 15.818, 15.906, 15.416, 14.901, 14.452, 14.513, 14.067, 13.828, 13.916, 15.343, 14.948, 10.703, 7.199, 7.642, 8.561, 7.439, 8.001, 10.345, 10.743, 9.854, 9.958, 10.499, 12.114, 13.463, 12.5, 11.95, 11.34, 9.185, 8.675, 9.073, 7.206, 6.731, 8.164, 9.624], [5.607, 4.673, 2.472, 1.793, 3.259, 4.112, 3.453, 3.465, 4.124, 5.191, 6.109, 4.973, 2.044, 2.95, 4.066, 2.116, 1.805, 2.239, 2.263, 3.688, 2.46, 0.0, 1.432, 1.732, 3.662, 3.85, 3.223, 3.179, 3.749, 5.134, 6.164, 5.655, 3.456, 2.824, 7.791, 11.569, 11.97, 12.6, 13.779, 13.953, 14.388, 15.39, 14.497, 13.106, 13.704, 14.696, 13.671, 12.452, 12.207, 10.633, 10.574, 10.841, 11.49, 11.59, 9.959, 8.308, 8.852, 11.396, 12.383, 11.829, 12.538, 14.268, 15.605, 16.539, 18.617, 21.034, 22.143, 22.146, 21.421, 19.256, 17.207, 15.228, 15.153, 16.989, 16.269, 12.585, 10.687, 9.701, 6.726, 8.084, 11.437, 11.99, 10.531, 12.178, 13.719, 13.072, 12.888, 12.975, 11.316, 9.088, 7.579, 5.714, 4.665, 4.557, 3.926, 2.995, 3.049, 3.276, 3.083, 2.308, 1.649, 2.1, 6.246, 6.897, 5.253, 7.528, 7.322, 3.982, 4.898, 4.783, 3.769, 3.979, 4.462, 4.693, 5.415, 6.223, 8.313, 9.71, 9.92, 9.376, 9.701, 10.598, 10.125, 9.297, 8.632, 8.075, 7.384, 5.77, 2.0, 3.195, 2.224, 1.309, 4.185, 6.083, 5.915, 5.682, 7.036, 8.399, 8.979, 9.207, 9.838, 10.174, 10.68, 10.058, 8.835, 10.677, 12.667, 14.493, 15.738, 16.31, 16.314, 16.046, 17.503, 19.667, 19.348, 18.653, 19.572, 18.084, 16.453, 16.15, 16.579, 21.26, 27.211, 27.883, 25.887, 24.584, 23.748, 22.673, 22.142, 21.717, 20.786, 18.889, 17.363, 17.47, 16.958, 16.442, 16.003, 16.049, 15.543, 15.346, 15.509, 16.935, 16.533, 12.292, 8.562, 8.791, 10.113, 9.012, 9.552, 11.904, 12.238, 11.316, 11.469, 12.102, 13.665, 14.996, 13.891, 12.564, 11.989, 10.277, 9.363, 10.128, 8.376, 7.149, 9.048, 10.885], [5.769, 4.86, 2.67, 1.642, 3.241, 4.236, 3.258, 3.295, 4.095, 5.125, 6.373, 5.225, 2.39, 3.096, 4.188, 2.288, 2.177, 2.751, 2.531, 3.657, 2.816, 1.432, 0.0, 1.744, 3.739, 3.898, 3.636, 3.666, 4.003, 5.43, 6.424, 5.963, 3.514, 2.962, 8.111, 11.885, 12.302, 12.966, 14.143, 14.341, 14.736, 15.821, 14.901, 13.509, 14.122, 15.12, 14.016, 12.857, 12.628, 10.925, 10.907, 11.262, 11.873, 11.998, 10.37, 8.661, 9.178, 11.656, 12.784, 12.216, 12.767, 14.556, 15.93, 16.917, 18.926, 21.397, 22.552, 22.552, 21.847, 19.678, 17.549, 15.555, 15.459, 17.304, 16.575, 12.839, 10.826, 10.032, 6.835, 8.259, 11.635, 12.178, 10.897, 12.558, 14.14, 13.504, 13.042, 13.201, 11.597, 9.326, 7.835, 5.976, 4.974, 4.905, 4.203, 2.732, 2.668, 2.819, 2.891, 2.277, 2.01, 2.103, 6.114, 6.605, 4.907, 7.186, 6.917, 3.723, 4.368, 4.549, 3.611, 4.002, 4.734, 5.111, 5.468, 6.167, 8.063, 9.907, 10.136, 9.615, 9.641, 10.303, 10.061, 9.287, 8.596, 8.006, 7.501, 5.535, 1.945, 3.542, 2.252, 1.974, 4.264, 6.421, 6.329, 5.993, 7.284, 8.619, 9.239, 9.473, 10.116, 10.478, 11.031, 10.404, 9.174, 10.999, 13.018, 14.839, 16.096, 16.701, 16.646, 16.348, 17.867, 20.071, 19.766, 19.069, 19.974, 18.478, 16.88, 16.481, 17.009, 21.594, 27.583, 28.266, 26.285, 24.978, 24.133, 23.057, 22.514, 22.052, 21.123, 19.212, 17.701, 17.848, 17.32, 16.669, 16.204, 16.302, 15.828, 15.719, 15.92, 17.331, 16.908, 12.678, 8.872, 9.043, 10.489, 9.419, 9.874, 12.262, 12.499, 11.661, 11.859, 12.498, 14.045, 15.399, 14.012, 12.323, 11.619, 9.899, 8.962, 9.794, 8.355, 6.972, 8.766, 10.91], [4.458, 3.697, 2.033, 1.798, 2.405, 2.895, 2.124, 2.242, 2.94, 3.795, 4.982, 3.824, 1.64, 3.836, 4.984, 3.025, 1.924, 2.14, 2.541, 3.652, 2.847, 1.732, 1.744, 0.0, 2.543, 2.593, 2.317, 2.373, 2.749, 4.088, 5.085, 4.623, 2.386, 1.768, 6.726, 10.491, 10.924, 11.587, 12.752, 12.959, 13.358, 14.427, 13.501, 12.109, 12.724, 13.714, 12.606, 11.452, 11.231, 9.486, 9.559, 9.857, 10.489, 10.614, 8.979, 7.318, 7.833, 10.274, 11.373, 10.819, 11.392, 13.18, 14.544, 15.525, 17.519, 19.991, 21.149, 21.153, 20.438, 18.281, 16.152, 14.063, 13.976, 15.826, 15.085, 11.37, 9.478, 8.568, 5.404, 6.793, 10.263, 10.798, 9.502, 11.178, 12.748, 12.107, 11.655, 11.801, 10.118, 7.908, 6.441, 4.562, 3.606, 3.544, 2.947, 2.158, 2.498, 2.867, 3.558, 2.767, 1.713, 3.019, 7.491, 7.972, 6.175, 8.506, 8.305, 3.976, 3.74, 3.633, 2.677, 2.893, 3.418, 3.78, 4.237, 4.92, 6.997, 8.64, 8.833, 8.228, 8.424, 9.322, 9.073, 8.001, 7.622, 6.67, 6.074, 4.318, 2.603, 4.152, 2.752, 2.118, 2.921, 4.993, 5.053, 4.754, 5.898, 7.231, 7.847, 8.087, 8.729, 9.104, 9.658, 9.031, 7.771, 9.638, 11.642, 13.465, 14.721, 15.317, 15.258, 14.973, 16.494, 18.689, 18.359, 17.674, 18.577, 17.081, 15.472, 15.085, 15.601, 20.202, 26.212, 26.878, 24.891, 23.583, 22.745, 21.67, 21.128, 20.665, 19.745, 17.767, 16.253, 16.44, 15.928, 15.222, 14.745, 14.877, 14.483, 14.361, 14.515, 15.936, 15.534, 11.292, 7.6, 7.821, 9.11, 8.01, 8.421, 10.877, 11.124, 10.271, 10.448, 11.101, 12.644, 13.993, 12.667, 11.368, 10.874, 8.896, 8.154, 8.749, 7.0, 5.911, 7.665, 9.809], [3.586, 3.359, 3.376, 3.374, 3.525, 2.916, 3.104, 2.872, 2.766, 3.2, 3.307, 2.779, 2.816, 5.78, 7.144, 4.513, 3.081, 3.095, 3.732, 4.68, 3.761, 3.662, 3.739, 2.543, 0.0, 0.991, 1.691, 1.678, 1.344, 2.105, 2.993, 2.554, 1.606, 1.926, 4.721, 8.327, 8.74, 9.325, 10.474, 10.679, 11.118, 12.151, 11.263, 9.871, 10.481, 11.496, 10.448, 9.194, 8.965, 7.415, 7.356, 7.645, 8.282, 8.358, 6.726, 5.108, 5.698, 8.194, 9.172, 8.62, 9.271, 10.987, 12.331, 13.283, 15.407, 17.817, 18.913, 18.916, 18.181, 15.984, 13.97, 11.994, 11.98, 13.765, 13.0, 9.286, 7.453, 6.463, 3.703, 4.801, 8.15, 8.765, 7.253, 8.903, 10.479, 9.85, 9.676, 9.796, 8.091, 5.829, 4.368, 2.923, 2.94, 2.589, 2.527, 3.477, 4.264, 4.873, 5.659, 4.838, 3.429, 5.319, 9.465, 10.147, 8.435, 10.781, 10.575, 5.71, 3.402, 2.753, 1.921, 1.654, 1.811, 2.212, 2.785, 3.478, 5.565, 6.878, 7.069, 6.502, 6.881, 7.906, 7.533, 6.53, 6.261, 5.141, 4.335, 3.305, 4.207, 5.922, 4.598, 4.088, 2.461, 3.144, 3.369, 3.352, 3.872, 5.117, 5.737, 6.012, 6.531, 6.903, 7.375, 6.732, 5.662, 7.45, 9.413, 11.191, 12.479, 13.039, 13.097, 12.784, 14.195, 16.436, 16.108, 15.423, 16.346, 14.861, 13.213, 12.923, 13.339, 18.052, 24.018, 24.664, 22.657, 21.378, 20.55, 19.476, 18.944, 18.533, 17.57, 15.677, 14.162, 14.258, 13.763, 13.249, 12.8, 12.861, 12.386, 12.182, 12.279, 13.708, 13.321, 9.068, 5.442, 5.887, 6.897, 5.785, 6.354, 8.699, 9.095, 8.239, 8.271, 8.88, 10.468, 11.78, 10.795, 10.167, 9.569, 7.507, 6.85, 7.325, 5.362, 4.749, 6.259, 7.919], [3.582, 3.328, 3.164, 3.391, 3.465, 2.893, 2.9, 2.682, 2.748, 3.117, 3.387, 2.931, 2.887, 6.018, 7.296, 4.926, 3.369, 3.212, 3.798, 4.609, 3.883, 3.85, 3.898, 2.593, 0.991, 0.0, 1.575, 1.632, 1.331, 1.931, 2.827, 2.431, 1.974, 2.048, 4.803, 8.142, 8.508, 9.133, 10.287, 10.473, 10.878, 11.971, 11.078, 9.687, 10.288, 11.289, 10.205, 9.017, 8.761, 7.15, 7.101, 7.414, 8.061, 8.181, 6.546, 4.88, 5.452, 7.904, 8.944, 8.366, 8.934, 10.722, 12.071, 13.056, 15.128, 17.577, 18.728, 18.731, 18.004, 15.813, 13.711, 11.759, 11.672, 13.52, 12.765, 9.016, 7.058, 6.207, 3.214, 4.454, 7.829, 8.371, 7.05, 8.723, 10.297, 9.643, 9.288, 9.418, 7.784, 5.505, 4.072, 2.805, 3.039, 2.635, 2.442, 3.296, 4.256, 4.923, 5.832, 5.025, 3.589, 5.334, 9.72, 10.313, 8.627, 10.962, 10.77, 5.89, 3.338, 2.54, 1.722, 1.5, 1.537, 1.919, 2.316, 2.978, 5.028, 6.481, 6.704, 6.219, 6.441, 7.397, 7.08, 6.099, 5.798, 4.645, 3.875, 3.269, 4.16, 6.014, 4.499, 4.168, 2.449, 2.844, 3.304, 3.386, 3.675, 4.851, 5.456, 5.758, 6.307, 6.623, 7.156, 6.551, 5.465, 7.266, 9.195, 10.962, 12.22, 12.851, 12.816, 12.476, 14.006, 16.238, 15.928, 15.242, 16.155, 14.665, 13.036, 12.679, 13.162, 17.804, 23.791, 24.468, 22.472, 21.174, 20.322, 19.233, 18.688, 18.249, 17.322, 15.435, 13.909, 14.015, 13.49, 12.953, 12.497, 12.561, 12.125, 11.954, 12.094, 13.517, 13.123, 8.88, 5.213, 5.549, 6.71, 5.58, 6.098, 8.457, 8.774, 7.895, 8.069, 8.668, 10.234, 11.586, 10.396, 9.712, 9.131, 6.989, 6.333, 6.77, 4.928, 4.291, 5.741, 7.57], [3.981, 3.592, 3.115, 3.699, 3.65, 3.085, 2.946, 2.711, 2.859, 3.699, 3.966, 2.854, 2.184, 5.4, 6.533, 4.795, 3.714, 3.441, 3.784, 4.892, 3.818, 3.223, 3.636, 2.317, 1.691, 1.575, 0.0, 0.994, 1.445, 2.635, 3.707, 3.233, 2.249, 2.132, 5.234, 8.792, 9.196, 9.829, 11.011, 11.211, 11.615, 12.719, 11.814, 10.449, 11.09, 12.174, 10.963, 9.797, 9.492, 7.846, 7.869, 8.247, 8.799, 8.9, 7.293, 5.743, 6.361, 8.673, 9.764, 9.257, 9.834, 11.495, 12.935, 13.92, 15.936, 18.384, 19.501, 19.5, 18.726, 16.549, 14.465, 12.401, 12.511, 14.219, 13.487, 9.655, 8.109, 6.911, 4.049, 5.243, 8.61, 9.435, 7.956, 9.575, 11.124, 10.497, 10.284, 10.409, 8.65, 6.303, 4.768, 3.454, 3.257, 3.046, 2.772, 2.879, 3.842, 4.378, 5.098, 4.325, 2.877, 4.565, 9.05, 9.636, 7.951, 10.227, 10.036, 5.198, 3.146, 2.67, 1.768, 1.939, 1.916, 1.864, 2.75, 3.64, 5.884, 7.223, 7.397, 6.862, 7.168, 8.112, 7.714, 6.756, 6.138, 5.597, 4.836, 3.683, 4.312, 5.717, 4.317, 3.695, 2.797, 3.481, 3