[[0.0, 1.76, 1.276, 2.208, 2.967, 2.473, 2.63, 2.48, 2.38, 3.067, 4.058, 4.0, 4.757, 6.132, 4.936, 2.944, 2.958, 3.024, 2.485, 3.043, 6.252, 7.966, 7.595, 5.466, 4.209, 4.746, 3.69, 2.956, 2.871, 2.525, 2.247, 2.345, 2.705, 3.307, 4.087, 5.244, 4.939, 4.76, 4.754, 3.77, 2.628, 3.075, 3.802, 3.262, 3.947, 5.173, 5.885, 7.505, 7.686, 9.806, 8.886, 5.833, 5.064, 6.459, 6.947, 5.59, 4.909, 5.086, 5.093, 5.219, 6.12, 7.241, 6.715, 5.68, 6.463, 6.158, 4.049, 2.9, 2.585, 2.15, 2.775, 3.875, 4.693, 5.542, 4.294, 3.224, 1.848, 3.87, 2.909, 2.633, 2.144, 1.73, 1.169, 2.517, 2.77, 3.82, 2.374, 1.607, 1.229, 1.547, 1.824, 2.041, 2.417, 5.567, 8.521, 10.134, 8.736, 6.075, 7.012, 9.435, 8.978, 7.773, 8.948, 11.588, 11.699, 11.117, 12.045, 13.904, 15.184, 13.808, 12.063, 11.308, 11.748, 11.367, 11.904, 13.985, 14.22, 12.842, 10.185, 7.647, 8.263, 10.507, 10.456, 7.32, 4.515, 5.004, 6.066, 4.674, 4.372, 4.114, 5.645, 6.074, 4.23, 2.739, 3.386, 3.592, 3.375, 3.335, 3.462, 4.914, 5.525, 6.04, 7.49, 6.3, 5.067], [1.76, 0.0, 1.291, 2.947, 3.772, 3.228, 3.412, 3.377, 3.337, 4.564, 5.366, 5.266, 5.95, 7.373, 6.315, 3.966, 3.589, 3.906, 3.282, 2.365, 5.078, 6.818, 6.448, 4.323, 4.557, 4.51, 3.517, 3.27, 3.306, 3.105, 2.814, 2.511, 2.975, 3.815, 4.211, 4.958, 4.982, 4.744, 5.103, 4.191, 2.963, 4.325, 5.187, 4.73, 5.494, 6.82, 7.229, 8.704, 8.958, 11.017, 10.071, 7.036, 6.313, 7.672, 8.196, 6.971, 6.241, 6.37, 6.403, 6.561, 7.419, 8.531, 7.86, 6.869, 7.683, 7.395, 5.347, 4.278, 3.885, 3.553, 3.697, 4.894, 6.063, 7.104, 5.708, 4.495, 1.836, 2.812, 2.272, 1.943, 1.344, 1.292, 2.326, 3.63, 3.406, 3.326, 2.237, 2.372, 1.92, 1.647, 1.928, 2.472, 2.206, 4.33, 7.328, 8.951, 7.519, 4.903, 6.001, 8.266, 7.798, 6.822, 8.002, 10.758, 10.857, 10.101, 10.901, 12.72, 14.006, 12.678, 10.776, 10.209, 10.566, 10.537, 10.884, 12.785, 13.269, 11.879, 9.103, 6.765, 7.357, 9.61, 9.714, 6.733, 5.034, 5.931, 6.995, 5.476, 5.126, 5.368, 7.144, 7.576, 5.709, 4.229, 4.909, 5.145, 4.878, 4.744, 4.833, 6.18, 6.937, 7.348, 8.695, 7.499, 6.271], [1.276, 1.291, 0.0, 2.224, 3.16, 2.612, 2.802, 2.725, 2.96, 3.996, 4.966, 4.802, 5.531, 6.928, 5.809, 3.817, 3.576, 3.785, 3.146, 2.61, 5.642, 7.382, 7.011, 4.886, 4.737, 5.069, 3.884, 3.47, 3.322, 3.041, 2.714, 2.769, 3.175, 3.876, 4.596, 5.616, 5.412, 5.06, 5.321, 4.325, 3.112, 4.03, 4.807, 4.268, 5.008, 6.223, 6.649, 8.245, 8.458, 10.594, 9.514, 6.554, 5.775, 7.189, 7.751, 6.395, 5.728, 5.812, 5.876, 5.976, 6.83, 7.98, 7.402, 6.413, 7.259, 6.97, 4.878, 3.758, 3.356, 3.006, 3.452, 4.764, 5.747, 6.606, 5.323, 4.193, 2.185, 3.639, 2.794, 2.15, 1.782, 1.603, 1.906, 3.353, 3.412, 4.088, 2.639, 2.217, 1.63, 1.484, 1.914, 2.443, 2.533, 5.137, 7.946, 9.498, 8.07, 5.643, 6.852, 9.126, 8.472, 7.618, 8.86, 11.555, 11.595, 10.847, 11.592, 13.343, 14.637, 13.368, 11.564, 10.92, 11.22, 11.334, 11.742, 13.623, 14.131, 12.69, 9.987, 7.603, 8.128, 10.39, 10.522, 7.537, 5.087, 5.828, 6.888, 5.428, 5.06, 4.96, 6.498, 6.993, 5.136, 3.721, 4.433, 4.685, 4.345, 4.344, 4.344, 5.699, 6.434, 6.845, 8.185, 7.023, 5.8], [2.208, 2.947, 2.224, 0.0, 1.366, 0.909, 0.875, 0.924, 2.05, 2.889, 3.785, 3.344, 3.992, 5.218, 4.819, 4.045, 4.175, 4.281, 3.355, 4.474, 7.547, 9.287, 8.916, 6.809, 5.934, 6.615, 5.594, 4.56, 4.322, 3.806, 4.008, 3.995, 4.388, 4.924, 5.948, 7.142, 6.796, 6.665, 6.336, 5.265, 4.377, 3.595, 4.15, 3.576, 4.137, 4.821, 4.964, 6.241, 6.487, 8.584, 7.61, 4.737, 3.926, 5.217, 5.81, 4.622, 3.999, 4.141, 4.164, 4.38, 5.2, 6.219, 5.501, 4.548, 5.249, 4.986, 3.127, 2.951, 2.371, 2.824, 3.609, 4.854, 5.42, 5.368, 4.759, 4.048, 3.829, 5.569, 4.712, 4.025, 3.799, 3.247, 2.473, 3.085, 4.027, 5.867, 4.319, 2.399, 2.029, 2.872, 2.204, 2.505, 4.276, 7.001, 9.797, 11.43, 9.974, 7.597, 8.795, 10.982, 10.321, 9.539, 10.8, 13.535, 13.621, 12.854, 13.532, 15.299, 16.546, 15.224, 13.486, 12.809, 13.157, 13.317, 13.715, 15.491, 16.083, 14.668, 11.843, 9.544, 10.156, 12.386, 12.382, 9.217, 6.124, 5.722, 6.82, 5.47, 5.314, 4.948, 5.42, 5.573, 3.818, 3.227, 3.385, 3.359, 3.191, 3.182, 2.721, 4.155, 5.005, 5.223, 6.261, 5.14, 4.149], [2.967, 3.772, 3.16, 1.366, 0.0, 1.138, 1.098, 1.245, 2.362, 2.668, 3.178, 2.857, 3.567, 4.442, 4.28, 3.668, 4.125, 4.079, 3.743, 5.284, 8.418, 10.153, 9.782, 7.657, 6.464, 7.251, 6.286, 5.205, 4.613, 4.234, 4.589, 4.422, 4.948, 5.285, 6.375, 7.515, 7.487, 7.19, 6.289, 5.76, 4.845, 3.207, 3.699, 3.134, 3.725, 4.236, 4.075, 5.386, 5.53, 7.638, 6.72, 3.91, 3.106, 4.488, 4.883, 3.683, 2.898, 3.249, 3.322, 3.442, 4.196, 5.273, 4.667, 3.879, 4.332, 3.997, 2.435, 2.898, 2.489, 2.499, 3.218, 4.331, 4.847, 4.77, 4.218, 3.476, 4.489, 6.322, 5.466, 4.852, 4.534, 3.949, 2.619, 2.77, 4.291, 6.34, 4.912, 2.957, 2.793, 3.592, 2.588, 3.074, 5.035, 7.852, 10.773, 12.399, 10.968, 8.381, 9.583, 11.777, 11.14, 10.327, 11.544, 14.262, 14.363, 13.597, 14.31, 16.136, 17.374, 16.083, 14.238, 13.659, 14.071, 14.045, 14.45, 16.266, 16.803, 15.452, 12.679, 10.365, 10.906, 13.149, 12.997, 9.826, 6.143, 5.28, 6.261, 4.917, 4.812, 4.439, 4.979, 5.063, 3.221, 2.715, 2.875, 2.623, 2.644, 2.593, 2.009, 3.585, 4.286, 4.167, 5.314, 4.18, 3.457], [2.473, 3.228, 2.612, 0.909, 1.138, 0.0, 0.784, 0.766, 1.864, 2.655, 3.614, 3.197, 3.813, 4.86, 4.626, 3.82, 4.073, 4.265, 3.439, 4.767, 7.969, 9.677, 9.306, 7.234, 6.164, 6.819, 5.831, 4.893, 4.424, 3.913, 4.15, 4.182, 4.572, 5.138, 6.226, 7.344, 7.104, 6.901, 6.465, 5.461, 4.552, 3.369, 4.047, 3.421, 3.997, 4.681, 4.535, 5.877, 6.219, 8.259, 7.169, 4.262, 3.493, 4.856, 5.467, 4.277, 3.578, 3.749, 3.924, 3.987, 4.749, 5.795, 5.038, 4.213, 4.93, 4.627, 2.82, 3.013, 2.401, 2.774, 3.543, 4.68, 5.253, 5.315, 4.634, 3.861, 4.162, 5.795, 4.865, 4.325, 4.097, 3.607, 2.669, 2.907, 4.114, 6.018, 4.535, 2.569, 2.201, 3.106, 2.187, 2.559, 4.395, 7.179, 10.205, 11.8, 10.407, 7.887, 8.982, 11.134, 10.675, 9.769, 11.046, 13.82, 13.909, 13.172, 13.836, 15.638, 16.897, 15.537, 13.623, 13.089, 13.494, 13.577, 13.81, 15.671, 16.3, 14.717, 11.958, 9.636, 10.257, 12.558, 12.606, 9.469, 6.273, 5.561, 6.64, 5.316, 5.172, 4.714, 5.214, 5.368, 3.59, 3.138, 3.316, 3.135, 3.158, 3.074, 2.386, 3.881, 4.706, 4.76, 5.798, 4.669, 3.817], [2.63, 3.412, 2.802, 0.875, 1.098, 0.784, 0.0, 0.827, 2.129, 2.772, 3.654, 3.38, 3.963, 4.872, 4.818, 4.108, 4.358, 4.534, 3.556, 4.806, 7.963, 9.662, 9.3, 7.231, 6.229, 6.946, 5.926, 4.984, 4.64, 4.154, 4.404, 4.396, 4.793, 5.315, 6.306, 7.564, 7.276, 7.084, 6.559, 5.551, 4.746, 3.683, 4.24, 3.656, 4.254, 4.69, 4.553, 5.808, 6.049, 8.121, 7.181, 4.408, 3.545, 4.851, 5.339, 4.138, 3.491, 3.774, 3.927, 4.06, 4.803, 5.792, 5.056, 4.301, 4.773, 4.486, 2.96, 3.181, 2.556, 2.938, 3.808, 4.927, 5.502, 5.342, 4.828, 4.15, 4.252, 5.867, 4.902, 4.324, 4.211, 3.697, 2.706, 3.14, 4.259, 6.169, 4.626, 2.641, 2.257, 3.229, 2.469, 2.691, 4.475, 7.212, 10.224, 11.828, 10.436, 7.937, 9.082, 11.198, 10.67, 9.803, 11.158, 13.863, 13.976, 13.207, 13.872, 15.692, 16.923, 15.561, 13.808, 13.099, 13.551, 13.617, 13.953, 15.725, 16.38, 14.937, 12.036, 9.788, 10.545, 12.822, 12.857, 9.714, 6.366, 5.853, 6.938, 5.601, 5.467, 5.1, 5.586, 5.557, 3.762, 3.339, 3.45, 3.101, 3.225, 3.12, 2.509, 4.008, 4.75, 4.691, 5.786, 4.677, 3.893], [2.48, 3.377, 2.725, 0.924, 1.245, 0.766, 0.827, 0.0, 1.744, 2.373, 3.314, 3.057, 3.78, 4.787, 4.491, 3.87, 4.165, 4.304, 3.396, 4.706, 7.898, 9.598, 9.235, 7.201, 6.134, 6.831, 5.838, 4.858, 4.463, 3.969, 4.186, 4.154, 4.538, 5.053, 6.211, 7.407, 7.078, 6.896, 6.43, 5.468, 4.55, 3.342, 3.906, 3.312, 3.863, 4.417, 4.382, 5.959, 6.231, 8.309, 7.24, 4.349, 3.457, 4.908, 5.432, 4.199, 3.445, 3.679, 3.709, 3.835, 4.697, 5.756, 5.109, 4.23, 4.912, 4.608, 2.868, 3.086, 2.533, 2.823, 3.628, 4.713, 5.189, 4.997, 4.473, 3.85, 4.12, 5.757, 4.795, 4.269, 4.07, 3.581, 2.627, 2.856, 4.088, 6.003, 4.483, 2.458, 2.269, 3.112, 2.323, 2.644, 4.409, 7.168, 10.16, 11.779, 10.382, 7.855, 8.945, 11.071, 10.6, 9.706, 11.032, 13.794, 13.899, 13.153, 13.779, 15.576, 16.844, 15.439, 13.62, 13.001, 13.462, 13.551, 13.816, 15.599, 16.285, 14.77, 11.948, 9.655, 10.348, 12.633, 12.625, 9.482, 6.282, 5.659, 6.663, 5.303, 5.199, 4.799, 5.202, 5.223, 3.572, 3.154, 3.085, 2.796, 2.866, 2.766, 2.348, 3.701, 4.407, 4.653, 5.844, 4.682, 3.736], [2.38, 3.337, 2.96, 2.05, 2.362, 1.864, 2.129, 1.744, 0.0, 1.696, 2.521, 2.671, 3.094, 4.676, 3.64, 3.202, 3.41, 3.635, 3.107, 4.726, 7.976, 9.676, 9.313, 7.191, 5.778, 6.049, 5.06, 4.282, 3.825, 3.259, 3.464, 3.898, 4.066, 4.765, 5.694, 6.784, 6.434, 6.379, 6.074, 5.029, 3.8, 2.454, 2.712, 2.291, 2.893, 4.182, 4.53, 6.179, 6.595, 8.437, 7.162, 4.123, 3.334, 4.757, 5.447, 4.357, 3.325, 3.659, 3.735, 3.696, 4.531, 5.603, 4.953, 4.113, 5.0, 4.608, 2.979, 3.144, 2.672, 2.483, 2.994, 3.917, 4.232, 4.466, 3.517, 2.967, 3.639, 5.533, 4.479, 4.301, 3.83, 3.515, 2.691, 2.175, 3.509, 5.224, 3.841, 1.905, 2.158, 2.905, 2.221, 2.009, 3.584, 6.933, 10.188, 11.838, 10.445, 7.672, 8.576, 10.92, 10.678, 9.347, 10.497, 13.278, 13.499, 12.848, 13.752, 15.616, 16.839, 15.477, 13.562, 13.007, 13.472, 13.066, 13.231, 15.324, 15.512, 14.037, 11.415, 8.961, 9.428, 11.713, 11.822, 8.727, 5.544, 4.605, 5.639, 4.289, 4.403, 3.949, 4.673, 4.584, 3.657, 2.685, 2.45, 2.331, 2.451, 2.373, 2.163, 3.24, 3.979, 4.56, 5.823, 4.565, 3.459], [3.067, 4.564, 3.996, 2.889, 2.668, 2.655, 2.772, 2.373, 1.696, 0.0, 1.922, 2.305, 2.81, 4.04, 3.188, 3.17, 3.224, 3.575, 3.453, 5.69, 8.939, 10.646, 10.276, 8.153, 6.315, 6.215, 5.601, 4.457, 3.708, 3.118, 3.302, 3.957, 3.976, 4.631, 5.538, 6.615, 6.269, 6.241, 6.176, 5.133, 3.693, 2.0, 2.247, 1.865, 2.405, 3.204, 3.632, 5.378, 6.136, 7.614, 6.211, 3.532, 2.542, 3.952, 4.668, 3.481, 2.355, 2.663, 2.739, 2.64, 3.534, 4.68, 4.143, 3.425, 4.227, 3.844, 2.632, 3.023, 2.612, 2.461, 2.876, 3.627, 3.831, 3.606, 3.048, 2.708, 4.222, 6.441, 5.521, 5.446, 4.986, 4.579, 3.193, 2.183, 3.353, 5.227, 4.312, 2.697, 3.429, 4.194, 3.319, 3.121, 4.523, 7.937, 11.208, 12.799, 11.406, 8.673, 9.379, 11.883, 11.641, 10.303, 11.354, 13.936, 14.125, 13.664, 14.692, 16.564, 17.778, 16.404, 14.425, 13.97, 14.442, 13.905, 14.034, 16.268, 16.25, 14.656, 12.386, 9.713, 9.858, 11.776, 11.525, 8.365, 5.161, 4.165, 5.085, 3.786, 4.038, 3.579, 3.807, 3.939, 3.229, 2.644, 2.202, 1.527, 1.988, 1.69, 1.88, 2.439, 3.072, 3.658, 4.892, 3.787, 2.635], [4.058, 5.366, 4.966, 3.785, 3.178, 3.614, 3.654, 3.314, 2.521, 1.922, 0.0, 1.374, 1.616, 2.909, 2.006, 2.794, 4.076, 3.853, 4.409, 6.7, 9.944, 11.643, 11.281, 9.158, 7.318, 7.105, 6.58, 5.405, 4.708, 4.222, 4.575, 5.188, 5.076, 5.157, 6.426, 7.637, 7.085, 7.252, 6.651, 6.156, 4.775, 2.355, 1.435, 1.659, 1.677, 2.489, 2.926, 4.581, 5.685, 6.44, 5.411, 2.503, 1.573, 2.812, 3.284, 2.213, 1.831, 2.087, 1.867, 1.808, 2.756, 3.555, 3.128, 2.398, 2.919, 2.498, 1.568, 2.336, 2.245, 2.266, 2.351, 2.61, 2.688, 2.592, 2.024, 2.087, 5.105, 7.445, 6.396, 6.398, 5.769, 5.248, 3.656, 2.024, 3.476, 6.009, 5.212, 3.316, 4.058, 4.988, 3.975, 3.693, 5.504, 9.011, 12.201, 13.848, 12.455, 9.666, 10.502, 12.893, 12.646, 11.308, 12.372, 14.963, 15.133, 14.673, 15.718, 17.597, 18.828, 17.468, 15.644, 14.975, 15.474, 14.909, 15.169, 17.318, 17.199, 15.937, 13.44, 10.87, 11.261, 12.993, 12.599, 9.11, 4.716, 3.106, 4.047, 2.752, 2.947, 2.551, 2.872, 2.734, 2.172, 2.072, 1.508, 1.468, 1.599, 1.515, 1.526, 1.63, 2.057, 2.72, 3.952, 3.121, 1.818], [4.0, 5.266, 4.802, 3.344, 2.857, 3.197, 3.38, 3.057, 2.671, 2.305, 1.374, 0.0, 1.234, 2.523, 1.917, 3.029, 4.352, 4.081, 4.586, 6.781, 10.015, 11.716, 11.353, 9.229, 7.389, 7.577, 6.788, 5.718, 5.16, 4.682, 4.982, 5.407, 5.256, 5.438, 6.604, 7.927, 7.532, 7.481, 6.846, 6.376, 5.09, 2.816, 1.858, 1.948, 1.841, 2.548, 2.76, 4.177, 4.998, 6.115, 5.195, 2.239, 1.612, 2.74, 3.059, 2.077, 1.826, 1.948, 1.72, 2.062, 2.856, 3.661, 2.915, 2.117, 2.681, 2.268, 1.637, 2.212, 2.116, 2.218, 2.398, 2.712, 2.902, 2.942, 2.224, 2.253, 5.287, 7.548, 6.467, 6.324, 5.843, 5.095, 3.353, 2.079, 3.809, 6.288, 5.392, 3.281, 3.853, 4.886, 3.828, 3.526, 5.548, 9.198, 12.362, 14.012, 12.616, 9.764, 10.67, 13.08, 12.718, 11.437, 12.459, 15.048, 15.218, 14.759, 15.805, 17.684, 18.92, 17.62, 15.863, 15.129, 15.632, 15.031, 15.398, 17.469, 17.507, 16.256, 13.7, 11.131, 11.656, 13.44, 13.057, 9.667, 5.262, 3.602, 4.276, 3.083, 3.224, 2.809, 2.886, 2.944, 2.172, 2.177, 1.5, 1.557, 1.722, 1.657, 1.431, 1.647, 2.35, 2.568, 3.863, 2.904, 1.69], [4.757, 5.95, 5.531, 3.992, 3.567, 3.813, 3.963, 3.78, 3.094, 2.81, 1.616, 1.234, 0.0, 1.999, 1.327, 3.341, 4.918, 4.614, 5.322, 7.61, 10.854, 12.554, 12.191, 10.068, 8.228, 8.133, 7.5, 6.395, 5.651, 5.136, 5.488, 6.088, 6.007, 6.096, 7.323, 8.478, 8.148, 8.152, 7.583, 7.072, 5.578, 3.237, 2.031, 2.395, 1.793, 2.112, 2.658, 3.557, 5.014, 5.499, 4.383, 1.544, 1.367, 2.055, 2.851, 1.966, 2.179, 1.98, 1.926, 1.993, 2.246, 2.949, 2.146, 1.474, 2.261, 1.962, 2.082, 2.681, 2.638, 2.857, 3.132, 3.027, 2.544, 2.543, 2.223, 2.636, 6.029, 8.356, 7.306, 7.163, 6.644, 5.836, 4.119, 2.809, 4.425, 6.927, 6.043, 4.003, 4.655, 5.715, 4.527, 4.182, 6.23, 9.883, 13.132, 14.782, 13.39, 10.569, 11.402, 13.818, 13.556, 12.218, 13.282, 15.876, 16.047, 15.586, 16.631, 18.51, 19.736, 18.374, 16.524, 15.905, 16.408, 15.82, 16.068, 18.223, 18.181, 16.801, 14.358, 11.77, 12.102, 13.862, 13.485, 10.099, 5.645, 3.459, 3.79, 2.955, 3.201, 2.514, 2.342, 2.252, 2.3, 2.821, 2.004, 2.258, 2.517, 2.449, 1.975, 1.298, 1.688, 2.042, 3.078, 2.169, 1.411], [6.132, 7.373, 6.928, 5.218, 4.442, 4.86, 4.872, 4.787, 4.676, 4.04, 2.909, 2.523, 1.999, 0.0, 1.738, 4.78, 6.451, 6.16, 6.712, 8.924, 12.148, 13.858, 13.485, 11.367, 9.526, 9.704, 8.971, 7.923, 7.27, 6.797, 7.087, 7.49, 7.438, 7.476, 8.735, 10.016, 9.689, 9.624, 8.99, 8.464, 7.191, 4.944, 3.585, 3.872, 3.115, 1.806, 1.986, 2.813, 4.292, 4.116, 3.053, 1.819, 2.335, 2.439, 2.769, 2.327, 2.864, 2.493, 2.6, 2.55, 2.356, 2.316, 1.992, 1.554, 2.514, 2.303, 3.173, 3.953, 3.846, 4.258, 4.503, 4.173, 2.821, 2.257, 3.356, 4.074, 7.395, 9.665, 8.6, 8.457, 7.986, 7.247, 5.491, 4.201, 6.057, 8.486, 7.465, 5.478, 5.969, 7.01, 5.941, 5.731, 7.72, 11.28, 14.5, 16.153, 14.758, 11.891, 12.794, 15.196, 14.85, 13.58, 14.613, 17.203, 17.352, 16.891, 17.938, 19.817, 21.044, 19.754, 17.925, 17.272, 17.775, 17.174, 17.474, 19.621, 19.675, 18.36, 15.815, 13.234, 13.756, 15.605, 15.18, 11.863, 7.407, 5.014, 4.195, 4.287, 4.245, 3.57, 2.403, 2.53, 3.054, 4.101, 3.286, 3.154, 3.589, 3.453, 2.949, 2.22, 1.643, 1.247, 1.751, 1.834, 2.012], [4.936, 6.315, 5.809, 4.819, 4.28, 4.626, 4.818, 4.491, 3.64, 3.188, 2.006, 1.917, 1.327, 1.738, 0.0, 3.346, 4.949, 4.668, 5.335, 7.636, 10.88, 12.579, 12.217, 10.094, 8.254, 8.242, 7.556, 6.468, 5.746, 5.257, 5.559, 6.089, 6.019, 6.091, 7.346, 8.506, 8.21, 8.153, 7.595, 7.076, 5.675, 3.407, 2.159, 2.463, 1.855, 1.613, 2.351, 3.598, 5.27, 5.405, 4.365, 1.765, 2.171, 2.43, 3.073, 2.328, 2.639, 2.275, 2.246, 2.16, 2.297, 2.667, 2.186, 1.701, 2.605, 2.465, 2.668, 3.009, 3.08, 3.145, 3.234, 2.878, 1.96, 2.045, 1.987, 2.712, 6.041, 8.382, 7.332, 7.341, 6.732, 6.168, 4.418, 2.965, 4.518, 6.972, 6.066, 4.241, 4.979, 5.935, 4.906, 4.705, 6.391, 9.894, 13.14, 14.79, 13.397, 10.599, 11.425, 13.831, 13.582, 12.244, 13.31, 15.9, 16.07, 15.61, 16.655, 18.534, 19.759, 18.404, 16.539, 15.912, 16.415, 15.846, 16.074, 18.246, 18.278, 16.877, 14.39, 11.785, 12.229, 14.026, 13.623, 10.229, 5.795, 3.489, 2.919, 2.839, 2.971, 2.215, 1.808, 1.948, 2.413, 2.98, 2.253, 2.638, 2.899, 2.647, 2.461, 1.836, 1.385, 1.534, 3.051, 2.258, 1.904], [2.944, 3.966, 3.817, 4.045, 3.668, 3.82, 4.108, 3.87, 3.202, 3.17, 2.794, 3.029, 3.341, 4.78, 3.346, 0.0, 1.984, 1.669, 2.415, 4.454, 7.696, 9.394, 9.032, 6.909, 5.169, 5.447, 4.667, 3.737, 2.78, 2.327, 2.708, 2.921, 3.072, 3.116, 4.512, 5.517, 5.38, 5.186, 4.494, 4.027, 2.825, 1.917, 1.949, 1.99, 2.168, 3.722, 4.566, 6.286, 6.958, 8.597, 7.443, 4.371, 3.656, 5.049, 5.658, 4.409, 3.689, 3.595, 3.618, 3.76, 4.681, 5.801, 5.253, 4.25, 5.203, 4.859, 3.364, 2.977, 2.909, 1.909, 1.815, 1.891, 2.969, 3.655, 2.251, 1.456, 3.201, 5.196, 4.327, 4.668, 4.181, 3.823, 2.801, 1.988, 2.493, 4.408, 3.291, 2.667, 3.021, 3.363, 2.611, 2.81, 3.836, 6.855, 9.934, 11.578, 10.185, 7.403, 8.21, 10.654, 10.397, 9.149, 10.216, 12.86, 12.987, 12.507, 13.466, 15.336, 16.56, 15.183, 13.26, 12.726, 13.214, 12.753, 12.946, 15.138, 15.308, 13.834, 11.28, 8.682, 9.162, 11.243, 10.853, 7.688, 3.452, 2.298, 3.38, 2.132, 2.096, 2.099, 3.893, 4.15, 2.693, 1.731, 2.094, 3.036, 2.555, 2.608, 2.551, 3.504, 4.092, 4.608, 6.05, 4.838, 3.706], [2.958, 3.589, 3.576, 4.175, 4.125, 4.073, 4.358, 4.165, 3.41, 3.224, 4.076, 4.352, 4.918, 6.451, 4.949, 1.984, 0.0, 1.133, 1.517, 3.224, 6.188, 7.903, 7.533, 5.399, 3.55, 3.719, 3.004, 2.018, 1.384, 1.183, 1.512, 1.724, 1.585, 1.977, 2.84, 3.884, 3.717, 3.555, 3.244, 2.394, 1.477, 2.277, 3.254, 2.941, 3.62, 5.338, 6.193, 7.891, 8.471, 10.158, 8.989, 5.916, 5.154, 6.611, 7.287, 6.012, 4.861, 5.027, 5.092, 5.151, 6.168, 7.337, 6.798, 5.861, 6.818, 6.479, 4.489, 3.808, 3.697, 2.679, 2.498, 2.905, 4.523, 5.039, 3.648, 2.735, 2.354, 3.872, 3.56, 4.174, 3.753, 3.507, 2.925, 2.661, 1.811, 2.998, 2.301, 2.806, 3.235, 3.144, 2.405, 2.556, 2.601, 5.366, 8.442, 10.079, 8.621, 5.92, 6.658, 9.12, 8.875, 7.53, 8.585, 11.178, 11.365, 10.88, 11.932, 13.793, 15.015, 13.647, 11.701, 11.201, 11.652, 11.122, 11.283, 13.492, 13.586, 12.059, 9.669, 7.001, 7.381, 9.361, 9.139, 5.967, 2.694, 2.916, 3.951, 2.712, 2.815, 3.584, 5.281, 5.603, 4.085, 2.742, 3.697, 3.867, 3.641, 3.565, 3.604, 4.998, 5.717, 6.19, 7.627, 6.397, 5.243], [3.024, 3.906, 3.785, 4.281, 4.079, 4.265, 4.534, 4.304, 3.635, 3.575, 3.853, 4.081, 4.614, 6.16, 4.668, 1.669, 1.133, 0.0, 1.458, 3.46, 6.503, 8.171, 7.801, 5.668, 3.817, 4.047, 3.287, 2.39, 1.699, 1.551, 1.805, 2.046, 2.106, 2.26, 3.087, 4.083, 4.098, 3.882, 3.236, 2.829, 1.935, 2.224, 2.975, 2.799, 3.372, 5.109, 5.971, 7.684, 8.156, 9.875, 8.748, 5.691, 4.932, 6.383, 6.992, 5.741, 4.661, 4.663, 4.706, 4.84, 5.878, 7.126, 6.568, 5.579, 6.54, 6.17, 4.312, 3.457, 3.588, 2.665, 2.4, 2.717, 4.238, 4.703, 3.299, 2.357, 2.631, 4.16, 4.064, 4.566, 4.112, 3.822, 2.925, 2.697, 2.267, 3.448, 2.705, 2.925, 3.206, 3.252, 2.782, 2.759, 3.078, 5.763, 8.754, 10.346, 8.946, 6.165, 6.861, 9.402, 9.146, 7.794, 8.818, 11.456, 11.667, 11.14, 12.154, 14.028, 15.242, 13.862, 11.949, 11.484, 11.969, 11.363, 11.562, 13.752, 13.814, 12.396, 9.986, 7.372, 7.753, 9.763, 9.52, 6.321, 2.617, 2.495, 3.434, 2.436, 2.731, 3.293, 4.968, 5.34, 3.819, 2.514, 3.35, 3.819, 3.484, 3.418, 3.391, 4.759, 5.452, 5.981, 7.409, 6.183, 5.029], [2.485, 3.282, 3.146, 3.355, 3.743, 3.439, 3.556, 3.396, 3.107, 3.453, 4.409, 4.586, 5.322, 6.712, 5.335, 2.415, 1.517, 1.458, 0.0, 2.574, 5.675, 7.383, 7.013, 4.872, 3.147, 3.826, 2.83, 2.049, 1.871, 1.589, 1.818, 1.771, 1.888, 2.139, 2.983, 4.337, 4.051, 3.945, 3.333, 2.409, 2.07, 2.657, 3.615, 3.239, 4.017, 5.531, 6.578, 8.265, 8.458, 10.443, 9.564, 6.502, 5.743, 7.147, 7.543, 6.257, 5.358, 5.373, 5.332, 5.607, 6.719, 7.906, 7.371, 6.281, 7.103, 6.755, 4.646, 3.83, 3.534, 2.88, 2.653, 3.13, 4.741, 5.217, 3.866, 2.9, 2.157, 3.476, 3.301, 3.77, 3.341, 3.094, 2.674, 2.721, 2.228, 3.395, 2.465, 2.211, 2.323, 2.518, 1.985, 1.927, 2.592, 5.031, 7.912, 9.516, 8.093, 5.375, 6.193, 8.648, 8.358, 7.006, 8.029, 10.733, 10.933, 10.306, 11.328, 13.206, 14.426, 13.085, 11.33, 10.671, 11.17, 10.628, 11.026, 13.119, 13.3, 12.068, 9.41, 6.98, 7.556, 9.622, 9.654, 6.473, 3.047, 3.096, 4.066, 3.067, 3.25, 4.041, 5.726, 6.124, 4.319, 2.853, 3.691, 4.008, 3.696, 3.597, 3.957, 5.569, 6.171, 6.667, 8.162, 6.968, 5.734], [3.043, 2.365, 2.61, 4.474, 5.284, 4.767, 4.806, 4.706, 4.726, 5.69, 6.7, 6.781, 7.61, 8.924, 7.636, 4.454, 3.224, 3.46, 2.574, 0.0, 3.456, 5.119, 4.736, 2.971, 3.286, 3.691, 2.443, 2.651, 2.805, 2.964, 2.661, 2.172, 2.334, 2.883, 3.058, 4.249, 4.055, 3.864, 4.084, 3.388, 2.646, 4.888, 5.833, 5.44, 6.253, 7.685, 8.845, 10.504, 10.386, 12.687, 11.88, 8.803, 8.054, 9.459, 9.726, 8.463, 7.622, 7.596, 7.577, 7.93, 9.02, 10.222, 9.66, 8.587, 9.358, 8.915, 6.88, 5.848, 5.491, 4.874, 4.622, 5.162, 6.881, 7.265, 5.874, 4.979, 1.85, 1.62, 1.826, 1.597, 1.759, 2.404, 3.711, 4.953, 3.838, 3.097, 2.405, 3.692, 3.037, 2.232, 3.183, 3.525, 2.307, 3.404, 5.953, 7.506, 5.956, 3.672, 4.796, 6.787, 6.088, 5.196, 6.782, 9.277, 9.324, 8.585, 9.114, 10.933, 12.203, 10.983, 9.333, 8.508, 8.998, 9.31, 9.666, 11.272, 11.972, 10.669, 7.758, 5.782, 6.87, 8.87, 9.152, 6.192, 4.185, 5.335, 6.341, 5.174, 5.303, 6.233, 7.88, 8.35, 6.521, 4.825, 5.691, 6.114, 5.589, 5.546, 6.254, 7.884, 8.469, 8.961, 10.478, 9.283, 8.041], [6.252, 5.078, 5.642, 7.547, 8.418, 7.969, 7.963, 7.898, 7.976, 8.939, 9.944, 10.015, 10.854, 12.148, 10.88, 7.696, 6.188, 6.503, 5.675, 3.456, 0.0, 1.962, 1.768, 2.599, 4.448, 4.356, 3.753, 4.844, 5.676, 6.167, 5.877, 5.289, 5.438, 5.438, 4.589, 5.253, 5.519, 5.344, 5.311, 4.845, 5.531, 8.138, 9.082, 8.701, 9.502, 10.929, 12.094, 13.756, 13.562, 15.931, 15.138, 12.062, 11.304, 12.711, 12.953, 11.707, 10.868, 10.955, 10.868, 11.213, 12.304, 13.482, 12.924, 11.832, 12.602, 12.117, 10.123, 9.103, 8.742, 8.13, 7.84, 8.321, 10.125, 10.527, 9.115, 8.275, 5.018, 2.779, 3.564, 3.758, 4.209, 5.152, 6.844, 8.197, 6.771, 4.435, 4.924, 6.933, 6.224, 5.254, 6.4, 6.751, 4.792, 2.616, 3.12, 4.295, 2.98, 2.89, 3.15, 4.399, 3.552, 3.807, 5.315, 7.331, 7.211, 6.318, 6.71, 8.212, 9.602, 8.739, 7.007, 6.246, 6.737, 7.759, 7.905, 8.937, 9.914, 8.444, 5.321, 4.285, 5.862, 7.772, 8.083, 6.25, 6.875, 8.195, 9.061, 8.239, 8.45, 9.509, 11.176, 11.593, 9.745, 8.047, 8.891, 9.303, 8.657, 8.79, 9.498, 11.131, 11.718, 12.209, 13.726, 12.532, 11.302], [7.966, 6.818, 7.382, 9.287, 10.153, 9.677, 9.662, 9.598, 9.676, 10.646, 11.643, 11.716, 12.554, 13.858, 12.579, 9.394, 7.903, 8.171, 7.383, 5.119, 1.962, 0.0, 1.317, 2.984, 4.641, 4.929, 5.144, 6.417, 7.369, 7.899, 7.611, 6.891, 7.007, 6.965, 5.799, 5.679, 5.946, 5.757, 5.766, 5.748, 7.238, 9.832, 10.798, 10.382, 11.202, 12.654, 13.794, 15.455, 15.306, 17.654, 16.837, 13.762, 13.003, 14.411, 14.661, 13.407, 12.568, 12.66, 12.601, 12.953, 14.044, 15.181, 14.624, 13.532, 14.301, 13.85, 11.839, 10.843, 10.474, 9.816, 9.569, 10.09, 11.832, 12.236, 10.809, 9.955, 6.65, 4.312, 5.272, 5.433, 5.909, 6.789, 8.518, 9.897, 8.47, 5.82, 6.613, 8.633, 7.972, 6.889, 8.1, 8.45, 6.49, 3.082, 1.974, 2.639, 1.898, 2.76, 2.726, 3.113, 2.835, 3.346, 4.636, 6.295, 6.245, 5.133, 5.316, 6.624, 7.962, 7.46, 5.794, 5.068, 5.765, 6.993, 6.995, 7.823, 8.731, 7.233, 4.081, 3.788, 5.182, 7.029, 7.335, 6.178, 7.932, 9.541, 10.691, 9.966, 10.186, 11.249, 12.897, 13.28, 11.437, 9.781, 10.617, 11.039, 10.349, 10.489, 11.198, 12.831, 13.418, 13.909, 15.426, 14.232, 13.002], [7.595, 6.448, 7.011, 8.916, 9.782, 9.306, 9.3, 9.235, 9.313, 10.276, 11.281, 11.353, 12.191, 13.485, 12.217, 9.032, 7.533, 7.801, 7.013, 4.736, 1.768, 1.317, 0.0, 2.306, 4.323, 4.634, 4.774, 6.048, 7.0, 7.528, 7.24, 6.49, 6.625, 6.566, 5.401, 4.899, 5.241, 4.791, 5.005, 5.293, 6.868, 9.469, 10.427, 10.019, 10.84, 12.284, 13.432, 15.093, 14.909, 17.284, 16.475, 13.4, 12.641, 14.049, 14.291, 13.045, 12.206, 12.292, 12.23, 12.583, 13.673, 14.819, 14.262, 13.17, 13.939, 13.454, 11.469, 10.473, 10.103, 9.453, 9.216, 9.691, 11.463, 11.866, 10.392, 9.588, 6.28, 3.947, 4.885, 5.149, 5.552, 6.461, 8.184, 9.535, 8.108, 5.455, 6.251, 8.271, 7.575, 6.548, 7.738, 8.088, 6.128, 2.793, 2.167, 3.085, 2.136, 2.338, 2.35, 3.235, 2.673, 2.864, 4.324, 6.228, 6.188, 5.087, 5.386, 6.849, 8.213, 7.477, 5.778, 5.063, 5.705, 6.892, 6.947, 7.895, 8.717, 7.216, 4.129, 3.357, 4.923, 6.892, 7.119, 5.431, 7.574, 9.204, 10.321, 9.595, 9.815, 10.878, 12.526, 12.918, 11.074, 9.397, 10.223, 10.644, 9.985, 10.127, 10.835, 12.468, 13.056, 13.546, 15.064, 13.869, 12.64], [5.466, 4.323, 4.886, 6.809, 7.657, 7.234, 7.231, 7.201, 7.191, 8.153, 9.158, 9.229, 10.068, 11.367, 10.094, 6.909, 5.399, 5.668, 4.872, 2.971, 2.599, 2.984, 2.306, 0.0, 2.398, 2.718, 2.671, 3.937, 4.903, 5.409, 5.107, 4.437, 4.582, 4.532, 3.379, 3.225, 3.637, 3.215, 3.171, 3.158, 4.731, 7.346, 8.303, 7.908, 8.717, 10.15, 11.309, 12.97, 12.818, 15.15, 14.352, 11.276, 10.518, 11.926, 12.169, 10.921, 10.083, 10.153, 10.097, 10.449, 11.54, 12.696, 12.139, 11.046, 11.816, 11.358, 9.338, 8.339, 7.97, 7.33, 7.093, 7.603, 9.34, 9.725, 8.358, 7.457, 4.159, 2.822, 3.645, 3.714, 3.496, 4.349, 6.072, 7.412, 5.985, 3.331, 4.128, 6.15, 5.497, 4.456, 5.614, 5.965, 4.023, 1.865, 3.792, 5.035, 3.576, 1.566, 2.844, 4.851, 3.965, 3.237, 4.66, 7.245, 7.205, 6.439, 7.137, 8.791, 10.142, 9.03, 7.459, 6.538, 6.833, 7.126, 7.685, 9.373, 9.953, 8.717, 5.785, 3.648, 4.566, 6.752, 7.048, 4.14, 5.72, 7.195, 8.21, 7.462, 7.682, 8.745, 10.422, 10.795, 8.951, 7.274, 8.137, 8.561, 7.895, 8.004, 8.712, 10.345, 10.932, 11.423, 12.941, 11.746, 10.517], [4.209, 4.557, 4.737, 5.934, 6.464, 6.164, 6.229, 6.134, 5.778, 6.315, 7.318, 7.389, 8.228, 9.526, 8.254, 5.169, 3.55, 3.817, 3.147, 3.286, 4.448, 4.641, 4.323, 2.398, 0.0, 1.951, 2.057, 2.281, 3.049, 3.579, 3.449, 3.072, 3.017, 2.822, 2.025, 2.51, 2.34, 2.093, 1.41, 1.378, 3.109, 5.506, 6.451, 6.069, 6.877, 8.336, 9.469, 11.143, 11.128, 13.305, 12.512, 9.436, 8.678, 10.086, 10.328, 9.081, 8.243, 8.305, 8.247, 8.6, 9.69, 10.856, 10.299, 9.206, 9.976, 9.501, 7.498, 6.503, 6.191, 5.558, 5.359, 5.744, 7.5, 7.904, 6.471, 5.613, 3.183, 3.746, 3.928, 4.497, 4.073, 4.2, 4.536, 5.592, 4.193, 2.752, 3.262, 4.731, 4.368, 4.008, 4.393, 4.44, 3.489, 2.946, 5.309, 6.872, 5.361, 2.73, 3.596, 5.895, 5.346, 4.125, 5.197, 7.868, 8.089, 7.421, 8.44, 10.302, 11.573, 10.331, 8.618, 7.762, 8.273, 7.782, 8.343, 10.307, 10.556, 9.368, 6.613, 4.354, 4.917, 7.05, 7.026, 3.932, 3.828, 5.259, 6.347, 5.612, 5.832, 6.899, 8.551, 8.96, 7.118, 5.467, 6.339, 6.69, 6.355, 6.348, 6.872, 8.505, 9.092, 9.583, 11.101, 9.906, 8.677], [4.746, 4.51, 5.069, 6.615, 7.251, 6.819, 6.946, 6.831, 6.049, 6.215, 7.105, 7.577, 8.133, 9.704, 8.242, 5.447, 3.719, 4.047, 3.826, 3.691, 4.356, 4.929, 4.634, 2.718, 1.951, 0.0, 1.605, 2.318, 3.038, 3.46, 3.181, 3.289, 3.167, 3.185, 1.886, 2.044, 1.783, 2.089, 2.591, 2.085, 2.93, 5.24, 6.347, 6.099, 6.841, 8.759, 9.653, 11.315, 11.89, 13.373, 12.295, 9.168, 8.34, 9.741, 10.28, 9.2, 8.143, 8.255, 8.288, 8.367, 9.451, 10.511, 10.029, 9.17, 9.906, 9.441, 7.392, 6.527, 6.241, 5.87, 5.864, 6.152, 7.791, 8.231, 6.789, 5.947, 3.376, 3.598, 4.25, 4.875, 4.178, 4.544, 5.335, 5.909, 4.082, 1.894, 3.163, 4.972, 5.123, 4.734, 5.132, 4.795, 3.413, 2.893, 5.601, 7.096, 5.66, 2.88, 3.576, 6.009, 5.737, 4.396, 5.459, 8.04, 8.252, 7.783, 8.803, 10.661, 11.886, 10.524, 8.639, 8.092, 8.601, 7.997, 8.177, 10.337, 10.235, 8.932, 6.593, 4.107, 4.391, 6.185, 6.224, 2.925, 3.34, 5.083, 6.383, 5.603, 5.991, 6.91, 8.475, 8.736, 7.332, 6.139, 7.082, 7.176, 6.945, 6.922, 7.032, 8.219, 8.837, 9.607, 10.804, 9.838, 8.632], [3.69, 3.517, 3.884, 5.594, 6.286, 5.831, 5.926, 5.838, 5.06, 5.601, 6.58, 6.788, 7.5, 8.971, 7.556, 4.667, 3.004, 3.287, 2.83, 2.443, 3.753, 5.144, 4.774, 2.671, 2.057, 1.605, 0.0, 1.58, 2.494, 2.898, 2.626, 2.61, 2.486, 2.57, 1.67, 2.536, 2.342, 2.3, 2.535, 1.675, 2.2, 4.773, 5.77, 5.47, 6.196, 7.904, 8.872, 10.579, 10.846, 12.627, 11.77, 8.694, 7.936, 9.343, 9.693, 8.493, 7.524, 7.595, 7.59, 7.831, 8.92, 10.114, 9.557, 8.492, 9.285, 8.899, 6.771, 5.828, 5.509, 5.061, 4.946, 5.358, 6.956, 7.465, 6.099, 5.09, 2.498, 2.749, 2.964, 3.479, 2.961, 3.431, 4.232, 5.025, 3.48, 1.433, 2.108, 3.846, 4.011, 3.471, 4.001, 3.723, 2.07, 2.727, 5.784, 7.365, 5.951, 3.252, 4.01, 6.388, 6.119, 4.755, 5.911, 8.481, 8.686, 8.135, 9.161, 11.027, 12.263, 10.918, 9.128, 8.442, 8.938, 8.387, 8.699, 10.804, 10.837, 9.596, 7.023, 4.553, 5.192, 7.228, 7.396, 4.321, 3.759, 5.067, 5.936, 4.998, 5.243, 6.242, 7.954, 8.337, 6.657, 5.203, 6.068, 6.255, 6.07, 6.02, 6.22, 7.763, 8.35, 8.922, 10.358, 9.182, 7.982], [2.956, 3.27, 3.47, 4.56, 5.205, 4.893, 4.984, 4.858, 4.282, 4.457, 5.405, 5.718, 6.395, 7.923, 6.468, 3.737, 2.018, 2.39, 2.049, 2.651, 4.844, 6.417, 6.048, 3.937, 2.281, 2.318, 1.58, 0.0, 1.43, 1.833, 1.8, 1.936, 1.71, 2.019, 1.861, 2.987, 2.435, 2.508, 2.537, 1.607, 1.405, 3.606, 4.579, 4.406, 5.044, 6.805, 7.752, 9.417, 9.856, 11.488, 10.583, 7.464, 6.711, 8.106, 8.558, 7.289, 6.415, 6.403, 6.537, 6.654, 7.725, 8.873, 8.327, 7.381, 8.082, 7.777, 5.651, 4.623, 4.412, 3.942, 3.814, 4.249, 5.917, 6.382, 5.062, 4.029, 2.126, 3.246, 3.091, 3.567, 3.129, 3.098, 3.298, 3.857, 2.297, 1.85, 1.922, 3.143, 3.402, 3.062, 3.153, 2.905, 2.119, 3.95, 7.019, 8.597, 7.141, 4.468, 5.246, 7.683, 7.395, 6.011, 7.111, 9.698, 9.922, 9.389, 10.414, 12.254, 13.499, 12.134, 10.368, 9.697, 10.157, 9.624, 9.935, 12.029, 12.017, 10.741, 8.292, 5.801, 6.216, 8.128, 8.038, 4.846, 2.926, 4.06, 5.172, 4.005, 4.185, 5.15, 6.773, 7.183, 5.595, 4.255, 5.088, 5.234, 5.023, 5.016, 5.208, 6.559, 7.131, 7.814, 9.141, 8.078, 6.838], [2.871, 3.306, 3.322, 4.322, 4.613, 4.424, 4.64, 4.463, 3.825, 3.708, 4.708, 5.16, 5.651, 7.27, 5.746, 2.78, 1.384, 1.699, 1.871, 2.805, 5.676, 7.369, 7.0, 4.903, 3.049, 3.038, 2.494, 1.43, 0.0, 0.92, 1.22, 1.412, 1.366, 1.784, 2.372, 3.343, 3.104, 3.095, 2.935, 2.083, 1.189, 2.695, 3.871, 3.483, 4.322, 6.179, 6.964, 8.697, 9.318, 10.948, 9.56, 6.562, 5.769, 7.206, 7.949, 6.797, 5.595, 5.66, 5.823, 5.808, 6.744, 7.944, 7.408, 6.641, 7.538, 7.12, 5.02, 4.016, 3.97, 3.331, 3.282, 3.772, 5.345, 5.852, 4.352, 3.443, 1.973, 3.343, 3.11, 3.759, 3.314, 3.215, 2.948, 3.3, 2.048, 2.623, 2.252, 2.982, 3.275, 3.061, 2.903, 2.835, 2.39, 4.908, 7.995, 9.555, 8.107, 5.426, 6.102, 8.568, 8.344, 6.978, 8.033, 10.647, 10.867, 10.352, 11.379, 13.229, 14.452, 13.077, 11.109, 10.649, 11.109, 10.576, 10.7, 12.935, 12.855, 11.357, 9.088, 6.517, 6.707, 8.708, 8.476, 5.291, 2.354, 3.503, 4.737, 3.424, 3.695, 4.375, 5.879, 6.24, 4.897, 3.57, 4.522, 4.659, 4.487, 4.408, 4.432, 5.635, 6.361, 7.051, 8.244, 7.088, 5.99], [2.525, 3.105, 3.041, 3.806, 4.234, 3.913, 4.154, 3.969, 3.259, 3.118, 4.222, 4.682, 5.136, 6.797, 5.257, 2.327, 1.183, 1.551, 1.589, 2.964, 6.167, 7.899, 7.528, 5.409, 3.579, 3.46, 2.898, 1.833, 0.92, 0.0, 0.932, 1.498, 1.582, 2.099, 2.813, 3.798, 3.547, 3.579, 3.597, 2.423, 1.378, 2.186, 3.416, 3.078, 3.839, 5.742, 6.5, 8.242, 8.841, 10.456, 9.075, 6.062, 5.238, 6.684, 7.444, 6.296, 5.113, 5.268, 5.386, 5.309, 6.256, 7.432, 6.918, 6.172, 7.025, 6.615, 4.511, 3.684, 3.391, 2.92, 2.875, 3.329, 4.904, 5.432, 3.992, 3.039, 1.988, 3.715, 3.398, 3.824, 3.336, 3.096, 2.698, 2.855, 1.807, 2.946, 2.293, 2.425, 2.813, 2.781, 2.47, 2.366, 2.477, 5.33, 8.432, 10.058, 8.598, 5.891, 6.622, 9.115, 8.871, 7.525, 8.576, 11.159, 11.376, 10.849, 11.91, 13.759, 14.97, 13.608, 11.639, 11.196, 11.641, 11.093, 11.247, 13.482, 13.36, 11.868, 9.62, 6.971, 7.163, 9.109, 8.896, 5.711, 2.53, 3.215, 4.475, 3.094, 3.366, 3.887, 5.447, 5.776, 4.449, 3.125, 4.088, 4.199, 4.039, 3.965, 3.987, 5.117, 5.849, 6.579, 7.73, 6.604, 5.534], [2.247, 2.814, 2.714, 4.008, 4.589, 4.15, 4.404, 4.186, 3.464, 3.302, 4.575, 4.982, 5.488, 7.087, 5.559, 2.708, 1.512, 1.805, 1.818, 2.661, 5.877, 7.611, 7.24, 5.107, 3.449, 3.181, 2.626, 1.8, 1.22, 0.932, 0.0, 1.414, 1.445, 2.074, 2.636, 3.609, 3.302, 3.318, 3.659, 2.551, 1.183, 2.514, 3.815, 3.425, 4.195, 6.044, 6.808, 8.537, 9.21, 10.771, 9.368, 6.378, 5.588, 7.059, 7.814, 6.63, 5.429, 5.527, 5.664, 5.587, 6.544, 7.784, 7.208, 6.451, 7.386, 6.985, 4.862, 3.818, 3.588, 3.214, 3.2, 3.664, 5.19, 5.728, 4.361, 3.434, 1.72, 3.506, 3.169, 3.573, 3.057, 2.838, 2.771, 3.166, 2.099, 2.512, 2.051, 2.508, 2.792, 2.564, 2.672, 2.595, 2.232, 4.974, 8.065, 9.712, 8.293, 5.571, 6.302, 8.828, 8.583, 7.237, 8.264, 10.826, 11.047, 10.557, 11.589, 13.452, 14.661, 13.277, 11.324, 10.908, 11.354, 10.806, 10.959, 13.195, 13.124, 11.577, 9.324, 6.672, 6.788, 8.687, 8.498, 5.362, 2.62, 3.582, 4.791, 3.471, 3.742, 4.198, 5.853, 6.17, 4.766, 3.521, 4.447, 4.525, 4.337, 4.293, 4.312, 5.453, 6.218, 6.807, 8.039, 6.926, 5.783], [2.345, 2.511, 2.769, 3.995, 4.422, 4.182, 4.396, 4.154, 3.898, 3.957, 5.188, 5.407, 6.088, 7.49, 6.089, 2.921, 1.724, 2.046, 1.771, 2.172, 5.289, 6.891, 6.49, 4.437, 3.072, 3.289, 2.61, 1.936, 1.412, 1.498, 1.414, 0.0, 1.03, 1.68, 2.4, 3.35, 3.21, 3.124, 3.203, 2.488, 1.567, 3.18, 4.32, 3.847, 4.662, 6.222, 7.081, 8.825, 9.2, 11.18, 10.095, 7.104, 6.294, 7.776, 8.362, 6.991, 6.011, 6.02, 6.09, 6.25, 7.288, 8.513, 7.969, 6.945, 7.86, 7.573, 5.424, 4.215, 4.059, 3.294, 3.273, 3.894, 5.513, 6.027, 4.516, 3.675, 1.466, 2.784, 2.843, 3.216, 2.667, 2.619, 2.553, 3.46, 2.314, 2.773, 2.024, 2.985, 2.927, 2.495, 2.521, 2.813, 2.412, 4.761, 7.596, 9.145, 7.639, 4.9, 5.637, 8.148, 7.776, 6.476, 7.614, 10.21, 10.349, 9.777, 10.845, 12.679, 13.939, 12.599, 10.585, 10.11, 10.549, 10.066, 10.372, 12.597, 12.79, 11.249, 8.833, 6.332, 6.8, 8.737, 8.617, 5.469, 2.92, 3.995, 5.058, 3.735, 3.928, 4.592, 6.181, 6.733, 4.977, 3.541, 4.501, 4.819, 4.411, 4.352, 4.673, 6.166, 6.786, 7.282, 8.707, 7.546, 6.325], [2.705, 2.975, 3.175, 4.388, 4.948, 4.572, 4.793, 4.538, 4.066, 3.976, 5.076, 5.256, 6.007, 7.438, 6.019, 3.072, 1.585, 2.106, 1.888, 2.334, 5.438, 7.007, 6.625, 4.582, 3.017, 3.167, 2.486, 1.71, 1.366, 1.582, 1.445, 1.03, 0.0, 1.297, 2.1, 3.33, 2.875, 2.915, 3.018, 2.335, 1.343, 3.252, 4.198, 3.747, 4.53, 6.169, 7.123, 8.844, 9.378, 11.063, 10.092, 7.076, 6.282, 7.679, 8.204, 6.87, 6.007, 5.917, 5.966, 6.254, 7.292, 8.436, 7.959, 6.941, 7.722, 7.423, 5.295, 4.123, 4.052, 3.401, 3.312, 3.777, 5.398, 5.85, 4.362, 3.49, 1.654, 2.936, 2.94, 3.445, 3.017, 2.953, 2.938, 3.363, 2.104, 2.573, 2.003, 3.074, 3.235, 2.84, 2.801, 2.848, 2.332, 4.886, 7.77, 9.298, 7.765, 5.085, 5.748, 8.102, 7.833, 6.46, 7.515, 10.072, 10.248, 9.888, 10.853, 12.673, 13.929, 12.559, 10.749, 10.106, 10.586, 10.035, 10.329, 12.485, 12.584, 11.201, 8.757, 6.381, 6.877, 8.513, 8.338, 5.202, 2.705, 3.794, 4.884, 3.574, 3.706, 4.611, 6.127, 6.629, 4.918, 3.573, 4.548, 4.719, 4.484, 4.41, 4.668, 6.184, 6.761, 7.303, 8.743, 7.571, 6.31], [3.307, 3.815, 3.876, 4.924, 5.285, 5.138, 5.315, 5.053, 4.765, 4.631, 5.157, 5.438, 6.096, 7.476, 6.091, 3.116, 1.977, 2.26, 2.139, 2.883, 5.438, 6.965, 6.566, 4.532, 2.822, 3.185, 2.57, 2.019, 1.784, 2.099, 2.074, 1.68, 1.297, 0.0, 1.856, 2.981, 2.713, 2.666, 2.617, 1.984, 1.589, 3.532, 4.472, 3.887, 4.689, 6.24, 7.248, 8.897, 9.627, 11.183, 10.232, 7.188, 6.407, 7.824, 8.321, 6.996, 6.143, 6.044, 6.041, 6.312, 7.377, 8.585, 8.065, 7.0, 7.84, 7.53, 5.401, 4.224, 4.091, 3.48, 3.618, 3.878, 5.505, 5.952, 4.466, 3.668, 2.326, 3.541, 3.534, 4.246, 3.845, 3.622, 3.4, 3.587, 2.098, 2.591, 2.222, 3.713, 3.776, 3.456, 3.392, 3.586, 2.731, 4.875, 7.738, 9.263, 7.704, 5.005, 5.619, 7.999, 7.756, 6.396, 7.409, 10.005, 10.147, 9.765, 10.728, 12.537, 13.781, 12.422, 10.547, 10.008, 10.535, 9.961, 10.23, 12.407, 12.57, 11.205, 8.786, 6.418, 6.979, 8.576, 8.099, 4.918, 2.287, 3.608, 4.436, 3.468, 3.721, 4.63, 6.237, 6.752, 4.975, 3.686, 4.662, 4.874, 4.585, 4.588, 4.876, 6.366, 6.844, 7.352, 8.831, 7.669, 6.416], [4.087, 4.211, 4.596, 5.948, 6.375, 6.226, 6.306, 6.211, 5.694, 5.538, 6.426, 6.604, 7.323, 8.735, 7.346, 4.512, 2.84, 3.087, 2.983, 3.058, 4.589, 5.799, 5.401, 3.379, 2.025, 1.886, 1.67, 1.861, 2.372, 2.813, 2.636, 2.4, 2.1, 1.856, 0.0, 1.803, 1.753, 1.824, 2.212, 1.67, 2.316, 4.589, 5.583, 5.191, 6.007, 7.742, 8.653, 10.332, 10.816, 12.463, 11.567, 8.468, 7.719, 9.158, 9.542, 8.308, 7.306, 7.269, 7.297, 7.592, 8.681, 9.899, 9.325, 8.278, 9.128, 8.746, 6.656, 5.596, 5.277, 4.86, 4.817, 5.15, 6.793, 7.217, 5.692, 4.895, 2.724, 3.357, 3.794, 4.461, 3.915, 4.035, 4.411, 4.883, 3.348, 2.024, 2.597, 4.435, 4.576, 4.191, 4.519, 4.334, 3.076, 3.721, 6.623, 8.146, 6.563, 3.814, 4.49, 6.803, 6.533, 5.174, 6.131, 8.644, 8.851, 8.509, 9.424, 11.238, 12.486, 11.102, 9.314, 8.847, 9.409, 8.741, 8.924, 11.063, 11.082, 9.831, 7.519, 5.216, 5.712, 7.118, 6.824, 3.756, 2.91, 4.462, 5.38, 4.698, 5.004, 5.976, 7.566, 8.035, 6.346, 5.032, 5.989, 6.102, 5.912, 5.86, 6.058, 7.566, 8.151, 8.688, 10.144, 9.012, 7.765], [5.244, 4.958, 5.616, 7.142, 7.515, 7.344, 7.564, 7.407, 6.784, 6.615, 7.637, 7.927, 8.478, 10.016, 8.506, 5.517, 3.884, 4.083, 4.337, 4.249, 5.253, 5.679, 4.899, 3.225, 2.51, 2.044, 2.536, 2.987, 3.343, 3.798, 3.609, 3.35, 3.33, 2.981, 1.803, 0.0, 1.531, 1.4, 2.186, 2.408, 3.308, 5.48, 6.759, 6.311, 7.171, 8.95, 9.73, 11.456, 12.05, 13.731, 12.407, 9.394, 8.672, 10.143, 10.857, 9.589, 8.406, 8.357, 8.537, 8.65, 9.6, 10.839, 10.201, 9.402, 10.39, 10.039, 7.895, 6.771, 6.465, 6.088, 6.025, 6.487, 8.099, 8.559, 7.042, 6.176, 3.807, 4.148, 4.884, 5.563, 4.87, 5.099, 5.648, 6.081, 4.498, 2.541, 3.579, 5.72, 5.939, 5.576, 5.801, 5.703, 4.026, 3.551, 5.726, 7.201, 5.815, 3.353, 3.761, 5.894, 5.668, 4.273, 5.31, 7.844, 8.085, 7.711, 8.643, 10.45, 11.676, 10.283, 8.314, 7.93, 8.467, 7.85, 7.959, 10.206, 10.22, 8.639, 6.501, 4.143, 4.339, 5.882, 5.545, 2.516, 3.556, 5.357, 6.639, 6.006, 6.297, 7.106, 8.634, 9.106, 7.603, 6.318, 7.258, 7.423, 7.252, 7.191, 7.221, 8.493, 9.239, 9.747, 11.063, 9.858, 8.732], [4.939, 4.982, 5.412, 6.796, 7.487, 7.104, 7.276, 7.078, 6.434, 6.269, 7.085, 7.532, 8.148, 9.689, 8.21, 5.38, 3.717, 4.098, 4.051, 4.055, 5.519, 5.946, 5.241, 3.637, 2.34, 1.783, 2.342, 2.435, 3.104, 3.547, 3.302, 3.21, 2.875, 2.713, 1.753, 1.531, 0.0, 1.346, 2.444, 2.132, 3.0, 5.303, 6.252, 5.939, 6.668, 8.607, 9.486, 11.15, 11.878, 13.299, 12.183, 9.116, 8.28, 9.667, 10.272, 9.128, 8.148, 8.127, 8.206, 8.325, 9.369, 10.436, 9.999, 9.131, 9.849, 9.459, 7.364, 6.362, 6.158, 5.746, 5.734, 6.109, 7.735, 8.18, 6.651, 5.857, 3.621, 4.353, 4.746, 5.405, 4.844, 4.965, 5.442, 5.742, 4.023, 2.403, 3.342, 5.252, 5.609, 5.149, 5.391, 5.194, 3.866, 3.937, 6.071, 7.377, 6.03, 3.597, 3.849, 6.087, 5.842, 4.439, 5.496, 8.058, 8.247, 7.831, 8.843, 10.674, 11.903, 10.552, 8.685, 8.122, 8.587, 8.054, 8.241, 10.422, 10.299, 8.963, 6.603, 4.242, 4.611, 6.115, 5.743, 2.546, 2.962, 4.873, 6.269, 5.557, 5.9, 6.865, 8.271, 8.649, 7.227, 6.044, 7.004, 7.095, 6.896, 6.886, 6.973, 8.183, 8.781, 9.557, 10.751, 9.764, 8.519], [4.76, 4.744, 5.06, 6.665, 7.19, 6.901, 7.084, 6.896, 6.379, 6.241, 7.252, 7.481, 8.152, 9.624, 8.153, 5.186, 3.555, 3.882, 3.945, 3.864, 5.344, 5.757, 4.791, 3.215, 2.093, 2.089, 2.3, 2.508, 3.095, 3.579, 3.318, 3.124, 2.915, 2.666, 1.824, 1.4, 1.346, 0.0, 1.735, 1.797, 2.835, 5.316, 6.378, 5.932, 6.742, 8.466, 9.291, 11.007, 11.65, 13.264, 12.223, 9.179, 8.419, 9.862, 10.426, 9.118, 8.109, 8.048, 8.192, 8.359, 9.401, 10.614, 10.044, 9.034, 9.936, 9.636, 7.488, 6.331, 5.996, 5.609, 5.609, 6.016, 7.637, 8.088, 6.574, 5.719, 3.431, 4.298, 4.455, 5.148, 4.69, 4.684, 5.234, 5.6, 3.942, 2.272, 3.091, 5.111, 5.392, 4.986, 5.255, 5.156, 3.656, 3.498, 5.562, 7.054, 5.872, 3.41, 3.866, 5.898, 5.667, 4.355, 5.355, 7.928, 8.106, 7.703, 8.698, 10.551, 11.776, 10.398, 8.456, 7.96, 8.439, 7.906, 8.046, 10.267, 10.363, 8.838, 6.515, 4.057, 4.47, 6.204, 5.876, 2.77, 3.435, 5.092, 6.246, 5.608, 5.868, 6.725, 8.29, 8.782, 7.135, 5.851, 6.816, 6.951, 6.768, 6.694, 6.819, 8.275, 8.849, 9.419, 10.832, 9.661, 8.436], [4.754, 5.103, 5.321, 6.336, 6.289, 6.465, 6.559, 6.43, 6.074, 6.176, 6.651, 6.846, 7.583, 8.99, 7.595, 4.494, 3.244, 3.236, 3.333, 4.084, 5.311, 5.766, 5.005, 3.171, 1.41, 2.591, 2.535, 2.537, 2.935, 3.597, 3.659, 3.203, 3.018, 2.617, 2.212, 2.186, 2.444, 1.735, 0.0, 1.45, 3.154, 4.95, 5.772, 5.388, 6.196, 7.731, 8.768, 10.477, 10.758, 12.652, 11.806, 8.731, 7.973, 9.38, 9.801, 8.459, 7.555, 7.573, 7.589, 7.903, 8.989, 10.15, 9.593, 8.525, 9.323, 9.02, 6.897, 5.844, 5.917, 4.971, 4.87, 5.328, 6.968, 7.408, 5.967, 5.045, 3.756, 4.51, 4.681, 5.341, 4.871, 4.872, 4.568, 5.032, 3.953, 2.923, 3.47, 5.149, 5.163, 4.812, 4.697, 4.918, 3.998, 3.557, 5.873, 7.419, 6.145, 3.541, 4.342, 6.337, 6.058, 4.739, 5.826, 8.528, 8.749, 8.127, 9.12, 10.979, 12.218, 10.85, 9.078, 8.366, 8.855, 8.371, 8.752, 10.757, 11.005, 9.72, 7.024, 4.727, 5.279, 7.279, 7.025, 3.855, 3.491, 4.724, 5.731, 5.021, 5.219, 6.254, 7.85, 8.255, 6.47, 5.071, 5.939, 6.303, 5.999, 5.883, 6.211, 7.815, 8.387, 8.891, 10.397, 9.202, 7.971], [3.77, 4.191, 4.325, 5.265, 5.76, 5.461, 5.551, 5.468, 5.029, 5.133, 6.156, 6.376, 7.072, 8.464, 7.076, 4.027, 2.394, 2.829, 2.409, 3.388, 4.845, 5.748, 5.293, 3.158, 1.378, 2.085, 1.675, 1.