[[0.0, 1.094, 1.086, 1.671, 2.593, 3.411, 2.991, 3.251, 4.137, 5.747, 8.467, 9.081, 8.072, 7.933, 7.659, 5.671, 4.47, 4.434, 4.518, 3.945, 5.169, 4.722, 4.468, 5.019, 3.475, 1.933, 4.252, 5.901, 6.826, 7.786, 7.919, 7.608, 8.058, 8.092, 6.385, 5.934, 5.819, 6.2, 6.539, 5.415, 5.088, 5.352, 5.292, 5.492, 6.127, 7.25, 7.182, 6.664, 7.869, 9.841, 10.198, 8.101, 9.641, 12.092, 11.98, 10.921, 10.674, 11.293, 10.335, 9.659, 9.917, 9.827, 9.27, 7.727, 6.39, 6.727, 8.26, 8.249, 7.585, 9.4, 10.085, 11.266, 11.825, 10.938, 9.357, 8.68, 10.234, 10.284, 9.942, 11.577, 11.96, 12.094, 12.819, 13.465, 12.769, 11.811, 13.253, 13.265, 12.172, 12.183, 12.496, 13.137, 14.322, 15.23, 16.004, 15.361, 14.58, 13.317, 12.92, 12.301, 11.855, 10.795, 8.756, 8.538, 8.512, 8.235, 8.578, 8.769, 8.725, 9.173, 10.431, 11.289, 11.111, 11.147, 11.365, 10.811, 10.247, 11.848, 13.13, 11.704, 9.78, 9.0, 6.725, 5.226, 4.646, 5.748, 5.773, 4.457, 2.741, 2.54, 2.788, 3.509, 3.605, 4.288, 5.144, 3.552, 3.591, 2.891, 2.818, 2.366, 2.819, 2.933, 2.428, 2.422, 2.421, 2.282], [1.094, 0.0, 1.464, 1.812, 2.798, 3.701, 3.243, 3.452, 4.475, 6.266, 8.972, 9.607, 8.593, 8.484, 8.164, 6.219, 4.927, 4.82, 4.575, 4.183, 5.701, 5.33, 4.925, 5.399, 3.857, 1.964, 4.056, 5.587, 6.414, 7.364, 7.484, 7.221, 7.663, 7.618, 6.081, 5.694, 5.589, 5.965, 6.241, 5.155, 5.25, 5.62, 5.274, 5.388, 5.91, 6.965, 6.688, 6.46, 7.68, 9.424, 9.774, 7.707, 9.186, 11.573, 11.47, 10.43, 10.19, 10.816, 9.859, 9.183, 9.434, 9.33, 8.799, 7.275, 5.938, 6.251, 7.784, 7.771, 7.128, 8.923, 9.598, 10.767, 11.288, 10.476, 8.914, 8.27, 9.754, 9.866, 9.682, 11.292, 11.519, 11.713, 12.554, 13.182, 12.477, 11.58, 13.074, 13.054, 11.863, 11.82, 12.216, 12.705, 14.204, 15.08, 15.568, 14.934, 14.15, 12.864, 12.472, 11.834, 11.38, 10.286, 8.299, 8.055, 8.036, 7.759, 8.102, 8.289, 8.243, 8.689, 9.948, 10.806, 10.628, 10.648, 10.866, 10.315, 9.753, 11.356, 12.632, 11.216, 9.304, 8.524, 6.251, 4.595, 4.31, 5.231, 5.299, 4.17, 2.717, 2.913, 3.287, 3.915, 4.236, 4.923, 5.742, 4.022, 3.664, 2.967, 3.053, 2.523, 2.876, 2.966, 2.794, 2.856, 2.715, 2.444], [1.086, 1.464, 0.0, 1.519, 2.35, 2.728, 2.707, 2.932, 3.824, 5.264, 7.998, 8.522, 7.457, 7.351, 7.016, 5.019, 4.122, 4.472, 4.512, 3.896, 5.072, 4.465, 3.992, 4.617, 3.096, 2.281, 4.502, 6.025, 7.117, 8.087, 8.327, 7.886, 8.31, 8.406, 6.574, 5.992, 5.914, 6.378, 6.927, 5.638, 4.933, 5.116, 5.174, 5.871, 6.528, 7.652, 7.682, 7.101, 8.142, 10.133, 10.496, 8.489, 10.042, 12.459, 12.34, 11.258, 11.08, 11.594, 10.707, 10.04, 10.258, 10.244, 9.589, 8.06, 6.69, 7.009, 8.538, 8.54, 7.869, 9.732, 10.551, 11.86, 12.199, 11.426, 9.729, 9.031, 10.531, 10.606, 10.171, 11.788, 12.236, 12.314, 13.264, 13.798, 13.032, 11.95, 13.518, 13.435, 12.328, 12.443, 12.931, 13.735, 14.684, 15.56, 16.261, 15.605, 14.914, 13.63, 13.242, 12.823, 12.283, 11.218, 9.26, 8.828, 8.79, 8.513, 8.856, 9.047, 9.003, 9.452, 10.717, 11.576, 11.394, 11.434, 11.651, 11.097, 10.533, 12.134, 13.417, 11.997, 10.058, 9.299, 7.113, 5.723, 4.991, 6.064, 6.167, 4.65, 3.01, 2.385, 2.44, 2.862, 3.005, 3.643, 4.563, 2.91, 3.439, 2.81, 2.653, 2.159, 2.96, 2.987, 2.239, 1.854, 2.149, 2.17], [1.671, 1.812, 1.519, 0.0, 1.883, 2.643, 1.999, 2.04, 3.282, 5.588, 8.316, 8.776, 7.696, 7.773, 7.117, 5.345, 4.18, 4.148, 3.917, 3.581, 5.248, 4.64, 4.166, 4.829, 3.217, 2.145, 4.295, 5.873, 6.763, 7.715, 8.004, 7.613, 8.049, 8.069, 6.298, 5.706, 5.623, 5.986, 6.617, 5.504, 5.746, 5.792, 5.683, 6.145, 6.656, 7.456, 7.564, 7.133, 7.971, 9.74, 10.154, 8.191, 9.67, 12.082, 11.951, 10.933, 10.694, 11.206, 10.386, 9.656, 9.907, 9.917, 9.308, 7.693, 6.239, 6.564, 8.122, 8.081, 7.432, 9.486, 10.305, 11.687, 11.944, 11.171, 9.619, 8.839, 10.157, 10.268, 9.96, 11.575, 11.882, 12.163, 13.143, 13.736, 12.905, 11.755, 13.469, 13.17, 11.927, 12.053, 12.688, 13.625, 14.649, 15.523, 15.94, 15.195, 14.522, 13.237, 12.905, 12.499, 12.026, 10.868, 8.992, 8.397, 8.346, 8.069, 8.412, 8.603, 8.559, 9.008, 10.273, 11.133, 10.951, 10.996, 11.213, 10.659, 10.089, 11.696, 12.979, 11.59, 9.656, 8.913, 6.917, 5.397, 4.652, 5.742, 5.824, 4.315, 2.947, 2.091, 2.257, 2.784, 3.045, 3.915, 4.556, 2.952, 2.762, 2.066, 2.573, 1.564, 2.199, 2.339, 1.883, 2.022, 1.989, 2.083], [2.593, 2.798, 2.35, 1.883, 0.0, 1.543, 1.885, 2.016, 2.526, 4.292, 6.964, 7.428, 6.306, 6.415, 5.759, 4.001, 2.856, 2.898, 3.015, 2.684, 4.077, 3.409, 2.914, 3.459, 2.264, 3.653, 6.008, 7.342, 8.195, 9.152, 9.46, 9.083, 9.458, 9.454, 7.823, 7.359, 7.397, 7.619, 8.124, 7.033, 7.025, 6.854, 7.221, 7.852, 8.328, 9.192, 9.021, 8.866, 9.721, 11.171, 11.612, 9.642, 11.098, 13.484, 13.296, 12.332, 12.082, 12.602, 11.836, 11.08, 11.354, 11.366, 10.771, 9.132, 7.648, 7.929, 9.487, 9.464, 8.859, 10.935, 11.757, 13.136, 13.393, 12.628, 11.084, 10.321, 11.568, 11.7, 11.728, 13.203, 13.295, 13.658, 14.782, 15.428, 14.563, 13.522, 15.204, 14.895, 13.444, 13.503, 14.241, 15.083, 16.447, 17.366, 17.403, 16.565, 15.931, 14.642, 14.295, 13.928, 13.484, 12.311, 10.44, 9.839, 9.705, 9.427, 9.771, 9.962, 9.917, 10.367, 11.632, 12.492, 12.309, 12.352, 12.57, 12.015, 11.447, 13.052, 14.352, 12.941, 11.044, 10.301, 8.373, 6.842, 6.079, 7.074, 7.248, 5.904, 4.63, 3.419, 1.979, 2.519, 2.77, 3.509, 3.565, 1.786, 2.546, 2.136, 1.901, 1.494, 3.4, 3.267, 2.237, 2.192, 2.525, 2.648], [3.411, 3.701, 2.728, 2.643, 1.543, 0.0, 1.703, 2.134, 1.764, 3.526, 6.203, 6.711, 5.604, 5.647, 4.989, 3.314, 2.802, 3.271, 3.148, 2.835, 3.908, 3.165, 2.567, 3.06, 1.779, 3.997, 6.497, 8.003, 9.055, 9.98, 10.33, 9.915, 10.285, 10.322, 8.577, 7.885, 7.907, 8.249, 8.868, 7.685, 6.968, 6.979, 7.219, 8.0, 8.645, 9.811, 9.839, 9.347, 10.249, 12.039, 12.463, 10.469, 11.98, 14.364, 14.128, 13.149, 12.938, 13.45, 12.72, 11.961, 12.245, 12.242, 11.609, 10.027, 8.489, 8.722, 10.296, 10.291, 9.69, 11.811, 12.629, 13.977, 14.263, 13.472, 11.887, 11.101, 12.436, 12.488, 12.273, 13.785, 14.128, 14.433, 15.407, 16.016, 15.15, 14.012, 15.728, 15.467, 14.164, 14.307, 14.98, 15.892, 16.891, 17.719, 18.205, 17.374, 16.745, 15.484, 15.172, 14.807, 14.322, 13.195, 11.307, 10.668, 10.506, 10.224, 10.567, 10.758, 10.714, 11.163, 12.429, 13.288, 13.106, 13.152, 13.371, 12.817, 12.244, 13.854, 15.154, 13.773, 11.904, 11.157, 9.222, 7.722, 6.926, 7.933, 8.064, 6.576, 5.157, 3.785, 2.455, 2.317, 2.772, 3.301, 3.324, 1.753, 2.939, 2.587, 1.951, 2.294, 4.23, 4.021, 2.576, 2.917, 3.431, 3.823], [2.991, 3.243, 2.707, 1.999, 1.885, 1.703, 0.0, 1.0, 1.868, 4.595, 7.333, 7.844, 6.743, 6.776, 6.06, 4.37, 3.642, 3.799, 3.246, 3.304, 4.626, 4.027, 3.441, 4.022, 2.756, 3.097, 5.407, 7.132, 8.042, 8.961, 9.315, 8.91, 9.282, 9.317, 7.56, 6.83, 6.771, 7.216, 7.881, 6.897, 6.931, 6.917, 6.833, 6.897, 7.547, 8.687, 8.839, 8.211, 9.13, 11.01, 11.456, 9.457, 10.953, 13.338, 13.107, 12.146, 11.911, 12.423, 11.704, 10.932, 11.228, 11.236, 10.596, 9.01, 7.442, 7.625, 9.204, 9.242, 8.616, 10.805, 11.623, 12.974, 13.258, 12.469, 10.887, 10.101, 11.421, 11.445, 11.164, 12.744, 13.122, 13.433, 14.349, 14.939, 14.103, 12.894, 14.645, 14.367, 13.097, 13.257, 13.947, 14.889, 15.731, 16.509, 17.203, 16.261, 15.708, 14.442, 14.157, 13.792, 13.32, 12.181, 10.302, 9.646, 9.424, 9.114, 9.46, 9.642, 9.598, 10.047, 11.312, 12.172, 11.99, 12.036, 12.261, 11.701, 11.128, 12.75, 14.052, 12.743, 10.875, 10.13, 8.218, 6.711, 5.899, 6.906, 7.051, 5.518, 4.146, 2.749, 2.477, 3.193, 3.409, 4.146, 4.174, 2.384, 2.556, 2.284, 2.59, 2.306, 3.223, 3.065, 1.901, 3.077, 3.309, 3.478], [3.251, 3.452, 2.932, 2.04, 2.016, 2.134, 1.0, 0.0, 2.059, 4.784, 7.495, 8.0, 6.869, 6.914, 6.222, 4.64, 3.934, 3.96, 3.313, 3.373, 4.624, 4.153, 3.703, 4.297, 2.957, 3.083, 5.112, 6.941, 7.799, 8.663, 9.005, 8.6, 8.976, 8.999, 7.243, 6.539, 6.606, 7.046, 7.756, 6.904, 6.9, 6.875, 6.804, 6.734, 7.381, 8.391, 8.544, 7.884, 8.816, 10.72, 11.137, 9.175, 10.66, 13.046, 12.872, 11.855, 11.644, 12.156, 11.39, 10.642, 10.914, 10.914, 10.275, 8.696, 7.133, 7.422, 8.977, 8.965, 8.324, 10.483, 11.302, 12.668, 12.938, 12.163, 10.595, 9.81, 11.11, 11.178, 10.822, 12.474, 12.803, 13.141, 14.076, 14.623, 13.789, 12.597, 14.341, 14.047, 12.835, 12.982, 13.639, 14.595, 15.403, 16.07, 16.898, 16.069, 15.428, 14.146, 13.853, 13.482, 13.017, 11.872, 9.984, 9.342, 9.209, 8.932, 9.275, 9.466, 9.422, 9.871, 11.136, 11.996, 11.813, 11.86, 12.085, 11.524, 10.952, 12.568, 13.851, 12.521, 10.606, 9.863, 7.91, 6.391, 5.585, 6.635, 6.763, 5.226, 4.075, 2.53, 2.388, 3.129, 3.228, 3.878, 4.043, 2.585, 2.307, 1.916, 2.586, 2.157, 2.925, 2.737, 1.765, 2.933, 3.283, 3.467], [4.137, 4.475, 3.824, 3.282, 2.526, 1.764, 1.868, 2.059, 0.0, 3.299, 5.97, 6.489, 5.385, 5.453, 4.766, 3.315, 2.763, 3.155, 2.691, 2.706, 3.255, 2.701, 2.2, 2.762, 1.919, 4.235, 6.559, 8.222, 9.259, 10.184, 10.529, 10.096, 10.478, 10.518, 8.749, 7.983, 7.91, 8.375, 9.116, 8.093, 7.632, 7.596, 7.444, 7.795, 8.688, 9.83, 9.992, 9.337, 10.281, 12.252, 12.659, 10.664, 12.191, 14.572, 14.364, 13.337, 13.166, 13.679, 12.921, 12.173, 12.446, 12.426, 11.786, 10.228, 8.659, 8.882, 10.417, 10.488, 9.84, 11.994, 12.813, 14.139, 14.444, 13.651, 12.039, 11.253, 12.635, 12.684, 12.283, 13.888, 14.317, 14.585, 15.501, 16.064, 15.227, 14.031, 15.777, 15.53, 14.342, 14.497, 15.133, 16.055, 16.831, 17.546, 18.394, 17.53, 16.941, 15.667, 15.368, 15.0, 14.497, 13.39, 11.486, 10.872, 10.691, 10.39, 10.734, 10.924, 10.88, 11.329, 12.594, 13.454, 13.271, 13.318, 13.543, 12.982, 12.41, 14.031, 15.324, 14.017, 12.128, 11.385, 9.385, 7.927, 7.116, 8.183, 8.271, 6.716, 5.292, 3.837, 2.684, 2.88, 3.43, 3.56, 3.546, 2.223, 2.757, 2.584, 2.295, 2.949, 4.486, 4.176, 2.554, 3.866, 4.29, 4.696], [5.747, 6.266, 5.264, 5.588, 4.292, 3.526, 4.595, 4.784, 3.299, 0.0, 2.966, 3.586, 2.956, 3.178, 2.739, 1.362, 2.299, 2.576, 3.582, 2.823, 1.768, 1.869, 1.937, 1.581, 2.63, 6.744, 9.285, 11.127, 12.092, 13.084, 13.366, 12.944, 13.415, 13.496, 11.743, 11.022, 10.859, 11.367, 11.918, 10.675, 8.235, 8.325, 8.838, 9.989, 11.29, 12.542, 12.664, 11.638, 13.089, 15.237, 15.56, 13.514, 15.028, 17.488, 17.374, 16.324, 16.091, 16.695, 15.778, 15.082, 15.358, 15.229, 14.756, 13.131, 11.786, 12.118, 13.663, 13.65, 12.995, 14.875, 15.587, 16.85, 17.238, 16.425, 14.865, 14.077, 15.545, 15.558, 14.756, 16.733, 17.27, 17.459, 18.186, 18.503, 17.767, 16.87, 18.422, 18.328, 17.325, 17.498, 17.895, 18.763, 19.373, 19.783, 21.277, 20.695, 20.015, 18.73, 18.325, 17.793, 17.304, 16.241, 14.265, 13.951, 13.915, 13.638, 13.981, 14.168, 14.122, 14.569, 15.827, 16.685, 16.507, 16.543, 16.761, 16.207, 15.643, 17.244, 18.526, 17.104, 15.183, 14.403, 12.212, 10.664, 9.986, 11.12, 11.112, 9.607, 7.836, 6.455, 4.329, 3.891, 4.348, 4.002, 3.742, 3.121, 5.479, 5.441, 3.39, 4.938, 7.558, 7.221, 5.026, 4.898, 6.195, 6.501], [8.467, 8.972, 7.998, 8.316, 6.964, 6.203, 7.333, 7.495, 5.97, 2.966, 0.0, 1.125, 1.857, 2.048, 2.08, 3.086, 4.329, 4.846, 6.304, 5.521, 3.868, 3.862, 4.319, 3.841, 5.299, 9.368, 11.97, 13.822, 14.793, 15.779, 16.041, 15.631, 16.088, 16.193, 14.381, 13.717, 13.566, 14.068, 14.601, 13.374, 9.756, 9.756, 11.514, 12.687, 13.97, 15.157, 15.329, 14.441, 15.7, 17.915, 18.243, 16.205, 17.718, 20.179, 20.069, 19.019, 18.799, 19.391, 18.44, 17.762, 18.024, 17.905, 17.393, 15.825, 14.481, 14.816, 16.359, 16.346, 15.679, 17.509, 18.207, 19.496, 19.911, 19.088, 17.511, 16.761, 18.244, 18.266, 17.542, 19.46, 19.968, 20.123, 20.886, 21.262, 20.519, 19.536, 21.104, 21.009, 20.009, 20.195, 20.549, 21.375, 22.088, 22.539, 23.966, 23.39, 22.692, 21.423, 21.024, 20.48, 19.996, 18.932, 16.94, 16.632, 16.611, 16.334, 16.677, 16.866, 16.82, 17.273, 18.538, 19.398, 19.205, 19.241, 19.459, 18.905, 18.341, 19.942, 21.225, 19.81, 17.879, 17.115, 14.869, 13.365, 12.671, 13.844, 13.859, 12.324, 10.564, 9.23, 7.017, 6.494, 6.648, 5.194, 4.209, 5.557, 8.248, 8.128, 6.104, 7.594, 10.273, 9.939, 7.75, 7.502, 8.831, 9.17], [9.081, 9.607, 8.522, 8.776, 7.428, 6.711, 7.844, 8.0, 6.489, 3.586, 1.125, 0.0, 1.826, 2.002, 2.257, 3.598, 4.891, 5.412, 6.92, 6.16, 4.501, 4.525, 4.919, 4.46, 5.954, 10.084, 12.617, 14.366, 15.42, 16.367, 16.639, 16.202, 16.667, 16.738, 14.944, 14.229, 14.076, 14.59, 15.186, 13.899, 10.386, 10.235, 12.002, 13.411, 14.667, 15.849, 15.999, 15.141, 16.312, 18.444, 18.8, 16.778, 18.336, 20.799, 20.676, 19.602, 19.366, 19.938, 19.007, 18.297, 18.562, 18.537, 17.959, 16.365, 14.993, 15.335, 16.87, 16.857, 16.201, 18.107, 18.906, 20.19, 20.56, 19.73, 18.081, 17.314, 18.874, 18.9, 18.185, 20.069, 20.572, 20.703, 21.502, 21.937, 21.187, 20.107, 21.717, 21.543, 20.532, 20.727, 21.185, 22.089, 22.749, 23.247, 24.612, 23.926, 23.242, 21.954, 21.592, 21.105, 20.578, 19.519, 17.544, 17.16, 17.122, 16.845, 17.188, 17.379, 17.335, 17.784, 19.049, 19.909, 19.727, 19.768, 19.985, 19.431, 18.865, 20.468, 21.751, 20.33, 18.39, 17.633, 15.431, 14.008, 13.214, 14.377, 14.452, 12.909, 11.157, 9.75, 7.529, 7.005, 7.162, 5.671, 4.55, 6.015, 8.719, 8.643, 6.79, 8.148, 10.765, 10.428, 8.312, 8.029, 9.342, 9.681], [8.072, 8.593, 7.457, 7.696, 6.306, 5.604, 6.743, 6.869, 5.385, 2.956, 1.857, 1.826, 0.0, 1.186, 2.077, 2.818, 3.931, 4.605, 5.957, 5.145, 3.46, 3.514, 3.93, 3.966, 4.987, 9.104, 11.601, 13.329, 14.341, 15.283, 15.606, 15.18, 15.629, 15.658, 13.909, 13.148, 13.014, 13.489, 14.159, 12.897, 9.389, 9.098, 10.84, 12.332, 13.671, 14.866, 15.023, 13.997, 15.322, 17.364, 17.744, 15.748, 17.281, 19.722, 19.575, 18.501, 18.276, 18.836, 18.0, 17.266, 17.525, 17.518, 16.946, 15.333, 13.877, 14.22, 15.754, 15.741, 15.11, 17.108, 17.907, 19.202, 19.545, 18.726, 17.079, 16.294, 17.799, 17.811, 17.033, 18.971, 19.492, 19.683, 20.486, 20.854, 20.054, 19.053, 20.654, 20.511, 19.445, 19.638, 20.192, 21.11, 21.64, 22.136, 23.544, 22.825, 22.157, 20.864, 20.508, 20.086, 19.565, 18.466, 16.554, 16.07, 16.006, 15.729, 16.072, 16.263, 16.219, 16.669, 17.934, 18.793, 18.611, 18.654, 18.872, 18.318, 17.749, 19.355, 20.638, 19.23, 17.285, 16.532, 14.443, 13.001, 12.195, 13.285, 13.369, 11.844, 10.103, 8.586, 6.446, 5.903, 6.086, 4.572, 3.452, 4.899, 7.6, 7.627, 5.804, 7.116, 9.649, 9.355, 7.184, 6.971, 8.273, 8.627], [7.933, 8.484, 7.351, 7.773, 6.415, 5.647, 6.776, 6.914, 5.453, 3.178, 2.048, 2.002, 1.186, 0.0, 1.822, 2.895, 4.0, 4.722, 5.913, 5.025, 3.327, 3.479, 3.931, 4.172, 4.975, 9.027, 11.66, 13.374, 14.461, 15.428, 15.671, 15.233, 15.662, 15.755, 13.888, 13.226, 13.059, 13.598, 14.254, 12.947, 9.423, 9.194, 10.927, 12.152, 13.521, 14.796, 15.01, 13.748, 15.24, 17.467, 17.84, 15.826, 17.39, 19.807, 19.691, 18.61, 18.428, 18.945, 18.044, 17.361, 17.573, 17.582, 16.902, 15.398, 13.99, 14.333, 15.867, 15.854, 15.199, 17.061, 17.875, 19.171, 19.546, 18.756, 17.017, 16.366, 17.881, 17.885, 17.052, 19.045, 19.588, 19.659, 20.489, 20.776, 20.059, 19.018, 20.56, 20.526, 19.573, 19.737, 20.197, 21.038, 21.454, 22.007, 23.582, 22.909, 22.22, 20.95, 20.584, 20.151, 19.617, 18.562, 16.588, 16.158, 16.119, 15.842, 16.185, 16.376, 16.332, 16.782, 18.047, 18.906, 18.724, 18.767, 18.984, 18.43, 17.862, 19.467, 20.75, 19.345, 17.394, 16.649, 14.44, 13.041, 12.283, 13.411, 13.514, 11.915, 10.086, 8.667, 6.507, 6.016, 6.159, 4.676, 3.766, 5.012, 7.679, 7.612, 5.669, 7.096, 9.762, 9.425, 7.292, 7.037, 8.339, 8.679], [7.659, 8.164, 7.016, 7.117, 5.759, 4.989, 6.06, 6.222, 4.766, 2.739, 2.08, 2.257, 2.077, 1.822, 0.0, 2.296, 3.647, 4.232, 5.451, 4.809, 3.492, 3.153, 3.458, 3.431, 4.492, 8.618, 11.093, 12.749, 13.844, 14.811, 15.104, 14.657, 15.053, 15.133, 13.311, 12.554, 12.487, 12.974, 13.666, 12.398, 9.36, 9.151, 10.938, 12.147, 13.215, 14.374, 14.544, 13.838, 14.822, 16.854, 17.247, 15.245, 16.787, 19.187, 19.04, 17.977, 17.807, 18.32, 17.499, 16.772, 17.024, 17.002, 16.348, 14.809, 13.291, 13.604, 15.138, 15.137, 14.47, 16.556, 17.375, 18.699, 19.006, 18.227, 16.591, 15.815, 17.248, 17.312, 16.772, 18.494, 18.942, 19.137, 20.052, 20.578, 19.745, 18.567, 20.316, 20.044, 18.97, 19.13, 19.693, 20.616, 21.367, 21.984, 22.972, 22.228, 21.56, 20.287, 20.0, 19.596, 19.069, 17.966, 16.046, 15.471, 15.39, 15.113, 15.456, 15.647, 15.603, 16.052, 17.318, 18.177, 17.995, 18.041, 18.266, 17.706, 17.133, 18.749, 20.032, 18.695, 16.769, 16.026, 13.946, 12.5, 11.694, 12.794, 12.897, 11.287, 9.768, 8.162, 5.82, 5.394, 5.493, 4.608, 3.752, 4.325, 7.088, 7.082, 5.388, 6.585, 9.057, 8.754, 6.715, 6.423, 7.63, 8.007], [5.671, 6.219, 5.019, 5.345, 4.001, 3.314, 4.37, 4.64, 3.315, 1.362, 3.086, 3.598, 2.818, 2.895, 2.296, 0.0, 1.805, 2.215, 3.545, 2.776, 1.875, 1.62, 1.84, 1.91, 2.75, 6.752, 9.263, 10.961, 12.057, 13.025, 13.276, 12.837, 13.259, 13.348, 11.492, 10.794, 10.627, 11.187, 11.857, 10.557, 8.5, 8.413, 9.231, 10.194, 11.29, 12.497, 12.653, 11.814, 12.946, 15.064, 15.445, 13.431, 14.989, 17.404, 17.279, 16.196, 16.025, 16.538, 15.656, 14.964, 15.181, 15.185, 14.527, 13.001, 11.558, 11.901, 13.435, 13.422, 12.767, 14.712, 15.53, 16.843, 17.173, 16.38, 14.69, 13.973, 15.478, 15.497, 14.854, 16.648, 17.175, 17.275, 18.134, 18.555, 17.799, 16.669, 18.324, 18.187, 17.179, 17.336, 17.833, 18.738, 19.35, 19.981, 21.199, 20.503, 19.817, 18.535, 18.198, 17.773, 17.236, 16.173, 14.209, 13.726, 13.688, 13.41, 13.753, 13.944, 13.9, 14.35, 15.615, 16.475, 16.292, 16.338, 16.555, 16.001, 15.43, 17.038, 18.321, 16.933, 14.987, 14.244, 12.084, 10.657, 9.886, 11.008, 11.111, 9.504, 7.773, 6.295, 4.085, 3.864, 4.129, 3.907, 3.318, 2.723, 5.261, 5.221, 3.383, 4.716, 7.331, 6.994, 4.885, 4.639, 5.907, 6.249], [4.47, 4.927, 4.122, 4.18, 2.856, 2.802, 3.642, 3.934, 2.763, 2.299, 4.329, 4.891, 3.931, 4.0, 3.647, 1.805, 0.0, 1.152, 2.41, 1.624, 1.759, 1.531, 1.353, 2.056, 2.194, 5.321, 7.92, 9.569, 10.599, 11.569, 11.819, 11.376, 11.836, 11.923, 10.073, 9.407, 9.373, 9.879, 10.383, 9.096, 8.513, 8.594, 8.771, 9.291, 9.936, 11.117, 11.168, 10.632, 11.559, 13.614, 13.988, 11.959, 13.529, 15.977, 15.859, 14.784, 14.567, 15.119, 14.175, 13.486, 13.718, 13.709, 13.085, 11.538, 10.161, 10.503, 12.038, 12.025, 11.369, 13.24, 14.037, 15.347, 15.715, 14.896, 13.211, 12.507, 14.048, 14.115, 13.692, 15.312, 15.757, 15.854, 16.745, 17.338, 16.561, 15.41, 17.025, 16.877, 15.758, 15.94, 16.379, 17.236, 18.162, 18.99, 19.781, 19.092, 18.403, 17.12, 16.77, 16.297, 15.767, 14.707, 12.729, 12.328, 12.29, 12.013, 12.356, 12.547, 12.503, 12.952, 14.217, 15.077, 14.895, 14.938, 15.155, 14.601, 14.033, 15.638, 16.921, 15.514, 13.568, 12.824, 10.592, 9.195, 8.413, 9.595, 9.671, 8.146, 6.462, 5.209, 2.825, 3.312, 4.046, 4.081, 3.568, 2.247, 4.074, 3.811, 2.461, 3.332, 5.946, 5.612, 3.715, 3.804, 4.71, 4.91], [4.434, 4.82, 4.472, 4.148, 2.898, 3.271, 3.799, 3.96, 3.155, 2.576, 4.846, 5.412, 4.605, 4.722, 4.232, 2.215, 1.152, 0.0, 1.903, 1.421, 2.071, 2.158, 1.913, 2.364, 2.684, 5.176, 7.615, 9.405, 10.097, 11.108, 11.28, 10.915, 11.407, 11.414, 9.642, 9.21, 9.049, 9.48, 9.853, 8.737, 9.031, 9.092, 9.218, 9.373, 9.827, 10.723, 10.645, 10.298, 11.232, 13.137, 13.463, 11.429, 12.983, 15.457, 15.33, 14.261, 14.021, 14.611, 13.656, 12.981, 13.239, 13.169, 12.635, 11.046, 9.702, 10.044, 11.579, 11.566, 10.907, 12.753, 13.506, 14.785, 15.212, 14.342, 12.773, 11.992, 13.537, 13.593, 13.254, 14.851, 15.249, 15.387, 16.189, 16.88, 16.088, 15.09, 16.657, 16.501, 15.42, 15.467, 15.846, 16.7, 17.839, 18.824, 19.281, 18.646, 17.941, 16.651, 16.243, 15.73, 15.243, 14.169, 12.165, 11.86, 11.831, 11.554, 11.897, 12.088, 12.044, 12.494, 13.754, 14.612, 14.434, 14.47, 14.687, 14.133, 13.57, 15.17, 16.453, 15.031, 13.099, 12.319, 10.1, 8.599, 7.934, 9.027, 9.107, 7.674, 6.077, 5.182, 3.201, 3.804, 4.586, 4.624, 4.123, 2.711, 3.668, 3.391, 2.524, 3.132, 5.477, 5.149, 3.738, 4.015, 4.654, 4.814], [4.518, 4.575, 4.512, 3.917, 3.015, 3.148, 3.246, 3.313, 2.691, 3.582, 6.304, 6.92, 5.957, 5.913, 5.451, 3.545, 2.41, 1.903, 0.0, 1.468, 3.423, 3.173, 2.383, 3.039, 2.631, 4.675, 6.895, 8.956, 9.159, 9.846, 10.051, 9.678, 10.271, 10.288, 8.658, 8.177, 7.974, 8.689, 9.073, 8.521, 9.071, 9.281, 9.118, 8.92, 8.825, 9.357, 9.265, 9.062, 10.046, 11.825, 12.201, 10.187, 11.645, 14.089, 13.979, 12.93, 12.699, 13.301, 12.356, 11.676, 11.943, 11.822, 11.331, 9.736, 8.385, 8.713, 10.269, 10.248, 9.576, 11.449, 12.149, 13.342, 13.787, 13.0, 11.421, 10.678, 12.123, 12.134, 11.806, 13.446, 13.877, 14.069, 14.849, 15.386, 14.649, 13.708, 15.269, 15.144, 14.186, 14.174, 14.536, 15.322, 16.508, 17.367, 17.901, 17.323, 16.599, 15.322, 14.936, 14.39, 13.907, 12.836, 10.849, 10.529, 10.514, 10.244, 10.582, 10.764, 10.717, 11.164, 12.423, 13.281, 13.103, 13.139, 13.356, 12.802, 12.238, 13.839, 15.122, 13.704, 11.784, 11.009, 8.782, 7.198, 6.759, 7.774, 7.715, 6.422, 5.384, 4.462, 3.385, 3.877, 4.833, 4.963, 4.8, 3.178, 2.436, 2.609, 2.399, 2.84, 4.476, 3.996, 3.177, 4.289, 4.648, 4.975], [3.945, 4.183, 3.896, 3.581, 2.684, 2.835, 3.304, 3.373, 2.706, 2.823, 5.521, 6.16, 5.145, 5.025, 4.809, 2.776, 1.624, 1.421, 1.468, 0.0, 2.329, 2.246, 1.759, 2.411, 2.074, 4.422, 6.986, 9.01, 9.607, 10.683, 10.926, 10.517, 11.049, 11.085, 9.258, 8.682, 8.517, 9.083, 9.504, 8.34, 8.371, 8.602, 8.458, 8.442, 8.871, 10.01, 10.166, 9.312, 10.585, 12.784, 13.123, 11.096, 12.612, 15.067, 14.965, 13.922, 13.67, 14.294, 13.337, 12.66, 12.913, 12.808, 12.271, 10.719, 9.372, 9.701, 11.261, 11.235, 10.563, 12.396, 13.061, 14.187, 14.744, 13.942, 12.326, 11.633, 13.096, 13.065, 12.599, 14.365, 14.865, 14.979, 15.689, 16.173, 15.462, 14.492, 15.94, 15.971, 14.936, 15.053, 15.392, 16.158, 17.004, 17.764, 18.82, 18.252, 17.561, 16.288, 15.893, 15.323, 14.874, 13.789, 11.79, 11.517, 11.502, 11.237, 11.57, 11.751, 11.705, 12.151, 13.41, 14.268, 14.09, 14.123, 14.341, 13.789, 13.226, 14.826, 16.106, 14.677, 12.77, 12.002, 9.726, 8.1, 7.557, 8.707, 8.702, 7.229, 5.448, 4.451, 2.763, 3.327, 4.216, 4.189, 4.115, 2.592, 3.326, 3.102, 1.899, 2.763, 5.157, 4.822, 3.167, 3.644, 4.412, 4.676], [5.169, 5.701, 5.072, 5.248, 4.077, 3.908, 4.626, 4.624, 3.255, 1.768, 3.868, 4.501, 3.46, 3.327, 3.492, 1.875, 1.759, 2.071, 3.423, 2.329, 0.0, 1.442, 1.78, 2.127, 2.663, 6.132, 8.88, 10.723, 11.689, 12.675, 12.924, 12.505, 12.971, 13.079, 11.257, 10.613, 10.435, 10.956, 11.483, 10.238, 8.447, 8.5, 8.6, 9.231, 10.604, 11.914, 12.179, 10.889, 12.537, 14.803, 15.126, 13.083, 14.613, 17.064, 16.953, 15.911, 15.668, 16.293, 15.335, 14.659, 14.921, 14.807, 14.27, 12.727, 11.383, 11.719, 13.26, 13.247, 12.582, 14.4, 15.085, 16.272, 16.792, 15.946, 14.345, 13.634, 15.139, 15.141, 14.297, 16.302, 16.855, 16.982, 17.607, 18.019, 17.3, 16.375, 17.838, 17.848, 16.894, 17.077, 17.382, 18.138, 18.7, 19.193, 20.838, 20.255, 19.567, 18.296, 17.886, 17.321, 16.862, 15.763, 13.787, 13.535, 13.513, 13.235, 13.579, 13.77, 13.723, 14.175, 15.44, 16.3, 16.109, 16.132, 16.35, 15.798, 15.239, 16.839, 18.115, 16.696, 14.781, 14.018, 11.741, 10.134, 9.554, 10.732, 10.756, 9.214, 7.364, 6.061, 3.963, 4.07, 4.585, 4.166, 3.69, 3.049, 5.277, 5.043, 3.136, 4.54, 7.176, 6.842, 4.633, 4.786, 5.957, 6.175], [4.722, 5.33, 4.465, 4.64, 3.409, 3.165, 4.027, 4.153, 2.701, 1.869, 3.862, 4.525, 3.514, 3.479, 3.153, 1.62, 1.531, 2.158, 3.173, 2.246, 1.442, 0.0, 1.295, 1.802, 2.027, 5.636, 8.304, 10.107, 11.112, 12.065, 12.308, 11.925, 12.369, 12.477, 10.67, 10.003, 9.841, 10.353, 10.863, 9.649, 7.615, 7.725, 8.192, 9.068, 10.208, 11.379, 11.658, 10.765, 11.958, 14.188, 14.527, 12.479, 14.024, 16.497, 16.375, 15.308, 15.075, 15.69, 14.722, 14.043, 14.304, 14.217, 13.654, 12.111, 10.767, 11.11, 12.654, 12.631, 11.97, 13.784, 14.485, 15.719, 16.24, 15.346, 13.833, 13.05, 14.573, 14.584, 13.928, 15.776, 16.276, 16.428, 17.101, 17.634, 16.908, 15.83, 17.393, 17.325, 16.275, 16.467, 16.769, 17.62, 18.344, 18.927, 20.295, 19.668, 18.989, 17.7, 17.305, 16.749, 16.281, 15.208, 13.208, 12.923, 12.896, 12.63, 12.962, 13.153, 13.109, 13.559, 14.824, 15.683, 15.501, 15.532, 15.75, 15.196, 14.632, 16.233, 17.515, 16.093, 14.165, 13.416, 11.151, 9.63, 8.993, 10.139, 10.181, 8.657, 6.851, 5.536, 3.293, 3.119, 3.572, 3.29, 2.759, 2.175, 4.675, 4.466, 2.718, 3.992, 6.58, 6.262, 4.065, 3.945, 5.147, 5.47], [4.468, 4.925, 3.992, 4.166, 2.914, 2.567, 3.441, 3.703, 2.2, 1.937, 4.319, 4.919, 3.93, 3.931, 3.458, 1.84, 1.353, 1.913, 2.383, 1.759, 1.78, 1.295, 0.0, 1.265, 1.526, 5.291, 7.922, 9.654, 10.566, 11.647, 11.908, 11.488, 11.947, 12.038, 10.241, 9.564, 9.511, 9.957, 10.516, 9.261, 7.828, 7.761, 8.122, 9.163, 9.945, 11.205, 11.276, 10.691, 11.684, 13.763, 14.109, 12.104, 13.588, 16.024, 15.908, 14.852, 14.665, 15.223, 14.347, 13.677, 13.905, 13.798, 13.278, 11.693, 10.314, 10.636, 12.191, 12.171, 11.499, 13.402, 14.116, 15.359, 15.715, 15.011, 13.451, 12.705, 14.045, 14.077, 13.716, 15.377, 15.804, 15.996, 16.874, 17.393, 16.571, 15.573, 17.234, 16.998, 15.897, 16.059, 16.491, 17.327, 18.308, 18.938, 19.812, 19.233, 18.535, 17.272, 16.871, 16.407, 15.894, 14.806, 12.864, 12.462, 12.437, 12.166, 12.505, 12.686, 12.64, 13.087, 14.345, 15.203, 15.025, 15.061, 15.279, 14.725, 14.161, 15.762, 17.045, 15.647, 13.711, 12.931, 10.775, 9.204, 8.604, 9.654, 9.688, 8.162, 6.626, 5.311, 2.911, 2.82, 3.448, 3.408, 2.961, 1.769, 4.15, 3.974, 2.393, 3.48, 6.086, 5.781, 3.746, 3.674, 4.798, 5.023], [5.019, 5.399, 4.617, 4.829, 3.459, 3.06, 4.022, 4.297, 2.762, 1.581, 3.841, 4.46, 3.966, 4.172, 3.431, 1.91, 2.056, 2.364, 3.039, 2.411, 2.127, 1.802, 1.265, 0.0, 1.987, 5.808, 8.535, 10.309, 11.154, 12.216, 12.535, 12.125, 12.587, 12.638, 10.925, 10.205, 10.112, 10.634, 11.066, 9.844, 8.164, 8.148, 8.618, 9.528, 10.432, 11.689, 11.803, 11.185, 12.367, 14.373, 14.714, 12.693, 14.195, 16.654, 16.52, 15.469, 15.22, 15.872, 14.947, 14.239, 14.534, 14.386, 13.938, 12.306, 10.949, 11.278, 12.838, 12.823, 12.155, 14.056, 14.749, 15.827, 16.388, 15.59, 14.066, 13.231, 14.682, 14.687, 14.357, 16.012, 16.429, 16.647, 17.35, 18.027, 17.25, 16.226, 17.834, 17.692, 16.483, 16.668, 17.076, 17.827, 18.844, 19.435, 20.458, 19.837, 19.191, 17.893, 17.471, 16.896, 16.482, 15.372, 13.372, 13.11, 13.079, 12.814, 13.147, 13.328, 13.282, 13.728, 14.987, 15.845, 15.667, 15.691, 15.909, 15.358, 14.796, 16.399, 17.674, 16.255, 14.347, 13.58, 11.389, 9.653, 9.148, 10.265, 10.265, 8.815, 7.225, 5.897, 3.536, 3.314, 3.775, 3.748, 3.415, 2.187, 4.736, 4.649, 2.814, 4.13, 6.735, 6.404, 4.35, 4.137, 5.339, 5.654], [3.475, 3.857, 3.096, 3.217, 2.264, 1.779, 2.756, 2.957, 1.919, 2.63, 5.299, 5.954, 4.987, 4.975, 4.492, 2.75, 2.194, 2.684, 2.631, 2.074, 2.663, 2.027, 1.526, 1.987, 0.0, 4.168, 6.845, 8.641, 9.562, 10.598, 10.861, 10.452, 10.918, 11.008, 9.213, 8.536, 8.446, 8.945, 9.428, 8.171, 6.707, 6.926, 7.082, 7.999, 8.764, 10.032, 10.143, 9.517, 10.586, 12.727, 13.071, 11.026, 12.54, 14.996, 14.886, 13.838, 13.594, 14.21, 13.272, 12.592, 12.857, 12.738, 12.23, 10.644, 9.299, 9.627, 11.178, 11.165, 10.491, 12.347, 13.055, 14.275, 14.681, 13.915, 12.345, 11.592, 13.025, 13.075, 12.654, 14.323, 14.783, 14.952, 15.733, 16.291, 15.51, 14.498, 16.093, 15.958, 14.846, 14.999, 15.405, 16.2, 17.154, 17.779, 18.772, 18.194, 17.514, 16.237, 15.842, 15.291, 14.814, 13.732, 11.751, 11.445, 11.428, 11.153, 11.496, 11.678, 11.631, 12.078, 13.337, 14.195, 14.017, 14.051, 14.269, 13.716, 13.152, 14.753, 16.034, 14.604, 12.696, 11.918, 9.681, 8.121, 7.566, 8.669, 8.623, 7.116, 5.501, 4.25, 2.242, 1.935, 2.577, 2.744, 2.887, 1.746, 3.394, 3.051, 1.89, 2.54, 5.073, 4.792, 2.726, 3.018, 3.866, 4.202], [1.933, 1.964, 2.281, 2.145, 3.653, 3.997, 3.097, 3.083, 4.235, 6.744, 9.368, 10.084, 9.104, 9.027, 8.618, 6.752, 5.321, 5.176, 4.675, 4.422, 6.132, 5.636, 5.291, 5.808, 4.168, 0.0, 3.144, 5.091, 5.699, 6.743, 6.959, 6.556, 7.018, 7.126, 5.331, 4.791, 4.768, 5.294, 5.66, 4.568, 5.393, 5.727, 5.067, 4.639, 4.886, 6.13, 6.238, 5.681, 6.809, 8.845, 9.17, 7.131, 8.656, 11.11, 11.006, 9.974, 9.701, 10.362, 9.398, 8.718, 8.971, 8.865, 8.328, 6.787, 5.442, 5.784, 7.321, 7.352, 6.65, 8.451, 9.117, 10.212, 10.796, 9.997, 8.476, 7.72, 9.137, 9.198, 8.914, 10.53, 10.922, 11.089, 11.788, 12.476, 11.712, 10.766, 12.283, 12.18, 11.061, 11.155, 11.474, 12.092, 13.375, 14.129, 14.913, 14.324, 13.624, 12.347, 11.937, 11.354, 10.93, 9.798, 7.82, 7.582, 7.571, 7.297, 7.637, 7.821, 7.77, 8.251, 9.517, 10.375, 10.16, 10.183, 10.398, 9.85, 9.292, 10.891, 12.166, 10.746, 8.837, 8.143, 5.915, 4.295, 3.994, 5.046, 4.813, 3.4, 2.026, 2.073, 3.08, 3.791, 3.91, 4.741, 5.932, 4.46, 3.547, 2.748, 3.795, 2.865, 2.39, 2.355, 2.409, 2.978, 2.742, 2.735], [4.252, 4.056, 4.502, 4.295, 6.008, 6.497, 5.407, 5.112, 6.559, 9.285, 11.97, 12.617, 11.601, 11.66, 11.093, 9.263, 7.92, 7.615, 6.895, 6.986, 8.88, 8.304, 7.922, 8.535, 6.845, 3.144, 0.0, 2.36, 2.937, 3.879, 4.16, 3.726, 4.212, 4.277, 2.674, 2.21, 2.505, 2.58, 3.067, 2.573, 4.18, 4.757, 3.501, 3.227, 2.917, 3.494, 3.577, 3.224, 4.099, 5.994, 6.34, 4.299, 5.828, 8.256, 8.14, 7.086, 6.882, 7.462, 6.551, 5.91, 6.277, 6.05, 5.734, 4.877, 4.196, 4.251, 5.476, 5.321, 4.078, 6.023, 6.522, 7.71, 8.005, 7.214, 5.978, 5.18, 6.3, 6.347, 5.958, 7.639, 8.053, 8.301, 9.091, 9.614, 8.83, 7.876, 9.477, 9.217, 8.177, 8.27, 8.714, 9.583, 10.646, 11.383, 12.054, 11.464, 10.782, 9.496, 9.106, 8.577, 8.092, 7.046, 5.084, 4.794, 4.685, 4.706, 5.168, 5.236, 5.061, 5.566, 6.845, 7.648, 7.298, 7.302, 7.52, 6.972, 6.418, 8.002, 9.286, 7.889, 5.965, 5.398, 4.092, 3.905, 3.006, 3.292, 2.581, 1.758, 2.161, 3.384, 5.494, 6.244, 5.86, 7.141, 8.422, 6.972, 5.5, 4.764, 6.262, 5.296, 3.751, 3.924, 4.629, 4.857, 4.148, 4.283], [5.901, 5.587, 6.025, 5.873, 7.342, 8.003, 7.132, 6.941, 8.222, 11.127, 13.822, 14.366, 13.329, 13.374, 12.749, 10.961, 9.569, 9.405, 8.956, 9.01, 10.723, 10.107, 9.654, 10.309, 8.641, 5.091, 2.36, 0.0, 1.253, 2.312, 2.453, 2.148, 2.606, 2.549, 1.907, 1.892, 1.975, 1.822, 2.05, 1.906, 4.478, 4.861, 3.467, 3.011, 2.694, 2.828, 3.005, 3.283, 3.21, 4.182, 4.523, 2.705, 4.168, 6.488, 6.321, 5.294, 5.53, 6.245, 5.519, 5.558, 5.951, 5.829, 5.762, 5.656, 4.99, 5.071, 6.218, 6.077, 4.777, 6.47, 6.58, 7.444, 7.152, 6.587, 6.409, 5.11, 5.61, 5.199, 4.841, 6.08, 6.445, 6.537, 7.617, 8.258, 7.393, 6.35, 8.029, 7.755, 6.491, 6.548, 7.09, 7.926, 9.28, 10.188, 10.33, 9.63, 8.981, 7.667, 7.281, 6.876, 6.357, 5.363, 4.217, 4.396, 4.525, 5.283, 5.85, 5.894, 5.281, 5.666, 7.042, 7.265, 6.225, 5.582, 5.712, 5.369, 5.227, 6.539, 7.625, 6.169, 5.118, 4.803, 4.899, 5.372, 4.264, 3.982, 3.533, 3.297, 3.986, 5.316, 7.067, 7.699, 7.422, 8.789, 10.057, 8.537, 7.266, 6.527, 8.023, 6.88, 5.342, 5.568, 6.506, 6.469, 5.572, 5.566], [6.826, 6.414, 7.117, 6.763, 8.195, 9.055, 8.042, 7.799, 9.259, 12.092, 14.793, 15.42, 14.341, 14.461, 13.844, 12.057, 10.599, 10.097, 9.159, 9.607, 11.689, 11.112, 10.566, 11.154, 9.562, 5.699, 2.937, 1.253, 0.0, 1.573, 1.665, 1.59, 2.073, 1.911, 1.776, 2.107, 1.993, 1.919, 1.926, 2.183, 5.318, 5.546, 4.042, 3.421, 2.689, 2.507, 2.613, 3.059, 2.841, 3.311, 3.65, 1.85, 3.273, 5.609, 5.43, 4.572, 4.948, 5.838, 5.134, 5.214, 5.598, 5.461, 5.662, 5.475, 5.003, 5.048, 6.161, 6.057, 4.813, 6.375, 6.329, 6.924, 6.626, 6.143, 6.256, 4.875, 4.973, 4.54, 4.378, 5.412, 5.787, 5.99, 6.872, 7.487, 6.607, 5.727, 7.375, 7.087, 5.671, 5.717, 6.332, 7.104, 8.613, 9.482, 9.499, 8.75, 8.156, 6.799, 6.392, 5.936, 5.519, 4.518, 3.723, 4.269, 4.507, 5.296, 5.865, 5.906, 5.18, 5.581, 6.904, 6.978, 5.788, 4.881, 4.957, 4.863, 5.012, 5.915, 6.985, 5.609, 4.763, 4.391, 4.969, 5.274, 4.25, 3.918, 3.381, 3.504, 4.472, 5.96, 8.092, 8.587, 8.412, 9.862, 11.121, 9.59, 7.641, 7.103, 8.958, 7.597, 5.608, 5.921, 7.265, 7.456, 6.469, 6.407], [7.786, 7.364, 8.087, 7.715, 9.152, 9.98, 8.961, 8.663, 10.184, 13.084, 15.779, 16.367, 15.283, 15.428, 14.811, 13.025, 11.569, 11.108, 9.846, 10.683, 12.675, 12.065, 11.647, 12.216, 10.598, 6.743, 3.879, 2.312, 1.573, 0.0, 1.046, 1.126, 1.292, 1.209, 2.021, 2.377, 2.543, 2.118, 2.025, 2.606, 6.091, 6.333, 4.661, 3.917, 2.86, 1.835, 2.232, 2.852, 2.377, 2.418, 2.716, 1.349, 2.321, 4.616, 4.425, 3.74, 4.276, 5.209, 4.669, 4.809, 5.224, 5.032, 5.448, 5.291, 4.763, 4.735, 5.897, 5.745, 4.547, 6.145, 6.161, 6.727, 6.193, 5.718, 6.147, 4.682, 4.406, 4.055, 3.814, 4.611, 4.956, 5.118, 5.976, 6.605, 5.787, 4.867, 6.512, 6.238, 4.773, 4.767, 5.428, 6.189, 7.761, 8.692, 8.641, 7.723, 7.142, 5.713, 5.324, 4.878, 4.487, 3.536, 3.127, 3.951, 4.12, 4.838, 5.409, 5.5, 4.856, 5.244, 6.619, 6.581, 5.181, 4.056, 4.099, 4.293, 4.497, 5.24, 6.23, 4.961, 4.243, 3.666, 4.654, 5.082, 4.141, 3.798, 3.423, 3.795, 5.413, 6.852, 9.062, 9.496, 9.369, 10.829, 12.053, 10.514, 7.968, 7.863, 9.932, 8.504, 6.086, 6.332, 8.204, 8.436, 7.381, 7.311], [7.919, 7.484, 8.327, 8.004, 9.46, 10.33, 9.315, 9.005, 10.529, 13.366, 16.041, 16.639, 15.606, 15.671, 15.104, 13.276, 11.819, 11.28, 10.051, 10.926, 12.924, 12.308, 11.908, 12.535, 10.861, 6.959, 4.16, 2.453, 1.665, 1.046, 0.0, 1.209, 1.496, 1.186, 2.144, 2.771, 2.735, 2.338, 2.001, 2.883, 6.384, 6.653, 4.965, 4.044, 3.03, 2.011, 2.089, 2.885, 2.349, 2.045, 2.454, 1.04, 1.967, 4.268, 4.137, 3.35, 3.913, 4.962, 4.308, 4.595, 4.962, 4.823, 5.194, 5.129, 4.682, 4.68, 5.811, 5.702, 4.481, 5.969, 5.857, 6.379, 5.788, 5.398, 5.813, 4.42, 4.248, 3.725, 3.532, 4.4, 4.659, 4.781, 5.636, 6.27, 5.464, 4.536, 6.208, 6.018, 4.798, 4.513, 5.076, 5.815, 7.598, 8.614, 8.32, 7.483, 6.784, 5.449, 5.062, 4.559, 4.106, 3.205, 2.894, 3.926, 4.191, 4.961, 5.52, 5.552, 4.838, 5.223, 6.564, 6.458, 5.023, 3.805, 3.912, 4.182, 4.578, 5.134, 5.995, 4.769, 4.332, 3.526, 4.606, 5.183, 4.541, 3.93, 3.502, 4.065, 5.623, 7.174, 9.352, 9.89, 9.678, 11.111, 12.394, 10.864, 8.405, 8.108, 10.165, 8.612, 6.315, 6.46, 8.528, 8.714, 7.519, 7.299], [7.608, 7.221, 7.886, 7.613, 9.083, 9.915, 8.91, 8.6, 10.096, 12.944, 15.631, 16.202, 15.18, 15.233, 14.657, 12.837, 11.376, 10.915, 9.678, 10.517, 12.505, 11.925, 11.488, 12.125, 10.452, 6.556, 3.726, 2.148, 1.59, 1.126, 1.209, 0.0, 1.069, 1.322, 1.752, 2.255, 2.358, 2.271, 2.203, 2.565, 5.968, 6.273, 4.59, 3.926, 3.04, 1.838, 2.217, 2.859, 2.406, 2.592, 2.967, 1.67, 2.286, 4.664, 4.498, 3.623, 4.125, 4.994, 4.328, 4.457, 4.846, 4.666, 4.786, 4.688, 4.154, 4.215, 5.339, 5.227, 4.005, 5.493, 5.534, 6.215, 5.753, 5.292, 5.361, 4.048, 4.227, 3.806, 3.494, 4.453, 4.76, 4.84, 5.853, 6.498, 5.659, 4.682, 6.354, 6.053, 4.763, 4.78, 5.291, 6.092, 7.589, 8.547, 8.553, 7.813, 7.174, 5.821, 5.418, 4.979, 4.609, 3.606, 2.917, 3.49, 3.811, 4.502, 5.04, 5.064, 4.375, 4.777, 6.134, 6.262, 4.979, 3.96, 4.026, 4.063, 4.226, 5.109, 6.114, 4.875, 3.931, 3.64, 4.149, 4.894, 3.862, 3.614, 3.422, 3.664, 5.229, 6.733, 8.928, 9.512, 9.283, 10.665, 11.967, 10.447, 7.872, 7.677, 9.789, 8.29, 6.147, 6.216, 8.09, 8.28, 7.241, 7.185], [8.058, 7.663, 8.31, 8.049, 9.458, 10.285, 9.282, 8.976, 10.478, 13.415, 16.088, 16.667, 15.629, 15.662, 15.053, 13.259, 11.836, 11.407, 10.271, 11.049, 12.971, 12.369, 11.947, 12.587, 10.918, 7.018, 4.212, 2.606, 2.073, 1.292, 1.496, 1.069, 0.0, 1.046, 2.035, 2.614, 2.814, 2.614, 2.68, 2.956, 6.398, 6.629, 4.91, 4.131, 3.346, 2.227, 2.571, 3.18, 2.786, 2.456, 2.845, 1.774, 1.953, 4.232, 4.055, 3.265, 4.13, 5.033, 4.474, 4.664, 5.027, 4.814, 5.061, 4.958, 4.365, 4.337, 5.521, 5.369, 4.15, 5.749, 5.851, 6.498, 5.952, 5.461, 5.743, 4.416, 4.282, 3.911, 3.488, 4.22, 4.646, 4.79, 5.625, 6.266, 5.395, 4.414, 6.105, 5.845, 4.547, 4.482, 5.103, 5.828, 7.384, 8.347, 8.214, 7.411, 6.774, 5.41, 5.023, 4.595, 4.305, 3.291, 3.013, 3.618, 3.949, 4.539, 5.067, 5.053, 4.533, 4.88, 6.282, 6.396, 5.044, 3.883, 3.905, 4.088, 4.142, 5.133, 6.024, 4.74, 4.05, 3.788, 4.392, 5.044, 4.097, 3.896, 3.881, 4.116, 5.725, 7.123, 9.31, 9.91, 9.679, 11.088, 12.346, 10.817, 8.224, 8.136, 10.241, 8.852, 6.456, 6.657, 8.479, 8.702, 7.678, 7.551], [8.092, 7.618, 8.406, 8.069, 9.454, 10.322, 9.317, 8.999, 10.518, 13.496, 16.193, 16.738, 15.658, 15.755, 15.133, 13.348, 11.923, 11.414, 10.288, 11.085, 13.079, 12.477, 12.038, 12.638, 11.008, 7.126, 4.277, 2.549, 1.911, 1.209, 1.186, 1.322, 1.046, 0.0, 1.957, 2.623, 2.853, 2.408, 2.496, 2.987, 6.491, 6.693, 4.998, 4.147, 3.217, 2.045, 2.303, 3.007, 2.527, 2.218, 2.519, 1.477, 1.979, 4.174, 3.969, 3.144, 3.937, 4.947, 4.468, 4.636, 5.019, 4.836, 5.116, 5.03, 4.439, 4.391, 5.563, 5.419, 4.191, 5.819, 5.899, 6.538, 5.894, 5.514, 5.822, 4.506, 4.258, 3.745, 3.54, 4.279, 4.512, 4.788, 5.748, 6.335, 5.515, 4.574, 6.285, 6.046, 4.686, 4.418, 5.193, 5.92, 7.602, 8.64, 8.326, 7.33, 6.682, 5.288, 4.933, 4.529, 4.089, 3.084, 2.926, 3.563, 3.859, 4.583, 5.153, 5.146, 4.566, 4.924, 6.325, 6.356, 4.987, 3.657, 3.746, 3.961, 4.167, 5.021, 5.885, 4.65, 4.03, 3.433, 4.402, 4.815, 4.149, 3.541, 3.504, 4.126, 5.77, 7.181, 9.397, 9.876, 9.732, 11.155, 12.395, 10.858, 8.347, 8.145, 10.311, 8.826, 6.278, 6.544, 8.547, 8.753, 7.585, 7.316], [6.385, 6.081, 6.574, 6.298, 7.823, 8.577, 7.56, 7.243, 8.749, 11.743, 14.381, 14.944, 13.909, 13.888, 13.311, 11.492, 10.073, 9.642, 8.658, 9.258, 11.257, 10.67, 10.241, 10.925, 9.213, 5.331, 2.674, 1.907, 1.776, 2.021, 2.144, 1.752, 2.035, 1.957, 0.0, 1.038, 1.517, 1.69, 2.219, 1.877, 4.896, 5.059, 3.564, 3.097, 2.485, 2.188, 2.188, 2.753, 2.698, 3.648, 4.09, 2.493, 3.645, 6.007, 5.834, 4.81, 4.934, 5.705, 4.933, 5.096, 5.464, 5.385, 5.316, 5.343, 4.573, 4.651, 5.839, 5.68, 4.251, 6.092, 6.181, 6.866, 6.495, 6.03, 5.932, 4.712, 4.969, 4.552, 4.181, 5.621, 5.875, 6.004, 7.066, 7.697, 6.862, 5.771, 7.466, 7.233, 6.012, 6.001, 6.539, 7.371, 8.749, 9.757, 9.827, 9.07, 8.416, 7.098, 6.78, 6.368, 5.846, 4.794, 3.648, 3.981, 4.045, 4.707, 5.262, 5.372, 4.898, 5.22, 6.625, 6.834, 5.55, 4.973, 5.15, 4.76, 4.521, 5.84, 6.97, 5.659, 4.294, 4.14, 4.273, 4.623, 3.58, 3.542, 2.784, 2.648, 3.993, 5.379, 7.557, 8.256, 7.939, 9.337, 10.619, 9.1, 6.735, 6.372, 8.541, 7.007, 5.045, 5.033, 6.832, 6.987, 5.89, 5.916], [5.934, 5.694, 5.992, 5.706, 7.359, 7.885, 6.83, 6.539, 7.983, 11.022, 13.717, 14.229, 13.148, 13.226, 12.554, 10.794, 9.407, 9.21, 8.177, 8.682, 10.613, 10.003, 9.564, 10.205, 8.536, 4.791, 2.21, 1.892, 2.107, 2.377, 2.771, 2.255, 2.614, 2.623, 1.038, 0.0, 1.264, 1.852, 2.475, 1.816, 4.347, 4.523, 3.139, 2.783, 2.331, 2.473, 2.654, 2.863, 2.924, 4.327, 4.801, 2.958, 4.353, 6.702, 6.49, 5.443, 5.524, 6.205, 5.506, 5.608, 5.995, 5.901, 5.804, 5.649, 4.844, 4.892, 6.101, 5.923, 4.551, 6.546, 6.708, 7.417, 7.114, 6.563, 6.314, 5.131, 5.475, 5.023, 4.634, 6.077, 6.488, 6.615, 7.646, 8.286, 7.425, 6.272, 7.992, 7.706, 6.479, 6.635, 7.188, 8.073, 9.159, 10.051, 10.447, 9.732, 9.057, 7.77, 7.448, 7.049, 6.529, 5.464, 4.172, 4.396, 4.365, 4.92, 5.47, 5.556, 5.173, 5.601, 6.894, 7.291, 6.059, 5.606, 5.79, 5.287, 4.952, 6.374, 7.571, 6.22, 4.78, 4.66, 4.625, 4.814, 3.848, 3.84, 2.841, 2.203, 3.527, 4.641, 6.839, 7.606, 7.27, 8.601, 9.863, 8.359, 6.211, 5.969, 7.984, 6.618, 4.763, 4.642, 6.073, 6.283, 5.455, 5.641], [5.819, 5.589, 5.914, 5.623, 7.397, 7.907, 6.771, 6.606, 7.91, 10.859, 13.566, 14.076, 13.014, 13.059, 12.487, 10.627, 9.373, 9.049, 7.974, 8.517, 10.435, 9.841, 9.511, 10.112, 8.446, 4.768, 2.505, 1.975, 1.993, 2.543, 2.735, 2.358, 2.814, 2.853, 1.517, 1.264, 0.0, 1.303, 1.867, 1.342, 3.989, 4.235, 2.693, 2.068, 1.986, 2.662, 3.047, 3.296, 3.084, 4.464, 4.838, 2.828, 4.481, 6.839, 6.657, 5.614, 6.048, 6.79, 6.084, 6.206, 6.596, 6.483, 6.453, 6.376, 5.624, 5.696, 6.893, 6.726, 5.285, 7.213, 7.342, 8.01, 7.658, 7.154, 6.957, 5.747, 6.082, 5.565, 4.859, 6.076, 6.723, 6.766, 7.618, 8.202, 7.377, 6.185, 7.909, 7.744, 6.712, 6.803, 7.29, 8.192, 9.108, 10.109, 10.583, 9.885, 9.206, 7.923, 7.598, 7.174, 6.638, 5.65, 4.778, 5.062, 5.094, 5.739, 6.291, 6.382, 5.927, 6.282, 7.677, 7.948, 6.674, 5.793, 5.965, 5.722, 5.6, 6.875, 7.939, 6.67, 5.383, 5.239, 5.328, 5.569, 4.624, 4.597, 3.443, 2.713, 3.247, 4.539, 6.815, 7.653, 7.236, 8.472, 9.767, 8.358, 6.418, 6.042, 7.768, 6.409, 4.761, 4.909, 5.995, 6.2, 5.282, 5.556], [6.2, 5.965, 6.378, 5.986, 7.619, 8.249, 7.216, 7.046, 8.375, 11.367, 14.068, 14.59, 13.489, 13.598, 12.974, 11.187, 9.879, 9.48, 8.689, 9.083, 10.956, 10.353, 9.957, 10.634, 8.945, 5.294, 2.58, 1.822, 1.919, 2.118, 2.338, 2.271, 2.614, 2.408, 1.69, 1.852, 1.303, 0.0, 1.169, 1.237, 4.373, 4.539, 2.934, 2.238, 1.869, 2.483, 2.841, 3.237, 2.776, 3.93, 4.362, 2.452, 4.018, 6.299, 6.172, 5.208, 5.738, 6.466, 5.881, 5.946, 6.406, 6.257, 6.41, 6.32, 5.582, 5.655, 6.861, 6.682, 5.28, 7.162, 7.23, 7.843, 7.441, 7.001, 7.02, 5.624, 5.781, 5.183, 4.737, 5.79, 6.234, 6