[[0.0, 1.054, 2.857, 6.404, 7.135, 7.894, 8.181, 6.68, 3.043, 3.477, 6.282, 7.268, 8.983, 9.767, 10.426, 12.316, 9.519, 8.276, 7.454, 3.682, 4.969, 8.608, 9.643, 11.725, 12.039, 13.07, 11.729, 11.514, 12.059, 12.635, 11.255, 7.418, 7.231, 8.105, 6.979, 6.392, 7.803, 8.054, 6.505, 6.513, 5.995, 4.259, 6.052, 9.106, 8.57, 7.365, 6.942, 8.37, 10.061, 8.587, 5.968, 6.567, 7.001], [1.054, 0.0, 2.241, 5.908, 6.642, 7.394, 7.681, 6.141, 2.4, 2.969, 5.798, 6.811, 8.499, 9.284, 9.916, 11.829, 9.027, 7.768, 6.959, 3.371, 4.667, 8.14, 9.137, 11.227, 11.535, 12.566, 11.192, 11.02, 11.549, 12.149, 10.755, 6.962, 6.76, 7.609, 6.513, 5.944, 7.326, 7.584, 6.077, 6.056, 5.523, 3.77, 5.557, 8.601, 8.06, 6.851, 6.43, 7.854, 9.558, 8.093, 5.46, 6.07, 6.512], [2.857, 2.241, 0.0, 3.898, 4.737, 5.629, 5.848, 4.37, 1.78, 2.062, 3.994, 4.992, 6.646, 7.374, 7.99, 9.789, 7.068, 5.827, 5.089, 2.923, 3.942, 6.381, 7.317, 9.369, 9.65, 10.523, 9.343, 9.087, 9.542, 10.454, 8.775, 5.095, 5.046, 5.834, 4.714, 4.619, 5.712, 5.941, 4.828, 4.401, 3.793, 2.313, 3.517, 6.55, 6.117, 4.893, 4.443, 5.879, 7.593, 6.068, 3.945, 4.175, 4.542], [6.404, 5.908, 3.898, 0.0, 1.575, 2.041, 2.165, 1.831, 3.912, 3.434, 2.408, 2.141, 3.234, 3.621, 4.134, 5.959, 3.579, 2.694, 2.64, 3.982, 4.15, 3.552, 3.607, 5.614, 5.854, 6.819, 5.792, 5.316, 5.833, 6.717, 4.965, 2.595, 3.392, 3.662, 2.959, 3.045, 2.87, 4.109, 3.662, 3.034, 2.762, 2.882, 1.749, 2.75, 2.383, 3.079, 3.506, 3.312, 3.852, 3.104, 3.651, 2.756, 1.728], [7.135, 6.642, 4.737, 1.575, 0.0, 1.133, 1.478, 1.509, 4.529, 3.943, 2.524, 2.48, 3.257, 3.328, 3.385, 5.23, 3.275, 2.387, 2.624, 4.92, 4.602, 3.521, 3.685, 5.058, 5.207, 6.031, 4.96, 4.536, 5.128, 5.84, 4.351, 2.681, 3.42, 3.646, 3.081, 3.079, 3.089, 4.237, 3.751, 3.057, 2.844, 3.521, 2.278, 2.176, 1.827, 2.922, 3.359, 2.807, 3.376, 2.976, 3.634, 2.792, 1.831], [7.894, 7.394, 5.629, 2.041, 1.133, 0.0, 0.935, 1.754, 5.277, 4.665, 2.843, 2.531, 3.106, 3.043, 2.745, 4.542, 3.071, 2.307, 2.772, 5.702, 4.966, 3.553, 3.297, 4.394, 4.538, 5.309, 4.158, 3.955, 4.571, 5.025, 3.818, 2.71, 3.566, 3.659, 3.452, 3.212, 3.01, 4.378, 3.896, 3.396, 3.136, 4.226, 3.014, 1.812, 1.663, 3.299, 3.721, 2.992, 2.923, 3.104, 4.017, 3.08, 2.273], [8.181, 7.681, 5.848, 2.165, 1.478, 0.935, 0.0, 2.078, 5.478, 4.926, 3.2, 2.847, 3.407, 3.481, 2.894, 4.349, 3.438, 2.671, 3.236, 5.882, 5.263, 4.053, 3.564, 4.391, 4.505, 5.065, 4.133, 3.964, 4.383, 4.897, 3.684, 3.173, 4.017, 4.157, 3.97, 3.672, 3.484, 4.835, 4.371, 3.905, 3.616, 4.437, 3.132, 2.015, 1.732, 3.525, 3.957, 3.263, 3.275, 3.349, 4.267, 3.4, 2.465], [6.68, 6.141, 4.37, 1.831, 1.509, 1.754, 2.078, 0.0, 3.946, 3.359, 2.164, 2.289, 3.689, 3.828, 4.129, 5.859, 3.736, 2.838, 3.097, 4.588, 4.233, 4.109, 4.131, 5.672, 5.932, 6.676, 5.528, 5.188, 5.547, 6.388, 4.949, 3.11, 3.603, 3.83, 3.516, 3.42, 3.429, 4.652, 4.085, 3.346, 2.786, 3.201, 1.928, 2.647, 2.201, 2.619, 2.908, 2.805, 3.781, 2.712, 3.126, 2.692, 2.143], [3.043, 2.4, 1.78, 3.912, 4.529, 5.277, 5.478, 3.946, 0.0, 2.184, 4.121, 5.154, 6.789, 7.258, 7.778, 9.589, 6.806, 5.606, 5.463, 4.037, 4.977, 6.577, 7.348, 9.328, 9.561, 10.375, 9.182, 8.866, 9.306, 9.987, 8.506, 5.557, 5.718, 6.305, 5.564, 5.547, 6.116, 6.932, 5.991, 5.223, 4.357, 3.307, 3.478, 6.323, 5.811, 4.832, 4.41, 5.661, 7.449, 5.91, 3.85, 4.327, 4.393], [3.477, 2.969, 2.062, 3.434, 3.943, 4.665, 4.926, 3.359, 2.184, 0.0, 3.191, 4.331, 6.017, 6.484, 7.124, 8.999, 6.222, 5.013, 4.381, 2.589, 3.324, 5.755, 6.552, 8.512, 8.836, 9.798, 8.466, 8.299, 8.747, 9.422, 7.957, 4.432, 4.355, 5.254, 4.155, 4.031, 5.22, 5.416, 4.218, 3.789, 3.229, 2.071, 2.855, 5.745, 5.204, 4.039, 3.594, 5.031, 6.811, 5.317, 2.792, 3.285, 3.717], [6.282, 5.798, 3.994, 2.408, 2.524, 2.843, 3.2, 2.164, 4.121, 3.191, 0.0, 1.577, 2.962, 3.522, 4.169, 6.089, 3.335, 2.429, 1.882, 3.788, 2.474, 2.688, 3.657, 5.572, 5.881, 6.984, 6.106, 5.747, 6.398, 7.255, 5.219, 2.034, 1.943, 2.701, 2.913, 2.026, 2.318, 3.01, 2.363, 2.128, 1.318, 2.345, 1.948, 3.087, 2.745, 1.484, 1.881, 2.323, 3.897, 2.438, 2.151, 1.448, 1.769], [7.268, 6.811, 4.992, 2.141, 2.48, 2.531, 2.847, 2.289, 5.154, 4.331, 1.577, 0.0, 2.042, 2.805, 3.357, 5.203, 2.668, 1.921, 1.898, 4.525, 3.394, 2.126, 2.581, 4.567, 4.893, 6.105, 5.218, 4.67, 5.416, 6.247, 4.252, 1.652, 2.239, 2.651, 3.03, 2.209, 1.55, 2.868, 2.664, 2.563, 1.942, 3.165, 2.459, 2.341, 2.374, 2.137, 2.586, 2.557, 3.154, 2.25, 2.774, 2.53, 2.212], [8.983, 8.499, 6.646, 3.234, 3.257, 3.106, 3.407, 3.689, 6.789, 6.017, 2.962, 2.042, 0.0, 1.6, 2.537, 3.412, 1.446, 2.165, 2.137, 6.308, 4.736, 1.542, 2.338, 3.771, 3.952, 5.041, 4.249, 4.15, 4.942, 5.839, 3.461, 1.974, 2.321, 2.138, 3.303, 2.914, 1.877, 2.167, 2.807, 3.023, 3.102, 4.909, 3.799, 2.254, 2.7, 2.994, 3.302, 2.472, 1.829, 2.316, 4.111, 3.451, 3.097], [9.767, 9.284, 7.374, 3.621, 3.328, 3.043, 3.481, 3.828, 7.258, 6.484, 3.522, 2.805, 1.6, 0.0, 1.768, 2.599, 1.199, 2.109, 2.703, 7.106, 5.543, 1.735, 2.035, 2.915, 3.073, 4.162, 3.494, 3.307, 4.131, 4.769, 2.863, 2.491, 2.757, 2.158, 3.355, 3.512, 2.289, 2.505, 3.511, 3.555, 3.902, 5.642, 4.266, 2.225, 2.774, 3.122, 3.489, 2.407, 1.259, 2.333, 4.248, 3.631, 3.361], [10.426, 9.916, 7.99, 4.134, 3.385, 2.745, 2.894, 4.129, 7.778, 7.124, 4.169, 3.357, 2.537, 1.768, 0.0, 2.226, 2.309, 2.543, 3.28, 7.698, 6.196, 2.699, 2.125, 2.815, 2.815, 3.526, 3.254, 2.741, 3.476, 3.945, 2.579, 3.08, 3.419, 2.935, 3.609, 4.133, 2.791, 3.054, 4.161, 4.105, 4.542, 6.247, 4.758, 2.074, 2.656, 3.83, 4.264, 2.736, 1.514, 2.775, 4.744, 4.147, 3.817], [12.316, 11.829, 9.789, 5.959, 5.23, 4.542, 4.349, 5.859, 9.589, 8.999, 6.089, 5.203, 3.412, 2.599, 2.226, 0.0, 2.896, 4.236, 5.021, 9.641, 8.099, 4.053, 2.921, 2.367, 2.157, 3.21, 3.254, 2.881, 3.367, 3.699, 2.677, 4.965, 5.233, 4.308, 5.417, 6.068, 4.709, 4.46, 6.022, 6.033, 6.477, 8.182, 6.466, 3.625, 4.243, 5.289, 5.612, 4.208, 2.483, 4.119, 6.567, 5.927, 5.573], [9.519, 9.027, 7.068, 3.579, 3.275, 3.071, 3.438, 3.736, 6.806, 6.222, 3.335, 2.668, 1.446, 1.199, 2.309, 2.896, 0.0, 1.679, 2.394, 6.942, 5.369, 1.952, 2.277, 3.553, 3.666, 4.485, 3.886, 3.596, 4.254, 5.218, 2.944, 2.301, 2.677, 2.262, 3.338, 3.375, 2.248, 2.594, 3.293, 3.44, 3.712, 5.451, 3.925, 2.099, 2.603, 2.789, 3.087, 2.28, 1.65, 2.248, 3.902, 3.343, 2.96], [8.276, 7.768, 5.827, 2.694, 2.387, 2.307, 2.671, 2.838, 5.606, 5.013, 2.429, 1.921, 2.165, 2.109, 2.543, 4.236, 1.679, 0.0, 1.751, 5.804, 4.66, 2.028, 2.27, 4.105, 4.318, 5.118, 4.352, 3.762, 4.264, 5.129, 3.333, 1.462, 2.206, 1.982, 2.22, 2.224, 1.612, 2.611, 2.502, 2.273, 2.676, 4.281, 3.129, 1.69, 2.195, 2.436, 3.14, 2.437, 2.302, 2.569, 3.309, 2.825, 2.051], [7.454, 6.959, 5.089, 2.64, 2.624, 2.772, 3.236, 3.097, 5.463, 4.381, 1.882, 1.898, 2.137, 2.703, 3.28, 5.021, 2.394, 1.751, 0.0, 4.655, 3.256, 2.102, 3.06, 5.031, 5.295, 6.411, 5.741, 5.031, 5.661, 6.637, 4.576, 1.487, 1.641, 2.11, 2.27, 1.541, 1.512, 1.884, 1.898, 1.87, 1.916, 3.286, 2.693, 2.36, 2.36, 2.274, 2.894, 2.565, 3.004, 2.57, 2.919, 2.109, 1.794], [3.682, 3.371, 2.923, 3.982, 4.92, 5.702, 5.882, 4.588, 4.037, 2.589, 3.788, 4.525, 6.308, 7.106, 7.698, 9.641, 6.942, 5.804, 4.655, 0.0, 2.21, 5.726, 6.892, 9.052, 9.351, 10.539, 9.506, 8.848, 9.563, 10.419, 8.691, 4.859, 4.632, 5.672, 4.723, 3.677, 5.036, 5.308, 3.707, 3.821, 3.444, 1.95, 3.381, 6.459, 5.931, 4.853, 4.679, 5.836, 7.483, 5.936, 3.926, 4.132, 4.381], [4.969, 4.667, 3.942, 4.15, 4.602, 4.966, 5.263, 4.233, 4.977, 3.324, 2.474, 3.394, 4.736, 5.543, 6.196, 8.099, 5.369, 4.66, 3.256, 2.21, 0.0, 4.232, 5.628, 7.66, 7.959, 9.213, 8.421, 7.882, 8.607, 9.541, 7.409, 3.73, 3.154, 4.32, 4.311, 2.828, 3.778, 3.809, 2.519, 3.205, 2.282, 1.969, 3.347, 5.133, 4.668, 3.286, 3.191, 4.388, 5.922, 4.391, 2.865, 2.43, 3.505], [8.608, 8.14, 6.381, 3.552, 3.521, 3.553, 4.053, 4.109, 6.577, 5.755, 2.688, 2.126, 1.542, 1.735, 2.699, 4.053, 1.952, 2.028, 2.102, 5.726, 4.232, 0.0, 2.284, 3.719, 3.933, 5.15, 4.304, 4.265, 5.195, 5.847, 3.656, 1.66, 1.938, 1.548, 2.518, 2.309, 1.591, 1.84, 2.366, 2.339, 2.721, 4.539, 3.851, 2.94, 3.425, 2.912, 3.437, 2.636, 2.12, 2.951, 3.988, 3.407, 3.053], [9.643, 9.137, 7.317, 3.607, 3.685, 3.297, 3.564, 4.131, 7.348, 6.552, 3.657, 2.581, 2.338, 2.035, 2.125, 2.921, 2.277, 2.27, 3.06, 6.892, 5.628, 2.284, 0.0, 2.232, 2.533, 3.904, 3.383, 2.501, 3.108, 3.939, 2.285, 2.497, 3.272, 2.721, 2.977, 3.336, 2.322, 2.837, 3.592, 3.294, 3.737, 5.487, 4.501, 2.713, 3.17, 4.08, 4.571, 3.702, 2.588, 3.691, 4.739, 4.249, 3.762], [11.725, 11.227, 9.369, 5.614, 5.058, 4.394, 4.391, 5.672, 9.328, 8.512, 5.572, 4.567, 3.771, 2.915, 2.815, 2.367, 3.553, 4.105, 5.031, 9.052, 7.66, 3.719, 2.232, 0.0, 1.249, 2.851, 2.855, 1.819, 2.233, 2.661, 2.034, 4.556, 4.967, 4.112, 4.986, 5.416, 4.371, 4.596, 5.674, 5.448, 5.879, 7.628, 6.428, 4.013, 4.497, 5.591, 5.988, 4.641, 3.342, 4.936, 6.473, 5.998, 5.64], [12.039, 11.535, 9.65, 5.854, 5.207, 4.538, 4.505, 5.932, 9.561, 8.836, 5.881, 4.893, 3.952, 3.073, 2.815, 2.157, 3.666, 4.318, 5.295, 9.351, 7.959, 3.933, 2.533, 1.249, 0.0, 2.116, 2.103, 1.478, 1.875, 2.305, 1.52, 4.801, 5.27, 4.32, 5.284, 5.751, 4.638, 4.852, 5.941, 5.737, 6.141, 7.887, 6.687, 4.092, 4.649, 5.765, 6.134, 4.732, 3.329, 5.01, 6.749, 6.218, 5.831], [13.07, 12.566, 10.523, 6.819, 6.031, 5.309, 5.065, 6.676, 10.375, 9.798, 6.984, 6.105, 5.041, 4.162, 3.526, 3.21, 4.485, 5.118, 6.411, 10.539, 9.213, 5.15, 3.904, 2.851, 2.116, 0.0, 1.562, 2.13, 2.049, 2.168, 2.094, 5.772, 6.266, 5.098, 6.183, 6.933, 5.874, 6.007, 7.071, 6.817, 7.297, 9.031, 7.467, 4.824, 5.496, 6.555, 6.907, 5.418, 3.99, 5.731, 7.693, 7.206, 6.703], [11.729, 11.192, 9.343, 5.792, 4.96, 4.158, 4.133, 5.528, 9.182, 8.466, 6.106, 5.218, 4.249, 3.494, 3.254, 3.254, 3.886, 4.352, 5.741, 9.506, 8.421, 4.304, 3.383, 2.855, 2.103, 1.562, 0.0, 2.035, 2.281, 2.355, 1.728, 4.924, 5.544, 4.483, 5.121, 6.024, 5.052, 5.423, 6.262, 5.773, 6.358, 8.073, 6.901, 4.339, 4.929, 5.955, 6.29, 4.837, 3.503, 5.193, 7.0, 6.542, 6.066], [11.514, 11.02, 9.087, 5.316, 4.536, 3.955, 3.964, 5.188, 8.866, 8.299, 5.747, 4.67, 4.15, 3.307, 2.741, 2.881, 3.596, 3.762, 5.031, 8.848, 7.882, 4.265, 2.501, 1.819, 1.478, 2.13, 2.035, 0.0, 1.438, 1.904, 1.256, 4.424, 5.035, 4.336, 4.698, 5.436, 4.43, 4.826, 5.825, 5.285, 5.843, 7.427, 6.179, 3.648, 4.22, 5.441, 5.96, 4.508, 3.331, 4.717, 6.305, 5.858, 5.278], [12.059, 11.549, 9.542, 5.833, 5.128, 4.571, 4.383, 5.547, 9.306, 8.747, 6.398, 5.416, 4.942, 4.131, 3.476, 3.367, 4.254, 4.264, 5.661, 9.563, 8.607, 5.195, 3.108, 2.233, 1.875, 2.049, 2.281, 1.438, 0.0, 1.585, 1.693, 4.988, 5.757, 5.002, 5.206, 6.139, 5.126, 5.559, 6.367, 5.919, 6.504, 8.133, 6.555, 4.058, 4.6, 6.043, 6.491, 5.165, 4.101, 5.415, 6.766, 6.491, 5.701], [12.635, 12.149, 10.454, 6.717, 5.84, 5.025, 4.897, 6.388, 9.987, 9.422, 7.255, 6.247, 5.839, 4.769, 3.945, 3.699, 5.218, 5.129, 6.637, 10.419, 9.541, 5.847, 3.939, 2.661, 2.305, 2.168, 2.355, 1.904, 1.585, 0.0, 2.437, 5.924, 6.519, 5.774, 6.034, 6.957, 6.042, 6.523, 7.413, 6.789, 7.391, 8.955, 7.587, 4.901, 5.426, 6.837, 7.372, 6.024, 4.805, 6.391, 7.669, 7.388, 6.618], [11.255, 10.755, 8.775, 4.965, 4.351, 3.818, 3.684, 4.949, 8.506, 7.957, 5.219, 4.252, 3.461, 2.863, 2.579, 2.677, 2.944, 3.333, 4.576, 8.691, 7.409, 3.656, 2.285, 2.034, 1.52, 2.094, 1.728, 1.256, 1.693, 2.437, 0.0, 3.979, 4.495, 3.825, 4.397, 5.06, 4.038, 4.3, 5.276, 5.041, 5.442, 7.205, 5.673, 3.325, 3.957, 4.853, 5.238, 4.109, 3.077, 4.363, 5.899, 5.429, 4.878], [7.418, 6.962, 5.095, 2.595, 2.681, 2.71, 3.173, 3.11, 5.557, 4.432, 2.034, 1.652, 1.974, 2.491, 3.08, 4.965, 2.301, 1.462, 1.487, 4.859, 3.73, 1.66, 2.497, 4.556, 4.801, 5.772, 4.924, 4.424, 4.988, 5.924, 3.979, 0.0, 1.342, 1.591, 1.714, 1.426, 1.252, 1.845, 1.758, 1.679, 1.77, 3.432, 2.863, 2.276, 2.785, 2.299, 2.92, 2.407, 2.767, 2.673, 2.778, 2.491, 2.037], [7.231, 6.76, 5.046, 3.392, 3.42, 3.566, 4.017, 3.603, 5.718, 4.355, 1.943, 2.239, 2.321, 2.757, 3.419, 5.233, 2.677, 2.206, 1.641, 4.632, 3.154, 1.938, 3.272, 4.967, 5.27, 6.266, 5.544, 5.035, 5.757, 6.519, 4.495, 1.342, 0.0, 1.433, 2.091, 1.499, 1.838, 1.725, 1.69, 1.868, 1.939, 3.373, 3.113, 2.898, 3.232, 1.982, 2.589, 2.066, 3.038, 2.474, 2.762, 2.315, 2.389], [8.105, 7.609, 5.834, 3.662, 3.646, 3.659, 4.157, 3.83, 6.305, 5.254, 2.701, 2.651, 2.138, 2.158, 2.935, 4.308, 2.262, 1.982, 2.11, 5.672, 4.32, 1.548, 2.721, 4.112, 4.32, 5.098, 4.483, 4.336, 5.002, 5.774, 3.825, 1.591, 1.433, 0.0, 1.998, 2.084, 1.803, 1.612, 2.289, 2.259, 2.909, 4.347, 3.845, 3.168, 3.711, 2.907, 3.422, 2.516, 2.324, 2.973, 3.842, 3.416, 3.002], [6.979, 6.513, 4.714, 2.959, 3.081, 3.452, 3.97, 3.516, 5.564, 4.155, 2.913, 3.03, 3.303, 3.355, 3.609, 5.417, 3.338, 2.22, 2.27, 4.723, 4.311, 2.518, 2.977, 4.986, 5.284, 6.183, 5.121, 4.698, 5.206, 6.034, 4.397, 1.714, 2.091, 1.998, 0.0, 1.77, 2.207, 2.01, 2.103, 1.467, 2.578, 3.623, 3.399, 3.456, 3.895, 3.494, 4.104, 3.663, 3.517, 4.029, 3.986, 3.584, 2.942], [6.392, 5.944, 4.619, 3.045, 3.079, 3.212, 3.672, 3.42, 5.547, 4.031, 2.026, 2.209, 2.914, 3.512, 4.133, 6.068, 3.375, 2.224, 1.541, 3.677, 2.828, 2.309, 3.336, 5.416, 5.751, 6.933, 6.024, 5.436, 6.139, 6.957, 5.06, 1.426, 1.499, 2.084, 1.77, 0.0, 1.612, 1.991, 1.206, 1.187, 1.51, 2.835, 3.048, 3.161, 3.431, 2.793, 3.415, 3.24, 3.977, 3.578, 3.302, 2.696, 2.495], [7.803, 7.326, 5.712, 2.87, 3.089, 3.01, 3.484, 3.429, 6.116, 5.22, 2.318, 1.55, 1.877, 2.289, 2.791, 4.709, 2.248, 1.612, 1.512, 5.036, 3.778, 1.591, 2.322, 4.371, 4.638, 5.874, 5.052, 4.43, 5.126, 6.042, 4.038, 1.252, 1.838, 1.803, 2.207, 1.612, 0.0, 1.72, 1.932, 1.937, 2.228, 3.796, 3.349, 2.416, 2.859, 2.94, 3.49, 2.808, 2.693, 2.639, 3.445, 3.045, 2.5], [8.054, 7.584, 5.941, 4.109, 4.237, 4.378, 4.835, 4.652, 6.932, 5.416, 3.01, 2.868, 2.167, 2.505, 3.054, 4.46, 2.594, 2.611, 1.884, 5.308, 3.809, 1.84, 2.837, 4.596, 4.852, 6.007, 5.423, 4.826, 5.559, 6.523, 4.3, 1.845, 1.725, 1.612, 2.01, 1.991, 1.72, 0.0, 1.721, 2.087, 2.824, 4.173, 4.023, 3.466, 4.028, 3.07, 3.598, 3.004, 2.668, 3.013, 3.928, 3.415, 3.31], [6.505, 6.077, 4.828, 3.662, 3.751, 3.896, 4.371, 4.085, 5.991, 4.218, 2.363, 2.664, 2.807, 3.511, 4.161, 6.022, 3.293, 2.502, 1.898, 3.707, 2.519, 2.366, 3.592, 5.674, 5.941, 7.071, 6.262, 5.825, 6.367, 7.413, 5.276, 1.758, 1.69, 2.289, 2.103, 1.206, 1.932, 1.721, 0.0, 1.44, 1.835, 3.015, 3.487, 3.389, 3.777, 2.973, 3.366, 3.215, 3.877, 3.679, 3.27, 2.778, 2.864], [6.513, 6.056, 4.401, 3.034, 3.057, 3.396, 3.905, 3.346, 5.223, 3.789, 2.128, 2.563, 3.023, 3.555, 4.105, 6.033, 3.44, 2.273, 1.87, 3.821, 3.205, 2.339, 3.294, 5.448, 5.737, 6.817, 5.773, 5.285, 5.919, 6.789, 5.041, 1.679, 1.868, 2.259, 1.467, 1.187, 1.937, 2.087, 1.44, 0.0, 1.591, 2.811, 3.061, 3.411, 3.705, 2.967, 3.456, 3.355, 3.889, 3.846, 3.351, 2.909, 2.674], [5.995, 5.523, 3.793, 2.762, 2.844, 3.136, 3.616, 2.786, 4.357, 3.229, 1.318, 1.942, 3.102, 3.902, 4.542, 6.477, 3.712, 2.676, 1.916, 3.444, 2.282, 2.721, 3.737, 5.879, 6.141, 7.297, 6.358, 5.843, 6.504, 7.391, 5.442, 1.77, 1.939, 2.909, 2.578, 1.51, 2.228, 2.824, 1.835, 1.591, 0.0, 2.05, 2.481, 3.337, 3.201, 2.106, 2.298, 2.707, 4.248, 3.062, 2.26, 1.661, 2.186], [4.259, 3.77, 2.313, 2.882, 3.521, 4.226, 4.437, 3.201, 3.307, 2.071, 2.345, 3.165, 4.909, 5.642, 6.247, 8.182, 5.451, 4.281, 3.286, 1.95, 1.969, 4.539, 5.487, 7.628, 7.887, 9.031, 8.073, 7.427, 8.133, 8.955, 7.205, 3.432, 3.373, 4.347, 3.623, 2.835, 3.796, 4.173, 3.015, 2.811, 2.05, 0.0, 2.123, 4.994, 4.453, 3.265, 3.12, 4.332, 5.989, 4.466, 2.568, 2.466, 2.9], [6.052, 5.557, 3.517, 1.749, 2.278, 3.014, 3.132, 1.928, 3.478, 2.855, 1.948, 2.459, 3.799, 4.266, 4.758, 6.466, 3.925, 3.129, 2.693, 3.381, 3.347, 3.851, 4.501, 6.428, 6.687, 7.467, 6.901, 6.179, 6.555, 7.587, 5.673, 2.863, 3.113, 3.845, 3.399, 3.048, 3.349, 4.023, 3.487, 3.061, 2.481, 2.123, 0.0, 3.169, 2.779, 2.241, 2.486, 2.946, 4.441, 2.91, 2.524, 2.091, 1.51], [9.106, 8.601, 6.55, 2.75, 2.176, 1.812, 2.015, 2.647, 6.323, 5.745, 3.087, 2.341, 2.254, 2.225, 2.074, 3.625, 2.099, 1.69, 2.36, 6.459, 5.133, 2.94, 2.713, 4.013, 4.092, 4.824, 4.339, 3.648, 4.058, 4.901, 3.325, 2.276, 2.898, 3.168, 3.456, 3.161, 2.416, 3.466, 3.389, 3.411, 3.337, 4.994, 3.169, 0.0, 1.081, 2.496, 3.002, 2.068, 2.023, 2.118, 3.462, 2.918, 2.207], [8.57, 8.06, 6.117, 2.383, 1.827, 1.663, 1.732, 2.201, 5.811, 5.204, 2.745, 2.374, 2.7, 2.774, 2.656, 4.243, 2.603, 2.195, 2.36, 5.931, 4.668, 3.425, 3.17, 4.497, 4.649, 5.496, 4.929, 4.22, 4.6, 5.426, 3.957, 2.785, 3.232, 3.711, 3.895, 3.431, 2.859, 4.028, 3.777, 3.705, 3.201, 4.453, 2.779, 1.081, 0.0, 2.408, 2.943, 2.274, 2.571, 2.201, 3.332, 2.445, 1.713], [7.365, 6.851, 4.893, 3.079, 2.922, 3.299, 3.525, 2.619, 4.832, 4.039, 1.484, 2.137, 2.994, 3.122, 3.83, 5.289, 2.789, 2.436, 2.274, 4.853, 3.286, 2.912, 4.08, 5.591, 5.765, 6.555, 5.955, 5.441, 6.043, 6.837, 4.853, 2.299, 1.982, 2.907, 3.494, 2.793, 2.94, 3.07, 2.973, 2.967, 2.106, 3.265, 2.241, 2.496, 2.408, 0.0, 1.031, 1.607, 3.18, 1.596, 1.916, 1.4, 1.828], [6.942, 6.43, 4.443, 3.506, 3.359, 3.721, 3.957, 2.908, 4.41, 3.594, 1.881, 2.586, 3.302, 3.489, 4.264, 5.612, 3.087, 3.14, 2.894, 4.679, 3.191, 3.437, 4.571, 5.988, 6.134, 6.907, 6.29, 5.96, 6.491, 7.372, 5.238, 2.92, 2.589, 3.422, 4.104, 3.415, 3.49, 3.598, 3.366, 3.456, 2.298, 3.12, 2.486, 3.002, 2.943, 1.031, 0.0, 1.936, 3.481, 2.02, 1.447, 1.496, 2.448], [8.37, 7.854, 5.879, 3.312, 2.807, 2.992, 3.263, 2.805, 5.661, 5.031, 2.323, 2.557, 2.472, 2.407, 2.736, 4.208, 2.28, 2.437, 2.565, 5.836, 4.388, 2.636, 3.702, 4.641, 4.732, 5.418, 4.837, 4.508, 5.165, 6.024, 4.109, 2.407, 2.066, 2.516, 3.663, 3.24, 2.808, 3.004, 3.215, 3.355, 2.707, 4.332, 2.946, 2.068, 2.274, 1.607, 1.936, 0.0, 1.99, 1.236, 2.621, 2.207, 2.239], [10.061, 9.558, 7.593, 3.852, 3.376, 2.923, 3.275, 3.781, 7.449, 6.811, 3.897, 3.154, 1.829, 1.259, 1.514, 2.483, 1.65, 2.302, 3.004, 7.483, 5.922, 2.12, 2.588, 3.342, 3.329, 3.99, 3.503, 3.331, 4.101, 4.805, 3.077, 2.767, 3.038, 2.324, 3.517, 3.977, 2.693, 2.668, 3.877, 3.889, 4.248, 5.989, 4.441, 2.023, 2.571, 3.18, 3.481, 1.99, 0.0, 2.039, 4.369, 3.804, 3.405], [8.587, 8.093, 6.068, 3.104, 2.976, 3.104, 3.349, 2.712, 5.91, 5.317, 2.438, 2.25, 2.316, 2.333, 2.775, 4.119, 2.248, 2.569, 2.57, 5.936, 4.391, 2.951, 3.691, 4.936, 5.01, 5.731, 5.193, 4.717, 5.415, 6.391, 4.363, 2.673, 2.474, 2.973, 4.029, 3.578, 2.639, 3.013, 3.679, 3.846, 3.062, 4.466, 2.91, 2.118, 2.201, 1.596, 2.02, 1.236, 2.039, 0.0, 2.823, 2.276, 2.426], [5.968, 5.46, 3.945, 3.651, 3.634, 4.017, 4.267, 3.126, 3.85, 2.792, 2.151, 2.774, 4.111, 4.248, 4.744, 6.567, 3.902, 3.309, 2.919, 3.926, 2.865, 3.988, 4.739, 6.473, 6.749, 7.693, 7.0, 6.305, 6.766, 7.669, 5.899, 2.778, 2.762, 3.842, 3.986, 3.302, 3.445, 3.928, 3.27, 3.351, 2.26, 2.568, 2.524, 3.462, 3.332, 1.916, 1.447, 2.621, 4.369, 2.823, 0.0, 1.546, 2.494], [6.567, 6.07, 4.175, 2.756, 2.792, 3.08, 3.4, 2.692, 4.327, 3.285, 1.448, 2.53, 3.451, 3.631, 4.147, 5.927, 3.343, 2.825, 2.109, 4.132, 2.43, 3.407, 4.249, 5.998, 6.218, 7.206, 6.542, 5.858, 6.491, 7.388, 5.429, 2.491, 2.315, 3.416, 3.584, 2.696, 3.045, 3.415, 2.778, 2.909, 1.661, 2.466, 2.091, 2.918, 2.445, 1.4, 1.496, 2.207, 3.804, 2.276, 1.546, 0.0, 1.528], [7.001, 6.512, 4.542, 1.728, 1.831, 2.273, 2.465, 2.143, 4.393, 3.717, 1.769, 2.212, 3.097, 3.361, 3.817, 5.573, 2.96, 2.051, 1.794, 4.381, 3.505, 3.053, 3.762, 5.64, 5.831, 6.703, 6.066, 5.278, 5.701, 6.618, 4.878, 2.037, 2.389, 3.002, 2.942, 2.495, 2.5, 3.31, 2.864, 2.674, 2.186, 2.9, 1.51, 2.207, 1.713, 1.828, 2.448, 2.239, 3.405, 2.426, 2.494, 1.528, 0.0]]