[[0.0, 2.195, 3.093, 6.023, 8.619, 8.302, 9.264, 9.028, 8.436, 8.92, 8.813, 9.025, 8.577, 8.189, 6.608, 5.147, 3.863, 3.202, 2.792, 2.174, 2.413, 2.494, 3.278, 2.709, 2.691, 3.926, 2.904, 2.602, 3.335, 5.096, 6.312, 7.605, 6.552, 5.275, 5.479, 4.761, 4.957, 4.75, 5.552, 5.119, 4.118, 4.485, 3.702, 2.671, 2.286, 2.11, 3.903, 4.116, 3.506, 4.023, 3.798, 2.957, 3.353, 3.701, 3.147, 3.537, 4.33, 5.184, 4.03, 2.879, 2.844, 3.033, 2.471, 3.162, 5.048, 6.571, 5.138, 5.09, 5.466, 5.696, 5.782, 7.054, 6.44, 5.419, 3.475, 2.388, 2.246, 2.718, 2.737, 2.591, 2.689, 2.719, 3.421, 5.162, 7.942, 10.536, 11.072, 10.35, 12.301, 11.914, 10.488, 8.899, 9.146, 8.991, 8.138, 8.044, 7.624, 6.973, 8.36, 9.685, 8.584, 8.329, 9.132, 7.316, 6.143, 7.753, 8.208, 3.799, 2.201, 3.027, 3.346, 3.428, 3.303, 2.567, 2.513, 3.918, 4.976, 4.95, 4.614, 4.893, 4.259, 3.199, 3.817, 5.917, 6.724, 6.26, 5.376, 5.134, 3.888, 3.394, 3.806, 3.549, 2.944, 3.757, 4.654, 4.266, 4.783, 6.23, 7.408, 7.159, 6.249, 4.624, 4.045, 3.095, 2.954, 3.237], [2.195, 0.0, 1.731, 4.444, 7.162, 6.794, 7.656, 7.42, 6.828, 7.24, 7.183, 7.37, 6.888, 6.493, 4.98, 3.655, 2.351, 2.096, 2.043, 2.509, 3.208, 3.791, 4.639, 4.008, 2.552, 3.022, 3.266, 3.9, 5.19, 7.092, 8.098, 9.22, 8.117, 6.884, 6.965, 6.333, 6.714, 6.454, 7.213, 6.798, 5.706, 6.057, 5.199, 3.659, 3.428, 1.934, 2.365, 2.729, 1.933, 2.281, 2.21, 2.079, 2.614, 3.073, 3.171, 3.274, 3.499, 4.846, 4.952, 3.814, 3.735, 3.855, 3.111, 4.073, 6.408, 8.088, 6.603, 6.476, 7.055, 7.302, 7.278, 8.614, 8.049, 7.065, 5.124, 3.57, 3.458, 4.035, 4.49, 4.309, 4.662, 4.709, 5.431, 6.879, 9.554, 12.124, 12.679, 11.958, 13.91, 13.509, 12.096, 10.507, 10.755, 10.611, 9.781, 9.673, 9.232, 8.582, 9.928, 11.265, 10.175, 9.937, 10.741, 8.935, 7.739, 9.361, 9.816, 5.515, 2.832, 2.149, 2.732, 2.216, 1.932, 2.117, 2.3, 2.624, 3.323, 3.207, 2.999, 3.201, 2.768, 1.655, 2.651, 4.276, 5.127, 4.466, 3.65, 3.563, 2.724, 2.421, 2.501, 2.488, 2.06, 2.348, 3.217, 3.13, 3.179, 4.589, 5.745, 5.266, 4.159, 3.077, 2.417, 2.765, 2.565, 2.762], [3.093, 1.731, 0.0, 3.966, 6.67, 6.279, 7.181, 6.94, 6.348, 6.572, 6.478, 6.452, 6.006, 5.648, 4.043, 2.635, 2.056, 2.472, 2.411, 3.192, 3.595, 4.692, 5.225, 4.659, 2.047, 1.841, 2.265, 3.487, 6.151, 7.836, 9.015, 9.827, 8.903, 7.898, 7.851, 7.313, 7.043, 7.211, 7.643, 7.122, 6.303, 6.741, 5.765, 4.295, 3.805, 2.287, 2.014, 2.311, 2.527, 2.939, 2.806, 2.655, 3.335, 3.673, 3.726, 3.913, 4.277, 5.83, 5.732, 4.466, 4.158, 4.326, 3.662, 4.267, 7.025, 8.643, 7.101, 6.956, 7.271, 7.504, 7.729, 9.123, 8.642, 7.597, 5.834, 3.634, 3.144, 4.164, 5.346, 5.227, 5.155, 5.451, 6.45, 7.977, 10.404, 13.02, 13.608, 12.703, 14.564, 14.044, 12.822, 11.214, 11.304, 11.351, 10.707, 10.601, 9.937, 9.162, 10.439, 11.744, 10.669, 10.505, 11.298, 9.596, 8.301, 9.983, 10.452, 5.933, 2.06, 1.406, 1.785, 1.416, 1.326, 1.799, 1.58, 1.898, 2.895, 2.914, 2.932, 3.612, 3.266, 2.095, 2.525, 3.838, 4.738, 4.171, 3.689, 3.615, 2.799, 2.469, 2.729, 2.744, 2.485, 2.123, 3.004, 3.53, 3.239, 4.218, 5.354, 4.976, 4.238, 3.912, 3.12, 3.414, 3.212, 3.395], [6.023, 4.444, 3.966, 0.0, 2.741, 2.616, 3.374, 3.067, 2.681, 3.312, 4.077, 3.833, 3.84, 3.295, 2.985, 2.839, 3.533, 4.191, 4.062, 4.938, 6.547, 7.867, 9.032, 8.402, 5.013, 3.626, 4.452, 6.393, 9.176, 10.424, 12.289, 13.611, 12.5, 11.062, 11.325, 10.689, 10.657, 10.63, 11.517, 11.03, 10.112, 10.464, 9.581, 7.43, 7.168, 5.452, 3.614, 3.387, 4.993, 5.782, 5.53, 5.9, 6.311, 6.762, 7.227, 6.805, 6.864, 8.691, 9.206, 7.819, 7.588, 7.746, 6.946, 7.88, 10.729, 12.489, 11.004, 10.87, 11.167, 11.26, 11.52, 13.02, 12.449, 11.375, 9.467, 6.967, 5.909, 7.391, 8.392, 7.862, 7.746, 7.925, 9.158, 11.157, 13.958, 16.521, 17.067, 16.365, 18.317, 17.916, 16.503, 14.914, 15.154, 15.003, 14.119, 14.043, 13.639, 12.98, 14.325, 15.661, 14.571, 14.337, 15.147, 13.325, 11.996, 13.768, 14.223, 9.464, 5.177, 3.564, 3.523, 3.629, 3.66, 4.035, 4.203, 2.551, 2.286, 2.729, 3.025, 3.602, 3.259, 3.747, 3.105, 2.492, 3.298, 3.926, 4.106, 4.137, 3.229, 3.24, 2.764, 3.081, 3.425, 2.517, 2.254, 2.988, 3.301, 3.719, 4.558, 4.844, 4.628, 5.004, 5.076, 6.249, 6.038, 5.92], [8.619, 7.162, 6.67, 2.741, 0.0, 1.113, 1.785, 1.765, 1.948, 2.785, 3.548, 3.419, 3.612, 3.609, 4.077, 4.988, 5.893, 6.574, 6.552, 7.374, 9.2, 10.466, 11.74, 11.067, 7.716, 6.23, 7.078, 8.975, 11.755, 12.829, 14.879, 16.192, 15.112, 13.698, 13.958, 13.322, 13.29, 13.262, 14.098, 13.611, 12.693, 13.062, 12.164, 10.024, 9.805, 8.134, 5.961, 5.926, 7.583, 8.451, 8.212, 8.583, 8.949, 9.418, 9.887, 9.419, 9.544, 11.356, 11.817, 10.453, 10.234, 10.263, 9.529, 10.489, 13.369, 15.067, 13.604, 13.55, 13.852, 13.939, 14.197, 15.621, 15.03, 13.956, 12.058, 9.577, 8.543, 10.048, 11.032, 10.334, 10.259, 10.376, 11.543, 13.762, 16.543, 19.118, 19.672, 18.957, 20.906, 20.5, 19.094, 17.503, 17.736, 17.593, 16.707, 16.649, 16.224, 15.561, 16.915, 18.243, 17.153, 16.918, 17.729, 15.914, 14.621, 16.352, 16.808, 12.057, 7.758, 6.119, 6.065, 6.284, 6.264, 6.62, 6.797, 5.063, 4.067, 4.311, 4.921, 5.137, 5.23, 6.231, 5.589, 3.9, 3.44, 4.12, 4.853, 4.758, 5.385, 5.825, 5.128, 5.345, 5.852, 5.04, 4.211, 4.654, 4.854, 3.935, 4.393, 4.833, 5.223, 6.644, 7.58, 8.917, 8.706, 8.482], [8.302, 6.794, 6.279, 2.616, 1.113, 0.0, 1.403, 1.311, 1.363, 2.488, 2.976, 3.084, 3.201, 3.284, 4.015, 4.907, 5.695, 6.348, 6.268, 7.018, 8.828, 10.093, 11.345, 10.681, 7.323, 5.837, 6.71, 8.627, 11.404, 12.489, 14.531, 15.843, 14.757, 13.372, 13.587, 12.958, 12.919, 12.892, 13.75, 13.262, 12.345, 12.707, 11.81, 9.663, 9.421, 7.755, 5.599, 5.564, 7.227, 8.069, 7.819, 8.193, 8.56, 9.039, 9.519, 9.057, 9.15, 10.967, 11.442, 10.074, 9.896, 10.028, 9.242, 10.123, 12.992, 14.718, 13.235, 13.155, 13.457, 13.559, 13.819, 15.265, 14.682, 13.607, 11.71, 9.225, 8.171, 9.669, 10.706, 9.998, 9.918, 10.075, 11.208, 13.421, 16.208, 18.775, 19.351, 18.609, 20.558, 20.151, 18.745, 17.155, 17.387, 17.245, 16.358, 16.321, 15.875, 15.213, 16.56, 17.894, 16.804, 16.569, 17.38, 15.566, 14.258, 16.004, 16.459, 11.708, 7.41, 5.77, 5.725, 5.903, 5.926, 6.289, 6.442, 4.738, 3.821, 4.221, 4.863, 5.089, 5.055, 5.953, 5.36, 3.818, 3.221, 3.672, 4.44, 4.161, 5.005, 5.433, 4.735, 5.046, 5.611, 4.733, 4.017, 4.521, 4.73, 3.809, 4.051, 4.416, 5.045, 6.524, 7.322, 8.595, 8.339, 8.209], [9.264, 7.656, 7.181, 3.374, 1.785, 1.403, 0.0, 0.985, 1.398, 2.571, 2.856, 3.287, 3.616, 3.738, 4.715, 5.707, 6.482, 7.122, 7.054, 7.79, 9.64, 11.009, 12.272, 11.639, 8.18, 6.736, 7.668, 9.633, 12.4, 13.487, 15.537, 16.85, 15.738, 14.287, 14.574, 13.937, 13.904, 13.878, 14.754, 14.268, 13.351, 13.712, 12.805, 10.669, 10.374, 8.684, 6.568, 6.53, 8.19, 8.985, 8.7, 9.08, 9.469, 9.97, 10.446, 10.022, 10.07, 11.868, 12.428, 11.048, 10.763, 10.924, 10.141, 11.094, 13.968, 15.725, 14.224, 14.094, 14.409, 14.501, 14.76, 16.258, 15.688, 14.614, 12.716, 10.216, 9.155, 10.636, 11.641, 10.986, 10.914, 10.995, 12.191, 14.405, 17.201, 19.77, 20.316, 19.614, 21.564, 21.157, 19.752, 18.161, 18.393, 18.251, 17.365, 17.292, 16.881, 16.219, 17.564, 18.895, 17.81, 17.576, 18.386, 16.572, 15.241, 17.01, 17.466, 12.713, 8.416, 6.777, 6.698, 6.866, 6.905, 7.252, 7.445, 5.739, 4.707, 4.92, 5.623, 5.684, 5.799, 6.638, 6.015, 4.552, 3.796, 4.032, 5.075, 4.844, 5.927, 6.38, 5.683, 5.999, 6.58, 5.754, 4.997, 5.433, 5.528, 4.452, 4.49, 4.759, 5.641, 7.267, 8.131, 9.446, 9.144, 8.996], [9.028, 7.42, 6.94, 3.067, 1.765, 1.311, 0.985, 0.0, 1.215, 2.267, 2.488, 3.07, 3.376, 3.527, 4.424, 5.333, 6.16, 6.804, 6.795, 7.594, 9.437, 10.8, 12.036, 11.41, 7.948, 6.522, 7.44, 9.402, 12.164, 13.251, 15.302, 16.619, 15.507, 14.032, 14.337, 13.701, 13.67, 13.643, 14.522, 14.036, 13.12, 13.477, 12.573, 10.438, 10.163, 8.448, 6.333, 6.298, 7.96, 8.765, 8.474, 8.857, 9.246, 9.74, 10.216, 9.796, 9.842, 11.651, 12.191, 10.812, 10.523, 10.644, 9.886, 10.856, 13.734, 15.494, 13.998, 13.858, 14.18, 14.27, 14.53, 16.028, 15.457, 14.383, 12.48, 9.98, 8.922, 10.404, 11.405, 10.75, 10.678, 10.759, 11.955, 14.169, 16.97, 19.534, 20.08, 19.378, 21.329, 20.927, 19.516, 17.927, 18.163, 18.016, 17.132, 17.056, 16.651, 15.988, 17.333, 18.663, 17.58, 17.345, 18.156, 16.338, 15.009, 16.78, 17.235, 12.477, 8.186, 6.553, 6.472, 6.634, 6.669, 7.022, 7.214, 5.491, 4.407, 4.56, 5.262, 5.43, 5.445, 6.397, 5.758, 4.193, 3.537, 3.769, 4.896, 4.682, 5.734, 6.152, 5.462, 5.676, 6.24, 5.436, 4.665, 5.126, 5.247, 4.179, 4.272, 4.538, 5.386, 6.919, 7.803, 9.125, 8.913, 8.678], [8.436, 6.828, 6.348, 2.681, 1.948, 1.363, 1.398, 1.215, 0.0, 1.518, 2.047, 2.549, 2.691, 2.699, 3.621, 4.635, 5.519, 6.148, 6.145, 6.945, 8.764, 10.165, 11.438, 10.819, 7.326, 5.959, 6.849, 8.812, 11.572, 12.694, 14.71, 16.029, 14.917, 13.456, 13.746, 13.11, 13.078, 13.051, 13.933, 13.447, 12.53, 12.885, 11.984, 9.848, 9.546, 7.856, 5.743, 5.706, 7.369, 8.161, 7.864, 8.216, 8.609, 9.149, 9.625, 9.192, 9.215, 11.037, 11.6, 10.22, 9.925, 10.072, 9.299, 10.268, 13.14, 14.903, 13.398, 13.256, 13.582, 13.679, 13.939, 15.437, 14.867, 13.793, 11.888, 9.389, 8.33, 9.812, 10.813, 10.158, 10.086, 10.167, 11.375, 13.578, 16.379, 18.942, 19.489, 18.786, 20.738, 20.336, 18.924, 17.335, 17.572, 17.424, 16.54, 16.464, 16.06, 15.398, 16.743, 18.075, 16.989, 16.755, 17.565, 15.746, 14.417, 16.189, 16.644, 11.886, 7.595, 5.956, 5.875, 6.036, 6.078, 6.431, 6.624, 4.9, 3.69, 3.867, 4.515, 4.593, 4.811, 5.745, 5.126, 3.504, 2.709, 2.988, 4.077, 3.96, 5.102, 5.592, 4.882, 5.099, 5.648, 4.842, 4.048, 4.436, 4.416, 3.379, 3.498, 3.633, 4.505, 6.174, 7.234, 8.518, 8.277, 8.046], [8.92, 7.24, 6.572, 3.312, 2.785, 2.488, 2.571, 2.267, 1.518, 0.0, 1.472, 1.486, 1.652, 1.964, 3.263, 4.447, 5.523, 6.082, 6.291, 7.166, 8.91, 10.432, 11.621, 11.106, 7.546, 6.177, 7.029, 9.087, 12.01, 13.075, 15.044, 16.233, 15.155, 14.054, 14.137, 13.498, 13.387, 13.363, 14.16, 13.636, 12.769, 13.196, 12.152, 10.028, 9.691, 8.049, 5.935, 5.904, 7.564, 8.331, 8.011, 8.339, 8.752, 9.318, 9.781, 9.36, 9.376, 11.343, 11.92, 10.544, 10.212, 10.311, 9.575, 10.477, 13.399, 15.152, 13.583, 13.453, 13.801, 13.938, 14.189, 15.681, 15.077, 13.987, 12.205, 9.741, 8.656, 10.169, 11.284, 10.713, 10.614, 10.877, 11.986, 14.022, 16.669, 19.297, 19.88, 19.111, 21.043, 20.592, 19.24, 17.637, 17.776, 17.734, 16.94, 16.879, 16.33, 15.592, 16.915, 18.257, 17.171, 16.959, 17.811, 16.05, 14.706, 16.456, 16.912, 12.209, 7.842, 6.246, 6.16, 6.237, 6.337, 6.651, 6.901, 5.125, 4.063, 4.239, 4.528, 4.525, 5.051, 5.998, 5.452, 3.592, 2.606, 3.054, 4.208, 4.117, 5.339, 5.916, 5.284, 5.532, 6.08, 5.256, 4.442, 4.79, 4.252, 2.96, 2.592, 2.784, 4.107, 6.049, 7.349, 8.66, 8.483, 8.217], [8.813, 7.183, 6.478, 4.077, 3.548, 2.976, 2.856, 2.488, 2.047, 1.472, 0.0, 1.496, 1.686, 2.108, 3.423, 5.073, 5.418, 6.26, 6.337, 7.138, 8.891, 10.301, 11.545, 11.001, 7.431, 6.093, 7.2, 9.036, 11.877, 13.008, 14.931, 16.135, 15.043, 13.922, 14.007, 13.459, 13.3, 13.33, 14.046, 13.543, 12.668, 13.101, 12.118, 9.953, 9.693, 7.943, 5.86, 6.055, 7.497, 8.284, 7.94, 8.328, 8.72, 9.235, 9.711, 9.287, 9.325, 11.262, 11.86, 10.469, 10.125, 10.194, 9.468, 10.366, 13.328, 15.044, 13.506, 13.358, 13.688, 13.841, 14.088, 15.559, 14.99, 13.929, 12.115, 9.755, 8.704, 10.116, 11.21, 10.498, 10.465, 10.665, 11.737, 13.938, 16.614, 19.261, 19.862, 19.031, 20.941, 20.478, 19.157, 17.554, 17.67, 17.646, 16.762, 16.842, 16.236, 15.508, 16.846, 18.171, 17.089, 16.861, 17.697, 15.963, 14.646, 16.357, 16.806, 12.149, 7.825, 6.47, 6.488, 6.331, 6.222, 6.632, 6.995, 5.194, 4.013, 4.096, 4.372, 4.38, 4.973, 5.884, 5.728, 3.744, 2.459, 3.043, 4.167, 3.997, 5.359, 6.073, 5.481, 5.409, 6.001, 5.389, 4.767, 4.802, 4.17, 2.813, 2.294, 2.612, 3.977, 5.97, 7.226, 8.593, 8.345, 8.101], [9.025, 7.37, 6.452, 3.833, 3.419, 3.084, 3.287, 3.07, 2.549, 1.486, 1.496, 0.0, 1.023, 1.729, 3.087, 4.709, 5.365, 6.149, 6.356, 7.359, 8.806, 10.401, 11.653, 11.072, 7.5, 6.022, 7.166, 9.127, 12.069, 13.31, 15.057, 16.196, 15.198, 14.167, 14.212, 13.641, 13.446, 13.483, 14.042, 13.538, 12.751, 13.192, 12.146, 10.004, 9.658, 7.915, 5.878, 5.865, 7.501, 8.253, 7.895, 8.236, 8.693, 9.223, 9.707, 9.258, 9.289, 11.381, 12.006, 10.58, 10.208, 10.281, 9.629, 10.401, 13.431, 15.094, 13.504, 13.346, 13.677, 13.918, 14.181, 15.572, 15.084, 14.014, 12.198, 9.814, 8.692, 10.23, 11.414, 10.814, 10.707, 10.99, 12.119, 14.139, 16.768, 19.424, 20.03, 19.126, 21.016, 20.492, 19.258, 17.661, 17.709, 17.743, 17.008, 17.03, 16.385, 15.601, 16.882, 18.152, 17.111, 16.948, 17.749, 16.048, 14.753, 16.435, 16.904, 12.272, 7.935, 6.45, 6.24, 6.21, 6.316, 6.605, 6.901, 5.232, 4.177, 4.334, 4.544, 4.351, 5.055, 5.899, 5.575, 3.624, 2.482, 3.326, 4.303, 4.066, 5.249, 6.082, 5.562, 5.652, 6.148, 5.438, 4.8, 4.959, 4.345, 2.95, 2.012, 2.556, 3.916, 5.99, 7.279, 8.601, 8.384, 8.058], [8.577, 6.888, 6.006, 3.84, 3.612, 3.201, 3.616, 3.376, 2.691, 1.652, 1.686, 1.023, 0.0, 1.147, 2.417, 4.138, 4.934, 5.638, 5.921, 7.013, 8.404, 9.975, 11.126, 10.511, 6.957, 5.542, 6.828, 8.653, 11.625, 12.923, 14.572, 15.73, 14.761, 13.71, 13.743, 13.151, 12.936, 12.958, 13.543, 13.061, 12.225, 12.624, 11.668, 9.477, 9.18, 7.454, 5.398, 5.382, 6.981, 7.769, 7.445, 7.782, 8.208, 8.763, 9.251, 8.809, 8.827, 10.817, 11.498, 10.055, 9.647, 9.72, 9.099, 9.906, 12.871, 14.529, 13.026, 12.869, 13.191, 13.349, 13.622, 15.063, 14.557, 13.495, 11.629, 9.269, 8.238, 9.767, 10.941, 10.455, 10.324, 10.629, 11.763, 13.684, 16.284, 18.943, 19.531, 18.56, 20.447, 19.958, 18.689, 17.118, 17.19, 17.18, 16.535, 16.527, 15.841, 15.085, 16.364, 17.696, 16.606, 16.42, 17.188, 15.479, 14.184, 15.875, 16.335, 11.73, 7.482, 5.919, 5.68, 5.668, 5.781, 6.199, 6.346, 4.834, 3.712, 3.904, 4.104, 3.873, 4.661, 5.481, 5.065, 3.028, 1.915, 2.708, 3.686, 3.539, 4.908, 5.547, 5.109, 5.255, 5.718, 4.931, 4.282, 4.546, 3.9, 2.541, 1.6, 2.013, 3.357, 5.438, 6.757, 8.093, 7.857, 7.563], [8.189, 6.493, 5.648, 3.295, 3.609, 3.284, 3.738, 3.527, 2.699, 1.964, 2.108, 1.729, 1.147, 0.0, 1.917, 3.611, 4.56, 5.236, 5.543, 6.593, 8.021, 9.623, 10.694, 10.09, 6.533, 5.251, 6.326, 8.263, 11.241, 12.502, 14.188, 15.347, 14.35, 13.305, 13.327, 12.736, 12.52, 12.542, 13.153, 12.672, 11.838, 12.175, 11.251, 9.074, 8.78, 7.068, 4.991, 4.935, 6.591, 7.385, 7.06, 7.401, 7.816, 8.371, 8.86, 8.423, 8.433, 10.382, 11.082, 9.64, 9.217, 9.29, 8.688, 9.493, 12.446, 14.122, 12.628, 12.478, 12.8, 12.915, 13.212, 14.687, 14.113, 13.066, 11.188, 8.853, 7.83, 9.358, 10.551, 10.086, 9.955, 10.254, 11.394, 13.304, 15.869, 18.527, 19.115, 18.142, 20.019, 19.57, 18.254, 16.694, 16.795, 16.746, 16.12, 16.112, 15.419, 14.679, 15.971, 17.308, 16.215, 15.996, 16.783, 15.039, 13.738, 15.455, 15.909, 11.31, 7.076, 5.428, 5.194, 5.26, 5.359, 5.872, 5.888, 4.474, 3.329, 3.511, 3.73, 3.559, 4.337, 5.135, 4.508, 2.51, 1.958, 2.71, 3.38, 3.444, 4.583, 4.992, 4.519, 4.89, 5.338, 4.518, 3.658, 4.08, 3.502, 2.496, 1.98, 2.174, 3.072, 5.022, 6.351, 7.705, 7.458, 7.193], [6.608, 4.98, 4.043, 2.985, 4.077, 4.015, 4.715, 4.424, 3.621, 3.263, 3.423, 3.087, 2.417, 1.917, 0.0, 2.544, 2.98, 3.691, 4.038, 5.192, 6.484, 8.11, 9.049, 8.461, 4.931, 4.127, 5.224, 6.76, 9.724, 11.069, 12.637, 13.672, 12.73, 11.707, 11.682, 11.087, 10.84, 10.857, 11.49, 11.01, 10.164, 10.51, 9.605, 7.535, 7.212, 5.451, 3.348, 3.29, 4.977, 5.791, 5.479, 5.802, 6.161, 6.731, 7.202, 6.772, 6.777, 8.76, 9.383, 7.963, 7.607, 7.675, 7.058, 7.9, 10.76, 12.457, 10.965, 10.816, 11.138, 11.28, 11.581, 13.023, 12.465, 11.412, 9.515, 7.157, 6.346, 7.704, 8.927, 8.613, 8.453, 8.752, 9.907, 11.712, 14.184, 16.845, 17.416, 16.474, 18.333, 17.887, 16.575, 15.014, 15.147, 15.094, 14.472, 14.413, 13.736, 13.03, 14.308, 15.642, 14.553, 14.339, 15.119, 13.365, 12.07, 13.77, 14.234, 9.671, 5.495, 3.978, 3.823, 3.634, 3.806, 4.349, 4.268, 3.151, 1.899, 2.303, 2.374, 2.308, 2.999, 3.71, 3.182, 1.37, 1.608, 2.317, 2.954, 2.926, 3.142, 3.612, 3.061, 3.465, 3.761, 2.985, 2.368, 2.665, 2.242, 1.854, 2.382, 2.285, 2.214, 3.645, 4.763, 6.142, 5.893, 5.638], [5.147, 3.655, 2.635, 2.839, 4.988, 4.907, 5.707, 5.333, 4.635, 4.447, 5.073, 4.709, 4.138, 3.611, 2.544, 0.0, 1.883, 2.355, 2.453, 3.611, 4.917, 6.577, 7.452, 6.919, 3.994, 3.675, 3.81, 5.204, 8.197, 9.554, 11.141, 12.158, 11.241, 10.272, 10.258, 9.652, 9.408, 9.457, 9.936, 9.384, 8.69, 9.025, 7.952, 5.809, 5.501, 3.821, 3.152, 2.716, 3.64, 4.335, 3.978, 4.102, 4.591, 5.098, 5.536, 5.267, 5.35, 7.241, 7.966, 6.553, 6.093, 6.143, 5.577, 6.298, 9.327, 10.926, 9.355, 9.201, 9.55, 9.74, 10.041, 11.51, 10.921, 9.836, 8.012, 5.74, 4.787, 6.309, 7.51, 7.053, 6.904, 7.222, 8.356, 10.262, 12.787, 15.44, 16.01, 15.064, 16.862, 16.385, 15.152, 13.575, 13.577, 13.592, 13.067, 12.992, 12.266, 11.464, 12.665, 14.029, 12.916, 12.819, 13.564, 11.864, 10.57, 12.286, 12.764, 8.173, 3.968, 2.443, 2.253, 2.799, 2.916, 2.78, 2.842, 2.41, 2.623, 2.651, 2.268, 2.98, 3.002, 2.46, 1.846, 2.337, 3.543, 3.751, 3.656, 3.765, 2.83, 2.482, 2.488, 2.487, 2.58, 2.048, 2.063, 2.794, 2.914, 3.406, 4.503, 4.54, 3.898, 3.632, 3.6, 4.462, 4.303, 4.084], [3.863, 2.351, 2.056, 3.533, 5.893, 5.695, 6.482, 6.16, 5.519, 5.523, 5.418, 5.365, 4.934, 4.56, 2.98, 1.883, 0.0, 1.448, 1.445, 2.54, 3.867, 5.351, 6.504, 6.041, 3.116, 3.254, 3.432, 4.4, 7.006, 8.508, 9.95, 11.087, 9.983, 9.002, 9.028, 8.439, 8.279, 8.292, 9.031, 8.506, 7.634, 8.054, 7.067, 5.038, 4.743, 3.004, 2.482, 2.689, 3.027, 3.522, 3.245, 3.322, 3.679, 4.24, 4.706, 4.528, 4.607, 6.325, 6.797, 5.42, 5.155, 5.253, 4.522, 5.414, 8.265, 10.016, 8.462, 8.321, 8.671, 8.854, 9.09, 10.538, 9.935, 8.852, 7.07, 4.754, 4.156, 5.203, 6.237, 5.881, 5.825, 6.122, 7.138, 8.922, 11.566, 14.207, 14.815, 13.97, 15.902, 15.457, 14.096, 12.493, 12.639, 12.602, 11.791, 11.813, 11.189, 10.456, 11.805, 13.139, 12.049, 11.819, 12.672, 10.907, 9.583, 11.314, 11.773, 7.085, 3.393, 2.253, 2.616, 2.385, 1.924, 2.125, 2.43, 2.048, 2.246, 2.247, 1.68, 2.235, 2.178, 1.32, 1.755, 2.481, 3.379, 3.511, 3.328, 3.111, 2.526, 2.351, 2.196, 1.976, 1.713, 1.664, 2.358, 2.547, 2.231, 3.175, 3.965, 3.871, 3.357, 3.081, 2.813, 3.727, 3.533, 3.431], [3.202, 2.096, 2.472, 4.191, 6.574, 6.348, 7.122, 6.804, 6.148, 6.082, 6.26, 6.149, 5.638, 5.236, 3.691, 2.355, 1.448, 0.0, 1.042, 1.856, 3.108, 4.681, 5.737, 5.257, 3.253, 3.605, 3.699, 4.354, 6.325, 7.794, 9.265, 10.359, 9.305, 8.275, 8.31, 7.701, 7.535, 7.521, 8.284, 7.76, 6.89, 7.311, 6.231, 4.248, 3.835, 2.271, 2.713, 2.848, 2.8, 3.257, 2.806, 2.675, 3.125, 3.678, 3.94, 4.058, 4.146, 5.761, 6.058, 4.666, 4.355, 4.466, 3.749, 4.634, 7.512, 9.272, 7.712, 7.577, 7.958, 8.143, 8.31, 9.795, 9.191, 8.1, 6.318, 4.218, 3.898, 4.666, 5.574, 5.251, 5.197, 5.42, 6.521, 8.282, 10.834, 13.492, 14.081, 13.223, 15.158, 14.714, 13.352, 11.749, 11.895, 11.848, 11.118, 11.077, 10.463, 9.712, 11.034, 12.385, 11.292, 11.076, 11.928, 10.163, 8.818, 10.571, 11.029, 6.371, 3.561, 2.462, 2.846, 2.506, 2.392, 2.166, 2.524, 2.619, 2.947, 2.964, 2.341, 2.553, 2.171, 1.37, 1.701, 3.184, 4.134, 3.76, 3.247, 3.047, 2.19, 2.23, 2.168, 1.799, 1.724, 2.221, 2.641, 2.452, 2.63, 3.825, 4.75, 4.612, 3.896, 2.663, 2.388, 2.888, 2.766, 2.693], [2.792, 2.043, 2.411, 4.062, 6.552, 6.268, 7.054, 6.795, 6.145, 6.291, 6.337, 6.356, 5.921, 5.543, 4.038, 2.453, 1.445, 1.042, 0.0, 1.383, 2.773, 4.303, 5.496, 5.038, 3.128, 3.683, 3.565, 3.851, 5.851, 7.325, 8.885, 10.091, 8.991, 7.959, 7.988, 7.42, 7.29, 7.268, 8.036, 7.511, 6.641, 7.062, 6.053, 3.914, 3.633, 2.207, 2.711, 2.865, 2.897, 3.346, 2.866, 2.554, 3.046, 3.531, 3.691, 3.85, 4.08, 5.504, 5.798, 4.413, 4.15, 4.299, 3.529, 4.414, 7.266, 9.023, 7.463, 7.329, 7.697, 7.92, 8.086, 9.546, 8.942, 7.851, 6.069, 3.943, 3.433, 4.284, 5.165, 4.732, 4.665, 4.916, 5.985, 7.891, 10.552, 13.205, 13.803, 12.975, 14.909, 14.465, 13.103, 11.501, 11.646, 11.599, 10.746, 10.802, 10.196, 9.463, 10.791, 12.136, 11.043, 10.827, 11.679, 9.914, 8.585, 10.322, 10.78, 6.087, 3.245, 2.304, 2.58, 2.567, 2.235, 1.611, 2.159, 2.507, 3.066, 3.058, 2.451, 2.739, 2.152, 1.206, 1.601, 3.385, 4.347, 4.033, 3.445, 3.16, 2.145, 1.982, 1.946, 1.606, 1.593, 2.146, 2.574, 2.377, 2.747, 3.966, 4.988, 4.994, 4.272, 3.044, 2.643, 2.743, 2.502, 2.499], [2.174, 2.509, 3.192, 4.938, 7.374, 7.018, 7.79, 7.594, 6.945, 7.166, 7.138, 7.359, 7.013, 6.593, 5.192, 3.611, 2.54, 1.856, 1.383, 0.0, 2.034, 3.466, 4.677, 4.194, 3.461, 4.374, 3.943, 3.71, 4.935, 6.107, 8.044, 9.249, 8.148, 7.056, 7.208, 6.534, 6.526, 6.385, 7.194, 6.669, 5.8, 6.22, 5.223, 3.143, 2.97, 2.323, 3.663, 3.856, 3.582, 3.983, 3.428, 2.755, 3.114, 3.504, 3.353, 3.912, 4.192, 5.33, 4.957, 3.577, 3.354, 3.538, 2.824, 3.613, 6.425, 8.182, 6.621, 6.487, 6.883, 7.137, 7.26, 8.704, 8.101, 7.009, 5.228, 3.571, 3.285, 3.906, 4.397, 3.744, 3.874, 3.875, 4.913, 6.994, 9.679, 12.31, 12.909, 12.133, 14.068, 13.623, 12.262, 10.659, 10.805, 10.757, 9.901, 9.907, 9.355, 8.622, 9.961, 11.295, 10.206, 9.986, 10.838, 9.073, 7.728, 9.48, 9.939, 5.419, 3.63, 3.0, 3.054, 3.291, 3.088, 2.253, 2.458, 3.474, 4.189, 4.144, 3.476, 3.782, 3.055, 2.131, 2.448, 4.363, 5.459, 5.276, 4.596, 4.213, 3.005, 2.471, 2.742, 2.4, 2.442, 3.247, 3.58, 3.107, 3.847, 5.068, 6.157, 6.129, 5.334, 3.732, 3.266, 2.711, 2.477, 2.679], [2.413, 3.208, 3.595, 6.547, 9.2, 8.828, 9.64, 9.437, 8.764, 8.91, 8.891, 8.806, 8.404, 8.021, 6.484, 4.917, 3.867, 3.108, 2.773, 2.034, 0.0, 2.2, 3.383, 3.155, 3.811, 4.722, 4.213, 3.458, 3.483, 5.021, 6.32, 7.455, 6.408, 5.453, 5.554, 4.933, 4.781, 4.683, 5.321, 4.822, 4.262, 4.446, 3.744, 2.411, 2.322, 2.641, 4.41, 4.716, 4.333, 4.593, 4.169, 3.273, 3.354, 3.451, 2.95, 3.843, 4.076, 4.965, 3.367, 1.81, 1.8, 1.937, 1.622, 1.781, 4.643, 6.34, 4.756, 4.627, 5.067, 5.404, 5.406, 6.852, 6.304, 5.245, 3.442, 2.66, 3.116, 3.288, 3.144, 3.304, 2.986, 3.042, 3.611, 5.411, 7.975, 10.631, 11.237, 10.348, 12.261, 11.772, 10.473, 8.869, 8.976, 8.963, 8.222, 8.237, 7.585, 6.802, 8.15, 9.434, 8.385, 8.172, 9.014, 7.281, 5.961, 7.677, 8.116, 3.852, 3.811, 3.689, 3.642, 3.796, 3.777, 3.085, 3.077, 4.483, 5.372, 5.441, 4.883, 5.126, 4.52, 3.264, 3.899, 6.009, 6.91, 6.402, 5.691, 5.272, 4.083, 3.596, 4.23, 3.924, 3.654, 4.484, 5.16, 4.743, 5.063, 6.431, 7.363, 7.227, 6.432, 4.785, 4.175, 3.167, 3.053, 3.197], [2.494, 3.791, 4.692, 7.867, 10.466, 10.093, 11.009, 10.8, 10.165, 10.432, 10.301, 10.401, 9.975, 9.623, 8.11, 6.577, 5.351, 4.681, 4.303, 3.466, 2.2, 0.0, 2.74, 2.798, 4.147, 5.532, 4.759, 4.087, 3.316, 4.191, 4.807, 5.959, 4.862, 4.039, 4.559, 4.152, 4.315, 3.631, 4.001, 3.857, 3.731, 3.448, 2.658, 2.315, 2.317, 3.624, 5.637, 5.936, 4.917, 5.231, 5.11, 4.234, 3.778, 3.851, 3.012, 3.712, 4.146, 4.389, 2.4, 1.735, 1.652, 1.985, 2.261, 1.843, 3.166, 4.809, 3.374, 3.441, 4.247, 4.578, 4.321, 5.425, 4.819, 3.877, 2.706, 3.268, 3.554, 3.745, 3.349, 3.586, 3.454, 3.385, 3.084, 3.874, 6.397, 9.044, 9.645, 8.816, 10.729, 10.24, 8.942, 7.337, 7.481, 7.437, 6.607, 6.633, 6.019, 5.299, 6.654, 7.964, 6.889, 6.676, 7.482, 5.773, 4.803, 6.146, 6.584, 4.122, 4.112, 4.917, 5.02, 5.097, 5.031, 4.322, 4.3, 5.862, 6.663, 6.674, 6.211, 6.469, 5.844, 4.68, 5.438, 7.515, 8.392, 7.856, 7.091, 6.684, 5.455, 4.924, 5.545, 5.298, 4.923, 5.781, 6.497, 6.057, 6.394, 7.762, 8.858, 8.597, 7.566, 5.75, 5.1, 3.834, 3.585, 3.632], [3.278, 4.639, 5.225, 9.032, 11.74, 11.345, 12.272, 12.036, 11.438, 11.621, 11.545, 11.653, 11.126, 10.694, 9.049, 7.452, 6.504, 5.737, 5.496, 4.677, 3.383, 2.74, 0.0, 1.515, 4.369, 5.878, 4.987, 3.928, 3.207, 4.898, 4.834, 5.201, 4.218, 3.983, 4.533, 4.093, 4.124, 3.552, 3.688, 3.169, 2.473, 1.843, 1.684, 2.566, 2.65, 3.954, 5.957, 6.34, 5.057, 5.004, 5.147, 4.279, 3.609, 3.398, 2.639, 3.13, 3.495, 4.062, 2.88, 2.826, 2.335, 2.744, 3.274, 2.974, 2.658, 3.578, 2.653, 2.908, 3.824, 4.273, 3.871, 4.173, 3.594, 3.603, 2.344, 3.158, 3.923, 3.31, 3.149, 3.334, 3.463, 3.32, 3.311, 4.139, 5.742, 8.041, 8.602, 7.708, 9.456, 9.03, 7.783, 6.197, 6.436, 6.618, 6.052, 5.586, 4.841, 4.129, 5.314, 6.666, 5.559, 5.41, 6.229, 4.93, 4.375, 5.059, 5.38, 3.657, 4.428, 5.822, 5.897, 5.664, 5.56, 5.339, 5.071, 6.764, 7.78, 7.745, 7.453, 7.675, 7.093, 5.948, 6.603, 8.773, 9.675, 8.753, 7.697, 7.707, 6.553, 5.983, 6.628, 6.396, 5.999, 6.835, 7.622, 7.29, 7.464, 8.946, 9.99, 9.473, 8.011, 5.989, 5.152, 3.68, 3.479, 3.696], [2.709, 4.008, 4.659, 8.402, 11.067, 10.681, 11.639, 11.41, 10.819, 11.106, 11.001, 11.072, 10.511, 10.09, 8.461, 6.919, 6.041, 5.257, 5.038, 4.194, 3.155, 2.798, 1.515, 0.0, 3.676, 5.179, 4.461, 3.29, 2.798, 4.735, 5.252, 5.985, 5.008, 4.089, 4.27, 3.813, 3.903, 3.561, 3.797, 3.224, 2.202, 2.456, 2.502, 2.989, 2.718, 3.273, 5.429, 5.552, 4.249, 4.35, 4.431, 3.552, 3.194, 3.396, 2.926, 3.313, 3.977, 4.907, 3.66, 2.801, 2.465, 2.464, 2.713, 2.776, 3.565, 4.274, 2.81, 2.827, 3.661, 4.002, 3.932, 4.953, 4.366, 3.651, 2.028, 2.402, 3.226, 2.548, 2.534, 2.567, 2.887, 2.75, 3.122, 4.197, 6.428, 8.821, 9.376, 8.499, 10.135, 9.743, 8.53, 6.953, 7.083, 7.251, 6.66, 6.354, 5.607, 4.98, 6.072, 7.388, 6.263, 6.233, 6.901, 5.271, 4.23, 5.748, 6.104, 3.146, 3.915, 5.274, 5.301, 5.056, 4.982, 4.793, 4.46, 6.249, 7.186, 7.133, 6.881, 7.059, 6.462, 5.308, 5.998, 8.167, 9.081, 8.159, 6.97, 7.102, 6.021, 5.467, 6.155, 5.89, 5.381, 6.219, 7.003, 6.692, 6.948, 8.441, 9.486, 8.837, 7.436, 5.48, 4.64, 3.21, 3.242, 3.501], [2.691, 2.552, 2.047, 5.013, 7.716, 7.323, 8.18, 7.948, 7.326, 7.546, 7.431, 7.5, 6.957, 6.533, 4.931, 3.994, 3.116, 3.253, 3.128, 3.461, 3.811, 4.147, 4.369, 3.676, 0.0, 1.88, 2.183, 3.104, 5.431, 7.044, 8.267, 9.204, 8.293, 7.279, 7.2, 6.668, 6.416, 6.445, 6.807, 6.247, 5.511, 5.813, 4.823, 4.243, 3.584, 2.615, 3.042, 2.906, 3.186, 3.54, 3.477, 3.096, 3.901, 4.362, 4.282, 4.391, 4.879, 6.172, 5.662, 4.401, 3.992, 4.05, 3.65, 4.112, 6.315, 7.668, 6.121, 5.964, 6.357, 6.59, 6.856, 8.416, 7.775, 6.699, 4.859, 3.111, 2.855, 3.619, 4.58, 4.386, 4.521, 4.687, 5.639, 7.323, 9.753, 12.323, 12.892, 12.012, 13.637, 13.258, 12.049, 10.473, 10.578, 10.575, 10.077, 9.873, 9.113, 8.411, 9.503, 10.849, 9.723, 9.665, 10.37, 8.61, 7.313, 9.081, 9.579, 5.238, 2.125, 2.64, 2.276, 1.844, 2.128, 2.578, 2.283, 2.927, 3.897, 4.214, 3.731, 4.42, 4.115, 2.992, 3.813, 4.836, 5.552, 4.992, 4.619, 4.631, 3.935, 3.747, 3.94, 3.93, 3.72, 3.334, 4.381, 4.672, 3.933, 5.137, 5.969, 5.672, 5.017, 4.743, 3.826, 3.697, 3.453, 3.887], [3.926, 3.022, 1.841, 3.626, 6.23, 5.837, 6.736, 6.522, 5.959, 6.177, 6.093, 6.022, 5.542, 5.251, 4.127, 3.675, 3.254, 3.605, 3.683, 4.374, 4.722, 5.532, 5.878, 5.179, 1.88, 0.0, 2.228, 4.169, 7.04, 8.609, 9.88, 10.703, 9.814, 8.759, 8.684, 8.2, 7.756, 8.043, 8.322, 7.697, 6.91, 7.271, 6.276, 5.195, 4.469, 3.183, 2.943, 2.764, 3.612, 3.831, 3.779, 3.685, 4.36, 4.804, 4.869, 4.874, 5.169, 6.756, 6.563, 5.439, 5.056, 5.007, 4.451, 5.047, 7.657, 9.115, 7.548, 7.411, 7.729, 7.937, 8.229, 9.863, 9.256, 8.206, 6.474, 4.275, 3.798, 4.997, 6.192, 6.032, 5.899, 6.224, 7.277, 8.886, 11.284, 13.757, 14.332, 13.502, 15.069, 14.662, 13.518, 11.962, 12.086, 12.128, 11.615, 11.357, 10.592, 9.883, 10.927, 12.2, 11.168, 11.089, 11.878, 10.076, 8.779, 10.526, 11.054, 6.692, 2.766, 2.325, 2.281, 1.649, 2.143, 2.859, 2.543, 2.247, 3.262, 3.749, 3.758, 4.586, 4.287, 3.443, 3.785, 4.247, 4.631, 4.532, 4.478, 4.683, 3.778, 3.611, 3.885, 4.071, 3.779, 3.124, 4.11, 4.57, 4.091, 4.717, 5.245, 5.24, 4.887, 5.012, 4.1, 4.414, 4.214, 4.608], [2.904, 3.266, 2.265, 4.452, 7.078, 6.71, 7.668, 7.44, 6.849, 7.029, 7.2, 7.166, 6.828, 6.326, 5.224, 3.81, 3.432, 3.699, 3.565, 3.943, 4.213, 4.759, 4.987, 4.461, 2.183, 2.228, 0.0, 2.613, 5.489, 6.979, 8.385, 9.352, 8.347, 7.339, 7.282, 6.758, 6.47, 6.6, 7.305, 6.703, 5.824, 6.247, 5.348, 4.574, 3.81, 3.466, 3.743, 3.24, 3.877, 4.567, 4.691, 4.199, 5.053, 5.469, 5.018, 5.363, 6.066, 7.196, 6.053, 4.843, 4.765, 4.921, 4.287, 4.917, 6.976, 8.301, 6.678, 6.62, 6.917, 7.07, 7.302, 8.729, 8.13, 7.055, 5.404, 3.063, 2.335, 3.44, 4.646, 4.412, 4.265, 4.599, 5.69, 7.379, 9.831, 12.434, 13.02, 12.178, 14.092, 13.648, 12.286, 10.69, 10.859, 10.9, 10.132, 10.019, 9.389, 8.653, 9.969, 11.319, 10.226, 10.01, 10.864, 9.097, 7.775, 9.505, 9.967, 5.367, 1.4, 2.245, 2.294, 2.436, 2.548, 2.572, 2.123, 2.762, 4.135, 4.451, 4.377, 5.332, 4.972, 3.808, 3.837, 4.985, 5.858, 5.7, 5.478, 5.416, 4.254, 3.826, 4.058, 4.138, 3.892, 3.214, 4.355, 4.914, 4.635, 5.588, 6.593, 6.548, 5.974, 5.833, 5.081, 4.789, 4.576, 4.974], [2.602, 3.9, 3.487, 6.393, 8.975, 8.627, 9.633, 9.402, 8.812, 9.087, 9.036, 9.127, 8.653, 8.263, 6.76, 5.204, 4.4, 4.354, 3.851, 3.71, 3.458, 4.087, 3.928, 3.29, 3.104, 4.169, 2.613, 0.0, 3.073, 4.538, 6.012, 7.227, 6.201, 5.222, 5.206, 4.645, 4.441, 4.426, 5.132, 4.646, 3.736, 4.299, 4.552, 4.132, 3.812, 3.973, 4.653, 4.43, 4.755, 5.439, 5.497, 4.8, 5.552, 5.881, 5.264, 5.723, 6.524, 7.439, 5.629, 4.189, 4.273, 4.458, 4.025, 4.331, 5.695, 6.644, 4.929, 5.001, 5.277, 5.242, 5.33, 6.666, 6.087, 5.081, 3.447, 1.901, 1.258, 1.694, 2.569, 2.007, 1.916, 2.266, 3.193, 5.072, 7.663, 10.327, 10.923, 10.069, 11.983, 11.538, 10.21, 8.59, 8.769, 8.685, 7.901, 7.911, 7.272, 6.607, 8.016, 9.326, 8.196, 7.951, 8.755, 7.003, 5.774, 7.434, 7.846, 3.185, 1.764, 3.259, 3.485, 3.83, 3.911, 3.201, 2.785, 4.244, 5.573, 5.808, 5.361, 5.916, 5.399, 4.319, 4.337, 6.233, 7.189, 6.788, 6.269, 6.032, 4.926, 4.065, 4.619, 4.468, 4.225, 4.288, 4.99, 5.443, 5.702, 6.81, 8.01, 7.897, 7.197, 6.379, 5.819, 5.233, 5.024, 5.429], [3.335, 5.19, 6.151, 9.176, 11.755, 11.404, 12.4, 12.164, 11.572, 12.01, 11.877, 12.069, 11.625, 11.241, 9.724, 8.197, 7.006, 6.325, 5.851, 4.935, 3.483, 3.316, 3.207, 2.798, 5.431, 7.04, 5.489, 3.073, 0.0, 2.511, 3.238, 4.473, 3.495, 2.307, 2.653, 2.0, 2.189, 1.715, 2.509, 2.069, 1.708, 2.712, 3.764, 3.942, 4.083, 5.022, 6.947, 7.066, 6.134, 6.917, 6.757, 5.782, 5.709, 5.73, 5.034, 5.702, 6.396, 6.825, 4.687, 3.307, 3.659, 3.629, 3.84, 3.634, 4.405, 4.278, 2.676, 2.79, 3.193, 3.178, 2.899, 3.89, 3.422, 2.601, 1.613, 2.845, 3.482, 2.126, 1.143, 1.654, 1.58, 1.549, 1.18, 2.558, 4.843, 7.426, 8.038, 7.223, 9.166, 8.81, 7.407, 5.763, 6.011, 5.852, 5.037, 5.009, 4.506, 3.925, 5.511, 6.788, 5.659, 5.193, 5.997, 4.185, 3.057, 4.718, 5.072, 1.308, 4.566, 6.171, 6.422, 6.557, 6.34, 5.631, 5.557, 7.044, 8.147, 8.165, 7.763, 8.01, 7.376, 6.299, 6.909, 9.038, 9.861, 9.355, 8.484, 8.268, 6.966, 6.38, 6.965, 6.63, 6.105, 6.934, 7.74, 7.382, 7.91, 9.28, 10.519, 10.215, 9.199, 7.48, 6.899, 5.691, 5.589, 5.826], [5.096, 7.092, 7.836, 10.424, 12.829, 12.489, 13.487, 13.251, 12.694, 13.075, 13.008, 13.31, 12.923, 12.502, 11.069, 9.554, 8.508, 7.794, 7.325, 6.107, 5.021, 4.191, 4.898, 4.735, 7.044, 8.609, 6.979, 4.538, 2.511, 0.0, 2.119, 3.521, 2.832, 2.261, 2.503, 2.279, 2.159, 2.102, 2.366, 2.708, 3.609, 4.287, 5.272, 5.208, 5.368, 6.55, 8.608, 8.482, 7.981, 8.787, 8.702, 7.698, 7.559, 7.613, 6.716, 7.46, 8.066, 8.14, 5.371, 4.251, 5.033, 5.052, 5.338, 4.593, 3.98, 3.439, 2.983, 2.899, 2.634, 2.412, 2.142, 3.385, 2.694, 1.796, 2.877, 4.401, 4.918, 3.928, 3.007, 2.995, 3.0, 2.962, 2.023, 1.714, 3.885, 6.5, 7.121, 6.294, 8.179, 7.893, 6.455, 4.722, 4.985, 4.817, 3.944, 3.927, 3.494, 3.262, 4.386, 5.718, 4.756, 4.139, 4.974, 3.168, 2.545, 3.844, 4.021, 2.829, 6.15, 7.602, 7.817, 8.076, 8.136, 7.217, 6.987, 8.559, 9.814, 9.862, 9.377, 9.641, 8.943, 7.91, 8.234, 10.246, 11.336, 10.974, 10.11, 9.821, 8.427, 7.639, 8.309, 7.988, 7.632, 8.421, 8.959, 8.561, 9.473, 10.908, 12.152, 12.032, 11.111, 9.355, 8.788, 7.574, 7.548, 7.628], [6.312, 8.098, 9.015, 12.289, 14.879, 14.531, 15.537, 15.302, 14.71, 15.044, 14.931, 15.057, 14.572, 14.188, 12.637, 11.141, 9.95, 9.265, 8.885, 8.044, 6.32, 4.807, 4.834, 5.252, 8.267, 9.88, 8.385, 6.012, 3.238, 2.119, 0.0, 1.722, 1.418, 1.777, 2.527, 2.385, 2.548, 2.038, 1.881, 2.551, 3.57, 4.074, 4.864, 5.497, 6.009, 7.817, 9.801, 9.95, 8.782, 9.561, 9.592, 8.662, 8.088, 8.004, 6.982, 7.572, 8.001, 7.481, 4.717, 4.909, 5.404, 5.728, 6.407, 5.565, 3.314, 2.491, 3.042, 3.366, 3.298, 2.735, 2.202, 2.235, 2.024, 1.87, 3.547, 5.747, 6.427, 5.073, 4.011, 4.552, 4.624, 4.543, 3.354, 1.783, 2.001, 4.56, 5.184, 4.249, 6.109, 5.829, 4.403, 2.684, 2.916, 2.755, 2.017, 2.085, 1.792, 2.025, 3.026, 4.289, 3.351, 2.169, 2.921, 1.502, 2.449, 1.9, 1.974, 3.434, 7.422, 9.005, 9.342, 9.397, 9.228, 8.547, 8.446, 9.988, 11.174, 11.176, 10.814, 10.998, 10.448, 9.271, 9.985, 12.099, 12.953, 12.275, 11.349, 11.15, 9.922, 9.356, 10.048, 9.74, 9.122, 9.917, 10.776, 10.461, 10.856, 12.336, 13.446, 13.083, 12.059, 10.177, 9.634, 8.161, 7.872, 8.022], [7.605, 9.22, 9.827, 13.611, 16.192, 15.843, 16.85, 16.619, 16.029, 16.233, 16.135, 16.196, 15.73, 15.347, 13.672, 12.158, 11.087, 10.359, 10.091, 9.249, 7.455, 5.959, 5.201, 5.985, 9.204, 10.703, 9.352, 7.227, 4.473, 3.521, 1.722, 0.0, 1.622, 2.835, 3.453, 3.461, 3.631, 3.219, 2.84, 3.337, 4.278, 4.494, 4.963, 6.42, 7.011, 8.673, 10.591, 10.851, 9.51, 10.092, 10.248, 9.318, 8.667, 8.416, 7.43, 8.083, 8.497, 7.261, 4.754, 5.937, 6.351, 6.602, 7.316, 6.353, 3.668, 2.609, 3.625, 4.036, 3.989, 3.517, 3.02, 2.364, 2.316, 2.645, 4.505, 6.763, 7.714, 6.245, 5.23, 5.883, 5.955, 5.874, 4.678, 2.9, 1.498, 3.41, 4.026, 3.074, 4.894, 4.522, 3.211, 1.706, 1.829, 2.238, 2.044, 1.857, 1.776, 1.793, 2.466, 3.527, 2.561, 1.237, 1.823, 2.228, 3.27, 1.418, 1.355, 4.455, 8.456, 10.105, 10.399, 10.27, 10.079, 9.68, 9.536, 11.136, 12.374, 12.372, 12.05, 12.284, 11.682, 10.529, 11.233, 13.371, 14.272, 13.418, 12.424, 12.26, 11.065, 10.562, 11.2, 10.966, 10.403, 11.199, 12.094, 11.79, 12.036, 13.526, 14.568, 14.083, 12.916, 10.914, 10.309, 8.708, 8.413, 8.628], [6.552, 8.117, 8.903, 12.5, 15.112, 14.757, 15.738, 15.507, 14.917, 15.155, 15.043, 15.198, 14.761, 14.35, 12.73, 11.241, 9.983, 9.305, 8.991, 8.148, 6.408, 4.862, 4.218, 5.008, 8.293, 9.814, 8.347, 6.201, 3.495, 2.832, 1.418, 1.622, 0.0, 2.009, 2.758, 2.823, 3.0, 2.535, 2.205, 2.752, 3.34, 3.577, 4.139, 5.526, 6.072, 7.803, 9.688, 9.959, 8.663, 9.143, 9.285, 8.364, 7.704, 7.474, 6.49, 7.129, 7.552, 6.755, 4.119, 4.978, 5.399, 5.727, 6.36, 5.411, 2.726, 2.08, 2.758, 3.205, 3.204, 3.026, 2.196, 1.937, 1.953, 2.115, 3.614, 5.824, 6.655, 5.178, 4.129, 4.867, 4.921, 4.842, 3.698, 1.838, 1.897, 4.238, 4.858, 3.999, 5.92, 5.485, 4.141, 2.52, 2.694, 2.922, 2.196, 1.961, 1.681, 1.708, 2.54, 3.809, 2.598, 2.024, 2.755, 1.868, 2.776, 1.782, 2.047, 3.774, 7.462, 9.133, 9.506, 9.389, 9.131, 8.702, 8.582, 10.135, 11.265, 11.285, 10.938, 11.222, 10.593, 9.457, 10.149, 12.277, 13.158, 12.374, 11.444, 11.273, 10.071, 9.487, 10.098, 9.853, 9.29, 10.1, 10.994, 10.677, 10.931, 12.435, 13.552, 13.103, 11.877, 9.959, 9.311, 7.795, 7.536, 7.676], [5.275, 6.884, 7.898, 11.062, 13.698, 13.372, 14.287, 14.032, 13.456, 14.054, 13.922, 14.167, 13.71, 13.305, 11.707, 10.272, 9.002, 8.275, 7.959, 7.056, 5.453, 4.039, 3.983, 4.089, 7.279, 8.759, 7.339, 5.222, 2.307, 2.261, 1.777, 2.835, 2.009, 0.0, 1.677, 1.387, 1.659, 1.231, 1.424, 1.704, 2.676, 3.322, 4.326, 5.018, 5.316, 6.79, 8.693, 8.98, 7.689, 8.392, 8.39, 7.443, 7.004, 6.978, 5.976, 6.614, 7.123, 7.19, 4.815, 4.005, 4.433, 4.635, 5.214, 4.497, 3.653, 2.899, 2.22, 2.425, 2.631, 2.401, 1.931, 2.199, 1.985, 1.638, 2.597, 4.645, 5.527, 4.029, 2.82, 3.602, 3.663, 3.454, 2.445, 1.705, 2.99, 5.502, 6.055, 5.346, 7.298, 6.899, 5.485, 3.895, 4.143, 4.077, 3.171, 3.058, 2.828, 2.454, 4.03, 5.294, 4.283, 3.395, 4.129, 2.336, 1.786, 2.908, 3.222, 2.559, 6.454, 8.12, 8.55, 8.439, 8.131, 7.716, 7.578, 9.128, 10.035, 9.857, 9.698, 9.956, 9.316, 8.304, 8.884, 10.976, 11.864, 11.253, 10.342, 10.252, 9.068, 8.48, 8.957, 8.626, 8.079, 8.876, 9.826, 9.404, 9.879, 11.355, 12.529, 12.011, 10.819, 9.033, 8.442, 7.041, 6.869, 6.908], [5.479, 6.965, 7.851, 11.325, 13.958, 13.587, 14.574, 14.337, 13.746, 14.137, 14.007, 14.212, 13.743, 13.327, 11.682, 10.258, 9.028, 8.31, 7.988, 7.208, 5.554, 4.559, 4.533, 4.27, 7.2, 8.684, 7.282, 5.206, 2.653, 2.503, 2.527, 3.453, 2.758, 1.677, 0.0, 1.134, 1.249, 1.799, 2.018, 2.434, 2.909, 3.73, 5.093, 5.939, 6.106, 6.748, 8.611, 8.92, 7.763, 7.978, 7.986, 7.152, 7.149, 7.075, 6.244, 7.02, 7.648, 7.72, 5.412, 4.416, 5.237, 5.037, 5.148, 4.61, 4.071, 3.326, 2.55, 2.53, 2.567, 2.42, 2.171, 2.383, 2.148, 2.116, 2.941, 4.629, 5.547, 4.051, 2.989, 3.79, 3.817, 3.894, 2.904, 2.458, 3.278, 5.29, 5.863, 5.087, 6.992, 6.594, 5.191, 3.682, 3.976, 4.068, 3.14, 3.229, 2.824, 2.675, 4.14, 5.452, 4.653, 3.493, 3.931, 2.702, 1.611, 3.06, 3.241, 2.416, 6.415, 8.122, 8.534, 8.394, 8.06, 7.742, 7.557, 9.164, 10.108, 10.063, 9.818, 10.05, 9.464, 8.348, 8.969, 11.131, 11.977, 11.254, 10.326, 10.251, 9.094, 8.494, 9.064, 8.798, 8.18, 8.968, 9.875, 9.548, 9.9, 11.414, 12.549, 11.984, 10.552, 8.84, 8.095, 7.154, 7.206, 7.282], [4.761, 6.333, 7.313, 10.689, 13.322, 12.958, 13.937, 13.701, 13.11, 13.498, 13.459, 13.641, 13.151, 12.736, 11.087, 9.652, 8.439, 7.701, 7.42, 6.534, 4.933, 4.152, 4.093, 3.813, 6.668, 8.2, 6.758, 4.645, 2.0, 2.279, 2.385, 3.461, 2.823, 1.387, 1.134, 0.0, 1.002, 1.299, 1.782, 2.085, 2.491, 3.387, 4.655, 5.248, 5.325, 6.195, 8.11, 8.356, 7.225, 7.776, 7.786, 6.875, 6.653, 6.679, 5.924, 6.577, 7.287, 7.659, 5.238, 4.027, 4.553, 4.488, 4.692, 4.263, 4.166, 3.528, 2.475, 2.508, 2.669, 2.422, 2.234, 2.605, 2.33, 1.956, 2.358, 4.04, 4.977, 3.497, 2.32, 3.16, 3.196, 3.182, 2.281, 2.277, 3.491, 5.862, 6.427, 5.683, 7.628, 7.235, 5.821, 4.262, 4.477, 4.382, 3.592, 3.525, 3.22, 2.9, 4.371, 5.669, 4.93, 3.855, 4.464, 3.016, 1.823, 3.308, 3.57, 1.915, 5.872, 7.578, 7.909, 7.813, 7.522, 7.165, 6.948, 8.533, 9.466, 9.447, 9.216, 9.424, 8.859, 7.799, 8.359, 10.527, 11.357, 10.655, 9.726, 9.662, 8.512, 7.884, 8.441, 8.184, 7.53, 8.32, 9.25, 8.922, 9.314, 10.82, 11.993, 11.441, 10.207, 8.379, 7.884, 6.621, 6.614, 6.717], [4.957, 6.714, 7.043, 10.657, 13.29, 12.919, 13.904, 13.67, 13.078, 13.387, 13.3, 13.446, 12.936, 12.52, 10.84, 9.408, 8.279, 7.535, 7.29, 6.526, 4.781, 4.315, 4.124, 3.903, 6.416, 7.756, 6.47, 4.441, 2.189, 2.159, 2.548, 3.631, 3.0, 1.659, 1.249, 1.002, 0.0, 1.332, 1.692, 1.917, 2.549, 3.407, 4.707, 5.228, 5.269, 5.969, 7.75, 8.006, 7.242, 7.844, 7.667, 6.691, 6.703, 6.722, 5.919, 6.625, 7.268, 7.547, 5.16, 3.969, 4.465, 4.316, 4.418, 3.873, 4.057, 3.334, 2.333, 2.271, 2.058, 1.789, 1.79, 2.58, 2.161, 1.744, 2.355, 3.853, 4.802, 3.399, 2.54, 3.375, 3.123, 3.206, 2.422, 2.57, 3.821, 6.056, 6.641, 5.858, 7.66, 7.264, 5.918, 4.36, 4.704, 4.626, 3.979, 3.768, 3.127, 2.83, 4.192, 5.484, 4.773, 3.793, 4.533, 2.941, 1.541, 3.266, 3.599, 1.916, 5.674, 7.371, 7.669, 7.523, 7.301, 6.985, 6.737, 8.391, 9.419, 9.44, 9.253, 9.477, 8.862, 7.665, 8.267, 10.434, 11.309, 10.466, 9.49, 9.484, 8.332, 7.695, 8.37, 8.105, 7.47, 8.278, 9.148, 8.852, 9.278, 10.724, 11.873, 11.28, 10.2, 8.47, 7.86, 6.682, 6.676, 6.891], [4.75, 6.454, 7.211, 10.63, 13.262, 12.892, 13.878, 13.643, 13.051, 13.363, 13.33, 13.483, 12.958, 12.542, 10.857, 9.457, 8.292, 7.521, 7.268, 6.385, 4.683, 3.631, 3.552, 3.561, 6.445, 8.043, 6.6, 4.426, 1.715, 2.102, 2.038, 3.219, 2.535, 1.231, 1.799, 1.299, 1.332, 0.0, 1.202, 1.238, 2.109, 2.917, 3.975, 4.321, 4.587, 5.991, 7.965, 8.117, 7.031, 7.843, 7.833, 6.863, 6.398, 6.368, 5.389, 6.11, 6.689, 6.992, 4.644, 3.487, 3.798, 3.982, 4.521, 3.969, 3.878, 3.245, 2.046, 2.164, 2.62, 2.434, 2.005, 2.502, 2.158, 1.483, 1.871, 3.902, 4.825, 3.302, 2.262, 3.011, 3.054, 2.975, 1.91, 2.096, 3.481, 6.018, 6.631, 5.809, 7.708, 7.361, 5.968, 4.286, 4.58, 4.411, 3.723, 3.601, 3.049, 2.683, 4.244, 5.521, 4.601, 3.72, 4.518, 2.805, 1.789, 3.406, 3.596, 1.885, 5.697, 7.437, 7.701, 7.611, 7.486, 7.002, 6.725, 8.354, 9.392, 9.48, 9.113, 9.355, 8.789, 7.649, 8.242, 10.418, 11.282, 10.493, 9.587, 9.495, 8.361, 7.708, 8.336, 8.081, 7.442, 8.253, 9.116, 8.806, 9.169, 10.671, 11.844, 11.302, 10.258, 8.426, 7.871, 6.472, 6.251, 6.394], [5.552, 7.213, 7.643, 11.517, 14.098, 13.75, 14.754, 14.522, 13.933, 14.16, 14.046, 14.042, 13.543, 13.153, 11.49, 9.936, 9.031, 8.284, 8.036, 7.194, 5.321, 4.001, 3.688, 3.797, 6.807, 8.322, 7.305, 5.132, 2.509, 2.366, 1.881, 2.84, 2.205, 1.424, 2.018, 1.782, 1.692, 1.202, 0.0, 1.016, 2.386, 2.976, 3.848, 4.516, 4.908, 6.292, 8.317, 8.43, 7.223, 7.939, 7.931, 6.981, 6.484, 6.453, 5.495, 6.061, 6.596, 6.888, 4.487, 3.849, 4.138, 4.301, 5.064, 3.994, 3.434, 2.579, 1.505, 1.757, 2.186, 2.085, 1.615, 2.106, 1.704, 1.185, 2.238, 4.608, 5.61, 4.13, 3.139, 3.835, 3.889, 3