[[0.0, 2.206, 3.804, 3.908, 4.499, 5.978, 6.187, 5.237, 4.31, 4.331, 5.702, 4.424, 1.999, 2.293, 2.408, 4.199, 6.202, 7.372, 8.678, 8.772, 9.215, 9.515, 8.874, 8.144, 7.294, 7.534, 7.475, 6.899, 7.134, 9.016, 10.965, 10.36, 8.864, 8.367, 8.031, 7.644, 7.174, 6.608, 4.992, 4.534, 5.158, 4.34, 2.087, 2.161, 2.308, 2.784, 3.339, 5.08, 7.021, 6.034, 5.441, 6.816, 7.947, 8.793, 8.571, 7.305, 4.976, 4.479, 4.266, 3.81, 3.428, 4.406, 6.239, 6.719, 5.427, 5.148, 7.139, 8.368, 8.635, 10.589, 12.064, 12.52, 11.384, 8.803, 6.67, 8.377, 11.105, 12.881, 13.93, 14.604, 15.415, 16.027, 15.368, 14.163, 16.767, 20.101, 21.136, 21.194, 22.153, 23.922, 25.99, 27.483, 28.408, 28.66, 28.903, 30.18, 30.343, 28.895, 27.583, 26.287, 26.353, 25.936, 24.806, 24.434, 24.453, 24.703, 24.801, 23.557, 21.175, 18.1, 15.821, 16.287, 17.505, 15.673, 14.828, 13.005, 10.632, 10.914, 12.118, 12.86, 13.219, 14.974, 16.476, 16.011, 16.673, 17.57, 18.012, 18.163, 18.746, 18.865, 19.451, 20.066, 19.841, 17.614, 16.228, 16.676, 17.782, 17.926, 16.903, 17.062, 20.703, 23.252, 23.607, 22.486, 21.075, 20.009, 17.526, 14.779, 14.452, 14.529, 13.303, 11.435, 9.871, 10.044, 9.978, 9.115, 9.786, 12.176, 13.426, 14.027, 12.984, 10.123, 9.17, 9.374, 8.91, 7.711, 5.203, 3.288, 3.271, 3.705, 2.911, 3.005, 3.031, 2.819, 2.894, 5.019, 8.186, 8.42, 4.087, 2.46, 3.11, 3.208, 2.146, 2.278, 2.747, 2.35, 1.0, 2.17, 2.282, 2.553, 3.024, 1.542, 4.304, 7.223, 8.422, 9.754, 11.598, 11.791, 10.977, 10.095, 10.935, 11.851, 12.662, 14.703, 17.383, 19.176], [2.206, 0.0, 2.487, 3.171, 3.803, 4.796, 4.736, 4.125, 3.266, 3.711, 4.904, 3.179, 2.244, 3.737, 3.822, 5.701, 7.545, 8.66, 10.065, 10.006, 10.404, 10.83, 10.08, 9.209, 8.585, 8.782, 8.627, 7.943, 8.205, 10.143, 12.27, 11.589, 10.013, 9.568, 9.181, 8.831, 8.464, 7.807, 6.45, 6.07, 6.704, 5.935, 3.371, 1.949, 1.757, 2.569, 2.37, 3.696, 5.816, 4.527, 4.017, 5.597, 6.964, 7.991, 8.045, 7.023, 5.31, 5.281, 5.181, 4.711, 4.897, 5.806, 7.608, 8.057, 6.745, 6.56, 8.488, 9.702, 10.032, 11.998, 13.444, 13.852, 12.769, 10.142, 8.012, 9.748, 12.364, 14.134, 15.027, 15.813, 16.697, 17.389, 16.775, 15.431, 18.053, 21.431, 22.489, 22.528, 23.474, 25.25, 27.285, 28.747, 29.674, 29.933, 30.167, 31.433, 31.611, 30.243, 28.909, 27.64, 27.524, 27.111, 26.024, 25.783, 25.776, 26.034, 26.123, 24.877, 22.494, 19.433, 17.092, 17.574, 18.812, 16.959, 15.974, 14.318, 11.997, 12.26, 13.475, 14.265, 14.554, 16.243, 17.849, 17.272, 18.009, 18.891, 19.356, 19.483, 20.06, 20.203, 20.804, 21.398, 21.148, 18.964, 17.57, 18.026, 19.135, 19.288, 18.26, 18.411, 22.07, 24.544, 24.954, 23.862, 22.407, 21.339, 18.88, 16.116, 15.805, 15.883, 14.652, 12.829, 11.279, 11.432, 11.397, 10.525, 11.136, 13.538, 14.77, 15.417, 14.339, 11.479, 10.501, 10.721, 10.248, 9.085, 6.471, 4.499, 4.558, 4.996, 3.971, 3.986, 4.39, 4.178, 4.05, 6.272, 9.52, 9.79, 5.531, 3.122, 2.531, 1.948, 1.247, 3.337, 3.719, 3.47, 2.412, 1.749, 1.977, 2.122, 2.355, 2.047, 5.532, 8.2, 9.701, 11.104, 12.897, 13.153, 12.331, 11.464, 12.362, 13.248, 14.019, 16.018, 18.741, 20.503], [3.804, 2.487, 0.0, 2.095, 2.665, 2.78, 3.004, 2.42, 2.374, 2.888, 2.95, 1.89, 4.121, 5.622, 5.623, 7.544, 9.583, 10.707, 12.079, 12.177, 12.553, 12.879, 12.259, 11.454, 10.658, 10.83, 10.812, 10.103, 10.438, 12.33, 14.258, 13.607, 12.251, 11.731, 11.344, 10.88, 10.6, 9.97, 8.362, 7.891, 8.619, 7.8, 5.099, 2.708, 2.138, 3.251, 2.898, 2.416, 4.481, 2.792, 2.65, 4.021, 5.414, 6.4, 6.571, 5.787, 5.062, 6.027, 5.955, 5.593, 5.914, 7.739, 9.607, 10.063, 8.768, 8.5, 10.496, 11.855, 12.082, 14.096, 15.52, 16.038, 14.82, 12.155, 10.006, 11.797, 14.563, 16.237, 17.228, 18.039, 18.744, 19.452, 18.838, 17.592, 20.093, 23.456, 24.492, 24.558, 25.518, 27.281, 29.319, 30.775, 31.711, 31.97, 32.203, 33.472, 33.646, 32.321, 30.935, 29.78, 29.79, 29.356, 28.222, 27.917, 27.848, 28.068, 28.161, 26.914, 24.531, 21.462, 19.134, 19.692, 20.847, 19.089, 18.01, 16.352, 14.01, 14.267, 15.47, 16.275, 16.572, 18.308, 19.96, 19.397, 20.069, 20.924, 21.39, 21.545, 22.093, 22.231, 22.816, 23.428, 23.18, 20.966, 19.564, 20.011, 21.124, 21.281, 20.26, 20.419, 24.1, 26.584, 26.992, 25.885, 24.437, 23.366, 20.879, 18.141, 17.801, 17.887, 16.651, 14.827, 13.305, 13.467, 13.447, 12.51, 13.131, 15.53, 16.763, 17.546, 16.406, 13.466, 12.52, 12.743, 12.263, 11.059, 8.49, 6.332, 6.548, 7.058, 6.05, 6.092, 6.371, 6.088, 6.041, 8.297, 11.525, 11.785, 7.43, 4.048, 3.146, 2.194, 2.302, 5.187, 5.809, 5.476, 4.169, 2.497, 2.672, 2.749, 1.906, 3.608, 7.619, 10.404, 11.775, 13.151, 14.91, 15.143, 14.32, 13.479, 14.395, 15.286, 16.057, 18.058, 20.732, 22.531], [3.908, 3.171, 2.095, 0.0, 1.37, 2.952, 3.235, 2.354, 2.008, 1.782, 2.531, 2.162, 4.152, 5.774, 5.638, 7.321, 9.463, 10.847, 11.797, 12.167, 12.728, 12.668, 12.405, 11.722, 10.714, 10.93, 10.931, 10.451, 10.629, 12.491, 14.232, 13.648, 12.378, 11.804, 11.543, 11.029, 10.561, 10.068, 8.15, 7.699, 8.17, 7.338, 4.74, 2.428, 3.393, 4.932, 4.45, 3.559, 5.664, 3.939, 2.493, 3.689, 5.004, 5.746, 5.365, 4.335, 3.837, 4.363, 4.338, 4.01, 5.115, 7.532, 9.26, 9.708, 8.421, 8.231, 10.174, 11.715, 11.909, 13.954, 15.188, 15.668, 14.649, 11.86, 9.803, 11.532, 14.404, 16.058, 17.276, 18.041, 18.461, 19.054, 18.375, 17.441, 19.77, 23.019, 24.008, 24.089, 25.08, 26.894, 28.934, 30.418, 31.385, 31.629, 31.88, 33.15, 33.338, 31.975, 30.612, 29.451, 29.671, 29.382, 28.235, 27.638, 27.501, 27.656, 27.715, 26.486, 24.078, 20.993, 18.89, 19.443, 20.493, 18.937, 18.263, 16.053, 13.759, 13.932, 15.003, 15.809, 16.146, 17.968, 19.583, 19.224, 19.662, 20.518, 20.976, 21.092, 21.665, 21.785, 22.367, 22.999, 22.71, 20.485, 19.081, 19.528, 20.642, 20.801, 19.774, 19.963, 23.667, 26.2, 26.593, 25.459, 24.005, 22.945, 20.437, 17.674, 17.32, 17.464, 16.256, 14.434, 12.951, 13.177, 13.129, 12.203, 12.725, 15.072, 16.305, 17.105, 15.995, 13.009, 12.065, 12.307, 11.817, 10.653, 8.081, 6.124, 6.473, 6.898, 6.494, 6.664, 6.244, 6.1, 6.331, 8.486, 11.131, 11.408, 7.166, 2.884, 2.816, 2.174, 2.613, 5.384, 6.174, 5.825, 4.33, 2.321, 2.306, 2.221, 1.676, 3.813, 7.65, 10.729, 11.848, 13.027, 14.759, 14.792, 13.892, 13.041, 13.987, 14.916, 15.774, 17.737, 20.368, 22.109], [4.499, 3.803, 2.665, 1.37, 0.0, 1.905, 2.22, 1.579, 1.574, 1.308, 1.751, 2.372, 4.869, 6.387, 6.359, 8.142, 10.258, 11.537, 12.627, 12.912, 13.417, 13.443, 13.095, 12.389, 11.41, 11.652, 11.646, 11.107, 11.321, 13.182, 15.026, 14.432, 13.088, 12.529, 12.232, 11.774, 11.292, 10.756, 8.958, 8.513, 9.12, 8.301, 5.539, 2.883, 3.955, 5.525, 5.06, 3.773, 5.871, 4.028, 1.86, 2.719, 4.024, 4.759, 4.563, 3.435, 3.254, 4.419, 4.793, 4.614, 6.12, 8.379, 10.162, 10.637, 9.352, 9.076, 11.073, 12.461, 12.669, 14.703, 16.061, 16.58, 15.433, 12.75, 10.617, 12.365, 15.194, 16.891, 18.021, 18.776, 19.392, 19.964, 19.341, 18.225, 20.706, 24.026, 25.033, 25.099, 26.087, 27.869, 29.913, 31.411, 32.36, 32.604, 32.863, 34.129, 34.299, 32.898, 31.556, 30.349, 30.479, 30.113, 28.963, 28.515, 28.422, 28.643, 28.733, 27.493, 25.095, 22.009, 19.751, 20.265, 21.441, 19.736, 18.96, 16.95, 14.6, 14.853, 16.009, 16.81, 17.13, 18.932, 20.497, 20.039, 20.619, 21.482, 21.955, 22.097, 22.68, 22.78, 23.357, 23.987, 23.74, 21.51, 20.114, 20.562, 21.672, 21.82, 20.801, 20.978, 24.658, 27.174, 27.563, 26.438, 25.011, 23.945, 21.445, 18.683, 18.35, 18.442, 17.208, 15.386, 13.853, 14.023, 13.977, 13.072, 13.678, 16.091, 17.314, 18.05, 16.918, 14.034, 13.082, 13.3, 12.832, 11.626, 9.002, 6.858, 7.27, 7.71, 7.115, 7.241, 7.027, 6.87, 6.992, 9.164, 12.088, 12.355, 8.04, 3.236, 2.505, 2.528, 3.293, 5.998, 6.782, 6.412, 4.965, 2.916, 2.697, 2.658, 2.175, 4.488, 8.399, 11.401, 12.547, 13.767, 15.569, 15.741, 14.889, 14.027, 14.896, 15.826, 16.634, 18.655, 21.329, 23.087], [5.978, 4.796, 2.78, 2.952, 1.905, 0.0, 1.322, 1.497, 2.226, 2.168, 1.326, 2.448, 6.46, 7.881, 7.9, 9.86, 11.851, 12.945, 14.316, 14.404, 14.758, 15.157, 14.461, 13.666, 12.861, 13.125, 13.1, 12.38, 12.661, 14.588, 16.566, 15.915, 14.456, 13.931, 13.582, 13.141, 12.813, 12.235, 10.624, 10.176, 10.847, 10.024, 7.293, 4.346, 4.326, 5.808, 5.419, 3.713, 5.055, 3.363, 1.374, 1.601, 2.814, 3.859, 4.029, 3.347, 3.847, 6.151, 6.624, 6.451, 7.951, 10.042, 11.887, 12.36, 11.062, 10.792, 12.786, 14.049, 14.285, 16.285, 17.72, 18.233, 17.013, 14.434, 12.314, 14.023, 16.768, 18.532, 19.468, 20.244, 21.039, 21.679, 21.04, 19.84, 22.388, 25.748, 26.785, 26.849, 27.808, 29.574, 31.62, 33.089, 34.032, 34.286, 34.531, 35.804, 35.961, 34.526, 33.206, 31.983, 32.014, 31.588, 30.451, 30.121, 30.074, 30.351, 30.453, 29.206, 26.822, 23.753, 21.435, 21.924, 23.139, 21.312, 20.361, 18.657, 16.282, 16.558, 17.761, 18.518, 18.862, 20.606, 22.152, 21.655, 22.331, 23.213, 23.664, 23.818, 24.39, 24.52, 25.106, 25.719, 25.477, 23.262, 21.871, 22.319, 23.424, 23.572, 22.554, 22.709, 26.351, 28.879, 29.255, 28.135, 26.73, 25.659, 23.173, 20.427, 20.098, 20.184, 18.946, 17.093, 15.519, 15.683, 15.649, 14.757, 15.43, 17.823, 19.069, 19.733, 18.633, 15.766, 14.814, 15.023, 14.553, 13.362, 10.707, 8.362, 8.85, 9.351, 8.342, 8.43, 8.672, 8.373, 8.293, 10.585, 13.821, 14.08, 9.72, 4.913, 3.452, 3.439, 4.589, 7.495, 8.097, 7.712, 6.35, 4.301, 4.058, 4.175, 3.453, 5.926, 9.912, 12.691, 14.022, 15.388, 17.224, 17.435, 16.62, 15.755, 16.596, 17.509, 18.323, 20.352, 23.026, 24.823], [6.187, 4.736, 3.004, 3.235, 2.22, 1.322, 0.0, 1.3, 2.14, 2.356, 1.548, 2.564, 6.785, 8.094, 8.076, 10.169, 12.148, 13.211, 14.616, 14.564, 14.946, 15.477, 14.599, 13.74, 13.14, 13.424, 13.269, 12.469, 12.756, 14.753, 16.891, 16.212, 14.583, 14.077, 13.727, 13.366, 13.051, 12.446, 10.98, 10.515, 11.172, 10.304, 7.527, 4.567, 4.325, 5.774, 5.284, 3.534, 4.867, 3.057, 1.53, 1.849, 2.782, 4.126, 4.343, 3.882, 4.044, 6.317, 6.792, 6.705, 8.23, 10.365, 12.211, 12.65, 11.38, 11.14, 13.12, 14.256, 14.57, 16.535, 17.984, 18.444, 17.334, 14.769, 12.66, 14.303, 16.895, 18.766, 19.659, 20.353, 21.328, 21.998, 21.322, 20.052, 22.688, 26.077, 27.13, 27.176, 28.095, 29.887, 31.923, 33.38, 34.312, 34.569, 34.773, 36.074, 36.245, 34.778, 33.459, 32.172, 32.097, 31.681, 30.573, 30.313, 30.326, 30.634, 30.741, 29.494, 27.136, 24.08, 21.728, 22.206, 23.428, 21.513, 20.591, 18.967, 16.596, 16.873, 18.113, 18.851, 19.153, 20.884, 22.449, 21.918, 22.651, 23.498, 23.99, 24.117, 24.671, 24.852, 25.444, 26.046, 25.794, 23.607, 22.22, 22.671, 23.773, 23.92, 22.897, 23.022, 26.64, 29.189, 29.546, 28.422, 27.026, 25.952, 23.48, 20.764, 20.446, 20.515, 19.277, 17.408, 15.787, 15.968, 15.938, 15.061, 15.782, 18.166, 19.418, 19.96, 18.939, 16.089, 15.115, 15.329, 14.859, 13.66, 10.969, 8.635, 9.187, 9.643, 8.527, 8.44, 8.976, 8.709, 8.578, 10.894, 14.152, 14.386, 10.04, 5.224, 3.507, 3.448, 4.867, 7.844, 8.296, 7.916, 6.632, 4.649, 4.339, 4.305, 3.652, 6.132, 10.058, 12.755, 14.291, 15.696, 17.536, 17.757, 16.943, 16.061, 16.886, 17.82, 18.659, 20.669, 23.354, 25.152], [5.237, 4.125, 2.42, 2.354, 1.579, 1.497, 1.3, 0.0, 1.301, 1.611, 1.422, 2.415, 5.777, 7.195, 7.152, 9.196, 11.205, 12.279, 13.657, 13.732, 14.11, 14.502, 13.809, 12.998, 12.216, 12.454, 12.423, 11.665, 11.997, 13.902, 15.915, 15.246, 13.808, 13.277, 12.896, 12.454, 12.171, 11.569, 9.972, 9.508, 10.202, 9.373, 6.588, 3.622, 3.763, 5.259, 4.872, 3.267, 5.333, 3.532, 1.406, 2.283, 3.267, 4.268, 4.422, 3.86, 3.467, 5.255, 5.709, 5.624, 7.224, 9.372, 11.241, 11.704, 10.408, 10.14, 12.136, 13.406, 13.644, 15.655, 17.073, 17.592, 16.379, 13.765, 11.658, 13.366, 16.119, 17.863, 18.82, 19.595, 20.377, 21.049, 20.408, 19.194, 21.732, 25.096, 26.136, 26.198, 27.155, 28.923, 30.955, 32.411, 33.352, 33.609, 33.846, 35.118, 35.28, 33.877, 32.531, 31.331, 31.341, 30.904, 29.769, 29.471, 29.413, 29.701, 29.803, 28.556, 26.17, 23.102, 20.766, 21.287, 22.491, 20.642, 19.663, 18.003, 15.636, 15.91, 17.121, 17.863, 18.207, 19.941, 21.53, 21.005, 21.68, 22.553, 23.015, 23.172, 23.74, 23.87, 24.457, 25.068, 24.821, 22.613, 21.218, 21.667, 22.771, 22.923, 21.906, 22.062, 25.694, 28.223, 28.606, 27.478, 26.076, 25.009, 22.521, 19.779, 19.449, 19.533, 18.287, 16.447, 14.878, 15.037, 15.018, 14.102, 14.778, 17.176, 18.419, 19.104, 18.009, 15.114, 14.158, 14.374, 13.899, 12.71, 10.058, 7.722, 8.194, 8.686, 7.681, 7.636, 8.004, 7.723, 7.601, 9.912, 13.168, 13.43, 9.073, 4.163, 2.782, 2.716, 3.919, 6.924, 7.479, 7.045, 5.649, 3.641, 3.312, 3.416, 2.739, 5.208, 9.207, 11.984, 13.382, 14.743, 16.561, 16.787, 15.969, 15.105, 15.966, 16.871, 17.675, 19.688, 22.379, 24.172], [4.31, 3.266, 2.374, 2.008, 1.574, 2.226, 2.14, 1.301, 0.0, 1.573, 2.091, 2.451, 4.925, 6.229, 6.141, 8.254, 10.236, 11.346, 12.757, 12.721, 13.126, 13.608, 12.815, 11.961, 11.314, 11.55, 11.375, 10.697, 10.945, 12.937, 14.976, 14.297, 12.787, 12.279, 11.883, 11.512, 11.245, 10.574, 9.088, 8.622, 9.353, 8.483, 5.678, 2.703, 3.077, 4.582, 4.149, 3.34, 5.663, 3.961, 1.857, 3.058, 4.088, 4.936, 5.025, 4.375, 3.649, 4.419, 4.741, 4.697, 6.33, 8.473, 10.305, 10.776, 9.497, 9.248, 11.234, 12.434, 12.754, 14.722, 16.168, 16.659, 15.53, 12.885, 10.777, 12.445, 15.1, 16.89, 17.817, 18.572, 19.453, 20.155, 19.505, 18.205, 20.81, 24.199, 25.251, 25.298, 26.194, 28.015, 30.05, 31.516, 32.466, 32.717, 32.895, 34.229, 34.397, 32.97, 31.615, 30.395, 30.316, 29.912, 28.803, 28.54, 28.506, 28.74, 28.848, 27.621, 25.263, 22.203, 19.862, 20.365, 21.537, 19.682, 18.8, 17.098, 14.698, 14.965, 16.237, 16.996, 17.257, 19.015, 20.629, 20.074, 20.771, 21.612, 22.116, 22.255, 22.785, 22.981, 23.567, 24.168, 23.916, 21.727, 20.327, 20.775, 21.885, 22.038, 21.013, 21.126, 24.797, 27.325, 27.665, 26.568, 25.125, 24.055, 21.584, 18.893, 18.562, 18.637, 17.395, 15.518, 13.97, 14.147, 14.123, 13.223, 13.899, 16.291, 17.527, 18.171, 17.071, 14.181, 13.213, 13.428, 12.958, 11.767, 9.153, 6.851, 7.312, 7.768, 6.764, 6.758, 7.061, 6.822, 6.744, 9.016, 12.271, 12.502, 8.121, 3.226, 1.97, 1.904, 3.11, 6.125, 6.573, 6.118, 4.745, 2.81, 2.675, 2.424, 2.274, 4.213, 8.199, 10.963, 12.418, 13.822, 15.651, 15.866, 15.035, 14.161, 15.07, 15.983, 16.771, 18.783, 21.476, 23.281], [4.331, 3.711, 2.888, 1.782, 1.308, 2.168, 2.356, 1.611, 1.573, 0.0, 1.739, 2.97, 4.789, 6.266, 6.296, 8.103, 10.166, 11.338, 12.52, 12.711, 13.195, 13.483, 12.921, 12.152, 11.297, 11.569, 11.435, 10.994, 11.117, 13.111, 14.856, 14.262, 12.869, 12.351, 11.962, 11.54, 11.301, 10.677, 9.01, 8.532, 9.168, 8.285, 5.489, 2.732, 3.841, 5.48, 4.914, 3.966, 5.994, 4.198, 1.793, 2.714, 3.917, 4.661, 4.675, 3.703, 2.744, 4.299, 4.65, 4.595, 6.184, 8.424, 10.122, 10.651, 9.398, 9.112, 11.089, 12.375, 12.583, 14.648, 15.993, 16.599, 15.447, 12.778, 10.647, 12.237, 15.116, 16.876, 18.025, 18.609, 19.389, 19.994, 19.261, 18.176, 20.717, 24.055, 25.083, 25.148, 26.005, 27.893, 29.952, 31.436, 32.384, 32.63, 32.758, 34.161, 34.326, 32.83, 31.444, 30.24, 30.343, 29.96, 28.819, 28.412, 28.318, 28.561, 28.653, 27.503, 25.137, 22.055, 19.785, 20.318, 21.421, 19.653, 18.862, 16.977, 14.473, 14.746, 16.078, 16.828, 17.054, 18.959, 20.52, 20.073, 20.652, 21.489, 21.986, 22.126, 22.674, 22.824, 23.406, 24.029, 23.785, 21.56, 20.164, 20.612, 21.719, 21.87, 20.851, 20.897, 24.649, 27.22, 27.461, 26.336, 24.92, 23.858, 21.434, 18.726, 18.396, 18.482, 17.241, 15.283, 13.756, 13.997, 13.935, 13.066, 13.723, 16.134, 17.364, 18.027, 16.846, 13.951, 12.999, 13.213, 12.798, 11.582, 8.969, 6.801, 7.275, 7.728, 6.842, 7.001, 6.892, 6.8, 6.86, 9.03, 12.135, 12.361, 7.925, 3.025, 2.134, 2.318, 3.188, 6.022, 6.716, 6.175, 4.689, 2.842, 2.474, 2.549, 2.328, 4.28, 8.38, 11.306, 12.418, 13.712, 15.584, 15.717, 14.831, 13.944, 14.816, 15.844, 16.663, 18.689, 21.333, 23.128], [5.702, 4.904, 2.95, 2.531, 1.751, 1.326, 1.548, 1.422, 2.091, 1.739, 0.0, 2.293, 6.152, 7.626, 7.652, 9.484, 11.548, 12.723, 13.89, 14.037, 14.487, 14.888, 14.27, 13.468, 12.675, 12.949, 12.819, 12.356, 12.418, 14.458, 16.159, 15.575, 14.163, 13.651, 13.343, 12.859, 12.654, 12.066, 10.377, 9.924, 10.544, 9.661, 6.895, 4.017, 4.437, 5.917, 5.494, 3.732, 4.979, 3.271, 1.453, 1.927, 2.969, 3.974, 4.093, 3.602, 3.779, 5.773, 6.067, 5.985, 7.574, 9.801, 11.51, 12.049, 10.793, 10.471, 12.468, 13.744, 13.957, 16.008, 17.377, 17.983, 16.81, 14.178, 12.011, 13.636, 16.49, 18.273, 19.361, 19.912, 20.785, 21.376, 20.588, 19.556, 22.112, 25.432, 26.46, 26.529, 27.338, 29.28, 31.328, 32.812, 33.76, 34.006, 34.092, 35.556, 35.708, 34.224, 32.791, 31.587, 31.667, 31.269, 30.166, 29.791, 29.676, 29.93, 30.04, 28.888, 26.513, 23.433, 21.186, 21.683, 22.796, 21.06, 20.25, 18.346, 15.868, 16.105, 17.453, 18.238, 18.449, 20.349, 21.913, 21.447, 22.07, 22.888, 23.381, 23.509, 24.065, 24.213, 24.786, 25.403, 25.168, 22.937, 21.543, 21.99, 23.1, 23.259, 22.23, 22.274, 26.053, 28.612, 28.821, 27.688, 26.26, 25.191, 22.827, 20.137, 19.773, 19.864, 18.636, 16.627, 15.088, 15.392, 15.309, 14.472, 15.115, 17.518, 18.742, 19.425, 18.18, 15.288, 14.349, 14.589, 14.202, 12.964, 10.349, 8.146, 8.621, 9.11, 8.192, 8.307, 8.27, 8.145, 8.258, 10.417, 13.495, 13.745, 9.268, 4.338, 3.426, 3.394, 4.518, 7.333, 8.066, 7.519, 6.097, 4.211, 3.83, 3.868, 3.392, 5.67, 9.751, 12.658, 13.773, 15.086, 16.956, 17.105, 16.22, 15.334, 16.167, 17.216, 18.068, 20.085, 22.721, 24.519], [4.424, 3.179, 1.89, 2.162, 2.372, 2.448, 2.564, 2.415, 2.451, 2.97, 2.293, 0.0, 4.635, 6.217, 6.261, 8.086, 10.069, 11.257, 12.58, 12.719, 13.162, 13.342, 12.866, 12.121, 11.202, 11.39, 11.35, 10.823, 11.07, 12.913, 14.798, 14.204, 12.838, 12.337, 11.93, 11.501, 11.15, 10.495, 8.849, 8.42, 9.111, 8.327, 5.651, 2.757, 2.848, 4.267, 4.004, 2.728, 4.346, 2.653, 2.74, 3.411, 4.632, 5.735, 5.758, 5.299, 5.247, 5.898, 5.909, 5.526, 6.557, 8.263, 10.121, 10.58, 9.259, 8.991, 10.99, 12.374, 12.587, 14.605, 16.024, 16.543, 15.354, 12.661, 10.511, 12.297, 15.114, 16.775, 17.853, 18.608, 19.281, 19.946, 19.331, 18.11, 20.596, 23.947, 24.978, 25.044, 26.02, 27.796, 29.829, 31.312, 32.249, 32.497, 32.758, 34.018, 34.207, 32.848, 31.486, 30.298, 30.371, 29.951, 28.822, 28.448, 28.369, 28.594, 28.676, 27.432, 25.026, 21.949, 19.646, 20.189, 21.371, 19.63, 18.593, 16.844, 14.519, 14.774, 15.963, 16.771, 17.084, 18.839, 20.458, 19.934, 20.565, 21.441, 21.91, 22.04, 22.613, 22.715, 23.301, 23.916, 23.677, 21.455, 20.052, 20.499, 21.613, 21.765, 20.744, 20.925, 24.618, 27.103, 27.517, 26.399, 24.947, 23.881, 21.39, 18.631, 18.29, 18.376, 17.134, 15.339, 13.815, 13.968, 13.938, 13.026, 13.615, 16.04, 17.251, 18.036, 16.895, 13.978, 13.026, 13.26, 12.771, 11.571, 8.985, 6.701, 7.078, 7.565, 6.663, 6.864, 6.892, 6.657, 6.663, 8.828, 12.016, 12.286, 7.969, 4.019, 3.307, 2.548, 2.966, 5.683, 6.347, 6.106, 4.754, 2.731, 2.819, 2.982, 2.328, 4.313, 8.198, 11.107, 12.325, 13.645, 15.414, 15.656, 14.832, 13.977, 14.886, 15.789, 16.525, 18.551, 21.247, 23.016], [1.999, 2.244, 4.121, 4.152, 4.869, 6.46, 6.785, 5.777, 4.925, 4.789, 6.152, 4.635, 0.0, 2.158, 2.871, 3.72, 5.615, 6.862, 8.066, 8.272, 8.772, 8.88, 8.445, 7.746, 6.779, 6.943, 6.977, 6.47, 6.694, 8.56, 10.264, 9.721, 8.438, 7.933, 7.584, 7.097, 6.821, 6.272, 4.775, 4.29, 4.808, 4.078, 2.49, 2.732, 3.022, 3.01, 3.661, 5.751, 7.525, 6.644, 6.043, 7.279, 8.631, 9.375, 8.979, 7.688, 5.943, 5.728, 5.578, 5.088, 4.701, 4.042, 5.54, 6.06, 4.773, 4.536, 6.436, 7.902, 8.112, 10.139, 11.541, 12.06, 10.889, 8.2, 5.93, 7.802, 10.642, 12.282, 13.429, 14.167, 14.755, 15.423, 14.808, 13.639, 16.033, 19.359, 20.384, 20.454, 21.477, 23.19, 25.264, 26.737, 27.698, 27.946, 28.211, 29.493, 29.658, 28.368, 26.949, 25.821, 25.912, 25.526, 24.388, 23.983, 23.865, 24.021, 24.066, 22.823, 20.44, 17.361, 15.091, 15.74, 16.771, 15.158, 14.205, 12.277, 9.953, 10.21, 11.394, 12.241, 12.563, 14.308, 15.973, 15.48, 16.06, 16.89, 17.335, 17.514, 18.019, 18.13, 18.711, 19.326, 19.085, 16.851, 15.442, 15.89, 17.007, 17.174, 16.146, 16.312, 20.043, 22.51, 22.946, 21.824, 20.344, 19.273, 16.783, 14.036, 13.687, 13.779, 12.564, 10.818, 9.402, 9.475, 9.423, 8.473, 9.009, 11.417, 12.657, 13.539, 12.398, 9.349, 8.428, 8.694, 8.174, 7.031, 4.852, 3.635, 2.964, 3.183, 2.557, 2.662, 2.444, 2.37, 2.605, 4.536, 7.456, 7.787, 4.061, 3.565, 4.084, 3.662, 2.101, 2.07, 2.724, 2.596, 1.801, 2.597, 2.901, 3.129, 3.417, 1.894, 3.928, 6.77, 7.893, 9.172, 10.911, 11.04, 10.206, 9.446, 10.363, 11.306, 12.079, 14.071, 16.633, 18.431], [2.293, 3.737, 5.622, 5.774, 6.387, 7.881, 8.094, 7.195, 6.229, 6.266, 7.626, 6.217, 2.158, 0.0, 1.601, 2.222, 4.176, 5.294, 6.573, 6.615, 7.049, 7.476, 6.749, 6.057, 5.156, 5.44, 5.345, 4.796, 4.943, 6.93, 8.804, 8.153, 6.705, 6.185, 5.877, 5.431, 5.094, 4.542, 3.104, 2.596, 3.143, 2.355, 2.188, 3.877, 4.078, 4.02, 4.909, 7.038, 8.798, 7.943, 7.349, 8.728, 9.939, 10.825, 10.514, 9.111, 6.25, 5.558, 5.401, 4.902, 4.139, 2.526, 4.119, 4.615, 3.336, 3.154, 5.068, 6.272, 6.532, 8.539, 9.956, 10.512, 9.32, 6.71, 4.611, 6.269, 8.969, 10.761, 11.778, 12.448, 13.312, 13.959, 13.292, 12.063, 14.674, 18.037, 19.076, 19.136, 20.031, 21.858, 23.916, 25.395, 26.353, 26.599, 26.784, 28.129, 28.286, 26.796, 25.465, 24.239, 24.23, 23.835, 22.694, 22.38, 22.334, 22.579, 22.679, 21.466, 19.109, 16.04, 13.73, 14.207, 15.375, 13.542, 12.784, 10.957, 8.529, 8.79, 10.063, 10.826, 11.088, 12.87, 14.458, 13.927, 14.617, 15.455, 15.957, 16.087, 16.631, 16.814, 17.396, 18.006, 17.754, 15.554, 14.159, 14.607, 15.716, 15.864, 14.84, 14.945, 18.632, 21.179, 21.494, 20.386, 18.958, 17.888, 15.41, 12.728, 12.39, 12.468, 11.23, 9.331, 7.757, 7.967, 7.904, 7.045, 7.725, 10.118, 11.359, 11.982, 10.861, 8.002, 7.043, 7.249, 6.782, 5.639, 3.977, 3.288, 2.434, 2.419, 1.854, 1.473, 1.163, 1.225, 1.408, 3.084, 6.106, 6.339, 2.566, 3.976, 4.954, 5.09, 3.599, 1.53, 1.556, 1.17, 1.749, 3.86, 4.181, 4.277, 4.771, 2.476, 2.333, 5.121, 6.296, 7.637, 9.493, 9.693, 8.856, 7.986, 8.852, 9.773, 10.614, 12.625, 15.303, 17.113], [2.408, 3.822, 5.623, 5.638, 6.359, 7.9, 8.076, 7.152, 6.141, 6.296, 7.652, 6.261, 2.871, 1.601, 0.0, 2.753, 4.965, 5.812, 6.73, 6.777, 7.291, 7.742, 7.198, 6.533, 5.364, 5.617, 5.49, 4.957, 5.087, 6.993, 8.921, 8.258, 6.827, 6.347, 6.099, 5.55, 5.206, 4.761, 2.976, 2.54, 3.262, 2.453, 1.947, 3.884, 4.282, 4.181, 5.109, 7.051, 8.89, 7.953, 7.37, 8.788, 9.959, 10.817, 10.307, 8.82, 5.634, 4.168, 3.955, 3.472, 2.877, 2.404, 4.266, 4.716, 3.386, 3.127, 5.132, 6.434, 6.723, 8.693, 10.131, 10.613, 9.445, 6.77, 4.783, 6.412, 9.115, 10.806, 11.826, 12.585, 13.364, 14.085, 13.471, 12.17, 14.727, 18.084, 19.126, 19.18, 20.138, 21.92, 23.95, 25.439, 26.409, 26.645, 26.91, 28.174, 28.363, 26.975, 25.605, 24.396, 24.379, 23.991, 22.872, 22.536, 22.495, 22.719, 22.796, 21.551, 19.153, 16.085, 13.777, 14.265, 15.491, 13.674, 13.054, 11.105, 8.899, 8.904, 10.111, 10.911, 11.218, 12.913, 14.553, 13.977, 14.675, 15.566, 16.038, 16.162, 16.726, 16.851, 17.443, 18.054, 17.797, 15.602, 14.198, 14.646, 15.76, 15.913, 14.891, 15.065, 18.746, 21.218, 21.639, 20.535, 19.071, 18.006, 15.523, 12.763, 12.437, 12.517, 11.27, 9.479, 7.936, 8.11, 8.083, 7.164, 7.762, 10.182, 11.399, 12.141, 11.029, 8.12, 7.158, 7.39, 6.897, 5.717, 3.848, 2.771, 2.25, 2.393, 2.785, 2.686, 1.909, 1.901, 2.576, 3.724, 6.149, 6.421, 2.256, 3.836, 4.943, 5.057, 3.571, 2.407, 2.515, 1.914, 2.142, 3.842, 4.063, 3.963, 4.577, 2.193, 2.99, 5.474, 6.713, 7.801, 9.545, 9.794, 8.974, 8.116, 9.031, 9.908, 10.635, 12.647, 15.379, 17.15], [4.199, 5.701, 7.544, 7.321, 8.142, 9.86, 10.169, 9.196, 8.254, 8.103, 9.484, 8.086, 3.72, 2.222, 2.753, 0.0, 2.941, 4.079, 4.788, 5.155, 5.683, 5.913, 5.52, 5.005, 3.739, 4.157, 3.949, 3.658, 3.58, 5.445, 6.992, 6.451, 5.233, 4.746, 4.565, 3.947, 3.596, 3.291, 1.833, 2.017, 2.07, 1.727, 2.966, 5.741, 6.147, 6.075, 6.986, 9.088, 10.881, 10.005, 9.386, 10.626, 11.988, 12.726, 12.229, 10.599, 7.516, 6.094, 5.893, 5.366, 4.38, 2.354, 2.279, 2.707, 2.011, 1.731, 3.118, 4.555, 4.83, 6.793, 8.138, 8.708, 7.576, 4.875, 2.895, 4.444, 7.284, 8.957, 10.166, 10.869, 11.421, 12.061, 11.408, 10.312, 12.706, 15.998, 17.02, 17.091, 18.078, 19.834, 21.925, 23.399, 24.4, 24.63, 24.865, 26.212, 26.37, 24.998, 23.561, 22.45, 22.583, 22.217, 21.076, 20.594, 20.477, 20.628, 20.654, 19.438, 17.082, 14.0, 11.799, 12.429, 13.366, 11.81, 11.465, 9.128, 6.776, 6.818, 8.053, 8.886, 9.166, 10.97, 12.633, 12.184, 12.724, 13.511, 13.994, 14.153, 14.629, 14.783, 15.347, 15.974, 15.72, 13.488, 12.077, 12.525, 13.642, 13.807, 12.789, 12.896, 16.666, 19.163, 19.551, 18.423, 16.947, 15.866, 13.366, 10.68, 10.327, 10.425, 9.213, 7.358, 5.918, 6.089, 6.034, 5.083, 5.652, 8.054, 9.303, 10.141, 9.004, 5.934, 5.278, 5.481, 4.936, 4.281, 3.926, 3.779, 2.942, 2.85, 3.27, 2.976, 1.922, 1.842, 2.12, 2.179, 4.107, 4.366, 2.246, 5.373, 6.909, 6.999, 5.482, 2.532, 2.057, 2.46, 3.637, 5.669, 6.016, 5.988, 6.631, 4.073, 1.639, 3.924, 4.992, 5.947, 7.684, 7.644, 6.793, 6.043, 6.959, 7.941, 8.743, 10.742, 13.262, 15.082], [6.202, 7.545, 9.583, 9.463, 10.258, 11.851, 12.148, 11.205, 10.236, 10.166, 11.548, 10.069, 5.615, 4.176, 4.965, 2.941, 0.0, 1.824, 3.122, 3.432, 3.379, 3.619, 3.207, 3.26, 2.971, 3.928, 3.758, 3.935, 3.774, 3.78, 4.92, 4.518, 4.522, 4.686, 3.988, 3.763, 3.555, 3.937, 4.013, 4.402, 4.454, 4.056, 5.49, 7.823, 8.129, 8.054, 8.963, 11.054, 12.851, 11.972, 11.34, 12.621, 13.97, 14.743, 14.316, 12.747, 9.694, 8.741, 8.566, 8.027, 7.041, 4.777, 3.44, 3.283, 3.813, 3.583, 3.519, 4.213, 3.675, 4.611, 6.032, 6.565, 5.425, 3.211, 2.52, 4.213, 5.198, 6.81, 7.937, 8.622, 9.315, 9.976, 9.324, 8.122, 10.677, 14.0, 15.026, 15.085, 15.997, 17.818, 19.882, 21.385, 22.363, 22.599, 22.793, 24.126, 24.318, 22.86, 21.492, 20.285, 20.413, 19.998, 18.884, 18.435, 18.374, 18.599, 18.65, 17.43, 15.081, 11.993, 9.729, 10.267, 11.356, 9.638, 9.08, 7.034, 4.604, 4.739, 6.037, 6.826, 7.081, 8.873, 10.486, 10.0, 10.601, 11.455, 11.956, 12.069, 12.593, 12.773, 13.342, 13.964, 13.727, 11.502, 10.096, 10.544, 11.661, 11.818, 10.802, 10.903, 14.631, 17.152, 17.513, 16.391, 14.92, 13.858, 11.372, 8.734, 8.458, 8.437, 7.431, 5.773, 5.26, 4.756, 4.675, 4.033, 4.017, 6.071, 7.314, 7.994, 6.895, 5.516, 5.796, 5.992, 5.798, 5.563, 5.89, 5.603, 4.341, 3.712, 3.863, 4.11, 3.541, 3.761, 3.652, 2.83, 3.458, 4.119, 4.746, 7.601, 8.918, 9.027, 7.465, 4.607, 3.933, 4.409, 5.61, 7.724, 8.057, 8.088, 8.661, 6.283, 2.591, 1.652, 2.554, 3.716, 5.544, 5.655, 4.833, 4.105, 4.935, 5.864, 6.611, 8.617, 11.271, 13.08], [7.372, 8.66, 10.707, 10.847, 11.537, 12.945, 13.211, 12.279, 11.346, 11.338, 12.723, 11.257, 6.862, 5.294, 5.812, 4.079, 1.824, 0.0, 1.972, 2.126, 2.033, 2.559, 2.25, 2.717, 3.273, 4.441, 4.294, 4.332, 4.205, 4.135, 5.206, 5.089, 5.142, 5.305, 4.448, 4.341, 4.359, 4.589, 4.792, 5.228, 5.316, 4.966, 6.619, 8.856, 9.168, 9.164, 10.01, 12.066, 13.87, 12.98, 12.377, 13.706, 15.001, 15.821, 15.58, 14.099, 10.954, 9.744, 9.56, 9.031, 8.046, 5.693, 4.166, 4.074, 4.626, 4.494, 4.3, 4.791, 4.234, 4.509, 5.243, 5.721, 4.882, 3.053, 2.756, 4.501, 4.614, 5.751, 6.785, 7.385, 8.258, 8.924, 8.173, 7.033, 9.614, 12.958, 13.997, 14.057, 14.939, 16.779, 18.836, 20.323, 21.291, 21.529, 21.673, 23.041, 23.228, 21.683, 20.31, 19.101, 19.159, 18.741, 17.62, 17.243, 17.205, 17.492, 17.582, 16.399, 14.037, 10.961, 8.662, 9.175, 10.301, 8.465, 7.792, 5.916, 3.568, 3.696, 5.027, 5.755, 5.993, 7.832, 9.396, 8.907, 9.54, 10.4, 10.895, 11.042, 11.561, 11.733, 12.314, 12.928, 12.69, 10.473, 9.078, 9.535, 10.645, 10.789, 9.769, 9.841, 13.532, 16.104, 16.394, 15.231, 13.854, 12.791, 10.363, 8.431, 8.319, 8.183, 7.752, 6.391, 5.972, 5.359, 4.852, 4.509, 4.159, 5.848, 6.671, 7.045, 6.429, 5.835, 6.276, 6.597, 6.491, 6.278, 6.714, 6.399, 5.131, 4.745, 4.809, 5.049, 4.757, 4.885, 4.71, 3.738, 4.377, 5.074, 5.58, 8.847, 9.956, 10.141, 8.622, 5.886, 5.098, 5.44, 6.692, 8.897, 9.217, 9.227, 9.795, 7.289, 3.699, 1.986, 1.907, 3.119, 4.826, 4.985, 4.565, 4.06, 4.806, 5.937, 6.843, 8.259, 10.477, 12.099], [8.678, 10.065, 12.079, 11.797, 12.627, 14.316, 14.616, 13.657, 12.757, 12.52, 13.89, 12.58, 8.066, 6.573, 6.73, 4.788, 3.122, 1.972, 0.0, 1.126, 1.906, 2.082, 2.097, 2.232, 2.527, 3.748, 3.532, 3.715, 3.304, 3.761, 4.581, 4.498, 4.182, 4.289, 3.739, 3.424, 3.561, 4.068, 4.334, 4.786, 4.73, 4.96, 7.399, 10.154, 10.565, 10.572, 11.41, 13.444, 15.21, 14.284, 13.782, 14.876, 16.21, 17.08, 16.795, 15.211, 12.028, 9.866, 9.545, 9.165, 7.723, 5.423, 3.512, 3.173, 4.301, 4.224, 3.231, 3.766, 3.182, 3.88, 4.294, 4.796, 4.084, 2.224, 2.362, 3.295, 3.864, 4.665, 5.842, 6.352, 7.109, 7.728, 6.822, 5.99, 8.439, 11.733, 12.741, 12.804, 13.574, 15.558, 17.625, 19.124, 20.115, 20.346, 20.401, 21.893, 22.067, 20.5, 19.024, 17.872, 17.954, 17.612, 16.567, 16.093, 15.967, 16.242, 16.332, 15.151, 12.803, 9.721, 7.527, 8.072, 9.107, 7.41, 7.15, 4.941, 2.894, 2.479, 3.859, 4.566, 4.739, 6.662, 8.239, 7.815, 8.351, 9.173, 9.684, 9.834, 10.327, 10.497, 11.067, 11.698, 11.44, 9.215, 7.834, 8.364, 9.429, 9.579, 8.523, 8.557, 12.316, 14.882, 15.114, 13.861, 12.5, 11.476, 9.195, 7.496, 7.43, 7.346, 6.988, 5.451, 4.786, 4.307, 3.759, 3.332, 3.418, 4.982, 5.734, 6.082, 5.385, 4.584, 4.917, 5.357, 5.397, 5.387, 5.984, 6.497, 5.637, 5.158, 6.123, 6.246, 5.768, 6.053, 6.094, 3.847, 3.27, 3.962, 5.092, 9.798, 11.284, 11.513, 9.989, 7.059, 6.451, 6.762, 8.041, 10.242, 10.551, 10.509, 11.189, 8.619, 4.779, 3.145, 2.02, 2.482, 3.964, 3.957, 3.687, 3.264, 3.945, 5.219, 6.153, 7.506, 9.411, 11.005], [8.772, 10.006, 12.177, 12.167, 12.912, 14.404, 14.564, 13.732, 12.721, 12.711, 14.037, 12.719, 8.272, 6.615, 6.777, 5.155, 3.432, 2.126, 1.126, 0.0, 1.71, 2.159, 1.949, 2.073, 2.69, 3.606, 3.4, 3.627, 3.206, 3.523, 4.594, 4.477, 3.886, 3.991, 3.495, 3.255, 3.498, 3.92, 4.727, 5.184, 5.271, 5.383, 7.76, 10.278, 10.562, 10.541, 11.348, 13.374, 15.094, 14.224, 13.745, 15.035, 16.257, 17.205, 16.963, 15.456, 12.21, 10.375, 9.967, 9.567, 8.223, 5.786, 4.162, 3.754, 4.942, 4.712, 3.616, 3.648, 3.285, 3.931, 4.395, 4.845, 4.136, 2.326, 2.7, 3.503, 3.772, 4.624, 5.603, 6.07, 7.091, 7.856, 6.92, 5.84, 8.448, 11.795, 12.847, 12.891, 13.63, 15.62, 17.678, 19.17, 20.139, 20.378, 20.429, 21.915, 22.097, 20.51, 19.084, 17.834, 17.708, 17.282, 16.279, 16.042, 16.006, 16.319, 16.403, 15.231, 12.873, 9.796, 7.52, 8.029, 9.152, 7.294, 6.942, 5.092, 2.946, 2.556, 4.048, 4.657, 4.836, 6.624, 8.25, 7.733, 8.405, 9.251, 9.753, 9.856, 10.39, 10.582, 11.162, 11.765, 11.521, 9.324, 7.93, 8.659, 9.639, 9.766, 8.724, 8.677, 12.397, 14.951, 15.183, 13.918, 12.559, 11.535, 9.422, 7.796, 7.729, 7.652, 7.279, 5.719, 4.901, 4.505, 3.959, 3.504, 3.809, 5.228, 6.008, 6.272, 5.604, 4.791, 5.15, 5.763, 5.768, 5.895, 6.545, 6.78, 5.951, 5.55, 6.129, 6.217, 5.978, 6.19, 6.155, 4.057, 3.658, 4.202, 5.407, 10.097, 11.339, 11.597, 10.085, 7.307, 6.421, 6.783, 8.108, 10.354, 10.689, 10.513, 11.253, 8.672, 4.763, 3.294, 2.253, 2.625, 4.087, 4.219, 3.927, 3.475, 4.128, 5.368, 6.323, 7.712, 9.68, 11.319], [9.215, 10.404, 12.553, 12.728, 13.417, 14.758, 14.946, 14.11, 13.126, 13.195, 14.487, 13.162, 8.772, 7.049, 7.291, 5.683, 3.379, 2.033, 1.906, 1.71, 0.0, 1.603, 1.797, 2.768, 3.672, 4.645, 4.348, 4.559, 4.227, 3.84, 4.335, 4.4, 4.69, 5.014, 4.173, 4.133, 4.36, 4.736, 5.753, 6.188, 6.199, 6.121, 8.297, 10.709, 10.881, 10.92, 11.733, 13.739, 15.495, 14.596, 14.115, 15.423, 16.598, 17.695, 17.469, 15.975, 12.76, 11.059, 10.819, 10.321, 9.098, 6.708, 5.023, 4.599, 5.665, 5.522, 4.722, 4.788, 4.161, 3.789, 4.05, 4.485, 3.859, 3.226, 3.669, 4.727, 3.897, 4.341, 5.276, 5.738, 6.833, 7.634, 6.659, 5.574, 8.098, 11.445, 12.492, 12.545, 13.295, 15.259, 17.312, 18.794, 19.768, 20.009, 20.073, 21.542, 21.701, 20.129, 18.716, 17.423, 17.347, 16.91, 15.908, 15.622, 15.639, 15.956, 16.063, 14.873, 12.516, 9.449, 7.164, 7.653, 8.804, 6.934, 6.555, 4.605, 2.37, 2.315, 3.893, 4.403, 4.491, 6.28, 7.867, 7.375, 8.029, 8.872, 9.364, 9.516, 10.045, 10.223, 10.809, 11.415, 11.168, 8.97, 7.601, 8.438, 9.423, 9.471, 8.415, 8.422, 12.008, 14.576, 14.827, 13.607, 12.222, 11.248, 9.201, 7.597, 7.507, 7.424, 7.02, 5.84, 5.952, 5.164, 4.517, 4.536, 4.295, 4.944, 5.706, 6.021, 5.247, 5.361, 6.241, 6.871, 6.888, 6.964, 7.506, 7.395, 6.543, 6.153, 6.538, 6.533, 6.541, 6.711, 6.532, 4.616, 4.654, 5.096, 6.319, 10.599, 11.714, 11.967, 10.485, 7.793, 6.879, 7.128, 8.563, 10.767, 11.133, 11.012, 11.623, 9.099, 5.298, 2.711, 1.58, 2.388, 3.849, 3.983, 3.727, 3.406, 3.901, 5.137, 6.131, 7.507, 9.442, 11.129], [9.515, 10.83, 12.879, 12.668, 13.443, 15.157, 15.477, 14.502, 13.608, 13.483, 14.888, 13.342, 8.88, 7.476, 7.742, 5.913, 3.619, 2.559, 2.082, 2.159, 1.603, 0.0, 1.587, 2.889, 3.595, 4.163, 4.289, 4.655, 4.581, 3.732, 3.982, 4.345, 4.852, 5.006, 4.068, 4.051, 3.915, 4.248, 5.726, 6.193, 6.188, 6.449, 8.596, 11.129, 11.483, 11.357, 12.286, 14.379, 16.171, 15.288, 14.686, 15.967, 17.307, 18.113, 17.598, 16.068, 12.932, 11.092, 10.936, 10.467, 9.057, 6.841, 4.994, 4.39, 5.588, 5.521, 4.375, 4.651, 3.803, 3.493, 3.476, 3.842, 3.431, 2.788, 3.421, 4.54, 3.642, 3.593, 4.771, 5.48, 6.02, 6.753, 6.053, 4.851, 7.296, 10.631, 11.669, 11.713, 12.685, 14.473, 16.511, 18.009, 18.958, 19.198, 19.456, 20.723, 20.914, 19.536, 18.169, 16.99, 17.114, 16.778, 15.633, 15.156, 15.06, 15.264, 15.339, 14.098, 11.702, 8.622, 6.357, 6.896, 8.047, 6.362, 5.719, 3.545, 1.57, 1.752, 3.008, 3.588, 3.752, 5.529, 7.142, 6.672, 7.24, 8.107, 8.576, 8.709, 9.281, 9.392, 9.985, 10.593, 10.344, 8.149, 6.77, 7.488, 8.425, 8.521, 7.505, 7.624, 11.281, 13.778, 14.185, 13.072, 11.611, 10.55, 8.227, 6.664, 6.538, 6.464, 6.062, 5.428, 5.569, 4.562, 4.1, 4.146, 3.834, 4.08, 4.79, 5.344, 4.667, 4.928, 5.942, 6.564, 6.473, 6.658, 7.462, 7.729, 6.58, 6.087, 7.108, 7.277, 6.781, 7.012, 6.933, 4.688, 4.137, 4.467, 6.637, 10.869, 12.272, 12.394, 10.767, 7.841, 7.212, 7.714, 8.984, 11.016, 11.332, 11.313, 11.976, 9.533, 5.739, 3.066, 1.578, 1.713, 3.0, 3.119, 2.95, 2.766, 3.376, 4.434, 5.375, 6.735, 8.527, 10.105], [8.874, 10.08, 12.259, 12.405, 13.095, 14.461, 14.599, 13.809, 12.815, 12.921, 14.27, 12.866, 8.445, 6.749, 7.198, 5.52, 3.207, 2.25, 2.097, 1.949, 1.797, 1.587, 0.0, 1.835, 2.849, 3.536, 3.465, 3.913, 3.713, 2.977, 3.954, 3.828, 3.788, 4.033, 3.141, 3.132, 3.201, 3.525, 5.458, 5.917, 5.883, 6.062, 8.103, 10.433, 10.577, 10.609, 11.396, 13.432, 15.222, 14.352, 13.771, 15.306, 16.505, 17.45, 17.142, 15.665, 12.465, 10.967, 10.781, 10.323, 8.924, 6.547, 4.718, 4.235, 5.44, 5.364, 4.022, 3.814, 3.121, 3.141, 3.777, 4.164, 3.434, 2.409, 3.193, 3.995, 3.044, 4.301, 5.206, 5.821, 6.824, 7.55, 6.732, 5.535, 8.178, 11.552, 12.615, 12.65, 13.52, 15.362, 17.411, 18.886, 19.849, 20.09, 20.252, 21.616, 21.779, 20.209, 18.898, 17.606, 17.564, 17.172, 16.033, 15.742, 15.767, 16.058, 16.165, 14.979, 12.614, 9.555, 7.25, 7.706, 8.879, 6.986, 6.494, 4.546, 2.294, 2.385, 3.785, 4.45, 4.612, 6.397, 7.931, 7.405, 8.116, 8.983, 9.458, 9.6, 10.147, 10.325, 10.926, 11.519, 11.27, 9.087, 7.716, 8.22, 9.298, 9.416, 8.395, 8.46, 12.12, 14.67, 14.971, 13.846, 12.447, 11.378, 9.015, 7.236, 7.111, 7.061, 6.478, 5.076, 5.025, 4.069, 3.466, 3.619, 3.603, 4.523, 5.403, 5.756, 5.018, 4.371, 5.51, 6.093, 6.055, 6.334, 7.139, 7.268, 6.247, 5.718, 6.34, 6.38, 6.268, 6.433, 6.245, 4.181, 3.868, 4.12, 6.307, 10.438, 11.465, 11.657, 10.207, 7.465, 6.57, 6.876, 8.266, 10.457, 10.833, 10.65, 11.313, 8.818, 4.961, 2.805, 1.63, 2.035, 3.491, 3.684, 3.232, 2.694, 3.398, 4.618, 5.698, 7.13, 9.226, 10.815], [8.144, 9.209, 11.454, 11.722, 12.389, 13.666, 13.74, 12.998, 11.961, 12.152, 13.468, 12.121, 7.746, 6.057, 6.533, 5.005, 3.26, 2.717, 2.232, 2.073, 2.768, 2.889, 1.835, 0.0, 1.996, 2.94, 2.752, 2.94, 2.765, 2.984, 4.378, 4.185, 3.305, 3.42, 2.703, 2.617, 2.827, 3.018, 4.683, 5.196, 5.14, 5.315, 7.597, 9.677, 9.744, 9.731, 10.477, 12.449, 14.158, 13.339, 12.919, 14.425, 15.594, 16.62, 16.445, 14.968, 11.845, 10.348, 10.084, 9.665, 8.196, 5.831, 3.933, 3.475, 4.653, 4.665, 3.226, 3.083, 2.684, 3.69, 4.623, 5.134, 4.209, 2.365, 2.452, 2.986, 3.737, 5.481, 6.353, 6.877, 7.956, 8.655, 7.717, 6.688, 9.305, 12.698, 13.778, 13.805, 14.543, 16.498, 18.526, 19.999, 20.953, 21.195, 21.263, 22.723, 22.905, 21.311, 19.916, 18.58, 18.387, 18.005, 16.962, 16.774, 16.836, 17.172, 17.281, 16.101, 13.745, 10.705, 8.393, 8.849, 10.013, 8.11, 7.529, 5.762, 3.738, 3.681, 4.98, 5.742, 5.805, 7.519, 9.093, 8.549, 9.287, 10.135, 10.626, 10.729, 11.287, 11.483, 12.084, 12.673, 12.416, 10.237, 8.938, 9.464, 10.565, 10.652, 9.635, 9.626, 13.273, 15.806, 16.047, 14.848, 13.493, 12.469, 10.202, 7.926, 7.735, 7.745, 7.033, 5.37, 4.414, 3.965, 3.35, 3.163, 3.456, 5.197, 6.224, 6.65, 5.644, 4.329, 4.554, 5.086, 5.111, 5.382, 6.257, 6.561, 5.622, 5.041, 5.492, 5.392, 5.583, 5.809, 5.483, 3.358, 3.239, 3.705, 5.494, 9.616, 10.598, 10.858, 9.444, 6.748, 5.802, 6.059, 7.522, 9.719, 10.092, 9.935, 10.508, 8.154, 4.365, 2.906, 2.493, 2.773, 4.369, 4.512, 3.961, 3.211, 3.857, 5.273, 6.379, 7.892, 10.164, 11.853], [7.294, 8.585, 10.658, 10.714, 11.41, 12.861, 13.14, 12.216, 11.314, 11.297, 12.675, 11.202, 6.779, 5.156, 5.364, 3.739, 2.971, 3.273, 2.527, 2.69, 3.672, 3.595, 2.849, 1.996, 0.0, 1.771, 1.745, 1.735, 1.673, 2.361, 4.016, 3.567, 2.568, 2.483, 1.954, 1.677, 1.87, 2.312, 2.907, 3.527, 3.482, 3.903, 6.342, 8.827, 9.121, 9.102, 9.933, 12.01, 13.815, 12.936, 12.346, 13.691, 14.985, 15.806, 15.46, 13.964, 10.778, 8.79, 8.423, 8.1, 6.577, 4.136, 2.245, 2.028, 3.048, 3.051, 1.492, 1.996, 1.908, 3.593, 4.915, 5.482, 4.356, 2.293, 1.583, 1.855, 4.061, 5.783, 6.819, 7.458, 8.281, 8.932, 8.218, 7.047, 9.643, 12.984, 14.042, 14.086, 15.01, 16.805, 18.858, 20.34, 21.303, 21.538, 21.761, 23.082, 23.25, 21.699, 20.375, 19.146, 19.183, 18.776, 17.649, 17.287, 17.246, 17.555, 17.649, 16.413, 14.057, 10.991, 8.704, 9.185, 10.334, 8.489, 8.003, 6.373, 4.608, 4.151, 5.125, 5.888, 6.066, 7.849, 9.409, 8.899, 9.579, 10.426, 10.915, 11.047, 11.581, 11.765, 12.352, 12.956, 12.71, 10.51, 9.147, 9.63, 10.751, 10.849, 9.829, 9.933, 13.555, 16.123, 16.457, 15.286, 13.924, 12.864, 10.416, 7.767, 7.522, 7.677, 6.651, 4.815, 3.407, 3.23, 3.052, 2.371, 2.898, 5.113, 6.355, 6.913, 5.852, 3.667, 3.449, 3.574, 3.384, 3.611, 4.427, 5.082, 4.335, 3.943, 4.856, 4.947, 4.629, 4.741, 4.65, 2.644, 1.956, 2.46, 4.045, 8.798, 9.949, 10.129, 8.574, 5.786, 5.016, 5.406, 6.687, 8.841, 9.169, 9.123, 9.755, 7.237, 3.503, 3.096, 2.946, 2.998, 4.504, 4.677, 3.907, 3.036, 3.851, 4.975, 6.014, 7.816, 10.323, 12.069], [7.534, 8.782, 10.83, 10.93, 11.652, 13.125, 13.424, 12.454, 11.55, 11.569, 12.949, 11.39, 6.943, 5.44, 5.617, 4.157, 3.928, 4.441, 3.748, 3.606, 4.645, 4.163, 3.536, 2.94, 1.771, 0.0, 0.947, 1.49, 1.553, 1.913, 3.557, 2.981, 2.017, 1.654, 1.503, 1.392, 1.563, 1.726, 3.128, 3.594, 3.672, 4.361, 6.794, 9.151, 9.442, 9.308, 10.241, 12.335, 14.126, 13.248, 12.632, 13.994, 15.305, 16.133, 15.635, 14.207, 11.005, 8.983, 8.496, 8.363, 6.713, 4.157, 2.569, 2.582, 3.515, 3.366, 2.011, 2.023, 1.796, 3.339, 4.72, 5.242, 4.081, 2.752, 2.534, 2.172, 3.891, 5.478, 6.53, 7.271, 7.943, 8.672, 8.064, 6.846, 9.424, 12.668, 13.721, 13.77, 14.714, 16.492, 18.547, 20.029, 20.987, 21.23, 21.467, 22.751, 22.932, 21.558, 20.195, 19.013, 19.029, 18.611, 17.489, 17.151, 17.095, 17.297, 17.37, 16.124, 13.739, 10.676, 8.467, 9.005, 10.072, 8.309, 7.579, 6.536, 5.161, 4.489, 4.843, 5.552, 5.892, 7.524, 9.161, 8.612, 9.278, 10.147, 10.616, 10.752, 11.315, 11.443, 12.036, 12.639, 12.389, 10.193, 8.807, 9.267, 10.385, 10.509, 9.486, 9.642, 13.327, 15.802, 16.226, 15.122, 13.645, 12.58, 10.134, 7.395, 7.105, 7.169, 6.049, 4.333, 3.001, 2.826, 2.731, 2.087, 2.778, 4.78, 6.003, 6.757, 5.618, 2.886, 2.835, 3.359, 3.2, 3.369, 4.444, 5.402, 4.612, 4.229, 5.167, 5.229, 4.877, 5.031, 4.886, 2.63, 1.934, 1.747, 4.242, 9.021, 10.204, 10.32, 8.726, 5.944, 5.221, 5.679, 6.972, 8.991, 9.354, 9.299, 9.905, 7.43, 4.22, 4.012, 3.765, 3.535, 4.3, 4.494, 3.708, 2.938, 3.673, 4.587, 5.47, 7.341, 9.976, 11.743], [7.475, 8.627, 10.812, 10.931, 11.646, 13.1, 13.269, 12.423, 11.375, 11.435, 12.819, 11.35, 6.977, 5.345, 5.49, 3.949, 3.758, 4.294, 3.532, 3.4, 4.348, 4.289, 3.465, 2.752, 1.745, 0.947, 0.0, 1.331, 1.251, 1.88, 3.751, 3.18, 2.143, 1.806, 1.567, 1.497, 1.709, 1.82, 2.984, 3.54, 3.541, 4.23, 6.622, 8.995, 9.277, 9.181, 10.029, 12.081, 13.856, 12.986, 12.447, 13.839, 15.119, 15.985, 15.684, 14.185, 10.95, 8.858, 8.404, 8.271, 6.594, 4.039,