[[0.0, 2.567, 1.5, 3.01, 2.335, 1.791, 2.481, 3.973, 1.48, 6.23, 8.998, 7.749, 9.748, 13.139, 15.444, 15.681, 16.065, 17.173, 16.344, 14.101, 13.856, 14.331, 13.471, 11.628, 11.089, 11.498, 11.633, 12.408, 12.965, 12.651, 13.058, 14.208, 14.55, 13.725, 10.172, 9.246, 11.396, 14.576, 14.873, 13.286, 11.155, 8.774, 10.05, 13.365, 14.225, 12.449, 14.695, 18.653, 21.01, 21.75, 22.399, 22.853, 23.542, 23.538, 23.153, 23.048, 24.154, 25.578, 25.706, 25.139, 23.583, 20.996, 17.259, 15.105, 14.556, 14.564, 14.746, 13.012, 8.348, 6.076, 7.011, 5.016, 2.756, 2.703, 3.38, 5.246, 6.424, 6.062, 6.6, 7.333, 6.616, 6.528, 9.534, 10.748, 9.356, 9.407, 11.955, 12.928, 12.319, 11.246, 10.994, 11.783, 11.75, 11.413, 11.135, 11.586, 12.502, 13.263, 13.406, 15.22, 19.12, 21.087, 20.836, 20.143, 20.385, 20.239, 19.546, 17.583, 16.142, 16.059, 18.3, 21.125, 23.86, 25.037, 26.269, 26.918, 26.806, 26.933, 27.18, 27.494, 26.14, 25.093, 25.933, 26.114, 24.288, 21.988, 20.16, 20.204, 20.605, 19.115, 17.321, 17.634, 17.907, 15.662, 13.178, 14.325, 15.594, 13.705, 9.709, 8.238, 9.368, 11.421, 12.942, 14.331, 15.782, 18.376, 19.429, 18.475, 18.623, 19.824, 20.418, 20.347, 21.288, 22.075, 21.13, 19.334, 18.941, 18.731, 17.947, 18.54, 19.982, 20.651, 21.052, 20.589, 20.295, 18.702, 18.174, 19.075, 18.369, 16.529, 16.31, 19.361, 21.015, 21.375, 20.986, 19.531, 18.213, 19.365, 19.933, 19.057, 19.829, 20.37, 20.268, 18.626, 19.822, 20.216, 21.773, 23.495, 23.971, 25.038, 25.867, 25.339, 24.773, 25.195, 25.418, 25.115, 25.021, 25.267, 25.427, 26.382, 26.91, 26.363, 25.018, 23.53, 24.855, 24.964], [2.567, 0.0, 2.651, 4.893, 4.469, 3.372, 4.717, 6.186, 2.954, 4.333, 6.797, 5.56, 7.532, 10.861, 13.183, 13.651, 14.065, 15.055, 14.332, 12.097, 11.634, 12.089, 11.215, 9.344, 8.805, 9.213, 9.348, 10.141, 10.703, 10.373, 10.843, 12.126, 12.544, 11.702, 8.058, 7.136, 9.322, 12.389, 12.707, 11.217, 9.035, 6.893, 8.575, 11.33, 12.237, 10.47, 12.533, 16.588, 18.977, 19.532, 20.114, 20.582, 21.333, 21.254, 20.937, 20.869, 21.89, 23.299, 23.446, 22.928, 21.413, 18.717, 14.974, 12.866, 12.34, 12.325, 12.633, 10.791, 6.121, 4.213, 5.015, 2.811, 1.339, 1.819, 1.846, 3.128, 4.229, 3.875, 4.59, 5.183, 4.771, 4.503, 7.25, 8.463, 7.236, 7.309, 9.802, 10.853, 10.143, 8.936, 8.659, 9.498, 9.465, 9.129, 8.85, 9.263, 10.206, 10.978, 11.193, 13.165, 16.836, 18.823, 18.597, 17.909, 18.101, 18.124, 17.332, 15.314, 13.898, 13.814, 16.017, 18.84, 21.607, 22.893, 24.054, 24.689, 24.572, 24.675, 24.955, 25.261, 23.885, 22.863, 23.763, 23.871, 22.045, 19.809, 18.112, 18.173, 18.599, 16.837, 15.036, 15.375, 15.681, 13.488, 11.319, 12.248, 13.527, 11.701, 7.704, 6.359, 7.227, 9.137, 10.708, 12.227, 13.677, 16.197, 17.152, 16.344, 16.489, 17.737, 18.357, 18.161, 19.033, 19.801, 18.966, 17.13, 16.656, 16.487, 15.662, 16.256, 17.739, 18.367, 18.767, 18.305, 18.014, 16.421, 15.89, 16.816, 16.141, 14.414, 14.263, 17.077, 18.731, 19.121, 18.803, 17.246, 15.929, 17.081, 17.648, 16.776, 17.545, 18.086, 18.034, 16.349, 17.543, 17.946, 19.509, 21.232, 21.867, 22.795, 23.66, 23.096, 22.488, 22.935, 23.182, 22.836, 22.743, 22.988, 23.149, 24.104, 24.681, 24.15, 22.821, 21.496, 22.796, 22.922], [1.5, 2.651, 0.0, 2.572, 2.314, 1.49, 2.422, 3.906, 2.381, 6.801, 9.323, 8.07, 10.036, 13.257, 15.651, 16.294, 16.697, 17.641, 16.97, 14.732, 14.215, 14.622, 13.764, 11.715, 11.161, 11.564, 11.699, 12.553, 13.122, 12.744, 13.423, 14.751, 15.179, 14.307, 10.577, 9.763, 11.943, 14.997, 15.296, 13.743, 11.637, 9.426, 10.828, 13.921, 14.874, 13.115, 15.059, 19.114, 21.558, 22.032, 22.547, 22.994, 23.797, 23.692, 23.426, 23.332, 24.344, 25.69, 25.912, 25.396, 23.886, 21.107, 17.325, 15.373, 14.814, 14.82, 15.18, 13.357, 8.644, 6.692, 7.664, 5.369, 2.967, 2.858, 3.68, 5.15, 6.297, 5.841, 6.984, 7.682, 7.032, 7.083, 9.687, 10.835, 9.87, 9.953, 12.428, 13.504, 12.758, 11.436, 11.01, 11.849, 11.854, 11.482, 11.218, 11.618, 12.556, 13.329, 13.757, 15.764, 19.306, 21.387, 21.107, 20.352, 20.552, 20.631, 19.796, 17.806, 16.386, 16.289, 18.379, 21.297, 24.071, 25.43, 26.508, 27.109, 26.991, 27.095, 27.384, 27.681, 26.305, 25.31, 26.231, 26.29, 24.543, 22.272, 20.717, 20.77, 21.234, 19.202, 17.49, 17.897, 18.176, 16.094, 13.873, 14.88, 16.108, 14.344, 10.317, 8.852, 9.825, 11.552, 13.223, 14.829, 16.276, 18.689, 19.651, 18.87, 19.058, 20.317, 20.924, 20.652, 21.463, 22.249, 21.458, 19.641, 19.021, 18.9, 18.013, 18.621, 20.151, 20.76, 21.14, 20.703, 20.452, 18.857, 18.319, 19.376, 18.754, 17.005, 16.89, 19.488, 21.168, 21.604, 21.282, 19.657, 18.286, 19.431, 19.999, 19.126, 19.91, 20.541, 20.453, 18.764, 19.988, 20.407, 22.024, 23.737, 24.402, 25.248, 26.124, 25.508, 24.839, 25.347, 25.624, 25.195, 25.097, 25.351, 25.515, 26.476, 27.183, 26.664, 25.383, 24.077, 25.423, 25.55], [3.01, 4.893, 2.572, 0.0, 1.848, 2.387, 1.458, 1.517, 3.559, 8.959, 11.606, 10.344, 12.361, 15.689, 18.002, 18.464, 18.881, 19.864, 19.147, 16.889, 16.465, 16.906, 16.048, 14.171, 13.632, 14.041, 14.176, 14.975, 15.534, 15.201, 15.668, 16.914, 17.336, 16.492, 12.83, 11.941, 14.101, 17.225, 17.521, 15.997, 13.814, 11.606, 13.031, 16.096, 17.031, 15.296, 17.32, 21.368, 23.766, 24.346, 24.942, 25.416, 26.147, 26.084, 25.751, 25.683, 26.725, 28.128, 28.274, 27.739, 26.224, 23.546, 19.802, 17.693, 17.154, 17.143, 17.412, 15.587, 10.932, 8.869, 9.841, 7.596, 5.29, 5.13, 5.868, 7.571, 8.695, 8.25, 9.224, 9.974, 9.23, 9.274, 12.077, 13.291, 12.057, 12.134, 14.614, 15.672, 14.931, 13.77, 13.487, 14.326, 14.293, 13.956, 13.678, 14.091, 15.033, 15.806, 16.017, 17.945, 21.669, 23.65, 23.406, 22.74, 22.928, 22.916, 22.146, 20.13, 18.732, 18.647, 20.844, 23.671, 26.434, 27.684, 28.881, 29.52, 29.403, 29.507, 29.783, 30.093, 28.716, 27.69, 28.574, 28.705, 26.879, 24.622, 22.902, 22.965, 23.391, 21.665, 19.87, 20.191, 20.495, 18.291, 16.086, 17.037, 18.317, 16.501, 12.474, 11.072, 12.017, 13.964, 15.532, 17.016, 18.466, 21.011, 21.983, 21.124, 21.269, 22.526, 23.136, 22.952, 23.867, 24.636, 23.765, 21.922, 21.484, 21.321, 20.49, 21.083, 22.573, 23.194, 23.595, 23.132, 22.848, 21.245, 20.717, 21.629, 20.962, 19.204, 19.049, 21.904, 23.558, 23.954, 23.617, 22.074, 20.756, 21.908, 22.476, 21.603, 22.372, 22.918, 22.865, 21.176, 22.371, 22.78, 24.334, 26.054, 26.647, 27.629, 28.474, 27.93, 27.316, 27.769, 28.015, 27.665, 27.571, 27.817, 27.977, 28.932, 29.464, 28.964, 27.641, 26.285, 27.582, 27.707], [2.335, 4.469, 2.314, 1.848, 0.0, 1.663, 1.064, 2.634, 2.192, 8.428, 11.217, 9.928, 11.98, 15.32, 17.624, 17.939, 18.282, 19.463, 18.391, 16.257, 16.076, 16.542, 15.678, 13.801, 13.261, 13.67, 13.805, 14.61, 15.169, 14.831, 15.276, 16.315, 16.719, 15.952, 12.441, 11.384, 13.606, 16.632, 17.145, 15.586, 13.425, 10.893, 11.975, 15.611, 16.337, 14.552, 16.955, 20.953, 23.252, 23.981, 24.571, 25.051, 25.782, 25.719, 25.386, 25.318, 26.36, 27.758, 27.909, 27.372, 25.857, 23.176, 19.431, 17.328, 16.789, 16.779, 17.009, 15.186, 10.567, 8.112, 9.013, 7.2, 4.781, 4.429, 5.345, 7.201, 8.324, 7.88, 8.736, 9.481, 8.538, 8.587, 11.707, 12.92, 11.496, 11.392, 14.008, 14.904, 14.496, 13.389, 13.116, 13.955, 13.922, 13.586, 13.307, 13.72, 14.662, 15.435, 15.617, 17.516, 21.304, 23.27, 23.034, 22.375, 22.559, 22.539, 21.781, 19.755, 18.367, 18.282, 20.473, 23.306, 26.069, 27.297, 28.498, 29.154, 29.038, 29.142, 29.417, 29.728, 28.351, 27.325, 28.207, 28.34, 26.514, 24.258, 22.438, 22.421, 22.734, 21.295, 19.493, 19.806, 20.13, 17.915, 15.172, 16.514, 17.87, 15.811, 11.918, 10.194, 11.591, 13.593, 15.167, 16.538, 18.061, 20.646, 21.618, 20.732, 20.893, 22.055, 22.714, 22.577, 23.502, 24.271, 23.4, 21.539, 21.113, 20.957, 20.119, 20.713, 22.208, 22.824, 23.224, 22.762, 22.483, 20.875, 20.347, 21.248, 20.527, 18.757, 18.478, 21.534, 23.187, 23.589, 23.252, 21.703, 20.385, 21.537, 22.105, 21.233, 22.002, 22.553, 22.5, 20.806, 22.0, 22.415, 23.969, 25.681, 26.236, 27.264, 28.109, 27.565, 26.945, 27.404, 27.65, 27.295, 27.201, 27.447, 27.607, 28.562, 29.088, 28.599, 27.269, 25.751, 27.041, 27.254], [1.791, 3.372, 1.49, 2.387, 1.663, 0.0, 1.615, 3.216, 1.978, 7.276, 10.065, 8.818, 10.781, 14.212, 16.516, 16.738, 17.085, 18.207, 17.395, 15.099, 14.935, 15.41, 14.551, 12.708, 12.168, 12.577, 12.712, 13.488, 14.037, 13.724, 14.115, 15.246, 15.548, 14.744, 11.217, 10.324, 12.44, 15.604, 15.901, 14.328, 12.189, 9.758, 11.058, 14.434, 15.22, 13.49, 15.728, 19.728, 22.037, 22.83, 23.478, 23.932, 24.59, 24.618, 24.186, 24.082, 25.233, 26.65, 26.779, 26.211, 24.649, 22.068, 18.338, 16.184, 15.635, 15.643, 15.809, 14.082, 9.341, 7.088, 8.015, 6.082, 3.693, 3.429, 4.253, 6.108, 7.231, 6.815, 7.65, 8.392, 7.51, 7.484, 10.614, 11.827, 10.38, 10.445, 12.995, 13.979, 13.398, 12.296, 12.023, 12.862, 12.829, 12.493, 12.214, 12.627, 13.569, 14.342, 14.476, 16.276, 20.199, 22.16, 21.909, 21.176, 21.464, 21.264, 20.623, 18.662, 17.206, 17.139, 19.373, 22.204, 24.94, 26.081, 27.3, 27.948, 27.87, 28.005, 28.248, 28.524, 27.212, 26.126, 26.964, 27.147, 25.321, 23.022, 21.219, 21.235, 21.643, 20.188, 18.4, 18.713, 18.987, 16.695, 14.211, 15.343, 16.643, 14.751, 10.71, 9.198, 10.449, 12.5, 13.993, 15.36, 16.813, 19.456, 20.508, 19.521, 19.657, 20.872, 21.461, 21.426, 22.367, 23.155, 22.182, 20.42, 20.02, 19.805, 19.026, 19.62, 21.021, 21.731, 22.131, 21.669, 21.374, 19.782, 19.254, 20.155, 19.439, 17.598, 17.323, 20.441, 22.094, 22.454, 22.066, 20.61, 19.292, 20.444, 21.006, 20.129, 20.909, 21.45, 21.301, 19.699, 20.895, 21.295, 22.853, 24.574, 25.069, 26.071, 26.942, 26.372, 25.852, 26.274, 26.487, 26.187, 26.094, 26.339, 26.5, 27.455, 27.995, 27.417, 26.051, 24.568, 25.873, 25.99], [2.481, 4.717, 2.422, 1.458, 1.064, 1.615, 0.0, 1.997, 2.541, 8.625, 11.414, 10.164, 12.125, 15.563, 17.878, 18.047, 18.375, 19.519, 18.67, 16.416, 16.289, 16.764, 15.904, 14.061, 13.522, 13.931, 14.066, 14.841, 15.388, 15.074, 15.469, 16.541, 16.814, 16.035, 12.57, 11.641, 13.762, 16.901, 17.233, 15.679, 13.492, 11.018, 12.153, 15.82, 16.486, 14.777, 17.071, 21.109, 23.373, 24.183, 24.831, 25.285, 25.943, 25.971, 25.524, 25.374, 26.587, 28.001, 28.13, 27.583, 26.001, 23.419, 19.692, 17.538, 16.989, 16.997, 17.177, 15.436, 10.676, 8.328, 9.248, 7.441, 5.041, 4.661, 5.572, 7.461, 8.594, 8.14, 8.997, 9.741, 8.779, 8.815, 11.967, 13.18, 11.692, 11.692, 14.27, 15.238, 14.76, 13.649, 13.376, 14.215, 14.182, 13.846, 13.568, 13.98, 14.923, 15.695, 15.826, 17.634, 21.553, 23.512, 23.281, 22.519, 22.818, 22.622, 21.976, 20.016, 18.559, 18.492, 20.724, 23.556, 26.293, 27.45, 28.638, 29.283, 29.212, 29.356, 29.599, 29.855, 28.563, 27.465, 28.268, 28.482, 26.653, 24.301, 22.505, 22.562, 22.938, 21.535, 19.754, 20.067, 20.34, 18.029, 15.44, 16.667, 17.954, 16.051, 12.047, 10.406, 11.795, 13.854, 15.346, 16.686, 18.165, 20.796, 21.862, 20.888, 20.97, 22.207, 22.816, 22.79, 23.721, 24.508, 23.503, 21.783, 21.374, 21.159, 20.378, 20.973, 22.375, 23.084, 23.484, 23.022, 22.727, 21.135, 20.607, 21.508, 20.78, 18.986, 18.622, 21.794, 23.448, 23.807, 23.414, 21.963, 20.646, 21.798, 22.357, 21.48, 22.262, 22.803, 22.637, 21.049, 22.245, 22.648, 24.206, 25.928, 26.413, 27.406, 28.3, 27.717, 27.205, 27.626, 27.829, 27.538, 27.444, 27.69, 27.85, 28.805, 29.351, 28.771, 27.386, 25.9, 27.108, 27.311], [3.973, 6.186, 3.906, 1.517, 2.634, 3.216, 1.997, 0.0, 4.197, 10.051, 12.852, 11.627, 13.596, 17.007, 19.312, 19.546, 19.896, 21.024, 20.128, 17.886, 17.729, 18.203, 17.344, 15.501, 14.961, 15.37, 15.505, 16.281, 16.833, 16.519, 16.909, 18.01, 18.313, 17.552, 14.055, 13.135, 15.197, 18.34, 18.71, 17.165, 14.991, 12.536, 13.713, 17.253, 18.005, 16.233, 18.537, 22.556, 24.857, 25.627, 26.271, 26.747, 27.395, 27.411, 26.995, 26.884, 28.026, 29.446, 29.574, 29.02, 27.442, 24.864, 21.131, 18.977, 18.429, 18.439, 18.611, 16.904, 12.152, 9.823, 10.736, 8.886, 6.481, 6.104, 7.059, 8.943, 10.038, 9.599, 10.466, 11.188, 10.237, 10.338, 13.407, 14.62, 13.127, 13.156, 15.729, 16.698, 16.192, 15.089, 14.816, 15.655, 15.622, 15.302, 15.016, 15.42, 16.363, 17.135, 17.266, 19.11, 22.992, 24.955, 24.718, 23.984, 24.258, 24.099, 23.416, 21.455, 19.999, 19.932, 22.168, 24.997, 27.733, 28.883, 30.115, 30.762, 30.662, 30.801, 31.047, 31.336, 30.008, 28.934, 29.772, 29.956, 28.13, 25.823, 24.029, 24.047, 24.387, 22.983, 21.193, 21.507, 21.78, 19.503, 16.9, 18.127, 19.45, 17.488, 13.547, 11.987, 13.244, 15.309, 16.786, 18.153, 19.622, 22.242, 23.301, 22.317, 22.459, 23.683, 24.305, 24.22, 25.161, 25.948, 24.968, 23.213, 22.813, 22.598, 21.819, 22.413, 23.824, 24.524, 24.924, 24.462, 24.167, 22.575, 22.047, 22.948, 22.219, 20.412, 20.09, 23.234, 24.887, 25.247, 24.854, 23.403, 22.086, 23.237, 23.802, 22.925, 23.702, 24.243, 24.108, 22.494, 23.69, 24.088, 25.646, 27.368, 27.858, 28.88, 29.739, 29.181, 28.645, 29.067, 29.28, 28.983, 28.889, 29.135, 29.295, 30.25, 30.789, 30.211, 28.86, 27.376, 28.628, 28.82], [1.48, 2.954, 2.381, 3.559, 2.192, 1.978, 2.541, 4.197, 0.0, 6.378, 9.203, 7.964, 9.988, 13.382, 15.662, 15.886, 16.215, 17.371, 16.429, 14.19, 14.057, 14.532, 13.689, 11.869, 11.336, 11.743, 11.869, 12.61, 13.172, 12.853, 13.253, 14.338, 14.65, 13.922, 10.495, 9.542, 11.616, 14.689, 15.069, 13.496, 11.358, 8.894, 10.033, 13.549, 14.312, 12.533, 14.897, 18.936, 21.243, 22.037, 22.643, 23.157, 23.837, 23.806, 23.421, 23.288, 24.355, 25.779, 25.908, 25.34, 23.782, 21.197, 17.466, 15.357, 14.835, 14.849, 15.004, 13.313, 8.642, 6.169, 7.08, 5.223, 3.319, 3.377, 3.899, 5.829, 6.844, 6.414, 6.916, 7.599, 6.942, 6.754, 9.796, 10.998, 9.488, 9.478, 12.041, 13.002, 12.52, 11.418, 11.237, 12.036, 12.011, 11.727, 11.449, 11.798, 12.708, 13.494, 13.677, 15.489, 19.347, 21.294, 21.038, 20.345, 20.586, 20.439, 19.749, 17.797, 16.344, 16.261, 18.502, 21.326, 24.062, 25.241, 26.467, 27.12, 27.007, 27.134, 27.382, 27.696, 26.341, 25.295, 26.132, 26.316, 24.491, 22.186, 20.376, 20.359, 20.7, 19.317, 17.522, 17.897, 18.166, 15.926, 13.279, 14.504, 15.828, 13.859, 9.965, 8.459, 9.635, 11.749, 13.198, 14.497, 15.977, 18.574, 19.63, 18.703, 18.822, 20.04, 20.658, 20.573, 21.489, 22.277, 21.328, 19.545, 19.158, 18.933, 18.148, 18.742, 20.187, 20.853, 21.253, 20.791, 20.496, 18.904, 18.376, 19.277, 18.572, 16.774, 16.46, 19.568, 21.219, 21.576, 21.184, 19.75, 18.414, 19.566, 20.134, 19.258, 20.031, 20.572, 20.469, 18.827, 20.024, 20.417, 21.982, 23.696, 24.179, 25.24, 26.068, 25.541, 24.974, 25.396, 25.62, 25.316, 25.223, 25.468, 25.629, 26.584, 27.117, 26.565, 25.221, 23.683, 24.97, 25.154], [6.23, 4.333, 6.801, 8.959, 8.428, 7.276, 8.625, 10.051, 6.378, 0.0, 2.877, 2.124, 3.737, 7.033, 9.307, 9.631, 10.004, 11.073, 10.279, 7.978, 7.723, 8.189, 7.366, 5.557, 5.049, 5.458, 5.564, 6.252, 6.83, 6.518, 6.923, 8.073, 8.454, 7.712, 4.625, 4.005, 5.579, 8.461, 8.728, 7.175, 5.056, 2.951, 4.572, 7.303, 8.074, 6.369, 8.644, 12.7, 15.066, 15.779, 16.425, 16.915, 17.569, 17.524, 17.129, 17.006, 18.008, 19.436, 19.549, 18.994, 17.436, 14.864, 11.159, 9.092, 8.597, 8.604, 8.803, 7.467, 4.916, 3.503, 3.409, 3.538, 4.262, 4.937, 4.046, 4.722, 5.391, 4.444, 4.26, 4.381, 4.72, 4.537, 5.378, 5.944, 4.629, 4.869, 6.051, 6.955, 6.451, 6.176, 6.265, 6.679, 6.496, 5.956, 5.858, 6.42, 6.854, 7.377, 7.464, 9.281, 13.03, 14.932, 14.681, 13.981, 14.255, 14.149, 13.423, 11.473, 9.995, 9.894, 12.129, 14.957, 17.703, 18.875, 20.102, 20.75, 20.638, 20.771, 21.012, 21.323, 19.973, 18.921, 19.787, 19.942, 18.113, 15.835, 14.047, 14.075, 14.434, 12.943, 11.155, 11.608, 11.882, 9.648, 7.391, 8.208, 9.563, 7.701, 3.978, 4.252, 4.261, 5.642, 6.892, 8.199, 9.635, 12.271, 13.339, 12.407, 12.47, 13.732, 14.385, 14.25, 15.129, 15.936, 14.977, 13.172, 12.84, 12.61, 11.778, 12.385, 13.891, 14.525, 14.959, 14.489, 14.15, 12.543, 12.033, 12.951, 12.276, 10.506, 10.185, 13.245, 14.896, 15.242, 14.878, 13.427, 12.099, 13.201, 13.761, 12.889, 13.669, 14.21, 14.114, 12.465, 13.654, 14.068, 15.659, 17.369, 17.863, 18.884, 19.707, 19.185, 18.629, 19.027, 19.25, 18.953, 18.85, 19.115, 19.276, 20.231, 20.744, 20.225, 18.888, 17.409, 18.661, 18.837], [8.998, 6.797, 9.323, 11.606, 11.217, 10.065, 11.414, 12.852, 9.203, 2.877, 0.0, 1.798, 1.929, 4.58, 6.762, 7.483, 7.978, 8.843, 8.334, 5.859, 5.08, 5.502, 4.748, 2.997, 2.824, 3.05, 3.085, 3.485, 4.013, 3.725, 4.318, 5.853, 6.314, 5.451, 3.091, 3.023, 3.997, 6.291, 6.383, 4.526, 2.956, 2.378, 3.296, 5.366, 6.236, 4.486, 5.989, 10.163, 12.658, 13.242, 13.864, 14.179, 14.749, 14.767, 14.366, 14.227, 15.246, 16.645, 16.772, 16.232, 14.681, 12.054, 8.372, 6.699, 6.357, 6.428, 6.747, 5.865, 4.303, 4.513, 3.746, 4.497, 6.55, 6.958, 5.959, 4.904, 4.904, 4.645, 4.885, 4.572, 4.978, 4.92, 4.301, 4.626, 4.286, 4.277, 4.654, 5.632, 5.157, 4.881, 4.478, 5.009, 4.821, 4.318, 4.285, 4.849, 5.039, 5.027, 5.098, 6.97, 10.513, 12.309, 12.014, 11.204, 11.483, 11.456, 10.685, 8.886, 7.236, 7.158, 9.353, 12.193, 14.913, 16.166, 17.301, 17.94, 17.846, 17.985, 18.222, 18.517, 17.181, 16.123, 17.04, 17.174, 15.34, 13.066, 11.697, 11.895, 12.37, 10.252, 8.457, 9.095, 9.336, 7.768, 5.911, 6.436, 7.092, 5.739, 2.881, 4.221, 3.25, 3.749, 4.534, 5.877, 7.28, 9.633, 10.544, 9.666, 9.867, 11.213, 11.823, 11.538, 12.351, 13.147, 12.218, 10.441, 10.112, 9.809, 8.997, 9.587, 11.062, 11.721, 12.141, 11.714, 11.364, 9.758, 9.402, 10.447, 9.798, 8.093, 7.962, 10.613, 12.115, 12.512, 12.119, 10.638, 9.354, 10.419, 10.967, 10.096, 10.904, 11.463, 11.292, 9.693, 10.854, 11.29, 13.067, 14.579, 15.186, 16.087, 16.944, 16.388, 15.839, 16.237, 16.437, 16.145, 16.052, 16.3, 16.485, 17.429, 17.967, 17.494, 16.266, 14.924, 16.395, 16.475], [7.749, 5.56, 8.07, 10.344, 9.928, 8.818, 10.164, 11.627, 7.964, 2.124, 1.798, 0.0, 2.19, 5.434, 7.733, 8.317, 8.714, 9.673, 8.981, 6.741, 6.253, 6.678, 5.85, 4.094, 3.921, 4.162, 4.174, 4.746, 5.256, 4.945, 5.459, 6.77, 7.215, 6.394, 3.132, 2.723, 4.451, 7.051, 7.283, 5.787, 3.669, 1.85, 3.347, 5.908, 6.808, 5.064, 7.167, 11.321, 13.709, 14.267, 14.901, 15.336, 16.046, 15.925, 15.621, 15.529, 16.466, 17.875, 18.02, 17.513, 15.983, 13.281, 9.583, 7.64, 7.178, 7.242, 7.494, 6.258, 4.044, 3.163, 2.825, 3.449, 5.234, 5.655, 4.706, 4.303, 4.592, 3.581, 3.482, 3.274, 3.788, 3.975, 3.916, 4.371, 3.318, 3.753, 4.946, 5.916, 5.227, 4.642, 4.737, 5.145, 4.889, 4.447, 4.356, 4.913, 5.513, 5.971, 6.084, 7.867, 11.469, 13.366, 13.134, 12.448, 12.695, 12.723, 11.951, 9.943, 8.486, 8.389, 10.563, 13.406, 16.19, 17.441, 18.583, 19.231, 19.136, 19.24, 19.51, 19.808, 18.439, 17.411, 18.334, 18.433, 16.605, 14.374, 12.699, 12.716, 13.174, 11.378, 9.596, 10.053, 10.358, 8.231, 6.044, 6.943, 8.182, 6.524, 2.927, 3.328, 3.032, 4.275, 5.434, 6.824, 8.251, 10.81, 11.77, 10.986, 11.055, 12.375, 12.996, 12.795, 13.604, 14.393, 13.52, 11.664, 11.276, 11.089, 10.219, 10.818, 12.35, 12.952, 13.368, 12.908, 12.597, 10.98, 10.474, 11.422, 10.795, 9.095, 8.925, 11.685, 13.337, 13.718, 13.412, 11.868, 10.526, 11.64, 12.197, 11.319, 12.109, 12.654, 12.576, 10.907, 12.086, 12.535, 14.134, 15.843, 16.46, 17.375, 18.225, 17.676, 17.069, 17.498, 17.724, 17.375, 17.283, 17.526, 17.716, 18.656, 19.228, 18.756, 17.434, 16.082, 17.369, 17.523], [9.748, 7.532, 10.036, 12.361, 11.98, 10.781, 12.125, 13.596, 9.988, 3.737, 1.929, 2.19, 0.0, 3.655, 5.965, 6.541, 7.046, 7.902, 7.446, 4.918, 4.323, 4.761, 3.95, 2.503, 2.373, 2.641, 2.564, 2.955, 3.295, 3.062, 3.569, 4.933, 5.472, 4.68, 1.987, 1.94, 3.097, 5.452, 5.456, 3.891, 1.973, 2.324, 2.925, 4.454, 5.275, 3.586, 5.28, 9.561, 11.905, 12.448, 13.144, 13.448, 14.036, 13.981, 13.618, 13.5, 14.527, 15.9, 16.063, 15.532, 13.994, 11.306, 7.662, 5.969, 5.637, 5.727, 6.005, 4.965, 3.791, 4.222, 3.189, 4.816, 7.273, 7.667, 6.645, 5.194, 4.799, 4.555, 3.941, 3.462, 3.923, 4.268, 3.008, 3.365, 2.828, 2.871, 3.737, 4.778, 3.997, 3.618, 3.498, 3.959, 3.759, 3.264, 3.209, 3.777, 4.116, 4.434, 4.378, 6.03, 9.655, 11.492, 11.212, 10.403, 10.755, 10.716, 9.967, 8.003, 6.497, 6.461, 8.609, 11.469, 14.226, 15.424, 16.545, 17.185, 17.103, 17.255, 17.491, 17.751, 16.452, 15.367, 16.296, 16.384, 14.573, 12.345, 10.786, 10.966, 11.469, 9.477, 7.674, 8.176, 8.551, 6.796, 4.913, 5.466, 6.289, 4.866, 1.971, 3.259, 2.274, 3.013, 3.746, 4.969, 6.394, 8.842, 9.87, 8.978, 9.072, 10.398, 11.008, 10.845, 11.614, 12.436, 11.533, 9.735, 9.332, 9.083, 8.277, 8.863, 10.308, 10.997, 11.413, 11.008, 10.668, 9.051, 8.519, 9.554, 8.956, 7.291, 7.049, 9.764, 11.402, 11.761, 11.445, 9.938, 8.685, 9.707, 10.242, 9.376, 10.187, 10.713, 10.522, 8.938, 10.13, 10.58, 12.219, 13.888, 14.496, 15.338, 16.261, 15.627, 15.114, 15.513, 15.721, 15.421, 15.327, 15.571, 15.741, 16.684, 17.3, 16.766, 15.462, 14.105, 15.441, 15.579], [13.139, 10.861, 13.257, 15.689, 15.32, 14.212, 15.563, 17.007, 13.382, 7.033, 4.58, 5.434, 3.655, 0.0, 2.547, 3.445, 3.953, 4.74, 4.257, 1.985, 2.154, 2.556, 2.988, 3.024, 3.458, 3.28, 3.449, 3.227, 2.008, 2.038, 2.204, 3.038, 3.553, 3.009, 4.037, 4.668, 3.322, 3.021, 2.934, 1.474, 3.29, 4.998, 4.135, 2.5, 2.794, 2.539, 2.825, 6.816, 9.237, 9.524, 10.158, 10.316, 10.866, 10.812, 10.505, 10.296, 11.298, 12.448, 12.67, 12.155, 10.652, 7.9, 4.751, 3.551, 3.587, 4.06, 4.864, 4.438, 6.472, 7.386, 6.585, 8.198, 10.593, 10.938, 10.003, 8.295, 7.523, 7.508, 6.645, 5.917, 6.945, 7.155, 4.459, 3.613, 4.278, 4.522, 3.106, 3.265, 3.142, 3.759, 3.747, 3.759, 3.252, 3.688, 3.33, 3.482, 3.484, 3.152, 2.491, 3.256, 6.296, 8.242, 7.962, 7.129, 7.399, 7.507, 6.66, 4.78, 3.274, 3.383, 5.193, 8.099, 10.868, 12.226, 13.257, 13.874, 13.756, 13.862, 14.148, 14.448, 13.07, 12.058, 12.982, 13.121, 11.374, 9.052, 7.675, 7.772, 8.29, 6.011, 4.367, 5.191, 5.496, 3.977, 3.124, 2.666, 3.473, 2.636, 4.139, 6.046, 4.542, 2.921, 1.898, 3.14, 3.887, 5.911, 6.874, 5.857, 6.003, 7.291, 7.938, 7.812, 8.303, 9.065, 8.255, 6.507, 5.957, 5.833, 5.203, 5.643, 7.161, 7.741, 8.147, 7.933, 7.478, 5.811, 5.393, 6.568, 5.98, 4.454, 4.255, 6.455, 8.051, 8.502, 8.197, 6.97, 6.016, 6.645, 6.961, 6.329, 7.102, 7.399, 7.227, 5.617, 6.802, 7.23, 9.014, 10.598, 11.268, 12.076, 12.904, 12.327, 11.676, 12.15, 12.391, 11.983, 11.89, 12.133, 12.289, 13.264, 13.986, 13.534, 12.305, 10.988, 12.386, 12.519], [15.444, 13.183, 15.651, 18.002, 17.624, 16.516, 17.878, 19.312, 15.662, 9.307, 6.762, 7.733, 5.965, 2.547, 0.0, 1.954, 2.655, 2.876, 2.813, 2.598, 3.306, 3.862, 4.537, 5.126, 5.506, 5.398, 5.373, 5.134, 3.711, 3.744, 3.261, 2.845, 3.379, 4.058, 6.225, 6.969, 5.345, 3.071, 2.983, 3.278, 5.533, 7.114, 6.189, 3.115, 3.177, 3.839, 3.152, 5.21, 7.436, 7.712, 8.364, 8.47, 8.813, 8.888, 8.579, 8.325, 9.387, 10.287, 10.332, 9.804, 8.303, 5.733, 3.375, 2.619, 3.301, 3.389, 4.386, 5.749, 8.655, 9.674, 8.9, 10.474, 12.929, 13.302, 12.327, 10.595, 9.779, 9.848, 8.933, 8.235, 9.215, 9.433, 6.734, 5.856, 6.547, 6.79, 4.952, 4.054, 4.747, 6.001, 5.979, 5.697, 5.028, 5.524, 5.559, 5.647, 5.297, 4.758, 3.901, 2.194, 4.352, 5.9, 5.632, 4.84, 5.059, 5.106, 4.335, 2.935, 1.9, 2.446, 3.401, 6.074, 8.491, 9.812, 10.909, 11.546, 11.444, 11.555, 11.821, 12.123, 10.754, 9.732, 10.631, 10.78, 8.99, 6.674, 5.411, 5.531, 6.052, 3.746, 2.637, 3.522, 3.747, 2.827, 3.452, 2.122, 2.32, 3.023, 6.409, 8.353, 6.845, 4.946, 3.751, 3.742, 3.239, 4.436, 5.157, 4.285, 4.115, 5.234, 5.939, 5.811, 6.336, 6.753, 5.956, 4.353, 4.121, 4.233, 3.793, 4.679, 5.338, 5.957, 6.383, 6.223, 5.721, 4.008, 3.805, 4.83, 4.216, 2.907, 2.898, 4.435, 5.929, 6.311, 6.167, 5.656, 5.097, 5.283, 5.326, 4.751, 5.409, 5.414, 5.264, 3.804, 4.685, 5.225, 7.0, 8.208, 8.86, 9.694, 10.526, 9.994, 9.376, 9.834, 10.079, 9.715, 9.597, 9.967, 10.069, 10.994, 11.563, 11.124, 9.891, 8.61, 10.1, 10.168], [15.681, 13.651, 16.294, 18.464, 17.939, 16.738, 18.047, 19.546, 15.886, 9.631, 7.483, 8.317, 6.541, 3.445, 1.954, 0.0, 1.123, 1.789, 1.622, 2.286, 3.48, 3.873, 4.361, 5.427, 6.129, 5.846, 5.922, 5.62, 4.214, 4.609, 3.456, 2.119, 2.428, 3.457, 6.259, 6.839, 4.899, 2.288, 2.26, 3.303, 5.189, 7.197, 6.297, 2.744, 2.547, 3.521, 2.775, 4.833, 6.669, 7.231, 8.062, 8.269, 8.533, 8.644, 8.208, 7.952, 9.222, 10.229, 10.216, 9.654, 8.123, 5.644, 3.234, 2.561, 2.899, 3.435, 4.359, 5.386, 8.612, 9.849, 9.065, 11.023, 13.415, 13.779, 12.745, 11.407, 10.544, 10.557, 9.342, 8.662, 9.463, 9.387, 6.892, 6.05, 6.554, 6.873, 4.533, 3.446, 4.242, 5.628, 6.269, 6.039, 5.321, 5.846, 6.134, 6.03, 5.522, 4.966, 3.85, 1.674, 3.886, 5.666, 5.606, 4.724, 4.929, 4.714, 4.096, 2.283, 1.765, 2.085, 2.99, 5.74, 8.387, 9.529, 10.731, 11.341, 11.298, 11.442, 11.68, 11.958, 10.649, 9.567, 10.386, 10.567, 8.716, 6.35, 4.522, 4.733, 5.188, 3.754, 2.582, 2.945, 3.247, 2.31, 3.166, 1.773, 1.505, 2.517, 6.26, 7.837, 6.655, 5.273, 3.701, 2.798, 2.498, 4.195, 4.962, 4.053, 3.64, 4.546, 5.247, 5.445, 6.083, 6.629, 5.724, 4.241, 4.102, 4.163, 3.974, 5.027, 5.193, 5.733, 6.156, 5.989, 5.464, 3.832, 3.598, 4.314, 3.622, 2.442, 2.142, 4.107, 5.728, 6.047, 5.887, 5.614, 5.212, 5.333, 5.335, 4.759, 5.295, 5.192, 5.218, 3.754, 4.671, 5.007, 6.592, 8.038, 8.504, 9.418, 10.398, 9.816, 9.312, 9.73, 9.965, 9.677, 9.565, 9.887, 10.002, 10.943, 11.419, 10.87, 9.459, 7.936, 9.212, 9.322], [16.065, 14.065, 16.697, 18.881, 18.282, 17.085, 18.375, 19.896, 16.215, 10.004, 7.978, 8.714, 7.046, 3.953, 2.655, 1.123, 0.0, 1.396, 1.197, 2.774, 3.92, 3.951, 4.354, 5.796, 6.598, 6.285, 6.411, 6.024, 4.714, 5.175, 3.934, 2.483, 2.261, 3.462, 6.721, 7.215, 5.199, 2.17, 2.047, 3.656, 5.645, 7.594, 6.61, 3.263, 2.855, 3.843, 2.801, 4.201, 6.054, 6.797, 7.602, 7.823, 8.153, 8.205, 7.776, 7.501, 8.77, 9.893, 9.945, 9.371, 7.854, 5.33, 2.678, 2.488, 2.721, 3.253, 4.035, 4.991, 8.959, 10.187, 9.411, 11.456, 13.789, 14.167, 13.124, 11.881, 11.045, 10.987, 9.746, 9.046, 9.823, 9.709, 7.342, 6.365, 6.907, 7.268, 4.622, 3.539, 4.336, 5.663, 6.658, 6.268, 5.745, 6.09, 6.558, 6.378, 5.636, 5.065, 4.102, 1.83, 3.731, 5.656, 5.783, 4.962, 4.737, 4.407, 3.818, 2.023, 1.978, 2.144, 3.044, 5.442, 8.106, 9.219, 10.425, 11.051, 11.021, 11.163, 11.397, 11.655, 10.36, 9.269, 10.071, 10.279, 8.431, 6.073, 4.273, 4.405, 4.811, 3.858, 2.915, 2.489, 2.99, 2.589, 3.345, 2.109, 1.699, 2.762, 6.674, 8.194, 7.092, 5.624, 3.962, 2.596, 1.992, 3.609, 4.343, 3.604, 3.154, 4.121, 4.722, 4.989, 5.673, 6.343, 5.393, 3.992, 3.758, 3.59, 3.594, 4.624, 4.781, 5.171, 5.685, 5.422, 4.953, 3.269, 3.011, 3.744, 3.041, 2.178, 1.925, 3.719, 5.426, 5.748, 5.394, 5.013, 4.777, 4.736, 4.783, 4.132, 4.705, 4.726, 4.695, 3.26, 4.218, 4.568, 6.173, 7.786, 8.237, 9.188, 10.101, 9.53, 9.019, 9.441, 9.68, 9.365, 9.253, 9.535, 9.691, 10.614, 11.142, 10.587, 9.203, 7.578, 8.868, 9.026], [17.173, 15.055, 17.641, 19.864, 19.463, 18.207, 19.519, 21.024, 17.371, 11.073, 8.843, 9.673, 7.902, 4.74, 2.876, 1.789, 1.396, 0.0, 1.543, 3.594, 4.601, 4.45, 4.97, 6.595, 7.38, 7.105, 7.145, 6.72, 5.479, 5.898, 4.787, 3.415, 3.151, 4.556, 7.613, 8.253, 6.217, 3.145, 2.81, 4.577, 6.577, 8.758, 7.784, 4.084, 3.55, 4.966, 3.634, 3.668, 5.338, 5.702, 6.531, 6.74, 7.05, 7.129, 6.678, 6.396, 7.665, 8.685, 8.673, 8.109, 6.572, 4.121, 2.589, 2.998, 3.331, 3.602, 4.218, 5.515, 9.811, 11.364, 10.556, 12.406, 14.843, 15.208, 14.192, 12.759, 11.897, 11.891, 10.813, 10.109, 10.933, 10.91, 8.194, 7.213, 8.017, 8.351, 5.655, 4.651, 5.282, 6.488, 7.498, 7.118, 6.586, 6.933, 7.404, 7.206, 6.405, 5.841, 5.024, 2.446, 3.042, 4.858, 5.105, 4.358, 3.891, 3.251, 2.824, 1.502, 2.325, 2.427, 2.559, 4.601, 6.883, 8.108, 9.202, 9.798, 9.755, 9.899, 10.146, 10.402, 9.106, 8.009, 8.81, 9.016, 7.189, 4.958, 3.522, 3.855, 4.065, 3.208, 2.562, 2.116, 2.297, 2.683, 4.405, 3.04, 2.278, 3.858, 7.735, 9.382, 8.053, 6.496, 4.819, 3.4, 2.176, 3.334, 3.805, 3.353, 2.878, 3.343, 3.943, 4.035, 4.529, 5.092, 4.42, 3.546, 3.235, 3.157, 3.377, 4.434, 4.428, 4.314, 4.653, 4.484, 3.958, 2.769, 2.445, 2.948, 2.437, 2.297, 2.488, 2.639, 4.177, 4.5, 4.386, 4.472, 4.604, 4.383, 4.25, 3.637, 4.01, 3.668, 3.914, 2.691, 3.348, 3.564, 5.102, 6.559, 7.024, 7.928, 8.847, 8.265, 7.753, 8.18, 8.422, 8.131, 8.021, 8.365, 8.513, 9.436, 9.924, 9.334, 7.975, 6.548, 7.841, 7.935], [16.344, 14.332, 16.97, 19.147, 18.391, 17.395, 18.67, 20.128, 16.429, 10.279, 8.334, 8.981, 7.446, 4.257, 2.813, 1.622, 1.197, 1.543, 0.0, 2.731, 3.968, 3.927, 4.444, 6.068, 6.874, 6.642, 6.646, 6.235, 5.02, 5.408, 4.241, 2.922, 2.779, 4.016, 7.142, 7.541, 5.567, 2.442, 2.425, 4.136, 6.145, 7.915, 6.798, 3.289, 3.191, 4.052, 3.245, 4.333, 6.324, 6.815, 7.664, 7.729, 8.068, 8.112, 7.736, 7.532, 8.662, 9.67, 9.654, 9.07, 7.599, 5.292, 2.818, 2.919, 2.998, 3.552, 4.266, 5.032, 9.414, 10.354, 9.679, 11.812, 14.033, 14.369, 13.35, 12.266, 11.421, 11.271, 9.996, 9.291, 10.01, 10.007, 7.707, 6.72, 7.168, 7.478, 4.868, 3.767, 4.683, 5.967, 7.012, 6.634, 6.097, 6.439, 6.915, 6.726, 5.94, 5.378, 4.47, 2.356, 3.878, 5.666, 5.797, 5.055, 4.735, 4.273, 3.619, 1.917, 2.14, 2.499, 2.977, 5.086, 7.784, 8.966, 10.188, 10.838, 10.724, 10.862, 11.101, 11.414, 10.069, 9.011, 9.875, 10.028, 8.203, 5.991, 4.375, 4.524, 4.563, 3.939, 3.135, 3.004, 3.236, 3.137, 3.602, 2.512, 2.323, 3.029, 7.109, 8.403, 7.477, 6.012, 4.343, 2.919, 2.176, 3.631, 4.481, 3.6, 3.344, 4.123, 4.918, 5.034, 5.61, 6.098, 5.275, 3.949, 3.443, 3.563, 3.611, 4.641, 4.777, 5.345, 5.753, 5.581, 5.086, 3.393, 3.026, 3.902, 3.205, 2.585, 2.209, 3.613, 5.193, 5.439, 5.452, 5.02, 4.778, 4.723, 4.743, 4.175, 4.78, 4.69, 4.572, 3.497, 4.163, 4.666, 6.08, 7.491, 7.963, 8.952, 9.806, 9.261, 8.729, 9.124, 9.409, 9.096, 8.967, 9.303, 9.463, 10.381, 10.832, 10.284, 8.991, 7.389, 8.715, 8.909], [14.101, 12.097, 14.732, 16.889, 16.257, 15.099, 16.416, 17.886, 14.19, 7.978, 5.859, 6.741, 4.918, 1.985, 2.598, 2.286, 2.774, 3.594, 2.731, 0.0, 1.974, 2.555, 3.16, 3.7, 4.386, 4.187, 4.167, 3.825, 2.629, 3.005, 2.424, 2.147, 2.41, 2.227, 4.618, 5.115, 3.228, 2.463, 2.296, 1.833, 3.667, 5.595, 4.68, 2.02, 2.066, 2.547, 2.378, 6.334, 8.432, 8.981, 9.832, 9.877, 10.174, 10.246, 9.852, 9.603, 10.797, 11.83, 11.805, 11.236, 9.753, 7.433, 4.677, 3.293, 3.306, 3.879, 4.725, 5.006, 6.958, 8.178, 7.357, 9.43, 11.799, 12.166, 11.066, 9.753, 8.914, 8.958, 7.752, 7.051, 7.806, 7.746, 5.335, 4.442, 4.872, 5.128, 3.12, 2.672, 3.265, 4.258, 4.596, 4.353, 3.825, 4.148, 4.494, 4.363, 4.087, 3.763, 2.386, 2.489, 5.576, 7.236, 6.966, 6.255, 6.529, 6.327, 5.704, 3.792, 2.519, 2.688, 4.436, 7.23, 9.965, 11.105, 12.311, 12.965, 12.896, 13.029, 13.276, 13.541, 12.236, 11.145, 11.99, 12.162, 10.336, 8.038, 6.253, 6.354, 6.714, 5.345, 3.774, 4.712, 4.934, 3.484, 2.866, 2.182, 2.893, 1.654, 4.522, 6.238, 4.994, 3.634, 2.117, 2.386, 3.313, 5.492, 6.604, 5.331, 5.277, 6.216, 6.967, 7.175, 7.783, 8.249, 7.32, 5.821, 5.418, 5.557, 5.074, 5.631, 6.731, 7.5, 7.901, 7.746, 7.248, 5.526, 4.985, 5.985, 5.327, 3.814, 3.242, 5.762, 7.402, 7.65, 7.572, 6.862, 6.02, 6.624, 6.717, 6.198, 6.87, 6.814, 6.628, 5.335, 6.211, 6.737, 8.208, 9.648, 10.12, 11.086, 11.972, 11.402, 10.899, 11.31, 11.573, 11.257, 11.147, 11.463, 11.643, 12.561, 13.019, 12.444, 11.104, 9.517, 10.846, 10.997], [13.856, 11.634, 14.215, 16.465, 16.076, 14.935, 16.289, 17.729, 14.057, 7.723, 5.08, 6.253, 4.323, 2.154, 3.306, 3.48, 3.92, 4.601, 3.968, 1.974, 0.0, 1.251, 1.894, 2.684, 3.328, 3.002, 2.965, 2.545, 1.882, 2.362, 2.086, 2.836, 2.959, 2.594, 3.868, 4.694, 2.915, 3.392, 3.109, 2.006, 2.933, 5.548, 4.65, 2.234, 3.085, 2.887, 2.681, 6.552, 8.808, 9.199, 9.984, 10.048, 10.368, 10.424, 10.104, 9.88, 10.96, 11.931, 11.884, 11.347, 9.875, 7.462, 4.848, 3.879, 3.92, 4.318, 4.866, 4.363, 5.955, 8.073, 7.281, 8.94, 11.391, 11.783, 10.735, 9.082, 8.089, 8.384, 7.364, 6.679, 7.545, 7.605, 4.854, 4.063, 4.775, 4.959, 3.243, 3.968, 3.584, 3.572, 3.632, 3.653, 3.564, 3.486, 3.651, 3.882, 3.296, 3.008, 1.873, 3.463, 6.283, 7.498, 7.356, 6.654, 6.583, 6.567, 5.775, 3.974, 2.707, 2.955, 4.548, 7.269, 10.007, 11.278, 12.444, 13.082, 12.964, 13.087, 13.348, 13.654, 12.294, 11.255, 12.152, 12.264, 10.438, 8.214, 7.088, 7.467, 7.835, 6.047, 4.262, 5.226, 5.578, 4.612, 3.95, 3.57, 3.617, 2.768, 4.308, 6.163, 4.528, 3.118, 2.05, 2.898, 4.046, 5.654, 6.647, 5.54, 5.464, 6.578, 7.296, 7.264, 7.923, 8.309, 7.507, 5.91, 5.559, 5.62, 5.105, 5.727, 6.821, 7.541, 8.014, 7.811, 7.313, 5.565, 5.203, 6.179, 5.585, 4.285, 3.871, 5.985, 7.524, 7.752, 7.709, 6.978, 6.208, 6.65, 6.735, 6.238, 6.95, 6.976, 6.845, 5.501, 6.252, 6.799, 8.51, 9.663, 10.263, 11.188, 12.06, 11.516, 10.96, 11.382, 11.66, 11.366, 11.234, 11.624, 11.713, 12.649, 13.095, 12.539, 11.251, 9.93, 11.452, 11.484], [14.331, 12.089, 14.622, 16.906, 16.542, 15.41, 16.764, 18.203, 14.532, 8.189, 5.502, 6.678, 4.761, 2.556, 3.862, 3.873, 3.951, 4.45, 3.927, 2.555, 1.251, 0.0, 1.277, 3.029, 3.666, 3.299, 3.247, 2.765, 2.287, 2.652, 2.579, 3.62, 3.511, 2.506, 4.274, 5.159, 3.258, 3.341, 2.849, 2.298, 3.369, 6.023, 5.089, 2.967, 3.804, 3.428, 2.624, 6.037, 8.383, 8.819, 9.509, 9.578, 9.827, 9.952, 9.644, 9.419, 10.448, 11.433, 11.422, 10.914, 9.474, 6.958, 4.405, 3.893, 3.599, 4.071, 4.44, 3.956, 6.285, 8.548, 7.746, 9.398, 11.86, 12.248, 11.21, 9.503, 8.477, 8.791, 7.841, 7.137, 8.01, 8.079, 5.208, 4.506, 5.359, 5.516, 3.601, 3.964, 3.528, 3.466, 3.976, 3.919, 3.909, 3.76, 4.119, 4.292, 3.258, 2.993, 2.107, 4.031, 6.299, 7.624, 7.497, 6.878, 6.314, 6.118, 5.38, 3.857, 3.113, 3.214, 4.222, 6.794, 9.533, 10.829, 11.982, 12.616, 12.499, 12.613, 12.89, 13.189, 11.82, 10.786, 11.685, 11.798, 9.991, 7.838, 7.176, 7.507, 7.728, 6.079, 4.687, 5.317, 5.664, 5.087, 4.65, 4.269, 3.996, 3.251, 4.782, 6.637, 4.984, 3.506, 2.479, 2.544, 3.685, 5.079, 6.132, 4.986, 5.03, 6.253, 6.843, 6.768, 7.44, 7.832, 6.941, 5.313, 5.072, 5.132, 4.588, 5.029, 6.333, 7.027, 7.524, 7.312, 6.813, 5.049, 4.829, 5.755, 5.31, 4.489, 3.738, 5.528, 7.108, 7.377, 7.2, 6.329, 5.509, 6.072, 6.189, 5.637, 6.413, 6.47, 6.406, 5.304, 5.821, 6.397, 8.183, 9.267, 9.829, 10.725, 11.586, 11.029, 10.453, 10.905, 11.125, 10.833, 10.701, 11.072, 11.191, 12.114, 12.64, 12.101, 10.867, 9.627, 11.198, 11.203], [13.471, 11.215, 13.764, 16.048, 15.678, 14.551, 15.904, 17.344, 13.689, 7.366, 4.748, 5.85, 3.95, 2.988, 4.537, 4.361, 4.354, 4.97, 4.444, 3.16, 1.894, 1.277, 0.0, 2.253, 2.927, 2.611, 2.595, 2.246, 2.446, 2.955, 3.13, 4.27, 4.088, 2.683, 3.455, 4.302, 3.153, 3.474, 3.109, 2.634, 2.539, 5.168, 4.523, 3.511, 4.515, 3.715, 3.102, 6.615, 8.943, 9.36, 10.101, 10.23, 10.551, 10.612, 10.288, 10.082, 11.194, 12.277, 12.254, 11.72, 10.261, 7.703, 4.782, 4.067, 3.538, 3.93, 4.36, 3.634, 5.48, 7.703, 6.923, 8.562, 11.016, 11.359, 10.34, 8.661, 7.681, 7.942, 6.968, 6.256, 7.147, 7.22, 4.462, 4.038, 4.66, 5.092, 3.637, 3.87, 3.442, 3.323, 3.814, 4.091, 3.884, 3.851, 4.044, 4.182, 3.335, 3.188, 2.567, 4.483, 6.837, 8.279, 8.212, 7.59, 7.108, 6.94, 6.162, 4.39, 3.822, 3.901, 5.043, 7.654, 10.392, 11.7, 12.849, 13.479, 13.362, 13.472, 13.748, 14.051, 12.679, 11.656, 12.55, 12.661, 10.852, 8.641, 7.797, 8.126, 8.369, 6.755, 5.337, 5.621, 6.087, 5.615, 5.202, 4.826, 4.474, 3.673, 3.94, 5.778, 4.172, 3.538, 2.626, 2.683, 3.931, 5.633, 6.696, 5.543, 5.603, 6.833, 7.438, 7.381, 8.12, 8.635, 7.799, 6.076, 5.71, 5.742, 5.164, 5.543, 6.901, 7.617, 8.154, 7.917, 7.455, 5.691, 5.273, 6.237, 5.743, 4.867, 4.336, 6.127, 7.794, 8.11, 7.891, 6.737, 5.827, 6.604, 6.849, 6.221, 7.046, 7.175, 7.12, 5.906, 6.508, 6.989, 8.755, 10.066, 10.674, 11.585, 12.445, 11.886, 11.303, 11.751, 11.973, 11.669, 11.56, 11.88, 12.021, 12.949, 13.509, 12.936, 11.627, 10.346, 11.904, 11.931], [11.628, 9.344, 11.715, 14.171, 13.801, 12.708, 14.061, 15.501, 11.869, 5.557, 2.997, 4.094, 2.503, 3.024, 5.126, 5.427, 5.796, 6.595, 6.068, 3.7, 2.684, 3.029, 2.253, 0.0, 1.079, 0.968, 1.013, 1.348, 2.281, 2.791, 3.256, 4.37, 4.557, 3.854, 2.475, 2.972, 3.044, 4.624, 4.547, 2.914, 1.712, 3.512, 3.459, 3.619, 4.7, 3.726, 4.308, 8.408, 10.839, 11.184, 11.79, 11.868, 12.349, 12.335, 12.059, 11.775, 12.892, 14.023, 14.216, 13.687, 12.2, 9.52, 6.23, 5.034, 4.9, 5.074, 5.564, 4.717, 3.81, 5.883, 5.104, 6.722, 9.103, 9.415, 8.489, 6.637, 5.537, 5.921, 5.073, 4.419, 5.394, 5.377, 3.351, 3.44, 3.839, 4.078, 3.644, 4.622, 4.097, 3.687, 3.267, 3.73, 3.583, 3.193, 3.354, 3.727, 3.643, 3.448, 3.321, 5.025, 8.0, 9.887, 9.578, 8.734, 8.884, 9.002, 8.154, 6.302, 4.786, 4.762, 6.717, 9.592, 12.372, 13.795, 14.808, 15.397, 15.288, 15.383, 15.682, 15.969, 14.593, 13.601, 14.529, 14.628, 12.904, 10.575, 9.398, 9.717, 10.114, 7.773, 6.065, 6.872, 7.287, 6.209, 5.244, 5.204, 5.297, 4.122, 3.112, 4.012, 3.117, 2.731, 3.06, 4.233, 5.604, 7.505, 8.476, 7.375, 7.597, 8.819, 9.444, 9.293, 9.874, 10.535, 9.787, 8.083, 7.458, 7.406, 6.767, 7.154, 8.596, 9.269, 9.743, 9.537, 9.127, 7.435, 7.023, 8.146, 7.601, 6.137, 5.976, 7.972, 9.553, 10.024, 9.73, 8.384, 7.383, 8.198, 8.506, 7.845, 8.704, 8.997, 8.809, 7.351, 8.349, 8.774, 10.637, 12.087, 12.77, 13.59, 14.409, 13.796, 13.145, 13.636, 13.909, 13.5, 13.402, 13.664, 13.834, 14.822, 15.533, 15.025, 13.794, 12.533, 14.081, 14.113], [11.089, 8.805, 11.161, 13.632, 13.261, 12.168, 13.522, 14.961, 11.336, 5.049, 2.824, 3.921, 2.373, 3.458, 5.506, 6.129, 6.598, 7.38, 6.874, 4.386, 3.328, 3.666, 2.927, 1.079, 0.0, 0.907, 0.741, 1.513, 2.595, 2.62, 3.369, 4.801, 5.31, 4.47, 2.769, 2.963, 3.659, 5.36, 5.325, 3.554, 2.225, 3.318, 3.331, 4.081, 5.168, 3.808, 4.841, 8.926, 11.411, 11.861, 12.356, 12.44, 12.879, 12.881, 12.614, 12.391, 13.517, 14.608, 14.778, 14.264, 12.78, 10.081, 6.772, 5.728, 5.594, 5.782, 6.231, 5.254, 3.578, 5.35, 4.571, 6.189, 8.56, 8.866, 7.95, 6.084, 5.027, 5.382, 4.716, 4.29, 4.974, 4.898, 3.727, 4.014, 4.186, 4.061, 4.446, 5.44, 4.848, 4.462, 3.709, 4.139, 4.179, 3.573, 3.548, 4.111, 4.202, 4.008, 3.783, 5.725, 8.793, 10.584, 10.278, 9.416, 9.531, 9.564, 8.83, 6.947, 5.436, 5.468, 7.344, 10.208, 12.936, 14.331, 15.375, 15.951, 15.834, 15.937, 16.245, 16.523, 15.147, 14.177, 15.099, 15.136, 13.44, 11.145, 10.143, 10.502, 10.878, 8.462, 6.694, 7.575, 8.06, 6.88, 5.409, 5.625, 5.949, 4.739, 3.171, 3.944, 3.389, 3.334, 3.691, 4.947, 6.291, 8.13, 9.0, 7.944, 8.228, 9.506, 10.032, 9.833, 10.524, 11.112, 10.351, 8.603, 7.983, 7.979, 7.303, 7.696, 9.139, 9.878, 10.309, 10.097, 9.735, 7.985, 7.729, 8.803, 8.278, 6.839, 6.707, 8.602, 10.164, 10.622, 10.372, 8.985, 7.934, 8.749, 9.093, 8.42, 9.293, 9.658, 9.426, 7.96, 8.953, 9.407, 11.345, 12.645, 13.312, 14.134, 14.987, 14.346, 13.684, 14.192, 14.487, 14.04, 13.953, 14.236, 14.428, 15.394, 16.077, 15.561, 14.34, 13.154, 14.776, 14.797], [11.498, 9.213, 11.564, 14.041, 13.67, 12.577, 13.931, 15.37, 11.743, 5.458, 3.05, 4.162, 2.641, 3.28, 5.398, 5.846, 6.285, 7.105, 6.642, 4.187, 3.002, 3.299, 2.611, 0.968, 0.907, 0.0, 0.833, 1.326, 2.421, 2.802, 3.34, 4.575, 4.928, 4.034, 2.747, 3.137, 3.253, 4.994, 4.937, 3.235, 1.976, 3.647, 3.635, 3.972, 5.004, 3.821, 4.337, 8.413, 10.87, 11.393, 11.841, 12.011, 12.449, 12.503, 12.222, 11.957, 13.097, 14.261, 14.412, 13.887, 12.397, 9.624, 6.31, 5.383, 5.269, 5.392, 5.77, 4.873, 3.591, 5.757, 4.978, 6.596, 8.967, 9.271, 8.358, 6.469, 5.384, 5.79, 4.99, 4.47, 5.447, 5.248, 3.608, 3.768, 4.09, 4.148, 4.142, 5.172, 4.521, 4.093, 3.329, 3.671, 3.783, 3.33, 3.364, 3.72, 3.694, 3.514, 3.313, 5.404, 8.553, 10.277, 9.971, 9.122, 9.141, 9.209, 8.469, 6.598, 5.094, 5.226, 6.968, 9.818, 12.569, 13.996, 15.004, 15.583, 15.468, 15.569, 15.87, 16.155, 14.778, 13.801, 14.728, 14.811, 13.105, 10.772, 9.918, 10.287, 10.645, 8.234, 6.385, 7.134, 7.697, 6.555, 5.29, 5.385, 5.574, 4.373, 3.306, 4.21, 3.45, 3.185, 3.345, 4.542, 5.837, 7.618, 8.515, 7.502, 7.755, 9.107, 9.638, 9.386, 10.09, 10.735, 9.984, 8.216, 7.569, 7.545, 6.787, 7.237, 8.717, 9.38, 9.835, 9.571, 9.236, 7.506, 7.351, 8.324, 7.786, 6.417, 6.217, 8.222, 9.76, 10.295, 9.983, 8.494, 7.459, 8.238, 8.599, 7.923, 8.763, 9.248, 9.035, 7.527, 8.555, 8.992, 10.976, 12.278, 12.977, 13.778, 14.609, 13.98, 13.275, 13.819, 14.11, 13.648, 13.555, 13.824, 14.027, 14.999, 15.721, 15.226, 14.002, 12.786, 14.429, 14.45], [11.633, 9.348, 11.699, 14.176, 13.805, 12.712, 14.066, 15.505, 11.869, 5.564, 3.085, 4.174, 2.564, 3.449, 5.373, 5.922, 6.411, 7.145, 6.646, 4.167, 2.965, 3.247, 2.595, 1.013, 0.741, 0.833, 0.0, 1.046, 2.357, 2.594, 3.404, 4.705, 5.156, 4.319, 2.756, 3.107, 3.557, 5.284, 5.146, 3.426, 2.066, 3.526, 3.546, 3.948, 5.104, 3.892, 4.594, 8.66, 11.174, 11.602, 12.087, 12.089, 12.494, 12.617, 12.337, 11.973, 13.104, 14.134, 14.263, 13.743, 12.284, 9.579, 6.497, 5.