[[0.0, 1.341, 2.585, 2.418, 1.939, 2.798, 3.332, 4.0, 5.633, 6.575, 6.943, 7.543, 7.83, 8.209, 9.241, 9.095, 7.379, 4.308, 4.013, 6.845, 9.09, 8.404, 7.67, 7.066, 6.418, 6.84, 7.273, 6.779, 6.137, 6.204, 7.067, 8.591, 8.503, 8.143, 8.273, 9.137, 11.046, 10.982, 10.466, 8.293, 7.93, 8.221, 7.07, 5.597, 5.4, 5.33, 6.641, 9.462, 9.727, 8.595, 6.836, 5.054, 3.376, 2.356, 2.284, 3.12, 3.398, 3.513, 3.669, 4.054, 3.748, 3.334, 3.176, 3.391, 5.331, 6.581, 8.099, 8.894, 8.171, 7.606, 6.817, 7.688, 8.923, 7.507, 5.55, 4.948, 4.843, 5.421, 6.802, 6.785, 6.791, 10.489, 15.23, 14.677, 13.887, 14.443, 10.687, 5.445, 4.662, 4.693, 5.74, 7.286, 8.22, 8.655, 10.125, 10.742, 9.998, 9.802, 9.5, 8.537, 7.792, 7.52, 7.363, 7.636, 8.302, 7.269, 6.476, 6.649, 9.275, 11.395, 11.88, 11.737, 12.553, 13.229, 12.014, 10.436, 10.216, 11.587, 11.781, 11.207, 10.981, 11.094, 11.699, 11.774, 11.287, 10.965, 11.326, 11.996, 11.412, 9.489, 8.302, 7.61, 6.981, 6.697, 7.302, 5.7, 4.471, 3.904, 3.495, 4.002, 3.987, 3.587, 3.923, 6.268, 7.182, 7.067], [1.341, 0.0, 2.243, 1.971, 1.971, 2.835, 3.445, 3.965, 5.54, 6.514, 6.889, 7.471, 7.753, 8.148, 9.18, 9.034, 7.254, 4.175, 3.896, 6.76, 9.024, 8.353, 7.601, 6.983, 5.845, 6.096, 6.469, 5.943, 5.326, 5.395, 6.194, 7.73, 7.569, 7.39, 7.284, 8.168, 10.046, 10.028, 9.392, 7.313, 8.034, 8.332, 7.183, 5.742, 5.556, 5.508, 6.76, 9.502, 9.798, 8.671, 6.91, 5.088, 2.756, 1.99, 1.911, 2.5, 3.162, 3.682, 3.881, 3.726, 3.477, 3.425, 3.004, 2.991, 5.092, 6.543, 8.048, 8.758, 7.874, 7.228, 6.424, 7.467, 8.833, 7.29, 5.167, 4.647, 4.666, 5.197, 6.731, 6.733, 6.668, 10.313, 15.107, 14.588, 13.79, 14.364, 10.6, 5.03, 3.884, 4.028, 4.976, 6.516, 7.467, 7.917, 9.409, 9.995, 9.265, 9.067, 8.794, 7.827, 7.179, 6.903, 6.679, 6.991, 7.707, 6.545, 5.755, 6.598, 9.179, 11.313, 11.735, 11.59, 12.384, 13.083, 11.883, 10.288, 10.133, 11.476, 11.64, 11.104, 10.882, 10.916, 11.559, 11.635, 11.129, 10.826, 11.175, 11.867, 11.349, 9.546, 8.355, 7.731, 7.058, 6.637, 7.308, 5.722, 4.873, 4.385, 4.137, 4.182, 3.833, 3.389, 3.765, 6.198, 7.083, 7.003], [2.585, 2.243, 0.0, 1.23, 1.908, 2.142, 2.452, 2.896, 3.881, 4.612, 5.223, 5.527, 5.713, 6.093, 7.191, 7.019, 5.174, 2.592, 2.345, 4.79, 6.998, 6.363, 5.584, 4.941, 4.485, 5.213, 6.056, 5.937, 5.174, 5.177, 6.015, 7.467, 7.979, 8.249, 7.887, 8.093, 9.916, 9.922, 9.417, 8.441, 10.167, 10.459, 9.312, 7.863, 7.688, 7.577, 8.875, 11.531, 11.869, 10.588, 8.896, 7.172, 4.782, 3.543, 3.419, 3.858, 4.867, 5.228, 5.333, 5.435, 4.908, 4.835, 3.942, 2.229, 3.177, 4.542, 6.057, 6.836, 6.031, 5.519, 4.705, 5.612, 6.856, 5.399, 3.528, 3.254, 2.917, 3.404, 5.067, 5.275, 5.192, 8.181, 13.013, 12.524, 11.726, 12.321, 8.558, 3.512, 4.0, 4.527, 5.06, 5.744, 6.493, 6.822, 8.282, 8.824, 8.072, 7.915, 7.544, 6.549, 5.819, 5.444, 5.399, 5.617, 6.394, 5.538, 4.652, 4.606, 7.041, 9.546, 9.847, 9.563, 10.311, 11.177, 9.751, 8.175, 8.075, 9.406, 9.545, 9.155, 9.106, 8.851, 9.443, 9.507, 9.182, 8.797, 9.317, 10.114, 9.921, 8.36, 7.31, 6.754, 5.93, 5.384, 6.094, 5.076, 3.981, 3.741, 3.688, 3.418, 2.679, 1.982, 2.618, 4.945, 5.811, 5.89], [2.418, 1.971, 1.23, 0.0, 1.273, 1.791, 2.155, 2.515, 3.866, 4.842, 5.284, 5.832, 6.156, 6.464, 7.499, 7.371, 5.651, 2.479, 2.334, 5.0, 7.26, 6.582, 5.795, 5.127, 4.379, 4.997, 5.966, 5.506, 4.843, 4.928, 5.911, 7.376, 7.554, 7.711, 7.409, 8.002, 9.938, 9.841, 9.448, 8.177, 9.667, 10.024, 8.801, 7.34, 7.114, 6.992, 8.356, 11.107, 11.394, 10.026, 8.325, 6.548, 4.213, 3.052, 2.937, 3.434, 4.31, 4.678, 4.728, 4.857, 4.333, 4.199, 3.229, 1.814, 3.462, 4.714, 6.236, 7.038, 6.283, 5.627, 4.799, 5.688, 7.069, 5.597, 3.643, 3.165, 3.097, 3.543, 5.078, 5.144, 5.096, 8.625, 13.35, 12.861, 12.187, 12.69, 8.792, 3.365, 3.298, 3.628, 4.438, 5.437, 6.247, 6.538, 7.953, 8.558, 7.839, 7.651, 7.318, 6.327, 5.64, 5.392, 5.21, 5.489, 6.219, 5.244, 4.371, 4.883, 7.447, 9.835, 10.319, 9.984, 10.834, 11.576, 10.268, 8.709, 8.514, 9.881, 10.043, 9.407, 9.379, 9.249, 9.911, 10.021, 9.624, 9.265, 9.773, 10.447, 9.982, 8.371, 7.259, 6.651, 5.828, 5.399, 6.148, 4.797, 3.611, 3.369, 3.259, 3.154, 2.521, 2.022, 2.383, 4.864, 5.867, 5.868], [1.939, 1.971, 1.908, 1.273, 0.0, 1.58, 2.126, 2.832, 4.379, 5.432, 5.727, 6.432, 6.734, 6.956, 8.034, 7.939, 6.29, 3.119, 2.781, 5.457, 7.722, 7.049, 6.195, 5.615, 4.797, 5.182, 6.184, 5.81, 5.264, 5.398, 6.271, 7.639, 7.873, 7.91, 7.799, 8.428, 10.352, 10.173, 9.936, 8.357, 9.165, 9.521, 8.287, 6.805, 6.545, 6.365, 7.841, 10.61, 10.893, 9.473, 7.696, 5.891, 3.712, 2.522, 2.366, 3.32, 3.769, 4.099, 4.126, 4.279, 3.777, 3.632, 2.796, 1.873, 3.858, 5.114, 6.672, 7.265, 6.636, 5.916, 5.121, 5.969, 7.417, 5.965, 4.002, 3.401, 3.376, 4.174, 5.583, 5.627, 5.637, 9.289, 14.008, 13.397, 12.818, 13.301, 9.416, 3.785, 3.247, 3.394, 4.554, 5.73, 6.573, 7.001, 8.295, 8.953, 8.25, 7.983, 7.678, 6.694, 5.976, 5.689, 5.537, 5.818, 6.575, 5.617, 4.86, 5.527, 8.104, 10.428, 10.989, 10.632, 11.519, 12.248, 10.9, 9.372, 9.137, 10.503, 10.675, 10.057, 10.025, 9.963, 10.588, 10.663, 10.309, 9.939, 10.443, 11.048, 10.51, 8.882, 7.711, 7.008, 6.225, 5.95, 6.676, 4.907, 3.839, 3.32, 3.059, 3.328, 3.005, 2.603, 2.911, 5.378, 6.388, 6.366], [2.798, 2.835, 2.142, 1.791, 1.58, 0.0, 1.296, 1.746, 3.299, 4.241, 4.67, 5.436, 5.516, 5.79, 6.862, 6.722, 5.252, 2.636, 2.361, 4.419, 6.669, 6.017, 5.246, 4.93, 4.469, 5.47, 6.73, 6.437, 5.868, 5.829, 6.744, 8.177, 8.352, 8.592, 8.479, 9.164, 10.944, 10.7, 10.521, 9.064, 10.216, 10.578, 9.338, 7.912, 7.694, 7.401, 8.803, 11.715, 12.023, 10.427, 8.679, 6.862, 4.86, 3.485, 3.213, 4.27, 4.904, 4.98, 4.981, 5.138, 4.701, 4.609, 3.702, 2.549, 3.217, 4.16, 5.765, 6.304, 5.958, 5.078, 4.625, 5.19, 6.441, 5.057, 3.538, 3.116, 3.204, 3.422, 4.504, 4.545, 4.965, 8.45, 13.038, 12.415, 11.743, 12.435, 8.495, 3.352, 3.903, 4.22, 5.264, 5.901, 6.437, 6.789, 8.096, 8.581, 7.808, 7.664, 7.25, 6.262, 5.515, 5.289, 5.191, 5.441, 6.298, 5.628, 4.666, 4.631, 7.27, 9.65, 10.163, 9.8, 10.66, 11.429, 9.965, 8.516, 8.019, 9.527, 9.715, 9.359, 9.262, 9.178, 9.73, 9.753, 9.409, 9.044, 9.643, 10.366, 9.812, 8.168, 6.977, 6.253, 5.574, 5.276, 5.95, 4.318, 3.025, 2.79, 2.584, 2.743, 2.399, 2.375, 2.375, 4.77, 5.638, 5.638], [3.332, 3.445, 2.452, 2.155, 2.126, 1.296, 0.0, 1.019, 2.493, 3.455, 4.056, 4.57, 4.688, 5.0, 6.056, 5.91, 4.452, 2.109, 1.853, 3.768, 5.999, 5.397, 4.625, 4.307, 4.242, 5.441, 6.86, 6.63, 6.21, 6.267, 7.036, 8.423, 8.696, 9.082, 8.899, 9.312, 11.094, 11.059, 10.905, 9.876, 11.026, 11.389, 10.153, 8.689, 8.525, 8.234, 9.622, 12.504, 12.799, 11.262, 9.524, 7.755, 5.658, 4.19, 3.99, 5.002, 5.631, 5.834, 5.872, 5.997, 5.434, 5.408, 4.26, 2.653, 2.765, 3.592, 5.139, 5.876, 5.419, 4.793, 4.509, 4.88, 5.964, 4.678, 3.07, 2.875, 2.783, 2.732, 3.824, 3.935, 4.277, 7.604, 12.268, 11.693, 11.013, 11.631, 7.75, 3.022, 3.951, 4.454, 5.245, 5.56, 6.197, 6.527, 7.787, 8.315, 7.516, 7.376, 6.968, 5.972, 5.283, 5.06, 4.941, 5.046, 5.998, 5.375, 4.414, 3.864, 6.468, 8.856, 9.363, 8.976, 9.831, 10.627, 9.035, 7.642, 7.208, 8.671, 8.903, 8.668, 8.516, 8.4, 8.877, 8.892, 8.554, 8.162, 8.789, 9.59, 9.087, 7.513, 6.334, 5.583, 5.034, 4.552, 5.343, 3.666, 2.574, 2.453, 2.264, 2.227, 1.925, 1.882, 1.849, 4.21, 5.04, 4.96], [4.0, 3.965, 2.896, 2.515, 2.832, 1.746, 1.019, 0.0, 1.716, 2.722, 3.307, 3.849, 3.954, 4.271, 5.303, 5.157, 3.734, 1.738, 1.741, 3.378, 5.326, 4.719, 4.196, 4.131, 4.319, 5.805, 7.227, 6.991, 6.491, 6.634, 7.422, 8.753, 8.994, 9.421, 9.284, 9.688, 11.393, 11.454, 11.342, 10.335, 11.762, 12.12, 10.879, 9.435, 9.251, 8.971, 10.321, 13.225, 13.532, 11.975, 10.264, 8.516, 6.275, 4.892, 4.742, 5.537, 6.366, 6.566, 6.616, 6.752, 6.213, 6.133, 4.92, 3.002, 2.607, 3.119, 4.455, 5.28, 4.928, 4.727, 4.743, 4.746, 5.332, 4.084, 3.011, 2.928, 2.626, 2.131, 3.117, 3.124, 3.458, 6.881, 11.523, 10.997, 10.277, 10.918, 7.026, 2.932, 4.414, 4.889, 5.241, 5.566, 6.264, 6.58, 7.784, 8.273, 7.563, 7.327, 6.974, 6.015, 5.271, 5.141, 5.01, 5.123, 6.009, 5.407, 4.377, 3.472, 5.727, 8.116, 8.54, 8.188, 9.076, 9.871, 8.312, 6.907, 6.484, 7.95, 8.183, 7.855, 7.728, 7.647, 8.166, 8.163, 7.731, 7.366, 8.007, 8.807, 8.274, 6.657, 5.501, 4.802, 4.264, 3.688, 4.523, 3.025, 1.953, 2.176, 2.382, 1.88, 1.58, 1.754, 1.598, 3.405, 4.232, 4.131], [5.633, 5.54, 3.881, 3.866, 4.379, 3.299, 2.493, 1.716, 0.0, 1.56, 2.136, 2.429, 2.532, 2.802, 3.732, 3.579, 2.429, 2.047, 2.243, 2.336, 3.797, 3.21, 3.772, 3.681, 4.31, 6.353, 8.039, 8.077, 7.391, 7.568, 8.173, 9.165, 9.811, 10.449, 10.477, 10.421, 11.698, 11.983, 12.046, 11.741, 13.372, 13.723, 12.478, 11.042, 10.818, 10.58, 11.976, 14.845, 15.152, 13.579, 11.855, 10.094, 7.801, 6.461, 6.271, 6.918, 7.916, 8.155, 8.201, 8.34, 7.763, 7.756, 6.541, 4.317, 2.709, 2.75, 3.227, 4.159, 3.976, 4.645, 4.925, 4.564, 4.274, 3.07, 2.899, 3.093, 2.744, 1.675, 1.861, 2.05, 2.276, 5.359, 9.964, 9.432, 8.735, 9.375, 5.56, 2.925, 5.851, 6.426, 5.686, 5.195, 5.909, 6.166, 6.988, 7.667, 7.159, 6.578, 6.311, 5.489, 5.245, 4.697, 4.868, 4.716, 5.503, 4.946, 4.331, 2.751, 4.17, 6.76, 7.058, 6.613, 7.525, 8.45, 6.766, 5.358, 4.918, 6.415, 6.636, 6.341, 6.277, 6.113, 6.655, 6.604, 6.162, 5.832, 6.606, 7.492, 7.085, 5.538, 4.503, 3.863, 3.276, 2.571, 3.384, 2.354, 2.558, 3.136, 3.5, 2.807, 2.314, 2.683, 2.275, 2.376, 3.154, 3.11], [6.575, 6.514, 4.612, 4.842, 5.432, 4.241, 3.455, 2.722, 1.56, 0.0, 1.261, 1.999, 1.487, 1.703, 2.672, 2.586, 1.937, 2.536, 2.923, 2.395, 3.379, 2.883, 3.874, 4.237, 4.878, 6.927, 8.633, 8.705, 8.145, 8.212, 8.793, 9.703, 10.318, 11.239, 11.185, 11.178, 12.357, 12.569, 12.688, 12.61, 14.372, 14.733, 13.482, 12.063, 11.882, 11.614, 12.951, 15.852, 16.158, 14.51, 12.836, 10.994, 8.865, 7.364, 7.107, 7.941, 8.966, 9.105, 9.02, 9.054, 8.693, 8.716, 7.542, 5.198, 3.42, 3.077, 3.522, 4.623, 4.775, 5.148, 5.478, 5.071, 4.579, 3.774, 3.682, 3.657, 3.227, 1.975, 1.535, 1.609, 2.047, 4.832, 9.19, 8.641, 7.972, 8.677, 4.943, 3.782, 6.724, 7.429, 6.56, 6.119, 6.472, 6.753, 7.604, 8.326, 7.744, 7.193, 6.921, 6.038, 5.682, 5.29, 5.419, 5.437, 6.159, 5.64, 5.182, 3.57, 3.358, 5.957, 6.419, 5.925, 6.815, 7.711, 5.955, 4.675, 4.005, 5.686, 6.097, 5.901, 5.847, 5.741, 6.019, 5.908, 5.559, 5.235, 5.972, 6.792, 6.415, 4.883, 3.888, 3.722, 3.016, 2.472, 2.766, 2.377, 2.875, 3.856, 4.058, 3.347, 3.243, 3.586, 3.219, 2.039, 2.562, 2.531], [6.943, 6.889, 5.223, 5.284, 5.727, 4.67, 4.056, 3.307, 2.136, 1.261, 0.0, 1.722, 1.524, 1.781, 2.548, 2.418, 1.922, 3.066, 3.611, 2.686, 3.308, 2.915, 4.102, 4.434, 5.25, 7.253, 9.443, 9.442, 8.633, 8.82, 9.482, 10.19, 10.526, 11.215, 11.634, 11.926, 12.709, 12.934, 13.142, 13.01, 14.726, 15.097, 13.845, 12.395, 12.199, 11.914, 13.326, 16.226, 16.521, 14.875, 13.147, 11.203, 9.181, 7.555, 7.415, 8.524, 9.312, 9.445, 9.402, 9.442, 8.99, 9.093, 7.921, 5.65, 3.952, 3.382, 3.641, 4.766, 4.992, 5.446, 5.802, 5.298, 4.772, 4.031, 4.136, 4.467, 4.068, 2.6, 1.657, 1.394, 1.637, 4.43, 8.88, 8.197, 7.563, 8.202, 4.442, 4.107, 7.348, 7.786, 6.456, 6.297, 6.821, 7.126, 7.697, 8.572, 8.029, 7.273, 7.01, 6.224, 5.873, 5.54, 5.72, 5.664, 6.456, 5.986, 5.429, 3.828, 3.085, 5.401, 5.957, 5.553, 6.463, 7.219, 5.683, 4.288, 3.706, 5.317, 5.676, 5.352, 5.255, 5.288, 5.645, 5.517, 5.225, 4.837, 5.392, 6.106, 5.664, 4.16, 3.275, 3.107, 2.382, 2.004, 2.08, 2.198, 3.232, 4.221, 4.418, 3.715, 3.639, 3.985, 3.621, 1.676, 1.919, 2.156], [7.543, 7.471, 5.527, 5.832, 6.432, 5.436, 4.57, 3.849, 2.429, 1.999, 1.722, 0.0, 1.674, 1.747, 2.081, 1.633, 1.389, 3.631, 4.064, 2.327, 2.731, 2.387, 3.791, 3.885, 4.638, 7.407, 9.41, 9.61, 9.132, 9.271, 9.735, 10.563, 11.114, 11.8, 12.244, 11.91, 12.431, 12.93, 13.033, 13.539, 15.352, 15.717, 14.465, 13.018, 12.854, 12.605, 13.95, 16.809, 17.123, 15.605, 13.853, 12.181, 9.868, 8.467, 8.339, 8.926, 9.944, 10.199, 10.227, 10.309, 9.838, 9.762, 8.518, 6.096, 3.808, 3.442, 2.978, 4.077, 3.957, 5.075, 5.769, 4.921, 4.092, 3.216, 4.038, 4.58, 4.047, 2.595, 1.625, 1.497, 1.692, 3.23, 7.815, 7.357, 6.671, 7.314, 3.573, 4.233, 7.703, 8.44, 6.681, 5.61, 6.086, 6.31, 7.031, 7.792, 7.316, 6.701, 6.431, 5.764, 5.618, 4.998, 5.116, 4.954, 5.71, 5.153, 4.664, 3.118, 2.251, 4.902, 5.144, 4.668, 5.509, 6.507, 4.658, 3.259, 2.799, 4.222, 4.517, 4.351, 4.253, 4.201, 4.509, 4.477, 4.27, 3.932, 4.722, 5.665, 5.357, 3.887, 3.282, 2.934, 2.129, 1.815, 1.998, 2.513, 3.912, 4.868, 5.008, 4.477, 4.344, 4.542, 4.174, 1.898, 1.881, 2.33], [7.83, 7.753, 5.713, 6.156, 6.734, 5.516, 4.688, 3.954, 2.532, 1.487, 1.524, 1.674, 0.0, 1.177, 1.831, 1.638, 1.787, 3.755, 4.158, 2.361, 2.896, 2.409, 3.553, 4.023, 4.774, 7.245, 9.492, 9.831, 9.276, 9.211, 9.695, 10.322, 10.905, 11.934, 12.392, 12.209, 12.342, 12.675, 13.002, 13.795, 15.623, 15.983, 14.732, 13.316, 13.184, 12.904, 14.196, 17.103, 17.408, 15.824, 14.138, 12.198, 10.167, 8.634, 8.347, 9.249, 10.268, 10.368, 10.306, 10.31, 9.977, 9.982, 8.792, 6.377, 4.065, 3.145, 3.26, 4.359, 4.508, 4.857, 5.386, 4.791, 4.107, 3.672, 4.3, 4.438, 4.113, 2.998, 1.818, 1.858, 2.208, 3.969, 8.102, 7.712, 6.962, 7.769, 4.134, 4.515, 7.935, 8.738, 7.08, 6.102, 6.213, 6.546, 7.216, 7.986, 7.353, 6.744, 6.455, 5.698, 5.533, 5.175, 5.349, 5.314, 6.075, 5.567, 5.19, 3.612, 2.55, 5.179, 5.536, 5.071, 5.871, 6.848, 4.975, 3.748, 3.129, 4.809, 5.23, 5.229, 5.06, 4.981, 5.181, 5.005, 4.648, 4.333, 5.035, 5.938, 5.648, 4.342, 3.714, 3.717, 3.019, 2.573, 2.635, 3.228, 4.11, 5.091, 5.306, 4.589, 4.419, 4.799, 4.409, 2.249, 2.458, 2.726], [8.209, 8.148, 6.093, 6.464, 6.956, 5.79, 5.0, 4.271, 2.802, 1.703, 1.781, 1.747, 1.177, 0.0, 1.394, 1.488, 1.601, 4.086, 4.42, 2.179, 2.547, 2.133, 3.109, 3.689, 4.61, 7.171, 9.689, 10.162, 9.581, 9.513, 9.888, 10.222, 11.186, 12.319, 12.73, 12.471, 12.432, 12.605, 13.159, 14.138, 15.972, 16.35, 15.111, 13.663, 13.461, 13.18, 14.576, 17.482, 17.788, 16.105, 14.399, 12.352, 10.377, 8.785, 8.5, 9.541, 10.546, 10.694, 10.585, 10.557, 10.205, 10.331, 9.169, 6.756, 4.263, 3.096, 3.052, 4.179, 4.52, 4.519, 5.332, 4.372, 3.956, 3.538, 4.486, 4.673, 4.407, 3.271, 2.245, 1.95, 2.618, 4.027, 8.198, 7.641, 7.065, 7.742, 4.258, 4.732, 8.323, 9.046, 7.268, 6.161, 5.999, 6.446, 7.051, 7.812, 7.139, 6.44, 6.167, 5.377, 5.257, 4.959, 5.0, 5.135, 5.927, 5.448, 5.065, 3.45, 2.466, 5.238, 5.565, 4.988, 5.877, 6.914, 4.982, 3.73, 3.055, 4.842, 5.279, 5.238, 5.145, 5.183, 5.361, 4.966, 4.561, 4.352, 5.193, 6.183, 5.957, 4.673, 4.047, 4.123, 3.146, 2.762, 2.968, 3.427, 4.499, 5.484, 5.687, 4.982, 4.814, 5.194, 4.804, 2.715, 2.611, 2.963], [9.241, 9.18, 7.191, 7.499, 8.034, 6.862, 6.056, 5.303, 3.732, 2.672, 2.548, 2.081, 1.831, 1.394, 0.0, 1.354, 2.505, 5.122, 5.452, 2.97, 2.97, 2.664, 3.755, 4.564, 5.624, 8.337, 10.519, 11.174, 10.656, 10.551, 11.064, 11.456, 12.189, 13.346, 13.777, 13.627, 13.478, 13.479, 14.361, 15.184, 17.025, 17.388, 16.139, 14.719, 14.519, 14.258, 15.603, 18.51, 18.815, 17.116, 15.48, 13.481, 11.448, 9.912, 9.63, 10.54, 11.55, 11.742, 11.643, 11.562, 11.309, 11.378, 10.199, 7.784, 5.483, 4.07, 3.604, 4.715, 5.123, 5.335, 6.33, 5.399, 4.473, 4.236, 5.668, 5.711, 5.438, 4.321, 2.924, 2.627, 3.165, 3.94, 7.784, 7.421, 6.852, 7.546, 4.177, 5.811, 9.331, 10.093, 8.269, 6.987, 6.467, 7.008, 7.472, 8.185, 7.684, 6.701, 6.68, 6.057, 6.026, 5.871, 5.997, 5.888, 6.463, 6.124, 5.986, 4.196, 2.342, 4.95, 5.369, 4.723, 5.606, 6.657, 4.693, 3.539, 2.983, 4.731, 5.233, 5.212, 5.241, 5.327, 5.379, 4.767, 4.315, 4.167, 5.015, 5.814, 5.549, 4.359, 3.864, 4.057, 3.521, 3.302, 3.113, 4.094, 5.531, 6.516, 6.717, 6.014, 5.846, 6.226, 5.836, 3.406, 3.009, 3.001], [9.095, 9.034, 7.019, 7.371, 7.939, 6.722, 5.91, 5.157, 3.579, 2.586, 2.418, 1.633, 1.638, 1.488, 1.354, 0.0, 2.125, 4.971, 5.354, 2.709, 2.757, 2.624, 3.985, 4.279, 5.341, 8.099, 10.393, 11.037, 10.493, 10.447, 10.856, 11.315, 12.09, 13.21, 13.637, 13.368, 13.318, 13.564, 14.116, 15.05, 16.883, 17.252, 16.003, 14.574, 14.389, 14.112, 15.467, 18.374, 18.679, 17.039, 15.344, 13.399, 11.372, 9.836, 9.548, 10.464, 11.473, 11.596, 11.511, 11.485, 11.183, 11.232, 10.063, 7.648, 5.157, 4.079, 3.61, 4.485, 4.881, 5.453, 6.282, 5.337, 4.319, 3.922, 5.314, 5.571, 5.307, 4.146, 2.579, 2.412, 2.713, 3.092, 7.032, 6.58, 5.938, 6.688, 3.384, 5.714, 9.195, 9.952, 8.152, 6.808, 6.465, 6.747, 7.293, 8.042, 7.464, 6.798, 6.497, 6.127, 6.179, 5.783, 5.737, 5.735, 6.33, 6.016, 5.573, 3.927, 1.963, 4.356, 4.524, 3.971, 4.808, 5.916, 3.894, 2.829, 2.304, 3.919, 4.36, 4.398, 4.531, 4.544, 4.639, 4.162, 3.614, 3.395, 4.209, 5.228, 4.918, 3.532, 3.139, 3.323, 3.153, 3.014, 2.546, 3.886, 5.385, 6.37, 6.571, 5.867, 5.7, 6.08, 5.69, 3.221, 2.604, 2.768], [7.379, 7.254, 5.174, 5.651, 6.29, 5.252, 4.452, 3.734, 2.429, 1.937, 1.922, 1.389, 1.787, 1.601, 2.505, 2.125, 0.0, 3.238, 3.721, 2.17, 2.624, 2.265, 3.088, 3.42, 4.11, 6.563, 8.868, 9.364, 8.849, 8.914, 9.347, 10.078, 10.807, 11.539, 12.015, 11.603, 11.562, 12.089, 12.324, 13.314, 15.127, 15.431, 14.229, 12.857, 12.723, 12.46, 13.703, 16.559, 16.894, 15.352, 13.704, 11.979, 9.706, 8.28, 8.135, 8.724, 9.81, 10.021, 10.009, 10.053, 9.643, 9.545, 8.251, 5.842, 3.219, 2.639, 2.67, 3.833, 3.801, 4.376, 4.946, 4.287, 3.755, 2.872, 3.534, 4.141, 3.557, 2.309, 1.891, 1.849, 2.193, 3.527, 7.991, 7.618, 6.83, 7.7, 4.031, 3.947, 7.441, 8.27, 6.442, 5.447, 5.698, 5.848, 6.88, 7.45, 6.857, 6.444, 6.132, 5.351, 5.337, 4.713, 4.695, 4.5, 5.278, 4.999, 4.283, 2.804, 2.442, 5.544, 5.493, 5.04, 5.752, 6.893, 4.896, 3.513, 3.042, 4.474, 4.725, 4.821, 4.703, 4.548, 4.768, 4.743, 4.659, 4.389, 5.263, 6.241, 6.041, 4.734, 3.977, 3.656, 2.567, 2.382, 2.643, 2.713, 3.546, 4.563, 4.735, 4.07, 3.908, 4.257, 3.865, 2.197, 2.26, 2.833], [4.308, 4.175, 2.592, 2.479, 3.119, 2.636, 2.109, 1.738, 2.047, 2.536, 3.066, 3.631, 3.755, 4.086, 5.122, 4.971, 3.238, 0.0, 1.111, 2.842, 5.012, 4.424, 3.703, 4.005, 4.278, 5.51, 7.089, 6.83, 6.186, 6.487, 7.235, 8.411, 8.816, 9.227, 9.161, 9.285, 10.927, 11.122, 10.969, 10.263, 11.984, 12.337, 11.119, 9.697, 9.504, 9.291, 10.631, 13.431, 13.777, 12.277, 10.576, 8.881, 6.528, 5.26, 5.096, 5.603, 6.635, 6.943, 7.0, 7.144, 6.597, 6.477, 5.177, 2.93, 2.266, 2.802, 4.396, 5.525, 4.997, 4.642, 4.369, 4.713, 5.368, 4.195, 3.028, 2.932, 2.147, 1.864, 2.88, 2.956, 3.111, 6.346, 11.029, 10.524, 9.815, 10.382, 6.521, 2.914, 4.636, 5.093, 4.859, 5.529, 6.28, 6.607, 8.008, 8.508, 7.765, 7.644, 7.265, 6.201, 5.513, 5.195, 5.129, 5.304, 6.138, 5.329, 4.394, 3.653, 5.145, 7.618, 8.037, 7.736, 8.555, 9.335, 7.894, 6.387, 6.108, 7.502, 7.641, 7.166, 7.119, 6.986, 7.628, 7.662, 7.346, 6.974, 7.536, 8.3, 7.905, 6.341, 5.299, 4.759, 4.004, 3.514, 4.118, 3.213, 2.149, 2.46, 2.45, 2.167, 1.488, 1.409, 1.245, 2.92, 3.852, 3.889], [4.013, 3.896, 2.345, 2.334, 2.781, 2.361, 1.853, 1.741, 2.243, 2.923, 3.611, 4.064, 4.158, 4.42, 5.452, 5.354, 3.721, 1.111, 0.0, 3.173, 5.307, 4.714, 3.968, 3.843, 4.106, 5.317, 6.841, 6.776, 6.18, 6.333, 7.02, 8.198, 8.91, 9.369, 9.203, 9.145, 10.75, 10.952, 10.815, 10.262, 11.729, 12.09, 10.847, 9.438, 9.234, 9.025, 10.358, 13.192, 13.523, 11.829, 10.266, 8.458, 6.119, 4.842, 4.679, 5.166, 6.225, 6.631, 6.663, 6.709, 6.261, 6.192, 4.904, 2.904, 2.382, 2.99, 4.639, 5.745, 5.166, 4.673, 4.294, 4.758, 5.701, 4.301, 2.918, 2.748, 2.024, 2.324, 3.472, 3.594, 3.819, 6.861, 11.406, 10.759, 10.184, 10.797, 6.988, 2.935, 4.364, 4.915, 5.121, 5.421, 6.108, 6.433, 7.742, 8.292, 7.623, 7.371, 6.975, 5.951, 5.313, 4.948, 4.918, 5.099, 5.87, 5.154, 4.275, 3.613, 5.568, 8.188, 8.54, 8.138, 9.008, 9.878, 8.324, 6.833, 6.481, 7.925, 8.108, 7.602, 7.662, 7.504, 8.067, 8.095, 7.812, 7.431, 8.092, 8.94, 8.599, 7.086, 6.012, 5.585, 4.843, 4.272, 4.86, 3.662, 2.589, 2.655, 2.623, 2.391, 1.747, 1.48, 1.567, 3.69, 4.598, 4.608], [6.845, 6.76, 4.79, 5.0, 5.457, 4.419, 3.768, 3.378, 2.336, 2.395, 2.686, 2.327, 2.361, 2.179, 2.97, 2.709, 2.17, 2.842, 3.173, 0.0, 2.576, 2.118, 1.938, 2.179, 3.249, 5.925, 8.21, 8.61, 8.064, 8.033, 8.49, 8.93, 9.697, 10.766, 11.168, 10.99, 11.227, 11.476, 11.918, 12.577, 14.407, 14.787, 13.543, 12.099, 11.902, 11.626, 13.007, 15.913, 16.219, 14.545, 12.848, 10.788, 8.852, 7.261, 6.968, 7.974, 8.98, 9.139, 9.028, 8.995, 8.675, 8.762, 7.603, 5.187, 2.909, 2.082, 2.413, 3.36, 3.406, 3.339, 4.189, 3.168, 2.985, 2.44, 3.09, 3.249, 2.942, 2.417, 1.972, 2.041, 2.66, 4.753, 9.13, 8.579, 8.077, 8.782, 4.772, 3.27, 6.746, 7.487, 5.747, 4.588, 4.366, 4.799, 5.768, 6.319, 5.57, 5.17, 4.728, 3.942, 3.879, 3.477, 3.54, 3.621, 4.303, 3.828, 3.454, 2.422, 3.693, 6.447, 6.821, 6.303, 7.151, 8.204, 6.324, 4.938, 4.286, 5.837, 6.067, 5.886, 5.861, 5.663, 5.995, 6.178, 5.998, 5.653, 6.44, 7.332, 6.985, 5.557, 5.165, 4.833, 3.18, 2.928, 3.812, 3.758, 3.745, 4.113, 4.561, 4.08, 3.564, 3.808, 3.426, 2.947, 3.305, 4.131], [9.09, 9.024, 6.998, 7.26, 7.722, 6.669, 5.999, 5.326, 3.797, 3.379, 3.308, 2.731, 2.896, 2.547, 2.97, 2.757, 2.624, 5.012, 5.307, 2.576, 0.0, 1.35, 2.616, 2.97, 4.556, 7.3, 10.051, 10.85, 10.318, 10.261, 10.615, 11.103, 12.03, 13.043, 13.468, 13.065, 11.754, 11.96, 12.99, 14.86, 16.685, 17.062, 15.816, 14.374, 14.196, 13.929, 15.28, 18.186, 18.492, 16.748, 15.151, 13.026, 11.027, 9.526, 9.256, 10.138, 11.184, 11.441, 11.333, 11.237, 10.979, 11.044, 9.876, 7.469, 4.805, 3.066, 1.707, 2.094, 2.65, 3.62, 4.827, 3.648, 2.066, 2.685, 5.064, 5.435, 5.05, 4.075, 2.771, 2.858, 3.278, 3.653, 6.88, 6.414, 6.478, 6.922, 4.107, 5.429, 9.011, 9.78, 7.936, 5.943, 5.113, 4.994, 4.809, 5.626, 5.176, 4.455, 4.286, 4.973, 5.685, 4.608, 5.109, 4.519, 4.157, 5.14, 4.759, 2.758, 2.86, 5.438, 5.299, 4.527, 5.514, 6.384, 4.969, 3.211, 2.8, 4.069, 4.123, 4.267, 4.313, 3.715, 3.948, 4.017, 4.143, 4.787, 5.984, 6.67, 6.592, 5.764, 5.481, 5.149, 3.647, 3.624, 4.211, 4.466, 5.294, 6.227, 6.442, 5.82, 5.696, 6.098, 5.633, 3.839, 3.693, 4.658], [8.404, 8.353, 6.363, 6.582, 7.049, 6.017, 5.397, 4.719, 3.21, 2.883, 2.915, 2.387, 2.409, 2.133, 2.664, 2.624, 2.265, 4.424, 4.714, 2.118, 1.35, 0.0, 1.892, 2.411, 3.953, 6.505, 9.286, 10.199, 9.632, 9.579, 9.919, 10.279, 11.264, 12.372, 12.802, 12.381, 11.368, 11.34, 12.428, 14.191, 16.018, 16.398, 15.159, 13.707, 13.511, 13.254, 14.629, 17.546, 17.841, 16.087, 14.473, 12.306, 10.306, 8.78, 8.538, 9.47, 10.531, 10.747, 10.637, 10.587, 10.281, 10.384, 9.217, 6.829, 4.157, 2.355, 1.341, 2.437, 2.976, 3.316, 4.188, 3.234, 2.225, 2.36, 4.426, 4.689, 4.401, 3.39, 2.234, 2.326, 2.93, 4.081, 7.809, 7.29, 7.064, 7.773, 4.37, 4.745, 8.341, 9.099, 7.266, 5.445, 4.779, 4.895, 5.058, 5.982, 5.506, 4.555, 4.302, 4.329, 4.905, 4.224, 4.478, 4.152, 4.278, 4.689, 4.273, 2.492, 3.071, 6.001, 5.921, 5.266, 6.1, 7.272, 5.417, 3.839, 3.386, 4.787, 5.079, 5.021, 5.006, 4.601, 4.768, 4.993, 4.984, 5.181, 6.3, 7.058, 6.965, 5.859, 5.437, 5.05, 3.59, 3.189, 4.065, 4.096, 4.671, 5.612, 5.803, 5.253, 5.114, 5.465, 4.997, 3.357, 3.553, 4.515], [7.67, 7.601, 5.584, 5.795, 6.195, 5.246, 4.625, 4.196, 3.772, 3.874, 4.102, 3.791, 3.553, 3.109, 3.755, 3.985, 3.088, 3.703, 3.968, 1.938, 2.616, 1.892, 0.0, 1.869, 3.083, 5.583, 8.246, 9.173, 8.606, 8.518, 8.864, 9.102, 10.165, 11.346, 11.753, 11.359, 10.465, 10.396, 11.466, 13.136, 14.979, 15.365, 14.135, 12.676, 12.485, 12.209, 13.603, 16.515, 16.815, 15.066, 13.43, 11.209, 9.268, 7.702, 7.41, 8.424, 9.51, 9.711, 9.611, 9.55, 9.219, 9.345, 8.193, 5.798, 3.157, 1.655, 1.966, 3.066, 3.225, 2.229, 3.27, 2.378, 2.527, 2.477, 3.595, 3.765, 3.499, 3.362, 3.557, 3.619, 4.309, 5.373, 9.164, 8.635, 8.437, 9.202, 5.528, 4.025, 7.313, 8.068, 6.329, 5.015, 4.265, 4.562, 5.262, 5.854, 5.108, 4.457, 3.995, 3.56, 3.679, 3.673, 3.674, 3.554, 3.988, 4.295, 3.507, 2.566, 4.449, 7.34, 7.31, 6.752, 7.468, 8.769, 6.83, 5.316, 4.789, 6.277, 6.563, 6.398, 6.385, 5.995, 6.118, 6.42, 6.452, 6.537, 7.681, 8.407, 8.329, 7.278, 6.895, 6.508, 4.757, 4.496, 5.532, 5.306, 4.542, 4.849, 5.206, 4.914, 4.443, 4.691, 4.219, 4.473, 4.999, 5.826], [7.066, 6.983, 4.941, 5.127, 5.615, 4.93, 4.307, 4.131, 3.681, 4.237, 4.434, 3.885, 4.023, 3.689, 4.564, 4.279, 3.42, 4.005, 3.843, 2.179, 2.97, 2.411, 1.869, 0.0, 2.474, 5.094, 7.903, 8.583, 7.994, 7.951, 8.292, 8.665, 9.724, 10.746, 11.15, 10.791, 9.974, 10.154, 10.927, 12.529, 14.353, 14.741, 13.513, 12.051, 11.874, 11.598, 12.991, 15.911, 16.203, 14.448, 12.818, 10.559, 8.745, 7.053, 6.779, 7.897, 8.89, 9.11, 9.021, 8.95, 8.61, 8.746, 7.585, 5.21, 2.982, 2.323, 2.22, 2.96, 2.923, 2.312, 2.974, 2.128, 2.73, 2.027, 3.042, 3.265, 3.149, 3.454, 3.635, 3.806, 4.321, 5.56, 9.494, 8.895, 8.627, 9.371, 5.595, 3.493, 6.731, 7.454, 5.629, 3.897, 3.603, 3.567, 4.596, 5.305, 4.493, 4.002, 3.478, 3.25, 3.773, 2.744, 2.973, 2.845, 3.169, 3.234, 2.724, 1.81, 4.555, 7.518, 7.519, 6.914, 7.643, 8.916, 6.972, 5.497, 5.005, 6.5, 6.715, 6.587, 6.592, 6.072, 6.305, 6.636, 6.591, 6.711, 7.845, 8.586, 8.509, 7.383, 6.971, 6.59, 4.903, 4.647, 5.616, 5.464, 5.089, 5.284, 5.54, 5.383, 4.509, 4.235, 4.371, 4.72, 5.076, 6.02], [6.418, 5.845, 4.485, 4.379, 4.797, 4.469, 4.242, 4.319, 4.31, 4.878, 5.25, 4.638, 4.774, 4.61, 5.624, 5.341, 4.11, 4.278, 4.106, 3.249, 4.556, 3.953, 3.083, 2.474, 0.0, 3.394, 5.876, 6.419, 5.814, 5.745, 6.138, 6.922, 7.715, 8.528, 8.981, 8.646, 8.236, 8.617, 8.996, 10.399, 12.193, 12.562, 11.311, 9.887, 9.739, 9.46, 10.782, 13.701, 13.992, 12.365, 10.699, 8.798, 6.731, 5.746, 5.545, 5.822, 6.824, 6.935, 6.892, 6.939, 6.55, 6.542, 5.411, 3.754, 2.471, 2.82, 3.605, 4.034, 3.307, 2.127, 2.1, 2.528, 3.789, 2.586, 2.072, 2.299, 2.886, 3.77, 4.456, 4.582, 5.186, 6.609, 10.901, 10.35, 9.821, 10.636, 6.661, 2.644, 4.566, 5.283, 3.435, 2.348, 2.293, 2.48, 3.903, 4.463, 3.614, 3.48, 3.109, 2.368, 2.324, 1.504, 1.394, 1.535, 2.146, 1.806, 1.165, 2.929, 5.582, 8.534, 8.64, 8.163, 8.871, 10.094, 8.115, 6.707, 6.194, 7.691, 7.912, 7.738, 7.718, 7.357, 7.622, 7.909, 7.796, 7.62, 8.707, 9.489, 9.37, 8.235, 7.778, 7.385, 5.623, 5.297, 6.405, 6.046, 5.302, 5.4, 5.662, 5.622, 4.725, 4.26, 4.564, 5.319, 5.9, 6.696], [6.84, 6.096, 5.213, 4.997, 5.182, 5.47, 5.441, 5.805, 6.353, 6.927, 7.253, 7.407, 7.245, 7.171, 8.337, 8.099, 6.563, 5.51, 5.317, 5.925, 7.3, 6.505, 5.583, 5.094, 3.394, 0.0, 3.006, 3.817, 3.254, 3.186, 3.554, 4.2, 5.222, 6.094, 6.421, 6.02, 5.988, 5.779, 6.521, 7.763, 9.589, 9.966, 8.719, 7.292, 7.085, 6.797, 8.2, 11.12, 11.411, 9.718, 8.02, 6.553, 5.703, 5.369, 5.245, 4.765, 4.993, 4.905, 4.652, 4.676, 4.574, 4.834, 4.377, 3.922, 4.003, 4.632, 6.149, 6.687, 6.114, 4.184, 2.88, 4.559, 6.26, 5.288, 3.941, 3.674, 4.396, 5.835, 6.964, 7.426, 7.848, 9.761, 13.658, 13.188, 12.847, 13.588, 9.781, 4.477, 2.916, 3.227, 3.351, 3.186, 3.128, 3.777, 5.039, 4.765, 3.871, 4.639, 4.629, 3.556, 3.34, 3.567, 2.932, 3.339, 3.833, 3.187, 3.711, 5.86, 8.675, 11.739, 11.74, 11.127, 11.895, 13.128, 11.147, 9.679, 9.189, 10.65, 10.922, 10.783, 10.792, 10.365, 10.518, 10.881, 10.826, 10.888, 11.804, 12.756, 12.539, 11.211, 10.412, 9.892, 8.469, 8.179, 9.094, 8.384, 6.854, 6.809, 6.828, 6.97, 6.044, 5.359, 5.918, 7.802, 8.699, 9.185], [7.273, 6.469, 6.056, 5.966, 6.184, 6.73, 6.86, 7.227, 8.039, 8.633, 9.443, 9.41, 9.492, 9.689, 10.519, 10.393, 8.868, 7.089, 6.841, 8.21, 10.051, 9.286, 8.246, 7.903, 5.876, 3.006, 0.0, 1.428, 1.792, 1.832, 1.513, 2.35, 3.266, 4.028, 3.903, 3.627, 4.517, 4.346, 4.904, 5.167, 6.947, 7.337, 6.279, 5.653, 5.817, 5.387, 6.641, 9.091, 9.134, 7.735, 6.452, 6.127, 5.964, 5.918, 5.827, 4.919, 5.05, 4.896, 4.304, 4.239, 4.244, 4.467, 4.609, 4.749, 5.997, 7.207, 8.813, 9.42, 8.675, 6.876, 5.476, 7.302, 8.934, 7.901, 5.724, 5.385, 5.985, 7.475, 8.911, 9.501, 9.705, 12.202, 16.203, 15.931, 15.424, 16.299, 11.986, 6.342, 3.583, 3.494, 4.551, 5.212, 5.292, 6.218, 7.561, 7.34, 6.548, 7.34, 7.388, 6.203, 5.64, 6.126, 5.323, 5.872, 6.461, 5.445, 6.125, 8.452, 11.096, 14.144, 14.274, 13.81, 14.45, 15.733, 13.656, 12.28, 11.731, 13.214, 13.527, 13.37, 13.33, 12.953, 13.084, 13.452, 13.427, 13.212, 14.041, 14.997, 14.656, 13.165, 12.228, 11.621, 10.465, 10.125, 10.94, 9.953, 8.3, 8.155, 8.164, 8.305, 7.569, 6.831, 7.471, 9.659, 10.678, 10.838], [6.779, 5.943, 5.937, 5.506, 5.81, 6.437, 6.63, 6.991, 8.077, 8.705, 9.442, 9.61, 9.831, 10.162, 11.174, 11.037, 9.364, 6.83, 6.776, 8.61, 10.85, 10.199, 9.173, 8.583, 6.419, 3.817, 1.428, 0.0, 1.352, 1.595, 1.31, 2.281, 2.548, 2.974, 2.871, 3.058, 4.619, 4.638, 4.435, 4.096, 5.926, 6.327, 5.389, 4.864, 5.146, 4.78, 5.865, 8.229, 8.233, 6.935, 5.685, 5.454, 5.404, 5.567, 5.478, 4.299, 4.426, 4.359, 3.864, 3.834, 3.76, 3.944, 4.135, 4.403, 6.306, 7.956, 9.771, 10.291, 9.268, 7.85, 6.455, 8.164, 9.925, 8.462, 6.067, 5.769, 6.177, 7.438, 8.806, 9.317, 9.505, 12.462, 16.991, 16.568, 15.956, 16.719, 12.227, 6.202, 3.125, 3.117, 4.261, 5.326, 6.112, 7.015, 8.541, 8.278, 7.446, 8.383, 8.297, 6.871, 6.139, 6.468, 5.953, 6.531, 7.219, 5.833, 6.497, 8.935, 11.309, 14.184, 14.551, 14.167, 14.896, 15.908, 14.107, 12.698, 12.206, 13.657, 13.84, 13.607, 13.595, 13.298, 13.621, 13.94, 13.768, 13.385, 14.113, 14.892, 14.429, 12.886, 11.858, 11.27, 10.136, 9.868, 10.675, 9.585, 7.948, 7.812, 7.756, 7.982, 7.169, 6.553, 7.075, 9.349, 10.358, 10.489], [6.137, 5.326, 5.174, 4.843, 5.264, 5.868, 6.21, 6.491, 7.391, 8.145, 8.633, 9.132, 9.276, 9.581, 10.656, 10.493, 8.849, 6.186, 6.18, 8.064, 10.318, 9.632, 8.606, 7.994, 5.814, 3.254, 1.792, 1.352, 0.0, 1.086, 1.463, 2.746, 3.033, 3.421, 3.383, 3.565, 5.193, 5.142, 5.032, 4.643, 6.416, 6.779, 5.533, 4.511, 4.638, 4.273, 5.443, 8.03, 8.224, 6.672, 5.29, 4.846, 4.756, 4.879, 4.72, 3.72, 3.783, 3.612, 3.166, 3.245, 3.094, 3.212, 3.545, 3.991, 5.84, 7.405, 9.24, 9.726, 8.791, 7.288, 5.885, 7.582, 9.383, 7.861, 5.499, 5.29, 5.809, 6.932, 8.332, 8.6, 8.769, 11.957, 16.463, 15.972, 15.323, 16.038, 11.579, 5.428, 2.821, 2.537, 3.447, 4.58, 5.555, 6.459, 7.953, 7.725, 6.886, 7.816, 7.718, 6.289, 5.466, 5.835, 5.361, 5.944, 6.593, 5.279, 5.784, 8.162, 10.751, 13.339, 13.847, 13.471, 14.302, 15.124, 13.626, 12.124, 11.687, 13.186, 13.315, 12.837, 12.85, 12.655, 13.146, 13.378, 13.101, 12.724, 13.327, 14.059, 13.669, 12.147, 11.226, 10.628, 9.451, 9.135, 9.93, 8.995, 7.38, 7.318, 7.285, 7.488, 6.61, 5.908, 6.478, 8.657, 9.661, 9.873], [6.204, 5.395, 5.177, 4.928, 5.398, 5.829, 6.267, 6.634, 7.568, 8.212, 8.82, 9.271, 9.211, 9.513, 10.551, 10.447, 8.914, 6.487, 6.333, 8.033, 10.261, 9.579, 8.518, 7.951, 5.745, 3.186, 1.832, 1.595, 1.086, 0.0, 1.311, 2.75, 3.182, 3.76, 3.492, 3.863, 5.339, 5.161, 4.944, 4.752, 6.509, 6.882, 5.653, 4.636, 4.762, 4.301, 5.497, 8.176, 8.37, 6.849, 5.397, 4.822, 4.817, 4.881, 4.628, 3.816, 3.889, 3.615, 3.105, 3.271, 3.13, 3.285, 3.662, 4.26, 5.942, 7.397, 9.267, 9.709, 8.878, 7.179, 5.765, 7.471, 9.244, 7.917, 5.611, 5.259, 5.828, 7.095, 8.44, 8.845, 9.116, 12.046, 16.589, 16.012, 15.386, 16.125, 11.562, 5.631, 2.964, 2.745, 3.791, 4.65, 5.451, 6.412, 7.883, 7.691, 6.794, 7.747, 7.632, 6.222, 5.482, 5.794, 5.324, 5.99, 6.617, 5.358, 5.83, 8.282, 10.855, 13.531, 13.931, 13.629, 14.402, 15.31, 13.699, 12.227, 11.759, 13.27, 13.418, 12.97, 12.911, 12.753, 13.237, 13.481, 13.188, 12.832, 13.535, 14.359, 13.944, 12.542, 11.636, 11.044, 9.811, 9.517, 10.324, 9.308, 7.648, 7.527, 7.455, 7.71, 6.91, 6.176, 6.798, 9.065, 10.017, 10.24], [7.067, 6.194, 6.015, 5.911, 6.271, 6.744, 7.036, 7.422, 8.173, 8.793, 9.482, 9.735, 9.695, 9.888, 11.064, 10.856, 9.347, 7.235, 7.02, 8.49, 10.615, 9.919, 8.864, 8.292, 6.138, 3.554, 1.513, 1.31, 1.463, 1.311, 0.0, 1.705, 2.522, 3.184, 3.072, 2.939, 4.387, 4.19, 4.229, 4.451, 6.201, 6.591, 5.553, 5.005, 5.243, 4.827, 5.96, 8.348, 8.361, 6.912, 5.584, 5.329, 5.419, 5.589, 5.381, 4.446, 4.516, 4.428, 3.9, 3.749, 3.727, 4.108, 4.621, 5.056, 6.394, 7.774, 9.618, 10.066, 9.317, 7.522, 6.122, 7.817, 9.597, 8.325, 6.041, 5.72, 6.445, 7.78, 9.075, 9.587, 9.893, 12.515, 16.989, 16.366, 15.838, 16.56, 12.133, 6.391, 3.784, 3.633, 4.582, 5.181, 5.847, 6.813, 8.253, 8.057, 7.135, 8.088, 7.986, 6.603, 5.875, 6.187, 5.671, 6.357, 7.032, 5.846, 6.386, 8.805, 11.331, 14.175, 14.551, 14.098, 14.878, 15.941, 14.132, 12.686, 12.163, 13.704, 13.866, 13.557, 13.533, 13.278, 13.678, 13.94, 13.722, 13.412, 14.17, 15.102, 14.785, 13.346, 12.384, 11.789, 10.653, 10.311, 11.129, 10.109, 8.48, 8.407, 8.359, 8.585, 7.709, 6.989, 7.593, 9.833, 10.861, 11.02], [8.591, 7.73, 7.467, 7.376, 7.639, 8.177, 8.423, 8.753, 9.165, 9.703, 10.19, 10.563, 10.322, 10.222, 11.456, 11.315, 10.078, 8.411, 8.198, 8.93, 11.103, 10.279, 9.102, 8.665, 6.922, 4.2, 2.35, 2.281, 2.746, 2.75, 1.705, 0.0, 1.666, 2.7, 2.765, 2.477, 3.4, 3.235, 3.782, 4.32, 6.173, 6.7, 5.867, 5.691, 6.363, 6.043, 6.799, 8.795, 8.701, 7.248, 6.228, 6.257, 6.809, 6.88, 6.66, 5.911, 5.99, 5.969, 5.309, 4.985, 4.978, 5.602, 6.106, 6.414, 7.179, 8.289, 10.098, 10.618, 10.068, 7.886, 6.64, 8.143, 10.043, 9.075, 6.909, 6.41, 7.249, 8.685, 9.98, 10.524, 10.863, 13.363, 17.632, 17.12, 16.703, 17.404, 12.991, 7.338, 5.111, 4.984, 5.535, 6.153, 6.344, 7.498, 8.758, 8.523, 7.595, 8.366, 8.252, 6.85, 6.175, 6.82, 6.252, 6.995, 7.722, 6.443, 7.317, 9.713, 12.229, 15.089, 15.487, 14.951, 15.762, 16.881, 14.956, 13.564, 12.917, 14.475, 14.705, 14.424, 14.463, 14.207, 14.456, 14.802, 14.653, 14.332, 15.117, 16.05, 15.77, 14.317, 13.383, 12.795, 11.622, 11.285, 12.1, 11.187, 9.776, 9.796, 9.777, 9.956, 8.876, 8.313, 8.747, 10.814, 11.83, 12.019], [8.503, 7.569, 7.979, 7.554, 7.873, 8.352, 8.696, 8.994, 9.811, 10.318, 10.526, 11.114, 10.905, 11.186, 12.189, 12.09, 10.807, 8.816, 8.91, 9.697, 12.03, 11.264, 10.165, 9.724, 7.715, 5.222, 3.266, 2.548, 3.033, 3.182, 2.522, 1.666, 0.0, 1.487, 1.83, 2.326, 3.023, 3.186, 3.468, 3.361, 5.246, 5.775, 5.494, 5.35, 6.21, 5.944, 6.448, 8.166, 7.974, 6.903, 5.959, 6.21, 6.706, 7.051, 6.969, 6.129, 5.888, 5.855, 5.232, 4.849, 5.035, 5.485, 6.047, 6.556, 8.008, 9.183, 11.048, 11.545, 10.813, 8.841, 7.488, 9.14, 10.955, 9.815, 7.672, 7.244, 7.971, 9.179, 10.155, 10.417, 10.844, 14.014, 18.445, 17.977, 17.422, 18.153, 13.544, 7.621, 5.203, 5.021, 5.41, 6.671, 7.19, 8.244, 9.63, 9.378, 8.482, 9.433, 9.335, 7.864, 7.032, 7.676, 7.166, 7.878, 8.563, 7.115, 7.938, 10.364, 12.868, 15.465, 16.024, 15.72, 16.473, 17.301, 15.682, 14.277, 13.655, 15.201, 15.398, 15.084, 14.986, 14.825, 15.185, 15.522, 15.307, 14.911, 15.501, 16.243, 15.713, 14.162, 13.237, 12.681, 11.356, 11.199, 11.97, 11.173, 9.845, 9.861, 9.834, 10.027, 9.019, 8.543, 8.917, 10.671, 11.577, 12.002], [8.143, 7.39, 8.249, 7.711, 7.91, 8.592, 9.082, 9.421, 10.449, 11.239, 11.215, 11.8, 11.934, 12.319, 13.346, 13.21, 11.539, 9.227, 9.369, 10.766, 13.043, 12.372, 11.346, 10.746, 8.528, 6.094, 4.028, 2.974, 3.421, 3.76, 3.184, 2.7, 1.487, 0.0, 1.373, 2.104, 3.235, 3.283, 3.205, 2.591, 4.112, 4.766, 4.635, 4.66, 5.642, 5.438, 5.73, 7.379, 7.155, 6.257, 5.365, 5.761, 6.51, 7.233, 7.14, 6.332, 5.858, 5.692, 5.078, 4.806, 5.229, 5.314, 5.752, 6.922, 8.727, 10.126, 11.93, 12.468, 11.467, 10.009, 8.58, 10.298, 12.072, 10.582, 8.345, 8.279, 8.814, 9.859, 10.884, 10.987, 11.258, 14.623, 19.178, 18.673, 18.064, 18.829, 14.276, 8.262, 5.638, 5.014, 5.623, 7.284, 8.251, 9.159, 10.661, 10.45, 9.619, 10.555, 10.456, 9.016, 8.212, 8.59, 8.103, 8.695, 9.349, 7.973, 8.533, 10.959, 13.461, 15.978, 16.501, 16.262, 17.025, 17.762, 16.276, 14.846, 14.367, 15.846, 16.003, 15.606, 15.494, 15.373, 15.815, 16.09, 15.839, 15.446, 15.953, 16.489, 15.951, 14.186, 13.253, 12.678, 11.356, 11.312, 12.061, 11.299, 9.657, 9.591, 9.545, 9.808, 9.258, 8.875, 9.14, 10.818, 11.828, 12.219], [8.273, 7.284, 7.887, 7.409, 7.799, 8.479, 8.899, 9.284, 10.477, 11.185, 11.634, 12.244, 12.392, 12.73, 13.777, 13.637, 12.015, 9.161, 9.203, 11.168, 13.468, 12.802, 11.753, 11.15, 8.981, 6.421, 3.903, 2.871, 3.383, 3.492, 3.072, 2.765, 1.83, 1.373, 0.0, 1.415, 3.066, 3.143, 2.875, 2.022, 3.912, 4.646, 4.536, 4.725, 5.862, 5.658, 5.688, 7.278, 7.053, 6.035, 5.172, 5.741, 6.411, 6.929, 6.875, 5.957, 5.705, 5.69, 5.202, 4.84, 4.967, 5.357, 6.028, 6.753, 8.974, 10.573, 12.398, 12.903, 11.956, 10.417, 9.028, 10.696, 12.487, 11.096, 8.651, 8.316, 8.827, 9.974, 11.307, 11.528, 11.697, 15.123, 19.677, 19.158, 18.507, 19.256, 14.702, 8.515, 5.41, 5.035, 6.345, 7.719, 8.688, 9.596, 11.08, 10.918, 10.043, 10.959, 10.848, 9.404, 8.6, 9.02, 8.539, 9.117, 9.789, 8.471, 8.953, 11.386, 13.935, 16.493, 17.028, 16.744, 17.507, 18.29, 16.783, 15.326, 14.882, 16.347, 16.488, 16.096, 16.005, 15.852, 16.315, 16.563, 16.326, 15.936, 16.489, 17.108, 16.61, 15.044, 13.947, 13.355, 12.301, 12.062, 12.818, 11.652, 10.042, 9.943, 9.869, 10.127, 9.356, 8.797, 9.203, 11.475, 12.561, 12.6], [9.137, 8.168, 8.093, 8.002, 8.428, 9.164, 9.312, 9.688, 10.421, 11.178, 11.926, 11.91, 12.209, 12.471, 13.627, 13.368, 11.603, 9.285, 9.145, 10.99, 13.065, 12.381, 11.359, 10.791, 8.646, 6.02, 3.627, 3.058, 3.565, 3.863, 2.939, 2.477, 2.326, 2.104, 1.415, 0.0, 2.376, 2.637, 2.53, 2.611, 4.585, 5.466, 5.49, 5.622, 6.715, 6.599, 6.709, 8.093, 7.882, 7.01, 6.129, 6.744, 7.258, 7.846, 7.814, 6.485, 6.509, 6.708, 6.185, 5.9, 5.853, 6.269, 6.706, 7.078, 8.538, 10.162, 11.927, 12.449, 11.426, 10.017, 8.618, 10.313, 12.104, 10.686, 8.335, 8.141, 8.626, 9.806, 11.486, 11.944, 12.008, 14.661, 19.164, 18.78, 18.182, 18.804, 14.554, 8.294, 5.681, 5.602, 6.634, 7.436, 8.342, 9.211, 10.662, 10.479, 9.641, 10.541, 10.443, 9.073, 8.406, 8.725, 8.185, 8.665, 9.371, 8.125, 8.731, 11.047, 13.492, 16.384, 16.687, 16.23, 17.028, 18.044, 16.289, 14.843, 14.466, 15.856, 16.042, 15.677, 15.708, 15.434, 15.782, 16.091, 15.888, 15.536, 16.265, 17.224, 16.911, 15.416, 14.449, 13.84, 12.72, 12.372, 13.192, 12.16, 10.617, 10.468, 10.442, 10.646, 9.756, 9.063, 9.649, 11.892, 12.937, 13.049], [11.046, 10.046, 9.916, 9.938, 10.352, 10.944, 11.094, 11.393, 11.698, 12.357, 12.709, 12.431, 12.342, 12.432, 13.478, 13.318, 11.562, 10.927, 10.75, 11.227, 11.754, 11.368, 10.465, 9.974, 8.236, 5.988, 4.517, 4.619, 5.193, 5.339, 4.387, 3.4, 3.023, 3.235, 3.066, 2.376, 0.0, 1.656, 2.442, 4.34, 6.383, 7.193, 7.193, 7.572, 8.729, 8.509, 8.352, 9.7, 9.537, 8.635, 7.762, 8.525, 9.112, 9.726, 9.598, 8.417, 8.428, 8.476, 7.919, 7.561, 7.695, 8.109, 8.521, 8.815, 9.217, 9.787, 10.575, 10.93, 10.02, 8.592, 7.4, 8.86, 10.521, 9.923, 8.925, 9.025, 9.556, 10.986, 12.155, 12.539, 12.899, 14.256, 17.668, 17.481, 17.319, 18.072, 14.367, 9.301, 7.385, 7.448, 7.369, 7.404, 7.61, 8.054, 9.054, 8.838, 8.036, 9.036, 9.093, 8.657, 8.53, 8.452, 7.912, 8.212, 8.075, 7.894, 8.382, 10.259, 13.192, 16.45, 16.126, 15.502, 16.225, 17.332, 15.657, 13.922, 13.684, 14.967, 15.055, 15.195, 15.194, 14.331, 14.499, 14.782, 15.087, 15.445, 16.53, 17.318, 17.241, 16.113, 15.433, 14.954, 13.379, 13.134, 14.08, 13.524, 12.238, 12.264, 12.241, 12.404, 11.299, 10.747, 11.188, 12.844, 13.627, 14.233], [10.982, 10.028, 9.922, 9.841, 10.173, 10.7, 11.059, 11.454, 11.983, 12.569, 12.934, 12.93, 12.675, 12.605, 13.479, 13.564, 12.089, 11.122, 10.952, 11.476, 11.96, 11.34, 10.396, 10.154, 8.617, 5.779, 4.346, 4.638, 5.142, 5.161, 4.19, 3.235, 3.186, 3.283, 3.143, 2.637, 1.656, 0.0, 2.346, 4.282, 6.254, 7.137, 7.25, 7.423, 8.486, 8.283, 8.431, 9.828, 9.601, 8.557, 7.688, 8.3, 8.916, 9.428, 9.268, 8.306, 8.289, 8.309, 7.644, 7.289, 7.394, 7.937, 8.546, 8.983, 9.603, 9.766, 10.634, 11.04, 10.489, 8.542, 7.385, 8.768, 10.474, 10.412, 9.442, 9.174, 9.963, 11.463, 12.593, 12.915, 13.438, 14.897, 17.863, 17.801, 17.827, 18.493, 14.801, 9.711, 7.519, 7.466, 7.884, 7.824, 7.767, 8.4, 8.778, 8.683, 7.915, 8.756, 9.041, 8.713, 8.544, 8.732, 8.194, 8.551, 8.4, 8.253, 8.926, 10.728, 13.862, 16.886, 16.74, 16.027, 16.843, 17.962, 16.287, 14.565, 14.236, 15.586, 15.69, 15.717, 15.74, 14.93, 15.059, 15.341, 15.683, 16.091, 17.204, 17.962, 17.877, 16.701, 16.026, 15.523, 13.982, 13.722, 14.663, 14.011, 12.497, 12.42, 12.358, 12.599, 11.621, 10.995, 11.519, 13.4, 14.233, 14.815], [10.466, 9.392, 9.417, 9.448, 9.936, 10.521, 10.905, 11.342, 12.046, 12.688, 13.142, 13.033, 13.002, 13.159, 14.361, 14.116, 12.324, 10.969, 10.815, 11.918, 12.99, 12.428, 11.466, 10.927, 8.996, 6.521, 4.904, 4.435, 5.032, 4.944, 4.229, 3.782, 3.468, 3.205, 2.875, 2.53, 2.442, 2.346, 0.0, 2.907, 4.647, 5.735, 6.288, 6.808, 7.97, 7.83, 7.406, 8.19, 7.954, 7.542, 6.776, 7.808, 8.486, 9.107, 9.016, 7.843, 7.813, 7.919, 7.389, 6.943, 7.186, 7.588, 8.178, 8.647, 9.554, 10.376, 11.932, 12.452, 11.469, 9.893, 8.603, 10.238, 12.01, 10.846, 9.439, 9.467, 