[[0.0, 1.186, 2.382, 2.722, 2.639, 1.911, 2.591, 2.902, 2.375, 2.627, 3.031, 3.133, 3.063, 2.867, 2.535, 2.183, 2.555, 2.62, 3.295, 3.794, 3.791, 3.501, 2.74, 2.842, 2.721, 2.763, 3.99, 3.863, 4.416, 4.084, 2.832, 3.521, 4.124, 4.495, 4.505, 6.65, 8.474, 9.843, 10.318, 9.187, 6.72, 3.945, 3.481, 4.361, 5.32, 5.059, 5.386, 5.797, 5.968, 5.392, 4.732, 5.022, 5.441, 5.449, 5.361, 5.629, 5.903, 5.984, 5.03, 5.498, 6.403, 6.552, 6.091, 6.091, 5.882, 6.248, 6.495, 5.842, 5.503, 5.407, 4.87, 4.979, 5.235, 5.472, 5.013, 5.727, 5.884, 4.551, 3.415, 3.733, 3.915, 4.647, 5.319, 5.633, 5.864, 6.352, 5.775, 4.735, 4.32, 4.168, 5.367, 6.368, 6.096, 5.219, 5.117, 5.653, 5.391, 4.436, 3.246, 1.81, 1.645, 3.232, 5.407, 6.365, 7.346, 8.513, 8.275, 8.605, 10.834, 11.773, 10.061, 8.163, 10.43, 11.727, 10.466, 9.854, 8.63, 6.215, 5.444, 6.276, 6.386, 6.38, 6.137, 6.602, 6.698, 4.249, 3.053, 2.558, 2.101, 3.34, 6.918, 8.337, 8.49, 6.713, 5.839, 6.893, 6.688, 6.198, 6.713, 6.789, 6.847, 8.675, 11.288, 11.638, 11.278, 10.545, 8.852, 8.603, 9.975, 11.044, 9.903, 8.867, 9.327, 9.27, 8.557, 8.591, 8.046, 7.019, 6.593, 6.671, 4.619, 3.206, 3.683, 3.156, 3.499, 2.904, 1.827, 1.708, 1.751, 2.801, 2.105, 2.303, 2.668, 3.977, 5.478, 5.258, 5.668, 6.201, 5.797, 5.367, 5.434, 4.935, 4.194, 3.258, 3.232, 3.372, 3.326, 4.946, 4.979, 4.592, 3.315, 2.181, 2.662, 2.668, 3.638, 3.58, 3.856, 5.264, 7.769, 8.659, 9.062, 9.66, 10.385, 8.653, 6.077, 6.945], [1.186, 0.0, 1.822, 2.576, 2.697, 2.268, 2.316, 2.407, 1.992, 2.173, 2.471, 2.612, 2.658, 2.701, 2.387, 2.325, 2.709, 3.11, 3.722, 4.15, 4.007, 3.642, 3.204, 3.321, 3.16, 3.242, 4.426, 4.396, 4.926, 4.598, 3.345, 3.929, 4.457, 5.01, 5.013, 7.048, 8.744, 10.091, 10.582, 9.38, 7.086, 4.353, 3.862, 4.651, 5.558, 5.072, 5.528, 5.717, 5.877, 5.396, 5.136, 5.653, 5.82, 5.455, 5.306, 5.676, 5.924, 5.705, 4.75, 5.258, 6.126, 6.325, 5.932, 6.074, 5.705, 6.06, 6.271, 5.93, 5.846, 5.87, 5.273, 5.507, 5.7, 5.715, 5.283, 6.139, 6.408, 5.026, 3.848, 4.247, 4.273, 5.027, 5.779, 6.03, 6.29, 6.753, 6.208, 5.164, 4.775, 4.508, 5.728, 6.625, 6.3, 5.546, 5.275, 5.843, 5.572, 4.655, 3.431, 1.824, 1.328, 2.81, 5.025, 6.14, 6.962, 8.119, 7.763, 8.238, 10.386, 11.519, 9.716, 7.859, 10.115, 11.427, 10.062, 9.279, 8.097, 5.687, 4.859, 5.712, 5.843, 5.874, 5.667, 6.211, 6.303, 3.693, 2.632, 1.845, 2.028, 3.503, 7.13, 8.545, 8.675, 6.898, 6.024, 7.088, 6.903, 6.43, 6.938, 7.06, 7.087, 8.921, 11.493, 11.807, 11.474, 10.76, 9.007, 8.77, 10.145, 11.216, 10.075, 9.054, 9.512, 9.458, 8.723, 8.78, 8.279, 7.22, 6.771, 6.95, 4.918, 3.713, 3.998, 3.596, 3.793, 3.278, 2.287, 2.08, 1.327, 2.355, 1.707, 2.436, 2.976, 4.229, 5.739, 5.487, 5.918, 6.483, 6.311, 5.797, 5.892, 5.39, 4.633, 3.686, 3.532, 3.787, 3.818, 5.344, 5.392, 4.925, 3.788, 2.63, 3.062, 3.125, 3.754, 3.651, 3.496, 4.877, 7.335, 8.226, 8.706, 9.256, 10.168, 8.391, 5.652, 6.755], [2.382, 1.822, 0.0, 1.896, 2.486, 2.359, 1.731, 1.69, 1.436, 1.564, 2.01, 1.912, 2.013, 2.175, 2.225, 2.29, 2.516, 2.952, 3.309, 3.597, 3.399, 3.224, 3.06, 4.044, 3.691, 3.162, 3.795, 4.029, 4.554, 4.212, 3.129, 3.503, 3.977, 4.623, 5.479, 7.616, 9.659, 11.072, 11.477, 10.212, 7.761, 4.314, 3.49, 4.097, 4.834, 4.379, 4.59, 4.838, 5.001, 4.939, 4.637, 5.575, 5.128, 4.664, 4.385, 4.842, 4.959, 4.652, 4.126, 4.199, 5.007, 5.151, 4.804, 5.017, 4.612, 4.91, 5.123, 4.923, 5.132, 5.168, 4.571, 4.833, 5.064, 6.374, 6.132, 6.934, 6.858, 5.427, 4.072, 4.632, 4.96, 5.706, 6.156, 6.529, 6.797, 7.093, 6.539, 5.74, 5.321, 5.179, 6.386, 7.466, 7.16, 6.265, 6.047, 6.811, 6.519, 5.582, 4.337, 2.45, 1.573, 2.22, 4.196, 5.351, 6.063, 7.171, 6.845, 7.48, 9.475, 10.834, 8.933, 7.159, 9.384, 10.719, 9.296, 8.14, 7.238, 4.636, 3.571, 4.679, 4.926, 4.885, 4.789, 5.17, 5.451, 2.829, 2.38, 2.211, 2.567, 4.499, 8.263, 9.58, 9.552, 7.766, 6.924, 7.956, 7.763, 7.275, 7.791, 7.858, 7.959, 9.754, 12.349, 12.788, 12.405, 11.713, 9.917, 9.522, 10.92, 11.966, 10.907, 9.918, 10.391, 10.345, 9.61, 9.678, 9.19, 8.127, 7.643, 7.742, 5.695, 3.807, 3.793, 3.726, 4.463, 3.793, 2.953, 2.758, 1.556, 1.945, 1.487, 2.659, 3.5, 5.073, 6.589, 6.368, 6.721, 7.237, 6.672, 5.954, 5.867, 5.463, 4.744, 3.902, 3.781, 3.757, 3.941, 5.156, 4.834, 4.211, 3.267, 2.508, 2.98, 2.623, 3.172, 3.002, 2.667, 3.745, 5.929, 6.839, 7.329, 8.052, 9.427, 7.489, 4.907, 6.017], [2.722, 2.576, 1.896, 0.0, 1.647, 1.633, 1.326, 2.039, 2.571, 2.766, 2.959, 2.876, 2.547, 2.612, 2.995, 2.41, 1.942, 2.319, 2.158, 2.464, 2.42, 2.083, 2.271, 3.518, 3.024, 2.123, 2.715, 3.159, 3.615, 3.352, 2.365, 2.541, 3.089, 3.618, 4.774, 6.743, 8.803, 10.099, 10.596, 9.266, 6.936, 3.576, 2.406, 3.011, 3.746, 3.564, 3.799, 4.159, 4.18, 4.176, 3.626, 4.473, 3.969, 4.012, 3.804, 3.932, 4.152, 4.457, 4.517, 3.851, 4.503, 4.233, 3.685, 3.88, 4.014, 4.507, 4.222, 3.747, 3.596, 3.622, 3.312, 3.38, 3.694, 5.363, 5.109, 5.822, 5.689, 4.162, 2.855, 3.4, 3.837, 4.562, 5.12, 5.628, 5.947, 6.036, 5.491, 4.855, 4.369, 4.256, 5.203, 6.352, 6.277, 5.539, 5.059, 5.724, 5.572, 4.523, 3.386, 2.008, 2.093, 2.971, 5.229, 6.34, 7.061, 8.131, 7.801, 8.545, 10.518, 11.859, 9.888, 8.188, 10.394, 11.688, 10.281, 9.02, 8.206, 5.511, 4.283, 5.466, 5.898, 5.959, 5.625, 5.734, 6.315, 3.749, 3.425, 2.996, 2.111, 3.754, 7.399, 8.758, 8.374, 6.605, 5.885, 6.822, 6.665, 6.24, 6.657, 6.714, 6.975, 8.93, 11.492, 11.921, 11.382, 10.754, 9.032, 8.492, 9.86, 10.904, 9.766, 8.754, 9.171, 9.122, 8.392, 8.452, 7.957, 6.898, 6.42, 6.555, 4.628, 2.753, 2.731, 2.685, 3.601, 2.82, 2.763, 2.728, 2.644, 3.114, 1.972, 2.101, 2.406, 3.904, 5.447, 5.253, 5.535, 6.115, 5.871, 5.187, 4.901, 4.64, 4.188, 3.521, 3.62, 3.247, 3.43, 4.156, 3.689, 2.886, 2.039, 2.033, 2.201, 1.935, 2.086, 1.815, 2.577, 4.431, 6.587, 7.512, 7.662, 8.76, 10.514, 8.701, 5.966, 7.101], [2.639, 2.697, 2.486, 1.647, 0.0, 1.433, 1.789, 2.993, 3.0, 3.132, 3.311, 3.44, 3.402, 3.49, 3.551, 2.554, 1.668, 2.079, 2.1, 2.441, 2.229, 1.923, 1.844, 2.518, 2.159, 1.685, 2.373, 2.754, 3.053, 2.734, 1.735, 2.495, 3.025, 3.172, 3.696, 5.814, 7.77, 9.151, 9.75, 8.469, 6.05, 2.516, 2.089, 2.872, 3.657, 3.656, 4.043, 4.51, 4.653, 4.428, 3.492, 4.261, 4.172, 4.709, 4.638, 4.434, 4.495, 5.311, 5.366, 4.766, 5.637, 5.058, 4.177, 4.484, 4.906, 5.534, 5.155, 3.899, 3.717, 3.734, 3.239, 3.378, 3.611, 4.601, 4.32, 5.044, 4.912, 3.456, 2.219, 2.662, 3.012, 3.654, 4.107, 4.536, 4.815, 5.108, 4.594, 3.91, 3.447, 3.369, 4.343, 5.402, 5.186, 4.449, 4.165, 4.854, 4.608, 3.666, 2.558, 2.056, 2.321, 3.79, 6.132, 7.258, 7.901, 8.917, 8.627, 9.407, 11.42, 12.721, 10.769, 9.103, 11.275, 12.632, 11.112, 9.911, 9.006, 6.368, 5.163, 6.294, 6.694, 6.881, 6.506, 6.613, 7.144, 4.762, 4.152, 3.552, 2.333, 2.811, 6.254, 7.631, 7.541, 5.726, 4.935, 5.899, 5.766, 5.298, 5.831, 5.891, 6.084, 7.988, 10.552, 10.852, 10.52, 9.821, 8.058, 7.578, 8.929, 9.981, 8.92, 7.886, 8.319, 8.28, 7.55, 7.601, 7.09, 6.021, 5.663, 5.762, 3.734, 2.274, 2.615, 1.974, 2.623, 1.862, 2.194, 2.168, 3.039, 3.386, 2.192, 2.046, 2.33, 3.308, 4.62, 4.314, 4.73, 5.359, 4.857, 4.204, 4.15, 3.758, 3.247, 2.519, 2.59, 2.726, 2.345, 3.306, 3.236, 2.899, 1.821, 1.281, 1.416, 2.273, 2.057, 2.054, 3.517, 5.313, 7.675, 8.614, 8.836, 9.733, 11.394, 9.559, 6.848, 8.012], [1.911, 2.268, 2.359, 1.633, 1.433, 0.0, 1.534, 2.497, 2.586, 2.771, 3.101, 3.162, 3.185, 3.112, 3.08, 2.097, 1.667, 1.715, 2.081, 2.501, 2.375, 2.354, 1.555, 2.404, 2.033, 1.592, 2.592, 2.7, 3.127, 2.749, 1.656, 2.241, 2.947, 3.161, 3.706, 5.987, 7.93, 9.375, 9.913, 8.662, 6.193, 2.883, 2.239, 2.967, 3.905, 4.068, 4.402, 4.902, 4.862, 4.831, 3.717, 4.04, 4.091, 4.717, 4.583, 4.542, 4.735, 5.348, 5.162, 4.886, 5.75, 5.451, 4.803, 4.714, 5.014, 5.703, 5.429, 4.431, 4.066, 3.938, 3.521, 3.523, 3.683, 4.738, 4.41, 5.161, 5.058, 3.651, 2.274, 2.756, 3.185, 3.847, 4.287, 4.801, 5.082, 5.427, 4.88, 4.009, 3.46, 3.373, 4.507, 5.551, 5.366, 4.743, 4.432, 5.021, 4.773, 3.776, 2.687, 1.829, 1.96, 3.471, 5.911, 7.052, 7.609, 8.843, 8.392, 9.215, 11.225, 12.442, 10.479, 8.863, 11.033, 12.356, 10.808, 9.645, 8.709, 6.107, 5.015, 6.125, 6.385, 6.678, 6.257, 6.522, 6.879, 4.347, 3.571, 2.977, 1.903, 2.647, 6.396, 7.722, 7.692, 5.905, 5.03, 6.081, 5.915, 5.472, 5.993, 6.087, 6.234, 8.201, 10.757, 11.048, 10.675, 9.938, 8.248, 7.884, 9.251, 10.31, 9.17, 8.06, 8.499, 8.44, 7.78, 7.772, 7.3, 6.275, 5.902, 5.969, 3.851, 2.013, 2.769, 1.953, 2.723, 1.953, 1.534, 1.706, 2.448, 3.121, 2.093, 1.997, 2.147, 3.264, 4.716, 4.445, 4.839, 5.451, 4.971, 4.364, 4.289, 3.899, 3.353, 2.5, 2.706, 2.448, 2.378, 3.647, 3.428, 3.077, 1.904, 1.232, 1.843, 2.063, 2.418, 2.513, 3.412, 5.3, 7.639, 8.523, 8.894, 9.574, 11.186, 9.399, 6.648, 7.773], [2.591, 2.316, 1.731, 1.326, 1.789, 1.534, 0.0, 1.344, 1.817, 1.882, 2.247, 2.157, 2.076, 2.174, 2.407, 1.657, 1.735, 2.243, 2.35, 2.243, 2.318, 2.288, 2.398, 3.53, 3.053, 2.187, 2.986, 3.175, 3.704, 3.375, 2.241, 2.254, 2.775, 3.588, 4.771, 7.129, 9.152, 10.572, 11.065, 9.805, 7.292, 3.741, 2.713, 3.127, 3.669, 3.732, 4.03, 4.298, 4.173, 4.222, 3.751, 4.469, 3.837, 3.785, 3.589, 3.863, 4.102, 4.172, 4.331, 3.995, 4.862, 4.571, 4.075, 4.13, 3.98, 4.737, 4.508, 3.926, 3.97, 3.936, 3.575, 3.63, 3.989, 5.645, 5.383, 6.182, 6.07, 4.588, 3.212, 3.874, 4.275, 5.026, 5.468, 6.035, 6.393, 6.52, 6.034, 5.306, 4.621, 4.443, 5.67, 6.731, 6.595, 5.988, 5.623, 6.249, 5.976, 5.009, 3.894, 2.281, 1.612, 2.395, 4.778, 5.864, 6.501, 7.538, 7.238, 8.082, 10.067, 11.318, 9.362, 7.733, 9.904, 11.222, 9.681, 8.407, 7.625, 4.936, 3.902, 4.959, 5.365, 5.515, 5.009, 5.468, 5.737, 3.364, 3.004, 2.48, 1.805, 3.677, 7.586, 9.04, 8.833, 7.055, 6.161, 7.255, 7.075, 6.592, 7.1, 7.151, 7.407, 9.463, 12.023, 12.348, 11.925, 11.228, 9.542, 9.018, 10.356, 11.409, 10.265, 9.22, 9.628, 9.576, 8.862, 8.895, 8.387, 7.324, 6.986, 7.015, 4.947, 2.973, 3.086, 3.036, 3.751, 3.101, 2.475, 2.216, 2.216, 2.446, 1.731, 2.437, 2.824, 4.285, 5.809, 5.546, 5.934, 6.567, 6.1, 5.31, 5.226, 4.901, 4.38, 3.398, 3.222, 2.912, 3.344, 4.37, 3.895, 2.96, 2.366, 1.657, 2.36, 2.01, 2.039, 1.92, 2.231, 4.243, 6.252, 7.156, 7.687, 8.39, 10.053, 8.265, 5.526, 6.645], [2.902, 2.407, 1.69, 2.039, 2.993, 2.497, 1.344, 0.0, 1.461, 1.372, 1.944, 1.648, 1.677, 1.97, 2.112, 1.889, 2.558, 3.157, 3.091, 2.858, 3.038, 3.181, 3.385, 4.359, 3.814, 3.058, 3.814, 4.07, 4.566, 4.212, 3.044, 2.871, 3.401, 4.387, 5.645, 8.299, 10.166, 11.549, 12.029, 10.795, 8.208, 4.855, 3.692, 3.936, 4.297, 4.074, 4.469, 4.609, 4.333, 4.57, 4.451, 5.085, 4.546, 4.169, 3.749, 4.136, 4.368, 4.194, 3.968, 3.728, 4.591, 4.692, 4.362, 4.444, 3.994, 4.492, 4.54, 4.293, 4.587, 4.519, 4.241, 4.217, 4.827, 6.466, 6.113, 6.911, 6.87, 5.434, 4.131, 4.807, 5.186, 6.059, 6.47, 7.104, 7.444, 7.447, 7.057, 6.35, 5.586, 5.433, 6.661, 7.773, 7.642, 7.03, 6.683, 7.29, 7.013, 6.043, 4.923, 3.014, 1.59, 1.972, 3.947, 5.009, 5.62, 6.703, 6.477, 7.257, 9.262, 10.494, 8.537, 6.926, 9.096, 10.406, 8.901, 7.638, 6.869, 4.318, 3.609, 4.474, 4.747, 4.748, 4.257, 4.993, 4.91, 2.723, 2.518, 2.181, 2.366, 4.561, 8.589, 10.037, 9.706, 7.921, 7.072, 8.218, 8.132, 7.522, 7.955, 8.045, 8.369, 10.498, 13.068, 13.39, 12.951, 12.264, 10.602, 9.97, 11.304, 12.309, 11.187, 10.175, 10.489, 10.472, 9.782, 9.843, 9.273, 8.255, 7.881, 7.859, 5.947, 3.935, 3.817, 4.093, 4.772, 4.126, 3.227, 2.926, 2.151, 2.28, 1.956, 3.22, 3.642, 5.14, 6.777, 6.406, 6.835, 7.564, 7.093, 6.247, 6.157, 5.845, 5.368, 4.28, 4.036, 3.696, 4.254, 5.341, 4.786, 3.775, 3.247, 2.654, 3.255, 2.704, 2.678, 2.437, 2.077, 3.78, 5.608, 6.513, 7.121, 7.846, 9.196, 7.409, 4.834, 5.876], [2.375, 1.992, 1.436, 2.571, 3.0, 2.586, 1.817, 1.461, 0.0, 1.086, 1.548, 1.437, 1.707, 1.92, 2.091, 1.738, 2.492, 3.227, 3.552, 3.503, 3.408, 3.661, 3.541, 4.081, 3.635, 3.389, 4.28, 4.353, 4.661, 4.302, 3.015, 3.243, 3.762, 4.726, 5.486, 8.099, 10.072, 11.448, 11.908, 10.714, 8.115, 4.656, 4.096, 4.356, 4.749, 4.336, 4.774, 4.856, 4.636, 4.866, 4.768, 5.306, 4.953, 4.501, 4.068, 4.514, 4.681, 4.472, 3.813, 4.204, 4.909, 5.175, 4.853, 4.843, 4.472, 4.854, 5.055, 4.702, 5.123, 5.104, 4.57, 4.797, 5.196, 6.51, 6.246, 7.013, 6.953, 5.558, 4.23, 4.82, 5.223, 6.043, 6.516, 7.062, 7.387, 7.599, 7.05, 6.267, 5.596, 5.465, 6.673, 7.77, 7.601, 6.957, 6.607, 7.198, 6.919, 5.94, 4.83, 2.792, 1.455, 1.884, 3.807, 4.864, 5.512, 6.716, 6.482, 7.117, 9.173, 10.357, 8.475, 6.811, 8.959, 10.32, 8.868, 7.786, 6.9, 4.261, 3.606, 4.464, 4.702, 4.682, 4.278, 5.042, 4.904, 2.864, 2.402, 1.957, 2.337, 4.605, 8.605, 9.914, 9.833, 8.045, 7.176, 8.256, 8.144, 7.586, 8.067, 8.176, 8.31, 10.402, 12.972, 13.323, 12.859, 12.152, 10.506, 10.036, 11.423, 12.463, 11.334, 10.244, 10.648, 10.588, 9.922, 9.918, 9.388, 8.38, 7.989, 8.025, 5.974, 4.341, 4.444, 4.239, 4.729, 4.092, 3.057, 2.684, 1.77, 1.688, 1.695, 3.068, 3.765, 5.279, 6.819, 6.558, 6.946, 7.541, 7.019, 6.175, 6.226, 5.784, 5.233, 3.995, 3.753, 3.673, 3.994, 5.385, 5.129, 4.277, 3.606, 2.594, 3.035, 2.868, 3.04, 2.871, 2.393, 3.663, 5.671, 6.57, 7.137, 7.748, 9.038, 7.25, 4.715, 5.658], [2.627, 2.173, 1.564, 2.766, 3.132, 2.771, 1.882, 1.372, 1.086, 0.0, 1.175, 0.928, 1.504, 1.725, 1.87, 1.724, 2.837, 3.397, 3.854, 3.587, 3.509, 3.678, 3.69, 4.448, 4.036, 3.422, 4.565, 4.606, 4.984, 4.663, 3.406, 3.482, 4.029, 4.937, 5.7, 8.492, 10.436, 11.822, 12.363, 11.158, 8.62, 5.073, 4.235, 4.565, 4.857, 4.574, 5.131, 5.153, 5.038, 5.079, 5.059, 5.448, 5.2, 4.723, 4.438, 4.848, 5.107, 4.835, 3.966, 4.124, 5.064, 5.35, 5.223, 5.284, 4.662, 4.942, 5.219, 5.063, 5.513, 5.393, 4.958, 5.123, 5.588, 6.939, 6.683, 7.473, 7.4, 5.992, 4.617, 5.229, 5.709, 6.45, 6.827, 7.443, 7.704, 7.989, 7.485, 6.637, 6.025, 5.846, 7.063, 8.136, 7.936, 7.259, 7.055, 7.666, 7.404, 6.383, 5.265, 3.217, 1.659, 1.769, 3.423, 4.455, 5.135, 6.167, 6.023, 6.668, 8.758, 9.897, 7.968, 6.34, 8.499, 9.809, 8.283, 7.343, 6.345, 3.915, 3.526, 4.19, 4.385, 4.214, 3.735, 4.812, 4.59, 2.467, 2.034, 1.954, 2.515, 4.935, 8.763, 10.265, 10.258, 8.469, 7.579, 8.657, 8.478, 7.965, 8.493, 8.6, 8.785, 10.822, 13.404, 13.658, 13.318, 12.59, 10.922, 10.453, 11.791, 12.849, 11.711, 10.621, 11.053, 10.998, 10.316, 10.315, 9.787, 8.77, 8.445, 8.441, 6.357, 4.451, 4.407, 4.493, 5.142, 4.414, 3.25, 2.869, 1.573, 1.453, 1.811, 3.362, 4.199, 5.685, 7.205, 6.963, 7.351, 7.967, 7.363, 6.577, 6.598, 6.236, 5.515, 4.381, 4.041, 3.911, 4.493, 5.761, 5.511, 4.434, 3.907, 2.862, 3.581, 3.267, 3.382, 3.08, 2.559, 3.597, 5.561, 6.45, 7.084, 7.656, 8.633, 6.845, 4.395, 5.369], [3.031, 2.471, 2.01, 2.959, 3.311, 3.101, 2.247, 1.944, 1.548, 1.175, 0.0, 0.814, 1.927, 2.559, 2.758, 2.421, 3.292, 3.791, 4.097, 3.817, 3.785, 3.958, 4.163, 4.873, 4.445, 3.863, 5.005, 5.045, 5.423, 5.124, 3.82, 3.858, 4.334, 5.375, 6.103, 8.736, 10.715, 12.099, 12.726, 11.465, 8.917, 5.223, 4.569, 4.874, 5.18, 4.887, 5.414, 5.343, 5.18, 5.388, 5.428, 5.819, 5.472, 5.006, 4.614, 5.057, 5.26, 4.948, 4.155, 4.098, 5.093, 5.502, 5.281, 5.339, 4.737, 5.034, 5.309, 5.285, 5.786, 5.64, 5.293, 5.421, 5.891, 7.294, 7.012, 7.785, 7.65, 6.211, 4.765, 5.387, 5.851, 6.59, 6.937, 7.62, 7.9, 8.132, 7.607, 6.82, 6.156, 5.975, 7.184, 8.243, 8.105, 7.417, 7.215, 7.824, 7.527, 6.577, 5.495, 3.483, 2.121, 1.89, 3.612, 4.474, 5.066, 6.082, 5.868, 6.585, 8.576, 9.803, 7.829, 6.207, 8.378, 9.695, 8.108, 7.03, 6.117, 3.661, 3.413, 3.953, 3.931, 4.006, 3.473, 4.372, 4.548, 2.387, 1.833, 2.254, 2.731, 5.092, 8.968, 10.407, 10.363, 8.553, 7.673, 8.742, 8.611, 8.091, 8.613, 8.763, 8.941, 11.024, 13.581, 13.847, 13.483, 12.766, 11.106, 10.605, 11.944, 13.003, 11.855, 10.728, 11.138, 11.079, 10.455, 10.447, 9.961, 8.944, 8.566, 8.595, 6.484, 4.674, 4.638, 4.814, 5.381, 4.566, 3.562, 3.236, 1.708, 1.074, 2.103, 3.566, 4.367, 5.826, 7.353, 7.094, 7.488, 8.104, 7.633, 6.815, 6.839, 6.467, 5.938, 4.811, 4.346, 4.285, 4.876, 5.97, 5.74, 4.71, 4.29, 3.332, 3.882, 3.727, 3.778, 3.384, 2.721, 3.406, 5.206, 6.064, 6.605, 7.223, 8.547, 6.749, 4.284, 5.33], [3.133, 2.612, 1.912, 2.876, 3.44, 3.162, 2.157, 1.648, 1.437, 0.928, 0.814, 0.0, 1.678, 2.186, 2.418, 2.203, 3.242, 3.767, 4.045, 3.767, 3.723, 3.878, 4.107, 4.972, 4.569, 3.82, 4.839, 4.923, 5.356, 5.028, 3.902, 3.769, 4.286, 5.267, 6.209, 8.898, 10.869, 12.231, 12.804, 11.544, 8.989, 5.328, 4.494, 4.788, 5.114, 4.794, 5.308, 5.287, 5.082, 5.325, 5.35, 5.767, 5.422, 4.932, 4.528, 4.973, 5.141, 4.874, 4.09, 4.049, 5.044, 5.384, 5.236, 5.282, 4.701, 4.949, 5.25, 5.178, 5.711, 5.596, 5.169, 5.352, 5.846, 7.383, 7.149, 7.933, 7.802, 6.364, 4.957, 5.562, 6.022, 6.761, 7.142, 7.765, 8.083, 8.289, 7.779, 6.991, 6.303, 6.147, 7.361, 8.441, 8.275, 7.647, 7.358, 7.987, 7.714, 6.723, 5.63, 3.579, 2.165, 1.768, 3.255, 4.222, 4.836, 5.886, 5.709, 6.368, 8.415, 9.594, 7.649, 6.004, 8.174, 9.484, 7.951, 6.877, 5.964, 3.432, 3.38, 3.889, 3.965, 3.862, 3.319, 4.488, 4.378, 2.248, 1.814, 2.111, 2.773, 5.271, 9.198, 10.609, 10.552, 8.758, 7.877, 8.952, 8.782, 8.286, 8.803, 8.933, 9.117, 11.181, 13.738, 14.018, 13.625, 12.915, 11.264, 10.767, 12.139, 13.187, 12.054, 10.928, 11.347, 11.288, 10.642, 10.634, 10.142, 9.125, 8.73, 8.777, 6.655, 4.699, 4.704, 4.847, 5.541, 4.778, 3.648, 3.364, 1.751, 1.259, 2.151, 3.736, 4.527, 6.0, 7.543, 7.289, 7.682, 8.302, 7.782, 6.995, 7.003, 6.617, 6.024, 4.942, 4.407, 4.243, 5.002, 6.047, 5.721, 4.634, 4.161, 3.386, 3.964, 3.59, 3.641, 3.365, 2.615, 3.347, 5.084, 5.949, 6.599, 7.184, 8.338, 6.549, 4.079, 5.069], [3.063, 2.658, 2.013, 2.547, 3.402, 3.185, 2.076, 1.677, 1.707, 1.504, 1.927, 1.678, 0.0, 1.581, 2.086, 1.969, 2.815, 3.255, 3.188, 2.947, 3.0, 2.993, 3.931, 4.95, 4.522, 3.64, 4.424, 4.412, 4.878, 4.635, 3.647, 2.956, 3.256, 4.567, 6.225, 8.84, 10.825, 12.199, 12.755, 11.559, 9.071, 5.381, 3.818, 3.894, 4.195, 3.618, 4.095, 4.176, 4.204, 4.076, 4.188, 4.635, 4.512, 3.97, 3.623, 4.031, 4.236, 3.987, 3.096, 3.607, 4.437, 4.548, 4.319, 4.45, 4.014, 4.323, 4.492, 4.272, 4.853, 4.764, 4.183, 4.449, 5.54, 7.58, 7.282, 8.032, 7.963, 6.508, 5.205, 5.783, 6.165, 6.931, 7.395, 7.844, 8.1, 8.477, 7.933, 7.054, 6.55, 6.409, 7.631, 8.696, 8.373, 7.711, 7.485, 8.096, 7.837, 6.841, 5.608, 3.609, 2.252, 1.459, 2.94, 3.944, 4.849, 5.866, 5.769, 6.174, 8.48, 9.362, 7.51, 5.79, 7.954, 9.274, 7.973, 7.29, 6.194, 3.76, 3.118, 3.861, 3.932, 3.911, 3.518, 4.45, 4.082, 2.165, 2.394, 2.32, 2.827, 5.452, 9.33, 10.773, 10.837, 9.03, 8.156, 9.213, 9.05, 8.524, 9.062, 9.124, 9.257, 11.2, 13.791, 14.007, 13.758, 13.014, 11.269, 10.919, 12.309, 13.363, 12.235, 11.188, 11.636, 11.584, 10.853, 10.905, 10.359, 9.306, 8.912, 8.985, 6.916, 4.572, 4.086, 4.893, 5.608, 4.991, 3.538, 3.136, 2.249, 2.274, 2.409, 3.898, 4.683, 6.275, 7.792, 7.554, 7.947, 8.53, 7.907, 7.17, 7.171, 6.77, 5.95, 4.817, 4.088, 3.728, 4.961, 6.287, 5.486, 3.913, 3.488, 3.324, 3.794, 2.684, 2.712, 2.534, 1.761, 3.105, 5.382, 6.28, 6.86, 7.382, 8.043, 6.3, 3.852, 4.734], [2.867, 2.701, 2.175, 2.612, 3.49, 3.112, 2.174, 1.97, 1.92, 1.725, 2.559, 2.186, 1.581, 0.0, 1.387, 1.689, 2.64, 3.119, 3.289, 3.424, 3.295, 3.103, 3.668, 4.613, 4.227, 3.487, 4.401, 4.197, 4.804, 4.506, 3.42, 3.029, 3.502, 4.625, 6.068, 8.589, 10.687, 12.067, 12.542, 11.341, 8.841, 5.23, 3.718, 4.045, 4.673, 4.092, 4.502, 4.813, 4.971, 4.515, 4.258, 4.759, 4.845, 4.475, 4.36, 4.664, 4.941, 4.822, 4.004, 4.721, 5.507, 5.537, 5.14, 5.236, 4.941, 5.419, 5.47, 4.911, 5.048, 5.042, 4.352, 4.706, 5.483, 7.459, 7.209, 7.961, 7.912, 6.456, 5.172, 5.751, 6.093, 6.891, 7.346, 7.749, 7.938, 8.397, 7.825, 6.879, 6.491, 6.355, 7.586, 8.643, 8.29, 7.411, 7.313, 7.932, 7.619, 6.719, 5.475, 3.452, 2.337, 1.918, 3.173, 4.159, 5.169, 6.154, 6.233, 6.444, 8.631, 9.67, 7.868, 6.045, 8.247, 9.609, 8.297, 7.805, 6.657, 4.495, 4.196, 4.858, 4.897, 4.144, 4.166, 5.564, 5.032, 3.039, 2.91, 2.698, 2.848, 5.366, 9.175, 10.64, 10.76, 8.98, 8.106, 9.16, 8.961, 8.465, 8.988, 9.062, 9.13, 10.901, 13.49, 13.907, 13.569, 12.881, 11.103, 10.831, 12.201, 13.268, 12.127, 11.129, 11.593, 11.547, 10.809, 10.866, 10.328, 9.274, 8.833, 8.937, 6.881, 4.388, 3.884, 4.861, 5.56, 4.947, 3.443, 3.045, 2.234, 2.7, 2.757, 3.983, 4.651, 6.243, 7.757, 7.522, 7.91, 8.434, 7.822, 7.046, 7.029, 6.647, 5.638, 4.358, 3.931, 3.639, 4.778, 6.175, 5.533, 4.167, 3.472, 3.215, 3.534, 2.581, 2.829, 2.733, 2.769, 4.022, 6.026, 6.907, 7.617, 8.193, 8.187, 6.38, 4.539, 5.176], [2.535, 2.387, 2.225, 2.995, 3.551, 3.08, 2.407, 2.112, 2.091, 1.87, 2.758, 2.418, 2.086, 1.387, 0.0, 1.832, 3.062, 3.466, 3.917, 4.194, 3.923, 3.651, 3.785, 4.523, 4.234, 3.705, 4.813, 4.559, 5.284, 4.966, 3.793, 3.831, 4.301, 5.225, 6.03, 8.422, 10.567, 11.96, 12.41, 11.24, 8.72, 5.314, 4.175, 4.759, 5.453, 4.778, 5.074, 5.455, 5.72, 5.053, 5.015, 5.514, 5.746, 5.335, 5.146, 5.475, 5.737, 5.504, 4.616, 5.371, 6.154, 6.142, 5.799, 5.962, 5.638, 6.098, 6.118, 5.708, 5.872, 5.881, 5.251, 5.542, 6.031, 7.393, 7.126, 7.887, 7.828, 6.374, 5.137, 5.656, 5.99, 6.778, 7.235, 7.534, 7.73, 8.229, 7.65, 6.73, 6.396, 6.247, 7.489, 8.532, 8.186, 7.246, 7.158, 7.806, 7.482, 6.616, 5.267, 3.364, 2.238, 2.605, 3.933, 4.572, 5.972, 6.883, 7.13, 7.02, 9.411, 9.874, 8.404, 6.333, 8.633, 9.806, 8.909, 8.665, 7.466, 5.395, 4.901, 5.65, 5.666, 4.95, 4.877, 6.294, 5.782, 3.691, 3.078, 2.583, 2.828, 5.249, 9.015, 10.494, 10.65, 8.872, 7.998, 9.052, 8.847, 8.357, 8.871, 8.933, 8.986, 10.688, 13.294, 13.733, 13.389, 12.67, 10.902, 10.64, 12.019, 13.093, 12.003, 11.021, 11.486, 11.436, 10.698, 10.756, 10.225, 9.171, 8.73, 8.827, 6.77, 4.24, 4.054, 4.822, 5.496, 4.844, 2.951, 2.471, 1.978, 2.84, 2.729, 3.928, 4.534, 6.14, 7.654, 7.419, 7.8, 8.321, 7.778, 7.069, 7.02, 6.638, 5.664, 4.463, 4.171, 4.089, 4.816, 6.342, 6.011, 4.979, 4.086, 3.359, 3.799, 3.273, 3.673, 3.525, 3.37, 4.795, 7.003, 7.908, 8.584, 9.153, 8.509, 6.879, 5.022, 5.42], [2.183, 2.325, 2.29, 2.41, 2.554, 2.097, 1.657, 1.889, 1.738, 1.724, 2.421, 2.203, 1.969, 1.689, 1.832, 0.0, 1.893, 2.449, 2.908, 3.007, 3.054, 3.026, 2.888, 3.59, 3.161, 2.568, 3.624, 3.534, 3.836, 3.532, 2.391, 2.614, 3.325, 3.88, 4.903, 7.801, 9.762, 11.13, 11.689, 10.485, 7.933, 4.288, 3.237, 3.677, 4.341, 4.167, 4.703, 5.056, 4.941, 4.763, 4.097, 4.295, 4.398, 4.355, 4.307, 4.487, 4.754, 4.883, 4.37, 4.852, 5.617, 5.669, 5.19, 5.063, 4.869, 5.511, 5.561, 4.693, 4.505, 4.542, 4.043, 4.089, 4.562, 6.262, 6.022, 6.806, 6.742, 5.341, 3.962, 4.566, 5.004, 5.767, 6.169, 6.794, 7.004, 7.307, 6.79, 5.956, 5.325, 5.199, 6.414, 7.463, 7.246, 6.523, 6.368, 6.988, 6.712, 5.709, 4.585, 2.801, 1.747, 2.358, 4.313, 5.152, 6.271, 7.081, 7.126, 7.57, 9.824, 10.606, 8.71, 7.1, 9.196, 10.51, 9.192, 8.59, 7.454, 5.095, 4.498, 5.304, 5.437, 5.267, 4.745, 5.847, 5.44, 3.584, 3.294, 2.677, 2.268, 4.277, 8.075, 9.542, 9.6, 7.811, 6.927, 8.001, 7.819, 7.302, 7.829, 7.928, 8.095, 10.14, 12.727, 12.974, 12.638, 11.915, 10.24, 9.773, 11.14, 12.203, 11.062, 9.976, 10.403, 10.344, 9.67, 9.665, 9.136, 8.128, 7.75, 7.783, 5.698, 3.609, 3.936, 3.791, 4.454, 3.755, 2.332, 1.975, 2.175, 2.543, 2.221, 3.13, 3.615, 5.035, 6.549, 6.314, 6.702, 7.293, 6.709, 5.857, 5.845, 5.512, 4.731, 3.397, 3.026, 2.713, 3.7, 4.987, 4.54, 3.701, 2.893, 2.11, 2.649, 2.223, 2.626, 2.609, 2.833, 4.624, 6.646, 7.518, 8.144, 8.697, 9.286, 7.596, 5.27, 6.064], [2.555, 2.709, 2.516, 1.942, 1.668, 1.667, 1.735, 2.558, 2.492, 2.837, 3.292, 3.242, 2.815, 2.64, 3.062, 1.893, 0.0, 1.588, 1.792, 1.956, 1.814, 1.788, 1.864, 2.617, 2.257, 1.718, 2.522, 2.243, 2.68, 2.283, 1.385, 1.583, 2.093, 2.723, 4.079, 6.66, 8.669, 10.095, 10.592, 9.442, 6.894, 3.223, 2.009, 2.297, 2.982, 2.857, 3.357, 3.825, 3.956, 3.625, 2.642, 3.189, 3.359, 4.029, 3.874, 3.757, 3.735, 4.635, 4.259, 4.437, 5.16, 4.799, 4.092, 4.148, 4.449, 5.1, 4.808, 3.396, 3.208, 3.385, 2.655, 2.905, 3.394, 5.363, 5.122, 5.906, 5.843, 4.439, 3.066, 3.656, 4.066, 4.812, 5.243, 5.692, 5.934, 6.386, 5.82, 4.882, 4.41, 4.346, 5.489, 6.538, 6.27, 5.555, 5.366, 5.939, 5.695, 4.657, 3.519, 2.559, 2.252, 2.678, 4.923, 6.083, 6.749, 8.026, 7.548, 8.298, 10.361, 11.508, 9.683, 7.957, 10.096, 11.476, 10.041, 9.123, 8.086, 5.627, 4.655, 5.661, 5.837, 5.942, 5.589, 5.88, 6.079, 4.05, 3.929, 3.435, 2.523, 3.525, 7.201, 8.553, 8.676, 6.887, 6.013, 7.066, 6.883, 6.383, 6.899, 6.994, 7.094, 9.038, 11.626, 11.895, 11.582, 10.804, 9.131, 8.828, 10.195, 11.257, 10.124, 9.045, 9.489, 9.43, 8.753, 8.751, 8.229, 7.211, 6.83, 6.881, 4.793, 2.551, 2.833, 2.758, 3.489, 2.825, 2.007, 1.932, 2.795, 3.071, 2.304, 3.099, 3.317, 4.231, 5.635, 5.4, 5.787, 6.345, 5.74, 4.924, 4.938, 4.559, 3.712, 2.391, 2.35, 1.865, 2.552, 4.011, 3.231, 2.456, 1.606, 1.375, 1.62, 1.61, 1.406, 1.524, 2.766, 4.557, 6.961, 7.837, 8.213, 8.835, 10.197, 8.409, 5.799, 6.828], [2.62, 3.11, 2.952, 2.319, 2.079, 1.715, 2.243, 3.157, 3.227, 3.397, 3.791, 3.767, 3.255, 3.119, 3.466, 2.449, 1.588, 0.0, 1.404, 1.886, 1.76, 1.783, 1.157, 2.177, 1.892, 1.545, 1.834, 1.883, 2.206, 2.06, 1.301, 1.803, 2.207, 2.248, 3.637, 5.991, 8.126, 9.537, 10.012, 8.843, 6.259, 2.646, 1.407, 1.998, 3.196, 3.374, 3.691, 4.298, 4.579, 4.117, 2.781, 3.119, 3.93, 4.498, 4.49, 4.211, 4.305, 5.21, 4.816, 4.643, 5.473, 5.215, 4.427, 4.483, 4.837, 5.42, 5.277, 3.861, 3.452, 3.285, 2.762, 2.763, 3.175, 4.865, 4.637, 5.428, 5.319, 3.893, 2.603, 3.135, 3.498, 4.272, 4.712, 5.158, 5.387, 5.821, 5.243, 4.3, 3.958, 4.014, 4.972, 6.005, 5.717, 4.926, 4.778, 5.291, 5.02, 4.071, 2.982, 2.666, 2.679, 3.355, 5.606, 6.592, 7.359, 8.634, 8.256, 8.789, 10.797, 12.119, 10.271, 8.494, 10.709, 12.09, 10.685, 9.715, 8.691, 6.187, 5.1, 6.18, 6.355, 6.452, 6.22, 6.373, 6.741, 4.438, 4.459, 4.011, 2.999, 3.155, 6.669, 7.997, 8.13, 6.386, 5.489, 6.532, 6.345, 5.846, 6.352, 6.434, 6.494, 8.338, 10.933, 11.338, 10.888, 10.195, 8.529, 8.264, 9.637, 10.695, 9.555, 8.511, 8.964, 8.904, 8.211, 8.226, 7.684, 6.671, 6.253, 6.329, 4.262, 2.034, 2.866, 2.258, 3.003, 2.399, 1.952, 2.278, 3.173, 3.712, 2.707, 2.921, 2.986, 3.669, 5.109, 4.874, 5.262, 5.805, 5.246, 4.428, 4.495, 4.047, 3.135, 2.192, 2.137, 1.784, 2.393, 3.517, 2.82, 2.514, 1.504, 1.617, 1.72, 1.599, 2.176, 2.046, 3.283, 4.998, 7.56, 8.448, 8.722, 9.515, 10.731, 8.943, 6.271, 7.309], [3.295, 3.722, 3.309, 2.158, 2.1, 2.081, 2.35, 3.091, 3.552, 3.854, 4.097, 4.045, 3.188, 3.289, 3.917, 2.908, 1.792, 1.404, 0.0, 1.424, 1.686, 1.412, 1.711, 2.68, 2.265, 1.312, 1.664, 1.875, 2.304, 2.166, 1.535, 1.619, 1.84, 2.152, 3.906, 6.222, 8.336, 9.739, 10.122, 8.919, 6.301, 2.694, 1.486, 1.65, 2.743, 2.838, 3.441, 3.942, 3.956, 3.586, 2.348, 2.852, 3.362, 4.358, 4.186, 3.939, 3.953, 4.841, 4.763, 4.413, 5.258, 4.681, 3.618, 3.986, 4.501, 5.194, 4.724, 3.141, 2.716, 2.611, 2.28, 2.044, 2.904, 4.885, 4.636, 5.441, 5.345, 3.884, 2.679, 3.162, 3.48, 4.346, 4.825, 5.274, 5.624, 5.794, 5.275, 4.583, 4.064, 4.051, 5.018, 6.119, 5.871, 5.167, 4.922, 5.412, 5.066, 4.289, 3.347, 3.075, 3.111, 3.513, 5.517, 6.538, 7.296, 8.477, 8.17, 8.755, 10.747, 12.136, 10.216, 8.477, 10.687, 12.065, 10.666, 9.452, 8.62, 5.929, 4.93, 5.926, 6.292, 6.278, 6.04, 6.158, 6.639, 4.491, 4.67, 4.422, 3.247, 3.391, 6.872, 8.267, 8.146, 6.405, 5.493, 6.589, 6.488, 5.928, 6.38, 6.446, 6.568, 8.524, 11.096, 11.554, 11.053, 10.412, 8.683, 8.277, 9.661, 10.693, 9.573, 8.573, 8.967, 8.913, 8.182, 8.256, 7.693, 6.64, 6.215, 6.313, 4.317, 2.203, 2.567, 2.549, 3.04, 2.541, 2.553, 2.791, 3.777, 4.149, 3.129, 3.34, 3.265, 4.099, 5.151, 4.887, 5.275, 5.886, 5.373, 4.555, 4.514, 4.101, 3.448, 2.51, 2.459, 2.107, 2.66, 3.524, 2.692, 2.04, 1.143, 1.822, 1.831, 1.623, 1.451, 1.71, 2.999, 4.794, 7.246, 8.136, 8.354, 9.172, 10.712, 8.921, 6.201, 7.304], [3.794, 4.15, 3.597, 2.464, 2.441, 2.501, 2.243, 2.858, 3.503, 3.587, 3.817, 3.767, 2.947, 3.424, 4.194, 3.007, 1.956, 1.886, 1.424, 0.0, 1.146, 1.611, 2.259, 3.241, 2.881, 1.937, 2.099, 2.399, 2.743, 2.557, 1.914, 1.213, 1.366, 2.432, 4.302, 6.9, 8.876, 10.252, 10.773, 9.547, 6.969, 3.379, 1.996, 1.615, 1.971, 2.61, 3.12, 3.663, 3.522, 3.467, 2.283, 2.587, 2.769, 3.597, 3.453, 3.251, 3.297, 4.193, 4.27, 3.798, 4.642, 4.237, 3.318, 3.515, 3.81, 4.566, 4.24, 2.408, 2.342, 2.189, 1.965, 1.777, 3.165, 5.24, 4.926, 5.72, 5.632, 4.2, 2.878, 3.56, 3.972, 4.781, 5.201, 5.83, 6.158, 6.24, 5.803, 5.122, 4.464, 4.447, 5.399, 6.469, 6.364, 5.781, 5.435, 6.069, 5.742, 4.834, 4.043, 3.339, 3.404, 3.191, 5.157, 6.203, 6.808, 7.881, 7.623, 8.448, 10.445, 11.684, 9.735, 8.117, 10.287, 11.597, 10.075, 8.824, 8.043, 5.336, 4.296, 5.361, 5.783, 5.965, 5.428, 5.529, 6.04, 4.11, 4.496, 4.356, 3.23, 3.682, 7.319, 8.764, 8.498, 6.799, 5.84, 6.954, 6.842, 6.27, 6.741, 6.855, 7.135, 9.235, 11.806, 12.113, 11.698, 10.983, 9.328, 8.766, 10.078, 11.107, 9.972, 8.927, 9.294, 9.263, 8.585, 8.579, 8.056, 7.036, 6.7, 6.67, 4.67, 2.656, 2.8, 3.012, 3.611, 3.124, 3.01, 3.139, 4.168, 4.149, 3.248, 3.769, 3.809, 4.389, 5.529, 5.205, 5.62, 6.297, 5.785, 4.892, 4.938, 4.543, 4.003, 3.088, 2.892, 2.408, 2.967, 3.893, 2.993, 1.601, 1.757, 2.166, 2.344, 2.077, 1.523, 1.585, 2.491, 4.276, 6.499, 7.402, 7.635, 8.529, 10.392, 8.604, 5.921, 6.978], [3.791, 4.007, 3.399, 2.42, 2.229, 2.375, 2.318, 3.038, 3.408, 3.509, 3.785, 3.723, 3.0, 3.295, 3.923, 3.054, 1.814, 1.76, 1.686, 1.146, 0.0, 1.149, 1.953, 2.916, 2.508, 1.961, 2.029, 2.146, 2.319, 2.151, 1.705, 1.223, 1.427, 2.023, 3.945, 6.49, 8.439, 9.812, 10.411, 9.2, 6.612, 3.023, 1.794, 1.35, 1.906, 2.491, 2.981, 3.467, 3.564, 3.323, 2.195, 2.509, 3.16, 3.888, 3.77, 3.485, 3.5, 4.577, 4.4, 3.906, 4.684, 4.174, 3.327, 3.549, 4.225, 4.633, 4.24, 2.37, 2.353, 2.395, 1.777, 1.993, 2.984, 5.075, 4.834, 5.589, 5.474, 4.06, 2.899, 3.291, 3.767, 4.5, 4.955, 5.454, 5.702, 6.08, 5.539, 4.71, 4.366, 4.399, 5.177, 6.202, 5.988, 5.364, 5.18, 5.695, 5.429, 4.446, 3.784, 3.234, 3.304, 3.286, 5.311, 6.387, 6.96, 8.167, 7.796, 8.611, 10.624, 11.848, 9.927, 8.291, 10.45, 11.77, 10.278, 9.177, 8.255, 5.654, 4.512, 5.687, 5.942, 6.146, 5.727, 5.791, 6.22, 4.219, 4.488, 4.163, 3.258, 3.739, 6.982, 8.307, 8.344, 6.667, 5.738, 6.731, 6.558, 6.057, 6.568, 6.691, 6.834, 8.828, 11.411, 11.685, 11.327, 10.601, 8.925, 8.552, 9.89, 10.953, 9.807, 8.711, 9.151, 9.092, 8.427, 8.419, 7.893, 6.885, 6.524, 6.534, 4.448, 2.261, 2.426, 2.706, 3.386, 2.81, 2.993, 3.118, 3.985, 3.939, 3.069, 3.617, 3.884, 4.487, 5.304, 5.065, 5.449, 6.041, 5.477, 4.652, 4.729, 4.337, 3.587, 2.768, 2.859, 2.26, 2.724, 3.75, 2.834, 1.548, 1.585, 2.245, 2.107, 2.039, 1.391, 1.453, 2.865, 4.508, 6.88, 7.782, 8.086, 8.888, 10.535, 8.747, 6.067, 7.121], [3.501, 3.642, 3.224, 2.083, 1.923, 2.354, 2.288, 3.181, 3.661, 3.678, 3.958, 3.878, 2.993, 3.103, 3.651, 3.026, 1.788, 1.783, 1.412, 1.611, 1.149, 0.0, 2.071, 3.046, 2.605, 1.793, 1.904, 2.154, 2.396, 2.339, 1.881, 1.675, 1.862, 2.199, 3.975, 6.173, 8.215, 9.56, 10.188, 8.943, 6.441, 2.921, 1.515, 1.586, 2.308, 2.475, 2.943, 3.476, 3.9, 3.153, 2.302, 2.94, 3.467, 4.248, 4.229, 3.851, 3.923, 4.92, 4.597, 4.135, 4.902, 4.228, 3.298, 3.698, 4.471, 4.837, 4.347, 2.686, 2.488, 2.491, 1.904, 2.182, 3.125, 5.077, 4.858, 5.581, 5.454, 3.972, 2.969, 3.266, 3.6, 4.422, 4.838, 5.224, 5.407, 5.881, 5.304, 4.651, 4.599, 4.57, 5.18, 6.166, 5.809, 5.07, 5.08, 5.507, 5.219, 4.362, 3.478, 2.856, 3.249, 3.354, 5.408, 6.604, 7.268, 8.433, 8.059, 8.657, 10.796, 11.978, 10.167, 8.351, 10.582, 11.927, 10.56, 9.617, 8.567, 6.086, 4.938, 6.029, 6.222, 6.338, 6.135, 6.191, 6.591, 4.322, 4.456, 4.023, 3.075, 4.005, 6.874, 8.188, 8.273, 6.678, 5.783, 6.665, 6.473, 6.066, 6.497, 6.578, 6.672, 8.523, 11.131, 11.432, 11.14, 10.393, 8.604, 8.418, 9.686, 10.753, 9.645, 8.642, 9.093, 9.039, 8.319, 8.358, 7.825, 6.772, 6.351, 6.447, 4.426, 2.132, 1.672, 2.578, 3.193, 2.636, 2.868, 2.85, 3.649, 4.059, 2.908, 3.241, 3.543, 4.505, 5.274, 5.019, 5.432, 5.988, 5.455, 4.692, 4.724, 4.262, 3.37, 3.0, 3.134, 2.712, 3.078, 3.801, 3.058, 1.749, 1.454, 2.311, 1.914, 1.969, 1.476, 1.377, 3.137, 4.721, 7.313, 8.233, 8.37, 9.331, 10.591, 8.789, 6.121, 7.209], [2.74, 3.204, 3.06, 2.271, 1.844, 1.555, 2.398, 3.385, 3.541, 3.69, 4.163, 4.107, 3.931, 3.668, 3.785, 2.888, 1.864, 1.157, 1.711, 2.259, 1.953, 2.071, 0.0, 1.524, 1.249, 1.166, 1.455, 1.651, 1.913, 1.639, 1.265, 1.989, 2.52, 2.028, 2.9, 5.102, 7.166, 8.574, 9.055, 7.856, 5.297, 1.854, 1.301, 2.062, 3.436, 3.777, 4.031, 4.597, 5.013, 4.611, 3.197, 3.395, 4.399, 5.279, 5.184, 4.764, 4.869, 5.953, 5.704, 5.146, 5.941, 5.474, 4.632, 4.812, 5.513, 5.867, 5.553, 4.003, 3.557, 3.492, 2.848, 2.92, 2.701, 3.94, 3.682, 4.466, 4.367, 2.955, 2.036, 2.235, 2.593, 3.301, 3.8, 4.204, 4.468, 4.844, 4.272, 3.368, 3.227, 3.28, 4.064, 5.055, 4.759, 4.102, 3.867, 4.322, 4.041, 3.12, 2.283, 2.607, 2.875, 4.147, 6.503, 7.523, 8.237, 9.523, 9.103, 9.713, 11.714, 13.053, 11.179, 9.443, 11.657, 13.008, 11.629, 10.518, 9.593, 6.993, 5.885, 7.002, 7.231, 7.299, 7.063, 7.184, 7.59, 5.04, 4.72, 4.258, 3.129, 2.58, 5.791, 7.125, 7.175, 5.579, 4.63, 5.577, 5.415, 4.962, 5.397, 5.463, 5.541, 7.409, 9.992, 10.407, 9.94, 9.278, 7.58, 7.305, 8.67, 9.725, 8.589, 7.556, 8.009, 7.953, 7.236, 7.274, 6.734, 5.696, 5.278, 5.367, 3.317, 1.442, 2.685, 1.487, 2.248, 1.669, 1.984, 2.408, 3.427, 4.1, 2.911, 2.517, 2.591, 3.074, 4.158, 3.923, 4.311, 4.853, 4.296, 3.565, 3.556, 3.12, 2.312, 1.785, 2.053, 1.858, 1.821, 2.798, 2.364, 2.593, 1.497, 1.466, 1.39, 2.124, 2.508, 2.335, 4.047, 5.713, 8.334, 9.226, 9.425, 10.25, 11.683, 9.886, 7.165, 8.26], [2.842, 3.321, 4.044, 3.518, 2.518, 2.404, 3.53, 4.359, 4.081, 4.448, 4.873, 4.972, 4.95, 4.613, 4.523, 3.59, 2.617, 2.177, 2.68, 3.241, 2.916, 3.046, 1.524, 0.0, 1.039, 1.98, 2.254, 2.3, 2.414, 2.297, 2.059, 2.984, 3.402, 2.375, 2.08, 4.377, 6.349, 7.793, 8.273, 7.119, 4.515, 1.648, 2.057, 2.927, 4.321, 4.655, 5.152, 5.662, 6.078, 5.381, 4.101, 4.016, 5.415, 6.353, 6.278, 5.838, 5.949, 7.123, 6.55, 6.239, 7.053, 6.588, 5.675, 5.852, 6.601, 7.03, 6.674, 4.921, 4.468, 4.385, 3.759, 3.87, 3.199, 3.058, 2.8, 3.825, 3.693, 2.864, 2.244, 2.304, 2.441, 2.568, 3.101, 3.465, 3.717, 4.209, 3.579, 2.71, 2.434, 2.476, 3.188, 4.164, 3.902, 3.217, 3.121, 3.545, 3.268, 2.442, 2.274, 3.077, 3.354, 5.034, 7.402, 8.439, 9.208, 10.418, 10.106, 10.671, 12.713, 13.901, 12.008, 10.279, 12.448, 13.867, 12.372, 11.539, 10.411, 7.956, 6.999, 8.031, 8.209, 8.271, 7.921, 8.182, 8.576, 6.1, 5.326, 4.583, 3.641, 2.461, 4.806, 6.147, 6.294, 4.742, 3.806, 4.692, 4.524, 4.103, 4.54, 4.637, 4.726, 6.601, 9.205, 9.551, 9.16, 8.392, 6.744, 6.475, 7.832, 8.891, 7.75, 6.67, 7.113, 7.054, 6.396, 6.389, 5.889, 4.872, 4.462, 4.531, 2.531, 1.99, 3.386, 1.706, 1.784, 1.57, 2.268, 2.607, 3.932, 4.586, 3.414, 2.885, 2.804, 2.509, 3.258, 3.034, 3.411, 3.993, 3.46, 2.773, 2.887, 2.433, 1.772, 1.496, 2.102, 2.107, 1.262, 2.32, 2.472, 3.534, 2.391, 2.149, 2.137, 3.26, 3.474, 3.346, 5.151, 6.884, 9.445, 10.339, 10.517, 11.319, 12.573, 10.789, 8.105, 9.159], [2.721, 3.16, 3.691, 3.024, 2.159, 2.033, 3.053, 3.814, 3.635, 4.036, 4.445, 4.569, 4.522, 4.227, 4.234, 3.161, 2.257, 1.892, 2.265, 2.881, 2.508, 2.605, 1.249, 1.039, 0.0, 1.464, 1.779, 2.102, 2.089, 1.862, 1.518, 2.446, 3.029, 2.157, 2.295, 4.872, 6.706, 8.055, 8.666, 7.434, 4.874, 1.75, 1.748, 2.466, 3.836, 4.004, 4.688, 5.159, 5.418, 4.958, 3.743, 3.666, 4.829, 5.834, 5.752, 5.286, 5.45, 6.52, 6.155, 5.742, 6.478, 5.906, 5.059, 5.278, 6.071, 6.41, 5.982, 4.387, 3.958, 3.859, 3.304, 3.339, 2.888, 3.367, 3.115, 3.982, 3.932, 2.581, 1.921, 2.02, 2.231, 2.771, 3.291, 3.748, 3.952, 4.362, 3.791, 3.01, 2.753, 2.759, 3.521, 4.499, 4.2, 3.497, 3.388, 3.919, 3.651, 2.738, 2.056, 2.677, 2.859, 4.654, 6.992, 8.088, 8.805, 9.872, 9.606, 10.306, 12.318, 13.547, 11.601, 9.961, 12.136, 13.459, 11.996, 11.017, 9.932, 7.45, 6.477, 7.44, 7.712, 7.808, 7.46, 7.614, 8.047, 5.657, 5.019, 4.358, 3.242, 2.287, 5.122, 6.549, 6.638, 4.982, 4.052, 5.022, 4.853, 4.432, 4.868, 4.93, 5.059, 7.042, 9.636, 9.876, 9.578, 8.871, 7.14, 6.765, 8.112, 9.178, 8.037, 6.994, 7.442, 7.388, 6.658, 6.71, 6.164, 5.114, 4.721, 4.797, 2.774, 1.799, 3.028, 1.483, 1.817, 1.433, 2.052, 2.469, 3.709, 4.166, 3.088, 2.478, 2.477, 2.626, 3.593, 3.358, 3.746, 4.331, 3.809, 3.044, 3.132, 2.752, 2.106, 1.613, 2.114, 2.007, 1.359, 2.573, 2.437, 3.057, 1.988, 1.865, 1.629, 2.796, 2.903, 2.73, 4.595, 6.335, 8.909, 9.812, 9.978, 10.789, 12.238, 10.45, 7.738, 8.825], [2.763, 3.242, 3.162, 2.123, 1.685, 1.592, 2.187, 3.058, 3.389, 3.422, 3.863, 3.82, 3.64, 3.487, 3.705, 2.568, 1.718, 1.545, 1.312, 1.937, 1.961, 1.793, 1.166, 1.98, 1.464, 0.0, 1.494, 1.884, 2.035, 1.77, 1.052, 1.872, 2.379, 2.054, 2.921, 5.605, 7.53, 8.885, 9.447, 8.234, 5.682, 2.231, 1.411, 2.305, 3.273, 3.565, 4.302, 4.728, 4.704, 4.397, 3.083, 3.324, 3.936, 4.992, 4.841, 4.588, 4.684, 5.6, 5.451, 5.049, 5.934, 5.398, 4.504, 4.809, 5.275, 5.824, 5.409, 3.748, 3.329, 3.181, 2.879, 2.635, 2.76, 4.076, 3.771, 4.529, 4.438, 2.998, 2.02, 2.391, 2.751, 3.507, 3.922, 4.52, 4.8, 5.009, 4.515, 3.866, 3.315, 3.26, 4.147, 5.222, 5.013, 4.339, 4.208, 4.746, 4.428, 3.575, 2.728, 2.726, 2.832, 3.973, 6.317, 7.381, 8.063, 9.056, 8.838, 9.63, 11.652, 12.892, 10.973, 9.297, 11.466, 12.803, 11.305, 10.191, 9.274, 6.642, 5.692, 6.602, 7.049, 7.141, 6.669, 6.774, 7.295, 4.849, 4.552, 4.03, 2.881, 2.565, 5.857, 7.397, 7.339, 5.577, 4.674, 5.73, 5.597, 5.043, 5.579, 5.658, 5.855, 7.909, 10.484, 10.749, 10.42, 9.728, 8.009, 7.508, 8.824, 9.882, 8.74, 7.703, 8.13, 8.08, 7.349, 7.4, 6.854, 5.801, 5.462, 5.486, 3.443, 1.722, 2.54, 1.802, 2.257, 1.672, 1.888, 2.306, 3.423, 3.847, 2.932, 2.647, 2.641, 3.268, 4.291, 4.048, 4.436, 5.047, 4.515, 3.766, 3.749, 3.368, 2.696, 1.874, 2.139, 1.844, 1.909, 2.915, 2.476, 2.439, 1.308, 1.291, 1.476, 2.09, 1.997, 2.029, 3.706, 5.541, 7.975, 8.869, 9.1, 9.904, 11.548, 9.76, 7.086, 8.135], [3.99, 4.426, 3.795, 2.715, 2.373, 2.592, 2.986, 3.814, 4.28, 4.565, 5.005, 4.839, 4.424, 4.401, 4.813, 3.624, 2.522, 1.834, 1.664, 2.099, 2.029, 1.904, 1.455, 2.254, 1.779, 1.494, 0.0, 1.665, 1.381, 1.367, 1.681, 2.182, 2.422, 1.499, 2.979, 5.121, 7.128, 8.486, 8.888, 7.645, 5.182, 1.795, 1.202, 1.801, 3.062, 3.789, 4.132, 4.706, 4.974, 4.663, 3.327, 3.438, 4.382, 5.369, 5.324, 4.87, 5.007, 5.951, 6.179, 5.184, 5.728, 5.069, 4.111, 4.395, 5.355, 5.724, 5.145, 3.249, 2.561, 2.511, 2.173, 2.088, 1.837, 3.495, 3.274, 4.017, 3.908, 2.487, 2.01, 2.102, 2.33, 3.083, 3.527, 4.004, 4.352, 4.345, 3.919, 3.694, 3.531, 3.49, 3.821, 4.862, 4.625, 4.174, 3.839, 4.357, 3.94, 3.236, 2.889, 3.487, 3.774, 4.731, 6.919, 8.033, 8.75, 9.713, 9.5, 10.201, 12.214, 13.552, 11.614, 9.913, 12.119, 13.419, 12.02, 10.762, 9.998, 7.284, 6.158, 7.282, 7.721, 7.746, 7.385, 7.458, 7.99, 5.635, 5.743, 5.313, 4.066, 3.132, 5.851, 7.106, 6.798, 5.234, 4.352, 5.238, 5.144, 4.713, 5.01, 5.127, 5.357, 7.357, 9.957, 10.352, 9.909, 9.248, 7.507, 6.946, 8.207, 9.244, 8.153, 7.188, 7.535, 7.518, 6.797, 6.853, 6.322, 5.257, 4.843, 4.925, 3.102, 1.888, 2.657, 1.746, 2.274, 2.056, 3.098, 3.54, 4.642, 4.977, 3.659, 2.986, 2.867, 3.251, 3.794, 3.466, 3.876, 4.579, 4.096, 3.247, 3.157, 2.814, 2.392, 2.113, 2.46, 2.089, 2.165, 2.325, 1.562, 1.973, 1.538, 2.307, 1.874, 2.495, 2.46, 2.382, 4.201, 6.097, 8.268, 9.19, 9.294, 10.437, 12.183, 10.343, 7.674, 8.799], [3.863, 4.396, 4.029, 3.159, 2.754, 2.7, 3.175, 4.07, 4.353, 4.606, 5.045, 4.923, 4.412, 4.197, 4.559, 3.534, 2.243, 1.883, 1.875, 2.399, 2.146, 2.154, 1.651, 2.3, 2.102, 1.884, 1.665, 0.0, 1.289, 1.307, 1.833, 2.011, 1.9, 1.166, 2.588, 4.767, 6.915, 8.333, 8.819, 7.67, 5.095, 1.962, 1.489, 1.939, 3.241, 3.973, 4.317, 4.84, 5.124, 4.479, 3.197, 3.333, 4.476, 5.478, 5.453, 5.162, 5.119, 6.187, 5.906, 5.605, 6.338, 5.789, 4.892, 5.196, 5.83, 6.274, 5.847, 3.834, 3.03, 3.178, 2.472, 2.434, 1.912, 3.651, 3.853, 4.214, 4.268, 3.087, 2.774, 2.762, 3.019, 3.477, 3.914, 4.032, 4.233, 4.651, 4.079, 3.601, 3.576, 3.598, 4.001, 4.86, 4.615, 4.275, 4.632, 4.708, 4.073, 3.712, 3.385, 3.785, 3.846, 4.393, 6.711, 7.819, 8.485, 9.85, 9.364, 9.971, 12.052, 13.261, 11.488, 9.663, 11.887, 13.251, 11.896, 10.925, 9.938, 7.421, 6.242, 7.447, 7.594, 7.723, 7.475, 7.556, 7.869, 5.649, 5.581, 5.125, 4.173, 3.534, 5.666, 6.947, 6.972, 6.119, 4.841, 5.562, 5.389, 4.751, 5.228, 5.264, 5.372, 7.203, 9.802, 10.184, 9.743, 8.991, 7.342, 7.258, 8.5, 9.526, 8.381, 7.35, 7.801, 7.744, 7.039, 7.065, 6.519, 5.497, 5.081, 5.142, 3.15, 1.871, 3.035, 2.439, 2.885, 2.637, 3.038, 3.417, 4.42, 4.884, 3.698, 3.888, 3.951, 4.229, 4.083, 3.84, 4.101, 4.632, 4.072, 3.246, 3.297, 2.927, 2.0