[[0.0, 1.447, 2.608, 1.955, 2.219, 1.94, 1.543, 1.361, 3.465, 3.456, 3.433, 3.995, 3.698, 2.477, 3.372, 5.927, 6.615, 7.51, 7.625, 6.675, 6.624, 8.895, 9.592, 8.872, 7.964, 7.725, 8.622, 9.865, 9.632, 8.983, 10.026, 10.867, 11.443, 10.363, 9.567, 10.194, 10.326, 9.766, 8.553, 6.184, 5.163, 5.838, 4.754, 4.394, 5.582, 7.333, 9.266, 9.398, 8.245, 5.667, 4.305, 4.159, 3.509, 2.3, 3.505, 2.971, 3.263, 4.993, 4.775, 4.163, 6.22, 8.378, 9.553, 10.962, 12.228, 12.227, 12.84, 13.67, 14.854, 15.889, 15.86, 16.209, 17.076, 17.866, 16.725, 16.168, 17.337, 16.814, 15.706, 16.64, 17.677, 16.821, 16.116, 15.884, 13.843, 14.26, 15.156, 15.219, 16.123, 15.308, 15.325, 17.052, 17.128, 16.961, 17.733, 18.121, 17.369, 16.608, 14.807, 13.008, 12.613, 13.11, 12.844, 13.337, 14.697, 15.149, 14.817, 14.737, 13.65, 12.389, 13.407, 14.876, 15.312, 15.586, 15.426, 14.784, 14.136, 14.194, 14.693, 13.881, 12.932, 13.302, 13.634, 12.475, 11.306, 11.638, 13.098, 13.302, 13.529, 16.228, 19.439, 18.514, 14.888, 15.394, 16.802, 16.71, 14.712, 13.957, 14.458, 15.2, 14.377, 13.974, 14.821, 14.793, 13.186, 11.301], [1.447, 0.0, 1.827, 1.108, 1.898, 1.489, 1.058, 1.595, 3.9, 3.965, 3.063, 3.369, 3.122, 2.0, 3.313, 6.053, 7.099, 8.069, 8.214, 7.309, 7.254, 9.547, 10.25, 9.507, 8.625, 8.364, 9.226, 10.459, 10.265, 9.465, 10.57, 11.449, 11.858, 10.375, 9.883, 10.449, 10.597, 9.921, 8.714, 6.504, 5.154, 6.358, 5.333, 4.992, 6.18, 7.753, 9.89, 10.007, 8.658, 5.924, 4.717, 4.428, 3.457, 2.617, 3.697, 3.014, 3.283, 5.261, 4.91, 4.478, 6.684, 8.811, 9.72, 11.036, 12.386, 12.488, 13.011, 13.862, 15.299, 16.223, 16.126, 16.568, 17.67, 18.49, 17.197, 16.633, 17.81, 17.368, 16.215, 16.97, 18.024, 17.375, 16.752, 16.455, 14.338, 14.643, 15.354, 15.287, 16.496, 15.693, 15.713, 17.563, 17.746, 17.591, 18.347, 18.677, 17.9, 17.248, 15.459, 13.66, 13.237, 13.734, 13.459, 13.901, 15.31, 15.81, 15.437, 15.297, 14.229, 12.97, 14.062, 15.511, 15.974, 16.247, 16.087, 15.445, 14.691, 14.61, 14.938, 14.445, 13.41, 13.768, 14.232, 13.05, 11.948, 12.228, 13.475, 13.922, 14.161, 16.86, 20.073, 19.134, 15.401, 15.55, 16.95, 16.856, 14.78, 13.974, 14.488, 15.168, 14.344, 14.178, 15.112, 15.144, 13.803, 11.858], [2.608, 1.827, 0.0, 1.491, 3.042, 2.099, 1.667, 2.917, 5.643, 5.694, 4.309, 3.141, 2.991, 3.047, 4.665, 7.678, 8.788, 9.739, 9.957, 9.085, 9.023, 11.32, 12.031, 11.257, 10.392, 10.15, 10.991, 12.148, 11.995, 11.142, 12.309, 13.133, 13.525, 11.54, 11.559, 12.154, 12.233, 11.535, 10.385, 8.235, 6.517, 8.038, 7.017, 6.702, 7.956, 9.524, 11.643, 11.794, 10.408, 7.557, 6.315, 6.048, 4.831, 4.234, 5.227, 4.427, 4.66, 6.877, 6.451, 6.189, 8.445, 10.528, 11.238, 12.4, 13.914, 14.055, 14.57, 15.438, 16.976, 17.792, 17.684, 18.224, 19.405, 20.267, 18.95, 18.302, 19.482, 19.043, 17.897, 18.617, 19.725, 19.128, 18.539, 18.154, 16.107, 16.323, 16.962, 16.863, 18.173, 17.37, 17.398, 19.251, 19.481, 19.338, 20.041, 20.349, 19.631, 19.029, 17.241, 15.447, 14.926, 15.414, 15.16, 15.585, 17.019, 17.598, 17.209, 17.078, 15.963, 14.649, 15.821, 17.244, 17.761, 18.033, 17.868, 17.218, 16.442, 16.272, 16.626, 16.146, 15.087, 15.446, 15.951, 14.741, 13.709, 14.012, 15.139, 15.602, 15.892, 18.602, 21.809, 20.873, 17.113, 17.129, 18.461, 18.243, 15.945, 15.237, 15.795, 16.182, 15.506, 15.756, 16.763, 16.859, 15.576, 13.601], [1.955, 1.108, 1.491, 0.0, 1.763, 1.247, 1.501, 2.095, 4.335, 4.413, 3.138, 2.855, 2.71, 2.076, 3.654, 6.448, 7.532, 8.509, 8.679, 7.772, 7.662, 9.972, 10.678, 9.895, 9.038, 8.826, 9.668, 10.926, 10.732, 9.918, 11.007, 11.89, 12.228, 10.636, 10.329, 10.845, 10.862, 10.267, 9.1, 6.904, 5.402, 6.809, 5.766, 5.425, 6.588, 8.158, 10.355, 10.466, 9.095, 6.307, 5.092, 4.779, 3.573, 2.99, 3.916, 3.202, 3.533, 5.568, 5.15, 4.79, 7.157, 9.261, 10.081, 11.287, 12.649, 12.762, 13.296, 14.121, 15.703, 16.51, 16.372, 16.936, 18.128, 18.903, 17.618, 17.035, 18.236, 17.805, 16.654, 17.338, 18.445, 17.795, 17.174, 16.889, 14.757, 15.066, 15.729, 15.646, 16.879, 16.094, 16.136, 17.991, 18.211, 18.053, 18.809, 19.113, 18.34, 17.676, 15.875, 14.092, 13.687, 14.191, 13.909, 14.334, 15.76, 16.232, 15.902, 15.762, 14.683, 13.42, 14.508, 15.977, 16.395, 16.681, 16.509, 15.867, 15.156, 15.0, 15.312, 14.868, 13.829, 14.19, 14.667, 13.483, 12.38, 12.69, 13.873, 14.369, 14.626, 17.322, 20.533, 19.597, 15.824, 15.842, 17.231, 17.11, 15.047, 14.212, 14.714, 15.352, 14.529, 14.469, 15.492, 15.539, 14.225, 12.323], [2.219, 1.898, 3.042, 1.763, 0.0, 1.358, 2.052, 1.455, 2.776, 2.845, 2.291, 2.68, 2.633, 1.488, 2.363, 4.79, 5.874, 6.862, 7.095, 6.184, 6.112, 8.415, 9.126, 8.343, 7.487, 7.242, 8.061, 9.289, 9.133, 8.281, 9.418, 10.243, 10.553, 8.987, 8.683, 9.166, 9.24, 8.585, 7.493, 5.512, 4.053, 5.172, 4.107, 3.815, 5.042, 6.612, 8.771, 8.882, 7.485, 4.671, 3.465, 3.145, 2.166, 1.83, 2.366, 1.695, 2.103, 4.14, 3.907, 3.41, 5.567, 7.648, 8.444, 9.609, 10.988, 11.112, 11.635, 12.469, 14.034, 14.859, 14.734, 15.305, 16.545, 17.344, 16.024, 15.366, 16.602, 16.155, 15.005, 15.672, 16.787, 16.174, 15.622, 15.251, 13.203, 13.415, 14.11, 14.095, 15.213, 14.426, 14.471, 16.342, 16.619, 16.437, 17.169, 17.47, 16.718, 16.124, 14.329, 12.535, 12.054, 12.554, 12.279, 12.676, 14.138, 14.686, 14.305, 14.178, 13.099, 11.773, 12.91, 14.34, 14.849, 15.123, 14.963, 14.313, 13.536, 13.331, 13.707, 13.218, 12.171, 12.543, 13.05, 11.827, 10.785, 11.096, 12.204, 12.72, 13.027, 15.73, 18.942, 18.003, 14.19, 14.192, 15.633, 15.453, 13.367, 12.568, 13.125, 13.903, 13.067, 12.843, 13.813, 13.989, 12.678, 10.738], [1.94, 1.489, 2.099, 1.247, 1.358, 0.0, 1.5, 1.687, 3.864, 3.88, 3.049, 2.795, 2.773, 2.073, 3.048, 5.718, 6.875, 7.835, 8.103, 7.251, 7.195, 9.499, 10.21, 9.428, 8.571, 8.336, 9.155, 10.244, 10.141, 9.265, 10.426, 11.212, 11.461, 9.673, 9.591, 10.184, 10.309, 9.58, 8.569, 6.422, 4.66, 6.113, 5.014, 4.888, 6.139, 7.71, 9.828, 9.98, 8.556, 5.694, 4.486, 3.999, 2.843, 2.245, 3.255, 2.561, 2.796, 4.834, 4.562, 4.291, 6.63, 8.647, 9.28, 10.383, 11.893, 11.978, 12.483, 13.357, 14.947, 15.733, 15.699, 16.202, 17.529, 18.414, 17.08, 16.319, 17.637, 17.142, 15.974, 16.585, 17.812, 17.248, 16.706, 16.255, 14.287, 14.413, 15.114, 15.112, 16.241, 15.424, 15.378, 17.323, 17.614, 17.496, 18.185, 18.446, 17.815, 17.209, 15.426, 13.632, 13.063, 13.495, 13.28, 13.626, 15.142, 15.783, 15.37, 15.263, 14.114, 12.753, 14.007, 15.43, 15.946, 16.213, 16.048, 15.394, 14.612, 14.33, 14.758, 14.209, 13.077, 13.496, 14.035, 12.815, 11.866, 12.171, 13.16, 13.629, 14.017, 16.775, 19.982, 18.993, 15.177, 15.137, 16.591, 16.32, 14.126, 13.283, 14.007, 14.573, 13.691, 13.761, 14.725, 15.08, 13.756, 11.747], [1.543, 1.058, 1.667, 1.501, 2.052, 1.5, 0.0, 1.614, 4.354, 4.404, 3.249, 3.366, 3.303, 2.133, 3.47, 6.305, 7.466, 8.39, 8.612, 7.792, 7.717, 10.022, 10.733, 9.953, 9.095, 8.861, 9.68, 10.823, 10.65, 9.815, 10.935, 11.766, 12.103, 10.331, 10.198, 10.807, 10.851, 10.18, 9.095, 6.906, 5.179, 6.706, 5.639, 5.413, 6.664, 8.235, 10.353, 10.505, 9.081, 6.264, 5.077, 4.655, 3.467, 2.869, 3.863, 3.14, 3.398, 5.451, 5.011, 4.817, 7.155, 9.155, 9.941, 11.05, 12.512, 12.619, 13.134, 13.995, 15.58, 16.37, 16.292, 16.815, 18.051, 18.953, 17.634, 16.921, 18.177, 17.705, 16.523, 17.212, 18.396, 17.785, 17.228, 16.777, 14.809, 15.0, 15.683, 15.643, 16.826, 15.986, 16.013, 17.863, 18.136, 18.04, 18.764, 19.008, 18.339, 17.731, 15.951, 14.157, 13.588, 14.088, 13.788, 14.212, 15.673, 16.308, 15.91, 15.788, 14.639, 13.331, 14.532, 15.975, 16.472, 16.735, 16.57, 15.92, 15.147, 14.934, 15.289, 14.78, 13.702, 14.058, 14.552, 13.356, 12.407, 12.712, 13.751, 14.238, 14.54, 17.315, 20.522, 19.516, 15.707, 15.745, 17.098, 16.928, 14.794, 13.916, 14.543, 15.139, 14.303, 14.372, 15.369, 15.603, 14.278, 12.256], [1.361, 1.595, 2.917, 2.095, 1.455, 1.687, 1.614, 0.0, 2.797, 2.903, 3.111, 3.795, 3.576, 2.063, 2.634, 4.926, 5.951, 6.914, 7.128, 6.225, 6.163, 8.467, 9.179, 8.422, 7.556, 7.294, 8.115, 9.336, 9.167, 8.343, 9.456, 10.298, 10.708, 9.252, 8.75, 9.305, 9.404, 8.803, 7.581, 5.749, 4.456, 5.219, 4.182, 3.865, 5.098, 6.673, 8.805, 8.938, 7.531, 4.771, 3.574, 3.348, 2.854, 1.773, 2.507, 2.071, 2.581, 4.433, 4.22, 3.741, 5.667, 7.686, 8.555, 9.848, 11.142, 11.295, 11.816, 12.688, 14.152, 14.997, 14.924, 15.476, 16.581, 17.406, 16.078, 15.467, 16.661, 16.224, 15.07, 15.805, 16.875, 16.249, 15.677, 15.306, 13.263, 13.494, 14.188, 14.282, 15.33, 14.545, 14.564, 16.411, 16.655, 16.478, 17.22, 17.531, 16.791, 16.177, 14.385, 12.591, 12.095, 12.601, 12.318, 12.75, 14.177, 14.742, 14.351, 14.222, 13.133, 11.824, 12.967, 14.405, 14.905, 15.179, 15.016, 14.365, 13.584, 13.447, 13.785, 13.292, 12.262, 12.621, 13.099, 11.9, 10.841, 11.149, 12.321, 12.775, 13.061, 15.766, 18.977, 18.041, 14.265, 14.331, 15.804, 15.619, 13.586, 12.84, 13.426, 14.216, 13.402, 13.128, 13.989, 14.145, 12.753, 10.792], [3.465, 3.9, 5.643, 4.335, 2.776, 3.864, 4.354, 2.797, 0.0, 1.382, 3.107, 4.588, 4.414, 2.958, 2.138, 2.885, 3.507, 4.245, 4.411, 3.808, 4.032, 5.702, 6.397, 5.684, 4.783, 4.527, 5.421, 6.634, 6.418, 5.718, 6.823, 7.666, 8.161, 7.643, 6.625, 6.987, 7.453, 6.593, 5.277, 4.717, 3.894, 3.177, 2.735, 2.238, 2.565, 4.024, 6.075, 6.222, 4.896, 3.05, 2.075, 2.49, 3.083, 2.435, 1.685, 1.876, 2.978, 3.627, 3.377, 2.989, 3.519, 5.112, 6.561, 7.825, 8.992, 9.136, 9.72, 10.542, 11.582, 12.608, 12.77, 13.175, 14.021, 14.769, 13.555, 12.939, 14.04, 13.577, 12.529, 13.347, 14.324, 13.584, 12.917, 12.68, 10.583, 10.942, 11.755, 12.167, 12.928, 12.125, 12.028, 13.805, 13.914, 13.745, 14.507, 14.881, 14.138, 13.421, 11.604, 9.805, 9.386, 9.899, 9.621, 10.087, 11.495, 11.954, 11.6, 11.527, 10.432, 9.164, 10.189, 11.657, 12.118, 12.391, 12.232, 11.584, 10.896, 10.953, 11.332, 10.68, 9.695, 10.043, 10.432, 9.275, 8.08, 8.416, 9.801, 10.09, 10.317, 13.025, 16.24, 15.304, 11.661, 11.98, 13.639, 13.403, 11.522, 10.903, 11.639, 12.324, 11.602, 11.066, 11.744, 11.754, 10.182, 8.206], [3.456, 3.965, 5.694, 4.413, 2.845, 3.88, 4.404, 2.903, 1.382, 0.0, 2.283, 3.892, 4.142, 2.854, 1.674, 2.699, 3.38, 4.397, 4.432, 3.419, 3.487, 5.684, 6.341, 5.699, 4.783, 4.457, 5.451, 6.63, 6.333, 5.728, 6.791, 7.654, 8.17, 7.09, 6.263, 6.881, 7.077, 6.447, 5.273, 3.848, 2.839, 2.66, 2.12, 1.844, 2.435, 4.063, 6.03, 6.229, 4.958, 2.407, 1.455, 1.812, 2.353, 2.235, 1.615, 1.596, 2.23, 2.623, 2.524, 2.024, 3.043, 5.067, 6.257, 7.649, 8.878, 8.909, 9.502, 10.366, 11.591, 12.592, 12.531, 12.945, 13.825, 14.659, 13.504, 12.916, 14.044, 13.589, 12.464, 13.366, 14.354, 13.646, 12.879, 12.67, 10.614, 10.959, 11.849, 11.983, 12.841, 12.0, 12.01, 13.792, 13.835, 13.69, 14.442, 14.888, 14.181, 13.426, 11.593, 9.794, 9.351, 9.886, 9.608, 10.084, 11.483, 11.904, 11.576, 11.539, 10.408, 9.167, 10.176, 11.611, 12.068, 12.341, 12.176, 11.54, 10.936, 10.939, 11.368, 10.668, 9.702, 10.05, 10.419, 9.262, 8.088, 8.38, 9.811, 10.067, 10.23, 12.927, 16.135, 15.212, 11.664, 12.045, 13.503, 13.398, 11.394, 10.667, 11.284, 12.061, 11.235, 10.708, 11.568, 11.593, 9.931, 7.945], [3.433, 3.063, 4.309, 3.138, 2.291, 3.049, 3.249, 3.111, 3.107, 2.283, 0.0, 2.201, 2.677, 1.749, 2.001, 4.026, 4.824, 5.805, 5.968, 5.092, 4.957, 7.179, 7.89, 7.121, 6.254, 6.005, 6.841, 8.048, 7.883, 7.134, 8.168, 8.991, 9.27, 8.2, 7.607, 8.106, 8.213, 7.669, 6.658, 4.17, 2.921, 3.985, 2.96, 2.783, 3.812, 5.512, 7.521, 7.652, 6.38, 3.78, 2.522, 2.378, 1.641, 2.107, 2.302, 1.989, 1.844, 2.818, 2.515, 2.181, 4.613, 6.491, 7.491, 8.83, 10.066, 10.034, 10.668, 11.532, 12.852, 13.673, 13.667, 14.226, 15.4, 16.135, 14.835, 14.212, 15.433, 15.003, 13.784, 14.591, 15.655, 14.931, 14.425, 14.004, 11.98, 12.221, 13.177, 13.316, 14.078, 13.303, 13.301, 15.104, 15.371, 15.184, 15.922, 16.23, 15.485, 14.888, 13.096, 11.316, 10.808, 11.313, 11.021, 11.416, 12.863, 13.452, 13.075, 12.932, 11.849, 10.527, 11.676, 13.112, 13.616, 13.89, 13.728, 13.077, 12.461, 12.154, 12.617, 11.928, 10.944, 11.272, 11.794, 10.554, 9.546, 9.855, 10.926, 11.457, 11.769, 14.481, 17.693, 16.743, 12.91, 13.195, 14.793, 14.566, 12.582, 11.78, 12.342, 12.956, 12.121, 11.811, 12.844, 13.063, 11.639, 9.668], [3.995, 3.369, 3.141, 2.855, 2.68, 2.795, 3.366, 3.795, 4.588, 3.892, 2.201, 0.0, 1.319, 2.039, 3.0, 5.497, 6.606, 7.61, 7.81, 6.872, 6.792, 9.096, 9.808, 9.025, 8.168, 7.924, 8.744, 9.946, 9.793, 8.938, 10.082, 10.902, 11.23, 9.099, 9.338, 9.862, 9.932, 9.26, 8.148, 5.986, 4.158, 5.829, 4.786, 4.481, 5.727, 7.298, 9.431, 9.568, 8.151, 5.343, 4.197, 4.016, 2.759, 3.122, 3.361, 2.99, 2.436, 4.54, 4.134, 3.891, 6.224, 8.306, 8.99, 10.007, 11.546, 11.732, 12.228, 13.066, 14.723, 15.499, 15.346, 15.934, 17.194, 18.03, 16.695, 16.053, 17.26, 16.815, 15.662, 16.352, 17.465, 16.872, 16.303, 15.92, 13.884, 14.074, 14.71, 14.56, 15.887, 15.107, 15.157, 17.005, 17.279, 17.106, 17.829, 18.132, 17.396, 16.806, 15.014, 13.22, 12.714, 13.211, 12.938, 13.354, 14.797, 15.371, 14.979, 14.851, 13.759, 12.428, 13.595, 15.019, 15.535, 15.808, 15.645, 14.994, 14.212, 14.02, 14.353, 13.902, 12.849, 13.198, 13.718, 12.509, 11.47, 11.772, 12.893, 13.379, 13.687, 16.39, 19.601, 18.666, 14.871, 14.776, 16.163, 15.809, 13.446, 12.836, 13.206, 13.506, 13.062, 13.453, 14.49, 14.634, 13.353, 11.398], [3.698, 3.122, 2.991, 2.71, 2.633, 2.773, 3.303, 3.576, 4.414, 4.142, 2.677, 1.319, 0.0, 2.09, 3.122, 6.094, 7.143, 8.098, 8.328, 7.399, 7.333, 9.622, 10.332, 9.575, 8.693, 8.456, 9.292, 10.531, 10.347, 9.548, 10.678, 11.501, 11.926, 10.034, 9.929, 10.518, 10.563, 9.937, 8.707, 6.517, 5.007, 6.414, 5.388, 5.03, 6.258, 7.819, 9.985, 10.101, 8.726, 5.973, 4.76, 4.496, 3.289, 3.1, 3.775, 3.114, 2.978, 5.285, 4.89, 4.508, 6.779, 8.856, 9.633, 10.841, 12.351, 12.486, 12.99, 13.855, 15.371, 16.221, 16.105, 16.633, 17.776, 18.577, 17.28, 16.691, 17.858, 17.407, 16.275, 17.02, 18.095, 17.406, 16.828, 16.524, 14.417, 14.707, 15.295, 15.183, 16.55, 15.777, 15.784, 17.634, 17.836, 17.659, 18.418, 18.728, 17.965, 17.33, 15.534, 13.74, 13.29, 13.796, 13.496, 13.945, 15.343, 15.891, 15.522, 15.403, 14.314, 13.017, 14.118, 15.582, 16.054, 16.328, 16.168, 15.519, 14.77, 14.667, 14.989, 14.515, 13.482, 13.841, 14.278, 13.11, 11.99, 12.321, 13.54, 13.958, 14.239, 16.948, 20.16, 19.22, 15.467, 15.564, 16.928, 16.735, 14.513, 13.749, 14.033, 14.516, 13.898, 14.156, 15.162, 15.178, 13.877, 11.953], [2.477, 2.0, 3.047, 2.076, 1.488, 2.073, 2.133, 2.063, 2.958, 2.854, 1.749, 2.039, 2.09, 0.0, 1.939, 4.805, 5.897, 6.898, 7.118, 6.212, 6.15, 8.455, 9.166, 8.393, 7.531, 7.281, 8.101, 9.328, 9.156, 8.32, 9.441, 10.271, 10.616, 8.852, 8.709, 9.226, 9.282, 8.625, 7.51, 5.333, 3.725, 5.211, 4.13, 3.845, 5.084, 6.655, 8.795, 8.925, 7.508, 4.718, 3.539, 3.202, 2.154, 2.24, 2.546, 1.592, 1.905, 3.958, 3.567, 3.238, 5.588, 7.662, 8.381, 9.578, 11.035, 11.166, 11.666, 12.528, 14.079, 14.912, 14.784, 15.333, 16.56, 17.39, 16.058, 15.416, 16.636, 16.186, 15.037, 15.724, 16.817, 16.205, 15.661, 15.283, 13.242, 13.449, 14.1, 14.004, 15.267, 14.498, 14.51, 16.38, 16.644, 16.459, 17.205, 17.509, 16.766, 16.164, 14.372, 12.578, 12.087, 12.592, 12.295, 12.699, 14.15, 14.728, 14.335, 14.208, 13.122, 11.806, 12.952, 14.394, 14.892, 15.166, 15.003, 14.353, 13.568, 13.376, 13.729, 13.242, 12.197, 12.575, 13.062, 11.848, 10.828, 11.132, 12.247, 12.747, 13.049, 15.756, 18.967, 18.021, 14.204, 14.241, 15.645, 15.448, 13.305, 12.478, 12.94, 13.425, 12.654, 12.846, 13.869, 13.997, 12.711, 10.762], [3.372, 3.313, 4.665, 3.654, 2.363, 3.048, 3.47, 2.634, 2.138, 1.674, 2.001, 3.0, 3.122, 1.939, 0.0, 3.272, 4.4, 5.296, 5.492, 4.689, 4.64, 6.913, 7.618, 6.905, 6.013, 5.769, 6.598, 7.719, 7.514, 6.691, 7.819, 8.647, 9.074, 7.277, 7.07, 7.798, 7.889, 7.181, 6.007, 4.123, 2.541, 3.586, 3.044, 2.779, 3.597, 5.13, 7.244, 7.396, 5.993, 3.26, 2.251, 2.013, 1.9, 2.287, 2.275, 1.227, 1.699, 2.849, 2.503, 2.171, 4.045, 6.011, 6.923, 8.126, 9.612, 9.695, 10.162, 11.048, 12.517, 13.391, 13.364, 13.802, 14.96, 15.859, 14.55, 13.861, 15.094, 14.626, 13.417, 14.18, 15.355, 14.711, 14.113, 13.677, 11.705, 11.956, 12.643, 12.483, 13.807, 12.917, 12.962, 14.776, 14.991, 14.935, 15.666, 15.897, 15.262, 14.616, 12.842, 11.064, 10.499, 10.984, 10.66, 11.148, 12.576, 13.199, 12.822, 12.679, 11.529, 10.229, 11.449, 12.872, 13.362, 13.62, 13.455, 12.805, 12.052, 11.907, 12.266, 11.73, 10.66, 10.986, 11.437, 10.251, 9.298, 9.61, 10.688, 11.14, 11.395, 14.207, 17.414, 16.377, 12.615, 12.83, 14.115, 14.092, 11.859, 11.019, 11.448, 12.06, 11.269, 11.367, 12.358, 12.456, 11.163, 9.143], [5.927, 6.053, 7.678, 6.448, 4.79, 5.718, 6.305, 4.926, 2.885, 2.699, 4.026, 5.497, 6.094, 4.805, 3.272, 0.0, 1.405, 2.312, 2.525, 2.014, 2.477, 3.87, 4.536, 3.813, 3.243, 2.94, 3.509, 4.592, 4.453, 3.619, 4.741, 5.526, 5.885, 4.822, 4.09, 4.599, 4.935, 4.128, 3.557, 3.918, 3.113, 2.26, 3.264, 3.065, 2.401, 2.085, 4.155, 4.306, 2.958, 1.746, 2.119, 2.364, 3.289, 4.007, 2.985, 3.399, 3.587, 3.228, 3.198, 3.059, 1.765, 2.964, 4.025, 5.165, 6.483, 6.594, 7.141, 8.003, 9.302, 10.196, 10.27, 10.809, 11.934, 12.805, 11.463, 10.689, 11.982, 11.477, 10.288, 10.966, 12.165, 11.588, 11.04, 10.579, 8.615, 8.753, 9.609, 9.8, 10.634, 9.825, 9.732, 11.644, 11.935, 11.821, 12.513, 12.772, 12.131, 11.533, 9.753, 7.984, 7.402, 7.86, 7.602, 7.989, 9.468, 10.11, 9.717, 9.59, 8.44, 7.09, 8.37, 9.756, 10.273, 10.537, 10.372, 9.721, 8.927, 8.686, 9.128, 8.552, 7.426, 7.804, 8.355, 7.151, 6.209, 6.507, 7.482, 7.964, 8.334, 11.108, 14.317, 13.313, 9.519, 9.616, 11.163, 10.975, 8.945, 8.261, 9.078, 9.798, 8.925, 8.55, 9.233, 9.593, 8.208, 6.102], [6.615, 7.099, 8.788, 7.532, 5.874, 6.875, 7.466, 5.951, 3.507, 3.38, 4.824, 6.606, 7.143, 5.897, 4.4, 1.405, 0.0, 1.296, 1.878, 1.944, 2.262, 2.886, 3.347, 2.932, 2.758, 2.525, 2.594, 3.448, 3.315, 2.808, 3.665, 4.407, 4.994, 4.504, 3.508, 3.843, 4.464, 3.953, 3.644, 4.381, 4.095, 2.632, 3.808, 3.51, 2.714, 1.58, 3.159, 3.146, 2.267, 2.202, 2.743, 3.264, 4.342, 4.844, 3.897, 4.499, 4.641, 3.881, 4.109, 3.844, 2.056, 2.111, 3.379, 4.669, 5.722, 5.798, 6.499, 7.268, 8.299, 9.302, 9.533, 9.935, 10.873, 11.655, 10.358, 9.634, 10.876, 10.364, 9.256, 10.107, 11.107, 10.421, 9.855, 9.473, 7.527, 7.7, 8.725, 9.149, 9.609, 8.875, 8.73, 10.582, 10.806, 10.648, 11.331, 11.683, 11.038, 10.368, 8.556, 6.773, 6.245, 6.709, 6.454, 6.817, 8.304, 8.913, 8.515, 8.429, 7.301, 5.953, 7.159, 8.56, 9.077, 9.349, 9.184, 8.534, 7.816, 7.65, 8.209, 7.428, 6.412, 6.786, 7.218, 6.013, 5.012, 5.329, 6.527, 6.862, 7.198, 9.913, 13.121, 12.176, 8.434, 8.791, 10.446, 10.231, 8.263, 7.716, 8.625, 9.231, 8.457, 7.867, 8.503, 8.647, 7.139, 5.182], [7.51, 8.069, 9.739, 8.509, 6.862, 7.835, 8.39, 6.914, 4.245, 4.397, 5.805, 7.61, 8.098, 6.898, 5.296, 2.312, 1.296, 0.0, 1.302, 2.194, 2.468, 2.066, 2.715, 2.477, 2.374, 2.385, 2.009, 2.47, 2.533, 2.206, 3.018, 3.449, 4.091, 4.635, 3.519, 3.928, 4.65, 4.065, 3.778, 4.757, 5.068, 3.135, 4.453, 4.06, 3.234, 1.745, 2.232, 2.248, 1.95, 3.047, 3.611, 4.149, 5.275, 5.717, 4.763, 5.507, 5.641, 4.763, 5.014, 4.81, 2.888, 1.903, 3.23, 4.541, 5.548, 5.538, 6.306, 6.865, 7.555, 8.493, 9.287, 9.498, 10.177, 10.903, 9.552, 8.789, 9.974, 9.481, 8.542, 9.431, 10.352, 9.54, 8.997, 8.515, 6.618, 6.871, 7.99, 8.862, 9.175, 8.297, 8.043, 9.674, 9.836, 9.751, 10.408, 10.667, 10.102, 9.435, 7.626, 5.835, 5.251, 5.712, 5.451, 5.902, 7.385, 7.984, 7.606, 7.513, 6.335, 4.992, 6.214, 7.632, 8.146, 8.407, 8.242, 7.593, 7.027, 6.92, 7.481, 6.553, 5.491, 5.82, 6.271, 5.086, 4.096, 4.464, 5.621, 5.881, 6.2, 8.98, 12.19, 11.182, 7.496, 8.076, 9.845, 9.67, 7.849, 7.423, 8.595, 9.278, 8.426, 7.748, 8.196, 8.182, 6.701, 4.772], [7.625, 8.214, 9.957, 8.679, 7.095, 8.103, 8.612, 7.128, 4.411, 4.432, 5.968, 7.81, 8.328, 7.118, 5.492, 2.525, 1.878, 1.302, 0.0, 1.615, 1.912, 1.703, 2.769, 2.757, 2.395, 2.123, 2.207, 2.436, 2.456, 2.49, 3.188, 3.414, 3.952, 4.469, 3.37, 3.753, 4.343, 3.462, 3.203, 4.293, 4.943, 2.985, 4.141, 3.834, 2.862, 1.838, 2.172, 2.034, 1.507, 2.982, 3.687, 4.371, 5.548, 5.975, 4.966, 5.726, 5.785, 4.69, 5.003, 4.816, 2.766, 1.926, 3.305, 4.457, 5.51, 5.618, 6.326, 7.024, 7.687, 8.608, 9.356, 9.627, 10.057, 10.779, 9.503, 8.88, 9.981, 9.584, 8.527, 9.623, 10.494, 9.425, 8.981, 8.377, 6.495, 6.948, 8.062, 8.849, 9.335, 8.453, 8.249, 9.68, 9.609, 9.576, 10.258, 10.55, 9.934, 9.201, 7.411, 5.708, 5.178, 5.657, 5.402, 5.951, 7.284, 7.784, 7.436, 7.355, 6.179, 4.929, 6.088, 7.495, 7.926, 8.164, 7.995, 7.384, 7.076, 7.081, 7.569, 6.399, 5.445, 5.775, 6.105, 4.951, 3.936, 4.379, 5.616, 5.809, 5.965, 8.749, 11.956, 10.937, 7.311, 8.266, 10.029, 9.846, 8.045, 7.518, 8.561, 9.149, 8.369, 7.687, 8.303, 8.243, 6.679, 4.498], [6.675, 7.309, 9.085, 7.772, 6.184, 7.251, 7.792, 6.225, 3.808, 3.419, 5.092, 6.872, 7.399, 6.212, 4.689, 2.014, 1.944, 2.194, 1.615, 0.0, 1.063, 2.38, 3.256, 2.917, 2.458, 1.87, 2.463, 3.511, 3.146, 2.97, 3.909, 4.447, 5.072, 4.564, 3.62, 3.981, 4.335, 3.726, 2.783, 3.136, 3.795, 2.116, 3.319, 3.177, 2.257, 1.816, 2.875, 2.98, 2.004, 1.889, 2.82, 3.597, 4.742, 5.168, 4.266, 4.831, 4.904, 3.546, 3.922, 3.628, 1.871, 2.084, 3.614, 4.902, 6.044, 6.076, 6.723, 7.587, 8.468, 9.518, 9.731, 10.105, 10.651, 11.394, 10.369, 9.786, 10.943, 10.408, 9.323, 10.325, 11.301, 10.421, 9.671, 9.426, 7.467, 7.878, 8.819, 9.219, 9.84, 9.033, 8.96, 10.656, 10.535, 10.353, 11.17, 11.672, 10.953, 10.131, 8.261, 6.574, 6.204, 6.731, 6.53, 7.056, 8.322, 8.619, 8.283, 8.38, 7.284, 6.013, 7.055, 8.358, 8.76, 8.979, 8.798, 8.146, 7.715, 7.839, 8.33, 7.379, 6.512, 6.922, 7.202, 6.013, 4.759, 5.173, 6.709, 6.832, 6.911, 9.573, 12.783, 11.901, 8.424, 9.022, 10.709, 10.498, 8.586, 7.976, 8.685, 9.397, 8.666, 8.043, 8.746, 8.712, 6.938, 4.988], [6.624, 7.254, 9.023, 7.662, 6.112, 7.195, 7.717, 6.163, 4.032, 3.487, 4.957, 6.792, 7.333, 6.15, 4.64, 2.477, 2.262, 2.468, 1.912, 1.063, 0.0, 2.396, 3.321, 3.042, 2.777, 2.346, 2.667, 3.488, 3.311, 3.139, 3.951, 4.457, 5.036, 4.454, 3.559, 3.97, 4.244, 3.688, 2.588, 2.756, 3.446, 2.027, 3.139, 3.068, 2.155, 1.909, 3.02, 2.958, 1.99, 1.717, 2.772, 3.496, 4.637, 5.112, 4.297, 4.764, 4.812, 3.176, 3.56, 3.286, 2.09, 2.192, 3.521, 4.834, 6.001, 6.017, 6.654, 7.552, 8.435, 9.493, 9.651, 10.019, 10.63, 11.327, 10.315, 9.756, 10.909, 10.388, 9.263, 10.312, 11.304, 10.389, 9.624, 9.396, 7.377, 7.834, 8.818, 9.126, 9.82, 8.981, 8.956, 10.6, 10.612, 10.456, 11.242, 11.668, 10.925, 10.079, 8.275, 6.586, 6.221, 6.731, 6.499, 6.997, 8.302, 8.646, 8.305, 8.353, 7.266, 6.017, 7.061, 8.451, 8.809, 9.071, 8.858, 8.237, 7.709, 7.814, 8.314, 7.391, 6.505, 6.893, 7.197, 6.024, 4.802, 5.177, 6.662, 6.813, 7.016, 9.698, 12.92, 12.0, 8.404, 9.017, 10.659, 10.478, 8.542, 7.895, 8.556, 9.305, 8.59, 7.983, 8.682, 8.628, 6.914, 5.062], [8.895, 9.547, 11.32, 9.972, 8.415, 9.499, 10.022, 8.467, 5.702, 5.684, 7.179, 9.096, 9.622, 8.455, 6.913, 3.87, 2.886, 2.066, 1.703, 2.38, 2.396, 0.0, 1.63, 1.863, 1.761, 1.561, 1.474, 1.497, 1.515, 2.158, 2.391, 2.409, 3.262, 4.453, 3.408, 3.634, 4.275, 3.724, 3.423, 4.495, 5.464, 3.568, 4.754, 4.647, 3.417, 2.219, 1.294, 1.156, 1.705, 3.838, 5.019, 5.791, 6.941, 7.371, 6.323, 7.066, 7.116, 5.173, 5.48, 5.328, 3.038, 2.039, 2.891, 4.281, 5.247, 5.294, 6.051, 6.615, 7.242, 7.989, 8.93, 9.188, 9.467, 9.833, 8.793, 8.268, 9.226, 8.876, 8.104, 9.119, 9.772, 8.582, 8.149, 7.493, 5.441, 6.153, 7.318, 8.324, 8.775, 7.961, 7.661, 8.979, 8.677, 8.44, 9.017, 9.507, 8.864, 7.944, 6.187, 4.589, 4.098, 4.612, 4.466, 4.962, 6.162, 6.492, 6.46, 6.307, 5.14, 3.887, 5.038, 6.293, 6.53, 6.737, 6.57, 6.041, 6.242, 6.395, 6.831, 5.402, 4.78, 5.016, 5.318, 3.996, 2.768, 3.462, 4.855, 4.819, 4.703, 7.374, 10.594, 9.72, 6.265, 7.55, 9.416, 9.123, 7.477, 7.118, 8.167, 8.888, 8.138, 7.456, 7.938, 7.569, 5.946, 4.246], [9.592, 10.25, 12.031, 10.678, 9.126, 10.21, 10.733, 9.179, 6.397, 6.341, 7.89, 9.808, 10.332, 9.166, 7.618, 4.536, 3.347, 2.715, 2.769, 3.256, 3.321, 1.63, 0.0, 1.163, 1.873, 2.218, 1.894, 1.523, 1.664, 2.431, 1.989, 2.156, 3.359, 4.95, 3.974, 4.16, 4.855, 4.728, 4.379, 5.452, 6.198, 4.253, 5.409, 5.347, 4.145, 2.77, 1.509, 1.597, 2.513, 4.549, 5.731, 6.502, 7.652, 8.083, 7.034, 7.777, 7.827, 5.873, 6.313, 6.063, 3.736, 2.531, 3.407, 4.851, 5.707, 5.676, 6.472, 6.869, 7.308, 7.968, 9.116, 9.165, 9.481, 9.792, 8.826, 8.303, 8.884, 8.705, 8.167, 9.085, 9.464, 8.371, 7.787, 7.199, 5.087, 5.762, 7.046, 8.415, 8.715, 7.859, 7.608, 8.866, 8.735, 8.358, 8.603, 8.917, 8.245, 7.342, 5.738, 4.432, 3.64, 4.048, 3.833, 4.335, 5.578, 5.863, 6.102, 5.96, 4.536, 3.414, 4.425, 5.648, 5.821, 6.151, 5.995, 5.695, 5.912, 6.099, 6.346, 5.226, 4.576, 4.836, 4.835, 3.924, 3.248, 3.259, 4.314, 4.165, 4.344, 6.745, 9.977, 9.106, 5.879, 7.212, 9.213, 8.841, 7.531, 7.549, 8.607, 9.336, 8.631, 7.861, 8.212, 7.655, 5.953, 4.83], [8.872, 9.507, 11.257, 9.895, 8.343, 9.428, 9.953, 8.422, 5.684, 5.699, 7.121, 9.025, 9.575, 8.393, 6.905, 3.813, 2.932, 2.477, 2.757, 2.917, 3.042, 1.863, 1.163, 0.0, 1.48, 1.884, 1.577, 1.97, 2.275, 2.414, 2.295, 2.631, 3.894, 5.509, 4.551, 4.739, 5.437, 5.082, 4.435, 5.141, 5.653, 3.749, 4.831, 4.676, 3.411, 2.35, 1.538, 1.955, 2.575, 3.987, 4.978, 5.726, 6.869, 7.303, 6.252, 6.995, 7.045, 5.368, 5.76, 5.482, 3.234, 2.679, 3.942, 5.425, 6.217, 6.17, 6.963, 7.414, 7.84, 8.483, 9.63, 9.586, 9.956, 10.294, 9.287, 8.761, 9.391, 9.144, 8.633, 9.521, 9.936, 8.828, 8.345, 7.667, 5.591, 6.242, 7.486, 8.91, 9.145, 8.29, 8.12, 9.309, 9.329, 8.939, 9.146, 9.499, 8.805, 8.029, 6.407, 4.948, 4.187, 4.613, 4.406, 4.847, 6.101, 6.616, 6.676, 6.42, 5.1, 3.923, 4.997, 6.266, 6.595, 6.897, 6.751, 6.378, 6.378, 6.556, 6.911, 5.718, 5.009, 5.278, 5.382, 4.416, 3.869, 3.822, 4.857, 4.762, 4.971, 7.473, 10.7, 9.795, 6.377, 7.682, 9.66, 9.304, 7.999, 8.063, 9.121, 9.839, 9.163, 8.379, 8.744, 8.209, 6.572, 5.481], [7.964, 8.625, 10.392, 9.038, 7.487, 8.571, 9.095, 7.556, 4.783, 4.783, 6.254, 8.168, 8.693, 7.531, 6.013, 3.243, 2.758, 2.374, 2.395, 2.458, 2.777, 1.761, 1.873, 1.48, 0.0, 1.259, 1.571, 2.387, 2.364, 2.2, 2.632, 3.198, 4.008, 5.398, 4.321, 4.547, 5.179, 4.536, 3.805, 4.157, 4.8, 2.808, 3.889, 3.757, 2.621, 2.186, 1.711, 1.872, 2.056, 3.385, 4.155, 4.884, 6.013, 6.443, 5.395, 6.138, 6.19, 4.486, 4.884, 4.653, 2.322, 2.352, 3.798, 5.196, 6.2, 6.216, 6.999, 7.472, 8.016, 8.661, 9.763, 9.933, 10.255, 10.636, 9.541, 9.022, 9.865, 9.578, 8.881, 9.855, 10.368, 9.305, 8.742, 8.207, 6.209, 6.804, 7.909, 9.102, 9.484, 8.659, 8.354, 9.668, 9.629, 9.387, 9.934, 10.341, 9.644, 8.689, 7.007, 5.42, 4.955, 5.422, 5.172, 5.729, 6.98, 7.291, 7.162, 7.072, 5.941, 4.689, 5.76, 7.163, 7.43, 7.727, 7.479, 6.904, 6.87, 7.017, 7.42, 6.219, 5.447, 5.771, 5.994, 4.856, 3.924, 4.181, 5.525, 5.589, 5.724, 8.391, 11.604, 10.693, 7.1, 8.129, 10.082, 9.755, 8.23, 8.057, 9.111, 9.845, 9.085, 8.36, 8.835, 8.345, 6.705, 5.133], [7.725, 8.364, 10.15, 8.826, 7.242, 8.336, 8.861, 7.294, 4.527, 4.457, 6.005, 7.924, 8.456, 7.281, 5.769, 2.94, 2.525, 2.385, 2.123, 1.87, 2.346, 1.561, 2.218, 1.884, 1.259, 0.0, 1.496, 2.49, 2.103, 2.213, 2.807, 3.463, 4.295, 5.079, 3.933, 4.228, 4.855, 4.086, 3.213, 3.687, 4.356, 2.488, 3.594, 3.484, 2.27, 1.745, 2.061, 2.046, 1.853, 2.894, 3.85, 4.65, 5.791, 6.208, 5.154, 5.893, 5.954, 4.015, 4.376, 4.213, 1.955, 2.136, 3.778, 5.025, 6.024, 6.176, 6.908, 7.555, 8.234, 9.053, 9.878, 10.189, 10.451, 10.902, 9.816, 9.309, 10.306, 9.941, 9.077, 10.153, 10.837, 9.654, 9.211, 8.611, 6.624, 7.255, 8.374, 9.304, 9.785, 8.982, 8.709, 10.065, 9.717, 9.524, 10.26, 10.762, 10.072, 9.172, 7.308, 5.498, 5.168, 5.698, 5.524, 6.062, 7.27, 7.496, 7.508, 7.427, 6.321, 4.971, 6.008, 7.32, 7.639, 7.909, 7.76, 7.17, 7.301, 7.443, 7.905, 6.525, 5.849, 6.106, 6.402, 5.132, 3.904, 4.546, 5.97, 5.975, 5.891, 8.537, 11.746, 10.935, 7.529, 8.612, 10.495, 10.198, 8.489, 8.076, 8.998, 9.604, 8.879, 8.243, 8.859, 8.612, 6.942, 4.927], [8.622, 9.226, 10.991, 9.668, 8.061, 9.155, 9.68, 8.115, 5.421, 5.451, 6.841, 8.744, 9.292, 8.101, 6.598, 3.509, 2.594, 2.009, 2.207, 2.463, 2.667, 1.474, 1.894, 1.577, 1.571, 1.496, 0.0, 1.525, 1.631, 1.533, 2.218, 2.301, 3.439, 4.306, 3.29, 3.533, 4.254, 3.78, 3.211, 4.012, 5.225, 3.448, 4.421, 4.346, 3.192, 2.029, 1.336, 1.361, 1.467, 3.519, 4.703, 5.484, 6.61, 7.04, 5.978, 6.712, 6.78, 4.855, 5.198, 5.145, 2.854, 1.587, 2.795, 4.272, 5.125, 5.128, 5.919, 6.496, 6.976, 7.922, 8.648, 8.913, 9.334, 9.811, 8.628, 8.13, 9.215, 8.77, 7.816, 8.913, 9.664, 8.491, 8.172, 7.469, 5.606, 6.139, 7.239, 8.08, 8.522, 7.742, 7.488, 8.882, 8.707, 8.469, 9.229, 9.623, 8.968, 8.177, 6.338, 4.636, 4.194, 4.571, 4.4, 4.908, 6.12, 6.689, 6.483, 6.35, 5.233, 3.935, 4.992, 6.372, 6.791, 7.065, 6.913, 6.296, 6.166, 6.295, 6.781, 5.368, 4.688, 4.962, 5.262, 3.942, 3.126, 3.479, 4.827, 4.866, 4.967, 7.674, 10.885, 9.977, 6.354, 7.447, 9.306, 8.998, 7.239, 7.027, 8.055, 8.768, 8.02, 7.264, 7.721, 7.485, 5.901, 4.479], [9.865, 10.459, 12.148, 10.926, 9.289, 10.244, 10.823, 9.336, 6.634, 6.63, 8.048, 9.946, 10.531, 9.328, 7.719, 4.592, 3.448, 2.47, 2.436, 3.511, 3.488, 1.497, 1.523, 1.97, 2.387, 2.49, 1.525, 0.0, 1.415, 1.877, 1.964, 1.403, 2.6, 3.912, 3.033, 3.312, 4.115, 4.012, 4.044, 5.094, 6.181, 4.362, 5.427, 5.52, 4.365, 2.871, 1.246, 1.101, 2.111, 4.619, 5.839, 6.536, 7.709, 8.118, 7.124, 7.94, 7.855, 5.798, 6.12, 6.25, 3.892, 2.154, 2.616, 3.925, 4.632, 4.559, 5.344, 5.805, 6.296, 7.014, 8.191, 8.192, 8.69, 9.172, 8.032, 7.338, 8.223, 7.852, 7.232, 8.113, 8.748, 7.658, 7.334, 6.449, 4.7, 5.08, 6.386, 7.68, 7.847, 6.909, 6.613, 7.989, 7.993, 7.677, 8.084, 8.416, 7.937, 7.144, 5.401, 3.755, 2.966, 3.404, 3.297, 3.737, 5.033, 5.704, 5.616, 5.335, 4.123, 2.693, 4.015, 5.355, 5.728, 6.004, 5.84, 5.35, 5.337, 5.396, 5.86, 4.429, 3.658, 3.919, 4.222, 2.986, 2.545, 2.766, 3.71, 3.696, 3.821, 6.553, 9.764, 8.788, 5.225, 6.493, 8.353, 8.169, 6.617, 6.415, 7.677, 8.359, 7.541, 6.758, 7.18, 6.961, 5.503, 4.146], [9.632, 10.265, 11.995, 10.732, 9.133, 10.141, 10.65, 9.167, 6.418, 6.333, 7.883, 9.793, 10.347, 9.156, 7.514, 4.453, 3.315, 2.533, 2.456, 3.146, 3.311, 1.515, 1.664, 2.275, 2.364, 2.103, 1.631, 1.415, 0.0, 1.824, 1.718, 1.833, 2.829, 3.81, 2.896, 3.067, 3.829, 3.723, 3.503, 4.73, 6.092, 4.134, 5.219, 5.318, 4.192, 2.755, 1.859, 1.43, 1.993, 4.487, 5.695, 6.413, 7.554, 8.013, 7.002, 7.764, 7.748, 5.685, 6.038, 6.055, 3.689, 1.899, 2.676, 3.713, 4.607, 4.624, 5.331, 5.968, 6.598, 7.387, 8.327, 8.564, 8.897, 9.418, 8.299, 7.681, 8.702, 8.333, 7.443, 8.523, 9.26, 8.106, 7.712, 6.897, 5.041, 5.641, 6.845, 7.842, 8.251, 7.348, 7.075, 8.386, 8.09, 7.901, 8.333, 8.784, 8.372, 7.526, 5.733, 4.159, 3.695, 3.934, 3.789, 4.262, 5.415, 6.025, 5.978, 5.802, 4.455, 3.217, 4.461, 5.693, 5.972, 6.141, 6.032, 5.585, 5.771, 5.871, 6.333, 4.86, 4.193, 4.383, 4.684, 3.288, 2.29, 3.024, 4.247, 4.214, 3.943, 6.714, 9.914, 8.927, 5.529, 7.037, 8.832, 8.639, 6.936, 6.489, 7.609, 8.294, 7.477, 6.768, 7.287, 7.16, 5.554, 3.847], [8.983, 9.465, 11.142, 9.918, 8.281, 9.265, 9.815, 8.343, 5.718, 5.728, 7.134, 8.938, 9.548, 8.32, 6.691, 3.619, 2.808, 2.206, 2.49, 2.97, 3.139, 2.158, 2.431, 2.414, 2.2, 2.213, 1.533, 1.877, 1.824, 0.0, 1.791, 2.112, 2.851, 3.415, 2.466, 2.731, 3.494, 3.121, 2.721, 3.564, 4.98, 3.432, 4.914, 4.864, 3.693, 2.073, 1.8, 1.792, 1.741, 3.762, 4.884, 5.494, 6.634, 7.144, 6.125, 6.932, 6.871, 4.752, 5.057, 5.177, 2.934, 1.334, 2.241, 3.419, 4.304, 4.341, 5.029, 5.596, 6.279, 7.154, 8.003, 8.199, 8.913, 9.655, 8.255, 7.557, 8.622, 8.194, 7.294, 8.106, 9.031, 8.156, 7.79, 7.126, 5.265, 5.505, 6.673, 7.566, 7.86, 6.913, 6.784, 8.339, 8.491, 8.441, 9.038, 9.291, 8.698, 8.111, 6.469, 4.76, 4.447, 4.728, 4.469, 4.708, 6.15, 6.688, 6.323, 6.124, 5.131, 4.128, 5.148, 6.396, 6.804, 7.123, 6.901, 6.276, 5.778, 5.686, 6.305, 5.265, 4.206, 4.374, 4.875, 3.78, 3.19, 3.508, 4.247, 4.548, 4.795, 7.608, 10.816, 9.756, 6.028, 6.774, 8.528, 8.377, 6.584, 6.147, 7.367, 8.015, 7.178, 6.468, 6.984, 6.914, 5.444, 3.693], [10.026, 10.57, 12.309, 11.007, 9.418, 10.426, 10.935, 9.456, 6.823, 6.791, 8.168, 10.082, 10.678, 9.441, 7.819, 4.741, 3.665, 3.018, 3.188, 3.909, 3.951, 2.391, 1.989, 2.295, 2.632, 2.807, 2.218, 1.964, 1.718, 1.791, 0.0, 1.409, 2.337, 3.616, 2.741, 2.885, 3.58, 3.479, 3.166, 4.76, 6.124, 4.47, 5.661, 5.706, 4.506, 2.962, 2.065, 2.125, 2.586, 4.792, 6.056, 6.613, 7.789, 8.298, 7.287, 8.049, 8.033, 5.904, 6.211, 6.272, 3.985, 2.313, 2.766, 3.809, 4.397, 4.483, 5.089, 5.625, 6.198, 6.834, 8.029, 8.161, 8.67, 9.217, 7.896, 7.26, 8.183, 7.871, 7.125, 8.105, 8.698, 7.627, 7.294, 6.416, 4.609, 5.081, 6.316, 7.537, 7.793, 6.792, 6.583, 7.874, 7.976, 7.823, 8.107, 8.324, 7.744, 7.306, 6.016, 4.701, 4.349, 4.439, 4.115, 4.344, 5.292, 5.943, 5.79, 5.418, 4.523, 3.912, 4.641, 5.673, 6.031, 6.447, 6.096, 5.539, 5.657, 5.777, 6.275, 4.851, 4.108, 4.094, 4.303, 3.383, 3.165, 3.525, 4.027, 3.806, 3.972, 6.543, 9.705, 8.639, 5.035, 6.436, 8.318, 8.091, 6.542, 6.207, 7.384, 8.052, 7.238, 6.475, 7.052, 6.846, 5.384, 3.67], [10.867, 11.449, 13.133, 11.89, 10.243, 11.212, 11.766, 10.298, 7.666, 7.654, 8.991, 10.902, 11.501, 10.271, 8.647, 5.526, 4.407, 3.449, 3.414, 4.447, 4.457, 2.409, 2.156, 2.631, 3.198, 3.463, 2.301, 1.403, 1.833, 2.112, 1.409, 0.0, 1.889, 3.316, 2.448, 2.834, 3.514, 3.538, 3.657, 5.195, 6.922, 5.316, 6.298, 6.53, 5.355, 3.83, 1.923, 1.855, 2.858, 5.59, 6.85, 7.414, 8.582, 9.083, 8.072, 8.882, 8.818, 6.69, 6.997, 7.129, 4.857, 2.775, 2.656, 3.749, 4.255, 4.244, 4.9, 5.204, 5.566, 6.242, 7.49, 7.424, 7.973, 8.456, 7.276, 6.565, 7.406, 7.046, 6.461, 7.409, 7.962, 6.93, 6.664, 5.676, 4.238, 4.516, 5.707, 7.006, 7.044, 6.04, 5.89, 7.136, 7.241, 6.965, 7.262, 7.557, 7.303, 6.729, 5.339, 3.969, 3.426, 3.634, 3.467, 3.668, 4.671, 5.293, 5.138, 4.952, 4.02, 3.061, 4.062, 5.069, 5.367, 5.725, 5.413, 4.843, 5.043, 5.025, 5.694, 4.133, 3.412, 3.405, 3.678, 2.629, 2.863, 2.971, 3.457, 3.273, 3.257, 5.883, 8.903, 7.848, 4.181, 5.644, 7.507, 7.294, 5.877, 5.855, 7.088, 7.767, 6.965, 6.177, 6.534, 6.306, 4.78, 3.769], [11.443, 11.858, 13.525, 12.228, 10.553, 11.461, 12.103, 10.708, 8.161, 8.17, 9.27, 11.23, 11.926, 10.616, 9.074, 5.885, 4.994, 4.091, 3.952, 5.072, 5.036, 3.262, 3.359, 3.894, 4.008, 4.295, 3.439, 2.6, 2.829, 2.851, 2.337, 1.889, 0.0, 2.869, 2.485, 2.232, 2.566, 3.16, 3.715, 5.503, 7.161, 5.723, 7.081, 7.163, 6.045, 4.3, 2.79, 2.524, 3.294, 5.983, 7.303, 7.668, 8.827, 9.361, 8.342, 9.186, 9.052, 6.918, 7.242, 7.459, 5.424, 3.229, 2.873, 2.644, 3.353, 3.384, 3.991, 4.332, 4.76, 5.268, 6.518, 6.562, 7.481, 8.049, 6.666, 5.863, 6.736, 6.462, 5.908, 6.593, 7.355, 6.533, 6.302, 5.504, 3.77, 4.005, 5.151, 6.25, 6.219, 5.288, 5.138, 6.548, 6.874, 6.726, 7.156, 7.316, 6.901, 6.716, 5.336, 3.859, 3.626, 3.637, 3.353, 3.437, 4.695, 5.232, 4.94, 4.744, 3.939, 3.12, 3.962, 5.016, 5.462, 5.774, 5.48, 4.887, 4.819, 4.515, 5.209, 4.007, 3.02, 3.007, 3.498, 2.675, 2.553, 2.638, 2.904, 3.036, 3.293, 5.896, 8.665, 7.65, 3.945, 4.785, 6.723, 6.407, 4.947, 4.733, 5.963, 6.652, 5.795, 5.067, 5.556, 5.547, 4.107, 2.915], [10.363, 10.375, 11.54, 10.636, 8.987, 9.673, 10.331, 9.252, 7.643, 7.09, 8.2, 9.099, 10.034, 8.852, 7.277, 4.822, 4.504, 4.635, 4.469, 4.564, 4.454, 4.453, 4.95, 5.509, 5.398, 5.079, 4.306, 3.912, 3.81, 3.415, 3.616, 3.316, 2.869, 0.0, 1.377, 1.628, 1.769, 2.509, 3.184, 4.579, 5.391, 5.376, 6.793, 7.108, 6.043, 4.273, 4.339, 3.919, 3.749, 4.984, 6.436, 6.548, 7.281, 8.483, 7.439, 7.465, 7.415, 5.759, 5.936, 6.285, 4.409, 3.246, 1.903, 2.056, 3.107, 3.26, 3.493, 4.204, 5.745, 6.402, 6.502, 7.101, 8.366, 9.258, 7.938, 7.148, 8.477, 8.019, 6.851, 7.497, 8.794, 8.3, 7.814, 7.403, 5.855, 5.765, 6.235, 5.901, 7.103, 6.226, 6.2, 8.154, 8.481, 8.433, 9.229, 9.419, 8.993, 8.815, 7.294, 5.808, 5.73, 5.761, 5.527, 5.668, 6.808, 7.192, 6.689, 6.769, 6.122, 5.258, 6.121, 7.173, 7.547, 7.957, 7.621, 6.852, 6.327, 6.06, 6.645, 5.949, 4.8, 4.958, 5.489, 4.488, 4.096, 4.419, 4.948, 5.168, 5.408, 8.005, 10.842, 9.822, 6.012, 5.922, 7.323, 7.018, 4.7, 3.94, 4.638, 5.277, 4.59, 4.632, 5.572, 5.889, 4.686, 3.389], [9.567, 9.883, 11.559, 10.329, 8.683, 9.591, 10.198, 8.75, 6.625, 6.263, 7.607, 9.338, 9.929, 8.709, 7.07, 4.09, 3.508, 3.519, 3.37, 3.62, 3.559, 3.408, 3.974, 4.551, 4.321, 3.933, 3.29, 3.033, 2.896, 2.466, 2.741, 2.448, 2.485, 1.377, 0.0, 1.235, 1.552, 1.978, 2.504, 3.697, 5.313, 4.484, 5.871, 6.166, 4.97, 3.165, 3.269, 2.869, 2.643, 4.147, 5.502, 5.864, 6.996, 7.632, 6.871, 7.3, 7.21, 5.125, 5.372, 5.667, 3.502, 2.139, 1.443, 2.337, 3.207, 3.268, 3.624, 4.401, 5.508, 6.402, 6.594, 6.978, 8.109, 8.997, 7.694, 6.953, 8.222, 7.708, 6.484, 7.286, 8.519, 7.948, 7.413, 7.027, 5.401, 5.397, 6.152, 6.312, 6.926, 6.04, 5.915, 7.872, 8.143, 8.072, 8.857, 9.045, 8.615, 8.365, 6.848, 5.321, 5.215, 5.274, 5.045, 5.217, 6.35, 6.755, 6.281, 6.318, 5.62, 4.776, 5.615, 6.677, 7.09, 7.505, 7.179, 6.422, 5.891, 5.71, 6.328, 5.557, 4.403, 4.579, 5.083, 4.082, 3.608, 3.945, 4.597, 4.702, 5.013, 7.608, 10.522, 9.503, 5.747, 6.028, 7.592, 7.466, 5.459, 4.688, 5.504, 6.258, 5.338, 4.898, 5.579, 5.933, 4.42, 2.824], [10.194, 10.449, 12.154, 10.845, 9.166, 10.184, 10.807, 9.305, 6.987, 6.881, 8.106, 9.862, 10.518, 9.226, 7.798, 4.599, 3.843, 3.928, 3.753, 3.981, 3.97, 3.634, 4.16, 4.739, 4.547, 4.228, 3.533, 3.312, 3.067, 2.731, 2.885, 2.834, 2.232, 1.628, 1.235, 0.0, 1.208, 1.708, 2.352, 4.218, 5.784, 4.968, 6.449, 6.573, 5.361, 3.545, 3.535, 3.085, 2.898, 4.712, 6.147, 6.468, 7.536, 8.203, 7.197, 7.794, 7.724, 5.648, 5.991, 6.166, 4.096, 2.566, 1.67, 1.97, 2.4, 2.571, 2.955, 3.731, 4.951, 5.803, 5.959, 6.569, 7.662, 8.419, 7.107, 6.368, 7.646, 7.144, 5.992, 6.687, 7.799, 7.226, 6.714, 6.435, 4.853, 4.732, 5.385, 5.656, 6.253, 5.509, 5.42, 7.331, 7.672, 7.477, 8.238, 8.538, 7.893, 7.755, 6.252, 4.891, 4.961, 5.073, 4.758, 4.866, 5.748, 6.084, 5.565, 5.648, 5.168, 4.453, 5.098, 6.164, 6.603, 6.981, 6.621, 5.814, 5.291, 5.137, 5.763, 4.984, 3.913, 4.068, 4.586, 3.611, 3.126, 3.447, 4.042, 4.268, 4.524, 6.928, 9.962, 9.033, 5.19, 5.27, 7.026, 6.638, 4.648, 4.095, 4.951, 5.563, 4.847, 4.337, 5.022, 5.335, 3.908, 2.412], [10.326, 10.597, 12.233, 10.862, 9.24, 10.309, 10.851, 9.404, 7.453, 7.077, 8.213, 9.932, 10.563, 9.282, 7.889, 4.935, 4.464, 4.65, 4.343, 4.335, 4.244, 4.275, 4.855, 5.437, 5.179, 4.855, 4.254, 4.115, 3.829, 3.494, 3.58, 3.514, 2.566, 1.769, 1.552, 1.208, 0.0, 1.708, 2.629, 4.29, 5.96, 5.375, 6.798, 6.872, 5.762, 3.995, 4.196, 3.737, 3.542, 4.888, 6.332, 6.752, 7.756, 8.445, 7.49, 7.868, 8.027, 5.917, 6.17, 6.26, 4.419, 3.125, 2.28, 2.1, 2.586, 2.787, 3.042, 3.741, 4.885, 5.68, 5.682, 6.301, 7.439, 8.191, 6.923, 6.265, 7.454, 7.015, 5.934, 6.759, 7.8, 7.18, 6.701, 6.454, 4.941, 4.851, 5.398, 5.442, 6.077, 5.356, 5.397, 7.251, 7.588, 7.346, 8.215, 8.502, 7.922, 7.785, 6.425, 5.166, 5.367, 5.595, 5.13, 5.211, 5.894, 6.17, 5.67, 5.783, 5.365, 4.823, 5.291, 6.489, 6.967, 7.191, 6.682, 5.847, 5.347, 5.356, 5.823, 5.121, 4.184, 4.184, 4.628, 3.765, 3.327, 3.677, 4.314, 4.45, 4.67, 6.955, 9.809, 8.879, 5.064, 5.121, 6.785, 6.468, 4.562, 3.895, 4.493, 5.287, 4.502, 4.038, 4.886, 5.099, 3.652, 2.302], [9.766, 9.921, 11.535, 10.267, 8.585, 9.58, 10.18, 8.803, 6.593, 6.447, 7.669, 9.26, 9.937, 8.625, 7.181, 4.128, 3.953, 4.065, 3.462, 3.726, 3.688, 3.724, 4.728, 5.082, 4.536, 4.086, 3.78, 4.012, 3.723, 3.121, 3.479, 3.538, 3.16, 2.509, 1.978, 1.708, 1.708, 0.0, 1.654, 3.891, 5.224, 4.671, 6.084, 6.177, 4.957, 3.392, 3.823, 3.398, 2.596, 4.279, 5.748, 6.067, 7.012, 7.849, 6.757, 7.205, 7.21, 5.28, 5.578, 5.729, 3.764, 2.664, 2.364, 2.527, 3.15, 3.477, 3.613, 4.208, 5.529, 6.323, 6.424, 7.127, 8.241, 9.039, 7.645, 6.896, 8.15, 7.69, 6.568, 7.195, 8.343, 7.807, 7.322, 7.045, 5.694, 5.467, 5.952, 6.024, 6.816, 6.142, 5.977, 7.857, 8.185, 8.028, 8.8, 9.114, 8.477, 8.472, 7.127, 5.872, 5.986, 6.192, 5.744, 5.819, 6.354, 6.615, 6.143, 6.253, 5.989, 5.438, 5.955, 7.143, 7.657, 7.961, 7.467, 6.656, 6.067, 6.049, 6.627, 5.84, 4.789, 4.805, 5.259, 4.3, 4.058, 4.405, 4.914, 5.049, 5.37, 7.542, 10.495, 9.551, 5.707, 5.758, 7.344, 7.038, 5.034, 4.468, 5.292, 5.972, 5.174, 4.718, 5.51, 5.744, 4.451, 2.394], [8.553, 8.714, 10.385, 9.1, 7.493, 8.569, 9.095, 7.581, 5.277, 5.273, 6.658, 8.148, 8.707, 7.51, 6.007, 3.557, 3.644, 3.778, 3.203, 2.783, 2.588, 3.423, 4.379, 4.435, 3.805, 3.213, 3.211, 4.044, 3.503, 2.721, 3.166, 3.657, 3.715, 3.184,