[[0.0, 0.971, 2.188, 5.687, 10.302, 11.61, 9.484, 8.187, 8.753, 9.63, 7.86, 6.642, 6.911, 7.892, 8.143, 7.781, 7.534, 7.706, 7.358, 8.243, 8.924, 8.706, 8.419, 8.39, 7.719, 7.857, 7.522, 6.946, 6.68, 6.619, 7.305, 6.443, 5.329, 4.234, 4.105, 3.787, 3.425, 2.773, 2.822, 5.697, 8.294, 4.534, 2.922, 4.11, 5.587, 6.064, 5.113, 4.83, 5.628, 6.514, 6.529, 6.415, 7.136, 7.685, 8.29, 5.764, 4.152, 4.069, 3.478, 3.159, 3.504, 3.501, 4.125, 4.845, 5.145, 4.703, 5.398, 7.174, 8.26, 8.711, 11.683, 13.297, 13.331, 13.358, 13.684, 14.182, 14.742, 13.835, 12.865, 11.395, 11.167, 10.018, 8.016, 9.217, 9.989, 10.675, 7.91, 5.721, 5.627, 5.738, 4.848, 4.532, 5.541, 6.1, 5.151, 5.447, 5.859, 6.355, 7.377, 6.829, 6.967, 6.956, 7.335, 6.895, 5.611, 5.244, 5.394, 5.017, 6.289, 6.136, 6.858, 6.746, 6.394, 6.155, 5.779, 7.419, 7.747, 8.738, 7.453, 6.146, 8.429, 9.581, 9.94, 10.698, 9.685, 8.38, 7.986, 8.159, 8.437, 7.809, 7.8, 7.966, 7.648, 7.065, 6.637, 5.724, 5.687, 6.28, 5.697, 5.518, 5.982, 6.84, 6.77, 6.162, 5.522, 9.191, 9.022, 8.185, 8.969, 7.495, 7.692, 8.102, 5.534, 3.413, 3.31, 2.33, 1.808, 3.51, 9.296, 15.048, 18.22, 19.42, 19.564, 18.593, 18.289, 18.164, 18.005, 17.492, 16.57, 14.304, 12.734, 14.048, 14.206, 13.534, 13.84, 12.818, 10.906, 9.816, 10.292, 10.237, 8.373, 8.362, 8.826, 8.799, 9.61, 10.089, 8.609, 7.052, 7.184, 7.867, 7.492, 6.601, 6.072, 5.69, 5.156, 5.235, 5.589, 5.435, 5.637, 5.64, 6.099, 6.743, 6.599, 6.681, 7.62, 8.229], [0.971, 0.0, 1.582, 5.183, 9.767, 11.11, 8.973, 7.724, 8.23, 9.114, 7.367, 6.332, 6.534, 7.558, 7.918, 7.518, 7.297, 7.485, 7.149, 8.094, 8.812, 8.621, 8.332, 8.25, 7.547, 7.648, 7.332, 6.763, 6.472, 6.393, 7.123, 6.248, 5.067, 4.032, 4.216, 4.084, 3.275, 2.573, 2.758, 5.173, 7.766, 4.219, 2.629, 3.94, 5.56, 6.001, 4.941, 4.587, 5.409, 6.327, 6.289, 6.17, 6.858, 7.449, 7.959, 5.52, 3.957, 3.943, 3.327, 2.988, 3.425, 3.78, 4.511, 5.24, 5.594, 5.132, 5.754, 7.584, 8.81, 9.242, 12.203, 13.825, 13.836, 13.861, 14.182, 14.679, 15.259, 14.375, 13.378, 11.82, 11.622, 10.539, 8.519, 9.7, 10.511, 11.238, 8.519, 6.12, 6.067, 6.143, 5.202, 4.928, 5.85, 6.362, 5.299, 5.307, 5.651, 6.128, 7.138, 6.576, 6.724, 6.706, 7.123, 6.75, 5.432, 5.022, 4.945, 4.692, 6.051, 5.917, 6.682, 6.535, 6.105, 5.869, 5.474, 7.086, 7.524, 8.496, 7.315, 6.133, 8.799, 10.074, 10.442, 11.207, 10.175, 8.883, 8.531, 8.704, 9.006, 8.372, 8.219, 8.459, 8.001, 7.381, 6.73, 5.983, 5.982, 6.493, 5.754, 5.4, 5.991, 7.154, 7.102, 6.516, 5.374, 8.985, 8.791, 7.979, 8.767, 7.301, 7.24, 7.668, 5.246, 3.097, 2.9, 1.81, 1.79, 3.854, 9.794, 15.578, 18.719, 19.913, 20.058, 19.09, 18.79, 18.678, 18.526, 18.015, 17.068, 14.827, 13.258, 14.547, 14.728, 14.038, 14.376, 13.354, 11.423, 10.267, 10.825, 10.608, 8.543, 8.21, 8.853, 8.855, 9.462, 9.862, 8.372, 6.832, 6.884, 7.53, 7.131, 6.348, 5.807, 5.446, 4.909, 4.985, 5.36, 5.231, 5.412, 5.41, 5.965, 6.654, 6.584, 6.514, 7.439, 8.07], [2.188, 1.582, 0.0, 3.901, 8.482, 9.857, 7.76, 7.015, 7.227, 7.919, 7.076, 6.229, 6.339, 7.398, 7.89, 7.478, 7.247, 7.454, 7.182, 8.209, 9.041, 9.094, 8.648, 8.392, 7.581, 7.624, 7.366, 6.762, 6.412, 6.409, 7.088, 6.278, 4.986, 4.487, 5.181, 5.229, 3.956, 3.186, 3.657, 4.527, 6.682, 4.141, 2.794, 4.407, 6.37, 6.661, 5.049, 4.521, 5.312, 6.307, 6.239, 6.121, 6.754, 7.315, 7.709, 5.476, 3.99, 4.359, 3.828, 3.358, 4.053, 4.908, 5.674, 6.422, 6.873, 6.45, 6.887, 8.819, 10.095, 10.586, 13.484, 15.088, 15.12, 15.155, 15.47, 15.956, 16.539, 15.63, 14.629, 13.121, 12.923, 11.889, 9.922, 11.036, 11.895, 12.654, 9.991, 7.376, 7.303, 7.329, 6.326, 6.098, 6.975, 7.394, 6.13, 5.583, 5.734, 6.036, 7.034, 6.469, 6.696, 6.648, 7.146, 6.942, 5.504, 5.07, 4.833, 4.635, 5.958, 6.005, 6.886, 6.55, 6.16, 5.855, 5.42, 7.054, 7.501, 8.434, 7.513, 7.335, 10.125, 11.397, 11.782, 12.531, 11.539, 10.242, 9.896, 10.065, 10.369, 9.715, 9.563, 9.793, 9.331, 8.625, 7.983, 7.29, 7.239, 7.627, 6.79, 6.342, 7.105, 8.347, 8.311, 7.787, 5.643, 8.921, 8.722, 7.964, 8.749, 7.332, 6.902, 6.71, 5.129, 2.764, 2.111, 1.353, 2.717, 5.126, 11.149, 16.916, 20.046, 21.22, 21.328, 20.354, 20.049, 19.987, 19.86, 19.349, 18.367, 16.17, 14.627, 15.854, 15.978, 15.33, 15.634, 14.621, 12.709, 11.544, 12.058, 11.725, 9.408, 8.581, 9.639, 9.647, 9.64, 9.765, 8.285, 6.769, 6.683, 7.181, 6.834, 6.262, 5.742, 5.405, 4.877, 5.002, 5.401, 5.245, 5.351, 5.566, 6.174, 7.13, 7.208, 6.523, 7.434, 8.162], [5.687, 5.183, 3.901, 0.0, 4.972, 6.139, 4.833, 4.733, 4.406, 4.997, 4.802, 4.175, 4.103, 5.158, 6.334, 6.418, 6.216, 6.779, 6.731, 7.954, 9.025, 9.847, 9.826, 9.026, 7.569, 7.226, 6.851, 6.926, 6.163, 5.894, 7.072, 6.03, 5.524, 6.692, 8.047, 8.219, 7.138, 6.629, 6.391, 2.496, 4.118, 3.653, 5.612, 7.539, 8.965, 8.77, 6.666, 4.908, 5.133, 6.445, 5.663, 5.042, 5.8, 5.624, 5.617, 3.777, 5.452, 7.032, 6.616, 5.841, 6.707, 8.083, 9.063, 10.029, 10.572, 9.99, 10.334, 12.564, 13.844, 14.325, 17.26, 18.874, 18.925, 18.939, 19.275, 19.784, 20.309, 19.418, 18.449, 16.882, 16.562, 15.545, 13.587, 14.624, 15.434, 16.178, 13.264, 9.881, 9.763, 9.923, 9.103, 8.588, 9.867, 10.306, 8.111, 6.583, 5.78, 5.669, 6.424, 5.996, 5.794, 5.697, 6.63, 6.557, 5.413, 4.544, 3.548, 3.42, 6.417, 7.899, 8.262, 7.582, 7.808, 6.58, 4.818, 5.997, 5.944, 6.97, 7.97, 10.834, 13.763, 14.917, 15.417, 16.26, 15.22, 13.918, 13.421, 13.582, 13.897, 13.392, 13.251, 13.466, 12.927, 12.097, 11.535, 10.969, 11.007, 11.405, 10.53, 9.841, 10.641, 11.628, 11.513, 10.995, 7.001, 7.368, 6.929, 6.174, 6.897, 5.596, 4.691, 4.279, 3.755, 3.643, 3.76, 4.28, 6.458, 8.879, 14.769, 20.564, 23.79, 25.011, 25.136, 24.166, 23.849, 23.744, 23.506, 23.063, 22.14, 19.804, 18.186, 19.556, 19.76, 19.128, 19.412, 18.374, 16.457, 15.285, 15.799, 15.078, 11.435, 10.258, 11.807, 11.662, 9.93, 9.092, 7.616, 6.247, 4.798, 4.925, 4.676, 4.666, 4.974, 5.188, 4.7, 3.772, 3.9, 3.797, 4.385, 5.3, 6.351, 8.221, 8.783, 6.804, 7.472, 9.26], [10.302, 9.767, 8.482, 4.972, 0.0, 1.688, 1.342, 2.588, 2.111, 2.299, 3.377, 4.666, 4.754, 5.787, 8.127, 9.079, 8.761, 8.808, 9.375, 10.822, 12.949, 14.33, 14.439, 13.49, 11.773, 10.455, 10.575, 11.166, 10.379, 9.958, 11.235, 10.106, 9.823, 11.187, 12.671, 12.923, 11.817, 11.276, 11.05, 5.202, 2.465, 7.829, 10.103, 12.194, 13.568, 13.375, 11.161, 9.342, 9.442, 10.559, 9.748, 8.513, 8.397, 7.061, 4.872, 6.702, 9.943, 11.683, 11.248, 10.449, 11.314, 12.679, 13.72, 14.7, 15.224, 14.639, 14.967, 17.225, 18.5, 18.898, 21.898, 23.545, 23.558, 23.56, 23.909, 24.396, 24.946, 24.077, 23.098, 21.514, 21.215, 20.129, 18.122, 19.026, 19.894, 20.621, 17.737, 14.207, 14.303, 14.509, 13.5, 13.013, 14.487, 14.996, 12.742, 10.958, 9.377, 8.502, 9.578, 9.089, 8.084, 8.485, 10.431, 10.678, 9.418, 7.355, 5.618, 7.266, 11.054, 12.517, 12.924, 12.219, 12.405, 10.986, 9.032, 8.291, 6.904, 7.046, 12.082, 15.364, 18.268, 19.514, 20.051, 20.859, 19.816, 18.551, 18.092, 18.294, 18.6, 18.054, 17.863, 18.088, 17.553, 16.773, 16.141, 15.517, 15.531, 15.966, 15.104, 14.387, 15.072, 16.207, 16.153, 15.609, 11.168, 6.769, 5.737, 6.369, 6.563, 5.46, 3.609, 2.971, 5.763, 8.096, 8.308, 8.916, 11.129, 13.505, 19.238, 25.18, 28.41, 29.615, 29.77, 28.813, 28.493, 28.416, 28.199, 27.739, 26.81, 24.487, 22.865, 24.191, 24.422, 23.757, 24.081, 23.024, 21.117, 19.931, 20.47, 19.739, 16.055, 14.835, 16.459, 16.309, 13.995, 11.063, 10.129, 9.444, 6.768, 4.303, 5.208, 7.793, 9.255, 9.628, 8.987, 7.648, 6.595, 6.722, 7.628, 8.946, 10.829, 12.674, 13.281, 11.283, 11.897, 13.851], [11.61, 11.11, 9.857, 6.139, 1.688, 0.0, 2.241, 3.879, 3.16, 3.133, 4.648, 6.052, 5.995, 7.09, 9.5, 10.429, 10.156, 10.126, 10.668, 12.07, 14.164, 15.583, 15.701, 14.847, 13.129, 11.811, 11.931, 12.522, 11.735, 11.351, 12.591, 11.447, 11.189, 12.56, 14.047, 14.232, 13.132, 12.625, 12.396, 6.544, 3.504, 9.219, 11.57, 13.55, 14.909, 14.716, 12.513, 10.683, 10.798, 11.915, 11.104, 9.87, 9.753, 8.417, 6.205, 8.013, 11.283, 13.034, 12.603, 11.805, 12.669, 14.02, 15.061, 16.041, 16.565, 15.979, 16.306, 18.575, 19.849, 20.258, 23.239, 24.895, 24.912, 24.892, 25.264, 25.745, 26.305, 25.426, 24.448, 22.856, 22.606, 21.485, 19.441, 20.471, 21.197, 21.954, 19.047, 15.587, 15.684, 15.861, 14.856, 14.37, 15.852, 16.319, 14.086, 12.299, 10.669, 9.843, 10.93, 10.43, 9.425, 9.835, 11.791, 12.036, 10.774, 8.644, 6.923, 8.622, 12.398, 13.858, 14.28, 13.582, 13.77, 12.343, 10.402, 9.669, 8.325, 8.376, 13.438, 16.708, 19.62, 20.837, 21.401, 22.203, 21.17, 19.916, 19.483, 19.613, 19.862, 19.341, 19.208, 19.457, 18.912, 18.081, 17.508, 16.853, 16.871, 17.294, 16.445, 15.757, 16.449, 17.54, 17.512, 16.965, 12.478, 7.767, 6.97, 7.683, 7.868, 6.67, 4.749, 4.003, 7.079, 9.452, 9.503, 10.245, 12.47, 14.855, 20.66, 26.54, 29.764, 30.94, 31.107, 30.166, 29.867, 29.691, 29.465, 29.0, 28.138, 25.836, 24.218, 25.57, 25.794, 25.101, 25.431, 24.373, 22.477, 21.29, 21.811, 21.08, 17.396, 16.184, 17.808, 17.652, 15.345, 12.395, 11.47, 10.736, 8.02, 5.542, 6.462, 9.092, 10.633, 10.984, 10.366, 9.005, 7.915, 7.95, 8.971, 10.286, 12.155, 14.03, 14.636, 12.584, 13.214, 15.218], [9.484, 8.973, 7.76, 4.833, 1.342, 2.241, 0.0, 1.82, 1.654, 1.928, 2.808, 4.068, 3.946, 4.98, 7.379, 8.307, 8.035, 8.009, 8.649, 9.954, 12.07, 13.488, 13.597, 12.72, 11.003, 9.685, 9.805, 10.396, 9.609, 9.21, 10.465, 9.325, 9.064, 10.428, 11.927, 12.144, 11.006, 10.504, 10.275, 4.45, 1.977, 7.053, 9.401, 11.424, 12.787, 12.6, 10.392, 8.561, 8.672, 9.789, 8.978, 7.744, 7.627, 6.291, 4.089, 5.887, 9.162, 10.913, 10.478, 9.679, 10.544, 11.898, 12.94, 13.92, 14.444, 13.858, 14.185, 16.454, 17.728, 18.137, 21.118, 22.774, 22.788, 22.777, 23.134, 23.624, 24.175, 23.306, 22.328, 20.727, 20.493, 19.358, 17.308, 18.34, 19.074, 19.786, 16.942, 13.461, 13.571, 13.739, 12.73, 12.225, 13.719, 14.195, 11.965, 10.178, 8.56, 7.732, 8.808, 8.309, 7.31, 7.714, 9.661, 9.869, 8.648, 6.513, 4.8, 6.496, 10.276, 11.737, 12.155, 11.463, 11.637, 10.214, 8.276, 7.541, 6.152, 6.279, 11.312, 14.584, 17.475, 18.714, 19.279, 20.073, 19.039, 17.788, 17.359, 17.515, 17.76, 17.216, 17.082, 17.335, 16.772, 15.958, 15.374, 14.726, 14.733, 15.172, 14.323, 13.616, 14.286, 15.415, 15.38, 14.839, 10.362, 6.09, 5.137, 5.626, 5.975, 4.853, 2.996, 2.496, 4.953, 7.352, 7.792, 8.227, 10.397, 12.749, 18.504, 24.407, 27.643, 28.825, 28.976, 28.039, 27.737, 27.582, 27.37, 26.9, 26.017, 23.709, 22.09, 23.444, 23.67, 22.977, 23.311, 22.253, 20.353, 19.161, 19.689, 18.958, 15.274, 14.063, 15.688, 15.53, 13.223, 10.274, 9.348, 8.611, 5.925, 3.471, 4.372, 6.984, 8.512, 8.862, 8.245, 6.879, 5.745, 5.843, 6.845, 8.16, 10.029, 11.904, 12.51, 10.458, 11.088, 13.092], [8.187, 7.724, 7.015, 4.733, 2.588, 3.879, 1.82, 0.0, 1.638, 2.368, 1.754, 2.73, 2.934, 3.655, 5.928, 6.845, 6.535, 6.575, 7.337, 8.591, 10.564, 11.955, 12.131, 11.273, 9.559, 8.241, 8.361, 8.952, 8.164, 7.739, 9.002, 7.873, 7.582, 8.948, 10.44, 10.504, 9.546, 9.061, 8.853, 3.282, 2.278, 5.618, 7.879, 9.977, 11.33, 11.138, 8.935, 7.104, 7.223, 8.345, 7.529, 6.299, 6.183, 4.847, 3.165, 4.466, 7.741, 9.456, 9.035, 8.23, 9.09, 10.448, 11.486, 12.463, 12.978, 12.416, 12.753, 14.981, 16.267, 16.762, 19.668, 21.301, 21.331, 21.288, 21.672, 22.265, 22.726, 21.833, 20.85, 19.357, 19.107, 17.985, 16.069, 17.049, 17.556, 18.254, 15.588, 12.162, 11.982, 12.233, 11.305, 10.84, 12.231, 12.729, 10.497, 8.721, 7.134, 6.33, 7.364, 6.856, 5.874, 6.272, 8.199, 8.419, 7.204, 5.201, 3.573, 5.125, 8.819, 10.287, 10.673, 9.981, 10.147, 8.72, 6.791, 6.052, 4.661, 4.896, 9.848, 13.138, 16.009, 17.243, 17.806, 18.62, 17.571, 16.297, 15.829, 15.902, 16.205, 15.757, 15.634, 15.85, 15.301, 14.475, 13.885, 13.356, 13.414, 13.822, 12.978, 12.141, 12.858, 13.977, 13.923, 13.395, 8.933, 4.788, 3.858, 4.26, 4.627, 3.5, 2.083, 2.016, 3.544, 6.014, 7.113, 7.367, 9.1, 11.414, 17.0, 22.922, 26.149, 27.386, 27.523, 26.573, 26.251, 26.062, 25.81, 25.363, 24.541, 22.217, 20.553, 21.952, 22.18, 21.505, 21.833, 20.78, 18.865, 17.679, 18.232, 17.501, 13.814, 12.59, 14.215, 14.064, 11.766, 8.858, 7.925, 7.15, 4.434, 2.649, 3.02, 5.498, 7.033, 7.41, 6.796, 5.464, 4.604, 4.439, 5.401, 6.716, 8.585, 10.46, 11.066, 9.014, 9.644, 11.614], [8.753, 8.23, 7.227, 4.406, 2.111, 3.16, 1.654, 1.638, 0.0, 1.609, 1.898, 3.161, 3.32, 4.181, 6.581, 7.51, 7.238, 7.207, 7.754, 9.203, 11.319, 12.738, 12.847, 11.927, 10.21, 8.891, 9.012, 9.602, 8.815, 8.413, 9.672, 8.538, 8.273, 9.649, 11.129, 11.389, 10.232, 9.717, 9.487, 3.644, 1.862, 6.283, 8.616, 10.631, 12.001, 11.814, 9.598, 7.779, 7.879, 8.996, 8.185, 6.95, 6.834, 5.498, 3.901, 5.109, 8.375, 10.119, 9.685, 8.886, 9.751, 11.111, 12.153, 13.133, 13.657, 13.071, 13.41, 15.666, 16.947, 17.389, 20.336, 21.986, 22.006, 21.995, 22.364, 22.866, 23.398, 22.518, 21.549, 19.934, 19.682, 18.576, 16.593, 17.582, 18.388, 19.131, 16.29, 12.777, 12.783, 12.971, 11.938, 11.434, 12.926, 13.414, 11.178, 9.391, 7.761, 6.935, 8.015, 7.522, 6.522, 6.922, 8.868, 9.087, 7.86, 5.833, 4.086, 5.703, 9.49, 10.983, 11.361, 10.67, 10.845, 9.419, 7.485, 6.744, 5.362, 5.488, 10.519, 13.84, 16.669, 17.917, 18.492, 19.315, 18.277, 16.996, 16.562, 16.76, 17.009, 16.481, 16.296, 16.543, 15.978, 15.204, 14.58, 13.998, 14.025, 14.443, 13.576, 12.823, 13.505, 14.627, 14.594, 14.069, 9.558, 5.011, 4.233, 4.77, 5.004, 3.903, 2.185, 1.453, 4.16, 6.543, 7.164, 7.634, 9.593, 11.962, 17.696, 23.623, 26.862, 28.064, 28.222, 27.263, 26.945, 26.872, 26.621, 26.154, 25.216, 22.938, 21.336, 22.647, 22.876, 22.207, 22.524, 21.465, 19.559, 18.374, 18.902, 18.171, 14.487, 13.276, 14.9, 14.743, 12.432, 9.488, 8.562, 7.86, 5.175, 3.134, 3.698, 6.23, 7.715, 8.075, 7.447, 6.085, 5.102, 5.089, 6.052, 7.383, 9.242, 11.111, 11.717, 9.69, 10.295, 12.299], [9.63, 9.114, 7.919, 4.997, 2.299, 3.133, 1.928, 2.368, 1.609, 0.0, 2.646, 4.069, 4.185, 5.151, 7.506, 8.438, 8.198, 8.132, 8.685, 10.127, 12.244, 13.665, 13.771, 12.711, 10.993, 9.675, 9.868, 10.399, 9.599, 9.345, 10.541, 9.338, 9.107, 10.542, 12.041, 12.375, 11.166, 10.521, 10.27, 4.411, 2.166, 7.136, 9.594, 11.414, 12.804, 12.619, 10.382, 8.562, 8.662, 9.779, 9.06, 7.745, 7.617, 6.281, 4.5, 6.039, 9.18, 10.903, 10.468, 9.671, 10.534, 11.907, 12.95, 13.929, 14.47, 13.872, 14.193, 16.477, 17.752, 18.21, 21.141, 22.794, 22.815, 22.795, 23.162, 23.649, 24.2, 23.331, 22.356, 20.748, 20.673, 19.465, 17.407, 18.434, 19.303, 19.984, 17.178, 13.604, 13.784, 13.954, 12.72, 12.358, 13.88, 14.35, 11.986, 10.195, 8.565, 7.747, 8.798, 8.324, 7.327, 7.706, 9.715, 10.094, 8.736, 6.513, 4.792, 6.489, 10.274, 11.754, 12.214, 11.492, 11.777, 10.293, 8.315, 7.65, 6.302, 6.294, 11.36, 14.695, 17.582, 18.722, 19.311, 20.099, 19.076, 17.896, 17.543, 17.746, 17.987, 17.388, 17.106, 17.4, 16.925, 16.19, 15.433, 14.757, 14.735, 15.191, 14.34, 13.649, 14.42, 15.41, 15.431, 14.891, 10.386, 5.969, 5.043, 5.621, 5.912, 4.855, 2.773, 2.139, 5.062, 7.426, 7.844, 8.16, 10.409, 12.805, 18.633, 24.521, 27.742, 28.823, 28.993, 28.067, 27.804, 27.748, 27.581, 27.077, 26.141, 23.911, 22.289, 23.566, 23.739, 23.005, 23.337, 22.284, 20.471, 19.189, 19.7, 18.959, 15.282, 14.086, 15.705, 15.542, 13.215, 10.283, 9.366, 8.793, 6.1, 3.903, 4.607, 7.231, 8.656, 8.929, 8.353, 7.021, 5.797, 6.031, 6.935, 8.15, 10.158, 11.974, 12.529, 10.615, 11.217, 13.153], [7.86, 7.367, 7.076, 4.802, 3.377, 4.648, 2.808, 1.754, 1.898, 2.646, 0.0, 2.002, 2.452, 3.057, 5.189, 6.126, 5.87, 5.885, 6.565, 7.962, 10.027, 11.388, 11.497, 10.519, 8.808, 7.487, 7.607, 8.197, 7.407, 6.989, 8.266, 7.144, 6.874, 8.223, 9.697, 9.997, 8.877, 8.312, 8.124, 3.31, 2.604, 4.87, 7.181, 9.223, 10.61, 10.407, 8.19, 6.37, 6.471, 7.587, 6.785, 5.545, 5.426, 4.107, 2.992, 3.762, 6.989, 8.712, 8.277, 7.635, 8.343, 9.712, 10.753, 11.733, 12.257, 11.671, 11.998, 14.261, 15.536, 15.92, 18.928, 20.58, 20.59, 20.568, 20.937, 21.428, 21.978, 21.113, 20.131, 18.605, 18.346, 17.15, 15.171, 16.062, 16.866, 17.544, 14.776, 11.258, 11.372, 11.605, 10.547, 10.041, 11.543, 12.053, 9.778, 7.994, 6.426, 5.566, 6.607, 6.127, 5.114, 5.514, 7.46, 7.736, 6.449, 4.359, 2.919, 4.518, 8.083, 9.55, 9.946, 9.252, 9.442, 7.99, 6.079, 5.321, 3.969, 4.104, 9.111, 12.371, 15.252, 16.488, 17.086, 17.875, 16.813, 15.598, 15.166, 15.368, 15.648, 15.1, 14.884, 15.119, 14.614, 13.826, 13.156, 12.539, 12.533, 12.968, 12.136, 11.395, 12.043, 13.206, 13.186, 12.637, 8.233, 3.854, 3.177, 3.453, 3.798, 2.683, 1.375, 2.156, 3.097, 5.893, 6.977, 7.543, 8.727, 10.699, 16.208, 22.186, 25.435, 26.609, 26.771, 25.838, 25.516, 25.453, 25.233, 24.781, 23.847, 21.531, 19.915, 21.208, 21.458, 20.777, 21.113, 20.06, 18.175, 16.963, 17.503, 16.767, 13.088, 11.87, 13.498, 13.344, 11.024, 8.102, 7.187, 6.505, 3.844, 2.563, 2.627, 4.851, 6.3, 6.656, 6.016, 4.695, 3.575, 3.817, 4.677, 5.993, 7.905, 9.718, 10.328, 8.34, 8.973, 10.889], [6.642, 6.332, 6.229, 4.175, 4.666, 6.052, 4.068, 2.73, 3.161, 4.069, 2.002, 0.0, 1.507, 2.113, 3.628, 4.527, 4.281, 4.561, 4.843, 6.27, 8.379, 9.73, 9.839, 8.826, 7.128, 5.807, 5.926, 6.516, 5.717, 5.369, 6.608, 5.451, 5.197, 6.58, 8.027, 8.379, 7.222, 6.66, 6.411, 2.292, 2.857, 3.297, 5.791, 7.53, 8.923, 8.714, 6.497, 4.68, 4.778, 5.898, 5.128, 3.864, 3.855, 3.121, 2.688, 2.224, 5.326, 7.018, 6.584, 5.913, 6.65, 8.022, 9.065, 10.044, 10.57, 9.996, 10.325, 12.575, 13.86, 14.375, 17.26, 18.897, 18.939, 18.913, 19.291, 19.861, 20.344, 19.427, 18.459, 17.017, 16.829, 15.654, 13.807, 14.838, 15.671, 16.263, 13.436, 10.157, 9.758, 9.972, 8.924, 8.51, 9.9, 10.406, 8.09, 6.319, 4.72, 3.842, 4.914, 4.459, 3.532, 3.843, 5.778, 6.136, 4.804, 2.98, 1.761, 2.814, 6.39, 7.886, 8.26, 7.564, 7.802, 6.335, 4.398, 3.889, 3.342, 3.707, 7.428, 10.754, 13.708, 14.868, 15.412, 16.241, 15.191, 13.953, 13.529, 13.738, 14.011, 13.474, 13.246, 13.463, 12.977, 12.188, 11.493, 10.967, 11.033, 11.419, 10.581, 9.75, 10.653, 11.581, 11.512, 10.986, 6.534, 3.673, 2.981, 2.667, 3.199, 2.152, 2.163, 2.77, 1.743, 4.573, 6.237, 6.489, 7.331, 9.134, 14.727, 20.571, 23.809, 25.002, 25.149, 24.18, 23.893, 23.87, 23.614, 23.16, 22.223, 19.903, 18.306, 19.579, 19.789, 19.116, 19.43, 18.374, 16.522, 15.293, 15.815, 15.074, 11.397, 10.185, 11.814, 11.656, 9.331, 6.574, 5.601, 4.856, 2.498, 2.673, 2.454, 3.217, 4.643, 4.977, 4.361, 3.088, 2.428, 2.284, 3.008, 4.332, 6.27, 8.037, 8.648, 6.694, 7.328, 9.221], [6.911, 6.534, 6.339, 4.103, 4.754, 5.995, 3.946, 2.934, 3.32, 4.185, 2.452, 1.507, 0.0, 1.762, 3.902, 4.619, 4.362, 4.759, 4.751, 6.139, 8.237, 9.656, 9.765, 8.852, 7.135, 5.821, 5.943, 6.527, 5.74, 5.382, 6.596, 5.462, 5.222, 6.623, 8.069, 8.407, 7.206, 6.773, 6.695, 2.235, 2.924, 3.565, 5.668, 7.556, 8.924, 8.738, 6.529, 4.703, 4.804, 5.92, 5.11, 3.883, 4.162, 3.399, 2.218, 2.345, 5.41, 7.118, 6.738, 6.318, 6.762, 8.099, 9.109, 10.075, 10.623, 10.087, 10.421, 12.592, 13.955, 14.574, 17.309, 18.929, 19.037, 18.986, 19.358, 19.994, 20.448, 19.452, 18.496, 17.372, 17.14, 15.779, 13.981, 15.173, 15.996, 16.456, 13.619, 10.685, 9.747, 9.904, 9.079, 8.701, 9.858, 10.341, 8.101, 6.349, 4.709, 3.921, 4.954, 4.574, 3.827, 3.939, 5.807, 6.076, 4.9, 3.233, 2.222, 3.483, 6.416, 7.941, 8.297, 7.595, 7.779, 6.373, 4.426, 4.289, 3.811, 4.272, 7.448, 10.81, 13.69, 14.913, 15.448, 16.306, 15.255, 13.941, 13.504, 13.703, 13.944, 13.404, 13.338, 13.54, 12.939, 12.146, 11.534, 11.095, 11.193, 11.575, 10.715, 9.812, 10.786, 11.674, 11.559, 11.028, 6.483, 4.134, 3.42, 3.084, 3.607, 3.019, 2.434, 3.134, 2.064, 4.68, 6.484, 6.63, 7.762, 9.641, 15.032, 20.596, 23.827, 25.057, 25.211, 24.224, 23.92, 23.834, 23.586, 23.09, 22.164, 19.871, 18.275, 19.602, 19.803, 19.161, 19.45, 18.391, 16.486, 15.323, 15.826, 15.095, 11.411, 10.202, 11.825, 11.667, 9.357, 6.894, 5.784, 4.792, 2.537, 1.938, 1.891, 3.276, 4.669, 5.083, 4.505, 3.231, 2.616, 2.31, 2.987, 4.348, 6.2, 8.078, 8.673, 6.608, 7.22, 9.224], [7.892, 7.558, 7.398, 5.158, 5.787, 7.09, 4.98, 3.655, 4.181, 5.151, 3.057, 2.113, 1.762, 0.0, 2.603, 3.443, 3.343, 4.055, 4.086, 5.276, 7.263, 8.591, 8.7, 7.778, 6.06, 4.744, 4.995, 5.859, 5.256, 4.407, 5.54, 4.502, 4.7, 5.981, 7.444, 7.866, 6.763, 6.838, 7.276, 3.283, 3.943, 4.1, 5.759, 6.983, 8.04, 7.723, 5.804, 4.394, 4.28, 5.125, 4.334, 3.393, 2.926, 2.113, 1.803, 2.507, 5.7, 7.214, 7.097, 6.969, 7.075, 8.132, 8.615, 9.536, 9.988, 9.951, 10.032, 11.853, 13.656, 14.378, 16.718, 18.273, 18.507, 18.446, 18.686, 19.495, 19.721, 18.687, 17.708, 17.629, 17.408, 15.689, 14.433, 15.752, 16.365, 16.603, 13.916, 11.223, 9.215, 8.977, 8.823, 9.075, 9.568, 9.457, 7.449, 5.625, 4.395, 3.533, 3.915, 3.843, 3.141, 3.357, 4.751, 5.103, 4.84, 3.968, 3.026, 4.126, 5.644, 7.263, 7.461, 6.58, 6.744, 5.416, 3.659, 3.025, 2.744, 3.126, 6.678, 10.003, 12.862, 13.898, 14.49, 15.381, 14.375, 12.968, 12.445, 12.873, 13.011, 12.514, 12.652, 12.783, 12.036, 11.288, 10.73, 10.441, 10.764, 11.115, 10.217, 9.671, 10.62, 11.069, 10.877, 10.676, 6.118, 2.947, 2.303, 2.515, 2.475, 3.13, 3.379, 3.921, 2.739, 5.665, 7.595, 7.685, 8.568, 10.31, 15.084, 19.869, 22.947, 24.265, 24.295, 23.349, 23.173, 23.036, 22.618, 22.139, 21.172, 18.845, 17.434, 18.582, 18.758, 18.121, 18.42, 17.335, 15.414, 14.314, 14.753, 14.022, 10.349, 9.124, 10.752, 10.594, 8.282, 5.703, 4.608, 3.757, 1.536, 2.2, 1.589, 2.252, 3.893, 4.59, 4.173, 3.421, 3.159, 2.859, 3.134, 4.155, 5.426, 7.3, 8.096, 5.947, 6.223, 8.149], [8.143, 7.918, 7.89, 6.334, 8.127, 9.5, 7.379, 5.928, 6.581, 7.506, 5.189, 3.628, 3.902, 2.603, 0.0, 1.604, 1.908, 2.738, 2.935, 3.661, 5.248, 6.325, 6.368, 5.392, 3.935, 3.103, 3.415, 4.541, 3.854, 2.907, 3.505, 3.201, 3.867, 5.077, 6.023, 7.044, 5.945, 6.436, 6.657, 4.459, 6.237, 4.216, 5.989, 5.895, 6.502, 5.995, 4.675, 4.01, 3.314, 3.487, 2.797, 2.731, 2.093, 2.228, 3.712, 2.996, 5.104, 6.31, 6.409, 6.455, 6.49, 7.196, 7.764, 8.398, 9.011, 8.991, 8.962, 10.372, 12.173, 12.963, 14.99, 16.414, 16.661, 16.687, 16.925, 17.752, 17.853, 16.869, 15.962, 16.398, 16.451, 14.528, 13.874, 15.194, 15.664, 15.625, 13.181, 10.649, 8.653, 7.706, 7.871, 8.196, 8.411, 8.164, 6.456, 4.298, 3.544, 2.722, 2.578, 2.882, 2.406, 2.773, 3.25, 3.623, 4.085, 3.779, 3.653, 3.625, 4.184, 5.869, 6.014, 4.887, 5.067, 3.841, 2.764, 1.817, 2.031, 2.461, 5.235, 8.223, 10.935, 11.765, 12.309, 13.302, 12.273, 11.033, 10.427, 11.053, 11.267, 10.756, 10.944, 11.05, 10.383, 9.702, 9.055, 9.005, 9.53, 9.812, 8.975, 8.428, 9.384, 9.645, 9.168, 9.341, 5.055, 2.527, 2.742, 2.617, 2.36, 3.155, 5.362, 5.922, 3.298, 5.753, 7.817, 8.22, 8.719, 10.049, 13.754, 18.226, 21.263, 22.391, 22.399, 21.581, 21.243, 21.049, 20.642, 20.008, 19.004, 16.855, 15.641, 16.364, 16.475, 15.844, 16.094, 15.035, 13.125, 12.045, 12.346, 11.611, 8.129, 6.848, 8.388, 8.2, 5.867, 3.382, 2.406, 2.418, 2.268, 4.321, 3.464, 2.002, 2.737, 3.464, 3.5, 3.064, 3.157, 3.041, 2.709, 3.392, 4.231, 5.731, 6.555, 4.697, 4.796, 6.073], [7.781, 7.518, 7.478, 6.418, 9.079, 10.429, 8.307, 6.845, 7.51, 8.438, 6.126, 4.527, 4.619, 3.443, 1.604, 0.0, 1.485, 1.698, 1.788, 2.629, 4.221, 5.357, 5.41, 4.433, 2.841, 1.909, 2.145, 3.312, 2.593, 1.734, 2.421, 1.931, 2.777, 4.029, 4.766, 5.741, 5.133, 5.713, 5.596, 4.793, 7.163, 3.961, 5.429, 4.634, 5.172, 4.689, 3.427, 3.147, 2.478, 2.414, 1.813, 1.803, 1.756, 2.877, 4.549, 3.496, 4.102, 5.007, 5.21, 5.349, 5.428, 5.966, 6.425, 7.067, 7.682, 7.66, 7.647, 9.091, 10.911, 11.708, 13.716, 15.214, 15.466, 15.44, 15.675, 16.514, 16.665, 15.647, 14.697, 15.091, 15.142, 13.255, 12.549, 13.862, 14.322, 14.316, 11.843, 9.313, 7.345, 6.406, 6.532, 6.862, 7.084, 6.877, 5.123, 3.107, 2.689, 2.046, 1.401, 1.669, 1.687, 1.75, 2.017, 2.312, 2.785, 3.081, 3.906, 3.378, 2.876, 4.598, 4.76, 3.614, 3.803, 2.609, 2.48, 1.741, 2.668, 2.737, 3.982, 7.041, 9.881, 10.818, 11.349, 12.324, 11.315, 9.95, 9.388, 9.871, 9.972, 9.599, 9.685, 9.793, 9.078, 8.392, 7.812, 7.747, 8.269, 8.539, 7.727, 7.164, 8.115, 8.379, 7.917, 8.083, 3.75, 3.067, 3.659, 3.053, 3.038, 4.011, 6.257, 6.858, 3.563, 5.036, 6.983, 7.669, 7.962, 8.883, 12.48, 16.936, 19.994, 21.236, 21.256, 20.305, 20.09, 20.01, 19.564, 18.988, 17.986, 15.82, 14.506, 15.372, 15.518, 14.877, 15.146, 14.088, 12.173, 11.089, 11.416, 10.681, 7.107, 5.836, 7.448, 7.261, 4.944, 2.875, 1.652, 1.661, 3.041, 5.226, 4.29, 2.311, 1.869, 2.274, 2.683, 2.846, 3.356, 3.106, 2.413, 2.466, 2.977, 4.502, 5.302, 3.424, 3.525, 4.861], [7.534, 7.297, 7.247, 6.216, 8.761, 10.156, 8.035, 6.535, 7.238, 8.198, 5.87, 4.281, 4.362, 3.343, 1.908, 1.485, 0.0, 1.392, 1.721, 2.568, 4.223, 5.586, 5.695, 4.755, 3.212, 1.947, 1.976, 2.829, 2.237, 1.946, 2.542, 2.051, 2.768, 4.047, 4.83, 5.814, 5.067, 5.664, 5.657, 4.576, 6.889, 3.889, 5.293, 4.768, 5.191, 4.852, 3.535, 3.067, 2.36, 1.957, 1.712, 1.9, 1.798, 2.716, 4.273, 3.167, 4.151, 4.991, 5.296, 5.394, 5.52, 6.106, 6.482, 6.947, 7.675, 7.675, 7.453, 8.771, 10.544, 11.292, 13.586, 15.076, 15.318, 15.335, 15.541, 16.351, 16.603, 15.503, 14.525, 14.756, 14.677, 12.856, 12.57, 13.968, 14.299, 13.918, 11.798, 9.345, 7.503, 6.212, 6.624, 6.849, 6.916, 6.812, 5.239, 3.185, 2.514, 1.797, 1.919, 1.798, 1.651, 1.927, 2.452, 2.875, 2.834, 3.131, 3.701, 3.208, 2.829, 4.259, 4.437, 3.521, 3.776, 3.013, 2.54, 1.615, 2.436, 2.404, 3.702, 7.087, 9.926, 11.028, 11.468, 12.415, 11.451, 9.975, 9.463, 9.739, 9.983, 9.561, 9.595, 9.7, 9.071, 8.291, 7.771, 7.464, 7.863, 8.139, 7.308, 6.758, 7.721, 8.106, 7.802, 7.631, 3.542, 2.849, 3.443, 2.673, 2.389, 3.681, 5.99, 6.564, 3.248, 4.937, 7.038, 7.545, 7.938, 9.04, 12.099, 16.823, 19.93, 21.265, 21.255, 20.287, 19.975, 19.997, 19.546, 19.09, 18.14, 15.857, 14.395, 15.52, 15.716, 15.152, 15.409, 14.337, 12.399, 11.295, 11.732, 11.001, 7.323, 6.12, 7.721, 7.57, 5.273, 3.104, 1.762, 1.703, 2.704, 4.885, 4.023, 2.298, 1.763, 2.436, 2.614, 2.652, 3.151, 2.95, 2.353, 2.369, 2.769, 4.313, 5.051, 2.955, 3.233, 5.114], [7.706, 7.485, 7.454, 6.779, 8.808, 10.126, 8.009, 6.575, 7.207, 8.132, 5.885, 4.561, 4.759, 4.055, 2.738, 1.698, 1.392, 0.0, 1.317, 2.357, 4.148, 5.559, 5.668, 4.72, 3.065, 1.828, 1.838, 2.619, 1.907, 2.056, 2.526, 1.997, 2.792, 3.967, 4.661, 5.478, 4.965, 5.441, 5.339, 5.126, 6.86, 4.188, 5.451, 4.48, 4.892, 4.635, 3.297, 3.303, 2.687, 2.296, 1.981, 2.077, 2.36, 3.225, 4.58, 3.757, 3.855, 4.765, 4.988, 5.115, 5.195, 5.733, 6.089, 6.537, 7.237, 7.184, 6.893, 8.606, 10.168, 10.91, 13.295, 14.873, 15.015, 15.049, 15.26, 16.028, 16.317, 15.379, 14.411, 14.247, 14.29, 12.393, 11.963, 13.456, 13.785, 13.513, 11.282, 8.881, 7.236, 6.068, 6.11, 6.301, 6.461, 6.582, 5.033, 3.103, 2.519, 2.102, 2.087, 1.818, 1.614, 1.917, 2.208, 2.729, 2.374, 2.865, 4.093, 3.652, 2.592, 3.945, 4.282, 3.463, 3.709, 2.983, 3.185, 2.184, 2.753, 2.395, 3.404, 6.877, 9.775, 10.892, 11.361, 12.221, 11.23, 9.86, 9.476, 9.682, 9.948, 9.412, 9.299, 9.442, 8.919, 8.229, 7.534, 7.152, 7.464, 7.723, 6.931, 6.353, 7.299, 7.728, 7.521, 7.229, 3.104, 3.026, 3.607, 2.543, 2.642, 3.717, 5.999, 6.498, 3.468, 4.9, 6.753, 7.44, 7.713, 8.582, 11.697, 16.643, 19.752, 21.02, 21.112, 20.125, 19.881, 19.777, 19.522, 19.03, 18.096, 15.833, 14.326, 15.515, 15.694, 15.072, 15.338, 14.288, 12.374, 11.22, 11.7, 10.969, 7.285, 6.079, 7.699, 7.541, 5.225, 2.909, 1.931, 2.033, 3.34, 5.159, 4.309, 3.119, 2.401, 2.399, 2.848, 3.16, 3.648, 3.285, 2.653, 2.434, 2.484, 4.101, 4.729, 2.813, 3.125, 5.092], [7.358, 7.149, 7.182, 6.731, 9.375, 10.668, 8.649, 7.337, 7.754, 8.685, 6.565, 4.843, 4.751, 4.086, 2.935, 1.788, 1.721, 1.317, 0.0, 1.674, 3.631, 5.033, 5.142, 4.178, 2.502, 1.473, 1.405, 2.195, 1.749, 1.608, 1.941, 1.515, 2.441, 3.441, 4.01, 4.999, 4.488, 5.058, 4.913, 5.185, 7.478, 4.112, 4.977, 3.901, 4.37, 4.076, 2.767, 2.933, 2.468, 1.924, 1.837, 2.145, 2.743, 3.801, 5.214, 3.909, 3.453, 4.129, 4.508, 4.653, 4.73, 5.24, 5.588, 6.063, 6.753, 6.724, 6.544, 8.106, 9.819, 10.577, 12.931, 14.535, 14.711, 14.691, 14.928, 15.687, 15.98, 14.942, 13.96, 13.964, 14.018, 12.122, 11.606, 13.03, 13.417, 13.22, 10.932, 8.443, 6.706, 5.546, 5.649, 5.868, 6.088, 6.068, 4.347, 2.665, 2.077, 1.874, 1.926, 2.014, 2.139, 2.108, 1.656, 1.955, 1.943, 2.806, 4.376, 3.659, 2.314, 3.583, 3.831, 2.934, 3.203, 2.397, 2.863, 2.739, 3.479, 3.108, 2.985, 6.415, 9.259, 10.367, 10.864, 11.744, 10.777, 9.328, 8.975, 9.251, 9.415, 8.912, 8.95, 9.016, 8.438, 7.692, 7.11, 6.834, 7.204, 7.454, 6.678, 6.061, 7.028, 7.419, 7.126, 6.914, 2.544, 3.306, 3.908, 3.229, 3.099, 4.272, 6.543, 7.036, 3.926, 4.612, 6.299, 7.045, 7.259, 8.087, 11.417, 16.179, 19.246, 20.58, 20.595, 19.694, 19.443, 19.364, 19.012, 18.533, 17.589, 15.302, 13.837, 14.977, 15.158, 14.521, 14.793, 13.752, 11.85, 10.714, 11.16, 10.426, 6.749, 5.539, 7.159, 7.001, 4.683, 3.24, 2.129, 1.822, 3.65, 5.802, 5.063, 3.328, 2.239, 2.212, 2.609, 3.244, 3.921, 3.394, 2.565, 1.935, 2.146, 3.677, 4.404, 2.368, 2.722, 4.55], [8.243, 8.094, 8.209, 7.954, 10.822, 12.07, 9.954, 8.591, 9.203, 10.127, 7.962, 6.27, 6.139, 5.276, 3.661, 2.629, 2.568, 2.357, 1.674, 0.0, 2.194, 3.617, 3.644, 2.848, 2.013, 1.614, 1.616, 2.083, 2.321, 2.599, 1.543, 2.509, 3.555, 4.235, 4.526, 5.163, 5.009, 5.909, 5.647, 6.446, 8.865, 5.428, 5.942, 4.408, 3.996, 3.581, 3.372, 4.104, 3.573, 2.194, 2.654, 3.408, 3.846, 4.879, 6.456, 5.208, 4.443, 4.546, 5.057, 5.323, 5.13, 5.551, 5.785, 6.039, 6.732, 6.843, 6.546, 7.482, 9.319, 10.193, 11.99, 13.216, 13.45, 13.522, 13.74, 14.592, 14.699, 13.646, 12.79, 13.787, 13.806, 11.932, 11.697, 13.249, 13.501, 13.024, 10.997, 8.601, 6.769, 5.32, 5.726, 6.174, 6.076, 5.703, 4.582, 3.104, 2.819, 3.043, 2.693, 3.007, 3.413, 3.159, 2.041, 2.04, 2.808, 4.106, 5.684, 4.904, 2.817, 3.384, 3.388, 2.365, 3.135, 3.246, 3.992, 3.807, 4.673, 4.165, 2.553, 5.46, 8.064, 9.121, 9.533, 10.493, 9.558, 8.076, 7.681, 8.0, 8.38, 7.785, 8.068, 8.002, 7.476, 6.913, 6.249, 6.334, 6.818, 7.069, 6.196, 5.753, 6.766, 6.792, 6.307, 6.556, 2.957, 4.522, 5.26, 4.581, 4.39, 5.674, 8.023, 8.477, 5.19, 5.651, 7.224, 7.898, 7.837, 8.548, 11.133, 15.417, 18.18, 19.332, 19.337, 18.516, 18.068, 17.979, 17.636, 17.126, 16.176, 14.337, 12.642, 13.688, 13.78, 13.195, 13.427, 12.388, 10.449, 9.337, 9.763, 9.024, 5.372, 4.194, 5.743, 5.585, 3.282, 2.461, 2.333, 2.684, 4.667, 6.91, 6.188, 4.407, 3.314, 3.457, 3.913, 4.595, 5.214, 4.686, 3.874, 3.045, 2.293, 3.082, 3.795, 2.35, 2.505, 3.342], [8.924, 8.812, 9.041, 9.025, 12.949, 14.164, 12.07, 10.564, 11.319, 12.244, 10.027, 8.379, 8.237, 7.263, 5.248, 4.221, 4.223, 4.148, 3.631, 2.194, 0.0, 1.524, 1.805, 1.655, 2.695, 2.974, 2.762, 2.616, 3.449, 3.749, 2.399, 3.576, 4.455, 4.95, 5.19, 5.705, 5.673, 6.66, 6.391, 7.979, 10.966, 6.511, 6.722, 5.146, 3.913, 3.255, 4.182, 5.047, 4.697, 3.401, 3.801, 4.816, 5.307, 6.483, 8.235, 6.567, 5.416, 5.175, 5.853, 6.137, 5.805, 5.9, 5.978, 6.084, 6.54, 6.59, 6.04, 6.344, 8.321, 8.976, 10.599, 11.726, 11.858, 11.993, 12.348, 13.163, 13.045, 12.104, 11.402, 12.682, 12.677, 10.959, 11.142, 12.785, 12.801, 12.075, 10.279, 8.246, 6.373, 5.023, 5.508, 6.272, 5.873, 5.104, 4.663, 3.841, 4.068, 4.77, 4.23, 4.602, 5.141, 4.732, 3.05, 2.931, 3.844, 5.895, 7.512, 6.213, 3.682, 3.417, 2.73, 2.845, 3.263, 4.195, 5.16, 5.354, 6.319, 6.14, 1.852, 4.053, 6.204, 7.077, 7.498, 8.463, 7.518, 6.088, 5.718, 6.332, 6.78, 6.548, 6.842, 6.646, 6.112, 5.595, 4.965, 5.222, 5.688, 5.9, 5.104, 4.527, 5.546, 5.451, 4.978, 5.286, 3.653, 6.576, 7.388, 6.667, 6.48, 7.79, 10.14, 10.594, 7.185, 6.527, 8.037, 8.627, 8.558, 8.809, 9.931, 14.031, 16.576, 17.737, 17.744, 17.079, 16.41, 15.973, 15.564, 14.995, 14.151, 12.788, 11.085, 11.589, 11.729, 11.135, 11.369, 10.338, 8.393, 7.306, 7.785, 6.976, 3.655, 2.389, 3.682, 3.546, 1.479, 3.231, 3.859, 4.253, 6.47, 8.774, 7.861, 5.821, 4.567, 4.452, 5.077, 5.931, 6.695, 6.263, 5.439, 4.404, 3.086, 2.502, 2.753, 2.912, 2.374, 2.158], [8.706, 8.621, 9.094, 9.847, 14.33, 15.583, 13.488, 11.955, 12.738, 13.665, 11.388, 9.73, 9.656, 8.591, 6.325, 5.357, 5.586, 5.559, 5.033, 3.617, 1.524, 0.0, 0.904, 1.686, 3.238, 4.062, 3.833, 3.406, 4.282, 4.546, 3.262, 4.496, 4.926, 4.919, 4.991, 5.436, 5.534, 6.532, 6.241, 9.331, 12.254, 7.016, 6.819, 5.062, 3.684, 2.898, 4.332, 5.454, 5.305, 4.131, 4.628, 5.955, 6.271, 7.637, 9.619, 7.694, 5.786, 5.112, 5.767, 6.099, 5.697, 5.645, 5.732, 5.838, 6.252, 6.311, 5.681, 5.703, 7.72, 8.2, 9.724, 10.812, 10.968, 11.087, 11.486, 12.274, 12.157, 11.204, 10.544, 12.047, 11.976, 10.419, 10.639, 12.246, 12.256, 11.509, 9.762, 7.86, 6.137, 4.792, 5.404, 6.078, 5.574, 4.787, 4.412, 4.044, 5.37, 6.06, 5.228, 5.679, 6.397, 6.013, 4.012, 3.758, 4.953, 7.16, 8.906, 7.214, 4.184, 3.451, 2.626, 3.094, 3.198, 4.407, 5.814, 6.277, 7.505, 7.436, 2.392, 3.455, 5.294, 5.955, 6.397, 7.369, 6.407, 5.135, 4.731, 5.468, 5.808, 5.812, 6.08, 5.862, 5.219, 4.758, 4.26, 4.611, 5.095, 5.216, 4.423, 4.001, 4.798, 4.633, 4.138, 4.615, 4.038, 7.985, 8.806, 8.085, 7.898, 9.209, 11.558, 12.031, 8.618, 6.864, 8.095, 8.429, 8.318, 8.544, 9.287, 13.144, 15.665, 16.821, 16.827, 16.107, 15.479, 14.892, 14.569, 13.824, 12.968, 11.892, 10.211, 10.387, 10.501, 9.966, 10.169, 9.063, 7.116, 6.142, 6.422, 5.608, 2.555, 1.396, 2.536, 2.391, 1.581, 4.079, 4.725, 5.088, 7.631, 10.051, 9.122, 6.716, 5.363, 5.138, 5.704, 6.857, 7.896, 7.652, 6.767, 5.567, 3.929, 2.533, 2.538, 3.536, 2.928, 1.837], [8.419, 8.332, 8.648, 9.826, 14.439, 15.701, 13.597, 12.131, 12.847, 13.771, 11.497, 9.839, 9.765, 8.7, 6.368, 5.41, 5.695, 5.668, 5.142, 3.644, 1.805, 0.904, 0.0, 1.401, 3.056, 4.127, 3.937, 3.387, 4.267, 4.535, 3.236, 4.511, 4.82, 4.606, 4.719, 5.232, 5.177, 6.168, 5.939, 9.395, 12.357, 6.917, 6.437, 4.723, 3.285, 2.667, 4.007, 5.324, 5.219, 4.083, 4.718, 6.06, 6.276, 7.61, 9.702, 7.758, 5.434, 4.708, 5.366, 5.672, 5.282, 5.253, 5.33, 5.432, 5.921, 6.062, 5.431, 5.529, 7.545, 8.176, 9.709, 10.789, 10.976, 11.123, 11.442, 12.216, 12.216, 11.17, 10.468, 11.951, 11.935, 10.259, 10.514, 12.106, 12.171, 11.377, 9.622, 7.765, 5.965, 4.637, 5.145, 5.804, 5.241, 4.515, 4.038, 3.884, 5.37, 6.045, 5.192, 5.637, 6.5, 6.078, 4.1, 3.809, 5.065, 7.268, 8.98, 7.308, 4.052, 3.046, 2.51, 2.798, 2.869, 4.217, 5.704, 6.338, 7.614, 7.492, 2.462, 3.33, 5.308, 5.92, 6.373, 7.387, 6.427, 5.187, 4.8, 5.532, 5.907, 5.717, 6.039, 5.839, 5.23, 4.758, 4.197, 4.492, 4.948, 5.093, 4.321, 3.792, 4.751, 4.619, 4.16, 4.549, 3.762, 8.041, 8.868, 8.194, 8.007, 9.318, 11.667, 12.121, 8.71, 6.647, 7.709, 8.147, 7.904, 8.207, 9.192, 13.171, 15.749, 16.848, 16.812, 16.036, 15.435, 15.015, 14.685, 13.942, 12.953, 11.882, 10.239, 10.423, 10.405, 9.839, 10.019, 8.938, 6.921, 6.014, 6.173, 5.423, 2.488, 1.186, 2.232, 2.07, 1.592, 3.962, 4.648, 5.042, 7.724, 10.164, 9.278, 6.681, 5.295, 5.057, 5.609, 6.873, 7.997, 7.761, 6.876, 5.665, 3.813, 2.43, 2.373, 3.356, 2.692, 1.768], [8.39, 8.25, 8.392, 9.026, 13.49, 14.847, 12.72, 11.273, 11.927, 12.711, 10.519, 8.826, 8.852, 7.778, 5.392, 4.433, 4.755, 4.72, 4.178, 2.848, 1.655, 1.686, 1.401, 0.0, 2.004, 3.047, 2.969, 2.479, 3.294, 3.711, 2.461, 3.519, 4.127, 4.475, 4.567, 5.257, 5.126, 5.887, 5.649, 8.304, 11.381, 6.134, 6.114, 4.376, 3.065, 2.547, 3.589, 4.623, 4.379, 3.137, 3.833, 4.994, 5.224, 6.494, 8.642, 6.888, 4.802, 4.378, 5.038, 5.359, 4.986, 5.086, 5.168, 5.271, 5.813, 5.96, 5.428, 5.799, 7.785, 8.607, 10.207, 11.371, 11.635, 11.78, 11.942, 12.768, 12.874, 11.814, 10.96, 12.226, 12.403, 10.615, 10.758, 12.344, 12.523, 11.791, 9.986, 7.951, 6.036, 4.727, 5.013, 5.717, 5.229, 4.608, 3.937, 3.4, 4.332, 5.021, 4.137, 4.665, 5.464, 5.018, 3.093, 3.024, 4.136, 6.254, 7.923, 6.273, 3.064, 2.695, 2.139, 2.098, 2.484, 3.5, 4.819, 5.374, 6.65, 6.512, 1.83, 3.706, 6.225, 6.917, 7.329, 8.368, 7.46, 6.22, 5.74, 6.368, 6.648, 6.253, 6.412, 6.325, 5.778, 5.347, 4.582, 4.787, 5.228, 5.412, 4.629, 4.033, 5.215, 4.987, 4.578, 4.93, 3.494, 7.183, 7.877, 7.164, 7.021, 8.435, 10.671, 11.024, 7.768, 6.141, 7.352, 7.894, 7.718, 8.1, 9.599, 13.709, 16.524, 17.514, 17.467, 16.57, 16.227, 16.166, 15.835, 15.088, 14.032, 12.436, 10.988, 11.512, 11.455, 10.793, 10.976, 9.895, 8.028, 6.959, 6.989, 6.3, 3.039, 1.723, 3.135, 2.922, 1.604, 3.121, 3.55, 4.23, 6.891, 9.305, 8.427, 5.93, 4.505, 4.144, 4.744, 5.94, 7.117, 6.907, 5.876, 4.565, 3.042, 2.032, 2.438, 2.701, 2.136, 1.508], [7.719, 7.547, 7.581, 7.569, 11.773, 13.129, 11.003, 9.559, 10.21, 10.993, 8.808, 7.128, 7.135, 6.06, 3.935, 2.841, 3.212, 3.065, 2.502, 2.013, 2.695, 3.238, 3.056, 2.004, 0.0, 1.505, 1.572, 1.666, 1.856, 2.178, 1.388, 1.935, 3.099, 3.684, 3.955, 4.663, 4.545, 5.182, 4.917, 6.589, 9.676, 4.744, 5.353, 3.662, 3.039, 2.729, 2.619, 3.372, 2.887, 1.824, 2.346, 3.291, 3.486, 4.715, 6.931, 5.171, 3.681, 3.728, 4.259, 4.578, 4.364, 4.729, 5.023, 5.147, 5.785, 5.934, 5.638, 6.876, 8.636, 9.698, 11.626, 12.861, 13.18, 13.346, 13.452, 14.207, 14.414, 13.395, 12.378, 12.927, 13.162, 11.307, 10.935, 12.45, 12.776, 12.437, 10.273, 7.944, 6.04, 4.653, 4.898, 5.514, 5.284, 4.843, 3.743, 2.515, 2.942, 3.325, 2.342, 2.801, 3.759, 3.321, 1.553, 1.623, 2.735, 4.55, 6.206, 4.577, 1.982, 2.586, 2.815, 1.787, 2.2, 2.245, 3.232, 3.81, 4.932, 4.813, 2.463, 5.054, 7.879, 8.668, 9.058, 10.073, 9.19, 7.872, 7.399, 7.959, 8.115, 7.467, 7.612, 7.795, 7.206, 6.581, 5.844, 5.625, 6.102, 6.338, 5.493, 5.177, 6.222, 6.299, 5.916, 6.045, 2.671, 5.528, 6.159, 5.446, 5.333, 6.717, 8.954, 9.288, 6.05, 5.029, 6.521, 7.181, 7.083, 7.857, 10.597, 15.077, 18.054, 19.067, 19.029, 17.979, 17.838, 17.829, 17.483, 16.768, 15.697, 13.747, 12.544, 13.218, 13.18, 12.529, 12.635, 11.655, 9.815, 8.687, 8.707, 8.081, 4.611, 3.296, 4.815, 4.67, 2.868, 2.77, 2.17, 2.56, 5.193, 7.593, 6.723, 4.288, 2.864, 2.706, 3.293, 4.363, 5.419, 5.189, 4.166, 2.989, 1.895, 2.571, 3.321, 1.784, 1.815, 2.587], [7.857, 7.648, 7.624, 7.226, 10.455, 11.811, 9.685, 8.241, 8.891, 9.675, 7.487, 5.807, 5.821, 4.744, 3.103, 1.909, 1.947, 1.828, 1.473, 1.614, 2.974, 4.062, 4.127, 3.047, 1.505, 0.0, 0.936, 1.69, 1.554, 1.865, 1.489, 1.488, 2.783, 3.821, 4.381, 5.155, 4.926, 5.382, 5.236, 5.592, 8.351, 4.517, 5.503, 4.052, 3.824, 3.489, 2.828, 3.219, 2.631, 1.649, 2.028, 2.366, 2.577, 3.713, 5.645, 4.383, 3.777, 4.212, 4.698, 4.896, 4.945, 5.347, 5.597, 5.798, 6.445, 6.56, 6.258, 7.442, 9.304, 10.192, 12.302, 13.735, 14.016, 14.065, 14.204, 15.045, 15.227, 14.164, 13.206, 13.485, 13.674, 11.801, 11.549, 13.034, 13.394, 12.958, 10.89, 8.551, 6.641, 5.281, 5.488, 6.08, 5.906, 5.53, 4.315, 2.719, 2.382, 2.237, 1.594, 2.0, 2.483, 2.162, 1.289, 1.938, 2.379, 3.301, 4.953, 3.953, 2.081, 2.941, 3.256, 2.254, 2.358, 2.372, 2.964, 2.775, 3.81, 3.501, 2.502, 5.822, 8.726, 9.596, 9.981, 10.982, 10.109, 8.708, 8.281, 8.715, 8.765, 8.274, 8.298, 8.479, 7.858, 7.206, 6.515, 6.183, 6.597, 6.853, 6.027, 5.66, 6.708, 6.827, 6.588, 6.534, 2.832, 4.253, 4.845, 4.128, 3.988, 5.399, 7.635, 7.994, 4.735, 5.003, 6.778, 7.421, 7.525, 8.375, 11.105, 15.711, 18.715, 19.896, 19.853, 18.792, 18.688, 18.723, 18.327, 17.665, 16.633, 14.652, 13.345, 14.13, 14.194, 13.561, 13.798, 12.691, 10.896, 9.711, 10.025, 9.284, 5.627, 4.45, 6.054, 5.867, 3.544, 2.368, 1.678, 1.691, 3.953, 6.308, 5.455, 3.475, 2.502, 2.651, 3.114, 3.705, 4.362, 4.057, 3.105, 2.384, 2.244, 3.117, 3.838, 1.854, 2.038, 3.513], [7.522, 7.332, 7.366, 6.851, 10.575, 11.931, 9.805, 8.361, 9.012, 9.868, 7.607, 5.926, 5.943, 4.995, 3.415, 2.145, 1.976, 1.838, 1.405, 1.616, 2.762, 3.833, 3.937, 2.969, 1.572, 0.936, 0.0, 1.25, 1.265, 1.543, 1.177, 1.413, 2.533, 3.505, 3.913, 4.716, 4.533, 5.135, 4.901, 5.64, 8.505, 4.191, 5.123, 3.665, 3.521, 3.077, 2.671, 3.017, 2.484, 1.535, 1.76, 2.307, 2.816, 4.059, 5.826, 4.226, 3.529, 3.916, 4.436, 4.654, 4.623, 5.009, 5.257, 5.506, 6.119, 6.204, 5.904, 7.015, 8.855, 9.659, 11.869, 13.384, 13.642, 13.609, 13.825, 14.657, 14.863, 13.804, 12.827, 13.118, 13.236, 11.29, 11.12, 12.6, 12.934, 12.455, 10.431, 8.064, 6.291, 4.936, 5.215, 5.526, 5.383, 5.307, 3.939, 2.596, 2.536, 2.44, 2.075, 2.19, 2.631, 2.321, 1.227, 1.653, 2.14, 3.414, 5.119, 3.803, 1.902, 2.636, 2.81, 1.787, 2.262, 2.163, 2.762, 2.931, 3.905, 3.768, 2.09, 5.322, 8.197, 9.206, 9.663, 10.615, 9.655, 8.241, 7.804, 8.159, 8.229, 7.867, 7.839, 7.925, 7.363, 6.632, 5.986, 5.861, 6.209, 6.481, 5.656, 5.114, 6.141, 6.345, 6.06, 6.006, 2.44, 4.423, 5.141, 4.257, 4.106, 5.52, 7.756, 8.238, 4.92, 4.743, 6.282, 7.102, 7.243, 7.889, 10.511, 15.151, 18.17, 19.468, 19.47, 18.493, 18.299, 18.323, 17.892, 17.35, 16.388, 14.207, 12.786, 13.802, 13.946, 13.316, 13.6, 12.506, 10.661, 9.491, 9.904, 9.163, 5.486, 4.289, 