[[0.0, 1.06, 2.317, 5.813, 11.175, 11.737, 11.072, 9.358, 9.104, 7.102, 5.604, 5.502, 5.672, 5.724, 5.985, 5.53, 5.855, 6.921, 8.159, 8.505, 9.945, 10.052, 8.003, 8.162, 9.278, 6.01, 1.433, 3.667, 6.68, 10.919, 12.358, 12.312, 11.866, 12.545, 14.59, 15.324, 15.295, 15.031, 14.469, 14.816, 15.072, 15.37, 17.783, 19.069, 17.783, 16.722, 14.505, 10.608, 7.856, 7.721, 8.044, 6.988, 6.489, 4.625, 6.111, 7.261, 5.47, 2.368, 1.806, 2.134, 2.519, 2.445, 2.686, 3.298, 4.536, 2.652, 2.859, 6.239, 8.72, 8.266, 8.185, 9.611, 11.077, 11.599, 11.407, 9.581, 8.12, 7.892, 7.715, 7.075, 6.982, 7.399, 7.759, 7.648, 7.946, 8.487, 7.65, 7.5, 7.403, 7.214, 6.645, 3.816, 2.893, 4.259, 8.148, 8.173, 4.322, 3.452, 4.282, 4.677, 3.717, 3.653, 3.259, 4.149, 3.127, 2.943, 4.168, 6.415, 6.142, 5.627, 8.369, 12.69, 15.045, 14.732, 15.471, 16.955, 17.692, 17.263, 17.426, 18.288, 18.648, 17.951, 16.712, 17.013, 16.272, 14.558, 13.071, 12.519, 12.526, 13.689, 13.815, 12.977, 12.214, 10.286, 11.043, 13.726, 13.08, 6.768, 4.836, 5.173, 5.485, 5.356, 5.202, 5.512, 5.756, 5.884], [1.06, 0.0, 2.444, 6.007, 11.388, 12.019, 11.346, 9.57, 9.287, 7.302, 5.827, 5.62, 5.806, 5.806, 6.109, 5.639, 5.957, 6.948, 8.204, 8.552, 10.008, 10.096, 8.154, 8.336, 9.419, 6.147, 1.636, 3.496, 6.436, 10.656, 12.061, 12.015, 11.624, 12.305, 14.367, 15.11, 15.08, 14.843, 14.249, 14.555, 14.808, 15.183, 17.564, 18.865, 17.579, 16.517, 14.285, 10.362, 7.677, 7.523, 7.853, 6.775, 6.411, 4.737, 6.058, 7.415, 5.609, 2.376, 1.564, 1.912, 2.06, 1.977, 2.305, 3.219, 4.584, 2.555, 3.026, 6.056, 8.452, 8.015, 7.973, 9.453, 10.812, 11.356, 11.158, 9.385, 8.05, 7.724, 7.556, 6.955, 6.879, 7.399, 7.803, 7.655, 7.815, 8.317, 7.502, 7.42, 7.332, 7.247, 6.647, 3.887, 2.799, 4.392, 8.372, 8.398, 4.507, 3.571, 4.435, 4.761, 3.78, 3.528, 3.245, 4.113, 3.133, 3.142, 4.197, 6.362, 6.191, 5.636, 8.259, 12.511, 14.808, 14.495, 15.199, 16.718, 17.433, 17.04, 17.215, 18.093, 18.419, 17.648, 16.443, 16.782, 16.084, 14.3, 12.893, 12.295, 12.402, 13.39, 13.564, 12.763, 12.046, 10.022, 10.781, 13.494, 12.852, 6.497, 4.945, 5.431, 5.837, 5.661, 5.524, 5.756, 5.949, 6.058], [2.317, 2.444, 0.0, 3.688, 9.308, 9.727, 9.052, 7.607, 7.117, 5.176, 3.798, 4.395, 4.758, 4.317, 4.349, 3.986, 4.396, 5.244, 6.701, 7.083, 8.475, 8.495, 6.626, 6.745, 7.342, 4.551, 2.433, 5.721, 8.813, 13.045, 14.451, 14.372, 14.052, 14.731, 16.788, 17.525, 17.508, 17.232, 16.554, 16.883, 17.096, 17.612, 19.985, 21.275, 19.989, 18.915, 16.716, 12.767, 10.014, 9.826, 10.199, 9.104, 8.464, 5.94, 4.778, 5.019, 3.451, 1.583, 2.035, 2.313, 3.043, 3.211, 3.107, 2.699, 2.822, 1.757, 4.616, 8.36, 10.876, 10.43, 10.347, 11.781, 13.177, 13.673, 13.477, 11.646, 10.078, 9.872, 9.718, 8.955, 8.805, 8.972, 9.359, 9.369, 10.023, 10.499, 9.626, 9.399, 9.127, 8.789, 7.983, 5.207, 2.785, 2.185, 6.1, 6.086, 2.19, 1.869, 2.597, 2.98, 2.467, 2.801, 2.527, 3.623, 3.24, 4.033, 5.933, 8.418, 8.173, 7.734, 10.565, 14.702, 17.141, 16.867, 17.51, 19.097, 19.818, 19.431, 19.638, 20.428, 20.83, 20.04, 18.84, 19.22, 18.457, 16.678, 15.308, 14.73, 14.689, 15.722, 15.993, 15.193, 14.43, 12.43, 13.189, 15.909, 15.278, 8.863, 6.303, 6.203, 6.234, 5.927, 5.603, 5.95, 6.571, 6.91], [5.813, 6.007, 3.688, 0.0, 5.773, 6.087, 5.45, 4.017, 3.569, 1.751, 0.95, 2.152, 2.914, 2.36, 1.351, 1.535, 1.386, 2.158, 3.312, 3.71, 5.12, 5.077, 3.365, 3.405, 3.908, 2.808, 5.792, 9.256, 12.36, 16.597, 18.005, 17.914, 17.588, 18.248, 20.319, 21.053, 21.028, 20.763, 20.137, 20.497, 20.706, 21.117, 23.507, 24.82, 23.539, 22.453, 20.257, 16.299, 13.546, 13.378, 13.729, 12.645, 11.982, 9.5, 5.21, 3.323, 1.966, 4.142, 5.238, 5.912, 6.574, 6.785, 6.089, 3.314, 2.209, 4.093, 8.159, 11.931, 14.418, 13.96, 13.901, 15.323, 16.693, 17.203, 16.982, 15.166, 13.707, 13.527, 13.354, 12.582, 12.437, 12.603, 12.964, 12.988, 13.61, 14.134, 13.169, 12.962, 12.675, 12.317, 11.509, 8.649, 5.89, 2.267, 2.58, 2.632, 2.566, 2.907, 2.242, 1.792, 2.854, 3.974, 4.781, 6.276, 6.177, 7.2, 9.461, 11.908, 11.654, 11.243, 14.079, 18.323, 20.682, 20.4, 21.076, 22.608, 23.352, 22.954, 23.175, 23.946, 24.36, 23.612, 22.395, 22.759, 21.984, 20.19, 18.821, 18.251, 18.244, 19.305, 19.511, 18.708, 17.942, 15.962, 16.713, 19.441, 18.82, 12.459, 9.577, 9.407, 9.343, 8.888, 8.516, 8.89, 9.968, 10.395], [11.175, 11.388, 9.308, 5.773, 0.0, 1.77, 2.176, 2.113, 2.536, 4.353, 5.789, 6.298, 6.323, 5.936, 5.614, 6.169, 6.321, 5.605, 4.579, 3.663, 2.847, 3.375, 4.025, 4.171, 3.868, 6.274, 11.1, 14.628, 17.75, 21.972, 23.405, 23.355, 22.914, 23.599, 25.642, 26.385, 26.355, 26.099, 25.591, 25.924, 26.162, 26.451, 28.841, 30.138, 28.843, 27.786, 25.569, 21.667, 18.855, 18.778, 19.145, 18.033, 17.535, 15.059, 9.255, 5.177, 6.252, 9.5, 10.701, 11.394, 12.031, 12.195, 11.461, 8.506, 7.053, 9.431, 13.653, 17.348, 19.764, 19.311, 19.245, 20.644, 22.067, 22.607, 22.378, 20.589, 19.207, 19.01, 18.846, 18.069, 18.026, 18.19, 18.575, 18.605, 19.036, 19.623, 18.601, 18.439, 18.199, 17.873, 17.065, 14.143, 10.719, 7.324, 4.175, 4.357, 7.722, 8.061, 7.327, 6.897, 8.198, 9.28, 10.317, 11.037, 11.17, 12.372, 14.838, 17.211, 16.943, 16.581, 19.456, 23.789, 26.071, 25.785, 26.555, 27.964, 28.733, 28.322, 28.469, 29.355, 29.692, 29.009, 27.76, 28.066, 27.327, 25.572, 24.154, 23.568, 23.551, 24.748, 24.857, 24.021, 23.298, 21.313, 22.094, 24.771, 24.135, 17.842, 14.721, 14.224, 14.487, 14.204, 13.525, 13.982, 15.339, 15.856], [11.737, 12.019, 9.727, 6.087, 1.77, 0.0, 1.991, 2.771, 2.856, 4.724, 6.254, 6.86, 6.817, 6.569, 6.211, 6.757, 6.888, 6.148, 5.201, 4.302, 3.896, 4.776, 4.736, 4.871, 4.8, 6.754, 11.697, 15.208, 18.347, 22.584, 24.022, 23.973, 23.529, 24.211, 26.243, 26.971, 26.943, 26.689, 26.173, 26.52, 26.783, 26.998, 29.406, 30.699, 29.423, 28.344, 26.149, 22.272, 19.361, 19.375, 19.723, 18.648, 18.017, 15.449, 9.224, 5.037, 6.536, 10.057, 11.297, 11.922, 12.628, 12.835, 12.081, 9.079, 7.594, 10.002, 14.149, 17.917, 20.381, 19.927, 19.852, 21.17, 22.641, 23.144, 22.935, 21.123, 19.753, 19.534, 19.402, 18.603, 18.427, 18.561, 18.883, 18.994, 19.542, 20.178, 19.181, 18.899, 18.58, 18.19, 17.162, 14.061, 10.579, 7.776, 3.958, 3.872, 7.659, 8.589, 7.927, 7.505, 8.774, 9.864, 10.409, 10.885, 11.513, 12.968, 15.281, 17.766, 17.498, 17.095, 19.95, 24.338, 26.675, 26.384, 27.126, 28.537, 29.343, 28.922, 29.058, 29.93, 30.304, 29.648, 28.375, 28.651, 27.919, 26.15, 24.717, 24.136, 24.135, 25.38, 25.468, 24.577, 23.887, 21.919, 22.706, 25.334, 24.707, 18.482, 15.312, 14.74, 14.674, 14.501, 13.454, 13.72, 15.372, 16.063], [11.072, 11.346, 9.052, 5.45, 2.176, 1.991, 0.0, 2.429, 2.899, 4.127, 5.635, 6.149, 6.096, 5.864, 5.55, 6.17, 6.26, 5.52, 4.569, 4.147, 3.693, 3.977, 3.972, 4.038, 3.569, 6.068, 11.114, 14.611, 17.731, 21.971, 23.398, 23.352, 22.918, 23.6, 25.652, 26.386, 26.355, 26.093, 25.463, 25.826, 26.102, 26.417, 28.844, 30.128, 28.823, 27.771, 25.567, 21.663, 18.785, 18.712, 19.059, 17.984, 17.33, 14.749, 8.332, 4.395, 5.939, 9.402, 10.588, 11.178, 11.924, 12.162, 11.43, 8.415, 6.919, 9.386, 13.492, 17.207, 19.766, 19.317, 19.198, 20.597, 22.026, 22.531, 22.325, 20.479, 19.038, 18.785, 18.691, 17.881, 17.71, 17.857, 18.147, 18.276, 18.798, 19.466, 18.546, 18.226, 17.88, 17.455, 16.374, 13.198, 9.879, 7.124, 3.274, 3.178, 6.902, 7.944, 7.341, 6.89, 8.172, 9.269, 9.712, 10.071, 10.821, 12.32, 14.734, 17.211, 16.943, 16.532, 19.325, 23.64, 26.061, 25.757, 26.432, 27.917, 28.733, 28.317, 28.456, 29.284, 29.663, 28.993, 27.77, 28.074, 27.294, 25.52, 24.127, 23.581, 23.508, 24.706, 24.872, 24.03, 23.265, 21.315, 22.095, 24.759, 24.141, 17.809, 14.671, 14.149, 14.097, 13.789, 12.652, 12.794, 14.537, 15.341], [9.358, 9.57, 7.607, 4.017, 2.113, 2.771, 2.429, 0.0, 1.265, 2.626, 3.982, 4.507, 4.531, 4.167, 3.778, 4.31, 4.422, 3.747, 2.851, 1.967, 2.026, 2.555, 2.398, 2.691, 2.583, 4.741, 9.233, 12.841, 15.884, 20.121, 21.56, 21.51, 21.057, 21.739, 23.772, 24.502, 24.478, 24.225, 23.734, 24.082, 24.326, 24.526, 26.931, 28.226, 26.972, 25.881, 23.686, 19.8, 16.984, 16.944, 17.282, 16.216, 15.765, 13.349, 7.706, 4.358, 4.872, 7.65, 8.85, 9.568, 10.201, 10.39, 9.607, 6.718, 5.239, 7.636, 11.91, 15.51, 17.919, 17.456, 17.417, 18.782, 20.221, 20.77, 20.568, 18.805, 17.415, 17.184, 17.012, 16.239, 16.239, 16.443, 16.803, 16.838, 17.216, 17.794, 16.791, 16.697, 16.514, 16.179, 15.441, 12.51, 9.16, 5.735, 2.661, 3.422, 6.113, 6.28, 5.532, 5.068, 6.372, 7.471, 8.592, 9.541, 9.571, 10.501, 13.048, 15.327, 15.034, 14.73, 17.59, 21.977, 24.224, 23.923, 24.716, 26.144, 26.877, 26.465, 26.608, 27.524, 27.853, 27.175, 25.913, 26.18, 25.469, 23.738, 22.252, 21.661, 21.74, 22.93, 22.998, 22.1, 21.41, 19.46, 20.238, 22.869, 22.23, 16.011, 12.869, 12.509, 12.762, 12.545, 11.956, 12.398, 13.72, 14.149], [9.104, 9.287, 7.117, 3.569, 2.536, 2.856, 2.899, 1.265, 0.0, 2.098, 3.718, 4.562, 4.812, 4.317, 3.653, 4.124, 4.269, 3.689, 2.982, 2.084, 2.698, 3.286, 3.021, 3.251, 3.093, 4.775, 8.918, 12.513, 15.613, 19.84, 21.276, 21.224, 20.768, 21.437, 23.472, 24.198, 24.177, 23.929, 23.51, 23.829, 24.072, 24.258, 26.608, 27.928, 26.696, 25.563, 23.408, 19.507, 16.689, 16.703, 17.064, 15.949, 15.44, 12.904, 7.087, 3.749, 4.378, 7.35, 8.643, 9.361, 9.947, 10.096, 9.34, 6.495, 5.194, 7.256, 11.424, 15.259, 17.634, 17.151, 17.128, 18.496, 19.914, 20.441, 20.239, 18.524, 17.155, 16.977, 16.798, 16.017, 15.892, 16.039, 16.421, 16.445, 16.981, 17.577, 16.511, 16.288, 16.018, 15.668, 14.849, 11.906, 8.756, 5.385, 2.436, 3.128, 5.61, 5.864, 5.209, 4.842, 6.088, 7.126, 8.033, 9.129, 9.084, 10.277, 12.604, 14.992, 14.731, 14.366, 17.374, 21.724, 23.913, 23.657, 24.442, 25.846, 26.581, 26.172, 26.342, 27.294, 27.586, 26.895, 25.628, 25.897, 25.18, 23.472, 21.974, 21.346, 21.477, 22.645, 22.69, 21.791, 21.145, 19.156, 19.934, 22.564, 21.918, 15.739, 12.636, 12.386, 12.331, 12.054, 11.433, 11.921, 13.206, 13.692], [7.102, 7.302, 5.176, 1.751, 4.353, 4.724, 4.127, 2.626, 2.098, 0.0, 1.773, 2.674, 3.28, 2.799, 1.884, 2.311, 2.326, 2.098, 2.088, 2.352, 3.831, 3.723, 2.526, 2.453, 3.014, 3.401, 6.999, 10.576, 13.652, 17.884, 19.323, 19.274, 18.824, 19.51, 21.54, 22.272, 22.246, 22.007, 21.522, 21.838, 22.097, 22.324, 24.733, 26.036, 24.756, 23.684, 21.462, 17.581, 14.777, 14.72, 15.07, 13.984, 13.459, 10.986, 5.889, 3.314, 2.989, 5.356, 6.639, 7.352, 7.963, 8.128, 7.374, 4.541, 3.572, 5.333, 9.467, 13.272, 15.681, 15.221, 15.151, 16.551, 17.969, 18.499, 18.301, 16.53, 15.154, 14.969, 14.795, 14.02, 13.916, 14.073, 14.45, 14.47, 14.972, 15.572, 14.522, 14.291, 14.056, 13.763, 13.043, 10.139, 7.261, 3.739, 1.826, 2.332, 3.994, 4.108, 3.452, 3.051, 4.118, 5.179, 6.127, 7.624, 7.603, 8.426, 10.72, 13.123, 12.881, 12.479, 15.377, 19.725, 21.981, 21.686, 22.459, 23.88, 24.647, 24.248, 24.388, 25.292, 25.625, 24.939, 23.675, 23.956, 23.256, 21.49, 20.03, 19.459, 19.499, 20.673, 20.766, 19.904, 19.216, 17.217, 18.007, 20.657, 20.027, 13.765, 10.939, 10.761, 10.739, 10.332, 9.951, 10.314, 11.525, 11.95], [5.604, 5.827, 3.798, 0.95, 5.789, 6.254, 5.635, 3.982, 3.718, 1.773, 0.0, 2.067, 2.566, 2.063, 1.347, 1.326, 1.334, 1.984, 3.05, 3.452, 4.862, 4.827, 2.967, 3.135, 3.914, 2.499, 5.535, 9.142, 12.17, 16.41, 17.834, 17.783, 17.363, 18.04, 20.075, 20.803, 20.781, 20.525, 20.01, 20.356, 20.607, 20.853, 23.256, 24.557, 23.268, 22.206, 19.983, 16.101, 13.322, 13.228, 13.559, 12.482, 11.996, 9.63, 5.832, 4.018, 2.394, 3.923, 5.14, 5.858, 6.47, 6.653, 5.878, 3.056, 2.231, 3.989, 8.048, 11.782, 14.205, 13.756, 13.681, 15.067, 16.534, 17.069, 16.868, 15.087, 13.674, 13.474, 13.292, 12.519, 12.45, 12.614, 12.984, 13.008, 13.488, 14.069, 13.037, 12.861, 12.698, 12.396, 11.682, 8.861, 6.103, 2.495, 2.866, 3.076, 2.894, 3.009, 2.297, 1.83, 2.881, 3.914, 4.855, 6.593, 6.456, 7.057, 9.329, 11.687, 11.424, 11.033, 13.883, 18.229, 20.526, 20.235, 21.0, 22.456, 23.187, 22.765, 22.902, 23.801, 24.132, 23.446, 22.209, 22.483, 21.778, 20.039, 18.56, 17.986, 18.026, 19.208, 19.303, 18.44, 17.715, 15.756, 16.538, 19.189, 18.556, 12.293, 9.627, 9.488, 9.477, 9.11, 8.868, 9.259, 10.264, 10.615], [5.502, 5.62, 4.395, 2.152, 6.298, 6.86, 6.149, 4.507, 4.562, 2.674, 2.067, 0.0, 1.46, 1.601, 1.785, 2.478, 1.776, 2.198, 3.102, 3.451, 4.836, 4.949, 3.08, 3.107, 4.371, 3.089, 5.378, 8.625, 11.694, 15.912, 17.321, 17.312, 16.949, 17.627, 19.69, 20.419, 20.39, 20.129, 19.391, 19.711, 20.042, 20.463, 22.88, 24.157, 22.867, 21.806, 19.596, 15.673, 12.947, 12.735, 13.062, 12.11, 11.588, 9.77, 6.762, 4.676, 3.665, 3.891, 4.712, 5.154, 5.855, 6.097, 5.583, 3.263, 3.316, 5.183, 7.968, 11.221, 13.796, 13.357, 13.281, 14.728, 16.154, 16.593, 16.392, 14.538, 12.989, 12.74, 12.571, 12.032, 11.935, 12.503, 12.809, 12.681, 12.926, 13.341, 12.756, 12.704, 12.536, 12.414, 11.769, 9.041, 6.843, 3.469, 3.448, 3.591, 3.794, 4.316, 3.118, 2.828, 3.181, 4.247, 5.997, 7.703, 7.398, 7.624, 9.493, 11.641, 11.43, 10.733, 13.451, 17.616, 20.054, 19.774, 20.425, 22.018, 22.701, 22.336, 22.499, 23.322, 23.723, 22.94, 21.71, 22.111, 21.36, 19.615, 18.169, 17.635, 17.645, 18.658, 18.904, 18.09, 17.324, 15.374, 16.107, 18.812, 18.176, 11.783, 9.964, 10.133, 10.343, 10.046, 9.807, 10.098, 10.646, 10.856], [5.672, 5.806, 4.758, 2.914, 6.323, 6.817, 6.096, 4.531, 4.812, 3.28, 2.566, 1.46, 0.0, 1.041, 2.288, 3.026, 2.449, 2.5, 3.276, 3.643, 4.928, 5.031, 3.001, 3.102, 4.399, 2.67, 5.597, 8.863, 11.914, 16.142, 17.537, 17.48, 17.063, 17.757, 19.811, 20.539, 20.504, 20.241, 19.491, 19.89, 20.17, 20.577, 23.003, 24.267, 22.97, 21.923, 19.703, 15.826, 13.08, 12.922, 13.231, 12.195, 11.717, 9.881, 7.393, 5.681, 4.317, 4.186, 4.817, 5.182, 6.051, 6.348, 5.775, 3.493, 3.776, 5.614, 8.196, 11.297, 13.928, 13.5, 13.378, 14.882, 16.341, 16.839, 16.639, 14.792, 13.116, 12.79, 12.684, 12.151, 12.138, 12.614, 12.941, 12.808, 12.963, 13.523, 13.006, 12.842, 12.743, 12.438, 11.774, 9.07, 6.989, 3.937, 4.27, 4.533, 4.201, 4.845, 3.715, 3.501, 3.86, 4.866, 6.326, 7.944, 7.752, 7.903, 9.602, 11.728, 11.6, 10.914, 13.542, 17.851, 20.283, 19.991, 20.578, 22.159, 22.892, 22.475, 22.626, 23.412, 23.844, 23.09, 21.921, 22.232, 21.439, 19.702, 18.292, 17.763, 17.702, 18.841, 19.035, 18.214, 17.426, 15.535, 16.273, 18.936, 18.293, 11.888, 10.254, 10.339, 10.603, 10.342, 10.117, 10.315, 10.756, 10.991], [5.724, 5.806, 4.317, 2.36, 5.936, 6.569, 5.864, 4.167, 4.317, 2.799, 2.063, 1.601, 1.041, 0.0, 1.671, 2.474, 2.01, 1.933, 2.792, 3.248, 4.497, 4.522, 2.634, 2.847, 3.918, 2.152, 5.603, 9.07, 12.063, 16.271, 17.686, 17.614, 17.255, 17.927, 19.998, 20.742, 20.717, 20.464, 19.746, 20.073, 20.347, 20.804, 23.189, 24.489, 23.201, 22.141, 19.907, 15.988, 13.3, 13.102, 13.447, 12.38, 11.997, 9.929, 7.269, 5.425, 3.837, 3.971, 4.873, 5.574, 6.2, 6.452, 5.812, 3.34, 3.099, 4.932, 8.212, 11.566, 14.08, 13.657, 13.586, 15.1, 16.49, 16.999, 16.794, 14.989, 13.433, 13.188, 13.012, 12.304, 12.353, 12.764, 13.077, 13.021, 13.337, 13.817, 13.16, 13.078, 12.945, 12.716, 11.975, 9.238, 6.818, 3.378, 3.865, 4.21, 3.73, 4.271, 3.291, 3.023, 3.448, 4.604, 5.927, 7.583, 7.286, 7.46, 9.764, 11.794, 11.604, 11.091, 13.866, 18.092, 20.43, 20.157, 20.715, 22.355, 23.057, 22.668, 22.85, 23.681, 24.061, 23.254, 22.069, 22.416, 21.709, 19.907, 18.509, 17.961, 18.024, 18.977, 19.205, 18.396, 17.662, 15.687, 16.424, 19.122, 18.483, 12.053, 9.916, 10.064, 10.338, 10.002, 9.771, 10.099, 10.694, 10.975], [5.985, 6.109, 4.349, 1.351, 5.614, 6.211, 5.55, 3.778, 3.653, 1.884, 1.347, 1.785, 2.288, 1.671, 0.0, 1.337, 1.312, 1.706, 2.666, 3.054, 4.538, 4.451, 2.916, 3.041, 3.944, 2.74, 5.874, 9.282, 12.248, 16.435, 17.867, 17.821, 17.414, 18.086, 20.162, 20.9, 20.866, 20.607, 19.989, 20.331, 20.596, 20.94, 23.348, 24.641, 23.36, 22.298, 20.081, 16.171, 13.468, 13.38, 13.571, 12.698, 12.343, 10.101, 6.091, 4.237, 2.689, 4.246, 5.156, 5.886, 6.481, 6.676, 6.091, 3.632, 2.539, 4.466, 8.572, 11.875, 14.244, 13.848, 13.901, 15.32, 16.705, 17.228, 17.035, 15.202, 13.796, 13.442, 13.261, 12.618, 12.749, 13.092, 13.439, 13.413, 13.675, 14.104, 13.46, 13.407, 13.225, 12.93, 12.22, 9.336, 6.524, 2.891, 2.801, 3.175, 3.204, 3.354, 2.584, 1.964, 2.86, 4.075, 5.482, 6.962, 6.76, 6.95, 9.95, 11.849, 11.59, 11.383, 14.041, 18.392, 20.665, 20.334, 20.99, 22.508, 23.204, 22.818, 22.995, 23.842, 24.209, 23.469, 22.234, 22.588, 21.855, 20.107, 18.661, 18.138, 18.29, 19.216, 19.355, 18.545, 17.789, 15.862, 16.61, 19.296, 18.647, 12.311, 9.742, 9.726, 9.966, 9.507, 9.22, 9.552, 10.685, 11.043], [5.53, 5.639, 3.986, 1.535, 6.169, 6.757, 6.17, 4.31, 4.124, 2.311, 1.326, 2.478, 3.026, 2.474, 1.337, 0.0, 1.431, 2.166, 3.067, 3.429, 4.922, 4.848, 3.355, 3.646, 4.659, 3.044, 5.279, 8.847, 11.764, 15.883, 17.303, 17.259, 16.803, 17.5, 19.523, 20.272, 20.244, 19.993, 19.575, 19.892, 20.128, 20.35, 22.706, 24.005, 22.728, 21.684, 19.442, 15.62, 12.928, 12.989, 13.137, 12.188, 11.972, 9.782, 5.617, 4.018, 2.55, 3.815, 4.796, 5.566, 6.136, 6.264, 5.591, 3.205, 2.355, 3.964, 8.084, 11.515, 13.662, 13.243, 13.401, 14.797, 16.192, 16.747, 16.607, 14.85, 13.48, 13.047, 12.866, 12.268, 12.395, 12.74, 13.056, 13.044, 13.329, 13.779, 13.025, 12.967, 12.854, 12.588, 11.883, 9.066, 6.208, 2.561, 3.252, 3.317, 2.98, 2.798, 2.157, 1.491, 2.488, 3.592, 4.981, 6.622, 6.504, 6.579, 9.406, 11.297, 10.978, 10.82, 13.598, 18.034, 20.094, 19.795, 20.592, 22.052, 22.66, 22.253, 22.383, 23.362, 23.679, 22.902, 21.656, 21.933, 21.284, 19.577, 18.082, 17.471, 17.785, 18.762, 18.749, 18.002, 17.251, 15.32, 16.011, 18.637, 17.991, 11.808, 9.417, 9.378, 9.584, 9.219, 8.935, 9.284, 10.444, 10.795], [5.855, 5.957, 4.396, 1.386, 6.321, 6.888, 6.26, 4.422, 4.269, 2.326, 1.334, 1.776, 2.449, 2.01, 1.312, 1.431, 0.0, 1.551, 2.621, 3.031, 4.506, 4.654, 2.905, 3.153, 4.362, 3.298, 5.541, 8.799, 11.636, 15.811, 17.257, 17.213, 16.886, 17.551, 19.611, 20.341, 20.322, 20.072, 19.484, 19.818, 20.078, 20.452, 22.801, 24.122, 22.881, 21.787, 19.574, 15.683, 13.159, 13.04, 13.117, 12.322, 12.004, 10.068, 6.205, 4.354, 2.891, 4.007, 4.886, 5.449, 5.934, 6.087, 5.715, 3.478, 2.807, 4.576, 8.402, 11.486, 13.733, 13.396, 13.485, 14.969, 16.403, 16.744, 16.521, 14.853, 13.33, 12.844, 12.664, 12.302, 12.358, 12.901, 13.186, 13.124, 13.461, 13.682, 13.183, 13.281, 13.094, 12.943, 12.16, 9.456, 6.901, 3.115, 3.428, 3.569, 3.548, 3.512, 2.646, 1.965, 2.554, 3.69, 5.528, 7.305, 7.145, 7.116, 9.884, 11.811, 11.504, 11.126, 13.728, 17.974, 20.084, 19.875, 20.516, 22.068, 22.672, 22.307, 22.528, 23.344, 23.723, 22.924, 21.572, 22.059, 21.348, 19.59, 18.153, 17.7, 17.973, 18.677, 18.835, 18.096, 17.27, 15.397, 16.113, 18.783, 18.111, 11.816, 9.978, 10.034, 10.234, 9.845, 9.55, 9.96, 10.853, 11.203], [6.921, 6.948, 5.244, 2.158, 5.605, 6.148, 5.52, 3.747, 3.689, 2.098, 1.984, 2.198, 2.5, 1.933, 1.706, 2.166, 1.551, 0.0, 1.68, 2.366, 3.775, 3.652, 2.169, 2.64, 3.448, 3.008, 6.563, 10.001, 12.766, 16.69, 18.117, 18.064, 17.764, 18.445, 20.455, 21.288, 21.264, 21.027, 20.741, 20.871, 21.135, 21.481, 23.67, 25.022, 23.805, 22.707, 20.487, 16.646, 14.285, 14.271, 14.317, 13.396, 13.158, 10.925, 7.08, 4.943, 3.653, 5.151, 6.012, 6.667, 7.244, 7.32, 6.823, 4.14, 3.604, 5.396, 9.42, 12.799, 14.623, 14.252, 14.701, 16.139, 17.445, 17.92, 17.774, 16.028, 14.522, 13.957, 13.808, 13.281, 13.406, 13.828, 14.22, 14.108, 14.621, 14.879, 14.241, 14.349, 14.147, 13.943, 13.112, 10.397, 7.824, 3.99, 3.427, 3.841, 4.477, 4.355, 3.308, 2.759, 3.607, 4.825, 6.493, 8.256, 8.077, 8.128, 10.844, 12.708, 12.354, 12.177, 14.927, 19.204, 21.075, 20.831, 21.716, 23.316, 23.668, 23.29, 23.66, 24.539, 24.89, 23.795, 22.431, 22.933, 22.39, 20.735, 19.317, 18.655, 19.16, 19.892, 19.862, 19.308, 18.425, 16.459, 16.92, 19.777, 18.982, 12.963, 10.74, 10.894, 11.117, 10.762, 10.466, 10.866, 11.675, 12.051], [8.159, 8.204, 6.701, 3.312, 4.579, 5.201, 4.569, 2.851, 2.982, 2.088, 3.05, 3.102, 3.276, 2.792, 2.666, 3.067, 2.621, 1.68, 0.0, 1.484, 2.734, 2.483, 1.814, 1.957, 2.876, 3.719, 7.731, 11.189, 13.962, 17.724, 19.058, 19.02, 18.604, 19.347, 21.338, 22.185, 22.183, 21.92, 21.838, 21.997, 22.213, 22.472, 24.545, 25.857, 24.666, 23.565, 21.328, 17.616, 15.399, 15.397, 15.417, 14.605, 14.44, 12.515, 7.774, 5.117, 4.65, 6.311, 7.249, 7.92, 8.453, 8.543, 8.021, 5.39, 4.871, 6.61, 10.663, 13.874, 15.502, 15.277, 15.812, 17.246, 18.615, 19.035, 18.917, 17.268, 15.879, 15.259, 15.118, 14.789, 14.882, 15.389, 15.627, 15.622, 15.815, 16.188, 15.582, 15.6, 15.448, 15.238, 14.573, 11.769, 9.095, 5.354, 3.191, 3.662, 5.763, 5.542, 4.612, 4.026, 4.743, 5.873, 7.714, 9.443, 9.32, 9.226, 12.105, 13.981, 13.643, 13.346, 16.062, 20.465, 22.229, 21.999, 22.812, 24.335, 24.709, 24.306, 24.67, 25.612, 25.929, 24.725, 23.442, 23.807, 23.389, 21.809, 20.329, 19.768, 20.311, 21.005, 20.86, 20.345, 19.457, 17.504, 17.871, 20.783, 19.849, 14.07, 12.113, 12.218, 12.422, 12.045, 11.735, 12.116, 13.218, 13.563], [8.505, 8.552, 7.083, 3.71, 3.663, 4.302, 4.147, 1.967, 2.084, 2.352, 3.452, 3.451, 3.643, 3.248, 3.054, 3.429, 3.031, 2.366, 1.484, 0.0, 1.9, 2.126, 2.031, 2.355, 3.136, 4.356, 8.051, 11.552, 14.393, 18.404, 19.826, 19.787, 19.334, 20.031, 22.068, 22.877, 22.849, 22.616, 22.303, 22.546, 22.794, 23.017, 25.277, 26.59, 25.357, 24.264, 22.02, 18.146, 15.781, 15.734, 15.83, 14.929, 14.765, 12.906, 7.931, 4.872, 5.031, 6.602, 7.632, 8.304, 8.861, 8.984, 8.333, 5.8, 5.299, 7.025, 11.0, 14.263, 16.171, 15.769, 16.131, 17.584, 18.952, 19.418, 19.281, 17.635, 16.217, 15.772, 15.601, 15.172, 15.23, 15.785, 15.977, 15.989, 16.147, 16.533, 15.933, 15.926, 15.804, 15.632, 14.96, 12.166, 9.472, 5.739, 2.909, 3.862, 6.188, 5.92, 4.987, 4.391, 5.155, 6.201, 8.077, 9.848, 9.731, 9.719, 12.46, 14.364, 14.033, 13.674, 16.409, 20.782, 22.626, 22.43, 23.287, 24.748, 25.225, 24.833, 25.138, 26.072, 26.392, 25.456, 24.19, 24.511, 23.931, 22.276, 20.754, 20.088, 20.609, 21.449, 21.301, 20.744, 19.896, 17.905, 18.522, 21.246, 20.562, 14.491, 12.484, 12.593, 12.776, 12.409, 12.163, 12.513, 13.602, 13.949], [9.945, 10.008, 8.475, 5.12, 2.847, 3.896, 3.693, 2.026, 2.698, 3.831, 4.862, 4.836, 4.928, 4.497, 4.538, 4.922, 4.506, 3.775, 2.734, 1.9, 0.0, 1.667, 2.39, 2.62, 2.747, 5.337, 9.602, 12.998, 15.894, 20.028, 21.485, 21.476, 21.081, 21.738, 23.806, 24.543, 24.516, 24.268, 23.865, 24.101, 24.378, 24.665, 26.979, 28.322, 27.104, 25.981, 23.764, 19.839, 17.283, 17.294, 17.386, 16.47, 16.242, 14.202, 9.185, 6.164, 6.508, 8.159, 9.113, 9.827, 10.346, 10.478, 9.932, 7.359, 6.743, 8.537, 12.471, 15.864, 17.932, 17.478, 17.773, 19.165, 20.475, 20.962, 20.781, 19.069, 17.698, 17.258, 17.086, 16.543, 16.617, 17.088, 17.324, 17.304, 17.684, 18.026, 17.273, 17.368, 17.169, 17.027, 16.271, 13.552, 10.921, 7.181, 4.267, 5.179, 7.586, 7.387, 6.48, 5.852, 6.641, 7.861, 9.528, 11.281, 11.176, 11.217, 13.906, 15.834, 15.474, 15.175, 17.96, 22.27, 24.216, 23.984, 24.915, 26.345, 26.846, 26.469, 26.782, 27.685, 28.005, 27.172, 25.801, 26.252, 25.532, 23.919, 22.393, 21.784, 22.179, 23.056, 23.023, 22.337, 21.49, 19.577, 20.219, 22.975, 22.297, 16.166, 13.886, 14.032, 14.193, 13.86, 13.554, 13.899, 14.955, 15.309], [10.052, 10.096, 8.495, 5.077, 3.375, 4.776, 3.977, 2.555, 3.286, 3.723, 4.827, 4.949, 5.031, 4.522, 4.451, 4.848, 4.654, 3.652, 2.483, 2.126, 1.667, 0.0, 2.248, 2.437, 2.217, 5.169, 9.7, 13.175, 15.982, 19.95, 21.366, 21.332, 20.957, 21.664, 23.697, 24.518, 24.498, 24.249, 23.985, 24.144, 24.457, 24.715, 26.895, 28.22, 26.993, 25.898, 23.66, 19.793, 17.427, 17.373, 17.515, 16.561, 16.374, 14.279, 9.205, 6.23, 6.428, 8.275, 9.2, 9.906, 10.521, 10.634, 9.961, 7.274, 6.646, 8.406, 12.554, 15.934, 17.8, 17.397, 17.796, 19.226, 20.607, 21.046, 20.917, 19.192, 17.82, 17.454, 17.273, 16.649, 16.783, 17.211, 17.487, 17.467, 17.753, 18.139, 17.434, 17.486, 17.301, 17.1, 16.374, 13.587, 10.858, 7.109, 4.235, 5.1, 7.514, 7.296, 6.422, 5.856, 6.768, 7.847, 9.481, 11.208, 11.106, 11.134, 13.996, 15.864, 15.595, 15.299, 18.058, 22.391, 24.264, 24.015, 24.987, 26.471, 26.888, 26.49, 26.892, 27.813, 28.099, 27.029, 25.742, 26.131, 25.601, 24.01, 22.509, 21.81, 22.277, 23.124, 23.039, 22.469, 21.625, 19.597, 20.129, 22.963, 22.188, 16.219, 13.838, 13.966, 14.192, 13.798, 13.486, 13.835, 14.936, 15.289], [8.003, 8.154, 6.626, 3.365, 4.025, 4.736, 3.972, 2.398, 3.021, 2.526, 2.967, 3.08, 3.001, 2.634, 2.916, 3.355, 2.905, 2.169, 1.814, 2.031, 2.39, 2.248, 0.0, 1.177, 1.894, 3.586, 7.712, 11.345, 14.229, 18.442, 19.876, 19.829, 19.38, 20.076, 22.101, 22.842, 22.819, 22.568, 22.164, 22.438, 22.693, 22.902, 25.278, 26.57, 25.3, 24.241, 22.01, 18.138, 15.473, 15.441, 15.711, 14.606, 14.396, 12.422, 8.205, 5.757, 4.776, 6.21, 7.328, 8.072, 8.687, 8.811, 8.021, 5.364, 4.889, 6.697, 10.552, 14.028, 16.235, 15.779, 15.813, 17.265, 18.71, 19.256, 19.095, 17.358, 15.964, 15.645, 15.464, 14.81, 14.854, 15.28, 15.556, 15.54, 15.806, 16.289, 15.515, 15.457, 15.365, 15.145, 14.469, 11.664, 9.01, 5.338, 3.637, 4.131, 5.8, 5.551, 4.602, 4.009, 4.937, 5.939, 7.688, 9.497, 9.343, 9.465, 11.961, 13.927, 13.661, 13.289, 16.102, 20.523, 22.601, 22.334, 23.129, 24.605, 25.231, 24.808, 24.97, 25.947, 26.246, 25.476, 24.229, 24.509, 23.837, 22.158, 20.624, 19.999, 20.21, 21.303, 21.332, 20.523, 19.813, 17.841, 18.569, 21.211, 20.566, 14.37, 12.14, 12.151, 12.326, 11.998, 11.794, 12.193, 13.139, 13.477], [8.162, 8.336, 6.745, 3.405, 4.171, 4.871, 4.038, 2.691, 3.251, 2.453, 3.135, 3.107, 3.102, 2.847, 3.041, 3.646, 3.153, 2.64, 1.957, 2.355, 2.62, 2.437, 1.177, 0.0, 1.931, 3.786, 7.986, 11.38, 14.515, 18.699, 20.125, 20.078, 19.646, 20.327, 22.366, 23.1, 23.066, 22.806, 22.244, 22.584, 22.852, 23.148, 25.558, 26.852, 25.553, 24.497, 22.283, 18.395, 15.622, 15.486, 15.823, 14.887, 14.305, 12.539, 7.867, 5.548, 4.906, 6.311, 7.506, 8.059, 8.686, 8.895, 8.184, 5.537, 5.027, 6.955, 10.706, 13.999, 16.494, 16.073, 15.98, 17.383, 18.856, 19.356, 19.125, 17.302, 15.885, 15.668, 15.502, 14.945, 14.824, 15.379, 15.521, 15.561, 15.784, 16.267, 15.559, 15.393, 15.378, 15.217, 14.553, 11.756, 9.107, 5.471, 3.53, 3.879, 5.847, 5.845, 5.051, 4.363, 5.126, 6.017, 7.756, 9.502, 9.389, 9.78, 12.166, 14.34, 14.123, 13.443, 16.172, 20.476, 22.842, 22.522, 23.22, 24.706, 25.461, 25.047, 25.179, 26.043, 26.406, 25.727, 24.498, 24.789, 24.05, 22.298, 20.853, 20.296, 20.317, 21.443, 21.598, 20.74, 20.016, 18.052, 18.834, 21.482, 20.858, 14.566, 12.493, 12.39, 12.483, 12.065, 11.82, 12.167, 13.225, 13.564], [9.278, 9.419, 7.342, 3.908, 3.868, 4.8, 3.569, 2.583, 3.093, 3.014, 3.914, 4.371, 4.399, 3.918, 3.944, 4.659, 4.362, 3.448, 2.876, 3.136, 2.747, 2.217, 1.894, 1.931, 0.0, 3.8, 8.995, 12.584, 15.715, 19.893, 21.323, 21.278, 20.838, 21.509, 23.542, 24.294, 24.277, 24.036, 23.634, 23.954, 24.192, 24.47, 26.743, 28.083, 26.864, 25.692, 23.523, 19.524, 16.836, 16.832, 17.19, 16.076, 15.574, 13.073, 8.486, 5.793, 5.06, 7.536, 8.771, 9.489, 10.073, 10.215, 9.474, 6.478, 5.513, 7.478, 11.624, 15.405, 17.688, 17.199, 17.299, 18.685, 20.004, 20.499, 20.354, 18.646, 17.28, 17.105, 16.926, 16.145, 16.062, 16.212, 16.592, 16.636, 17.121, 17.706, 16.639, 16.5, 16.197, 15.864, 15.114, 12.206, 9.378, 5.64, 3.626, 4.246, 6.107, 6.23, 5.355, 5.043, 6.216, 7.312, 8.44, 9.834, 9.703, 10.605, 12.828, 15.13, 14.849, 14.532, 17.558, 21.864, 23.926, 23.778, 24.574, 25.966, 26.642, 26.204, 26.533, 27.445, 27.743, 26.981, 25.676, 26.026, 25.31, 23.614, 22.153, 21.48, 21.677, 22.768, 22.739, 21.979, 21.291, 19.189, 19.951, 22.665, 22.03, 15.873, 12.845, 12.729, 12.626, 12.36, 12.136, 12.543, 13.495, 13.928], [6.01, 6.147, 4.551, 2.808, 6.274, 6.754, 6.068, 4.741, 4.775, 3.401, 2.499, 3.089, 2.67, 2.152, 2.74, 3.044, 3.298, 3.008, 3.719, 4.356, 5.337, 5.169, 3.586, 3.786, 3.8, 0.0, 5.672, 9.382, 12.352, 16.445, 17.835, 17.82, 17.346, 18.061, 20.031, 20.879, 20.865, 20.64, 20.349, 20.612, 20.885, 21.095, 23.24, 24.617, 23.411, 22.209, 20.028, 16.099, 13.568, 13.578, 13.898, 12.758, 12.393, 9.856, 7.532, 5.837, 3.927, 4.492, 5.501, 6.228, 6.846, 6.959, 6.141, 3.149, 2.798, 4.882, 8.398, 12.168, 14.187, 13.72, 13.978, 15.407, 16.715, 17.233, 17.162, 15.444, 14.076, 13.835, 13.654, 12.876, 12.891, 13.046, 13.424, 13.445, 13.869, 14.446, 13.387, 13.248, 13.002, 12.667, 11.905, 8.98, 6.103, 3.471, 4.197, 4.419, 3.494, 4.229, 3.455, 3.572, 4.533, 5.561, 6.144, 7.388, 6.943, 7.531, 9.577, 11.844, 11.524, 11.332, 14.282, 18.631, 20.504, 20.405, 21.287, 22.714, 23.266, 22.825, 23.206, 24.138, 24.422, 23.523, 22.195, 22.554, 21.973, 20.32, 18.787, 18.035, 18.406, 19.45, 19.269, 18.668, 17.946, 15.758, 16.467, 19.203, 18.511, 12.505, 9.454, 9.576, 9.756, 9.657, 9.384, 9.731, 10.402, 10.793], [1.433, 1.636, 2.433, 5.792, 11.1, 11.697, 11.114, 9.233, 8.918, 6.999, 5.535, 5.378, 5.597, 5.603, 5.874, 5.279, 5.541, 6.563, 7.731, 8.051, 9.602, 9.7, 7.712, 7.986, 8.995, 5.672, 0.0, 3.809, 6.792, 10.955, 12.381, 12.335, 11.873, 12.553, 14.562, 15.317, 15.299, 15.056, 14.736, 15.03, 15.287, 15.493, 17.767, 19.093, 17.88, 16.736, 14.533, 10.605, 7.966, 7.961, 8.295, 7.188, 6.858, 5.191, 6.671, 7.371, 5.335, 2.365, 1.996, 2.126, 2.41, 2.216, 2.162, 3.203, 4.383, 2.783, 3.305, 6.555, 8.74, 8.26, 8.36, 9.769, 11.168, 11.636, 11.557, 9.867, 8.492, 8.223, 8.047, 7.521, 7.401, 7.962, 8.284, 8.172, 8.342, 8.828, 8.022, 7.976, 7.931, 7.807, 7.246, 4.406, 3.072, 4.238, 8.162, 8.212, 4.38, 3.516, 4.12, 4.464, 3.719, 3.566, 3.908, 4.984, 3.824, 3.474, 4.53, 6.627, 6.348, 5.768, 8.668, 13.026, 15.04, 14.879, 15.698, 17.107, 17.711, 17.291, 17.563, 18.524, 18.799, 18.039, 16.736, 17.031, 16.364, 14.703, 13.175, 12.49, 12.769, 13.865, 13.785, 13.027, 12.345, 10.243, 11.033, 13.71, 13.066, 6.917, 5.381, 5.455, 5.818, 5.776, 5.69, 6.055, 6.234, 6.401], [3.667, 3.496, 5.721, 9.256, 14.628, 15.208, 14.611, 12.841, 12.513, 10.576, 9.142, 8.625, 8.863, 9.07, 9.282, 8.847, 8.799, 10.001, 11.189, 11.552, 12.998, 13.175, 11.345, 11.38, 12.584, 9.382, 3.809, 0.0, 3.353, 7.443, 8.92, 8.908, 8.513, 9.166, 11.227, 11.958, 11.936, 11.693, 11.194, 11.518, 11.787, 12.093, 14.396, 15.752, 14.508, 13.375, 11.193, 7.22, 4.522, 4.531, 4.79, 4.084, 3.454, 3.093, 7.823, 10.656, 8.746, 5.422, 4.434, 4.266, 3.888, 3.792, 4.345, 6.477, 7.898, 5.452, 2.076, 3.097, 5.364, 4.941, 5.042, 6.364, 7.791, 8.085, 7.875, 6.207, 4.993, 4.633, 4.548, 4.32, 4.14, 4.86, 5.265, 5.098, 5.055, 5.216, 4.649, 4.725, 4.756, 4.909, 4.244, 3.024, 4.833, 7.667, 11.635, 11.685, 7.745, 6.896, 7.605, 7.989, 6.625, 5.688, 5.311, 5.375, 4.091, 2.974, 2.186, 3.774, 3.804, 3.091, 5.25, 9.431, 11.589, 11.454, 12.181, 13.564, 14.246, 13.884, 14.146, 15.014, 15.359, 14.612, 13.221, 13.683, 12.926, 11.218, 9.775, 9.201, 9.414, 10.36, 10.418, 9.602, 8.907, 6.872, 7.666, 10.375, 9.728, 3.734, 3.725, 3.893, 3.893, 3.728, 3.95, 4.463, 4.072, 3.958], [6.68, 6.436, 8.813, 12.36, 17.75, 18.347, 17.731, 15.884, 15.613, 13.652, 12.17, 11.694, 11.914, 12.063, 12.248, 11.764, 11.636, 12.766, 13.962, 14.393, 15.894, 15.982, 14.229, 14.515, 15.715, 12.352, 6.792, 3.353, 0.0, 4.314, 5.785, 5.775, 5.383, 6.065, 8.123, 8.866, 8.848, 8.593, 8.15, 8.372, 8.685, 8.956, 11.291, 12.611, 11.379, 10.265, 8.051, 4.155, 2.947, 2.193, 2.19, 1.937, 2.415, 3.787, 10.6, 13.758, 11.913, 8.438, 7.399, 7.226, 6.559, 6.508, 6.969, 9.457, 10.925, 8.457, 4.291, 2.214, 2.924, 2.356, 2.401, 3.511, 4.959, 5.241, 5.028, 3.474, 2.689, 2.578, 2.511, 2.353, 2.103, 2.82, 3.22, 2.775, 3.282, 3.686, 3.008, 3.329, 3.655, 3.495, 3.129, 4.887, 7.919, 10.773, 14.753, 14.798, 10.859, 9.82, 10.554, 10.945, 9.677, 8.65, 8.066, 8.004, 6.985, 5.514, 3.261, 1.96, 1.826, 1.823, 2.46, 6.612, 8.536, 8.386, 9.146, 10.618, 11.16, 10.814, 11.084, 11.987, 12.272, 11.452, 10.052, 10.56, 9.859, 8.201, 6.674, 6.211, 6.585, 7.3, 7.344, 6.68, 5.827, 3.891, 4.614, 7.315, 6.604, 1.62, 3.277, 3.859, 3.895, 4.008, 5.387, 6.146, 4.145, 3.323], [10.919, 10.656, 13.045, 16.597, 21.972, 22.584, 21.971, 20.121, 19.84, 17.884, 16.41, 15.912, 16.142, 16.271, 16.435, 15.883, 15.811, 16.69, 17.724, 18.404, 20.028, 19.95, 18.442, 18.699, 19.893, 16.445, 10.955, 7.443, 4.314, 0.0, 1.581, 1.722, 1.615, 1.95, 3.856, 4.692, 4.669, 4.421, 4.238, 4.383, 4.671, 4.935, 7.041, 8.356, 7.175, 6.051, 3.891, 2.054, 3.841, 3.694, 3.538, 4.548, 5.243, 7.728, 14.778, 17.979, 16.092, 12.617, 11.58, 11.352, 10.224, 9.95, 10.584, 13.64, 15.162, 12.626, 8.521, 4.936, 2.461, 2.841, 3.073, 2.268, 2.425, 2.555, 2.525, 2.892, 3.646, 4.023, 4.088, 4.634, 4.674, 4.545, 4.324, 4.098, 3.959, 3.373, 3.694, 4.026, 4.635, 4.828, 5.862, 9.144, 12.174, 14.993, 18.989, 19.038, 15.099, 14.046, 14.706, 15.127, 13.846, 12.754, 12.31, 12.252, 11.217, 9.677, 7.348, 5.088, 5.309, 5.607, 2.795, 3.666, 4.757, 4.9, 5.448, 6.754, 7.117, 7.028, 7.149, 8.088, 8.479, 7.316, 5.825, 6.341, 5.808, 4.309, 2.991, 3.132, 3.596, 3.656, 3.379, 3.47, 2.399, 2.186, 1.905, 3.349, 2.482, 4.343, 7.347, 7.877, 8.015, 8.224, 9.605, 10.366, 8.203, 7.317], [12.358, 12.061, 14.451, 18.005, 23.405, 24.022, 23.398, 21.56, 21.276, 19.323, 17.834, 17.321, 17.537, 17.686, 17.867, 17.303, 17.257, 18.117, 19.058, 19.826, 21.485, 21.366, 19.876, 20.125, 21.323, 17.835, 12.381, 8.92, 5.785, 1.581, 0.0, 0.964, 1.185, 1.179, 2.43, 3.32, 3.323, 3.386, 3.304, 3.349, 3.503, 3.721, 5.622, 6.948, 5.812, 4.676, 2.687, 2.79, 5.106, 5.057, 4.869, 5.865, 6.556, 9.135, 16.183, 19.387, 17.523, 14.056, 12.984, 12.758, 11.659, 11.363, 11.989, 15.022, 16.574, 14.03, 9.938, 6.332, 3.735, 4.168, 4.374, 3.023, 2.38, 2.393, 2.62, 3.584, 4.987, 5.436, 5.487, 6.047, 6.101, 5.949, 5.525, 5.479, 4.793, 4.21, 4.911, 5.246, 5.642, 6.154, 7.289, 10.542, 13.591, 16.401, 20.428, 20.452, 16.512, 15.472, 16.136, 16.54, 15.274, 14.165, 13.707, 13.64, 12.632, 11.093, 8.771, 6.484, 6.708, 7.003, 4.16, 3.221, 4.123, 4.289, 4.751, 5.636, 6.135, 6.193, 6.167, 7.064, 7.597, 6.226, 4.591, 5.027, 4.711, 3.344, 2.348, 2.649, 3.185, 2.975, 2.56, 3.001, 2.1, 2.871, 2.279, 2.444, 1.789, 5.7, 8.78, 9.288, 9.444, 9.646, 11.02, 11.765, 9.583, 8.687], [12.312, 12.015, 14.372, 17.914, 23.355, 23.973, 23.352, 21.51, 21.224, 19.274, 17.783, 17.312, 17.48, 17.614, 17.821, 17.259, 17.213, 18.064, 19.02, 19.787, 21.476, 21.332, 19.829, 20.078, 21.278, 17.82, 12.335, 8.908, 5.775, 1.722, 0.964, 0.0, 1.108, 1.348, 2.517, 3.357, 3.501, 3.644, 3.617, 3.583, 3.684, 3.96, 5.693, 7.008, 5.878, 4.861, 2.857, 2.619, 4.999, 4.943, 4.748, 5.715, 6.4, 9.037, 16.135, 19.318, 17.474, 14.012, 12.899, 12.709, 11.633, 11.346, 11.926, 14.981, 16.487, 13.98, 9.888, 6.271, 3.759, 4.147, 4.314, 2.952, 2.397, 2.636, 2.804, 3.57, 4.945, 5.401, 5.415, 5.987, 6.043, 5.893, 5.487, 5.462, 4.773, 4.177, 4.893, 5.198, 5.728, 6.144, 7.253, 10.473, 13.543, 16.31, 20.384, 20.394, 16.472, 15.42, 16.084, 16.493, 15.225, 14.114, 13.649, 13.568, 12.561, 11.045, 8.708, 6.419, 6.625, 6.961, 4.114, 3.542, 4.431, 4.64, 5.038, 5.889, 6.454, 6.556, 6.444, 7.233, 7.835, 6.405, 4.822, 5.155, 5.054, 3.688, 2.655, 3.032, 3.564, 3.23, 2.897, 3.36, 2.421, 2.773, 2.227, 2.766, 2.135, 5.603, 8.754, 9.233, 9.392, 9.6, 10.953, 11.692, 9.531, 8.61], [11.866, 11.624, 14.052, 17.588, 22.914, 23.529, 22.918, 21.057, 20.768, 18.824, 17.363, 16.949, 17.063, 17.255, 17.414, 16.803, 16.886, 17.764, 18.604, 19.334, 21.081, 20.957, 19.38, 19.646, 20.838, 17.346, 11.873, 8.513, 5.383, 1.615, 1.185, 1.108, 0.0, 1.17, 2.874, 3.738, 3.724, 3.576, 3.751, 3.91, 4.033, 4.204, 5.992, 7.286, 6.181, 5.078, 2.986, 2.164, 4.395, 4.436, 4.283, 5.25, 5.985, 8.644, 15.778, 18.995, 17.046, 13.559, 12.551, 12.37, 11.289, 10.988, 11.539, 14.556, 16.148, 13.571, 9.479, 5.857, 3.26, 3.645, 3.803, 2.477, 1.92, 2.125, 2.191, 2.973, 4.583, 5.01, 5.026, 5.608, 5.687, 5.562, 5.132, 5.087, 4.413, 3.882, 4.527, 4.766, 5.29, 5.7, 6.897, 10.103, 13.11, 15.976, 19.952, 19.998, 16.121, 14.988, 15.627, 16.071, 14.787, 13.695, 13.251, 13.203, 12.187, 10.611, 8.261, 5.905, 6.108, 6.475, 3.673, 3.354, 4.413, 4.571, 5.011, 6.099, 6.622, 6.608, 6.623, 7.547, 8.038, 6.634, 5.01, 5.403, 5.103, 3.768, 2.536, 2.75, 3.208, 3.302, 2.931, 3.139, 2.088, 2.276, 1.749, 2.864, 1.826, 5.23, 8.356, 8.82, 8.936, 9.183, 10.622, 11.351, 9.185, 8.243], [12.545, 12.305, 14.731, 18.248, 23.599, 24.211, 23.6, 21.739, 21.437, 19.51, 18.04, 17.627, 17.757, 17.927, 18.086, 17.5, 17.551, 18.445, 19.347, 20.031, 21.738, 21.664, 20.076, 20.327, 21.509, 18.061, 12.553, 9.166, 6.065, 1.95, 1.179, 1.348, 1.17, 0.0, 2.183, 2.907, 2.91, 2.919, 3.092, 3.2, 3.308, 3.414, 5.267, 6.628, 5.503, 4.409, 2.532, 2.675, 5.145, 5.178, 4.988, 5.974, 6.714, 9.37, 16.469, 19.668, 17.705, 14.243, 13.227, 13.054, 11.973, 11.683, 12.216, 15.281, 16.82, 14.269, 10.158, 6.549, 4.053, 4.35, 4.513, 3.171, 2.092, 2.02, 2.234, 3.473, 5.279, 5.689, 5.724, 6.311, 6.372, 6.236, 5.785, 5.744, 5.053, 4.504, 5.185, 5.434, 5.846, 6.347, 7.583, 10.778, 13.796, 16.651, 20.629, 20.667, 16.789, 15.685, 16.3, 16.764, 15.45, 14.389, 13.923, 13.882, 12.86, 11.296, 8.948, 6.588, 6.792, 7.142, 4.354, 2.943, 3.759, 3.98, 4.39, 5.355, 5.927, 5.966, 5.915, 6.825, 7.379, 6.066, 4.383, 4.701, 4.422, 3.162, 2.103, 2.197, 2.669, 2.716, 2.43, 2.453, 1.736, 2.681, 2.196, 2.351, 1.853, 5.912, 9.028, 9.503, 9.597, 9.857, 11.293, 12.037, 9.869, 8.923], [14.59, 14.367, 16.788, 20.319, 25.642, 26.243, 25.652, 23.772, 23.472, 21.54, 20.075, 19.69, 19.811, 19.998, 20.162, 19.523, 19.611, 20.455, 21.338, 22.068, 23.806, 23.697, 22.101, 22.366, 23.542, 20.031, 14.562, 11.227, 8.123, 3.856, 2.43, 2.517, 2.874, 2.183, 0.0, 1.417, 1.648, 1.944, 2.607, 2.088, 2.396, 2.401, 3.359, 4.724, 3.78, 2.76, 1.74, 4.33, 7.129, 7.234, 7.019, 7.995, 8.764, 11.46, 18.548, 21.743, 19.771, 16.28, 15.303, 15.138, 14.03, 13.719, 14.276, 17.306, 18.884, 16.311, 12.231, 8.618, 6.011, 6.368, 6.574, 5.153, 3.891, 3.741, 4.016, 5.435, 7.345, 7.799, 7.821, 8.398, 8.457, 8.309, 7.84, 7.817, 7.041, 6.516, 7.248, 7.483, 7.909, 8.433, 9.638, 12.859, 15.827, 18.708, 22.701, 22.737, 18.853, 17.736, 18.332, 18.786, 17.523, 16.404, 15.977, 15.956, 14.931, 13.333, 10.975, 8.586, 8.799, 9.183, 6.398, 3.312, 2.832, 3.186, 3.543, 4.107, 4.65, 4.701, 4.546, 5.385, 5.937, 4.558, 2.987, 3.249, 3.237, 2.447, 2.159, 2.75, 3.076, 2.842, 2.461, 2.645, 3.182, 4.482, 3.848, 2.268, 2.613, 7.969, 11.1, 11.532, 11.619, 11.924, 13.37, 14.12, 11.949, 11.026], [15.324, 15.11, 17.525, 21.053, 26.385, 26.971, 26.386, 24.502, 24.198, 22.272, 20.803, 20.419, 20.539, 20.742, 20.9, 20.272, 20.341, 21.288, 22.185, 22.877, 24.543, 24.518, 22.842, 23.1, 24.294, 20.879, 15.317, 11.958, 8.866, 4.692, 3.32, 3.357, 3.738, 2.907, 1.417, 0.0, 0.911, 1.328, 2.16, 1.6, 1.664, 1.552, 2.632, 3.928, 2.958, 2.282, 2.219, 4.881, 7.72, 7.829, 7.514, 8.57, 9.372, 12.093, 19.269, 22.465, 20.526, 17.018, 16.044, 15.857, 14.776, 14.47, 15.022, 18.083, 19.613, 17.061, 12.967, 9.344, 6.908, 7.198, 7.239, 5.832, 4.442, 4.158, 4.424, 6.085, 8.029, 8.46, 8.482, 9.103, 9.166, 9.019, 8.548, 8.543, 7.766, 7.228, 7.97, 8.207, 8.636, 9.157, 10.369, 13.576, 16.555, 19.449, 23.435, 23.471, 19.585, 18.471, 19.078, 19.521, 18.258, 17.156, 16.712, 16.677, 15.666, 14.071, 11.712, 9.311, 9.502, 9.897, 7.115, 3.247, 2.331, 2.52, 2.735, 3.182, 3.704, 3.713, 3.576, 4.468, 5.023, 3.782, 2.098, 2.346, 2.207, 1.947, 2.397, 2.919, 3.015, 2.422, 2.315, 2.688, 3.489, 5.188, 4.586, 2.446, 2.987, 8.731, 11.843, 12.255, 12.344, 12.659, 14.101, 14.839, 12.662, 11.714], [15.295, 15.08, 17.508, 21.028, 26.355, 26.943, 26.355, 24.478, 24.177, 22.246, 20.781, 20.39, 20.504, 20.717, 20.866, 20.244, 20.322, 21.264, 22.183, 22.849, 24.516, 24.498, 22.819, 23.066, 24.277, 20.865, 15.299, 11.936, 8.848, 4.669, 3.323, 3.501, 3.724, 2.91, 1.648, 0.911, 0.0, 0.969, 1.668, 1.427, 1.416, 1.395, 2.554, 3.869, 2.873, 2.164, 1.94, 4.821, 7.623, 7.748, 7.408, 8.475, 9.26, 12.057, 19.209, 22.437, 20.499, 16.992, 16.01, 15.822, 14.742, 14.44, 14.994, 18.058, 19.585, 17.041, 12.936, 9.306, 6.883, 7.174, 7.196, 5.8, 4.392, 3.998, 4.222, 6.03, 7.956, 8.426, 8.452, 9.053, 9.127, 8.983, 8.511, 8.507, 7.727, 7.192, 7.939, 8.181, 8.606, 9.119, 10.334, 13.542, 16.535, 19.429, 23.413, 23.441, 19.554, 18.452, 19.055, 19.5, 18.232, 17.13, 16.681, 16.643, 15.635, 14.045, 11.688, 9.299, 9.495, 9.88, 7.076, 3.043, 1.918, 2.045, 2.342, 2.745, 3.328, 3.282, 3.242, 4.219, 4.692, 3.44, 1.915, 2.013, 1.771, 1.463, 2.3, 2.899, 2.934, 2.315, 2.242,