[[0.0, 1.323, 1.661, 1.494, 1.615, 1.797, 3.004, 3.261, 3.658, 4.652, 7.147, 6.755, 7.964, 10.614, 11.349, 11.584, 10.225, 9.949, 10.084, 7.659, 3.323, 3.115, 4.518, 5.278, 4.598, 4.688, 4.565, 4.692, 2.727, 1.973, 2.012, 1.395, 8.274, 14.695, 17.246, 19.752, 25.923, 28.777, 29.366, 31.309, 32.087, 31.095, 31.558, 31.404, 30.888, 30.922, 31.044, 31.534, 32.072, 31.882, 30.614, 30.671, 29.588], [1.323, 0.0, 1.664, 1.585, 2.042, 2.104, 3.337, 3.429, 3.679, 5.007, 7.759, 7.086, 8.115, 10.709, 11.465, 11.709, 10.364, 10.068, 10.197, 7.917, 3.869, 3.434, 4.763, 5.18, 4.312, 4.408, 4.455, 4.657, 2.746, 1.623, 2.073, 1.407, 8.101, 14.526, 17.082, 19.633, 25.805, 28.676, 29.248, 31.196, 31.973, 30.985, 31.443, 31.301, 30.79, 30.816, 30.94, 31.429, 31.972, 31.783, 30.503, 30.565, 29.47], [1.661, 1.664, 0.0, 1.044, 1.453, 1.56, 2.965, 3.249, 3.641, 4.956, 7.811, 7.187, 8.26, 10.961, 11.706, 11.946, 10.563, 10.31, 10.439, 8.034, 3.66, 2.299, 4.13, 4.853, 4.211, 4.441, 4.336, 4.131, 2.298, 2.351, 3.222, 2.521, 7.86, 14.377, 16.927, 19.345, 25.53, 28.374, 28.965, 30.901, 31.676, 30.692, 31.15, 31.006, 30.487, 30.52, 30.643, 31.134, 31.663, 31.471, 30.214, 30.264, 29.156], [1.494, 1.585, 1.044, 0.0, 1.495, 1.856, 3.206, 3.539, 3.997, 5.311, 8.03, 7.402, 8.65, 11.256, 11.946, 12.288, 10.93, 10.638, 10.667, 8.254, 3.716, 2.28, 3.844, 4.649, 3.947, 4.007, 3.858, 4.006, 2.053, 2.286, 2.903, 2.385, 7.606, 14.077, 16.63, 19.128, 25.314, 28.158, 28.749, 30.689, 31.465, 30.477, 30.938, 30.791, 30.27, 30.303, 30.427, 30.919, 31.452, 31.264, 29.996, 30.055, 28.951], [1.615, 2.042, 1.453, 1.495, 0.0, 1.312, 2.253, 2.6, 3.018, 4.331, 6.962, 6.409, 7.623, 10.267, 11.007, 11.247, 9.885, 9.61, 9.739, 7.326, 2.631, 2.588, 4.653, 5.513, 4.924, 4.99, 4.929, 5.071, 2.681, 2.576, 3.04, 2.635, 8.586, 15.021, 17.575, 20.1, 26.257, 29.081, 29.68, 31.605, 32.375, 31.394, 31.86, 31.713, 31.2, 31.233, 31.359, 31.845, 32.37, 32.176, 30.921, 30.978, 29.858], [1.797, 2.104, 1.56, 1.856, 1.312, 0.0, 1.582, 2.001, 2.446, 3.717, 6.333, 6.04, 7.014, 9.701, 10.437, 10.677, 9.293, 9.04, 9.171, 6.759, 2.446, 2.899, 5.152, 6.107, 5.378, 5.539, 5.491, 5.341, 3.253, 2.88, 3.273, 2.844, 9.151, 15.613, 18.155, 20.606, 26.739, 29.575, 30.17, 32.106, 32.876, 31.892, 32.359, 32.209, 31.69, 31.721, 31.849, 32.34, 32.866, 32.676, 31.415, 31.469, 30.36], [3.004, 3.337, 2.965, 3.206, 2.253, 1.582, 0.0, 0.854, 1.158, 2.433, 4.942, 4.756, 5.612, 8.3, 9.043, 9.258, 7.869, 7.635, 7.77, 5.449, 1.477, 4.19, 6.548, 7.495, 6.752, 6.88, 6.887, 6.761, 4.576, 4.093, 3.82, 3.989, 10.549, 17.021, 19.56, 22.006, 28.117, 30.911, 31.528, 33.425, 34.198, 33.217, 33.692, 33.55, 33.051, 33.085, 33.216, 33.685, 34.192, 33.995, 32.75, 32.817, 31.683], [3.261, 3.429, 3.249, 3.539, 2.6, 2.001, 0.854, 0.0, 0.884, 2.121, 4.589, 4.505, 5.145, 7.844, 8.575, 8.793, 7.409, 7.156, 7.285, 5.177, 1.642, 4.659, 7.026, 7.955, 7.163, 7.326, 7.371, 7.168, 5.054, 4.394, 3.989, 4.125, 11.013, 17.487, 20.034, 22.478, 28.572, 31.341, 31.951, 33.849, 34.612, 33.64, 34.122, 33.975, 33.492, 33.524, 33.655, 34.126, 34.619, 34.418, 33.169, 33.248, 32.102], [3.658, 3.679, 3.641, 3.997, 3.018, 2.446, 1.158, 0.884, 0.0, 1.731, 4.234, 3.877, 4.719, 7.44, 8.177, 8.39, 7.006, 6.753, 6.882, 4.647, 1.752, 5.103, 7.488, 8.403, 7.611, 7.772, 7.81, 7.582, 5.5, 4.725, 4.038, 4.314, 11.462, 17.94, 20.49, 22.928, 29.026, 31.817, 32.429, 34.328, 35.093, 34.12, 34.597, 34.454, 33.959, 33.994, 34.12, 34.593, 35.097, 34.898, 33.648, 33.723, 32.583], [4.652, 5.007, 4.956, 5.311, 4.331, 3.717, 2.433, 2.121, 1.731, 0.0, 2.949, 2.76, 3.517, 6.183, 6.936, 7.146, 5.762, 5.509, 5.638, 3.343, 2.17, 6.414, 8.81, 9.71, 8.933, 9.119, 9.129, 8.866, 6.864, 6.02, 4.36, 5.322, 12.717, 19.265, 21.814, 24.175, 30.287, 33.069, 33.68, 35.573, 36.336, 35.364, 35.852, 35.702, 35.217, 35.247, 35.376, 35.848, 36.346, 36.143, 34.896, 34.974, 33.828], [7.147, 7.759, 7.811, 8.03, 6.962, 6.333, 4.942, 4.589, 4.234, 2.949, 0.0, 1.636, 1.473, 3.644, 4.366, 4.566, 3.196, 2.947, 3.716, 1.85, 4.661, 8.982, 11.391, 12.391, 11.641, 11.796, 11.671, 11.621, 9.482, 8.69, 6.348, 7.443, 15.379, 21.809, 24.342, 26.799, 32.863, 35.617, 36.225, 38.111, 38.876, 37.903, 38.395, 38.244, 37.777, 37.808, 37.941, 38.411, 38.889, 38.688, 37.437, 37.516, 36.368], [6.755, 7.086, 7.187, 7.402, 6.409, 6.04, 4.756, 4.505, 3.877, 2.76, 1.636, 0.0, 1.7, 4.051, 4.741, 4.971, 3.658, 3.386, 4.426, 2.253, 4.206, 8.489, 10.913, 11.904, 11.128, 11.185, 11.172, 10.996, 8.874, 8.155, 5.775, 7.013, 14.946, 21.4, 23.954, 26.418, 32.538, 35.335, 35.941, 37.834, 38.598, 37.626, 38.108, 37.966, 37.471, 37.505, 37.633, 38.105, 38.607, 38.406, 37.159, 37.235, 36.09], [7.964, 8.115, 8.26, 8.65, 7.623, 7.014, 5.612, 5.145, 4.719, 3.517, 1.473, 1.7, 0.0, 2.746, 3.485, 3.716, 2.375, 2.498, 3.799, 2.372, 5.329, 9.743, 12.14, 13.053, 12.262, 12.422, 12.462, 12.145, 10.127, 9.303, 7.011, 8.224, 16.101, 22.572, 25.127, 27.502, 33.567, 36.318, 36.932, 38.812, 39.575, 38.605, 39.097, 38.948, 38.485, 38.515, 38.647, 39.119, 39.593, 39.387, 38.14, 38.221, 37.071], [10.614, 10.709, 10.961, 11.256, 10.267, 9.701, 8.3, 7.844, 7.44, 6.183, 3.644, 4.051, 2.746, 0.0, 2.104, 2.462, 1.363, 1.676, 2.495, 3.101, 7.824, 12.329, 14.721, 15.708, 14.968, 15.019, 15.059, 14.736, 12.64, 11.987, 9.615, 10.883, 18.738, 25.138, 27.699, 30.086, 36.134, 38.863, 39.474, 41.342, 42.1, 41.136, 41.642, 41.491, 41.044, 41.075, 41.209, 41.68, 42.138, 41.921, 40.67, 40.767, 39.606], [11.349, 11.465, 11.706, 11.946, 11.007, 10.437, 9.043, 8.575, 8.177, 6.936, 4.366, 4.741, 3.485, 2.104, 0.0, 1.439, 1.979, 2.279, 2.875, 3.953, 8.573, 13.039, 15.478, 16.456, 15.697, 15.73, 15.776, 15.498, 13.335, 12.745, 10.38, 11.639, 19.486, 25.894, 28.447, 30.766, 36.704, 39.386, 39.987, 41.824, 42.565, 41.615, 42.151, 42.007, 41.581, 41.628, 41.764, 42.219, 42.663, 42.414, 41.176, 41.279, 40.102], [11.584, 11.709, 11.946, 12.288, 11.247, 10.677, 9.258, 8.793, 8.39, 7.146, 4.566, 4.971, 3.716, 2.462, 1.439, 0.0, 1.905, 2.228, 2.771, 4.18, 8.921, 13.382, 15.747, 16.696, 15.897, 16.055, 16.111, 15.795, 13.677, 12.953, 10.658, 11.891, 19.741, 26.162, 28.723, 31.076, 37.006, 39.706, 40.31, 42.158, 42.895, 41.947, 42.477, 42.329, 41.895, 41.934, 42.07, 42.532, 42.983, 42.748, 41.502, 41.606, 40.429], [10.225, 10.364, 10.563, 10.93, 9.885, 9.293, 7.869, 7.409, 7.006, 5.762, 3.196, 3.658, 2.375, 1.363, 1.979, 1.905, 0.0, 1.542, 2.626, 2.868, 7.607, 12.02, 14.386, 15.307, 14.509, 14.688, 14.744, 14.429, 12.323, 11.57, 9.3, 10.532, 18.36, 24.805, 27.362, 29.739, 35.779, 38.511, 39.12, 40.987, 41.737, 40.78, 41.288, 41.138, 40.686, 40.716, 40.852, 41.321, 41.784, 41.568, 40.318, 40.412, 39.252], [9.949, 10.068, 10.31, 10.638, 9.61, 9.04, 7.635, 7.156, 6.753, 5.509, 2.947, 3.386, 2.498, 1.676, 2.279, 2.228, 1.542, 0.0, 1.821, 2.569, 7.302, 11.737, 14.115, 15.068, 14.272, 14.419, 14.472, 14.15, 12.037, 11.317, 9.008, 10.242, 18.113, 24.526, 27.085, 29.437, 35.476, 38.218, 38.829, 40.695, 41.446, 40.486, 40.996, 40.845, 40.391, 40.421, 40.555, 41.028, 41.493, 41.276, 40.026, 40.121, 38.96], [10.084, 10.197, 10.439, 10.667, 9.739, 9.171, 7.77, 7.285, 6.882, 5.638, 3.716, 4.426, 3.799, 2.495, 2.875, 2.771, 2.626, 1.821, 0.0, 2.747, 7.274, 11.749, 14.19, 15.165, 14.387, 14.414, 14.454, 14.218, 12.059, 11.445, 9.11, 10.371, 18.205, 24.626, 27.188, 29.578, 35.58, 38.291, 38.9, 40.76, 41.506, 40.549, 41.07, 40.918, 40.476, 40.511, 40.647, 41.114, 41.567, 41.344, 40.095, 40.195, 39.028], [7.659, 7.917, 8.034, 8.254, 7.326, 6.759, 5.449, 5.177, 4.647, 3.343, 1.85, 2.253, 2.372, 3.101, 3.953, 4.18, 2.868, 2.569, 2.747, 0.0, 4.939, 9.338, 11.771, 12.8, 12.02, 12.026, 12.068, 11.827, 9.72, 9.094, 6.718, 7.972, 15.809, 22.265, 24.823, 27.24, 33.357, 36.13, 36.743, 38.628, 39.39, 38.421, 38.91, 38.763, 38.285, 38.316, 38.446, 38.916, 39.408, 39.202, 37.96, 38.036, 36.886], [3.323, 3.869, 3.66, 3.716, 2.631, 2.446, 1.477, 1.642, 1.752, 2.17, 4.661, 4.206, 5.329, 7.824, 8.573, 8.921, 7.607, 7.302, 7.274, 4.939, 0.0, 4.584, 7.002, 7.991, 7.428, 7.386, 7.267, 7.255, 4.959, 4.841, 3.628, 4.231, 11.036, 17.463, 20.005, 22.485, 28.588, 31.372, 31.978, 33.885, 34.65, 33.675, 34.15, 34.005, 33.512, 33.545, 33.675, 34.147, 34.65, 34.457, 33.204, 33.275, 32.139], [3.115, 3.434, 2.299, 2.28, 2.588, 2.899, 4.19, 4.659, 5.103, 6.414, 8.982, 8.489, 9.743, 12.329, 13.039, 13.382, 12.02, 11.737, 11.749, 9.338, 4.584, 0.0, 2.513, 3.699, 3.371, 3.872, 3.143, 3.029, 1.727, 3.675, 4.74, 3.976, 6.579, 12.999, 15.547, 18.03, 24.166, 26.996, 27.59, 29.519, 30.29, 29.306, 29.776, 29.632, 29.113, 29.143, 29.27, 29.755, 30.285, 30.092, 28.831, 28.889, 27.78], [4.518, 4.763, 4.13, 3.844, 4.653, 5.152, 6.548, 7.026, 7.488, 8.81, 11.391, 10.913, 12.14, 14.721, 15.478, 15.747, 14.386, 14.115, 14.19, 11.771, 7.002, 2.513, 0.0, 1.81, 2.771, 3.657, 2.546, 2.014, 2.801, 4.477, 5.843, 4.969, 4.14, 10.545, 13.094, 15.617, 21.777, 24.632, 25.206, 27.16, 27.944, 26.956, 27.405, 27.246, 26.738, 26.762, 26.887, 27.386, 27.926, 27.739, 26.454, 26.533, 25.469], [5.278, 5.18, 4.853, 4.649, 5.513, 6.107, 7.495, 7.955, 8.403, 9.71, 12.391, 11.904, 13.053, 15.708, 16.456, 16.696, 15.307, 15.068, 15.165, 12.8, 7.991, 3.699, 1.81, 0.0, 2.165, 3.165, 2.264, 1.924, 3.313, 4.13, 6.297, 5.282, 3.704, 9.627, 12.175, 14.663, 20.85, 23.734, 24.298, 26.251, 27.036, 26.041, 26.495, 26.347, 25.837, 25.863, 25.99, 26.479, 27.029, 26.843, 25.545, 25.612, 24.558], [4.598, 4.312, 4.211, 3.947, 4.924, 5.378, 6.752, 7.163, 7.611, 8.933, 11.641, 11.128, 12.262, 14.968, 15.697, 15.897, 14.509, 14.272, 14.387, 12.02, 7.428, 3.371, 2.771, 2.165, 0.0, 1.357, 1.424, 2.032, 2.757, 3.25, 5.534, 4.365, 3.878, 10.384, 12.924, 15.435, 21.653, 24.54, 25.102, 27.073, 27.862, 26.862, 27.308, 27.152, 26.649, 26.67, 26.799, 27.302, 27.849, 27.664, 26.364, 26.432, 25.424], [4.688, 4.408, 4.441, 4.007, 4.99, 5.539, 6.88, 7.326, 7.772, 9.119, 11.796, 11.185, 12.422, 15.019, 15.73, 16.055, 14.688, 14.419, 14.414, 12.026, 7.386, 3.872, 3.657, 3.165, 1.357, 0.0, 1.492, 2.698, 2.854, 3.285, 5.549, 4.397, 4.015, 10.511, 13.073, 15.559, 21.856, 24.731, 25.297, 27.274, 28.064, 27.068, 27.505, 27.343, 26.841, 26.866, 26.999, 27.494, 28.047, 27.862, 26.562, 26.64, 25.629], [4.565, 4.455, 4.336, 3.858, 4.929, 5.491, 6.887, 7.371, 7.81, 9.129, 11.671, 11.172, 12.462, 15.059, 15.776, 16.111, 14.744, 14.472, 14.454, 12.068, 7.267, 3.143, 2.546, 2.264, 1.424, 1.492, 0.0, 1.662, 2.615, 3.49, 5.565, 4.527, 3.982, 10.373, 12.923, 15.439, 21.644, 24.515, 25.088, 27.045, 27.835, 26.837, 27.282, 27.135, 26.623, 26.65, 26.772, 27.267, 27.81, 27.621, 26.345, 26.405, 25.358], [4.692, 4.657, 4.131, 4.006, 5.071, 5.341, 6.761, 7.168, 7.582, 8.866, 11.621, 10.996, 12.145, 14.736, 15.498, 15.795, 14.429, 14.15, 14.218, 11.827, 7.255, 3.029, 2.014, 1.924, 2.032, 2.698, 1.662, 0.0, 2.805, 4.118, 5.878, 5.112, 4.218, 10.515, 13.064, 15.507, 21.691, 24.554, 25.131, 27.088, 27.872, 26.877, 27.328, 27.175, 26.663, 26.686, 26.815, 27.312, 27.854, 27.665, 26.387, 26.451, 25.39], [2.727, 2.746, 2.298, 2.053, 2.681, 3.253, 4.576, 5.054, 5.5, 6.864, 9.482, 8.874, 10.127, 12.64, 13.335, 13.677, 12.323, 12.037, 12.059, 9.72, 4.959, 1.727, 2.801, 3.313, 2.757, 2.854, 2.615, 2.805, 0.0, 2.381, 3.808, 3.261, 6.264, 12.676, 15.224, 17.752, 23.883, 26.715, 27.311, 29.241, 30.014, 29.046, 29.51, 29.349, 28.834, 28.867, 28.987, 29.479, 30.009, 29.816, 28.553, 28.611, 27.513], [1.973, 1.623, 2.351, 2.286, 2.576, 2.88, 4.093, 4.394, 4.725, 6.02, 8.69, 8.155, 9.303, 11.987, 12.745, 12.953, 11.57, 11.317, 11.445, 9.094, 4.841, 3.675, 4.477, 4.13, 3.25, 3.285, 3.49, 4.118, 2.381, 0.0, 2.562, 1.64, 6.94, 13.388, 15.937, 18.47, 24.67, 27.539, 28.111, 30.059, 30.846, 29.853, 30.307, 30.16, 29.636, 29.663, 29.79, 30.282, 30.829, 30.637, 29.36, 29.42, 28.365], [2.012, 2.073, 3.222, 2.903, 3.04, 3.273, 3.82, 3.989, 4.038, 4.36, 6.348, 5.775, 7.011, 9.615, 10.38, 10.658, 9.3, 9.008, 9.11, 6.718, 3.628, 4.74, 5.843, 6.297, 5.534, 5.549, 5.565, 5.878, 3.808, 2.562, 0.0, 1.624, 9.277, 15.692, 18.252, 20.786, 26.945, 29.786, 30.373, 32.322, 33.104, 32.12, 32.571, 32.414, 31.905, 31.929, 32.055, 32.554, 33.086, 32.895, 31.622, 31.694, 30.628], [1.395, 1.407, 2.521, 2.385, 2.635, 2.844, 3.989, 4.125, 4.314, 5.322, 7.443, 7.013, 8.224, 10.883, 11.639, 11.891, 10.532, 10.242, 10.371, 7.972, 4.231, 3.976, 4.969, 5.282, 4.365, 4.397, 4.527, 5.112, 3.261, 1.64, 1.624, 0.0, 8.018, 14.438, 16.982, 19.535, 25.759, 28.631, 29.204, 31.164, 31.952, 30.956, 31.408, 31.252, 30.743, 30.77, 30.897, 31.392, 31.938, 31.748, 30.462, 30.522, 29.468], [8.274, 8.101, 7.86, 7.606, 8.586, 9.151, 10.549, 11.013, 11.462, 12.717, 15.379, 14.946, 16.101, 18.738, 19.486, 19.741, 18.36, 18.113, 18.205, 15.809, 11.036, 6.579, 4.14, 3.704, 3.878, 4.015, 3.982, 4.218, 6.264, 6.94, 9.277, 8.018, 0.0, 6.809, 9.314, 11.626, 18.008, 20.899, 21.437, 23.423, 24.261, 23.24, 23.68, 23.501, 23.003, 23.025, 23.165, 23.662, 24.21, 24.057, 22.736, 22.815, 21.865], [14.695, 14.526, 14.377, 14.077, 15.021, 15.613, 17.021, 17.487, 17.94, 19.265, 21.809, 21.4, 22.572, 25.138, 25.894, 26.162, 24.805, 24.526, 24.626, 22.265, 17.463, 12.999, 10.545, 9.627, 10.384, 10.511, 10.373, 10.515, 12.676, 13.388, 15.692, 14.438, 6.809, 0.0, 2.646, 5.211, 11.462, 14.362, 14.893, 16.886, 17.707, 16.692, 17.127, 16.967, 16.472, 16.489, 16.622, 17.142, 17.689, 17.536, 16.198, 16.295, 15.338], [17.246, 17.082, 16.927, 16.63, 17.575, 18.155, 19.56, 20.034, 20.49, 21.814, 24.342, 23.954, 25.127, 27.699, 28.447, 28.723, 27.362, 27.085, 27.188, 24.823, 20.005, 15.547, 13.094, 12.175, 12.924, 13.073, 12.923, 13.064, 15.224, 15.937, 18.252, 16.982, 9.314, 2.646, 0.0, 2.723, 8.981, 11.841, 12.369, 14.383, 15.197, 14.197, 14.641, 14.433, 13.947, 13.968, 14.098, 14.621, 15.17, 15.013, 13.674, 13.801, 12.961], [19.752, 19.633, 19.345, 19.128, 20.1, 20.606, 22.006, 22.478, 22.928, 24.175, 26.799, 26.418, 27.502, 30.086, 30.766, 31.076, 29.739, 29.437, 29.578, 27.24, 22.485, 18.03, 15.617, 14.663, 15.435, 15.559, 15.439, 15.507, 17.752, 18.47, 20.786, 19.535, 11.626, 5.211, 2.723, 0.0, 6.489, 9.318, 9.846, 11.861, 12.679, 11.671, 12.09, 11.909, 11.41, 11.466, 11.605, 12.103, 12.655, 12.502, 11.152, 11.341, 10.482], [25.923, 25.805, 25.53, 25.314, 26.257, 26.739, 28.117, 28.572, 29.026, 30.287, 32.863, 32.538, 33.567, 36.134, 36.704, 37.006, 35.779, 35.476, 35.58, 33.357, 28.588, 24.166, 21.777, 20.85, 21.653, 21.856, 21.644, 21.691, 23.883, 24.67, 26.945, 25.759, 18.008, 11.462, 8.981, 6.489, 0.0, 2.994, 3.476, 5.457, 6.311, 5.436, 5.832, 5.654, 5.236, 5.319, 5.349, 5.741, 6.293, 6.153, 4.886, 4.988, 4.252], [28.777, 28.676, 28.374, 28.158, 29.081, 29.575, 30.911, 31.341, 31.817, 33.069, 35.617, 35.335, 36.318, 38.863, 39.386, 39.706, 38.511, 38.218, 38.291, 36.13, 31.372, 26.996, 24.632, 23.734, 24.54, 24.731, 24.515, 24.554, 26.715, 27.539, 29.786, 28.631, 20.899, 14.362, 11.841, 9.318, 2.994, 0.0, 1.133, 2.628, 3.443, 2.733, 2.993, 2.923, 2.906, 3.111, 3.044, 3.176, 3.467, 3.279, 2.292, 2.591, 2.204], [29.366, 29.248, 28.965, 28.749, 29.68, 30.17, 31.528, 31.951, 32.429, 33.68, 36.225, 35.941, 36.932, 39.474, 39.987, 40.31, 39.12, 38.829, 38.9, 36.743, 31.978, 27.59, 25.206, 24.298, 25.102, 25.297, 25.088, 25.131, 27.311, 28.111, 30.373, 29.204, 21.437, 14.893, 12.369, 9.846, 3.476, 1.133, 0.0, 2.085, 3.086, 2.433, 2.665, 2.586, 2.615, 2.799, 2.746, 2.846, 3.14, 2.954, 2.155, 2.509, 2.165], [31.309, 31.196, 30.901, 30.689, 31.605, 32.106, 33.425, 33.849, 34.328, 35.573, 38.111, 37.834, 38.812, 41.342, 41.824, 42.158, 40.987, 40.695, 40.76, 38.628, 33.885, 29.519, 27.16, 26.251, 27.073, 27.274, 27.045, 27.088, 29.241, 30.059, 32.322, 31.164, 23.423, 16.886, 14.383, 11.861, 5.457, 2.628, 2.085, 0.0, 1.179, 1.441, 1.477, 1.782, 1.977, 2.094, 2.012, 1.831, 1.829, 1.729, 1.461, 1.581, 2.023], [32.087, 31.973, 31.676, 31.465, 32.375, 32.876, 34.198, 34.612, 35.093, 36.336, 38.876, 38.598, 39.575, 42.1, 42.565, 42.895, 41.737, 41.446, 41.506, 39.39, 34.65, 30.29, 27.944, 27.036, 27.862, 28.064, 27.835, 27.872, 30.014, 30.846, 33.104, 31.952, 24.261, 17.707, 15.197, 12.679, 6.311, 3.443, 3.086, 1.179, 0.0, 1.423, 1.285, 1.632, 1.75, 1.805, 1.691, 1.386, 1.262, 1.197, 1.673, 1.723, 2.628], [31.095, 30.985, 30.692, 30.477, 31.394, 31.892, 33.217, 33.64, 34.12, 35.364, 37.903, 37.626, 38.605, 41.136, 41.615, 41.947, 40.78, 40.486, 40.549, 38.421, 33.675, 29.306, 26.956, 26.041, 26.862, 27.068, 26.837, 26.877, 29.046, 29.853, 32.12, 30.956, 23.24, 16.692, 14.197, 11.671, 5.436, 2.733, 2.433, 1.441, 1.423, 0.0, 0.782, 1.259, 1.567, 1.777, 1.738, 1.608, 1.747, 1.903, 2.027, 2.202, 2.192], [31.558, 31.443, 31.15, 30.938, 31.86, 32.359, 33.692, 34.122, 34.597, 35.852, 38.395, 38.108, 39.097, 41.642, 42.151, 42.477, 41.288, 40.996, 41.07, 38.91, 34.15, 29.776, 27.405, 26.495, 27.308, 27.505, 27.282, 27.328, 29.51, 30.307, 32.571, 31.408, 23.68, 17.127, 14.641, 12.09, 5.832, 2.993, 2.665, 1.477, 1.285, 0.782, 0.0, 0.798, 1.132, 1.338, 1.258, 1.105, 1.18, 1.548, 1.941, 2.02, 2.507], [31.404, 31.301, 31.006, 30.791, 31.713, 32.209, 33.55, 33.975, 34.454, 35.702, 38.244, 37.966, 38.948, 41.491, 42.007, 42.329, 41.138, 40.845, 40.918, 38.763, 34.005, 29.632, 27.246, 26.347, 27.152, 27.343, 27.135, 27.175, 29.349, 30.16, 32.414, 31.252, 23.501, 16.967, 14.433, 11.909, 5.654, 2.923, 2.586, 1.782, 1.632, 1.259, 0.798, 0.0, 0.873, 1.04, 1.01, 1.041, 1.186, 1.526, 2.047, 2.184, 2.583], [30.888, 30.79, 30.487, 30.27, 31.2, 31.69, 33.051, 33.492, 33.959, 35.217, 37.777, 37.471, 38.485, 41.044, 41.581, 41.895, 40.686, 40.391, 40.476, 38.285, 33.512, 29.113, 26.738, 25.837, 26.649, 26.841, 26.623, 26.663, 28.834, 29.636, 31.905, 30.743, 23.003, 16.472, 13.947, 11.41, 5.236, 2.906, 2.615, 1.977, 1.75, 1.567, 1.132, 0.873, 0.0, 0.501, 0.566, 0.942, 1.5, 1.717, 1.886, 1.968, 2.402], [30.922, 30.816, 30.52, 30.303, 31.233, 31.721, 33.085, 33.524, 33.994, 35.247, 37.808, 37.505, 38.515, 41.075, 41.628, 41.934, 40.716, 40.421, 40.511, 38.316, 33.545, 29.143, 26.762, 25.863, 26.67, 26.866, 26.65, 26.686, 28.867, 29.663, 31.929, 30.77, 23.025, 16.489, 13.968, 11.466, 5.319, 3.111, 2.799, 2.094, 1.805, 1.777, 1.338, 1.04, 0.501, 0.0, 0.364, 0.86, 1.367, 1.551, 1.823, 1.895, 2.49], [31.044, 30.94, 30.643, 30.427, 31.359, 31.849, 33.216, 33.655, 34.12, 35.376, 37.941, 37.633, 38.647, 41.209, 41.764, 42.07, 40.852, 40.555, 40.647, 38.446, 33.675, 29.27, 26.887, 25.99, 26.799, 26.999, 26.772, 26.815, 28.987, 29.79, 32.055, 30.897, 23.165, 16.622, 14.098, 11.605, 5.349, 3.044, 2.746, 2.012, 1.691, 1.738, 1.258, 1.01, 0.566, 0.364, 0.0, 0.709, 1.252, 1.446, 1.71, 1.798, 2.388], [31.534, 31.429, 31.134, 30.919, 31.845, 32.34, 33.685, 34.126, 34.593, 35.848, 38.411, 38.105, 39.119, 41.68, 42.219, 42.532, 41.321, 41.028, 41.114, 38.916, 34.147, 29.755, 27.386, 26.479, 27.302, 27.494, 27.267, 27.312, 29.479, 30.282, 32.554, 31.392, 23.662, 17.142, 14.621, 12.103, 5.741, 3.176, 2.846, 1.831, 1.386, 1.608, 1.105, 1.041, 0.942, 0.86, 0.709, 0.0, 0.732, 1.155, 1.651, 1.689, 2.4], [32.072, 31.972, 31.663, 31.452, 32.37, 32.866, 34.192, 34.619, 35.097, 36.346, 38.889, 38.607, 39.593, 42.138, 42.663, 42.983, 41.784, 41.493, 41.567, 39.408, 34.65, 30.285, 27.926, 27.029, 27.849, 28.047, 27.81, 27.854, 30.009, 30.829, 33.086, 31.938, 24.21, 17.689, 15.17, 12.655, 6.293, 3.467, 3.14, 1.829, 1.262, 1.747, 1.18, 1.186, 1.5, 1.367, 1.252, 0.732, 0.0, 0.788, 1.772, 1.852, 2.72], [31.882, 31.783, 31.471, 31.264, 32.176, 32.676, 33.995, 34.418, 34.898, 36.143, 38.688, 38.406, 39.387, 41.921, 42.414, 42.748, 41.568, 41.276, 41.344, 39.202, 34.457, 30.092, 27.739, 26.843, 27.664, 27.862, 27.621, 27.665, 29.816, 30.637, 32.895, 31.748, 24.057, 17.536, 15.013, 12.502, 6.153, 3.279, 2.954, 1.729, 1.197, 1.903, 1.548, 1.526, 1.717, 1.551, 1.446, 1.155, 0.788, 0.0, 1.514, 1.59, 2.476], [30.614, 30.503, 30.214, 29.996, 30.921, 31.415, 32.75, 33.169, 33.648, 34.896, 37.437, 37.159, 38.14, 40.67, 41.176, 41.502, 40.318, 40.026, 40.095, 37.96, 33.204, 28.831, 26.454, 25.545, 26.364, 26.562, 26.345, 26.387, 28.553, 29.36, 31.622, 30.462, 22.736, 16.198, 13.674, 11.152, 4.886, 2.292, 2.155, 1.461, 1.673, 2.027, 1.941, 2.047, 1.886, 1.823, 1.71, 1.651, 1.772, 1.514, 0.0, 0.884, 1.554], [30.671, 30.565, 30.264, 30.055, 30.978, 31.469, 32.817, 33.248, 33.723, 34.974, 37.516, 37.235, 38.221, 40.767, 41.279, 41.606, 40.412, 40.121, 40.195, 38.036, 33.275, 28.889, 26.533, 25.612, 26.432, 26.64, 26.405, 26.451, 28.611, 29.42, 31.694, 30.522, 22.815, 16.295, 13.801, 11.341, 4.988, 2.591, 2.509, 1.581, 1.723, 2.202, 2.02, 2.184, 1.968, 1.895, 1.798, 1.689, 1.852, 1.59, 0.884, 0.0, 1.306], [29.588, 29.47, 29.156, 28.951, 29.858, 30.36, 31.683, 32.102, 32.583, 33.828, 36.368, 36.09, 37.071, 39.606, 40.102, 40.429, 39.252, 38.96, 39.028, 36.886, 32.139, 27.78, 25.469, 24.558, 25.424, 25.629, 25.358, 25.39, 27.513, 28.365, 30.628, 29.468, 21.865, 15.338, 12.961, 10.482, 4.252, 2.204, 2.165, 2.023, 2.628, 2.192, 2.507, 2.583, 2.402, 2.49, 2.388, 2.4, 2.72, 2.476, 1.554, 1.306, 0.0]]