[[0.0, 1.118, 2.764, 1.523, 2.618, 1.622, 1.162, 1.874, 2.429, 2.599, 2.179, 2.779, 3.942, 4.748, 4.27, 3.464, 2.634, 3.006, 2.592, 2.327, 2.189, 2.914, 5.12, 5.455, 6.707, 8.368, 7.847, 7.118, 6.847, 7.853, 8.72, 8.064, 5.557, 2.186, 2.493, 3.581, 4.294, 4.849, 6.931, 11.11, 13.718, 13.715, 15.923, 17.007, 17.841, 18.233, 17.34, 15.992, 15.797, 16.835, 18.775, 19.601, 18.561, 17.274, 16.751, 16.71, 17.426, 16.655, 16.104, 16.634, 15.365, 14.047, 13.934, 12.225, 8.288, 7.034, 8.84, 9.16, 11.208, 14.409, 16.807, 17.457, 17.524, 18.208, 18.886, 20.339, 20.854, 20.879, 21.074, 21.312, 21.334, 21.472, 21.516, 21.942, 22.071, 22.004, 22.504, 23.19, 22.277, 19.136, 17.396, 19.381, 22.253, 22.959, 20.989, 19.734, 20.602, 22.668, 24.73, 25.12, 24.95, 24.035, 22.912, 23.32, 22.993, 22.051, 22.075, 22.33, 22.035, 21.806, 21.894, 22.267, 20.866, 19.131, 18.169, 17.714, 17.031, 14.724, 11.285, 10.878, 12.873, 14.067, 14.272, 13.556, 11.595, 8.828, 6.84, 7.236, 6.497, 3.962, 2.392, 2.6, 3.107, 2.636, 2.036, 2.509, 3.734, 3.095, 2.921, 3.525, 6.126, 6.837, 6.78, 9.572, 11.71, 11.173], [1.118, 0.0, 2.441, 1.585, 2.825, 1.828, 1.485, 1.541, 2.146, 2.323, 2.348, 2.494, 3.55, 4.428, 3.965, 3.132, 2.833, 3.343, 2.616, 2.305, 2.28, 2.651, 4.836, 5.164, 6.397, 8.046, 7.526, 6.797, 6.574, 7.532, 8.398, 7.751, 5.421, 2.193, 2.956, 3.777, 4.625, 5.137, 7.473, 11.501, 14.172, 14.198, 16.35, 17.307, 18.151, 18.586, 17.797, 16.43, 16.259, 17.258, 19.272, 20.086, 19.005, 17.679, 17.151, 17.119, 17.863, 17.079, 16.555, 17.082, 15.842, 14.49, 14.385, 12.675, 8.744, 7.406, 9.29, 9.487, 11.621, 14.7, 17.194, 17.728, 17.974, 18.684, 19.245, 20.705, 21.416, 21.267, 21.381, 21.665, 21.571, 21.724, 21.782, 22.186, 22.396, 22.236, 22.794, 23.484, 22.622, 19.415, 17.747, 19.84, 22.716, 23.415, 21.447, 20.038, 21.012, 23.014, 25.136, 25.402, 25.239, 24.36, 23.355, 23.672, 23.513, 22.463, 22.472, 22.711, 22.508, 22.238, 22.349, 22.725, 21.325, 19.55, 18.621, 18.177, 17.387, 15.016, 11.725, 11.301, 13.271, 14.469, 14.67, 13.979, 12.034, 9.101, 7.028, 7.518, 6.832, 4.243, 2.692, 2.781, 3.396, 2.853, 2.455, 2.866, 4.016, 3.29, 3.095, 3.735, 6.538, 7.366, 7.177, 9.929, 12.016, 11.554], [2.764, 2.441, 0.0, 1.721, 5.087, 3.43, 2.649, 1.775, 1.96, 2.273, 2.316, 2.129, 2.344, 2.557, 2.219, 1.846, 3.232, 3.949, 2.695, 2.445, 2.795, 2.277, 2.57, 2.951, 4.078, 5.703, 5.256, 4.518, 4.31, 5.197, 6.061, 5.431, 3.151, 1.657, 4.225, 5.558, 6.475, 6.825, 8.434, 13.542, 16.252, 16.252, 18.458, 19.469, 20.304, 20.757, 19.818, 18.209, 18.133, 19.3, 21.323, 22.202, 21.139, 19.795, 18.858, 18.858, 19.539, 18.83, 18.442, 19.169, 17.857, 16.383, 16.312, 14.623, 10.822, 9.439, 11.263, 11.638, 13.698, 16.805, 19.363, 19.976, 19.93, 20.704, 21.367, 22.855, 23.432, 23.514, 23.659, 23.868, 23.831, 23.976, 23.99, 24.514, 24.708, 24.536, 25.06, 25.817, 24.93, 21.735, 19.712, 21.725, 24.574, 25.327, 23.296, 22.319, 23.234, 25.312, 27.309, 27.683, 27.354, 26.129, 25.312, 25.882, 25.573, 24.557, 24.605, 24.737, 24.519, 24.105, 24.156, 24.654, 23.124, 21.435, 20.567, 20.146, 19.555, 17.197, 13.767, 12.945, 14.825, 16.224, 16.49, 15.798, 13.817, 10.876, 8.891, 9.17, 8.511, 5.699, 3.84, 4.657, 5.597, 4.927, 4.495, 4.943, 5.968, 4.627, 3.376, 5.368, 8.373, 9.388, 9.245, 12.143, 14.253, 13.673], [1.523, 1.585, 1.721, 0.0, 3.826, 2.221, 1.406, 1.9, 1.965, 2.305, 2.008, 2.313, 2.975, 3.585, 3.144, 2.234, 2.545, 3.066, 2.101, 2.015, 2.252, 2.262, 3.774, 4.088, 5.318, 6.969, 6.54, 5.798, 5.489, 6.455, 7.322, 6.666, 4.319, 1.533, 2.79, 4.098, 5.082, 5.246, 7.203, 12.185, 14.905, 14.9, 17.111, 18.207, 19.041, 19.431, 18.481, 16.678, 16.738, 17.982, 19.921, 20.8, 19.794, 18.467, 17.353, 17.349, 17.98, 17.352, 17.033, 17.822, 16.502, 14.924, 14.869, 13.236, 9.475, 8.141, 9.909, 10.353, 12.4, 15.539, 18.036, 18.71, 18.542, 19.319, 20.122, 21.581, 22.015, 22.187, 22.375, 22.577, 22.564, 22.735, 22.741, 23.25, 23.442, 23.324, 23.794, 24.559, 23.664, 20.468, 18.476, 20.31, 23.182, 23.874, 21.914, 21.037, 21.938, 24.018, 26.012, 26.406, 26.093, 24.68, 23.933, 24.56, 24.201, 23.184, 23.279, 23.404, 23.131, 22.738, 22.763, 23.225, 21.717, 20.028, 19.201, 18.751, 18.232, 15.936, 12.42, 11.367, 13.382, 14.753, 15.159, 14.388, 12.342, 9.438, 7.491, 7.685, 7.094, 4.349, 2.607, 3.418, 4.351, 3.658, 3.16, 3.661, 4.528, 3.505, 2.733, 3.829, 6.837, 8.064, 7.904, 10.825, 12.981, 12.363], [2.618, 2.825, 5.087, 3.826, 0.0, 1.949, 2.752, 4.001, 4.441, 4.832, 4.316, 5.045, 6.138, 7.137, 6.661, 5.834, 3.959, 3.076, 4.779, 4.428, 3.56, 5.218, 7.523, 7.851, 9.101, 10.758, 10.238, 9.508, 9.238, 10.243, 11.11, 10.454, 8.014, 4.481, 1.967, 2.112, 2.638, 3.375, 6.067, 9.244, 11.502, 11.535, 13.688, 14.67, 15.505, 15.917, 15.107, 13.896, 13.599, 14.579, 16.544, 17.356, 16.33, 14.968, 14.773, 14.731, 15.348, 14.613, 13.911, 14.407, 13.171, 11.943, 11.748, 10.01, 6.069, 4.722, 6.633, 6.841, 8.94, 12.064, 14.525, 15.086, 15.31, 16.005, 16.577, 18.016, 18.636, 18.536, 18.723, 18.983, 18.958, 19.121, 19.179, 19.571, 19.694, 19.639, 20.143, 20.806, 19.91, 16.75, 15.2, 17.263, 20.061, 20.743, 18.787, 17.383, 18.251, 20.291, 22.405, 22.729, 22.643, 21.894, 20.714, 20.936, 20.757, 19.778, 19.792, 20.025, 19.88, 19.758, 19.818, 20.052, 18.717, 17.015, 15.947, 15.473, 14.678, 12.387, 9.16, 9.455, 11.342, 12.305, 12.466, 11.578, 9.5, 6.614, 4.779, 5.467, 4.729, 2.653, 2.42, 1.228, 1.57, 1.445, 1.411, 1.204, 2.259, 2.135, 3.708, 2.348, 4.233, 4.609, 4.786, 7.235, 9.359, 8.876], [1.622, 1.828, 3.43, 2.221, 1.949, 0.0, 1.599, 2.878, 3.35, 3.408, 2.926, 3.635, 4.602, 5.378, 4.928, 4.07, 2.957, 3.224, 3.5, 3.02, 2.939, 3.707, 5.756, 6.111, 7.356, 8.989, 8.535, 7.797, 7.5, 8.474, 9.341, 8.685, 6.34, 2.84, 2.432, 2.826, 3.342, 3.751, 5.845, 10.26, 12.998, 13.002, 15.204, 16.222, 17.056, 17.465, 16.52, 15.033, 14.955, 16.045, 18.04, 18.892, 17.854, 16.487, 15.778, 15.777, 16.489, 15.721, 15.287, 15.915, 14.606, 13.2, 13.122, 11.409, 7.568, 6.2, 8.037, 8.391, 10.443, 13.565, 16.05, 16.696, 16.706, 17.461, 18.126, 19.573, 20.158, 20.203, 20.368, 20.584, 20.559, 20.722, 20.745, 21.231, 21.426, 21.305, 21.774, 22.54, 21.644, 18.449, 16.521, 18.536, 21.4, 22.151, 20.153, 19.028, 19.949, 22.02, 24.018, 24.403, 24.136, 23.085, 22.08, 22.609, 22.289, 21.265, 21.315, 21.473, 21.283, 20.95, 21.024, 21.462, 19.997, 18.263, 17.357, 16.89, 16.252, 13.942, 10.513, 9.843, 11.827, 13.046, 13.348, 12.681, 10.695, 7.715, 5.702, 6.094, 5.422, 2.781, 1.497, 1.911, 2.614, 2.002, 1.792, 2.247, 3.431, 3.083, 2.973, 2.83, 5.202, 6.13, 5.968, 8.832, 10.962, 10.409], [1.162, 1.485, 2.649, 1.406, 2.752, 1.599, 0.0, 1.911, 2.141, 2.389, 1.898, 2.504, 3.652, 4.409, 3.963, 3.13, 2.16, 2.387, 2.414, 2.011, 1.938, 2.854, 4.814, 5.221, 6.438, 8.041, 7.508, 6.807, 6.507, 7.513, 8.38, 7.724, 5.35, 1.991, 2.081, 3.457, 4.235, 4.812, 7.095, 11.272, 13.986, 13.981, 16.192, 17.301, 18.136, 18.527, 17.566, 16.092, 15.905, 17.062, 18.95, 19.86, 18.834, 17.551, 16.821, 16.784, 17.52, 16.735, 16.179, 16.903, 15.583, 14.141, 14.012, 12.326, 8.556, 7.227, 9.007, 9.437, 11.432, 14.646, 17.082, 17.714, 17.654, 18.408, 19.133, 20.595, 21.017, 21.168, 21.372, 21.592, 21.596, 21.755, 21.816, 22.253, 22.403, 22.318, 22.807, 23.504, 22.606, 19.443, 17.595, 19.495, 22.36, 23.037, 21.083, 20.037, 20.893, 22.979, 24.998, 25.389, 25.164, 24.149, 23.065, 23.625, 23.204, 22.29, 22.33, 22.528, 22.23, 21.934, 22.008, 22.371, 20.974, 19.186, 18.304, 17.851, 17.302, 15.018, 11.506, 10.91, 12.914, 14.167, 14.347, 13.644, 11.683, 8.645, 6.59, 7.133, 6.414, 3.727, 2.175, 2.548, 3.232, 2.736, 2.085, 2.543, 3.502, 2.513, 2.192, 3.325, 6.17, 7.062, 7.005, 9.866, 12.013, 11.432], [1.874, 1.541, 1.775, 1.9, 4.001, 2.878, 1.911, 0.0, 1.197, 1.394, 1.676, 1.492, 2.463, 3.294, 2.843, 2.127, 2.548, 3.402, 2.255, 1.838, 2.006, 1.854, 3.716, 4.074, 5.27, 6.873, 6.34, 5.655, 5.302, 6.313, 7.183, 6.552, 4.236, 1.716, 3.717, 5.092, 5.897, 6.448, 8.511, 12.778, 15.487, 15.513, 17.682, 18.646, 19.492, 19.913, 19.066, 17.721, 17.531, 18.563, 20.499, 21.351, 20.319, 18.943, 18.468, 18.43, 19.16, 18.378, 17.84, 18.397, 17.147, 15.783, 15.672, 13.96, 10.059, 8.697, 10.577, 10.839, 12.919, 16.013, 18.496, 19.03, 19.26, 19.988, 20.562, 21.998, 22.613, 22.51, 22.684, 22.934, 22.901, 23.074, 23.136, 23.528, 23.642, 23.594, 24.098, 24.75, 23.864, 20.693, 19.043, 21.123, 23.989, 24.704, 22.727, 21.359, 22.222, 24.24, 26.377, 26.672, 26.562, 25.684, 24.64, 24.849, 24.706, 23.729, 23.728, 23.991, 23.813, 23.536, 23.633, 24.014, 22.609, 20.849, 19.908, 19.44, 18.675, 16.369, 13.023, 12.549, 14.562, 15.758, 15.965, 15.273, 13.322, 10.276, 8.253, 8.78, 8.052, 5.339, 3.575, 4.014, 4.52, 4.061, 3.547, 3.993, 5.073, 3.733, 2.883, 4.978, 7.821, 8.533, 8.396, 11.222, 13.335, 12.869], [2.429, 2.146, 1.96, 1.965, 4.441, 3.35, 2.141, 1.197, 0.0, 1.234, 1.564, 1.31, 1.827, 2.793, 2.308, 1.679, 2.302, 2.933, 1.838, 1.592, 1.566, 1.608, 3.294, 3.63, 4.775, 6.378, 5.834, 5.146, 4.807, 5.818, 6.688, 6.045, 3.755, 1.695, 3.644, 5.067, 5.944, 6.437, 8.901, 13.074, 15.763, 15.758, 17.969, 19.057, 19.892, 20.282, 19.293, 17.679, 17.631, 18.838, 20.714, 21.637, 20.606, 19.307, 18.375, 18.326, 19.069, 18.316, 17.922, 18.68, 17.36, 15.86, 15.789, 14.096, 10.333, 8.994, 10.768, 11.204, 13.195, 16.39, 18.851, 19.46, 19.411, 20.192, 20.884, 22.348, 22.775, 22.899, 23.124, 23.343, 23.331, 23.506, 23.566, 23.997, 24.127, 24.061, 24.555, 25.247, 24.322, 21.186, 19.253, 21.19, 24.054, 24.804, 22.753, 21.786, 22.615, 24.69, 26.749, 27.133, 26.872, 25.663, 24.807, 25.266, 24.922, 24.003, 24.063, 24.27, 24.008, 23.62, 23.636, 24.132, 22.604, 20.921, 20.071, 19.62, 19.059, 16.774, 13.279, 12.589, 14.644, 15.81, 16.024, 15.275, 13.283, 10.224, 8.286, 8.812, 8.05, 5.54, 3.95, 4.097, 4.962, 4.485, 3.809, 4.282, 5.182, 3.906, 2.697, 4.956, 7.812, 8.746, 8.632, 11.622, 13.762, 13.205], [2.599, 2.323, 2.273, 2.305, 4.832, 3.408, 2.389, 1.394, 1.234, 0.0, 1.37, 1.32, 1.724, 2.548, 2.135, 1.521, 1.88, 2.991, 1.769, 1.169, 1.507, 1.301, 3.1, 3.436, 4.44, 6.048, 5.599, 4.851, 4.495, 5.468, 6.335, 5.772, 3.565, 1.548, 3.928, 5.422, 6.241, 6.726, 8.803, 13.284, 16.027, 16.016, 18.227, 19.336, 20.171, 20.561, 19.583, 18.011, 17.934, 19.105, 20.999, 21.895, 20.892, 19.586, 18.772, 18.735, 19.465, 18.696, 18.257, 18.938, 17.618, 16.163, 16.079, 14.382, 10.596, 9.276, 11.028, 11.486, 13.488, 16.669, 19.13, 19.791, 19.687, 20.451, 21.198, 22.652, 23.127, 23.261, 23.429, 23.643, 23.641, 23.806, 23.839, 24.319, 24.494, 24.391, 24.838, 25.605, 24.708, 21.516, 19.564, 21.493, 24.361, 25.11, 23.121, 22.098, 23.004, 25.081, 27.074, 27.464, 27.221, 26.118, 25.116, 25.674, 25.305, 24.31, 24.371, 24.575, 24.263, 23.931, 23.997, 24.427, 22.955, 21.22, 20.347, 19.918, 19.34, 17.053, 13.537, 12.777, 14.775, 16.041, 16.325, 15.643, 13.653, 10.598, 8.558, 9.035, 8.367, 5.549, 3.834, 4.496, 5.313, 4.705, 4.209, 4.608, 5.435, 4.153, 2.649, 5.2, 8.157, 9.115, 9.007, 11.909, 14.036, 13.48], [2.179, 2.348, 2.316, 2.008, 4.316, 2.926, 1.898, 1.676, 1.564, 1.37, 0.0, 1.188, 2.229, 3.105, 2.667, 1.969, 1.691, 2.536, 1.915, 1.464, 1.6, 2.084, 3.891, 4.231, 5.132, 6.725, 6.209, 5.424, 5.138, 6.108, 6.96, 6.416, 4.202, 1.333, 3.421, 4.908, 5.772, 6.277, 8.2, 12.89, 15.605, 15.6, 17.811, 18.9, 19.735, 20.127, 19.135, 17.587, 17.47, 18.682, 20.556, 21.479, 20.449, 19.149, 18.296, 18.259, 18.98, 18.203, 17.764, 18.522, 17.202, 15.709, 15.639, 13.946, 10.175, 8.843, 10.61, 11.053, 13.043, 16.233, 18.699, 19.295, 19.255, 20.037, 20.724, 22.191, 22.633, 22.771, 22.958, 23.178, 23.166, 23.341, 23.4, 23.834, 23.984, 23.894, 24.388, 25.081, 24.188, 21.019, 19.102, 21.04, 23.898, 24.646, 22.593, 21.618, 22.482, 24.564, 26.583, 26.968, 26.713, 25.581, 24.66, 25.154, 24.78, 23.844, 23.907, 24.112, 23.851, 23.474, 23.49, 23.983, 22.463, 20.776, 19.912, 19.461, 18.902, 16.617, 13.121, 12.388, 14.374, 15.658, 15.836, 15.117, 13.15, 10.105, 8.135, 8.616, 7.877, 5.109, 3.402, 3.992, 4.799, 4.247, 3.677, 4.114, 5.015, 3.72, 2.332, 4.791, 7.668, 8.607, 8.519, 11.465, 13.594, 13.049], [2.779, 2.494, 2.129, 2.313, 5.045, 3.635, 2.504, 1.492, 1.31, 1.32, 1.188, 0.0, 1.711, 2.594, 2.206, 1.63, 2.407, 3.332, 2.094, 1.847, 2.255, 2.056, 3.588, 3.903, 4.767, 6.207, 5.707, 4.83, 4.53, 5.502, 6.332, 5.863, 3.674, 1.666, 4.343, 5.799, 6.655, 7.174, 9.191, 13.671, 16.416, 16.411, 18.622, 19.683, 20.518, 20.927, 19.946, 18.464, 18.332, 19.49, 21.366, 22.29, 21.257, 19.933, 19.193, 19.161, 19.905, 19.124, 18.613, 19.333, 18.013, 16.563, 16.468, 14.774, 10.986, 9.643, 11.43, 11.853, 13.844, 17.025, 19.5, 20.067, 20.081, 20.859, 21.522, 22.977, 23.432, 23.529, 23.734, 23.953, 23.951, 24.115, 24.175, 24.606, 24.734, 24.665, 25.158, 25.851, 24.924, 21.79, 19.906, 21.912, 24.771, 25.498, 23.502, 22.396, 23.223, 25.302, 27.366, 27.746, 27.54, 26.428, 25.489, 25.914, 25.604, 24.673, 24.715, 24.916, 24.676, 24.305, 24.4, 24.822, 23.377, 21.613, 20.728, 20.28, 19.688, 17.4, 13.935, 13.238, 15.237, 16.49, 16.7, 16.032, 14.082, 11.025, 8.965, 9.482, 8.801, 6.012, 4.255, 4.823, 5.521, 5.058, 4.42, 4.894, 5.859, 4.522, 3.089, 5.652, 8.55, 9.387, 9.35, 12.248, 14.372, 13.856], [3.942, 3.55, 2.344, 2.975, 6.138, 4.602, 3.652, 2.463, 1.827, 1.724, 2.229, 1.711, 0.0, 1.476, 1.246, 1.606, 3.006, 4.026, 2.595, 2.162, 2.705, 2.172, 2.654, 2.724, 3.419, 4.938, 4.546, 3.726, 3.442, 4.309, 5.156, 4.633, 2.564, 2.556, 5.169, 6.553, 7.394, 7.796, 10.007, 14.514, 17.217, 17.212, 19.423, 20.477, 21.328, 21.747, 20.837, 19.158, 19.092, 20.295, 22.296, 23.175, 22.132, 20.788, 19.825, 19.863, 20.507, 19.78, 19.386, 20.134, 18.814, 17.324, 17.261, 15.568, 11.787, 10.437, 12.221, 12.652, 14.729, 17.811, 20.36, 21.033, 20.868, 21.655, 22.434, 23.914, 24.391, 24.542, 24.711, 24.923, 24.888, 25.033, 25.034, 25.58, 25.78, 25.63, 26.144, 26.903, 26.013, 22.818, 20.795, 22.698, 25.548, 26.268, 24.295, 23.38, 24.284, 26.371, 28.356, 28.748, 28.426, 27.204, 26.266, 26.926, 26.589, 25.546, 25.649, 25.719, 25.469, 25.068, 25.139, 25.599, 24.078, 22.382, 21.524, 21.097, 20.57, 18.229, 14.732, 14.033, 16.011, 17.221, 17.558, 16.8, 14.756, 11.717, 9.728, 10.219, 9.477, 7.01, 5.105, 5.651, 6.641, 6.001, 5.472, 5.914, 6.733, 5.312, 3.901, 6.333, 9.354, 10.431, 10.266, 13.163, 15.331, 14.7], [4.748, 4.428, 2.557, 3.585, 7.137, 5.378, 4.409, 3.294, 2.793, 2.548, 3.105, 2.594, 1.476, 0.0, 1.057, 1.959, 3.792, 4.862, 3.305, 2.975, 3.69, 2.602, 2.171, 2.166, 2.521, 3.807, 3.412, 2.638, 2.489, 3.178, 4.002, 3.449, 1.647, 2.999, 5.956, 7.422, 8.276, 8.527, 10.344, 15.454, 18.166, 18.134, 20.367, 21.514, 22.348, 22.759, 21.816, 20.006, 20.009, 21.26, 23.225, 24.077, 23.101, 21.804, 20.699, 20.657, 21.299, 20.576, 20.271, 21.079, 19.736, 18.128, 18.066, 16.477, 12.736, 11.437, 13.16, 13.643, 15.706, 18.843, 21.344, 22.034, 21.797, 22.565, 23.431, 24.896, 25.336, 25.523, 25.71, 25.919, 25.891, 26.051, 26.039, 26.58, 26.787, 26.64, 27.143, 27.903, 27.013, 23.817, 21.794, 23.58, 26.449, 27.094, 25.232, 24.38, 25.277, 27.358, 29.351, 29.741, 29.415, 28.111, 27.224, 27.896, 27.519, 26.519, 26.61, 26.731, 26.369, 25.983, 26.043, 26.452, 24.949, 23.247, 22.45, 22.04, 21.581, 19.256, 15.658, 14.61, 16.507, 18.007, 18.401, 17.7, 15.607, 12.524, 10.54, 10.887, 10.263, 7.481, 5.507, 6.627, 7.618, 6.961, 6.45, 6.913, 7.642, 6.348, 4.533, 6.979, 10.124, 11.412, 11.24, 14.176, 16.33, 15.661], [4.27, 3.965, 2.219, 3.144, 6.661, 4.928, 3.963, 2.843, 2.308, 2.135, 2.667, 2.206, 1.246, 1.057, 0.0, 1.308, 3.157, 4.125, 2.557, 2.398, 3.228, 2.237, 2.027, 2.133, 2.664, 4.272, 4.105, 3.227, 2.996, 3.685, 4.555, 3.959, 1.989, 2.536, 5.36, 6.878, 7.562, 7.817, 9.848, 14.901, 17.428, 17.369, 19.721, 20.906, 21.832, 22.22, 21.316, 19.542, 19.433, 20.739, 22.676, 23.392, 22.601, 21.298, 20.133, 20.106, 20.691, 19.816, 19.502, 20.392, 19.069, 17.451, 17.345, 15.753, 11.998, 10.906, 12.577, 13.076, 15.168, 18.276, 20.778, 21.547, 21.215, 21.831, 22.899, 24.374, 24.773, 24.989, 25.198, 25.398, 25.385, 25.531, 25.521, 26.074, 26.28, 26.13, 26.653, 27.417, 26.536, 23.34, 21.279, 22.992, 25.864, 26.438, 24.699, 23.889, 24.773, 26.86, 28.819, 29.229, 28.863, 27.625, 26.633, 27.404, 27.002, 25.988, 26.085, 26.166, 25.71, 25.259, 25.431, 25.678, 24.169, 22.471, 21.704, 21.432, 21.034, 18.719, 15.067, 14.037, 15.865, 17.431, 17.911, 17.117, 14.812, 11.994, 9.873, 10.209, 9.492, 7.061, 5.064, 6.171, 7.15, 6.46, 5.974, 6.436, 7.101, 5.746, 4.0, 6.347, 9.631, 10.936, 10.739, 13.671, 15.83, 15.135], [3.464, 3.132, 1.846, 2.234, 5.834, 4.07, 3.13, 2.127, 1.679, 1.521, 1.969, 1.63, 1.606, 1.959, 1.308, 0.0, 2.269, 3.353, 1.776, 1.724, 2.414, 1.43, 2.288, 2.536, 3.441, 5.054, 4.839, 4.005, 3.619, 4.471, 5.351, 4.669, 2.7, 1.673, 4.542, 6.015, 6.761, 6.843, 8.806, 14.068, 16.637, 16.588, 18.919, 20.125, 21.021, 21.376, 20.492, 18.605, 18.633, 19.924, 21.852, 22.583, 21.78, 20.464, 19.276, 19.254, 19.75, 19.021, 18.726, 19.592, 18.27, 16.653, 16.565, 14.951, 11.207, 10.098, 11.795, 12.293, 14.361, 17.468, 19.954, 20.726, 20.394, 21.047, 22.092, 23.55, 23.962, 24.171, 24.367, 24.569, 24.561, 24.71, 24.694, 25.252, 25.456, 25.326, 25.826, 26.596, 25.709, 22.513, 20.475, 22.194, 25.056, 25.678, 23.9, 23.058, 23.952, 26.037, 27.998, 28.402, 28.049, 26.643, 25.836, 26.556, 26.181, 25.161, 25.251, 25.337, 24.889, 24.454, 24.604, 24.893, 23.38, 21.687, 20.915, 20.604, 20.207, 17.911, 14.285, 12.977, 14.844, 16.474, 17.05, 16.292, 14.02, 11.19, 9.051, 9.274, 8.681, 5.955, 4.076, 5.314, 6.323, 5.633, 5.147, 5.609, 6.297, 4.936, 3.011, 5.346, 8.754, 10.109, 9.904, 12.847, 15.006, 14.331], [2.634, 2.833, 3.232, 2.545, 3.959, 2.957, 2.16, 2.548, 2.302, 1.88, 1.691, 2.407, 3.006, 3.792, 3.157, 2.269, 0.0, 1.514, 1.643, 1.346, 1.472, 2.302, 4.267, 4.527, 5.463, 7.149, 6.92, 6.126, 5.734, 6.606, 7.491, 6.798, 4.707, 2.0, 2.799, 4.235, 4.724, 5.151, 7.675, 11.955, 14.513, 14.472, 16.787, 17.991, 18.899, 19.243, 18.406, 16.682, 16.586, 17.803, 19.742, 20.466, 19.658, 18.334, 17.437, 17.414, 17.994, 17.097, 16.696, 17.463, 16.142, 14.642, 14.525, 12.856, 9.083, 8.027, 9.662, 10.159, 12.252, 15.341, 17.83, 18.591, 18.328, 18.941, 19.983, 21.442, 21.912, 22.04, 22.237, 22.472, 22.426, 22.586, 22.573, 23.118, 23.323, 23.202, 23.692, 24.463, 23.575, 20.38, 18.389, 20.147, 22.996, 23.652, 21.894, 20.926, 21.832, 23.904, 25.899, 26.283, 25.986, 24.918, 23.79, 24.471, 24.126, 23.079, 23.172, 23.258, 22.778, 22.409, 22.624, 22.865, 21.374, 19.641, 18.824, 18.531, 18.072, 15.789, 12.152, 11.424, 13.283, 14.591, 15.081, 14.37, 12.074, 9.251, 7.083, 7.617, 6.809, 4.546, 3.386, 3.443, 4.202, 3.654, 3.353, 3.581, 4.261, 2.872, 1.482, 3.948, 6.88, 7.975, 7.794, 10.715, 12.874, 12.207], [3.006, 3.343, 3.949, 3.066, 3.076, 3.224, 2.387, 3.402, 2.933, 2.991, 2.536, 3.332, 4.026, 4.862, 4.125, 3.353, 1.514, 0.0, 2.108, 2.316, 2.073, 3.407, 5.265, 5.562, 6.48, 8.206, 8.034, 7.249, 6.923, 7.754, 8.608, 7.909, 5.783, 2.839, 1.954, 3.566, 3.938, 4.494, 7.479, 11.123, 13.396, 13.331, 15.735, 16.991, 17.91, 18.313, 17.445, 15.819, 15.605, 16.857, 18.828, 19.509, 18.717, 17.409, 16.504, 16.466, 17.01, 15.99, 15.557, 16.453, 15.164, 13.56, 13.415, 11.731, 7.966, 7.002, 8.668, 9.172, 11.267, 14.377, 16.903, 17.67, 17.356, 17.901, 18.983, 20.492, 20.935, 21.091, 21.297, 21.507, 21.498, 21.644, 21.62, 22.18, 22.393, 22.253, 22.77, 23.541, 22.665, 19.47, 17.442, 19.14, 21.991, 22.563, 20.87, 20.013, 20.897, 22.974, 24.929, 25.334, 25.002, 24.005, 22.809, 23.591, 23.178, 22.141, 22.241, 22.315, 21.787, 21.399, 21.646, 21.721, 20.232, 18.445, 17.693, 17.552, 17.141, 14.839, 11.161, 10.751, 12.358, 13.838, 14.263, 13.399, 10.991, 8.328, 6.133, 6.74, 5.789, 4.251, 3.505, 2.657, 3.407, 3.216, 2.823, 2.689, 3.379, 2.07, 1.668, 3.008, 6.024, 7.065, 6.96, 9.796, 11.955, 11.23], [2.592, 2.616, 2.695, 2.101, 4.779, 3.5, 2.414, 2.255, 1.838, 1.769, 1.915, 2.094, 2.595, 3.305, 2.557, 1.776, 1.643, 2.108, 0.0, 1.32, 1.744, 1.85, 3.619, 3.894, 4.714, 6.381, 6.299, 5.522, 5.216, 6.023, 6.848, 6.145, 3.945, 1.836, 3.355, 4.965, 5.562, 5.634, 8.228, 12.916, 15.242, 15.147, 17.612, 18.845, 19.778, 20.173, 19.305, 17.556, 17.418, 18.725, 20.671, 21.333, 20.591, 19.279, 18.077, 18.028, 18.552, 17.561, 17.362, 18.287, 17.023, 15.32, 15.202, 13.598, 9.802, 8.879, 10.519, 11.031, 13.122, 16.247, 18.838, 19.541, 19.17, 19.729, 20.84, 22.351, 22.734, 22.948, 23.164, 23.367, 23.372, 23.517, 23.481, 24.037, 24.263, 24.125, 24.639, 25.409, 24.537, 21.34, 19.246, 20.928, 23.77, 24.329, 22.648, 21.901, 22.768, 24.846, 26.79, 27.185, 26.764, 25.573, 24.586, 25.394, 24.956, 23.948, 24.052, 24.098, 23.61, 23.168, 23.393, 23.55, 21.935, 20.185, 19.505, 19.376, 19.0, 16.711, 13.058, 11.944, 13.668, 15.464, 15.932, 15.103, 12.691, 10.101, 7.995, 8.172, 7.485, 5.487, 3.781, 4.38, 5.299, 4.579, 4.063, 4.606, 5.366, 4.064, 2.423, 4.432, 7.636, 8.937, 8.753, 11.666, 13.825, 13.088], [2.327, 2.305, 2.445, 2.015, 4.428, 3.02, 2.011, 1.838, 1.592, 1.169, 1.464, 1.847, 2.162, 2.975, 2.398, 1.724, 1.346, 2.316, 1.32, 0.0, 1.056, 1.57, 3.389, 3.664, 4.718, 6.377, 6.053, 5.299, 4.93, 5.863, 6.75, 6.083, 3.766, 1.28, 3.248, 4.852, 5.535, 6.005, 8.24, 12.7, 15.32, 15.303, 17.58, 18.754, 19.619, 20.001, 19.061, 17.388, 17.272, 18.518, 20.422, 21.235, 20.334, 19.061, 18.148, 18.086, 18.765, 17.914, 17.471, 18.264, 16.914, 15.394, 15.324, 13.639, 9.889, 8.68, 10.415, 10.906, 12.935, 16.075, 18.551, 19.282, 19.037, 19.733, 20.66, 22.126, 22.549, 22.737, 22.943, 23.153, 23.125, 23.275, 23.296, 23.818, 24.02, 23.883, 24.386, 25.147, 24.256, 21.06, 19.055, 20.806, 23.677, 24.361, 22.516, 21.631, 22.509, 24.601, 26.583, 26.978, 26.662, 25.561, 24.508, 25.179, 24.783, 23.762, 23.855, 23.978, 23.576, 23.203, 23.259, 23.673, 22.189, 20.446, 19.616, 19.259, 18.802, 16.47, 12.912, 12.166, 14.119, 15.398, 15.742, 15.001, 12.891, 10.084, 7.979, 8.391, 7.692, 5.32, 3.528, 4.08, 4.949, 4.281, 3.756, 4.272, 5.064, 3.836, 2.401, 4.605, 7.56, 8.656, 8.478, 11.405, 13.568, 12.905], [2.189, 2.28, 2.795, 2.252, 3.56, 2.939, 1.938, 2.006, 1.566, 1.507, 1.6, 2.255, 2.705, 3.69, 3.228, 2.414, 1.472, 2.073, 1.744, 1.056, 0.0, 1.902, 4.042, 4.334, 5.563, 7.223, 6.738, 6.0, 5.736, 6.709, 7.576, 6.92, 4.559, 1.799, 2.756, 4.266, 5.049, 5.623, 8.222, 12.128, 14.695, 14.69, 16.901, 18.004, 18.838, 19.235, 18.262, 16.725, 16.605, 17.769, 19.691, 20.606, 19.54, 18.282, 17.501, 17.451, 18.112, 17.388, 16.901, 17.612, 16.292, 14.862, 14.768, 13.06, 9.265, 7.944, 9.699, 10.146, 12.137, 15.335, 17.829, 18.448, 18.357, 19.142, 19.852, 21.308, 21.809, 21.958, 22.126, 22.341, 22.301, 22.466, 22.511, 22.986, 23.19, 23.053, 23.544, 24.307, 23.41, 20.214, 18.237, 20.193, 23.031, 23.793, 21.732, 20.794, 21.698, 23.772, 25.771, 26.163, 25.858, 24.81, 23.794, 24.37, 23.981, 22.982, 23.077, 23.228, 22.969, 22.619, 22.674, 23.126, 21.588, 19.948, 19.009, 18.583, 18.046, 15.72, 12.21, 11.831, 13.827, 14.955, 15.2, 14.32, 12.319, 9.394, 7.535, 8.043, 7.26, 4.922, 3.493, 3.303, 4.222, 3.636, 3.006, 3.436, 4.377, 3.123, 2.212, 4.217, 6.991, 7.81, 7.756, 10.604, 12.745, 12.14], [2.914, 2.651, 2.277, 2.262, 5.218, 3.707, 2.854, 1.854, 1.608, 1.301, 2.084, 2.056, 2.172, 2.602, 2.237, 1.43, 2.302, 3.407, 1.85, 1.57, 1.902, 0.0, 2.531, 2.73, 3.901, 5.544, 5.174, 4.406, 4.052, 5.032, 5.896, 5.24, 3.01, 1.764, 4.028, 5.426, 6.412, 6.46, 8.169, 13.576, 16.282, 16.251, 18.497, 19.657, 20.495, 20.882, 19.917, 18.066, 18.114, 19.402, 21.278, 22.13, 21.221, 19.903, 18.715, 18.635, 19.133, 18.678, 18.384, 19.195, 17.853, 16.252, 16.222, 14.592, 10.851, 9.567, 11.301, 11.783, 13.829, 16.983, 19.42, 20.158, 19.911, 20.686, 21.552, 23.009, 23.392, 23.59, 23.787, 23.99, 24.0, 24.173, 24.185, 24.694, 24.87, 24.771, 25.219, 25.987, 25.089, 21.896, 19.921, 21.679, 24.541, 25.221, 23.344, 22.468, 23.356, 25.445, 27.423, 27.822, 27.499, 25.979, 25.346, 25.974, 25.591, 24.604, 24.688, 24.832, 24.486, 24.061, 24.084, 24.558, 23.044, 21.36, 20.564, 20.123, 19.656, 17.376, 13.802, 12.292, 14.468, 16.042, 16.51, 15.725, 13.677, 10.758, 8.761, 8.721, 8.393, 5.276, 3.764, 4.81, 5.734, 5.055, 4.549, 5.032, 5.823, 4.689, 2.929, 4.901, 8.144, 9.489, 9.302, 12.248, 14.408, 13.791], [5.12, 4.836, 2.57, 3.774, 7.523, 5.756, 4.814, 3.716, 3.294, 3.1, 3.891, 3.588, 2.654, 2.171, 2.027, 2.288, 4.267, 5.265, 3.619, 3.389, 4.042, 2.531, 0.0, 1.049, 1.874, 3.29, 3.064, 2.332, 2.533, 3.163, 3.693, 3.015, 1.735, 3.179, 6.194, 7.713, 8.503, 8.51, 9.789, 15.803, 18.375, 18.308, 20.644, 21.818, 22.69, 23.115, 22.183, 20.272, 20.33, 21.615, 23.538, 24.294, 23.464, 22.18, 20.964, 20.869, 21.322, 20.726, 20.441, 21.329, 19.96, 18.291, 18.214, 16.69, 12.945, 11.749, 13.479, 13.977, 16.006, 19.155, 21.647, 22.411, 22.103, 22.765, 23.736, 25.243, 25.633, 25.841, 26.067, 26.269, 26.252, 26.397, 26.41, 26.945, 27.141, 26.991, 27.516, 28.269, 27.386, 24.19, 22.113, 23.831, 26.682, 27.32, 25.538, 24.756, 25.63, 27.721, 29.681, 30.096, 29.675, 28.223, 27.568, 28.233, 27.856, 26.845, 26.945, 27.054, 26.609, 26.147, 26.223, 26.612, 25.096, 23.39, 22.644, 22.345, 21.917, 19.559, 15.969, 14.448, 16.382, 18.191, 18.686, 17.933, 15.768, 12.759, 10.752, 10.807, 10.366, 7.402, 5.457, 7.015, 8.005, 7.359, 6.851, 7.309, 8.07, 6.798, 4.71, 6.988, 10.432, 11.785, 11.574, 14.535, 16.697, 15.975], [5.455, 5.164, 2.951, 4.088, 7.851, 6.111, 5.221, 4.074, 3.63, 3.436, 4.231, 3.903, 2.724, 2.166, 2.133, 2.536, 4.527, 5.562, 3.894, 3.664, 4.334, 2.73, 1.049, 0.0, 1.366, 3.043, 3.001, 2.174, 2.386, 2.824, 3.367, 2.69, 1.723, 3.545, 6.533, 7.993, 8.827, 8.763, 9.85, 16.117, 18.705, 18.65, 20.965, 22.138, 23.034, 23.436, 22.519, 20.608, 20.636, 21.942, 23.869, 24.642, 23.79, 22.487, 21.226, 21.183, 21.512, 21.008, 20.783, 21.655, 20.287, 18.629, 18.554, 17.016, 13.275, 12.104, 13.789, 14.287, 16.374, 19.494, 21.982, 22.733, 22.397, 23.092, 24.104, 25.568, 25.967, 26.179, 26.392, 26.594, 26.576, 26.723, 26.715, 27.27, 27.474, 27.331, 27.841, 28.609, 27.72, 24.524, 22.48, 24.208, 27.055, 27.602, 25.908, 25.082, 25.961, 28.054, 30.024, 30.427, 30.034, 28.468, 27.824, 28.57, 28.191, 27.161, 27.26, 27.344, 26.937, 26.465, 26.574, 26.912, 25.41, 23.726, 22.976, 22.649, 22.251, 19.922, 16.283, 14.51, 16.706, 18.517, 19.052, 18.268, 16.065, 13.195, 11.156, 10.999, 10.703, 7.675, 5.855, 7.326, 8.335, 7.669, 7.158, 7.627, 8.358, 7.089, 5.09, 7.233, 10.722, 12.12, 11.915, 14.859, 17.032, 16.349], [6.707, 6.397, 4.078, 5.318, 9.101, 7.356, 6.438, 5.27, 4.775, 4.44, 5.132, 4.767, 3.419, 2.521, 2.664, 3.441, 5.463, 6.48, 4.714, 4.718, 5.563, 3.901, 1.874, 1.366, 0.0, 2.112, 2.366, 1.681, 2.372, 2.588, 2.746, 1.976, 2.0, 4.714, 7.772, 9.241, 9.914, 9.841, 11.029, 17.345, 19.735, 19.658, 22.045, 23.278, 24.23, 24.661, 23.738, 21.821, 21.87, 23.172, 25.098, 25.824, 25.023, 23.736, 22.427, 22.318, 22.642, 22.152, 21.791, 22.731, 21.416, 19.69, 19.606, 18.06, 14.338, 13.239, 14.866, 15.41, 17.496, 20.697, 23.2, 23.968, 23.636, 24.157, 25.263, 26.795, 27.176, 27.404, 27.619, 27.818, 27.808, 27.952, 27.957, 28.495, 28.696, 28.549, 29.075, 29.832, 28.973, 25.767, 23.644, 25.356, 28.145, 28.668, 27.015, 26.317, 27.188, 29.277, 31.232, 31.65, 31.202, 29.593, 29.048, 29.787, 29.396, 28.387, 28.483, 28.583, 28.088, 27.574, 27.685, 28.036, 26.519, 24.738, 24.042, 23.87, 23.459, 21.146, 17.452, 15.619, 17.794, 19.736, 20.243, 19.45, 17.218, 14.298, 12.311, 12.135, 11.754, 8.926, 7.085, 8.578, 9.587, 8.889, 8.396, 8.873, 9.538, 8.23, 6.03, 8.42, 11.974, 13.372, 13.15, 16.093, 18.252, 17.467], [8.368, 8.046, 5.703, 6.969, 10.758, 8.989, 8.041, 6.873, 6.378, 6.048, 6.725, 6.207, 4.938, 3.807, 4.272, 5.054, 7.149, 8.206, 6.381, 6.377, 7.223, 5.544, 3.29, 3.043, 2.112, 0.0, 1.373, 1.907, 2.203, 1.947, 1.819, 1.371, 2.937, 6.329, 9.433, 10.902, 11.674, 11.623, 12.72, 19.014, 21.494, 21.355, 23.808, 25.003, 25.895, 26.33, 25.413, 23.503, 23.539, 24.839, 26.754, 27.477, 26.709, 25.398, 24.114, 23.954, 24.35, 23.831, 23.489, 24.493, 23.112, 21.348, 21.334, 19.827, 16.073, 14.87, 16.621, 17.091, 19.152, 22.364, 24.874, 25.654, 25.308, 25.846, 26.938, 28.482, 28.837, 29.055, 29.276, 29.476, 29.494, 29.639, 29.622, 30.181, 30.367, 30.234, 30.731, 31.501, 30.633, 27.423, 25.319, 27.038, 29.822, 30.424, 28.677, 27.969, 28.858, 30.948, 32.907, 33.304, 32.869, 31.276, 30.752, 31.454, 31.058, 30.054, 30.142, 30.241, 29.795, 29.322, 29.362, 29.756, 28.236, 26.437, 25.792, 25.532, 25.126, 22.807, 19.184, 17.323, 19.457, 21.394, 21.925, 21.126, 18.935, 15.879, 13.889, 13.788, 13.47, 10.551, 8.688, 10.239, 11.223, 10.551, 10.052, 10.528, 11.199, 9.872, 7.68, 10.104, 13.635, 15.028, 14.807, 17.749, 19.908, 19.112], [7.847, 7.526, 5.256, 6.54, 10.238, 8.535, 7.508, 6.34, 5.834, 5.599, 6.209, 5.707, 4.546, 3.412, 4.105, 4.839, 6.92, 8.034, 6.299, 6.053, 6.738, 5.174, 3.064, 3.001, 2.366, 1.373, 0.0, 1.703, 2.098, 1.896, 1.635, 1.403, 2.694, 5.961, 9.125, 10.437, 11.423, 11.475, 12.5, 18.659, 21.27, 21.212, 23.476, 24.638, 25.486, 25.96, 24.973, 23.142, 23.172, 24.436, 26.382, 27.285, 26.245, 25.007, 23.702, 23.525, 24.049, 23.742, 23.346, 24.201, 22.844, 21.184, 21.162, 19.589, 15.849, 14.494, 16.239, 16.704, 18.697, 22.008, 24.519, 25.147, 24.98, 25.633, 26.458, 28.023, 28.477, 28.658, 28.838, 29.056, 29.012, 29.166, 29.223, 29.694, 29.9, 29.718, 30.282, 31.011, 30.113, 26.917, 24.837, 26.685, 29.476, 30.148, 28.232, 27.506, 28.382, 30.453, 32.483, 32.864, 32.424, 30.828, 30.393, 30.987, 30.636, 29.655, 29.724, 29.909, 29.525, 29.098, 29.037, 29.611, 28.101, 26.35, 25.588, 25.236, 24.77, 22.398, 18.82, 17.317, 19.387, 21.183, 21.431, 20.705, 18.76, 15.58, 13.751, 13.706, 13.319, 10.103, 8.341, 9.724, 10.694, 10.134, 9.579, 10.036, 10.827, 9.557, 7.41, 9.926, 13.147, 14.529, 14.367, 17.329, 19.483, 18.698], [7.118, 6.797, 4.518, 5.798, 9.508, 7.797, 6.807, 5.655, 5.146, 4.851, 5.424, 4.83, 3.726, 2.638, 3.227, 4.005, 6.126, 7.249, 5.522, 5.299, 6.0, 4.406, 2.332, 2.174, 1.681, 1.907, 1.703, 0.0, 1.426, 2.145, 2.075, 1.524, 1.968, 5.206, 8.347, 9.695, 10.671, 10.686, 11.679, 17.913, 20.561, 20.532, 22.762, 23.914, 24.749, 25.218, 24.233, 22.391, 22.424, 23.694, 25.627, 26.519, 25.503, 24.265, 22.957, 22.845, 23.333, 22.955, 22.666, 23.477, 22.134, 20.481, 20.461, 18.871, 15.131, 13.831, 15.558, 16.041, 18.04, 21.265, 23.771, 24.417, 24.229, 24.957, 25.752, 27.282, 27.725, 27.911, 28.098, 28.315, 28.273, 28.427, 28.483, 28.963, 29.174, 28.989, 29.544, 30.281, 29.384, 26.188, 24.128, 25.939, 28.804, 29.467, 27.574, 26.768, 27.652, 29.733, 31.74, 32.131, 31.689, 30.138, 29.641, 30.267, 29.896, 28.906, 28.98, 29.161, 28.766, 28.336, 28.335, 28.832, 27.322, 25.618, 24.839, 24.479, 24.027, 21.656, 18.063, 16.522, 18.606, 20.419, 20.694, 19.949, 17.984, 14.901, 12.997, 12.927, 12.593, 9.349, 7.613, 8.989, 9.998, 9.393, 8.831, 9.298, 10.057, 8.804, 6.746, 9.143, 12.392, 13.791, 13.62, 16.587, 18.745, 18.036], [6.847, 6.574, 4.31, 5.489, 9.238, 7.5, 6.507, 5.302, 4.807, 4.495, 5.138, 4.53, 3.442, 2.489, 2.996, 3.619, 5.734, 6.923, 5.216, 4.93, 5.736, 4.052, 2.533, 2.386, 2.372, 2.203, 2.098, 1.426, 0.0, 1.605, 1.955, 1.866, 1.754, 4.821, 7.936, 9.432, 10.353, 10.364, 11.379, 17.574, 20.243, 20.205, 22.482, 23.656, 24.528, 24.88, 23.933, 22.044, 22.14, 23.425, 25.279, 26.086, 25.239, 23.924, 22.743, 22.632, 23.089, 22.598, 22.339, 23.168, 21.809, 20.172, 20.142, 18.554, 14.813, 13.587, 15.317, 15.815, 17.832, 20.978, 23.404, 24.178, 23.911, 24.641, 25.563, 27.014, 27.378, 27.603, 27.802, 28.001, 28.016, 28.181, 28.207, 28.706, 28.884, 28.789, 29.243, 30.01, 29.113, 25.917, 23.94, 25.665, 28.527, 29.185, 27.356, 26.485, 27.374, 29.464, 31.434, 31.837, 31.506, 29.96, 29.358, 29.99, 29.598, 28.599, 28.685, 28.826, 28.451, 28.022, 28.039, 28.484, 26.976, 25.292, 24.52, 24.104, 23.656, 21.379, 17.807, 16.129, 18.29, 20.003, 20.513, 19.728, 17.615, 14.612, 12.601, 12.594, 12.268, 9.036, 7.236, 8.768, 9.712, 9.071, 8.551, 9.013, 9.697, 8.443, 6.388, 8.773, 12.137, 13.513, 13.321, 16.262, 18.425, 17.813], [7.853, 7.532, 5.197, 6.455, 10.243, 8.474, 7.513, 6.313, 5.818, 5.468, 6.108, 5.502, 4.309, 3.178, 3.685, 4.471, 6.606, 7.754, 6.023, 5.863, 6.709, 5.032, 3.163, 2.824, 2.588, 1.947, 1.896, 2.145, 1.605, 0.0, 1.205, 1.582, 2.473, 5.815, 8.947, 10.387, 11.192, 11.172, 12.232, 18.501, 21.068, 21.041, 23.352, 24.525, 25.425, 25.82, 24.903, 22.992, 23.033, 24.334, 26.275, 27.031, 26.19, 24.884, 23.618, 23.581, 23.925, 23.417, 23.174, 24.031, 22.679, 21.024, 20.971, 19.382, 15.638, 14.497, 16.19, 16.688, 18.774, 21.869, 24.368, 25.135, 24.801, 25.466, 26.496, 27.975, 28.375, 28.583, 28.784, 28.987, 28.975, 29.121, 29.108, 29.664, 29.87, 29.724, 30.237, 31.007, 30.119, 26.923, 24.873, 26.594, 29.442, 30.013, 28.29, 27.476, 28.36, 30.45, 32.415, 32.821, 32.437, 30.851, 30.233, 30.972, 30.593, 29.561, 29.669, 29.741, 29.31, 28.883, 28.974, 29.312, 27.807, 26.124, 25.346, 25.042, 24.633, 22.31, 18.683, 16.931, 19.111, 20.922, 21.454, 20.671, 18.45, 15.529, 13.468, 13.421, 13.099, 10.037, 8.166, 9.722, 10.709, 10.054, 9.557, 10.017, 10.684, 9.33, 7.248, 9.613, 13.125, 14.519, 14.313, 17.255, 19.415, 18.739], [8.72, 8.398, 6.061, 7.322, 11.11, 9.341, 8.38, 7.183, 6.688, 6.335, 6.96, 6.332, 5.156, 4.002, 4.555, 5.351, 7.491, 8.608, 6.848, 6.75, 7.576, 5.896, 3.693, 3.367, 2.746, 1.819, 1.635, 2.075, 1.955, 1.205, 0.0, 1.348, 3.195, 6.682, 9.786, 11.254, 12.087, 12.007, 13.109, 19.367, 21.974, 21.917, 24.22, 25.393, 26.289, 26.686, 25.768, 23.86, 23.89, 25.198, 27.141, 27.903, 27.057, 25.751, 24.485, 24.439, 24.769, 24.259, 24.05, 24.919, 23.553, 21.859, 21.796, 20.284, 16.544, 15.361, 17.059, 17.557, 19.634, 22.737, 25.249, 26.003, 25.655, 26.356, 27.36, 28.839, 29.239, 29.443, 29.655, 29.859, 29.844, 29.991, 29.98, 30.539, 30.741, 30.589, 31.104, 31.873, 30.985, 27.79, 25.738, 27.45, 30.291, 30.875, 29.154, 28.342, 29.227, 31.317, 33.292, 33.691, 33.281, 31.725, 31.095, 31.834, 31.442, 30.427, 30.521, 30.604, 30.178, 29.716, 29.828, 30.154, 28.669, 26.976, 26.243, 25.898, 25.503, 23.174, 19.549, 17.692, 19.949, 21.78, 22.31, 21.513, 19.329, 16.351, 14.325, 14.201, 13.956, 10.904, 9.012, 10.59, 11.575, 10.921, 10.423, 10.883, 11.551, 10.201, 8.13, 10.462, 13.987, 15.385, 15.179, 18.123, 20.281, 19.603], [8.064, 7.751, 5.431, 6.666, 10.454, 8.685, 7.724, 6.552, 6.045, 5.772, 6.416, 5.863, 4.633, 3.449, 3.959, 4.669, 6.798, 7.909, 6.145, 6.083, 6.92, 5.24, 3.015, 2.69, 1.976, 1.371, 1.403, 1.524, 1.866, 1.582, 1.348, 0.0, 2.519, 6.026, 9.129, 10.609, 11.419, 11.315, 12.48, 18.694, 21.286, 21.22, 23.585, 24.772, 25.657, 26.012, 25.118, 23.193, 23.257, 24.564, 26.474, 27.176, 26.412, 25.092, 23.867, 23.81, 24.151, 23.542, 23.356, 24.258, 22.917, 21.179, 21.129, 19.598, 15.856, 14.731, 16.442, 16.94, 18.998, 22.097, 24.58, 25.349, 25.007, 25.685, 26.73, 28.173, 28.567, 28.782, 28.993, 29.199, 29.187, 29.347, 29.328, 29.875, 30.084, 29.961, 30.452, 31.221, 30.329, 27.134, 25.11, 26.799, 29.642, 30.24, 28.518, 27.687, 28.577, 30.664, 32.622, 33.027, 32.638, 31.075, 30.46, 31.172, 30.778, 29.761, 29.853, 29.936, 29.499, 29.063, 29.173, 29.47, 27.968, 26.274, 25.553, 25.217, 24.823, 22.544, 18.932, 16.935, 19.236, 21.08, 21.683, 20.885, 18.639, 15.716, 13.61, 13.505, 13.262, 10.248, 8.388, 9.945, 10.923, 10.257, 9.767, 10.23, 10.906, 9.559, 7.507, 9.798, 13.331, 14.729, 14.527, 17.469, 19.628, 18.966], [5.557, 5.421, 3.151, 4.319, 8.014, 6.34, 5.35, 4.236, 3.755, 3.565, 4.202, 3.674, 2.564, 1.647, 1.989, 2.7, 4.707, 5.783, 3.945, 3.766, 4.559, 3.01, 1.735, 1.723, 2.0, 2.937, 2.694, 1.968, 1.754, 2.473, 3.195, 2.519, 0.0, 3.616, 6.706, 8.262, 9.205, 9.138, 10.504, 16.372, 19.055, 18.993, 21.28, 22.453, 23.294, 23.678, 22.704, 20.842, 20.904, 22.198, 24.033, 24.868, 23.992, 22.699, 21.509, 21.385, 21.899, 21.314, 21.126, 21.989, 20.616, 18.917, 18.874, 17.365, 13.624, 12.363, 14.097, 14.581, 16.595, 19.779, 22.195, 22.933, 22.68, 23.433, 24.325, 25.776, 26.1, 26.311, 26.557, 26.755, 26.776, 26.944, 26.98, 27.469, 27.608, 27.542, 27.99, 28.728, 27.823, 24.667, 22.693, 24.458, 27.3, 27.95, 26.129, 25.243, 26.095, 28.187, 30.166, 30.584, 30.247, 28.789, 28.122, 28.706, 28.309, 27.346, 27.43, 27.605, 27.249, 26.782, 26.83, 27.234, 25.743, 24.038, 23.321, 22.891, 22.448, 20.17, 16.598, 14.971, 17.091, 18.786, 19.268, 18.481, 16.407, 13.457, 11.471, 11.337, 11.069, 7.971, 6.195, 7.621, 8.492, 7.92, 7.349, 7.832, 8.659, 7.444, 5.508, 7.599, 10.885, 12.223, 12.034, 15.018, 17.194, 16.584], [2.186, 2.193, 1.657, 1.533, 4.481, 2.84, 1.991, 1.716, 1.695, 1.548, 1.333, 1.666, 2.556, 2.999, 2.536, 1.673, 2.0, 2.839, 1.836, 1.28, 1.799, 1.764, 3.179, 3.545, 4.714, 6.329, 5.961, 5.206, 4.821, 5.815, 6.682, 6.026, 3.616, 0.0, 3.401, 4.996, 5.784, 6.147, 7.799, 12.811, 15.498, 15.498, 17.727, 18.89, 19.746, 20.115, 19.188, 17.467, 17.45, 18.646, 20.499, 21.372, 20.462, 19.15, 18.271, 18.226, 18.895, 18.143, 17.722, 18.438, 17.102, 15.648, 15.573, 13.873, 10.068, 8.806, 10.566, 11.034, 13.071, 16.216, 18.66, 19.4, 19.206, 19.952, 20.793, 22.255, 22.639, 22.807, 23.025, 23.248, 23.24, 23.408, 23.43, 23.934, 24.083, 24.012, 24.459, 25.201, 24.304, 21.138, 19.171, 21.008, 23.878, 24.597, 22.687, 21.709, 22.573, 24.662, 26.65, 27.056, 26.794, 25.624, 24.659, 25.225, 24.867, 23.882, 23.961, 24.108, 23.788, 23.367, 23.43, 23.92, 22.421, 20.698, 19.818, 19.381, 18.885, 16.607, 13.065, 12.135, 14.066, 15.393, 15.848, 15.15, 13.123, 10.238, 8.182, 8.505, 7.894, 4.974, 3.115, 4.167, 5.003, 4.344, 3.797, 4.342, 5.246, 4.015, 2.38, 4.66, 7.674, 8.704, 8.521, 11.482, 13.647, 13.043], [2.493, 2.956, 4.225, 2.79, 1.967, 2.432, 2.081, 3.717, 3.644, 3.928, 3.421, 4.343, 5.169, 5.956, 5.36, 4.542, 2.799, 1.954, 3.355, 3.248, 2.756, 4.028, 6.194, 6.533, 7.772, 9.433, 9.125, 8.347, 7.936, 8.947, 9.786, 9.129, 6.706, 3.401, 0.0, 2.126, 2.828, 3.384, 5.886, 9.787, 12.355, 12.311, 14.584, 15.757, 16.623, 16.982, 16.036, 14.423, 14.275, 15.522, 17.362, 18.185, 17.332, 16.021, 15.18, 15.084, 15.7, 14.897, 14.46, 15.284, 13.916, 12.425, 12.247, 10.676, 6.979, 5.726, 7.412, 7.91, 9.935, 13.096, 15.611, 16.277, 16.02, 16.754, 17.658, 19.109, 19.49, 19.688, 19.892, 20.092, 20.11, 20.277, 20.305, 20.803, 20.976, 20.883, 21.331, 22.098, 21.2, 18.008, 16.11, 17.814, 20.661, 21.325, 19.466, 18.587, 19.464, 21.554, 23.525, 23.932, 23.64, 22.618, 21.516, 22.176, 21.708, 20.755, 20.865, 20.956, 20.575, 20.259, 20.294, 20.634, 19.154, 17.491, 16.636, 16.222, 15.754, 13.476, 9.971, 9.291, 11.213, 12.492, 12.884, 12.026, 9.951, 7.224, 5.248, 5.619, 4.88, 2.822, 2.462, 1.65, 2.162, 1.766, 1.649, 1.598, 2.261, 1.745, 2.668, 1.973, 4.565, 5.611, 5.517, 8.353, 10.519, 9.909], [3.581, 3.777, 5.558, 4.098, 2.112, 2.826, 3.457, 5.092, 5.067, 5.422, 4.908, 5.799, 6.553, 7.422, 6.878, 6.015, 4.235, 3.566, 4.965, 4.852, 4.266, 5.426, 7.713, 7.993, 9.241, 10.902, 10.437, 9.695, 9.432, 10.387, 11.254, 10.609, 8.262, 4.996, 2.126, 0.0, 1.418, 1.771, 4.362, 8.255, 10.973, 10.967, 13.178, 14.275, 15.119, 15.524, 14.568, 12.874, 12.812, 14.047, 15.985, 16.901, 15.823, 14.57, 13.44, 13.433, 14.129, 13.448, 13.108, 13.889, 12.569, 11.024, 10.969, 9.337, 5.561, 4.328, 6.002, 6.431, 8.436, 11.606, 14.133, 14.762, 14.608, 15.392, 16.154, 17.626, 18.07, 18.254, 18.441, 18.648, 18.614, 18.765, 18.818, 19.306, 19.508, 19.358, 19.873, 20.629, 19.758, 16.54, 14.513, 16.366, 19.24, 19.946, 17.966, 17.111, 18.031, 20.087, 22.079, 22.479, 22.133, 20.811, 19.992, 20.653, 20.263, 19.239, 19.351, 19.491, 19.201, 18.817, 18.811, 19.301, 17.791, 16.099, 15.27, 14.839, 14.335, 12.024, 8.508, 7.767, 9.751, 10.985, 11.226, 10.446, 8.481, 5.602, 3.682, 3.965, 3.301, 1.669, 2.568, 1.746, 2.0, 1.947, 2.411, 1.964, 2.195, 2.901, 3.799, 1.331, 2.916, 4.146, 3.987, 6.893, 9.074, 8.431], [4.294, 4.625, 6.475, 5.082, 2.638, 3.342, 4.235, 5.897, 5.944, 6.241, 5.772, 6.655, 7.394, 8.276, 7.562, 6.761, 4.724, 3.938, 5.562, 5.535, 5.049, 6.412, 8.503, 8.827, 9.914, 11.674, 11.423, 10.671, 10.353, 11.192, 12.087, 11.419, 9.205, 5.784, 2.828, 1.418, 0.0, 1.366, 3.822, 7.592, 9.89, 9.865, 12.166, 13.404, 14.332, 14.758, 13.893, 12.296, 12.056, 13.282, 15.254, 15.995, 15.147, 13.841, 13.026, 13.009, 13.564, 12.725, 12.042, 12.846, 11.594, 10.184, 9.946, 8.24, 4.515, 3.666