[[0.0, 1.718, 2.982, 3.542, 3.64, 3.671, 4.495, 6.063, 5.943, 6.199, 6.553, 6.073, 7.13, 12.233, 14.137, 14.11, 13.289, 13.955, 16.86, 19.352, 19.764, 20.188, 21.279, 21.293, 19.283, 18.01, 18.206, 18.229, 18.047, 18.947, 18.181, 15.901, 15.15, 15.537, 15.361, 15.03, 16.812, 16.401, 9.546, 3.627, 4.41, 10.15, 10.755, 9.434, 9.154, 9.594, 9.89, 10.059, 10.199, 9.921, 9.529, 10.367, 10.827, 10.215, 10.116, 11.44, 11.308, 10.212, 9.416, 8.482, 7.208, 6.079, 5.619, 6.147, 6.496, 4.822, 4.231, 7.987, 7.256, 5.43, 5.48, 5.784, 4.417, 9.373, 10.729, 9.379, 10.271, 11.982, 11.605, 10.652, 9.169, 8.686, 8.685, 8.888, 8.933, 9.262, 10.658, 10.618, 8.667, 7.05, 6.979, 7.207, 6.426, 3.953, 2.705, 2.978, 3.272, 4.186, 8.046, 10.719, 9.523, 9.673, 9.205, 7.177, 6.698, 6.34, 7.099, 7.123, 7.206, 5.59, 6.029, 5.982, 5.917, 7.057, 7.154, 7.14, 6.804, 7.77, 7.713, 7.795, 7.804, 7.449, 6.87, 6.626, 6.026, 6.42, 7.183, 7.199, 7.088, 7.685, 6.774, 6.501, 6.504, 5.874, 8.08, 7.455, 7.059, 7.632, 6.164, 4.816, 6.04, 7.295, 6.413, 5.554, 5.924, 7.216], [1.718, 0.0, 2.288, 3.378, 3.722, 3.398, 4.178, 5.964, 5.921, 6.331, 6.415, 5.847, 8.682, 13.77, 15.619, 15.589, 14.783, 15.396, 18.298, 20.889, 21.323, 21.71, 22.754, 22.79, 20.751, 19.542, 19.683, 19.671, 19.504, 20.358, 19.625, 17.352, 16.107, 16.709, 16.549, 16.388, 18.113, 17.876, 10.972, 3.674, 5.67, 11.474, 12.158, 10.76, 10.59, 11.069, 11.181, 11.473, 11.662, 11.166, 10.81, 11.583, 12.041, 11.243, 11.468, 12.9, 12.763, 11.684, 10.834, 9.926, 8.693, 7.438, 6.99, 7.546, 8.071, 5.802, 3.681, 6.66, 6.376, 4.735, 4.797, 5.156, 5.39, 10.77, 11.999, 10.728, 11.624, 13.303, 12.782, 11.7, 10.479, 9.982, 10.048, 10.162, 10.178, 10.607, 11.982, 12.136, 10.21, 8.597, 8.504, 8.732, 7.951, 5.177, 2.835, 2.639, 3.447, 4.069, 7.291, 9.792, 8.705, 8.89, 8.299, 6.518, 6.332, 5.902, 6.61, 7.323, 8.171, 5.845, 6.024, 5.767, 5.681, 6.619, 6.871, 7.077, 7.084, 8.532, 8.937, 9.312, 9.289, 8.396, 7.723, 7.005, 6.533, 6.99, 8.244, 8.079, 7.632, 8.099, 7.058, 6.633, 6.537, 5.486, 7.401, 6.931, 6.223, 6.909, 5.638, 5.146, 7.509, 8.727, 7.694, 6.223, 7.08, 8.699], [2.982, 2.288, 0.0, 2.683, 3.616, 2.203, 2.74, 4.524, 4.991, 5.992, 4.845, 4.101, 9.537, 14.66, 16.652, 16.67, 15.827, 16.608, 19.472, 21.946, 22.297, 22.638, 23.737, 23.743, 21.761, 20.48, 20.685, 20.686, 20.528, 21.48, 20.673, 18.385, 17.922, 18.37, 18.137, 17.777, 19.429, 18.868, 11.994, 3.984, 6.744, 12.734, 13.401, 11.936, 11.563, 12.138, 12.424, 12.694, 12.893, 12.478, 12.308, 13.152, 13.575, 12.985, 12.673, 13.908, 13.806, 12.682, 11.844, 10.892, 9.821, 8.487, 7.977, 8.468, 9.065, 6.831, 3.381, 5.988, 5.01, 3.339, 3.452, 3.731, 5.976, 11.874, 13.398, 12.128, 12.982, 14.632, 14.437, 13.519, 11.895, 11.352, 11.306, 11.536, 11.582, 11.978, 13.276, 13.073, 11.098, 9.47, 9.387, 9.614, 8.918, 6.036, 3.189, 2.626, 3.458, 3.15, 5.589, 8.143, 7.114, 7.326, 6.84, 5.115, 5.176, 4.837, 5.315, 6.884, 8.745, 5.754, 4.758, 4.191, 3.882, 4.775, 5.005, 5.808, 7.235, 9.286, 9.802, 10.177, 10.165, 9.223, 8.219, 7.299, 6.997, 7.73, 9.111, 8.869, 8.203, 8.072, 7.172, 6.329, 5.916, 3.981, 5.766, 5.343, 4.589, 5.159, 3.958, 5.232, 8.441, 9.756, 8.605, 7.291, 8.2, 9.728], [3.542, 3.378, 2.683, 0.0, 1.675, 1.778, 2.548, 2.945, 2.877, 3.825, 3.433, 3.237, 7.404, 12.461, 14.352, 14.358, 13.541, 14.256, 17.2, 19.732, 20.088, 20.434, 21.531, 21.519, 19.483, 18.297, 18.443, 18.408, 18.237, 19.112, 18.464, 16.28, 16.199, 16.166, 15.831, 15.591, 17.1, 16.739, 9.794, 4.058, 5.42, 10.544, 11.335, 10.338, 10.456, 10.466, 10.514, 10.822, 11.024, 11.063, 10.569, 11.148, 11.505, 11.158, 10.93, 11.738, 11.679, 10.905, 10.112, 9.018, 8.347, 7.108, 6.402, 6.852, 6.858, 5.118, 3.936, 7.073, 5.665, 4.15, 3.755, 3.508, 4.065, 9.549, 10.926, 9.718, 10.602, 12.294, 12.126, 11.398, 9.764, 9.405, 9.392, 9.587, 9.219, 9.603, 10.803, 10.84, 8.9, 7.277, 7.179, 7.407, 6.664, 3.816, 1.819, 2.055, 1.728, 2.272, 6.492, 9.478, 8.14, 8.386, 8.26, 5.639, 5.071, 4.774, 4.899, 4.697, 6.535, 3.593, 3.116, 2.982, 2.885, 4.249, 4.122, 3.846, 5.04, 7.079, 7.595, 7.987, 7.958, 7.02, 6.012, 5.092, 4.79, 5.522, 6.918, 6.662, 5.996, 5.864, 5.024, 4.269, 3.922, 3.479, 6.01, 5.469, 5.49, 5.683, 3.642, 3.065, 6.185, 7.45, 6.389, 4.998, 5.908, 7.412], [3.64, 3.722, 3.616, 1.675, 0.0, 2.383, 3.184, 2.759, 2.919, 3.434, 3.256, 2.863, 6.7, 11.653, 13.523, 13.557, 12.724, 13.496, 16.189, 18.678, 19.117, 19.545, 20.675, 20.65, 18.629, 17.408, 17.651, 17.613, 17.431, 18.415, 17.768, 15.851, 16.246, 15.857, 15.35, 15.016, 16.512, 15.98, 9.121, 3.963, 5.487, 10.113, 11.196, 10.62, 10.748, 10.705, 10.641, 11.004, 11.177, 11.461, 10.966, 11.101, 11.259, 11.371, 11.058, 11.064, 11.109, 11.016, 10.252, 9.019, 8.08, 6.925, 5.959, 6.164, 5.907, 4.223, 5.018, 8.203, 6.511, 5.197, 4.842, 4.363, 3.327, 8.717, 10.093, 8.757, 9.665, 11.445, 11.444, 10.956, 9.577, 9.638, 9.553, 9.602, 9.241, 9.091, 10.135, 10.068, 8.055, 6.489, 6.412, 6.585, 5.834, 3.326, 2.256, 2.445, 1.916, 2.651, 7.005, 10.156, 8.815, 8.916, 9.377, 6.253, 5.313, 4.887, 5.014, 4.647, 5.833, 3.317, 3.112, 2.746, 2.684, 4.186, 3.909, 3.872, 4.497, 6.233, 6.749, 7.122, 7.112, 6.176, 5.278, 4.458, 4.019, 4.671, 6.055, 5.824, 5.221, 5.382, 4.54, 3.925, 3.731, 3.539, 6.288, 5.873, 6.191, 6.09, 3.833, 2.584, 5.405, 6.663, 5.512, 4.069, 4.94, 6.578], [3.671, 3.398, 2.203, 1.778, 2.383, 0.0, 1.63, 3.087, 3.731, 4.71, 3.627, 3.241, 8.238, 13.352, 15.3, 15.385, 14.532, 15.425, 18.247, 20.728, 21.074, 21.41, 22.446, 22.439, 20.423, 19.287, 19.409, 19.367, 19.206, 20.178, 19.439, 17.177, 17.715, 17.477, 17.042, 16.753, 18.224, 17.634, 10.714, 3.652, 5.911, 11.585, 12.643, 11.631, 11.456, 11.455, 11.858, 12.16, 12.29, 12.52, 11.921, 12.365, 12.815, 12.671, 12.161, 12.705, 12.543, 11.794, 11.048, 10.19, 9.047, 7.406, 6.661, 7.204, 7.856, 5.879, 3.718, 6.381, 4.49, 3.522, 3.173, 3.286, 4.851, 10.516, 12.13, 10.931, 11.797, 13.463, 13.347, 12.65, 10.941, 10.735, 10.732, 10.842, 10.447, 10.811, 11.996, 11.855, 9.858, 8.242, 8.06, 8.289, 7.585, 4.718, 2.228, 2.177, 2.563, 2.388, 5.155, 8.245, 6.989, 7.2, 7.271, 4.497, 4.541, 4.19, 4.598, 5.496, 7.415, 4.576, 3.585, 2.803, 2.83, 3.724, 3.951, 4.46, 5.904, 7.98, 8.475, 8.868, 8.838, 7.901, 6.892, 5.973, 5.671, 6.403, 7.798, 7.542, 6.876, 6.748, 5.893, 5.138, 4.689, 3.18, 4.968, 4.52, 4.34, 4.337, 2.984, 3.963, 7.124, 8.441, 7.408, 6.097, 6.984, 8.37], [4.495, 4.178, 2.74, 2.548, 3.184, 1.63, 0.0, 2.349, 3.627, 4.828, 3.042, 3.234, 8.862, 13.762, 16.027, 16.272, 15.352, 16.354, 18.957, 21.28, 21.496, 21.847, 22.707, 22.665, 20.741, 19.752, 20.108, 19.972, 19.932, 21.096, 20.341, 18.252, 18.732, 18.576, 18.193, 17.903, 19.308, 17.888, 11.491, 4.318, 6.839, 12.536, 13.408, 12.427, 11.812, 12.07, 12.541, 13.199, 13.256, 13.341, 12.832, 13.501, 13.942, 13.688, 13.161, 13.257, 13.154, 12.21, 11.43, 10.462, 10.097, 8.35, 7.518, 7.986, 8.57, 6.479, 4.068, 6.393, 4.653, 3.426, 3.243, 2.955, 5.109, 11.128, 13.031, 11.858, 12.734, 14.428, 14.49, 13.808, 12.048, 11.7, 11.644, 11.925, 11.553, 11.817, 12.96, 12.611, 10.454, 8.977, 8.549, 8.827, 8.208, 5.562, 3.059, 2.649, 3.305, 2.612, 4.436, 7.153, 5.955, 6.298, 6.651, 4.107, 4.08, 3.702, 4.054, 5.218, 7.744, 4.999, 2.979, 2.361, 2.68, 3.521, 3.162, 3.603, 6.123, 8.213, 8.689, 8.982, 8.953, 8.015, 7.007, 6.145, 5.842, 6.6, 7.938, 7.72, 7.0, 6.859, 5.958, 5.052, 4.636, 2.852, 4.151, 3.767, 3.543, 3.939, 2.274, 4.144, 7.78, 9.28, 8.028, 6.852, 7.851, 9.107], [6.063, 5.964, 4.524, 2.945, 2.759, 3.087, 2.349, 0.0, 1.896, 3.084, 1.23, 2.014, 7.7, 12.651, 14.516, 14.742, 14.187, 15.619, 17.528, 19.538, 19.751, 20.113, 21.066, 20.98, 19.027, 18.238, 18.618, 18.443, 18.411, 19.737, 19.097, 17.49, 18.462, 18.12, 17.257, 16.929, 18.199, 16.645, 10.474, 5.624, 7.743, 12.03, 13.328, 12.689, 12.274, 12.574, 12.756, 13.239, 13.441, 13.474, 13.111, 13.326, 13.448, 13.625, 13.014, 12.338, 12.438, 12.434, 11.652, 10.428, 10.175, 9.162, 7.896, 7.647, 7.378, 6.047, 5.75, 7.944, 6.038, 5.213, 4.731, 4.113, 3.722, 9.47, 11.64, 10.497, 11.564, 13.252, 13.493, 13.062, 11.646, 11.605, 11.545, 11.619, 11.387, 11.16, 11.86, 11.394, 9.094, 7.66, 7.415, 7.441, 6.932, 5.045, 4.057, 3.716, 3.145, 2.943, 5.83, 8.544, 6.991, 7.649, 8.181, 5.233, 4.065, 3.611, 3.438, 3.438, 5.993, 3.31, 1.495, 1.24, 1.982, 2.855, 1.727, 1.819, 4.366, 6.404, 6.881, 7.209, 7.18, 6.242, 5.234, 4.385, 4.033, 4.791, 6.15, 5.912, 5.218, 5.092, 4.208, 3.296, 2.842, 2.152, 4.243, 3.979, 4.803, 5.013, 2.218, 2.779, 6.348, 7.735, 6.465, 5.208, 6.332, 7.51], [5.943, 5.921, 4.991, 2.877, 2.919, 3.731, 3.627, 1.896, 0.0, 1.542, 1.739, 2.111, 6.483, 11.78, 13.29, 13.255, 13.365, 14.717, 16.275, 17.908, 18.123, 18.491, 19.351, 19.224, 17.404, 16.828, 17.099, 16.874, 16.925, 18.362, 17.797, 16.635, 17.638, 17.296, 16.327, 15.887, 17.035, 15.497, 9.456, 5.608, 7.442, 11.224, 12.58, 12.004, 11.59, 11.897, 12.068, 12.566, 12.764, 12.729, 12.424, 12.562, 12.697, 12.915, 12.288, 11.508, 11.711, 11.704, 10.922, 9.946, 9.748, 8.799, 7.501, 7.064, 6.852, 5.949, 6.251, 9.7, 7.871, 6.465, 6.017, 5.06, 3.154, 8.204, 10.314, 9.3, 10.483, 11.973, 12.489, 12.171, 10.876, 10.865, 10.844, 10.91, 10.672, 10.464, 10.869, 10.227, 8.003, 6.617, 6.462, 6.36, 5.93, 4.398, 3.727, 4.007, 3.052, 3.364, 7.675, 10.295, 8.564, 9.446, 9.737, 6.717, 4.329, 3.702, 3.241, 2.021, 4.369, 1.823, 1.891, 2.322, 3.382, 4.359, 3.107, 1.577, 2.727, 4.695, 5.15, 5.356, 5.327, 4.389, 3.38, 2.736, 2.332, 3.037, 4.414, 4.232, 3.461, 3.255, 2.538, 1.658, 1.436, 2.854, 5.191, 4.991, 6.488, 6.764, 3.51, 1.864, 4.864, 6.208, 4.945, 3.702, 4.823, 6.017], [6.199, 6.331, 5.992, 3.825, 3.434, 4.71, 4.828, 3.084, 1.542, 0.0, 2.574, 3.165, 5.392, 10.88, 12.362, 12.191, 12.785, 13.773, 15.073, 16.511, 16.718, 17.159, 18.115, 17.999, 16.079, 15.51, 15.77, 15.527, 15.593, 17.056, 16.486, 15.598, 16.768, 16.269, 15.215, 14.768, 15.763, 14.429, 8.336, 6.038, 7.695, 10.418, 11.809, 11.399, 11.027, 11.35, 11.657, 12.127, 12.278, 12.199, 11.817, 11.832, 11.888, 12.26, 11.714, 10.799, 11.215, 11.594, 10.743, 9.934, 9.879, 8.925, 7.638, 7.094, 6.945, 6.269, 7.087, 10.886, 9.007, 7.625, 7.19, 6.171, 3.36, 6.892, 9.001, 8.334, 9.51, 10.769, 11.386, 11.225, 10.083, 10.269, 10.406, 10.234, 10.012, 9.838, 9.973, 9.071, 7.272, 6.25, 5.797, 5.83, 5.453, 4.145, 4.247, 4.778, 3.687, 4.251, 8.812, 11.515, 9.919, 10.583, 10.992, 7.825, 5.244, 4.688, 4.501, 1.868, 3.087, 1.57, 2.715, 3.534, 4.513, 5.475, 4.35, 1.976, 1.514, 3.464, 3.897, 4.236, 4.208, 3.265, 2.38, 1.513, 1.706, 2.297, 3.241, 2.99, 2.235, 2.247, 1.81, 1.388, 1.813, 3.926, 6.547, 6.197, 7.701, 7.956, 4.963, 1.9, 3.55, 4.893, 3.582, 2.438, 3.487, 4.665], [6.553, 6.415, 4.845, 3.433, 3.256, 3.627, 3.042, 1.23, 1.739, 2.574, 0.0, 1.733, 7.364, 12.616, 14.231, 14.263, 14.245, 15.557, 17.201, 18.959, 19.187, 19.595, 20.591, 20.506, 18.55, 17.774, 18.12, 17.937, 17.929, 19.282, 18.691, 17.461, 18.453, 18.11, 17.175, 16.746, 17.896, 16.535, 10.336, 5.895, 8.256, 12.03, 13.37, 12.842, 12.476, 12.792, 12.994, 13.515, 13.648, 13.584, 13.26, 13.344, 13.474, 13.747, 13.135, 12.315, 12.572, 12.904, 11.957, 10.858, 10.659, 9.672, 8.397, 7.972, 7.765, 6.466, 5.892, 8.409, 6.481, 5.443, 4.973, 4.313, 3.776, 9.086, 11.208, 10.142, 11.336, 12.864, 13.346, 12.979, 11.653, 11.685, 11.758, 11.727, 11.473, 11.314, 11.72, 11.089, 9.007, 7.587, 7.271, 7.331, 6.918, 5.419, 4.569, 3.989, 3.61, 3.079, 6.275, 9.03, 7.58, 8.113, 8.708, 5.747, 4.001, 3.556, 3.292, 3.031, 5.496, 2.84, 1.318, 1.313, 2.184, 3.148, 1.994, 1.537, 3.826, 5.957, 6.434, 6.756, 6.726, 5.788, 4.78, 3.874, 3.607, 4.361, 5.686, 5.463, 4.764, 4.633, 3.712, 2.868, 2.558, 2.153, 4.41, 4.292, 5.212, 5.471, 2.742, 2.867, 5.858, 7.231, 5.988, 4.71, 5.856, 7.025], [6.073, 5.847, 4.101, 3.237, 2.863, 3.241, 3.234, 2.014, 2.111, 3.165, 1.733, 0.0, 7.995, 13.306, 14.572, 14.462, 14.542, 15.912, 17.498, 19.018, 19.212, 19.619, 20.763, 20.684, 19.02, 18.176, 18.269, 18.227, 18.146, 19.628, 19.141, 17.918, 18.836, 18.472, 17.564, 17.104, 18.326, 17.217, 10.965, 5.211, 7.761, 12.466, 13.734, 13.145, 12.847, 13.172, 13.166, 13.619, 13.846, 13.973, 13.612, 13.721, 13.847, 14.058, 13.508, 12.92, 13.03, 13.076, 12.382, 10.997, 10.371, 9.209, 8.025, 7.637, 7.71, 6.179, 5.581, 8.268, 6.428, 5.256, 4.863, 4.235, 4.075, 9.624, 11.525, 10.504, 11.689, 13.143, 13.708, 13.374, 12.145, 12.159, 12.104, 12.142, 11.861, 11.559, 12.138, 11.553, 9.434, 7.82, 7.931, 7.606, 7.133, 5.416, 4.06, 3.608, 3.245, 2.985, 6.301, 9.264, 7.896, 8.083, 8.883, 5.83, 3.888, 3.546, 2.909, 3.547, 5.58, 2.963, 2.379, 1.722, 2.397, 3.263, 2.42, 2.704, 4.103, 6.1, 6.616, 6.993, 6.979, 6.039, 5.084, 4.216, 3.964, 4.646, 5.927, 5.686, 5.02, 4.887, 3.989, 3.162, 2.664, 2.07, 4.689, 4.46, 5.355, 5.618, 2.994, 3.292, 6.249, 7.375, 5.976, 4.895, 5.817, 7.157], [7.13, 8.682, 9.537, 7.404, 6.7, 8.238, 8.862, 7.7, 6.483, 5.392, 7.364, 7.995, 0.0, 6.044, 7.923, 7.75, 7.804, 8.666, 10.631, 12.772, 13.055, 13.354, 14.304, 14.28, 12.33, 11.213, 11.428, 11.41, 11.343, 12.395, 11.594, 10.402, 11.525, 11.064, 10.018, 9.587, 10.626, 9.955, 3.321, 7.096, 5.443, 5.205, 6.615, 6.1, 5.859, 6.167, 6.441, 6.804, 6.945, 6.868, 6.507, 6.552, 6.645, 6.971, 6.398, 5.775, 6.142, 6.632, 6.202, 5.982, 5.793, 5.707, 4.467, 4.47, 4.339, 4.91, 9.72, 14.4, 12.572, 11.167, 10.749, 9.954, 4.378, 2.988, 4.368, 3.524, 4.479, 5.728, 6.233, 5.988, 4.799, 4.964, 5.086, 4.946, 4.713, 4.735, 4.899, 4.093, 2.524, 1.99, 1.655, 2.013, 2.317, 3.989, 6.966, 7.857, 6.562, 7.661, 12.861, 15.884, 14.438, 14.81, 14.671, 11.549, 9.734, 9.209, 9.502, 6.503, 5.068, 5.435, 6.786, 7.718, 8.351, 9.218, 9.004, 6.964, 5.506, 5.504, 5.062, 4.506, 4.562, 4.738, 4.761, 5.023, 4.916, 4.843, 4.422, 4.663, 5.357, 6.373, 6.031, 6.04, 6.757, 8.647, 11.474, 11.023, 11.838, 11.755, 9.114, 5.281, 3.205, 3.73, 4.222, 4.279, 3.84, 3.107], [12.233, 13.77, 14.66, 12.461, 11.653, 13.352, 13.762, 12.651, 11.78, 10.88, 12.616, 13.306, 6.044, 0.0, 2.649, 3.027, 3.215, 4.017, 5.526, 7.818, 7.96, 8.3, 9.159, 9.139, 7.183, 6.159, 6.371, 6.27, 6.262, 7.404, 6.823, 5.605, 6.753, 6.164, 4.77, 4.481, 5.745, 4.627, 3.494, 11.782, 8.478, 3.585, 3.102, 3.992, 4.284, 3.822, 4.076, 4.295, 3.954, 4.355, 4.631, 4.113, 3.802, 4.606, 4.278, 3.115, 3.614, 4.827, 5.007, 5.473, 6.185, 6.909, 6.828, 6.637, 6.127, 8.423, 14.83, 19.514, 17.719, 16.295, 15.826, 14.897, 9.405, 4.898, 3.727, 4.094, 3.095, 2.224, 2.701, 2.983, 3.566, 3.973, 3.915, 3.92, 3.958, 3.598, 2.29, 2.574, 4.272, 5.846, 5.667, 5.84, 6.483, 8.785, 12.01, 12.999, 11.663, 12.743, 17.675, 20.678, 19.204, 19.634, 19.721, 16.413, 14.681, 14.109, 14.523, 11.788, 10.186, 10.914, 12.206, 12.84, 13.267, 14.511, 13.97, 12.585, 10.873, 10.107, 9.609, 9.762, 9.815, 9.99, 10.274, 10.469, 10.249, 10.112, 9.144, 9.456, 10.308, 11.521, 11.333, 11.569, 12.373, 13.683, 16.391, 15.88, 16.614, 16.639, 13.978, 10.198, 7.932, 7.629, 8.672, 9.703, 8.989, 7.631], [14.137, 15.619, 16.652, 14.352, 13.523, 15.3, 16.027, 14.516, 13.29, 12.362, 14.231, 14.572, 7.923, 2.649, 0.0, 1.307, 1.945, 2.565, 3.323, 5.481, 5.846, 6.186, 7.248, 7.222, 5.284, 4.362, 4.35, 4.26, 4.132, 5.4, 4.952, 4.11, 5.307, 4.724, 3.486, 3.016, 3.984, 3.234, 5.315, 13.609, 10.284, 4.857, 4.235, 5.455, 5.913, 5.418, 5.379, 5.471, 5.181, 5.716, 6.015, 5.432, 4.785, 5.59, 5.388, 4.117, 4.635, 6.112, 6.351, 6.904, 7.561, 8.654, 8.756, 8.286, 7.802, 10.279, 16.651, 21.336, 19.645, 18.218, 17.741, 16.857, 11.123, 6.21, 5.155, 5.508, 4.66, 3.693, 4.291, 4.551, 5.324, 5.79, 5.706, 5.631, 5.636, 5.208, 3.87, 4.136, 5.987, 7.457, 7.559, 7.388, 7.902, 10.67, 13.866, 14.837, 13.554, 14.741, 19.762, 22.9, 21.396, 21.637, 22.003, 18.517, 16.261, 15.778, 16.119, 13.27, 11.571, 12.07, 14.069, 14.599, 15.288, 16.497, 15.664, 14.127, 12.375, 11.583, 11.125, 11.287, 11.315, 11.504, 11.777, 11.932, 11.707, 11.531, 10.628, 10.909, 11.871, 13.102, 12.881, 13.073, 13.852, 15.13, 18.109, 17.713, 18.75, 18.823, 16.163, 12.004, 9.392, 8.833, 9.882, 10.82, 10.153, 8.849], [14.11, 15.589, 16.67, 14.358, 13.557, 15.385, 16.272, 14.742, 13.255, 12.191, 14.263, 14.462, 7.75, 3.027, 1.307, 0.0, 1.772, 2.616, 3.536, 5.427, 5.791, 6.16, 7.283, 7.245, 5.343, 4.379, 4.28, 4.289, 4.137, 5.282, 4.829, 4.321, 5.374, 4.847, 3.621, 2.964, 3.993, 3.663, 5.301, 13.693, 10.217, 4.763, 4.146, 5.33, 5.99, 5.344, 5.244, 5.259, 4.945, 5.515, 5.856, 5.22, 4.624, 5.375, 5.212, 4.138, 4.667, 6.176, 6.423, 6.93, 7.403, 8.609, 8.884, 8.373, 7.863, 10.426, 16.666, 21.305, 19.71, 18.251, 17.74, 17.049, 11.272, 5.995, 4.702, 5.25, 4.453, 3.289, 4.212, 4.581, 5.406, 5.85, 5.799, 5.623, 5.555, 5.129, 3.756, 3.885, 5.938, 7.409, 7.761, 7.584, 8.112, 10.751, 13.836, 14.825, 13.531, 14.814, 19.983, 23.158, 21.644, 21.853, 22.227, 18.71, 16.477, 15.962, 16.155, 13.025, 11.299, 11.733, 13.997, 14.826, 15.417, 16.572, 15.898, 13.808, 12.102, 11.312, 10.879, 11.005, 11.012, 11.198, 11.458, 11.659, 11.613, 11.294, 10.362, 10.62, 11.618, 12.84, 12.612, 12.765, 13.462, 15.284, 18.328, 17.911, 18.995, 18.969, 16.417, 12.215, 9.13, 8.457, 9.557, 10.453, 9.741, 8.606], [13.289, 14.783, 15.827, 13.541, 12.724, 14.532, 15.352, 14.187, 13.365, 12.785, 14.245, 14.542, 7.804, 3.215, 1.945, 1.772, 0.0, 1.841, 3.927, 6.263, 6.601, 7.021, 8.062, 8.051, 6.087, 4.954, 5.064, 5.02, 4.855, 5.902, 5.29, 3.764, 4.548, 4.169, 3.435, 3.019, 4.308, 3.646, 5.335, 12.811, 9.356, 4.234, 3.653, 4.496, 5.04, 4.333, 4.342, 4.318, 3.983, 4.674, 4.951, 4.53, 4.159, 4.519, 4.322, 3.526, 3.68, 5.063, 5.346, 5.945, 6.436, 7.759, 8.015, 7.648, 7.195, 9.587, 15.831, 20.511, 18.88, 17.397, 16.939, 16.165, 10.937, 6.552, 5.352, 5.374, 4.679, 4.049, 4.436, 4.611, 4.961, 5.197, 5.012, 4.985, 4.884, 4.476, 3.683, 4.106, 5.868, 6.953, 7.282, 7.141, 7.598, 9.941, 13.017, 14.003, 12.699, 13.95, 19.115, 22.259, 20.821, 21.018, 21.309, 17.816, 16.073, 15.55, 15.878, 13.679, 12.089, 12.303, 13.805, 14.295, 14.638, 16.008, 15.453, 14.384, 12.896, 12.228, 11.833, 11.788, 11.824, 11.957, 12.145, 12.379, 11.937, 11.774, 11.158, 11.471, 12.49, 13.708, 13.442, 13.489, 14.068, 14.839, 17.868, 17.385, 18.172, 18.065, 15.505, 11.635, 9.819, 9.498, 10.428, 11.201, 10.554, 9.518], [13.955, 15.396, 16.608, 14.256, 13.496, 15.425, 16.354, 15.619, 14.717, 13.773, 15.557, 15.912, 8.666, 4.017, 2.565, 2.616, 1.841, 0.0, 2.967, 5.557, 6.038, 6.5, 7.601, 7.59, 5.698, 4.546, 4.79, 4.645, 4.383, 5.314, 4.682, 2.841, 3.449, 2.908, 2.449, 2.187, 3.611, 3.503, 5.888, 13.639, 10.228, 4.597, 3.954, 5.153, 5.986, 5.238, 4.98, 4.758, 4.562, 5.222, 5.586, 4.845, 4.256, 4.929, 5.011, 4.269, 4.775, 5.907, 6.23, 6.845, 7.476, 8.538, 9.034, 9.173, 8.449, 10.391, 16.445, 21.11, 19.595, 18.173, 17.637, 17.123, 12.109, 7.321, 5.932, 5.936, 4.999, 4.434, 4.517, 4.66, 5.244, 5.794, 5.708, 5.591, 5.408, 5.154, 4.224, 4.867, 6.803, 8.454, 8.471, 8.694, 9.135, 11.142, 13.614, 14.582, 13.564, 14.879, 20.235, 23.358, 21.939, 22.142, 22.282, 18.847, 17.581, 17.141, 17.568, 14.675, 13.023, 13.361, 14.977, 15.738, 15.646, 17.079, 16.936, 15.486, 13.827, 13.127, 12.742, 12.728, 12.741, 12.93, 13.193, 13.355, 13.142, 12.965, 12.067, 12.384, 13.393, 14.613, 14.351, 14.495, 15.248, 16.405, 19.394, 18.721, 19.298, 19.199, 16.841, 13.16, 10.683, 10.357, 11.223, 11.775, 11.08, 10.316], [16.86, 18.298, 19.472, 17.2, 16.189, 18.247, 18.957, 17.528, 16.275, 15.073, 17.201, 17.498, 10.631, 5.526, 3.323, 3.536, 3.927, 2.967, 0.0, 2.812, 3.311, 3.763, 4.909, 4.867, 3.514, 2.667, 3.076, 2.767, 2.232, 3.033, 2.553, 2.777, 3.952, 3.065, 2.69, 2.967, 2.817, 2.679, 7.924, 16.285, 13.05, 7.137, 6.397, 7.911, 8.558, 7.965, 7.649, 7.484, 7.248, 7.971, 8.378, 7.567, 6.869, 7.651, 7.696, 6.449, 6.879, 8.212, 8.634, 9.254, 10.084, 11.368, 11.638, 11.265, 10.582, 12.809, 19.291, 23.973, 22.531, 21.082, 20.569, 19.764, 14.065, 8.644, 7.293, 7.9, 7.026, 5.836, 6.344, 7.053, 8.087, 8.65, 8.56, 8.471, 8.28, 7.737, 6.553, 6.762, 8.758, 10.36, 10.574, 10.458, 10.873, 13.564, 16.504, 17.431, 16.256, 17.537, 22.737, 25.876, 24.373, 24.568, 24.93, 21.458, 19.329, 18.846, 19.204, 16.158, 14.136, 14.835, 16.867, 17.607, 18.248, 19.38, 18.686, 16.836, 14.932, 14.074, 13.625, 13.862, 14.013, 14.109, 14.52, 14.632, 14.67, 14.491, 13.417, 13.656, 14.408, 15.617, 15.417, 15.721, 16.64, 18.108, 21.178, 20.761, 21.723, 21.802, 19.115, 15.008, 11.965, 11.316, 12.2, 13.136, 12.448, 11.299], [19.352, 20.889, 21.946, 19.732, 18.678, 20.728, 21.28, 19.538, 17.908, 16.511, 18.959, 19.018, 12.772, 7.818, 5.481, 5.427, 6.263, 5.557, 2.812, 0.0, 1.029, 1.548, 2.534, 2.492, 2.596, 2.675, 2.85, 2.677, 2.177, 2.137, 2.333, 4.142, 5.471, 4.691, 4.882, 5.037, 4.139, 4.156, 10.327, 18.93, 15.493, 9.661, 8.961, 10.422, 10.871, 10.344, 10.087, 9.852, 9.554, 10.351, 10.737, 9.985, 9.343, 10.137, 10.008, 8.646, 8.963, 10.216, 10.784, 11.451, 12.492, 13.824, 14.147, 13.623, 12.916, 15.4, 21.953, 26.636, 25.094, 23.568, 23.098, 22.24, 16.302, 10.391, 9.047, 10.324, 9.528, 8.088, 8.892, 9.683, 10.708, 11.204, 11.131, 11.009, 10.869, 10.382, 9.063, 8.992, 11.133, 12.599, 12.884, 12.624, 13.172, 16.052, 19.054, 20.033, 18.747, 20.019, 25.042, 27.911, 26.386, 26.778, 27.334, 23.851, 21.115, 20.648, 20.426, 17.177, 14.457, 16.391, 18.899, 19.818, 20.68, 21.744, 20.749, 18.13, 15.574, 14.191, 14.013, 14.226, 14.445, 14.726, 15.274, 15.596, 15.954, 15.564, 14.318, 14.506, 15.052, 15.644, 15.812, 16.552, 17.314, 20.014, 22.93, 22.52, 23.986, 24.211, 21.332, 17.15, 13.827, 12.43, 13.41, 14.841, 13.971, 12.491], [19.764, 21.323, 22.297, 20.088, 19.117, 21.074, 21.496, 19.751, 18.123, 16.718, 19.187, 19.212, 13.055, 7.96, 5.846, 5.791, 6.601, 6.038, 3.311, 1.029, 0.0, 1.104, 2.151, 2.11, 2.605, 2.821, 2.958, 2.73, 2.382, 2.058, 2.433, 4.371, 5.799, 5.086, 5.19, 5.292, 4.15, 4.279, 10.67, 19.325, 15.842, 10.066, 9.395, 10.816, 11.132, 10.683, 10.48, 10.263, 9.938, 10.662, 11.101, 10.361, 9.782, 10.547, 10.344, 8.959, 9.178, 10.399, 11.064, 11.703, 12.833, 14.182, 14.502, 13.954, 13.273, 15.793, 22.368, 27.033, 25.474, 23.918, 23.467, 22.569, 16.591, 10.766, 9.463, 10.777, 9.985, 8.482, 9.31, 10.118, 11.11, 11.608, 11.522, 11.391, 11.28, 10.803, 9.461, 9.326, 11.416, 12.917, 13.2, 12.878, 13.496, 16.381, 19.477, 20.45, 19.11, 20.338, 25.326, 28.125, 26.601, 27.03, 27.599, 24.171, 21.373, 20.858, 20.532, 17.213, 14.747, 16.693, 19.184, 20.131, 21.015, 22.064, 20.981, 18.284, 15.645, 14.391, 14.145, 14.374, 14.568, 14.79, 15.321, 15.673, 16.019, 15.595, 14.348, 14.545, 15.096, 15.866, 15.959, 16.71, 17.48, 20.283, 23.074, 22.689, 24.269, 24.507, 21.55, 17.377, 14.15, 12.819, 13.759, 15.242, 14.413, 12.884], [20.188, 21.71, 22.638, 20.434, 19.545, 21.41, 21.847, 20.113, 18.491, 17.159, 19.595, 19.619, 13.354, 8.3, 6.186, 6.16, 7.021, 6.5, 3.763, 1.548, 1.104, 0.0, 1.539, 1.612, 2.551, 2.92, 2.805, 2.715, 2.508, 2.055, 2.679, 4.649, 6.157, 5.414, 5.472, 5.638, 4.326, 4.428, 10.934, 19.731, 16.213, 10.401, 9.75, 11.077, 11.401, 10.878, 10.756, 10.598, 10.316, 10.864, 11.42, 10.694, 10.144, 10.879, 10.571, 9.146, 9.377, 10.618, 11.269, 11.964, 13.203, 14.523, 14.846, 14.274, 13.734, 16.28, 22.749, 27.412, 25.793, 24.281, 23.789, 22.893, 16.928, 11.168, 9.878, 11.209, 10.41, 8.884, 9.703, 10.482, 11.462, 11.937, 11.845, 11.694, 11.618, 11.202, 9.801, 9.625, 11.717, 13.225, 13.502, 13.204, 13.914, 16.74, 19.914, 20.892, 19.582, 20.699, 25.637, 28.534, 27.011, 27.396, 27.914, 24.491, 21.691, 21.251, 20.978, 17.728, 15.089, 17.047, 19.496, 20.439, 21.35, 22.368, 21.335, 18.791, 16.189, 14.895, 14.673, 14.947, 15.117, 15.296, 15.849, 16.165, 16.542, 16.136, 14.869, 15.057, 15.611, 16.276, 16.472, 17.075, 17.942, 20.71, 23.596, 23.163, 24.574, 24.803, 21.9, 17.727, 14.442, 13.222, 14.106, 15.711, 14.882, 13.218], [21.279, 22.754, 23.737, 21.531, 20.675, 22.446, 22.707, 21.066, 19.351, 18.115, 20.591, 20.763, 14.304, 9.159, 7.248, 7.283, 8.062, 7.601, 4.909, 2.534, 2.151, 1.539, 0.0, 0.941, 2.768, 3.673, 3.381, 3.445, 3.431, 2.782, 3.578, 5.662, 7.25, 6.482, 6.519, 6.692, 4.998, 5.091, 11.851, 20.819, 17.237, 11.404, 10.842, 12.138, 12.35, 11.808, 11.804, 11.652, 11.355, 11.904, 12.378, 11.75, 11.164, 11.912, 11.583, 10.052, 10.26, 11.226, 12.006, 12.913, 14.237, 15.604, 15.921, 15.382, 14.924, 17.438, 23.85, 28.48, 26.747, 25.381, 24.866, 23.966, 17.954, 12.272, 10.942, 12.345, 11.53, 10.016, 10.735, 11.522, 12.435, 12.898, 12.86, 12.684, 12.665, 12.291, 10.862, 10.722, 12.768, 14.343, 14.464, 14.22, 15.001, 17.83, 21.023, 22.009, 20.675, 21.78, 26.695, 29.5, 27.854, 28.536, 28.774, 25.508, 22.788, 22.191, 21.799, 18.663, 15.776, 18.332, 20.494, 21.359, 22.354, 23.335, 22.24, 19.724, 17.212, 15.677, 15.49, 15.525, 15.771, 16.095, 16.751, 17.219, 17.539, 17.181, 15.777, 16.039, 16.505, 16.747, 17.251, 17.934, 18.732, 21.942, 24.445, 24.078, 25.535, 25.749, 22.694, 18.695, 15.394, 14.17, 15.361, 16.896, 15.954, 14.235], [21.293, 22.79, 23.743, 21.519, 20.65, 22.439, 22.665, 20.98, 19.224, 17.999, 20.506, 20.684, 14.28, 9.139, 7.222, 7.245, 8.051, 7.59, 4.867, 2.492, 2.11, 1.612, 0.941, 0.0, 2.431, 3.561, 3.268, 3.275, 3.371, 2.832, 3.543, 5.591, 7.207, 6.446, 6.515, 6.664, 5.02, 5.029, 11.854, 20.787, 17.26, 11.426, 10.824, 12.136, 12.341, 11.831, 11.827, 11.636, 11.364, 11.903, 12.375, 11.743, 11.2, 11.934, 11.583, 10.042, 10.243, 11.218, 12.025, 12.912, 14.263, 15.624, 15.897, 15.348, 14.862, 17.405, 23.831, 28.508, 26.765, 25.361, 24.878, 23.932, 17.915, 12.219, 10.937, 12.331, 11.509, 10.0, 10.769, 11.56, 12.469, 12.925, 12.843, 12.71, 12.669, 12.3, 10.861, 10.699, 12.736, 14.323, 14.422, 14.201, 14.965, 17.797, 21.022, 21.999, 20.676, 21.782, 26.653, 29.399, 27.745, 28.461, 28.743, 25.465, 22.7, 22.088, 21.524, 18.369, 15.555, 18.231, 20.454, 21.331, 22.322, 23.3, 22.177, 19.565, 16.98, 15.364, 15.174, 15.214, 15.46, 15.793, 16.51, 16.986, 17.304, 16.928, 15.472, 15.758, 16.219, 16.476, 17.073, 17.768, 18.571, 21.837, 24.304, 23.944, 25.492, 25.725, 22.632, 18.65, 15.372, 14.136, 15.267, 16.858, 15.926, 14.228], [19.283, 20.751, 21.761, 19.483, 18.629, 20.423, 20.741, 19.027, 17.404, 16.079, 18.55, 19.02, 12.33, 7.183, 5.284, 5.343, 6.087, 5.698, 3.514, 2.596, 2.605, 2.551, 2.768, 2.431, 0.0, 1.652, 1.618, 1.499, 1.787, 2.481, 2.914, 3.933, 5.673, 4.843, 4.568, 4.686, 3.201, 3.16, 9.857, 18.781, 15.237, 9.385, 8.826, 10.101, 10.359, 9.803, 9.794, 9.631, 9.361, 9.893, 10.36, 9.73, 9.151, 9.9, 9.568, 8.012, 8.285, 9.366, 10.045, 10.916, 12.239, 13.621, 13.911, 13.371, 12.836, 15.433, 21.812, 26.474, 24.739, 23.339, 22.861, 21.932, 15.962, 10.278, 9.204, 10.417, 9.575, 8.181, 8.773, 9.537, 10.431, 10.892, 10.803, 10.678, 10.641, 10.28, 8.855, 8.745, 10.731, 12.385, 12.473, 12.313, 12.993, 15.781, 19.004, 19.977, 18.659, 19.811, 24.664, 27.404, 25.837, 26.466, 26.786, 23.465, 20.738, 20.155, 20.124, 16.944, 14.636, 16.359, 18.474, 19.402, 20.311, 21.352, 20.233, 17.693, 15.423, 14.32, 14.08, 14.299, 14.486, 14.619, 15.154, 15.366, 15.58, 15.291, 14.084, 14.414, 14.932, 15.598, 15.759, 16.302, 17.194, 19.815, 22.434, 22.05, 23.533, 23.73, 20.77, 16.699, 13.581, 12.53, 13.497, 14.982, 14.423, 12.497], [18.01, 19.542, 20.48, 18.297, 17.408, 19.287, 19.752, 18.238, 16.828, 15.51, 17.774, 18.176, 11.213, 6.159, 4.362, 4.379, 4.954, 4.546, 2.667, 2.675, 2.821, 2.92, 3.673, 3.561, 1.652, 0.0, 1.306, 1.44, 1.563, 2.394, 2.625, 3.382, 4.921, 4.105, 3.529, 3.565, 2.418, 2.296, 8.769, 17.642, 14.015, 8.221, 7.614, 8.957, 9.271, 8.681, 8.593, 8.365, 8.092, 8.706, 9.277, 8.543, 7.866, 8.695, 8.426, 6.976, 7.286, 8.464, 9.016, 9.784, 11.043, 12.349, 12.772, 12.236, 11.727, 14.205, 20.641, 25.242, 23.641, 22.136, 21.669, 20.847, 14.962, 9.296, 7.907, 9.16, 8.272, 6.847, 7.464, 8.3, 9.277, 9.796, 9.712, 9.539, 9.483, 9.165, 7.73, 7.544, 9.679, 11.21, 11.443, 11.322, 11.985, 14.703, 17.781, 18.722, 17.393, 18.528, 23.592, 26.534, 25.031, 25.376, 25.751, 22.42, 20.098, 19.515, 19.692, 16.453, 14.02, 15.402, 17.455, 18.39, 19.283, 20.276, 19.438, 17.098, 14.884, 13.74, 13.5, 13.765, 13.942, 14.097, 14.622, 14.862, 15.18, 14.793, 13.601, 13.877, 14.401, 15.142, 15.226, 15.735, 16.65, 18.962, 21.906, 21.528, 22.522, 22.695, 19.81, 15.721, 12.598, 11.569, 12.411, 13.943, 13.203, 11.563], [18.206, 19.683, 20.685, 18.443, 17.651, 19.409, 20.108, 18.618, 17.099, 15.77, 18.12, 18.269, 11.428, 6.371, 4.35, 4.28, 5.064, 4.79, 3.076, 2.85, 2.958, 2.805, 3.381, 3.268, 1.618, 1.306, 0.0, 1.22, 1.648, 2.318, 2.795, 3.643, 5.106, 4.298, 3.596, 3.703, 2.52, 2.797, 8.914, 17.811, 14.186, 8.382, 7.811, 9.025, 9.504, 8.768, 8.749, 8.556, 8.262, 8.773, 9.308, 8.639, 8.085, 8.815, 8.466, 7.123, 7.476, 8.818, 9.314, 10.119, 11.175, 12.532, 12.891, 12.35, 11.951, 14.507, 20.784, 25.396, 23.757, 22.307, 21.805, 21.033, 15.178, 9.523, 7.925, 9.314, 8.488, 6.989, 7.651, 8.433, 9.411, 9.891, 9.877, 9.641, 9.592, 9.233, 7.796, 7.645, 9.789, 11.302, 11.6, 11.371, 12.072, 14.757, 17.965, 18.938, 17.61, 18.728, 23.853, 27.014, 25.512, 25.771, 26.073, 22.607, 20.298, 19.812, 19.847, 16.608, 13.985, 15.536, 17.811, 18.658, 19.397, 20.452, 19.762, 17.41, 15.033, 13.784, 13.583, 13.845, 14.027, 14.214, 14.745, 15.009, 15.369, 14.983, 13.752, 13.987, 14.515, 15.153, 15.278, 15.872, 16.772, 19.249, 22.207, 21.811, 22.855, 22.832, 20.254, 16.064, 12.471, 11.263, 12.542, 14.059, 13.073, 11.419], [18.229, 19.671, 20.686, 18.408, 17.613, 19.367, 19.972, 18.443, 16.874, 15.527, 17.937, 18.227, 11.41, 6.27, 4.26, 4.289, 5.02, 4.645, 2.767, 2.677, 2.73, 2.715, 3.445, 3.275, 1.499, 1.44, 1.22, 0.0, 1.099, 2.024, 2.309, 3.13, 4.745, 3.985, 3.568, 3.644, 2.49, 2.601, 8.75, 17.755, 14.21, 8.4, 7.861, 9.051, 9.551, 8.793, 8.781, 8.591, 8.344, 8.846, 9.313, 8.692, 8.127, 8.864, 8.533, 7.111, 7.441, 8.745, 9.243, 10.164, 11.226, 12.542, 12.867, 12.293, 11.864, 14.486, 20.762, 25.388, 23.661, 22.29, 21.774, 20.919, 15.01, 9.424, 8.084, 9.278, 8.461, 7.037, 7.694, 8.456, 9.383, 9.836, 9.746, 9.6, 9.563, 9.212, 7.755, 7.641, 9.842, 11.328, 11.444, 11.318, 12.03, 14.729, 17.93, 18.911, 17.617, 18.791, 23.75, 26.828, 25.321, 25.719, 25.969, 22.453, 20.076, 19.611, 19.699, 16.516, 14.218, 15.47, 17.656, 18.488, 19.235, 20.297, 19.619, 17.27, 15.074, 14.096, 13.798, 14.003, 14.166, 14.24, 14.748, 14.846, 15.182, 14.902, 13.667, 13.945, 14.553, 15.381, 15.434, 15.858, 16.839, 19.172, 21.991, 21.595, 22.667, 22.733, 20.077, 15.921, 12.4, 11.545, 12.562, 13.96, 13.307, 11.516], [18.047, 19.504, 20.528, 18.237, 17.431, 19.206, 19.932, 18.411, 16.925, 15.593, 17.929, 18.146, 11.343, 6.262, 4.132, 4.137, 4.855, 4.383, 2.232, 2.177, 2.382, 2.508, 3.431, 3.371, 1.787, 1.563, 1.648, 1.099, 0.0, 1.595, 1.739, 2.669, 4.296, 3.646, 3.365, 3.394, 2.343, 2.5, 8.758, 17.565, 14.014, 8.191, 7.651, 8.849, 9.35, 8.686, 8.537, 8.369, 8.15, 8.697, 9.07, 8.444, 7.917, 8.633, 8.341, 6.981, 7.313, 8.627, 9.186, 9.986, 11.035, 12.395, 12.699, 12.177, 11.648, 14.286, 20.568, 25.219, 23.57, 22.086, 21.626, 20.822, 14.956, 9.29, 7.882, 9.104, 8.283, 6.824, 7.492, 8.269, 9.184, 9.704, 9.617, 9.449, 9.377, 9.02, 7.594, 7.524, 9.706, 11.207, 11.428, 11.251, 11.82, 14.559, 17.78, 18.76, 17.43, 18.675, 23.628, 26.798, 25.296, 25.517, 25.938, 22.377, 20.132, 19.621, 19.795, 16.617, 14.228, 15.433, 17.595, 18.461, 19.162, 20.294, 19.56, 17.273, 15.135, 14.059, 13.805, 14.093, 14.253, 14.328, 14.844, 14.947, 15.257, 14.939, 13.754, 14.024, 14.643, 15.495, 15.518, 15.941, 16.926, 18.993, 22.024, 21.637, 22.645, 22.707, 20.038, 15.859, 12.436, 11.477, 12.446, 13.86, 13.175, 11.434], [18.947, 20.358, 21.48, 19.112, 18.415, 20.178, 21.096, 19.737, 18.362, 17.056, 19.282, 19.628, 12.395, 7.404, 5.4, 5.282, 5.902, 5.314, 3.033, 2.137, 2.058, 2.055, 2.782, 2.832, 2.481, 2.394, 2.318, 2.024, 1.595, 0.0, 1.206, 3.272, 4.642, 4.055, 4.02, 4.14, 2.664, 3.536, 9.734, 18.548, 14.982, 9.153, 8.613, 9.744, 10.409, 9.569, 9.429, 9.137, 8.966, 9.502, 9.815, 9.266, 8.699, 9.408, 9.183, 7.977, 8.157, 9.566, 10.298, 11.141, 12.03, 13.31, 13.737, 13.282, 12.887, 15.355, 21.474, 26.052, 24.399, 23.013, 22.509, 21.859, 16.153, 10.465, 8.719, 10.037, 9.206, 7.702, 8.303, 9.086, 10.043, 10.531, 10.495, 10.276, 10.239, 9.928, 8.475, 8.582, 10.895, 12.364, 12.606, 12.541, 13.12, 15.617, 18.686, 19.643, 18.376, 19.692, 24.862, 28.039, 26.571, 26.806, 27.032, 23.543, 21.596, 21.06, 21.238, 18.009, 15.513, 16.837, 18.856, 19.688, 20.236, 21.388, 20.952, 18.649, 16.456, 15.367, 15.096, 15.381, 15.543, 15.671, 16.205, 16.36, 16.72, 16.35, 15.154, 15.401, 15.985, 16.769, 16.807, 17.299, 18.239, 20.411, 23.454, 23.042, 23.917, 23.785, 21.259, 17.121, 13.557, 12.475, 13.741, 15.118, 14.241, 12.576], [18.181, 19.625, 20.673, 18.464, 17.768, 19.439, 20.341, 19.097, 17.797, 16.486, 18.691, 19.141, 11.594, 6.823, 4.952, 4.829, 5.29, 4.682, 2.553, 2.333, 2.433, 2.679, 3.578, 3.543, 2.914, 2.625, 2.795, 2.309, 1.739, 1.206, 0.0, 2.508, 3.953, 3.243, 3.453, 3.588, 2.4, 3.036, 8.98, 17.951, 14.264, 8.469, 7.912, 9.024, 9.656, 8.814, 8.776, 8.43, 8.247, 8.729, 9.075, 8.474, 7.937, 8.666, 8.395, 7.211, 7.371, 8.728, 9.502, 10.38, 11.241, 12.556, 13.029, 12.657, 12.291, 14.73, 20.769, 25.316, 23.637, 22.233, 21.776, 21.2, 15.546, 9.997, 8.341, 9.523, 8.588, 7.058, 7.711, 8.37, 9.306, 9.799, 9.744, 9.536, 9.55, 9.294, 7.87, 7.903, 10.288, 11.763, 11.891, 11.993, 12.594, 14.986, 18.035, 18.939, 17.637, 18.899, 24.194, 27.334, 25.89, 26.169, 26.2, 22.82, 21.028, 20.482, 20.717, 17.518, 15.192, 16.368, 18.174, 19.038, 19.508, 20.604, 20.364, 18.095, 16.03, 15.131, 14.709, 14.953, 15.109, 15.249, 15.716, 15.855, 16.174, 15.844, 14.658, 14.911, 15.495, 16.569, 16.471, 16.866, 17.765, 19.856, 22.86, 22.42, 23.24, 23.064, 20.544, 16.486, 13.055, 12.249, 13.43, 14.73, 13.87, 12.392], [15.901, 17.352, 18.385, 16.28, 15.851, 17.177, 18.252, 17.49, 16.635, 15.598, 17.461, 17.918, 10.402, 5.605, 4.11, 4.321, 3.764, 2.841, 2.777, 4.142, 4.371, 4.649, 5.662, 5.591, 3.933, 3.382, 3.643, 3.13, 2.669, 3.272, 2.508, 0.0, 2.029, 1.495, 2.505, 2.769, 2.717, 2.963, 7.497, 15.942, 12.048, 6.3, 5.738, 6.796, 7.354, 6.754, 6.708, 6.206, 6.034, 6.529, 6.874, 6.273, 5.752, 6.446, 6.146, 5.555, 5.64, 6.514, 7.289, 8.176, 8.915, 10.64, 11.095, 11.193, 10.635, 12.645, 18.51, 23.153, 21.419, 20.026, 19.725, 19.248, 14.069, 9.32, 8.054, 8.401, 7.334, 6.484, 6.391, 6.435, 7.055, 7.518, 7.527, 7.276, 7.451, 7.541, 6.327, 6.838, 8.793, 10.418, 10.365, 10.559, 11.083, 13.172, 16.052, 16.85, 15.714, 17.008, 22.196, 25.322, 23.918, 24.192, 23.915, 20.862, 19.502, 19.039, 19.434, 16.564, 14.778, 15.46, 16.915, 17.639, 17.713, 18.921, 18.836, 17.346, 15.584, 14.85, 14.435, 14.491, 14.568, 14.708, 15.031, 15.176, 15.07, 14.883, 13.921, 14.186, 15.134, 16.361, 16.112, 16.291, 17.143, 18.337, 21.315, 20.718, 21.291, 21.164, 18.793, 15.054, 12.459, 12.136, 13.172, 14.067, 13.331, 12.189], [15.15, 16.107, 17.922, 16.199, 16.246, 17.715, 18.732, 18.462, 17.638, 16.768, 18.453, 18.836, 11.525, 6.753, 5.307, 5.374, 4.548, 3.449, 3.952, 5.471, 5.799, 6.157, 7.25, 7.207, 5.673, 4.921, 5.106, 4.745, 4.296, 4.642, 3.953, 2.029, 0.0, 1.532, 3.044, 3.739, 3.798, 4.437, 8.6, 16.111, 12.136, 6.647, 5.615, 6.506, 7.227, 7.008, 6.564, 5.979, 5.884, 5.708, 6.184, 5.765, 5.449, 5.358, 5.836, 6.46, 6.546, 6.997, 7.632, 8.451, 9.085, 10.876, 11.701, 11.997, 11.311, 13.038, 17.925, 22.116, 21.312, 19.902, 19.617, 19.527, 15.028, 10.294, 8.626, 8.714, 7.692, 7.021, 6.588, 6.105, 6.884, 7.053, 7.126, 6.926, 7.4, 7.585, 6.884, 7.778, 9.72, 11.243, 11.233, 11.495, 11.93, 13.867, 16.076, 16.845, 16.132, 17.574, 22.685, 25.588, 24.295, 24.537, 24.037, 21.396, 20.316, 19.901, 20.339, 17.655, 16.037, 16.342, 17.914, 18.601, 18.459, 19.844, 19.712, 18.47, 16.84, 16.086, 15.687, 15.743, 15.75, 15.94, 16.185, 16.366, 16.07, 15.884, 15.071, 15.354, 16.374, 17.6, 17.358, 17.501, 18.215, 19.186, 22.126, 21.407, 21.651, 21.856, 19.582, 15.994, 13.623, 13.217, 14.214, 14.849, 14.117, 13.27], [15.537, 16.709, 18.37, 16.166, 15.857, 17.477, 18.576, 18.12, 17.296, 16.269, 18.11, 18.472, 11.064, 6.164, 4.724, 4.847, 4.169, 2.908, 3.065, 4.691, 5.086, 5.414, 6.482, 6.446, 4.843, 4.105, 4.298, 3.985, 3.646, 4.055, 3.243, 1.495, 1.532, 0.0, 2.115, 2.851, 3.214, 3.661, 7.97, 15.961, 11.993, 6.288, 5.49, 6.674, 7.545, 6.847, 6.469, 5.908, 5.72, 6.119, 6.417, 5.686, 5.245, 5.703, 5.942, 6.019, 6.205, 6.834, 7.484, 8.363, 9.024, 10.642, 11.413, 11.663, 10.943, 12.709, 18.18, 22.459, 21.224, 19.955, 19.535, 19.394, 14.672, 9.801, 8.115, 8.363, 7.287, 6.505, 5.923, 5.832, 6.814, 7.29, 7.353, 7.001, 7.234, 7.356, 6.505, 7.306, 9.369, 10.905, 10.912, 11.162, 11.606, 13.578, 15.784, 16.628, 15.835, 17.298, 22.52, 25.629, 24.226, 24.467, 24.211, 21.183, 20.031, 19.587, 20.019, 17.227, 15.468, 15.94, 17.562, 18.259, 18.118, 19.502, 19.395, 18.011, 16.272, 15.476, 15.053, 15.184, 15.226, 15.403, 15.698, 15.842, 15.727, 15.539, 14.568, 14.824, 15.778, 17.007, 16.778, 16.978, 17.808, 18.865, 21.843, 21.161, 21.599, 21.61, 19.29, 15.654, 13.038, 12.568, 13.58, 14.328, 13.566, 12.654], [15.361, 16.549, 18.137, 15.831, 15.35, 17.042, 18.193, 17.257, 16.327, 15.215, 17.175, 17.564, 10.018, 4.77, 3.486, 3.621, 3.435, 2.449, 2.69, 4.882, 5.19, 5.472, 6.519, 6.515, 4.568, 3.529, 3.596, 3.568, 3.365, 4.02, 3.453, 2.505, 3.044, 2.115, 0.0, 1.383, 2.118, 2.406, 6.982, 15.449, 11.689, 5.803, 5.224, 6.392, 7.271, 6.5, 6.104, 5.717, 5.569, 5.873, 6.284, 5.554, 4.993, 5.582, 5.795, 5.338, 5.697, 6.821, 7.287, 8.084, 8.583, 10.134, 10.755, 10.797, 10.13, 12.158, 17.857, 22.257, 20.943, 19.652, 19.15, 18.961, 13.725, 8.713, 6.856, 7.475, 6.38, 5.154, 4.809, 5.393, 6.521, 7.063, 7.107, 6.781, 6.779, 6.728, 5.55, 6.26, 8.403, 10.07, 10.09, 10.316, 10.758, 12.857, 15.394, 16.167, 15.173, 16.648, 22.108, 25.228, 23.818, 24.029, 23.904, 20.726, 19.228, 18.765, 19.19, 16.243, 14.307, 14.955, 16.54, 17.362, 17.48, 18.633, 18.567, 16.941, 15.1, 14.201, 13.798, 14.031, 14.153, 14.282, 14.626, 14.769, 14.749, 14.575, 13.517, 13.757, 14.536, 15.687, 15.59, 15.886, 16.741, 18.028, 21.04, 20.497, 21.18, 20.974, 18.557, 14.785, 11.911, 11.257, 12.325, 13.286, 12.491, 11.307], [15.03, 16.388, 17.777, 15.591, 15.016, 16.753, 17.903, 16.929, 15.887, 14.768, 16.746, 17.104, 9.587, 4.481, 3.016, 2.964, 3.019, 2.187, 2.967, 5.037, 5.292, 5.638, 6.692, 6.664, 4.686, 3.565, 3.703, 3.644, 3.394, 4.14, 3.588, 2.769, 3.739, 2.851, 1.383, 0.0, 2.027, 2.267, 6.614, 15.166, 11.412, 5.52, 4.825, 6.099, 6.978, 6.179, 5.797, 5.271, 5.116, 5.686, 6.084, 5.324, 4.75, 5.463, 5.479, 4.941, 5.162, 6.379, 6.934, 7.754, 8.283, 9.851, 10.5, 10.439, 9.79, 11.783, 17.687, 22.196, 20.706, 19.384, 18.937, 18.701, 13.367, 8.279, 6.571, 6.987, 5.879, 4.734, 4.605, 5.167, 6.271, 6.805, 6.85, 6.553, 6.56, 6.479, 5.272, 5.824, 8.075, 9.642, 9.765, 9.946, 10.404, 12.594, 15.102, 15.856, 14.851, 16.343, 21.84, 24.949, 23.544, 23.765, 23.598, 20.464, 18.962, 18.45, 18.803, 15.773, 13.905, 14.467, 16.088, 16.973, 17.197, 18.214, 18.281, 16.516, 14.702, 13.818, 13.391, 13.626, 13.729, 13.868, 14.2, 14.345, 14.288, 14.098, 13.081, 13.327, 14.137, 15.317, 15.192, 15.469, 16.315, 17.675, 20.76, 20.249, 20.909, 20.701, 18.304, 14.452, 11.5, 10.864, 11.895, 12.829, 11.989, 10.926], [16.812, 18.113, 19.429, 17.1, 16.512, 18.224, 19.308, 18.199, 17.035, 15.763, 17.896, 18.326, 10.626, 5.745, 3.984, 3.993, 4.308, 3.611, 2.817, 4.139, 4.15, 4.326, 4.998, 5.02, 3.201, 2.418, 2.52, 2.49, 2.343, 2.664, 2.4, 2.717, 3.798, 3.214, 2.118, 2.027, 0.0, 1.989, 7.9, 16.586, 12.975, 7.019, 6.443, 7.614, 8.462, 7.626, 7.309, 6.945, 6.856, 7.344, 7.664, 7.022, 6.437, 7.142, 7.086, 6.223, 6.339, 7.574, 8.385, 9.222, 9.933, 11.348, 11.838, 11.68, 11.236, 13.336, 19.259, 23.845, 22.297, 20.941, 20.459, 20.073, 14.609, 9.113, 7.408, 8.282, 7.255, 5.838, 6.196, 6.847, 7.827, 8.385, 8.368, 8.162, 8.056, 7.947, 6.555, 6.903, 9.326, 10.897, 10.993, 11.144, 11.647, 13.907, 16.637, 17.48, 16.384, 17.761, 23.186, 26.321, 24.896, 25.104, 25.088, 21.808, 20.184, 19.663, 19.979, 16.828, 14.708, 15.568, 17.242, 18.182, 18.518, 19.54, 19.508, 17.428, 15.503, 14.591, 14.2, 14.432, 14.586, 14.69, 15.113, 15.228, 15.426, 15.152, 14.018, 14.257, 14.954, 16.082, 15.988, 16.301, 17.207, 18.913, 21.993, 21.52, 22.254, 22.049, 19.589, 15.661, 12.372, 11.647, 12.76, 13.781, 13.004