[[0.0, 1.977, 3.196, 2.567, 2.114, 3.06, 4.021, 1.759, 1.395, 2.059, 2.125, 2.517, 1.776, 1.878, 3.202, 5.188, 5.1, 3.623, 1.637, 1.719, 2.577, 2.88, 2.22, 1.81, 2.156, 2.167, 2.236, 2.086, 2.318, 2.169, 2.714, 4.248, 5.355, 5.944, 5.021, 3.993, 2.965, 2.811, 3.023, 2.43, 3.297, 4.31, 3.291, 2.221, 3.065, 5.791, 7.909, 8.978, 9.256, 9.155, 7.901, 6.773, 7.141, 7.733, 8.809, 9.427, 8.835, 8.487, 7.678, 4.269, 2.153, 3.442, 4.5, 3.458, 2.938, 2.755, 1.941, 3.083, 3.517, 3.112, 3.044, 1.896, 1.762, 2.39, 2.942, 2.282, 2.419, 2.617, 2.069, 3.123, 4.2, 3.485, 3.654, 3.626, 2.896, 2.835, 2.806, 2.728, 2.241, 2.147, 3.595, 5.079, 5.527, 3.534, 2.162, 2.613, 2.946, 3.374, 3.845, 3.443, 1.845, 2.803, 2.873, 3.054, 3.249, 3.356, 2.057, 2.816, 3.614, 4.227, 5.077, 4.045, 3.624, 4.069, 2.848, 2.155, 2.526, 2.045, 1.538, 1.659, 2.698, 2.747, 2.403, 2.276, 2.81, 2.56, 2.322, 2.385, 2.178, 2.919, 2.936, 1.81, 2.455, 3.013, 4.577, 5.902, 5.228, 6.198, 7.048, 7.04, 7.485, 7.724, 6.352, 4.25, 3.969, 2.742], [1.977, 0.0, 1.626, 1.369, 1.589, 1.543, 2.209, 1.473, 2.549, 3.475, 3.499, 3.885, 3.267, 3.226, 4.616, 6.709, 6.736, 4.947, 2.488, 2.779, 3.208, 3.674, 3.414, 2.743, 2.807, 3.114, 2.668, 2.297, 1.472, 1.09, 1.795, 2.773, 3.844, 4.131, 3.264, 2.212, 1.828, 2.551, 2.866, 1.772, 1.977, 2.809, 1.809, 1.996, 4.487, 7.209, 9.326, 10.395, 10.673, 10.575, 9.358, 8.295, 8.575, 9.17, 10.234, 10.855, 10.252, 9.937, 9.12, 5.662, 3.38, 4.798, 5.917, 4.875, 4.339, 4.12, 2.403, 1.669, 1.995, 1.607, 1.618, 1.903, 2.539, 2.446, 2.056, 1.862, 2.419, 1.944, 2.107, 4.628, 5.556, 4.89, 5.13, 5.077, 4.24, 3.395, 4.363, 4.205, 3.615, 3.509, 5.014, 6.496, 6.972, 4.764, 3.0, 3.643, 4.46, 5.04, 5.323, 4.918, 2.255, 1.644, 1.517, 1.872, 2.01, 1.829, 1.88, 3.967, 4.998, 5.666, 6.495, 5.488, 4.991, 5.354, 4.168, 2.621, 2.558, 2.022, 2.233, 2.331, 2.291, 2.943, 2.769, 3.675, 4.145, 3.411, 2.425, 2.1, 2.423, 4.347, 4.484, 3.345, 3.915, 4.417, 6.039, 7.368, 6.673, 7.616, 8.465, 8.507, 9.016, 9.301, 7.971, 5.835, 5.566, 4.273], [3.196, 1.626, 0.0, 1.305, 1.962, 1.027, 1.424, 2.229, 3.831, 4.685, 4.763, 5.214, 4.592, 4.461, 5.783, 8.007, 7.996, 6.225, 3.715, 3.924, 4.049, 4.509, 4.513, 3.7, 3.813, 4.081, 3.678, 3.215, 2.261, 1.772, 1.916, 1.897, 2.731, 3.102, 2.364, 1.707, 2.239, 3.003, 3.386, 2.548, 1.273, 1.719, 1.354, 2.968, 5.55, 8.393, 10.511, 11.58, 11.858, 11.765, 10.516, 9.483, 9.76, 10.401, 11.48, 12.04, 11.455, 11.19, 10.37, 6.893, 4.565, 5.992, 7.102, 6.06, 5.523, 5.302, 3.323, 2.066, 1.366, 1.104, 1.527, 2.91, 3.611, 3.134, 2.369, 2.47, 2.767, 2.082, 3.077, 5.937, 6.86, 6.117, 6.373, 6.251, 5.49, 4.68, 5.617, 5.39, 4.89, 4.619, 6.162, 7.681, 8.222, 5.856, 4.1, 4.67, 5.709, 6.269, 6.605, 6.22, 3.477, 1.744, 1.576, 1.353, 1.691, 0.954, 2.294, 5.332, 6.361, 6.96, 7.679, 6.739, 6.11, 6.678, 5.399, 3.817, 3.311, 2.924, 3.349, 3.512, 2.282, 3.032, 3.672, 4.856, 5.34, 4.323, 2.838, 2.451, 3.08, 5.603, 5.622, 4.531, 5.173, 5.708, 7.361, 8.616, 7.9, 8.8, 9.65, 9.78, 10.288, 10.563, 9.232, 7.111, 6.795, 5.5], [2.567, 1.369, 1.305, 0.0, 1.106, 1.198, 2.112, 1.62, 3.013, 3.846, 3.977, 4.512, 3.851, 3.738, 4.771, 6.939, 6.937, 5.234, 3.307, 3.491, 3.744, 4.163, 4.106, 3.324, 3.441, 3.705, 3.249, 2.863, 1.688, 1.466, 2.037, 2.611, 3.667, 4.113, 3.144, 2.183, 2.217, 2.995, 3.386, 2.213, 1.768, 2.497, 1.429, 2.202, 4.61, 7.442, 9.509, 10.578, 10.856, 10.764, 9.525, 8.425, 8.742, 9.34, 10.451, 11.028, 10.435, 10.155, 9.341, 5.887, 3.6, 4.994, 6.126, 5.135, 4.678, 4.608, 2.967, 1.902, 1.786, 1.479, 1.547, 2.386, 2.746, 2.16, 1.664, 2.001, 2.183, 1.726, 2.165, 4.833, 5.773, 5.06, 5.327, 5.221, 4.404, 3.595, 4.506, 4.371, 3.812, 3.601, 5.172, 6.681, 7.197, 5.386, 3.625, 4.208, 4.681, 5.169, 5.549, 5.251, 2.512, 1.252, 1.422, 1.335, 1.675, 1.501, 2.063, 4.978, 5.8, 5.966, 6.683, 5.716, 5.436, 6.068, 4.484, 3.078, 2.895, 2.363, 2.486, 2.594, 1.993, 2.617, 2.608, 3.732, 4.232, 3.5, 2.13, 1.671, 2.082, 4.479, 4.827, 3.718, 4.435, 4.935, 6.334, 7.599, 6.894, 7.81, 8.648, 8.716, 9.168, 9.468, 8.108, 5.985, 5.679, 4.41], [2.114, 1.589, 1.962, 1.106, 0.0, 1.755, 2.852, 1.221, 2.523, 3.253, 3.5, 4.071, 3.421, 3.212, 4.252, 6.311, 6.326, 4.775, 2.814, 3.039, 3.332, 3.645, 3.653, 2.772, 2.853, 3.182, 2.84, 2.536, 1.549, 1.554, 2.11, 3.332, 4.449, 4.861, 3.823, 2.709, 2.11, 2.83, 3.27, 2.19, 2.47, 3.293, 2.024, 1.88, 4.032, 6.819, 8.767, 9.837, 10.114, 10.024, 8.782, 7.714, 8.01, 8.681, 9.762, 10.302, 9.733, 9.491, 8.652, 5.174, 2.934, 4.355, 5.476, 4.494, 4.101, 4.048, 2.554, 2.27, 2.572, 2.277, 2.129, 2.161, 2.264, 1.836, 1.672, 1.89, 1.982, 1.758, 1.687, 4.21, 5.153, 4.417, 4.667, 4.53, 3.762, 2.982, 3.878, 3.716, 3.188, 2.953, 4.446, 5.952, 6.509, 4.809, 3.173, 3.714, 4.154, 4.505, 4.958, 4.771, 2.116, 1.664, 1.791, 1.964, 2.261, 2.296, 1.835, 4.471, 5.314, 5.424, 6.003, 5.064, 4.829, 5.51, 3.905, 2.553, 2.54, 2.099, 1.943, 2.071, 2.176, 2.524, 2.286, 3.091, 3.552, 2.945, 2.018, 1.477, 1.622, 3.875, 4.283, 3.236, 3.938, 4.492, 5.796, 6.98, 6.266, 7.086, 7.906, 8.08, 8.562, 8.828, 7.471, 5.363, 5.031, 3.786], [3.06, 1.543, 1.027, 1.198, 1.755, 0.0, 1.534, 1.87, 3.399, 4.215, 4.247, 4.695, 4.113, 4.244, 5.62, 7.521, 7.689, 5.941, 3.519, 3.594, 3.715, 4.061, 4.126, 3.229, 3.392, 3.558, 3.208, 2.798, 1.831, 1.773, 1.776, 2.174, 3.161, 3.182, 2.54, 1.734, 1.897, 2.628, 2.96, 2.119, 1.653, 2.12, 1.188, 2.543, 5.058, 7.906, 10.024, 11.093, 11.371, 11.281, 10.133, 9.145, 9.286, 9.861, 10.986, 11.543, 10.954, 10.69, 9.878, 6.442, 4.092, 5.488, 6.641, 5.602, 5.039, 4.877, 3.014, 1.602, 1.609, 1.272, 1.41, 2.575, 3.152, 2.562, 1.686, 2.101, 2.535, 1.845, 2.545, 5.437, 6.348, 5.712, 6.032, 5.885, 4.973, 4.164, 5.111, 4.961, 4.53, 4.196, 5.697, 7.21, 7.729, 5.531, 4.007, 4.453, 5.468, 6.02, 6.221, 5.818, 3.18, 1.878, 1.74, 1.375, 1.606, 1.268, 2.052, 4.974, 5.867, 6.449, 7.192, 6.245, 5.715, 6.29, 4.907, 3.41, 2.879, 2.585, 3.088, 3.229, 2.341, 3.047, 3.502, 4.678, 5.164, 4.197, 2.715, 2.379, 2.978, 5.245, 5.394, 4.227, 4.833, 5.293, 6.892, 8.139, 7.428, 8.324, 9.163, 9.257, 9.774, 10.094, 8.753, 6.629, 6.362, 5.277], [4.021, 2.209, 1.424, 2.112, 2.852, 1.534, 0.0, 2.679, 4.348, 5.209, 5.255, 5.638, 5.1, 5.313, 6.725, 8.561, 8.69, 6.982, 4.339, 4.294, 4.142, 4.407, 4.58, 3.696, 3.742, 3.98, 3.6, 3.326, 2.57, 2.342, 2.162, 1.652, 2.226, 2.297, 1.648, 1.219, 1.675, 2.218, 2.63, 2.339, 1.438, 1.633, 1.69, 3.495, 6.07, 8.928, 11.046, 12.116, 12.393, 12.3, 11.083, 10.186, 10.319, 10.936, 11.979, 12.582, 12.009, 11.714, 10.869, 7.453, 5.107, 6.51, 7.66, 6.608, 6.058, 5.833, 3.361, 1.888, 1.881, 1.51, 1.791, 3.251, 4.157, 3.633, 2.534, 3.014, 3.202, 2.117, 3.643, 6.469, 7.376, 6.705, 7.039, 6.901, 6.075, 5.204, 6.182, 5.953, 5.564, 5.102, 6.695, 8.216, 8.731, 6.269, 4.498, 5.395, 6.469, 7.057, 7.22, 6.765, 4.227, 2.305, 1.979, 1.993, 2.177, 1.332, 2.552, 5.464, 6.771, 7.483, 8.214, 7.238, 6.637, 7.113, 5.923, 4.285, 3.568, 3.242, 4.069, 4.237, 3.494, 4.312, 4.583, 5.735, 6.218, 5.455, 3.918, 3.497, 4.022, 6.282, 6.233, 5.198, 5.74, 6.23, 7.912, 9.145, 8.433, 9.335, 10.185, 10.303, 10.836, 11.13, 9.801, 7.679, 7.364, 6.331], [1.759, 1.473, 2.229, 1.62, 1.221, 1.87, 2.679, 0.0, 1.978, 2.926, 3.024, 3.396, 2.801, 3.101, 4.392, 6.06, 6.185, 4.596, 2.254, 2.178, 2.542, 2.748, 2.721, 1.884, 2.043, 2.253, 1.879, 1.682, 1.044, 1.477, 1.998, 3.341, 4.407, 4.627, 3.86, 2.832, 1.787, 2.153, 2.547, 1.623, 2.45, 3.231, 1.894, 1.767, 3.761, 6.637, 8.754, 9.823, 10.101, 10.007, 8.87, 7.772, 7.987, 8.582, 9.699, 10.273, 9.68, 9.403, 8.589, 5.119, 2.819, 4.223, 5.345, 4.307, 3.785, 3.587, 1.744, 1.728, 2.535, 2.144, 1.742, 1.535, 1.718, 1.657, 1.759, 1.661, 2.137, 1.838, 1.621, 4.002, 5.003, 4.386, 4.679, 4.545, 3.641, 2.92, 3.765, 3.626, 3.088, 2.703, 4.394, 5.924, 6.441, 4.137, 2.669, 3.351, 3.966, 4.574, 4.791, 4.393, 2.059, 1.99, 1.945, 2.2, 2.295, 2.28, 1.391, 3.658, 4.626, 5.128, 5.923, 4.958, 4.416, 4.946, 3.608, 2.2, 2.165, 1.566, 1.832, 2.082, 2.604, 2.984, 2.724, 3.276, 3.715, 3.336, 2.534, 2.14, 2.159, 3.812, 3.884, 2.749, 3.502, 3.878, 5.486, 6.818, 6.102, 7.044, 7.893, 7.948, 8.426, 8.691, 7.344, 5.189, 5.008, 3.918], [1.395, 2.549, 3.831, 3.013, 2.523, 3.399, 4.348, 1.978, 0.0, 1.183, 1.49, 1.72, 1.747, 2.353, 3.425, 4.593, 4.934, 3.695, 1.899, 1.653, 2.227, 2.464, 1.711, 1.662, 1.675, 1.659, 1.858, 1.77, 2.34, 2.819, 3.64, 5.148, 6.206, 6.056, 5.69, 4.6, 3.348, 2.92, 2.877, 2.781, 4.069, 5.003, 3.514, 1.715, 2.153, 4.873, 6.955, 8.025, 8.302, 8.222, 7.329, 6.506, 6.466, 6.775, 7.87, 8.54, 7.894, 7.527, 6.813, 3.718, 1.335, 2.461, 3.561, 2.539, 2.048, 1.95, 1.914, 2.822, 3.767, 3.405, 3.072, 1.957, 1.524, 1.905, 2.53, 2.22, 2.384, 3.105, 1.526, 2.426, 3.406, 3.103, 3.377, 3.219, 2.389, 2.154, 2.168, 2.222, 1.952, 1.643, 2.617, 4.125, 4.569, 2.917, 2.571, 2.918, 2.884, 3.433, 3.355, 3.049, 1.81, 3.121, 3.469, 3.803, 4.069, 3.896, 2.371, 2.253, 2.965, 3.315, 4.124, 3.077, 2.924, 3.274, 1.975, 1.394, 2.033, 1.976, 1.603, 1.904, 3.265, 3.392, 2.804, 2.691, 2.937, 2.942, 2.907, 2.912, 2.536, 2.654, 2.98, 1.809, 2.297, 2.591, 3.868, 4.895, 4.389, 5.292, 6.112, 6.104, 6.705, 7.085, 5.74, 3.689, 3.506, 2.871], [2.059, 3.475, 4.685, 3.846, 3.253, 4.215, 5.209, 2.926, 1.183, 0.0, 0.968, 1.387, 1.185, 1.922, 2.87, 3.861, 4.182, 3.152, 1.684, 1.847, 2.414, 2.665, 1.522, 1.759, 2.281, 1.946, 2.599, 2.572, 3.188, 3.687, 4.506, 6.051, 7.117, 6.894, 6.51, 5.382, 4.169, 3.671, 3.336, 3.603, 4.998, 5.995, 4.486, 2.458, 1.62, 4.046, 6.044, 7.113, 7.391, 7.309, 6.524, 5.744, 5.664, 5.943, 6.984, 7.715, 7.075, 6.639, 5.93, 2.81, 1.447, 1.943, 2.736, 1.753, 1.556, 1.407, 2.294, 3.634, 4.647, 4.213, 3.928, 2.856, 2.374, 2.738, 3.389, 3.006, 2.967, 3.959, 2.282, 1.846, 2.671, 2.43, 2.514, 2.533, 1.963, 2.525, 1.6, 1.556, 1.613, 1.544, 1.72, 3.219, 3.66, 2.264, 2.597, 2.383, 2.297, 2.741, 2.608, 2.372, 2.397, 4.011, 4.412, 4.777, 5.042, 4.836, 3.212, 1.644, 2.118, 2.562, 3.233, 2.223, 2.615, 2.59, 1.938, 2.016, 2.839, 2.797, 2.235, 2.338, 4.071, 4.147, 3.094, 2.529, 2.836, 3.026, 3.719, 3.658, 3.099, 1.983, 2.429, 1.459, 1.77, 2.07, 3.086, 3.988, 3.582, 4.403, 5.214, 5.272, 5.936, 6.358, 5.034, 2.965, 2.737, 2.518], [2.125, 3.499, 4.763, 3.977, 3.5, 4.247, 5.255, 3.024, 1.49, 0.968, 0.0, 1.141, 1.299, 1.994, 3.062, 3.832, 4.188, 3.362, 1.982, 1.932, 2.323, 2.571, 1.959, 1.996, 2.508, 2.219, 2.839, 2.88, 3.424, 3.821, 4.617, 6.2, 7.267, 7.017, 6.518, 5.433, 4.246, 3.86, 3.46, 3.808, 5.086, 6.17, 4.618, 2.724, 1.553, 3.801, 5.895, 6.964, 7.242, 7.225, 6.42, 5.591, 5.549, 5.827, 6.908, 7.568, 6.92, 6.612, 5.923, 2.75, 1.448, 1.763, 2.542, 1.659, 1.374, 1.401, 2.556, 3.88, 4.69, 4.375, 4.153, 3.095, 2.649, 3.114, 3.654, 3.087, 3.152, 4.14, 2.569, 2.245, 2.98, 2.633, 2.884, 2.917, 2.246, 2.887, 2.061, 2.091, 2.051, 1.993, 1.959, 3.074, 3.615, 2.213, 2.619, 2.523, 2.173, 2.651, 2.761, 2.504, 2.745, 4.355, 4.671, 5.019, 5.256, 5.021, 3.428, 1.791, 1.95, 2.448, 3.064, 2.125, 2.45, 2.541, 1.977, 2.421, 3.162, 3.143, 2.362, 2.554, 4.156, 4.247, 3.338, 2.916, 3.124, 3.291, 3.808, 3.968, 3.437, 2.179, 2.519, 1.861, 2.14, 2.141, 3.233, 4.326, 3.774, 4.333, 5.092, 5.242, 5.966, 6.389, 5.039, 2.983, 2.882, 2.781], [2.517, 3.885, 5.214, 4.512, 4.071, 4.695, 5.638, 3.396, 1.72, 1.387, 1.141, 0.0, 1.475, 2.263, 3.327, 3.692, 4.101, 3.637, 2.428, 1.878, 2.289, 2.226, 1.922, 2.44, 2.501, 2.135, 2.585, 2.791, 3.762, 4.16, 4.981, 6.463, 7.53, 7.357, 6.989, 5.918, 4.682, 4.246, 3.624, 3.883, 5.402, 6.45, 4.988, 2.862, 1.671, 3.544, 5.634, 6.701, 6.978, 6.96, 6.107, 5.349, 5.247, 5.517, 6.582, 7.257, 6.615, 6.273, 5.573, 2.932, 1.688, 1.787, 2.358, 1.564, 1.393, 1.338, 2.675, 4.109, 5.017, 4.678, 4.302, 3.101, 2.456, 3.092, 3.905, 3.404, 3.632, 4.436, 2.93, 2.006, 3.158, 2.91, 3.008, 2.971, 2.496, 2.773, 1.825, 2.021, 2.045, 2.04, 1.807, 2.838, 3.353, 1.988, 2.665, 2.592, 2.476, 2.71, 2.656, 2.354, 2.902, 4.679, 4.914, 5.261, 5.48, 5.276, 3.637, 1.703, 1.583, 2.067, 2.863, 1.829, 2.207, 2.068, 1.769, 2.412, 3.075, 3.126, 2.596, 2.59, 4.457, 4.651, 3.731, 3.288, 3.402, 3.567, 4.194, 4.393, 3.899, 2.397, 2.499, 2.039, 2.11, 1.927, 3.017, 4.204, 3.594, 4.24, 4.886, 4.859, 5.483, 5.914, 4.597, 2.564, 2.71, 2.954], [1.776, 3.267, 4.592, 3.851, 3.421, 4.113, 5.1, 2.801, 1.747, 1.185, 1.299, 1.475, 0.0, 1.229, 2.372, 3.587, 3.81, 2.645, 1.472, 1.692, 2.627, 2.863, 1.822, 2.008, 2.741, 2.375, 2.74, 2.724, 3.334, 3.518, 4.262, 5.778, 6.842, 7.007, 6.364, 5.334, 4.138, 3.77, 3.502, 3.46, 4.733, 5.73, 4.354, 2.929, 2.144, 4.246, 6.337, 7.389, 7.667, 7.58, 6.379, 5.322, 5.552, 6.14, 7.22, 7.839, 7.245, 6.91, 6.09, 2.746, 1.826, 2.409, 3.015, 2.107, 1.927, 1.876, 2.328, 3.952, 4.547, 4.107, 3.885, 2.583, 2.251, 2.977, 3.592, 2.98, 3.232, 3.866, 2.714, 1.747, 2.646, 2.205, 2.331, 2.373, 1.924, 2.723, 1.615, 1.614, 1.685, 1.842, 2.272, 3.539, 4.046, 2.562, 2.223, 1.941, 2.038, 2.311, 2.357, 1.96, 2.295, 4.033, 4.24, 4.593, 4.785, 4.655, 3.078, 1.992, 2.227, 2.606, 3.495, 2.677, 2.978, 2.908, 2.344, 2.59, 3.203, 2.854, 1.986, 1.967, 3.604, 3.802, 2.739, 2.157, 2.537, 2.702, 3.377, 3.728, 3.182, 1.641, 2.098, 1.182, 1.497, 1.606, 3.07, 4.456, 3.735, 4.714, 5.528, 5.471, 5.899, 6.193, 4.924, 2.734, 2.564, 2.291], [1.878, 3.226, 4.461, 3.738, 3.212, 4.244, 5.313, 3.101, 2.353, 1.922, 1.994, 2.263, 1.229, 0.0, 1.719, 3.995, 3.949, 2.323, 1.683, 2.451, 3.524, 3.785, 2.635, 2.651, 3.437, 3.165, 3.464, 3.355, 3.57, 3.404, 3.886, 5.368, 6.463, 7.174, 6.301, 5.237, 4.296, 4.265, 4.135, 3.867, 4.561, 5.599, 4.637, 3.648, 3.004, 4.71, 6.827, 7.896, 8.174, 8.081, 6.817, 5.685, 6.06, 6.644, 7.727, 8.346, 7.753, 7.395, 6.574, 3.199, 2.558, 3.29, 3.54, 2.833, 2.792, 2.844, 2.99, 4.433, 4.604, 4.356, 4.347, 3.215, 2.871, 3.512, 4.128, 3.38, 3.597, 4.091, 2.935, 2.264, 2.94, 2.47, 2.566, 2.82, 2.331, 3.155, 2.23, 2.276, 2.22, 2.444, 3.029, 4.027, 4.549, 3.38, 2.273, 1.988, 2.405, 2.332, 2.65, 2.311, 2.387, 3.892, 4.061, 4.274, 4.357, 4.581, 3.46, 2.933, 3.006, 3.288, 4.113, 3.342, 4.024, 3.792, 3.128, 3.395, 3.973, 3.568, 2.575, 2.316, 3.171, 3.378, 2.292, 1.773, 2.104, 1.974, 2.865, 3.236, 2.743, 1.908, 2.353, 1.789, 1.896, 1.963, 3.441, 4.82, 4.177, 5.15, 5.98, 5.917, 6.334, 6.512, 5.216, 3.122, 2.955, 1.988], [3.202, 4.616, 5.783, 4.771, 4.252, 5.62, 6.725, 4.392, 3.425, 2.87, 3.062, 3.327, 2.372, 1.719, 0.0, 2.739, 2.694, 1.434, 2.685, 3.731, 4.754, 4.858, 3.843, 3.94, 4.811, 4.432, 4.82, 4.792, 4.792, 4.766, 5.234, 6.693, 7.714, 8.565, 7.732, 6.656, 5.655, 5.611, 5.402, 5.358, 5.94, 6.771, 5.814, 4.866, 3.88, 3.801, 5.597, 6.666, 6.943, 6.837, 5.581, 4.47, 4.829, 5.414, 6.497, 7.105, 6.523, 6.159, 5.343, 2.794, 3.585, 3.757, 2.992, 2.89, 3.513, 3.581, 4.279, 5.797, 5.818, 5.712, 5.688, 4.495, 4.061, 4.487, 5.257, 4.476, 4.674, 5.35, 3.972, 2.502, 2.683, 2.602, 2.497, 2.927, 2.852, 3.978, 2.89, 2.737, 3.143, 3.496, 3.543, 3.486, 3.611, 3.468, 2.929, 2.123, 2.355, 1.731, 1.572, 1.687, 3.387, 4.948, 5.191, 5.31, 5.453, 5.817, 4.809, 3.638, 3.502, 3.143, 3.727, 3.671, 4.573, 4.572, 4.081, 4.458, 5.195, 4.84, 3.741, 3.515, 4.246, 4.406, 3.077, 2.427, 2.546, 2.584, 3.752, 4.204, 3.693, 1.568, 2.309, 2.379, 2.253, 1.972, 2.226, 3.788, 2.979, 3.915, 4.745, 4.672, 5.075, 5.218, 3.994, 2.577, 2.833, 2.201], [5.188, 6.709, 8.007, 6.939, 6.311, 7.521, 8.561, 6.06, 4.593, 3.861, 3.832, 3.692, 3.587, 3.995, 2.739, 0.0, 1.286, 2.231, 4.476, 4.642, 5.296, 5.359, 4.647, 5.338, 5.898, 5.414, 5.788, 5.902, 6.572, 6.951, 7.767, 9.206, 10.239, 10.409, 9.872, 8.815, 7.534, 7.105, 6.656, 6.768, 8.156, 9.068, 7.591, 5.818, 4.058, 2.989, 3.341, 4.029, 4.273, 4.187, 3.513, 2.491, 2.612, 2.774, 3.827, 4.443, 3.887, 3.498, 2.879, 2.76, 4.162, 3.89, 2.524, 3.083, 4.083, 3.947, 5.633, 7.261, 7.861, 7.542, 7.178, 5.74, 5.137, 5.672, 6.511, 5.98, 6.119, 7.069, 5.615, 3.155, 3.027, 3.37, 3.192, 3.186, 3.482, 4.729, 3.519, 3.247, 3.926, 4.3, 3.795, 3.067, 2.553, 3.31, 4.984, 4.02, 3.31, 2.512, 1.869, 2.197, 5.264, 7.006, 7.469, 7.756, 8.016, 8.05, 6.453, 4.199, 3.59, 3.031, 3.319, 3.443, 4.461, 4.544, 4.428, 5.172, 6.169, 5.86, 5.079, 4.979, 6.734, 6.881, 5.39, 4.485, 4.373, 4.971, 6.206, 6.648, 5.973, 2.775, 3.291, 3.861, 3.106, 2.791, 1.611, 2.652, 2.009, 1.873, 2.41, 2.572, 2.642, 2.812, 2.208, 2.113, 2.786, 3.791], [5.1, 6.736, 7.996, 6.937, 6.326, 7.689, 8.69, 6.185, 4.934, 4.182, 4.188, 4.101, 3.81, 3.949, 2.694, 1.286, 0.0, 1.965, 4.538, 4.884, 5.697, 5.718, 4.98, 5.611, 6.318, 5.819, 6.127, 6.23, 6.753, 7.029, 7.747, 9.107, 10.175, 10.696, 9.91, 8.833, 7.647, 7.319, 6.808, 6.907, 8.072, 9.042, 7.726, 6.226, 4.635, 3.627, 3.697, 4.241, 4.388, 4.301, 3.447, 2.295, 2.888, 3.077, 4.185, 4.561, 4.216, 3.703, 3.119, 2.93, 4.586, 4.467, 3.28, 3.539, 4.466, 4.333, 5.841, 7.628, 8.023, 7.665, 7.378, 6.034, 5.468, 5.971, 6.913, 6.296, 6.292, 7.122, 5.974, 3.619, 3.237, 3.371, 3.057, 3.256, 3.756, 5.083, 3.968, 3.666, 4.188, 4.724, 4.278, 3.806, 3.365, 3.982, 4.849, 4.022, 3.468, 2.611, 2.043, 2.519, 5.397, 7.16, 7.425, 7.707, 7.918, 8.041, 6.509, 4.614, 4.128, 3.663, 4.077, 4.09, 5.151, 5.198, 4.946, 5.631, 6.64, 6.25, 5.225, 5.061, 6.679, 6.86, 5.364, 4.457, 4.387, 4.945, 6.2, 6.635, 5.994, 2.921, 3.466, 3.94, 3.34, 3.061, 1.977, 2.368, 2.089, 2.031, 2.663, 3.009, 2.929, 3.081, 2.927, 2.752, 3.024, 3.727], [3.623, 4.947, 6.225, 5.234, 4.775, 5.941, 6.982, 4.596, 3.695, 3.152, 3.362, 3.637, 2.645, 2.323, 1.434, 2.231, 1.965, 0.0, 2.866, 4.027, 5.004, 5.179, 4.084, 4.13, 5.089, 4.761, 5.115, 4.978, 5.058, 5.235, 5.917, 7.356, 8.415, 8.945, 8.11, 7.057, 5.928, 5.838, 5.696, 5.58, 6.335, 7.283, 6.155, 5.173, 4.288, 3.779, 4.785, 5.834, 6.112, 6.009, 4.781, 3.66, 4.007, 4.587, 5.68, 6.28, 5.691, 5.327, 4.511, 2.803, 3.954, 4.176, 3.513, 3.315, 3.887, 3.953, 4.423, 6.006, 6.277, 5.931, 5.868, 4.875, 4.413, 4.763, 5.506, 4.822, 5.076, 5.716, 4.341, 2.842, 2.437, 2.535, 2.472, 2.787, 2.957, 4.068, 3.192, 3.113, 3.534, 3.819, 3.982, 3.875, 3.771, 3.88, 3.653, 2.758, 2.943, 2.396, 1.884, 1.948, 3.86, 5.497, 5.722, 6.049, 6.257, 6.294, 5.004, 3.957, 3.895, 3.675, 4.089, 4.093, 5.046, 4.998, 4.53, 4.861, 5.519, 5.118, 4.122, 3.882, 4.966, 5.224, 3.796, 3.136, 3.346, 3.423, 4.58, 4.972, 4.431, 2.022, 3.005, 2.956, 2.564, 2.247, 2.05, 2.823, 2.305, 3.084, 3.909, 3.953, 4.23, 4.466, 3.645, 2.678, 2.701, 2.452], [1.637, 2.488, 3.715, 3.307, 2.814, 3.519, 4.339, 2.254, 1.899, 1.684, 1.982, 2.428, 1.472, 1.683, 2.685, 4.476, 4.538, 2.866, 0.0, 2.1, 2.934, 3.199, 1.971, 1.752, 2.582, 2.627, 2.991, 2.709, 2.68, 2.748, 3.555, 5.122, 6.2, 6.341, 5.46, 4.384, 3.274, 3.308, 3.6, 3.228, 4.118, 5.013, 3.63, 2.83, 2.794, 4.856, 6.973, 8.042, 8.32, 8.23, 7.027, 6.004, 6.236, 6.819, 7.946, 8.51, 7.909, 7.65, 6.836, 3.457, 2.273, 3.064, 3.568, 2.711, 2.625, 2.402, 1.985, 3.395, 4.102, 3.653, 3.395, 2.611, 2.541, 3.154, 3.591, 2.88, 3.24, 3.557, 2.501, 2.703, 3.436, 2.88, 2.953, 2.811, 2.322, 3.047, 2.55, 2.004, 1.968, 2.106, 2.929, 4.153, 4.689, 2.605, 2.26, 2.01, 2.517, 2.951, 3.107, 2.709, 2.119, 3.577, 3.569, 3.883, 4.124, 4.007, 2.535, 2.171, 2.893, 3.442, 4.19, 3.528, 3.496, 3.477, 3.013, 2.699, 3.144, 2.707, 2.199, 2.153, 3.486, 3.635, 2.655, 2.246, 2.85, 2.566, 3.286, 3.306, 2.69, 2.154, 2.461, 1.494, 1.684, 2.221, 3.787, 5.068, 4.354, 5.263, 6.112, 6.215, 6.761, 7.045, 5.715, 3.594, 3.519, 2.811], [1.719, 2.779, 3.924, 3.491, 3.039, 3.594, 4.294, 2.178, 1.653, 1.847, 1.932, 1.878, 1.692, 2.451, 3.731, 4.642, 4.884, 4.027, 2.1, 0.0, 1.389, 1.632, 1.408, 1.659, 1.758, 1.475, 1.505, 1.647, 2.713, 2.654, 3.424, 4.798, 5.855, 6.058, 5.447, 4.449, 3.29, 2.941, 2.477, 2.449, 3.933, 4.956, 3.645, 2.404, 2.366, 5.197, 7.314, 8.383, 8.661, 8.561, 7.406, 6.408, 6.553, 7.135, 8.214, 8.83, 8.24, 7.88, 7.08, 4.051, 2.049, 2.825, 3.905, 2.97, 2.472, 2.105, 1.309, 2.958, 4.097, 3.669, 3.132, 1.94, 1.711, 2.441, 3.254, 2.619, 2.881, 3.404, 2.466, 2.649, 3.975, 3.491, 3.637, 3.467, 2.982, 3.335, 2.521, 2.405, 2.325, 2.082, 2.98, 4.484, 4.929, 2.607, 1.713, 2.462, 3.005, 3.511, 3.538, 3.107, 2.709, 3.604, 3.643, 3.775, 4.047, 4.038, 2.228, 1.868, 2.937, 3.622, 4.483, 3.447, 2.847, 3.314, 2.614, 1.986, 2.564, 2.076, 2.369, 2.692, 3.931, 4.182, 3.592, 3.352, 3.578, 3.651, 3.442, 3.504, 3.048, 2.89, 2.712, 1.814, 2.115, 2.519, 4.058, 5.397, 4.763, 5.604, 6.453, 6.423, 6.85, 7.084, 5.732, 3.649, 3.607, 3.368], [2.577, 3.208, 4.049, 3.744, 3.332, 3.715, 4.142, 2.542, 2.227, 2.414, 2.323, 2.289, 2.627, 3.524, 4.754, 5.296, 5.697, 5.004, 2.934, 1.389, 0.0, 0.996, 1.862, 2.045, 1.905, 1.68, 1.767, 1.798, 2.899, 3.06, 3.473, 4.732, 5.682, 5.536, 4.97, 3.971, 2.929, 2.612, 2.153, 2.389, 4.333, 5.154, 3.685, 2.656, 2.649, 5.37, 7.487, 8.557, 8.834, 8.75, 7.778, 6.91, 6.895, 7.404, 8.515, 9.024, 8.455, 8.211, 7.437, 4.583, 2.447, 3.015, 4.093, 3.256, 2.732, 2.385, 1.501, 2.704, 4.522, 4.021, 3.284, 2.572, 2.557, 2.789, 3.342, 2.697, 2.93, 3.511, 2.811, 3.534, 4.615, 4.254, 4.377, 4.15, 3.689, 3.969, 3.219, 3.112, 3.087, 2.774, 3.303, 4.683, 5.251, 2.743, 2.368, 3.366, 3.877, 4.385, 4.274, 3.865, 3.574, 3.896, 3.835, 4.166, 4.318, 4.27, 2.312, 2.18, 3.354, 3.96, 4.656, 3.757, 3.112, 3.613, 2.973, 2.379, 2.461, 2.246, 3.036, 3.397, 4.699, 5.066, 4.745, 4.523, 4.701, 4.769, 4.042, 4.114, 3.818, 3.784, 3.508, 2.826, 3.03, 3.39, 4.795, 5.873, 5.238, 5.845, 6.634, 6.8, 7.335, 7.728, 6.38, 4.382, 4.266, 4.211], [2.88, 3.674, 4.509, 4.163, 3.645, 4.061, 4.407, 2.748, 2.464, 2.665, 2.571, 2.226, 2.863, 3.785, 4.858, 5.359, 5.718, 5.179, 3.199, 1.632, 0.996, 0.0, 1.889, 2.072, 1.84, 1.539, 1.807, 2.101, 3.22, 3.437, 3.732, 5.027, 5.922, 5.781, 5.191, 4.154, 3.159, 2.77, 2.407, 2.608, 4.749, 5.431, 3.938, 2.924, 2.515, 5.122, 7.239, 8.309, 8.586, 8.512, 7.541, 6.769, 6.72, 7.201, 8.241, 8.769, 8.2, 7.903, 7.279, 4.65, 2.766, 2.907, 3.903, 3.219, 2.75, 2.198, 1.639, 3.012, 4.883, 4.464, 3.63, 2.87, 2.674, 3.046, 3.668, 3.137, 3.362, 3.768, 3.098, 3.617, 4.848, 4.406, 4.529, 4.308, 3.995, 4.102, 3.233, 3.148, 3.242, 2.956, 3.056, 4.413, 4.961, 2.698, 2.43, 3.388, 4.01, 4.515, 4.286, 3.938, 3.863, 4.364, 4.245, 4.51, 4.581, 4.614, 2.739, 2.224, 3.026, 3.639, 4.408, 3.466, 2.826, 3.318, 2.875, 2.658, 2.811, 2.641, 3.314, 3.693, 5.042, 5.336, 5.032, 4.795, 4.99, 5.048, 4.568, 4.515, 4.089, 3.916, 3.635, 3.082, 3.369, 3.408, 4.678, 5.684, 4.982, 5.645, 6.404, 6.496, 7.016, 7.444, 6.095, 4.292, 4.319, 4.469], [2.22, 3.414, 4.513, 4.106, 3.653, 4.126, 4.58, 2.721, 1.711, 1.522, 1.959, 1.922, 1.822, 2.635, 3.843, 4.647, 4.98, 4.084, 1.971, 1.408, 1.862, 1.889, 0.0, 1.328, 1.594, 1.424, 1.671, 1.889, 2.868, 3.291, 3.945, 5.299, 6.34, 6.236, 5.86, 4.807, 3.609, 3.123, 2.689, 2.767, 4.717, 5.456, 4.076, 2.681, 2.043, 4.741, 6.859, 7.928, 8.206, 8.119, 7.264, 6.473, 6.403, 6.693, 7.766, 8.504, 7.853, 7.44, 6.689, 3.881, 2.265, 2.619, 3.498, 2.669, 2.373, 1.852, 1.706, 3.065, 4.672, 4.223, 3.397, 2.322, 2.264, 2.888, 3.508, 3.261, 3.348, 3.814, 2.612, 2.595, 3.692, 3.584, 3.468, 3.155, 2.811, 3.317, 2.387, 2.119, 2.201, 2.025, 2.505, 4.029, 4.469, 2.24, 2.183, 2.48, 3.16, 3.687, 3.379, 2.942, 2.984, 4.202, 4.179, 4.424, 4.504, 4.458, 2.677, 1.462, 2.492, 3.258, 4.027, 3.087, 2.652, 2.976, 2.529, 2.156, 2.732, 2.348, 2.773, 2.989, 4.502, 4.629, 3.844, 3.345, 3.655, 3.878, 4.09, 4.129, 3.426, 3.009, 2.78, 1.881, 2.129, 2.566, 3.836, 4.735, 4.358, 5.177, 6.028, 6.033, 6.622, 6.967, 5.637, 3.645, 3.628, 3.622], [1.81, 2.743, 3.7, 3.324, 2.772, 3.229, 3.696, 1.884, 1.662, 1.759, 1.996, 2.44, 2.008, 2.651, 3.94, 5.338, 5.611, 4.13, 1.752, 1.659, 2.045, 2.072, 1.328, 0.0, 1.29, 1.274, 1.892, 1.793, 2.175, 2.562, 2.982, 4.557, 5.579, 5.385, 4.925, 3.81, 2.584, 2.375, 2.349, 2.298, 3.989, 4.565, 3.201, 2.498, 2.669, 5.465, 7.582, 8.651, 8.926, 8.846, 8.022, 7.116, 7.106, 7.489, 8.5, 9.247, 8.608, 8.211, 7.491, 4.052, 2.283, 3.192, 4.246, 3.162, 2.688, 2.458, 1.339, 2.409, 3.861, 3.495, 2.779, 2.233, 2.212, 2.679, 2.934, 2.549, 2.83, 3.067, 2.057, 3.229, 4.07, 3.642, 3.869, 3.805, 3.068, 3.256, 2.983, 2.85, 2.568, 2.168, 3.2, 4.752, 5.233, 2.939, 2.146, 2.692, 3.487, 4.074, 4.044, 3.605, 2.664, 3.454, 3.426, 3.65, 3.675, 3.687, 1.992, 2.124, 3.28, 3.98, 4.751, 3.759, 3.201, 3.574, 2.861, 2.317, 2.531, 2.084, 2.368, 2.64, 3.908, 3.977, 3.41, 3.211, 3.781, 3.482, 3.533, 3.406, 2.82, 3.264, 3.206, 2.09, 2.664, 3.087, 4.547, 5.563, 5.138, 5.906, 6.754, 6.889, 7.578, 7.971, 6.657, 4.519, 4.231, 3.546], [2.156, 2.807, 3.813, 3.441, 2.853, 3.392, 3.742, 2.043, 1.675, 2.281, 2.508, 2.501, 2.741, 3.437, 4.811, 5.898, 6.318, 5.089, 2.582, 1.758, 1.905, 1.84, 1.594, 1.29, 0.0, 0.918, 1.264, 1.376, 2.246, 2.548, 3.085, 4.576, 5.598, 5.344, 4.917, 3.844, 2.695, 2.326, 2.159, 2.148, 4.122, 4.661, 3.296, 1.907, 2.826, 5.486, 7.627, 8.682, 8.95, 8.945, 8.303, 7.62, 7.453, 7.729, 8.626, 9.434, 8.81, 8.405, 7.719, 4.78, 2.192, 3.165, 4.438, 3.327, 2.635, 2.569, 1.416, 2.237, 4.03, 3.601, 2.787, 1.987, 1.81, 2.317, 2.854, 2.654, 2.766, 3.114, 2.071, 3.57, 4.665, 4.383, 4.605, 4.281, 3.486, 3.062, 3.305, 3.329, 2.998, 2.44, 3.234, 4.824, 5.387, 3.145, 2.719, 3.524, 4.363, 4.866, 4.633, 4.232, 2.751, 3.515, 3.476, 3.782, 3.773, 3.84, 1.907, 2.179, 3.374, 4.175, 4.813, 3.873, 3.181, 3.691, 2.704, 1.76, 1.798, 1.72, 2.218, 2.693, 4.049, 4.308, 3.916, 3.815, 4.294, 4.2, 3.708, 3.503, 3.307, 4.067, 3.965, 2.886, 3.337, 3.442, 5.012, 5.672, 5.454, 6.111, 6.898, 7.095, 7.806, 8.227, 6.935, 4.907, 4.648, 4.192], [2.167, 3.114, 4.081, 3.705, 3.182, 3.558, 3.98, 2.253, 1.659, 1.946, 2.219, 2.135, 2.375, 3.165, 4.432, 5.414, 5.819, 4.761, 2.627, 1.475, 1.68, 1.539, 1.424, 1.274, 0.918, 0.0, 1.223, 1.453, 2.403, 2.873, 3.267, 4.824, 5.845, 5.636, 5.276, 4.158, 2.955, 2.524, 1.984, 2.257, 4.241, 4.87, 3.526, 2.213, 2.419, 5.22, 7.337, 8.407, 8.684, 8.666, 7.914, 7.244, 7.095, 7.386, 8.311, 9.063, 8.452, 7.997, 7.237, 4.393, 2.227, 2.854, 4.171, 3.007, 2.409, 2.258, 1.49, 2.487, 4.163, 3.785, 2.961, 2.152, 1.962, 2.451, 3.001, 2.636, 2.774, 3.216, 2.242, 3.226, 4.262, 4.001, 4.142, 4.063, 3.451, 3.3, 2.943, 3.023, 2.889, 2.366, 2.971, 4.54, 4.99, 2.799, 2.411, 3.102, 3.934, 4.431, 4.153, 3.751, 2.945, 3.7, 3.686, 3.945, 3.958, 3.988, 2.181, 1.834, 2.965, 3.756, 4.524, 3.479, 2.847, 3.304, 2.348, 1.819, 2.084, 1.919, 2.499, 2.822, 4.261, 4.529, 4.038, 3.896, 4.18, 4.242, 3.91, 3.757, 3.436, 3.671, 3.5, 2.494, 2.937, 3.107, 4.548, 5.296, 4.947, 5.803, 6.611, 6.693, 7.294, 7.645, 6.364, 4.452, 4.184, 3.853], [2.236, 2.668, 3.678, 3.249, 2.84, 3.208, 3.6, 1.879, 1.858, 2.599, 2.839, 2.585, 2.74, 3.464, 4.82, 5.788, 6.127, 5.115, 2.991, 1.505, 1.767, 1.807, 1.671, 1.892, 1.264, 1.223, 0.0, 1.036, 2.094, 2.42, 2.883, 4.098, 5.109, 5.133, 4.869, 3.872, 2.708, 2.372, 1.81, 1.719, 3.624, 4.426, 3.119, 1.97, 3.108, 6.019, 8.136, 9.205, 9.482, 9.402, 8.421, 7.607, 7.572, 7.988, 9.039, 9.656, 9.062, 8.699, 7.953, 5.122, 2.499, 3.601, 4.754, 3.769, 3.201, 2.95, 1.641, 2.068, 3.785, 3.333, 2.553, 1.649, 1.735, 1.903, 2.553, 2.377, 2.635, 2.906, 2.254, 3.466, 4.687, 4.573, 4.735, 4.454, 3.733, 3.143, 3.153, 3.407, 3.051, 2.682, 3.755, 5.306, 5.746, 3.425, 2.584, 3.362, 4.151, 4.696, 4.581, 4.092, 2.654, 3.255, 3.203, 3.409, 3.488, 3.544, 1.977, 2.45, 3.673, 4.386, 5.305, 4.229, 3.609, 4.011, 2.821, 1.707, 1.874, 1.602, 2.422, 2.747, 3.991, 4.456, 3.952, 3.896, 3.984, 4.303, 3.549, 3.554, 3.484, 4.04, 3.754, 2.759, 3.215, 3.374, 4.898, 5.936, 5.544, 6.475, 7.285, 7.225, 7.647, 7.959, 6.631, 4.736, 4.623, 4.107], [2.086, 2.297, 3.215, 2.863, 2.536, 2.798, 3.326, 1.682, 1.77, 2.572, 2.88, 2.791, 2.724, 3.355, 4.792, 5.902, 6.23, 4.978, 2.709, 1.647, 1.798, 2.101, 1.889, 1.793, 1.376, 1.453, 1.036, 0.0, 1.578, 2.235, 2.543, 3.98, 4.98, 4.981, 4.606, 3.604, 2.448, 2.129, 1.847, 1.621, 3.275, 4.071, 2.887, 1.983, 3.394, 6.305, 8.423, 9.482, 9.753, 9.648, 8.609, 7.796, 7.765, 8.239, 9.323, 9.945, 9.341, 8.985, 8.183, 5.142, 2.647, 3.887, 5.014, 3.972, 3.437, 3.188, 1.373, 1.929, 3.373, 2.868, 2.179, 1.617, 1.537, 1.651, 2.172, 2.06, 2.365, 2.569, 1.947, 3.598, 4.579, 4.508, 4.708, 4.464, 3.744, 2.977, 3.316, 3.472, 3.141, 2.595, 4.04, 5.592, 6.032, 3.646, 2.77, 3.295, 4.211, 4.845, 4.612, 4.138, 2.509, 2.799, 2.847, 3.095, 3.142, 3.113, 1.409, 2.622, 3.817, 4.653, 5.591, 4.516, 3.882, 4.197, 3.001, 1.729, 1.636, 1.175, 2.173, 2.481, 3.685, 4.249, 3.695, 3.745, 4.047, 4.149, 3.051, 3.182, 3.269, 4.098, 3.924, 2.862, 3.242, 3.478, 4.921, 6.064, 5.741, 6.721, 7.562, 7.498, 7.962, 8.267, 6.974, 4.909, 4.598, 3.988], [2.318, 1.472, 2.261, 1.688, 1.549, 1.831, 2.57, 1.044, 2.34, 3.188, 3.424, 3.762, 3.334, 3.57, 4.792, 6.572, 6.753, 5.058, 2.68, 2.713, 2.899, 3.22, 2.868, 2.175, 2.246, 2.403, 2.094, 1.578, 0.0, 1.51, 1.915, 3.246, 4.246, 4.313, 3.82, 2.709, 1.723, 2.126, 2.396, 1.656, 2.523, 3.05, 1.986, 1.969, 4.143, 7.012, 9.129, 10.191, 10.462, 10.353, 9.375, 8.408, 8.496, 8.946, 10.029, 10.738, 10.096, 9.707, 8.879, 5.421, 3.229, 4.594, 5.753, 4.689, 4.163, 3.969, 1.993, 1.551, 2.3, 2.058, 1.532, 1.671, 1.979, 1.855, 1.656, 1.836, 2.306, 1.993, 1.574, 4.403, 5.059, 4.81, 5.147, 5.037, 4.187, 3.176, 4.165, 4.107, 3.621, 3.15, 4.747, 6.299, 6.739, 4.48, 2.972, 3.479, 4.453, 5.089, 5.149, 4.681, 2.037, 1.856, 1.78, 2.052, 2.067, 2.049, 1.344, 3.793, 4.795, 5.428, 6.298, 5.222, 4.664, 5.004, 3.775, 2.148, 2.038, 1.425, 2.188, 2.379, 2.642, 3.321, 2.879, 3.676, 4.127, 3.566, 2.415, 2.228, 2.462, 4.354, 4.15, 3.203, 3.747, 4.295, 5.624, 6.761, 6.491, 7.419, 8.274, 8.265, 8.831, 9.112, 7.83, 5.692, 5.313, 4.107], [2.169, 1.09, 1.772, 1.466, 1.554, 1.773, 2.342, 1.477, 2.819, 3.687, 3.821, 4.16, 3.518, 3.404, 4.766, 6.951, 7.029, 5.235, 2.748, 2.654, 3.06, 3.437, 3.291, 2.562, 2.548, 2.873, 2.42, 2.235, 1.51, 0.0, 1.708, 2.5, 3.532, 3.879, 3.197, 2.147, 1.994, 2.739, 2.871, 1.736, 2.112, 2.846, 1.894, 2.311, 4.642, 7.549, 9.666, 10.735, 11.008, 10.899, 9.683, 8.635, 8.903, 9.503, 10.566, 11.185, 10.592, 10.233, 9.439, 5.917, 3.72, 5.131, 6.257, 5.215, 4.679, 4.439, 2.275, 1.606, 2.161, 1.885, 1.727, 1.733, 2.583, 2.572, 2.198, 2.407, 2.977, 2.269, 2.134, 4.898, 5.775, 5.208, 5.435, 5.379, 4.57, 3.66, 4.616, 4.438, 3.882, 3.618, 5.284, 6.836, 7.288, 4.876, 2.74, 3.574, 4.701, 5.299, 5.617, 5.157, 2.442, 1.927, 1.851, 1.769, 1.911, 1.928, 1.523, 3.938, 5.207, 5.914, 6.835, 5.806, 5.132, 5.568, 4.348, 2.767, 2.756, 2.032, 2.412, 2.496, 2.087, 2.73, 2.675, 3.808, 4.331, 3.509, 2.419, 1.83, 2.198, 4.636, 4.47, 3.492, 4.118, 4.641, 6.258, 7.565, 6.979, 7.956, 8.805, 8.79, 9.272, 9.567, 8.272, 6.111, 5.752, 4.451], [2.714, 1.795, 1.916, 2.037, 2.11, 1.776, 2.162, 1.998, 3.64, 4.506, 4.617, 4.981, 4.262, 3.886, 5.234, 7.767, 7.747, 5.917, 3.555, 3.424, 3.473, 3.732, 3.945, 2.982, 3.085, 3.267, 2.883, 2.543, 1.915, 1.708, 0.0, 1.866, 2.959, 3.6, 2.894, 1.901, 1.482, 2.073, 2.269, 1.811, 2.215, 2.462, 2.164, 3.253, 5.476, 8.381, 10.499, 11.567, 11.838, 11.729, 10.472, 9.393, 9.731, 10.329, 11.404, 12.0, 11.425, 11.072, 10.278, 6.749, 4.552, 5.963, 7.089, 6.048, 5.511, 5.264, 2.648, 1.752, 2.657, 2.411, 2.228, 2.908, 3.398, 3.141, 2.515, 2.384, 2.717, 1.998, 2.891, 5.731, 6.58, 6.021, 6.25, 6.206, 5.446, 4.684, 5.394, 5.257, 4.679, 4.434, 6.116, 7.668, 8.127, 5.697, 3.257, 4.165, 5.353, 5.94, 6.444, 5.983, 3.29, 2.12, 1.708, 1.715, 1.753, 2.005, 1.903, 4.732, 5.993, 6.734, 7.667, 6.645, 5.958, 6.383, 5.166, 3.582, 3.087, 2.542, 3.214, 3.462, 2.824, 3.273, 3.597, 4.338, 4.728, 3.896, 2.702, 2.369, 2.789, 5.402, 5.103, 4.245, 4.888, 5.413, 7.064, 8.383, 7.818, 8.788, 9.638, 9.622, 10.056, 10.321, 8.983, 6.876, 6.459, 5.087], [4.248, 2.773, 1.897, 2.611, 3.332, 2.174, 1.652, 3.341, 5.148, 6.051, 6.2, 6.463, 5.778, 5.368, 6.693, 9.206, 9.107, 7.356, 5.122, 4.798, 4.732, 5.027, 5.299, 4.557, 4.576, 4.824, 4.098, 3.98, 3.246, 2.5, 1.866, 0.0, 1.546, 2.233, 1.998, 1.705, 2.4, 2.891, 3.108, 2.65, 1.931, 1.84, 2.335, 4.544, 7.066, 9.977, 12.095, 13.164, 13.442, 13.336, 12.08, 10.945, 11.327, 11.912, 12.995, 13.607, 13.021, 12.657, 11.841, 8.376, 6.149, 7.559, 8.686, 7.644, 7.107, 6.86, 4.009, 2.53, 2.444, 2.217, 2.52, 3.831, 4.719, 4.22, 3.299, 3.837, 3.992, 2.694, 4.367, 7.149, 8.106, 7.575, 7.804, 7.802, 6.973, 5.997, 6.863, 6.853, 6.237, 5.974, 7.712, 9.265, 9.705, 7.293, 4.437, 5.601, 6.673, 7.296, 7.893, 7.426, 4.631, 2.683, 2.242, 1.853, 1.819, 1.948, 3.062, 6.298, 7.606, 8.375, 9.263, 8.188, 7.598, 7.996, 6.806, 5.183, 4.504, 3.978, 4.808, 4.786, 3.104, 3.693, 4.482, 5.705, 6.126, 5.09, 3.721, 3.364, 4.123, 6.882, 6.454, 5.615, 6.324, 6.784, 8.575, 9.957, 9.396, 10.384, 11.234, 11.17, 11.56, 11.696, 10.375, 8.297, 8.034, 6.551], [5.355, 3.844, 2.731, 3.667, 4.449, 3.161, 2.226, 4.407, 6.206, 7.117, 7.267, 7.53, 6.842, 6.463, 7.714, 10.239, 10.175, 8.415, 6.2, 5.855, 5.682, 5.922, 6.34, 5.579, 5.598, 5.845, 5.109, 4.98, 4.246, 3.532, 2.959, 1.546, 0.0, 1.63, 1.382, 2.08, 3.254, 3.584, 4.015, 3.659, 2.432, 2.115, 3.105, 5.611, 8.133, 11.044, 13.162, 14.231, 14.505, 14.396, 13.174, 12.036, 12.394, 12.978, 14.062, 14.667, 14.088, 13.723, 12.908, 9.412, 7.215, 8.626, 9.753, 8.711, 8.174, 7.927, 5.084, 3.558, 2.794, 2.958, 3.424, 4.784, 5.681, 5.258, 4.321, 4.904, 5.02, 3.677, 5.389, 8.19, 9.094, 8.643, 8.871, 8.863, 8.036, 7.052, 7.91, 7.921, 7.303, 7.039, 8.779, 10.331, 10.771, 8.36, 5.577, 6.57, 7.822, 8.432, 8.918, 8.418, 5.607, 3.584, 3.226, 2.818, 2.771, 2.705, 4.103, 7.32, 8.628, 9.397, 10.33, 9.255, 8.621, 9.018, 7.818, 6.204, 5.518, 4.989, 5.863, 5.868, 4.136, 4.887, 5.56, 6.713, 7.196, 6.194, 4.643, 4.472, 5.194, 7.937, 7.532, 6.574, 7.368, 7.815, 9.549, 10.957, 10.463, 11.451, 12.301, 12.237, 12.614, 12.761, 11.44, 9.352, 9.089, 7.618], [5.944, 4.131, 3.102, 4.113, 4.861, 3.182, 2.297, 4.627, 6.056, 6.894, 7.017, 7.357, 7.007, 7.174, 8.565, 10.409, 10.696, 8.945, 6.341, 6.058, 5.536, 5.781, 6.236, 5.385, 5.344, 5.636, 5.133, 4.981, 4.313, 3.879, 3.6, 2.233, 1.63, 0.0, 1.427, 2.303, 3.33, 3.541, 4.071, 3.909, 3.168, 2.412, 3.236, 5.391, 7.883, 10.794, 12.912, 13.981, 14.254, 14.159, 13.188, 12.273, 12.284, 12.737, 13.818, 14.458, 13.838, 13.474, 12.722, 9.303, 7.013, 8.376, 9.503, 8.47, 7.924, 7.68, 5.112, 3.349, 3.114, 3.068, 3.479, 5.118, 5.991, 5.434, 4.277, 4.916, 5.176, 4.073, 5.2, 8.27, 9.058, 8.72, 9.01, 8.926, 7.896, 6.93, 8.008, 7.94, 7.464, 7.022, 8.529, 10.081, 10.521, 8.128, 6.309, 7.169, 8.409, 9.036, 9.146, 8.686, 6.059, 4.108, 3.823, 3.605, 3.703, 3.068, 4.345, 7.07, 8.376, 9.152, 10.08, 9.028, 8.371, 8.791, 7.598, 6.018, 5.286, 5.005, 6.062, 6.182, 4.859, 5.442, 6.435, 7.617, 8.132, 7.12, 5.576, 5.258, 5.897, 8.258, 8.118, 7.106, 7.679, 8.124, 9.595, 10.791, 10.273, 11.216, 12.051, 12.012, 12.625, 13.012, 11.696, 9.583, 9.271, 8.219], [5.021, 3.264, 2.364, 3.144, 3.823, 2.54, 1.648, 3.86, 5.69, 6.51, 6.518, 6.989, 6.364, 6.301, 7.732, 9.872, 9.91, 8.11, 5.46, 5.447, 4.97, 5.191, 5.86, 4.925, 4.917, 5.276, 4.869, 4.606, 3.82, 3.197, 2.894, 1.998, 1.382, 1.427, 0.0, 1.447, 2.478, 2.906, 3.587, 3.298, 2.38, 2.233, 2.653, 4.78, 7.404, 10.18, 12.278, 13.372, 13.616, 13.529, 12.375, 11.326, 11.549, 12.232, 13.314, 13.847, 13.261, 13.045, 12.204, 8.728, 6.381, 7.792, 8.909, 7.817, 7.281, 7.096, 4.476, 3.041, 2.737, 2.445, 2.941, 4.561, 5.451, 4.938, 3.864, 4.249, 4.209, 3.133, 4.905, 7.803, 8.728, 7.998, 8.232, 8.109, 7.337, 6.538, 7.484, 7.26, 6.745, 6.415, 7.98, 9.493, 10.065, 7.521, 5.529, 6.437, 7.64, 8.225, 8.491, 8.119, 5.327, 3.342, 2.978, 2.866, 2.987, 2.472, 3.692, 6.713, 8.054, 8.818, 9.448, 8.573, 7.922, 8.451, 7.257, 5.615, 4.892, 4.548, 5.29, 5.44, 4.273, 5.041, 5.628, 6.817, 7.312, 6.407, 4.86, 4.438, 4.981, 7.5, 7.496, 6.426, 7.027, 7.551, 9.201, 10.474, 9.758, 10.558, 11.421, 11.634, 12.145, 12.456, 11.12, 8.977, 8.692, 7.452], [3.993, 2.212, 1.707, 2.183, 2.709, 1.734, 1.219, 2.832, 4.6, 5.382, 5.433, 5.918, 5.334, 5.237, 6.656, 8.815, 8.833, 7.057, 4.384, 4.449, 3.971, 4.154, 4.807, 3.81, 3.844, 4.158, 3.872, 3.604, 2.709, 2.147, 1.901, 1.705, 2.08, 2.303, 1.447, 0.0, 1.414, 1.981, 2.625, 2.256, 1.923, 2.071, 2.052, 3.673, 6.281, 9.059, 11.177, 12.248, 12.524, 12.435, 11.257, 10.291, 10.496, 11.113, 12.198, 12.778, 12.182, 11.928, 11.09, 7.595, 5.272, 6.675, 7.8, 6.726, 6.189, 5.971, 3.393, 2.077, 2.538, 2.125, 1.982, 3.515, 4.413, 3.904, 2.842, 3.189, 3.246, 2.273, 3.801, 6.731, 7.638, 6.867, 7.141, 7.001, 6.261, 5.438, 6.45, 6.192, 5.686, 5.331, 6.853, 8.367, 8.925, 6.401, 4.457, 5.364, 6.561, 7.125, 7.391, 7.009, 4.298, 2.483, 2.094, 2.202, 2.364, 1.873, 2.712, 5.692, 6.987, 7.716, 8.347, 7.442, 6.795, 7.339, 6.149, 4.484, 3.813, 3.461, 4.172, 4.354, 3.612, 4.381, 4.569, 5.725, 6.222, 5.278, 3.95, 3.551, 3.982, 6.434, 6.378, 5.361, 5.962, 6.504, 8.118, 9.331, 8.643, 9.466, 10.316, 10.533, 11.102, 11.406, 10.077, 7.942, 7.639, 6.348], [2.965, 1.828, 2.239, 2.217, 2.11, 1.897, 1.675, 1.787, 3.348, 4.169, 4.246, 4.682, 4.138, 4.296, 5.655, 7.534, 7.647, 5.928, 3.274, 3.29, 2.929, 3.159, 3.609, 2.584, 2.695, 2.955, 2.708, 2.448, 1.723, 1.994, 1.482, 2.4, 3.254, 3.33, 2.478, 1.414, 0.0, 1.123, 1.725, 1.542, 2.414, 2.855, 2.196, 2.626, 5.0, 7.793, 9.911, 10.997, 11.258, 11.171, 10.031, 9.094, 9.227, 9.84, 10.903, 11.5, 10.913, 10.653, 9.798, 6.335, 3.995, 5.39, 6.56, 5.477, 4.927, 4.743, 2.289, 1.652, 2.847, 2.342, 1.94, 2.681, 3.206, 2.861, 2.182, 2.006, 2.162, 1.692, 2.68, 5.452, 6.358, 5.617, 5.943, 5.777, 5.031, 4.294, 5.171, 4.908, 4.49, 4.068, 5.588, 7.108, 7.658, 5.153, 3.411, 4.407, 5.427, 5.987, 6.156, 5.741, 3.23, 2.166, 1.854, 2.375, 2.537, 2.259, 1.962, 4.508, 5.815, 6.435, 7.079, 6.148, 5.53, 6.058, 4.869, 3.211, 2.662, 2.289, 3.04, 3.383, 3.754, 4.278, 4.093, 4.717, 5.132, 4.653, 3.604, 3.292, 3.351, 5.215, 5.162, 4.142, 4.698, 5.232, 6.861, 8.076, 7.376, 8.205, 9.05, 9.253, 9.823, 10.131, 8.802, 6.66, 6.364, 5.243], [2.811, 2.551, 3.003, 2.995, 2.83, 2.628, 2.218, 2.153, 2.92, 3.671, 3.86, 4.246, 3.77, 4.265, 5.611, 7.105, 7.319, 5.838, 3.308, 2.941, 2.612, 2.77, 3.123, 2.375, 2.326, 2.524, 2.372, 2.129, 2.126, 2.739, 2.073, 2.891, 3.584, 3.541, 2.906, 1.981, 1.123, 0.0, 1.124, 1.647, 2.979, 3.269, 2.874, 2.671, 4.609, 7.46, 9.578, 10.647, 10.925, 10.82, 9.792, 8.847, 8.919, 9.457, 10.478, 11.175, 10.562, 10.167, 9.339, 5.882, 3.669, 5.042, 6.192, 5.127, 4.59, 4.371, 2.177, 2.064, 3.449, 2.768, 2.277, 2.603, 2.979, 2.85, 2.322, 2.11, 1.928, 1.848, 2.836, 4.998, 5.917, 5.306, 5.587, 5.486, 4.709, 4.172, 4.745, 4.557, 4.098, 3.738, 5.195, 6.748, 7.188, 4.795, 3.5, 4.435, 5.145, 5.695, 5.771, 5.345, 3.22, 2.68, 2.395, 3.031, 3.203, 2.899, 2.01, 4.104, 5.32, 5.961, 6.746, 5.706, 5.091, 5.568, 4.407, 2.801, 2.34, 2.07, 2.968, 3.347, 4.422, 4.855, 4.571, 4.593, 4.952, 4.942, 3.926, 3.851, 3.869, 4.937, 4.874, 3.776, 4.324, 4.888, 6.368, 7.568, 6.961, 7.867, 8.717, 8.771, 9.395, 9.737, 8.419, 6.245, 5.974, 5.051], [3.023, 2.866, 3.386, 3.386, 3.27, 2.96, 2.63, 2.547, 2.877, 3.336, 3.46, 3.624, 3.502, 4.135, 5.402, 6.656, 6.808, 5.696, 3.6, 2.477, 2.153, 2.407, 2.689, 2.349, 2.159, 1.984, 1.81, 1.847, 2.396, 2.871, 2.269, 3.108, 4.015, 4.071, 3.587, 2.625, 1.725, 1.124, 0.0, 1.538, 3.168, 3.61, 3.218, 2.848, 4.152, 7.061, 9.179, 10.248, 10.524, 10.415, 9.39, 8.428, 8.498, 9.031, 10.079, 10.74, 10.123, 9.745, 8.933, 5.599, 3.393, 4.643, 5.793, 4.755, 4.192, 3.984, 2.133, 2.098, 3.657, 2.979, 2.338, 2.676, 2.964, 2.927, 2.482, 2.14, 2.011, 2.149, 2.987, 4.648, 5.421, 5.107, 5.248, 5.284, 4.69, 4.234, 4.329, 4.264, 3.937, 3.637, 4.801, 6.349, 6.788, 4.415, 3.074, 3.948, 4.771, 5.353, 5.249, 4.792, 3.399, 2.97, 2.689, 3.324, 3.398, 3.136, 2.07, 3.486, 4.743, 5.484, 6.347, 5.272, 4.65, 5.053, 3.894, 2.729, 2.475, 2.066, 3.149, 3.552, 4.664, 5.294, 4.829, 4.757, 4.922, 5.133, 4.08, 4.199, 4.268, 4.648, 4.502, 3.485, 3.923, 4.341, 5.824, 6.989, 6.558, 7.476, 8.321, 8.301, 8.849, 9.183, 7.903, 5.74, 5.435, 4.723], [2.43, 1.772, 2.548, 2.213, 2.19, 2.119, 2.339, 1.623, 2.781, 3.603, 3.808, 3.883, 3.46, 3.867, 5.358, 6.768, 6.907, 5.58, 3.228, 2.449, 2.389, 2.608, 2.767, 2.298, 2.148, 2.257, 1.719, 1.621, 1.656, 1.736, 1.811, 2.65, 3.659, 3.909, 3.298, 2.256, 1.542, 1.647, 1.538, 0.0, 2.479, 3.11, 2.16, 2.132, 4.474, 7.385, 9.503, 10.572, 10.848, 10.739, 9.619, 8.551, 8.752, 9.319, 10.403, 11.022, 10.429, 10.064, 9.249, 5.864, 3.602, 4.967, 6.095, 5.061, 4.538, 4.281, 2.05, 1.385, 2.695, 2.358, 1.612, 1.757, 2.363, 2.196, 1.932, 2.18, 2.23, 1.646, 2.577, 