[[0.0, 1.616, 2.988, 4.666, 3.733, 2.476, 2.503, 3.284, 3.265, 2.424, 2.267, 2.006, 1.353, 2.296, 3.439, 4.412, 4.887, 6.781, 8.377, 10.013, 10.731, 11.747, 11.567, 12.098, 14.019, 15.189, 15.08, 15.087, 14.984, 15.304, 17.833, 19.944, 20.304, 20.082, 19.751, 19.764, 19.852, 19.712, 19.159, 18.081, 15.17, 12.985, 12.089, 10.945, 9.354, 7.48, 7.793, 8.425, 8.037, 6.656, 5.408, 5.168, 6.19, 5.31, 4.559, 5.28, 4.893, 5.757, 5.101, 5.202, 4.423, 3.987, 3.925, 3.264, 2.401, 2.39, 2.307, 2.214, 3.286, 4.711, 5.881, 6.858, 7.303, 7.558, 7.445, 6.087, 5.288, 5.806, 7.082, 6.41, 6.251, 7.745, 5.305, 3.559, 4.299, 3.055, 2.589, 3.302, 4.446, 5.187, 5.77, 5.836, 5.507, 5.498, 5.562, 6.456, 6.287, 5.708, 6.549, 7.192, 6.967, 7.574, 8.006, 6.223, 5.257, 5.615, 5.329, 5.459, 4.993, 3.856, 4.372, 4.599, 3.984, 4.098, 4.8, 5.122, 5.471, 5.189, 5.346, 4.909, 5.674, 6.576, 5.652, 5.886, 5.177, 6.347, 7.367, 7.182, 7.21, 6.992, 6.29, 7.176, 5.974, 4.355, 3.869, 3.956, 4.236, 4.459, 4.333, 4.874, 4.721, 3.887, 3.96, 3.301, 4.262], [1.616, 0.0, 1.763, 3.632, 2.673, 1.827, 1.985, 2.445, 2.687, 1.934, 2.398, 2.103, 1.567, 3.089, 4.717, 5.726, 6.179, 8.162, 9.866, 11.471, 12.202, 13.016, 12.774, 13.333, 15.196, 16.354, 16.264, 16.324, 16.251, 16.436, 18.96, 21.113, 21.538, 21.325, 20.962, 21.032, 21.115, 20.964, 20.435, 19.372, 16.477, 14.276, 13.317, 12.374, 10.742, 8.807, 9.149, 9.725, 9.278, 7.939, 6.547, 5.286, 5.819, 5.515, 5.106, 4.994, 4.534, 5.497, 5.474, 5.673, 5.197, 4.532, 4.536, 3.748, 1.937, 1.828, 2.293, 1.894, 2.327, 3.801, 4.892, 5.71, 6.023, 6.266, 6.149, 4.856, 4.176, 4.816, 6.19, 5.495, 5.195, 6.675, 4.334, 3.319, 4.36, 3.25, 2.322, 2.877, 4.506, 5.699, 6.35, 6.109, 5.934, 5.791, 5.96, 6.719, 7.053, 6.181, 7.181, 8.073, 7.453, 8.574, 8.971, 7.126, 6.377, 6.656, 6.454, 6.438, 6.131, 4.712, 4.768, 5.148, 5.009, 5.122, 5.459, 5.248, 5.881, 5.342, 5.48, 5.277, 6.953, 7.31, 6.411, 6.45, 5.888, 6.574, 7.765, 7.938, 7.999, 7.486, 6.58, 6.84, 5.582, 4.168, 4.052, 5.047, 5.484, 5.555, 5.497, 5.756, 5.184, 3.409, 3.577, 2.928, 3.494], [2.988, 1.763, 0.0, 2.275, 1.684, 1.989, 2.388, 2.15, 2.28, 2.771, 3.754, 3.526, 3.064, 4.611, 6.36, 7.114, 7.467, 9.47, 11.101, 12.69, 13.574, 14.561, 14.278, 14.805, 16.595, 17.839, 17.712, 17.697, 17.693, 18.096, 20.602, 22.567, 23.046, 22.816, 22.436, 22.386, 22.411, 22.278, 21.793, 20.674, 17.744, 15.645, 14.653, 13.674, 12.084, 9.982, 10.242, 10.849, 10.333, 9.021, 7.425, 5.694, 5.836, 5.928, 6.477, 5.282, 4.522, 5.576, 5.807, 6.205, 5.738, 4.959, 4.985, 4.147, 2.245, 2.168, 2.792, 2.336, 1.919, 2.306, 3.439, 4.196, 4.691, 4.998, 4.843, 3.485, 3.008, 3.417, 4.758, 4.186, 3.862, 5.159, 3.628, 3.695, 4.782, 3.867, 3.086, 2.83, 4.752, 6.136, 6.783, 6.438, 6.309, 6.236, 6.356, 7.022, 7.559, 6.945, 7.952, 8.622, 7.955, 9.36, 10.095, 8.025, 7.246, 7.656, 7.426, 7.679, 7.002, 5.487, 5.424, 5.829, 6.518, 6.135, 6.103, 5.807, 6.531, 5.717, 5.882, 6.168, 8.328, 8.351, 7.107, 7.072, 6.724, 7.074, 8.142, 8.46, 8.524, 7.932, 6.939, 6.887, 5.25, 4.661, 4.711, 5.71, 6.599, 6.681, 6.49, 6.337, 5.867, 3.49, 3.004, 2.714, 2.626], [4.666, 3.632, 2.275, 0.0, 1.574, 3.445, 3.742, 3.432, 3.542, 4.684, 5.598, 5.463, 4.875, 6.345, 8.036, 8.954, 9.386, 11.245, 12.726, 14.15, 15.183, 16.215, 16.05, 16.627, 18.55, 19.712, 19.635, 19.661, 19.62, 19.903, 22.389, 24.469, 24.828, 24.614, 24.313, 24.397, 24.415, 24.284, 23.653, 22.594, 19.689, 17.487, 16.624, 15.439, 13.491, 11.581, 11.557, 12.269, 11.622, 10.313, 8.428, 5.777, 5.156, 7.049, 7.854, 6.177, 5.207, 5.617, 6.654, 7.087, 6.605, 5.229, 5.142, 4.663, 3.028, 2.802, 4.092, 3.834, 2.247, 1.182, 1.544, 2.38, 3.311, 3.608, 3.456, 2.353, 2.104, 2.356, 3.267, 2.629, 2.189, 3.38, 2.113, 3.314, 4.796, 4.366, 4.026, 2.952, 4.903, 6.161, 7.046, 6.568, 6.378, 6.072, 6.363, 7.416, 8.587, 8.252, 9.471, 9.593, 9.535, 10.854, 11.916, 9.867, 8.377, 8.713, 8.541, 8.571, 8.336, 7.123, 6.486, 7.062, 7.938, 7.163, 6.648, 6.599, 7.513, 6.565, 6.029, 7.271, 9.738, 9.499, 8.471, 8.053, 8.032, 7.206, 8.286, 8.842, 8.827, 8.079, 6.925, 6.439, 4.934, 4.851, 5.668, 6.702, 7.854, 8.017, 7.609, 6.556, 5.99, 3.185, 2.349, 3.524, 1.575], [3.733, 2.673, 1.684, 1.574, 0.0, 2.218, 2.625, 2.252, 2.467, 3.599, 4.516, 4.355, 3.726, 5.181, 6.704, 7.977, 8.483, 10.395, 11.901, 13.46, 14.325, 15.202, 15.061, 15.585, 17.482, 18.631, 18.602, 18.657, 18.623, 18.629, 21.29, 23.447, 23.838, 23.621, 23.296, 23.406, 23.475, 23.32, 22.748, 21.721, 18.83, 16.625, 15.682, 14.571, 12.717, 10.667, 10.947, 11.56, 11.014, 9.634, 7.916, 5.597, 5.194, 6.146, 6.727, 5.448, 4.618, 5.479, 6.019, 6.564, 6.124, 5.01, 4.975, 4.361, 2.42, 1.955, 3.231, 2.923, 1.721, 1.852, 2.758, 3.556, 3.896, 4.005, 4.055, 2.94, 2.318, 3.009, 4.177, 3.421, 3.068, 4.595, 2.533, 3.149, 4.592, 3.901, 3.098, 2.473, 4.703, 5.928, 6.748, 6.286, 6.197, 5.967, 6.158, 7.036, 8.061, 7.459, 8.663, 8.83, 8.664, 9.972, 10.944, 8.902, 7.698, 8.066, 7.928, 7.668, 7.49, 6.122, 5.616, 6.181, 6.954, 6.515, 6.227, 6.107, 6.973, 5.965, 5.69, 6.518, 9.0, 8.737, 7.73, 7.435, 7.275, 6.796, 8.065, 8.521, 8.521, 7.893, 6.803, 6.518, 4.925, 4.425, 5.033, 6.085, 7.133, 7.195, 7.032, 6.3, 5.786, 2.944, 2.367, 2.79, 1.805], [2.476, 1.827, 1.989, 3.445, 2.218, 0.0, 0.833, 1.275, 1.257, 1.814, 2.606, 2.493, 2.097, 3.506, 4.958, 6.238, 6.714, 8.71, 10.458, 12.073, 12.741, 13.471, 13.303, 13.793, 15.497, 16.647, 16.686, 16.739, 16.761, 16.705, 19.471, 21.545, 21.947, 21.776, 21.432, 21.509, 21.62, 21.484, 20.982, 19.925, 16.992, 14.818, 13.824, 12.922, 11.355, 9.447, 9.774, 10.355, 9.859, 8.561, 7.062, 5.605, 5.959, 5.82, 5.373, 5.284, 4.659, 5.664, 5.776, 5.988, 5.505, 4.823, 4.793, 4.015, 2.193, 2.414, 3.015, 2.588, 3.087, 3.64, 4.823, 5.658, 5.857, 5.857, 5.944, 4.779, 3.836, 4.617, 5.929, 5.201, 5.144, 6.687, 4.102, 3.768, 4.83, 3.679, 2.828, 2.921, 4.8, 5.999, 6.647, 6.43, 6.227, 6.097, 6.265, 7.004, 7.304, 6.505, 7.536, 8.367, 7.721, 9.025, 9.448, 7.564, 6.846, 7.117, 6.965, 6.806, 6.595, 5.034, 5.062, 5.438, 5.568, 5.582, 5.762, 5.57, 6.272, 5.619, 5.788, 5.609, 7.538, 7.699, 6.733, 6.762, 6.175, 6.866, 8.064, 8.225, 8.29, 7.776, 6.892, 7.09, 5.525, 4.443, 4.409, 5.434, 6.05, 6.1, 6.034, 6.044, 5.493, 3.411, 3.247, 2.915, 3.166], [2.503, 1.985, 2.388, 3.742, 2.625, 0.833, 0.0, 1.141, 1.387, 2.075, 2.68, 2.442, 2.246, 3.643, 5.098, 6.332, 6.747, 8.813, 10.596, 12.246, 12.885, 13.607, 13.333, 13.844, 15.414, 16.579, 16.641, 16.729, 16.727, 16.771, 19.467, 21.495, 22.042, 21.854, 21.428, 21.444, 21.57, 21.456, 21.028, 19.921, 17.014, 14.821, 13.876, 13.053, 11.554, 9.684, 10.025, 10.606, 10.156, 8.831, 7.403, 6.209, 6.593, 6.398, 5.654, 5.906, 5.283, 6.267, 6.326, 6.433, 5.949, 5.286, 5.28, 4.495, 2.683, 2.811, 3.427, 3.038, 3.481, 3.881, 5.06, 5.926, 6.111, 6.129, 6.217, 5.075, 4.103, 4.893, 6.221, 5.454, 5.398, 6.93, 4.343, 4.34, 5.382, 4.133, 3.29, 3.538, 5.42, 6.536, 7.167, 7.031, 6.744, 6.669, 6.803, 7.593, 7.754, 6.945, 7.959, 8.821, 8.227, 9.414, 9.756, 7.941, 7.228, 7.487, 7.31, 7.147, 6.971, 5.455, 5.517, 5.909, 5.79, 5.959, 6.209, 6.073, 6.683, 6.183, 6.389, 6.029, 7.727, 8.074, 7.176, 7.23, 6.627, 7.429, 8.6, 8.687, 8.753, 8.322, 7.481, 7.716, 6.108, 5.048, 4.825, 5.841, 6.358, 6.397, 6.358, 6.503, 5.992, 4.038, 3.812, 3.537, 3.39], [3.284, 2.445, 2.15, 3.432, 2.252, 1.275, 1.141, 0.0, 0.976, 2.413, 3.317, 3.057, 3.008, 4.397, 5.752, 7.005, 7.387, 9.468, 11.262, 12.897, 13.542, 14.255, 13.981, 14.497, 16.018, 17.184, 17.245, 17.359, 17.331, 17.419, 20.107, 22.131, 22.698, 22.51, 22.062, 22.026, 22.169, 22.073, 21.681, 20.546, 17.654, 15.475, 14.523, 13.712, 12.201, 10.335, 10.679, 11.261, 10.805, 9.487, 8.015, 6.237, 6.35, 6.464, 6.231, 5.853, 5.219, 6.213, 6.472, 6.931, 6.464, 5.615, 5.612, 4.831, 2.942, 2.989, 3.869, 3.294, 3.224, 3.724, 4.674, 5.588, 5.761, 5.791, 5.879, 4.738, 3.778, 4.561, 5.88, 5.134, 5.056, 6.573, 4.306, 4.299, 5.491, 4.559, 3.765, 3.341, 5.41, 6.691, 7.352, 7.028, 6.931, 6.747, 6.91, 7.63, 8.26, 7.455, 8.504, 9.272, 8.525, 9.995, 10.382, 8.505, 7.842, 8.097, 7.933, 7.762, 7.557, 5.985, 6.002, 6.3, 6.445, 6.545, 6.71, 6.522, 7.241, 6.382, 6.434, 6.563, 8.371, 8.659, 7.698, 7.696, 7.109, 7.53, 8.736, 9.091, 9.089, 8.522, 7.53, 7.584, 5.871, 5.105, 5.378, 6.404, 7.002, 7.042, 6.998, 6.879, 6.376, 3.982, 3.707, 3.293, 3.266], [3.265, 2.687, 2.28, 3.542, 2.467, 1.257, 1.387, 0.976, 0.0, 1.955, 2.833, 2.826, 2.851, 4.136, 5.391, 6.58, 6.896, 8.977, 10.796, 12.437, 13.046, 13.752, 13.485, 14.003, 15.554, 16.717, 16.78, 16.876, 16.886, 17.021, 19.703, 21.643, 22.193, 22.005, 21.575, 21.582, 21.705, 21.595, 21.183, 20.068, 17.166, 14.971, 14.02, 13.24, 11.726, 9.845, 10.177, 10.758, 10.25, 8.966, 7.419, 5.633, 5.769, 5.859, 5.822, 5.255, 4.606, 5.618, 5.844, 6.278, 5.808, 5.013, 5.012, 4.203, 2.776, 2.997, 3.669, 3.09, 3.329, 3.834, 4.85, 5.71, 5.907, 6.046, 6.061, 4.896, 3.974, 4.717, 6.01, 5.245, 5.207, 6.73, 4.311, 4.111, 5.16, 4.178, 3.484, 2.896, 4.867, 6.08, 6.744, 6.444, 6.321, 6.145, 6.319, 7.046, 7.596, 6.848, 7.868, 8.632, 7.893, 9.357, 9.812, 7.878, 7.194, 7.519, 7.333, 7.244, 6.936, 5.342, 5.349, 5.661, 5.991, 5.976, 6.061, 5.868, 6.593, 5.775, 5.827, 5.937, 7.906, 8.058, 7.065, 7.042, 6.49, 6.93, 8.131, 8.458, 8.487, 7.907, 6.929, 7.004, 5.27, 4.526, 4.734, 5.769, 6.438, 6.505, 6.437, 6.272, 5.766, 3.54, 3.277, 2.79, 3.279], [2.424, 1.934, 2.771, 4.684, 3.599, 1.814, 2.075, 2.413, 1.955, 0.0, 1.346, 1.344, 1.713, 2.555, 3.885, 4.834, 5.17, 7.256, 9.063, 10.71, 11.323, 12.148, 11.811, 12.352, 13.972, 15.171, 15.144, 15.162, 15.187, 15.505, 18.045, 20.019, 20.583, 20.317, 19.898, 19.887, 20.004, 19.885, 19.456, 18.351, 15.44, 13.244, 12.342, 11.507, 10.007, 8.122, 8.458, 9.039, 8.559, 7.252, 5.767, 4.335, 4.729, 4.525, 4.271, 4.025, 3.495, 4.332, 4.465, 4.702, 4.228, 3.508, 3.699, 2.814, 2.252, 2.661, 2.392, 2.134, 3.142, 4.759, 5.977, 6.789, 7.184, 7.373, 7.258, 5.997, 5.203, 5.812, 7.074, 6.283, 6.247, 7.784, 5.26, 3.099, 3.779, 2.658, 2.006, 2.254, 3.576, 4.68, 5.322, 5.153, 4.904, 4.82, 4.95, 5.715, 6.05, 5.221, 6.258, 7.097, 6.408, 7.75, 8.13, 6.271, 5.557, 5.873, 5.67, 5.761, 5.345, 3.782, 3.823, 4.174, 4.37, 4.32, 4.49, 4.29, 4.996, 4.298, 4.52, 4.401, 6.207, 6.551, 5.463, 5.49, 4.942, 5.6, 6.746, 6.938, 6.986, 6.482, 5.608, 5.809, 4.602, 3.199, 3.132, 4.158, 4.771, 4.796, 4.757, 4.753, 4.262, 2.813, 3.254, 2.127, 4.225], [2.267, 2.398, 3.754, 5.598, 4.516, 2.606, 2.68, 3.317, 2.833, 1.346, 0.0, 1.042, 1.277, 1.791, 3.035, 4.021, 4.269, 6.395, 8.201, 9.853, 10.469, 11.17, 10.853, 11.384, 13.025, 14.169, 14.173, 14.248, 14.285, 14.546, 17.116, 19.027, 19.591, 19.406, 18.947, 19.006, 19.108, 18.986, 18.552, 17.44, 14.525, 12.358, 11.445, 10.646, 9.146, 7.277, 7.618, 8.199, 7.745, 6.417, 4.97, 4.006, 5.188, 4.116, 3.559, 4.132, 4.05, 4.791, 4.015, 4.165, 3.635, 3.325, 3.421, 2.63, 3.066, 3.321, 2.395, 2.508, 4.15, 5.817, 7.025, 7.784, 8.06, 8.281, 8.205, 6.96, 6.152, 6.808, 8.072, 7.384, 7.304, 8.824, 6.206, 3.451, 3.664, 2.541, 2.239, 3.181, 3.475, 4.218, 4.845, 4.734, 4.429, 4.38, 4.497, 5.316, 5.438, 4.619, 5.611, 6.475, 5.919, 6.984, 7.338, 5.517, 4.788, 5.134, 4.878, 4.881, 4.54, 3.096, 3.2, 3.609, 3.504, 3.601, 3.903, 3.931, 4.335, 4.06, 4.203, 3.7, 5.344, 5.738, 4.841, 4.89, 4.32, 5.133, 6.278, 6.374, 6.447, 6.004, 5.19, 6.25, 5.433, 3.285, 2.947, 3.478, 3.947, 3.984, 3.958, 4.193, 3.725, 3.719, 4.334, 3.165, 5.246], [2.006, 2.103, 3.526, 5.463, 4.355, 2.493, 2.442, 3.057, 2.826, 1.344, 1.042, 0.0, 1.126, 1.912, 3.36, 4.24, 4.641, 6.711, 8.558, 10.225, 10.82, 11.516, 11.165, 11.683, 13.234, 14.399, 14.41, 14.533, 14.563, 14.866, 17.46, 19.3, 19.94, 19.729, 19.257, 19.259, 19.348, 19.224, 18.834, 17.697, 14.806, 12.677, 11.737, 10.988, 9.59, 7.709, 8.049, 8.678, 8.273, 6.905, 5.543, 4.603, 5.591, 4.743, 4.184, 4.674, 4.273, 5.08, 4.626, 4.79, 4.266, 3.683, 3.847, 2.921, 2.937, 3.133, 2.365, 2.364, 3.875, 5.54, 6.791, 7.554, 7.87, 8.085, 8.008, 6.799, 5.986, 6.702, 7.947, 7.213, 7.099, 8.55, 6.041, 3.399, 3.74, 2.682, 2.095, 3.292, 3.84, 4.882, 5.515, 5.342, 5.06, 5.039, 5.152, 5.921, 6.08, 5.309, 6.241, 7.085, 6.535, 7.566, 7.899, 6.105, 5.396, 5.792, 5.5, 5.546, 5.129, 3.736, 3.841, 4.29, 4.078, 4.213, 4.577, 4.502, 4.968, 4.567, 4.752, 4.367, 5.842, 6.435, 5.465, 5.536, 5.001, 5.781, 6.929, 7.022, 7.124, 6.626, 5.793, 6.558, 5.616, 3.705, 3.329, 4.051, 4.539, 4.536, 4.494, 4.872, 4.399, 3.848, 4.202, 3.131, 5.047], [1.353, 1.567, 3.064, 4.875, 3.726, 2.097, 2.246, 3.008, 2.851, 1.713, 1.277, 1.126, 0.0, 1.883, 3.391, 4.492, 4.992, 6.966, 8.716, 10.352, 10.976, 11.749, 11.563, 12.063, 13.822, 14.978, 14.963, 15.002, 15.03, 15.113, 17.785, 19.825, 20.253, 20.069, 19.676, 19.789, 19.889, 19.737, 19.247, 18.167, 15.26, 13.071, 12.089, 11.183, 9.639, 7.743, 8.097, 8.699, 8.301, 6.933, 5.598, 4.805, 5.83, 4.91, 4.108, 4.857, 4.584, 5.451, 4.802, 4.875, 4.321, 3.852, 3.849, 2.957, 2.456, 2.575, 1.933, 1.98, 3.441, 5.093, 6.264, 7.06, 7.284, 7.483, 7.394, 6.18, 5.365, 6.092, 7.384, 6.687, 6.569, 8.085, 5.476, 3.139, 3.843, 2.634, 2.137, 3.047, 4.059, 4.994, 5.616, 5.549, 5.219, 5.168, 5.271, 6.133, 6.125, 5.383, 6.365, 7.148, 6.718, 7.644, 8.0, 6.186, 5.443, 5.759, 5.506, 5.453, 5.199, 3.774, 3.957, 4.358, 3.998, 4.202, 4.571, 4.717, 5.128, 4.788, 4.963, 4.472, 5.869, 6.397, 5.515, 5.637, 5.008, 5.946, 7.065, 7.069, 7.141, 6.785, 6.008, 6.841, 5.797, 3.91, 3.555, 4.128, 4.513, 4.573, 4.53, 4.865, 4.443, 3.577, 3.933, 3.124, 4.606], [2.296, 3.089, 4.611, 6.345, 5.181, 3.506, 3.643, 4.397, 4.136, 2.555, 1.791, 1.912, 1.883, 0.0, 1.825, 2.885, 3.403, 5.344, 7.03, 8.687, 9.351, 10.175, 9.987, 10.494, 12.369, 13.508, 13.455, 13.502, 13.466, 13.575, 16.207, 18.304, 18.711, 18.476, 18.142, 18.245, 18.326, 18.172, 17.657, 16.601, 13.681, 11.506, 10.541, 9.529, 7.998, 6.13, 6.476, 7.067, 6.652, 5.309, 3.914, 4.12, 5.473, 4.113, 3.364, 4.307, 4.827, 5.294, 3.858, 3.794, 3.071, 3.656, 3.759, 2.937, 3.73, 3.842, 2.913, 3.126, 4.737, 6.446, 7.631, 8.514, 8.813, 9.023, 8.925, 7.666, 6.786, 7.477, 8.828, 8.014, 8.0, 9.532, 6.82, 4.037, 3.337, 2.81, 2.722, 4.01, 3.565, 3.62, 4.148, 4.299, 4.033, 4.206, 4.312, 4.694, 4.542, 3.977, 4.81, 5.485, 5.194, 5.946, 6.288, 4.512, 3.738, 4.023, 3.827, 3.775, 3.488, 2.137, 3.001, 3.2, 2.347, 2.53, 3.359, 4.088, 4.111, 4.484, 4.464, 3.188, 4.191, 4.823, 4.429, 4.438, 3.472, 5.015, 5.738, 5.486, 5.541, 5.258, 4.802, 6.938, 6.264, 3.709, 3.37, 2.84, 2.867, 2.905, 2.87, 3.31, 3.34, 4.551, 5.049, 3.924, 5.858], [3.439, 4.717, 6.36, 8.036, 6.704, 4.958, 5.098, 5.752, 5.391, 3.885, 3.035, 3.36, 3.391, 1.825, 0.0, 1.588, 2.227, 3.836, 5.576, 7.218, 7.803, 8.6, 8.459, 8.936, 10.811, 11.964, 11.927, 11.979, 11.978, 11.965, 14.661, 16.79, 17.185, 16.972, 16.625, 16.753, 16.837, 16.676, 16.146, 15.104, 12.192, 10.008, 9.037, 8.027, 6.579, 4.822, 5.216, 5.933, 5.515, 4.211, 3.097, 4.744, 6.066, 4.579, 3.773, 4.743, 5.643, 6.061, 4.605, 4.056, 3.437, 4.463, 4.589, 4.181, 5.335, 5.389, 4.531, 4.704, 6.313, 8.013, 9.206, 10.22, 10.467, 10.562, 10.609, 9.37, 8.406, 9.174, 10.503, 9.637, 9.648, 11.18, 8.391, 5.613, 4.623, 4.264, 4.225, 5.383, 4.672, 3.927, 4.122, 4.534, 4.386, 4.548, 4.643, 4.54, 4.197, 3.908, 4.405, 4.893, 4.836, 5.37, 5.477, 3.917, 3.024, 3.335, 3.051, 2.891, 2.608, 2.388, 3.466, 3.488, 2.191, 2.591, 3.615, 4.545, 4.445, 5.199, 5.115, 3.357, 3.685, 4.635, 4.778, 4.755, 3.61, 5.334, 5.935, 5.092, 5.027, 5.098, 5.283, 7.721, 7.138, 4.599, 4.153, 2.96, 2.241, 2.337, 2.263, 3.572, 3.895, 5.894, 6.584, 5.072, 7.378], [4.412, 5.726, 7.114, 8.954, 7.977, 6.238, 6.332, 7.005, 6.58, 4.834, 4.021, 4.24, 4.492, 2.885, 1.588, 0.0, 1.408, 2.593, 4.501, 6.178, 6.767, 7.65, 7.393, 7.885, 9.797, 11.017, 10.948, 10.844, 10.975, 11.275, 13.812, 15.744, 16.076, 15.792, 15.53, 15.676, 15.668, 15.497, 14.97, 13.952, 10.966, 8.881, 7.841, 6.792, 5.556, 3.872, 4.159, 4.864, 4.583, 3.283, 2.766, 5.405, 6.832, 5.206, 4.796, 5.383, 6.247, 6.605, 5.193, 4.483, 3.934, 5.196, 5.416, 4.972, 6.294, 6.425, 5.413, 5.53, 7.157, 8.822, 10.044, 10.99, 11.55, 11.877, 11.762, 10.371, 9.585, 10.149, 11.376, 10.562, 10.545, 11.957, 9.515, 6.607, 5.522, 5.186, 5.348, 6.343, 5.49, 4.526, 4.397, 5.002, 4.933, 5.248, 5.261, 4.922, 4.294, 4.189, 4.155, 4.479, 4.653, 4.95, 4.687, 3.636, 2.731, 3.149, 2.784, 2.786, 2.589, 3.154, 4.147, 4.159, 3.071, 3.294, 4.329, 5.161, 5.024, 5.873, 5.837, 3.991, 4.088, 5.237, 5.369, 5.334, 4.108, 5.811, 6.408, 5.393, 5.17, 5.616, 5.918, 8.423, 7.94, 5.563, 4.902, 3.643, 2.648, 2.34, 2.615, 4.104, 4.831, 6.892, 7.354, 5.99, 8.333], [4.887, 6.179, 7.467, 9.386, 8.483, 6.714, 6.747, 7.387, 6.896, 5.17, 4.269, 4.641, 4.992, 3.403, 2.227, 1.408, 0.0, 2.235, 4.341, 5.91, 6.758, 7.633, 7.282, 7.81, 9.657, 10.9, 10.771, 10.668, 10.778, 11.266, 13.712, 15.58, 16.008, 15.767, 15.418, 15.438, 15.374, 15.237, 14.744, 13.58, 10.577, 8.671, 7.665, 6.57, 5.501, 3.541, 3.556, 4.157, 3.888, 2.551, 2.428, 5.283, 6.645, 4.848, 4.645, 5.285, 5.984, 6.295, 4.888, 3.943, 3.835, 5.1, 5.371, 5.262, 6.703, 6.873, 5.655, 5.698, 7.445, 9.048, 10.347, 11.423, 12.06, 12.396, 12.268, 10.869, 10.1, 10.493, 11.653, 10.992, 10.981, 12.292, 9.993, 7.008, 5.897, 5.479, 5.758, 6.72, 5.632, 4.275, 3.859, 4.657, 4.659, 5.082, 4.994, 4.283, 3.744, 3.701, 3.838, 4.142, 4.121, 4.557, 4.334, 3.235, 2.287, 2.407, 2.25, 2.595, 2.092, 3.215, 3.965, 3.836, 2.79, 3.197, 4.243, 4.726, 4.703, 5.507, 5.634, 3.841, 3.565, 4.768, 4.852, 4.78, 3.767, 5.527, 5.883, 4.964, 4.711, 5.15, 5.679, 8.123, 7.883, 5.643, 4.897, 3.431, 2.566, 2.174, 2.472, 4.05, 4.91, 7.32, 7.599, 6.186, 8.734], [6.781, 8.162, 9.47, 11.245, 10.395, 8.71, 8.813, 9.468, 8.977, 7.256, 6.395, 6.711, 6.966, 5.344, 3.836, 2.593, 2.235, 0.0, 2.481, 3.883, 4.868, 5.928, 5.684, 6.204, 8.12, 9.363, 9.236, 9.123, 9.236, 9.632, 12.078, 14.026, 14.395, 14.117, 13.854, 13.901, 13.837, 13.697, 13.111, 11.854, 8.951, 6.954, 5.962, 4.671, 3.692, 2.241, 2.324, 2.68, 3.033, 2.179, 3.426, 6.598, 7.282, 5.492, 5.338, 6.124, 6.951, 7.241, 5.825, 4.792, 5.133, 6.536, 6.966, 7.065, 8.48, 8.686, 7.315, 7.511, 9.299, 10.734, 12.039, 13.276, 14.014, 14.339, 14.221, 12.795, 12.037, 12.244, 13.348, 12.822, 12.835, 13.993, 11.819, 8.803, 7.587, 7.182, 7.567, 8.528, 7.214, 5.561, 4.721, 5.433, 5.557, 6.179, 6.069, 4.839, 3.905, 3.848, 3.517, 4.019, 4.305, 4.301, 3.804, 3.506, 3.184, 3.124, 3.093, 3.497, 3.098, 4.635, 5.271, 4.606, 3.771, 4.423, 5.219, 5.368, 5.255, 6.09, 6.239, 4.897, 3.695, 5.125, 5.156, 5.043, 4.233, 6.053, 6.203, 5.376, 4.97, 5.542, 6.472, 9.378, 9.257, 7.171, 6.183, 4.966, 3.762, 3.576, 4.085, 5.408, 6.563, 9.081, 9.231, 7.854, 10.437], [8.377, 9.866, 11.101, 12.726, 11.901, 10.458, 10.596, 11.262, 10.796, 9.063, 8.201, 8.558, 8.716, 7.03, 5.576, 4.501, 4.341, 2.481, 0.0, 1.829, 2.832, 3.881, 3.692, 4.186, 6.067, 7.297, 7.2, 7.085, 7.181, 7.565, 10.046, 11.979, 12.39, 12.134, 11.828, 11.865, 11.83, 11.733, 11.141, 10.061, 7.098, 5.063, 4.08, 2.797, 1.54, 1.662, 2.478, 2.617, 2.704, 2.865, 4.988, 8.193, 8.501, 6.142, 5.77, 6.963, 8.577, 8.937, 7.312, 6.514, 6.797, 8.163, 8.486, 8.627, 10.042, 10.205, 9.044, 9.264, 10.878, 12.387, 13.665, 14.781, 15.567, 15.837, 15.745, 14.299, 13.55, 13.846, 15.091, 14.307, 14.298, 15.567, 13.311, 10.307, 9.155, 8.799, 9.108, 10.049, 9.04, 7.31, 6.476, 7.189, 7.204, 7.741, 7.751, 6.521, 4.904, 4.699, 3.386, 3.863, 4.222, 3.844, 3.321, 3.887, 4.543, 4.758, 4.703, 4.853, 4.525, 6.041, 6.58, 5.983, 5.122, 6.001, 6.875, 6.79, 6.276, 6.837, 7.257, 5.799, 3.924, 4.796, 5.632, 5.301, 5.049, 6.484, 6.508, 5.366, 4.882, 5.912, 7.624, 11.08, 10.857, 8.462, 7.671, 6.51, 5.108, 5.036, 5.652, 7.033, 8.121, 10.627, 10.992, 9.454, 11.986], [10.013, 11.471, 12.69, 14.15, 13.46, 12.073, 12.246, 12.897, 12.437, 10.71, 9.853, 10.225, 10.352, 8.687, 7.218, 6.178, 5.91, 3.883, 1.829, 0.0, 1.861, 2.872, 2.687, 3.151, 5.033, 6.261, 6.174, 6.04, 6.131, 6.521, 9.002, 10.968, 11.389, 11.147, 10.828, 10.792, 10.795, 10.701, 10.097, 8.942, 6.061, 4.084, 3.365, 2.109, 1.418, 2.806, 3.415, 3.117, 3.119, 4.058, 6.122, 9.375, 9.648, 7.449, 6.768, 8.073, 9.481, 9.921, 8.298, 7.582, 7.942, 9.298, 9.732, 9.88, 11.339, 11.661, 10.368, 10.762, 12.36, 13.596, 14.884, 16.142, 17.134, 17.372, 17.278, 15.86, 15.089, 15.29, 16.447, 15.716, 15.702, 16.869, 14.595, 11.625, 10.364, 10.029, 10.596, 11.361, 10.09, 8.413, 7.579, 8.298, 8.311, 8.938, 8.853, 7.55, 6.051, 6.014, 4.854, 4.916, 5.143, 4.149, 3.645, 4.937, 5.923, 5.858, 5.82, 6.182, 5.981, 7.567, 7.99, 7.443, 6.575, 7.159, 7.969, 7.833, 7.191, 7.831, 8.601, 7.059, 4.666, 4.889, 6.062, 6.265, 6.271, 7.388, 6.554, 5.622, 5.6, 6.835, 8.693, 11.995, 11.844, 9.659, 8.684, 7.788, 6.462, 6.551, 6.94, 8.227, 9.344, 11.902, 12.214, 10.791, 13.325], [10.731, 12.202, 13.574, 15.183, 14.325, 12.741, 12.885, 13.542, 13.046, 11.323, 10.469, 10.82, 10.976, 9.351, 7.803, 6.767, 6.758, 4.868, 2.832, 1.861, 0.0, 1.584, 1.321, 1.766, 3.514, 4.7, 4.611, 4.549, 4.565, 4.935, 7.404, 9.431, 9.8, 9.556, 9.262, 9.298, 9.369, 9.251, 8.578, 7.606, 4.898, 2.954, 2.528, 1.791, 2.313, 3.837, 4.915, 4.56, 4.46, 5.43, 7.543, 10.72, 10.955, 8.395, 7.73, 9.082, 10.995, 11.52, 9.834, 9.126, 9.362, 10.742, 11.024, 11.212, 12.506, 12.658, 11.53, 11.752, 13.375, 14.945, 16.208, 17.313, 17.958, 18.263, 18.158, 16.737, 15.975, 16.317, 17.54, 16.719, 16.737, 18.115, 15.76, 12.762, 11.629, 11.269, 11.514, 12.507, 11.621, 9.848, 9.019, 9.771, 9.784, 10.224, 10.273, 9.076, 7.488, 7.166, 5.943, 5.963, 6.115, 4.856, 3.958, 5.85, 6.958, 7.215, 7.152, 7.291, 6.96, 8.397, 9.01, 8.299, 7.486, 8.453, 9.364, 9.287, 8.748, 9.347, 9.577, 8.204, 5.833, 5.872, 7.523, 7.55, 7.366, 8.666, 8.049, 6.762, 6.88, 8.175, 10.071, 13.587, 13.374, 10.846, 10.024, 8.996, 7.531, 7.532, 8.243, 9.533, 10.619, 13.082, 13.543, 11.963, 14.486], [11.747, 13.016, 14.561, 16.215, 15.202, 13.471, 13.607, 14.255, 13.752, 12.148, 11.17, 11.516, 11.749, 10.175, 8.6, 7.65, 7.633, 5.928, 3.881, 2.872, 1.584, 0.0, 0.938, 0.995, 2.422, 3.575, 3.47, 3.669, 3.77, 4.003, 6.373, 8.304, 8.724, 8.499, 8.144, 8.341, 8.359, 8.229, 7.635, 6.666, 3.833, 2.184, 2.175, 2.147, 3.121, 4.9, 6.086, 5.717, 5.556, 6.62, 8.724, 11.877, 12.069, 9.414, 8.616, 10.225, 12.172, 12.69, 10.991, 10.283, 10.519, 11.899, 12.141, 12.305, 13.58, 13.685, 12.704, 12.839, 14.447, 16.124, 17.349, 18.351, 18.792, 19.127, 19.021, 17.671, 16.837, 17.443, 18.705, 17.779, 17.777, 19.276, 16.661, 13.805, 12.762, 12.382, 12.533, 13.607, 12.795, 11.023, 10.2, 10.942, 10.961, 11.376, 11.439, 10.25, 8.67, 8.313, 7.077, 7.021, 7.212, 5.899, 4.665, 6.779, 8.024, 8.342, 8.28, 8.16, 8.002, 9.35, 9.986, 9.27, 8.43, 9.569, 10.518, 10.461, 9.931, 10.521, 10.707, 9.116, 6.955, 6.886, 8.697, 8.719, 8.427, 9.727, 9.206, 7.881, 8.033, 9.312, 11.239, 14.768, 14.516, 11.85, 11.127, 10.12, 8.64, 8.513, 9.325, 10.64, 11.731, 14.113, 14.712, 13.118, 15.503], [11.567, 12.774, 14.278, 16.05, 15.061, 13.303, 13.333, 13.981, 13.485, 11.811, 10.853, 11.165, 11.563, 9.987, 8.459, 7.393, 7.282, 5.684, 3.692, 2.687, 1.321, 0.938, 0.0, 0.843, 2.576, 3.754, 3.63, 3.861, 3.93, 4.289, 6.532, 8.485, 9.015, 8.758, 8.316, 8.458, 8.519, 8.366, 7.794, 6.797, 4.062, 2.479, 2.271, 1.975, 2.99, 4.685, 5.883, 5.512, 5.351, 6.419, 8.524, 11.694, 11.883, 9.198, 8.472, 10.074, 11.968, 12.485, 10.786, 10.078, 10.319, 11.687, 11.922, 12.105, 13.407, 13.513, 12.498, 12.621, 14.244, 15.924, 17.175, 18.152, 18.642, 18.987, 18.858, 17.478, 16.697, 17.263, 18.51, 17.584, 17.579, 19.057, 16.517, 13.637, 12.55, 12.207, 12.373, 13.412, 12.576, 10.846, 10.018, 10.741, 10.76, 11.181, 11.231, 10.031, 8.47, 8.118, 6.876, 6.823, 7.012, 5.696, 4.445, 6.526, 7.809, 8.149, 8.085, 8.011, 7.805, 9.121, 9.778, 9.102, 8.277, 9.381, 10.323, 10.242, 9.73, 10.302, 10.497, 8.943, 6.788, 6.739, 8.478, 8.521, 8.278, 9.543, 9.012, 7.662, 7.848, 9.096, 11.019, 14.566, 14.307, 11.669, 10.908, 9.914, 8.45, 8.31, 9.12, 10.459, 11.543, 13.952, 14.512, 12.899, 15.324], [12.098, 13.333, 14.805, 16.627, 15.585, 13.793, 13.844, 14.497, 14.003, 12.352, 11.384, 11.683, 12.063, 10.494, 8.936, 7.885, 7.81, 6.204, 4.186, 3.151, 1.766, 0.995, 0.843, 0.0, 2.117, 3.241, 3.141, 3.355, 3.544, 3.807, 6.099, 7.951, 8.463, 8.189, 7.799, 8.006, 8.07, 7.897, 7.345, 6.398, 3.577, 2.133, 1.921, 2.209, 3.435, 5.248, 6.386, 6.016, 5.856, 6.915, 9.028, 12.249, 12.482, 9.792, 9.025, 10.632, 12.48, 12.99, 11.291, 10.583, 10.821, 12.238, 12.48, 12.626, 14.006, 14.111, 13.099, 13.197, 14.757, 16.472, 17.728, 18.698, 19.15, 19.453, 19.35, 18.009, 17.193, 17.861, 19.111, 18.185, 18.174, 19.627, 17.08, 14.236, 13.15, 12.805, 12.971, 14.013, 13.147, 11.401, 10.572, 11.28, 11.301, 11.781, 11.831, 10.613, 8.991, 8.719, 7.408, 7.305, 7.508, 6.183, 4.925, 7.008, 8.397, 8.748, 8.684, 8.557, 8.383, 9.651, 10.298, 9.69, 8.866, 9.979, 10.924, 10.813, 10.248, 10.873, 11.096, 9.519, 7.35, 7.324, 9.076, 9.103, 8.83, 10.091, 9.567, 8.256, 8.413, 9.677, 11.598, 15.072, 14.836, 12.253, 11.468, 10.436, 9.043, 8.834, 9.64, 11.016, 12.142, 14.551, 15.052, 13.49, 15.894], [14.019, 15.196, 16.595, 18.55, 17.482, 15.497, 15.414, 16.018, 15.554, 13.972, 13.025, 13.234, 13.822, 12.369, 10.811, 9.797, 9.657, 8.12, 6.067, 5.033, 3.514, 2.422, 2.576, 2.117, 0.0, 1.526, 1.606, 2.153, 2.412, 2.725, 5.005, 6.647, 7.36, 7.118, 6.551, 6.609, 6.444, 6.679, 6.195, 4.996, 2.652, 2.08, 2.471, 3.752, 5.301, 7.141, 8.33, 7.962, 7.802, 8.824, 10.977, 14.199, 14.404, 11.695, 10.932, 12.566, 14.411, 14.934, 13.237, 12.529, 12.768, 14.137, 14.379, 14.556, 15.928, 16.034, 14.99, 15.068, 16.695, 18.362, 19.681, 20.614, 21.023, 21.258, 21.164, 19.932, 19.102, 19.784, 21.01, 20.101, 20.081, 21.506, 18.984, 16.158, 15.062, 14.728, 14.894, 15.922, 15.024, 13.332, 12.499, 13.217, 13.207, 13.696, 13.715, 12.488, 10.918, 10.623, 9.321, 9.237, 9.436, 8.115, 6.877, 8.956, 10.315, 10.674, 10.61, 10.487, 10.306, 11.519, 12.221, 11.649, 10.803, 11.902, 12.836, 12.691, 12.164, 12.751, 13.018, 11.442, 9.27, 9.247, 10.961, 11.002, 10.784, 12.041, 11.479, 10.134, 10.354, 11.599, 13.484, 16.988, 16.754, 14.209, 13.425, 12.351, 10.98, 10.785, 11.61, 12.967, 14.064, 16.474, 16.972, 15.403, 17.817], [15.189, 16.354, 17.839, 19.712, 18.631, 16.647, 16.579, 17.184, 16.717, 15.171, 14.169, 14.399, 14.978, 13.508, 11.964, 11.017, 10.9, 9.363, 7.297, 6.261, 4.7, 3.575, 3.754, 3.241, 1.526, 0.0, 1.301, 1.846, 1.905, 2.039, 4.127, 5.523, 6.136, 6.027, 5.55, 5.65, 5.512, 5.804, 5.401, 4.175, 2.442, 2.973, 3.59, 5.003, 6.509, 8.359, 9.57, 9.223, 9.062, 10.067, 12.196, 15.381, 15.581, 12.925, 12.095, 13.729, 15.65, 16.174, 14.497, 13.789, 14.025, 15.373, 15.615, 15.777, 17.092, 17.197, 16.205, 16.307, 17.901, 19.596, 20.86, 21.82, 22.186, 22.404, 22.325, 21.111, 20.253, 20.955, 22.217, 21.304, 21.297, 22.75, 20.138, 17.317, 16.257, 15.894, 16.036, 17.119, 16.268, 14.533, 13.704, 14.414, 14.446, 14.888, 14.938, 13.724, 12.142, 11.825, 10.549, 10.47, 10.679, 9.354, 8.077, 10.146, 11.534, 11.88, 11.822, 11.647, 11.486, 12.742, 13.446, 12.822, 11.981, 13.103, 14.03, 13.935, 13.403, 13.995, 14.195, 12.606, 10.463, 10.384, 12.183, 12.208, 11.925, 13.227, 12.72, 11.362, 11.535, 12.787, 14.707, 18.247, 17.997, 15.389, 14.646, 13.606, 12.179, 12.003, 12.831, 14.184, 15.243, 17.603, 18.185, 16.596, 18.973], [15.08, 16.264, 17.712, 19.635, 18.602, 16.686, 16.641, 17.245, 16.78, 15.144, 14.173, 14.41, 14.963, 13.455, 11.927, 10.948, 10.771, 9.236, 7.2, 6.174, 4.611, 3.47, 3.63, 3.141, 1.606, 1.301, 0.0, 1.25, 1.446, 2.044, 3.771, 5.39, 6.029, 5.869, 5.488, 5.649, 5.766, 6.15, 5.892, 4.618, 2.488, 2.555, 3.476, 4.829, 6.405, 8.265, 9.427, 9.057, 8.902, 9.949, 12.103, 15.299, 15.47, 12.783, 12.037, 13.65, 15.538, 16.039, 14.331, 13.63, 13.896, 15.265, 15.494, 15.686, 16.983, 17.097, 16.088, 16.177, 17.805, 19.501, 20.779, 21.746, 22.156, 22.425, 22.31, 21.017, 20.194, 20.845, 22.101, 21.187, 21.177, 22.624, 20.093, 17.213, 16.149, 15.785, 15.948, 17.006, 16.139, 14.448, 13.619, 14.329, 14.344, 14.774, 14.82, 13.6, 12.049, 11.71, 10.456, 10.391, 10.544, 9.242, 8.001, 10.07, 11.407, 11.742, 11.69, 11.567, 11.363, 12.627, 13.283, 12.631, 11.851, 12.97, 13.916, 13.802, 13.306, 13.865, 14.087, 12.524, 10.355, 10.328, 12.065, 12.099, 11.86, 13.165, 12.611, 11.257, 11.453, 12.67, 14.586, 18.116, 17.852, 15.206, 14.448, 13.422, 12.016, 11.861, 12.678, 14.039, 15.131, 17.525, 18.093, 16.482, 18.879], [15.087, 16.324, 17.697, 19.661, 18.657, 16.739, 16.729, 17.359, 16.876, 15.162, 14.248, 14.533, 15.002, 13.502, 11.979, 10.844, 10.668, 9.123, 7.085, 6.04, 4.549, 3.669, 3.861, 3.355, 2.153, 1.846, 1.25, 0.0, 0.873, 1.344, 3.488, 5.1, 5.757, 5.528, 5.24, 5.407, 5.709, 5.901, 5.651, 4.503, 2.134, 2.39, 3.411, 4.771, 6.318, 8.163, 9.333, 8.965, 8.804, 9.83, 11.963, 15.175, 15.448, 12.697, 12.092, 13.609, 15.417, 15.937, 14.239, 13.531, 13.786, 15.178, 15.422, 15.58, 16.989, 17.111, 16.002, 16.113, 17.756, 19.406, 20.652, 21.652, 22.211, 22.465, 22.347, 21.051, 20.249, 20.808, 22.014, 21.196, 21.174, 22.597, 20.158, 17.217, 16.129, 15.749, 16.0, 16.991, 16.074, 14.293, 13.463, 14.188, 14.2, 14.706, 14.735, 13.53, 11.914, 11.631, 10.359, 10.242, 10.483, 9.138, 7.899, 9.946, 11.374, 11.675, 11.617, 11.634, 11.394, 12.613, 13.309, 12.711, 11.925, 12.937, 13.84, 13.74, 13.186, 13.8, 14.07, 12.563, 10.268, 10.366, 11.98, 12.011, 11.836, 13.121, 12.458, 11.209, 11.365, 12.652, 14.535, 18.015, 17.765, 15.242, 14.441, 13.373, 12.011, 11.8, 12.588, 13.97, 15.075, 17.578, 17.991, 16.416, 18.953], [14.984, 16.251, 17.693, 19.62, 18.623, 16.761, 16.727, 17.331, 16.886, 15.187, 14.285, 14.563, 15.03, 13.466, 11.978, 10.975, 10.778, 9.236, 7.181, 6.131, 4.565, 3.77, 3.93, 3.544, 2.412, 1.905, 1.446, 0.873, 0.0, 1.409, 3.333, 5.097, 5.742, 5.576, 5.315, 5.3, 5.666, 5.944, 5.664, 4.491, 2.257, 2.531, 3.601, 4.885, 6.393, 8.224, 9.443, 9.081, 8.948, 9.936, 12.069, 15.222, 15.345, 12.741, 12.063, 13.587, 15.523, 16.047, 14.355, 13.647, 13.889, 15.232, 15.488, 15.684, 16.874, 17.034, 15.977, 16.14, 17.813, 19.47, 20.687, 21.754, 22.212, 22.489, 22.356, 21.007, 20.221, 20.709, 21.976, 21.121, 21.12, 22.63, 20.124, 17.136, 16.067, 15.653, 15.903, 16.923, 16.101, 14.369, 13.545, 14.287, 14.306, 14.664, 14.717, 13.54, 12.015, 11.585, 10.46, 10.385, 10.595, 9.236, 8.037, 10.062, 11.38, 11.618, 11.625, 11.609, 11.366, 12.63, 13.408, 12.706, 11.847, 12.854, 13.801, 13.76, 13.276, 13.834, 14.041, 12.595, 10.278, 10.332, 11.985, 12.036, 11.862, 13.18, 12.557, 11.246, 11.394, 12.629, 14.536, 18.105, 17.828, 15.185, 14.466, 13.46, 11.986, 11.946, 12.693, 14.043, 14.999, 17.478, 18.058, 16.428, 18.918], [15.304, 16.436, 18.096, 19.903, 18.629, 16.705, 16.771, 17.419, 17.021, 15.505, 14.546, 14.866, 15.113, 13.575, 11.965, 11.275, 11.266, 9.632, 7.565, 6.521, 4.935, 4.003, 4.289, 3.807, 2.725, 2.039, 2.044, 1.344, 1.409, 0.0, 2.909, 4.957, 5.363, 5.209, 5.076, 5.188, 5.432, 5.506, 5.102, 4.164, 2.236, 2.964, 3.862, 5.24, 6.727, 8.609, 9.837, 9.47, 9.309, 10.33, 12.461, 15.616, 15.723, 13.115, 12.112, 13.958, 15.918, 16.441, 14.745, 14.036, 14.272, 15.627, 15.854, 16.045, 17.202, 17.24, 16.366, 16.535, 18.163, 19.864, 21.063, 22.088, 22.275, 22.407, 22.399, 21.237, 20.273, 21.042, 22.371, 21.429, 21.436, 22.989, 20.236, 17.425, 16.427, 16.025, 16.054, 17.229, 16.495, 14.763, 13.939, 14.681, 14.7, 15.052, 15.112, 13.935, 12.41, 11.98, 10.817, 10.737, 10.936, 9.609, 8.344, 10.413, 11.742, 11.962, 12.014, 11.66, 11.707, 12.916, 13.666, 12.992, 12.027, 13.22, 14.196, 14.154, 13.67, 14.229, 14.42, 12.831, 10.647, 10.548, 12.38, 12.43, 12.162, 13.466, 12.946, 11.596, 11.773, 13.019, 14.921, 18.494, 18.205, 15.505, 14.843, 13.835, 12.363, 12.25, 13.074, 14.386, 15.368, 17.708, 18.452, 16.823, 19.184], [17.833, 18.96, 20.602, 22.389, 21.29, 19.471, 19.467, 20.107, 19.703, 18.045, 17.116, 17.46, 17.785, 16.207, 14.661, 13.812, 13.712, 12.078, 10.046, 9.002, 7.404, 6.373, 6.532, 6.099, 5.005, 4.127, 3.771, 3.488, 3.333, 2.909, 0.0, 2.357, 2.759, 2.595, 2.583, 2.81, 3.268, 3.469, 3.452, 2.779, 3.663, 5.307, 6.366, 7.699, 9.21, 11.114, 12.285, 11.913, 11.753, 12.786, 14.91, 18.069, 18.199, 15.605, 14.7, 16.429, 18.373, 18.891, 17.192, 16.483, 16.718, 18.095, 18.336, 18.511, 19.685, 19.733, 18.844, 19.027, 20.644, 22.337, 23.52, 24.593, 24.943, 25.181, 25.072, 23.777, 22.899, 23.523, 24.847, 23.911, 23.937, 25.459, 22.833, 19.921, 18.908, 18.507, 18.584, 19.71, 18.967, 17.216, 16.389, 17.13, 17.156, 17.526, 17.587, 16.409, 14.87, 14.455, 13.272, 13.219, 13.406, 12.121, 10.851, 12.941, 14.213, 14.438, 14.48, 14.256, 14.197, 15.419, 16.127, 15.428, 14.532, 15.698, 16.67, 16.627, 16.133, 16.7, 16.89, 15.357, 13.116, 13.068, 14.854, 14.9, 14.651, 15.955, 15.405, 14.07, 14.236, 15.49, 17.395, 20.957, 20.677, 17.945, 17.288, 16.271, 14.808, 14.722, 15.526, 16.828, 17.844, 20.209, 20.918, 19.294, 21.68], [19.944, 21.113, 22.567, 24.469, 23.447, 21.545, 21.495, 22.131, 21.643, 20.019, 19.027, 19.3, 19.825, 18.304, 16.79, 15.744, 15.58, 14.026, 11.979, 10.968, 9.431, 8.304, 8.485, 7.951, 6.647, 5.523, 5.39, 5.1, 5.097, 4.957, 2.357, 0.0, 1.206, 1.891, 1.871, 2.22, 2.81, 3.415, 3.443, 3.629, 5.388, 7.205, 8.219, 9.654, 11.201, 13.109, 14.222, 13.862, 13.686, 14.742, 16.88, 20.094, 20.325, 17.654, 16.882, 18.467, 20.327, 20.826, 19.152, 18.434, 18.691, 20.084, 20.326, 20.479, 21.838, 21.952, 20.944, 21.032, 22.616, 24.315, 25.573, 26.56, 27.009, 27.287, 27.178, 25.873, 25.046, 25.7, 26.957, 26.046, 26.035, 27.466, 24.937, 22.065, 20.999, 20.64, 20.794, 21.86, 20.987, 19.243, 18.414, 19.124, 19.149, 19.63, 19.675, 18.455, 16.832, 16.565, 15.248, 15.16, 15.348, 14.047, 12.784, 14.846, 16.259, 16.61, 16.546, 16.412, 16.225, 17.475, 18.13, 17.513, 16.698, 17.837, 18.772, 18.65, 18.089, 18.712, 18.939, 17.351, 15.183, 15.157, 16.92, 16.948, 16.648, 17.957, 17.425, 16.104, 16.262, 17.533, 19.441, 22.925, 22.7, 20.086, 19.331, 18.258, 16.858, 16.663, 17.458, 18.834, 19.987, 22.374, 22.899, 21.338, 23.725], [20.304, 21.538, 23.046, 24.828, 23.838, 21.947, 22.042, 22.698, 22.193, 20.583, 19.591, 19.94, 20.253, 18.711, 17.185, 16.076, 16.008, 14.395, 12.39, 11.389, 9.8, 8.724, 9.015, 8.463, 7.36, 6.136, 6.029, 5.757, 5.742, 5.363, 2.759, 1.206, 0.0, 1.511, 1.865, 2.256, 2.819, 3.439, 3.438, 3.833, 5.848, 7.752, 8.652, 9.948, 11.559, 13.536, 14.559, 14.183, 14.097, 15.139, 17.206, 20.411, 20.697, 18.031, 17.268, 18.837, 20.707, 21.174, 19.473, 18.801, 19.001, 20.51, 20.753, 20.923, 22.217, 22.324, 21.324, 21.459, 23.053, 24.732, 25.916, 27.004, 27.408, 27.683, 27.59, 26.273, 25.435, 26.071, 27.328, 26.411, 26.395, 27.888, 25.323, 22.433, 21.386, 21.01, 21.151, 22.234, 21.407, 19.557, 18.709, 19.447, 19.508, 20.001, 20.058, 18.864, 17.242, 16.941, 15.628, 15.549, 15.649, 14.358, 13.227, 15.263, 16.645, 16.969, 16.904, 16.808, 16.634, 17.892, 18.558, 17.826, 17.044, 18.197, 19.143, 19.071, 18.517, 19.132, 19.332, 17.762, 15.538, 15.501, 17.314, 17.335, 16.952, 18.177, 17.774, 16.506, 16.64, 17.937, 19.847, 23.34, 23.104, 20.439, 19.708, 18.668, 17.231, 17.066, 17.747, 19.122, 20.358, 22.728, 23.331, 21.741, 24.123], [20.082, 21.325, 22.816, 24.614, 23.621, 21.776, 21.854, 22.51, 22.005, 20.317, 19.406, 19.729, 20.069, 18.476, 16.972, 15.792, 15.767, 14.117, 12.134, 11.147, 9.556, 8.499, 8.758, 8.189, 7.118, 6.027, 5.869, 5.528, 5.576, 5.209, 2.595, 1.891, 1.511, 0.0, 1.067, 1.479, 1.947, 2.505, 2.791, 3.519, 5.657, 7.498, 8.441, 9.686, 11.294, 13.252, 14.297, 13.924, 13.838, 14.884, 16.951, 20.162, 20.448, 17.772, 17.052, 18.606, 20.446, 20.913, 19.223, 18.547, 18.756, 20.255, 20.512, 20.643, 21.974, 22.087, 21.066, 21.197, 22.804, 24.482, 25.66, 26.727, 27.191, 27.484, 27.351, 26.01, 25.215, 25.826, 27.067, 26.162, 26.149, 27.651, 25.112, 22.21, 21.143, 20.77, 20.954, 21.983, 21.145, 19.302, 18.452, 19.193, 19.258, 19.746, 19.8, 18.605, 16.992, 16.683, 15.38, 15.284, 15.411, 14.082, 12.948, 15.013, 16.393, 16.712, 16.656, 16.587, 16.402, 17.653, 18.314, 17.622, 16.857, 17.948, 18.884, 18.809, 18.257, 18.871, 19.091, 17.551, 15.296, 15.317, 17.056, 17.083, 16.755, 17.975, 17.524, 16.262, 16.39, 17.691, 19.597, 23.083, 22.855, 20.217, 19.49, 18.427, 16.972, 16.762, 17.504, 18.87, 20.105, 22.531, 23.07, 21.494, 23.938], [19.751, 20.962, 22.436, 24.313, 23.296, 21.432, 21.428, 22.062, 21.575, 19.898, 18.947, 19.257, 19.676, 18.142, 16.625, 15.53, 15.418, 13.854, 11.828, 10.828, 9.262, 8.144, 8.316, 7.799, 6.551, 5.55, 5.488, 5.24, 5.315, 5.076, 2.583, 1.871, 1.865, 1.067, 0.0, 0.992, 1.43, 2.101, 2.251, 2.769, 5.024, 7.029, 8.129, 9.489, 10.964, 12.935, 14.064, 13.691, 13.549, 14.581, 16.714, 19.869, 20.136, 17.451, 16.731, 18.278, 20.156, 20.675, 18.97, 18.26, 18.509, 19.95, 20.195, 20.331, 21.658, 21.762, 20.758, 20.887, 22.48, 24.173, 25.351, 26.393, 26.85, 27.134, 27.001, 25.692, 24.888, 25.509, 26.766, 25.869, 25.85, 27.33, 24.797, 21.898, 20.83, 20.453, 20.653, 21.678, 20.848, 19.02, 18.192, 18.932, 18.951, 19.437, 19.493, 18.304, 16.683, 16.375, 15.067, 14.988, 15.197, 13.869, 12.603, 14.664, 16.082, 16.404, 16.34, 16.266, 16.084, 17.311, 17.968, 17.338, 16.554, 17.631, 18.58, 18.514, 17.958, 18.574, 18.766, 17.225, 14.972, 15.015, 16.751, 16.767, 16.474, 17.76, 17.21, 15.934, 16.069, 17.37, 19.286, 22.789, 22.538, 19.877, 19.155, 18.115, 16.68, 16.473, 17.301, 18.624, 19.792, 22.23, 22.763, 21.172, 23.622], [19.764, 21.032, 22.386, 24.397, 23.406, 21.509, 21.444, 22.026, 21.582, 19.887, 19.006, 19.259, 19.789, 18.245, 16.753, 15.676, 15.438, 13.901, 11.865, 10.792, 9.298, 8.341, 8.458, 8.006, 6.609, 5.65, 5.649, 5.407, 5.3, 5.188, 2.81, 2.22, 2.256, 1.479, 0.992, 0.0, 1.042, 1.881, 2.083, 2.704, 5.117, 7.061, 8.253, 9.57, 11.131, 12.889, 14.108, 13.752, 13.637, 14.6, 16.734, 19.94, 20.098, 17.454, 16.854, 18.349, 20.188, 20.712, 19.027, 18.319, 18.58, 19.899, 20.17, 20.369, 21.652, 21.816, 20.671, 20.805, 22.514, 24.134, 25.42, 26.453, 26.99, 27.251, 27.127, 25.778, 25.0, 25.461, 26.686, 25.884, 25.871, 27.314, 24.901, 21.913, 20.79, 20.404, 20.685, 21.677, 20.765, 19.071, 18.238, 18.961, 18.975, 19.395, 19.403, 18.205, 16.68, 16.298, 15.144, 15.067, 15.279, 13.905, 12.741, 14.772, 16.095, 16.363, 16.351, 16.4, 16.105, 17.337, 18.106, 17.484, 16.636, 17.603, 18.521, 18.424, 17.94, 18.499, 18.766, 17.347, 15.011, 15.109, 16.657, 16.721, 16.624, 17.916, 17.246, 15.934, 16.128, 17.343, 19.211, 22.777, 22.496, 19.955, 19.149, 18.126, 16.755, 16.654, 17.4, 18.785, 19.756, 22.26, 22.727, 21.109, 23.653], [19.852, 21.115, 22.411, 24.415, 23.475, 21.62, 21.57, 22.169, 21.705, 20.004, 19.108, 19.348, 19.889, 18.326, 16.837, 15.668, 15.374, 13.837, 11.83, 10.795, 9.369, 8.359, 8.519, 8.07, 6.444, 5.512, 5.766, 5.709, 5.666, 5.432, 3.268, 2.81, 2.819, 1.947, 1.43, 1.042, 0.0, 1.312, 1.424, 2.198, 4.937, 7.069, 8.284, 9.54, 11.134, 12.863, 14.044, 13.686, 13.566, 14.557, 16.708, 19.947, 20.176, 17.455, 16.916, 18.359, 20.124, 20.648, 18.961, 18.253, 18.552, 19.867, 20.15, 20.343, 21.725, 21.888, 20.712, 20.775, 22.494, 24.098, 25.424, 26.443, 27.043, 27.348, 27.215, 25.861, 25.081, 25.536, 26.732, 25.954, 25.941, 27.288, 24.951, 21.986, 20.862, 20.477, 20.758, 21.749, 20.737, 19.054, 18.221, 18.939, 18.922, 19.434, 19.436, 18.207, 16.651, 16.361, 15.12, 15.035, 15.219, 13.85, 12.724, 14.757, 16.119, 16.415, 16.36, 16.457, 16.135, 17.421, 18.141, 17.516, 16.706, 17.676, 18.557, 18.403, 17.886, 18.463, 18.798, 17.351, 15.058, 15.127, 16.682, 16.725, 16.634, 17.926, 17.209, 15.923, 16.121, 17.374, 19.232, 22.715, 22.511, 20.04, 19.191, 18.104, 16.775, 16.647, 17.374, 18.788, 19.813, 22.332, 22.703, 21.14, 23.705], [19.712, 20.964, 22.278, 24.284, 23.32, 21.484, 21.456, 22.073, 21.595, 19.885, 18.986, 19.224, 19.737, 18.172, 16.676, 15.497, 15.237, 13.697, 11.733, 10.701, 9.251, 8.229, 8.366, 7.897, 6.679, 5.804, 6.15, 5.901, 5.944, 5.506, 3.469, 3.415, 3.439, 2.505, 2.101, 1.881, 1.312, 0.0, 1.222, 2.272, 4.827, 6.948, 8.143, 9.385, 10.987, 12.789, 13.904, 13.549, 13.389, 14.438, 16.591, 19.841, 20.081, 17.35, 16.781, 18.248, 19.999, 20.509, 18.824, 18.124, 18.413, 19.755, 20.002, 20.16, 21.612, 21.735, 20.611, 20.666, 22.345, 23.981, 25.313, 26.291, 26.887, 27.194, 27.056, 25.695, 24.92, 25.451, 26.645, 25.824, 25.807, 27.171, 24.805, 21.845, 20.753, 20.395, 20.623, 21.614, 