[[0.0, 1.413, 1.333, 2.335, 2.068, 1.526, 1.43, 1.861, 3.415, 4.017, 3.793, 5.811, 7.836, 8.123, 9.191, 10.193, 10.635, 10.445, 11.477, 13.07, 14.943, 16.129, 17.278, 18.08, 15.305, 10.223, 6.985, 5.512, 3.7, 4.549, 3.784, 3.176, 3.025, 2.572, 2.04, 2.769, 2.638, 2.042, 2.626, 3.186, 2.475, 2.914, 4.339, 4.863, 4.424, 3.721, 4.124, 4.015, 3.286, 3.318, 3.167, 2.299, 2.795, 2.962, 1.653, 1.984, 3.586, 5.492, 6.29, 8.483, 11.524, 10.318, 8.281, 9.457, 10.845, 10.641, 10.134, 11.086, 11.932, 12.324, 12.273, 13.096, 15.854, 19.201, 20.215, 20.772, 22.387, 23.658, 22.509, 23.089, 23.522, 21.201, 20.443, 20.391, 20.251, 21.153, 21.421, 20.825, 19.275, 19.338, 20.17, 19.414, 17.825, 16.883, 15.896, 15.41, 15.455, 14.63, 14.038, 13.604, 10.89, 8.298, 6.79, 7.535, 7.871, 5.718, 4.692, 4.652, 2.848, 2.235, 3.718, 3.533, 2.2, 2.448, 1.989, 1.912, 1.723, 2.97, 3.735, 3.558, 4.694, 5.647, 5.36, 5.742, 6.279, 6.345, 6.898, 8.598, 9.013, 10.246, 13.142, 14.296, 13.439, 14.2, 14.288, 13.167, 12.228, 12.558, 13.763, 14.844, 14.334, 13.307, 13.211, 13.77, 14.706, 15.554, 16.913, 19.392, 20.392, 19.464, 17.104, 16.871, 17.693, 14.755, 11.354, 10.205, 9.441, 8.467, 7.823, 7.284, 6.49, 6.166, 6.031, 5.52, 5.491, 6.849, 7.466, 7.369, 6.615, 6.281, 6.986, 6.439, 6.056, 7.741, 9.078, 7.043, 5.013, 5.983, 7.694, 6.505, 5.098, 4.49, 3.725, 3.494, 3.445, 3.197, 2.691, 2.716, 2.806, 2.457, 4.239, 4.994, 3.962, 4.202, 3.532, 3.042, 3.188, 3.724, 3.96, 3.896, 4.47, 5.894, 7.593, 8.387, 7.054, 8.056], [1.413, 0.0, 1.087, 2.554, 2.267, 1.327, 1.188, 1.813, 3.153, 3.699, 3.504, 5.555, 7.641, 8.034, 9.045, 10.005, 10.478, 10.275, 11.264, 12.921, 14.854, 16.024, 17.094, 17.874, 15.195, 10.033, 6.733, 5.448, 3.572, 4.446, 3.649, 2.512, 2.861, 2.456, 1.813, 2.329, 2.375, 2.057, 2.847, 3.338, 2.73, 3.134, 4.479, 4.97, 4.439, 3.779, 4.041, 4.025, 3.223, 2.899, 2.738, 1.714, 2.781, 2.914, 1.732, 2.063, 3.694, 5.57, 6.137, 8.309, 11.418, 10.205, 8.175, 9.346, 10.74, 10.499, 9.994, 10.87, 11.777, 12.138, 12.179, 12.93, 15.682, 19.048, 19.97, 20.538, 22.137, 23.552, 22.404, 22.983, 23.329, 20.999, 20.309, 20.285, 20.074, 21.048, 21.316, 20.717, 19.087, 19.215, 20.056, 19.276, 17.654, 16.701, 15.689, 15.223, 15.267, 14.47, 13.91, 13.466, 10.784, 8.125, 6.609, 7.362, 7.656, 5.591, 4.57, 4.471, 2.655, 1.977, 3.61, 3.555, 1.736, 2.208, 1.532, 1.849, 1.94, 2.794, 3.735, 3.485, 4.575, 5.533, 5.207, 5.763, 6.228, 6.285, 6.755, 8.404, 8.903, 10.197, 13.129, 14.225, 13.338, 14.11, 14.228, 12.956, 12.077, 12.392, 13.511, 14.71, 14.129, 13.122, 13.038, 13.62, 14.601, 15.448, 16.808, 19.286, 20.187, 19.337, 16.939, 16.704, 17.644, 14.655, 11.0, 9.851, 9.205, 8.23, 7.625, 7.055, 6.218, 5.907, 5.727, 5.244, 5.101, 6.631, 7.345, 7.331, 6.543, 6.065, 6.871, 6.146, 5.836, 7.559, 8.927, 6.938, 4.643, 5.575, 7.108, 5.866, 4.691, 4.234, 3.48, 3.422, 3.487, 3.048, 2.36, 2.426, 2.536, 2.263, 4.41, 5.192, 4.009, 4.085, 3.645, 3.054, 2.937, 3.299, 3.414, 3.574, 4.452, 5.834, 7.488, 8.218, 6.852, 7.84], [1.333, 1.087, 0.0, 2.542, 2.364, 1.459, 1.041, 1.606, 3.037, 3.557, 3.436, 5.525, 7.577, 7.89, 8.908, 9.943, 10.362, 10.164, 11.232, 12.826, 14.718, 15.904, 17.019, 17.821, 15.075, 9.94, 6.63, 5.084, 3.433, 4.329, 3.544, 2.739, 2.675, 2.255, 2.187, 2.678, 2.507, 2.287, 2.931, 3.427, 2.865, 3.264, 4.627, 5.162, 4.566, 3.834, 4.218, 4.19, 3.35, 3.166, 2.809, 1.667, 2.441, 2.671, 1.562, 1.831, 3.36, 5.245, 6.035, 8.225, 11.299, 10.085, 8.056, 9.232, 10.62, 10.382, 9.875, 10.827, 11.644, 11.992, 11.96, 12.823, 15.574, 18.943, 19.957, 20.514, 22.128, 23.432, 22.284, 22.864, 23.264, 20.942, 20.19, 20.166, 19.993, 20.928, 21.196, 20.597, 19.016, 19.096, 19.947, 19.169, 17.575, 16.637, 15.618, 15.135, 15.211, 14.386, 13.729, 13.346, 10.665, 8.039, 6.531, 7.276, 7.612, 5.459, 4.452, 4.414, 2.576, 2.218, 3.425, 3.233, 1.922, 2.413, 2.047, 1.965, 1.815, 2.552, 3.512, 3.275, 4.317, 5.344, 5.079, 5.434, 5.984, 5.991, 6.632, 8.34, 8.768, 9.938, 12.832, 13.947, 13.076, 13.819, 13.94, 12.881, 11.913, 12.28, 13.505, 14.586, 14.058, 13.048, 12.952, 13.512, 14.481, 15.329, 16.688, 19.167, 20.133, 19.2, 16.796, 16.534, 17.387, 14.514, 10.977, 9.729, 9.099, 8.075, 7.51, 6.959, 6.115, 5.8, 5.623, 5.143, 5.047, 6.244, 6.991, 6.914, 6.281, 5.893, 6.546, 6.071, 5.747, 7.467, 8.807, 6.818, 4.954, 5.943, 7.616, 6.415, 4.973, 4.372, 3.567, 3.421, 3.464, 3.139, 2.646, 2.631, 2.638, 2.402, 4.272, 4.97, 3.97, 4.378, 3.623, 2.93, 3.013, 3.437, 3.762, 3.69, 4.194, 5.629, 7.368, 8.128, 6.762, 7.797], [2.335, 2.554, 2.542, 0.0, 1.12, 2.292, 2.569, 3.688, 5.464, 6.044, 5.892, 7.982, 10.034, 10.353, 11.371, 12.391, 12.819, 12.624, 13.676, 15.27, 17.18, 18.366, 19.476, 20.278, 17.537, 12.401, 9.086, 7.547, 5.813, 6.786, 5.67, 3.652, 4.632, 4.248, 2.413, 2.497, 2.951, 2.485, 1.357, 1.287, 1.134, 1.367, 2.498, 3.076, 2.69, 2.369, 3.174, 2.879, 2.214, 2.614, 2.461, 2.287, 4.496, 4.74, 3.302, 3.614, 5.667, 7.68, 8.489, 10.681, 13.761, 12.548, 10.518, 11.694, 13.082, 12.841, 12.336, 13.284, 14.098, 14.449, 14.412, 15.28, 18.031, 21.399, 22.413, 22.97, 24.585, 25.895, 24.746, 25.326, 25.72, 23.399, 22.652, 22.628, 22.449, 23.39, 23.658, 23.059, 21.473, 21.558, 22.397, 21.613, 20.02, 19.081, 18.062, 17.579, 17.655, 16.83, 16.185, 15.808, 13.127, 10.496, 8.988, 9.733, 10.069, 7.917, 6.913, 6.85, 4.635, 4.184, 5.637, 5.619, 2.345, 2.454, 3.264, 3.701, 3.37, 4.803, 5.801, 5.277, 6.584, 7.817, 7.477, 7.762, 8.425, 8.427, 9.022, 10.785, 11.213, 12.377, 15.244, 16.342, 15.229, 15.921, 16.397, 15.337, 14.37, 14.737, 15.961, 17.048, 16.514, 15.505, 15.409, 15.968, 16.943, 17.791, 19.15, 21.629, 22.59, 21.656, 19.253, 18.987, 19.849, 16.976, 13.443, 12.211, 11.57, 10.545, 9.991, 9.429, 8.57, 8.281, 8.102, 7.579, 7.453, 8.483, 9.319, 9.285, 8.73, 8.356, 9.031, 8.549, 8.211, 9.923, 11.272, 9.28, 6.152, 6.905, 8.318, 7.095, 6.272, 5.627, 4.97, 4.994, 5.044, 4.512, 3.62, 3.756, 3.921, 3.723, 6.085, 7.105, 5.511, 5.635, 4.979, 4.318, 4.209, 4.209, 4.587, 4.94, 6.37, 8.091, 9.83, 10.585, 9.219, 10.254], [2.068, 2.267, 2.364, 1.12, 0.0, 1.938, 2.291, 3.377, 5.175, 5.866, 5.643, 7.682, 9.761, 10.129, 11.147, 12.125, 12.547, 12.39, 13.376, 15.032, 16.957, 18.143, 19.213, 19.993, 17.314, 12.152, 8.786, 7.331, 5.554, 6.563, 5.553, 3.74, 4.455, 4.07, 2.274, 2.347, 2.897, 2.218, 1.203, 1.618, 1.262, 1.228, 2.555, 3.08, 2.563, 2.084, 2.585, 2.429, 1.773, 2.021, 1.836, 2.038, 4.439, 4.697, 3.166, 3.534, 5.427, 7.473, 8.256, 10.428, 13.538, 12.324, 10.295, 11.461, 12.858, 12.618, 12.113, 12.989, 13.798, 14.149, 14.116, 14.992, 17.748, 21.167, 22.113, 22.67, 24.285, 25.671, 24.523, 25.103, 25.449, 23.118, 22.429, 22.405, 22.193, 23.167, 23.435, 22.836, 21.206, 21.335, 22.17, 21.38, 19.747, 18.79, 17.758, 17.275, 17.381, 16.558, 15.886, 15.585, 12.904, 10.244, 8.728, 9.482, 9.775, 7.694, 6.689, 6.591, 4.358, 3.894, 5.451, 5.408, 2.045, 1.949, 2.916, 3.357, 3.167, 4.677, 5.543, 5.146, 6.447, 7.573, 7.25, 7.594, 8.192, 8.195, 8.778, 10.494, 10.947, 12.11, 14.987, 16.085, 15.086, 15.803, 16.114, 15.037, 14.07, 14.437, 15.661, 16.825, 16.248, 15.241, 15.157, 15.739, 16.72, 17.568, 18.927, 21.406, 22.307, 21.429, 18.953, 18.687, 19.626, 16.753, 13.131, 11.894, 11.249, 10.224, 9.743, 9.182, 8.279, 8.041, 7.882, 7.359, 7.217, 8.345, 9.136, 9.101, 8.503, 8.113, 8.807, 8.248, 7.963, 9.673, 11.046, 9.057, 5.732, 6.366, 7.855, 6.72, 5.996, 5.109, 4.358, 4.505, 4.641, 3.963, 3.087, 3.188, 3.381, 3.345, 5.804, 6.882, 5.074, 5.031, 4.633, 4.024, 3.957, 3.915, 4.205, 4.584, 6.11, 7.864, 9.607, 10.337, 8.919, 9.959], [1.526, 1.327, 1.459, 2.292, 1.938, 0.0, 1.046, 1.932, 3.336, 4.004, 3.756, 5.777, 7.865, 8.244, 9.25, 10.227, 10.654, 10.503, 11.486, 13.142, 15.059, 16.246, 17.315, 18.095, 15.416, 10.254, 6.892, 5.521, 3.736, 4.689, 3.877, 2.452, 2.801, 2.524, 1.905, 2.286, 2.473, 1.711, 2.581, 3.07, 2.436, 2.819, 4.2, 4.676, 4.163, 3.538, 3.791, 3.802, 2.992, 2.729, 2.427, 1.681, 2.909, 3.03, 1.693, 2.233, 3.607, 5.62, 6.359, 8.53, 11.64, 10.427, 8.397, 9.569, 10.961, 10.721, 10.216, 11.092, 11.918, 12.322, 12.259, 13.107, 15.887, 19.269, 20.204, 20.761, 22.379, 23.774, 22.625, 23.205, 23.551, 21.221, 20.531, 20.507, 20.296, 21.269, 21.537, 20.938, 19.308, 19.441, 20.28, 19.503, 17.857, 16.905, 15.88, 15.413, 15.491, 14.668, 14.047, 13.687, 11.006, 8.347, 6.831, 7.584, 7.878, 5.797, 4.792, 4.717, 2.728, 2.104, 3.67, 3.604, 1.443, 1.928, 1.68, 1.743, 1.81, 2.947, 3.781, 3.587, 4.673, 5.686, 5.392, 5.842, 6.322, 6.369, 6.935, 8.603, 9.057, 10.282, 13.164, 14.28, 13.468, 14.194, 14.336, 13.163, 12.244, 12.537, 13.754, 14.927, 14.35, 13.344, 13.26, 13.842, 14.822, 15.67, 17.029, 19.508, 20.409, 19.54, 17.088, 16.877, 17.817, 14.855, 11.239, 10.075, 9.385, 8.42, 7.857, 7.302, 6.412, 6.157, 5.994, 5.505, 5.437, 6.732, 7.438, 7.376, 6.649, 6.237, 6.967, 6.355, 6.076, 7.783, 9.149, 7.159, 4.762, 5.63, 7.247, 5.999, 4.763, 4.254, 3.442, 3.471, 3.414, 3.011, 2.395, 2.491, 2.483, 2.207, 4.31, 5.177, 3.835, 3.924, 3.33, 2.888, 2.899, 3.218, 3.382, 3.424, 4.29, 5.959, 7.71, 8.44, 7.046, 8.062], [1.43, 1.188, 1.041, 2.569, 2.291, 1.046, 0.0, 1.295, 2.95, 3.725, 3.499, 5.445, 7.604, 7.9, 8.918, 9.895, 10.317, 10.163, 11.14, 12.796, 14.727, 15.914, 16.983, 17.763, 15.084, 9.925, 6.554, 5.118, 3.363, 4.333, 3.405, 2.325, 2.417, 2.062, 1.986, 2.476, 2.5, 1.93, 2.92, 3.423, 2.825, 3.241, 4.66, 5.158, 4.6, 3.917, 4.248, 4.309, 3.446, 3.038, 2.743, 1.275, 2.339, 2.514, 1.244, 1.605, 3.218, 5.238, 6.026, 8.198, 11.308, 10.095, 8.064, 9.232, 10.624, 10.389, 9.883, 10.759, 11.544, 11.895, 11.887, 12.762, 15.518, 18.937, 19.86, 20.42, 22.031, 23.442, 22.288, 22.873, 23.219, 20.889, 20.199, 20.175, 19.964, 20.937, 21.205, 20.606, 18.976, 19.105, 19.934, 19.144, 17.512, 16.554, 15.503, 15.027, 15.145, 14.322, 13.635, 13.355, 10.674, 8.015, 6.499, 7.252, 7.546, 5.465, 4.46, 4.361, 2.261, 1.864, 3.226, 3.2, 1.828, 2.49, 1.966, 1.903, 1.837, 2.816, 3.619, 3.214, 4.255, 5.351, 5.034, 5.358, 5.959, 5.978, 6.544, 8.258, 8.712, 9.887, 12.742, 13.815, 12.888, 13.645, 13.889, 12.787, 11.816, 12.202, 13.407, 14.595, 14.018, 13.012, 12.928, 13.51, 14.49, 15.338, 16.697, 19.176, 20.077, 19.199, 16.719, 16.475, 17.412, 14.523, 10.905, 9.671, 9.013, 8.018, 7.524, 6.994, 6.115, 5.822, 5.687, 5.345, 5.349, 6.294, 6.975, 6.897, 6.279, 5.9, 6.602, 6.042, 5.791, 7.447, 8.816, 6.827, 5.136, 6.072, 7.721, 6.473, 5.096, 4.605, 3.781, 3.685, 3.705, 3.362, 2.794, 2.75, 2.858, 2.523, 4.32, 4.987, 4.025, 4.22, 3.559, 2.995, 3.076, 3.455, 3.77, 3.634, 4.07, 5.636, 7.377, 8.107, 6.665, 7.73], [1.861, 1.813, 1.606, 3.688, 3.377, 1.932, 1.295, 0.0, 2.036, 2.81, 2.652, 4.48, 6.756, 6.862, 7.824, 8.798, 9.221, 9.064, 10.04, 11.696, 13.627, 14.817, 15.887, 16.667, 13.988, 8.826, 5.541, 4.376, 2.401, 3.243, 2.632, 2.853, 2.651, 2.093, 2.924, 3.279, 3.189, 2.621, 4.004, 4.519, 3.86, 4.304, 5.703, 6.207, 5.693, 4.973, 5.225, 5.281, 4.436, 4.176, 3.77, 2.121, 1.549, 1.913, 1.374, 1.287, 2.215, 4.277, 4.957, 7.102, 10.212, 8.998, 6.965, 8.126, 9.524, 9.292, 8.787, 9.663, 10.452, 10.811, 10.802, 11.666, 14.422, 17.841, 18.764, 19.323, 20.936, 22.345, 21.188, 21.776, 22.122, 19.792, 19.102, 19.078, 18.867, 19.839, 20.109, 19.51, 17.88, 18.008, 18.834, 18.044, 16.411, 15.454, 14.402, 13.927, 14.045, 13.222, 12.572, 12.259, 9.578, 6.918, 5.402, 6.155, 6.449, 4.417, 3.428, 3.342, 1.777, 1.8, 2.339, 2.323, 2.696, 3.425, 2.59, 2.339, 2.178, 2.398, 2.919, 2.623, 3.412, 4.229, 3.94, 4.376, 4.904, 4.935, 5.456, 7.158, 7.616, 8.797, 11.73, 12.829, 11.95, 12.714, 12.836, 11.69, 10.743, 11.105, 12.312, 13.498, 12.922, 11.915, 11.831, 12.413, 13.394, 14.241, 15.601, 18.077, 18.981, 18.102, 15.622, 15.373, 16.31, 13.426, 9.801, 8.558, 7.898, 6.896, 6.469, 6.227, 5.353, 4.844, 4.833, 4.745, 4.724, 5.683, 6.131, 5.955, 5.473, 4.85, 5.554, 5.08, 5.109, 6.418, 7.72, 5.885, 5.596, 6.56, 8.243, 7.027, 5.601, 4.897, 3.959, 3.647, 3.511, 3.612, 3.397, 3.168, 3.278, 2.711, 4.117, 4.421, 4.277, 4.576, 3.756, 3.339, 3.555, 4.036, 4.285, 4.105, 4.032, 4.561, 6.281, 7.011, 5.724, 6.633], [3.415, 3.153, 3.037, 5.464, 5.175, 3.336, 2.95, 2.036, 0.0, 1.477, 1.481, 2.65, 4.892, 5.004, 6.009, 6.974, 7.391, 7.25, 8.228, 9.904, 11.792, 12.978, 14.048, 14.828, 12.149, 7.01, 4.166, 3.289, 1.85, 2.08, 2.697, 3.244, 2.513, 2.006, 3.794, 4.276, 3.593, 3.73, 5.811, 6.29, 5.665, 6.097, 7.493, 7.987, 7.463, 6.768, 7.007, 7.032, 6.24, 5.836, 5.433, 3.828, 1.922, 1.712, 2.514, 2.336, 1.599, 2.943, 3.507, 5.263, 8.373, 7.16, 5.13, 6.306, 7.694, 7.453, 6.956, 7.824, 8.834, 9.083, 9.097, 9.868, 12.589, 16.002, 16.949, 17.506, 19.12, 20.507, 19.358, 19.938, 20.284, 17.954, 17.264, 17.24, 17.029, 18.002, 18.27, 17.671, 16.041, 16.17, 17.022, 16.232, 14.6, 13.642, 12.632, 12.152, 12.233, 11.41, 10.849, 10.42, 7.739, 5.08, 3.563, 4.317, 4.611, 2.716, 2.143, 2.214, 2.163, 1.989, 1.619, 1.502, 3.712, 4.484, 3.181, 2.664, 2.794, 2.053, 2.084, 2.191, 2.075, 2.631, 2.382, 2.951, 3.405, 3.553, 4.036, 5.424, 5.849, 7.128, 10.035, 11.163, 10.43, 11.065, 11.109, 9.887, 9.001, 9.324, 10.497, 11.66, 11.1, 10.077, 9.993, 10.574, 11.555, 12.403, 13.762, 16.241, 17.142, 16.264, 13.862, 13.586, 14.554, 11.588, 8.06, 6.882, 6.198, 5.219, 4.757, 4.733, 3.995, 3.518, 3.352, 3.661, 3.689, 4.204, 4.765, 4.492, 3.915, 3.366, 3.89, 3.577, 3.73, 4.769, 5.944, 4.393, 4.994, 6.091, 7.735, 6.599, 5.35, 4.644, 3.396, 3.009, 2.765, 3.449, 4.258, 3.983, 3.528, 3.001, 3.273, 3.476, 3.718, 4.188, 3.343, 3.116, 3.503, 3.968, 3.935, 3.629, 3.451, 3.115, 4.442, 5.172, 4.045, 4.794], [4.017, 3.699, 3.557, 6.044, 5.866, 4.004, 3.725, 2.81, 1.477, 0.0, 1.232, 2.482, 4.599, 4.951, 5.741, 6.709, 7.374, 7.13, 8.138, 9.719, 11.426, 12.692, 13.835, 14.554, 11.688, 6.755, 4.15, 3.512, 2.186, 2.284, 2.794, 3.333, 2.92, 2.927, 4.693, 4.942, 4.274, 4.397, 6.331, 6.818, 6.224, 6.577, 7.913, 8.416, 7.93, 7.322, 7.586, 7.53, 6.663, 6.404, 6.039, 4.611, 2.555, 2.5, 3.379, 3.266, 2.403, 2.692, 3.233, 5.04, 8.023, 6.566, 4.535, 5.857, 7.277, 7.085, 6.794, 7.883, 9.281, 9.35, 9.392, 9.941, 12.567, 15.649, 16.787, 17.423, 19.043, 19.968, 18.814, 19.565, 19.944, 17.564, 16.784, 16.815, 16.802, 17.417, 17.678, 17.073, 15.835, 15.977, 16.795, 16.117, 14.525, 13.597, 12.617, 12.185, 12.045, 11.312, 10.985, 9.993, 7.198, 4.717, 3.312, 4.035, 4.41, 2.529, 1.614, 1.745, 2.258, 2.779, 2.019, 1.806, 4.353, 4.907, 3.181, 3.044, 3.265, 2.588, 2.552, 2.968, 2.578, 2.699, 2.408, 3.215, 3.633, 3.998, 4.435, 5.517, 5.885, 7.515, 10.287, 11.433, 10.989, 11.571, 11.276, 9.884, 9.163, 9.311, 10.352, 11.388, 10.802, 9.749, 9.54, 10.186, 10.999, 11.791, 13.183, 15.65, 16.991, 16.126, 13.89, 13.632, 14.49, 11.444, 7.752, 6.856, 6.24, 5.272, 4.523, 4.317, 4.025, 3.339, 2.994, 3.023, 3.382, 4.36, 5.092, 4.681, 4.097, 3.402, 3.776, 3.369, 3.17, 4.215, 5.615, 3.918, 4.173, 5.529, 7.0, 5.791, 4.388, 3.9, 3.644, 3.2, 2.966, 3.185, 4.084, 3.794, 3.246, 2.913, 3.031, 3.35, 3.403, 3.898, 3.483, 3.486, 3.921, 4.152, 3.974, 3.866, 3.741, 2.728, 4.013, 4.842, 3.967, 4.563], [3.793, 3.504, 3.436, 5.892, 5.643, 3.756, 3.499, 2.652, 1.481, 1.232, 0.0, 2.352, 4.395, 4.875, 5.639, 6.661, 7.225, 6.92, 7.867, 9.592, 11.359, 12.537, 13.595, 14.387, 11.695, 6.586, 3.671, 3.273, 1.899, 2.246, 2.794, 3.313, 2.717, 2.491, 4.185, 4.71, 3.999, 4.059, 6.177, 6.606, 6.006, 6.418, 7.817, 8.289, 7.789, 7.166, 7.391, 7.392, 6.631, 6.261, 5.899, 4.436, 2.496, 2.447, 3.005, 2.999, 2.162, 2.558, 2.754, 4.834, 7.941, 6.706, 4.676, 5.858, 7.244, 7.173, 6.869, 7.791, 9.243, 9.272, 9.372, 9.882, 12.293, 15.549, 16.558, 17.121, 18.753, 20.053, 18.904, 19.5, 19.83, 17.508, 16.81, 16.786, 16.578, 17.548, 17.816, 17.217, 15.604, 15.767, 16.619, 15.881, 14.256, 13.303, 12.341, 11.934, 11.872, 11.256, 10.921, 9.966, 7.342, 4.642, 3.11, 3.863, 4.204, 2.228, 1.516, 1.579, 2.065, 2.199, 1.79, 1.5, 4.065, 4.736, 3.043, 2.84, 3.092, 2.414, 2.726, 3.053, 2.687, 2.889, 2.702, 3.416, 3.796, 4.209, 4.665, 5.562, 5.878, 7.473, 10.223, 11.356, 10.937, 11.505, 11.145, 9.594, 9.11, 9.114, 10.112, 11.224, 10.657, 9.656, 9.564, 10.121, 11.101, 11.949, 13.308, 15.787, 16.72, 15.859, 13.667, 13.322, 14.305, 11.287, 7.677, 6.672, 6.11, 5.172, 4.582, 4.383, 3.927, 3.543, 3.357, 3.051, 3.19, 4.385, 5.299, 4.827, 4.155, 3.773, 3.975, 3.445, 3.28, 4.307, 5.474, 3.8, 4.039, 5.302, 6.755, 5.547, 4.22, 3.645, 3.479, 3.132, 2.967, 3.314, 4.3, 3.986, 3.552, 3.025, 2.619, 2.877, 3.1, 3.371, 3.142, 3.32, 3.751, 3.96, 3.798, 3.637, 3.391, 2.731, 4.011, 4.719, 3.723, 4.444], [5.811, 5.555, 5.525, 7.982, 7.682, 5.777, 5.445, 4.48, 2.65, 2.482, 2.352, 0.0, 2.44, 2.805, 3.72, 4.687, 5.2, 5.004, 5.871, 7.65, 9.443, 10.536, 11.596, 12.346, 9.651, 4.654, 2.481, 2.51, 2.584, 2.792, 3.194, 4.874, 3.485, 3.843, 6.205, 6.748, 5.782, 6.084, 8.224, 8.711, 8.052, 8.468, 9.917, 10.364, 9.902, 9.261, 9.476, 9.473, 8.716, 8.316, 7.929, 6.3, 4.162, 3.539, 4.862, 4.658, 3.034, 2.029, 2.332, 2.831, 5.863, 4.65, 2.966, 3.828, 5.185, 5.109, 4.717, 5.719, 7.181, 7.223, 7.394, 7.918, 10.345, 13.493, 14.462, 15.111, 16.74, 17.997, 16.849, 17.428, 17.796, 15.444, 14.754, 14.771, 14.604, 15.493, 15.761, 15.162, 13.603, 13.781, 14.639, 13.915, 12.302, 11.369, 10.356, 9.962, 9.849, 9.264, 8.913, 7.953, 5.302, 2.62, 1.903, 2.338, 2.772, 1.618, 2.227, 2.576, 3.75, 3.98, 2.814, 3.008, 6.005, 6.717, 5.09, 4.768, 4.958, 3.393, 2.63, 3.086, 1.948, 1.621, 1.588, 1.89, 2.155, 2.643, 2.988, 3.7, 4.02, 5.485, 8.241, 9.328, 8.875, 9.444, 9.161, 7.608, 7.223, 7.1, 8.033, 9.276, 8.697, 7.625, 7.533, 8.086, 9.061, 9.918, 11.267, 13.731, 14.708, 13.936, 11.672, 11.346, 12.345, 9.306, 5.656, 4.751, 4.116, 3.17, 2.654, 2.525, 2.102, 1.777, 1.774, 2.342, 2.429, 2.655, 3.316, 2.843, 2.188, 1.967, 2.096, 1.654, 1.935, 2.512, 3.528, 2.739, 3.993, 5.371, 6.565, 5.537, 4.734, 4.375, 4.998, 4.158, 3.906, 5.0, 6.31, 5.992, 5.443, 4.991, 2.574, 2.558, 3.309, 3.584, 3.293, 3.941, 3.994, 4.487, 4.38, 3.672, 2.87, 1.918, 2.643, 2.706, 1.734, 2.348], [7.836, 7.641, 7.577, 10.034, 9.761, 7.865, 7.604, 6.756, 4.892, 4.599, 4.395, 2.44, 0.0, 1.362, 1.876, 2.814, 3.295, 3.154, 3.84, 5.745, 7.393, 8.443, 9.479, 10.291, 7.583, 2.907, 2.973, 3.433, 4.734, 4.95, 5.359, 7.042, 5.671, 5.938, 8.261, 8.8, 7.835, 8.136, 10.276, 10.763, 10.079, 10.512, 11.97, 12.418, 11.956, 11.313, 11.525, 11.53, 10.769, 10.397, 10.016, 8.52, 6.358, 5.759, 6.966, 6.94, 5.237, 3.599, 3.285, 2.4, 3.866, 3.493, 3.149, 3.112, 3.168, 3.192, 2.977, 3.985, 5.433, 5.468, 5.799, 6.089, 8.38, 11.41, 12.398, 13.058, 14.717, 15.911, 14.762, 15.342, 15.706, 13.365, 12.668, 12.748, 12.552, 13.406, 13.682, 13.09, 11.528, 11.753, 12.615, 11.815, 10.323, 9.359, 8.396, 8.098, 7.943, 7.389, 7.046, 5.953, 3.3, 2.38, 3.185, 3.185, 3.472, 3.411, 4.234, 4.363, 5.934, 6.1, 5.013, 4.988, 7.994, 8.753, 7.14, 6.815, 7.01, 5.445, 4.585, 4.99, 3.767, 3.061, 3.695, 3.443, 2.951, 3.13, 3.019, 2.314, 2.587, 3.884, 6.402, 7.516, 7.177, 7.666, 7.253, 5.996, 5.854, 5.398, 6.009, 7.164, 6.641, 5.524, 5.433, 5.986, 6.961, 7.818, 9.167, 11.653, 12.631, 11.902, 9.811, 9.357, 10.384, 7.37, 3.725, 2.861, 2.331, 1.714, 1.914, 1.862, 2.325, 2.531, 2.829, 3.357, 3.298, 2.569, 2.805, 2.394, 2.228, 2.386, 2.143, 2.171, 2.513, 2.591, 2.903, 3.228, 5.312, 6.5, 7.075, 6.348, 6.103, 6.352, 7.06, 6.209, 5.95, 7.022, 8.4, 8.063, 7.531, 7.058, 4.434, 3.906, 4.951, 5.101, 5.199, 5.993, 5.954, 6.541, 6.44, 5.368, 3.971, 3.216, 3.222, 2.194, 1.998, 2.329], [8.123, 8.034, 7.89, 10.353, 10.129, 8.244, 7.9, 6.862, 5.004, 4.951, 4.875, 2.805, 1.362, 0.0, 1.549, 2.591, 2.841, 2.65, 3.504, 5.362, 6.864, 8.027, 9.224, 10.038, 7.251, 3.11, 3.423, 3.828, 4.682, 4.696, 5.147, 7.068, 5.85, 6.232, 8.603, 9.166, 8.136, 8.483, 10.585, 11.154, 10.427, 10.895, 12.353, 12.819, 12.336, 11.654, 11.869, 11.892, 11.003, 10.771, 10.384, 8.721, 6.154, 5.791, 7.228, 7.004, 5.088, 3.64, 3.437, 2.672, 3.978, 3.737, 3.258, 3.241, 2.758, 2.965, 2.539, 3.575, 4.882, 4.977, 5.159, 5.639, 7.976, 11.147, 12.163, 12.722, 14.367, 15.589, 14.394, 15.021, 15.469, 13.147, 12.389, 12.349, 12.21, 13.038, 13.358, 12.775, 11.229, 11.327, 12.228, 11.408, 9.904, 8.95, 7.99, 7.651, 7.57, 7.002, 6.642, 5.574, 2.916, 2.414, 3.219, 3.295, 3.674, 3.465, 4.086, 4.492, 5.932, 6.339, 4.987, 4.979, 8.371, 9.019, 7.459, 7.093, 7.336, 5.763, 5.003, 5.28, 3.943, 3.035, 3.601, 3.145, 2.74, 2.73, 2.637, 1.985, 2.287, 3.283, 5.955, 7.093, 6.605, 7.181, 6.907, 5.485, 5.148, 4.987, 5.752, 6.8, 6.311, 5.273, 5.17, 5.716, 6.637, 7.492, 8.857, 11.276, 12.338, 11.452, 9.429, 8.956, 9.899, 6.913, 3.497, 2.627, 2.372, 2.032, 2.379, 2.607, 2.62, 2.799, 3.23, 4.031, 4.045, 3.382, 2.968, 2.669, 2.522, 2.665, 2.408, 2.961, 3.219, 3.137, 3.223, 3.699, 6.087, 7.253, 8.037, 7.255, 6.755, 6.64, 7.494, 6.587, 6.232, 7.386, 8.771, 8.389, 7.83, 7.341, 4.627, 4.17, 5.541, 5.788, 5.573, 6.33, 6.298, 6.907, 6.817, 5.744, 4.577, 3.209, 3.241, 2.598, 2.299, 2.219], [9.191, 9.045, 8.908, 11.371, 11.147, 9.25, 8.918, 7.824, 6.009, 5.741, 5.639, 3.72, 1.876, 1.549, 0.0, 1.54, 2.059, 1.912, 2.532, 4.319, 5.82, 7.069, 8.176, 8.952, 6.166, 2.303, 3.369, 4.065, 5.68, 5.525, 6.043, 8.026, 6.828, 7.275, 9.651, 10.184, 9.172, 9.481, 11.584, 12.133, 11.392, 11.797, 13.259, 13.707, 13.279, 12.662, 12.876, 12.897, 12.086, 11.775, 11.398, 9.75, 7.117, 6.731, 8.279, 8.032, 6.136, 4.16, 3.9, 2.509, 3.198, 3.131, 3.349, 2.711, 2.239, 2.221, 2.138, 2.766, 4.089, 4.164, 4.489, 4.759, 7.013, 10.073, 11.156, 11.748, 13.36, 14.524, 13.376, 14.004, 14.383, 12.05, 11.282, 11.262, 11.129, 12.019, 12.288, 11.688, 10.18, 10.317, 11.203, 10.437, 8.856, 7.912, 7.01, 6.621, 6.553, 6.037, 5.751, 4.466, 2.069, 2.396, 3.556, 3.49, 3.937, 4.301, 5.116, 5.297, 6.919, 7.414, 6.073, 6.026, 9.387, 10.082, 8.436, 8.052, 8.279, 6.714, 5.874, 6.23, 4.925, 3.793, 4.371, 3.932, 3.34, 3.232, 2.9, 1.791, 1.884, 2.623, 5.142, 6.214, 5.821, 6.34, 6.002, 4.794, 4.79, 4.11, 4.769, 5.722, 5.181, 4.176, 4.05, 4.61, 5.572, 6.42, 7.779, 10.258, 11.328, 10.423, 8.434, 7.971, 8.914, 5.903, 2.661, 2.108, 1.875, 2.078, 2.57, 2.794, 3.345, 3.51, 3.997, 4.644, 4.602, 3.625, 3.513, 3.042, 3.218, 3.276, 2.769, 3.392, 3.834, 3.119, 3.059, 3.94, 6.642, 7.869, 8.22, 7.739, 7.254, 7.454, 8.389, 7.53, 7.185, 8.401, 9.702, 9.399, 8.797, 8.289, 5.633, 5.003, 6.304, 6.631, 6.569, 7.348, 7.316, 7.916, 7.82, 6.724, 5.222, 3.725, 3.156, 2.37, 2.828, 2.283], [10.193, 10.005, 9.943, 12.391, 12.125, 10.227, 9.895, 8.798, 6.974, 6.709, 6.661, 4.687, 2.814, 2.591, 1.54, 0.0, 1.329, 1.468, 1.717, 3.119, 4.921, 6.142, 7.202, 7.931, 5.221, 2.416, 4.195, 5.012, 6.638, 6.356, 6.994, 9.062, 7.82, 8.227, 10.62, 11.162, 10.22, 10.482, 12.633, 13.12, 12.391, 12.794, 14.253, 14.686, 14.271, 13.685, 13.892, 13.888, 13.117, 12.76, 12.38, 10.727, 8.115, 7.718, 9.199, 8.982, 6.967, 5.04, 4.565, 3.062, 3.298, 3.482, 3.957, 3.249, 2.167, 1.815, 2.315, 2.095, 3.23, 3.336, 3.712, 3.839, 5.934, 9.09, 10.157, 10.782, 12.382, 13.562, 12.402, 13.044, 13.355, 11.022, 10.308, 10.31, 10.165, 11.042, 11.31, 10.711, 9.197, 9.385, 10.199, 9.488, 7.841, 6.905, 5.986, 5.694, 5.66, 5.001, 4.605, 3.468, 1.616, 3.129, 4.444, 4.239, 4.635, 5.02, 6.169, 6.375, 7.865, 8.353, 6.963, 6.964, 10.329, 11.108, 9.439, 9.081, 9.307, 7.744, 6.811, 7.224, 5.897, 4.741, 5.235, 4.839, 4.254, 4.191, 3.735, 2.32, 1.992, 1.922, 4.181, 5.238, 5.027, 5.343, 4.843, 4.076, 3.968, 3.239, 3.72, 4.801, 4.195, 3.167, 3.063, 3.633, 4.613, 5.45, 6.802, 9.281, 10.354, 9.501, 7.239, 6.965, 7.903, 4.844, 2.297, 2.134, 1.811, 2.264, 3.021, 3.5, 4.113, 4.491, 4.945, 5.55, 5.528, 4.379, 3.613, 3.48, 3.791, 4.198, 3.532, 4.002, 4.785, 3.549, 3.513, 4.41, 7.526, 8.628, 9.025, 8.636, 8.157, 8.671, 9.364, 8.532, 8.246, 9.464, 10.665, 10.399, 9.786, 9.285, 6.812, 5.834, 7.142, 7.398, 7.545, 8.35, 8.316, 8.893, 8.798, 7.701, 6.121, 4.652, 3.864, 3.186, 3.866, 3.202], [10.635, 10.478, 10.362, 12.819, 12.547, 10.654, 10.317, 9.221, 7.391, 7.374, 7.225, 5.2, 3.295, 2.841, 2.059, 1.329, 0.0, 0.891, 1.105, 2.671, 4.427, 5.597, 6.666, 7.459, 4.767, 2.853, 4.739, 5.538, 7.068, 6.782, 7.491, 9.616, 8.296, 8.649, 11.042, 11.585, 10.636, 10.932, 13.086, 13.595, 12.876, 13.342, 14.8, 15.248, 14.772, 14.113, 14.32, 14.334, 13.564, 13.202, 12.802, 11.15, 8.567, 8.208, 9.619, 9.387, 7.303, 5.579, 5.093, 3.413, 3.631, 4.015, 4.663, 3.752, 2.351, 1.618, 1.949, 1.561, 2.344, 2.387, 2.767, 2.992, 5.288, 8.62, 9.595, 10.152, 11.78, 13.125, 11.976, 12.556, 12.902, 10.58, 9.882, 9.859, 9.647, 10.62, 10.888, 10.289, 8.659, 8.8, 9.643, 8.864, 7.238, 6.297, 5.289, 4.973, 4.974, 4.332, 3.853, 3.059, 1.567, 3.472, 4.767, 4.766, 5.156, 5.621, 6.656, 6.898, 8.274, 8.75, 7.364, 7.37, 10.793, 11.592, 9.979, 9.641, 9.809, 8.242, 7.478, 7.713, 6.356, 5.348, 5.886, 5.377, 4.629, 4.49, 4.08, 2.439, 2.015, 1.131, 3.297, 4.408, 4.128, 4.516, 4.148, 3.101, 3.17, 2.496, 3.151, 4.278, 3.767, 2.716, 2.719, 3.193, 4.173, 5.021, 6.38, 8.859, 9.771, 8.912, 6.659, 6.324, 7.289, 4.253, 2.393, 2.523, 2.259, 2.568, 3.308, 4.096, 4.546, 5.02, 5.593, 6.272, 6.095, 4.857, 3.9, 3.762, 4.212, 4.832, 4.034, 4.729, 5.442, 4.313, 3.977, 5.304, 8.326, 9.289, 9.985, 9.442, 8.988, 9.332, 9.92, 9.075, 8.822, 10.023, 11.312, 11.013, 10.437, 9.916, 7.274, 6.431, 7.763, 7.918, 7.993, 8.778, 8.738, 9.328, 9.241, 8.124, 6.568, 5.251, 4.353, 3.754, 4.287, 3.637], [10.445, 10.275, 10.164, 12.624, 12.39, 10.503, 10.163, 9.064, 7.25, 7.13, 6.92, 5.004, 3.154, 2.65, 1.912, 1.468, 0.891, 0.0, 1.369, 2.885, 4.605, 5.753, 6.857, 7.659, 4.924, 3.071, 4.752, 5.59, 6.917, 6.611, 7.285, 9.42, 8.109, 8.496, 10.891, 11.427, 10.441, 10.758, 12.914, 13.464, 12.704, 13.167, 14.611, 15.077, 14.594, 13.926, 14.124, 14.141, 13.36, 13.035, 12.645, 10.993, 8.38, 8.017, 9.508, 9.271, 7.193, 5.472, 4.986, 3.344, 3.794, 4.072, 4.554, 3.761, 2.462, 1.653, 2.031, 1.619, 2.704, 2.648, 2.933, 3.286, 5.531, 8.78, 9.795, 10.355, 11.975, 13.282, 12.133, 12.713, 13.102, 10.78, 10.039, 10.016, 9.832, 10.777, 11.045, 10.446, 8.854, 8.96, 9.808, 9.021, 7.484, 6.516, 5.557, 5.162, 5.119, 4.607, 4.236, 3.245, 1.887, 3.499, 4.563, 4.704, 5.126, 5.523, 6.404, 6.626, 8.116, 8.65, 7.253, 7.237, 10.657, 11.384, 9.755, 9.452, 9.617, 8.053, 7.262, 7.547, 6.161, 5.134, 5.661, 5.18, 4.408, 4.307, 3.884, 2.324, 2.084, 1.476, 3.665, 4.707, 4.309, 4.864, 4.477, 3.118, 3.103, 2.567, 3.345, 4.443, 3.918, 2.917, 2.863, 3.362, 4.33, 5.178, 6.537, 9.016, 9.971, 9.096, 6.978, 6.555, 7.507, 4.485, 2.513, 2.735, 2.575, 2.747, 3.37, 3.958, 4.278, 4.762, 5.43, 6.03, 5.893, 4.899, 3.819, 3.713, 4.059, 4.605, 3.942, 4.764, 5.272, 4.309, 3.984, 5.236, 8.072, 9.272, 9.846, 9.258, 8.823, 9.003, 9.743, 8.847, 8.587, 9.764, 11.087, 10.771, 10.19, 9.696, 6.939, 6.369, 7.696, 7.904, 7.843, 8.599, 8.569, 9.182, 9.092, 7.966, 6.457, 4.975, 4.289, 3.623, 4.159, 3.537], [11.477, 11.264, 11.232, 13.676, 13.376, 11.486, 11.14, 10.04, 8.228, 8.138, 7.867, 5.871, 3.84, 3.504, 2.532, 1.717, 1.105, 1.369, 0.0, 2.208, 3.727, 4.828, 5.884, 6.676, 3.985, 2.967, 4.993, 6.278, 7.907, 7.563, 8.32, 10.452, 9.111, 9.465, 11.91, 12.44, 11.51, 11.738, 13.915, 14.419, 13.706, 14.176, 15.595, 16.045, 15.581, 14.941, 15.119, 15.151, 14.364, 13.985, 13.602, 11.958, 9.395, 9.004, 10.455, 10.244, 8.18, 6.424, 5.505, 3.737, 3.425, 4.083, 4.955, 3.856, 2.296, 1.862, 2.31, 1.821, 2.314, 2.276, 2.634, 2.792, 4.732, 7.824, 8.795, 9.38, 11.039, 12.316, 11.154, 11.768, 12.108, 9.779, 9.08, 9.123, 8.914, 9.807, 10.081, 9.494, 7.89, 8.115, 8.906, 8.055, 6.547, 5.572, 4.719, 4.409, 4.478, 3.998, 3.643, 2.336, 1.69, 3.901, 5.213, 5.063, 5.4, 6.126, 7.273, 7.385, 9.152, 9.622, 8.249, 8.291, 11.651, 12.4, 10.791, 10.472, 10.655, 9.096, 8.283, 8.511, 7.149, 6.106, 6.618, 6.164, 5.4, 5.343, 4.875, 3.116, 2.574, 1.635, 3.218, 4.198, 3.941, 4.335, 3.844, 2.919, 3.338, 2.381, 2.426, 3.51, 3.02, 2.094, 2.173, 2.49, 3.499, 4.284, 5.598, 8.042, 8.985, 8.24, 6.193, 5.685, 6.744, 3.709, 2.352, 2.663, 2.699, 3.227, 3.891, 4.613, 5.242, 5.697, 6.285, 6.782, 6.776, 5.556, 4.593, 4.539, 5.042, 5.58, 4.882, 5.416, 5.972, 4.512, 4.07, 5.617, 8.646, 9.94, 10.093, 9.608, 9.245, 9.816, 10.696, 9.839, 9.596, 10.742, 12.078, 11.766, 11.224, 10.736, 7.85, 6.932, 8.505, 8.522, 8.808, 9.629, 9.605, 10.177, 10.044, 8.924, 7.37, 5.972, 4.678, 3.959, 4.804, 4.104], [13.07, 12.921, 12.826, 15.27, 15.032, 13.142, 12.796, 11.696, 9.904, 9.719, 9.592, 7.65, 5.745, 5.362, 4.319, 3.119, 2.671, 2.885, 2.208, 0.0, 2.105, 3.261, 4.274, 5.065, 2.477, 3.888, 6.89, 7.768, 9.516, 9.142, 9.865, 11.997, 10.706, 11.106, 13.519, 14.071, 13.104, 13.338, 15.513, 16.024, 15.275, 15.726, 17.144, 17.618, 17.173, 16.558, 16.755, 16.76, 15.979, 15.652, 15.259, 13.614, 10.932, 10.602, 12.069, 11.892, 9.758, 7.896, 7.281, 5.067, 4.756, 5.592, 6.533, 5.241, 3.738, 3.262, 3.563, 2.487, 1.878, 1.705, 2.026, 1.701, 2.983, 6.207, 7.239, 7.826, 9.445, 10.658, 9.516, 10.142, 10.502, 8.17, 7.424, 7.404, 7.25, 8.146, 8.422, 7.825, 6.291, 6.422, 7.187, 6.463, 4.864, 3.923, 3.097, 3.036, 2.955, 2.326, 1.836, 1.174, 2.924, 5.633, 7.049, 6.815, 7.134, 7.805, 9.077, 9.282, 10.777, 11.253, 9.847, 9.791, 13.251, 13.992, 12.329, 12.017, 12.191, 10.633, 9.812, 10.087, 8.767, 7.704, 8.181, 7.718, 6.952, 6.909, 6.398, 4.606, 4.111, 2.924, 2.139, 2.805, 2.883, 2.701, 2.069, 2.708, 2.89, 2.139, 1.648, 2.154, 1.81, 2.343, 2.546, 1.739, 2.554, 2.987, 4.159, 6.384, 7.412, 6.525, 4.292, 4.025, 4.919, 2.244, 3.671, 3.862, 3.899, 4.908, 5.54, 6.337, 7.016, 7.389, 7.937, 8.473, 8.444, 7.137, 6.203, 6.15, 6.657, 7.151, 6.418, 6.937, 7.741, 6.299, 5.425, 6.987, 10.534, 11.531, 11.808, 11.588, 11.121, 11.637, 12.323, 11.446, 11.2, 12.423, 13.65, 13.4, 12.814, 12.278, 9.725, 8.693, 10.068, 10.264, 10.408, 11.23, 11.214, 11.804, 11.691, 10.581, 9.008, 7.487, 6.31, 5.918, 6.707, 6.05], [14.943, 14.854, 14.718, 17.18, 16.957, 15.059, 14.727, 13.627, 11.792, 11.426, 11.359, 9.443, 7.393, 6.864, 5.82, 4.921, 4.427, 4.605, 3.727, 2.105, 0.0, 1.998, 2.63, 3.489, 2.266, 5.226, 8.198, 9.633, 11.411, 10.787, 11.618, 13.762, 12.624, 13.049, 15.429, 15.994, 14.963, 15.265, 17.355, 17.919, 17.197, 17.6, 19.052, 19.522, 19.091, 18.441, 18.656, 18.681, 17.8, 17.569, 17.192, 15.546, 12.742, 12.517, 14.01, 13.775, 11.631, 9.6, 8.86, 6.737, 5.593, 6.473, 7.71, 6.193, 4.831, 4.82, 5.238, 4.187, 3.441, 3.011, 3.042, 2.379, 2.201, 4.544, 5.533, 6.226, 7.855, 8.795, 7.579, 8.341, 8.77, 6.433, 5.648, 5.682, 5.506, 6.276, 6.554, 6.059, 4.693, 4.84, 5.822, 4.929, 3.591, 2.818, 2.101, 2.587, 2.432, 2.257, 2.046, 1.708, 4.357, 7.019, 8.53, 7.998, 8.175, 9.416, 10.567, 10.705, 12.641, 13.136, 11.721, 11.629, 15.127, 15.793, 14.188, 13.76, 14.047, 12.505, 11.685, 12.039, 10.681, 9.58, 10.003, 9.536, 8.842, 8.773, 8.263, 6.506, 6.033, 4.847, 2.826, 2.724, 3.11, 2.9, 1.949, 3.008, 3.619, 3.252, 2.011, 1.699, 1.843, 3.258, 3.268, 2.252, 2.416, 2.56, 3.397, 4.707, 5.715, 4.98, 3.328, 2.695, 3.882, 2.151, 4.839, 5.41, 5.789, 6.796, 7.342, 8.03, 8.794, 9.155, 9.535, 10.088, 10.271, 9.008, 8.066, 7.957, 8.492, 9.019, 8.173, 8.832, 9.357, 7.802, 6.58, 8.46, 11.952, 13.281, 12.901, 12.624, 12.37, 13.131, 14.204, 13.339, 12.891, 14.001, 15.419, 15.034, 14.429, 13.995, 11.26, 10.115, 11.937, 12.107, 12.36, 13.157, 13.125, 13.725, 13.629, 12.523, 10.949, 9.178, 7.514, 7.158, 8.106, 7.411], [16.129, 16.024, 15.904, 18.366, 18.143, 16.246, 15.914, 14.817, 12.978, 12.692, 12.537, 10.536, 8.443, 8.027, 7.069, 6.142, 5.597, 5.753, 4.828, 3.261, 1.998, 0.0, 1.513, 2.33, 1.948, 6.037, 9.361, 10.822, 12.589, 11.944, 12.9, 15.011, 13.811, 14.245, 16.616, 17.18, 16.15, 16.477, 18.571, 19.125, 18.411, 18.835, 20.298, 20.759, 20.302, 19.658, 19.87, 19.878, 19.012, 18.76, 18.383, 16.737, 14.048, 13.713, 15.197, 14.927, 12.767, 10.839, 9.922, 7.758, 5.184, 6.943, 8.708, 7.009, 5.728, 5.87, 6.262, 5.197, 4.427, 4.05, 4.041, 3.23, 2.588, 3.697, 4.221, 5.201, 6.656, 7.575, 6.386, 7.067, 7.463, 5.271, 4.542, 4.506, 4.289, 5.107, 5.35, 4.934, 3.569, 3.776, 4.904, 4.075, 3.183, 3.11, 2.721, 2.911, 2.96, 2.783, 2.558, 2.92, 5.553, 8.073, 9.534, 8.876, 8.596, 10.493, 11.696, 11.728, 13.785, 14.289, 12.85, 12.761, 16.316, 17.003, 15.428, 15.036, 15.315, 13.745, 12.912, 13.261, 11.9, 10.791, 11.265, 10.789, 10.077, 9.97, 9.522, 7.698, 7.219, 6.034, 3.339, 3.154, 3.515, 3.313, 2.476, 3.563, 4.338, 3.786, 2.558, 1.524, 2.024, 3.623, 3.562, 2.861, 2.538, 2.25, 2.331, 3.566, 4.406, 4.039, 3.059, 2.413, 3.654, 2.189, 5.147, 6.404, 6.977, 7.995, 8.525, 9.217, 9.99, 10.326, 10.854, 11.374, 11.508, 10.228, 9.273, 9.174, 9.696, 10.219, 9.486, 10.004, 10.562, 8.95, 7.148, 9.494, 13.072, 14.473, 13.784, 13.234, 13.623, 14.347, 15.421, 14.521, 14.173, 15.254, 16.669, 16.288, 15.752, 15.282, 12.41, 11.311, 13.173, 13.261, 13.547, 14.344, 14.312, 14.912, 14.816, 13.705, 12.139, 10.438, 8.703, 8.161, 9.274, 8.443], [17.278, 17.094, 17.019, 19.476, 19.213, 17.315, 16.983, 15.887, 14.048, 13.835, 13.595, 11.596, 9.479, 9.224, 8.176, 7.202, 6.666, 6.857, 5.884, 4.274, 2.63, 1.513, 0.0, 1.725, 2.462, 7.118, 10.431, 11.949, 13.663, 13.121, 14.054, 16.202, 14.905, 15.315, 17.699, 18.25, 17.277, 17.567, 19.704, 20.184, 19.488, 19.922, 21.38, 21.827, 21.369, 20.751, 20.962, 20.969, 20.207, 19.848, 19.468, 17.816, 15.187, 14.818, 16.266, 15.996, 13.837, 11.992, 10.99, 8.828, 6.367, 7.921, 9.836, 8.19, 6.828, 6.892, 7.315, 6.252, 5.483, 5.116, 5.097, 4.226, 2.201, 2.538, 3.027, 3.996, 5.567, 6.491, 5.31, 5.936, 6.316, 3.944, 3.433, 3.592, 3.19, 4.096, 4.265, 3.908, 2.577, 2.833, 3.902, 3.093, 2.109, 2.158, 2.143, 2.959, 2.695, 2.807, 3.389, 3.848, 6.71, 9.125, 10.568, 9.853, 9.579, 11.58, 12.813, 12.782, 14.855, 15.359, 13.919, 13.883, 17.382, 18.193, 16.555, 16.225, 16.426, 14.861, 13.993, 14.333, 12.985, 11.892, 12.386, 11.961, 11.182, 11.108, 10.59, 8.745, 8.296, 7.104, 4.263, 3.416, 4.371, 3.705, 3.214, 4.344, 5.296, 4.812, 3.614, 2.478, 3.052, 4.562, 4.555, 3.791, 3.204, 3.05, 2.203, 2.739, 3.303, 3.014, 2.07, 1.707, 2.662, 2.668, 6.213, 7.49, 8.065, 9.075, 9.663, 10.361, 11.051, 11.454, 12.029, 12.53, 12.574, 11.297, 10.431, 10.328, 10.808, 11.35, 10.64, 11.059, 11.717, 10.025, 8.242, 10.639, 14.19, 15.63, 14.794, 14.202, 14.789, 15.497, 16.475, 15.63, 15.36, 16.432, 17.81, 17.471, 16.94, 16.462, 13.6, 12.507, 14.273, 14.337, 14.63, 15.435, 15.396, 15.982, 15.886, 14.789, 13.209, 11.618, 9.884, 9.149, 10.341, 9.391], [18.08, 17.874, 17.821, 20.278, 19.993, 18.095, 17.763, 16.667, 14.828, 14.554, 14.387, 12.346, 10.291, 10.038, 8.952, 7.931, 7.459, 7.659, 6.676, 5.065, 3.489, 2.33, 1.725, 0.0, 3.152, 7.899, 11.215, 12.751, 14.465, 13.842, 14.813, 16.961, 15.707, 16.095, 18.501, 19.044, 18.079, 18.368, 20.499, 20.971, 20.281, 20.704, 22.168, 22.582, 22.162, 21.553, 21.758, 21.758, 21.001, 20.631, 20.248, 18.596, 15.986, 15.605, 17.046, 16.776, 14.617, 12.752, 11.801, 9.62, 7.257, 8.913, 10.595, 8.952, 7.69, 7.655, 8.066, 7.081, 6.333, 5.905, 5.877, 5.003, 2.335, 1.986, 2.328, 3.278, 4.626, 5.684, 4.539, 5.262, 5.461, 3.407, 2.756, 2.735, 2.671, 3.423, 3.636, 3.171, 1.819, 1.99, 3.076, 2.588, 1.814, 2.458, 2.735, 3.469, 3.137, 3.654, 4.241, 4.607, 7.428, 9.921, 11.4, 10.782, 10.54, 12.379, 13.551, 13.588, 15.652, 16.139, 14.699, 14.685, 18.182, 18.995, 17.354, 16.993, 17.225, 15.66, 14.712, 15.126, 13.787, 12.624, 13.105, 12.716, 11.941, 11.911, 11.336, 9.518, 9.093, 7.906, 5.082, 4.053, 5.258, 4.552, 4.089, 5.219, 6.157, 5.644, 4.452, 3.369, 3.814, 5.543, 5.597, 4.761, 4.073, 3.827, 2.475, 2.222, 2.518, 2.209, 2.173, 1.623, 2.401, 3.342, 6.929, 8.27, 8.845, 9.858, 10.45, 11.116, 11.847, 12.243, 12.752, 13.26, 13.347, 12.085, 11.228, 11.123, 11.61, 12.084, 11.439, 11.783, 12.443, 10.775, 9.094, 11.356, 14.899, 16.401, 15.707, 15.21, 15.526, 16.232, 17.238, 16.41, 16.12, 17.176, 18.527, 18.19, 17.658, 17.196, 14.402, 13.309, 15.04, 15.11, 15.432, 16.237, 16.198, 16.776, 16.666, 15.569, 13.989, 12.377, 10.682, 9.995, 11.184, 10.31], [15.305, 15.195, 15.075, 17.537, 17.314, 15.416, 15.084, 13.988, 12.149, 11.688, 11.695, 9.651, 7.583, 7.251, 6.166, 5.221, 4.767, 4.924, 3.985, 2.477, 2.266, 1.948, 2.462, 3.152, 0.0, 5.162, 8.532, 9.99, 11.76, 10.997, 11.912, 14.133, 12.981, 13.408, 15.786, 16.351, 15.32, 15.631, 17.726, 18.248, 17.54, 17.945, 19.391, 19.85, 19.425, 18.81, 19.004, 19.012, 18.206, 17.938, 17.561, 15.916, 13.144, 12.874, 14.367, 14.097, 11.944, 9.917, 9.1, 6.904, 4.531, 5.908, 7.686, 6.169, 4.971, 4.964, 5.392, 4.527, 4.031, 3.782, 4.084, 3.693, 3.206, 4.219, 5.153, 6.142, 7.681, 8.397, 7.269, 7.971, 8.396, 6.071, 5.273, 5.399, 5.266, 5.975, 6.133, 5.685, 4.494, 4.696, 5.821, 4.891, 3.744, 3.805, 3.864, 4.494, 4.252, 3.767, 3.193, 2.125, 4.603, 7.21, 8.725, 7.98, 7.72, 9.631, 10.713, 10.859, 12.956, 13.46, 12.034, 11.942, 15.483, 16.22, 14.525, 14.16, 14.405, 12.863, 11.936, 12.373, 11.044, 9.896, 10.271, 9.891, 9.169, 9.135, 8.577, 6.84, 6.39, 5.204, 4.016, 4.499, 4.744, 4.317, 3.642, 4.469, 4.846, 3.941, 2.551, 2.439, 2.186, 2.72, 2.749, 2.07, 1.537, 1.582, 2.041, 4.092, 5.4, 4.923, 3.758, 3.034, 4.193, 1.939, 4.258, 5.582, 6.155, 7.165, 7.666, 8.253, 9.136, 9.414, 9.899, 10.402, 10.619, 9.365, 8.438, 8.339, 8.854, 9.323, 8.597, 9.095, 9.559, 7.928, 6.268, 8.509, 12.052, 13.627, 12.768, 12.187, 12.601, 13.438, 14.552, 13.675, 13.302, 14.282, 15.652, 15.344, 14.76, 14.402, 11.627, 10.534, 12.286, 12.416, 12.708, 13.515, 13.483, 14.083, 13.987, 12.883, 11.31, 9.532, 7.871, 7.241, 8.456, 7.534], [10.223, 10.033, 9.94, 12.401, 12.152, 10.254, 9.925, 8.826, 7.01, 6.755, 6.586, 4.654, 2.907, 3.11, 2.303, 2.416, 2.853, 3.071, 2.967, 3.888, 5.226, 6.037, 7.118, 7.899, 5.162, 0.0, 3.611, 4.891, 6.634, 6.307, 6.953, 9.088, 7.825, 8.266, 10.652, 11.189, 10.211, 10.487, 12.642, 13.149, 12.403, 12.829, 14.278, 14.728, 14.288, 13.678, 13.884, 13.891, 13.124, 12.785, 12.407, 10.755, 8.087, 7.724, 9.279, 9.028, 6.97, 5.076, 4.262, 2.574, 2.627, 2.677, 3.273, 2.303, 2.914, 3.21, 3.52, 3.923, 4.363, 4.844, 5.141, 5.073, 6.02, 9.03, 10.094, 10.697, 12.307, 13.519, 12.371, 12.986, 13.336, 11.004, 10.276, 10.258, 10.083, 11.015, 11.283, 10.684, 9.123, 9.293, 10.117, 9.394, 7.78, 6.958, 6.538, 6.488, 6.538, 5.917, 5.302, 4.005, 2.636, 3.025, 4.108, 3.533, 3.769, 4.698, 6.064, 6.212, 7.904, 8.407, 7.034, 6.996, 10.39, 11.125, 9.455, 9.119, 9.325, 7.761, 6.883, 7.239, 5.921, 4.809, 5.318, 4.871, 4.166, 4.206, 3.821, 2.796, 2.823, 3.574, 5.68, 6.395, 6.457, 6.429, 5.639, 5.575, 5.929, 4.917, 4.453, 4.785, 4.227, 3.642, 3.711, 3.735, 4.568, 5.415, 6.775, 9.254, 10.272, 9.41, 7.384, 6.929, 7.94, 4.813, 1.909, 1.618, 1.799, 2.343, 2.712, 3.367, 4.034, 4.411, 4.962, 5.456, 5.497, 4.246, 3.928, 3.334, 3.834, 4.263, 3.54, 4.008, 4.723, 3.183, 1.904, 3.766, 7.213, 8.563, 8.372, 8.135, 7.929, 8.522, 9.405, 8.537, 8.246, 9.412, 10.72, 10.407, 9.828, 9.353, 6.622, 5.566, 7.16, 7.281, 7.569, 8.363, 8.331, 8.921, 8.825, 7.729, 6.148, 4.583, 3.459, 2.701, 3.61, 3.257], [6.985, 6.733, 6.63, 9.086, 8.786, 6.892, 6.554, 5.541, 4.166, 4.15, 3.671, 2.481, 2.973, 3.423, 3.369, 4.195, 4.739, 4.752, 4.993, 6.89, 8.198, 9.361, 10.431, 11.215, 8.532, 3.611, 0.0, 1.893, 3.527, 4.095, 4.018, 5.852, 4.564, 4.968, 7.357, 7.852, 6.887, 7.185, 9.331, 9.82, 9.143, 9.562, 11.014, 11.469, 11.0, 10.374, 10.635, 10.625, 9.841, 9.427, 9.037, 7.385, 4.998, 4.512, 5.972, 5.693, 4.093, 2.528, 2.494, 2.781, 4.885, 3.684, 2.928, 3.04, 4.848, 5.057, 4.939, 5.656, 6.682, 6.756, 7.114, 7.364, 9.372, 12.385, 13.356, 13.95, 15.54, 16.889, 15.741, 16.323, 16.666, 14.336, 13.646, 13.622, 13.411, 14.385, 14.653, 14.055, 12.429, 12.6, 13.541, 12.712, 11.079, 10.238, 9.462, 9.017, 9.261, 8.719, 8.207, 6.949, 4.783, 3.168, 2.971, 3.081, 3.178, 2.491, 3.451, 3.655, 4.822, 5.127, 4.184, 4.291, 7.181, 7.887, 6.254, 5.902, 6.048, 4.504, 4.552, 4.945, 3.874, 2.926, 3.237, 3.138, 3.502, 3.958, 4.237, 4.051, 4.488, 5.311, 7.711, 8.701, 8.413, 8.864, 8.394, 7.427, 7.557, 6.646, 7.019, 8.102, 7.522, 6.487, 6.445, 7.058, 7.937, 8.785, 10.145, 12.623, 13.55, 12.704, 10.694, 10.194, 11.221, 8.227, 4.499, 3.613, 3.485, 2.809, 2.498, 2.493, 2.521, 2.51, 2.792, 2.502, 2.345, 2.578, 3.624, 2.873, 2.777, 2.756, 2.416, 1.862, 2.163, 1.616, 2.455, 1.76, 4.201, 5.526, 5.617, 5.114, 4.919, 5.318, 6.181, 5.335, 5.227, 6.322, 7.615, 7.312, 6.711, 6.151, 3.475, 2.595, 3.98, 4.184, 4.281, 5.045, 5.008, 5.585, 5.465, 4.368, 2.824,