[[0.0, 2.638, 1.613, 1.678, 1.528, 2.186, 3.673, 6.052, 9.187, 11.955, 11.478, 10.913, 12.727, 15.062, 14.118, 14.155, 17.35, 18.221, 17.966, 17.01, 10.082, 5.084, 5.066, 6.085, 6.447, 6.025, 5.237, 4.419, 3.628, 4.355, 3.462, 2.103, 2.544, 3.446, 4.826, 6.236, 7.119, 6.872, 6.626, 6.767, 7.775, 10.29, 12.137, 13.105, 15.964, 17.609, 16.328, 14.592, 15.807, 17.374, 16.806, 17.678, 18.397, 16.579, 16.232, 17.239, 18.128, 17.595, 16.922, 17.322, 18.403, 21.192, 19.863, 15.404, 15.386, 14.882, 12.514, 13.025, 14.129, 14.416, 16.636, 15.391, 13.684, 14.729, 14.138, 12.372, 14.817, 18.813, 19.683, 18.378, 16.414, 15.515, 14.921, 13.241, 13.755, 13.647, 12.309, 12.752, 13.456, 11.472, 7.896, 7.125, 8.894, 9.803, 9.762, 9.504, 8.827, 6.483, 5.744, 6.31, 8.659, 10.434, 9.019, 5.216, 3.381, 4.409, 5.858, 6.332, 3.138, 3.967, 7.596, 7.703, 8.912, 11.231, 12.644, 12.682, 11.533, 10.604, 9.668, 9.699, 9.956, 11.13, 12.044, 10.656, 10.485, 11.714, 11.021, 9.651, 9.659, 9.84, 9.775, 10.022, 10.914, 10.946, 8.669, 5.276, 3.666, 3.537, 3.951, 4.165, 3.15, 1.979, 3.621, 4.262, 4.444], [2.638, 0.0, 2.079, 3.52, 3.54, 4.588, 6.217, 8.593, 11.769, 14.538, 14.046, 13.482, 15.31, 17.645, 16.7, 16.738, 19.939, 20.816, 20.56, 19.592, 12.665, 7.603, 6.853, 7.813, 8.061, 7.244, 6.535, 5.818, 5.442, 6.271, 5.58, 3.984, 4.333, 5.475, 7.062, 8.607, 9.522, 9.279, 9.052, 9.348, 10.308, 12.831, 14.697, 15.7, 18.556, 20.186, 18.916, 17.191, 18.389, 19.956, 19.389, 20.26, 20.98, 19.161, 18.815, 19.822, 20.711, 20.178, 19.505, 19.904, 20.986, 23.775, 22.445, 17.987, 17.949, 17.464, 15.025, 15.566, 16.605, 16.906, 19.203, 17.956, 16.207, 17.223, 16.589, 14.811, 17.268, 21.351, 22.248, 20.961, 18.996, 18.098, 17.485, 15.803, 16.333, 16.238, 14.895, 15.32, 16.039, 14.001, 10.419, 9.709, 11.477, 12.34, 12.292, 12.063, 11.412, 8.993, 8.108, 8.834, 11.259, 13.017, 11.603, 7.761, 5.819, 7.004, 8.44, 8.914, 5.67, 1.917, 5.237, 5.471, 6.57, 8.945, 10.283, 10.326, 9.16, 8.25, 7.308, 7.25, 7.442, 8.568, 9.479, 8.138, 7.912, 9.148, 8.463, 7.099, 7.209, 7.68, 7.627, 7.869, 8.47, 8.571, 6.271, 2.887, 1.535, 1.843, 2.344, 2.058, 1.61, 2.979, 5.611, 6.788, 6.905], [1.613, 2.079, 0.0, 1.975, 2.057, 2.906, 4.437, 6.774, 9.856, 12.618, 12.135, 11.564, 13.382, 15.716, 14.779, 14.81, 18.018, 18.881, 18.64, 17.664, 10.737, 5.757, 5.786, 6.796, 7.124, 6.466, 5.769, 4.852, 4.343, 5.153, 4.279, 2.844, 3.287, 4.256, 5.613, 6.991, 7.863, 7.646, 7.402, 7.504, 8.438, 10.934, 12.851, 13.773, 16.636, 18.281, 16.997, 15.268, 16.461, 18.028, 17.461, 18.332, 19.051, 17.233, 16.887, 17.893, 18.787, 18.249, 17.576, 17.976, 19.057, 21.847, 20.517, 16.069, 16.042, 15.543, 13.186, 13.726, 14.78, 14.999, 17.308, 16.093, 14.325, 15.371, 14.756, 13.027, 15.426, 19.479, 20.373, 19.032, 17.068, 16.169, 15.591, 13.87, 14.389, 14.312, 12.96, 13.398, 14.119, 12.133, 8.593, 7.797, 9.554, 10.435, 10.421, 10.149, 9.468, 7.196, 6.549, 7.049, 9.343, 11.092, 9.68, 5.842, 4.052, 5.066, 6.512, 6.986, 3.741, 3.336, 6.994, 7.142, 8.153, 10.481, 11.951, 12.026, 10.889, 10.011, 9.078, 9.053, 9.261, 10.456, 11.363, 9.984, 9.797, 11.036, 10.353, 9.013, 9.01, 9.17, 9.079, 9.395, 10.307, 10.262, 8.069, 4.618, 2.956, 2.89, 3.289, 3.482, 2.577, 1.663, 3.817, 4.947, 5.015], [1.678, 3.52, 1.975, 0.0, 1.32, 1.581, 2.99, 5.204, 8.395, 11.184, 10.669, 10.103, 11.934, 14.262, 13.318, 13.367, 16.563, 17.427, 17.207, 16.225, 9.284, 4.218, 4.762, 5.779, 6.142, 5.659, 4.895, 3.974, 3.314, 4.039, 3.067, 1.713, 2.35, 3.02, 4.146, 5.388, 6.28, 6.093, 5.846, 5.986, 6.965, 9.509, 11.389, 12.288, 15.144, 16.819, 15.543, 13.807, 15.027, 16.598, 16.027, 16.886, 17.628, 15.804, 15.448, 16.465, 17.359, 16.804, 16.139, 16.537, 17.607, 20.397, 19.069, 14.623, 14.596, 14.082, 11.751, 12.24, 13.421, 13.697, 15.818, 14.639, 12.901, 13.979, 13.39, 11.634, 14.062, 17.988, 18.885, 17.606, 15.625, 14.724, 14.097, 12.406, 12.941, 12.826, 11.521, 11.941, 12.658, 10.684, 7.142, 6.336, 8.125, 8.998, 8.988, 8.728, 8.031, 5.788, 5.072, 5.583, 7.923, 9.675, 8.292, 4.534, 2.637, 3.615, 5.076, 5.552, 2.378, 4.602, 8.256, 8.346, 9.529, 11.884, 13.303, 13.368, 12.225, 11.309, 10.377, 10.443, 10.684, 11.857, 12.793, 11.425, 11.213, 12.451, 11.766, 10.402, 10.419, 10.498, 10.491, 10.748, 11.695, 11.722, 9.38, 6.012, 4.515, 4.333, 4.73, 4.884, 3.774, 1.924, 2.963, 3.554, 3.66], [1.528, 3.54, 2.057, 1.32, 0.0, 1.704, 3.133, 5.525, 8.724, 11.5, 11.033, 10.455, 12.263, 14.605, 13.667, 13.692, 16.885, 17.747, 17.528, 16.554, 9.613, 4.674, 5.229, 6.297, 6.631, 6.298, 5.5, 4.615, 3.796, 4.445, 3.512, 2.326, 2.822, 3.413, 4.692, 5.92, 6.792, 6.624, 6.352, 6.392, 7.334, 9.845, 11.761, 12.664, 15.485, 17.148, 15.872, 14.137, 15.356, 16.926, 16.35, 17.215, 17.941, 16.123, 15.777, 16.794, 17.691, 17.133, 16.468, 16.866, 17.936, 20.72, 19.398, 14.984, 14.935, 14.411, 12.107, 12.616, 13.709, 13.889, 16.206, 15.022, 13.207, 14.276, 13.585, 11.659, 14.277, 18.376, 19.271, 17.922, 15.954, 15.053, 14.488, 12.727, 13.257, 13.203, 11.841, 12.266, 12.987, 11.03, 7.522, 6.665, 8.458, 9.333, 9.338, 9.054, 8.359, 6.081, 5.092, 5.918, 8.229, 9.985, 8.57, 4.783, 3.064, 3.946, 5.404, 5.881, 2.696, 4.768, 8.39, 8.511, 9.877, 12.267, 13.525, 13.56, 12.414, 11.485, 10.567, 10.336, 10.547, 11.613, 12.515, 11.09, 10.911, 12.203, 11.465, 10.353, 10.408, 10.876, 10.924, 11.053, 11.88, 11.862, 9.506, 5.936, 4.026, 3.976, 4.489, 4.739, 3.919, 2.175, 3.306, 3.962, 3.875], [2.186, 4.588, 2.906, 1.581, 1.704, 0.0, 2.079, 4.164, 7.304, 10.086, 9.638, 9.071, 10.821, 13.243, 12.304, 12.339, 15.464, 16.305, 16.126, 15.112, 8.228, 3.503, 4.358, 5.351, 5.666, 5.414, 4.756, 3.799, 3.135, 3.519, 2.611, 2.037, 2.704, 2.68, 3.593, 4.698, 5.565, 5.484, 5.193, 5.144, 5.995, 8.532, 10.428, 11.265, 14.064, 15.711, 14.43, 12.733, 13.913, 15.484, 14.909, 15.773, 16.513, 14.69, 14.335, 15.351, 16.248, 15.69, 15.059, 15.424, 16.508, 19.362, 17.971, 13.63, 13.535, 13.044, 10.783, 11.262, 12.426, 12.683, 14.831, 13.669, 11.888, 12.98, 12.376, 10.506, 13.021, 16.971, 17.867, 16.473, 14.512, 13.61, 13.113, 11.311, 11.815, 11.803, 10.391, 10.899, 11.609, 9.647, 6.267, 5.367, 7.029, 7.945, 7.995, 7.707, 7.006, 4.886, 4.336, 4.661, 6.819, 8.53, 7.15, 3.875, 2.48, 2.858, 4.068, 4.464, 1.926, 5.782, 9.349, 9.451, 10.723, 13.082, 14.454, 14.476, 13.344, 12.461, 11.559, 11.428, 11.783, 12.927, 13.863, 12.514, 12.289, 13.507, 12.861, 11.511, 11.462, 11.647, 11.609, 11.79, 12.938, 12.743, 10.443, 7.03, 5.365, 5.429, 5.849, 6.03, 5.016, 2.832, 2.855, 3.192, 3.192], [3.673, 6.217, 4.437, 2.99, 3.133, 2.079, 0.0, 2.62, 5.682, 8.451, 8.034, 7.467, 9.196, 11.639, 10.7, 10.735, 13.904, 14.717, 14.578, 13.46, 6.624, 2.862, 4.394, 5.066, 5.587, 5.851, 5.146, 3.892, 3.193, 2.994, 2.863, 3.327, 3.403, 2.983, 2.706, 3.487, 4.315, 4.31, 3.976, 3.845, 4.57, 6.984, 8.852, 9.678, 12.405, 14.054, 12.778, 11.1, 12.262, 13.832, 13.262, 14.151, 14.863, 13.053, 12.683, 13.7, 14.612, 14.053, 13.424, 13.777, 14.902, 17.758, 16.367, 12.026, 11.896, 11.441, 9.15, 9.675, 10.772, 10.991, 13.227, 12.065, 10.225, 11.327, 10.73, 8.925, 11.314, 15.336, 16.231, 14.84, 12.86, 11.973, 11.509, 9.684, 10.212, 10.194, 8.795, 9.296, 10.005, 8.015, 4.833, 3.772, 5.394, 6.328, 6.381, 6.097, 5.417, 3.208, 2.862, 3.022, 5.268, 6.95, 5.571, 2.472, 1.843, 2.06, 2.812, 2.883, 1.927, 7.27, 10.948, 11.066, 12.345, 14.706, 16.07, 16.031, 14.952, 14.072, 13.207, 13.066, 13.393, 14.571, 15.506, 14.167, 13.941, 15.164, 14.522, 13.148, 13.096, 13.273, 13.215, 13.42, 14.543, 14.287, 12.065, 8.647, 7.019, 7.033, 7.478, 7.644, 6.636, 3.972, 2.646, 2.3, 2.252], [6.052, 8.593, 6.774, 5.204, 5.525, 4.164, 2.62, 0.0, 3.25, 6.036, 5.701, 5.109, 6.773, 9.178, 8.253, 8.327, 11.539, 12.368, 12.212, 11.029, 4.19, 4.168, 6.022, 6.033, 7.027, 7.469, 6.822, 5.357, 5.139, 4.319, 4.359, 5.446, 5.703, 5.108, 3.842, 3.703, 4.275, 4.351, 3.62, 2.645, 2.97, 4.978, 6.683, 7.458, 10.152, 11.674, 10.369, 8.707, 9.864, 11.438, 10.831, 11.69, 12.443, 10.61, 10.298, 11.32, 12.224, 11.669, 11.008, 11.346, 12.415, 15.295, 13.892, 9.602, 9.654, 9.061, 6.896, 7.371, 8.61, 8.868, 10.901, 9.742, 8.059, 9.165, 8.635, 6.834, 9.268, 13.103, 13.88, 12.41, 10.43, 9.584, 9.181, 7.437, 7.838, 7.958, 6.54, 6.981, 7.62, 5.849, 2.678, 1.934, 3.04, 4.113, 4.211, 3.889, 3.161, 1.501, 1.615, 1.382, 3.067, 4.671, 3.472, 1.466, 2.938, 2.275, 1.848, 1.875, 3.682, 9.545, 13.089, 13.164, 14.374, 16.775, 18.127, 18.194, 17.235, 16.281, 15.421, 15.479, 15.798, 17.011, 17.932, 16.571, 16.376, 17.587, 16.922, 15.554, 15.494, 15.304, 15.338, 15.602, 16.876, 16.702, 14.324, 11.108, 9.364, 9.463, 9.908, 10.075, 8.958, 6.15, 3.658, 2.411, 2.357], [9.187, 11.769, 9.856, 8.395, 8.724, 7.304, 5.682, 3.25, 0.0, 3.101, 3.011, 2.274, 3.809, 6.156, 5.712, 6.583, 8.939, 9.422, 9.31, 7.938, 3.552, 6.483, 8.327, 8.052, 9.081, 9.774, 9.17, 7.82, 7.832, 6.831, 7.051, 8.392, 8.666, 7.875, 6.265, 5.878, 6.066, 6.498, 5.837, 4.21, 3.438, 4.292, 4.864, 5.13, 7.254, 8.603, 7.508, 6.108, 7.103, 8.272, 7.694, 8.498, 9.255, 7.427, 7.129, 8.202, 9.213, 8.904, 8.153, 8.471, 9.368, 12.149, 10.733, 6.603, 6.871, 6.376, 4.389, 4.702, 5.787, 6.01, 7.955, 6.719, 5.209, 6.337, 5.983, 4.247, 6.375, 10.14, 10.829, 9.211, 7.235, 6.58, 6.182, 4.562, 5.26, 5.589, 3.971, 4.197, 4.617, 2.986, 2.391, 3.299, 2.674, 2.135, 2.271, 2.31, 2.47, 2.941, 3.918, 3.187, 2.402, 2.819, 2.416, 4.134, 6.06, 4.926, 4.206, 3.885, 6.457, 12.671, 16.222, 16.291, 17.381, 19.795, 21.109, 21.194, 20.332, 19.36, 18.562, 18.664, 18.998, 20.211, 21.136, 19.773, 19.571, 20.781, 20.116, 18.717, 18.614, 18.242, 18.224, 18.697, 19.995, 19.812, 17.464, 14.283, 12.563, 12.663, 13.107, 13.274, 12.154, 9.304, 6.298, 5.014, 4.932], [11.955, 14.538, 12.618, 11.184, 11.5, 10.086, 8.451, 6.036, 3.101, 0.0, 1.287, 1.419, 1.231, 3.428, 3.433, 5.009, 6.629, 6.967, 6.616, 5.239, 3.96, 7.993, 9.452, 8.47, 10.42, 11.55, 10.481, 10.232, 10.331, 9.318, 9.351, 11.113, 11.409, 10.373, 8.54, 7.147, 6.804, 7.398, 6.911, 5.638, 4.495, 2.703, 2.734, 2.514, 4.443, 5.936, 5.067, 3.937, 4.709, 5.528, 4.932, 5.839, 6.445, 4.643, 4.378, 5.367, 6.259, 6.087, 5.255, 5.638, 6.741, 9.5, 8.042, 3.828, 4.173, 3.885, 2.112, 2.259, 3.191, 3.521, 5.195, 4.004, 3.051, 3.904, 3.462, 2.246, 3.81, 7.462, 8.002, 6.426, 4.581, 3.893, 3.556, 2.282, 2.56, 2.625, 1.691, 1.64, 2.03, 1.447, 4.376, 5.554, 4.022, 2.775, 2.614, 2.863, 3.296, 5.61, 6.678, 5.772, 3.532, 2.555, 3.155, 6.794, 8.817, 7.745, 6.533, 6.243, 9.162, 15.416, 18.855, 19.14, 20.177, 22.515, 23.8, 23.939, 22.968, 21.981, 21.335, 21.424, 21.767, 22.998, 23.922, 22.542, 22.36, 23.57, 22.892, 21.506, 21.37, 21.033, 20.827, 21.449, 22.741, 22.523, 20.163, 16.981, 15.352, 15.452, 15.892, 16.063, 14.931, 12.093, 9.026, 7.79, 7.691], [11.478, 14.046, 12.135, 10.669, 11.033, 9.638, 8.034, 5.701, 3.011, 1.287, 0.0, 1.401, 1.44, 3.699, 3.306, 4.632, 6.534, 7.179, 6.91, 5.685, 3.504, 7.666, 9.109, 7.96, 10.247, 11.324, 10.135, 9.861, 10.005, 9.043, 9.027, 10.615, 10.923, 10.048, 8.049, 6.856, 6.63, 7.073, 6.443, 5.32, 4.123, 2.261, 2.206, 2.307, 4.796, 6.342, 5.151, 3.757, 4.646, 5.93, 5.36, 6.218, 6.96, 5.135, 4.787, 5.796, 6.768, 6.442, 5.71, 6.093, 7.079, 9.842, 8.423, 4.045, 4.239, 3.729, 1.872, 2.213, 3.095, 3.521, 5.315, 4.122, 2.815, 3.88, 3.542, 2.212, 3.923, 7.632, 8.27, 6.937, 4.992, 4.196, 3.636, 2.676, 2.709, 2.772, 1.824, 1.873, 2.237, 1.346, 3.863, 5.382, 3.857, 2.239, 1.975, 2.357, 2.914, 5.124, 6.2, 5.293, 3.004, 1.775, 2.737, 6.347, 8.347, 7.449, 6.46, 6.218, 8.97, 15.097, 18.686, 18.807, 19.819, 22.106, 23.553, 23.661, 22.684, 21.696, 20.874, 21.027, 21.306, 22.493, 23.427, 22.064, 21.845, 23.078, 22.422, 21.014, 20.944, 20.683, 20.503, 21.082, 22.275, 22.174, 19.907, 16.605, 14.836, 14.936, 15.381, 15.547, 14.427, 11.586, 8.503, 7.277, 7.218], [10.913, 13.482, 11.564, 10.103, 10.455, 9.071, 7.467, 5.109, 2.274, 1.419, 1.401, 0.0, 2.009, 4.23, 3.793, 4.906, 7.225, 7.655, 7.334, 6.149, 3.139, 7.125, 8.561, 7.573, 9.654, 10.732, 9.508, 9.194, 9.379, 8.459, 8.44, 10.033, 10.348, 9.424, 7.518, 6.306, 6.012, 6.53, 5.939, 4.72, 3.535, 2.577, 2.937, 3.052, 5.283, 6.81, 5.802, 4.34, 5.392, 6.499, 5.934, 6.789, 7.525, 5.7, 5.345, 6.38, 7.282, 6.911, 6.142, 6.56, 7.587, 10.321, 8.965, 4.585, 4.846, 4.484, 2.727, 3.012, 3.921, 4.323, 5.91, 4.732, 3.721, 4.655, 4.233, 2.721, 4.688, 8.365, 8.932, 7.502, 5.568, 4.797, 4.245, 3.004, 3.363, 3.421, 2.008, 2.131, 2.684, 1.218, 3.287, 4.562, 3.262, 1.795, 1.673, 1.993, 2.379, 4.558, 5.633, 4.726, 2.543, 2.095, 2.408, 5.752, 7.78, 6.83, 5.663, 5.356, 8.201, 14.517, 18.085, 18.219, 19.209, 21.481, 22.842, 23.038, 22.112, 21.083, 20.287, 20.459, 20.728, 21.927, 22.862, 21.499, 21.291, 22.522, 21.855, 20.447, 20.359, 20.052, 19.863, 20.474, 21.701, 21.602, 19.321, 16.038, 14.271, 14.371, 14.816, 14.982, 13.862, 11.013, 7.918, 6.71, 6.684], [12.727, 15.31, 13.382, 11.934, 12.263, 10.821, 9.196, 6.773, 3.809, 1.231, 1.44, 2.009, 0.0, 2.577, 3.065, 4.535, 6.213, 6.363, 5.928, 4.439, 3.7, 8.301, 9.504, 8.601, 10.624, 11.677, 10.985, 10.953, 11.109, 9.92, 10.042, 11.864, 12.143, 11.175, 9.209, 7.654, 7.13, 7.454, 7.003, 6.218, 5.113, 2.849, 2.41, 2.054, 3.777, 5.268, 4.572, 3.595, 4.309, 4.953, 4.209, 4.978, 5.694, 3.931, 3.554, 4.588, 5.559, 5.167, 4.572, 4.902, 5.859, 8.654, 7.215, 3.237, 3.807, 3.479, 2.264, 2.34, 2.871, 3.08, 4.456, 3.291, 2.908, 3.558, 3.239, 2.429, 3.325, 6.822, 7.24, 5.671, 3.73, 3.289, 3.163, 2.477, 1.855, 2.119, 1.375, 1.369, 1.402, 1.658, 4.96, 6.133, 4.576, 3.157, 3.055, 3.258, 3.927, 6.382, 7.45, 6.543, 4.126, 2.545, 3.858, 7.559, 9.588, 8.477, 7.231, 6.986, 9.886, 16.217, 19.731, 19.81, 20.922, 23.272, 24.53, 24.63, 23.849, 22.872, 22.1, 22.197, 22.534, 23.743, 24.668, 23.309, 23.104, 24.314, 23.658, 22.241, 22.12, 21.779, 21.66, 22.241, 23.511, 23.331, 20.966, 17.83, 16.102, 16.202, 16.647, 16.813, 15.693, 12.844, 9.749, 8.542, 8.434], [15.062, 17.645, 15.716, 14.262, 14.605, 13.243, 11.639, 9.178, 6.156, 3.428, 3.699, 4.23, 2.577, 0.0, 1.957, 3.558, 4.4, 4.15, 3.603, 2.268, 5.515, 10.46, 11.371, 10.557, 12.518, 13.537, 13.248, 13.33, 13.517, 12.389, 12.394, 14.191, 14.527, 13.55, 11.498, 9.958, 9.318, 9.26, 8.96, 8.532, 7.449, 4.844, 3.027, 2.118, 1.766, 3.035, 2.695, 2.126, 2.614, 2.941, 2.005, 2.712, 3.369, 1.976, 1.642, 2.294, 3.195, 2.964, 2.971, 2.846, 3.534, 6.159, 4.811, 1.571, 1.895, 1.977, 2.879, 2.446, 2.676, 2.736, 3.115, 1.925, 2.475, 2.423, 2.331, 3.04, 2.496, 4.677, 4.88, 3.839, 2.57, 3.044, 3.2, 3.542, 2.15, 2.196, 3.084, 2.61, 2.181, 3.77, 7.286, 8.358, 6.692, 5.374, 5.372, 5.584, 6.265, 8.717, 9.79, 8.884, 6.504, 4.846, 6.252, 9.899, 11.928, 10.864, 9.67, 9.288, 12.265, 18.619, 22.186, 22.292, 23.28, 25.609, 26.898, 27.107, 26.245, 25.241, 24.455, 24.624, 24.876, 26.107, 27.034, 25.65, 25.472, 26.695, 26.005, 24.614, 24.516, 24.11, 23.996, 24.608, 25.856, 25.758, 23.421, 20.211, 18.447, 18.53, 18.974, 19.141, 18.021, 15.172, 12.077, 10.869, 10.777], [14.118, 16.7, 14.779, 13.318, 13.667, 12.304, 10.7, 8.253, 5.712, 3.433, 3.306, 3.793, 3.065, 1.957, 0.0, 1.862, 3.621, 4.313, 4.074, 3.124, 4.274, 9.472, 10.4, 9.585, 10.941, 12.308, 12.274, 12.391, 12.578, 11.479, 11.463, 13.248, 13.583, 12.607, 10.555, 9.004, 8.084, 7.961, 7.969, 7.586, 6.504, 3.931, 2.206, 2.28, 2.356, 3.58, 2.426, 1.56, 2.211, 3.307, 2.804, 3.577, 4.315, 2.811, 2.631, 3.646, 4.269, 4.059, 3.814, 3.76, 4.786, 7.086, 5.817, 2.578, 2.114, 2.256, 2.754, 3.139, 3.913, 4.368, 4.73, 3.478, 3.187, 3.711, 3.786, 3.542, 4.069, 6.36, 6.398, 4.915, 4.202, 4.815, 4.913, 5.006, 3.215, 2.695, 3.426, 3.638, 3.314, 3.666, 6.364, 7.2, 5.53, 4.487, 4.529, 4.64, 5.33, 7.773, 8.847, 7.941, 5.571, 3.961, 5.347, 8.957, 10.985, 9.911, 8.692, 8.211, 11.286, 17.691, 21.249, 21.373, 22.348, 24.646, 25.953, 26.168, 25.31, 24.273, 23.494, 23.686, 23.934, 25.162, 26.09, 24.707, 24.527, 25.751, 25.063, 23.672, 23.568, 23.146, 22.998, 23.638, 24.896, 24.815, 22.485, 19.272, 17.502, 17.586, 18.031, 18.197, 17.077, 14.228, 11.133, 9.927, 9.939], [14.155, 16.738, 14.81, 13.367, 13.692, 12.339, 10.735, 8.327, 6.583, 5.009, 4.632, 4.906, 4.535, 3.558, 1.862, 0.0, 3.457, 4.388, 4.288, 4.286, 4.376, 9.486, 10.424, 9.631, 10.76, 12.219, 12.309, 12.426, 12.613, 11.493, 11.492, 13.282, 13.634, 12.658, 10.591, 9.029, 8.065, 7.995, 8.023, 7.64, 6.557, 4.464, 3.436, 3.814, 3.675, 3.828, 2.575, 2.554, 2.796, 3.551, 3.757, 4.124, 4.493, 3.658, 4.048, 4.571, 4.794, 5.049, 5.353, 5.349, 6.118, 7.108, 6.209, 4.22, 3.32, 3.653, 4.476, 4.867, 5.656, 6.12, 6.412, 5.227, 4.96, 5.349, 5.486, 5.337, 5.831, 7.542, 7.179, 6.341, 5.902, 6.552, 6.685, 6.789, 4.884, 4.326, 4.948, 5.296, 4.991, 5.125, 6.613, 7.183, 5.628, 5.12, 5.108, 5.229, 5.398, 7.825, 8.916, 8.033, 5.744, 4.493, 5.655, 9.058, 11.017, 9.928, 8.742, 8.259, 11.306, 17.717, 21.278, 21.393, 22.37, 24.697, 25.958, 26.179, 25.342, 24.317, 23.544, 23.72, 23.982, 25.213, 26.14, 24.757, 24.58, 25.801, 25.11, 23.721, 23.599, 23.173, 23.019, 23.678, 24.927, 24.847, 22.512, 19.312, 17.555, 17.62, 18.065, 18.232, 17.112, 14.262, 11.272, 10.134, 10.168], [17.35, 19.939, 18.018, 16.563, 16.885, 15.464, 13.904, 11.539, 8.939, 6.629, 6.534, 7.225, 6.213, 4.4, 3.621, 3.457, 0.0, 2.344, 3.364, 4.038, 7.416, 12.479, 13.552, 12.713, 13.597, 15.194, 15.483, 15.543, 15.682, 14.41, 14.606, 16.417, 16.701, 15.705, 13.7, 12.054, 10.987, 11.118, 11.127, 10.714, 9.732, 7.173, 5.314, 5.121, 3.688, 2.895, 2.199, 3.305, 2.55, 2.7, 3.613, 3.773, 3.677, 4.005, 4.652, 4.803, 4.416, 5.081, 5.533, 5.229, 5.699, 5.303, 5.235, 4.526, 3.357, 3.679, 5.565, 5.58, 5.988, 6.307, 6.277, 5.436, 5.187, 5.557, 5.838, 6.494, 5.824, 6.978, 6.314, 5.812, 5.903, 6.816, 7.174, 7.554, 5.495, 5.412, 6.343, 6.569, 6.385, 6.927, 9.798, 10.411, 8.859, 7.85, 7.855, 8.031, 8.62, 10.955, 12.047, 11.187, 8.772, 7.097, 8.582, 12.269, 14.174, 13.049, 11.841, 11.342, 14.428, 20.874, 24.298, 24.342, 25.459, 27.752, 28.876, 29.097, 28.368, 27.361, 26.599, 26.746, 27.095, 28.287, 29.22, 27.847, 27.65, 28.857, 28.184, 26.775, 26.618, 26.18, 26.04, 26.68, 28.007, 27.837, 25.511, 22.409, 20.814, 20.839, 21.215, 21.406, 20.262, 17.527, 14.489, 13.357, 13.307], [18.221, 20.816, 18.881, 17.427, 17.747, 16.305, 14.717, 12.368, 9.422, 6.967, 7.179, 7.655, 6.363, 4.15, 4.313, 4.388, 2.344, 0.0, 1.538, 2.858, 8.269, 13.345, 14.421, 13.577, 14.538, 16.1, 16.374, 16.421, 16.54, 15.268, 15.467, 17.275, 17.57, 16.554, 14.559, 12.885, 11.834, 11.978, 12.003, 11.575, 10.554, 8.01, 6.144, 5.276, 3.006, 1.783, 2.443, 3.835, 2.841, 2.149, 2.911, 2.519, 2.615, 3.734, 3.737, 3.58, 2.88, 3.643, 4.076, 3.728, 3.7, 3.57, 3.139, 3.508, 3.196, 3.727, 6.255, 5.803, 5.057, 5.123, 4.324, 4.094, 5.054, 4.528, 5.121, 6.503, 4.76, 4.949, 4.156, 3.876, 4.714, 5.733, 6.247, 6.788, 5.085, 5.273, 6.548, 6.564, 5.974, 7.249, 10.634, 11.198, 9.666, 8.692, 8.712, 8.859, 9.459, 11.827, 12.91, 12.03, 9.612, 7.902, 9.406, 13.129, 15.055, 13.891, 12.618, 12.139, 15.289, 21.727, 25.12, 25.2, 26.316, 28.612, 29.767, 29.941, 29.213, 28.198, 27.46, 27.58, 27.961, 29.165, 30.095, 28.722, 28.51, 29.713, 29.05, 27.636, 27.483, 27.075, 26.905, 27.558, 28.874, 28.691, 26.339, 23.264, 21.654, 21.709, 22.106, 22.278, 21.147, 18.391, 15.324, 14.198, 14.174], [17.966, 20.56, 18.64, 17.207, 17.528, 16.126, 14.578, 12.212, 9.31, 6.616, 6.91, 7.334, 5.928, 3.603, 4.074, 4.288, 3.364, 1.538, 0.0, 2.518, 8.17, 13.206, 14.211, 13.372, 14.566, 15.988, 16.154, 16.225, 16.367, 15.26, 15.281, 17.076, 17.354, 16.365, 14.354, 12.736, 11.777, 11.778, 11.786, 11.371, 10.36, 7.79, 5.924, 4.985, 2.588, 1.738, 2.507, 3.669, 2.923, 2.008, 2.362, 1.963, 2.117, 3.184, 3.188, 3.088, 2.132, 2.967, 3.384, 3.243, 2.758, 3.457, 2.589, 2.978, 2.945, 3.483, 5.965, 5.442, 4.619, 4.58, 3.297, 3.393, 4.787, 3.98, 4.512, 6.091, 4.171, 4.155, 3.505, 3.095, 4.279, 5.266, 5.655, 6.212, 4.762, 4.903, 6.125, 6.025, 5.38, 6.888, 10.407, 11.061, 9.491, 8.473, 8.485, 8.633, 9.239, 11.593, 12.667, 11.788, 9.369, 7.76, 9.191, 12.873, 14.8, 13.801, 12.594, 12.105, 15.203, 21.541, 25.034, 25.123, 26.141, 28.425, 29.666, 29.877, 29.049, 28.028, 27.267, 27.44, 27.763, 28.952, 29.867, 28.512, 28.307, 29.52, 28.859, 27.442, 27.309, 26.882, 26.746, 27.389, 28.68, 28.557, 26.228, 23.069, 21.434, 21.489, 21.886, 22.058, 20.927, 18.172, 15.104, 13.972, 13.948], [17.01, 19.592, 17.664, 16.225, 16.554, 15.112, 13.46, 11.029, 7.938, 5.239, 5.685, 6.149, 4.439, 2.268, 3.124, 4.286, 4.038, 2.858, 2.518, 0.0, 6.943, 12.192, 13.289, 12.438, 13.355, 14.92, 15.181, 15.239, 15.342, 14.02, 14.279, 16.154, 16.435, 15.38, 13.438, 11.726, 10.664, 10.857, 10.865, 10.389, 9.323, 6.799, 4.957, 3.955, 1.444, 1.717, 2.661, 3.087, 2.879, 2.581, 1.558, 1.141, 1.975, 2.022, 1.497, 1.642, 2.196, 1.926, 1.973, 1.783, 2.55, 4.489, 3.31, 2.045, 2.394, 2.908, 4.753, 4.225, 3.309, 3.245, 2.884, 2.184, 3.557, 2.765, 3.24, 4.917, 2.754, 4.283, 4.118, 2.48, 2.111, 3.247, 3.773, 4.396, 3.32, 3.544, 4.848, 4.505, 3.884, 5.647, 9.275, 9.904, 8.256, 7.278, 7.335, 7.547, 8.218, 10.665, 11.732, 10.826, 8.395, 6.6, 8.075, 11.841, 13.87, 12.624, 11.272, 10.756, 13.956, 20.45, 23.924, 24.05, 25.196, 27.49, 28.629, 28.786, 28.044, 27.038, 26.337, 26.444, 26.816, 28.025, 28.945, 27.584, 27.391, 28.597, 27.923, 26.515, 26.352, 25.936, 25.738, 26.406, 27.748, 27.519, 25.175, 22.062, 20.393, 20.493, 20.938, 21.104, 19.984, 17.135, 14.04, 12.837, 12.742], [10.082, 12.665, 10.737, 9.284, 9.613, 8.228, 6.624, 4.19, 3.552, 3.96, 3.504, 3.139, 3.7, 5.515, 4.274, 4.376, 7.416, 8.269, 8.17, 6.943, 0.0, 5.348, 6.397, 5.864, 7.104, 8.246, 8.24, 8.315, 8.502, 7.292, 7.383, 9.214, 9.535, 8.546, 6.517, 4.905, 3.92, 4.135, 3.94, 3.543, 2.887, 2.844, 3.517, 4.236, 6.19, 7.578, 6.422, 4.871, 5.967, 7.432, 6.9, 7.626, 8.378, 6.534, 6.316, 7.535, 8.383, 8.005, 6.993, 7.35, 8.588, 11.157, 9.854, 6.102, 6.119, 5.799, 4.643, 5.261, 6.053, 6.442, 7.658, 6.449, 5.69, 6.753, 6.492, 5.412, 6.769, 10.127, 10.362, 8.346, 6.773, 6.636, 6.549, 5.697, 4.663, 4.224, 3.64, 4.033, 4.34, 3.547, 3.525, 3.304, 1.917, 2.263, 2.469, 1.915, 2.096, 3.889, 4.866, 4.008, 2.159, 2.338, 2.947, 4.963, 6.943, 5.733, 4.542, 4.106, 7.121, 13.604, 17.153, 17.228, 18.263, 20.585, 21.791, 22.007, 21.22, 20.205, 19.438, 19.607, 19.892, 21.115, 22.04, 20.668, 20.484, 21.701, 21.015, 19.614, 19.486, 19.054, 18.933, 19.573, 20.839, 20.721, 18.381, 15.216, 13.459, 13.552, 13.997, 14.163, 13.043, 10.194, 7.174, 6.078, 6.1], [5.084, 7.603, 5.757, 4.218, 4.674, 3.503, 2.862, 4.168, 6.483, 7.993, 7.666, 7.125, 8.301, 10.46, 9.472, 9.486, 12.479, 13.345, 13.206, 12.192, 5.348, 0.0, 2.278, 2.928, 3.289, 3.871, 3.489, 3.733, 3.283, 2.491, 2.287, 4.021, 4.27, 3.379, 2.382, 1.966, 2.435, 2.3, 2.143, 2.958, 4.203, 6.39, 7.901, 8.905, 11.181, 12.777, 11.509, 9.875, 11.034, 12.584, 12.001, 12.866, 13.59, 11.791, 11.438, 12.49, 13.413, 12.869, 12.187, 12.515, 13.615, 16.487, 15.081, 11.037, 10.98, 10.63, 9.148, 9.729, 10.536, 11.049, 12.485, 11.297, 10.323, 11.393, 10.908, 9.623, 11.346, 14.934, 15.204, 13.567, 11.676, 11.025, 10.919, 9.858, 9.231, 9.064, 7.914, 8.503, 9.168, 7.577, 5.776, 4.036, 4.738, 5.835, 6.167, 5.916, 5.184, 4.819, 5.072, 4.481, 5.336, 6.309, 5.775, 4.187, 3.617, 3.205, 3.468, 3.398, 3.292, 8.436, 11.841, 11.96, 13.04, 15.38, 16.601, 16.742, 15.947, 14.958, 14.184, 14.295, 14.663, 15.852, 16.779, 15.412, 15.215, 16.416, 15.761, 14.349, 14.217, 13.831, 13.718, 14.318, 15.615, 15.42, 13.057, 9.978, 8.622, 8.498, 8.804, 8.993, 7.85, 5.696, 4.716, 4.369, 4.378], [5.066, 6.853, 5.786, 4.762, 5.229, 4.358, 4.394, 6.022, 8.327, 9.452, 9.109, 8.561, 9.504, 11.371, 10.4, 10.424, 13.552, 14.421, 14.211, 13.289, 6.397, 2.278, 0.0, 2.189, 1.87, 2.512, 2.117, 2.802, 2.776, 2.636, 2.619, 3.574, 3.752, 3.293, 3.153, 3.158, 3.52, 2.809, 2.871, 4.416, 5.736, 7.482, 8.998, 9.862, 12.197, 13.877, 12.607, 10.879, 12.091, 13.662, 13.085, 13.951, 14.676, 12.858, 12.513, 13.535, 14.427, 13.947, 13.204, 13.602, 14.691, 17.456, 16.133, 11.894, 11.925, 11.57, 10.345, 10.948, 11.735, 12.141, 13.407, 12.16, 11.423, 12.463, 12.144, 11.044, 12.445, 15.867, 16.147, 14.657, 12.849, 12.463, 12.245, 11.293, 10.404, 9.973, 9.27, 9.663, 10.095, 8.968, 7.439, 5.848, 6.288, 7.346, 7.578, 7.095, 6.675, 6.569, 6.813, 6.17, 6.879, 7.96, 7.369, 5.921, 5.337, 5.129, 5.566, 5.26, 4.672, 7.482, 10.938, 11.066, 12.005, 14.318, 15.637, 15.849, 14.937, 13.925, 13.145, 13.302, 13.572, 14.795, 15.726, 14.333, 14.156, 15.382, 14.691, 13.305, 13.204, 12.876, 12.699, 13.311, 14.533, 14.446, 12.138, 9.007, 7.811, 7.696, 8.265, 8.428, 7.29, 6.267, 6.108, 5.978, 6.069], [6.085, 7.813, 6.796, 5.779, 6.297, 5.351, 5.066, 6.033, 8.052, 8.47, 7.96, 7.573, 8.601, 10.557, 9.585, 9.631, 12.713, 13.577, 13.372, 12.438, 5.864, 2.928, 2.189, 0.0, 2.953, 3.932, 2.929, 2.958, 3.344, 2.911, 3.045, 4.37, 4.535, 4.083, 3.333, 3.058, 3.046, 3.337, 3.35, 4.312, 5.078, 6.714, 7.888, 8.73, 11.345, 13.02, 11.756, 10.02, 11.243, 12.796, 12.241, 13.099, 13.819, 12.016, 11.661, 12.69, 13.574, 13.07, 12.351, 12.75, 13.861, 16.661, 15.29, 10.941, 11.006, 10.492, 8.879, 9.498, 10.34, 10.855, 12.318, 11.136, 10.067, 11.14, 10.626, 9.508, 11.097, 14.754, 15.225, 13.8, 11.858, 11.1, 10.902, 10.025, 9.412, 9.167, 8.112, 8.723, 9.073, 8.121, 7.452, 6.189, 6.307, 6.786, 6.871, 6.419, 6.094, 6.665, 7.056, 6.302, 5.995, 6.703, 6.874, 6.172, 5.869, 5.562, 5.798, 5.571, 5.618, 8.263, 11.72, 11.863, 12.865, 15.154, 16.501, 16.673, 15.748, 14.723, 13.958, 14.106, 14.418, 15.609, 16.545, 15.182, 14.964, 16.188, 15.537, 14.125, 14.004, 13.681, 13.486, 14.112, 15.373, 15.246, 12.948, 9.743, 8.686, 8.658, 9.355, 9.419, 8.431, 7.27, 6.927, 6.6, 6.597], [6.447, 8.061, 7.124, 6.142, 6.631, 5.666, 5.587, 7.027, 9.081, 10.42, 10.247, 9.654, 10.624, 12.518, 10.941, 10.76, 13.597, 14.538, 14.566, 13.355, 7.104, 3.289, 1.87, 2.953, 0.0, 1.995, 2.287, 2.813, 3.141, 3.094, 3.628, 4.635, 4.345, 3.817, 3.936, 3.816, 3.975, 3.736, 4.128, 5.433, 6.654, 8.785, 10.317, 11.118, 12.574, 13.77, 12.866, 11.665, 12.616, 13.846, 13.333, 14.07, 14.632, 13.003, 12.888, 14.088, 14.996, 14.672, 13.564, 13.975, 15.322, 17.653, 16.399, 13.046, 12.825, 12.878, 11.675, 12.243, 13.001, 13.478, 14.75, 13.491, 12.777, 13.834, 13.469, 12.231, 13.712, 17.031, 17.136, 14.796, 13.682, 13.536, 13.459, 12.378, 11.508, 11.011, 10.26, 10.957, 11.412, 10.054, 8.628, 6.6, 6.924, 8.325, 8.7, 8.395, 7.726, 7.786, 8.032, 7.37, 7.939, 8.802, 8.217, 7.14, 6.564, 6.089, 6.313, 5.831, 5.691, 7.638, 10.751, 10.954, 12.058, 14.332, 15.499, 15.62, 14.871, 13.861, 13.18, 13.285, 13.686, 14.878, 15.795, 14.431, 14.234, 15.43, 14.757, 13.36, 13.192, 12.778, 12.553, 13.239, 14.58, 14.354, 11.997, 9.238, 8.965, 8.951, 9.582, 9.567, 8.458, 7.655, 7.481, 7.25, 7.327], [6.025, 7.244, 6.466, 5.659, 6.298, 5.414, 5.851, 7.469, 9.774, 11.55, 11.324, 10.732, 11.677, 13.537, 12.308, 12.219, 15.194, 16.1, 15.988, 14.92, 8.246, 3.871, 2.512, 3.932, 1.995, 0.0, 1.721, 2.881, 3.194, 3.463, 3.756, 4.458, 4.152, 3.766, 4.363, 4.895, 5.212, 4.827, 5.03, 6.273, 7.604, 9.78, 11.315, 12.138, 14.066, 15.49, 14.412, 12.796, 13.937, 15.416, 14.905, 15.618, 16.322, 14.551, 14.306, 15.485, 16.35, 15.96, 14.98, 15.349, 16.609, 19.146, 17.873, 14.099, 14.037, 13.869, 12.685, 13.27, 14.055, 14.479, 15.71, 14.488, 13.745, 14.812, 14.478, 13.309, 14.712, 18.112, 18.266, 16.346, 14.792, 14.661, 14.534, 13.52, 12.539, 12.04, 11.407, 11.965, 12.41, 11.084, 9.016, 7.081, 7.998, 9.337, 9.773, 9.394, 8.762, 8.071, 8.287, 7.725, 9.011, 9.946, 9.227, 7.405, 6.691, 6.288, 6.697, 6.364, 5.726, 6.597, 9.319, 9.592, 10.715, 12.766, 13.862, 14.035, 13.244, 12.202, 11.479, 11.623, 11.975, 13.164, 14.079, 12.719, 12.517, 13.726, 13.068, 11.653, 11.493, 11.078, 10.9, 11.551, 12.885, 12.729, 10.413, 8.405, 8.181, 8.271, 8.893, 8.81, 7.712, 7.113, 7.524, 7.391, 7.467], [5.237, 6.535, 5.769, 4.895, 5.5, 4.756, 5.146, 6.822, 9.17, 10.481, 10.135, 9.508, 10.985, 13.248, 12.274, 12.309, 15.483, 16.374, 16.154, 15.181, 8.24, 3.489, 2.117, 2.929, 2.287, 1.721, 0.0, 2.151, 2.606, 2.996, 3.221, 3.676, 3.472, 3.197, 3.632, 4.072, 4.809, 4.668, 4.601, 5.449, 6.691, 8.874, 10.611, 11.499, 14.093, 15.775, 14.499, 12.763, 13.983, 15.553, 14.986, 15.842, 16.584, 14.759, 14.404, 15.429, 16.318, 15.83, 15.095, 15.493, 16.605, 19.347, 18.024, 13.585, 13.784, 13.156, 11.475, 12.062, 12.888, 13.41, 14.991, 13.78, 12.719, 13.739, 13.244, 12.041, 13.78, 17.482, 18.016, 16.561, 14.625, 13.874, 13.428, 12.334, 12.09, 11.84, 10.668, 11.04, 11.751, 10.11, 8.243, 6.857, 7.477, 8.449, 8.535, 8.262, 7.521, 7.349, 7.628, 7.005, 7.863, 8.959, 8.31, 6.705, 6.065, 5.806, 6.26, 6.165, 5.109, 5.96, 9.046, 9.179, 10.181, 12.443, 13.791, 13.995, 13.093, 12.066, 11.283, 11.462, 11.71, 12.936, 13.866, 12.48, 12.3, 13.527, 12.835, 11.449, 11.36, 11.008, 10.846, 11.434, 12.643, 12.602, 10.281, 7.765, 7.439, 7.514, 8.159, 8.034, 6.996, 6.313, 6.742, 6.625, 6.763], [4.419, 5.818, 4.852, 3.974, 4.615, 3.799, 3.892, 5.357, 7.82, 10.232, 9.861, 9.194, 10.953, 13.33, 12.391, 12.426, 15.543, 16.421, 16.225, 15.239, 8.315, 3.733, 2.802, 2.958, 2.813, 2.881, 2.151, 0.0, 1.661, 2.411, 2.602, 2.824, 2.611, 2.408, 2.82, 3.916, 4.943, 4.885, 4.734, 5.175, 6.127, 8.703, 10.537, 11.385, 14.15, 15.833, 14.558, 12.845, 14.041, 15.612, 15.041, 15.9, 16.643, 14.818, 14.462, 15.479, 16.376, 15.818, 15.172, 15.551, 16.621, 19.449, 18.083, 13.724, 13.674, 13.134, 11.192, 11.733, 12.682, 13.135, 14.952, 13.791, 12.333, 13.445, 12.923, 11.257, 13.479, 17.296, 18.003, 16.619, 14.64, 13.738, 13.248, 11.717, 11.962, 11.922, 10.529, 11.032, 11.708, 9.923, 7.197, 6.056, 7.212, 8.13, 8.296, 8.011, 7.122, 5.898, 6.119, 5.554, 7.147, 8.697, 7.58, 5.224, 4.811, 4.787, 5.502, 5.241, 4.402, 5.554, 9.0, 9.111, 10.151, 12.475, 13.858, 13.974, 12.974, 12.067, 11.245, 11.311, 11.601, 12.808, 13.738, 12.368, 12.179, 13.399, 12.727, 11.328, 11.249, 11.072, 10.97, 11.457, 12.632, 12.472, 10.167, 7.202, 6.678, 6.649, 7.306, 7.289, 6.316, 5.47, 5.696, 5.527, 5.496], [3.628, 5.442, 4.343, 3.314, 3.796, 3.135, 3.193, 5.139, 7.832, 10.331, 10.005, 9.379, 11.109, 13.517, 12.578, 12.613, 15.682, 16.54, 16.367, 15.342, 8.502, 3.283, 2.776, 3.344, 3.141, 3.194, 2.606, 1.661, 0.0, 1.566, 1.606, 1.944, 1.665, 1.332, 2.637, 3.992, 5.01, 5.017, 4.824, 5.123, 6.224, 8.868, 10.702, 11.525, 14.247, 15.918, 14.658, 12.932, 14.126, 15.697, 15.127, 16.052, 16.72, 14.903, 14.563, 15.564, 16.461, 15.966, 15.26, 15.655, 16.801, 19.636, 18.251, 13.905, 13.778, 13.318, 11.324, 11.883, 12.85, 13.282, 15.133, 13.989, 12.489, 13.593, 13.071, 11.475, 13.526, 17.344, 18.079, 16.705, 14.768, 13.886, 13.429, 11.762, 12.078, 11.998, 10.603, 11.212, 11.889, 10.025, 6.679, 5.486, 7.229, 8.296, 8.406, 8.164, 7.294, 5.609, 5.555, 5.443, 7.268, 8.835, 7.603, 4.512, 3.698, 3.601, 4.513, 4.684, 3.442, 5.404, 8.814, 8.996, 10.079, 12.412, 13.817, 13.864, 12.78, 11.89, 11.15, 11.16, 11.52, 12.717, 13.653, 12.272, 12.077, 13.294, 12.63, 11.236, 11.136, 10.956, 10.766, 11.277, 12.528, 12.277, 9.981, 6.97, 6.38, 6.239, 6.824, 6.893, 5.894, 4.848, 4.588, 4.36, 4.411], [4.355, 6.271, 5.153, 4.039, 4.445, 3.519, 2.994, 4.319, 6.831, 9.318, 9.043, 8.459, 9.92, 12.389, 11.479, 11.493, 14.41, 15.268, 15.26, 14.02, 7.292, 2.491, 2.636, 2.911, 3.094, 3.463, 2.996, 2.411, 1.566, 0.0, 1.416, 2.654, 2.659, 2.105, 2.012, 3.007, 3.844, 3.967, 3.817, 4.202, 5.356, 7.991, 9.793, 10.586, 13.136, 14.594, 13.386, 11.789, 12.958, 14.505, 13.909, 14.751, 15.46, 13.677, 13.37, 14.414, 15.362, 14.817, 14.144, 14.366, 15.563, 18.448, 17.057, 12.838, 12.857, 12.311, 10.421, 11.014, 11.941, 12.375, 14.172, 12.986, 11.617, 12.698, 12.169, 10.716, 12.608, 16.365, 17.079, 15.406, 13.449, 12.767, 12.497, 10.957, 10.959, 10.985, 9.585, 10.205, 10.862, 9.108, 5.956, 4.709, 6.199, 7.378, 7.526, 7.217, 6.394, 5.139, 5.167, 4.841, 6.483, 7.704, 6.732, 4.291, 3.628, 3.179, 3.603, 3.782, 3.524, 6.532, 9.949, 10.07, 11.244, 13.631, 14.893, 14.932, 14.113, 13.166, 12.409, 12.459, 12.839, 14.048, 14.966, 13.604, 13.409, 14.608, 13.948, 12.541, 12.43, 12.117, 11.996, 12.532, 13.824, 13.579, 11.226, 8.109, 7.182, 7.054, 7.666, 7.766, 6.78, 5.573, 4.846, 4.322, 4.377], [3.462, 5.58, 4.279, 3.067, 3.512, 2.611, 2.863, 4.359, 7.051, 9.351, 9.027, 8.44, 10.042, 12.394, 11.463, 11.492, 14.606, 15.467, 15.281, 14.279, 7.383, 2.287, 2.619, 3.045, 3.628, 3.756, 3.221, 2.602, 1.606, 1.416, 0.0, 1.989, 2.336, 1.753, 2.16, 3.14, 4.081, 4.031, 3.791, 4.218, 5.294, 7.904, 9.722, 10.53, 13.221, 14.873, 13.597, 11.863, 13.084, 14.659, 14.081, 14.94, 15.679, 13.858, 13.519, 14.541, 15.444, 14.872, 14.202, 14.591, 15.689, 18.516, 17.139, 12.822, 12.831, 12.262, 10.447, 11.002, 11.975, 12.421, 14.085, 12.951, 11.62, 12.731, 12.212, 10.756, 12.727, 16.51, 17.069, 15.66, 13.679, 12.844, 12.382, 11.048, 11.075, 10.972, 9.661, 10.154, 10.827, 9.148, 5.918, 4.697, 6.218, 7.301, 7.551, 7.283, 6.355, 5.078, 4.968, 4.862, 6.517, 7.84, 6.84, 4.222, 3.232, 2.869, 3.493, 3.91, 2.892, 6.308, 9.817, 9.941, 10.983, 13.303, 14.646, 14.763, 13.875, 12.885, 12.123, 12.238, 12.556, 13.766, 14.69, 13.332, 13.122, 14.337, 13.685, 12.273, 12.15, 11.843, 11.7, 12.257, 13.543, 13.381, 11.039, 7.837, 6.605, 6.429, 6.898, 7.106, 6.075, 4.626, 4.192, 3.891, 3.846], [2.103, 3.984, 2.844, 1.713, 2.326, 2.037, 3.327, 5.446, 8.392, 11.113, 10.615, 10.033, 11.864, 14.191, 13.248, 13.282, 16.417, 17.275, 17.076, 16.154, 9.214, 4.021, 3.574, 4.37, 4.635, 4.458, 3.676, 2.824, 1.944, 2.654, 1.989, 0.0, 1.176, 1.75, 3.321, 4.888, 5.818, 5.605, 5.439, 5.81, 6.909, 9.489, 11.314, 12.254, 15.062, 16.742, 15.472, 13.734, 14.951, 16.518, 15.95, 16.816, 17.536, 15.723, 15.377, 16.383, 17.272, 16.733, 16.066, 16.466, 17.537, 20.321, 18.998, 14.53, 14.579, 14.012, 11.872, 12.39, 13.453, 13.842, 15.75, 14.532, 13.06, 14.136, 13.602, 11.928, 14.225, 18.052, 18.834, 17.522, 15.555, 14.691, 14.058, 12.526, 12.905, 12.75, 11.436, 11.868, 12.588, 10.737, 7.119, 6.265, 8.038, 8.992, 9.035, 8.772, 7.978, 5.933, 5.386, 5.743, 7.931, 9.596, 8.405, 4.695, 3.017, 3.612, 5.005, 5.476, 2.525, 4.744, 8.264, 8.369, 9.379, 11.679, 13.09, 13.188, 12.201, 11.24, 10.39, 10.532, 10.798, 11.978, 12.909, 11.528, 11.32, 12.557, 11.871, 10.486, 10.462, 10.318, 10.19, 10.714, 11.722, 11.744, 9.432, 6.194, 5.032, 4.829, 5.35, 5.533, 4.526, 3.167, 3.428, 3.756, 3.969], [2.544, 4.333, 3.287, 2.35, 2.822, 2.704, 3.403, 5.703, 8.666, 11.409, 10.923, 10.348, 12.143, 14.527, 13.583, 13.634, 16.701, 17.57, 17.354, 16.435, 9.535, 4.27, 3.752, 4.535, 4.345, 4.152, 3.472, 2.611, 1.665, 2.659, 2.336, 1.176, 0.0, 1.399, 3.343, 4.909, 5.926, 5.843, 5.652, 6.08, 7.168, 9.758, 11.633, 12.494, 15.344, 17.013, 15.746, 14.026, 15.237, 16.788, 16.225, 17.098, 17.812, 16.016, 15.647, 16.654, 17.574, 17.01, 16.357, 16.748, 17.837, 20.662, 19.289, 14.895, 14.814, 14.341, 12.064, 12.647, 13.652, 13.979, 16.083, 14.919, 13.171, 14.287, 13.73, 12.073, 14.272, 18.216, 19.112, 17.793, 15.834, 14.934, 14.357, 12.704, 13.138, 13.045, 11.684, 12.205, 12.909, 10.886, 7.413, 6.541, 8.344, 9.222, 9.231, 8.983, 8.298, 6.074, 5.48, 5.838, 8.067, 9.849, 8.494, 4.77, 3.273, 4.009, 5.332, 5.746, 2.833, 4.549, 8.118, 8.234, 9.247, 11.533, 12.995, 13.05, 11.929, 11.058, 10.155, 10.203, 10.528, 11.64, 12.558, 11.205, 10.968, 12.185, 11.535, 10.149, 10.129, 10.155, 9.997, 10.425, 11.445, 11.374, 9.137, 6.138, 5.326, 5.182, 5.752, 5.789, 4.849, 3.776, 3.733, 4.05, 4.168], [3.446, 5.475, 4.256, 3.02, 3.413, 2.68, 2.983, 5.108, 7.875, 10.373, 10.048, 9.424, 11.175, 13.55, 12.607, 12.658, 15.705, 16.554, 16.365, 15.38, 8.546, 3.379, 3.293, 4.083, 3.817, 3.766, 3.197, 2.408, 1.332, 2.105, 1.753, 1.75, 1.399, 0.0, 2.338, 3.753, 4.797, 4.799, 4.71, 5.115, 6.253, 8.866, 10.722, 11.565, 14.317, 15.927, 14.691, 12.969, 14.165, 15.702, 15.156, 16.091, 16.714, 14.907, 14.61, 15.577, 16.489, 16.019, 15.308, 15.695, 16.843, 19.675, 18.301, 13.949, 13.793, 13.382, 11.39, 11.935, 12.85, 13.278, 15.17, 14.033, 12.482, 13.617, 13.067, 11.406, 13.53, 17.36, 18.089, 16.696, 14.805, 13.942, 13.469, 11.834, 12.15, 11.996, 10.633, 11.286, 11.956, 10.065, 6.634, 5.581, 7.264, 8.294, 8.448, 8.194, 7.361, 5.51, 5.189, 5.349, 7.28, 8.888, 7.611, 4.394, 3.367, 3.421, 4.387, 4.721, 2.891, 5.601, 9.059, 9.305, 10.249, 12.455, 13.879, 13.934, 12.785, 11.883, 11.187, 11.261, 11.628, 12.805, 13.694, 12.313, 12.097, 13.283, 12.629, 11.235, 11.147, 11.005, 10.83, 11.3, 12.548, 12.295, 10.045, 7.214, 6.522, 6.374, 6.842, 6.933, 5.926, 4.609, 4.087, 4.096, 4.102], [4.826, 7.062, 5.613, 4.146, 4.692, 3.593, 2.706, 3.842, 6.265, 8.54, 8.049, 7.518, 9.209, 11.498, 10.555, 10.591, 13.7, 14.559, 14.354, 13.438, 6.517, 2.382, 3.153, 3.333, 3.936, 4.363, 3.632, 2.82, 2.637, 2.012, 2.16, 3.321, 3.343, 2.338, 0.0, 1.809, 2.834, 2.655, 2.652, 3.176, 4.366, 6.842, 8.642, 9.587, 12.353, 14.017, 12.753, 11.026, 12.235, 13.795, 13.233, 14.108, 14.81, 13.009, 12.659, 13.665, 14.565, 14.041, 13.358, 13.751, 14.834, 17.628, 16.296, 11.855, 11.88, 11.337, 9.392, 9.971, 10.862, 11.305, 13.1, 11.882, 10.61, 11.631, 11.113, 9.758, 11.689, 15.484, 16.166, 14.798, 12.861, 12.008, 11.448, 10.135, 10.248, 10.077, 8.751, 9.222, 9.927, 8.143, 5.154, 4.166, 5.387, 6.322, 6.453, 6.19, 5.407, 4.257, 4.503, 3.975, 5.525, 6.936, 5.803, 3.623, 3.217, 3.17, 3.636, 3.485, 3.497, 7.68, 11.133, 11.279, 12.136, 14.322, 15.69, 15.835, 14.851, 13.893, 13.068, 13.27, 13.598, 14.775, 15.675, 14.248, 14.047, 15.243, 14.553, 13.167, 13.107, 12.876, 12.683, 13.269, 14.391, 14.352, 12.116, 9.238, 8.215, 7.937, 8.341, 8.32, 7.25, 5.772, 4.533, 3.981, 4.07], [6.236, 8.607, 6.991, 5.388, 5.92, 4.698, 3.487, 3.703, 5.878, 7.147, 6.856, 6.306, 7.654, 9.958, 9.004, 9.029, 12.054, 12.885, 12.736, 11.726, 4.905, 1.966, 3.158, 3.058, 3.816, 4.895, 4.072, 3.916, 3.992, 3.007, 3.14, 4.888, 4.909, 3.753, 1.809, 0.0, 1.282, 1.429, 1.348, 2.181, 3.207, 5.607, 7.324, 8.195, 10.658, 12.303, 11.039, 9.364, 10.536, 12.106, 11.536, 12.438, 13.114, 11.302, 10.958, 11.978, 12.882, 12.381, 11.676, 12.038, 13.199, 16.041, 14.647, 10.436, 10.391, 9.92, 8.316, 8.903, 9.74, 10.252, 11.748, 10.649, 9.504, 10.581, 10.072, 8.765, 10.479, 14.184, 14.589, 13.091, 11.18, 10.433, 10.115, 8.952, 8.651, 8.472, 7.247, 7.76, 8.504, 6.848, 5.237, 3.803, 4.049, 4.961, 5.347, 5.076, 4.231, 4.398, 4.764, 4.004, 4.435, 5.501, 4.798, 3.931, 3.839, 3.399, 3.461, 3.27, 4.246, 9.089, 12.481, 12.677, 13.6, 15.848, 17.123, 17.251, 16.349, 15.376, 14.664, 14.767, 15.226, 16.425, 17.322, 15.92, 15.683, 16.885, 16.215, 14.822, 14.691, 14.344, 14.141, 14.771, 16.067, 15.837, 13.542, 10.688, 9.674, 9.467, 9.792, 9.788, 8.61, 6.963, 5.424, 4.639, 4.579], [7.119, 9.522, 7.863, 6.28, 6.792, 5.565, 4.315, 4.275, 6.066, 6.804, 6.63, 6.012, 7.13, 9.318, 8.084, 8.065, 10.987, 11.834, 11.777, 10.664, 3.92, 2.435, 3.52, 3.046, 3.975, 5.212, 4.809, 4.943, 5.01, 3.844, 4.081, 5.818, 5.926, 4.797, 2.834, 1.282, 0.0, 1.251, 1.519, 2.5, 3.317, 5.244, 6.836, 7.775, 9.769, 11.253, 10.075, 8.575, 9.68, 11.147, 10.587, 11.378, 12.09, 10.255, 10.039, 11.231, 12.081, 11.738, 10.723, 11.061, 12.324, 15.002, 13.628, 9.879, 9.842, 9.457, 7.919, 8.52, 9.368, 9.851, 11.289, 10.186, 9.102, 10.179, 9.693, 8.523, 10.09, 13.785, 14.086, 12.075, 10.409, 9.912, 9.774, 8.679, 8.166, 7.823, 6.865, 7.309, 8.063, 6.69, 5.761, 4.016, 4.083, 4.985, 5.204, 4.786, 4.406, 4.986, 5.359, 4.599, 4.405, 5.266, 5.047, 4.594, 4.553, 4.028, 3.92, 3.465, 4.849, 10.14, 13.467, 13.645, 14.597, 16.854, 18.021, 18.192, 17.403, 16.395, 15.689, 15.794, 16.245, 17.449, 18.356, 16.966, 16.738, 17.939, 17.268, 15.873, 15.705, 15.303, 15.124, 15.775, 17.094, 16.874, 14.562, 11.719, 10.59, 10.386, 10.729, 10.787, 9.593, 7.801, 6.254, 5.36, 5.372], [6.872, 9.279, 7.646, 6.093, 6.624, 5.484, 4.31, 4.351, 6.498, 7.398, 7.073, 6.53, 7.454, 9.26, 7.961, 7.995, 11.118, 11.978, 11.778, 10.857, 4.135, 2.3, 2.809, 3.337, 3.736, 4.827, 4.668, 4.885, 5.017, 3.967, 4.031, 5.605, 5.843, 4.799, 2.655, 1.429, 1.251, 0.0, 0.946, 2.631, 3.735, 5.43, 6.849, 7.801, 9.775, 11.441, 10.188, 8.659, 9.737, 11.223, 10.685, 11.528, 12.233, 10.426, 10.103, 11.204, 12.048, 11.657, 10.783, 11.197, 12.336, 15.034, 13.711, 9.703, 9.687, 9.555, 8.222, 8.839, 9.631, 10.042, 11.357, 10.053, 9.344, 