[[0.0, 1.114, 2.22, 4.098, 4.231, 3.841, 4.044, 4.276, 4.35, 3.551, 3.719, 3.44, 2.601, 3.667, 4.854, 5.244, 5.611, 7.665, 5.345, 3.79, 2.398, 3.0, 2.801, 3.019, 2.862, 3.897, 4.411, 5.434, 7.652, 7.968, 7.417, 4.974, 3.786, 4.115, 4.175, 4.076, 4.255, 5.715, 7.413, 7.843, 7.327, 6.598, 4.873, 5.248, 4.496, 3.861, 1.833, 1.792, 1.431, 2.269, 2.006, 2.136, 2.307, 3.369, 3.192, 2.104, 3.077, 5.16, 2.49, 3.171, 3.703, 3.968, 2.946, 2.776, 2.893, 2.437, 4.516, 6.089, 6.526, 6.921, 8.578, 7.933, 5.055, 4.784, 4.246, 5.214, 4.267, 5.436, 6.862, 4.139, 1.727, 2.486, 3.797, 2.601, 3.736, 3.375, 3.134, 3.45, 3.076, 2.055, 2.679, 4.643, 5.428, 3.73, 4.512, 4.31, 4.427, 4.842, 4.978], [1.114, 0.0, 1.919, 3.745, 3.64, 3.275, 3.555, 3.703, 3.792, 3.068, 3.542, 3.282, 2.369, 3.518, 4.531, 4.92, 5.333, 7.341, 5.177, 4.183, 2.587, 2.518, 2.061, 2.452, 2.623, 3.178, 4.014, 5.583, 7.905, 8.288, 7.741, 5.105, 3.685, 4.2, 4.067, 3.638, 4.225, 5.554, 7.312, 7.968, 7.522, 6.724, 4.741, 5.123, 4.47, 3.879, 2.017, 1.333, 1.407, 2.121, 1.671, 2.055, 2.656, 3.928, 3.586, 2.439, 3.047, 4.838, 2.513, 3.754, 4.187, 4.234, 3.475, 2.902, 3.248, 2.971, 4.449, 5.768, 6.204, 6.597, 8.256, 7.611, 4.733, 4.544, 3.955, 4.893, 3.979, 5.113, 6.538, 3.845, 2.191, 2.137, 3.562, 2.43, 3.882, 3.414, 3.158, 3.375, 2.852, 1.89, 2.823, 4.667, 5.49, 3.619, 4.395, 4.081, 4.149, 4.516, 4.754], [2.22, 1.919, 0.0, 2.208, 2.316, 2.786, 3.409, 3.232, 3.2, 3.235, 4.025, 3.735, 2.427, 2.036, 3.079, 3.515, 3.816, 5.867, 4.423, 4.789, 2.936, 2.568, 2.478, 2.292, 2.945, 3.589, 4.864, 6.554, 8.992, 9.393, 8.898, 5.921, 4.391, 5.109, 4.871, 3.886, 4.367, 6.016, 7.764, 8.546, 8.336, 7.748, 5.533, 5.918, 5.38, 4.835, 3.394, 1.655, 1.723, 1.806, 1.482, 2.427, 3.52, 5.126, 4.729, 3.291, 3.016, 3.39, 2.796, 4.479, 5.102, 5.015, 3.888, 3.871, 3.99, 3.712, 4.459, 5.025, 4.782, 5.122, 6.92, 6.167, 3.356, 2.997, 3.308, 4.011, 3.412, 3.723, 5.069, 2.517, 2.551, 2.211, 2.267, 2.713, 4.159, 3.542, 3.185, 3.612, 3.059, 2.263, 3.444, 5.504, 6.124, 4.192, 4.906, 4.462, 4.392, 4.8, 5.273], [4.098, 3.745, 2.208, 0.0, 1.403, 2.903, 3.852, 3.627, 3.559, 4.002, 4.866, 4.849, 3.136, 1.785, 2.28, 3.178, 2.667, 4.256, 4.845, 6.149, 4.526, 4.235, 4.091, 3.688, 4.367, 4.564, 6.316, 8.288, 10.589, 10.991, 10.725, 7.453, 6.285, 6.822, 6.447, 5.036, 4.978, 6.752, 8.565, 9.44, 10.076, 9.446, 7.222, 7.55, 6.96, 6.303, 5.021, 3.381, 3.406, 3.04, 3.069, 4.219, 5.363, 6.948, 6.479, 4.963, 3.831, 2.768, 4.433, 6.291, 6.844, 6.683, 5.489, 5.692, 5.608, 5.384, 5.508, 5.989, 4.712, 4.554, 6.193, 5.247, 3.318, 2.686, 4.212, 4.484, 4.156, 3.593, 3.903, 3.1, 4.034, 3.247, 2.573, 3.523, 4.876, 4.291, 4.03, 4.23, 3.858, 3.827, 5.269, 7.327, 7.717, 5.672, 5.868, 5.555, 5.573, 5.709, 6.539], [4.231, 3.64, 2.316, 1.403, 0.0, 1.99, 3.177, 2.804, 3.019, 3.538, 4.419, 4.284, 2.84, 1.773, 2.482, 3.269, 3.089, 4.891, 5.33, 6.267, 4.656, 3.877, 3.607, 3.345, 3.904, 3.946, 5.803, 7.782, 10.154, 10.569, 10.329, 6.962, 5.873, 6.439, 6.048, 4.581, 4.6, 6.225, 7.988, 8.987, 9.667, 9.048, 6.81, 7.037, 6.368, 5.774, 4.598, 3.211, 3.278, 3.366, 2.957, 3.953, 5.056, 7.018, 6.544, 4.987, 3.833, 3.054, 4.634, 6.419, 6.757, 6.599, 5.554, 5.718, 5.591, 5.431, 6.003, 6.462, 5.325, 5.23, 6.975, 6.047, 3.828, 3.451, 4.544, 4.869, 4.545, 4.014, 4.139, 3.223, 3.884, 3.155, 2.444, 3.532, 4.589, 4.143, 3.912, 4.137, 3.875, 3.852, 4.986, 6.867, 7.288, 5.232, 5.443, 5.156, 5.174, 5.204, 6.143], [3.841, 3.275, 2.786, 2.903, 1.99, 0.0, 1.812, 1.724, 1.622, 2.109, 2.927, 3.06, 2.35, 2.613, 3.821, 4.217, 4.501, 6.374, 6.243, 6.493, 4.746, 3.521, 2.786, 2.806, 3.005, 2.814, 4.276, 6.044, 8.397, 8.902, 8.572, 5.359, 4.176, 4.668, 4.3, 3.099, 3.886, 4.746, 6.499, 7.393, 7.93, 7.293, 5.045, 5.356, 4.886, 4.542, 3.751, 3.038, 3.315, 3.835, 3.01, 3.148, 4.282, 6.775, 6.513, 4.622, 3.882, 4.404, 4.759, 6.001, 6.21, 6.056, 5.208, 5.322, 5.17, 5.131, 6.528, 7.219, 6.631, 6.561, 8.279, 7.312, 5.043, 4.819, 5.068, 5.569, 5.172, 4.954, 5.521, 4.219, 3.565, 3.253, 2.965, 3.242, 3.973, 3.557, 3.442, 3.837, 3.806, 3.615, 4.18, 5.448, 5.613, 3.629, 3.928, 3.765, 3.463, 3.468, 4.449], [4.044, 3.555, 3.409, 3.852, 3.177, 1.812, 0.0, 1.158, 1.38, 1.162, 1.777, 2.081, 2.07, 3.373, 4.987, 5.561, 5.752, 7.638, 6.705, 6.687, 5.055, 3.094, 2.345, 2.507, 2.075, 1.966, 3.127, 4.778, 7.073, 7.54, 7.216, 3.996, 3.207, 3.3, 2.901, 1.605, 2.819, 3.384, 5.057, 6.015, 6.572, 5.937, 3.8, 4.121, 3.713, 3.463, 3.182, 3.366, 3.486, 4.227, 3.347, 2.517, 3.443, 6.509, 6.73, 4.502, 4.069, 5.512, 5.073, 5.555, 5.548, 5.595, 4.883, 4.839, 4.864, 4.937, 6.994, 7.84, 7.371, 7.377, 8.947, 8.264, 5.941, 5.63, 5.653, 6.167, 5.58, 5.761, 6.916, 4.785, 3.737, 3.567, 4.007, 3.21, 3.273, 3.073, 3.368, 3.91, 4.055, 3.726, 3.237, 3.939, 4.214, 2.494, 2.79, 2.747, 2.215, 2.232, 3.14], [4.276, 3.703, 3.232, 3.627, 2.804, 1.724, 1.158, 0.0, 1.208, 1.351, 2.127, 2.18, 2.068, 3.009, 4.67, 5.3, 5.531, 7.437, 6.557, 6.926, 5.328, 3.17, 2.675, 2.519, 2.439, 2.339, 3.715, 5.242, 7.5, 7.851, 7.611, 4.272, 3.501, 3.727, 3.359, 2.06, 3.197, 3.693, 5.375, 6.467, 6.955, 6.332, 4.206, 4.484, 3.968, 3.761, 3.475, 3.527, 3.617, 4.288, 3.493, 2.87, 3.808, 6.926, 7.025, 4.914, 4.335, 5.341, 5.309, 5.913, 5.871, 5.966, 5.296, 5.192, 5.251, 5.343, 6.966, 7.753, 7.25, 7.181, 8.806, 8.129, 5.78, 5.482, 5.543, 5.957, 5.505, 5.615, 6.756, 4.528, 3.97, 3.672, 3.815, 3.541, 3.576, 3.387, 3.733, 4.273, 4.365, 4.04, 3.627, 4.533, 4.653, 2.778, 3.069, 2.999, 2.578, 2.529, 3.445], [4.35, 3.792, 3.2, 3.559, 3.019, 1.622, 1.38, 1.208, 0.0, 1.451, 2.146, 2.449, 2.366, 3.094, 4.948, 5.234, 5.448, 7.307, 6.751, 7.014, 5.342, 3.11, 2.513, 2.274, 2.387, 2.204, 3.466, 4.996, 7.321, 7.814, 7.494, 4.286, 3.422, 3.624, 3.255, 2.082, 3.595, 3.824, 5.452, 6.447, 6.855, 6.204, 4.0, 4.319, 3.808, 3.664, 3.51, 3.523, 3.807, 4.373, 3.527, 2.968, 3.92, 6.914, 7.017, 4.87, 4.502, 5.168, 5.328, 5.966, 5.829, 6.018, 5.262, 5.222, 5.236, 5.301, 7.063, 7.743, 7.06, 6.944, 8.975, 8.016, 5.524, 5.212, 5.63, 6.136, 5.689, 5.651, 6.638, 4.666, 3.975, 3.772, 4.0, 3.645, 3.678, 3.611, 3.92, 4.458, 4.432, 4.012, 3.493, 4.476, 4.541, 2.813, 3.073, 2.984, 2.48, 2.439, 3.361], [3.551, 3.068, 3.235, 4.002, 3.538, 2.109, 1.162, 1.351, 1.451, 0.0, 1.185, 1.555, 1.705, 3.566, 5.152, 5.763, 6.037, 7.964, 6.589, 6.273, 4.831, 3.024, 2.177, 2.492, 1.826, 1.908, 2.984, 4.54, 6.766, 7.097, 6.841, 3.567, 2.984, 2.958, 2.612, 1.506, 2.503, 3.017, 4.756, 5.717, 6.199, 5.55, 3.455, 3.818, 3.289, 2.927, 2.658, 3.023, 3.307, 4.11, 3.21, 2.115, 3.118, 6.151, 6.391, 4.134, 3.846, 5.799, 4.873, 5.136, 5.119, 5.207, 4.516, 4.426, 4.479, 4.564, 6.885, 7.823, 7.357, 7.446, 9.161, 8.473, 6.081, 5.682, 5.566, 6.051, 5.379, 6.033, 7.258, 4.748, 3.357, 3.374, 4.219, 2.83, 2.901, 2.686, 3.12, 3.64, 3.714, 3.3, 2.682, 3.796, 3.931, 1.926, 2.16, 2.134, 1.874, 2.153, 2.726], [3.719, 3.542, 4.025, 4.866, 4.419, 2.927, 1.777, 2.127, 2.146, 1.185, 0.0, 1.124, 2.201, 4.37, 6.049, 6.74, 6.965, 8.899, 7.238, 6.277, 5.026, 3.51, 3.004, 3.322, 1.89, 2.389, 2.75, 3.734, 5.882, 6.168, 5.914, 2.743, 2.443, 2.076, 1.929, 1.482, 2.189, 2.239, 3.864, 4.734, 5.271, 4.639, 2.678, 3.049, 2.656, 2.604, 2.583, 3.536, 3.755, 4.799, 4.018, 2.205, 2.881, 5.987, 6.581, 4.003, 4.148, 6.764, 5.348, 5.01, 4.939, 5.073, 4.331, 4.312, 4.326, 4.442, 7.436, 8.703, 8.261, 8.356, 10.028, 9.382, 7.016, 6.582, 6.411, 6.713, 6.089, 7.003, 8.149, 5.68, 3.429, 4.001, 5.157, 3.055, 2.726, 2.864, 3.434, 3.745, 4.199, 3.659, 2.584, 3.194, 3.156, 1.402, 1.491, 1.712, 1.641, 1.856, 2.038], [3.44, 3.282, 3.735, 4.849, 4.284, 3.06, 2.081, 2.18, 2.449, 1.555, 1.124, 0.0, 2.031, 4.2, 6.068, 6.679, 6.908, 8.828, 6.974, 5.852, 4.767, 3.296, 2.771, 3.144, 1.697, 2.319, 2.808, 3.947, 6.047, 6.403, 6.094, 3.092, 2.931, 2.348, 2.26, 1.644, 1.958, 2.587, 4.129, 5.087, 5.447, 4.815, 2.834, 3.2, 2.83, 2.499, 2.263, 3.268, 3.464, 4.538, 3.727, 1.778, 2.286, 5.384, 6.306, 3.516, 4.103, 6.684, 5.074, 4.354, 4.378, 4.448, 3.691, 3.681, 3.709, 3.937, 7.157, 8.418, 8.089, 8.165, 9.888, 9.347, 6.879, 6.4, 6.128, 6.419, 5.812, 6.91, 8.135, 5.442, 2.999, 3.624, 5.117, 2.897, 2.396, 2.58, 3.183, 3.559, 4.144, 3.411, 2.218, 3.133, 3.196, 1.421, 1.512, 1.481, 1.877, 2.248, 2.258], [2.601, 2.369, 2.427, 3.136, 2.84, 2.35, 2.07, 2.068, 2.366, 1.705, 2.201, 2.031, 0.0, 2.517, 4.365, 5.025, 5.254, 7.126, 5.566, 5.315, 3.721, 2.746, 2.259, 2.381, 1.96, 2.438, 3.857, 5.591, 7.814, 8.179, 7.915, 4.651, 3.617, 4.025, 3.693, 2.563, 2.845, 4.097, 5.788, 6.646, 7.262, 6.636, 4.5, 4.853, 4.29, 3.768, 2.525, 2.226, 2.392, 3.096, 2.316, 1.725, 2.928, 5.4, 5.395, 3.28, 2.843, 5.046, 3.783, 4.477, 4.712, 4.614, 3.762, 3.817, 3.745, 3.771, 5.828, 6.977, 6.539, 6.634, 8.333, 7.69, 5.313, 4.857, 4.606, 5.005, 4.33, 5.288, 6.423, 3.927, 2.4, 2.258, 3.463, 2.093, 2.652, 2.522, 2.513, 2.918, 2.824, 2.433, 2.837, 4.613, 4.942, 2.903, 3.101, 2.907, 3.15, 3.436, 3.827], [3.667, 3.518, 2.036, 1.785, 1.773, 2.613, 3.373, 3.009, 3.094, 3.566, 4.37, 4.2, 2.517, 0.0, 2.62, 3.174, 3.285, 5.107, 4.742, 5.52, 3.815, 3.851, 3.675, 3.263, 3.748, 4.051, 5.904, 7.719, 10.041, 10.491, 10.187, 6.937, 5.747, 6.289, 5.906, 4.466, 4.538, 6.194, 7.911, 8.844, 9.541, 8.908, 6.717, 6.961, 6.477, 5.962, 4.705, 2.971, 2.972, 2.797, 2.729, 3.684, 4.796, 6.083, 5.723, 4.099, 3.004, 3.074, 3.845, 5.35, 6.291, 6.168, 4.726, 4.71, 4.637, 4.437, 5.241, 5.823, 4.974, 4.878, 6.845, 5.862, 3.445, 3.122, 3.757, 4.109, 3.836, 3.628, 4.248, 2.624, 3.436, 2.557, 2.01, 2.812, 4.095, 3.628, 3.23, 3.314, 2.972, 3.071, 4.949, 6.802, 7.163, 5.135, 5.335, 5.015, 5.135, 5.183, 6.037], [4.854, 4.531, 3.079, 2.28, 2.482, 3.821, 4.987, 4.67, 4.948, 5.152, 6.049, 6.068, 4.365, 2.62, 0.0, 1.932, 1.899, 3.609, 3.782, 5.11, 3.642, 4.29, 4.675, 4.476, 5.432, 5.258, 7.208, 9.4, 11.716, 12.057, 11.813, 8.456, 7.369, 7.955, 7.578, 6.219, 6.024, 7.84, 9.827, 10.7, 11.182, 10.543, 8.361, 8.641, 7.951, 7.065, 6.025, 3.864, 4.377, 3.042, 3.779, 5.293, 6.387, 5.861, 5.384, 4.485, 3.224, 2.083, 3.706, 5.659, 7.189, 6.692, 5.131, 4.867, 4.835, 4.319, 4.343, 4.793, 3.646, 3.695, 5.299, 4.487, 2.334, 2.555, 3.359, 3.365, 3.132, 2.46, 2.828, 2.243, 4.617, 3.015, 1.65, 3.352, 4.882, 4.166, 3.524, 3.258, 2.984, 3.54, 5.818, 8.406, 8.803, 6.768, 7.051, 6.719, 6.663, 6.84, 7.696], [5.244, 4.92, 3.515, 3.178, 3.269, 4.217, 5.561, 5.3, 5.234, 5.763, 6.74, 6.679, 5.025, 3.174, 1.932, 0.0, 1.598, 2.88, 3.212, 4.165, 3.591, 4.674, 5.084, 4.924, 5.816, 5.74, 7.617, 9.782, 12.176, 12.619, 12.237, 9.106, 7.753, 8.375, 8.062, 6.682, 6.818, 8.637, 10.457, 11.322, 11.592, 10.998, 8.751, 9.079, 8.476, 7.692, 6.469, 4.222, 4.726, 3.224, 4.127, 5.679, 6.746, 5.359, 4.494, 4.865, 3.208, 1.172, 3.095, 5.854, 7.554, 7.06, 5.304, 4.959, 5.034, 4.4, 3.409, 3.851, 3.103, 3.078, 4.867, 3.845, 1.783, 2.009, 2.502, 2.596, 2.485, 1.638, 2.016, 1.91, 5.069, 3.492, 1.828, 3.903, 5.396, 4.672, 3.901, 3.711, 3.106, 3.947, 6.276, 8.81, 9.171, 7.211, 7.666, 7.281, 7.183, 7.325, 8.261], [5.611, 5.333, 3.816, 2.667, 3.089, 4.501, 5.752, 5.531, 5.448, 6.037, 6.965, 6.908, 5.254, 3.285, 1.899, 1.598, 0.0, 2.172, 2.815, 4.567, 4.006, 4.927, 5.351, 5.091, 6.033, 5.875, 7.819, 10.074, 12.41, 12.913, 12.581, 9.388, 8.109, 8.72, 8.377, 6.886, 7.043, 8.845, 10.688, 11.525, 11.924, 11.281, 9.09, 9.37, 8.734, 8.058, 6.79, 4.56, 5.056, 3.524, 4.362, 6.035, 7.047, 6.016, 5.318, 5.277, 3.41, 1.534, 3.446, 6.273, 7.808, 7.475, 5.474, 5.343, 5.323, 4.922, 3.629, 3.86, 2.612, 2.493, 4.18, 3.33, 1.462, 1.399, 2.574, 2.613, 2.44, 1.616, 2.308, 2.119, 5.245, 3.75, 2.139, 4.196, 5.596, 5.011, 4.2, 4.071, 3.381, 4.274, 6.628, 9.128, 9.525, 7.522, 7.871, 7.547, 7.483, 7.553, 8.486], [7.665, 7.341, 5.867, 4.256, 4.891, 6.374, 7.638, 7.437, 7.307, 7.964, 8.899, 8.828, 7.126, 5.107, 3.609, 2.88, 2.172, 0.0, 2.807, 5.021, 5.641, 6.81, 7.24, 6.916, 7.872, 7.506, 9.687, 12.025, 14.471, 14.986, 14.646, 11.443, 10.168, 10.762, 10.401, 8.88, 8.963, 10.743, 12.522, 13.419, 13.971, 13.346, 11.139, 11.391, 10.728, 10.075, 8.778, 6.564, 7.079, 5.447, 6.219, 8.051, 9.015, 7.371, 5.689, 6.974, 5.085, 2.714, 5.219, 8.2, 9.568, 9.045, 7.342, 7.184, 7.045, 6.553, 3.664, 3.106, 2.304, 1.967, 2.631, 1.788, 2.689, 2.913, 3.518, 2.753, 3.553, 2.365, 2.321, 3.739, 7.211, 5.573, 4.073, 6.064, 7.473, 6.9, 6.139, 5.606, 4.914, 6.228, 8.689, 11.183, 11.572, 9.577, 9.845, 9.526, 9.51, 9.542, 10.534], [5.345, 5.177, 4.423, 4.845, 5.33, 6.243, 6.705, 6.557, 6.751, 6.589, 7.238, 6.974, 5.566, 4.742, 3.782, 3.212, 2.815, 2.807, 0.0, 2.881, 3.336, 4.645, 5.34, 5.348, 5.98, 5.971, 7.641, 9.688, 12.183, 12.668, 12.351, 9.178, 7.977, 8.454, 8.061, 7.263, 7.629, 9.274, 10.902, 11.617, 11.725, 11.102, 8.904, 9.084, 8.35, 7.709, 6.455, 4.505, 4.746, 3.342, 4.352, 5.998, 6.689, 5.197, 4.027, 4.626, 3.279, 3.124, 2.994, 5.878, 7.216, 6.71, 5.052, 5.087, 4.756, 4.281, 1.861, 2.296, 2.198, 2.325, 3.416, 2.935, 2.176, 2.544, 1.784, 1.681, 1.508, 1.875, 3.989, 2.419, 4.889, 3.727, 3.812, 4.548, 5.922, 5.64, 4.923, 4.472, 3.391, 4.106, 6.42, 8.945, 9.408, 7.441, 8.081, 7.898, 8.046, 8.317, 8.576], [3.79, 4.183, 4.789, 6.149, 6.267, 6.493, 6.687, 6.926, 7.014, 6.273, 6.277, 5.852, 5.315, 5.52, 5.11, 4.165, 4.567, 5.021, 2.881, 0.0, 2.076, 4.525, 4.695, 5.241, 5.223, 5.722, 6.297, 7.648, 10.043, 10.468, 10.102, 7.672, 6.788, 6.858, 6.891, 6.767, 6.364, 8.021, 9.607, 10.133, 9.834, 9.113, 7.313, 7.45, 6.526, 5.759, 4.487, 3.803, 3.942, 3.418, 4.054, 4.884, 4.517, 2.826, 2.051, 2.822, 2.856, 3.911, 2.167, 3.646, 4.997, 4.749, 3.107, 3.244, 2.964, 2.363, 1.975, 3.678, 3.708, 4.024, 5.712, 5.154, 3.718, 3.892, 2.124, 2.615, 2.402, 3.213, 4.727, 3.203, 3.314, 3.426, 4.395, 3.917, 4.622, 4.697, 4.146, 3.767, 2.998, 3.387, 4.885, 7.076, 7.736, 6.338, 6.82, 6.809, 7.165, 7.611, 7.496], [2.398, 2.587, 2.936, 4.526, 4.656, 4.746, 5.055, 5.328, 5.342, 4.831, 5.026, 4.767, 3.721, 3.815, 3.642, 3.591, 4.006, 5.641, 3.336, 2.076, 0.0, 2.785, 3.126, 3.468, 3.598, 4.08, 5.185, 6.526, 9.083, 9.605, 9.125, 6.544, 5.074, 5.543, 5.549, 5.33, 5.359, 7.032, 8.656, 9.096, 8.628, 8.047, 6.163, 6.454, 5.565, 4.774, 3.404, 2.085, 2.202, 1.734, 2.179, 3.369, 3.477, 2.585, 2.181, 1.657, 1.752, 3.202, 1.179, 2.75, 4.015, 3.672, 2.206, 2.351, 1.968, 1.42, 2.706, 4.401, 4.46, 4.912, 6.491, 5.922, 3.246, 3.389, 2.509, 3.394, 2.515, 3.602, 4.975, 2.347, 2.059, 1.867, 2.769, 2.526, 3.589, 3.404, 2.823, 2.561, 1.718, 1.849, 3.771, 5.931, 6.58, 5.02, 5.818, 5.733, 5.877, 6.242, 6.362], [3.0, 2.518, 2.568, 4.235, 3.877, 3.521, 3.094, 3.17, 3.11, 3.024, 3.51, 3.296, 2.746, 3.851, 4.29, 4.674, 4.927, 6.81, 4.645, 4.525, 2.785, 0.0, 1.326, 1.373, 2.143, 2.422, 3.704, 5.417, 7.985, 8.523, 8.012, 5.22, 3.74, 4.308, 4.006, 3.47, 3.902, 5.516, 7.185, 7.965, 7.54, 6.853, 4.736, 4.974, 4.253, 3.714, 2.527, 1.831, 2.323, 2.362, 2.037, 2.302, 2.807, 4.306, 4.23, 2.528, 3.14, 4.344, 2.923, 3.843, 3.846, 3.927, 3.293, 2.91, 2.861, 2.909, 4.226, 5.522, 5.637, 6.066, 7.672, 7.092, 4.41, 4.364, 3.712, 4.557, 3.78, 4.668, 6.068, 3.354, 2.601, 2.475, 3.266, 2.633, 2.996, 2.699, 2.813, 3.224, 2.903, 2.347, 2.429, 4.708, 5.476, 3.595, 4.35, 4.154, 4.161, 4.496, 4.716], [2.801, 2.061, 2.478, 4.091, 3.607, 2.786, 2.345, 2.675, 2.513, 2.177, 3.004, 2.771, 2.259, 3.675, 4.675, 5.084, 5.351, 7.24, 5.34, 4.695, 3.126, 1.326, 0.0, 1.118, 1.829, 1.848, 3.043, 4.988, 7.531, 8.025, 7.588, 4.692, 3.525, 3.859, 3.488, 2.78, 3.491, 5.017, 6.736, 7.508, 7.17, 6.415, 4.289, 4.481, 3.755, 3.216, 1.996, 1.697, 2.122, 2.447, 1.822, 1.806, 2.4, 4.492, 4.587, 2.481, 3.22, 4.678, 3.209, 3.819, 3.723, 3.856, 3.282, 3.011, 3.064, 3.085, 4.881, 6.001, 6.111, 6.459, 8.177, 7.517, 4.852, 4.555, 3.941, 5.109, 4.292, 5.097, 6.517, 3.75, 2.436, 2.5, 3.625, 2.591, 3.1, 2.65, 2.7, 3.274, 3.105, 2.183, 2.196, 4.275, 5.052, 3.095, 3.9, 3.51, 3.413, 3.79, 4.192], [3.019, 2.452, 2.292, 3.688, 3.345, 2.806, 2.507, 2.519, 2.274, 2.492, 3.322, 3.144, 2.381, 3.263, 4.476, 4.924, 5.091, 6.916, 5.348, 5.241, 3.468, 1.373, 1.118, 0.0, 1.829, 1.96, 3.387, 5.309, 7.845, 8.417, 7.927, 5.085, 3.832, 4.217, 3.827, 2.928, 3.838, 5.213, 6.931, 7.798, 7.443, 6.75, 4.634, 4.865, 4.118, 3.61, 2.497, 2.124, 2.475, 2.733, 1.935, 2.205, 2.795, 5.017, 5.008, 3.043, 3.68, 4.425, 3.651, 4.446, 3.954, 4.291, 3.781, 3.518, 3.549, 3.669, 5.04, 5.801, 5.829, 6.177, 7.941, 7.238, 4.568, 4.312, 4.078, 5.158, 4.482, 4.859, 6.268, 3.601, 2.957, 3.001, 3.446, 3.024, 3.412, 2.996, 3.077, 3.633, 3.517, 2.81, 2.744, 4.622, 5.371, 3.551, 4.146, 3.697, 3.612, 3.888, 4.433], [2.862, 2.623, 2.945, 4.367, 3.904, 3.005, 2.075, 2.439, 2.387, 1.826, 1.89, 1.697, 1.96, 3.748, 5.432, 5.816, 6.033, 7.872, 5.98, 5.223, 3.598, 2.143, 1.829, 1.829, 0.0, 1.736, 2.711, 4.217, 6.843, 7.335, 6.874, 3.841, 2.897, 2.962, 2.818, 1.905, 2.777, 3.775, 5.473, 6.329, 6.308, 5.688, 3.444, 3.65, 3.138, 2.738, 2.08, 2.309, 2.388, 3.33, 2.374, 1.408, 2.012, 4.895, 5.055, 2.911, 3.244, 5.509, 3.928, 4.131, 3.827, 3.945, 3.377, 3.37, 3.316, 3.401, 5.857, 6.999, 6.849, 7.173, 8.738, 8.152, 5.587, 5.295, 5.168, 5.764, 5.061, 5.87, 7.245, 4.56, 2.626, 3.043, 4.257, 2.565, 2.743, 2.354, 2.702, 3.145, 3.293, 2.614, 2.218, 3.591, 3.94, 2.129, 2.678, 2.409, 2.53, 2.846, 3.166], [3.897, 3.178, 3.589, 4.564, 3.946, 2.814, 1.966, 2.339, 2.204, 1.908, 2.389, 2.319, 2.438, 4.051, 5.258, 5.74, 5.875, 7.506, 5.971, 5.722, 4.08, 2.422, 1.848, 1.96, 1.736, 0.0, 2.362, 4.614, 7.102, 7.643, 7.264, 4.25, 3.937, 3.466, 3.322, 1.889, 2.915, 3.725, 5.455, 6.376, 6.629, 5.985, 3.739, 4.004, 3.351, 2.747, 2.818, 2.829, 3.381, 3.798, 3.005, 2.421, 2.933, 5.2, 5.597, 3.395, 3.523, 5.393, 4.5, 4.58, 3.996, 4.121, 3.812, 3.733, 3.634, 3.859, 6.059, 7.12, 6.722, 6.948, 8.558, 7.99, 5.461, 5.4, 5.13, 5.708, 5.121, 5.735, 7.01, 4.534, 3.384, 3.063, 4.306, 2.689, 2.578, 2.465, 2.861, 3.156, 3.394, 2.951, 2.412, 3.893, 4.254, 2.596, 2.846, 2.806, 2.478, 2.702, 3.223], [4.411, 4.014, 4.864, 6.316, 5.803, 4.276, 3.127, 3.715, 3.466, 2.984, 2.75, 2.808, 3.857, 5.904, 7.208, 7.617, 7.819, 9.687, 7.641, 6.297, 5.185, 3.704, 3.043, 3.387, 2.711, 2.362, 0.0, 2.411, 4.89, 5.385, 5.03, 3.166, 3.658, 2.313, 2.418, 2.236, 3.097, 2.629, 3.929, 4.626, 4.468, 3.763, 1.668, 1.901, 1.557, 1.889, 3.124, 3.932, 4.304, 4.994, 4.3, 3.003, 2.93, 5.444, 6.573, 3.779, 5.097, 7.314, 5.536, 4.238, 3.574, 3.866, 3.784, 3.699, 3.631, 4.355, 7.427, 8.833, 8.646, 8.954, 10.593, 9.999, 7.423, 7.057, 6.525, 7.445, 6.685, 7.657, 9.013, 6.267, 3.977, 4.579, 6.077, 4.128, 3.418, 3.293, 3.844, 4.365, 5.008, 4.044, 2.571, 2.114, 2.662, 2.517, 2.425, 2.555, 1.943, 2.398, 2.15], [5.434, 5.583, 6.554, 8.288, 7.782, 6.044, 4.778, 5.242, 4.996, 4.54, 3.734, 3.947, 5.591, 7.719, 9.4, 9.782, 10.074, 12.025, 9.688, 7.648, 6.526, 5.417, 4.988, 5.309, 4.217, 4.614, 2.411, 0.0, 2.701, 3.351, 2.948, 3.081, 3.731, 2.523, 2.861, 3.52, 4.134, 2.885, 3.012, 3.16, 2.68, 1.889, 1.352, 1.37, 1.836, 2.688, 4.016, 5.684, 5.302, 6.723, 6.088, 4.241, 3.464, 6.45, 7.844, 5.278, 7.149, 9.503, 7.002, 4.869, 4.367, 4.607, 5.139, 5.304, 5.037, 5.658, 9.054, 10.817, 10.869, 11.281, 12.921, 12.294, 9.588, 9.218, 8.658, 9.658, 8.709, 9.801, 11.264, 8.535, 5.054, 6.779, 8.278, 6.215, 4.946, 5.307, 6.043, 6.662, 7.214, 6.073, 3.984, 2.025, 2.398, 3.386, 3.198, 3.635, 3.022, 3.201, 2.758], [7.652, 7.905, 8.992, 10.589, 10.154, 8.397, 7.073, 7.5, 7.321, 6.766, 5.882, 6.047, 7.814, 10.041, 11.716, 12.176, 12.41, 14.471, 12.183, 10.043, 9.083, 7.985, 7.531, 7.845, 6.843, 7.102, 4.89, 2.701, 0.0, 1.548, 1.861, 4.05, 5.071, 4.243, 4.445, 5.65, 5.967, 4.354, 3.371, 2.923, 2.408, 2.064, 3.516, 3.446, 4.191, 4.886, 6.275, 8.177, 7.801, 9.354, 8.749, 6.704, 5.924, 8.546, 10.328, 7.821, 9.644, 12.097, 9.63, 6.719, 6.13, 6.08, 7.296, 7.768, 7.514, 8.111, 11.626, 13.47, 13.403, 13.736, 15.428, 14.878, 12.206, 11.754, 11.079, 12.016, 11.117, 12.311, 13.716, 10.955, 7.39, 9.11, 10.675, 8.487, 7.22, 7.73, 8.496, 9.075, 9.663, 8.492, 6.292, 3.697, 3.221, 5.142, 5.058, 5.444, 5.235, 5.135, 4.261], [7.968, 8.288, 9.393, 10.991, 10.569, 8.902, 7.54, 7.851, 7.814, 7.097, 6.168, 6.403, 8.179, 10.491, 12.057, 12.619, 12.913, 14.986, 12.668, 10.468, 9.605, 8.523, 8.025, 8.417, 7.335, 7.643, 5.385, 3.351, 1.548, 0.0, 1.126, 4.015, 5.342, 4.527, 4.713, 6.126, 6.332, 4.7, 3.873, 3.643, 3.121, 2.608, 4.128, 3.954, 4.603, 5.295, 6.648, 8.688, 8.3, 9.868, 9.262, 7.193, 6.425, 8.783, 10.732, 8.301, 10.051, 12.557, 10.144, 7.373, 6.418, 7.004, 7.847, 8.244, 8.048, 8.621, 12.118, 13.984, 13.973, 14.196, 15.933, 15.357, 12.72, 12.257, 11.546, 12.485, 11.625, 12.855, 14.232, 11.407, 7.899, 9.585, 11.11, 8.982, 7.691, 8.21, 8.987, 9.579, 10.134, 8.932, 6.599, 4.506, 3.976, 5.556, 5.315, 5.778, 5.53, 5.528, 4.564], [7.417, 7.741, 8.898, 10.725, 10.329, 8.572, 7.216, 7.611, 7.494, 6.841, 5.914, 6.094, 7.915, 10.187, 11.813, 12.237, 12.581, 14.646, 12.351, 10.102, 9.125, 8.012, 7.588, 7.927, 6.874, 7.264, 5.03, 2.948, 1.861, 1.126, 0.0, 3.531, 4.675, 3.932, 4.356, 5.807, 6.317, 4.515, 3.728, 3.485, 2.888, 2.542, 3.798, 3.808, 4.419, 5.076, 6.268, 8.209, 7.769, 9.358, 8.717, 6.678, 5.92, 8.449, 10.209, 7.86, 9.811, 12.176, 9.608, 7.128, 6.453, 7.042, 7.619, 7.77, 7.606, 8.175, 11.663, 13.414, 13.532, 13.901, 15.583, 14.968, 12.214, 11.844, 11.251, 12.19, 11.272, 12.453, 13.859, 11.121, 7.606, 9.277, 10.721, 8.639, 7.372, 7.84, 8.585, 9.242, 9.831, 8.596, 6.235, 4.177, 3.943, 5.206, 5.078, 5.451, 5.22, 5.203, 4.26], [4.974, 5.105, 5.921, 7.453, 6.962, 5.359, 3.996, 4.272, 4.286, 3.567, 2.743, 3.092, 4.651, 6.937, 8.456, 9.106, 9.388, 11.443, 9.178, 7.672, 6.544, 5.22, 4.692, 5.085, 3.841, 4.25, 3.166, 3.081, 4.05, 4.015, 3.531, 0.0, 1.878, 1.49, 1.464, 2.695, 4.001, 2.857, 3.035, 3.328, 2.987, 2.812, 2.908, 3.025, 3.099, 3.253, 3.747, 5.325, 5.071, 6.521, 5.93, 3.854, 3.821, 7.012, 7.878, 5.254, 6.499, 9.089, 6.857, 5.87, 5.666, 5.933, 5.487, 5.571, 5.416, 5.612, 8.881, 10.663, 10.479, 10.668, 12.413, 11.849, 9.263, 8.778, 8.126, 8.943, 8.173, 9.331, 10.706, 7.9, 4.935, 6.058, 7.589, 5.459, 4.659, 4.964, 5.611, 6.082, 6.56, 5.408, 3.207, 3.031, 2.824, 2.226, 2.681, 2.997, 2.781, 2.446, 1.933], [3.786, 3.685, 4.391, 6.285, 5.873, 4.176, 3.207, 3.501, 3.422, 2.984, 2.443, 2.931, 3.617, 5.747, 7.369, 7.753, 8.109, 10.168, 7.977, 6.788, 5.074, 3.74, 3.525, 3.832, 2.897, 3.937, 3.658, 3.731, 5.071, 5.342, 4.675, 1.878, 0.0, 1.78, 1.851, 2.803, 4.206, 3.447, 4.057, 4.554, 4.149, 3.717, 3.285, 3.414, 3.388, 3.728, 3.258, 3.852, 3.637, 4.942, 4.248, 2.972, 3.517, 6.533, 6.575, 4.625, 5.586, 7.726, 5.286, 5.642, 5.621, 5.91, 5.347, 5.14, 5.149, 5.145, 7.398, 8.958, 9.092, 9.438, 11.143, 10.499, 7.668, 7.349, 6.939, 7.767, 6.848, 8.001, 9.419, 6.678, 3.934, 5.033, 6.27, 4.766, 4.659, 4.832, 5.125, 5.658, 5.513, 4.437, 3.417, 3.208, 3.14, 2.175, 2.997, 3.28, 3.051, 2.728, 2.382], [4.115, 4.2, 5.109, 6.822, 6.439, 4.668, 3.3, 3.727, 3.624, 2.958, 2.076, 2.348, 4.025, 6.289, 7.955, 8.375, 8.72, 10.762, 8.454, 6.858, 5.543, 4.308, 3.859, 4.217, 2.962, 3.466, 2.313, 2.523, 4.243, 4.527, 3.932, 1.49, 1.78, 0.0, 0.913, 2.036, 3.427, 2.367, 3.366, 3.918, 3.505, 2.833, 1.893, 2.289, 2.252, 2.579, 3.045, 4.451, 4.178, 5.586, 4.941, 2.9, 2.799, 5.981, 6.937, 4.313, 5.896, 8.338, 5.931, 4.908, 4.642, 4.99, 4.715, 4.573, 4.441, 4.683, 8.037, 9.673, 9.648, 10.018, 11.667, 11.051, 8.349, 7.964, 7.387, 8.323, 7.447, 8.557, 9.959, 7.252, 4.066, 5.395, 6.845, 4.785, 3.835, 4.131, 4.808, 5.442, 5.948, 4.771, 2.702, 2.212, 2.311, 1.561, 2.078, 2.447, 2.123, 1.926, 1.562], [4.175, 4.067, 4.871, 6.447, 6.048, 4.3, 2.901, 3.359, 3.255, 2.612, 1.929, 2.26, 3.693, 5.906, 7.578, 8.062, 8.377, 10.401, 8.061, 6.891, 5.549, 4.006, 3.488, 3.827, 2.818, 3.322, 2.418, 2.861, 4.445, 4.713, 4.356, 1.464, 1.851, 0.913, 0.0, 1.829, 3.482, 2.521, 3.486, 4.101, 3.787, 3.203, 2.227, 2.377, 2.425, 2.83, 3.056, 4.208, 4.03, 5.273, 4.628, 2.725, 3.118, 6.179, 7.006, 4.314, 5.554, 7.907, 5.714, 5.217, 5.03, 5.343, 4.764, 4.72, 4.565, 4.86, 7.74, 9.349, 9.307, 9.603, 11.273, 10.714, 8.106, 7.623, 7.057, 7.932, 7.004, 8.184, 9.605, 6.825, 4.158, 5.055, 6.548, 4.487, 3.986, 4.029, 4.542, 5.147, 5.639, 4.439, 2.793, 2.576, 2.548, 1.574, 2.246, 2.373, 2.046, 1.78, 1.543], [4.076, 3.638, 3.886, 5.036, 4.581, 3.099, 1.605, 2.06, 2.082, 1.506, 1.482, 1.644, 2.563, 4.466, 6.219, 6.682, 6.886, 8.88, 7.263, 6.767, 5.33, 3.47, 2.78, 2.928, 1.905, 1.889, 2.236, 3.52, 5.65, 6.126, 5.807, 2.695, 2.803, 2.036, 1.829, 0.0, 2.475, 2.376, 4.027, 4.9, 5.144, 4.507, 2.486, 2.874, 2.561, 2.547, 2.922, 3.546, 3.729, 4.643, 3.797, 2.157, 2.987, 6.128, 6.832, 4.267, 4.567, 6.706, 5.407, 5.034, 4.823, 5.074, 4.551, 4.363, 4.421, 4.755, 7.399, 8.447, 8.089, 8.2, 9.937, 9.394, 6.863, 6.394, 6.228, 6.692, 6.048, 6.89, 8.199, 5.561, 3.811, 4.002, 5.205, 3.386, 2.994, 2.925, 3.525, 4.071, 4.49, 3.714, 2.5, 2.67, 2.811, 1.481, 1.763, 1.796, 1.323, 1.432, 1.837], [4.255, 4.225, 4.367, 4.978, 4.6, 3.886, 2.819, 3.197, 3.595, 2.503, 2.189, 1.958, 2.845, 4.538, 6.024, 6.818, 7.043, 8.963, 7.629, 6.364, 5.359, 3.902, 3.491, 3.838, 2.777, 2.915, 3.097, 4.134, 5.967, 6.332, 6.317, 4.001, 4.206, 3.427, 3.482, 2.475, 0.0, 2.173, 3.885, 4.721, 5.366, 4.726, 3.086, 3.456, 2.883, 2.839, 3.099, 3.909, 4.167, 5.182, 4.329, 2.636, 2.81, 5.614, 6.916, 4.057, 4.474, 6.92, 5.751, 3.732, 3.79, 3.714, 3.793, 3.727, 3.767, 4.53, 7.808, 9.014, 8.536, 8.605, 10.216, 9.604, 7.273, 6.859, 6.763, 7.086, 6.458, 7.172, 8.142, 5.96, 3.612, 4.35, 5.235, 3.251, 2.297, 2.356, 3.203, 3.544, 4.435, 4.01, 2.613, 2.824, 3.13, 2.405, 1.705, 1.63, 2.521, 2.917, 2.809], [5.715, 5.554, 6.016, 6.752, 6.225, 4.746, 3.384, 3.693, 3.824, 3.017, 2.239, 2.587, 4.097, 6.194, 7.84, 8.637, 8.845, 10.743, 9.274, 8.021, 7.032, 5.516, 5.017, 5.213, 3.775, 3.725, 2.629, 2.885, 4.354, 4.7, 4.515, 2.857, 3.447, 2.367, 2.521, 2.376, 2.173, 0.0, 2.076, 2.952, 3.559, 2.947, 1.901, 2.174, 1.957, 2.775, 4.461, 5.554, 5.741, 6.82, 6.027, 4.012, 4.208, 7.264, 8.589, 5.729, 6.1, 8.69, 7.383, 5.445, 5.115, 5.201, 5.46, 5.404, 5.44, 6.206, 9.469, 10.703, 10.251, 10.333, 11.985, 11.35, 8.983, 8.569, 8.413, 8.687, 8.099, 8.934, 10.079, 7.667, 5.225, 5.924, 7.063, 4.951, 3.784, 4.157, 5.028, 5.425, 6.117, 5.646, 3.818, 1.958, 1.74, 2.334, 1.459, 1.962, 1.978, 2.247, 1.548], [7.413, 7.312, 7.764, 8.565, 7.988, 6.499, 5.057, 5.375, 5.452, 4.756, 3.864, 4.129, 5.788, 7.911, 9.827, 10.457, 10.688, 12.522, 10.902, 9.607, 8.656, 7.185, 6.736, 6.931, 5.473, 5.455, 3.929, 3.012, 3.371, 3.873, 3.728, 3.035, 4.057, 3.366, 3.486, 4.027, 3.885, 2.076, 0.0, 1.274, 1.883, 1.912, 2.797, 2.552, 3.371, 4.285, 6.064, 7.269, 7.422, 8.542, 7.746, 5.715, 5.794, 8.817, 10.232, 7.378, 7.853, 10.501, 9.076, 6.78, 6.477, 6.331, 6.985, 7.05, 7.08, 7.851, 11.128, 12.422, 11.973, 12.029, 13.742, 13.118, 10.732, 10.304, 10.141, 10.414, 9.788, 10.736, 11.871, 9.347, 6.752, 7.589, 8.927, 6.7, 5.476, 5.964, 6.876, 7.202, 7.887, 7.373, 5.528, 3.129, 2.576, 3.89, 3.099, 3.458, 3.573, 3.472, 2.656], [7.843, 7.968, 8.546, 9.44, 8.987, 7.393, 6.015, 6.467, 6.447, 5.717, 4.734, 5.087, 6.646, 8.844, 10.7, 11.322, 11.525, 13.419, 11.617, 10.133, 9.096, 7.965, 7.508, 7.798, 6.329, 6.376, 4.626, 3.16, 2.923, 3.643, 3.485, 3.328, 4.554, 3.918, 4.101, 4.9, 4.721, 2.952, 1.274, 0.0, 1.288, 1.839, 3.382, 3.2, 4.018, 4.72, 6.556, 8.057, 7.995, 9.265, 8.579, 6.495, 6.163, 9.134, 10.696, 7.919, 8.68, 11.397, 9.708, 7.102, 6.746, 6.508, 7.297, 7.812, 7.601, 8.324, 11.717, 13.297, 12.874, 12.95, 14.661, 14.016, 11.649, 11.179, 10.913, 11.237, 10.636, 11.617, 12.716, 10.301, 7.304, 8.412, 9.744, 7.547, 6.124, 6.837, 7.746, 8.066, 8.649, 8.052, 5.955, 3.451, 2.735, 4.472, 3.769, 4.195, 4.366, 4.302, 3.47], [7.327, 7.522, 8.336, 10.076, 9.667, 7.93, 6.572, 6.955, 6.855, 6.199, 5.271, 5.447, 7.262, 9.541, 11.182, 11.592, 11.924, 13.971, 11.725, 9.834, 8.628, 7.54, 7.17, 7.443, 6.308, 6.629, 4.468, 2.68, 2.408, 3.121, 2.888, 2.987, 4.149, 3.505, 3.787, 5.144, 5.366, 3.559, 1.883, 1.288, 0.0, 1.478, 3.051, 3.054, 3.727, 4.495, 6.104, 7.681, 7.492, 8.862, 8.247, 6.175, 5.692, 8.633, 10.189, 7.485, 9.167, 11.577, 9.256, 6.619, 6.159, 5.989, 7.053, 7.379, 7.132, 7.876, 11.273, 12.976, 12.915, 13.253, 14.958, 14.36, 11.667, 11.237, 10.753, 11.546, 10.675, 11.832, 13.234, 10.496, 7.05, 8.656, 10.104, 7.992, 6.714, 7.202, 7.976, 8.563, 9.143, 7.922, 5.666, 3.062, 2.628, 4.505, 4.302, 4.584, 4.55, 4.502, 3.587], [6.598, 6.724, 7.748, 9.446, 9.048, 7.293, 5.937, 6.332, 6.204, 5.55, 4.639, 4.815, 6.636, 8.908, 10.543, 10.998, 11.281, 13.346, 11.102, 9.113, 8.047, 6.853, 6.415, 6.75, 5.688, 5.985, 3.763, 1.889, 2.064, 2.608, 2.542, 2.812, 3.717, 2.833, 3.203, 4.507, 4.726, 2.947, 1.912, 1.839, 1.478, 0.0, 2.331, 2.297, 3.112, 3.921, 5.436, 7.046, 6.825, 8.224, 7.615, 5.546, 5.052, 7.967, 9.472, 6.752, 8.532, 10.985, 8.531, 6.096, 5.593, 5.725, 6.49, 6.606, 6.453, 7.221, 10.587, 12.336, 12.289, 12.604, 14.304, 13.744, 11.072, 10.64, 9.972, 10.911, 10.034, 11.201, 12.588, 9.845, 6.35, 7.989, 9.488, 7.352, 6.062, 6.583, 7.36, 7.944, 8.531, 7.359, 5.114, 2.669, 2.427, 3.927, 3.704, 4.033, 3.94, 3.89, 2.945], [4.873, 4.741, 5.533, 7.222, 6.81, 5.045, 3.8, 4.206, 4.0, 3.455, 2.678, 2.834, 4.5, 6.717, 8.361, 8.751, 9.09, 11.139, 8.904, 7.313, 6.163, 4.736, 4.289, 4.634, 3.444, 3.739, 1.668, 1.352, 3.516, 4.128, 3.798, 2.908, 3.285, 1.893, 2.227, 2.486, 3.086, 1.901, 2.797, 3.382, 3.051, 2.331, 0.0, 1.047, 1.219, 2.126, 3.673, 4.85, 4.84, 6.028, 5.388, 3.361, 3.353, 6.395, 7.647, 4.833, 6.294, 8.681, 6.473, 4.661, 4.292, 4.398, 4.793, 4.607, 4.594, 5.322, 8.563, 10.112, 10.031, 10.395, 12.051, 11.425, 8.757, 8.309, 7.828, 8.693, 7.777, 8.924, 10.336, 7.61, 4.611, 5.813, 7.251, 5.18, 4.129, 4.333, 5.077, 5.735, 6.325, 5.12, 3.165, 1.395, 1.736, 2.39, 2.146, 2.497, 1.929, 2.381, 1.848], [5.248, 5.123, 5.918, 7.55, 7.037, 5.356, 4.121, 4.484, 4.319, 3.818, 3.049, 3.2, 4.853, 6.961, 8.641, 9.079, 9.37, 11.391, 9.084, 7.45, 6.454, 4.974, 4.481, 4.865, 3.65, 4.004, 1.901, 1.37, 3.446, 3.954, 3.808, 3.025, 3.414, 2.289, 2.377, 2.874, 3.456, 2.174, 2.552, 3.2, 3.054, 2.297, 1.047, 0.0, 1.218, 2.385, 3.868, 5.129, 5.035, 6.256, 5.567, 3.705, 3.476, 6.483, 7.827, 5.027, 6.478, 8.827, 6.666, 4.823, 4.317, 4.59, 4.946, 4.773, 4.898, 5.615, 8.71, 10.266, 10.287, 10.589, 12.286, 11.659, 8.902, 8.542, 8.085, 8.905, 7.982, 9.186, 10.603, 7.801, 4.857, 6.075, 7.577, 5.508, 4.427, 4.619, 5.342, 5.977, 6.538, 5.304, 3.495, 1.824, 1.992, 2.623, 2.456, 2.94, 2.37, 2.557, 1.972], [4.496, 4.47, 5.38, 6.96, 6.368, 4.886, 3.713, 3.968, 3.808, 3.289, 2.656, 2.83, 4.29, 6.477, 7.951, 8.476, 8.734, 10.728, 8.35, 6.526, 5.565, 4.253, 3.755, 4.118, 3.138, 3.351, 1.557, 1.836, 4.191, 4.603, 4.419, 3.099, 3.388, 2.252, 2.425, 2.561, 2.883, 1.957, 3.371, 4.018, 3.727, 3.112, 1.219, 1.218, 0.0, 1.659, 3.011, 4.479, 4.389, 5.565, 4.815, 3.249, 2.782, 5.622, 6.934, 4.187, 5.737, 8.174, 5.954, 4.011, 3.438, 3.811, 4.197, 4.063, 4.006, 4.824, 7.863, 9.507, 9.634, 9.926, 11.633, 11.006, 8.243, 7.935, 7.446, 8.274, 7.387, 8.574, 9.982, 7.129, 4.09, 5.43, 6.975, 4.888, 3.729, 4.013, 4.719, 5.321, 5.876, 4.688, 2.821, 1.477, 1.83, 2.421, 2.131, 2.558, 2.056, 2.664, 2.034], [3.861, 3.879, 4.835, 6.303, 5.774, 4.542, 3.463, 3.761, 3.664, 2.927, 2.604, 2.499, 3.768, 5.962, 7.065, 7.692, 8.058, 10.075, 7.709, 5.759, 4.774, 3.714, 3.216, 3.61, 2.738, 2.747, 1.889, 2.688, 4.886, 5.295, 5.076, 3.253, 3.728, 2.579, 2.83, 2.547, 2.839, 2.775, 4.285, 4.72, 4.495, 3.921, 2.126, 2.385, 1.659, 0.0, 2.365, 3.899, 3.943, 5.012, 4.49, 2.895, 2.212, 4.808, 6.281, 3.517, 5.043, 7.55, 5.434, 3.536, 3.057, 3.324, 3.276, 3.824, 3.494, 3.937, 7.35, 9.1, 8.986, 9.274, 10.92, 10.316, 7.755, 7.257, 6.741, 7.601, 6.715, 7.879, 9.279, 6.498, 3.322, 4.706, 6.239, 4.134, 2.953, 3.338, 4.086, 4.731, 5.223, 4.053, 2.095, 2.24, 2.278, 2.316, 2.188, 2.731, 2.105, 3.036, 2.563], [1.833, 2.017, 3.394, 5.021, 4.598, 3.751, 3.182, 3.475, 3.51, 2.658, 2.583, 2.263, 2.525, 4.705, 6.025, 6.469, 6.79, 8.778, 6.455, 4.487, 3.404, 2.527, 1.996, 2.497, 2.08, 2.818, 3.124, 4.016, 6.275, 6.648, 6.268, 3.747, 3.258, 3.045, 3.056, 2.922, 3.099, 4.461, 6.064, 6.556, 6.104, 5.436, 3.673, 3.868, 3.011, 2.365, 0.0, 2.337, 2.194, 3.487, 2.894, 1.547, 1.192, 3.605, 4.306, 2.244, 3.896, 6.285, 3.776, 3.051, 2.939, 3.282, 2.819, 2.763, 2.724, 2.586, 5.677, 7.424, 7.746, 8.003, 9.744, 9.118, 6.368, 5.972, 5.379, 6.349, 5.396, 6.627, 8.052, 5.216, 2.039, 3.466, 5.039, 2.952, 2.724, 2.75, 3.101, 3.592, 3.919, 2.636, 1.662, 3.328, 4.037, 2.514, 3.227, 3.171, 3.348, 3.793, 3.77], [1.792, 1.333, 1.655, 3.381, 3.211, 3.038, 3.366, 3.527, 3.523, 3.023, 3.536, 3.268, 2.226, 2.971, 3.864, 4.222, 4.56, 6.564, 4.505, 3.803, 2.085, 1.831, 1.697, 2.124, 2.309, 2.829, 3.932, 5.684, 8.177, 8.688, 8.209, 5.325, 3.852, 4.451, 4.208, 3.546, 3.909, 5.554, 7.269, 8.057, 7.681, 7.046, 4.85, 5.129, 4.479, 3.899, 2.337, 0.0, 1.197, 1.583, 1.129, 1.83, 2.658, 4.002, 3.668, 2.067, 2.274, 4.087, 2.157, 3.367, 3.775, 3.706, 2.904, 2.634, 2.72, 2.538, 4.036, 5.375, 5.455, 5.82, 7.504, 6.86, 4.083, 3.747, 3.384, 4.194, 3.281, 4.362, 5.78, 3.042, 1.686, 1.522, 2.843, 1.807, 3.047, 2.529, 2.318, 2.678, 2.179, 1.275, 2.535, 4.771, 5.537, 3.62, 4.427, 4.077, 4.143, 4.506, 4.743], [1.431, 1.407, 1.723, 3.406, 3.278, 3.315, 3.486, 3.617, 3.807, 3.307, 3.755, 3.464, 2.392, 2.972, 4.377, 4.726, 5.056, 7.079, 4.746, 3.942, 2.202, 2.323, 2.122, 2.475, 2.388, 3.381, 4.304, 5.302, 7.801, 8.3, 7.769, 5.071, 3.637, 4.178, 4.03, 3.729, 4.167, 5.741, 7.422, 7.995, 7.492, 6.825, 4.84, 5.035, 4.389, 3.943, 2.194, 1.197, 0.0, 1.691, 1.194, 1.935, 2.211, 4.091, 3.678, 2.363, 2.818, 4.542, 2.181, 3.511, 3.824, 3.925, 3.211, 3.162, 3.07, 2.777, 4.018, 5.702, 5.908, 6.335, 7.96, 7.315, 4.518, 4.206, 3.654, 4.664, 3.737, 4.853, 6.279, 3.571, 1.633, 2.048, 3.378, 2.565, 3.726, 3.299, 3.108, 3.518, 2.892, 1.965, 2.744, 4.642, 5.425, 3.681, 4.572, 4.322, 4.41, 4.738, 4.949], [2.269, 2.121, 1.806, 3.04, 3.366, 3.835, 4.227, 4.288, 4.373, 4.11, 4.799, 4.538, 3.096, 2.797, 3.042, 3.224, 3.524, 5.447, 3.342, 3.418, 1.734, 2.362, 2.447, 2.733, 3.33, 3.798, 4.994, 6.723, 9.354, 9.868, 9.358, 6.521, 4.942, 5.586, 5.273, 4.643, 5.182, 6.82, 8.542, 9.265, 8.862, 8.224, 6.028, 6.256, 5.565, 5.012, 3.487, 1.583, 1.691, 0.0, 1.386, 2.906, 3.627, 4.097, 3.548, 2.289, 2.294, 2.973, 1.549, 3.62, 4.515, 4.466, 3.094, 2.994, 3.037, 2.71, 2.926, 4.158, 4.269, 4.706, 6.323, 5.713, 3.008, 2.718, 2.321, 3.144, 2.371, 3.223, 4.761, 2.175, 2.275, 1.72, 2.446, 2.468, 3.932, 3.214, 2.8, 3.108, 2.341, 1.708, 3.69, 5.985, 6.756, 4.829, 5.697, 5.32, 5.302, 5.696, 6.015], [2.006, 1.671, 1.482, 3.069, 2.957, 3.01, 3.347, 3.493, 3.527, 3.21, 4.018, 3.727, 2.316, 2.729, 3.779, 4.127, 4.362, 6.219, 4.352, 4.054, 2.179, 2.037, 1.822, 1.935, 2.374, 3.005, 4.3, 6.088, 8.749, 9.262, 8.717, 5.93, 4.248, 4.941, 4.628, 3.797, 4.329, 6.027, 7.746, 8.579, 8.247, 7.615, 5.388, 5.567, 4.815, 4.49, 2.894, 1.129, 1.194, 1.386, 0.0, 2.176, 2.943, 4.224, 3.743, 2.363, 2.419, 3.7, 2.151, 3.879, 3.912, 3.96, 3.234, 3.037, 3.095, 3.029, 3.891, 4.762, 5.045, 5.498, 7.098, 6.478, 3.681, 3.491, 3.235, 4.17, 3.29, 4.133, 5.574, 2.825, 1.913, 1.762, 2.695, 2.249, 3.647, 2.908, 2.516, 2.973, 2.422, 1.777, 3.14, 5.347, 6.077, 4.129, 4.926, 4.461, 4.412, 4.776, 5.208], [2.136, 2.055, 2.427, 4.219, 3.953, 3.148, 2.517, 2.87, 2.968, 2.115, 2.205, 1.778, 1.725, 3.684, 5.293, 5.679, 6.035, 8.051, 5.998, 4.884, 3.369, 2.302, 1.806, 2.205, 1.408, 2.421, 3.003, 4.241, 6.704, 7.193, 6.678, 3.854, 2.972, 2.9, 2.725, 2.157, 2.636, 4.012, 5.715, 6.495, 6.175, 5.546, 3.361, 3.705, 3.249, 2.895, 1.547, 1.83, 1.935, 2.906, 2.176, 0.0, 1.544, 4.259, 4.804, 2.379, 3.413, 5.564, 3.435, 3.346, 3.551, 3.584, 2.945, 2.686, 2.77, 2.884, 5.629, 6.886, 6.929, 7.306, 8.981, 8.339, 5.574, 5.199, 4.871, 5.671, 4.702, 5.839, 7.257, 4.522, 2.138, 2.808, 4.184, 2.343, 2.618, 2.266, 2.338, 2.987, 3.368, 2.139, 1.867, 3.28, 3.975, 2.076, 2.882, 2.516, 2.683, 3.029, 3.223], [2.307, 2.656, 3.52, 5.363, 5.056, 4.282, 3.443, 3.808, 3.92, 3.118, 2.881, 2.286, 2.928, 4.796, 6.387, 6.746, 7.047, 9.015, 6.689, 4.517, 3.477, 2.807, 2.4, 2.795, 2.012, 2.933, 2.93, 3.464, 5.924, 6.425, 5.92, 3.821, 3.517, 2.799, 3.118, 2.987, 2.81, 4.208, 5.794, 6.163, 5.692, 5.052, 3.353, 3.476, 2.782, 2.212, 1.192, 2.658, 2.211, 3.627, 2.943, 1.544, 0.0, 3.266, 4.565, 2.216, 4.15, 6.506, 3.94, 2.44, 2.27, 2.561, 2.338, 2.359, 2.407, 2.547, 5.95, 7.603, 7.87, 8.271, 9.922, 9.293, 6.438, 6.156, 5.627, 6.632, 5.702, 6.781, 8.237, 5.509, 2.067, 3.746, 5.237, 3.177, 2.45, 2.497, 3.095, 3.727, 4.201, 2.981, 1.828, 3.006, 3.58, 2.479, 3.021, 2.992, 3.319, 3.757, 3.684], [3.369, 3.928, 5.126, 6.948, 7.018, 6.775, 6.509, 6.926, 6.914, 6.151, 5.987, 5.384, 5.4, 6.083, 5.861, 5.359, 6.016, 7.371, 5.197, 2.826, 2.585, 4.306, 4.492, 5.017, 4.895, 5.2, 5.444, 6.45, 8.546, 8.783, 8.449, 7.012, 6.533, 5.981, 6.179, 6.128, 5.614, 7.264, 8.817, 9.134, 8.633, 7.967, 6.395, 6.483, 5.622, 4.808, 3.605, 4.002, 4.091, 4.097, 4.224, 4.259, 3.266, 0.0, 2.384, 2.257, 3.449, 5.072, 2.879, 2.126, 2.806, 3.079, 2.079, 2.059, 2.036, 1.773, 4.162, 5.661, 6.157, 6.604, 8.189, 7.545, 4.979, 5.39, 4.24, 5.09, 4.475, 5.347, 6.671, 4.341, 3.433, 4.003, 4.824, 3.725, 3.9, 3.906, 3.54, 3.296, 3.377, 3.404, 4.218, 6.084, 6.478, 5.62, 6.093, 6.077, 6.371, 6.869, 6.792], [3.192, 3.586, 4.729, 6.479, 6.544, 6.513, 6.73, 7.025, 7.017, 6.391, 6.581, 6.306, 5.395, 5.723, 5.384, 4.494, 5.318, 5.689, 4.027, 2.051, 2.181, 4.23, 4.587, 5.008, 5.055, 5.597, 6.573, 7.844, 10.328, 10.732, 10.209, 7.878, 6.575, 6.937, 7.006, 6.832, 6.916, 8.589, 10.232, 10.696, 10.189, 9.472, 7.647, 7.827, 6.934, 6.281, 4.306, 3.668, 3.678, 3.548, 3.743, 4.804, 4.565, 2.384, 0.0, 2.902, 3.006, 4.269, 2.194, 3.871, 4.916, 4.872, 3.539, 3.265, 3.173, 2.418, 2.464, 3.448, 4.128, 4.665, 5.932, 5.439, 4.037, 4.589, 3.244, 3.495, 3.542, 4.281, 4.924, 3.568, 3.657, 3.597, 4.353, 4.002, 5.084, 4.89, 4.238, 3.806, 2.98, 3.341, 5.026, 7.388, 8.124, 6.55, 7.384, 7.24, 7.355, 7.731, 7.85], [2.104, 2.439, 3.291, 4.963, 4.987, 4.622, 4.502, 4.914, 4.87, 4.134, 4.003, 3.516, 3.28, 4.099, 4.485, 4.865, 5.277, 6.974, 4.626, 2.822, 1.657, 2.528, 2.481, 3.043, 2.911, 3.395, 3.779, 5.278, 7.821, 8.301, 7.86, 5.254, 4.625, 4.313, 4.314, 4.267, 4.057, 5.729, 7.378, 7.919, 7.485, 6.752, 4.833, 5.027, 4.187, 3.517, 2.244, 2.067, 2.363, 2.289, 2.363, 2.379, 2.216, 2.257, 2.902, 0.0, 2.401, 4.455, 2.315, 1.945, 2.803, 2.554, 1.434, 1.401, 1.15, 1.04, 3.873, 5.689, 5.823, 6.21, 7.801, 7.219, 4.567, 4.53, 3.685, 4.673, 3.786, 4.891, 6.31, 3.568, 1.654, 2.142, 3.547, 1.76, 2.532, 2.18, 1.854, 1.891, 2.253, 1.46, 2.438, 4.652, 5.41, 3.812, 4.525, 4.404, 4.57, 5.073, 5.038], [3.077, 3.047, 3.016, 3.831, 3.833, 3.882, 4.069, 4.335, 4.502, 3.846, 4.148, 4.103, 2.843, 3.004, 3.224, 3.208, 3.41, 5.085, 3.279, 2.856, 1.752, 3.14, 3.22, 3.68, 3.244, 3.523, 5.097, 7.149, 9.644, 10.051, 9.811, 6.499, 5.586, 5.896, 5.554, 4.567, 4.474, 6.1, 7.853, 8.68, 9.167, 8.532, 6.294, 6.478, 5.737, 5.043, 3.896, 2.274, 2.818, 2.294, 2.419, 3.413, 4.15, 3.449, 3.006, 2.401, 0.0, 2.917, 1.703, 3.516, 4.844, 4.621, 2.644, 2.807, 2.612, 2.199, 3.417, 4.788, 4.354, 4.554, 6.12, 5.574, 3.292, 3.047, 2.555, 2.986, 2.432, 3.269, 4.49, 2.053, 2.629, 1.677, 2.255, 1.829, 2.981, 2.75, 2.275, 1.956, 1.033, 1.747, 3.9, 6.357, 6.781, 4.748, 5.084, 5.047, 5.278, 5.549, 5.809], [5.16, 4.838, 3.39, 2.768, 3.054, 4.404, 5.512, 5.341, 5.168, 5.799, 6.764, 6.684, 5.046, 3.074, 2.083, 1.172, 1.534, 2.714, 3.124, 3.911, 3.202, 4.344, 4.678, 4.425, 5.509, 5.393, 7.314, 9.503, 12.097, 12.557, 12.176, 9.089, 7.726, 8.338, 7.907, 6.706, 6.92, 8.69, 10.501, 11.397, 11.577, 10.985, 8.681, 8.827, 8.174, 7.55, 6.285, 4.087, 4.542, 2.973, 3.7, 5.564, 6.506, 5.072, 4.269, 4.455, 2.917, 0.0, 2.87, 5.659, 7.08, 6.639, 4.924, 4.764, 4.714, 4.22, 3.301, 3.778, 2.739, 2.925, 4.556, 3.654, 1.588, 1.519, 2.362, 2.804, 2.513, 1.734, 2.06, 1.669, 4.867, 3.442, 1.949, 3.939, 5.447, 4.763, 3.841, 3.69, 2.946, 3.779, 6.199, 8.751, 9.197, 7.187, 7.714, 7.343, 7.245, 7.351, 8.238], [2.49, 2.513, 2.796, 4.433, 4.634, 4.759, 5.073, 5.309, 5.328, 4.873, 5.348, 5.074, 3.783, 3.845, 3.706, 3.095, 3.446, 5.