[[0.0, 1.423, 1.477, 1.7, 1.689, 1.786, 3.129, 5.158, 6.966, 8.399, 8.416, 8.404, 9.261, 8.381, 8.282, 10.152, 10.652, 8.764, 5.961, 5.424, 6.205, 8.129, 8.155, 7.534, 8.187, 8.14, 8.373, 8.79, 8.418, 8.135, 8.639, 9.224, 9.568, 9.989, 10.099, 9.887, 11.271, 10.539, 10.897, 12.396, 13.814, 12.718, 12.132, 14.906, 17.152, 17.561, 18.348, 18.825, 19.606, 20.224, 19.746, 18.578, 17.974, 16.614, 14.842, 12.685, 11.493, 9.487, 9.281, 9.526, 8.102, 7.944, 8.723, 8.047, 6.758, 6.539, 6.371, 6.12, 6.443, 6.086, 4.944, 4.265, 3.629, 2.585, 1.826, 2.621, 3.998, 5.731, 6.288, 4.277, 4.571, 5.707, 10.866, 9.977, 8.656, 9.234, 8.433, 6.191, 5.801, 7.219, 6.708, 6.022, 6.674, 5.725, 3.785, 3.407, 4.476, 5.474, 5.528, 5.719, 7.291, 8.442, 8.485, 7.789, 7.189, 5.873, 5.149, 5.776, 6.809, 4.394, 2.555, 2.129, 2.229, 3.814, 5.337, 6.285, 6.131, 6.776, 8.174, 8.799, 6.515, 5.703, 5.817, 5.542, 5.642, 6.235, 7.268, 6.949, 6.849, 7.447, 7.741, 8.197, 8.309, 9.226, 10.385, 11.919, 12.733, 13.646, 13.362, 13.118, 13.338, 14.796, 17.648, 18.243, 17.219, 18.854], [1.423, 0.0, 1.129, 1.563, 1.859, 2.326, 3.762, 5.666, 7.615, 8.959, 9.015, 8.964, 9.839, 8.942, 8.684, 10.519, 10.998, 9.067, 6.554, 6.092, 6.595, 8.143, 8.238, 7.991, 8.675, 8.666, 8.953, 9.391, 8.947, 8.593, 9.172, 9.656, 10.089, 10.555, 10.601, 10.452, 11.87, 11.11, 11.424, 12.989, 14.391, 13.349, 12.756, 15.472, 17.783, 18.155, 19.007, 19.378, 20.134, 20.822, 20.276, 19.139, 18.564, 17.18, 15.399, 13.214, 12.024, 10.06, 9.808, 10.111, 8.665, 8.482, 9.225, 8.481, 7.007, 6.867, 6.905, 6.718, 7.054, 6.687, 5.307, 4.608, 3.853, 2.859, 2.261, 3.128, 4.173, 5.977, 6.517, 4.632, 4.999, 6.423, 11.447, 10.522, 9.254, 9.781, 8.939, 6.677, 6.348, 7.776, 7.234, 6.333, 7.029, 6.261, 4.342, 3.586, 4.704, 5.557, 5.603, 6.191, 7.779, 8.754, 8.884, 8.049, 7.587, 5.825, 5.201, 6.073, 7.391, 4.957, 3.049, 2.702, 2.881, 4.085, 5.611, 6.535, 6.461, 6.873, 8.347, 9.11, 6.893, 6.031, 6.227, 5.928, 5.945, 6.507, 7.549, 7.138, 6.994, 7.867, 7.946, 8.231, 8.469, 9.365, 10.597, 12.523, 13.28, 14.147, 13.878, 13.66, 13.867, 15.311, 18.231, 18.794, 17.745, 19.447], [1.477, 1.129, 0.0, 1.292, 1.803, 2.477, 3.641, 5.585, 7.569, 8.807, 8.879, 8.795, 9.703, 8.833, 8.581, 10.438, 10.894, 9.02, 6.505, 6.047, 6.526, 7.932, 8.038, 7.892, 8.574, 8.584, 8.886, 9.345, 8.843, 8.492, 9.086, 9.495, 10.029, 10.463, 10.561, 10.361, 11.791, 11.03, 11.301, 12.91, 14.262, 13.213, 12.66, 15.334, 17.674, 18.082, 18.948, 19.298, 20.047, 20.714, 20.21, 19.074, 18.485, 17.075, 15.291, 13.104, 11.972, 9.969, 9.719, 10.005, 8.593, 8.406, 9.108, 8.356, 6.944, 6.769, 6.814, 6.65, 6.969, 6.6, 5.246, 4.563, 3.665, 2.852, 2.35, 3.004, 4.08, 5.896, 6.419, 4.435, 4.447, 6.316, 11.319, 10.426, 9.144, 9.675, 8.87, 6.601, 6.276, 7.724, 7.146, 6.272, 6.995, 6.178, 4.302, 3.513, 4.677, 5.353, 5.358, 6.123, 7.707, 8.681, 8.79, 7.977, 7.538, 5.661, 4.995, 6.045, 7.31, 4.794, 2.654, 2.322, 2.593, 3.742, 5.31, 6.222, 6.215, 6.616, 8.077, 8.868, 6.666, 5.772, 5.966, 5.672, 5.644, 6.323, 7.471, 6.956, 6.903, 7.83, 7.763, 7.985, 8.323, 9.257, 10.506, 12.457, 13.223, 14.094, 13.794, 13.579, 13.786, 15.232, 18.152, 18.694, 17.638, 19.368], [1.7, 1.563, 1.292, 0.0, 1.332, 2.099, 3.632, 5.553, 7.519, 8.866, 8.866, 8.891, 9.711, 8.833, 8.509, 10.346, 10.816, 8.915, 6.298, 5.802, 6.368, 7.882, 8.013, 7.869, 8.617, 8.568, 8.758, 9.316, 8.889, 8.536, 9.111, 9.601, 10.029, 10.411, 10.433, 10.294, 11.815, 11.052, 11.292, 12.935, 14.147, 13.132, 12.618, 15.343, 17.58, 18.031, 18.809, 19.277, 20.044, 20.651, 20.25, 19.081, 18.499, 16.989, 15.306, 13.184, 11.937, 9.949, 9.808, 9.902, 8.575, 8.278, 9.074, 8.393, 6.825, 6.732, 6.829, 6.632, 7.134, 6.767, 5.227, 4.607, 3.73, 3.129, 2.318, 3.201, 3.898, 5.769, 6.158, 3.861, 3.734, 5.942, 11.317, 10.408, 9.098, 9.754, 8.771, 6.496, 6.2, 7.604, 7.043, 6.146, 6.889, 6.123, 4.441, 3.648, 4.559, 5.24, 5.266, 6.022, 7.613, 8.582, 8.688, 7.878, 7.436, 5.532, 4.811, 5.867, 7.303, 4.859, 2.648, 2.233, 2.332, 3.219, 4.957, 5.843, 5.837, 6.434, 7.872, 8.507, 6.334, 5.363, 5.523, 5.251, 5.21, 6.074, 7.308, 6.903, 6.679, 7.62, 7.612, 7.841, 8.176, 9.14, 10.39, 12.319, 13.021, 13.989, 13.716, 13.564, 13.808, 15.177, 18.175, 18.715, 17.648, 19.383], [1.689, 1.859, 1.803, 1.332, 0.0, 1.426, 2.855, 4.746, 6.71, 7.99, 7.978, 8.015, 8.836, 7.997, 7.777, 9.633, 10.133, 8.21, 5.613, 5.057, 5.635, 7.012, 7.267, 7.145, 7.804, 7.725, 7.906, 8.499, 8.053, 7.698, 8.317, 8.736, 9.217, 9.703, 9.73, 9.603, 11.03, 10.28, 10.526, 12.149, 13.34, 12.262, 11.741, 14.437, 16.724, 17.24, 18.069, 18.519, 19.209, 19.774, 19.426, 18.274, 17.729, 16.079, 14.441, 12.343, 11.128, 9.106, 8.95, 9.15, 7.801, 7.543, 8.301, 7.519, 6.258, 6.022, 6.035, 6.068, 6.54, 6.205, 4.612, 3.898, 3.076, 2.521, 1.791, 2.523, 3.157, 4.978, 5.359, 3.415, 3.911, 5.16, 10.383, 9.527, 8.192, 8.916, 8.068, 5.796, 5.44, 6.914, 6.348, 5.393, 6.154, 5.449, 3.929, 3.141, 3.895, 4.57, 4.619, 5.33, 6.908, 7.845, 7.986, 7.148, 6.717, 4.773, 4.035, 5.067, 6.528, 3.982, 2.356, 1.973, 2.144, 3.026, 4.369, 5.341, 5.125, 5.735, 7.193, 7.776, 5.483, 4.772, 4.841, 4.53, 4.704, 5.357, 6.532, 6.245, 5.949, 6.874, 6.902, 7.157, 7.422, 8.341, 9.613, 11.628, 12.288, 13.22, 13.016, 12.827, 12.984, 14.459, 17.398, 17.887, 16.892, 18.607], [1.786, 2.326, 2.477, 2.099, 1.426, 0.0, 1.897, 3.933, 5.781, 7.14, 7.219, 7.12, 8.063, 7.135, 6.936, 8.95, 9.463, 7.559, 4.918, 4.455, 5.2, 6.926, 6.908, 6.3, 6.924, 6.941, 7.198, 7.644, 7.174, 6.878, 7.368, 8.021, 8.351, 8.731, 8.838, 8.621, 10.008, 9.279, 9.609, 11.143, 12.642, 11.55, 10.92, 13.635, 15.987, 16.332, 17.197, 17.577, 18.37, 19.064, 18.518, 17.357, 16.705, 15.459, 13.645, 11.418, 10.271, 8.243, 8.053, 8.323, 6.855, 6.743, 7.499, 6.859, 5.617, 5.296, 5.162, 4.992, 5.422, 5.087, 3.794, 3.198, 2.733, 1.968, 1.407, 1.746, 2.9, 4.532, 5.165, 3.749, 4.514, 4.988, 9.694, 8.771, 7.503, 7.956, 7.127, 5.084, 4.607, 6.016, 5.422, 4.773, 5.372, 4.453, 2.962, 2.639, 3.336, 4.248, 4.306, 4.404, 5.987, 7.158, 7.213, 6.553, 5.906, 4.676, 3.862, 4.517, 5.511, 3.194, 2.297, 2.301, 2.27, 3.492, 4.594, 5.59, 5.288, 5.698, 7.137, 7.833, 5.53, 5.077, 5.179, 4.663, 4.863, 5.193, 6.021, 5.76, 5.694, 6.325, 6.564, 6.957, 7.067, 7.992, 9.151, 10.745, 11.573, 12.486, 12.064, 11.861, 12.093, 13.497, 16.375, 16.997, 15.914, 17.6], [3.129, 3.762, 3.641, 3.632, 2.855, 1.897, 0.0, 2.506, 4.099, 5.393, 5.546, 5.378, 6.548, 5.545, 5.618, 7.623, 8.113, 6.355, 3.965, 3.772, 4.325, 5.853, 5.805, 5.009, 5.576, 5.53, 5.555, 6.052, 5.578, 5.397, 5.794, 6.623, 6.756, 7.221, 7.446, 7.051, 8.318, 7.681, 8.083, 9.635, 11.007, 9.808, 9.296, 11.883, 14.224, 14.683, 15.703, 15.969, 16.748, 17.312, 16.753, 15.623, 15.015, 13.921, 11.901, 9.683, 8.533, 6.655, 6.371, 6.77, 5.388, 5.514, 6.053, 5.663, 4.633, 4.326, 3.962, 4.06, 4.497, 3.911, 3.17, 2.667, 2.402, 1.936, 2.079, 1.687, 2.069, 3.374, 4.042, 3.618, 4.465, 4.613, 7.969, 7.056, 5.776, 6.207, 5.699, 3.971, 3.241, 4.547, 4.081, 3.513, 4.033, 3.228, 2.198, 2.123, 2.632, 3.476, 3.403, 3.194, 4.602, 5.853, 5.845, 5.28, 4.65, 3.795, 3.07, 3.541, 3.93, 1.9, 2.01, 2.553, 2.616, 3.587, 4.444, 5.422, 5.134, 4.915, 6.305, 7.127, 5.201, 4.934, 5.058, 4.41, 4.714, 4.362, 4.886, 4.772, 4.733, 5.207, 5.499, 5.944, 6.019, 6.831, 7.902, 9.35, 10.191, 11.108, 10.624, 10.306, 10.59, 12.062, 14.66, 15.364, 14.394, 15.921], [5.158, 5.666, 5.585, 5.553, 4.746, 3.933, 2.506, 0.0, 2.14, 3.316, 3.44, 3.36, 4.421, 3.411, 3.553, 5.425, 5.882, 4.185, 2.377, 2.286, 2.786, 3.848, 3.6, 2.893, 3.394, 3.314, 3.439, 3.966, 3.467, 3.312, 3.722, 4.357, 4.624, 5.119, 5.339, 4.989, 6.323, 5.596, 5.919, 7.572, 8.831, 7.726, 7.234, 9.834, 12.161, 12.557, 13.567, 13.838, 14.598, 15.242, 14.736, 13.594, 13.008, 11.773, 9.833, 7.664, 6.448, 4.821, 4.858, 4.734, 4.273, 4.771, 4.907, 4.581, 3.878, 3.523, 3.086, 3.519, 3.965, 3.395, 3.139, 2.83, 2.731, 3.119, 3.831, 2.797, 2.388, 1.873, 2.136, 3.492, 5.027, 3.18, 5.884, 4.953, 3.795, 4.234, 3.653, 2.032, 1.704, 3.059, 2.959, 2.387, 2.598, 2.1, 2.459, 2.706, 1.894, 2.295, 2.252, 1.708, 2.603, 3.81, 3.821, 3.324, 2.662, 2.395, 2.175, 2.167, 2.464, 2.087, 3.026, 3.894, 4.176, 4.517, 3.77, 4.203, 3.799, 3.35, 4.728, 5.53, 3.675, 3.623, 3.752, 3.158, 3.403, 2.976, 3.008, 3.127, 2.79, 3.356, 3.43, 4.077, 4.172, 4.665, 5.717, 7.135, 8.025, 8.889, 8.564, 8.21, 8.491, 10.009, 12.675, 13.256, 12.331, 13.891], [6.966, 7.615, 7.569, 7.519, 6.71, 5.781, 4.099, 2.14, 0.0, 1.585, 1.982, 1.81, 2.959, 2.83, 3.104, 4.105, 4.677, 3.06, 2.086, 2.545, 2.301, 3.172, 3.238, 2.507, 2.621, 2.446, 2.603, 2.729, 2.158, 2.267, 2.51, 3.224, 3.124, 3.506, 3.567, 3.127, 4.532, 3.944, 4.415, 5.764, 6.988, 5.891, 5.624, 7.956, 10.237, 10.681, 11.721, 12.016, 12.773, 13.35, 12.82, 11.665, 11.133, 10.005, 7.964, 5.8, 4.611, 3.732, 4.002, 3.907, 4.024, 4.764, 4.915, 4.883, 4.299, 3.745, 3.203, 3.548, 3.595, 3.271, 4.232, 3.917, 4.344, 4.938, 5.726, 4.628, 4.248, 3.144, 2.716, 5.397, 6.843, 3.278, 4.005, 3.091, 2.159, 2.331, 2.252, 2.432, 2.161, 3.0, 3.098, 2.787, 2.783, 2.554, 3.994, 4.589, 3.394, 3.189, 2.969, 2.331, 2.091, 3.134, 3.217, 3.002, 2.272, 3.146, 3.504, 2.767, 1.978, 3.367, 5.042, 5.877, 6.123, 6.444, 5.556, 5.32, 4.539, 2.906, 3.787, 4.716, 3.146, 3.855, 4.17, 3.99, 4.351, 2.984, 2.545, 2.818, 2.762, 2.694, 2.415, 3.131, 3.325, 3.588, 4.504, 5.747, 6.618, 7.563, 6.817, 6.594, 6.912, 8.4, 10.77, 11.45, 10.742, 11.982], [8.399, 8.959, 8.807, 8.866, 7.99, 7.14, 5.393, 3.316, 1.585, 0.0, 1.313, 1.185, 2.17, 2.23, 2.74, 3.23, 3.686, 2.989, 2.999, 3.647, 3.059, 3.065, 2.92, 2.262, 2.225, 1.927, 2.093, 2.009, 1.405, 1.579, 1.842, 2.395, 2.073, 2.57, 2.718, 2.306, 3.368, 3.116, 3.311, 4.856, 5.863, 4.653, 4.76, 6.613, 8.984, 9.631, 10.783, 10.966, 11.637, 12.047, 11.569, 10.54, 10.085, 8.89, 6.733, 4.583, 3.499, 2.976, 3.148, 3.144, 3.424, 4.165, 4.203, 4.22, 4.215, 3.905, 3.084, 3.412, 3.26, 3.184, 4.501, 4.481, 5.343, 6.248, 7.018, 5.876, 5.599, 4.293, 3.667, 6.659, 8.141, 4.345, 3.103, 2.048, 1.819, 1.331, 1.866, 2.937, 2.852, 2.905, 3.046, 3.516, 2.853, 3.293, 5.146, 5.943, 4.719, 4.257, 4.255, 3.232, 2.167, 2.782, 2.638, 2.488, 2.193, 3.928, 4.64, 3.506, 2.164, 4.267, 6.258, 7.189, 7.464, 7.796, 6.887, 6.568, 5.81, 3.725, 3.92, 4.99, 3.958, 5.115, 5.445, 5.308, 5.659, 4.264, 2.815, 3.07, 3.125, 2.97, 2.539, 3.117, 3.392, 3.344, 3.801, 5.033, 5.626, 6.544, 5.808, 5.549, 5.823, 7.338, 9.667, 10.302, 9.632, 10.889], [8.416, 9.015, 8.879, 8.866, 7.978, 7.219, 5.546, 3.44, 1.982, 1.313, 0.0, 1.31, 2.682, 2.81, 3.183, 2.99, 3.214, 2.303, 2.988, 3.708, 3.05, 2.952, 3.114, 2.452, 2.48, 2.254, 2.542, 2.632, 1.814, 1.981, 2.016, 2.028, 1.665, 2.415, 2.507, 2.182, 3.343, 2.859, 2.96, 4.614, 5.762, 4.671, 4.574, 6.62, 9.008, 9.562, 10.562, 10.896, 11.555, 12.034, 11.665, 10.54, 10.039, 8.626, 6.649, 4.617, 4.017, 3.783, 3.832, 3.705, 4.127, 4.598, 4.695, 4.572, 4.531, 4.28, 3.382, 3.895, 3.889, 3.78, 4.916, 4.693, 5.45, 6.244, 7.037, 5.931, 5.593, 4.22, 3.605, 6.631, 8.021, 3.949, 2.719, 1.965, 1.729, 1.533, 2.013, 2.921, 2.949, 3.576, 3.288, 3.729, 3.179, 3.508, 5.232, 6.022, 4.806, 4.344, 4.327, 3.41, 2.623, 3.354, 2.972, 2.843, 2.574, 4.185, 4.805, 3.803, 2.829, 4.769, 6.337, 7.229, 7.467, 7.784, 6.952, 6.599, 5.739, 3.494, 3.177, 3.964, 3.483, 5.028, 5.363, 5.275, 5.716, 4.321, 3.004, 3.165, 3.164, 2.811, 2.523, 3.171, 3.302, 3.19, 3.344, 4.543, 5.077, 5.984, 5.607, 5.245, 5.446, 7.05, 9.704, 10.18, 9.343, 10.93], [8.404, 8.964, 8.795, 8.891, 8.015, 7.12, 5.378, 3.36, 1.81, 1.185, 1.31, 0.0, 2.529, 2.713, 3.058, 3.11, 3.573, 2.314, 2.912, 3.64, 2.893, 2.566, 2.787, 2.228, 2.241, 2.139, 2.476, 2.529, 1.709, 1.868, 1.893, 2.123, 2.108, 2.816, 2.97, 2.654, 3.425, 2.844, 3.329, 4.865, 6.014, 4.843, 4.595, 6.75, 9.023, 9.795, 10.883, 11.089, 11.797, 12.158, 11.656, 10.649, 10.16, 9.025, 6.829, 4.671, 3.843, 3.528, 3.546, 3.634, 3.968, 4.517, 4.55, 4.48, 4.298, 3.928, 3.099, 3.641, 3.675, 3.475, 4.928, 4.873, 5.625, 6.324, 7.064, 5.881, 5.569, 4.172, 3.808, 6.621, 8.017, 4.176, 2.86, 2.294, 2.156, 1.605, 2.41, 3.021, 3.121, 3.625, 3.39, 3.705, 3.363, 3.782, 5.338, 5.937, 4.764, 4.315, 4.225, 3.576, 2.944, 3.25, 2.807, 2.636, 2.45, 3.964, 4.795, 3.496, 2.582, 4.362, 6.257, 7.213, 7.458, 7.771, 6.836, 6.486, 5.697, 3.452, 3.311, 4.505, 3.642, 4.961, 5.308, 5.205, 5.596, 4.193, 2.53, 2.618, 2.735, 2.43, 2.249, 2.857, 2.925, 2.983, 3.594, 4.848, 5.579, 6.485, 5.867, 5.608, 5.801, 7.354, 9.755, 10.419, 9.66, 10.992], [9.261, 9.839, 9.703, 9.711, 8.836, 8.063, 6.548, 4.421, 2.959, 2.17, 2.682, 2.529, 0.0, 1.309, 2.033, 2.776, 3.076, 3.488, 4.09, 4.557, 3.934, 3.094, 2.648, 2.567, 1.876, 1.954, 1.981, 1.41, 1.588, 1.873, 1.887, 2.307, 2.528, 2.547, 2.591, 2.915, 3.037, 3.831, 3.157, 4.23, 5.346, 4.07, 4.529, 5.789, 8.024, 8.592, 9.463, 9.863, 10.514, 11.121, 10.693, 9.577, 9.015, 7.626, 5.736, 4.029, 2.645, 1.945, 2.373, 2.006, 2.244, 2.836, 2.931, 3.119, 3.648, 3.567, 3.278, 3.662, 3.279, 3.609, 4.789, 5.318, 6.157, 7.099, 8.061, 6.755, 6.396, 5.069, 4.414, 7.438, 8.874, 5.199, 3.793, 3.166, 3.28, 2.601, 2.403, 3.764, 3.676, 2.627, 3.256, 4.303, 3.552, 4.067, 6.053, 6.846, 5.623, 5.113, 5.129, 4.068, 2.556, 2.246, 2.163, 2.65, 2.773, 4.439, 5.504, 4.195, 2.932, 5.701, 7.175, 8.062, 8.293, 8.606, 7.76, 7.41, 6.58, 4.947, 5.039, 6.169, 5.137, 5.878, 6.202, 6.085, 6.491, 5.171, 3.294, 3.393, 3.371, 3.077, 3.029, 3.433, 3.438, 3.266, 3.446, 4.588, 4.853, 5.559, 4.674, 4.395, 4.894, 6.199, 8.698, 9.224, 8.397, 9.895], [8.381, 8.942, 8.833, 8.833, 7.997, 7.135, 5.545, 3.411, 2.83, 2.23, 2.81, 2.713, 1.309, 0.0, 1.384, 2.964, 3.29, 3.738, 3.95, 4.106, 3.807, 3.285, 2.559, 2.362, 1.828, 1.785, 1.371, 1.275, 1.561, 1.841, 1.909, 2.536, 2.823, 2.696, 3.343, 3.262, 3.345, 4.017, 3.416, 4.62, 5.73, 4.609, 4.78, 6.637, 8.882, 9.351, 10.321, 10.634, 11.363, 11.982, 11.517, 10.357, 9.797, 8.506, 6.558, 4.467, 3.348, 2.226, 2.414, 2.012, 1.747, 2.441, 2.547, 2.686, 3.041, 2.982, 2.811, 2.949, 2.88, 2.854, 3.871, 4.414, 5.288, 6.236, 7.077, 5.927, 5.545, 4.184, 3.63, 6.605, 8.036, 5.054, 4.291, 3.586, 3.546, 2.895, 2.499, 3.173, 2.86, 1.928, 2.602, 3.504, 2.734, 3.192, 5.131, 5.924, 4.7, 4.223, 4.3, 3.183, 2.016, 1.913, 1.959, 2.339, 2.399, 3.557, 4.579, 3.405, 2.35, 4.85, 6.241, 7.156, 7.421, 7.727, 6.851, 6.791, 6.058, 4.8, 5.268, 6.366, 5.196, 5.502, 5.663, 5.427, 5.736, 4.851, 3.15, 3.154, 3.077, 3.142, 3.155, 3.635, 3.639, 3.579, 3.732, 4.77, 5.144, 5.975, 5.318, 5.012, 5.321, 6.761, 9.467, 9.98, 9.065, 10.688], [8.282, 8.684, 8.581, 8.509, 7.777, 6.936, 5.618, 3.553, 3.104, 2.74, 3.183, 3.058, 2.033, 1.384, 0.0, 2.289, 3.031, 3.443, 3.681, 3.531, 3.359, 2.97, 2.093, 1.967, 1.668, 1.713, 1.222, 1.454, 1.804, 1.86, 1.979, 2.455, 3.316, 3.054, 3.647, 3.586, 3.848, 4.348, 3.687, 4.55, 5.943, 5.027, 4.831, 7.097, 9.38, 9.725, 10.552, 10.932, 11.706, 12.41, 11.894, 10.725, 10.079, 8.751, 6.986, 4.774, 3.743, 2.466, 2.689, 2.088, 2.019, 2.243, 2.385, 2.396, 2.576, 2.64, 2.734, 2.869, 3.025, 3.21, 3.502, 4.243, 5.133, 6.084, 7.083, 5.898, 5.095, 3.723, 3.167, 6.126, 7.561, 4.861, 4.76, 4.217, 4.128, 3.331, 2.576, 3.011, 2.951, 2.156, 2.259, 2.967, 2.405, 2.973, 4.791, 5.512, 4.246, 3.801, 3.773, 2.777, 1.88, 1.525, 1.315, 1.763, 1.797, 3.204, 4.145, 2.939, 2.407, 5.139, 6.166, 6.994, 7.18, 7.286, 6.358, 6.329, 5.503, 4.276, 4.783, 5.99, 4.942, 5.28, 5.529, 5.142, 5.304, 4.275, 2.697, 2.836, 2.616, 2.845, 2.9, 3.188, 3.146, 3.038, 3.104, 4.296, 4.826, 5.841, 5.262, 5.177, 5.466, 6.741, 9.763, 10.337, 9.219, 10.979], [10.152, 10.519, 10.438, 10.346, 9.633, 8.95, 7.623, 5.425, 4.105, 3.23, 2.99, 3.11, 2.776, 2.964, 2.289, 0.0, 1.463, 2.374, 4.517, 5.158, 4.442, 2.945, 2.632, 2.933, 2.452, 2.634, 2.579, 2.395, 2.444, 2.814, 2.375, 1.835, 2.396, 2.82, 3.112, 3.169, 2.648, 3.01, 2.599, 2.936, 4.164, 3.383, 3.113, 5.391, 7.609, 7.911, 8.65, 9.039, 9.86, 10.568, 10.011, 8.852, 8.202, 6.907, 5.14, 2.953, 2.442, 2.92, 2.813, 2.685, 3.388, 3.262, 3.043, 2.943, 3.8, 4.014, 4.151, 4.62, 4.624, 5.048, 5.388, 6.137, 6.98, 7.947, 9.045, 7.879, 6.869, 5.372, 4.8, 7.926, 9.215, 5.62, 3.655, 3.521, 4.033, 2.994, 3.22, 4.357, 4.811, 4.047, 3.974, 4.742, 4.263, 5.028, 6.771, 7.337, 6.152, 5.569, 5.59, 4.788, 3.662, 2.68, 2.134, 2.887, 3.304, 5.081, 6.082, 4.826, 4.288, 7.198, 8.066, 8.83, 9.078, 9.095, 8.186, 7.812, 6.89, 4.731, 4.197, 5.214, 4.978, 6.403, 6.706, 6.613, 6.987, 5.601, 3.562, 3.873, 3.91, 3.085, 2.837, 3.155, 2.574, 2.038, 1.748, 2.479, 2.907, 3.809, 3.415, 3.279, 3.588, 4.889, 7.88, 8.502, 7.397, 9.098], [10.652, 10.998, 10.894, 10.816, 10.133, 9.463, 8.113, 5.882, 4.677, 3.686, 3.214, 3.573, 3.076, 3.29, 3.031, 1.463, 0.0, 2.112, 4.94, 5.602, 4.913, 3.395, 3.092, 3.418, 2.903, 3.151, 3.263, 2.856, 2.941, 3.245, 2.711, 1.964, 2.226, 2.383, 3.025, 2.823, 1.846, 2.141, 1.792, 2.346, 3.784, 3.026, 2.723, 4.989, 7.182, 7.443, 8.276, 8.619, 9.44, 10.144, 9.585, 8.433, 7.74, 6.495, 4.721, 2.57, 2.906, 3.664, 3.447, 3.441, 3.935, 4.058, 3.934, 3.68, 4.139, 4.491, 4.562, 5.131, 5.144, 5.579, 5.932, 6.589, 7.421, 8.383, 9.489, 8.391, 7.385, 5.879, 5.305, 8.385, 9.717, 5.741, 3.003, 3.45, 4.146, 3.139, 3.365, 4.842, 5.399, 4.454, 4.554, 5.328, 4.935, 5.563, 7.214, 7.766, 6.558, 5.998, 6.039, 5.31, 4.149, 3.12, 2.797, 3.37, 3.859, 5.532, 6.485, 5.347, 4.834, 7.708, 8.444, 9.316, 9.611, 9.556, 8.612, 8.273, 7.399, 5.216, 4.228, 4.845, 5.362, 6.748, 7.123, 7.059, 7.437, 6.027, 4.047, 4.254, 4.372, 3.488, 3.301, 3.538, 2.82, 2.197, 1.303, 2.14, 2.615, 3.463, 2.995, 2.842, 3.214, 4.482, 7.418, 8.072, 6.959, 8.656], [8.764, 9.067, 9.02, 8.915, 8.21, 7.559, 6.355, 4.185, 3.06, 2.989, 2.303, 2.314, 3.488, 3.738, 3.443, 2.374, 2.112, 0.0, 3.116, 3.741, 2.998, 1.773, 2.231, 2.339, 2.481, 2.758, 3.497, 3.478, 2.561, 2.545, 2.512, 1.755, 1.825, 2.668, 2.661, 2.671, 2.969, 2.301, 2.523, 4.061, 5.561, 4.827, 4.1, 6.797, 8.996, 9.335, 10.067, 10.496, 11.33, 12.034, 11.475, 10.323, 9.632, 8.375, 6.611, 4.408, 4.264, 4.578, 4.442, 4.434, 4.74, 4.965, 5.041, 4.623, 3.816, 3.561, 3.543, 4.317, 4.505, 4.797, 5.012, 5.205, 5.766, 6.518, 7.67, 6.518, 5.439, 4.248, 3.736, 6.532, 7.868, 3.958, 2.743, 2.771, 3.352, 2.589, 2.939, 3.728, 4.265, 4.342, 3.839, 3.757, 3.969, 4.556, 5.676, 5.922, 4.697, 4.124, 4.123, 3.852, 3.577, 3.41, 2.967, 2.612, 2.781, 3.779, 4.671, 3.446, 3.745, 5.975, 6.614, 7.436, 7.672, 7.665, 6.719, 6.373, 5.549, 3.377, 2.443, 3.197, 3.423, 4.862, 5.19, 5.155, 5.567, 4.133, 2.184, 2.52, 2.609, 1.813, 1.638, 2.063, 1.691, 1.617, 1.863, 3.528, 4.358, 5.27, 4.832, 4.732, 5.058, 6.321, 9.3, 9.962, 8.857, 10.537], [5.961, 6.554, 6.505, 6.298, 5.613, 4.918, 3.965, 2.377, 2.086, 2.999, 2.988, 2.912, 4.09, 3.95, 3.681, 4.517, 4.94, 3.116, 0.0, 1.098, 1.217, 2.782, 3.242, 2.78, 2.885, 3.025, 3.484, 3.709, 3.074, 2.918, 3.131, 3.689, 4.028, 4.232, 4.336, 4.07, 5.702, 4.941, 5.269, 6.829, 8.274, 7.338, 6.742, 9.425, 11.693, 12.04, 12.809, 13.212, 14.057, 14.761, 14.207, 13.049, 12.372, 11.139, 9.337, 7.145, 6.047, 5.216, 5.342, 4.946, 5.064, 5.576, 5.618, 5.379, 4.615, 4.092, 3.91, 4.393, 4.716, 4.594, 4.791, 4.48, 4.527, 4.602, 4.831, 4.016, 3.222, 2.714, 2.512, 3.844, 5.231, 1.925, 5.386, 4.461, 3.335, 3.696, 2.919, 2.19, 2.634, 3.793, 3.62, 2.952, 3.29, 3.186, 4.14, 4.028, 3.073, 2.734, 2.514, 2.603, 2.723, 3.487, 3.597, 3.19, 2.664, 2.959, 3.012, 2.585, 3.224, 3.869, 4.373, 4.704, 4.989, 4.97, 4.016, 3.709, 2.945, 1.568, 2.668, 3.418, 1.834, 2.417, 2.686, 2.559, 2.87, 1.786, 2.25, 2.109, 2.499, 2.47, 2.615, 2.998, 3.069, 3.681, 4.667, 6.124, 7.217, 8.124, 7.661, 7.496, 7.861, 9.167, 12.038, 12.701, 11.663, 13.277], [5.424, 6.092, 6.047, 5.802, 5.057, 4.455, 3.772, 2.286, 2.545, 3.647, 3.708, 3.64, 4.557, 4.106, 3.531, 5.158, 5.602, 3.741, 1.098, 0.0, 1.173, 3.145, 3.282, 2.897, 3.341, 3.386, 3.768, 4.195, 3.628, 3.286, 3.799, 4.366, 4.76, 5.028, 5.074, 4.918, 6.482, 5.726, 5.983, 7.586, 9.02, 8.071, 7.498, 10.167, 12.463, 12.797, 13.583, 13.993, 14.803, 15.507, 14.957, 13.803, 13.153, 11.848, 10.083, 7.887, 6.724, 5.507, 5.601, 5.168, 5.011, 5.408, 5.53, 5.286, 4.402, 3.907, 3.842, 4.355, 4.679, 4.557, 4.557, 4.15, 4.156, 4.229, 4.562, 3.739, 2.983, 2.558, 2.293, 3.07, 4.543, 1.828, 6.132, 5.207, 4.014, 4.456, 3.421, 2.242, 2.539, 3.748, 3.55, 2.861, 3.164, 3.039, 3.874, 3.734, 2.813, 2.536, 2.291, 2.412, 2.727, 3.734, 3.817, 3.229, 2.656, 2.586, 2.639, 2.354, 3.229, 3.731, 4.124, 3.983, 4.23, 4.162, 3.262, 3.196, 2.362, 1.725, 2.985, 3.59, 1.958, 2.16, 2.368, 2.016, 2.233, 1.449, 2.512, 2.122, 2.38, 2.724, 3.028, 3.434, 3.487, 4.232, 5.325, 6.99, 7.836, 8.774, 8.345, 8.219, 8.532, 9.823, 12.825, 13.434, 12.335, 14.049], [6.205, 6.595, 6.526, 6.368, 5.635, 5.2, 4.325, 2.786, 2.301, 3.059, 3.05, 2.893, 3.934, 3.807, 3.359, 4.442, 4.913, 2.998, 1.217, 1.173, 0.0, 2.324, 2.714, 2.496, 2.737, 2.91, 3.428, 3.625, 2.978, 2.686, 3.158, 3.623, 4.079, 4.413, 4.467, 4.283, 5.745, 4.982, 5.337, 6.865, 8.349, 7.386, 6.793, 9.485, 11.744, 12.093, 12.891, 13.271, 14.121, 14.825, 14.266, 13.117, 12.428, 11.167, 9.402, 7.174, 6.127, 5.096, 5.286, 4.933, 4.844, 5.258, 5.405, 5.063, 4.189, 3.564, 3.613, 4.246, 4.506, 4.337, 4.401, 4.134, 4.474, 4.708, 5.234, 4.407, 3.532, 2.933, 2.662, 3.794, 5.197, 2.228, 5.451, 4.526, 3.84, 3.716, 2.825, 2.721, 3.062, 3.878, 3.404, 2.788, 3.123, 3.428, 4.441, 4.18, 3.286, 2.394, 2.304, 2.745, 2.729, 3.253, 3.448, 2.872, 2.406, 2.313, 2.863, 2.26, 3.104, 4.41, 4.741, 4.687, 4.999, 4.934, 3.967, 3.676, 2.901, 1.489, 2.114, 3.017, 1.937, 2.48, 2.7, 2.559, 2.829, 1.532, 1.913, 1.564, 1.912, 2.193, 2.272, 2.579, 2.746, 3.466, 4.511, 6.383, 7.181, 8.09, 7.691, 7.555, 7.852, 9.143, 12.105, 12.761, 11.642, 13.329], [8.129, 8.143, 7.932, 7.882, 7.012, 6.926, 5.853, 3.848, 3.172, 3.065, 2.952, 2.566, 3.094, 3.285, 2.97, 2.945, 3.395, 1.773, 2.782, 3.145, 2.324, 0.0, 1.259, 1.94, 1.99, 2.217, 2.987, 3.235, 2.371, 2.327, 2.511, 2.153, 2.94, 3.871, 3.76, 3.941, 4.249, 3.776, 3.787, 5.368, 6.69, 5.886, 5.305, 7.905, 10.164, 10.612, 11.439, 11.776, 12.448, 13.071, 12.665, 11.522, 10.943, 9.424, 7.663, 5.561, 4.666, 4.178, 4.039, 4.015, 4.329, 4.519, 4.545, 4.052, 3.297, 3.024, 3.234, 4.169, 4.33, 4.545, 4.732, 4.862, 5.089, 5.747, 6.903, 5.746, 4.603, 3.725, 2.985, 5.39, 6.721, 3.756, 3.883, 3.727, 3.969, 3.356, 3.256, 3.522, 3.933, 4.097, 3.696, 3.433, 3.67, 4.504, 5.539, 5.269, 4.296, 3.156, 3.175, 3.536, 3.45, 2.935, 2.554, 2.15, 2.484, 2.621, 3.545, 2.749, 3.573, 5.515, 6.113, 6.566, 6.897, 6.547, 5.654, 5.328, 4.378, 2.576, 2.461, 3.648, 3.146, 4.03, 4.331, 4.136, 4.508, 3.24, 1.65, 1.66, 1.63, 1.234, 1.201, 1.447, 1.3, 1.827, 2.795, 4.945, 5.594, 6.496, 6.171, 6.023, 6.205, 7.646, 10.61, 11.089, 10.094, 11.826], [8.155, 8.238, 8.038, 8.013, 7.267, 6.908, 5.805, 3.6, 3.238, 2.92, 3.114, 2.787, 2.648, 2.559, 2.093, 2.632, 3.092, 2.231, 3.242, 3.282, 2.714, 1.259, 0.0, 1.185, 1.339, 1.841, 2.381, 2.708, 2.085, 2.056, 2.131, 1.978, 2.915, 3.616, 3.736, 3.803, 3.89, 3.615, 3.555, 5.043, 6.472, 5.673, 5.077, 7.713, 9.965, 10.344, 11.175, 11.457, 12.22, 12.866, 12.387, 11.243, 10.558, 9.189, 7.409, 5.246, 4.368, 3.528, 3.339, 3.263, 3.386, 3.511, 3.516, 3.066, 2.325, 2.2, 2.524, 3.395, 3.478, 3.853, 3.905, 4.246, 4.667, 5.786, 6.97, 5.788, 4.738, 3.655, 2.779, 5.645, 6.979, 4.241, 4.018, 3.867, 4.194, 3.304, 3.02, 3.28, 3.433, 3.277, 2.915, 3.125, 3.117, 3.866, 5.005, 5.108, 4.036, 3.31, 3.321, 2.992, 2.868, 2.413, 1.95, 1.627, 1.957, 2.669, 3.757, 2.825, 2.846, 5.365, 5.945, 6.608, 7.016, 6.841, 5.893, 5.68, 4.757, 3.275, 3.454, 4.717, 4.055, 4.7, 4.965, 4.687, 4.819, 3.671, 1.941, 1.823, 1.673, 1.641, 1.467, 1.803, 1.756, 1.792, 2.669, 4.67, 5.334, 6.224, 5.821, 5.641, 5.898, 7.305, 10.273, 10.811, 9.711, 11.483], [7.534, 7.991, 7.892, 7.869, 7.145, 6.3, 5.009, 2.893, 2.507, 2.262, 2.452, 2.228, 2.567, 2.362, 1.967, 2.933, 3.418, 2.339, 2.78, 2.897, 2.496, 1.94, 1.185, 0.0, 1.13, 1.485, 1.91, 2.425, 1.628, 1.516, 1.53, 2.049, 2.556, 3.003, 3.099, 3.035, 3.956, 3.524, 3.629, 5.171, 6.694, 5.869, 5.371, 7.941, 10.16, 10.477, 11.297, 11.585, 12.365, 13.055, 12.496, 11.35, 10.654, 9.378, 7.561, 5.41, 4.519, 3.37, 3.271, 3.099, 3.026, 3.375, 3.432, 3.15, 2.574, 2.28, 2.051, 2.633, 2.77, 3.013, 3.305, 3.694, 4.439, 5.356, 6.339, 5.218, 4.465, 3.115, 2.49, 5.468, 6.778, 3.955, 3.896, 3.274, 3.494, 2.547, 2.261, 2.635, 2.608, 2.456, 2.097, 2.572, 2.386, 3.028, 4.317, 4.888, 3.674, 3.165, 3.201, 2.39, 2.146, 2.191, 1.754, 1.389, 1.311, 2.617, 3.613, 2.46, 2.014, 4.642, 5.394, 6.277, 6.547, 6.682, 5.761, 5.633, 4.717, 3.238, 3.517, 4.788, 4.047, 4.724, 5.004, 4.697, 4.775, 3.612, 1.73, 1.771, 1.749, 1.886, 1.728, 2.312, 2.511, 2.588, 3.252, 4.89, 5.567, 6.433, 6.017, 5.715, 6.031, 7.474, 10.38, 10.939, 9.841, 11.568], [8.187, 8.675, 8.574, 8.617, 7.804, 6.924, 5.576, 3.394, 2.621, 2.225, 2.48, 2.241, 1.876, 1.828, 1.668, 2.452, 2.903, 2.481, 2.885, 3.341, 2.737, 1.99, 1.339, 1.13, 0.0, 1.011, 1.476, 1.747, 1.186, 1.401, 1.076, 1.501, 2.378, 2.6, 3.14, 2.977, 3.271, 3.358, 3.124, 4.495, 6.032, 5.176, 4.597, 7.241, 9.445, 9.782, 10.675, 10.918, 11.62, 12.298, 11.756, 10.617, 9.965, 8.639, 6.788, 4.68, 3.849, 2.965, 3.058, 2.77, 2.866, 3.312, 3.336, 3.091, 2.711, 2.54, 2.476, 3.123, 3.277, 3.513, 3.807, 4.298, 5.117, 6.03, 6.945, 5.78, 5.241, 3.885, 3.1, 6.235, 7.516, 4.027, 3.681, 3.274, 3.391, 2.457, 2.244, 2.939, 3.137, 2.781, 2.615, 3.321, 3.071, 3.636, 4.959, 5.661, 4.46, 3.915, 3.93, 2.964, 2.456, 1.963, 1.719, 1.757, 1.782, 3.259, 4.358, 3.086, 2.601, 5.158, 6.055, 6.979, 7.211, 7.445, 6.502, 6.157, 5.178, 3.559, 3.844, 5.062, 4.155, 4.951, 5.237, 5.092, 5.369, 4.08, 2.112, 2.255, 2.333, 2.164, 1.988, 2.363, 2.439, 2.401, 2.762, 4.262, 4.979, 5.848, 5.415, 5.062, 5.325, 6.866, 9.684, 10.195, 9.197, 10.866], [8.14, 8.666, 8.584, 8.568, 7.725, 6.941, 5.53, 3.314, 2.446, 1.927, 2.254, 2.139, 1.954, 1.785, 1.713, 2.634, 3.151, 2.758, 3.025, 3.386, 2.91, 2.217, 1.841, 1.485, 1.011, 0.0, 1.276, 1.588, 0.964, 1.151, 1.273, 1.653, 2.357, 2.471, 2.939, 2.83, 3.377, 3.486, 3.2, 4.621, 6.063, 5.169, 4.634, 7.188, 9.354, 9.814, 10.744, 11.027, 11.645, 12.198, 11.747, 10.616, 10.07, 8.671, 6.739, 4.725, 3.953, 3.076, 3.107, 2.971, 3.01, 3.481, 3.574, 3.264, 3.223, 2.969, 2.782, 3.198, 3.296, 3.427, 3.644, 4.156, 5.066, 5.965, 6.938, 5.668, 5.22, 3.744, 2.996, 6.214, 7.497, 3.941, 3.624, 3.049, 2.833, 2.231, 2.087, 2.634, 2.867, 2.504, 2.613, 3.222, 2.828, 3.415, 4.967, 5.716, 4.481, 4.084, 3.992, 2.951, 2.224, 1.81, 1.861, 1.927, 1.723, 3.281, 4.408, 3.089, 2.385, 4.919, 6.116, 6.944, 7.189, 7.425, 6.558, 6.285, 5.195, 3.573, 4.032, 5.147, 4.115, 4.988, 5.254, 5.042, 5.423, 4.143, 2.564, 2.69, 2.693, 2.484, 2.339, 2.893, 2.997, 2.848, 3.047, 4.404, 5.033, 5.899, 5.527, 5.231, 5.343, 6.984, 9.777, 10.215, 9.281, 10.975], [8.373, 8.953, 8.886, 8.758, 7.906, 7.198, 5.555, 3.439, 2.603, 2.093, 2.542, 2.476, 1.981, 1.371, 1.222, 2.579, 3.263, 3.497, 3.484, 3.768, 3.428, 2.987, 2.381, 1.91, 1.476, 1.276, 0.0, 1.108, 1.332, 1.532, 1.528, 2.193, 2.691, 2.61, 3.343, 3.066, 3.411, 3.835, 3.439, 4.503, 5.644, 4.799, 4.711, 6.917, 9.061, 9.505, 10.469, 10.754, 11.433, 11.96, 11.572, 10.403, 9.837, 8.478, 6.614, 4.518, 3.534, 2.611, 2.734, 2.354, 2.324, 2.872, 2.97, 3.03, 3.322, 3.158, 3.019, 3.224, 3.108, 3.073, 3.902, 4.435, 5.323, 6.157, 6.921, 5.984, 5.444, 4.012, 3.268, 6.413, 7.733, 4.401, 3.934, 3.318, 3.12, 2.537, 2.345, 2.845, 2.798, 2.226, 2.627, 3.406, 2.741, 3.294, 5.188, 5.969, 4.738, 4.277, 4.242, 3.164, 2.076, 1.826, 1.672, 2.141, 2.104, 3.559, 4.669, 3.379, 2.293, 4.976, 6.353, 7.204, 7.442, 7.658, 6.815, 6.655, 5.637, 4.304, 4.748, 5.87, 4.811, 5.384, 5.603, 5.288, 5.731, 4.66, 3.086, 2.99, 3.008, 3.069, 2.944, 3.521, 3.628, 3.504, 3.482, 4.485, 4.878, 5.832, 5.437, 5.065, 5.351, 6.878, 9.513, 10.083, 9.179, 10.715], [8.79, 9.391, 9.345, 9.316, 8.499, 7.644, 6.052, 3.966, 2.729, 2.009, 2.632, 2.529, 1.41, 1.275, 1.454, 2.395, 2.856, 3.478, 3.709, 4.195, 3.625, 3.235, 2.708, 2.425, 1.747, 1.588, 1.108, 0.0, 1.301, 1.592, 1.565, 2.112, 2.597, 2.227, 2.975, 2.79, 2.932, 3.718, 3.237, 4.069, 5.279, 4.23, 4.325, 6.269, 8.475, 8.948, 9.811, 10.16, 10.875, 11.454, 10.97, 9.846, 9.283, 7.967, 6.061, 3.973, 2.971, 2.246, 2.437, 2.082, 2.035, 2.635, 2.763, 2.892, 3.563, 3.459, 3.244, 3.491, 3.332, 3.41, 4.318, 4.914, 5.802, 6.724, 7.587, 6.388, 5.904, 4.575, 3.94, 6.955, 8.362, 4.665, 4.071, 3.286, 3.099, 2.466, 2.119, 3.26, 3.24, 2.323, 2.999, 3.894, 3.136, 3.695, 5.625, 6.418, 5.183, 4.726, 4.687, 3.575, 2.211, 1.731, 1.89, 2.531, 2.472, 4.053, 5.163, 3.848, 2.751, 5.435, 6.833, 7.724, 7.912, 8.132, 7.26, 6.91, 6.122, 4.579, 4.848, 6.05, 4.902, 5.471, 5.801, 5.702, 6.121, 4.962, 3.327, 3.409, 3.366, 3.269, 2.992, 3.492, 3.616, 3.29, 3.255, 4.154, 4.567, 5.397, 4.801, 4.523, 4.792, 6.256, 8.952, 9.52, 8.646, 10.16], [8.418, 8.947, 8.843, 8.889, 8.053, 7.174, 5.578, 3.467, 2.158, 1.405, 1.814, 1.709, 1.588, 1.561, 1.804, 2.444, 2.941, 2.561, 3.074, 3.628, 2.978, 2.371, 2.085, 1.628, 1.186, 0.964, 1.332, 1.301, 0.0, 0.961, 1.023, 1.585, 1.855, 2.127, 2.56, 2.408, 3.005, 2.982, 2.712, 4.257, 5.605, 4.782, 4.482, 6.784, 8.949, 9.413, 10.322, 10.618, 11.298, 11.906, 11.41, 10.286, 9.708, 8.409, 6.479, 4.313, 3.517, 2.749, 2.915, 2.721, 2.796, 3.386, 3.413, 3.38, 3.411, 3.152, 2.727, 3.02, 3.02, 3.13, 3.924, 4.423, 5.373, 6.273, 7.149, 5.937, 5.527, 4.059, 3.485, 6.55, 7.933, 4.113, 3.319, 2.623, 2.666, 1.821, 1.693, 2.743, 2.86, 2.449, 2.502, 3.411, 2.807, 3.4, 5.177, 5.97, 4.734, 4.225, 4.238, 3.127, 2.074, 1.877, 1.774, 1.81, 1.753, 3.537, 4.661, 3.357, 2.276, 4.969, 6.325, 7.245, 7.5, 7.732, 6.811, 6.424, 5.605, 3.751, 3.877, 5.112, 4.192, 5.106, 5.381, 5.271, 5.672, 4.286, 2.539, 2.704, 2.809, 2.568, 2.202, 2.726, 2.947, 2.797, 2.959, 4.218, 4.795, 5.713, 5.212, 4.887, 5.094, 6.667, 9.376, 9.894, 8.952, 10.593], [8.135, 8.593, 8.492, 8.536, 7.698, 6.878, 5.397, 3.312, 2.267, 1.579, 1.981, 1.868, 1.873, 1.841, 1.86, 2.814, 3.245, 2.545, 2.918, 3.286, 2.686, 2.327, 2.056, 1.516, 1.401, 1.151, 1.532, 1.592, 0.961, 0.0, 1.341, 1.952, 1.972, 2.255, 2.494, 2.415, 3.375, 3.072, 3.029, 4.578, 6.069, 5.254, 5.127, 7.199, 9.394, 9.791, 10.608, 10.958, 11.673, 12.29, 11.784, 10.679, 10.083, 8.657, 6.856, 4.705, 4.056, 3.159, 3.265, 2.972, 2.954, 3.541, 3.613, 3.615, 3.478, 3.141, 2.706, 3.041, 2.832, 3.009, 3.724, 4.152, 5.038, 5.965, 6.958, 5.66, 5.145, 3.662, 3.12, 6.201, 7.525, 3.866, 3.365, 2.696, 2.615, 1.863, 1.582, 2.328, 2.613, 2.314, 2.465, 3.059, 2.394, 2.997, 4.834, 5.593, 4.358, 3.904, 3.861, 2.781, 1.758, 1.976, 1.93, 1.763, 1.544, 3.236, 4.303, 3.009, 2.064, 4.859, 6.034, 6.938, 7.121, 7.355, 6.435, 6.119, 5.203, 3.588, 3.753, 4.978, 4.1, 4.791, 5.077, 4.913, 5.311, 3.988, 2.365, 2.627, 2.641, 2.563, 2.266, 2.828, 3.01, 2.904, 3.281, 4.708, 5.045, 6.039, 5.409, 5.181, 5.492, 6.88, 9.753, 10.28, 9.269, 10.971], [8.639, 9.172, 9.086, 9.111, 8.317, 7.368, 5.794, 3.722, 2.51, 1.842, 2.016, 1.893, 1.887, 1.909, 1.979, 2.375, 2.711, 2.512, 3.131, 3.799, 3.158, 2.511, 2.131, 1.53, 1.076, 1.273, 1.528, 1.565, 1.023, 1.341, 0.0, 1.623, 1.935, 1.874, 2.351, 2.103, 2.767, 2.942, 2.778, 4.042, 5.632, 4.88, 4.438, 6.884, 9.046, 9.294, 10.226, 10.41, 11.124, 11.822, 11.249, 10.114, 9.442, 8.224, 6.363, 4.241, 3.556, 2.959, 2.98, 2.721, 2.93, 3.46, 3.499, 3.494, 3.496, 3.252, 2.796, 3.17, 3.297, 3.463, 4.069, 4.667, 5.621, 6.544, 7.374, 6.23, 5.695, 4.111, 3.508, 6.699, 7.958, 4.157, 3.335, 2.612, 2.798, 1.819, 1.706, 2.957, 3.168, 2.53, 2.546, 3.528, 3.036, 3.578, 5.309, 6.093, 4.857, 4.361, 4.384, 3.259, 2.256, 2.03, 1.798, 1.998, 1.974, 3.828, 4.847, 3.588, 2.555, 5.302, 6.56, 7.491, 7.716, 7.913, 6.935, 6.601, 5.61, 3.767, 3.777, 4.94, 4.274, 5.288, 5.582, 5.44, 5.829, 4.489, 2.529, 2.729, 2.902, 2.641, 2.268, 2.748, 2.968, 2.792, 2.869, 4.08, 4.662, 5.539, 4.934, 4.637, 4.965, 6.363, 9.129, 9.736, 8.767, 10.334], [9.224, 9.656, 9.495, 9.601, 8.736, 8.021, 6.623, 4.357, 3.224, 2.395, 2.028, 2.123, 2.307, 2.536, 2.455, 1.835, 1.964, 1.755, 3.689, 4.366, 3.623, 2.153, 1.978, 2.049, 1.501, 1.653, 2.193, 2.112, 1.585, 1.952, 1.623, 0.0, 1.621, 2.186, 2.638, 2.517, 2.492, 2.635, 2.311, 3.519, 4.942, 4.173, 3.586, 6.138, 8.335, 8.795, 9.666, 9.975, 10.627, 11.253, 10.803, 9.683, 9.068, 7.687, 5.821, 3.676, 3.333, 3.269, 3.246, 3.223, 3.581, 3.936, 3.869, 3.404, 3.298, 3.331, 3.214, 4.091, 4.121, 4.427, 4.792, 5.15, 6.031, 6.983, 7.961, 6.753, 6.239, 4.833, 4.154, 7.238, 8.579, 4.362, 2.882, 2.612, 3.006, 2.005, 2.659, 3.752, 4.084, 3.798, 3.555, 4.27, 4.046, 4.633, 6.015, 6.661, 5.425, 4.915, 4.929, 4.068, 3.418, 2.658, 2.161, 2.489, 2.731, 4.23, 5.331, 4.088, 3.534, 6.055, 7.048, 7.955, 8.245, 8.443, 7.503, 7.109, 6.255, 4.002, 3.276, 4.452, 4.139, 5.638, 6.007, 5.932, 6.355, 4.95, 2.97, 3.038, 3.189, 2.48, 2.164, 2.551, 2.483, 1.952, 1.893, 3.254, 4.024, 4.862, 4.513, 4.199, 4.416, 5.974, 8.737, 9.237, 8.275, 9.962], [9.568, 10.089, 10.029, 10.029, 9.217, 8.351, 6.756, 4.624, 3.124, 2.073, 1.665, 2.108, 2.528, 2.823, 3.316, 2.396, 2.226, 1.825, 4.028, 4.76, 4.079, 2.94, 2.915, 2.556, 2.378, 2.357, 2.691, 2.597, 1.855, 1.972, 1.935, 1.621, 0.0, 1.639, 1.788, 1.495, 1.866, 1.65, 1.644, 3.234, 4.597, 3.765, 3.789, 5.731, 7.868, 8.227, 9.144, 9.412, 10.111, 10.766, 10.253, 9.124, 8.517, 7.223, 5.323, 3.322, 3.415, 3.57, 3.548, 3.529, 3.909, 4.45, 4.497, 4.529, 4.495, 4.407, 3.701, 4.259, 4.028, 4.216, 5.37, 5.587, 6.529, 7.427, 8.28, 7.104, 6.648, 5.116, 4.495, 7.642, 8.947, 4.614, 1.995, 1.562, 2.264, 1.407, 2.173, 3.676, 3.848, 3.56, 3.762, 4.569, 3.768, 4.428, 6.337, 7.125, 5.89, 5.379, 5.393, 4.286, 2.987, 3.441, 2.891, 2.951, 2.997, 4.919, 5.854, 4.588, 3.384, 6.158, 7.51, 8.399, 8.642, 8.853, 7.967, 7.575, 6.613, 4.419, 3.475, 4.167, 4.521, 6.062, 6.423, 6.357, 6.795, 5.406, 3.501, 3.757, 3.811, 3.051, 2.804, 3.294, 3.249, 2.812, 2.469, 3.448, 3.806, 4.682, 4.019, 3.691, 4.054, 5.472, 8.202, 8.743, 7.794, 9.4], [9.989, 10.555, 10.463, 10.411, 9.703, 8.731, 7.221, 5.119, 3.506, 2.57, 2.415, 2.816, 2.547, 2.696, 3.054, 2.82, 2.383, 2.668, 4.232, 5.028, 4.413, 3.871, 3.616, 3.003, 2.6, 2.471, 2.61, 2.227, 2.127, 2.255, 1.874, 2.186, 1.639, 0.0, 1.359, 1.113, 1.826, 2.41, 2.035, 3.172, 4.765, 4.092, 4.144, 5.804, 7.897, 8.079, 8.903, 9.163, 9.961, 10.649, 10.095, 8.952, 8.171, 7.018, 5.185, 3.303, 3.602, 3.476, 3.698, 3.248, 3.661, 4.386, 4.367, 4.797, 4.929, 4.692, 4.516, 4.461, 4.161, 4.45, 5.372, 6.044, 6.991, 7.921, 8.744, 7.611, 6.861, 5.27, 4.744, 7.945, 9.123, 4.835, 2.755, 1.907, 2.414, 1.779, 1.964, 3.919, 4.312, 3.007, 3.788, 4.705, 3.899, 4.478, 6.499, 7.294, 6.068, 5.578, 5.561, 4.513, 2.991, 2.736, 2.827, 3.26, 3.204, 5.116, 6.11, 4.894, 3.606, 6.588, 7.928, 8.84, 9.084, 9.134, 8.122, 7.731, 6.805, 4.698, 4.033, 4.536, 4.919, 6.341, 6.625, 6.632, 7.007, 5.57, 3.922, 4.158, 4.449, 3.987, 3.541, 3.916, 4.024, 3.43, 2.824, 3.557, 3.893, 4.559, 3.579, 3.46, 3.945, 5.101, 7.878, 8.542, 7.525, 9.116], [10.099, 10.601, 10.561, 10.433, 9.73, 8.838, 7.446, 5.339, 3.567, 2.718, 2.507, 2.97, 2.591, 3.343, 3.647, 3.112, 3.025, 2.661, 4.336, 5.074, 4.467, 3.76, 3.736, 3.099, 3.14, 2.939, 3.343, 2.975, 2.56, 2.494, 2.351, 2.638, 1.788, 1.359, 0.0, 1.129, 2.495, 2.731, 2.596, 3.717, 5.359, 4.587, 4.932, 6.066, 8.197, 8.372, 9.179, 9.458, 10.2, 10.889, 10.329, 9.208, 8.474, 7.303, 5.457, 3.877, 3.572, 3.771, 4.05, 3.696, 4.209, 4.846, 4.903, 5.269, 5.108, 5.054, 4.683, 4.601, 4.28, 4.711, 5.583, 6.1, 7.053, 7.992, 8.948, 7.722, 6.656, 5.03, 4.537, 7.814, 8.995, 4.948, 2.804, 1.74, 2.411, 1.819, 1.776, 4.024, 4.454, 3.262, 3.752, 4.527, 3.731, 4.495, 6.512, 7.314, 6.055, 5.486, 5.513, 4.502, 2.917, 3.175, 3.128, 3.295, 3.208, 5.247, 6.08, 4.843, 3.655, 6.715, 8.092, 8.914, 9.077, 9.01, 7.974, 7.584, 6.714, 4.711, 3.78, 4.431, 4.936, 6.244, 6.504, 6.514, 6.844, 5.394, 3.795, 4.308, 4.376, 3.858, 3.437, 3.811, 3.918, 3.388, 3.02, 4.177, 4.605, 5.207, 3.911, 3.85, 4.484, 5.534, 8.159, 8.873, 7.98, 9.377], [9.887, 10.452, 10.361, 10.294, 9.603, 8.621, 7.051, 4.989, 3.127, 2.306, 2.182, 2.654, 2.915, 3.262, 3.586, 3.169, 2.823, 2.671, 4.07, 4.918, 4.283, 3.941, 3.803, 3.035, 2.977, 2.83, 3.066, 2.79, 2.408, 2.415, 2.103, 2.517, 1.495, 1.113, 1.129, 0.0, 1.964, 2.185, 2.199, 3.348, 4.844, 4.203, 4.395, 5.982, 8.134, 8.343, 9.242, 9.431, 10.225, 10.905, 10.338, 9.205, 8.401, 7.369, 5.472, 3.549, 3.833, 3.852, 4.06, 3.736, 4.231, 4.979, 5.068, 5.32, 5.192, 4.97, 4.521, 4.476, 4.16, 4.375, 5.489, 5.965, 6.889, 7.819, 8.609, 7.508, 6.668, 5.059, 4.562, 7.808, 8.961, 4.748, 2.432, 1.544, 1.968, 1.338, 1.819, 3.814, 4.184, 3.174, 3.586, 4.496, 3.769, 4.251, 6.325, 7.135, 5.902, 5.411, 5.419, 4.354, 2.759, 3.241, 3.154, 3.377, 3.207, 5.202, 5.962, 4.927, 3.367, 6.203, 7.819, 8.738, 8.983, 8.98, 7.892, 7.549, 6.684, 4.597, 3.777, 4.159, 4.845, 6.208, 6.489, 6.492, 6.844, 5.325, 3.83, 4.208, 4.489, 3.976, 3.57, 3.954, 4.085, 3.501, 3.036, 3.889, 4.388, 5.162, 3.922, 3.9, 4.472, 5.59, 8.097, 8.877, 8.017, 9.359], [11.271, 11.87, 11.791, 11.815, 11.03, 10.008, 8.318, 6.323, 4.532, 3.368, 3.343, 3.425, 3.037, 3.345, 3.848, 2.648, 1.846, 2.969, 5.702, 6.482, 5.745, 4.249, 3.89, 3.956, 3.271, 3.377, 3.411, 2.932, 3.005, 3.375, 2.767, 2.492, 1.866, 1.826, 2.495, 1.964, 0.0, 1.456, 1.214, 1.915, 3.337, 2.725, 2.708, 4.416, 6.501, 6.794, 7.849, 7.973, 8.691, 9.221, 8.655, 7.594, 6.856, 5.977, 3.879, 2.265, 2.986, 3.653, 3.537, 3.736, 4.188, 4.799, 4.805, 4.857, 5.287, 5.343, 5.121, 5.543, 5.21, 5.37, 6.641, 7.335, 8.315, 9.229, 10.007, 8.893, 8.351, 6.76, 6.206, 9.386, 10.614, 6.228, 1.801, 2.257, 3.267, 2.499, 3.329, 5.358, 5.628, 4.458, 5.089, 6.154, 5.385, 5.922, 7.937, 8.73, 7.495, 7.017, 7.04, 5.896, 4.401, 3.845, 3.517, 4.212, 4.565, 6.477, 7.538, 6.277, 4.773, 7.538, 9.26, 10.172, 10.428, 10.599, 9.572, 9.221, 8.26, 6.103, 5.102, 5.029, 6.253, 7.789, 8.106, 8.09, 8.469, 7.026, 4.966, 5.077, 5.349, 4.31, 4.244, 4.525, 3.956, 3.371, 2.505, 2.907, 3.053, 3.624, 2.677, 2.605, 2.773, 4.113, 6.516, 7.326, 6.452, 7.719], [10.539, 11.11, 11.03, 11.052, 10.28, 9.279, 7.681, 5.596, 3.944, 3.116, 2.859, 2.844, 3.831, 4.017, 4.348, 3.01, 2.141, 2.301, 4.941, 5.726, 4.982, 3.776, 3.615, 3.524, 3.358, 3.486, 3.835, 3.718, 2.982, 3.072, 2.942, 2.635, 1.65, 2.41, 2.731, 2.185, 1.456, 0.0, 1.168, 2.264, 3.706, 3.336, 2.968, 5.064, 7.135, 7.39, 8.317, 8.504, 9.262, 9.882, 9.336, 8.196, 7.49, 6.569, 4.564, 2.937, 3.815, 4.633, 4.47, 4.665, 5.105, 5.544, 5.453, 5.4, 5.391, 5.217, 4.597, 5.153, 5.077, 5.197, 6.373, 6.686, 7.562, 8.468, 9.272, 8.163, 7.589, 6.004, 5.508, 8.64, 9.879, 5.53, 1.38, 2.096, 3.168, 2.434, 3.292, 4.729, 4.99, 4.832, 4.825, 5.44, 4.911, 5.56, 7.275, 8.007, 6.769, 6.259, 6.278, 5.276, 4.326, 4.431, 3.91, 3.87, 3.958, 5.825, 6.796, 5.54, 4.219, 6.992, 8.5, 9.418, 9.667, 9.844, 8.846, 8.46, 7.553, 5.36, 4.349, 4.407, 5.52, 7.031, 7.346, 7.335, 7.714, 6.295, 4.298, 4.543, 4.714, 3.784, 3.591, 3.98, 3.547, 3.116, 2.553, 2.849, 3.135, 3.825, 3.164, 3.129, 3.199, 4.628, 7.139, 7.874, 6.988, 8.386], [10.897, 11.424, 11.301, 11.292, 10.526, 9.609, 8.083, 5.919, 4.415, 3.311, 2.96, 3.329, 3.157, 3.416, 3.687, 2.599, 1.792, 2.523, 5.269, 5.983, 5.337, 3.787, 3.555, 3.629, 3.124, 3.2, 3.439, 3.237, 2.712, 3.029, 2.778, 2.311, 1.644, 2.035, 2.596, 2.199, 1.214, 1.168, 0.0, 1.859, 3.286, 2.912, 2.79, 4.736, 6.777, 7.049, 7.898, 8.198, 8.864, 9.541, 9.061, 7.901, 7.249, 6.077, 4.196, 2.708, 3.572, 4.127, 4.077, 4.023, 4.484, 4.979, 4.93, 4.932, 5.068, 5.127, 4.79, 5.178, 4.967, 5.25, 6.283, 6.887, 7.807, 8.728, 9.524, 8.439, 7.898, 6.354, 5.769, 8.892, 10.222, 5.812, 1.631, 2.361, 3.406, 2.689, 3.254, 4.935, 5.164, 4.445, 4.765, 5.764, 4.974, 5.555, 7.538, 8.331, 7.102, 6.586, 6.599, 5.479, 4.16, 3.992, 3.474, 3.864, 4.099, 5.968, 7.008, 5.718, 4.507, 7.404, 8.751, 9.657, 9.955, 10.102, 9.173, 8.79, 7.897, 5.642, 4.627, 4.65, 5.778, 7.308, 7.648, 7.598, 8.013, 6.619, 4.563, 4.744, 4.887, 3.905, 3.805, 4.142, 3.531, 3.142, 2.329, 2.605, 2.626, 3.434, 2.748, 2.611, 2.848, 4.145, 6.933, 7.474, 6.475, 8.136], [12.396, 12.989, 12.91, 12.935, 12.149, 11.143, 9.635, 7.572, 5.764, 4.856, 4.614, 4.865, 4.23, 4.62, 4.55, 2.936, 2.346, 4.061, 6.829, 7.586, 6.865, 5.368, 5.043, 5.171, 4.495, 4.621, 4.503, 4