[[0.0, 1.421, 2.174, 3.769, 3.942, 5.818, 5.523, 5.2, 5.868, 5.718, 5.08, 5.047, 3.599, 3.59, 6.187, 6.845, 7.348, 6.152, 6.873, 7.047, 5.976, 5.494, 5.043, 5.246, 5.576, 3.981, 2.675, 2.277, 2.958, 2.134, 2.083, 2.265, 3.058, 4.711, 4.112, 3.371, 3.821, 4.085, 2.643, 3.354, 2.915, 2.987, 3.276, 7.31, 7.042, 4.793, 2.651, 2.353, 2.532, 2.748, 2.794, 2.163], [1.421, 0.0, 2.029, 3.602, 3.506, 5.245, 5.057, 4.546, 5.204, 5.101, 4.529, 4.479, 3.075, 2.963, 5.431, 6.089, 6.821, 5.437, 6.557, 6.704, 5.987, 5.43, 5.091, 5.21, 5.085, 3.412, 2.433, 2.735, 3.783, 3.021, 2.69, 2.632, 3.563, 5.04, 4.677, 3.646, 4.172, 4.427, 3.198, 3.614, 3.327, 3.38, 3.374, 7.179, 6.885, 4.675, 2.654, 2.976, 3.133, 2.943, 2.95, 2.711], [2.174, 2.029, 0.0, 1.715, 3.333, 5.631, 5.619, 4.717, 5.27, 5.265, 4.957, 4.849, 3.312, 3.241, 5.574, 6.22, 6.235, 5.623, 6.958, 7.098, 6.524, 6.164, 6.076, 6.308, 5.411, 3.154, 1.53, 2.554, 3.34, 3.037, 2.921, 2.732, 4.296, 6.527, 5.83, 4.267, 5.165, 5.221, 3.017, 4.464, 4.261, 4.592, 3.264, 5.674, 5.329, 3.225, 2.557, 3.212, 3.393, 2.519, 2.617, 2.764], [3.769, 3.602, 1.715, 0.0, 3.346, 5.692, 5.732, 4.897, 5.09, 5.161, 5.012, 4.846, 3.923, 3.65, 5.58, 6.108, 5.686, 5.449, 6.779, 7.015, 6.509, 6.504, 6.964, 7.572, 5.3, 3.01, 2.299, 3.406, 3.873, 3.767, 3.745, 3.613, 5.359, 7.906, 7.132, 5.173, 6.432, 6.256, 3.852, 5.629, 5.651, 5.963, 3.781, 4.761, 4.264, 2.835, 3.068, 4.143, 4.278, 3.064, 2.915, 3.565], [3.942, 3.506, 3.333, 3.346, 0.0, 3.185, 3.144, 2.238, 2.851, 2.568, 2.354, 2.089, 1.506, 1.348, 3.184, 3.706, 4.264, 3.175, 4.27, 4.598, 4.088, 3.818, 4.357, 4.756, 2.896, 2.682, 3.03, 4.067, 4.95, 4.058, 4.045, 4.316, 3.957, 5.345, 4.552, 3.765, 4.185, 3.973, 4.893, 6.566, 5.963, 6.069, 5.823, 6.943, 6.594, 4.977, 4.468, 4.902, 5.122, 4.555, 5.123, 5.594], [5.818, 5.245, 5.631, 5.692, 3.185, 0.0, 1.543, 1.585, 2.055, 2.006, 2.801, 2.66, 3.587, 2.902, 2.059, 2.104, 4.593, 3.2, 2.418, 2.22, 2.266, 2.608, 3.294, 3.857, 2.402, 3.768, 4.622, 5.022, 5.437, 4.915, 5.134, 5.283, 4.621, 5.191, 5.626, 4.45, 4.678, 4.414, 5.74, 7.773, 7.17, 7.614, 7.74, 9.706, 9.077, 7.226, 6.36, 6.118, 6.234, 5.664, 6.5, 6.794], [5.523, 5.057, 5.619, 5.732, 3.144, 1.543, 0.0, 1.497, 2.544, 2.087, 2.25, 2.498, 3.313, 2.781, 2.339, 2.641, 5.214, 3.441, 2.003, 2.064, 1.898, 2.002, 2.766, 3.258, 2.374, 4.068, 4.828, 5.107, 5.856, 4.991, 5.169, 5.282, 4.538, 4.87, 5.176, 4.373, 4.589, 4.469, 5.668, 7.333, 6.654, 6.893, 7.472, 9.57, 8.927, 7.254, 6.13, 5.881, 6.056, 5.597, 6.293, 6.615], [5.2, 4.546, 4.717, 4.897, 2.238, 1.585, 1.497, 0.0, 2.118, 1.744, 1.848, 1.932, 2.581, 2.137, 1.995, 2.222, 4.726, 3.195, 2.695, 2.899, 2.321, 2.236, 2.864, 3.358, 2.375, 3.575, 4.068, 4.766, 5.527, 4.584, 4.71, 4.973, 4.35, 4.502, 4.772, 4.073, 4.332, 4.199, 5.33, 7.137, 6.471, 6.782, 6.967, 8.543, 7.94, 6.35, 5.446, 5.546, 5.833, 5.212, 5.924, 6.233], [5.868, 5.204, 5.27, 5.09, 2.851, 2.055, 2.544, 2.118, 0.0, 1.318, 2.3, 2.071, 3.32, 2.787, 1.703, 1.789, 2.879, 1.741, 2.252, 2.456, 2.429, 3.334, 4.524, 5.159, 1.862, 2.852, 4.48, 4.999, 5.187, 4.774, 5.114, 5.1, 4.943, 5.689, 5.906, 4.497, 4.985, 4.69, 5.769, 7.899, 7.226, 7.773, 7.686, 9.046, 8.339, 7.052, 6.277, 6.147, 6.13, 5.624, 6.416, 6.7], [5.718, 5.101, 5.265, 5.161, 2.568, 2.006, 2.087, 1.744, 1.318, 0.0, 1.484, 1.531, 2.878, 2.397, 1.664, 1.755, 3.421, 1.8, 1.99, 2.321, 1.964, 2.831, 4.135, 4.675, 1.434, 2.859, 4.438, 4.881, 5.317, 4.659, 4.968, 5.106, 4.469, 5.249, 5.284, 4.069, 4.426, 4.208, 5.595, 7.531, 6.875, 7.291, 7.596, 9.072, 8.362, 6.904, 6.123, 5.988, 6.097, 5.595, 6.38, 6.705], [5.08, 4.529, 4.957, 5.012, 2.354, 2.801, 2.25, 1.848, 2.3, 1.484, 0.0, 1.349, 2.35, 1.966, 2.708, 2.804, 4.246, 2.639, 2.801, 3.316, 2.74, 2.956, 3.64, 3.922, 2.187, 3.355, 4.365, 4.906, 5.722, 4.81, 4.841, 5.105, 4.174, 4.579, 4.19, 3.972, 4.011, 3.965, 5.153, 6.945, 6.278, 6.467, 7.005, 8.563, 7.844, 6.462, 5.605, 5.544, 5.855, 5.283, 5.866, 6.18], [5.047, 4.479, 4.849, 4.846, 2.089, 2.66, 2.498, 1.932, 2.071, 1.531, 1.349, 0.0, 1.85, 1.997, 2.356, 2.671, 3.821, 2.434, 2.85, 3.305, 2.842, 2.924, 3.933, 4.348, 2.035, 2.777, 4.176, 4.715, 5.397, 4.608, 4.831, 5.036, 4.057, 4.866, 4.286, 3.921, 4.278, 3.991, 5.322, 6.926, 6.279, 6.371, 6.83, 8.267, 7.682, 6.181, 5.446, 5.64, 5.909, 5.319, 5.942, 6.284], [3.599, 3.075, 3.312, 3.923, 1.506, 3.587, 3.313, 2.581, 3.32, 2.878, 2.35, 1.85, 0.0, 1.407, 3.341, 3.983, 4.681, 3.446, 4.395, 4.666, 4.185, 3.898, 3.902, 4.115, 3.148, 2.989, 3.033, 4.152, 5.084, 4.231, 4.114, 4.11, 3.411, 4.807, 3.954, 3.528, 3.847, 3.727, 4.266, 5.649, 4.994, 5.076, 5.311, 7.248, 6.907, 4.971, 4.042, 4.686, 4.789, 4.076, 4.578, 4.94], [3.59, 2.963, 3.241, 3.65, 1.348, 2.902, 2.781, 2.137, 2.787, 2.397, 1.966, 1.997, 1.407, 0.0, 2.93, 3.44, 4.48, 2.732, 3.943, 4.244, 3.806, 3.433, 3.849, 4.472, 2.554, 2.552, 2.84, 3.592, 4.362, 3.58, 3.74, 3.895, 3.476, 4.886, 4.162, 3.322, 3.773, 3.648, 4.248, 5.724, 5.137, 5.432, 5.478, 7.135, 6.678, 4.974, 4.288, 4.446, 4.58, 3.895, 4.339, 4.722], [6.187, 5.431, 5.574, 5.58, 3.184, 2.059, 2.339, 1.995, 1.703, 1.664, 2.708, 2.356, 3.341, 2.93, 0.0, 1.323, 3.496, 1.987, 2.162, 2.105, 2.13, 2.788, 4.086, 4.73, 1.586, 3.515, 4.694, 5.287, 5.323, 5.123, 5.424, 5.032, 4.545, 5.512, 5.684, 4.076, 4.617, 4.074, 5.773, 7.77, 7.068, 7.568, 8.062, 9.736, 9.118, 7.249, 6.59, 6.433, 6.005, 5.9, 6.754, 7.052], [6.845, 6.089, 6.22, 6.108, 3.706, 2.104, 2.641, 2.222, 1.789, 1.755, 2.804, 2.671, 3.983, 3.44, 1.323, 0.0, 3.408, 2.177, 2.038, 2.048, 2.335, 3.348, 4.436, 4.949, 2.074, 3.809, 5.288, 5.867, 5.794, 5.72, 6.03, 5.782, 5.228, 5.623, 6.192, 4.778, 5.044, 4.59, 6.256, 8.564, 7.904, 8.411, 8.693, 10.28, 9.617, 7.86, 7.173, 7.063, 6.746, 6.473, 7.322, 7.626], [7.348, 6.821, 6.235, 5.686, 4.264, 4.593, 5.214, 4.726, 2.879, 3.421, 4.246, 3.821, 4.681, 4.48, 3.496, 3.408, 0.0, 2.206, 4.175, 4.221, 4.884, 5.798, 7.291, 7.945, 3.857, 3.667, 5.409, 6.347, 6.143, 6.148, 6.684, 6.399, 6.307, 8.173, 7.915, 5.984, 6.74, 6.071, 6.901, 9.485, 8.88, 9.445, 8.703, 9.212, 8.386, 7.132, 7.23, 7.763, 7.47, 6.987, 7.446, 7.92], [6.152, 5.437, 5.623, 5.449, 3.175, 3.2, 3.441, 3.195, 1.741, 1.8, 2.639, 2.434, 3.446, 2.732, 1.987, 2.177, 2.206, 0.0, 2.591, 2.75, 3.289, 4.13, 5.576, 6.25, 2.047, 2.929, 4.834, 5.265, 5.373, 5.151, 5.448, 5.173, 5.04, 6.623, 6.32, 4.359, 5.24, 4.688, 5.926, 8.006, 7.372, 7.867, 8.06, 9.435, 8.711, 7.37, 6.674, 6.484, 6.12, 5.868, 6.704, 7.007], [6.873, 6.557, 6.958, 6.779, 4.27, 2.418, 2.003, 2.695, 2.252, 1.99, 2.801, 2.85, 4.395, 3.943, 2.162, 2.038, 4.175, 2.591, 0.0, 1.064, 1.51, 2.399, 3.405, 3.969, 1.916, 4.383, 6.124, 6.054, 6.334, 5.746, 6.22, 6.216, 4.994, 5.483, 5.811, 4.719, 4.946, 4.633, 6.522, 8.158, 7.447, 7.885, 9.04, 10.813, 10.143, 8.652, 7.688, 6.945, 6.894, 6.762, 7.668, 7.827], [7.047, 6.704, 7.098, 7.015, 4.598, 2.22, 2.064, 2.899, 2.456, 2.321, 3.316, 3.305, 4.666, 4.244, 2.105, 2.048, 4.221, 2.75, 1.064, 0.0, 1.719, 2.669, 3.537, 4.113, 2.188, 4.642, 6.242, 6.161, 6.359, 5.959, 6.352, 6.215, 5.148, 5.709, 6.119, 4.843, 5.094, 4.753, 6.609, 8.422, 7.688, 8.206, 9.14, 11.18, 10.507, 8.807, 7.831, 7.223, 7.078, 6.83, 7.71, 7.943], [5.976, 5.987, 6.524, 6.509, 4.088, 2.266, 1.898, 2.321, 2.429, 1.964, 2.74, 2.842, 4.185, 3.806, 2.13, 2.335, 4.884, 3.289, 1.51, 1.719, 0.0, 1.464, 2.536, 3.282, 1.688, 4.385, 5.498, 5.26, 5.499, 4.764, 5.285, 5.377, 3.949, 4.39, 4.68, 3.673, 3.822, 3.595, 5.567, 7.152, 6.424, 6.925, 8.242, 10.558, 9.889, 8.203, 6.85, 6.014, 5.984, 5.915, 6.852, 6.921], [5.494, 5.43, 6.164, 6.504, 3.818, 2.608, 2.002, 2.236, 3.334, 2.831, 2.956, 2.924, 3.898, 3.433, 2.788, 3.348, 5.798, 4.13, 2.399, 2.669, 1.464, 0.0, 1.734, 2.292, 2.283, 4.855, 5.315, 5.107, 5.622, 4.71, 5.149, 5.271, 3.706, 3.932, 4.111, 3.758, 3.881, 3.707, 5.488, 6.781, 6.051, 6.448, 7.645, 10.07, 9.532, 7.667, 6.332, 5.719, 5.872, 5.715, 6.501, 6.603], [5.043, 5.091, 6.076, 6.964, 4.357, 3.294, 2.766, 2.864, 4.524, 4.135, 3.64, 3.933, 3.902, 3.849, 4.086, 4.436, 7.291, 5.576, 3.405, 3.537, 2.536, 1.734, 0.0, 1.205, 3.623, 6.148, 5.545, 5.577, 6.345, 5.263, 5.483, 5.525, 3.658, 3.171, 3.663, 3.926, 3.686, 3.591, 5.311, 6.197, 5.517, 6.001, 7.313, 10.444, 10.056, 7.788, 6.281, 5.779, 5.838, 5.471, 6.259, 6.229], [5.246, 5.21, 6.308, 7.572, 4.756, 3.857, 3.258, 3.358, 5.159, 4.675, 3.922, 4.348, 4.115, 4.472, 4.73, 4.949, 7.945, 6.25, 3.969, 4.113, 3.282, 2.292, 1.205, 0.0, 4.284, 6.805, 5.937, 6.093, 7.039, 5.945, 5.857, 5.912, 4.257, 3.138, 3.691, 4.42, 3.989, 4.025, 5.774, 6.289, 5.57, 5.974, 7.271, 10.822, 10.591, 8.25, 6.329, 6.158, 6.251, 6.1, 6.33, 6.421], [5.576, 5.085, 5.411, 5.3, 2.896, 2.402, 2.374, 2.375, 1.862, 1.434, 2.187, 2.035, 3.148, 2.554, 1.586, 2.074, 3.857, 2.047, 1.916, 2.188, 1.688, 2.283, 3.623, 4.284, 0.0, 3.193, 4.634, 4.771, 4.972, 4.556, 4.978, 4.8, 3.613, 4.797, 4.726, 3.362, 3.677, 3.386, 5.258, 6.765, 6.068, 6.679, 7.659, 9.399, 8.779, 7.26, 6.389, 5.803, 5.586, 5.39, 6.282, 6.488], [3.981, 3.412, 3.154, 3.01, 2.682, 3.768, 4.068, 3.575, 2.852, 2.859, 3.355, 2.777, 2.989, 2.552, 3.515, 3.809, 3.667, 2.929, 4.383, 4.642, 4.385, 4.855, 6.148, 6.805, 3.193, 0.0, 2.749, 3.533, 3.888, 3.476, 3.788, 3.809, 4.343, 7.162, 6.303, 4.315, 5.46, 5.149, 4.391, 6.321, 5.814, 6.192, 5.755, 6.775, 6.057, 4.71, 4.584, 4.638, 4.67, 4.074, 4.709, 5.087], [2.675, 2.433, 1.53, 2.299, 3.03, 4.622, 4.828, 4.068, 4.48, 4.438, 4.365, 4.176, 3.033, 2.84, 4.694, 5.288, 5.409, 4.834, 6.124, 6.242, 5.498, 5.315, 5.545, 5.937, 4.634, 2.749, 0.0, 1.738, 2.502, 2.255, 2.077, 2.09, 3.392, 6.11, 5.404, 3.311, 4.377, 4.31, 2.514, 4.514, 4.208, 4.464, 3.632, 6.069, 5.695, 3.23, 2.431, 2.712, 2.887, 2.12, 2.618, 2.835], [2.277, 2.735, 2.554, 3.406, 4.067, 5.022, 5.107, 4.766, 4.999, 4.881, 4.906, 4.715, 4.152, 3.592, 5.287, 5.867, 6.347, 5.265, 6.054, 6.161, 5.26, 5.107, 5.577, 6.093, 4.771, 3.533, 1.738, 0.0, 1.351, 1.392, 1.18, 1.237, 2.839, 5.38, 4.623, 2.772, 3.688, 3.644, 1.87, 3.497, 3.266, 3.593, 3.601, 6.947, 6.668, 4.288, 2.267, 1.728, 2.017, 1.921, 2.645, 2.013], [2.958, 3.783, 3.34, 3.873, 4.95, 5.437, 5.856, 5.527, 5.187, 5.317, 5.722, 5.397, 5.084, 4.362, 5.323, 5.794, 6.143, 5.373, 6.334, 6.359, 5.499, 5.622, 6.345, 7.039, 4.972, 3.888, 2.502, 1.351, 0.0, 1.51, 1.696, 1.666, 3.144, 5.844, 5.06, 3.177, 3.976, 3.98, 1.928, 3.686, 3.726, 4.037, 4.118, 7.381, 6.98, 4.609, 2.713, 2.064, 1.891, 2.222, 2.941, 2.189], [2.134, 3.021, 3.037, 3.767, 4.058, 4.915, 4.991, 4.584, 4.774, 4.659, 4.81, 4.608, 4.231, 3.58, 5.123, 5.72, 6.148, 5.151, 5.746, 5.959, 4.764, 4.71, 5.263, 5.945, 4.556, 3.476, 2.255, 1.392, 1.51, 0.0, 1.258, 1.637, 2.454, 4.94, 4.1, 2.451, 3.367, 3.536, 2.254, 3.745, 3.2, 3.636, 4.383, 7.43, 7.064, 4.852, 3.015, 1.762, 2.036, 2.495, 3.302, 2.613], [2.083, 2.69, 2.921, 3.745, 4.045, 5.134, 5.169, 4.71, 5.114, 4.968, 4.841, 4.831, 4.114, 3.74, 5.424, 6.03, 6.684, 5.448, 6.22, 6.352, 5.285, 5.149, 5.483, 5.857, 4.978, 3.788, 2.077, 1.18, 1.696, 1.258, 0.0, 1.22, 2.612, 4.839, 3.925, 2.644, 3.279, 3.575, 2.107, 3.443, 2.963, 3.187, 4.024, 7.437, 7.111, 4.861, 2.516, 1.429, 1.67, 2.371, 3.18, 2.33], [2.265, 2.632, 2.732, 3.613, 4.316, 5.283, 5.282, 4.973, 5.1, 5.106, 5.105, 5.036, 4.11, 3.895, 5.032, 5.782, 6.399, 5.173, 6.216, 6.215, 5.377, 5.271, 5.525, 5.912, 4.8, 3.809, 2.09, 1.237, 1.666, 1.637, 1.22, 0.0, 2.659, 5.092, 4.505, 2.599, 3.475, 3.353, 1.786, 3.482, 3.041, 3.447, 3.919, 7.517, 7.174, 4.753, 2.476, 1.694, 1.314, 2.195, 2.904, 2.282], [3.058, 3.563, 4.296, 5.359, 3.957, 4.621, 4.538, 4.35, 4.943, 4.469, 4.174, 4.057, 3.411, 3.476, 4.545, 5.228, 6.307, 5.04, 4.994, 5.148, 3.949, 3.706, 3.658, 4.257, 3.613, 4.343, 3.392, 2.839, 3.144, 2.454, 2.612, 2.659, 0.0, 3.25, 2.594, 1.505, 1.721, 1.724, 2.674, 3.776, 3.055, 3.747, 5.807, 9.212, 8.826, 6.184, 4.279, 2.972, 2.845, 3.59, 4.541, 3.807], [4.711, 5.04, 6.527, 7.906, 5.345, 5.191, 4.87, 4.502, 5.689, 5.249, 4.579, 4.866, 4.807, 4.886, 5.512, 5.623, 8.173, 6.623, 5.483, 5.709, 4.39, 3.932, 3.171, 3.138, 4.797, 7.162, 6.11, 5.38, 5.844, 4.94, 4.839, 5.092, 3.25, 0.0, 1.69, 3.612, 2.158, 2.853, 5.119, 4.517, 3.5, 4.164, 7.323, 11.339, 11.027, 8.592, 5.833, 4.51, 4.822, 6.204, 6.593, 5.63], [4.112, 4.677, 5.83, 7.132, 4.552, 5.626, 5.176, 4.772, 5.906, 5.284, 4.19, 4.286, 3.954, 4.162, 5.684, 6.192, 7.915, 6.32, 5.811, 6.119, 4.68, 4.111, 3.663, 3.691, 4.726, 6.303, 5.404, 4.623, 5.06, 4.1, 3.925, 4.505, 2.594, 1.69, 0.0, 2.88, 1.873, 2.363, 4.521, 4.124, 3.101, 3.586, 6.747, 10.344, 10.076, 7.762, 5.314, 3.847, 4.152, 5.537, 6.14, 5.236], [3.371, 3.646, 4.267, 5.173, 3.765, 4.45, 4.373, 4.073, 4.497, 4.069, 3.972, 3.921, 3.528, 3.322, 4.076, 4.778, 5.984, 4.359, 4.719, 4.843, 3.673, 3.758, 3.926, 4.42, 3.362, 4.315, 3.311, 2.772, 3.177, 2.451, 2.644, 2.599, 1.505, 3.612, 2.88, 0.0, 1.808, 1.486, 2.542, 4.154, 3.464, 4.052, 5.88, 9.088, 8.764, 6.314, 4.36, 3.149, 2.923, 3.55, 4.477, 4.046], [3.821, 4.172, 5.165, 6.432, 4.185, 4.678, 4.589, 4.332, 4.985, 4.426, 4.011, 4.278, 3.847, 3.773, 4.617, 5.044, 6.74, 5.24, 4.946, 5.094, 3.822, 3.881, 3.686, 3.989, 3.677, 5.46, 4.377, 3.688, 3.976, 3.367, 3.279, 3.475, 1.721, 2.158, 1.873, 1.808, 0.0, 1.191, 3.443, 4.059, 3.295, 4.053, 6.497, 10.26, 9.902, 7.357, 4.9, 3.394, 3.459, 4.626, 5.43, 4.469], [4.085, 4.427, 5.221, 6.256, 3.973, 4.414, 4.469, 4.199, 4.69, 4.208, 3.965, 3.991, 3.727, 3.648, 4.074, 4.59, 6.071, 4.688, 4.633, 4.753, 3.595, 3.707, 3.591, 4.025, 3.386, 5.149, 4.31, 3.644, 3.98, 3.536, 3.575, 3.353, 1.724, 2.853, 2.363, 1.486, 1.191, 0.0, 3.335, 4.73, 3.965, 4.755, 6.735, 10.248, 9.849, 7.122, 5.175, 3.995, 3.736, 4.531, 5.485, 4.783], [2.643, 3.198, 3.017, 3.852, 4.893, 5.74, 5.668, 5.33, 5.769, 5.595, 5.153, 5.322, 4.266, 4.248, 5.773, 6.256, 6.901, 5.926, 6.522, 6.609, 5.567, 5.488, 5.311, 5.774, 5.258, 4.391, 2.514, 1.87, 1.928, 2.254, 2.107, 1.786, 2.674, 5.119, 4.521, 2.542, 3.443, 3.335, 0.0, 2.863, 3.005, 3.491, 3.68, 7.302, 6.935, 4.446, 2.339, 1.776, 1.665, 1.483, 2.417, 1.935], [3.354, 3.614, 4.464, 5.629, 6.566, 7.773, 7.333, 7.137, 7.899, 7.531, 6.945, 6.926, 5.649, 5.724, 7.77, 8.564, 9.485, 8.006, 8.158, 8.422, 7.152, 6.781, 6.197, 6.289, 6.765, 6.321, 4.514, 3.497, 3.686, 3.745, 3.443, 3.482, 3.776, 4.517, 4.124, 4.154, 4.059, 4.73, 2.863, 0.0, 1.583, 1.814, 4.147, 8.704, 8.332, 6.065, 3.413, 2.394, 2.569, 3.331, 3.39, 2.541], [2.915, 3.327, 4.261, 5.651, 5.963, 7.17, 6.654, 6.471, 7.226, 6.875, 6.278, 6.279, 4.994, 5.137, 7.068, 7.904, 8.88, 7.372, 7.447, 7.688, 6.424, 6.051, 5.517, 5.57, 6.068, 5.814, 4.208, 3.266, 3.726, 3.2, 2.963, 3.041, 3.055, 3.5, 3.101, 3.464, 3.295, 3.965, 3.005, 1.583, 0.0, 1.235, 4.756, 9.22, 8.835, 6.53, 3.686, 2.298, 2.474, 3.761, 3.946, 3.013], [2.987, 3.38, 4.592, 5.963, 6.069, 7.614, 6.893, 6.782, 7.773, 7.291, 6.467, 6.371, 5.076, 5.432, 7.568, 8.411, 9.445, 7.867, 7.885, 8.206, 6.925, 6.448, 6.001, 5.974, 6.679, 6.192, 4.464, 3.593, 4.037, 3.636, 3.187, 3.447, 3.747, 4.164, 3.586, 4.052, 4.053, 4.755, 3.491, 1.814, 1.235, 0.0, 4.612, 9.186, 8.892, 6.494, 3.68, 2.572, 2.81, 4.128, 4.14, 3.202], [3.276, 3.374, 3.264, 3.781, 5.823, 7.74, 7.472, 6.967, 7.686, 7.596, 7.005, 6.83, 5.311, 5.478, 8.062, 8.693, 8.703, 8.06, 9.04, 9.14, 8.242, 7.645, 7.313, 7.271, 7.659, 5.755, 3.632, 3.601, 4.118, 4.383, 4.024, 3.919, 5.807, 7.323, 6.747, 5.88, 6.497, 6.735, 3.68, 4.147, 4.756, 4.612, 0.0, 4.748, 5.09, 3.301, 2.106, 3.729, 4.035, 2.632, 1.842, 2.244], [7.31, 7.179, 5.674, 4.761, 6.943, 9.706, 9.57, 8.543, 9.046, 9.072, 8.563, 8.267, 7.248, 7.135, 9.736, 10.28, 9.212, 9.435, 10.813, 11.18, 10.558, 10.07, 10.444, 10.822, 9.399, 6.775, 6.069, 6.947, 7.381, 7.43, 7.437, 7.517, 9.212, 11.339, 10.344, 9.088, 10.26, 10.248, 7.302, 8.704, 9.22, 9.186, 4.748, 0.0, 1.37, 3.318, 5.873, 7.465, 7.809, 6.041, 5.639, 6.714], [7.042, 6.885, 5.329, 4.264, 6.594, 9.077, 8.927, 7.94, 8.339, 8.362, 7.844, 7.682, 6.907, 6.678, 9.118, 9.617, 8.386, 8.711, 10.143, 10.507, 9.889, 9.532, 10.056, 10.591, 8.779, 6.057, 5.695, 6.668, 6.98, 7.064, 7.111, 7.174, 8.826, 11.027, 10.076, 8.764, 9.902, 9.849, 6.935, 8.332, 8.835, 8.892, 5.09, 1.37, 0.0, 3.017, 5.649, 7.119, 7.459, 5.616, 5.202, 6.278], [4.793, 4.675, 3.225, 2.835, 4.977, 7.226, 7.254, 6.35, 7.052, 6.904, 6.462, 6.181, 4.971, 4.974, 7.249, 7.86, 7.132, 7.37, 8.652, 8.807, 8.203, 7.667, 7.788, 8.25, 7.26, 4.71, 3.23, 4.288, 4.609, 4.852, 4.861, 4.753, 6.184, 8.592, 7.762, 6.314, 7.357, 7.122, 4.446, 6.065, 6.53, 6.494, 3.301, 3.318, 3.017, 0.0, 3.246, 4.875, 5.019, 3.396, 3.111, 4.046], [2.651, 2.654, 2.557, 3.068, 4.468, 6.36, 6.13, 5.446, 6.277, 6.123, 5.605, 5.446, 4.042, 4.288, 6.59, 7.173, 7.23, 6.674, 7.688, 7.831, 6.85, 6.332, 6.281, 6.329, 6.389, 4.584, 2.431, 2.267, 2.713, 3.015, 2.516, 2.476, 4.279, 5.833, 5.314, 4.36, 4.9, 5.175, 2.339, 3.413, 3.686, 3.68, 2.106, 5.873, 5.649, 3.246, 0.0, 2.425, 2.725, 2.147, 1.757, 1.835], [2.353, 2.976, 3.212, 4.143, 4.902, 6.118, 5.881, 5.546, 6.147, 5.988, 5.544, 5.64, 4.686, 4.446, 6.433, 7.063, 7.763, 6.484, 6.945, 7.223, 6.014, 5.719, 5.779, 6.158, 5.803, 4.638, 2.712, 1.728, 2.064, 1.762, 1.429, 1.694, 2.972, 4.51, 3.847, 3.149, 3.394, 3.995, 1.776, 2.394, 2.298, 2.572, 3.729, 7.465, 7.119, 4.875, 2.425, 0.0, 1.286, 2.234, 2.98, 1.975], [2.532, 3.133, 3.393, 4.278, 5.122, 6.234, 6.056, 5.833, 6.13, 6.097, 5.855, 5.909, 4.789, 4.58, 6.005, 6.746, 7.47, 6.12, 6.894, 7.078, 5.984, 5.872, 5.838, 6.251, 5.586, 4.67, 2.887, 2.017, 1.891, 2.036, 1.67, 1.314, 2.845, 4.822, 4.152, 2.923, 3.459, 3.736, 1.665, 2.569, 2.474, 2.81, 4.035, 7.809, 7.459, 5.019, 2.725, 1.286, 0.0, 2.229, 2.976, 2.122], [2.748, 2.943, 2.519, 3.064, 4.555, 5.664, 5.597, 5.212, 5.624, 5.595, 5.283, 5.319, 4.076, 3.895, 5.9, 6.473, 6.987, 5.868, 6.762, 6.83, 5.915, 5.715, 5.471, 6.1, 5.39, 4.074, 2.12, 1.921, 2.222, 2.495, 2.371, 2.195, 3.59, 6.204, 5.537, 3.55, 4.626, 4.531, 1.483, 3.331, 3.761, 4.128, 2.632, 6.041, 5.616, 3.396, 2.147, 2.234, 2.229, 0.0, 1.505, 1.685], [2.794, 2.95, 2.617, 2.915, 5.123, 6.5, 6.293, 5.924, 6.416, 6.38, 5.866, 5.942, 4.578, 4.339, 6.754, 7.322, 7.446, 6.704, 7.668, 7.71, 6.852, 6.501, 6.259, 6.33, 6.282, 4.709, 2.618, 2.645, 2.941, 3.302, 3.18, 2.904, 4.541, 6.593, 6.14, 4.477, 5.43, 5.485, 2.417, 3.39, 3.946, 4.14, 1.842, 5.639, 5.202, 3.111, 1.757, 2.98, 2.976, 1.505, 0.0, 1.331], [2.163, 2.711, 2.764, 3.565, 5.594, 6.794, 6.615, 6.233, 6.7, 6.705, 6.18, 6.284, 4.94, 4.722, 7.052, 7.626, 7.92, 7.007, 7.827, 7.943, 6.921, 6.603, 6.229, 6.421, 6.488, 5.087, 2.835, 2.013, 2.189, 2.613, 2.33, 2.282, 3.807, 5.63, 5.236, 4.046, 4.469, 4.783, 1.935, 2.541, 3.013, 3.202, 2.244, 6.714, 6.278, 4.046, 1.835, 1.975, 2.122, 1.685, 1.331, 0.0]]