[[0.0, 1.063, 1.33, 2.12, 2.822, 3.812, 3.56, 4.016, 4.747, 6.8, 8.635, 8.108, 6.263, 5.538, 5.459, 5.945, 7.143, 8.801, 10.4, 11.621, 12.055, 11.866, 12.997, 15.207, 15.816, 16.193, 16.487, 16.106, 13.439, 13.574, 15.641, 14.026, 11.859, 12.798, 11.516, 9.44, 9.381, 10.412, 8.924, 5.007, 2.845, 2.963, 2.679, 2.164, 2.29, 1.35, 1.57, 2.287, 1.939, 2.915, 3.828, 2.803, 3.504, 5.161, 5.081, 5.152, 5.498, 4.427, 3.649, 3.878, 3.89, 3.635, 4.088, 3.74, 2.205, 3.05, 1.774, 1.808, 3.427, 4.183, 3.711, 4.459, 2.448, 1.936, 1.326, 1.907, 2.681, 2.611, 2.726, 2.519, 2.41, 2.234, 2.568, 2.038, 2.581, 2.78, 2.718, 3.765, 3.303, 3.152, 2.669, 2.935, 3.644, 3.942, 3.755, 3.457, 4.235, 4.453, 2.813, 2.916, 2.92, 2.469, 2.801, 2.94, 3.174, 2.702, 3.023, 1.894, 2.814, 5.042, 5.392, 6.411, 7.022, 7.06, 8.351, 9.07, 9.004, 9.374, 10.296, 10.99, 10.826, 11.194, 10.678, 9.112, 5.799, 3.042, 2.271, 1.777, 1.846, 3.032, 4.038, 5.188, 5.561, 4.87, 2.397, 3.908, 5.146, 4.468, 4.816, 8.283, 10.765, 9.749, 7.474, 7.381, 6.288, 4.804], [1.063, 0.0, 1.261, 1.775, 2.814, 3.818, 3.545, 3.981, 4.671, 6.887, 8.672, 8.137, 6.285, 5.562, 5.358, 5.849, 7.167, 8.795, 10.317, 11.609, 12.021, 11.872, 12.927, 15.172, 15.838, 16.216, 16.524, 16.129, 13.461, 13.604, 15.678, 14.063, 11.88, 12.835, 11.544, 9.476, 9.418, 10.431, 8.943, 5.015, 2.675, 2.817, 2.53, 2.095, 2.352, 1.569, 1.3, 2.325, 1.913, 3.04, 3.776, 2.613, 3.443, 5.089, 5.009, 5.138, 5.472, 4.342, 3.566, 3.746, 3.889, 3.546, 4.04, 3.668, 2.148, 3.2, 1.857, 1.948, 3.592, 4.202, 3.833, 4.499, 2.46, 2.027, 1.411, 1.997, 2.607, 2.611, 2.73, 2.412, 2.438, 2.215, 2.461, 1.715, 2.379, 2.427, 2.29, 3.218, 2.772, 2.609, 2.06, 2.791, 3.655, 4.087, 3.822, 3.406, 4.314, 4.502, 3.028, 3.255, 3.065, 2.586, 3.049, 3.001, 3.155, 2.918, 3.11, 2.161, 3.01, 5.285, 5.266, 6.365, 6.907, 7.179, 8.179, 9.002, 9.012, 9.375, 10.353, 10.937, 10.873, 11.207, 10.68, 9.075, 5.72, 3.289, 2.545, 1.915, 1.777, 2.98, 4.059, 5.238, 5.615, 4.984, 2.407, 3.788, 5.125, 4.35, 4.805, 8.302, 10.788, 9.854, 7.521, 7.487, 6.368, 4.886], [1.33, 1.261, 0.0, 1.456, 1.996, 3.256, 2.954, 3.431, 4.057, 6.004, 7.778, 7.218, 5.382, 4.577, 4.587, 5.04, 6.169, 7.837, 9.54, 10.74, 11.147, 10.936, 12.199, 14.333, 14.936, 15.19, 15.49, 15.116, 12.513, 12.641, 14.732, 13.099, 10.86, 11.857, 10.579, 8.615, 8.498, 9.446, 7.929, 4.2, 2.201, 2.488, 2.22, 2.164, 2.946, 1.888, 1.576, 1.996, 1.711, 3.509, 4.496, 3.512, 4.34, 5.975, 5.893, 6.121, 6.327, 5.226, 4.443, 4.57, 4.423, 4.063, 4.847, 4.459, 2.169, 2.571, 1.741, 1.706, 2.871, 3.479, 3.053, 3.696, 1.93, 1.592, 1.505, 2.527, 3.617, 3.499, 3.641, 3.189, 3.02, 3.091, 3.242, 2.27, 2.064, 2.334, 2.422, 3.255, 2.993, 3.096, 2.486, 2.372, 2.854, 3.283, 3.29, 2.802, 3.512, 3.745, 2.808, 3.325, 3.538, 2.94, 3.169, 3.348, 3.666, 3.067, 3.12, 2.209, 3.393, 5.735, 6.135, 7.109, 7.75, 7.711, 9.043, 9.616, 9.456, 9.867, 10.807, 11.408, 11.464, 11.89, 11.357, 9.981, 6.581, 3.492, 2.502, 1.986, 2.517, 3.59, 4.69, 5.805, 5.998, 5.641, 3.192, 3.372, 4.344, 3.999, 4.044, 7.295, 9.773, 8.948, 6.658, 6.62, 5.508, 4.094], [2.12, 1.775, 1.456, 0.0, 1.696, 3.085, 2.703, 3.046, 3.444, 5.645, 7.405, 6.847, 4.983, 4.193, 4.068, 4.526, 5.701, 7.313, 9.014, 10.205, 10.649, 10.424, 11.664, 13.883, 14.526, 14.749, 15.115, 14.697, 12.05, 12.252, 14.35, 12.731, 10.368, 11.478, 10.229, 8.223, 8.13, 9.014, 7.503, 3.797, 1.918, 2.299, 2.101, 2.708, 3.691, 2.722, 1.522, 1.837, 2.291, 4.404, 4.964, 3.952, 4.77, 6.316, 6.237, 6.525, 6.826, 5.586, 4.805, 4.907, 4.828, 4.563, 5.228, 4.815, 2.906, 3.025, 2.599, 2.56, 2.95, 3.412, 2.933, 3.471, 2.299, 2.267, 2.275, 2.899, 4.055, 3.981, 4.226, 3.595, 3.336, 3.58, 3.822, 2.543, 1.835, 1.604, 1.657, 2.543, 2.301, 2.47, 1.984, 1.951, 2.57, 3.071, 3.15, 2.853, 3.504, 3.415, 3.83, 4.347, 4.379, 3.803, 4.208, 4.235, 4.374, 3.863, 3.448, 2.889, 4.293, 6.598, 6.781, 7.605, 8.24, 8.224, 9.483, 10.031, 9.998, 10.411, 11.352, 11.956, 11.985, 12.365, 11.878, 10.493, 7.043, 4.624, 3.302, 2.624, 3.203, 4.088, 5.107, 6.28, 6.395, 6.049, 3.678, 2.582, 3.959, 3.118, 3.584, 6.848, 9.279, 8.577, 6.247, 6.249, 5.273, 3.99], [2.822, 2.814, 1.996, 1.696, 0.0, 1.878, 1.439, 1.808, 2.366, 4.39, 6.184, 5.695, 3.873, 3.147, 3.139, 3.707, 4.663, 6.389, 8.178, 9.406, 9.766, 9.499, 10.936, 13.006, 13.546, 13.597, 13.905, 13.519, 11.021, 11.043, 13.135, 11.503, 9.259, 10.254, 9.021, 7.109, 6.937, 7.961, 6.404, 2.791, 1.515, 1.956, 1.854, 2.915, 4.175, 3.359, 2.63, 2.452, 2.738, 4.882, 6.068, 5.04, 5.926, 7.521, 7.443, 7.745, 8.001, 6.821, 6.01, 6.123, 5.893, 5.458, 6.438, 6.031, 3.051, 2.951, 2.644, 2.459, 2.687, 2.989, 2.184, 2.652, 1.768, 1.913, 2.522, 3.98, 5.194, 5.125, 5.268, 4.744, 4.519, 4.689, 4.67, 3.087, 1.569, 1.517, 2.035, 2.806, 2.806, 3.518, 2.659, 1.387, 1.734, 2.197, 2.556, 2.236, 2.122, 2.556, 3.569, 4.505, 4.831, 3.864, 4.125, 4.358, 4.679, 4.122, 4.124, 3.442, 4.475, 6.878, 7.578, 8.727, 9.216, 9.154, 10.677, 11.164, 10.908, 11.306, 12.259, 12.896, 13.042, 13.427, 12.934, 11.608, 8.218, 4.82, 3.672, 3.267, 3.903, 5.072, 6.125, 7.202, 7.28, 7.071, 4.592, 2.464, 3.143, 2.945, 2.803, 5.77, 8.248, 7.383, 5.051, 5.035, 4.413, 3.212], [3.812, 3.818, 3.256, 3.085, 1.878, 0.0, 1.11, 1.288, 2.113, 3.75, 5.619, 5.451, 4.179, 3.215, 3.246, 4.258, 5.273, 6.555, 8.651, 9.732, 9.823, 9.64, 11.406, 13.22, 13.402, 13.491, 13.618, 13.272, 10.9, 10.721, 12.639, 10.988, 9.099, 9.825, 8.504, 6.925, 6.724, 7.886, 6.464, 3.19, 1.937, 2.065, 2.148, 3.22, 4.689, 4.07, 3.806, 3.872, 3.695, 5.287, 6.697, 5.689, 6.586, 8.276, 8.203, 8.326, 8.556, 7.537, 6.747, 6.855, 6.565, 6.054, 7.116, 6.761, 3.107, 3.362, 3.116, 2.903, 2.885, 3.139, 2.257, 2.913, 2.507, 2.346, 3.056, 4.518, 5.796, 5.684, 5.796, 5.777, 5.788, 5.269, 5.183, 3.532, 2.307, 2.279, 2.8, 2.904, 3.292, 4.245, 3.306, 1.803, 2.338, 2.269, 2.265, 2.138, 1.56, 2.721, 4.13, 5.003, 5.258, 4.065, 4.017, 4.649, 4.811, 4.877, 5.043, 4.231, 4.485, 6.919, 8.11, 9.308, 9.681, 9.719, 11.38, 11.877, 11.548, 11.824, 12.715, 13.492, 13.585, 13.998, 13.387, 12.076, 8.881, 5.488, 4.802, 4.569, 4.726, 5.724, 6.72, 7.623, 7.968, 7.657, 5.15, 3.176, 3.599, 3.351, 3.418, 6.108, 8.28, 7.015, 4.867, 4.729, 4.589, 3.387], [3.56, 3.545, 2.954, 2.703, 1.439, 1.11, 0.0, 0.893, 1.675, 3.47, 5.335, 5.077, 3.928, 2.973, 2.953, 3.853, 4.926, 6.242, 8.317, 9.435, 9.635, 9.365, 11.066, 12.958, 13.263, 13.32, 13.477, 13.116, 10.741, 10.448, 12.334, 10.754, 8.91, 9.561, 8.35, 6.654, 6.45, 7.684, 6.258, 2.804, 1.933, 2.34, 2.414, 3.524, 4.797, 4.123, 3.426, 3.387, 3.322, 5.57, 6.901, 5.892, 6.802, 8.487, 8.406, 8.464, 8.789, 7.728, 6.937, 7.049, 6.778, 6.258, 7.322, 6.953, 3.491, 2.956, 3.001, 2.887, 2.428, 2.759, 1.983, 2.408, 1.954, 2.218, 3.131, 4.525, 5.931, 5.841, 5.995, 5.785, 5.665, 5.402, 5.336, 3.561, 2.168, 2.016, 2.666, 3.358, 3.444, 4.468, 3.447, 1.51, 2.154, 2.022, 2.073, 2.312, 1.774, 2.284, 3.956, 5.216, 5.447, 3.945, 4.051, 4.563, 4.791, 4.563, 4.591, 3.777, 4.682, 7.135, 8.332, 9.527, 9.897, 9.923, 11.603, 12.074, 11.762, 12.017, 12.952, 13.681, 13.813, 14.198, 13.619, 12.303, 9.094, 5.633, 4.538, 4.235, 4.799, 5.866, 6.886, 7.836, 8.195, 7.872, 5.166, 2.673, 3.183, 3.033, 3.065, 5.681, 8.103, 6.757, 4.527, 4.465, 4.084, 3.006], [4.016, 3.981, 3.431, 3.046, 1.808, 1.288, 0.893, 0.0, 1.215, 2.997, 4.959, 4.768, 3.524, 2.559, 2.507, 3.464, 4.552, 5.918, 7.934, 9.102, 9.268, 9.033, 10.677, 12.597, 12.891, 12.99, 13.13, 12.807, 10.368, 10.154, 12.082, 10.359, 8.598, 9.273, 7.911, 6.264, 6.058, 7.312, 5.895, 2.42, 2.271, 2.765, 2.834, 4.062, 5.233, 4.57, 3.826, 3.753, 3.769, 6.099, 7.34, 6.329, 7.228, 8.912, 8.839, 8.897, 9.181, 8.169, 7.372, 7.479, 7.206, 6.686, 7.752, 7.386, 4.02, 3.344, 3.523, 3.344, 2.988, 3.131, 2.272, 2.635, 2.197, 2.691, 3.602, 4.943, 6.358, 6.317, 6.481, 6.192, 6.063, 5.837, 5.757, 4.031, 2.623, 2.306, 2.974, 3.28, 3.847, 4.884, 3.871, 1.678, 2.123, 2.18, 2.435, 2.853, 2.038, 2.613, 4.498, 5.722, 5.976, 4.404, 4.636, 4.921, 5.162, 4.99, 4.868, 4.223, 5.131, 7.68, 8.766, 9.956, 10.312, 10.35, 12.025, 12.507, 12.143, 12.395, 13.315, 14.1, 14.183, 14.63, 14.006, 12.703, 9.513, 6.185, 5.006, 4.667, 5.249, 6.312, 7.313, 8.256, 8.615, 8.302, 5.596, 2.635, 2.826, 2.671, 2.726, 5.447, 7.751, 6.38, 4.238, 4.302, 4.252, 3.188], [4.747, 4.671, 4.057, 3.444, 2.366, 2.113, 1.675, 1.215, 0.0, 2.464, 4.401, 4.241, 2.875, 1.965, 1.782, 2.806, 4.037, 5.417, 7.416, 8.621, 8.829, 8.543, 10.14, 12.14, 12.437, 12.505, 12.663, 12.291, 9.918, 9.627, 11.512, 9.778, 8.091, 8.753, 7.444, 5.815, 5.609, 6.859, 5.445, 1.982, 3.018, 3.609, 3.67, 4.957, 5.96, 5.32, 4.364, 3.879, 4.222, 6.955, 8.053, 7.027, 7.923, 9.612, 9.539, 9.603, 9.874, 8.866, 8.074, 8.179, 7.896, 7.375, 8.445, 8.095, 4.994, 3.722, 4.31, 4.149, 3.284, 3.428, 2.591, 2.487, 2.843, 3.418, 4.348, 5.618, 7.068, 7.044, 7.253, 6.892, 6.619, 6.513, 6.456, 4.736, 3.097, 2.842, 3.586, 3.817, 4.517, 5.571, 4.559, 2.42, 2.428, 2.331, 3.09, 3.55, 2.647, 2.706, 5.228, 6.526, 6.715, 5.274, 5.504, 5.654, 5.842, 5.517, 5.057, 4.731, 5.938, 8.596, 9.516, 10.637, 11.009, 11.039, 12.707, 13.205, 12.845, 13.095, 14.027, 14.803, 14.887, 15.332, 14.678, 13.398, 10.209, 6.961, 5.46, 5.126, 5.981, 7.0, 8.013, 8.925, 9.297, 8.963, 6.274, 2.39, 2.462, 2.405, 2.202, 4.956, 7.265, 5.865, 3.809, 4.0, 3.995, 2.943], [6.8, 6.887, 6.004, 5.645, 4.39, 3.75, 3.47, 2.997, 2.464, 0.0, 2.173, 2.676, 2.435, 1.775, 1.914, 2.254, 2.675, 3.843, 5.702, 6.666, 6.798, 6.613, 8.469, 10.15, 10.338, 10.403, 10.506, 10.155, 7.847, 7.479, 9.315, 7.449, 5.96, 6.54, 5.315, 3.883, 3.659, 4.797, 3.417, 2.22, 5.083, 5.421, 5.394, 6.795, 8.214, 7.426, 6.663, 5.367, 5.917, 8.884, 10.296, 9.288, 10.212, 11.885, 11.799, 11.873, 12.164, 11.152, 10.355, 10.47, 10.191, 9.681, 10.731, 10.375, 6.563, 4.172, 5.822, 5.673, 3.898, 3.37, 3.467, 3.035, 4.676, 5.314, 6.517, 7.889, 9.344, 9.223, 9.368, 9.077, 8.744, 8.795, 8.747, 6.989, 5.011, 4.964, 5.84, 6.037, 6.812, 7.866, 6.857, 4.344, 3.638, 3.227, 3.73, 4.472, 3.678, 3.244, 6.175, 8.56, 8.865, 7.157, 7.017, 7.645, 7.959, 7.65, 6.871, 6.412, 8.009, 10.367, 11.721, 12.913, 13.279, 13.328, 15.012, 15.499, 15.122, 15.368, 16.304, 17.084, 17.172, 17.569, 16.987, 15.691, 12.504, 8.349, 6.884, 7.085, 8.154, 9.279, 10.308, 11.253, 11.612, 11.265, 8.553, 3.881, 2.494, 3.464, 2.5, 3.265, 5.318, 3.887, 2.337, 2.641, 3.092, 2.824], [8.635, 8.672, 7.778, 7.405, 6.184, 5.619, 5.335, 4.959, 4.401, 2.173, 0.0, 1.484, 2.599, 3.404, 3.619, 3.119, 2.271, 2.576, 4.169, 5.094, 5.161, 5.031, 6.878, 8.57, 8.661, 8.719, 8.723, 8.271, 6.214, 5.787, 7.325, 5.468, 4.167, 4.742, 3.721, 2.431, 2.171, 3.171, 2.324, 3.827, 6.828, 7.167, 7.12, 8.555, 10.042, 9.243, 8.461, 7.087, 7.651, 10.645, 12.107, 11.092, 12.008, 13.68, 13.602, 13.742, 14.017, 12.977, 12.176, 12.291, 11.996, 11.494, 12.536, 12.196, 8.358, 6.063, 7.755, 7.565, 5.757, 4.961, 5.36, 4.543, 6.421, 7.093, 8.309, 9.735, 11.198, 11.05, 11.16, 10.86, 10.519, 10.629, 10.574, 8.841, 6.806, 6.783, 7.661, 7.797, 8.611, 9.62, 8.642, 6.154, 5.439, 5.035, 5.539, 6.26, 5.201, 4.815, 7.962, 10.375, 10.711, 9.085, 8.742, 9.517, 9.821, 9.456, 8.58, 8.258, 9.865, 12.208, 13.535, 14.731, 15.11, 15.158, 16.797, 17.325, 16.958, 17.225, 18.156, 18.926, 19.026, 19.401, 18.846, 17.524, 14.329, 10.16, 8.656, 8.83, 9.95, 11.092, 12.127, 13.035, 13.407, 13.025, 10.355, 5.579, 3.813, 5.029, 4.125, 2.549, 3.74, 2.508, 2.313, 3.083, 3.927, 4.503], [8.108, 8.137, 7.218, 6.847, 5.695, 5.451, 5.077, 4.768, 4.241, 2.676, 1.484, 0.0, 2.067, 3.126, 3.305, 2.626, 1.617, 2.25, 3.658, 4.467, 4.682, 4.477, 6.247, 7.964, 8.341, 8.449, 8.632, 8.283, 5.806, 5.618, 7.591, 6.034, 4.13, 4.795, 3.489, 1.786, 1.538, 2.783, 1.918, 3.297, 6.241, 6.58, 6.602, 7.994, 9.516, 8.692, 7.896, 6.522, 7.117, 10.076, 11.542, 10.527, 11.446, 13.12, 13.043, 13.208, 13.457, 12.41, 11.616, 11.729, 11.43, 10.924, 11.975, 11.635, 7.958, 5.954, 7.29, 7.072, 5.824, 5.187, 5.486, 5.015, 6.079, 6.702, 7.781, 9.147, 10.663, 10.514, 10.624, 10.287, 9.947, 10.094, 10.046, 8.259, 6.235, 6.213, 7.101, 7.233, 8.042, 9.062, 8.077, 5.599, 5.091, 4.921, 5.903, 6.208, 5.587, 5.045, 7.725, 9.813, 10.115, 8.739, 8.675, 9.378, 9.721, 9.17, 8.125, 7.761, 9.509, 11.745, 12.982, 14.166, 14.549, 14.615, 16.236, 16.773, 16.468, 16.718, 17.628, 18.391, 18.492, 18.904, 18.288, 17.005, 13.776, 9.727, 8.207, 8.265, 9.368, 10.516, 11.602, 12.534, 12.846, 12.455, 9.791, 5.055, 3.342, 4.515, 3.54, 2.276, 3.346, 2.352, 2.299, 3.682, 4.665, 4.84], [6.263, 6.285, 5.382, 4.983, 3.873, 4.179, 3.928, 3.524, 2.875, 2.435, 2.599, 2.067, 0.0, 1.614, 1.734, 1.291, 1.642, 3.091, 4.758, 5.925, 6.227, 5.945, 7.467, 9.486, 9.878, 10.097, 10.323, 9.959, 7.391, 7.416, 9.439, 7.864, 5.838, 6.585, 5.274, 3.328, 3.231, 4.398, 2.929, 1.732, 4.33, 4.711, 4.772, 6.29, 7.653, 6.804, 6.004, 4.67, 5.427, 8.247, 9.65, 8.635, 9.559, 11.233, 11.155, 11.352, 11.562, 10.533, 9.729, 9.844, 9.547, 9.039, 10.096, 9.749, 6.525, 4.903, 5.664, 5.532, 4.89, 4.597, 4.456, 4.013, 4.511, 4.878, 5.936, 7.327, 8.81, 8.661, 8.772, 8.405, 8.044, 8.242, 8.184, 6.466, 4.476, 4.326, 5.219, 5.338, 6.163, 7.172, 6.195, 3.9, 3.594, 3.776, 4.989, 5.208, 4.564, 4.183, 6.694, 7.98, 8.362, 7.196, 7.417, 7.763, 8.122, 7.43, 6.388, 6.104, 7.87, 10.195, 11.127, 12.273, 12.724, 12.74, 14.341, 14.88, 14.581, 14.928, 15.791, 16.538, 16.617, 17.076, 16.453, 15.143, 11.889, 8.092, 6.533, 6.383, 7.513, 8.661, 9.741, 10.68, 10.959, 10.563, 7.916, 3.315, 1.877, 2.697, 1.817, 2.76, 4.743, 3.798, 2.415, 3.58, 4.172, 4.19], [5.538, 5.562, 4.577, 4.193, 3.147, 3.215, 2.973, 2.559, 1.965, 1.775, 3.404, 3.126, 1.614, 0.0, 0.892, 1.476, 2.439, 3.981, 5.865, 7.088, 7.278, 7.038, 8.615, 10.615, 10.874, 11.002, 11.175, 10.829, 8.373, 8.273, 10.238, 8.72, 6.726, 7.4, 6.063, 4.366, 4.18, 5.332, 3.91, 1.417, 3.602, 4.143, 4.171, 5.727, 7.011, 6.016, 5.235, 3.916, 4.856, 7.703, 8.881, 7.866, 8.79, 10.465, 10.387, 10.583, 10.786, 9.761, 8.961, 9.076, 8.77, 8.274, 9.319, 8.981, 5.774, 3.837, 4.956, 4.738, 3.717, 3.555, 3.365, 2.88, 3.626, 4.193, 5.268, 6.538, 8.044, 7.895, 8.005, 7.633, 7.271, 7.481, 7.483, 5.725, 3.682, 3.583, 4.468, 4.659, 5.388, 6.404, 5.416, 3.282, 2.824, 2.817, 3.842, 4.102, 3.452, 3.063, 5.713, 7.358, 7.624, 6.392, 6.496, 6.786, 7.075, 6.473, 5.51, 5.551, 7.02, 9.59, 10.402, 11.508, 11.907, 11.934, 13.569, 14.105, 13.777, 14.049, 14.951, 15.705, 15.816, 16.257, 15.636, 14.36, 11.113, 7.308, 5.85, 5.632, 6.801, 7.872, 8.973, 9.875, 10.182, 9.787, 7.113, 2.458, 1.331, 1.979, 1.385, 3.543, 5.79, 4.509, 2.631, 3.268, 3.533, 2.984], [5.459, 5.358, 4.587, 4.068, 3.139, 3.246, 2.953, 2.507, 1.782, 1.914, 3.619, 3.305, 1.734, 0.892, 0.0, 1.446, 2.639, 4.226, 6.128, 7.359, 7.634, 7.356, 8.891, 10.924, 11.242, 11.373, 11.53, 11.205, 8.741, 8.635, 10.557, 9.004, 7.107, 7.732, 6.355, 4.621, 4.439, 5.692, 4.25, 1.439, 3.596, 4.176, 4.235, 5.783, 6.868, 5.898, 5.098, 4.015, 4.924, 7.711, 8.743, 7.728, 8.641, 10.316, 10.238, 10.363, 10.63, 9.603, 8.812, 8.922, 8.628, 8.131, 9.168, 8.829, 5.937, 4.169, 4.969, 4.787, 4.008, 3.834, 3.466, 3.104, 3.702, 4.156, 5.157, 6.317, 7.825, 7.676, 7.883, 7.475, 7.136, 7.264, 7.284, 5.465, 3.505, 3.447, 4.363, 4.532, 5.237, 6.255, 5.303, 3.337, 3.105, 3.135, 4.083, 4.465, 3.691, 3.354, 5.983, 7.359, 7.419, 6.301, 6.663, 6.636, 6.875, 6.248, 5.578, 5.511, 7.021, 9.618, 10.241, 11.349, 11.762, 11.778, 13.412, 13.951, 13.599, 13.871, 14.807, 15.558, 15.656, 16.064, 15.458, 14.155, 10.955, 7.537, 6.029, 5.646, 6.676, 7.736, 8.754, 9.671, 10.044, 9.648, 6.895, 2.284, 1.472, 1.813, 1.266, 3.846, 6.155, 4.773, 2.982, 3.553, 3.847, 3.334], [5.945, 5.849, 5.04, 4.526, 3.707, 4.258, 3.853, 3.464, 2.806, 2.254, 3.119, 2.626, 1.291, 1.476, 1.446, 0.0, 1.618, 3.332, 5.047, 6.223, 6.653, 6.434, 7.721, 9.841, 10.341, 10.508, 10.752, 10.397, 7.833, 7.86, 9.897, 8.43, 6.274, 7.034, 5.769, 3.853, 3.706, 4.832, 3.291, 1.671, 4.037, 4.49, 4.553, 6.136, 7.405, 6.455, 5.567, 4.281, 5.311, 8.04, 9.171, 8.138, 9.062, 10.738, 10.661, 10.875, 11.08, 10.035, 9.247, 9.349, 9.042, 8.66, 9.593, 9.254, 6.579, 4.839, 5.754, 5.474, 4.895, 4.504, 4.561, 4.086, 4.529, 4.956, 5.725, 6.921, 8.332, 8.185, 8.392, 7.925, 7.556, 7.779, 7.744, 6.01, 3.99, 3.837, 4.792, 4.895, 5.663, 6.68, 5.753, 3.928, 3.614, 3.875, 4.999, 5.212, 4.65, 4.155, 6.626, 7.814, 7.935, 7.222, 7.547, 7.683, 7.959, 7.278, 6.235, 6.059, 7.815, 10.246, 10.712, 11.807, 12.269, 12.269, 13.861, 14.48, 14.189, 14.463, 15.424, 16.071, 16.164, 16.609, 16.027, 14.694, 11.406, 7.86, 6.386, 6.057, 7.03, 8.236, 9.265, 10.308, 10.559, 10.059, 7.399, 2.549, 1.286, 2.16, 1.482, 2.99, 5.283, 4.275, 2.62, 3.636, 4.137, 4.088], [7.143, 7.167, 6.169, 5.701, 4.663, 5.273, 4.926, 4.552, 4.037, 2.675, 2.271, 1.617, 1.642, 2.439, 2.639, 1.618, 0.0, 2.174, 3.657, 4.824, 5.271, 5.045, 6.398, 8.469, 9.068, 9.089, 9.451, 9.049, 6.519, 6.602, 8.702, 7.187, 4.814, 5.823, 4.581, 2.671, 2.524, 3.479, 1.947, 2.448, 5.052, 5.391, 5.374, 7.066, 8.638, 7.79, 6.763, 5.34, 6.128, 9.091, 10.442, 9.407, 10.336, 11.952, 11.867, 12.177, 12.455, 11.249, 10.436, 10.555, 10.303, 9.916, 10.865, 10.447, 7.279, 5.594, 6.672, 6.391, 5.689, 5.099, 5.406, 4.915, 5.541, 6.067, 6.863, 8.326, 9.634, 9.479, 9.589, 9.141, 8.77, 9.119, 9.126, 7.374, 5.323, 5.106, 5.925, 6.073, 6.953, 7.922, 7.045, 4.916, 4.303, 4.724, 5.76, 5.925, 5.483, 4.938, 7.246, 8.869, 9.253, 8.329, 8.508, 8.922, 9.279, 8.549, 7.511, 7.058, 9.03, 11.175, 12.054, 13.165, 13.688, 13.646, 15.117, 15.604, 15.451, 15.808, 16.768, 17.37, 17.534, 17.905, 17.446, 16.089, 12.664, 8.593, 7.085, 7.091, 8.309, 9.481, 10.567, 11.678, 11.754, 11.419, 8.813, 3.901, 2.356, 3.596, 2.489, 1.833, 3.882, 3.075, 2.106, 3.689, 4.68, 4.81], [8.801, 8.795, 7.837, 7.313, 6.389, 6.555, 6.242, 5.918, 5.417, 3.843, 2.576, 2.25, 3.091, 3.981, 4.226, 3.332, 2.174, 0.0, 2.354, 3.29, 3.634, 3.388, 5.133, 6.878, 7.35, 7.569, 7.944, 7.526, 4.916, 5.099, 7.22, 5.733, 3.231, 4.447, 3.253, 2.183, 2.333, 2.398, 2.436, 3.899, 6.492, 6.818, 6.855, 8.522, 10.337, 9.555, 8.442, 6.956, 7.461, 10.641, 12.058, 10.992, 11.971, 13.513, 13.402, 13.783, 14.091, 12.78, 11.944, 12.068, 11.981, 11.593, 12.502, 12.015, 8.302, 6.938, 8.103, 8.008, 6.843, 6.3, 6.555, 6.028, 6.924, 7.51, 8.465, 9.99, 11.254, 11.069, 11.179, 10.726, 10.313, 10.769, 10.794, 8.993, 6.943, 6.702, 7.46, 7.728, 8.579, 9.547, 8.655, 6.352, 5.424, 5.811, 6.939, 7.194, 6.687, 6.111, 8.498, 10.454, 11.038, 9.789, 9.779, 10.507, 10.808, 10.208, 9.049, 8.485, 10.306, 12.432, 13.713, 14.82, 15.397, 15.433, 16.743, 17.151, 17.19, 17.651, 18.561, 19.128, 19.29, 19.663, 19.169, 17.793, 14.283, 10.157, 8.486, 8.717, 9.908, 11.161, 12.31, 13.427, 13.428, 13.149, 10.426, 5.51, 3.996, 5.349, 4.088, 2.4, 2.724, 2.859, 3.116, 4.738, 5.771, 5.966], [10.4, 10.317, 9.54, 9.014, 8.178, 8.651, 8.317, 7.934, 7.416, 5.702, 4.169, 3.658, 4.758, 5.865, 6.128, 5.047, 3.657, 2.354, 0.0, 1.638, 2.218, 2.033, 3.111, 5.133, 5.884, 6.192, 6.567, 6.157, 3.547, 3.776, 5.897, 4.46, 2.291, 3.523, 3.207, 3.047, 3.196, 2.507, 2.781, 5.685, 8.04, 8.432, 8.539, 10.143, 11.909, 11.19, 10.085, 8.408, 9.019, 12.161, 13.588, 12.426, 13.457, 14.862, 14.812, 15.259, 15.583, 14.212, 13.32, 13.508, 13.641, 13.213, 14.029, 13.483, 10.42, 8.742, 9.95, 9.794, 8.741, 8.043, 8.748, 8.203, 8.941, 9.427, 10.113, 11.651, 12.667, 12.436, 12.569, 12.133, 11.725, 12.282, 12.277, 10.493, 8.362, 8.172, 9.049, 9.301, 10.053, 10.979, 10.068, 8.189, 7.271, 7.942, 8.887, 9.22, 8.845, 8.179, 10.371, 12.208, 12.737, 11.714, 11.904, 12.419, 12.769, 12.095, 10.945, 10.194, 12.319, 14.354, 15.219, 16.405, 16.948, 17.161, 18.198, 18.642, 18.887, 19.397, 20.285, 20.878, 20.957, 21.3, 20.795, 19.333, 15.766, 11.561, 9.993, 10.185, 11.326, 12.805, 14.031, 15.094, 15.196, 14.798, 11.848, 7.045, 5.562, 6.939, 5.759, 3.102, 2.688, 3.128, 4.578, 6.214, 7.482, 8.014], [11.621, 11.609, 10.74, 10.205, 9.406, 9.732, 9.435, 9.102, 8.621, 6.666, 5.094, 4.467, 5.925, 7.088, 7.359, 6.223, 4.824, 3.29, 1.638, 0.0, 1.322, 1.175, 2.554, 3.861, 4.469, 4.777, 5.152, 4.734, 2.223, 2.506, 4.451, 3.038, 1.749, 2.65, 2.839, 3.271, 3.555, 2.757, 3.592, 6.927, 9.304, 9.66, 9.703, 11.33, 13.186, 12.398, 11.299, 9.737, 10.256, 13.428, 14.843, 13.763, 14.758, 16.283, 16.179, 16.566, 16.877, 15.573, 14.735, 14.86, 14.861, 14.48, 15.312, 14.803, 11.446, 9.649, 11.063, 10.968, 9.514, 9.016, 9.616, 8.977, 10.12, 10.655, 11.35, 12.838, 14.035, 13.841, 13.952, 13.5, 13.097, 13.561, 13.581, 11.794, 9.724, 9.49, 10.294, 10.569, 11.366, 12.33, 11.437, 9.334, 8.369, 8.782, 9.7, 10.161, 9.714, 8.938, 10.958, 13.403, 13.934, 12.865, 12.946, 13.65, 13.994, 13.321, 12.173, 11.315, 13.505, 15.387, 16.512, 17.629, 18.218, 18.327, 19.527, 19.922, 20.095, 20.566, 21.492, 22.066, 22.166, 22.538, 22.047, 20.607, 17.067, 12.856, 11.212, 11.505, 12.691, 14.026, 15.21, 16.32, 16.388, 16.018, 13.208, 8.283, 6.857, 8.183, 6.965, 3.93, 2.699, 3.453, 5.185, 6.777, 8.005, 8.8], [12.055, 12.021, 11.147, 10.649, 9.766, 9.823, 9.635, 9.268, 8.829, 6.798, 5.161, 4.682, 6.227, 7.278, 7.634, 6.653, 5.271, 3.634, 2.218, 1.322, 0.0, 1.494, 3.235, 4.022, 4.121, 4.258, 4.626, 4.289, 2.297, 2.767, 3.874, 2.574, 1.837, 2.318, 2.737, 3.469, 3.772, 2.786, 3.676, 7.203, 9.825, 10.176, 10.184, 11.77, 13.583, 12.826, 11.738, 10.176, 10.694, 13.851, 15.31, 14.253, 15.181, 16.777, 16.694, 17.032, 17.32, 16.077, 15.261, 15.387, 15.297, 14.875, 15.729, 15.279, 11.627, 9.81, 11.405, 11.356, 9.662, 9.164, 9.676, 9.084, 10.336, 10.93, 11.774, 13.288, 14.474, 14.323, 14.434, 13.982, 13.612, 13.989, 14.004, 12.213, 10.163, 9.952, 10.789, 10.978, 11.808, 12.766, 11.875, 9.687, 8.546, 8.81, 9.77, 10.209, 9.686, 8.86, 11.112, 13.786, 14.374, 13.134, 12.999, 13.924, 14.205, 13.626, 12.434, 11.713, 13.679, 15.688, 16.927, 18.09, 18.624, 18.775, 19.965, 20.432, 20.474, 21.008, 21.89, 22.475, 22.591, 22.946, 22.458, 21.01, 17.503, 13.29, 11.714, 11.938, 13.13, 14.457, 15.639, 16.723, 16.774, 16.454, 13.646, 8.76, 7.253, 8.63, 7.406, 4.223, 1.995, 3.115, 5.239, 6.637, 7.907, 8.785], [11.866, 11.872, 10.936, 10.424, 9.499, 9.64, 9.365, 9.033, 8.543, 6.613, 5.031, 4.477, 5.945, 7.038, 7.356, 6.434, 5.045, 3.388, 2.033, 1.175, 1.494, 0.0, 2.289, 3.719, 4.171, 4.426, 4.79, 4.372, 1.771, 2.085, 4.058, 2.562, 1.621, 2.353, 2.403, 3.157, 3.524, 2.733, 3.694, 6.983, 9.646, 9.966, 9.967, 11.597, 13.407, 12.625, 11.516, 10.031, 10.535, 13.716, 15.142, 14.106, 15.046, 16.627, 16.533, 16.883, 17.165, 15.925, 15.097, 15.221, 15.073, 14.675, 15.585, 15.125, 11.465, 9.734, 11.166, 11.11, 9.428, 8.938, 9.541, 8.89, 10.046, 10.637, 11.557, 13.071, 14.329, 14.177, 14.288, 13.835, 13.443, 13.843, 13.867, 12.069, 10.019, 9.811, 10.613, 10.797, 11.655, 12.623, 11.731, 9.439, 8.467, 8.683, 9.619, 10.065, 9.621, 8.86, 11.056, 13.55, 14.142, 12.908, 12.853, 13.607, 13.928, 13.313, 12.164, 11.535, 13.42, 15.492, 16.787, 17.897, 18.461, 18.535, 19.819, 20.265, 20.26, 20.764, 21.659, 22.232, 22.378, 22.737, 22.253, 20.855, 17.359, 13.146, 11.554, 11.801, 12.985, 14.244, 15.405, 16.51, 16.52, 16.23, 13.502, 8.613, 7.105, 8.462, 7.201, 4.041, 2.955, 3.662, 5.25, 6.805, 8.097, 8.71], [12.997, 12.927, 12.199, 11.664, 10.936, 11.406, 11.066, 10.677, 10.14, 8.469, 6.878, 6.247, 7.467, 8.615, 8.891, 7.721, 6.398, 5.133, 3.111, 2.554, 3.235, 2.289, 0.0, 2.44, 3.204, 3.514, 3.886, 3.55, 1.973, 2.229, 3.697, 3.537, 3.419, 3.528, 4.072, 5.092, 5.351, 4.582, 5.525, 8.429, 10.707, 11.061, 11.173, 12.769, 14.579, 13.845, 12.699, 11.022, 11.686, 14.848, 16.197, 15.043, 16.069, 17.547, 17.454, 17.861, 18.179, 16.855, 16.001, 16.13, 16.233, 15.882, 16.629, 16.103, 13.199, 11.597, 12.715, 12.523, 11.6, 10.857, 11.539, 11.005, 11.682, 12.18, 12.79, 14.278, 15.314, 15.107, 15.222, 14.771, 14.372, 14.882, 14.889, 13.105, 11.027, 10.79, 11.637, 11.912, 12.673, 13.617, 12.722, 10.918, 10.051, 10.73, 11.741, 12.006, 11.616, 11.002, 13.242, 14.892, 15.348, 14.468, 14.659, 15.16, 15.501, 14.836, 13.677, 12.901, 15.036, 17.119, 17.829, 18.993, 19.546, 19.799, 20.818, 21.305, 21.559, 22.04, 22.971, 23.546, 23.569, 23.923, 23.417, 21.932, 18.378, 14.257, 12.714, 12.825, 13.973, 15.4, 16.678, 17.779, 17.865, 17.386, 14.486, 9.702, 8.322, 9.577, 8.386, 6.015, 4.993, 5.871, 7.46, 9.078, 10.363, 10.805], [15.207, 15.172, 14.333, 13.883, 13.006, 13.22, 12.958, 12.597, 12.14, 10.15, 8.57, 7.964, 9.486, 10.615, 10.924, 9.841, 8.469, 6.878, 5.133, 3.861, 4.022, 3.719, 2.44, 0.0, 1.24, 1.857, 2.158, 2.339, 2.512, 2.999, 3.613, 4.291, 4.673, 4.454, 5.259, 6.472, 6.749, 5.659, 6.861, 10.453, 12.998, 13.361, 13.387, 14.901, 16.741, 15.989, 14.917, 13.306, 13.84, 16.993, 18.442, 17.383, 18.328, 19.914, 19.849, 20.164, 20.434, 19.236, 18.405, 18.529, 18.448, 18.027, 18.932, 18.466, 15.044, 13.144, 14.629, 14.56, 13.017, 12.513, 13.112, 12.484, 13.648, 14.218, 14.918, 16.45, 17.589, 17.444, 17.561, 17.126, 16.758, 17.125, 17.14, 15.351, 13.256, 13.116, 13.99, 14.185, 14.944, 15.892, 14.968, 12.915, 11.825, 12.274, 13.192, 13.656, 13.206, 12.429, 14.539, 16.994, 17.54, 16.402, 16.438, 17.197, 17.528, 16.891, 15.717, 14.878, 17.013, 18.883, 20.075, 21.212, 21.782, 21.959, 23.081, 23.597, 23.679, 24.195, 25.08, 25.674, 25.76, 26.115, 25.611, 24.17, 20.624, 16.396, 14.848, 15.106, 16.261, 17.621, 18.842, 19.893, 20.033, 19.605, 16.739, 11.858, 10.385, 11.758, 10.578, 7.479, 5.778, 6.79, 8.678, 10.266, 11.528, 12.292], [15.816, 15.838, 14.936, 14.526, 13.546, 13.402, 13.263, 12.891, 12.437, 10.338, 8.661, 8.341, 9.878, 10.874, 11.242, 10.341, 9.068, 7.35, 5.884, 4.469, 4.121, 4.171, 3.204, 1.24, 0.0, 0.949, 1.187, 1.539, 2.623, 2.891, 2.937, 3.998, 4.814, 4.206, 5.105, 6.735, 6.973, 5.706, 7.172, 10.931, 13.753, 14.107, 14.086, 15.556, 17.343, 16.561, 15.57, 14.095, 14.638, 17.651, 19.136, 18.1, 19.024, 20.702, 20.624, 20.864, 21.117, 20.007, 19.198, 19.313, 19.096, 18.628, 19.602, 19.216, 15.471, 13.488, 15.093, 15.043, 13.249, 12.776, 13.292, 12.641, 13.932, 14.552, 15.487, 16.991, 18.31, 18.164, 18.275, 17.898, 17.525, 17.772, 17.765, 16.03, 13.965, 13.799, 14.729, 14.899, 15.649, 16.66, 15.678, 13.368, 12.363, 12.41, 13.359, 13.817, 13.174, 12.428, 14.845, 17.54, 18.083, 16.818, 16.566, 17.536, 17.823, 17.256, 16.088, 15.463, 17.279, 19.425, 20.689, 21.822, 22.388, 22.476, 23.838, 24.368, 24.263, 24.705, 25.599, 26.176, 26.314, 26.695, 26.189, 24.783, 21.367, 17.148, 15.582, 15.827, 16.964, 18.223, 19.378, 20.445, 20.596, 20.196, 17.449, 12.511, 10.89, 12.297, 11.148, 7.97, 5.654, 6.698, 8.875, 10.14, 11.397, 12.292], [16.193, 16.216, 15.19, 14.749, 13.597, 13.491, 13.32, 12.99, 12.505, 10.403, 8.719, 8.449, 10.097, 11.002, 11.373, 10.508, 9.089, 7.569, 6.192, 4.777, 4.258, 4.426, 3.514, 1.857, 0.949, 0.0, 0.891, 1.087, 2.81, 2.941, 2.367, 3.715, 4.777, 4.045, 5.158, 6.908, 7.052, 5.863, 7.277, 11.222, 14.061, 14.381, 14.335, 15.906, 17.653, 16.841, 15.8, 14.402, 14.945, 18.046, 19.514, 18.479, 19.385, 21.026, 20.942, 21.245, 21.504, 20.325, 19.512, 19.631, 19.352, 18.943, 19.937, 19.524, 15.61, 13.597, 15.389, 15.222, 13.332, 12.863, 13.4, 12.702, 14.041, 14.745, 15.846, 17.375, 18.689, 18.547, 18.658, 18.214, 17.842, 18.169, 18.171, 16.424, 14.373, 14.178, 15.001, 15.134, 16.018, 16.981, 16.085, 13.659, 12.68, 12.551, 13.432, 13.847, 13.203, 12.405, 14.846, 17.777, 18.304, 16.954, 16.627, 17.642, 17.919, 17.331, 16.239, 15.833, 17.498, 19.716, 21.09, 22.214, 22.724, 22.696, 24.172, 24.675, 24.47, 24.851, 25.791, 26.392, 26.582, 26.931, 26.482, 25.138, 21.713, 17.5, 15.927, 16.149, 17.351, 18.514, 19.616, 20.71, 20.755, 20.468, 17.856, 12.918, 11.189, 12.542, 11.417, 8.015, 5.498, 6.737, 8.964, 10.009, 11.358, 12.338], [16.487, 16.524, 15.49, 15.115, 13.905, 13.618, 13.477, 13.13, 12.663, 10.506, 8.723, 8.632, 10.323, 11.175, 11.53, 10.752, 9.451, 7.944, 6.567, 5.152, 4.626, 4.79, 3.886, 2.158, 1.187, 0.891, 0.0, 1.297, 3.163, 3.078, 2.276, 3.725, 4.977, 4.085, 5.359, 7.2, 7.309, 6.239, 7.675, 11.561, 14.436, 14.755, 14.71, 16.234, 17.9, 17.068, 16.151, 14.777, 15.32, 18.369, 19.869, 18.834, 19.734, 21.392, 21.314, 21.591, 21.789, 20.695, 19.887, 20.003, 19.686, 19.259, 20.285, 19.898, 15.984, 13.759, 15.654, 15.47, 13.411, 13.011, 13.543, 12.723, 14.25, 14.976, 16.143, 17.636, 19.042, 18.893, 19.004, 18.575, 18.205, 18.481, 18.445, 16.718, 14.667, 14.532, 15.373, 15.497, 16.361, 17.331, 16.394, 13.959, 13.042, 12.758, 13.524, 14.006, 13.216, 12.468, 15.109, 18.065, 18.574, 17.116, 16.7, 17.778, 18.067, 17.488, 16.429, 16.101, 17.742, 19.969, 21.365, 22.503, 22.979, 22.94, 24.515, 25.043, 24.734, 25.054, 26.007, 26.704, 26.824, 27.248, 26.711, 25.393, 22.049, 17.833, 16.281, 16.51, 17.693, 18.85, 19.968, 20.931, 21.098, 20.746, 18.15, 13.243, 11.421, 12.785, 11.76, 8.367, 5.871, 6.913, 9.143, 10.013, 11.384, 12.396], [16.106, 16.129, 15.116, 14.697, 13.519, 13.272, 13.116, 12.807, 12.291, 10.155, 8.271, 8.283, 9.959, 10.829, 11.205, 10.397, 9.049, 7.526, 6.157, 4.734, 4.289, 4.372, 3.55, 2.339, 1.539, 1.087, 1.297, 0.0, 2.752, 2.71, 1.915, 3.067, 4.466, 3.661, 5.043, 6.846, 6.973, 5.816, 7.28, 11.143, 14.018, 14.337, 14.292, 15.816, 17.525, 16.705, 15.733, 14.359, 14.902, 17.964, 19.451, 18.416, 19.317, 20.974, 20.896, 21.18, 21.414, 20.279, 19.469, 19.585, 19.276, 18.861, 19.874, 19.48, 15.566, 13.44, 15.275, 15.096, 13.059, 12.688, 13.22, 12.271, 13.864, 14.606, 15.732, 17.261, 18.626, 18.482, 18.592, 18.163, 17.793, 18.082, 18.069, 16.341, 14.291, 14.115, 14.955, 15.079, 15.949, 16.919, 16.003, 13.541, 12.624, 12.356, 13.14, 13.629, 12.729, 12.083, 14.714, 17.687, 18.197, 16.807, 16.341, 17.454, 17.757, 17.139, 16.065, 15.716, 17.362, 19.596, 20.973, 22.127, 22.609, 22.56, 24.103, 24.626, 24.347, 24.713, 25.658, 26.289, 26.458, 26.847, 26.344, 25.021, 21.641, 17.418, 15.864, 16.092, 17.282, 18.438, 19.55, 20.574, 20.68, 20.37, 17.774, 12.84, 11.066, 12.437, 11.349, 7.936, 5.487, 6.605, 8.806, 9.519, 10.729, 11.994], [13.439, 13.461, 12.513, 12.05, 11.021, 10.9, 10.741, 10.368, 9.918, 7.847, 6.214, 5.806, 7.391, 8.373, 8.741, 7.833, 6.519, 4.916, 3.547, 2.223, 2.297, 1.771, 1.973, 2.512, 2.623, 2.81, 3.163, 2.752, 0.0, 1.036, 2.719, 2.348, 2.398, 2.297, 2.966, 4.327, 4.651, 3.558, 4.75, 8.488, 11.353, 11.673, 11.627, 13.22, 14.923, 14.136, 13.148, 11.717, 12.25, 15.31, 16.732, 15.699, 16.659, 18.32, 18.227, 18.462, 18.754, 17.606, 16.797, 16.911, 16.661, 16.188, 17.17, 16.816, 12.927, 10.984, 12.651, 12.546, 10.733, 10.255, 10.807, 10.157, 11.433, 12.073, 13.101, 14.631, 15.927, 15.764, 15.875, 15.512, 15.133, 15.413, 15.429, 13.666, 11.616, 11.39, 12.281, 12.448, 13.26, 14.283, 13.328, 10.95, 10.01, 9.95, 10.845, 11.332, 10.79, 10.028, 12.402, 15.097, 15.597, 14.307, 14.074, 15.039, 15.316, 14.739, 13.574, 13.091, 14.795, 16.999, 18.348, 19.46, 19.997, 19.994, 21.466, 21.968, 21.845, 22.205, 23.111, 23.712, 23.874, 24.236, 23.762, 22.402, 19.026, 14.801, 13.182, 13.431, 14.582, 15.763, 16.886, 18.008, 18.126, 17.768, 15.099, 10.163, 8.505, 9.857, 8.66, 5.437, 3.741, 4.442, 6.412, 7.837, 9.115, 9.874], [13.574, 13.604, 12.641, 12.252, 11.043, 10.721, 10.448, 10.154, 9.627, 7.479, 5.787, 5.618, 7.416, 8.273, 8.635, 7.86, 6.602, 5.099, 3.776, 2.506, 2.767, 2.085, 2.229, 2.999, 2.891, 2.941, 3.078, 2.71, 1.036, 0.0, 2.469, 2.072, 2.252, 2.107, 2.666, 4.324, 4.435, 3.596, 4.97, 8.642, 11.582, 11.902, 11.865, 13.379, 14.987, 14.162, 13.297, 11.924, 12.466, 15.477, 16.95, 15.928, 16.853, 18.528, 18.451, 18.674, 18.89, 17.834, 17.025, 17.14, 16.832, 16.341, 17.394, 17.045, 13.119, 10.834, 12.737, 12.543, 10.433, 10.001, 10.529, 9.769, 11.308, 12.059, 13.218, 14.723, 16.125, 15.976, 16.086, 15.711, 15.344, 15.561, 15.537, 13.811, 11.76, 11.619, 12.509, 12.633, 13.461, 14.473, 13.479, 11.02, 10.189, 9.822, 10.51, 11.039, 10.319, 9.633, 12.198, 15.222, 15.667, 14.208, 13.716, 14.765, 15.125, 14.574, 13.509, 13.181, 14.824, 17.059, 18.442, 19.6, 20.068, 20.011, 21.658, 22.181, 21.866, 22.136, 23.117, 23.786, 23.922, 24.345, 23.799, 22.48, 19.196, 14.977, 13.411, 13.656, 14.787, 15.936, 17.049, 18.016, 18.244, 17.878, 15.25, 10.348, 8.543, 9.899, 8.867, 5.522, 4.112, 4.484, 6.23, 7.364, 8.614, 9.427], [15.641, 15.678, 14.732, 14.35, 13.135, 12.639, 12.334, 12.082, 11.512, 9.315, 7.325, 7.591, 9.439, 10.238, 10.557, 9.897, 8.702, 7.22, 5.897, 4.451, 3.874, 4.058, 3.697, 3.613, 2.937, 2.367, 2.276, 1.915, 2.719, 2.469, 0.0, 2.073, 4.104, 3.206, 4.518, 6.386, 6.531, 5.659, 6.992, 10.718, 13.684, 14.003, 13.958, 15.48, 17.038, 16.209, 15.399, 14.025, 14.568, 17.578, 19.045, 18.03, 18.952, 20.626, 20.549, 20.74, 20.962, 19.923, 19.123, 19.238, 18.934, 18.434, 19.481, 19.142, 15.217, 12.781, 14.738, 14.544, 12.321, 11.88, 12.405, 11.328, 13.372, 14.087, 15.294, 16.724, 18.192, 18.043, 18.154, 17.795, 17.433, 17.631, 17.572, 15.826, 13.775, 13.721, 14.607, 14.731, 15.548, 16.566, 15.58, 13.093, 12.29, 11.794, 12.362, 13.08, 11.919, 11.244, 14.244, 17.313, 17.682, 16.135, 15.668, 16.64, 17.008, 16.511, 15.561, 15.252, 16.866, 19.098, 20.499, 21.673, 22.064, 22.099, 23.742, 24.27, 23.943, 24.192, 25.124, 25.868, 25.988, 26.392, 25.806, 24.516, 21.282, 17.074, 15.512, 15.758, 16.88, 18.028, 19.122, 20.008, 20.34, 19.951, 17.259, 12.408, 10.613, 11.871, 10.918, 7.54, 5.127, 5.954, 8.186, 8.683, 9.761, 11.121], [14.026, 14.063, 13.099, 12.731, 11.503, 10.988, 10.754, 10.359, 9.778, 7.449, 5.468, 6.034, 7.864, 8.72, 9.004, 8.43, 7.187, 5.733, 4.46, 3.038, 2.574, 2.562, 3.537, 4.291, 3.998, 3.715, 3.725, 3.067, 2.348, 2.072, 2.073, 0.0, 2.674, 2.074, 3.177, 4.977, 5.134, 4.384, 5.581, 9.16, 12.128, 12.457, 12.407, 13.871, 15.428, 14.561, 13.779, 12.41, 12.962, 15.975, 17.43, 16.422, 17.334, 19.021, 18.944, 19.133, 19.338, 18.31, 17.504, 17.619, 17.313, 16.813, 17.873, 17.523, 13.598, 11.151, 13.16, 12.973, 10.719, 10.097, 10.605, 9.679, 11.762, 12.521, 13.703, 15.143, 16.591, 16.439, 16.561, 16.198, 15.847, 16.02, 15.979, 14.259, 12.217, 12.101, 12.988, 13.113, 13.94, 14.963, 13.96, 11.481, 10.672, 10.188, 10.592, 11.446, 10.228, 9.631, 12.646, 15.694, 16.115, 14.504, 14.001, 14.881, 15.253, 14.848, 13.896, 13.637, 15.254, 17.49, 18.884, 20.067, 20.482, 20.478, 22.125, 22.658, 22.28, 22.538, 23.494, 24.254, 24.341, 24.759, 24.192, 22.902, 19.662, 15.455, 13.892, 14.159, 15.289, 16.414, 17.515, 18.412, 18.721, 18.342, 15.755, 10.926, 9.173, 10.388, 9.437, 6.028, 3.762, 4.462, 6.572, 6.885, 8.042, 9.467], [11.859, 11.88, 10.86, 10.368, 9.259, 9.099, 8.91, 8.598, 8.091, 5.96, 4.167, 4.13, 5.838, 6.726, 7.107, 6.274, 4.814, 3.231, 2.291, 1.749, 1.837, 1.621, 3.419, 4.673, 4.814, 4.777, 4.977, 4.466, 2.398, 2.252, 4.104, 2.674, 0.0, 1.734, 1.691, 2.827, 3.031, 2.234, 3.269, 6.969, 9.687, 10.013, 9.979, 11.622, 13.353, 12.55, 11.472, 10.083, 10.595, 13.754, 15.186, 14.149, 15.056, 16.628, 16.517, 16.879, 17.178, 15.896, 15.072, 15.196, 15.032, 14.61, 15.566, 15.113, 11.18, 9.255, 11.111, 10.964, 8.859, 8.479, 9.025, 8.128, 9.684, 10.479, 11.569, 13.093, 14.346, 14.208, 14.331, 13.84, 13.44, 13.853, 13.855, 12.105, 10.073, 9.816, 10.597, 10.775, 11.689, 12.657, 11.755, 9.366, 8.374, 8.221, 8.942, 9.454, 8.708, 8.084, 10.622, 13.484, 14.013, 12.588, 12.15, 13.232, 13.539, 12.931, 11.897, 11.51, 13.152, 15.396, 16.777, 17.895, 18.415, 18.387, 19.831, 20.266, 20.16, 20.522, 21.467, 22.073, 22.268, 22.618, 22.16, 20.816, 17.376, 13.169, 11.584, 11.835, 13.005, 14.193, 15.296, 16.405, 16.404, 16.176, 13.598, 8.677, 7.005, 8.356, 7.178, 3.762, 2.75, 3.085, 4.644, 5.823, 7.007, 7.902], [12.798, 12.835, 11.857, 11.478, 10.254, 9.825, 9.561, 9.273, 8.753, 6.54, 4.742, 4.795, 6.585, 7.4, 7.732, 7.034, 5.823, 4.447, 3.523, 2.65, 2.318, 2.353, 3.528, 4.454, 4.206, 4.045, 4.085, 3.661, 2.297, 2.107, 3.206, 2.074, 1.734, 0.0, 1.571, 3.435, 3.532, 2.617, 4.059, 7.875, 10.808, 11.127, 11.081, 12.604, 14.195, 13.349, 12.523, 11.149, 11.692, 14.702, 16.183, 15.154, 16.078, 17.755, 17.677, 17.899, 18.088, 17.054, 16.251, 16.366, 16.058, 15.573, 16.613, 16.27, 12.346, 9.927, 11.911, 11.717, 9.514, 9.091, 9.625, 8.752, 10.519, 11.244, 12.451, 13.896, 15.352, 15.202, 15.313, 14.926, 14.564, 14.788, 14.728, 13.0, 10.95, 10.846, 11.736, 11.86, 12.68, 13.694, 12.707, 10.241, 9.414, 8.959, 9.586, 10.212, 9.204, 8.62, 11.41, 14.437, 14.856, 13.305, 12.857, 13.855, 14.187, 13.706, 12.685, 12.408, 14.024, 16.258, 17.656, 18.799, 19.239, 19.239, 20.871, 21.401, 21.064, 21.317, 22.259, 22.999, 23.111, 23.538, 22.965, 21.676, 18.411, 14.203, 12.636, 12.881, 14.006, 15.159, 16.281, 17.173, 17.468, 17.074, 14.433, 9.557, 7.711, 9.005, 8.074, 4.67, 2.924, 3.411, 5.355, 6.027, 7.345, 8.442], [11.516, 11.544, 10.579, 10.229, 9.021, 8.504, 8.35, 7.911, 7.444, 5.315, 3.721, 3.489, 5.274, 6.063, 6.355, 5.769, 4.581, 3.253, 3.207, 2.839, 2.737, 2.403, 4.072, 5.259, 5.105, 5.158, 5.359, 5.043, 2.966, 2.666, 4.518, 3.177, 1.691, 1.571, 0.0, 2.099, 2.18, 1.947, 3.293, 6.606, 9.561, 9.881, 9.835, 11.358, 12.926, 12.057, 11.276, 9.902, 10.445, 13.456, 14.922, 13.907, 14.831, 16.505, 16.428, 16.617, 16.819, 15.799, 15.002, 15.116, 14.811, 14.306, 15.36, 15.021, 11.104, 8.657, 10.55, 10.356, 8.357, 7.767, 8.29, 7.713, 9.292, 9.977, 11.182, 12.556, 14.078, 13.929, 14.039, 13.671, 13.309, 13.509, 13.446, 11.698, 9.647, 9.598, 10.486, 10.61, 11.427, 12.445, 11.455, 8.973, 8.169, 7.72, 8.492, 9.064, 8.243, 7.565, 10.255, 13.191, 13.554, 11.98, 11.706, 12.553, 12.914, 12.405, 11.428, 11.126, 12.777, 14.977, 16.366, 17.534, 17.933, 17.976, 19.607, 20.143, 19.813, 20.065, 20.984, 21.747, 21.842, 22.293, 21.647, 20.391, 17.151, 12.953, 11.39, 11.635, 12.753, 13.901, 15.007, 15.896, 16.223, 15.828, 13.142, 8.289, 6.442, 7.624, 6.806, 3.927, 3.124, 2.876, 4.29, 5.36, 6.586, 7.259], [9.44, 9.476, 8.615, 8.223, 7.109, 6.925, 6.654, 6.264, 5.815, 3.883, 2.431, 1.786, 3.328, 4.366, 4.621, 3.853, 2.671, 2.183, 3.047, 3.271, 3.469, 3.157, 5.092, 6.472, 6.735, 6.908, 7.2, 6.846, 4.327, 4.324, 6.386, 4.977, 2.827, 3.435, 2.099, 0.0, 0.792, 1.703, 2.032, 4.55, 7.555, 7.874, 7.828, 9.351, 10.839, 10.075, 9.27, 7.896, 8.439, 11.449, 12.916, 11.901, 12.813, 14.487, 14.409, 14.542, 14.832, 13.786, 12.983, 13.098, 12.805, 12.305, 13.353, 13.003, 9.2, 6.914, 8.567, 8.417, 6.785, 6.402, 6.784, 6.187, 7.534, 7.994, 9.095, 10.564, 11.996, 11.847, 11.957, 11.658, 11.296, 11.427, 11.37, 9.647, 7.623, 7.592, 8.468, 8.592, 9.428, 10.426, 9.451, 7.025, 6.209, 6.022, 6.935, 7.558, 6.994, 6.187, 8.763, 11.184, 11.541, 10.134, 10.221, 10.964, 11.222, 10.641, 9.583, 9.046, 10.836, 12.918, 14.356, 15.541, 15.944, 15.997, 17.601, 18.134, 17.849, 18.179, 19.033, 19.803, 19.885, 20.302, 19.708, 18.357, 15.143, 10.935, 9.383, 9.629, 10.754, 11.907, 12.932, 13.894, 14.234, 13.821, 11.08, 6.226, 4.364, 5.697, 4.777, 2.844, 2.979, 2.313, 3.101, 4.621, 5.651, 6.1], [9.381, 9.418, 8.498, 8.13, 6.937, 6.724, 6.45, 6.058, 5.609, 3.659, 2.171, 1.538, 3.231, 4.18, 4.439, 3.706, 2.524, 2.333, 3.196, 3.555, 3.772, 3.524, 5.351, 6.749, 6.973, 7.052, 7.309, 6.973, 4.651, 4.435, 6.531, 5.134, 3.031, 3.532, 2.18, 0.792, 0.0, 1.757, 1.99, 4.482, 7.469, 7.789, 7.743, 9.266, 10.785, 9.965, 9.184, 7.81, 8.353, 11.364, 12.83, 11.815, 12.739, 14.406, 14.329, 14.487, 14.744, 13.706, 12.902, 13.017, 12.718, 12.219, 13.277, 12.922, 9.093, 6.765, 8.485, 8.29, 6.673, 6.17, 6.525, 5.973, 7.322, 7.931, 9.041, 10.475, 11.943, 11.794, 11.905, 11.579, 11.217, 11.375, 11.321, 9.601, 7.55, 7.506, 8.387, 8.511, 9.344, 10.345, 9.366, 6.882, 6.165, 5.827, 6.745, 7.281, 6.662, 5.939, 8.536, 11.098, 11.457, 10.002, 9.945, 10.702, 11.029, 10.419, 9.389, 8.995, 10.774, 12.864, 14.27, 15.454, 15.856, 15.884, 17.518, 18.058, 17.728, 17.985, 18.918, 19.668, 19.77, 20.185, 19.612, 18.264, 15.062, 10.863, 9.298, 9.543, 10.669, 11.818, 12.872, 13.774, 14.131, 13.736, 11.034, 6.148, 4.301, 5.576, 4.691, 2.724, 3.143, 2.283, 2.881, 4.426, 5.432, 5.783], [10.412, 10.431, 9.446, 9.014, 7.961, 7.886, 7.684, 7.312, 6.859, 4.797, 3.171, 2.783, 4.398, 5.332, 5.692, 4.832, 3.479, 2.398, 2.507, 2.757, 2.786, 2.733, 4.582, 5.659, 5.706, 5.863, 6.239, 5.816, 3.558, 3.596, 5.659, 4.384, 2.234, 2.617, 1.947, 1.703, 1.757, 0.0, 1.802, 5.428, 8.308, 8.628, 8.602, 10.118, 11.905, 11.123, 10.071, 8.65, 9.193, 12.261, 13.734, 12.699, 13.6, 15.27, 15.186, 15.465, 15.724, 14.