[[0.0, 2.674, 2.08, 7.462, 5.672, 2.922, 1.702, 2.191, 3.271, 3.311, 3.03, 2.493, 2.631, 3.698, 4.325, 5.395, 5.648, 4.806, 3.06, 1.177, 2.336, 2.174, 3.111, 5.795, 7.72, 7.69, 8.029, 7.53, 9.501, 9.39, 9.516, 10.752, 11.472, 11.215, 9.235, 7.955, 8.958, 8.973, 8.269, 7.373, 5.698, 5.561, 5.7, 5.655, 6.682, 9.3, 11.44, 11.71, 10.262, 7.972, 6.458, 6.432, 6.829, 6.864, 6.566, 7.704, 8.148, 8.158, 7.374, 7.176, 6.957, 6.976, 7.018, 6.251, 5.592, 5.885, 4.329, 4.622, 4.414, 1.729, 4.229, 4.707, 5.022, 3.654, 2.805, 2.485, 2.681, 4.468, 6.608, 9.925, 10.392, 9.406, 9.697, 12.04, 14.279, 14.142, 12.757, 11.913, 10.636, 8.947, 9.474, 9.86, 9.996, 10.696, 11.888, 12.626, 12.859, 12.993, 13.467, 13.72, 13.881, 14.629, 15.501, 14.521, 11.041, 4.395, 2.186, 2.62, 4.594, 3.521, 2.774, 1.523, 3.708, 4.987, 6.565, 8.475, 9.789, 12.12, 14.91, 16.473, 14.975, 11.854, 12.176, 12.379, 10.882, 10.319, 10.396, 10.609, 10.515, 10.262, 9.937, 10.086, 10.405, 10.599, 10.089, 9.187, 9.963, 10.89, 7.427, 3.469, 4.874, 6.386, 7.052, 7.255, 7.39, 8.358, 8.536, 6.005, 1.34, 2.737, 2.801, 2.524, 3.36, 4.964, 6.309, 6.789, 6.285, 4.09, 3.184, 3.272, 3.051, 2.894, 2.58, 1.655, 1.555, 2.382, 2.884, 2.668, 4.319, 6.724, 7.642, 6.447, 5.275, 4.824, 5.275, 6.223, 7.903, 9.089, 8.64, 6.905, 5.628, 5.188, 4.564, 5.633, 6.012, 5.767, 5.649, 6.222, 5.678, 5.919, 5.64, 5.553, 6.618, 7.703, 8.617, 5.295, 3.065, 3.715, 4.035, 4.015, 3.848, 3.809, 3.886, 3.215, 2.958, 3.172, 3.487, 3.527, 3.121, 3.705, 3.366, 2.487, 2.591, 2.91, 3.093, 3.237, 3.819, 4.766, 4.821, 4.829, 5.213, 3.889, 4.137, 4.424, 4.22, 4.435, 4.018, 5.065, 6.924, 6.197], [2.674, 0.0, 4.449, 9.992, 8.189, 4.953, 3.168, 1.45, 1.367, 1.904, 1.618, 1.164, 1.528, 2.269, 2.347, 2.84, 3.034, 2.242, 1.124, 2.855, 4.553, 3.773, 1.925, 3.607, 5.629, 5.286, 5.477, 5.175, 7.235, 7.303, 7.269, 8.337, 9.068, 8.633, 6.686, 6.261, 7.339, 7.389, 6.815, 5.955, 4.407, 4.841, 5.125, 4.822, 4.76, 7.185, 9.385, 9.683, 8.103, 5.823, 4.617, 6.218, 7.152, 7.446, 7.797, 8.643, 9.161, 8.949, 8.037, 7.878, 7.652, 7.451, 7.555, 6.665, 6.272, 6.564, 5.207, 7.139, 6.871, 2.046, 3.216, 3.145, 3.159, 2.469, 2.82, 3.07, 2.291, 2.735, 4.2, 7.346, 7.809, 6.807, 7.113, 9.456, 11.696, 11.586, 10.174, 9.515, 8.322, 6.623, 7.291, 7.546, 7.63, 8.337, 9.383, 10.149, 10.421, 10.527, 10.939, 11.143, 11.372, 12.07, 12.981, 12.175, 8.532, 1.959, 3.494, 4.38, 6.573, 5.062, 3.442, 2.373, 1.356, 2.917, 4.408, 6.347, 7.44, 9.943, 12.602, 13.999, 12.691, 9.638, 9.751, 9.988, 8.464, 7.893, 7.916, 8.096, 7.937, 7.684, 7.354, 7.501, 7.823, 8.027, 7.472, 6.712, 7.674, 8.377, 5.077, 2.304, 3.717, 4.348, 4.732, 4.952, 5.124, 5.861, 6.005, 3.487, 2.972, 4.872, 3.675, 3.203, 4.286, 5.218, 5.025, 5.676, 5.014, 3.189, 2.977, 3.359, 2.726, 2.238, 2.436, 2.932, 3.27, 2.617, 2.618, 2.741, 2.843, 4.611, 5.398, 4.418, 3.503, 2.987, 3.396, 4.246, 5.407, 6.507, 6.092, 4.325, 3.107, 2.652, 2.165, 3.151, 3.438, 3.392, 3.39, 3.938, 3.988, 4.624, 4.767, 4.504, 5.364, 5.478, 6.079, 2.734, 3.835, 3.736, 2.662, 3.124, 3.904, 3.366, 3.541, 3.681, 3.331, 3.887, 4.997, 5.912, 5.422, 3.293, 2.192, 2.479, 2.473, 2.595, 2.915, 3.791, 4.674, 5.775, 6.371, 6.52, 6.327, 4.761, 4.606, 4.501, 4.563, 4.983, 4.277, 3.766, 4.751, 4.365], [2.08, 4.449, 0.0, 5.606, 4.108, 2.248, 2.044, 3.892, 5.102, 4.856, 4.981, 4.346, 4.288, 5.455, 6.177, 7.228, 7.48, 6.644, 4.886, 2.362, 1.807, 2.121, 4.944, 7.709, 9.65, 9.574, 9.916, 9.443, 11.444, 11.35, 11.445, 12.588, 13.319, 13.056, 11.076, 9.778, 10.429, 10.525, 9.861, 8.841, 7.293, 6.654, 6.586, 7.136, 8.524, 11.224, 13.297, 13.489, 12.164, 9.891, 7.971, 6.998, 6.933, 6.493, 6.032, 7.219, 7.54, 7.479, 6.977, 6.709, 6.549, 6.958, 6.861, 6.252, 5.435, 5.313, 3.794, 3.025, 2.575, 2.958, 5.638, 6.409, 6.946, 5.354, 3.636, 3.018, 4.105, 6.143, 8.474, 11.765, 12.232, 11.238, 11.53, 13.873, 16.112, 15.975, 14.59, 13.764, 12.556, 10.804, 11.432, 11.71, 11.855, 12.592, 13.731, 14.485, 14.697, 14.803, 15.313, 15.56, 15.72, 16.469, 17.343, 16.416, 12.86, 6.245, 3.099, 2.075, 3.334, 2.439, 2.479, 2.469, 5.327, 6.645, 8.272, 10.333, 11.593, 14.009, 16.816, 18.276, 16.893, 13.804, 14.063, 14.283, 12.762, 12.163, 12.255, 12.462, 12.355, 12.103, 11.799, 11.945, 12.246, 12.445, 11.921, 11.011, 11.887, 12.726, 9.309, 5.342, 6.405, 8.319, 8.947, 9.156, 9.305, 10.214, 10.39, 7.887, 2.043, 1.886, 3.007, 3.254, 3.407, 5.373, 7.763, 8.369, 7.522, 5.351, 4.077, 4.412, 4.804, 4.802, 4.303, 2.851, 2.171, 3.606, 4.529, 4.331, 5.999, 8.557, 9.475, 8.156, 6.92, 6.628, 6.922, 8.014, 9.765, 10.93, 10.495, 8.758, 7.471, 7.03, 6.418, 7.491, 7.844, 7.624, 7.553, 8.056, 7.346, 7.212, 6.613, 6.68, 7.811, 9.564, 10.454, 7.126, 3.628, 5.111, 5.858, 5.606, 5.09, 5.202, 5.118, 3.77, 3.203, 2.955, 2.83, 2.612, 2.092, 4.699, 5.016, 3.633, 4.084, 4.139, 3.766, 3.489, 3.632, 4.304, 4.285, 4.14, 4.374, 3.743, 4.125, 4.485, 4.729, 4.633, 4.409, 7.032, 8.868, 8.046], [7.462, 9.992, 5.606, 0.0, 2.073, 5.137, 6.94, 9.402, 10.612, 10.274, 10.354, 9.906, 9.852, 10.958, 11.663, 12.801, 13.023, 12.101, 10.338, 7.335, 5.502, 6.703, 10.3, 12.672, 14.571, 15.016, 15.348, 14.738, 16.377, 16.094, 16.341, 17.686, 18.514, 18.377, 16.407, 14.29, 14.241, 15.029, 14.493, 12.883, 11.821, 10.808, 10.376, 11.088, 13.071, 15.778, 17.549, 17.668, 16.796, 14.743, 12.243, 8.893, 6.734, 4.537, 4.008, 4.864, 5.309, 6.312, 6.673, 6.376, 6.459, 7.213, 7.021, 8.153, 8.445, 7.065, 5.398, 3.157, 3.399, 8.286, 10.924, 11.344, 11.428, 10.267, 7.688, 7.443, 8.96, 10.949, 13.862, 17.149, 17.585, 16.614, 17.063, 19.411, 21.631, 21.487, 20.137, 19.164, 18.027, 16.244, 16.318, 16.882, 17.055, 17.926, 19.057, 19.711, 19.919, 20.054, 20.612, 20.874, 21.023, 21.739, 22.604, 21.639, 18.227, 11.62, 7.837, 6.873, 4.64, 5.937, 7.311, 7.832, 10.79, 12.088, 13.531, 15.349, 17.056, 18.91, 21.855, 23.649, 22.038, 18.742, 19.407, 19.601, 18.036, 17.369, 17.616, 17.806, 17.677, 17.527, 17.242, 17.388, 17.664, 17.888, 17.43, 16.462, 17.117, 18.081, 14.467, 9.941, 10.566, 13.103, 14.22, 14.285, 14.522, 15.585, 15.833, 13.31, 7.204, 5.239, 6.801, 7.779, 6.862, 8.691, 12.492, 13.02, 10.78, 9.446, 8.65, 9.189, 10.086, 9.96, 9.171, 7.521, 7.267, 8.923, 9.901, 9.571, 11.198, 14.067, 14.985, 13.671, 12.462, 12.182, 12.492, 13.557, 15.219, 16.36, 15.929, 14.202, 13.026, 12.611, 11.883, 12.881, 13.351, 13.168, 13.092, 13.581, 12.309, 10.227, 9.954, 10.787, 12.018, 14.857, 15.911, 12.539, 8.473, 9.682, 10.884, 10.332, 9.131, 9.95, 9.464, 8.445, 8.352, 7.243, 5.289, 4.318, 5.019, 8.714, 10.019, 8.523, 8.653, 8.612, 7.978, 6.973, 5.793, 4.852, 4.073, 3.726, 4.257, 6.223, 7.228, 7.669, 8.481, 8.471, 8.421, 11.89, 13.869, 12.763], [5.672, 8.189, 4.108, 2.073, 0.0, 3.38, 5.184, 7.599, 8.806, 8.533, 8.56, 8.133, 8.085, 9.197, 9.895, 10.991, 11.213, 10.38, 8.575, 5.585, 3.807, 4.91, 8.489, 10.957, 12.962, 13.242, 13.66, 13.091, 14.776, 14.452, 14.709, 16.103, 16.889, 16.724, 14.744, 12.616, 12.457, 13.308, 12.886, 11.267, 10.076, 9.171, 8.756, 9.431, 11.457, 14.177, 15.892, 16.03, 15.115, 13.069, 10.654, 7.272, 5.163, 3.371, 2.866, 4.051, 4.464, 4.792, 4.975, 4.683, 4.816, 5.5, 5.337, 6.453, 6.68, 5.406, 3.641, 2.086, 2.526, 6.636, 9.307, 9.693, 9.869, 8.73, 6.134, 5.827, 7.295, 9.258, 12.192, 15.499, 15.935, 14.908, 15.252, 17.6, 19.82, 19.678, 18.326, 17.408, 16.216, 14.433, 14.594, 15.195, 15.349, 16.146, 17.38, 18.085, 18.266, 18.438, 18.967, 19.228, 19.377, 20.117, 20.982, 19.977, 16.546, 9.951, 6.212, 5.173, 3.55, 4.394, 5.502, 6.191, 9.092, 10.395, 11.856, 13.653, 15.261, 17.188, 20.221, 21.925, 20.393, 17.05, 17.677, 17.82, 16.337, 15.732, 15.871, 16.117, 16.023, 15.831, 15.536, 15.682, 15.971, 16.182, 15.652, 14.715, 15.429, 16.379, 12.765, 8.331, 8.952, 11.461, 12.52, 12.629, 12.892, 13.936, 14.126, 11.603, 5.446, 3.588, 5.084, 6.053, 5.148, 6.939, 10.896, 11.434, 9.12, 7.812, 7.027, 7.407, 8.343, 8.183, 7.566, 5.729, 5.514, 7.192, 8.199, 7.909, 9.571, 12.261, 13.179, 11.86, 10.651, 10.371, 10.682, 11.746, 13.462, 14.645, 14.229, 12.494, 11.215, 10.8, 10.088, 11.166, 11.551, 11.357, 11.281, 11.77, 10.498, 8.489, 8.372, 8.976, 10.28, 13.155, 14.113, 10.833, 6.661, 8.013, 9.119, 8.646, 7.32, 8.155, 7.723, 6.682, 6.546, 5.476, 3.594, 2.824, 3.571, 6.972, 8.261, 6.841, 6.972, 6.933, 6.271, 5.367, 4.152, 3.316, 2.553, 2.178, 2.64, 4.593, 5.634, 6.123, 6.867, 6.836, 6.811, 10.25, 12.261, 11.177], [2.922, 4.953, 2.248, 5.137, 3.38, 0.0, 1.969, 4.367, 5.601, 5.351, 5.31, 4.862, 4.804, 5.969, 6.668, 7.758, 7.986, 7.16, 5.342, 2.667, 1.239, 1.987, 5.291, 7.926, 9.848, 10.061, 10.408, 9.939, 11.738, 11.434, 11.617, 12.997, 13.757, 13.528, 11.548, 9.739, 9.979, 10.454, 9.884, 8.645, 7.206, 6.522, 6.258, 6.951, 8.582, 11.23, 13.158, 13.293, 12.166, 10.047, 7.639, 5.415, 5.061, 4.666, 4.389, 5.513, 5.853, 5.799, 5.133, 4.929, 4.742, 5.023, 4.94, 4.536, 4.238, 3.775, 2.28, 2.394, 2.621, 3.406, 6.108, 6.611, 6.916, 5.594, 3.341, 2.791, 4.229, 6.125, 9.019, 12.298, 12.735, 11.702, 12.019, 14.368, 16.587, 16.474, 15.096, 14.212, 13.022, 11.223, 11.549, 12.101, 12.216, 12.917, 14.212, 14.951, 15.165, 15.303, 15.791, 16.032, 16.205, 16.954, 17.819, 16.808, 13.345, 6.692, 3.505, 2.58, 2.92, 2.414, 2.4, 3.096, 5.771, 7.064, 8.733, 10.529, 12.06, 14.179, 17.126, 18.723, 17.197, 13.973, 14.496, 14.597, 13.112, 12.596, 12.709, 12.933, 12.827, 12.63, 12.302, 12.448, 12.77, 12.978, 12.419, 11.525, 12.245, 13.15, 9.555, 5.393, 6.28, 8.43, 9.348, 9.509, 9.726, 10.762, 10.922, 8.376, 2.528, 1.411, 2.07, 2.967, 2.389, 4.299, 7.85, 8.429, 6.699, 4.832, 3.888, 4.387, 5.055, 5.054, 4.418, 2.846, 2.487, 3.972, 4.97, 4.79, 6.453, 9.032, 9.95, 8.631, 7.418, 7.138, 7.453, 8.513, 10.301, 11.445, 11.029, 9.261, 8.021, 7.567, 6.915, 7.965, 8.344, 8.157, 8.073, 8.537, 7.334, 6.379, 5.806, 5.868, 7.256, 9.926, 10.945, 7.599, 3.621, 4.98, 6.005, 5.585, 4.358, 5.058, 4.794, 3.492, 3.308, 2.265, 1.504, 2.093, 2.079, 4.034, 5.014, 3.554, 3.987, 3.956, 3.085, 2.449, 1.848, 2.427, 2.383, 2.413, 2.708, 1.977, 2.715, 3.146, 4.034, 3.917, 3.761, 7.224, 9.198, 8.156], [1.702, 3.168, 2.044, 6.94, 5.184, 1.969, 0.0, 2.529, 3.705, 3.545, 3.603, 3.035, 2.999, 4.122, 4.796, 5.878, 6.1, 5.236, 3.432, 1.555, 1.753, 1.268, 3.571, 6.287, 8.226, 8.254, 8.508, 8.194, 10.076, 9.9, 9.993, 11.188, 11.908, 11.59, 9.621, 8.32, 8.853, 9.011, 8.421, 7.346, 5.875, 5.206, 5.113, 5.682, 7.134, 9.755, 11.795, 11.969, 10.745, 8.485, 6.461, 5.511, 5.713, 5.656, 5.512, 6.573, 6.973, 6.871, 6.072, 5.892, 5.684, 5.836, 5.815, 5.067, 4.372, 4.654, 3.024, 4.114, 3.876, 1.767, 4.287, 4.965, 5.549, 4.026, 2.267, 1.699, 2.682, 4.643, 7.165, 10.374, 10.81, 9.766, 10.129, 12.477, 14.697, 14.613, 13.211, 12.364, 11.242, 9.423, 10.031, 10.336, 10.447, 11.07, 12.313, 13.106, 13.362, 13.479, 13.921, 14.134, 14.331, 15.06, 15.952, 14.984, 11.438, 4.891, 2.135, 1.922, 3.807, 2.615, 1.727, 1.51, 4.019, 5.272, 6.962, 8.922, 10.206, 12.626, 15.418, 16.861, 15.4, 12.392, 12.64, 12.745, 11.244, 10.777, 10.867, 11.066, 10.908, 10.705, 10.373, 10.519, 10.846, 11.054, 10.521, 9.667, 10.48, 11.224, 7.792, 3.899, 4.961, 6.952, 7.56, 7.782, 7.946, 8.881, 9.037, 6.479, 1.323, 2.021, 1.801, 1.744, 2.17, 3.873, 6.259, 6.833, 5.787, 3.683, 2.684, 3.141, 3.419, 3.488, 2.848, 1.583, 1.285, 2.228, 3.031, 2.975, 4.638, 7.13, 8.045, 6.739, 5.528, 5.248, 5.567, 6.679, 8.485, 9.521, 9.131, 7.348, 6.181, 5.692, 5.071, 6.121, 6.497, 6.352, 6.245, 6.654, 5.851, 5.443, 4.973, 4.857, 6.051, 8.031, 9.1, 5.67, 2.5, 3.573, 4.415, 4.078, 3.391, 3.714, 3.543, 2.196, 2.066, 1.954, 2.479, 2.955, 2.594, 3.091, 3.641, 2.203, 2.659, 2.645, 2.189, 2.183, 2.582, 3.509, 3.61, 3.734, 4.056, 2.677, 2.984, 3.338, 3.178, 3.237, 2.914, 5.651, 7.485, 6.614], [2.191, 1.45, 3.892, 9.402, 7.599, 4.367, 2.529, 0.0, 1.796, 2.477, 2.18, 1.332, 1.185, 2.14, 2.923, 3.669, 3.8, 3.137, 1.581, 2.271, 4.024, 3.107, 2.506, 4.585, 6.585, 6.305, 6.276, 6.081, 8.256, 8.183, 8.233, 9.215, 9.965, 9.329, 7.557, 6.996, 8.063, 8.112, 7.53, 6.672, 5.074, 5.341, 5.501, 5.367, 5.585, 8.079, 10.24, 10.49, 9.13, 6.852, 5.332, 6.316, 6.967, 7.12, 7.242, 8.244, 8.712, 8.537, 7.652, 7.47, 7.271, 7.18, 7.288, 6.45, 5.916, 6.25, 4.698, 6.564, 6.327, 2.013, 3.542, 3.924, 4.08, 3.034, 2.944, 2.829, 2.376, 3.433, 5.164, 8.064, 8.501, 7.456, 7.7, 10.048, 12.268, 12.272, 10.951, 10.522, 9.299, 7.555, 8.278, 8.469, 8.582, 9.264, 10.285, 10.95, 11.333, 11.438, 11.652, 11.83, 12.108, 12.795, 13.786, 13.109, 9.461, 2.8, 2.907, 3.684, 5.701, 4.07, 2.562, 1.964, 2.225, 3.688, 5.245, 7.322, 8.329, 10.993, 13.614, 14.854, 13.591, 10.66, 10.662, 10.875, 9.383, 8.8, 8.798, 8.939, 8.681, 8.467, 8.09, 8.227, 8.556, 8.753, 8.21, 7.708, 8.677, 9.244, 6.018, 2.654, 4.353, 5.327, 5.738, 5.977, 6.129, 6.819, 6.944, 4.411, 2.354, 4.32, 3.027, 2.561, 3.822, 4.946, 5.63, 6.183, 5.708, 3.703, 2.957, 3.171, 2.568, 2.307, 2.57, 2.426, 2.527, 2.303, 2.106, 2.422, 3.433, 5.031, 5.91, 4.934, 4.07, 3.42, 3.974, 4.965, 6.294, 7.25, 6.944, 5.2, 4.0, 3.569, 3.116, 4.093, 4.341, 4.302, 4.293, 4.718, 4.588, 5.27, 5.218, 5.014, 6.011, 6.262, 6.809, 3.377, 3.341, 3.537, 3.039, 3.122, 3.682, 3.392, 3.525, 3.356, 2.985, 3.425, 4.417, 5.35, 4.705, 3.581, 2.704, 2.444, 2.592, 2.856, 2.912, 3.414, 4.254, 5.478, 5.862, 6.0, 6.136, 4.399, 4.419, 4.489, 4.371, 4.733, 4.136, 4.438, 5.778, 5.131], [3.271, 1.367, 5.102, 10.612, 8.806, 5.601, 3.705, 1.796, 0.0, 1.518, 1.416, 1.318, 1.782, 2.238, 2.055, 2.423, 2.553, 1.948, 1.346, 3.412, 5.234, 4.039, 1.36, 3.465, 5.536, 4.946, 5.031, 4.914, 6.899, 7.113, 6.864, 7.855, 8.648, 8.038, 6.172, 6.044, 7.17, 7.188, 6.515, 5.577, 3.975, 4.362, 4.627, 4.344, 4.655, 7.026, 9.221, 9.571, 7.953, 5.735, 4.546, 5.645, 6.784, 7.484, 7.855, 8.477, 8.877, 8.65, 7.715, 7.648, 7.392, 7.115, 7.203, 6.279, 5.959, 6.241, 5.444, 7.752, 7.537, 2.595, 2.674, 2.912, 3.065, 2.479, 3.377, 3.563, 1.994, 2.803, 3.978, 6.799, 7.253, 6.192, 6.496, 8.848, 11.072, 11.002, 9.612, 9.145, 7.928, 6.193, 6.943, 7.318, 7.236, 7.918, 8.898, 9.651, 9.973, 10.09, 10.394, 10.571, 10.834, 11.495, 12.446, 11.732, 8.071, 1.65, 3.347, 4.2, 6.316, 4.936, 3.444, 2.92, 1.791, 3.46, 4.559, 6.286, 7.32, 9.808, 12.238, 13.479, 12.208, 9.409, 9.286, 9.509, 8.026, 7.405, 7.419, 7.574, 7.387, 7.171, 6.831, 6.982, 7.272, 7.479, 6.996, 6.329, 7.301, 7.887, 4.738, 2.103, 3.444, 4.349, 4.378, 4.629, 4.987, 5.495, 5.57, 3.179, 3.549, 5.519, 3.972, 3.119, 4.212, 4.65, 4.507, 5.123, 4.577, 3.019, 2.823, 3.097, 2.384, 1.908, 2.15, 3.203, 3.529, 2.435, 1.781, 2.166, 2.315, 3.648, 4.479, 3.524, 2.948, 2.468, 2.713, 3.565, 4.976, 5.958, 5.629, 3.882, 2.661, 2.215, 1.82, 2.797, 3.073, 2.917, 2.937, 3.647, 3.709, 4.267, 4.271, 3.964, 4.895, 5.193, 5.527, 2.321, 3.545, 3.325, 2.378, 2.689, 3.452, 2.912, 2.989, 3.345, 3.177, 3.768, 5.53, 6.552, 5.826, 3.166, 2.074, 2.815, 2.62, 2.695, 2.962, 3.883, 5.113, 6.356, 7.038, 7.186, 7.003, 5.193, 4.817, 4.544, 4.226, 4.613, 4.003, 3.021, 4.449, 4.213], [3.311, 1.904, 4.856, 10.274, 8.533, 5.351, 3.545, 2.477, 1.518, 0.0, 1.451, 1.732, 2.282, 2.981, 2.572, 2.7, 2.846, 1.971, 1.877, 3.35, 4.873, 3.774, 1.65, 3.119, 5.079, 4.963, 5.254, 4.794, 6.82, 6.676, 6.754, 7.908, 8.626, 8.278, 6.321, 5.31, 6.166, 6.196, 5.524, 4.569, 2.965, 3.116, 3.396, 3.169, 4.018, 6.611, 8.816, 9.037, 7.629, 5.312, 3.643, 4.649, 5.986, 6.971, 7.403, 7.927, 8.376, 8.035, 7.07, 7.092, 6.813, 6.404, 6.418, 5.474, 5.276, 5.513, 5.067, 7.362, 7.208, 2.648, 1.662, 2.169, 2.576, 1.439, 2.942, 3.11, 1.547, 2.021, 3.764, 6.994, 7.437, 6.51, 6.821, 9.158, 11.398, 11.277, 9.879, 9.107, 7.962, 6.245, 6.787, 7.024, 7.161, 7.946, 8.934, 9.736, 10.005, 10.11, 10.542, 10.757, 10.977, 11.651, 12.565, 11.69, 8.16, 2.318, 3.014, 3.832, 6.148, 4.834, 3.453, 2.912, 1.929, 2.727, 4.028, 5.866, 7.031, 9.493, 12.135, 13.667, 12.222, 9.177, 9.286, 9.595, 8.067, 7.471, 7.565, 7.702, 7.565, 7.367, 7.114, 7.256, 7.491, 7.741, 7.232, 6.348, 7.235, 8.017, 4.668, 1.727, 2.224, 3.85, 4.297, 4.506, 4.679, 5.534, 5.727, 3.203, 3.316, 5.144, 3.65, 2.736, 3.761, 3.908, 3.413, 4.006, 3.374, 1.993, 2.14, 2.407, 1.922, 2.055, 2.529, 3.072, 3.498, 2.644, 2.685, 2.61, 1.718, 3.88, 4.761, 3.553, 2.322, 2.085, 2.316, 3.385, 5.064, 6.147, 5.763, 4.093, 2.83, 2.431, 1.801, 2.838, 3.169, 3.038, 2.939, 3.479, 3.006, 3.013, 3.047, 2.809, 3.746, 4.903, 5.72, 2.863, 3.18, 2.771, 2.14, 2.267, 2.84, 2.173, 2.234, 2.568, 2.708, 3.456, 5.149, 6.193, 5.481, 2.389, 1.566, 2.222, 2.037, 2.006, 2.471, 3.501, 4.68, 5.888, 6.657, 6.861, 6.539, 4.599, 3.926, 3.579, 3.378, 3.799, 3.177, 2.718, 4.238, 3.496], [3.03, 1.618, 4.981, 10.354, 8.56, 5.31, 3.603, 2.18, 1.416, 1.451, 0.0, 1.169, 1.944, 2.35, 1.969, 2.531, 2.884, 2.146, 1.424, 3.154, 4.912, 3.737, 1.36, 3.197, 5.128, 5.013, 5.215, 5.079, 6.909, 6.895, 6.848, 8.082, 8.781, 8.45, 6.492, 5.634, 6.68, 6.719, 6.051, 5.107, 3.464, 3.739, 3.982, 3.748, 4.181, 6.673, 8.761, 9.087, 7.509, 5.32, 4.055, 5.007, 6.16, 6.885, 7.215, 7.836, 8.435, 8.148, 7.198, 7.116, 6.839, 6.455, 6.506, 5.633, 5.352, 5.605, 5.018, 7.515, 7.273, 2.44, 2.418, 2.515, 2.561, 1.888, 2.976, 3.135, 1.826, 2.082, 3.95, 7.156, 7.623, 6.621, 6.818, 9.161, 11.401, 11.372, 9.938, 9.196, 7.917, 6.164, 6.805, 7.221, 7.345, 7.918, 9.163, 9.941, 10.182, 10.298, 10.754, 10.984, 11.173, 11.907, 12.786, 11.846, 8.277, 1.869, 3.14, 4.123, 6.154, 5.15, 3.804, 3.061, 1.81, 2.902, 4.1, 5.821, 7.085, 9.393, 12.248, 13.744, 12.24, 9.182, 9.457, 9.568, 8.063, 7.636, 7.707, 7.9, 7.754, 7.494, 7.118, 7.266, 7.637, 7.821, 7.293, 6.464, 7.3, 8.07, 4.673, 1.483, 2.681, 3.785, 4.362, 4.595, 4.865, 5.672, 5.779, 3.217, 3.222, 5.243, 3.742, 2.849, 3.71, 4.117, 4.163, 4.702, 4.112, 2.215, 2.017, 2.419, 1.859, 1.577, 2.071, 2.948, 3.364, 2.478, 2.491, 2.542, 2.121, 4.017, 4.97, 3.948, 2.949, 2.393, 2.937, 3.939, 5.204, 6.321, 5.883, 4.09, 2.89, 2.365, 1.87, 2.926, 3.283, 3.203, 3.082, 3.588, 3.201, 3.768, 3.703, 3.458, 4.481, 5.147, 5.892, 2.647, 3.053, 2.777, 1.931, 2.245, 2.909, 2.314, 2.464, 2.811, 2.703, 3.416, 5.139, 6.219, 5.464, 2.367, 1.362, 1.99, 1.888, 2.103, 2.587, 3.435, 4.701, 5.859, 6.654, 6.799, 6.557, 4.414, 3.885, 3.7, 3.509, 3.932, 3.352, 2.858, 4.31, 3.775], [2.493, 1.164, 4.346, 9.906, 8.133, 4.862, 3.035, 1.332, 1.318, 1.732, 1.169, 0.0, 1.109, 2.003, 2.351, 3.025, 3.298, 2.479, 1.35, 2.773, 4.463, 3.394, 1.55, 3.981, 5.987, 5.607, 5.692, 5.393, 7.525, 7.614, 7.587, 8.663, 9.383, 8.898, 6.955, 6.49, 7.527, 7.566, 6.909, 5.975, 4.338, 4.498, 4.731, 4.529, 5.018, 7.53, 9.764, 10.048, 8.496, 6.203, 4.902, 5.725, 6.463, 6.803, 7.145, 7.867, 8.458, 8.217, 7.301, 7.14, 6.913, 6.677, 6.795, 5.986, 5.507, 5.792, 4.725, 7.078, 6.785, 1.819, 2.772, 3.269, 3.372, 2.284, 2.799, 2.75, 2.016, 2.867, 4.484, 7.608, 8.075, 7.073, 7.239, 9.582, 11.822, 11.842, 10.395, 9.844, 8.596, 6.868, 7.614, 7.893, 7.961, 8.629, 9.703, 10.465, 10.748, 10.859, 11.243, 11.448, 11.685, 12.379, 13.289, 12.504, 8.834, 2.195, 2.942, 3.843, 5.98, 4.406, 2.98, 2.306, 1.825, 3.183, 4.702, 6.725, 7.781, 10.323, 12.931, 14.325, 12.992, 9.983, 10.07, 10.243, 8.757, 8.221, 8.228, 8.415, 8.221, 7.958, 7.558, 7.697, 8.088, 8.273, 7.758, 7.033, 7.999, 8.636, 5.406, 2.024, 3.535, 4.671, 5.04, 5.269, 5.4, 6.162, 6.269, 3.73, 2.732, 4.72, 3.267, 2.651, 3.598, 4.602, 5.006, 5.426, 4.979, 2.887, 2.335, 2.605, 2.158, 1.777, 2.239, 2.689, 3.039, 1.964, 2.009, 2.082, 2.596, 4.28, 5.255, 4.213, 3.315, 2.702, 3.218, 4.253, 5.707, 6.772, 6.363, 4.566, 3.393, 2.867, 2.411, 3.454, 3.745, 3.639, 3.532, 4.016, 4.008, 4.608, 4.413, 4.248, 5.339, 5.667, 6.378, 2.907, 3.067, 3.154, 2.487, 2.806, 3.229, 2.786, 3.037, 2.938, 2.522, 3.241, 4.718, 5.748, 5.072, 2.749, 1.91, 1.925, 2.129, 2.453, 2.573, 3.229, 4.297, 5.456, 6.233, 6.374, 6.113, 4.143, 3.937, 3.927, 3.933, 4.262, 3.689, 3.426, 4.977, 4.598], [2.631, 1.528, 4.288, 9.852, 8.085, 4.804, 2.999, 1.185, 1.782, 2.282, 1.944, 1.109, 0.0, 1.744, 2.578, 3.253, 3.362, 2.772, 1.873, 2.716, 4.416, 3.451, 2.323, 4.453, 6.439, 5.886, 5.816, 5.775, 7.827, 8.017, 7.93, 8.822, 9.617, 9.004, 7.226, 6.8, 7.785, 7.814, 7.229, 6.369, 4.763, 5.071, 5.26, 5.104, 5.402, 7.976, 10.218, 10.454, 8.975, 6.675, 5.158, 6.094, 6.767, 7.006, 7.249, 7.965, 8.523, 8.276, 7.401, 7.277, 6.997, 6.955, 6.995, 6.227, 5.597, 5.933, 4.804, 7.021, 6.721, 2.021, 3.252, 3.569, 3.823, 2.695, 3.029, 2.884, 2.508, 3.204, 4.825, 7.627, 8.111, 7.078, 7.285, 9.643, 11.897, 11.933, 10.517, 10.16, 8.885, 7.221, 8.059, 8.286, 8.35, 8.945, 9.943, 10.603, 10.904, 11.009, 11.334, 11.526, 11.811, 12.503, 13.418, 12.795, 9.057, 2.428, 3.072, 3.97, 6.113, 4.409, 2.91, 2.408, 1.869, 3.454, 5.093, 7.19, 8.233, 10.802, 13.224, 14.51, 13.311, 10.459, 10.362, 10.545, 9.077, 8.453, 8.495, 8.587, 8.336, 8.044, 7.603, 7.752, 8.132, 8.287, 7.822, 7.286, 8.303, 8.906, 5.844, 2.478, 4.066, 5.15, 5.331, 5.603, 5.844, 6.384, 6.523, 4.036, 2.727, 4.726, 3.518, 2.853, 3.7, 4.85, 5.44, 6.014, 5.431, 3.378, 2.761, 2.928, 2.303, 2.073, 2.72, 2.715, 3.07, 1.945, 2.064, 2.175, 3.26, 4.58, 5.378, 4.396, 3.705, 3.179, 3.453, 4.373, 5.844, 6.816, 6.492, 4.727, 3.543, 3.135, 2.794, 3.752, 3.924, 3.798, 3.802, 4.312, 4.334, 4.997, 4.959, 4.783, 5.778, 5.967, 6.493, 2.994, 3.176, 3.406, 2.864, 2.976, 3.526, 3.168, 3.35, 3.135, 2.724, 3.459, 4.765, 5.736, 5.125, 3.294, 2.342, 2.129, 2.418, 2.739, 2.978, 3.51, 4.446, 5.421, 6.21, 6.375, 6.057, 4.23, 4.185, 4.294, 4.153, 4.46, 3.941, 4.047, 5.323, 4.976], [3.698, 2.269, 5.455, 10.958, 9.197, 5.969, 4.122, 2.14, 2.238, 2.981, 2.35, 2.003, 1.744, 0.0, 1.441, 2.096, 2.695, 2.381, 2.151, 3.788, 5.537, 4.418, 2.571, 3.785, 5.638, 4.695, 4.591, 5.202, 7.086, 7.477, 6.703, 7.574, 8.443, 7.877, 6.196, 6.696, 7.752, 7.799, 7.304, 6.588, 5.038, 5.385, 5.559, 5.417, 5.224, 7.217, 9.292, 9.61, 7.829, 5.95, 5.068, 6.364, 6.982, 7.743, 7.826, 8.312, 8.826, 8.475, 7.594, 7.559, 7.19, 7.171, 7.179, 6.414, 5.779, 6.09, 5.685, 8.129, 7.836, 3.037, 3.56, 3.689, 3.56, 3.327, 4.297, 3.963, 3.41, 3.425, 4.312, 6.406, 6.834, 5.812, 6.152, 8.506, 10.75, 10.684, 9.268, 8.706, 7.559, 5.932, 6.945, 7.366, 7.197, 7.61, 8.551, 9.249, 9.561, 9.654, 10.016, 10.199, 10.465, 11.155, 12.077, 11.376, 7.68, 1.603, 3.69, 4.62, 6.834, 5.424, 3.939, 3.545, 2.63, 3.715, 4.712, 6.299, 7.262, 9.572, 11.809, 13.16, 11.874, 9.086, 8.942, 9.2, 7.701, 7.158, 7.076, 7.228, 7.025, 6.721, 6.381, 6.533, 6.814, 7.013, 6.543, 5.879, 6.956, 7.694, 4.802, 2.969, 4.432, 4.68, 4.232, 4.64, 5.363, 5.521, 5.395, 3.171, 3.896, 5.801, 4.467, 3.545, 4.244, 5.059, 5.68, 6.286, 5.663, 3.899, 3.316, 3.275, 2.601, 2.079, 2.955, 3.593, 4.009, 2.704, 2.391, 2.3, 3.405, 4.748, 5.445, 4.664, 4.033, 3.476, 3.814, 4.53, 4.941, 5.517, 5.159, 3.437, 2.504, 2.173, 2.115, 2.648, 3.164, 3.472, 3.531, 4.123, 4.487, 5.304, 5.294, 5.11, 6.023, 5.776, 5.21, 2.075, 3.626, 3.616, 2.984, 3.249, 3.887, 3.487, 3.651, 3.472, 3.245, 4.13, 5.828, 6.836, 6.13, 3.745, 2.851, 3.204, 3.414, 3.68, 3.86, 4.369, 5.458, 6.533, 7.322, 7.542, 7.18, 5.093, 4.749, 4.866, 4.316, 4.601, 4.18, 3.921, 4.972, 4.973], [4.325, 2.347, 6.177, 11.663, 9.895, 6.668, 4.796, 2.923, 2.055, 2.572, 1.969, 2.351, 2.578, 1.441, 0.0, 1.314, 1.943, 1.843, 1.911, 4.418, 6.263, 5.054, 1.899, 2.832, 4.583, 3.705, 3.977, 4.576, 6.074, 6.436, 5.577, 6.643, 7.543, 7.072, 5.321, 5.759, 6.758, 6.799, 6.336, 5.62, 4.042, 4.335, 4.538, 4.367, 4.195, 6.154, 8.247, 8.601, 6.785, 4.914, 4.133, 5.439, 6.546, 8.169, 8.455, 8.579, 8.865, 8.625, 7.574, 7.62, 7.257, 6.859, 6.914, 5.961, 5.743, 6.016, 6.291, 8.785, 8.553, 3.546, 2.859, 2.817, 2.809, 2.905, 4.305, 4.442, 2.935, 3.002, 3.459, 5.678, 6.122, 5.125, 5.484, 7.798, 10.037, 9.921, 8.516, 7.708, 6.517, 4.903, 5.847, 6.352, 6.19, 6.542, 7.617, 8.401, 8.643, 8.758, 9.215, 9.439, 9.631, 10.359, 11.245, 10.34, 6.763, 1.193, 4.13, 5.084, 7.319, 6.265, 4.785, 3.993, 2.439, 3.305, 3.989, 5.411, 6.448, 8.617, 10.765, 12.197, 10.844, 8.129, 8.023, 8.191, 6.657, 6.269, 6.176, 6.356, 6.233, 5.999, 5.668, 5.797, 6.123, 6.314, 5.788, 4.916, 5.82, 6.625, 3.704, 2.398, 3.878, 3.769, 3.18, 3.582, 4.394, 4.658, 4.49, 2.441, 4.622, 6.518, 4.927, 3.962, 4.822, 4.441, 4.647, 5.236, 4.636, 3.271, 3.157, 2.985, 2.154, 2.026, 2.744, 4.235, 4.505, 3.037, 2.759, 2.7, 2.547, 4.01, 4.734, 3.954, 3.251, 2.723, 3.095, 3.691, 4.055, 4.81, 4.364, 2.616, 1.84, 1.472, 1.454, 1.807, 2.458, 2.64, 2.68, 3.173, 3.561, 4.527, 4.439, 4.161, 5.015, 4.765, 4.42, 1.441, 3.785, 3.064, 2.117, 2.433, 3.408, 2.742, 2.91, 3.414, 3.565, 4.613, 6.545, 7.533, 6.827, 3.382, 2.359, 3.325, 3.161, 3.311, 3.783, 4.725, 6.032, 7.222, 8.018, 8.218, 7.877, 5.726, 4.843, 4.617, 3.905, 4.339, 3.78, 2.844, 3.922, 3.944], [5.395, 2.84, 7.228, 12.801, 10.991, 7.758, 5.878, 3.669, 2.423, 2.7, 2.531, 3.025, 3.253, 2.096, 1.314, 0.0, 1.214, 1.487, 2.536, 5.504, 7.36, 6.136, 2.554, 2.496, 4.144, 3.114, 3.049, 4.119, 5.562, 6.016, 5.091, 5.826, 6.885, 6.24, 4.708, 5.347, 6.349, 6.395, 5.912, 5.209, 3.762, 4.191, 4.537, 4.15, 3.747, 5.719, 7.797, 8.126, 6.32, 4.466, 3.722, 5.819, 7.319, 9.283, 9.606, 9.629, 9.767, 9.527, 8.414, 8.573, 8.198, 7.627, 7.631, 6.611, 6.378, 6.761, 7.414, 9.912, 9.68, 4.655, 2.879, 2.631, 2.578, 3.149, 5.452, 5.596, 3.992, 2.847, 3.007, 4.738, 5.122, 4.13, 4.365, 6.645, 8.884, 8.843, 7.422, 7.033, 5.737, 4.144, 5.326, 5.861, 5.651, 5.896, 6.746, 7.474, 7.74, 7.856, 8.279, 8.498, 8.693, 9.404, 10.294, 9.602, 5.854, 1.42, 5.17, 6.092, 8.29, 7.117, 5.616, 5.043, 2.483, 3.086, 3.716, 5.134, 5.862, 8.063, 10.033, 11.308, 10.154, 7.564, 7.293, 7.384, 5.936, 5.439, 5.371, 5.461, 5.233, 5.027, 4.696, 4.801, 5.109, 5.316, 4.801, 4.13, 5.144, 5.882, 3.27, 3.207, 3.761, 3.377, 2.649, 3.178, 4.09, 4.067, 3.792, 1.934, 5.641, 7.647, 6.056, 5.033, 5.955, 4.991, 4.231, 4.933, 4.198, 3.629, 4.195, 3.781, 2.94, 2.9, 3.739, 5.314, 5.592, 3.931, 3.477, 3.507, 2.392, 3.14, 3.733, 3.071, 2.632, 2.278, 2.415, 2.899, 3.209, 3.793, 3.393, 1.725, 1.048, 0.818, 1.355, 1.296, 1.809, 2.023, 2.142, 2.619, 3.033, 4.273, 4.439, 4.008, 4.589, 4.213, 3.428, 1.21, 4.643, 3.893, 2.629, 3.156, 4.189, 3.37, 3.71, 4.464, 4.532, 5.658, 7.656, 8.686, 7.98, 4.199, 2.957, 4.402, 4.233, 4.25, 4.868, 5.878, 7.185, 8.376, 9.171, 9.312, 9.03, 6.879, 5.886, 5.46, 4.687, 5.031, 4.654, 2.87, 3.433, 3.508], [5.648, 3.034, 7.48, 13.023, 11.213, 7.986, 6.1, 3.8, 2.553, 2.846, 2.884, 3.298, 3.362, 2.695, 1.943, 1.214, 0.0, 1.217, 2.759, 5.727, 7.581, 6.375, 2.832, 1.951, 3.599, 2.804, 2.746, 3.332, 4.963, 5.361, 4.776, 5.647, 6.602, 5.769, 4.238, 4.681, 5.666, 5.711, 5.251, 4.533, 3.158, 3.683, 4.262, 3.788, 3.087, 5.15, 7.335, 7.672, 5.928, 3.823, 3.129, 5.541, 7.407, 9.508, 9.826, 9.905, 10.031, 9.8, 8.714, 8.857, 8.525, 7.815, 7.744, 6.585, 6.398, 6.783, 7.637, 10.135, 9.901, 4.872, 2.654, 2.365, 2.267, 3.208, 5.669, 5.813, 4.223, 2.505, 2.321, 4.362, 4.813, 3.822, 4.161, 6.429, 8.666, 8.625, 7.26, 6.962, 5.74, 4.082, 4.883, 5.35, 5.199, 5.775, 6.702, 7.254, 7.593, 7.692, 7.984, 8.227, 8.466, 9.229, 10.109, 9.554, 5.781, 2.005, 5.459, 6.39, 8.572, 7.294, 5.776, 5.255, 2.58, 2.446, 2.946, 4.565, 5.489, 7.753, 9.983, 11.204, 10.109, 7.373, 7.172, 7.343, 5.898, 5.268, 5.296, 5.279, 5.01, 4.741, 4.398, 4.482, 4.804, 5.017, 4.547, 4.081, 5.077, 5.715, 2.79, 3.495, 3.505, 2.732, 2.27, 2.639, 3.357, 3.488, 3.466, 1.359, 5.915, 7.865, 6.273, 5.314, 6.161, 5.136, 3.628, 4.357, 3.683, 3.716, 4.42, 3.919, 3.187, 3.227, 4.127, 5.552, 5.814, 4.181, 3.545, 3.815, 2.487, 2.435, 2.919, 2.341, 2.268, 1.942, 1.813, 2.112, 2.672, 3.507, 3.175, 1.664, 1.287, 1.39, 1.673, 1.153, 1.274, 1.381, 1.541, 1.978, 2.649, 3.914, 4.025, 3.578, 3.933, 3.567, 3.208, 1.802, 4.992, 4.193, 2.905, 3.393, 4.458, 3.459, 3.906, 4.668, 4.831, 5.909, 7.874, 8.903, 8.198, 4.398, 3.144, 4.627, 4.45, 4.475, 5.106, 6.096, 7.403, 8.593, 9.389, 9.548, 9.248, 7.097, 6.104, 5.548, 4.646, 5.076, 4.868, 2.567, 2.782, 2.855], [4.806, 2.242, 6.644, 12.101, 10.38, 7.16, 5.236, 3.137, 1.948, 1.971, 2.146, 2.479, 2.772, 2.381, 1.843, 1.487, 1.217, 0.0, 1.973, 4.845, 6.748, 5.53, 2.204, 2.027, 3.809, 3.44, 3.607, 3.643, 5.341, 5.55, 5.273, 6.417, 7.103, 6.517, 4.726, 4.753, 5.778, 5.787, 5.206, 4.491, 3.249, 3.706, 4.146, 3.598, 3.135, 5.334, 7.569, 7.884, 6.254, 4.051, 3.239, 5.593, 7.136, 8.65, 8.89, 9.037, 9.363, 9.069, 8.029, 8.048, 7.833, 7.434, 7.457, 6.491, 6.312, 6.58, 6.759, 9.218, 8.98, 3.945, 2.543, 2.38, 2.026, 2.509, 4.736, 4.88, 3.29, 1.863, 2.515, 5.158, 5.642, 4.649, 5.094, 7.372, 9.616, 9.568, 8.12, 7.536, 6.375, 4.652, 5.408, 5.683, 5.696, 6.345, 7.358, 8.059, 8.356, 8.458, 8.836, 9.024, 9.284, 9.959, 10.893, 10.158, 6.463, 1.551, 4.487, 5.442, 7.782, 6.484, 5.028, 4.338, 1.901, 2.206, 3.128, 4.877, 5.787, 8.148, 10.561, 11.941, 10.621, 7.704, 7.769, 7.994, 6.453, 5.867, 5.879, 6.051, 5.814, 5.567, 5.206, 5.335, 5.632, 5.818, 5.427, 4.724, 5.629, 6.308, 3.104, 2.542, 2.968, 2.801, 2.785, 3.028, 3.452, 3.935, 3.983, 1.675, 5.079, 7.002, 5.406, 4.387, 5.315, 4.916, 3.667, 4.414, 3.691, 3.21, 3.53, 3.597, 2.674, 2.444, 3.322, 4.69, 4.95, 3.447, 2.979, 3.023, 1.94, 3.071, 3.617, 2.815, 2.413, 1.994, 1.924, 2.539, 3.407, 4.382, 4.004, 2.454, 1.556, 1.335, 1.262, 1.411, 1.569, 1.763, 1.755, 2.234, 2.417, 3.358, 4.094, 3.76, 3.981, 3.661, 4.068, 1.758, 4.208, 3.631, 2.415, 2.914, 3.809, 3.207, 3.464, 3.94, 4.033, 5.066, 7.029, 8.004, 7.264, 3.764, 2.464, 3.716, 3.589, 3.573, 4.173, 5.162, 6.503, 7.66, 8.487, 8.703, 8.314, 6.18, 5.363, 5.066, 4.427, 4.868, 4.377, 2.773, 2.996, 2.876], [3.06, 1.124, 4.886, 10.338, 8.575, 5.342, 3.432, 1.581, 1.346, 1.877, 1.424, 1.35, 1.873, 2.151, 1.911, 2.536, 2.759, 1.973, 0.0, 3.046, 4.957, 3.778, 1.7, 3.324, 5.161, 5.087, 5.293, 5.208, 7.041, 6.966, 6.908, 8.092, 8.798, 8.287, 6.419, 6.003, 7.084, 7.12, 6.574, 5.764, 4.181, 4.499, 4.773, 4.464, 4.425, 6.732, 8.889, 9.188, 7.664, 5.407, 4.309, 5.804, 6.805, 7.324, 7.538, 8.396, 8.779, 8.566, 7.615, 7.491, 7.334, 7.102, 7.223, 6.272, 5.968, 6.239, 5.124, 7.455, 7.216, 2.472, 3.084, 3.008, 3.009, 2.596, 3.187, 3.359, 2.131, 2.656, 4.129, 7.015, 7.458, 6.466, 6.789, 9.095, 11.337, 11.304, 9.871, 9.209, 8.047, 6.281, 6.922, 7.204, 7.336, 7.971, 9.063, 9.852, 10.126, 10.241, 10.613, 10.818, 11.068, 11.751, 12.671, 11.851, 8.216, 1.774, 3.039, 3.918, 6.146, 4.817, 3.569, 2.806, 1.688, 3.083, 4.312, 6.029, 7.114, 9.542, 12.277, 13.698, 12.296, 9.244, 9.459, 9.59, 8.064, 7.588, 7.613, 7.796, 7.594, 7.375, 7.015, 7.114, 7.466, 7.674, 7.173, 6.447, 7.314, 7.996, 4.705, 2.012, 3.509, 4.046, 4.453, 4.697, 4.949, 5.68, 5.708, 3.277, 3.279, 5.239, 3.71, 2.763, 4.129, 4.804, 4.736, 5.298, 4.739, 3.04, 2.74, 3.175, 2.521, 2.071, 2.428, 3.043, 3.157, 2.531, 2.144, 2.509, 2.532, 4.358, 5.227, 4.265, 3.3, 2.728, 3.276, 4.195, 5.186, 6.149, 5.781, 4.02, 2.887, 2.406, 2.047, 2.855, 3.203, 3.371, 3.341, 3.754, 3.659, 4.319, 4.541, 4.249, 5.119, 5.147, 5.812, 2.335, 3.501, 3.276, 2.299, 2.673, 3.482, 2.993, 3.193, 3.439, 3.163, 3.696, 5.275, 6.235, 5.529, 3.157, 2.12, 2.617, 2.554, 2.764, 2.855, 3.62, 4.903, 6.079, 6.72, 6.927, 6.758, 4.873, 4.665, 4.41, 4.198, 4.628, 3.975, 3.458, 4.569, 4.068], [1.177, 2.855, 2.362, 7.335, 5.585, 2.667, 1.555, 2.271, 3.412, 3.35, 3.154, 2.773, 2.716, 3.788, 4.418, 5.504, 5.727, 4.845, 3.046, 0.0, 2.129, 1.99, 3.297, 5.823, 7.631, 7.92, 8.157, 7.884, 9.596, 9.265, 9.459, 10.801, 11.542, 11.226, 9.259, 7.632, 8.534, 8.615, 7.907, 6.889, 5.314, 5.242, 5.354, 5.254, 6.388, 9.084, 11.082, 11.261, 9.996, 7.828, 5.945, 6.039, 6.515, 6.515, 6.13, 7.27, 7.521, 7.479, 6.886, 6.695, 6.519, 6.726, 6.699, 5.934, 5.254, 5.395, 3.86, 4.434, 4.374, 2.074, 4.356, 4.659, 4.884, 3.813, 2.527, 2.281, 2.536, 4.104, 6.771, 9.958, 10.392, 9.409, 9.757, 12.089, 14.328, 14.224, 12.806, 11.952, 10.842, 9.028, 9.413, 9.956, 10.064, 10.68, 11.91, 12.711, 12.933, 13.044, 13.52, 13.73, 13.941, 14.656, 15.555, 14.568, 11.022, 4.536, 2.063, 2.363, 4.262, 3.363, 2.739, 1.659, 3.816, 5.077, 6.634, 8.418, 9.863, 12.056, 14.932, 16.494, 14.939, 11.752, 12.254, 12.341, 10.813, 10.399, 10.477, 10.667, 10.501, 10.283, 10.006, 10.147, 10.423, 10.656, 10.156, 9.255, 10.009, 10.845, 7.264, 3.23, 4.51, 6.302, 7.115, 7.333, 7.546, 8.514, 8.64, 6.104, 1.182, 2.751, 2.9, 2.364, 2.91, 4.662, 5.966, 6.401, 5.783, 3.733, 2.981, 3.128, 3.078, 2.996, 2.675, 1.276, 1.249, 2.347, 2.898, 2.769, 4.368, 6.773, 7.692, 6.554, 5.301, 4.866, 5.365, 6.397, 8.095, 9.133, 8.724, 6.964, 5.799, 5.307, 4.703, 5.762, 6.116, 5.954, 5.882, 6.312, 5.236, 5.411, 5.281, 5.162, 6.209, 7.62, 8.722, 5.248, 2.737, 3.21, 3.851, 3.599, 3.45, 3.427, 3.427, 3.122, 3.105, 2.99, 3.243, 3.493, 2.97, 3.567, 3.208, 2.374, 2.333, 2.552, 2.762, 3.0, 3.591, 4.401, 4.521, 4.617, 4.769, 3.703, 3.974, 4.29, 3.847, 4.05, 3.931, 5.09, 7.042, 5.946], [2.336, 4.553, 1.807, 5.502, 3.807, 1.239, 1.753, 4.024, 5.234, 4.873, 4.912, 4.463, 4.416, 5.537, 6.263, 7.36, 7.581, 6.748, 4.957, 2.129, 0.0, 1.492, 4.9, 7.374, 9.317, 9.601, 10.01, 9.365, 11.136, 10.855, 11.094, 12.468, 13.282, 13.122, 11.142, 9.071, 9.062, 9.754, 9.264, 7.794, 6.523, 5.702, 5.357, 6.061, 7.918, 10.613, 12.469, 12.565, 11.541, 9.417, 7.011, 5.315, 5.342, 5.084, 4.714, 5.86, 6.223, 6.199, 5.548, 5.326, 5.147, 5.41, 5.349, 4.673, 3.91, 4.331, 2.713, 2.886, 3.236, 2.97, 5.616, 6.024, 6.208, 4.999, 2.602, 2.162, 3.665, 5.635, 8.527, 11.837, 12.298, 11.336, 11.661, 14.004, 16.244, 16.106, 14.722, 13.763, 12.584, 10.817, 10.981, 11.561, 11.744, 12.574, 13.774, 14.48, 14.623, 14.782, 15.365, 15.627, 15.776, 16.51, 17.375, 16.371, 12.923, 6.3, 2.816, 2.124, 3.474, 2.84, 2.58, 2.675, 5.426, 6.72, 8.159, 10.023, 11.661, 13.572, 16.583, 18.353, 16.762, 13.47, 14.076, 14.242, 12.76, 12.125, 12.299, 12.515, 12.421, 12.189, 11.904, 12.05, 12.328, 12.55, 12.021, 11.053, 11.804, 12.807, 9.193, 4.779, 5.462, 7.804, 8.855, 8.956, 9.227, 10.269, 10.495, 7.972, 1.964, 1.632, 2.386, 2.69, 2.043, 3.869, 7.275, 7.836, 5.917, 4.166, 3.403, 3.751, 4.651, 4.525, 3.943, 2.203, 2.032, 3.628, 4.627, 4.307, 5.918, 8.689, 9.606, 8.287, 7.051, 6.759, 7.052, 8.114, 9.801, 10.996, 10.568, 8.862, 7.583, 7.168, 6.472, 7.54, 7.942, 7.726, 7.649, 8.138, 6.877, 5.635, 5.046, 5.606, 6.707, 9.583, 10.533, 7.225, 3.082, 4.42, 5.538, 5.042, 3.844, 4.554, 4.156, 3.219, 3.115, 2.322, 2.114, 2.435, 2.075, 3.34, 4.568, 3.132, 3.291, 3.308, 2.88, 2.206, 2.103, 2.844, 2.887, 2.913, 3.145, 2.293, 2.72, 3.293, 3.363, 3.428, 3.576, 6.623, 8.596, 7.533], [2.174, 3.773, 2.121, 6.703, 4.91, 1.987, 1.268, 3.107, 4.039, 3.774, 3.737, 3.394, 3.451, 4.418, 5.054, 6.136, 6.375, 5.53, 3.778, 1.99, 1.492, 0.0, 3.733, 6.48, 8.35, 8.46, 8.819, 8.339, 10.216, 10.039, 10.192, 11.429, 12.126, 11.936, 9.978, 8.391, 8.641, 9.018, 8.412, 7.232, 5.778, 5.077, 4.835, 5.539, 7.166, 9.854, 11.803, 11.937, 10.799, 8.577, 6.271, 4.951, 5.07, 4.862, 4.552, 5.687, 6.046, 6.053, 5.341, 5.123, 4.93, 5.161, 5.124, 4.38, 3.627, 3.851, 2.52, 3.841, 3.802, 2.242, 4.463, 5.063, 5.54, 4.314, 2.54, 1.602, 2.856, 4.671, 7.326, 10.644, 11.11, 10.132, 10.437, 12.78, 15.02, 14.882, 13.498, 12.606, 11.378, 9.664, 10.142, 10.533, 10.676, 11.405, 12.587, 13.314, 13.536, 13.648, 14.177, 14.438, 14.597, 15.325, 16.2, 15.232, 11.743, 5.19, 1.928, 1.339, 2.986, 2.132, 1.679, 2.427, 4.628, 5.802, 7.131, 9.072, 10.457, 12.723, 15.595, 17.174, 15.687, 12.558, 12.891, 13.097, 11.585, 11.003, 11.12, 11.327, 11.233, 10.985, 10.664, 10.812, 11.124, 11.326, 10.816, 9.891, 10.7, 11.61, 8.141, 4.012, 4.87, 6.996, 7.742, 7.937, 8.103, 9.08, 9.263, 6.772, 1.451, 1.677, 1.595, 1.646, 1.699, 3.393, 6.381, 7.023, 5.634, 3.527, 2.587, 3.093, 3.646, 3.596, 3.137, 1.528, 1.52, 2.531, 3.424, 3.166, 4.819, 7.465, 8.383, 7.063, 5.827, 5.535, 5.828, 6.879, 8.594, 9.808, 9.358, 7.639, 6.351, 5.928, 5.265, 6.374, 6.738, 6.509, 6.391, 6.911, 5.909, 5.275, 4.79, 4.777, 5.982, 8.385, 9.326, 6.021, 2.279, 3.565, 4.575, 4.17, 3.274, 3.668, 3.469, 2.261, 1.922, 1.458, 1.828, 2.751, 2.063, 2.933, 3.757, 2.319, 2.656, 2.761, 1.961, 1.605, 2.171, 3.064, 3.409, 3.582, 3.57, 2.262, 2.553, 2.836, 2.825, 2.758, 2.695, 5.732, 7.607, 6.724], [3.111, 1.925, 4.944, 10.3, 8.489, 5.291, 3.571, 2.506, 1.36, 1.65, 1.36, 1.55, 2.323, 2.571, 1.899, 2.554, 2.832, 2.204, 1.7, 3.297, 4.9, 3.733, 0.0, 3.198, 5.172, 4.905, 5.322, 5.06, 6.745, 6.739, 6.606, 7.863, 8.68, 8.331, 6.408, 5.599, 6.686, 6.691, 5.946, 5.072, 3.391, 3.365, 3.599, 3.435, 4.241, 6.694, 8.93, 9.234, 7.597, 5.381, 4.141, 4.742, 5.795, 6.865, 7.148, 7.434, 7.85, 7.645, 6.701, 6.618, 6.386, 6.078, 6.172, 5.243, 4.927, 5.253, 5.015, 7.443, 7.236, 2.453, 2.194, 2.518, 2.798, 2.198, 3.01, 3.138, 1.698, 2.634, 4.076, 7.085, 7.522, 6.502, 6.767, 9.111, 11.344, 11.23, 9.848, 9.032, 7.793, 6.017, 6.573, 7.209, 7.119, 7.782, 8.996, 9.758, 9.994, 10.111, 10.575, 10.832, 11.008, 11.737, 12.609, 11.622, 8.132, 1.9, 2.76, 3.793, 5.895, 5.081, 3.728, 2.941, 2.524, 3.58, 4.516, 6.088, 7.278, 9.459, 12.04, 13.537, 12.059, 9.077, 9.296, 9.429, 7.949, 7.496, 7.525, 7.722, 7.627, 7.417, 7.106, 7.253, 7.558, 7.766, 7.223, 6.316, 7.095, 7.968, 4.542, 1.681, 2.883, 3.99, 4.211, 4.484, 4.847, 5.625, 5.719, 3.382, 3.324, 5.253, 3.711, 2.588, 3.498, 3.717, 3.968, 4.423, 3.963, 2.324, 2.135, 2.182, 1.807, 1.61, 1.912, 2.845, 3.231, 2.067, 1.994, 1.868, 1.862, 3.856, 4.76, 3.664, 2.803, 2.342, 2.81, 3.589, 5.072, 6.232, 5.816, 4.072, 2.833, 2.363, 2.007, 2.903, 3.294, 3.015, 2.957, 3.523, 3.285, 3.729, 3.406, 3.244, 4.247, 5.03, 5.725, 2.56, 2.535, 2.495, 1.889, 2.104, 2.469, 2.021, 2.178, 2.494, 2.558, 3.277, 5.198, 6.244, 5.52, 2.29, 1.595, 2.296, 2.138, 2.221, 2.587, 3.431, 4.726, 5.918, 6.711, 6.852, 6.578, 4.461, 4.023, 3.802, 3.206, 3.59, 3.074, 2.36, 4.286, 3.762], [5.795, 3.607, 7.709, 12.672, 10.957, 7.926, 6.287, 4.585, 3.465, 3.119, 3.197, 3.981, 4.453, 3.785, 2.832, 2.496, 1.951, 2.027, 3.324, 5.823, 7.374, 6.48, 3.198, 0.0, 2.508, 2.493, 3.058, 2.691, 3.901, 3.97, 3.916, 5.246, 6.059, 5.931, 3.987, 3.062, 4.108, 4.188, 3.867, 3.329, 2.313, 2.82, 3.349, 3.057, 2.18, 3.693, 5.949, 6.193, 4.65, 2.484, 2.185, 4.782, 6.831, 9.118, 9.42, 9.376, 9.266, 9.027, 8.085, 8.297, 7.885, 7.103, 6.919, 5.812, 5.664, 6.219, 7.597, 9.851, 9.965, 5.102, 2.739, 1.952, 1.699, 2.976, 5.306, 5.588, 3.968, 2.379, 1.927, 4.682, 5.119, 4.144, 4.495, 6.844, 9.07, 8.933, 7.57, 6.605, 5.462, 3.77, 3.928, 4.385, 4.526, 5.394, 6.564, 7.256, 7.439, 7.583, 8.161, 8.423, 8.572, 9.284, 10.149, 9.147, 5.782, 2.924, 5.074, 6.222, 8.594, 7.861, 6.525, 5.695, 3.358, 2.172, 2.338, 3.423, 4.694, 6.499, 9.375, 11.153, 9.622, 6.378, 6.878, 7.104, 5.606, 4.924, 5.099, 5.312, 5.218, 5.038, 4.798, 4.914, 5.174, 5.399, 4.89, 3.911, 4.636, 5.608, 2.053, 3.059, 2.802, 1.908, 2.25, 2.172, 2.635, 3.285, 3.522, 1.912, 6.177, 7.736, 6.281, 5.11, 6.038, 4.567, 2.748, 3.392, 2.92, 3.543, 4.368, 3.8, 3.198, 3.216, 4.131, 5.386, 5.879, 4.837, 4.62, 4.334, 2.548, 3.323, 3.613, 2.862, 2.538, 2.284, 2.419, 2.585, 2.815, 3.865, 3.546, 2.497, 2.273, 2.277, 2.39, 1.762, 1.694, 1.768, 1.535, 1.821, 1.853, 3.184, 3.397, 3.161, 3.03, 3.156, 3.428, 2.919, 4.795, 3.518, 2.517, 2.834, 4.154, 3.136, 3.44, 4.598, 5.028, 6.026, 7.87, 8.55, 8.032, 4.247, 3.208, 4.793, 4.224, 4.338, 5.092, 5.809, 7.081, 8.199, 9.047, 9.348, 8.938, 6.94, 5.752, 5.197, 4.408, 4.605, 4.523, 2.273, 2.218, 1.932], [7.72, 5.629, 9.65, 14.571, 12.962, 9.848, 8.226, 6.585, 5.536, 5.079, 5.128, 5.987, 6.439, 5.638, 4.583, 4.144, 3.599, 3.809, 5.161, 7.631, 9.317, 8.35, 5.172, 2.508, 0.0, 1.972, 2.679, 1.727, 2.597, 2.428, 2.201, 3.543, 4.355, 4.248, 2.454, 2.124, 3.268, 2.919, 2.772, 3.091, 3.126, 4.163, 4.812, 4.499, 2.477, 1.889, 3.949, 4.302, 2.899, 1.512, 2.943, 6.011, 8.666, 11.182, 11.29, 11.167, 10.735, 10.6, 9.57, 9.829, 9.532, 8.755, 8.482, 7.064, 6.902, 7.71, 9.455, 11.584, 11.754, 6.969, 4.54, 3.574, 3.362, 4.939, 7.155, 7.319, 5.829, 4.114, 1.989, 2.998, 3.431, 2.759, 3.194, 5.102, 7.295, 7.158, 5.775, 4.818, 3.689, 2.289, 2.356, 2.685, 2.856, 3.687, 4.723, 5.308, 5.604, 5.666, 6.212, 6.474, 6.623, 7.338, 8.146, 7.257, 3.955, 4.832, 6.85, 8.074, 10.446, 9.799, 8.5, 7.543, 5.333, 3.459, 1.89, 1.937, 3.108, 4.824, 7.424, 9.328, 7.645, 4.553, 5.083, 5.319, 3.877, 3.219, 3.38, 3.604, 3.39, 3.358, 3.33, 3.488, 3.483, 3.553, 3.259, 3.104, 3.226, 3.755, 1.942, 4.811, 4.395, 1.877, 2.142, 1.873, 2.115, 1.968, 2.275, 2.97, 8.049, 9.7, 8.259, 7.05, 7.923, 6.171, 3.248, 3.397, 4.03