[[0.0, 2.256, 2.745, 4.273, 5.237, 6.387, 7.441, 7.114, 6.72, 7.047, 8.768, 9.551, 9.426, 8.931, 9.668, 10.929, 11.619, 10.863, 11.061, 12.142, 11.944, 9.046, 3.508, 12.086, 18.6, 18.317, 17.344, 18.014, 18.432, 15.003, 12.737, 5.77, 3.525, 5.822, 7.763, 10.824, 12.865, 12.828, 10.728, 8.932, 7.723, 6.406, 5.044, 5.237, 6.017, 6.457, 6.785, 6.224, 6.31, 6.548, 7.482, 7.82, 7.468, 7.579, 7.72, 7.982, 6.797, 6.928, 7.335, 6.451, 6.796, 5.654, 4.797, 5.107, 5.35, 5.775, 6.001, 6.663, 7.238, 7.178, 4.415, 6.497, 9.973, 11.526, 12.534, 17.183, 20.128, 19.629, 19.622, 21.807, 23.067, 21.128, 19.429, 15.771, 12.574, 10.301, 11.948, 14.775, 12.247, 8.291, 6.317, 6.157, 6.681, 6.689, 7.324, 8.07, 8.057, 7.671, 8.066, 8.972, 9.174, 8.213, 7.769, 6.826, 6.567, 6.903, 7.028, 7.543, 6.361, 5.939, 5.797, 4.896, 4.45, 3.971, 3.84, 3.687, 4.423, 5.222, 4.988, 4.825, 5.796, 6.161, 5.444, 5.461, 5.233, 5.464, 5.393, 5.685, 6.354, 6.976, 7.903, 8.998, 9.1, 8.636, 8.257, 7.683, 8.613, 8.917, 9.201, 11.183, 8.99, 4.499, 3.492, 3.553, 2.939, 4.289, 5.094, 4.862, 6.295, 8.151, 8.163, 7.352, 7.103, 7.553, 7.172, 5.02, 3.908, 3.618, 3.372, 3.898, 4.819, 5.376, 6.048, 7.423, 8.735, 9.346, 8.055, 5.706, 6.026, 6.071, 6.411, 6.203, 5.234, 4.251, 3.16, 4.715, 7.533, 7.246, 8.405, 11.421, 13.306, 12.913, 12.331, 12.133, 10.315, 8.814, 7.966, 7.112, 6.472, 5.421, 3.998, 3.517, 3.136, 2.691, 2.614, 3.556, 5.047, 5.496, 5.539, 5.491, 4.117, 3.757, 4.622, 5.272, 5.024, 3.646, 2.221, 1.72, 1.25, 1.374, 1.665, 2.633, 2.183, 2.082, 1.81, 1.786, 2.77, 3.694, 4.584, 3.414, 3.943, 4.395, 5.428, 6.674, 7.509, 6.422, 3.572, 2.889, 2.902, 2.537], [2.256, 0.0, 1.41, 2.673, 3.767, 4.977, 6.049, 5.707, 5.297, 5.621, 7.357, 8.171, 8.039, 7.565, 8.106, 9.21, 9.829, 9.084, 9.188, 10.292, 10.27, 7.716, 4.101, 14.125, 20.69, 20.365, 19.445, 20.055, 20.513, 17.018, 14.752, 7.781, 3.668, 4.841, 5.959, 8.825, 10.836, 10.781, 8.721, 7.674, 6.923, 5.772, 4.755, 5.117, 5.869, 6.367, 6.639, 6.195, 6.397, 6.641, 7.553, 7.945, 7.562, 7.645, 7.721, 8.017, 6.958, 7.109, 7.605, 7.165, 8.04, 6.996, 6.098, 5.763, 5.479, 5.567, 5.432, 5.717, 6.474, 7.039, 4.515, 8.486, 11.987, 13.541, 14.548, 19.222, 22.142, 21.688, 21.637, 23.843, 25.12, 23.155, 21.445, 17.798, 14.627, 12.322, 13.972, 16.789, 14.363, 10.287, 8.306, 8.165, 8.721, 8.715, 9.169, 10.055, 10.063, 9.728, 9.944, 10.864, 10.992, 9.999, 9.555, 8.589, 8.262, 8.242, 8.205, 8.512, 7.868, 7.515, 6.809, 6.172, 5.555, 4.703, 4.163, 3.845, 4.282, 4.962, 4.928, 4.792, 5.815, 6.36, 6.082, 5.979, 5.785, 5.893, 6.37, 6.744, 7.995, 8.889, 9.781, 11.025, 11.174, 10.762, 10.338, 9.629, 10.529, 10.823, 11.089, 13.223, 10.937, 5.177, 4.262, 5.493, 3.489, 3.052, 3.371, 3.07, 4.27, 6.11, 6.141, 5.386, 5.364, 5.596, 5.26, 3.779, 3.302, 3.522, 3.159, 3.506, 4.032, 4.418, 5.142, 6.06, 6.877, 7.427, 7.002, 5.888, 6.479, 6.74, 7.29, 7.304, 5.682, 4.46, 2.696, 2.948, 5.502, 5.279, 6.347, 9.335, 11.231, 10.829, 10.279, 10.012, 8.249, 7.028, 6.069, 5.315, 4.518, 3.61, 2.398, 1.949, 1.834, 1.882, 2.005, 2.27, 3.191, 3.561, 3.466, 3.583, 3.135, 2.542, 2.814, 3.355, 3.172, 1.879, 2.007, 3.001, 2.624, 2.207, 2.594, 3.252, 2.947, 2.932, 2.87, 2.75, 3.26, 3.713, 3.804, 2.965, 4.066, 4.385, 4.772, 5.454, 6.201, 5.175, 3.377, 3.405, 3.534, 3.254], [2.745, 1.41, 0.0, 1.894, 3.0, 3.942, 5.057, 4.838, 4.342, 4.686, 6.357, 7.065, 6.883, 6.541, 7.415, 8.778, 9.46, 8.711, 8.872, 9.942, 9.641, 6.624, 3.966, 14.241, 20.811, 20.504, 19.563, 20.191, 20.603, 17.131, 14.871, 7.917, 4.059, 5.158, 6.024, 8.743, 10.692, 10.78, 8.856, 7.925, 7.332, 6.158, 5.198, 5.565, 6.316, 6.819, 7.109, 6.661, 6.879, 7.149, 8.021, 8.439, 8.06, 8.109, 8.174, 8.486, 7.477, 7.697, 8.176, 7.709, 8.936, 7.761, 6.604, 6.583, 6.071, 6.029, 5.878, 6.123, 6.868, 7.481, 5.111, 8.59, 12.091, 13.644, 14.675, 19.309, 22.246, 21.776, 21.747, 23.981, 25.249, 23.246, 21.547, 17.903, 14.714, 12.442, 14.076, 16.893, 14.458, 10.486, 8.453, 8.278, 8.833, 9.024, 9.479, 10.199, 10.194, 9.866, 10.281, 11.186, 11.444, 10.502, 10.06, 9.153, 8.944, 9.355, 9.283, 9.42, 8.741, 8.3, 7.902, 6.579, 5.9, 5.066, 4.614, 4.244, 4.666, 5.421, 5.285, 5.116, 6.16, 6.637, 6.162, 6.367, 6.139, 6.47, 6.709, 7.558, 8.36, 9.007, 9.873, 11.114, 11.302, 10.877, 10.553, 9.764, 10.858, 11.153, 11.359, 13.351, 11.09, 5.449, 4.775, 5.527, 2.834, 2.332, 3.096, 2.664, 4.121, 5.963, 6.02, 5.269, 5.338, 5.545, 5.221, 3.908, 3.534, 3.755, 3.627, 3.758, 4.213, 4.631, 5.49, 6.131, 6.875, 7.398, 7.092, 6.423, 7.005, 7.443, 8.251, 8.372, 6.194, 4.971, 3.174, 3.025, 5.352, 5.096, 6.186, 9.183, 11.066, 10.693, 10.121, 9.828, 8.052, 6.601, 5.885, 5.036, 4.279, 3.211, 1.994, 1.6, 1.415, 1.418, 1.698, 1.964, 2.964, 3.335, 3.315, 3.511, 3.494, 2.866, 2.83, 3.172, 2.975, 1.851, 2.365, 3.234, 2.9, 2.496, 2.789, 3.313, 2.863, 3.012, 2.94, 2.945, 3.186, 3.847, 4.023, 3.143, 4.49, 4.814, 5.166, 5.823, 6.56, 5.545, 3.714, 3.813, 3.997, 3.328], [4.273, 2.673, 1.894, 0.0, 1.572, 2.824, 4.015, 3.819, 3.384, 3.523, 4.808, 5.635, 5.565, 5.038, 5.681, 7.07, 7.771, 7.016, 7.099, 8.171, 7.975, 5.232, 5.48, 15.868, 22.503, 22.154, 21.265, 21.842, 22.327, 18.805, 16.529, 9.572, 4.339, 5.045, 5.405, 7.443, 9.39, 9.39, 7.968, 7.283, 7.047, 6.047, 5.286, 5.773, 6.477, 7.089, 7.319, 6.89, 7.156, 7.466, 8.293, 8.735, 8.361, 8.362, 8.389, 8.761, 7.824, 8.158, 8.708, 8.854, 10.275, 9.209, 7.987, 8.015, 6.73, 6.16, 6.041, 5.892, 6.544, 7.627, 5.566, 10.277, 13.767, 15.347, 16.375, 21.01, 23.93, 23.49, 23.426, 25.699, 26.982, 24.945, 23.236, 19.636, 16.418, 14.105, 15.726, 18.567, 16.179, 12.126, 10.113, 9.971, 10.491, 10.717, 11.119, 11.902, 11.86, 11.573, 11.846, 12.835, 13.079, 12.121, 11.6, 10.732, 10.443, 10.662, 10.537, 10.601, 10.157, 9.796, 9.227, 8.101, 7.476, 6.107, 5.286, 4.501, 4.8, 5.447, 5.407, 5.247, 6.208, 6.891, 6.626, 7.331, 7.188, 7.702, 8.037, 8.893, 9.989, 10.719, 11.594, 12.805, 12.999, 12.568, 12.177, 11.401, 12.494, 12.79, 12.972, 15.075, 12.795, 6.506, 6.044, 7.14, 4.244, 2.406, 2.478, 1.86, 2.753, 4.673, 4.747, 4.57, 4.917, 4.938, 4.728, 3.91, 3.954, 4.296, 4.194, 3.941, 4.254, 4.777, 5.452, 5.953, 6.321, 6.578, 6.932, 6.784, 7.984, 8.565, 9.435, 9.656, 7.226, 5.69, 3.561, 2.681, 4.066, 3.766, 4.509, 7.483, 9.335, 8.944, 8.39, 8.168, 6.368, 4.968, 4.364, 3.533, 2.673, 1.858, 1.815, 1.648, 1.624, 2.715, 2.845, 2.243, 1.695, 2.017, 1.908, 2.851, 3.698, 3.19, 2.535, 2.316, 2.048, 1.832, 3.706, 4.847, 4.536, 4.145, 4.409, 4.969, 4.584, 4.652, 4.669, 4.425, 4.147, 4.09, 4.102, 3.17, 5.076, 5.093, 5.087, 5.306, 6.057, 5.397, 3.799, 4.786, 5.096, 4.411], [5.237, 3.767, 3.0, 1.572, 0.0, 1.83, 2.97, 2.782, 2.834, 2.817, 3.911, 4.632, 4.479, 4.08, 4.734, 6.102, 6.714, 5.892, 6.132, 7.069, 7.07, 4.23, 6.408, 16.883, 23.512, 23.172, 22.276, 22.838, 23.339, 19.798, 17.51, 10.606, 5.207, 5.393, 5.409, 7.134, 8.888, 8.902, 7.687, 7.126, 7.225, 6.305, 5.829, 6.321, 7.039, 7.795, 7.848, 7.532, 7.955, 8.339, 9.054, 9.593, 9.256, 9.065, 9.034, 9.476, 8.776, 9.165, 9.74, 10.015, 11.234, 10.124, 9.108, 8.974, 7.749, 6.973, 6.608, 6.429, 6.823, 8.096, 6.669, 11.242, 14.727, 16.307, 17.36, 21.981, 24.892, 24.47, 24.414, 26.673, 27.969, 25.907, 24.198, 20.61, 17.395, 15.081, 16.725, 19.53, 17.18, 13.227, 11.174, 11.0, 11.462, 11.511, 12.072, 12.931, 12.857, 12.572, 12.972, 13.875, 13.957, 13.055, 12.616, 11.619, 11.376, 11.653, 11.576, 11.746, 11.106, 10.706, 10.209, 9.031, 8.369, 7.252, 6.438, 5.523, 5.397, 5.928, 5.889, 5.751, 6.756, 7.45, 7.723, 8.515, 8.214, 8.809, 9.119, 9.941, 11.031, 11.797, 12.611, 13.792, 14.011, 13.592, 13.12, 12.392, 13.274, 13.763, 14.007, 16.071, 13.918, 7.661, 7.043, 8.144, 5.161, 2.776, 2.835, 2.322, 2.84, 4.346, 4.742, 4.692, 5.27, 5.18, 4.943, 4.743, 5.06, 5.342, 5.345, 4.663, 4.892, 5.344, 5.9, 6.476, 6.548, 6.727, 7.466, 7.76, 9.189, 9.761, 10.571, 10.673, 8.403, 6.836, 4.593, 3.051, 3.654, 3.379, 3.739, 6.507, 8.356, 7.963, 7.378, 7.161, 5.347, 3.934, 3.322, 2.646, 2.344, 1.925, 2.405, 2.362, 2.341, 3.629, 3.664, 3.167, 2.084, 1.919, 1.582, 3.13, 4.411, 4.078, 3.067, 2.678, 2.522, 2.611, 4.538, 5.696, 5.524, 5.207, 5.491, 5.962, 5.551, 5.672, 5.691, 5.524, 5.426, 4.934, 4.575, 3.866, 6.202, 5.875, 5.467, 5.43, 6.056, 5.602, 4.414, 5.86, 6.282, 5.651], [6.387, 4.977, 3.942, 2.824, 1.83, 0.0, 1.56, 1.276, 1.711, 2.03, 3.127, 3.522, 3.611, 3.762, 4.797, 6.443, 7.236, 6.588, 6.649, 7.362, 6.87, 3.745, 6.132, 16.604, 23.258, 22.723, 22.046, 22.534, 23.265, 19.057, 16.845, 10.696, 6.857, 6.964, 6.908, 8.128, 9.807, 9.774, 8.716, 8.425, 8.783, 7.862, 7.329, 7.883, 8.611, 9.359, 9.407, 9.119, 9.593, 9.97, 10.68, 11.229, 10.92, 10.679, 10.626, 11.074, 10.418, 10.742, 11.321, 11.55, 12.703, 11.34, 10.375, 10.342, 9.288, 8.633, 8.214, 8.012, 8.393, 9.664, 8.195, 10.61, 14.014, 15.597, 16.597, 21.26, 24.181, 23.794, 23.703, 25.894, 27.263, 25.211, 23.486, 19.856, 16.665, 14.421, 16.109, 18.871, 17.056, 13.682, 11.348, 11.08, 11.626, 12.086, 12.826, 13.276, 13.293, 13.084, 13.742, 14.659, 14.9, 14.047, 13.646, 12.79, 12.623, 13.127, 13.093, 13.269, 12.441, 11.997, 11.659, 10.264, 9.544, 8.775, 8.028, 6.97, 7.042, 7.473, 7.446, 7.304, 8.265, 8.827, 8.93, 9.297, 9.63, 10.272, 10.51, 11.304, 11.943, 12.147, 12.784, 13.658, 14.011, 14.137, 13.559, 12.509, 13.894, 14.279, 14.786, 15.862, 14.217, 9.024, 8.348, 8.384, 5.558, 3.568, 3.777, 3.693, 4.393, 5.796, 6.262, 6.219, 6.852, 6.707, 6.484, 6.392, 6.658, 6.948, 6.942, 6.301, 6.48, 6.93, 7.396, 7.98, 8.027, 8.212, 8.993, 9.37, 10.683, 11.287, 12.076, 12.108, 9.963, 8.377, 6.12, 4.587, 5.031, 4.765, 4.637, 7.297, 9.134, 8.709, 8.101, 7.905, 6.138, 4.754, 4.136, 3.786, 3.667, 3.192, 3.424, 3.635, 3.535, 3.951, 4.081, 4.251, 3.44, 3.281, 3.094, 4.708, 6.016, 5.652, 4.68, 4.083, 3.954, 4.021, 5.395, 6.175, 6.183, 6.044, 6.001, 5.993, 5.361, 5.638, 5.838, 5.79, 5.458, 5.584, 5.526, 5.404, 7.823, 7.503, 6.979, 6.979, 7.578, 7.181, 6.028, 7.26, 7.81, 6.666], [7.441, 6.049, 5.057, 4.015, 2.97, 1.56, 0.0, 1.112, 2.024, 1.958, 2.701, 2.732, 2.987, 3.657, 4.753, 6.185, 6.983, 6.524, 6.375, 6.919, 6.354, 3.475, 7.029, 17.502, 24.177, 23.577, 22.952, 23.505, 24.241, 19.82, 17.65, 11.943, 7.855, 8.007, 7.96, 8.81, 9.985, 9.916, 9.513, 9.458, 9.867, 8.96, 8.468, 9.02, 9.737, 10.461, 10.559, 10.208, 10.661, 11.049, 11.764, 12.3, 11.99, 11.769, 11.744, 12.179, 11.486, 11.785, 12.354, 12.719, 13.852, 12.51, 11.489, 11.491, 10.382, 9.743, 9.324, 9.163, 9.544, 10.819, 9.277, 11.251, 14.562, 16.164, 17.078, 21.701, 24.626, 24.25, 24.357, 26.341, 27.827, 25.673, 23.927, 20.424, 17.125, 15.205, 16.906, 19.466, 18.042, 14.805, 12.465, 12.123, 12.815, 13.143, 14.056, 14.432, 14.436, 14.336, 14.954, 15.92, 16.169, 15.297, 14.844, 13.995, 13.804, 14.276, 14.242, 14.412, 13.6, 13.165, 12.808, 11.448, 10.745, 9.917, 9.21, 8.047, 8.113, 8.629, 8.601, 8.458, 9.379, 9.936, 10.002, 10.389, 10.815, 11.422, 11.657, 12.453, 13.111, 13.218, 13.802, 14.686, 15.192, 15.301, 14.727, 13.555, 14.911, 15.341, 15.753, 16.898, 15.331, 10.171, 9.503, 9.495, 6.731, 4.633, 4.512, 4.851, 5.44, 6.884, 7.323, 7.437, 8.023, 7.913, 7.621, 7.451, 7.79, 8.088, 8.123, 7.384, 7.584, 8.074, 8.519, 9.084, 9.156, 9.319, 10.129, 10.439, 11.872, 12.452, 13.22, 13.233, 11.162, 9.554, 7.114, 5.691, 6.034, 5.862, 5.475, 7.006, 8.773, 8.362, 7.815, 7.519, 5.888, 4.797, 4.285, 4.184, 4.214, 3.899, 4.227, 4.68, 4.644, 4.977, 5.269, 5.453, 4.596, 4.381, 4.115, 5.831, 7.133, 6.831, 5.755, 5.232, 4.975, 5.075, 6.547, 7.309, 7.363, 7.206, 7.218, 7.143, 6.445, 6.658, 7.045, 6.811, 6.177, 6.309, 6.557, 6.473, 8.927, 8.583, 8.121, 8.085, 8.648, 8.285, 7.109, 8.427, 8.986, 7.762], [7.114, 5.707, 4.838, 3.819, 2.782, 1.276, 1.112, 0.0, 1.773, 1.967, 2.624, 2.886, 3.383, 3.706, 4.745, 6.36, 7.126, 6.49, 6.541, 7.215, 6.625, 3.644, 6.694, 17.154, 23.868, 23.248, 22.613, 23.196, 23.925, 19.553, 17.341, 11.498, 7.672, 7.79, 7.675, 8.68, 10.197, 10.103, 9.36, 9.194, 9.628, 8.727, 8.208, 8.757, 9.463, 10.185, 10.293, 9.958, 10.437, 10.804, 11.514, 12.065, 11.764, 11.513, 11.453, 11.896, 11.257, 11.561, 12.152, 12.5, 13.505, 12.112, 11.157, 11.161, 10.163, 9.551, 9.065, 8.885, 9.294, 10.567, 9.139, 10.914, 14.296, 15.903, 16.781, 21.388, 24.281, 23.91, 24.026, 26.017, 27.492, 25.308, 23.583, 20.108, 16.795, 14.894, 16.616, 19.126, 17.716, 14.434, 12.093, 11.78, 12.413, 12.694, 13.612, 14.025, 13.99, 13.887, 14.486, 15.45, 15.71, 14.824, 14.391, 13.548, 13.39, 13.917, 13.908, 14.135, 13.215, 12.767, 12.436, 11.1, 10.324, 9.683, 9.024, 7.882, 7.883, 8.368, 8.345, 8.18, 9.09, 9.649, 9.823, 10.126, 10.62, 11.183, 11.396, 12.089, 12.713, 12.868, 13.461, 14.363, 14.788, 14.885, 14.31, 13.219, 14.418, 14.81, 15.325, 16.524, 14.968, 9.95, 9.187, 9.088, 6.485, 4.222, 4.31, 4.595, 5.207, 6.575, 7.016, 7.119, 7.729, 7.588, 7.329, 7.302, 7.628, 7.92, 7.953, 7.151, 7.304, 7.797, 8.255, 8.794, 8.88, 9.07, 9.861, 10.236, 11.697, 12.237, 12.932, 12.858, 10.981, 9.371, 6.966, 5.418, 5.759, 5.589, 5.207, 7.255, 9.055, 8.636, 8.002, 7.739, 6.056, 4.822, 4.23, 4.128, 4.17, 3.859, 3.955, 4.387, 4.295, 4.6, 4.89, 5.169, 4.349, 4.101, 3.875, 5.591, 6.974, 6.641, 5.529, 4.978, 4.78, 4.833, 6.062, 6.885, 6.968, 6.786, 6.756, 6.762, 6.054, 6.332, 6.597, 6.522, 5.986, 6.126, 6.298, 6.247, 8.776, 8.342, 7.845, 7.859, 8.392, 8.045, 6.882, 8.197, 8.795, 7.521], [6.72, 5.297, 4.342, 3.384, 2.834, 1.711, 2.024, 1.773, 0.0, 1.678, 3.319, 3.897, 4.628, 4.948, 5.965, 7.661, 8.441, 7.779, 7.861, 8.518, 7.964, 4.869, 5.682, 16.182, 22.856, 22.219, 21.632, 22.185, 22.92, 18.457, 16.228, 10.905, 7.456, 7.96, 8.147, 9.548, 11.167, 11.14, 10.179, 9.781, 9.882, 8.929, 8.3, 8.833, 9.533, 10.194, 10.371, 9.962, 10.285, 10.681, 11.45, 11.931, 11.557, 11.491, 11.484, 11.905, 11.107, 11.342, 11.876, 11.994, 13.1, 11.726, 10.74, 10.741, 9.756, 9.283, 9.106, 8.96, 9.446, 10.673, 8.687, 9.949, 13.005, 14.608, 15.605, 20.119, 23.004, 22.91, 23.013, 24.864, 26.299, 24.116, 22.306, 18.874, 15.553, 13.847, 15.456, 18.134, 16.711, 13.482, 11.398, 11.024, 11.631, 12.155, 12.955, 13.302, 13.459, 13.372, 14.07, 14.96, 15.146, 14.364, 13.975, 13.154, 12.993, 13.52, 13.492, 13.673, 12.834, 12.376, 12.053, 10.662, 9.933, 9.223, 8.561, 7.535, 7.847, 8.474, 8.442, 8.274, 9.147, 9.669, 9.489, 9.632, 10.123, 10.681, 10.918, 11.698, 12.33, 12.389, 12.965, 13.656, 14.189, 14.475, 13.908, 12.781, 14.016, 14.354, 14.974, 15.916, 13.894, 9.469, 8.764, 8.655, 5.985, 3.936, 4.102, 4.235, 5.081, 6.835, 7.223, 7.25, 7.807, 7.68, 7.436, 7.019, 7.216, 7.507, 7.476, 7.051, 7.347, 7.862, 8.345, 8.854, 9.067, 9.266, 9.936, 9.99, 11.215, 11.734, 12.489, 12.478, 10.492, 8.899, 6.596, 5.51, 6.289, 6.059, 6.029, 8.548, 10.37, 9.95, 9.328, 9.064, 7.349, 5.947, 5.167, 4.568, 4.249, 3.68, 3.734, 3.957, 3.892, 4.221, 4.47, 4.714, 4.087, 4.35, 4.017, 5.763, 6.784, 6.241, 5.523, 5.133, 4.703, 4.472, 5.574, 6.294, 6.555, 6.392, 6.313, 5.941, 5.378, 5.844, 6.062, 6.144, 5.613, 5.925, 6.405, 6.12, 8.376, 8.259, 7.95, 8.093, 8.76, 8.272, 6.824, 7.689, 8.298, 7.018], [7.047, 5.621, 4.686, 3.523, 2.817, 2.03, 1.958, 1.967, 1.678, 0.0, 2.472, 3.44, 4.221, 4.521, 5.573, 7.264, 8.043, 7.385, 7.454, 8.07, 7.477, 4.555, 6.504, 17.039, 23.767, 22.99, 22.457, 23.118, 23.804, 19.342, 16.927, 11.741, 7.554, 7.878, 8.113, 9.604, 11.325, 11.219, 10.184, 9.778, 9.837, 8.848, 8.242, 8.785, 9.487, 10.193, 10.322, 9.94, 10.358, 10.766, 11.486, 12.018, 11.655, 11.489, 11.467, 11.901, 11.201, 11.466, 12.016, 12.237, 13.431, 12.224, 11.042, 11.102, 9.974, 9.373, 9.065, 8.91, 9.382, 10.61, 8.867, 10.632, 13.345, 14.994, 16.197, 20.534, 23.368, 23.598, 23.845, 25.462, 26.978, 24.707, 22.684, 19.459, 16.08, 14.669, 16.2, 18.908, 17.686, 14.59, 12.26, 11.876, 12.654, 12.961, 13.868, 14.233, 14.242, 14.14, 14.686, 15.698, 15.962, 15.074, 14.565, 13.727, 13.516, 13.844, 13.789, 13.95, 13.256, 12.863, 12.381, 11.139, 10.453, 9.449, 8.727, 7.682, 7.835, 8.406, 8.381, 8.21, 9.107, 9.658, 9.635, 9.901, 10.347, 10.949, 11.203, 12.037, 12.847, 12.953, 13.502, 14.431, 15.008, 15.03, 14.453, 13.274, 14.667, 15.109, 15.409, 16.729, 15.125, 9.694, 9.065, 9.215, 6.342, 4.197, 4.032, 4.218, 5.023, 6.673, 7.139, 7.159, 7.75, 7.61, 7.37, 7.096, 7.352, 7.649, 7.653, 7.077, 7.308, 7.821, 8.28, 8.809, 8.963, 9.156, 9.88, 10.115, 11.399, 11.972, 12.759, 12.816, 10.681, 9.074, 6.754, 5.457, 6.272, 6.022, 6.049, 8.224, 9.979, 9.557, 8.926, 8.666, 6.975, 5.61, 4.85, 4.205, 3.802, 3.333, 3.881, 4.201, 4.274, 4.697, 4.852, 4.912, 4.162, 4.287, 3.96, 5.683, 6.772, 6.368, 5.485, 5.054, 4.747, 4.582, 6.319, 7.116, 7.118, 6.938, 7.003, 6.964, 6.303, 6.438, 6.827, 6.388, 5.587, 5.855, 6.33, 6.15, 8.52, 8.306, 7.884, 8.045, 8.723, 8.23, 6.831, 7.946, 8.508, 7.284], [8.768, 7.357, 6.357, 4.808, 3.911, 3.127, 2.701, 2.624, 3.319, 2.472, 0.0, 1.678, 2.526, 2.494, 3.537, 5.134, 5.9, 5.317, 5.296, 6.017, 5.351, 2.779, 8.71, 19.224, 25.915, 25.258, 24.678, 25.242, 25.973, 21.517, 19.223, 13.58, 8.392, 7.864, 7.949, 9.064, 10.515, 10.456, 9.739, 9.48, 9.76, 8.824, 8.382, 8.945, 9.739, 10.448, 10.45, 10.305, 10.919, 11.136, 11.817, 12.374, 12.212, 11.849, 11.674, 12.157, 11.584, 12.096, 12.78, 13.626, 15.044, 13.921, 12.634, 12.783, 11.389, 10.359, 9.367, 9.041, 9.416, 10.656, 10.13, 12.899, 15.655, 17.33, 18.469, 22.733, 25.501, 25.841, 26.058, 27.74, 29.342, 26.892, 24.807, 21.817, 18.334, 16.89, 18.467, 21.128, 19.77, 16.504, 14.166, 13.814, 14.526, 14.853, 15.702, 16.128, 16.117, 15.958, 16.398, 17.492, 17.762, 16.831, 16.263, 15.456, 15.207, 15.455, 15.312, 15.373, 14.934, 14.562, 14.02, 12.837, 12.167, 10.891, 9.938, 8.545, 8.394, 8.472, 8.454, 8.353, 9.328, 9.887, 10.71, 11.391, 11.821, 12.478, 12.8, 13.684, 14.619, 14.82, 15.424, 16.371, 16.871, 16.828, 16.242, 15.131, 16.446, 16.828, 17.134, 18.646, 17.037, 11.237, 10.683, 11.041, 7.966, 5.623, 5.176, 5.245, 5.74, 6.606, 7.042, 7.146, 7.857, 7.69, 7.474, 7.967, 8.551, 8.929, 8.827, 7.801, 7.737, 7.992, 8.46, 9.103, 9.0, 9.188, 10.045, 10.968, 12.645, 13.264, 14.198, 14.429, 11.982, 10.429, 7.982, 6.207, 6.039, 5.784, 5.517, 6.478, 7.951, 7.403, 6.707, 6.521, 4.936, 4.266, 4.095, 4.17, 4.183, 4.339, 5.461, 5.763, 5.972, 6.42, 6.515, 6.215, 5.167, 5.13, 4.81, 5.956, 7.814, 7.565, 6.232, 5.37, 5.39, 6.031, 8.11, 8.988, 8.966, 8.687, 8.832, 8.863, 8.167, 8.342, 8.661, 8.13, 7.096, 6.689, 6.469, 6.724, 9.496, 8.789, 8.03, 7.947, 8.583, 8.147, 7.525, 9.361, 9.875, 8.801], [9.551, 8.171, 7.065, 5.635, 4.632, 3.522, 2.732, 2.886, 3.897, 3.44, 1.678, 0.0, 1.398, 1.895, 2.773, 4.297, 5.047, 4.537, 4.357, 5.085, 4.455, 1.831, 8.917, 19.429, 26.102, 25.495, 24.878, 25.437, 26.166, 21.728, 19.558, 14.124, 9.279, 8.477, 8.187, 9.08, 10.417, 10.4, 9.761, 9.695, 10.143, 9.283, 9.016, 9.626, 10.523, 11.127, 11.119, 11.122, 11.799, 11.981, 12.585, 13.142, 13.059, 12.655, 12.392, 12.829, 12.377, 12.97, 13.66, 14.482, 15.847, 14.681, 13.424, 13.584, 12.233, 11.246, 10.218, 9.728, 10.081, 11.231, 11.012, 13.144, 16.404, 18.01, 18.968, 23.516, 26.376, 26.129, 26.253, 28.234, 29.726, 27.449, 25.679, 22.277, 18.92, 17.107, 18.806, 21.36, 20.0, 16.888, 14.57, 14.155, 14.994, 15.41, 16.242, 16.591, 16.631, 16.521, 17.126, 18.1, 18.348, 17.478, 17.015, 16.166, 15.975, 16.271, 16.151, 16.229, 15.735, 15.334, 14.833, 13.595, 12.895, 11.715, 10.811, 9.417, 9.269, 9.081, 9.155, 9.047, 10.012, 10.549, 11.561, 12.22, 12.66, 13.301, 13.62, 14.501, 15.283, 15.348, 15.894, 16.775, 17.364, 17.469, 16.898, 15.71, 17.069, 17.462, 17.87, 19.128, 17.407, 12.057, 11.484, 11.615, 8.56, 6.322, 5.926, 6.048, 6.564, 7.362, 7.572, 7.705, 8.491, 8.311, 8.263, 8.843, 9.421, 9.785, 9.705, 8.679, 8.608, 8.76, 9.077, 9.841, 9.55, 9.678, 10.655, 11.843, 13.531, 14.148, 15.054, 15.254, 12.833, 11.287, 8.83, 7.04, 6.245, 6.091, 5.631, 5.954, 7.151, 6.561, 5.822, 5.64, 4.142, 4.013, 3.991, 4.425, 4.775, 5.143, 6.254, 6.586, 6.694, 7.167, 7.241, 7.072, 6.033, 5.842, 5.619, 6.794, 8.701, 8.452, 7.119, 6.214, 6.227, 6.86, 8.715, 9.47, 9.551, 9.39, 9.41, 9.276, 8.643, 8.794, 9.212, 8.864, 7.96, 7.632, 7.23, 7.583, 10.378, 9.646, 8.629, 8.478, 8.909, 8.597, 8.381, 10.187, 10.724, 9.621], [9.426, 8.039, 6.883, 5.565, 4.479, 3.611, 2.987, 3.383, 4.628, 4.221, 2.526, 1.398, 0.0, 1.361, 2.276, 3.461, 4.257, 3.886, 3.717, 4.361, 3.916, 1.293, 8.936, 19.416, 26.08, 25.611, 24.86, 25.369, 26.068, 22.218, 19.881, 13.818, 9.136, 8.446, 7.658, 8.55, 9.565, 9.511, 9.182, 9.14, 9.687, 8.927, 8.864, 9.477, 10.372, 10.999, 10.973, 10.956, 11.622, 11.805, 12.438, 12.991, 12.883, 12.501, 12.247, 12.682, 12.228, 12.869, 13.56, 14.378, 15.667, 14.392, 13.286, 13.381, 12.066, 11.093, 10.042, 9.587, 9.926, 11.071, 10.939, 13.593, 17.046, 18.666, 19.704, 24.317, 27.21, 26.827, 26.795, 29.008, 30.382, 28.248, 26.511, 22.987, 19.749, 17.495, 19.129, 21.848, 19.869, 16.652, 14.322, 13.983, 14.74, 15.292, 15.928, 16.389, 16.452, 16.246, 16.822, 17.801, 18.049, 17.178, 16.711, 15.863, 15.702, 16.054, 15.972, 16.087, 15.506, 15.059, 14.592, 13.312, 12.591, 11.564, 10.669, 9.328, 9.1, 8.914, 8.994, 8.897, 9.861, 10.397, 11.444, 12.188, 12.489, 13.178, 13.483, 14.321, 15.006, 15.046, 15.63, 16.538, 17.056, 17.169, 16.641, 15.603, 17.124, 17.485, 17.798, 18.949, 17.188, 11.842, 11.241, 11.288, 8.265, 5.997, 5.615, 5.935, 6.461, 7.26, 7.357, 7.523, 8.339, 8.19, 8.09, 8.748, 9.3, 9.626, 9.559, 8.526, 8.439, 8.612, 8.985, 9.758, 9.441, 9.473, 10.573, 11.754, 13.456, 14.067, 14.977, 15.052, 12.745, 11.148, 8.753, 6.87, 5.737, 5.689, 5.12, 5.056, 6.14, 5.696, 5.164, 4.855, 3.45, 3.667, 3.759, 4.212, 4.616, 4.935, 6.027, 6.473, 6.528, 7.051, 7.119, 7.047, 5.927, 5.703, 5.421, 6.636, 8.54, 8.344, 6.96, 6.038, 6.126, 6.818, 8.59, 9.265, 9.321, 9.179, 9.187, 9.093, 8.537, 8.617, 8.99, 8.621, 8.449, 8.087, 7.318, 7.452, 10.217, 9.491, 8.557, 8.304, 8.537, 8.25, 8.24, 10.011, 10.584, 9.438], [8.931, 7.565, 6.541, 5.038, 4.08, 3.762, 3.657, 3.706, 4.948, 4.521, 2.494, 1.895, 1.361, 0.0, 1.53, 2.929, 3.65, 3.183, 3.211, 4.091, 3.841, 1.351, 9.177, 19.751, 26.281, 25.926, 25.052, 25.691, 26.243, 22.597, 20.284, 13.664, 8.627, 7.331, 6.587, 7.607, 8.86, 8.861, 8.314, 8.087, 8.615, 7.807, 7.825, 8.464, 9.363, 9.918, 9.925, 10.068, 10.817, 10.935, 11.435, 11.989, 11.976, 11.495, 11.212, 11.63, 11.229, 11.985, 12.777, 13.739, 15.145, 14.047, 12.791, 12.898, 11.497, 10.464, 9.299, 8.832, 9.029, 10.021, 10.306, 14.068, 17.534, 19.117, 20.164, 24.783, 27.678, 27.3, 27.241, 29.472, 30.795, 28.698, 26.985, 23.424, 20.193, 17.885, 19.525, 22.355, 20.032, 16.556, 14.293, 14.055, 14.656, 15.232, 15.811, 16.228, 16.368, 15.981, 16.462, 17.52, 17.792, 16.874, 16.33, 15.509, 15.275, 15.546, 15.413, 15.486, 15.034, 14.63, 14.108, 12.904, 12.231, 10.983, 10.06, 8.719, 8.429, 7.986, 8.34, 8.243, 8.949, 9.56, 10.977, 11.805, 12.029, 12.611, 12.928, 13.796, 14.649, 14.887, 15.568, 16.673, 16.92, 16.858, 16.415, 15.631, 17.107, 17.454, 17.602, 19.059, 17.087, 11.372, 10.739, 11.132, 8.016, 5.547, 5.168, 5.224, 5.745, 6.294, 6.336, 6.441, 7.294, 7.188, 7.317, 8.093, 8.664, 9.048, 8.942, 7.91, 7.782, 7.685, 8.086, 8.727, 8.289, 8.308, 9.45, 11.044, 12.789, 13.407, 14.34, 14.583, 12.088, 10.542, 8.29, 6.361, 4.709, 4.607, 4.139, 4.461, 5.679, 5.233, 4.58, 4.678, 3.284, 3.302, 3.352, 3.781, 4.14, 4.419, 5.66, 6.005, 6.19, 6.97, 6.964, 6.65, 5.452, 5.114, 4.922, 6.019, 7.923, 7.693, 6.342, 5.408, 5.514, 6.423, 8.443, 9.314, 9.118, 8.805, 8.962, 9.083, 8.614, 8.57, 8.739, 8.362, 8.349, 7.764, 6.604, 6.772, 9.627, 8.869, 7.547, 7.204, 7.428, 7.139, 7.668, 9.493, 9.978, 8.93], [9.668, 8.106, 7.415, 5.681, 4.734, 4.797, 4.753, 4.745, 5.965, 5.573, 3.537, 2.773, 2.276, 1.53, 0.0, 1.837, 2.593, 2.339, 2.195, 3.074, 2.855, 2.078, 10.424, 20.966, 27.56, 27.058, 26.353, 26.881, 27.558, 23.742, 21.366, 14.762, 8.972, 7.521, 6.278, 7.228, 8.468, 8.459, 7.892, 7.769, 8.269, 7.542, 7.982, 8.629, 9.518, 10.052, 10.047, 10.25, 11.001, 11.115, 11.601, 12.141, 12.149, 11.647, 11.349, 11.701, 11.389, 12.201, 13.045, 14.143, 15.723, 14.579, 13.529, 13.477, 11.921, 10.749, 9.539, 9.066, 9.218, 10.169, 10.742, 15.218, 18.605, 20.209, 21.272, 25.883, 28.752, 28.47, 28.407, 30.597, 31.934, 29.81, 28.055, 24.532, 21.293, 19.007, 20.614, 23.472, 21.348, 17.642, 15.42, 15.319, 15.676, 16.032, 16.61, 17.321, 17.252, 16.892, 17.366, 18.303, 18.514, 17.549, 17.101, 16.152, 15.876, 16.014, 15.837, 15.859, 15.59, 15.204, 14.582, 13.516, 12.892, 11.474, 10.391, 9.05, 8.703, 8.203, 8.663, 8.583, 9.102, 9.721, 11.288, 12.162, 12.388, 13.113, 13.552, 14.332, 15.486, 16.115, 16.862, 17.94, 18.148, 17.868, 17.21, 16.545, 17.712, 18.073, 18.423, 20.276, 18.289, 11.824, 11.259, 12.306, 9.161, 6.367, 5.779, 5.717, 6.05, 6.502, 6.54, 6.587, 7.43, 7.377, 7.549, 8.472, 9.047, 9.444, 9.308, 8.277, 8.029, 7.916, 8.347, 8.925, 8.395, 8.299, 9.606, 11.336, 13.152, 13.794, 14.767, 15.067, 12.544, 10.909, 8.695, 6.769, 4.589, 4.559, 4.177, 3.953, 4.63, 4.274, 3.73, 3.972, 2.876, 3.248, 3.459, 4.042, 4.454, 4.931, 6.448, 6.534, 6.901, 7.709, 7.604, 6.842, 5.687, 5.462, 5.339, 6.331, 8.212, 8.042, 6.68, 5.651, 5.759, 6.811, 9.125, 10.159, 9.978, 9.731, 9.927, 10.093, 9.596, 9.803, 9.958, 9.491, 9.01, 7.967, 6.678, 7.176, 9.91, 9.191, 7.824, 7.28, 7.245, 7.063, 8.028, 9.913, 10.398, 9.767], [10.929, 9.21, 8.778, 7.07, 6.102, 6.443, 6.185, 6.36, 7.661, 7.264, 5.134, 4.297, 3.461, 2.929, 1.837, 0.0, 1.069, 1.362, 1.472, 2.305, 2.357, 3.087, 11.876, 22.473, 28.966, 28.593, 27.662, 28.36, 28.787, 25.418, 23.026, 16.107, 9.836, 7.945, 6.443, 6.778, 7.807, 7.855, 7.479, 7.696, 8.359, 7.746, 8.384, 8.962, 9.83, 10.397, 10.367, 10.568, 11.326, 11.449, 11.899, 12.413, 12.544, 11.931, 11.602, 12.02, 11.685, 12.626, 13.501, 14.728, 16.748, 15.786, 14.857, 14.414, 12.69, 11.269, 9.909, 9.42, 9.547, 10.482, 11.575, 16.887, 20.33, 21.936, 22.982, 27.612, 30.495, 30.123, 30.051, 32.301, 33.596, 31.516, 29.799, 26.241, 23.017, 20.651, 22.253, 25.138, 22.586, 18.799, 16.805, 16.733, 17.185, 17.42, 17.957, 18.705, 18.692, 18.162, 18.501, 19.41, 19.629, 18.629, 18.201, 17.191, 16.951, 16.853, 16.566, 16.332, 16.576, 16.132, 15.387, 14.667, 14.007, 12.432, 10.958, 10.014, 9.426, 8.689, 9.333, 9.205, 9.531, 10.372, 12.611, 13.55, 13.308, 14.021, 14.745, 15.418, 16.679, 17.299, 18.203, 19.423, 19.539, 19.027, 18.567, 18.101, 19.223, 19.578, 19.875, 21.816, 19.52, 12.824, 12.282, 13.569, 10.396, 7.495, 6.777, 6.751, 6.567, 6.896, 6.934, 6.98, 7.775, 7.785, 7.964, 9.038, 9.73, 10.271, 9.965, 8.894, 8.42, 8.362, 8.818, 9.279, 8.726, 8.638, 9.934, 11.787, 13.632, 14.493, 15.43, 16.006, 13.415, 11.571, 9.744, 7.634, 4.958, 5.094, 4.435, 3.485, 3.517, 3.125, 2.788, 3.094, 2.613, 3.947, 4.264, 4.939, 5.251, 5.865, 7.817, 7.79, 8.278, 9.322, 9.224, 7.906, 6.484, 6.107, 6.158, 6.754, 8.629, 8.636, 7.296, 6.304, 6.466, 7.979, 10.49, 11.627, 11.384, 11.023, 11.282, 11.653, 11.21, 11.335, 11.259, 10.805, 10.534, 9.154, 7.499, 7.999, 10.393, 9.709, 8.335, 7.61, 7.478, 7.324, 8.882, 10.78, 11.167, 10.905], [11.619, 9.829, 9.46, 7.771, 6.714, 7.236, 6.983, 7.126, 8.441, 8.043, 5.9, 5.047, 4.257, 3.65, 2.593, 1.069, 0.0, 1.546, 1.687, 2.384, 2.662, 3.79, 12.609, 23.187, 29.686, 29.364, 28.341, 29.128, 29.306, 26.204, 23.806, 16.877, 10.205, 8.047, 6.38, 6.304, 7.304, 7.371, 7.028, 7.358, 8.086, 7.665, 8.705, 9.219, 9.954, 10.555, 10.426, 10.587, 11.347, 11.452, 11.911, 12.426, 12.542, 11.94, 11.595, 12.051, 11.693, 12.699, 13.539, 14.898, 17.069, 16.333, 15.532, 14.653, 12.798, 11.331, 9.874, 9.372, 9.532, 10.53, 11.929, 17.645, 21.109, 22.717, 23.758, 28.388, 31.268, 30.879, 30.825, 33.077, 34.382, 32.293, 30.573, 27.021, 23.794, 21.436, 23.04, 25.908, 23.23, 19.329, 17.573, 17.459, 17.918, 18.137, 18.617, 19.401, 19.437, 18.739, 19.028, 19.873, 20.0, 19.055, 18.65, 17.557, 17.379, 17.12, 16.783, 16.397, 16.973, 16.398, 15.594, 15.162, 14.395, 12.815, 11.362, 10.552, 9.807, 8.929, 9.632, 9.655, 9.805, 10.839, 13.394, 14.306, 13.77, 14.604, 15.278, 15.882, 17.177, 17.855, 18.767, 20.191, 20.25, 19.698, 19.343, 18.873, 19.907, 20.356, 20.604, 22.523, 20.137, 13.434, 12.909, 14.273, 10.981, 8.08, 7.242, 7.247, 6.7, 6.882, 6.92, 6.959, 7.772, 7.77, 7.957, 9.095, 9.85, 10.566, 10.244, 9.058, 8.436, 8.364, 8.781, 9.288, 8.731, 8.65, 9.932, 11.781, 13.695, 14.751, 15.616, 16.287, 13.711, 11.674, 10.2, 8.035, 5.197, 5.453, 4.611, 3.355, 3.322, 3.073, 2.84, 3.159, 2.741, 4.174, 4.601, 5.267, 5.702, 6.341, 8.449, 8.43, 8.895, 10.062, 10.036, 8.605, 7.07, 6.583, 6.584, 6.886, 8.819, 8.788, 7.446, 6.811, 6.989, 8.602, 11.145, 12.374, 12.101, 11.669, 11.999, 12.433, 11.953, 12.086, 11.931, 11.53, 11.26, 9.862, 8.074, 8.5, 10.629, 9.847, 8.376, 7.754, 7.476, 7.273, 9.332, 11.375, 11.502, 11.614], [10.863, 9.084, 8.711, 7.016, 5.892, 6.588, 6.524, 6.49, 7.779, 7.385, 5.317, 4.537, 3.886, 3.183, 2.339, 1.362, 1.546, 0.0, 1.613, 2.566, 2.88, 3.389, 12.125, 22.628, 29.14, 28.844, 27.894, 28.571, 28.98, 25.565, 23.252, 16.321, 9.471, 7.212, 6.1, 6.588, 7.878, 7.877, 7.308, 7.408, 8.08, 7.555, 8.129, 8.548, 9.24, 9.775, 9.771, 9.94, 10.711, 10.851, 11.319, 11.882, 11.856, 11.386, 11.089, 11.485, 11.122, 11.899, 12.744, 14.249, 16.216, 15.44, 14.729, 13.898, 12.264, 10.818, 9.339, 8.828, 8.93, 9.878, 11.173, 16.985, 20.467, 22.059, 23.111, 27.724, 30.599, 30.224, 30.173, 32.417, 33.714, 31.629, 29.901, 26.366, 23.136, 20.811, 22.472, 25.265, 22.805, 18.882, 16.912, 16.761, 17.244, 17.333, 17.854, 18.691, 18.69, 18.209, 18.611, 19.497, 19.496, 18.601, 18.206, 17.072, 16.808, 16.41, 16.122, 15.907, 16.067, 15.806, 15.003, 14.594, 13.923, 12.349, 10.796, 9.86, 9.173, 8.588, 9.163, 9.153, 9.165, 10.063, 12.735, 13.722, 13.202, 13.845, 14.58, 15.317, 16.676, 17.451, 18.261, 19.565, 19.645, 19.249, 18.783, 18.204, 18.987, 19.564, 19.841, 21.863, 19.584, 12.88, 12.332, 13.749, 10.595, 7.629, 6.88, 6.59, 6.072, 6.245, 6.244, 6.385, 7.152, 7.093, 7.384, 8.46, 9.218, 9.981, 9.809, 8.711, 7.963, 7.732, 8.12, 8.634, 8.139, 8.08, 9.335, 11.169, 13.099, 14.011, 15.066, 15.487, 13.15, 11.124, 9.193, 7.153, 4.635, 4.675, 3.907, 3.387, 3.425, 3.006, 2.419, 2.539, 2.265, 3.71, 4.177, 4.689, 5.012, 5.898, 7.681, 7.697, 8.092, 9.364, 9.375, 8.042, 6.36, 5.881, 5.925, 6.409, 8.169, 8.19, 7.046, 6.14, 6.291, 7.769, 10.241, 11.504, 11.358, 10.923, 11.23, 11.751, 11.299, 11.44, 11.37, 11.044, 10.663, 9.243, 7.505, 7.878, 10.009, 9.201, 7.625, 7.031, 7.073, 6.897, 8.496, 10.768, 10.989, 11.039], [11.061, 9.188, 8.872, 7.099, 6.132, 6.649, 6.375, 6.541, 7.861, 7.454, 5.296, 4.357, 3.717, 3.211, 2.195, 1.472, 1.687, 1.613, 0.0, 1.605, 1.842, 3.364, 12.267, 22.733, 29.282, 28.956, 28.006, 28.681, 29.107, 25.609, 23.322, 16.443, 9.95, 8.369, 7.141, 7.515, 8.599, 8.581, 8.22, 8.452, 9.099, 8.464, 8.91, 9.531, 10.418, 10.951, 10.949, 11.133, 11.898, 12.015, 12.501, 13.048, 13.046, 12.558, 12.266, 12.618, 12.294, 13.053, 13.879, 14.996, 16.795, 15.9, 14.87, 14.485, 12.849, 11.634, 10.422, 9.952, 10.12, 11.066, 11.599, 17.097, 20.553, 22.133, 23.162, 27.771, 30.667, 30.29, 30.242, 32.484, 33.785, 31.71, 29.97, 26.439, 23.2, 20.905, 22.534, 25.362, 22.952, 18.971, 16.973, 16.842, 17.4, 17.49, 17.968, 18.801, 18.798, 18.42, 18.712, 19.648, 19.757, 18.817, 18.331, 17.404, 17.088, 16.963, 16.795, 16.741, 16.658, 16.324, 15.592, 14.759, 14.194, 12.598, 11.322, 10.133, 9.61, 9.105, 9.652, 9.54, 10.175, 11.032, 12.919, 13.955, 13.525, 14.057, 14.752, 15.471, 16.766, 17.563, 18.376, 19.65, 19.805, 19.366, 18.948, 18.294, 19.289, 19.633, 19.917, 21.964, 19.675, 13.048, 12.555, 13.909, 10.707, 7.728, 6.971, 6.769, 6.859, 7.351, 7.395, 7.491, 8.334, 8.262, 8.439, 9.294, 9.92, 10.52, 10.228, 9.157, 8.908, 8.806, 9.191, 9.775, 9.264, 9.165, 10.477, 12.169, 13.992, 14.696, 15.604, 16.044, 13.454, 11.792, 9.773, 7.718, 5.474, 5.501, 5.077, 4.001, 3.716, 3.335, 2.751, 2.707, 2.415, 4.049, 4.407, 5.174, 5.48, 6.059, 7.752, 7.858, 8.296, 9.501, 9.542, 8.336, 6.898, 6.469, 6.339, 7.219, 9.126, 8.913, 7.579, 6.83, 6.723, 7.973, 10.468, 11.669, 11.411, 10.991, 11.321, 11.843, 11.447, 11.532, 11.478, 11.189, 10.848, 9.663, 8.068, 8.225, 10.878, 10.078, 8.643, 8.196, 8.172, 8.001, 9.034, 11.142, 11.406, 11.147], [12.142, 10.292, 9.942, 8.171, 7.069, 7.362, 6.919, 7.215, 8.518, 8.07, 6.017, 5.085, 4.361, 4.091, 3.074, 2.305, 2.384, 2.566, 1.605, 0.0, 1.244, 4.273, 13.043, 23.542, 30.19, 29.739, 28.966, 29.471, 30.138, 26.308, 23.963, 17.32, 10.952, 9.637, 8.34, 8.437, 9.35, 9.238, 9.163, 9.523, 10.241, 9.673, 10.196, 10.778, 11.625, 12.159, 12.161, 12.356, 13.114, 13.236, 13.735, 14.27, 14.282, 13.779, 13.466, 13.826, 13.522, 14.306, 15.118, 16.067, 17.854, 16.808, 15.97, 15.534, 13.886, 12.775, 11.61, 11.141, 11.329, 12.301, 12.708, 17.751, 21.116, 22.723, 23.829, 28.404, 31.234, 30.975, 30.953, 33.122, 34.53, 32.368, 30.533, 27.09, 23.837, 21.58, 23.26, 26.041, 23.93, 20.147, 17.953, 17.867, 18.203, 18.427, 19.057, 19.849, 19.76, 19.448, 19.883, 20.797, 20.885, 19.943, 19.513, 18.48, 18.188, 17.979, 17.794, 17.802, 17.673, 17.338, 16.59, 15.896, 15.258, 13.705, 12.457, 11.117, 10.804, 10.332, 10.791, 10.627, 11.196, 11.953, 13.717, 14.634, 14.431, 15.173, 15.919, 16.648, 17.955, 18.671, 19.446, 20.511, 20.743, 20.412, 19.789, 19.017, 20.033, 20.553, 20.898, 22.822, 20.825, 14.112, 13.58, 14.863, 11.736, 8.874, 8.121, 7.915, 8.029, 8.62, 8.651, 8.687, 9.556, 9.496, 9.628, 10.446, 10.98, 11.586, 11.298, 10.223, 10.093, 9.993, 10.411, 11.043, 10.509, 10.415, 11.716, 13.375, 15.12, 15.735, 16.698, 17.086, 14.589, 12.855, 10.691, 8.725, 6.674, 6.673, 6.211, 5.156, 4.171, 4.069, 3.741, 3.478, 3.304, 5.096, 5.506, 6.232, 6.462, 7.109, 8.858, 8.867, 9.262, 10.245, 10.208, 8.939, 7.726, 7.466, 7.33, 8.33, 10.233, 10.043, 8.676, 7.976, 7.995, 8.946, 11.433, 12.526, 12.413, 12.206, 12.395, 12.67, 12.24, 12.349, 12.517, 12.104, 11.509, 10.302, 8.826, 9.287, 11.902, 11.18, 9.841, 9.379, 9.384, 9.209, 10.055, 12.029, 12.477, 12.25], [11.944, 10.27, 9.641, 7.975, 7.07, 6.87, 6.354, 6.625, 7.964, 7.477, 5.351, 4.455, 3.916, 3.841, 2.855, 2.357, 2.662, 2.88, 1.842, 1.244, 0.0, 4.024, 12.794, 23.28, 29.948, 29.419, 28.734, 29.211, 29.926, 25.835, 23.604, 17.12, 11.194, 9.911, 8.637, 8.725, 9.676, 9.581, 9.465, 9.858, 10.567, 9.962, 10.513, 11.15, 12.043, 12.579, 12.576, 12.739, 13.476, 13.611, 14.142, 14.69, 14.672, 14.199, 13.879, 14.21, 13.935, 14.589, 15.33, 16.437, 18.1, 17.004, 15.871, 15.796, 14.295, 13.092, 11.924, 11.455, 11.696, 12.698, 12.949, 17.28, 20.631, 22.236, 23.243, 27.836, 30.708, 30.425, 30.409, 32.527, 33.889, 31.802, 30.008, 26.488, 23.273, 21.229, 22.865, 25.541, 23.722, 20.062, 17.764, 17.599, 17.995, 18.172, 19.013, 19.626, 19.457, 19.253, 19.756, 20.767, 21.008, 20.029, 19.543, 18.639, 18.32, 18.392, 18.184, 18.179, 17.951, 17.629, 16.973, 15.972, 15.376, 13.871, 12.709, 11.275, 11.021, 10.646, 10.98, 10.898, 11.575, 12.178, 13.649, 14.539, 14.696, 15.39, 15.899, 16.696, 17.938, 18.47, 19.23, 20.247, 20.545, 20.266, 19.67, 18.712, 19.793, 20.182, 20.496, 22.425, 20.641, 14.187, 13.663, 14.655, 11.54, 8.73, 8.095, 7.991, 8.258, 8.936, 9.021, 9.088, 9.95, 9.884, 9.95, 10.686, 11.363, 11.824, 11.656, 10.606, 10.407, 10.342, 10.651, 11.364, 10.837, 10.734, 12.045, 13.613, 15.359, 16.074, 17.047, 17.383, 14.868, 13.228, 10.853, 9.077, 7.045, 7.059, 6.627, 5.457, 4.597, 4.393, 3.994, 3.608, 3.687, 5.315, 5.723, 6.428, 6.819, 7.267, 8.758, 8.748, 9.195, 9.82, 9.878, 9.083, 8.006, 7.792, 7.703, 8.644, 10.547, 10.296, 8.997, 7.974, 8.033, 8.982, 11.343, 12.378, 12.312, 12.022, 12.229, 12.407, 11.875, 12.054, 12.275, 11.883, 11.007, 9.961, 8.824, 9.484, 12.216, 11.5, 10.053, 9.798, 9.724, 9.546, 10.341, 12.294, 12.766, 12.146], [9.046, 7.716, 6.624, 5.232, 4.23, 3.745, 3.475, 3.644, 4.869, 4.555, 2.779, 1.831, 1.293, 1.351, 2.078, 3.087, 3.79, 3.389, 3.364, 4.273, 4.024, 0.0, 8.987, 19.508, 26.036, 25.674, 24.729, 25.438, 25.91, 22.473, 20.073, 13.513, 8.848, 8.115, 7.489, 8.35, 9.58, 9.525, 9.025, 8.966, 9.477, 8.621, 8.473, 9.071, 9.965, 10.599, 10.552, 10.537, 11.139, 11.374, 12.032, 12.583, 12.462, 12.092, 11.827, 12.267, 11.822, 12.418, 13.139, 13.831, 15.223, 14.106, 12.921, 12.97, 11.526, 10.574, 9.599, 9.169, 9.517, 10.648, 10.487, 13.924, 17.356, 18.972, 20.02, 24.627, 27.502, 27.162, 27.1, 29.335, 30.659, 28.551, 26.806, 23.289, 20.051, 17.714, 19.316, 22.184, 19.728, 16.285, 14.108, 13.854, 14.654, 15.261, 15.765, 16.157, 16.352, 15.875, 16.354, 17.359, 17.621, 16.732, 16.238, 15.393, 15.249, 15.564, 15.487, 15.508, 15.115, 14.605, 14.084, 12.86, 12.133, 10.993, 10.09, 9.031, 8.692, 8.503, 8.569, 8.471, 9.547, 10.168, 11.108, 11.963, 12.154, 12.726, 13.06, 13.847, 14.561, 14.647, 15.34, 16.551, 16.814, 16.734, 16.317, 15.576, 17.154, 17.509, 17.71, 18.975, 16.858, 11.335, 10.754, 10.923, 7.798, 5.382, 5.039, 5.382, 5.885, 6.824, 7.032, 7.119, 7.918, 7.791, 7.688, 8.294, 8.767, 9.057, 9.039, 8.001, 7.947, 8.233, 8.595, 9.376, 9.044, 9.153, 10.175, 11.268, 12.92, 13.578, 14.425, 14.663, 12.202, 10.575, 8.497, 6.471, 5.559, 5.528, 4.962, 5.039, 5.871, 5.399, 4.905, 4.803, 3.061, 2.945, 3.122, 3.565, 4.055, 4.441, 5.79, 6.17, 6.246, 7.08, 7.026, 6.769, 5.503, 5.184, 4.97, 6.092, 7.999, 7.878, 6.437, 5.746, 5.802, 6.585, 8.466, 9.299, 9.134, 8.83, 8.945, 9.028, 8.603, 8.527, 8.603, 8.316, 8.568, 8.139, 7.362, 7.02, 9.773, 9.015, 8.217, 7.899, 8.264, 7.957, 7.764, 9.519, 10.003, 8.927], [3.508, 4.101, 3.966, 5.48, 6.408, 6.132, 7.029, 6.694, 5.682, 6.504, 8.71, 8.917, 8.936, 9.177, 10.424, 11.876, 12.609, 12.125, 12.267, 13.043, 12.794, 8.987, 0.0, 10.855, 17.397, 16.843, 16.076, 16.875, 17.34, 13.863, 11.261, 6.436, 6.102, 8.303, 9.432, 12.462, 14.278, 14.466, 12.4, 10.989, 10.228, 8.93, 7.784, 7.923, 8.747, 9.221, 9.46, 8.81, 8.799, 9.048, 9.97, 10.322, 10.044, 10.116, 10.273, 10.493, 9.3, 9.664, 10.179, 9.359, 9.719, 8.129, 7.657, 7.901, 7.92, 8.549, 8.582, 9.049, 9.726, 9.856, 7.183, 5.757, 8.583, 10.153, 11.218, 15.857, 18.758, 18.389, 18.393, 20.556, 21.853, 19.78, 18.06, 14.472, 11.278, 9.036, 10.559, 13.435, 11.33, 8.705, 7.099, 7.039, 7.547, 8.27, 8.608, 9.092, 9.408, 9.159, 9.732, 10.445, 10.586, 9.953, 9.557, 8.934, 9.026, 9.763, 9.872, 10.339, 9.057, 8.366, 8.511, 7.549, 6.847, 6.664, 6.409, 6.351, 7.246, 7.997, 7.659, 7.494, 8.384, 8.534, 7.771, 7.442, 7.802, 8.259, 8.361, 8.563, 8.658, 8.391, 9.03, 9.563, 10.207, 10.383, 9.813, 9.257, 10.811, 11.028, 11.695, 11.779, 9.088, 7.078, 5.961, 4.553, 3.667, 4.837, 5.794, 6.14, 7.694, 9.543, 9.551, 8.636, 8.324, 8.928, 8.486, 6.827, 6.086, 5.648, 5.671, 6.12, 6.833, 7.57, 8.465, 9.341, 10.191, 10.785, 9.999, 8.393, 8.823, 8.917, 9.321, 9.01, 8.033, 6.831, 5.72, 6.478, 8.853, 8.543, 9.625, 12.642, 14.57, 14.106, 13.664, 13.537, 11.616, 10.089, 9.19, 8.342, 7.662, 6.666, 4.934, 4.743, 4.347, 3.37, 3.188, 4.638, 6.177, 6.722, 6.741, 6.852, 6.06, 5.963, 6.339, 6.637, 6.638, 5.213, 3.409, 3.363, 3.319, 3.309, 2.78, 2.646, 2.511, 2.572, 2.816, 3.132, 4.275, 5.82, 6.641, 5.894, 6.425, 6.948, 8.025, 8.741, 9.473, 8.403, 6.275, 5.332, 5.524, 4.697], [12.086, 14.125, 14.241, 15.868, 16.883, 16.604, 17.502, 17.154, 16.182, 17.039, 19.224, 19.429, 19.416, 19.751, 20.966, 22.473, 23.187, 22.628, 22.733, 23.542, 23.28, 19.508, 10.855, 0.0, 6.851, 6.306, 5.534, 6.293, 6.81, 3.273, 2.327, 6.542, 13.721, 17.677, 19.444, 22.671, 24.674, 24.553, 22.325, 20.512, 19.116, 17.517, 16.11, 15.689, 15.852, 16.479, 16.619, 15.146, 14.42, 14.651, 14.882, 15.06, 15.32, 15.946, 16.338, 15.893, 14.737, 14.247, 13.731, 10.622, 8.421, 7.992, 8.543, 10.582, 12.821, 14.975, 16.641, 17.507, 17.805, 16.557, 12.457, 6.513, 4.719, 4.378, 2.734, 5.324, 8.218, 7.827, 7.796, 10.021, 11.308, 9.243, 7.519, 4.114, 3.946, 3.756, 2.897, 3.09, 2.209, 4.828, 6.457, 6.693, 6.248, 6.476, 5.937, 4.886, 5.182, 5.352, 4.901, 4.482, 4.879, 5.579, 6.007, 6.919, 7.227, 7.928, 9.076, 9.386, 7.582, 8.301, 9.711, 8.693, 9.386, 11.288, 12.51, 13.231, 14.117, 15.264, 14.476, 13.964, 14.328, 13.239, 10.375, 9.609, 10.127, 9.724, 9.121, 8.783, 7.656, 6.653, 5.927, 5.144, 5.476, 5.909, 5.572, 6.456, 6.598, 6.516, 6.866, 5.05, 4.411, 10.077, 10.45, 9.043, 12.272, 15.325, 16.365, 16.651, 18.222, 20.071, 20.043, 19.14, 18.85, 19.367, 18.951, 16.914, 15.618, 14.271, 13.874, 15.402, 16.538, 17.035, 17.857, 19.365, 20.685, 21.3, 19.944, 15.571, 11.511, 10.054, 8.911, 8.643, 10.737, 1