[[0.0, 1.462, 1.389, 3.744, 4.101, 2.477, 1.321, 1.517, 2.755, 7.339, 8.628, 9.049, 8.565, 8.322, 8.119, 6.99, 6.708, 7.661, 6.868, 6.324, 7.846, 9.274, 9.674, 9.3, 8.486, 8.594, 7.956, 5.798, 5.845, 6.894, 6.963, 7.414, 10.027, 10.141, 10.019, 11.738, 12.153, 12.124, 13.371, 13.083, 12.2, 12.894, 13.623, 13.709, 14.058, 14.488, 13.847, 12.885, 13.335, 15.126, 14.549, 13.224, 14.336, 15.614, 15.237, 14.31, 14.114, 13.726, 12.734, 13.374, 14.438, 14.288, 14.137, 13.748, 12.321, 9.84, 9.18, 9.631, 8.949, 6.702, 6.227, 6.156, 6.635, 7.357, 7.935, 7.966, 9.065, 10.787, 12.108, 12.128, 11.511, 11.238, 10.831, 12.027, 14.096, 13.782, 13.092, 12.847, 13.514, 13.721, 13.934, 13.834, 13.485, 13.98, 15.994, 15.921, 13.838, 13.284, 13.851, 14.813, 14.695, 15.58, 16.847, 16.786, 16.772, 18.471, 20.445, 21.548, 21.564, 18.948, 15.915, 14.504, 13.579, 12.743, 12.439, 12.695, 11.45, 9.035, 9.308, 9.515, 8.415, 8.752, 8.216, 7.777, 7.844, 8.863, 9.359, 7.999, 5.44, 5.395, 6.29, 6.945, 6.089, 6.583, 6.563, 5.165, 5.235, 9.831, 13.188, 14.72, 16.145, 18.2, 21.832, 23.311, 23.71, 24.905, 24.802, 25.066, 25.777, 25.783, 24.193, 21.992, 21.324, 21.441, 21.989, 23.074, 23.585, 23.053, 22.408, 22.441, 22.368, 22.359, 22.679, 21.651, 18.455, 14.022, 12.917, 11.94, 9.604, 8.532, 10.24, 11.214, 12.27, 13.144, 13.192, 14.261, 14.125, 13.268, 12.062, 13.505, 15.675, 17.583, 18.215, 17.344, 16.689, 16.175, 14.996, 12.633, 11.362, 12.686, 11.819, 11.052, 10.826, 10.534, 10.566, 11.365, 12.696, 13.684, 13.493, 13.179, 13.082, 12.499, 10.02, 6.021, 5.428, 6.448, 5.439, 5.98, 6.35, 7.225, 7.65, 8.254, 6.805, 6.737, 5.703, 3.354, 3.672, 5.847, 5.729, 8.611, 13.065, 15.179, 15.061, 14.759, 14.785, 14.442, 13.534, 11.931, 12.837, 13.482], [1.462, 0.0, 2.167, 4.972, 5.329, 3.623, 2.319, 2.553, 1.774, 6.203, 7.365, 7.792, 7.364, 7.09, 6.9, 5.782, 5.539, 6.533, 5.609, 5.196, 6.883, 8.069, 8.545, 8.021, 7.29, 7.519, 6.793, 5.146, 4.772, 5.952, 6.211, 6.415, 8.907, 8.874, 8.813, 10.465, 10.963, 10.978, 12.124, 11.851, 10.981, 11.675, 12.415, 12.501, 12.842, 13.259, 12.633, 11.645, 12.095, 13.892, 13.319, 11.988, 13.111, 14.406, 14.029, 13.061, 12.892, 12.486, 11.451, 12.134, 13.181, 13.056, 12.929, 12.501, 11.084, 8.604, 7.98, 8.435, 7.746, 5.471, 4.987, 4.917, 5.411, 6.055, 6.695, 6.72, 7.825, 9.566, 10.9, 10.92, 10.303, 10.062, 9.612, 10.847, 12.856, 12.542, 11.852, 11.607, 12.274, 12.481, 12.642, 12.541, 12.183, 12.687, 14.761, 14.72, 12.759, 12.301, 12.724, 13.646, 13.518, 14.436, 15.705, 15.621, 15.719, 17.272, 19.25, 20.393, 20.355, 17.765, 14.853, 13.539, 12.562, 11.75, 11.337, 11.487, 10.239, 7.865, 8.41, 8.763, 7.543, 7.77, 7.032, 6.509, 6.632, 7.655, 8.202, 6.874, 4.806, 4.694, 5.317, 5.765, 5.013, 5.442, 5.357, 3.97, 4.154, 8.698, 12.059, 13.502, 14.937, 16.992, 20.594, 22.038, 22.54, 23.709, 23.601, 23.856, 24.562, 24.568, 22.977, 20.79, 20.108, 20.182, 20.717, 21.866, 22.362, 21.801, 21.138, 21.183, 21.153, 21.135, 21.449, 20.414, 17.21, 12.785, 11.69, 10.732, 8.445, 7.535, 9.028, 10.012, 11.295, 12.007, 12.094, 13.003, 12.97, 12.034, 10.779, 12.25, 14.434, 16.343, 16.975, 16.066, 15.411, 14.922, 13.756, 11.424, 10.185, 11.582, 10.717, 9.934, 9.699, 9.46, 9.379, 10.125, 11.484, 12.442, 12.238, 11.95, 11.81, 11.252, 8.703, 4.774, 4.168, 5.131, 4.143, 4.699, 5.105, 5.941, 6.354, 6.963, 5.509, 5.501, 4.475, 2.488, 2.457, 4.571, 4.462, 7.402, 11.813, 13.97, 13.821, 13.519, 13.545, 13.233, 12.299, 10.723, 11.629, 12.196], [1.389, 2.167, 0.0, 3.123, 3.452, 2.144, 1.286, 1.697, 3.608, 8.228, 9.441, 9.893, 9.462, 9.182, 8.998, 7.88, 7.604, 8.583, 7.701, 7.213, 8.773, 10.163, 10.531, 9.993, 9.244, 9.421, 8.796, 6.843, 6.694, 7.766, 7.939, 8.262, 10.975, 10.867, 10.81, 12.53, 12.913, 12.947, 14.221, 13.944, 13.077, 13.774, 14.508, 14.598, 14.939, 15.357, 14.73, 13.72, 14.169, 15.989, 15.417, 14.086, 15.209, 16.503, 16.127, 15.159, 14.99, 14.568, 13.523, 14.203, 15.217, 15.143, 15.026, 14.598, 13.181, 10.672, 10.014, 10.46, 9.705, 7.475, 7.058, 6.981, 7.473, 8.124, 8.764, 8.799, 9.916, 11.663, 12.997, 13.017, 12.401, 12.111, 11.648, 12.928, 14.926, 14.61, 13.92, 13.676, 14.342, 14.55, 14.694, 14.608, 14.213, 14.764, 16.84, 16.8, 14.784, 14.326, 14.767, 15.631, 15.582, 16.376, 17.749, 17.678, 17.78, 19.36, 21.325, 22.496, 22.453, 19.854, 16.843, 15.423, 14.499, 13.763, 13.373, 13.584, 12.281, 9.746, 10.209, 10.494, 9.308, 9.779, 9.061, 8.617, 8.73, 9.752, 10.291, 8.874, 6.5, 6.495, 7.206, 7.823, 7.017, 7.44, 7.476, 6.061, 6.09, 10.753, 14.109, 15.578, 17.034, 19.09, 22.691, 24.041, 24.615, 25.788, 25.681, 25.93, 26.661, 26.665, 25.069, 22.882, 22.197, 22.29, 22.733, 23.964, 24.451, 23.858, 23.234, 23.29, 23.25, 23.223, 23.512, 22.466, 19.275, 14.882, 13.787, 12.829, 10.468, 9.382, 11.0, 11.999, 13.227, 13.869, 14.11, 15.04, 14.902, 14.112, 12.809, 14.297, 16.503, 18.433, 19.052, 18.174, 17.519, 17.003, 15.832, 13.522, 12.157, 13.553, 12.741, 11.972, 11.732, 11.427, 11.412, 12.195, 13.536, 14.454, 14.285, 14.048, 13.896, 13.175, 10.64, 6.821, 6.224, 7.205, 6.085, 6.596, 7.132, 7.987, 8.433, 9.042, 7.588, 7.554, 6.529, 4.127, 4.407, 6.626, 6.52, 9.5, 13.909, 16.068, 15.891, 15.591, 15.626, 15.294, 14.396, 12.821, 13.726, 14.291], [3.744, 4.972, 3.123, 0.0, 1.093, 2.038, 3.151, 2.717, 6.011, 10.884, 12.305, 12.757, 12.287, 12.014, 11.831, 10.713, 10.364, 11.344, 10.515, 9.98, 11.28, 12.996, 13.256, 12.891, 12.087, 12.04, 11.44, 9.251, 9.467, 10.332, 9.715, 10.975, 13.731, 13.74, 13.664, 15.375, 15.701, 15.706, 17.085, 16.795, 15.91, 16.611, 17.341, 17.431, 17.772, 18.19, 17.563, 16.553, 17.002, 18.822, 18.25, 16.919, 18.042, 19.336, 18.96, 18.023, 17.823, 17.401, 16.352, 17.001, 18.019, 17.973, 17.859, 17.462, 16.014, 13.418, 12.822, 13.289, 12.49, 10.214, 9.891, 9.799, 10.288, 10.975, 11.562, 11.632, 12.749, 14.496, 15.83, 15.85, 15.234, 14.849, 14.485, 15.702, 17.759, 17.42, 16.718, 16.482, 17.142, 17.35, 17.558, 17.445, 17.062, 17.593, 19.673, 19.617, 17.441, 16.617, 17.434, 18.386, 18.313, 19.1, 20.373, 20.318, 20.464, 22.193, 24.138, 25.27, 25.286, 22.67, 19.477, 17.463, 16.513, 15.924, 16.11, 16.417, 15.114, 12.588, 12.168, 11.674, 10.96, 12.079, 11.856, 11.481, 11.563, 12.585, 13.078, 11.639, 8.976, 8.447, 9.781, 10.558, 9.653, 10.184, 10.271, 8.888, 8.789, 13.469, 16.886, 18.411, 19.867, 21.922, 25.545, 26.938, 27.402, 28.604, 28.502, 28.774, 29.498, 29.504, 27.909, 25.715, 25.028, 25.154, 25.617, 26.797, 27.284, 26.726, 26.098, 26.154, 26.083, 26.056, 26.345, 25.299, 22.112, 17.715, 16.62, 15.662, 13.205, 11.621, 13.74, 14.669, 15.368, 16.556, 16.763, 17.869, 17.69, 16.936, 15.659, 17.095, 19.319, 21.266, 21.885, 21.038, 20.383, 19.85, 18.665, 16.355, 14.939, 16.084, 15.224, 14.601, 14.267, 14.003, 14.182, 15.022, 16.338, 17.262, 17.083, 16.881, 16.756, 15.919, 13.512, 9.616, 8.997, 10.03, 8.858, 9.436, 9.925, 10.808, 11.262, 11.898, 10.418, 10.365, 9.344, 6.849, 7.201, 9.44, 9.384, 12.333, 16.776, 18.901, 18.724, 18.424, 18.459, 18.119, 17.229, 15.654, 16.559, 17.155], [4.101, 5.329, 3.452, 1.093, 0.0, 2.063, 3.386, 2.978, 6.364, 11.141, 12.664, 13.084, 12.543, 12.27, 12.087, 10.969, 10.622, 11.603, 10.822, 10.236, 11.536, 13.252, 13.773, 13.35, 12.536, 12.535, 11.824, 9.552, 9.934, 10.871, 10.295, 11.433, 14.041, 14.191, 14.092, 15.753, 16.169, 16.2, 17.404, 17.103, 16.215, 16.873, 17.601, 17.687, 18.028, 18.446, 17.819, 16.809, 17.258, 19.078, 18.506, 17.175, 18.298, 19.592, 19.216, 18.33, 18.079, 17.657, 16.66, 17.265, 18.356, 18.232, 18.115, 17.769, 16.27, 13.731, 13.147, 13.62, 13.002, 10.616, 10.147, 10.1, 10.604, 11.282, 11.803, 11.936, 13.005, 14.752, 16.086, 16.106, 15.49, 15.114, 14.805, 15.959, 18.015, 17.676, 16.957, 16.738, 17.398, 17.606, 17.915, 17.784, 17.402, 17.906, 19.937, 19.889, 17.818, 17.015, 17.897, 18.848, 18.709, 19.548, 20.757, 20.659, 20.825, 22.45, 24.394, 25.529, 25.542, 22.927, 19.784, 17.739, 17.086, 16.289, 16.367, 16.673, 15.493, 13.039, 12.615, 12.146, 11.542, 12.429, 12.21, 11.813, 11.819, 12.841, 13.334, 11.895, 9.232, 8.722, 10.139, 10.871, 9.912, 10.676, 10.527, 9.191, 9.102, 13.742, 17.193, 18.752, 20.124, 22.179, 25.852, 27.351, 27.714, 28.911, 28.837, 29.075, 29.762, 29.768, 28.177, 25.971, 25.335, 25.461, 26.021, 27.053, 27.603, 27.089, 26.443, 26.461, 26.339, 26.395, 26.722, 25.696, 22.473, 17.976, 16.908, 15.951, 13.517, 11.978, 14.139, 15.035, 15.74, 17.013, 17.104, 18.167, 18.2, 17.243, 16.051, 17.43, 19.591, 21.539, 22.141, 21.344, 20.69, 20.161, 18.921, 16.628, 15.405, 16.587, 15.486, 14.857, 14.523, 14.259, 14.438, 15.278, 16.635, 17.62, 17.431, 17.181, 17.062, 16.417, 13.945, 9.84, 9.262, 10.324, 9.325, 9.852, 10.258, 11.131, 11.537, 12.205, 10.724, 10.621, 9.617, 7.103, 7.455, 9.715, 9.719, 12.589, 17.085, 19.157, 18.98, 18.68, 18.715, 18.462, 17.552, 15.942, 16.853, 17.465], [2.477, 3.623, 2.144, 2.038, 2.063, 0.0, 1.779, 1.196, 4.807, 9.3, 10.809, 11.223, 10.588, 10.362, 10.114, 9.019, 8.855, 9.782, 8.954, 8.451, 9.668, 11.388, 12.097, 11.556, 10.819, 10.908, 10.083, 7.782, 8.234, 9.212, 8.731, 9.677, 12.223, 12.398, 12.312, 13.951, 14.42, 14.505, 15.599, 15.223, 14.336, 14.948, 15.636, 15.731, 16.011, 16.45, 15.907, 14.841, 15.27, 17.061, 16.488, 15.157, 16.28, 17.575, 17.198, 16.387, 16.107, 15.737, 14.856, 15.448, 16.55, 16.449, 16.172, 15.826, 14.392, 12.021, 11.431, 11.853, 11.284, 8.842, 8.208, 8.202, 8.82, 9.517, 9.88, 10.031, 11.01, 12.745, 14.106, 14.119, 13.588, 13.228, 13.023, 14.092, 15.997, 15.711, 14.979, 14.753, 15.471, 15.661, 16.109, 15.967, 15.568, 16.115, 18.129, 18.103, 16.187, 15.505, 16.268, 17.137, 17.053, 17.778, 19.025, 19.063, 19.166, 20.653, 22.585, 23.772, 23.616, 21.096, 17.934, 16.214, 15.725, 14.828, 14.526, 14.775, 13.702, 11.294, 10.838, 10.859, 10.267, 10.84, 10.331, 9.934, 9.835, 10.863, 11.38, 9.878, 7.225, 7.171, 8.417, 9.131, 8.265, 9.005, 8.637, 7.36, 7.349, 12.032, 15.253, 16.89, 18.131, 20.223, 23.957, 25.52, 25.984, 27.078, 27.001, 27.177, 27.792, 27.761, 26.193, 23.997, 23.433, 23.6, 24.231, 25.128, 25.772, 25.258, 24.585, 24.612, 24.436, 24.516, 24.92, 23.907, 20.606, 16.096, 15.029, 14.075, 11.749, 10.254, 12.391, 13.397, 14.229, 15.261, 15.414, 16.292, 16.472, 15.407, 14.305, 15.653, 17.702, 19.64, 20.128, 19.409, 18.856, 18.375, 17.057, 14.686, 13.681, 14.955, 13.874, 12.992, 12.836, 12.463, 12.558, 13.336, 14.825, 15.92, 15.631, 15.34, 15.256, 14.728, 12.21, 8.006, 7.608, 8.588, 7.709, 8.207, 8.616, 9.453, 9.688, 10.269, 8.842, 8.658, 7.712, 5.299, 5.667, 7.922, 7.884, 10.623, 15.201, 17.226, 17.064, 16.771, 16.768, 16.676, 15.695, 14.052, 14.97, 15.6], [1.321, 2.319, 1.286, 3.151, 3.386, 1.779, 0.0, 1.177, 3.486, 7.982, 9.299, 9.718, 9.198, 8.945, 8.742, 7.587, 7.45, 8.374, 7.557, 7.015, 8.383, 9.905, 10.602, 10.049, 9.338, 9.538, 8.709, 6.383, 6.754, 7.73, 7.618, 8.206, 10.73, 10.884, 10.801, 12.438, 12.923, 12.997, 14.085, 13.732, 12.839, 13.491, 14.219, 14.306, 14.647, 15.064, 14.438, 13.428, 13.876, 15.697, 15.124, 13.793, 14.916, 16.211, 15.834, 14.959, 14.697, 14.275, 13.309, 13.909, 15.001, 14.949, 14.743, 14.397, 12.891, 10.606, 9.95, 10.389, 9.787, 7.435, 6.766, 6.731, 7.312, 8.011, 8.422, 8.567, 9.638, 11.371, 12.711, 12.725, 12.116, 11.76, 11.509, 12.597, 14.633, 14.295, 13.576, 13.357, 14.016, 14.224, 14.596, 14.442, 14.025, 14.564, 16.634, 16.623, 14.715, 14.155, 14.807, 15.671, 15.598, 16.322, 17.632, 17.646, 17.672, 19.161, 21.142, 22.294, 22.16, 19.587, 16.55, 15.104, 14.47, 13.539, 13.058, 13.301, 12.188, 9.831, 9.649, 10.048, 9.153, 9.594, 8.851, 8.436, 8.437, 9.468, 9.957, 8.514, 5.948, 5.99, 6.965, 7.685, 6.895, 7.507, 7.26, 5.849, 5.816, 10.605, 13.821, 15.383, 16.742, 18.797, 22.48, 24.009, 24.496, 25.571, 25.493, 25.718, 26.382, 26.388, 24.797, 22.592, 21.995, 22.093, 22.717, 23.679, 24.261, 23.747, 23.074, 23.106, 22.968, 23.019, 23.407, 22.388, 19.096, 14.614, 13.532, 12.583, 10.257, 9.096, 10.961, 11.933, 13.042, 13.878, 13.919, 14.798, 14.973, 13.91, 12.838, 14.098, 16.22, 18.168, 18.759, 17.973, 17.358, 16.882, 15.567, 13.257, 12.19, 13.601, 12.493, 11.637, 11.492, 11.126, 11.112, 11.9, 13.335, 14.376, 14.089, 13.843, 13.77, 13.304, 10.667, 6.523, 6.039, 7.022, 6.173, 6.661, 7.065, 7.883, 8.204, 8.834, 7.385, 7.277, 6.277, 3.897, 4.22, 6.402, 6.37, 9.207, 13.714, 15.775, 15.598, 15.298, 15.333, 15.162, 14.182, 12.571, 13.482, 14.091], [1.517, 2.553, 1.697, 2.717, 2.978, 1.196, 1.177, 0.0, 3.715, 8.334, 9.763, 10.194, 9.681, 9.44, 9.237, 8.093, 7.872, 8.811, 7.925, 7.445, 8.718, 10.416, 11.007, 10.516, 9.728, 9.834, 9.02, 6.745, 7.141, 8.122, 7.669, 8.616, 11.209, 11.366, 11.276, 12.918, 13.359, 13.426, 14.567, 14.201, 13.356, 14.014, 14.714, 14.8, 15.141, 15.558, 14.969, 13.922, 14.37, 16.191, 15.618, 14.287, 15.41, 16.705, 16.328, 15.38, 15.191, 14.801, 13.787, 14.375, 15.494, 15.448, 15.228, 14.818, 13.43, 10.952, 10.353, 10.783, 10.206, 7.794, 7.278, 7.186, 7.783, 8.478, 8.917, 9.018, 10.133, 11.865, 13.207, 13.219, 12.627, 12.187, 11.971, 13.135, 15.127, 14.789, 14.07, 13.851, 14.523, 14.718, 15.076, 14.919, 14.5, 15.041, 17.158, 17.124, 15.142, 14.482, 15.159, 16.041, 15.956, 16.731, 17.917, 17.977, 18.119, 19.669, 21.607, 22.744, 22.66, 20.131, 16.922, 15.251, 14.647, 13.822, 13.568, 13.818, 12.692, 10.231, 9.93, 10.034, 9.212, 9.794, 9.318, 8.911, 8.931, 9.954, 10.446, 9.008, 6.345, 6.144, 7.357, 8.085, 7.261, 7.92, 7.669, 6.349, 6.312, 11.004, 14.242, 15.879, 17.236, 19.291, 22.935, 24.486, 24.953, 26.076, 25.988, 26.189, 26.884, 26.871, 25.294, 23.086, 22.41, 22.566, 23.199, 24.171, 24.782, 24.224, 23.551, 23.566, 23.477, 23.51, 23.911, 22.88, 19.585, 15.121, 14.061, 13.072, 10.716, 9.243, 11.315, 12.247, 13.152, 14.203, 14.295, 15.238, 15.396, 14.374, 13.231, 14.6, 16.719, 18.652, 19.253, 18.394, 17.823, 17.302, 16.099, 13.723, 12.595, 13.863, 12.83, 12.013, 11.86, 11.474, 11.601, 12.391, 13.786, 14.817, 14.591, 14.324, 14.198, 13.647, 11.131, 7.016, 6.535, 7.492, 6.589, 7.118, 7.473, 8.357, 8.617, 9.255, 7.807, 7.773, 6.734, 4.264, 4.595, 6.834, 6.847, 9.701, 14.174, 16.281, 16.128, 15.832, 15.849, 15.68, 14.679, 13.06, 13.966, 14.566], [2.755, 1.774, 3.608, 6.011, 6.364, 4.807, 3.486, 3.715, 0.0, 4.924, 6.369, 6.79, 6.293, 6.02, 5.836, 4.719, 4.388, 5.35, 4.513, 4.005, 5.464, 7.002, 7.472, 7.068, 6.253, 6.289, 5.583, 4.555, 4.213, 4.668, 5.021, 5.547, 7.774, 7.909, 7.808, 9.475, 9.882, 9.899, 11.115, 10.809, 9.967, 10.625, 11.351, 11.437, 11.778, 12.195, 11.58, 10.559, 11.008, 12.828, 12.255, 10.924, 12.047, 13.342, 12.965, 12.012, 11.829, 11.412, 10.399, 11.035, 12.13, 11.994, 11.865, 11.451, 10.036, 7.46, 6.86, 7.292, 6.704, 4.351, 3.897, 3.812, 4.35, 4.994, 5.595, 5.638, 6.755, 8.502, 9.836, 9.856, 9.239, 8.892, 8.507, 9.727, 11.764, 11.441, 10.751, 10.507, 11.173, 11.381, 11.633, 11.521, 11.157, 11.669, 13.713, 13.665, 11.582, 10.89, 11.596, 12.566, 12.412, 13.301, 14.539, 14.387, 14.572, 16.216, 18.174, 19.301, 19.292, 16.7, 13.563, 12.111, 11.131, 10.28, 10.14, 10.429, 9.237, 6.91, 7.532, 7.675, 6.105, 6.332, 5.929, 5.518, 5.569, 6.591, 7.083, 5.67, 3.931, 3.661, 4.102, 4.616, 4.073, 4.41, 4.277, 2.937, 3.039, 7.533, 10.879, 12.487, 13.873, 15.928, 19.541, 21.069, 21.472, 22.662, 22.574, 22.802, 23.503, 23.508, 21.917, 19.72, 19.017, 19.166, 19.738, 20.803, 21.37, 20.807, 20.149, 20.158, 20.089, 20.121, 20.468, 19.436, 16.196, 11.721, 10.672, 9.677, 7.278, 6.163, 7.857, 8.83, 9.745, 10.769, 10.844, 11.886, 11.902, 10.943, 9.769, 11.221, 13.34, 15.272, 15.891, 15.026, 14.389, 13.863, 12.686, 10.361, 9.123, 10.363, 9.357, 8.636, 8.37, 8.08, 8.219, 9.028, 10.379, 11.374, 11.209, 10.913, 10.757, 10.133, 7.707, 3.655, 3.106, 4.09, 3.141, 3.722, 4.024, 4.912, 5.278, 5.887, 4.433, 4.385, 3.359, 1.976, 1.795, 3.488, 3.525, 6.339, 10.781, 12.906, 12.739, 12.443, 12.464, 12.212, 11.278, 9.671, 10.577, 11.17], [7.339, 6.203, 8.228, 10.884, 11.141, 9.3, 7.982, 8.334, 4.924, 0.0, 1.652, 2.039, 1.529, 1.401, 1.731, 1.338, 1.326, 1.003, 1.374, 1.633, 1.887, 2.418, 2.847, 2.391, 2.432, 2.732, 2.701, 3.768, 3.173, 2.468, 3.203, 3.542, 4.001, 4.176, 3.826, 4.751, 5.253, 5.39, 6.379, 6.03, 5.143, 5.758, 6.46, 6.555, 6.888, 7.31, 6.713, 5.728, 6.158, 7.949, 7.372, 6.134, 7.159, 8.452, 8.075, 7.211, 6.938, 6.578, 5.688, 6.284, 7.386, 7.199, 6.996, 6.65, 5.196, 2.839, 2.305, 2.674, 2.126, 1.697, 2.138, 1.98, 2.379, 2.826, 2.447, 1.761, 2.269, 3.653, 4.946, 4.966, 4.388, 4.113, 3.826, 4.924, 6.919, 6.605, 5.915, 5.67, 6.346, 6.544, 6.932, 6.814, 6.445, 6.963, 8.928, 8.863, 7.136, 6.483, 7.023, 7.889, 7.827, 8.607, 9.835, 9.815, 9.915, 11.417, 13.34, 14.524, 14.415, 12.122, 9.327, 8.167, 6.995, 6.017, 5.513, 5.6, 4.534, 3.633, 4.896, 4.807, 3.332, 2.438, 2.076, 2.223, 2.629, 2.272, 2.486, 2.797, 4.067, 3.782, 2.488, 1.651, 2.211, 2.185, 1.697, 2.86, 2.689, 2.953, 6.527, 7.683, 8.983, 11.047, 14.764, 16.309, 16.734, 17.86, 17.784, 17.979, 18.631, 18.63, 17.046, 14.83, 14.239, 14.388, 15.011, 15.934, 16.56, 16.046, 15.374, 15.383, 15.243, 15.322, 15.699, 14.673, 11.403, 6.897, 5.835, 4.864, 3.102, 2.622, 3.381, 4.588, 5.755, 6.364, 6.712, 7.287, 7.242, 6.215, 5.32, 6.49, 8.564, 10.458, 11.038, 10.23, 9.639, 9.148, 7.884, 5.517, 4.46, 5.791, 4.751, 3.949, 3.787, 3.82, 3.735, 4.204, 5.649, 6.711, 6.472, 6.12, 6.037, 5.538, 3.021, 2.327, 3.14, 2.224, 2.917, 3.423, 2.165, 2.022, 2.421, 1.804, 1.909, 2.136, 2.141, 4.811, 4.557, 2.884, 3.599, 2.6, 6.003, 8.033, 7.916, 7.619, 7.626, 7.473, 6.485, 4.86, 5.77, 6.418], [8.628, 7.365, 9.441, 12.305, 12.664, 10.809, 9.299, 9.763, 6.369, 1.652, 0.0, 1.367, 1.338, 1.298, 2.084, 2.042, 2.273, 1.558, 2.133, 2.5, 2.001, 1.367, 1.466, 1.129, 1.766, 2.398, 2.601, 4.088, 3.561, 2.796, 3.512, 3.335, 3.645, 3.577, 3.211, 3.308, 3.917, 3.97, 4.87, 4.559, 3.686, 4.393, 5.121, 5.207, 5.563, 5.992, 5.493, 5.141, 5.045, 6.631, 6.289, 5.405, 5.85, 7.116, 6.736, 5.772, 5.628, 5.313, 4.24, 4.942, 5.938, 5.952, 5.635, 5.207, 3.873, 1.857, 1.249, 1.528, 1.407, 2.46, 3.038, 2.837, 3.055, 3.312, 2.849, 2.005, 1.496, 2.403, 3.628, 3.626, 3.059, 2.886, 2.48, 3.804, 5.601, 5.286, 4.596, 4.352, 5.018, 5.226, 5.464, 5.334, 4.91, 5.477, 7.661, 7.623, 5.993, 5.611, 5.705, 6.61, 6.627, 7.389, 8.685, 8.566, 8.64, 10.096, 12.165, 13.237, 13.065, 10.898, 8.438, 7.418, 6.154, 5.372, 4.606, 4.21, 3.421, 3.138, 4.522, 4.467, 3.242, 2.243, 1.834, 2.048, 2.879, 1.572, 1.597, 2.556, 4.313, 4.313, 2.726, 1.985, 2.993, 2.574, 2.484, 3.685, 3.669, 2.207, 5.596, 6.251, 7.643, 9.698, 13.3, 14.755, 15.426, 16.459, 16.362, 16.579, 17.262, 17.268, 15.678, 13.546, 12.93, 12.873, 13.496, 14.573, 15.118, 14.526, 13.847, 13.905, 13.872, 13.836, 14.251, 13.213, 9.923, 5.546, 4.414, 3.452, 2.071, 2.133, 2.405, 3.574, 4.943, 5.345, 5.725, 6.008, 5.869, 4.92, 4.003, 5.061, 7.179, 9.096, 9.719, 8.789, 8.156, 7.763, 6.538, 4.14, 3.203, 4.573, 3.778, 3.064, 2.928, 3.045, 2.752, 2.929, 4.366, 5.33, 5.038, 4.764, 4.678, 4.264, 1.935, 3.36, 4.065, 2.805, 3.665, 3.926, 2.793, 2.302, 2.571, 1.831, 2.647, 2.804, 3.223, 5.909, 5.558, 3.649, 4.248, 2.451, 4.52, 6.683, 6.566, 6.263, 6.289, 6.074, 5.066, 3.436, 4.344, 4.951], [9.049, 7.792, 9.893, 12.757, 13.084, 11.223, 9.718, 10.194, 6.79, 2.039, 1.367, 0.0, 1.171, 1.466, 2.007, 2.303, 2.674, 2.061, 2.508, 2.968, 2.94, 2.193, 1.897, 1.745, 2.919, 3.521, 3.813, 4.915, 4.141, 3.507, 4.459, 4.575, 4.746, 4.704, 4.125, 3.057, 3.912, 4.173, 4.454, 4.093, 3.202, 3.898, 4.623, 4.709, 5.067, 5.5, 4.856, 4.031, 4.344, 6.136, 5.567, 4.385, 5.346, 6.621, 6.24, 5.277, 5.126, 4.741, 3.748, 4.421, 5.485, 5.61, 5.137, 4.719, 3.453, 1.919, 1.982, 1.613, 1.653, 2.774, 3.155, 3.072, 2.994, 2.804, 2.327, 1.884, 1.857, 2.478, 3.126, 3.128, 2.743, 2.766, 2.513, 3.807, 5.126, 4.791, 4.128, 3.905, 4.523, 4.802, 4.994, 4.877, 4.767, 5.23, 7.384, 7.334, 6.257, 5.889, 5.68, 6.532, 6.748, 7.673, 8.764, 8.337, 8.544, 9.78, 11.867, 12.893, 12.622, 11.024, 8.883, 8.0, 6.778, 6.061, 5.327, 4.286, 3.831, 4.191, 5.653, 5.646, 4.338, 3.356, 2.876, 2.417, 2.951, 1.972, 2.561, 3.484, 5.175, 5.154, 3.719, 2.846, 3.515, 2.975, 2.791, 4.002, 4.075, 2.955, 6.066, 6.26, 7.159, 9.201, 12.802, 14.36, 15.064, 16.045, 15.891, 16.103, 16.771, 16.777, 15.206, 13.241, 12.565, 12.446, 13.099, 14.076, 14.642, 14.067, 13.398, 13.501, 13.377, 13.364, 13.788, 12.835, 9.505, 5.068, 3.976, 3.038, 2.584, 2.945, 2.97, 4.027, 5.405, 5.687, 6.148, 6.139, 5.997, 4.914, 4.408, 4.682, 6.689, 8.607, 9.266, 8.309, 7.751, 7.448, 6.065, 3.715, 3.32, 4.519, 3.954, 3.286, 3.136, 3.364, 3.174, 2.879, 4.305, 5.051, 4.745, 4.513, 4.367, 4.038, 1.447, 3.55, 4.067, 2.978, 4.026, 3.8, 3.059, 2.327, 2.35, 1.664, 2.698, 3.198, 3.54, 6.18, 5.823, 3.663, 4.047, 1.97, 4.031, 6.206, 6.09, 5.769, 5.794, 5.637, 4.664, 3.032, 3.86, 4.464], [8.565, 7.364, 9.462, 12.287, 12.543, 10.588, 9.198, 9.681, 6.293, 1.529, 1.338, 1.171, 0.0, 1.2, 2.016, 2.06, 2.321, 1.539, 2.185, 2.522, 2.276, 1.868, 2.005, 1.716, 2.794, 3.258, 3.574, 4.759, 4.082, 3.332, 4.303, 4.17, 4.265, 4.498, 4.021, 3.519, 4.024, 4.136, 5.075, 4.675, 3.788, 4.399, 5.088, 5.185, 5.506, 5.94, 5.377, 4.519, 4.808, 6.574, 5.999, 4.965, 5.784, 7.06, 6.678, 5.852, 5.584, 5.249, 4.377, 4.989, 6.058, 5.946, 5.626, 5.286, 3.894, 2.202, 1.905, 1.621, 1.878, 2.61, 2.926, 2.836, 3.069, 3.184, 2.592, 2.234, 1.926, 2.676, 3.555, 3.574, 3.066, 2.887, 2.615, 3.847, 5.544, 5.248, 4.54, 4.299, 5.008, 5.202, 5.641, 5.503, 5.143, 5.657, 7.684, 7.616, 5.991, 5.66, 5.863, 6.753, 6.802, 7.624, 8.913, 8.699, 8.689, 10.125, 12.153, 13.273, 13.072, 10.91, 8.5, 7.539, 6.442, 5.635, 4.994, 4.561, 4.037, 3.84, 5.302, 5.218, 4.152, 3.177, 2.696, 2.629, 3.258, 1.868, 2.216, 3.31, 4.922, 4.936, 3.516, 2.579, 3.197, 2.989, 2.43, 3.708, 3.805, 2.666, 5.732, 6.425, 7.594, 9.677, 13.409, 14.977, 15.469, 16.535, 16.454, 16.629, 17.245, 17.233, 15.647, 13.463, 12.977, 13.05, 13.732, 14.579, 15.222, 14.71, 14.038, 14.065, 13.907, 13.978, 14.397, 13.383, 10.092, 5.597, 4.504, 3.538, 2.295, 2.623, 2.642, 3.754, 5.071, 5.55, 5.859, 6.184, 6.074, 5.078, 4.198, 5.213, 7.238, 9.141, 9.663, 8.892, 8.354, 7.909, 6.573, 4.145, 3.367, 4.751, 3.85, 3.029, 2.912, 2.996, 2.807, 2.925, 4.481, 5.477, 5.161, 4.845, 4.784, 4.415, 1.804, 3.183, 4.008, 2.915, 3.733, 4.009, 2.93, 2.306, 2.476, 1.854, 2.689, 2.837, 3.071, 5.786, 5.472, 3.592, 4.371, 2.484, 4.651, 6.692, 6.587, 6.292, 6.28, 6.196, 5.196, 3.516, 4.432, 5.103], [8.322, 7.09, 9.182, 12.014, 12.27, 10.362, 8.945, 9.44, 6.02, 1.401, 1.298, 1.466, 1.2, 0.0, 1.242, 1.729, 2.191, 1.323, 1.971, 2.304, 2.227, 1.719, 2.159, 1.79, 2.439, 2.979, 3.213, 4.466, 3.873, 3.108, 4.009, 3.845, 4.08, 4.03, 3.391, 3.848, 4.675, 4.931, 5.331, 4.933, 4.042, 4.653, 5.341, 5.441, 5.787, 6.219, 5.643, 4.889, 5.067, 6.856, 6.278, 5.39, 6.082, 7.341, 6.96, 6.117, 5.848, 5.516, 4.638, 5.252, 6.329, 6.339, 5.882, 5.55, 4.204, 2.268, 1.91, 2.241, 1.679, 2.249, 2.552, 2.522, 2.41, 2.734, 2.224, 1.494, 1.402, 2.523, 3.834, 3.847, 3.416, 3.488, 3.221, 4.544, 5.827, 5.521, 4.821, 4.577, 5.27, 5.479, 5.905, 5.792, 5.556, 6.034, 8.111, 8.086, 6.733, 6.362, 6.509, 7.395, 7.449, 8.375, 9.621, 9.22, 9.322, 10.552, 12.639, 13.659, 13.337, 11.625, 9.209, 8.155, 6.997, 6.029, 5.361, 4.561, 3.782, 3.809, 5.151, 5.125, 3.8, 2.976, 2.375, 2.122, 2.558, 1.979, 2.137, 2.92, 4.606, 4.698, 3.222, 2.256, 2.981, 2.622, 2.243, 3.386, 3.567, 2.882, 6.234, 6.89, 7.873, 9.936, 13.662, 15.246, 15.85, 16.845, 16.767, 16.899, 17.503, 17.503, 15.951, 13.948, 13.443, 13.373, 14.0, 14.833, 15.477, 14.971, 14.295, 14.358, 14.169, 14.239, 14.661, 13.676, 10.367, 5.861, 4.829, 3.881, 2.895, 2.778, 3.298, 4.457, 5.785, 6.322, 6.599, 6.838, 6.792, 5.744, 4.819, 5.477, 7.499, 9.409, 9.963, 9.154, 8.66, 8.31, 6.835, 4.41, 4.118, 5.357, 4.571, 3.858, 3.684, 3.795, 3.449, 3.542, 5.114, 5.926, 5.557, 5.338, 5.225, 4.921, 2.311, 2.704, 3.308, 2.394, 3.326, 3.489, 2.569, 2.213, 2.018, 1.428, 2.03, 2.437, 2.748, 5.39, 5.054, 2.928, 3.715, 2.146, 4.904, 6.961, 6.853, 6.553, 6.545, 6.465, 5.492, 3.767, 4.693, 5.364], [8.119, 6.9, 8.998, 11.831, 12.087, 10.114, 8.742, 9.237, 5.836, 1.731, 2.084, 2.007, 2.016, 1.242, 0.0, 1.554, 2.104, 1.646, 2.023, 2.468, 2.875, 2.598, 2.907, 2.577, 2.945, 3.391, 3.341, 4.22, 3.59, 3.006, 3.809, 3.958, 4.476, 4.163, 3.794, 4.457, 5.504, 5.807, 5.779, 5.318, 4.517, 4.993, 5.583, 5.672, 5.983, 6.454, 5.89, 4.997, 5.327, 7.049, 6.472, 5.478, 6.28, 7.535, 7.154, 6.381, 6.122, 5.762, 5.031, 5.593, 6.698, 6.841, 6.148, 5.791, 4.683, 2.767, 2.568, 3.079, 2.153, 1.988, 2.276, 2.3, 2.188, 2.426, 1.993, 1.181, 1.767, 2.795, 4.108, 4.153, 4.025, 4.287, 4.019, 5.315, 6.128, 5.762, 5.015, 4.799, 5.521, 5.755, 6.221, 6.257, 6.174, 6.757, 8.721, 8.625, 7.627, 7.247, 7.29, 7.965, 8.279, 9.237, 10.342, 9.877, 9.962, 11.094, 13.167, 14.177, 13.77, 12.473, 10.122, 9.048, 7.921, 6.951, 6.215, 5.104, 4.421, 4.395, 5.625, 5.747, 4.164, 3.574, 2.521, 1.874, 1.751, 2.398, 2.932, 2.755, 4.295, 4.408, 3.065, 2.618, 2.836, 2.429, 2.14, 3.056, 3.228, 3.773, 7.109, 7.61, 8.238, 10.215, 13.932, 15.703, 16.328, 17.315, 17.175, 17.183, 17.75, 17.703, 16.189, 14.464, 13.893, 13.763, 14.359, 15.157, 15.792, 15.234, 14.635, 14.738, 14.42, 14.582, 15.012, 14.093, 10.822, 6.177, 5.197, 4.317, 3.791, 3.57, 4.225, 5.38, 6.699, 7.209, 7.51, 7.604, 7.606, 6.542, 5.714, 5.972, 7.825, 9.693, 10.326, 9.463, 9.064, 8.832, 7.187, 4.844, 4.963, 6.047, 5.43, 4.725, 4.555, 4.681, 4.354, 4.222, 5.769, 6.514, 6.107, 5.935, 5.812, 5.461, 2.947, 2.503, 2.987, 2.179, 3.237, 3.095, 2.745, 2.598, 1.976, 1.493, 1.597, 1.961, 2.517, 5.069, 4.754, 2.622, 2.999, 1.98, 5.198, 7.325, 7.199, 6.818, 6.793, 6.844, 5.946, 4.029, 4.953, 5.642], [6.99, 5.782, 7.88, 10.713, 10.969, 9.019, 7.587, 8.093, 4.719, 1.338, 2.042, 2.303, 2.06, 1.729, 1.554, 0.0, 0.906, 1.25, 1.037, 1.624, 2.433, 2.545, 3.231, 2.755, 2.27, 2.668, 2.617, 3.289, 2.447, 2.011, 2.841, 3.312, 3.899, 3.908, 3.512, 5.016, 5.703, 5.746, 6.614, 6.216, 5.324, 5.936, 6.642, 6.746, 7.112, 7.541, 6.945, 5.968, 6.389, 8.18, 7.602, 6.323, 7.39, 8.665, 8.284, 7.445, 7.168, 6.817, 5.976, 6.562, 7.71, 7.678, 7.211, 6.902, 5.5, 3.411, 2.743, 3.176, 2.461, 1.264, 1.392, 1.401, 2.233, 2.765, 2.384, 1.481, 2.186, 3.926, 5.209, 5.159, 4.599, 4.531, 4.227, 5.45, 7.15, 6.835, 6.145, 5.901, 6.576, 6.793, 7.197, 7.07, 6.699, 7.219, 9.323, 9.272, 7.51, 7.133, 7.506, 8.421, 8.402, 9.248, 10.555, 10.357, 10.316, 11.725, 13.806, 14.889, 14.621, 12.402, 9.898, 8.765, 7.714, 6.662, 6.122, 5.768, 4.72, 3.692, 4.878, 5.091, 3.431, 2.801, 1.957, 1.462, 1.893, 2.126, 2.7, 2.179, 3.426, 3.496, 2.235, 1.78, 1.848, 1.461, 1.064, 1.927, 2.081, 3.596, 6.854, 7.986, 9.189, 11.264, 14.945, 16.518, 17.086, 18.088, 18.005, 18.183, 18.803, 18.805, 17.216, 15.079, 14.594, 14.582, 15.302, 16.131, 16.767, 16.272, 15.597, 15.652, 15.475, 15.546, 15.953, 14.974, 11.651, 7.154, 6.072, 5.094, 3.591, 3.021, 4.134, 5.07, 6.486, 7.176, 7.296, 7.762, 7.732, 6.71, 5.64, 6.783, 8.805, 10.704, 11.277, 10.48, 9.924, 9.561, 8.138, 5.728, 5.008, 6.436, 5.508, 4.709, 4.621, 4.592, 4.218, 4.553, 6.141, 7.159, 6.756, 6.444, 6.418, 6.1, 3.483, 1.615, 2.328, 1.851, 2.824, 3.289, 2.352, 2.359, 2.229, 1.805, 1.507, 1.595, 1.555, 4.142, 3.813, 2.466, 3.116, 2.331, 6.185, 8.258, 8.155, 7.859, 7.848, 7.766, 6.792, 5.073, 5.995, 6.666], [6.708, 5.539, 7.604, 10.364, 10.622, 8.855, 7.45, 7.872, 4.388, 1.326, 2.273, 2.674, 2.321, 2.191, 2.104, 0.906, 0.0, 1.306, 1.1, 1.435, 2.162, 2.711, 3.33, 2.892, 2.302, 2.624, 2.367, 3.053, 2.168, 2.011, 2.579, 3.083, 3.866, 4.053, 3.699, 5.265, 5.74, 5.802, 6.831, 6.525, 5.638, 6.253, 6.981, 7.078, 7.455, 7.884, 7.253, 6.308, 6.732, 8.523, 7.945, 6.65, 7.733, 9.009, 8.627, 7.771, 7.51, 7.125, 6.295, 6.875, 8.041, 7.827, 7.535, 7.244, 5.772, 3.389, 2.747, 3.197, 2.577, 1.464, 1.699, 1.768, 2.514, 3.089, 2.744, 1.928, 2.586, 4.299, 5.576, 5.525, 4.892, 4.761, 4.36, 5.573, 7.493, 7.179, 6.498, 6.263, 6.911, 7.12, 7.447, 7.339, 6.999, 7.495, 9.441, 9.367, 7.461, 6.914, 7.453, 8.39, 8.284, 9.241, 10.505, 10.264, 10.377, 11.873, 13.83, 14.981, 14.936, 12.418, 9.64, 8.358, 7.342, 6.373, 5.998, 6.077, 4.931, 3.429, 4.713, 4.717, 3.122, 2.553, 2.01, 1.78, 2.373, 2.402, 2.81, 2.378, 3.412, 3.179, 2.022, 1.598, 1.566, 1.339, 1.067, 2.133, 1.937, 3.432, 6.822, 8.175, 9.533, 11.59, 15.259, 16.78, 17.172, 18.345, 18.266, 18.49, 19.146, 19.152, 17.561, 15.351, 14.761, 14.884, 15.51, 16.458, 17.04, 16.545, 15.885, 15.902, 15.789, 15.854, 16.203, 15.177, 11.951, 7.45, 6.381, 5.391, 3.337, 2.679, 3.959, 4.869, 6.13, 6.913, 6.996, 7.862, 7.779, 6.806, 5.586, 7.021, 9.113, 11.02, 11.611, 10.806, 10.16, 9.668, 8.41, 6.055, 4.936, 6.365, 5.416, 4.685, 4.445, 4.272, 4.107, 4.812, 6.267, 7.269, 7.038, 6.671, 6.579, 6.057, 3.628, 1.812, 2.58, 2.242, 2.99, 3.518, 2.45, 2.468, 2.669, 2.242, 1.919, 1.891, 1.744, 4.207, 3.908, 2.828, 3.463, 2.644, 6.499, 8.585, 8.463, 8.168, 8.181, 7.967, 7.03, 5.382, 6.303, 6.966], [7.661, 6.533, 8.583, 11.344, 11.603, 9.782, 8.374, 8.811, 5.35, 1.003, 1.558, 2.061, 1.539, 1.323, 1.646, 1.25, 1.306, 0.0, 1.14, 1.659, 1.847, 1.819, 2.348, 1.96, 2.05, 2.088, 2.268, 3.538, 2.916, 2.287, 3.074, 2.953, 3.278, 3.515, 3.049, 4.262, 4.727, 4.818, 5.861, 5.552, 4.665, 5.276, 6.001, 6.099, 6.44, 6.87, 6.252, 5.395, 5.727, 7.508, 6.931, 5.915, 6.744, 7.996, 7.616, 6.758, 6.499, 6.131, 5.315, 5.888, 7.062, 6.854, 6.579, 6.269, 4.774, 2.464, 1.769, 2.206, 1.753, 1.613, 2.252, 2.125, 2.732, 3.21, 2.876, 1.882, 1.861, 3.32, 4.599, 4.551, 3.927, 3.72, 3.375, 4.593, 6.478, 6.164, 5.474, 5.233, 5.896, 6.107, 6.443, 6.339, 5.989, 6.486, 8.438, 8.369, 6.523, 6.054, 6.5, 7.388, 7.381, 8.233, 9.52, 9.327, 9.41, 10.9, 12.854, 14.025, 13.957, 11.615, 8.953, 7.791, 6.66, 5.642, 5.169, 5.104, 3.982, 3.081, 4.437, 4.404, 3.041, 2.383, 1.778, 1.916, 2.337, 2.179, 2.085, 2.642, 3.945, 3.864, 2.512, 1.745, 2.213, 2.036, 1.586, 2.919, 2.798, 2.597, 6.163, 7.237, 8.524, 10.591, 14.286, 15.815, 16.204, 17.373, 17.295, 17.508, 18.168, 18.172, 16.581, 14.372, 13.772, 13.911, 14.507, 15.476, 16.067, 15.553, 14.893, 14.902, 14.776, 14.846, 15.2, 14.174, 10.944, 6.435, 5.381, 4.386, 2.687, 2.366, 3.141, 4.162, 5.462, 6.129, 6.281, 6.99, 6.736, 5.77, 4.72, 6.033, 8.105, 10.007, 10.597, 9.793, 9.157, 8.659, 7.409, 5.054, 4.014, 5.343, 4.494, 3.753, 3.586, 3.614, 3.379, 3.879, 5.323, 6.309, 6.069, 5.676, 5.592, 5.119, 2.678, 2.63, 3.308, 2.528, 3.181, 3.791, 2.629, 2.489, 2.809, 2.198, 2.185, 2.344, 2.479, 5.176, 4.86, 3.161, 3.786, 2.656, 5.525, 7.572, 7.455, 7.16, 7.167, 6.963, 6.023, 4.382, 5.295, 5.958], [6.868, 5.609, 7.701, 10.515, 10.822, 8.954, 7.557, 7.925, 4.513, 1.374, 2.133, 2.508, 2.185, 1.971, 2.023, 1.037, 1.1, 1.14, 0.0, 1.068, 2.206, 2.523, 3.181, 2.707, 2.164, 2.262, 1.926, 2.92, 2.209, 2.02, 2.62, 2.665, 3.637, 3.787, 3.383, 5.026, 5.559, 5.694, 6.668, 6.32, 5.47, 6.128, 6.838, 6.924, 7.265, 7.683, 7.091, 6.123, 6.53, 8.318, 7.743, 6.608, 7.535, 8.829, 8.453, 7.508, 7.325, 6.947, 6.02, 6.622, 7.763, 7.638, 7.378, 6.978, 5.566, 3.155, 2.63, 3.077, 2.399, 1.285, 2.018, 2.038, 2.824, 3.289, 3.125, 1.961, 2.355, 4.075, 5.394, 5.358, 4.746, 4.488, 4.21, 5.487, 7.288, 6.974, 6.284, 6.04, 6.709, 6.913, 7.208, 7.093, 6.725, 7.24, 9.284, 9.25, 7.407, 6.976, 7.345, 8.295, 8.172, 9.177, 10.449, 10.171, 10.348, 11.777, 13.742, 14.89, 14.779, 12.403, 9.678, 8.556, 7.423, 6.48, 6.005, 5.932, 4.792, 3.289, 4.406, 4.633, 3.042, 2.704, 1.925, 1.933, 2.352, 2.602, 2.75, 2.612, 3.345, 3.191, 2.055, 1.356, 1.581, 1.469, 1.256, 2.119, 1.986, 3.404, 6.76, 8.023, 9.361, 11.416, 15.054, 16.595, 17.089, 18.189, 18.096, 18.3, 19.007, 18.996, 17.41, 15.213, 14.559, 14.679, 15.3, 16.29, 16.886, 16.333, 15.661, 15.683, 15.592, 15.625, 16.002, 14.984, 11.7, 7.229, 6.175, 5.181, 3.401, 2.703, 3.861, 4.79, 6.16, 6.91, 6.999, 7.701, 7.652, 6.621, 5.444, 6.804, 8.889, 10.782, 11.407, 10.523, 9.919, 9.458, 8.234, 5.848, 4.9, 6.208, 5.384, 4.586, 4.428, 4.337, 4.085, 4.655, 6.14, 7.082, 6.835, 6.419, 6.347, 5.886, 3.388, 2.085, 2.555, 2.487, 3.288, 3.768, 2.881, 2.775, 2.917, 2.375, 1.994, 2.05, 1.839, 4.232, 3.88, 2.93, 3.573, 3.052, 6.293, 8.396, 8.278, 7.98, 7.988, 7.785, 6.783, 5.174, 6.081, 6.699], [6.324, 5.196, 7.213, 9.98, 10.236, 8.451, 7.015, 7.445, 4.005, 1.633, 2.5, 2.968, 2.522, 2.304, 2.468, 1.624, 1.435, 1.659, 1.068, 0.0, 1.947, 3.067, 3.708, 3.216, 2.703, 2.641, 2.077, 2.553, 1.977, 1.962, 2.497, 2.578, 3.958, 4.22, 4.037, 5.64, 6.123, 6.145, 7.267, 6.889, 6.002, 6.636, 7.365, 7.451, 7.792, 8.218, 7.585, 6.697, 7.065, 8.856, 8.3, 7.025, 8.066, 9.356, 8.979, 8.102, 7.844, 7.456, 6.564, 7.177, 8.248, 8.085, 7.887, 7.541, 6.074, 3.749, 3.109, 3.548, 2.979, 1.795, 2.487, 2.593, 3.277, 3.697, 3.61, 2.466, 2.795, 4.517, 5.85, 5.87, 5.271, 5.04, 4.721, 5.847, 7.826, 7.512, 6.822, 6.577, 7.244, 7.451, 7.821, 7.69, 7.295, 7.838, 9.819, 9.768, 7.826, 7.321, 7.891, 8.779, 8.686, 9.585, 10.806, 10.734, 10.778, 12.306, 14.251, 15.387, 15.309, 12.78, 9.844, 8.632, 7.707, 6.741, 6.323, 6.444, 5.37, 3.314, 4.294, 4.557, 3.098, 2.96, 2.356, 2.434, 2.861, 3.047, 3.149, 2.639, 2.902, 2.651, 1.805, 1.106, 1.309, 1.623, 1.445, 2.068, 1.648, 3.729, 7.054, 8.546, 9.887, 11.942, 15.624, 17.182, 17.606, 18.73, 18.66, 18.864, 19.527, 19.533, 17.942, 15.734, 15.123, 15.261, 15.9, 16.823, 17.433, 16.919, 16.247, 16.264, 16.111, 16.181, 16.585, 15.559, 12.273, 7.789, 6.694, 5.737, 3.589, 2.758, 4.15, 5.167, 6.377, 7.162, 7.267, 8.057, 8.13, 7.136, 5.975, 7.381, 9.43, 11.346, 11.945, 11.124, 10.528, 10.031, 8.764, 6.401, 5.319, 6.743, 5.689, 4.881, 4.669, 4.396, 4.334, 5.098, 6.542, 7.603, 7.348, 7.008, 6.925, 6.434, 3.918, 2.042, 2.69, 2.903, 3.619, 4.119, 3.252, 3.177, 3.366, 2.916, 2.406, 2.071, 1.853, 3.757, 3.578, 3.214, 4.008, 3.639, 6.863, 8.92, 8.791, 8.493, 8.515, 8.364, 7.366, 5.717, 6.632, 7.29], [7.846, 6.883, 8.773, 11.28, 11.536, 9.668, 8.383, 8.718, 5.464, 1.887, 2.001, 2.94, 2.276, 2.227, 2.875, 2.433, 2.162, 1.847, 2.206, 1.947, 0.0, 1.963, 2.527, 2.172, 2.403, 2.369, 2.211, 3.398, 3.381, 2.466, 2.687, 2.461, 3.262, 3.889, 3.435, 4.369, 4.839, 4.875, 5.967, 5.644, 4.757, 5.368, 6.08, 6.184, 6.505, 6.935, 6.526, 6.29, 6.055, 7.573, 7.248, 6.505, 6.865, 8.059, 7.68, 6.843, 6.61, 6.35, 5.346, 6.021, 7.05, 6.834, 6.624, 6.279, 4.834, 3.096, 2.089, 2.495, 2.758, 2.746, 3.355, 3.464, 3.969, 4.481, 4.067, 2.936, 2.076, 3.244, 4.554, 4.571, 3.99, 3.755, 3.461, 4.524, 6.543, 6.229, 5.539, 5.294, 5.974, 6.192, 6.55, 6.438, 6.066, 6.585, 8.545, 8.483, 6.574, 5.918, 6.63, 7.497, 7.447, 8.148, 9.428, 9.452, 9.514, 11.008, 12.96, 14.141, 14.041, 11.474, 8.385, 6.858, 6.197, 5.262, 4.908, 5.196, 4.106, 2.326, 3.558, 3.412, 2.548, 2.245, 2.033, 2.775, 3.594, 2.932, 2.3, 2.346, 3.585, 3.349, 1.964, 1.661, 2.426, 2.598, 2.432, 3.776, 3.08, 2.573, 5.711, 7.295, 8.588, 10.676, 14.378, 15.913, 16.332, 17.471, 17.39, 17.595, 18.24, 18.239, 16.648, 14.435, 13.855, 14.002, 14.614, 15.561, 16.164, 15.651, 14.985, 14.997, 14.868, 14.939, 15.307, 14.284, 11.036, 6.526, 5.465, 4.478, 2.195, 1.289, 2.853, 3.843, 4.812, 5.638, 5.859, 6.791, 6.834, 5.836, 4.713, 6.111, 8.198, 10.092, 10.662, 9.878, 9.257, 8.773, 7.508, 5.138, 4.031, 5.378, 4.361, 3.482, 3.297, 2.962, 3.054, 3.852, 5.286, 6.337, 6.096, 5.747, 5.659, 5.172, 3.134, 3.113, 4.218, 3.68, 4.493, 5.024, 3.811, 3.652, 4.018, 3.251, 3.403, 2.772, 3.226, 5.451, 5.29, 4.404, 5.266, 4.012, 5.617, 7.657, 7.548, 7.252, 7.241, 7.077, 6.115, 4.517, 5.388, 6.051], [9.274, 8.069, 10.163, 12.996, 13.252, 11.388, 9.905, 10.416, 7.002, 2.418, 1.367, 2.193, 1.868, 1.719, 2.598, 2.545, 2.711, 1.819, 2.523, 3.067, 1.963, 0.0, 1.345, 1.232, 1.631, 2.013, 2.374, 4.205, 3.853, 3.337, 4.019, 2.882, 2.682, 2.928, 2.403, 2.65, 3.325, 3.459, 4.218, 3.894, 2.997, 3.631, 4.349, 4.439, 4.785, 5.223, 5.228, 5.269, 4.88, 5.861, 5.72, 5.374, 5.58, 6.36, 5.969, 5.114, 5.155, 5.029, 3.928, 4.55, 5.621, 5.424, 4.966, 4.797, 3.502, 2.016, 1.258, 1.512, 1.73, 3.02, 3.409, 3.415, 3.754, 4.124, 3.559, 2.573, 1.526, 1.99, 3.081, 2.939, 2.304, 2.291, 2.0, 3.186, 4.827, 4.509, 3.818, 3.599, 4.241, 4.448, 4.789, 4.692, 4.361, 4.853, 6.899, 6.862, 5.202, 4.813, 5.154, 6.104, 6.043, 6.962, 8.295, 7.985, 8.028, 9.34, 11.429, 12.486, 12.29, 10.133, 7.67, 6.532, 5.446, 4.452, 3.865, 3.438, 2.592, 2.357, 3.856, 3.763, 3.205, 1.97, 1.833, 2.275, 2.869, 1.705, 1.258, 2.465, 4.418, 4.621, 3.22, 2.486, 3.406, 2.984, 2.997, 4.306, 4.284, 1.577, 4.753, 5.619, 6.877, 8.927, 12.619, 14.155, 14.678, 15.737, 15.673, 15.839, 16.517, 16.516, 14.929, 12.845, 12.31, 12.25, 12.862, 13.802, 14.406, 13.892, 13.226, 13.241, 13.105, 13.177, 13.546, 12.526, 9.286, 4.763, 3.745, 2.753, 1.423, 1.879, 2.049, 2.907, 4.293, 4.918, 5.002, 5.521, 5.435, 4.434, 3.353, 4.398, 6.435, 8.329, 8.945, 8.115, 7.498, 7.117, 5.758, 3.379, 2.755, 4.098, 3.303, 2.668, 2.625, 2.672, 2.266, 2.456, 3.996, 4.847, 4.545, 4.137, 4.083, 3.795, 2.275, 3.849, 4.529, 3.504, 4.522, 4.896, 3.791, 3.337, 3.435, 2.625, 3.391, 3.328, 3.82, 6.497, 6.175, 4.308, 5.023, 3.002, 3.868, 5.905, 5.805, 5.507, 5.515, 5.326, 4.371, 2.75, 3.641, 4.288], [9.674, 8.545, 10.531, 13.256, 13.773, 12.097, 10.602, 11.007, 7.472, 2.847, 1.466, 1.897, 2.005, 2.159, 2.907, 3.231, 3.33, 2.348, 3.181, 3.708, 2.527, 1.345, 0.0, 1.012, 2.161, 2.436, 3.075, 4.972, 4.247, 3.535, 4.169, 3.388, 3.512, 3.613, 3.108, 2.358, 2.982, 3.124, 3.957, 3.69, 2.839, 3.543, 4.254, 4.341, 4.688, 5.143, 4.962, 5.024, 4.594, 5.757, 5.574, 5.235, 5.38, 6.245, 5.869, 4.926, 4.798, 4.607, 3.503, 4.166, 5.214, 5.096, 4.798, 4.48, 3.117, 1.56, 1.09, 1.232, 1.445, 3.355, 4.182, 4.006, 3.972, 3.977, 3.538, 2.922, 2.012, 1.923, 2.893, 2.786, 2.353, 2.243, 1.879, 3.196, 4.726, 4.412, 3.722, 3.485, 4.144, 4.43, 4.487, 4.4, 4.255, 4.671, 6.761, 6.622, 5.21, 4.888, 4.586, 5.534, 5.755, 6.748, 7.841, 7.53, 7.54, 9.12, 11.201, 12.237, 12.195, 10.398, 8.062, 6.956, 5.492, 4.906, 4.233, 3.601, 2.852, 2.839, 4.512, 4.252, 3.656, 2.778, 2.709, 2.968, 3.603, 2.341, 2.04, 3.559, 5.294, 5.297, 3.773, 3.123, 4.025, 3.321, 3.645, 4.927, 4.869, 2.08, 5.307, 5.463, 6.777, 8.832, 12.434, 13.781, 14.371, 15.544, 15.455, 15.672, 16.399, 16.405, 14.81, 12.689, 12.038, 12.021, 12.484, 13.706, 14.194, 13.614, 12.963, 13.016, 12.998, 12.965, 13.258, 12.211, 9.039, 4.652, 3.544, 2.584, 1.728, 2.298, 2.017, 3.021, 4.375, 4.774, 5.171, 5.507, 4.964, 4.187, 3.379, 4.195, 6.304, 8.212, 8.845, 7.914, 7.262, 6.772, 5.626, 3.356, 2.312, 3.422, 3.187, 2.572, 2.477, 2.733, 2.514, 2.297, 3.6, 4.409, 4.189, 3.849, 3.775, 3.149, 1.634, 4.614, 5.172, 4.0, 4.575, 4.558, 3.78, 3.075, 3.55, 2.914, 3.77, 4.096, 4.527, 7.232, 6.869, 4.786, 5.2, 3.036, 3.652, 5.81, 5.691, 5.388, 5.414, 5.058, 4.155, 2.791, 3.486, 4.066], [9.3, 8.021, 9.993, 12.891, 13.35, 11.556, 10.049, 10.516, 7.068, 2.391, 1.129, 1.745, 1.716, 1.79, 2.577, 2.755, 2.892, 1.96, 2.707, 3.216, 2.172, 1.232, 1.012, 0.0, 1.891, 2.269, 2.751, 4.626, 3.974, 3.191, 3.843, 3.212, 3.409, 3.342, 2.959, 2.771, 3.325, 3.449, 4.355, 4.091, 3.237, 3.946, 4.671, 4.757, 5.119, 5.55, 5.23, 5.221, 4.892, 6.216, 5.925, 5.397, 5.658, 6.699, 6.313, 5.329, 5.227, 4.985, 3.853, 4.593, 5.551, 5.497, 5.222, 4.803, 3.45, 1.619, 1.032, 1.37, 1.456, 2.956, 3.733, 3.521, 3.61, 3.632, 3.266, 2.64, 1.744, 2.201, 3.252, 3.221, 2.653, 2.519, 2.115, 3.481, 5.172, 4.858, 4.208, 3.97, 4.597, 4.832, 4.925, 4.856, 4.513, 5.05, 7.101, 7.052, 5.538, 5.207, 5.082, 5.992, 6.121, 6.821, 8.224, 8.014, 8.098, 9.544, 11.618, 12.713, 12.612, 10.512, 8.259, 7.232, 5.897, 5.249, 4.42, 3.973, 3.107, 2.764, 4.24, 4.18, 3.449, 2.627, 2.29, 2.596, 3.33, 2.165, 1.878, 3.126, 4.924, 4.9, 3.283, 2.618, 3.586, 3.008, 3.141, 4.388, 4.329, 2.191, 5.516, 5.872, 7.197, 9.249, 12.839, 14.173, 14.84, 15.948, 15.851, 16.07, 16.804, 16.805, 15.212, 13.083, 12.439, 12.388, 12.897, 14.123, 14.611, 14.019, 13.38, 13.439, 13.429, 13.393, 13.689, 12.648, 9.465, 5.116, 3.971, 3.01, 1.823, 2.137, 2.27, 3.309, 4.754, 4.842, 5.478, 5.741, 5.211, 4.482, 3.662, 4.622, 6.758, 8.644, 9.276, 8.346, 7.669, 7.247, 6.084, 3.683, 2.617, 3.972, 3.451, 2.816, 2.649, 2.797, 2.666, 2.565, 4.002, 4.837, 4.599, 4.297, 4.204, 3.621, 1.673, 4.104, 4.709, 3.459, 4.118, 4.228, 3.394, 2.72, 3.128, 2.58, 3.305, 3.575, 3.997, 6.703, 6.333, 4.336, 4.867, 2.903, 4.062, 6.24, 6.122, 5.82, 5.866, 5.528, 4.586, 3.015, 3.898, 4.498], [8.486