[[0.0, 2.132, 2.147, 2.828, 3.65, 4.054, 5.913, 6.406, 6.641, 7.539, 7.345, 6.022, 4.229, 3.362, 3.865, 3.871, 3.937, 3.553, 4.188, 4.572, 4.197, 4.055, 4.13, 3.552, 3.169, 4.394, 5.533, 6.16, 5.812, 5.372, 6.457, 7.465, 7.452, 6.762, 5.98, 6.189, 6.978, 7.141, 5.636, 3.583, 3.502, 4.35, 5.262, 5.122, 4.841, 5.249, 5.724, 5.032, 3.909, 3.16, 2.129, 2.12, 1.982, 2.649, 2.646, 4.057, 4.675, 3.822, 3.537, 3.627, 4.68, 5.736, 6.415, 7.48, 5.991, 4.081, 4.26, 4.529, 4.416, 3.857, 4.772, 5.859, 5.757, 6.207, 6.293, 7.052, 6.927, 6.142, 5.981, 5.744, 5.043, 5.85, 7.798, 8.872, 8.983, 8.231, 8.035, 8.055, 8.113, 7.608, 7.828, 7.989, 8.02, 7.285, 6.923, 6.678, 6.373, 7.512, 8.232, 5.961, 5.379, 5.702, 4.183, 3.109, 4.707, 6.051, 5.942, 5.34, 4.461, 3.304, 2.973, 3.083, 4.519, 6.923, 9.109, 8.817, 7.994, 6.428, 3.949, 3.237, 3.878, 4.39, 4.892, 4.91, 3.132, 3.408, 3.65, 4.069, 4.754, 3.949, 4.776, 7.804, 9.26, 8.455, 8.372, 7.957, 8.364, 8.762, 9.004, 9.347, 9.604, 9.474, 9.285, 9.002, 9.289, 9.503, 9.52, 8.971, 8.761, 8.762, 8.975, 8.347, 8.396, 8.963, 11.743, 13.575, 13.22, 12.276, 11.467, 10.953, 9.356, 8.911, 9.251, 9.737, 9.555, 9.481, 10.718, 11.402, 11.569, 10.664, 10.36, 9.871, 8.775, 7.979, 7.232, 5.182, 4.178, 3.866, 3.601, 3.271, 2.022, 2.663, 2.816, 2.688, 2.364, 1.986, 1.618, 2.012, 2.022, 1.784, 1.525, 1.845, 2.604, 2.556, 2.616, 2.764, 2.785, 3.171, 3.071, 3.794, 3.802, 4.039, 5.533, 6.011, 5.629, 4.748, 4.06, 3.874, 3.091, 2.337, 2.366, 2.297, 1.841, 2.153, 2.493, 2.816, 5.521, 9.337, 9.048, 8.261, 7.545, 7.12, 7.871, 9.064, 8.19, 7.194, 7.14, 7.19, 7.801, 7.39], [2.132, 0.0, 1.197, 1.62, 2.031, 2.494, 4.372, 5.023, 5.566, 6.544, 6.336, 4.951, 2.964, 4.323, 4.51, 3.375, 4.759, 4.041, 3.543, 3.868, 4.891, 4.509, 4.482, 4.043, 3.379, 3.255, 4.005, 4.605, 4.266, 3.753, 4.825, 5.803, 5.838, 5.155, 4.708, 4.793, 5.536, 5.66, 4.248, 1.939, 1.873, 2.839, 3.636, 3.532, 3.314, 3.728, 4.197, 3.556, 3.19, 3.364, 2.548, 2.016, 2.309, 2.473, 3.698, 5.946, 6.617, 5.606, 4.861, 5.376, 6.615, 7.673, 8.333, 9.421, 7.943, 5.903, 6.166, 6.424, 6.313, 5.522, 4.115, 4.584, 4.774, 4.725, 4.702, 5.492, 5.298, 4.716, 4.496, 4.311, 3.572, 4.02, 6.02, 7.176, 7.243, 6.514, 6.334, 6.417, 6.276, 5.838, 5.983, 6.17, 6.234, 5.503, 5.185, 4.935, 4.627, 5.791, 6.527, 4.246, 3.627, 3.913, 2.562, 1.784, 2.974, 4.334, 4.213, 3.666, 2.775, 1.781, 1.582, 2.748, 3.688, 5.146, 7.384, 7.022, 6.347, 4.806, 2.525, 3.61, 4.961, 5.941, 6.447, 6.768, 4.877, 4.279, 5.178, 5.923, 6.599, 5.822, 3.689, 6.182, 7.637, 6.855, 6.722, 6.513, 6.876, 7.105, 7.347, 7.711, 7.959, 7.898, 7.631, 7.371, 7.772, 7.935, 7.941, 7.4, 7.127, 7.12, 7.465, 6.744, 6.77, 7.261, 10.045, 11.863, 11.491, 10.575, 9.694, 9.13, 7.623, 7.154, 7.505, 8.037, 7.822, 7.741, 8.935, 9.658, 9.861, 8.931, 8.61, 8.152, 7.099, 6.136, 5.406, 3.479, 2.489, 2.195, 1.998, 1.625, 2.651, 4.424, 4.159, 2.839, 3.139, 2.472, 2.005, 3.183, 3.22, 2.845, 3.128, 3.532, 2.983, 2.435, 1.992, 2.796, 4.241, 4.477, 4.474, 4.858, 5.015, 3.301, 4.063, 4.504, 4.377, 3.877, 3.015, 2.623, 2.746, 3.295, 2.78, 2.53, 3.196, 2.927, 2.935, 2.172, 3.87, 7.612, 7.325, 6.544, 5.841, 5.418, 6.231, 7.423, 6.555, 5.576, 5.381, 5.514, 6.16, 5.691], [2.147, 1.197, 0.0, 1.294, 2.147, 2.387, 4.281, 4.877, 5.298, 6.288, 6.048, 4.607, 2.587, 3.806, 4.221, 2.954, 4.056, 3.507, 3.308, 3.573, 4.491, 4.187, 4.061, 3.595, 2.943, 2.895, 3.8, 4.339, 4.05, 3.739, 4.855, 5.74, 5.683, 5.043, 4.211, 4.419, 5.235, 5.351, 3.957, 2.023, 1.735, 2.704, 3.62, 3.35, 3.071, 3.472, 3.898, 3.225, 2.663, 2.79, 2.235, 1.943, 2.145, 1.979, 3.181, 5.634, 6.284, 5.317, 4.577, 5.11, 6.25, 7.342, 8.007, 9.031, 7.6, 5.689, 5.868, 6.188, 5.972, 4.954, 3.728, 4.306, 4.444, 4.461, 4.601, 5.407, 5.239, 4.409, 4.229, 3.997, 3.362, 4.309, 6.217, 7.002, 7.118, 6.42, 6.191, 6.403, 6.46, 6.033, 6.134, 6.384, 6.345, 5.552, 5.215, 5.074, 4.6, 5.796, 6.448, 4.159, 3.481, 3.94, 2.445, 1.572, 2.891, 4.28, 4.141, 3.602, 2.692, 1.729, 1.551, 2.518, 3.409, 5.108, 7.363, 6.99, 6.356, 4.746, 2.383, 3.047, 4.282, 5.247, 5.973, 6.523, 4.595, 3.826, 4.745, 5.543, 6.112, 5.258, 3.276, 6.068, 7.492, 6.698, 6.597, 6.301, 6.711, 7.244, 7.23, 7.684, 7.982, 7.895, 7.753, 7.39, 7.597, 7.832, 7.752, 7.199, 6.977, 6.939, 7.208, 6.605, 6.564, 7.081, 9.794, 11.8, 11.313, 10.285, 9.736, 9.187, 7.637, 7.101, 7.547, 8.002, 7.725, 7.635, 8.876, 9.577, 9.667, 8.702, 8.422, 7.988, 7.016, 6.32, 5.53, 3.264, 2.294, 1.935, 1.924, 1.532, 2.189, 4.215, 3.688, 2.348, 2.584, 2.103, 2.149, 3.234, 3.09, 2.642, 2.882, 3.078, 2.751, 2.224, 1.63, 2.211, 3.769, 4.084, 4.021, 4.382, 4.44, 2.944, 3.772, 4.267, 4.031, 3.561, 2.774, 2.343, 2.199, 3.024, 2.777, 2.384, 2.894, 2.366, 2.323, 1.888, 3.755, 7.393, 7.132, 6.366, 5.55, 5.178, 5.99, 7.165, 6.369, 5.392, 5.259, 5.362, 5.959, 5.514], [2.828, 1.62, 1.294, 0.0, 1.736, 2.046, 3.661, 4.062, 4.456, 5.45, 5.197, 3.748, 1.891, 3.681, 4.269, 2.945, 3.878, 3.369, 2.684, 2.972, 4.086, 3.672, 3.498, 2.941, 2.324, 2.371, 3.218, 3.721, 3.427, 3.333, 4.255, 5.232, 5.212, 4.606, 3.611, 3.654, 4.501, 4.556, 3.247, 1.452, 1.902, 2.643, 3.318, 3.014, 2.689, 2.77, 3.439, 2.795, 2.195, 2.865, 2.614, 2.225, 2.338, 2.097, 3.305, 5.76, 6.525, 5.463, 4.695, 5.231, 6.375, 7.492, 8.183, 9.193, 7.757, 5.864, 6.104, 6.335, 6.078, 4.966, 3.055, 3.476, 3.659, 3.665, 3.975, 4.638, 4.549, 3.65, 3.535, 3.22, 2.644, 4.151, 6.103, 6.797, 6.85, 6.265, 5.955, 6.094, 6.255, 5.907, 6.026, 6.279, 6.218, 5.546, 5.096, 4.973, 4.424, 5.642, 6.245, 3.956, 3.224, 3.626, 2.25, 1.384, 2.623, 4.031, 3.891, 3.549, 2.905, 2.025, 1.851, 2.289, 2.621, 4.839, 7.098, 6.837, 6.034, 4.419, 1.833, 2.84, 4.246, 5.176, 5.969, 6.679, 4.844, 3.801, 4.852, 5.65, 6.213, 5.349, 2.506, 5.423, 6.762, 6.054, 6.436, 5.588, 6.012, 6.591, 6.898, 7.064, 7.606, 7.303, 7.181, 7.0, 7.348, 7.223, 6.952, 6.486, 6.545, 6.563, 6.472, 5.953, 6.276, 6.918, 9.65, 11.576, 11.219, 10.095, 9.625, 9.053, 7.448, 7.037, 7.415, 7.793, 7.588, 7.421, 8.779, 9.532, 9.548, 8.488, 8.204, 7.765, 6.886, 6.165, 5.39, 3.169, 2.222, 1.821, 1.703, 1.611, 2.152, 4.288, 3.613, 2.029, 2.482, 2.234, 2.713, 3.739, 3.482, 2.711, 3.138, 3.154, 2.334, 1.73, 1.497, 2.107, 3.709, 4.005, 3.914, 4.277, 4.148, 2.477, 2.993, 3.475, 3.268, 2.917, 2.121, 1.737, 1.89, 3.097, 3.282, 2.736, 3.09, 2.295, 2.299, 1.66, 3.628, 7.232, 6.922, 6.147, 5.439, 4.999, 5.797, 6.979, 5.993, 5.092, 5.068, 5.145, 5.722, 5.283], [3.65, 2.031, 2.147, 1.736, 0.0, 1.626, 3.145, 3.89, 4.463, 5.471, 5.247, 3.768, 2.186, 4.508, 5.207, 3.624, 5.139, 4.484, 2.793, 3.66, 4.951, 4.615, 4.122, 3.676, 3.356, 2.491, 2.845, 3.202, 2.884, 2.443, 3.216, 4.176, 4.387, 3.695, 3.138, 3.312, 3.991, 4.072, 2.87, 1.38, 1.442, 1.565, 2.359, 1.943, 1.786, 2.048, 2.795, 2.169, 2.967, 4.005, 3.61, 3.059, 3.278, 3.229, 4.523, 7.003, 7.66, 6.666, 5.923, 6.459, 7.593, 8.714, 9.372, 10.373, 8.95, 6.987, 7.237, 7.525, 7.301, 6.166, 3.633, 3.5, 3.79, 3.448, 3.432, 4.069, 3.754, 3.301, 2.991, 2.939, 2.422, 2.952, 4.968, 5.905, 5.938, 5.257, 4.914, 5.028, 5.139, 4.77, 4.867, 5.082, 5.087, 4.454, 4.046, 3.82, 3.349, 4.622, 5.288, 3.017, 2.393, 2.706, 1.521, 1.749, 1.791, 3.067, 2.964, 2.452, 1.676, 1.976, 1.788, 3.591, 2.766, 4.053, 6.016, 5.841, 4.996, 3.334, 2.495, 4.045, 5.369, 6.314, 7.163, 7.805, 5.91, 5.007, 6.052, 6.85, 7.455, 6.592, 2.75, 4.528, 5.816, 5.33, 5.648, 5.06, 5.522, 5.727, 5.979, 6.084, 6.591, 6.411, 6.212, 6.026, 6.63, 6.293, 6.105, 5.556, 5.57, 5.62, 5.938, 5.163, 5.367, 5.975, 8.75, 10.561, 10.222, 9.267, 8.461, 7.983, 6.474, 6.108, 6.423, 6.823, 6.655, 6.517, 7.774, 8.542, 8.703, 7.685, 7.407, 6.913, 5.845, 5.105, 4.183, 2.247, 2.159, 1.49, 1.556, 2.197, 3.433, 5.49, 4.867, 3.369, 3.671, 3.398, 3.476, 4.721, 4.565, 3.824, 4.196, 4.245, 3.424, 2.356, 2.321, 3.309, 4.921, 5.165, 5.145, 5.43, 5.397, 3.566, 2.796, 3.337, 3.497, 3.07, 2.504, 2.263, 3.169, 4.179, 3.823, 3.603, 4.202, 3.511, 3.479, 2.563, 2.586, 6.367, 6.138, 5.318, 4.656, 4.225, 4.857, 6.0, 5.046, 4.219, 4.226, 4.28, 4.803, 4.432], [4.054, 2.494, 2.387, 2.046, 1.626, 0.0, 2.261, 2.95, 3.504, 4.505, 4.275, 2.849, 2.038, 4.639, 5.38, 3.796, 5.132, 4.417, 2.377, 2.933, 4.348, 4.105, 3.544, 3.214, 2.966, 1.524, 1.926, 2.413, 2.079, 2.093, 2.72, 3.578, 3.762, 3.062, 2.642, 2.551, 3.236, 3.338, 2.153, 1.597, 2.257, 2.268, 2.76, 2.413, 2.267, 2.311, 2.263, 2.214, 3.286, 4.211, 3.721, 3.226, 3.423, 3.376, 4.659, 7.139, 7.781, 6.802, 6.059, 6.595, 7.743, 8.816, 9.506, 10.548, 9.029, 7.101, 7.388, 7.662, 7.492, 6.249, 2.788, 2.515, 2.802, 2.641, 2.573, 3.278, 3.029, 2.444, 2.115, 1.996, 1.484, 2.838, 4.717, 5.442, 5.314, 4.863, 4.282, 4.367, 4.786, 4.52, 4.666, 4.909, 5.026, 4.211, 3.794, 3.697, 3.103, 4.347, 5.006, 2.971, 2.451, 2.643, 1.491, 1.615, 1.582, 2.95, 2.879, 2.767, 2.64, 2.75, 2.595, 3.413, 2.244, 3.445, 5.665, 5.405, 4.332, 2.862, 2.42, 4.056, 5.47, 6.368, 7.228, 7.92, 6.007, 5.128, 6.265, 7.063, 7.607, 6.746, 2.574, 3.826, 5.303, 4.644, 5.163, 4.383, 4.705, 5.122, 5.19, 5.522, 5.978, 6.008, 5.77, 5.395, 5.719, 5.671, 5.563, 5.009, 4.916, 4.976, 5.141, 4.41, 4.698, 5.66, 8.366, 10.306, 9.829, 8.783, 8.276, 7.718, 6.155, 5.606, 6.056, 6.504, 6.25, 6.148, 7.343, 8.119, 8.149, 7.173, 6.768, 6.215, 5.167, 4.638, 4.125, 2.388, 2.076, 1.323, 1.734, 1.924, 3.511, 5.596, 4.946, 3.216, 3.668, 3.529, 3.739, 4.934, 4.643, 4.045, 4.343, 4.305, 3.435, 2.32, 2.313, 3.51, 4.821, 5.146, 5.157, 5.472, 5.436, 3.471, 2.281, 2.393, 2.325, 2.215, 2.062, 1.994, 2.976, 4.367, 4.106, 3.722, 4.309, 3.547, 3.344, 2.599, 2.13, 5.724, 5.518, 4.604, 4.075, 3.717, 4.233, 5.29, 4.486, 3.819, 3.751, 3.69, 4.103, 3.678], [5.913, 4.372, 4.281, 3.661, 3.145, 2.261, 0.0, 1.323, 1.719, 2.461, 2.325, 1.368, 2.424, 4.762, 5.425, 3.998, 5.409, 4.598, 2.662, 2.857, 4.349, 4.004, 3.461, 3.609, 3.676, 1.893, 1.709, 2.052, 1.965, 2.477, 2.703, 3.033, 3.724, 3.288, 2.452, 1.995, 1.825, 1.952, 1.817, 2.807, 3.824, 3.384, 3.625, 3.408, 2.938, 2.798, 2.834, 2.617, 3.498, 4.629, 4.564, 4.387, 4.27, 4.164, 4.974, 7.278, 7.872, 6.88, 6.137, 6.673, 7.846, 8.902, 9.593, 10.651, 9.124, 7.148, 7.489, 7.739, 7.607, 6.358, 2.78, 1.534, 1.673, 1.652, 1.4, 1.818, 1.759, 1.808, 1.678, 1.583, 1.77, 3.217, 4.604, 5.207, 5.097, 4.751, 4.063, 4.11, 4.674, 4.389, 4.632, 5.139, 5.412, 4.705, 4.12, 4.264, 3.289, 4.229, 4.886, 3.886, 3.529, 3.387, 2.874, 3.112, 2.763, 3.656, 4.032, 4.237, 4.294, 4.299, 3.992, 3.912, 2.307, 3.068, 5.51, 5.294, 3.863, 2.25, 2.792, 4.608, 5.569, 6.483, 7.281, 7.952, 6.23, 5.234, 6.368, 7.166, 7.717, 6.849, 2.654, 2.424, 3.867, 4.189, 5.106, 4.116, 3.72, 4.573, 4.496, 4.575, 5.537, 5.635, 5.508, 5.255, 5.268, 4.56, 3.823, 3.552, 4.305, 4.455, 4.021, 3.073, 4.152, 5.698, 8.045, 10.219, 9.73, 8.419, 8.165, 7.637, 5.997, 5.39, 5.862, 6.378, 6.125, 6.044, 7.191, 7.894, 7.848, 6.93, 6.289, 5.564, 4.653, 4.519, 4.762, 3.576, 3.203, 2.956, 3.299, 3.072, 4.613, 6.132, 5.255, 3.817, 4.441, 4.631, 5.46, 6.636, 6.216, 5.35, 5.4, 5.157, 4.722, 4.0, 3.719, 4.445, 5.02, 5.184, 5.204, 5.497, 5.504, 3.52, 2.102, 1.682, 1.637, 1.805, 2.244, 2.436, 3.38, 4.85, 4.695, 4.424, 4.995, 4.559, 4.22, 3.57, 2.618, 5.147, 4.863, 3.974, 3.695, 3.288, 3.601, 4.275, 3.947, 3.404, 3.331, 3.303, 3.38, 3.199], [6.406, 5.023, 4.877, 4.062, 3.89, 2.95, 1.323, 0.0, 1.176, 1.878, 2.038, 1.535, 3.004, 5.367, 6.04, 4.497, 5.789, 5.202, 2.967, 3.161, 4.793, 4.666, 4.052, 4.091, 3.988, 2.275, 1.622, 1.919, 2.001, 2.469, 2.465, 2.756, 3.376, 3.111, 2.156, 1.965, 1.549, 1.576, 1.818, 3.33, 4.486, 3.749, 3.804, 3.785, 3.238, 2.84, 2.728, 2.771, 3.963, 5.168, 5.044, 4.919, 4.771, 4.641, 5.531, 7.748, 8.359, 7.388, 6.607, 7.144, 8.329, 9.385, 10.099, 11.134, 9.607, 7.695, 8.065, 8.228, 8.134, 6.971, 3.328, 1.961, 2.101, 1.773, 1.612, 1.881, 2.028, 1.679, 1.543, 1.725, 1.997, 3.489, 4.208, 4.642, 4.699, 4.414, 3.681, 3.719, 4.207, 3.973, 4.336, 4.973, 5.297, 4.844, 4.141, 4.373, 3.559, 3.929, 4.543, 3.978, 3.761, 3.497, 3.385, 3.794, 3.391, 3.729, 4.203, 4.672, 4.922, 4.591, 4.62, 4.415, 2.582, 2.816, 5.119, 4.923, 3.49, 2.526, 3.365, 4.91, 6.052, 6.975, 7.787, 8.468, 6.686, 5.707, 6.878, 7.65, 8.192, 7.349, 3.068, 2.197, 3.357, 3.479, 4.549, 3.353, 2.99, 4.03, 4.07, 4.092, 5.037, 5.103, 5.057, 4.779, 4.736, 4.205, 3.541, 3.263, 3.861, 3.964, 3.425, 2.772, 3.853, 5.376, 7.605, 9.777, 9.362, 7.999, 7.76, 7.236, 5.604, 5.028, 5.433, 5.9, 5.705, 5.578, 6.776, 7.444, 7.342, 6.282, 5.665, 5.115, 4.256, 4.32, 4.686, 3.842, 3.978, 3.665, 3.937, 3.974, 5.107, 6.63, 5.784, 4.174, 4.823, 4.975, 6.05, 7.142, 6.591, 5.775, 5.831, 5.533, 5.135, 4.468, 4.176, 4.895, 5.544, 5.863, 5.666, 5.949, 5.999, 4.093, 2.658, 1.969, 1.892, 2.318, 2.667, 2.891, 3.796, 5.446, 5.573, 5.187, 5.472, 4.942, 4.62, 3.954, 2.933, 4.813, 4.46, 3.6, 3.348, 3.167, 3.375, 4.136, 3.571, 3.169, 3.032, 2.927, 3.108, 3.033], [6.641, 5.566, 5.298, 4.456, 4.463, 3.504, 1.719, 1.176, 0.0, 1.238, 1.664, 1.456, 3.061, 5.02, 5.701, 4.166, 5.489, 4.87, 2.697, 2.86, 4.458, 4.26, 3.738, 3.91, 3.967, 2.634, 2.151, 2.464, 2.48, 3.046, 2.951, 3.166, 3.834, 3.584, 2.42, 2.067, 1.67, 1.961, 2.218, 3.862, 5.119, 4.417, 4.495, 4.399, 3.894, 3.461, 3.347, 3.276, 3.818, 4.814, 5.191, 5.351, 5.104, 4.818, 5.392, 7.386, 8.012, 7.025, 6.262, 6.872, 7.987, 9.043, 9.734, 10.792, 9.265, 7.367, 7.685, 7.886, 7.795, 6.589, 3.069, 1.928, 2.008, 2.144, 1.912, 1.996, 2.487, 1.949, 1.939, 1.871, 2.272, 3.981, 4.694, 5.183, 5.178, 4.811, 4.195, 4.177, 4.607, 4.384, 4.972, 5.5, 5.85, 5.472, 4.88, 5.011, 4.175, 4.467, 5.111, 4.653, 4.436, 4.17, 4.057, 4.314, 3.973, 4.41, 4.862, 5.334, 5.559, 5.193, 5.176, 4.272, 2.561, 3.21, 5.516, 5.372, 4.004, 2.973, 3.816, 4.727, 5.692, 6.659, 7.443, 8.107, 6.405, 5.369, 6.509, 7.307, 7.851, 6.99, 2.884, 2.341, 3.589, 3.822, 4.876, 3.651, 3.088, 4.391, 4.407, 4.472, 5.351, 5.453, 5.404, 5.133, 5.034, 4.46, 3.504, 3.497, 4.155, 4.277, 3.655, 3.01, 4.344, 5.811, 8.029, 10.18, 9.762, 8.481, 8.251, 7.672, 6.125, 5.53, 5.816, 6.297, 6.104, 5.924, 7.145, 7.791, 7.706, 6.683, 5.994, 5.513, 4.771, 4.797, 5.371, 4.501, 4.512, 4.188, 4.552, 4.423, 5.146, 6.382, 5.438, 4.371, 4.739, 5.062, 6.569, 7.436, 6.885, 5.936, 5.966, 5.705, 5.039, 4.624, 4.363, 4.679, 5.226, 5.491, 5.304, 5.602, 5.626, 3.99, 2.904, 2.322, 1.859, 2.224, 2.67, 3.249, 3.728, 5.278, 5.958, 5.535, 5.479, 5.061, 4.745, 4.136, 3.532, 5.235, 4.819, 4.009, 3.874, 3.663, 3.784, 4.445, 3.996, 3.612, 3.547, 3.442, 3.478, 3.405], [7.539, 6.544, 6.288, 5.45, 5.471, 4.505, 2.461, 1.878, 1.238, 0.0, 1.405, 1.959, 3.861, 5.227, 5.905, 4.604, 5.794, 5.115, 3.501, 3.293, 4.83, 4.513, 4.133, 4.656, 4.745, 3.533, 3.107, 3.113, 3.265, 3.866, 3.746, 3.473, 3.957, 3.785, 3.019, 2.871, 2.107, 2.279, 3.085, 4.87, 6.144, 5.409, 5.343, 5.396, 4.883, 4.356, 4.119, 3.984, 4.374, 5.364, 5.994, 6.356, 6.069, 5.617, 5.928, 7.535, 8.1, 7.018, 6.206, 6.808, 7.92, 8.976, 9.671, 10.725, 9.208, 7.459, 7.727, 7.863, 7.935, 6.65, 3.409, 2.243, 2.343, 2.496, 2.242, 2.164, 2.825, 2.874, 2.923, 2.683, 3.208, 4.857, 4.864, 5.265, 5.352, 5.138, 4.5, 4.388, 4.76, 4.681, 5.358, 5.864, 6.354, 6.349, 5.676, 5.938, 5.156, 4.99, 5.474, 5.616, 5.39, 5.135, 5.032, 5.308, 4.973, 5.361, 5.837, 6.365, 6.581, 6.165, 6.092, 4.745, 3.314, 3.395, 5.585, 5.431, 4.061, 3.566, 4.401, 5.217, 5.952, 6.873, 7.407, 8.066, 6.761, 5.578, 6.579, 7.318, 7.89, 6.965, 3.468, 2.321, 3.462, 3.819, 4.968, 3.829, 3.188, 4.445, 4.438, 4.551, 5.411, 5.498, 5.449, 5.178, 5.079, 4.438, 3.384, 3.674, 4.329, 4.472, 3.541, 3.022, 4.276, 5.8, 8.058, 10.232, 9.803, 8.364, 8.319, 7.722, 6.137, 5.539, 5.822, 6.31, 6.109, 5.991, 7.24, 7.849, 7.776, 6.669, 5.976, 5.534, 4.842, 5.129, 6.196, 5.485, 5.421, 5.178, 5.547, 5.314, 6.057, 6.974, 5.818, 5.114, 5.425, 5.951, 7.552, 8.385, 7.746, 6.903, 6.822, 6.44, 5.847, 5.482, 5.341, 5.327, 5.694, 5.656, 5.461, 5.607, 5.717, 4.103, 3.242, 2.856, 2.636, 2.92, 3.677, 4.212, 4.645, 5.945, 6.807, 6.343, 6.16, 5.728, 5.469, 4.973, 4.57, 5.249, 4.858, 3.981, 4.241, 4.347, 3.832, 4.227, 3.893, 4.082, 3.908, 3.711, 3.754, 3.759], [7.345, 6.336, 6.048, 5.197, 5.247, 4.275, 2.325, 2.038, 1.664, 1.405, 0.0, 1.746, 3.638, 5.401, 5.959, 4.654, 5.97, 5.22, 3.467, 3.392, 4.948, 4.661, 4.269, 4.594, 4.599, 3.311, 2.913, 2.869, 3.045, 3.721, 3.838, 3.475, 4.236, 3.947, 3.276, 2.842, 2.152, 2.373, 2.986, 4.642, 5.929, 5.231, 5.343, 5.238, 4.706, 4.304, 4.123, 3.792, 4.292, 5.089, 5.729, 6.148, 5.845, 5.319, 5.74, 7.673, 8.166, 6.92, 6.163, 6.676, 7.832, 8.876, 9.577, 10.614, 9.104, 7.503, 7.86, 7.969, 7.903, 6.718, 3.118, 2.121, 2.24, 2.484, 2.256, 2.237, 2.866, 2.84, 2.809, 2.599, 3.08, 4.736, 4.995, 5.621, 5.689, 5.633, 4.952, 4.84, 5.191, 5.171, 5.605, 6.131, 6.47, 6.291, 5.7, 5.927, 5.118, 5.3, 5.918, 5.554, 5.278, 5.005, 4.813, 5.065, 4.817, 5.355, 5.72, 6.165, 6.357, 5.902, 5.861, 4.6, 3.215, 3.221, 5.566, 5.378, 4.184, 3.568, 4.402, 5.258, 5.905, 6.715, 7.416, 7.989, 6.819, 5.623, 6.347, 7.293, 7.951, 6.857, 3.28, 2.308, 3.461, 3.888, 5.033, 3.764, 3.249, 4.509, 4.448, 4.569, 5.521, 5.58, 5.546, 5.267, 5.155, 4.516, 3.371, 3.254, 4.267, 4.375, 3.328, 2.664, 4.357, 5.889, 8.261, 10.216, 9.777, 8.168, 8.253, 7.665, 5.968, 5.4, 5.881, 6.398, 6.296, 6.362, 7.262, 7.932, 7.836, 6.838, 6.278, 5.784, 5.103, 5.555, 6.313, 5.349, 5.204, 4.923, 5.31, 5.084, 5.849, 6.746, 5.538, 4.94, 5.313, 5.781, 7.357, 8.199, 7.566, 6.689, 6.654, 6.301, 5.762, 5.279, 5.136, 5.21, 5.698, 5.769, 5.52, 5.565, 5.871, 4.097, 3.032, 2.671, 2.59, 2.747, 3.526, 4.002, 4.5, 5.809, 6.59, 6.125, 5.877, 5.423, 5.131, 4.721, 4.419, 5.538, 5.261, 4.246, 4.396, 4.193, 3.743, 4.03, 3.676, 3.503, 3.541, 3.459, 3.291, 3.188], [6.022, 4.951, 4.607, 3.748, 3.768, 2.849, 1.368, 1.535, 1.456, 1.959, 1.746, 0.0, 2.317, 4.422, 5.063, 3.67, 4.996, 4.298, 2.461, 2.521, 4.024, 3.703, 3.19, 3.375, 3.302, 1.887, 1.966, 2.23, 2.307, 2.716, 3.407, 3.801, 4.316, 3.904, 2.666, 1.919, 2.115, 2.136, 2.001, 3.218, 4.439, 3.928, 4.284, 4.053, 3.367, 3.098, 3.061, 2.739, 2.981, 3.974, 4.317, 4.735, 4.418, 3.91, 4.471, 6.682, 7.28, 6.203, 5.346, 5.898, 7.046, 8.068, 8.815, 9.817, 8.29, 6.555, 7.022, 7.136, 6.855, 5.906, 2.081, 1.201, 1.319, 1.418, 1.531, 1.926, 1.971, 1.771, 1.99, 1.681, 1.797, 3.835, 5.433, 5.784, 5.841, 5.529, 4.771, 4.873, 5.51, 5.212, 5.449, 5.862, 6.141, 5.467, 4.925, 4.821, 4.045, 4.911, 5.429, 4.324, 3.988, 4.01, 3.32, 3.634, 3.297, 4.18, 4.512, 4.859, 4.904, 4.488, 4.379, 3.448, 1.99, 3.601, 6.313, 6.128, 4.659, 2.696, 2.988, 4.264, 4.986, 5.816, 6.65, 7.317, 5.861, 4.707, 5.551, 6.393, 7.022, 6.124, 1.973, 2.636, 4.167, 4.611, 5.775, 4.467, 4.026, 5.307, 5.197, 5.365, 6.318, 6.357, 6.321, 6.043, 5.945, 5.319, 4.295, 3.951, 5.012, 5.121, 4.096, 3.267, 4.439, 6.054, 8.689, 10.946, 10.519, 8.907, 9.0, 8.408, 6.735, 6.208, 6.592, 7.052, 6.853, 6.774, 8.025, 8.723, 8.607, 7.441, 6.66, 5.992, 5.268, 5.343, 5.646, 4.205, 3.725, 3.476, 3.874, 3.686, 4.467, 5.661, 4.476, 3.63, 4.05, 4.461, 5.975, 6.864, 6.182, 5.315, 5.296, 5.047, 4.562, 3.973, 3.746, 4.063, 4.755, 4.879, 4.69, 4.707, 4.974, 3.029, 1.859, 1.362, 1.553, 1.613, 2.206, 2.584, 3.238, 4.633, 5.196, 4.726, 4.515, 4.118, 3.75, 3.335, 3.307, 5.737, 5.401, 4.28, 4.191, 3.887, 4.111, 4.829, 4.3, 4.024, 3.912, 3.886, 3.921, 3.724], [4.229, 2.964, 2.587, 1.891, 2.186, 2.038, 2.424, 3.004, 3.061, 3.861, 3.638, 2.317, 0.0, 2.908, 3.594, 2.245, 3.57, 2.865, 1.924, 1.911, 3.174, 2.649, 2.259, 2.147, 2.086, 1.759, 2.912, 3.475, 3.186, 3.663, 4.183, 4.749, 5.282, 4.055, 2.488, 2.291, 3.115, 3.4, 2.134, 1.826, 2.639, 2.58, 3.255, 3.039, 2.332, 2.243, 2.722, 2.203, 1.592, 2.572, 2.806, 2.855, 2.74, 2.259, 3.17, 5.438, 6.043, 5.026, 4.289, 4.826, 6.013, 7.099, 7.76, 8.834, 7.358, 5.337, 5.62, 5.878, 5.775, 4.52, 1.791, 2.022, 2.231, 2.401, 2.763, 3.067, 3.024, 2.383, 2.744, 2.575, 2.208, 4.453, 6.42, 7.034, 6.888, 6.565, 5.79, 5.922, 6.515, 6.21, 6.396, 6.594, 6.54, 5.77, 5.4, 5.284, 4.852, 5.976, 6.662, 4.394, 3.672, 4.08, 2.335, 1.85, 3.092, 4.534, 4.389, 3.997, 3.558, 3.057, 2.67, 2.1, 1.677, 4.537, 7.382, 7.169, 5.558, 3.199, 1.422, 2.819, 3.742, 4.804, 5.567, 6.198, 4.493, 3.35, 4.535, 5.333, 5.877, 5.016, 1.226, 4.29, 5.728, 5.942, 6.839, 5.644, 5.085, 6.305, 6.34, 6.454, 7.352, 7.43, 7.318, 7.035, 6.961, 6.337, 5.616, 5.415, 6.14, 6.3, 5.624, 4.913, 5.866, 7.165, 9.854, 12.043, 11.539, 10.158, 10.032, 9.445, 7.743, 7.15, 7.637, 8.18, 7.955, 7.876, 9.07, 9.728, 9.672, 8.785, 8.126, 7.388, 6.368, 6.142, 5.81, 3.558, 2.554, 2.038, 2.233, 1.976, 2.78, 4.067, 3.28, 2.174, 2.526, 2.73, 4.01, 5.009, 4.497, 3.548, 3.562, 3.543, 2.913, 2.416, 2.292, 2.403, 3.303, 3.587, 3.486, 3.82, 3.843, 1.836, 1.593, 2.126, 2.129, 1.54, 1.434, 1.407, 1.846, 2.89, 3.25, 2.813, 3.168, 2.701, 2.571, 2.028, 3.155, 6.952, 6.686, 5.792, 5.349, 4.78, 5.185, 6.013, 5.552, 4.845, 4.941, 4.895, 5.079, 5.007], [3.362, 4.323, 3.806, 3.681, 4.508, 4.639, 4.762, 5.367, 5.02, 5.227, 5.401, 4.422, 2.908, 0.0, 1.47, 1.976, 1.823, 1.804, 3.252, 2.763, 1.959, 1.672, 1.648, 1.703, 2.341, 4.0, 5.67, 6.333, 6.034, 6.475, 6.996, 7.496, 8.099, 6.844, 4.944, 4.696, 5.641, 5.906, 4.868, 4.162, 4.598, 4.703, 5.61, 5.468, 4.595, 4.83, 5.557, 4.577, 2.443, 2.336, 2.927, 3.574, 3.1, 3.056, 2.273, 2.677, 3.404, 2.576, 2.457, 2.774, 3.204, 4.282, 4.948, 6.072, 4.615, 2.933, 2.889, 3.095, 3.125, 2.048, 2.782, 3.839, 3.939, 4.516, 5.086, 5.096, 5.122, 4.992, 5.62, 5.384, 5.018, 7.251, 9.232, 9.847, 9.705, 9.381, 8.613, 8.765, 9.336, 9.022, 9.216, 9.407, 9.342, 8.574, 8.202, 8.097, 7.688, 8.786, 9.467, 7.203, 6.474, 6.855, 5.064, 3.711, 5.901, 7.343, 7.137, 6.565, 5.71, 4.815, 4.44, 2.654, 3.476, 7.399, 10.182, 9.99, 8.369, 5.711, 2.726, 1.735, 1.504, 2.349, 2.916, 3.531, 2.455, 1.766, 2.615, 2.678, 3.157, 2.306, 3.018, 7.007, 8.502, 8.777, 9.637, 8.469, 7.874, 9.118, 9.167, 9.199, 10.179, 10.234, 10.127, 9.856, 9.785, 9.168, 8.145, 8.185, 8.98, 9.121, 8.481, 7.635, 8.715, 9.993, 12.682, 14.86, 14.364, 13.016, 12.853, 12.277, 10.557, 9.964, 10.471, 10.996, 10.764, 10.691, 11.891, 12.548, 12.51, 11.597, 10.976, 10.248, 9.207, 8.955, 8.631, 6.239, 4.779, 4.559, 4.766, 3.908, 3.033, 2.333, 1.983, 2.66, 2.213, 2.645, 4.09, 4.466, 4.001, 3.244, 2.711, 2.058, 2.128, 3.165, 3.303, 2.495, 1.823, 1.547, 1.516, 1.907, 1.856, 2.02, 3.722, 4.421, 4.004, 3.224, 3.122, 3.121, 2.685, 2.629, 3.384, 3.206, 2.46, 2.389, 2.744, 2.896, 5.956, 9.787, 9.523, 8.655, 8.207, 7.592, 8.027, 8.775, 8.404, 7.658, 7.774, 7.708, 7.926, 7.837], [3.865, 4.51, 4.221, 4.269, 5.207, 5.38, 5.425, 6.04, 5.701, 5.905, 5.959, 5.063, 3.594, 1.47, 0.0, 1.778, 1.45, 1.78, 3.897, 3.2, 1.989, 1.951, 2.154, 2.471, 2.918, 4.664, 6.389, 6.988, 6.716, 7.187, 7.758, 8.251, 8.84, 7.593, 5.706, 5.429, 6.326, 6.585, 5.563, 4.685, 4.992, 5.359, 6.29, 6.141, 5.221, 5.483, 6.223, 5.165, 2.991, 2.585, 3.098, 3.872, 3.402, 3.23, 2.546, 2.712, 2.825, 2.211, 2.379, 3.106, 2.81, 3.872, 4.266, 5.384, 4.496, 3.151, 2.44, 2.566, 3.252, 2.037, 3.43, 4.518, 4.699, 5.151, 5.792, 5.753, 5.807, 5.728, 6.295, 6.096, 5.76, 7.975, 9.957, 10.563, 10.464, 10.093, 9.349, 9.501, 10.056, 9.747, 9.937, 10.132, 10.062, 9.282, 8.94, 8.821, 8.43, 9.535, 10.19, 7.952, 7.223, 7.577, 5.77, 4.417, 6.65, 8.092, 7.886, 7.329, 6.371, 5.145, 4.595, 2.913, 4.167, 8.047, 10.933, 10.71, 9.117, 6.477, 3.339, 1.746, 1.123, 1.919, 2.492, 2.908, 1.895, 1.245, 2.433, 2.535, 2.463, 2.209, 3.599, 7.641, 9.146, 9.467, 10.398, 9.18, 8.595, 9.843, 9.864, 9.951, 10.872, 10.946, 10.852, 10.589, 10.527, 9.866, 8.838, 8.84, 9.688, 9.837, 9.12, 8.265, 9.366, 10.688, 13.406, 15.619, 15.106, 13.659, 13.573, 13.016, 11.296, 10.71, 11.208, 11.756, 11.513, 11.453, 12.611, 13.269, 13.252, 12.309, 11.64, 10.891, 9.863, 9.68, 9.351, 6.996, 5.263, 5.197, 5.473, 4.353, 3.373, 2.687, 2.354, 3.138, 2.78, 2.958, 4.438, 4.945, 4.396, 3.553, 3.132, 2.739, 2.611, 3.865, 3.817, 2.843, 1.812, 1.707, 1.861, 1.642, 1.742, 2.652, 4.445, 5.034, 4.652, 3.848, 3.811, 3.752, 3.176, 3.111, 3.726, 3.419, 2.813, 2.92, 3.126, 3.307, 6.663, 10.469, 10.205, 9.297, 8.859, 8.305, 8.669, 9.402, 9.032, 8.355, 8.461, 8.422, 8.612, 8.53], [3.871, 3.375, 2.954, 2.945, 3.624, 3.796, 3.998, 4.497, 4.166, 4.604, 4.654, 3.67, 2.245, 1.976, 1.778, 0.0, 2.037, 1.919, 2.502, 2.02, 2.56, 2.413, 2.121, 2.405, 2.37, 3.111, 4.781, 5.404, 5.108, 5.578, 6.19, 6.65, 7.232, 6.046, 4.108, 3.893, 4.824, 4.971, 4.075, 3.115, 3.35, 3.76, 4.719, 4.476, 3.536, 3.879, 4.647, 3.699, 1.508, 1.954, 2.687, 2.892, 2.777, 2.441, 2.224, 3.6, 4.188, 3.112, 2.516, 3.353, 4.141, 5.293, 5.826, 6.926, 5.668, 4.222, 3.83, 4.019, 4.263, 2.861, 2.569, 3.199, 3.409, 3.774, 4.446, 4.54, 4.58, 4.229, 4.707, 4.516, 4.219, 6.464, 8.446, 8.949, 8.863, 8.511, 7.753, 7.949, 8.533, 8.236, 8.369, 8.621, 8.535, 7.771, 7.411, 7.311, 6.839, 7.98, 8.587, 6.344, 5.623, 5.977, 4.169, 3.099, 5.043, 6.484, 6.279, 5.712, 4.726, 3.504, 3.23, 2.449, 2.622, 6.525, 9.332, 9.128, 7.596, 5.189, 2.259, 1.437, 2.21, 3.179, 4.004, 4.484, 2.816, 1.772, 2.761, 3.443, 3.892, 3.095, 2.032, 6.227, 7.626, 7.859, 8.798, 7.587, 7.038, 8.332, 8.269, 8.404, 9.35, 9.401, 9.341, 9.065, 9.02, 8.398, 7.465, 7.354, 8.103, 8.232, 7.584, 6.799, 7.792, 9.08, 11.794, 14.018, 13.515, 12.085, 11.991, 11.424, 9.758, 9.189, 9.664, 10.178, 9.911, 9.852, 11.037, 11.749, 11.698, 10.7, 10.037, 9.35, 8.326, 8.169, 7.769, 5.395, 3.675, 3.584, 4.051, 3.068, 2.871, 3.408, 2.649, 2.467, 2.408, 2.498, 3.999, 4.706, 4.075, 3.087, 3.082, 2.83, 2.675, 3.193, 2.821, 1.983, 2.084, 2.566, 2.419, 2.402, 2.519, 2.007, 3.117, 3.645, 3.069, 2.376, 2.275, 2.363, 2.214, 2.914, 3.298, 2.88, 2.843, 2.64, 2.556, 2.148, 5.111, 8.892, 8.644, 7.753, 7.295, 6.802, 7.185, 8.061, 7.494, 6.808, 6.881, 6.861, 7.023, 6.922], [3.937, 4.759, 4.056, 3.878, 5.139, 5.132, 5.409, 5.789, 5.489, 5.794, 5.97, 4.996, 3.57, 1.823, 1.45, 2.037, 0.0, 1.448, 3.712, 2.985, 1.721, 1.89, 2.182, 2.408, 2.738, 4.429, 6.077, 6.796, 6.463, 6.871, 7.476, 8.002, 8.512, 7.349, 5.436, 5.257, 6.222, 6.387, 5.434, 4.509, 4.853, 5.275, 6.177, 5.967, 4.957, 5.161, 6.053, 5.111, 2.849, 2.605, 3.201, 3.804, 3.302, 3.186, 2.526, 3.04, 3.49, 2.313, 2.344, 3.197, 3.249, 4.443, 4.497, 5.601, 5.115, 3.88, 3.137, 3.123, 3.796, 2.08, 3.4, 4.442, 4.597, 4.958, 5.626, 5.736, 5.788, 5.547, 6.151, 5.93, 5.538, 7.817, 9.799, 10.253, 10.201, 9.882, 9.082, 9.262, 9.886, 9.589, 9.726, 9.974, 9.887, 9.124, 8.75, 8.663, 8.177, 9.267, 9.878, 7.617, 6.924, 7.305, 5.534, 4.114, 6.315, 7.756, 7.574, 7.056, 6.334, 5.211, 4.905, 3.0, 3.964, 7.956, 10.689, 10.5, 8.927, 6.445, 3.1, 1.396, 1.475, 2.271, 3.014, 3.251, 2.212, 1.236, 2.579, 2.861, 2.705, 2.497, 3.428, 7.579, 9.03, 9.194, 10.146, 8.917, 8.384, 9.685, 9.667, 9.744, 10.742, 10.766, 10.694, 10.414, 10.382, 9.833, 8.811, 8.762, 9.516, 9.62, 8.99, 8.181, 9.186, 10.407, 13.141, 15.341, 14.876, 13.495, 13.363, 12.75, 11.08, 10.519, 10.985, 11.462, 11.217, 11.158, 12.401, 13.101, 13.023, 11.993, 11.402, 10.758, 9.777, 9.522, 9.141, 6.729, 5.085, 5.009, 5.281, 4.382, 3.22, 3.207, 2.482, 2.71, 2.447, 2.986, 4.401, 5.004, 4.369, 3.456, 3.172, 2.687, 2.804, 3.632, 3.741, 2.612, 1.78, 1.869, 1.858, 1.574, 1.391, 2.611, 4.346, 4.907, 4.396, 3.75, 3.598, 3.621, 2.777, 3.162, 3.889, 3.542, 2.989, 2.738, 2.843, 3.325, 6.465, 10.314, 10.023, 9.158, 8.706, 8.174, 8.589, 9.408, 8.88, 8.191, 8.248, 8.164, 8.401, 8.251], [3.553, 4.041, 3.507, 3.369, 4.484, 4.417, 4.598, 5.202, 4.87, 5.115, 5.22, 4.298, 2.865, 1.804, 1.78, 1.919, 1.448, 0.0, 2.935, 2.349, 1.715, 1.563, 1.948, 2.249, 2.597, 3.875, 5.533, 6.204, 5.928, 6.336, 6.835, 7.34, 7.955, 6.701, 4.826, 4.512, 5.533, 5.8, 4.773, 3.93, 4.419, 4.903, 5.636, 5.587, 4.713, 4.78, 5.501, 4.644, 2.66, 2.299, 2.788, 3.123, 2.697, 2.579, 2.268, 3.14, 3.651, 2.601, 2.35, 3.27, 3.529, 4.716, 5.224, 6.282, 5.105, 3.498, 3.137, 3.345, 3.877, 2.152, 2.832, 3.72, 3.967, 4.404, 5.012, 5.014, 5.099, 4.854, 5.458, 5.257, 4.81, 7.029, 8.976, 9.708, 9.549, 9.171, 8.442, 8.55, 9.079, 8.775, 8.976, 9.145, 9.186, 8.363, 8.038, 7.825, 7.494, 8.629, 9.319, 7.051, 6.379, 6.818, 5.023, 3.605, 5.745, 7.186, 7.101, 6.611, 6.002, 5.024, 4.382, 2.239, 3.369, 7.32, 10.018, 9.743, 8.188, 5.627, 2.632, 1.37, 1.815, 2.714, 3.125, 3.591, 2.142, 1.167, 2.465, 2.96, 3.361, 2.648, 3.044, 6.876, 8.377, 8.646, 9.474, 8.334, 7.617, 8.842, 9.032, 9.017, 10.0, 10.092, 9.886, 9.624, 9.599, 8.99, 8.03, 8.066, 8.848, 8.995, 8.364, 7.503, 8.59, 9.88, 12.55, 14.685, 14.16, 12.887, 12.604, 12.097, 10.395, 9.732, 10.317, 10.83, 10.608, 10.529, 11.634, 12.297, 12.309, 11.45, 10.849, 10.131, 9.04, 8.689, 8.395, 6.113, 4.581, 4.524, 4.609, 3.509, 2.753, 2.931, 2.106, 2.113, 2.2, 2.743, 4.072, 4.65, 4.28, 3.229, 3.021, 2.466, 2.509, 3.388, 3.352, 1.999, 1.423, 1.487, 1.478, 1.705, 1.581, 1.975, 3.698, 4.331, 3.868, 3.046, 2.934, 3.031, 2.024, 2.463, 3.346, 2.98, 2.839, 2.573, 2.357, 2.809, 5.728, 9.66, 9.396, 8.53, 8.09, 7.493, 7.962, 8.628, 8.338, 7.629, 7.701, 7.595, 7.815, 7.706], [4.188, 3.543, 3.308, 2.684, 2.793, 2.377, 2.662, 2.967, 2.697, 3.501, 3.467, 2.461, 1.924, 3.252, 3.897, 2.502, 3.712, 2.935, 0.0, 1.433, 2.59, 2.509, 2.212, 2.246, 2.229, 1.975, 2.891, 3.565, 3.37, 3.553, 3.946, 4.543, 5.158, 4.483, 3.034, 2.638, 3.418, 3.704, 2.779, 2.22, 3.381, 3.366, 4.036, 3.81, 3.202, 3.255, 3.66, 3.445, 2.55, 3.454, 3.69, 3.46, 3.455, 3.418, 3.795, 5.728, 6.341, 5.359, 4.63, 5.27, 6.346, 7.402, 8.093, 9.151, 7.635, 5.809, 5.928, 6.216, 6.25, 4.832, 2.352, 2.261, 2.512, 2.823, 3.237, 3.319, 3.441, 2.882, 2.957, 2.628, 2.162, 4.201, 6.114, 6.863, 6.711, 6.294, 5.672, 5.714, 6.201, 5.94, 6.129, 6.37, 6.474, 5.69, 5.285, 5.035, 4.675, 5.845, 6.524, 4.5, 3.906, 4.225, 2.953, 2.543, 3.215, 4.498, 4.719, 4.516, 4.262, 3.708, 3.587, 3.004, 1.64, 4.79, 7.134, 6.828, 5.533, 3.957, 2.563, 2.637, 4.028, 4.956, 5.778, 6.428, 4.529, 3.69, 4.868, 5.666, 6.21, 5.349, 2.14, 4.794, 6.137, 5.859, 6.633, 5.566, 5.047, 6.004, 6.487, 6.248, 7.252, 7.292, 7.097, 6.798, 7.059, 6.6, 5.929, 5.899, 6.285, 6.369, 6.035, 5.391, 6.131, 7.189, 9.872, 11.847, 11.359, 10.26, 9.743, 9.243, 7.611, 6.981, 7.481, 8.041, 7.793, 7.683, 8.743, 9.466, 9.533, 8.604, 8.163, 7.6, 6.471, 5.943, 5.669, 4.021, 3.38, 2.976, 2.967, 3.001, 3.605, 4.765, 3.964, 2.798, 3.158, 3.412, 4.622, 5.196, 4.924, 3.836, 4.014, 3.571, 2.732, 2.473, 2.774, 2.759, 3.333, 3.649, 3.668, 3.989, 3.994, 2.734, 2.451, 2.718, 2.115, 1.627, 1.67, 2.175, 2.327, 3.683, 4.637, 4.169, 3.832, 3.283, 3.106, 2.476, 3.666, 7.117, 6.928, 5.96, 5.538, 5.125, 5.63, 6.662, 5.906, 5.229, 5.117, 5.026, 5.419, 5.033], [4.572, 3.868, 3.573, 2.972, 3.66, 2.933, 2.857, 3.161, 2.86, 3.293, 3.392, 2.521, 1.911, 2.763, 3.2, 2.02, 2.985, 2.349, 1.433, 0.0, 1.897, 1.998, 1.642, 1.957, 2.22, 2.067, 3.419, 4.166, 3.848, 4.208, 4.612, 5.161, 5.786, 5.075, 3.48, 2.923, 3.623, 3.792, 3.088, 3.034, 4.189, 4.122, 4.685, 4.601, 3.862, 3.79, 4.107, 4.005, 2.507, 3.095, 3.61, 3.584, 3.378, 3.281, 3.601, 5.14, 5.637, 4.637, 3.939, 4.608, 5.651, 6.755, 7.357, 8.415, 7.0, 5.302, 5.308, 5.498, 5.806, 4.116, 1.809, 2.267, 2.509, 2.787, 3.211, 3.244, 3.515, 3.163, 3.454, 3.18, 2.691, 4.918, 6.823, 7.505, 7.341, 7.011, 6.322, 6.371, 6.933, 6.613, 6.923, 7.106, 7.174, 6.382, 5.99, 5.763, 5.406, 6.465, 7.154, 5.279, 4.661, 4.94, 3.458, 2.662, 3.92, 5.297, 5.466, 5.395, 5.101, 4.547, 4.176, 2.625, 2.08, 5.262, 7.805, 7.591, 5.99, 3.996, 2.025, 2.279, 3.391, 4.375, 5.118, 5.678, 3.998, 2.969, 4.288, 5.007, 5.474, 4.656, 2.133, 4.982, 6.364, 6.44, 7.297, 6.175, 5.471, 6.709, 6.913, 6.838, 7.831, 7.922, 7.758, 7.489, 7.547, 6.994, 6.148, 6.129, 6.776, 6.887, 6.322, 5.574, 6.567, 7.752, 10.414, 12.504, 12.01, 10.802, 10.45, 9.896, 8.226, 7.566, 8.107, 8.678, 8.428, 8.329, 9.497, 10.163, 10.13, 9.25, 8.677, 8.077, 6.907, 6.57, 6.576, 4.826, 3.785, 3.413, 3.395, 3.039, 3.469, 4.565, 3.616, 2.54, 2.967, 3.326, 4.729, 5.43, 5.021, 4.034, 3.899, 3.55, 2.918, 2.667, 2.739, 2.795, 2.894, 3.206, 3.168, 3.262, 3.282, 2.077, 2.443, 2.576, 1.964, 1.547, 1.751, 2.116, 2.141, 3.444, 4.217, 3.896, 3.821, 3.309, 3.011, 2.492, 4.262, 7.605, 7.356, 6.466, 6.038, 5.562, 6.04, 6.804, 6.364, 5.664, 5.59, 5.447, 5.685, 5.5], [4.197, 4.891, 4.491, 4.086, 4.951, 4.348, 4.349, 4.793, 4.458, 4.83, 4.948, 4.024, 3.174, 1.959, 1.989, 2.56, 1.721, 1.715, 2.59, 1.897, 0.0, 1.133, 1.554, 2.026, 2.679, 3.626, 5.118, 5.816, 5.462, 5.896, 6.363, 6.892, 7.506, 6.466, 4.842, 4.245, 5.096, 5.349, 4.48, 4.303, 5.183, 5.41, 5.949, 5.869, 5.105, 5.115, 5.488, 5.167, 3.452, 3.294, 3.858, 4.385, 3.797, 3.816, 3.311, 3.794, 4.242, 3.268, 3.267, 4.0, 4.139, 5.363, 5.728, 6.831, 5.911, 4.371, 3.791, 3.953, 4.631, 2.759, 2.858, 3.702, 3.94, 4.253, 4.711, 4.759, 4.959, 4.644, 5.091, 4.845, 4.326, 6.471, 8.507, 9.269, 9.092, 8.726, 8.003, 8.098, 8.56, 8.307, 8.489, 8.631, 8.586, 7.846, 7.603, 7.383, 7.046, 8.17, 8.88, 6.82, 6.142, 6.406, 4.897, 3.851, 5.523, 6.921, 6.91, 6.663, 6.365, 5.84, 5.351, 3.278, 3.362, 6.88, 9.545, 9.262, 7.709, 5.329, 3.022, 1.914, 2.186, 2.908, 3.723, 4.203, 2.653, 1.96, 3.368, 3.654, 3.851, 3.326, 3.327, 6.578, 8.01, 8.206, 9.001, 7.894, 7.099, 8.357, 8.599, 8.539, 9.574, 9.654, 9.426, 9.133, 9.183, 8.602, 7.747, 7.723, 8.434, 8.583, 7.98, 7.162, 8.175, 9.421, 12.109, 14.207, 13.677, 12.476, 12.131, 11.596, 9.944, 9.274, 9.878, 10.373, 10.135, 10.056, 11.117, 11.813, 11.849, 11.011, 10.411, 9.747, 8.618, 8.175, 8.066, 6.324, 5.066, 4.804, 4.804, 4.273, 3.623, 3.591, 2.827, 2.972, 2.905, 3.553, 4.921, 5.269, 4.893, 4.146, 3.66, 3.073, 2.899, 3.268, 3.8, 3.014, 1.92, 2.117, 2.267, 2.088, 2.034, 2.767, 3.863, 4.081, 3.554, 3.04, 3.353, 3.559, 2.996, 3.275, 4.26, 4.134, 3.477, 3.199, 3.195, 3.645, 5.82, 9.26, 8.993, 8.145, 7.677, 7.084, 7.54, 8.357, 7.871, 7.138, 7.212, 7.127, 7.366, 7.265], [4.055, 4.509, 4.187, 3.672, 4.615, 4.105, 4.004, 4.666, 4.26, 4.513, 4.661, 3.703, 2.649, 1.672, 1.951, 2.413, 1.89, 1.563, 2.509, 1.998, 1.133, 0.0, 1.167, 1.618, 2.178, 3.293, 4.954, 5.566, 5.287, 5.759, 6.287, 6.779, 7.372, 6.279, 4.59, 3.965, 4.908, 5.158, 4.185, 3.977, 4.863, 5.033, 5.599, 5.479, 4.735, 4.7, 4.998, 4.645, 2.957, 2.85, 3.42, 4.083, 3.508, 3.362, 2.95, 3.633, 4.167, 3.253, 3.032, 3.739, 4.126, 5.203, 5.851, 6.94, 5.602, 3.953, 3.712, 4.012, 4.185, 2.757, 2.335, 3.249, 3.332, 3.903, 4.388, 4.417, 4.504, 4.315, 4.84, 4.632, 4.232, 6.382, 8.397, 9.13, 8.965, 8.603, 7.88, 7.972, 8.481, 8.197, 8.396, 8.529, 8.526, 7.76, 7.501, 7.252, 6.922, 8.067, 8.758, 6.503, 5.873, 6.181, 4.619, 3.488, 5.228, 6.656, 6.644, 6.398, 6.063, 5.477, 4.924, 2.74, 2.888, 6.64, 9.455, 9.169, 7.607, 4.943, 2.558, 1.83, 2.089, 3.044, 3.671, 4.301, 2.765, 1.842, 3.153, 3.531, 3.957, 3.249, 2.87, 6.272, 7.744, 8.038, 8.911, 7.74, 7.02, 8.25, 8.436, 8.447, 9.388, 9.51, 9.315, 9.051, 9.027, 8.387, 7.478, 7.438, 8.235, 8.397, 7.731, 6.874, 7.953, 9.259, 11.95, 14.117, 13.588, 12.249, 12.042, 11.506, 9.838, 9.153, 9.731, 10.252, 10.045, 9.966, 11.037, 11.724, 11.736, 10.881, 10.219, 9.498, 8.407, 8.076, 7.848, 6.014, 4.637, 4.334, 4.414, 3.738, 3.252, 3.319, 2.502, 2.653, 2.603, 3.285, 4.719, 5.139, 4.749, 3.942, 3.53, 2.996, 2.534, 2.864, 3.31, 2.679, 1.838, 1.75, 1.939, 2.134, 1.992, 2.23, 3.235, 3.714, 3.268, 2.618, 2.9, 3.076, 2.442, 2.989, 3.994, 3.75, 3.21, 2.811, 2.869, 3.197, 5.425, 9.034, 8.779, 7.897, 7.445, 6.856, 7.27, 8.045, 7.641, 6.926, 7.032, 6.991, 7.169, 7.101], [4.13, 4.482, 4.061, 3.498, 4.122, 3.544, 3.461, 4.052, 3.738, 4.133, 4.269, 3.19, 2.259, 1.648, 2.154, 2.121, 2.182, 1.948, 2.212, 1.642, 1.554, 1.167, 0.0, 1.038, 1.726, 2.693, 4.371, 4.968, 4.739, 5.183, 5.706, 6.174, 6.778, 5.762, 4.062, 3.463, 4.364, 4.594, 3.728, 3.541, 4.615, 4.609, 5.109, 4.941, 4.231, 4.181, 4.456, 4.174, 2.745, 2.803, 3.356, 4.038, 3.454, 3.277, 2.948, 3.995, 4.57, 3.601, 3.238, 3.899, 4.521, 5.62, 6.278, 7.331, 5.893, 4.124, 4.165, 4.459, 4.503, 3.023, 1.795, 2.765, 2.957, 3.316, 3.932, 4.047, 4.061, 3.78, 4.235, 4.034, 3.704, 6.009, 7.921, 8.518, 8.377, 8.009, 7.28, 7.437, 8.008, 7.718, 7.844, 8.096, 8.128, 7.306, 6.955, 6.785, 6.341, 7.521, 8.141, 5.939, 5.293, 5.668, 4.053, 3.223, 4.613, 6.052, 6.109, 5.867, 5.531, 5.092, 4.671, 2.692, 2.307, 6.103, 8.855, 8.601, 7.103, 4.644, 2.364, 1.803, 2.395, 3.366, 4.15, 4.747, 3.102, 2.161, 3.407, 3.888, 4.376, 3.547, 2.316, 5.74, 7.151, 7.438, 8.312, 7.149, 6.506, 7.807, 7.831, 7.919, 8.891, 8.956, 8.83, 8.549, 8.491, 7.85, 6.935, 6.868, 7.633, 7.781, 7.131, 6.323, 7.356, 8.659, 11.35, 13.532, 13.007, 11.651, 11.464, 10.923, 9.286, 8.682, 9.195, 9.693, 9.453, 9.366, 10.511, 11.223, 11.187, 10.269, 9.626, 8.898, 7.913, 7.671, 7.336, 5.374, 4.06, 3.773, 3.977, 3.44, 3.258, 3.422, 2.575, 2.603, 2.68, 3.342, 4.837, 5.342, 4.849, 3.868, 3.545, 2.871, 2.181, 2.363, 2.816, 2.729, 2.031, 2.11, 2.244, 2.392, 2.359, 2.266, 2.85, 3.139, 2.661, 1.945, 2.264, 2.507, 2.388, 3.229, 4.093, 3.842, 3.194, 2.844, 2.794, 2.88, 4.739, 8.447, 8.201, 7.297, 6.859, 6.323, 6.721, 7.518, 7.052, 6.441, 6.498, 6.452, 6.603, 6.5], [3.552, 4.043, 3.595, 2.941, 3.676, 3.214, 3.609, 4.091, 3.91, 4.656, 4.594, 3.375, 2.147, 1.703, 2.471, 2.405, 2.408, 2.249, 2.246, 1.957, 2.026, 1.618, 1.038, 0.0, 1.214, 2.548, 4.14, 4.799, 4.592, 4.963, 5.533, 6.039, 6.542, 5.517, 3.788, 3.577, 4.535, 4.697, 3.689, 3.181, 4.232, 4.232, 4.898, 4.617, 3.725, 3.651, 4.222, 3.925, 2.424, 2.496, 3.038, 3.534, 3.015, 2.938, 2.622, 4.145, 4.819, 3.876, 3.565, 4.075, 4.73, 5.834, 6.521, 7.501, 6.072, 4.13, 4.451, 4.691, 4.454, 3.334, 2.02, 3.177, 3.137, 3.635, 4.124, 4.524, 4.462, 3.751, 4.208, 3.999, 3.588, 5.927, 7.83, 8.298, 8.146, 7.848, 7.0, 7.282, 7.917, 7.604, 7.753, 8.011, 8.054, 7.238, 6.791, 6.694, 6.093, 7.323, 7.903, 5.703, 5.066, 5.502, 3.789, 2.793, 4.347, 5.766, 5.718, 5.576, 5.092, 4.521, 4.274, 2.388, 2.135, 6.12, 8.604, 8.495, 6.975, 4.865, 2.349, 1.923, 2.531, 3.496, 4.284, 4.96, 3.378, 2.525, 3.446, 3.994, 4.598, 3.743, 2.28, 5.746, 7.069, 7.185, 8.151, 6.968, 6.454, 7.713, 7.773, 7.804, 8.799, 8.812, 8.725, 8.445, 8.495, 7.947, 7.017, 6.852, 7.472, 7.567, 7.093, 6.348, 7.319, 8.427, 11.064, 13.194, 12.754, 11.461, 11.304, 10.777, 9.126, 8.576, 9.025, 9.498, 9.249, 9.155, 10.42, 11.135, 11.059, 10.0, 9.5, 8.902, 7.874, 7.589, 7.118, 4.976, 3.81, 3.436, 3.681, 3.248, 2.935, 3.053, 2.337, 2.195, 2.273, 2.857, 4.295, 4.836, 4.348, 3.199, 3.036, 2.322, 1.622, 2.022, 2.578, 2.531, 2.197, 2.283, 2.259, 2.633, 2.459, 2.303, 2.946, 3.426, 2.739, 2.219, 2.087, 2.184, 2.175, 3.015, 3.86, 3.553, 2.771, 2.424, 2.375, 2.448, 4.61, 8.428, 8.183, 7.305, 6.85, 6.355, 6.795, 7.53, 7.094, 6.448, 6.423, 6.286, 6.498, 6.316], [3.169, 3.379, 2.943, 2.324, 3.356, 2.966, 3.676, 3.988, 3.967, 4.745, 4.599, 3.302, 2.086, 2.341, 2.918, 2.37, 2.738, 2.597, 2.229, 2.22, 2.679, 2.178, 1.726, 1.214, 0.0, 2.243, 3.688, 4.253, 4.043, 4.491, 5.184, 5.733, 6.124, 5.362, 3.828, 3.668, 4.515, 4.519, 3.541, 2.671, 3.622, 3.826, 4.527, 4.206, 3.326, 3.34, 3.779, 3.357, 2.055, 2.28, 2.389, 3.03, 2.507, 2.144, 2.292, 4.435, 5.162, 4.192, 3.626, 4.025, 5.026, 6.123, 6.817, 7.782, 6.343, 4.482, 4.835, 5.027, 4.71, 3.722, 2.113, 3.213, 3.097, 3.597, 3.984, 4.621, 4.498, 3.722, 3.787, 3.623, 3.29, 5.579, 7.492, 7.75, 7.775, 7.524, 6.756, 6.927, 7.579, 7.282, 7.415, 7.667, 7.718, 6.85, 6.453, 6.366, 5.818, 6.96, 7.445, 5.209, 4.684, 5.154, 3.415, 2.337, 3.948, 5.292, 5.387, 5.282, 4.812, 3.823, 3.461, 1.983, 1.857, 5.618, 8.318, 8.144, 6.666, 4.747, 2.195, 1.935, 2.831, 3.778, 4.662, 5.337, 3.534, 2.683, 3.629, 4.304, 4.83, 3.978, 2.224, 5.361, 6.711, 6.651, 7.808, 6.491, 6.319, 7.392, 7.402, 7.568, 8.394, 8.43, 8.39, 8.107, 8.18, 7.643, 6.982, 6.553, 7.089, 7.169, 6.559, 5.935, 6.734, 7.895, 10.722, 12.932, 12.511, 11.01, 11.004, 10.404, 8.754, 8.23, 8.663, 9.11, 8.894, 8.799, 10.083, 10.807, 10.676, 9.523, 8.9, 8.364, 7.397, 7.256, 6.876, 4.704, 3.045, 2.896, 3.172, 2.667, 2.309, 3.094, 2.372, 1.707, 1.886, 2.3, 3.86, 4.422, 3.757, 2.854, 2.794, 2.332, 1.628, 1.688, 1.907, 2.159, 2.358, 2.757, 2.574, 2.908, 2.872, 2.213, 2.978, 3.375, 2.847, 2.337, 1.835, 1.803, 1.629, 2.862, 3.612, 3.088, 2.254, 1.81, 1.743, 1.711, 4.371, 7.952, 7.694, 6.696, 6.278, 5.875, 6.266, 7.312, 6.485, 5.981, 5.923, 5.815, 6.101, 5.795], [4.394, 3.255, 2.895, 2.371, 2.491, 1.524, 1.893, 2.275, 2.634, 3.533, 3.311, 1.887, 1.759, 4.0, 4.664, 3.111, 4.429, 3.875, 1.975, 2.067, 3.626, 3.293, 2.693, 2.548, 2.243,