[[0.0, 0.97, 1.149, 2.382, 4.886, 4.76, 3.372, 3.188, 3.884, 4.258, 4.233, 3.47, 4.238, 6.338, 7.827, 7.286, 6.503, 5.886, 6.821, 8.243, 8.534, 10.038, 10.62, 10.273, 10.309, 9.971, 8.765, 9.372, 8.796, 6.392, 5.315, 5.271, 4.395, 5.607, 7.332, 8.312, 8.248, 8.16, 7.347, 6.427, 5.549, 5.559, 5.565, 5.259, 4.623, 3.728, 3.037, 3.61, 4.754, 7.515, 8.36, 7.443, 7.215, 7.66, 8.559, 10.64, 14.237, 14.391, 11.152, 9.721, 10.158, 11.673, 13.148, 14.271, 15.373, 13.908, 11.015, 9.794, 9.915, 9.278, 9.235, 10.341, 12.585, 10.877, 6.864, 6.641, 6.343, 6.644, 8.202, 8.41, 6.743, 6.582, 6.017, 5.412, 5.045, 4.465, 4.248, 3.875, 4.5, 5.231, 5.679, 6.072, 5.692, 6.859, 8.21, 8.294, 8.127, 9.963, 11.693, 11.361, 10.782, 12.518, 13.99, 12.768, 12.2, 12.573, 13.509, 13.626, 13.033, 12.287, 12.121, 12.107, 13.472, 13.676, 10.42, 8.221, 8.167, 9.208, 9.101, 8.887, 9.537, 10.41, 9.936, 10.254, 10.457, 10.707, 10.758, 11.86, 12.228, 12.33, 13.044, 12.981, 11.283, 10.043, 9.012, 7.687, 6.755, 7.018, 9.479, 10.062, 11.513, 11.819, 8.846, 6.125, 5.312, 3.687, 4.755, 6.221, 5.508, 4.832, 5.006, 3.84, 4.241, 4.34, 4.661, 5.069, 5.019, 5.648, 7.925, 10.05, 9.816, 9.463, 8.307, 8.016, 7.684, 6.224, 5.096, 5.768, 5.76, 6.199, 6.034, 5.136, 4.367, 3.888, 4.983, 5.759, 4.896, 3.775, 3.818, 4.952, 6.007, 6.424, 6.34, 6.791, 6.718, 5.984, 6.02, 5.598, 5.834, 5.354, 5.126, 5.543, 5.968, 4.497, 4.774, 5.278, 6.421, 5.626, 4.51, 5.463, 6.38, 6.798, 8.062, 7.796, 7.489, 8.868, 11.976, 12.54, 13.182, 14.337, 13.739, 13.412, 12.62, 12.727, 14.743, 15.737, 16.327, 15.887, 17.295, 17.171, 13.563, 11.986, 13.411, 13.08, 10.18, 9.42, 8.311, 7.527, 7.449], [0.97, 0.0, 0.832, 2.107, 4.681, 4.719, 3.481, 3.551, 4.064, 4.5, 4.431, 3.768, 4.347, 6.553, 7.986, 7.465, 6.689, 6.101, 6.978, 8.421, 8.673, 10.238, 10.858, 10.51, 10.546, 10.203, 8.892, 9.595, 8.993, 6.682, 5.542, 5.442, 4.563, 5.814, 7.596, 8.646, 8.622, 8.551, 7.778, 6.802, 5.91, 5.808, 5.779, 5.424, 4.892, 3.997, 3.288, 3.935, 5.05, 7.766, 8.758, 7.843, 7.624, 7.998, 8.856, 10.97, 14.476, 14.627, 11.375, 9.944, 10.408, 11.951, 13.396, 14.494, 15.607, 14.149, 11.291, 10.028, 10.149, 9.512, 9.483, 10.58, 12.808, 11.111, 7.068, 6.916, 6.496, 6.869, 8.431, 8.65, 6.987, 6.816, 6.27, 5.66, 5.282, 4.673, 4.524, 4.219, 4.803, 5.507, 5.929, 6.276, 5.863, 7.128, 8.466, 8.543, 8.353, 10.274, 11.964, 11.623, 11.029, 12.756, 14.216, 13.004, 12.434, 12.808, 13.739, 13.852, 13.272, 12.51, 12.361, 12.397, 13.712, 13.904, 10.648, 8.514, 8.396, 9.436, 9.34, 9.143, 9.771, 10.649, 10.17, 10.477, 10.705, 10.941, 10.998, 12.092, 12.452, 12.563, 13.315, 13.204, 11.505, 10.277, 9.256, 7.926, 7.017, 7.266, 9.702, 10.306, 11.767, 12.091, 9.074, 6.36, 5.482, 3.979, 5.009, 6.485, 5.795, 5.167, 5.206, 4.073, 4.568, 4.474, 4.658, 5.161, 5.287, 5.814, 8.233, 10.251, 10.031, 9.682, 8.698, 8.477, 7.916, 6.394, 5.318, 5.947, 5.941, 6.471, 6.389, 5.419, 4.642, 4.252, 5.376, 6.127, 5.229, 3.985, 4.017, 5.203, 6.265, 6.604, 6.539, 7.027, 6.991, 6.361, 6.319, 5.844, 6.125, 5.658, 5.381, 5.811, 6.12, 4.644, 4.966, 5.495, 6.677, 5.839, 4.829, 5.639, 6.528, 6.941, 8.308, 7.972, 7.676, 9.098, 12.23, 12.789, 13.456, 14.61, 14.001, 13.656, 12.855, 12.961, 14.971, 15.976, 16.567, 16.126, 17.534, 17.41, 13.802, 12.225, 13.639, 13.308, 10.341, 9.615, 8.519, 7.755, 7.679], [1.149, 0.832, 0.0, 2.229, 5.075, 5.225, 3.926, 3.918, 4.542, 4.925, 4.798, 3.817, 4.554, 6.926, 8.479, 7.911, 7.142, 6.434, 7.214, 8.549, 8.852, 10.442, 11.104, 10.762, 10.779, 10.39, 8.976, 9.718, 8.975, 6.699, 5.867, 5.892, 5.021, 6.249, 7.984, 9.009, 8.994, 8.89, 8.191, 7.208, 6.272, 6.171, 6.241, 5.935, 5.276, 4.358, 3.707, 4.081, 4.987, 7.567, 8.511, 7.606, 7.416, 7.764, 8.64, 10.733, 14.223, 14.373, 11.113, 9.671, 10.138, 11.701, 13.196, 14.251, 15.356, 13.937, 11.078, 9.83, 9.918, 9.273, 9.256, 10.32, 12.534, 10.87, 7.062, 7.09, 6.666, 6.897, 8.674, 8.901, 7.22, 7.031, 6.519, 5.923, 5.488, 4.949, 4.816, 4.449, 5.057, 5.824, 6.175, 6.537, 5.99, 6.955, 8.278, 8.382, 8.226, 10.107, 11.811, 11.459, 10.874, 12.544, 14.004, 12.755, 12.179, 12.575, 13.503, 13.628, 13.038, 12.287, 12.196, 12.217, 13.479, 13.656, 10.411, 8.334, 8.255, 9.285, 9.121, 8.887, 9.523, 10.424, 9.923, 10.228, 10.475, 10.686, 10.741, 11.872, 12.23, 12.283, 12.995, 12.978, 11.243, 10.022, 9.044, 7.761, 6.926, 7.1, 9.469, 10.125, 11.48, 11.887, 8.839, 6.178, 5.524, 4.023, 4.9, 6.28, 5.56, 5.034, 5.226, 4.379, 4.906, 4.951, 5.15, 5.622, 5.716, 6.335, 8.655, 10.699, 10.479, 10.134, 8.967, 8.821, 8.412, 6.851, 5.649, 6.372, 6.381, 6.855, 6.748, 5.862, 5.007, 4.629, 5.749, 6.488, 5.601, 4.436, 4.252, 5.201, 6.148, 6.627, 6.691, 7.018, 6.989, 6.514, 6.533, 6.151, 6.265, 5.856, 5.495, 5.734, 6.204, 4.889, 5.259, 5.489, 6.568, 5.873, 4.906, 5.658, 6.478, 6.851, 8.125, 7.781, 7.483, 8.916, 12.05, 12.683, 13.302, 14.456, 13.815, 13.435, 12.602, 12.737, 14.711, 15.722, 16.313, 15.872, 17.28, 17.156, 13.596, 11.974, 13.38, 13.047, 10.335, 9.751, 8.725, 8.036, 7.883], [2.382, 2.107, 2.229, 0.0, 2.986, 3.241, 2.332, 2.954, 4.009, 4.396, 4.979, 5.081, 5.929, 7.295, 8.222, 7.457, 6.616, 6.712, 8.135, 9.895, 10.145, 11.381, 11.653, 11.372, 11.393, 11.613, 10.49, 11.109, 10.866, 8.214, 6.171, 5.925, 5.001, 5.575, 6.678, 7.697, 7.632, 7.719, 6.79, 5.892, 5.462, 5.614, 5.634, 5.728, 5.426, 4.336, 3.884, 5.089, 6.761, 9.534, 10.456, 9.49, 9.296, 9.743, 10.652, 12.751, 16.371, 16.522, 13.226, 11.788, 12.223, 13.685, 15.137, 16.326, 17.445, 15.969, 13.03, 11.815, 11.917, 11.28, 11.229, 12.359, 14.609, 12.881, 8.97, 7.884, 7.822, 8.571, 9.512, 9.43, 7.798, 7.649, 7.071, 6.475, 6.295, 6.123, 5.737, 5.07, 5.523, 6.262, 6.791, 7.392, 7.674, 8.944, 10.229, 10.323, 10.096, 12.012, 13.683, 13.355, 12.774, 14.52, 16.033, 14.793, 14.231, 14.582, 15.537, 15.666, 15.04, 14.354, 14.239, 14.24, 15.607, 15.738, 12.521, 10.303, 10.281, 11.333, 11.239, 11.01, 11.618, 12.459, 11.981, 12.292, 12.495, 12.709, 12.76, 13.954, 14.326, 14.381, 15.111, 15.09, 13.307, 12.065, 11.014, 9.756, 8.793, 9.013, 11.51, 12.183, 13.575, 13.954, 10.87, 8.148, 7.234, 5.797, 6.729, 8.222, 7.551, 6.948, 6.983, 5.286, 4.975, 4.816, 4.899, 5.189, 5.148, 5.726, 7.741, 9.186, 8.889, 8.569, 7.982, 7.861, 7.719, 6.677, 5.957, 6.389, 6.3, 6.273, 5.647, 5.073, 4.183, 3.237, 4.341, 5.268, 4.713, 4.164, 5.383, 7.028, 8.132, 8.567, 8.37, 8.784, 8.908, 7.523, 7.288, 6.96, 7.217, 6.662, 6.981, 7.475, 7.553, 6.071, 5.798, 7.072, 8.51, 7.396, 6.453, 7.554, 8.375, 8.761, 10.073, 9.802, 9.449, 10.893, 14.012, 14.638, 15.23, 16.349, 15.727, 15.478, 14.716, 14.788, 16.853, 17.872, 18.462, 18.022, 19.429, 19.305, 15.719, 14.121, 15.485, 15.173, 12.055, 11.042, 9.621, 8.515, 8.534], [4.886, 4.681, 5.075, 2.986, 0.0, 1.169, 2.102, 3.308, 4.266, 5.642, 6.938, 7.796, 8.432, 7.657, 7.47, 6.786, 6.482, 7.529, 9.936, 12.031, 12.548, 13.341, 12.496, 11.977, 12.512, 13.389, 12.599, 13.423, 13.504, 10.791, 7.272, 6.716, 5.672, 4.515, 5.136, 5.888, 5.904, 6.012, 4.984, 4.232, 4.871, 4.775, 4.819, 5.036, 5.451, 4.844, 5.889, 7.241, 9.197, 12.228, 13.036, 11.98, 11.729, 12.254, 13.22, 15.323, 19.113, 19.265, 15.968, 14.531, 14.967, 16.422, 17.838, 19.062, 20.187, 18.651, 15.743, 14.498, 14.531, 13.868, 13.947, 15.096, 17.295, 15.571, 11.515, 10.145, 10.093, 11.054, 11.199, 10.161, 8.792, 8.42, 8.063, 7.676, 7.938, 8.226, 7.83, 6.843, 6.334, 6.597, 7.449, 8.787, 10.152, 11.546, 12.889, 12.923, 12.673, 14.589, 16.155, 15.874, 15.38, 17.21, 18.722, 17.432, 16.892, 17.254, 18.261, 18.324, 17.751, 17.064, 16.945, 16.901, 18.35, 18.432, 15.263, 12.978, 12.95, 14.035, 13.978, 13.757, 14.36, 15.172, 14.642, 14.953, 15.156, 15.322, 15.371, 16.696, 17.063, 17.123, 17.859, 17.833, 16.013, 14.761, 13.669, 12.419, 11.301, 11.571, 14.158, 14.774, 16.245, 16.606, 13.562, 10.775, 9.513, 8.103, 9.26, 10.937, 10.283, 9.468, 9.308, 7.342, 5.96, 4.921, 4.58, 4.902, 4.914, 4.703, 6.406, 7.505, 6.964, 6.834, 6.628, 6.51, 6.531, 7.068, 6.599, 6.701, 6.67, 5.411, 4.609, 4.223, 3.765, 3.276, 3.099, 3.823, 3.612, 5.109, 7.481, 9.647, 10.849, 11.191, 10.934, 11.389, 11.461, 10.049, 8.928, 9.04, 9.433, 8.708, 9.433, 10.15, 10.106, 8.327, 7.989, 9.663, 11.15, 10.12, 9.056, 10.054, 10.925, 11.438, 12.798, 12.539, 12.156, 13.505, 16.65, 17.223, 17.778, 18.869, 18.307, 18.22, 17.459, 17.53, 19.595, 20.614, 21.204, 20.764, 22.172, 22.048, 18.44, 16.863, 18.227, 17.915, 14.636, 12.739, 11.179, 9.218, 9.524], [4.76, 4.719, 5.225, 3.241, 1.169, 0.0, 1.965, 3.366, 3.983, 5.378, 6.764, 7.629, 8.266, 7.279, 6.93, 6.212, 5.894, 6.885, 9.657, 11.769, 12.396, 13.092, 11.72, 11.266, 11.947, 13.017, 12.328, 13.254, 13.337, 10.604, 6.935, 6.475, 5.218, 3.989, 4.722, 5.495, 5.526, 5.659, 4.586, 3.827, 4.329, 4.211, 4.228, 4.501, 4.762, 4.674, 5.746, 7.115, 9.048, 12.061, 12.926, 11.89, 11.656, 12.194, 13.112, 15.215, 18.947, 19.098, 15.802, 14.364, 14.824, 16.279, 17.671, 18.895, 20.02, 18.493, 15.59, 14.331, 14.374, 13.739, 13.78, 14.937, 17.128, 15.405, 11.349, 9.95, 9.915, 10.924, 10.914, 9.44, 8.244, 8.007, 7.552, 7.044, 7.743, 8.062, 7.673, 6.572, 5.758, 5.989, 6.862, 8.407, 10.022, 11.422, 12.739, 12.771, 12.526, 14.476, 16.017, 15.741, 15.245, 17.044, 18.555, 17.287, 16.747, 17.095, 18.094, 18.157, 17.584, 16.898, 16.778, 16.766, 18.183, 18.265, 15.097, 12.842, 12.783, 13.868, 13.811, 13.614, 14.193, 15.006, 14.497, 14.808, 15.011, 15.177, 15.226, 16.529, 16.897, 16.956, 17.716, 17.666, 15.851, 14.594, 13.505, 12.266, 11.145, 11.437, 14.01, 14.641, 16.116, 16.476, 13.403, 10.613, 9.362, 7.939, 9.096, 10.783, 10.14, 9.355, 9.206, 7.279, 5.649, 4.432, 4.015, 4.314, 4.318, 4.217, 5.97, 7.167, 6.63, 6.495, 6.207, 6.074, 6.066, 6.354, 5.875, 5.984, 5.98, 4.927, 4.142, 3.804, 3.35, 2.818, 2.591, 3.421, 3.031, 4.739, 7.199, 9.48, 10.702, 11.025, 10.755, 11.195, 11.325, 9.919, 8.698, 8.816, 9.216, 8.442, 9.271, 9.983, 9.939, 8.191, 7.85, 9.482, 10.991, 9.953, 8.913, 9.909, 10.767, 11.271, 12.631, 12.373, 11.989, 13.374, 16.483, 17.056, 17.663, 18.735, 18.167, 18.053, 17.292, 17.364, 19.428, 20.447, 21.038, 20.597, 22.005, 21.881, 18.273, 16.696, 18.06, 17.748, 14.478, 12.473, 10.595, 8.448, 8.689], [3.372, 3.481, 3.926, 2.332, 2.102, 1.965, 0.0, 1.804, 2.351, 3.776, 4.927, 5.754, 6.418, 6.046, 6.277, 5.543, 5.162, 5.765, 8.066, 10.133, 10.593, 11.512, 10.851, 10.435, 10.895, 11.679, 10.855, 11.467, 11.47, 8.772, 5.46, 4.946, 3.964, 3.555, 4.875, 5.862, 5.755, 5.721, 4.763, 3.909, 3.649, 3.778, 3.813, 3.864, 4.091, 3.357, 4.24, 5.586, 7.441, 10.337, 11.353, 10.35, 10.109, 10.444, 11.434, 13.471, 17.072, 17.223, 13.927, 12.489, 12.919, 14.387, 15.8, 17.021, 18.145, 16.644, 13.722, 12.485, 12.57, 11.933, 11.91, 13.054, 15.289, 13.564, 9.531, 8.172, 8.164, 9.124, 9.555, 8.555, 7.238, 6.936, 6.64, 6.08, 6.216, 6.454, 6.105, 5.395, 4.862, 5.184, 5.962, 7.069, 8.18, 9.597, 10.977, 10.965, 10.726, 12.652, 14.249, 13.96, 13.418, 15.191, 16.727, 15.487, 14.927, 15.275, 16.222, 16.336, 15.72, 15.029, 14.903, 14.881, 16.31, 16.434, 13.222, 10.941, 10.938, 11.993, 11.936, 11.806, 12.318, 13.155, 12.677, 12.988, 13.191, 13.372, 13.43, 14.655, 15.022, 15.091, 15.836, 15.791, 13.992, 12.761, 11.69, 10.435, 9.36, 9.641, 12.19, 12.827, 14.277, 14.572, 11.55, 8.78, 7.665, 6.198, 7.3, 8.901, 8.331, 7.698, 7.434, 5.671, 4.714, 4.115, 3.882, 4.139, 3.692, 3.762, 5.616, 7.168, 6.833, 6.547, 6.049, 6.027, 5.767, 5.583, 5.072, 5.168, 5.113, 4.351, 3.721, 3.368, 2.575, 1.954, 2.319, 3.241, 2.628, 3.341, 5.676, 7.617, 8.81, 9.157, 8.903, 9.341, 9.422, 8.156, 7.118, 7.101, 7.588, 7.013, 7.613, 8.215, 8.098, 6.448, 6.069, 7.673, 9.12, 8.08, 7.091, 8.174, 8.983, 9.409, 10.762, 10.498, 10.119, 11.565, 14.665, 15.238, 15.859, 16.931, 16.364, 16.178, 15.417, 15.489, 17.554, 18.572, 19.163, 18.722, 20.13, 20.006, 16.398, 14.821, 16.185, 15.873, 12.656, 10.946, 9.413, 7.53, 7.77], [3.188, 3.551, 3.918, 2.954, 3.308, 3.366, 1.804, 0.0, 1.818, 2.917, 3.893, 4.553, 5.218, 4.95, 5.404, 4.688, 4.071, 4.994, 7.187, 9.211, 9.539, 10.507, 10.108, 9.639, 10.095, 10.802, 9.86, 10.422, 10.301, 7.681, 4.543, 4.067, 3.061, 3.076, 4.904, 5.756, 5.371, 5.313, 4.518, 3.405, 2.763, 3.304, 3.183, 3.09, 3.21, 2.357, 3.387, 4.591, 6.38, 9.227, 10.385, 9.541, 9.256, 9.596, 10.489, 12.423, 15.886, 16.018, 12.735, 11.293, 11.837, 13.321, 14.672, 15.859, 16.941, 15.578, 12.661, 11.339, 11.436, 10.799, 10.764, 11.972, 14.139, 12.411, 8.396, 7.163, 7.211, 8.099, 8.754, 7.879, 6.471, 6.079, 5.867, 5.436, 5.371, 5.535, 5.24, 4.616, 4.182, 4.47, 5.249, 6.376, 7.206, 8.632, 9.87, 9.827, 9.626, 11.632, 13.196, 12.867, 12.293, 14.04, 15.581, 14.416, 13.759, 14.112, 15.067, 15.199, 14.589, 13.884, 13.799, 13.852, 15.181, 15.267, 12.017, 9.949, 9.832, 10.864, 10.771, 10.628, 11.114, 11.988, 11.515, 11.836, 12.026, 12.229, 12.319, 13.45, 13.817, 13.931, 14.75, 14.591, 12.837, 11.594, 10.561, 9.348, 8.34, 8.577, 11.063, 11.795, 13.225, 13.587, 10.4, 7.677, 6.675, 5.29, 6.308, 7.835, 7.372, 6.659, 6.402, 4.858, 4.162, 3.674, 3.385, 3.488, 3.031, 3.596, 5.35, 7.241, 7.186, 6.88, 6.009, 5.711, 5.218, 4.726, 4.382, 4.376, 4.377, 3.515, 3.255, 2.981, 2.226, 1.894, 2.273, 2.898, 2.193, 2.482, 4.767, 6.46, 7.702, 8.006, 7.784, 8.285, 8.42, 7.076, 6.227, 6.369, 6.718, 6.19, 6.545, 7.102, 6.997, 5.458, 5.058, 6.597, 8.072, 6.946, 6.03, 7.002, 7.806, 8.276, 9.595, 9.309, 8.969, 10.442, 13.515, 14.104, 14.722, 15.848, 15.256, 14.973, 14.212, 14.288, 16.349, 17.368, 17.958, 17.517, 18.925, 18.801, 15.205, 13.616, 15.001, 14.67, 11.51, 10.056, 8.566, 6.704, 7.034], [3.884, 4.064, 4.542, 4.009, 4.266, 3.983, 2.351, 1.818, 0.0, 1.879, 2.944, 3.707, 4.563, 4.277, 4.292, 3.575, 3.311, 3.898, 6.035, 8.103, 8.531, 9.291, 8.747, 8.478, 8.714, 9.426, 8.589, 9.347, 9.376, 6.703, 3.299, 3.034, 2.18, 2.574, 5.449, 6.522, 6.132, 5.666, 4.926, 3.717, 2.743, 2.816, 2.585, 2.355, 2.512, 1.793, 2.792, 3.886, 5.714, 8.61, 9.853, 9.107, 8.699, 9.165, 9.888, 11.826, 15.131, 15.193, 11.921, 10.5, 11.172, 12.636, 13.78, 15.003, 16.111, 14.874, 11.948, 10.441, 10.594, 9.979, 9.854, 11.194, 13.245, 11.502, 7.437, 6.071, 6.298, 7.364, 7.647, 6.602, 5.344, 5.049, 4.782, 4.211, 4.223, 4.409, 4.333, 3.635, 3.213, 3.603, 4.257, 5.206, 6.458, 7.972, 9.238, 8.915, 8.756, 10.946, 12.27, 12.008, 11.475, 13.211, 14.72, 13.689, 12.955, 13.242, 14.168, 14.292, 13.708, 13.09, 13.09, 13.179, 14.467, 14.348, 11.281, 9.242, 9.119, 10.071, 10.044, 10.085, 10.31, 11.069, 10.669, 11.063, 11.146, 11.41, 11.617, 12.722, 13.013, 13.216, 14.049, 13.707, 11.945, 10.713, 9.798, 8.516, 7.453, 7.773, 10.198, 11.107, 12.493, 12.845, 9.513, 6.803, 5.633, 4.429, 5.475, 7.122, 6.692, 6.068, 5.629, 4.029, 3.232, 3.266, 3.197, 3.28, 2.821, 3.428, 5.468, 7.743, 7.794, 7.658, 6.301, 5.708, 4.613, 3.706, 3.54, 3.25, 3.17, 2.828, 3.384, 3.111, 2.217, 2.276, 2.839, 3.372, 2.15, 1.361, 3.733, 5.754, 6.969, 7.316, 6.947, 7.451, 7.663, 6.509, 5.305, 5.222, 5.796, 5.208, 5.891, 6.422, 6.046, 4.455, 4.096, 5.661, 7.301, 6.265, 5.382, 6.351, 6.896, 7.464, 8.676, 8.412, 8.069, 9.581, 12.602, 13.176, 13.796, 14.895, 14.326, 14.093, 13.331, 13.403, 15.468, 16.487, 17.077, 16.637, 18.044, 17.92, 14.331, 12.74, 14.12, 13.788, 10.589, 8.746, 7.217, 5.567, 5.751], [4.258, 4.5, 4.925, 4.396, 5.642, 5.378, 3.776, 2.917, 1.879, 0.0, 1.638, 2.706, 3.283, 3.535, 4.091, 3.378, 2.646, 2.696, 4.8, 6.812, 7.201, 7.911, 7.531, 7.432, 7.288, 8.01, 7.206, 7.978, 7.984, 5.274, 2.131, 1.979, 1.648, 3.592, 6.641, 7.787, 7.43, 7.033, 6.288, 5.009, 3.833, 4.127, 3.524, 2.822, 2.524, 1.745, 2.22, 2.738, 4.593, 7.401, 8.72, 7.977, 7.574, 8.17, 8.737, 10.553, 13.815, 13.873, 10.519, 9.157, 9.914, 11.366, 12.441, 13.743, 14.855, 13.623, 10.701, 9.228, 9.206, 8.637, 8.543, 9.911, 11.806, 10.214, 6.045, 4.664, 4.94, 6.028, 6.349, 5.519, 4.116, 3.958, 3.618, 3.131, 2.994, 3.263, 3.049, 2.635, 2.684, 3.147, 3.351, 3.954, 5.206, 6.783, 7.915, 7.583, 7.473, 9.575, 10.829, 10.601, 10.136, 11.896, 13.444, 12.41, 11.532, 11.964, 12.966, 12.989, 12.397, 11.853, 11.847, 11.935, 13.227, 13.106, 9.992, 7.992, 7.857, 8.865, 8.796, 8.806, 8.962, 9.675, 9.414, 9.809, 9.878, 10.011, 10.285, 11.382, 11.766, 11.939, 12.731, 12.493, 10.577, 9.35, 8.477, 7.331, 6.263, 7.016, 9.007, 10.004, 11.211, 11.598, 8.244, 5.559, 4.598, 3.487, 4.209, 5.756, 5.465, 4.806, 4.275, 2.8, 2.469, 3.607, 4.176, 3.526, 3.222, 4.709, 6.804, 9.093, 9.158, 8.907, 7.543, 6.931, 5.209, 3.131, 3.163, 2.739, 2.613, 3.264, 4.465, 4.209, 3.001, 3.137, 4.073, 4.696, 3.448, 1.413, 2.602, 4.457, 5.737, 6.081, 5.762, 6.144, 6.439, 5.247, 4.163, 4.086, 4.618, 3.967, 4.585, 5.201, 4.716, 3.189, 2.795, 4.431, 6.059, 4.922, 4.173, 5.015, 5.591, 6.146, 7.319, 7.056, 6.732, 8.231, 11.17, 11.737, 12.335, 13.479, 12.996, 12.696, 12.004, 12.16, 14.111, 15.093, 15.679, 15.237, 16.704, 16.545, 13.126, 11.441, 12.721, 12.424, 9.176, 7.25, 5.858, 4.465, 4.539], [4.233, 4.431, 4.798, 4.979, 6.938, 6.764, 4.927, 3.893, 2.944, 1.638, 0.0, 1.966, 2.238, 2.932, 3.961, 3.787, 3.095, 2.304, 3.861, 5.711, 5.969, 6.926, 6.824, 6.756, 6.618, 7.045, 6.206, 6.742, 6.589, 3.955, 1.587, 1.556, 1.922, 4.79, 8.025, 9.162, 8.814, 8.439, 7.693, 6.293, 5.178, 5.393, 4.762, 3.537, 2.782, 2.386, 1.975, 2.261, 3.791, 6.388, 7.9, 7.217, 6.784, 7.4, 7.817, 9.334, 12.451, 12.453, 9.225, 7.948, 8.607, 10.07, 11.115, 12.373, 13.494, 12.266, 9.345, 7.906, 7.894, 7.333, 7.245, 8.582, 10.515, 8.918, 4.741, 3.482, 3.837, 4.89, 5.414, 4.853, 3.745, 3.578, 3.409, 2.841, 2.439, 2.354, 2.305, 2.233, 2.666, 2.96, 3.096, 3.264, 4.032, 5.781, 6.818, 6.296, 6.211, 8.426, 9.788, 9.405, 8.855, 10.577, 12.086, 11.084, 10.209, 10.66, 11.634, 11.695, 11.101, 10.509, 10.481, 10.557, 11.858, 11.796, 8.655, 6.776, 6.601, 7.501, 7.443, 7.657, 7.626, 8.346, 8.129, 8.464, 8.54, 8.668, 8.993, 10.018, 10.487, 10.723, 11.365, 11.166, 9.304, 7.992, 7.155, 6.033, 5.212, 6.005, 7.751, 9.044, 9.943, 10.255, 7.0, 4.455, 3.991, 2.715, 3.112, 4.579, 4.387, 3.871, 3.399, 2.18, 2.528, 4.046, 4.901, 4.394, 4.333, 5.909, 8.163, 10.388, 10.528, 10.271, 8.897, 8.315, 6.432, 3.76, 3.403, 3.088, 3.245, 4.515, 5.828, 5.607, 4.445, 4.502, 5.43, 6.042, 4.717, 2.302, 2.064, 3.129, 4.553, 4.708, 4.445, 4.843, 5.188, 4.083, 3.297, 3.235, 3.741, 3.242, 3.591, 4.178, 3.448, 2.086, 1.852, 3.438, 4.73, 3.768, 3.247, 4.066, 4.481, 4.978, 6.034, 5.682, 5.453, 6.944, 9.893, 10.413, 11.061, 12.247, 11.696, 11.376, 10.698, 10.821, 12.76, 13.748, 14.344, 13.908, 15.386, 15.194, 11.801, 10.123, 11.333, 11.054, 7.916, 6.381, 5.131, 3.789, 3.963], [3.47, 3.768, 3.817, 5.081, 7.796, 7.629, 5.754, 4.553, 3.707, 2.706, 1.966, 0.0, 1.513, 3.563, 5.35, 5.117, 4.437, 3.143, 3.953, 5.658, 5.737, 6.986, 7.489, 7.291, 7.196, 7.213, 6.051, 6.605, 6.05, 3.522, 2.429, 2.933, 3.064, 5.845, 8.992, 10.141, 9.758, 9.302, 8.557, 7.205, 6.111, 6.285, 5.631, 4.375, 3.334, 3.16, 2.27, 1.725, 2.948, 5.43, 6.836, 6.181, 5.797, 6.18, 6.7, 8.457, 11.47, 11.524, 8.289, 6.907, 7.636, 9.149, 10.323, 11.445, 12.528, 11.366, 8.506, 6.977, 7.088, 6.48, 6.363, 7.666, 9.661, 7.973, 4.11, 3.558, 3.743, 4.392, 5.54, 5.473, 4.129, 4.006, 3.719, 2.815, 2.291, 1.714, 1.889, 2.142, 2.91, 3.425, 3.395, 3.487, 3.443, 4.737, 5.926, 5.529, 5.397, 7.686, 8.995, 8.652, 8.092, 9.708, 11.202, 10.172, 9.405, 9.702, 10.64, 10.775, 10.201, 9.557, 9.558, 9.69, 10.85, 10.748, 7.634, 5.8, 5.631, 6.529, 6.466, 6.543, 6.731, 7.514, 7.11, 7.531, 7.618, 7.907, 8.106, 9.116, 9.46, 9.669, 10.459, 10.097, 8.354, 7.117, 6.3, 5.06, 4.217, 4.812, 6.713, 7.805, 8.956, 9.313, 5.961, 3.395, 3.22, 1.739, 2.271, 3.764, 3.452, 2.949, 2.781, 2.496, 3.341, 4.781, 5.582, 5.394, 5.27, 6.735, 8.994, 11.221, 11.338, 11.233, 9.795, 9.211, 7.301, 4.723, 4.134, 4.117, 4.265, 5.489, 6.737, 6.484, 5.41, 5.481, 6.421, 6.994, 5.709, 3.099, 1.616, 2.487, 3.498, 3.906, 3.822, 4.224, 4.356, 3.56, 3.496, 3.028, 3.507, 3.065, 3.048, 3.331, 2.937, 1.95, 1.889, 2.583, 3.884, 3.077, 2.438, 3.313, 3.692, 4.072, 5.226, 4.882, 4.649, 6.097, 9.154, 9.774, 10.397, 11.552, 10.921, 10.523, 9.701, 9.819, 11.803, 12.818, 13.408, 12.968, 14.376, 14.252, 10.714, 9.077, 10.471, 10.143, 7.434, 6.637, 5.242, 4.576, 4.441], [4.238, 4.347, 4.554, 5.929, 8.432, 8.266, 6.418, 5.218, 4.563, 3.283, 2.238, 1.513, 0.0, 2.741, 5.014, 5.268, 4.487, 2.889, 2.8, 4.428, 4.678, 5.991, 6.685, 6.346, 6.361, 6.133, 5.03, 5.526, 5.249, 2.9, 2.644, 3.022, 3.637, 6.589, 9.729, 10.857, 10.448, 9.944, 9.205, 7.863, 6.887, 6.95, 6.264, 5.013, 3.871, 3.796, 2.706, 1.47, 2.375, 4.636, 6.161, 5.582, 5.18, 5.769, 6.008, 7.482, 10.686, 10.842, 7.602, 6.207, 6.729, 8.311, 9.645, 10.764, 11.839, 10.488, 7.631, 6.278, 6.381, 5.744, 5.746, 6.884, 9.034, 7.343, 3.336, 2.785, 2.464, 3.182, 4.32, 4.535, 3.134, 2.977, 3.042, 2.707, 1.901, 1.537, 1.374, 2.05, 3.076, 3.428, 2.654, 2.223, 2.232, 3.929, 5.003, 4.786, 4.648, 6.686, 8.298, 7.885, 7.279, 8.995, 10.478, 9.317, 8.666, 9.048, 9.982, 10.114, 9.532, 8.779, 8.7, 8.786, 9.998, 10.111, 6.855, 4.938, 4.96, 5.742, 5.607, 5.657, 6.081, 6.965, 6.415, 6.728, 6.938, 7.176, 7.272, 8.328, 8.696, 8.837, 9.645, 9.449, 7.732, 6.509, 5.501, 4.247, 3.738, 4.97, 6.069, 7.342, 8.133, 8.439, 5.307, 2.92, 2.836, 1.88, 1.912, 2.887, 2.821, 2.238, 2.002, 2.493, 3.561, 5.238, 6.243, 6.005, 5.896, 7.441, 9.776, 12.148, 12.199, 11.953, 10.492, 9.853, 7.883, 5.422, 4.803, 4.774, 4.886, 6.183, 7.402, 7.154, 6.204, 6.166, 7.108, 7.798, 6.536, 3.963, 1.72, 1.596, 2.691, 2.893, 2.812, 3.312, 3.362, 2.57, 2.275, 2.196, 2.37, 2.028, 2.014, 2.445, 2.019, 1.303, 1.462, 1.954, 3.023, 2.133, 1.628, 2.411, 3.021, 3.242, 4.521, 4.191, 3.885, 5.368, 8.486, 9.054, 9.724, 10.878, 10.252, 9.889, 9.086, 9.193, 11.178, 12.182, 12.772, 12.332, 13.739, 13.615, 10.039, 8.431, 9.846, 9.529, 6.511, 5.511, 4.271, 3.744, 3.505], [6.338, 6.553, 6.926, 7.295, 7.657, 7.279, 6.046, 4.95, 4.277, 3.535, 2.932, 3.563, 2.741, 0.0, 2.838, 3.84, 2.929, 2.047, 2.825, 5.179, 5.541, 6.388, 5.342, 4.84, 5.616, 6.609, 5.733, 6.401, 6.391, 3.857, 2.23, 2.434, 3.212, 5.395, 8.518, 9.646, 9.202, 8.678, 7.888, 6.555, 5.605, 5.73, 5.075, 3.76, 2.809, 3.411, 3.723, 3.193, 3.968, 6.082, 7.528, 7.022, 6.758, 7.31, 7.403, 8.707, 12.055, 12.148, 8.889, 7.52, 8.052, 9.555, 10.772, 11.936, 13.062, 11.706, 8.817, 7.38, 7.509, 6.885, 6.926, 8.075, 10.193, 8.452, 4.4, 3.104, 3.277, 4.303, 4.667, 3.204, 2.601, 2.601, 2.894, 3.012, 2.82, 3.243, 2.825, 3.134, 2.985, 2.441, 1.873, 2.267, 3.403, 5.305, 6.326, 5.861, 5.844, 7.842, 9.37, 8.953, 8.393, 10.135, 11.606, 10.516, 9.886, 10.17, 11.148, 11.212, 10.644, 9.991, 9.941, 10.006, 11.35, 11.306, 8.235, 6.229, 6.444, 7.053, 7.129, 7.132, 7.421, 8.23, 7.617, 7.936, 8.082, 8.322, 8.485, 9.675, 9.98, 10.142, 10.928, 10.706, 8.918, 7.647, 6.729, 5.353, 4.903, 6.578, 7.304, 8.778, 9.503, 9.664, 6.528, 4.471, 4.348, 3.893, 3.761, 4.231, 4.528, 3.601, 3.381, 3.426, 3.671, 4.447, 5.137, 4.791, 4.72, 6.115, 8.413, 10.764, 10.844, 10.72, 9.228, 8.563, 6.576, 4.627, 4.282, 4.042, 4.163, 4.92, 6.19, 5.9, 5.413, 5.807, 5.983, 6.462, 5.477, 3.954, 3.488, 3.195, 4.012, 4.191, 3.873, 4.44, 4.499, 3.419, 2.339, 2.663, 2.944, 2.667, 3.165, 3.951, 3.279, 2.555, 2.127, 3.286, 4.154, 3.357, 3.223, 4.083, 4.445, 4.543, 5.673, 5.413, 5.102, 6.468, 9.557, 10.122, 10.751, 11.892, 11.297, 11.094, 10.332, 10.404, 12.469, 13.488, 14.078, 13.638, 15.046, 14.921, 11.313, 9.737, 11.103, 10.789, 7.547, 5.759, 4.059, 2.032, 2.463], [7.827, 7.986, 8.479, 8.222, 7.47, 6.93, 6.277, 5.404, 4.292, 4.091, 3.961, 5.35, 5.014, 2.838, 0.0, 1.719, 1.984, 2.802, 4.859, 6.983, 7.437, 8.07, 6.392, 5.541, 6.775, 7.92, 7.249, 8.271, 8.345, 5.686, 3.492, 3.329, 3.986, 4.082, 6.454, 7.567, 7.161, 6.668, 5.927, 4.51, 3.902, 3.923, 3.251, 2.818, 3.507, 4.236, 4.85, 5.148, 6.32, 8.779, 10.266, 9.58, 9.191, 9.872, 10.159, 11.378, 14.225, 14.371, 11.222, 10.062, 10.568, 12.086, 12.84, 13.998, 15.195, 13.945, 11.033, 9.463, 9.592, 9.114, 9.067, 10.447, 12.241, 10.412, 6.421, 5.043, 5.471, 6.726, 6.269, 4.495, 4.249, 4.196, 4.304, 4.265, 4.673, 4.706, 4.725, 4.746, 4.186, 3.521, 3.564, 4.365, 6.107, 8.072, 9.047, 8.075, 8.094, 10.286, 11.612, 11.153, 10.59, 12.259, 13.728, 12.764, 12.044, 12.234, 13.192, 13.261, 12.719, 12.17, 12.2, 12.354, 13.612, 13.273, 10.514, 8.86, 9.009, 9.462, 9.479, 9.862, 9.894, 10.488, 10.01, 10.147, 10.155, 10.45, 10.694, 11.882, 12.362, 12.624, 13.153, 12.689, 10.927, 9.706, 8.813, 7.803, 7.273, 8.552, 9.771, 11.425, 12.124, 11.974, 8.813, 6.686, 6.451, 5.742, 5.63, 6.857, 7.06, 6.172, 5.693, 4.725, 4.444, 4.747, 4.548, 4.109, 3.957, 4.386, 6.358, 8.445, 8.707, 8.613, 7.19, 6.583, 4.625, 3.883, 4.46, 3.768, 3.762, 3.705, 4.653, 4.588, 4.828, 5.592, 5.169, 4.794, 4.532, 4.224, 4.963, 5.39, 6.672, 6.406, 5.998, 6.568, 6.94, 6.133, 4.692, 5.036, 5.53, 4.817, 5.834, 6.596, 5.579, 4.227, 4.155, 5.57, 6.631, 6.089, 5.76, 6.611, 6.796, 7.098, 7.653, 7.419, 7.363, 8.588, 11.491, 12.067, 12.658, 13.741, 13.207, 13.061, 12.3, 12.371, 14.436, 15.455, 16.046, 15.605, 17.013, 16.889, 13.309, 11.738, 13.122, 12.756, 9.477, 7.468, 5.51, 3.258, 4.151], [7.286, 7.465, 7.911, 7.457, 6.786, 6.212, 5.543, 4.688, 3.575, 3.378, 3.787, 5.117, 5.268, 3.84, 1.719, 0.0, 1.444, 3.112, 5.987, 7.976, 8.468, 9.165, 7.499, 6.474, 7.799, 9.03, 8.415, 9.364, 9.396, 6.725, 3.757, 3.534, 3.438, 3.065, 5.257, 6.414, 5.95, 5.614, 4.869, 3.535, 2.779, 2.847, 2.491, 2.363, 3.272, 3.672, 4.919, 5.188, 6.957, 9.525, 11.061, 10.321, 9.937, 10.587, 10.93, 12.388, 15.228, 15.38, 12.285, 11.049, 11.641, 13.046, 13.945, 15.032, 16.254, 15.039, 12.114, 10.587, 10.592, 10.008, 10.022, 11.499, 13.283, 11.57, 7.445, 6.274, 6.609, 7.863, 7.467, 5.593, 5.071, 4.974, 4.786, 4.434, 4.965, 4.952, 5.155, 4.984, 4.197, 3.858, 4.226, 5.289, 7.078, 8.915, 9.86, 9.14, 9.053, 11.401, 12.794, 12.374, 11.602, 13.334, 14.718, 13.882, 13.135, 13.452, 14.328, 14.328, 13.763, 13.27, 13.293, 13.455, 14.677, 14.475, 11.552, 9.839, 9.698, 10.376, 10.456, 10.773, 10.804, 11.344, 11.01, 11.234, 11.26, 11.508, 11.831, 13.015, 13.5, 13.776, 14.258, 13.867, 12.024, 10.797, 9.903, 8.902, 8.058, 9.087, 10.626, 12.127, 12.985, 13.072, 9.829, 7.373, 6.914, 5.86, 6.1, 7.627, 7.679, 6.969, 6.43, 5.092, 4.519, 4.595, 4.162, 3.372, 3.187, 3.588, 5.236, 7.404, 7.618, 7.489, 6.089, 5.511, 3.679, 3.352, 3.911, 3.302, 3.136, 2.812, 3.696, 3.675, 4.067, 4.772, 4.271, 3.861, 3.656, 3.629, 4.742, 6.097, 7.626, 7.504, 7.095, 7.56, 8.135, 7.173, 5.7, 5.962, 6.534, 5.8, 6.612, 7.35, 6.292, 4.904, 4.787, 6.461, 7.661, 6.872, 6.327, 7.15, 7.574, 7.995, 8.86, 8.445, 8.263, 9.677, 12.575, 13.139, 13.822, 14.929, 14.371, 14.166, 13.469, 13.565, 15.517, 16.581, 17.152, 16.706, 18.152, 18.02, 14.504, 12.876, 14.194, 13.845, 10.647, 8.569, 6.717, 4.299, 5.066], [6.503, 6.689, 7.142, 6.616, 6.482, 5.894, 5.162, 4.071, 3.311, 2.646, 3.095, 4.437, 4.487, 2.929, 1.984, 1.444, 0.0, 2.273, 5.097, 7.151, 7.737, 8.392, 6.719, 6.022, 7.028, 8.257, 7.602, 8.593, 8.668, 5.983, 3.164, 2.981, 2.897, 3.291, 6.15, 7.277, 6.834, 6.341, 5.597, 4.17, 3.253, 3.391, 2.817, 2.176, 2.635, 2.906, 4.085, 4.465, 6.262, 8.841, 10.359, 9.637, 9.189, 9.83, 10.218, 11.482, 14.38, 14.681, 11.536, 10.271, 10.736, 12.124, 13.186, 14.278, 15.48, 14.154, 11.238, 9.774, 9.902, 9.259, 9.338, 10.629, 12.526, 10.736, 6.68, 5.446, 5.758, 6.95, 6.59, 4.78, 4.294, 4.12, 4.126, 3.652, 4.254, 4.21, 4.355, 4.182, 3.373, 3.11, 3.533, 4.433, 6.197, 8.123, 9.096, 8.403, 8.344, 10.5, 12.01, 11.562, 10.755, 12.488, 13.902, 12.992, 12.367, 12.63, 13.527, 13.528, 12.947, 12.453, 12.434, 12.599, 13.818, 13.6, 10.687, 8.961, 9.028, 9.604, 9.579, 9.921, 10.039, 10.711, 10.118, 10.374, 10.405, 10.734, 10.977, 12.223, 12.642, 12.883, 13.414, 13.011, 11.276, 9.975, 8.979, 7.982, 7.386, 8.272, 9.874, 11.452, 12.142, 12.213, 9.034, 6.748, 6.453, 5.061, 5.327, 6.906, 6.948, 6.242, 5.785, 4.41, 3.729, 3.862, 3.821, 2.891, 2.838, 3.982, 6.023, 8.193, 8.408, 8.321, 6.854, 6.26, 4.372, 3.198, 3.53, 2.934, 2.611, 2.732, 3.854, 3.673, 3.684, 4.177, 4.131, 4.166, 3.581, 2.942, 4.062, 5.437, 6.753, 6.644, 6.199, 6.753, 7.221, 6.253, 4.81, 5.131, 5.635, 4.931, 5.899, 6.605, 5.746, 4.198, 4.147, 5.746, 6.778, 6.143, 5.769, 6.583, 6.871, 7.23, 8.004, 7.705, 7.508, 8.866, 11.821, 12.39, 13.011, 14.084, 13.517, 13.385, 12.623, 12.705, 14.76, 15.779, 16.369, 15.929, 17.337, 17.213, 13.644, 12.051, 13.43, 13.08, 9.818, 7.821, 5.91, 3.635, 4.263], [5.886, 6.101, 6.434, 6.712, 7.529, 6.885, 5.765, 4.994, 3.898, 2.696, 2.304, 3.143, 2.889, 2.047, 2.802, 3.112, 2.273, 0.0, 3.217, 5.349, 5.801, 6.503, 5.327, 4.948, 5.464, 6.604, 5.806, 6.698, 6.71, 4.126, 1.919, 2.248, 2.591, 4.92, 8.036, 9.164, 8.72, 8.308, 7.563, 6.137, 5.122, 5.29, 4.697, 3.375, 2.429, 3.058, 3.18, 3.056, 4.709, 7.045, 8.596, 8.019, 7.62, 8.256, 8.51, 9.709, 12.377, 12.719, 9.578, 8.378, 8.878, 10.327, 11.201, 12.266, 13.462, 12.129, 9.215, 7.808, 7.797, 7.383, 7.555, 8.664, 10.493, 8.821, 4.796, 3.623, 3.753, 5.064, 4.782, 3.3, 2.861, 2.92, 2.912, 2.569, 2.89, 2.979, 2.936, 2.971, 2.352, 2.543, 2.438, 2.961, 4.454, 6.43, 7.242, 6.45, 6.552, 8.602, 10.162, 9.63, 8.905, 10.538, 11.937, 10.994, 10.303, 10.67, 11.649, 11.571, 11.027, 10.439, 10.386, 10.565, 11.822, 11.728, 8.778, 7.15, 7.388, 7.794, 7.801, 8.14, 8.214, 8.926, 8.315, 8.359, 8.491, 8.666, 8.937, 10.14, 10.803, 10.949, 11.343, 11.12, 9.243, 8.018, 7.01, 6.166, 5.793, 6.913, 8.138, 9.802, 10.416, 10.165, 7.289, 5.147, 4.932, 3.69, 3.857, 5.09, 5.319, 4.579, 4.148, 3.52, 2.994, 3.818, 4.64, 4.308, 4.261, 5.783, 7.972, 10.234, 10.388, 10.224, 8.797, 8.214, 6.228, 3.76, 3.369, 3.05, 2.946, 4.424, 5.76, 5.555, 4.804, 4.919, 5.519, 5.998, 4.802, 3.092, 2.711, 3.697, 4.967, 4.622, 4.272, 4.816, 5.281, 4.47, 3.148, 3.485, 3.939, 3.41, 4.176, 4.983, 4.047, 2.777, 2.581, 4.096, 4.96, 4.265, 3.944, 4.791, 5.273, 5.428, 6.1, 5.749, 5.712, 6.891, 9.864, 10.442, 11.058, 12.209, 11.641, 11.419, 10.722, 10.818, 12.793, 13.834, 14.406, 13.962, 15.405, 15.273, 11.757, 10.128, 11.431, 11.113, 7.882, 5.947, 4.097, 2.347, 2.907], [6.821, 6.978, 7.214, 8.135, 9.936, 9.657, 8.066, 7.187, 6.035, 4.8, 3.861, 3.953, 2.8, 2.825, 4.859, 5.987, 5.097, 3.217, 0.0, 2.473, 2.908, 3.801, 4.214, 4.095, 3.98, 3.927, 3.021, 3.7, 3.697, 2.335, 3.577, 4.124, 5.221, 8.047, 11.18, 12.308, 11.865, 11.33, 10.586, 9.159, 8.256, 8.366, 7.728, 6.396, 5.279, 5.424, 4.562, 3.49, 3.349, 4.892, 5.994, 5.997, 5.72, 6.165, 5.946, 6.873, 9.516, 9.882, 6.795, 5.654, 6.141, 7.526, 8.345, 9.263, 10.472, 9.125, 6.213, 4.762, 4.953, 4.717, 4.76, 5.913, 7.526, 5.749, 2.239, 1.513, 1.291, 2.314, 2.245, 2.533, 2.534, 2.849, 3.531, 3.542, 2.816, 3.146, 3.211, 3.764, 4.39, 4.524, 3.282, 1.497, 2.011, 4.018, 4.659, 3.715, 3.933, 5.794, 7.321, 6.754, 6.036, 7.591, 8.963, 8.047, 7.415, 7.693, 8.639, 8.552, 8.084, 7.505, 7.423, 7.679, 8.867, 8.62, 6.12, 4.869, 5.103, 5.403, 5.739, 5.562, 5.668, 6.149, 5.544, 5.523, 5.484, 5.781, 6.017, 7.278, 7.937, 8.057, 8.469, 8.016, 6.272, 5.075, 4.599, 3.548, 3.511, 5.136, 5.533, 7.361, 7.797, 7.191, 4.609, 3.367, 3.62, 3.891, 3.264, 2.937, 3.782, 3.383, 3.128, 4.076, 5.025, 6.618, 7.665, 7.399, 7.276, 8.792, 11.054, 13.195, 13.432, 13.346, 11.87, 11.255, 9.272, 6.842, 6.219, 6.066, 5.893, 7.535, 8.831, 8.56, 7.624, 7.622, 8.547, 9.117, 7.896, 5.311, 3.665, 2.454, 2.47, 1.931, 1.703, 2.104, 2.57, 2.205, 1.815, 1.888, 1.632, 2.279, 2.159, 2.694, 1.841, 2.544, 2.609, 2.332, 2.29, 2.308, 2.677, 3.23, 3.201, 2.823, 3.054, 2.8, 2.84, 4.026, 6.838, 7.435, 8.049, 9.161, 8.564, 8.396, 7.634, 7.706, 9.771, 10.79, 11.38, 10.94, 12.348, 12.224, 8.627, 7.053, 8.441, 8.091, 4.825, 3.069, 1.991, 2.477, 2.154], [8.243, 8.421, 8.549, 9.895, 12.031, 11.769, 10.133, 9.211, 8.103, 6.812, 5.711, 5.658, 4.428, 5.179, 6.983, 7.976, 7.151, 5.349, 2.473, 0.0, 1.451, 2.291, 3.366, 3.361, 2.937, 2.161, 1.704, 2.054, 2.329, 2.834, 5.664, 6.086, 7.294, 10.076, 13.081, 14.263, 13.783, 13.4, 12.655, 11.23, 10.188, 10.4, 9.814, 8.465, 7.391, 7.373, 6.313, 4.984, 4.402, 5.393, 6.429, 6.605, 6.223, 6.412, 5.913, 6.13, 8.13, 8.365, 5.433, 5.543, 6.117, 6.869, 7.29, 7.579, 8.694, 7.41, 4.499, 4.217, 4.39, 4.797, 5.166, 5.431, 6.107, 4.527, 2.741, 2.822, 2.312, 2.408, 1.761, 3.451, 4.273, 4.769, 5.531, 5.6, 4.441, 4.593, 4.621, 5.423, 6.461, 6.594, 5.382, 3.456, 3.03, 4.653, 4.879, 3.804, 4.088, 4.854, 5.884, 5.091, 5.016, 6.325, 7.153, 6.588, 6.083, 6.587, 7.238, 7.023, 6.735, 6.44, 6.448, 6.748, 7.277, 7.027, 6.059, 5.58, 5.742, 5.956, 6.27, 6.031, 6.094, 5.789, 5.114, 5.289, 4.431, 4.822, 5.451, 5.981, 6.884, 6.611, 6.758, 6.127, 4.949, 4.943, 4.748, 4.203, 4.657, 5.685, 5.851, 7.577, 7.72, 6.346, 5.051, 4.256, 4.691, 5.07, 4.49, 3.958, 4.836, 4.67, 4.304, 5.48, 6.86, 8.693, 9.72, 9.394, 9.335, 10.871, 13.046, 15.246, 15.462, 15.326, 13.889, 13.297, 11.323, 8.812, 8.152, 8.029, 7.932, 9.497, 10.863, 10.633, 9.638, 9.59, 10.47, 11.077, 9.912, 7.399, 4.869, 3.79, 3.194, 2.574, 2.187, 1.934, 2.106, 2.864, 3.465, 3.229, 3.125, 3.604, 3.282, 3.34, 2.971, 4.131, 4.352, 3.649, 2.873, 3.047, 3.904, 4.068, 3.68, 2.95, 3.04, 2.564, 2.826, 2.616, 4.798, 5.367, 6.03, 7.144, 6.586, 6.4, 5.706, 5.798, 7.751, 8.882, 9.417, 9.006, 10.386, 10.254, 6.737, 5.26, 6.485, 6.078, 2.922, 1.762, 2.169, 4.189, 3.573], [8.534, 8.673, 8.852, 10.145, 12.548, 12.396, 10.593, 9.539, 8.531, 7.201, 5.969, 5.737, 4.678, 5.541, 7.437, 8.468, 7.737, 5.801, 2.908, 1.451, 0.0, 1.91, 3.347, 3.751, 3.204, 2.169, 1.657, 1.411, 1.684, 2.987, 6.015, 6.487, 7.68, 10.585, 13.623, 14.83, 14.39, 14.054, 13.31, 11.883, 10.778, 11.037, 10.405, 9.122, 7.996, 7.929, 6.745, 5.412, 5.01, 5.935, 6.932, 7.164, 6.781, 6.93, 6.467, 6.814, 8.765, 8.965, 5.953, 5.943, 6.672, 7.542, 7.84, 8.112, 9.264, 7.853, 4.809, 4.608, 4.821, 5.239, 5.454, 5.951, 6.522, 4.896, 3.054, 2.963, 2.754, 2.795, 2.653, 3.984, 4.967, 5.488, 6.179, 6.26, 5.029, 4.871, 5.06, 5.997, 7.114, 7.246, 5.998, 4.061, 3.565, 5.222, 5.424, 4.211, 4.533, 5.526, 6.491, 5.761, 5.614, 6.908, 7.759, 7.291, 6.6, 7.146, 7.807, 7.519, 7.282, 6.944, 7.106, 7.377, 7.932, 7.246, 6.516, 6.164, 6.255, 6.419, 6.741, 6.534, 6.487, 6.191, 5.62, 5.78, 4.968, 5.288, 5.931, 6.442, 7.457, 7.266, 7.418, 6.314, 5.345, 5.265, 5.009, 4.799, 5.174, 6.087, 6.264, 8.114, 8.278, 6.929, 5.358, 4.697, 5.12, 5.529, 4.934, 4.42, 5.348, 5.026, 4.629, 5.84, 7.504, 9.295, 10.332, 10.023, 9.957, 11.47, 13.673, 15.692, 16.008, 15.889, 14.523, 13.942, 11.945, 9.375, 8.736, 8.574, 8.486, 10.092, 11.463, 11.224, 10.177, 10.195, 11.075, 11.665, 10.432, 7.844, 5.379, 4.035, 3.602, 3.074, 2.512, 2.484, 2.529, 3.11, 4.0, 3.689, 3.576, 4.15, 3.609, 3.756, 3.305, 4.349, 4.641, 3.986, 3.324, 3.219, 4.185, 4.63, 4.039, 3.396, 3.319, 2.825, 3.137, 3.242, 4.505, 5.037, 5.436, 6.539, 6.169, 5.841, 5.391, 5.48, 7.182, 8.646, 8.903, 8.556, 9.792, 9.775, 6.629, 5.664, 6.479, 5.682, 2.871, 2.141, 2.561, 4.651, 4.115], [10.038, 10.238, 10.442, 11.381, 13.341, 13.092, 11.512, 10.507, 9.291, 7.911, 6.926, 6.986, 5.991, 6.388, 8.07, 9.165, 8.392, 6.503, 3.801, 2.291, 1.91, 0.0, 2.823, 3.845, 2.539, 1.668, 2.118, 1.652, 2.616, 4.424, 6.636, 7.253, 8.395, 11.205, 14.294, 15.471, 15.072, 14.727, 13.984, 12.561, 11.477, 11.723, 11.092, 9.782, 8.702, 8.681, 7.712, 6.606, 6.459, 7.078, 7.87, 8.168, 7.883, 7.694, 6.923, 6.816, 8.633, 8.805, 6.297, 6.711, 7.0, 7.609, 7.848, 7.922, 8.909, 7.759, 5.021, 5.513, 5.833, 6.362, 6.352, 6.71, 6.537, 5.211, 4.18, 3.931, 3.886, 4.067, 2.391, 4.321, 5.59, 6.062, 6.833, 6.897, 5.884, 6.213, 6.305, 6.828, 7.777, 7.91, 6.661, 4.841, 4.947, 6.22, 6.48, 5.211, 5.159, 5.679, 6.414, 5.483, 5.696, 6.906, 7.538, 7.172, 6.596, 6.993, 7.572, 7.322, 7.235, 7.184, 7.177, 7.514, 7.872, 7.121, 7.039, 7.339, 7.363, 7.187, 7.597, 7.432, 7.341, 6.279, 6.181, 6.237, 5.366, 5.97, 6.605, 6.86, 7.565, 7.129, 7.172, 5.899, 5.573, 5.861, 5.838, 6.012, 6.547, 7.126, 6.989, 8.553, 8.522, 7.189, 6.238, 6.072, 6.468, 7.172, 6.597, 5.931, 6.784, 6.664, 6.214, 7.3, 8.239, 9.958, 10.966, 10.67, 10.621, 12.133, 14.322, 16.301, 16.633, 16.509, 15.166, 14.611, 12.614, 10.006, 9.388, 9.201, 9.108, 10.725, 12.11, 11.883, 10.734, 10.847, 11.736, 12.311, 11.042, 8.445, 6.54, 5.596, 5.106, 4.386, 4.034, 3.857, 4.079, 4.321, 4.683, 4.699, 4.603, 5.107, 5.208, 5.145, 4.546, 5.778, 5.753, 5.434, 4.75, 4.692, 5.731, 5.905, 5.008, 4.453, 4.039, 3.85, 4.097, 3.356, 3.894, 4.362, 4.853, 5.839, 5.702, 5.183, 4.729, 4.933, 6.495, 8.032, 8.316, 8.068, 9.202, 9.135, 6.147, 5.158, 5.96, 5.032, 2.503, 2.206, 2.661, 5.308, 4.761], [10.62, 10.858, 11.104, 11.653, 12.496, 11.72, 10.851, 10.108, 8.747, 7.531, 6.824, 7.489, 6.685, 5.342, 6.392, 7.499, 6.719, 5.327, 4.214, 3.366, 3.347, 2.823, 0.0, 1.814, 1.553, 2.245, 3.36, 3.74, 4.289, 4.859, 5.964, 6.363, 7.335, 9.553, 12.456, 13.575, 13.225, 12.846, 12.108, 10.747, 9.661, 9.912, 9.279, 8.038, 7.219, 8.074, 7.968, 7.068, 7.293, 8.588, 9.564, 9.744, 9.334, 9.363, 8.866, 8.827, 10.292, 10.453, 8.2, 8.546, 9.071, 9.66, 9.801, 9.672, 10.44, 9.661, 7.091, 7.185, 7.46, 7.901, 8.025, 8.554, 8.567, 7.222, 5.433, 4.145, 4.741, 5.335, 3.458, 3.19, 4.411, 5.001, 5.584, 5.746, 5.872, 6.551, 6.585, 6.97, 6.404, 6.252, 5.316, 4.767, 5.953, 7.839, 8.064, 6.816, 6.972, 7.687, 8.099, 6.984, 7.6, 8.883, 9.238, 8.863, 8.653, 8.945, 9.298, 9.096, 9.138, 9.275, 9.262, 9.624, 9.971, 9.381, 9.018, 8.802, 8.901, 9.057, 9.39, 9.183, 9.058, 8.218, 8.045, 8.19, 7.258, 7.646, 8.445, 8.802, 9.592, 8.807, 8.826, 7.531, 7.577, 7.665, 7.701, 7.331, 7.533, 8.695, 8.833, 10.513, 10.605, 9.248, 7.924, 7.11, 7.391, 7.726, 7.221, 6.787, 7.716, 7.334, 6.713, 7.487, 7.528, 8.418, 9.101, 8.788, 8.803, 10.211, 12.387, 14.403, 14.705, 14.528, 13.219, 12.671, 10.684, 8.075, 7.61, 7.477, 7.406, 8.769, 10.177, 10.028, 9.158, 9.504, 9.949, 10.362, 9.412, 7.905, 7.027, 6.288, 5.967, 5.524, 4.831, 4.767, 4.858, 4.929, 4.838, 5.053, 5.226, 5.338, 5.87, 6.248, 5.538, 6.308, 6.014, 6.179, 5.786, 5.49, 6.442, 7.056, 6.602, 6.003, 5.762, 5.399, 5.652, 5.342, 5.648, 5.972, 6.619, 7.781, 7.419, 7.125, 6.655, 6.912, 8.727, 10.094, 10.494, 10.49, 11.401, 11.096, 7.858, 6.62, 7.439, 7.055, 4.48, 3.203, 2.751, 3.742, 3.362], [10.273, 10.51, 10.762, 11.372, 11.977, 11.266, 10.435, 9.639, 8.478, 7.432, 6.756, 7.291, 6.346, 4.84, 5.541, 6.474, 6.022, 4.948, 4.095, 3.361, 3.751, 3.845, 1.814, 0.0, 1.89, 3.293, 3.801, 4.478, 5.073, 4.978, 6.024, 6.211, 7.212, 8.883, 11.359, 12.379, 11.841, 11.469, 10.822, 9.428, 8.405, 8.674, 8.145, 7.12, 6.676, 7.652, 7.681, 6.711, 7.022, 8.429, 9.46, 9.604, 9.185, 9.305, 8.876, 9.2, 10.997, 11.224, 8.427, 8.521, 9.206, 9.98, 10.328, 10.464, 11.085, 10.17, 7.283, 7.213, 7.393, 7.792, 8.195, 8.472, 9.097, 7.62, 5.714, 4.364, 4.532, 5.261, 3.647, 2.924, 3.892, 4.315, 4.66, 5.065, 5.346, 6.086, 6.084, 6.571, 5.957, 5.414, 4.676, 4.42, 5.775, 7.679, 7.905, 6.773, 7.062, 7.957, 8.621, 7.704, 8.029, 9.372, 9.97, 9.474, 9.065, 9.576, 10.054, 9.899, 9.794, 9.511, 9.556, 9.884, 10.216, 10.115, 9.031, 8.636, 8.786, 8.98, 9.291, 9.062, 9.063, 8.886, 8.133, 8.238, 7.467, 7.714, 8.375, 8.98, 9.933, 9.433, 9.476, 8.435, 7.963, 7.924, 7.657, 7.183, 7.391, 8.742, 8.81, 10.552, 10.762, 9.445, 8.023, 7.049, 7.26, 7.335, 6.872, 6.468, 7.438, 6.993, 6.379, 6.949, 6.835, 7.508, 7.786, 7.529, 7.493, 8.758, 10.91, 13.093, 13.319, 13.131, 11.756, 11.19, 9.215, 6.741, 6.47, 6.408, 6.426, 7.632, 8.809, 8.717, 8.588, 9.003, 9.096, 9.185, 8.933, 7.715, 6.669, 5.973, 5.733, 5.339, 4.576, 4.53, 4.621, 4.689, 4.454, 4.71, 4.944, 5.039, 5.567, 6.108, 5.46, 6.044, 5.767, 5.978, 5.666, 5.303, 6.109, 6.845, 6.603, 5.954, 6.057, 5.633, 5.787, 5.652, 6.866, 7.429, 8.017, 9.121, 8.608, 8.452, 8.024, 8.064, 9.995, 11.465, 11.896, 11.692, 12.7, 12.402, 8.881, 7.478, 8.527, 8.248, 5.453, 3.744, 3.043, 3.163, 3.106], [10.309, 10.546, 10.779, 11.393, 12.512, 11.947, 10.895, 10.095, 8.714, 7.288, 6.618, 7.196, 6.361, 5.616, 6.775, 7.799, 7.028, 5.464, 3.98, 2.937, 3.204, 2.539, 1.553, 1.89, 0.0, 1.856, 3.127, 3.557, 4.23, 4.684, 5.931, 6.494, 7.491, 9.934, 12.771, 13.818, 13.421, 13.041, 12.363, 10.966, 9.889, 10.176, 9.602, 8.263, 7.457, 8.066, 7.703, 6.736, 7.044, 8.096, 8.92, 9.166, 8.822, 8.677, 8.07, 8.153, 9.759, 9.938, 7.454, 7.87, 8.314, 8.939, 9.128, 9.203, 9.79, 9.08, 6.473, 6.595, 6.847, 7.353, 7.593, 7.877, 7.927, 6.635, 5.169, 3.988, 4.431, 4.701, 2.724, 2.961, 4.161, 4.741, 5.172, 5.492, 5.506, 6.132, 6.171