[[0.0, 0.894, 2.067, 3.14, 2.186, 1.693, 1.827, 1.844, 2.082, 2.384, 2.101, 2.717, 4.011, 5.77, 6.329, 5.964, 6.007, 8.114, 12.446, 13.943, 13.101, 11.124, 11.097, 11.289, 11.567, 12.162, 12.861, 13.168, 13.137, 13.617, 12.468, 12.792, 11.932, 11.822, 11.632, 11.313, 10.462, 8.94, 5.96, 5.452, 5.833, 4.806, 3.385, 2.962, 4.312, 3.894, 3.743, 4.039, 3.818, 3.978, 3.906, 3.689, 4.447, 5.459, 4.331, 7.092, 12.044, 13.387, 11.927, 10.244, 9.478, 8.105, 7.067, 6.577, 6.066, 6.398, 8.836, 9.155, 7.634, 6.596, 6.355, 5.689, 3.84, 2.162, 2.39, 4.067, 4.572, 4.092, 3.946, 4.541, 3.783, 5.284, 6.314, 5.82, 6.154, 8.319, 8.417, 5.885, 6.162, 7.689, 8.195, 7.783, 9.21, 11.374, 11.249, 10.304, 10.135, 10.342, 10.197, 9.931, 8.118, 5.961, 4.596, 3.445, 4.793, 5.64, 4.499, 2.856, 3.273, 3.522, 2.945, 3.724, 4.869, 5.46, 5.91, 6.206, 5.841, 6.442, 6.389, 5.583, 4.391, 4.246, 5.027, 6.19, 6.319, 6.461, 7.487, 8.683, 9.537, 9.264, 8.644, 7.616, 6.437, 6.023, 6.891, 8.05, 8.84, 10.609, 13.436, 13.842, 11.975, 9.78, 9.144, 9.657, 9.811], [0.894, 0.0, 2.43, 3.499, 2.529, 1.613, 1.345, 1.333, 1.582, 1.929, 1.7, 2.257, 3.571, 5.366, 5.994, 5.703, 5.763, 7.736, 12.047, 13.526, 12.623, 10.711, 10.676, 10.856, 11.316, 11.939, 12.557, 12.766, 12.735, 13.225, 11.992, 12.227, 11.38, 11.346, 11.212, 10.864, 10.075, 8.539, 5.653, 5.206, 5.585, 4.469, 2.996, 2.988, 4.232, 3.519, 3.423, 3.744, 3.422, 3.591, 3.613, 3.285, 4.068, 5.036, 3.984, 6.606, 11.588, 12.942, 11.5, 9.669, 9.038, 7.75, 6.742, 6.221, 5.757, 5.967, 8.413, 8.606, 7.025, 6.035, 5.904, 5.147, 3.273, 1.877, 1.958, 3.619, 4.174, 3.679, 3.53, 4.144, 3.336, 4.735, 5.822, 5.315, 5.727, 7.866, 7.989, 5.448, 5.739, 7.268, 7.764, 7.371, 8.762, 10.942, 10.747, 9.763, 9.58, 9.974, 9.83, 9.55, 7.778, 5.636, 4.037, 2.982, 4.274, 5.291, 4.113, 2.664, 2.715, 3.126, 2.594, 3.253, 4.322, 4.916, 5.336, 5.665, 5.258, 5.868, 5.844, 5.117, 3.877, 3.758, 4.497, 5.629, 5.745, 5.93, 6.914, 8.109, 8.963, 8.69, 8.07, 7.063, 5.915, 5.613, 6.461, 7.513, 8.413, 10.185, 13.011, 13.413, 11.513, 9.198, 8.542, 9.056, 9.268], [2.067, 2.43, 0.0, 1.526, 1.461, 1.834, 3.231, 3.446, 3.564, 3.804, 3.534, 4.383, 5.645, 6.839, 7.303, 6.701, 6.659, 9.168, 13.511, 15.343, 14.518, 12.463, 12.196, 12.384, 12.388, 12.931, 13.763, 14.232, 14.227, 14.677, 13.931, 14.434, 13.514, 13.062, 12.868, 12.467, 11.552, 9.997, 6.954, 5.304, 4.791, 4.297, 3.549, 2.15, 2.997, 3.32, 3.077, 3.005, 3.561, 3.57, 3.52, 3.86, 4.548, 5.595, 5.115, 8.643, 13.574, 15.017, 13.382, 11.922, 11.113, 9.104, 8.024, 7.643, 7.07, 7.524, 10.236, 10.836, 9.351, 8.314, 7.806, 7.386, 5.488, 3.814, 4.057, 5.612, 5.899, 5.46, 5.244, 5.657, 5.165, 6.721, 7.893, 7.407, 7.624, 9.819, 10.054, 7.364, 7.283, 8.891, 9.371, 8.866, 10.716, 12.76, 12.523, 11.776, 11.423, 11.331, 11.241, 10.981, 9.198, 6.759, 5.098, 4.189, 5.627, 6.781, 5.668, 2.954, 3.688, 4.213, 4.057, 5.119, 6.628, 7.223, 7.678, 7.969, 7.541, 8.21, 8.09, 6.88, 5.829, 5.886, 6.8, 7.952, 8.087, 8.203, 9.255, 10.451, 11.305, 11.032, 10.412, 9.359, 8.057, 7.555, 8.179, 9.318, 10.185, 11.946, 14.773, 15.217, 13.634, 11.47, 10.905, 11.419, 11.477], [3.14, 3.499, 1.526, 0.0, 1.273, 2.445, 4.106, 4.431, 4.733, 5.177, 4.885, 5.528, 6.884, 7.709, 7.985, 7.351, 7.304, 9.923, 14.355, 16.732, 15.801, 13.572, 13.09, 13.177, 12.995, 13.531, 14.396, 15.255, 15.324, 15.427, 15.169, 15.606, 14.694, 14.171, 14.143, 13.498, 12.597, 10.926, 7.707, 5.839, 5.177, 4.778, 4.191, 2.354, 3.062, 3.61, 3.628, 3.314, 3.758, 3.76, 3.907, 4.427, 5.142, 6.144, 5.937, 9.92, 14.946, 16.322, 14.715, 13.071, 12.419, 9.84, 8.782, 8.63, 7.76, 8.43, 11.573, 11.972, 10.409, 9.345, 9.068, 8.479, 6.404, 4.48, 5.045, 6.543, 7.046, 6.654, 6.557, 6.702, 6.076, 7.759, 9.143, 8.581, 8.919, 11.193, 11.319, 8.633, 8.294, 9.98, 10.454, 9.951, 11.833, 13.945, 13.552, 12.785, 12.359, 12.242, 12.331, 11.697, 9.904, 7.318, 5.489, 5.043, 6.362, 7.427, 6.462, 3.62, 4.018, 5.244, 4.641, 6.011, 7.563, 8.175, 8.613, 8.904, 8.559, 9.157, 9.179, 8.093, 6.997, 7.193, 7.801, 8.907, 9.023, 9.249, 10.215, 11.4, 12.24, 11.992, 11.35, 10.521, 9.199, 8.764, 9.373, 10.051, 11.456, 13.206, 15.998, 16.56, 14.917, 12.597, 11.96, 12.493, 12.464], [2.186, 2.529, 1.461, 1.273, 0.0, 2.11, 3.265, 3.566, 3.764, 4.193, 3.952, 4.552, 5.883, 7.083, 7.337, 6.967, 7.006, 9.256, 13.67, 15.843, 14.892, 12.787, 12.442, 12.512, 12.609, 13.218, 13.86, 14.527, 14.547, 14.762, 14.294, 14.623, 13.729, 13.387, 13.32, 12.75, 11.789, 10.286, 7.065, 5.91, 5.609, 5.013, 3.977, 2.617, 3.611, 3.666, 3.705, 3.659, 3.908, 3.888, 4.021, 4.305, 5.079, 6.109, 5.497, 8.899, 13.971, 15.305, 13.779, 12.074, 11.378, 9.161, 8.138, 8.003, 7.126, 7.732, 10.652, 11.026, 9.495, 8.472, 8.145, 7.559, 5.626, 3.758, 4.22, 5.8, 6.085, 5.632, 5.656, 5.986, 5.084, 6.903, 8.159, 7.64, 8.038, 10.246, 10.365, 7.804, 7.664, 9.32, 9.793, 9.212, 10.93, 13.112, 12.761, 11.876, 11.592, 11.49, 11.548, 11.036, 9.4, 6.943, 5.279, 4.59, 5.771, 6.874, 5.828, 2.917, 3.938, 4.74, 4.149, 5.17, 6.78, 7.372, 7.827, 8.118, 7.672, 8.359, 8.237, 7.231, 6.069, 6.17, 7.003, 8.138, 8.244, 8.369, 9.404, 10.6, 11.454, 11.181, 10.561, 9.49, 8.199, 7.942, 8.64, 9.577, 10.539, 12.412, 15.236, 15.696, 13.891, 11.607, 11.005, 11.519, 11.626], [1.693, 1.613, 1.834, 2.445, 2.11, 0.0, 2.061, 2.464, 2.63, 3.032, 2.766, 3.42, 4.76, 5.925, 6.083, 5.38, 5.264, 8.071, 12.485, 14.61, 13.671, 11.532, 11.258, 11.304, 11.088, 11.529, 12.496, 13.313, 13.354, 13.577, 13.057, 13.472, 12.551, 12.18, 12.08, 11.536, 10.583, 9.104, 5.886, 4.183, 4.437, 3.473, 2.164, 1.676, 3.041, 2.403, 2.369, 2.533, 2.311, 2.469, 2.549, 2.449, 3.149, 4.185, 4.143, 7.764, 12.798, 14.17, 12.605, 10.945, 10.267, 7.932, 6.959, 6.793, 5.852, 6.478, 9.456, 9.874, 8.336, 7.332, 6.942, 6.397, 4.485, 2.622, 3.066, 4.614, 4.96, 4.496, 4.448, 4.759, 3.936, 5.692, 6.991, 6.455, 6.818, 9.055, 9.204, 6.534, 6.486, 8.116, 8.599, 8.027, 9.81, 11.886, 11.538, 10.739, 10.353, 10.291, 10.339, 9.846, 8.212, 5.528, 3.542, 3.24, 4.397, 5.485, 4.506, 2.158, 2.186, 3.007, 2.97, 4.039, 5.626, 6.221, 6.676, 6.967, 6.536, 7.225, 7.078, 6.011, 4.904, 5.06, 5.928, 7.022, 7.11, 7.22, 8.253, 9.449, 10.303, 10.03, 9.41, 8.383, 7.108, 6.701, 7.406, 8.354, 9.404, 11.182, 13.999, 14.476, 12.77, 10.472, 9.885, 10.398, 10.477], [1.827, 1.345, 3.231, 4.106, 3.265, 2.061, 0.0, 1.007, 1.451, 1.58, 1.689, 2.262, 3.235, 4.563, 4.964, 4.736, 4.752, 6.792, 11.166, 12.826, 11.94, 9.952, 9.851, 9.979, 10.282, 10.906, 11.429, 11.817, 11.866, 12.331, 11.301, 11.602, 10.726, 10.643, 10.541, 10.068, 9.137, 7.662, 4.64, 5.019, 5.098, 3.6, 2.185, 3.46, 4.647, 2.97, 2.819, 3.177, 3.038, 3.273, 3.381, 2.806, 3.286, 4.137, 3.089, 6.026, 10.959, 12.296, 10.87, 9.06, 8.453, 6.723, 5.691, 5.362, 4.683, 5.017, 7.793, 8.04, 6.437, 5.462, 5.296, 4.571, 2.789, 1.347, 1.576, 2.75, 3.341, 2.816, 2.875, 3.252, 2.271, 3.945, 5.137, 4.633, 5.028, 7.243, 7.398, 4.811, 4.983, 6.59, 7.059, 6.511, 8.13, 10.28, 9.979, 9.004, 8.787, 8.974, 8.868, 8.634, 6.826, 4.57, 3.107, 2.237, 3.42, 4.146, 3.113, 2.316, 1.944, 2.199, 1.764, 2.293, 3.656, 4.294, 4.693, 4.986, 4.588, 5.235, 5.224, 4.455, 3.259, 3.286, 4.014, 5.092, 5.178, 5.33, 6.289, 7.459, 8.313, 8.05, 7.42, 6.532, 5.298, 4.988, 5.774, 6.838, 7.791, 9.533, 12.335, 12.731, 10.892, 8.558, 7.877, 8.453, 8.602], [1.844, 1.333, 3.446, 4.431, 3.566, 2.464, 1.007, 0.0, 1.189, 1.359, 1.358, 1.782, 2.935, 4.512, 5.121, 4.903, 4.952, 6.739, 11.065, 12.65, 11.722, 9.857, 9.737, 9.927, 10.468, 11.095, 11.569, 11.789, 11.734, 12.234, 11.109, 11.391, 10.512, 10.439, 10.325, 9.906, 9.082, 7.572, 4.754, 5.453, 5.603, 4.006, 2.531, 3.851, 4.871, 3.459, 3.284, 3.721, 3.386, 3.558, 3.83, 3.158, 3.728, 4.419, 3.247, 5.742, 10.753, 12.088, 10.619, 8.831, 8.165, 6.743, 5.795, 5.306, 4.829, 5.061, 7.539, 7.819, 6.177, 5.185, 5.061, 4.295, 2.363, 1.216, 1.299, 2.617, 3.204, 2.733, 2.704, 3.136, 2.353, 3.697, 4.961, 4.401, 4.848, 7.037, 7.18, 4.638, 4.803, 6.361, 6.854, 6.375, 7.81, 10.073, 9.798, 8.749, 8.643, 9.013, 8.839, 8.579, 6.782, 4.743, 3.344, 2.352, 3.537, 4.232, 3.198, 2.747, 2.185, 2.552, 2.023, 2.313, 3.318, 3.922, 4.298, 4.593, 4.289, 4.835, 4.946, 4.252, 3.021, 3.096, 3.694, 4.782, 4.846, 5.008, 5.938, 7.122, 7.925, 7.706, 7.053, 6.258, 5.076, 4.969, 5.531, 6.574, 7.524, 9.28, 12.089, 12.524, 10.666, 8.318, 7.588, 8.169, 8.297], [2.082, 1.582, 3.564, 4.733, 3.764, 2.63, 1.451, 1.189, 0.0, 1.073, 1.227, 1.289, 2.501, 3.994, 4.879, 4.734, 4.839, 6.445, 10.655, 12.247, 11.256, 9.688, 9.441, 9.62, 10.334, 10.972, 11.346, 11.421, 11.29, 11.807, 10.637, 11.049, 10.151, 9.931, 9.841, 9.532, 8.746, 7.205, 4.596, 5.632, 5.843, 4.333, 2.875, 3.95, 5.009, 3.903, 3.761, 4.07, 3.861, 3.975, 4.123, 3.421, 4.011, 4.566, 3.28, 5.307, 10.322, 11.664, 10.133, 8.471, 7.789, 6.478, 5.614, 5.115, 4.728, 4.978, 7.085, 7.504, 5.973, 4.994, 4.622, 4.082, 2.278, 1.429, 1.536, 2.812, 3.139, 2.559, 2.416, 2.748, 2.464, 3.408, 4.485, 4.044, 4.315, 6.59, 6.789, 4.236, 4.347, 5.85, 6.274, 5.861, 7.508, 9.602, 9.474, 8.443, 8.298, 8.798, 8.588, 8.189, 6.683, 4.692, 3.567, 2.652, 3.841, 4.522, 3.39, 3.169, 2.675, 2.82, 2.324, 2.346, 3.367, 3.883, 4.331, 4.623, 4.13, 4.89, 4.738, 3.752, 2.558, 2.598, 3.591, 4.717, 4.766, 4.912, 5.909, 7.104, 7.958, 7.685, 7.065, 5.992, 4.689, 4.421, 5.027, 6.238, 7.029, 8.806, 11.545, 11.973, 10.25, 8.017, 7.43, 7.987, 8.171], [2.384, 1.929, 3.804, 5.177, 4.193, 3.032, 1.58, 1.359, 1.073, 0.0, 0.899, 1.74, 2.924, 4.055, 4.686, 4.574, 4.635, 6.309, 10.42, 11.981, 11.09, 9.669, 9.324, 9.614, 10.139, 10.818, 11.089, 11.198, 11.078, 11.591, 10.505, 10.962, 10.098, 9.89, 9.632, 9.535, 8.524, 6.937, 4.254, 4.941, 5.299, 3.781, 2.539, 4.187, 5.037, 3.613, 3.445, 3.879, 3.661, 3.869, 3.772, 2.951, 3.382, 4.06, 3.197, 5.216, 9.982, 11.413, 9.79, 8.337, 7.619, 6.259, 5.37, 4.885, 4.744, 5.075, 6.882, 7.424, 5.96, 5.075, 4.535, 4.144, 2.658, 1.928, 1.954, 3.029, 3.251, 2.565, 2.295, 2.641, 2.425, 3.409, 4.39, 3.988, 3.975, 6.2, 6.626, 4.059, 4.114, 5.577, 5.972, 5.539, 7.362, 9.536, 9.493, 8.5, 8.38, 8.557, 8.359, 7.977, 6.667, 4.701, 3.423, 2.348, 3.754, 4.562, 3.474, 2.843, 2.462, 2.518, 2.414, 2.688, 3.51, 3.991, 4.46, 4.668, 4.179, 5.014, 4.775, 3.758, 2.681, 2.695, 3.809, 4.94, 4.983, 5.016, 5.947, 7.045, 7.922, 7.629, 7.06, 5.982, 4.762, 4.551, 4.867, 6.243, 6.723, 8.637, 11.202, 11.612, 10.024, 7.96, 7.327, 7.963, 8.2], [2.101, 1.7, 3.534, 4.885, 3.952, 2.766, 1.689, 1.358, 1.227, 0.899, 0.0, 1.836, 3.067, 4.377, 4.872, 4.668, 4.567, 6.426, 10.657, 12.127, 11.216, 9.553, 9.439, 9.666, 10.028, 10.676, 11.201, 11.451, 11.353, 11.819, 10.593, 11.02, 10.182, 10.014, 9.787, 9.678, 8.724, 7.168, 4.265, 4.902, 5.397, 3.797, 2.639, 3.915, 4.592, 3.58, 3.349, 3.805, 3.492, 3.593, 3.599, 2.804, 3.449, 4.047, 3.014, 5.365, 10.173, 11.603, 9.966, 8.507, 7.738, 6.377, 5.395, 4.926, 4.653, 4.979, 6.991, 7.562, 6.087, 5.162, 4.731, 4.378, 2.896, 1.842, 1.799, 3.087, 3.402, 2.718, 2.229, 2.851, 2.535, 3.644, 4.479, 4.087, 4.176, 6.352, 6.71, 4.036, 4.269, 5.787, 6.215, 5.88, 7.526, 9.649, 9.656, 8.692, 8.584, 8.663, 8.484, 8.195, 6.675, 4.625, 3.374, 2.251, 3.581, 4.426, 3.264, 2.81, 2.417, 2.436, 2.419, 2.885, 3.631, 4.105, 4.569, 4.796, 4.319, 5.122, 4.896, 3.904, 2.822, 2.98, 4.06, 5.184, 5.241, 5.155, 6.071, 7.159, 8.022, 7.739, 7.191, 6.128, 4.987, 4.848, 5.039, 6.412, 6.962, 8.657, 11.418, 11.795, 10.297, 8.164, 7.555, 8.128, 8.405], [2.717, 2.257, 4.383, 5.528, 4.552, 3.42, 2.262, 1.782, 1.289, 1.74, 1.836, 0.0, 1.757, 4.236, 5.301, 5.405, 5.41, 6.72, 10.559, 11.797, 10.909, 9.819, 9.554, 9.732, 10.731, 11.302, 11.531, 11.438, 11.247, 11.665, 10.241, 10.207, 9.713, 9.791, 9.481, 9.377, 8.704, 7.292, 5.172, 6.544, 6.698, 5.086, 3.6, 4.685, 5.822, 4.757, 4.538, 4.895, 4.688, 4.798, 5.031, 4.329, 4.874, 5.348, 3.922, 4.756, 9.536, 10.848, 9.499, 7.713, 7.089, 6.776, 5.975, 5.358, 4.983, 5.303, 6.465, 6.645, 5.158, 4.157, 3.982, 3.324, 1.643, 1.943, 1.755, 3.065, 3.211, 2.878, 2.769, 3.144, 2.776, 2.906, 3.801, 3.299, 3.821, 5.847, 6.012, 3.793, 4.508, 5.474, 5.78, 5.989, 7.167, 9.197, 9.086, 8.119, 8.077, 9.007, 8.824, 8.292, 6.896, 5.249, 4.17, 3.345, 4.372, 4.96, 3.828, 3.992, 3.411, 3.576, 3.123, 2.656, 3.09, 3.316, 3.549, 3.876, 3.484, 4.096, 4.011, 3.309, 2.488, 2.498, 3.341, 4.394, 4.062, 4.296, 5.054, 6.199, 7.053, 6.783, 6.176, 5.168, 4.016, 3.928, 4.547, 5.675, 6.57, 8.173, 10.907, 11.316, 9.474, 7.236, 6.602, 7.192, 7.472], [4.011, 3.571, 5.645, 6.884, 5.883, 4.76, 3.235, 2.935, 2.501, 2.924, 3.067, 1.757, 0.0, 3.293, 4.587, 4.781, 4.672, 5.886, 9.607, 10.867, 9.971, 8.935, 8.634, 8.843, 9.887, 10.409, 10.702, 10.607, 10.348, 10.698, 9.262, 8.995, 8.886, 8.89, 8.458, 8.435, 7.775, 6.383, 5.17, 7.706, 7.77, 5.495, 4.223, 6.126, 7.216, 5.885, 5.417, 5.892, 5.903, 6.113, 6.127, 5.372, 5.736, 5.305, 3.541, 3.681, 8.201, 9.574, 8.012, 6.623, 6.024, 5.95, 5.092, 4.459, 4.212, 4.606, 5.235, 5.352, 4.068, 2.852, 2.725, 2.294, 1.209, 2.791, 2.198, 2.458, 2.279, 2.215, 2.414, 2.925, 3.145, 2.232, 2.753, 2.231, 2.862, 4.516, 4.608, 2.729, 3.793, 4.465, 4.849, 5.169, 6.235, 8.237, 8.196, 7.308, 7.225, 8.066, 8.032, 7.4, 6.009, 4.743, 3.96, 3.558, 3.897, 4.454, 3.466, 4.865, 4.343, 3.682, 3.47, 2.327, 2.453, 2.317, 2.543, 2.704, 2.366, 2.891, 2.77, 2.463, 2.084, 1.775, 2.497, 3.275, 2.906, 3.321, 3.818, 4.908, 5.763, 5.501, 4.933, 3.794, 2.865, 2.88, 3.407, 4.71, 5.485, 6.863, 9.53, 9.943, 8.184, 5.994, 5.368, 6.077, 6.376], [5.77, 5.366, 6.839, 7.709, 7.083, 5.925, 4.563, 4.512, 3.994, 4.055, 4.377, 4.236, 3.293, 0.0, 2.572, 2.693, 2.67, 2.955, 7.058, 9.531, 8.809, 7.218, 6.225, 6.306, 7.14, 7.523, 8.003, 8.305, 8.258, 7.947, 8.196, 8.822, 7.901, 7.216, 6.937, 6.676, 5.716, 3.491, 4.029, 7.059, 7.344, 4.898, 4.435, 6.852, 7.494, 6.102, 5.974, 6.023, 6.144, 6.475, 5.961, 5.136, 5.197, 4.403, 2.54, 2.994, 7.896, 9.373, 7.482, 6.309, 5.499, 3.175, 2.462, 2.153, 2.388, 2.876, 4.517, 5.286, 3.809, 3.156, 2.949, 2.553, 3.362, 4.276, 4.003, 2.683, 2.233, 2.516, 2.734, 2.343, 3.339, 2.811, 2.83, 2.625, 2.591, 4.066, 4.504, 3.065, 2.322, 2.466, 3.139, 2.925, 4.918, 7.082, 6.828, 6.122, 5.725, 5.602, 5.396, 4.607, 3.421, 2.965, 3.417, 3.681, 3.538, 3.561, 3.399, 5.033, 4.363, 3.956, 3.316, 2.754, 3.025, 2.871, 3.48, 3.74, 3.568, 3.841, 3.445, 2.863, 2.552, 2.629, 2.749, 2.811, 2.699, 2.758, 3.741, 4.912, 5.766, 5.493, 4.876, 3.827, 2.682, 2.306, 2.172, 3.397, 4.301, 6.082, 8.394, 9.259, 7.958, 5.861, 5.307, 5.844, 5.974], [6.329, 5.994, 7.303, 7.985, 7.337, 6.083, 4.964, 5.121, 4.879, 4.686, 4.872, 5.301, 4.587, 2.572, 0.0, 1.585, 2.142, 4.166, 8.708, 11.493, 10.767, 8.766, 8.003, 8.034, 7.585, 8.151, 8.939, 9.791, 9.945, 9.409, 10.153, 10.787, 9.846, 9.173, 8.904, 8.558, 7.316, 4.84, 2.949, 5.212, 5.77, 4.324, 4.34, 6.878, 7.195, 5.849, 5.879, 5.826, 5.691, 5.998, 5.508, 4.37, 4.452, 3.488, 2.57, 4.995, 9.854, 11.284, 9.343, 8.196, 7.476, 4.193, 2.916, 3.198, 3.194, 3.843, 6.534, 7.294, 5.803, 5.073, 4.635, 4.255, 4.722, 4.837, 4.55, 3.234, 3.05, 3.217, 3.303, 2.853, 3.345, 4.04, 4.365, 4.102, 3.771, 5.943, 6.486, 4.123, 2.945, 4.319, 4.794, 4.464, 6.902, 9.104, 8.846, 8.056, 7.743, 6.967, 6.705, 6.028, 4.717, 3.045, 3.212, 3.927, 3.498, 3.645, 3.444, 4.929, 4.376, 3.83, 3.775, 3.289, 4.006, 4.31, 4.954, 4.899, 4.669, 5.196, 4.601, 3.702, 3.528, 3.589, 4.046, 4.829, 4.89, 4.83, 5.752, 6.933, 7.787, 7.515, 6.895, 5.818, 4.576, 4.336, 4.108, 5.385, 6.291, 8.09, 10.094, 10.978, 9.786, 7.784, 7.206, 7.797, 7.959], [5.964, 5.703, 6.701, 7.351, 6.967, 5.38, 4.736, 4.903, 4.734, 4.574, 4.668, 5.405, 4.781, 2.693, 1.585, 0.0, 1.542, 4.5, 9.117, 11.822, 11.13, 9.026, 8.378, 8.375, 7.521, 7.964, 9.085, 10.136, 10.312, 9.823, 10.516, 11.135, 10.209, 9.518, 9.256, 8.907, 7.688, 5.262, 3.131, 4.665, 5.275, 3.581, 3.703, 6.142, 6.517, 5.213, 5.149, 5.141, 4.977, 5.275, 4.753, 3.754, 3.782, 2.983, 2.369, 5.332, 10.194, 11.557, 9.722, 8.552, 7.83, 4.53, 3.236, 3.554, 3.329, 4.038, 6.874, 7.635, 6.143, 5.178, 4.964, 4.611, 4.878, 4.618, 4.32, 3.588, 3.289, 3.495, 3.71, 3.141, 3.56, 4.342, 4.615, 4.395, 4.097, 6.321, 6.814, 4.59, 3.421, 4.665, 5.182, 4.757, 7.25, 9.445, 9.187, 8.397, 8.084, 7.328, 6.985, 6.377, 5.035, 2.787, 2.649, 3.599, 3.406, 3.67, 3.357, 4.753, 3.984, 3.523, 3.812, 3.702, 4.428, 4.484, 5.116, 5.262, 5.068, 5.52, 5.112, 4.347, 3.809, 3.989, 4.137, 5.098, 5.185, 5.048, 6.092, 7.274, 8.128, 7.855, 7.235, 6.147, 4.998, 4.772, 4.41, 5.725, 6.632, 8.42, 10.404, 11.32, 10.156, 8.055, 7.546, 8.138, 8.3], [6.007, 5.763, 6.659, 7.304, 7.006, 5.264, 4.752, 4.952, 4.839, 4.635, 4.567, 5.41, 4.672, 2.67, 2.142, 1.542, 0.0, 3.87, 8.438, 11.179, 10.43, 8.309, 7.627, 7.637, 6.735, 7.051, 8.513, 9.639, 9.757, 9.239, 9.816, 10.439, 9.511, 8.822, 8.571, 8.197, 7.038, 4.776, 2.973, 4.79, 5.489, 3.217, 3.646, 5.909, 5.951, 4.657, 4.506, 4.666, 4.337, 4.603, 4.186, 3.359, 3.022, 2.166, 1.938, 4.716, 9.512, 10.989, 9.033, 7.932, 7.122, 3.874, 2.628, 2.808, 2.612, 3.303, 6.134, 6.894, 5.471, 4.835, 4.498, 4.251, 4.829, 4.598, 4.297, 3.097, 2.702, 3.07, 3.088, 2.48, 3.072, 3.818, 4.027, 3.868, 3.627, 5.61, 6.098, 3.637, 2.585, 4.025, 4.645, 4.274, 6.513, 8.704, 8.446, 7.735, 7.343, 6.585, 6.544, 5.657, 4.33, 2.184, 2.139, 3.131, 2.456, 2.821, 2.49, 4.323, 3.402, 2.932, 3.511, 3.311, 3.823, 3.956, 4.371, 4.337, 4.169, 4.68, 4.379, 3.549, 3.21, 3.528, 3.791, 4.874, 5.025, 4.735, 5.547, 6.534, 7.388, 7.203, 6.516, 5.602, 4.679, 4.42, 4.016, 5.149, 5.927, 7.714, 9.963, 10.808, 9.564, 7.569, 6.916, 7.452, 7.582], [8.114, 7.736, 9.168, 9.923, 9.256, 8.071, 6.792, 6.739, 6.445, 6.309, 6.426, 6.72, 5.886, 2.955, 4.166, 4.5, 3.87, 0.0, 4.819, 7.412, 6.691, 4.875, 4.001, 3.932, 4.393, 4.748, 5.473, 6.001, 6.062, 5.666, 6.062, 6.671, 5.753, 5.054, 4.834, 4.458, 3.352, 1.704, 3.781, 8.226, 9.161, 6.687, 6.464, 8.95, 9.302, 7.812, 7.585, 7.895, 7.829, 8.025, 7.453, 6.41, 6.162, 5.321, 4.224, 3.21, 5.976, 7.222, 5.701, 4.37, 3.66, 1.239, 1.635, 1.787, 2.404, 1.927, 2.798, 3.448, 3.657, 4.998, 4.741, 4.84, 5.98, 6.565, 6.32, 4.621, 3.916, 4.169, 4.394, 3.828, 4.796, 4.477, 3.93, 4.221, 3.643, 2.957, 3.16, 3.62, 2.584, 1.861, 2.064, 1.776, 2.856, 4.958, 4.687, 3.911, 3.594, 3.185, 2.91, 2.197, 1.172, 2.801, 4.703, 5.215, 4.123, 3.269, 4.217, 6.691, 6.176, 5.541, 5.553, 4.789, 4.578, 4.397, 4.53, 4.206, 3.973, 4.466, 3.812, 3.675, 4.515, 4.798, 4.691, 4.435, 4.481, 3.803, 4.2, 3.922, 4.256, 4.481, 3.996, 4.507, 4.124, 4.0, 3.298, 3.073, 3.492, 4.415, 6.448, 7.265, 6.371, 4.821, 3.802, 3.981, 4.215], [12.446, 12.047, 13.511, 14.355, 13.67, 12.485, 11.166, 11.065, 10.655, 10.42, 10.657, 10.559, 9.607, 7.058, 8.708, 9.117, 8.438, 4.819, 0.0, 2.922, 2.209, 2.131, 1.853, 1.635, 2.447, 2.606, 2.289, 1.799, 1.717, 1.503, 1.935, 2.774, 2.31, 1.85, 2.334, 2.545, 2.66, 4.159, 8.035, 12.698, 13.631, 11.033, 10.685, 13.307, 13.762, 12.158, 11.837, 12.352, 12.307, 12.455, 12.064, 10.933, 10.653, 9.932, 8.807, 6.22, 5.378, 5.613, 5.065, 4.622, 4.037, 4.828, 6.003, 6.023, 6.749, 6.237, 4.825, 5.502, 6.491, 7.918, 7.801, 8.114, 9.718, 10.893, 10.648, 8.951, 8.043, 8.412, 8.649, 8.086, 9.19, 7.955, 7.418, 7.709, 7.187, 5.89, 6.207, 7.381, 6.721, 5.473, 5.178, 5.142, 3.816, 2.382, 2.235, 3.145, 2.851, 2.316, 2.699, 2.988, 4.758, 7.296, 9.22, 9.542, 8.417, 7.561, 8.5, 11.162, 10.61, 9.899, 9.943, 9.124, 8.553, 8.183, 8.218, 7.977, 7.825, 8.046, 7.445, 7.468, 8.499, 8.818, 8.779, 8.41, 8.006, 7.233, 7.481, 6.324, 6.226, 5.983, 6.71, 7.639, 7.223, 7.312, 6.454, 5.802, 4.977, 4.691, 5.068, 5.91, 6.032, 5.957, 5.649, 5.116, 4.7], [13.943, 13.526, 15.343, 16.732, 15.843, 14.61, 12.826, 12.65, 12.247, 11.981, 12.127, 11.797, 10.867, 9.531, 11.493, 11.822, 11.179, 7.412, 2.922, 0.0, 1.165, 3.295, 3.864, 3.799, 4.671, 4.258, 3.259, 2.225, 2.162, 2.526, 2.114, 2.498, 2.522, 2.803, 3.045, 3.648, 4.448, 6.7, 10.766, 15.442, 16.412, 13.839, 13.207, 15.798, 16.332, 14.637, 14.159, 15.005, 14.837, 14.983, 14.678, 13.595, 13.245, 12.622, 11.193, 7.469, 5.808, 5.781, 5.791, 5.303, 5.067, 7.444, 8.661, 8.459, 9.034, 8.346, 5.866, 6.206, 7.378, 8.779, 8.83, 9.179, 11.067, 12.584, 12.079, 10.526, 9.864, 10.3, 10.326, 10.252, 11.137, 9.314, 8.45, 8.956, 8.684, 6.982, 7.067, 8.77, 9.022, 7.388, 7.214, 7.332, 5.375, 3.235, 3.393, 4.407, 4.46, 4.721, 4.899, 5.639, 7.214, 9.743, 11.69, 11.813, 10.475, 9.535, 10.372, 13.437, 12.971, 11.741, 12.253, 10.949, 9.898, 9.436, 9.357, 9.208, 9.108, 9.12, 8.613, 9.017, 10.029, 10.224, 10.031, 9.665, 9.018, 8.224, 8.482, 7.219, 7.007, 6.838, 7.653, 8.4, 8.285, 8.307, 8.055, 7.228, 6.12, 5.602, 5.461, 6.12, 6.412, 6.726, 6.559, 5.811, 5.418], [13.101, 12.623, 14.518, 15.801, 14.892, 13.671, 11.94, 11.722, 11.256, 11.09, 11.216, 10.909, 9.971, 8.809, 10.767, 11.13, 10.43, 6.691, 2.209, 1.165, 0.0, 2.297, 2.937, 2.965, 3.892, 3.582, 2.713, 1.67, 1.761, 2.233, 1.533, 1.922, 1.735, 2.027, 2.478, 2.968, 3.711, 6.01, 10.066, 14.721, 15.713, 13.012, 12.232, 14.784, 15.399, 13.621, 13.178, 14.036, 13.851, 13.967, 13.777, 12.725, 12.484, 11.861, 10.362, 6.536, 5.391, 5.339, 5.352, 4.595, 4.173, 6.606, 7.959, 7.692, 8.143, 7.407, 5.118, 5.5, 6.507, 7.936, 7.969, 8.258, 10.147, 11.719, 11.152, 9.623, 8.954, 9.339, 9.439, 9.514, 10.178, 8.398, 7.532, 8.027, 7.762, 6.172, 6.31, 7.937, 8.202, 6.651, 6.314, 6.495, 4.455, 2.542, 2.641, 3.49, 3.524, 3.878, 4.171, 4.836, 6.395, 8.835, 10.739, 10.94, 9.551, 8.618, 9.454, 12.544, 12.043, 10.79, 11.347, 10.025, 9.004, 8.545, 8.489, 8.313, 8.171, 8.248, 7.669, 8.098, 9.068, 9.283, 9.152, 8.79, 8.144, 7.362, 7.623, 6.405, 6.234, 6.019, 6.801, 7.644, 7.358, 7.541, 7.187, 6.422, 5.439, 4.998, 5.225, 5.88, 5.917, 5.98, 5.68, 5.104, 4.756], [11.124, 10.711, 12.463, 13.572, 12.787, 11.532, 9.952, 9.857, 9.688, 9.669, 9.553, 9.819, 8.935, 7.218, 8.766, 9.026, 8.309, 4.875, 2.131, 3.295, 2.297, 0.0, 1.491, 1.505, 2.209, 2.445, 2.151, 2.3, 2.253, 2.874, 1.974, 2.455, 1.771, 1.667, 2.318, 2.532, 3.098, 4.554, 8.018, 12.648, 13.617, 10.946, 10.137, 12.575, 13.197, 11.394, 11.033, 11.846, 11.599, 11.763, 11.62, 10.553, 10.369, 9.757, 8.198, 5.701, 5.632, 5.827, 5.568, 4.639, 4.098, 4.763, 5.929, 5.774, 6.007, 5.254, 4.631, 5.282, 6.049, 7.478, 7.503, 7.523, 9.024, 9.693, 9.201, 7.6, 7.211, 7.586, 7.707, 7.855, 8.172, 7.438, 6.835, 7.049, 6.674, 5.678, 5.733, 6.64, 6.585, 5.565, 5.44, 5.085, 3.669, 2.235, 2.017, 2.692, 2.484, 2.103, 2.42, 3.251, 4.368, 6.642, 8.513, 8.722, 7.354, 6.487, 7.359, 10.414, 9.817, 8.811, 9.221, 8.062, 7.565, 7.371, 7.475, 7.194, 6.983, 7.338, 6.733, 6.863, 7.695, 7.946, 7.775, 7.384, 7.312, 6.548, 6.836, 6.043, 5.822, 5.55, 6.271, 7.143, 6.762, 6.804, 6.407, 5.793, 5.272, 4.989, 5.83, 6.52, 6.25, 5.953, 5.383, 5.002, 4.599], [11.097, 10.676, 12.196, 13.09, 12.442, 11.258, 9.851, 9.737, 9.441, 9.324, 9.439, 9.554, 8.634, 6.225, 8.003, 8.378, 7.627, 4.001, 1.853, 3.864, 2.937, 1.491, 0.0, 0.927, 1.746, 2.227, 2.181, 2.39, 2.339, 2.664, 2.453, 2.925, 2.207, 1.812, 2.262, 2.416, 2.664, 3.613, 7.311, 11.986, 12.931, 10.287, 9.589, 12.188, 12.705, 11.032, 10.697, 11.336, 11.178, 11.352, 11.111, 9.994, 9.8, 9.072, 7.661, 5.506, 6.031, 6.236, 5.813, 5.078, 4.433, 3.929, 5.205, 5.004, 5.533, 4.935, 4.457, 5.282, 6.002, 7.437, 7.268, 7.377, 8.678, 9.567, 9.306, 7.572, 6.71, 7.158, 7.44, 7.103, 7.959, 7.12, 6.59, 6.853, 6.258, 5.352, 5.517, 6.339, 5.82, 4.949, 4.789, 4.344, 3.371, 2.442, 1.959, 2.571, 2.239, 1.621, 2.161, 2.462, 3.666, 6.135, 8.04, 8.303, 7.181, 6.351, 7.236, 9.915, 9.345, 8.72, 8.651, 7.791, 7.302, 7.098, 7.189, 6.923, 6.735, 7.09, 6.444, 6.393, 7.368, 7.633, 7.563, 7.169, 7.071, 6.329, 6.673, 6.001, 5.9, 5.6, 6.242, 7.008, 6.648, 6.58, 6.049, 5.393, 5.083, 5.075, 6.029, 6.707, 6.606, 6.245, 5.565, 5.18, 4.756], [11.289, 10.856, 12.384, 13.177, 12.512, 11.304, 9.979, 9.927, 9.62, 9.614, 9.666, 9.732, 8.843, 6.306, 8.034, 8.375, 7.637, 3.932, 1.635, 3.799, 2.965, 1.505, 0.927, 0.0, 1.702, 2.119, 2.12, 2.322, 2.377, 2.485, 2.438, 2.881, 2.082, 1.681, 2.271, 2.349, 2.678, 3.679, 7.348, 12.014, 12.973, 10.319, 9.783, 12.244, 12.672, 11.082, 10.794, 11.332, 11.213, 11.395, 11.014, 9.951, 9.803, 9.112, 7.656, 5.586, 6.09, 6.307, 5.918, 5.034, 4.415, 3.987, 5.193, 5.067, 5.6, 5.021, 4.604, 5.371, 6.068, 7.502, 7.412, 7.481, 8.86, 9.694, 9.493, 7.744, 6.859, 7.357, 7.667, 7.226, 8.036, 7.248, 6.721, 6.979, 6.523, 5.579, 5.597, 6.506, 5.967, 4.98, 4.824, 4.516, 3.505, 2.417, 1.926, 2.616, 2.36, 1.6, 2.064, 2.362, 3.64, 6.166, 8.096, 8.378, 7.229, 6.368, 7.29, 10.017, 9.432, 8.801, 8.806, 7.894, 7.517, 7.267, 7.387, 7.101, 6.936, 7.256, 6.654, 6.579, 7.518, 7.874, 7.725, 7.344, 7.225, 6.468, 6.777, 6.078, 5.956, 5.657, 6.315, 7.103, 6.716, 6.697, 6.123, 5.462, 5.153, 5.08, 6.082, 6.935, 6.785, 6.265, 5.618, 5.214, 4.75], [11.567, 11.316, 12.388, 12.995, 12.609, 11.088, 10.282, 10.468, 10.334, 10.139, 10.028, 10.731, 9.887, 7.14, 7.585, 7.521, 6.735, 4.393, 2.447, 4.671, 3.892, 2.209, 1.746, 1.702, 0.0, 1.13, 1.983, 3.124, 3.244, 2.959, 3.441, 3.908, 3.285, 2.893, 3.379, 3.541, 3.711, 4.663, 7.202, 11.119, 12.078, 9.489, 9.419, 11.934, 12.038, 10.673, 10.543, 10.726, 10.484, 10.692, 10.322, 9.143, 9.012, 8.263, 7.591, 6.88, 7.238, 7.534, 7.05, 6.337, 5.679, 4.236, 5.392, 5.622, 5.807, 5.468, 5.714, 6.58, 7.369, 8.778, 8.631, 8.747, 9.936, 10.043, 9.803, 8.205, 7.766, 8.01, 8.128, 7.872, 8.308, 8.508, 7.959, 8.228, 7.606, 6.764, 6.841, 7.548, 6.597, 6.053, 5.929, 5.525, 4.717, 3.657, 3.182, 3.891, 3.54, 2.411, 2.942, 2.974, 4.135, 5.92, 7.767, 8.546, 7.349, 6.411, 7.43, 9.826, 9.224, 8.671, 9.004, 8.51, 8.522, 8.354, 8.488, 8.165, 8.021, 8.432, 7.786, 7.646, 8.456, 8.716, 8.57, 8.401, 8.435, 7.697, 8.036, 7.321, 7.171, 6.897, 7.575, 8.414, 8.047, 7.932, 7.315, 6.638, 6.308, 6.279, 7.207, 8.037, 7.964, 7.536, 6.9, 6.507, 5.99], [12.162, 11.939, 12.931, 13.531, 13.218, 11.529, 10.906, 11.095, 10.972, 10.818, 10.676, 11.302, 10.409, 7.523, 8.151, 7.964, 7.051, 4.748, 2.606, 4.258, 3.582, 2.445, 2.227, 2.119, 1.13, 0.0, 1.8, 2.978, 3.079, 2.798, 3.567, 3.989, 3.572, 3.154, 3.875, 4.154, 4.369, 5.088, 7.743, 11.425, 12.384, 9.859, 9.932, 12.258, 12.429, 11.02, 10.861, 11.099, 10.915, 11.113, 10.64, 9.768, 9.328, 8.566, 8.088, 7.419, 7.478, 7.666, 7.411, 6.72, 6.076, 4.74, 5.785, 6.1, 6.387, 6.073, 6.297, 7.137, 7.918, 9.321, 9.188, 9.276, 10.456, 10.673, 10.406, 8.801, 8.287, 8.595, 8.722, 8.404, 8.971, 9.027, 8.489, 8.745, 8.162, 7.327, 7.365, 8.061, 7.055, 6.397, 6.465, 6.066, 5.338, 4.061, 3.642, 4.357, 4.086, 2.953, 3.311, 3.523, 4.592, 6.507, 8.237, 9.116, 7.94, 7.009, 8.028, 10.428, 9.637, 9.194, 9.612, 9.06, 9.053, 8.873, 9.004, 8.681, 8.54, 8.951, 8.305, 8.186, 9.051, 9.331, 9.163, 8.919, 8.956, 8.217, 8.563, 7.876, 7.707, 7.422, 8.125, 8.943, 8.573, 8.445, 7.847, 7.179, 6.825, 6.699, 7.104, 8.067, 8.163, 7.984, 7.415, 7.02, 6.465], [12.861, 12.557, 13.763, 14.396, 13.86, 12.496, 11.429, 11.569, 11.346, 11.089, 11.201, 11.531, 10.702, 8.003, 8.939, 9.085, 8.513, 5.473, 2.289, 3.259, 2.713, 2.151, 2.181, 2.12, 1.983, 1.8, 0.0, 1.766, 2.05, 2.504, 2.988, 3.174, 2.885, 2.684, 3.476, 3.649, 3.829, 5.111, 8.441, 12.713, 13.652, 11.012, 10.608, 13.236, 13.683, 12.092, 11.865, 12.306, 12.133, 12.274, 11.978, 10.863, 10.527, 9.849, 9.075, 7.35, 7.229, 7.291, 7.103, 6.374, 5.81, 5.186, 6.488, 6.714, 6.913, 6.623, 6.126, 7.009, 7.769, 9.203, 9.049, 9.223, 10.782, 11.29, 11.025, 9.355, 8.61, 8.963, 9.28, 8.897, 9.379, 8.963, 8.459, 8.755, 8.061, 7.079, 7.347, 8.358, 7.536, 6.813, 6.35, 5.977, 5.0, 3.704, 3.258, 4.109, 3.973, 2.827, 3.424, 3.747, 5.247, 7.244, 9.117, 9.954, 8.63, 7.734, 8.755, 11.219, 10.611, 9.95, 10.314, 9.548, 9.396, 9.195, 9.303, 9.023, 8.776, 9.139, 8.542, 8.492, 9.42, 9.644, 9.602, 9.204, 9.098, 8.325, 8.585, 7.753, 7.583, 7.266, 8.008, 8.825, 8.407, 8.414, 7.697, 7.108, 6.58, 6.502, 6.829, 7.676, 7.727, 7.611, 7.076, 6.771, 6.319], [13.168, 12.766, 14.232, 15.255, 14.527, 13.313, 11.817, 11.789, 11.421, 11.198, 11.451, 11.438, 10.607, 8.305, 9.791, 10.136, 9.639, 6.001, 1.799, 2.225, 1.67, 2.3, 2.39, 2.322, 3.124, 2.978, 1.766, 0.0, 1.155, 1.919, 2.061, 2.577, 2.142, 1.911, 2.668, 2.828, 3.229, 5.237, 9.161, 13.782, 14.752, 12.116, 11.495, 14.183, 14.756, 13.021, 12.683, 13.357, 13.256, 13.392, 13.088, 12.034, 11.589, 10.988, 9.732, 7.157, 6.024, 5.909, 5.854, 5.27, 4.866, 5.834, 7.168, 7.042, 7.648, 6.946, 5.596, 6.199, 7.223, 8.653, 8.527, 8.94, 10.692, 11.642, 11.361, 9.643, 8.738, 9.207, 9.478, 9.03, 9.847, 8.751, 8.213, 8.634, 7.961, 6.683, 6.974, 8.25, 7.759, 6.696, 6.208, 6.022, 4.628, 2.895, 2.828, 3.736, 3.655, 3.238, 3.429, 4.226, 5.777, 8.181, 10.096, 10.42, 9.131, 8.339, 9.188, 12.082, 11.51, 10.606, 10.884, 9.791, 9.364, 9.109, 9.18, 8.941, 8.716, 8.971, 8.364, 8.412, 9.388, 9.687, 9.639, 9.252, 8.874, 8.087, 8.31, 7.052, 6.952, 6.745, 7.505, 8.352, 7.98, 8.116, 7.419, 6.622, 5.772, 5.46, 5.391, 6.277, 6.408, 6.581, 6.334, 5.808, 5.38], [13.137, 12.735, 14.227, 15.324, 14.547, 13.354, 11.866, 11.734, 11.29, 11.078, 11.353, 11.247, 10.348, 8.258, 9.945, 10.312, 9.757, 6.062, 1.717, 2.162, 1.761, 2.253, 2.339, 2.377, 3.244, 3.079, 2.05, 1.155, 0.0, 1.42, 1.532, 2.149, 1.953, 1.815, 2.337, 2.468, 3.045, 5.262, 9.303, 13.945, 14.904, 12.224, 11.572, 14.25, 14.878, 13.101, 12.707, 13.482, 13.349, 13.478, 13.238, 12.122, 11.725, 11.108, 9.876, 6.843, 5.461, 5.54, 5.308, 4.673, 4.606, 5.931, 7.294, 7.106, 7.686, 7.017, 5.189, 5.638, 6.872, 8.315, 8.103, 8.632, 10.464, 11.632, 11.321, 9.642, 8.74, 9.137, 9.373, 8.963, 9.922, 8.55, 7.844, 8.41, 7.806, 6.419, 6.56, 8.052, 7.692, 6.545, 6.006, 5.932, 4.433, 2.431, 2.418, 3.388, 3.416, 3.268, 3.481, 4.21, 5.873, 8.242, 10.182, 10.447, 9.182, 8.384, 9.254, 12.108, 11.564, 10.667, 10.86, 9.845, 9.24, 8.88, 8.916, 8.719, 8.572, 8.652, 8.082, 8.241, 9.244, 9.555, 9.511, 9.123, 8.56, 7.754, 8.059, 6.785, 6.516, 6.33, 7.192, 7.835, 7.687, 7.758, 7.173, 6.252, 5.252, 4.822, 5.243, 5.981, 5.955, 5.928, 5.901, 5.209, 4.745], [13.617, 13.225, 14.677, 15.427, 14.762, 13.577, 12.331, 12.234, 11.807, 11.591, 11.819, 11.665, 10.698, 7.947, 9.409, 9.823, 9.239, 5.666, 1.503, 2.526, 2.233, 2.874, 2.664, 2.485, 2.959, 2.798, 2.504, 1.919, 1.42, 0.0, 1.811, 2.799, 2.56, 2.307, 2.511, 2.675, 3.31, 5.053, 8.804, 13.355, 14.382, 12.018, 11.808, 14.364, 14.688, 13.2, 12.96, 13.326, 13.21, 13.368, 12.969, 11.855, 11.538, 10.724, 9.797, 7.184, 5.686, 5.859, 5.394, 5.018, 4.923, 5.782, 6.855, 7.097, 7.84, 7.402, 5.503, 5.978, 7.224, 8.661, 8.437, 8.98, 10.814, 12.066, 11.823, 10.122, 9.21, 9.583, 9.803, 9.151, 10.337, 8.968, 8.254, 8.809, 8.346, 6.753, 6.892, 8.497, 7.688, 6.358, 6.187, 6.281, 4.773, 2.769, 2.758, 3.851, 3.781, 3.451, 3.685, 3.895, 5.76, 8.321, 10.254, 10.712, 9.568, 8.71, 9.657, 12.158, 11.7, 11.056, 11.04, 10.285, 9.72, 9.281, 9.266, 9.071, 8.953, 8.998, 8.433, 8.586, 9.622, 9.987, 9.899, 9.533, 8.909, 8.105, 8.409, 7.136, 6.849, 6.689, 7.544, 8.177, 8.04, 8.107, 7.378, 6.406, 5.485, 4.937, 5.054, 6.063, 6.381, 6.323, 6.323, 5.493, 4.953], [12.468, 11.992, 13.931, 15.169, 14.294, 13.057, 11.301, 11.109, 10.637, 10.505, 10.593, 10.241, 9.262, 8.196, 10.153, 10.516, 9.816, 6.062, 1.935, 2.114, 1.533, 1.974, 2.453, 2.438, 3.441, 3.567, 2.988, 2.061, 1.532, 1.811, 0.0, 1.425, 1.245, 1.521, 1.736, 2.149, 2.998, 5.361, 9.434, 14.1, 15.071, 12.41, 11.69, 14.194, 14.723, 12.993, 12.595, 13.41, 13.208, 13.343, 13.137, 12.047, 11.875, 11.243, 9.711, 5.914, 4.758, 4.852, 4.726, 3.757, 3.605, 6.032, 7.343, 7.083, 7.525, 6.771, 4.426, 4.631, 5.737, 7.11, 7.347, 7.634, 9.518, 11.049, 10.534, 8.991, 8.382, 8.813, 8.879, 8.917, 9.612, 7.778, 6.79, 7.304, 7.015, 5.417, 5.473, 7.111, 7.587, 6.051, 5.703, 5.894, 3.86, 1.818, 1.931, 2.811, 2.89, 3.324, 3.543, 4.242, 5.713, 8.155, 10.094, 10.254, 8.92, 8.009, 8.847, 11.933, 11.412, 10.205, 10.675, 9.424, 8.262, 7.776, 7.717, 7.511, 7.433, 7.457, 7.015, 7.463, 8.407, 8.579, 8.34, 7.973, 7.357, 6.629, 6.824, 5.567, 5.329, 5.17, 5.987, 6.668, 6.605, 6.828, 6.571, 5.641, 4.713, 4.2, 5.075, 5.608, 5.381, 5.081, 4.835, 4.186, 3.97], [12.792, 12.227, 14.434, 15.606, 14.623, 13.472, 11.602, 11.391, 11.049, 10.962, 11.02, 10.207, 8.995, 8.822, 10.787, 11.135, 10.439, 6.671, 2.774, 2.498, 1.922, 2.455, 2.925, 2.881, 3.908, 3.989, 3.174, 2.577, 2.149, 2.799, 1.425, 0.0, 1.202, 2.034, 2.294, 2.887, 3.797, 6.008, 10.085, 14.752, 15.707, 13.018, 12.157, 14.63, 15.314, 13.413, 13.06, 13.968, 13.67, 13.78, 13.723, 12.675, 12.496, 11.864, 10.31, 5.941, 4.785, 4.81, 4.845, 3.867, 3.814, 6.626, 7.971, 7.697, 8.002, 7.282, 4.447, 4.24, 5.468, 6.575, 7.078, 7.488, 9.576, 11.389, 10.736, 9.317, 8.728, 9.21, 9.35, 9.52, 9.872, 7.982, 6.768, 7.194, 7.229, 5.154, 5.005, 7.294, 8.205, 6.53, 6.026, 6.486, 4.161, 2.323, 2.314, 3.097, 3.302, 3.912, 4.211, 4.869, 6.332, 8.73, 10.544, 10.835, 9.311, 8.375, 9.19, 12.33, 11.83, 10.702, 11.205, 9.732, 8.423, 7.824, 7.558, 7.264, 7.212, 7.088, 6.661, 7.625, 8.702, 8.735, 8.298, 7.783, 7.068, 6.734, 6.395, 5.045, 4.854, 4.668, 5.517, 6.16, 6.527, 7.048, 6.77, 5.862, 5.077, 4.528, 5.31, 5.839, 5.349, 4.9, 4.488, 4.2, 4.09], [11.932, 11.38, 13.514, 14.694, 13.729, 12.551, 10.726, 10.512, 10.151, 10.098, 10.182, 9.713, 8.886, 7.901, 9.846, 10.209, 9.511, 5.753, 2.31, 2.522, 1.735, 1.771, 2.207, 2.082, 3.285, 3.572, 2.885, 2.142, 1.953, 2.56, 1.245, 1.202, 0.0, 1.136, 1.624, 2.038, 2.919, 5.093, 9.152, 13.828, 14.771, 12.096, 11.231, 13.694, 14.394, 12.47, 12.109, 13.039, 12.741, 12.83, 12.804, 11.752, 11.558, 10.936, 9.399, 5.608, 5.043, 5.204, 4.983, 3.819, 3.434, 5.702, 7.038, 6.774, 7.1, 6.366, 4.162, 4.438, 5.347, 6.772, 6.996, 7.105, 8.954, 10.512, 9.866, 8.42, 7.837, 8.295, 8.455, 8.605, 8.962, 7.35, 6.514, 6.885, 6.678, 5.213, 5.238, 6.81, 7.256, 5.9, 5.468, 5.599, 3.325, 1.819, 1.749, 2.426, 2.498, 3.001, 3.256, 3.949, 5.428, 7.815, 9.625, 9.928, 8.41, 7.449, 8.275, 11.441, 10.919, 9.783, 10.292, 8.829, 7.68, 7.294, 7.284, 7.06, 6.876, 7.069, 6.529, 7.074, 7.95, 8.07, 7.805, 7.436, 6.957, 6.242, 6.406, 5.202, 5.051, 4.835, 5.593, 6.485, 6.232, 6.515, 6.382, 5.467, 4.669, 4.444, 5.677, 6.21, 5.665, 5.068, 4.53, 4.101, 3.807], [11.822, 11.346, 13.062, 14.171, 13.387, 12.18, 10.643, 10.439, 9.931, 9.89, 10.014, 9.791, 8.89, 7.216, 9.173, 9.518, 8.822, 5.054, 1.85, 2.803, 2.027, 1.667, 1.812, 1.681, 2.893, 3.154, 2.684, 1.911, 1.815, 2.307, 1.521, 2.034, 1.136, 0.0, 1.23, 1.582, 2.435, 4.421, 8.456, 13.123, 14.092, 11.401, 10.715, 13.207, 13.722, 12.012, 11.674, 12.384, 12.198, 12.339, 12.13, 11.057, 10.902, 10.249, 8.701, 5.53, 5.072, 5.319, 4.893, 3.972, 3.414, 5.049, 6.354, 6.082, 6.565, 5.805, 4.265, 4.76, 5.683, 7.129, 7.136, 7.324, 8.958, 10.405, 9.905, 8.329, 7.531, 8.047, 8.05, 7.966, 8.822, 7.204, 6.645, 6.958, 6.584, 5.363, 5.433, 6.638, 6.579, 5.304, 4.956, 5.008, 3.13, 1.66, 1.494, 2.249, 2.12, 2.387, 2.597, 3.25, 4.705, 7.135, 9.074, 9.221, 7.977, 7.186, 8.025, 10.962, 10.42, 9.582, 9.66, 8.61, 7.763, 7.416, 7.454, 7.202, 6.982, 7.264, 6.668, 6.706, 7.668, 8.073, 7.898, 7.519, 7.201, 6.441, 6.651, 5.558, 5.43, 5.192, 5.881, 6.84, 6.408, 6.539, 6.017, 5.17, 4.555, 4.194, 5.396, 6.087, 5.777, 5.349, 4.894, 4.398, 3.948], [11.632, 11.212, 12.868, 14.143, 13.32, 12.08, 10.541, 10.325, 9.841, 9.632, 9.787, 9.481, 8.458, 6.937, 8.904, 9.256, 8.571, 4.834, 2.334, 3.045, 2.478, 2.318, 2.262, 2.271, 3.379, 3.875, 3.476, 2.668, 2.337, 2.511, 1.736, 2.294, 1.624, 1.23, 0.0, 1.2, 1.922, 4.139, 8.192, 12.855, 13.852, 11.23, 10.621, 13.202, 13.701, 12.039, 11.578, 12.365, 12.205, 12.379, 12.05, 10.961, 10.682, 10.042, 8.567, 4.93, 4.842, 5.229, 4.538, 3.747, 3.15, 4.858, 6.096, 5.822, 6.47, 5.775, 3.527, 4.114, 5.047, 6.525, 6.393, 6.704, 8.619, 10.274, 9.821, 8.182, 7.412, 7.894, 7.795, 7.675, 8.712, 6.772, 6.017, 6.586, 6.317, 4.685, 4.728, 6.423, 6.367, 4.75, 4.507, 4.766, 2.808, 1.532, 1.455, 2.167, 1.962, 2.428, 2.499, 3.121, 4.598, 7.148, 9.096, 9.195, 7.927, 7.089, 7.915, 10.886, 10.384, 9.388, 9.642, 8.485, 7.648, 7.163, 7.017, 6.892, 6.802, 6.695, 6.116, 6.426, 7.508, 7.911, 7.764, 7.393, 6.668, 5.929, 6.131, 4.99, 4.778, 4.629, 5.3, 6.186, 5.904, 5.955, 5.424, 4.642, 3.752, 3.779, 5.286, 5.902, 5.64, 4.891, 4.312, 3.851, 3.485], [11.313, 10.864, 12.467, 13.498, 12.75, 11.536, 10.068, 9.906, 9.532, 9.535, 9.678, 9.377, 8.435, 6.676, 8.558, 8.907, 8.197, 4.458, 2.545, 3.648, 2.968, 2.532, 2.416, 2.349, 3.541, 4.154, 3.649, 2.828, 2.468, 2.675, 2.149, 2.887, 2.038, 1.582, 1.2, 0.0, 1.487, 3.868, 7.847, 12.509, 13.484, 10.81, 10.066, 12.558, 13.152, 11.383, 11.045, 11.802, 11.564, 11.716, 11.529, 10.475, 10.296, 9.665, 8.106, 4.98, 4.739, 5.205, 4.449, 3.417, 3.043, 4.425, 5.756, 5.513, 5.88, 5.209, 3.521, 3.953, 4.936, 6.405, 6.29, 6.686, 8.507, 9.809, 9.484, 7.772, 6.916, 7.472, 7.658, 7.419, 8.229, 6.68, 5.992, 6.524, 6.251, 4.793, 4.667, 6.262, 6.157, 4.849, 4.484, 4.512, 2.629, 1.608, 1.513, 1.943, 1.669, 2.168, 2.315, 2.698, 4.135, 6.579, 8.467, 8.682, 7.365, 6.569, 7.415, 10.305, 9.736, 8.984, 9.104, 8.003, 7.363, 6.936, 6.958, 6.769, 6.673, 6.678, 6.121, 6.314, 7.302, 7.768, 7.581, 7.205, 6.596, 5.798, 6.101, 4.939, 4.622, 4.428, 5.234, 5.997, 5.778, 5.86, 5.52, 4.386, 3.717, 3.632, 5.516, 6.056, 5.456, 4.664, 4.102, 3.619, 3.212], [10.462, 10.075, 11.552, 12.597, 11.789, 10.583, 9.137, 9.082, 8.746, 8.524, 8.724, 8.704, 7.775, 5.716, 7.316, 7.688, 7.038, 3.352, 2.66, 4.448, 3.711, 3.098, 2.664, 2.678, 3.711, 4.369, 3.829, 3.229, 3.045, 3.31, 2.998, 3.797, 2.919, 2.435, 1.922, 1.487, 0.0, 2.711, 6.623, 11.277, 12.239, 9.549, 8.859, 11.535, 12.147, 10.382, 9.97, 10.756, 10.65, 10.774, 10.516, 9.391, 9.076, 8.407, 7.254, 4.301, 4.899, 5.517, 4.52, 3.452, 3.092, 3.343, 4.6, 4.469, 4.923, 4.369, 2.84, 3.548, 4.427, 5.852, 5.751, 6.097, 7.895, 8.91, 8.666, 6.965, 6.073, 6.462, 6.742, 6.353, 7.139, 6.007, 5.395, 5.853, 5.346, 3.895, 4.155, 5.536, 5.229, 4.033, 3.58, 3.426, 2.018, 2.18, 2.11, 2.115, 1.776, 1.969, 1.906, 2.308, 3.27, 5.56, 7.49, 7.828, 6.452, 5.578, 6.484, 9.328, 8.838, 7.861, 8.276, 7.115, 6.637, 6.304, 6.352, 6.146, 5.998, 6.122, 5.525, 5.667, 6.66, 6.972, 6.937, 6.548, 6.03, 5.253, 5.496, 4.361, 4.198, 4.358, 4.691, 5.566, 5.175, 5.267, 4.659, 3.962, 3.258, 3.704, 5.644, 6.127, 5.557, 4.417, 3.596, 3.522, 3.43], [8.94, 8.539, 9.997, 10.926, 10.286, 9.104, 7.662, 7.572, 7.205, 6.937, 7.168, 7.292, 6.383, 3.491, 4.84, 5.262, 4.776, 1.704, 4.159, 6.7, 6.01, 4.554, 3.613, 3.679, 4.663, 5.088, 5.111, 5.237, 5.262, 5.053, 5.361, 6.008, 5.093, 4.421, 4.139, 3.868, 2.711, 0.0, 4.194, 8.864, 9.744, 7.488, 7.233, 9.867, 10.314, 8.776, 8.48, 8.891, 8.852, 9.004, 8.493, 7.413, 7.043, 6.108, 5.103, 3.602, 6.055, 6.932, 5.507, 4.375, 4.026, 2.474, 2.345, 2.514, 3.38, 2.83, 3.144, 3.869, 3.97, 5.047, 4.763, 4.911, 6.488, 7.442, 7.129, 5.436, 4.548, 4.971, 5.179, 4.621, 5.752, 4.662, 4.131, 4.471, 3.839, 2.981, 3.238, 4.046, 3.067, 2.162, 2.072, 2.027, 2.532, 4.304, 4.047, 3.411, 3.222, 2.956, 2.738, 2.292, 2.107, 3.806, 5.749, 6.039, 5.014, 4.2, 5.092, 7.745, 7.181, 6.467, 6.458, 5.67, 5.136, 4.908, 4.989, 4.733, 4.488, 4.791, 4.186, 4.192, 5.169, 5.44, 5.416, 5.134, 4.914, 4.413, 4.715, 4.34, 4.733, 4.941, 4.473, 4.876, 4.227, 4.107, 3.395, 3.511, 3.865, 4.764, 6.416, 7.14, 6.616, 5.268, 4.191, 4.303, 4.606], [5.96, 5.653, 6.954, 7.707, 7.065, 5.886, 4.64, 4.754, 4.596, 4.254, 4.265, 5.172, 5.17, 4.029, 2.949, 3.131, 2.973, 3.781, 8.035, 10.766, 10.066, 8.018, 7.311, 7.348, 7.202, 7.743, 8.441, 9.161, 9.303, 8.804, 9.434, 10.085, 9.152, 8.456, 8.192, 7.847, 6.623, 4.194, 0.0, 4.784, 5.871, 4.26, 3.966, 6.644, 6.969, 5.485, 5.232, 5.597, 5.457, 5.621, 5.149, 3.935, 3.668, 2.804, 2.692, 5.411, 9.432, 10.513, 8.66, 7.542, 6.949, 3.898, 2.739, 3.136, 3.374, 3.596, 6.203, 6.984, 6.29, 6.182, 5.485, 5.554, 5.022, 4.449, 4.225, 3.776, 3.647, 3.382, 3.143, 2.515, 2.982, 4.021, 4.681, 4.715, 4.067, 5.454, 6.045, 3.665, 2.461, 3.915, 4.532, 3.971, 6.185, 8.393, 8.144, 7.38, 7.152, 6.389, 6.005, 5.49, 4.186, 3.115, 3.176, 3.034, 2.972, 3.23, 2.852, 4.489, 3.97, 3.445, 3.48, 3.529, 4.172, 4.632, 4.67, 4.705, 4.151, 5.112, 5.091, 3.993, 3.623, 3.991, 4.984, 6.124, 6.398, 6.112, 6.606, 6.645, 7.578, 7.711, 7.092, 6.781, 6.012, 5.672, 5.212, 5.827, 6.354, 7.972, 9.522, 10.392, 9.664, 8.024, 7.048, 7.434, 7.805], [5.452, 5.206, 5.304, 5.839, 5.91, 4