[[0.0, 1.199, 1.254, 2.315, 3.216, 3.737, 4.156, 3.809, 4.188, 4.526, 3.985, 4.016, 4.964, 4.222, 2.473, 3.136, 5.353, 4.208, 2.067, 2.569, 2.684, 3.018, 1.643, 1.383, 2.414, 2.204, 1.818, 2.137, 2.292, 3.441, 3.895, 5.381, 6.848, 7.223, 7.358, 8.66, 8.542, 8.288, 7.212, 6.683, 4.461, 2.957, 2.512, 3.395, 3.009, 2.527, 3.298, 4.634, 3.29, 2.948, 4.141, 6.337, 7.553, 6.401, 5.451, 5.873, 5.88, 6.858, 8.589, 9.252, 9.841, 10.299, 10.819, 8.815, 4.766, 3.791, 5.882, 3.642, 3.317, 4.953, 6.399, 5.435, 4.434, 3.406, 5.312, 6.675, 6.037, 4.441, 3.37, 2.236, 2.719, 4.274, 4.398, 3.981, 3.818, 3.617, 3.272, 3.149, 2.986, 2.593, 2.827, 2.701, 2.18, 1.846, 2.216, 1.568, 1.718, 1.458, 2.038, 3.146, 4.446, 4.439, 3.949, 3.444, 4.255, 4.553, 5.73, 6.865, 5.672, 3.125, 2.036, 1.591, 1.321, 1.955, 3.596, 5.764, 6.207, 4.714, 3.105, 1.486, 2.42, 4.495, 3.262, 2.144, 2.056, 4.289, 3.836, 1.522, 1.566, 2.022, 1.885, 1.943, 5.027, 7.546, 10.095, 11.245, 13.12, 14.342, 14.405, 14.972, 15.447, 15.918, 15.681, 16.748, 20.194, 21.734, 21.444, 20.166, 19.642, 19.997, 20.047, 20.216, 19.291, 18.406, 17.892, 18.621, 18.666, 18.097, 17.395, 17.584, 17.217, 15.617, 15.619, 17.314, 18.855, 20.056, 20.463, 20.4, 19.92, 16.105, 10.134, 7.709, 7.501, 4.635, 2.367, 2.069, 4.516, 6.288, 5.825, 6.177, 7.298, 6.897, 5.83, 5.032, 2.823, 3.432, 7.33, 12.69, 17.198, 19.258, 19.495, 19.393, 17.435, 14.323, 11.902, 10.81, 10.497, 9.095, 8.509, 8.401, 7.687, 5.631, 4.667, 5.156, 6.9, 6.659], [1.199, 0.0, 0.906, 1.928, 3.026, 3.901, 4.198, 3.742, 3.977, 4.643, 3.746, 4.037, 5.025, 4.265, 3.025, 3.291, 5.421, 4.41, 2.424, 2.884, 3.017, 3.262, 2.275, 1.741, 2.197, 2.288, 1.924, 2.222, 2.712, 3.821, 4.224, 5.565, 7.031, 7.412, 7.551, 8.853, 8.704, 8.091, 7.197, 6.825, 4.476, 2.408, 2.297, 3.21, 2.956, 2.89, 3.931, 5.359, 4.006, 3.316, 4.069, 6.288, 7.658, 6.506, 5.461, 6.048, 6.025, 6.844, 8.666, 9.412, 10.014, 10.48, 11.008, 8.995, 4.309, 3.916, 6.063, 3.782, 3.665, 5.474, 6.73, 6.014, 5.086, 4.041, 5.814, 6.993, 6.346, 4.569, 3.305, 2.464, 3.139, 4.967, 4.578, 4.58, 4.345, 4.175, 4.012, 3.823, 3.507, 3.055, 3.288, 3.248, 2.431, 2.318, 2.655, 1.949, 1.862, 1.936, 2.525, 3.422, 4.641, 4.549, 4.221, 3.53, 4.43, 5.116, 6.043, 7.028, 5.87, 3.665, 2.257, 1.642, 1.437, 1.921, 3.548, 5.703, 6.148, 4.777, 3.19, 1.511, 2.453, 4.664, 3.406, 2.621, 2.517, 4.544, 4.064, 1.58, 1.644, 2.289, 2.168, 1.927, 4.774, 7.729, 10.277, 11.279, 13.181, 14.406, 14.479, 15.044, 15.514, 15.987, 15.722, 16.819, 20.235, 21.8, 21.523, 20.248, 19.706, 20.04, 20.152, 20.312, 19.392, 18.506, 17.945, 18.677, 18.723, 18.172, 17.47, 17.642, 17.317, 15.766, 15.776, 17.42, 18.898, 20.235, 20.572, 20.572, 20.086, 16.188, 10.211, 7.897, 7.385, 4.314, 2.189, 2.339, 4.68, 6.407, 5.93, 6.349, 7.486, 7.1, 6.092, 5.235, 3.382, 4.065, 7.391, 12.871, 17.292, 19.369, 19.622, 19.57, 17.627, 14.515, 12.094, 10.998, 10.681, 9.192, 8.594, 8.486, 7.721, 5.707, 4.584, 5.261, 7.064, 6.793], [1.254, 0.906, 0.0, 1.736, 3.165, 3.89, 4.208, 3.713, 4.064, 4.711, 3.834, 4.181, 5.169, 4.439, 3.253, 3.266, 5.51, 4.421, 2.786, 3.039, 3.476, 3.656, 2.632, 1.995, 2.302, 2.14, 1.817, 2.294, 2.79, 3.738, 4.17, 5.541, 7.049, 7.405, 7.558, 8.861, 8.656, 7.955, 7.14, 6.786, 4.347, 2.288, 2.381, 3.508, 3.167, 3.28, 4.257, 5.611, 4.202, 3.323, 3.935, 6.143, 7.551, 6.395, 5.34, 6.053, 6.018, 6.749, 8.623, 9.389, 10.043, 10.5, 11.047, 8.962, 4.283, 3.943, 6.034, 3.802, 3.714, 5.367, 6.633, 5.922, 4.963, 4.006, 5.585, 6.912, 6.15, 4.437, 3.238, 2.449, 3.385, 5.084, 4.586, 4.69, 4.794, 4.587, 4.288, 4.133, 3.935, 3.465, 3.708, 3.667, 2.882, 2.632, 3.164, 2.414, 2.364, 2.24, 2.742, 3.416, 4.618, 4.473, 4.249, 3.447, 4.17, 5.084, 5.958, 6.966, 5.851, 3.538, 2.491, 1.852, 1.813, 2.225, 3.419, 5.559, 6.036, 4.92, 3.172, 1.67, 2.397, 4.657, 3.477, 2.777, 2.621, 4.521, 4.077, 1.757, 1.86, 2.674, 2.451, 1.999, 4.571, 7.739, 10.296, 11.432, 13.323, 14.544, 14.607, 15.175, 15.647, 16.117, 15.864, 16.946, 20.377, 21.922, 21.639, 20.365, 19.84, 20.181, 20.223, 20.382, 19.458, 18.573, 18.079, 18.811, 18.856, 18.287, 17.588, 17.771, 17.369, 15.8, 15.767, 17.486, 19.004, 20.246, 20.643, 20.586, 20.109, 16.311, 10.336, 7.891, 7.253, 4.092, 2.209, 2.421, 4.589, 6.31, 5.846, 6.368, 7.493, 7.107, 6.15, 5.323, 3.623, 4.475, 7.535, 12.852, 17.362, 19.472, 19.708, 19.589, 17.635, 14.523, 12.102, 10.992, 10.657, 9.26, 8.67, 8.578, 7.875, 5.819, 4.734, 5.333, 7.102, 6.84], [2.315, 1.928, 1.736, 0.0, 1.654, 2.441, 2.623, 2.248, 2.623, 3.146, 2.48, 2.762, 3.776, 3.562, 3.249, 2.448, 3.979, 3.63, 3.023, 3.617, 3.53, 3.256, 2.816, 3.07, 3.133, 3.37, 2.949, 2.728, 2.508, 3.083, 3.214, 4.131, 5.486, 5.843, 5.952, 7.22, 7.06, 6.409, 5.525, 5.176, 2.852, 2.502, 3.194, 3.621, 3.416, 3.636, 4.381, 5.53, 3.92, 3.029, 3.098, 4.652, 5.973, 4.832, 3.967, 4.596, 4.492, 5.196, 7.019, 7.862, 8.465, 8.957, 9.49, 7.347, 3.188, 2.342, 4.504, 2.595, 3.31, 4.585, 5.749, 5.421, 4.503, 3.658, 4.757, 5.707, 5.051, 3.336, 2.045, 2.628, 4.648, 6.335, 5.494, 5.675, 5.079, 4.839, 4.38, 4.185, 4.166, 3.713, 3.918, 3.897, 3.19, 3.13, 3.515, 2.985, 2.914, 2.804, 2.974, 2.741, 3.315, 3.501, 3.655, 2.766, 3.396, 4.339, 4.9, 5.439, 4.493, 3.09, 2.824, 2.222, 2.666, 3.44, 4.915, 7.137, 7.711, 6.485, 4.676, 2.802, 1.787, 3.369, 2.718, 2.979, 2.514, 3.357, 2.831, 1.859, 2.315, 2.498, 2.684, 2.624, 3.087, 6.156, 8.66, 9.833, 11.781, 13.003, 13.065, 13.632, 14.106, 14.575, 14.293, 15.405, 18.784, 20.34, 20.061, 18.824, 18.299, 18.551, 18.591, 18.755, 17.831, 16.946, 16.448, 17.256, 17.26, 16.651, 16.017, 16.228, 15.775, 14.161, 14.262, 15.968, 17.492, 18.664, 19.113, 19.072, 18.549, 14.767, 8.794, 6.318, 5.7, 2.65, 2.805, 2.597, 3.864, 4.77, 4.301, 4.738, 5.864, 5.673, 5.291, 4.451, 3.298, 4.525, 6.083, 11.232, 15.784, 17.919, 18.17, 18.008, 16.009, 12.926, 10.462, 9.411, 9.022, 7.631, 7.045, 6.948, 6.28, 4.199, 3.13, 3.79, 5.56, 5.218], [3.216, 3.026, 3.165, 1.654, 0.0, 1.493, 1.548, 1.32, 1.529, 2.056, 1.58, 1.625, 2.685, 3.021, 3.008, 2.128, 3.137, 3.23, 3.826, 4.505, 3.526, 2.9, 3.162, 4.108, 4.501, 4.844, 4.468, 3.918, 2.813, 2.937, 2.772, 3.417, 4.558, 4.726, 4.955, 5.963, 5.873, 5.378, 4.375, 3.999, 2.177, 3.625, 4.423, 4.066, 3.825, 4.25, 4.548, 5.434, 3.686, 2.876, 2.988, 3.757, 4.862, 3.79, 3.165, 3.654, 3.273, 4.011, 5.836, 6.57, 7.156, 7.592, 8.118, 6.132, 2.549, 1.36, 3.323, 1.994, 3.024, 4.248, 5.159, 5.309, 4.365, 3.723, 4.431, 4.972, 4.436, 2.858, 1.768, 3.032, 5.575, 7.39, 6.906, 6.729, 5.597, 4.856, 4.271, 4.154, 4.098, 3.879, 4.157, 3.706, 3.615, 3.882, 3.957, 3.655, 3.677, 3.75, 3.071, 2.695, 3.013, 3.384, 3.589, 2.625, 3.35, 3.973, 4.257, 4.457, 3.701, 2.964, 2.941, 2.98, 3.493, 4.693, 6.54, 8.71, 9.063, 7.63, 6.009, 4.069, 1.925, 2.71, 2.509, 3.36, 2.837, 2.597, 2.269, 2.442, 3.107, 2.475, 3.287, 4.004, 2.347, 4.848, 7.382, 8.377, 10.18, 11.405, 11.53, 12.07, 12.526, 13.049, 12.822, 13.832, 17.335, 18.905, 18.629, 17.262, 16.716, 17.138, 17.253, 17.417, 16.499, 15.612, 15.044, 15.776, 15.824, 15.279, 14.577, 14.745, 14.435, 12.878, 12.884, 14.508, 15.995, 17.357, 17.65, 17.66, 17.219, 13.227, 7.263, 5.024, 4.624, 2.054, 4.0, 3.197, 3.72, 3.91, 3.093, 3.55, 4.654, 4.892, 4.726, 3.796, 3.03, 4.04, 4.775, 10.013, 14.397, 16.408, 16.697, 16.675, 14.737, 11.625, 9.205, 8.125, 7.823, 6.293, 5.701, 5.597, 4.819, 2.813, 1.969, 2.375, 4.182, 3.93], [3.737, 3.901, 3.89, 2.441, 1.493, 0.0, 0.948, 1.168, 1.812, 1.828, 2.133, 1.874, 2.345, 2.783, 3.176, 2.209, 2.471, 2.784, 4.114, 4.805, 3.61, 2.828, 3.523, 4.738, 5.164, 5.541, 5.166, 4.603, 3.523, 3.028, 2.248, 2.827, 3.758, 3.806, 4.093, 5.031, 4.886, 4.891, 3.753, 3.311, 2.04, 4.039, 4.909, 4.704, 4.294, 4.689, 4.806, 5.382, 3.705, 2.799, 2.716, 3.125, 3.887, 3.034, 2.642, 3.05, 2.67, 3.606, 5.084, 5.613, 6.192, 6.656, 7.176, 5.161, 2.196, 1.283, 2.767, 1.944, 2.676, 3.952, 4.961, 4.933, 3.937, 3.708, 4.069, 4.671, 4.061, 2.647, 2.028, 3.755, 6.218, 7.804, 7.529, 6.999, 5.913, 5.079, 4.432, 4.39, 4.495, 4.618, 4.659, 4.09, 3.992, 4.554, 4.425, 4.236, 4.326, 4.326, 3.329, 2.618, 2.649, 3.028, 3.43, 2.739, 3.433, 3.736, 3.793, 3.847, 3.301, 2.865, 3.796, 3.842, 4.268, 5.436, 7.238, 9.408, 9.835, 8.392, 6.666, 4.747, 2.144, 2.131, 2.659, 3.757, 3.144, 2.326, 1.777, 3.111, 3.652, 3.046, 3.793, 4.668, 2.204, 3.997, 6.452, 7.59, 9.475, 10.696, 10.765, 11.327, 11.801, 12.275, 12.027, 13.103, 16.541, 18.081, 17.79, 16.522, 15.998, 16.344, 16.401, 16.57, 15.645, 14.76, 14.24, 14.969, 15.013, 14.442, 13.741, 13.929, 13.562, 11.994, 11.941, 13.659, 15.231, 16.411, 16.826, 16.765, 16.245, 12.461, 6.603, 4.073, 3.973, 2.127, 4.51, 3.587, 3.395, 3.546, 2.598, 3.112, 4.145, 4.38, 4.236, 3.324, 2.861, 4.238, 4.419, 9.031, 13.552, 15.613, 15.852, 15.753, 13.789, 10.677, 8.256, 7.154, 6.922, 5.622, 4.922, 4.796, 4.053, 2.065, 1.651, 1.583, 3.355, 3.156], [4.156, 4.198, 4.208, 2.623, 1.548, 0.948, 0.0, 1.221, 1.475, 1.507, 1.758, 1.728, 2.163, 2.735, 3.088, 1.985, 2.264, 2.552, 4.357, 4.849, 3.696, 2.861, 3.85, 5.104, 5.429, 5.762, 5.435, 4.858, 3.522, 2.802, 2.144, 2.641, 3.566, 3.591, 3.806, 4.693, 4.542, 4.347, 3.233, 2.924, 1.69, 4.172, 4.997, 4.443, 4.086, 4.843, 4.964, 5.018, 3.668, 2.646, 2.462, 2.733, 3.555, 2.705, 2.245, 2.793, 2.372, 3.163, 4.649, 5.309, 5.874, 6.379, 6.89, 4.823, 2.076, 1.309, 2.603, 1.758, 2.676, 3.951, 4.99, 4.894, 3.884, 3.505, 4.012, 4.602, 4.02, 2.44, 1.849, 3.573, 6.581, 8.171, 7.767, 7.328, 6.149, 5.132, 4.341, 4.149, 4.477, 4.813, 4.739, 4.159, 4.29, 4.823, 4.866, 4.613, 4.646, 4.617, 3.37, 2.467, 2.633, 2.991, 3.351, 2.365, 3.155, 3.543, 3.728, 3.698, 3.206, 2.649, 3.681, 3.998, 4.584, 5.742, 7.507, 9.684, 10.178, 8.77, 7.062, 5.052, 2.166, 1.963, 2.371, 3.767, 3.35, 2.204, 1.793, 3.308, 3.953, 3.057, 4.082, 4.937, 1.976, 3.633, 6.127, 7.255, 9.195, 10.417, 10.484, 11.047, 11.522, 12.005, 11.705, 12.823, 16.204, 17.752, 17.471, 16.242, 15.718, 16.008, 16.062, 16.233, 15.307, 14.423, 13.904, 14.666, 14.679, 14.108, 13.427, 13.639, 13.224, 11.637, 11.684, 13.386, 14.921, 16.09, 16.532, 16.475, 15.954, 12.181, 6.325, 3.751, 3.464, 1.831, 4.674, 3.768, 3.275, 3.346, 2.287, 2.848, 3.976, 4.266, 4.091, 3.156, 2.602, 4.109, 4.257, 8.698, 13.218, 15.333, 15.588, 15.43, 13.459, 10.347, 7.926, 6.858, 6.689, 5.321, 4.623, 4.501, 3.768, 1.769, 1.572, 1.314, 3.009, 2.718], [3.809, 3.742, 3.713, 2.248, 1.32, 1.168, 1.221, 0.0, 1.41, 1.564, 1.633, 1.484, 2.106, 2.583, 3.309, 2.012, 2.553, 2.805, 4.052, 4.777, 3.919, 2.81, 3.8, 4.657, 5.006, 5.412, 4.951, 4.379, 3.146, 2.564, 1.943, 2.708, 3.802, 3.988, 4.164, 5.275, 5.024, 4.585, 3.609, 3.207, 1.814, 3.911, 4.731, 4.299, 3.916, 4.705, 4.891, 5.208, 3.943, 3.017, 2.359, 2.937, 3.994, 2.977, 2.458, 2.824, 2.626, 3.218, 5.048, 5.819, 6.438, 6.937, 7.448, 5.366, 2.051, 1.312, 2.653, 1.83, 2.636, 3.72, 4.749, 4.71, 3.666, 3.663, 3.794, 4.588, 3.858, 2.155, 1.594, 3.373, 6.235, 7.901, 7.335, 7.059, 6.073, 5.293, 4.558, 4.254, 4.6, 4.643, 4.779, 4.27, 4.245, 4.503, 4.566, 4.245, 4.255, 4.303, 3.299, 2.594, 2.445, 2.874, 3.359, 2.449, 2.632, 3.281, 3.579, 3.792, 3.192, 2.711, 3.416, 3.611, 4.147, 5.36, 7.015, 9.174, 9.646, 8.304, 6.508, 4.56, 2.087, 1.958, 2.533, 3.584, 3.07, 2.194, 1.787, 2.987, 3.479, 2.94, 3.704, 4.445, 1.572, 4.152, 6.715, 7.789, 9.704, 10.926, 11.001, 11.556, 12.03, 12.511, 12.227, 13.337, 16.74, 18.285, 17.999, 16.757, 16.228, 16.544, 16.613, 16.785, 15.86, 14.976, 14.445, 15.178, 15.221, 14.649, 13.948, 14.149, 13.757, 12.213, 12.152, 13.886, 15.406, 16.654, 17.024, 16.997, 16.481, 12.704, 6.725, 4.305, 3.773, 2.014, 4.327, 3.37, 3.097, 3.253, 2.294, 2.981, 4.163, 4.26, 4.009, 3.071, 2.758, 4.249, 4.33, 9.262, 13.765, 15.86, 16.103, 16.008, 14.05, 10.937, 8.516, 7.401, 7.094, 5.705, 5.082, 4.979, 4.251, 2.195, 1.46, 1.877, 3.736, 3.585], [4.188, 3.977, 4.064, 2.623, 1.529, 1.812, 1.475, 1.41, 0.0, 1.129, 0.945, 1.252, 2.057, 2.47, 3.085, 2.044, 2.821, 2.79, 4.63, 5.391, 4.012, 2.756, 4.044, 5.044, 5.273, 5.622, 5.32, 4.802, 3.555, 2.735, 2.238, 2.732, 3.609, 3.746, 4.131, 5.041, 5.113, 4.677, 3.712, 3.289, 2.103, 4.308, 5.035, 4.627, 4.236, 4.874, 5.197, 5.229, 4.178, 3.379, 2.917, 3.106, 4.136, 3.255, 2.705, 2.859, 2.558, 3.331, 5.128, 5.739, 6.207, 6.672, 7.158, 5.3, 1.974, 1.473, 2.564, 1.677, 2.631, 3.619, 4.488, 4.61, 3.712, 3.686, 3.848, 4.27, 3.842, 2.314, 1.96, 3.731, 6.352, 8.025, 7.783, 7.626, 6.33, 5.327, 4.254, 4.025, 4.402, 4.532, 4.613, 4.046, 4.331, 4.715, 4.748, 4.54, 4.477, 4.588, 3.542, 2.599, 2.594, 2.967, 3.319, 2.674, 2.838, 3.399, 3.434, 3.684, 3.046, 2.677, 3.684, 3.847, 4.464, 5.491, 7.392, 9.568, 10.028, 8.322, 6.859, 4.941, 2.629, 2.163, 2.418, 4.149, 3.099, 1.829, 1.935, 3.166, 3.795, 3.028, 3.808, 4.822, 2.08, 4.081, 6.349, 7.371, 9.311, 10.545, 10.623, 11.167, 11.643, 12.121, 11.821, 12.964, 16.321, 17.874, 17.598, 16.364, 15.833, 16.124, 16.192, 16.358, 15.445, 14.553, 14.03, 14.793, 14.813, 14.247, 13.562, 13.806, 13.437, 11.921, 12.175, 13.786, 15.275, 16.383, 16.822, 16.847, 16.282, 12.34, 6.336, 4.104, 3.962, 2.499, 4.637, 3.984, 3.44, 3.359, 2.469, 2.613, 3.758, 3.895, 3.799, 2.955, 2.822, 3.945, 3.925, 9.059, 13.346, 15.48, 15.742, 15.618, 13.704, 10.592, 8.241, 7.156, 6.885, 5.229, 4.692, 4.585, 3.813, 1.818, 1.636, 1.787, 3.335, 3.298], [4.526, 4.643, 4.711, 3.146, 2.056, 1.828, 1.507, 1.564, 1.129, 0.0, 1.325, 1.478, 1.623, 1.957, 3.078, 2.05, 2.38, 2.463, 4.68, 5.421, 3.913, 2.804, 4.111, 5.473, 5.9, 6.266, 5.964, 5.387, 3.994, 2.577, 1.998, 2.282, 3.145, 3.317, 3.549, 4.361, 4.387, 4.275, 3.183, 2.779, 2.208, 4.836, 5.531, 4.913, 4.662, 5.092, 5.203, 4.864, 4.031, 3.321, 2.791, 2.814, 3.48, 2.751, 2.439, 2.352, 1.974, 2.979, 4.431, 5.029, 5.507, 5.979, 6.467, 4.599, 2.538, 1.653, 2.134, 1.659, 2.267, 3.191, 4.091, 4.171, 3.303, 3.678, 3.402, 3.85, 3.391, 1.955, 2.193, 3.971, 6.729, 8.305, 8.201, 7.628, 6.301, 5.282, 4.241, 3.941, 4.471, 4.778, 4.718, 4.146, 4.457, 5.067, 4.944, 4.786, 4.942, 4.949, 3.658, 2.663, 2.274, 2.753, 3.091, 2.542, 2.673, 2.929, 2.95, 3.079, 2.548, 2.563, 4.01, 4.451, 5.067, 6.135, 8.036, 10.207, 10.686, 9.008, 7.486, 5.569, 2.746, 1.821, 2.466, 4.185, 3.43, 1.736, 1.842, 3.741, 4.402, 3.182, 4.374, 5.467, 2.164, 3.369, 5.665, 6.735, 8.668, 9.889, 9.98, 10.529, 11.004, 11.476, 11.176, 12.321, 15.684, 17.224, 16.946, 15.714, 15.19, 15.488, 15.55, 15.714, 14.799, 13.907, 13.39, 14.141, 14.17, 13.597, 12.908, 13.155, 12.771, 11.218, 11.468, 13.11, 14.607, 15.675, 16.146, 16.159, 15.586, 11.701, 5.692, 3.418, 3.431, 2.806, 5.155, 4.285, 2.941, 2.755, 2.01, 2.132, 3.302, 3.441, 3.203, 2.504, 2.677, 3.915, 3.403, 8.374, 12.694, 14.816, 15.076, 14.928, 13.008, 9.896, 7.553, 6.505, 6.327, 4.701, 4.153, 4.096, 3.288, 1.392, 1.662, 1.703, 2.969, 2.924], [3.985, 3.746, 3.834, 2.48, 1.58, 2.133, 1.758, 1.633, 0.945, 1.325, 0.0, 1.157, 1.984, 2.391, 2.811, 1.834, 2.863, 2.715, 4.365, 5.115, 3.742, 2.673, 3.802, 4.841, 5.084, 5.451, 5.149, 4.605, 3.458, 2.792, 2.22, 2.809, 3.75, 4.047, 4.182, 5.34, 5.423, 5.007, 4.049, 3.562, 2.233, 4.015, 4.712, 4.374, 3.918, 4.621, 4.819, 4.924, 3.854, 3.135, 2.831, 3.442, 4.462, 3.502, 2.733, 2.976, 2.774, 3.69, 5.502, 5.993, 6.496, 6.936, 7.426, 5.612, 2.277, 1.761, 2.909, 1.711, 2.563, 3.651, 4.604, 4.683, 3.784, 3.611, 3.991, 4.628, 4.081, 2.521, 1.912, 3.63, 6.132, 7.797, 7.519, 7.343, 6.052, 5.109, 4.111, 3.853, 4.306, 4.306, 4.507, 3.886, 4.163, 4.508, 4.477, 4.318, 4.314, 4.416, 3.31, 2.552, 2.639, 3.032, 3.354, 2.61, 2.946, 3.402, 3.603, 4.001, 3.294, 2.616, 3.534, 3.631, 4.256, 5.324, 7.221, 9.391, 9.726, 8.108, 6.652, 4.754, 2.528, 2.311, 2.393, 3.964, 2.889, 1.936, 1.962, 2.972, 3.667, 2.98, 3.643, 4.678, 2.318, 4.391, 6.701, 7.676, 9.493, 10.724, 10.824, 11.372, 11.838, 12.345, 12.118, 13.162, 16.631, 18.188, 17.91, 16.56, 16.029, 16.439, 16.542, 16.7, 15.78, 14.893, 14.343, 15.073, 15.121, 14.559, 13.858, 14.071, 13.736, 12.237, 12.369, 13.982, 15.486, 16.686, 17.007, 17.058, 16.553, 12.551, 6.552, 4.405, 4.311, 2.42, 4.35, 3.87, 3.472, 3.583, 2.917, 2.973, 4.154, 4.074, 3.774, 2.844, 2.572, 3.673, 3.912, 9.365, 13.68, 15.697, 15.99, 15.957, 14.016, 10.904, 8.544, 7.569, 7.366, 5.73, 5.206, 5.141, 4.281, 2.326, 2.068, 2.257, 3.534, 3.526], [4.016, 4.037, 4.181, 2.762, 1.625, 1.874, 1.728, 1.484, 1.252, 1.478, 1.157, 0.0, 1.587, 2.155, 2.638, 1.664, 2.442, 2.36, 4.275, 5.07, 3.477, 2.471, 3.684, 4.942, 5.421, 5.8, 5.498, 4.921, 3.555, 2.592, 2.026, 2.261, 3.348, 3.734, 3.908, 5.169, 5.232, 5.006, 3.935, 3.385, 2.062, 4.129, 4.875, 4.282, 3.992, 4.485, 4.571, 4.719, 3.46, 2.822, 2.332, 3.195, 4.273, 3.219, 2.572, 2.559, 2.613, 3.633, 5.401, 5.816, 6.35, 6.784, 7.295, 5.431, 2.777, 1.635, 2.901, 1.413, 2.369, 3.536, 4.442, 4.581, 3.667, 3.486, 3.838, 4.662, 4.033, 2.415, 1.787, 3.568, 6.182, 7.816, 7.711, 7.318, 5.973, 4.883, 3.913, 3.715, 3.986, 4.233, 4.277, 3.658, 3.989, 4.586, 4.395, 4.224, 4.479, 4.487, 3.232, 2.351, 2.444, 2.787, 3.093, 2.528, 2.974, 3.255, 3.439, 4.061, 3.358, 2.559, 3.518, 3.918, 4.47, 5.668, 7.57, 9.741, 10.075, 8.455, 6.989, 5.075, 2.435, 1.903, 2.191, 3.888, 2.951, 1.728, 1.515, 3.198, 3.907, 2.8, 3.844, 5.0, 2.307, 4.22, 6.503, 7.376, 9.22, 10.456, 10.596, 11.079, 11.532, 12.069, 11.839, 12.888, 16.339, 17.95, 17.678, 16.273, 15.701, 16.176, 16.34, 16.462, 15.553, 14.661, 14.085, 14.79, 14.866, 14.362, 13.631, 13.809, 13.599, 12.062, 12.186, 13.8, 15.264, 16.551, 16.863, 16.891, 16.404, 12.275, 6.369, 4.265, 4.228, 2.552, 4.647, 3.849, 3.206, 3.541, 2.863, 2.917, 4.152, 3.932, 3.498, 2.563, 2.346, 3.258, 3.734, 9.204, 13.465, 15.508, 15.828, 15.789, 13.885, 10.773, 8.382, 7.501, 7.341, 5.609, 5.054, 4.965, 4.135, 2.28, 2.086, 2.041, 3.521, 3.329], [4.964, 5.025, 5.169, 3.776, 2.685, 2.345, 2.163, 2.106, 2.057, 1.623, 1.984, 1.587, 0.0, 1.554, 2.887, 2.174, 1.682, 1.99, 5.186, 5.759, 3.618, 2.685, 4.175, 5.919, 6.451, 6.788, 6.486, 5.909, 4.501, 2.622, 2.068, 1.629, 2.218, 2.624, 2.724, 3.948, 4.163, 4.306, 3.333, 2.71, 2.908, 5.079, 5.897, 5.249, 4.994, 5.469, 5.379, 4.624, 3.586, 3.244, 2.752, 2.619, 3.308, 2.685, 2.387, 1.457, 1.639, 2.889, 4.348, 4.721, 5.18, 5.595, 6.087, 4.383, 3.554, 2.296, 1.886, 1.56, 2.032, 2.382, 3.328, 3.305, 2.763, 3.457, 2.867, 3.69, 3.016, 1.946, 2.433, 4.251, 7.186, 8.787, 8.722, 8.132, 6.684, 4.91, 3.986, 3.902, 4.318, 5.019, 4.705, 3.806, 4.438, 5.49, 5.144, 5.197, 5.444, 5.489, 3.928, 2.637, 1.788, 2.245, 2.451, 2.41, 2.544, 2.607, 2.454, 3.018, 2.427, 2.71, 4.282, 4.906, 5.461, 6.656, 8.558, 10.728, 11.063, 9.457, 7.977, 6.063, 3.078, 1.276, 2.347, 4.63, 3.861, 1.918, 1.692, 4.173, 4.909, 3.601, 4.804, 5.988, 2.408, 3.301, 5.356, 6.317, 8.156, 9.387, 9.468, 10.02, 10.494, 10.989, 10.767, 11.81, 15.275, 16.843, 16.568, 15.224, 14.691, 15.08, 15.197, 15.355, 14.441, 13.551, 12.986, 13.718, 13.767, 13.22, 12.519, 12.701, 12.422, 10.943, 11.018, 12.637, 14.167, 15.393, 15.721, 15.7, 15.208, 11.169, 5.227, 3.2, 3.612, 3.493, 5.669, 4.8, 2.548, 2.59, 1.979, 2.03, 2.986, 2.785, 2.342, 1.468, 2.59, 3.526, 2.65, 7.999, 12.335, 14.353, 14.647, 14.621, 12.704, 9.591, 7.196, 6.224, 6.086, 4.425, 3.847, 3.779, 2.982, 1.755, 2.67, 2.093, 2.989, 2.877], [4.222, 4.265, 4.439, 3.562, 3.021, 2.783, 2.735, 2.583, 2.47, 1.957, 2.391, 2.155, 1.554, 0.0, 2.205, 1.762, 1.86, 1.852, 4.65, 5.203, 2.991, 2.114, 3.499, 5.18, 5.685, 6.019, 5.714, 5.137, 3.73, 1.937, 2.27, 2.213, 3.139, 3.278, 3.361, 4.753, 4.803, 5.066, 4.174, 3.451, 3.423, 5.22, 5.619, 4.966, 4.747, 5.13, 5.079, 3.988, 3.096, 3.131, 2.614, 2.915, 3.837, 3.064, 2.816, 2.282, 2.442, 3.776, 4.889, 5.396, 5.914, 6.354, 6.839, 5.161, 4.218, 2.866, 2.254, 1.422, 1.325, 1.99, 3.054, 2.631, 2.051, 2.489, 2.519, 3.366, 2.785, 1.695, 2.136, 3.514, 6.451, 8.072, 7.994, 7.433, 6.017, 4.294, 3.261, 3.377, 3.562, 4.392, 4.014, 3.159, 3.815, 4.745, 4.601, 4.391, 4.674, 4.725, 3.244, 2.255, 1.584, 1.707, 1.766, 1.644, 2.346, 1.81, 2.368, 3.135, 2.11, 1.931, 3.535, 4.134, 4.753, 5.885, 7.786, 9.957, 10.355, 8.679, 7.206, 5.291, 2.69, 1.447, 1.697, 3.908, 3.24, 2.223, 1.843, 3.691, 4.247, 3.017, 4.184, 5.219, 3.441, 4.239, 6.066, 7.025, 8.926, 10.159, 10.233, 10.793, 11.264, 11.733, 11.468, 12.572, 15.982, 17.545, 17.272, 15.996, 15.453, 15.789, 15.904, 16.057, 15.144, 14.252, 13.694, 14.428, 14.477, 13.927, 13.223, 13.428, 13.147, 11.625, 11.813, 13.43, 14.877, 16.093, 16.464, 16.511, 15.97, 11.957, 5.963, 3.873, 4.331, 4.237, 5.142, 4.034, 1.485, 2.61, 2.494, 2.607, 3.417, 2.976, 2.167, 1.732, 2.311, 3.164, 3.137, 8.785, 13.044, 15.128, 15.407, 15.324, 13.428, 10.315, 7.963, 6.859, 6.611, 4.977, 4.441, 4.368, 3.653, 2.503, 3.323, 2.905, 3.759, 3.478], [2.473, 3.025, 3.253, 3.249, 3.008, 3.176, 3.088, 3.309, 3.085, 3.078, 2.811, 2.638, 2.887, 2.205, 0.0, 1.715, 3.502, 2.363, 2.906, 3.344, 1.536, 1.382, 1.667, 3.29, 3.799, 4.162, 3.832, 3.284, 2.458, 2.365, 2.776, 3.546, 4.702, 5.125, 5.23, 6.624, 6.782, 6.963, 5.82, 5.286, 3.744, 4.12, 3.872, 3.405, 2.984, 3.275, 3.132, 3.326, 1.997, 1.904, 2.849, 4.74, 5.834, 4.881, 3.805, 3.914, 4.185, 5.457, 6.922, 7.342, 7.766, 8.216, 8.697, 6.979, 4.756, 3.125, 4.074, 2.07, 1.522, 3.198, 4.633, 3.737, 2.888, 2.073, 3.841, 5.16, 4.501, 3.077, 2.505, 1.865, 4.538, 6.108, 6.081, 5.506, 4.051, 2.458, 1.55, 1.853, 1.696, 2.361, 2.048, 1.239, 1.774, 2.893, 2.641, 2.518, 2.842, 2.841, 1.49, 1.724, 2.806, 2.735, 2.203, 2.188, 3.266, 3.252, 3.913, 5.148, 4.004, 1.934, 1.983, 2.323, 2.864, 4.002, 5.904, 8.074, 8.465, 6.789, 5.323, 3.412, 1.87, 2.713, 1.756, 2.109, 1.742, 2.539, 2.152, 2.26, 2.706, 1.589, 2.28, 3.405, 4.459, 5.917, 7.949, 8.921, 10.809, 12.041, 12.116, 12.66, 13.135, 13.611, 13.36, 14.454, 17.873, 19.421, 19.142, 17.865, 17.333, 17.684, 17.771, 17.924, 17.011, 16.119, 15.59, 16.319, 16.371, 15.801, 15.097, 15.322, 15.018, 13.529, 13.701, 15.314, 16.814, 17.981, 18.351, 18.384, 17.83, 13.843, 7.838, 5.775, 6.062, 4.31, 3.519, 2.341, 3.02, 4.645, 4.425, 4.443, 5.237, 4.777, 3.703, 2.886, 1.273, 1.647, 5.02, 10.647, 14.912, 16.983, 17.265, 17.193, 15.298, 12.186, 9.826, 8.755, 8.513, 6.872, 6.295, 6.23, 5.422, 3.707, 4.197, 3.54, 4.768, 4.599], [3.136, 3.291, 3.266, 2.448, 2.128, 2.209, 1.985, 2.012, 2.044, 2.05, 1.834, 1.664, 2.174, 1.762, 1.715, 0.0, 2.668, 1.612, 3.248, 4.031, 2.331, 1.775, 2.844, 4.063, 4.325, 4.771, 4.415, 3.869, 2.508, 1.644, 1.86, 2.431, 3.839, 4.165, 4.336, 5.646, 5.609, 5.358, 4.258, 3.789, 2.303, 3.65, 4.098, 3.468, 3.226, 3.783, 3.82, 3.557, 2.349, 1.95, 1.784, 3.37, 4.626, 3.477, 2.544, 2.931, 3.017, 3.901, 5.612, 6.313, 6.895, 7.313, 7.914, 5.847, 3.282, 2.151, 3.061, 1.005, 1.403, 3.135, 4.435, 3.719, 2.823, 2.163, 3.365, 4.471, 3.783, 2.128, 1.086, 2.222, 5.43, 6.857, 6.665, 6.272, 4.975, 3.643, 2.84, 2.801, 3.123, 3.495, 3.336, 2.733, 3.238, 3.721, 3.705, 3.551, 3.583, 3.535, 2.105, 1.367, 2.023, 2.142, 2.116, 1.385, 2.298, 2.53, 3.203, 4.065, 3.131, 1.407, 2.549, 3.088, 3.632, 4.697, 6.503, 8.658, 9.229, 7.666, 6.002, 4.07, 1.407, 1.737, 1.173, 2.724, 2.07, 1.806, 1.277, 2.471, 2.917, 2.061, 2.915, 3.929, 2.958, 4.708, 7.119, 8.319, 10.222, 11.443, 11.505, 12.074, 12.548, 13.016, 12.749, 13.875, 17.262, 18.802, 18.507, 17.262, 16.737, 17.065, 17.098, 17.243, 16.314, 15.433, 14.959, 15.683, 15.728, 15.151, 14.452, 14.655, 14.268, 12.694, 12.77, 14.511, 16.038, 17.077, 17.559, 17.526, 16.948, 13.224, 7.241, 4.651, 4.533, 2.872, 3.685, 2.674, 2.138, 3.494, 3.071, 3.255, 4.374, 3.935, 3.299, 2.446, 1.557, 2.742, 4.442, 9.65, 14.23, 16.351, 16.593, 16.409, 14.397, 11.303, 8.856, 7.845, 7.613, 6.276, 5.709, 5.677, 4.895, 2.944, 2.983, 2.637, 4.038, 3.824], [5.353, 5.421, 5.51, 3.979, 3.137, 2.471, 2.264, 2.553, 2.821, 2.38, 2.863, 2.442, 1.682, 1.86, 3.502, 2.668, 0.0, 1.767, 5.174, 5.954, 3.721, 3.366, 4.704, 6.237, 6.705, 7.019, 6.669, 6.058, 4.629, 2.886, 2.757, 1.752, 2.279, 2.345, 2.556, 3.558, 3.523, 3.877, 3.115, 2.381, 2.949, 5.223, 6.053, 5.297, 5.134, 5.743, 5.821, 4.684, 3.675, 3.232, 2.836, 1.99, 2.54, 1.83, 2.369, 1.921, 1.982, 3.099, 3.997, 4.508, 4.938, 5.411, 5.933, 3.995, 3.782, 2.809, 2.213, 1.961, 2.502, 2.907, 3.98, 3.704, 3.158, 3.379, 2.973, 3.654, 3.201, 2.414, 2.756, 4.524, 7.641, 9.099, 8.92, 8.337, 7.125, 5.306, 4.375, 4.364, 4.876, 5.656, 5.315, 4.505, 5.204, 5.981, 5.815, 5.73, 5.846, 5.764, 4.424, 2.846, 2.15, 2.584, 2.555, 2.537, 3.225, 2.707, 2.957, 3.092, 2.386, 3.158, 4.639, 5.223, 5.869, 6.93, 8.789, 11.016, 11.457, 9.904, 8.308, 6.381, 3.326, 1.488, 2.475, 4.873, 4.217, 2.821, 2.096, 4.513, 5.167, 4.053, 5.257, 6.22, 2.965, 3.239, 4.985, 6.165, 8.084, 9.303, 9.399, 9.944, 10.412, 10.923, 10.633, 11.765, 15.123, 16.687, 16.416, 15.135, 14.608, 14.888, 14.935, 15.074, 14.155, 13.204, 12.787, 13.601, 13.606, 12.953, 12.368, 12.578, 12.173, 10.614, 10.705, 12.356, 13.891, 15.115, 15.512, 15.492, 14.985, 11.101, 5.462, 3.052, 3.278, 3.37, 5.857, 4.962, 2.213, 2.703, 2.211, 2.355, 3.145, 3.085, 2.737, 2.246, 2.961, 4.382, 3.076, 7.716, 12.175, 14.277, 14.537, 14.435, 12.447, 9.375, 6.915, 6.235, 6.161, 4.391, 3.814, 3.769, 3.113, 2.272, 2.992, 2.349, 2.987, 2.567], [4.208, 4.41, 4.421, 3.63, 3.23, 2.784, 2.552, 2.805, 2.79, 2.463, 2.715, 2.36, 1.99, 1.852, 2.363, 1.612, 1.767, 0.0, 3.894, 4.846, 2.593, 2.154, 3.55, 5.179, 5.454, 5.808, 5.407, 4.826, 3.332, 1.889, 1.796, 1.801, 2.905, 3.324, 3.453, 4.553, 4.659, 4.949, 3.993, 3.35, 2.615, 4.422, 4.755, 3.981, 3.811, 4.424, 4.519, 3.489, 2.691, 2.314, 2.143, 2.832, 3.752, 2.875, 2.18, 2.304, 2.612, 3.669, 4.939, 5.696, 6.157, 6.591, 7.163, 5.187, 3.909, 2.911, 2.973, 1.58, 1.322, 2.811, 4.082, 3.307, 2.466, 2.379, 2.825, 4.043, 3.512, 2.492, 1.955, 3.295, 6.538, 7.734, 7.641, 7.086, 5.867, 4.142, 3.222, 3.054, 3.703, 4.475, 4.137, 3.362, 3.987, 4.869, 4.684, 4.684, 4.73, 4.62, 3.167, 1.783, 1.717, 2.146, 1.926, 1.667, 2.551, 2.484, 2.865, 3.611, 2.798, 1.9, 3.592, 4.193, 4.774, 5.667, 7.501, 9.737, 10.38, 8.815, 7.156, 5.221, 2.311, 1.432, 1.74, 3.563, 2.851, 1.879, 1.466, 3.423, 3.958, 2.921, 3.947, 4.91, 3.415, 4.268, 6.124, 7.448, 9.408, 10.618, 10.673, 11.254, 11.735, 12.188, 11.896, 13.088, 16.387, 17.945, 17.652, 16.432, 15.908, 16.189, 16.184, 16.236, 15.316, 14.394, 14.078, 14.845, 14.861, 14.244, 13.612, 13.831, 13.408, 11.872, 11.993, 13.68, 15.289, 16.308, 16.838, 16.737, 16.209, 12.369, 6.515, 4.134, 4.254, 3.572, 4.61, 3.666, 2.087, 3.244, 2.961, 3.055, 3.792, 3.205, 2.492, 2.009, 1.829, 3.188, 3.735, 8.837, 13.381, 15.54, 15.773, 15.575, 13.586, 10.465, 7.986, 7.194, 6.98, 5.436, 4.874, 4.901, 4.231, 2.82, 3.564, 2.745, 3.676, 3.384], [2.067, 2.424, 2.786, 3.023, 3.826, 4.114, 4.357, 4.052, 4.63, 4.68, 4.365, 4.275, 5.186, 4.65, 2.906, 3.248, 5.174, 3.894, 0.0, 1.576, 2.309, 3.373, 2.007, 2.157, 2.385, 3.138, 2.447, 2.308, 2.492, 3.643, 3.694, 5.132, 6.729, 7.057, 7.283, 8.375, 8.135, 7.912, 6.918, 6.381, 4.072, 3.072, 2.21, 1.939, 2.113, 2.046, 2.578, 3.886, 3.128, 2.803, 3.815, 5.862, 7.109, 5.931, 5.108, 5.835, 5.922, 6.571, 8.215, 9.312, 9.933, 10.341, 10.961, 8.618, 5.058, 4.172, 6.047, 3.908, 3.744, 5.618, 7.112, 5.973, 4.803, 3.702, 5.319, 7.027, 6.358, 4.824, 3.498, 2.286, 2.944, 4.17, 3.81, 3.504, 2.904, 3.047, 3.178, 2.775, 2.962, 2.109, 2.398, 2.842, 1.95, 1.618, 1.585, 1.705, 1.526, 1.517, 1.96, 3.232, 4.692, 4.89, 4.36, 3.543, 4.23, 4.61, 5.588, 6.735, 5.787, 3.423, 2.166, 1.989, 2.348, 2.307, 3.666, 5.861, 6.596, 5.2, 3.343, 2.07, 2.566, 4.527, 3.453, 1.657, 2.327, 4.217, 3.789, 2.119, 2.153, 2.126, 2.019, 2.549, 5.039, 7.651, 9.933, 11.332, 13.249, 14.466, 14.525, 15.093, 15.566, 16.036, 15.758, 16.889, 20.272, 21.811, 21.513, 20.285, 19.76, 20.042, 20.031, 20.122, 19.192, 18.248, 17.931, 18.693, 18.735, 18.073, 17.452, 17.656, 17.234, 15.635, 15.606, 17.402, 18.972, 20.072, 20.538, 20.487, 19.912, 16.221, 10.27, 7.619, 7.242, 4.433, 2.655, 1.97, 4.61, 6.21, 5.753, 6.19, 7.239, 6.783, 5.748, 5.162, 2.841, 3.402, 7.509, 12.606, 17.25, 19.373, 19.619, 19.416, 17.367, 14.283, 11.783, 10.8, 10.468, 9.117, 8.552, 8.575, 7.887, 5.827, 5.01, 5.351, 7.079, 6.756], [2.569, 2.884, 3.039, 3.617, 4.505, 4.805, 4.849, 4.777, 5.391, 5.421, 5.115, 5.07, 5.759, 5.203, 3.344, 4.031, 5.954, 4.846, 1.576, 0.0, 2.86, 3.939, 2.375, 2.305, 2.69, 3.077, 2.522, 2.638, 3.094, 4.352, 4.668, 5.944, 7.46, 7.83, 8.009, 9.256, 9.033, 8.537, 7.614, 7.3, 4.955, 3.735, 2.75, 2.475, 2.764, 2.399, 2.902, 4.107, 3.492, 3.464, 4.263, 6.511, 7.904, 6.766, 5.721, 6.479, 6.541, 7.263, 9.018, 9.922, 10.538, 11.048, 11.561, 9.408, 6.093, 5.03, 6.816, 4.552, 4.394, 6.146, 7.704, 6.533, 5.255, 4.334, 6.232, 7.802, 7.079, 5.293, 4.166, 2.812, 2.569, 3.738, 3.169, 2.815, 2.882, 3.129, 3.312, 3.085, 3.103, 2.374, 2.532, 3.114, 2.284, 1.825, 1.915, 1.944, 1.856, 1.589, 2.647, 4.157, 5.509, 5.555, 5.112, 4.155, 4.789, 5.134, 6.368, 7.558, 6.543, 4.162, 2.699, 2.527, 2.667, 2.52, 3.108, 5.14, 5.626, 4.431, 2.727, 2.044, 3.174, 5.194, 4.183, 2.417, 3.407, 5.051, 4.542, 2.737, 3.0, 2.987, 2.766, 2.881, 5.65, 8.257, 10.707, 11.912, 13.853, 15.074, 15.137, 15.705, 16.179, 16.659, 16.374, 17.488, 20.865, 22.421, 22.141, 20.899, 20.374, 20.63, 20.641, 20.81, 19.882, 19.0, 18.524, 19.336, 19.34, 18.685, 18.094, 18.305, 17.861, 16.259, 16.275, 18.011, 19.552, 20.744, 21.158, 21.118, 20.592, 16.839, 10.866, 8.391, 7.753, 5.121, 3.286, 2.575, 5.361, 6.96, 6.533, 6.882, 8.075, 7.586, 6.451, 5.708, 3.256, 3.546, 8.091, 13.305, 17.883, 19.992, 20.251, 20.098, 18.088, 15.011, 12.539, 11.578, 11.233, 9.778, 9.258, 9.188, 8.493, 6.431, 5.853, 6.005, 7.64, 7.343], [2.684, 3.017, 3.476, 3.53, 3.526, 3.61, 3.696, 3.919, 4.012, 3.913, 3.742, 3.477, 3.618, 2.991, 1.536, 2.331, 3.721, 2.593, 2.309, 2.86, 0.0, 1.935, 1.837, 3.222, 3.498, 4.065, 3.688, 3.221, 2.747, 3.128, 3.378, 3.972, 4.956, 5.152, 5.331, 6.578, 6.797, 7.097, 5.978, 5.381, 4.069, 3.798, 3.421, 2.675, 2.685, 2.877, 2.919, 3.346, 1.903, 1.975, 3.123, 4.788, 5.795, 4.999, 3.988, 4.017, 4.413, 5.734, 6.911, 7.505, 7.921, 8.461, 8.916, 7.12, 5.226, 3.559, 4.435, 2.764, 2.27, 3.873, 5.199, 4.197, 3.3, 2.427, 4.249, 5.364, 4.757, 3.461, 2.838, 2.114, 4.417, 5.792, 5.65, 5.064, 3.745, 2.037, 1.885, 2.063, 1.879, 2.407, 2.098, 1.645, 2.084, 2.76, 2.606, 2.697, 2.633, 2.647, 1.791, 2.376, 2.932, 2.993, 2.488, 2.578, 3.946, 3.662, 4.216, 5.226, 4.194, 2.734, 2.334, 2.525, 2.948, 3.643, 5.523, 7.749, 8.304, 6.698, 5.08, 3.187, 2.318, 2.972, 2.198, 2.07, 2.232, 3.176, 2.625, 2.492, 2.739, 1.67, 2.353, 3.474, 4.99, 6.187, 8.094, 9.229, 11.185, 12.397, 12.466, 13.033, 13.512, 13.973, 13.698, 14.866, 18.18, 19.742, 19.447, 18.219, 17.695, 17.945, 17.974, 18.138, 17.22, 16.328, 15.835, 16.642, 16.646, 16.033, 15.404, 15.622, 15.192, 13.639, 13.792, 15.456, 17.068, 18.095, 18.612, 18.51, 17.946, 14.156, 8.257, 6.031, 6.187, 4.457, 3.427, 2.364, 3.281, 4.818, 4.774, 4.881, 5.357, 4.885, 3.964, 3.13, 1.917, 2.266, 5.458, 10.646, 15.179, 17.312, 17.551, 17.362, 15.344, 12.279, 9.817, 8.949, 8.618, 7.182, 6.684, 6.618, 5.911, 4.557, 4.795, 4.183, 5.081, 4.79], [3.018, 3.262, 3.656, 3.256, 2.9, 2.828, 2.861, 2.81, 2.756, 2.804, 2.673, 2.471, 2.685, 2.114, 1.382, 1.775, 3.366, 2.154, 3.373, 3.939, 1.935, 0.0, 2.056, 3.833, 4.314, 4.664, 4.362, 3.785, 2.611, 2.409, 2.55, 3.277, 4.251, 4.604, 4.781, 6.207, 6.61, 6.816, 5.682, 5.151, 3.511, 4.512, 4.521, 3.928, 3.587, 3.898, 3.724, 3.84, 2.573, 2.475, 2.644, 4.614, 5.645, 4.745, 3.676, 3.683, 4.019, 5.32, 6.732, 7.128, 7.399, 7.896, 8.19, 6.812, 4.345, 2.746, 3.834, 1.981, 1.336, 3.018, 4.314, 3.624, 2.921, 2.348, 3.856, 4.959, 4.312, 2.912, 2.115, 2.613, 5.135, 6.693, 6.673, 6.138, 4.695, 3.156, 2.187, 2.404, 2.283, 2.859, 2.655, 1.818, 2.306, 3.43, 3.056, 3.196, 3.355, 3.431, 2.132, 1.741, 2.33, 2.21, 1.871, 2.287, 3.23, 3.505, 3.878, 4.882, 3.819, 2.054, 2.82, 2.974, 3.445, 4.533, 6.434, 8.605, 9.03, 7.332, 5.862, 3.954, 2.034, 2.449, 1.855, 2.697, 2.123, 2.12, 1.814, 2.671, 2.976, 1.914, 2.753, 3.916, 4.056, 5.778, 7.6, 8.352, 10.275, 11.511, 11.622, 12.151, 12.632, 13.081, 12.894, 13.924, 17.305, 18.85, 18.575, 17.327, 16.797, 17.108, 17.188, 17.357, 16.446, 15.55, 15.013, 15.755, 15.796, 15.228, 14.526, 14.797, 14.469, 13.241, 13.411, 15.024, 16.617, 17.554, 18.019, 17.971, 17.328, 13.373, 7.385, 5.573, 5.927, 4.146, 4.065, 2.867, 2.915, 4.443, 4.231, 4.27, 4.664, 4.276, 3.577, 2.536, 1.558, 1.858, 4.489, 10.155, 14.347, 16.442, 16.725, 16.616, 14.714, 11.629, 9.432, 8.2, 7.914, 6.252, 5.679, 5.578, 4.797, 3.386, 3.675, 3.273, 4.436, 4.348], [1.643, 2.275, 2.632, 2.816, 3.162, 3.523, 3.85, 3.8, 4.044, 4.111, 3.802, 3.684, 4.175, 3.499, 1.667, 2.844, 4.704, 3.55, 2.007, 2.375, 1.837, 2.056, 0.0, 1.897, 2.622, 2.92, 2.496, 2.19, 2.174, 3.193, 3.611, 4.872, 6.092, 6.5, 6.6, 7.913, 7.976, 8.091, 6.962, 6.448, 4.417, 3.814, 3.24, 3.247, 3.016, 2.395, 2.652, 3.746, 2.596, 2.512, 3.795, 5.918, 6.997, 6.054, 4.942, 5.194, 5.323, 6.602, 8.049, 8.559, 9.128, 9.573, 10.071, 8.205, 5.337, 3.5, 5.261, 3.189, 2.648, 4.156, 5.462, 4.611, 3.633, 2.669, 4.582, 5.927, 5.327, 3.991, 3.187, 2.152, 3.298, 5.008, 4.866, 4.328, 3.182, 2.447, 1.957, 2.157, 1.629, 1.825, 1.891, 1.462, 1.38, 1.853, 1.827, 1.601, 1.878, 1.847, 1.579, 2.686, 3.834, 3.718, 3.231, 3.18, 4.019, 4.174, 5.209, 6.314, 5.131, 2.686, 2.05, 1.608, 1.814, 2.676, 4.515, 6.686, 7.038, 5.444, 3.941, 2.222, 2.205, 3.848, 2.841, 1.819, 2.148, 3.726, 3.262, 1.934, 2.046, 1.628, 1.761, 2.562, 5.149, 7.109, 9.347, 10.341, 12.199, 13.423, 13.494, 14.061, 14.531, 15.011, 14.784, 15.855, 19.297, 20.852, 20.575, 19.262, 18.73, 19.1, 19.197, 19.364, 18.447, 17.558, 17.005, 17.735, 17.787, 17.228, 16.525, 16.72, 16.399, 14.839, 14.904, 16.535, 18.052, 19.327, 19.636, 19.656, 19.182, 15.202, 9.217, 7.101, 7.214, 4.652, 3.003, 2.169, 4.048, 5.733, 5.523, 5.651, 6.569, 6.14, 5.01, 4.214, 2.177, 2.28, 6.408, 11.985, 16.344, 18.374, 18.633, 18.602, 16.676, 13.564, 11.162, 10.108, 9.817, 8.236, 7.705, 7.598, 6.784, 4.862, 4.654, 4.441, 6.159, 5.924], [1.383, 1.741, 1.995, 3.07, 4.108, 4.738, 5.104, 4.657, 5.044, 5.473, 4.841, 4.942, 5.919, 5.18, 3.29, 4.063, 6.237, 5.179, 2.157, 2.305, 3.222, 3.833, 1.897, 0.0, 1.6, 1.553, 1.346, 1.661, 2.566, 4.344, 4.927, 6.356, 7.836, 8.208, 8.348, 9.65, 9.5, 9.105, 8.061, 7.632, 5.331, 3.505, 2.759, 3.38, 3.287, 2.14, 2.952, 4.313, 3.779, 3.846, 4.95, 7.177, 8.453, 7.293, 6.318, 6.839, 6.814, 7.667, 9.491, 10.202, 10.81, 11.296, 11.827, 9.786, 5.487, 4.755, 6.868, 4.614, 4.342, 5.863, 7.157, 6.165, 4.956, 4.089, 6.056, 7.51, 6.767, 5.203, 4.194, 2.824, 2.111, 3.675, 3.708, 3.39, 3.225, 3.076, 3.005, 2.871, 2.532, 2.039, 2.356, 2.854, 2.361, 1.541, 1.779, 1.297, 1.513, 1.573, 2.462, 4.158, 5.494, 5.358, 4.93, 4.402, 5.019, 5.276, 6.727, 7.865, 6.709, 4.004, 2.43, 1.727, 1.251, 1.209, 2.762, 4.855, 5.234, 3.847, 2.36, 1.19, 3.25, 5.477, 4.211, 2.416, 3.041, 5.287, 4.833, 2.291, 1.925, 2.767, 1.83, 1.855, 5.896, 8.526, 11.083, 12.155, 14.029, 15.251, 15.32, 15.882, 16.356, 16.83, 16.593, 17.683, 21.107, 22.651, 22.365, 21.083, 20.554, 20.91, 20.982, 21.152, 20.228, 19.343, 18.811, 19.543, 19.588, 19.018, 18.316, 18.505, 18.141, 16.582, 16.536, 18.213, 19.749, 21.038, 21.361, 21.341, 20.882, 17.026, 11.044, 8.693, 8.305, 5.468, 2.917, 2.638, 5.381, 7.186, 6.786, 7.155, 8.283, 7.886, 6.788, 5.937, 3.552, 3.476, 8.239, 13.662, 18.132, 20.178, 20.42, 20.376, 18.424, 15.312, 12.891, 11.835, 11.509, 10.037, 9.507, 9.4, 8.611, 6.545, 5.488, 6.084, 7.892, 7.662], [2.414, 2.197, 2.302, 3.133, 4.501, 5.164, 5.429, 5.006, 5.273, 5.9, 5.084, 5.421, 6.451, 5.685, 3.799, 4.325, 6.705, 5.454, 2.385, 2.69, 3.498, 4.314, 2.622, 1.6, 0.0, 1.494, 1.193, 1.144, 2.6, 4.456, 5.093, 6.578, 8.084, 8.384, 8.609, 9.846, 9.619, 8.885, 8.094, 7.747, 5.287, 2.776, 2.149, 3.006, 2.786, 2.382, 3.054, 4.247, 3.968, 4.061, 4.771, 7.061, 8.542, 7.339, 6.299, 7.147, 7.161, 7.713, 9.583, 10.567, 11.193, 11.607, 12.235, 9.934, 4.937, 5.156, 7.107, 5.015, 4.716, 6.282, 7.688, 6.513, 5.161, 4.287, 6.219, 7.838, 7.057, 5.502, 4.273, 2.591, 2.775, 4.386, 3.53, 3.879, 3.396, 3.249, 3.255, 3.114, 2.887, 2.357, 2.671, 3.31, 2.878, 2.235, 2.289, 2.044, 1.72, 2.086, 2.842, 4.342, 5.695, 5.649, 5.142, 4.471, 4.724, 5.436, 6.871, 7.996, 6.888, 4.197, 2.771, 1.89, 1.684, 1.615, 2.233, 4.351, 5.146, 4.258, 2.503, 1.233, 3.422, 5.791, 4.423, 2.479, 3.14, 5.544, 5.126, 2.387, 2.068, 3.122, 1.785, 1.436, 5.64, 8.88, 11.375, 12.613, 14.543, 15.764, 15.823, 16.395, 16.869, 17.337, 17.044, 18.196, 21.556, 23.096, 22.799, 21.583, 21.058, 21.358, 21.382, 21.53, 20.597, 19.718, 19.249, 19.989, 20.015, 19.435, 18.74, 18.953, 18.527, 16.923, 16.929, 18.678, 20.201, 21.345, 21.827, 21.769, 21.229, 17.513, 11.566, 8.868, 8.246, 4.966, 2.329, 2.312, 5.478, 7.268, 6.936, 7.495, 8.526, 8.094, 7.152, 6.394, 3.95, 3.907, 8.766, 13.926, 18.516, 20.671, 20.913, 20.683, 18.663, 15.548, 13.106, 12.055, 11.691, 10.464, 9.915, 9.839, 9.078, 7.011, 5.926, 6.566, 8.353, 8.062], [2.204, 2.288, 2.14, 3.37, 4.844, 5.541, 5.762, 5.412, 5.622, 6.266, 5.451, 5.8, 6.788, 6.019, 4.162, 4.771, 7.019, 5.808, 3.138, 3.077, 4.065, 4.664, 2.92, 1.553, 1.494, 0.0, 1.236, 1.82, 2.965, 4.864, 5.466, 6.929, 8.447, 8.813, 8.969, 10.244, 10.085, 9.415, 8.552, 8.202, 5.802, 3.099, 2.733, 3.859, 3.652, 2.828, 3.691, 4.909, 4.519, 4.574, 5.344, 7.599, 9.014, 7.863, 6.803, 7.535, 7.573, 8.244, 10.045, 10.977, 11.579, 12.034, 12.606, 10.398, 5.283, 5.471, 7.585, 5.372, 5.057, 6.67, 8.125, 6.912, 5.602, 4.704, 6.698, 8.226, 7.586, 5.971, 4.689, 3.417, 2.859, 4.194, 3.955, 4.139, 4.167, 3.971, 3.85, 3.622, 3.424, 3.027, 3.337, 3.91, 3.607, 2.685, 2.886, 2.333, 2.312, 2.539, 3.478, 4.719, 6.033, 6.007, 5.573, 4.871, 5.329, 5.868, 7.274, 8.468, 7.239, 4.639, 3.547, 2.476, 1.891, 1.352, 2.064, 4.131, 4.71, 4.087, 2.601, 1.472, 3.823, 6.089, 4.797, 3.254, 3.524, 5.889, 5.463, 2.726, 2.244, 3.552, 2.375, 1.544, 6.147, 9.272, 11.695, 12.976, 14.924, 16.139, 16.203, 16.767, 17.24, 17.718, 17.426, 18.54, 21.921, 23.477, 23.19, 21.958, 21.434, 21.685, 21.715, 21.823, 20.895, 20.013, 19.577, 20.375, 20.391, 19.767, 19.138, 19.346, 18.919, 17.283, 17.378, 19.104, 20.62, 21.759, 22.235, 22.193, 21.659, 17.895, 11.937, 9.357, 8.783, 5.515, 2.654, 3.098, 5.997, 7.819, 7.396, 7.813, 8.898, 8.48, 7.422, 6.759, 4.306, 4.415, 9.153, 14.283, 18.898, 21.062, 21.295, 21.082, 19.086, 15.975, 13.498, 12.459, 12.045, 10.759, 10.174, 10.1, 9.426, 7.344, 6.261, 6.932, 8.7, 8.363], [1.818, 1.924, 1.817, 2.949, 4.468, 5.166, 5.435, 4.951, 5.32, 5.964, 5.149, 5.498, 6.486, 5.714, 3.832, 4.415, 6.669, 5.407, 2.447, 2.522, 3.688, 4.362, 2.496, 1.346, 1.193, 1.236, 0.0, 0.99, 2.313, 4.277, 4.983, 6.529, 8.069, 8.402, 8.624, 9.818, 9.539, 8.83, 8.051, 7.683, 5.219, 2.882, 2.286, 3.374, 3.008, 2.474, 3.45, 4.536, 4.063, 4.113, 4.783, 7.025, 8.458, 7.271, 6.24, 7.184, 7.242, 7.709, 9.523, 10.654, 11.275, 11.674, 12.295, 9.945, 5.018, 5.169, 7.176, 5.07, 4.75, 6.21, 7.592, 6.322, 5.086, 4.079, 5.999, 7.753, 7.048, 5.528, 4.299, 2.784, 2.697, 4.154, 3.454, 3.726, 3.875, 3.71, 3.504, 3.223, 3.089, 2.803, 3.056, 3.413, 3.12, 2.268, 2.57, 1.926, 1.884, 2.022, 2.944, 4.226, 5.557, 5.572, 5.049, 4.364, 4.772, 5.382, 6.801, 7.926, 6.778, 4.071, 2.956, 1.882, 1.367, 1.298, 2.237, 4.348, 5.175, 4.07, 2.319, 1.053, 3.446, 5.752, 4.419, 2.601, 3.065, 5.505, 5.087, 2.328, 1.777, 3.076, 1.796, 1.161, 5.754, 8.97, 11.336, 12.677, 14.616, 15.834, 15.894, 16.462, 16.935, 17.404, 17.13, 18.234, 21.621, 23.177, 22.887, 21.653, 21.129, 21.386, 21.373, 21.489, 20.555, 19.676, 19.274, 20.064, 20.083, 19.417, 18.827, 19.021, 18.577, 16.962, 16.978, 18.743, 20.275, 21.418, 21.891, 21.83, 21.294, 17.585, 11.63, 8.944, 8.238, 5.093, 2.339, 2.414, 5.466, 7.305, 6.839, 7.483, 8.499, 8.073, 7.097, 6.457, 3.966, 4.002, 8.851, 13.956, 18.593, 20.742, 20.988, 20.756, 18.709, 15.618, 13.122, 12.087, 11.649, 10.42, 9.813, 9.745, 9.124, 7.042, 5.959, 6.626, 8.398, 8.061], [2.137, 2.222, 2.294, 2.728, 3.918, 4.603, 4.858, 4.379, 4.802, 5.387, 4.605, 4.921, 5.909, 5.137, 3.284, 3.869, 6.058, 4.826, 2.308, 2.638, 3.221, 3.785, 2.19, 1.661, 1.144, 1.82, 0.99, 0.0, 1.765, 3.813, 4.443, 5.984, 7.511, 7.882, 8.085, 9.269, 9.026, 8.322, 7.549, 7.182, 4.708, 3.248, 2.642, 3.062, 2.609, 2.255, 2.833, 3.849, 3.582, 3.666, 4.278, 6.506, 7.943, 6.756, 5.765, 6.633, 6.681, 7.217, 9.006, 10.077, 10.697, 11.112,