[[0.0, 2.199, 1.575, 2.314, 3.482, 4.185, 4.003, 3.578, 2.598, 2.829, 3.542, 3.445, 4.0, 4.911, 5.422, 4.693, 2.542, 3.122, 3.583, 2.66, 2.247, 2.4, 3.264, 4.288, 4.604, 4.279, 3.514, 2.632, 1.547, 1.343, 1.983, 2.459, 3.076, 3.231, 3.467, 3.073, 4.796, 5.757, 6.578, 7.407, 9.014, 9.616, 9.082, 7.976, 7.611, 7.45, 6.161, 5.688, 6.376, 5.815, 4.184, 3.766, 4.635, 5.199, 4.864, 3.111, 4.985, 5.791, 4.926, 3.949, 3.256, 2.271, 2.217, 2.092, 1.515, 2.462, 3.035, 3.214, 4.048, 4.053, 4.441, 4.892, 6.476, 5.239, 2.931, 2.553, 2.137, 2.264, 3.021, 4.464, 5.842, 5.442, 3.605, 3.131, 3.066, 2.577, 3.174, 3.403, 4.048, 4.688, 5.022, 6.38, 7.446, 7.786, 8.258, 9.549, 10.463, 9.883, 7.96, 7.555, 9.154, 8.76, 6.396, 4.228, 5.834, 8.704, 10.232, 12.044, 14.469, 16.356, 16.962, 16.721, 16.809, 18.364, 19.504, 18.931, 17.516, 16.498, 14.263, 11.534, 9.971, 10.036, 10.48, 9.963, 8.457, 8.378, 7.31, 6.31, 4.095, 3.652, 2.949, 1.394, 1.969, 1.992, 1.681, 3.28, 1.871, 1.506, 3.023, 4.649, 4.859, 4.054, 3.193, 2.861, 3.074], [2.199, 0.0, 1.873, 3.893, 5.172, 5.753, 5.341, 4.645, 3.397, 2.527, 3.012, 2.234, 2.161, 2.859, 3.585, 2.939, 2.379, 3.892, 5.041, 4.126, 3.643, 3.396, 3.915, 4.755, 6.009, 6.014, 4.752, 3.849, 2.99, 2.967, 2.723, 2.783, 3.465, 3.826, 4.055, 3.54, 3.219, 4.215, 4.934, 5.764, 7.377, 7.972, 7.46, 6.338, 5.976, 5.812, 4.544, 4.133, 4.703, 4.157, 2.811, 2.118, 3.531, 3.473, 3.324, 2.954, 5.886, 7.105, 6.345, 5.444, 4.95, 4.008, 3.656, 3.068, 2.063, 3.019, 4.317, 4.772, 5.621, 5.726, 6.118, 6.688, 8.131, 6.777, 3.734, 2.497, 1.868, 1.799, 2.049, 3.097, 4.21, 3.831, 2.672, 1.774, 1.73, 1.605, 2.408, 2.361, 2.57, 3.336, 3.768, 5.054, 5.818, 6.422, 6.857, 7.914, 8.822, 8.24, 6.322, 5.955, 7.581, 7.122, 4.768, 2.882, 4.714, 7.059, 8.574, 10.405, 12.837, 14.719, 15.335, 15.077, 15.18, 16.731, 17.875, 17.291, 15.872, 14.911, 12.623, 9.897, 8.319, 8.417, 8.881, 8.329, 6.824, 6.74, 5.672, 4.675, 2.486, 2.09, 1.528, 1.886, 3.71, 3.219, 3.352, 4.959, 3.327, 2.511, 4.016, 5.412, 5.862, 5.342, 4.056, 2.733, 3.145], [1.575, 1.873, 0.0, 2.468, 3.692, 4.146, 3.816, 3.182, 2.48, 2.754, 3.115, 2.634, 3.295, 4.191, 5.103, 4.598, 2.695, 2.975, 3.452, 2.514, 2.216, 1.912, 3.006, 3.991, 4.54, 4.445, 3.373, 2.496, 1.893, 1.912, 2.453, 2.727, 3.455, 3.631, 3.894, 3.713, 4.812, 5.774, 6.58, 7.41, 9.029, 9.619, 9.084, 7.983, 7.628, 7.467, 6.173, 5.663, 6.356, 5.777, 3.964, 2.979, 4.079, 4.28, 4.262, 2.811, 4.721, 5.553, 4.745, 3.952, 3.613, 2.783, 2.699, 2.065, 1.548, 2.229, 3.21, 3.541, 4.333, 4.411, 4.922, 5.459, 6.714, 5.375, 2.693, 1.971, 1.634, 2.359, 3.108, 4.658, 5.903, 5.436, 3.713, 3.142, 3.138, 2.583, 3.289, 3.444, 4.043, 4.689, 5.068, 6.389, 7.447, 7.802, 8.271, 9.552, 10.466, 9.886, 7.977, 7.497, 9.114, 8.777, 6.346, 4.212, 5.844, 8.644, 10.212, 12.039, 14.442, 16.318, 16.942, 16.723, 16.811, 18.373, 19.493, 18.94, 17.519, 16.475, 14.255, 11.551, 9.942, 9.9, 10.395, 9.98, 8.474, 8.395, 7.327, 6.327, 4.104, 3.618, 3.014, 1.704, 2.529, 2.426, 2.477, 3.855, 2.617, 1.655, 2.843, 4.14, 4.739, 4.342, 3.429, 3.256, 3.739], [2.314, 3.893, 2.468, 0.0, 1.666, 2.534, 2.158, 2.356, 2.572, 3.661, 4.428, 4.667, 5.687, 6.615, 7.451, 6.787, 4.356, 2.3, 2.094, 1.358, 1.657, 1.767, 2.916, 3.971, 3.48, 2.519, 2.002, 1.369, 1.679, 2.069, 2.343, 2.955, 3.877, 3.495, 3.666, 4.529, 6.76, 7.722, 8.538, 9.35, 10.969, 11.559, 11.086, 9.987, 9.625, 9.414, 8.269, 7.715, 8.352, 7.724, 6.144, 5.335, 5.936, 6.513, 6.026, 3.734, 3.904, 4.091, 3.16, 2.161, 1.805, 1.669, 1.697, 2.356, 2.329, 2.314, 2.376, 2.16, 2.77, 2.526, 2.845, 3.745, 4.666, 3.66, 2.248, 2.622, 3.102, 4.222, 4.962, 6.46, 7.847, 7.496, 5.778, 5.22, 5.119, 4.642, 5.209, 5.361, 6.055, 6.629, 6.979, 8.348, 9.389, 9.744, 10.192, 11.516, 12.428, 11.826, 9.924, 9.674, 11.269, 10.725, 8.484, 6.295, 7.898, 10.826, 12.225, 14.022, 16.46, 18.346, 18.968, 18.663, 18.802, 20.344, 21.528, 20.939, 19.606, 18.63, 16.267, 13.545, 12.077, 12.17, 12.629, 11.979, 10.422, 10.343, 9.275, 8.274, 6.088, 5.566, 5.023, 3.206, 1.572, 1.925, 1.725, 2.761, 2.172, 2.11, 2.132, 3.703, 4.081, 3.743, 3.157, 4.05, 4.786], [3.482, 5.172, 3.692, 1.666, 0.0, 1.651, 1.553, 2.043, 3.064, 4.776, 5.442, 5.816, 6.897, 7.823, 8.66, 8.026, 5.567, 2.941, 2.493, 2.03, 2.27, 2.554, 2.967, 3.498, 2.328, 1.587, 1.592, 1.846, 2.757, 3.114, 3.309, 4.084, 4.616, 3.183, 3.399, 5.765, 8.054, 9.016, 9.836, 10.671, 12.273, 12.874, 12.367, 11.247, 10.87, 10.719, 9.52, 9.038, 9.63, 9.074, 7.486, 6.488, 7.139, 7.727, 7.026, 4.689, 2.747, 2.923, 2.327, 1.741, 2.131, 2.298, 2.569, 3.628, 3.569, 3.047, 2.739, 2.427, 2.08, 1.878, 2.366, 3.578, 3.464, 2.866, 2.976, 3.773, 4.308, 5.526, 6.261, 7.769, 9.137, 8.803, 7.015, 6.474, 6.338, 5.893, 6.466, 6.662, 7.314, 7.948, 8.274, 9.671, 10.706, 11.062, 11.504, 12.808, 13.722, 13.141, 11.219, 10.924, 12.504, 12.019, 9.736, 7.557, 9.179, 12.08, 13.548, 15.321, 17.745, 19.631, 20.239, 19.979, 20.1, 21.642, 22.782, 22.189, 20.869, 19.852, 17.578, 14.835, 13.306, 13.406, 13.859, 13.229, 11.716, 11.637, 10.569, 9.569, 7.376, 6.86, 6.295, 4.524, 2.668, 2.814, 2.431, 2.016, 2.765, 3.14, 1.804, 2.804, 2.969, 2.984, 2.56, 5.239, 6.071], [4.185, 5.753, 4.146, 2.534, 1.651, 0.0, 1.24, 1.751, 2.909, 5.055, 5.575, 6.011, 7.16, 8.035, 8.948, 8.422, 6.232, 3.001, 2.246, 2.051, 2.543, 2.803, 2.736, 2.967, 2.041, 1.741, 1.697, 2.274, 3.221, 3.713, 3.946, 4.851, 5.466, 4.242, 4.171, 6.498, 8.788, 9.759, 10.574, 11.404, 13.007, 13.613, 13.078, 11.998, 11.604, 11.453, 10.148, 9.693, 10.404, 9.851, 8.049, 6.727, 7.346, 7.97, 7.383, 4.975, 2.178, 2.454, 2.108, 1.799, 2.245, 2.637, 3.105, 4.202, 4.224, 3.466, 2.971, 3.105, 2.918, 2.433, 2.65, 3.97, 3.698, 3.373, 3.056, 4.215, 4.749, 6.137, 6.971, 8.456, 9.843, 9.374, 7.54, 7.123, 7.053, 6.548, 7.055, 7.389, 8.037, 8.682, 9.005, 10.363, 11.44, 11.781, 12.265, 13.544, 14.456, 13.875, 11.952, 11.464, 13.089, 12.753, 10.333, 8.205, 9.737, 12.588, 14.206, 16.032, 18.431, 20.306, 20.93, 20.717, 20.805, 22.36, 23.487, 22.946, 21.489, 20.446, 18.246, 15.527, 13.933, 13.923, 14.378, 13.959, 12.465, 12.37, 11.302, 10.302, 8.084, 7.593, 6.923, 5.22, 3.325, 3.565, 3.314, 2.591, 3.374, 3.81, 2.337, 2.002, 2.605, 2.357, 2.873, 5.913, 6.782], [4.003, 5.341, 3.816, 2.158, 1.553, 1.24, 0.0, 1.33, 2.588, 4.535, 5.148, 5.482, 6.647, 7.564, 8.515, 7.954, 5.941, 2.965, 2.13, 2.005, 2.16, 2.301, 2.326, 2.776, 2.244, 1.733, 1.295, 1.733, 3.017, 3.584, 3.672, 4.506, 5.069, 3.884, 3.839, 6.081, 8.368, 9.33, 10.146, 10.976, 12.587, 13.185, 12.65, 11.539, 11.199, 11.045, 9.757, 9.222, 9.944, 9.412, 7.664, 6.29, 6.864, 7.567, 6.988, 4.413, 2.133, 2.349, 1.738, 1.511, 2.121, 2.724, 2.876, 3.899, 3.816, 3.03, 2.481, 2.545, 2.52, 2.115, 2.712, 4.005, 3.98, 3.056, 2.453, 3.594, 4.358, 5.767, 6.604, 8.09, 9.461, 8.985, 7.179, 6.77, 6.69, 6.162, 6.645, 6.982, 7.617, 8.254, 8.577, 9.939, 11.014, 11.355, 11.796, 13.118, 14.032, 13.452, 11.532, 11.064, 12.69, 12.333, 9.902, 7.728, 9.322, 12.175, 13.778, 15.608, 18.012, 19.892, 20.516, 20.289, 20.377, 21.931, 23.059, 22.498, 21.059, 20.051, 17.813, 15.107, 13.461, 13.517, 13.971, 13.574, 12.088, 11.951, 10.883, 9.882, 7.716, 7.199, 6.57, 4.842, 2.994, 3.269, 3.039, 2.616, 3.117, 3.463, 1.997, 2.069, 2.436, 2.372, 2.819, 5.51, 6.362], [3.578, 4.645, 3.182, 2.356, 2.043, 1.751, 1.33, 0.0, 1.942, 3.767, 4.281, 4.694, 5.821, 6.699, 7.698, 7.212, 5.431, 3.49, 2.627, 1.97, 2.131, 1.982, 1.786, 2.127, 1.991, 2.205, 1.414, 1.515, 2.37, 2.962, 3.06, 3.787, 4.441, 3.447, 3.405, 5.334, 7.623, 8.576, 9.401, 10.23, 11.842, 12.439, 11.905, 10.794, 10.454, 10.313, 8.999, 8.496, 9.205, 8.665, 6.822, 5.442, 6.051, 6.749, 6.242, 3.811, 1.938, 2.739, 2.42, 2.03, 2.507, 2.884, 3.094, 3.489, 3.183, 2.208, 2.562, 2.845, 2.844, 2.821, 3.449, 4.754, 4.834, 3.673, 2.592, 3.353, 3.655, 5.122, 5.874, 7.444, 8.698, 8.237, 6.506, 6.012, 5.954, 5.405, 5.9, 6.236, 6.882, 7.517, 7.84, 9.187, 10.264, 10.605, 11.045, 12.373, 13.287, 12.706, 10.787, 10.304, 11.976, 11.611, 9.191, 6.98, 8.566, 11.413, 13.031, 14.856, 17.257, 19.135, 19.752, 19.544, 19.632, 21.173, 22.314, 21.747, 20.3, 19.28, 17.058, 14.362, 12.716, 12.717, 13.198, 12.847, 11.356, 11.206, 10.138, 9.173, 6.988, 6.478, 5.839, 4.212, 2.633, 2.829, 2.759, 2.665, 2.695, 2.884, 1.732, 1.629, 2.204, 2.29, 2.461, 4.754, 5.617], [2.598, 3.397, 2.48, 2.572, 3.064, 2.909, 2.588, 1.942, 0.0, 2.383, 2.861, 3.2, 4.491, 5.268, 6.254, 5.784, 4.294, 4.099, 3.202, 2.226, 2.34, 1.9, 1.488, 2.078, 3.301, 3.623, 2.673, 2.37, 2.239, 2.533, 2.214, 2.588, 3.605, 3.235, 3.197, 3.989, 6.257, 7.184, 8.021, 8.842, 10.451, 11.062, 10.534, 9.414, 9.075, 8.935, 7.618, 7.18, 7.878, 7.316, 5.52, 4.083, 4.64, 5.445, 4.86, 2.412, 3.121, 4.212, 3.497, 3.089, 3.174, 3.438, 3.639, 3.578, 2.407, 1.923, 3.44, 3.859, 4.11, 4.013, 4.5, 5.643, 6.049, 4.746, 3.29, 3.504, 3.356, 3.782, 4.552, 6.003, 7.303, 6.834, 5.073, 4.599, 4.506, 3.992, 4.49, 4.824, 5.483, 6.117, 6.442, 7.796, 8.873, 9.213, 9.672, 10.978, 11.891, 11.31, 9.409, 8.95, 10.637, 10.272, 7.852, 5.655, 7.162, 10.017, 11.637, 13.472, 15.865, 17.741, 18.365, 18.148, 18.245, 19.785, 20.918, 20.354, 18.906, 17.901, 15.676, 12.983, 11.381, 11.404, 11.859, 11.489, 9.998, 9.849, 8.791, 7.834, 5.63, 5.139, 4.45, 3.295, 3.128, 2.619, 2.402, 3.354, 2.612, 2.362, 2.435, 2.581, 2.963, 2.402, 2.079, 3.447, 4.238], [2.829, 2.527, 2.754, 3.661, 4.776, 5.055, 4.535, 3.767, 2.383, 0.0, 1.349, 1.744, 2.437, 3.339, 4.253, 3.949, 4.548, 4.957, 4.524, 3.787, 3.494, 2.928, 2.863, 3.71, 5.293, 5.484, 4.206, 3.448, 2.934, 3.152, 2.242, 1.893, 3.002, 3.32, 3.23, 2.948, 4.369, 5.235, 5.945, 6.768, 8.399, 8.98, 8.442, 7.351, 7.011, 6.854, 5.572, 5.088, 5.763, 5.192, 3.389, 2.543, 2.741, 3.472, 3.243, 1.846, 5.086, 6.319, 5.513, 4.968, 4.552, 4.435, 4.472, 4.067, 2.698, 2.347, 4.149, 4.74, 5.227, 5.312, 5.782, 6.74, 7.715, 6.141, 4.031, 3.972, 3.592, 3.296, 4.061, 4.628, 5.336, 4.816, 3.465, 2.956, 3.102, 2.609, 2.887, 3.153, 3.478, 4.117, 4.384, 5.697, 6.775, 7.117, 7.582, 8.899, 9.802, 9.242, 7.356, 6.909, 8.593, 8.212, 5.783, 3.566, 5.099, 7.945, 9.542, 11.387, 13.753, 15.646, 16.26, 16.06, 16.16, 17.72, 18.832, 18.284, 16.846, 15.871, 13.618, 10.928, 9.307, 9.366, 9.835, 9.422, 7.931, 7.797, 6.738, 5.773, 3.657, 3.137, 2.986, 3.2, 3.851, 3.361, 3.451, 4.608, 3.587, 2.985, 3.664, 4.445, 4.993, 4.468, 3.432, 1.738, 2.426], [3.542, 3.012, 3.115, 4.428, 5.442, 5.575, 5.148, 4.281, 2.861, 1.349, 0.0, 1.245, 2.205, 3.015, 3.997, 4.088, 5.023, 5.63, 5.027, 4.142, 4.266, 3.328, 3.396, 4.131, 5.912, 6.046, 4.901, 4.28, 3.628, 3.863, 3.139, 2.495, 3.465, 4.149, 4.164, 3.242, 4.023, 4.875, 5.602, 6.431, 8.057, 8.637, 8.103, 7.007, 6.783, 6.58, 5.324, 4.794, 5.473, 4.922, 3.056, 2.247, 2.168, 2.967, 2.569, 1.692, 5.657, 6.844, 6.09, 5.549, 5.332, 5.283, 5.315, 4.88, 3.473, 2.967, 4.905, 5.6, 6.201, 6.292, 6.772, 7.641, 8.414, 6.913, 4.914, 4.536, 4.116, 3.797, 4.542, 4.87, 5.372, 4.858, 3.767, 3.312, 3.444, 2.903, 3.086, 3.326, 3.401, 3.852, 4.054, 5.375, 6.437, 6.779, 7.217, 8.566, 9.469, 8.907, 7.014, 6.581, 8.268, 7.904, 5.487, 3.387, 4.74, 7.584, 9.209, 11.04, 13.382, 15.266, 15.893, 15.726, 15.82, 17.357, 18.497, 17.913, 16.464, 15.465, 13.278, 10.584, 8.967, 8.951, 9.49, 9.127, 7.72, 7.483, 6.518, 5.72, 3.701, 3.08, 3.277, 3.737, 4.741, 4.216, 4.28, 5.625, 4.5, 3.859, 4.422, 4.927, 5.507, 5.044, 4.092, 2.216, 2.6], [3.445, 2.234, 2.634, 4.667, 5.816, 6.011, 5.482, 4.694, 3.2, 1.744, 1.245, 0.0, 1.621, 2.469, 3.583, 3.519, 4.297, 5.216, 4.984, 4.437, 4.156, 3.444, 3.7, 4.423, 6.329, 6.554, 5.335, 4.55, 3.819, 3.955, 3.364, 2.876, 3.428, 4.274, 4.442, 3.337, 3.519, 4.495, 5.173, 6.005, 7.631, 8.211, 7.675, 6.58, 6.305, 6.145, 4.851, 4.369, 5.053, 4.488, 2.646, 1.735, 2.093, 2.632, 2.524, 1.926, 5.992, 7.19, 6.381, 5.982, 5.731, 5.121, 5.06, 4.458, 3.209, 3.082, 4.925, 5.673, 6.484, 6.604, 7.076, 7.712, 8.797, 7.134, 4.592, 3.876, 3.509, 3.122, 3.82, 4.299, 4.828, 4.366, 3.327, 2.68, 2.896, 2.365, 2.833, 2.889, 2.922, 3.517, 3.637, 5.048, 6.015, 6.386, 6.826, 8.138, 9.041, 8.481, 6.585, 6.141, 7.84, 7.461, 5.054, 2.934, 4.357, 7.161, 8.782, 10.623, 12.982, 14.872, 15.493, 15.299, 15.396, 16.938, 18.071, 17.51, 16.053, 15.06, 12.846, 10.159, 8.535, 8.557, 9.047, 8.716, 7.251, 7.027, 6.057, 5.252, 3.13, 2.584, 2.601, 3.301, 4.845, 4.284, 4.35, 5.925, 4.473, 3.67, 4.69, 5.298, 5.783, 5.39, 4.543, 2.447, 2.808], [4.0, 2.161, 3.295, 5.687, 6.897, 7.16, 6.647, 5.821, 4.491, 2.437, 2.205, 1.621, 0.0, 1.594, 2.284, 2.347, 3.964, 5.524, 6.275, 5.549, 4.916, 4.558, 5.018, 5.802, 7.428, 7.551, 6.357, 5.47, 4.719, 4.639, 4.133, 3.564, 3.769, 4.963, 5.06, 3.563, 2.787, 3.667, 3.786, 4.55, 6.163, 6.749, 6.222, 5.114, 4.812, 4.659, 3.519, 3.236, 3.604, 3.085, 1.498, 1.532, 2.298, 2.29, 2.16, 2.835, 7.183, 8.43, 7.627, 7.032, 6.709, 5.882, 5.419, 4.739, 3.814, 4.038, 5.665, 6.427, 7.297, 7.47, 7.948, 8.472, 9.842, 8.254, 5.137, 4.036, 3.485, 3.077, 3.512, 3.183, 3.431, 3.25, 3.106, 2.256, 2.403, 2.256, 2.589, 2.63, 2.191, 2.732, 3.029, 4.252, 4.769, 5.58, 5.805, 6.842, 7.583, 7.016, 5.119, 4.664, 6.354, 5.984, 3.56, 1.732, 3.435, 5.739, 7.324, 9.161, 11.543, 13.436, 14.047, 13.844, 13.942, 15.472, 16.614, 16.027, 14.582, 13.612, 11.366, 8.693, 7.069, 7.094, 7.582, 7.233, 5.767, 5.572, 4.629, 3.962, 2.366, 1.882, 2.206, 3.611, 5.58, 5.133, 5.227, 6.772, 5.182, 4.213, 5.672, 6.6, 7.17, 6.574, 5.54, 2.588, 2.721], [4.911, 2.859, 4.191, 6.615, 7.823, 8.035, 7.564, 6.699, 5.268, 3.339, 3.015, 2.469, 1.594, 0.0, 1.384, 1.818, 3.93, 6.263, 6.93, 6.343, 5.725, 5.499, 5.806, 6.516, 8.31, 8.415, 7.278, 6.393, 5.625, 5.473, 5.099, 4.609, 4.786, 5.883, 6.068, 4.667, 3.336, 3.826, 3.718, 3.92, 5.54, 6.135, 5.608, 4.491, 4.214, 4.123, 3.21, 3.025, 3.203, 3.037, 2.214, 2.136, 2.628, 2.646, 2.852, 3.985, 8.082, 9.253, 8.46, 7.92, 7.633, 6.812, 6.195, 5.509, 4.739, 4.947, 6.474, 7.319, 8.194, 8.395, 8.862, 9.386, 10.728, 8.952, 5.979, 4.586, 3.918, 3.89, 3.731, 2.846, 3.016, 3.091, 3.286, 2.818, 2.594, 2.881, 2.732, 2.558, 2.565, 3.01, 3.505, 4.188, 4.473, 5.487, 6.028, 6.273, 6.977, 6.41, 4.69, 4.059, 5.757, 5.373, 3.078, 2.184, 3.714, 5.416, 6.727, 8.538, 10.9, 12.79, 13.4, 13.222, 13.319, 14.849, 15.991, 15.405, 13.959, 12.957, 10.756, 8.07, 6.446, 6.435, 6.959, 6.637, 5.175, 4.939, 3.897, 3.057, 2.491, 2.409, 2.665, 4.388, 6.502, 6.053, 6.149, 7.691, 6.106, 5.125, 6.622, 7.35, 7.91, 7.464, 6.44, 3.107, 3.279], [5.422, 3.585, 5.103, 7.451, 8.66, 8.948, 8.515, 7.698, 6.254, 4.253, 3.997, 3.583, 2.284, 1.384, 0.0, 1.465, 4.283, 7.025, 8.067, 7.234, 6.615, 6.41, 6.899, 7.634, 9.222, 9.196, 8.124, 7.154, 6.142, 6.112, 5.634, 5.128, 5.12, 6.356, 6.473, 4.97, 3.403, 3.822, 3.45, 2.849, 4.29, 4.876, 4.35, 3.247, 3.159, 2.973, 2.526, 2.552, 2.284, 2.448, 2.444, 2.877, 3.433, 3.015, 3.229, 4.779, 9.053, 10.275, 9.433, 8.793, 8.293, 7.401, 6.758, 6.045, 5.24, 5.683, 6.942, 7.779, 8.662, 9.012, 9.535, 9.961, 11.581, 9.913, 6.782, 5.358, 4.479, 4.35, 4.04, 2.995, 2.722, 3.177, 3.543, 3.226, 3.012, 3.317, 3.057, 2.86, 2.727, 2.874, 3.432, 3.865, 3.988, 5.119, 5.678, 5.627, 5.849, 5.357, 3.574, 2.874, 4.583, 4.17, 1.938, 1.881, 2.968, 4.31, 5.543, 7.31, 9.67, 11.563, 12.178, 11.979, 12.082, 13.621, 14.754, 14.176, 12.73, 11.739, 9.573, 6.822, 5.249, 5.259, 5.752, 5.515, 4.096, 3.829, 2.724, 2.692, 2.762, 2.787, 3.083, 4.875, 6.976, 6.53, 6.648, 8.341, 6.585, 5.785, 7.354, 8.36, 8.957, 8.417, 7.115, 3.643, 3.395], [4.693, 2.939, 4.598, 6.787, 8.026, 8.422, 7.954, 7.212, 5.784, 3.949, 4.088, 3.519, 2.347, 1.818, 1.465, 0.0, 3.165, 6.353, 7.633, 6.751, 6.104, 5.921, 6.391, 7.192, 8.604, 8.668, 7.502, 6.583, 5.513, 5.565, 5.111, 4.691, 4.629, 5.603, 5.769, 4.511, 3.237, 3.567, 3.116, 3.153, 4.76, 5.34, 4.847, 3.842, 3.652, 3.588, 3.081, 3.214, 2.999, 2.908, 2.594, 3.206, 4.139, 3.964, 3.568, 4.474, 8.433, 9.773, 8.848, 8.107, 7.521, 6.645, 5.893, 5.094, 4.547, 5.299, 6.176, 6.899, 7.829, 8.353, 8.805, 9.181, 10.871, 9.313, 6.145, 4.589, 3.776, 3.293, 2.95, 1.893, 2.061, 2.792, 2.926, 2.459, 2.104, 2.574, 2.444, 2.378, 2.57, 3.229, 3.651, 4.245, 4.486, 5.555, 6.406, 6.211, 6.285, 5.652, 4.252, 3.419, 5.154, 4.685, 2.75, 1.998, 3.649, 5.074, 6.101, 7.805, 10.153, 12.051, 12.631, 12.413, 12.525, 14.126, 15.215, 14.678, 13.245, 12.279, 10.069, 7.283, 5.848, 5.945, 6.396, 5.924, 4.463, 4.26, 3.169, 2.694, 2.38, 2.423, 2.177, 4.004, 6.071, 5.734, 5.878, 7.565, 5.704, 5.015, 6.637, 7.932, 8.384, 7.833, 6.447, 3.328, 3.409], [2.542, 2.379, 2.695, 4.356, 5.567, 6.232, 5.941, 5.431, 4.294, 4.548, 5.023, 4.297, 3.964, 3.93, 4.283, 3.165, 0.0, 4.02, 5.53, 4.59, 4.105, 4.184, 5.092, 6.095, 6.536, 6.233, 5.517, 4.586, 3.469, 3.443, 3.94, 4.23, 4.294, 4.693, 4.714, 3.964, 3.601, 3.805, 4.367, 5.175, 6.777, 7.391, 6.899, 5.787, 5.534, 5.476, 4.769, 4.665, 4.581, 4.428, 3.978, 3.829, 5.616, 5.563, 5.307, 4.605, 6.761, 7.807, 6.84, 5.976, 5.269, 4.226, 3.604, 2.637, 2.807, 4.199, 4.469, 4.639, 5.57, 5.998, 6.504, 6.987, 8.597, 7.333, 4.357, 2.667, 2.096, 1.867, 1.475, 2.394, 3.662, 3.516, 2.753, 2.235, 1.904, 2.359, 2.74, 2.709, 3.199, 3.926, 4.618, 5.346, 6.052, 6.795, 7.775, 7.559, 8.246, 7.646, 6.13, 5.638, 7.141, 6.693, 4.972, 3.974, 5.537, 7.108, 8.322, 9.859, 12.244, 14.179, 14.74, 14.488, 14.591, 16.144, 17.281, 16.727, 15.352, 14.325, 12.086, 9.312, 7.804, 7.942, 8.423, 7.846, 6.331, 6.31, 5.116, 4.164, 2.77, 3.196, 2.317, 1.933, 3.682, 3.658, 3.654, 5.3, 3.564, 3.106, 4.754, 6.425, 6.661, 6.102, 4.923, 4.406, 4.153], [3.122, 3.892, 2.975, 2.3, 2.941, 3.001, 2.965, 3.49, 4.099, 4.957, 5.63, 5.216, 5.524, 6.263, 7.025, 6.353, 4.02, 0.0, 1.895, 2.171, 2.301, 2.78, 4.588, 5.415, 4.126, 2.672, 2.851, 2.364, 2.826, 3.329, 3.714, 4.37, 4.681, 4.497, 4.795, 5.285, 6.54, 7.512, 8.308, 9.13, 10.729, 11.34, 10.823, 9.751, 9.36, 9.219, 7.977, 7.589, 8.212, 7.691, 6.187, 5.255, 6.721, 6.903, 6.763, 4.683, 4.504, 4.497, 3.476, 2.443, 2.064, 1.716, 1.427, 2.311, 2.817, 3.567, 2.293, 2.376, 3.178, 2.686, 2.775, 3.345, 4.662, 3.691, 1.625, 2.231, 2.831, 4.261, 4.723, 6.225, 7.582, 7.224, 5.51, 5.033, 4.816, 4.457, 4.936, 5.135, 5.781, 6.44, 6.796, 8.111, 9.173, 9.578, 10.215, 11.266, 12.179, 11.598, 9.675, 9.37, 10.994, 10.53, 8.238, 6.323, 7.976, 10.531, 11.965, 13.782, 16.191, 18.076, 18.685, 18.444, 18.543, 20.118, 21.234, 20.706, 19.334, 18.274, 16.052, 13.261, 11.731, 11.867, 12.346, 11.773, 10.282, 10.099, 9.041, 8.097, 5.916, 5.515, 4.805, 3.349, 2.541, 3.075, 3.154, 3.766, 3.051, 2.651, 2.991, 4.568, 5.146, 4.833, 4.654, 4.869, 5.495], [3.583, 5.041, 3.452, 2.094, 2.493, 2.246, 2.13, 2.627, 3.202, 4.524, 5.027, 4.984, 6.275, 6.93, 8.067, 7.633, 5.53, 1.895, 0.0, 1.669, 1.995, 2.306, 3.634, 4.247, 3.637, 2.336, 2.526, 1.946, 2.77, 3.183, 3.656, 4.564, 5.086, 4.623, 4.873, 5.919, 8.088, 9.05, 9.865, 10.694, 12.307, 12.903, 12.368, 11.259, 10.912, 10.771, 9.448, 8.964, 9.657, 9.102, 7.283, 5.849, 6.252, 7.305, 6.945, 4.62, 3.872, 3.625, 2.629, 1.915, 2.028, 2.159, 2.315, 3.515, 3.54, 3.115, 2.286, 2.464, 3.403, 2.361, 2.326, 2.919, 4.105, 2.759, 1.657, 3.168, 4.007, 5.447, 6.305, 7.781, 9.164, 8.682, 6.858, 6.427, 6.348, 5.83, 6.355, 6.689, 7.348, 7.982, 8.307, 9.654, 10.731, 11.072, 11.512, 12.836, 13.75, 13.17, 11.252, 10.769, 12.452, 12.087, 9.666, 7.439, 9.022, 11.864, 13.496, 15.322, 17.703, 19.58, 20.212, 20.007, 20.096, 21.648, 22.777, 22.214, 20.77, 19.719, 17.53, 14.827, 13.181, 13.173, 13.673, 13.304, 11.813, 11.671, 10.608, 9.649, 7.436, 6.954, 6.249, 4.536, 2.734, 3.088, 3.058, 3.597, 3.161, 3.201, 2.767, 3.638, 4.167, 4.113, 4.378, 5.289, 6.134], [2.66, 4.126, 2.514, 1.358, 2.03, 2.051, 2.005, 1.97, 2.226, 3.787, 4.142, 4.437, 5.549, 6.343, 7.234, 6.751, 4.59, 2.171, 1.669, 0.0, 1.56, 1.495, 2.79, 3.497, 3.099, 2.432, 2.013, 1.694, 1.815, 2.462, 2.774, 3.545, 4.334, 4.05, 4.286, 5.033, 7.141, 8.103, 8.926, 9.755, 11.36, 11.964, 11.429, 10.338, 9.957, 9.798, 8.501, 8.034, 8.738, 8.183, 6.396, 5.092, 5.663, 6.302, 5.878, 3.622, 3.576, 3.825, 2.915, 2.051, 1.999, 1.796, 1.843, 2.726, 2.587, 2.373, 2.425, 2.717, 3.394, 3.006, 3.206, 3.872, 4.718, 3.739, 2.177, 2.637, 3.093, 4.529, 5.371, 6.867, 8.223, 7.712, 5.887, 5.454, 5.404, 4.884, 5.404, 5.74, 6.388, 7.033, 7.357, 8.715, 9.793, 10.133, 10.606, 11.897, 12.809, 12.228, 10.305, 9.811, 11.442, 11.106, 8.674, 6.545, 8.083, 10.932, 12.557, 14.384, 16.766, 18.647, 19.277, 19.068, 19.156, 20.702, 21.838, 21.288, 19.827, 18.794, 16.587, 13.88, 12.273, 12.256, 12.702, 12.308, 10.811, 10.723, 9.655, 8.655, 6.431, 5.946, 5.276, 3.603, 2.027, 2.36, 2.318, 3.196, 2.692, 2.481, 2.383, 3.184, 3.65, 3.382, 3.366, 4.448, 5.239], [2.247, 3.643, 2.216, 1.657, 2.27, 2.543, 2.16, 2.131, 2.34, 3.494, 4.266, 4.156, 4.916, 5.725, 6.615, 6.104, 4.105, 2.301, 1.995, 1.56, 0.0, 1.366, 2.587, 3.277, 3.165, 3.001, 2.075, 1.509, 1.969, 2.021, 2.464, 3.354, 3.375, 2.99, 3.31, 4.38, 6.519, 7.48, 8.301, 9.13, 10.737, 11.339, 10.805, 9.7, 9.347, 9.173, 7.893, 7.395, 8.1, 7.54, 5.855, 4.627, 5.395, 6.124, 5.921, 3.753, 3.494, 3.933, 2.984, 2.325, 2.325, 1.8, 1.789, 2.235, 2.117, 1.761, 1.698, 2.16, 2.981, 2.874, 3.307, 3.855, 5.086, 3.497, 1.618, 2.316, 2.595, 4.007, 4.859, 6.345, 7.678, 7.123, 5.344, 4.902, 4.877, 4.315, 4.785, 5.126, 5.778, 6.409, 6.732, 8.097, 9.169, 9.509, 9.974, 11.273, 12.187, 11.606, 9.683, 9.188, 10.843, 10.483, 8.071, 5.907, 7.468, 10.307, 11.933, 13.766, 16.168, 18.049, 18.669, 18.444, 18.532, 20.086, 21.225, 20.655, 19.208, 18.179, 15.968, 13.257, 11.661, 11.697, 12.096, 11.686, 10.184, 10.101, 9.033, 8.033, 5.847, 5.34, 4.721, 3.073, 1.98, 1.96, 1.802, 2.669, 1.729, 1.704, 1.84, 3.02, 3.436, 3.284, 3.147, 3.855, 4.585], [2.4, 3.396, 1.912, 1.767, 2.554, 2.803, 2.301, 1.982, 1.9, 2.928, 3.328, 3.444, 4.558, 5.499, 6.41, 5.921, 4.184, 2.78, 2.306, 1.495, 1.366, 0.0, 2.072, 2.955, 3.432, 3.347, 2.239, 1.666, 1.652, 2.211, 2.202, 2.789, 3.547, 3.105, 3.345, 4.084, 6.168, 7.124, 7.95, 8.779, 10.387, 10.988, 10.453, 9.345, 9.035, 8.842, 7.584, 7.041, 7.76, 7.23, 5.505, 4.176, 4.783, 5.45, 4.898, 2.59, 3.376, 4.139, 3.284, 2.765, 2.557, 2.356, 2.371, 2.474, 1.898, 1.582, 2.14, 2.625, 3.412, 3.486, 3.914, 4.589, 5.507, 4.278, 2.075, 2.506, 2.699, 3.836, 4.686, 6.191, 7.438, 6.876, 5.222, 4.638, 4.64, 4.043, 4.473, 4.825, 5.458, 6.06, 6.381, 7.735, 8.812, 9.153, 9.609, 10.921, 11.835, 11.255, 9.332, 8.901, 10.531, 10.133, 7.706, 5.552, 7.154, 9.991, 11.579, 13.404, 15.821, 17.701, 18.324, 18.092, 18.18, 19.722, 20.872, 20.301, 18.869, 17.878, 15.604, 12.907, 11.29, 11.349, 11.806, 11.349, 9.903, 9.758, 8.682, 7.697, 5.573, 5.015, 4.474, 2.96, 2.06, 1.97, 2.123, 3.283, 2.258, 1.814, 1.936, 2.893, 3.46, 3.291, 3.039, 3.539, 4.36], [3.264, 3.915, 3.006, 2.916, 2.967, 2.736, 2.326, 1.786, 1.488, 2.863, 3.396, 3.7, 5.018, 5.806, 6.899, 6.391, 5.092, 4.588, 3.634, 2.79, 2.587, 2.072, 0.0, 1.403, 2.823, 3.56, 2.389, 2.674, 2.642, 3.048, 2.537, 2.993, 3.834, 3.044, 2.851, 4.515, 6.785, 7.747, 8.552, 9.382, 11.001, 11.59, 11.056, 9.956, 9.604, 9.446, 8.153, 7.63, 8.332, 7.76, 6.05, 4.61, 5.109, 5.927, 5.383, 2.956, 2.496, 3.747, 3.42, 3.224, 3.516, 3.857, 4.04, 3.88, 2.701, 1.94, 3.472, 4.028, 3.956, 4.008, 4.636, 5.94, 5.889, 4.744, 3.545, 3.966, 3.88, 4.43, 5.32, 6.746, 7.974, 7.401, 5.686, 5.186, 5.191, 4.614, 5.054, 5.399, 6.04, 6.66, 6.983, 8.349, 9.42, 9.76, 10.216, 11.524, 12.438, 11.858, 9.949, 9.49, 11.166, 10.75, 8.342, 6.135, 7.746, 10.581, 12.184, 14.018, 16.444, 18.318, 18.931, 18.695, 18.783, 20.353, 21.484, 20.918, 19.482, 18.486, 16.235, 13.524, 11.907, 11.986, 12.41, 11.952, 10.468, 10.367, 9.299, 8.306, 6.128, 5.604, 5.001, 3.723, 3.428, 2.775, 2.825, 3.108, 2.898, 2.819, 2.438, 1.956, 2.325, 2.234, 1.892, 3.998, 4.809], [4.288, 4.755, 3.991, 3.971, 3.498, 2.967, 2.776, 2.127, 2.078, 3.71, 4.131, 4.423, 5.802, 6.516, 7.634, 7.192, 6.095, 5.415, 4.247, 3.497, 3.277, 2.955, 1.403, 0.0, 2.802, 3.898, 2.933, 3.297, 3.565, 3.902, 3.115, 3.71, 4.299, 3.267, 3.152, 5.348, 7.627, 8.583, 9.408, 10.238, 11.846, 12.447, 11.912, 10.799, 10.444, 10.282, 8.991, 8.495, 9.199, 8.638, 6.834, 5.329, 5.818, 6.727, 6.209, 3.697, 2.079, 3.464, 3.603, 3.796, 4.272, 4.653, 4.909, 4.929, 3.605, 2.573, 4.164, 4.684, 4.422, 4.593, 5.294, 6.555, 6.303, 5.187, 4.287, 5.05, 4.81, 5.284, 6.152, 7.601, 8.748, 8.228, 6.446, 5.979, 6.014, 5.447, 5.897, 6.228, 6.879, 7.516, 7.839, 9.191, 10.269, 10.61, 11.06, 12.38, 13.294, 12.714, 10.791, 10.297, 11.93, 11.592, 9.161, 7.006, 8.566, 11.402, 13.035, 14.86, 17.259, 19.139, 19.763, 19.551, 19.639, 21.181, 22.321, 21.747, 20.303, 19.282, 17.063, 14.366, 12.734, 12.747, 13.186, 12.795, 11.289, 11.21, 10.142, 9.141, 6.939, 6.433, 5.828, 4.775, 4.358, 3.522, 3.391, 3.574, 3.453, 3.612, 2.986, 1.58, 1.603, 1.668, 2.207, 4.769, 5.637], [4.604, 6.009, 4.54, 3.48, 2.328, 2.041, 2.244, 1.991, 3.301, 5.293, 5.912, 6.329, 7.428, 8.31, 9.222, 8.604, 6.536, 4.126, 3.637, 3.099, 3.165, 3.432, 2.823, 2.802, 0.0, 2.213, 1.982, 2.758, 3.616, 4.224, 4.324, 5.084, 5.637, 3.952, 4.063, 6.725, 9.015, 9.994, 10.803, 11.632, 13.234, 13.841, 13.306, 12.233, 11.831, 11.674, 10.376, 9.933, 10.633, 10.08, 8.379, 7.002, 7.64, 8.274, 7.65, 5.287, 1.301, 1.745, 2.298, 2.277, 2.81, 3.42, 4.122, 4.602, 4.48, 3.655, 3.516, 3.733, 2.539, 2.744, 3.475, 4.561, 3.799, 3.344, 3.774, 4.788, 4.995, 6.415, 7.22, 8.721, 10.086, 9.596, 7.768, 7.33, 7.288, 6.778, 7.282, 7.616, 8.267, 8.909, 9.234, 10.6, 11.67, 12.011, 12.507, 13.771, 14.683, 14.102, 12.179, 11.694, 13.379, 12.989, 10.607, 8.439, 9.96, 12.824, 14.434, 16.269, 18.673, 20.553, 21.177, 20.945, 21.033, 22.603, 23.724, 23.188, 21.731, 20.687, 18.489, 15.754, 14.201, 14.243, 14.648, 14.19, 12.697, 12.597, 11.529, 10.547, 8.322, 7.845, 7.156, 5.491, 3.816, 3.839, 3.662, 2.028, 3.627, 4.053, 2.255, 1.666, 1.902, 2.339, 2.468, 6.155, 7.009], [4.279, 6.014, 4.445, 2.519, 1.587, 1.741, 1.733, 2.205, 3.623, 5.484, 6.046, 6.554, 7.551, 8.415, 9.196, 8.668, 6.233, 2.672, 2.336, 2.432, 3.001, 3.347, 3.56, 3.898, 2.213, 0.0, 1.712, 2.254, 3.329, 3.709, 4.041, 4.89, 5.375, 3.957, 3.991, 6.395, 8.678, 9.639, 10.47, 11.29, 12.897, 13.499, 12.964, 11.861, 11.495, 11.354, 10.077, 9.594, 10.292, 9.734, 7.898, 7.128, 7.782, 8.323, 7.801, 5.522, 2.561, 2.366, 1.923, 1.218, 1.756, 2.594, 3.104, 4.167, 4.317, 3.685, 2.799, 2.451, 1.909, 1.299, 1.927, 3.103, 3.15, 2.509, 2.967, 4.505, 5.023, 6.095, 6.881, 8.365, 9.75, 9.295, 7.594, 7.072, 6.977, 6.527, 7.036, 7.279, 7.938, 8.572, 8.897, 10.305, 11.336, 11.67, 12.126, 13.432, 14.346, 13.765, 11.842, 11.402, 13.048, 12.685, 10.346, 8.221, 9.651, 12.599, 14.13, 15.952, 18.326, 20.213, 20.867, 20.603, 20.691, 22.236, 23.394, 22.816, 21.415, 20.368, 18.153, 15.417, 13.929, 13.851, 14.373, 13.907, 12.412, 12.27, 11.211, 10.245, 8.115, 7.55, 6.923, 5.249, 3.173, 3.525, 3.257, 2.373, 3.317, 3.916, 2.258, 2.815, 3.343, 3.244, 2.986, 5.921, 6.717], [3.514, 4.752, 3.373, 2.002, 1.592, 1.697, 1.295, 1.414, 2.673, 4.206, 4.901, 5.335, 6.357, 7.278, 8.124, 7.502, 5.517, 2.851, 2.526, 2.013, 2.075, 2.239, 2.389, 2.933, 1.982, 1.712, 0.0, 1.259, 2.335, 2.892, 2.932, 3.755, 4.375, 3.345, 3.344, 5.499, 7.799, 8.778, 9.578, 10.407, 12.007, 12.616, 12.082, 11.017, 10.604, 10.443, 9.16, 8.712, 9.416, 8.856, 7.144, 5.946, 6.572, 7.151, 6.539, 4.224, 2.156, 2.585, 2.031, 1.279, 1.68, 2.169, 2.668, 3.392, 3.245, 2.556, 2.073, 2.175, 2.132, 1.966, 2.529, 3.82, 3.942, 3.01, 2.423, 3.482, 3.775, 5.207, 5.977, 7.504, 8.847, 8.388, 6.551, 6.103, 6.057, 5.562, 6.06, 6.382, 7.041, 7.683, 8.008, 9.371, 10.446, 10.786, 11.288, 12.544, 13.457, 12.876, 10.953, 10.471, 12.107, 11.753, 9.351, 7.224, 8.732, 11.655, 13.21, 15.04, 17.445, 19.326, 19.945, 19.721, 19.809, 21.383, 22.491, 21.97, 20.524, 19.465, 17.269, 14.528, 12.957, 13.008, 13.401, 12.956, 11.45, 11.371, 10.303, 9.303, 7.079, 6.594, 5.924, 4.264, 2.352, 2.472, 2.499, 2.068, 2.432, 2.859, 1.362, 1.987, 2.576, 2.678, 2.457, 4.929, 5.782], [2.632, 3.849, 2.496, 1.369, 1.846, 2.274, 1.733, 1.515, 2.37, 3.448, 4.28, 4.55, 5.47, 6.393, 7.154, 6.583, 4.586, 2.364, 1.946, 1.694, 1.509, 1.666, 2.674, 3.297, 2.758, 2.254, 1.259, 0.0, 1.53, 2.151, 2.143, 2.982, 3.65, 2.958, 3.134, 4.551, 6.839, 7.801, 8.622, 9.452, 11.058, 11.661, 11.126, 10.029, 9.655, 9.5, 8.199, 7.724, 8.431, 7.878, 6.131, 5.108, 5.714, 6.406, 5.881, 3.654, 2.881, 3.443, 2.713, 1.803, 1.597, 1.672, 1.955, 2.605, 2.348, 1.848, 1.677, 1.809, 2.302, 2.151, 2.627, 3.613, 4.514, 3.152, 1.673, 2.714, 2.936, 4.271, 5.022, 6.586, 7.886, 7.454, 5.659, 5.156, 5.155, 4.574, 5.105, 5.44, 6.085, 6.73, 7.053, 8.415, 9.49, 9.831, 10.3, 11.594, 12.507, 11.926, 10.003, 9.538, 11.161, 10.807, 8.378, 6.235, 7.811, 10.704, 12.254, 14.084, 16.49, 18.373, 18.991, 18.765, 18.853, 20.403, 21.535, 20.981, 19.545, 18.501, 16.289, 13.578, 11.966, 11.996, 12.437, 12.008, 10.516, 10.421, 9.353, 8.365, 6.14, 5.662, 5.021, 3.388, 1.566, 1.773, 1.862, 2.332, 1.831, 1.94, 1.328, 2.694, 3.215, 3.268, 2.81, 3.98, 4.833], [1.547, 2.99, 1.893, 1.679, 2.757, 3.221, 3.017, 2.37, 2.239, 2.934, 3.628, 3.819, 4.719, 5.625, 6.142, 5.513, 3.469, 2.826, 2.77, 1.815, 1.969, 1.652, 2.642, 3.565, 3.616, 3.329, 2.335, 1.53, 0.0, 1.382, 1.47, 2.235, 3.165, 2.938, 3.071, 3.593, 5.662, 6.641, 7.446, 8.276, 9.877, 10.484, 9.95, 8.88, 8.474, 8.312, 7.023, 6.575, 7.279, 6.719, 4.946, 4.34, 4.926, 5.627, 5.223, 2.968, 3.715, 4.775, 3.968, 3.05, 2.457, 1.887, 2.012, 1.885, 1.301, 1.745, 2.232, 2.488, 3.14, 3.195, 3.698, 4.316, 5.679, 4.306, 2.342, 2.557, 2.142, 3.044, 3.831, 5.369, 6.71, 6.255, 4.408, 3.977, 3.931, 3.425, 3.924, 4.252, 4.909, 5.552, 5.877, 7.254, 8.314, 8.654, 9.148, 10.414, 11.326, 10.745, 8.822, 8.332, 9.97, 9.622, 7.26, 5.125, 6.604, 9.51, 11.078, 12.905, 15.307, 17.204, 17.805, 17.589, 17.677, 19.243, 20.359, 19.83, 18.375, 17.316, 15.129, 12.397, 10.827, 10.816, 11.258, 10.825, 9.319, 9.24, 8.172, 7.174, 4.985, 4.48, 3.8, 2.213, 1.263, 1.218, 1.47, 2.562, 1.556, 1.632, 1.952, 3.367, 3.707, 3.666, 2.768, 3.3, 3.848], [1.343, 2.967, 1.912, 2.069, 3.114, 3.713, 3.584, 2.962, 2.533, 3.152, 3.863, 3.955, 4.639, 5.473, 6.112, 5.565, 3.443, 3.329, 3.183, 2.462, 2.021, 2.211, 3.048, 3.902, 4.224, 3.709, 2.892, 2.151, 1.382, 0.0, 1.745, 2.749, 3.142, 3.125, 3.297, 3.502, 5.583, 6.534, 7.359, 8.188, 9.802, 10.397, 9.863, 8.754, 8.399, 8.237, 6.943, 6.428, 7.127, 6.561, 4.74, 4.367, 5.07, 5.695, 5.516, 3.527, 4.373, 5.289, 4.498, 3.599, 3.023, 2.189, 2.417, 2.219, 1.695, 2.059, 2.602, 2.793, 3.6, 3.706, 4.141, 4.542, 6.131, 4.8, 2.833, 2.846, 2.472, 2.98, 3.807, 5.288, 6.623, 6.182, 4.415, 3.911, 3.859, 3.38, 3.919, 4.186, 4.827, 5.473, 5.79, 7.196, 8.232, 8.567, 9.002, 10.331, 11.245, 10.664, 8.747, 8.253, 9.884, 9.553, 7.236, 5.069, 6.526, 9.436, 10.991, 12.828, 15.2, 17.112, 17.738, 17.502, 17.59, 19.131, 20.279, 19.702, 18.294, 17.239, 15.013, 12.322, 10.76, 10.692, 11.157, 10.75, 9.244, 9.165, 8.097, 7.097, 4.973, 4.407, 3.765, 2.157, 1.742, 1.651, 1.679, 3.001, 1.745, 1.837, 2.568, 3.919, 4.496, 4.041, 3.095, 3.334, 3.63], [1.983, 2.723, 2.453, 2.343, 3.309, 3.946, 3.672, 3.06, 2.214, 2.242, 3.139, 3.364, 4.133, 5.099, 5.634, 5.111, 3.94, 3.714, 3.656, 2.774, 2.464, 2.202, 2.537, 3.115, 4.324, 4.041, 2.932, 2.143, 1.47, 1.745, 0.0, 1.42, 2.202, 2.105, 2.121, 2.801, 5.056, 6.024, 6.842, 7.672, 9.275, 9.881, 9.346, 8.263, 7.872, 7.711, 6.417, 5.958, 6.663, 6.102, 4.396, 3.796, 4.5, 5.128, 4.632, 2.421, 4.212, 5.384, 4.666, 3.738, 3.101, 2.6, 2.861, 2.741, 1.526, 1.513, 2.915, 3.139, 3.785, 3.819, 4.342, 4.954, 6.294, 5.0, 3.108, 3.586, 2.983, 2.972, 3.781, 5.141, 6.111, 5.681, 3.96, 3.517, 3.629, 3.069, 3.473, 3.719, 4.314, 4.95, 5.273, 6.646, 7.71, 8.051, 8.532, 9.812, 10.724, 10.144, 8.221, 7.801, 9.397, 9.021, 6.639, 4.509, 6.055, 8.925, 10.474, 12.302, 14.718, 16.607, 17.218, 16.985, 17.073, 18.627, 19.761, 19.218, 17.777, 16.765, 14.524, 11.795, 10.22, 10.266, 10.718, 10.224, 8.718, 8.639, 7.571, 6.59, 4.395, 3.866, 3.397, 2.578, 2.098, 1.505, 1.631, 2.931, 1.707, 1.948, 2.482, 3.798, 4.148, 3.701, 2.433, 2.564, 3.056], [2.459, 2.783, 2.727, 2.955, 4.084, 4.851, 4.506, 3.787, 2.588, 1.893, 2.495, 2.876, 3.564, 4.609, 5.128, 4.691, 4.23, 4.37, 4.564, 3.545, 3.354, 2.789, 2.993, 3.71, 5.084, 4.89, 3.755, 2.982, 2.235, 2.749, 1.42, 0.0, 1.679, 2.157, 2.072, 2.055, 4.151, 5.13, 5.833, 6.653, 8.253, 8.873, 8.409, 7.428, 6.993, 6.785, 5.699, 5.22, 5.819, 5.208, 3.704, 3.206, 3.816, 4.503, 3.903, 1.643, 4.955, 6.17, 5.333, 4.52, 3.723, 3.58, 3.674, 3.315, 2.063, 2.069, 3.629, 3.653, 4.135, 4.66, 5.149, 5.966, 7.139, 5.865, 3.897, 4.068, 3.426, 2.938, 3.565, 4.863, 5.281, 5.007, 3.671, 3.03, 3.226, 2.633, 2.983, 2.978, 3.4, 3.928, 4.289, 5.654, 6.707, 7.051, 7.643, 8.841, 9.73, 9.121, 7.235, 7.07, 8.663, 8.087, 5.963, 3.826, 5.261, 8.264, 9.527, 11.332, 13.832, 15.715, 16.318, 15.977, 16.117, 17.761, 18.884, 18.376, 17.061, 15.977, 13.705, 10.835, 9.57, 9.653, 10.079, 9.336, 7.7, 7.616, 6.551, 5.612, 3.437, 2.931, 3.113, 2.781, 2.686, 2.171, 2.317, 3.715, 2.49, 2.209, 3.154, 4.487, 4.922, 4.39, 2.927, 2.005, 2.334], [3.076, 3.465, 3.455, 3.877, 4.616, 5.466, 5.069, 4.441, 3.605, 3.002, 3.465, 3.428, 3.769, 4.786, 5.12, 4.629, 4.294, 4.681, 5.086, 4.334, 3.375, 3.547, 3.834, 4.299, 5.637, 5.375, 4.375, 3.65, 3.165, 3.142, 2.202, 1.679, 0.0, 1.826, 1.903, 1.773, 3.613, 4.617, 5.271, 6.089, 7.661, 8.282, 7.885, 6.921, 6.469, 6.284, 5.272, 4.753, 5.296, 4.675, 3.447, 3.492, 4.254, 4.784, 4.431, 2.496, 5.497, 6.755, 5.84, 5.036, 4.511, 3.782, 3.821, 3.328, 2.453, 2.493, 3.272, 3.418, 4.368, 5.201, 5.691, 6.063, 7.67, 6.385, 3.938, 4.353, 3.999, 2.995, 3.639, 4.659, 4.971, 4.662, 3.336, 2.878, 3.139, 2.544, 2.688, 2.724, 2.996, 3.387, 3.753, 5.116, 6.171, 6.501, 7.126, 8.283, 9.172, 8.529, 6.694, 6.623, 8.172, 7.551, 5.611, 3.6, 4.768, 7.79, 9.001, 10.781, 13.28, 15.174, 15.772, 15.391, 15.593, 17.224, 18.376, 17.862, 16.587, 15.506, 13.211, 10.339, 9.132, 9.208, 9.626, 8.848, 7.142, 7.048, 6.037, 5.197, 3.061, 2.756, 3.016, 2.867, 3.044, 2.368, 2.419, 4.248, 2.304, 2.362, 3.556, 5.025, 5.481, 4.951, 3.526, 2.267, 2.019], [3.231, 3.826, 3.631, 3.495, 3.183, 4.242, 3.884, 3.447, 3.235, 3.32, 4.149, 4.274, 4.963, 5.883, 6.356, 5.603, 4.693, 4.497, 4.623, 4.05, 2.99, 3.105, 3.044, 3.267, 3.952, 3.957, 3.345, 2.958, 2.938, 3.125, 2.105, 2.157, 1.826, 0.0, 0.949, 2.839, 5.265, 6.237, 6.906, 7.722, 9.309, 9.929, 9.537, 8.581, 8.121, 7.941, 6.85, 6.371, 6.963, 6.337, 4.92, 4.708, 5.374, 6.025, 5.486, 3.201, 3.885, 5.114, 4.488, 4.0, 3.82, 3.507, 3.805, 3.473, 2.497, 2.121, 2.818, 2.832, 2.789, 3.882, 4.608, 5.259, 6.022, 4.898, 3.774, 4.488, 4.07, 3.61, 4.328, 5.734, 6.493, 6.178, 4.675, 3.979, 4.118, 3.479, 3.865, 4.007, 4.545, 4.995, 5.388, 6.752, 7.798, 8.152, 8.72, 9.918, 10.807, 10.177, 8.346, 8.224, 9.832, 9.201, 7.107, 4.961, 6.413, 9.413, 10.652, 12.405, 14.918, 16.799, 17.404, 17.033, 17.245, 18.874, 20.012, 19.512, 18.211, 17.125, 14.856, 11.989, 10.71, 10.795, 11.229, 10.491, 8.803, 8.672, 7.605, 6.631, 4.574, 4.036, 3.967, 3.305, 2.83, 2.169, 2.214, 2.658, 1.852, 2.437, 2.276, 3.623, 3.787, 3.759, 2.328, 3.081, 3.36], [3.467, 4.055, 3.894, 3.666, 3.399, 4.171, 3.839, 3.405, 3.197, 3.23, 4.164, 4.442, 5.06, 6.068, 6.473, 5.769, 4.714, 4.795, 4.873, 4.286, 3.31, 3.345, 2.851, 3.152, 4.063, 3.991, 3.344, 3.134, 3.071, 3.297, 2.121, 2.072, 1.903, 0.949, 0.0, 2.709, 5.075, 6.048, 6.751, 7.575, 9.171, 9.791, 9.347, 8.404, 7.966, 7.776, 6.686, 6.239, 6.795, 6.193, 4.812, 4.865, 5.484, 6.16, 5.564, 3.251, 3.887, 5.245, 4.602, 4.227, 3.96, 3.852, 4.073, 3.676, 2.773, 2.294, 2.974, 2.922, 2.796, 3.962, 4.712, 5.667, 6.244, 5.282, 4.09, 4.715, 4.36, 3.568, 4.201, 5.718, 6.259, 5.88, 4.581, 3.94, 4.12, 3.651, 3.969, 3.916, 4.347, 4.863, 5.21, 6.615, 7.662, 7.975, 8.565, 9.756, 10.645, 10.039, 8.156, 8.102, 9.688, 9.104, 7.145, 4.984, 6.232, 9.228, 10.489, 12.262, 14.755, 16.673, 17.243, 16.895, 17.056, 18.685, 19.822, 19.325, 18.024, 16.947, 14.68, 11.802, 10.58, 10.68, 11.077, 10.346, 8.699, 8.534, 7.468, 6.532, 4.623, 3.988, 3.971, 3.309, 2.857, 2.273, 2.379, 2.762, 2.034, 2.679, 2.575, 3.566, 3.896, 3.625, 2.246, 3.204, 3.278], [3.073, 3.54, 3.713, 4.529, 5.765, 6.498, 6.081, 5.334, 3.989, 2.948, 3.242, 3.337, 3.563, 4.667, 4.97, 4.511, 3.964, 5.285, 5.919, 5.033, 4.38, 4.084, 4.515, 5.348, 6.725, 6.395, 5.499, 4.551, 3.593, 3.502, 2.801, 2.055, 1.773, 2.839, 2.709, 0.0, 2.531, 3.432, 4.088, 5.236, 6.735, 7.13, 6.787, 5.896, 5.519, 5.377, 4.391, 3.991, 4.376, 3.805, 3.071, 3.432, 3.854, 4.503, 3.979, 2.434, 6.547, 7.907, 6.989, 6.184, 5.376, 4.742, 4.429, 3.603, 2.867, 3.292, 4.266, 4.25, 5.266, 6.248, 6.736, 7.222, 8.823, 7.476, 4.823, 4.448, 4.084, 2.497, 3.149, 4.366, 4.456, 4.056, 3.068, 2.563, 3.003, 2.488, 2.529, 2.58, 2.536, 2.763, 2.863, 4.151, 5.186, 5.442, 6.176, 7.088, 7.977, 7.377, 5.532, 5.718, 7.244, 6.803, 5.145, 3.372, 3.847, 6.669, 7.944, 9.629, 12.134, 14.047, 14.623, 14.233, 14.432, 16.072, 17.219, 16.72, 15.434, 14.361, 12.141, 9.255, 8.08, 8.229, 8.612, 7.951, 6.289, 6.121, 5.298, 4.637, 2.896, 2.7, 2.974, 2.7, 3.491, 3.311, 3.615, 5.366, 3.356, 3.128, 4.576, 6.069, 6.548, 5.97, 4.366, 2.525, 1.863], [4.796, 3.219, 4.812, 6.76, 8.054, 8.788, 8.368, 7.623, 6.257, 4.369, 4.023, 3.519, 2.787, 3.336, 3.403, 3.237, 3.601, 6.54, 8.088, 7.141, 6.519, 6.168, 6.785, 7.627, 9.015, 8.678, 7.799, 6.839, 5.662, 5.583, 5.056, 4.151, 3.613, 5.265, 5.075, 2.531, 0.0, 1.319, 1.977, 3.229, 4.644, 4.887, 4.507, 3.696, 3.578, 3.369, 2.752, 2.244, 2.331, 2.011, 2.158, 2.751, 3.502, 3.403, 3.086, 4.064, 8.84, 10.197, 9.323, 8.504, 7.716, 6.735, 6.134, 4.897, 4.614, 5.505, 6.407, 6.477, 7.596, 8.531, 9.029, 9.501, 11.147, 9.805, 6.573, 5.003, 4.372, 2.868, 2.655, 2.957, 2.94, 2.38, 2.265, 1.968, 2.256, 2.447, 2.25, 2.084, 1.528, 1.7, 1.636, 2.505, 3.259, 3.72, 4.58, 4.784, 5.668, 5.087, 3.22, 3.915, 5.318, 4.814, 3.436, 2.371, 2.646, 4.434, 5.661, 7.378, 9.789, 11.776, 12.328, 11.943, 12.058, 13.613, 14.838, 14.271, 13.011, 12.006, 9.861, 6.97, 6.055, 6.176, 6.529, 5.861, 4.599, 4.16, 3.353, 2.899, 1.702, 1.743, 2.194, 3.635, 5.774, 5.393, 5.773, 7.726, 5.646, 5.121, 6.879, 8.359, 8.855, 8.244, 6.637, 3.533, 2.702], [5.757, 4.215, 5.774, 7.722, 9.016, 9.759, 9.33, 8.576, 7.184, 5.235, 4.875, 4.495, 3.667, 3.826, 3.822, 3.567, 3.805, 7.512, 9.05, 8.103, 7.48, 7.124, 7.747, 8.583, 9.994, 9.639, 8.778, 7.801, 6.641, 6.534, 6.024, 5.13, 4.617, 6.237, 6.048, 3.432, 1.319, 0.0, 1.283, 2.746, 4.147, 4.295, 4.165, 3.504, 3.501, 3.529, 3.417, 3.06, 2.49, 2.491, 3.073, 3.668, 4.42, 4.359, 4.065, 5.019, 9.819, 11.158, 10.302, 9.483, 8.695, 7.714, 7.075, 5.815, 5.576, 6.467, 7.386, 7.433, 8.555, 9.463, 10.008, 10.48, 12.126, 10.784, 7.527, 5.925, 5.163, 3.73, 3.02, 2.815, 2.737, 2.121, 2.611, 2.764, 2.887, 3.242, 2.89, 2.745, 2.275, 2.432, 2.41, 2.922, 3.438, 3.935, 5.047, 4.38, 4.845, 4.153, 2.92, 4.013, 5.187, 4.814, 3.78, 3.289, 3.547, 4.546, 5.597, 6.763, 9.123, 11.195, 11.744, 11.048, 11.227, 12.744, 14.125, 13.428, 12.219, 11.298, 9.307, 6.623, 5.893, 5.929, 6.315, 5.965, 4.64, 4.299, 3.069, 2.569, 2.205, 2.74, 3.172, 4.597, 6.753, 6.372, 6.745, 8.705, 6.625, 6.085, 7.858, 9.321, 9.834, 9.215, 7.604, 4.349, 3.571], [6.578, 4.934, 6.58, 8.538, 9.836, 10.574, 10.146, 9.401, 8.021, 5.945, 5.602, 5.173, 3.786, 3.718, 3.45, 3.116, 4.367, 8.308, 9.865, 8.926, 8.301, 7.95, 8.552, 9.408, 10.803, 10.47, 9.578, 8.622, 7.446, 7.359, 6.842, 5.833, 5.271, 6.906, 6.751, 4.088, 1.977, 1.283, 0.0, 1.979, 3.345, 3.445, 3.609, 2.981, 3.111, 3.159, 3.304, 3.049, 2.288, 2.296, 3.079, 4.348, 4.798, 4.607, 4.102, 5.8, 10.624, 11.978, 11.073, 10.265, 9.449, 8.521, 7.87, 6.604, 6.394, 7.288, 8.174, 8.157, 9.32, 10.3, 10.818, 11.227, 12.905, 11.559, 8.364, 6.76, 5.943, 4.448, 3.627, 2.563, 2.058, 2.122, 3.23, 3.493, 3.539, 4.07, 3.587, 3.335, 2.723, 2.757, 2.69, 3.17, 3.257, 4.011, 5.094, 4.168, 4.152, 3.392, 2.622, 3.336, 4.472, 4.162, 3.444, 3.171, 3.463, 4.345, 5.042, 6.004, 8.325, 10.369, 11.016, 10.188, 10.477, 12.098, 13.394, 12.801, 11.575, 10.577, 8.584, 5.923, 5.233, 5.344, 5.719, 5.275, 3.808, 3.511, 2.267, 1.82, 2.556, 3.012, 3.674, 5.434, 7.451, 7.184, 7.572, 9.453, 7.36, 6.809, 8.652, 10.139, 10.628, 10.03, 8.423, 4.903, 4.125], [7.407, 5.764, 7.41, 9.35, 10.671, 11.404, 10.976, 10.23, 8.842, 6.768, 