[[0.0, 1.382, 3.216, 4.098, 4.232, 5.526, 4.837, 3.012, 3.171, 3.388, 4.654, 4.665, 5.812, 6.2, 5.172, 2.201, 1.711, 1.57, 1.475, 2.466, 5.25, 6.44, 6.135, 6.128, 6.591, 7.558, 8.71, 10.297, 12.602, 13.257, 12.715, 11.678, 10.643, 9.142, 8.319, 8.917, 8.854, 8.519, 7.588, 8.461, 8.064, 7.7, 8.898, 9.745, 9.17, 7.872, 6.577, 5.983, 5.786, 6.322, 6.449, 6.034, 5.804, 4.951, 4.174, 3.599, 4.068, 3.603, 4.017, 4.875, 4.49, 4.825, 5.002, 4.88, 5.182, 4.74, 2.681, 1.703, 1.748, 3.209, 5.432, 5.707, 6.08, 6.362, 6.155, 5.758, 5.243, 6.146, 7.616, 7.141, 6.622, 6.894, 7.476, 6.39, 5.558, 4.741, 3.749, 2.949, 3.004, 2.283, 2.299, 3.071, 4.305, 3.752, 3.404, 4.325, 3.537, 1.691, 2.281, 2.836, 2.667, 2.582, 4.296, 8.487, 9.785, 9.1, 11.142, 15.23, 17.259, 18.309, 18.119, 17.135, 15.784, 14.951, 13.462, 12.699, 12.715, 12.181, 11.175, 10.186, 9.563, 9.473, 9.07, 8.007, 4.298, 4.0, 4.237, 5.66, 4.985, 2.58, 2.646, 2.022, 1.604, 1.743, 1.873, 1.692, 3.313, 5.468, 5.305, 2.832, 2.895, 3.759, 3.151, 3.331, 3.996, 2.256, 3.271, 4.518, 4.111, 3.98, 3.459, 2.994, 3.235, 4.086, 4.523, 2.893, 2.019, 2.011, 1.897, 2.292, 2.552, 2.499, 3.094, 4.803, 7.133, 7.695, 8.777, 10.235, 11.785, 13.354, 13.278, 12.112, 11.105, 9.727, 7.995, 8.099, 7.8, 5.88, 4.201, 3.621, 3.85, 4.08, 5.176, 5.997, 6.66, 7.707, 9.463, 10.878, 12.474, 12.907, 11.87, 11.596, 11.413, 10.25, 8.538, 6.439, 4.314, 3.673, 3.032, 3.432, 3.549, 3.089, 3.213, 3.523, 2.38, 4.167, 5.392, 5.07, 5.005, 2.701, 1.522, 1.569, 3.274, 4.701, 3.187, 3.589, 5.369, 6.097, 5.384, 5.249, 6.092, 5.793, 4.67, 4.353, 4.766, 5.283, 4.023, 2.404, 1.798, 1.755], [1.382, 0.0, 2.577, 3.497, 3.565, 4.888, 4.123, 2.873, 3.351, 3.588, 4.378, 4.433, 5.506, 5.981, 4.919, 2.511, 1.833, 1.857, 2.005, 2.617, 5.039, 6.262, 5.963, 6.094, 6.649, 7.532, 8.519, 10.416, 12.928, 13.61, 12.934, 11.667, 10.495, 9.143, 8.496, 8.958, 9.34, 8.457, 7.987, 8.961, 8.504, 8.199, 9.428, 10.275, 9.561, 8.247, 6.485, 6.138, 6.24, 6.433, 6.36, 5.85, 5.59, 4.665, 4.04, 3.432, 3.973, 3.38, 3.917, 4.785, 4.345, 5.077, 5.373, 5.184, 5.18, 4.747, 2.814, 1.9, 1.958, 3.55, 5.927, 6.192, 6.473, 6.823, 6.615, 6.018, 5.543, 6.416, 8.065, 7.431, 6.92, 7.39, 7.933, 6.891, 5.942, 5.253, 4.311, 3.562, 3.714, 2.818, 2.561, 2.517, 3.587, 3.079, 2.494, 3.581, 2.885, 1.355, 1.987, 2.973, 3.058, 2.665, 4.327, 8.976, 10.209, 9.341, 11.353, 15.612, 17.74, 18.795, 18.645, 17.662, 16.212, 15.398, 13.932, 13.19, 13.136, 12.66, 11.617, 10.6, 9.987, 9.9, 9.54, 8.507, 4.696, 3.829, 4.076, 5.628, 4.871, 2.809, 2.737, 2.328, 2.226, 2.479, 2.05, 1.789, 3.16, 5.004, 4.855, 2.715, 2.62, 3.277, 2.549, 2.712, 3.496, 2.422, 3.314, 4.622, 4.412, 4.191, 4.009, 3.198, 3.47, 4.515, 4.979, 3.371, 2.16, 2.779, 2.267, 2.43, 2.645, 2.709, 3.751, 5.399, 7.554, 8.189, 9.232, 10.644, 12.139, 13.798, 13.719, 12.555, 11.606, 10.157, 8.34, 8.214, 8.166, 5.832, 4.412, 3.919, 3.971, 4.401, 5.525, 6.473, 7.146, 8.206, 9.907, 11.321, 12.911, 13.35, 12.314, 12.106, 11.94, 10.77, 9.042, 6.958, 4.696, 3.521, 2.994, 3.728, 3.668, 3.175, 3.516, 3.674, 2.238, 3.69, 4.876, 4.68, 4.872, 2.754, 2.089, 2.323, 3.107, 4.284, 2.951, 3.179, 4.848, 5.586, 4.926, 4.88, 5.558, 5.501, 4.496, 3.991, 4.116, 4.767, 3.594, 2.255, 1.99, 1.697], [3.216, 2.577, 0.0, 1.346, 1.926, 2.886, 2.262, 2.277, 3.085, 3.954, 6.078, 6.416, 7.098, 7.482, 6.745, 4.178, 2.577, 2.187, 3.135, 4.953, 7.097, 8.162, 7.413, 7.627, 8.229, 9.445, 10.526, 12.761, 15.387, 16.021, 15.261, 13.979, 12.665, 11.401, 10.87, 11.362, 11.747, 10.636, 10.368, 11.338, 10.927, 10.577, 11.813, 12.655, 11.953, 10.624, 8.729, 8.514, 8.42, 7.405, 7.157, 7.622, 7.65, 6.484, 5.389, 5.421, 5.264, 5.267, 6.01, 6.736, 6.68, 7.438, 7.753, 7.571, 7.218, 6.854, 5.046, 2.747, 3.276, 5.976, 8.307, 8.629, 8.933, 9.26, 9.02, 8.418, 7.982, 8.848, 10.475, 9.806, 9.297, 9.77, 10.313, 9.297, 8.35, 7.643, 6.654, 5.737, 5.324, 4.616, 3.871, 1.918, 1.734, 2.047, 2.305, 2.703, 2.41, 3.053, 3.073, 4.846, 5.213, 3.743, 6.734, 11.378, 12.628, 11.704, 13.687, 18.044, 20.151, 21.182, 21.054, 20.045, 18.637, 17.813, 16.32, 15.595, 15.575, 15.076, 14.064, 12.999, 12.406, 12.321, 11.963, 10.91, 7.103, 4.095, 5.878, 7.368, 5.791, 4.236, 4.704, 4.306, 4.202, 4.387, 3.717, 2.65, 2.34, 2.732, 2.75, 1.892, 1.856, 1.434, 1.63, 1.902, 2.014, 3.144, 5.68, 7.036, 6.805, 6.532, 6.358, 5.479, 5.797, 6.906, 7.357, 5.806, 4.369, 4.724, 4.05, 4.346, 4.249, 4.652, 5.911, 7.668, 10.026, 10.578, 11.621, 13.014, 14.553, 16.213, 16.134, 14.971, 14.013, 12.564, 10.786, 10.659, 10.609, 8.123, 6.784, 6.137, 6.224, 6.845, 7.958, 8.928, 9.616, 10.62, 12.335, 13.737, 15.334, 15.766, 14.73, 14.506, 14.344, 13.163, 11.431, 9.363, 7.172, 5.434, 5.157, 6.154, 6.032, 5.183, 5.727, 5.708, 3.161, 2.137, 2.49, 2.617, 2.862, 2.04, 2.95, 3.066, 2.244, 2.466, 1.634, 1.391, 2.483, 3.195, 2.644, 2.657, 3.252, 3.362, 2.708, 2.188, 1.904, 2.439, 1.852, 1.636, 2.195, 2.266], [4.098, 3.497, 1.346, 0.0, 1.484, 2.335, 1.785, 2.698, 3.465, 4.748, 7.029, 7.438, 7.973, 8.441, 7.746, 5.243, 3.703, 3.165, 4.089, 5.835, 8.116, 8.966, 8.317, 8.524, 9.225, 10.375, 11.558, 13.735, 16.288, 16.967, 16.272, 14.936, 13.603, 12.203, 11.699, 12.264, 12.554, 11.671, 11.201, 12.165, 11.763, 11.404, 12.612, 13.46, 12.8, 11.452, 9.623, 9.314, 9.229, 8.095, 7.921, 8.341, 8.48, 7.341, 6.152, 6.305, 6.034, 6.253, 6.679, 7.575, 7.604, 8.336, 8.573, 8.407, 8.027, 7.659, 5.873, 3.673, 4.175, 6.867, 9.124, 9.447, 9.752, 10.055, 9.821, 9.222, 8.843, 9.678, 11.292, 10.63, 10.125, 10.593, 11.131, 10.106, 9.159, 8.469, 7.497, 6.562, 6.116, 5.45, 4.797, 2.652, 1.979, 2.608, 2.935, 2.668, 2.499, 3.974, 4.09, 5.711, 6.033, 4.381, 7.627, 12.192, 13.455, 12.654, 14.668, 18.98, 20.966, 22.016, 21.846, 20.848, 19.463, 18.631, 17.157, 16.405, 16.429, 15.911, 14.904, 13.826, 13.235, 13.152, 12.752, 11.718, 7.895, 4.285, 6.811, 8.241, 6.755, 5.227, 5.528, 5.22, 5.128, 5.277, 4.747, 3.73, 3.273, 2.578, 2.748, 2.633, 2.899, 1.872, 1.958, 2.301, 2.241, 3.98, 6.535, 7.887, 7.627, 7.353, 7.154, 6.295, 6.636, 7.703, 8.184, 6.665, 5.194, 5.539, 4.945, 5.331, 5.07, 5.587, 6.784, 8.545, 10.867, 11.398, 12.479, 13.925, 15.369, 17.03, 16.951, 15.787, 14.822, 13.361, 11.683, 11.545, 11.52, 9.059, 7.799, 7.026, 7.052, 7.702, 8.917, 9.828, 10.47, 11.428, 13.139, 14.553, 16.143, 16.586, 15.546, 15.357, 15.137, 14.018, 12.292, 10.161, 8.053, 6.304, 5.999, 6.981, 6.882, 6.044, 6.566, 6.663, 4.05, 1.72, 2.08, 2.442, 2.609, 2.79, 3.849, 3.946, 3.137, 2.432, 2.189, 1.739, 1.974, 2.381, 1.754, 2.155, 2.326, 2.752, 2.436, 2.051, 1.389, 1.915, 2.441, 2.39, 3.01, 3.043], [4.232, 3.565, 1.926, 1.484, 0.0, 1.505, 1.339, 2.716, 3.302, 4.569, 6.974, 7.342, 7.756, 8.261, 7.559, 5.044, 3.881, 3.444, 4.333, 5.954, 8.089, 9.098, 8.323, 8.57, 9.232, 10.475, 11.474, 13.709, 16.312, 16.946, 16.177, 14.904, 13.603, 12.347, 11.837, 12.339, 12.693, 11.536, 11.363, 12.33, 11.869, 11.569, 12.775, 13.622, 12.92, 11.617, 9.667, 9.451, 9.394, 8.254, 7.687, 8.241, 8.374, 7.136, 5.824, 6.354, 6.11, 6.021, 6.836, 7.627, 7.614, 8.418, 8.73, 8.554, 8.192, 7.821, 6.042, 4.156, 4.532, 6.948, 9.289, 9.565, 9.845, 10.188, 9.978, 9.352, 8.911, 9.769, 11.458, 10.79, 10.29, 10.759, 11.296, 10.244, 9.374, 8.699, 7.716, 6.756, 6.4, 5.783, 5.178, 3.05, 2.318, 2.525, 2.729, 1.996, 1.91, 3.974, 4.036, 5.837, 6.202, 4.527, 7.672, 12.34, 13.623, 12.699, 14.669, 18.978, 21.118, 22.179, 21.997, 21.009, 19.63, 18.797, 17.323, 16.558, 16.54, 16.038, 14.995, 14.003, 13.4, 13.316, 12.911, 11.861, 8.074, 4.069, 6.838, 8.297, 6.638, 5.321, 5.683, 5.315, 5.189, 5.261, 4.688, 3.794, 3.665, 3.516, 3.064, 3.241, 3.233, 2.384, 1.929, 2.134, 2.098, 3.722, 6.672, 8.008, 7.814, 7.56, 7.37, 6.495, 6.801, 7.872, 8.349, 6.733, 5.403, 5.714, 5.106, 5.35, 5.126, 5.623, 6.806, 8.657, 11.002, 11.599, 12.636, 13.981, 15.536, 17.196, 17.117, 15.954, 14.979, 13.51, 11.712, 11.585, 11.555, 9.065, 7.784, 7.137, 7.244, 7.783, 8.921, 9.916, 10.578, 11.617, 13.34, 14.72, 16.33, 16.752, 15.722, 15.542, 15.331, 14.187, 12.433, 10.363, 8.151, 6.442, 6.171, 7.159, 6.961, 6.129, 6.695, 6.65, 3.794, 1.779, 2.714, 3.393, 3.826, 3.564, 4.345, 4.273, 3.636, 2.792, 2.946, 2.311, 2.572, 2.675, 2.55, 2.963, 2.895, 3.656, 3.124, 2.929, 2.53, 2.187, 3.182, 3.135, 3.536, 3.427], [5.526, 4.888, 2.886, 2.335, 1.505, 0.0, 1.442, 3.51, 4.046, 5.527, 8.111, 8.413, 8.753, 9.182, 8.651, 6.021, 4.623, 4.408, 5.199, 7.213, 9.31, 10.307, 9.483, 9.713, 10.421, 11.741, 12.614, 14.823, 17.461, 18.073, 17.254, 15.961, 14.722, 13.531, 13.037, 13.596, 13.925, 12.6, 12.569, 13.548, 13.113, 12.791, 13.955, 14.813, 14.134, 12.844, 10.897, 10.696, 10.606, 9.498, 8.763, 9.263, 9.429, 8.217, 6.811, 7.568, 7.324, 7.042, 8.09, 8.734, 8.799, 9.683, 9.991, 9.835, 9.439, 9.023, 7.328, 5.009, 5.546, 8.195, 10.501, 10.752, 11.032, 11.305, 11.196, 10.527, 10.077, 10.963, 12.718, 12.048, 11.534, 11.982, 12.524, 11.441, 10.681, 9.973, 9.062, 8.054, 7.42, 6.834, 5.887, 3.659, 2.656, 2.892, 3.324, 2.453, 2.925, 5.095, 5.111, 7.089, 7.459, 5.774, 8.75, 13.541, 14.872, 13.948, 15.86, 20.103, 22.311, 23.384, 23.183, 22.212, 20.881, 20.066, 18.549, 17.783, 17.771, 17.246, 16.206, 15.296, 14.674, 14.565, 14.166, 13.109, 9.322, 5.267, 8.054, 9.48, 7.837, 6.636, 7.036, 6.627, 6.438, 6.401, 5.768, 4.753, 4.205, 4.035, 3.537, 3.951, 3.947, 3.018, 2.959, 3.016, 2.413, 4.64, 7.908, 9.21, 9.086, 8.843, 8.641, 7.804, 8.085, 9.103, 9.585, 7.927, 6.665, 6.965, 6.238, 6.538, 6.276, 6.88, 8.056, 9.896, 12.164, 12.825, 13.909, 15.191, 16.796, 18.456, 18.377, 17.213, 16.179, 14.696, 12.823, 12.736, 12.667, 10.196, 8.947, 8.331, 8.482, 8.964, 10.057, 11.064, 11.733, 12.884, 14.652, 16.017, 17.609, 18.018, 16.988, 16.792, 16.557, 15.46, 13.679, 11.58, 9.291, 7.65, 7.42, 8.372, 8.167, 7.402, 7.968, 7.905, 4.844, 2.371, 3.296, 3.886, 4.36, 4.347, 5.232, 5.151, 4.26, 3.129, 3.671, 3.003, 2.706, 2.478, 2.836, 3.053, 2.977, 3.723, 3.453, 3.535, 3.242, 2.409, 3.561, 4.07, 4.52, 4.566], [4.837, 4.123, 2.262, 1.785, 1.339, 1.442, 0.0, 2.496, 3.319, 4.442, 7.18, 7.412, 7.781, 8.204, 7.731, 5.121, 3.763, 3.767, 4.534, 6.382, 8.487, 9.455, 8.629, 8.854, 9.61, 10.892, 11.756, 13.793, 16.565, 17.144, 16.288, 14.923, 13.893, 12.683, 12.227, 12.781, 13.117, 11.577, 11.718, 12.722, 12.296, 11.951, 13.015, 13.887, 13.303, 12.013, 9.978, 9.88, 9.772, 8.691, 7.853, 8.372, 8.586, 7.199, 5.902, 6.695, 6.5, 6.243, 7.307, 7.803, 7.982, 8.876, 9.188, 9.028, 8.641, 8.202, 6.543, 4.191, 4.754, 7.38, 9.654, 9.885, 10.206, 10.427, 10.382, 9.686, 9.159, 10.101, 11.911, 11.233, 10.707, 11.172, 11.672, 10.605, 9.88, 9.145, 8.308, 7.293, 6.624, 6.023, 4.831, 2.773, 1.801, 1.79, 2.307, 1.64, 2.143, 4.2, 4.245, 6.288, 6.656, 4.963, 7.933, 12.734, 14.068, 13.135, 15.035, 19.256, 21.466, 22.543, 22.34, 21.369, 20.068, 19.261, 17.745, 16.987, 16.975, 16.45, 15.404, 14.497, 13.878, 13.761, 13.353, 12.293, 8.417, 4.481, 7.197, 8.647, 6.951, 5.873, 6.292, 5.859, 5.718, 5.649, 4.957, 3.794, 3.186, 3.284, 2.581, 3.237, 2.927, 2.039, 1.966, 2.004, 1.602, 3.793, 7.02, 8.329, 8.177, 7.955, 7.839, 7.022, 7.316, 8.258, 8.667, 6.991, 5.753, 6.116, 5.298, 5.605, 5.436, 6.095, 7.397, 9.107, 11.242, 12.01, 13.118, 14.384, 15.98, 17.641, 17.562, 16.398, 15.334, 13.793, 11.894, 11.765, 11.687, 9.082, 7.891, 7.47, 7.555, 8.006, 9.022, 10.04, 10.758, 12.082, 13.851, 15.224, 16.81, 17.222, 16.178, 15.996, 15.684, 14.583, 12.793, 10.776, 8.365, 6.717, 6.595, 7.547, 7.375, 6.595, 7.164, 7.086, 4.095, 1.691, 2.612, 3.403, 3.938, 3.701, 4.516, 4.548, 3.291, 2.443, 3.066, 2.324, 2.32, 2.536, 2.585, 2.977, 3.073, 3.645, 3.156, 2.945, 2.666, 1.926, 2.947, 3.48, 3.847, 3.919], [3.012, 2.873, 2.277, 2.698, 2.716, 3.51, 2.496, 0.0, 1.599, 2.555, 4.987, 5.22, 5.607, 6.184, 5.536, 3.13, 2.016, 2.42, 2.662, 4.061, 6.171, 7.095, 6.308, 6.509, 7.302, 8.547, 9.449, 11.508, 14.229, 14.827, 14.053, 12.66, 11.547, 10.337, 9.864, 10.423, 10.753, 9.361, 9.398, 10.357, 9.931, 9.598, 10.747, 11.62, 10.941, 9.651, 7.704, 7.523, 7.414, 6.341, 5.74, 6.256, 6.327, 5.102, 3.996, 4.35, 4.154, 3.986, 4.969, 5.537, 5.624, 6.511, 6.819, 6.663, 6.277, 5.846, 4.167, 2.693, 2.626, 5.032, 7.307, 7.559, 7.848, 8.078, 8.017, 7.331, 6.892, 7.766, 9.546, 8.875, 8.342, 8.807, 9.332, 8.24, 7.502, 6.808, 5.935, 4.954, 4.292, 3.869, 2.966, 2.493, 2.661, 2.058, 2.017, 2.363, 2.27, 2.645, 2.298, 3.94, 4.311, 2.679, 5.591, 10.392, 11.726, 10.833, 12.738, 16.928, 19.137, 20.217, 19.999, 19.025, 17.716, 16.909, 15.403, 14.638, 14.626, 14.101, 13.048, 12.146, 11.529, 11.419, 11.011, 9.935, 6.142, 2.685, 4.858, 6.288, 4.701, 3.599, 3.98, 3.61, 3.553, 3.435, 2.81, 2.073, 2.501, 3.749, 3.507, 2.743, 2.649, 2.213, 2.066, 1.501, 2.227, 2.108, 4.729, 6.025, 5.892, 5.675, 5.493, 4.679, 4.988, 5.906, 6.393, 4.708, 3.648, 3.963, 3.15, 3.442, 3.244, 3.879, 5.137, 6.812, 8.93, 9.658, 10.759, 12.019, 13.622, 15.293, 15.219, 14.052, 12.987, 11.489, 9.546, 9.483, 9.381, 6.845, 5.703, 5.194, 5.331, 5.746, 6.735, 7.746, 8.424, 9.703, 11.477, 12.843, 14.442, 14.873, 13.812, 13.641, 13.414, 12.326, 10.546, 8.414, 6.041, 4.463, 4.258, 5.192, 5.012, 4.212, 4.792, 4.728, 2.184, 2.349, 3.563, 4.162, 4.613, 3.437, 2.899, 2.745, 2.659, 3.338, 3.244, 2.784, 3.591, 4.22, 4.033, 4.223, 4.592, 4.885, 4.124, 3.645, 3.375, 3.448, 3.354, 3.435, 3.29, 3.438], [3.171, 3.351, 3.085, 3.465, 3.302, 4.046, 3.319, 1.599, 0.0, 2.049, 4.345, 4.732, 5.096, 5.603, 4.928, 2.774, 2.432, 3.026, 2.805, 3.463, 5.53, 6.403, 5.722, 5.886, 6.66, 7.84, 8.837, 11.034, 13.695, 14.316, 13.487, 12.196, 10.924, 9.641, 9.174, 9.738, 10.064, 8.858, 8.707, 9.668, 9.268, 8.902, 10.049, 10.916, 10.258, 8.96, 7.026, 6.845, 6.729, 5.789, 5.011, 5.4, 5.701, 4.476, 3.145, 4.381, 3.756, 3.461, 4.228, 4.918, 5.004, 5.825, 6.13, 5.974, 5.576, 5.163, 3.473, 3.022, 2.616, 4.337, 6.609, 6.872, 7.235, 7.474, 7.328, 6.636, 6.231, 7.101, 8.857, 8.179, 7.654, 8.118, 8.635, 7.556, 6.804, 6.064, 5.156, 4.165, 3.685, 3.369, 2.994, 3.518, 3.871, 2.909, 2.876, 3.161, 3.312, 3.348, 2.531, 3.268, 3.648, 2.053, 5.016, 9.712, 11.036, 10.144, 12.101, 16.339, 18.487, 19.543, 19.321, 18.351, 17.027, 16.223, 14.717, 13.963, 13.968, 13.431, 12.421, 11.47, 10.853, 10.736, 10.328, 9.239, 5.417, 2.957, 4.424, 5.621, 4.144, 2.734, 3.142, 3.048, 3.092, 3.046, 2.295, 2.344, 3.188, 4.764, 4.321, 3.274, 3.437, 3.189, 2.897, 2.384, 2.809, 2.416, 3.986, 5.326, 5.18, 4.925, 4.775, 4.358, 4.397, 5.204, 5.699, 4.542, 3.462, 3.13, 2.473, 2.724, 2.503, 3.08, 4.264, 6.033, 8.364, 8.95, 10.086, 11.351, 12.93, 14.61, 14.536, 13.369, 12.29, 10.796, 9.018, 8.909, 8.874, 6.397, 5.148, 4.441, 4.529, 5.092, 6.25, 7.241, 7.899, 8.999, 10.774, 12.156, 13.754, 14.162, 13.103, 12.882, 12.679, 11.526, 9.789, 7.728, 5.506, 3.784, 3.562, 4.523, 4.373, 3.804, 4.289, 4.484, 2.054, 3.076, 4.502, 5.148, 5.443, 3.933, 2.92, 2.619, 3.674, 4.389, 3.965, 3.623, 4.533, 4.785, 4.848, 5.158, 5.293, 5.776, 5.133, 4.692, 4.236, 4.066, 3.965, 4.143, 3.729, 3.847], [3.388, 3.588, 3.954, 4.748, 4.569, 5.527, 4.442, 2.555, 2.049, 0.0, 2.954, 3.217, 3.7, 4.006, 3.582, 1.789, 2.968, 3.674, 3.572, 2.804, 4.452, 5.429, 4.699, 4.824, 5.607, 6.857, 7.726, 9.772, 12.479, 13.01, 12.133, 10.763, 9.788, 8.565, 8.1, 8.617, 9.01, 7.48, 7.594, 8.608, 8.249, 7.848, 8.877, 9.769, 9.169, 7.894, 5.882, 5.785, 5.604, 4.952, 4.278, 4.636, 4.678, 3.36, 2.576, 3.527, 3.03, 2.494, 3.183, 3.662, 3.872, 4.779, 5.103, 4.944, 4.505, 4.114, 3.017, 3.768, 3.311, 3.478, 5.547, 5.741, 6.109, 6.341, 6.27, 5.585, 4.977, 6.006, 7.76, 7.07, 6.621, 7.118, 7.613, 6.558, 5.845, 5.102, 4.312, 3.966, 3.981, 3.848, 3.451, 4.018, 4.224, 3.322, 3.179, 4.019, 3.429, 3.261, 2.73, 2.786, 3.235, 2.093, 3.813, 8.53, 9.843, 8.914, 10.806, 15.018, 17.245, 18.324, 18.13, 17.173, 15.881, 15.098, 13.577, 12.862, 12.806, 12.294, 11.306, 10.416, 9.777, 9.653, 9.259, 8.197, 4.455, 2.93, 3.556, 4.606, 3.303, 1.903, 2.573, 2.93, 3.015, 2.877, 2.35, 2.466, 3.509, 5.805, 5.357, 3.9, 3.667, 3.975, 3.35, 3.099, 3.935, 2.072, 3.053, 4.294, 4.147, 3.914, 3.961, 3.594, 3.622, 4.237, 4.715, 3.602, 3.289, 3.066, 2.579, 2.287, 2.049, 2.542, 3.265, 4.988, 7.165, 7.928, 9.054, 10.286, 11.79, 13.435, 13.36, 12.226, 11.182, 9.678, 7.79, 7.723, 7.651, 5.088, 3.9, 3.386, 3.457, 3.965, 4.984, 5.997, 6.713, 8.045, 9.819, 11.163, 12.763, 13.162, 12.129, 11.935, 11.632, 10.464, 8.664, 6.699, 4.285, 2.674, 2.643, 3.586, 3.34, 2.94, 3.393, 3.655, 1.917, 4.553, 5.662, 6.134, 6.594, 4.646, 3.602, 3.302, 4.174, 5.189, 4.794, 4.504, 5.545, 6.323, 6.151, 6.326, 6.788, 6.956, 6.351, 5.827, 5.592, 5.464, 4.593, 4.797, 4.423, 4.387], [4.654, 4.378, 6.078, 7.029, 6.974, 8.111, 7.18, 4.987, 4.345, 2.954, 0.0, 1.176, 1.701, 2.37, 1.945, 3.424, 4.679, 5.422, 4.99, 2.57, 1.971, 2.939, 2.861, 2.694, 3.731, 4.574, 5.252, 7.292, 9.838, 10.42, 9.596, 8.35, 7.112, 5.83, 5.351, 5.862, 6.252, 5.127, 4.836, 5.85, 5.513, 5.09, 6.169, 7.002, 6.411, 5.136, 3.141, 3.345, 3.383, 3.511, 3.156, 2.502, 2.404, 2.053, 2.109, 2.033, 1.764, 1.823, 1.806, 1.952, 2.057, 2.75, 2.802, 2.633, 2.082, 2.161, 2.905, 4.777, 4.141, 2.637, 3.39, 3.456, 3.528, 3.803, 3.754, 2.87, 2.273, 3.248, 5.001, 4.314, 3.863, 4.365, 4.855, 3.962, 3.29, 3.253, 3.81, 4.068, 4.606, 4.475, 4.407, 5.748, 6.688, 5.824, 5.282, 6.571, 5.662, 4.029, 3.682, 2.773, 3.379, 3.134, 2.748, 5.771, 7.048, 6.093, 8.058, 12.255, 14.41, 15.49, 15.292, 14.322, 13.097, 12.295, 10.796, 10.092, 10.043, 9.514, 8.543, 7.646, 7.018, 6.876, 6.471, 5.439, 2.033, 3.38, 1.882, 2.499, 2.193, 2.461, 2.935, 3.663, 3.884, 3.835, 3.58, 4.327, 5.929, 8.456, 8.141, 5.818, 5.882, 6.561, 5.858, 5.833, 6.805, 4.308, 2.278, 2.205, 2.178, 2.198, 2.723, 2.718, 2.282, 1.928, 2.417, 2.727, 3.613, 3.749, 3.595, 3.07, 2.889, 3.119, 3.135, 4.007, 4.735, 5.217, 6.305, 7.545, 9.031, 10.653, 10.581, 9.467, 8.424, 6.961, 5.168, 5.056, 5.049, 2.829, 2.232, 2.278, 2.181, 2.712, 3.408, 4.018, 4.605, 5.652, 7.155, 8.466, 10.083, 10.45, 9.515, 9.302, 8.983, 7.952, 6.145, 4.399, 2.807, 1.668, 2.03, 1.968, 1.655, 2.077, 1.95, 2.183, 3.558, 7.109, 8.154, 8.207, 8.497, 6.357, 4.957, 4.721, 6.379, 7.639, 6.56, 6.488, 7.986, 8.825, 8.366, 8.318, 9.062, 8.921, 8.103, 7.498, 7.609, 8.224, 7.066, 6.495, 6.016, 5.735], [4.665, 4.433, 6.416, 7.438, 7.342, 8.413, 7.412, 5.22, 4.732, 3.217, 1.176, 0.0, 1.492, 2.02, 1.576, 3.106, 4.577, 5.583, 5.104, 2.761, 1.858, 3.019, 3.127, 2.914, 3.729, 4.395, 5.007, 6.947, 9.531, 10.045, 9.327, 7.91, 6.954, 5.729, 5.14, 5.646, 6.039, 4.853, 4.669, 5.66, 5.317, 4.913, 6.07, 6.924, 6.225, 4.95, 3.121, 3.072, 3.283, 3.796, 3.487, 2.506, 2.261, 2.249, 2.633, 2.259, 2.07, 1.709, 1.886, 1.899, 1.747, 2.369, 2.472, 2.395, 1.973, 2.061, 3.019, 4.869, 4.287, 2.706, 3.118, 3.185, 3.234, 3.579, 3.513, 2.684, 2.158, 3.134, 4.789, 4.1, 3.673, 4.189, 4.695, 3.774, 3.094, 3.052, 3.784, 4.143, 4.667, 4.603, 4.441, 6.065, 6.782, 6.096, 5.598, 6.816, 5.938, 4.054, 3.785, 2.921, 3.404, 3.575, 2.596, 5.572, 6.822, 5.874, 7.775, 12.003, 14.144, 15.214, 15.087, 14.13, 12.886, 12.084, 10.592, 9.912, 9.858, 9.335, 8.384, 7.455, 6.806, 6.648, 6.291, 5.251, 2.09, 3.895, 2.022, 2.608, 2.413, 2.707, 3.137, 3.709, 3.994, 3.927, 3.551, 4.339, 6.217, 8.607, 8.438, 6.345, 5.981, 6.882, 6.019, 6.058, 7.048, 4.557, 2.447, 2.027, 2.2, 2.146, 2.415, 2.529, 2.203, 1.847, 2.239, 2.758, 3.928, 4.006, 3.735, 3.118, 3.132, 3.276, 3.194, 3.861, 4.554, 5.125, 6.166, 7.319, 8.818, 10.44, 10.368, 9.254, 8.253, 6.833, 4.933, 4.928, 4.794, 2.499, 2.044, 2.238, 2.172, 2.755, 3.305, 3.833, 4.363, 5.348, 6.983, 8.316, 9.905, 10.318, 9.312, 9.158, 8.964, 7.933, 6.077, 4.095, 2.68, 1.976, 2.099, 1.973, 1.686, 2.094, 1.945, 2.126, 3.886, 7.447, 8.653, 8.572, 8.881, 6.594, 5.02, 4.916, 6.59, 8.048, 6.965, 6.993, 8.472, 9.248, 8.902, 8.907, 9.548, 9.531, 8.505, 7.886, 8.01, 8.411, 7.264, 6.574, 6.04, 5.813], [5.812, 5.506, 7.098, 7.973, 7.756, 8.753, 7.781, 5.607, 5.096, 3.7, 1.701, 1.492, 0.0, 1.448, 1.436, 4.124, 5.62, 6.641, 6.16, 3.807, 1.879, 2.734, 2.579, 2.387, 3.562, 4.326, 4.727, 6.759, 9.306, 9.805, 9.006, 7.604, 6.609, 5.543, 4.934, 5.397, 5.848, 4.507, 4.438, 5.457, 5.213, 4.68, 5.773, 6.631, 5.939, 4.693, 2.88, 3.093, 3.274, 3.498, 3.002, 2.104, 2.32, 2.61, 2.924, 2.77, 2.376, 2.507, 2.561, 2.145, 2.272, 3.052, 3.009, 3.064, 2.365, 2.648, 4.202, 5.982, 5.373, 3.774, 3.597, 3.574, 3.281, 3.447, 3.541, 2.462, 2.276, 3.36, 4.54, 3.869, 3.549, 4.158, 4.535, 3.763, 3.32, 3.753, 4.825, 5.219, 5.71, 5.6, 5.543, 6.856, 7.243, 6.37, 5.964, 7.105, 6.295, 5.037, 4.479, 3.783, 4.521, 4.136, 3.483, 5.459, 6.529, 5.613, 7.559, 11.676, 13.838, 14.907, 14.761, 13.817, 12.631, 11.934, 10.494, 9.751, 9.785, 9.237, 8.245, 7.319, 6.636, 6.518, 6.149, 5.172, 2.877, 4.409, 2.646, 2.491, 2.021, 3.658, 4.004, 4.726, 5.054, 4.996, 4.653, 5.187, 6.839, 9.116, 8.813, 6.967, 6.9, 7.464, 6.486, 6.473, 7.394, 4.932, 3.385, 2.806, 3.181, 3.006, 3.182, 3.664, 3.267, 2.691, 2.89, 3.918, 4.918, 4.996, 4.79, 4.076, 3.925, 4.236, 4.227, 4.532, 4.787, 5.118, 6.09, 7.16, 8.635, 10.186, 10.127, 8.999, 7.965, 6.541, 4.685, 4.7, 4.584, 2.599, 2.584, 3.1, 3.008, 3.743, 4.287, 4.575, 4.893, 5.689, 6.995, 8.294, 9.856, 10.251, 9.28, 9.114, 8.902, 7.837, 6.0, 4.568, 3.373, 2.649, 3.173, 3.026, 2.701, 3.127, 2.988, 2.853, 4.283, 7.859, 9.079, 9.293, 9.757, 7.569, 6.114, 5.958, 7.433, 8.525, 7.873, 7.743, 8.963, 9.637, 9.549, 9.616, 10.088, 10.301, 9.393, 8.772, 8.598, 8.814, 7.768, 7.628, 7.176, 6.908], [6.2, 5.981, 7.482, 8.441, 8.261, 9.182, 8.204, 6.184, 5.603, 4.006, 2.37, 2.02, 1.448, 0.0, 1.545, 4.425, 5.967, 7.003, 6.562, 4.441, 2.026, 2.241, 2.039, 2.046, 2.897, 3.642, 4.194, 6.273, 8.871, 9.351, 8.543, 7.143, 6.138, 5.036, 4.451, 4.936, 5.369, 4.134, 3.962, 4.986, 4.706, 4.248, 5.306, 6.197, 5.506, 4.238, 2.729, 2.722, 3.092, 3.369, 2.959, 2.627, 2.958, 3.478, 3.42, 3.288, 2.843, 3.037, 3.346, 2.803, 2.779, 3.387, 3.408, 3.534, 2.749, 3.121, 4.858, 6.482, 5.814, 4.509, 3.966, 4.022, 3.516, 3.464, 3.484, 2.405, 2.614, 3.707, 4.16, 3.581, 3.374, 3.959, 4.305, 3.802, 3.483, 4.096, 5.539, 5.904, 6.465, 6.325, 6.216, 7.219, 7.599, 6.838, 6.453, 7.536, 6.836, 5.602, 4.991, 4.5, 5.222, 4.715, 4.094, 5.21, 6.093, 5.3, 7.052, 11.247, 13.428, 14.506, 14.328, 13.387, 12.182, 11.419, 9.969, 9.257, 9.236, 8.716, 7.752, 6.881, 6.37, 6.449, 5.913, 4.99, 3.503, 4.905, 3.078, 2.366, 2.216, 4.08, 4.767, 5.48, 5.726, 5.583, 5.131, 5.565, 7.201, 9.605, 9.226, 7.446, 7.261, 7.902, 6.938, 6.906, 7.749, 5.33, 4.149, 3.434, 3.701, 3.666, 3.73, 4.177, 3.92, 3.364, 3.488, 4.471, 5.571, 5.747, 5.426, 4.705, 4.574, 4.97, 4.933, 4.905, 4.94, 5.079, 5.63, 6.646, 8.145, 9.732, 9.673, 8.531, 7.533, 6.068, 4.27, 4.26, 4.148, 3.025, 3.143, 3.841, 3.663, 4.298, 4.803, 5.059, 5.326, 5.795, 6.987, 8.266, 9.406, 9.869, 8.813, 8.525, 8.318, 7.185, 5.384, 4.742, 3.628, 3.326, 3.646, 3.683, 3.422, 3.597, 3.463, 3.217, 4.72, 8.346, 9.557, 9.69, 10.143, 7.937, 6.543, 6.381, 7.851, 8.966, 8.263, 8.129, 9.423, 10.142, 9.975, 10.012, 10.575, 10.66, 9.757, 9.149, 9.064, 9.193, 8.025, 8.011, 7.524, 7.311], [5.172, 4.919, 6.745, 7.746, 7.559, 8.651, 7.731, 5.536, 4.928, 3.582, 1.945, 1.576, 1.436, 1.545, 0.0, 3.51, 5.048, 6.134, 5.599, 3.348, 1.757, 2.465, 2.523, 2.397, 3.339, 3.955, 4.375, 6.448, 9.1, 9.655, 8.874, 7.494, 6.385, 5.198, 4.702, 5.254, 5.592, 4.203, 4.209, 5.197, 4.814, 4.446, 5.606, 6.454, 5.783, 4.493, 2.85, 3.026, 3.44, 3.83, 3.458, 2.454, 2.301, 2.708, 3.04, 2.869, 2.387, 2.255, 2.312, 1.839, 1.804, 2.48, 2.524, 2.761, 2.03, 2.276, 3.856, 5.48, 4.958, 3.438, 3.114, 3.233, 2.867, 3.113, 3.047, 2.204, 2.402, 3.397, 4.425, 3.79, 3.211, 3.764, 4.273, 3.171, 2.708, 3.01, 4.265, 4.685, 5.246, 5.073, 5.123, 6.515, 7.175, 6.516, 6.063, 7.2, 6.235, 4.854, 4.468, 3.794, 4.328, 4.152, 3.154, 5.181, 6.498, 5.56, 7.453, 11.666, 13.878, 14.957, 14.749, 13.772, 12.464, 11.631, 10.135, 9.421, 9.387, 8.873, 7.87, 6.969, 6.336, 6.192, 5.802, 4.774, 2.733, 4.419, 2.64, 2.53, 2.117, 3.144, 3.492, 4.18, 4.516, 4.422, 3.977, 4.689, 6.565, 8.92, 8.651, 6.674, 6.536, 7.202, 6.332, 6.302, 7.243, 4.735, 2.933, 2.419, 2.804, 2.495, 2.62, 3.046, 2.851, 2.41, 2.663, 3.461, 4.427, 4.459, 4.228, 3.518, 3.4, 3.695, 3.628, 3.732, 4.091, 4.561, 5.641, 6.859, 8.435, 10.088, 10.003, 8.87, 7.828, 6.352, 4.475, 4.432, 4.315, 2.529, 2.277, 2.597, 2.414, 3.264, 3.821, 4.229, 4.426, 4.919, 6.426, 7.783, 9.355, 9.761, 8.724, 8.546, 8.325, 7.204, 5.382, 3.786, 2.64, 2.43, 2.739, 2.772, 2.55, 2.952, 2.829, 2.629, 4.097, 7.626, 8.844, 8.922, 9.362, 7.074, 5.528, 5.473, 7.086, 8.299, 7.441, 7.381, 8.757, 9.471, 9.215, 9.256, 9.827, 9.916, 9.009, 8.468, 8.404, 8.642, 7.472, 6.996, 6.545, 6.348], [2.201, 2.511, 4.178, 5.243, 5.044, 6.021, 5.121, 3.13, 2.774, 1.789, 3.424, 3.106, 4.124, 4.425, 3.51, 0.0, 1.995, 3.12, 2.587, 2.116, 4.13, 5.472, 5.062, 5.231, 5.706, 6.614, 7.397, 9.213, 11.882, 12.465, 11.701, 10.399, 9.597, 8.288, 7.607, 8.142, 8.418, 7.155, 7.068, 8.055, 7.59, 7.298, 8.465, 9.313, 8.641, 7.358, 5.699, 5.246, 5.286, 5.72, 5.185, 4.813, 4.477, 3.426, 3.067, 3.023, 3.125, 2.117, 3.093, 3.867, 3.562, 4.236, 4.513, 4.343, 4.48, 3.889, 2.242, 2.909, 2.434, 2.719, 4.985, 5.236, 5.495, 5.816, 5.703, 5.125, 4.578, 5.531, 7.204, 6.533, 6.069, 6.489, 7.034, 5.956, 5.15, 4.401, 3.436, 3.046, 3.023, 2.954, 2.537, 4.076, 4.62, 3.969, 3.869, 4.64, 4.005, 2.534, 2.46, 2.539, 2.496, 2.565, 3.426, 8.022, 9.33, 8.401, 10.293, 14.522, 16.776, 17.842, 17.619, 16.663, 15.29, 14.477, 12.96, 12.223, 12.206, 11.683, 10.625, 9.735, 9.139, 9.021, 8.629, 7.585, 3.808, 3.563, 3.341, 4.716, 3.833, 1.965, 2.083, 2.116, 2.061, 2.01, 1.639, 2.049, 3.856, 6.268, 5.865, 4.036, 3.608, 4.611, 3.892, 3.705, 4.451, 2.326, 2.524, 3.741, 3.57, 3.401, 3.109, 2.583, 2.745, 3.606, 4.093, 2.63, 2.463, 2.193, 1.773, 1.746, 1.816, 1.842, 2.563, 4.263, 6.545, 7.246, 8.372, 9.677, 11.259, 12.919, 12.84, 11.689, 10.686, 9.211, 7.297, 7.286, 7.093, 4.599, 3.235, 2.785, 2.991, 3.42, 4.436, 5.415, 6.128, 7.342, 9.1, 10.49, 12.046, 12.477, 11.443, 11.184, 11.007, 9.873, 8.078, 6.007, 3.689, 2.784, 2.261, 2.799, 2.795, 2.32, 2.663, 2.931, 2.071, 5.082, 6.289, 6.216, 6.566, 4.26, 2.754, 2.614, 4.284, 5.613, 4.715, 4.789, 6.226, 6.912, 6.662, 6.676, 7.274, 7.257, 6.296, 5.817, 5.928, 5.798, 4.591, 4.07, 3.434, 3.25], [1.711, 1.833, 2.577, 3.703, 3.881, 4.623, 3.763, 2.016, 2.432, 2.968, 4.679, 4.577, 5.62, 5.967, 5.048, 1.995, 0.0, 1.604, 1.272, 3.108, 5.384, 6.68, 6.177, 6.301, 6.754, 7.762, 8.704, 10.622, 13.283, 13.885, 13.114, 11.867, 10.871, 9.596, 8.937, 9.483, 9.77, 8.64, 8.468, 9.423, 8.939, 8.662, 9.854, 10.702, 10.013, 8.72, 6.979, 6.593, 6.517, 6.674, 6.414, 6.18, 5.868, 4.797, 4.113, 3.797, 4.182, 3.494, 4.42, 5.197, 4.82, 5.54, 5.827, 5.673, 5.674, 5.153, 3.216, 1.534, 1.547, 4.052, 6.382, 6.633, 6.913, 7.221, 7.067, 6.49, 5.995, 6.847, 8.575, 7.905, 7.397, 7.852, 8.389, 7.314, 6.466, 5.745, 4.78, 3.834, 3.224, 2.622, 1.616, 2.224, 3.126, 2.862, 3.01, 3.887, 3.555, 1.97, 1.792, 3.342, 3.339, 2.772, 4.773, 9.446, 10.752, 9.828, 11.729, 15.997, 18.212, 19.273, 19.071, 18.093, 16.743, 15.91, 14.417, 13.657, 13.641, 13.123, 12.048, 11.126, 10.529, 10.44, 10.036, 8.965, 5.138, 4.078, 4.376, 5.836, 4.953, 2.926, 2.957, 2.342, 2.27, 2.298, 1.668, 0.995, 2.157, 4.563, 4.331, 2.371, 2.037, 2.831, 3.03, 2.772, 3.249, 2.414, 3.736, 5.03, 4.9, 4.7, 4.436, 3.677, 3.949, 4.986, 5.442, 3.782, 2.62, 2.72, 1.951, 2.275, 2.521, 2.75, 3.87, 5.663, 7.993, 8.665, 9.739, 11.051, 12.652, 14.318, 14.245, 13.078, 12.058, 10.571, 8.701, 8.612, 8.489, 6.033, 4.654, 4.13, 4.329, 4.785, 5.847, 6.832, 7.546, 8.676, 10.431, 11.837, 13.44, 13.87, 12.829, 12.594, 12.395, 11.248, 9.504, 7.409, 5.119, 3.966, 3.428, 4.173, 4.094, 3.341, 3.844, 3.85, 2.267, 3.289, 4.473, 4.377, 4.686, 2.517, 1.525, 1.512, 2.51, 3.847, 2.792, 3.063, 4.499, 5.193, 4.736, 4.766, 5.398, 5.336, 4.471, 3.959, 4.149, 4.266, 3.061, 2.431, 2.001, 2.089], [1.57, 1.857, 2.187, 3.165, 3.444, 4.408, 3.767, 2.42, 3.026, 3.674, 5.422, 5.583, 6.641, 7.003, 6.134, 3.12, 1.604, 0.0, 1.15, 3.467, 6.177, 7.266, 6.835, 6.778, 7.107, 8.343, 9.605, 11.502, 13.893, 14.568, 13.974, 12.872, 11.61, 10.208, 9.451, 9.987, 10.162, 9.796, 8.904, 9.789, 9.395, 9.003, 10.245, 11.088, 10.474, 9.151, 7.578, 7.144, 6.918, 6.877, 7.064, 7.0, 6.902, 5.833, 4.85, 4.37, 4.747, 4.522, 5.092, 5.922, 5.478, 5.904, 6.216, 6.121, 6.045, 5.675, 3.614, 1.512, 1.849, 4.477, 6.78, 7.092, 7.417, 7.729, 7.52, 6.945, 6.601, 7.446, 8.921, 8.386, 7.816, 8.194, 8.73, 7.773, 6.816, 5.991, 5.0, 4.194, 3.721, 3.057, 2.547, 2.076, 3.177, 2.919, 2.961, 3.727, 3.252, 2.015, 2.476, 3.665, 3.726, 3.161, 5.503, 9.885, 11.148, 10.397, 12.427, 16.633, 18.661, 19.691, 19.526, 18.53, 17.107, 16.293, 14.803, 14.07, 14.063, 13.556, 12.552, 11.51, 10.914, 10.835, 10.47, 9.357, 5.527, 4.133, 4.97, 6.431, 5.563, 3.206, 3.461, 2.903, 2.65, 2.667, 2.543, 1.783, 2.251, 4.209, 3.962, 1.764, 1.855, 2.636, 2.817, 2.501, 2.756, 2.615, 4.364, 5.628, 5.264, 4.939, 4.717, 4.03, 4.316, 5.349, 5.778, 4.24, 2.993, 2.901, 2.553, 3.249, 3.213, 3.434, 4.244, 6.173, 8.52, 9.069, 10.133, 11.569, 13.067, 14.715, 14.641, 13.474, 12.441, 11.063, 9.31, 9.289, 9.061, 7.035, 5.439, 4.841, 5.027, 5.347, 6.439, 7.268, 7.957, 9.006, 10.737, 12.154, 13.837, 14.266, 13.206, 12.966, 12.816, 11.652, 9.905, 7.84, 5.703, 4.545, 4.036, 4.729, 4.623, 3.989, 4.29, 4.394, 2.786, 2.969, 4.066, 3.774, 3.718, 1.661, 1.445, 1.364, 2.042, 3.45, 2.009, 2.316, 4.154, 4.863, 4.088, 3.971, 4.796, 4.544, 3.484, 3.158, 3.561, 3.955, 2.902, 1.671, 1.379, 1.699], [1.475, 2.005, 3.135, 4.089, 4.333, 5.199, 4.534, 2.662, 2.805, 3.572, 4.99, 5.104, 6.16, 6.562, 5.599, 2.587, 1.272, 1.15, 0.0, 2.883, 5.685, 6.82, 6.405, 6.338, 6.858, 7.953, 9.051, 10.917, 13.292, 13.963, 13.412, 12.257, 11.035, 9.697, 8.931, 9.51, 9.633, 9.173, 8.378, 9.285, 8.843, 8.495, 9.685, 10.542, 9.92, 8.607, 7.11, 6.625, 6.41, 6.817, 6.848, 6.5, 6.318, 5.284, 4.42, 3.921, 4.357, 3.995, 4.597, 5.396, 4.922, 5.399, 5.699, 5.56, 5.576, 5.227, 3.093, 1.439, 1.404, 3.962, 6.27, 6.551, 6.844, 7.148, 7.014, 6.449, 6.001, 6.849, 8.417, 7.867, 7.29, 7.688, 8.208, 7.195, 6.298, 5.492, 4.496, 3.691, 3.103, 2.487, 1.87, 2.643, 3.902, 3.661, 3.739, 4.537, 3.998, 2.133, 2.18, 3.211, 3.23, 2.828, 4.871, 9.355, 10.648, 9.958, 11.887, 16.018, 18.126, 19.176, 18.962, 17.997, 16.603, 15.79, 14.289, 13.509, 13.55, 13.019, 11.973, 10.976, 10.4, 10.328, 9.933, 8.815, 4.969, 4.522, 4.655, 6.047, 5.36, 2.937, 2.983, 2.334, 2.012, 2.06, 1.969, 1.567, 2.448, 4.737, 4.482, 2.204, 2.477, 3.264, 3.616, 3.221, 3.604, 2.721, 3.78, 5.051, 4.765, 4.491, 4.201, 3.518, 3.83, 4.827, 5.29, 3.655, 2.433, 2.313, 1.879, 2.633, 2.695, 2.869, 3.636, 5.609, 7.933, 8.515, 9.627, 11.013, 12.591, 14.211, 14.137, 12.971, 11.912, 10.474, 8.744, 8.691, 8.471, 6.42, 4.853, 4.273, 4.458, 4.844, 5.849, 6.642, 7.348, 8.478, 10.234, 11.651, 13.333, 13.763, 12.702, 12.461, 12.264, 11.089, 9.349, 7.274, 5.071, 4.091, 3.542, 4.163, 4.164, 3.6, 3.867, 4.055, 2.756, 3.566, 4.693, 4.343, 4.292, 2.17, 1.242, 0.931, 2.517, 3.981, 2.643, 3.139, 4.767, 5.445, 4.883, 4.729, 5.597, 5.263, 4.195, 3.912, 4.378, 4.597, 3.367, 2.325, 1.805, 2.044], [2.466, 2.617, 4.953, 5.835, 5.954, 7.213, 6.382, 4.061, 3.463, 2.804, 2.57, 2.761, 3.807, 4.441, 3.348, 2.116, 3.108, 3.467, 2.883, 0.0, 3.154, 4.276, 4.33, 4.19, 5.02, 5.822, 6.469, 8.321, 10.772, 11.511, 10.814, 9.66, 8.433, 6.936, 6.371, 6.991, 7.134, 6.509, 5.842, 6.77, 6.324, 5.967, 7.119, 7.984, 7.374, 6.074, 4.395, 4.441, 4.541, 5.013, 4.834, 3.888, 3.619, 2.671, 2.381, 2.41, 2.567, 1.882, 2.029, 2.743, 2.434, 2.943, 3.212, 3.075, 3.126, 2.775, 1.768, 2.925, 2.427, 1.874, 3.752, 3.981, 4.35, 4.641, 4.472, 3.795, 3.39, 4.226, 5.953, 5.333, 4.715, 5.189, 5.668, 4.678, 3.865, 3.026, 2.665, 2.709, 2.847, 2.368, 2.478, 4.596, 5.843, 5.244, 4.631, 5.742, 4.518, 2.686, 2.91, 2.039, 2.08, 2.56, 2.627, 6.847, 8.16, 7.48, 9.418, 13.54, 15.621, 16.681, 16.458, 15.488, 14.126, 13.312, 11.799, 11.036, 11.074, 10.525, 9.474, 8.506, 7.922, 7.862, 7.465, 6.349, 2.489, 3.167, 2.699, 3.966, 3.508, 1.552, 1.703, 1.901, 1.804, 2.1, 1.892, 2.877, 4.747, 7.143, 6.91, 4.397, 4.531, 5.433, 4.779, 4.676, 5.528, 3.033, 1.218, 2.467, 2.135, 2.007, 2.045, 1.842, 1.52, 2.291, 2.748, 1.795, 1.66, 1.769, 1.698, 1.764, 1.827, 1.826, 2.222, 3.495, 5.36, 5.98, 7.152, 8.589, 10.135, 11.744, 11.666, 10.502, 9.364, 7.845, 6.174, 6.031, 5.902, 3.831, 2.392, 1.986, 1.927, 2.255, 3.305, 4.128, 4.784, 5.97, 7.781, 9.187, 10.859, 11.296, 10.238, 9.937, 9.702, 8.542, 6.803, 4.781, 2.619, 1.758, 1.659, 1.734, 1.735, 1.827, 2.025, 2.61, 2.541, 5.794, 6.971, 6.758, 6.755, 4.409, 2.77, 2.797, 4.877, 6.347, 4.926, 5.293, 7.033, 7.773, 7.035, 6.865, 7.664, 7.377, 6.252, 5.828, 6.219, 6.927, 5.703, 4.288, 3.811, 3.683], [5.25, 5.039, 7.097, 8.116, 8.089, 9.31, 8.487, 6.171, 5.53, 4.452, 1.971, 1.858, 1.879, 2.026, 1.757, 4.13, 5.384, 6.177, 5.685, 3.154, 0.0, 1.777, 2.015, 1.681, 2.528, 3.219, 3.693, 5.71, 8.353, 8.986, 8.227, 7.025, 5.787, 4.442, 3.916, 4.437, 4.767, 3.839, 3.481, 4.393, 3.993, 3.605, 4.851, 5.702, 5.015, 3.701, 1.851, 2.195, 2.434, 2.808, 2.785, 1.729, 1.8, 2.359, 2.866, 2.246, 2.246, 2.45, 2.39, 2.168, 1.972, 2.37, 2.261, 2.242, 2.058, 2.344, 3.448, 5.458, 4.884, 3.086, 3.073, 3.225, 2.879, 3.03, 2.972, 1.784, 1.603, 2.396, 3.549, 2.895, 2.411, 2.882, 3.437, 3.155, 2.454, 3.116, 4.06, 4.607, 5.163, 5.014, 5.04, 6.81, 7.851, 7.207, 6.556, 7.773, 6.756, 4.8, 4.705, 3.641, 4.028, 4.336, 3.171, 4.62, 5.781, 4.868, 6.811, 11.121, 13.257, 14.295, 14.125, 13.142, 11.739, 10.921, 9.455, 8.733, 8.712, 8.22, 7.188, 6.178, 5.629, 5.721, 5.144, 4.035, 1.885, 4.45, 1.872, 1.612, 1.942, 3.277, 3.517, 4.131, 4.492, 4.624, 4.158, 5.195, 7.095, 9.493, 9.314, 7.048, 6.909, 7.793, 6.984, 6.948, 7.932, 5.381, 2.843, 2.118, 2.357, 2.246, 2.412, 2.874, 2.566, 1.906, 2.167, 3.257, 4.413, 4.373, 4.293, 3.731, 3.681, 3.746, 3.741, 4.148, 4.298, 4.104, 4.801, 6.106, 7.663, 9.343, 9.269, 8.102, 7.04, 5.603, 3.763, 3.646, 3.545, 1.66, 2.045, 2.602, 2.534, 3.191, 3.797, 3.942, 4.429, 4.848, 6.07, 7.393, 8.831, 9.24, 8.242, 8.016, 7.895, 6.788, 5.025, 3.977, 2.964, 2.595, 2.763, 2.404, 2.091, 2.495, 2.36, 2.303, 4.624, 8.182, 9.342, 9.235, 9.453, 7.243, 5.596, 5.599, 7.429, 8.742, 7.525, 7.708, 9.36, 10.101, 9.449, 9.433, 10.104, 10.077, 9.08, 8.45, 8.621, 9.24, 8.024, 6.995, 6.535, 6.406], [6.44, 6.262, 8.162, 8.966, 9.098, 10.307, 9.455, 7.095, 6.403, 5.429, 2.939, 3.019, 2.734, 2.241, 2.465, 5.472, 6.68, 7.266, 6.82, 4.276, 1.777, 0.0, 1.3, 1.278, 1.662, 2.146, 2.741, 4.807, 7.428, 8.135, 7.37, 6.087, 4.761, 3.408, 2.914, 3.594, 3.822, 3.226, 2.588, 3.508, 3.047, 2.872, 3.913, 4.633, 3.997, 2.755, 1.579, 1.876, 2.392, 2.686, 2.603, 1.993, 2.438, 3.116, 3.773, 3.194, 3.055, 3.623, 3.461, 3.042, 3.048, 3.281, 3.128, 3.198, 2.725, 3.031, 4.607, 6.487, 6.025, 4.384, 3.65, 3.853, 3.305, 3.424, 3.172, 2.039, 2.357, 2.812, 3.112, 2.331, 2.371, 2.967, 3.486, 3.422, 3.226, 3.866, 5.288, 5.805, 6.262, 6.076, 6.192, 7.779, 8.856, 8.15, 7.511, 8.743, 7.731, 5.94, 5.702, 4.667, 5.072, 5.15, 4.265, 4.211, 5.162, 4.387, 5.984, 10.183, 12.238, 13.296, 13.072, 12.105, 10.746, 9.992, 8.545, 7.757, 7.79, 7.27, 6.335, 5.534, 5.134, 5.296, 4.768, 3.861, 2.781, 5.281, 2.658, 1.618, 2.688, 4.501, 4.602, 5.412, 5.588, 5.754, 5.486, 6.302, 8.101, 10.447, 10.298, 7.845, 7.988, 8.729, 7.993, 7.929, 8.913, 6.361, 3.868, 3.216, 3.416, 3.403, 3.496, 4.064, 3.658, 2.938, 3.132, 4.336, 5.393, 5.444, 5.453, 4.909, 4.658, 4.918, 4.967, 4.902, 4.819, 4.368, 4.395, 5.265, 6.69, 8.362, 8.286, 7.122, 5.993, 4.485, 2.809, 2.625, 2.711, 2.251, 3.288, 3.721, 3.56, 4.183, 4.829, 4.768, 5.114, 5.353, 6.405, 7.525, 8.58, 9.024, 8.096, 7.59, 7.388, 6.029, 4.681, 4.5, 3.694, 3.427, 3.74, 3.504, 3.156, 3.641, 3.485, 3.552, 5.672, 9.077, 10.28, 10.191, 10.38, 8.162, 6.568, 6.601, 8.435, 9.719, 8.503, 8.59, 10.282, 11.033, 10.317, 10.272, 10.991, 10.903, 9.953, 9.356, 9.499, 10.293, 9.073, 8.136, 7.697, 7.513], [6.135, 5.963, 7.413, 8.317, 8.323, 9.483, 8.629, 6.308, 5.722, 4.699, 2.861, 3.127, 2.579, 2.039, 2.523, 5.062, 6.177, 6.835, 6.405, 4.33, 2.015, 1.3, 0.0, 1.062, 1.379, 2.448, 3.357, 5.477, 8.139, 8.789, 8.029, 6.739, 5.437, 4.241, 3.807, 4.313, 4.565, 4.122, 3.466, 4.527, 3.808, 3.833, 4.78, 5.462, 4.815, 3.658, 2.294, 2.473, 2.716, 2.555, 2.365, 2.568, 3.063, 3.341, 3.304, 2.845, 2.496, 3.294, 3.832, 3.37, 3.305, 3.894, 3.786, 3.855, 3.185, 3.662, 4.787, 6.292, 5.656, 4.789, 4.448, 4.632, 3.993, 4.083, 3.818, 2.711, 2.973, 3.781, 4.186, 3.37, 3.328, 3.86, 4.345, 4.095, 3.875, 4.547, 5.741, 6.182, 6.526, 6.386, 6.195, 7.321, 8.077, 7.35, 6.697, 7.911, 6.922, 5.56, 5.198, 4.741, 5.374, 4.65, 4.779, 5.033, 5.821, 5.199, 6.649, 10.867, 13.048, 14.111, 13.889, 12.926, 11.569, 10.761, 9.264, 8.521, 8.533, 7.987, 6.982, 6.332, 5.951, 6.24, 5.678, 4.741, 3.096, 4.597, 2.488, 1.703, 1.949, 4.132, 4.919, 5.655, 5.743, 5.808, 5.355, 5.725, 7.324, 9.664, 9.488, 7.182, 7.377, 7.911, 7.148, 7.084, 8.091, 5.554, 4.199, 3.701, 4.046, 3.881, 3.664, 4.025, 3.87, 3.298, 3.407, 4.327, 5.509, 5.755, 5.437, 5.057, 4.764, 5.165, 5.393, 5.515, 5.415, 5.038, 5.281, 5.922, 7.504, 9.184, 9.109, 7.944, 6.817, 5.294, 3.527, 3.328, 3.588, 2.861, 3.233, 4.002, 4.003, 4.745, 5.324, 5.352, 5.725, 5.986, 7.05, 8.176, 9.15, 9.59, 8.705, 7.986, 7.786, 6.523, 5.304, 5.122, 4.222, 3.631, 3.668, 3.583, 3.295, 3.304, 3.26, 3.073, 4.889, 8.359, 9.498, 9.519, 9.854, 7.749, 6.386, 6.131, 7.779, 8.887, 7.985, 8.055, 9.485, 10.291, 9.719, 9.699, 10.305, 10.342, 9.454, 8.829, 8.823, 9.476, 8.303, 7.887, 7.432, 7.209], [6.128, 6.094, 7.627, 8.524, 8.57, 9.713, 8.854, 6.509, 5.886, 4.824, 2.694, 2.914, 2.387, 2.046, 2.397, 5.231, 6.301, 6.778, 6.338, 4.19, 1.681, 1.278, 1.062, 0.0, 1.548, 2.56, 3.328, 5.381, 7.928, 8.591, 7.88, 6.655, 5.259, 4.081, 3.593, 4.164, 4.382, 3.878, 3.119, 4.12, 3.546, 3.421, 4.522, 5.248, 4.606, 3.341, 1.869, 2.177, 2.401, 2.399, 2.39, 2.236, 2.685, 3.091, 3.304, 2.928, 2.747, 3.524, 3.531, 2.992, 2.929, 3.451, 3.345, 3.371, 2.834, 3.318, 4.664, 6.282, 5.65, 4.349, 4.096, 4.248, 3.733, 3.825, 3.593, 2.423, 2.56, 3.175, 3.718, 2.856, 2.919, 3.483, 4.011, 3.847, 3.512, 4.149, 5.258, 5.805, 6.247, 6.05, 6.177, 7.345, 8.232, 7.583, 6.926, 8.138, 7.125, 5.646, 5.3, 4.59, 5.244, 4.757, 4.287, 4.753, 5.667, 5.059, 6.481, 10.652, 12.86, 13.915, 13.696, 12.719, 11.367, 10.553, 9.075, 8.306, 8.338, 7.794, 6.788, 6.068, 5.733, 5.915, 5.365, 4.418, 2.907, 4.771, 2.485, 1.567, 2.177, 3.932, 4.566, 5.364, 5.591, 5.602, 5.366, 5.853, 7.499, 9.841, 9.672, 7.339, 7.506, 8.095, 7.384, 7.301, 8.29, 5.752, 3.885, 3.256, 3.519, 3.426, 3.513, 4.043, 3.76, 2.996, 3.248, 4.345, 5.368, 5.381, 5.363, 4.808, 4.609, 4.914, 4.937, 5.137, 5.135, 4.79, 4.921, 5.728, 7.336, 8.985, 8.908, 7.743, 6.603, 5.104, 3.3, 3.181, 3.17, 2.44, 3.189, 3.699, 3.628, 4.313, 4.859, 4.918, 5.34, 5.734, 6.808, 7.954, 8.969, 9.402, 8.462, 7.91, 7.681, 6.351, 5.06, 4.866, 3.908, 3.248, 3.596, 3.427, 3.135, 3.346, 3.247, 3.092, 5.13, 8.533, 9.69, 9.636, 9.87, 7.627, 6.398, 6.163, 7.848, 9.108, 7.989, 8.193, 9.689, 10.507, 9.827, 9.717, 10.467, 10.403, 9.452, 8.847, 9.003, 9.669, 8.473, 7.86, 7.381, 7.195], [6.591, 6.649, 8.229, 9.225, 9.232, 10.421, 9.61, 7.302, 6.66, 5.607, 3.731, 3.729, 3.562, 2.897, 3.339, 5.706, 6.754, 7.107, 6.858, 5.02, 2.528, 1.662, 1.379, 1.548, 0.0, 1.649, 2.759, 4.677, 7.264, 7.876, 7.161, 6.004, 4.719, 3.575, 3.088, 3.728, 3.984, 3.884, 2.994, 3.928, 3.106, 3.651, 4.46, 4.58, 3.959, 2.913, 2.218, 2.175, 2.345, 2.564, 2.58, 3.055, 3.498, 3.96, 4.298, 3.589, 3.537, 4.086, 4.688, 4.291, 3.848, 4.275, 4.169, 4.241, 3.774, 4.127, 5.302, 6.78, 6.168, 5.255, 4.724, 4.982, 4.397, 4.596, 4.13, 3.151, 3.397, 3.86, 3.915, 3.205, 3.333, 3.837, 4.497, 4.509, 4.252, 4.919, 6.156, 6.644, 7.097, 6.979, 6.931, 8.124, 8.98, 8.302, 7.668, 8.892, 7.86, 6.074, 5.889, 5.354, 5.816, 5.54, 5.374, 4.921, 5.508, 4.737, 5.665, 9.999, 12.134, 13.181, 12.998, 12.005, 10.623, 9.849, 8.493, 7.87, 7.838, 7.416, 6.633, 6.002, 5.721, 5.962, 5.474, 4.62, 3.581, 5.544, 2.981, 1.837, 2.866, 4.562, 5.595, 6.209, 6.36, 6.467, 5.972, 6.528, 8.264, 10.6, 10.422, 8.138, 7.931, 8.902, 8.112, 8.083, 9.04, 6.495, 4.906, 4.266, 4.493, 4.309, 4.141, 4.544, 4.433, 3.802, 3.906, 4.954, 6.215, 6.34, 6.127