[[0.0, 1.535, 1.679, 2.075, 3.177, 3.828, 3.915, 4.949, 6.072, 5.889, 4.339, 3.721, 4.28, 3.797, 2.709, 2.623, 1.781, 2.393, 2.092, 1.85, 1.639, 2.565, 4.312, 3.808, 3.141, 3.019, 3.317, 3.118, 2.677, 3.598, 4.318, 3.678, 2.349, 1.67, 1.507, 1.572, 2.275, 3.698, 4.519, 5.168, 5.381, 4.428, 1.837, 3.439, 2.728, 2.874, 3.861, 2.879, 3.778, 5.417, 6.444, 5.794, 4.902, 4.572, 4.271, 4.193, 4.068, 2.749, 2.356, 2.59, 2.991, 2.144, 2.235, 1.767, 2.19, 2.583, 3.805, 3.397, 3.017, 3.236, 5.786, 7.573, 6.024, 4.36, 5.728, 6.762, 6.114, 7.464, 9.887, 10.157, 8.38, 7.604, 7.118, 7.484, 8.893, 8.911, 8.477, 9.664, 10.583, 8.81, 7.941, 8.504, 7.982, 5.809, 4.755, 4.66, 2.924, 2.276, 2.58, 3.031, 3.495, 3.296, 4.267, 4.877, 4.467, 4.149, 3.494, 4.073, 5.208, 4.55, 4.31, 4.76, 5.111, 5.108, 5.453, 5.149, 4.523, 3.883, 2.804, 2.598, 3.351, 4.686, 4.665, 4.621, 4.677, 5.82, 7.695, 7.935, 8.525, 8.791, 7.401, 6.072, 6.68, 7.574, 8.289, 10.162, 10.709, 9.745, 8.19, 7.114, 6.744, 7.465, 6.644, 6.23, 6.554, 6.649], [1.535, 0.0, 1.615, 1.16, 2.636, 3.314, 3.405, 4.436, 5.562, 5.397, 3.831, 3.255, 3.676, 3.371, 2.61, 3.026, 2.48, 2.95, 2.629, 2.636, 2.094, 2.274, 3.802, 3.678, 3.538, 3.455, 3.66, 3.8, 3.224, 4.221, 5.142, 4.329, 2.719, 2.016, 2.208, 2.027, 2.487, 3.471, 4.156, 4.689, 4.838, 3.932, 1.829, 4.079, 3.316, 2.475, 3.335, 3.073, 3.374, 4.795, 5.888, 5.239, 4.329, 3.98, 3.882, 3.786, 3.585, 3.019, 2.754, 3.024, 2.985, 2.433, 2.651, 2.404, 2.735, 3.283, 4.437, 3.949, 3.633, 3.922, 6.333, 8.125, 6.526, 4.979, 6.265, 7.296, 6.665, 7.908, 10.381, 10.693, 8.917, 8.128, 7.636, 8.159, 9.43, 9.472, 9.007, 10.159, 11.09, 9.429, 8.637, 9.118, 8.566, 6.395, 5.286, 5.162, 3.763, 2.712, 2.847, 2.755, 2.834, 2.783, 3.772, 4.318, 3.796, 3.577, 3.936, 4.738, 5.732, 4.963, 4.563, 4.694, 4.635, 5.442, 5.905, 5.681, 5.031, 4.537, 3.263, 3.232, 3.016, 4.145, 4.143, 4.05, 4.08, 5.272, 7.132, 7.409, 8.031, 8.247, 6.896, 5.574, 6.18, 7.074, 7.792, 9.661, 10.173, 9.242, 7.691, 6.615, 6.24, 6.968, 6.129, 5.718, 6.038, 6.14], [1.679, 1.615, 0.0, 1.944, 4.026, 4.691, 4.83, 5.847, 6.982, 6.693, 5.205, 4.599, 4.871, 4.04, 2.952, 3.038, 2.155, 2.445, 2.138, 2.281, 2.382, 3.389, 5.181, 4.754, 4.219, 4.287, 4.533, 4.494, 3.807, 4.36, 4.974, 4.196, 3.202, 2.329, 2.393, 2.521, 3.141, 4.578, 5.482, 6.099, 6.227, 5.109, 2.203, 3.367, 3.064, 3.464, 4.59, 3.975, 4.482, 6.085, 7.172, 6.513, 5.598, 5.37, 4.963, 4.875, 4.658, 3.801, 2.969, 3.384, 3.836, 3.019, 2.917, 2.928, 3.398, 3.61, 4.054, 3.432, 3.146, 3.359, 5.283, 6.825, 5.638, 4.094, 5.331, 6.015, 5.561, 6.918, 9.064, 9.179, 7.392, 6.695, 6.376, 6.993, 7.953, 8.095, 7.72, 8.926, 9.851, 8.899, 8.137, 8.543, 7.987, 5.789, 4.731, 4.932, 3.388, 2.45, 2.63, 3.228, 3.282, 3.652, 4.888, 5.469, 4.755, 4.364, 4.307, 4.873, 5.589, 4.651, 4.803, 5.048, 5.157, 5.337, 5.935, 5.679, 4.726, 4.235, 3.602, 3.431, 4.101, 5.472, 5.398, 5.251, 5.276, 6.492, 8.512, 8.857, 9.455, 9.684, 8.321, 6.977, 7.605, 8.495, 9.217, 11.0, 11.632, 10.642, 9.129, 7.984, 7.638, 8.392, 7.468, 7.136, 7.517, 7.602], [2.075, 1.16, 1.944, 0.0, 2.194, 2.892, 2.974, 4.026, 5.113, 4.911, 3.489, 2.901, 3.286, 2.886, 2.591, 3.114, 2.927, 3.125, 3.011, 2.857, 2.555, 2.029, 3.386, 3.331, 3.547, 3.473, 3.672, 3.926, 3.294, 4.304, 5.459, 4.713, 2.894, 2.008, 2.423, 2.169, 2.41, 3.36, 4.089, 4.248, 4.518, 3.354, 2.268, 4.449, 3.666, 2.645, 2.98, 3.04, 3.102, 4.416, 5.44, 4.903, 4.07, 3.932, 3.641, 3.369, 3.181, 2.885, 2.757, 3.096, 2.933, 2.283, 2.787, 2.809, 3.148, 3.587, 4.475, 4.0, 3.865, 3.966, 6.606, 8.448, 6.898, 5.329, 6.695, 7.686, 7.081, 8.35, 10.825, 11.048, 9.232, 8.502, 7.979, 8.561, 9.789, 9.799, 9.365, 10.515, 11.457, 9.869, 8.978, 9.487, 8.947, 6.681, 5.666, 5.387, 3.9, 2.668, 2.876, 2.674, 2.607, 2.695, 3.652, 4.111, 3.62, 3.438, 3.98, 4.817, 5.78, 4.945, 4.424, 4.456, 4.356, 5.288, 5.852, 5.791, 5.162, 4.56, 3.477, 3.326, 2.972, 3.703, 3.638, 3.751, 3.833, 4.708, 6.694, 7.031, 7.59, 7.844, 6.459, 5.111, 5.736, 6.659, 7.348, 9.135, 9.768, 8.776, 7.264, 6.126, 5.772, 6.523, 5.611, 5.28, 5.68, 5.766], [3.177, 2.636, 4.026, 2.194, 0.0, 1.381, 1.571, 2.318, 3.346, 3.503, 2.362, 1.869, 2.23, 2.627, 3.172, 3.925, 4.269, 4.638, 4.467, 4.099, 3.491, 1.602, 1.948, 2.162, 2.854, 2.581, 2.68, 3.315, 3.466, 4.946, 6.344, 5.576, 3.373, 2.502, 3.024, 2.599, 2.391, 2.245, 2.663, 2.518, 3.346, 2.259, 3.249, 6.153, 4.881, 1.889, 1.881, 2.261, 2.435, 3.157, 4.086, 3.698, 3.01, 2.62, 2.684, 2.272, 2.123, 2.335, 3.191, 3.116, 2.492, 2.407, 3.566, 3.13, 3.193, 4.279, 6.05, 5.524, 5.535, 5.739, 8.721, 10.562, 8.972, 7.341, 8.737, 9.809, 9.209, 10.507, 12.982, 13.201, 11.389, 10.659, 10.118, 10.467, 11.849, 11.941, 11.509, 12.672, 13.614, 11.3, 10.233, 10.825, 10.489, 8.267, 7.584, 6.285, 4.986, 3.907, 3.735, 2.816, 2.714, 2.781, 2.984, 3.544, 3.446, 3.371, 3.859, 4.947, 5.954, 5.092, 4.472, 4.489, 4.37, 5.403, 5.975, 5.903, 5.453, 5.043, 3.787, 3.511, 2.291, 2.08, 2.243, 3.201, 2.989, 3.271, 4.735, 5.176, 5.657, 5.959, 4.597, 3.465, 3.87, 4.643, 5.253, 7.176, 7.72, 6.646, 5.156, 4.114, 3.835, 4.432, 3.597, 3.266, 3.681, 3.786], [3.828, 3.314, 4.691, 2.892, 1.381, 0.0, 1.264, 2.06, 2.976, 3.286, 1.833, 1.543, 2.203, 2.498, 3.09, 4.039, 4.893, 5.221, 5.008, 4.697, 3.968, 1.872, 1.9, 2.201, 2.705, 2.393, 2.447, 3.167, 3.412, 4.764, 6.318, 5.557, 3.387, 2.789, 3.277, 2.962, 3.33, 2.874, 3.059, 2.938, 4.057, 2.975, 3.651, 6.818, 5.482, 2.319, 2.105, 2.607, 2.961, 3.064, 3.982, 3.602, 3.001, 2.581, 2.497, 2.275, 2.559, 2.615, 3.616, 3.157, 2.787, 2.773, 3.823, 3.309, 3.113, 4.235, 6.714, 6.128, 6.116, 6.369, 9.386, 11.197, 9.59, 8.006, 9.401, 10.474, 9.874, 11.172, 13.646, 13.865, 12.053, 11.323, 10.783, 11.023, 12.472, 12.605, 12.173, 13.337, 14.278, 11.86, 10.506, 11.354, 11.033, 8.905, 8.241, 6.64, 5.187, 4.481, 4.435, 3.651, 3.606, 3.581, 3.849, 4.406, 4.379, 4.205, 4.643, 5.671, 6.794, 5.931, 5.296, 5.354, 5.251, 6.236, 6.794, 6.732, 6.16, 5.646, 4.446, 4.316, 3.084, 2.804, 2.877, 4.147, 3.95, 3.785, 4.699, 4.974, 5.204, 5.436, 4.261, 3.493, 3.771, 4.514, 4.86, 6.985, 7.363, 6.292, 4.588, 4.032, 3.676, 4.101, 3.554, 3.156, 3.398, 3.598], [3.915, 3.405, 4.83, 2.974, 1.571, 1.264, 0.0, 1.663, 2.483, 2.793, 1.657, 1.592, 2.068, 2.501, 3.31, 4.179, 5.033, 5.36, 5.151, 4.836, 4.145, 2.172, 1.567, 2.14, 2.71, 2.462, 2.861, 3.374, 3.812, 5.089, 6.462, 5.767, 3.679, 3.034, 3.497, 3.012, 3.162, 2.854, 2.748, 2.723, 3.53, 2.551, 3.902, 6.976, 5.63, 2.27, 1.799, 2.47, 2.437, 2.604, 3.498, 3.047, 2.498, 2.265, 2.421, 2.231, 2.556, 2.898, 4.096, 3.567, 2.876, 3.163, 4.06, 3.524, 2.943, 4.348, 6.88, 6.382, 6.436, 6.608, 9.525, 11.353, 9.753, 8.145, 9.54, 10.613, 10.013, 11.311, 13.786, 14.004, 12.192, 11.462, 10.922, 11.162, 12.616, 12.744, 12.313, 13.476, 14.418, 11.999, 10.609, 11.493, 11.172, 9.044, 8.38, 6.848, 5.323, 4.889, 4.821, 3.622, 3.526, 3.728, 3.517, 3.972, 3.99, 4.171, 4.678, 5.753, 6.807, 5.955, 5.267, 5.244, 5.122, 6.17, 6.797, 6.771, 6.244, 5.769, 4.48, 4.254, 3.099, 2.62, 2.563, 3.516, 3.325, 3.314, 4.476, 4.579, 4.75, 5.014, 3.69, 2.821, 3.416, 4.296, 4.72, 6.771, 7.109, 6.03, 4.353, 3.642, 3.184, 3.706, 3.214, 2.937, 2.978, 3.125], [4.949, 4.436, 5.847, 4.026, 2.318, 2.06, 1.663, 0.0, 1.527, 1.656, 1.358, 1.607, 1.541, 2.179, 3.985, 5.295, 6.05, 6.378, 6.165, 5.855, 5.165, 2.679, 1.49, 2.297, 3.36, 3.338, 3.513, 4.381, 4.884, 5.893, 7.552, 6.657, 4.547, 4.004, 4.476, 4.194, 4.011, 3.523, 3.06, 2.836, 3.523, 2.533, 4.774, 7.975, 6.639, 2.732, 1.592, 2.434, 1.931, 1.634, 2.266, 1.805, 1.422, 1.729, 2.049, 1.972, 2.336, 3.355, 4.872, 4.327, 3.463, 4.171, 5.023, 4.463, 4.195, 5.422, 7.909, 7.442, 7.54, 7.696, 10.543, 12.393, 10.79, 9.166, 10.559, 11.63, 11.031, 12.329, 14.803, 15.022, 13.21, 12.48, 11.939, 12.231, 13.656, 13.762, 13.33, 14.494, 15.435, 13.017, 11.627, 12.517, 12.209, 10.062, 9.398, 7.799, 6.396, 5.969, 5.876, 4.513, 4.385, 4.796, 4.26, 4.279, 4.286, 4.946, 5.614, 6.673, 7.707, 6.758, 5.869, 5.784, 5.633, 6.682, 7.532, 7.636, 7.255, 6.932, 5.576, 5.264, 3.983, 2.859, 2.686, 3.749, 3.396, 3.281, 3.576, 3.312, 3.612, 3.891, 2.768, 2.739, 3.247, 3.298, 3.604, 5.475, 5.939, 4.862, 3.483, 2.647, 2.247, 2.758, 2.49, 1.919, 1.86, 2.235], [6.072, 5.562, 6.982, 5.113, 3.346, 2.976, 2.483, 1.527, 0.0, 1.221, 1.818, 2.534, 2.252, 3.158, 5.036, 6.367, 7.185, 7.513, 7.299, 6.988, 6.251, 3.717, 2.193, 2.858, 4.164, 4.12, 4.245, 5.127, 5.861, 6.982, 8.613, 7.722, 5.6, 5.128, 5.534, 5.197, 4.809, 4.201, 3.724, 3.563, 4.242, 3.274, 5.909, 9.109, 7.773, 3.873, 2.493, 3.321, 2.736, 1.441, 1.659, 1.448, 1.693, 1.928, 2.412, 2.441, 3.072, 4.294, 5.87, 5.271, 4.318, 5.181, 6.134, 5.609, 4.976, 6.471, 9.005, 8.43, 8.536, 8.773, 11.677, 13.474, 11.882, 10.297, 11.693, 12.765, 12.165, 13.463, 15.938, 16.156, 14.344, 13.614, 13.074, 13.35, 14.763, 14.897, 14.465, 15.628, 16.57, 14.152, 12.76, 13.645, 13.332, 11.197, 10.532, 8.932, 7.463, 6.944, 6.889, 5.37, 5.276, 5.647, 5.016, 5.046, 5.084, 5.677, 6.325, 7.339, 8.371, 7.422, 6.551, 6.461, 6.335, 7.374, 8.194, 8.3, 7.975, 7.624, 6.322, 6.006, 4.677, 3.541, 3.482, 4.441, 4.101, 4.026, 3.911, 2.913, 2.676, 3.073, 2.799, 3.199, 3.601, 3.627, 3.686, 4.521, 5.042, 3.843, 3.038, 2.52, 2.304, 2.658, 2.877, 2.519, 1.848, 2.415], [5.889, 5.397, 6.693, 4.911, 3.503, 3.286, 2.793, 1.656, 1.221, 0.0, 1.941, 2.529, 2.146, 2.922, 5.053, 6.352, 6.988, 7.165, 7.075, 6.69, 6.013, 3.565, 2.046, 2.876, 4.21, 4.481, 4.626, 5.603, 5.918, 7.001, 8.588, 7.705, 5.556, 4.896, 5.295, 5.26, 4.708, 4.047, 3.626, 3.51, 3.951, 3.007, 5.562, 8.762, 7.429, 3.602, 2.206, 3.209, 2.325, 1.629, 1.677, 1.328, 1.737, 2.037, 2.417, 2.59, 3.017, 4.236, 5.625, 5.076, 4.066, 4.991, 5.773, 5.312, 4.782, 6.26, 8.694, 8.156, 8.284, 8.408, 11.346, 13.152, 11.553, 9.987, 11.345, 12.418, 11.82, 13.116, 15.591, 15.809, 14.027, 13.267, 12.791, 13.264, 14.537, 14.549, 14.127, 15.292, 16.223, 13.926, 12.497, 13.418, 13.2, 10.887, 10.271, 8.732, 7.181, 6.762, 6.801, 5.321, 5.237, 5.641, 4.89, 4.758, 4.77, 5.554, 6.182, 7.173, 8.103, 7.102, 6.246, 6.183, 6.114, 7.081, 7.867, 7.967, 7.748, 7.519, 6.242, 5.757, 4.551, 3.292, 3.15, 4.036, 3.755, 3.572, 3.482, 2.807, 2.949, 3.205, 2.782, 2.994, 3.697, 3.533, 3.797, 4.451, 5.006, 4.071, 3.262, 2.958, 2.318, 2.948, 2.723, 2.38, 2.08, 2.4], [4.339, 3.831, 5.205, 3.489, 2.362, 1.833, 1.657, 1.358, 1.818, 1.941, 0.0, 1.008, 1.251, 1.752, 3.35, 4.661, 5.447, 5.72, 5.548, 5.196, 4.458, 2.095, 1.395, 2.119, 3.186, 3.078, 3.14, 4.059, 4.411, 5.45, 6.91, 6.019, 3.965, 3.398, 3.797, 3.708, 4.072, 3.743, 3.787, 3.614, 4.456, 3.188, 4.117, 7.316, 5.981, 2.342, 1.231, 2.133, 2.068, 1.591, 2.591, 2.017, 1.515, 1.465, 1.571, 1.745, 2.36, 3.008, 4.306, 3.762, 2.98, 3.691, 4.376, 3.836, 3.48, 4.742, 7.328, 6.762, 6.868, 7.036, 9.884, 11.677, 10.089, 8.504, 9.9, 10.972, 10.367, 11.667, 14.139, 14.363, 12.552, 11.822, 11.286, 11.648, 13.011, 13.104, 12.672, 13.835, 14.777, 12.395, 10.967, 11.878, 11.62, 9.404, 8.752, 7.192, 5.679, 5.4, 5.455, 4.562, 4.442, 4.584, 4.583, 5.086, 5.156, 5.137, 5.633, 6.754, 7.777, 6.922, 6.246, 6.279, 6.168, 7.178, 7.767, 7.727, 7.18, 6.687, 5.414, 5.222, 4.064, 3.403, 3.456, 4.604, 4.175, 4.009, 4.4, 3.899, 4.298, 4.58, 3.489, 3.664, 4.105, 4.071, 4.436, 6.005, 6.515, 5.503, 4.059, 3.477, 2.931, 3.504, 3.247, 2.799, 2.581, 2.986], [3.721, 3.255, 4.599, 2.901, 1.869, 1.543, 1.592, 1.607, 2.534, 2.529, 1.008, 0.0, 1.268, 1.656, 2.748, 4.07, 4.84, 5.1, 4.942, 4.586, 3.921, 1.676, 1.385, 1.867, 2.956, 2.733, 2.637, 3.56, 3.811, 4.758, 6.326, 5.449, 3.31, 2.744, 3.214, 3.078, 3.769, 3.468, 3.621, 3.442, 4.443, 3.033, 3.516, 6.697, 5.361, 1.873, 1.194, 1.883, 1.879, 2.222, 3.159, 2.621, 2.058, 1.686, 1.613, 1.707, 2.15, 2.624, 3.619, 3.044, 2.582, 3.006, 3.699, 3.301, 3.115, 4.077, 6.661, 6.162, 6.233, 6.347, 9.265, 11.103, 9.486, 7.894, 9.28, 10.352, 9.753, 11.051, 13.525, 13.744, 11.932, 11.202, 10.68, 11.052, 12.433, 12.484, 12.052, 13.216, 14.157, 11.788, 10.347, 11.271, 11.026, 8.784, 8.152, 6.598, 5.051, 4.704, 4.841, 4.266, 4.161, 4.186, 4.464, 5.018, 4.985, 4.873, 5.349, 6.514, 7.512, 6.609, 5.987, 6.032, 5.934, 6.922, 7.481, 7.442, 6.923, 6.446, 5.177, 4.936, 3.747, 3.317, 3.363, 4.576, 4.172, 3.971, 4.758, 4.608, 4.924, 5.205, 3.962, 3.804, 4.192, 4.35, 4.942, 6.736, 7.123, 6.168, 4.641, 3.735, 3.269, 3.887, 3.43, 2.968, 3.022, 3.365], [4.28, 3.676, 4.871, 3.286, 2.23, 2.203, 2.068, 1.541, 2.252, 2.146, 1.251, 1.268, 0.0, 1.42, 3.438, 4.683, 5.243, 5.343, 5.281, 4.964, 4.329, 2.27, 1.822, 2.575, 3.733, 3.667, 3.65, 4.542, 4.515, 5.421, 6.89, 6.03, 4.052, 3.258, 3.702, 3.894, 4.172, 3.98, 4.011, 3.822, 4.422, 3.164, 3.784, 6.905, 5.632, 2.079, 1.063, 2.394, 1.942, 1.407, 2.491, 1.925, 1.267, 1.436, 1.572, 1.638, 2.229, 3.14, 4.003, 3.639, 3.053, 3.435, 4.141, 3.765, 3.934, 4.819, 7.008, 6.51, 6.687, 6.761, 9.504, 11.301, 9.723, 8.195, 9.521, 10.595, 9.978, 11.256, 13.727, 13.951, 12.192, 11.404, 10.972, 11.538, 12.741, 12.705, 12.322, 13.479, 14.359, 12.204, 10.787, 11.691, 11.48, 9.1, 8.457, 6.958, 5.515, 5.244, 5.321, 4.572, 4.36, 4.56, 4.446, 4.983, 4.969, 5.12, 5.786, 6.97, 7.916, 6.937, 6.186, 6.266, 6.165, 7.104, 7.69, 7.724, 7.378, 6.897, 5.758, 5.327, 4.078, 3.332, 3.359, 4.401, 3.98, 3.838, 4.5, 4.226, 4.684, 4.94, 3.98, 3.994, 4.473, 4.532, 4.764, 6.203, 6.851, 5.914, 4.641, 3.665, 3.496, 3.955, 3.465, 2.951, 3.008, 3.341], [3.797, 3.371, 4.04, 2.886, 2.627, 2.498, 2.501, 2.179, 3.158, 2.922, 1.752, 1.656, 1.42, 0.0, 2.536, 3.699, 4.334, 4.424, 4.395, 4.032, 3.932, 2.335, 2.286, 3.01, 3.978, 3.854, 3.76, 4.688, 4.365, 4.705, 5.898, 5.175, 3.655, 2.905, 3.135, 3.848, 4.585, 4.402, 4.287, 4.18, 4.706, 3.52, 3.41, 6.006, 4.669, 1.957, 1.547, 2.842, 2.294, 2.417, 3.422, 2.766, 2.111, 2.261, 2.355, 2.608, 2.908, 3.343, 3.562, 3.539, 3.387, 3.49, 3.575, 3.713, 4.003, 4.566, 6.224, 5.817, 5.895, 5.837, 8.626, 10.383, 8.772, 7.204, 8.572, 9.644, 9.044, 10.342, 12.817, 13.037, 11.266, 10.493, 10.04, 10.569, 11.768, 11.787, 11.376, 12.518, 13.454, 11.174, 9.833, 10.675, 10.48, 8.129, 7.497, 5.994, 4.618, 4.526, 5.39, 4.933, 4.69, 4.897, 4.783, 5.286, 5.308, 5.547, 6.093, 7.314, 8.284, 7.377, 6.614, 6.591, 6.514, 7.486, 8.161, 8.187, 7.663, 7.113, 5.897, 5.678, 4.478, 3.613, 3.674, 4.781, 4.346, 4.323, 4.913, 5.067, 5.593, 5.834, 4.603, 4.273, 4.699, 4.855, 5.468, 7.145, 7.77, 6.846, 5.355, 4.41, 3.938, 4.607, 3.98, 3.41, 3.659, 3.885], [2.709, 2.61, 2.952, 2.591, 3.172, 3.09, 3.31, 3.985, 5.036, 5.053, 3.35, 2.748, 3.438, 2.536, 0.0, 1.654, 2.536, 2.773, 2.574, 2.731, 2.712, 2.234, 3.415, 3.039, 2.862, 3.008, 3.027, 3.438, 3.126, 3.052, 3.915, 3.344, 2.137, 1.915, 2.097, 2.678, 4.054, 4.192, 4.495, 4.625, 5.4, 4.251, 2.307, 4.116, 2.796, 2.313, 3.342, 2.673, 3.272, 4.694, 5.694, 4.981, 4.271, 3.801, 3.482, 3.697, 3.871, 3.247, 2.721, 2.474, 3.007, 2.818, 2.22, 2.587, 2.797, 3.347, 4.894, 4.483, 4.588, 4.326, 6.754, 8.561, 7.029, 5.347, 6.738, 7.811, 7.172, 8.47, 10.945, 11.163, 9.351, 8.621, 8.094, 8.385, 9.821, 9.91, 9.472, 10.635, 11.577, 9.158, 7.77, 8.656, 8.331, 6.203, 5.539, 3.977, 2.756, 3.249, 4.803, 4.827, 5.029, 4.889, 5.502, 6.134, 5.918, 5.676, 5.627, 6.443, 7.577, 7.007, 6.506, 6.707, 6.687, 7.456, 7.992, 7.601, 7.121, 6.262, 5.046, 4.965, 4.318, 4.979, 4.824, 5.642, 5.112, 5.835, 7.024, 7.111, 7.484, 7.707, 6.377, 5.505, 5.869, 6.737, 7.415, 9.3, 9.825, 8.747, 7.156, 6.121, 5.789, 6.444, 5.767, 5.498, 5.672, 5.841], [2.623, 3.026, 3.038, 3.114, 3.925, 4.039, 4.179, 5.295, 6.367, 6.352, 4.661, 4.07, 4.683, 3.699, 1.654, 0.0, 1.742, 1.557, 1.481, 1.946, 2.321, 3.189, 4.681, 4.176, 3.154, 3.363, 3.479, 3.374, 2.658, 2.277, 2.74, 2.362, 1.693, 1.995, 2.089, 2.589, 3.927, 4.74, 5.322, 5.589, 6.31, 5.155, 2.45, 2.849, 1.803, 3.27, 4.443, 3.472, 4.539, 5.998, 7.031, 6.351, 5.578, 5.041, 4.842, 4.876, 4.929, 3.334, 2.614, 2.495, 3.787, 2.949, 1.824, 2.193, 2.554, 2.601, 3.663, 3.111, 3.429, 3.032, 5.434, 7.214, 5.685, 4.019, 5.412, 6.493, 5.837, 7.134, 9.609, 9.828, 8.016, 7.286, 6.762, 7.087, 8.439, 8.568, 8.136, 9.3, 10.241, 7.839, 6.547, 7.357, 6.995, 4.868, 4.204, 2.858, 1.578, 2.392, 4.789, 5.208, 5.492, 5.329, 5.977, 6.623, 6.371, 6.121, 5.422, 5.822, 6.92, 6.917, 6.533, 6.78, 7.114, 7.457, 7.841, 7.406, 6.754, 5.634, 4.688, 4.687, 4.747, 5.807, 5.645, 6.127, 5.876, 6.704, 8.256, 8.436, 8.827, 9.056, 7.712, 6.477, 7.016, 8.056, 8.571, 10.659, 11.132, 10.084, 8.502, 7.456, 7.119, 7.773, 7.102, 6.7, 6.998, 7.134], [1.781, 2.48, 2.155, 2.927, 4.269, 4.893, 5.033, 6.05, 7.185, 6.988, 5.447, 4.84, 5.243, 4.334, 2.536, 1.742, 0.0, 1.535, 1.332, 1.245, 1.629, 3.648, 5.417, 4.846, 3.722, 3.865, 4.093, 3.652, 2.851, 2.739, 3.174, 2.536, 2.041, 2.242, 1.83, 2.159, 3.484, 4.837, 5.637, 6.301, 6.561, 5.524, 2.198, 2.748, 1.647, 3.708, 4.925, 3.93, 4.913, 6.472, 7.493, 6.824, 5.948, 5.552, 5.316, 5.283, 5.233, 3.604, 2.636, 2.948, 4.005, 3.024, 1.827, 2.197, 2.645, 2.505, 2.763, 2.334, 2.452, 2.218, 4.609, 6.422, 4.809, 3.322, 4.546, 5.616, 4.98, 6.278, 8.753, 9.023, 7.252, 6.477, 5.989, 6.397, 7.742, 7.766, 7.351, 8.504, 9.44, 7.241, 6.287, 6.872, 6.457, 4.198, 3.885, 3.477, 1.808, 1.527, 3.534, 4.127, 4.757, 4.687, 5.358, 6.051, 5.609, 5.075, 4.15, 4.678, 5.746, 5.504, 5.364, 5.971, 6.364, 6.398, 6.462, 5.902, 5.342, 4.379, 3.4, 3.592, 4.504, 5.958, 5.753, 5.811, 5.846, 6.971, 8.772, 9.018, 9.658, 9.893, 8.524, 7.179, 7.808, 8.675, 9.42, 11.259, 11.815, 10.864, 9.322, 8.212, 7.863, 8.596, 7.736, 7.322, 7.667, 7.769], [2.393, 2.95, 2.445, 3.125, 4.638, 5.221, 5.36, 6.378, 7.513, 7.165, 5.72, 5.1, 5.343, 4.424, 2.773, 1.557, 1.535, 0.0, 0.899, 1.659, 2.314, 3.888, 5.711, 5.107, 3.976, 4.182, 4.359, 3.833, 3.037, 2.587, 3.026, 2.466, 2.181, 2.51, 2.23, 2.864, 3.86, 5.124, 5.996, 6.632, 6.756, 5.664, 2.077, 1.875, 1.417, 4.073, 5.053, 4.259, 4.973, 6.499, 7.595, 6.933, 6.032, 5.952, 5.508, 5.367, 5.145, 3.569, 2.425, 2.796, 4.098, 3.062, 1.936, 2.392, 3.095, 2.635, 2.928, 2.268, 2.519, 2.155, 4.415, 6.129, 4.682, 3.11, 4.321, 5.435, 4.849, 6.108, 8.492, 8.694, 6.933, 6.113, 5.795, 6.607, 7.579, 7.58, 7.178, 8.307, 9.068, 7.48, 6.36, 7.045, 6.712, 4.159, 3.293, 2.935, 1.534, 2.049, 4.083, 4.824, 5.138, 4.747, 5.529, 6.471, 6.012, 5.837, 5.007, 5.294, 6.279, 6.102, 5.895, 6.391, 6.682, 6.633, 7.07, 6.548, 5.948, 4.735, 4.158, 3.933, 4.676, 5.975, 5.845, 5.959, 5.794, 6.956, 9.037, 9.37, 9.985, 10.214, 8.852, 7.507, 8.136, 9.02, 9.748, 11.46, 12.093, 11.17, 9.659, 8.514, 8.169, 8.917, 7.997, 7.641, 8.041, 8.127], [2.092, 2.629, 2.138, 3.011, 4.467, 5.008, 5.151, 6.165, 7.299, 7.075, 5.548, 4.942, 5.281, 4.395, 2.574, 1.481, 1.332, 0.899, 0.0, 1.39, 2.125, 3.738, 5.514, 4.909, 3.791, 3.984, 4.175, 3.526, 2.731, 2.493, 3.019, 2.384, 2.006, 2.332, 2.173, 2.684, 3.768, 4.973, 5.813, 6.428, 6.588, 5.534, 2.144, 2.155, 1.479, 3.898, 5.015, 4.083, 4.87, 6.509, 7.607, 6.935, 6.032, 5.738, 5.377, 5.305, 5.125, 3.398, 2.334, 2.821, 4.118, 3.056, 1.975, 2.318, 3.033, 2.424, 2.935, 2.489, 2.39, 2.243, 4.541, 6.309, 4.796, 3.131, 4.489, 5.571, 4.977, 6.237, 8.664, 8.893, 7.075, 6.315, 5.805, 6.508, 7.584, 7.729, 7.23, 8.389, 9.271, 7.552, 6.442, 7.095, 6.708, 4.246, 3.419, 3.04, 1.595, 1.912, 3.913, 4.636, 4.969, 4.74, 5.495, 6.411, 5.909, 5.709, 4.931, 4.848, 5.885, 6.006, 5.808, 6.181, 6.4, 6.562, 6.982, 6.487, 5.689, 4.537, 3.846, 3.83, 4.696, 5.983, 5.894, 5.958, 5.87, 6.961, 8.876, 9.213, 9.773, 10.006, 8.638, 7.305, 7.922, 8.868, 9.534, 11.397, 12.014, 10.972, 9.451, 8.314, 7.97, 8.71, 7.827, 7.514, 7.869, 7.954], [1.85, 2.636, 2.281, 2.857, 4.099, 4.697, 4.836, 5.855, 6.988, 6.69, 5.196, 4.586, 4.964, 4.032, 2.731, 1.946, 1.245, 1.659, 1.39, 0.0, 1.28, 3.383, 5.185, 4.614, 3.424, 3.466, 3.792, 2.845, 1.927, 2.381, 2.995, 2.303, 1.968, 1.971, 1.557, 2.036, 3.356, 4.623, 5.419, 6.105, 6.376, 5.244, 2.031, 2.79, 1.606, 3.621, 4.647, 3.749, 4.658, 6.208, 7.225, 6.554, 5.702, 5.399, 5.048, 5.056, 5.005, 3.35, 2.071, 2.53, 3.744, 2.796, 1.704, 1.816, 2.333, 1.59, 2.538, 2.205, 2.265, 2.21, 4.817, 6.631, 5.074, 3.445, 4.793, 5.866, 5.177, 6.475, 8.949, 9.196, 7.42, 6.632, 6.146, 6.745, 7.973, 7.951, 7.517, 8.659, 9.595, 7.398, 6.314, 6.971, 6.655, 4.287, 3.893, 3.453, 1.771, 1.878, 3.602, 4.218, 4.829, 4.67, 5.242, 6.012, 5.651, 5.134, 4.201, 4.183, 5.132, 5.503, 5.373, 5.97, 6.395, 6.376, 6.537, 5.807, 5.03, 3.848, 3.04, 3.537, 4.368, 5.773, 5.494, 5.699, 5.656, 6.687, 8.555, 8.851, 9.459, 9.697, 8.327, 6.983, 7.612, 8.48, 9.223, 10.975, 11.598, 10.644, 9.132, 8.003, 7.645, 8.391, 7.479, 7.101, 7.501, 7.586], [1.639, 2.094, 2.382, 2.555, 3.491, 3.968, 4.145, 5.165, 6.251, 6.013, 4.458, 3.921, 4.329, 3.932, 2.712, 2.321, 1.629, 2.314, 2.125, 1.28, 0.0, 2.737, 4.51, 3.994, 2.951, 2.787, 3.188, 2.613, 1.902, 2.729, 3.478, 2.643, 1.766, 1.583, 1.396, 1.615, 2.746, 3.902, 4.682, 5.377, 5.834, 4.637, 1.73, 3.303, 2.093, 3.176, 3.994, 3.146, 4.236, 5.558, 6.576, 5.996, 5.171, 4.704, 4.509, 4.523, 4.452, 2.987, 2.101, 2.462, 3.164, 2.305, 1.668, 1.448, 1.757, 1.764, 3.216, 2.849, 2.899, 3.01, 5.559, 7.293, 5.717, 4.189, 5.45, 6.54, 5.922, 7.212, 9.687, 9.951, 8.196, 7.399, 6.978, 7.424, 8.706, 8.686, 8.286, 9.446, 10.346, 8.177, 7.095, 7.836, 7.367, 5.207, 4.564, 4.073, 2.386, 2.229, 3.166, 3.757, 4.362, 4.072, 4.757, 5.396, 5.086, 4.639, 3.78, 4.149, 5.209, 4.994, 4.93, 5.463, 5.961, 5.894, 6.028, 5.346, 4.594, 3.824, 2.779, 3.164, 3.732, 5.092, 4.819, 5.002, 4.935, 6.093, 7.936, 8.161, 8.725, 8.959, 7.607, 6.28, 6.874, 7.731, 8.486, 10.259, 10.82, 9.941, 8.43, 7.271, 6.908, 7.662, 6.808, 6.354, 6.752, 6.865], [2.565, 2.274, 3.389, 2.029, 1.602, 1.872, 2.172, 2.679, 3.717, 3.565, 2.095, 1.676, 2.27, 2.335, 2.234, 3.189, 3.648, 3.888, 3.738, 3.383, 2.737, 0.0, 1.901, 1.542, 2.009, 1.917, 2.0, 2.782, 2.728, 3.88, 5.455, 4.578, 2.372, 1.649, 2.078, 2.108, 2.628, 2.608, 3.167, 3.12, 3.874, 2.39, 2.269, 5.466, 4.2, 1.693, 1.771, 1.494, 2.076, 3.22, 4.22, 3.751, 3.009, 2.636, 2.387, 2.038, 1.962, 1.531, 2.365, 2.278, 1.751, 1.871, 2.749, 2.246, 2.388, 3.325, 5.419, 4.901, 4.957, 5.176, 8.057, 9.858, 8.26, 6.685, 8.049, 9.112, 8.539, 9.819, 12.288, 12.51, 10.719, 9.968, 9.462, 9.92, 11.206, 11.251, 10.841, 11.999, 12.924, 10.648, 9.471, 10.194, 9.901, 7.613, 6.93, 5.463, 4.172, 3.409, 3.543, 3.156, 3.281, 3.175, 3.709, 4.368, 4.167, 3.932, 4.068, 5.12, 6.154, 5.425, 4.867, 5.01, 4.944, 5.78, 6.353, 6.144, 5.588, 5.023, 3.759, 3.602, 2.678, 3.048, 3.036, 3.863, 3.324, 3.912, 5.383, 5.558, 6.13, 6.42, 5.071, 4.208, 4.532, 5.204, 5.919, 7.726, 8.316, 7.304, 5.807, 4.65, 4.339, 5.054, 4.216, 3.85, 4.218, 4.305], [4.312, 3.802, 5.181, 3.386, 1.948, 1.9, 1.567, 1.49, 2.193, 2.046, 1.395, 1.385, 1.822, 2.286, 3.415, 4.681, 5.417, 5.711, 5.514, 5.185, 4.51, 1.901, 0.0, 1.306, 2.472, 2.575, 2.784, 3.67, 4.06, 5.187, 6.839, 5.949, 3.816, 3.32, 3.773, 3.562, 3.162, 2.621, 2.609, 2.403, 3.416, 2.1, 4.082, 7.309, 5.972, 2.161, 1.3, 1.76, 1.613, 2.136, 2.789, 2.456, 2.181, 1.62, 1.901, 1.774, 1.769, 2.674, 4.128, 3.641, 2.637, 3.504, 4.332, 3.829, 3.294, 4.755, 7.264, 6.7, 6.694, 6.938, 9.877, 11.708, 10.095, 8.5, 9.876, 10.938, 10.342, 11.641, 14.113, 14.354, 12.548, 11.811, 11.278, 11.593, 13.0, 13.095, 12.665, 13.827, 14.768, 12.376, 11.005, 11.871, 11.56, 9.4, 8.738, 7.147, 5.63, 5.148, 5.17, 3.773, 3.712, 4.03, 3.641, 3.914, 3.962, 4.154, 4.625, 5.573, 6.64, 5.774, 5.076, 5.082, 4.95, 5.967, 6.599, 6.62, 6.243, 6.116, 4.75, 4.364, 3.122, 2.296, 2.299, 3.5, 3.133, 3.173, 3.948, 3.899, 4.316, 4.639, 3.418, 2.948, 3.242, 3.542, 4.304, 6.134, 6.625, 5.508, 3.98, 2.942, 2.592, 3.231, 2.667, 2.335, 2.465, 2.634], [3.808, 3.678, 4.754, 3.331, 2.162, 2.201, 2.14, 2.297, 2.858, 2.876, 2.119, 1.867, 2.575, 3.01, 3.039, 4.176, 4.846, 5.107, 4.909, 4.614, 3.994, 1.542, 1.306, 0.0, 1.622, 1.856, 1.953, 2.889, 3.397, 4.677, 6.329, 5.456, 3.305, 2.785, 3.224, 3.011, 2.614, 2.443, 2.643, 2.576, 3.61, 2.222, 3.479, 6.706, 5.399, 2.466, 2.059, 1.349, 2.036, 2.958, 3.566, 3.351, 2.975, 2.252, 2.198, 1.86, 1.679, 1.911, 3.45, 2.861, 1.94, 2.812, 3.755, 3.289, 2.771, 4.23, 6.607, 6.062, 6.067, 6.312, 9.274, 11.103, 9.493, 7.893, 9.271, 10.34, 9.747, 11.037, 13.51, 13.75, 11.944, 11.208, 10.674, 11.068, 12.38, 12.507, 12.061, 13.223, 14.164, 11.814, 10.45, 11.3, 11.029, 8.797, 8.137, 6.557, 5.06, 4.432, 4.377, 3.289, 3.601, 3.62, 3.649, 4.313, 3.977, 3.898, 3.736, 4.776, 5.843, 5.057, 4.535, 4.752, 4.711, 5.414, 5.981, 5.827, 5.313, 5.072, 3.728, 3.401, 2.557, 2.833, 2.809, 3.74, 3.271, 3.689, 4.476, 4.524, 5.023, 5.334, 4.083, 3.619, 3.687, 4.148, 4.979, 6.703, 7.215, 6.117, 4.575, 3.437, 3.226, 3.82, 3.105, 2.962, 3.114, 3.264], [3.141, 3.538, 4.219, 3.547, 2.854, 2.705, 2.71, 3.36, 4.164, 4.21, 3.186, 2.956, 3.733, 3.978, 2.862, 3.154, 3.722, 3.976, 3.791, 3.424, 2.951, 2.009, 2.472, 1.622, 0.0, 1.204, 1.555, 1.94, 2.234, 3.383, 5.041, 4.179, 2.102, 2.056, 2.339, 2.247, 2.433, 2.54, 2.963, 3.219, 4.14, 2.925, 2.729, 5.524, 4.187, 3.179, 3.078, 1.804, 3.137, 4.218, 5.022, 4.76, 4.152, 3.409, 3.421, 2.983, 2.76, 1.845, 2.623, 2.142, 2.15, 2.385, 2.677, 2.181, 1.671, 3.131, 5.49, 4.995, 4.988, 5.178, 8.092, 9.923, 8.316, 6.71, 8.089, 9.153, 8.557, 9.856, 12.328, 12.569, 10.763, 10.026, 9.493, 9.748, 11.196, 11.31, 10.88, 12.042, 12.983, 10.597, 9.249, 10.127, 9.775, 7.615, 6.953, 5.404, 3.946, 3.486, 4.084, 3.531, 4.061, 3.873, 4.058, 4.761, 4.363, 4.209, 3.324, 3.94, 5.105, 4.849, 4.471, 4.715, 5.145, 5.326, 5.761, 5.368, 4.781, 3.924, 2.921, 2.752, 2.761, 3.695, 3.418, 4.212, 3.683, 4.576, 5.64, 5.702, 6.13, 6.393, 5.164, 4.351, 4.61, 5.379, 5.998, 7.997, 8.473, 7.383, 5.743, 4.726, 4.464, 5.088, 4.408, 4.061, 4.354, 4.489], [3.019, 3.455, 4.287, 3.473, 2.581, 2.393, 2.462, 3.338, 4.12, 4.481, 3.078, 2.733, 3.667, 3.854, 3.008, 3.363, 3.865, 4.182, 3.984, 3.466, 2.787, 1.917, 2.575, 1.856, 1.204, 0.0, 1.084, 1.418, 2.168, 3.412, 5.053, 4.247, 2.208, 2.116, 2.417, 2.159, 2.236, 2.589, 2.924, 3.381, 4.259, 3.154, 2.965, 5.605, 4.259, 3.068, 3.092, 1.86, 3.346, 4.282, 5.193, 4.885, 4.26, 3.694, 3.514, 3.084, 2.918, 1.881, 2.604, 2.255, 2.079, 2.273, 2.793, 2.325, 1.706, 2.987, 5.477, 4.93, 4.954, 5.209, 8.158, 9.954, 8.358, 6.776, 8.155, 9.227, 8.623, 9.922, 12.394, 12.635, 10.829, 10.092, 9.558, 9.83, 11.253, 11.375, 10.946, 12.108, 13.049, 10.625, 9.282, 10.139, 9.818, 7.681, 7.019, 5.52, 3.976, 3.612, 3.768, 3.349, 3.813, 3.494, 4.005, 4.686, 4.41, 4.155, 3.34, 4.026, 5.162, 4.761, 4.464, 4.726, 5.226, 5.336, 5.738, 5.294, 4.595, 4.106, 2.897, 2.907, 2.732, 3.735, 3.474, 4.327, 3.837, 4.803, 5.777, 5.924, 6.2, 6.479, 5.223, 4.289, 4.55, 5.424, 6.041, 8.129, 8.462, 7.344, 5.71, 4.732, 4.441, 5.001, 4.509, 4.184, 4.388, 4.513], [3.317, 3.66, 4.533, 3.672, 2.68, 2.447, 2.861, 3.513, 4.245, 4.626, 3.14, 2.637, 3.65, 3.76, 3.027, 3.479, 4.093, 4.359, 4.175, 3.792, 3.188, 2.0, 2.784, 1.953, 1.555, 1.084, 0.0, 1.564, 2.468, 3.73, 5.433, 4.577, 2.401, 2.35, 2.61, 2.372, 2.745, 2.879, 3.051, 3.459, 4.544, 3.42, 2.994, 5.906, 4.573, 3.363, 3.284, 2.055, 3.541, 4.412, 5.34, 5.031, 4.424, 3.857, 3.635, 3.3, 3.067, 2.015, 2.684, 2.149, 2.406, 2.452, 2.885, 2.604, 2.117, 3.272, 5.794, 5.21, 5.176, 5.454, 8.475, 10.275, 8.658, 7.101, 8.472, 9.535, 8.939, 10.238, 12.711, 12.951, 11.145, 10.408, 9.88, 10.22, 11.589, 11.692, 11.262, 12.424, 13.365, 10.964, 9.575, 10.46, 10.189, 7.998, 7.339, 5.776, 4.224, 3.598, 3.766, 3.576, 4.013, 3.504, 4.118, 4.815, 4.548, 4.255, 3.517, 4.303, 5.449, 5.065, 4.631, 4.927, 5.348, 5.526, 5.95, 5.57, 4.957, 4.435, 3.393, 3.217, 2.866, 3.728, 3.749, 4.705, 4.2, 5.1, 5.724, 5.912, 6.167, 6.43, 5.323, 4.626, 4.512, 5.217, 5.991, 7.935, 8.237, 7.145, 5.508, 4.616, 4.349, 4.821, 4.344, 4.095, 4.316, 4.438], [3.118, 3.8, 4.494, 3.926, 3.315, 3.167, 3.374, 4.381, 5.127, 5.603, 4.059, 3.56, 4.542, 4.688, 3.438, 3.374, 3.652, 3.833, 3.526, 2.845, 2.613, 2.782, 3.67, 2.889, 1.94, 1.418, 1.564, 0.0, 1.274, 2.563, 4.177, 3.35, 2.022, 2.456, 2.329, 2.219, 2.899, 3.314, 3.581, 4.258, 5.101, 4.296, 3.07, 4.941, 3.753, 4.052, 4.251, 2.959, 4.457, 5.354, 6.235, 5.898, 5.346, 4.829, 4.559, 4.268, 4.059, 2.619, 2.623, 2.157, 3.022, 2.832, 2.632, 2.238, 2.012, 2.128, 4.598, 4.063, 3.933, 4.246, 7.275, 9.079, 7.436, 5.893, 7.272, 8.336, 7.74, 9.039, 11.511, 11.752, 9.946, 9.209, 8.675, 8.954, 10.369, 10.492, 10.063, 11.225, 12.165, 9.75, 8.38, 9.249, 8.945, 6.798, 6.147, 4.977, 3.287, 3.105, 3.741, 3.754, 4.315, 3.891, 4.445, 5.191, 4.922, 4.541, 3.656, 3.482, 4.598, 5.051, 4.822, 5.218, 5.718, 5.72, 6.072, 5.403, 4.496, 3.573, 2.834, 3.159, 3.33, 4.598, 4.234, 4.984, 4.821, 5.805, 6.81, 6.896, 7.145, 7.46, 6.242, 5.197, 5.354, 6.385, 7.213, 9.102, 9.496, 8.275, 6.645, 5.547, 5.315, 5.881, 5.339, 5.25, 5.35, 5.463], [2.677, 3.224, 3.807, 3.294, 3.466, 3.412, 3.812, 4.884, 5.861, 5.918, 4.411, 3.811, 4.515, 4.365, 3.126, 2.658, 2.851, 3.037, 2.731, 1.927, 1.902, 2.728, 4.06, 3.397, 2.234, 2.168, 2.468, 1.274, 0.0, 1.708, 3.13, 2.361, 1.523, 1.926, 1.781, 1.878, 3.112, 3.915, 4.307, 4.966, 5.66, 4.695, 2.543, 3.993, 2.88, 3.932, 4.277, 3.086, 4.604, 5.644, 6.553, 6.156, 5.539, 5.035, 4.832, 4.449, 4.344, 2.666, 2.001, 2.012, 3.117, 2.457, 1.946, 1.801, 1.978, 1.381, 3.486, 3.039, 2.889, 3.238, 6.146, 7.937, 6.334, 4.764, 6.143, 7.207, 6.611, 7.91, 10.382, 10.623, 8.817, 8.08, 7.546, 7.83, 9.24, 9.363, 8.934, 10.096, 11.036, 8.651, 7.367, 8.159, 7.832, 5.682, 5.043, 4.014, 2.511, 2.472, 3.572, 4.112, 4.665, 4.363, 4.925, 5.683, 5.416, 5.024, 4.128, 3.663, 4.738, 5.446, 5.299, 5.73, 6.216, 6.177, 6.511, 5.797, 4.842, 3.643, 3.084, 3.562, 3.823, 5.122, 4.769, 5.365, 5.255, 6.196, 7.533, 7.762, 8.137, 8.515, 7.208, 6.0, 6.36, 7.346, 7.953, 9.952, 10.471, 9.352, 7.749, 6.658, 6.417, 7.037, 6.32, 6.051, 6.367, 6.474], [3.598, 4.221, 4.36, 4.304, 4.946, 4.764, 5.089, 5.893, 6.982, 7.001, 5.45, 4.758, 5.421, 4.705, 3.052, 2.277, 2.739, 2.587, 2.493, 2.381, 2.729, 3.88, 5.187, 4.677, 3.383, 3.412, 3.73, 2.563, 1.708, 0.0, 1.877, 1.086, 1.835, 2.798, 2.605, 3.114, 4.628, 5.313, 5.72, 6.331, 7.07, 5.994, 3.39, 3.302, 2.424, 4.662, 5.262, 4.192, 5.489, 6.718, 7.706, 7.128, 6.473, 5.966, 5.831, 5.534, 5.546, 3.988, 2.743, 2.896, 4.33, 3.81, 2.277, 2.872, 3.239, 1.85, 2.716, 2.4, 2.569, 2.536, 4.974, 6.746, 5.119, 3.597, 4.946, 6.01, 5.413, 6.712, 9.185, 9.425, 7.619, 6.883, 6.366, 6.615, 8.043, 8.166, 7.736, 8.898, 9.839, 7.441, 6.127, 6.944, 6.626, 4.534, 4.073, 3.184, 2.046, 2.823, 4.993, 5.67, 6.251, 5.937, 6.515, 7.262, 6.988, 6.55, 5.634, 4.936, 5.912, 6.806, 6.831, 7.301, 7.797, 7.746, 7.948, 7.092, 6.114, 4.847, 4.548, 5.087, 5.37, 6.569, 6.231, 6.969, 6.642, 7.555, 8.864, 8.928, 9.222, 9.509, 8.289, 7.274, 7.679, 8.567, 9.149, 11.213, 11.685, 10.588, 8.977, 7.839, 7.581, 8.243, 7.583, 7.282, 7.517, 7.645], [4.318, 5.142, 4.974, 5.459, 6.344, 6.318, 6.462, 7.552, 8.613, 8.588, 6.91, 6.326, 6.89, 5.898, 3.915, 2.74, 3.174, 3.026, 3.019, 2.995, 3.478, 5.455, 6.839, 6.329, 5.041, 5.053, 5.433, 4.177, 3.13, 1.877, 0.0, 1.242, 3.259, 4.025, 3.636, 4.268, 5.896, 6.778, 7.164, 7.831, 8.57, 7.517, 4.414, 2.813, 2.655, 5.656, 6.78, 5.694, 6.872, 8.214, 9.213, 8.612, 7.885, 7.333, 7.113, 7.133, 7.214, 5.574, 4.17, 4.395, 5.906, 5.167, 3.444, 3.897, 4.249, 2.806, 2.728, 2.792, 3.341, 2.857, 3.245, 4.991, 3.365, 2.402, 3.26, 4.291, 3.825, 4.996, 7.435, 7.675, 5.866, 5.24, 4.785, 4.836, 6.285, 6.416, 5.986, 7.149, 8.089, 5.673, 4.33, 5.19, 4.848, 3.019, 2.858, 2.084, 2.105, 3.887, 6.201, 6.908, 7.488, 7.188, 7.779, 8.525, 8.241, 7.803, 6.873, 6.107, 7.012, 7.998, 8.057, 8.517, 8.991, 8.986, 9.14, 8.272, 7.218, 5.892, 5.676, 6.231, 6.749, 8.094, 7.763, 8.193, 8.049, 9.012, 10.477, 10.586, 10.965, 11.196, 9.944, 8.769, 9.235, 10.242, 10.84, 12.831, 13.354, 12.278, 10.68, 9.596, 9.31, 9.951, 9.268, 8.906, 9.202, 9.323], [3.678, 4.329, 4.196, 4.713, 5.576, 5.557, 5.767, 6.657, 7.722, 7.705, 6.019, 5.449, 6.03, 5.175, 3.344, 2.362, 2.536, 2.466, 2.384, 2.303, 2.643, 4.578, 5.949, 5.456, 4.179, 4.247, 4.577, 3.35, 2.361, 1.086, 1.242, 0.0, 2.377, 3.302, 2.833, 3.487, 5.15, 5.989, 6.449, 7.035, 7.71, 6.685, 3.559, 2.876, 2.338, 4.832, 5.851, 4.756, 5.918, 7.323, 8.346, 7.723, 6.948, 6.379, 6.272, 6.247, 6.288, 4.762, 3.394, 3.544, 4.98, 4.399, 2.733, 3.178, 3.552, 2.053, 2.333, 2.186, 2.651, 2.508, 4.119, 5.862, 4.287, 2.889, 4.079, 5.15, 4.514, 5.81, 8.282, 8.523, 6.717, 5.987, 5.494, 5.765, 7.148, 7.263, 6.834, 7.996, 8.937, 6.569, 5.233, 6.092, 5.717, 3.709, 3.462, 2.703, 2.014, 3.081, 5.374, 6.141, 6.737, 6.47, 7.035, 7.787, 7.491, 7.022, 6.033, 5.275, 6.273, 7.195, 7.281, 7.789, 8.222, 8.205, 8.337, 7.477, 6.469, 5.099, 4.841, 5.463, 6.023, 7.335, 6.981, 7.439, 7.261, 8.223, 9.66, 9.715, 10.109, 10.336, 9.058, 8.003, 8.434, 9.371, 9.938, 11.954, 12.452, 11.377, 9.804, 8.735, 8.451, 9.083, 8.416, 8.066, 8.323, 8.491], [2.349, 2.719, 3.202, 2.894, 3.373, 3.387, 3.679, 4.547, 5.6, 5.556, 3.965, 3.31, 4.052, 3.655, 2.137, 1.693, 2.041, 2.181, 2.006, 1.968, 1.766, 2.372, 3.816, 3.305, 2.102, 2.208, 2.401, 2.022, 1.523, 1.835, 3.259, 2.377, 0.0, 1.436, 1.451, 1.731, 3.137, 3.778, 4.26, 4.891, 5.583, 4.453, 1.958, 3.646, 2.304, 3.332, 3.71, 2.707, 4.035, 5.237, 6.28, 5.719, 5.03, 4.513, 4.34, 4.138, 4.097, 2.565, 1.95, 1.684, 2.882, 2.267, 1.135, 1.488, 1.894, 1.789, 3.661, 3.125, 3.259, 3.311, 6.171, 7.973, 6.359, 4.801, 6.17, 7.243, 6.64, 7.927, 10.399, 10.64, 8.834, 8.097, 7.563, 7.894, 9.267, 9.38, 8.951, 10.113, 11.054, 8.67, 7.384, 8.18, 7.854, 5.695, 5.036, 3.717, 2.105, 1.894, 3.78, 4.327, 4.869, 4.571, 5.141, 5.899, 5.622, 5.24, 4.382, 4.752, 5.895, 5.886, 5.53, 5.92, 6.385, 6.419, 6.807, 6.389, 5.709, 4.633, 3.723, 3.727, 3.945, 5.082, 4.765, 5.468, 5.026, 5.97, 7.459, 7.586, 8.002, 8.282, 6.956, 5.829, 6.248, 7.199, 7.783, 9.801, 10.281, 9.218, 7.685, 6.57, 6.272, 6.923, 6.261, 5.852, 6.156, 6.296], [1.67, 2.016, 2.329, 2.008, 2.502, 2.789, 3.034, 4.004, 5.128, 4.896, 3.398, 2.744, 3.258, 2.905, 1.915, 1.995, 2.242, 2.51, 2.332, 1.971, 1.583, 1.649, 3.32, 2.785, 2.056, 2.116, 2.35, 2.456, 1.926, 2.798, 4.025, 3.302, 1.436, 0.0, 1.109, 1.362, 2.451, 3.055, 3.76, 4.248, 4.799, 3.602, 1.52, 4.054, 2.826, 2.429, 2.968, 2.156, 3.31, 4.514, 5.584, 4.997, 4.291, 3.839, 3.593, 3.385, 3.346, 2.14, 1.67, 1.633, 2.141, 1.448, 1.465, 1.378, 1.662, 2.227, 4.129, 3.573, 3.658, 3.778, 6.622, 8.443, 6.826, 5.255, 6.637, 7.709, 7.128, 8.408, 10.882, 11.101, 9.289, 8.559, 8.018, 8.487, 9.746, 9.841, 9.417, 10.573, 11.514, 9.196, 7.993, 8.703, 8.43, 6.155, 5.481, 4.151, 2.641, 2.244, 3.114, 3.549, 3.894, 3.671, 4.335, 5.051, 4.716, 4.464, 3.878, 4.752, 5.832, 5.205, 4.813, 5.059, 5.5, 5.717, 6.199, 5.831, 5.346, 4.542, 3.426, 3.266, 3.082, 4.205, 3.944, 4.558, 4.238, 5.12, 6.772, 7.028, 7.529, 7.809, 6.444, 5.145, 5.703, 6.615, 7.337, 9.219, 9.796, 8.774, 7.244, 6.07, 5.723, 6.466, 5.604, 5.257, 5.633, 5.732], [1.507, 2.208, 2.393, 2.423, 3.024, 3.277, 3.497, 4.476, 5.534, 5.295, 3.797, 3.214, 3.702, 3.135, 2.097, 2.089, 1.83, 2.23, 2.173, 1.557, 1.396, 2.078, 3.773, 3.224, 2.339, 2.417, 2.61, 2.329, 1.781, 2.605, 3.636, 2.833, 1.451, 1.109, 0.0, 1.396, 2.696, 3.436, 4.013, 4.761, 5.178, 4.029, 1.407, 3.686, 2.433, 2.54, 3.41, 2.508, 3.535, 4.874, 5.859, 5.208, 4.499, 4.139, 3.847, 3.722, 3.741, 2.409, 1.747, 1.556, 2.455, 1.872, 1.38, 1.224, 1.663, 1.894, 3.601, 3.157, 3.196, 3.354, 6.192, 7.997, 6.383, 4.815, 6.159, 7.231, 6.657, 7.936, 10.406, 10.648, 8.877, 8.102, 7.612, 8.095, 9.333, 9.391, 8.976, 10.129, 11.065, 8.711, 7.527, 8.292, 8.016, 5.748, 5.091, 3.947, 2.356, 2.1, 3.21, 3.66, 4.178, 3.87, 4.48, 5.282, 4.949, 4.557, 3.898, 4.575, 5.628, 5.275, 4.922, 5.329, 5.775, 5.792, 6.19, 5.756, 5.219, 4.28, 3.241, 3.208, 3.344, 4.669, 4.327, 4.815, 4.611, 5.551, 7.124, 7.421, 8.008, 8.27, 6.878, 5.551, 6.158, 7.014, 7.78, 9.58, 10.167, 9.224, 7.696, 6.54, 6.191, 6.945, 6.051, 5.659, 6.031, 6.116], [1.572, 2.027, 2.521, 2.169, 2.599, 2.962, 3.012, 4.194, 5.197, 5.26, 3.708, 3.078, 3.894, 3.848, 2.678, 2.589, 2.159, 2.864, 2.684, 2.036, 1.615, 2.108, 3.562, 3.011, 2.247, 2.159, 2.372, 2.219, 1.878, 3.114, 4.268, 3.487, 1.731, 1.362, 1.396, 0.0, 2.09, 3.088, 3.674, 4.378, 5.027, 3.875, 2.04, 4.356, 3.181, 3.123, 3.458, 2.376, 3.791, 4.942, 5.946, 5.402, 4.759, 4.27, 4.078, 3.774, 3.742, 2.506, 2.415, 2.171, 2.539, 1.932, 2.018, 1.64, 1.665, 2.077, 3.921, 3.436, 3.515, 3.68, 6.559, 8.38, 6.811, 5.182, 6.576, 7.658, 7.047, 8.345, 10.82, 11.038, 9.228, 8.496, 7.959, 8.292, 9.679, 9.779, 9.347, 10.51, 11.452, 9.039, 7.947, 8.58, 8.275, 6.116, 5.562, 4.901, 2.936, 2.167, 2.51, 2.941, 3.495, 3.284, 3.935, 4.611, 4.285, 3.85, 3.183, 3.984, 5.08, 4.523, 4.149, 4.6, 5.012, 5.095, 5.499, 5.112, 4.614, 3.781, 2.61, 2.555, 2.944, 4.449, 4.174, 4.361, 4.373, 5.409, 7.023, 7.257, 7.624, 7.923, 6.527, 5.193, 5.779, 6.798, 7.358, 9.427, 9.873, 8.846, 7.287, 6.253, 5.823, 6.532, 5.862, 5.448, 5.718, 5.861], [2.275, 2.487, 3.141, 2.41, 2.391, 3.33, 3.162, 4.011, 4.809, 4.708, 4.072, 3.769, 4.172, 4.585, 4.054, 3.927, 3.484, 3.86, 3.768, 3.356, 2.746, 2.628, 3.162, 2.614, 2.433, 2.236, 2.745, 2.899, 3.112, 4.628, 5.896, 5.15, 3.137, 2.451, 2.696, 2.09, 0.0, 1.951, 2.822, 3.476, 3.837, 2.717, 2.877, 5.102, 4.213, 3.475, 3.425, 2.243, 3.249, 4.552, 5.221, 4.895, 4.413, 4.09, 3.871, 3.46, 2.96, 2.411, 3.029, 2.947, 2.375, 2.302, 3.197, 2.591, 2.409, 3.582, 4.998, 4.42, 4.257, 4.571, 7.335, 9.167, 7.607, 6.075, 7.42, 8.428, 7.834, 9.113, 11.588, 11.806, 9.995, 9.264, 8.746, 9.247, 10.526, 10.547, 10.137, 11.288, 12.22, 10.475, 9.544, 10.098, 9.555, 7.367, 6.387, 5.959, 4.331, 3.06, 2.607, 1.779, 2.392, 2.355, 2.96, 3.161, 2.791, 2.575, 2.107, 2.98, 3.889, 3.045, 2.688, 3.055, 3.501, 3.638, 4.019, 3.894, 3.46, 3.271, 2.085, 1.691, 1.767, 3.102, 2.956, 2.977, 3.072, 4.271, 6.037, 6.506, 7.018, 7.291, 5.906, 4.489, 4.992, 5.936, 6.585, 8.377, 9.034, 8.043, 6.533, 5.439, 5.182, 5.795, 4.867, 4.532, 5.027, 5.119], [3.698, 3.471, 4.578, 3.36, 2.245, 2.874, 2.854, 3.523, 4.201, 4.047, 3.743, 3.468, 3.98, 4.402, 4.192, 4.74, 4.837, 5.124, 4.973, 4.623, 3.902, 2.608, 2.621, 2.443, 2.54, 2.589, 2.879, 3.314, 3.915, 5.313, 6.778, 5.989, 3.778, 3.055, 3.436, 3.088, 1.951, 0.0, 1.182, 1.709, 2.304, 1.722, 3.743, 6.68, 5.43, 3.343, 3.234, 2.708, 3.006, 4.328, 4.547, 4.61, 4.29, 3.631, 3.827, 3.479, 2.618, 2.945, 3.783, 3.598, 2.708, 3.085, 4.104, 3.444, 3.179, 4.589, 6.597, 6.071, 5.945, 6.217, 9.245, 11.055, 9.448, 7.865, 9.26, 10.333, 9.733, 11.031, 13.505, 13.724, 11.912, 11.182, 10.643, 11.047, 12.381, 12.464, 12.032, 13.196, 14.138, 11.901, 10.75, 11.464, 11.084, 8.797, 8.116, 6.938, 5.469, 4.343, 4.061, 2.497, 2.931, 2.689, 2.548, 2.814, 2.438, 2.596, 2.619, 3.406, 4.275, 3.292, 2.578, 2.676, 2.832, 3.504, 4.097, 4.13, 4.167, 4.147, 2.887, 2.335, 1.482, 2.17, 1.816, 2.351, 1.928, 2.888, 4.388, 4.781, 5.258, 5.55, 4.237, 2.889, 3.211, 4.139, 4.794, 6.769, 7.266, 6.205, 4.695, 3.637, 3.468, 3.994, 3.135, 2.824, 3.419, 3.433], [4.519, 4.156, 5.482, 4.089, 2.663, 3.059, 2.748, 3.06, 3.724, 3.626, 3.787, 3.621, 4.011, 4.287, 4.495, 5.322, 5.637, 5.996, 5.813, 5.419, 4.682, 3.167, 2.609, 2.643, 2.963, 2.924, 3.051, 3.581, 4.307, 5.72, 7.164, 6.449, 4.26, 3.76, 4.013, 3.674, 2.822, 1.182, 0.0, 1.163, 2.012, 1.652, 4.554, 7.55, 6.204, 3.577, 3.391, 3.183, 2.984, 4.123, 4.072, 4.15, 4.074, 3.666, 4.085, 3.827, 3.111, 3.703, 4.586, 3.998, 3.333, 3.769, 4.608, 4.054, 3.585, 5.035, 7.436, 6.845, 6.766, 7.048, 10.108, 11.901, 10.278, 8.728, 10.124, 11.188, 10.591, 11.891, 14.363, 14.587, 12.775, 12.045, 11.505, 11.861, 13.223, 13.328, 12.896, 14.059, 15.001, 12.586, 11.239, 12.082, 11.829, 9.628, 8.975, 7.573, 5.862, 5.104, 4.801, 3.1, 3.417, 3.232, 2.702, 2.668, 2.221, 3.005, 3.221, 4.08, 4.904, 3.867, 2.895, 2.899, 2.941, 3.709, 4.585, 4.672, 4.825, 4.829, 3.673, 3.142, 1.975, 2.098, 1.603, 2.225, 1.707, 2.597, 3.659, 4.039, 4.486, 4.767, 3.551, 2.258, 2.397, 3.357, 4.114, 6.038, 6.512, 5.418, 3.885, 2.836, 2.654, 3.141, 2.4, 2.213, 2.698, 2.708], [5.168, 4.689, 6.099, 4.248, 2.518, 2.938, 2.723, 2.836, 3.563, 3.51, 3.614, 3.442, 3.822, 4.18, 4.625, 5.589, 6.301, 6.632, 6.428, 6.105, 5.377, 3.12, 2.403, 2.576, 3.219, 3.381, 3.459, 4.258, 4.966, 6.331, 7.831, 7.035, 4.891, 4.248, 4.761, 4.378, 3.476, 1.709, 1.163, 0.0, 1.538, 1.489, 5.12, 8.226, 6.89, 3.418, 3.19, 3.206