[[0.0, 1.349, 2.148, 2.951, 3.444, 2.503, 1.815, 2.108, 2.586, 2.547, 2.619, 1.984, 2.232, 2.697, 2.804, 3.167, 3.53, 6.922, 12.347, 14.013, 14.029, 12.539, 10.87, 10.95, 10.778, 9.787, 9.6, 10.474, 12.067, 10.569, 6.708, 5.34, 6.28, 6.292, 4.412, 4.432, 4.767, 3.964, 3.074, 2.68, 2.576, 2.215, 2.101, 2.56, 2.478, 2.387, 3.903, 5.25, 6.943, 8.272, 9.111, 9.051, 8.745, 8.581, 9.468, 12.251, 15.883, 15.496, 14.457, 16.034, 16.23, 13.015, 9.832, 8.662, 7.924, 7.88, 6.137, 5.292, 6.373, 6.155, 4.667, 3.541, 3.043, 2.804, 2.614, 1.578, 3.636, 4.262, 3.536, 1.89, 2.146, 4.259, 5.436, 5.181, 4.426, 3.42, 4.185, 5.528, 5.304, 3.874, 4.659, 6.373, 4.464, 4.726, 6.344, 6.566, 5.907, 4.951, 4.627, 5.016, 5.578, 4.807, 3.649, 3.27, 3.717, 3.271, 3.21, 4.069, 4.236, 4.133, 4.214, 4.334, 4.543, 5.31, 7.525, 8.842, 9.778, 11.977, 13.371, 13.478, 14.206, 15.1, 15.27, 15.463, 16.055, 16.513, 16.425, 16.143, 16.105, 16.009, 15.293, 15.121, 14.362, 13.797, 14.198, 15.196, 15.662, 16.003, 16.384, 15.946, 15.227, 15.71, 15.752, 14.862, 13.275, 11.863], [1.349, 0.0, 1.391, 2.271, 2.857, 2.373, 1.824, 2.271, 2.534, 2.522, 2.659, 2.423, 2.367, 2.383, 2.422, 2.606, 3.038, 6.51, 11.936, 13.61, 13.626, 12.127, 10.47, 10.534, 10.395, 9.395, 9.2, 10.043, 11.655, 10.157, 6.305, 4.93, 5.868, 5.873, 3.989, 4.034, 4.348, 3.56, 2.987, 2.813, 3.098, 2.857, 2.324, 2.622, 2.025, 2.406, 3.524, 4.845, 6.531, 7.86, 8.699, 8.64, 8.333, 8.185, 9.057, 11.839, 15.471, 15.085, 14.045, 15.622, 15.818, 12.604, 9.437, 8.263, 7.513, 7.466, 5.734, 4.872, 5.961, 5.743, 4.214, 3.115, 2.643, 2.48, 2.309, 2.069, 3.818, 4.425, 3.688, 2.237, 2.33, 4.534, 5.61, 5.403, 4.645, 3.551, 3.748, 5.181, 4.894, 3.449, 4.27, 5.928, 3.925, 4.62, 6.353, 6.6, 5.868, 5.072, 4.695, 5.082, 5.428, 4.245, 3.385, 2.844, 3.222, 3.006, 2.856, 3.347, 3.529, 3.437, 3.852, 3.862, 4.061, 5.228, 7.687, 9.002, 10.109, 12.308, 13.763, 13.871, 14.584, 15.515, 15.664, 15.872, 16.47, 16.922, 16.845, 16.537, 16.52, 16.405, 15.59, 15.384, 14.682, 14.073, 14.412, 15.477, 15.936, 16.284, 16.618, 16.277, 15.625, 16.079, 16.144, 15.211, 13.679, 12.267], [2.148, 1.391, 0.0, 1.436, 2.219, 1.831, 1.79, 2.041, 2.258, 2.205, 2.575, 2.423, 2.334, 2.11, 1.862, 1.937, 3.048, 6.377, 11.702, 13.507, 13.521, 11.884, 10.282, 10.409, 10.205, 9.295, 8.98, 9.884, 11.407, 9.956, 6.208, 4.825, 5.795, 5.92, 4.167, 4.184, 4.516, 3.85, 3.898, 3.775, 3.9, 3.489, 2.854, 3.034, 2.675, 2.638, 3.67, 4.766, 6.267, 7.63, 8.539, 8.436, 8.096, 8.052, 8.929, 11.686, 15.207, 14.817, 13.835, 15.371, 15.618, 12.429, 9.348, 8.095, 7.31, 7.455, 5.691, 4.88, 5.803, 5.528, 3.957, 2.913, 2.582, 2.588, 2.551, 2.376, 3.793, 4.382, 3.534, 2.62, 2.393, 4.211, 5.017, 5.014, 4.156, 2.88, 2.778, 4.516, 4.33, 2.645, 3.31, 4.875, 2.906, 3.733, 5.69, 5.866, 5.073, 4.362, 3.945, 4.241, 4.488, 3.295, 2.789, 2.282, 2.542, 2.602, 2.526, 2.347, 2.729, 2.695, 3.196, 3.214, 3.585, 5.021, 7.405, 8.848, 10.093, 12.345, 13.844, 13.922, 14.633, 15.566, 15.767, 15.951, 16.489, 17.022, 16.936, 16.623, 16.478, 16.443, 15.573, 15.022, 14.622, 13.716, 14.119, 15.207, 15.716, 15.966, 16.292, 16.204, 15.743, 16.163, 16.225, 15.348, 13.823, 12.389], [2.951, 2.271, 1.436, 0.0, 1.692, 1.733, 2.022, 2.037, 1.963, 2.156, 2.659, 2.807, 2.589, 2.512, 2.197, 2.378, 3.553, 6.533, 12.012, 13.643, 13.631, 12.24, 10.854, 11.072, 10.845, 9.892, 9.634, 10.397, 11.829, 10.404, 6.715, 5.479, 6.07, 5.963, 4.458, 4.4, 4.64, 4.289, 4.484, 4.344, 4.376, 3.705, 3.258, 3.475, 2.879, 3.035, 4.107, 4.875, 6.644, 8.043, 8.737, 8.664, 8.569, 8.635, 9.382, 11.987, 15.52, 15.293, 14.164, 15.775, 15.858, 12.628, 9.427, 8.258, 7.734, 7.508, 5.769, 4.956, 6.033, 5.83, 4.525, 3.558, 2.988, 2.909, 2.936, 2.737, 3.482, 3.924, 3.094, 2.785, 2.771, 4.135, 4.714, 4.583, 3.811, 2.603, 2.769, 4.835, 4.939, 3.215, 3.669, 4.718, 2.634, 3.067, 4.929, 5.282, 4.369, 3.608, 3.139, 3.399, 3.629, 2.6, 2.245, 1.849, 2.747, 2.709, 2.201, 1.815, 1.778, 2.006, 2.476, 2.573, 2.781, 4.248, 6.589, 8.064, 9.473, 11.697, 13.225, 13.418, 14.088, 15.012, 15.225, 15.405, 15.947, 16.408, 16.354, 16.098, 15.959, 15.842, 14.921, 14.628, 14.066, 13.157, 13.41, 14.864, 15.241, 15.312, 15.716, 15.56, 15.144, 15.536, 15.64, 14.69, 13.207, 11.755], [3.444, 2.857, 2.219, 1.692, 0.0, 1.614, 2.648, 2.535, 2.025, 2.11, 2.681, 2.91, 2.237, 1.997, 1.931, 2.066, 3.376, 5.877, 11.115, 12.645, 12.668, 11.396, 10.165, 10.358, 10.223, 9.263, 9.151, 9.756, 10.973, 9.686, 6.465, 5.326, 5.741, 5.258, 4.299, 4.396, 4.538, 4.37, 4.5, 4.324, 4.475, 3.876, 3.521, 3.642, 3.662, 3.326, 4.06, 4.6, 5.905, 7.248, 7.873, 7.762, 7.682, 7.872, 8.617, 11.254, 14.627, 14.407, 13.216, 15.017, 14.972, 11.75, 8.542, 7.292, 6.956, 6.815, 5.278, 4.51, 5.628, 5.207, 4.255, 3.056, 2.629, 2.854, 2.896, 2.987, 4.322, 4.826, 4.048, 3.366, 3.487, 5.038, 5.517, 5.433, 4.738, 3.078, 2.096, 3.942, 4.299, 2.771, 2.983, 3.998, 2.063, 3.513, 5.697, 5.782, 4.673, 3.686, 3.686, 3.931, 3.749, 2.803, 2.431, 2.139, 2.678, 2.776, 2.222, 1.569, 1.959, 3.07, 3.49, 3.478, 3.496, 4.846, 7.365, 8.873, 10.332, 12.578, 14.109, 14.364, 14.862, 15.754, 16.005, 16.114, 16.651, 17.222, 17.065, 16.884, 16.673, 16.569, 15.645, 15.376, 14.838, 13.785, 14.039, 15.655, 15.911, 15.966, 16.378, 16.3, 15.862, 16.271, 16.379, 15.446, 13.928, 12.484], [2.503, 2.373, 1.831, 1.733, 1.614, 0.0, 1.767, 1.876, 1.318, 1.43, 2.011, 1.819, 1.852, 1.792, 1.534, 1.939, 2.955, 6.222, 11.858, 13.418, 13.36, 12.071, 10.76, 10.97, 10.74, 9.819, 9.529, 10.301, 11.615, 10.134, 6.142, 5.02, 5.865, 5.638, 3.895, 3.953, 4.292, 3.842, 3.726, 3.447, 3.492, 2.994, 2.692, 2.775, 3.097, 2.604, 3.551, 4.739, 6.439, 7.86, 8.564, 8.47, 8.282, 8.511, 9.229, 11.835, 15.19, 15.012, 13.927, 15.651, 15.613, 12.312, 9.163, 7.982, 7.449, 7.279, 5.448, 4.632, 5.669, 5.513, 4.027, 3.082, 2.341, 2.26, 2.279, 2.228, 3.697, 4.14, 3.389, 2.658, 2.808, 4.453, 4.955, 4.827, 4.118, 2.836, 2.387, 4.547, 4.795, 2.958, 3.588, 4.673, 2.54, 3.556, 5.413, 5.529, 4.689, 3.979, 3.503, 3.762, 3.906, 3.116, 2.455, 1.864, 2.566, 2.1, 2.111, 2.171, 2.657, 2.59, 2.941, 3.141, 3.12, 4.447, 6.936, 8.437, 9.88, 12.033, 13.572, 13.639, 14.192, 15.147, 15.46, 15.58, 16.032, 16.683, 16.517, 16.329, 16.014, 16.065, 15.187, 14.754, 14.17, 13.317, 13.585, 15.099, 15.383, 15.604, 15.845, 15.808, 15.264, 15.658, 15.742, 14.813, 13.377, 11.967], [1.815, 1.824, 1.79, 2.022, 2.648, 1.767, 0.0, 1.15, 1.706, 2.113, 2.575, 2.212, 2.617, 2.753, 2.636, 3.08, 4.074, 7.53, 12.903, 14.654, 14.67, 13.083, 11.635, 11.863, 11.638, 10.703, 10.454, 11.3, 12.638, 11.142, 7.3, 5.925, 6.913, 6.987, 5.107, 5.122, 5.466, 4.688, 4.032, 3.602, 3.549, 2.771, 2.622, 3.163, 2.462, 2.693, 4.536, 5.911, 7.51, 8.864, 9.7, 9.623, 9.322, 9.386, 10.25, 12.871, 16.426, 16.063, 15.026, 16.646, 16.801, 13.586, 10.501, 9.288, 8.497, 8.563, 6.811, 5.975, 6.953, 6.712, 5.185, 4.089, 3.513, 3.395, 3.282, 1.964, 3.039, 3.423, 2.856, 1.738, 1.733, 3.557, 4.515, 3.958, 3.296, 2.313, 3.603, 5.576, 5.706, 3.95, 4.591, 5.739, 3.568, 3.401, 5.178, 5.126, 4.444, 3.725, 3.46, 3.736, 4.033, 3.563, 2.478, 2.499, 3.215, 2.635, 2.572, 3.149, 3.377, 2.962, 2.967, 3.183, 3.348, 3.938, 6.378, 7.755, 8.949, 11.058, 12.524, 12.574, 13.236, 14.134, 14.342, 14.539, 15.088, 15.624, 15.516, 15.195, 15.124, 15.082, 14.251, 13.84, 13.265, 12.549, 12.901, 14.05, 14.38, 14.779, 15.011, 14.914, 14.311, 14.724, 14.804, 13.915, 12.395, 10.959], [2.108, 2.271, 2.041, 2.037, 2.535, 1.876, 1.15, 0.0, 1.344, 1.947, 2.557, 2.067, 2.319, 2.7, 2.691, 3.03, 4.006, 7.483, 13.006, 14.573, 14.589, 13.26, 11.955, 12.188, 11.957, 11.012, 10.724, 11.529, 12.809, 11.381, 7.417, 6.101, 6.989, 6.865, 5.069, 5.124, 5.43, 4.693, 4.107, 3.697, 3.493, 2.677, 2.924, 3.178, 2.462, 2.643, 4.548, 5.962, 7.754, 9.095, 9.769, 9.662, 9.535, 9.699, 10.45, 12.962, 16.534, 16.263, 15.079, 16.879, 16.887, 13.575, 10.385, 9.221, 8.727, 8.521, 6.704, 5.861, 7.0, 6.811, 5.42, 4.358, 3.626, 3.31, 3.222, 1.848, 2.721, 3.149, 2.557, 1.776, 1.823, 3.56, 4.372, 3.979, 3.147, 2.401, 3.964, 5.937, 6.059, 4.31, 4.998, 6.041, 3.867, 3.466, 5.049, 5.076, 4.44, 3.458, 3.352, 3.609, 3.979, 3.563, 2.229, 2.425, 3.439, 2.881, 2.402, 2.954, 3.145, 2.924, 2.849, 3.138, 3.16, 3.698, 5.899, 7.301, 8.54, 10.773, 12.282, 12.493, 13.018, 13.895, 14.122, 14.268, 14.814, 15.382, 15.221, 14.99, 14.833, 14.768, 13.861, 13.634, 12.986, 12.16, 12.472, 13.889, 14.133, 14.403, 14.735, 14.504, 14.021, 14.434, 14.527, 13.602, 12.084, 10.638], [2.586, 2.534, 2.258, 1.963, 2.025, 1.318, 1.706, 1.344, 0.0, 1.239, 1.911, 1.995, 2.082, 2.196, 2.04, 2.566, 3.62, 7.086, 12.634, 14.165, 14.191, 12.904, 11.608, 11.809, 11.604, 10.656, 10.385, 11.2, 12.483, 11.033, 7.027, 5.791, 6.668, 6.267, 4.516, 4.574, 4.898, 4.29, 3.829, 3.508, 3.478, 2.775, 2.97, 3.025, 2.994, 2.71, 4.187, 5.575, 7.372, 8.75, 9.397, 9.284, 9.185, 9.341, 10.121, 12.637, 16.15, 15.912, 14.731, 16.522, 16.494, 13.168, 9.917, 8.78, 8.351, 8.02, 6.25, 5.306, 6.619, 6.425, 5.036, 3.978, 3.243, 2.987, 2.78, 2.19, 3.108, 3.561, 2.804, 2.215, 2.573, 4.012, 4.663, 4.375, 3.598, 2.528, 3.32, 5.478, 5.688, 3.838, 4.429, 5.179, 3.173, 3.518, 5.145, 5.12, 4.459, 3.631, 3.436, 3.604, 3.874, 3.135, 2.021, 1.761, 2.56, 2.056, 1.643, 2.287, 2.705, 2.734, 2.888, 3.034, 2.727, 3.709, 6.016, 7.546, 8.883, 11.129, 12.679, 13.01, 13.49, 14.374, 14.556, 14.665, 15.256, 15.779, 15.588, 15.475, 15.336, 15.193, 14.176, 14.175, 13.516, 12.681, 12.853, 14.475, 14.656, 14.805, 15.166, 14.853, 14.387, 14.789, 14.94, 13.968, 12.482, 11.027], [2.547, 2.522, 2.205, 2.156, 2.11, 1.43, 2.113, 1.947, 1.239, 0.0, 1.205, 1.663, 1.693, 2.006, 1.875, 2.293, 3.118, 6.449, 12.026, 13.588, 13.545, 12.288, 11.005, 11.19, 10.983, 10.023, 9.743, 10.537, 11.856, 10.429, 6.408, 5.27, 6.04, 5.578, 3.702, 3.781, 4.105, 3.612, 3.259, 2.939, 3.168, 2.926, 2.732, 2.582, 3.2, 2.519, 3.491, 4.907, 6.723, 8.125, 8.722, 8.613, 8.591, 8.715, 9.474, 12.015, 15.523, 15.32, 14.148, 15.907, 15.88, 12.523, 9.276, 8.137, 7.76, 7.424, 5.605, 4.652, 5.971, 5.787, 4.466, 3.416, 2.722, 2.398, 2.168, 2.207, 3.693, 3.979, 3.289, 2.754, 3.001, 4.681, 5.21, 5.119, 4.256, 3.044, 2.886, 4.915, 5.045, 3.309, 3.882, 5.05, 3.207, 4.127, 5.733, 5.731, 5.065, 4.365, 3.917, 4.11, 4.443, 3.487, 2.517, 2.088, 2.763, 2.219, 2.099, 2.584, 3.073, 3.111, 3.33, 3.347, 3.074, 4.289, 6.611, 8.074, 9.473, 11.7, 13.301, 13.665, 14.197, 15.084, 15.203, 15.343, 15.892, 16.364, 16.211, 16.168, 16.009, 15.814, 14.843, 14.97, 14.265, 13.407, 13.497, 15.238, 15.414, 15.578, 15.848, 15.479, 14.991, 15.416, 15.548, 14.573, 13.114, 11.661], [2.619, 2.659, 2.575, 2.659, 2.681, 2.011, 2.575, 2.557, 1.911, 1.205, 0.0, 1.53, 1.895, 2.051, 2.088, 2.607, 3.275, 6.256, 11.74, 13.352, 13.361, 12.023, 10.714, 10.897, 10.689, 9.728, 9.478, 10.269, 11.615, 10.184, 6.154, 4.979, 5.754, 5.388, 3.393, 3.327, 3.644, 3.128, 2.821, 2.532, 2.855, 2.96, 2.741, 2.804, 3.566, 2.978, 3.252, 4.695, 6.457, 7.843, 8.492, 8.418, 8.35, 8.434, 9.214, 11.744, 15.302, 15.085, 13.911, 15.616, 15.647, 12.349, 9.106, 7.971, 7.517, 7.179, 5.436, 4.493, 5.772, 5.578, 4.215, 3.291, 2.79, 2.646, 2.386, 2.587, 4.153, 4.338, 3.697, 3.039, 3.346, 5.076, 5.672, 5.694, 4.777, 3.634, 3.074, 4.697, 4.759, 3.166, 3.591, 5.097, 3.568, 4.902, 6.467, 6.475, 5.833, 5.034, 4.679, 4.886, 5.272, 4.246, 3.215, 2.698, 3.006, 2.407, 2.602, 3.306, 3.763, 3.767, 4.067, 4.036, 3.882, 4.783, 7.249, 8.623, 9.956, 11.988, 13.521, 14.013, 14.61, 15.418, 15.45, 15.61, 16.287, 16.665, 16.59, 16.447, 16.498, 16.299, 15.32, 15.565, 14.803, 14.045, 14.151, 15.776, 15.931, 16.176, 16.438, 16.057, 15.325, 15.759, 15.912, 14.875, 13.413, 12.027], [1.984, 2.423, 2.423, 2.807, 2.91, 1.819, 2.212, 2.067, 1.995, 1.663, 1.53, 0.0, 1.303, 1.749, 1.968, 2.429, 3.0, 6.176, 11.793, 13.406, 13.309, 12.04, 10.748, 10.945, 10.726, 9.82, 9.508, 10.302, 11.59, 10.166, 5.997, 4.914, 5.82, 5.529, 3.764, 3.782, 4.172, 3.506, 2.965, 2.393, 2.461, 2.578, 2.243, 2.565, 3.025, 2.374, 3.329, 4.748, 6.445, 7.861, 8.503, 8.391, 8.294, 8.499, 9.261, 11.785, 15.144, 15.028, 13.88, 15.631, 15.613, 12.224, 9.064, 7.89, 7.481, 7.317, 5.41, 4.568, 5.61, 5.469, 4.085, 3.149, 2.504, 2.397, 2.355, 1.732, 3.375, 3.976, 3.385, 2.324, 2.45, 4.222, 5.172, 5.053, 4.197, 3.481, 3.307, 4.758, 4.954, 3.397, 4.009, 5.551, 3.896, 4.838, 6.467, 6.391, 5.763, 4.849, 4.439, 4.73, 5.057, 4.174, 3.184, 2.796, 3.193, 2.514, 2.66, 3.287, 3.697, 3.782, 3.997, 4.027, 3.978, 4.999, 7.284, 8.608, 9.854, 12.025, 13.604, 13.73, 14.284, 15.157, 15.477, 15.581, 15.994, 16.699, 16.496, 16.359, 15.989, 16.074, 15.196, 14.858, 14.233, 13.32, 13.777, 15.251, 15.445, 15.733, 15.987, 15.792, 15.238, 15.662, 15.723, 14.811, 13.365, 11.969], [2.232, 2.367, 2.334, 2.589, 2.237, 1.852, 2.617, 2.319, 2.082, 1.693, 1.895, 1.303, 0.0, 1.149, 1.603, 1.77, 2.387, 5.605, 11.185, 12.734, 12.625, 11.452, 10.201, 10.365, 10.13, 9.285, 8.946, 9.717, 11.064, 9.624, 5.657, 4.465, 5.528, 5.171, 3.585, 3.73, 4.078, 3.726, 3.122, 2.677, 2.864, 2.998, 2.766, 2.776, 3.06, 2.463, 3.032, 4.28, 5.881, 7.314, 7.88, 7.767, 7.734, 7.903, 8.738, 11.27, 14.563, 14.443, 13.284, 15.048, 14.991, 11.651, 8.484, 7.207, 7.029, 6.894, 4.951, 4.132, 5.13, 4.886, 3.578, 2.543, 1.762, 1.964, 1.991, 2.032, 3.862, 4.47, 3.77, 2.788, 2.841, 4.582, 5.168, 5.383, 4.557, 3.329, 2.923, 4.322, 4.45, 3.016, 3.706, 5.31, 3.378, 4.466, 6.361, 6.139, 5.419, 4.539, 4.548, 4.462, 4.667, 3.648, 2.79, 2.49, 2.626, 2.479, 2.574, 2.663, 3.198, 3.882, 4.189, 4.068, 3.971, 5.223, 7.68, 8.958, 10.401, 12.598, 14.208, 14.372, 14.885, 15.757, 16.11, 16.194, 16.559, 17.302, 17.067, 16.979, 16.54, 16.59, 15.737, 15.348, 14.798, 13.633, 14.082, 15.646, 15.916, 16.061, 16.393, 16.357, 15.838, 16.259, 16.312, 15.428, 14.014, 12.595], [2.697, 2.383, 2.11, 2.512, 1.997, 1.792, 2.753, 2.7, 2.196, 2.006, 2.051, 1.749, 1.149, 0.0, 1.044, 1.274, 2.26, 5.386, 10.753, 12.452, 12.394, 11.031, 9.772, 9.922, 9.664, 8.85, 8.488, 9.332, 10.621, 9.228, 5.323, 4.139, 5.274, 5.013, 3.465, 3.614, 3.92, 3.534, 3.218, 3.185, 3.297, 3.267, 2.768, 2.945, 3.137, 2.578, 2.972, 4.077, 5.413, 6.857, 7.538, 7.395, 7.292, 7.472, 8.325, 10.964, 14.105, 13.97, 12.859, 14.614, 14.615, 11.383, 8.281, 6.931, 6.609, 6.673, 4.808, 3.986, 4.865, 4.467, 3.173, 2.098, 1.543, 2.009, 2.084, 2.398, 4.342, 4.989, 4.216, 3.21, 3.219, 4.856, 5.359, 5.673, 4.794, 3.189, 2.228, 3.849, 4.094, 2.521, 3.134, 4.528, 2.668, 4.318, 6.51, 6.146, 5.373, 4.577, 4.569, 4.494, 4.52, 3.442, 2.669, 2.491, 2.133, 2.228, 2.543, 2.284, 3.021, 3.764, 4.197, 4.132, 4.047, 5.411, 7.902, 9.388, 10.821, 13.024, 14.578, 14.682, 15.238, 16.137, 16.49, 16.574, 16.983, 17.707, 17.504, 17.353, 16.959, 17.007, 16.118, 15.588, 15.16, 13.98, 14.437, 15.93, 16.231, 16.437, 16.679, 16.743, 16.271, 16.643, 16.739, 15.845, 14.413, 13.013], [2.804, 2.422, 1.862, 2.197, 1.931, 1.534, 2.636, 2.691, 2.04, 1.875, 2.088, 1.968, 1.603, 1.044, 0.0, 1.109, 2.195, 5.306, 10.729, 12.389, 12.402, 10.971, 9.668, 9.853, 9.634, 8.747, 8.422, 9.239, 10.539, 9.099, 5.246, 3.915, 5.011, 4.95, 3.308, 3.429, 3.729, 3.38, 3.415, 3.331, 3.508, 3.264, 2.689, 2.859, 3.2, 2.563, 2.877, 3.878, 5.404, 6.788, 7.502, 7.387, 7.217, 7.42, 8.22, 10.774, 14.175, 13.945, 12.799, 14.571, 14.538, 11.364, 8.264, 6.978, 6.494, 6.496, 4.723, 3.882, 4.816, 4.455, 3.098, 2.116, 1.653, 2.056, 2.035, 2.407, 4.287, 4.937, 4.045, 3.071, 3.063, 4.749, 5.301, 5.474, 4.742, 3.204, 2.022, 3.707, 3.93, 2.319, 2.926, 4.163, 2.498, 4.192, 6.233, 6.034, 5.256, 4.576, 4.347, 4.36, 4.593, 3.404, 2.747, 2.155, 1.912, 1.959, 2.358, 2.178, 2.853, 3.335, 3.809, 3.778, 3.789, 5.298, 7.834, 9.36, 10.795, 13.001, 14.508, 14.621, 15.146, 16.092, 16.402, 16.5, 17.028, 17.67, 17.484, 17.262, 17.003, 16.989, 16.078, 15.568, 15.127, 14.038, 14.436, 15.867, 16.167, 16.382, 16.656, 16.733, 16.292, 16.687, 16.774, 15.879, 14.375, 12.972], [3.167, 2.606, 1.937, 2.378, 2.066, 1.939, 3.08, 3.03, 2.566, 2.293, 2.607, 2.429, 1.77, 1.274, 1.109, 0.0, 1.779, 4.778, 10.204, 11.825, 11.788, 10.488, 9.252, 9.45, 9.218, 8.341, 8.011, 8.814, 10.103, 8.743, 4.955, 3.692, 4.704, 4.442, 2.882, 3.003, 3.309, 3.054, 3.421, 3.405, 3.657, 3.588, 2.965, 2.945, 3.27, 2.637, 2.927, 3.505, 4.924, 6.373, 6.981, 6.806, 6.762, 6.96, 7.802, 10.417, 13.59, 13.491, 12.291, 14.088, 14.039, 10.81, 7.747, 6.34, 6.108, 6.087, 4.245, 3.407, 4.382, 3.931, 2.698, 1.874, 1.603, 2.005, 1.964, 2.645, 4.471, 5.155, 4.321, 3.376, 3.49, 5.191, 5.793, 6.022, 5.338, 3.649, 1.932, 3.359, 3.464, 1.963, 2.797, 4.068, 2.495, 4.49, 6.772, 6.666, 5.803, 5.056, 4.878, 4.851, 4.897, 3.598, 3.003, 2.733, 2.246, 2.463, 2.792, 2.034, 2.841, 3.461, 4.154, 4.114, 4.267, 5.903, 8.395, 9.927, 11.309, 13.54, 15.085, 15.234, 15.778, 16.653, 16.999, 17.085, 17.515, 18.194, 18.012, 17.861, 17.489, 17.516, 16.639, 16.165, 15.685, 14.486, 14.957, 16.486, 16.763, 16.951, 17.248, 17.259, 16.782, 17.167, 17.264, 16.353, 14.904, 13.48], [3.53, 3.038, 3.048, 3.553, 3.376, 2.955, 4.074, 4.006, 3.62, 3.118, 3.275, 3.0, 2.387, 2.26, 2.195, 1.779, 0.0, 3.614, 9.325, 10.846, 10.729, 9.606, 8.35, 8.582, 8.352, 7.422, 7.121, 7.896, 9.183, 7.741, 3.769, 2.714, 3.534, 3.106, 1.695, 2.061, 2.173, 2.165, 2.454, 2.499, 3.428, 3.932, 3.111, 2.331, 2.868, 2.464, 1.998, 2.385, 4.041, 5.451, 6.021, 5.928, 5.879, 6.102, 6.824, 9.373, 12.706, 12.617, 11.417, 13.221, 13.13, 9.687, 6.53, 5.371, 5.097, 4.926, 2.923, 2.213, 3.21, 3.026, 2.14, 1.993, 1.6, 1.471, 1.555, 2.935, 5.29, 5.911, 5.212, 4.173, 4.484, 6.383, 7.049, 7.16, 6.514, 5.073, 3.147, 3.842, 3.676, 2.737, 3.632, 5.175, 4.006, 6.111, 8.004, 8.035, 7.243, 6.492, 6.161, 6.274, 6.44, 5.185, 4.435, 3.881, 3.585, 3.636, 3.922, 3.512, 3.957, 4.616, 5.282, 5.198, 5.308, 6.992, 9.45, 10.94, 12.318, 14.547, 16.168, 16.347, 16.881, 17.741, 18.069, 18.16, 18.508, 19.207, 19.004, 18.934, 18.535, 18.553, 17.702, 17.358, 16.779, 15.676, 16.038, 17.709, 17.917, 18.087, 18.419, 18.302, 17.768, 18.199, 18.233, 17.356, 15.905, 14.461], [6.922, 6.51, 6.377, 6.533, 5.877, 6.222, 7.53, 7.483, 7.086, 6.449, 6.256, 6.176, 5.605, 5.386, 5.306, 4.778, 3.614, 0.0, 5.736, 7.274, 7.204, 6.017, 4.784, 5.021, 4.808, 3.978, 4.123, 4.433, 5.599, 4.221, 2.098, 2.186, 1.766, 1.7, 3.279, 3.578, 2.874, 3.585, 4.684, 5.249, 6.598, 7.215, 6.003, 4.892, 5.695, 5.261, 3.475, 2.161, 2.078, 2.127, 2.631, 2.633, 2.502, 2.904, 3.346, 5.819, 9.116, 9.028, 7.828, 9.638, 9.541, 6.288, 3.27, 2.478, 2.42, 2.46, 2.13, 2.373, 1.89, 2.199, 3.082, 4.08, 4.227, 4.24, 4.41, 6.281, 8.751, 9.432, 8.671, 7.63, 7.922, 9.786, 10.353, 10.554, 9.942, 8.342, 5.599, 4.243, 3.801, 4.707, 4.961, 5.832, 6.131, 9.047, 11.207, 11.251, 10.155, 9.353, 8.986, 9.243, 9.23, 7.981, 7.673, 7.19, 6.725, 6.956, 7.343, 6.257, 6.672, 7.848, 8.629, 8.543, 8.725, 10.402, 12.884, 14.37, 15.835, 18.066, 19.643, 19.818, 20.346, 21.214, 21.55, 21.638, 22.028, 22.711, 22.535, 22.414, 22.019, 22.06, 21.179, 20.782, 20.248, 19.1, 19.488, 21.097, 21.354, 21.521, 21.823, 21.779, 21.305, 21.689, 21.765, 20.846, 19.415, 17.992], [12.347, 11.936, 11.702, 12.012, 11.115, 11.858, 12.903, 13.006, 12.634, 12.026, 11.74, 11.793, 11.185, 10.753, 10.729, 10.204, 9.325, 5.736, 0.0, 2.305, 2.472, 1.823, 2.258, 2.34, 2.374, 3.251, 3.6, 3.3, 2.487, 2.597, 5.94, 7.08, 6.072, 6.786, 8.924, 9.12, 8.441, 9.151, 10.374, 10.985, 12.288, 12.825, 11.532, 10.394, 11.06, 10.685, 8.624, 7.175, 5.536, 4.131, 3.348, 3.504, 3.766, 3.864, 2.993, 1.969, 3.699, 3.483, 2.805, 4.378, 4.47, 2.437, 3.035, 4.153, 4.622, 4.728, 6.653, 7.554, 6.244, 6.358, 8.058, 9.035, 9.585, 9.89, 9.951, 11.818, 14.435, 15.168, 14.275, 13.096, 13.327, 15.191, 15.813, 15.994, 15.353, 13.379, 10.321, 7.768, 7.58, 9.535, 9.391, 9.077, 10.937, 14.12, 16.635, 16.569, 15.429, 14.475, 14.438, 14.682, 14.305, 12.983, 12.809, 12.72, 11.92, 12.34, 12.822, 11.561, 12.162, 13.465, 14.156, 14.049, 14.318, 15.894, 18.379, 19.877, 21.35, 23.573, 25.091, 25.232, 25.844, 26.766, 27.006, 27.166, 27.656, 28.237, 28.15, 27.869, 27.654, 27.583, 26.663, 26.199, 25.811, 24.64, 24.97, 26.405, 26.794, 26.929, 27.184, 27.31, 26.941, 27.349, 27.421, 26.55, 25.03, 23.575], [14.013, 13.61, 13.507, 13.643, 12.645, 13.418, 14.654, 14.573, 14.165, 13.588, 13.352, 13.406, 12.734, 12.452, 12.389, 11.825, 10.846, 7.274, 2.305, 0.0, 0.914, 1.937, 3.366, 3.764, 4.008, 4.471, 4.847, 4.016, 2.469, 3.6, 7.579, 8.804, 7.791, 8.266, 10.403, 10.599, 9.921, 10.653, 11.854, 12.464, 13.767, 14.307, 13.048, 11.882, 12.673, 12.28, 10.222, 8.818, 7.405, 5.928, 5.047, 5.199, 5.54, 5.888, 4.664, 2.112, 1.997, 2.054, 1.416, 2.802, 2.841, 1.88, 4.488, 5.7, 6.267, 6.244, 8.133, 9.034, 7.849, 8.075, 9.848, 10.804, 11.329, 11.403, 11.549, 13.372, 15.914, 16.647, 15.79, 14.728, 15.056, 16.915, 17.499, 17.674, 17.078, 15.229, 12.123, 9.637, 9.549, 11.497, 11.394, 11.164, 12.815, 15.948, 18.292, 18.337, 17.199, 16.123, 16.108, 16.329, 16.041, 14.704, 14.453, 14.272, 13.739, 14.043, 14.391, 13.158, 13.662, 14.998, 15.762, 15.682, 15.82, 17.474, 19.995, 21.498, 22.964, 25.215, 26.741, 26.962, 27.443, 28.312, 28.639, 28.725, 29.221, 29.856, 29.672, 29.5, 29.225, 29.192, 28.272, 27.896, 27.381, 26.283, 26.631, 28.191, 28.469, 28.553, 28.939, 28.926, 28.464, 28.86, 28.96, 28.038, 26.556, 25.122], [14.029, 13.626, 13.521, 13.631, 12.668, 13.36, 14.67, 14.589, 14.191, 13.545, 13.361, 13.309, 12.625, 12.394, 12.402, 11.788, 10.729, 7.204, 2.472, 0.914, 0.0, 1.779, 3.397, 3.846, 4.078, 4.485, 4.899, 4.069, 2.71, 3.616, 7.524, 8.822, 7.806, 8.148, 10.286, 10.481, 9.878, 10.639, 11.745, 12.361, 13.723, 14.297, 13.009, 11.908, 12.622, 12.253, 10.159, 8.785, 7.422, 5.941, 5.004, 5.227, 5.571, 5.95, 4.702, 2.3, 2.135, 2.166, 1.456, 3.069, 3.032, 2.183, 4.393, 5.62, 6.282, 6.253, 8.015, 8.921, 7.763, 8.047, 9.827, 10.86, 11.281, 11.334, 11.517, 13.387, 15.852, 16.548, 15.777, 14.751, 15.071, 16.923, 17.473, 17.689, 17.087, 15.258, 12.218, 9.739, 9.639, 11.558, 11.499, 11.244, 12.845, 15.989, 18.309, 18.351, 17.214, 16.139, 16.124, 16.339, 15.981, 14.691, 14.48, 14.278, 13.755, 14.058, 14.413, 13.062, 13.557, 14.964, 15.738, 15.593, 15.749, 17.499, 19.977, 21.427, 22.891, 25.138, 26.749, 26.941, 27.453, 28.313, 28.663, 28.748, 29.103, 29.809, 29.595, 29.525, 29.138, 29.117, 28.275, 27.918, 27.363, 26.199, 26.597, 28.218, 28.489, 28.583, 28.935, 28.892, 28.364, 28.81, 28.849, 27.979, 26.502, 25.05], [12.539, 12.127, 11.884, 12.24, 11.396, 12.071, 13.083, 13.26, 12.904, 12.288, 12.023, 12.04, 11.452, 11.031, 10.971, 10.488, 9.606, 6.017, 1.823, 1.937, 1.779, 0.0, 1.779, 2.297, 2.397, 2.981, 3.494, 2.904, 1.771, 2.287, 6.145, 7.298, 6.303, 7.067, 9.204, 9.4, 8.736, 9.431, 10.655, 11.265, 12.568, 13.106, 11.818, 10.689, 11.348, 11.007, 8.949, 7.432, 5.855, 4.378, 3.709, 4.15, 4.219, 4.389, 3.407, 1.988, 3.374, 3.133, 2.159, 3.998, 4.173, 2.382, 3.778, 4.673, 5.065, 5.396, 6.934, 7.835, 6.51, 6.619, 8.339, 9.252, 9.882, 10.165, 10.232, 12.046, 14.716, 15.448, 14.502, 13.301, 13.514, 15.382, 16.019, 16.202, 15.565, 13.588, 10.596, 8.142, 7.966, 9.869, 9.781, 9.619, 11.174, 14.342, 16.836, 16.743, 15.628, 14.672, 14.606, 14.887, 14.566, 13.261, 13.137, 12.942, 12.134, 12.513, 13.093, 11.861, 12.443, 13.693, 14.391, 14.319, 14.584, 16.14, 18.646, 20.147, 21.62, 23.846, 25.342, 25.463, 26.072, 27.015, 27.223, 27.425, 27.946, 28.496, 28.41, 28.075, 27.92, 27.852, 26.936, 26.432, 26.04, 24.932, 25.244, 26.64, 27.047, 27.182, 27.478, 27.579, 27.207, 27.601, 27.692, 26.795, 25.289, 23.844], [10.87, 10.47, 10.282, 10.854, 10.165, 10.76, 11.635, 11.955, 11.608, 11.005, 10.714, 10.748, 10.201, 9.772, 9.668, 9.252, 8.35, 4.784, 2.258, 3.366, 3.397, 1.779, 0.0, 1.311, 1.29, 1.634, 2.431, 2.288, 1.789, 1.711, 4.834, 5.986, 5.155, 5.851, 7.971, 8.181, 7.526, 8.21, 9.414, 10.025, 11.33, 11.882, 10.582, 9.468, 10.127, 9.761, 7.77, 6.223, 4.89, 3.325, 2.975, 3.568, 3.579, 3.406, 2.54, 2.548, 5.081, 4.646, 3.709, 5.29, 5.586, 3.019, 3.127, 3.918, 4.185, 4.686, 5.703, 6.6, 5.285, 5.405, 6.943, 7.824, 8.616, 8.925, 8.991, 10.805, 13.475, 14.208, 13.258, 12.003, 12.065, 13.958, 14.651, 14.809, 14.193, 12.128, 9.21, 6.908, 6.574, 8.25, 8.161, 8.492, 9.642, 12.821, 15.265, 15.347, 14.247, 13.181, 13.216, 13.528, 13.247, 12.001, 11.897, 11.583, 10.608, 11.06, 11.814, 10.638, 11.183, 12.39, 13.101, 13.035, 13.293, 14.827, 17.28, 18.728, 20.202, 22.452, 23.97, 24.039, 24.739, 25.707, 25.938, 26.108, 26.629, 27.18, 27.096, 26.784, 26.614, 26.547, 25.634, 25.111, 24.715, 23.66, 23.976, 25.217, 25.743, 25.878, 26.207, 26.288, 25.896, 26.296, 26.372, 25.501, 23.986, 22.551], [10.95, 10.534, 10.409, 11.072, 10.358, 10.97, 11.863, 12.188, 11.809, 11.19, 10.897, 10.945, 10.365, 9.922, 9.853, 9.45, 8.582, 5.021, 2.34, 3.764, 3.846, 2.297, 1.311, 0.0, 1.084, 1.781, 2.524, 2.463, 2.415, 2.318, 5.078, 6.181, 5.265, 6.084, 8.209, 8.405, 7.759, 8.453, 9.659, 10.27, 11.574, 12.125, 10.826, 9.712, 10.37, 10.0, 7.966, 6.423, 4.734, 3.299, 3.049, 3.478, 3.225, 2.835, 2.487, 2.924, 5.362, 4.874, 4.066, 5.675, 6.036, 3.63, 3.141, 3.834, 4.281, 4.758, 5.938, 6.844, 5.513, 5.599, 7.012, 7.932, 8.794, 9.16, 9.236, 11.05, 13.72, 14.444, 13.498, 12.245, 12.27, 14.053, 14.792, 14.981, 14.336, 12.258, 9.184, 6.765, 6.329, 8.161, 7.98, 8.161, 9.659, 12.908, 15.442, 15.498, 14.398, 13.391, 13.395, 13.715, 13.368, 12.126, 12.05, 11.753, 10.646, 11.236, 12.012, 10.845, 11.416, 12.615, 13.3, 13.226, 13.508, 15.011, 17.451, 18.857, 20.353, 22.637, 24.113, 24.161, 24.876, 25.839, 26.068, 26.269, 26.786, 27.349, 27.278, 26.927, 26.746, 26.704, 25.781, 25.213, 24.852, 23.789, 24.108, 25.34, 25.899, 26.009, 26.329, 26.426, 26.073, 26.443, 26.547, 25.675, 24.197, 22.762], [10.778, 10.395, 10.205, 10.845, 10.223, 10.74, 11.638, 11.957, 11.604, 10.983, 10.689, 10.726, 10.13, 9.664, 9.634, 9.218, 8.352, 4.808, 2.374, 4.008, 4.078, 2.397, 1.29, 1.084, 0.0, 1.505, 2.091, 2.216, 2.369, 2.011, 4.833, 5.944, 5.142, 5.895, 7.965, 8.166, 7.514, 8.208, 9.416, 10.026, 11.329, 11.88, 10.581, 9.467, 10.125, 9.754, 7.788, 6.178, 4.677, 3.335, 3.143, 3.472, 3.374, 2.887, 2.69, 3.061, 5.431, 4.899, 4.222, 5.848, 6.132, 3.764, 3.28, 3.972, 4.385, 4.831, 5.695, 6.599, 5.268, 5.363, 6.734, 7.688, 8.547, 8.926, 8.993, 10.807, 13.477, 14.209, 13.26, 12.005, 12.056, 13.875, 14.551, 14.767, 14.111, 12.035, 8.924, 6.656, 6.166, 7.892, 7.65, 7.923, 9.384, 12.789, 15.265, 15.257, 14.186, 13.181, 13.187, 13.504, 13.096, 11.829, 11.772, 11.559, 10.445, 11.044, 11.805, 10.567, 11.19, 12.392, 13.079, 13.011, 13.285, 14.82, 17.254, 18.714, 20.187, 22.416, 23.901, 23.946, 24.662, 25.63, 25.872, 26.062, 26.574, 27.142, 27.072, 26.72, 26.524, 26.498, 25.58, 24.991, 24.652, 23.536, 23.879, 25.1, 25.669, 25.792, 26.082, 26.225, 25.874, 26.239, 26.348, 25.468, 23.977, 22.542], [9.787, 9.395, 9.295, 9.892, 9.263, 9.819, 10.703, 11.012, 10.656, 10.023, 9.728, 9.82, 9.285, 8.85, 8.747, 8.341, 7.422, 3.978, 3.251, 4.471, 4.485, 2.981, 1.634, 1.781, 1.505, 0.0, 1.262, 1.54, 2.563, 1.798, 3.944, 5.092, 4.423, 4.972, 7.067, 7.277, 6.612, 7.278, 8.477, 9.083, 10.387, 10.938, 9.652, 8.554, 9.199, 8.847, 6.901, 5.381, 4.435, 3.2, 3.345, 3.57, 3.653, 3.058, 2.85, 3.203, 6.192, 5.799, 4.802, 6.383, 6.638, 3.815, 3.393, 3.805, 4.397, 4.741, 4.804, 5.683, 4.378, 4.589, 6.073, 6.991, 7.691, 7.984, 8.051, 9.864, 12.534, 13.267, 12.317, 11.062, 11.123, 13.057, 13.741, 13.872, 13.266, 11.245, 8.408, 6.476, 5.949, 7.311, 7.31, 8.134, 8.809, 11.917, 14.325, 14.47, 13.324, 12.248, 12.308, 12.634, 12.395, 11.13, 11.023, 10.65, 9.733, 10.147, 10.854, 9.708, 10.241, 11.448, 12.152, 12.045, 12.33, 13.89, 16.303, 17.75, 19.223, 21.487, 23.009, 23.109, 23.811, 24.763, 24.978, 25.169, 25.655, 26.206, 26.142, 25.819, 25.656, 25.587, 24.657, 24.176, 23.78, 22.738, 22.986, 24.277, 24.811, 24.945, 25.253, 25.3, 24.941, 25.335, 25.407, 24.536, 23.022, 21.587], [9.6, 9.2, 8.98, 9.634, 9.151, 9.529, 10.454, 10.724, 10.385, 9.743, 9.478, 9.508, 8.946, 8.488, 8.422, 8.011, 7.121, 4.123, 3.6, 4.847, 4.899, 3.494, 2.431, 2.524, 2.091, 1.262, 0.0, 1.407, 3.08, 1.993, 3.617, 4.712, 4.397, 5.025, 6.743, 6.962, 6.287, 6.959, 8.183, 8.793, 10.096, 10.633, 9.338, 8.192, 8.862, 8.48, 6.538, 5.11, 4.467, 3.666, 3.824, 3.981, 4.108, 3.494, 3.329, 3.473, 6.412, 6.005, 5.095, 6.811, 7.13, 4.368, 3.969, 4.141, 4.829, 5.073, 4.571, 5.485, 4.068, 4.373, 5.649, 6.644, 7.331, 7.693, 7.76, 9.574, 12.243, 12.976, 12.027, 10.772, 10.836, 12.788, 13.403, 13.598, 12.97, 10.96, 8.132, 6.546, 5.9, 6.886, 7.235, 8.421, 8.51, 11.601, 14.104, 14.17, 13.114, 12.12, 12.128, 12.359, 12.141, 10.89, 10.692, 10.392, 9.395, 9.89, 10.576, 9.516, 10.122, 11.168, 11.867, 11.766, 12.051, 13.605, 16.046, 17.496, 18.959, 21.211, 22.719, 22.803, 23.516, 24.462, 24.676, 24.875, 25.39, 25.916, 25.869, 25.534, 25.346, 25.291, 24.398, 23.855, 23.499, 22.35, 22.687, 23.955, 24.478, 24.673, 24.914, 25.016, 24.677, 25.072, 25.156, 24.267, 22.743, 21.308], [10.474, 10.043, 9.884, 10.397, 9.756, 10.301, 11.3, 11.529, 11.2, 10.537, 10.269, 10.302, 9.717, 9.332, 9.239, 8.814, 7.896, 4.433, 3.3, 4.016, 4.069, 2.904, 2.288, 2.463, 2.216, 1.54, 1.407, 0.0, 2.388, 1.674, 4.433, 5.509, 4.641, 5.383, 7.501, 7.701, 7.03, 7.728, 8.952, 9.562, 10.865, 11.402, 10.097, 8.983, 9.642, 9.271, 7.261, 5.724, 4.672, 3.45, 3.533, 3.785, 3.933, 3.53, 2.965, 3.022, 5.508, 5.099, 4.148, 5.836, 6.333, 3.737, 3.61, 3.95, 4.642, 4.833, 5.244, 6.134, 4.811, 4.934, 6.543, 7.665, 8.132, 8.46, 8.529, 10.343, 13.012, 13.743, 12.796, 11.558, 11.712, 13.623, 14.276, 14.422, 13.801, 11.919, 9.065, 6.899, 6.284, 7.839, 7.982, 8.488, 9.418, 12.436, 14.915, 14.992, 13.862, 13.007, 12.855, 13.153, 13.028, 11.645, 11.553, 11.19, 10.331, 10.753, 11.405, 10.274, 10.767, 11.96, 12.633, 12.56, 12.844, 14.428, 16.833, 18.25, 19.73, 22.018, 23.539, 23.598, 24.319, 25.284, 25.507, 25.711, 26.197, 26.718, 26.664, 26.352, 26.159, 26.101, 25.199, 24.67, 24.303, 23.168, 23.507, 24.758, 25.314, 25.472, 25.74, 25.824, 25.474, 25.862, 25.945, 25.036, 23.537, 22.101], [12.067, 11.655, 11.407, 11.829, 10.973, 11.615, 12.638, 12.809, 12.483, 11.856, 11.615, 11.59, 11.064, 10.621, 10.539, 10.103, 9.183, 5.599, 2.487, 2.469, 2.71, 1.771, 1.789, 2.415, 2.369, 2.563, 3.08, 2.388, 0.0, 1.782, 5.706, 6.938, 5.935, 6.669, 8.784, 9.002, 8.34, 9.032, 10.232, 10.842, 12.153, 12.704, 11.42, 10.291, 10.957, 10.629, 8.7, 7.044, 5.61, 4.198, 3.689, 4.314, 4.361, 4.361, 3.559, 2.591, 3.934, 3.55, 2.587, 4.12, 4.378, 2.665, 3.731, 4.742, 4.91, 5.261, 6.511, 7.426, 6.128, 6.292, 7.918, 8.859, 9.462, 9.742, 9.829, 11.636, 14.292, 15.025, 14.093, 12.902, 13.029, 14.925, 15.561, 15.751, 15.086, 13.185, 10.25, 8.047, 7.558, 9.457, 9.436, 9.486, 10.79, 13.969, 16.397, 16.296, 15.204, 14.199, 14.143, 14.431, 14.116, 12.877, 12.771, 12.5, 11.66, 12.047, 12.672, 11.482, 12.023, 13.26, 13.967, 13.913, 14.154, 15.705, 18.243, 19.732, 21.205, 23.423, 24.934, 25.032, 25.636, 26.59, 26.802, 26.995, 27.517, 28.083, 27.973, 27.658, 27.485, 27.416, 26.519, 25.981, 25.626, 24.532, 24.835, 26.198, 26.622, 26.804, 27.059, 27.151, 26.782, 27.185, 27.263, 26.376, 24.849, 23.418], [10.569, 10.157, 9.956, 10.404, 9.686, 10.134, 11.142, 11.381, 11.033, 10.429, 10.184, 10.166, 9.624, 9.228, 9.099, 8.743, 7.741, 4.221, 2.597, 3.6, 3.616, 2.287, 1.711, 2.318, 2.011, 1.798, 1.993, 1.674, 1.782, 0.0, 4.25, 5.395, 4.51, 5.333, 7.337, 7.545, 6.861, 7.564, 8.788, 9.398, 10.701, 11.238, 9.926, 8.812, 9.512, 9.184, 7.175, 5.625, 4.521, 3.348, 3.065, 3.703, 3.74, 3.767, 2.712, 2.333, 5.329, 4.933, 3.929, 5.61, 5.766, 2.854, 2.957, 3.937, 3.873, 4.032, 5.125, 5.998, 4.642, 4.928, 6.405, 7.563, 8.039, 8.298, 8.419, 10.18, 12.848, 13.581, 12.632, 11.457, 11.552, 13.386, 14.066, 14.219, 13.583, 11.845, 9.062, 7.177, 6.302, 8.13, 8.345, 8.757, 9.499, 12.594, 14.916, 14.822, 13.73, 12.943, 12.629, 12.962, 12.956, 11.705, 11.55, 10.998, 10.198, 10.509, 11.258, 10.229, 10.709, 11.791, 12.512, 12.516, 12.711, 14.255, 16.819, 18.317, 19.79, 22.004, 23.503, 23.553, 24.152, 25.119, 25.377, 25.537, 26.052, 26.664, 26.517, 26.221, 26.029, 26.001, 25.083, 24.501, 24.139, 23.097, 23.434, 24.743, 25.176, 25.346, 25.65, 25.726, 25.328, 25.707, 25.806, 24.907, 23.405, 21.975], [6.708, 6.305, 6.208, 6.715, 6.465, 6.142, 7.3, 7.417, 7.027, 6.408, 6.154, 5.997, 5.657, 5.323, 5.246, 4.955, 3.769, 2.098, 5.94, 7.579, 7.524, 6.145, 4.834, 5.078, 4.833, 3.944, 3.617, 4.433, 5.706, 4.25, 0.0, 1.871, 2.24, 2.544, 3.463, 3.896, 3.203, 3.695, 4.624, 5.205, 6.512, 7.116, 5.857, 4.814, 5.508, 5.283, 3.371, 2.702, 2.783, 2.523, 3.088, 3.093, 3.132, 3.216, 3.364, 5.949, 9.258, 9.072, 8.028, 9.739, 9.726, 6.535, 3.654, 2.922, 3.257, 3.444, 2.14, 2.362, 1.973, 2.475, 3.122, 4.088, 4.257, 4.293, 4.411, 6.205, 8.722, 9.389, 8.547, 7.505, 7.765, 9.62, 10.157, 10.429, 9.753, 8.214, 5.763, 4.74, 4.767, 4.997, 5.529, 7.118, 6.737, 9.099, 11.168, 11.069, 10.161, 9.445, 9.065, 9.245, 9.286, 8.077, 7.731, 7.168, 6.534, 6.722, 7.329, 6.634, 7.158, 7.897, 8.623, 8.693, 8.707, 10.26, 12.84, 14.363, 15.777, 17.971, 19.521, 19.577, 20.169, 21.089, 21.401, 21.518, 21.966, 22.634, 22.463, 22.282, 21.941, 22.025, 21.112, 20.618, 20.139, 19.158, 19.489, 21.045, 21.281, 21.524, 21.699, 21.744, 21.215, 21.598, 21.686, 20.761, 19.332, 17.92], [5.34, 4.93, 4.825, 5.479, 5.326, 5.02, 5.925, 6.101, 5.791, 5.27, 4.979, 4.914, 4.465, 4.139, 3.915, 3.692, 2.714, 2.186, 7.08, 8.804, 8.822, 7.298, 5.986, 6.181, 5.944, 5.092, 4.712, 5.509, 6.938, 5.395, 1.871, 0.0, 1.628, 2.18, 2.611, 2.873, 2.258, 2.567, 3.509, 4.119, 5.422, 5.959, 4.648, 3.563, 4.247, 3.916, 2.068, 1.757, 2.188, 3.173, 4.0, 4.021, 3.63, 3.845, 4.526, 7.141, 10.547, 10.201, 9.117, 10.856, 10.929, 7.989, 5.129, 3.878, 3.22, 3.328, 2.355, 1.94, 1.776, 1.806, 2.062, 2.767, 3.05, 3.166, 3.205, 4.915, 7.569, 8.302, 7.363, 6.193, 6.303, 8.206, 8.987, 8.994, 8.406, 6.729, 4.572, 3.872, 3.935, 3.772, 4.419, 6.173, 5.518, 7.708, 9.77, 9.731, 8.833, 8.13, 7.955, 8.031, 8.267, 6.965, 6.437, 5.794, 5.193, 5.44, 6.045, 5.551, 6.231, 6.765, 7.392, 7.419, 7.621, 9.108, 11.629, 13.146, 14.539, 16.768, 18.252, 18.344, 18.88, 19.848, 20.125, 20.269, 20.797, 21.406, 21.26, 20.974, 20.785, 20.756, 19.837, 19.292, 18.872, 17.808, 18.255, 19.485, 19.937, 20.113, 20.485, 20.483, 20.063, 20.456, 20.546, 19.639, 18.122, 16.707], [6.28, 5.868, 5.795, 6.07, 5.741, 5.865, 6.913, 6.989, 6.668, 6.04, 5.754, 5.82, 5.528, 5.274, 5.011, 4.704, 3.534, 1.766, 6.072, 7.791, 7.806, 6.303, 5.155, 5.265, 5.142, 4.423, 4.397, 4.641, 5.935, 4.51, 2.24, 1.628, 0.0, 1.558, 2.982, 3.147, 2.543, 3.189, 4.401, 5.011, 6.314, 6.861, 5.584, 4.447, 5.11, 4.818, 2.844, 1.449, 1.464, 2.182, 2.955, 3.039, 2.787, 2.947, 3.472, 6.007, 9.632, 9.35, 8.178, 9.89, 10.017, 6.916, 4.008, 2.913, 2.231, 2.212, 1.863, 2.034, 1.548, 1.54, 2.559, 3.776, 4.077, 4.007, 3.996, 5.838, 8.462, 9.194, 8.265, 7.033, 7.374, 9.406, 10.063, 10.149, 9.559, 7.986, 5.375, 3.688, 3.195, 4.36, 4.729, 5.561, 5.732, 8.693, 10.721, 10.887, 9.905, 9.103, 8.525, 8.952, 9.142, 7.94, 7.542, 6.897, 6.379, 6.468, 7.022, 6.324, 6.67, 7.461, 8.192, 8.182, 8.35, 9.911, 12.445, 13.938, 15.411, 17.595, 19.11, 19.271, 19.889, 20.803, 20.986, 21.202, 21.733, 22.236, 22.171, 21.854, 21.738, 21.681, 20.728, 20.404, 19.854, 18.953, 19.131, 20.608, 20.912, 21.142, 21.363, 21.36, 20.972, 21.375, 21.463, 20.55, 19.031, 17.59], [6.292, 5.873, 5.92, 5.963, 5.258, 5.638, 6.987, 6.865, 6.267, 5.578, 5.388, 5.529, 5.171, 5.013, 4.95, 4.442, 3.106, 1.7, 6.786, 8.266, 8.148, 7.067, 5.851, 6.084, 5.895, 4.972, 5.025, 5.383, 6.669, 5.333, 2.544, 2.18, 1.558, 0.0, 2.36, 2.529, 2.028, 2.706, 3.747, 4.302, 5.669, 6.279, 5.231, 3.983, 4.975, 4.719, 2.934, 1.566, 2.146, 2.941, 3.511, 3.506, 3.412, 3.668, 4.285, 6.801, 10.166, 10.078, 8.878, 10.688, 10.591, 7.23, 4.042, 2.987, 2.741, 2.405, 1.526, 1.658, 1.685, 1.769, 2.578, 3.698, 3.875, 3.699, 3.732, 5.619, 7.997, 8.538, 7.837, 6.954, 7.456, 9.392, 9.942, 10.143, 9.54, 8.017, 5.154, 3.638, 3.467, 4.273, 4.492, 5.527, 5.686, 8.692, 10.734, 10.886, 9.777, 8.861, 8.432, 8.857, 8.788, 7.522, 7.231, 6.731, 6.329, 6.482, 6.76, 5.789, 5.8, 7.239, 8.031, 7.955, 7.853, 9.597, 12.089, 13.505, 14.932, 17.205, 18.842, 19.166, 19.641, 20.503, 20.734, 20.822, 21.23, 21.879, 21.622, 21.657, 21.366, 21.312, 20.324, 20.352, 19.68, 18.743, 18.965, 20.715, 20.873, 21.007, 21.309, 20.97, 20.367, 20.836, 20.906, 19.968, 18.529, 17.046], [4.412, 3.989, 4.167, 4.458, 4.299, 3.895, 5.107, 5.069, 4.516, 3.702, 3.393, 3.764, 3.585, 3.465, 3.308, 2.882, 1.695, 3.279, 8.924, 10.403, 10.286, 9.204, 7.971, 8.209, 7.965, 7.067, 6.743, 7.501, 8.784, 7.337, 3.463, 2.611, 2.982, 2.36, 0.0, 1.104, 1.314, 1.496, 2.18, 2.434, 3.595, 4.242, 3.336, 2.131, 3.266, 2.957, 1.876, 1.949, 3.686, 5.076, 5.651, 5.642, 5.54, 5.799, 6.422, 8.934, 12.306, 12.216, 11.016, 12.825, 12.728, 9.411, 6.278, 5.192, 4.769, 4.353, 2.447, 1.723, 2.75, 2.647, 2.043, 2.436, 2.454, 2.293, 2.096, 3.847, 6.177, 6.654, 5.958, 5.075, 5.629, 7.615, 8.277, 8.439, 7.777, 6.411, 4.047, 4.043, 3.912, 3.294, 4.017, 5.671, 4.939, 7.177, 9.139, 9.27, 8.383, 7.645, 7.055, 7.401, 7.563, 6.334, 5.716, 5.064, 4.786, 4.789, 5.131, 4.555, 4.803, 5.441, 6.274, 6.174, 6.072, 7.699, 10.264, 11.571, 12.871, 15.16, 16.804, 17.259, 17.746, 18.576, 18.717, 18.807, 19.308, 19.854, 19.597, 19.705, 19.505, 19.41, 18.409, 18.587, 17.82, 16.986, 17.183, 18.932, 19.022, 19.258, 19.488, 19.103, 18.265, 18.805, 18.924, 17.922, 16.471, 14.959], [4.432, 4.034, 4.184, 4.4, 4.396, 3.953, 5.122, 5.124, 4.574, 3.781, 3.327, 3.782, 3.73, 3.614, 3.429, 3.003, 2.061, 3.578, 9.12, 10.599, 10.481, 9.4, 8.181, 8.405, 8.166, 7.277, 6.962, 7.701, 9.002, 7.545, 3.896, 2.873, 3.147, 2.529, 1.104, 0.0, 1.249, 1.611, 2.629, 2.794, 3.703, 4.235, 3.268, 2.69, 3.717, 3.314, 2.184, 2.265, 3.92, 5.286, 5.87, 5.894, 5.779, 6.011, 6.618, 9.13, 12.5, 12.412, 11.212, 13.021, 12.925, 9.564, 6.456, 5.398, 5.045, 4.742, 2.754, 1.99, 2.975, 2.849, 2.161, 2.518, 2.794, 2.727, 2.267, 3.909, 6.234, 6.626, 6.03, 5.118, 5.647, 7.663, 8.426, 8.495, 7.813, 6.534, 4.086, 3.777, 3.721, 3.184, 3.891, 5.515, 4.859, 7.313, 9.175, 9.397, 8.518, 7.757, 7.12, 7.489, 7.668, 6.447, 5.87, 5.111, 4.973, 4.919, 5.223, 4.651, 4.816, 5.443, 6.298, 6.177, 6.2, 7.795, 10.317, 11.608, 12.886, 15.159, 16.799, 17.26, 17.761, 18.561, 18.708, 18.797, 19.288, 19.838, 19.577, 19.686, 19.503, 19.423, 18.439, 18.624, 17.856, 17.021, 17.254, 18.967, 19.057, 19.308, 19.574, 19.131, 18.261, 18.789, 18.894, 17.9, 16.454, 14.962], [4.767, 4.348, 4.516, 4.64, 4.538, 4.292, 5.466, 5.43, 4.898, 4.105, 3.644, 4.172, 4.078, 3.92, 3.729, 3.309, 2.173, 2.874, 8.441, 9.921, 9.878, 8.736, 7.526, 7.759, 7.514, 6.612, 6.287, 7.03, 8.34, 6.861, 3.203, 2.258, 2.543, 2.028, 1.314, 1.249, 0.0, 1.204, 2.325, 2.879, 3.931, 4.515, 3.619, 2.776, 3.853, 3.454, 2.008, 1.889, 3.335, 4.634, 5.228, 5.237, 5.102, 5.371, 5.94, 8.451, 11.843, 11.733, 10.533, 12.343, 12.246, 9.035, 5.931, 4.837, 4.342, 3.887, 2.203, 1.497, 2.393, 2.284, 2.146, 2.642, 2.779, 2.549, 2.378, 4.201, 6.55, 7.074, 6.326, 5.431, 5.989, 7.979, 8.728, 8.814, 8.138, 6.831, 4.316, 3.6, 3.571, 3.523, 4.018, 5.702, 5.127, 7.599, 9.461, 9.694, 8.756, 7.975, 7.27, 7.725, 7.88, 6.68, 6.167, 5.42, 5.259, 5.219, 5.52, 4.927, 5.159, 5.821, 6.645, 6.623, 6.578, 8.108, 10.641, 12.021, 13.366, 15.534, 17.129, 17.595, 18.093, 18.903, 19.037, 19.124, 19.715, 20.203, 19.977, 20.024, 19.899, 19.803, 18.764, 18.948, 18.181, 17.382, 17.571, 19.294, 19.389, 19.626, 19.878, 19.478, 18.651, 19.144, 19.327, 18.262, 16.824, 15.366], [3.964, 3.56, 3.85, 4.289, 4.37, 3.842, 4.688, 4.693, 4.29, 3.612, 3.128, 3.506, 3.726, 3.534, 3.38, 3.054, 2.165, 3.585, 9.151, 10.653, 10.639, 9.431, 8.21, 8.453, 8.208, 7.278, 6.959, 7.728, 9.032, 7.564, 3.695, 2.567, 3.189, 2.706, 1.496, 1.611, 1.204, 0.0, 1.496, 2.13, 3.213, 3.779, 2.916, 2.005, 3.034, 2.724, 1.707, 2.16, 3.911, 5.301, 5.904, 5.895, 5.769, 6.031, 6.649, 9.161, 12.602, 12.443, 11.243, 13.052, 12.957, 9.745, 6.623, 5.513, 4.983, 4.581, 2.809, 1.995, 3.068, 2.938, 2.503, 2.355, 2.532, 2.094, 1.896, 3.497, 5.87, 6.409, 5.692, 4.645, 5.208, 7.306, 8.25, 8.171, 7.429, 6.321, 4.261, 4.261, 4.325, 3.695, 4.461, 6.298, 5.041, 7.228, 9.084, 9.265, 8.435, 7.685, 7.045, 7.411, 7.652, 6.422, 5