[[0.0, 2.66, 2.929, 5.638, 6.607, 5.529, 4.31, 3.501, 2.369, 2.125, 2.957, 4.076, 4.369, 4.821, 5.116, 5.289, 5.469, 6.902, 8.479, 8.064, 8.059, 8.386, 8.452, 7.399, 6.342, 6.479, 7.679, 8.096, 8.797, 9.872, 10.306, 9.971, 10.172, 10.639, 9.772, 8.702, 7.917, 7.475, 6.993, 6.072, 5.166, 5.143, 4.863, 3.918, 3.993, 3.981, 3.998, 5.373, 6.363, 6.514, 6.704, 6.663, 6.725, 6.721, 6.789, 7.686, 9.593, 12.457, 13.773, 13.347, 11.952, 10.641, 10.393, 10.318, 8.912, 7.547, 7.164, 7.414, 8.007, 7.199, 6.482, 6.139, 5.016, 3.839, 3.529, 3.503, 4.791, 4.056, 2.981, 3.152, 4.321, 4.89, 4.881, 7.015, 8.877, 8.575, 8.464, 5.633, 6.397, 9.113, 9.395, 8.905, 9.952, 13.584, 15.966, 15.114, 14.237, 14.993, 17.327, 18.148, 17.189, 16.314, 14.987, 14.673, 13.681, 12.816, 13.757, 13.557, 11.999, 12.341, 13.475, 14.724, 14.979, 14.461, 13.876, 13.147, 13.894, 13.572, 11.464, 9.2, 8.805, 9.084, 9.098, 8.639, 10.354, 11.427, 11.908, 11.612, 10.0, 8.414, 9.041, 6.409, 4.685, 3.769, 3.546, 3.947, 4.194, 4.379, 4.793, 4.908, 4.818, 5.124, 6.792, 7.229, 9.57], [2.66, 0.0, 1.345, 3.171, 4.381, 3.639, 2.728, 2.157, 2.535, 2.157, 2.352, 3.326, 3.639, 3.748, 3.902, 4.879, 5.284, 6.185, 7.653, 7.334, 7.628, 7.814, 7.841, 6.98, 5.828, 5.959, 6.905, 7.229, 7.947, 8.79, 8.871, 8.454, 8.683, 9.335, 8.502, 7.727, 7.034, 6.931, 6.577, 5.832, 4.802, 4.558, 4.818, 4.282, 3.992, 3.499, 3.355, 4.151, 5.072, 5.304, 5.789, 5.674, 5.745, 5.417, 5.527, 5.546, 7.503, 9.958, 11.333, 11.04, 9.662, 8.16, 7.924, 7.91, 7.043, 6.121, 6.077, 6.295, 6.846, 6.037, 5.393, 4.995, 3.666, 2.998, 3.258, 4.87, 7.127, 6.198, 4.524, 3.978, 4.747, 5.782, 6.686, 8.759, 9.725, 9.327, 10.154, 6.084, 4.868, 6.864, 7.202, 6.682, 7.721, 11.34, 13.716, 12.881, 11.996, 12.743, 15.066, 15.891, 14.933, 14.096, 12.758, 12.428, 11.45, 10.438, 11.496, 11.313, 9.895, 10.455, 11.353, 12.66, 12.717, 12.276, 11.675, 10.948, 11.654, 11.364, 9.229, 6.846, 6.346, 6.461, 6.599, 6.412, 8.087, 9.045, 9.6, 9.135, 7.662, 7.078, 7.958, 5.611, 3.588, 2.7, 2.562, 2.914, 3.144, 4.095, 5.476, 6.392, 6.281, 7.377, 9.333, 9.805, 12.03], [2.929, 1.345, 0.0, 2.909, 4.04, 3.216, 2.275, 1.524, 2.383, 1.879, 2.182, 3.093, 3.385, 3.798, 3.961, 4.957, 5.538, 6.508, 7.997, 7.643, 7.873, 8.044, 8.104, 7.198, 6.043, 6.139, 6.951, 7.464, 8.294, 9.152, 9.342, 8.971, 9.087, 9.74, 8.891, 7.983, 7.408, 7.2, 6.943, 6.117, 5.076, 4.809, 5.16, 4.848, 4.253, 3.764, 3.448, 4.62, 5.401, 5.789, 6.27, 6.206, 6.153, 5.878, 5.588, 5.515, 7.561, 9.913, 11.332, 11.017, 9.919, 8.513, 8.185, 8.253, 7.575, 6.694, 6.493, 6.804, 7.414, 6.608, 5.782, 5.353, 4.123, 2.773, 2.997, 5.015, 7.37, 6.359, 4.826, 4.394, 5.107, 6.163, 7.184, 9.169, 10.138, 9.801, 10.588, 6.578, 4.545, 6.598, 6.934, 6.413, 7.434, 11.046, 13.432, 12.592, 11.717, 12.462, 14.788, 15.619, 14.666, 13.8, 12.453, 12.129, 11.134, 10.175, 11.236, 11.009, 9.568, 10.069, 10.933, 12.344, 12.438, 11.966, 11.314, 10.655, 11.391, 11.053, 8.922, 6.592, 6.158, 6.286, 6.299, 6.151, 7.86, 8.789, 9.319, 8.953, 7.392, 7.094, 8.295, 5.993, 3.94, 2.63, 2.509, 3.094, 3.561, 4.597, 5.984, 6.839, 6.702, 7.816, 9.634, 10.038, 12.347], [5.638, 3.171, 2.909, 0.0, 1.714, 1.931, 2.339, 2.824, 4.404, 4.013, 3.416, 3.105, 3.076, 3.086, 3.232, 5.384, 6.378, 6.357, 7.216, 7.269, 7.786, 7.773, 7.89, 7.172, 6.446, 6.213, 6.68, 6.987, 7.482, 8.1, 7.711, 7.231, 7.643, 8.245, 7.543, 7.234, 6.806, 7.142, 7.455, 7.031, 5.887, 5.551, 6.253, 6.855, 6.054, 5.223, 4.296, 3.841, 4.15, 4.459, 5.207, 5.333, 5.226, 4.901, 4.641, 4.147, 5.835, 7.72, 8.862, 8.589, 8.016, 6.778, 6.402, 6.584, 6.111, 5.492, 5.633, 5.831, 6.189, 5.382, 5.088, 4.995, 3.786, 3.627, 4.966, 7.793, 10.091, 9.169, 7.509, 6.673, 7.148, 7.934, 9.422, 11.573, 11.873, 11.36, 12.831, 8.229, 3.96, 3.827, 4.257, 3.661, 4.641, 8.22, 10.623, 9.783, 8.887, 9.65, 11.988, 12.78, 11.86, 11.012, 9.712, 9.354, 8.41, 7.419, 8.506, 8.288, 7.223, 8.037, 9.035, 10.112, 9.778, 9.373, 8.58, 7.909, 8.571, 8.254, 6.192, 3.859, 3.433, 3.641, 3.59, 3.344, 5.024, 5.926, 6.483, 6.142, 4.751, 5.754, 7.106, 5.509, 3.5, 2.791, 3.0, 3.043, 3.41, 5.857, 7.599, 8.8, 9.03, 10.134, 12.152, 12.749, 14.851], [6.607, 4.381, 4.04, 1.714, 0.0, 1.468, 2.491, 3.472, 5.23, 4.928, 4.069, 3.088, 3.072, 2.868, 2.904, 4.964, 7.09, 6.388, 6.591, 6.969, 7.568, 7.383, 7.594, 7.111, 6.489, 6.129, 6.397, 6.697, 6.819, 7.351, 6.81, 6.323, 6.753, 7.351, 6.65, 6.481, 6.311, 6.917, 7.487, 7.384, 6.248, 5.954, 6.783, 7.821, 7.0, 5.876, 4.598, 3.194, 3.503, 3.829, 4.525, 4.303, 4.242, 3.93, 3.569, 3.318, 4.827, 7.174, 8.258, 7.909, 7.366, 6.182, 5.756, 5.954, 5.409, 4.808, 4.892, 5.1, 5.453, 4.603, 4.417, 4.568, 3.534, 4.179, 6.007, 8.844, 11.139, 10.234, 8.641, 7.572, 8.016, 8.666, 10.445, 12.41, 12.878, 12.371, 13.77, 9.262, 3.867, 2.785, 3.126, 2.725, 3.507, 7.096, 9.471, 8.636, 7.76, 8.494, 10.823, 11.656, 10.7, 9.836, 8.55, 8.188, 7.22, 6.32, 7.322, 7.071, 6.105, 6.786, 7.878, 9.0, 8.56, 8.109, 7.448, 6.748, 7.457, 7.141, 4.972, 2.821, 2.632, 2.75, 2.727, 2.627, 4.043, 4.964, 5.446, 5.28, 3.918, 4.941, 6.332, 5.361, 3.833, 3.605, 3.814, 3.28, 4.347, 6.753, 8.686, 9.721, 9.924, 11.017, 13.022, 13.622, 15.719], [5.529, 3.639, 3.216, 1.931, 1.468, 0.0, 1.801, 2.465, 4.227, 4.006, 3.105, 2.238, 2.191, 2.145, 2.274, 4.385, 6.659, 6.064, 6.645, 6.888, 7.462, 7.317, 7.521, 6.918, 6.211, 5.955, 6.293, 6.605, 6.904, 7.514, 7.15, 6.787, 7.019, 7.617, 6.918, 6.555, 6.35, 6.863, 7.238, 6.977, 5.98, 5.562, 6.399, 6.879, 6.137, 5.112, 3.67, 2.978, 3.587, 3.874, 4.538, 4.366, 4.4, 3.939, 3.699, 3.671, 5.537, 8.154, 9.378, 8.884, 8.093, 6.852, 6.534, 6.586, 5.81, 5.032, 5.11, 5.384, 5.546, 4.769, 4.408, 4.38, 3.117, 3.115, 4.905, 7.705, 10.096, 9.213, 7.591, 6.762, 6.983, 7.831, 9.58, 11.469, 12.114, 11.645, 12.89, 8.538, 3.7, 3.837, 4.134, 3.678, 4.684, 8.239, 10.631, 9.776, 8.917, 9.646, 11.979, 12.796, 11.855, 10.955, 9.662, 9.322, 8.358, 7.506, 8.404, 8.254, 6.972, 7.325, 8.623, 9.754, 9.676, 9.172, 8.591, 7.835, 8.529, 8.235, 6.214, 4.067, 3.79, 3.892, 3.977, 3.577, 5.168, 6.211, 6.67, 6.502, 4.97, 5.133, 6.517, 5.27, 3.582, 2.69, 2.87, 2.552, 3.825, 6.093, 8.069, 9.018, 9.093, 10.097, 11.928, 12.558, 14.705], [4.31, 2.728, 2.275, 2.339, 2.491, 1.801, 0.0, 1.551, 3.02, 2.833, 2.082, 1.794, 2.096, 2.326, 2.66, 4.261, 5.987, 5.982, 6.772, 6.728, 7.211, 7.247, 7.344, 6.691, 6.043, 5.63, 6.14, 6.46, 7.057, 7.829, 8.016, 7.676, 7.838, 8.42, 7.594, 6.739, 6.316, 6.587, 6.924, 6.798, 5.696, 5.374, 6.038, 5.955, 5.177, 4.439, 3.371, 3.342, 4.081, 4.497, 4.911, 4.916, 4.956, 4.893, 4.462, 4.51, 6.355, 8.998, 10.231, 9.899, 8.943, 7.691, 7.342, 7.393, 6.591, 5.669, 5.358, 5.543, 6.223, 5.386, 4.949, 4.59, 3.227, 2.336, 3.741, 6.533, 8.83, 7.92, 6.347, 5.574, 6.233, 7.266, 8.396, 10.269, 11.188, 10.878, 11.709, 7.655, 3.576, 4.993, 5.255, 4.813, 5.839, 9.428, 11.807, 10.971, 10.108, 10.831, 13.158, 13.985, 13.036, 12.155, 10.818, 10.493, 9.543, 8.61, 9.633, 9.367, 7.878, 8.458, 9.442, 10.701, 10.781, 10.325, 9.712, 9.06, 9.785, 9.459, 7.283, 5.105, 4.791, 4.969, 4.97, 4.649, 6.366, 7.268, 7.77, 7.59, 5.942, 5.597, 6.92, 4.965, 3.167, 2.348, 2.636, 2.506, 3.365, 5.373, 7.133, 8.02, 7.883, 8.895, 10.784, 11.31, 13.466], [3.501, 2.157, 1.524, 2.824, 3.472, 2.465, 1.551, 0.0, 2.328, 2.371, 1.817, 2.225, 2.341, 2.773, 3.035, 4.335, 5.545, 6.096, 7.311, 7.044, 7.403, 7.562, 7.638, 6.741, 5.746, 5.699, 6.422, 6.819, 7.596, 8.423, 8.633, 8.271, 8.442, 9.079, 8.3, 7.353, 6.96, 6.854, 6.813, 6.154, 5.128, 4.729, 5.296, 5.316, 4.523, 3.882, 2.896, 3.984, 4.814, 5.171, 5.559, 5.572, 5.631, 5.322, 4.683, 5.15, 7.04, 9.825, 11.127, 10.8, 9.623, 8.343, 8.048, 8.033, 7.27, 6.375, 5.952, 6.317, 6.973, 6.163, 5.387, 5.089, 3.757, 2.259, 3.029, 5.531, 7.897, 6.982, 5.499, 5.0, 5.454, 6.523, 7.931, 9.69, 10.616, 10.307, 11.14, 7.048, 3.869, 5.96, 6.229, 5.779, 6.788, 10.408, 12.795, 11.949, 11.129, 11.82, 14.143, 14.976, 14.023, 13.127, 11.849, 11.477, 10.573, 9.705, 10.659, 10.411, 8.889, 9.264, 10.346, 11.6, 11.803, 11.22, 10.713, 10.065, 10.826, 10.488, 8.281, 6.184, 5.836, 5.999, 5.976, 5.636, 7.337, 8.254, 8.848, 8.622, 6.965, 6.256, 7.589, 5.31, 3.427, 2.104, 2.161, 2.475, 3.319, 4.846, 6.518, 7.431, 7.283, 8.253, 9.905, 10.35, 12.679], [2.369, 2.535, 2.383, 4.404, 5.23, 4.227, 3.02, 2.328, 0.0, 1.626, 1.811, 3.068, 2.948, 3.574, 3.93, 5.141, 5.741, 6.691, 7.982, 7.704, 8.013, 8.189, 8.234, 7.355, 6.169, 6.29, 7.051, 7.47, 8.266, 9.092, 9.535, 9.191, 9.338, 9.874, 9.007, 8.012, 7.661, 7.55, 7.414, 6.636, 5.71, 5.53, 5.57, 4.924, 4.387, 4.12, 3.916, 4.802, 5.541, 5.918, 6.252, 6.321, 6.523, 6.548, 5.664, 6.504, 8.489, 11.537, 12.795, 12.21, 11.011, 9.762, 9.537, 9.462, 8.469, 7.392, 6.972, 7.106, 7.767, 6.987, 6.535, 6.171, 4.766, 3.132, 2.956, 4.434, 6.354, 5.809, 4.672, 4.325, 5.263, 6.269, 6.796, 8.71, 10.026, 9.69, 10.086, 6.471, 5.023, 7.583, 7.918, 7.409, 8.496, 12.088, 14.479, 13.636, 12.771, 13.504, 15.836, 16.65, 15.697, 14.839, 13.532, 13.212, 12.265, 11.374, 12.343, 12.095, 10.488, 10.929, 12.282, 13.223, 13.574, 13.117, 12.52, 11.779, 12.481, 12.145, 10.042, 7.941, 7.527, 7.847, 7.879, 7.262, 8.915, 9.963, 10.491, 10.305, 8.666, 7.103, 8.283, 5.999, 4.279, 3.033, 3.158, 3.584, 3.823, 4.667, 5.989, 6.613, 6.602, 6.714, 8.115, 9.032, 10.761], [2.125, 2.157, 1.879, 4.013, 4.928, 4.006, 2.833, 2.371, 1.626, 0.0, 1.588, 2.966, 3.179, 3.636, 3.909, 4.906, 5.182, 6.272, 7.779, 7.416, 7.529, 7.773, 7.87, 6.859, 5.663, 5.816, 6.681, 7.244, 8.079, 8.956, 9.408, 9.114, 9.259, 9.674, 8.78, 7.811, 7.304, 6.973, 6.686, 6.025, 4.982, 4.927, 5.16, 4.234, 3.748, 3.613, 3.704, 4.579, 5.304, 5.726, 6.127, 6.051, 6.293, 6.454, 6.0, 6.247, 8.26, 11.04, 12.334, 11.799, 10.608, 9.371, 9.121, 9.104, 8.133, 7.089, 6.738, 6.779, 7.506, 6.709, 6.245, 5.823, 4.402, 3.069, 3.077, 4.329, 6.492, 5.631, 4.188, 3.674, 4.738, 5.734, 6.085, 8.093, 9.477, 9.094, 9.466, 5.929, 4.824, 7.311, 7.664, 7.135, 8.236, 11.837, 14.22, 13.381, 12.498, 13.243, 15.561, 16.377, 15.442, 14.582, 13.26, 12.961, 11.967, 11.013, 12.05, 11.833, 10.255, 10.851, 12.014, 13.093, 13.302, 12.898, 12.269, 11.493, 12.184, 11.857, 9.747, 7.47, 7.114, 7.371, 7.417, 6.893, 8.595, 9.648, 10.123, 9.891, 8.289, 6.849, 8.072, 5.802, 4.0, 3.081, 2.879, 3.42, 3.482, 3.987, 5.31, 5.926, 5.913, 6.341, 8.333, 8.989, 11.05], [2.957, 2.352, 2.182, 3.416, 4.069, 3.105, 2.082, 1.817, 1.811, 1.588, 0.0, 1.792, 2.066, 2.414, 2.681, 4.199, 5.091, 5.526, 6.93, 6.648, 6.961, 7.107, 7.166, 6.294, 5.321, 5.253, 5.977, 6.42, 7.215, 8.014, 8.226, 7.983, 8.127, 8.564, 7.703, 6.871, 6.545, 6.37, 6.438, 6.008, 4.943, 4.629, 5.157, 4.818, 4.01, 3.591, 2.952, 3.442, 4.429, 4.617, 5.156, 5.047, 5.249, 5.284, 5.11, 5.482, 7.424, 10.429, 11.639, 11.148, 9.909, 8.663, 8.406, 8.345, 7.23, 6.069, 5.846, 5.934, 6.451, 5.612, 5.372, 5.029, 3.62, 2.203, 2.646, 5.046, 7.346, 6.453, 4.933, 4.35, 5.243, 6.258, 6.782, 8.735, 10.042, 9.71, 10.101, 6.491, 4.221, 6.464, 6.761, 6.264, 7.344, 10.945, 13.326, 12.485, 11.609, 12.355, 14.684, 15.503, 14.561, 13.701, 12.37, 12.06, 11.091, 10.262, 11.124, 10.929, 9.406, 9.894, 11.211, 12.218, 12.47, 11.994, 11.384, 10.532, 11.288, 10.984, 8.896, 6.744, 6.346, 6.61, 6.68, 6.154, 7.769, 8.881, 9.355, 9.161, 7.527, 5.82, 7.131, 4.928, 3.172, 2.347, 2.252, 2.435, 3.084, 4.278, 6.01, 6.553, 6.551, 7.11, 9.098, 9.74, 11.841], [4.076, 3.326, 3.093, 3.105, 3.088, 2.238, 1.794, 2.225, 3.068, 2.966, 1.792, 0.0, 1.067, 1.319, 1.833, 3.737, 5.905, 5.799, 6.27, 6.39, 6.936, 6.875, 7.064, 6.397, 5.847, 5.437, 5.798, 6.101, 6.55, 7.228, 7.21, 6.992, 7.138, 7.536, 6.685, 6.306, 6.166, 6.54, 6.931, 6.668, 5.644, 5.3, 5.947, 5.877, 4.973, 4.408, 3.126, 2.636, 3.686, 3.594, 4.235, 4.135, 4.16, 4.108, 3.772, 4.583, 6.431, 9.578, 10.872, 10.428, 9.146, 7.918, 7.628, 7.56, 6.321, 5.113, 4.843, 5.178, 5.514, 4.733, 4.211, 4.207, 2.979, 1.918, 3.379, 6.118, 8.423, 7.53, 6.01, 5.47, 5.955, 6.994, 8.214, 9.823, 10.964, 10.654, 11.424, 7.428, 4.265, 5.406, 5.703, 5.216, 6.308, 9.853, 12.236, 11.388, 10.544, 11.269, 13.594, 14.414, 13.456, 12.579, 11.293, 10.934, 10.128, 9.285, 10.103, 9.902, 8.364, 8.736, 10.007, 11.228, 11.397, 10.731, 10.303, 9.522, 10.234, 9.936, 7.832, 5.832, 5.555, 5.697, 5.695, 5.281, 6.93, 7.902, 8.43, 8.293, 6.655, 4.985, 6.226, 4.754, 3.071, 1.851, 1.78, 1.784, 3.019, 5.148, 7.046, 7.798, 7.598, 8.356, 10.168, 10.716, 13.03], [4.369, 3.639, 3.385, 3.076, 3.072, 2.191, 2.096, 2.341, 2.948, 3.179, 2.066, 1.067, 0.0, 1.246, 1.549, 3.957, 6.125, 5.792, 6.315, 6.477, 7.013, 6.96, 7.124, 6.468, 5.838, 5.505, 5.887, 6.196, 6.566, 7.174, 7.069, 6.839, 7.076, 7.441, 6.668, 6.308, 6.278, 6.682, 7.096, 6.83, 5.749, 5.437, 6.163, 6.089, 5.129, 4.433, 3.314, 2.716, 3.605, 3.542, 4.217, 4.156, 4.312, 4.185, 3.589, 4.543, 6.371, 9.599, 10.81, 10.291, 9.092, 7.87, 7.659, 7.584, 6.33, 5.163, 5.029, 5.243, 5.591, 4.774, 4.402, 4.452, 3.184, 2.252, 3.495, 6.255, 8.503, 7.769, 6.328, 5.723, 6.268, 7.3, 8.534, 10.026, 11.11, 10.807, 11.593, 7.552, 4.197, 5.29, 5.605, 5.149, 6.136, 9.755, 12.144, 11.304, 10.457, 11.167, 13.498, 14.31, 13.356, 12.505, 11.212, 10.87, 10.019, 9.182, 10.035, 9.789, 8.267, 8.634, 10.093, 10.984, 11.373, 10.788, 10.255, 9.444, 10.21, 9.844, 7.817, 5.753, 5.353, 5.659, 5.712, 5.196, 6.719, 7.725, 8.265, 8.112, 6.49, 4.991, 6.185, 4.875, 3.266, 1.979, 2.079, 1.926, 3.321, 5.389, 7.178, 7.982, 7.93, 8.486, 10.165, 10.9, 12.964], [4.821, 3.748, 3.798, 3.086, 2.868, 2.145, 2.326, 2.773, 3.574, 3.636, 2.414, 1.319, 1.246, 0.0, 1.207, 3.599, 6.25, 5.454, 5.768, 5.908, 6.416, 6.368, 6.623, 6.094, 5.515, 4.954, 5.335, 5.557, 5.98, 6.575, 6.214, 6.007, 6.21, 6.68, 6.011, 6.01, 6.01, 6.377, 6.869, 6.81, 5.757, 5.361, 6.209, 6.318, 5.263, 4.602, 3.404, 2.256, 3.237, 2.848, 3.668, 3.8, 3.982, 3.702, 3.436, 4.119, 5.945, 9.179, 10.407, 9.807, 8.645, 7.399, 7.179, 7.084, 5.832, 4.697, 4.718, 5.002, 5.178, 4.404, 4.175, 4.222, 2.925, 2.517, 4.138, 6.852, 9.137, 8.296, 6.836, 6.116, 6.497, 7.501, 8.915, 10.321, 11.121, 10.748, 11.849, 7.621, 3.793, 4.921, 5.109, 4.567, 5.732, 9.232, 11.535, 10.779, 10.037, 10.575, 12.894, 13.712, 12.752, 11.896, 10.718, 10.319, 9.738, 8.794, 9.541, 9.465, 7.959, 8.315, 9.784, 10.778, 11.056, 10.4, 9.945, 9.121, 9.69, 9.377, 7.492, 5.435, 5.036, 5.372, 5.398, 4.83, 6.338, 7.39, 7.954, 7.803, 6.189, 4.421, 5.59, 4.581, 3.222, 2.263, 2.271, 1.985, 3.447, 5.338, 7.466, 8.361, 8.262, 8.603, 10.73, 11.471, 13.594], [5.116, 3.902, 3.961, 3.232, 2.904, 2.274, 2.66, 3.035, 3.93, 3.909, 2.681, 1.833, 1.549, 1.207, 0.0, 3.194, 5.69, 4.661, 5.099, 5.237, 5.794, 5.68, 5.905, 5.319, 4.761, 4.271, 4.622, 5.114, 5.349, 6.022, 5.942, 5.859, 6.035, 6.284, 5.42, 5.275, 5.298, 5.686, 6.201, 6.104, 4.968, 4.618, 5.486, 5.934, 4.904, 4.122, 2.868, 1.685, 2.806, 2.521, 3.176, 3.147, 3.519, 3.575, 3.521, 4.058, 5.854, 9.036, 10.224, 9.614, 8.435, 7.211, 7.002, 6.921, 5.674, 4.436, 4.194, 4.329, 4.664, 3.857, 3.678, 3.816, 2.656, 2.704, 4.058, 6.782, 9.059, 8.212, 6.638, 5.732, 6.143, 7.05, 8.572, 10.145, 10.702, 10.282, 11.383, 7.112, 3.526, 4.859, 5.06, 4.579, 5.604, 9.175, 11.579, 10.73, 9.95, 10.598, 12.936, 13.756, 12.805, 11.972, 10.741, 10.33, 9.645, 8.705, 9.534, 9.407, 7.93, 8.552, 10.022, 10.858, 11.103, 10.489, 10.052, 9.105, 9.779, 9.341, 7.493, 5.423, 4.972, 5.336, 5.386, 4.783, 6.178, 7.284, 7.844, 7.709, 6.108, 4.227, 4.929, 3.856, 2.576, 2.243, 2.188, 1.685, 2.954, 4.928, 6.95, 7.866, 7.923, 8.478, 10.617, 11.403, 13.42], [5.289, 4.879, 4.957, 5.384, 4.964, 4.385, 4.261, 4.335, 5.141, 4.906, 4.199, 3.737, 3.957, 3.599, 3.194, 0.0, 3.531, 3.016, 4.25, 3.241, 3.61, 3.489, 3.705, 3.335, 3.003, 2.785, 3.662, 4.871, 4.988, 6.429, 7.518, 7.435, 7.639, 7.686, 6.324, 4.833, 3.945, 3.287, 4.02, 3.838, 3.31, 3.289, 3.362, 3.968, 3.22, 2.57, 2.12, 2.576, 4.139, 3.739, 3.373, 3.854, 4.204, 4.605, 5.059, 5.743, 7.535, 10.707, 11.98, 11.378, 10.131, 8.86, 8.666, 8.568, 7.118, 5.526, 4.509, 4.354, 5.318, 4.615, 4.062, 3.765, 3.133, 3.576, 3.584, 4.778, 7.031, 6.159, 4.636, 3.909, 3.874, 4.686, 6.714, 8.274, 8.922, 8.436, 9.726, 5.329, 4.767, 6.815, 7.069, 6.575, 7.723, 11.276, 13.64, 12.8, 12.038, 12.67, 15.023, 15.816, 14.859, 13.996, 12.915, 12.35, 11.689, 10.803, 11.591, 11.465, 10.34, 10.53, 12.05, 13.112, 13.029, 12.345, 11.951, 11.087, 11.715, 11.404, 9.394, 7.372, 6.949, 7.283, 7.331, 6.736, 8.265, 9.356, 9.92, 9.723, 8.119, 5.756, 5.011, 3.009, 2.989, 3.589, 3.841, 3.205, 3.238, 2.905, 5.005, 5.958, 5.999, 6.732, 8.69, 9.37, 11.594], [5.469, 5.284, 5.538, 6.378, 7.09, 6.659, 5.987, 5.545, 5.741, 5.182, 5.091, 5.905, 6.125, 6.25, 5.69, 3.531, 0.0, 3.304, 6.11, 4.693, 3.813, 4.74, 4.558, 2.847, 2.468, 3.388, 5.46, 6.872, 7.1, 8.634, 9.719, 9.642, 9.856, 9.855, 8.3, 6.724, 5.336, 3.34, 2.165, 1.709, 2.947, 2.957, 2.241, 2.279, 2.123, 2.43, 3.49, 5.139, 6.133, 5.744, 5.847, 5.914, 6.254, 7.193, 8.041, 8.042, 9.653, 12.523, 13.821, 13.3, 11.975, 10.687, 10.473, 10.376, 8.941, 7.469, 6.314, 6.129, 7.141, 6.321, 6.135, 5.793, 5.446, 5.397, 4.592, 3.676, 4.995, 4.294, 3.541, 3.118, 2.081, 2.281, 3.877, 5.938, 6.231, 5.7, 7.186, 2.707, 6.175, 8.924, 9.435, 8.826, 9.851, 13.444, 15.815, 14.989, 14.107, 14.866, 17.227, 18.055, 17.135, 16.302, 15.084, 14.617, 13.677, 12.908, 13.839, 13.567, 12.89, 13.722, 14.924, 15.988, 15.138, 14.612, 14.046, 13.219, 13.848, 13.623, 11.454, 9.308, 8.919, 9.176, 9.137, 8.544, 10.225, 11.305, 11.821, 11.632, 9.992, 7.958, 7.117, 4.02, 4.171, 5.266, 5.275, 5.185, 3.836, 2.157, 2.618, 3.21, 3.418, 4.477, 6.579, 7.196, 9.326], [6.902, 6.185, 6.508, 6.357, 6.388, 6.064, 5.982, 6.096, 6.691, 6.272, 5.526, 5.799, 5.792, 5.454, 4.661, 3.016, 3.304, 0.0, 3.069, 1.818, 1.848, 2.101, 2.014, 1.527, 1.514, 1.692, 2.466, 3.821, 4.097, 5.539, 6.74, 6.743, 6.828, 6.863, 5.376, 4.438, 3.212, 2.547, 3.407, 3.015, 2.482, 2.376, 3.346, 4.645, 3.852, 3.28, 3.348, 3.991, 4.186, 4.072, 4.079, 4.411, 4.705, 5.608, 6.71, 6.607, 7.844, 10.093, 11.077, 10.413, 9.112, 7.833, 7.727, 7.633, 6.473, 5.633, 4.586, 4.326, 4.865, 4.34, 4.406, 3.992, 4.077, 5.208, 4.99, 5.747, 8.081, 7.181, 5.613, 4.725, 4.835, 5.377, 6.826, 8.969, 8.668, 8.155, 9.989, 5.093, 3.559, 6.446, 7.159, 6.451, 7.227, 10.459, 12.825, 12.055, 11.186, 12.009, 14.49, 15.254, 14.4, 13.74, 12.65, 11.927, 11.194, 10.853, 11.393, 11.411, 11.717, 12.34, 13.757, 14.561, 13.755, 13.138, 12.56, 11.426, 11.246, 11.21, 9.571, 7.734, 6.878, 7.033, 6.896, 6.239, 7.26, 8.522, 9.0, 9.021, 7.43, 5.206, 4.073, 1.769, 3.207, 5.366, 5.561, 4.786, 3.96, 3.178, 5.021, 6.247, 6.624, 7.349, 9.713, 10.431, 12.468], [8.479, 7.653, 7.997, 7.216, 6.591, 6.645, 6.772, 7.311, 7.982, 7.779, 6.93, 6.27, 6.315, 5.768, 5.099, 4.25, 6.11, 3.069, 0.0, 1.71, 2.65, 2.084, 2.093, 3.436, 3.775, 2.999, 1.579, 1.802, 1.559, 2.773, 4.126, 4.227, 4.193, 4.233, 3.2, 2.385, 1.971, 3.569, 6.031, 5.693, 4.258, 4.137, 5.947, 7.46, 6.547, 5.646, 4.778, 3.819, 3.281, 3.208, 2.901, 3.683, 3.521, 4.373, 5.713, 5.474, 6.084, 8.314, 8.738, 8.026, 6.667, 5.626, 5.394, 5.247, 4.511, 3.965, 3.049, 2.627, 3.223, 3.101, 3.578, 3.434, 4.464, 6.284, 6.602, 8.634, 10.838, 9.958, 8.327, 7.087, 7.539, 8.157, 9.722, 11.621, 11.095, 10.672, 12.692, 7.555, 4.045, 5.557, 5.842, 5.589, 6.029, 7.652, 9.918, 9.193, 8.635, 9.784, 12.233, 12.796, 12.072, 11.714, 10.863, 10.452, 10.275, 9.949, 10.07, 10.187, 10.873, 11.288, 12.548, 13.197, 12.558, 11.861, 11.592, 10.201, 9.528, 9.926, 8.538, 6.802, 6.342, 6.586, 6.13, 5.474, 5.141, 6.005, 6.576, 6.848, 5.344, 3.096, 1.707, 2.574, 4.201, 6.148, 6.387, 5.641, 4.732, 5.604, 7.637, 8.929, 9.245, 9.902, 12.357, 13.133, 15.164], [8.064, 7.334, 7.643, 7.269, 6.969, 6.888, 6.728, 7.044, 7.704, 7.416, 6.648, 6.39, 6.477, 5.908, 5.237, 3.241, 4.693, 1.818, 1.71, 0.0, 1.461, 1.297, 1.072, 2.024, 2.521, 2.113, 1.56, 2.559, 2.877, 4.173, 5.51, 5.63, 5.484, 5.542, 4.505, 3.819, 2.916, 2.756, 4.644, 4.332, 3.495, 3.57, 4.7, 6.046, 5.224, 4.635, 4.379, 4.017, 3.991, 3.712, 3.649, 4.382, 4.459, 5.322, 6.539, 6.465, 7.428, 9.745, 10.258, 9.633, 8.24, 7.078, 6.938, 6.831, 6.008, 5.312, 4.211, 3.94, 4.534, 4.143, 4.229, 3.925, 4.648, 6.258, 6.167, 7.216, 9.444, 8.564, 7.006, 5.968, 6.154, 6.763, 8.329, 10.228, 9.562, 9.15, 11.298, 6.049, 3.63, 6.14, 6.65, 6.03, 6.669, 9.106, 11.401, 10.769, 10.142, 10.907, 13.267, 13.979, 13.295, 12.938, 11.97, 11.18, 10.947, 10.677, 10.941, 11.1, 11.621, 12.265, 13.565, 14.342, 13.469, 12.758, 12.488, 11.259, 10.699, 10.943, 9.28, 7.581, 6.927, 7.136, 6.619, 5.814, 6.437, 7.424, 8.089, 8.287, 6.834, 4.447, 2.827, 2.078, 4.024, 6.281, 6.453, 5.704, 4.745, 4.261, 6.239, 7.536, 7.854, 8.49, 10.966, 11.739, 13.77], [8.059, 7.628, 7.873, 7.786, 7.568, 7.462, 7.211, 7.403, 8.013, 7.529, 6.961, 6.936, 7.013, 6.416, 5.794, 3.61, 3.813, 1.848, 2.65, 1.461, 0.0, 1.401, 1.293, 1.455, 2.024, 2.02, 2.179, 3.364, 3.706, 5.023, 6.264, 6.263, 6.348, 6.361, 5.397, 4.563, 3.46, 2.231, 3.751, 3.532, 3.318, 3.406, 4.19, 5.309, 4.433, 4.359, 4.787, 4.64, 4.792, 4.414, 4.302, 4.907, 5.131, 6.14, 7.253, 7.231, 8.2, 10.443, 11.079, 10.423, 9.036, 7.892, 7.749, 7.663, 6.761, 6.049, 4.898, 4.632, 5.234, 4.851, 4.932, 4.662, 5.293, 6.755, 6.536, 6.629, 8.493, 7.611, 6.23, 5.561, 5.285, 5.873, 7.368, 9.277, 8.737, 8.39, 10.375, 5.364, 4.315, 6.835, 7.416, 6.768, 7.401, 9.977, 12.282, 11.554, 10.988, 11.756, 14.238, 14.897, 14.152, 13.755, 12.895, 11.851, 11.648, 11.461, 11.701, 11.814, 12.303, 12.992, 14.327, 15.123, 14.26, 13.488, 13.164, 12.032, 11.512, 11.742, 10.009, 8.309, 7.587, 7.806, 7.388, 6.55, 7.273, 8.202, 8.843, 8.95, 7.541, 5.143, 3.725, 2.41, 4.487, 6.82, 6.976, 6.259, 5.305, 3.849, 5.293, 6.577, 6.893, 7.489, 10.001, 10.789, 12.82], [8.386, 7.814, 8.044, 7.773, 7.383, 7.317, 7.247, 7.562, 8.189, 7.773, 7.107, 6.875, 6.96, 6.368, 5.68, 3.489, 4.74, 2.101, 2.084, 1.297, 1.401, 0.0, 0.953, 2.269, 2.653, 2.253, 1.641, 2.724, 2.824, 4.212, 5.323, 5.521, 5.576, 5.515, 4.613, 3.657, 2.681, 2.489, 4.548, 4.288, 3.659, 3.842, 4.868, 6.2, 5.175, 4.748, 4.897, 4.439, 4.477, 4.214, 3.978, 4.626, 4.718, 5.735, 7.006, 6.849, 7.51, 9.672, 10.217, 9.647, 8.243, 7.232, 7.002, 6.867, 5.932, 5.383, 4.344, 4.033, 4.624, 4.418, 4.569, 4.377, 5.148, 6.782, 6.665, 7.229, 9.349, 8.467, 6.879, 5.952, 6.112, 6.753, 8.256, 10.138, 9.477, 9.145, 11.208, 6.123, 4.18, 6.628, 6.906, 6.38, 7.036, 9.15, 11.46, 10.843, 10.122, 11.232, 13.62, 14.041, 13.354, 13.1, 12.301, 11.627, 11.422, 11.096, 11.228, 11.5, 12.067, 12.67, 13.944, 14.7, 13.808, 13.101, 12.918, 11.65, 11.187, 11.329, 9.73, 7.998, 7.378, 7.568, 7.061, 6.25, 6.72, 7.546, 8.113, 8.201, 6.758, 4.511, 2.937, 2.561, 4.576, 6.781, 7.001, 6.236, 5.232, 4.41, 6.127, 7.437, 7.753, 8.394, 10.861, 11.65, 13.68], [8.452, 7.841, 8.104, 7.89, 7.594, 7.521, 7.344, 7.638, 8.234, 7.87, 7.166, 7.064, 7.124, 6.623, 5.905, 3.705, 4.558, 2.014, 2.093, 1.072, 1.293, 0.953, 0.0, 2.089, 2.705, 2.441, 1.755, 2.919, 3.122, 4.424, 5.614, 5.824, 5.76, 5.768, 4.862, 3.942, 2.902, 2.444, 4.302, 4.138, 3.708, 3.937, 4.904, 6.114, 5.216, 4.842, 4.944, 4.673, 4.401, 4.332, 4.025, 4.55, 4.716, 5.73, 6.94, 6.875, 7.728, 9.941, 10.459, 9.808, 8.418, 7.324, 7.155, 7.036, 6.149, 5.559, 4.406, 4.126, 4.724, 4.385, 4.592, 4.375, 5.29, 6.874, 6.709, 7.056, 9.094, 8.222, 6.801, 5.93, 5.889, 6.543, 8.044, 9.913, 9.209, 8.923, 10.949, 5.909, 4.276, 6.688, 7.178, 6.672, 7.21, 9.346, 11.692, 11.085, 10.343, 11.343, 13.762, 14.318, 13.669, 13.421, 12.391, 11.647, 11.408, 11.127, 11.328, 11.485, 12.049, 12.658, 13.97, 14.754, 13.896, 13.207, 12.883, 11.669, 11.193, 11.345, 9.733, 7.979, 7.449, 7.69, 7.232, 6.377, 6.794, 7.672, 8.237, 8.428, 6.987, 4.795, 3.068, 2.532, 4.592, 6.906, 7.109, 6.339, 5.397, 4.482, 5.975, 7.202, 7.537, 8.27, 10.68, 11.432, 13.436], [7.399, 6.98, 7.198, 7.172, 7.111, 6.918, 6.691, 6.741, 7.355, 6.859, 6.294, 6.397, 6.468, 6.094, 5.319, 3.335, 2.847, 1.527, 3.436, 2.024, 1.455, 2.269, 2.089, 0.0, 1.403, 1.805, 2.87, 4.221, 4.478, 5.935, 7.132, 7.021, 7.206, 7.222, 5.907, 5.036, 4.045, 2.681, 2.918, 2.481, 2.825, 2.768, 3.468, 4.409, 3.888, 3.756, 4.125, 4.626, 4.905, 4.626, 4.699, 5.213, 5.531, 6.381, 7.366, 7.359, 8.572, 10.871, 11.663, 11.039, 9.708, 8.471, 8.349, 8.278, 7.231, 6.461, 5.315, 5.061, 5.706, 5.201, 5.238, 4.892, 4.936, 6.086, 5.869, 5.851, 7.532, 6.762, 5.754, 5.141, 4.248, 4.836, 6.397, 8.312, 7.96, 7.535, 9.435, 4.396, 4.091, 7.081, 7.803, 7.057, 7.585, 10.835, 13.207, 12.39, 11.65, 12.473, 14.919, 15.668, 14.806, 14.268, 13.253, 12.329, 11.84, 11.646, 12.109, 11.99, 12.359, 13.129, 14.522, 15.355, 14.499, 13.76, 13.27, 12.172, 11.861, 11.906, 10.237, 8.528, 7.736, 7.856, 7.546, 6.821, 7.828, 8.905, 9.48, 9.521, 8.014, 5.701, 4.479, 2.212, 3.887, 6.178, 6.307, 5.603, 4.682, 3.316, 4.414, 5.607, 5.923, 6.654, 9.037, 9.819, 11.85], [6.342, 5.828, 6.043, 6.446, 6.489, 6.211, 6.043, 5.746, 6.169, 5.663, 5.321, 5.847, 5.838, 5.515, 4.761, 3.003, 2.468, 1.514, 3.775, 2.521, 2.024, 2.653, 2.705, 1.403, 0.0, 1.368, 3.045, 4.49, 4.72, 6.203, 7.316, 7.246, 7.427, 7.434, 5.908, 4.818, 3.837, 2.513, 2.794, 2.308, 2.155, 1.844, 2.584, 3.828, 3.081, 2.782, 3.285, 4.059, 4.404, 4.251, 4.279, 4.732, 5.091, 5.876, 6.766, 6.717, 8.099, 10.63, 11.77, 11.126, 9.877, 8.59, 8.42, 8.364, 7.125, 6.061, 4.947, 4.733, 5.53, 4.828, 4.789, 4.439, 4.39, 5.274, 4.956, 5.291, 7.273, 6.395, 4.968, 4.362, 3.983, 4.597, 6.148, 8.107, 7.907, 7.402, 9.199, 4.31, 3.853, 6.75, 7.4, 6.679, 7.613, 11.057, 13.432, 12.614, 11.739, 12.49, 14.958, 15.768, 14.865, 14.124, 12.97, 12.406, 11.604, 11.047, 11.679, 11.549, 11.776, 12.456, 13.856, 14.709, 13.853, 13.202, 12.711, 11.58, 11.71, 11.526, 9.743, 7.908, 7.184, 7.349, 7.257, 6.594, 7.926, 9.071, 9.617, 9.557, 7.851, 5.566, 4.713, 2.334, 3.449, 5.419, 5.471, 4.838, 3.987, 2.617, 4.137, 5.394, 5.755, 6.488, 8.854, 9.618, 11.645], [6.479, 5.959, 6.139, 6.213, 6.129, 5.955, 5.63, 5.699, 6.29, 5.816, 5.253, 5.437, 5.505, 4.954, 4.271, 2.785, 3.388, 1.692, 2.999, 2.113, 2.02, 2.253, 2.441, 1.805, 1.368, 0.0, 2.295, 3.617, 3.89, 5.309, 6.429, 6.481, 6.552, 6.582, 5.123, 4.17, 3.28, 2.322, 3.375, 3.149, 2.531, 2.218, 3.3, 4.746, 3.806, 3.106, 3.284, 3.537, 3.791, 3.669, 3.413, 4.037, 4.206, 5.049, 6.068, 5.993, 7.187, 9.907, 11.166, 10.503, 9.23, 7.934, 7.764, 7.706, 6.502, 5.292, 4.148, 3.937, 4.859, 4.136, 4.074, 3.786, 3.995, 5.096, 4.899, 6.036, 8.158, 7.276, 5.703, 4.771, 4.879, 5.491, 7.035, 8.967, 8.597, 8.117, 10.03, 5.006, 3.352, 6.175, 6.353, 5.684, 6.816, 10.209, 12.562, 11.83, 11.002, 11.625, 14.097, 14.793, 13.911, 13.204, 12.133, 11.653, 11.066, 10.271, 10.825, 10.893, 11.154, 11.76, 13.094, 13.911, 13.087, 12.354, 12.267, 10.917, 10.948, 10.777, 8.959, 7.147, 6.599, 6.866, 6.646, 5.983, 7.231, 8.378, 8.96, 8.818, 7.206, 4.705, 3.908, 2.231, 3.234, 5.249, 5.329, 4.631, 3.777, 2.936, 4.96, 6.266, 6.582, 7.245, 9.681, 10.462, 12.492], [7.679, 6.905, 6.951, 6.68, 6.397, 6.293, 6.14, 6.422, 7.051, 6.681, 5.977, 5.798, 5.887, 5.335, 4.622, 3.662, 5.46, 2.466, 1.579, 1.56, 2.179, 1.641, 1.755, 2.87, 3.045, 2.295, 0.0, 1.762, 2.301, 3.405, 4.621, 4.914, 4.769, 4.842, 3.957, 3.191, 2.735, 3.333, 5.459, 5.115, 3.543, 3.605, 5.327, 6.814, 5.915, 4.96, 4.301, 3.775, 3.672, 3.617, 3.485, 4.35, 4.261, 4.967, 6.044, 5.807, 6.6, 8.831, 9.423, 8.717, 7.385, 6.237, 6.006, 5.934, 5.123, 4.745, 3.842, 3.477, 4.079, 3.86, 4.071, 3.832, 4.331, 5.69, 5.744, 8.023, 10.272, 9.393, 7.759, 6.518, 6.974, 7.589, 9.152, 11.066, 10.425, 10.112, 12.126, 6.862, 3.147, 5.635, 5.918, 5.45, 6.041, 8.172, 10.511, 9.802, 9.076, 10.14, 12.639, 13.212, 12.522, 12.17, 11.261, 10.672, 10.446, 10.112, 10.252, 10.416, 11.06, 11.591, 12.86, 13.632, 12.791, 12.043, 11.865, 10.563, 10.076, 10.249, 8.74, 6.973, 6.46, 6.671, 6.125, 5.317, 5.7, 6.56, 7.057, 7.355, 5.779, 3.542, 2.224, 2.319, 3.605, 5.704, 5.911, 5.223, 4.414, 4.967, 7.051, 8.358, 8.673, 9.348, 11.78, 12.568, 14.598], [8.096, 7.229, 7.464, 6.987, 6.697, 6.605, 6.46, 6.819, 7.47, 7.244, 6.42, 6.101, 6.196, 5.557, 5.114, 4.871, 6.872, 3.821, 1.802, 2.559, 3.364, 2.724, 2.919, 4.221, 4.49, 3.617, 1.762, 0.0, 1.808, 2.458, 3.859, 4.165, 4.114, 4.28, 3.733, 3.072, 3.042, 4.397, 6.844, 6.497, 4.883, 4.763, 6.715, 8.234, 7.328, 6.391, 5.166, 4.11, 3.538, 3.634, 3.659, 4.602, 4.364, 4.828, 5.978, 5.736, 5.978, 8.095, 8.471, 7.462, 6.167, 5.583, 5.274, 5.064, 4.408, 4.244, 3.778, 3.541, 4.0, 3.97, 4.338, 3.933, 4.44, 6.01, 6.869, 9.411, 11.65, 10.771, 9.14, 7.896, 8.352, 8.97, 10.538, 12.435, 11.858, 11.462, 13.505, 8.321, 3.534, 5.813, 6.013, 5.639, 6.237, 7.432, 9.184, 8.461, 8.323, 9.974, 12.323, 12.701, 11.837, 11.662, 11.117, 10.634, 10.538, 10.222, 10.304, 10.425, 11.151, 11.552, 12.806, 13.492, 12.785, 12.076, 11.853, 10.484, 9.846, 10.184, 8.796, 7.075, 6.614, 6.854, 6.349, 5.51, 5.257, 5.964, 6.246, 6.822, 5.364, 3.231, 2.58, 3.221, 4.084, 6.014, 6.222, 5.477, 5.053, 6.352, 8.439, 9.746, 10.061, 10.66, 13.158, 13.946, 15.977], [8.797, 7.947, 8.294, 7.482, 6.819, 6.904, 7.057, 7.596, 8.266, 8.079, 7.215, 6.55, 6.566, 5.98, 5.349, 4.988, 7.1, 4.097, 1.559, 2.877, 3.706, 2.824, 3.122, 4.478, 4.72, 3.89, 2.301, 1.808, 0.0, 1.693, 2.904, 3.082, 3.101, 3.203, 2.495, 1.865, 2.28, 4.566, 7.057, 6.709, 5.132, 5.042, 6.951, 8.453, 7.552, 6.609, 5.565, 4.148, 3.402, 3.403, 3.003, 3.87, 3.453, 4.281, 5.47, 5.02, 5.055, 7.246, 7.78, 7.045, 5.693, 4.712, 4.514, 4.536, 3.487, 3.276, 3.093, 2.671, 2.857, 3.181, 3.918, 3.826, 4.749, 6.595, 7.349, 9.642, 11.863, 10.984, 9.352, 8.112, 8.565, 9.182, 10.761, 12.647, 12.056, 11.646, 13.717, 8.534, 4.241, 5.668, 5.895, 5.804, 6.08, 7.047, 8.993, 8.234, 7.652, 9.16, 11.427, 11.721, 10.924, 10.647, 10.288, 10.04, 10.089, 9.824, 9.795, 9.816, 10.647, 10.901, 12.074, 12.686, 12.096, 11.413, 11.108, 9.703, 9.063, 9.473, 8.186, 6.725, 6.303, 6.559, 6.286, 5.764, 4.792, 5.248, 5.545, 5.905, 4.504, 2.395, 1.678, 3.633, 4.501, 6.426, 6.646, 5.917, 5.293, 6.553, 8.666, 9.972, 10.287, 10.848, 13.371, 14.159, 16.189], [9.872, 8.79, 9.152, 8.1, 7.351, 7.514, 7.829, 8.423, 9.092, 8.956, 8.014, 7.228, 7.174, 6.575, 6.022, 6.429, 8.634, 5.539, 2.773, 4.173, 5.023, 4.212, 4.424, 5.935, 6.203, 5.309, 3.405, 2.458, 1.693, 0.0, 1.88, 2.39, 2.186, 2.417, 2.032, 2.29, 3.619, 6.072, 8.592, 8.248, 6.647, 6.499, 8.458, 9.946, 9.047, 8.066, 6.828, 5.0, 4.146, 4.09, 3.714, 4.529, 4.211, 4.594, 5.724, 5.216, 4.471, 6.554, 6.972, 6.108, 4.775, 4.074, 3.958, 3.962, 3.199, 3.489, 3.694, 3.274, 3.145, 3.881, 4.736, 4.756, 5.687, 7.343, 8.579, 11.179, 13.41, 12.528, 10.892, 9.664, 10.109, 10.722, 12.285, 14.195, 13.381, 13.11, 15.269, 9.917, 4.862, 6.231, 6.44, 6.422, 6.526, 6.702, 7.858, 7.173, 7.071, 8.668, 10.359, 10.533, 9.818, 9.956, 9.72, 9.988, 10.141, 9.964, 9.717, 9.801, 10.71, 11.066, 11.811, 12.3, 11.879, 11.233, 10.838, 9.49, 8.585, 9.214, 8.334, 7.025, 6.546, 6.859, 6.732, 6.33, 5.025, 4.818, 5.188, 5.259, 4.225, 2.513, 2.022, 4.809, 5.499, 7.137, 7.376, 6.642, 6.268, 8.075, 10.21, 11.523, 11.841, 12.404, 14.929, 15.714, 17.744], [10.306, 8.871, 9.342, 7.711, 6.81, 7.15, 8.016, 8.633, 9.535, 9.408, 8.226, 7.21, 7.069, 6.214, 5.942, 7.518, 9.719, 6.74, 4.126, 5.51, 6.264, 5.323, 5.614, 7.132, 7.316, 6.429, 4.621, 3.859, 2.904, 1.88, 0.0, 1.125, 1.186, 1.348, 1.882, 3.333, 4.679, 7.094, 9.626, 9.282, 7.671, 7.572, 9.542, 10.993, 10.046, 9.104, 7.911, 5.305, 4.361, 4.175, 4.522, 4.808, 4.304, 3.875, 5.018, 4.27, 3.085, 4.982, 5.453, 4.775, 3.449, 2.657, 2.797, 2.749, 2.336, 3.124, 4.18, 4.101, 3.087, 3.861, 5.035, 5.568, 6.291, 8.125, 9.707, 12.23, 14.444, 13.562, 11.927, 10.698, 11.143, 11.757, 13.303, 15.256, 14.471, 14.242, 16.304, 10.994, 5.317, 5.725, 5.911, 5.797, 5.761, 5.796, 6.706, 5.95, 5.901, 7.315, 9.097, 9.223, 8.462, 8.443, 8.236, 8.784, 8.903, 8.799, 8.469, 8.583, 9.538, 9.939, 10.385, 10.844, 10.47, 9.872, 9.458, 8.2, 7.303, 7.884, 7.198, 6.039, 5.524, 5.915, 5.975, 5.738, 4.264, 4.069, 4.172, 3.978, 3.396, 2.65, 3.122, 5.931, 6.37, 7.643, 7.527, 6.884, 7.277, 9.211, 11.226, 12.534, 12.854, 13.473, 15.963, 16.748, 18.778], [9.971, 8.454, 8.971, 7.231, 6.323, 6.787, 7.676, 8.271, 9.191, 9.114, 7.983, 6.992, 6.839, 6.007, 5.859, 7.435, 9.642, 6.743, 4.227, 5.63, 6.263, 5.521, 5.824, 7.021, 7.246, 6.481, 4.914, 4.165, 3.082, 2.39, 1.125, 0.0, 1.142, 1.553, 1.955, 3.374, 4.636, 7.021, 9.56, 9.22, 7.681, 7.47, 9.451, 10.898, 9.978, 9.041, 7.822, 5.203, 4.122, 4.157, 4.472, 4.754, 4.159, 3.579, 4.559, 3.848, 2.656, 4.491, 4.993, 4.432, 3.102, 2.243, 2.414, 2.381, 1.964, 2.92, 4.075, 4.042, 3.127, 3.836, 4.973, 5.395, 6.092, 7.917, 9.633, 12.157, 14.381, 13.5, 11.864, 10.64, 11.09, 11.7, 13.236, 15.215, 14.786, 14.378, 16.346, 11.253, 5.299, 5.242, 5.474, 5.319, 5.27, 5.623, 6.513, 5.704, 5.731, 7.132, 8.897, 8.992, 8.136, 7.907, 7.851, 8.318, 8.46, 8.36, 8.037, 8.105, 9.071, 9.452, 9.867, 10.257, 9.972, 9.391, 8.962, 7.722, 6.747, 7.476, 6.705, 5.531, 5.009, 5.416, 5.485, 5.213, 3.821, 3.566, 3.898, 3.364, 2.939, 2.481, 3.399, 5.813, 6.261, 7.376, 7.405, 6.667, 7.184, 9.1, 11.191, 12.502, 12.805, 13.418, 15.934, 16.689, 18.746], [10.172, 8.683, 9.087, 7.643, 6.753, 7.019, 7.838, 8.442, 9.338, 9.259, 8.127, 7.138, 7.076, 6.21, 6.035, 7.639, 9.856, 6.828, 4.193, 5.484, 6.348, 5.576, 5.76, 7.206, 7.427, 6.552, 4.769, 4.114, 3.101, 2.186, 1.186, 1.142, 0.0, 1.158, 1.681, 3.584, 4.881, 7.288, 9.824, 9.484, 7.887, 7.716, 9.679, 11.156, 10.248, 9.27, 8.034, 5.439, 4.206, 4.256, 4.7, 5.033, 4.404, 3.968, 5.083, 4.2, 2.737, 4.668, 5.245, 4.624, 3.345, 2.455, 2.719, 2.761, 2.364, 3.192, 4.318, 4.298, 3.256, 4.075, 5.219, 5.614, 6.256, 8.038, 9.834, 12.383, 14.644, 13.763, 12.127, 10.903, 11.354, 11.964, 13.5, 15.446, 14.703, 14.384, 16.511, 11.215, 5.07, 5.697, 5.901, 5.815, 5.756, 5.856, 6.875, 6.144, 6.084, 7.38, 9.121, 8.924, 8.308, 8.153, 8.292, 8.878, 9.029, 8.883, 8.604, 8.7, 9.634, 10.008, 10.55, 10.96, 10.641, 10.043, 9.616, 8.368, 7.404, 8.06, 7.265, 6.097, 5.558, 5.98, 6.012, 5.698, 4.208, 4.059, 4.37, 4.017, 3.38, 2.544, 3.13, 6.052, 6.436, 7.551, 7.569, 6.834, 7.371, 9.324, 11.44, 12.744, 13.069, 13.65, 16.175, 16.952, 18.985], [10.639, 9.335, 9.74, 8.245, 7.351, 7.617, 8.42, 9.079, 9.874, 9.674, 8.564, 7.536, 7.441, 6.68, 6.284, 7.686, 9.855, 6.863, 4.233, 5.542, 6.361, 5.515, 5.768, 7.222, 7.434, 6.582, 4.842, 4.28, 3.203, 2.417, 1.348, 1.553, 1.158, 0.0, 1.811, 3.602, 4.918, 7.285, 9.818, 9.478, 7.871, 7.717, 9.678, 11.143, 10.24, 9.264, 8.044, 5.545, 4.642, 4.474, 4.77, 5.006, 4.449, 4.275, 5.522, 4.589, 2.969, 4.643, 5.201, 4.633, 3.381, 2.713, 3.111, 3.079, 2.797, 3.494, 4.398, 4.318, 3.285, 4.147, 5.233, 5.71, 6.532, 8.374, 9.85, 12.37, 14.639, 13.758, 12.122, 10.896, 11.342, 11.955, 13.494, 15.452, 14.776, 14.463, 16.511, 11.263, 5.807, 6.264, 6.472, 6.353, 6.264, 6.074, 6.947, 6.227, 6.262, 7.654, 9.359, 9.098, 8.492, 8.326, 8.494, 8.996, 9.114, 9.017, 8.69, 8.795, 9.762, 10.162, 10.685, 11.097, 10.761, 10.129, 9.712, 8.449, 7.538, 8.163, 7.451, 6.546, 5.994, 6.452, 6.53, 6.24, 4.712, 4.534, 4.596, 4.308, 4.001, 2.957, 3.373, 6.073, 6.506, 7.901, 7.801, 7.099, 7.383, 9.343, 11.422, 12.733, 13.061, 13.681, 16.162, 16.947, 18.977], [9.772, 8.502, 8.891, 7.543, 6.65, 6.918, 7.594, 8.3, 9.007, 8.78, 7.703, 6.685, 6.668, 6.011, 5.42, 6.324, 8.3, 5.376, 3.2, 4.505, 5.397, 4.613, 4.862, 5.907, 5.908, 5.123, 3.957, 3.733, 2.495, 2.032, 1.882, 1.955, 1.681, 1.811, 0.0, 2.301, 3.407, 5.754, 8.28, 7.951, 6.445, 6.235, 8.143, 9.626, 8.726, 7.752, 6.527, 4.58, 3.744, 3.496, 3.506, 3.72, 3.321, 3.631, 4.87, 4.174, 3.105, 5.305, 6.299, 5.635, 4.366, 3.319, 3.441, 3.592, 2.323, 2.667, 3.12, 2.921, 2.154, 2.87, 4.029, 4.613, 5.587, 7.296, 8.283, 10.855, 13.099, 12.223, 10.587, 9.382, 9.814, 10.428, 11.983, 13.903, 13.402, 12.92, 14.979, 9.919, 5.144, 5.697, 5.919, 5.813, 5.884, 6.723, 8.132, 7.287, 6.728, 8.206, 10.199, 10.191, 9.299, 8.874, 8.906, 9.398, 9.195, 8.944, 8.775, 8.876, 9.714, 10.042, 10.845, 11.296, 10.918, 10.322, 9.847, 8.517, 7.741, 8.298, 7.335, 6.025, 5.527, 5.909, 5.919, 5.686, 4.446, 4.501, 4.957, 4.559, 3.505, 2.202, 2.374, 4.624, 5.474, 6.993, 6.846, 6.165, 6.016, 7.833, 9.936, 11.222, 11.563, 12.201, 14.677, 15.434, 17.462], [8.702, 7.727, 7.983, 7.234, 6.481, 6.555, 6.739, 7.353, 8.012, 7.811, 6.871, 6.306, 6.308, 6.01, 5.275, 4.833, 6.724, 4.438, 2.385, 3.819, 4.563, 3.657, 3.942, 5.036, 4.818, 4.17, 3.191, 3.072, 1.865, 2.29, 3.333, 3.374, 3.584, 3.602, 2.301, 0.0, 1.743, 4.228, 6.599, 6.306, 4.828, 4.876, 6.52, 7.937, 7.039, 6.098, 5.062, 4.08, 3.578, 4.05, 3.112, 3.301, 2.998, 3.902, 5.053, 4.496, 4.148, 6.698, 7.557, 6.879, 5.606, 4.61, 4.439, 4.466, 3.092, 2.807, 2.674, 2.138, 2.352, 2.827, 3.534, 3.501, 4.53, 6.222, 6.843, 9.112, 11.382, 10.472, 8.83, 7.694, 8.065, 8.693, 10.422, 12.248, 12.511, 11.952, 13.566, 8.891, 5.21, 6.149, 6.166, 6.18, 6.703, 7.875, 9.455, 8.496, 7.777, 9.674, 11.906, 12.142, 11.158, 10.806, 10.374, 10.739, 10.153, 9.768, 9.82, 9.9, 10.374, 10.442, 11.271, 11.76, 11.404, 10.812, 10.631, 9.173, 8.982, 9.426, 8.071, 6.364, 5.996, 6.528, 6.406, 6.092, 5.387, 5.448, 5.77, 5.741, 4.21, 2.791, 2.412, 3.674, 4.781, 6.136, 6.473, 5.672, 5.047, 6.442, 8.53, 9.595, 9.929, 10.762, 12.994, 13.739, 15.782], [7.917, 7.034, 7.408, 6.806, 6.311, 6.35, 6.316, 6.96, 7.661, 7.304, 6.545, 6.166, 6.278, 6.01, 5.298, 3.945, 5.336, 3.212, 1.971, 2.916, 3.46, 2.681, 2.902, 4.045, 3.837, 3.28, 2.735, 3.042, 2.28, 3.619, 4.679, 4.636, 4.881, 4.918, 3.407, 1.743, 0.0, 2.788, 5.053, 4.819, 3.597, 3.668, 5.15, 6.566, 5.704, 4.71, 4.183, 3.832, 3.507, 3.916, 3.214, 3.268, 3.003, 4.024, 5.474, 4.939, 5.277, 7.505, 8.609, 8.122, 6.744, 5.536, 5.296, 5.364, 3.839, 2.902, 2.595, 2.021, 2.611, 2.506, 3.091, 2.945, 4.041, 5.748, 5.945, 7.633, 9.921, 9.016, 7.353, 6.267, 6.776, 7.359, 8.859, 11.111, 11.334, 10.785, 12.312, 7.722, 4.972, 6.279, 6.339, 6.147, 6.904, 8.771, 10.902, 9.95, 9.173, 10.765, 13.111, 13.445, 12.471, 11.982, 11.461, 11.458, 10.622, 10.034, 10.461, 10.529, 10.878, 11.019, 11.937, 12.602, 12.073, 11.605, 11.379, 9.955, 9.967, 10.287, 8.444, 6.455, 6.064, 6.493, 6.2, 5.785, 5.707, 6.293, 6.758, 6.606, 5.0, 3.483, 2.868, 2.894, 4.108, 5.777, 6.147, 5.269, 4.497, 5.208, 7.073, 8.295, 8.563, 9.632, 11.772, 12.407, 14.447], [7.475, 6.931, 7.2, 7.142, 6.917, 6.863, 6.587, 6.854, 7.55, 6.973, 6.37, 6.54, 6.682, 6.377, 5.686, 3.287, 3.34, 2.547, 3.569, 2.756, 2.231, 2.489, 2.444, 2.681, 2.513, 2.322, 3.333, 4.397, 4.566, 6.072, 7.094, 7.021, 7.288, 7.285, 5.754, 4.228, 2.788, 0.0, 2.688, 3.119, 3.387, 3.235, 3.572, 4.684, 3.924, 3.741, 4.113, 4.345, 4.503, 4.777, 3.944, 4.101, 4.144, 5.071, 6.437, 6.16, 7.326, 9.903, 11.179, 10.663, 9.329, 8.041, 7.841, 7.767, 6.348, 4.954, 3.966, 3.67, 4.675, 4.125, 4.325, 4.102, 4.571, 6.079, 5.836, 5.667, 7.451, 6.511, 5.272, 4.698, 4.583, 5.051, 6.407, 8.553, 8.687, 8.126, 9.722, 5.48, 5.133, 7.199, 7.274, 6.93, 7.946, 10.897, 13.261, 12.397, 11.529, 12.524, 14.92, 15.478, 14.553, 13.784, 12.795, 12.829, 11.937, 11.019, 11.692, 11.632, 11.789, 12.154, 13.15, 13.931, 13.21, 12.77, 12.523, 11.195, 11.483, 11.489, 9.461, 7.475, 7.271, 7.517, 7.242, 6.58, 7.598, 8.72, 9.209, 8.982, 7.384, 5.461, 4.696, 2.932, 4.161, 6.231, 6.455, 5.651, 4.79, 3.716, 4.881, 5.907, 6.096, 7.097, 9.246, 9.87, 11.936], [6.993, 6.577, 6.943, 7.455, 7.487, 7.238, 6.924, 6.813, 7.414, 6.686, 6.438, 6.931, 7.096, 6.869, 6.201, 4.02, 2.165, 3.407, 6.031, 4.644, 3.751, 4.548, 4.302, 2.918, 2.794, 3.375, 5.459, 6.844, 7.057, 8.592, 9.626, 9.56, 9.824, 9.818, 8.28, 6.599, 5.053, 2.688, 0.0, 1.752, 3.231, 3.298, 3.045, 3.588, 3.486, 3.412, 4.13, 5.234, 6.19, 6.354, 5.525, 5.407, 5.791, 6.746, 7.752, 7.627, 9.486, 12.219, 13.5, 13.087, 11.684, 10.353, 10.14, 10.044, 8.587, 6.971, 5.892, 5.673, 6.813, 5.927, 5.584, 5.3, 4.931, 6.02, 5.718, 4.877, 5.236, 4.755, 4.541, 4.215, 2.971, 2.808, 4.224, 6.261, 6.655, 6.151, 7.561, 3.582, 6.263, 9.024, 9.342, 8.785, 9.865, 13.4, 15.796, 14.945, 14.067, 14.869, 17.219, 17.973, 17.038, 16.247, 15.095, 14.767, 13.754, 12.715, 13.672, 13.59, 13.194, 13.539, 14.54, 15.591, 14.988, 14.486, 14.152, 13.156, 13.782, 13.594, 11.407, 9.029, 8.661, 8.926, 8.911, 8.479, 10.104, 11.127, 11.668, 11.336, 9.781, 7.95, 7.069, 4.127, 4.823, 6.26, 6.438, 5.672, 5.246, 3.768, 3.758, 4.068, 4.018, 4.945, 6.952, 7.503, 9.553