[[0.0, 3.373, 3.799, 13.454, 25.438, 31.047, 32.195, 33.315, 34.816, 35.297, 35.35, 35.371, 35.723, 36.918, 39.241, 39.736, 39.115, 39.718, 40.749, 43.223, 45.494, 46.641, 46.923, 48.542, 50.421, 51.33, 51.781, 52.214, 51.432, 51.858, 53.68, 54.014, 54.54, 58.097, 60.4, 60.793, 60.863, 58.19, 57.081, 58.489, 58.071, 57.491, 57.438, 57.492, 57.753, 57.987, 58.978, 59.256, 59.001, 58.735, 59.049, 59.194, 58.937, 58.457, 58.031, 57.946, 58.05, 57.872, 58.224, 58.059, 57.685, 57.786, 57.852, 56.864, 56.066, 59.488, 60.413, 59.305, 60.947, 60.991, 61.645, 62.777, 63.724, 63.407, 63.297, 64.273, 65.044, 65.461, 65.639, 65.89, 65.536, 65.096, 65.373, 65.528, 65.482, 65.703], [3.373, 0.0, 2.848, 13.158, 24.979, 30.629, 31.786, 32.941, 34.51, 35.022, 35.062, 35.169, 35.744, 37.046, 39.329, 39.846, 39.267, 39.805, 40.748, 43.203, 45.487, 46.621, 46.943, 48.591, 50.444, 51.251, 51.693, 52.149, 51.282, 51.753, 53.638, 53.951, 54.486, 57.982, 60.348, 60.861, 60.904, 58.254, 57.211, 58.58, 58.157, 57.611, 57.602, 57.686, 57.947, 58.145, 59.112, 59.379, 59.122, 58.825, 59.105, 59.244, 59.002, 58.533, 58.085, 58.034, 58.158, 57.975, 58.372, 58.275, 57.899, 57.981, 58.045, 57.123, 56.369, 59.804, 60.814, 59.743, 61.417, 61.478, 62.081, 63.231, 64.191, 63.872, 63.779, 64.735, 65.429, 65.827, 66.006, 66.251, 65.903, 65.456, 65.736, 65.896, 65.84, 66.073], [3.799, 2.848, 0.0, 11.554, 23.981, 29.785, 30.965, 32.15, 33.672, 34.132, 34.193, 34.271, 34.775, 35.987, 38.239, 38.755, 38.133, 38.687, 39.658, 42.116, 44.416, 45.558, 45.884, 47.55, 49.445, 50.31, 50.772, 51.287, 50.484, 50.948, 52.833, 53.137, 53.653, 57.214, 59.603, 60.078, 60.191, 57.662, 56.646, 58.024, 57.607, 57.079, 57.132, 57.258, 57.526, 57.72, 58.691, 58.994, 58.755, 58.462, 58.745, 58.878, 58.631, 58.184, 57.764, 57.708, 57.808, 57.616, 58.001, 57.874, 57.486, 57.582, 57.654, 56.705, 55.946, 59.369, 60.337, 59.302, 61.024, 61.096, 61.731, 62.9, 63.874, 63.543, 63.44, 64.4, 65.087, 65.472, 65.642, 65.885, 65.542, 65.114, 65.404, 65.556, 65.491, 65.71], [13.454, 13.158, 11.554, 0.0, 13.985, 21.258, 22.434, 23.936, 25.806, 26.369, 26.915, 27.32, 28.479, 30.053, 32.29, 32.951, 32.34, 32.653, 33.303, 35.673, 37.963, 39.223, 39.774, 41.748, 43.9, 44.93, 45.633, 46.583, 46.109, 46.584, 48.435, 48.883, 49.095, 51.995, 54.352, 54.801, 54.97, 53.574, 53.785, 55.12, 54.695, 54.723, 55.206, 55.56, 55.841, 55.863, 56.828, 57.315, 57.14, 56.809, 56.978, 57.067, 56.648, 56.188, 56.022, 56.263, 56.39, 56.138, 56.703, 56.801, 56.348, 56.301, 55.813, 54.859, 54.526, 56.961, 57.653, 57.113, 59.24, 59.523, 60.047, 61.202, 62.219, 61.885, 61.805, 62.596, 63.003, 63.257, 63.406, 63.659, 63.325, 62.859, 63.168, 63.367, 63.221, 63.294], [25.438, 24.979, 23.981, 13.985, 0.0, 9.244, 11.097, 13.533, 16.471, 17.685, 19.402, 20.813, 23.445, 25.943, 28.31, 29.353, 29.48, 29.437, 29.7, 32.291, 34.416, 35.565, 36.243, 38.327, 40.62, 41.622, 42.456, 43.843, 43.687, 44.333, 46.17, 46.838, 47.208, 49.666, 51.896, 52.339, 52.423, 52.26, 54.326, 55.727, 55.143, 55.93, 57.067, 57.751, 58.088, 57.914, 58.886, 59.597, 59.548, 59.236, 59.205, 59.236, 58.693, 58.18, 58.227, 58.788, 59.022, 58.703, 59.35, 59.744, 59.27, 59.052, 57.988, 56.995, 57.128, 58.45, 58.748, 58.633, 61.012, 61.556, 61.889, 62.835, 63.714, 63.402, 63.334, 63.79, 63.781, 63.813, 63.914, 64.183, 63.81, 63.173, 63.432, 63.646, 63.385, 63.31], [31.047, 30.629, 29.785, 21.258, 9.244, 0.0, 5.308, 10.005, 13.095, 14.993, 17.624, 19.462, 22.411, 25.261, 27.635, 28.837, 29.71, 29.674, 30.116, 33.199, 35.314, 36.289, 36.759, 38.485, 40.68, 41.659, 42.421, 43.744, 43.589, 44.549, 46.492, 47.209, 48.206, 51.24, 53.506, 53.859, 53.922, 53.935, 56.482, 58.175, 57.455, 58.305, 59.769, 60.636, 61.034, 60.871, 61.902, 62.703, 62.758, 62.515, 62.386, 62.403, 61.887, 61.291, 61.309, 61.894, 62.129, 61.802, 62.376, 62.759, 62.285, 62.083, 61.015, 59.909, 60.067, 61.29, 61.349, 61.137, 63.419, 64.037, 64.284, 64.996, 65.735, 65.479, 65.404, 65.662, 65.468, 65.363, 65.412, 65.698, 65.304, 64.542, 64.74, 64.925, 64.632, 64.487], [32.195, 31.786, 30.965, 22.434, 11.097, 5.308, 0.0, 6.595, 10.846, 12.612, 15.387, 17.873, 21.456, 24.523, 26.878, 28.065, 29.018, 29.001, 29.187, 31.943, 33.979, 35.022, 35.546, 37.305, 39.45, 40.332, 41.096, 42.532, 42.437, 43.335, 45.232, 45.968, 46.934, 49.986, 52.264, 52.63, 52.655, 52.762, 55.469, 57.157, 56.561, 57.555, 59.05, 59.966, 60.389, 60.205, 61.214, 61.985, 62.028, 61.77, 61.601, 61.61, 61.057, 60.421, 60.446, 61.043, 61.221, 60.869, 61.486, 61.888, 61.386, 61.109, 59.956, 58.872, 58.99, 60.178, 60.299, 60.038, 62.384, 63.006, 63.275, 64.057, 64.8, 64.542, 64.477, 64.729, 64.494, 64.344, 64.381, 64.674, 64.31, 63.59, 63.811, 64.014, 63.737, 63.608], [33.315, 32.941, 32.15, 23.936, 13.533, 10.005, 6.595, 0.0, 6.383, 9.701, 12.279, 15.531, 20.401, 24.074, 26.575, 27.769, 28.771, 28.819, 29.167, 31.906, 33.862, 35.033, 35.707, 37.463, 39.637, 40.491, 41.19, 42.671, 42.644, 43.487, 45.322, 46.078, 46.886, 49.951, 52.327, 52.727, 52.746, 52.935, 55.814, 57.45, 56.947, 58.201, 59.717, 60.59, 60.997, 60.794, 61.784, 62.532, 62.552, 62.259, 62.066, 62.068, 61.462, 60.712, 60.699, 61.283, 61.446, 61.091, 61.703, 62.122, 61.621, 61.267, 60.026, 58.884, 58.991, 60.353, 60.629, 60.353, 62.675, 63.286, 63.594, 64.371, 65.063, 64.798, 64.696, 65.007, 64.868, 64.726, 64.767, 65.077, 64.727, 64.0, 64.223, 64.466, 64.203, 64.07], [34.816, 34.51, 33.672, 25.806, 16.471, 13.095, 10.846, 6.383, 0.0, 5.741, 9.017, 12.436, 17.94, 21.935, 24.291, 25.309, 26.5, 26.679, 27.458, 30.646, 32.689, 33.939, 34.619, 36.164, 38.319, 39.258, 39.914, 41.4, 41.428, 42.399, 44.308, 45.126, 45.971, 49.326, 51.899, 52.328, 52.386, 52.565, 55.558, 57.384, 56.867, 58.144, 59.799, 60.723, 61.148, 60.979, 62.021, 62.8, 62.841, 62.557, 62.359, 62.366, 61.746, 60.918, 60.886, 61.498, 61.684, 61.366, 61.942, 62.325, 61.829, 61.502, 60.278, 59.028, 59.123, 60.679, 60.972, 60.646, 62.917, 63.5, 63.833, 64.591, 65.246, 64.994, 64.903, 65.257, 65.187, 65.053, 65.09, 65.413, 65.066, 64.335, 64.544, 64.77, 64.501, 64.331], [35.297, 35.022, 34.132, 26.369, 17.685, 14.993, 12.612, 9.701, 5.741, 0.0, 5.233, 9.625, 15.207, 18.896, 21.061, 22.07, 23.384, 23.675, 24.466, 27.67, 29.677, 30.917, 31.553, 33.059, 35.14, 36.097, 36.824, 38.5, 38.65, 39.571, 41.52, 42.391, 43.335, 46.957, 49.616, 50.11, 50.172, 50.268, 53.341, 55.238, 54.767, 56.063, 57.792, 58.903, 59.432, 59.282, 60.343, 61.148, 61.189, 60.915, 60.72, 60.723, 60.106, 59.313, 59.341, 60.009, 60.208, 59.91, 60.495, 60.864, 60.355, 60.051, 58.825, 57.524, 57.555, 59.105, 59.369, 58.986, 61.338, 61.9, 62.274, 63.183, 63.899, 63.627, 63.588, 63.976, 63.873, 63.732, 63.768, 64.08, 63.746, 63.094, 63.325, 63.508, 63.232, 63.082], [35.35, 35.062, 34.193, 26.915, 19.402, 17.624, 15.387, 12.279, 9.017, 5.233, 0.0, 6.541, 13.339, 17.234, 19.641, 20.667, 22.078, 22.636, 23.641, 26.778, 28.758, 30.046, 30.735, 32.171, 34.198, 35.106, 35.817, 37.659, 37.882, 38.707, 40.654, 41.502, 42.286, 46.15, 48.972, 49.564, 49.64, 49.534, 52.39, 54.23, 53.806, 55.104, 56.815, 58.011, 58.694, 58.636, 59.677, 60.451, 60.479, 60.153, 59.918, 59.918, 59.324, 58.525, 58.516, 59.205, 59.443, 59.204, 59.781, 60.118, 59.625, 59.281, 58.021, 56.671, 56.679, 58.394, 58.744, 58.293, 60.64, 61.171, 61.56, 62.573, 63.345, 63.071, 63.045, 63.489, 63.409, 63.251, 63.308, 63.626, 63.293, 62.654, 62.884, 63.084, 62.82, 62.675], [35.371, 35.169, 34.271, 27.32, 20.813, 19.462, 17.873, 15.531, 12.436, 9.625, 6.541, 0.0, 8.074, 13.033, 15.919, 17.187, 18.655, 19.475, 20.902, 24.374, 26.447, 27.798, 28.364, 29.459, 31.481, 32.514, 33.31, 35.168, 35.329, 36.264, 38.331, 39.103, 39.902, 44.243, 47.289, 47.885, 48.029, 47.738, 50.53, 52.684, 52.155, 53.216, 54.937, 56.166, 57.018, 57.365, 58.617, 59.36, 59.407, 59.115, 58.957, 58.946, 58.405, 57.683, 57.691, 58.398, 58.684, 58.559, 59.128, 59.393, 58.914, 58.713, 57.65, 56.321, 56.32, 58.127, 58.512, 58.094, 60.442, 60.958, 61.448, 62.592, 63.448, 63.185, 63.228, 63.727, 63.705, 63.551, 63.57, 63.886, 63.553, 62.935, 63.137, 63.255, 62.994, 62.869], [35.723, 35.744, 34.775, 28.479, 23.445, 22.411, 21.456, 20.401, 17.94, 15.207, 13.339, 8.074, 0.0, 6.351, 10.596, 12.383, 14.018, 15.488, 17.729, 21.596, 23.827, 25.279, 25.549, 26.235, 28.244, 29.549, 30.462, 32.247, 32.356, 33.344, 35.511, 36.244, 37.456, 42.758, 46.082, 46.681, 46.95, 46.329, 48.824, 51.322, 50.7, 51.403, 53.106, 54.377, 55.331, 56.058, 57.583, 58.299, 58.359, 58.123, 58.034, 58.025, 57.559, 56.938, 56.961, 57.598, 57.867, 57.821, 58.321, 58.422, 57.943, 57.955, 57.172, 55.782, 55.68, 57.564, 57.856, 57.366, 59.673, 60.139, 60.737, 62.017, 62.968, 62.714, 62.84, 63.396, 63.419, 63.254, 63.224, 63.527, 63.187, 62.619, 62.801, 62.81, 62.562, 62.494], [36.918, 37.046, 35.987, 30.053, 25.943, 25.261, 24.523, 24.074, 21.935, 18.896, 17.234, 13.033, 6.351, 0.0, 6.151, 9.032, 10.829, 13.254, 16.361, 20.06, 22.351, 24.026, 24.19, 24.713, 26.658, 28.1, 29.093, 31.012, 31.226, 32.06, 34.156, 34.912, 36.457, 42.305, 45.787, 46.447, 46.817, 46.077, 48.28, 50.744, 50.124, 50.697, 52.375, 53.715, 54.71, 55.5, 57.062, 57.795, 57.876, 57.663, 57.579, 57.559, 57.076, 56.442, 56.451, 57.024, 57.255, 57.21, 57.64, 57.644, 57.152, 57.209, 56.481, 55.012, 54.824, 56.649, 56.769, 56.152, 58.4, 58.824, 59.48, 60.849, 61.872, 61.626, 61.797, 62.39, 62.411, 62.229, 62.186, 62.474, 62.151, 61.685, 61.898, 61.847, 61.609, 61.587], [39.241, 39.329, 38.239, 32.29, 28.31, 27.635, 26.878, 26.575, 24.291, 21.061, 19.641, 15.919, 10.596, 6.151, 0.0, 4.784, 7.897, 10.987, 15.062, 18.809, 20.99, 22.711, 22.885, 23.259, 25.099, 26.585, 27.665, 29.794, 30.091, 30.963, 33.05, 33.841, 35.509, 41.453, 45.015, 45.719, 46.146, 45.549, 47.926, 50.476, 49.823, 50.352, 52.1, 53.531, 54.552, 55.416, 57.035, 57.807, 57.976, 57.794, 57.707, 57.677, 57.19, 56.495, 56.508, 57.118, 57.307, 57.261, 57.676, 57.675, 57.17, 57.218, 56.451, 54.918, 54.813, 56.583, 56.526, 55.915, 58.162, 58.584, 59.233, 60.603, 61.674, 61.45, 61.645, 62.238, 62.226, 62.017, 61.967, 62.265, 61.961, 61.575, 61.853, 61.8, 61.545, 61.512], [39.736, 39.846, 38.755, 32.951, 29.353, 28.837, 28.065, 27.769, 25.309, 22.07, 20.667, 17.187, 12.383, 9.032, 4.784, 0.0, 5.403, 9.698, 14.291, 18.373, 20.663, 22.406, 22.619, 23.012, 24.802, 26.32, 27.239, 29.334, 29.69, 30.597, 32.758, 33.56, 35.063, 41.154, 44.868, 45.558, 45.973, 45.324, 47.691, 50.311, 49.69, 50.214, 51.967, 53.411, 54.454, 55.337, 56.955, 57.73, 57.894, 57.755, 57.684, 57.666, 57.2, 56.475, 56.445, 57.038, 57.22, 57.186, 57.593, 57.572, 57.069, 57.116, 56.348, 54.784, 54.715, 56.623, 56.567, 55.908, 58.124, 58.533, 59.177, 60.526, 61.577, 61.367, 61.556, 62.147, 62.148, 61.919, 61.861, 62.173, 61.872, 61.491, 61.808, 61.793, 61.526, 61.457], [39.115, 39.267, 38.133, 32.34, 29.48, 29.71, 29.018, 28.771, 26.5, 23.384, 22.078, 18.655, 14.018, 10.829, 7.897, 5.403, 0.0, 6.274, 12.37, 16.85, 19.313, 21.263, 21.564, 22.142, 24.116, 25.761, 26.634, 28.637, 28.974, 29.811, 32.04, 32.828, 34.185, 40.555, 44.517, 45.218, 45.635, 44.941, 47.161, 49.812, 49.232, 49.653, 51.35, 52.812, 53.861, 54.82, 56.475, 57.229, 57.352, 57.241, 57.329, 57.322, 56.858, 56.157, 56.095, 56.639, 56.797, 56.801, 57.23, 57.164, 56.656, 56.762, 56.054, 54.517, 54.458, 56.444, 56.426, 55.693, 57.848, 58.231, 58.89, 60.269, 61.335, 61.108, 61.311, 61.938, 61.956, 61.743, 61.669, 61.977, 61.673, 61.303, 61.626, 61.604, 61.32, 61.248], [39.718, 39.805, 38.687, 32.653, 29.437, 29.674, 29.001, 28.819, 26.679, 23.675, 22.636, 19.475, 15.488, 13.254, 10.987, 9.698, 6.274, 0.0, 8.248, 14.271, 16.981, 18.999, 19.553, 20.529, 22.95, 24.755, 25.683, 27.758, 28.093, 29.011, 31.285, 32.072, 33.503, 39.957, 44.012, 44.741, 45.125, 44.595, 47.089, 49.83, 49.262, 49.712, 51.504, 53.04, 54.064, 55.005, 56.655, 57.401, 57.563, 57.466, 57.608, 57.635, 57.244, 56.635, 56.58, 57.134, 57.234, 57.258, 57.772, 57.725, 57.199, 57.35, 56.644, 55.119, 55.118, 57.046, 56.989, 56.278, 58.486, 58.876, 59.496, 60.873, 61.939, 61.695, 61.946, 62.597, 62.531, 62.28, 62.215, 62.515, 62.179, 61.756, 62.037, 62.015, 61.721, 61.635], [40.749, 40.748, 39.658, 33.303, 29.7, 30.116, 29.187, 29.167, 27.458, 24.466, 23.641, 20.902, 17.729, 16.361, 15.062, 14.291, 12.37, 8.248, 0.0, 7.971, 12.131, 14.697, 15.881, 17.667, 20.507, 22.245, 23.401, 25.881, 26.306, 27.011, 29.272, 30.096, 31.216, 37.328, 41.353, 42.126, 42.493, 42.167, 44.936, 47.7, 47.212, 47.807, 49.631, 51.182, 52.177, 52.999, 54.524, 55.203, 55.356, 55.245, 55.382, 55.432, 55.159, 54.789, 54.864, 55.485, 55.528, 55.527, 56.17, 56.183, 55.611, 55.768, 55.061, 53.763, 53.812, 55.514, 55.622, 55.165, 57.696, 58.134, 58.8, 60.401, 61.586, 61.345, 61.693, 62.387, 62.246, 61.971, 61.942, 62.218, 61.902, 61.508, 61.761, 61.759, 61.521, 61.463], [43.223, 43.203, 42.116, 35.673, 32.291, 33.199, 31.943, 31.906, 30.646, 27.67, 26.778, 24.374, 21.596, 20.06, 18.809, 18.373, 16.85, 14.271, 7.971, 0.0, 6.517, 10.894, 12.869, 15.26, 18.125, 19.723, 21.283, 24.474, 25.207, 25.321, 27.317, 28.262, 28.89, 34.626, 38.659, 39.517, 39.953, 39.893, 42.686, 45.299, 44.949, 45.674, 47.453, 49.032, 50.042, 50.81, 52.222, 52.831, 52.987, 52.851, 52.973, 53.021, 52.754, 52.54, 52.754, 53.474, 53.504, 53.503, 54.239, 54.314, 53.716, 53.806, 52.959, 51.775, 51.849, 53.112, 53.306, 53.137, 55.924, 56.403, 57.165, 59.046, 60.406, 60.158, 60.572, 61.303, 61.109, 60.825, 60.823, 61.074, 60.814, 60.532, 60.787, 60.764, 60.553, 60.532], [45.494, 45.487, 44.416, 37.963, 34.416, 35.314, 33.979, 33.862, 32.689, 29.677, 28.758, 26.447, 23.827, 22.351, 20.99, 20.663, 19.313, 16.981, 12.131, 6.517, 0.0, 5.877, 9.061, 11.984, 15.067, 16.904, 18.54, 22.106, 23.31, 23.248, 25.013, 25.966, 26.56, 32.611, 36.712, 37.537, 37.984, 38.309, 41.595, 44.24, 43.948, 44.754, 46.641, 48.372, 49.422, 50.205, 51.638, 52.253, 52.411, 52.319, 52.451, 52.49, 52.25, 52.215, 52.701, 53.516, 53.573, 53.606, 54.386, 54.531, 53.982, 54.134, 53.173, 51.976, 52.14, 53.222, 53.377, 53.307, 56.199, 56.723, 57.476, 59.31, 60.671, 60.403, 60.788, 61.499, 61.224, 60.875, 60.829, 61.052, 60.773, 60.501, 60.764, 60.707, 60.426, 60.38], [46.641, 46.621, 45.558, 39.223, 35.565, 36.289, 35.022, 35.033, 33.939, 30.917, 30.046, 27.798, 25.279, 24.026, 22.711, 22.406, 21.263, 18.999, 14.697, 10.894, 5.877, 0.0, 5.059, 9.171, 12.859, 15.068, 16.644, 20.274, 21.714, 21.851, 23.62, 24.458, 25.295, 31.98, 36.158, 36.914, 37.348, 37.897, 41.544, 44.296, 43.974, 44.635, 46.561, 48.433, 49.523, 50.328, 51.805, 52.414, 52.571, 52.497, 52.651, 52.691, 52.576, 52.755, 53.481, 54.43, 54.531, 54.592, 55.335, 55.479, 54.977, 55.23, 54.373, 53.245, 53.469, 54.685, 54.816, 54.683, 57.565, 58.094, 58.785, 60.476, 61.795, 61.536, 61.906, 62.602, 62.285, 61.902, 61.82, 62.024, 61.709, 61.39, 61.64, 61.561, 61.246, 61.212], [46.923, 46.943, 45.884, 39.774, 36.243, 36.759, 35.546, 35.707, 34.619, 31.553, 30.735, 28.364, 25.549, 24.19, 22.885, 22.619, 21.564, 19.553, 15.881, 12.869, 9.061, 5.059, 0.0, 5.692, 10.577, 13.317, 14.963, 18.65, 20.199, 20.472, 22.375, 23.318, 24.77, 32.16, 36.473, 37.22, 37.696, 38.155, 41.737, 44.563, 44.188, 44.663, 46.484, 48.364, 49.498, 50.364, 51.894, 52.507, 52.681, 52.685, 52.881, 52.937, 52.847, 53.012, 53.76, 54.697, 54.877, 54.986, 55.625, 55.699, 55.234, 55.588, 54.892, 53.727, 53.882, 55.221, 55.267, 55.024, 57.793, 58.295, 59.017, 60.666, 61.953, 61.714, 62.089, 62.777, 62.525, 62.181, 62.078, 62.281, 61.952, 61.624, 61.854, 61.723, 61.416, 61.439], [48.542, 48.591, 47.55, 41.748, 38.327, 38.485, 37.305, 37.463, 36.164, 33.059, 32.171, 29.459, 26.235, 24.713, 23.259, 23.012, 22.142, 20.529, 17.667, 15.26, 11.984, 9.171, 5.692, 0.0, 6.267, 10.122, 12.205, 16.481, 18.283, 18.699, 20.675, 21.541, 23.306, 31.438, 35.952, 36.709, 37.259, 37.614, 41.215, 44.319, 43.853, 44.14, 46.079, 48.097, 49.33, 50.365, 52.012, 52.636, 52.849, 52.9, 53.094, 53.126, 53.06, 53.233, 53.956, 54.87, 55.101, 55.348, 55.978, 56.011, 55.546, 55.93, 55.324, 54.109, 54.209, 55.665, 55.703, 55.437, 58.191, 58.682, 59.461, 61.175, 62.499, 62.285, 62.702, 63.398, 63.151, 62.794, 62.674, 62.873, 62.552, 62.27, 62.499, 62.323, 62.032, 62.083], [50.421, 50.444, 49.445, 43.9, 40.62, 40.68, 39.45, 39.637, 38.319, 35.14, 34.198, 31.481, 28.244, 26.658, 25.099, 24.802, 24.116, 22.95, 20.507, 18.125, 15.067, 12.859, 10.577, 6.267, 0.0, 5.358, 8.593, 13.922, 16.149, 16.373, 18.311, 19.205, 21.393, 30.185, 34.797, 35.631, 36.219, 36.557, 40.249, 43.474, 42.966, 43.221, 45.306, 47.509, 48.853, 49.945, 51.619, 52.23, 52.432, 52.506, 52.658, 52.667, 52.608, 52.795, 53.541, 54.485, 54.739, 55.094, 55.94, 56.075, 55.612, 56.02, 55.399, 54.229, 54.358, 55.679, 55.711, 55.425, 58.178, 58.673, 59.445, 61.242, 62.623, 62.415, 62.89, 63.551, 63.21, 62.823, 62.697, 62.861, 62.553, 62.351, 62.619, 62.412, 62.149, 62.223], [51.33, 51.251, 50.31, 44.93, 41.622, 41.659, 40.332, 40.491, 39.258, 36.097, 35.106, 32.514, 29.549, 28.1, 26.585, 26.32, 25.761, 24.755, 22.245, 19.723, 16.904, 15.068, 13.317, 10.122, 5.358, 0.0, 5.804, 12.589, 14.854, 15.091, 17.025, 17.971, 20.638, 29.818, 34.446, 35.431, 35.982, 36.328, 40.255, 43.473, 42.968, 43.272, 45.324, 47.539, 48.904, 49.956, 51.63, 52.195, 52.35, 52.418, 52.574, 52.585, 52.516, 52.702, 53.456, 54.451, 54.733, 55.067, 55.995, 56.276, 55.83, 56.226, 55.586, 54.467, 54.636, 55.89, 55.93, 55.613, 58.377, 58.879, 59.652, 61.473, 62.837, 62.608, 63.087, 63.718, 63.321, 62.93, 62.795, 62.927, 62.61, 62.432, 62.719, 62.499, 62.239, 62.341], [51.781, 51.693, 50.772, 45.633, 42.456, 42.421, 41.096, 41.19, 39.914, 36.824, 35.817, 33.31, 30.462, 29.093, 27.665, 27.239, 26.634, 25.683, 23.401, 21.283, 18.54, 16.644, 14.963, 12.205, 8.593, 5.804, 0.0, 8.384, 11.587, 11.901, 14.338, 15.572, 19.435, 30.198, 35.266, 36.264, 36.784, 37.055, 41.095, 44.316, 43.802, 44.105, 46.073, 48.224, 49.621, 50.666, 52.323, 52.896, 53.034, 53.115, 53.24, 53.279, 53.19, 53.26, 53.995, 54.821, 55.1, 55.432, 56.283, 56.502, 56.231, 56.813, 56.189, 54.996, 55.186, 56.679, 56.602, 55.935, 58.428, 58.891, 59.565, 61.168, 62.375, 62.137, 62.573, 63.168, 62.788, 62.373, 62.168, 62.291, 61.948, 61.736, 62.034, 61.808, 61.518, 61.626], [52.214, 52.149, 51.287, 46.583, 43.843, 43.744, 42.532, 42.671, 41.4, 38.5, 37.659, 35.168, 32.247, 31.012, 29.794, 29.334, 28.637, 27.758, 25.881, 24.474, 22.106, 20.274, 18.65, 16.481, 13.922, 12.589, 8.384, 0.0, 5.275, 7.345, 10.819, 12.21, 18.345, 31.253, 36.879, 37.807, 38.23, 38.165, 42.102, 45.523, 44.938, 45.039, 46.914, 48.971, 50.373, 51.466, 53.182, 53.766, 53.868, 53.993, 54.137, 54.214, 54.217, 54.161, 54.872, 55.46, 55.621, 55.978, 56.835, 56.931, 56.803, 57.924, 57.512, 56.279, 56.458, 58.299, 58.207, 57.158, 59.249, 59.662, 60.147, 61.404, 62.449, 62.229, 62.641, 63.135, 62.739, 62.318, 61.954, 62.026, 61.63, 61.275, 61.576, 61.303, 60.961, 61.067], [51.432, 51.282, 50.484, 46.109, 43.687, 43.589, 42.437, 42.644, 41.428, 38.65, 37.882, 35.329, 32.356, 31.226, 30.091, 29.69, 28.974, 28.093, 26.306, 25.207, 23.31, 21.714, 20.199, 18.283, 16.149, 14.854, 11.587, 5.275, 0.0, 6.258, 11.06, 11.912, 18.48, 31.821, 37.606, 38.578, 38.942, 38.489, 42.197, 45.77, 45.131, 45.064, 46.91, 48.944, 50.341, 51.51, 53.317, 53.858, 53.94, 54.061, 54.255, 54.334, 54.41, 54.357, 54.968, 55.516, 55.637, 55.984, 56.864, 56.967, 56.809, 58.054, 57.881, 56.712, 56.823, 58.909, 58.956, 57.847, 59.863, 60.249, 60.729, 61.959, 63.005, 62.795, 63.231, 63.725, 63.324, 62.934, 62.541, 62.595, 62.196, 61.81, 62.107, 61.835, 61.525, 61.651], [51.858, 51.753, 50.948, 46.584, 44.333, 44.549, 43.335, 43.487, 42.399, 39.571, 38.707, 36.264, 33.344, 32.06, 30.963, 30.597, 29.811, 29.011, 27.011, 25.321, 23.248, 21.851, 20.472, 18.699, 16.373, 15.091, 11.901, 7.345, 6.258, 0.0, 6.245, 8.159, 15.462, 29.664, 35.635, 36.656, 37.06, 36.785, 40.473, 43.79, 43.16, 43.238, 45.086, 47.167, 48.611, 49.724, 51.466, 52.024, 52.114, 52.236, 52.404, 52.5, 52.55, 52.517, 53.19, 53.711, 53.862, 54.199, 55.157, 55.284, 55.175, 56.401, 56.123, 55.143, 55.406, 57.244, 57.263, 56.246, 58.381, 58.778, 59.376, 60.788, 61.872, 61.652, 62.089, 62.669, 62.341, 61.955, 61.604, 61.66, 61.285, 60.996, 61.319, 61.032, 60.769, 60.974], [53.68, 53.638, 52.833, 48.435, 46.17, 46.492, 45.232, 45.322, 44.308, 41.52, 40.654, 38.331, 35.511, 34.156, 33.05, 32.758, 32.04, 31.285, 29.272, 27.317, 25.013, 23.62, 22.375, 20.675, 18.311, 17.025, 14.338, 10.819, 11.06, 6.245, 0.0, 4.564, 13.707, 28.365, 34.46, 35.533, 35.942, 35.991, 40.002, 43.213, 42.553, 42.669, 44.511, 46.644, 48.096, 49.147, 50.813, 51.352, 51.438, 51.595, 51.749, 51.857, 51.901, 51.848, 52.591, 53.139, 53.302, 53.629, 54.632, 54.804, 54.703, 55.966, 55.49, 54.59, 55.241, 56.869, 56.704, 55.847, 58.093, 58.551, 59.22, 60.673, 61.762, 61.535, 62.002, 62.631, 62.318, 61.918, 61.574, 61.62, 61.268, 61.049, 61.374, 61.042, 60.781, 61.023], [54.014, 53.951, 53.137, 48.883, 46.838, 47.209, 45.968, 46.078, 45.126, 42.391, 41.502, 39.103, 36.244, 34.912, 33.841, 33.56, 32.828, 32.072, 30.096, 28.262, 25.966, 24.458, 23.318, 21.541, 19.205, 17.971, 15.572, 12.21, 11.912, 8.159, 4.564, 0.0, 11.768, 27.599, 33.914, 34.991, 35.433, 35.346, 39.369, 42.787, 42.165, 42.187, 44.09, 46.312, 47.821, 48.969, 50.647, 51.122, 51.206, 51.369, 51.534, 51.629, 51.75, 51.841, 52.616, 53.124, 53.241, 53.6, 54.609, 54.745, 54.63, 55.978, 55.627, 54.749, 55.4, 57.21, 57.188, 56.362, 58.616, 59.099, 59.765, 61.195, 62.278, 62.031, 62.503, 63.137, 62.781, 62.348, 61.972, 61.996, 61.648, 61.45, 61.774, 61.439, 61.187, 61.428], [54.54, 54.486, 53.653, 49.095, 47.208, 48.206, 46.934, 46.886, 45.971, 43.335, 42.286, 39.902, 37.456, 36.457, 35.509, 35.063, 34.185, 33.503, 31.216, 28.89, 26.56, 25.295, 24.77, 23.306, 21.393, 20.638, 19.435, 18.345, 18.48, 15.462, 13.707, 11.768, 0.0, 17.734, 25.162, 26.556, 27.137, 27.621, 32.624, 36.092, 35.885, 36.621, 38.946, 41.267, 42.826, 43.966, 45.6, 46.181, 46.322, 46.326, 46.474, 46.524, 46.83, 47.443, 48.423, 49.032, 49.155, 49.616, 50.693, 50.934, 50.826, 52.114, 51.733, 51.298, 52.218, 54.065, 54.923, 55.39, 58.382, 58.93, 59.777, 61.537, 62.781, 62.548, 62.964, 63.689, 63.35, 62.868, 62.526, 62.568, 62.271, 62.16, 62.505, 62.292, 62.027, 62.204], [58.097, 57.982, 57.214, 51.995, 49.666, 51.24, 49.986, 49.951, 49.326, 46.957, 46.15, 44.243, 42.758, 42.305, 41.453, 41.154, 40.555, 39.957, 37.328, 34.626, 32.611, 31.98, 32.16, 31.438, 30.185, 29.818, 30.198, 31.253, 31.821, 29.664, 28.365, 27.599, 17.734, 0.0, 9.267, 12.346, 13.401, 17.03, 24.959, 27.761, 28.136, 30.608, 33.468, 35.589, 36.889, 37.64, 39.154, 40.058, 40.381, 40.238, 40.327, 40.255, 40.676, 42.085, 43.539, 44.54, 44.72, 45.17, 46.357, 47.074, 47.02, 47.973, 47.244, 47.598, 49.153, 50.123, 52.015, 55.297, 59.755, 60.501, 61.569, 63.777, 65.366, 65.202, 65.646, 66.393, 65.974, 65.535, 65.294, 65.343, 65.154, 65.25, 65.608, 65.477, 65.216, 65.335], [60.4, 60.348, 59.603, 54.352, 51.896, 53.506, 52.264, 52.327, 51.899, 49.616, 48.972, 47.289, 46.082, 45.787, 45.015, 44.868, 44.517, 44.012, 41.353, 38.659, 36.712, 36.158, 36.473, 35.952, 34.797, 34.446, 35.266, 36.879, 37.606, 35.635, 34.46, 33.914, 25.162, 9.267, 0.0, 5.069, 7.083, 13.558, 22.698, 25.0, 25.561, 28.702, 31.706, 33.747, 34.875, 35.466, 37.023, 38.082, 38.531, 38.479, 38.594, 38.458, 38.919, 40.854, 42.753, 44.005, 44.169, 44.542, 45.71, 46.615, 46.581, 47.359, 46.471, 47.099, 48.628, 48.912, 51.131, 55.556, 60.733, 61.617, 62.819, 65.2, 66.91, 66.77, 67.224, 67.965, 67.523, 67.116, 66.925, 66.959, 66.798, 66.997, 67.352, 67.18, 66.917, 67.055], [60.793, 60.861, 60.078, 54.801, 52.339, 53.859, 52.63, 52.727, 52.328, 50.11, 49.564, 47.885, 46.681, 46.447, 45.719, 45.558, 45.218, 44.741, 42.126, 39.517, 37.537, 36.914, 37.22, 36.709, 35.631, 35.431, 36.264, 37.807, 38.578, 36.656, 35.533, 34.991, 26.556, 12.346, 5.069, 0.0, 4.045, 12.497, 22.201, 24.675, 25.21, 28.332, 31.351, 33.403, 34.519, 35.153, 36.792, 37.899, 38.386, 38.41, 38.592, 38.45, 38.912, 40.956, 43.038, 44.348, 44.486, 44.842, 45.954, 46.808, 46.755, 47.547, 46.628, 47.271, 48.736, 48.894, 51.086, 55.556, 60.865, 61.842, 63.147, 65.527, 67.191, 67.042, 67.461, 68.185, 67.782, 67.389, 67.194, 67.237, 67.073, 67.283, 67.637, 67.439, 67.162, 67.284], [60.863, 60.904, 60.191, 54.97, 52.423, 53.922, 52.655, 52.746, 52.386, 50.172, 49.64, 48.029, 46.95, 46.817, 46.146, 45.973, 45.635, 45.125, 42.493, 39.953, 37.984, 37.348, 37.696, 37.259, 36.219, 35.982, 36.784, 38.23, 38.942, 37.06, 35.942, 35.433, 27.137, 13.401, 7.083, 4.045, 0.0, 10.622, 21.372, 23.806, 24.371, 27.669, 30.69, 32.799, 33.938, 34.49, 36.122, 37.241, 37.714, 37.699, 37.858, 37.714, 38.152, 40.212, 42.333, 43.727, 43.895, 44.252, 45.396, 46.323, 46.252, 47.002, 46.08, 46.867, 48.387, 48.527, 50.825, 55.245, 60.583, 61.607, 62.962, 65.42, 67.078, 66.941, 67.371, 68.081, 67.659, 67.272, 67.083, 67.131, 66.969, 67.182, 67.543, 67.364, 67.096, 67.203], [58.19, 58.254, 57.662, 53.574, 52.26, 53.935, 52.762, 52.935, 52.565, 50.268, 49.534, 47.738, 46.329, 46.077, 45.549, 45.324, 44.941, 44.595, 42.167, 39.893, 38.309, 37.897, 38.155, 37.614, 36.557, 36.328, 37.055, 38.165, 38.489, 36.785, 35.991, 35.346, 27.621, 17.03, 13.558, 12.497, 10.622, 0.0, 12.462, 16.481, 17.042, 20.401, 23.937, 26.614, 28.142, 28.966, 30.806, 31.891, 32.394, 32.437, 32.661, 32.547, 33.285, 35.707, 37.755, 39.014, 39.091, 39.54, 40.601, 41.382, 41.381, 42.4, 42.118, 43.053, 44.176, 45.038, 47.821, 51.967, 57.316, 58.251, 59.818, 62.899, 64.813, 64.67, 65.203, 66.014, 65.661, 65.297, 65.115, 65.181, 65.045, 65.323, 65.681, 65.482, 65.316, 65.472], [57.081, 57.211, 56.646, 53.785, 54.326, 56.482, 55.469, 55.814, 55.558, 53.341, 52.39, 50.53, 48.824, 48.28, 47.926, 47.691, 47.161, 47.089, 44.936, 42.686, 41.595, 41.544, 41.737, 41.215, 40.249, 40.255, 41.095, 42.102, 42.197, 40.473, 40.002, 39.369, 32.624, 24.959, 22.698, 22.201, 21.372, 12.462, 0.0, 7.952, 9.452, 12.007, 16.425, 19.881, 21.8, 22.989, 24.877, 25.946, 26.666, 26.781, 27.09, 27.029, 28.294, 31.533, 33.552, 34.529, 34.348, 34.939, 35.98, 36.425, 36.506, 37.751, 38.291, 39.602, 40.069, 41.486, 44.927, 49.222, 54.791, 55.594, 57.367, 61.168, 63.61, 63.512, 64.126, 65.087, 64.84, 64.537, 64.409, 64.466, 64.39, 64.785, 65.148, 64.954, 64.94, 65.196], [58.489, 58.58, 58.024, 55.12, 55.727, 58.175, 57.157, 57.45, 57.384, 55.238, 54.23, 52.684, 51.322, 50.744, 50.476, 50.311, 49.812, 49.83, 47.7, 45.299, 44.24, 44.296, 44.563, 44.319, 43.474, 43.473, 44.316, 45.523, 45.77, 43.79, 43.213, 42.787, 36.092, 27.761, 25.0, 24.675, 23.806, 16.481, 7.952, 0.0, 5.327, 10.991, 15.122, 18.566, 20.403, 20.83, 22.315, 23.79, 24.608, 24.611, 24.635, 24.582, 25.839, 29.441, 31.698, 32.737, 32.646, 33.131, 34.238, 34.933, 35.11, 36.174, 36.6, 38.319, 38.781, 39.695, 43.511, 48.354, 54.163, 55.017, 56.808, 60.715, 63.253, 63.249, 63.836, 64.802, 64.572, 64.315, 64.259, 64.309, 64.248, 64.733, 65.104, 64.938, 64.982, 65.292], [58.071, 58.157, 57.607, 54.695, 55.143, 57.455, 56.561, 56.947, 56.867, 54.767, 53.806, 52.155, 50.7, 50.124, 49.823, 49.69, 49.232, 49.262, 47.212, 44.949, 43.948, 43.974, 44.188, 43.853, 42.966, 42.968, 43.802, 44.938, 45.131, 43.16, 42.553, 42.165, 35.885, 28.136, 25.561, 25.21, 24.371, 17.042, 9.452, 5.327, 0.0, 8.057, 13.313, 17.228, 19.249, 19.868, 21.596, 23.145, 24.042, 24.101, 24.136, 24.046, 25.305, 28.845, 31.156, 32.359, 32.5, 33.009, 34.099, 34.902, 35.142, 36.266, 36.693, 38.323, 38.868, 39.575, 43.064, 47.78, 53.521, 54.438, 56.232, 60.128, 62.662, 62.673, 63.325, 64.275, 64.021, 63.778, 63.735, 63.789, 63.711, 64.172, 64.538, 64.344, 64.38, 64.7], [57.491, 57.611, 57.079, 54.723, 55.93, 58.305, 57.555, 58.201, 58.144, 56.063, 55.104, 53.216, 51.403, 50.697, 50.352, 50.214, 49.653, 49.712, 47.807, 45.674, 44.754, 44.635, 44.663, 44.14, 43.221, 43.272, 44.105, 45.039, 45.064, 43.238, 42.669, 42.187, 36.621, 30.608, 28.702, 28.332, 27.669, 20.401, 12.007, 10.991, 8.057, 0.0, 7.662, 13.18, 15.682, 17.421, 19.676, 20.874, 21.923, 22.149, 22.608, 22.565, 24.158, 27.97, 30.196, 31.43, 31.695, 32.434, 33.445, 34.043, 34.266, 35.547, 36.455, 38.076, 38.419, 39.718, 42.989, 47.297, 52.997, 53.873, 55.764, 59.702, 62.38, 62.438, 63.151, 64.283, 64.181, 64.021, 64.001, 64.063, 63.973, 64.428, 64.788, 64.553, 64.61, 64.995], [57.438, 57.602, 57.132, 55.206, 57.067, 59.769, 59.05, 59.717, 59.799, 57.792, 56.815, 54.937, 53.106, 52.375, 52.1, 51.967, 51.35, 51.504, 49.631, 47.453, 46.641, 46.561, 46.484, 46.079, 45.306, 45.324, 46.073, 46.914, 46.91, 45.086, 44.511, 44.09, 38.946, 33.468, 31.706, 31.351, 30.69, 23.937, 16.425, 15.122, 13.313, 7.662, 0.0, 6.801, 10.22, 13.074, 15.829, 16.884, 18.027, 18.489, 19.364, 19.431, 20.964, 24.841, 27.221, 28.539, 29.089, 30.008, 31.002, 31.65, 31.928, 33.284, 34.341, 36.089, 36.371, 37.847, 41.221, 45.528, 51.203, 52.061, 54.092, 58.084, 60.85, 60.996, 61.72, 63.068, 63.354, 63.461, 63.517, 63.585, 63.506, 64.023, 64.389, 64.117, 64.224, 64.68], [57.492, 57.686, 57.258, 55.56, 57.751, 60.636, 59.966, 60.59, 60.723, 58.903, 58.011, 56.166, 54.377, 53.715, 53.531, 53.411, 52.812, 53.04, 51.182, 49.032, 48.372, 48.433, 48.364, 48.097, 47.509, 47.539, 48.224, 48.971, 48.944, 47.167, 46.644, 46.312, 41.267, 35.589, 33.747, 33.403, 32.799, 26.614, 19.881, 18.566, 17.228, 13.18, 6.801, 0.0, 4.887, 9.617, 13.105, 14.282, 15.677, 16.331, 17.517, 17.673, 19.136, 22.934, 25.401, 26.725, 27.458, 28.467, 29.413, 30.14, 30.531, 32.021, 33.159, 34.973, 35.296, 36.909, 40.492, 45.101, 50.752, 51.602, 53.712, 57.668, 60.473, 60.676, 61.374, 62.784, 63.349, 63.712, 63.829, 63.893, 63.819, 64.333, 64.693, 64.412, 64.532, 65.004], [57.753, 57.947, 57.526, 55.841, 58.088, 61.034, 60.389, 60.997, 61.148, 59.432, 58.694, 57.018, 55.331, 54.71, 54.552, 54.454, 53.861, 54.064, 52.177, 50.042, 49.422, 49.523, 49.498, 49.33, 48.853, 48.904, 49.621, 50.373, 50.341, 48.611, 48.096, 47.821, 42.826, 36.889, 34.875, 34.519, 33.938, 28.142, 21.8, 20.403, 19.249, 15.682, 10.22, 4.887, 0.0, 6.419, 10.846, 12.084, 13.695, 14.534, 16.062, 16.338, 17.787, 21.802, 24.427, 25.84, 26.587, 27.532, 28.472, 29.329, 29.758, 31.252, 32.445, 34.369, 34.694, 36.286, 40.05, 44.992, 50.758, 51.619, 53.772, 57.693, 60.552, 60.798, 61.46, 62.869, 63.506, 63.98, 64.162, 64.25, 64.176, 64.678, 65.033, 64.748, 64.855, 65.329], [57.987, 58.145, 57.72, 55.863, 57.914, 60.871, 60.205, 60.794, 60.979, 59.282, 58.636, 57.365, 56.058, 55.5, 55.416, 55.337, 54.82, 55.005, 52.999, 50.81, 50.205, 50.328, 50.364, 50.365, 49.945, 49.956, 50.666, 51.466, 51.51, 49.724, 49.147, 48.969, 43.966, 37.64, 35.466, 35.153, 34.49, 28.966, 22.989, 20.83, 19.868, 17.421, 13.074, 9.617, 6.419, 0.0, 5.686, 8.037, 9.984, 11.122, 12.664, 13.167, 14.814, 19.36, 22.384, 24.013, 24.818, 25.63, 26.672, 27.832, 28.329, 29.833, 30.922, 32.982, 33.359, 34.674, 38.615, 43.924, 49.892, 50.803, 53.012, 56.973, 59.839, 60.123, 60.755, 62.124, 62.737, 63.24, 63.483, 63.624, 63.584, 64.101, 64.456, 64.182, 64.293, 64.751], [58.978, 59.112, 58.691, 56.828, 58.886, 61.902, 61.214, 61.784, 62.021, 60.343, 59.677, 58.617, 57.583, 57.062, 57.035, 56.955, 56.475, 56.655, 54.524, 52.222, 51.638, 51.805, 51.894, 52.012, 51.619, 51.63, 52.323, 53.182, 53.317, 51.466, 50.813, 50.647, 45.6, 39.154, 37.023, 36.792, 36.122, 30.806, 24.877, 22.315, 21.596, 19.676, 15.829, 13.105, 10.846, 5.686, 0.0, 4.578, 7.682, 9.281, 10.713, 11.405, 13.427, 18.415, 21.615, 23.252, 24.079, 24.828, 25.955, 27.233, 27.775, 29.263, 30.322, 32.546, 32.92, 34.025, 38.14, 43.619, 49.636, 50.574, 52.822, 56.887, 59.77, 60.063, 60.719, 62.087, 62.673, 63.167, 63.431, 63.589, 63.645, 64.219, 64.572, 64.315, 64.459, 64.92], [59.256, 59.379, 58.994, 57.315, 59.597, 62.703, 61.985, 62.532, 62.8, 61.148, 60.451, 59.36, 58.299, 57.795, 57.807, 57.73, 57.229, 57.401, 55.203, 52.831, 52.253, 52.414, 52.507, 52.636, 52.23, 52.195, 52.896, 53.766, 53.858, 52.024, 51.352, 51.122, 46.181, 40.058, 38.082, 37.899, 37.241, 31.891, 25.946, 23.79, 23.145, 20.874, 16.884, 14.282, 12.084, 8.037, 4.578, 0.0, 4.62, 7.04, 9.195, 10.057, 12.493, 17.903, 21.148, 22.814, 23.644, 24.388, 25.582, 26.882, 27.444, 28.93, 30.124, 32.471, 32.834, 34.065, 38.252, 43.561, 49.507, 50.422, 52.71, 56.85, 59.773, 60.044, 60.752, 62.194, 62.795, 63.304, 63.595, 63.748, 63.836, 64.476, 64.848, 64.59, 64.756, 65.251], [59.001, 59.122, 58.755, 57.14, 59.548, 62.758, 62.028, 62.552, 62.841, 61.189, 60.479, 59.407, 58.359, 57.876, 57.976, 57.894, 57.352, 57.563, 55.356, 52.987, 52.411, 52.571, 52.681, 52.849, 52.432, 52.35, 53.034, 53.868, 53.94, 52.114, 51.438, 51.206, 46.322, 40.381, 38.531, 38.386, 37.714, 32.394, 26.666, 24.608, 24.042, 21.923, 18.027, 15.677, 13.695, 9.984, 7.682, 4.62, 0.0, 4.309, 7.661, 8.571, 11.242, 16.916, 20.249, 22.011, 22.882, 23.636, 24.919, 26.32, 26.886, 28.399, 29.761, 32.255, 32.602, 33.994, 38.244, 43.403, 49.335, 50.187, 52.514, 56.699, 59.574, 59.827, 60.551, 62.038, 62.683, 63.217, 63.523, 63.685, 63.744, 64.395, 64.839, 64.608, 64.783, 65.282], [58.735, 58.825, 58.462, 56.809, 59.236, 62.515, 61.77, 62.259, 62.557, 60.915, 60.153, 59.115, 58.123, 57.663, 57.794, 57.755, 57.241, 57.466, 55.245, 52.851, 52.319, 52.497, 52.685, 52.9, 52.506, 52.418, 53.115, 53.993, 54.061, 52.236, 51.595, 51.369, 46.326, 40.238, 38.479, 38.41, 37.699, 32.437, 26.781, 24.611, 24.101, 22.149, 18.489, 16.331, 14.534, 11.122, 9.281, 7.04, 4.309, 0.0, 4.801, 6.105, 9.193, 15.572, 18.997, 20.919, 21.782, 22.589, 23.983, 25.491, 26.064, 27.388, 28.786, 31.57, 31.845, 33.54, 38.144, 43.244, 49.261, 50.074, 52.3, 56.511, 59.386, 59.63, 60.364, 61.875, 62.458, 62.946, 63.27, 63.433, 63.48, 64.111, 64.59, 64.49, 64.707, 65.178], [59.049, 59.105, 58.745, 56.978, 59.205, 62.386, 61.601, 62.066, 62.359, 60.72, 59.918, 58.957, 58.034, 57.579, 57.707, 57.684, 57.329, 57.608, 55.382, 52.973, 52.451, 52.651, 52.881, 53.094, 52.658, 52.574, 53.24, 54.137, 54.255, 52.404, 51.749, 51.534, 46.474, 40.327, 38.594, 38.592, 37.858, 32.661, 27.09, 24.635, 24.136, 22.608, 19.364, 17.517, 16.062, 12.664, 10.713, 9.195, 7.661, 4.801, 0.0, 2.947, 7.337, 14.264, 17.972, 19.983, 20.815, 21.616, 23.219, 24.828, 25.452, 26.673, 27.787, 30.642, 30.971, 32.557, 37.359, 42.411, 48.432, 49.268, 51.279, 55.451, 58.331, 58.6, 59.375, 60.86, 61.347, 61.776, 62.118, 62.278, 62.345, 62.977, 63.44, 63.414, 63.726, 64.188], [59.194, 59.244, 58.878, 57.067, 59.236, 62.403, 61.61, 62.068, 62.366, 60.723, 59.918, 58.946, 58.025, 57.559, 57.677, 57.666, 57.322, 57.635, 55.432, 53.021, 52.49, 52.691, 52.937, 53.126, 52.667, 52.585, 53.279, 54.214, 54.334, 52.5, 51.857, 51.629, 46.524, 40.255, 38.458, 38.45, 37.714, 32.547, 27.029, 24.582, 24.046, 22.565, 19.431, 17.673, 16.338, 13.167, 11.405, 10.057, 8.571, 6.105, 2.947, 0.0, 6.226, 13.836, 17.701, 19.826, 20.627, 21.455, 23.106, 24.759, 25.345, 26.491, 27.668, 30.621, 30.967, 32.553, 37.418, 42.518, 48.578, 49.422, 51.436, 55.623, 58.495, 58.756, 59.549, 61.036, 61.506, 61.931, 62.273, 62.426, 62.498, 63.134, 63.601, 63.577, 63.898, 64.388], [58.937, 59.002, 58.631, 56.648, 58.693, 61.887, 61.057, 61.462, 61.746, 60.106, 59.324, 58.405, 57.559, 57.076, 57.19, 57.2, 56.858, 57.244, 55.159, 52.754, 52.25, 52.576, 52.847, 53.06, 52.608, 52.516, 53.19, 54.217, 54.41, 52.55, 51.901, 51.75, 46.83, 40.676, 38.919, 38.912, 38.152, 33.285, 28.294, 25.839, 25.305, 24.158, 20.964, 19.136, 17.787, 14.814, 13.427, 12.493, 11.242, 9.193, 7.337, 6.226, 0.0, 9.009, 13.964, 16.923, 18.242, 19.11, 21.212, 23.304, 23.819, 24.631, 25.687, 28.919, 29.302, 30.553, 35.573, 40.612, 46.714, 47.644, 49.689, 53.917, 56.751, 57.02, 57.828, 59.354, 59.916, 60.447, 60.86, 61.065, 61.212, 61.912, 62.384, 62.36, 62.693, 63.167], [58.457, 58.533, 58.184, 56.188, 58.18, 61.291, 60.421, 60.712, 60.918, 59.313, 58.525, 57.683, 56.938, 56.442, 56.495, 56.475, 56.157, 56.635, 54.789, 52.54, 52.215, 52.755, 53.012, 53.233, 52.795, 52.702, 53.26, 54.161, 54.357, 52.517, 51.848, 51.841, 47.443, 42.085, 40.854, 40.956, 40.212, 35.707, 31.533, 29.441, 28.845, 27.97, 24.841, 22.934, 21.802, 19.36, 18.415, 17.903, 16.916, 15.572, 14.264, 13.836, 9.009, 0.0, 6.894, 11.752, 14.118, 15.12, 17.881, 20.611, 21.075, 21.835, 23.004, 26.194, 26.975, 28.864, 33.682, 38.209, 43.991, 44.979, 47.026, 51.066, 53.771, 54.088, 54.939, 56.575, 57.395, 58.128, 58.614, 58.903, 59.167, 59.931, 60.402, 60.367, 60.762, 61.202], [58.031, 58.085, 57.764, 56.022, 58.227, 61.309, 60.446, 60.699, 60.886, 59.341, 58.516, 57.691, 56.961, 56.451, 56.508, 56.445, 56.095, 56.58, 54.864, 52.754, 52.701, 53.481, 53.76, 53.956, 53.541, 53.456, 53.995, 54.872, 54.968, 53.19, 52.591, 52.616, 48.423, 43.539, 42.753, 43.038, 42.333, 37.755, 33.552, 31.698, 31.156, 30.196, 27.221, 25.401, 24.427, 22.384, 21.615, 21.148, 20.249, 18.997, 17.972, 17.701, 13.964, 6.894, 0.0, 7.069, 10.532, 11.947, 15.051, 18.074, 18.446, 19.026, 20.966, 24.434, 25.357, 28.712, 33.714, 37.938, 43.611, 44.543, 46.707, 50.782, 53.459, 53.785, 54.651, 56.419, 57.358, 58.143, 58.69, 59.038, 59.301, 60.071, 60.538, 60.531, 60.971, 61.425], [57.946, 58.034, 57.708, 56.263, 58.788, 61.894, 61.043, 61.283, 61.498, 60.009, 59.205, 58.398, 57.598, 57.024, 57.118, 57.038, 56.639, 57.134, 55.485, 53.474, 53.516, 54.43, 54.697, 54.87, 54.485, 54.451, 54.821, 55.46, 55.516, 53.711, 53.139, 53.124, 49.032, 44.54, 44.005, 44.348, 43.727, 39.014, 34.529, 32.737, 32.359, 31.43, 28.539, 26.725, 25.84, 24.013, 23.252, 22.814, 22.011, 20.919, 19.983, 19.826, 16.923, 11.752, 7.069, 0.0, 5.248, 7.493, 10.795, 13.978, 14.863, 16.311, 19.194, 22.878, 23.73, 28.131, 33.365, 37.439, 42.935, 43.816, 45.981, 49.928, 52.539, 52.869, 53.71, 55.504, 56.492, 57.255, 57.741, 58.097, 58.34, 59.135, 59.625, 59.618, 60.091, 60.617], [58.05, 58.158, 57.808, 56.39, 59.022, 62.129, 61.221, 61.446, 61.684, 60.208, 59.443, 58.684, 57.867, 57.255, 57.307, 57.22, 56.797, 57.234, 55.528, 53.504, 53.573, 54.531, 54.877, 55.101, 54.739, 54.733, 55.1, 55.621, 55.637, 53.862, 53.302, 53.241, 49.155, 44.72, 44.169, 44.486, 43.895, 39.091, 34.348, 32.646, 32.5, 31.695, 29.089, 27.458, 26.587, 24.818, 24.079, 23.644, 22.882, 21.782, 20.815, 20.627, 18.242, 14.118, 10.532, 5.248, 0.0, 4.201, 8.81, 11.636, 12.497, 14.652, 18.284, 22.133, 22.773, 27.649, 33.058, 37.153, 42.686, 43.53, 45.703, 49.655, 52.296, 52.622, 53.466, 55.22, 56.141, 56.835, 57.255, 57.605, 57.861, 58.663, 59.189, 59.212, 59.695, 60.239], [57.872, 57.975, 57.616, 56.138, 58.703, 61.802, 60.869, 61.091, 61.366, 59.91, 59.204, 58.559, 57.821, 57.21, 57.261, 57.186, 56.801, 57.258, 55.527, 53.503, 53.606, 54.592, 54.986, 55.348, 55.094, 55.067, 55.432, 55.978, 55.984, 54.199, 53.629, 53.6, 49.616, 45.17, 44.542, 44.842, 44.252, 39.54, 34.939, 33.131, 33.009, 32.434, 30.008, 28.467, 27.532, 25.63, 24.828, 24.388, 23.636, 22.589, 21.616, 21.455, 19.11, 15.12, 11.947, 7.493, 4.201, 0.0, 6.478, 9.978, 10.818, 13.144, 17.138, 21.262, 21.969, 26.82, 32.306, 36.521, 42.172, 43.078, 45.265, 49.21, 51.817, 52.128, 52.949, 54.686, 55.608, 56.291, 56.716, 57.07, 57.351, 58.22, 58.771, 58.783, 59.274, 59.837], [58.224, 58.372, 58.001, 56.703, 59.35, 62.376, 61.486, 61.703, 61.942, 60.495, 59.781, 59.128, 58.321, 57.64, 57.676, 57.593, 57.23, 57.772, 56.17, 54.239, 54.386, 55.335, 55.625, 55.978, 55.94, 55.995, 56.283, 56.835, 56.864, 55.157, 54.632, 54.609, 50.693, 46.357, 45.71, 45.954, 45.396, 40.601, 35.98, 34.238, 34.099, 33.445, 31.002, 29.413, 28.472, 26.672, 25.955, 25.582, 24.919, 23.983, 23.219, 23.106, 21.212, 17.881, 15.051, 10.795, 8.81, 6.478, 0.0, 5.317, 7.616, 10.747, 15.966, 19.972, 20.522, 26.675, 32.294, 36.734, 42.479, 43.406, 45.785, 49.738, 52.271, 52.573, 53.313, 55.098, 56.156, 56.843, 57.234, 57.601, 57.815, 58.668, 59.209, 59.182, 59.631, 60.248], [58.059, 58.275, 57.874, 56.801, 59.744, 62.759, 61.888, 62.122, 62.325, 60.864, 60.118, 59.393, 58.422, 57.644, 57.675, 57.572, 57.164, 57.725, 56.183, 54.314, 54.531, 55.479, 55.699, 56.01