[[0.0, 4.511, 9.9, 13.574, 16.484, 19.8, 23.131, 24.935, 25.71, 26.136, 28.15, 30.011, 30.382, 31.079, 31.512, 31.792, 32.079, 33.6, 38.978, 43.37, 45.472, 47.282, 48.034, 48.712, 48.785, 47.762, 46.974, 47.394, 49.082, 50.447, 51.351, 53.324, 56.767, 59.893, 61.277, 61.835, 62.466, 62.735, 62.705, 63.497, 64.394, 65.447, 65.896, 65.564, 66.29, 66.611, 64.694, 63.638, 64.592, 67.485, 69.232, 68.908, 68.467, 68.507, 69.248, 68.594, 68.632, 71.221, 73.961, 75.455, 76.762, 77.357, 76.621, 77.085, 76.958, 76.649, 76.427, 75.158, 74.275, 74.002, 74.01, 73.786, 73.116, 72.828, 72.399, 72.565, 73.118, 73.506, 73.946, 73.221, 72.356, 72.458, 71.403, 66.867, 63.738, 63.824], [4.511, 0.0, 6.019, 10.468, 14.008, 17.908, 21.828, 23.887, 24.802, 25.166, 27.164, 29.084, 29.501, 30.378, 30.906, 31.229, 31.597, 33.242, 38.873, 43.395, 45.484, 47.309, 48.04, 48.714, 48.772, 47.825, 46.996, 47.084, 48.568, 49.877, 50.76, 52.679, 55.986, 59.037, 60.428, 61.118, 62.072, 62.537, 62.506, 63.258, 64.1, 65.094, 65.555, 65.311, 66.116, 66.457, 64.591, 63.56, 64.49, 67.418, 69.235, 68.924, 68.5, 68.628, 69.427, 68.735, 68.767, 71.341, 74.08, 75.565, 76.87, 77.487, 76.714, 77.177, 76.995, 76.65, 76.438, 75.115, 74.192, 73.915, 73.879, 73.618, 72.964, 72.692, 72.27, 72.442, 73.002, 73.406, 73.865, 73.131, 72.272, 72.415, 71.4, 66.847, 63.68, 63.79], [9.9, 6.019, 0.0, 5.625, 10.595, 15.343, 19.916, 22.258, 23.343, 23.57, 25.511, 27.494, 27.978, 29.066, 29.722, 30.105, 30.603, 32.531, 38.461, 42.954, 44.929, 46.793, 47.551, 48.274, 48.331, 47.456, 46.562, 46.241, 47.447, 48.697, 49.531, 51.338, 54.407, 57.242, 58.511, 59.333, 60.814, 61.655, 61.656, 62.407, 63.242, 64.205, 64.693, 64.553, 65.471, 65.853, 64.047, 63.079, 64.059, 67.056, 68.935, 68.647, 68.27, 68.593, 69.57, 68.88, 68.933, 71.527, 74.269, 75.736, 77.02, 77.608, 76.777, 77.245, 76.978, 76.567, 76.361, 74.959, 73.973, 73.689, 73.615, 73.329, 72.685, 72.431, 72.053, 72.252, 72.829, 73.267, 73.747, 72.988, 72.151, 72.326, 71.32, 66.717, 63.493, 63.623], [13.574, 10.468, 5.625, 0.0, 6.272, 12.332, 17.484, 20.052, 21.263, 21.426, 23.324, 25.329, 25.991, 27.342, 28.163, 28.617, 29.343, 31.865, 38.354, 42.831, 44.672, 46.546, 47.284, 48.025, 48.049, 47.099, 46.049, 45.451, 46.509, 47.829, 48.667, 50.401, 53.355, 56.089, 57.332, 58.371, 60.349, 61.543, 61.571, 62.356, 63.333, 64.364, 64.853, 64.762, 65.78, 66.183, 64.351, 63.34, 64.285, 67.275, 69.135, 68.845, 68.454, 68.886, 70.067, 69.44, 69.479, 71.976, 74.617, 76.054, 77.351, 77.907, 77.033, 77.49, 77.164, 76.688, 76.485, 75.099, 74.131, 73.836, 73.719, 73.419, 72.776, 72.535, 72.197, 72.415, 73.003, 73.458, 73.93, 73.123, 72.293, 72.498, 71.526, 66.97, 63.789, 63.926], [16.484, 14.008, 10.595, 6.272, 0.0, 7.795, 14.094, 17.015, 18.331, 18.566, 20.451, 22.363, 23.145, 24.797, 25.813, 26.319, 27.226, 30.52, 37.963, 42.705, 44.479, 46.326, 47.03, 47.771, 47.745, 46.666, 45.487, 44.768, 45.777, 47.208, 48.101, 49.907, 53.012, 55.825, 57.142, 58.524, 61.022, 62.446, 62.466, 63.235, 64.303, 65.437, 65.965, 65.957, 67.099, 67.469, 65.56, 64.508, 65.302, 68.129, 69.94, 69.621, 69.122, 69.542, 70.836, 70.27, 70.267, 72.607, 75.124, 76.553, 77.888, 78.431, 77.509, 77.926, 77.564, 77.067, 76.87, 75.545, 74.654, 74.317, 74.089, 73.759, 73.128, 72.888, 72.539, 72.737, 73.301, 73.736, 74.174, 73.323, 72.471, 72.658, 71.718, 67.268, 64.189, 64.336], [19.8, 17.908, 15.343, 12.332, 7.795, 0.0, 7.781, 12.121, 14.139, 14.44, 16.513, 18.424, 18.901, 20.564, 21.576, 22.082, 23.091, 27.817, 36.903, 41.981, 43.604, 45.465, 46.244, 47.042, 47.012, 45.77, 44.289, 43.427, 44.566, 46.164, 47.123, 49.097, 52.369, 55.172, 56.423, 57.96, 60.933, 62.593, 62.523, 63.263, 64.448, 65.671, 66.269, 66.391, 67.595, 67.874, 65.986, 65.269, 66.255, 68.938, 70.651, 70.341, 69.818, 70.349, 71.821, 71.363, 71.356, 73.632, 76.13, 77.574, 78.927, 79.41, 78.431, 78.795, 78.42, 77.931, 77.707, 76.358, 75.485, 75.109, 74.744, 74.35, 73.718, 73.473, 73.124, 73.295, 73.8, 74.203, 74.594, 73.694, 72.778, 72.762, 71.621, 67.102, 64.106, 64.258], [23.131, 21.828, 19.916, 17.484, 14.094, 7.781, 0.0, 6.201, 9.757, 10.326, 13.174, 15.51, 15.795, 17.244, 18.093, 18.569, 19.668, 25.302, 35.161, 40.311, 41.854, 43.736, 44.583, 45.381, 45.293, 43.927, 42.225, 41.388, 42.865, 44.782, 45.862, 47.95, 51.277, 54.008, 55.213, 56.733, 59.807, 61.619, 61.531, 62.21, 63.639, 65.138, 65.797, 65.965, 67.153, 67.335, 65.452, 65.12, 66.519, 69.213, 70.731, 70.411, 69.978, 70.661, 72.266, 71.856, 71.792, 74.061, 76.603, 78.059, 79.405, 79.808, 78.787, 79.125, 78.783, 78.302, 78.038, 76.672, 75.8, 75.406, 74.978, 74.558, 73.894, 73.633, 73.323, 73.506, 73.96, 74.326, 74.654, 73.685, 72.692, 72.427, 70.968, 66.228, 63.295, 63.493], [24.935, 23.887, 22.258, 20.052, 17.015, 12.121, 6.201, 0.0, 4.721, 6.801, 11.024, 13.704, 14.143, 15.699, 16.734, 17.316, 18.361, 23.72, 33.12, 38.233, 39.924, 41.788, 42.612, 43.371, 43.234, 41.898, 40.394, 39.745, 41.451, 43.638, 44.806, 46.92, 50.426, 53.276, 54.527, 56.081, 59.114, 60.916, 60.934, 61.526, 62.963, 64.836, 65.674, 65.808, 66.944, 67.085, 65.183, 64.968, 66.469, 69.139, 70.584, 70.192, 69.761, 70.457, 71.989, 71.499, 71.373, 73.683, 76.283, 77.75, 79.061, 79.412, 78.377, 78.723, 78.426, 77.97, 77.688, 76.323, 75.47, 75.061, 74.636, 74.257, 73.546, 73.234, 72.942, 73.149, 73.609, 73.967, 74.258, 73.23, 72.177, 71.809, 70.243, 65.321, 62.262, 62.529], [25.71, 24.802, 23.343, 21.263, 18.331, 14.139, 9.757, 4.721, 0.0, 4.376, 9.828, 12.538, 13.135, 14.978, 16.296, 17.031, 18.114, 23.341, 32.497, 37.59, 39.306, 41.144, 41.924, 42.639, 42.506, 41.244, 39.889, 39.317, 41.006, 43.236, 44.416, 46.505, 50.143, 53.127, 54.446, 56.084, 59.129, 60.865, 60.922, 61.524, 62.89, 64.915, 65.927, 66.079, 67.199, 67.339, 65.384, 65.06, 66.373, 68.886, 70.328, 69.896, 69.37, 69.999, 71.471, 70.923, 70.775, 73.063, 75.62, 77.06, 78.362, 78.707, 77.686, 78.05, 77.774, 77.331, 77.053, 75.72, 74.893, 74.474, 74.066, 73.733, 73.005, 72.667, 72.376, 72.59, 73.065, 73.438, 73.733, 72.681, 71.613, 71.297, 69.835, 64.978, 61.892, 62.176], [26.136, 25.166, 23.57, 21.426, 18.566, 14.44, 10.326, 6.801, 4.376, 0.0, 6.538, 9.995, 10.889, 12.875, 14.309, 15.235, 16.697, 22.383, 32.067, 37.421, 39.133, 41.007, 41.826, 42.514, 42.342, 41.153, 39.728, 39.018, 40.601, 42.705, 43.842, 45.931, 49.46, 52.334, 53.616, 55.277, 58.423, 60.208, 60.217, 60.935, 62.441, 64.42, 65.442, 65.778, 67.103, 67.247, 65.145, 64.684, 65.795, 68.069, 69.421, 69.018, 68.437, 69.058, 70.638, 70.139, 70.005, 72.235, 74.718, 76.098, 77.395, 77.761, 76.756, 77.138, 76.827, 76.327, 76.055, 74.735, 73.893, 73.467, 73.023, 72.654, 71.926, 71.601, 71.32, 71.519, 71.997, 72.393, 72.693, 71.638, 70.609, 70.371, 69.011, 64.401, 61.585, 61.87], [28.15, 27.164, 25.511, 23.324, 20.451, 16.513, 13.174, 11.024, 9.828, 6.538, 0.0, 4.851, 7.931, 10.654, 12.344, 13.48, 15.431, 21.796, 32.345, 38.23, 40.107, 42.019, 42.824, 43.439, 43.132, 41.987, 40.638, 39.851, 41.366, 43.427, 44.487, 46.533, 49.919, 52.622, 53.851, 55.682, 59.189, 61.085, 60.988, 61.844, 63.58, 65.559, 66.532, 67.003, 68.654, 68.818, 66.362, 65.615, 66.384, 68.233, 69.393, 68.996, 68.276, 68.773, 70.462, 70.031, 69.854, 71.923, 74.279, 75.591, 76.848, 77.2, 76.189, 76.574, 76.207, 75.611, 75.326, 74.044, 73.228, 72.767, 72.156, 71.653, 70.907, 70.6, 70.345, 70.506, 70.994, 71.437, 71.709, 70.601, 69.613, 69.414, 68.134, 63.811, 61.338, 61.675], [30.011, 29.084, 27.494, 25.329, 22.363, 18.424, 15.51, 13.704, 12.538, 9.995, 4.851, 0.0, 5.31, 8.988, 11.076, 12.394, 14.739, 21.881, 33.018, 39.179, 41.149, 43.103, 43.913, 44.543, 44.208, 43.02, 41.653, 40.742, 42.102, 44.149, 45.219, 47.226, 50.591, 53.286, 54.506, 56.452, 60.237, 62.254, 62.155, 63.057, 64.831, 66.814, 67.785, 68.257, 69.959, 70.143, 67.575, 66.715, 67.328, 68.985, 70.079, 69.654, 68.817, 69.215, 70.922, 70.501, 70.269, 72.252, 74.569, 75.871, 77.119, 77.461, 76.451, 76.82, 76.421, 75.805, 75.509, 74.233, 73.454, 72.983, 72.264, 71.689, 70.959, 70.663, 70.416, 70.548, 71.029, 71.493, 71.764, 70.646, 69.678, 69.48, 68.23, 63.996, 61.601, 61.966], [30.382, 29.501, 27.978, 25.991, 23.145, 18.901, 15.795, 14.143, 13.135, 10.889, 7.931, 5.31, 0.0, 4.584, 7.382, 9.094, 12.027, 20.37, 32.143, 38.357, 40.345, 42.378, 43.299, 44.042, 43.806, 42.56, 41.021, 40.053, 41.36, 43.331, 44.443, 46.511, 49.952, 52.701, 53.844, 55.624, 59.346, 61.429, 61.398, 62.271, 63.939, 65.878, 66.887, 67.438, 69.072, 69.214, 66.842, 66.244, 66.995, 68.673, 69.791, 69.374, 68.57, 69.082, 70.801, 70.384, 70.2, 72.29, 74.683, 75.999, 77.259, 77.627, 76.651, 77.01, 76.608, 76.034, 75.739, 74.392, 73.576, 73.117, 72.411, 71.847, 71.163, 70.853, 70.565, 70.663, 71.113, 71.546, 71.838, 70.816, 69.872, 69.631, 68.357, 64.146, 61.771, 62.103], [31.079, 30.378, 29.066, 27.342, 24.797, 20.564, 17.244, 15.699, 14.978, 12.875, 10.654, 8.988, 4.584, 0.0, 3.533, 6.017, 9.75, 18.928, 30.969, 37.219, 39.25, 41.351, 42.373, 43.205, 43.057, 41.81, 40.196, 39.366, 40.854, 42.824, 43.933, 46.093, 49.602, 52.32, 53.327, 54.871, 58.411, 60.5, 60.514, 61.402, 63.038, 64.934, 65.965, 66.605, 68.244, 68.346, 66.049, 65.645, 66.491, 68.067, 69.11, 68.718, 67.955, 68.57, 70.341, 69.963, 69.821, 71.983, 74.427, 75.74, 76.982, 77.341, 76.392, 76.749, 76.357, 75.798, 75.496, 74.099, 73.252, 72.797, 72.082, 71.491, 70.802, 70.465, 70.153, 70.227, 70.653, 71.068, 71.358, 70.395, 69.47, 69.153, 67.823, 63.707, 61.473, 61.788], [31.512, 30.906, 29.722, 28.163, 25.813, 21.576, 18.093, 16.734, 16.296, 14.309, 12.344, 11.076, 7.382, 3.533, 0.0, 3.363, 7.98, 17.836, 30.189, 36.506, 38.536, 40.689, 41.801, 42.709, 42.625, 41.389, 39.758, 39.026, 40.667, 42.675, 43.806, 46.046, 49.585, 52.268, 53.198, 54.587, 57.997, 60.081, 60.102, 61.003, 62.638, 64.489, 65.505, 66.164, 67.787, 67.873, 65.604, 65.292, 66.221, 67.74, 68.722, 68.352, 67.628, 68.299, 70.115, 69.782, 69.667, 71.837, 74.297, 75.615, 76.845, 77.193, 76.25, 76.609, 76.227, 75.675, 75.366, 73.936, 73.062, 72.61, 71.881, 71.252, 70.554, 70.205, 69.892, 69.963, 70.373, 70.781, 71.075, 70.13, 69.209, 68.841, 67.46, 63.39, 61.23, 61.54], [31.792, 31.229, 30.105, 28.617, 26.319, 22.082, 18.569, 17.316, 17.031, 15.235, 13.48, 12.394, 9.094, 6.017, 3.363, 0.0, 5.576, 16.441, 29.216, 35.634, 37.702, 39.886, 41.076, 42.083, 42.059, 40.85, 39.296, 38.701, 40.409, 42.427, 43.576, 45.854, 49.426, 52.128, 53.041, 54.342, 57.668, 59.747, 59.773, 60.662, 62.304, 64.158, 65.155, 65.795, 67.396, 67.471, 65.17, 64.836, 65.8, 67.378, 68.384, 68.004, 67.271, 67.923, 69.724, 69.411, 69.326, 71.536, 74.037, 75.375, 76.605, 76.953, 76.014, 76.374, 76.0, 75.455, 75.145, 73.699, 72.808, 72.36, 71.641, 70.998, 70.294, 69.942, 69.626, 69.708, 70.122, 70.531, 70.837, 69.905, 68.99, 68.631, 67.243, 63.139, 60.95, 61.249], [32.079, 31.597, 30.603, 29.343, 27.226, 23.091, 19.668, 18.361, 18.114, 16.697, 15.431, 14.739, 12.027, 9.75, 7.98, 5.576, 0.0, 12.234, 26.045, 33.01, 35.39, 37.716, 39.032, 40.212, 40.355, 39.309, 38.065, 37.897, 39.838, 41.873, 43.034, 45.368, 49.015, 51.752, 52.612, 53.779, 56.955, 59.013, 59.096, 59.938, 61.527, 63.415, 64.424, 65.015, 66.556, 66.619, 64.296, 63.952, 64.927, 66.506, 67.542, 67.155, 66.432, 67.052, 68.751, 68.434, 68.375, 70.682, 73.312, 74.691, 75.876, 76.2, 75.263, 75.621, 75.24, 74.714, 74.402, 72.907, 71.992, 71.555, 70.861, 70.215, 69.495, 69.113, 68.771, 68.846, 69.252, 69.66, 69.97, 69.043, 68.106, 67.708, 66.274, 62.071, 59.801, 60.09], [33.6, 33.242, 32.531, 31.865, 30.52, 27.817, 25.302, 23.72, 23.341, 22.383, 21.796, 21.881, 20.37, 18.928, 17.836, 16.441, 12.234, 0.0, 15.975, 25.627, 29.856, 32.844, 34.549, 36.181, 36.862, 36.516, 36.548, 37.858, 40.497, 42.472, 43.556, 45.903, 49.552, 52.229, 52.951, 53.825, 56.501, 58.39, 58.752, 59.495, 60.82, 62.75, 63.788, 64.266, 65.615, 65.634, 63.252, 62.788, 63.699, 65.113, 66.006, 65.602, 64.98, 65.435, 66.601, 66.022, 65.905, 68.43, 71.328, 72.772, 73.793, 74.08, 73.221, 73.618, 73.277, 72.84, 72.5, 70.815, 69.841, 69.44, 68.761, 68.061, 67.298, 66.849, 66.466, 66.55, 66.923, 67.29, 67.599, 66.716, 65.769, 65.266, 63.64, 59.141, 56.747, 57.127], [38.978, 38.873, 38.461, 38.354, 37.963, 36.903, 35.161, 33.12, 32.497, 32.067, 32.345, 33.018, 32.143, 30.969, 30.189, 29.216, 26.045, 15.975, 0.0, 13.351, 21.158, 25.06, 27.347, 29.757, 31.32, 31.989, 33.989, 37.262, 40.648, 42.479, 43.325, 45.373, 48.859, 51.545, 52.199, 52.59, 54.262, 55.711, 56.53, 57.126, 57.97, 60.015, 61.149, 61.45, 62.48, 62.47, 60.133, 59.63, 60.76, 62.326, 63.051, 62.563, 62.486, 63.166, 63.819, 63.053, 62.98, 65.912, 69.181, 70.717, 71.496, 71.708, 71.03, 71.506, 71.353, 71.106, 70.713, 68.819, 67.729, 67.364, 66.865, 66.227, 65.397, 64.867, 64.456, 64.622, 64.994, 65.275, 65.577, 64.805, 63.864, 63.261, 61.365, 56.469, 53.993, 54.518], [43.37, 43.395, 42.954, 42.831, 42.705, 41.981, 40.311, 38.233, 37.59, 37.421, 38.23, 39.179, 38.357, 37.219, 36.506, 35.634, 33.01, 25.627, 13.351, 0.0, 10.1, 14.951, 18.007, 21.144, 23.476, 24.624, 27.598, 32.019, 35.799, 37.622, 38.282, 39.983, 43.342, 46.206, 46.967, 47.026, 48.106, 49.405, 50.469, 50.888, 51.471, 53.715, 54.958, 55.163, 56.045, 56.039, 54.026, 54.12, 56.126, 58.429, 59.165, 58.528, 59.377, 61.432, 62.956, 62.664, 62.812, 65.896, 69.174, 70.688, 71.39, 71.481, 70.831, 71.327, 71.307, 71.121, 70.72, 68.889, 67.694, 67.268, 66.992, 66.56, 65.724, 65.208, 64.868, 65.172, 65.565, 65.767, 66.033, 65.33, 64.376, 63.689, 61.621, 56.632, 54.31, 54.87], [45.472, 45.484, 44.929, 44.672, 44.479, 43.604, 41.854, 39.924, 39.306, 39.133, 40.107, 41.149, 40.345, 39.25, 38.536, 37.702, 35.39, 29.856, 21.158, 10.1, 0.0, 6.08, 10.427, 14.158, 16.86, 18.324, 21.451, 26.149, 30.11, 31.982, 32.597, 34.234, 37.725, 40.867, 41.826, 41.841, 42.922, 44.392, 45.475, 45.741, 46.293, 48.658, 50.011, 50.264, 51.182, 51.148, 49.4, 50.199, 52.996, 55.92, 56.752, 55.971, 57.296, 60.553, 63.329, 63.613, 63.95, 66.958, 70.038, 71.426, 72.132, 72.154, 71.43, 71.9, 71.878, 71.658, 71.279, 69.6, 68.403, 67.911, 67.748, 67.491, 66.705, 66.236, 65.975, 66.362, 66.762, 66.924, 67.153, 66.461, 65.512, 64.821, 62.773, 57.998, 55.963, 56.515], [47.282, 47.309, 46.793, 46.546, 46.326, 45.465, 43.736, 41.788, 41.144, 41.007, 42.019, 43.103, 42.378, 41.351, 40.689, 39.886, 37.716, 32.844, 25.06, 14.951, 6.08, 0.0, 5.489, 10.168, 13.255, 15.38, 19.243, 24.102, 28.045, 29.926, 30.54, 32.177, 35.798, 39.144, 40.276, 40.315, 41.21, 42.592, 43.687, 43.782, 44.199, 46.609, 48.018, 48.304, 49.317, 49.265, 47.586, 48.702, 51.877, 55.107, 55.984, 55.106, 56.671, 60.418, 63.683, 64.268, 64.757, 67.785, 70.781, 72.06, 72.674, 72.634, 71.874, 72.324, 72.312, 72.086, 71.713, 70.135, 68.97, 68.438, 68.359, 68.217, 67.464, 67.022, 66.785, 67.222, 67.625, 67.742, 67.929, 67.258, 66.324, 65.637, 63.632, 59.051, 57.211, 57.769], [48.034, 48.04, 47.551, 47.284, 47.03, 46.244, 44.583, 42.612, 41.924, 41.826, 42.824, 43.913, 43.299, 42.373, 41.801, 41.076, 39.032, 34.549, 27.347, 18.007, 10.427, 5.489, 0.0, 5.949, 10.087, 13.049, 17.634, 22.564, 26.489, 28.429, 29.057, 30.748, 34.57, 38.194, 39.587, 39.799, 40.606, 41.891, 42.961, 42.956, 43.354, 45.782, 47.184, 47.441, 48.553, 48.513, 46.778, 47.972, 51.287, 54.656, 55.519, 54.591, 56.308, 60.285, 63.755, 64.502, 65.15, 68.206, 71.115, 72.299, 72.834, 72.759, 71.971, 72.413, 72.403, 72.157, 71.777, 70.287, 69.169, 68.613, 68.601, 68.542, 67.817, 67.411, 67.178, 67.638, 68.04, 68.136, 68.31, 67.662, 66.748, 66.095, 64.147, 59.726, 58.043, 58.601], [48.712, 48.714, 48.274, 48.025, 47.771, 47.042, 45.381, 43.371, 42.639, 42.514, 43.439, 44.543, 44.042, 43.205, 42.709, 42.083, 40.212, 36.181, 29.757, 21.144, 14.158, 10.168, 5.949, 0.0, 5.451, 9.932, 15.344, 20.674, 24.911, 26.963, 27.573, 29.376, 33.485, 37.391, 39.056, 39.429, 40.149, 41.333, 42.348, 42.331, 42.891, 45.414, 46.773, 46.979, 48.149, 48.066, 46.194, 47.413, 50.795, 54.177, 54.962, 54.022, 55.819, 59.936, 63.603, 64.431, 65.177, 68.329, 71.192, 72.296, 72.806, 72.732, 71.951, 72.412, 72.435, 72.168, 71.786, 70.405, 69.324, 68.755, 68.793, 68.794, 68.073, 67.688, 67.466, 67.929, 68.329, 68.431, 68.606, 67.976, 67.081, 66.485, 64.62, 60.413, 58.972, 59.531], [48.785, 48.772, 48.331, 48.049, 47.745, 47.012, 45.293, 43.234, 42.506, 42.342, 43.132, 44.208, 43.806, 43.057, 42.625, 42.059, 40.355, 36.862, 31.32, 23.476, 16.86, 13.255, 10.087, 5.451, 0.0, 6.235, 12.816, 18.697, 23.375, 25.665, 26.34, 28.203, 32.531, 36.643, 38.476, 38.988, 39.764, 40.959, 41.942, 41.98, 42.724, 45.346, 46.639, 46.776, 48.008, 47.888, 45.839, 46.961, 50.316, 53.763, 54.585, 53.616, 55.378, 59.51, 63.332, 64.204, 64.907, 68.073, 70.99, 72.107, 72.634, 72.574, 71.804, 72.296, 72.338, 72.04, 71.659, 70.356, 69.31, 68.757, 68.831, 68.871, 68.151, 67.765, 67.556, 68.017, 68.433, 68.56, 68.731, 68.071, 67.178, 66.68, 64.964, 60.925, 59.642, 60.218], [47.762, 47.825, 47.456, 47.099, 46.666, 45.77, 43.927, 41.898, 41.244, 41.153, 41.987, 43.02, 42.56, 41.81, 41.389, 40.85, 39.309, 36.516, 31.989, 24.624, 18.324, 15.38, 13.049, 9.932, 6.235, 0.0, 8.062, 15.648, 21.304, 24.064, 24.878, 26.778, 31.306, 35.644, 37.628, 38.259, 39.054, 40.148, 40.995, 41.106, 42.04, 44.741, 45.996, 46.019, 47.184, 47.036, 45.001, 46.298, 49.876, 53.533, 54.415, 53.448, 55.274, 59.471, 63.45, 64.471, 65.17, 68.242, 71.142, 72.365, 73.012, 72.951, 72.169, 72.655, 72.706, 72.403, 72.017, 70.76, 69.755, 69.216, 69.308, 69.393, 68.69, 68.307, 68.089, 68.517, 68.914, 69.032, 69.196, 68.509, 67.592, 67.086, 65.398, 61.356, 60.07, 60.626], [46.974, 46.996, 46.562, 46.049, 45.487, 44.289, 42.225, 40.394, 39.889, 39.728, 40.638, 41.653, 41.021, 40.196, 39.758, 39.296, 38.065, 36.548, 33.989, 27.598, 21.451, 19.243, 17.634, 15.344, 12.816, 8.062, 0.0, 9.551, 16.866, 20.348, 21.273, 23.158, 27.76, 32.204, 34.321, 35.128, 36.352, 37.74, 38.363, 38.602, 40.001, 42.769, 44.003, 44.123, 45.38, 45.248, 43.378, 45.193, 49.228, 53.154, 54.145, 53.29, 55.191, 59.693, 64.18, 65.456, 66.259, 69.276, 72.09, 73.333, 74.181, 74.16, 73.304, 73.768, 73.76, 73.404, 73.033, 71.825, 70.832, 70.28, 70.349, 70.472, 69.813, 69.47, 69.255, 69.627, 70.019, 70.15, 70.306, 69.569, 68.627, 68.095, 66.414, 62.453, 61.211, 61.679], [47.394, 47.084, 46.241, 45.451, 44.768, 43.427, 41.388, 39.745, 39.317, 39.018, 39.851, 40.742, 40.053, 39.366, 39.026, 38.701, 37.897, 37.858, 37.262, 32.019, 26.149, 24.102, 22.564, 20.674, 18.697, 15.648, 9.551, 0.0, 8.907, 13.73, 14.892, 16.839, 21.835, 26.592, 29.007, 30.334, 32.789, 34.998, 35.504, 35.855, 37.693, 40.546, 41.853, 42.282, 43.965, 43.976, 42.144, 44.109, 48.208, 52.308, 53.478, 52.683, 54.548, 59.382, 64.526, 66.005, 66.861, 69.822, 72.622, 73.844, 74.771, 74.832, 73.912, 74.366, 74.229, 73.75, 73.403, 72.196, 71.167, 70.583, 70.601, 70.736, 70.147, 69.912, 69.755, 70.122, 70.541, 70.702, 70.859, 70.044, 69.101, 68.677, 67.145, 63.367, 62.191, 62.574], [49.082, 48.568, 47.447, 46.509, 45.777, 44.566, 42.865, 41.451, 41.006, 40.601, 41.366, 42.102, 41.36, 40.854, 40.667, 40.409, 39.838, 40.497, 40.648, 35.799, 30.11, 28.045, 26.489, 24.911, 23.375, 21.304, 16.866, 8.907, 0.0, 6.177, 8.185, 10.53, 16.599, 22.175, 25.047, 26.885, 30.262, 33.048, 33.564, 34.06, 36.216, 39.166, 40.562, 41.29, 43.407, 43.573, 41.645, 43.294, 47.025, 51.21, 52.534, 51.689, 53.563, 58.633, 64.209, 65.843, 66.758, 69.738, 72.57, 73.793, 74.717, 74.861, 73.98, 74.445, 74.215, 73.675, 73.371, 72.171, 71.122, 70.532, 70.589, 70.838, 70.404, 70.299, 70.169, 70.549, 70.972, 71.112, 71.318, 70.57, 69.731, 69.573, 68.345, 64.898, 63.909, 64.243], [50.447, 49.877, 48.697, 47.829, 47.208, 46.164, 44.782, 43.638, 43.236, 42.705, 43.427, 44.149, 43.331, 42.824, 42.675, 42.427, 41.873, 42.472, 42.479, 37.622, 31.982, 29.926, 28.429, 26.963, 25.665, 24.064, 20.348, 13.73, 6.177, 0.0, 3.564, 7.413, 14.323, 20.4, 23.454, 25.375, 28.929, 31.92, 32.536, 33.144, 35.398, 38.306, 39.728, 40.707, 43.101, 43.319, 41.35, 42.764, 46.161, 50.29, 51.662, 50.784, 52.708, 57.961, 63.753, 65.475, 66.464, 69.521, 72.386, 73.562, 74.466, 74.682, 73.869, 74.374, 74.107, 73.552, 73.283, 72.081, 71.013, 70.451, 70.591, 70.951, 70.657, 70.644, 70.5, 70.857, 71.257, 71.354, 71.596, 70.988, 70.291, 70.355, 69.38, 66.292, 65.558, 65.877], [51.351, 50.76, 49.531, 48.667, 48.101, 47.123, 45.862, 44.806, 44.416, 43.842, 44.487, 45.219, 44.443, 43.933, 43.806, 43.576, 43.034, 43.556, 43.325, 38.282, 32.597, 30.54, 29.057, 27.573, 26.34, 24.878, 21.273, 14.892, 8.185, 3.564, 0.0, 5.515, 13.251, 19.498, 22.537, 24.486, 28.226, 31.371, 32.022, 32.663, 34.943, 37.838, 39.292, 40.379, 42.899, 43.096, 41.045, 42.462, 45.841, 49.957, 51.298, 50.419, 52.447, 57.883, 63.801, 65.56, 66.562, 69.626, 72.472, 73.613, 74.486, 74.693, 73.888, 74.402, 74.12, 73.539, 73.265, 72.057, 70.976, 70.42, 70.571, 70.934, 70.647, 70.656, 70.517, 70.865, 71.266, 71.352, 71.567, 70.966, 70.297, 70.38, 69.424, 66.386, 65.728, 66.053], [53.324, 52.679, 51.338, 50.401, 49.907, 49.097, 47.95, 46.92, 46.505, 45.931, 46.533, 47.226, 46.511, 46.093, 46.046, 45.854, 45.368, 45.903, 45.373, 39.983, 34.234, 32.177, 30.748, 29.376, 28.203, 26.778, 23.158, 16.839, 10.53, 7.413, 5.515, 0.0, 8.717, 15.733, 19.227, 21.587, 25.897, 29.383, 30.09, 30.726, 33.045, 36.029, 37.504, 38.619, 41.252, 41.505, 39.485, 41.04, 44.663, 49.047, 50.506, 49.687, 51.995, 57.794, 63.939, 65.834, 66.921, 69.996, 72.835, 73.984, 74.844, 74.97, 74.121, 74.635, 74.32, 73.756, 73.515, 72.312, 71.216, 70.64, 70.827, 71.254, 70.988, 71.002, 70.872, 71.226, 71.641, 71.739, 71.925, 71.255, 70.556, 70.641, 69.696, 66.637, 65.938, 66.233], [56.767, 55.986, 54.407, 53.355, 53.012, 52.369, 51.277, 50.426, 50.143, 49.46, 49.919, 50.591, 49.952, 49.602, 49.585, 49.426, 49.015, 49.552, 48.859, 43.342, 37.725, 35.798, 34.57, 33.485, 32.531, 31.306, 27.76, 21.835, 16.599, 14.323, 13.251, 8.717, 0.0, 7.926, 12.516, 15.973, 21.994, 26.435, 27.207, 27.869, 30.409, 33.419, 34.797, 36.066, 39.035, 39.454, 37.56, 39.418, 43.466, 48.115, 49.679, 49.059, 51.745, 57.987, 64.462, 66.593, 67.851, 70.962, 73.803, 74.957, 75.795, 75.808, 74.867, 75.383, 74.989, 74.408, 74.226, 72.994, 71.844, 71.235, 71.392, 71.833, 71.601, 71.652, 71.567, 71.922, 72.34, 72.468, 72.646, 71.932, 71.253, 71.326, 70.372, 67.387, 66.715, 66.921], [59.893, 59.037, 57.242, 56.089, 55.825, 55.172, 54.008, 53.276, 53.127, 52.334, 52.622, 53.286, 52.701, 52.32, 52.268, 52.128, 51.752, 52.229, 51.545, 46.206, 40.867, 39.144, 38.194, 37.391, 36.643, 35.644, 32.204, 26.592, 22.175, 20.4, 19.498, 15.733, 7.926, 0.0, 5.807, 11.445, 20.074, 25.539, 26.364, 27.039, 29.704, 32.601, 33.856, 35.368, 38.664, 39.175, 37.378, 39.53, 43.802, 48.397, 49.968, 49.558, 52.366, 58.765, 65.384, 67.624, 68.962, 72.073, 74.906, 76.069, 76.888, 76.8, 75.775, 76.283, 75.807, 75.166, 75.019, 73.755, 72.565, 71.929, 71.999, 72.403, 72.17, 72.224, 72.175, 72.517, 72.946, 73.11, 73.274, 72.53, 71.881, 71.898, 70.915, 67.999, 67.336, 67.466], [61.277, 60.428, 58.511, 57.332, 57.142, 56.423, 55.213, 54.527, 54.446, 53.616, 53.851, 54.506, 53.844, 53.327, 53.198, 53.041, 52.612, 52.951, 52.199, 46.967, 41.826, 40.276, 39.587, 39.056, 38.476, 37.628, 34.321, 29.007, 25.047, 23.454, 22.537, 19.227, 12.516, 5.807, 0.0, 7.953, 19.0, 25.431, 26.532, 27.23, 29.685, 32.432, 33.707, 35.407, 38.759, 39.264, 37.621, 40.036, 44.402, 48.828, 50.399, 50.102, 52.894, 59.314, 65.877, 68.081, 69.437, 72.626, 75.556, 76.758, 77.56, 77.405, 76.335, 76.841, 76.336, 75.682, 75.552, 74.218, 72.976, 72.332, 72.339, 72.701, 72.45, 72.47, 72.437, 72.767, 73.199, 73.386, 73.555, 72.832, 72.213, 72.153, 71.113, 68.191, 67.463, 67.555], [61.835, 61.118, 59.333, 58.371, 58.524, 57.96, 56.733, 56.081, 56.084, 55.277, 55.682, 56.452, 55.624, 54.871, 54.587, 54.342, 53.779, 53.825, 52.59, 47.026, 41.841, 40.315, 39.799, 39.429, 38.988, 38.259, 35.128, 30.334, 26.885, 25.375, 24.486, 21.587, 15.973, 11.445, 7.953, 0.0, 12.877, 21.076, 23.021, 23.792, 26.169, 28.943, 30.245, 31.982, 35.287, 35.883, 34.662, 37.73, 42.911, 47.871, 49.593, 49.331, 52.437, 59.133, 65.685, 67.941, 69.433, 72.892, 76.046, 77.294, 78.057, 77.885, 76.868, 77.398, 76.963, 76.354, 76.228, 74.804, 73.431, 72.88, 73.104, 73.495, 73.2, 73.175, 73.139, 73.512, 73.977, 74.182, 74.382, 73.736, 73.138, 73.037, 71.896, 68.822, 67.971, 68.029], [62.466, 62.072, 60.814, 60.349, 61.022, 60.933, 59.807, 59.114, 59.129, 58.423, 59.189, 60.237, 59.346, 58.411, 57.997, 57.668, 56.955, 56.501, 54.262, 48.106, 42.922, 41.21, 40.606, 40.149, 39.764, 39.054, 36.352, 32.789, 30.262, 28.929, 28.226, 25.897, 21.994, 20.074, 19.0, 12.877, 0.0, 10.152, 13.906, 15.031, 18.077, 21.426, 22.502, 23.897, 27.264, 28.074, 27.198, 30.962, 37.474, 43.814, 45.977, 45.633, 49.38, 56.484, 63.062, 65.59, 67.464, 71.409, 74.845, 76.159, 76.896, 76.753, 75.9, 76.5, 76.239, 75.757, 75.637, 74.273, 72.859, 72.463, 73.365, 74.174, 73.887, 73.818, 73.728, 74.171, 74.727, 74.954, 75.209, 74.664, 74.085, 74.138, 73.176, 70.145, 69.258, 69.288], [62.735, 62.537, 61.655, 61.543, 62.446, 62.593, 61.619, 60.916, 60.865, 60.208, 61.085, 62.254, 61.429, 60.5, 60.081, 59.747, 59.013, 58.39, 55.711, 49.405, 44.392, 42.592, 41.891, 41.333, 40.959, 40.148, 37.74, 34.998, 33.048, 31.92, 31.371, 29.383, 26.435, 25.539, 25.431, 21.076, 10.152, 0.0, 5.629, 7.784, 12.204, 16.416, 17.418, 18.646, 22.451, 23.392, 22.413, 26.644, 33.84, 40.939, 43.406, 42.988, 47.086, 54.282, 60.808, 63.574, 65.749, 69.968, 73.488, 74.843, 75.587, 75.452, 74.699, 75.337, 75.207, 74.839, 74.723, 73.493, 72.168, 71.758, 73.023, 74.218, 73.974, 73.892, 73.76, 74.198, 74.787, 75.016, 75.289, 74.766, 74.155, 74.275, 73.492, 70.59, 69.724, 69.771], [62.705, 62.506, 61.656, 61.571, 62.466, 62.523, 61.531, 60.934, 60.922, 60.217, 60.988, 62.155, 61.398, 60.514, 60.102, 59.773, 59.096, 58.752, 56.53, 50.469, 45.475, 43.687, 42.961, 42.348, 41.942, 40.995, 38.363, 35.504, 33.564, 32.536, 32.022, 30.09, 27.207, 26.364, 26.532, 23.021, 13.906, 5.629, 0.0, 4.851, 11.291, 15.487, 16.47, 18.081, 22.358, 23.224, 21.931, 26.415, 33.741, 40.885, 43.371, 43.01, 47.127, 54.314, 60.947, 63.832, 66.084, 70.254, 73.675, 75.019, 75.801, 75.661, 74.889, 75.497, 75.358, 74.993, 74.881, 73.721, 72.438, 71.953, 73.164, 74.394, 74.166, 74.102, 73.969, 74.393, 74.985, 75.219, 75.479, 74.929, 74.302, 74.395, 73.611, 70.746, 69.927, 69.99], [63.497, 63.258, 62.407, 62.356, 63.235, 63.263, 62.21, 61.526, 61.524, 60.935, 61.844, 63.057, 62.271, 61.402, 61.003, 60.662, 59.938, 59.495, 57.126, 50.888, 45.741, 43.782, 42.956, 42.331, 41.98, 41.106, 38.602, 35.855, 34.06, 33.144, 32.663, 30.726, 27.869, 27.039, 27.23, 23.792, 15.031, 7.784, 4.851, 0.0, 7.872, 13.183, 14.602, 16.553, 20.881, 21.615, 21.292, 26.994, 34.821, 42.155, 44.706, 44.307, 48.528, 55.864, 62.361, 65.161, 67.402, 71.584, 75.041, 76.414, 77.173, 76.984, 76.163, 76.743, 76.629, 76.319, 76.212, 75.04, 73.741, 73.208, 74.377, 75.578, 75.328, 75.258, 75.136, 75.591, 76.159, 76.333, 76.55, 76.001, 75.295, 75.212, 74.283, 71.221, 70.177, 70.237], [64.394, 64.1, 63.242, 63.333, 64.303, 64.448, 63.639, 62.963, 62.89, 62.441, 63.58, 64.831, 63.939, 63.038, 62.638, 62.304, 61.527, 60.82, 57.97, 51.471, 46.293, 44.199, 43.354, 42.891, 42.724, 42.04, 40.001, 37.693, 36.216, 35.398, 34.943, 33.045, 30.409, 29.704, 29.685, 26.169, 18.077, 12.204, 11.291, 7.872, 0.0, 7.274, 10.385, 13.125, 17.32, 18.136, 19.902, 27.232, 35.611, 43.074, 45.818, 45.423, 49.839, 57.386, 63.593, 66.234, 68.477, 72.734, 76.25, 77.643, 78.318, 78.069, 77.246, 77.832, 77.779, 77.568, 77.481, 76.244, 74.877, 74.289, 75.436, 76.609, 76.328, 76.211, 76.099, 76.6, 77.137, 77.245, 77.441, 76.945, 76.168, 75.923, 74.892, 71.666, 70.297, 70.325], [65.447, 65.094, 64.205, 64.364, 65.437, 65.671, 65.138, 64.836, 64.915, 64.42, 65.559, 66.814, 65.878, 64.934, 64.489, 64.158, 63.415, 62.75, 60.015, 53.715, 48.658, 46.609, 45.782, 45.414, 45.346, 44.741, 42.769, 40.546, 39.166, 38.306, 37.838, 36.029, 33.419, 32.601, 32.432, 28.943, 21.426, 16.416, 15.487, 13.183, 7.274, 0.0, 5.104, 10.014, 14.813, 15.94, 18.888, 26.859, 35.529, 43.18, 46.07, 45.831, 50.441, 58.117, 64.33, 67.026, 69.374, 73.678, 77.178, 78.526, 79.154, 78.923, 78.13, 78.716, 78.66, 78.467, 78.406, 77.165, 75.758, 75.159, 76.31, 77.444, 77.18, 77.047, 76.905, 77.436, 77.977, 78.07, 78.285, 77.857, 77.115, 76.919, 75.953, 72.875, 71.571, 71.547], [65.896, 65.555, 64.693, 64.853, 65.965, 66.269, 65.797, 65.674, 65.927, 65.442, 66.532, 67.785, 66.887, 65.965, 65.505, 65.155, 64.424, 63.788, 61.149, 54.958, 50.011, 48.018, 47.184, 46.773, 46.639, 45.996, 44.003, 41.853, 40.562, 39.728, 39.292, 37.504, 34.797, 33.856, 33.707, 30.245, 22.502, 17.418, 16.47, 14.602, 10.385, 5.104, 0.0, 6.716, 12.871, 14.337, 17.275, 25.433, 34.525, 42.67, 45.686, 45.51, 50.303, 58.013, 64.284, 67.098, 69.538, 73.872, 77.36, 78.69, 79.333, 79.121, 78.33, 78.911, 78.831, 78.603, 78.543, 77.348, 75.957, 75.384, 76.617, 77.801, 77.572, 77.451, 77.282, 77.838, 78.44, 78.573, 78.798, 78.365, 77.648, 77.533, 76.624, 73.593, 72.355, 72.319], [65.564, 65.311, 64.553, 64.762, 65.957, 66.391, 65.965, 65.808, 66.079, 65.778, 67.003, 68.257, 67.438, 66.605, 66.164, 65.795, 65.015, 64.266, 61.45, 55.163, 50.264, 48.304, 47.441, 46.979, 46.776, 46.019, 44.123, 42.282, 41.29, 40.707, 40.379, 38.619, 36.066, 35.368, 35.407, 31.982, 23.897, 18.646, 18.081, 16.553, 13.125, 10.014, 6.716, 0.0, 7.646, 10.161, 13.752, 22.886, 33.234, 42.285, 45.461, 45.23, 50.213, 57.863, 64.049, 66.909, 69.367, 73.734, 77.256, 78.625, 79.294, 79.053, 78.225, 78.803, 78.754, 78.529, 78.443, 77.279, 75.913, 75.379, 76.733, 77.981, 77.744, 77.623, 77.483, 78.107, 78.768, 78.958, 79.227, 78.777, 78.034, 77.888, 76.857, 73.516, 72.015, 71.969], [66.29, 66.116, 65.471, 65.78, 67.099, 67.595, 67.153, 66.944, 67.199, 67.103, 68.654, 69.959, 69.072, 68.244, 67.787, 67.396, 66.556, 65.615, 62.48, 56.045, 51.182, 49.317, 48.553, 48.149, 48.008, 47.184, 45.38, 43.965, 43.407, 43.101, 42.899, 41.252, 39.035, 38.664, 38.759, 35.287, 27.264, 22.451, 22.358, 20.881, 17.32, 14.813, 12.871, 7.646, 0.0, 4.988, 12.864, 23.325, 34.612, 44.107, 47.334, 47.091, 52.098, 59.587, 65.474, 68.198, 70.612, 75.034, 78.655, 80.118, 80.838, 80.57, 79.71, 80.254, 80.283, 80.158, 80.054, 78.844, 77.459, 76.955, 78.362, 79.589, 79.314, 79.169, 79.07, 79.762, 80.412, 80.593, 80.928, 80.526, 79.726, 79.422, 78.147, 74.393, 72.489, 72.41], [66.611, 66.457, 65.853, 66.183, 67.469, 67.874, 67.335, 67.085, 67.339, 67.247, 68.818, 70.143, 69.214, 68.346, 67.873, 67.471, 66.619, 65.634, 62.47, 56.039, 51.148, 49.265, 48.513, 48.066, 47.888, 47.036, 45.248, 43.976, 43.573, 43.319, 43.096, 41.505, 39.454, 39.175, 39.264, 35.883, 28.074, 23.392, 23.224, 21.615, 18.136, 15.94, 14.337, 10.161, 4.988, 0.0, 10.899, 22.936, 34.53, 43.799, 46.887, 46.623, 51.64, 59.2, 65.066, 67.792, 70.204, 74.658, 78.3, 79.794, 80.534, 80.237, 79.336, 79.849, 79.881, 79.782, 79.685, 78.489, 77.109, 76.588, 78.004, 79.271, 79.02, 78.887, 78.803, 79.501, 80.115, 80.242, 80.546, 80.206, 79.419, 79.039, 77.718, 74.044, 72.237, 72.156], [64.694, 64.591, 64.047, 64.351, 65.56, 65.986, 65.452, 65.183, 65.384, 65.145, 66.362, 67.575, 66.842, 66.049, 65.604, 65.17, 64.296, 63.252, 60.133, 54.026, 49.4, 47.586, 46.778, 46.194, 45.839, 45.001, 43.378, 42.144, 41.645, 41.35, 41.045, 39.485, 37.56, 37.378, 37.621, 34.662, 27.198, 22.413, 21.931, 21.292, 19.902, 18.888, 17.275, 13.752, 12.864, 10.899, 0.0, 14.074, 26.859, 36.605, 39.77, 39.496, 44.704, 52.34, 58.544, 61.552, 64.096, 68.651, 72.375, 73.901, 74.621, 74.288, 73.384, 73.952, 73.94, 73.767, 73.676, 72.563, 71.229, 70.697, 72.207, 73.632, 73.439, 73.355, 73.29, 74.011, 74.751, 74.996, 75.289, 74.973, 74.406, 74.407, 73.443, 70.158, 68.824, 68.797], [63.638, 63.56, 63.079, 63.34, 64.508, 65.269, 65.12, 64.968, 65.06, 64.684, 65.615, 66.715, 66.244, 65.645, 65.292, 64.836, 63.952, 62.788, 59.63, 54.12, 50.199, 48.702, 47.972, 47.413, 46.961, 46.298, 45.193, 44.109, 43.294, 42.764, 42.462, 41.04, 39.418, 39.53, 40.036, 37.73, 30.962, 26.644, 26.415, 26.994, 27.232, 26.859, 25.433, 22.886, 23.325, 22.936, 14.074, 0.0, 14.583, 27.07, 31.78, 31.574, 36.64, 43.865, 50.218, 53.508, 56.377, 61.12, 65.046, 66.723, 67.493, 67.269, 66.53, 67.233, 67.192, 66.975, 66.926, 65.929, 64.659, 64.215, 66.109, 67.886, 67.78, 67.689, 67.553, 68.341, 69.427, 69.951, 70.369, 70.018, 69.76, 70.861, 71.069, 68.592, 67.673, 67.685], [64.592, 64.49, 64.059, 64.285, 65.302, 66.255, 66.519, 66.469, 66.373, 65.795, 66.384, 67.328, 66.995, 66.491, 66.221, 65.8, 64.927, 63.699, 60.76, 56.126, 52.996, 51.877, 51.287, 50.795, 50.316, 49.876, 49.228, 48.208, 47.025, 46.161, 45.841, 44.663, 43.466, 43.802, 44.402, 42.911, 37.474, 33.84, 33.741, 34.821, 35.611, 35.529, 34.525, 33.234, 34.612, 34.53, 26.859, 14.583, 0.0, 15.358, 22.777, 22.672, 26.643, 33.504, 40.256, 44.022, 47.239, 51.908, 55.953, 57.803, 58.625, 58.532, 58.057, 58.915, 58.882, 58.756, 58.829, 57.981, 56.845, 56.504, 58.899, 61.25, 61.319, 61.183, 60.847, 61.524, 62.911, 63.702, 64.223, 63.883, 63.937, 66.296, 68.347, 67.742, 67.781, 67.784], [67.485, 67.418, 67.056, 67.275, 68.129, 68.938, 69.213, 69.139, 68.886, 68.069, 68.233, 68.985, 68.673, 68.067, 67.74, 67.378, 66.506, 65.113, 62.326, 58.429, 55.92, 55.107, 54.656, 54.177, 53.763, 53.533, 53.154, 52.308, 51.21, 50.29, 49.957, 49.047, 48.115, 48.397, 48.828, 47.871, 43.814, 40.939, 40.885, 42.155, 43.074, 43.18, 42.67, 42.285, 44.107, 43.799, 36.605, 27.07, 15.358, 0.0, 10.157, 11.137, 14.373, 22.729, 30.809, 35.505, 38.559, 42.288, 46.012, 47.77, 48.447, 48.213, 47.9, 48.882, 48.954, 49.115, 49.379, 48.609, 47.536, 47.122, 49.716, 52.565, 52.864, 52.741, 52.298, 52.658, 53.91, 54.743, 55.254, 55.159, 55.602, 58.607, 62.156, 64.22, 66.141, 66.149], [69.232, 69.235, 68.935, 69.135, 69.94, 70.651, 70.731, 70.584, 70.328, 69.421, 69.393, 70.079, 69.791, 69.11, 68.722, 68.384, 67.542, 66.006, 63.051, 59.165, 56.752, 55.984, 55.519, 54.962, 54.585, 54.415, 54.145, 53.478, 52.534, 51.662, 51.298, 50.506, 49.679, 49.968, 50.399, 49.593, 45.977, 43.406, 43.371, 44.706, 45.818, 46.07, 45.686, 45.461, 47.334, 46.887, 39.77, 31.78, 22.777, 10.157, 0.0, 4.354, 11.382, 21.281, 30.173, 35.164, 37.416, 40.065, 43.203, 44.587, 45.02, 44.711, 44.452, 45.442, 45.533, 45.671, 45.91, 45.177, 44.085, 43.546, 45.901, 48.722, 49.167, 49.239, 48.936, 49.192, 50.1, 50.724, 51.133, 51.269, 51.91, 54.672, 58.13, 61.323, 64.67, 64.789], [68.908, 68.924, 68.647, 68.845, 69.621, 70.341, 70.411, 70.192, 69.896, 69.018, 68.996, 69.654, 69.374, 68.718, 68.352, 68.004, 67.155, 65.602, 62.563, 58.528, 55.971, 55.106, 54.591, 54.022, 53.616, 53.448, 53.29, 52.683, 51.689, 50.784, 50.419, 49.687, 49.059, 49.558, 50.102, 49.331, 45.633, 42.988, 43.01, 44.307, 45.423, 45.831, 45.51, 45.23, 47.091, 46.623, 39.496, 31.574, 22.672, 11.137, 4.354, 0.0, 9.813, 20.613, 29.9, 34.85, 36.984, 39.771, 43.049, 44.467, 44.872, 44.579, 44.347, 45.362, 45.517, 45.669, 45.88, 45.171, 44.124, 43.6, 45.96, 48.787, 49.223, 49.316, 49.045, 49.34, 50.296, 50.932, 51.349, 51.468, 52.059, 54.764, 58.165, 61.206, 64.496, 64.711], [68.467, 68.5, 68.27, 68.454, 69.122, 69.818, 69.978, 69.761, 69.37, 68.437, 68.276, 68.817, 68.57, 67.955, 67.628, 67.271, 66.432, 64.98, 62.486, 59.377, 57.296, 56.671, 56.308, 55.819, 55.378, 55.274, 55.191, 54.548, 53.563, 52.708, 52.447, 51.995, 51.745, 52.366, 52.894, 52.437, 49.38, 47.086, 47.127, 48.528, 49.839, 50.441, 50.303, 50.213, 52.098, 51.64, 44.704, 36.64, 26.643, 14.373, 11.382, 9.813, 0.0, 12.39, 23.166, 28.472, 30.743, 33.807, 37.648, 39.38, 40.017, 39.869, 39.7, 40.756, 41.083, 41.535, 41.892, 41.321, 40.491, 40.06, 42.595, 45.633, 46.086, 46.075, 45.642, 45.794, 46.863, 47.712, 48.295, 48.464, 49.234, 52.551, 56.919, 60.775, 64.179, 64.34], [68.507, 68.628, 68.593, 68.886, 69.542, 70.349, 70.661, 70.457, 69.999, 69.058, 68.773, 69.215, 69.082, 68.57, 68.299, 67.923, 67.052, 65.435, 63.166, 61.432, 60.553, 60.418, 60.285, 59.936, 59.51, 59.471, 59.693, 59.382, 58.633, 57.961, 57.883, 57.794, 57.987, 58.765, 59.314, 59.133, 56.484, 54.282, 54.314, 55.864, 57.386, 58.117, 58.013, 57.863, 59.587, 59.2, 52.34, 43.865, 33.504, 22.729, 21.281, 20.613, 12.39, 0.0, 12.655, 18.951, 21.929, 26.149, 31.328, 33.735, 34.707, 35.035, 35.273, 36.449, 37.046, 37.876, 38.369, 37.975, 37.474, 37.257, 40.018, 43.206, 43.648, 43.493, 42.821, 42.856, 44.207, 45.451, 46.371, 46.675, 47.749, 51.879, 57.087, 61.387, 64.75, 64.84], [69.248, 69.427, 69.57, 70.067, 70.836, 71.821, 72.266, 71.989, 71.471, 70.638, 70.462, 70.922, 70.801, 70.341, 70.115, 69.724, 68.751, 66.601, 63.819, 62.956, 63.329, 63.683, 63.755, 63.603, 63.332, 63.45, 64.18, 64.526, 64.209, 63.753, 63.801, 63.939, 64.462, 65.384, 65.877, 65.685, 63.062, 60.808, 60.947, 62.361, 63.593, 64.33, 64.284, 64.049, 65.474, 65.066, 58.544, 50.218, 40.256, 30.809, 30.173, 29.9, 23.166, 12.655, 0.0, 7.907, 13.359, 20.879, 28.092, 31.185, 32.152, 32.69, 33.368, 34.748, 35.833, 37.257, 37.912, 37.527, 37.179, 37.128, 40.167, 43.515, 43.841, 43.36, 42.442, 42.409, 43.834, 45.235, 46.407, 46.945, 48.12, 52.519, 58.111, 62.41, 65.344, 65.409], [68.594, 68.735, 68.88, 69.44, 70.27, 71.363, 71.856, 71.499, 70.923, 70.139, 70.031, 70.501, 70.384, 69.963, 69.782, 69.411, 68.434, 66.022, 63.053, 62.664, 63.613, 64.268, 64.502, 64.431, 64.204, 64.471, 65.456, 66.005, 65.843, 65.475, 65.56, 65.834, 66.593, 67.624, 68.081, 67.941, 65.59, 63.574, 63.832, 65.161, 66.234, 67.026, 67.098, 66.909, 68.198, 67.792, 61.552, 53.508, 44.022, 35.505, 35.164, 34.85, 28.472, 18.951, 7.907, 0.0, 8.007, 18.489, 27.002, 30.378, 31.298, 32.02, 32.92, 34.459, 35.747, 37.376, 38.057, 37.509, 37.153, 37.183, 40.112, 43.324, 43.513, 42.885, 41.973, 41.995, 43.443, 44.936, 46.248, 46.85, 48.007, 52.418, 57.989, 61.974, 64.552, 64.707], [68.632, 68.767, 68.933, 69.479, 70.267, 71.356, 71.792, 71.373, 70.775, 70.005, 69.854, 70.269, 70.2, 69.821, 69.667, 69.326, 68.375, 65.905, 62.98, 62.812, 63.95, 64.757, 65.15, 65.177, 64.907, 65.17, 66.259, 66.861, 66.758, 66.464, 66.562, 66.921, 67.851, 68.962, 69.437, 69.433, 67.464, 65.749, 66.084, 67.402, 68.477, 69.374, 69.538, 69.367, 70.612, 70.204, 64.096, 56.377, 47.239, 38.559, 37.416, 36.984, 30.743, 21.929, 13.359, 8.007, 0.0, 12.487, 22.581, 26.488, 27.453, 28.379, 29.53, 31.204, 32.736, 34.508, 35.143, 34.499, 34.191, 34.318, 37.07, 40.156, 40.361, 39.839, 39.078, 39.103, 40.412, 41.899, 43.282, 44.0, 45.261, 49.755, 55.505, 59.843, 62.834, 63.084], [71.221, 71.341, 71.527, 71.976, 72.607, 73.632, 74.061, 73.683, 73.063, 72.235, 71.923, 72.252, 72.29, 71.983, 71.837, 71.536, 70.682, 68.43, 65.912, 65.896, 66.958, 67.785, 68.206, 68.329, 68.073, 68.242, 69.276, 69.822, 69.738, 69.521, 69.626, 69.996, 70.962, 72.073, 72.626, 72.892, 71.409, 69.968, 70.254, 71.584, 72.734, 73.678, 73.872, 73.734, 75.034, 74.658, 68.651, 61.12, 51.908, 42.288, 40.065, 39.771, 33.807, 26.149, 20.879, 18.489, 12.487, 0.0, 11.666, 16.764, 18.263, 19.596, 21.295, 22.983, 24.684, 26.644, 27.235, 26.835, 26.911, 27.299, 30.262, 33.726, 34.251, 34.014, 33.485, 33.636, 35.129, 36.769, 38.198, 38.917, 40.409, 45.609, 52.413, 58.048, 62.013, 62.324], [73.961, 74.08, 74.269, 74.617, 75.124, 76.13, 76.603, 76.283, 75.62, 74.718, 74.279, 74.569, 74.683, 74.427, 74.297, 74.037, 73.312, 71.328, 69.181, 69.174, 70.038, 70.781, 71.115, 71.192, 70.99, 71.142, 72.09, 72.622, 72.57, 72.386, 72.472, 72.835, 73.803, 74.906, 75.556, 76.046, 74.845, 73.488, 73.675, 75.041, 76.25, 77.178, 77.36, 77.256, 78.655, 78.3, 72.375, 65.046, 55.953, 46.012, 43.203, 43.049, 37.648, 31.328, 28.092, 27.002, 22.581, 11.666, 0.0, 6.473, 9.589, 11.771, 14.354, 15.935, 17.532, 19.523, 20.137, 20.526, 21.277, 21.924, 25.349, 29.571, 30.578, 30.665, 30.398, 30.859, 32.737, 34.501, 35.795, 36.387, 37.961, 43.683, 51.218, 57.811, 62.49, 62.827], [75.455, 75.565, 75.736, 76.054, 76.553, 77.574, 78.059, 77.75, 77.06, 76.098, 75.591, 75.871, 75.999, 75.74, 75.615,