[[0.0, 5.46, 12.615, 16.499, 17.339, 19.829, 24.552, 28.263, 30.409, 30.695, 31.792, 33.235, 33.037, 33.084, 34.494, 35.765, 35.628, 36.907, 37.174, 37.317, 40.751, 42.696, 43.371, 44.276, 45.54, 45.918, 47.107, 48.673, 51.021, 53.176, 53.165, 53.069, 53.445, 53.946, 53.998, 54.176, 54.505, 55.182, 55.434, 55.245, 55.135, 54.753, 54.919, 55.234, 55.261, 55.312, 54.986, 54.93, 55.162, 56.515, 57.339, 58.392, 59.871, 61.094, 62.009, 62.199, 62.308, 62.186, 62.265, 62.27, 63.192, 63.001, 62.981, 63.699, 63.688, 63.872, 64.649, 64.926, 63.86, 61.86, 60.17, 58.295, 56.207, 54.49, 54.733, 54.833, 55.023, 55.893, 56.953, 56.929, 56.852, 56.555, 55.512, 54.618, 55.011, 55.691], [5.46, 0.0, 8.093, 12.604, 13.645, 17.231, 22.621, 26.315, 28.652, 29.705, 31.64, 33.338, 32.973, 32.939, 34.251, 35.581, 35.61, 36.939, 37.719, 38.368, 41.835, 43.704, 44.409, 45.42, 46.683, 47.047, 48.387, 49.967, 52.181, 54.282, 54.284, 54.238, 54.657, 55.058, 54.984, 55.216, 55.72, 56.46, 56.688, 56.338, 56.084, 55.68, 55.658, 55.664, 55.605, 55.657, 55.317, 55.278, 55.574, 56.932, 57.768, 58.866, 60.269, 61.34, 62.148, 62.313, 62.391, 62.171, 62.197, 62.218, 63.082, 62.925, 62.97, 63.692, 63.718, 63.863, 64.527, 64.799, 63.845, 61.983, 60.346, 58.481, 56.442, 54.873, 55.241, 55.323, 55.604, 56.716, 57.876, 57.861, 57.79, 57.466, 56.378, 55.469, 55.784, 56.362], [12.615, 8.093, 0.0, 5.343, 7.551, 13.614, 19.728, 23.124, 25.579, 27.707, 30.853, 32.931, 32.229, 32.075, 33.118, 34.584, 35.058, 36.973, 38.828, 40.097, 43.543, 45.326, 46.118, 47.221, 48.416, 48.76, 50.289, 51.878, 53.86, 55.834, 55.868, 55.894, 56.322, 56.516, 56.133, 56.354, 57.246, 58.264, 58.45, 57.833, 57.435, 57.061, 56.701, 56.193, 55.987, 55.997, 55.623, 55.588, 55.998, 57.353, 58.239, 59.457, 60.718, 61.527, 62.118, 62.212, 62.216, 61.84, 61.773, 61.801, 62.568, 62.433, 62.523, 63.205, 63.276, 63.317, 63.798, 64.127, 63.359, 61.739, 60.239, 58.376, 56.495, 55.314, 56.02, 56.092, 56.52, 58.064, 59.402, 59.388, 59.317, 58.972, 57.83, 56.861, 57.012, 57.402], [16.499, 12.604, 5.343, 0.0, 4.713, 12.722, 18.76, 21.688, 24.06, 26.671, 30.438, 32.786, 31.988, 31.784, 32.563, 34.084, 34.748, 36.88, 39.287, 40.894, 44.321, 46.045, 46.869, 48.028, 49.222, 49.56, 51.172, 52.759, 54.609, 56.528, 56.601, 56.67, 57.174, 57.338, 56.799, 56.966, 58.042, 59.283, 59.477, 58.736, 58.325, 57.966, 57.425, 56.687, 56.401, 56.377, 55.982, 55.953, 56.431, 57.763, 58.676, 59.972, 61.184, 61.873, 62.348, 62.394, 62.364, 61.885, 61.726, 61.749, 62.448, 62.296, 62.379, 63.015, 63.099, 63.061, 63.382, 63.714, 63.059, 61.583, 60.153, 58.249, 56.447, 55.478, 56.357, 56.426, 56.929, 58.65, 60.057, 60.051, 59.993, 59.635, 58.452, 57.435, 57.49, 57.752], [17.339, 13.645, 7.551, 4.713, 0.0, 9.473, 16.425, 19.678, 22.076, 24.619, 28.621, 31.108, 30.349, 30.152, 31.04, 32.714, 33.442, 36.054, 39.108, 41.045, 44.569, 46.35, 47.283, 48.456, 49.543, 49.868, 51.544, 53.114, 54.992, 57.013, 57.108, 57.14, 57.506, 57.511, 56.937, 57.138, 58.271, 59.546, 59.797, 59.106, 58.666, 58.304, 57.77, 57.04, 56.774, 56.734, 56.347, 56.338, 56.816, 58.158, 59.11, 60.386, 61.47, 62.076, 62.537, 62.573, 62.489, 62.002, 61.92, 61.946, 62.616, 62.499, 62.606, 63.226, 63.33, 63.357, 63.802, 64.25, 63.64, 62.206, 60.804, 58.93, 57.206, 56.36, 57.333, 57.409, 57.887, 59.547, 60.861, 60.838, 60.756, 60.406, 59.257, 58.244, 58.263, 58.501], [19.829, 17.231, 13.614, 12.722, 9.473, 0.0, 8.482, 13.728, 16.596, 18.58, 23.158, 25.731, 25.156, 25.165, 26.366, 28.446, 29.479, 33.94, 38.424, 40.807, 44.67, 46.684, 47.843, 48.734, 49.313, 49.68, 51.188, 52.507, 54.407, 56.609, 56.707, 56.763, 56.873, 56.542, 55.952, 56.348, 57.839, 59.423, 59.733, 59.257, 59.093, 58.904, 58.43, 57.856, 57.695, 57.628, 57.266, 57.293, 57.813, 59.314, 60.381, 61.586, 62.452, 62.991, 63.479, 63.512, 63.332, 62.973, 63.237, 63.258, 63.954, 63.961, 64.044, 64.659, 64.763, 64.843, 65.577, 66.302, 65.726, 64.311, 62.921, 61.093, 59.553, 59.025, 60.232, 60.325, 60.794, 62.344, 63.478, 63.423, 63.314, 62.984, 61.865, 60.799, 60.694, 60.805], [24.552, 22.621, 19.728, 18.76, 16.425, 8.482, 0.0, 7.037, 10.664, 13.229, 19.258, 22.08, 21.562, 21.792, 22.768, 25.01, 26.497, 32.168, 37.948, 41.046, 45.374, 47.605, 48.927, 49.698, 50.048, 50.492, 51.788, 52.853, 54.669, 56.961, 57.077, 57.206, 57.322, 56.911, 56.317, 56.866, 58.718, 60.678, 61.041, 60.648, 60.809, 60.859, 60.281, 59.664, 59.533, 59.411, 59.049, 59.094, 59.733, 61.372, 62.487, 63.7, 64.495, 64.984, 65.4, 65.398, 65.165, 64.828, 65.208, 65.219, 65.939, 66.038, 66.123, 66.743, 66.829, 66.88, 67.689, 68.544, 68.154, 66.967, 65.659, 63.82, 62.347, 62.081, 63.463, 63.55, 64.117, 65.681, 66.716, 66.639, 66.528, 66.18, 65.016, 63.868, 63.618, 63.477], [28.263, 26.315, 23.124, 21.688, 19.678, 13.728, 7.037, 0.0, 4.827, 10.794, 18.587, 21.789, 21.06, 21.272, 21.698, 23.764, 25.739, 31.387, 38.015, 41.842, 46.408, 48.71, 50.123, 51.029, 51.511, 51.979, 53.296, 54.367, 56.095, 58.369, 58.518, 58.661, 58.895, 58.594, 57.991, 58.569, 60.57, 62.659, 63.083, 62.652, 62.855, 63.01, 62.265, 61.443, 61.284, 61.117, 60.735, 60.777, 61.507, 63.17, 64.261, 65.521, 66.321, 66.741, 67.032, 66.983, 66.748, 66.328, 66.573, 66.573, 67.284, 67.4, 67.551, 68.174, 68.257, 68.282, 69.006, 69.835, 69.646, 68.709, 67.502, 65.652, 64.14, 63.994, 65.463, 65.534, 66.217, 67.904, 68.932, 68.834, 68.718, 68.349, 67.15, 65.967, 65.638, 65.359], [30.409, 28.652, 25.579, 24.06, 22.076, 16.596, 10.664, 4.827, 0.0, 8.201, 17.024, 20.455, 19.7, 19.916, 20.225, 22.306, 24.616, 30.917, 38.07, 42.048, 46.601, 48.924, 50.411, 51.326, 51.816, 52.275, 53.586, 54.656, 56.339, 58.603, 58.771, 58.922, 59.181, 58.919, 58.327, 58.936, 61.031, 63.186, 63.64, 63.214, 63.436, 63.659, 62.898, 62.022, 61.854, 61.681, 61.3, 61.341, 62.076, 63.746, 64.831, 66.065, 66.847, 67.263, 67.527, 67.463, 67.222, 66.801, 67.009, 66.993, 67.742, 67.926, 68.103, 68.708, 68.791, 68.811, 69.491, 70.303, 70.147, 69.255, 68.093, 66.29, 64.85, 64.828, 66.389, 66.472, 67.181, 68.9, 69.901, 69.772, 69.635, 69.27, 68.09, 66.925, 66.617, 66.377], [30.695, 29.705, 27.707, 26.671, 24.619, 18.58, 13.229, 10.794, 8.201, 0.0, 9.84, 13.684, 13.259, 13.748, 14.496, 17.248, 19.905, 28.507, 36.051, 39.67, 44.232, 46.644, 48.184, 48.896, 49.233, 49.674, 50.851, 51.85, 53.594, 55.952, 56.119, 56.294, 56.545, 56.336, 55.862, 56.535, 58.712, 60.983, 61.505, 61.258, 61.668, 62.018, 61.471, 60.893, 60.825, 60.66, 60.313, 60.36, 61.035, 62.728, 63.82, 64.952, 65.737, 66.275, 66.628, 66.579, 66.333, 66.036, 66.342, 66.295, 67.139, 67.413, 67.532, 68.11, 68.178, 68.211, 68.943, 69.784, 69.542, 68.528, 67.336, 65.564, 64.179, 64.185, 65.795, 65.908, 66.531, 68.036, 68.889, 68.713, 68.541, 68.2, 67.074, 65.945, 65.73, 65.653], [31.792, 31.64, 30.853, 30.438, 28.621, 23.158, 19.258, 18.587, 17.024, 9.84, 0.0, 4.719, 5.616, 7.03, 8.776, 12.458, 15.154, 25.575, 33.116, 36.298, 40.884, 43.388, 44.933, 45.459, 45.695, 46.133, 47.251, 48.318, 50.259, 52.765, 52.903, 53.063, 53.363, 53.375, 53.16, 53.89, 56.039, 58.349, 58.965, 58.988, 59.659, 60.167, 59.905, 59.775, 59.903, 59.753, 59.448, 59.483, 60.083, 61.773, 62.81, 63.819, 64.669, 65.403, 65.867, 65.834, 65.605, 65.419, 65.768, 65.678, 66.611, 66.9, 66.93, 67.477, 67.508, 67.593, 68.403, 69.187, 68.803, 67.608, 66.334, 64.51, 63.043, 62.936, 64.5, 64.625, 65.114, 66.286, 66.943, 66.732, 66.528, 66.22, 65.172, 64.093, 63.98, 64.089], [33.235, 33.338, 32.931, 32.786, 31.108, 25.731, 22.08, 21.789, 20.455, 13.684, 4.719, 0.0, 3.829, 6.169, 8.42, 12.258, 14.791, 25.789, 33.163, 36.069, 40.592, 43.104, 44.647, 45.084, 45.224, 45.668, 46.693, 47.711, 49.759, 52.339, 52.456, 52.633, 52.904, 52.931, 52.808, 53.597, 55.782, 58.1, 58.687, 58.763, 59.537, 60.126, 59.933, 59.922, 60.111, 59.968, 59.673, 59.694, 60.261, 61.944, 62.961, 63.915, 64.748, 65.518, 66.007, 65.973, 65.741, 65.611, 66.027, 65.927, 66.901, 67.24, 67.241, 67.769, 67.778, 67.877, 68.75, 69.528, 69.07, 67.805, 66.518, 64.717, 63.307, 63.274, 64.883, 65.017, 65.469, 66.544, 67.131, 66.897, 66.682, 66.396, 65.389, 64.347, 64.278, 64.444], [33.037, 32.973, 32.229, 31.988, 30.349, 25.156, 21.562, 21.06, 19.7, 13.259, 5.616, 3.829, 0.0, 3.401, 6.431, 10.818, 13.941, 25.248, 33.028, 36.008, 40.448, 42.965, 44.585, 45.247, 45.523, 45.986, 47.121, 48.2, 50.298, 52.862, 52.979, 53.171, 53.37, 53.313, 53.113, 53.867, 56.044, 58.315, 58.879, 58.864, 59.545, 60.139, 59.901, 59.802, 59.971, 59.814, 59.527, 59.551, 60.144, 61.848, 62.856, 63.845, 64.676, 65.443, 65.921, 65.877, 65.623, 65.423, 65.795, 65.708, 66.676, 67.046, 67.101, 67.637, 67.651, 67.718, 68.561, 69.367, 68.952, 67.707, 66.44, 64.636, 63.231, 63.258, 64.929, 65.07, 65.542, 66.677, 67.294, 67.062, 66.846, 66.563, 65.556, 64.511, 64.461, 64.599], [33.084, 32.939, 32.075, 31.784, 30.152, 25.165, 21.792, 21.272, 19.916, 13.748, 7.03, 6.169, 3.401, 0.0, 5.889, 10.864, 14.103, 25.204, 32.941, 36.059, 40.538, 43.053, 44.691, 45.543, 45.996, 46.468, 47.677, 48.815, 50.929, 53.466, 53.59, 53.761, 53.965, 53.959, 53.778, 54.494, 56.567, 58.732, 59.308, 59.296, 59.899, 60.443, 60.243, 60.155, 60.32, 60.169, 59.887, 59.931, 60.5, 62.177, 63.18, 64.173, 65.03, 65.817, 66.307, 66.268, 66.019, 65.789, 66.114, 66.033, 66.991, 67.347, 67.429, 67.97, 67.99, 68.046, 68.824, 69.591, 69.191, 67.938, 66.672, 64.882, 63.442, 63.397, 65.035, 65.19, 65.674, 66.831, 67.452, 67.211, 66.995, 66.709, 65.718, 64.702, 64.672, 64.823], [34.494, 34.251, 33.118, 32.563, 31.04, 26.366, 22.768, 21.698, 20.225, 14.496, 8.776, 8.42, 6.431, 5.889, 0.0, 6.155, 11.274, 23.481, 32.021, 35.361, 39.785, 42.246, 43.881, 44.717, 45.111, 45.542, 46.825, 48.026, 50.082, 52.601, 52.742, 52.953, 53.281, 53.31, 53.014, 53.724, 56.001, 58.394, 59.007, 58.93, 59.609, 60.237, 59.916, 59.715, 59.872, 59.701, 59.428, 59.49, 60.187, 61.933, 62.908, 63.926, 64.757, 65.487, 65.916, 65.855, 65.603, 65.332, 65.617, 65.522, 66.459, 66.77, 66.811, 67.328, 67.333, 67.4, 68.188, 68.975, 68.659, 67.521, 66.28, 64.402, 62.926, 62.969, 64.707, 64.874, 65.427, 66.656, 67.299, 67.061, 66.859, 66.578, 65.545, 64.463, 64.382, 64.496], [35.765, 35.581, 34.584, 34.084, 32.714, 28.446, 25.01, 23.764, 22.306, 17.248, 12.458, 12.258, 10.818, 10.864, 6.155, 0.0, 8.069, 21.248, 30.29, 33.712, 38.1, 40.582, 42.242, 43.117, 43.477, 43.904, 45.208, 46.478, 48.569, 51.082, 51.222, 51.461, 51.923, 52.109, 51.828, 52.551, 54.901, 57.415, 58.098, 58.065, 58.916, 59.7, 59.409, 59.262, 59.461, 59.294, 59.055, 59.128, 59.899, 61.773, 62.724, 63.725, 64.59, 65.385, 65.836, 65.782, 65.539, 65.239, 65.496, 65.378, 66.356, 66.664, 66.666, 67.172, 67.165, 67.291, 68.117, 68.86, 68.546, 67.427, 66.19, 64.268, 62.726, 62.74, 64.483, 64.658, 65.204, 66.368, 66.971, 66.731, 66.533, 66.267, 65.235, 64.116, 64.045, 64.203], [35.628, 35.61, 35.058, 34.748, 33.442, 29.479, 26.497, 25.739, 24.616, 19.905, 15.154, 14.791, 13.941, 14.103, 11.274, 8.069, 0.0, 15.613, 25.297, 29.07, 33.971, 36.704, 38.489, 39.509, 40.06, 40.573, 41.661, 42.786, 45.038, 47.735, 47.899, 48.14, 48.891, 49.524, 49.549, 50.335, 52.482, 54.928, 55.737, 55.924, 56.976, 57.825, 57.852, 58.072, 58.369, 58.249, 58.047, 58.156, 58.899, 60.849, 61.866, 62.926, 63.992, 64.971, 65.553, 65.544, 65.327, 65.027, 65.258, 65.129, 66.218, 66.575, 66.564, 67.042, 67.037, 67.27, 68.152, 68.825, 68.393, 67.123, 65.768, 63.68, 61.823, 61.474, 63.032, 63.235, 63.698, 64.654, 65.201, 64.959, 64.781, 64.515, 63.473, 62.383, 62.465, 62.763], [36.907, 36.939, 36.973, 36.88, 36.054, 33.94, 32.168, 31.387, 30.917, 28.507, 25.575, 25.789, 25.248, 25.204, 23.481, 21.248, 15.613, 0.0, 12.889, 21.306, 27.798, 30.594, 32.245, 34.539, 36.521, 37.156, 38.586, 40.065, 42.681, 45.605, 45.76, 45.985, 47.917, 50.021, 50.755, 51.495, 52.913, 54.931, 55.971, 56.372, 57.357, 58.004, 58.451, 59.089, 59.446, 59.402, 59.189, 59.307, 60.014, 61.96, 62.955, 64.227, 65.767, 66.884, 67.54, 67.592, 67.538, 67.046, 66.811, 66.706, 67.734, 67.825, 67.838, 68.263, 68.249, 68.567, 69.0, 69.016, 68.399, 66.945, 65.316, 62.794, 59.927, 58.518, 59.503, 59.729, 60.091, 60.832, 61.466, 61.274, 61.184, 60.898, 59.815, 58.761, 58.937, 59.258], [37.174, 37.719, 38.828, 39.287, 39.108, 38.424, 37.948, 38.015, 38.07, 36.051, 33.116, 33.163, 33.028, 32.941, 32.021, 30.29, 25.297, 12.889, 0.0, 12.827, 21.053, 23.814, 25.091, 28.278, 31.613, 32.247, 33.657, 35.423, 38.396, 41.384, 41.457, 41.754, 44.657, 48.079, 49.55, 50.224, 50.853, 52.34, 53.499, 54.231, 55.379, 55.933, 57.005, 58.466, 59.09, 59.229, 59.061, 59.15, 59.665, 61.49, 62.352, 63.581, 65.745, 67.413, 68.354, 68.515, 68.699, 68.371, 67.927, 67.805, 68.921, 68.82, 68.742, 69.198, 69.149, 69.466, 69.615, 69.131, 68.229, 66.338, 64.374, 61.712, 58.269, 55.905, 56.201, 56.468, 56.619, 56.78, 57.312, 57.15, 57.164, 56.922, 55.925, 55.089, 55.703, 56.49], [37.317, 38.368, 40.097, 40.894, 41.045, 40.807, 41.046, 41.842, 42.048, 39.67, 36.298, 36.069, 36.008, 36.059, 35.361, 33.712, 29.07, 21.306, 12.827, 0.0, 9.706, 13.578, 15.753, 19.323, 23.236, 24.046, 25.36, 27.373, 30.754, 33.768, 33.776, 34.195, 36.92, 40.563, 42.36, 42.966, 43.197, 44.528, 45.809, 47.017, 48.693, 49.52, 51.153, 53.485, 54.523, 54.862, 54.884, 54.983, 55.421, 57.226, 57.828, 58.803, 61.461, 64.143, 65.655, 65.942, 66.226, 66.174, 65.873, 65.678, 67.017, 66.985, 66.805, 67.309, 67.212, 67.548, 68.081, 67.897, 66.736, 64.263, 62.087, 59.399, 56.039, 53.562, 53.705, 54.03, 54.024, 53.687, 54.006, 53.86, 53.918, 53.809, 52.953, 52.286, 53.607, 55.273], [40.751, 41.835, 43.543, 44.321, 44.569, 44.67, 45.374, 46.408, 46.601, 44.232, 40.884, 40.592, 40.448, 40.538, 39.785, 38.1, 33.971, 27.798, 21.053, 9.706, 0.0, 5.222, 9.211, 13.978, 18.635, 19.529, 21.471, 23.896, 27.267, 30.106, 30.085, 30.562, 33.153, 36.892, 38.761, 39.191, 39.064, 40.225, 41.602, 43.059, 44.956, 45.9, 47.783, 50.562, 51.833, 52.295, 52.463, 52.584, 52.974, 54.691, 55.062, 55.884, 58.779, 62.081, 64.001, 64.381, 64.729, 64.719, 64.381, 64.144, 65.534, 65.507, 65.276, 65.743, 65.623, 65.96, 66.612, 66.564, 65.266, 62.444, 60.172, 57.469, 54.181, 51.76, 51.936, 52.307, 52.238, 51.735, 52.01, 51.891, 51.969, 51.976, 51.25, 50.664, 52.429, 54.741], [42.696, 43.704, 45.326, 46.045, 46.35, 46.684, 47.605, 48.71, 48.924, 46.644, 43.388, 43.104, 42.965, 43.053, 42.246, 40.582, 36.704, 30.594, 23.814, 13.578, 5.222, 0.0, 5.16, 11.415, 16.879, 17.644, 20.163, 23.007, 26.314, 29.042, 29.026, 29.564, 32.453, 36.493, 38.415, 38.75, 38.409, 39.415, 40.806, 42.295, 44.184, 45.043, 46.977, 49.922, 51.282, 51.816, 51.996, 52.103, 52.447, 54.075, 54.355, 55.105, 58.086, 61.499, 63.513, 63.956, 64.398, 64.42, 63.999, 63.754, 65.115, 65.029, 64.781, 65.216, 65.091, 65.407, 65.911, 65.761, 64.465, 61.576, 59.254, 56.566, 53.263, 50.796, 50.926, 51.315, 51.244, 50.697, 51.01, 50.913, 51.017, 51.064, 50.4, 49.874, 51.806, 54.375], [43.371, 44.409, 46.118, 46.869, 47.283, 47.843, 48.927, 50.123, 50.411, 48.184, 44.933, 44.647, 44.585, 44.691, 43.881, 42.242, 38.489, 32.245, 25.091, 15.753, 9.211, 5.16, 0.0, 8.41, 15.07, 15.819, 18.659, 21.976, 25.357, 28.029, 28.02, 28.539, 31.714, 36.092, 38.148, 38.474, 37.952, 38.797, 40.156, 41.674, 43.565, 44.28, 46.264, 49.397, 50.832, 51.444, 51.615, 51.692, 51.983, 53.582, 53.818, 54.478, 57.52, 60.932, 62.963, 63.457, 64.039, 64.206, 63.781, 63.525, 64.882, 64.745, 64.491, 64.932, 64.799, 65.153, 65.594, 65.339, 64.072, 61.236, 58.907, 56.266, 52.951, 50.426, 50.468, 50.851, 50.759, 50.152, 50.535, 50.466, 50.596, 50.654, 50.017, 49.515, 51.499, 54.193], [44.276, 45.42, 47.221, 48.028, 48.456, 48.734, 49.698, 51.029, 51.326, 48.896, 45.459, 45.084, 45.247, 45.543, 44.717, 43.117, 39.509, 34.539, 28.278, 19.323, 13.978, 11.415, 8.41, 0.0, 7.657, 8.827, 11.923, 16.203, 19.602, 22.289, 22.34, 22.665, 25.866, 30.695, 33.134, 33.717, 33.439, 34.591, 36.047, 37.926, 40.27, 41.075, 43.17, 46.698, 48.393, 49.143, 49.39, 49.471, 49.726, 51.318, 51.429, 51.836, 54.883, 58.425, 60.568, 61.137, 61.88, 62.575, 62.497, 62.166, 63.682, 63.609, 63.335, 63.866, 63.708, 64.275, 65.197, 65.229, 64.007, 61.206, 58.839, 56.269, 53.194, 50.934, 51.093, 51.475, 51.384, 50.717, 51.096, 51.066, 51.209, 51.291, 50.69, 50.189, 52.264, 55.242], [45.54, 46.683, 48.416, 49.222, 49.543, 49.313, 50.048, 51.511, 51.816, 49.233, 45.695, 45.224, 45.523, 45.996, 45.111, 43.477, 40.06, 36.521, 31.613, 23.236, 18.635, 16.879, 15.07, 7.657, 0.0, 2.803, 6.99, 12.155, 15.391, 18.036, 18.139, 18.292, 21.081, 25.952, 28.564, 29.419, 29.627, 31.329, 32.928, 35.152, 37.967, 38.993, 41.066, 44.692, 46.504, 47.322, 47.662, 47.789, 48.088, 49.755, 49.792, 50.021, 52.925, 56.498, 58.731, 59.338, 60.077, 61.087, 61.443, 61.074, 62.691, 62.744, 62.462, 63.074, 62.908, 63.646, 65.076, 65.464, 64.276, 61.514, 59.149, 56.633, 53.847, 51.944, 52.312, 52.706, 52.63, 52.014, 52.403, 52.405, 52.519, 52.583, 51.978, 51.442, 53.5, 56.569], [45.918, 47.047, 48.76, 49.56, 49.868, 49.68, 50.492, 51.979, 52.275, 49.674, 46.133, 45.668, 45.986, 46.468, 45.542, 43.904, 40.573, 37.156, 32.247, 24.046, 19.529, 17.644, 15.819, 8.827, 2.803, 0.0, 6.395, 12.026, 15.152, 17.681, 17.785, 17.92, 20.73, 25.627, 28.186, 29.004, 29.195, 30.888, 32.522, 34.747, 37.549, 38.586, 40.68, 44.301, 46.094, 46.916, 47.261, 47.396, 47.708, 49.367, 49.382, 49.599, 52.508, 56.052, 58.277, 58.887, 59.637, 60.664, 61.046, 60.696, 62.309, 62.358, 62.086, 62.707, 62.539, 63.29, 64.746, 65.162, 64.001, 61.246, 58.862, 56.357, 53.603, 51.719, 52.1, 52.513, 52.448, 51.85, 52.254, 52.252, 52.35, 52.407, 51.803, 51.269, 53.342, 56.472], [47.107, 48.387, 50.289, 51.172, 51.544, 51.188, 51.788, 53.296, 53.586, 50.851, 47.251, 46.693, 47.121, 47.677, 46.825, 45.208, 41.661, 38.586, 33.657, 25.36, 21.471, 20.163, 18.659, 11.923, 6.99, 6.395, 0.0, 6.51, 10.916, 14.168, 14.276, 14.468, 17.889, 23.686, 26.822, 27.921, 28.14, 29.912, 31.572, 34.101, 37.373, 38.578, 40.812, 44.645, 46.47, 47.305, 47.665, 47.797, 48.045, 49.701, 49.711, 49.881, 52.913, 56.598, 58.904, 59.559, 60.333, 61.56, 62.095, 61.733, 63.643, 63.915, 63.613, 64.267, 64.082, 64.875, 66.497, 66.93, 65.66, 62.889, 60.526, 58.063, 55.364, 53.387, 53.604, 54.028, 53.973, 53.288, 53.624, 53.6, 53.708, 53.769, 53.178, 52.694, 54.784, 57.838], [48.673, 49.967, 51.878, 52.759, 53.114, 52.507, 52.853, 54.367, 54.656, 51.85, 48.318, 47.711, 48.2, 48.815, 48.026, 46.478, 42.786, 40.065, 35.423, 27.373, 23.896, 23.007, 21.976, 16.203, 12.155, 12.026, 6.51, 0.0, 6.583, 11.276, 11.399, 11.846, 16.25, 22.831, 26.387, 27.729, 28.018, 29.899, 31.578, 34.219, 37.766, 39.083, 41.283, 45.083, 46.815, 47.619, 48.003, 48.151, 48.34, 49.967, 50.002, 50.206, 53.306, 57.051, 59.416, 60.092, 60.831, 62.096, 62.747, 62.384, 64.528, 65.065, 64.761, 65.407, 65.214, 65.999, 67.658, 68.048, 66.647, 63.857, 61.53, 59.086, 56.417, 54.405, 54.546, 54.986, 54.946, 54.263, 54.597, 54.568, 54.69, 54.739, 54.136, 53.687, 55.774, 58.721], [51.021, 52.181, 53.86, 54.609, 54.992, 54.407, 54.669, 56.095, 56.339, 53.594, 50.259, 49.759, 50.298, 50.929, 50.082, 48.569, 45.038, 42.681, 38.396, 30.754, 27.267, 26.314, 25.357, 19.602, 15.391, 15.152, 10.916, 6.583, 0.0, 5.767, 6.256, 7.094, 13.608, 21.413, 25.248, 26.706, 27.143, 29.284, 31.124, 33.875, 37.582, 38.932, 41.054, 44.821, 46.531, 47.355, 47.787, 47.953, 48.129, 49.65, 49.628, 49.819, 52.987, 56.828, 59.242, 59.96, 60.763, 62.097, 62.731, 62.336, 64.538, 65.156, 64.902, 65.577, 65.369, 66.126, 67.716, 68.039, 66.586, 63.775, 61.45, 58.983, 56.303, 54.269, 54.359, 54.79, 54.814, 54.235, 54.641, 54.63, 54.753, 54.797, 54.194, 53.768, 55.89, 58.974], [53.176, 54.282, 55.834, 56.528, 57.013, 56.609, 56.961, 58.369, 58.603, 55.952, 52.765, 52.339, 52.862, 53.466, 52.601, 51.082, 47.735, 45.605, 41.384, 33.768, 30.106, 29.042, 28.029, 22.289, 18.036, 17.681, 14.168, 11.276, 5.767, 0.0, 1.805, 4.426, 12.114, 20.689, 24.635, 26.022, 26.452, 28.681, 30.65, 33.545, 37.418, 38.872, 41.023, 44.868, 46.656, 47.546, 48.027, 48.195, 48.376, 49.826, 49.723, 49.855, 53.115, 57.126, 59.605, 60.353, 61.208, 62.6, 63.219, 62.79, 65.003, 65.598, 65.365, 66.122, 65.905, 66.615, 68.2, 68.516, 67.029, 64.166, 61.825, 59.355, 56.678, 54.596, 54.58, 54.975, 55.025, 54.444, 54.857, 54.874, 54.996, 55.056, 54.481, 54.101, 56.299, 59.573], [53.165, 54.284, 55.868, 56.601, 57.108, 56.707, 57.077, 58.518, 58.771, 56.119, 52.903, 52.456, 52.979, 53.59, 52.742, 51.222, 47.899, 45.76, 41.457, 33.776, 30.085, 29.026, 28.02, 22.34, 18.139, 17.785, 14.276, 11.399, 6.256, 1.805, 0.0, 4.077, 12.025, 20.654, 24.638, 26.025, 26.418, 28.603, 30.568, 33.472, 37.357, 38.844, 41.032, 44.898, 46.684, 47.572, 48.063, 48.236, 48.413, 49.876, 49.775, 49.909, 53.177, 57.192, 59.673, 60.417, 61.26, 62.643, 63.271, 62.84, 65.048, 65.636, 65.394, 66.161, 65.955, 66.657, 68.242, 68.551, 67.039, 64.152, 61.806, 59.348, 56.683, 54.6, 54.577, 54.972, 55.004, 54.389, 54.798, 54.828, 54.946, 54.999, 54.422, 54.04, 56.244, 59.535], [53.069, 54.238, 55.894, 56.67, 57.14, 56.763, 57.206, 58.661, 58.922, 56.294, 53.063, 52.633, 53.171, 53.761, 52.953, 51.461, 48.14, 45.985, 41.754, 34.195, 30.562, 29.564, 28.539, 22.665, 18.292, 17.92, 14.468, 11.846, 7.094, 4.426, 4.077, 0.0, 9.569, 18.992, 23.323, 24.831, 25.223, 27.43, 29.539, 32.572, 36.435, 37.884, 40.129, 44.109, 45.96, 46.837, 47.321, 47.49, 47.637, 49.064, 48.923, 48.99, 52.21, 56.233, 58.75, 59.514, 60.39, 61.883, 62.544, 62.088, 64.316, 64.904, 64.698, 65.475, 65.282, 66.219, 68.097, 68.504, 67.029, 64.227, 61.95, 59.547, 56.912, 54.848, 54.861, 55.272, 55.3, 54.669, 55.061, 55.093, 55.206, 55.261, 54.701, 54.304, 56.498, 59.855], [53.445, 54.657, 56.322, 57.174, 57.506, 56.873, 57.322, 58.895, 59.181, 56.545, 53.363, 52.904, 53.37, 53.965, 53.281, 51.923, 48.891, 47.917, 44.657, 36.92, 33.153, 32.453, 31.714, 25.866, 21.081, 20.73, 17.889, 16.25, 13.608, 12.114, 12.025, 9.569, 0.0, 10.345, 15.725, 17.899, 19.005, 21.999, 24.468, 27.899, 32.107, 33.954, 36.255, 40.484, 42.651, 43.59, 44.156, 44.32, 44.539, 46.097, 45.884, 45.675, 48.677, 53.001, 55.746, 56.533, 57.365, 59.074, 60.025, 59.54, 61.84, 62.598, 62.5, 63.404, 63.224, 64.46, 67.361, 68.595, 67.347, 64.736, 62.626, 60.38, 58.218, 56.781, 57.216, 57.609, 57.696, 57.196, 57.485, 57.487, 57.544, 57.621, 57.075, 56.592, 58.736, 62.146], [53.946, 55.058, 56.516, 57.338, 57.511, 56.542, 56.911, 58.594, 58.919, 56.336, 53.375, 52.931, 53.313, 53.959, 53.31, 52.109, 49.524, 50.021, 48.079, 40.563, 36.892, 36.493, 36.092, 30.695, 25.952, 25.627, 23.686, 22.831, 21.413, 20.689, 20.654, 18.992, 10.345, 0.0, 6.641, 10.188, 13.341, 17.916, 20.285, 23.546, 27.979, 30.214, 32.243, 36.434, 38.899, 39.908, 40.603, 40.828, 41.261, 43.072, 42.891, 42.481, 45.065, 49.563, 52.481, 53.259, 53.969, 55.812, 57.136, 56.653, 58.938, 59.905, 59.923, 60.942, 60.796, 62.126, 65.911, 68.161, 67.307, 64.989, 63.07, 60.967, 59.413, 58.812, 59.796, 60.177, 60.383, 60.192, 60.481, 60.458, 60.467, 60.544, 59.954, 59.313, 61.247, 64.482], [53.998, 54.984, 56.133, 56.799, 56.937, 55.952, 56.317, 57.991, 58.327, 55.862, 53.16, 52.808, 53.113, 53.778, 53.014, 51.828, 49.549, 50.755, 49.55, 42.36, 38.761, 38.415, 38.148, 33.134, 28.564, 28.186, 26.822, 26.387, 25.248, 24.635, 24.638, 23.323, 15.725, 6.641, 0.0, 4.776, 10.651, 16.614, 18.634, 21.108, 25.514, 27.926, 29.388, 33.256, 35.873, 36.922, 37.672, 37.956, 38.612, 40.57, 40.465, 40.093, 42.412, 46.871, 49.767, 50.502, 51.123, 52.948, 54.422, 53.946, 56.182, 57.222, 57.307, 58.4, 58.294, 59.565, 63.621, 66.431, 65.966, 63.959, 62.211, 60.17, 58.947, 58.836, 60.147, 60.52, 60.835, 60.901, 61.254, 61.218, 61.21, 61.276, 60.63, 59.889, 61.651, 64.725], [54.176, 55.216, 56.354, 56.966, 57.138, 56.348, 56.866, 58.569, 58.936, 56.535, 53.89, 53.597, 53.867, 54.494, 53.724, 52.551, 50.335, 51.495, 50.224, 42.966, 39.191, 38.75, 38.474, 33.717, 29.419, 29.004, 27.921, 27.729, 26.706, 26.022, 26.025, 24.831, 17.899, 10.188, 4.776, 0.0, 7.393, 14.193, 16.381, 18.793, 23.34, 25.844, 27.252, 31.311, 34.138, 35.245, 36.032, 36.35, 37.053, 39.009, 38.936, 38.636, 40.99, 45.587, 48.533, 49.243, 49.841, 51.584, 53.004, 52.53, 54.738, 55.734, 55.827, 56.963, 56.878, 58.078, 62.113, 65.074, 64.824, 63.01, 61.405, 59.415, 58.256, 58.212, 59.586, 59.959, 60.281, 60.352, 60.679, 60.621, 60.602, 60.671, 60.03, 59.277, 61.018, 64.094], [54.505, 55.72, 57.246, 58.042, 58.271, 57.839, 58.718, 60.57, 61.031, 58.712, 56.039, 55.782, 56.044, 56.567, 56.001, 54.901, 52.482, 52.913, 50.853, 43.197, 39.064, 38.409, 37.952, 33.439, 29.627, 29.195, 28.14, 28.018, 27.143, 26.452, 26.418, 25.223, 19.005, 13.341, 10.651, 7.393, 0.0, 7.476, 10.879, 15.024, 20.266, 22.636, 25.054, 30.264, 33.33, 34.556, 35.433, 35.819, 36.306, 38.143, 38.035, 37.694, 40.402, 45.44, 48.7, 49.504, 50.185, 51.875, 53.155, 52.7, 54.927, 55.857, 55.973, 57.13, 57.041, 58.217, 62.071, 64.841, 64.566, 62.746, 61.269, 59.463, 58.216, 57.804, 58.917, 59.308, 59.49, 59.306, 59.554, 59.474, 59.437, 59.512, 58.949, 58.27, 60.134, 63.349], [55.182, 56.46, 58.264, 59.283, 59.546, 59.423, 60.678, 62.659, 63.186, 60.983, 58.349, 58.1, 58.315, 58.732, 58.394, 57.415, 54.928, 54.931, 52.34, 44.528, 40.225, 39.415, 38.797, 34.591, 31.329, 30.888, 29.912, 29.899, 29.284, 28.681, 28.603, 27.43, 21.999, 17.916, 16.614, 14.193, 7.476, 0.0, 5.632, 12.114, 17.608, 19.676, 23.221, 29.441, 32.637, 33.943, 34.877, 35.285, 35.436, 37.06, 36.894, 36.415, 39.369, 44.752, 48.314, 49.245, 50.042, 51.805, 53.04, 52.608, 54.897, 55.829, 55.997, 57.179, 57.094, 58.32, 62.15, 64.798, 64.435, 62.536, 61.206, 59.791, 58.7, 58.118, 59.054, 59.455, 59.48, 59.106, 59.308, 59.208, 59.156, 59.257, 58.815, 58.249, 60.238, 63.617], [55.434, 56.688, 58.45, 59.477, 59.797, 59.733, 61.041, 63.083, 63.64, 61.505, 58.965, 58.687, 58.879, 59.308, 59.007, 58.098, 55.737, 55.971, 53.499, 45.809, 41.602, 40.806, 40.156, 36.047, 32.928, 32.522, 31.572, 31.578, 31.124, 30.65, 30.568, 29.539, 24.468, 20.285, 18.634, 16.381, 10.879, 5.632, 0.0, 7.762, 14.041, 16.242, 20.109, 26.841, 30.248, 31.599, 32.535, 32.919, 32.951, 34.512, 34.39, 33.826, 36.789, 42.33, 46.022, 47.017, 47.887, 49.818, 51.194, 50.772, 53.133, 54.14, 54.288, 55.472, 55.389, 56.584, 60.526, 63.329, 62.96, 61.022, 59.762, 58.666, 58.068, 57.941, 59.13, 59.545, 59.542, 59.221, 59.435, 59.336, 59.317, 59.448, 59.033, 58.471, 60.414, 63.759], [55.245, 56.338, 57.833, 58.736, 59.106, 59.257, 60.648, 62.652, 63.214, 61.258, 58.988, 58.763, 58.864, 59.296, 58.93, 58.065, 55.924, 56.372, 54.231, 47.017, 43.059, 42.295, 41.674, 37.926, 35.152, 34.747, 34.101, 34.219, 33.875, 33.545, 33.472, 32.572, 27.899, 23.546, 21.108, 18.793, 15.024, 12.114, 7.762, 0.0, 7.486, 10.809, 14.25, 21.194, 25.007, 26.405, 27.319, 27.688, 27.846, 29.495, 29.453, 28.879, 31.788, 37.43, 41.13, 42.117, 43.05, 45.069, 46.551, 46.137, 48.554, 49.689, 49.909, 51.164, 51.115, 52.289, 56.471, 59.608, 59.46, 57.754, 56.591, 55.699, 55.681, 56.541, 58.489, 58.943, 58.993, 58.921, 59.249, 59.166, 59.174, 59.287, 58.785, 58.136, 59.938, 63.141], [55.135, 56.084, 57.435, 58.325, 58.666, 59.093, 60.809, 62.855, 63.436, 61.668, 59.659, 59.537, 59.545, 59.899, 59.609, 58.916, 56.976, 57.357, 55.379, 48.693, 44.956, 44.184, 43.565, 40.27, 37.967, 37.549, 37.373, 37.766, 37.582, 37.418, 37.357, 36.435, 32.107, 27.979, 25.514, 23.34, 20.266, 17.608, 14.041, 7.486, 0.0, 5.104, 9.353, 16.832, 20.966, 22.382, 23.281, 23.7, 23.842, 25.472, 25.445, 24.802, 27.666, 33.445, 37.266, 38.3, 39.31, 41.383, 42.907, 42.51, 44.898, 46.101, 46.487, 47.809, 47.816, 49.125, 53.602, 56.974, 56.998, 55.498, 54.394, 53.626, 53.884, 55.421, 58.104, 58.659, 58.649, 58.741, 59.196, 59.131, 59.147, 59.244, 58.71, 58.024, 59.773, 62.968], [54.753, 55.68, 57.061, 57.966, 58.304, 58.904, 60.859, 63.01, 63.659, 62.018, 60.167, 60.126, 60.139, 60.443, 60.237, 59.7, 57.825, 58.004, 55.933, 49.52, 45.9, 45.043, 44.28, 41.075, 38.993, 38.586, 38.578, 39.083, 38.932, 38.872, 38.844, 37.884, 33.954, 30.214, 27.926, 25.844, 22.636, 19.676, 16.242, 10.809, 5.104, 0.0, 7.252, 15.803, 20.064, 21.545, 22.423, 22.885, 22.762, 24.161, 24.188, 23.599, 26.596, 32.435, 36.414, 37.55, 38.683, 40.854, 42.346, 41.95, 44.305, 45.451, 45.881, 47.194, 47.2, 48.562, 52.958, 56.221, 56.244, 54.772, 53.678, 52.987, 53.259, 54.689, 57.358, 57.976, 57.957, 58.083, 58.593, 58.523, 58.55, 58.652, 58.149, 57.484, 59.215, 62.421], [54.919, 55.658, 56.701, 57.425, 57.77, 58.43, 60.281, 62.265, 62.898, 61.471, 59.905, 59.933, 59.901, 60.243, 59.916, 59.409, 57.852, 58.451, 57.005, 51.153, 47.783, 46.977, 46.264, 43.17, 41.066, 40.68, 40.812, 41.283, 41.054, 41.023, 41.032, 40.129, 36.255, 32.243, 29.388, 27.252, 25.054, 23.221, 20.109, 14.25, 9.353, 7.252, 0.0, 9.658, 15.089, 16.863, 17.732, 18.165, 18.239, 19.747, 19.871, 19.507, 22.477, 28.351, 32.229, 33.28, 34.435, 36.66, 38.258, 37.775, 40.212, 41.554, 42.078, 43.501, 43.533, 44.861, 49.493, 53.126, 53.532, 52.545, 51.683, 51.142, 51.874, 54.018, 57.036, 57.596, 57.955, 58.652, 59.31, 59.209, 59.236, 59.312, 58.707, 57.953, 59.501, 62.5], [55.234, 55.664, 56.193, 56.687, 57.04, 57.856, 59.664, 61.443, 62.022, 60.893, 59.775, 59.922, 59.802, 60.155, 59.715, 59.262, 58.072, 59.089, 58.466, 53.485, 50.562, 49.922, 49.397, 46.698, 44.692, 44.301, 44.645, 45.083, 44.821, 44.868, 44.898, 44.109, 40.484, 36.434, 33.256, 31.311, 30.264, 29.441, 26.841, 21.194, 16.832, 15.803, 9.658, 0.0, 6.797, 9.135, 10.14, 10.793, 11.584, 13.813, 14.148, 14.616, 17.265, 22.624, 26.311, 27.301, 28.307, 30.352, 32.195, 31.658, 34.207, 36.049, 36.84, 38.36, 38.472, 39.83, 44.872, 49.053, 49.862, 49.497, 48.998, 48.669, 49.956, 52.953, 56.572, 57.099, 57.851, 59.673, 60.892, 60.792, 60.802, 60.837, 60.09, 59.223, 60.543, 63.25], [55.261, 55.605, 55.987, 56.401, 56.774, 57.695, 59.533, 61.284, 61.854, 60.825, 59.903, 60.111, 59.971, 60.32, 59.872, 59.461, 58.369, 59.446, 59.09, 54.523, 51.833, 51.282, 50.832, 48.393, 46.504, 46.094, 46.47, 46.815, 46.531, 46.656, 46.684, 45.96, 42.651, 38.899, 35.873, 34.138, 33.33, 32.637, 30.248, 25.007, 20.966, 20.064, 15.089, 6.797, 0.0, 3.246, 4.897, 6.233, 7.636, 10.616, 11.201, 12.594, 15.124, 19.792, 23.419, 24.447, 25.315, 27.076, 28.997, 28.512, 31.114, 33.273, 34.247, 35.764, 35.896, 37.301, 42.475, 46.757, 47.557, 47.423, 47.156, 46.979, 48.495, 51.738, 55.642, 56.205, 56.993, 59.463, 61.239, 61.201, 61.186, 61.202, 60.404, 59.477, 60.69, 63.235], [55.312, 55.657, 55.997, 56.377, 56.734, 57.628, 59.411, 61.117, 61.681, 60.66, 59.753, 59.968, 59.814, 60.169, 59.701, 59.294, 58.249, 59.402, 59.229, 54.862, 52.295, 51.816, 51.444, 49.143, 47.322, 46.916, 47.305, 47.619, 47.355, 47.546, 47.572, 46.837, 43.59, 39.908, 36.922, 35.245, 34.556, 33.943, 31.599, 26.405, 22.382, 21.545, 16.863, 9.135, 3.246, 0.0, 2.528, 4.418, 6.325, 9.503, 10.373, 12.328, 14.569, 18.71, 22.138, 23.122, 23.879, 25.477, 27.369, 26.91, 29.544, 31.803, 32.853, 34.371, 34.508, 35.972, 41.316, 45.704, 46.528, 46.541, 46.419, 46.321, 47.965, 51.399, 55.506, 56.108, 56.843, 59.356, 61.224, 61.222, 61.192, 61.203, 60.391, 59.428, 60.568, 63.017], [54.986, 55.317, 55.623, 55.982, 56.347, 57.266, 59.049, 60.735, 61.3, 60.313, 59.448, 59.673, 59.527, 59.887, 59.428, 59.055, 58.047, 59.189, 59.061, 54.884, 52.463, 51.996, 51.615, 49.39, 47.662, 47.261, 47.665, 48.003, 47.787, 48.027, 48.063, 47.321, 44.156, 40.603, 37.672, 36.032, 35.433, 34.877, 32.535, 27.319, 23.281, 22.423, 17.732, 10.14, 4.897, 2.528, 0.0, 2.324, 4.922, 8.415, 9.64, 11.904, 13.986, 17.744, 20.966, 21.911, 22.698, 24.227, 26.023, 25.567, 28.232, 30.503, 31.589, 33.122, 33.269, 34.779, 40.194, 44.613, 45.503, 45.639, 45.6, 45.581, 47.316, 50.886, 55.105, 55.718, 56.467, 59.035, 60.922, 60.92, 60.913, 60.927, 60.102, 59.122, 60.215, 62.619], [54.93, 55.278, 55.588, 55.953, 56.338, 57.293, 59.094, 60.777, 61.341, 60.36, 59.483, 59.694, 59.551, 59.931, 59.49, 59.128, 58.156, 59.307, 59.15, 54.983, 52.584, 52.103, 51.692, 49.471, 47.789, 47.396, 47.797, 48.151, 47.953, 48.195, 48.236, 47.49, 44.32, 40.828, 37.956, 36.35, 35.819, 35.285, 32.919, 27.688, 23.7, 22.885, 18.165, 10.793, 6.233, 4.418, 2.324, 0.0, 3.623, 7.372, 8.85, 11.31, 13.411, 17.103, 20.227, 21.15, 22.015, 23.592, 25.277, 24.799, 27.537, 29.82, 30.911, 32.449, 32.586, 34.131, 39.625, 44.049, 44.932, 45.097, 45.125, 45.192, 47.012, 50.665, 54.915, 55.515, 56.266, 58.839, 60.716, 60.698, 60.696, 60.733, 59.925, 58.958, 60.06, 62.479], [55.162, 55.574, 55.998, 56.431, 56.816, 57.813, 59.733, 61.507, 62.076, 61.035, 60.083, 60.261, 60.144, 60.5, 60.187, 59.899, 58.899, 60.014, 59.665, 55.421, 52.974, 52.447, 51.983, 49.726, 48.088, 47.708, 48.045, 48.34, 48.129, 48.376, 48.413, 47.637, 44.539, 41.261, 38.612, 37.053, 36.306, 35.436, 32.951, 27.846, 23.842, 22.762, 18.239, 11.584, 7.636, 6.325, 4.922, 3.623, 0.0, 4.496, 6.686, 9.544, 11.978, 16.11, 19.635, 20.693, 21.683, 23.52, 25.226, 24.707, 27.634, 30.008, 31.099, 32.623, 32.75, 34.362, 39.809, 44.056, 44.768, 44.8, 44.891, 45.213, 47.158, 50.684, 54.777, 55.366, 56.058, 58.574, 60.448, 60.415, 60.391, 60.451, 59.74, 58.859, 60.017, 62.531], [56.515, 56.932, 57.353, 57.763, 58.158, 59.314, 61.372, 63.17, 63.746, 62.728, 61.773, 61.944, 61.848, 62.177, 61.933, 61.773, 60.849, 61.96, 61.49, 57.226, 54.691, 54.075, 53.582, 51.318, 49.755, 49.367, 49.701, 49.967, 49.65, 49.826, 49.876, 49.064, 46.097, 43.072, 40.57, 39.009, 38.143, 37.06, 34.512, 29.495, 25.472, 24.161, 19.747, 13.813, 10.616, 9.503, 8.415, 7.372, 4.496, 0.0, 3.909, 7.87, 10.527, 14.849, 18.553, 19.703, 20.85, 22.888, 24.41, 23.851, 26.904, 29.321, 30.455, 31.97, 32.083, 33.726, 39.222, 43.495, 44.17, 44.197, 44.416, 45.015, 47.189, 50.759, 54.804, 55.389, 56.05, 58.543, 60.419, 60.382, 60.348, 60.443, 59.834, 59.056, 60.283, 62.907], [57.339, 57.768, 58.239, 58.676, 59.11, 60.381, 62.487, 64.261, 64.831, 63.82, 62.81, 62.961, 62.856, 63.18, 62.908, 62.724, 61.866, 62.955, 62.352, 57.828, 55.062, 54.355, 53.818, 51.429, 49.792, 49.382, 49.711, 50.002, 49.628, 49.723, 49.775, 48.923, 45.884, 42.891, 40.465, 38.936, 38.035, 36.894, 34.39, 29.453, 25.445, 24.188, 19.871, 14.148, 11.201, 10.373, 9.64, 8.85, 6.686, 3.909, 0.0, 5.052, 8.914, 14.337, 18.501, 19.823, 21.111, 23.339, 24.906, 24.318, 27.412, 29.82, 30.905, 32.389, 32.479, 34.224, 39.771, 43.984, 44.589, 44.47, 44.564, 45.124, 47.28, 50.824, 54.868, 55.476, 56.124, 58.573, 60.462, 60.463, 60.467, 60.601, 60.03, 59.309, 60.722, 63.545], [58.392, 58.866, 59.457, 59.972, 60.386, 61.586, 63.7, 65.521, 66.065, 64.952, 63.819, 63.915, 63.845, 64.173, 63.926, 63.725, 62.926, 64.227, 63.581, 58.803, 55.884, 55.105, 54.478, 51.836, 50.021, 49.599, 49.881, 50.206, 49.819, 49.855, 49.909, 48.99, 45.675, 42.481, 40.093, 38.636, 37.694, 36.415, 33.826, 28.879, 24.802, 23.599, 19.507, 14.616, 12.594, 12.328, 11.904, 11.31, 9.544, 7.87, 5.052, 0.0, 6.056, 13.365, 18.217, 19.76, 21.274, 24.141, 26.126, 25.504, 28.644, 31.084, 32.131, 33.623, 33.71, 35.698, 41.476, 45.702, 46.245, 45.944, 45.891, 46.531, 48.788, 52.341, 56.33, 56.938, 57.51, 59.72, 61.525, 61.592, 61.647, 61.803, 61.268, 60.576, 62.084, 65.079], [59.871, 60.269, 60.718, 61.184, 61.47, 62.452, 64.495, 66.321, 66.847, 65.737, 64.669, 64.748, 64.676, 65.03, 64.757, 64.59, 63.992, 65.767, 65.745, 61.461, 58.779, 58.086, 57.52, 54.883, 52.925, 52.508, 52.913, 53.306, 52.987, 53.115, 53.177, 52.21, 48.677, 45.065, 42.412, 40.99, 40.402, 39.369, 36.789, 31.788, 27.666, 26.596, 22.477, 17.265, 15.124, 14.569, 13.986, 13.411, 11.978, 10.527, 8.914, 6.056, 0.0, 8.427, 13.965, 15.722, 17.228, 20.77, 23.612, 22.984, 26.148, 28.912, 30.123, 31.667, 31.817, 34.232, 40.864, 45.733, 46.551, 46.597, 46.808, 47.727, 50.398, 54.339, 58.55, 59.145, 59.68, 61.954, 63.773, 63.865, 63.888, 64.019, 63.462, 62.694, 64.006, 66.882], [61.094, 61.34, 61.527, 61.873, 62.076, 62.991, 64.984, 66.741, 67.263, 66.275, 65.403, 65.518, 65.443, 65.817, 65.487, 65.385, 64.971, 66.884, 67.413, 64.143, 62.081, 61.499, 60.932, 58.425, 56.498, 56.052, 56.598, 57.051, 56.828, 57.126, 57.192, 56.233, 53.001, 49.563, 46.871, 45.587, 45.44, 44.752, 42.33, 37.43, 33.445, 32.435, 28.351, 22.624, 19.792, 18.71, 17.744, 17.103, 16.11, 14.849, 14.337, 13.365, 8.427, 0.0, 6.248, 8.509, 10.267, 14.917, 18.791, 18.272, 21.447, 24.643, 26.152, 27.717, 27.955, 30.853, 38.197, 43.588, 44.829, 45.598, 46.258, 47.54, 50.645, 55.076, 59.622, 60.213, 60.759, 63.325, 65.345, 65.451, 65.432, 65.516, 64.896, 64.038, 65.092, 67.731], [62.009, 62.148, 62.118, 62.348, 62.537, 63.479, 65.4, 67.032, 67.527, 66.628, 65.867, 66.007, 65.921, 66.307, 65.916, 65.836, 65.553, 67.54, 68.354, 65.655, 64.001, 63.513, 62.963, 60.568, 58.731, 58.277, 58.904, 59.416, 59.242, 59.605, 59.673, 58.75, 55.746, 52.481, 49.767, 48.533, 48.7, 48.314, 46.022, 41.13, 37.266, 36.414, 32.229, 26.311, 23.419, 22.138, 20.966, 20.227, 19.635, 18.553, 18.501, 18.217, 13.965, 6.248, 0.0, 2.935, 5.465, 11.106, 15.304, 14.853, 17.984, 21.426, 23.213, 24.802, 25.091, 28.157, 35.8, 41.533, 43.166, 44.533, 45.535, 47.03, 50.468, 55.428, 60.284, 60.851, 61.449, 64.139, 66.193, 66.29, 66.248, 66.295, 65.62, 64.705, 65.604, 68.067], [62.199, 62.313, 62.212, 62.394, 62.573, 63.512, 65.398, 66.983, 67.463, 66.579, 65.834, 65.973, 65.877, 66.268, 65.855, 65.782, 65.544, 67.592, 68.515, 65.942, 64.381, 63.956, 63.457, 61.137, 59.338, 58.887, 59.559, 60.092, 59.96, 60.353, 60.417, 59.514, 56.533, 53.259, 50.502, 49.243, 49.504, 49.245, 47.017, 42.117, 38.3, 37.55, 33.28, 27.301, 24.447, 23.122, 21.911, 21.15, 20.693, 19.703, 19.823, 19.76, 15.722, 8.509, 2.935, 0.0, 3.405, 9.424, 13.781, 13.353, 16.472, 20.057, 21.982, 23.607, 23.931, 27.008, 34.79, 40.714, 42.505, 44.077, 45.187, 46.722, 50.305, 55.525, 60.509, 61.057, 61.686, 64.385, 66.41, 66.494, 66.44, 66.474, 65.774, 64.825, 65.67, 68.067], [62.308, 62.391, 62.216, 62.364, 62.489, 63.332, 65.165, 66.748, 67.222, 66.333, 65.605, 65.741, 65.623, 66.019, 65.603, 65.539, 65.327, 67.538, 68.699, 66.226, 64.729, 64.398, 64.039, 61.88, 60.077, 59.637, 60.333, 60.831, 60.763, 61.208, 61.26, 60.39, 57.365, 53.969, 51.123, 49.841, 50.185, 50.042, 47.887, 43.05, 39.31, 38.683, 34.435, 28.307, 25.315, 23.879, 22.698, 22.015, 21.683, 20.85, 21.111, 21.274, 17.228, 10.267, 5.465, 3.405, 0.0, 6.954, 12.261, 11.909, 15.069, 19.092, 21.14, 22.769, 23.164, 26.279, 34.315, 40.501, 42.358, 44.027, 45.225, 46.782, 50.495, 55.836, 60.888, 61.433, 62.067, 64.799, 66.827, 66.914, 66.838, 66.851, 66.127, 65.147, 65.944, 68.256], [62.186, 62.171, 61.84, 61.885, 62.002, 62.973, 64.828, 66.328, 66.801, 66.036, 65.419, 65.611, 65.423, 65.789, 65.332, 65.239, 65.027, 67.046, 68.371, 66.174, 64.719, 64.42, 64.206, 62.575, 61.087, 60.664, 61.56, 62.096, 62.097, 62.6, 62.643, 61.883, 59.074, 55.812, 52.948, 51.584, 51.875, 51.805, 49.818, 45.069, 41.383, 40.854, 36.66, 30.352, 27.076, 25.477, 24.227, 23.592, 23.52, 22.888, 23.339, 24.141, 20.77, 14.917, 11.106, 9.424, 6.954, 0.0, 6.644, 6.801, 9.8, 14.921, 17.459, 19.043, 19.633, 22.59, 30.7, 37.195, 39.27, 41.32, 42.846, 44.5, 48.454, 54.136, 59.418, 59.958, 60.683, 63.666, 65.798, 65.872, 65.765, 65.738, 64.947, 63.903, 64.626, 66.808], [62.265, 62.197, 61.773, 61.726, 61.92, 63.237, 65.208, 66.573, 67.009, 66.342, 65.768, 66.027, 65.795, 66.114, 65.617, 65.496, 65.258, 66.811, 67.927, 65.873, 64.381, 63.999, 63.781, 62.497, 61.443, 61.046, 62.095, 62.747, 62.731, 63.219, 63.271, 62.544, 60.025, 57.136, 54.422, 53.004, 53.155, 53.04, 51.194, 46.551, 42.907, 42.346, 38.258, 32.195, 28.997, 27.369, 26.023, 25.277, 25.226, 24.41, 24.906, 26.126, 23.612, 18.791, 15.304, 13.781, 12.261, 6.644, 0.0, 2.146, 5.679, 11.532, 14.695, 16.197, 16.911, 19.526, 27.147, 33.618, 35.944, 38.4, 40.322, 42.153, 46.196, 52.068, 57.491, 58.023, 58.854, 62.041, 64.252, 64.292, 64.163, 64.129, 63.339, 62.306, 63.031, 65.197], [62.27, 62.218, 61.801, 61.749, 61.946, 63.258, 65.219, 66.573, 66.993, 66.295, 65.678, 65.927, 65.708, 66.033, 65.522, 65.378, 65.129, 66.706, 67.805, 65.678, 64.144, 63.754, 63.525,