[[0.0, 5.653, 12.131, 16.728, 21.642, 34.077, 45.479, 50.291, 52.528, 56.065, 59.893, 61.617, 62.385, 62.065, 62.926, 66.089, 69.643, 74.099, 77.334, 77.774, 77.063, 76.46, 75.757, 75.097, 75.408, 75.329, 74.147, 73.783, 73.705, 73.497, 72.902, 72.794, 72.28, 71.04, 70.115, 69.034, 67.266, 66.599, 66.268, 64.989, 64.796, 64.993, 65.175, 66.772, 67.851, 68.139, 68.653, 69.496, 69.937, 69.53, 69.416, 70.232, 70.605, 70.71, 70.668, 70.582, 69.341, 66.654, 65.849, 64.849, 63.936, 64.242, 64.635, 64.531, 65.25, 66.42, 66.633, 66.506, 66.819, 67.731, 68.63, 68.159, 67.352, 67.406, 67.99, 68.451, 68.766, 69.038, 68.481, 67.678, 66.948, 66.164, 65.662, 65.79, 65.958, 65.918], [5.653, 0.0, 8.147, 14.098, 19.925, 33.055, 44.553, 49.16, 51.05, 54.356, 58.102, 59.742, 60.436, 60.097, 61.02, 64.288, 67.917, 72.403, 75.645, 76.106, 75.413, 74.81, 74.074, 73.345, 73.614, 73.544, 72.377, 72.009, 71.928, 71.73, 71.146, 71.056, 70.552, 69.305, 68.393, 67.406, 65.72, 65.124, 64.834, 63.475, 63.238, 63.551, 63.958, 65.682, 66.742, 67.013, 67.561, 68.452, 68.9, 68.471, 68.384, 69.264, 69.668, 69.78, 69.726, 69.652, 68.318, 65.275, 64.237, 63.192, 62.336, 62.708, 63.129, 63.037, 63.796, 65.017, 65.264, 65.166, 65.503, 66.444, 67.36, 66.852, 66.009, 66.072, 66.678, 67.1, 67.329, 67.574, 67.028, 66.244, 65.505, 64.674, 64.142, 64.294, 64.489, 64.446], [12.131, 8.147, 0.0, 8.389, 17.294, 31.973, 43.815, 48.349, 49.981, 52.864, 56.311, 57.754, 58.31, 57.858, 58.772, 62.153, 65.915, 70.529, 73.84, 74.333, 73.651, 73.058, 72.3, 71.484, 71.681, 71.624, 70.465, 70.093, 69.998, 69.803, 69.244, 69.189, 68.652, 67.365, 66.446, 65.514, 64.078, 63.723, 63.472, 61.991, 61.64, 61.915, 62.36, 64.131, 65.144, 65.404, 66.002, 66.965, 67.443, 67.026, 67.024, 68.031, 68.477, 68.58, 68.524, 68.465, 66.966, 63.502, 62.269, 61.265, 60.583, 61.067, 61.545, 61.519, 62.348, 63.625, 63.911, 63.79, 64.096, 64.975, 65.81, 65.224, 64.28, 64.306, 64.942, 65.323, 65.45, 65.661, 65.141, 64.359, 63.573, 62.646, 62.035, 62.218, 62.479, 62.431], [16.728, 14.098, 8.389, 0.0, 13.313, 31.258, 43.941, 48.712, 50.468, 53.284, 56.705, 58.1, 58.559, 58.028, 58.952, 62.469, 66.303, 70.947, 74.243, 74.701, 73.998, 73.382, 72.597, 71.765, 71.977, 71.94, 70.767, 70.389, 70.281, 70.079, 69.511, 69.465, 68.894, 67.524, 66.573, 65.492, 63.91, 63.672, 63.573, 62.03, 61.511, 61.612, 61.866, 63.464, 64.327, 64.54, 65.203, 66.242, 66.803, 66.481, 66.488, 67.465, 67.912, 68.006, 67.953, 67.88, 66.408, 63.137, 62.102, 61.157, 60.478, 60.974, 61.478, 61.441, 62.268, 63.625, 63.958, 63.79, 64.019, 64.846, 65.732, 65.262, 64.321, 64.295, 64.926, 65.325, 65.467, 65.697, 65.207, 64.441, 63.636, 62.679, 62.029, 62.177, 62.439, 62.391], [21.642, 19.925, 17.294, 13.313, 0.0, 21.499, 36.459, 42.202, 44.872, 48.781, 53.213, 55.319, 56.221, 55.897, 57.036, 61.0, 65.324, 70.155, 73.374, 73.7, 72.958, 72.327, 71.542, 70.781, 71.042, 70.949, 69.71, 69.371, 69.313, 69.066, 68.402, 68.352, 67.939, 66.718, 65.764, 64.483, 62.387, 61.777, 61.942, 61.324, 61.794, 62.514, 63.182, 65.178, 66.331, 66.632, 67.292, 68.295, 68.877, 68.532, 68.327, 69.066, 69.471, 69.539, 69.358, 69.244, 68.025, 64.892, 63.426, 61.748, 60.499, 60.855, 61.296, 61.169, 61.984, 63.448, 63.737, 63.533, 63.818, 64.905, 66.232, 66.124, 65.424, 65.628, 66.389, 66.878, 67.128, 67.324, 66.777, 66.034, 65.287, 64.447, 63.902, 64.181, 64.518, 64.485], [34.077, 33.055, 31.973, 31.258, 21.499, 0.0, 17.419, 25.51, 30.773, 36.894, 42.728, 46.091, 47.963, 48.044, 49.541, 54.2, 59.285, 64.375, 67.504, 67.737, 66.958, 66.265, 65.418, 64.697, 64.967, 64.774, 63.482, 63.228, 63.282, 62.819, 61.855, 61.777, 61.703, 60.906, 60.098, 58.785, 56.564, 55.527, 55.776, 57.364, 60.481, 62.724, 64.443, 67.705, 69.815, 70.284, 70.793, 71.649, 72.127, 71.652, 71.385, 72.119, 72.511, 72.511, 72.153, 72.064, 71.024, 67.386, 64.669, 61.562, 59.306, 59.407, 59.701, 59.734, 60.975, 62.571, 62.722, 62.463, 62.94, 64.502, 66.261, 66.308, 65.806, 66.443, 67.577, 68.239, 68.65, 68.772, 68.112, 67.463, 66.831, 66.159, 65.787, 66.273, 66.716, 66.683], [45.479, 44.553, 43.815, 43.941, 36.459, 17.419, 0.0, 10.471, 18.911, 27.006, 33.829, 38.188, 40.847, 41.649, 44.142, 49.49, 54.749, 59.5, 62.274, 62.388, 61.58, 60.802, 59.833, 59.097, 59.36, 59.234, 58.193, 58.134, 58.295, 57.707, 56.512, 56.359, 56.555, 56.112, 55.435, 54.192, 52.199, 51.076, 51.414, 55.084, 60.633, 64.4, 67.424, 71.948, 74.66, 75.169, 75.615, 76.401, 76.767, 76.208, 76.124, 77.077, 77.51, 77.465, 77.042, 76.993, 75.887, 71.593, 67.887, 63.863, 60.853, 60.643, 60.799, 61.048, 62.671, 64.266, 64.329, 64.06, 64.668, 66.489, 68.332, 68.328, 67.977, 68.866, 70.192, 70.911, 71.252, 71.193, 70.495, 70.005, 69.497, 68.979, 68.739, 69.303, 69.766, 69.724], [50.291, 49.16, 48.349, 48.712, 42.202, 25.51, 10.471, 0.0, 10.178, 20.011, 28.229, 33.356, 36.422, 38.087, 41.847, 47.729, 52.793, 57.011, 59.368, 59.267, 58.379, 57.552, 56.488, 55.721, 55.972, 55.978, 55.309, 55.491, 55.726, 55.208, 54.002, 53.787, 54.072, 53.759, 53.143, 52.045, 50.293, 49.348, 50.032, 54.48, 60.924, 65.646, 69.818, 75.087, 77.858, 78.324, 78.821, 79.633, 79.924, 79.305, 79.42, 80.596, 81.076, 81.018, 80.589, 80.553, 79.232, 74.341, 70.163, 65.979, 62.797, 62.44, 62.544, 62.848, 64.509, 65.992, 66.032, 65.796, 66.436, 68.302, 70.076, 69.94, 69.619, 70.506, 71.799, 72.526, 72.752, 72.561, 71.911, 71.564, 71.16, 70.748, 70.595, 71.179, 71.618, 71.567], [52.528, 51.05, 49.981, 50.468, 44.872, 30.773, 18.911, 10.178, 0.0, 11.472, 21.46, 27.147, 30.43, 32.937, 37.965, 44.235, 48.953, 52.687, 54.766, 54.581, 53.668, 52.818, 51.672, 50.842, 51.087, 51.182, 50.788, 51.174, 51.469, 51.042, 49.899, 49.678, 50.005, 49.755, 49.181, 48.327, 46.923, 46.314, 47.367, 51.948, 58.593, 63.92, 69.133, 75.059, 77.834, 78.227, 78.757, 79.609, 79.831, 79.165, 79.525, 80.966, 81.497, 81.421, 80.986, 80.962, 79.367, 73.922, 69.513, 65.42, 62.286, 61.891, 61.968, 62.29, 63.911, 65.249, 65.306, 65.149, 65.791, 67.594, 69.188, 68.826, 68.443, 69.238, 70.445, 71.199, 71.405, 71.189, 70.631, 70.462, 70.205, 69.906, 69.84, 70.399, 70.745, 70.674], [56.065, 54.356, 52.864, 53.284, 48.781, 36.894, 27.006, 20.011, 11.472, 0.0, 11.175, 17.561, 21.314, 24.601, 30.773, 37.354, 41.705, 45.135, 47.204, 47.193, 46.385, 45.522, 44.278, 43.404, 43.695, 43.853, 43.628, 44.194, 44.559, 44.188, 43.124, 43.019, 43.512, 43.443, 42.941, 42.32, 41.473, 41.432, 42.83, 47.592, 54.449, 60.193, 66.238, 72.908, 75.842, 76.191, 76.751, 77.641, 77.786, 77.088, 77.758, 79.511, 80.091, 79.986, 79.531, 79.514, 77.662, 71.698, 67.063, 63.047, 60.039, 59.7, 59.751, 60.122, 61.772, 63.01, 63.159, 63.089, 63.672, 65.331, 66.651, 65.958, 65.406, 66.081, 67.225, 68.021, 68.242, 68.03, 67.56, 67.545, 67.41, 67.214, 67.256, 67.755, 67.944, 67.845], [59.893, 58.102, 56.311, 56.705, 53.213, 42.728, 33.829, 28.229, 21.46, 11.175, 0.0, 7.326, 12.206, 16.276, 23.357, 30.262, 34.575, 38.023, 40.323, 40.675, 40.036, 39.164, 37.815, 36.915, 37.277, 37.437, 37.253, 37.93, 38.355, 37.959, 36.879, 36.918, 37.694, 37.936, 37.578, 37.245, 37.31, 38.066, 39.567, 44.508, 51.619, 57.525, 63.904, 71.017, 74.143, 74.487, 75.04, 75.933, 76.009, 75.254, 76.095, 78.041, 78.656, 78.534, 78.061, 78.065, 76.066, 69.679, 64.745, 60.743, 57.923, 57.691, 57.726, 58.214, 60.034, 61.273, 61.485, 61.419, 61.925, 63.469, 64.534, 63.486, 62.751, 63.438, 64.611, 65.419, 65.627, 65.412, 64.986, 65.049, 64.978, 64.85, 64.98, 65.466, 65.573, 65.462], [61.617, 59.742, 57.754, 58.1, 55.319, 46.091, 38.188, 33.356, 27.147, 17.561, 7.326, 0.0, 5.912, 11.337, 19.839, 27.115, 31.278, 34.569, 36.942, 37.573, 37.072, 36.215, 34.858, 33.933, 34.272, 34.454, 34.376, 35.1, 35.519, 35.095, 34.008, 34.12, 35.001, 35.353, 35.083, 35.032, 35.881, 37.349, 38.894, 43.616, 50.538, 56.345, 62.787, 70.0, 73.136, 73.451, 74.003, 74.916, 74.96, 74.158, 75.08, 77.143, 77.789, 77.659, 77.191, 77.224, 75.105, 68.369, 63.23, 59.288, 56.591, 56.394, 56.433, 57.025, 58.962, 60.187, 60.407, 60.339, 60.809, 62.27, 63.15, 61.857, 60.995, 61.69, 62.865, 63.632, 63.786, 63.572, 63.207, 63.356, 63.351, 63.261, 63.431, 63.92, 64.003, 63.887], [62.385, 60.436, 58.31, 58.559, 56.221, 47.963, 40.847, 36.422, 30.43, 21.314, 12.206, 5.912, 0.0, 7.347, 17.821, 25.525, 29.262, 32.123, 34.407, 35.213, 34.826, 33.975, 32.639, 31.715, 32.001, 32.301, 32.494, 33.302, 33.701, 33.332, 32.372, 32.596, 33.476, 33.813, 33.604, 33.702, 34.948, 36.929, 38.677, 43.233, 49.922, 55.638, 62.153, 69.421, 72.485, 72.738, 73.31, 74.264, 74.302, 73.494, 74.529, 76.723, 77.406, 77.272, 76.812, 76.861, 74.638, 67.654, 62.423, 58.565, 55.898, 55.664, 55.714, 56.333, 58.254, 59.427, 59.676, 59.632, 60.067, 61.457, 62.217, 60.778, 59.825, 60.449, 61.578, 62.291, 62.343, 62.092, 61.79, 62.033, 62.093, 62.032, 62.224, 62.692, 62.734, 62.616], [62.065, 60.097, 57.858, 58.028, 55.897, 48.044, 41.649, 38.087, 32.937, 24.601, 16.276, 11.337, 7.347, 0.0, 11.525, 20.131, 24.648, 28.228, 30.869, 31.854, 31.596, 30.813, 29.582, 28.84, 29.183, 29.371, 29.515, 30.304, 30.658, 30.375, 29.716, 30.238, 31.115, 31.433, 31.336, 31.506, 32.976, 35.312, 37.078, 41.423, 47.97, 53.578, 60.075, 67.493, 70.669, 70.913, 71.487, 72.473, 72.558, 71.834, 72.966, 75.263, 75.995, 75.865, 75.399, 75.448, 73.246, 66.31, 61.182, 57.424, 54.761, 54.509, 54.6, 55.203, 57.07, 58.275, 58.626, 58.608, 58.949, 60.183, 60.847, 59.376, 58.316, 58.871, 60.02, 60.699, 60.698, 60.411, 60.077, 60.298, 60.324, 60.234, 60.401, 60.829, 60.875, 60.773], [62.926, 61.02, 58.772, 58.952, 57.036, 49.541, 44.142, 41.847, 37.965, 30.773, 23.357, 19.839, 17.821, 11.525, 0.0, 10.174, 17.804, 24.057, 27.811, 29.14, 29.155, 28.645, 27.785, 27.557, 28.18, 27.902, 27.374, 27.869, 28.151, 27.955, 27.788, 28.749, 29.529, 29.841, 29.923, 30.25, 31.986, 34.48, 35.944, 39.625, 45.704, 50.971, 57.276, 64.897, 68.375, 68.703, 69.279, 70.295, 70.489, 69.979, 71.239, 73.602, 74.377, 74.262, 73.779, 73.817, 71.736, 65.131, 60.28, 56.656, 54.094, 53.918, 54.064, 54.634, 56.432, 57.716, 58.238, 58.266, 58.439, 59.34, 59.822, 58.4, 57.185, 57.614, 58.821, 59.521, 59.589, 59.35, 58.964, 59.062, 58.93, 58.742, 58.85, 59.226, 59.296, 59.216], [66.089, 64.288, 62.153, 62.469, 61.0, 54.2, 49.49, 47.729, 44.235, 37.354, 30.262, 27.115, 25.525, 20.131, 10.174, 0.0, 10.49, 19.072, 23.88, 25.764, 26.22, 26.068, 25.729, 26.125, 27.102, 26.446, 25.372, 25.728, 26.006, 25.959, 26.431, 27.847, 28.432, 28.663, 28.836, 29.371, 31.484, 34.102, 35.31, 38.283, 43.814, 48.818, 55.188, 63.183, 66.936, 67.325, 67.936, 68.996, 69.274, 69.07, 70.768, 73.377, 74.184, 74.062, 73.572, 73.6, 71.535, 65.15, 60.565, 57.137, 54.723, 54.586, 54.698, 55.151, 56.693, 57.891, 58.644, 58.792, 58.775, 59.293, 59.545, 58.159, 56.75, 56.866, 58.014, 58.825, 59.048, 58.906, 58.544, 58.584, 58.365, 58.162, 58.294, 58.613, 58.655, 58.595], [69.643, 67.917, 65.915, 66.303, 65.324, 59.285, 54.749, 52.793, 48.953, 41.705, 34.575, 31.278, 29.262, 24.648, 17.804, 10.49, 0.0, 9.767, 15.809, 18.75, 19.808, 19.868, 19.992, 21.113, 22.651, 22.257, 21.48, 22.221, 22.602, 22.807, 23.98, 25.877, 26.292, 26.397, 26.603, 27.329, 29.864, 32.81, 34.021, 36.499, 41.728, 46.91, 54.011, 62.728, 66.658, 67.021, 67.668, 68.728, 68.931, 68.915, 71.293, 74.384, 75.239, 75.09, 74.607, 74.64, 72.408, 65.973, 61.647, 58.522, 56.194, 55.964, 55.966, 56.232, 57.318, 58.211, 59.175, 59.445, 59.257, 59.489, 59.505, 58.055, 56.489, 56.213, 57.181, 58.131, 58.476, 58.345, 58.034, 58.147, 58.0, 57.895, 58.133, 58.367, 58.285, 58.239], [74.099, 72.403, 70.529, 70.947, 70.155, 64.375, 59.5, 57.011, 52.687, 45.135, 38.023, 34.569, 32.123, 28.228, 24.057, 19.072, 9.767, 0.0, 7.303, 12.245, 14.313, 14.6, 15.132, 16.908, 18.977, 19.331, 19.7, 21.099, 21.602, 22.04, 23.584, 25.53, 25.89, 26.158, 26.572, 27.62, 30.601, 33.837, 35.243, 37.881, 43.224, 48.796, 56.634, 65.796, 69.717, 70.011, 70.633, 71.628, 71.687, 71.63, 74.344, 77.759, 78.677, 78.492, 78.0, 78.042, 75.656, 69.003, 64.669, 61.702, 59.379, 58.999, 58.922, 59.137, 59.989, 60.666, 61.682, 61.964, 61.697, 61.857, 61.766, 60.234, 58.657, 58.233, 59.089, 60.102, 60.44, 60.228, 59.952, 60.19, 60.181, 60.204, 60.527, 60.712, 60.571, 60.54], [77.334, 75.645, 73.84, 74.243, 73.374, 67.504, 62.274, 59.368, 54.766, 47.204, 40.323, 36.942, 34.407, 30.869, 27.811, 23.88, 15.809, 7.303, 0.0, 6.559, 9.873, 10.835, 12.188, 14.693, 16.743, 17.57, 19.303, 21.364, 21.932, 22.504, 24.176, 26.018, 26.387, 26.827, 27.375, 28.512, 31.545, 34.803, 36.412, 39.492, 45.205, 51.181, 59.481, 68.801, 72.656, 72.904, 73.514, 74.484, 74.507, 74.443, 77.233, 80.744, 81.717, 81.543, 81.04, 81.073, 78.667, 71.973, 67.62, 64.683, 62.233, 61.661, 61.536, 61.698, 62.406, 63.004, 64.018, 64.292, 64.01, 64.195, 64.161, 62.687, 61.169, 60.731, 61.539, 62.519, 62.794, 62.513, 62.255, 62.581, 62.657, 62.756, 63.1, 63.252, 63.103, 63.083], [77.774, 76.106, 74.333, 74.701, 73.7, 67.737, 62.388, 59.267, 54.581, 47.193, 40.675, 37.573, 35.213, 31.854, 29.14, 25.764, 18.75, 12.245, 6.559, 0.0, 4.374, 6.615, 9.508, 13.206, 15.232, 16.151, 18.778, 21.362, 22.029, 22.692, 24.292, 26.05, 26.465, 26.921, 27.414, 28.328, 31.049, 34.208, 35.931, 39.235, 45.257, 51.564, 60.132, 69.528, 73.351, 73.601, 74.238, 75.219, 75.266, 75.253, 78.05, 81.537, 82.539, 82.434, 81.966, 81.991, 79.627, 73.055, 68.809, 65.925, 63.383, 62.682, 62.532, 62.612, 63.208, 63.804, 64.828, 65.111, 64.84, 65.073, 65.157, 63.823, 62.358, 61.905, 62.684, 63.638, 63.896, 63.585, 63.299, 63.625, 63.712, 63.844, 64.192, 64.328, 64.184, 64.175], [77.063, 75.413, 73.651, 73.998, 72.958, 66.958, 61.58, 58.379, 53.668, 46.385, 40.036, 37.072, 34.826, 31.596, 29.155, 26.22, 19.808, 14.313, 9.873, 4.374, 0.0, 3.243, 7.482, 12.065, 14.32, 15.267, 18.129, 20.906, 21.65, 22.336, 23.809, 25.491, 25.932, 26.395, 26.871, 27.667, 30.273, 33.505, 35.268, 38.568, 44.689, 51.145, 59.832, 69.272, 73.098, 73.358, 74.011, 75.004, 75.068, 75.069, 77.832, 81.271, 82.274, 82.211, 81.796, 81.84, 79.503, 73.001, 68.823, 65.987, 63.455, 62.742, 62.593, 62.654, 63.259, 63.888, 64.908, 65.184, 64.926, 65.196, 65.337, 64.041, 62.586, 62.143, 62.93, 63.897, 64.174, 63.866, 63.554, 63.855, 63.94, 64.086, 64.443, 64.595, 64.462, 64.455], [76.46, 74.81, 73.058, 73.382, 72.327, 66.265, 60.802, 57.552, 52.818, 45.522, 39.164, 36.215, 33.975, 30.813, 28.645, 26.068, 19.868, 14.6, 10.835, 6.615, 3.243, 0.0, 4.972, 10.254, 12.981, 14.052, 16.968, 19.82, 20.577, 21.301, 22.832, 24.553, 25.02, 25.53, 26.075, 26.888, 29.514, 32.833, 34.595, 37.873, 44.06, 50.611, 59.388, 68.901, 72.756, 73.02, 73.674, 74.658, 74.709, 74.684, 77.415, 80.836, 81.828, 81.756, 81.352, 81.419, 79.104, 72.629, 68.471, 65.641, 63.13, 62.45, 62.308, 62.363, 62.982, 63.633, 64.647, 64.902, 64.652, 64.955, 65.096, 63.77, 62.328, 61.925, 62.731, 63.722, 64.027, 63.724, 63.396, 63.682, 63.76, 63.901, 64.266, 64.425, 64.28, 64.259], [75.757, 74.074, 72.3, 72.597, 71.542, 65.418, 59.833, 56.488, 51.672, 44.278, 37.815, 34.858, 32.639, 29.582, 27.785, 25.729, 19.992, 15.132, 12.188, 9.508, 7.482, 4.972, 0.0, 6.01, 9.905, 11.361, 14.184, 17.041, 17.794, 18.587, 20.349, 22.341, 22.967, 23.624, 24.319, 25.27, 28.106, 31.597, 33.337, 36.598, 42.913, 49.624, 58.53, 68.135, 72.026, 72.295, 72.931, 73.867, 73.85, 73.721, 76.361, 79.744, 80.718, 80.626, 80.201, 80.285, 78.024, 71.627, 67.511, 64.682, 62.287, 61.746, 61.625, 61.697, 62.379, 63.06, 64.041, 64.27, 64.07, 64.466, 64.595, 63.188, 61.786, 61.483, 62.338, 63.379, 63.773, 63.523, 63.183, 63.442, 63.505, 63.617, 63.977, 64.142, 63.957, 63.903], [75.097, 73.345, 71.484, 71.765, 70.781, 64.697, 59.097, 55.721, 50.842, 43.404, 36.915, 33.933, 31.715, 28.84, 27.557, 26.125, 21.113, 16.908, 14.693, 13.206, 12.065, 10.254, 6.01, 0.0, 5.598, 8.507, 11.612, 14.243, 14.929, 15.714, 17.661, 20.05, 20.889, 21.67, 22.471, 23.605, 26.741, 30.376, 32.091, 35.346, 41.715, 48.499, 57.433, 67.024, 70.91, 71.165, 71.769, 72.66, 72.58, 72.34, 74.875, 78.204, 79.163, 79.071, 78.636, 78.722, 76.515, 70.279, 66.273, 63.434, 61.193, 60.839, 60.741, 60.829, 61.575, 62.261, 63.188, 63.399, 63.257, 63.728, 63.841, 62.364, 60.995, 60.78, 61.672, 62.721, 63.183, 63.036, 62.737, 62.995, 63.04, 63.09, 63.427, 63.6, 63.368, 63.271], [75.408, 73.614, 71.681, 71.977, 71.042, 64.967, 59.36, 55.972, 51.087, 43.695, 37.277, 34.272, 32.001, 29.183, 28.18, 27.102, 22.651, 18.977, 16.743, 15.232, 14.32, 12.981, 9.905, 5.598, 0.0, 5.318, 10.701, 13.562, 14.148, 14.973, 16.976, 19.477, 20.461, 21.395, 22.258, 23.525, 26.815, 30.476, 32.196, 35.448, 41.806, 48.611, 57.583, 67.173, 71.048, 71.283, 71.884, 72.787, 72.719, 72.457, 74.906, 78.155, 79.112, 79.055, 78.632, 78.713, 76.567, 70.535, 66.694, 63.858, 61.565, 61.193, 61.081, 61.148, 61.885, 62.557, 63.437, 63.634, 63.515, 64.017, 64.148, 62.67, 61.327, 61.153, 62.044, 63.037, 63.466, 63.326, 63.044, 63.335, 63.388, 63.389, 63.704, 63.889, 63.626, 63.503], [75.329, 73.544, 71.624, 71.94, 70.949, 64.774, 59.234, 55.978, 51.182, 43.853, 37.437, 34.454, 32.301, 29.371, 27.902, 26.446, 22.257, 19.331, 17.57, 16.151, 15.267, 14.052, 11.361, 8.507, 5.318, 0.0, 6.884, 10.439, 11.082, 12.168, 14.787, 17.59, 18.704, 19.922, 21.009, 22.509, 26.079, 29.888, 31.481, 34.491, 40.825, 47.686, 56.708, 66.382, 70.36, 70.642, 71.213, 72.08, 72.02, 71.765, 74.165, 77.366, 78.316, 78.258, 77.817, 77.903, 75.829, 69.922, 66.167, 63.451, 61.301, 60.978, 60.855, 60.906, 61.671, 62.397, 63.282, 63.49, 63.387, 63.9, 64.031, 62.518, 61.14, 61.031, 62.009, 63.072, 63.619, 63.523, 63.158, 63.374, 63.464, 63.542, 63.891, 64.11, 63.869, 63.754], [74.147, 72.377, 70.465, 70.767, 69.71, 63.482, 58.193, 55.309, 50.788, 43.628, 37.253, 34.376, 32.494, 29.515, 27.374, 25.372, 21.48, 19.7, 19.303, 18.778, 18.129, 16.968, 14.184, 11.612, 10.701, 6.884, 0.0, 4.265, 5.414, 7.03, 11.105, 14.717, 15.953, 17.46, 18.818, 20.578, 24.535, 28.545, 29.834, 32.28, 38.425, 45.191, 54.021, 63.678, 67.827, 68.194, 68.674, 69.437, 69.345, 69.072, 71.427, 74.599, 75.529, 75.428, 74.942, 75.032, 73.036, 67.296, 63.654, 61.092, 59.445, 59.493, 59.405, 59.473, 60.327, 61.163, 62.087, 62.322, 62.262, 62.781, 62.87, 61.278, 59.784, 59.691, 60.801, 62.027, 62.846, 62.959, 62.55, 62.624, 62.709, 62.851, 63.232, 63.472, 63.239, 63.123], [73.783, 72.009, 70.093, 70.389, 69.371, 63.228, 58.134, 55.491, 51.174, 44.194, 37.93, 35.1, 33.302, 30.304, 27.869, 25.728, 22.221, 21.099, 21.364, 21.362, 20.906, 19.82, 17.041, 14.243, 13.562, 10.439, 4.265, 0.0, 2.215, 4.726, 9.912, 13.998, 15.25, 16.855, 18.332, 20.225, 24.351, 28.457, 29.613, 31.645, 37.499, 44.091, 52.732, 62.326, 66.541, 66.939, 67.395, 68.135, 68.043, 67.762, 70.07, 73.203, 74.114, 74.0, 73.498, 73.594, 71.668, 66.114, 62.606, 60.084, 58.716, 59.049, 59.009, 59.091, 59.998, 60.887, 61.825, 62.084, 62.063, 62.569, 62.602, 60.962, 59.394, 59.268, 60.416, 61.697, 62.645, 62.908, 62.53, 62.56, 62.622, 62.741, 63.111, 63.34, 63.083, 62.955], [73.705, 71.928, 69.998, 70.281, 69.313, 63.282, 58.295, 55.726, 51.469, 44.559, 38.355, 35.519, 33.701, 30.658, 28.151, 26.006, 22.602, 21.602, 21.932, 22.029, 21.65, 20.577, 17.794, 14.929, 14.148, 11.082, 5.414, 2.215, 0.0, 3.657, 9.597, 13.857, 15.054, 16.6, 18.098, 20.022, 24.191, 28.322, 29.437, 31.311, 37.043, 43.602, 52.293, 61.936, 66.146, 66.548, 67.028, 67.787, 67.704, 67.431, 69.759, 72.918, 73.833, 73.705, 73.193, 73.292, 71.378, 65.861, 62.407, 59.935, 58.593, 58.952, 58.938, 59.013, 59.886, 60.753, 61.682, 61.936, 61.904, 62.369, 62.347, 60.68, 59.116, 59.003, 60.153, 61.415, 62.347, 62.614, 62.245, 62.274, 62.34, 62.464, 62.83, 63.049, 62.791, 62.662], [73.497, 71.73, 69.803, 70.079, 69.066, 62.819, 57.707, 55.208, 51.042, 44.188, 37.959, 35.095, 33.332, 30.375, 27.955, 25.959, 22.807, 22.04, 22.504, 22.692, 22.336, 21.301, 18.587, 15.714, 14.973, 12.168, 7.03, 4.726, 3.657, 0.0, 6.669, 11.509, 13.074, 14.904, 16.566, 18.672, 23.105, 27.383, 28.445, 30.419, 36.318, 42.882, 51.516, 61.165, 65.431, 65.841, 66.297, 67.052, 66.97, 66.669, 68.939, 72.072, 72.994, 72.874, 72.367, 72.475, 70.57, 65.034, 61.527, 58.979, 57.617, 57.988, 57.974, 58.153, 59.183, 60.088, 60.97, 61.203, 61.201, 61.719, 61.72, 60.034, 58.475, 58.428, 59.64, 60.926, 61.92, 62.243, 61.868, 61.893, 61.971, 62.1, 62.465, 62.702, 62.462, 62.329], [72.902, 71.146, 69.244, 69.511, 68.402, 61.855, 56.512, 54.002, 49.899, 43.124, 36.879, 34.008, 32.372, 29.716, 27.788, 26.431, 23.98, 23.584, 24.176, 24.292, 23.809, 22.832, 20.349, 17.661, 16.976, 14.787, 11.105, 9.912, 9.597, 6.669, 0.0, 5.77, 8.879, 11.926, 14.065, 16.487, 21.258, 25.79, 26.958, 29.307, 35.503, 42.066, 50.617, 60.238, 64.5, 64.906, 65.397, 66.206, 66.131, 65.72, 67.78, 70.758, 71.69, 71.667, 71.266, 71.418, 69.479, 63.79, 60.079, 57.311, 55.798, 56.139, 56.112, 56.538, 58.098, 59.239, 60.042, 60.202, 60.275, 60.987, 61.148, 59.489, 57.978, 58.041, 59.312, 60.605, 61.615, 61.945, 61.554, 61.575, 61.657, 61.797, 62.172, 62.463, 62.279, 62.156], [72.794, 71.056, 69.189, 69.465, 68.352, 61.777, 56.359, 53.787, 49.678, 43.019, 36.918, 34.12, 32.596, 30.238, 28.749, 27.847, 25.877, 25.53, 26.018, 26.05, 25.491, 24.553, 22.341, 20.05, 19.477, 17.59, 14.717, 13.998, 13.857, 11.509, 5.77, 0.0, 5.108, 9.883, 12.683, 15.581, 20.813, 25.608, 26.846, 29.276, 35.493, 42.059, 50.69, 60.37, 64.617, 65.022, 65.546, 66.396, 66.332, 65.846, 67.757, 70.656, 71.627, 71.66, 71.342, 71.544, 69.569, 63.788, 59.99, 57.178, 55.62, 55.92, 55.882, 56.446, 58.361, 59.781, 60.609, 60.709, 60.814, 61.616, 61.816, 60.127, 58.622, 58.721, 59.998, 61.289, 62.26, 62.519, 62.078, 62.078, 62.155, 62.317, 62.7, 63.013, 62.87, 62.762], [72.28, 70.552, 68.652, 68.894, 67.939, 61.703, 56.555, 54.072, 50.005, 43.512, 37.694, 35.001, 33.476, 31.115, 29.529, 28.432, 26.292, 25.89, 26.387, 26.465, 25.932, 25.02, 22.967, 20.889, 20.461, 18.704, 15.953, 15.25, 15.054, 13.074, 8.879, 5.108, 0.0, 5.702, 9.221, 12.837, 19.032, 24.544, 25.909, 27.935, 33.969, 40.586, 49.426, 59.348, 63.67, 64.084, 64.67, 65.598, 65.602, 65.21, 67.268, 70.32, 71.342, 71.357, 71.04, 71.258, 69.244, 63.449, 59.745, 57.062, 55.6, 55.917, 55.882, 56.432, 58.309, 59.798, 60.816, 61.025, 61.134, 61.822, 61.86, 60.084, 58.467, 58.425, 59.692, 61.051, 62.064, 62.314, 61.839, 61.797, 61.842, 61.984, 62.339, 62.602, 62.447, 62.345], [71.04, 69.305, 67.365, 67.524, 66.718, 60.906, 56.112, 53.759, 49.755, 43.443, 37.936, 35.353, 33.813, 31.433, 29.841, 28.663, 26.397, 26.158, 26.827, 26.921, 26.395, 25.53, 23.624, 21.67, 21.395, 19.922, 17.46, 16.855, 16.6, 14.904, 11.926, 9.883, 5.702, 0.0, 4.229, 8.808, 16.125, 22.49, 24.118, 25.873, 31.801, 38.453, 47.436, 57.538, 61.877, 62.281, 62.963, 64.004, 64.102, 63.838, 66.088, 69.302, 70.35, 70.343, 70.016, 70.228, 68.174, 62.333, 58.682, 56.069, 54.615, 54.916, 54.885, 55.409, 57.221, 58.67, 59.852, 60.26, 60.43, 61.048, 60.993, 59.207, 57.537, 57.39, 58.656, 60.071, 61.121, 61.396, 60.914, 60.842, 60.855, 60.975, 61.303, 61.518, 61.346, 61.247], [70.115, 68.393, 66.446, 66.573, 65.764, 60.098, 55.435, 53.143, 49.181, 42.941, 37.578, 35.083, 33.604, 31.336, 29.923, 28.836, 26.603, 26.572, 27.375, 27.414, 26.871, 26.075, 24.319, 22.471, 22.258, 21.009, 18.818, 18.332, 18.098, 16.566, 14.065, 12.683, 9.221, 4.229, 0.0, 5.409, 13.635, 20.531, 22.459, 24.413, 30.535, 37.224, 46.203, 56.343, 60.671, 61.08, 61.827, 62.95, 63.121, 62.94, 65.271, 68.52, 69.556, 69.546, 69.215, 69.41, 67.35, 61.493, 57.815, 55.147, 53.617, 53.893, 53.856, 54.346, 56.125, 57.554, 58.8, 59.361, 59.638, 60.301, 60.3, 58.595, 56.941, 56.76, 58.025, 59.462, 60.537, 60.845, 60.363, 60.28, 60.287, 60.397, 60.71, 60.907, 60.719, 60.618], [69.034, 67.406, 65.514, 65.492, 64.483, 58.785, 54.192, 52.045, 48.327, 42.32, 37.245, 35.032, 33.702, 31.506, 30.25, 29.371, 27.329, 27.62, 28.512, 28.328, 27.667, 26.888, 25.27, 23.605, 23.525, 22.509, 20.578, 20.225, 20.022, 18.672, 16.487, 15.581, 12.837, 8.808, 5.409, 0.0, 9.089, 16.797, 19.387, 22.064, 28.837, 35.658, 44.545, 54.718, 59.041, 59.471, 60.325, 61.545, 61.807, 61.742, 64.136, 67.369, 68.377, 68.385, 68.055, 68.213, 66.204, 60.508, 56.899, 54.107, 52.334, 52.517, 52.476, 52.884, 54.608, 56.066, 57.377, 58.029, 58.386, 59.182, 59.422, 57.969, 56.388, 56.157, 57.393, 58.842, 59.956, 60.31, 59.844, 59.742, 59.732, 59.834, 60.138, 60.305, 60.089, 59.992], [67.266, 65.72, 64.078, 63.91, 62.387, 56.564, 52.199, 50.293, 46.923, 41.473, 37.31, 35.881, 34.948, 32.976, 31.986, 31.484, 29.864, 30.601, 31.545, 31.049, 30.273, 29.514, 28.106, 26.741, 26.815, 26.079, 24.535, 24.351, 24.191, 23.105, 21.258, 20.813, 19.032, 16.125, 13.635, 9.089, 0.0, 8.994, 13.5, 18.022, 26.16, 33.455, 42.382, 52.532, 56.77, 57.201, 58.203, 59.559, 59.968, 60.082, 62.513, 65.645, 66.599, 66.638, 66.295, 66.377, 64.5, 59.235, 55.842, 52.761, 50.393, 50.343, 50.27, 50.404, 51.887, 53.363, 54.757, 55.529, 55.968, 56.983, 57.743, 56.891, 55.574, 55.285, 56.425, 57.868, 59.034, 59.46, 59.026, 58.905, 58.865, 58.96, 59.254, 59.37, 59.105, 59.019], [66.599, 65.124, 63.723, 63.672, 61.777, 55.527, 51.076, 49.348, 46.314, 41.432, 38.066, 37.349, 36.929, 35.312, 34.48, 34.102, 32.81, 33.837, 34.803, 34.208, 33.505, 32.833, 31.597, 30.376, 30.476, 29.888, 28.545, 28.457, 28.322, 27.383, 25.79, 25.608, 24.544, 22.49, 20.531, 16.797, 8.994, 0.0, 7.022, 15.274, 25.218, 32.893, 41.772, 51.898, 56.125, 56.585, 57.596, 58.925, 59.362, 59.531, 61.893, 64.893, 65.795, 65.841, 65.457, 65.459, 63.683, 58.724, 55.396, 51.904, 48.902, 48.587, 48.452, 48.259, 49.315, 50.669, 52.039, 52.833, 53.279, 54.39, 55.539, 55.351, 54.544, 54.389, 55.46, 56.856, 58.029, 58.436, 57.972, 57.819, 57.774, 57.912, 58.219, 58.334, 58.072, 57.998], [66.268, 64.834, 63.472, 63.573, 61.942, 55.776, 51.414, 50.032, 47.367, 42.83, 39.567, 38.894, 38.677, 37.078, 35.944, 35.31, 34.021, 35.243, 36.412, 35.931, 35.268, 34.595, 33.337, 32.091, 32.196, 31.481, 29.834, 29.613, 29.437, 28.445, 26.958, 26.846, 25.909, 24.118, 22.459, 19.387, 13.5, 7.022, 0.0, 11.104, 22.433, 30.36, 39.366, 49.897, 54.461, 55.003, 55.85, 57.018, 57.385, 57.519, 59.864, 62.889, 63.81, 63.839, 63.433, 63.432, 61.703, 56.96, 53.865, 50.438, 47.454, 47.118, 46.963, 46.638, 47.402, 48.624, 49.944, 50.666, 51.053, 52.08, 53.179, 53.182, 52.745, 52.899, 54.057, 55.438, 56.71, 57.133, 56.531, 56.31, 56.331, 56.553, 56.898, 57.037, 56.782, 56.706], [64.989, 63.475, 61.991, 62.03, 61.324, 57.364, 55.084, 54.48, 51.948, 47.592, 44.508, 43.616, 43.233, 41.423, 39.625, 38.283, 36.499, 37.881, 39.492, 39.235, 38.568, 37.873, 36.598, 35.346, 35.448, 34.491, 32.28, 31.645, 31.311, 30.419, 29.307, 29.276, 27.935, 25.873, 24.413, 22.064, 18.022, 15.274, 11.104, 0.0, 12.027, 20.866, 31.371, 43.192, 48.255, 48.911, 49.739, 50.892, 51.257, 51.544, 54.252, 57.584, 58.594, 58.637, 58.275, 58.322, 56.561, 52.358, 50.389, 48.019, 45.969, 46.046, 45.972, 45.495, 45.895, 47.006, 48.538, 49.364, 49.627, 50.305, 51.036, 50.848, 50.256, 50.309, 51.494, 53.008, 54.611, 55.294, 54.603, 54.236, 54.308, 54.585, 54.968, 55.014, 54.606, 54.501], [64.796, 63.238, 61.64, 61.511, 61.794, 60.481, 60.633, 60.924, 58.593, 54.449, 51.619, 50.538, 49.922, 47.97, 45.704, 43.814, 41.728, 43.224, 45.205, 45.257, 44.689, 44.06, 42.913, 41.715, 41.806, 40.825, 38.425, 37.499, 37.043, 36.318, 35.503, 35.493, 33.969, 31.801, 30.535, 28.837, 26.16, 25.218, 22.433, 12.027, 0.0, 10.078, 22.918, 36.187, 41.554, 42.247, 43.177, 44.423, 44.809, 45.334, 48.566, 52.275, 53.376, 53.465, 53.217, 53.326, 51.484, 48.039, 47.589, 46.587, 45.654, 46.214, 46.238, 45.637, 45.725, 46.723, 48.489, 49.448, 49.552, 49.789, 50.121, 49.769, 48.874, 48.555, 49.638, 51.311, 53.285, 54.315, 53.672, 53.18, 53.252, 53.552, 53.962, 53.866, 53.272, 53.142], [64.993, 63.551, 61.915, 61.612, 62.514, 62.724, 64.4, 65.646, 63.92, 60.193, 57.525, 56.345, 55.638, 53.578, 50.971, 48.818, 46.91, 48.796, 51.181, 51.564, 51.145, 50.611, 49.624, 48.499, 48.611, 47.686, 45.191, 44.091, 43.602, 42.882, 42.066, 42.059, 40.586, 38.453, 37.224, 35.658, 33.455, 32.893, 30.36, 20.866, 10.078, 0.0, 14.218, 28.631, 34.393, 35.157, 36.18, 37.549, 38.017, 38.816, 42.475, 46.433, 47.571, 47.701, 47.569, 47.727, 45.876, 43.359, 44.345, 44.362, 44.273, 45.235, 45.325, 44.701, 44.72, 45.706, 47.614, 48.663, 48.662, 48.554, 48.619, 48.284, 47.204, 46.603, 47.636, 49.491, 51.954, 53.46, 52.947, 52.351, 52.374, 52.641, 53.049, 52.866, 52.16, 52.017], [65.175, 63.958, 62.36, 61.866, 63.182, 64.443, 67.424, 69.818, 69.133, 66.238, 63.904, 62.787, 62.153, 60.075, 57.276, 55.188, 54.011, 56.634, 59.481, 60.132, 59.832, 59.388, 58.53, 57.433, 57.583, 56.708, 54.021, 52.732, 52.293, 51.516, 50.617, 50.69, 49.426, 47.436, 46.203, 44.545, 42.382, 41.772, 39.366, 31.371, 22.918, 14.218, 0.0, 15.443, 22.264, 23.453, 24.593, 26.236, 27.094, 28.5, 32.491, 36.498, 37.574, 37.765, 37.797, 37.968, 36.34, 35.763, 38.839, 39.967, 41.1, 42.781, 42.936, 42.307, 42.484, 43.689, 45.715, 46.935, 47.007, 46.724, 46.81, 46.685, 45.311, 44.459, 45.58, 47.738, 51.129, 53.616, 53.371, 52.577, 52.486, 52.635, 52.986, 52.802, 52.095, 51.953], [66.772, 65.682, 64.131, 63.464, 65.178, 67.705, 71.948, 75.087, 75.059, 72.908, 71.017, 70.0, 69.421, 67.493, 64.897, 63.183, 62.728, 65.796, 68.801, 69.528, 69.272, 68.901, 68.135, 67.024, 67.173, 66.382, 63.678, 62.326, 61.936, 61.165, 60.238, 60.37, 59.348, 57.538, 56.343, 54.718, 52.532, 51.898, 49.897, 43.192, 36.187, 28.631, 15.443, 0.0, 8.385, 10.605, 12.043, 14.615, 16.638, 19.23, 23.216, 26.909, 27.808, 28.111, 28.481, 28.608, 27.394, 29.719, 35.217, 37.728, 40.39, 42.8, 43.024, 42.326, 42.607, 43.968, 45.882, 47.242, 47.541, 47.322, 47.644, 47.722, 46.07, 45.064, 46.137, 48.295, 52.314, 55.776, 55.93, 55.04, 54.918, 54.952, 55.209, 55.088, 54.497, 54.385], [67.851, 66.742, 65.144, 64.327, 66.331, 69.815, 74.66, 77.858, 77.834, 75.842, 74.143, 73.136, 72.485, 70.669, 68.375, 66.936, 66.658, 69.717, 72.656, 73.351, 73.098, 72.756, 72.026, 70.91, 71.048, 70.36, 67.827, 66.541, 66.146, 65.431, 64.5, 64.617, 63.67, 61.877, 60.671, 59.041, 56.77, 56.125, 54.461, 48.255, 41.554, 34.393, 22.264, 8.385, 0.0, 3.714, 7.78, 12.018, 14.802, 17.789, 21.557, 24.975, 25.771, 26.169, 26.79, 26.874, 25.632, 28.616, 34.792, 37.946, 41.052, 43.568, 43.853, 43.085, 43.26, 44.55, 46.392, 47.812, 48.196, 48.015, 48.43, 48.599, 46.972, 45.897, 46.707, 48.578, 52.482, 56.189, 56.618, 55.808, 55.699, 55.706, 55.93, 55.844, 55.337, 55.257], [68.139, 67.013, 65.404, 64.54, 66.632, 70.284, 75.169, 78.324, 78.227, 76.191, 74.487, 73.451, 72.738, 70.913, 68.703, 67.325, 67.021, 70.011, 72.904, 73.601, 73.358, 73.02, 72.295, 71.165, 71.283, 70.642, 68.194, 66.939, 66.548, 65.841, 64.906, 65.022, 64.084, 62.281, 61.08, 59.471, 57.201, 56.585, 55.003, 48.911, 42.247, 35.157, 23.453, 10.605, 3.714, 0.0, 5.79, 10.832, 13.898, 17.089, 21.058, 24.609, 25.442, 25.844, 26.512, 26.595, 25.279, 28.325, 34.663, 37.91, 40.968, 43.423, 43.705, 42.918, 43.032, 44.26, 46.124, 47.565, 47.944, 47.774, 48.196, 48.361, 46.762, 45.681, 46.409, 48.2, 52.056, 55.766, 56.263, 55.584, 55.587, 55.641, 55.882, 55.794, 55.29, 55.215], [68.653, 67.561, 66.002, 65.203, 67.292, 70.793, 75.615, 78.821, 78.757, 76.751, 75.04, 74.003, 73.31, 71.487, 69.279, 67.936, 67.668, 70.633, 73.514, 74.238, 74.011, 73.674, 72.931, 71.769, 71.884, 71.213, 68.674, 67.395, 67.028, 66.297, 65.397, 65.546, 64.67, 62.963, 61.827, 60.325, 58.203, 57.596, 55.85, 49.739, 43.177, 36.18, 24.593, 12.043, 7.78, 5.79, 0.0, 5.534, 9.252, 13.108, 17.558, 21.578, 22.508, 22.762, 23.387, 23.483, 22.253, 26.423, 33.589, 37.189, 40.6, 43.148, 43.378, 42.573, 42.606, 43.751, 45.514, 46.91, 47.346, 47.294, 47.764, 47.858, 46.24, 45.333, 46.243, 48.187, 52.287, 56.108, 56.525, 55.877, 56.115, 56.354, 56.665, 56.599, 56.103, 56.023], [69.496, 68.452, 66.965, 66.242, 68.295, 71.649, 76.401, 79.633, 79.609, 77.641, 75.933, 74.916, 74.264, 72.473, 70.295, 68.996, 68.728, 71.628, 74.484, 75.219, 75.004, 74.658, 73.867, 72.66, 72.787, 72.08, 69.437, 68.135, 67.787, 67.052, 66.206, 66.396, 65.598, 64.004, 62.95, 61.545, 59.559, 58.925, 57.018, 50.892, 44.423, 37.549, 26.236, 14.615, 12.018, 10.832, 5.534, 0.0, 4.41, 9.169, 14.353, 18.97, 19.99, 20.007, 20.5, 20.61, 19.537, 25.116, 33.155, 37.138, 40.918, 43.557, 43.733, 42.892, 42.8, 43.825, 45.462, 46.789, 47.263, 47.318, 47.808, 47.829, 46.236, 45.518, 46.599, 48.716, 53.073, 57.0, 57.348, 56.656, 57.029, 57.443, 57.845, 57.81, 57.317, 57.232], [69.937, 68.9, 67.443, 66.803, 68.877, 72.127, 76.767, 79.924, 79.831, 77.786, 76.009, 74.96, 74.302, 72.558, 70.489, 69.274, 68.931, 71.687, 74.507, 75.266, 75.068, 74.709, 73.85, 72.58, 72.719, 72.02, 69.345, 68.043, 67.704, 66.97, 66.131, 66.332, 65.602, 64.102, 63.121, 61.807, 59.968, 59.362, 57.385, 51.257, 44.809, 38.017, 27.094, 16.638, 14.802, 13.898, 9.252, 4.41, 0.0, 5.506, 11.992, 17.432, 18.575, 18.411, 18.796, 18.972, 17.686, 23.787, 32.418, 36.736, 40.772, 43.486, 43.631, 42.805, 42.709, 43.675, 45.252, 46.521, 47.003, 47.154, 47.632, 47.537, 45.962, 45.352, 46.521, 48.789, 53.335, 57.318, 57.651, 56.952, 57.371, 57.878, 58.363, 58.374, 57.884, 57.792], [69.53, 68.471, 67.026, 66.481, 68.532, 71.652, 76.208, 79.305, 79.165, 77.088, 75.254, 74.158, 73.494, 71.834, 69.979, 69.07, 68.915, 71.63, 74.443, 75.253, 75.069, 74.684, 73.721, 72.34, 72.457, 71.765, 69.072, 67.762, 67.431, 66.669, 65.72, 65.846, 65.21, 63.838, 62.94, 61.742, 60.082, 59.531, 57.519, 51.544, 45.334, 38.816, 28.5, 19.23, 17.789, 17.089, 13.108, 9.169, 5.506, 0.0, 7.812, 14.247, 15.644, 15.381, 15.77, 16.1, 14.437, 21.035, 30.31, 34.991, 39.408, 42.306, 42.466, 41.797, 42.074, 43.204, 44.647, 45.818, 46.441, 46.889, 47.454, 47.185, 45.674, 45.343, 46.672, 49.033, 53.65, 57.627, 57.937, 57.249, 57.715, 58.267, 58.803, 58.895, 58.435, 58.328], [69.416, 68.384, 67.024, 66.488, 68.327, 71.385, 76.124, 79.42, 79.525, 77.758, 76.095, 75.08, 74.529, 72.966, 71.239, 70.768, 71.293, 74.344, 77.233, 78.05, 77.832, 77.415, 76.361, 74.875, 74.906, 74.165, 71.427, 70.07, 69.759, 68.939, 67.78, 67.757, 67.268, 66.088, 65.271, 64.136, 62.513, 61.893, 59.864, 54.252, 48.566, 42.475, 32.491, 23.216, 21.557, 21.058, 17.558, 14.353, 11.992, 7.812, 0.0, 7.052, 8.94, 8.991, 10.031, 10.725, 10.146, 19.762, 29.634, 34.368, 39.063, 42.171, 42.396, 41.956, 42.888, 44.428, 45.587, 46.608, 47.5, 48.389, 49.282, 49.081, 47.781, 47.907, 49.386, 51.596, 56.072, 60.005, 60.282, 59.587, 60.062, 60.582, 61.083, 61.254, 60.854, 60.731], [70.232, 69.264, 68.031, 67.465, 69.066, 72.119, 77.077, 80.596, 80.966, 79.511, 78.041, 77.143, 76.723, 75.263, 73.602, 73.377, 74.384, 77.759, 80.744, 81.537, 81.271, 80.836, 79.744, 78.204, 78.155, 77.366, 74.599, 73.203, 72.918, 72.072, 70.758, 70.656, 70.32, 69.302, 68.52, 67.369, 65.645, 64.893, 62.889, 57.584, 52.275, 46.433, 36.498, 26.909, 24.975, 24.609, 21.578, 18.97, 17.432, 14.247, 7.052, 0.0, 2.819, 4.936, 7.587, 8.619, 10.393, 21.892, 31.579, 35.972, 40.551, 43.704, 43.953, 43.623, 44.954, 46.752, 47.67, 48.584, 49.657, 50.822, 52.001, 51.973, 50.867, 51.243, 52.724, 54.746, 59.066, 62.946, 63.213, 62.51, 62.953, 63.411, 63.869, 64.073, 63.692, 63.56], [70.605, 69.668, 68.477, 67.912, 69.471, 72.511, 77.51, 81.076, 81.497, 80.091, 78.656, 77.789, 77.406, 75.995, 74.377, 74.184, 75.239, 78.677, 81.717, 82.539, 82.274, 81.828, 80.718, 79.163, 79.112, 78.316, 75.529, 74.114, 73.833, 72.994, 71.69, 71.627, 71.342, 70.35, 69.556, 68.377, 66.599, 65.795, 63.81, 58.594, 53.376, 47.571, 37.574, 27.808, 25.771, 25.442, 22.508, 19.99, 18.575, 15.644, 8.94, 2.819, 0.0, 3.528, 6.769, 7.864, 10.312, 22.399, 32.107, 36.45, 41.027, 44.204, 44.448, 44.124, 45.493, 47.291, 48.155, 49.08, 50.212, 51.434, 52.66, 52.668, 51.586, 51.977, 53.448, 55.46, 59.788, 63.684, 63.954, 63.24, 63.676, 64.131, 64.59, 64.793, 64.403, 64.269], [70.71, 69.78, 68.58, 68.006, 69.539, 72.511, 77.465, 81.018, 81.421, 79.986, 78.534, 77.659, 77.272, 75.865, 74.262, 74.062, 75.09, 78.492, 81.543, 82.434, 82.211, 81.756, 80.626, 79.071, 79.055, 78.258, 75.428, 74.0, 73.705, 72.874, 71.667, 71.66, 71.357, 70.343, 69.546, 68.385, 66.638, 65.841, 63.839, 58.637, 53.465, 47.701, 37.765, 28.111, 26.169, 25.844, 22.762, 20.007, 18.411, 15.381, 8.991, 4.936, 3.528, 0.0, 3.724, 5.23, 8.311, 21.456, 31.478, 35.991, 40.752, 44.0, 44.249, 43.894, 45.156, 46.911, 47.803, 48.749, 49.883, 51.093, 52.28, 52.25, 51.136, 51.525, 53.038, 55.118, 59.542, 63.496, 63.772, 63.05, 63.507, 64.0, 64.48, 64.687, 64.302, 64.167], [70.668, 69.726, 68.524, 67.953, 69.358, 72.153, 77.042, 80.589, 80.986, 79.531, 78.061, 77.191, 76.812, 75.399, 73.779, 73.572, 74.607, 78.0, 81.04, 81.966, 81.796, 81.352, 80.201, 78.636, 78.632, 77.817, 74.942, 73.498, 73.193, 72.367, 71.266, 71.342, 71.04, 70.016, 69.215, 68.055, 66.295, 65.457, 63.433, 58.275, 53.217, 47.569, 37.797, 28.481, 26.79, 26.512, 23.387, 20.5, 18.796, 15.77, 10.031, 7.587, 6.769, 3.724, 0.0, 2.275, 6.949, 20.77, 30.886, 35.412, 40.254, 43.555, 43.796, 43.381, 44.517, 46.237, 47.163, 48.145, 49.306, 50.553, 51.745, 51.699, 50.571, 50.973, 52.543, 54.706, 59.232, 63.236, 63.519, 62.801, 63.26, 63.764, 64.253, 64.469, 64.084, 63.943], [70.582, 69.652, 68.465, 67.88, 69.244, 72.064, 76.993, 80.553, 80.962, 79.514, 78.065, 77.224, 76.861, 75.448, 73.817, 73.6, 74.64, 78.042, 81.073, 81.991, 81.84, 81.419, 80.285, 78.722, 78.713, 77.903, 75.032, 73.594, 73.292, 72.475, 71.418, 71.544, 71.258, 70.228, 69.41, 68.213, 66.377, 65.459, 63.432, 58.322, 53.326, 47.727, 37.968, 28.608, 26.874, 26.595, 23.483, 20.61, 18.972, 16.1, 10.725, 8.619, 7.864, 5.23, 2.275, 0.0, 6.406, 20.691, 30.845, 35.36, 40.2, 43.496, 43.732, 43.277, 44.347, 46.036, 46.963, 47.969, 49.135, 50.374, 51.586, 51.579, 50.465, 50.853, 52.413, 54.581, 59.135, 63.177, 63.488, 62.78, 63.24, 63.739, 64.218, 64.418, 64.022, 63.88], [69.341, 68.318, 66.966, 66.408, 68.025, 71.024, 75.887, 79.232, 79.367, 77.662, 76.066, 75.105, 74.638, 73.246, 71.736, 71.535, 72.408, 75.656, 78.667, 79.627, 79.503, 79.104, 78.024, 76.515, 76.567, 75.829, 73.036, 71.668, 71.378, 70.57, 69.479, 69.569, 69.244, 68.174, 67.35, 66.204, 64.5, 63.683, 61.703, 56.561, 51.484, 45.876, 36.34, 27.394, 25.632, 25.279, 22.253, 19.537, 17.686, 14.437, 10.146, 10.393, 10.312, 8.311, 6.949, 6.406, 0.0, 15.277, 26.324, 31.536, 36.908, 40.379, 40.661, 40.268, 41.369, 43.046, 44.069, 45.11, 46.248, 47.44, 48.561, 48.419, 47.167, 47.434, 49.006, 51.307, 55.965, 60.097, 60.488, 59.831, 60.341, 60.886, 61.371, 61.555, 61.175, 61.045], [66.654, 65.275, 63.502, 63.137, 64.892, 67.386, 71.593, 74.341, 73.922, 71.698, 69.679, 68.369, 67.654, 66.31, 65.131, 65.15, 65.973, 69.003, 71.973, 73.055, 73.001, 72.629, 71.627, 70.279, 70.535, 69.922, 67.296, 66.114, 65.861, 65.034, 63.79, 63.788, 63.449, 62.333, 61.493, 60.508, 59.235, 58.724, 56.96, 52.358, 48.039, 43.359, 35.763, 29.719, 28.616, 28.325, 26.423, 25.116, 23.787, 21.035, 19.762, 21.892, 22.399, 21.456, 20.77, 20.691, 15.277, 0.0, 12.259, 19.465, 26.69, 30.766, 31.288, 31.337, 33.186, 35.272, 36.531, 37.707, 39.08, 40.702, 42.047, 41.555, 39.92, 40.196, 42.033, 44.464, 48.869, 52.847, 53.265, 52.688, 53.301, 53.979, 54.495, 54.793, 54.652, 54.585], [65.849, 64.237, 62.269, 62.102, 63.426, 64.669, 67.887, 70.163, 69.513, 67.063, 64.745, 63.23, 62.423, 61.182, 60.28, 60.565, 61.647, 64.669, 67.62, 68.809, 68.823, 68.471, 67.511, 66.273, 66.694, 66.167, 63.654, 62.606, 62.407, 61.527, 60.079, 59.99, 59.745, 58.682, 57.815, 56.899, 55.842, 55.396, 53.865, 50.389, 47.589, 44.345, 38.839, 35.217, 34.792, 34.663, 33.589, 33.155, 32.418, 30.31, 29.634, 31.579, 32.107, 31.478, 30.886, 30.845, 26.324, 12.259, 0.0, 9.515, 18.89, 23.612, 24.402, 25.108, 28.186, 30.926, 32.235, 33.481, 35.229, 37.527, 39.372, 38.786, 37.041, 37.584, 39.678, 41.898, 45.625, 49.188, 49.537, 48.996, 49.609, 50.343, 50.852, 51.305, 51.462, 51.46], [64.849, 63.192, 61.265, 61.157, 61.748, 61.562, 63.863, 65.979, 65.42, 63.047, 60.743, 59.288, 58.565, 57.424, 56.656, 57.137, 58.522, 61.702, 64.683, 65.925, 65.987, 65.641,