[[0.0, 4.828, 8.301, 8.748, 10.562, 17.959, 20.337, 23.871, 29.521, 31.082, 32.312, 34.228, 35.663, 36.128, 37.5, 38.969, 39.979, 40.233, 39.849, 38.556, 38.885, 40.759, 38.708, 36.145, 34.43, 33.178, 32.923, 33.066, 33.676, 34.015, 33.698, 33.954, 35.971, 37.332, 38.76, 40.174, 40.523, 41.835, 41.763, 41.758, 42.164, 41.777, 41.212, 40.614, 38.873, 36.49, 34.659, 33.535, 33.056, 33.447, 33.404, 33.273, 32.981, 34.207, 37.967, 42.201, 44.477, 47.151, 51.583, 55.889, 58.817, 59.834, 60.177, 60.626, 59.3, 57.072, 54.848, 54.371, 54.283, 55.255, 57.09, 57.469, 58.645, 59.507, 59.396, 59.655, 59.884, 60.174, 59.663, 59.37, 58.72, 55.922, 54.233, 54.015, 54.165, 53.671], [4.828, 0.0, 4.566, 5.873, 7.781, 15.357, 17.984, 21.736, 27.772, 29.498, 30.902, 33.04, 34.576, 35.031, 36.401, 37.949, 38.943, 39.189, 38.948, 37.586, 37.949, 40.065, 37.766, 34.978, 33.26, 31.837, 31.433, 31.629, 32.369, 32.709, 32.437, 32.774, 34.972, 36.595, 38.514, 40.316, 40.603, 41.889, 41.831, 41.844, 42.247, 41.823, 41.283, 40.74, 38.907, 36.316, 34.404, 33.299, 32.791, 33.243, 33.186, 33.137, 32.741, 34.065, 38.115, 42.454, 44.829, 47.547, 51.971, 56.323, 59.286, 60.3, 60.632, 61.089, 59.712, 57.427, 55.151, 54.621, 54.516, 55.537, 57.506, 57.919, 59.057, 59.911, 59.796, 60.039, 60.24, 60.522, 60.005, 59.689, 59.07, 56.313, 54.689, 54.494, 54.609, 54.049], [8.301, 4.566, 0.0, 2.689, 6.084, 13.828, 16.857, 20.918, 27.03, 28.819, 30.51, 33.02, 34.794, 35.329, 36.765, 38.371, 39.258, 39.53, 39.495, 38.117, 38.575, 40.896, 38.371, 35.349, 33.432, 31.693, 31.049, 31.243, 32.109, 32.435, 32.185, 32.531, 34.809, 36.533, 38.77, 40.852, 41.138, 42.452, 42.391, 42.419, 42.798, 42.277, 41.703, 41.192, 39.21, 36.308, 34.115, 32.885, 32.354, 32.853, 32.836, 32.767, 32.187, 33.597, 38.044, 42.694, 45.187, 47.921, 52.378, 56.828, 59.866, 60.883, 61.218, 61.694, 60.262, 57.877, 55.497, 54.93, 54.803, 55.883, 57.95, 58.369, 59.481, 60.351, 60.249, 60.485, 60.632, 60.89, 60.367, 60.002, 59.407, 56.714, 55.148, 54.96, 55.058, 54.442], [8.748, 5.873, 2.689, 0.0, 5.427, 13.843, 17.046, 21.189, 27.192, 29.035, 30.834, 33.432, 35.252, 35.799, 37.266, 38.896, 39.765, 40.023, 39.973, 38.617, 39.062, 41.315, 38.852, 35.894, 33.962, 32.231, 31.559, 31.715, 32.548, 32.865, 32.609, 32.956, 35.156, 36.716, 38.797, 40.82, 41.186, 42.545, 42.471, 42.481, 42.858, 42.341, 41.765, 41.234, 39.229, 36.289, 34.021, 32.752, 32.237, 32.726, 32.743, 32.635, 31.998, 33.376, 37.894, 42.644, 45.136, 47.857, 52.335, 56.779, 59.809, 60.828, 61.167, 61.647, 60.229, 57.843, 55.456, 54.903, 54.761, 55.817, 57.83, 58.239, 59.368, 60.248, 60.16, 60.413, 60.556, 60.807, 60.296, 59.926, 59.33, 56.654, 55.083, 54.897, 55.01, 54.419], [10.562, 7.781, 6.084, 5.427, 0.0, 9.532, 13.6, 18.667, 25.321, 27.614, 29.343, 31.641, 33.281, 33.734, 35.114, 36.879, 37.917, 38.143, 38.095, 36.846, 37.243, 39.429, 37.218, 34.832, 33.578, 32.282, 31.734, 31.856, 32.553, 32.809, 32.561, 32.881, 34.901, 36.244, 38.094, 40.142, 40.543, 41.892, 41.799, 41.758, 42.162, 41.766, 41.251, 40.685, 38.847, 36.086, 34.063, 32.958, 32.47, 33.031, 33.007, 32.916, 32.298, 33.55, 37.825, 42.334, 44.727, 47.312, 51.542, 55.818, 58.808, 59.845, 60.199, 60.664, 59.233, 56.879, 54.516, 53.896, 53.686, 54.648, 56.621, 57.041, 58.199, 59.081, 58.946, 59.145, 59.229, 59.474, 58.976, 58.639, 58.045, 55.335, 53.752, 53.577, 53.704, 53.109], [17.959, 15.357, 13.828, 13.843, 9.532, 0.0, 6.277, 13.498, 21.062, 24.207, 26.41, 28.924, 30.59, 31.01, 32.371, 34.528, 35.887, 36.168, 36.313, 35.132, 35.555, 37.926, 35.834, 34.002, 33.588, 32.645, 32.089, 32.176, 32.854, 33.055, 32.904, 33.302, 35.329, 36.76, 38.759, 41.001, 41.311, 42.586, 42.488, 42.422, 42.91, 42.75, 42.415, 41.821, 39.952, 37.156, 35.37, 34.499, 33.995, 34.591, 34.474, 34.46, 34.001, 35.407, 39.494, 43.716, 46.066, 48.485, 52.362, 56.483, 59.438, 60.48, 60.855, 61.312, 59.815, 57.47, 55.134, 54.413, 54.139, 55.099, 57.132, 57.589, 58.726, 59.589, 59.389, 59.473, 59.428, 59.645, 59.157, 58.834, 58.218, 55.326, 53.58, 53.371, 53.487, 52.764], [20.337, 17.984, 16.857, 17.046, 13.6, 6.277, 0.0, 8.876, 17.558, 21.391, 24.211, 27.14, 28.91, 29.397, 30.844, 33.249, 35.022, 35.478, 35.616, 34.435, 34.907, 37.374, 35.354, 33.692, 33.613, 32.855, 32.385, 32.467, 33.177, 33.426, 33.35, 33.79, 35.9, 37.484, 39.509, 41.666, 41.81, 43.03, 42.913, 42.842, 43.498, 43.644, 43.555, 42.99, 41.026, 38.266, 36.627, 35.81, 35.302, 35.911, 35.794, 35.84, 35.544, 37.057, 40.97, 45.077, 47.462, 49.891, 53.74, 57.815, 60.702, 61.709, 62.072, 62.523, 61.016, 58.717, 56.449, 55.717, 55.45, 56.416, 58.459, 58.932, 60.05, 60.883, 60.673, 60.736, 60.651, 60.848, 60.362, 60.054, 59.399, 56.304, 54.346, 54.096, 54.183, 53.365], [23.871, 21.736, 20.918, 21.189, 18.667, 13.498, 8.876, 0.0, 10.073, 15.391, 19.427, 23.481, 25.928, 26.673, 28.218, 31.032, 33.198, 34.046, 34.579, 33.507, 34.037, 36.594, 34.463, 32.681, 32.804, 32.273, 31.946, 32.054, 32.757, 33.07, 33.119, 33.554, 35.665, 37.428, 39.607, 41.674, 41.564, 42.66, 42.486, 42.388, 43.204, 43.801, 44.187, 43.884, 42.008, 39.371, 37.897, 37.136, 36.596, 37.139, 37.017, 37.153, 36.852, 38.352, 42.231, 46.406, 48.943, 51.551, 55.482, 59.512, 62.298, 63.248, 63.576, 64.023, 62.525, 60.259, 58.037, 57.247, 56.968, 58.032, 60.168, 60.704, 61.802, 62.575, 62.316, 62.312, 62.162, 62.324, 61.834, 61.583, 60.898, 57.603, 55.495, 55.217, 55.268, 54.291], [29.521, 27.772, 27.03, 27.192, 25.321, 21.062, 17.558, 10.073, 0.0, 7.622, 14.305, 20.523, 24.21, 25.433, 27.039, 30.265, 32.503, 33.505, 34.365, 33.479, 34.118, 36.61, 34.342, 32.449, 32.635, 32.183, 31.806, 31.888, 32.53, 32.876, 33.081, 33.578, 35.624, 37.394, 39.618, 41.508, 41.292, 42.281, 42.01, 41.851, 42.775, 43.889, 45.05, 45.342, 43.737, 41.264, 39.787, 38.999, 38.43, 38.788, 38.643, 38.82, 38.465, 39.869, 43.712, 48.049, 50.734, 53.43, 57.343, 61.317, 64.04, 64.969, 65.29, 65.737, 64.246, 61.973, 59.769, 58.934, 58.575, 59.672, 61.798, 62.376, 63.461, 64.193, 63.911, 63.84, 63.602, 63.708, 63.222, 63.003, 62.283, 58.842, 56.589, 56.282, 56.297, 55.161], [31.082, 29.498, 28.819, 29.035, 27.614, 24.207, 21.391, 15.391, 7.622, 0.0, 8.784, 16.908, 21.575, 23.144, 24.784, 27.969, 29.91, 30.776, 31.683, 30.798, 31.574, 34.075, 31.517, 29.372, 29.524, 29.155, 28.759, 28.814, 29.377, 29.712, 29.992, 30.477, 32.545, 34.416, 36.793, 38.595, 38.251, 39.203, 38.899, 38.751, 39.72, 41.045, 42.828, 44.108, 43.325, 41.256, 39.831, 39.002, 38.41, 38.682, 38.52, 38.653, 38.133, 39.299, 42.992, 47.468, 50.325, 53.108, 57.076, 61.099, 63.846, 64.776, 65.08, 65.517, 64.026, 61.738, 59.525, 58.692, 58.337, 59.465, 61.646, 62.271, 63.337, 64.058, 63.79, 63.69, 63.462, 63.568, 63.067, 62.851, 62.126, 58.694, 56.451, 56.153, 56.153, 54.975], [32.312, 30.902, 30.51, 30.834, 29.343, 26.41, 24.211, 19.427, 14.305, 8.784, 0.0, 9.391, 15.201, 17.165, 18.679, 21.852, 23.726, 24.822, 25.995, 25.163, 26.004, 28.434, 25.849, 24.019, 24.907, 25.524, 25.733, 25.743, 25.985, 26.244, 26.545, 26.791, 28.509, 30.321, 32.721, 34.491, 33.85, 34.693, 34.471, 34.375, 35.302, 36.629, 38.656, 40.964, 41.804, 40.876, 40.091, 39.488, 38.898, 39.179, 38.948, 38.952, 38.34, 39.081, 42.067, 46.17, 49.026, 51.756, 55.626, 59.566, 62.237, 63.14, 63.431, 63.831, 62.35, 60.136, 58.02, 57.132, 56.775, 57.902, 60.173, 60.861, 61.886, 62.572, 62.275, 62.131, 61.919, 62.038, 61.53, 61.375, 60.681, 57.294, 55.157, 54.905, 54.908, 53.785], [34.228, 33.04, 33.02, 33.432, 31.641, 28.924, 27.14, 23.481, 20.523, 16.908, 9.391, 0.0, 6.918, 9.747, 11.122, 14.399, 16.741, 18.45, 19.836, 19.164, 20.086, 22.573, 20.434, 19.73, 22.033, 23.941, 25.058, 25.099, 25.049, 25.243, 25.509, 25.438, 26.534, 28.228, 30.589, 32.369, 31.205, 31.812, 31.771, 31.746, 32.589, 33.803, 35.672, 38.299, 40.447, 40.962, 41.273, 41.025, 40.441, 40.775, 40.417, 40.332, 39.846, 40.253, 42.395, 45.754, 48.357, 50.849, 54.447, 58.183, 60.711, 61.572, 61.876, 62.239, 60.773, 58.705, 56.811, 55.876, 55.48, 56.513, 58.872, 59.636, 60.609, 61.253, 60.935, 60.782, 60.575, 60.727, 60.234, 60.149, 59.494, 56.162, 54.112, 53.896, 53.919, 52.905], [35.663, 34.576, 34.794, 35.252, 33.281, 30.59, 28.91, 25.928, 24.21, 21.575, 15.201, 6.918, 0.0, 3.806, 5.682, 9.145, 12.336, 14.379, 15.697, 15.29, 16.147, 18.737, 17.198, 17.822, 21.52, 24.222, 25.802, 25.847, 25.599, 25.735, 25.968, 25.611, 26.087, 27.631, 29.966, 31.812, 30.21, 30.549, 30.629, 30.653, 31.458, 32.601, 34.287, 36.739, 39.243, 40.635, 42.016, 42.208, 41.616, 41.975, 41.463, 41.406, 41.12, 41.368, 43.002, 45.761, 48.104, 50.381, 53.698, 57.211, 59.584, 60.399, 60.711, 61.05, 59.603, 57.696, 56.043, 55.12, 54.744, 55.708, 58.171, 59.028, 59.965, 60.575, 60.235, 60.059, 59.847, 60.041, 59.582, 59.534, 58.902, 55.635, 53.638, 53.424, 53.494, 52.548], [36.128, 35.031, 35.329, 35.799, 33.734, 31.01, 29.397, 26.673, 25.433, 23.144, 17.165, 9.747, 3.806, 0.0, 3.249, 7.417, 11.079, 13.049, 14.261, 14.02, 14.612, 17.065, 15.78, 17.022, 21.407, 24.476, 26.176, 26.215, 25.833, 25.922, 26.133, 25.647, 25.791, 27.147, 29.35, 31.224, 29.572, 29.821, 29.92, 29.949, 30.759, 31.907, 33.517, 35.82, 38.327, 39.931, 41.79, 42.291, 41.707, 42.055, 41.427, 41.407, 41.228, 41.409, 42.864, 45.353, 47.562, 49.761, 52.971, 56.387, 58.681, 59.478, 59.797, 60.125, 58.69, 56.857, 55.336, 54.429, 54.079, 55.029, 57.538, 58.447, 59.378, 59.974, 59.615, 59.42, 59.197, 59.413, 58.981, 58.953, 58.323, 55.084, 53.117, 52.898, 53.007, 52.092], [37.5, 36.401, 36.765, 37.266, 35.114, 32.371, 30.844, 28.218, 27.039, 24.784, 18.679, 11.122, 5.682, 3.249, 0.0, 5.345, 9.75, 11.928, 13.221, 13.217, 13.716, 15.931, 15.002, 16.861, 21.771, 25.19, 27.032, 27.108, 26.671, 26.741, 26.958, 26.494, 26.498, 27.691, 29.708, 31.556, 29.969, 30.145, 30.258, 30.285, 31.077, 32.258, 33.896, 36.295, 39.066, 40.818, 42.728, 43.279, 42.738, 43.131, 42.506, 42.573, 42.471, 42.594, 43.862, 46.137, 48.245, 50.358, 53.443, 56.741, 58.965, 59.748, 60.063, 60.381, 58.957, 57.159, 55.691, 54.736, 54.353, 55.244, 57.71, 58.613, 59.516, 60.09, 59.713, 59.5, 59.258, 59.477, 59.065, 59.07, 58.454, 55.227, 53.267, 53.053, 53.163, 52.242], [38.969, 37.949, 38.371, 38.896, 36.879, 34.528, 33.249, 31.032, 30.265, 27.969, 21.852, 14.399, 9.145, 7.417, 5.345, 0.0, 5.676, 9.075, 10.84, 11.268, 11.918, 14.029, 13.525, 16.155, 21.583, 25.378, 27.441, 27.564, 27.041, 27.069, 27.257, 26.741, 26.568, 27.756, 29.791, 31.609, 29.879, 29.909, 30.116, 30.223, 30.903, 31.936, 33.547, 36.259, 39.62, 41.87, 44.082, 44.693, 44.157, 44.643, 44.066, 44.111, 44.036, 44.045, 45.025, 47.028, 49.021, 50.993, 53.914, 57.082, 59.229, 59.989, 60.297, 60.602, 59.193, 57.439, 56.05, 55.054, 54.629, 55.46, 57.918, 58.823, 59.676, 60.219, 59.849, 59.65, 59.415, 59.629, 59.226, 59.254, 58.668, 55.541, 53.686, 53.495, 53.621, 52.751], [39.979, 38.943, 39.258, 39.765, 37.917, 35.887, 35.022, 33.198, 32.503, 29.91, 23.726, 16.741, 12.336, 11.079, 9.75, 5.676, 0.0, 5.232, 8.923, 9.928, 10.814, 13.079, 12.51, 15.579, 21.221, 25.073, 27.088, 27.203, 26.596, 26.546, 26.695, 26.081, 25.82, 27.034, 29.234, 31.081, 29.285, 29.278, 29.521, 29.66, 30.163, 30.962, 32.664, 35.933, 39.796, 42.283, 44.588, 45.215, 44.666, 45.145, 44.643, 44.626, 44.41, 44.34, 45.266, 47.221, 49.177, 51.039, 53.789, 56.869, 59.019, 59.792, 60.097, 60.406, 59.029, 57.289, 55.902, 54.921, 54.529, 55.423, 57.95, 58.869, 59.693, 60.227, 59.865, 59.67, 59.473, 59.693, 59.293, 59.318, 58.771, 55.842, 54.204, 54.063, 54.19, 53.404], [40.233, 39.189, 39.53, 40.023, 38.143, 36.168, 35.478, 34.046, 33.505, 30.776, 24.822, 18.45, 14.379, 13.049, 11.928, 9.075, 5.232, 0.0, 5.35, 7.342, 8.283, 10.695, 10.404, 14.703, 21.071, 25.059, 27.013, 27.138, 26.468, 26.369, 26.507, 25.879, 25.59, 26.655, 28.635, 30.454, 28.781, 28.849, 29.059, 29.112, 29.595, 30.448, 32.391, 35.898, 39.773, 42.177, 44.443, 45.087, 44.56, 45.0, 44.566, 44.767, 44.619, 44.533, 45.474, 47.442, 49.37, 51.169, 53.803, 56.802, 58.945, 59.733, 60.025, 60.33, 58.997, 57.304, 55.921, 55.002, 54.681, 55.562, 58.061, 58.973, 59.798, 60.342, 59.983, 59.784, 59.622, 59.865, 59.48, 59.501, 58.967, 56.12, 54.536, 54.416, 54.549, 53.808], [39.849, 38.948, 39.495, 39.973, 38.095, 36.313, 35.616, 34.579, 34.365, 31.683, 25.995, 19.836, 15.697, 14.261, 13.221, 10.84, 8.923, 5.35, 0.0, 3.59, 4.755, 7.15, 7.627, 13.228, 20.09, 24.294, 26.398, 26.563, 25.831, 25.752, 25.893, 25.403, 25.163, 26.101, 27.687, 29.356, 27.839, 28.011, 28.272, 28.288, 28.841, 29.818, 31.784, 35.065, 38.85, 41.355, 43.676, 44.344, 43.838, 44.267, 43.832, 44.209, 44.362, 44.323, 45.139, 47.055, 48.959, 50.741, 53.459, 56.524, 58.683, 59.498, 59.818, 60.114, 58.795, 57.139, 55.812, 54.945, 54.599, 55.348, 57.708, 58.598, 59.436, 59.984, 59.671, 59.541, 59.41, 59.658, 59.284, 59.312, 58.751, 55.793, 54.054, 53.916, 54.078, 53.398], [38.556, 37.586, 38.117, 38.617, 36.846, 35.132, 34.435, 33.507, 33.479, 30.798, 25.163, 19.164, 15.29, 14.02, 13.217, 11.268, 9.928, 7.342, 3.59, 0.0, 2.795, 6.903, 6.049, 11.003, 17.809, 21.96, 24.104, 24.311, 23.643, 23.598, 23.759, 23.407, 23.49, 24.746, 26.629, 28.442, 26.964, 27.256, 27.589, 27.657, 28.206, 29.056, 30.851, 33.978, 37.612, 39.984, 42.176, 42.79, 42.279, 42.695, 42.259, 42.67, 42.918, 43.071, 44.071, 46.157, 48.17, 50.083, 53.041, 56.327, 58.6, 59.443, 59.782, 60.102, 58.765, 57.062, 55.687, 54.849, 54.525, 55.322, 57.706, 58.597, 59.457, 60.023, 59.745, 59.664, 59.567, 59.819, 59.431, 59.442, 58.86, 55.812, 53.976, 53.818, 53.974, 53.293], [38.885, 37.949, 38.575, 39.062, 37.243, 35.555, 34.907, 34.037, 34.118, 31.574, 26.004, 20.086, 16.147, 14.612, 13.716, 11.918, 10.814, 8.283, 4.755, 2.795, 0.0, 5.024, 4.794, 10.702, 17.832, 22.213, 24.446, 24.654, 23.916, 23.865, 24.014, 23.71, 23.691, 24.759, 26.406, 28.155, 26.801, 27.077, 27.404, 27.465, 28.015, 28.871, 30.607, 33.679, 37.407, 39.885, 42.213, 42.934, 42.431, 42.817, 42.347, 42.78, 43.071, 43.211, 44.156, 46.123, 48.068, 49.974, 52.91, 56.133, 58.348, 59.174, 59.506, 59.812, 58.496, 56.826, 55.499, 54.675, 54.361, 55.127, 57.463, 58.355, 59.214, 59.771, 59.482, 59.397, 59.305, 59.564, 59.186, 59.217, 58.639, 55.591, 53.746, 53.588, 53.762, 53.111], [40.759, 40.065, 40.896, 41.315, 39.429, 37.926, 37.374, 36.594, 36.61, 34.075, 28.434, 22.573, 18.737, 17.065, 15.931, 14.029, 13.079, 10.695, 7.15, 6.903, 5.024, 0.0, 5.158, 12.722, 20.002, 24.744, 27.061, 27.204, 26.179, 26.058, 26.203, 25.868, 25.396, 25.801, 26.6, 27.898, 26.804, 27.016, 27.33, 27.358, 27.892, 28.938, 30.82, 34.021, 38.186, 41.064, 43.613, 44.469, 44.0, 44.32, 43.8, 44.223, 44.615, 44.577, 45.07, 46.694, 48.494, 50.255, 52.99, 56.005, 58.077, 58.881, 59.215, 59.477, 58.2, 56.636, 55.446, 54.624, 54.234, 54.838, 56.965, 57.819, 58.655, 59.162, 58.862, 58.773, 58.653, 58.887, 58.532, 58.609, 58.023, 54.945, 53.051, 52.893, 53.113, 52.518], [38.708, 37.766, 38.371, 38.852, 37.218, 35.834, 35.354, 34.463, 34.342, 31.517, 25.849, 20.434, 17.198, 15.78, 15.002, 13.525, 12.51, 10.404, 7.627, 6.049, 4.794, 5.158, 0.0, 8.173, 15.858, 20.622, 22.956, 23.195, 22.266, 22.164, 22.357, 22.133, 22.141, 23.246, 24.978, 26.727, 25.606, 25.974, 26.33, 26.451, 26.978, 27.854, 29.712, 33.009, 36.881, 39.358, 41.581, 42.306, 41.79, 42.088, 41.55, 42.0, 42.311, 42.435, 43.409, 45.5, 47.598, 49.674, 52.81, 56.16, 58.41, 59.236, 59.563, 59.857, 58.514, 56.798, 55.459, 54.609, 54.203, 54.924, 57.185, 58.042, 58.889, 59.422, 59.153, 59.091, 58.982, 59.21, 58.811, 58.838, 58.24, 55.13, 53.25, 53.089, 53.279, 52.607], [36.145, 34.978, 35.349, 35.894, 34.832, 34.002, 33.692, 32.681, 32.449, 29.372, 24.019, 19.73, 17.822, 17.022, 16.861, 16.155, 15.579, 14.703, 13.228, 11.003, 10.702, 12.722, 8.173, 0.0, 8.163, 13.325, 16.069, 16.679, 16.14, 16.209, 16.425, 16.657, 17.885, 20.235, 23.178, 25.455, 24.517, 25.128, 25.554, 25.838, 26.367, 26.908, 28.466, 31.524, 34.859, 36.751, 38.407, 38.893, 38.319, 38.591, 38.077, 38.608, 38.852, 39.185, 40.949, 43.754, 46.2, 48.853, 52.814, 56.692, 59.151, 59.982, 60.296, 60.631, 59.226, 57.282, 55.736, 54.861, 54.442, 55.311, 57.675, 58.536, 59.405, 59.979, 59.769, 59.787, 59.723, 59.953, 59.499, 59.472, 58.853, 55.652, 53.724, 53.554, 53.7, 52.974], [34.43, 33.26, 33.432, 33.962, 33.578, 33.588, 33.613, 32.804, 32.635, 29.524, 24.907, 22.033, 21.52, 21.407, 21.771, 21.583, 21.221, 21.071, 20.09, 17.809, 17.832, 20.002, 15.858, 8.163, 0.0, 6.0, 9.595, 10.806, 10.999, 11.379, 11.548, 12.629, 15.539, 18.921, 22.575, 25.102, 24.579, 25.467, 25.934, 26.345, 26.816, 26.94, 28.024, 30.676, 33.486, 34.837, 35.756, 35.884, 35.267, 35.498, 35.108, 35.602, 35.743, 36.285, 38.78, 42.299, 45.015, 48.113, 52.825, 57.207, 59.887, 60.742, 61.071, 61.447, 60.01, 57.886, 56.153, 55.313, 54.899, 55.862, 58.216, 59.052, 59.963, 60.586, 60.461, 60.606, 60.622, 60.859, 60.363, 60.272, 59.633, 56.374, 54.392, 54.215, 54.323, 53.638], [33.178, 31.837, 31.693, 32.231, 32.282, 32.645, 32.855, 32.273, 32.183, 29.155, 25.524, 23.941, 24.222, 24.476, 25.19, 25.378, 25.073, 25.059, 24.294, 21.96, 22.213, 24.744, 20.622, 13.325, 6.0, 0.0, 4.333, 6.453, 7.985, 8.721, 8.936, 10.938, 15.251, 19.259, 23.505, 26.332, 26.039, 27.084, 27.494, 27.919, 28.353, 28.195, 28.992, 31.217, 33.175, 33.824, 34.099, 33.914, 33.284, 33.537, 33.268, 33.711, 33.742, 34.626, 37.864, 41.986, 44.893, 48.133, 53.104, 57.775, 60.673, 61.594, 61.951, 62.369, 60.894, 58.656, 56.769, 55.981, 55.608, 56.651, 59.04, 59.859, 60.814, 61.494, 61.436, 61.66, 61.723, 61.966, 61.451, 61.279, 60.632, 57.391, 55.403, 55.217, 55.283, 54.598], [32.923, 31.433, 31.049, 31.559, 31.734, 32.089, 32.385, 31.946, 31.806, 28.759, 25.733, 25.058, 25.802, 26.176, 27.032, 27.441, 27.088, 27.013, 26.398, 24.104, 24.446, 27.061, 22.956, 16.069, 9.595, 4.333, 0.0, 3.076, 5.755, 6.614, 6.969, 9.732, 14.776, 18.928, 23.413, 26.409, 26.313, 27.463, 27.802, 28.192, 28.595, 28.354, 29.151, 31.323, 32.899, 33.135, 33.043, 32.739, 32.167, 32.447, 32.227, 32.613, 32.544, 33.647, 37.306, 41.79, 44.834, 48.111, 53.08, 57.843, 60.896, 61.904, 62.293, 62.733, 61.242, 58.943, 56.969, 56.217, 55.885, 56.983, 59.39, 60.21, 61.205, 61.915, 61.887, 62.132, 62.214, 62.466, 61.944, 61.731, 61.082, 57.881, 55.917, 55.729, 55.77, 55.077], [33.066, 31.629, 31.243, 31.715, 31.856, 32.176, 32.467, 32.054, 31.888, 28.814, 25.743, 25.099, 25.847, 26.215, 27.108, 27.564, 27.203, 27.138, 26.563, 24.311, 24.654, 27.204, 23.195, 16.679, 10.806, 6.453, 3.076, 0.0, 3.311, 4.397, 4.916, 8.124, 13.409, 17.584, 22.137, 25.171, 25.075, 26.244, 26.573, 26.952, 27.336, 27.073, 27.856, 30.121, 31.889, 32.315, 32.353, 32.148, 31.647, 31.931, 31.677, 31.957, 31.878, 33.008, 36.592, 41.107, 44.223, 47.481, 52.364, 57.123, 60.248, 61.345, 61.782, 62.226, 60.741, 58.458, 56.492, 55.773, 55.479, 56.605, 59.04, 59.891, 60.908, 61.622, 61.596, 61.824, 61.919, 62.183, 61.665, 61.452, 60.806, 57.652, 55.74, 55.56, 55.604, 54.94], [33.676, 32.369, 32.109, 32.548, 32.553, 32.854, 33.177, 32.757, 32.53, 29.377, 25.985, 25.049, 25.599, 25.833, 26.671, 27.041, 26.596, 26.468, 25.831, 23.643, 23.916, 26.179, 22.266, 16.14, 10.999, 7.985, 5.755, 3.311, 0.0, 1.638, 2.735, 6.384, 11.646, 15.769, 20.294, 23.278, 23.18, 24.341, 24.701, 25.091, 25.447, 25.229, 26.098, 28.609, 30.884, 31.802, 32.219, 32.224, 31.754, 31.976, 31.623, 31.818, 31.788, 32.801, 36.046, 40.349, 43.446, 46.653, 51.419, 56.127, 59.261, 60.416, 60.899, 61.333, 59.86, 57.627, 55.729, 55.032, 54.737, 55.858, 58.294, 59.186, 60.214, 60.909, 60.865, 61.06, 61.149, 61.416, 60.907, 60.711, 60.061, 56.926, 55.054, 54.879, 54.948, 54.319], [34.015, 32.709, 32.435, 32.865, 32.809, 33.055, 33.426, 33.07, 32.876, 29.712, 26.244, 25.243, 25.735, 25.922, 26.741, 27.069, 26.546, 26.369, 25.752, 23.598, 23.865, 26.058, 22.164, 16.209, 11.379, 8.721, 6.614, 4.397, 1.638, 0.0, 1.894, 5.824, 11.079, 15.182, 19.735, 22.754, 22.669, 23.834, 24.199, 24.589, 24.915, 24.686, 25.589, 28.204, 30.627, 31.653, 32.142, 32.191, 31.738, 31.97, 31.624, 31.832, 31.804, 32.792, 35.99, 40.249, 43.334, 46.53, 51.262, 55.957, 59.095, 60.254, 60.744, 61.181, 59.709, 57.484, 55.604, 54.915, 54.62, 55.739, 58.175, 59.076, 60.11, 60.802, 60.75, 60.932, 61.014, 61.282, 60.777, 60.583, 59.93, 56.798, 54.927, 54.749, 54.819, 54.189], [33.698, 32.437, 32.185, 32.609, 32.561, 32.904, 33.35, 33.119, 33.081, 29.992, 26.545, 25.509, 25.968, 26.133, 26.958, 27.257, 26.695, 26.507, 25.893, 23.759, 24.014, 26.203, 22.357, 16.425, 11.548, 8.936, 6.969, 4.916, 2.735, 1.894, 0.0, 4.59, 10.319, 14.57, 19.13, 22.095, 22.015, 23.229, 23.605, 24.013, 24.323, 24.002, 24.8, 27.384, 29.831, 30.868, 31.364, 31.418, 30.989, 31.253, 30.978, 31.218, 31.188, 32.167, 35.443, 39.79, 42.882, 46.098, 50.877, 55.596, 58.748, 59.92, 60.42, 60.862, 59.418, 57.219, 55.347, 54.647, 54.331, 55.454, 57.89, 58.794, 59.839, 60.537, 60.482, 60.666, 60.75, 61.015, 60.511, 60.322, 59.674, 56.58, 54.751, 54.584, 54.663, 54.064], [33.954, 32.774, 32.531, 32.956, 32.881, 33.302, 33.79, 33.554, 33.578, 30.477, 26.791, 25.438, 25.611, 25.647, 26.494, 26.741, 26.081, 25.879, 25.403, 23.407, 23.71, 25.868, 22.133, 16.657, 12.629, 10.938, 9.732, 8.124, 6.384, 5.824, 4.59, 0.0, 6.503, 11.57, 16.758, 19.751, 19.165, 20.312, 20.781, 21.272, 21.528, 21.05, 21.825, 24.708, 27.545, 28.98, 29.981, 30.285, 29.884, 30.121, 29.856, 30.149, 30.054, 30.812, 33.906, 38.3, 41.462, 44.662, 49.405, 54.12, 57.263, 58.424, 58.915, 59.359, 57.978, 55.962, 54.244, 53.543, 53.241, 54.448, 57.024, 57.995, 59.042, 59.736, 59.645, 59.762, 59.823, 60.102, 59.608, 59.435, 58.801, 55.794, 54.081, 53.928, 54.028, 53.449], [35.971, 34.972, 34.809, 35.156, 34.901, 35.329, 35.9, 35.665, 35.624, 32.545, 28.509, 26.534, 26.087, 25.791, 26.498, 26.568, 25.82, 25.59, 25.163, 23.49, 23.691, 25.396, 22.141, 17.885, 15.539, 15.251, 14.776, 13.409, 11.646, 11.079, 10.319, 6.503, 0.0, 6.033, 12.271, 15.614, 14.519, 15.387, 15.985, 16.626, 16.761, 16.097, 17.014, 20.552, 24.42, 26.948, 29.046, 29.913, 29.6, 29.816, 29.39, 29.609, 29.458, 29.728, 32.144, 36.27, 39.446, 42.538, 47.063, 51.628, 54.679, 55.8, 56.269, 56.692, 55.386, 53.647, 52.322, 51.727, 51.464, 52.683, 55.34, 56.418, 57.459, 58.135, 57.997, 58.024, 58.043, 58.353, 57.897, 57.763, 57.158, 54.275, 52.717, 52.59, 52.731, 52.212], [37.332, 36.595, 36.533, 36.716, 36.244, 36.76, 37.484, 37.428, 37.394, 34.416, 30.321, 28.228, 27.631, 27.147, 27.691, 27.756, 27.034, 26.655, 26.101, 24.746, 24.759, 25.801, 23.246, 20.235, 18.921, 19.259, 18.928, 17.584, 15.769, 15.182, 14.57, 11.57, 6.033, 0.0, 6.952, 10.967, 10.496, 11.45, 11.855, 12.447, 12.486, 11.832, 13.263, 17.653, 22.512, 25.707, 28.273, 29.453, 29.296, 29.555, 29.078, 29.126, 28.902, 28.822, 30.798, 34.822, 37.953, 40.944, 45.292, 49.675, 52.641, 53.761, 54.228, 54.63, 53.398, 51.805, 50.708, 50.264, 50.03, 51.144, 53.645, 54.745, 55.824, 56.503, 56.344, 56.333, 56.325, 56.64, 56.221, 56.129, 55.548, 52.775, 51.318, 51.22, 51.402, 50.985], [38.76, 38.514, 38.77, 38.797, 38.094, 38.759, 39.509, 39.607, 39.618, 36.793, 32.721, 30.589, 29.966, 29.35, 29.708, 29.791, 29.234, 28.635, 27.687, 26.629, 26.406, 26.6, 24.978, 23.178, 22.575, 23.505, 23.413, 22.137, 20.294, 19.735, 19.13, 16.758, 12.271, 6.952, 0.0, 4.997, 6.988, 8.596, 8.556, 8.879, 9.028, 9.181, 11.549, 16.446, 22.216, 25.941, 28.64, 29.959, 29.987, 30.258, 29.882, 29.9, 29.791, 29.376, 30.615, 34.291, 37.202, 40.043, 44.248, 48.4, 51.237, 52.373, 52.859, 53.225, 52.104, 50.692, 49.77, 49.418, 49.17, 50.064, 52.205, 53.25, 54.39, 55.059, 54.896, 54.901, 54.889, 55.194, 54.817, 54.79, 54.195, 51.409, 49.903, 49.815, 50.047, 49.767], [40.174, 40.316, 40.852, 40.82, 40.142, 41.001, 41.666, 41.674, 41.508, 38.595, 34.491, 32.369, 31.812, 31.224, 31.556, 31.609, 31.081, 30.454, 29.356, 28.442, 28.155, 27.898, 26.727, 25.455, 25.102, 26.332, 26.409, 25.171, 23.278, 22.754, 22.095, 19.751, 15.614, 10.967, 4.997, 0.0, 5.206, 7.354, 7.295, 7.642, 7.875, 8.847, 11.881, 17.026, 23.212, 27.3, 30.089, 31.436, 31.54, 31.7, 31.399, 31.353, 31.289, 30.664, 31.33, 34.686, 37.412, 40.13, 44.227, 48.222, 50.963, 52.11, 52.619, 52.962, 51.96, 50.751, 49.978, 49.68, 49.421, 50.256, 52.209, 53.206, 54.351, 54.99, 54.836, 54.862, 54.878, 55.172, 54.817, 54.834, 54.21, 51.406, 49.85, 49.758, 50.028, 49.845], [40.523, 40.603, 41.138, 41.186, 40.543, 41.311, 41.81, 41.564, 41.292, 38.251, 33.85, 31.205, 30.21, 29.572, 29.969, 29.879, 29.285, 28.781, 27.839, 26.964, 26.801, 26.804, 25.606, 24.517, 24.579, 26.039, 26.313, 25.075, 23.18, 22.669, 22.015, 19.165, 14.519, 10.496, 6.988, 5.206, 0.0, 3.101, 4.004, 4.964, 5.257, 6.603, 10.563, 16.559, 23.172, 27.724, 31.067, 32.511, 32.527, 32.67, 32.352, 32.34, 32.248, 31.613, 32.193, 35.461, 38.211, 40.833, 44.753, 48.655, 51.325, 52.416, 52.899, 53.248, 52.259, 51.14, 50.401, 50.057, 49.872, 50.854, 53.125, 54.219, 55.324, 55.952, 55.765, 55.719, 55.745, 56.08, 55.731, 55.755, 55.152, 52.424, 50.949, 50.852, 51.102, 50.855], [41.835, 41.889, 42.452, 42.545, 41.892, 42.586, 43.03, 42.66, 42.281, 39.203, 34.693, 31.812, 30.549, 29.821, 30.145, 29.909, 29.278, 28.849, 28.011, 27.256, 27.077, 27.016, 25.974, 25.128, 25.467, 27.084, 27.463, 26.244, 24.341, 23.834, 23.229, 20.312, 15.387, 11.45, 8.596, 7.354, 3.101, 0.0, 2.331, 3.972, 4.27, 6.04, 10.425, 16.635, 23.499, 28.432, 32.159, 33.738, 33.717, 33.851, 33.517, 33.519, 33.458, 32.746, 33.1, 36.171, 38.875, 41.386, 45.106, 48.859, 51.437, 52.48, 52.938, 53.276, 52.306, 51.262, 50.637, 50.289, 50.115, 51.102, 53.444, 54.632, 55.726, 56.333, 56.122, 56.027, 56.033, 56.38, 56.055, 56.092, 55.509, 52.87, 51.503, 51.434, 51.673, 51.406], [41.763, 41.831, 42.391, 42.471, 41.799, 42.488, 42.913, 42.486, 42.01, 38.899, 34.471, 31.771, 30.629, 29.92, 30.258, 30.116, 29.521, 29.059, 28.272, 27.589, 27.404, 27.33, 26.33, 25.554, 25.934, 27.494, 27.802, 26.573, 24.701, 24.199, 23.605, 20.781, 15.985, 11.855, 8.556, 7.295, 4.004, 2.331, 0.0, 2.047, 3.072, 6.022, 10.933, 17.155, 23.786, 28.499, 32.105, 33.664, 33.66, 33.826, 33.527, 33.481, 33.311, 32.545, 32.964, 36.145, 38.876, 41.403, 45.099, 48.8, 51.361, 52.402, 52.845, 53.179, 52.215, 51.158, 50.508, 50.165, 49.972, 50.918, 53.212, 54.407, 55.546, 56.172, 55.955, 55.852, 55.846, 56.181, 55.86, 55.903, 55.321, 52.715, 51.398, 51.356, 51.589, 51.317], [41.758, 41.844, 42.419, 42.481, 41.758, 42.422, 42.842, 42.388, 41.851, 38.751, 34.375, 31.746, 30.653, 29.949, 30.285, 30.223, 29.66, 29.112, 28.288, 27.657, 27.465, 27.358, 26.451, 25.838, 26.345, 27.919, 28.192, 26.952, 25.091, 24.589, 24.013, 21.272, 16.626, 12.447, 8.879, 7.642, 4.964, 3.972, 2.047, 0.0, 2.282, 6.232, 11.396, 17.57, 24.066, 28.618, 32.117, 33.65, 33.655, 33.832, 33.554, 33.512, 33.302, 32.518, 32.984, 36.222, 38.957, 41.48, 45.156, 48.819, 51.363, 52.407, 52.844, 53.173, 52.215, 51.149, 50.469, 50.133, 49.965, 50.911, 53.199, 54.393, 55.552, 56.19, 55.96, 55.839, 55.835, 56.18, 55.867, 55.919, 55.336, 52.722, 51.4, 51.358, 51.587, 51.318], [42.164, 42.247, 42.798, 42.858, 42.162, 42.91, 43.498, 43.204, 42.775, 39.72, 35.302, 32.589, 31.458, 30.759, 31.077, 30.903, 30.163, 29.595, 28.841, 28.206, 28.015, 27.892, 26.978, 26.367, 26.816, 28.353, 28.595, 27.336, 25.447, 24.915, 24.323, 21.528, 16.761, 12.486, 9.028, 7.875, 5.257, 4.27, 3.072, 2.282, 0.0, 4.476, 10.124, 16.824, 23.759, 28.551, 32.181, 33.771, 33.794, 33.959, 33.674, 33.579, 33.325, 32.502, 32.883, 36.085, 38.82, 41.317, 44.959, 48.621, 51.183, 52.241, 52.68, 53.009, 52.06, 51.013, 50.351, 50.031, 49.877, 50.846, 53.157, 54.352, 55.497, 56.127, 55.909, 55.793, 55.801, 56.146, 55.827, 55.881, 55.314, 52.768, 51.513, 51.472, 51.704, 51.474], [41.777, 41.823, 42.277, 42.341, 41.766, 42.75, 43.644, 43.801, 43.889, 41.045, 36.629, 33.803, 32.601, 31.907, 32.258, 31.936, 30.962, 30.448, 29.818, 29.056, 28.871, 28.938, 27.854, 26.908, 26.94, 28.195, 28.354, 27.073, 25.229, 24.686, 24.002, 21.05, 16.097, 11.832, 9.181, 8.847, 6.603, 6.04, 6.022, 6.232, 4.476, 0.0, 6.383, 14.276, 22.018, 27.185, 31.03, 32.71, 32.75, 32.933, 32.651, 32.483, 32.174, 31.363, 31.853, 35.176, 37.949, 40.436, 44.124, 47.895, 50.553, 51.645, 52.099, 52.442, 51.486, 50.419, 49.76, 49.462, 49.329, 50.349, 52.741, 53.942, 55.076, 55.726, 55.539, 55.46, 55.504, 55.864, 55.533, 55.571, 55.047, 52.651, 51.548, 51.521, 51.753, 51.604], [41.212, 41.283, 41.703, 41.765, 41.251, 42.415, 43.555, 44.187, 45.05, 42.828, 38.656, 35.672, 34.287, 33.517, 33.896, 33.547, 32.664, 32.391, 31.784, 30.851, 30.607, 30.82, 29.712, 28.466, 28.024, 28.992, 29.151, 27.856, 26.098, 25.589, 24.8, 21.825, 17.014, 13.263, 11.549, 11.881, 10.563, 10.425, 10.933, 11.396, 10.124, 6.383, 0.0, 9.104, 18.245, 24.261, 28.614, 30.52, 30.59, 30.795, 30.51, 30.36, 30.234, 29.511, 29.936, 33.172, 35.91, 38.418, 42.268, 46.229, 49.006, 50.173, 50.692, 51.049, 50.064, 48.974, 48.4, 48.148, 48.031, 49.125, 51.606, 52.856, 54.003, 54.672, 54.493, 54.441, 54.55, 54.997, 54.681, 54.734, 54.231, 51.877, 50.846, 50.806, 51.045, 51.004], [40.614, 40.74, 41.192, 41.234, 40.685, 41.821, 42.99, 43.884, 45.342, 44.108, 40.964, 38.299, 36.739, 35.82, 36.295, 36.259, 35.933, 35.898, 35.065, 33.978, 33.679, 34.021, 33.009, 31.524, 30.676, 31.217, 31.323, 30.121, 28.609, 28.204, 27.384, 24.708, 20.552, 17.653, 16.446, 17.026, 16.559, 16.635, 17.155, 17.57, 16.824, 14.276, 9.104, 0.0, 10.668, 18.4, 24.014, 26.486, 26.662, 26.859, 26.506, 26.632, 27.247, 26.941, 27.246, 30.254, 32.907, 35.52, 39.708, 43.953, 46.854, 48.113, 48.759, 49.148, 48.104, 47.039, 46.721, 46.63, 46.489, 47.554, 50.017, 51.352, 52.566, 53.245, 53.095, 53.119, 53.244, 53.797, 53.552, 53.603, 53.039, 50.46, 49.208, 49.086, 49.342, 49.369], [38.873, 38.907, 39.21, 39.229, 38.847, 39.952, 41.026, 42.008, 43.737, 43.325, 41.804, 40.447, 39.243, 38.327, 39.066, 39.62, 39.796, 39.773, 38.85, 37.612, 37.407, 38.186, 36.881, 34.859, 33.486, 33.175, 32.899, 31.889, 30.884, 30.627, 29.831, 27.545, 24.42, 22.512, 22.216, 23.212, 23.172, 23.499, 23.786, 24.066, 23.759, 22.018, 18.245, 10.668, 0.0, 9.384, 16.829, 20.196, 20.601, 20.851, 20.448, 21.138, 22.753, 23.623, 25.129, 28.703, 31.413, 34.265, 38.838, 43.383, 46.41, 47.692, 48.405, 48.887, 47.833, 46.76, 46.53, 46.699, 46.656, 47.797, 50.279, 51.646, 52.972, 53.715, 53.611, 53.704, 53.801, 54.392, 54.23, 54.228, 53.576, 50.776, 49.224, 48.964, 49.216, 49.169], [36.49, 36.316, 36.308, 36.289, 36.086, 37.156, 38.266, 39.371, 41.264, 41.256, 40.876, 40.962, 40.635, 39.931, 40.818, 41.87, 42.283, 42.177, 41.355, 39.984, 39.885, 41.064, 39.358, 36.751, 34.837, 33.824, 33.135, 32.315, 31.802, 31.653, 30.868, 28.98, 26.948, 25.707, 25.941, 27.3, 27.724, 28.432, 28.499, 28.618, 28.551, 27.185, 24.261, 18.4, 9.384, 0.0, 8.722, 13.006, 13.793, 14.355, 14.226, 15.766, 18.153, 20.585, 24.3, 29.02, 31.895, 35.032, 39.979, 44.77, 47.92, 49.201, 49.899, 50.471, 49.418, 48.129, 47.571, 47.792, 47.845, 49.128, 51.6, 52.89, 54.309, 55.139, 55.032, 55.122, 55.224, 55.812, 55.668, 55.658, 54.992, 52.132, 50.469, 50.134, 50.373, 50.212], [34.659, 34.404, 34.115, 34.021, 34.063, 35.37, 36.627, 37.897, 39.787, 39.831, 40.091, 41.273, 42.016, 41.79, 42.728, 44.082, 44.588, 44.443, 43.676, 42.176, 42.213, 43.613, 41.581, 38.407, 35.756, 34.099, 33.043, 32.353, 32.219, 32.142, 31.364, 29.981, 29.046, 28.273, 28.64, 30.089, 31.067, 32.159, 32.105, 32.117, 32.181, 31.03, 28.614, 24.014, 16.829, 8.722, 0.0, 5.019, 6.825, 8.2, 9.373, 12.122, 14.942, 18.689, 24.27, 30.098, 33.211, 36.636, 42.026, 47.102, 50.418, 51.723, 52.393, 53.012, 51.912, 50.279, 49.23, 49.343, 49.365, 50.677, 52.975, 54.099, 55.538, 56.417, 56.338, 56.464, 56.593, 57.167, 56.993, 56.96, 56.297, 53.355, 51.591, 51.239, 51.427, 51.184], [33.535, 33.299, 32.885, 32.752, 32.958, 34.499, 35.81, 37.136, 38.999, 39.002, 39.488, 41.025, 42.208, 42.291, 43.279, 44.693, 45.215, 45.087, 44.344, 42.79, 42.934, 44.469, 42.306, 38.893, 35.884, 33.914, 32.739, 32.148, 32.224, 32.191, 31.418, 30.285, 29.913, 29.453, 29.959, 31.436, 32.511, 33.738, 33.664, 33.65, 33.771, 32.71, 30.52, 26.486, 20.196, 13.006, 5.019, 0.0, 3.268, 5.754, 8.326, 11.582, 14.179, 18.216, 24.501, 30.858, 34.111, 37.643, 43.228, 48.434, 51.827, 53.119, 53.75, 54.379, 53.228, 51.38, 50.021, 49.974, 49.89, 51.181, 53.41, 54.465, 55.91, 56.814, 56.751, 56.896, 57.031, 57.596, 57.406, 57.349, 56.694, 53.754, 51.99, 51.655, 51.795, 51.5], [33.056, 32.791, 32.354, 32.237, 32.47, 33.995, 35.302, 36.596, 38.43, 38.41, 38.898, 40.441, 41.616, 41.707, 42.738, 44.157, 44.666, 44.56, 43.838, 42.279, 42.431, 44.0, 41.79, 38.319, 35.267, 33.284, 32.167, 31.647, 31.754, 31.738, 30.989, 29.884, 29.6, 29.296, 29.987, 31.54, 32.527, 33.717, 33.66, 33.655, 33.794, 32.75, 30.59, 26.662, 20.601, 13.793, 6.825, 3.268, 0.0, 3.367, 6.545, 10.202, 12.928, 17.109, 23.652, 30.12, 33.425, 37.008, 42.694, 47.979, 51.378, 52.628, 53.231, 53.853, 52.636, 50.683, 49.253, 49.111, 48.942, 50.25, 52.553, 53.666, 55.126, 56.03, 55.946, 56.069, 56.178, 56.749, 56.577, 56.531, 55.874, 52.979, 51.341, 51.045, 51.175, 50.873], [33.447, 33.243, 32.853, 32.726, 33.031, 34.591, 35.911, 37.139, 38.788, 38.682, 39.179, 40.775, 41.975, 42.055, 43.131, 44.643, 45.145, 45.0, 44.267, 42.695, 42.817, 44.32, 42.088, 38.591, 35.498, 33.537, 32.447, 31.931, 31.976, 31.97, 31.253, 30.121, 29.816, 29.555, 30.258, 31.7, 32.67, 33.851, 33.826, 33.832, 33.959, 32.933, 30.795, 26.859, 20.851, 14.355, 8.2, 5.754, 3.367, 0.0, 4.468, 8.964, 12.121, 16.486, 23.102, 29.61, 32.93, 36.565, 42.334, 47.684, 51.098, 52.344, 52.953, 53.567, 52.343, 50.413, 49.031, 48.93, 48.765, 50.094, 52.386, 53.514, 54.967, 55.85, 55.77, 55.901, 56.005, 56.574, 56.404, 56.351, 55.676, 52.745, 51.098, 50.819, 50.972, 50.68], [33.404, 33.186, 32.836, 32.743, 33.007, 34.474, 35.794, 37.017, 38.643, 38.52, 38.948, 40.417, 41.463, 41.427, 42.506, 44.066, 44.643, 44.566, 43.832, 42.259, 42.347, 43.8, 41.55, 38.077, 35.108, 33.268, 32.227, 31.677, 31.623, 31.624, 30.978, 29.856, 29.39, 29.078, 29.882, 31.399, 32.352, 33.517, 33.527, 33.554, 33.674, 32.651, 30.51, 26.506, 20.448, 14.226, 9.373, 8.326, 6.545, 4.468, 0.0, 5.881, 10.196, 15.182, 22.002, 28.396, 31.761, 35.518, 41.365, 46.795, 50.229, 51.472, 52.105, 52.719, 51.46, 49.529, 48.283, 48.296, 48.192, 49.565, 51.9, 53.055, 54.505, 55.367, 55.27, 55.379, 55.448, 56.009, 55.808, 55.748, 55.052, 52.067, 50.408, 50.111, 50.37, 50.132], [33.273, 33.137, 32.767, 32.635, 32.916, 34.46, 35.84, 37.153, 38.82, 38.653, 38.952, 40.332, 41.406, 41.407, 42.573, 44.111, 44.626, 44.767, 44.209, 42.67, 42.78, 44.223, 42.0, 38.608, 35.602, 33.711, 32.613, 31.957, 31.818, 31.832, 31.218, 30.149, 29.609, 29.126, 29.9, 31.353, 32.34, 33.519, 33.481, 33.512, 33.579, 32.483, 30.36, 26.632, 21.138, 15.766, 12.122, 11.582, 10.202, 8.964, 5.881, 0.0, 5.985, 12.293, 19.609, 26.334, 29.936, 33.779, 39.703, 45.256, 48.796, 50.077, 50.744, 51.365, 50.07, 48.087, 46.884, 47.067, 47.025, 48.449, 50.787, 51.95, 53.423, 54.28, 54.214, 54.343, 54.414, 54.941, 54.703, 54.618, 53.914, 51.043, 49.592, 49.329, 49.659, 49.638], [32.981, 32.741, 32.187, 31.998, 32.298, 34.001, 35.544, 36.852, 38.465, 38.133, 38.34, 39.846, 41.12, 41.228, 42.471, 44.036, 44.41, 44.619, 44.362, 42.918, 43.071, 44.615, 42.311, 38.852, 35.743, 33.742, 32.544, 31.878, 31.788, 31.804, 31.188, 30.054, 29.458, 28.902, 29.791, 31.289, 32.248, 33.458, 33.311, 33.302, 33.325, 32.174, 30.234, 27.247, 22.753, 18.153, 14.942, 14.179, 12.928, 12.121, 10.196, 5.985, 0.0, 7.516, 16.523, 24.335, 28.317, 32.341, 38.436, 44.082, 47.709, 48.994, 49.594, 50.195, 48.871, 46.791, 45.45, 45.581, 45.544, 47.088, 49.547, 50.708, 52.157, 53.022, 52.957, 53.051, 53.122, 53.629, 53.347, 53.24, 52.582, 49.95, 48.842, 48.676, 48.975, 49.033], [34.207, 34.065, 33.597, 33.376, 33.55, 35.407, 37.057, 38.352, 39.869, 39.299, 39.081, 40.253, 41.368, 41.409, 42.594, 44.045, 44.34, 44.533, 44.323, 43.071, 43.211, 44.577, 42.435, 39.185, 36.285, 34.626, 33.647, 33.008, 32.801, 32.792, 32.167, 30.812, 29.728, 28.822, 29.376, 30.664, 31.613, 32.746, 32.545, 32.518, 32.502, 31.363, 29.511, 26.941, 23.623, 20.585, 18.689, 18.216, 17.109, 16.486, 15.182, 12.293, 7.516, 0.0, 10.849, 20.156, 24.698, 28.88, 35.254, 41.009, 44.679, 45.98, 46.507, 47.042, 45.698, 43.636, 42.337, 42.338, 42.24, 43.851, 46.402, 47.605, 48.988, 49.836, 49.763, 49.812, 49.869, 50.364, 50.043, 49.96, 49.359, 46.97, 46.269, 46.262, 46.551, 46.724], [37.967, 38.115, 38.044, 37.894, 37.825, 39.494, 40.97, 42.231, 43.712, 42.992, 42.067, 42.395, 43.002, 42.864, 43.862, 45.025, 45.266, 45.474, 45.139, 44.071, 44.156, 45.07, 43.409, 40.949, 38.78, 37.864, 37.306, 36.592, 36.046, 35.99, 35.443, 33.906, 32.144, 30.798, 30.615, 31.33, 32.193, 33.1, 32.964, 32.984, 32.883, 31.853, 29.936, 27.246, 25.129, 24.3, 24.27, 24.501, 23.652, 23.102, 22.002, 19.609, 16.523, 10.849, 0.0, 11.009, 16.832, 21.102, 27.736, 33.722, 37.497, 38.886, 39.428, 39.906, 38.523, 36.733, 35.843, 35.97, 36.106, 37.851, 40.451, 41.714, 42.993, 43.79, 43.751, 43.77, 43.945, 44.503, 44.199, 44.149, 43.524, 41.324, 41.095, 41.269, 41.503, 41.954], [42.201, 42.454, 42.694, 42.644, 42.334, 43.716, 45.077, 46.406, 48.049, 47.468, 46.17, 45.754, 45.761, 45.353, 46.137, 47.028, 47.221, 47.442, 47.055, 46.157, 46.123, 46.694, 45.5, 43.754, 42.299, 41.986, 41.79, 41.107, 40.349, 40.249, 39.79, 38.3, 36.27, 34.822, 34.291, 34.686, 35.461, 36.171, 36.145, 36.222, 36.085, 35.176, 33.172, 30.254, 28.703, 29.02, 30.098, 30.858, 30.12, 29.61, 28.396, 26.334, 24.335, 20.156, 11.009, 0.0, 6.912, 11.847, 19.179, 25.437, 29.166, 30.539, 31.186, 31.668, 30.198, 28.565, 28.212, 28.684, 29.432, 31.563, 34.34, 35.709, 36.915, 37.674, 37.582, 37.497, 37.886, 38.709, 38.516, 38.477, 37.772, 35.774, 36.033, 36.31, 36.478, 37.206], [44.477, 44.829, 45.187, 45.136, 44.727, 46.066, 47.462, 48.943, 50.734, 50.325, 49.026, 48.357, 48.104, 47.562, 48.245, 49.021, 49.177, 49.37, 48.959, 48.17, 48.068, 48.494, 47.598, 46.2, 45.015, 44.893, 44.834, 44.223, 43.446, 43.334, 42.882, 41.462, 39.446, 37.953, 37.202, 37.412, 38.211, 38.875, 38.876, 38.957, 38.82, 37.949, 35.91, 32.907, 31.413, 31.895, 33.211, 34.111, 33.425, 32.93, 31.761, 29.936, 28.317, 24.698, 16.832, 6.912, 0.0, 6.227, 14.485, 20.83, 24.436, 25.764, 26.546, 27.084, 25.646, 24.044, 23.973, 24.841, 26.108, 28.508, 31.298, 32.73, 33.971, 34.756, 34.604, 34.483, 35.025, 36.054, 36.006, 35.99, 35.265, 33.461, 33.95, 34.253, 34.397, 35.295], [47.151, 47.547, 47.921, 47.857, 47.312, 48.485, 49.891, 51.551, 53.43, 53.108, 51.756, 50.849, 50.381, 49.761, 50.358, 50.993, 51.039, 51.169, 50.741, 50.083, 49.974, 50.255, 49.674, 48.853, 48.113, 48.133, 48.111, 47.481, 46.653, 46.53, 46.098, 44.662, 42.538, 40.944, 40.043, 40.13, 40.833, 41.386, 41.403, 41.48, 41.317, 40.436, 38.418, 35.52, 34.265, 35.032, 36.636, 37.643, 37.008, 36.565, 35.518, 33.779, 32.341, 28.88, 21.102, 11.847, 6.227, 0.0, 8.822, 15.645, 19.635, 21.246, 22.282, 22.88, 21.501, 20.244, 20.71, 22.077, 23.807, 26.328, 29.135, 30.661, 31.893, 32.695, 32.537, 32.416, 33.081, 34.203, 34.311, 34.312, 33.68, 32.445, 33.451, 33.874, 34.002, 35.107], [51.583, 51.971, 52.378, 52.335, 51.542, 52.362, 53.74, 55.482, 57.343, 57.076, 55.626, 54.447, 53.698, 52.971, 53.443, 53.914, 53.789, 53.803, 53.459, 53.041, 52.91, 52.99, 52.81, 52.814, 52.825, 53.104, 53.08, 52.364, 51.419, 51.262, 50.877, 49.405, 47.063, 45.292, 44.248, 44.227, 44.753, 45.106, 45.099, 45.156, 44.959, 44.124, 42.268, 39.708, 38.838, 39.979, 42.026, 43.228, 42.694, 42.334, 41.365, 39.703, 38.436, 35.254, 27.736, 19.179, 14.485, 8.822, 0.0, 7.691, 12.765, 15.156, 16.66, 17.342, 16.219, 15.923, 17.505, 19.703, 22.222, 24.792, 27.538, 29.142, 30.311, 31.096, 30.871, 30.63, 31.483, 32.747, 33.088, 33.134, 32.661, 32.39, 34.172, 34.755, 34.868, 36.143], [55.889, 56.323, 56.828, 56.779, 55.818, 56.483, 57.815, 59.512, 61.317, 61.099, 59.566, 58.183, 57.211, 56.387, 56.741, 57.082, 56.869, 56.802, 56.524, 56.327, 56.133, 56.005, 56.16, 56.692, 57.207, 57.775, 57.843, 57.123, 56.127, 55.957, 55.596, 54.12, 51.628, 4