[[0.0, 5.194, 11.506, 15.379, 15.9, 16.604, 20.168, 23.025, 23.005, 23.278, 23.531, 23.765, 24.167, 25.687, 27.923, 30.175, 31.31, 32.037, 32.895, 34.347, 36.805, 38.091, 39.368, 42.196, 44.882, 44.494, 43.288, 43.265, 45.227, 48.507, 51.638, 54.616, 56.727, 57.826, 57.748, 58.376, 60.442, 62.101, 62.249, 61.964, 62.021, 61.899, 61.585, 61.61, 61.749, 62.332, 63.003, 63.536, 64.077, 64.369, 63.534, 62.729, 62.932, 63.385, 64.036, 65.01, 67.008, 69.367, 70.287, 70.495, 70.132, 68.855, 68.324, 68.614, 68.706, 68.795, 69.411, 70.328, 70.453, 70.117, 69.45, 67.063, 63.622, 61.086, 61.267, 62.757, 63.602, 63.741, 63.588, 63.265, 62.732, 62.1, 62.01, 62.806, 63.929, 64.459], [5.194, 0.0, 7.012, 11.744, 12.772, 13.372, 17.017, 20.265, 20.675, 21.328, 21.614, 21.845, 22.334, 24.052, 26.369, 28.576, 29.683, 30.446, 31.367, 32.82, 35.277, 36.742, 38.261, 41.197, 43.713, 42.997, 41.646, 41.604, 43.584, 46.934, 50.096, 53.046, 55.15, 56.337, 56.414, 57.358, 59.917, 61.898, 62.039, 61.704, 61.787, 61.754, 61.522, 61.569, 61.677, 62.161, 62.698, 63.095, 63.583, 63.895, 63.106, 62.346, 62.573, 63.026, 63.672, 64.661, 66.663, 69.049, 70.045, 70.328, 70.006, 68.761, 68.258, 68.559, 68.666, 68.821, 69.544, 70.53, 70.673, 70.321, 69.577, 66.92, 63.101, 60.446, 60.744, 62.31, 63.199, 63.292, 63.028, 62.623, 62.048, 61.422, 61.402, 62.272, 63.384, 63.875], [11.506, 7.012, 0.0, 5.893, 8.109, 8.664, 12.552, 16.769, 18.564, 20.172, 20.364, 20.454, 20.955, 22.852, 25.194, 27.308, 28.243, 28.879, 29.766, 31.172, 33.538, 35.04, 36.66, 39.558, 41.878, 41.064, 39.884, 39.997, 42.07, 45.433, 48.537, 51.414, 53.438, 54.627, 54.816, 56.157, 59.482, 62.008, 62.168, 61.769, 61.894, 61.947, 61.796, 61.854, 61.883, 62.175, 62.483, 62.676, 63.054, 63.373, 62.696, 62.076, 62.351, 62.769, 63.353, 64.296, 66.238, 68.623, 69.719, 70.088, 69.797, 68.582, 68.114, 68.438, 68.582, 68.829, 69.689, 70.791, 70.996, 70.661, 69.872, 67.016, 62.935, 60.209, 60.635, 62.305, 63.246, 63.306, 62.947, 62.471, 61.869, 61.248, 61.281, 62.247, 63.355, 63.737], [15.379, 11.744, 5.893, 0.0, 3.451, 5.265, 9.898, 14.877, 18.089, 20.653, 20.793, 20.788, 21.271, 23.196, 25.509, 27.614, 28.412, 28.909, 29.767, 31.166, 33.506, 34.908, 36.256, 38.704, 40.741, 40.151, 39.504, 39.902, 42.018, 45.261, 48.105, 50.737, 52.647, 53.795, 53.986, 55.418, 59.044, 61.941, 62.185, 61.708, 61.815, 61.848, 61.675, 61.698, 61.656, 61.804, 61.894, 61.866, 62.077, 62.339, 61.775, 61.323, 61.65, 62.027, 62.552, 63.429, 65.277, 67.646, 68.827, 69.234, 68.922, 67.721, 67.294, 67.643, 67.822, 68.093, 68.956, 70.089, 70.333, 70.008, 69.203, 66.36, 62.399, 59.733, 60.201, 61.934, 62.907, 63.004, 62.676, 62.228, 61.686, 61.135, 61.191, 62.186, 63.302, 63.594], [15.9, 12.772, 8.109, 3.451, 0.0, 4.025, 9.699, 14.796, 18.311, 21.036, 21.187, 21.207, 21.663, 23.558, 25.86, 27.985, 28.786, 29.285, 30.142, 31.539, 33.892, 35.198, 36.298, 38.486, 40.436, 39.934, 39.468, 39.963, 42.084, 45.302, 48.088, 50.651, 52.538, 53.673, 53.811, 55.136, 58.646, 61.558, 61.899, 61.467, 61.558, 61.545, 61.337, 61.353, 61.304, 61.454, 61.514, 61.411, 61.537, 61.756, 61.215, 60.807, 61.151, 61.534, 62.06, 62.911, 64.712, 67.066, 68.271, 68.693, 68.374, 67.172, 66.752, 67.09, 67.258, 67.49, 68.273, 69.352, 69.585, 69.254, 68.44, 65.651, 61.801, 59.144, 59.574, 61.3, 62.28, 62.441, 62.217, 61.84, 61.35, 60.849, 60.917, 61.895, 63.011, 63.303], [16.604, 13.372, 8.664, 5.265, 4.025, 0.0, 6.708, 12.735, 16.912, 20.126, 20.312, 20.319, 20.876, 22.862, 25.047, 26.95, 27.683, 28.244, 29.093, 30.441, 32.827, 34.364, 35.709, 37.951, 39.843, 39.247, 38.72, 39.197, 41.322, 44.5, 47.304, 49.976, 51.919, 53.107, 53.282, 54.653, 58.315, 61.312, 61.639, 61.291, 61.471, 61.509, 61.34, 61.402, 61.412, 61.588, 61.629, 61.515, 61.693, 62.007, 61.541, 61.123, 61.438, 61.817, 62.326, 63.146, 64.91, 67.265, 68.532, 69.025, 68.73, 67.503, 67.06, 67.405, 67.584, 67.842, 68.678, 69.793, 70.033, 69.698, 68.862, 65.96, 61.898, 59.177, 59.694, 61.461, 62.463, 62.603, 62.314, 61.895, 61.387, 60.893, 60.998, 61.984, 63.062, 63.368], [20.168, 17.017, 12.552, 9.898, 9.699, 6.708, 0.0, 7.258, 13.578, 18.414, 18.783, 18.824, 19.598, 21.621, 23.458, 24.981, 25.5, 26.068, 26.948, 28.204, 30.581, 32.576, 34.442, 36.665, 38.335, 37.917, 37.819, 38.399, 40.508, 43.569, 46.051, 48.443, 50.291, 51.51, 51.776, 53.293, 57.312, 60.66, 60.909, 60.501, 60.895, 61.132, 61.07, 61.152, 61.152, 61.229, 61.086, 60.841, 61.032, 61.473, 61.224, 60.937, 61.223, 61.506, 61.881, 62.605, 64.271, 66.61, 68.017, 68.595, 68.297, 67.05, 66.654, 67.089, 67.335, 67.661, 68.631, 69.904, 70.245, 69.973, 69.164, 66.135, 61.864, 59.227, 59.983, 61.831, 62.877, 62.917, 62.41, 61.875, 61.349, 60.885, 61.032, 62.002, 62.987, 63.269], [23.025, 20.265, 16.769, 14.877, 14.796, 12.735, 7.258, 0.0, 8.805, 15.385, 16.139, 16.475, 17.552, 19.609, 21.141, 22.52, 22.961, 23.495, 24.503, 25.819, 28.254, 30.611, 32.866, 35.104, 36.817, 37.009, 37.544, 38.183, 40.2, 43.05, 44.999, 46.912, 48.662, 49.884, 50.2, 51.756, 55.795, 59.296, 59.501, 58.991, 59.575, 60.036, 60.085, 60.167, 60.102, 60.086, 59.848, 59.582, 59.842, 60.388, 60.301, 60.1, 60.331, 60.525, 60.783, 61.421, 63.014, 65.345, 66.822, 67.394, 67.053, 65.79, 65.46, 65.975, 66.25, 66.572, 67.608, 69.027, 69.501, 69.344, 68.659, 65.742, 61.63, 59.26, 60.171, 62.038, 63.104, 63.044, 62.364, 61.762, 61.248, 60.802, 60.905, 61.77, 62.676, 62.974], [23.005, 20.675, 18.564, 18.089, 18.311, 16.912, 13.578, 8.805, 0.0, 7.534, 9.252, 10.434, 12.291, 14.934, 17.032, 19.003, 20.02, 20.911, 22.266, 24.024, 27.075, 29.944, 32.76, 35.883, 38.475, 38.993, 39.105, 39.431, 41.27, 43.912, 45.727, 47.581, 49.44, 50.838, 51.307, 52.833, 56.48, 59.594, 59.694, 59.085, 59.61, 60.145, 60.251, 60.339, 60.31, 60.381, 60.279, 60.197, 60.593, 61.114, 60.813, 60.345, 60.453, 60.635, 60.918, 61.611, 63.358, 65.742, 67.07, 67.537, 67.165, 65.855, 65.499, 65.99, 66.212, 66.425, 67.281, 68.489, 68.834, 68.67, 68.102, 65.537, 61.96, 59.891, 60.724, 62.457, 63.457, 63.34, 62.613, 62.024, 61.582, 61.211, 61.322, 62.097, 62.997, 63.383], [23.278, 21.328, 20.172, 20.653, 21.036, 20.126, 18.414, 15.385, 7.534, 0.0, 3.581, 6.358, 9.027, 12.26, 15.195, 17.875, 19.515, 20.737, 22.267, 24.303, 27.725, 30.751, 33.761, 37.613, 41.001, 41.567, 41.039, 41.106, 42.901, 45.503, 47.483, 49.509, 51.478, 53.03, 53.62, 55.126, 58.476, 61.195, 61.172, 60.455, 60.862, 61.374, 61.479, 61.61, 61.652, 61.821, 61.86, 61.916, 62.343, 62.73, 62.133, 61.379, 61.396, 61.6, 61.933, 62.686, 64.564, 66.942, 68.068, 68.42, 68.038, 66.697, 66.26, 66.661, 66.815, 66.933, 67.573, 68.483, 68.647, 68.438, 67.949, 65.697, 62.605, 60.724, 61.396, 62.987, 63.906, 63.783, 63.117, 62.597, 62.239, 61.955, 62.107, 62.85, 63.774, 64.207], [23.531, 21.614, 20.364, 20.793, 21.187, 20.312, 18.783, 16.139, 9.252, 3.581, 0.0, 3.534, 6.831, 10.618, 13.969, 17.002, 18.786, 20.017, 21.592, 23.722, 27.201, 30.207, 33.174, 37.109, 40.753, 41.481, 40.883, 40.922, 42.823, 45.53, 47.596, 49.731, 51.778, 53.35, 53.947, 55.496, 58.911, 61.632, 61.579, 60.85, 61.272, 61.794, 61.914, 62.088, 62.181, 62.379, 62.435, 62.502, 62.906, 63.221, 62.556, 61.771, 61.773, 61.959, 62.267, 63.012, 64.892, 67.234, 68.293, 68.6, 68.21, 66.862, 66.4, 66.775, 66.927, 67.039, 67.648, 68.53, 68.692, 68.496, 68.034, 65.849, 62.856, 60.992, 61.62, 63.192, 64.104, 64.011, 63.401, 62.915, 62.574, 62.3, 62.461, 63.211, 64.143, 64.569], [23.765, 21.845, 20.454, 20.788, 21.207, 20.319, 18.824, 16.475, 10.434, 6.358, 3.534, 0.0, 4.123, 8.582, 12.211, 15.53, 17.432, 18.659, 20.278, 22.45, 25.909, 28.86, 31.866, 35.965, 39.821, 40.646, 40.019, 40.044, 42.01, 44.797, 46.927, 49.143, 51.254, 52.825, 53.397, 54.965, 58.451, 61.224, 61.193, 60.5, 60.962, 61.513, 61.665, 61.858, 61.995, 62.254, 62.375, 62.507, 62.933, 63.211, 62.509, 61.727, 61.739, 61.927, 62.239, 63.003, 64.9, 67.216, 68.226, 68.499, 68.106, 66.792, 66.372, 66.769, 66.949, 67.108, 67.772, 68.705, 68.896, 68.714, 68.263, 66.057, 63.031, 61.171, 61.808, 63.375, 64.3, 64.245, 63.671, 63.199, 62.841, 62.536, 62.691, 63.457, 64.404, 64.835], [24.167, 22.334, 20.955, 21.271, 21.663, 20.876, 19.598, 17.552, 12.291, 9.027, 6.831, 4.123, 0.0, 5.098, 9.537, 13.486, 15.648, 16.964, 18.612, 20.737, 24.161, 27.025, 29.973, 34.301, 38.488, 39.436, 38.789, 38.846, 40.951, 43.879, 46.083, 48.336, 50.464, 52.038, 52.591, 54.148, 57.645, 60.418, 60.406, 59.77, 60.288, 60.863, 61.026, 61.222, 61.38, 61.715, 61.984, 62.268, 62.759, 63.011, 62.257, 61.473, 61.501, 61.672, 61.951, 62.706, 64.62, 66.908, 67.828, 68.04, 67.646, 66.359, 65.962, 66.36, 66.54, 66.703, 67.373, 68.327, 68.536, 68.367, 67.93, 65.723, 62.711, 60.857, 61.478, 63.058, 64.008, 63.991, 63.469, 63.03, 62.675, 62.35, 62.48, 63.243, 64.206, 64.647], [25.687, 24.052, 22.852, 23.196, 23.558, 22.862, 21.621, 19.609, 14.934, 12.26, 10.618, 8.582, 5.098, 0.0, 5.536, 10.509, 13.037, 14.505, 16.255, 18.423, 21.978, 24.917, 27.811, 32.234, 36.711, 37.853, 37.279, 37.409, 39.636, 42.669, 44.871, 47.089, 49.208, 50.775, 51.316, 52.805, 56.218, 58.939, 58.909, 58.347, 58.997, 59.656, 59.862, 60.065, 60.236, 60.622, 61.068, 61.631, 62.314, 62.633, 61.901, 61.149, 61.184, 61.32, 61.558, 62.288, 64.208, 66.511, 67.396, 67.551, 67.13, 65.833, 65.427, 65.818, 66.009, 66.201, 66.926, 67.934, 68.175, 68.037, 67.653, 65.491, 62.547, 60.764, 61.389, 62.967, 63.931, 63.92, 63.404, 62.976, 62.615, 62.26, 62.358, 63.103, 64.059, 64.509], [27.923, 26.369, 25.194, 25.509, 25.86, 25.047, 23.458, 21.141, 17.032, 15.195, 13.969, 12.211, 9.537, 5.536, 0.0, 5.704, 8.771, 10.697, 12.794, 14.987, 18.582, 21.855, 25.065, 29.612, 34.197, 35.465, 35.034, 35.237, 37.463, 40.413, 42.475, 44.581, 46.636, 48.192, 48.742, 50.17, 53.568, 56.351, 56.293, 55.806, 56.651, 57.474, 57.78, 58.018, 58.225, 58.649, 59.249, 60.173, 61.244, 61.864, 61.317, 60.652, 60.701, 60.846, 61.1, 61.809, 63.683, 66.007, 66.971, 67.142, 66.701, 65.431, 65.063, 65.481, 65.712, 66.026, 66.966, 68.144, 68.464, 68.378, 68.041, 65.815, 62.779, 61.104, 61.842, 63.43, 64.407, 64.324, 63.66, 63.147, 62.722, 62.29, 62.344, 63.066, 63.971, 64.403], [30.175, 28.576, 27.308, 27.614, 27.985, 26.95, 24.981, 22.52, 19.003, 17.875, 17.002, 15.53, 13.486, 10.509, 5.704, 0.0, 4.01, 7.327, 10.038, 12.079, 15.567, 19.475, 23.367, 28.121, 32.564, 33.64, 33.199, 33.442, 35.582, 38.345, 40.283, 42.275, 44.162, 45.71, 46.34, 47.789, 51.33, 54.276, 54.185, 53.756, 54.749, 55.697, 56.097, 56.382, 56.641, 57.081, 57.748, 58.923, 60.384, 61.424, 61.148, 60.579, 60.645, 60.807, 61.078, 61.752, 63.528, 65.812, 66.873, 67.136, 66.744, 65.569, 65.299, 65.77, 66.032, 66.46, 67.624, 68.976, 69.366, 69.31, 68.964, 66.553, 63.278, 61.659, 62.549, 64.165, 65.168, 64.995, 64.148, 63.522, 63.017, 62.505, 62.523, 63.217, 64.046, 64.45], [31.31, 29.683, 28.243, 28.412, 28.786, 27.683, 25.5, 22.961, 20.02, 19.515, 18.786, 17.432, 15.648, 13.037, 8.771, 4.01, 0.0, 4.372, 7.769, 10.033, 13.688, 18.003, 22.208, 26.858, 31.076, 32.114, 31.908, 32.291, 34.432, 37.163, 39.034, 40.955, 42.759, 44.232, 44.843, 46.333, 50.059, 53.209, 53.119, 52.692, 53.755, 54.734, 55.18, 55.482, 55.71, 56.095, 56.727, 57.95, 59.537, 60.774, 60.725, 60.311, 60.407, 60.563, 60.816, 61.436, 63.085, 65.292, 66.43, 66.775, 66.419, 65.331, 65.193, 65.754, 66.066, 66.578, 67.909, 69.457, 69.968, 69.957, 69.611, 67.099, 63.676, 62.075, 63.064, 64.716, 65.758, 65.578, 64.679, 64.014, 63.458, 62.885, 62.871, 63.552, 64.335, 64.71], [32.037, 30.446, 28.879, 28.909, 29.285, 28.244, 26.068, 23.495, 20.911, 20.737, 20.017, 18.659, 16.964, 14.505, 10.697, 7.327, 4.372, 0.0, 4.245, 7.534, 11.914, 16.501, 20.913, 25.555, 29.722, 30.925, 31.072, 31.633, 33.779, 36.476, 38.273, 40.178, 42.044, 43.466, 43.979, 45.463, 49.277, 52.551, 52.489, 52.084, 53.232, 54.242, 54.732, 55.035, 55.171, 55.492, 56.103, 57.318, 58.901, 60.155, 60.203, 59.924, 60.058, 60.217, 60.457, 61.041, 62.586, 64.706, 65.874, 66.241, 65.88, 64.822, 64.762, 65.382, 65.731, 66.306, 67.744, 69.447, 70.075, 70.109, 69.777, 67.232, 63.741, 62.139, 63.159, 64.82, 65.888, 65.735, 64.862, 64.21, 63.637, 63.026, 62.979, 63.656, 64.437, 64.806], [32.895, 31.367, 29.766, 29.767, 30.142, 29.093, 26.948, 24.503, 22.266, 22.267, 21.592, 20.278, 18.612, 16.255, 12.794, 10.038, 7.769, 4.245, 0.0, 4.511, 10.162, 15.313, 20.12, 25.004, 29.183, 30.328, 30.546, 31.167, 33.233, 35.807, 37.562, 39.528, 41.482, 42.959, 43.453, 44.926, 48.789, 52.13, 52.111, 51.795, 53.048, 54.112, 54.626, 54.935, 55.042, 55.362, 56.003, 57.235, 58.853, 60.157, 60.229, 59.983, 60.148, 60.325, 60.581, 61.18, 62.706, 64.789, 65.961, 66.327, 65.949, 64.882, 64.827, 65.449, 65.796, 66.395, 67.861, 69.578, 70.219, 70.257, 69.921, 67.322, 63.706, 62.053, 63.084, 64.741, 65.814, 65.658, 64.77, 64.104, 63.508, 62.868, 62.81, 63.496, 64.281, 64.655], [34.347, 32.82, 31.172, 31.166, 31.539, 30.441, 28.204, 25.819, 24.024, 24.303, 23.722, 22.45, 20.737, 18.423, 14.987, 12.079, 10.033, 7.534, 4.511, 0.0, 6.517, 12.793, 18.507, 23.9, 28.143, 29.137, 29.33, 29.98, 32.03, 34.549, 36.255, 38.205, 40.172, 41.754, 42.321, 43.85, 47.853, 51.336, 51.34, 51.07, 52.419, 53.528, 54.042, 54.373, 54.53, 54.872, 55.524, 56.797, 58.513, 59.942, 60.082, 59.861, 60.049, 60.249, 60.519, 61.121, 62.611, 64.637, 65.807, 66.195, 65.833, 64.774, 64.729, 65.364, 65.723, 66.362, 67.906, 69.699, 70.4, 70.487, 70.183, 67.507, 63.711, 62.018, 63.112, 64.793, 65.895, 65.706, 64.727, 63.997, 63.339, 62.632, 62.538, 63.214, 63.98, 64.349], [36.805, 35.277, 33.538, 33.506, 33.892, 32.827, 30.581, 28.254, 27.075, 27.725, 27.201, 25.909, 24.161, 21.978, 18.582, 15.567, 13.688, 11.914, 10.162, 6.517, 0.0, 7.827, 15.131, 21.411, 25.83, 26.777, 27.099, 27.882, 30.006, 32.523, 34.176, 36.109, 38.005, 39.557, 40.133, 41.749, 46.003, 49.695, 49.691, 49.461, 50.962, 52.166, 52.742, 53.125, 53.316, 53.668, 54.378, 55.793, 57.725, 59.379, 59.681, 59.562, 59.798, 60.043, 60.346, 60.935, 62.311, 64.213, 65.375, 65.811, 65.505, 64.491, 64.495, 65.169, 65.55, 66.263, 68.005, 70.041, 70.909, 71.104, 70.881, 68.172, 64.23, 62.532, 63.714, 65.434, 66.568, 66.326, 65.23, 64.429, 63.688, 62.848, 62.63, 63.245, 63.966, 64.304], [38.091, 36.742, 35.04, 34.908, 35.198, 34.364, 32.576, 30.611, 29.944, 30.751, 30.207, 28.86, 27.025, 24.917, 21.855, 19.475, 18.003, 16.501, 15.313, 12.793, 7.827, 0.0, 8.742, 16.907, 22.315, 23.526, 24.041, 25.002, 27.187, 29.85, 31.788, 34.026, 35.917, 37.242, 37.589, 39.147, 43.45, 47.164, 47.222, 47.144, 48.75, 50.015, 50.665, 51.066, 51.216, 51.613, 52.447, 54.014, 56.095, 57.847, 58.223, 58.205, 58.512, 58.796, 59.157, 59.824, 61.24, 63.131, 64.276, 64.701, 64.396, 63.404, 63.468, 64.162, 64.533, 65.258, 67.133, 69.406, 70.449, 70.749, 70.642, 68.155, 64.458, 62.785, 63.906, 65.621, 66.739, 66.539, 65.519, 64.757, 64.0, 63.05, 62.674, 63.234, 63.984, 64.319], [39.368, 38.261, 36.66, 36.256, 36.298, 35.709, 34.442, 32.866, 32.76, 33.761, 33.174, 31.866, 29.973, 27.811, 25.065, 23.367, 22.208, 20.913, 20.12, 18.507, 15.131, 8.742, 0.0, 10.011, 17.124, 19.628, 21.157, 22.601, 24.916, 27.705, 29.869, 32.393, 34.34, 35.387, 35.493, 36.926, 41.056, 44.631, 44.788, 44.918, 46.478, 47.603, 48.266, 48.695, 48.837, 49.292, 50.237, 51.928, 54.036, 55.739, 56.175, 56.279, 56.632, 56.916, 57.301, 58.016, 59.569, 61.638, 62.828, 63.185, 62.819, 61.884, 62.015, 62.697, 63.066, 63.787, 65.722, 68.187, 69.397, 69.785, 69.772, 67.599, 64.407, 62.865, 63.878, 65.595, 66.705, 66.627, 65.816, 65.173, 64.469, 63.483, 62.991, 63.525, 64.34, 64.677], [42.196, 41.197, 39.558, 38.704, 38.486, 37.951, 36.665, 35.104, 35.883, 37.613, 37.109, 35.965, 34.301, 32.234, 29.612, 28.121, 26.858, 25.555, 25.004, 23.9, 21.411, 16.907, 10.011, 0.0, 8.694, 14.66, 19.476, 22.138, 24.598, 27.121, 28.704, 30.908, 32.738, 33.34, 33.195, 34.535, 38.623, 42.334, 42.595, 42.933, 44.51, 45.403, 46.078, 46.57, 46.688, 47.054, 47.94, 49.731, 51.947, 53.833, 54.705, 55.152, 55.537, 55.807, 56.203, 56.794, 58.163, 60.334, 61.785, 62.188, 61.761, 60.914, 61.134, 61.827, 62.255, 63.086, 65.25, 68.067, 69.537, 70.035, 70.074, 67.993, 65.01, 63.625, 64.687, 66.472, 67.624, 67.584, 66.826, 66.225, 65.533, 64.475, 63.823, 64.287, 65.083, 65.364], [44.882, 43.713, 41.878, 40.741, 40.436, 39.843, 38.335, 36.817, 38.475, 41.001, 40.753, 39.821, 38.488, 36.711, 34.197, 32.564, 31.076, 29.722, 29.183, 28.143, 25.83, 22.315, 17.124, 8.694, 0.0, 9.498, 17.846, 21.741, 24.087, 26.267, 27.343, 29.019, 30.423, 30.594, 30.238, 31.623, 36.076, 40.294, 40.715, 41.217, 42.885, 43.694, 44.42, 44.934, 44.98, 45.191, 45.862, 47.552, 49.934, 52.26, 53.722, 54.614, 55.115, 55.417, 55.853, 56.35, 57.383, 59.474, 61.292, 61.958, 61.592, 60.821, 61.138, 61.9, 62.391, 63.397, 65.895, 69.073, 70.759, 71.321, 71.306, 68.927, 65.505, 64.067, 65.295, 67.163, 68.382, 68.293, 67.41, 66.725, 65.944, 64.746, 63.948, 64.372, 65.1, 65.297], [44.494, 42.997, 41.064, 40.151, 39.934, 39.247, 37.917, 37.009, 38.993, 41.567, 41.481, 40.646, 39.436, 37.853, 35.465, 33.64, 32.114, 30.925, 30.328, 29.137, 26.777, 23.526, 19.628, 14.66, 9.498, 0.0, 10.354, 15.653, 18.444, 21.291, 23.355, 25.683, 27.167, 27.574, 27.477, 29.289, 34.283, 38.674, 39.177, 39.887, 41.544, 42.445, 43.246, 43.833, 44.088, 44.489, 45.075, 46.481, 48.905, 51.493, 53.001, 53.931, 54.609, 55.128, 55.836, 56.589, 57.729, 59.758, 61.636, 62.526, 62.314, 61.588, 61.906, 62.661, 63.135, 64.203, 66.752, 69.851, 71.418, 71.854, 71.643, 68.771, 64.581, 62.842, 64.186, 66.074, 67.324, 67.215, 66.256, 65.488, 64.597, 63.333, 62.618, 63.154, 63.879, 64.079], [43.288, 41.646, 39.884, 39.504, 39.468, 38.72, 37.819, 37.544, 39.105, 41.039, 40.883, 40.019, 38.789, 37.279, 35.034, 33.199, 31.908, 31.072, 30.546, 29.33, 27.099, 24.041, 21.157, 19.476, 17.846, 10.354, 0.0, 6.759, 11.479, 16.257, 20.269, 24.109, 26.341, 27.472, 27.968, 30.177, 35.17, 39.039, 39.441, 40.294, 41.751, 42.711, 43.543, 44.267, 44.97, 45.815, 46.558, 47.889, 50.273, 52.723, 53.736, 54.216, 54.932, 55.723, 56.827, 58.046, 59.712, 61.947, 63.648, 64.54, 64.453, 63.75, 63.978, 64.624, 65.009, 65.962, 68.204, 70.846, 72.079, 72.329, 71.998, 69.009, 64.582, 62.655, 63.955, 65.752, 66.93, 66.87, 66.009, 65.257, 64.36, 63.202, 62.756, 63.443, 64.226, 64.547], [43.265, 41.604, 39.997, 39.902, 39.963, 39.197, 38.399, 38.183, 39.431, 41.106, 40.922, 40.044, 38.846, 37.409, 35.237, 33.442, 32.291, 31.633, 31.167, 29.98, 27.882, 25.002, 22.601, 22.138, 21.741, 15.653, 6.759, 0.0, 6.643, 13.401, 18.612, 23.154, 25.856, 27.341, 28.111, 30.503, 35.501, 39.179, 39.583, 40.518, 41.876, 42.89, 43.78, 44.58, 45.501, 46.584, 47.488, 48.902, 51.278, 53.623, 54.414, 54.645, 55.327, 56.235, 57.555, 59.071, 61.08, 63.49, 65.128, 65.976, 65.944, 65.314, 65.566, 66.19, 66.533, 67.401, 69.455, 71.86, 72.955, 73.167, 72.861, 69.952, 65.55, 63.583, 64.829, 66.531, 67.642, 67.612, 66.817, 66.076, 65.185, 64.103, 63.81, 64.56, 65.366, 65.773], [45.227, 43.584, 42.07, 42.018, 42.084, 41.322, 40.508, 40.2, 41.27, 42.901, 42.823, 42.01, 40.951, 39.636, 37.463, 35.582, 34.432, 33.779, 33.233, 32.03, 30.006, 27.187, 24.916, 24.598, 24.087, 18.444, 11.479, 6.643, 0.0, 8.017, 14.466, 19.787, 22.925, 24.808, 25.851, 28.462, 33.627, 37.362, 37.816, 38.892, 40.311, 41.443, 42.469, 43.32, 44.309, 45.498, 46.524, 48.13, 50.715, 53.271, 54.148, 54.302, 54.952, 55.94, 57.438, 59.146, 61.251, 63.665, 65.315, 66.165, 66.16, 65.681, 66.139, 66.866, 67.218, 68.109, 70.203, 72.626, 73.754, 74.024, 73.801, 70.984, 66.666, 64.772, 66.004, 67.626, 68.7, 68.675, 67.874, 67.113, 66.189, 65.044, 64.686, 65.405, 66.227, 66.685], [48.507, 46.934, 45.433, 45.261, 45.302, 44.5, 43.569, 43.05, 43.912, 45.503, 45.53, 44.797, 43.879, 42.669, 40.413, 38.345, 37.163, 36.476, 35.807, 34.549, 32.523, 29.85, 27.705, 27.121, 26.267, 21.291, 16.257, 13.401, 8.017, 0.0, 7.993, 15.001, 18.878, 21.501, 23.052, 25.868, 31.161, 34.967, 35.37, 36.56, 38.112, 39.364, 40.497, 41.442, 42.553, 43.828, 44.913, 46.757, 49.693, 52.624, 53.648, 53.666, 54.224, 55.29, 56.968, 58.756, 60.806, 63.175, 64.849, 65.691, 65.657, 65.267, 65.936, 66.817, 67.204, 68.142, 70.346, 72.867, 74.078, 74.439, 74.337, 71.735, 67.753, 66.098, 67.35, 68.927, 69.978, 69.929, 69.086, 68.304, 67.373, 66.144, 65.619, 66.243, 67.096, 67.62], [51.638, 50.096, 48.537, 48.105, 48.088, 47.304, 46.051, 44.999, 45.727, 47.483, 47.596, 46.927, 46.083, 44.871, 42.475, 40.283, 39.034, 38.273, 37.562, 36.255, 34.176, 31.788, 29.869, 28.704, 27.343, 23.355, 20.269, 18.612, 14.466, 7.993, 0.0, 8.486, 13.847, 17.537, 19.66, 22.627, 28.014, 32.197, 32.576, 33.745, 35.542, 37.004, 38.279, 39.332, 40.524, 41.798, 42.812, 44.754, 47.959, 51.214, 52.487, 52.522, 52.982, 54.034, 55.752, 57.511, 59.445, 61.777, 63.508, 64.312, 64.196, 63.802, 64.571, 65.57, 66.019, 66.989, 69.283, 71.951, 73.296, 73.773, 73.797, 71.37, 67.714, 66.381, 67.733, 69.333, 70.395, 70.257, 69.268, 68.429, 67.522, 66.288, 65.658, 66.182, 67.012, 67.556], [54.616, 53.046, 51.414, 50.737, 50.651, 49.976, 48.443, 46.912, 47.581, 49.509, 49.731, 49.143, 48.336, 47.089, 44.581, 42.275, 40.955, 40.178, 39.528, 38.205, 36.109, 34.026, 32.393, 30.908, 29.019, 25.683, 24.109, 23.154, 19.787, 15.001, 8.486, 0.0, 7.466, 12.792, 15.702, 18.966, 24.713, 29.61, 30.095, 31.189, 33.229, 34.92, 36.379, 37.497, 38.655, 39.812, 40.626, 42.513, 45.912, 49.479, 51.081, 51.326, 51.76, 52.705, 54.311, 55.979, 57.809, 60.15, 62.02, 62.898, 62.799, 62.431, 63.272, 64.334, 64.833, 65.861, 68.239, 71.016, 72.469, 73.045, 73.148, 70.742, 67.196, 66.096, 67.563, 69.204, 70.298, 70.054, 68.886, 67.97, 67.076, 65.856, 65.175, 65.628, 66.376, 66.864], [56.727, 55.15, 53.438, 52.647, 52.538, 51.919, 50.291, 48.662, 49.44, 51.478, 51.778, 51.254, 50.464, 49.208, 46.636, 44.162, 42.759, 42.044, 41.482, 40.172, 38.005, 35.917, 34.34, 32.738, 30.423, 27.167, 26.341, 25.856, 22.925, 18.878, 13.847, 7.466, 0.0, 6.621, 10.865, 14.932, 21.708, 27.408, 28.017, 29.228, 31.517, 33.362, 34.92, 36.018, 37.079, 38.109, 38.883, 40.874, 44.51, 48.459, 50.417, 50.886, 51.363, 52.172, 53.596, 55.13, 56.886, 59.327, 61.445, 62.536, 62.548, 62.211, 63.082, 64.171, 64.659, 65.759, 68.363, 71.3, 72.803, 73.418, 73.553, 71.128, 67.545, 66.498, 68.008, 69.664, 70.77, 70.427, 69.105, 68.105, 67.159, 65.873, 65.115, 65.52, 66.186, 66.58], [57.826, 56.337, 54.627, 53.795, 53.673, 53.107, 51.51, 49.884, 50.838, 53.03, 53.35, 52.825, 52.038, 50.775, 48.192, 45.71, 44.232, 43.466, 42.959, 41.754, 39.557, 37.242, 35.387, 33.34, 30.594, 27.574, 27.472, 27.341, 24.808, 21.501, 17.537, 12.792, 6.621, 0.0, 5.462, 10.796, 18.868, 25.242, 25.939, 27.342, 29.908, 31.817, 33.449, 34.446, 35.276, 36.191, 37.056, 39.257, 43.042, 47.199, 49.521, 50.314, 50.887, 51.607, 52.874, 54.274, 55.914, 58.399, 60.721, 61.953, 62.042, 61.779, 62.723, 63.851, 64.35, 65.519, 68.399, 71.66, 73.318, 73.997, 74.187, 71.82, 68.29, 67.312, 68.829, 70.461, 71.563, 71.202, 69.848, 68.833, 67.854, 66.49, 65.622, 65.953, 66.551, 66.875], [57.748, 56.414, 54.816, 53.986, 53.811, 53.282, 51.776, 50.2, 51.307, 53.62, 53.947, 53.397, 52.591, 51.316, 48.742, 46.34, 44.843, 43.979, 43.453, 42.321, 40.133, 37.589, 35.493, 33.195, 30.238, 27.477, 27.968, 28.111, 25.851, 23.052, 19.66, 15.702, 10.865, 5.462, 0.0, 6.472, 15.789, 22.771, 23.679, 25.332, 28.123, 30.007, 31.637, 32.523, 33.109, 34.0, 35.014, 37.387, 41.23, 45.446, 47.991, 49.08, 49.758, 50.452, 51.632, 52.942, 54.447, 56.885, 59.309, 60.609, 60.743, 60.547, 61.571, 62.743, 63.269, 64.488, 67.511, 71.021, 72.867, 73.643, 73.916, 71.669, 68.279, 67.368, 68.846, 70.413, 71.484, 71.153, 69.865, 68.897, 67.92, 66.5, 65.523, 65.766, 66.341, 66.655], [58.376, 57.358, 56.157, 55.418, 55.136, 54.653, 53.293, 51.756, 52.833, 55.126, 55.496, 54.965, 54.148, 52.805, 50.17, 47.789, 46.333, 45.463, 44.926, 43.85, 41.749, 39.147, 36.926, 34.535, 31.623, 29.289, 30.177, 30.503, 28.462, 25.868, 22.627, 18.966, 14.932, 10.796, 6.472, 0.0, 10.099, 17.863, 19.256, 21.648, 24.891, 26.799, 28.421, 29.285, 29.87, 31.028, 32.488, 35.391, 39.595, 44.034, 46.78, 48.036, 48.75, 49.443, 50.621, 51.886, 53.282, 55.699, 58.207, 59.535, 59.668, 59.489, 60.53, 61.71, 62.254, 63.504, 66.6, 70.229, 72.188, 73.055, 73.436, 71.397, 68.318, 67.561, 68.971, 70.438, 71.443, 71.106, 69.846, 68.912, 67.95, 66.494, 65.397, 65.514, 66.056, 66.398], [60.442, 59.917, 59.482, 59.044, 58.646, 58.315, 57.312, 55.795, 56.48, 58.476, 58.911, 58.451, 57.645, 56.218, 53.568, 51.33, 50.059, 49.277, 48.789, 47.853, 46.003, 43.45, 41.056, 38.623, 36.076, 34.283, 35.17, 35.501, 33.627, 31.161, 28.014, 24.713, 21.708, 18.868, 15.789, 10.099, 0.0, 8.76, 11.626, 16.244, 20.233, 22.181, 23.863, 24.771, 25.611, 27.55, 30.068, 34.088, 38.952, 43.602, 46.36, 47.551, 48.211, 48.974, 50.311, 51.632, 53.011, 55.436, 57.901, 59.131, 59.202, 59.043, 60.079, 61.228, 61.771, 63.013, 66.124, 69.808, 71.833, 72.785, 73.319, 71.67, 69.208, 68.738, 69.999, 71.293, 72.196, 71.875, 70.699, 69.829, 68.891, 67.382, 66.11, 66.04, 66.572, 67.002], [62.101, 61.898, 62.008, 61.941, 61.558, 61.312, 60.66, 59.296, 59.594, 61.195, 61.632, 61.224, 60.418, 58.939, 56.351, 54.276, 53.209, 52.551, 52.13, 51.336, 49.695, 47.164, 44.631, 42.334, 40.294, 38.674, 39.039, 39.179, 37.362, 34.967, 32.197, 29.61, 27.408, 25.242, 22.771, 17.863, 8.76, 0.0, 6.121, 14.154, 18.276, 19.928, 21.618, 22.699, 24.053, 26.895, 30.434, 35.312, 40.543, 45.106, 47.485, 48.277, 48.813, 49.682, 51.223, 52.66, 54.187, 56.733, 59.046, 60.134, 60.184, 60.046, 61.026, 62.101, 62.617, 63.812, 66.82, 70.406, 72.381, 73.344, 73.98, 72.675, 70.682, 70.356, 71.443, 72.587, 73.399, 73.133, 72.122, 71.354, 70.445, 68.905, 67.533, 67.36, 67.935, 68.489], [62.249, 62.039, 62.168, 62.185, 61.899, 61.639, 60.909, 59.501, 59.694, 61.172, 61.579, 61.193, 60.406, 58.909, 56.293, 54.185, 53.119, 52.489, 52.111, 51.34, 49.691, 47.222, 44.788, 42.595, 40.715, 39.177, 39.441, 39.583, 37.816, 35.37, 32.576, 30.095, 28.017, 25.939, 23.679, 19.256, 11.626, 6.121, 0.0, 9.483, 14.485, 16.695, 18.79, 20.079, 21.724, 24.793, 28.5, 33.685, 39.112, 43.704, 46.024, 46.699, 47.17, 47.974, 49.425, 50.825, 52.432, 55.106, 57.466, 58.555, 58.643, 58.588, 59.679, 60.845, 61.433, 62.679, 65.744, 69.367, 71.345, 72.335, 73.041, 71.834, 70.042, 69.952, 71.105, 72.228, 73.042, 72.76, 71.731, 70.988, 70.122, 68.613, 67.251, 67.069, 67.634, 68.223], [61.964, 61.704, 61.769, 61.708, 61.467, 61.291, 60.501, 58.991, 59.085, 60.455, 60.85, 60.5, 59.77, 58.347, 55.806, 53.756, 52.692, 52.084, 51.795, 51.07, 49.461, 47.144, 44.918, 42.933, 41.217, 39.887, 40.294, 40.518, 38.892, 36.56, 33.745, 31.189, 29.228, 27.342, 25.332, 21.648, 16.244, 14.154, 9.483, 0.0, 6.87, 11.133, 13.955, 15.213, 16.897, 19.928, 23.403, 28.802, 34.467, 39.151, 41.601, 42.407, 42.915, 43.624, 44.916, 46.214, 47.832, 50.629, 53.175, 54.362, 54.514, 54.647, 56.02, 57.405, 58.128, 59.485, 62.692, 66.43, 68.462, 69.52, 70.357, 69.289, 67.916, 68.375, 69.693, 70.77, 71.61, 71.314, 70.23, 69.544, 68.792, 67.359, 66.003, 65.809, 66.363, 66.926], [62.021, 61.787, 61.894, 61.815, 61.558, 61.471, 60.895, 59.575, 59.61, 60.862, 61.272, 60.962, 60.288, 58.997, 56.651, 54.749, 53.755, 53.232, 53.048, 52.419, 50.962, 48.75, 46.478, 44.51, 42.885, 41.544, 41.751, 41.876, 40.311, 38.112, 35.542, 33.229, 31.517, 29.908, 28.123, 24.891, 20.233, 18.276, 14.485, 6.87, 0.0, 6.023, 9.985, 11.61, 14.024, 17.531, 20.878, 26.331, 32.209, 36.978, 39.336, 40.037, 40.543, 41.316, 42.783, 44.156, 45.861, 48.857, 51.499, 52.769, 53.001, 53.266, 54.752, 56.212, 56.992, 58.38, 61.579, 65.303, 67.342, 68.423, 69.322, 68.393, 67.309, 68.017, 69.358, 70.386, 71.217, 70.966, 69.974, 69.372, 68.688, 67.287, 65.903, 65.684, 66.267, 66.843], [61.899, 61.754, 61.947, 61.848, 61.545, 61.509, 61.132, 60.036, 60.145, 61.374, 61.794, 61.513, 60.863, 59.656, 57.474, 55.697, 54.734, 54.242, 54.112, 53.528, 52.166, 50.015, 47.603, 45.403, 43.694, 42.445, 42.711, 42.89, 41.443, 39.364, 37.004, 34.92, 33.362, 31.817, 30.007, 26.799, 22.181, 19.928, 16.695, 11.133, 6.023, 0.0, 5.247, 8.179, 12.012, 16.376, 19.831, 25.223, 31.108, 35.921, 38.268, 38.926, 39.395, 40.229, 41.833, 43.223, 44.941, 48.099, 50.818, 52.13, 52.413, 52.715, 54.199, 55.668, 56.48, 57.883, 61.084, 64.854, 66.944, 68.052, 69.0, 68.192, 67.242, 67.943, 69.247, 70.322, 71.183, 70.988, 70.101, 69.555, 68.893, 67.49, 66.052, 65.795, 66.4, 66.994], [61.585, 61.522, 61.796, 61.675, 61.337, 61.34, 61.07, 60.085, 60.251, 61.479, 61.914, 61.665, 61.026, 59.862, 57.78, 56.097, 55.18, 54.732, 54.626, 54.042, 52.742, 50.665, 48.266, 46.078, 44.42, 43.246, 43.543, 43.78, 42.469, 40.497, 38.279, 36.379, 34.92, 33.449, 31.637, 28.421, 23.863, 21.618, 18.79, 13.955, 9.985, 5.247, 0.0, 4.484, 10.078, 15.328, 19.11, 24.588, 30.404, 35.149, 37.485, 38.143, 38.637, 39.519, 41.129, 42.476, 44.23, 47.503, 50.274, 51.597, 51.885, 52.178, 53.648, 55.12, 55.952, 57.383, 60.602, 64.36, 66.412, 67.486, 68.458, 67.741, 66.904, 67.621, 68.9, 70.009, 70.911, 70.758, 69.912, 69.396, 68.764, 67.384, 65.939, 65.67, 66.291, 66.884], [61.61, 61.569, 61.854, 61.698, 61.353, 61.402, 61.152, 60.167, 60.339, 61.61, 62.088, 61.858, 61.222, 60.065, 58.018, 56.382, 55.482, 55.035, 54.935, 54.373, 53.125, 51.066, 48.695, 46.57, 44.934, 43.833, 44.267, 44.58, 43.32, 41.442, 39.332, 37.497, 36.018, 34.446, 32.523, 29.285, 24.771, 22.699, 20.079, 15.213, 11.61, 8.179, 4.484, 0.0, 6.699, 12.742, 17.259, 23.364, 29.394, 34.165, 36.605, 37.431, 38.004, 38.831, 40.326, 41.582, 43.252, 46.476, 49.297, 50.669, 50.962, 51.281, 52.824, 54.358, 55.231, 56.727, 60.049, 63.893, 65.964, 67.024, 67.994, 67.305, 66.565, 67.372, 68.651, 69.722, 70.635, 70.522, 69.696, 69.196, 68.571, 67.177, 65.707, 65.429, 66.043, 66.602], [61.749, 61.677, 61.883, 61.656, 61.304, 61.412, 61.152, 60.102, 60.31, 61.652, 62.181, 61.995, 61.38, 60.236, 58.225, 56.641, 55.71, 55.171, 55.042, 54.53, 53.316, 51.216, 48.837, 46.688, 44.98, 44.088, 44.97, 45.501, 44.309, 42.553, 40.524, 38.655, 37.079, 35.276, 33.109, 29.87, 25.611, 24.053, 21.724, 16.897, 14.024, 12.012, 10.078, 6.699, 0.0, 6.881, 13.248, 20.94, 27.476, 32.391, 35.159, 36.396, 37.081, 37.791, 39.055, 40.077, 41.412, 44.403, 47.351, 48.851, 49.168, 49.559, 51.261, 52.904, 53.831, 55.437, 58.98, 63.076, 65.302, 66.422, 67.406, 66.704, 66.055, 66.973, 68.248, 69.284, 70.208, 70.14, 69.37, 68.917, 68.291, 66.828, 65.272, 64.962, 65.55, 66.026], [62.332, 62.161, 62.175, 61.804, 61.454, 61.588, 61.229, 60.086, 60.381, 61.821, 62.379, 62.254, 61.715, 60.622, 58.649, 57.081, 56.095, 55.492, 55.362, 54.872, 53.668, 51.613, 49.292, 47.054, 45.191, 44.489, 45.815, 46.584, 45.498, 43.828, 41.798, 39.812, 38.109, 36.191, 34.0, 31.028, 27.55, 26.895, 24.793, 19.928, 17.531, 16.376, 15.328, 12.742, 6.881, 0.0, 8.264, 17.745, 24.976, 30.194, 33.427, 35.168, 35.992, 36.572, 37.585, 38.337, 39.315, 42.145, 45.311, 46.998, 47.385, 47.885, 49.743, 51.483, 52.464, 54.16, 57.863, 62.137, 64.488, 65.661, 66.634, 65.864, 65.298, 66.387, 67.721, 68.78, 69.741, 69.693, 68.962, 68.581, 68.01, 66.543, 64.931, 64.591, 65.135, 65.514], [63.003, 62.698, 62.483, 61.894, 61.514, 61.629, 61.086, 59.848, 60.279, 61.86, 62.435, 62.375, 61.984, 61.068, 59.249, 57.748, 56.727, 56.103, 56.003, 55.524, 54.378, 52.447, 50.237, 47.94, 45.862, 45.075, 46.558, 47.488, 46.524, 44.913, 42.812, 40.626, 38.883, 37.056, 35.014, 32.488, 30.068, 30.434, 28.5, 23.403, 20.878, 19.831, 19.11, 17.259, 13.248, 8.264, 0.0, 10.584, 18.892, 25.028, 29.057, 31.469, 32.536, 33.111, 34.093, 34.736, 35.454, 38.365, 41.934, 43.941, 44.523, 45.216, 47.292, 49.19, 50.273, 52.039, 55.786, 60.153, 62.625, 63.87, 64.855, 64.058, 63.653, 65.008, 66.503, 67.643, 68.673, 68.668, 67.993, 67.721, 67.33, 66.047, 64.5, 64.147, 64.669, 65.035], [63.536, 63.095, 62.676, 61.866, 61.411, 61.515, 60.841, 59.582, 60.197, 61.916, 62.502, 62.507, 62.268, 61.631, 60.173, 58.923, 57.95, 57.318, 57.235, 56.797, 55.793, 54.014, 51.928, 49.731, 47.552, 46.481, 47.889, 48.902, 48.13, 46.757, 44.754, 42.513, 40.874, 39.257, 37.387, 35.391, 34.088, 35.312, 33.685, 28.802, 26.331, 25.223, 24.588, 23.364, 20.94, 17.745, 10.584, 0.0, 9.469, 17.249, 22.591, 26.055, 27.535, 28.219, 29.322, 30.013, 30.567, 33.675, 37.777, 40.224, 41.112, 42.064, 44.394, 46.49, 47.701, 49.523, 53.237, 57.634, 60.213, 61.529, 62.546, 61.784, 61.566, 63.159, 64.801, 65.986, 67.072, 67.163, 66.617, 66.474, 66.321, 65.385, 64.072, 63.781, 64.319, 64.735], [64.077, 63.583, 63.054, 62.077, 61.537, 61.693, 61.032, 59.842, 60.593, 62.343, 62.906, 62.933, 62.759, 62.314, 61.244, 60.384, 59.537, 58.901, 58.853, 58.513, 57.725, 56.095, 54.036, 51.947, 49.934, 48.905, 50.273, 51.278, 50.715, 49.693, 47.959, 45.912, 44.51, 43.042, 41.23, 39.595, 38.952, 40.543, 39.112, 34.467, 32.209, 31.108, 30.404, 29.394, 27.476, 24.976, 18.892, 9.469, 0.0, 9.026, 15.989, 20.844, 22.841, 23.615, 24.797, 25.699, 26.433, 29.873, 34.374, 37.077, 38.173, 39.437, 42.059, 44.334, 45.677, 47.542, 51.179, 55.569, 58.228, 59.605, 60.687, 60.051, 60.095, 61.893, 63.556, 64.659, 65.746, 66.013, 65.738, 65.774, 65.793, 65.145, 64.116, 63.958, 64.568, 65.054], [64.369, 63.895, 63.373, 62.339, 61.756, 62.007, 61.473, 60.388, 61.114, 62.73, 63.221, 63.211, 63.011, 62.633, 61.864, 61.424, 60.774, 60.155, 60.157, 59.942, 59.379, 57.847, 55.739, 53.833, 52.26, 51.493, 52.723, 53.623, 53.271, 52.624, 51.214, 49.479, 48.459, 47.199, 45.446, 44.034, 43.602, 45.106, 43.704, 39.151, 36.978, 35.921, 35.149, 34.165, 32.391, 30.194, 25.028, 17.249, 9.026, 0.0, 8.485, 15.066, 17.744, 18.595, 19.949, 21.457, 23.075, 27.162, 31.678, 34.23, 35.372, 36.993, 39.964, 42.417, 43.915, 45.805, 49.287, 53.62, 56.327, 57.761, 58.935, 58.497, 58.916, 60.945, 62.559, 63.522, 64.572, 65.071, 65.174, 65.436, 65.576, 65.099, 64.296, 64.31, 65.082, 65.677], [63.534, 63.106, 62.696, 61.775, 61.215, 61.541, 61.224, 60.301, 60.813, 62.133, 62.556, 62.509, 62.257, 61.901, 61.317, 61.148, 60.725, 60.203, 60.229, 60.082, 59.681, 58.223, 56.175, 54.705, 53.722, 53.001, 53.736, 54.414, 54.148, 53.648, 52.487, 51.081, 50.417, 49.521, 47.991, 46.78, 46.36, 47.485, 46.024, 41.601, 39.336, 38.268, 37.485, 36.605, 35.159, 33.427, 29.057, 22.591, 15.989, 8.485, 0.0, 7.823, 11.554, 13.042, 15.46, 18.309, 21.532, 26.442, 30.392, 32.398, 33.459, 35.277, 38.399, 40.927, 42.496, 44.327, 47.514, 51.549, 54.138, 55.568, 56.807, 56.566, 57.287, 59.395, 60.925, 61.823, 62.841, 63.516, 63.928, 64.355, 64.563, 64.177, 63.51, 63.695, 64.741, 65.55], [62.729, 62.346, 62.076, 61.323, 60.807, 61.123, 60.937, 60.1, 60.345, 61.379, 61.771, 61.727, 61.473, 61.149, 60.652, 60.579, 60.311, 59.924, 59.983, 59.861, 59.562, 58.205, 56.279, 55.152, 54.614, 53.931, 54.216, 54.645, 54.302, 53.666, 52.522, 51.326, 50.886, 50.314, 49.08, 48.036, 47.551, 48.277, 46.699, 42.407, 40.037, 38.926, 38.143, 37.431, 36.396, 35.168, 31.469, 26.055, 20.844, 15.066, 7.823, 0.0, 4.902, 8.246, 12.927, 17.275, 21.765, 27.177, 30.533, 32.004, 32.868, 34.682, 37.825, 40.397, 41.978, 43.738, 46.709, 50.412, 52.825, 54.246, 55.568, 55.515, 56.421, 58.53, 59.992, 60.896, 61.919, 62.687, 63.247, 63.732, 63.944, 63.557, 62.906, 63.162, 64.428, 65.49], [62.932, 62.573, 62.351, 61.65, 61.151, 61.438, 61.223, 60.331, 60.453, 61.396, 61.773, 61.739, 61.501, 61.184, 60.701, 60.645, 60.407, 60.058, 60.148, 60.049, 59.798, 58.512, 56.632, 55.537, 55.115, 54.609, 54.932, 55.327, 54.952, 54.224, 52.982, 51.76, 51.363, 50.887, 49.758, 48.75, 48.211, 48.813, 47.17, 42.915, 40.543, 39.395, 38.637, 38.004, 37.081, 35.992, 32.536, 27.535, 22.841, 17.744, 11.554, 4.902, 0.0, 4.948, 11.106, 16.052, 20.954, 26.712, 30.068, 31.405, 32.128, 33.884, 37.108, 39.792, 41.425, 43.19, 46.194, 49.915, 52.353, 53.857, 55.316, 55.432, 56.501, 58.68, 60.127, 61.035, 62.077, 62.876, 63.47, 63.966, 64.17, 63.744, 63.024, 63.234, 64.527, 65.687], [63.385, 63.026, 62.769, 62.027, 61.534, 61.817, 61.506, 60.525, 60.635, 61.6, 61.959, 61.927, 61.672, 61.32, 60.846, 60.807, 60.563, 60.217, 60.325, 60.249, 60.043, 58.796, 56.916, 55.807, 55.417, 55.128, 55.723, 56.235, 55.94, 55.29, 54.034, 52.705, 52.172, 51.607, 50.452, 49.443, 48.974, 49.682, 47.974, 43.624, 41.316, 40.229, 39.519, 38.831, 37.791, 36.572, 33.111, 28.219, 23.615, 18.595, 13.042, 8.246, 4.948, 0.0, 6.798, 12.397, 18.151, 24.705, 28.43, 29.877, 30.581, 32.282, 35.62, 38.444, 40.143, 41.913, 45.029, 48.926, 51.461, 53.05, 54.615, 54.866, 56.117, 58.393, 59.829, 60.738, 61.804, 62.615, 63.217, 63.737, 63.966, 63.531, 62.729, 62.864, 64.119, 65.261], [64.036, 63.672, 63.353, 62.552, 62.06, 62.326, 61.881, 60.783, 60.918, 61.933, 62.267, 62.239, 61.951, 61.558, 61.1, 61.078, 60.816, 60.457, 60.581, 60.519, 60.346, 59.157, 57.301, 56.203, 55.853, 55.836, 56.827, 57.555, 57.438, 56.968, 55.752, 54.311, 53.596, 52.874, 51.632, 50.621, 50.311, 51.223, 49.425, 44.916, 42.783, 41.833, 41.129, 40.326, 39.055, 37.585, 34.093, 29.322, 24.797, 19.949, 15.46, 12.927, 11.106, 6.798, 0.0, 6.548, 13.802, 21.537, 25.871, 27.6, 28.399, 30.07, 33.562, 36.547, 38.311, 40.064, 43.321, 47.507, 50.224, 51.917, 53.568, 53.955, 55.436, 57.838, 59.265, 60.18, 61.281, 62.081, 62.651, 63.185, 63.448, 63.016, 62.131, 62.175, 63.37, 64.445], [65.01, 64.661, 64.296, 63.429, 62.911, 63.146, 62.605, 61.421, 61.611, 62.686, 63.012, 63.003, 62.706, 62.288, 61.809, 61.752, 61.436, 61.041, 61.18, 61.121, 60.935, 59.824, 58.016, 56.794, 56.35, 56.589, 58.046, 59.071, 59.146, 58.756, 57.511, 55.979, 55.13, 54.274, 52.942, 51.886, 51.632, 52.66, 50.825, 46.214, 44.156, 43.223, 42.476, 41.582, 40.077, 38.337, 34.736, 30.013, 25.699, 21.457, 18.309, 17.275, 16.052, 12.397, 6.548, 0.0, 8.429, 17.562, 22.788, 25.045, 26.06, 27.728, 31.341, 34.499, 36.353, 38.166, 41.659, 46.21, 49.163, 50.963, 52.693, 53.276, 55.138, 57.721, 59.123, 60.03, 61.166, 61.945, 62.463, 62.996, 63.271, 62.805, 61.793, 61.721, 62.839, 63.822], [67.008, 66.663, 66.238, 65.277, 64.712, 64.91, 64.271, 63.014, 63.358, 64.564, 64.892, 64.9, 64.62, 64.208, 63.683, 63.528, 63.085, 62.586, 62.706, 62.611, 62.311, 61.24, 59.569, 58.163, 57.383, 57.729, 59.712, 61.08, 61.251, 60.806, 59.445, 57.809, 56.886, 55.914, 54.447, 53.282, 53.011, 54.187, 52.432, 47.832, 45.861, 44.941, 44.23, 43.252, 41.412, 39.315, 35.454, 30.567, 26.433, 23.075, 21.532, 21.765, 20.954, 18.151, 13.802, 8.429, 0.0, 10.326, 17.035, 20.436, 21.992, 24.025, 28.121, 31.634, 33.705, 35.832, 39.864, 45.063, 48.48, 50.49, 52.296, 52.867, 54.911, 57.75, 59.175, 60.019, 61.202, 61.978, 62.448, 62.972, 63.194, 62.59, 61.368, 61.142, 62.162, 63.061], [69.367, 69.049, 68.623, 67.646, 67.066, 67.265, 66.61, 65.345, 65.742, 66.942, 67.234, 67.216, 66.908, 66.511, 66.007, 65.812, 65.292, 64.706, 64.789, 64.637, 64.213, 63.131, 61.638, 60.334, 59.474, 59.758, 61.947, 63.49, 63.665, 63.175, 61.777, 60.15, 59.327, 58.399, 56.885, 55.699, 55.436, 56.733, 55.106, 50.629, 48.857, 48.099, 47.503, 46.476, 44.403, 42.145, 38.365, 33.675, 29.873, 27.162, 26.442, 27.177, 26.712, 24.705, 21.537, 17.562, 10.326, 0.0, 8.318, 13.445, 16.034, 19.083, 24.192, 28.254, 30.661, 33.222, 37.792, 43.617, 47.523, 49.744, 51.561, 51.867, 53.929, 57.108, 58.571, 59.29, 60.535, 61.363, 61.847, 62.391, 62.524, 61.747, 60.35, 60.014, 60.991, 61.872], [70.287, 70.045, 69.719, 68.827, 68.271, 68.532, 68.017, 66.822, 67.07, 68.068, 68.293, 68.226, 67.828, 67.396, 66.971, 66.873, 66.43, 65.874, 65.961, 65.807, 65.375, 64.276, 62.828, 61.785, 61.292, 61.636, 63.648, 65.128, 65.315, 64.849, 63.508, 62.02, 61.445, 60.721, 59.309, 58.207, 57.901, 59.046, 57.466, 53.175, 51.499, 50.818, 50.274, 49.297, 47.351, 45.311, 41.934, 37.777, 34.374, 31.678, 30.392, 30.533, 30.068, 28.43, 25.871, 22.788, 17.035, 8.318, 0.0, 6.381, 10.457, 15.018, 21.147, 25.696, 28.401, 31.1, 35.67, 41.653, 45.747, 48.032, 49.842, 50.167, 52.614, 56.065, 57.457, 58.096, 59.364, 60.317, 60.98, 61.616, 61.74, 60.925, 59.478, 59.111, 60.198, 61.191], [70.495, 70.328, 70.088, 69.234, 68.693, 69.025, 68.595, 67.394, 67.537, 68.42, 68.6, 68.499, 68.0