[[0.0, 7.7, 14.406, 18.234, 20.339, 22.631, 23.35, 24.15, 25.506, 27.96, 29.673, 30.066, 29.99, 29.988, 30.5, 30.416, 30.842, 32.741, 33.918, 34.308, 35.455, 36.177, 37.706, 40.453, 41.606, 43.129, 45.906, 49.385, 50.605, 51.607, 55.244, 58.951, 61.39, 63.561, 65.825, 67.669, 69.157, 70.289, 71.999, 73.046, 73.709, 74.142, 74.458, 74.554, 74.571, 74.52, 74.938, 76.566, 76.902, 77.023, 77.505, 77.378, 76.978, 76.765, 76.818, 77.91, 77.757, 76.642, 75.789, 76.502, 75.755, 73.095, 72.657, 72.833, 73.305, 73.515, 73.059, 72.464, 72.685, 72.941, 72.397, 69.994, 67.515, 66.549, 65.732, 65.179, 65.934, 67.244, 69.659, 69.489, 67.477, 66.421, 66.185, 66.527, 66.776, 67.392], [7.7, 0.0, 8.509, 13.501, 15.863, 18.07, 18.683, 19.389, 20.696, 23.386, 25.4, 25.978, 26.082, 25.929, 26.345, 26.277, 26.816, 28.971, 30.261, 30.794, 32.175, 33.107, 34.79, 37.528, 38.497, 39.891, 42.699, 46.294, 47.572, 48.522, 52.047, 55.688, 58.175, 60.561, 63.2, 65.43, 67.204, 68.428, 70.2, 71.329, 72.072, 72.548, 72.879, 73.006, 73.027, 72.992, 73.418, 75.106, 75.471, 75.615, 76.096, 75.913, 75.42, 75.177, 75.254, 76.39, 76.24, 75.101, 74.208, 74.976, 74.331, 71.665, 71.233, 71.451, 71.95, 72.164, 71.716, 71.168, 71.482, 71.819, 71.296, 68.877, 66.363, 65.367, 64.566, 63.98, 64.611, 65.82, 68.199, 68.045, 66.043, 64.934, 64.656, 65.007, 65.269, 65.959], [14.406, 8.509, 0.0, 6.108, 10.16, 13.21, 14.132, 15.169, 16.714, 19.928, 21.996, 22.615, 22.962, 23.064, 23.498, 23.211, 23.723, 25.997, 27.395, 28.068, 29.776, 30.884, 32.473, 35.053, 36.058, 37.68, 40.723, 44.462, 45.754, 46.754, 50.271, 53.821, 56.209, 58.396, 60.964, 63.541, 65.823, 67.301, 69.101, 70.256, 70.992, 71.429, 71.72, 71.859, 71.922, 71.88, 72.288, 73.954, 74.326, 74.455, 74.904, 74.7, 74.157, 73.843, 73.829, 74.889, 74.718, 73.553, 72.658, 73.424, 72.737, 70.023, 69.553, 69.765, 70.28, 70.525, 70.076, 69.52, 69.879, 70.238, 69.669, 67.217, 64.66, 63.611, 62.814, 62.26, 62.96, 64.216, 66.564, 66.374, 64.421, 63.357, 63.098, 63.442, 63.69, 64.401], [18.234, 13.501, 6.108, 0.0, 6.016, 10.151, 11.437, 12.77, 14.689, 18.177, 20.018, 20.593, 21.239, 21.74, 22.229, 21.715, 22.193, 24.576, 26.046, 26.778, 28.65, 29.847, 31.285, 33.636, 34.666, 36.476, 39.671, 43.475, 44.775, 45.859, 49.446, 52.956, 55.245, 57.224, 59.648, 62.326, 64.904, 66.678, 68.572, 69.695, 70.359, 70.756, 71.024, 71.168, 71.275, 71.234, 71.604, 73.216, 73.577, 73.71, 74.144, 73.928, 73.383, 73.006, 72.881, 73.868, 73.678, 72.462, 71.518, 72.238, 71.507, 68.73, 68.208, 68.397, 68.925, 69.182, 68.716, 68.142, 68.507, 68.858, 68.267, 65.765, 63.188, 62.218, 61.505, 60.992, 61.766, 63.125, 65.506, 65.296, 63.355, 62.316, 62.072, 62.411, 62.651, 63.352], [20.339, 15.863, 10.16, 6.016, 0.0, 5.065, 7.077, 8.746, 11.934, 16.084, 17.937, 18.67, 19.715, 20.337, 20.816, 20.232, 20.688, 23.325, 24.876, 25.634, 27.552, 28.831, 30.292, 32.392, 33.14, 34.773, 37.923, 41.769, 43.117, 44.262, 47.926, 51.489, 53.829, 55.912, 58.466, 61.152, 63.737, 65.665, 67.709, 68.766, 69.327, 69.732, 70.008, 70.136, 70.231, 70.211, 70.549, 72.16, 72.514, 72.715, 73.191, 72.923, 72.372, 71.945, 71.725, 72.712, 72.548, 71.254, 70.171, 70.872, 70.249, 67.441, 66.923, 67.121, 67.679, 67.926, 67.478, 66.957, 67.335, 67.689, 67.131, 64.543, 61.972, 61.292, 60.803, 60.333, 61.081, 62.523, 64.988, 64.749, 62.707, 61.588, 61.329, 61.684, 61.924, 62.627], [22.631, 18.07, 13.21, 10.151, 5.065, 0.0, 3.011, 5.672, 10.338, 15.142, 17.246, 18.17, 19.549, 20.122, 20.521, 20.091, 20.588, 23.394, 24.993, 25.765, 27.681, 29.022, 30.546, 32.407, 32.797, 34.134, 37.15, 40.971, 42.373, 43.603, 47.264, 50.803, 53.206, 55.488, 58.235, 60.984, 63.572, 65.509, 67.59, 68.644, 69.207, 69.629, 69.919, 70.039, 70.113, 70.128, 70.435, 72.047, 72.401, 72.653, 73.171, 72.887, 72.315, 71.867, 71.618, 72.603, 72.449, 71.135, 69.963, 70.654, 70.174, 67.373, 66.837, 67.032, 67.634, 67.915, 67.511, 67.065, 67.458, 67.807, 67.278, 64.641, 62.096, 61.574, 61.164, 60.715, 61.374, 62.787, 65.264, 65.011, 62.907, 61.692, 61.406, 61.79, 62.038, 62.753], [23.35, 18.683, 14.132, 11.437, 7.077, 3.011, 0.0, 3.549, 8.91, 14.071, 16.489, 17.498, 18.971, 19.496, 19.855, 19.513, 20.116, 23.063, 24.697, 25.479, 27.382, 28.767, 30.367, 32.23, 32.614, 33.945, 36.955, 40.779, 42.232, 43.468, 47.063, 50.557, 52.989, 55.387, 58.245, 61.04, 63.66, 65.629, 67.75, 68.857, 69.475, 69.925, 70.238, 70.375, 70.441, 70.468, 70.773, 72.391, 72.754, 73.013, 73.535, 73.262, 72.686, 72.254, 72.055, 73.068, 72.906, 71.595, 70.4, 71.098, 70.67, 67.878, 67.34, 67.533, 68.166, 68.466, 68.072, 67.645, 68.048, 68.405, 67.894, 65.259, 62.705, 62.132, 61.673, 61.189, 61.776, 63.127, 65.587, 65.348, 63.235, 61.977, 61.665, 62.057, 62.312, 63.034], [24.15, 19.389, 15.169, 12.77, 8.746, 5.672, 3.549, 0.0, 6.255, 11.851, 14.646, 15.919, 17.576, 18.091, 18.435, 18.108, 18.864, 22.055, 23.74, 24.54, 26.444, 27.86, 29.536, 31.422, 31.853, 33.255, 36.28, 40.108, 41.59, 42.795, 46.349, 49.84, 52.289, 54.752, 57.698, 60.546, 63.196, 65.209, 67.381, 68.509, 69.154, 69.645, 70.008, 70.181, 70.242, 70.26, 70.568, 72.202, 72.57, 72.832, 73.348, 73.059, 72.481, 72.064, 71.915, 72.979, 72.823, 71.497, 70.276, 70.989, 70.6, 67.836, 67.334, 67.545, 68.179, 68.465, 68.064, 67.627, 68.041, 68.42, 67.911, 65.279, 62.716, 62.129, 61.671, 61.151, 61.666, 62.974, 65.435, 65.212, 63.08, 61.798, 61.472, 61.864, 62.126, 62.859], [25.506, 20.696, 16.714, 14.689, 11.934, 10.338, 8.91, 6.255, 0.0, 6.479, 10.638, 12.591, 14.492, 15.15, 15.449, 15.128, 16.398, 19.927, 21.741, 22.611, 24.503, 25.945, 27.79, 30.07, 31.115, 33.132, 36.435, 40.284, 41.794, 42.936, 46.464, 49.97, 52.38, 54.785, 57.754, 60.726, 63.516, 65.651, 67.949, 69.221, 69.955, 70.469, 70.923, 71.226, 71.323, 71.306, 71.637, 73.298, 73.678, 73.901, 74.376, 74.091, 73.492, 73.129, 73.137, 74.282, 74.114, 72.796, 71.591, 72.286, 71.813, 69.102, 68.649, 68.86, 69.461, 69.723, 69.295, 68.811, 69.249, 69.661, 69.103, 66.502, 63.88, 62.998, 62.324, 61.697, 62.189, 63.421, 65.802, 65.604, 63.513, 62.255, 61.931, 62.3, 62.559, 63.3], [27.96, 23.386, 19.928, 18.177, 16.084, 15.142, 14.071, 11.851, 6.479, 0.0, 5.963, 8.921, 11.381, 12.332, 12.519, 12.526, 14.643, 18.385, 20.248, 21.143, 22.756, 24.027, 25.834, 28.16, 29.534, 32.011, 35.542, 39.423, 41.007, 42.096, 45.569, 49.057, 51.383, 53.703, 56.705, 59.775, 62.685, 64.981, 67.465, 68.889, 69.693, 70.226, 70.794, 71.31, 71.53, 71.506, 71.846, 73.515, 73.898, 74.093, 74.537, 74.258, 73.631, 73.306, 73.466, 74.728, 74.578, 73.259, 72.047, 72.753, 72.244, 69.516, 69.054, 69.235, 69.816, 70.107, 69.694, 69.193, 69.661, 70.102, 69.521, 66.972, 64.368, 63.329, 62.538, 61.85, 62.279, 63.39, 65.67, 65.51, 63.48, 62.248, 61.914, 62.245, 62.485, 63.216], [29.673, 25.4, 21.996, 20.018, 17.937, 17.246, 16.489, 14.646, 10.638, 5.963, 0.0, 4.696, 8.631, 10.529, 10.951, 10.968, 13.614, 17.401, 19.264, 20.124, 21.654, 22.709, 24.229, 26.426, 27.956, 30.84, 34.775, 38.91, 40.593, 41.711, 45.226, 48.68, 50.849, 52.912, 55.81, 58.942, 61.928, 64.309, 66.871, 68.346, 69.149, 69.655, 70.24, 70.908, 71.306, 71.297, 71.612, 73.244, 73.626, 73.829, 74.27, 74.004, 73.36, 73.024, 73.206, 74.522, 74.394, 73.066, 71.862, 72.566, 71.95, 69.11, 68.522, 68.611, 69.169, 69.52, 69.16, 68.676, 69.152, 69.576, 68.952, 66.405, 63.874, 62.909, 62.176, 61.555, 62.09, 63.26, 65.491, 65.311, 63.334, 62.16, 61.847, 62.156, 62.373, 63.065], [30.066, 25.978, 22.615, 20.593, 18.67, 18.17, 17.498, 15.919, 12.591, 8.921, 4.696, 0.0, 5.087, 8.181, 9.0, 9.306, 12.303, 16.04, 17.808, 18.66, 20.298, 21.433, 22.901, 25.161, 27.034, 30.239, 34.298, 38.46, 40.188, 41.338, 44.786, 48.145, 50.217, 52.179, 55.064, 58.267, 61.281, 63.651, 66.259, 67.851, 68.718, 69.209, 69.775, 70.445, 70.887, 70.956, 71.351, 73.019, 73.418, 73.599, 74.036, 73.789, 73.152, 72.853, 73.053, 74.332, 74.159, 72.808, 71.58, 72.248, 71.574, 68.686, 68.03, 68.067, 68.608, 68.995, 68.674, 68.206, 68.67, 69.073, 68.418, 65.886, 63.344, 62.264, 61.492, 60.883, 61.429, 62.591, 64.775, 64.593, 62.655, 61.494, 61.17, 61.463, 61.672, 62.354], [29.99, 26.082, 22.962, 21.239, 19.715, 19.549, 18.971, 17.576, 14.492, 11.381, 8.631, 5.087, 0.0, 4.716, 6.229, 7.004, 11.069, 14.843, 16.375, 17.32, 19.113, 20.334, 22.05, 24.721, 27.117, 30.671, 34.815, 38.96, 40.721, 41.756, 45.048, 48.383, 50.474, 52.408, 55.261, 58.498, 61.517, 63.826, 66.467, 68.183, 69.119, 69.602, 70.142, 70.785, 71.203, 71.311, 71.907, 73.719, 74.149, 74.284, 74.665, 74.398, 73.759, 73.505, 73.763, 75.078, 74.911, 73.583, 72.395, 73.074, 72.317, 69.404, 68.755, 68.792, 69.317, 69.719, 69.424, 68.946, 69.382, 69.766, 69.084, 66.619, 64.064, 62.771, 61.879, 61.237, 61.789, 62.907, 65.029, 64.878, 62.982, 61.857, 61.531, 61.804, 62.018, 62.718], [29.988, 25.929, 23.064, 21.74, 20.337, 20.122, 19.496, 18.091, 15.15, 12.332, 10.529, 8.181, 4.716, 0.0, 2.174, 4.481, 9.54, 13.801, 15.333, 16.366, 18.234, 19.507, 21.495, 24.392, 26.76, 30.233, 34.386, 38.603, 40.406, 41.366, 44.532, 47.837, 50.049, 52.222, 55.236, 58.479, 61.494, 63.748, 66.426, 68.199, 69.188, 69.707, 70.255, 70.87, 71.237, 71.329, 72.004, 73.975, 74.445, 74.597, 74.995, 74.688, 74.017, 73.8, 74.107, 75.497, 75.381, 74.085, 72.888, 73.616, 72.952, 70.076, 69.497, 69.573, 70.093, 70.485, 70.208, 69.755, 70.199, 70.598, 69.929, 67.488, 64.921, 63.592, 62.657, 61.975, 62.407, 63.399, 65.496, 65.393, 63.484, 62.329, 61.992, 62.285, 62.506, 63.254], [30.5, 26.345, 23.498, 22.229, 20.816, 20.521, 19.855, 18.435, 15.449, 12.519, 10.951, 9.0, 6.229, 2.174, 0.0, 3.948, 9.354, 13.81, 15.421, 16.464, 18.263, 19.505, 21.499, 24.338, 26.584, 29.982, 34.123, 38.348, 40.164, 41.13, 44.268, 47.544, 49.786, 52.064, 55.175, 58.442, 61.469, 63.714, 66.393, 68.169, 69.163, 69.691, 70.25, 70.866, 71.216, 71.299, 71.966, 73.962, 74.449, 74.602, 75.0, 74.678, 73.982, 73.764, 74.085, 75.496, 75.39, 74.098, 72.884, 73.613, 72.988, 70.119, 69.554, 69.64, 70.159, 70.555, 70.292, 69.862, 70.328, 70.741, 70.086, 67.656, 65.087, 63.757, 62.826, 62.143, 62.526, 63.461, 65.543, 65.458, 63.55, 62.376, 62.031, 62.328, 62.548, 63.318], [30.416, 26.277, 23.211, 21.715, 20.232, 20.091, 19.513, 18.108, 15.128, 12.526, 10.968, 9.306, 7.004, 4.481, 3.948, 0.0, 6.535, 11.883, 13.876, 15.201, 17.412, 18.804, 20.831, 23.819, 26.261, 29.816, 34.063, 38.369, 40.175, 41.15, 44.376, 47.71, 49.924, 52.118, 55.183, 58.453, 61.506, 63.819, 66.54, 68.294, 69.244, 69.754, 70.293, 70.886, 71.22, 71.286, 71.937, 73.914, 74.399, 74.61, 75.084, 74.774, 74.076, 73.835, 74.104, 75.492, 75.388, 74.073, 72.827, 73.523, 72.869, 69.998, 69.428, 69.506, 70.014, 70.397, 70.132, 69.689, 70.143, 70.544, 69.899, 67.453, 64.866, 63.599, 62.719, 62.056, 62.517, 63.555, 65.68, 65.549, 63.609, 62.44, 62.091, 62.376, 62.599, 63.363], [30.842, 26.816, 23.723, 22.193, 20.688, 20.588, 20.116, 18.864, 16.398, 14.643, 13.614, 12.303, 11.069, 9.54, 9.354, 6.535, 0.0, 6.492, 9.36, 11.272, 14.374, 16.273, 18.271, 21.202, 23.987, 27.891, 32.268, 36.613, 38.412, 39.467, 42.795, 46.144, 48.282, 50.364, 53.423, 56.723, 59.823, 62.225, 65.079, 66.955, 67.98, 68.512, 69.05, 69.611, 69.912, 70.004, 70.629, 72.637, 73.133, 73.461, 74.213, 74.057, 73.413, 73.22, 73.458, 74.766, 74.631, 73.288, 71.927, 72.547, 72.022, 69.237, 68.67, 68.705, 69.192, 69.593, 69.34, 68.919, 69.366, 69.747, 69.127, 66.692, 64.076, 62.803, 61.885, 61.194, 61.659, 62.787, 64.949, 64.77, 62.805, 61.622, 61.282, 61.579, 61.789, 62.515], [32.741, 28.971, 25.997, 24.576, 23.325, 23.394, 23.063, 22.055, 19.927, 18.385, 17.401, 16.04, 14.843, 13.801, 13.81, 11.883, 6.492, 0.0, 3.915, 6.955, 11.122, 13.592, 15.519, 18.355, 21.917, 26.594, 31.271, 35.636, 37.474, 38.446, 41.662, 44.96, 46.975, 48.793, 51.738, 55.149, 58.389, 60.883, 63.916, 66.062, 67.247, 67.802, 68.339, 68.908, 69.229, 69.335, 69.991, 72.041, 72.562, 72.908, 73.816, 73.865, 73.319, 73.233, 73.537, 74.797, 74.627, 73.306, 71.974, 72.565, 72.017, 69.248, 68.624, 68.595, 69.054, 69.474, 69.255, 68.885, 69.374, 69.756, 69.114, 66.756, 64.111, 62.544, 61.418, 60.666, 61.178, 62.351, 64.447, 64.249, 62.354, 61.239, 60.964, 61.276, 61.463, 62.139], [33.918, 30.261, 27.395, 26.046, 24.876, 24.993, 24.697, 23.74, 21.741, 20.248, 19.264, 17.808, 16.375, 15.333, 15.421, 13.876, 9.36, 3.915, 0.0, 4.318, 9.324, 12.23, 14.3, 17.165, 21.175, 26.214, 31.007, 35.388, 37.27, 38.152, 41.202, 44.418, 46.38, 48.094, 50.983, 54.445, 57.731, 60.218, 63.317, 65.609, 66.887, 67.461, 67.992, 68.547, 68.865, 68.969, 69.685, 71.79, 72.328, 72.653, 73.545, 73.669, 73.226, 73.253, 73.632, 74.91, 74.73, 73.406, 72.093, 72.704, 72.102, 69.299, 68.653, 68.609, 69.061, 69.478, 69.275, 68.926, 69.434, 69.818, 69.153, 66.834, 64.176, 62.446, 61.234, 60.461, 60.989, 62.171, 64.233, 64.038, 62.173, 61.086, 60.834, 61.148, 61.33, 61.989], [34.308, 30.794, 28.068, 26.778, 25.634, 25.765, 25.479, 24.54, 22.611, 21.143, 20.124, 18.66, 17.32, 16.366, 16.464, 15.201, 11.272, 6.955, 4.318, 0.0, 5.814, 9.476, 11.878, 15.112, 19.748, 25.293, 30.369, 34.885, 36.8, 37.702, 40.797, 43.985, 45.886, 47.485, 50.296, 53.765, 57.052, 59.45, 62.457, 64.787, 66.102, 66.665, 67.188, 67.74, 68.062, 68.144, 68.873, 71.013, 71.557, 71.867, 72.731, 72.876, 72.525, 72.737, 73.282, 74.607, 74.424, 73.093, 71.769, 72.36, 71.691, 68.852, 68.197, 68.143, 68.578, 69.007, 68.819, 68.498, 69.03, 69.409, 68.714, 66.407, 63.757, 61.993, 60.796, 60.055, 60.632, 61.844, 63.902, 63.708, 61.852, 60.779, 60.56, 60.879, 61.055, 61.695], [35.455, 32.175, 29.776, 28.65, 27.552, 27.681, 27.382, 26.444, 24.503, 22.756, 21.654, 20.298, 19.113, 18.234, 18.263, 17.412, 14.374, 11.122, 9.324, 5.814, 0.0, 4.605, 7.942, 12.032, 17.675, 23.917, 29.315, 33.98, 36.002, 36.872, 39.971, 43.176, 45.039, 46.533, 49.282, 52.769, 56.054, 58.398, 61.381, 63.765, 65.115, 65.677, 66.247, 66.872, 67.245, 67.296, 67.988, 70.133, 70.67, 70.962, 71.782, 71.938, 71.63, 72.03, 72.885, 74.386, 74.241, 72.926, 71.598, 72.187, 71.482, 68.594, 67.914, 67.846, 68.266, 68.706, 68.556, 68.286, 68.861, 69.246, 68.527, 66.236, 63.603, 61.79, 60.592, 59.826, 60.384, 61.575, 63.603, 63.417, 61.578, 60.517, 60.328, 60.647, 60.82, 61.436], [36.177, 33.107, 30.884, 29.847, 28.831, 29.022, 28.767, 27.86, 25.945, 24.027, 22.709, 21.433, 20.334, 19.507, 19.505, 18.804, 16.273, 13.592, 12.23, 9.476, 4.605, 0.0, 4.554, 10.063, 16.609, 23.373, 29.05, 33.918, 36.055, 36.875, 39.981, 43.264, 45.108, 46.466, 49.128, 52.615, 55.873, 58.158, 61.071, 63.393, 64.699, 65.248, 65.857, 66.564, 67.01, 67.03, 67.686, 69.819, 70.352, 70.633, 71.427, 71.597, 71.281, 71.697, 72.697, 74.367, 74.294, 73.001, 71.687, 72.288, 71.547, 68.608, 67.889, 67.799, 68.218, 68.679, 68.55, 68.272, 68.828, 69.197, 68.452, 66.164, 63.569, 61.787, 60.59, 59.801, 60.393, 61.601, 63.614, 63.432, 61.613, 60.58, 60.409, 60.724, 60.886, 61.474], [37.706, 34.79, 32.473, 31.285, 30.292, 30.546, 30.367, 29.536, 27.79, 25.834, 24.229, 22.901, 22.05, 21.495, 21.499, 20.831, 18.271, 15.519, 14.3, 11.878, 7.942, 4.554, 0.0, 6.951, 14.844, 22.283, 28.209, 33.211, 35.42, 36.298, 39.461, 42.719, 44.381, 45.421, 47.946, 51.48, 54.765, 57.056, 59.954, 62.274, 63.568, 64.106, 64.74, 65.515, 66.049, 66.086, 66.718, 68.84, 69.377, 69.668, 70.512, 70.75, 70.457, 70.873, 71.877, 73.593, 73.569, 72.29, 70.978, 71.591, 70.859, 67.898, 67.097, 66.943, 67.355, 67.859, 67.732, 67.419, 67.932, 68.272, 67.484, 65.199, 62.66, 60.93, 59.735, 58.969, 59.657, 60.937, 62.914, 62.709, 60.919, 59.915, 59.77, 60.088, 60.217, 60.741], [40.453, 37.528, 35.053, 33.636, 32.392, 32.407, 32.23, 31.422, 30.07, 28.16, 26.426, 25.161, 24.721, 24.392, 24.338, 23.819, 21.202, 18.355, 17.165, 15.112, 12.032, 10.063, 6.951, 0.0, 9.147, 17.38, 23.54, 28.582, 30.888, 31.864, 35.058, 38.261, 39.791, 40.671, 43.215, 46.839, 50.219, 52.601, 55.616, 58.056, 59.416, 59.986, 60.669, 61.507, 62.127, 62.223, 62.837, 64.975, 65.526, 65.832, 66.751, 67.084, 66.827, 67.274, 68.293, 70.02, 70.053, 68.878, 67.666, 68.338, 67.733, 64.792, 63.948, 63.755, 64.173, 64.782, 64.749, 64.51, 65.066, 65.429, 64.66, 62.408, 59.991, 58.478, 57.48, 56.819, 57.427, 58.71, 60.687, 60.457, 58.669, 57.631, 57.515, 57.889, 57.996, 58.475], [41.606, 38.497, 36.058, 34.666, 33.14, 32.797, 32.614, 31.853, 31.115, 29.534, 27.956, 27.034, 27.117, 26.76, 26.584, 26.261, 23.987, 21.917, 21.175, 19.748, 17.675, 16.609, 14.844, 9.147, 0.0, 8.689, 15.424, 21.079, 23.688, 24.808, 28.311, 31.794, 33.566, 34.85, 37.753, 41.327, 44.65, 47.076, 50.18, 52.622, 54.01, 54.648, 55.374, 56.231, 56.908, 57.065, 57.625, 59.769, 60.327, 60.656, 61.616, 61.993, 61.712, 62.091, 63.054, 64.815, 64.946, 63.972, 63.044, 63.895, 63.556, 60.659, 59.794, 59.648, 60.085, 60.81, 60.921, 60.819, 61.452, 61.896, 61.246, 59.019, 56.782, 55.852, 55.372, 54.902, 55.228, 56.414, 58.526, 58.333, 56.527, 55.391, 55.248, 55.69, 55.817, 56.333], [43.129, 39.891, 37.68, 36.476, 34.773, 34.134, 33.945, 33.255, 33.132, 32.011, 30.84, 30.239, 30.671, 30.233, 29.982, 29.816, 27.891, 26.594, 26.214, 25.293, 23.917, 23.373, 22.283, 17.38, 8.689, 0.0, 7.425, 14.087, 17.167, 18.453, 22.283, 26.12, 28.277, 30.282, 33.718, 37.089, 40.177, 42.634, 45.859, 48.243, 49.653, 50.402, 51.155, 51.966, 52.642, 52.901, 53.407, 55.539, 56.091, 56.486, 57.53, 57.918, 57.626, 57.937, 58.796, 60.578, 60.793, 59.942, 59.245, 60.358, 60.471, 57.747, 56.921, 56.864, 57.318, 58.077, 58.283, 58.284, 58.949, 59.468, 58.986, 56.805, 54.784, 54.562, 54.663, 54.349, 54.326, 55.389, 57.638, 57.483, 55.653, 54.404, 54.186, 54.651, 54.796, 55.353], [45.906, 42.699, 40.723, 39.671, 37.923, 37.15, 36.955, 36.28, 36.435, 35.542, 34.775, 34.298, 34.815, 34.386, 34.123, 34.063, 32.268, 31.271, 31.007, 30.369, 29.315, 29.05, 28.209, 23.54, 15.424, 7.425, 0.0, 7.335, 10.94, 12.467, 16.526, 20.645, 23.093, 25.792, 29.805, 33.01, 35.87, 38.377, 41.727, 44.112, 45.605, 46.482, 47.29, 48.06, 48.674, 49.059, 49.566, 51.687, 52.223, 52.69, 53.873, 54.306, 54.046, 54.374, 55.197, 56.951, 57.177, 56.353, 55.718, 57.02, 57.686, 55.374, 54.76, 54.816, 55.251, 55.998, 56.254, 56.3, 56.962, 57.533, 57.201, 55.15, 53.371, 53.765, 54.367, 54.131, 53.751, 54.701, 57.025, 56.885, 55.043, 53.704, 53.386, 53.805, 53.95, 54.514], [49.385, 46.294, 44.462, 43.475, 41.769, 40.971, 40.779, 40.108, 40.284, 39.423, 38.91, 38.46, 38.96, 38.603, 38.348, 38.369, 36.613, 35.636, 35.388, 34.885, 33.98, 33.918, 33.211, 28.582, 21.079, 14.087, 7.335, 0.0, 4.325, 6.787, 11.175, 15.468, 18.06, 21.252, 25.737, 28.841, 31.536, 34.135, 37.721, 40.332, 42.015, 42.976, 43.809, 44.54, 45.083, 45.566, 46.112, 48.228, 48.749, 49.227, 50.562, 51.111, 50.904, 51.299, 52.169, 53.84, 54.007, 53.204, 52.568, 53.876, 54.998, 53.308, 53.099, 53.281, 53.645, 54.371, 54.646, 54.71, 55.386, 56.003, 55.758, 53.896, 52.318, 53.067, 54.009, 53.821, 53.148, 54.022, 56.344, 56.188, 54.361, 52.999, 52.605, 52.931, 53.065, 53.62], [50.605, 47.572, 45.754, 44.775, 43.117, 42.373, 42.232, 41.59, 41.794, 41.007, 40.593, 40.188, 40.721, 40.406, 40.164, 40.175, 38.412, 37.474, 37.27, 36.8, 36.002, 36.055, 35.42, 30.888, 23.688, 17.167, 10.94, 4.325, 0.0, 4.187, 9.317, 13.703, 16.288, 19.449, 23.881, 26.797, 29.384, 32.047, 35.73, 38.415, 40.156, 41.135, 41.914, 42.574, 43.081, 43.56, 44.107, 46.225, 46.734, 47.216, 48.635, 49.246, 49.057, 49.44, 50.308, 51.959, 52.115, 51.343, 50.752, 52.052, 53.27, 51.976, 52.189, 52.532, 52.83, 53.5, 53.753, 53.809, 54.518, 55.179, 54.941, 53.144, 51.647, 52.587, 53.704, 53.541, 52.783, 53.675, 56.011, 55.823, 54.002, 52.685, 52.295, 52.562, 52.688, 53.251], [51.607, 48.522, 46.754, 45.859, 44.262, 43.603, 43.468, 42.795, 42.936, 42.096, 41.711, 41.338, 41.756, 41.366, 41.13, 41.15, 39.467, 38.446, 38.152, 37.702, 36.872, 36.875, 36.298, 31.864, 24.808, 18.453, 12.467, 6.787, 4.187, 0.0, 6.197, 11.467, 14.428, 17.727, 22.275, 25.235, 27.94, 30.757, 34.669, 37.513, 39.347, 40.395, 41.172, 41.86, 42.372, 42.783, 43.39, 45.569, 46.093, 46.568, 47.913, 48.487, 48.303, 48.724, 49.73, 51.541, 51.755, 51.025, 50.581, 52.054, 53.171, 51.966, 52.436, 52.936, 53.226, 53.807, 54.048, 54.116, 54.865, 55.572, 55.347, 53.639, 52.183, 53.057, 54.166, 53.93, 53.093, 53.923, 56.214, 56.072, 54.336, 53.093, 52.741, 52.989, 53.109, 53.694], [55.244, 52.047, 50.271, 49.446, 47.926, 47.264, 47.063, 46.349, 46.464, 45.569, 45.226, 44.786, 45.048, 44.532, 44.268, 44.376, 42.795, 41.662, 41.202, 40.797, 39.971, 39.981, 39.461, 35.058, 28.311, 22.283, 16.526, 11.175, 9.317, 6.197, 0.0, 5.94, 9.56, 14.023, 19.425, 22.617, 25.514, 28.405, 32.679, 36.01, 38.155, 39.332, 40.16, 40.892, 41.415, 41.884, 42.556, 44.8, 45.375, 45.817, 47.078, 47.644, 47.489, 48.049, 49.246, 51.131, 51.335, 50.627, 50.223, 51.818, 53.043, 51.963, 52.557, 53.16, 53.485, 54.047, 54.346, 54.51, 55.311, 56.05, 55.87, 54.352, 52.995, 53.727, 54.849, 54.575, 53.475, 54.077, 56.227, 56.174, 54.588, 53.361, 52.981, 53.198, 53.319, 53.928], [58.951, 55.688, 53.821, 52.956, 51.489, 50.803, 50.557, 49.84, 49.97, 49.057, 48.68, 48.145, 48.383, 47.837, 47.544, 47.71, 46.144, 44.96, 44.418, 43.985, 43.176, 43.264, 42.719, 38.261, 31.794, 26.12, 20.645, 15.468, 13.703, 11.467, 5.94, 0.0, 4.509, 10.869, 17.185, 20.524, 23.557, 26.417, 30.886, 34.709, 37.179, 38.441, 39.309, 40.062, 40.624, 41.21, 41.878, 44.133, 44.755, 45.165, 46.416, 47.008, 46.88, 47.577, 48.873, 50.694, 50.824, 50.095, 49.619, 51.218, 52.605, 51.683, 52.331, 52.965, 53.311, 53.926, 54.302, 54.558, 55.399, 56.158, 56.002, 54.643, 53.401, 54.067, 55.247, 54.999, 53.699, 54.142, 56.165, 56.152, 54.674, 53.439, 53.034, 53.234, 53.349, 53.962], [61.39, 58.175, 56.209, 55.245, 53.829, 53.206, 52.989, 52.289, 52.38, 51.383, 50.849, 50.217, 50.474, 50.049, 49.786, 49.924, 48.282, 46.975, 46.38, 45.886, 45.039, 45.108, 44.381, 39.791, 33.566, 28.277, 23.093, 18.06, 16.288, 14.428, 9.56, 4.509, 0.0, 7.352, 14.256, 17.89, 21.142, 24.185, 29.018, 33.366, 36.129, 37.427, 38.317, 39.168, 39.868, 40.529, 41.168, 43.367, 43.998, 44.377, 45.683, 46.379, 46.303, 47.116, 48.519, 50.31, 50.368, 49.606, 49.075, 50.633, 52.041, 51.219, 51.878, 52.486, 52.78, 53.42, 53.838, 54.116, 54.958, 55.713, 55.522, 54.265, 53.119, 53.721, 54.912, 54.671, 53.335, 53.791, 55.731, 55.712, 54.344, 53.16, 52.757, 52.923, 53.008, 53.579], [63.561, 60.561, 58.396, 57.224, 55.912, 55.488, 55.387, 54.752, 54.785, 53.703, 52.912, 52.179, 52.408, 52.222, 52.064, 52.118, 50.364, 48.793, 48.094, 47.485, 46.533, 46.466, 45.421, 40.671, 34.85, 30.282, 25.792, 21.252, 19.449, 17.727, 14.023, 10.869, 7.352, 0.0, 7.496, 12.418, 16.876, 20.827, 26.628, 31.841, 34.945, 36.211, 37.037, 38.019, 39.008, 39.643, 40.254, 42.359, 42.97, 43.271, 44.614, 45.544, 45.637, 46.585, 48.155, 50.008, 50.04, 49.296, 48.863, 50.395, 51.532, 50.761, 51.491, 52.083, 52.257, 52.852, 53.235, 53.454, 54.284, 55.01, 54.652, 53.46, 52.332, 52.615, 53.652, 53.379, 52.201, 52.84, 54.689, 54.671, 53.527, 52.564, 52.249, 52.358, 52.382, 52.84], [65.825, 63.2, 60.964, 59.648, 58.466, 58.235, 58.245, 57.698, 57.754, 56.705, 55.81, 55.064, 55.261, 55.236, 55.175, 55.183, 53.423, 51.738, 50.983, 50.296, 49.282, 49.128, 47.946, 43.215, 37.753, 33.718, 29.805, 25.737, 23.881, 22.275, 19.425, 17.185, 14.256, 7.496, 0.0, 6.7, 12.954, 18.173, 24.958, 30.87, 34.222, 35.449, 36.166, 37.186, 38.406, 38.993, 39.544, 41.5, 42.062, 42.272, 43.597, 44.725, 45.002, 46.054, 47.757, 49.661, 49.7, 49.044, 48.83, 50.421, 51.323, 50.685, 51.608, 52.249, 52.344, 52.89, 53.228, 53.405, 54.267, 54.988, 54.47, 53.315, 52.21, 52.276, 53.231, 52.948, 51.89, 52.662, 54.441, 54.414, 53.46, 52.731, 52.524, 52.591, 52.57, 52.927], [67.669, 65.43, 63.541, 62.326, 61.152, 60.984, 61.04, 60.546, 60.726, 59.775, 58.942, 58.267, 58.498, 58.479, 58.442, 58.453, 56.723, 55.149, 54.445, 53.765, 52.769, 52.615, 51.48, 46.839, 41.327, 37.089, 33.01, 28.841, 26.797, 25.235, 22.617, 20.524, 17.89, 12.418, 6.7, 0.0, 7.473, 14.484, 22.66, 29.083, 32.607, 33.946, 34.636, 35.6, 36.887, 37.544, 38.032, 39.891, 40.4, 40.634, 42.084, 43.327, 43.727, 44.806, 46.52, 48.449, 48.532, 47.969, 47.905, 49.601, 50.715, 50.378, 51.565, 52.306, 52.354, 52.85, 53.182, 53.359, 54.248, 55.04, 54.568, 53.476, 52.492, 52.829, 54.008, 53.766, 52.643, 53.45, 55.262, 55.186, 54.227, 53.542, 53.348, 53.388, 53.355, 53.666], [69.157, 67.204, 65.823, 64.904, 63.737, 63.572, 63.66, 63.196, 63.516, 62.685, 61.928, 61.281, 61.517, 61.494, 61.469, 61.506, 59.823, 58.389, 57.731, 57.052, 56.054, 55.873, 54.765, 50.219, 44.65, 40.177, 35.87, 31.536, 29.384, 27.94, 25.514, 23.557, 21.142, 16.876, 12.954, 7.473, 0.0, 8.935, 19.061, 26.264, 30.105, 31.606, 32.313, 33.2, 34.495, 35.31, 35.897, 37.815, 38.306, 38.495, 40.088, 41.46, 41.998, 43.133, 44.837, 46.772, 46.867, 46.376, 46.409, 48.167, 49.52, 49.488, 50.862, 51.651, 51.606, 52.058, 52.4, 52.542, 53.351, 54.195, 53.908, 53.101, 52.419, 53.128, 54.587, 54.453, 53.295, 54.174, 56.006, 55.878, 54.872, 54.172, 53.963, 53.987, 53.931, 54.168], [70.289, 68.428, 67.301, 66.678, 65.665, 65.509, 65.629, 65.209, 65.651, 64.981, 64.309, 63.651, 63.826, 63.748, 63.714, 63.819, 62.225, 60.883, 60.218, 59.45, 58.398, 58.158, 57.056, 52.601, 47.076, 42.634, 38.377, 34.135, 32.047, 30.757, 28.405, 26.417, 24.185, 20.827, 18.173, 14.484, 8.935, 0.0, 11.709, 20.346, 24.974, 26.574, 27.335, 28.261, 29.55, 30.467, 31.456, 33.836, 34.468, 34.4, 35.939, 37.401, 38.055, 39.51, 41.434, 43.447, 43.563, 43.172, 43.304, 45.067, 46.308, 46.463, 47.99, 48.824, 48.657, 49.21, 49.696, 49.849, 50.563, 51.391, 51.283, 51.127, 51.123, 52.365, 54.234, 54.345, 53.244, 54.18, 55.97, 55.83, 54.835, 54.14, 53.93, 53.949, 53.875, 54.051], [71.999, 70.2, 69.101, 68.572, 67.709, 67.59, 67.75, 67.381, 67.949, 67.465, 66.871, 66.259, 66.467, 66.426, 66.393, 66.54, 65.079, 63.916, 63.317, 62.457, 61.381, 61.071, 59.954, 55.616, 50.18, 45.859, 41.727, 37.721, 35.73, 34.669, 32.679, 30.886, 29.018, 26.628, 24.958, 22.66, 19.061, 11.709, 0.0, 10.044, 15.843, 17.562, 18.506, 19.756, 21.173, 22.202, 23.706, 26.58, 27.411, 27.094, 28.588, 30.135, 30.877, 32.783, 35.14, 37.387, 37.704, 37.53, 37.861, 39.68, 40.89, 41.419, 43.299, 44.276, 44.072, 44.934, 45.742, 45.994, 46.675, 47.414, 47.393, 47.932, 49.099, 51.864, 54.73, 55.238, 54.259, 55.29, 57.15, 56.96, 55.985, 55.305, 55.067, 55.037, 54.957, 55.108], [73.046, 71.329, 70.256, 69.695, 68.766, 68.644, 68.857, 68.509, 69.221, 68.889, 68.346, 67.851, 68.183, 68.199, 68.169, 68.294, 66.955, 66.062, 65.609, 64.787, 63.765, 63.393, 62.274, 58.056, 52.622, 48.243, 44.112, 40.332, 38.415, 37.513, 36.01, 34.709, 33.366, 31.841, 30.87, 29.083, 26.264, 20.346, 10.044, 0.0, 6.521, 8.835, 10.429, 12.281, 13.928, 15.141, 16.879, 19.79, 20.656, 20.514, 22.314, 23.783, 24.582, 26.432, 28.822, 31.457, 32.237, 32.283, 32.8, 34.829, 36.495, 37.497, 39.825, 41.01, 40.961, 42.05, 43.073, 43.396, 44.076, 44.728, 44.802, 45.502, 47.516, 52.13, 56.118, 56.96, 56.06, 57.177, 59.223, 58.957, 57.879, 57.163, 56.892, 56.831, 56.748, 56.906], [73.709, 72.072, 70.992, 70.359, 69.327, 69.207, 69.475, 69.154, 69.955, 69.693, 69.149, 68.718, 69.119, 69.188, 69.163, 69.244, 67.98, 67.247, 66.887, 66.102, 65.115, 64.699, 63.568, 59.416, 54.01, 49.653, 45.605, 42.015, 40.156, 39.347, 38.155, 37.179, 36.129, 34.945, 34.222, 32.607, 30.105, 24.974, 15.843, 6.521, 0.0, 3.456, 6.121, 8.6, 10.493, 11.73, 13.442, 16.161, 17.0, 17.187, 19.327, 20.665, 21.505, 23.075, 25.205, 28.083, 29.254, 29.455, 30.106, 32.213, 34.097, 35.363, 37.969, 39.299, 39.393, 40.561, 41.636, 41.987, 42.689, 43.306, 43.431, 44.032, 46.333, 52.01, 56.727, 57.829, 57.047, 58.265, 60.438, 60.119, 58.943, 58.198, 57.918, 57.844, 57.765, 57.925], [74.142, 72.548, 71.429, 70.756, 69.732, 69.629, 69.925, 69.645, 70.469, 70.226, 69.655, 69.209, 69.602, 69.707, 69.691, 69.754, 68.512, 67.802, 67.461, 66.665, 65.677, 65.248, 64.106, 59.986, 54.648, 50.402, 46.482, 42.976, 41.135, 40.395, 39.332, 38.441, 37.427, 36.211, 35.449, 33.946, 31.606, 26.574, 17.562, 8.835, 3.456, 0.0, 3.437, 6.711, 8.978, 10.153, 11.993, 14.869, 15.791, 15.985, 18.179, 19.557, 20.351, 21.993, 24.204, 27.157, 28.411, 28.724, 29.507, 31.568, 33.26, 34.574, 37.249, 38.601, 38.732, 40.014, 41.149, 41.518, 42.213, 42.791, 42.879, 43.465, 45.811, 51.658, 56.602, 57.908, 57.287, 58.588, 60.772, 60.445, 59.268, 58.533, 58.252, 58.172, 58.101, 58.252], [74.458, 72.879, 71.72, 71.024, 70.008, 69.919, 70.238, 70.008, 70.923, 70.794, 70.24, 69.775, 70.142, 70.255, 70.25, 70.293, 69.05, 68.339, 67.992, 67.188, 66.247, 65.857, 64.74, 60.669, 55.374, 51.155, 47.29, 43.809, 41.914, 41.172, 40.16, 39.309, 38.317, 37.037, 36.166, 34.636, 32.313, 27.335, 18.506, 10.429, 6.121, 3.437, 0.0, 4.043, 6.918, 8.265, 10.532, 13.65, 14.663, 14.868, 17.192, 18.708, 19.562, 21.275, 23.483, 26.447, 27.728, 28.117, 29.068, 31.157, 32.741, 34.16, 36.973, 38.374, 38.5, 39.796, 40.952, 41.347, 42.047, 42.605, 42.663, 43.239, 45.571, 51.426, 56.438, 57.866, 57.388, 58.778, 60.972, 60.63, 59.467, 58.766, 58.497, 58.413, 58.346, 58.494], [74.554, 73.006, 71.859, 71.168, 70.136, 70.039, 70.375, 70.181, 71.226, 71.31, 70.908, 70.445, 70.785, 70.87, 70.866, 70.886, 69.611, 68.908, 68.547, 67.74, 66.872, 66.564, 65.515, 61.507, 56.231, 51.966, 48.06, 44.54, 42.574, 41.86, 40.892, 40.062, 39.168, 38.019, 37.186, 35.6, 33.2, 28.261, 19.756, 12.281, 8.6, 6.711, 4.043, 0.0, 3.667, 6.098, 9.25, 12.652, 13.713, 13.847, 16.347, 18.035, 19.156, 20.891, 22.775, 25.51, 26.76, 27.185, 28.266, 30.363, 32.058, 33.711, 36.709, 38.21, 38.334, 39.545, 40.63, 41.013, 41.706, 42.283, 42.37, 42.94, 45.249, 51.174, 56.279, 57.775, 57.357, 58.828, 61.062, 60.684, 59.482, 58.777, 58.509, 58.432, 58.372, 58.526], [74.571, 73.027, 71.922, 71.275, 70.231, 70.113, 70.441, 70.242, 71.323, 71.53, 71.306, 70.887, 71.203, 71.237, 71.216, 71.22, 69.912, 69.229, 68.865, 68.062, 67.245, 67.01, 66.049, 62.127, 56.908, 52.642, 48.674, 45.083, 43.081, 42.372, 41.415, 40.624, 39.868, 39.008, 38.406, 36.887, 34.495, 29.55, 21.173, 13.928, 10.493, 8.978, 6.918, 3.667, 0.0, 4.092, 8.306, 12.126, 13.214, 13.301, 15.823, 17.437, 18.693, 20.526, 22.315, 24.943, 26.189, 26.6, 27.604, 29.708, 31.633, 33.515, 36.76, 38.376, 38.543, 39.688, 40.712, 41.062, 41.726, 42.314, 42.505, 43.126, 45.413, 51.389, 56.561, 58.072, 57.628, 59.12, 61.42, 61.059, 59.827, 59.087, 58.798, 58.724, 58.671, 58.844], [74.52, 72.992, 71.88, 71.234, 70.211, 70.128, 70.468, 70.26, 71.306, 71.506, 71.297, 70.956, 71.311, 71.329, 71.299, 71.286, 70.004, 69.335, 68.969, 68.144, 67.296, 67.03, 66.086, 62.223, 57.065, 52.901, 49.059, 45.566, 43.56, 42.783, 41.884, 41.21, 40.529, 39.643, 38.993, 37.544, 35.31, 30.467, 22.202, 15.141, 11.73, 10.153, 8.265, 6.098, 4.092, 0.0, 5.536, 10.27, 11.592, 11.57, 13.936, 15.642, 17.043, 19.197, 21.526, 24.664, 26.141, 26.682, 27.795, 29.949, 31.542, 33.358, 36.857, 38.619, 38.761, 39.778, 40.756, 41.084, 41.743, 42.337, 42.534, 43.145, 45.336, 51.2, 56.384, 57.889, 57.453, 58.961, 61.34, 61.101, 59.949, 59.248, 58.975, 58.882, 58.824, 59.009], [74.938, 73.418, 72.288, 71.604, 70.549, 70.435, 70.773, 70.568, 71.637, 71.846, 71.612, 71.351, 71.907, 72.004, 71.966, 71.937, 70.629, 69.991, 69.685, 68.873, 67.988, 67.686, 66.718, 62.837, 57.625, 53.407, 49.566, 46.112, 44.107, 43.39, 42.556, 41.878, 41.168, 40.254, 39.544, 38.032, 35.897, 31.456, 23.706, 16.879, 13.442, 11.993, 10.532, 9.25, 8.306, 5.536, 0.0, 5.78, 7.518, 8.12, 11.388, 13.542, 15.148, 17.509, 20.393, 23.999, 25.7, 26.314, 27.417, 29.68, 31.322, 33.044, 36.65, 38.523, 38.701, 39.583, 40.55, 40.987, 41.713, 42.316, 42.523, 42.888, 44.912, 50.817, 56.101, 57.655, 57.185, 58.688, 61.145, 60.996, 59.925, 59.213, 58.939, 58.852, 58.796, 58.974], [76.566, 75.106, 73.954, 73.216, 72.16, 72.047, 72.391, 72.202, 73.298, 73.515, 73.244, 73.019, 73.719, 73.975, 73.962, 73.914, 72.637, 72.041, 71.79, 71.013, 70.133, 69.819, 68.84, 64.975, 59.769, 55.539, 51.687, 48.228, 46.225, 45.569, 44.8, 44.133, 43.367, 42.359, 41.5, 39.891, 37.815, 33.836, 26.58, 19.79, 16.161, 14.869, 13.65, 12.652, 12.126, 10.27, 5.78, 0.0, 2.542, 4.895, 9.571, 12.389, 14.43, 16.619, 19.54, 23.142, 24.999, 25.801, 27.094, 29.34, 31.273, 33.195, 36.863, 38.77, 39.003, 39.844, 40.848, 41.42, 42.271, 42.863, 43.064, 43.274, 45.313, 51.482, 56.95, 58.554, 58.067, 59.585, 62.073, 61.89, 60.877, 60.207, 59.936, 59.835, 59.779, 59.938], [76.902, 75.471, 74.326, 73.577, 72.514, 72.401, 72.754, 72.57, 73.678, 73.898, 73.626, 73.418, 74.149, 74.445, 74.449, 74.399, 73.133, 72.562, 72.328, 71.557, 70.67, 70.352, 69.377, 65.526, 60.327, 56.091, 52.223, 48.749, 46.734, 46.093, 45.375, 44.755, 43.998, 42.97, 42.062, 40.4, 38.306, 34.468, 27.411, 20.656, 17.0, 15.791, 14.663, 13.713, 13.214, 11.592, 7.518, 2.542, 0.0, 4.218, 9.379, 12.339, 14.591, 16.665, 19.421, 22.859, 24.766, 25.656, 26.982, 29.149, 31.336, 33.422, 37.132, 39.043, 39.308, 40.215, 41.225, 41.775, 42.621, 43.212, 43.41, 43.545, 45.535, 51.731, 57.197, 58.788, 58.284, 59.813, 62.33, 62.151, 61.144, 60.497, 60.251, 60.161, 60.104, 60.251], [77.023, 75.615, 74.455, 73.71, 72.715, 72.653, 73.013, 72.832, 73.901, 74.093, 73.829, 73.599, 74.284, 74.597, 74.602, 74.61, 73.461, 72.908, 72.653, 71.867, 70.962, 70.633, 69.668, 65.832, 60.656, 56.486, 52.69, 49.227, 47.216, 46.568, 45.817, 45.165, 44.377, 43.271, 42.272, 40.634, 38.495, 34.4, 27.094, 20.514, 17.187, 15.985, 14.868, 13.847, 13.301, 11.57, 8.12, 4.895, 4.218, 0.0, 5.944, 9.897, 12.778, 15.3, 18.388, 21.787, 23.547, 24.547, 26.15, 28.272, 30.109, 32.288, 36.106, 38.077, 38.286, 39.188, 40.164, 40.619, 41.431, 42.063, 42.274, 42.665, 44.774, 50.78, 56.213, 57.839, 57.345, 58.869, 61.353, 61.232, 60.322, 59.752, 59.556, 59.479, 59.418, 59.554], [77.505, 76.096, 74.904, 74.144, 73.191, 73.171, 73.535, 73.348, 74.376, 74.537, 74.27, 74.036, 74.665, 74.995, 75.0, 75.084, 74.213, 73.816, 73.545, 72.731, 71.782, 71.427, 70.512, 66.751, 61.616, 57.53, 53.873, 50.562, 48.635, 47.913, 47.078, 46.416, 45.683, 44.614, 43.597, 42.084, 40.088, 35.939, 28.588, 22.314, 19.327, 18.179, 17.192, 16.347, 15.823, 13.936, 11.388, 9.571, 9.379, 5.944, 0.0, 5.528, 9.585, 13.046, 17.081, 20.919, 22.717, 23.85, 25.883, 28.207, 29.335, 31.397, 35.429, 37.558, 37.71, 38.468, 39.432, 39.887, 40.745, 41.438, 41.673, 42.274, 44.485, 50.331, 55.804, 57.462, 56.976, 58.471, 60.935, 60.905, 60.128, 59.632, 59.46, 59.37, 59.323, 59.491], [77.378, 75.913, 74.7, 73.928, 72.923, 72.887, 73.262, 73.059, 74.091, 74.258, 74.004, 73.789, 74.398, 74.688, 74.678, 74.774, 74.057, 73.865, 73.669, 72.876, 71.938, 71.597, 70.75, 67.084, 61.993, 57.918, 54.306, 51.111, 49.246, 48.487, 47.644, 47.008, 46.379, 45.544, 44.725, 43.327, 41.46, 37.401, 30.135, 23.783, 20.665, 19.557, 18.708, 18.035, 17.437, 15.642, 13.542, 12.389, 12.339, 9.897, 5.528, 0.0, 5.18, 9.608, 14.561, 19.099, 21.112, 22.149, 24.255, 26.988, 28.127, 30.293, 34.53, 36.78, 36.945, 37.69, 38.751, 39.293, 40.217, 40.948, 41.273, 41.962, 44.328, 50.494, 56.178, 57.854, 57.317, 58.738, 61.187, 61.151, 60.361, 59.844, 59.654, 59.569, 59.535, 59.801], [76.978, 75.42, 74.157, 73.383, 72.372, 72.315, 72.686, 72.481, 73.492, 73.631, 73.36, 73.152, 73.759, 74.017, 73.982, 74.076, 73.413, 73.319, 73.226, 72.525, 71.63, 71.281, 70.457, 66.827, 61.712, 57.626, 54.046, 50.904, 49.057, 48.303, 47.489, 46.88, 46.303, 45.637, 45.002, 43.727, 41.998, 38.055, 30.877, 24.582, 21.505, 20.351, 19.562, 19.156, 18.693, 17.043, 15.148, 14.43, 14.591, 12.778, 9.585, 5.18, 0.0, 5.877, 12.315, 17.679, 19.905, 21.029, 23.227, 26.2, 27.386, 29.499, 33.745, 36.004, 36.137, 37.002, 38.266, 38.96, 39.981, 40.742, 41.09, 41.803, 44.27, 50.631, 56.4, 58.088, 57.496, 58.826, 61.231, 61.174, 60.378, 59.84, 59.623, 59.565, 59.553, 59.918], [76.765, 75.177, 73.843, 73.006, 71.945, 71.867, 72.254, 72.064, 73.129, 73.306, 73.024, 72.853, 73.505, 73.8, 73.764, 73.835, 73.22, 73.233, 73.253, 72.737, 72.03, 71.697, 70.873, 67.274, 62.091, 57.937, 54.374, 51.299, 49.44, 48.724, 48.049, 47.577, 47.116, 46.585, 46.054, 44.806, 43.133, 39.51, 32.783, 26.432, 23.075, 21.993, 21.275, 20.891, 20.526, 19.197, 17.509, 16.619, 16.665, 15.3, 13.046, 9.608, 5.877, 0.0, 7.762, 14.191, 16.999, 18.561, 21.338, 24.489, 26.006, 28.43, 32.816, 35.15, 35.313, 36.232, 37.557, 38.295, 39.386, 40.184, 40.6, 41.234, 43.81, 50.664, 56.624, 58.298, 57.675, 59.032, 61.508, 61.404, 60.554, 60.012, 59.783, 59.734, 59.735, 60.138], [76.818, 75.254, 73.829, 72.881, 71.725, 71.618, 72.055, 71.915, 73.137, 73.466, 73.206, 73.053, 73.763, 74.107, 74.085, 74.104, 73.458, 73.537, 73.632, 73.282, 72.885, 72.697, 71.877, 68.293, 63.054, 58.796, 55.197, 52.169, 50.308, 49.73, 49.246, 48.873, 48.519, 48.155, 47.757, 46.52, 44.837, 41.434, 35.14, 28.822, 25.205, 24.204, 23.483, 22.775, 22.315, 21.526, 20.393, 19.54, 19.421, 18.388, 17.081, 14.561, 12.315, 7.762, 0.0, 7.833, 11.866, 14.102, 17.843, 21.198, 23.337, 26.515, 31.09, 33.503, 33.736, 34.729, 35.973, 36.597, 37.581, 38.372, 38.968, 39.666, 42.443, 49.979, 56.227, 57.983, 57.4, 58.848, 61.396, 61.224, 60.306, 59.779, 59.565, 59.539, 59.552, 59.955], [77.91, 76.39, 74.889, 73.868, 72.712, 72.603, 73.068, 72.979, 74.282, 74.728, 74.522, 74.332, 75.078, 75.497, 75.496, 75.492, 74.766, 74.797, 74.91, 74.607, 74.386, 74.367, 73.593, 70.02, 64.815, 60.578, 56.951, 53.84, 51.959, 51.541, 51.131, 50.694, 50.31, 50.008, 49.661, 48.449, 46.772, 43.447, 37.387, 31.457, 28.083, 27.157, 26.447, 25.51, 24.943, 24.664, 23.999, 23.142, 22.859, 21.787, 20.919, 19.099, 17.679, 14.191, 7.833, 0.0, 5.295, 9.241, 14.409, 17.267, 20.121, 24.353, 28.826, 31.165, 31.42, 32.733, 34.048, 34.684, 35.685, 36.481, 37.203, 38.149, 41.167, 49.091, 55.543, 57.367, 56.731, 58.229, 60.819, 60.598, 59.718, 59.228, 59.049, 59.031, 59.044, 59.425], [77.757, 76.24, 74.718, 73.678, 72.548, 72.449, 72.906, 72.823, 74.114, 74.578, 74.394, 74.159, 74.911, 75.381, 75.39, 75.388, 74.631, 74.627, 74.73, 74.424, 74.241, 74.294, 73.569, 70.053, 64.946, 60.793, 57.177, 54.007, 52.115, 51.755, 51.335, 50.824, 50.368, 50.04, 49.7, 48.532, 46.867, 43.563, 37.704, 32.237, 29.254, 28.411, 27.728, 26.76, 26.189, 26.141, 25.7, 24.999, 24.766, 23.547, 22.717, 21.112, 19.905, 16.999, 11.866, 5.295, 0.0, 5.481, 11.699, 14.607, 17.621, 22.286, 26.639, 28.915, 29.189, 30.698, 32.093, 32.783, 33.864, 34.718, 35.454, 36.575, 39.691, 47.604, 54.125, 55.978, 55.302, 56.827, 59.432, 59.197, 58.345, 57.865, 57.694, 57.669, 57.668, 58.041], [76.642, 75.101, 73.553, 72.462, 71.254, 71.135, 71.595, 71.497, 72.796, 73.259, 73.066, 72.808, 73.583, 74.085, 74.098, 74.073, 73.288, 73.306, 73.406, 73.093, 72.926, 73.001, 72.29, 68.878, 63.972, 59.942, 56.353, 53.204, 51.343, 51.025, 50.627, 50.095, 49.606, 49.296, 49.044, 47.969, 46.376, 43.172, 37.53, 32.283, 29.455, 28.724, 28.117, 27.185, 26.6, 26.682, 26.314, 25.801, 25.656, 24.547, 23.85, 22.149, 21.029, 18.561, 14.102, 9.241, 5.481, 0.0, 7.058, 11.431, 15.12, 19.921, 24.493, 26.866, 27.207, 28.596, 29.909, 30.576, 31.69, 32.572, 33.378, 34.566, 37.791, 45.904, 52.559, 54.433, 53.825, 55.458, 58.093, 57.816, 56.901, 56.391, 56.172, 56.082, 56.055, 56.431], [75.789, 74.208, 72.658, 71.518, 70.171, 69.963, 70.4, 70.276, 71.591, 72.047, 71.862, 71.58, 72.395, 72.888, 72.884, 72.827, 71.927, 71.974, 72.093, 71.769, 71.598, 71.687, 70.978, 67.666, 63.044, 59.245, 55.718, 52.568, 50.752, 50.581, 50.223, 49.619, 49.075, 48.863, 48.83, 47.905, 46.409, 43.304, 37.861, 32.8, 30.106, 29.507, 29.068, 28.266, 27.604, 27.795, 27.417, 27.094, 26.982, 26.15, 25.883, 24.255, 23.227, 21.338, 17.843, 14.409, 11.699, 7.058, 0.0, 6.807, 12.885, 17.801, 22.652, 25.071, 25.63, 27.096, 28.34, 28.949, 30.045, 30.854, 31.761, 32.961, 36.208, 44.507, 51.232, 53.058, 52.396, 54.087, 56.793, 56.516, 55.528, 54.934, 54.611, 54.457, 54.417, 54.808], [76.502, 74.976, 73.424, 72.238, 70.872, 70.654, 71.098, 70.989, 72.286, 72.753, 72.566, 72.248, 73.074, 73.616, 73.613, 73.523, 72.547, 72.565, 72.704, 72.36, 72.187, 72.288, 71.591, 68.338, 63.895, 60.358, 57.02, 53.876, 52.052, 52.054, 51.818, 51.218, 50.63