[[0.0, 10.297, 11.36, 13.284, 18.966, 24.172, 24.904, 24.144, 23.425, 24.458, 25.7, 26.694, 27.172, 28.378, 30.672, 32.902, 36.992, 38.313, 39.68, 41.245, 43.567, 44.711, 45.0, 45.435, 45.44, 45.372, 44.944, 44.943, 45.913, 46.662, 47.028, 49.096, 51.696, 51.175, 50.831, 50.805, 52.045, 52.928, 53.624, 54.15, 53.261, 53.57, 54.165, 54.822, 55.495, 54.006, 53.172, 53.944, 53.78, 54.703, 56.87, 56.685, 57.695, 58.831, 59.106, 59.681, 60.143, 60.639, 60.668, 60.651, 61.595, 63.38, 64.649, 64.617, 63.763, 63.117, 62.722, 62.563, 62.356, 60.829, 59.846, 60.631, 63.35, 63.308, 63.075, 62.99, 62.65, 64.122, 64.014, 64.442, 66.193, 68.162, 68.587, 68.504, 67.286, 65.701], [10.297, 0.0, 3.474, 6.047, 11.213, 16.748, 17.748, 17.325, 17.519, 19.394, 20.749, 21.331, 21.876, 23.218, 26.017, 29.224, 33.018, 34.198, 36.412, 37.912, 39.959, 41.023, 41.526, 42.05, 41.992, 42.062, 41.618, 41.465, 42.461, 43.259, 43.595, 46.418, 49.778, 48.964, 49.142, 49.874, 50.659, 51.15, 51.81, 52.355, 51.485, 51.572, 52.063, 52.839, 53.688, 52.581, 51.984, 52.535, 52.233, 53.175, 55.575, 55.576, 56.455, 57.592, 57.897, 58.374, 58.654, 59.043, 59.084, 59.154, 60.187, 62.007, 63.279, 63.25, 62.566, 62.099, 61.753, 61.664, 61.606, 60.271, 59.644, 60.891, 63.767, 63.752, 63.476, 63.534, 63.179, 64.541, 64.605, 65.06, 66.734, 68.812, 69.251, 69.22, 68.223, 66.655], [11.36, 3.474, 0.0, 4.443, 10.637, 16.432, 17.463, 17.004, 17.113, 19.058, 20.548, 21.25, 21.78, 23.189, 26.056, 29.311, 33.165, 34.302, 36.493, 37.926, 39.848, 40.839, 41.356, 41.874, 41.798, 41.872, 41.424, 41.274, 42.259, 43.002, 43.253, 45.989, 49.381, 48.551, 48.661, 49.419, 50.288, 50.769, 51.427, 51.976, 51.118, 51.191, 51.637, 52.396, 53.233, 52.102, 51.501, 52.051, 51.749, 52.681, 55.09, 55.086, 55.937, 57.044, 57.332, 57.802, 58.104, 58.521, 58.567, 58.631, 59.661, 61.473, 62.731, 62.706, 62.01, 61.532, 61.181, 61.067, 60.994, 59.671, 59.089, 60.369, 63.238, 63.22, 62.942, 63.014, 62.717, 64.114, 64.181, 64.646, 66.329, 68.443, 68.889, 68.877, 67.909, 66.363], [13.284, 6.047, 4.443, 0.0, 8.239, 15.328, 16.596, 16.159, 16.318, 18.476, 20.198, 20.968, 21.532, 23.009, 25.988, 29.652, 33.664, 34.74, 37.001, 38.164, 39.842, 40.748, 41.288, 41.799, 41.699, 41.817, 41.405, 41.215, 42.102, 42.757, 42.821, 45.359, 48.774, 47.971, 48.271, 49.062, 49.805, 50.251, 50.89, 51.431, 50.601, 50.69, 51.184, 51.97, 52.795, 51.688, 51.075, 51.535, 51.206, 52.1, 54.521, 54.52, 55.331, 56.509, 56.842, 57.311, 57.561, 57.948, 58.01, 58.081, 59.16, 61.006, 62.256, 62.227, 61.566, 61.208, 60.948, 60.841, 60.758, 59.46, 58.964, 60.359, 63.311, 63.318, 63.052, 63.133, 62.826, 64.234, 64.348, 64.826, 66.51, 68.692, 69.156, 69.181, 68.288, 66.762], [18.966, 11.213, 10.637, 8.239, 0.0, 8.367, 10.466, 10.471, 11.704, 14.631, 16.616, 17.237, 17.887, 19.934, 23.561, 27.766, 31.886, 32.985, 35.77, 37.05, 38.589, 39.395, 39.952, 40.532, 40.427, 40.543, 40.014, 39.452, 40.075, 40.716, 40.862, 43.818, 47.555, 46.733, 47.075, 48.064, 48.603, 48.935, 49.532, 50.023, 49.2, 49.221, 49.667, 50.474, 51.383, 50.357, 49.827, 50.218, 49.847, 50.686, 53.086, 53.195, 53.926, 55.023, 55.395, 55.846, 56.044, 56.359, 56.393, 56.492, 57.605, 59.487, 60.77, 60.746, 60.092, 59.732, 59.484, 59.414, 59.432, 58.237, 57.88, 59.341, 62.302, 62.348, 62.096, 62.223, 61.904, 63.267, 63.47, 64.088, 65.72, 67.942, 68.429, 68.475, 67.749, 66.249], [24.172, 16.748, 16.432, 15.328, 8.367, 0.0, 3.435, 5.406, 9.347, 12.501, 13.953, 14.291, 15.033, 17.502, 21.659, 25.752, 29.301, 30.329, 33.583, 35.22, 36.865, 37.604, 38.122, 38.708, 38.64, 38.759, 38.036, 37.135, 37.711, 38.438, 38.818, 42.645, 46.862, 45.982, 46.387, 47.57, 48.079, 48.379, 48.893, 49.402, 48.59, 48.553, 48.816, 49.577, 50.652, 49.736, 49.3, 49.653, 49.206, 50.074, 52.467, 52.65, 53.367, 54.34, 54.683, 55.099, 55.244, 55.538, 55.534, 55.636, 56.716, 58.565, 59.875, 59.876, 59.234, 58.708, 58.272, 58.207, 58.296, 57.138, 56.824, 58.264, 61.146, 61.173, 60.89, 61.013, 60.706, 62.093, 62.374, 63.126, 64.715, 66.906, 67.414, 67.416, 66.74, 65.224], [24.904, 17.748, 17.463, 16.596, 10.466, 3.435, 0.0, 3.658, 8.756, 11.951, 13.193, 13.698, 14.533, 16.973, 21.342, 25.329, 28.62, 29.574, 32.77, 34.483, 36.182, 36.927, 37.413, 37.952, 37.885, 37.986, 37.205, 36.313, 36.976, 37.747, 38.179, 42.197, 46.52, 45.598, 46.17, 47.521, 48.127, 48.38, 48.822, 49.398, 48.653, 48.706, 48.902, 49.634, 50.768, 49.855, 49.406, 49.761, 49.256, 50.203, 52.68, 52.831, 53.607, 54.621, 54.971, 55.377, 55.531, 55.872, 55.872, 55.968, 57.019, 58.854, 60.184, 60.19, 59.546, 58.975, 58.448, 58.352, 58.36, 57.116, 56.725, 58.149, 61.034, 61.02, 60.69, 60.765, 60.488, 61.906, 62.208, 62.998, 64.59, 66.758, 67.266, 67.242, 66.49, 64.929], [24.144, 17.325, 17.004, 16.159, 10.471, 5.406, 3.658, 0.0, 5.726, 9.481, 11.244, 12.269, 13.242, 15.796, 20.306, 24.379, 28.113, 29.281, 32.308, 33.949, 35.676, 36.414, 36.872, 37.394, 37.316, 37.375, 36.636, 35.814, 36.494, 37.245, 37.729, 41.767, 45.966, 45.08, 45.695, 47.026, 47.836, 48.154, 48.559, 49.145, 48.448, 48.689, 48.988, 49.778, 50.881, 49.798, 49.273, 49.736, 49.275, 50.214, 52.679, 52.78, 53.544, 54.589, 54.961, 55.395, 55.624, 56.026, 56.052, 56.161, 57.211, 59.043, 60.363, 60.372, 59.691, 59.074, 58.549, 58.404, 58.357, 57.078, 56.574, 57.924, 60.858, 60.837, 60.493, 60.559, 60.361, 61.791, 62.049, 62.853, 64.468, 66.62, 67.126, 67.109, 66.329, 64.779], [23.425, 17.519, 17.113, 16.318, 11.704, 9.347, 8.756, 5.726, 0.0, 4.864, 8.207, 10.538, 11.776, 14.84, 19.373, 23.348, 27.991, 29.697, 32.481, 34.01, 35.778, 36.527, 36.963, 37.441, 37.376, 37.443, 36.797, 36.125, 36.851, 37.528, 38.012, 41.983, 45.881, 45.036, 45.676, 46.835, 47.915, 48.417, 48.812, 49.381, 48.675, 49.132, 49.736, 50.643, 51.7, 50.391, 49.71, 50.297, 49.955, 50.802, 53.144, 53.18, 53.875, 54.904, 55.282, 55.765, 56.101, 56.572, 56.629, 56.75, 57.847, 59.704, 60.994, 61.006, 60.305, 59.696, 59.259, 59.062, 58.977, 57.656, 57.04, 58.301, 61.315, 61.327, 60.999, 61.065, 60.95, 62.472, 62.64, 63.385, 65.062, 67.19, 67.684, 67.703, 66.934, 65.405], [24.458, 19.394, 19.058, 18.476, 14.631, 12.501, 11.951, 9.481, 4.864, 0.0, 4.825, 8.822, 10.444, 13.942, 18.471, 21.904, 27.05, 29.343, 32.01, 33.651, 35.588, 36.407, 36.84, 37.238, 37.156, 37.248, 36.719, 36.244, 37.124, 37.779, 38.311, 42.352, 46.021, 45.178, 45.9, 47.087, 48.427, 49.227, 49.679, 50.253, 49.425, 49.833, 50.629, 51.66, 52.86, 51.464, 50.647, 51.396, 51.169, 51.96, 54.136, 54.105, 54.804, 55.783, 56.125, 56.631, 57.096, 57.646, 57.709, 57.838, 58.963, 60.793, 62.043, 62.067, 61.369, 60.776, 60.399, 60.168, 60.101, 58.756, 57.997, 59.069, 62.091, 62.123, 61.83, 61.912, 61.822, 63.481, 63.56, 64.239, 65.973, 67.974, 68.437, 68.448, 67.65, 66.136], [25.7, 20.749, 20.548, 20.198, 16.616, 13.953, 13.193, 11.244, 8.207, 4.825, 0.0, 5.35, 7.44, 11.297, 16.162, 19.361, 24.662, 27.434, 30.167, 32.071, 34.299, 35.245, 35.651, 35.975, 35.887, 35.999, 35.553, 35.269, 36.425, 37.206, 37.914, 42.271, 45.991, 45.067, 45.818, 47.149, 48.545, 49.435, 49.897, 50.508, 49.522, 49.776, 50.549, 51.603, 53.127, 51.898, 51.046, 51.909, 51.735, 52.558, 54.678, 54.597, 55.365, 56.291, 56.566, 57.049, 57.58, 58.173, 58.223, 58.363, 59.473, 61.256, 62.481, 62.516, 61.834, 61.204, 60.807, 60.575, 60.547, 59.199, 58.353, 59.37, 62.463, 62.486, 62.198, 62.29, 62.173, 63.936, 63.973, 64.626, 66.415, 68.3, 68.73, 68.734, 67.903, 66.379], [26.694, 21.331, 21.25, 20.968, 17.237, 14.291, 13.698, 12.269, 10.538, 8.822, 5.35, 0.0, 3.134, 8.32, 13.902, 17.441, 22.532, 25.555, 28.588, 30.547, 32.8, 33.855, 34.339, 34.712, 34.682, 34.889, 34.579, 34.438, 35.747, 36.676, 37.629, 42.368, 46.284, 45.22, 45.767, 47.079, 48.352, 49.158, 49.593, 50.212, 49.143, 49.266, 49.952, 50.962, 52.703, 51.841, 51.109, 51.931, 51.743, 52.601, 54.784, 54.696, 55.483, 56.369, 56.594, 57.047, 57.553, 58.117, 58.144, 58.275, 59.326, 61.078, 62.308, 62.344, 61.666, 60.995, 60.561, 60.373, 60.45, 59.165, 58.365, 59.517, 62.733, 62.762, 62.463, 62.593, 62.419, 64.147, 64.208, 64.834, 66.636, 68.522, 68.939, 68.966, 68.191, 66.68], [27.172, 21.876, 21.78, 21.532, 17.887, 15.033, 14.533, 13.242, 11.776, 10.444, 7.44, 3.134, 0.0, 6.47, 12.513, 16.42, 21.688, 24.747, 27.916, 29.893, 32.035, 33.049, 33.534, 33.943, 33.953, 34.207, 33.978, 33.916, 35.267, 36.232, 37.238, 42.035, 46.062, 44.961, 45.273, 46.434, 47.641, 48.449, 48.913, 49.532, 48.449, 48.555, 49.25, 50.263, 52.033, 51.273, 50.616, 51.443, 51.261, 52.112, 54.245, 54.123, 54.919, 55.79, 56.006, 56.462, 56.96, 57.502, 57.508, 57.611, 58.594, 60.306, 61.544, 61.584, 60.893, 60.197, 59.742, 59.57, 59.691, 58.445, 57.677, 58.874, 62.116, 62.144, 61.846, 62.003, 61.8, 63.491, 63.568, 64.187, 65.986, 67.878, 68.294, 68.34, 67.62, 66.142], [28.378, 23.218, 23.189, 23.009, 19.934, 17.502, 16.973, 15.796, 14.84, 13.942, 11.297, 8.32, 6.47, 0.0, 7.569, 13.196, 18.47, 21.594, 24.952, 27.023, 29.406, 30.601, 31.197, 31.636, 31.618, 31.933, 32.049, 32.734, 34.66, 35.719, 36.815, 41.789, 45.958, 44.902, 45.287, 46.41, 47.484, 48.305, 48.765, 49.401, 48.252, 48.353, 49.149, 50.247, 52.051, 51.276, 50.623, 51.425, 51.197, 52.096, 54.233, 54.103, 55.066, 56.08, 56.309, 56.781, 57.253, 57.734, 57.745, 57.847, 58.729, 60.263, 61.416, 61.451, 60.777, 60.152, 59.711, 59.561, 59.743, 58.551, 57.794, 58.972, 62.268, 62.29, 62.011, 62.188, 61.918, 63.558, 63.683, 64.353, 66.146, 68.077, 68.519, 68.561, 67.897, 66.504], [30.672, 26.017, 26.056, 25.988, 23.561, 21.659, 21.342, 20.306, 19.373, 18.471, 16.162, 13.902, 12.513, 7.569, 0.0, 8.786, 15.968, 19.308, 22.911, 25.282, 28.009, 29.305, 29.899, 30.336, 30.277, 30.612, 30.995, 32.318, 34.86, 35.931, 37.126, 42.158, 46.214, 45.222, 45.585, 46.343, 47.229, 48.261, 48.793, 49.397, 48.179, 48.216, 49.152, 50.33, 52.18, 51.493, 50.79, 51.646, 51.642, 52.547, 54.408, 54.209, 55.198, 56.257, 56.448, 56.932, 57.442, 57.873, 57.878, 57.986, 58.842, 60.197, 61.167, 61.212, 60.533, 59.951, 59.651, 59.534, 59.84, 58.814, 58.075, 59.138, 62.448, 62.496, 62.224, 62.457, 62.15, 63.779, 63.841, 64.379, 66.204, 68.095, 68.534, 68.618, 68.079, 66.812], [32.902, 29.224, 29.311, 29.652, 27.766, 25.752, 25.329, 24.379, 23.348, 21.904, 19.361, 17.441, 16.42, 13.196, 8.786, 0.0, 10.999, 16.024, 19.254, 22.746, 26.171, 27.652, 28.136, 28.463, 28.48, 28.903, 29.617, 31.46, 34.501, 35.684, 37.417, 43.053, 46.964, 45.986, 46.2, 46.843, 48.198, 49.802, 50.387, 50.977, 49.605, 49.511, 50.472, 51.607, 53.607, 52.988, 52.163, 53.203, 53.432, 54.577, 56.281, 55.913, 56.992, 58.002, 58.092, 58.631, 59.341, 59.842, 59.807, 59.88, 60.681, 61.919, 62.777, 62.832, 62.01, 61.143, 60.724, 60.557, 60.927, 59.902, 58.779, 59.266, 62.528, 62.582, 62.326, 62.559, 62.249, 63.992, 63.876, 64.238, 66.152, 67.868, 68.285, 68.345, 67.712, 66.46], [36.992, 33.018, 33.165, 33.664, 31.886, 29.301, 28.62, 28.113, 27.991, 27.05, 24.662, 22.532, 21.688, 18.47, 15.968, 10.999, 0.0, 8.39, 13.964, 18.197, 21.993, 23.988, 24.863, 25.2, 25.467, 26.281, 27.5, 29.919, 33.292, 34.618, 37.003, 44.288, 48.808, 47.757, 48.448, 49.573, 51.096, 52.597, 52.962, 53.59, 52.252, 51.95, 52.699, 53.799, 55.872, 55.519, 54.883, 55.664, 55.641, 57.014, 59.176, 58.943, 60.095, 61.227, 61.318, 61.872, 62.469, 62.884, 62.816, 62.876, 63.597, 64.799, 65.727, 65.771, 64.945, 63.806, 62.938, 62.816, 63.257, 62.156, 60.929, 61.332, 64.528, 64.547, 64.325, 64.608, 64.211, 65.772, 65.713, 66.102, 67.912, 69.68, 70.149, 70.087, 69.326, 68.046], [38.313, 34.198, 34.302, 34.74, 32.985, 30.329, 29.574, 29.281, 29.697, 29.343, 27.434, 25.555, 24.747, 21.594, 19.308, 16.024, 8.39, 0.0, 9.13, 14.475, 18.661, 20.86, 21.653, 22.004, 22.414, 23.424, 24.717, 27.581, 31.38, 32.815, 35.237, 42.846, 47.714, 46.63, 47.458, 48.509, 49.67, 51.054, 51.439, 52.072, 50.696, 50.394, 51.067, 52.197, 54.254, 53.905, 53.401, 53.977, 53.819, 55.37, 57.677, 57.713, 59.12, 60.42, 60.588, 61.168, 61.646, 61.918, 61.794, 61.837, 62.536, 63.664, 64.542, 64.579, 63.748, 62.528, 61.51, 61.457, 61.904, 60.829, 59.76, 60.292, 63.435, 63.414, 63.279, 63.56, 63.09, 64.512, 64.564, 65.123, 66.89, 68.83, 69.347, 69.28, 68.563, 67.281], [39.68, 36.412, 36.493, 37.001, 35.77, 33.583, 32.77, 32.308, 32.481, 32.01, 30.167, 28.588, 27.916, 24.952, 22.911, 19.254, 13.964, 9.13, 0.0, 8.356, 14.389, 17.365, 18.397, 18.689, 19.062, 19.964, 21.606, 25.636, 30.438, 32.085, 34.473, 41.553, 46.032, 45.113, 46.346, 47.694, 49.243, 51.142, 51.782, 52.498, 50.758, 50.365, 51.261, 52.514, 54.749, 54.207, 53.534, 54.368, 54.213, 55.909, 58.202, 58.197, 60.241, 61.914, 62.153, 62.777, 63.364, 63.661, 63.465, 63.468, 64.167, 65.223, 66.01, 66.043, 65.123, 63.846, 62.835, 62.781, 63.161, 61.962, 60.704, 60.963, 64.057, 63.981, 64.009, 64.302, 63.769, 65.249, 65.196, 65.809, 67.621, 69.408, 69.896, 69.799, 68.945, 67.637], [41.245, 37.912, 37.926, 38.164, 37.05, 35.22, 34.483, 33.949, 34.01, 33.651, 32.071, 30.547, 29.893, 27.023, 25.282, 22.746, 18.197, 14.475, 8.356, 0.0, 7.945, 12.213, 14.167, 14.871, 15.223, 16.262, 18.332, 23.085, 28.434, 30.151, 32.183, 38.956, 43.427, 42.592, 44.618, 46.492, 48.319, 50.441, 51.171, 51.964, 50.148, 49.674, 50.811, 52.289, 54.575, 54.087, 53.405, 54.211, 53.988, 55.667, 58.12, 58.051, 60.319, 62.471, 62.862, 63.477, 64.027, 64.295, 64.061, 64.056, 64.808, 65.923, 66.743, 66.756, 65.903, 64.79, 63.864, 63.832, 64.192, 62.954, 61.712, 62.104, 65.263, 65.2, 65.269, 65.648, 65.03, 66.411, 66.355, 66.845, 68.614, 70.406, 70.888, 70.8, 69.936, 68.632], [43.567, 39.959, 39.848, 39.842, 38.589, 36.865, 36.182, 35.676, 35.778, 35.588, 34.299, 32.8, 32.035, 29.406, 28.009, 26.171, 21.993, 18.661, 14.389, 7.945, 0.0, 6.017, 10.136, 11.291, 11.948, 13.583, 16.135, 21.197, 26.743, 28.418, 30.44, 37.479, 42.212, 41.44, 43.781, 45.842, 47.692, 49.765, 50.501, 51.326, 49.573, 49.029, 50.309, 51.93, 54.189, 53.912, 53.342, 54.071, 53.817, 55.501, 58.077, 57.924, 60.163, 62.525, 63.032, 63.64, 64.143, 64.386, 64.115, 64.071, 64.785, 65.902, 66.774, 66.783, 65.933, 64.847, 63.94, 63.97, 64.381, 63.163, 62.008, 62.61, 65.806, 65.751, 65.817, 66.286, 65.612, 66.834, 66.801, 67.14, 68.831, 70.648, 71.122, 71.031, 70.189, 68.915], [44.711, 41.023, 40.839, 40.748, 39.395, 37.604, 36.927, 36.414, 36.527, 36.407, 35.245, 33.855, 33.049, 30.601, 29.305, 27.652, 23.988, 20.86, 17.365, 12.213, 6.017, 0.0, 5.958, 7.511, 8.247, 10.425, 13.405, 18.915, 24.827, 26.456, 28.376, 35.599, 40.611, 39.937, 42.373, 44.36, 46.192, 48.299, 49.073, 49.92, 48.212, 47.748, 49.084, 50.757, 52.994, 52.801, 52.327, 53.03, 52.824, 54.534, 57.053, 56.812, 58.971, 61.335, 61.839, 62.52, 63.052, 63.294, 63.023, 62.962, 63.601, 64.631, 65.485, 65.496, 64.636, 63.517, 62.58, 62.631, 63.071, 61.879, 60.703, 61.351, 64.554, 64.487, 64.541, 65.032, 64.311, 65.459, 65.403, 65.636, 67.289, 69.121, 69.609, 69.489, 68.662, 67.405], [45.0, 41.526, 41.356, 41.288, 39.952, 38.122, 37.413, 36.872, 36.963, 36.84, 35.651, 34.339, 33.534, 31.197, 29.899, 28.136, 24.863, 21.653, 18.397, 14.167, 10.136, 5.958, 0.0, 2.799, 4.414, 6.951, 10.289, 16.578, 22.982, 24.679, 26.567, 33.811, 38.863, 38.301, 40.946, 42.861, 44.557, 46.608, 47.4, 48.288, 46.559, 46.294, 47.652, 49.326, 51.624, 51.37, 50.937, 51.77, 51.686, 53.473, 55.864, 55.543, 57.665, 59.993, 60.452, 61.221, 61.974, 62.294, 62.02, 61.955, 62.566, 63.579, 64.422, 64.435, 63.575, 62.394, 61.418, 61.442, 61.722, 60.489, 59.299, 59.922, 63.106, 62.975, 63.035, 63.474, 62.745, 63.882, 63.751, 64.016, 65.674, 67.408, 67.878, 67.782, 66.935, 65.681], [45.435, 42.05, 41.874, 41.799, 40.532, 38.708, 37.952, 37.394, 37.441, 37.238, 35.975, 34.712, 33.943, 31.636, 30.336, 28.463, 25.2, 22.004, 18.689, 14.871, 11.291, 7.511, 2.799, 0.0, 3.179, 6.348, 9.969, 16.591, 23.152, 24.829, 26.759, 34.156, 39.233, 38.646, 41.314, 43.169, 44.799, 46.814, 47.569, 48.472, 46.735, 46.529, 47.904, 49.573, 51.935, 51.686, 51.23, 52.075, 52.008, 53.819, 56.196, 55.856, 57.964, 60.251, 60.685, 61.464, 62.277, 62.645, 62.383, 62.315, 62.917, 63.915, 64.732, 64.747, 63.886, 62.684, 61.704, 61.728, 61.966, 60.727, 59.553, 60.169, 63.376, 63.232, 63.284, 63.686, 62.96, 64.139, 63.991, 64.243, 65.912, 67.632, 68.098, 68.011, 67.158, 65.908], [45.44, 41.992, 41.798, 41.699, 40.427, 38.64, 37.885, 37.316, 37.376, 37.156, 35.887, 34.682, 33.953, 31.618, 30.277, 28.48, 25.467, 22.414, 19.062, 15.223, 11.948, 8.247, 4.414, 3.179, 0.0, 4.309, 9.182, 16.356, 22.995, 24.659, 26.481, 33.695, 38.744, 38.157, 40.924, 42.943, 44.667, 46.742, 47.495, 48.41, 46.672, 46.469, 47.843, 49.517, 51.885, 51.598, 51.101, 51.948, 51.881, 53.696, 56.082, 55.732, 57.832, 60.13, 60.568, 61.348, 62.177, 62.559, 62.332, 62.299, 62.923, 63.926, 64.724, 64.731, 63.891, 62.774, 61.859, 61.878, 62.136, 60.897, 59.695, 60.302, 63.54, 63.415, 63.465, 63.869, 63.169, 64.377, 64.232, 64.479, 66.142, 67.851, 68.321, 68.221, 67.351, 66.105], [45.372, 42.062, 41.872, 41.817, 40.543, 38.759, 37.986, 37.375, 37.443, 37.248, 35.999, 34.889, 34.207, 31.933, 30.612, 28.903, 26.281, 23.424, 19.964, 16.262, 13.583, 10.425, 6.951, 6.348, 4.309, 0.0, 6.394, 14.782, 21.851, 23.562, 25.447, 32.544, 37.388, 36.981, 40.129, 42.519, 44.488, 46.675, 47.523, 48.476, 46.715, 46.528, 47.866, 49.53, 51.919, 51.516, 50.98, 51.971, 51.95, 53.728, 56.045, 55.647, 57.783, 60.102, 60.544, 61.336, 62.263, 62.689, 62.468, 62.492, 63.157, 64.196, 65.013, 65.019, 64.16, 62.992, 62.061, 62.057, 62.216, 60.913, 59.653, 60.147, 63.262, 63.091, 63.178, 63.575, 62.907, 64.087, 63.859, 64.156, 65.8, 67.384, 67.832, 67.697, 66.738, 65.479], [44.944, 41.618, 41.424, 41.405, 40.014, 38.036, 37.205, 36.636, 36.797, 36.719, 35.553, 34.579, 33.978, 32.049, 30.995, 29.617, 27.5, 24.717, 21.606, 18.332, 16.135, 13.405, 10.289, 9.969, 9.182, 6.394, 0.0, 9.727, 18.022, 19.969, 21.976, 29.859, 35.145, 34.942, 38.58, 41.362, 43.459, 45.781, 46.9, 47.903, 46.129, 45.806, 46.958, 48.619, 51.035, 50.578, 50.084, 51.167, 51.154, 52.863, 55.102, 54.691, 56.819, 59.146, 59.615, 60.405, 61.387, 61.854, 61.601, 61.644, 62.435, 63.653, 64.567, 64.583, 63.738, 62.44, 61.39, 61.362, 61.414, 60.073, 58.828, 59.242, 62.108, 61.859, 61.978, 62.417, 61.811, 62.938, 62.677, 63.04, 64.636, 66.122, 66.554, 66.367, 65.325, 64.046], [44.943, 41.465, 41.274, 41.215, 39.452, 37.135, 36.313, 35.814, 36.125, 36.244, 35.269, 34.438, 33.916, 32.734, 32.318, 31.46, 29.919, 27.581, 25.636, 23.085, 21.197, 18.915, 16.578, 16.591, 16.356, 14.782, 9.727, 0.0, 9.566, 12.071, 14.693, 25.361, 31.905, 31.779, 35.73, 38.902, 41.206, 43.665, 45.088, 46.134, 44.447, 43.97, 44.779, 46.428, 48.787, 48.305, 47.954, 49.173, 49.197, 50.789, 53.013, 52.577, 54.462, 56.715, 57.288, 58.076, 59.152, 59.749, 59.507, 59.532, 60.517, 62.309, 63.629, 63.675, 62.883, 61.466, 60.257, 60.178, 60.164, 58.82, 57.61, 58.016, 60.653, 60.343, 60.447, 60.984, 60.562, 61.595, 61.358, 61.765, 63.239, 64.618, 65.018, 64.779, 63.69, 62.418], [45.913, 42.461, 42.259, 42.102, 40.075, 37.711, 36.976, 36.494, 36.851, 37.124, 36.425, 35.747, 35.267, 34.66, 34.86, 34.501, 33.292, 31.38, 30.438, 28.434, 26.743, 24.827, 22.982, 23.152, 22.995, 21.851, 18.022, 9.566, 0.0, 3.642, 8.38, 22.416, 29.946, 29.843, 33.856, 37.262, 39.9, 42.434, 44.037, 45.095, 43.616, 43.298, 43.864, 45.481, 47.586, 46.952, 46.766, 48.112, 48.19, 49.658, 51.913, 51.449, 52.968, 55.031, 55.703, 56.494, 57.648, 58.393, 58.223, 58.264, 59.353, 61.701, 63.571, 63.659, 62.911, 61.503, 60.194, 60.046, 59.968, 58.603, 57.388, 57.828, 60.327, 59.983, 60.063, 60.616, 60.352, 61.251, 61.108, 61.612, 62.934, 64.27, 64.637, 64.369, 63.274, 62.015], [46.662, 43.259, 43.002, 42.757, 40.716, 38.438, 37.747, 37.245, 37.528, 37.779, 37.206, 36.676, 36.232, 35.719, 35.931, 35.684, 34.618, 32.815, 32.085, 30.151, 28.418, 26.456, 24.679, 24.829, 24.659, 23.562, 19.969, 12.071, 3.642, 0.0, 6.941, 22.02, 29.737, 29.746, 33.83, 37.085, 39.728, 42.241, 43.86, 44.91, 43.519, 43.303, 43.869, 45.503, 47.503, 46.797, 46.648, 48.026, 48.17, 49.573, 51.761, 51.283, 52.666, 54.632, 55.305, 56.111, 57.29, 58.065, 57.917, 57.966, 59.081, 61.492, 63.456, 63.58, 62.837, 61.431, 60.124, 59.946, 59.842, 58.507, 57.322, 57.798, 60.274, 59.927, 60.007, 60.555, 60.321, 61.177, 61.027, 61.521, 62.791, 64.112, 64.473, 64.201, 63.134, 61.898], [47.028, 43.595, 43.253, 42.821, 40.862, 38.818, 38.179, 37.729, 38.012, 38.311, 37.914, 37.629, 37.238, 36.815, 37.126, 37.417, 37.003, 35.237, 34.473, 32.183, 30.44, 28.376, 26.567, 26.759, 26.481, 25.447, 21.976, 14.693, 8.38, 6.941, 0.0, 16.373, 25.106, 25.209, 29.95, 33.664, 36.347, 39.072, 40.971, 42.098, 40.687, 40.421, 41.107, 42.873, 44.792, 44.065, 43.966, 45.34, 45.491, 46.853, 49.04, 48.505, 49.94, 52.118, 52.84, 53.629, 54.857, 55.7, 55.569, 55.653, 56.883, 59.467, 61.546, 61.675, 61.21, 60.273, 59.19, 58.997, 58.843, 57.536, 56.455, 57.102, 59.632, 59.305, 59.364, 59.955, 59.693, 60.63, 60.621, 61.028, 62.314, 63.693, 64.046, 63.829, 62.821, 61.589], [49.096, 46.418, 45.989, 45.359, 43.818, 42.645, 42.197, 41.767, 41.983, 42.352, 42.271, 42.368, 42.035, 41.789, 42.158, 43.053, 44.288, 42.846, 41.553, 38.956, 37.479, 35.599, 33.811, 34.156, 33.695, 32.544, 29.859, 25.361, 22.416, 22.02, 16.373, 0.0, 11.027, 12.174, 18.639, 24.884, 29.176, 33.434, 36.23, 37.425, 35.759, 35.248, 36.224, 37.961, 39.601, 38.706, 38.35, 40.019, 40.385, 41.654, 43.736, 42.904, 44.787, 47.635, 48.512, 49.246, 50.82, 51.97, 51.92, 52.154, 53.559, 56.363, 58.659, 58.745, 58.865, 59.367, 59.091, 58.886, 58.695, 57.329, 56.069, 56.508, 59.054, 58.83, 58.89, 59.545, 59.281, 60.601, 60.753, 60.894, 62.365, 63.781, 64.056, 63.983, 63.012, 61.817], [51.696, 49.778, 49.381, 48.774, 47.555, 46.862, 46.52, 45.966, 45.881, 46.021, 45.991, 46.284, 46.062, 45.958, 46.214, 46.964, 48.808, 47.714, 46.032, 43.427, 42.212, 40.611, 38.863, 39.233, 38.744, 37.388, 35.145, 31.905, 29.946, 29.737, 25.106, 11.027, 0.0, 6.212, 15.835, 24.222, 30.325, 35.59, 38.592, 39.694, 37.844, 37.161, 38.384, 39.982, 41.482, 40.25, 39.452, 41.692, 42.393, 43.453, 45.296, 44.307, 46.414, 49.458, 50.318, 51.035, 52.911, 54.224, 54.216, 54.601, 56.145, 58.969, 61.23, 61.283, 61.537, 62.555, 62.706, 62.487, 62.249, 60.729, 59.098, 59.022, 61.438, 61.291, 61.44, 62.144, 61.975, 63.504, 63.44, 63.388, 64.96, 66.119, 66.299, 66.275, 65.159, 63.935], [51.175, 48.964, 48.551, 47.971, 46.733, 45.982, 45.598, 45.08, 45.036, 45.178, 45.067, 45.22, 44.961, 44.902, 45.222, 45.986, 47.757, 46.63, 45.113, 42.592, 41.44, 39.937, 38.301, 38.646, 38.157, 36.981, 34.942, 31.779, 29.843, 29.746, 25.209, 12.174, 6.212, 0.0, 12.622, 22.713, 29.324, 34.701, 37.678, 38.831, 36.972, 36.149, 37.362, 38.957, 40.614, 39.65, 38.857, 40.902, 41.515, 42.727, 44.869, 43.968, 46.017, 49.053, 49.922, 50.626, 52.427, 53.742, 53.783, 54.264, 55.949, 58.921, 61.245, 61.304, 61.637, 62.721, 62.837, 62.672, 62.572, 61.06, 59.43, 59.457, 62.042, 61.943, 62.032, 62.764, 62.599, 64.205, 64.193, 64.059, 65.676, 67.001, 67.22, 67.184, 66.087, 64.767], [50.831, 49.142, 48.661, 48.271, 47.075, 46.387, 46.17, 45.695, 45.676, 45.9, 45.818, 45.767, 45.273, 45.287, 45.585, 46.2, 48.448, 47.458, 46.346, 44.618, 43.781, 42.373, 40.946, 41.314, 40.924, 40.129, 38.58, 35.73, 33.856, 33.83, 29.95, 18.639, 15.835, 12.622, 0.0, 13.107, 22.226, 29.36, 32.929, 33.847, 31.953, 30.867, 32.066, 33.34, 34.74, 33.938, 33.118, 35.181, 35.971, 37.24, 39.258, 38.301, 40.375, 43.181, 43.959, 44.753, 46.805, 48.248, 48.285, 48.807, 50.41, 53.421, 55.894, 55.983, 56.399, 57.796, 58.093, 57.971, 58.519, 57.456, 55.689, 55.291, 57.923, 58.032, 57.992, 58.778, 58.576, 60.434, 60.51, 60.156, 61.962, 63.586, 63.851, 63.87, 63.091, 61.897], [50.805, 49.874, 49.419, 49.062, 48.064, 47.57, 47.521, 47.026, 46.835, 47.087, 47.149, 47.079, 46.434, 46.41, 46.343, 46.843, 49.573, 48.509, 47.694, 46.492, 45.842, 44.36, 42.861, 43.169, 42.943, 42.519, 41.362, 38.902, 37.262, 37.085, 33.664, 24.884, 24.222, 22.713, 13.107, 0.0, 12.275, 22.005, 26.421, 26.976, 25.455, 25.434, 27.204, 28.315, 28.927, 28.125, 27.485, 29.31, 30.653, 31.795, 32.892, 31.83, 33.802, 36.282, 36.911, 37.864, 40.093, 41.516, 41.457, 41.777, 43.075, 45.891, 48.307, 48.448, 48.813, 50.476, 51.225, 51.106, 52.203, 51.951, 50.471, 50.09, 52.865, 53.192, 52.981, 53.605, 53.221, 55.193, 55.368, 54.799, 56.798, 58.819, 59.126, 59.394, 59.221, 58.234], [52.045, 50.659, 50.288, 49.805, 48.603, 48.079, 48.127, 47.836, 47.915, 48.427, 48.545, 48.352, 47.641, 47.484, 47.229, 48.198, 51.096, 49.67, 49.243, 48.319, 47.692, 46.192, 44.557, 44.799, 44.667, 44.488, 43.459, 41.206, 39.9, 39.728, 36.347, 29.176, 30.325, 29.324, 22.226, 12.275, 0.0, 12.267, 18.377, 18.87, 17.503, 18.524, 21.06, 22.564, 22.973, 22.751, 23.002, 24.48, 26.073, 27.044, 27.465, 26.701, 28.708, 31.136, 31.832, 32.672, 34.662, 35.804, 35.594, 35.774, 37.022, 39.995, 42.421, 42.586, 43.206, 45.334, 46.591, 46.688, 47.676, 48.026, 47.999, 49.095, 52.111, 52.382, 52.028, 52.485, 51.817, 53.558, 54.012, 53.608, 55.518, 57.762, 58.057, 58.669, 59.08, 58.174], [52.928, 51.15, 50.769, 50.251, 48.935, 48.379, 48.38, 48.154, 48.417, 49.227, 49.435, 49.158, 48.449, 48.305, 48.261, 49.802, 52.597, 51.054, 51.142, 50.441, 49.765, 48.299, 46.608, 46.814, 46.742, 46.675, 45.781, 43.665, 42.434, 42.241, 39.072, 33.434, 35.59, 34.701, 29.36, 22.005, 12.267, 0.0, 7.795, 8.936, 8.795, 12.822, 15.762, 17.7, 18.302, 19.225, 20.511, 21.632, 23.117, 24.084, 24.879, 24.508, 26.076, 28.273, 29.091, 29.667, 31.106, 31.98, 31.742, 31.927, 33.395, 36.963, 39.625, 39.79, 40.586, 43.034, 44.54, 44.776, 45.045, 45.144, 46.341, 49.766, 53.556, 53.737, 53.183, 53.452, 52.731, 54.212, 54.85, 54.562, 56.318, 58.709, 58.927, 59.753, 60.319, 59.199], [53.624, 51.81, 51.427, 50.89, 49.532, 48.893, 48.822, 48.559, 48.812, 49.679, 49.897, 49.593, 48.913, 48.765, 48.793, 50.387, 52.962, 51.439, 51.782, 51.171, 50.501, 49.073, 47.4, 47.569, 47.495, 47.523, 46.9, 45.088, 44.037, 43.86, 40.971, 36.23, 38.592, 37.678, 32.929, 26.421, 18.377, 7.795, 0.0, 2.849, 5.701, 12.329, 15.177, 16.784, 17.49, 18.981, 20.143, 20.722, 22.082, 23.244, 24.694, 24.523, 25.669, 27.775, 28.672, 29.169, 30.322, 31.143, 30.988, 31.24, 32.868, 36.625, 39.273, 39.445, 40.248, 42.821, 44.426, 44.636, 44.587, 44.329, 45.623, 50.023, 54.642, 54.951, 54.278, 54.402, 53.72, 55.308, 56.021, 55.69, 57.524, 60.083, 60.275, 61.174, 61.742, 60.475], [54.15, 52.355, 51.976, 51.431, 50.023, 49.402, 49.398, 49.145, 49.381, 50.253, 50.508, 50.212, 49.532, 49.401, 49.397, 50.977, 53.59, 52.072, 52.498, 51.964, 51.326, 49.92, 48.288, 48.472, 48.41, 48.476, 47.903, 46.134, 45.095, 44.91, 42.098, 37.425, 39.694, 38.831, 33.847, 26.976, 18.87, 8.936, 2.849, 0.0, 5.088, 12.105, 15.107, 16.542, 16.853, 18.443, 19.572, 19.891, 21.368, 22.384, 23.681, 23.69, 24.729, 26.747, 27.653, 28.147, 29.267, 30.051, 29.869, 30.102, 31.727, 35.481, 38.1, 38.28, 39.129, 41.858, 43.619, 43.858, 43.925, 43.757, 45.063, 49.5, 54.252, 54.686, 54.012, 54.134, 53.436, 55.079, 55.85, 55.468, 57.358, 60.013, 60.2, 61.17, 61.864, 60.64], [53.261, 51.485, 51.118, 50.601, 49.2, 48.59, 48.653, 48.448, 48.675, 49.425, 49.522, 49.143, 48.449, 48.252, 48.179, 49.605, 52.252, 50.696, 50.758, 50.148, 49.573, 48.212, 46.559, 46.735, 46.672, 46.715, 46.129, 44.447, 43.616, 43.519, 40.687, 35.759, 37.844, 36.972, 31.953, 25.455, 17.503, 8.795, 5.701, 5.088, 0.0, 8.294, 12.571, 14.598, 15.668, 17.128, 18.146, 19.055, 20.591, 21.683, 23.006, 23.034, 24.775, 27.104, 28.044, 28.618, 29.899, 30.693, 30.442, 30.706, 32.444, 36.166, 38.704, 38.873, 39.672, 42.24, 43.927, 44.217, 44.368, 44.113, 45.258, 49.405, 54.125, 54.524, 54.05, 54.334, 53.589, 55.289, 55.98, 55.666, 57.578, 60.092, 60.268, 61.199, 61.812, 60.596], [53.57, 51.572, 51.191, 50.69, 49.221, 48.553, 48.706, 48.689, 49.132, 49.833, 49.776, 49.266, 48.555, 48.353, 48.216, 49.511, 51.95, 50.394, 50.365, 49.674, 49.029, 47.748, 46.294, 46.529, 46.469, 46.528, 45.806, 43.97, 43.298, 43.303, 40.421, 35.248, 37.161, 36.149, 30.867, 25.434, 18.524, 12.822, 12.329, 12.105, 8.294, 0.0, 7.068, 10.75, 13.067, 15.336, 16.526, 18.084, 19.737, 20.701, 22.024, 22.004, 24.269, 26.981, 27.952, 28.467, 29.89, 30.73, 30.39, 30.752, 32.746, 36.578, 39.104, 39.27, 40.105, 42.462, 44.027, 44.448, 44.929, 44.729, 45.749, 49.568, 54.161, 54.58, 54.284, 55.074, 54.355, 56.007, 56.64, 56.205, 58.058, 60.37, 60.519, 61.404, 61.987, 60.829], [54.165, 52.063, 51.637, 51.184, 49.667, 48.816, 48.902, 48.988, 49.736, 50.629, 50.549, 49.952, 49.25, 49.149, 49.152, 50.472, 52.699, 51.067, 51.261, 50.811, 50.309, 49.084, 47.652, 47.904, 47.843, 47.866, 46.958, 44.779, 43.864, 43.869, 41.107, 36.224, 38.384, 37.362, 32.066, 27.204, 21.06, 15.762, 15.177, 15.107, 12.571, 7.068, 0.0, 5.245, 9.238, 12.69, 14.455, 16.238, 17.968, 19.034, 20.499, 20.447, 22.542, 25.117, 26.081, 26.497, 28.061, 29.098, 28.81, 29.253, 31.357, 35.424, 38.109, 38.318, 39.169, 41.332, 42.601, 42.886, 43.302, 43.105, 44.1, 47.933, 52.399, 52.773, 52.415, 53.379, 53.043, 54.789, 55.49, 55.141, 56.95, 59.232, 59.36, 60.24, 60.831, 59.686], [54.822, 52.839, 52.396, 51.97, 50.474, 49.577, 49.634, 49.778, 50.643, 51.66, 51.603, 50.962, 50.263, 50.247, 50.33, 51.607, 53.799, 52.197, 52.514, 52.289, 51.93, 50.757, 49.326, 49.573, 49.517, 49.53, 48.619, 46.428, 45.481, 45.503, 42.873, 37.961, 39.982, 38.957, 33.34, 28.315, 22.564, 17.7, 16.784, 16.542, 14.598, 10.75, 5.245, 0.0, 6.413, 11.459, 13.181, 14.626, 16.422, 17.682, 19.395, 19.272, 21.218, 23.625, 24.559, 24.972, 26.661, 27.86, 27.639, 28.158, 30.356, 34.579, 37.344, 37.575, 38.602, 41.064, 42.366, 42.558, 42.95, 42.701, 43.566, 47.22, 51.678, 52.086, 51.654, 52.544, 52.409, 54.511, 55.308, 54.929, 56.836, 59.198, 59.325, 60.211, 60.776, 59.615], [55.495, 53.688, 53.233, 52.795, 51.383, 50.652, 50.768, 50.881, 51.7, 52.86, 53.127, 52.703, 52.033, 52.051, 52.18, 53.607, 55.872, 54.254, 54.749, 54.575, 54.189, 52.994, 51.624, 51.935, 51.885, 51.919, 51.035, 48.787, 47.586, 47.503, 44.792, 39.601, 41.482, 40.614, 34.74, 28.927, 22.973, 18.302, 17.49, 16.853, 15.668, 13.067, 9.238, 6.413, 0.0, 7.717, 10.689, 11.287, 13.228, 14.437, 16.225, 16.353, 18.101, 20.634, 21.76, 22.213, 23.857, 25.103, 24.925, 25.478, 27.752, 32.192, 35.157, 35.377, 36.698, 39.661, 41.141, 41.339, 41.885, 41.799, 42.691, 46.326, 50.7, 51.217, 50.749, 51.656, 51.518, 53.562, 54.689, 54.331, 56.162, 58.78, 58.958, 59.878, 60.581, 59.498], [54.006, 52.581, 52.102, 51.688, 50.357, 49.736, 49.855, 49.798, 50.391, 51.464, 51.898, 51.841, 51.273, 51.276, 51.493, 52.988, 55.519, 53.905, 54.207, 54.087, 53.912, 52.801, 51.37, 51.686, 51.598, 51.516, 50.578, 48.305, 46.952, 46.797, 44.065, 38.706, 40.25, 39.65, 33.938, 28.125, 22.751, 19.225, 18.981, 18.443, 17.128, 15.336, 12.69, 11.459, 7.717, 0.0, 5.201, 8.503, 10.992, 12.051, 13.658, 14.064, 16.481, 19.215, 20.557, 21.246, 23.133, 24.496, 24.39, 25.064, 27.478, 31.922, 34.936, 35.164, 36.309, 38.969, 40.276, 40.291, 40.682, 40.489, 41.169, 44.312, 48.511, 48.993, 48.669, 49.561, 49.568, 51.618, 52.787, 53.034, 54.881, 57.479, 57.716, 58.59, 59.285, 58.262], [53.172, 51.984, 51.501, 51.075, 49.827, 49.3, 49.406, 49.273, 49.71, 50.647, 51.046, 51.109, 50.616, 50.623, 50.79, 52.163, 54.883, 53.401, 53.534, 53.405, 53.342, 52.327, 50.937, 51.23, 51.101, 50.98, 50.084, 47.954, 46.766, 46.648, 43.966, 38.35, 39.452, 38.857, 33.118, 27.485, 23.002, 20.511, 20.143, 19.572, 18.146, 16.526, 14.455, 13.181, 10.689, 5.201, 0.0, 6.84, 10.296, 11.302, 13.056, 13.171, 15.952, 19.042, 20.482, 21.27, 23.411, 25.013, 25.018, 25.76, 28.318, 32.767, 35.706, 35.924, 36.986, 39.751, 41.22, 41.17, 41.567, 41.138, 41.379, 44.05, 48.417, 49.0, 48.711, 49.528, 49.64, 52.054, 53.076, 53.341, 55.503, 58.132, 58.361, 59.236, 59.827, 58.767], [53.944, 52.535, 52.051, 51.535, 50.218, 49.653, 49.761, 49.736, 50.297, 51.396, 51.909, 51.931, 51.443, 51.425, 51.646, 53.203, 55.664, 53.977, 54.368, 54.211, 54.071, 53.03, 51.77, 52.075, 51.948, 51.971, 51.167, 49.173, 48.112, 48.026, 45.34, 40.019, 41.692, 40.902, 35.181, 29.31, 24.48, 21.632, 20.722, 19.891, 19.055, 18.084, 16.238, 14.626, 11.287, 8.503, 6.84, 0.0, 5.05, 7.037, 10.256, 11.266, 13.788, 17.293, 19.035, 19.841, 21.228, 22.621, 22.739, 23.51, 26.168, 30.704, 33.64, 33.811, 35.132, 38.44, 40.069, 40.135, 40.779, 40.458, 40.908, 44.014, 48.648, 49.377, 49.001, 49.722, 49.705, 52.186, 53.583, 53.751, 55.975, 59.249, 59.619, 60.502, 61.255, 60.175], [53.78, 52.233, 51.749, 51.206, 49.847, 49.206, 49.256, 49.275, 49.955, 51.169, 51.735, 51.743, 51.261, 51.197, 51.642, 53.432, 55.641, 53.819, 54.213, 53.988, 53.817, 52.824, 51.686, 52.008, 51.881, 51.95, 51.154, 49.197, 48.19, 48.17, 45.491, 40.385, 42.393, 41.515, 35.971, 30.653, 26.073, 23.117, 22.082, 21.368, 20.591, 19.737, 17.968, 16.422, 13.228, 10.992, 10.296, 5.05, 0.0, 4.989, 10.876, 12.441, 15.097, 18.841, 20.702, 21.475, 22.316, 23.43, 23.568, 24.298, 26.879, 31.323, 34.211, 34.337, 35.707, 39.018, 40.399, 40.501, 41.129, 40.674, 41.218, 44.493, 49.12, 49.809, 49.443, 50.149, 50.081, 52.49, 54.122, 54.476, 56.587, 60.087, 60.576, 61.367, 62.054, 60.941], [54.703, 53.175, 52.681, 52.1, 50.686, 50.074, 50.203, 50.214, 50.802, 51.96, 52.558, 52.601, 52.112, 52.096, 52.547, 54.577, 57.014, 55.37, 55.909, 55.667, 55.501, 54.534, 53.473, 53.819, 53.696, 53.728, 52.863, 50.789, 49.658, 49.573, 46.853, 41.654, 43.453, 42.727, 37.24, 31.795, 27.044, 24.084, 23.244, 22.384, 21.683, 20.701, 19.034, 17.682, 14.437, 12.051, 11.302, 7.037, 4.989, 0.0, 7.628, 10.05, 12.824, 16.893, 19.052, 19.797, 20.583, 21.706, 21.782, 22.419, 25.022, 29.775, 32.855, 32.976, 34.527, 38.146, 39.739, 39.886, 40.575, 40.204, 41.065, 44.561, 49.116, 49.873, 49.534, 50.285, 50.234, 52.63, 54.269, 54.639, 56.788, 60.295, 60.752, 61.683, 62.57, 61.544], [56.87, 55.575, 55.09, 54.521, 53.086, 52.467, 52.68, 52.679, 53.144, 54.136, 54.678, 54.784, 54.245, 54.233, 54.408, 56.281, 59.176, 57.677, 58.202, 58.12, 58.077, 57.053, 55.864, 56.196, 56.082, 56.045, 55.102, 53.013, 51.913, 51.761, 49.04, 43.736, 45.296, 44.869, 39.258, 32.892, 27.465, 24.879, 24.694, 23.681, 23.006, 22.024, 20.499, 19.395, 16.225, 13.658, 13.056, 10.256, 10.876, 7.628, 0.0, 5.137, 9.081, 13.092, 15.409, 16.249, 17.44, 18.652, 18.506, 18.898, 21.274, 25.917, 28.936, 29.112, 30.878, 34.926, 37.048, 37.19, 38.014, 38.197, 39.429, 42.878, 47.227, 48.049, 47.736, 48.535, 48.444, 50.846, 52.453, 52.796, 55.012, 58.479, 58.879, 60.051, 61.457, 60.726], [56.685, 55.576, 55.086, 54.52, 53.195, 52.65, 52.831, 52.78, 53.18, 54.105, 54.597, 54.696, 54.123, 54.103, 54.209, 55.913, 58.943, 57.713, 58.197, 58.051, 57.924, 56.812, 55.543, 55.856, 55.732, 55.647, 54.691, 52.577, 51.449, 51.283, 48.505, 42.904, 44.307, 43.968, 38.301, 31.83, 26.701, 24.508, 24.523, 23.69, 23.034, 22.004, 20.447, 19.272, 16.353, 14.064, 13.171, 11.266, 12.441, 10.05, 5.137, 0.0, 6.599, 11.776, 14.171, 15.222, 17.192, 18.927, 18.806, 19.015, 21.186, 25.786, 28.896, 29.097, 30.832, 34.959, 37.126, 37.159, 37.935, 38.102, 38.983, 42.068, 46.377, 47.145, 46.776, 47.633, 47.598, 50.094, 51.607, 51.786, 54.068, 57.391, 57.755, 58.948, 60.352, 59.762], [57.695, 56.455, 55.937, 55.331, 53.926, 53.367, 53.607, 53.544, 53.875, 54.804, 55.365, 55.483, 54.919, 55.066, 55.198, 56.992, 60.095, 59.12, 60.241, 60.319, 60.163, 58.971, 57.665, 57.964, 57.832, 57.783, 56.819, 54.462, 52.968, 52.666, 49.94, 44.787, 46.414, 46.017, 40.375, 33.802, 28.708, 26.076, 25.669, 24.729, 24.775, 24.269, 22.542, 21.218, 18.101, 16.481, 15.952, 13.788, 15.097, 12.824, 9.081, 6.599, 0.0, 6.845, 10.27, 11.56, 13.938, 16.264, 16.553, 16.965, 19.498, 24.681, 28.064, 28.326, 30.29, 34.646, 36.95, 36.9, 37.687, 37.988, 38.995, 42.345, 46.722, 47.572, 47.036, 47.869, 48.013, 50.526, 52.104, 52.143, 54.382, 57.776, 58.141, 59.395, 60.87, 60.316], [58.831, 57.592, 57.044, 56.509, 55.023, 54.34, 54.621, 54.589, 54.904, 55.783, 56.291, 56.369, 55.79, 56.08, 56.257, 58.002, 61.227, 60.42, 61.914, 62.471, 62.525, 61.335, 59.993, 60.251, 60.13, 60.102, 59.146, 56.715, 55.031, 54.632, 52.118, 47.635, 49.458, 49.053, 43.181, 36.282, 31.136, 28.273, 27.775, 26.747, 27.104, 26.981, 25.117, 23.625, 20.634, 19.215, 19.042, 17.293, 18.841, 16.893, 13.092, 11.776, 6.845, 0.0, 4.66, 6.626, 9.997, 13.06, 13.654, 14.319, 16.974, 22.346, 25.932, 26.293, 28.296, 32.693, 35.197, 35.089, 35.996, 36.642, 37.885, 41.482, 45.868, 46.775, 46.133, 46.893, 47.116, 49.674, 51.293, 51.386, 53.598, 56.991, 57.329, 58.662, 60.365, 59.862], [59.106, 57.897, 57.332, 56.842, 55.395, 54.683, 54.971, 54.961, 55.282, 56.125, 56.566, 56.594, 56.006, 56.309, 56.448, 58.092, 61.318, 60.588, 62.153, 62.862, 63.032, 61.839, 60.452, 60.685, 60.568, 60.544, 59.615, 57.288, 55.703, 55.305, 52.84, 48.512, 50.318, 49.922, 43.959, 36.911, 31.832, 29.091, 28.672, 27.653, 28.044, 27.952, 26.081, 24.559, 21.76, 20.557, 20.482, 19.035, 20.702, 19.052, 15.409, 14.171, 10.27, 4.66, 0.0, 3.519, 8.423, 11.826, 12.492, 13.386, 16.01, 21.132, 24.669, 25.058, 27.069, 31.5, 34.117, 33.981, 34.979, 35.863, 37.121, 40.725, 45.104, 46.021, 45.317, 46.079, 46.259, 48.849, 50.426, 50.445, 52.686, 56.036, 56.376, 57.718, 59.494, 59.072], [59.681, 58.374, 57.802, 57.311, 55.846, 55.099, 55.377, 55.395, 55.765, 56.631, 57.049, 57.047, 56.462, 56.781, 56.932, 58.631, 61.872, 61.168, 62.777, 63.477, 63.64, 62.52, 61.221, 61.464, 61.348, 61.336, 60.405, 58.076, 56.494, 56.111, 53.629, 49.246, 51.035, 50.626, 44.753, 37.864, 32.672, 29.667, 29.169, 28.147, 28.618, 28.467, 26.497, 24.972, 22.213, 21.246, 21.27, 19.841, 21.475, 19.797, 16.249, 15.222, 11.56, 6.626, 3.519, 0.0, 6.447, 10.452, 11.277, 12.488, 15.491, 20.876, 24.505, 24.897, 27.08, 31.708, 34.468, 34.354, 35.254, 36.23, 37.731, 41.568, 45.93, 46.83, 46.068, 46.815, 47.006, 49.566, 51.192, 51.216, 53.435, 56.726, 57.044, 58.395, 60.162, 59.735], [60.143, 58.654, 58.104, 57.561, 56.044, 55.244, 55.531, 55.624, 56.101, 57.096, 57.58, 57.553, 56.96, 57.253, 57.442, 59.341, 62.469, 61.646, 63.364, 64.027, 64.143, 63.052, 61.974, 62.277, 62.177, 62.263, 61.387, 59.152, 57.648, 57.29, 54.857, 50.82, 52.911, 52.427, 46.805, 40.093, 34.662, 31.106, 30.322, 29.267, 29.899, 29.89, 28.061, 26.661, 23.857, 23.133, 23.411, 21.228, 22.316, 20.583, 17.44, 17.192, 13.938, 9.997, 8.423, 6.447, 0.0, 4.863, 6.682, 9.017, 13.387, 19.386, 23.163, 23.523, 25.91, 30.834, 33.658, 33.687, 34.62, 35.606, 37.608, 42.186, 46.637, 47.556, 46.808, 47.522, 47.559, 49.997, 51.837, 51.96, 54.088, 57.666, 58.06, 59.377, 61.196, 60.663], [60.639, 59.043, 58.521, 57.948, 56.359, 55.538, 55.872, 56.026, 56.572, 57.646, 58.173, 58.117, 57.502, 57.734, 57.873, 59.842, 62.884, 61.918, 63.661, 64.295, 64.386, 63.294, 62.294, 62.645, 62.559, 62.689, 61.854, 59.749, 58.393, 58.065, 55.7, 51.97, 54.224, 53.742, 48.248, 41.516, 35.804, 31.98, 31.143, 30.051, 30.693, 30.73, 29.098, 27.86, 25.103, 24.496, 25.013, 22.621, 23.43, 21.706, 18.652, 18.927, 16.264, 13.06, 11.826, 10.452, 4.863, 0.0, 3.249, 6.995, 12.329, 18.402, 22.026, 22.346, 24.757, 29.773, 32.681, 32.845, 33.889, 34.973, 37.323, 42.26, 46.689, 47.633, 46.946, 47.672, 47.536, 49.812, 51.709, 51.891, 53.942, 57.677, 58.131, 59.451, 61.37, 60.811], [60.668, 59.084, 58.567, 58.01, 56.393, 55.534, 55.872, 56.052, 56.629, 57.709, 58.223, 58.144, 57.508, 57.745, 57.878, 59.807, 62.816, 61.794, 63.465, 64.061, 64.115, 63.023, 62.02, 62.383, 62.332, 62.468, 61.601, 59.507, 58.223, 57.917, 55.569, 51.92, 54.216, 53.783, 48.285, 41.457, 35.594, 31.742, 30.988, 29.869, 30.442, 30.39, 28.81, 27.639, 24.925, 24.39, 25.018, 22.739, 23.568, 21.782, 18.506, 18.806, 16.553, 13.654, 12.492, 11.277, 6.682, 3.249, 0.0, 4.568, 10.599, 17.018, 20.73, 21.057, 23.442, 28.441, 31.43, 31.663, 32.77, 33.913, 36.352, 41.381, 45.82, 46.779, 46.115, 46.871, 46.634, 48.849, 50.759, 50.932, 52.987, 56.708, 57.143, 58.536, 60.554, 60.012], [60.651, 59.154, 58.631, 58.081, 56.492, 55.636, 55.968, 56.161, 56.75, 57.838, 58.363, 58.275, 57.611, 57.847, 57.986, 59.88, 62.876, 61.837, 63.468, 64.056, 6