[[0.0, 5.564, 6.398, 8.011, 8.596, 12.149, 15.747, 17.293, 19.942, 20.953, 21.301, 23.404, 26.712, 26.96, 26.208, 28.13, 30.799, 32.84, 37.065, 44.692, 49.195, 48.882, 50.365, 53.357, 56.632, 57.54, 57.052, 57.278, 56.868, 55.897, 57.568, 60.434, 60.319, 59.642, 59.306, 58.672, 58.598, 59.413, 60.641, 61.182, 60.882, 62.103, 62.951, 62.508, 62.353, 63.471, 65.637, 68.767, 69.258, 67.941, 66.912, 65.926, 65.211, 64.386, 63.991, 64.435, 64.224, 63.557, 62.709, 62.544, 63.56, 64.794, 66.573, 67.373, 65.617, 62.921, 62.588, 63.309, 64.453, 65.198, 65.05, 64.984, 64.725, 64.195, 63.765, 63.637, 63.798, 63.675, 62.584, 60.542, 59.3, 57.613, 56.857, 57.522, 57.401, 57.243], [5.564, 0.0, 2.91, 6.173, 6.832, 11.488, 15.7, 17.476, 20.034, 20.973, 21.257, 23.575, 27.096, 27.195, 26.037, 27.825, 30.56, 32.652, 36.797, 44.051, 48.352, 48.034, 49.467, 52.375, 55.616, 56.547, 56.07, 56.294, 55.974, 55.009, 56.64, 59.555, 59.485, 58.857, 58.68, 58.204, 58.124, 58.923, 60.136, 60.644, 60.359, 61.561, 62.39, 61.952, 61.776, 62.876, 65.009, 68.087, 68.607, 67.363, 66.371, 65.389, 64.688, 63.904, 63.548, 64.016, 63.791, 63.101, 62.236, 62.062, 63.077, 64.323, 66.07, 66.88, 65.287, 62.663, 62.247, 62.889, 64.0, 64.748, 64.675, 64.694, 64.5, 64.003, 63.618, 63.607, 63.856, 63.753, 62.716, 60.701, 59.495, 57.859, 57.059, 57.723, 57.646, 57.474], [6.398, 2.91, 0.0, 4.35, 5.519, 10.499, 14.946, 16.851, 19.558, 20.515, 20.782, 23.159, 26.829, 26.914, 25.626, 27.368, 30.129, 32.232, 36.408, 43.668, 47.968, 47.645, 49.138, 52.143, 55.43, 56.39, 55.948, 56.179, 55.858, 54.902, 56.561, 59.51, 59.451, 58.81, 58.619, 58.159, 58.116, 58.921, 60.128, 60.649, 60.367, 61.593, 62.445, 62.015, 61.827, 62.879, 64.952, 68.024, 68.551, 67.273, 66.26, 65.27, 64.574, 63.796, 63.466, 63.95, 63.734, 63.056, 62.191, 61.998, 63.003, 64.239, 65.98, 66.808, 65.222, 62.577, 62.146, 62.799, 63.929, 64.68, 64.587, 64.594, 64.391, 63.883, 63.48, 63.45, 63.682, 63.582, 62.567, 60.588, 59.423, 57.793, 56.995, 57.685, 57.63, 57.474], [8.011, 6.173, 4.35, 0.0, 3.43, 9.922, 14.789, 16.529, 18.982, 19.91, 20.114, 22.539, 26.435, 26.438, 24.671, 26.019, 28.72, 30.871, 35.304, 42.656, 46.97, 46.617, 48.173, 51.423, 54.883, 55.893, 55.457, 55.668, 55.342, 54.408, 55.98, 58.93, 58.896, 58.218, 58.02, 57.559, 57.529, 58.348, 59.548, 60.089, 59.814, 61.114, 62.017, 61.603, 61.431, 62.432, 64.325, 67.337, 68.007, 66.755, 65.71, 64.703, 63.965, 63.166, 62.864, 63.404, 63.245, 62.601, 61.7, 61.46, 62.429, 63.631, 65.354, 66.233, 64.756, 62.114, 61.635, 62.291, 63.438, 64.185, 64.035, 64.048, 63.859, 63.355, 62.975, 62.976, 63.241, 63.151, 62.161, 60.249, 59.235, 57.682, 56.831, 57.562, 57.572, 57.44], [8.596, 6.832, 5.519, 3.43, 0.0, 7.563, 12.78, 14.583, 17.219, 18.232, 18.437, 20.884, 24.845, 24.939, 23.483, 25.296, 28.179, 30.39, 34.932, 42.448, 46.882, 46.59, 48.195, 51.433, 54.868, 55.857, 55.404, 55.63, 55.303, 54.329, 55.924, 58.864, 58.788, 58.11, 57.91, 57.449, 57.414, 58.246, 59.485, 60.043, 59.763, 61.061, 61.965, 61.566, 61.432, 62.483, 64.427, 67.42, 68.06, 66.806, 65.762, 64.775, 64.062, 63.271, 62.935, 63.431, 63.243, 62.599, 61.703, 61.468, 62.44, 63.639, 65.365, 66.251, 64.735, 62.094, 61.668, 62.358, 63.527, 64.287, 64.136, 64.137, 63.924, 63.395, 63.015, 63.019, 63.282, 63.182, 62.205, 60.327, 59.281, 57.714, 56.868, 57.575, 57.561, 57.406], [12.149, 11.488, 10.499, 9.922, 7.563, 0.0, 6.049, 8.85, 12.753, 14.1, 14.475, 17.14, 21.461, 21.917, 21.657, 24.862, 28.118, 30.424, 35.196, 43.025, 47.628, 47.33, 48.975, 52.29, 55.725, 56.687, 56.2, 56.476, 56.19, 55.158, 56.911, 59.929, 59.804, 59.135, 58.868, 58.353, 58.347, 59.244, 60.595, 61.258, 60.986, 62.264, 63.154, 62.741, 62.635, 63.739, 65.802, 68.823, 69.347, 67.975, 66.904, 65.975, 65.36, 64.611, 64.255, 64.728, 64.547, 63.949, 63.097, 62.861, 63.81, 64.976, 66.7, 67.609, 65.966, 63.244, 62.869, 63.614, 64.828, 65.606, 65.348, 65.16, 64.806, 64.238, 63.889, 63.848, 64.057, 63.945, 62.977, 61.179, 60.105, 58.489, 57.684, 58.372, 58.316, 58.109], [15.747, 15.7, 14.946, 14.789, 12.78, 6.049, 0.0, 4.927, 10.565, 12.238, 12.621, 15.399, 19.89, 20.77, 21.638, 25.558, 28.778, 30.967, 35.773, 43.752, 48.393, 48.158, 49.781, 52.988, 56.418, 57.384, 56.909, 57.264, 57.005, 55.902, 57.733, 60.751, 60.569, 59.907, 59.605, 59.081, 59.093, 60.013, 61.418, 62.117, 61.867, 63.131, 64.015, 63.61, 63.529, 64.666, 66.796, 69.804, 70.253, 68.905, 67.907, 67.051, 66.516, 65.807, 65.379, 65.745, 65.524, 64.965, 64.161, 63.923, 64.822, 65.928, 67.632, 68.571, 66.867, 64.175, 63.887, 64.637, 65.819, 66.551, 66.234, 65.925, 65.481, 64.899, 64.568, 64.462, 64.588, 64.459, 63.505, 61.747, 60.625, 59.001, 58.224, 58.822, 58.698, 58.449], [17.293, 17.476, 16.851, 16.529, 14.583, 8.85, 4.927, 0.0, 6.581, 8.902, 9.467, 12.544, 17.462, 18.449, 19.718, 24.274, 27.783, 30.071, 35.148, 43.339, 47.955, 47.785, 49.616, 53.074, 56.676, 57.644, 57.137, 57.569, 57.37, 56.294, 58.191, 61.206, 60.981, 60.298, 59.959, 59.381, 59.376, 60.308, 61.725, 62.463, 62.238, 63.646, 64.646, 64.217, 64.094, 65.23, 67.389, 70.402, 70.859, 69.492, 68.465, 67.64, 67.148, 66.423, 65.988, 66.34, 66.078, 65.503, 64.684, 64.455, 65.372, 66.444, 68.124, 69.066, 67.29, 64.536, 64.328, 65.144, 66.321, 67.086, 66.788, 66.469, 65.988, 65.365, 65.055, 64.936, 65.047, 64.958, 64.032, 62.285, 61.134, 59.482, 58.697, 59.289, 59.176, 58.906], [19.942, 20.034, 19.558, 18.982, 17.219, 12.753, 10.565, 6.581, 0.0, 3.499, 4.955, 9.02, 14.718, 15.54, 17.073, 22.567, 26.582, 29.085, 34.543, 42.792, 47.231, 47.019, 48.935, 52.755, 56.68, 57.65, 57.046, 57.568, 57.532, 56.6, 58.564, 61.58, 61.337, 60.61, 60.197, 59.523, 59.478, 60.442, 61.862, 62.678, 62.475, 64.04, 65.239, 64.774, 64.554, 65.663, 67.873, 70.942, 71.421, 69.935, 68.763, 67.91, 67.418, 66.683, 66.324, 66.799, 66.589, 65.989, 65.104, 64.862, 65.82, 66.885, 68.541, 69.465, 67.627, 64.728, 64.5, 65.416, 66.627, 67.522, 67.312, 67.045, 66.562, 65.903, 65.684, 65.65, 65.852, 65.871, 65.0, 63.282, 62.148, 60.478, 59.65, 60.291, 60.287, 60.019], [20.953, 20.973, 20.515, 19.91, 18.232, 14.1, 12.238, 8.902, 3.499, 0.0, 3.183, 8.655, 14.633, 15.297, 16.801, 22.575, 26.673, 29.118, 34.574, 42.672, 46.952, 46.715, 48.543, 52.426, 56.508, 57.533, 56.913, 57.49, 57.562, 56.677, 58.59, 61.618, 61.4, 60.658, 60.213, 59.513, 59.459, 60.407, 61.82, 62.671, 62.478, 64.025, 65.27, 64.841, 64.587, 65.643, 67.859, 70.979, 71.455, 69.923, 68.714, 67.846, 67.351, 66.668, 66.423, 66.998, 66.835, 66.217, 65.291, 65.013, 65.973, 67.037, 68.676, 69.638, 67.871, 64.901, 64.573, 65.513, 66.769, 67.778, 67.692, 67.517, 67.078, 66.416, 66.218, 66.208, 66.44, 66.506, 65.667, 63.966, 62.827, 61.147, 60.321, 60.985, 61.038, 60.788], [21.301, 21.257, 20.782, 20.114, 18.437, 14.475, 12.621, 9.467, 4.955, 3.183, 0.0, 7.361, 14.145, 14.765, 16.077, 21.89, 25.875, 28.039, 33.396, 41.561, 45.851, 45.637, 47.523, 51.45, 55.575, 56.64, 56.041, 56.594, 56.648, 55.799, 57.715, 60.692, 60.47, 59.751, 59.321, 58.633, 58.575, 59.501, 60.895, 61.734, 61.536, 63.093, 64.354, 63.959, 63.754, 64.795, 66.967, 70.078, 70.53, 68.997, 67.816, 66.977, 66.493, 65.793, 65.516, 66.061, 65.892, 65.312, 64.4, 64.08, 65.003, 66.048, 67.668, 68.634, 66.884, 63.948, 63.628, 64.557, 65.839, 66.88, 66.82, 66.666, 66.234, 65.548, 65.308, 65.269, 65.492, 65.55, 64.719, 63.063, 61.96, 60.314, 59.517, 60.178, 60.232, 60.008], [23.404, 23.575, 23.159, 22.539, 20.884, 17.14, 15.399, 12.544, 9.02, 8.655, 7.361, 0.0, 7.642, 8.872, 12.143, 19.759, 24.294, 26.864, 32.903, 41.578, 45.931, 45.749, 47.862, 51.929, 55.939, 56.863, 56.153, 56.757, 56.875, 56.014, 57.99, 61.023, 60.645, 59.838, 59.366, 58.5, 58.373, 59.354, 60.885, 61.79, 61.586, 63.218, 64.453, 63.948, 63.776, 65.112, 67.579, 70.693, 70.976, 69.218, 67.913, 67.052, 66.498, 65.713, 65.525, 66.137, 65.916, 65.267, 64.393, 64.248, 65.315, 66.363, 67.972, 68.883, 66.856, 63.754, 63.65, 64.776, 66.085, 67.124, 66.971, 66.625, 65.919, 65.166, 65.056, 65.021, 65.23, 65.318, 64.513, 62.944, 61.816, 60.106, 59.398, 60.122, 60.129, 59.852], [26.712, 27.096, 26.829, 26.435, 24.845, 21.461, 19.89, 17.462, 14.718, 14.633, 14.145, 7.642, 0.0, 3.746, 11.644, 20.594, 25.463, 28.458, 34.711, 43.492, 47.821, 47.625, 49.716, 53.679, 57.433, 58.145, 57.309, 57.998, 58.247, 57.376, 59.403, 62.52, 61.96, 61.012, 60.46, 59.375, 59.195, 60.259, 61.955, 62.927, 62.714, 64.355, 65.517, 64.888, 64.712, 66.35, 69.259, 72.491, 72.582, 70.563, 69.113, 68.202, 67.587, 66.769, 66.712, 67.405, 67.158, 66.41, 65.59, 65.689, 66.928, 67.997, 69.612, 70.45, 68.125, 64.846, 64.972, 66.34, 67.629, 68.646, 68.44, 67.941, 66.969, 66.146, 66.169, 66.14, 66.344, 66.482, 65.701, 64.189, 62.978, 61.142, 60.506, 61.275, 61.239, 60.915], [26.96, 27.195, 26.914, 26.438, 24.939, 21.917, 20.77, 18.449, 15.54, 15.297, 14.765, 8.872, 3.746, 0.0, 9.243, 18.923, 24.104, 27.161, 33.47, 42.241, 46.502, 46.176, 48.253, 52.356, 56.197, 56.93, 56.083, 56.764, 57.063, 56.296, 58.337, 61.493, 60.965, 59.992, 59.428, 58.304, 58.124, 59.215, 60.933, 61.934, 61.718, 63.397, 64.592, 63.942, 63.746, 65.36, 68.268, 71.582, 71.729, 69.683, 68.198, 67.269, 66.637, 65.825, 65.842, 66.631, 66.437, 65.685, 64.855, 64.956, 66.205, 67.287, 68.89, 69.712, 67.405, 64.052, 64.115, 65.514, 66.827, 67.912, 67.761, 67.312, 66.363, 65.539, 65.58, 65.582, 65.819, 65.968, 65.191, 63.705, 62.547, 60.721, 60.077, 60.883, 60.883, 60.569], [26.208, 26.037, 25.626, 24.671, 23.483, 21.657, 21.638, 19.718, 17.073, 16.801, 16.077, 12.143, 11.644, 9.243, 0.0, 10.695, 16.815, 20.402, 27.742, 36.869, 41.222, 40.667, 42.852, 47.255, 51.333, 52.232, 51.458, 52.039, 52.315, 51.719, 53.645, 56.827, 56.492, 55.55, 55.091, 54.095, 53.926, 55.025, 56.753, 57.793, 57.598, 59.382, 60.693, 60.078, 59.824, 61.331, 63.882, 67.039, 67.626, 66.076, 64.763, 63.819, 63.183, 62.479, 62.631, 63.608, 63.547, 62.821, 61.951, 61.964, 63.087, 64.126, 65.644, 66.422, 64.41, 61.001, 60.738, 61.978, 63.243, 64.292, 64.121, 63.8, 63.083, 62.423, 62.597, 62.822, 63.157, 63.273, 62.581, 61.095, 60.1, 58.44, 57.599, 58.405, 58.51, 58.189], [28.13, 27.825, 27.368, 26.019, 25.296, 24.862, 25.558, 24.274, 22.567, 22.575, 21.89, 19.759, 20.594, 18.923, 10.695, 0.0, 7.195, 12.714, 22.983, 33.118, 37.895, 37.114, 39.231, 43.518, 47.691, 48.765, 48.138, 48.488, 48.453, 47.974, 49.368, 52.221, 52.128, 51.253, 50.921, 50.167, 50.015, 51.052, 52.802, 53.847, 53.66, 55.445, 56.821, 56.318, 56.041, 57.458, 59.459, 62.222, 63.446, 62.956, 62.148, 61.179, 60.282, 59.483, 59.618, 60.623, 60.698, 60.053, 59.145, 59.085, 60.006, 60.968, 62.409, 63.037, 61.516, 58.402, 57.876, 58.86, 60.008, 60.765, 60.284, 59.959, 59.464, 59.007, 59.348, 59.852, 60.292, 60.371, 59.821, 58.303, 57.591, 56.2, 54.969, 55.629, 55.841, 55.558], [30.799, 30.56, 30.129, 28.72, 28.179, 28.118, 28.778, 27.783, 26.582, 26.673, 25.875, 24.294, 25.463, 24.104, 16.815, 7.195, 0.0, 7.72, 20.565, 31.552, 36.679, 35.811, 37.823, 41.85, 46.018, 47.222, 46.731, 46.866, 46.499, 46.085, 47.051, 49.522, 49.586, 48.775, 48.483, 47.909, 47.781, 48.717, 50.463, 51.488, 51.299, 53.05, 54.47, 54.136, 53.988, 55.349, 56.988, 59.492, 61.005, 61.255, 60.918, 60.011, 58.919, 58.003, 58.067, 58.973, 59.107, 58.588, 57.702, 57.558, 58.274, 59.149, 60.549, 61.103, 60.003, 57.281, 56.658, 57.461, 58.563, 59.112, 58.354, 57.964, 57.589, 57.216, 57.589, 58.171, 58.624, 58.661, 58.153, 56.618, 56.081, 54.906, 53.513, 54.039, 54.323, 54.126], [32.84, 32.652, 32.232, 30.871, 30.39, 30.424, 30.967, 30.071, 29.085, 29.118, 28.039, 26.864, 28.458, 27.161, 20.402, 12.714, 7.72, 0.0, 14.189, 26.228, 32.039, 31.405, 33.812, 37.859, 41.991, 43.318, 42.983, 43.006, 42.406, 42.128, 43.34, 45.741, 45.862, 45.144, 44.833, 44.391, 44.332, 45.249, 46.928, 47.906, 47.71, 49.601, 51.23, 51.103, 51.171, 52.495, 53.989, 56.428, 57.834, 58.219, 58.159, 57.59, 56.993, 56.325, 56.235, 56.943, 57.019, 56.688, 55.958, 55.618, 55.997, 56.668, 57.96, 58.555, 57.633, 55.107, 54.469, 55.126, 56.219, 56.739, 55.964, 55.674, 55.492, 55.124, 55.395, 55.888, 56.278, 56.23, 55.619, 54.031, 53.438, 52.428, 51.305, 51.853, 52.084, 51.87], [37.065, 36.797, 36.408, 35.304, 34.932, 35.196, 35.773, 35.148, 34.543, 34.574, 33.396, 32.903, 34.711, 33.47, 27.742, 22.983, 20.565, 14.189, 0.0, 13.917, 21.599, 21.849, 25.645, 29.844, 33.37, 34.678, 34.625, 34.597, 33.874, 33.851, 36.264, 39.222, 39.389, 38.833, 38.514, 38.254, 38.341, 39.379, 40.922, 41.744, 41.544, 43.773, 45.764, 45.85, 46.221, 47.546, 49.053, 51.555, 52.465, 52.392, 52.433, 52.581, 53.706, 54.102, 53.898, 54.357, 54.265, 54.118, 53.742, 53.143, 52.978, 53.247, 54.259, 54.976, 54.107, 51.504, 50.797, 51.256, 52.254, 52.848, 52.433, 52.592, 52.83, 52.474, 52.548, 52.961, 53.33, 53.132, 52.176, 50.387, 49.501, 48.644, 48.319, 49.198, 49.254, 48.877], [44.692, 44.051, 43.668, 42.656, 42.448, 43.025, 43.752, 43.339, 42.792, 42.672, 41.561, 41.578, 43.492, 42.241, 36.869, 33.118, 31.552, 26.228, 13.917, 0.0, 9.318, 11.693, 17.701, 22.362, 25.405, 26.922, 27.171, 27.277, 27.415, 27.537, 30.558, 34.343, 34.686, 34.298, 34.292, 34.382, 34.525, 35.539, 36.754, 37.333, 37.216, 39.627, 41.843, 42.041, 42.375, 43.452, 44.8, 47.25, 48.023, 47.74, 47.781, 48.382, 51.06, 52.849, 53.055, 53.52, 53.301, 53.199, 53.032, 52.266, 51.697, 51.578, 52.133, 53.139, 52.815, 50.046, 48.948, 49.079, 49.798, 50.563, 50.894, 51.814, 52.683, 52.559, 52.644, 53.27, 53.807, 53.629, 52.783, 51.065, 49.94, 49.255, 49.328, 50.34, 50.393, 49.946], [49.195, 48.352, 47.968, 46.97, 46.882, 47.628, 48.393, 47.955, 47.231, 46.952, 45.851, 45.931, 47.821, 46.502, 41.222, 37.895, 36.679, 32.039, 21.599, 9.318, 0.0, 6.902, 14.553, 19.906, 23.324, 25.111, 25.359, 25.812, 27.029, 27.123, 29.839, 33.988, 34.391, 34.038, 34.225, 34.348, 34.413, 35.29, 36.308, 36.842, 36.836, 39.253, 41.478, 41.596, 41.661, 42.465, 43.857, 46.422, 47.121, 46.638, 46.543, 47.161, 50.205, 52.617, 53.428, 54.122, 53.834, 53.639, 53.475, 52.732, 52.195, 51.994, 52.322, 53.595, 53.643, 50.689, 49.35, 49.42, 50.059, 51.137, 52.083, 53.413, 54.484, 54.46, 54.607, 55.321, 55.926, 55.903, 55.319, 53.743, 52.497, 51.769, 51.852, 52.833, 52.99, 52.607], [48.882, 48.034, 47.645, 46.617, 46.59, 47.33, 48.158, 47.785, 47.019, 46.715, 45.637, 45.749, 47.625, 46.176, 40.667, 37.114, 35.811, 31.405, 21.849, 11.693, 6.902, 0.0, 9.42, 17.112, 21.826, 23.997, 24.159, 24.373, 25.509, 26.049, 28.843, 33.024, 33.493, 33.052, 33.104, 33.057, 33.119, 34.161, 35.429, 36.132, 36.149, 38.565, 40.7, 40.644, 40.591, 41.277, 42.695, 45.596, 46.555, 46.117, 45.938, 46.296, 48.9, 51.044, 51.924, 53.085, 53.273, 53.11, 52.865, 52.11, 51.632, 51.556, 52.012, 53.193, 53.245, 50.145, 48.612, 48.754, 49.478, 50.649, 51.613, 52.93, 53.919, 53.843, 53.947, 54.681, 55.403, 55.424, 54.826, 53.319, 52.254, 51.534, 51.437, 52.449, 52.79, 52.517], [50.365, 49.467, 49.138, 48.173, 48.195, 48.975, 49.781, 49.616, 48.935, 48.543, 47.523, 47.862, 49.716, 48.253, 42.852, 39.231, 37.823, 33.812, 25.645, 17.701, 14.553, 9.42, 0.0, 10.269, 17.451, 20.63, 20.921, 21.594, 23.33, 24.259, 26.554, 30.575, 31.11, 30.482, 30.47, 30.424, 30.55, 31.725, 33.195, 34.071, 34.136, 36.308, 38.248, 38.105, 37.988, 38.509, 39.951, 43.387, 44.898, 44.875, 44.853, 45.177, 47.608, 49.702, 50.418, 51.852, 52.633, 52.572, 52.212, 51.359, 50.782, 50.673, 51.152, 52.351, 52.752, 49.697, 47.854, 47.934, 48.612, 49.895, 51.21, 52.897, 54.097, 54.098, 54.257, 55.151, 56.082, 56.133, 55.481, 53.911, 52.813, 52.133, 51.832, 52.702, 53.161, 52.893], [53.357, 52.375, 52.143, 51.423, 51.433, 52.29, 52.988, 53.074, 52.755, 52.426, 51.45, 51.929, 53.679, 52.356, 47.255, 43.518, 41.85, 37.859, 29.844, 22.362, 19.906, 17.112, 10.269, 0.0, 9.679, 14.588, 15.585, 16.955, 19.255, 20.177, 22.223, 26.045, 26.676, 26.201, 26.377, 26.765, 27.072, 28.298, 29.756, 30.604, 30.698, 32.449, 34.273, 34.402, 34.558, 35.126, 36.628, 40.239, 41.959, 42.661, 43.196, 43.9, 46.867, 49.414, 49.912, 50.98, 51.781, 51.934, 51.766, 50.856, 49.96, 49.623, 49.945, 51.12, 51.854, 49.229, 47.34, 47.127, 47.586, 48.715, 50.123, 52.019, 53.558, 53.738, 54.034, 55.156, 56.137, 56.087, 55.391, 53.663, 52.273, 51.667, 51.394, 52.088, 52.496, 52.136], [56.632, 55.616, 55.43, 54.883, 54.868, 55.725, 56.418, 56.676, 56.68, 56.508, 55.575, 55.939, 57.433, 56.197, 51.333, 47.691, 46.018, 41.991, 33.37, 25.405, 23.324, 21.826, 17.451, 9.679, 0.0, 6.501, 9.107, 10.875, 13.958, 14.957, 18.09, 22.359, 22.866, 22.689, 23.109, 23.836, 24.386, 25.782, 27.244, 28.037, 28.183, 29.702, 31.421, 31.616, 31.999, 32.82, 34.648, 38.073, 38.984, 39.388, 40.189, 41.402, 45.399, 48.69, 49.365, 50.257, 50.812, 51.027, 51.371, 50.734, 49.639, 49.111, 49.216, 50.227, 50.831, 48.31, 46.532, 46.146, 46.354, 47.282, 48.613, 50.52, 52.224, 52.543, 53.003, 54.345, 55.352, 55.206, 54.558, 52.903, 51.29, 50.764, 50.904, 51.792, 52.15, 51.686], [57.54, 56.547, 56.39, 55.893, 55.857, 56.687, 57.384, 57.644, 57.65, 57.533, 56.64, 56.863, 58.145, 56.93, 52.232, 48.765, 47.222, 43.318, 34.678, 26.922, 25.111, 23.997, 20.63, 14.588, 6.501, 0.0, 4.313, 7.751, 12.229, 13.359, 17.363, 21.898, 22.066, 21.856, 22.257, 22.846, 23.421, 24.983, 26.603, 27.497, 27.693, 29.244, 30.895, 30.85, 31.191, 32.309, 34.584, 37.884, 37.887, 37.446, 38.095, 39.574, 44.048, 47.682, 48.639, 49.628, 50.073, 50.169, 50.74, 50.489, 49.492, 48.914, 48.954, 49.871, 50.172, 47.417, 45.739, 45.443, 45.592, 46.552, 47.943, 49.848, 51.493, 51.854, 52.487, 53.944, 55.013, 54.913, 54.322, 52.706, 50.95, 50.413, 50.843, 51.935, 52.27, 51.72], [57.052, 56.07, 55.948, 55.457, 55.404, 56.2, 56.909, 57.137, 57.046, 56.913, 56.041, 56.153, 57.309, 56.083, 51.458, 48.138, 46.731, 42.983, 34.625, 27.171, 25.359, 24.159, 20.921, 15.585, 9.107, 4.313, 0.0, 6.073, 12.028, 13.298, 17.464, 22.193, 22.175, 21.806, 22.099, 22.415, 22.894, 24.605, 26.376, 27.357, 27.562, 29.22, 30.855, 30.669, 30.994, 32.306, 34.918, 38.347, 38.132, 37.269, 37.607, 38.987, 43.416, 47.084, 48.211, 49.331, 49.803, 49.847, 50.39, 50.297, 49.492, 48.979, 49.042, 49.968, 50.099, 47.111, 45.446, 45.277, 45.482, 46.558, 48.039, 49.923, 51.455, 51.795, 52.501, 53.979, 55.09, 55.041, 54.443, 52.813, 51.01, 50.409, 50.851, 51.977, 52.33, 51.788], [57.278, 56.294, 56.179, 55.668, 55.63, 56.476, 57.264, 57.569, 57.568, 57.49, 56.594, 56.757, 57.998, 56.764, 52.039, 48.488, 46.866, 43.006, 34.597, 27.277, 25.812, 24.373, 21.594, 16.955, 10.875, 7.751, 6.073, 0.0, 7.472, 10.158, 15.046, 19.959, 20.282, 20.021, 20.307, 20.697, 21.22, 22.989, 24.729, 25.632, 25.819, 27.529, 29.207, 29.099, 29.582, 30.839, 33.309, 36.795, 36.643, 35.981, 36.387, 37.562, 41.835, 45.467, 46.606, 47.817, 48.48, 48.703, 49.333, 49.201, 48.329, 47.993, 48.152, 48.884, 49.071, 46.24, 44.45, 44.127, 44.334, 45.283, 46.527, 48.363, 50.003, 50.397, 51.034, 52.525, 53.681, 53.609, 53.038, 51.53, 49.921, 49.418, 49.791, 50.933, 51.427, 51.088], [56.868, 55.974, 55.858, 55.342, 55.303, 56.19, 57.005, 57.37, 57.532, 57.562, 56.648, 56.875, 58.247, 57.063, 52.315, 48.453, 46.499, 42.406, 33.874, 27.415, 27.029, 25.509, 23.33, 19.255, 13.958, 12.229, 12.028, 7.472, 0.0, 6.652, 13.494, 17.589, 18.092, 18.259, 18.416, 19.068, 19.764, 21.54, 23.276, 24.104, 24.258, 26.048, 27.866, 27.954, 28.679, 29.801, 31.944, 35.368, 35.286, 35.106, 35.842, 36.926, 40.891, 44.085, 44.77, 45.884, 46.756, 47.23, 47.948, 47.67, 46.597, 46.361, 46.79, 47.217, 47.282, 44.976, 43.349, 42.869, 43.096, 43.735, 44.396, 45.964, 47.649, 48.009, 48.476, 49.86, 50.97, 50.791, 50.13, 48.688, 47.286, 46.973, 47.327, 48.489, 49.085, 48.892], [55.897, 55.009, 54.902, 54.408, 54.329, 55.158, 55.902, 56.294, 56.6, 56.677, 55.799, 56.014, 57.376, 56.296, 51.719, 47.974, 46.085, 42.128, 33.851, 27.537, 27.123, 26.049, 24.259, 20.177, 14.957, 13.359, 13.298, 10.158, 6.652, 0.0, 9.699, 15.832, 16.587, 16.883, 17.355, 18.195, 18.769, 20.542, 22.563, 23.456, 23.636, 25.225, 26.849, 26.898, 27.508, 28.659, 30.857, 34.378, 34.341, 34.181, 35.02, 36.158, 40.177, 43.581, 44.493, 45.567, 46.254, 46.612, 47.259, 46.995, 45.997, 45.808, 46.38, 47.277, 47.638, 45.361, 43.794, 43.243, 43.467, 44.185, 44.958, 46.543, 48.169, 48.548, 49.045, 50.417, 51.478, 51.351, 50.87, 49.442, 47.905, 47.42, 47.724, 48.855, 49.387, 49.143], [57.568, 56.64, 56.561, 55.98, 55.924, 56.911, 57.733, 58.191, 58.564, 58.59, 57.715, 57.99, 59.403, 58.337, 53.645, 49.368, 47.051, 43.34, 36.264, 30.558, 29.839, 28.843, 26.554, 22.223, 18.09, 17.363, 17.464, 15.046, 13.494, 9.699, 0.0, 9.011, 11.407, 11.696, 12.937, 14.591, 14.987, 15.939, 17.941, 18.998, 19.25, 20.249, 21.467, 21.857, 22.86, 23.937, 25.205, 28.806, 30.029, 31.659, 33.494, 34.72, 38.139, 41.508, 42.646, 43.708, 44.446, 44.735, 45.13, 44.712, 43.563, 43.301, 43.729, 45.126, 47.031, 45.295, 43.389, 42.532, 42.696, 43.465, 44.529, 46.638, 48.622, 49.172, 49.832, 51.521, 52.733, 52.673, 52.525, 51.272, 50.025, 49.673, 49.552, 50.403, 51.004, 50.817], [60.434, 59.555, 59.51, 58.93, 58.864, 59.929, 60.751, 61.206, 61.58, 61.618, 60.692, 61.023, 62.52, 61.493, 56.827, 52.221, 49.522, 45.741, 39.222, 34.343, 33.988, 33.024, 30.575, 26.045, 22.359, 21.898, 22.193, 19.959, 17.589, 15.832, 9.011, 0.0, 5.154, 7.11, 9.008, 12.005, 12.547, 12.382, 13.546, 14.55, 14.83, 15.261, 16.533, 17.597, 19.336, 20.184, 20.456, 23.698, 25.596, 29.116, 31.952, 33.411, 36.51, 39.429, 39.838, 40.457, 41.321, 41.895, 42.332, 41.648, 40.036, 39.483, 39.71, 40.878, 43.648, 43.035, 41.311, 40.185, 40.091, 40.435, 41.329, 43.776, 46.211, 46.795, 47.446, 49.386, 50.715, 50.581, 50.536, 49.459, 48.461, 48.505, 48.156, 48.749, 49.474, 49.35], [60.319, 59.485, 59.451, 58.896, 58.788, 59.804, 60.569, 60.981, 61.337, 61.4, 60.47, 60.645, 61.96, 60.965, 56.492, 52.128, 49.586, 45.862, 39.389, 34.686, 34.391, 33.493, 31.11, 26.676, 22.866, 22.066, 22.175, 20.282, 18.092, 16.587, 11.407, 5.154, 0.0, 3.831, 6.467, 9.724, 10.382, 10.404, 11.848, 12.939, 13.23, 13.798, 15.178, 16.163, 18.117, 19.463, 20.544, 23.769, 25.089, 28.277, 30.998, 32.562, 35.877, 38.732, 38.855, 39.264, 39.981, 40.585, 41.171, 40.566, 38.974, 38.344, 38.521, 39.522, 41.907, 41.449, 40.221, 39.301, 39.065, 39.207, 40.049, 42.461, 44.814, 45.275, 45.916, 47.87, 49.189, 49.038, 48.98, 47.929, 46.76, 46.797, 46.527, 47.097, 47.787, 47.604], [59.642, 58.857, 58.81, 58.218, 58.11, 59.135, 59.907, 60.298, 60.61, 60.658, 59.751, 59.838, 61.012, 59.992, 55.55, 51.253, 48.775, 45.144, 38.833, 34.298, 34.038, 33.052, 30.482, 26.201, 22.689, 21.856, 21.806, 20.021, 18.259, 16.883, 11.696, 7.11, 3.831, 0.0, 3.833, 7.481, 8.225, 8.511, 10.563, 11.99, 12.313, 13.135, 14.555, 15.397, 17.484, 19.227, 20.797, 24.398, 25.815, 28.667, 31.152, 32.643, 35.892, 38.718, 38.94, 39.456, 40.22, 40.738, 41.281, 40.773, 39.294, 38.699, 38.918, 39.923, 42.12, 41.421, 40.264, 39.599, 39.445, 39.632, 40.464, 42.801, 45.009, 45.42, 46.106, 48.052, 49.384, 49.259, 49.156, 48.065, 46.849, 46.802, 46.531, 47.133, 47.82, 47.641], [59.306, 58.68, 58.619, 58.02, 57.91, 58.868, 59.605, 59.959, 60.197, 60.213, 59.321, 59.366, 60.46, 59.428, 55.091, 50.921, 48.483, 44.833, 38.514, 34.292, 34.225, 33.104, 30.47, 26.377, 23.109, 22.257, 22.099, 20.307, 18.416, 17.355, 12.937, 9.008, 6.467, 3.833, 0.0, 4.518, 5.993, 6.96, 9.725, 11.665, 11.997, 13.002, 14.614, 15.399, 17.528, 19.328, 21.307, 25.274, 26.4, 28.786, 31.067, 32.532, 35.768, 38.52, 38.751, 39.367, 40.227, 40.759, 41.319, 40.843, 39.416, 38.863, 39.191, 40.1, 41.916, 41.009, 39.91, 39.444, 39.459, 39.786, 40.55, 42.719, 44.766, 45.088, 45.781, 47.641, 48.939, 48.83, 48.63, 47.512, 46.234, 46.119, 45.961, 46.642, 47.351, 47.199], [58.672, 58.204, 58.159, 57.559, 57.449, 58.353, 59.081, 59.381, 59.523, 59.513, 58.633, 58.5, 59.375, 58.304, 54.095, 50.167, 47.909, 44.391, 38.254, 34.382, 34.348, 33.057, 30.424, 26.765, 23.836, 22.846, 22.415, 20.697, 19.068, 18.195, 14.591, 12.005, 9.724, 7.481, 4.518, 0.0, 2.861, 5.63, 9.45, 11.854, 12.159, 13.428, 15.04, 15.3, 17.15, 19.249, 21.996, 26.373, 27.071, 28.575, 30.4, 31.719, 34.889, 37.627, 38.119, 39.023, 39.951, 40.391, 40.939, 40.619, 39.458, 39.082, 39.537, 40.449, 41.809, 40.402, 39.329, 39.147, 39.322, 39.982, 40.915, 42.974, 44.763, 45.01, 45.795, 47.589, 48.876, 48.853, 48.617, 47.493, 46.143, 45.873, 45.82, 46.618, 47.331, 47.189], [58.598, 58.124, 58.116, 57.529, 57.414, 58.347, 59.093, 59.376, 59.478, 59.459, 58.575, 58.373, 59.195, 58.124, 53.926, 50.015, 47.781, 44.332, 38.341, 34.525, 34.413, 33.119, 30.55, 27.072, 24.386, 23.421, 22.894, 21.22, 19.764, 18.769, 14.987, 12.547, 10.382, 8.225, 5.993, 2.861, 0.0, 4.157, 8.735, 11.246, 11.568, 12.948, 14.555, 14.534, 16.174, 18.559, 21.441, 25.653, 26.363, 27.906, 29.691, 30.938, 34.017, 36.778, 37.423, 38.432, 39.329, 39.693, 40.179, 39.901, 38.837, 38.511, 38.983, 40.024, 41.483, 39.974, 38.876, 38.761, 38.953, 39.702, 40.786, 42.907, 44.665, 44.932, 45.797, 47.611, 48.915, 48.968, 48.827, 47.716, 46.379, 46.104, 46.001, 46.76, 47.457, 47.305], [59.413, 58.923, 58.921, 58.348, 58.246, 59.244, 60.013, 60.308, 60.442, 60.407, 59.501, 59.354, 60.259, 59.215, 55.025, 51.052, 48.717, 45.249, 39.379, 35.539, 35.29, 34.161, 31.725, 28.298, 25.782, 24.983, 24.605, 22.989, 21.54, 20.542, 15.939, 12.382, 10.404, 8.511, 6.96, 5.63, 4.157, 0.0, 5.469, 8.6, 9.099, 10.454, 12.217, 12.45, 14.554, 17.003, 19.593, 23.747, 24.725, 26.907, 29.081, 30.453, 33.459, 36.196, 36.838, 37.729, 38.514, 38.855, 39.294, 38.926, 37.753, 37.32, 37.676, 38.845, 40.86, 39.653, 38.497, 38.324, 38.534, 39.279, 40.492, 42.937, 44.949, 45.22, 46.045, 47.914, 49.225, 49.285, 49.225, 48.167, 46.902, 46.713, 46.527, 47.18, 47.881, 47.755], [60.641, 60.136, 60.128, 59.548, 59.485, 60.595, 61.418, 61.725, 61.862, 61.82, 60.895, 60.885, 61.955, 60.933, 56.753, 52.802, 50.463, 46.928, 40.922, 36.754, 36.308, 35.429, 33.195, 29.756, 27.244, 26.603, 26.376, 24.729, 23.276, 22.563, 17.941, 13.546, 11.848, 10.563, 9.725, 9.45, 8.735, 5.469, 0.0, 4.152, 5.149, 7.166, 9.856, 10.532, 13.329, 15.674, 17.966, 22.345, 23.539, 26.113, 28.482, 29.865, 32.986, 35.774, 36.2, 36.787, 37.401, 37.865, 38.391, 37.893, 36.515, 35.912, 36.048, 37.267, 39.825, 39.071, 37.901, 37.579, 37.683, 38.384, 39.746, 42.589, 45.062, 45.364, 46.032, 47.964, 49.306, 49.348, 49.314, 48.305, 47.134, 47.078, 46.879, 47.453, 48.171, 48.128], [61.182, 60.644, 60.649, 60.089, 60.043, 61.258, 62.117, 62.463, 62.678, 62.671, 61.734, 61.79, 62.927, 61.934, 57.793, 53.847, 51.488, 47.906, 41.744, 37.333, 36.842, 36.132, 34.071, 30.604, 28.037, 27.497, 27.357, 25.632, 24.104, 23.456, 18.998, 14.55, 12.939, 11.99, 11.665, 11.854, 11.246, 8.6, 4.152, 0.0, 2.005, 5.326, 8.515, 9.562, 12.958, 15.507, 17.592, 21.751, 22.906, 25.842, 28.454, 29.735, 32.815, 35.619, 35.834, 36.118, 36.591, 37.159, 37.791, 37.266, 35.754, 35.064, 35.108, 36.391, 39.308, 38.93, 37.837, 37.36, 37.331, 37.905, 39.285, 42.223, 44.889, 45.287, 45.835, 47.712, 49.033, 49.053, 49.055, 48.058, 46.952, 47.038, 46.909, 47.427, 48.077, 48.091], [60.882, 60.359, 60.367, 59.814, 59.763, 60.986, 61.867, 62.238, 62.475, 62.478, 61.536, 61.586, 62.714, 61.718, 57.598, 53.66, 51.299, 47.71, 41.544, 37.216, 36.836, 36.149, 34.136, 30.698, 28.183, 27.693, 27.562, 25.819, 24.258, 23.636, 19.25, 14.83, 13.23, 12.313, 11.997, 12.159, 11.568, 9.099, 5.149, 2.005, 0.0, 4.518, 8.059, 9.24, 12.805, 15.454, 17.567, 21.712, 22.874, 25.866, 28.488, 29.739, 32.774, 35.534, 35.671, 35.878, 36.314, 36.889, 37.513, 36.97, 35.445, 34.765, 34.823, 36.095, 39.01, 38.667, 37.593, 37.098, 37.062, 37.633, 39.008, 41.951, 44.62, 45.032, 45.577, 47.429, 48.731, 48.742, 48.735, 47.716, 46.614, 46.722, 46.604, 47.109, 47.728, 47.729], [62.103, 61.561, 61.593, 61.114, 61.061, 62.264, 63.131, 63.646, 64.04, 64.025, 63.093, 63.218, 64.355, 63.397, 59.382, 55.445, 53.05, 49.601, 43.773, 39.627, 39.253, 38.565, 36.308, 32.449, 29.702, 29.244, 29.22, 27.529, 26.048, 25.225, 20.249, 15.261, 13.798, 13.135, 13.002, 13.428, 12.948, 10.454, 7.166, 5.326, 4.518, 0.0, 4.447, 6.906, 11.258, 13.94, 15.978, 20.16, 21.546, 25.347, 28.345, 29.622, 32.604, 35.568, 35.829, 36.004, 36.507, 37.11, 37.747, 37.203, 35.587, 34.894, 34.914, 36.143, 39.355, 39.22, 38.02, 37.344, 37.2, 37.708, 39.171, 42.265, 45.097, 45.608, 46.212, 48.199, 49.552, 49.552, 49.63, 48.632, 47.494, 47.587, 47.358, 47.771, 48.416, 48.425], [62.951, 62.39, 62.445, 62.017, 61.965, 63.154, 64.015, 64.646, 65.239, 65.27, 64.354, 64.453, 65.517, 64.592, 60.693, 56.821, 54.47, 51.23, 45.764, 41.843, 41.478, 40.7, 38.248, 34.273, 31.421, 30.895, 30.855, 29.207, 27.866, 26.849, 21.467, 16.533, 15.178, 14.555, 14.614, 15.04, 14.555, 12.217, 9.856, 8.515, 8.059, 4.447, 0.0, 4.544, 10.408, 13.522, 15.472, 19.556, 21.039, 25.065, 28.261, 29.605, 32.45, 35.446, 35.765, 35.957, 36.579, 37.175, 37.812, 37.353, 35.749, 35.044, 35.03, 36.286, 39.71, 39.655, 38.425, 37.696, 37.54, 38.011, 39.496, 42.593, 45.373, 45.935, 46.616, 48.699, 50.133, 50.123, 50.233, 49.309, 48.227, 48.335, 48.098, 48.506, 49.138, 49.145], [62.508, 61.952, 62.015, 61.603, 61.566, 62.741, 63.61, 64.217, 64.774, 64.841, 63.959, 63.948, 64.888, 63.942, 60.078, 56.318, 54.136, 51.103, 45.85, 42.041, 41.596, 40.644, 38.105, 34.402, 31.616, 30.85, 30.669, 29.099, 27.954, 26.898, 21.857, 17.597, 16.163, 15.397, 15.399, 15.3, 14.534, 12.45, 10.532, 9.562, 9.24, 6.906, 4.544, 0.0, 7.134, 11.476, 14.76, 19.357, 20.436, 23.604, 26.402, 27.648, 30.495, 33.511, 34.03, 34.516, 35.196, 35.659, 36.361, 36.179, 34.819, 34.195, 34.183, 35.5, 38.72, 38.341, 37.197, 36.679, 36.469, 36.997, 38.654, 41.796, 44.455, 44.981, 45.758, 47.912, 49.455, 49.653, 49.944, 49.108, 48.01, 48.001, 47.744, 48.201, 48.827, 48.814], [62.353, 61.776, 61.827, 61.431, 61.432, 62.635, 63.529, 64.094, 64.554, 64.587, 63.754, 63.776, 64.712, 63.746, 59.824, 56.041, 53.988, 51.171, 46.221, 42.375, 41.661, 40.591, 37.988, 34.558, 31.999, 31.191, 30.994, 29.582, 28.679, 27.508, 22.86, 19.336, 18.117, 17.484, 17.528, 17.15, 16.174, 14.554, 13.329, 12.958, 12.805, 11.258, 10.408, 7.134, 0.0, 6.229, 12.442, 17.699, 18.368, 21.353, 23.871, 24.811, 27.488, 30.708, 31.691, 32.635, 33.363, 33.608, 34.294, 34.371, 33.279, 32.849, 32.93, 34.345, 37.383, 36.531, 35.288, 34.891, 34.414, 35.004, 37.177, 40.666, 43.439, 44.054, 44.949, 47.121, 48.709, 49.248, 50.135, 49.58, 48.427, 48.223, 47.758, 48.135, 48.804, 48.782], [63.471, 62.876, 62.879, 62.432, 62.483, 63.739, 64.666, 65.23, 65.663, 65.643, 64.795, 65.112, 66.35, 65.36, 61.331, 57.458, 55.349, 52.495, 47.546, 43.452, 42.465, 41.277, 38.509, 35.126, 32.82, 32.309, 32.306, 30.839, 29.801, 28.659, 23.937, 20.184, 19.463, 19.227, 19.328, 19.249, 18.559, 17.003, 15.674, 15.507, 15.454, 13.94, 13.522, 11.476, 6.229, 0.0, 8.571, 15.399, 16.518, 20.154, 22.954, 23.83, 26.349, 29.644, 30.676, 31.791, 32.751, 33.063, 33.613, 33.414, 32.172, 31.82, 31.981, 33.491, 36.925, 36.134, 34.536, 33.934, 33.408, 34.204, 36.821, 40.752, 43.845, 44.503, 45.238, 47.361, 48.966, 49.562, 50.679, 50.406, 49.461, 49.275, 48.66, 48.997, 49.78, 49.825], [65.637, 65.009, 64.952, 64.325, 64.427, 65.802, 66.796, 67.389, 67.873, 67.859, 66.967, 67.579, 69.259, 68.268, 63.882, 59.459, 56.988, 53.989, 49.053, 44.8, 43.857, 42.695, 39.951, 36.628, 34.648, 34.584, 34.918, 33.309, 31.944, 30.857, 25.205, 20.456, 20.544, 20.797, 21.307, 21.996, 21.441, 19.593, 17.966, 17.592, 17.567, 15.978, 15.472, 14.76, 12.442, 8.571, 0.0, 9.138, 14.114, 20.778, 24.543, 25.612, 27.743, 30.754, 31.422, 32.356, 33.582, 34.109, 34.332, 33.484, 31.681, 31.124, 31.151, 32.884, 37.622, 37.459, 35.357, 34.158, 33.672, 34.422, 37.022, 41.273, 44.757, 45.612, 46.299, 48.522, 50.17, 50.592, 51.67, 51.52, 51.158, 51.392, 50.572, 50.809, 51.646, 51.713], [68.767, 68.087, 68.024, 67.337, 67.42, 68.823, 69.804, 70.402, 70.942, 70.979, 70.078, 70.693, 72.491, 71.582, 67.039, 62.222, 59.492, 56.428, 51.555, 47.25, 46.422, 45.596, 43.387, 40.239, 38.073, 37.884, 38.347, 36.795, 35.368, 34.378, 28.806, 23.698, 23.769, 24.398, 25.274, 26.373, 25.653, 23.747, 22.345, 21.751, 21.712, 20.16, 19.556, 19.357, 17.699, 15.399, 9.138, 0.0, 10.262, 20.74, 25.53, 26.818, 28.877, 32.1, 32.764, 33.349, 34.338, 34.867, 35.094, 34.155, 31.942, 31.05, 30.796, 32.492, 37.808, 38.049, 35.805, 34.167, 33.39, 33.699, 36.161, 40.6, 44.374, 45.606, 46.609, 48.978, 50.578, 50.975, 52.518, 52.624, 52.467, 53.163, 52.387, 52.466, 53.243, 53.222], [69.258, 68.607, 68.551, 68.007, 68.06, 69.347, 70.253, 70.859, 71.421, 71.455, 70.53, 70.976, 72.582, 71.729, 67.626, 63.446, 61.005, 57.834, 52.465, 48.023, 47.121, 46.555, 44.898, 41.959, 38.984, 37.887, 38.132, 36.643, 35.286, 34.341, 30.029, 25.596, 25.089, 25.815, 26.4, 27.071, 26.363, 24.725, 23.539, 22.906, 22.874, 21.546, 21.039, 20.436, 18.368, 16.518, 14.114, 10.262, 0.0, 12.493, 18.763, 21.039, 24.301, 28.519, 29.86, 30.503, 31.042, 31.41, 32.298, 32.044, 29.978, 29.081, 28.875, 30.509, 34.868, 34.652, 32.685, 31.238, 30.468, 31.163, 34.067, 38.541, 42.136, 43.414, 44.542, 46.751, 48.285, 48.935, 50.835, 51.177, 50.684, 51.357, 51.483, 52.057, 52.75, 52.675], [67.941, 67.363, 67.273, 66.755, 66.806, 67.975, 68.905, 69.492, 69.935, 69.923, 68.997, 69.218, 70.563, 69.683, 66.076, 62.956, 61.255, 58.219, 52.392, 47.74, 46.638, 46.117, 44.875, 42.661, 39.388, 37.446, 37.269, 35.981, 35.106, 34.181, 31.659, 29.116, 28.277, 28.667, 28.786, 28.575, 27.906, 26.907, 26.113, 25.842, 25.866, 25.347, 25.065, 23.604, 21.353, 20.154, 20.778, 20.74, 12.493, 0.0, 7.815, 12.594, 18.97, 24.571, 27.005, 28.433, 28.798, 28.78, 30.12, 30.624, 29.331, 28.759, 28.808, 30.642, 33.183, 31.339, 29.613, 29.067, 28.824, 30.698, 34.338, 38.634, 41.548, 42.477, 43.591, 45.6, 47.248, 48.256, 50.044, 50.46, 49.732, 50.037, 51.051, 52.492, 53.234, 53.118], [66.912, 66.371, 66.26, 65.71, 65.762, 66.904, 67.907, 68.465, 68.763, 68.714, 67.816, 67.913, 69.113, 68.198, 64.763, 62.148, 60.918, 58.159, 52.433, 47.781, 46.543, 45.938, 44.853, 43.196, 40.189, 38.095, 37.607, 36.387, 35.842, 35.02, 33.494, 31.952, 30.998, 31.152, 31.067, 30.4, 29.691, 29.081, 28.482, 28.454, 28.488, 28.345, 28.261, 26.402, 23.871, 22.954, 24.543, 25.53, 18.763, 7.815, 0.0, 7.036, 16.098, 22.83, 26.142, 28.26, 28.747, 28.518, 29.791, 30.561, 29.872, 29.658, 29.919, 31.67, 33.001, 29.948, 28.154, 28.215, 28.246, 30.704, 34.668, 38.841, 41.422, 42.134, 43.26, 45.263, 47.04, 48.234, 49.934, 50.369, 49.583, 49.637, 50.714, 52.474, 53.466, 53.451], [65.926, 65.389, 65.27, 64.703, 64.775, 65.975, 67.051, 67.64, 67.91, 67.846, 66.977, 67.052, 68.202, 67.269, 63.819, 61.179, 60.011, 57.59, 52.581, 48.382, 47.161, 46.296, 45.177, 43.9, 41.402, 39.574, 38.987, 37.562, 36.926, 36.158, 34.72, 33.411, 32.562, 32.643, 32.532, 31.719, 30.938, 30.453, 29.865, 29.735, 29.739, 29.622, 29.605, 27.648, 24.811, 23.83, 25.612, 26.818, 21.039, 12.594, 7.036, 0.0, 10.598, 18.738, 23.547, 26.518, 27.333, 27.021, 28.182, 29.182, 28.983, 29.321, 29.936, 31.517, 32.686, 29.429, 27.343, 27.524, 27.668, 30.252, 34.219, 38.284, 40.801, 41.5, 42.5, 44.48, 46.307, 47.619, 49.485, 50.021, 49.351, 49.285, 50.044, 51.737, 53.022, 53.362], [65.211, 64.688, 64.574, 63.965, 64.062, 65.36, 66.516, 67.148, 67.418, 67.351, 66.493, 66.498, 67.587, 66.637, 63.183, 60.282, 58.919, 56.993, 53.706, 51.06, 50.205, 48.9, 47.608, 46.867, 45.399, 44.048, 43.416, 41.835, 40.891, 40.177, 38.139, 36.51, 35.877, 35.892, 35.768, 34.889, 34.017, 33.459, 32.986, 32.815, 32.774, 32.604, 32.45, 30.495, 27.488, 26.349, 27.743, 28.877, 24.301, 18.97, 16.098, 10.598, 0.0, 9.821, 17.683, 22.251, 23.8, 23.387, 24.227, 25.766, 26.429, 27.643, 28.803, 30.169, 31.866, 29.286, 27.187, 27.515, 27.945, 30.553, 34.304, 38.165, 40.447, 41.089, 41.855, 43.663, 45.53, 47.099, 49.455, 50.356, 50.1, 50.014, 50.261, 51.687, 53.173, 53.926], [64.386, 63.904, 63.796, 63.166, 63.271, 64.611, 65.807, 66.423, 66.683, 66.668, 65.793, 65.713, 66.769, 65.825, 62.479, 59.483, 58.003, 56.325, 54.102, 52.849, 52.617, 51.044, 49.702, 49.414, 48.69, 47.682, 47.084, 45.467, 44.085, 43.581, 41.508, 39.429, 38.732, 38.718, 38.52, 37.627, 36.778, 36.196, 35.774, 35.619, 35.534, 35.568, 35.446, 33.511, 30.708, 29.644, 30.754, 32.1, 28.519, 24.571, 22.83, 18.738, 9.821, 0.0, 10.42, 16.491, 19.047, 18.809, 19.379, 21.299, 22.794, 24.747, 26.374, 27.251, 29.05, 27.528, 26.173, 26.873, 27.644, 30.102, 33.497, 37.082, 38.963, 39.241, 39.589, 41.131, 43.076, 44.878, 47.45, 48.674, 48.933, 48.979, 48.983, 50.301, 51.849, 52.799], [63.991, 63.548, 63.466, 62.864, 62.935, 64.255, 65.379, 65.988, 66.324, 66.423, 65.516, 65.525, 66.712, 65.842, 62.631, 59.618, 58.067, 56.235, 53.898, 53.055, 53.428, 51.924, 50.418, 49.912, 49.365, 48.639, 48.211, 46.606, 44.77, 44.493, 42.646, 39.838, 38.855, 38.94, 38.751, 38.119, 37.423, 36.838, 36.2, 35.834, 35.671, 35.829, 35.765, 34.03, 31.691, 30.676, 31.422, 32.764, 29.86, 27.005, 26.142, 23.547, 17.683, 10.42, 0.0, 7.607, 12.54, 13.408, 13.919, 15.238, 16.516, 18.787, 20.869, 21.082, 22.906, 23.132, 22.912, 23.532, 24.232, 26.31, 29.637, 33.47, 35.496, 35.523, 35.531, 37.006, 39.096, 40.849, 43.332, 44.769, 45.454, 46.005, 46.022, 47.205, 48.703, 49.601], [64.435, 64.016, 63.95, 63.404, 63.431, 64.728, 65.745, 66.34, 66.799, 66.998, 66.061, 66.137, 67.405, 66.631, 63.608, 60.623, 58.973, 56.943, 54.357, 53.52, 54.122, 53.085, 51.852, 50.98, 50.257, 49.628, 49.331, 47.817, 45.884, 45.567, 43.708, 40.457, 39.264, 39.456, 39.367, 39.023, 38.432, 37.729, 36.787, 36.118, 35.878, 36.004, 35.957, 34.516, 32.635, 31.791, 32.356, 33.349, 30.503, 28.433, 28.26, 26.518, 22.251, 16.491, 7.607, 0.0, 6.768, 9.316, 10.532, 11.44, 12.051, 14.204, 16.429, 16.399, 18.811, 21.15, 22.111, 22.485, 23.03, 24.706, 27.86, 31.761, 34.017, 33.909, 33.597, 34.975, 36.951, 38.582, 41.081, 42.546, 43.277, 44.156, 44.291, 45.268, 46.662, 47.579], [64.224, 63.791, 63.734, 63.245, 63.243, 64.547, 65.524, 66.078, 66.589, 66.835, 65.892, 65.916, 67.158, 66.437, 63.547, 60.698, 59.107, 57.019, 54.265, 53.301, 53.834, 53.273, 52.633, 51.781, 50.812, 50.073, 49.803, 48.48, 46.756, 46.254, 44.446, 41.321, 39.981, 40.22, 40.227, 39.951, 39.329, 38.514, 37.401, 36.591, 36.314, 36.507, 36.579, 35.196, 33.363, 32.751, 33.582, 34.338, 31.042, 28.798, 28.747, 27.333, 23.8, 19.047, 12.54, 6.768, 0.0, 4.538, 7.679, 9.46, 10.435, 12.391, 14.299, 14.931, 17.64, 20.667, 22.424, 22.82, 23.215, 24.806, 28.05, 31.902, 34.116, 33.899, 33.488, 34.769, 36.468, 38.087, 40.728, 42.101, 42.534, 43.32, 43.635, 44.567, 45.78, 46.64], [63.557, 63.101, 63.056, 62.601, 62.599, 63.949, 64.965, 65.503, 65.989, 66.217, 65.312, 65.267, 66.41, 65.685, 62.821, 60.053, 58.588, 56.688, 54.118, 53.199, 53.639, 53.11, 52.572, 51.934, 51.027, 50.169, 49.847, 48.703, 47.23, 46.612, 44.735, 41.895, 40.585, 40.738, 40.759, 40.391, 39.693, 38.855, 37.865, 37.159, 36.889, 37.11, 37.175, 35.659, 33.608, 33.063, 34.109, 34.867, 31.41, 28.78, 28.518, 27.021, 23.387, 18.809, 13.408, 9.316, 4.538, 0.0, 4.677, 8.236, 10.523, 12.902, 14.954, 16.169, 18.768, 20.812, 22.352, 22.922, 23.307, 25.214, 28.963, 32.987, 35.032, 34.871, 34.731, 36.118, 37.804, 39.485, 42.141, 43.381, 43.667, 44.273, 44.602, 45.633, 46.782, 47.479], [62.709, 62.236, 62.191, 61.7, 61.703, 63.097, 64.161, 64.684, 65.104, 65.291, 64.4, 64.393, 65.59, 64.855, 61.951, 59.145, 57.702, 55.958, 53.742, 53.032, 53.475, 52.865, 52.212, 51.766, 51.371, 50.74, 50.39, 49.333, 47.948, 47.259, 45.13, 42.332, 41.171, 41.281, 41.319, 40.939, 40.179, 39.294, 38.391, 37.791, 37.513, 37.747, 37.812, 36.361, 34.294, 33.613, 34.332, 35.094, 32.298, 30.12, 29.791, 28.182, 24.227, 19.379, 13.919, 10.532, 7.679, 4.677, 0.0, 5.146, 9.034, 12.24, 14.78, 16.544, 19.778, 21.383, 22.369, 22.866, 23.456, 25.825, 29.992, 34.209, 36.189, 36.036, 35.981, 37.385, 39.104, 40.762, 43.302, 44.435, 44.841, 45.407, 45.483, 46.481, 47.684, 48.31], [62.544, 62.062, 61.998, 61.46, 61.468, 62.861, 63.923, 64.455, 64.862, 65.013, 64.08, 64.248, 65.689, 64.956, 61.964, 59.085, 57.558, 55.618, 53.143, 52.266, 52.732, 52.11, 51.359, 50.856, 50.734, 50.489, 50.