[[0.0, 13.461, 17.046, 18.64, 22.876, 30.959, 41.932, 48.696, 52.006, 54.768, 56.298, 57.44, 58.097, 57.869, 56.956, 55.504, 56.19, 57.126, 55.11, 55.148, 56.92, 58.341, 58.794, 58.839, 57.886, 58.098, 58.91, 59.06, 59.771, 60.748, 61.097, 60.901, 60.369, 61.166, 61.994, 62.434, 62.844, 63.468, 63.36, 60.806, 55.995, 52.041, 50.305, 49.686, 50.53, 51.503, 52.041, 52.463, 52.488, 53.048, 53.281, 54.76, 58.227, 60.406, 59.837, 57.866, 59.105, 59.29, 61.479, 64.675, 65.672, 65.494, 65.236, 64.612, 64.309, 64.112, 64.466, 63.995, 63.126, 63.263, 64.262, 64.719, 64.523, 63.522, 62.422, 62.725, 63.383, 63.264, 62.131, 61.877, 62.186, 62.132, 60.598, 59.785, 60.672, 60.351], [13.461, 0.0, 5.824, 9.364, 14.746, 23.024, 34.391, 41.528, 45.215, 48.185, 49.882, 51.134, 51.854, 51.579, 50.623, 49.064, 49.881, 51.282, 49.846, 50.065, 51.873, 53.397, 53.897, 54.02, 53.52, 54.25, 55.279, 55.479, 56.291, 57.341, 57.662, 57.36, 56.869, 58.038, 59.662, 60.875, 61.418, 62.027, 62.111, 60.045, 56.222, 53.415, 52.552, 52.364, 53.075, 53.579, 53.755, 53.831, 53.519, 54.087, 54.371, 55.294, 57.89, 59.526, 58.902, 57.522, 59.034, 59.196, 60.919, 63.391, 64.127, 63.871, 63.594, 63.137, 62.938, 62.726, 62.833, 62.424, 61.837, 61.92, 62.736, 63.165, 63.09, 62.209, 61.311, 62.063, 62.869, 62.576, 61.328, 60.988, 61.302, 61.393, 59.97, 59.021, 59.927, 59.737], [17.046, 5.824, 0.0, 6.558, 13.628, 21.77, 32.96, 40.146, 43.908, 46.883, 48.56, 49.787, 50.545, 50.249, 49.194, 47.604, 48.481, 50.153, 49.071, 49.431, 51.335, 53.049, 53.646, 53.763, 53.326, 54.174, 55.28, 55.505, 56.287, 57.33, 57.658, 57.332, 56.817, 58.018, 59.738, 61.129, 61.811, 62.396, 62.439, 60.462, 56.903, 54.37, 53.7, 53.661, 54.406, 54.841, 54.967, 54.992, 54.659, 55.219, 55.486, 56.27, 58.705, 60.218, 59.483, 57.946, 59.308, 59.423, 61.109, 63.481, 64.145, 63.869, 63.586, 63.103, 62.823, 62.574, 62.695, 62.379, 61.867, 61.956, 62.722, 63.102, 62.956, 62.012, 61.11, 61.905, 62.74, 62.407, 61.053, 60.678, 61.013, 61.141, 59.692, 58.725, 59.647, 59.448], [18.64, 9.364, 6.558, 0.0, 8.786, 18.929, 31.163, 38.597, 42.411, 45.467, 47.142, 48.179, 48.829, 48.572, 47.583, 46.031, 46.911, 48.562, 47.398, 47.76, 49.655, 51.326, 51.938, 52.096, 51.599, 52.415, 53.573, 53.842, 54.676, 55.757, 56.092, 55.766, 55.284, 56.518, 58.278, 59.686, 60.42, 61.232, 61.441, 59.493, 55.915, 53.412, 52.799, 52.736, 53.361, 53.758, 53.854, 53.846, 53.473, 53.99, 54.286, 55.096, 57.52, 59.048, 58.347, 56.735, 58.105, 58.109, 59.716, 62.092, 62.729, 62.413, 62.109, 61.579, 61.222, 60.98, 61.1, 60.754, 60.206, 60.283, 61.065, 61.45, 61.297, 60.368, 59.523, 60.353, 61.193, 60.851, 59.545, 59.239, 59.581, 59.705, 58.224, 57.252, 58.195, 57.996], [22.876, 14.746, 13.628, 8.786, 0.0, 12.77, 27.13, 35.193, 39.152, 42.415, 44.194, 45.128, 45.67, 45.462, 44.656, 43.325, 44.225, 45.898, 44.784, 45.127, 46.838, 48.209, 48.699, 48.896, 48.425, 49.301, 50.554, 50.821, 51.727, 52.847, 53.182, 52.841, 52.399, 53.691, 55.553, 57.09, 57.789, 58.886, 59.573, 57.935, 54.606, 52.41, 52.138, 52.24, 52.654, 52.826, 52.777, 52.644, 52.071, 52.468, 52.829, 53.53, 55.658, 56.977, 56.321, 54.936, 56.479, 56.486, 58.006, 60.117, 60.664, 60.305, 59.953, 59.488, 59.289, 59.138, 59.158, 58.85, 58.376, 58.429, 59.21, 59.585, 59.543, 58.835, 58.253, 59.323, 60.24, 59.831, 58.746, 58.696, 59.093, 59.285, 57.985, 57.06, 58.016, 57.878], [30.959, 23.024, 21.77, 18.929, 12.77, 0.0, 15.913, 24.924, 29.225, 32.832, 34.932, 36.023, 36.538, 36.402, 35.899, 35.06, 36.225, 37.963, 37.546, 38.118, 39.448, 40.658, 41.359, 41.621, 41.584, 43.041, 44.562, 44.82, 45.651, 46.652, 46.95, 46.548, 46.114, 47.427, 49.587, 51.58, 52.301, 53.464, 54.687, 54.014, 52.251, 51.778, 52.934, 54.122, 54.689, 54.211, 53.547, 52.883, 51.851, 52.03, 52.383, 52.739, 54.015, 54.446, 53.463, 52.387, 53.802, 53.946, 55.454, 56.877, 57.229, 56.902, 56.637, 56.545, 56.782, 56.674, 56.416, 56.309, 56.066, 56.08, 56.756, 57.107, 57.449, 57.305, 57.27, 58.954, 60.14, 59.485, 58.468, 58.763, 59.41, 59.918, 59.036, 58.207, 59.196, 59.214], [41.932, 34.391, 32.96, 31.163, 27.13, 15.913, 0.0, 10.045, 15.53, 19.898, 22.443, 23.802, 24.494, 24.486, 24.396, 24.479, 26.241, 28.063, 29.308, 30.541, 31.359, 32.705, 34.036, 34.485, 35.081, 37.167, 38.845, 39.115, 39.65, 40.289, 40.423, 39.914, 39.554, 40.856, 43.583, 46.308, 47.145, 48.165, 49.609, 50.173, 50.932, 53.04, 55.962, 58.486, 59.562, 58.481, 57.008, 55.635, 54.192, 54.22, 54.518, 54.432, 54.627, 53.889, 52.303, 51.536, 52.603, 52.86, 54.371, 55.001, 55.171, 54.994, 54.999, 55.421, 56.026, 55.785, 55.245, 55.529, 55.579, 55.521, 55.978, 56.246, 57.017, 57.513, 58.083, 60.478, 62.001, 61.105, 59.997, 60.527, 61.493, 62.433, 61.972, 61.275, 62.323, 62.485], [48.696, 41.528, 40.146, 38.597, 35.193, 24.924, 10.045, 0.0, 7.161, 13.082, 16.342, 17.832, 18.83, 19.023, 19.483, 20.704, 23.085, 24.626, 26.738, 28.283, 28.684, 30.137, 31.865, 32.416, 33.27, 35.481, 37.071, 37.289, 37.563, 37.935, 37.959, 37.389, 37.057, 38.263, 41.278, 44.437, 45.341, 46.247, 47.716, 48.874, 51.017, 54.583, 58.452, 61.625, 63.038, 61.811, 59.967, 58.248, 56.672, 56.689, 56.956, 56.716, 56.42, 55.111, 53.188, 52.601, 53.475, 53.773, 55.35, 55.645, 55.746, 55.691, 55.881, 56.558, 57.281, 56.941, 56.232, 56.654, 56.806, 56.697, 57.037, 57.241, 58.181, 58.979, 59.846, 62.534, 64.189, 63.199, 62.072, 62.713, 63.832, 65.003, 64.787, 64.219, 65.331, 65.56], [52.006, 45.215, 43.908, 42.411, 39.152, 29.225, 15.53, 7.161, 0.0, 7.644, 12.362, 14.111, 15.327, 15.819, 17.014, 19.257, 22.033, 22.786, 24.555, 26.002, 26.136, 27.96, 30.143, 30.713, 31.595, 34.003, 35.673, 35.843, 35.879, 36.139, 36.219, 35.668, 35.333, 36.462, 39.538, 42.868, 43.778, 44.55, 46.059, 47.545, 50.366, 54.767, 59.332, 63.044, 64.772, 63.563, 61.577, 59.718, 58.094, 58.079, 58.316, 58.138, 57.72, 56.178, 54.126, 53.536, 54.286, 54.634, 56.283, 56.465, 56.573, 56.623, 56.952, 57.755, 58.538, 58.182, 57.329, 57.641, 57.751, 57.623, 57.968, 58.252, 59.323, 60.227, 61.143, 63.86, 65.534, 64.488, 63.341, 64.017, 65.191, 66.443, 66.34, 65.839, 66.968, 67.229], [54.768, 48.185, 46.883, 45.467, 42.415, 32.832, 19.898, 13.082, 7.644, 0.0, 6.319, 9.202, 11.114, 12.54, 14.11, 17.02, 20.058, 20.513, 22.699, 24.38, 24.526, 26.84, 29.545, 30.331, 31.27, 33.747, 35.489, 35.653, 35.47, 35.601, 35.658, 35.085, 34.713, 35.727, 38.894, 42.334, 43.248, 43.775, 45.068, 46.791, 50.142, 54.97, 59.892, 63.957, 65.864, 64.604, 62.539, 60.639, 59.045, 58.996, 59.215, 59.013, 58.476, 56.776, 54.621, 53.969, 54.525, 54.84, 56.479, 56.485, 56.605, 56.812, 57.31, 58.214, 59.043, 58.674, 57.829, 58.28, 58.43, 58.264, 58.585, 58.955, 60.18, 61.216, 62.256, 65.084, 66.793, 65.718, 64.557, 65.249, 66.455, 67.754, 67.702, 67.225, 68.331, 68.624], [56.298, 49.882, 48.56, 47.142, 44.194, 34.932, 22.443, 16.342, 12.362, 6.319, 0.0, 4.715, 8.415, 10.904, 12.389, 15.461, 18.591, 19.343, 22.6, 24.732, 25.013, 27.385, 30.221, 31.134, 32.111, 34.472, 36.149, 36.315, 36.02, 36.052, 36.017, 35.382, 34.947, 35.796, 39.008, 42.494, 43.442, 43.878, 44.89, 46.644, 50.239, 55.152, 60.094, 64.255, 66.234, 64.92, 62.805, 60.89, 59.327, 59.274, 59.493, 59.215, 58.578, 56.79, 54.545, 53.82, 54.254, 54.543, 56.252, 56.171, 56.294, 56.609, 57.195, 58.116, 58.921, 58.532, 57.787, 58.479, 58.708, 58.521, 58.776, 59.119, 60.417, 61.577, 62.786, 65.747, 67.487, 66.414, 65.262, 65.962, 67.191, 68.533, 68.526, 68.075, 69.18, 69.487], [57.44, 51.134, 49.787, 48.179, 45.128, 36.023, 23.802, 17.832, 14.111, 9.202, 4.715, 0.0, 5.372, 8.791, 10.623, 14.168, 17.484, 18.386, 22.154, 24.529, 24.772, 27.052, 29.926, 30.89, 31.902, 34.305, 35.999, 36.189, 35.891, 35.905, 35.845, 35.175, 34.721, 35.526, 38.787, 42.342, 43.322, 43.875, 44.997, 46.82, 50.5, 55.478, 60.435, 64.574, 66.525, 65.202, 63.058, 61.084, 59.455, 59.351, 59.56, 59.274, 58.603, 56.736, 54.441, 53.673, 54.061, 54.297, 56.009, 55.907, 56.008, 56.334, 56.937, 57.855, 58.625, 58.198, 57.419, 58.154, 58.418, 58.235, 58.469, 58.775, 60.042, 61.21, 62.487, 65.527, 67.298, 66.2, 65.038, 65.769, 67.027, 68.415, 68.468, 68.057, 69.17, 69.483], [58.097, 51.854, 50.545, 48.829, 45.67, 36.538, 24.494, 18.83, 15.327, 11.114, 8.415, 5.372, 0.0, 4.859, 8.066, 12.297, 15.416, 16.138, 20.581, 23.202, 23.223, 25.191, 28.017, 28.984, 30.225, 33.047, 34.977, 35.271, 35.047, 35.072, 35.026, 34.363, 33.92, 34.771, 37.983, 41.506, 42.498, 43.222, 44.779, 46.949, 50.751, 55.766, 60.804, 65.029, 66.886, 65.436, 63.299, 61.31, 59.578, 59.362, 59.581, 59.354, 58.693, 56.815, 54.589, 53.915, 54.326, 54.499, 56.085, 55.937, 55.981, 56.26, 56.873, 57.841, 58.613, 58.169, 57.316, 57.898, 58.112, 57.927, 58.146, 58.439, 59.644, 60.743, 61.99, 65.069, 66.885, 65.758, 64.634, 65.458, 66.763, 68.158, 68.247, 67.862, 68.937, 69.258], [57.869, 51.579, 50.249, 48.572, 45.462, 36.402, 24.486, 19.023, 15.819, 12.54, 10.904, 8.791, 4.859, 0.0, 5.0, 10.212, 13.349, 14.683, 19.988, 22.881, 22.926, 24.446, 26.845, 27.715, 29.037, 32.102, 34.187, 34.542, 34.407, 34.469, 34.439, 33.778, 33.319, 34.288, 37.51, 41.043, 42.058, 42.899, 44.777, 47.135, 50.917, 55.843, 60.843, 65.121, 67.009, 65.536, 63.432, 61.479, 59.648, 59.36, 59.609, 59.405, 58.793, 56.95, 54.77, 54.289, 54.872, 55.078, 56.649, 56.544, 56.577, 56.812, 57.403, 58.4, 59.17, 58.688, 57.85, 58.408, 58.622, 58.458, 58.678, 58.881, 59.861, 60.766, 61.903, 64.978, 66.843, 65.721, 64.582, 65.421, 66.744, 68.151, 68.267, 67.894, 68.939, 69.244], [56.956, 50.623, 49.194, 47.583, 44.656, 35.899, 24.396, 19.483, 17.014, 14.11, 12.389, 10.623, 8.066, 5.0, 0.0, 6.47, 10.666, 13.646, 19.888, 23.156, 23.81, 25.742, 28.095, 28.948, 30.001, 32.592, 34.49, 34.829, 34.735, 34.779, 34.698, 34.031, 33.518, 34.542, 37.771, 41.314, 42.364, 43.128, 44.863, 47.018, 50.518, 55.128, 59.883, 64.043, 65.984, 64.616, 62.589, 60.737, 59.089, 58.957, 59.238, 58.998, 58.478, 56.679, 54.353, 53.711, 54.253, 54.409, 56.06, 56.097, 56.198, 56.455, 57.055, 58.042, 58.796, 58.259, 57.474, 58.206, 58.512, 58.361, 58.599, 58.748, 59.622, 60.483, 61.608, 64.684, 66.572, 65.478, 64.264, 65.04, 66.357, 67.785, 67.886, 67.512, 68.583, 68.864], [55.504, 49.064, 47.604, 46.031, 43.325, 35.06, 24.479, 20.704, 19.257, 17.02, 15.461, 14.168, 12.297, 10.212, 6.47, 0.0, 6.203, 11.698, 18.734, 22.279, 23.402, 25.619, 27.984, 28.774, 29.751, 32.321, 34.235, 34.624, 34.639, 34.77, 34.662, 33.988, 33.504, 34.723, 37.989, 41.44, 42.486, 43.222, 44.78, 46.648, 49.72, 53.947, 58.443, 62.405, 64.258, 62.91, 60.958, 59.177, 57.771, 58.042, 58.418, 58.138, 57.743, 56.1, 53.773, 53.023, 53.609, 53.806, 55.579, 55.785, 55.929, 56.169, 56.736, 57.686, 58.403, 57.87, 57.1, 57.798, 58.127, 57.984, 58.232, 58.378, 59.237, 60.08, 61.133, 64.136, 66.001, 64.951, 63.702, 64.377, 65.634, 67.009, 67.047, 66.623, 67.699, 67.961], [56.19, 49.881, 48.481, 46.911, 44.225, 36.225, 26.241, 23.085, 22.033, 20.058, 18.591, 17.484, 15.416, 13.349, 10.666, 6.203, 0.0, 8.538, 17.426, 21.373, 22.572, 24.802, 27.167, 27.981, 28.999, 31.668, 33.705, 34.207, 34.255, 34.406, 34.264, 33.707, 33.494, 34.873, 38.07, 41.41, 42.429, 43.164, 44.906, 47.032, 50.188, 54.33, 58.792, 62.898, 64.845, 63.465, 61.543, 59.781, 58.308, 58.579, 59.102, 58.856, 58.49, 56.958, 54.761, 54.085, 54.705, 54.894, 56.571, 56.728, 56.857, 57.087, 57.673, 58.636, 59.346, 58.84, 58.109, 58.748, 59.009, 58.856, 59.107, 59.254, 60.06, 60.815, 61.756, 64.666, 66.511, 65.485, 64.273, 64.983, 66.243, 67.572, 67.578, 67.148, 68.167, 68.391], [57.126, 51.282, 50.153, 48.562, 45.898, 37.963, 28.063, 24.626, 22.786, 20.513, 19.343, 18.386, 16.138, 14.683, 13.646, 11.698, 8.538, 0.0, 10.714, 15.211, 16.358, 19.67, 23.227, 24.26, 25.285, 28.331, 30.565, 31.081, 31.033, 31.153, 31.077, 30.733, 30.755, 32.198, 35.474, 38.861, 39.826, 40.446, 42.456, 45.12, 48.846, 53.581, 58.533, 63.156, 65.623, 64.37, 62.354, 60.491, 58.941, 59.051, 59.635, 59.841, 59.597, 58.061, 55.988, 55.363, 55.897, 56.087, 57.745, 57.957, 58.181, 58.449, 59.097, 60.147, 60.92, 60.48, 59.701, 60.049, 60.08, 59.89, 60.17, 60.526, 61.551, 62.317, 63.129, 65.88, 67.65, 66.574, 65.338, 66.043, 67.307, 68.602, 68.601, 68.183, 69.162, 69.361], [55.11, 49.846, 49.071, 47.398, 44.784, 37.546, 29.308, 26.738, 24.555, 22.699, 22.6, 22.154, 20.581, 19.988, 19.888, 18.734, 17.426, 10.714, 0.0, 5.114, 8.111, 14.598, 19.768, 21.012, 21.459, 24.707, 27.142, 27.546, 27.512, 27.817, 27.994, 27.86, 27.994, 29.623, 32.878, 36.138, 37.009, 37.499, 39.539, 42.072, 45.499, 50.398, 55.652, 60.603, 63.661, 62.79, 60.809, 58.94, 57.542, 57.755, 58.31, 59.082, 59.529, 58.33, 56.356, 55.64, 56.199, 56.413, 58.219, 58.814, 59.228, 59.508, 60.142, 61.105, 61.815, 61.444, 60.665, 60.658, 60.424, 60.216, 60.619, 61.227, 62.38, 63.024, 63.597, 66.068, 67.71, 66.633, 65.333, 65.925, 67.112, 68.302, 68.186, 67.748, 68.74, 68.901], [55.148, 50.065, 49.431, 47.76, 45.127, 38.118, 30.541, 28.283, 26.002, 24.38, 24.732, 24.529, 23.202, 22.881, 23.156, 22.279, 21.373, 15.211, 5.114, 0.0, 5.342, 13.463, 19.089, 20.365, 20.657, 24.026, 26.544, 26.87, 26.793, 27.184, 27.489, 27.43, 27.654, 29.365, 32.551, 35.689, 36.501, 36.932, 38.959, 41.42, 44.755, 49.784, 55.187, 60.243, 63.475, 62.722, 60.758, 58.893, 57.571, 57.853, 58.385, 59.272, 59.919, 58.889, 57.02, 56.318, 56.902, 57.138, 58.947, 59.604, 60.047, 60.324, 60.952, 61.875, 62.558, 62.236, 61.433, 61.263, 60.931, 60.711, 61.156, 61.874, 63.088, 63.701, 64.178, 66.517, 68.085, 67.008, 65.717, 66.27, 67.414, 68.552, 68.393, 67.937, 68.924, 69.088], [56.92, 51.873, 51.335, 49.655, 46.838, 39.448, 31.359, 28.684, 26.136, 24.526, 25.013, 24.772, 23.223, 22.926, 23.81, 23.402, 22.572, 16.358, 8.111, 5.342, 0.0, 9.218, 15.575, 17.016, 17.849, 22.192, 25.088, 25.484, 25.426, 25.83, 26.194, 26.109, 26.359, 27.924, 31.148, 34.317, 35.083, 35.677, 38.022, 40.881, 44.722, 50.166, 55.837, 60.981, 64.057, 63.073, 60.938, 58.935, 57.48, 57.696, 58.23, 59.042, 59.436, 58.319, 56.683, 56.469, 57.256, 57.573, 59.329, 59.786, 60.121, 60.354, 60.951, 61.927, 62.707, 62.416, 61.524, 61.341, 61.044, 60.808, 61.202, 61.929, 63.212, 63.868, 64.419, 66.875, 68.489, 67.374, 66.18, 66.833, 67.996, 69.152, 69.074, 68.624, 69.551, 69.74], [58.341, 53.397, 53.049, 51.326, 48.209, 40.658, 32.705, 30.137, 27.96, 26.84, 27.385, 27.052, 25.191, 24.446, 25.742, 25.619, 24.802, 19.67, 14.598, 13.463, 9.218, 0.0, 7.185, 9.383, 11.851, 18.365, 21.989, 22.667, 23.203, 23.852, 24.3, 24.115, 24.262, 25.64, 28.919, 32.104, 32.737, 33.788, 36.858, 40.216, 44.251, 49.618, 55.293, 60.356, 62.99, 61.551, 59.21, 57.037, 55.237, 55.263, 55.832, 56.549, 56.762, 55.649, 54.487, 55.572, 57.163, 57.624, 59.282, 59.518, 59.692, 59.797, 60.225, 61.221, 62.135, 61.857, 60.904, 60.84, 60.718, 60.478, 60.778, 61.385, 62.532, 63.116, 63.853, 66.673, 68.451, 67.324, 66.399, 67.291, 68.485, 69.663, 69.734, 69.307, 70.118, 70.3], [58.794, 53.897, 53.646, 51.938, 48.699, 41.359, 34.036, 31.865, 30.143, 29.545, 30.221, 29.926, 28.017, 26.845, 28.095, 27.984, 27.167, 23.227, 19.768, 19.089, 15.575, 7.185, 0.0, 3.778, 8.912, 16.861, 20.852, 21.674, 22.668, 23.591, 24.131, 23.917, 24.023, 25.393, 28.438, 31.424, 31.962, 33.287, 36.757, 40.205, 44.061, 49.149, 54.711, 59.65, 61.942, 60.214, 57.79, 55.55, 53.521, 53.452, 54.074, 54.673, 54.769, 53.769, 52.954, 54.941, 57.283, 57.899, 59.428, 59.557, 59.616, 59.617, 59.908, 60.854, 61.795, 61.506, 60.508, 60.486, 60.503, 60.277, 60.516, 60.997, 61.937, 62.386, 63.198, 66.209, 68.087, 66.98, 66.246, 67.288, 68.494, 69.673, 69.813, 69.399, 70.142, 70.312], [58.839, 54.02, 53.763, 52.096, 48.896, 41.621, 34.485, 32.416, 30.713, 30.331, 31.134, 30.89, 28.984, 27.715, 28.948, 28.774, 27.981, 24.26, 21.012, 20.365, 17.016, 9.383, 3.778, 0.0, 7.201, 16.084, 20.273, 21.095, 22.113, 23.135, 23.777, 23.578, 23.667, 25.11, 27.99, 30.825, 31.335, 32.717, 36.307, 39.765, 43.632, 48.827, 54.528, 59.573, 61.886, 60.083, 57.566, 55.236, 53.175, 53.166, 53.801, 54.39, 54.387, 53.345, 52.525, 54.597, 57.106, 57.917, 59.607, 59.804, 59.855, 59.833, 60.103, 61.055, 62.005, 61.705, 60.629, 60.516, 60.557, 60.363, 60.602, 61.067, 61.978, 62.404, 63.197, 66.191, 68.069, 66.953, 66.222, 67.276, 68.49, 69.675, 69.825, 69.408, 70.149, 70.309], [57.886, 53.52, 53.326, 51.599, 48.425, 41.584, 35.081, 33.27, 31.595, 31.27, 32.111, 31.902, 30.225, 29.037, 30.001, 29.751, 28.999, 25.285, 21.459, 20.657, 17.849, 11.851, 8.912, 7.201, 0.0, 10.026, 15.138, 16.235, 17.386, 18.603, 19.434, 19.361, 19.539, 21.323, 24.195, 26.952, 27.455, 28.837, 32.54, 35.951, 39.777, 45.198, 51.241, 56.791, 59.713, 58.236, 55.698, 53.383, 51.568, 51.722, 52.369, 52.979, 53.025, 52.095, 51.132, 53.01, 55.479, 56.412, 58.813, 59.656, 59.877, 59.847, 60.112, 60.982, 61.882, 61.564, 60.542, 60.491, 60.5, 60.329, 60.652, 61.156, 62.0, 62.288, 62.9, 65.722, 67.578, 66.481, 65.672, 66.708, 67.935, 69.09, 69.136, 68.739, 69.547, 69.62], [58.098, 54.25, 54.174, 52.415, 49.301, 43.041, 37.167, 35.481, 34.003, 33.747, 34.472, 34.305, 33.047, 32.102, 32.592, 32.321, 31.668, 28.331, 24.707, 24.026, 22.192, 18.365, 16.861, 16.084, 10.026, 0.0, 6.254, 8.323, 10.256, 11.926, 12.852, 13.032, 13.542, 15.855, 18.878, 21.745, 22.311, 23.677, 27.526, 31.052, 35.057, 40.745, 47.067, 53.143, 56.802, 55.752, 53.228, 50.988, 49.585, 49.942, 50.591, 51.013, 50.903, 50.012, 48.915, 50.812, 53.334, 54.135, 57.177, 58.934, 59.46, 59.446, 59.718, 60.495, 61.345, 61.013, 60.085, 60.278, 60.385, 60.219, 60.59, 61.095, 61.876, 62.13, 62.685, 65.399, 67.244, 66.188, 65.396, 66.495, 67.752, 68.907, 68.888, 68.542, 69.447, 69.447], [58.91, 55.279, 55.28, 53.573, 50.554, 44.562, 38.845, 37.071, 35.673, 35.489, 36.149, 35.999, 34.977, 34.187, 34.49, 34.235, 33.705, 30.565, 27.142, 26.544, 25.088, 21.989, 20.852, 20.273, 15.138, 6.254, 0.0, 3.521, 6.717, 8.742, 9.667, 10.027, 10.704, 13.176, 16.429, 19.517, 20.156, 21.477, 25.295, 28.931, 33.194, 39.08, 45.498, 51.771, 55.753, 54.856, 52.317, 50.081, 48.842, 49.294, 49.913, 50.182, 49.943, 48.964, 47.828, 49.921, 52.527, 53.209, 56.337, 58.431, 59.238, 59.345, 59.675, 60.463, 61.304, 60.948, 60.046, 60.362, 60.542, 60.381, 60.754, 61.26, 62.092, 62.455, 63.056, 65.757, 67.596, 66.558, 65.797, 66.923, 68.199, 69.378, 69.373, 69.06, 70.02, 70.024], [59.06, 55.479, 55.505, 53.842, 50.821, 44.82, 39.115, 37.289, 35.843, 35.653, 36.315, 36.189, 35.271, 34.542, 34.829, 34.624, 34.207, 31.081, 27.546, 26.87, 25.484, 22.667, 21.674, 21.095, 16.235, 8.323, 3.521, 0.0, 4.253, 6.765, 7.928, 8.419, 9.218, 11.963, 15.298, 18.503, 19.148, 20.412, 24.159, 27.723, 32.111, 38.265, 44.852, 51.211, 55.296, 54.446, 51.892, 49.638, 48.401, 48.878, 49.501, 49.714, 49.355, 48.284, 47.128, 49.237, 51.852, 52.645, 55.833, 57.857, 58.758, 59.031, 59.455, 60.293, 61.179, 60.835, 59.877, 60.181, 60.377, 60.216, 60.58, 61.097, 62.013, 62.486, 63.13, 65.802, 67.608, 66.568, 65.808, 66.915, 68.191, 69.39, 69.411, 69.114, 70.106, 70.138], [59.771, 56.291, 56.287, 54.676, 51.727, 45.651, 39.65, 37.563, 35.879, 35.47, 36.02, 35.891, 35.047, 34.407, 34.735, 34.639, 34.255, 31.033, 27.512, 26.793, 25.426, 23.203, 22.668, 22.113, 17.386, 10.256, 6.717, 4.253, 0.0, 3.373, 5.243, 6.075, 7.277, 10.466, 13.788, 17.009, 17.698, 18.732, 22.332, 26.102, 31.098, 37.885, 44.841, 51.438, 55.674, 54.884, 52.349, 50.118, 48.93, 49.415, 49.999, 50.118, 49.596, 48.402, 47.098, 48.878, 51.265, 52.142, 55.506, 57.492, 58.421, 58.857, 59.44, 60.33, 61.221, 60.884, 59.927, 60.203, 60.356, 60.197, 60.566, 61.118, 62.15, 62.746, 63.398, 65.993, 67.773, 66.731, 65.922, 66.992, 68.287, 69.516, 69.55, 69.274, 70.309, 70.365], [60.748, 57.341, 57.33, 55.757, 52.847, 46.652, 40.289, 37.935, 36.139, 35.601, 36.052, 35.905, 35.072, 34.469, 34.779, 34.77, 34.406, 31.153, 27.817, 27.184, 25.83, 23.852, 23.591, 23.135, 18.603, 11.926, 8.742, 6.765, 3.373, 0.0, 2.768, 4.541, 6.271, 9.476, 12.756, 16.112, 16.806, 17.708, 21.357, 25.544, 31.121, 38.245, 45.366, 52.124, 56.448, 55.656, 53.094, 50.825, 49.614, 50.061, 50.605, 50.672, 50.085, 48.696, 47.204, 48.884, 51.125, 51.977, 55.342, 57.238, 58.199, 58.714, 59.398, 60.392, 61.333, 60.972, 60.013, 60.352, 60.522, 60.351, 60.707, 61.249, 62.336, 63.027, 63.751, 66.384, 68.177, 67.125, 66.291, 67.368, 68.705, 69.986, 70.065, 69.811, 70.873, 70.954], [61.097, 57.662, 57.658, 56.092, 53.182, 46.95, 40.423, 37.959, 36.219, 35.658, 36.017, 35.845, 35.026, 34.439, 34.698, 34.662, 34.264, 31.077, 27.994, 27.489, 26.194, 24.3, 24.131, 23.777, 19.434, 12.852, 9.667, 7.928, 5.243, 2.768, 0.0, 2.996, 5.896, 9.354, 12.738, 16.217, 16.989, 18.041, 21.756, 26.026, 31.66, 38.705, 45.72, 52.393, 56.652, 55.84, 53.28, 50.999, 49.756, 50.197, 50.75, 50.764, 50.098, 48.61, 47.063, 48.747, 50.972, 51.793, 55.146, 57.045, 58.028, 58.567, 59.275, 60.308, 61.297, 60.939, 59.993, 60.414, 60.639, 60.458, 60.775, 61.27, 62.35, 63.079, 63.853, 66.524, 68.316, 67.277, 66.471, 67.553, 68.896, 70.194, 70.295, 70.042, 71.105, 71.19], [60.901, 57.36, 57.332, 55.766, 52.841, 46.548, 39.914, 37.389, 35.668, 35.085, 35.382, 35.175, 34.363, 33.778, 34.031, 33.988, 33.707, 30.733, 27.86, 27.43, 26.109, 24.115, 23.917, 23.578, 19.361, 13.032, 10.027, 8.419, 6.075, 4.541, 2.996, 0.0, 4.228, 8.591, 12.532, 16.254, 17.118, 18.364, 22.072, 26.219, 31.766, 38.759, 45.692, 52.192, 56.298, 55.424, 52.843, 50.548, 49.3, 49.773, 50.294, 50.217, 49.487, 47.973, 46.423, 48.187, 50.465, 51.325, 54.791, 56.714, 57.687, 58.236, 58.928, 59.941, 60.944, 60.606, 59.644, 60.105, 60.384, 60.212, 60.502, 60.962, 62.033, 62.777, 63.595, 66.319, 68.117, 67.079, 66.286, 67.362, 68.698, 70.006, 70.102, 69.829, 70.891, 70.979], [60.369, 56.869, 56.817, 55.284, 52.399, 46.114, 39.554, 37.057, 35.333, 34.713, 34.947, 34.721, 33.92, 33.319, 33.518, 33.504, 33.494, 30.755, 27.994, 27.654, 26.359, 24.262, 24.023, 23.667, 19.539, 13.542, 10.704, 9.218, 7.277, 6.271, 5.896, 4.228, 0.0, 5.575, 10.75, 15.022, 15.95, 17.255, 21.025, 25.143, 30.628, 37.613, 44.578, 51.035, 55.058, 54.119, 51.476, 49.109, 47.826, 48.328, 48.805, 48.717, 48.014, 46.481, 44.875, 46.741, 49.087, 49.973, 53.696, 55.809, 56.849, 57.409, 58.09, 59.103, 60.125, 59.779, 58.88, 59.403, 59.699, 59.555, 59.86, 60.315, 61.39, 62.148, 63.004, 65.801, 67.636, 66.573, 65.75, 66.822, 68.167, 69.509, 69.656, 69.392, 70.464, 70.557], [61.166, 58.038, 58.018, 56.518, 53.691, 47.427, 40.856, 38.263, 36.462, 35.727, 35.796, 35.526, 34.771, 34.288, 34.542, 34.723, 34.873, 32.198, 29.623, 29.365, 27.924, 25.64, 25.393, 25.11, 21.323, 15.855, 13.176, 11.963, 10.466, 9.476, 9.354, 8.591, 5.575, 0.0, 6.728, 11.822, 12.831, 14.325, 18.498, 23.106, 29.107, 36.376, 43.518, 50.135, 54.223, 53.209, 50.456, 48.037, 46.816, 47.327, 47.779, 47.685, 47.048, 45.523, 43.898, 45.877, 48.189, 48.996, 52.797, 54.983, 56.141, 56.763, 57.448, 58.452, 59.524, 59.176, 58.401, 59.163, 59.483, 59.346, 59.685, 60.153, 61.271, 62.092, 63.02, 65.87, 67.741, 66.676, 65.918, 67.096, 68.499, 69.884, 70.123, 69.94, 71.016, 71.12], [61.994, 59.662, 59.738, 58.278, 55.553, 49.587, 43.583, 41.278, 39.538, 38.894, 39.008, 38.787, 37.983, 37.51, 37.771, 37.989, 38.07, 35.474, 32.878, 32.551, 31.148, 28.919, 28.438, 27.99, 24.195, 18.878, 16.429, 15.298, 13.788, 12.756, 12.738, 12.532, 10.75, 6.728, 0.0, 5.747, 7.292, 9.53, 14.959, 20.404, 26.937, 34.571, 42.07, 49.175, 53.613, 52.694, 49.983, 47.685, 46.75, 47.363, 47.805, 47.737, 47.293, 45.896, 44.234, 45.981, 48.182, 48.994, 52.884, 55.166, 56.393, 57.091, 57.793, 58.73, 59.766, 59.43, 58.679, 59.431, 59.699, 59.571, 59.955, 60.419, 61.502, 62.29, 63.155, 65.845, 67.705, 66.669, 65.993, 67.35, 68.84, 70.215, 70.46, 70.38, 71.476, 71.58], [62.434, 60.875, 61.129, 59.686, 57.09, 51.58, 46.308, 44.437, 42.868, 42.334, 42.494, 42.342, 41.506, 41.043, 41.314, 41.44, 41.41, 38.861, 36.138, 35.689, 34.317, 32.104, 31.424, 30.825, 26.952, 21.745, 19.517, 18.503, 17.009, 16.112, 16.217, 16.254, 15.022, 11.822, 5.747, 0.0, 2.959, 6.88, 13.105, 18.772, 25.353, 33.109, 40.838, 48.303, 53.015, 52.189, 49.529, 47.335, 46.625, 47.32, 47.743, 47.71, 47.43, 46.25, 44.697, 46.277, 48.444, 49.29, 53.305, 55.778, 57.06, 57.797, 58.515, 59.375, 60.362, 60.028, 59.283, 59.923, 60.09, 59.985, 60.42, 60.903, 61.963, 62.7, 63.476, 65.98, 67.796, 66.807, 66.183, 67.63, 69.158, 70.495, 70.708, 70.674, 71.77, 71.858], [62.844, 61.418, 61.811, 60.42, 57.789, 52.301, 47.145, 45.341, 43.778, 43.248, 43.442, 43.322, 42.498, 42.058, 42.364, 42.486, 42.429, 39.826, 37.009, 36.501, 35.083, 32.737, 31.962, 31.335, 27.455, 22.311, 20.156, 19.148, 17.698, 16.806, 16.989, 17.118, 15.95, 12.831, 7.292, 2.959, 0.0, 5.468, 12.45, 18.295, 24.958, 32.82, 40.648, 48.232, 53.074, 52.275, 49.578, 47.344, 46.625, 47.328, 47.763, 47.754, 47.455, 46.252, 44.75, 46.523, 48.785, 49.692, 53.706, 56.145, 57.453, 58.202, 58.926, 59.831, 60.897, 60.573, 59.808, 60.437, 60.592, 60.499, 60.992, 61.518, 62.608, 63.381, 64.182, 66.676, 68.479, 67.492, 66.878, 68.336, 69.866, 71.201, 71.42, 71.38, 72.472, 72.569], [63.468, 62.027, 62.396, 61.232, 58.886, 53.464, 48.165, 46.247, 44.55, 43.775, 43.878, 43.875, 43.222, 42.899, 43.128, 43.222, 43.164, 40.446, 37.499, 36.932, 35.677, 33.788, 33.287, 32.717, 28.837, 23.677, 21.477, 20.412, 18.732, 17.708, 18.041, 18.364, 17.255, 14.325, 9.53, 6.88, 5.468, 0.0, 8.187, 15.524, 23.509, 32.112, 40.348, 48.438, 53.848, 53.277, 50.622, 48.461, 47.989, 48.816, 49.22, 49.205, 48.959, 47.68, 45.982, 47.624, 49.691, 50.601, 54.541, 56.881, 58.244, 59.055, 59.843, 60.801, 61.902, 61.577, 60.824, 61.432, 61.529, 61.428, 61.976, 62.664, 63.923, 64.741, 65.503, 67.96, 69.769, 68.758, 67.988, 69.366, 70.914, 72.249, 72.391, 72.321, 73.458, 73.57], [63.36, 62.111, 62.439, 61.441, 59.573, 54.687, 49.609, 47.716, 46.059, 45.068, 44.89, 44.997, 44.779, 44.777, 44.863, 44.78, 44.906, 42.456, 39.539, 38.959, 38.022, 36.858, 36.757, 36.307, 32.54, 27.526, 25.295, 24.159, 22.332, 21.357, 21.756, 22.072, 21.025, 18.498, 14.959, 13.105, 12.45, 8.187, 0.0, 9.067, 19.199, 29.093, 37.922, 46.549, 52.628, 52.386, 49.798, 47.846, 48.003, 49.229, 49.584, 49.471, 49.322, 48.133, 46.248, 47.552, 49.349, 50.265, 54.36, 56.789, 58.27, 59.195, 60.033, 60.903, 61.937, 61.614, 60.854, 61.457, 61.484, 61.375, 61.959, 62.809, 64.421, 65.491, 66.289, 68.64, 70.388, 69.397, 68.474, 69.696, 71.217, 72.52, 72.503, 72.38, 73.613, 73.736], [60.806, 60.045, 60.462, 59.493, 57.935, 54.014, 50.173, 48.874, 47.545, 46.791, 46.644, 46.82, 46.949, 47.135, 47.018, 46.648, 47.032, 45.12, 42.072, 41.42, 40.881, 40.216, 40.205, 39.765, 35.951, 31.052, 28.931, 27.723, 26.102, 25.544, 26.026, 26.219, 25.143, 23.106, 20.404, 18.772, 18.295, 15.524, 9.067, 0.0, 11.474, 22.625, 32.043, 40.989, 47.696, 47.969, 45.553, 43.907, 44.736, 46.44, 46.812, 46.76, 46.977, 46.312, 44.512, 45.503, 47.348, 48.391, 53.013, 55.93, 57.561, 58.553, 59.316, 59.913, 60.825, 60.537, 59.772, 60.365, 60.34, 60.257, 60.961, 61.841, 63.568, 64.849, 65.672, 67.802, 69.4, 68.489, 67.544, 68.59, 69.984, 71.184, 71.011, 70.842, 72.151, 72.232], [55.995, 56.222, 56.903, 55.915, 54.606, 52.251, 50.932, 51.017, 50.366, 50.142, 50.239, 50.5, 50.751, 50.917, 50.518, 49.72, 50.188, 48.846, 45.499, 44.755, 44.722, 44.251, 44.061, 43.632, 39.777, 35.057, 33.194, 32.111, 31.098, 31.121, 31.66, 31.766, 30.628, 29.107, 26.937, 25.353, 24.958, 23.509, 19.199, 11.474, 0.0, 12.008, 22.087, 31.476, 39.054, 40.177, 38.274, 37.272, 38.923, 41.144, 41.609, 41.978, 43.267, 43.708, 42.317, 43.029, 45.254, 46.364, 51.551, 55.336, 57.162, 58.127, 58.709, 58.906, 59.6, 59.389, 58.833, 59.383, 59.233, 59.199, 60.093, 60.953, 62.453, 63.602, 64.282, 66.105, 67.521, 66.76, 65.909, 66.813, 68.002, 68.978, 68.612, 68.398, 69.713, 69.689], [52.041, 53.415, 54.37, 53.412, 52.41, 51.778, 53.04, 54.583, 54.767, 54.97, 55.152, 55.478, 55.766, 55.843, 55.128, 53.947, 54.33, 53.581, 50.398, 49.784, 50.166, 49.618, 49.149, 48.827, 45.198, 40.745, 39.08, 38.265, 37.885, 38.245, 38.705, 38.759, 37.613, 36.376, 34.571, 33.109, 32.82, 32.112, 29.093, 22.625, 12.008, 0.0, 10.613, 21.007, 29.962, 32.221, 31.255, 31.349, 33.943, 36.52, 37.112, 37.987, 40.67, 42.366, 41.499, 42.145, 44.838, 45.775, 51.116, 55.647, 57.654, 58.542, 58.92, 58.732, 59.171, 59.007, 58.862, 59.552, 59.342, 59.361, 60.384, 61.152, 62.259, 63.061, 63.533, 65.141, 66.463, 65.886, 65.163, 65.987, 66.993, 67.73, 67.179, 66.927, 68.175, 68.046], [50.305, 52.552, 53.7, 52.799, 52.138, 52.934, 55.962, 58.452, 59.332, 59.892, 60.094, 60.435, 60.804, 60.843, 59.883, 58.443, 58.792, 58.533, 55.652, 55.187, 55.837, 55.293, 54.711, 54.528, 51.241, 47.067, 45.498, 44.852, 44.841, 45.366, 45.72, 45.692, 44.578, 43.518, 42.07, 40.838, 40.648, 40.348, 37.922, 32.043, 22.087, 10.613, 0.0, 11.735, 22.745, 26.652, 26.984, 28.338, 31.791, 34.634, 35.332, 36.567, 40.309, 43.032, 42.671, 43.275, 46.208, 46.9, 52.131, 57.134, 59.247, 60.063, 60.274, 59.794, 60.019, 59.888, 60.106, 60.967, 60.76, 60.822, 61.898, 62.542, 63.31, 63.833, 64.118, 65.498, 66.721, 66.325, 65.675, 66.36, 67.186, 67.74, 67.059, 66.777, 67.951, 67.752], [49.686, 52.364, 53.661, 52.736, 52.24, 54.122, 58.486, 61.625, 63.044, 63.957, 64.255, 64.574, 65.029, 65.121, 64.043, 62.405, 62.898, 63.156, 60.603, 60.243, 60.981, 60.356, 59.65, 59.573, 56.791, 53.143, 51.771, 51.211, 51.438, 52.124, 52.393, 52.192, 51.035, 50.135, 49.175, 48.303, 48.232, 48.438, 46.549, 40.989, 31.476, 21.007, 11.735, 0.0, 13.085, 19.378, 21.481, 24.196, 28.466, 31.818, 32.619, 34.122, 38.578, 42.327, 42.693, 43.287, 46.52, 47.121, 52.298, 57.647, 59.774, 60.516, 60.546, 59.858, 59.979, 59.942, 60.366, 61.276, 61.144, 61.231, 62.28, 62.799, 63.375, 63.859, 64.155, 65.414, 66.464, 66.279, 65.887, 66.418, 67.016, 67.429, 66.754, 66.437, 67.511, 67.273], [50.53, 53.075, 54.406, 53.361, 52.654, 54.689, 59.562, 63.038, 64.772, 65.864, 66.234, 66.525, 66.886, 67.009, 65.984, 64.258, 64.845, 65.623, 63.661, 63.475, 64.057, 62.99, 61.942, 61.886, 59.713, 56.802, 55.753, 55.296, 55.674, 56.448, 56.652, 56.298, 55.058, 54.223, 53.613, 53.015, 53.074, 53.848, 52.628, 47.696, 39.054, 29.962, 22.745, 13.085, 0.0, 8.81, 13.689, 18.179, 22.922, 26.64, 27.527, 29.019, 34.061, 38.853, 40.069, 40.809, 44.559, 45.221, 50.33, 55.714, 57.739, 58.428, 58.297, 57.456, 57.556, 57.592, 58.096, 59.093, 59.152, 59.237, 60.146, 60.46, 60.951, 61.631, 62.214, 63.714, 64.768, 64.805, 65.039, 65.743, 66.223, 66.582, 66.116, 65.836, 66.753, 66.532], [51.503, 53.579, 54.841, 53.758, 52.826, 54.211, 58.481, 61.811, 63.563, 64.604, 64.92, 65.202, 65.436, 65.536, 64.616, 62.91, 63.465, 64.37, 62.79, 62.722, 63.073, 61.551, 60.214, 60.083, 58.236, 55.752, 54.856, 54.446, 54.884, 55.656, 55.84, 55.424, 54.119, 53.209, 52.694, 52.189, 52.275, 53.277, 52.386, 47.969, 40.177, 32.221, 26.652, 19.378, 8.81, 0.0, 6.676, 12.295, 17.497, 21.561, 22.488, 23.814, 29.162, 34.269, 35.78, 37.342, 41.684, 42.626, 47.919, 53.108, 55.075, 55.809, 55.659, 54.877, 55.106, 55.105, 55.521, 56.72, 57.002, 57.078, 57.879, 58.068, 58.642, 59.628, 60.641, 62.638, 63.88, 63.881, 64.407, 65.447, 66.072, 66.546, 66.203, 65.923, 66.759, 66.576], [52.041, 53.755, 54.967, 53.854, 52.777, 53.547, 57.008, 59.967, 61.577, 62.539, 62.805, 63.058, 63.299, 63.432, 62.589, 60.958, 61.543, 62.354, 60.809, 60.758, 60.938, 59.21, 57.79, 57.566, 55.698, 53.228, 52.317, 51.892, 52.349, 53.094, 53.28, 52.843, 51.476, 50.456, 49.983, 49.529, 49.578, 50.622, 49.798, 45.553, 38.274, 31.255, 26.984, 21.481, 13.689, 6.676, 0.0, 6.301, 12.826, 17.818, 18.83, 20.238, 25.61, 30.479, 31.792, 34.14, 38.923, 40.239, 46.038, 51.217, 53.219, 54.013, 53.926, 53.326, 53.761, 53.683, 53.899, 55.28, 55.73, 55.787, 56.538, 56.691, 57.378, 58.603, 59.978, 62.38, 63.765, 63.629, 64.117, 65.331, 66.125, 66.769, 66.508, 66.21, 67.038, 66.871], [52.463, 53.831, 54.992, 53.846, 52.644, 52.883, 55.635, 58.248, 59.718, 60.639, 60.89, 61.084, 61.31, 61.479, 60.737, 59.177, 59.781, 60.491, 58.94, 58.893, 58.935, 57.037, 55.55, 55.236, 53.383, 50.988, 50.081, 49.638, 50.118, 50.825, 50.999, 50.548, 49.109, 48.037, 47.685, 47.335, 47.344, 48.461, 47.846, 43.907, 37.272, 31.349, 28.338, 24.196, 18.179, 12.295, 6.301, 0.0, 8.04, 14.305, 15.477, 17.036, 22.284, 26.783, 27.932, 31.105, 36.392, 38.113, 44.369, 49.548, 51.585, 52.42, 52.425, 52.091, 52.76, 52.612, 52.628, 54.074, 54.671, 54.717, 55.411, 55.535, 56.265, 57.628, 59.272, 62.015, 63.508, 63.241, 63.637, 64.898, 65.8, 66.632, 66.546, 66.242, 67.065, 66.91], [52.488, 53.519, 54.659, 53.473, 52.071, 51.851, 54.192, 56.672, 58.094, 59.045, 59.327, 59.455, 59.578, 59.648, 59.089, 57.771, 58.308, 58.941, 57.542, 57.571, 57.48, 55.237, 53.521, 53.175, 51.568, 49.585, 48.842, 48.401, 48.93, 49.614, 49.756, 49.3, 47.826, 46.816, 46.75, 46.625, 46.625, 47.989, 48.003, 44.736, 38.923, 33.943, 31.791, 28.466, 22.922, 17.497, 12.826, 8.04, 0.0, 7.464, 9.396, 11.813, 17.589, 22.262, 23.893, 28.235, 34.336, 36.263, 42.471, 47.428, 49.456, 50.351, 50.461, 50.399, 51.332, 51.187, 51.174, 52.633, 53.279, 53.336, 53.969, 53.986, 54.557, 55.865, 57.643, 60.696, 62.3, 61.954, 62.377, 63.634, 64.56, 65.556, 65.823, 65.585, 66.325, 66.183], [53.048, 54.087, 55.219, 53.99, 52.468, 52.03, 54.22, 56.689, 58.079, 58.996, 59.274, 59.351, 59.362, 59.36, 58.957, 58.042, 58.579, 59.051, 57.755, 57.853, 57.696, 55.263, 53.452, 53.166, 51.722, 49.942, 49.294, 48.878, 49.415, 50.061, 50.197, 49.773, 48.328, 47.327, 47.363, 47.32, 47.328, 48.816, 49.229, 46.44, 41.144, 36.52, 34.634, 31.818, 26.64, 21.561, 17.818, 14.305, 7.464, 0.0, 3.93, 8.779, 15.495, 20.507, 22.61, 27.29, 33.547, 35.349, 41.242, 46.007, 48.037, 49.015, 49.206, 49.232, 50.276, 50.174, 50.295, 51.805, 52.385, 52.454, 53.073, 53.032, 53.489, 54.727, 56.561, 59.785, 61.475, 61.111, 61.632, 62.971, 63.932, 64.978, 65.449, 65.331, 65.972, 65.818], [53.281, 54.371, 55.486, 54.286, 52.829, 52.383, 54.518, 56.956, 58.316, 59.215, 59.493, 59.56, 59.581, 59.609, 59.238, 58.418, 59.102, 59.635, 58.31, 58.385, 58.23, 55.832, 54.074, 53.801, 52.369, 50.591, 49.913, 49.501, 49.999, 50.605, 50.75, 50.294, 48.805, 47.779, 47.805, 47.743, 47.763, 49.22, 49.584, 46.812, 41.609, 37.112, 35.332, 32.619, 27.527, 22.488, 18.83, 15.477, 9.396, 3.93, 0.0, 6.921, 14.962, 20.135, 22.117, 26.832, 33.052, 34.868, 40.917, 45.774, 47.856, 48.889, 49.102, 49.097, 50.099, 49.991, 50.164, 51.677, 52.242, 52.334, 52.973, 52.95, 53.428, 54.681, 56.554, 59.825, 61.539, 61.171, 61.672, 63.019, 64.012, 65.07, 65.53, 65.431, 66.095, 65.954], [54.76, 55.294, 56.27, 55.096, 53.53, 52.739, 54.432, 56.716, 58.138, 59.013, 59.215, 59.274, 59.354, 59.405, 58.998, 58.138, 58.856, 59.841, 59.082, 59.272, 59.042, 56.549, 54.673, 54.39, 52.979, 51.013, 50.182, 49.714, 50.118, 50.672, 50.764, 50.217, 48.717, 47.685, 47.737, 47.71, 47.754, 49.205, 49.471, 46.76, 41.978, 37.987, 36.567, 34.122, 29.019, 23.814, 20.238, 17.036, 11.813, 8.779, 6.921, 0.0, 9.992, 16.336, 18.861, 24.669, 31.452, 33.375, 39.568, 44.283, 46.359, 47.475, 47.678, 47.616, 48.644, 48.558, 48.729, 50.515, 51.323, 51.44, 52.025, 51.908, 52.403, 53.803, 55.802, 59.169, 60.92, 60.557, 61.127, 62.523, 63.537, 64.628, 65.124, 65.01, 65.697, 65.605], [58.227, 57.89, 58.705, 57.52, 55.658, 54.015, 54.627, 56.42, 57.72, 58.476, 58.578, 58.603, 58.693, 58.793, 58.478, 57.743, 58.49, 59.597, 59.529, 59.919, 59.436, 56.762, 54.769, 54.387, 53.025, 50.903, 49.943, 49.355, 49.596, 50.085, 50.098, 49.487, 48.014, 47.048, 47.293, 47.43, 47.455, 48.959, 49.322, 46.977, 43.267, 40.67, 40.309, 38.578, 34.061, 29.162, 25.61, 22.284, 17.589, 15.495, 14.962, 9.992, 0.0, 8.568, 13.709, 21.985, 29.677, 32.02, 38.292, 42.694, 44.651, 45.79, 46.034, 46.29, 47.767, 47.818, 47.747, 49.625, 50.731, 50.846, 51.246, 51.102, 51.905, 53.676, 55.886, 59.382, 61.103, 60.631, 61.24, 62.635, 63.647, 64.842, 65.527, 65.372, 66.025, 65.976], [60.406, 59.526, 60.218, 59.048, 56.977, 54.446, 53.889, 55.111, 56.178, 56.776, 56.79, 56.736, 56.815, 56.95, 56.679, 56.1, 56.958, 58.061, 58.33, 58.889, 58.319, 55.649, 53.769, 53.345, 52.095, 50.012, 48.964, 48.284, 48.402, 48.696, 48.61, 47.973, 46.481, 45.523, 45.896, 46.25, 46.252, 47.68, 48.133, 46.312, 43.708, 42.366, 43.032, 42.327, 38.853, 34.269, 30.479, 26.783, 22.262, 20.507, 20.135, 16.336, 8.568, 0.0, 7.581, 18.855, 26.902, 29.666, 36.047, 40.123, 42.112, 43.348, 43.734, 44.538, 46.578, 46.632, 46.214, 48.127, 49.493, 49.609, 49.866, 49.744, 50.94, 53.188, 55.872, 59.783, 61.584, 60.889, 61.333, 62.777, 63.924, 65.332, 66.214, 66.052, 66.771, 66.81], [59.837, 58.902, 59.483, 58.347, 56.321, 53.463, 52.303, 53.188, 54.126, 54.621, 54.545, 54.441, 54.589, 54.77, 54.353, 53.773, 54.761, 55.988, 56.356, 57.02, 56.683, 54.487, 52.954, 52.525, 51.132, 48.915, 47.828, 47.128, 47.098, 47.204, 47.063, 46.423, 44.875, 43.898, 44.234, 44.697, 44.75, 45.982, 46.248, 44.512, 42.317, 41.499, 42.671, 42.693, 40.069, 35.78, 31.792, 27.932, 23.893, 22.61, 22.117, 18.861, 13.709, 7.581, 0.0, 14.068, 22.335, 25.578, 33.099, 37.386, 39.546, 41.017, 41.582, 42.539, 44.641, 44.582, 44.096, 46.246, 47.765, 47.9, 48.208, 48.058, 49.372, 51.949, 54.985, 59.147, 61.066, 60.307, 60.584, 62.107, 63.416, 64.963, 65.838, 65.73, 66.595, 66.659], [57.866, 57.522, 57.946, 56.735, 54.936, 52.387, 51.536, 52.601, 53.536, 53.969, 53.82, 53.673, 53.915, 54.289, 53.711, 53.023, 54.085, 55.363, 55.64, 56.318, 56.469, 55.572, 54.941, 54.597, 53.01, 50.812, 49.921, 49.237, 48.878, 48.884, 48.747, 48.187, 46.741, 45.877, 45.981, 46.277, 46.523, 47.624, 47.552, 45.503, 43.029, 42.145, 43.275, 43.287, 40.809, 37.342, 34.14, 31.105, 28.235, 27.29, 26.832, 24.669, 21.985, 18.855, 14.068, 0.0, 9.675, 13.769, 23.767, 29.602, 32.038, 33.891, 34.771, 35.6, 37.456, 37.51, 37.293, 39.35, 40.71, 40.884, 41.328, 41.246, 42.739, 45.704, 48.83, 52.724, 54.537, 53.911, 54.277, 55.836, 57.191, 58.773, 59.816, 59.997, 60.997, 61.072], [59.105, 59.034, 59.308, 58.105, 56.479, 53.802, 52.603, 53.475, 54.286, 54.525, 54.254, 54.061, 54.326, 54.872, 54.253, 53.609, 54.705, 55.897, 56.199, 56.902, 57.256, 57.163, 57.283, 57.106, 55.479, 53.334, 52.527, 51.852, 51.265, 51.125, 50.972, 50.465, 49.087, 48.189, 48.182, 48.444, 48.785, 49.691, 49.349, 47.348, 45.254, 44.838, 46.208, 46.52, 44.559, 41.684, 38.923, 36.392, 34.336, 33.547, 33.052, 31.452, 29.677, 26.902, 22.335, 9.675, 0.0, 7.905, 20.653, 27.044, 29.701, 31.827, 33.009, 34.024, 35.835, 35.936, 35.94, 37.932, 39.05, 39.225, 39.737, 39.769, 41.668, 45.016, 48.149, 51.782, 53.472, 52.868, 53.158, 54.75, 56.205, 57.813, 58.873, 59.224, 60.318, 60.402], [59.29, 59.196, 59.423, 58.109, 56.486, 53.946, 52.86, 53.773, 54.634, 54.84, 54.543, 54.297, 54.499, 55.078, 54.409, 53.806, 54.894, 56.087, 56.413, 57.138, 57.573, 57.624, 57.899, 57.917, 56.412, 54.135, 53.209, 52.645, 52.142, 51.977, 51.793, 51.325, 49.973, 48.996, 48.994, 49.29, 49.692, 50.601, 50.265, 48.391, 46.364, 45.775, 46.9, 47.121, 45.221, 42.626, 40.239, 38.113, 36.263, 35.349, 34.868, 33.375, 32.02, 29.666, 25.578, 13.769, 7.905, 0.0, 14.674, 22.741, 25.804, 27.923, 29.131, 29.97, 31.64, 31.854, 32.247, 34.54, 35.613, 35.784, 36.439, 36.512, 38.327, 41.691, 44.857, 48.477, 50.171, 49.596, 49.983, 51.671, 53.16, 54.806, 55.987, 56.431, 57.55, 57.68], [61.479, 60.919, 61.109, 59.716, 58.006, 55.454, 54.371, 55.35, 56.283, 56.479, 56.252, 56.009, 56.085, 56.649, 56.06, 55.579, 56.571, 57.745, 58.219, 58.947, 59.329, 59.282, 59.428, 59.607, 58.813, 57.177, 56.337, 55.833, 55.506, 55.342, 55.146, 54.791, 53.696, 52.797, 52.884, 53.305, 53.706, 54.541, 54.36, 53.013, 51.551, 51.116, 52.131, 52.298, 50.33, 47.919, 46.038, 44.369, 42.471, 41.242, 40.917, 39.568, 38.292, 36.047, 33.099, 23.767, 20.653, 14.674, 0.0, 11.07, 15.1, 17.451, 19.157, 20.524, 22.61, 23.263, 24.16, 26.549, 27.781, 27.927, 28.714, 29.023, 31.084, 34.855, 38.317, 42.133, 43.829, 43.22, 43.879, 45.732, 47.26, 49.006, 50.572, 51.175, 52.222, 52.601], [64.675, 63.391, 63.481, 62.092, 60.117, 56.877, 55.001, 55.645, 56.465, 56.485, 56.171, 55.907, 55.937, 56.544, 56.097, 55.785, 56.728, 57.957, 58