[[0.0, 10.809, 12.531, 11.764, 11.039, 14.256, 21.501, 26.602, 30.378, 31.593, 30.538, 30.612, 31.702, 32.177, 32.547, 32.979, 33.662, 34.87, 36.668, 38.447, 38.614, 38.571, 38.774, 39.234, 40.267, 41.551, 44.411, 48.963, 50.503, 50.377, 50.036, 50.055, 49.144, 49.516, 52.658, 54.787, 54.84, 55.445, 56.101, 55.068, 54.331, 55.683, 57.828, 62.509, 69.111, 72.932, 72.185, 70.878, 72.678, 74.98, 76.821, 78.915, 82.412, 85.178, 85.662, 85.587, 85.024, 83.609, 82.829, 82.792, 82.686, 82.588, 82.44, 81.972, 81.559, 80.647, 80.304, 80.166, 78.773, 78.094, 78.632, 79.037, 79.065, 79.117, 78.514, 76.919, 76.009, 75.152, 72.576, 69.28, 68.989, 69.458, 68.502, 66.554, 64.61, 63.586], [10.809, 0.0, 4.004, 5.415, 7.634, 15.804, 26.394, 33.222, 37.293, 37.637, 35.497, 34.851, 35.74, 36.592, 37.336, 38.008, 39.14, 40.364, 41.836, 43.475, 43.519, 43.33, 43.507, 44.028, 44.996, 46.306, 49.543, 54.201, 55.784, 55.801, 55.66, 55.778, 54.518, 54.474, 57.807, 60.058, 60.019, 60.711, 61.479, 60.45, 59.581, 60.858, 63.253, 68.36, 75.239, 79.182, 78.498, 77.142, 78.849, 81.16, 83.026, 85.148, 88.629, 91.345, 91.799, 91.718, 91.156, 89.677, 88.882, 88.875, 88.775, 88.681, 88.512, 88.02, 87.599, 86.628, 86.259, 86.104, 84.636, 83.961, 84.502, 84.759, 84.673, 84.73, 84.099, 82.293, 81.095, 79.993, 77.162, 73.653, 73.345, 73.984, 73.036, 70.751, 68.394, 67.968], [12.531, 4.004, 0.0, 2.859, 6.849, 16.045, 27.079, 34.194, 38.46, 38.825, 36.475, 35.502, 36.158, 36.951, 37.702, 38.433, 39.591, 40.761, 42.091, 43.643, 43.671, 43.435, 43.627, 44.126, 45.017, 46.317, 49.633, 54.347, 56.003, 56.095, 55.975, 56.061, 54.699, 54.488, 57.694, 59.927, 59.943, 60.7, 61.501, 60.481, 59.576, 60.796, 63.168, 68.312, 75.257, 79.269, 78.634, 77.255, 78.897, 81.16, 83.006, 85.142, 88.66, 91.383, 91.834, 91.758, 91.212, 89.741, 88.958, 88.966, 88.871, 88.784, 88.612, 88.114, 87.698, 86.719, 86.348, 86.21, 84.76, 84.085, 84.608, 84.845, 84.744, 84.788, 84.126, 82.257, 81.019, 79.931, 77.125, 73.615, 73.299, 73.974, 73.109, 70.911, 68.667, 68.438], [11.764, 5.415, 2.859, 0.0, 4.979, 14.704, 25.912, 33.109, 37.471, 37.881, 35.504, 34.502, 35.124, 35.878, 36.626, 37.363, 38.51, 39.682, 41.03, 42.584, 42.616, 42.402, 42.621, 43.113, 43.999, 45.319, 48.641, 53.387, 55.056, 55.157, 55.058, 55.172, 53.834, 53.659, 56.874, 59.134, 59.209, 59.997, 60.82, 59.838, 58.943, 60.103, 62.415, 67.566, 74.545, 78.576, 77.954, 76.57, 78.193, 80.442, 82.284, 84.429, 87.965, 90.7, 91.158, 91.09, 90.55, 89.097, 88.323, 88.332, 88.239, 88.154, 87.985, 87.477, 87.028, 86.026, 85.656, 85.523, 84.078, 83.39, 83.896, 84.142, 84.047, 84.091, 83.442, 81.601, 80.4, 79.37, 76.638, 73.189, 72.884, 73.544, 72.708, 70.595, 68.452, 68.194], [11.039, 7.634, 6.849, 4.979, 0.0, 10.219, 22.0, 29.656, 34.283, 34.736, 32.475, 31.702, 32.491, 33.319, 34.139, 34.857, 35.993, 37.209, 38.641, 40.284, 40.357, 40.22, 40.487, 41.02, 41.989, 43.333, 46.562, 51.261, 52.927, 53.076, 53.062, 53.305, 52.064, 51.994, 55.308, 57.616, 57.716, 58.503, 59.411, 58.588, 57.655, 58.668, 60.977, 66.192, 73.203, 77.202, 76.537, 75.142, 76.788, 79.068, 80.931, 83.102, 86.676, 89.409, 89.845, 89.77, 89.217, 87.762, 86.99, 87.0, 86.908, 86.824, 86.666, 86.149, 85.661, 84.669, 84.34, 84.218, 82.758, 82.041, 82.536, 82.81, 82.724, 82.769, 82.277, 80.639, 79.508, 78.509, 75.846, 72.52, 72.267, 72.86, 71.924, 69.802, 67.717, 67.329], [14.256, 15.804, 16.045, 14.704, 10.219, 0.0, 12.799, 21.763, 27.239, 28.171, 26.809, 26.986, 28.221, 29.133, 30.092, 30.694, 31.529, 32.698, 34.23, 35.979, 36.16, 36.219, 36.602, 37.203, 38.335, 39.63, 42.355, 46.744, 48.423, 48.714, 48.869, 49.356, 48.388, 48.548, 51.977, 54.357, 54.503, 55.228, 56.263, 55.829, 54.846, 55.493, 57.711, 62.858, 69.752, 73.596, 72.808, 71.407, 73.143, 75.516, 77.421, 79.61, 83.254, 85.982, 86.364, 86.293, 85.715, 84.26, 83.492, 83.499, 83.415, 83.334, 83.201, 82.669, 82.112, 81.165, 80.935, 80.85, 79.349, 78.557, 79.064, 79.432, 79.371, 79.396, 79.255, 78.132, 77.176, 76.235, 73.711, 70.687, 70.58, 70.975, 69.713, 67.499, 65.513, 64.833], [21.501, 26.394, 27.079, 25.912, 22.0, 12.799, 0.0, 10.572, 18.25, 21.708, 23.317, 25.414, 27.132, 27.682, 28.353, 28.601, 28.584, 29.354, 30.998, 32.723, 33.025, 33.456, 34.021, 34.608, 35.759, 36.627, 38.09, 41.698, 43.382, 43.874, 44.157, 44.86, 44.527, 45.211, 48.494, 50.839, 51.053, 51.541, 52.497, 52.463, 51.789, 52.286, 53.986, 58.313, 64.527, 67.95, 66.967, 65.617, 67.473, 69.918, 71.817, 73.945, 77.554, 80.201, 80.521, 80.475, 79.869, 78.462, 77.716, 77.696, 77.605, 77.517, 77.422, 76.877, 76.239, 75.405, 75.316, 75.308, 73.854, 73.021, 73.605, 74.22, 74.282, 74.262, 74.484, 74.034, 73.439, 72.702, 70.491, 67.95, 68.027, 68.087, 66.414, 64.253, 62.638, 61.302], [26.602, 33.222, 34.194, 33.109, 29.656, 21.763, 10.572, 0.0, 9.761, 16.897, 22.198, 26.11, 28.139, 28.2, 28.283, 27.998, 27.317, 27.978, 29.996, 31.694, 32.04, 32.803, 33.464, 33.967, 35.063, 35.476, 35.631, 38.231, 39.704, 40.213, 40.42, 41.135, 41.449, 42.709, 45.703, 47.891, 48.147, 48.354, 49.041, 49.077, 48.843, 49.842, 51.357, 54.726, 60.069, 63.029, 61.891, 60.656, 62.611, 65.031, 66.87, 68.876, 72.243, 74.736, 75.045, 75.01, 74.391, 73.08, 72.37, 72.304, 72.193, 72.091, 72.019, 71.471, 70.782, 70.064, 70.011, 70.013, 68.706, 67.9, 68.553, 69.44, 69.702, 69.691, 70.059, 70.028, 69.778, 69.251, 67.306, 65.123, 65.292, 65.058, 63.2, 61.328, 60.181, 57.939], [30.378, 37.293, 38.46, 37.471, 34.283, 27.239, 18.25, 9.761, 0.0, 9.986, 19.048, 24.947, 27.486, 27.472, 27.275, 26.463, 25.542, 26.691, 29.302, 31.119, 31.525, 32.403, 32.966, 33.445, 34.669, 34.989, 34.328, 36.004, 37.132, 37.524, 37.613, 38.224, 38.786, 40.367, 43.264, 45.283, 45.504, 45.572, 46.106, 46.106, 45.969, 47.478, 49.583, 52.94, 57.949, 60.677, 59.484, 58.36, 60.381, 62.755, 64.57, 66.49, 69.624, 72.026, 72.358, 72.313, 71.701, 70.463, 69.782, 69.688, 69.575, 69.473, 69.404, 68.853, 68.137, 67.483, 67.39, 67.319, 66.099, 65.319, 65.954, 66.935, 67.341, 67.433, 67.948, 68.198, 68.143, 67.652, 65.766, 63.767, 63.977, 63.562, 61.637, 59.984, 59.07, 56.207], [31.593, 37.637, 38.825, 37.881, 34.736, 28.171, 21.708, 16.897, 9.986, 0.0, 11.299, 18.956, 22.386, 22.961, 23.061, 22.082, 21.535, 23.342, 26.338, 28.427, 28.914, 29.683, 30.037, 30.591, 32.089, 32.825, 32.68, 34.567, 35.462, 35.609, 35.75, 36.449, 36.661, 38.142, 41.545, 43.758, 43.91, 44.139, 44.917, 44.972, 44.588, 46.029, 48.957, 53.736, 59.731, 62.784, 61.663, 60.518, 62.552, 64.972, 66.849, 68.871, 72.137, 74.64, 74.988, 74.934, 74.342, 73.092, 72.41, 72.333, 72.238, 72.148, 72.067, 71.523, 70.809, 70.122, 70.007, 69.885, 68.623, 67.843, 68.396, 69.232, 69.584, 69.74, 70.344, 70.595, 70.464, 69.845, 67.836, 65.785, 65.992, 65.612, 63.687, 61.955, 60.916, 58.303], [30.538, 35.497, 36.475, 35.504, 32.475, 26.809, 23.317, 22.198, 19.048, 11.299, 0.0, 8.865, 13.631, 15.197, 15.91, 15.306, 15.754, 17.918, 20.951, 23.393, 23.886, 24.398, 24.609, 25.32, 26.98, 28.357, 29.949, 33.31, 34.273, 34.174, 34.489, 35.409, 34.944, 35.915, 39.918, 42.577, 42.754, 43.302, 44.444, 44.489, 43.938, 45.102, 48.35, 54.712, 62.245, 66.0, 65.047, 63.815, 65.812, 68.292, 70.235, 72.434, 75.985, 78.655, 79.038, 78.982, 78.405, 77.113, 76.427, 76.39, 76.306, 76.224, 76.114, 75.566, 74.862, 74.069, 73.925, 73.806, 72.506, 71.732, 72.201, 72.857, 73.091, 73.215, 73.661, 73.587, 73.244, 72.524, 70.38, 68.11, 68.247, 68.011, 66.212, 64.393, 63.216, 61.228], [30.612, 34.851, 35.502, 34.502, 31.702, 26.986, 25.414, 26.11, 24.947, 18.956, 8.865, 0.0, 5.764, 8.522, 9.931, 10.118, 11.967, 14.383, 17.041, 19.491, 19.906, 20.092, 20.279, 21.057, 22.569, 24.268, 27.413, 32.14, 33.277, 33.091, 33.598, 34.702, 33.751, 34.211, 38.524, 41.551, 41.841, 42.635, 44.027, 44.136, 43.546, 44.519, 47.792, 54.851, 63.249, 67.567, 66.813, 65.509, 67.469, 69.978, 71.933, 74.225, 77.977, 80.755, 81.16, 81.104, 80.536, 79.224, 78.552, 78.559, 78.484, 78.408, 78.271, 77.702, 76.987, 76.104, 75.909, 75.801, 74.506, 73.733, 74.135, 74.711, 74.892, 74.975, 75.255, 74.908, 74.385, 73.59, 71.366, 68.922, 68.975, 68.842, 67.195, 65.407, 64.249, 62.663], [31.702, 35.74, 36.158, 35.124, 32.491, 28.221, 27.132, 28.139, 27.486, 22.386, 13.631, 5.764, 0.0, 4.065, 6.304, 7.141, 9.783, 12.275, 14.498, 16.813, 17.232, 17.212, 17.479, 18.211, 19.492, 21.215, 25.084, 30.44, 31.658, 31.514, 32.2, 33.44, 32.299, 32.472, 36.904, 40.164, 40.555, 41.47, 42.992, 43.241, 42.739, 43.647, 46.851, 53.997, 62.633, 67.215, 66.611, 65.268, 67.169, 69.677, 71.618, 73.931, 77.78, 80.602, 81.012, 80.958, 80.398, 79.096, 78.446, 78.483, 78.412, 78.337, 78.188, 77.594, 76.838, 75.904, 75.695, 75.61, 74.331, 73.558, 73.956, 74.545, 74.717, 74.775, 75.002, 74.588, 74.0, 73.164, 70.924, 68.445, 68.465, 68.359, 66.791, 65.07, 64.019, 62.58], [32.177, 36.592, 36.951, 35.878, 33.319, 29.133, 27.682, 28.2, 27.472, 22.961, 15.197, 8.522, 4.065, 0.0, 2.945, 4.625, 7.277, 9.728, 12.202, 14.739, 15.301, 15.331, 15.754, 16.461, 17.695, 19.439, 23.444, 28.965, 30.22, 30.138, 30.912, 32.206, 31.113, 31.293, 35.656, 38.973, 39.411, 40.296, 41.781, 42.029, 41.674, 42.678, 45.714, 52.606, 61.147, 65.769, 65.227, 63.926, 65.806, 68.276, 70.189, 72.465, 76.283, 79.106, 79.536, 79.485, 78.926, 77.649, 77.017, 77.06, 76.985, 76.905, 76.751, 76.138, 75.322, 74.345, 74.149, 74.089, 72.836, 72.069, 72.502, 73.163, 73.363, 73.418, 73.619, 73.228, 72.681, 71.874, 69.68, 67.249, 67.275, 67.124, 65.569, 63.932, 63.007, 61.498], [32.547, 37.336, 37.702, 36.626, 34.139, 30.092, 28.353, 28.283, 27.275, 23.061, 15.91, 9.931, 6.304, 2.945, 0.0, 2.8, 5.885, 8.721, 11.599, 14.207, 14.827, 14.926, 15.366, 15.959, 17.102, 18.773, 22.699, 28.192, 29.381, 29.239, 29.972, 31.238, 30.207, 30.48, 34.771, 38.085, 38.552, 39.393, 40.816, 41.006, 40.721, 41.872, 44.876, 51.635, 60.109, 64.734, 64.209, 62.947, 64.847, 67.299, 69.193, 71.446, 75.236, 78.06, 78.507, 78.454, 77.893, 76.638, 76.018, 76.057, 75.978, 75.896, 75.741, 75.12, 74.275, 73.293, 73.089, 73.024, 71.81, 71.053, 71.483, 72.191, 72.429, 72.498, 72.696, 72.319, 71.825, 71.052, 68.894, 66.48, 66.489, 66.308, 64.783, 63.251, 62.448, 60.802], [32.979, 38.008, 38.433, 37.363, 34.857, 30.694, 28.601, 27.998, 26.463, 22.082, 15.306, 10.118, 7.141, 4.625, 2.8, 0.0, 4.048, 7.841, 11.207, 13.825, 14.465, 14.698, 15.085, 15.581, 16.772, 18.335, 21.804, 27.009, 28.146, 28.0, 28.688, 29.918, 28.966, 29.352, 33.654, 36.956, 37.416, 38.214, 39.61, 39.818, 39.586, 40.847, 43.933, 50.655, 59.059, 63.641, 63.102, 61.848, 63.762, 66.231, 68.143, 70.379, 74.119, 76.925, 77.377, 77.325, 76.77, 75.542, 74.93, 74.959, 74.878, 74.795, 74.647, 74.032, 73.185, 72.228, 72.024, 71.95, 70.757, 70.008, 70.45, 71.188, 71.448, 71.522, 71.765, 71.491, 71.07, 70.316, 68.191, 65.847, 65.879, 65.649, 64.099, 62.605, 61.86, 60.092], [33.662, 39.14, 39.591, 38.51, 35.993, 31.529, 28.584, 27.317, 25.542, 21.535, 15.754, 11.967, 9.783, 7.277, 5.885, 4.048, 0.0, 4.724, 8.989, 11.937, 12.813, 13.306, 13.749, 14.209, 15.549, 17.064, 19.99, 24.98, 26.227, 26.224, 26.929, 28.122, 27.338, 27.856, 31.996, 35.249, 35.699, 36.391, 37.711, 37.947, 37.86, 39.16, 42.07, 48.578, 56.85, 61.373, 60.816, 59.578, 61.489, 63.964, 65.889, 68.088, 71.78, 74.579, 75.042, 75.003, 74.457, 73.256, 72.648, 72.668, 72.582, 72.498, 72.355, 71.744, 70.884, 69.947, 69.785, 69.736, 68.556, 67.81, 68.308, 69.122, 69.398, 69.443, 69.717, 69.598, 69.3, 68.619, 66.606, 64.424, 64.516, 64.188, 62.553, 61.095, 60.47, 58.644], [34.87, 40.364, 40.761, 39.682, 37.209, 32.698, 29.354, 27.978, 26.691, 23.342, 17.918, 14.383, 12.275, 9.728, 8.721, 7.841, 4.724, 0.0, 5.176, 8.84, 10.016, 10.757, 11.456, 12.094, 13.526, 15.042, 18.18, 23.451, 24.832, 25.003, 25.869, 27.159, 26.44, 26.917, 30.961, 34.29, 34.739, 35.35, 36.641, 36.924, 37.043, 38.303, 40.895, 47.356, 55.727, 60.278, 59.724, 58.483, 60.362, 62.85, 64.797, 67.03, 70.751, 73.544, 74.004, 73.976, 73.43, 72.222, 71.616, 71.644, 71.557, 71.472, 71.33, 70.718, 69.838, 68.895, 68.787, 68.771, 67.58, 66.823, 67.364, 68.221, 68.478, 68.467, 68.733, 68.679, 68.419, 67.771, 65.829, 63.77, 63.913, 63.52, 61.796, 60.313, 59.753, 58.043], [36.668, 41.836, 42.091, 41.03, 38.641, 34.23, 30.998, 29.996, 29.302, 26.338, 20.951, 17.041, 14.498, 12.202, 11.599, 11.207, 8.989, 5.176, 0.0, 4.425, 6.02, 6.673, 7.781, 8.736, 10.35, 12.041, 15.855, 21.657, 23.126, 23.425, 24.523, 25.985, 25.143, 25.332, 29.484, 33.032, 33.492, 34.136, 35.53, 35.968, 36.105, 37.17, 39.765, 46.587, 55.296, 59.98, 59.488, 58.224, 60.051, 62.571, 64.55, 66.872, 70.776, 73.612, 74.043, 74.025, 73.483, 72.285, 71.692, 71.737, 71.659, 71.581, 71.44, 70.825, 69.944, 68.981, 68.893, 68.911, 67.717, 66.95, 67.489, 68.332, 68.564, 68.52, 68.845, 68.857, 68.559, 67.879, 65.922, 63.9, 64.055, 63.654, 61.915, 60.407, 59.867, 58.368], [38.447, 43.475, 43.643, 42.584, 40.284, 35.979, 32.723, 31.694, 31.119, 28.427, 23.393, 19.491, 16.813, 14.739, 14.207, 13.825, 11.937, 8.84, 4.425, 0.0, 2.159, 3.491, 5.228, 6.318, 8.159, 9.934, 13.697, 19.616, 21.156, 21.594, 22.953, 24.64, 23.818, 24.02, 28.329, 32.005, 32.451, 33.073, 34.52, 35.094, 35.28, 36.263, 38.91, 45.877, 54.709, 59.481, 59.06, 57.81, 59.615, 62.156, 64.161, 66.485, 70.432, 73.293, 73.733, 73.728, 73.197, 72.046, 71.474, 71.524, 71.45, 71.374, 71.233, 70.616, 69.7, 68.686, 68.586, 68.628, 67.456, 66.697, 67.255, 68.127, 68.362, 68.301, 68.658, 68.741, 68.464, 67.779, 65.832, 63.874, 64.045, 63.592, 61.833, 60.34, 59.826, 58.366], [38.614, 43.519, 43.671, 42.616, 40.357, 36.16, 33.025, 32.04, 31.525, 28.914, 23.886, 19.906, 17.232, 15.301, 14.827, 14.465, 12.813, 10.016, 6.02, 2.159, 0.0, 2.81, 4.895, 5.965, 7.764, 9.53, 13.381, 19.391, 21.007, 21.54, 23.02, 24.805, 23.99, 24.183, 28.538, 32.225, 32.646, 33.255, 34.683, 35.241, 35.464, 36.488, 39.141, 46.11, 54.966, 59.755, 59.342, 58.098, 59.899, 62.451, 64.472, 66.795, 70.709, 73.555, 74.009, 74.011, 73.482, 72.343, 71.774, 71.826, 71.754, 71.678, 71.532, 70.905, 69.968, 68.916, 68.791, 68.836, 67.663, 66.913, 67.493, 68.373, 68.612, 68.546, 68.86, 68.903, 68.605, 67.903, 65.929, 63.961, 64.135, 63.673, 61.915, 60.403, 59.835, 58.361], [38.571, 43.33, 43.435, 42.402, 40.22, 36.219, 33.456, 32.803, 32.403, 29.683, 24.398, 20.092, 17.212, 15.331, 14.926, 14.698, 13.306, 10.757, 6.673, 3.491, 2.81, 0.0, 2.725, 4.463, 6.565, 8.714, 13.35, 19.779, 21.542, 22.147, 23.606, 25.247, 24.207, 24.089, 28.279, 31.899, 32.304, 32.976, 34.434, 34.991, 35.164, 36.159, 38.923, 46.09, 55.094, 59.95, 59.575, 58.331, 60.115, 62.643, 64.648, 67.012, 71.027, 73.899, 74.338, 74.342, 73.807, 72.652, 72.087, 72.147, 72.083, 72.012, 71.852, 71.209, 70.27, 69.198, 69.06, 69.106, 67.938, 67.19, 67.725, 68.552, 68.791, 68.736, 69.037, 69.016, 68.665, 67.949, 65.939, 63.9, 64.033, 63.614, 61.916, 60.438, 59.884, 58.517], [38.774, 43.507, 43.627, 42.621, 40.487, 36.602, 34.021, 33.464, 32.966, 30.037, 24.609, 20.279, 17.479, 15.754, 15.366, 15.085, 13.749, 11.456, 7.781, 5.228, 4.895, 2.725, 0.0, 2.824, 5.693, 8.132, 12.946, 19.524, 21.406, 22.066, 23.518, 25.068, 23.898, 23.685, 27.78, 31.299, 31.654, 32.329, 33.801, 34.355, 34.506, 35.518, 38.387, 45.683, 54.75, 59.636, 59.281, 58.048, 59.843, 62.36, 64.352, 66.733, 70.791, 73.682, 74.115, 74.122, 73.595, 72.449, 71.895, 71.957, 71.898, 71.828, 71.659, 71.011, 70.05, 68.954, 68.81, 68.85, 67.689, 66.951, 67.46, 68.261, 68.497, 68.443, 68.739, 68.704, 68.361, 67.653, 65.649, 63.606, 63.723, 63.296, 61.602, 60.151, 59.632, 58.316], [39.234, 44.028, 44.126, 43.113, 41.02, 37.203, 34.608, 33.967, 33.445, 30.591, 25.32, 21.057, 18.211, 16.461, 15.959, 15.581, 14.209, 12.094, 8.736, 6.318, 5.965, 4.463, 2.824, 0.0, 3.446, 6.403, 11.717, 18.533, 20.452, 21.166, 22.685, 24.268, 23.054, 22.775, 26.965, 30.598, 30.995, 31.669, 33.135, 33.712, 33.899, 34.86, 37.635, 44.924, 54.036, 58.957, 58.629, 57.411, 59.193, 61.705, 63.704, 66.078, 70.153, 73.07, 73.515, 73.525, 73.023, 71.925, 71.391, 71.464, 71.409, 71.34, 71.172, 70.516, 69.52, 68.4, 68.257, 68.304, 67.139, 66.397, 66.914, 67.737, 67.977, 67.92, 68.21, 68.2, 67.881, 67.177, 65.182, 63.159, 63.278, 62.831, 61.153, 59.74, 59.26, 57.93], [40.267, 44.996, 45.017, 43.999, 41.989, 38.335, 35.759, 35.063, 34.669, 32.089, 26.98, 22.569, 19.492, 17.695, 17.102, 16.772, 15.549, 13.526, 10.35, 8.159, 7.764, 6.565, 5.693, 3.446, 0.0, 3.931, 10.696, 17.948, 19.925, 20.738, 22.352, 23.948, 22.676, 22.248, 26.4, 30.161, 30.653, 31.342, 32.794, 33.416, 33.72, 34.631, 37.145, 44.355, 53.561, 58.571, 58.288, 57.075, 58.832, 61.343, 63.346, 65.732, 69.838, 72.774, 73.226, 73.236, 72.744, 71.678, 71.173, 71.269, 71.222, 71.156, 70.989, 70.322, 69.3, 68.181, 68.05, 68.102, 66.936, 66.176, 66.683, 67.527, 67.78, 67.718, 67.994, 67.991, 67.683, 66.981, 64.991, 62.965, 63.077, 62.619, 60.962, 59.592, 59.166, 57.838], [41.551, 46.306, 46.317, 45.319, 43.333, 39.63, 36.627, 35.476, 34.989, 32.825, 28.357, 24.268, 21.215, 19.439, 18.773, 18.335, 17.064, 15.042, 12.041, 9.934, 9.53, 8.714, 8.132, 6.403, 3.931, 0.0, 7.945, 15.777, 18.065, 19.208, 20.996, 22.705, 21.587, 21.151, 25.19, 29.013, 29.58, 30.211, 31.635, 32.405, 32.946, 33.988, 36.294, 43.11, 52.124, 57.122, 56.858, 55.628, 57.354, 59.877, 61.889, 64.284, 68.369, 71.256, 71.691, 71.698, 71.205, 70.165, 69.691, 69.8, 69.748, 69.679, 69.522, 68.842, 67.771, 66.655, 66.535, 66.601, 65.464, 64.705, 65.235, 66.139, 66.42, 66.34, 66.656, 66.755, 66.489, 65.807, 63.882, 61.951, 62.097, 61.568, 59.839, 58.516, 58.219, 56.8], [44.411, 49.543, 49.633, 48.641, 46.562, 42.355, 38.09, 35.631, 34.328, 32.68, 29.949, 27.413, 25.084, 23.444, 22.699, 21.804, 19.99, 18.18, 15.855, 13.697, 13.381, 13.35, 12.946, 11.717, 10.696, 7.945, 0.0, 8.606, 12.096, 14.45, 16.741, 18.699, 18.29, 18.384, 22.231, 26.011, 26.616, 26.983, 28.319, 29.509, 30.502, 31.837, 34.048, 39.995, 48.269, 52.999, 52.727, 51.547, 53.253, 55.787, 57.821, 60.143, 64.081, 66.862, 67.278, 67.307, 66.829, 65.885, 65.46, 65.553, 65.486, 65.409, 65.278, 64.596, 63.444, 62.359, 62.263, 62.36, 61.301, 60.551, 61.149, 62.197, 62.545, 62.437, 62.961, 63.508, 63.481, 62.93, 61.284, 59.787, 60.066, 59.272, 57.311, 56.115, 56.126, 54.378], [48.963, 54.201, 54.347, 53.387, 51.261, 46.744, 41.698, 38.231, 36.004, 34.567, 33.31, 32.14, 30.44, 28.965, 28.192, 27.009, 24.98, 23.451, 21.657, 19.616, 19.391, 19.779, 19.524, 18.533, 17.948, 15.777, 8.606, 0.0, 5.555, 10.161, 13.149, 15.469, 16.066, 16.866, 20.322, 23.955, 24.599, 24.619, 25.778, 27.443, 28.884, 30.379, 32.438, 37.509, 44.984, 49.368, 49.104, 48.01, 49.64, 52.134, 54.169, 56.398, 60.15, 62.806, 63.201, 63.256, 62.809, 61.973, 61.605, 61.696, 61.62, 61.542, 61.443, 60.778, 59.547, 58.524, 58.5, 58.62, 57.642, 56.895, 57.549, 58.749, 59.158, 59.029, 59.839, 60.939, 61.194, 60.733, 59.335, 58.32, 58.739, 57.666, 55.497, 54.452, 54.785, 52.728], [50.503, 55.784, 56.003, 55.056, 52.927, 48.423, 43.382, 39.704, 37.132, 35.462, 34.273, 33.277, 31.658, 30.22, 29.381, 28.146, 26.227, 24.832, 23.126, 21.156, 21.007, 21.542, 21.406, 20.452, 19.925, 18.065, 12.096, 5.555, 0.0, 5.519, 9.301, 12.625, 13.893, 15.534, 19.738, 23.749, 24.492, 24.444, 25.604, 27.362, 28.875, 30.371, 32.41, 37.469, 44.911, 49.243, 48.968, 47.873, 49.489, 51.977, 54.014, 56.247, 60.01, 62.688, 63.086, 63.141, 62.706, 61.883, 61.506, 61.58, 61.485, 61.4, 61.336, 60.724, 59.524, 58.571, 58.6, 58.701, 57.714, 56.956, 57.632, 58.888, 59.31, 59.176, 60.043, 61.244, 61.586, 61.122, 59.751, 58.8, 59.239, 58.14, 55.947, 54.921, 55.277, 53.066], [50.377, 55.801, 56.095, 55.157, 53.076, 48.714, 43.874, 40.213, 37.524, 35.609, 34.174, 33.091, 31.514, 30.138, 29.239, 28.0, 26.224, 25.003, 23.425, 21.594, 21.54, 22.147, 22.066, 21.166, 20.738, 19.208, 14.45, 10.161, 5.519, 0.0, 4.908, 9.699, 11.623, 14.338, 19.543, 23.946, 24.8, 24.833, 26.035, 27.638, 28.998, 30.439, 32.529, 37.813, 45.45, 49.853, 49.554, 48.419, 50.098, 52.639, 54.699, 56.957, 60.814, 63.613, 64.033, 64.074, 63.646, 62.808, 62.393, 62.432, 62.316, 62.221, 62.188, 61.672, 60.619, 59.786, 59.832, 59.888, 58.876, 58.126, 58.798, 60.04, 60.457, 60.329, 61.135, 62.273, 62.663, 62.214, 60.847, 59.843, 60.263, 59.202, 57.027, 55.961, 56.241, 53.973], [50.036, 55.66, 55.975, 55.058, 53.062, 48.869, 44.157, 40.42, 37.613, 35.75, 34.489, 33.598, 32.2, 30.912, 29.972, 28.688, 26.929, 25.869, 24.523, 22.953, 23.02, 23.606, 23.518, 22.685, 22.352, 20.996, 16.741, 13.149, 9.301, 4.908, 0.0, 5.767, 8.793, 12.444, 17.833, 22.356, 23.347, 23.47, 24.633, 26.065, 27.298, 28.701, 30.724, 35.993, 43.702, 48.147, 47.834, 46.654, 48.394, 51.013, 53.128, 55.419, 59.37, 62.271, 62.692, 62.722, 62.31, 61.457, 61.013, 61.031, 60.905, 60.808, 60.809, 60.43, 59.681, 59.117, 59.204, 59.252, 58.274, 57.558, 58.204, 59.407, 59.812, 59.682, 60.471, 61.665, 62.151, 61.734, 60.419, 59.461, 59.882, 58.821, 56.663, 55.611, 55.94, 53.684], [50.055, 55.778, 56.061, 55.172, 53.305, 49.356, 44.86, 41.135, 38.224, 36.449, 35.409, 34.702, 33.44, 32.206, 31.238, 29.918, 28.122, 27.159, 25.985, 24.64, 24.805, 25.247, 25.068, 24.268, 23.948, 22.705, 18.699, 15.469, 12.625, 9.699, 5.767, 0.0, 4.779, 9.643, 14.687, 19.128, 20.22, 20.414, 21.516, 22.808, 23.992, 25.453, 27.512, 32.926, 40.868, 45.463, 45.23, 44.076, 45.874, 48.562, 50.749, 53.082, 57.118, 60.124, 60.55, 60.565, 60.154, 59.284, 58.822, 58.828, 58.714, 58.621, 58.63, 58.355, 57.942, 57.748, 57.911, 57.95, 57.039, 56.339, 56.884, 58.016, 58.421, 58.286, 59.069, 60.356, 60.969, 60.618, 59.361, 58.427, 58.81, 57.738, 55.651, 54.691, 55.158, 52.977], [49.144, 54.518, 54.699, 53.834, 52.064, 48.388, 44.527, 41.449, 38.786, 36.661, 34.944, 33.751, 32.299, 31.113, 30.207, 28.966, 27.338, 26.44, 25.143, 23.818, 23.99, 24.207, 23.898, 23.054, 22.676, 21.587, 18.29, 16.066, 13.893, 11.623, 8.793, 4.779, 0.0, 6.099, 12.647, 17.545, 18.654, 19.19, 20.535, 21.7, 22.635, 24.074, 26.618, 32.879, 41.438, 46.34, 46.26, 45.147, 46.924, 49.584, 51.776, 54.159, 58.269, 61.317, 61.742, 61.735, 61.313, 60.396, 59.927, 59.954, 59.858, 59.778, 59.754, 59.446, 59.065, 58.883, 59.066, 59.102, 58.151, 57.415, 57.827, 58.792, 59.143, 59.049, 59.769, 60.855, 61.314, 60.89, 59.488, 58.322, 58.611, 57.663, 55.719, 54.732, 55.127, 53.245], [49.516, 54.474, 54.488, 53.659, 51.994, 48.548, 45.211, 42.709, 40.367, 38.142, 35.915, 34.211, 32.472, 31.293, 30.48, 29.352, 27.856, 26.917, 25.332, 24.02, 24.183, 24.089, 23.685, 22.775, 22.248, 21.151, 18.384, 16.866, 15.534, 14.338, 12.444, 9.643, 6.099, 0.0, 8.617, 14.466, 15.852, 16.86, 18.482, 19.774, 20.601, 21.913, 24.785, 31.702, 40.78, 45.915, 46.004, 44.911, 46.575, 49.169, 51.316, 53.763, 58.031, 61.062, 61.448, 61.441, 61.051, 60.152, 59.701, 59.776, 59.717, 59.671, 59.607, 59.246, 58.915, 58.707, 58.858, 58.99, 58.1, 57.355, 57.644, 58.455, 58.744, 58.682, 59.448, 60.485, 60.74, 60.181, 58.687, 57.476, 57.722, 56.835, 55.015, 54.08, 54.61, 53.128], [52.658, 57.807, 57.694, 56.874, 55.308, 51.977, 48.494, 45.703, 43.264, 41.545, 39.918, 38.524, 36.904, 35.656, 34.771, 33.654, 31.996, 30.961, 29.484, 28.329, 28.538, 28.279, 27.78, 26.965, 26.4, 25.19, 22.231, 20.322, 19.738, 19.543, 17.833, 14.687, 12.647, 8.617, 0.0, 6.629, 9.067, 10.498, 12.268, 14.175, 15.523, 17.128, 19.728, 26.427, 35.607, 40.85, 41.154, 40.152, 41.702, 44.147, 46.157, 48.629, 53.03, 56.068, 56.444, 56.436, 56.095, 55.313, 54.953, 55.062, 55.053, 55.04, 54.94, 54.588, 54.464, 54.521, 54.679, 54.898, 54.33, 53.712, 53.884, 54.733, 55.1, 55.01, 55.89, 57.245, 57.72, 57.344, 56.19, 55.35, 55.59, 54.514, 52.775, 52.314, 53.554, 52.226], [54.787, 60.058, 59.927, 59.134, 57.616, 54.357, 50.839, 47.891, 45.283, 43.758, 42.577, 41.551, 40.164, 38.973, 38.085, 36.956, 35.249, 34.29, 33.032, 32.005, 32.225, 31.899, 31.299, 30.598, 30.161, 29.013, 26.011, 23.955, 23.749, 23.946, 22.356, 19.128, 17.545, 14.466, 6.629, 0.0, 3.843, 6.083, 8.21, 10.852, 12.517, 14.475, 17.194, 23.635, 32.687, 37.92, 38.344, 37.452, 38.98, 41.288, 43.188, 45.642, 50.048, 53.104, 53.481, 53.455, 53.123, 52.39, 52.089, 52.202, 52.228, 52.229, 52.092, 51.757, 51.789, 52.04, 52.182, 52.387, 52.048, 51.648, 51.819, 52.702, 53.153, 53.067, 54.0, 55.57, 56.26, 56.092, 55.2, 54.561, 54.772, 53.587, 51.925, 51.81, 53.464, 52.19], [54.84, 60.019, 59.943, 59.209, 57.716, 54.503, 51.053, 48.147, 45.504, 43.91, 42.754, 41.841, 40.555, 39.411, 38.552, 37.416, 35.699, 34.739, 33.492, 32.451, 32.646, 32.304, 31.654, 30.995, 30.653, 29.58, 26.616, 24.599, 24.492, 24.8, 23.347, 20.22, 18.654, 15.852, 9.067, 3.843, 0.0, 3.405, 6.417, 9.47, 11.353, 13.76, 16.953, 23.628, 32.713, 37.903, 38.283, 37.438, 39.061, 41.419, 43.333, 45.763, 50.129, 53.189, 53.564, 53.539, 53.19, 52.413, 52.087, 52.189, 52.217, 52.209, 52.051, 51.707, 51.746, 51.963, 52.074, 52.253, 51.918, 51.671, 52.01, 52.933, 53.388, 53.313, 54.239, 55.798, 56.48, 56.304, 55.388, 54.718, 54.925, 53.724, 52.006, 51.817, 53.372, 52.112], [55.445, 60.711, 60.7, 59.997, 58.503, 55.228, 51.541, 48.354, 45.572, 44.139, 43.302, 42.635, 41.47, 40.296, 39.393, 38.214, 36.391, 35.35, 34.136, 33.073, 33.255, 32.976, 32.329, 31.669, 31.342, 30.211, 26.983, 24.619, 24.444, 24.833, 23.47, 20.414, 19.19, 16.86, 10.498, 6.083, 3.405, 0.0, 3.835, 7.921, 10.675, 13.707, 16.701, 22.84, 31.632, 36.683, 37.039, 36.298, 37.994, 40.371, 42.291, 44.698, 48.994, 52.022, 52.403, 52.388, 52.035, 51.277, 50.957, 51.045, 51.072, 51.059, 50.897, 50.545, 50.532, 50.739, 50.867, 51.044, 50.733, 50.505, 50.916, 51.98, 52.514, 52.427, 53.386, 55.054, 55.822, 55.682, 54.821, 54.255, 54.487, 53.168, 51.345, 51.19, 52.805, 51.359], [56.101, 61.479, 61.501, 60.82, 59.411, 56.263, 52.497, 49.041, 46.106, 44.917, 44.444, 44.027, 42.992, 41.781, 40.816, 39.61, 37.711, 36.641, 35.53, 34.52, 34.683, 34.434, 33.801, 33.135, 32.794, 31.635, 28.319, 25.778, 25.604, 26.035, 24.633, 21.516, 20.535, 18.482, 12.268, 8.21, 6.417, 3.835, 0.0, 5.176, 9.434, 13.395, 15.994, 21.395, 29.879, 34.813, 35.19, 34.57, 36.246, 38.554, 40.489, 42.896, 47.086, 50.08, 50.491, 50.471, 50.12, 49.399, 49.1, 49.183, 49.217, 49.21, 49.041, 48.685, 48.697, 48.985, 49.133, 49.295, 49.031, 48.797, 49.186, 50.342, 51.023, 51.007, 51.952, 53.693, 54.566, 54.462, 53.63, 53.124, 53.348, 51.941, 50.147, 50.183, 51.954, 50.294], [55.068, 60.45, 60.481, 59.838, 58.588, 55.829, 52.463, 49.077, 46.106, 44.972, 44.489, 44.136, 43.241, 42.029, 41.006, 39.818, 37.947, 36.924, 35.968, 35.094, 35.241, 34.991, 34.355, 33.712, 33.416, 32.405, 29.509, 27.443, 27.362, 27.638, 26.065, 22.808, 21.7, 19.774, 14.175, 10.852, 9.47, 7.921, 5.176, 0.0, 6.41, 12.323, 15.364, 21.009, 29.648, 34.625, 34.969, 34.35, 36.027, 38.297, 40.292, 42.696, 46.724, 49.737, 50.208, 50.145, 49.786, 49.024, 48.688, 48.759, 48.787, 48.785, 48.602, 48.242, 48.334, 48.68, 48.788, 48.87, 48.562, 48.328, 48.698, 49.801, 50.548, 50.73, 51.58, 53.072, 53.895, 53.734, 52.77, 52.086, 52.244, 50.909, 49.264, 49.371, 51.07, 49.363], [54.331, 59.581, 59.576, 58.943, 57.655, 54.846, 51.789, 48.843, 45.969, 44.588, 43.938, 43.546, 42.739, 41.674, 40.721, 39.586, 37.86, 37.043, 36.105, 35.28, 35.464, 35.164, 34.506, 33.899, 33.72, 32.946, 30.502, 28.884, 28.875, 28.998, 27.298, 23.992, 22.635, 20.601, 15.523, 12.517, 11.353, 10.675, 9.434, 6.41, 0.0, 7.66, 13.244, 20.867, 30.19, 35.311, 35.602, 34.875, 36.649, 39.046, 41.153, 43.616, 47.765, 50.907, 51.35, 51.246, 50.91, 50.113, 49.739, 49.823, 49.888, 49.911, 49.737, 49.394, 49.618, 50.022, 50.053, 50.038, 49.62, 49.351, 49.627, 50.54, 51.207, 51.529, 52.643, 54.202, 54.904, 54.586, 53.454, 52.676, 52.842, 51.625, 50.029, 49.966, 51.418, 49.92], [55.683, 60.858, 60.796, 60.103, 58.668, 55.493, 52.286, 49.842, 47.478, 46.029, 45.102, 44.519, 43.647, 42.678, 41.872, 40.847, 39.16, 38.303, 37.17, 36.263, 36.488, 36.159, 35.518, 34.86, 34.631, 33.988, 31.837, 30.379, 30.371, 30.439, 28.701, 25.453, 24.074, 21.913, 17.128, 14.475, 13.76, 13.707, 13.395, 12.323, 7.66, 0.0, 8.474, 18.884, 29.435, 34.846, 35.168, 34.367, 36.191, 38.817, 41.088, 43.655, 48.181, 51.55, 51.945, 51.866, 51.59, 50.833, 50.478, 50.626, 50.742, 50.794, 50.649, 50.373, 50.764, 51.277, 51.386, 51.438, 50.926, 50.604, 50.811, 51.579, 52.102, 52.351, 53.763, 55.794, 56.567, 56.186, 55.082, 54.497, 54.762, 53.539, 51.836, 51.537, 52.836, 51.73], [57.828, 63.253, 63.168, 62.415, 60.977, 57.711, 53.986, 51.357, 49.583, 48.957, 48.35, 47.792, 46.851, 45.714, 44.876, 43.933, 42.07, 40.895, 39.765, 38.91, 39.141, 38.923, 38.387, 37.635, 37.145, 36.294, 34.048, 32.438, 32.41, 32.529, 30.724, 27.512, 26.618, 24.785, 19.728, 17.194, 16.953, 16.701, 15.994, 15.364, 13.244, 8.474, 0.0, 12.391, 24.237, 30.101, 30.591, 29.852, 31.71, 34.507, 36.885, 39.517, 44.311, 47.874, 48.303, 48.264, 48.03, 47.329, 47.029, 47.239, 47.362, 47.408, 47.274, 47.093, 47.671, 48.403, 48.73, 48.956, 48.492, 48.163, 48.415, 49.296, 49.78, 49.86, 51.242, 53.621, 54.696, 54.504, 53.727, 53.522, 53.877, 52.47, 50.627, 50.385, 51.993, 51.119], [62.509, 68.36, 68.312, 67.566, 66.192, 62.858, 58.313, 54.726, 52.94, 53.736, 54.712, 54.851, 53.997, 52.606, 51.635, 50.655, 48.578, 47.356, 46.587, 45.877, 46.11, 46.09, 45.683, 44.924, 44.355, 43.11, 39.995, 37.509, 37.469, 37.813, 35.993, 32.926, 32.879, 31.702, 26.427, 23.635, 23.628, 22.84, 21.395, 21.009, 20.867, 18.884, 12.391, 0.0, 12.554, 19.221, 20.362, 20.109, 22.145, 25.136, 27.609, 30.093, 34.857, 38.508, 38.988, 38.985, 38.767, 38.217, 38.021, 38.281, 38.419, 38.459, 38.342, 38.324, 39.229, 40.443, 41.04, 41.489, 41.316, 41.105, 41.505, 42.751, 43.381, 43.273, 44.677, 47.762, 49.384, 49.607, 49.486, 50.067, 50.576, 48.747, 46.745, 46.941, 49.307, 48.24], [69.111, 75.239, 75.257, 74.545, 73.203, 69.752, 64.527, 60.069, 57.949, 59.731, 62.245, 63.249, 62.633, 61.147, 60.109, 59.059, 56.85, 55.727, 55.296, 54.709, 54.966, 55.094, 54.75, 54.036, 53.561, 52.124, 48.269, 44.984, 44.911, 45.45, 43.702, 40.868, 41.438, 40.78, 35.607, 32.687, 32.713, 31.632, 29.879, 29.648, 30.19, 29.435, 24.237, 12.554, 0.0, 7.728, 10.458, 11.666, 13.815, 16.764, 19.223, 21.21, 25.53, 29.094, 29.586, 29.61, 29.455, 29.267, 29.285, 29.577, 29.731, 29.771, 29.709, 29.942, 31.358, 33.364, 34.293, 35.009, 35.338, 35.321, 35.886, 37.618, 38.503, 38.276, 39.885, 43.888, 46.107, 46.793, 47.5, 49.04, 49.704, 47.503, 45.489, 46.299, 49.439, 47.983], [72.932, 79.182, 79.269, 78.576, 77.202, 73.596, 67.95, 63.029, 60.677, 62.784, 66.0, 67.567, 67.215, 65.769, 64.734, 63.641, 61.373, 60.278, 59.98, 59.481, 59.755, 59.95, 59.636, 58.957, 58.571, 57.122, 52.999, 49.368, 49.243, 49.853, 48.147, 45.463, 46.34, 45.915, 40.85, 37.92, 37.903, 36.683, 34.813, 34.625, 35.311, 34.846, 30.101, 19.221, 7.728, 0.0, 4.73, 8.245, 10.548, 13.374, 15.781, 17.387, 21.31, 24.672, 25.077, 25.126, 25.057, 25.204, 25.348, 25.615, 25.78, 25.817, 25.806, 26.212, 28.04, 30.655, 31.798, 32.666, 33.271, 33.404, 34.139, 36.154, 37.183, 36.911, 38.69, 43.218, 45.74, 46.637, 47.782, 49.934, 50.764, 48.417, 46.383, 47.426, 50.817, 49.061], [72.185, 78.498, 78.634, 77.954, 76.537, 72.808, 66.967, 61.891, 59.484, 61.663, 65.047, 66.813, 66.611, 65.227, 64.209, 63.102, 60.816, 59.724, 59.488, 59.06, 59.342, 59.575, 59.281, 58.629, 58.288, 56.858, 52.727, 49.104, 48.968, 49.554, 47.834, 45.23, 46.26, 46.004, 41.154, 38.344, 38.283, 37.039, 35.19, 34.969, 35.602, 35.168, 30.591, 20.362, 10.458, 4.73, 0.0, 4.919, 8.605, 12.255, 14.976, 16.677, 20.712, 24.201, 24.59, 24.655, 24.608, 24.698, 24.743, 24.947, 25.097, 25.12, 25.135, 25.551, 27.397, 30.052, 31.196, 32.007, 32.457, 32.679, 33.734, 35.853, 36.842, 36.535, 38.291, 42.857, 45.444, 46.334, 47.457, 49.661, 50.662, 48.355, 46.17, 47.044, 50.269, 48.335], [70.878, 77.142, 77.255, 76.57, 75.142, 71.407, 65.617, 60.656, 58.36, 60.518, 63.815, 65.509, 65.268, 63.926, 62.947, 61.848, 59.578, 58.483, 58.224, 57.81, 58.098, 58.331, 58.048, 57.411, 57.075, 55.628, 51.547, 48.01, 47.873, 48.419, 46.654, 44.076, 45.147, 44.911, 40.152, 37.452, 37.438, 36.298, 34.57, 34.35, 34.875, 34.367, 29.852, 20.109, 11.666, 8.245, 4.919, 0.0, 5.387, 10.29, 13.523, 15.648, 20.283, 24.059, 24.427, 24.511, 24.514, 24.365, 24.267, 24.482, 24.608, 24.615, 24.665, 25.076, 26.892, 29.49, 30.625, 31.354, 31.606, 31.902, 33.239, 35.363, 36.216, 35.866, 37.604, 42.068, 44.637, 45.493, 46.58, 48.699, 49.791, 47.677, 45.562, 46.389, 49.551, 47.727], [72.678, 78.849, 78.897, 78.193, 76.788, 73.143, 67.473, 62.611, 60.381, 62.552, 65.812, 67.469, 67.169, 65.806, 64.847, 63.762, 61.489, 60.362, 60.051, 59.615, 59.899, 60.115, 59.843, 59.193, 58.832, 57.354, 53.253, 49.64, 49.489, 50.098, 48.394, 45.874, 46.924, 46.575, 41.702, 38.98, 39.061, 37.994, 36.246, 36.027, 36.649, 36.191, 31.71, 22.145, 13.815, 10.548, 8.605, 5.387, 0.0, 5.612, 9.44, 11.973, 17.09, 21.033, 21.358, 21.47, 21.62, 21.536, 21.489, 21.788, 21.946, 21.989, 22.102, 22.569, 24.529, 27.398, 28.701, 29.486, 29.807, 30.201, 31.691, 33.891, 34.724, 34.363, 36.159, 40.782, 43.46, 44.41, 45.713, 48.034, 49.158, 47.156, 45.424, 46.735, 50.261, 48.566], [74.98, 81.16, 81.16, 80.442, 79.068, 75.516, 69.918, 65.031, 62.755, 64.972, 68.292, 69.978, 69.677, 68.276, 67.299, 66.231, 63.964, 62.85, 62.571, 62.156, 62.451, 62.643, 62.36, 61.705, 61.343, 59.877, 55.787, 52.134, 51.977, 52.639, 51.013, 48.562, 49.584, 49.169, 44.147, 41.288, 41.419, 40.371, 38.554, 38.297, 39.046, 38.817, 34.507, 25.136, 16.764, 13.374, 12.255, 10.29, 5.612, 0.0, 4.369, 7.523, 13.26, 17.396, 17.679, 17.802, 18.138, 18.241, 18.368, 18.725, 18.945, 19.07, 19.213, 19.75, 21.94, 25.188, 26.639, 27.467, 28.018, 28.524, 30.005, 32.313, 33.24, 32.926, 34.77, 39.537, 42.405, 43.551, 45.138, 47.649, 48.743, 46.75, 45.38, 47.359, 51.442, 49.739], [76.821, 83.026, 83.006, 82.284, 80.931, 77.421, 71.817, 66.87, 64.57, 66.849, 70.235, 71.933, 71.618, 70.189, 69.193, 68.143, 65.889, 64.797, 64.55, 64.161, 64.472, 64.648, 64.352, 63.704, 63.346, 61.889, 57.821, 54.169, 54.014, 54.699, 53.128, 50.749, 51.776, 51.316, 46.157, 43.188, 43.333, 42.291, 40.489, 40.292, 41.153, 41.088, 36.885, 27.609, 19.223, 15.781, 14.976, 13.523, 9.44, 4.369, 0.0, 4.291, 11.129, 15.364, 15.547, 15.725, 16.248, 16.52, 16.814, 17.196, 17.434, 17.59, 17.712, 18.302, 20.659, 24.175, 25.738, 26.66, 27.497, 28.11, 29.544, 31.957, 32.937, 32.589, 34.438, 39.263, 42.256, 43.59, 45.423, 48.051, 49.099, 47.07, 45.821, 48.156, 52.652, 50.981], [78.915, 85.148, 85.142, 84.429, 83.102, 79.61, 73.945, 68.876, 66.49, 68.871, 72.434, 74.225, 73.931, 72.465, 71.446, 70.379, 68.088, 67.03, 66.872, 66.485, 66.795, 67.012, 66.733, 66.078, 65.732, 64.284, 60.143, 56.398, 56.247, 56.957, 55.419, 53.082, 54.159, 53.763, 48.629, 45.642, 45.763, 44.698, 42.896, 42.696, 43.616, 43.655, 39.517, 30.093, 21.21, 17.387, 16.677, 15.648, 11.973, 7.523, 4.291, 0.0, 7.714, 12.43, 12.764, 13.107, 13.964, 14.701, 15.174, 15.516, 15.762, 15.943, 16.082, 16.818, 19.46, 23.344, 25.051, 26.083, 27.147, 27.894, 29.458, 32.009, 33.023, 32.65, 34.469, 39.457, 42.629, 44.097, 46.124, 48.91, 49.986, 47.9, 46.625, 49.027, 53.619, 51.92], [82.412, 88.629, 88.66, 87.965, 86.676, 83.254, 77.554, 72.243, 69.624, 72.137, 75.985, 77.977, 77.78, 76.283, 75.236, 74.119, 71.78, 70.751, 70.776, 70.432, 70.709, 71.027, 70.791, 70.153, 69.838, 68.369, 64.081, 60.15, 60.01, 60.814, 59.37, 57.118, 58.269, 58.031, 53.03, 50.048, 50.129, 48.994, 47.086, 46.724, 47.765, 48.181, 44.311, 34.857, 25.53, 21.31, 20.712, 20.283, 17.09, 13.26, 11.129, 7.714, 0.0, 5.668, 6.998, 7.773, 9.567, 11.473, 12.366, 12.649, 12.921, 13.15, 13.321, 14.172, 17.014, 21.442, 23.322, 24.351, 25.698, 26.639, 28.503, 31.366, 32.562, 32.254, 33.912, 39.108, 42.595, 44.23, 46.524, 49.645, 50.823, 48.636, 47.444, 50.128, 54.846, 52.871], [85.178, 91.345, 91.383, 90.7, 89.409, 85.982, 80.201, 74.736, 72.026, 74.64, 78.655, 80.755, 80.602, 79.106, 78.06, 76.925, 74.579, 73.544, 73.612, 73.293, 73.555, 73.899, 73.682, 73.07, 72.774, 71.256, 66.862, 62.806, 62.688, 63.613, 62.271, 60.124, 61.317, 61.062, 56.068, 53.104, 53.189, 52.022, 50.08, 49.737, 50.907, 51.55, 47.874, 38.508, 29.094, 24.672, 24.201, 24.059, 21.033, 17.396, 15.364, 12.43, 5.668, 0.0, 2.783, 4.778, 7.684, 10.448, 11.644, 11.955, 12.198, 12.409, 12.577, 13.32, 16.01, 20.636, 22.695, 23.903, 25.517, 26.468, 28.344, 31.357, 32.668, 32.343, 33.974, 39.264, 42.811, 44.557, 47.067, 50.461, 51.687, 49.454, 48.39, 51.346, 56.285, 54.173], [85.662, 91.799, 91.834, 91.158, 89.845, 86.364, 80.521, 75.045, 72.358, 74.988, 79.038, 81.16, 81.012, 79.536, 78.507, 77.377, 75.042, 74.004, 74.043, 73.733, 74.009, 74.338, 74.115, 73.515, 73.226, 71.691, 67.278, 63.201, 63.086, 64.033, 62.692, 60.55, 61.742, 61.448, 56.444, 53.481, 53.564, 52.403, 50.491, 50.208, 51.35, 51.945, 48.303, 38.988, 29.586, 25.077, 24.59, 24.427, 21.358, 17.679, 15.547, 12.764, 6.998, 2.783, 0.0, 3.203, 6.574, 9.375, 10.646, 11.004, 11.263, 11.51, 11.736, 12.606, 15.687, 20.633, 22.811, 24.076, 25.679, 26.581, 28.322, 31.179, 32.394, 32.052, 33.865, 39.282, 42.773, 44.489, 47.037, 50.514, 51.769, 49.545, 48.477, 51.454, 56.494, 54.48], [85.587, 91.718, 91.758, 91.09, 89.77, 86.293, 80.475, 75.01, 72.313, 74.934, 78.982, 81.104, 80.958, 79.485, 78.454, 77.325, 75.003, 73.976, 74.025, 73.728, 74.011, 74.342, 74.122, 73.525, 73.236, 71.698, 67.307, 63.256, 63.141, 64.074, 62.722, 60.565, 61.735, 61.441, 56.436, 53.455, 53.539, 52.388, 50.471, 50.145, 51.246, 51.866, 48.264, 38.985, 29.61, 25.126, 24.655, 24.511, 21.47, 17.802, 15.725, 13.107, 7.773, 4.778, 3.203, 0.0, 3.833, 7.187, 8.724, 9.119, 9.449, 9.782, 10.062, 11.065, 14.59, 20.007, 22.32, 23.538, 25.113, 25.948, 27.542, 30.253, 31.407, 31.15, 33.053, 38.535, 42.052, 43.762, 46.323, 49.816, 51.066, 48.835, 47.782, 50.786, 55.887, 53.924], [85.024, 91.156, 91.212, 90.55, 89.217, 85.715, 79.869, 74.391, 71.701, 74.342, 78.405, 80.536, 80.398, 78.926, 77.893, 76.77, 74.457, 73.43, 73.483, 73.197, 73.482, 73.807, 73.595, 73.023, 72.744, 71.205, 66.829, 62.809, 62.706, 63.646, 62.31, 60.154, 61.313, 61.051, 56.095, 53.123, 53.19, 52.035, 50.12, 49.786, 50.91, 51.59, 48.03, 38.767, 29.455, 25.057, 24.608, 24.514, 21.62, 18.138, 16.248, 13.964, 9.567, 7.684, 6.574, 3.833, 0.0, 4.181, 6.139, 6.555, 6.958, 7.376, 7.661, 8.735, 12.8, 18.759, 21.269, 22.504, 24.035, 24.776, 26.288, 28.918, 30.042, 29.795, 31.757, 37.299, 40.828, 42.555, 45.116, 48.588, 49.813, 47.546, 46.437, 49.435, 54.614, 52.694], [83.609, 89.677, 89.741, 89.097, 87.762, 84.26, 78.462, 73.08, 70.463, 73.092, 77.113, 79.224, 79.096, 77.649, 76.638, 75.542, 73.256, 72.222, 72.285, 72.046, 72.343, 72.652, 72.449, 71.925, 71.678, 70.165, 65.885, 61.973, 61.883, 62.808, 61.457, 59.284, 60.396, 60.152, 55.313, 52.39, 52.413, 51.277, 49.399, 49.024, 50.113, 50.833, 47.329, 38.217, 29.267, 25.204, 24.698, 24.365, 21.536, 18.241, 16.52, 14.701, 11.473, 10.448, 9.375, 7.187, 4.181, 0.0, 2.516, 3.421, 3.999, 4.599, 4.889, 6.303, 11.486, 17.884, 20.515, 21.661, 22.905, 23.533, 25.085, 27.6, 28.596, 28.322, 30.292, 35.699, 39.091, 40.751, 43.275, 46.695, 47.926, 45.714, 44.6, 47.58, 52.826, 51.096], [82.829, 88.882, 88.958, 88.323, 86.99, 83.492, 77.716, 72.37, 69.782, 72.41, 76.427, 78.552, 78.446, 77.017, 76.018, 74.93, 72.648, 71.616, 71.692, 71.474, 71.774, 72.087, 71.895, 71.391, 71.173, 69.691, 65.46, 61.605, 61.506, 62.393, 61.013, 58.822, 59.927, 59.701, 54.953, 52.089, 52.087, 50.957, 49.1, 48.688, 49.739, 50.478, 47.029, 38.021, 29.285, 25.348, 24.743, 24.267, 21.489, 18.368, 16.814, 15.174, 12.366, 11.644, 10.646, 8.724, 6.139, 2.516, 0.0, 1.639, 2.693, 3.576, 3.935, 5.635, 11.352, 17.811, 20.397, 21.471, 22.498, 23.056, 24.686, 27.151, 28.061, 27.777, 29.703, 34.984, 38.284, 39.897, 42.386, 45.789, 47.042, 44.884, 43.806, 46.742, 51.934, 50.254], [82.792, 88.875, 88.966, 88.332, 87.0, 83.499, 77.696, 72.304, 69.688, 72.333, 76.39, 78.559, 78.483, 77.06, 76.057, 74.959, 72.668, 71.644, 71.737, 71.524, 71.826, 72.147, 71.957, 71.464, 71.269, 69.8, 65.553, 61.696, 61.58, 62.432, 61.031, 58.828, 59.954, 59.776, 55.062, 52.202, 52.189, 51.045, 49.183, 