[[0.0, 3.475, 5.079, 8.744, 12.67, 15.913, 17.735, 20.094, 24.56, 28.067, 31.535, 34.69, 38.04, 41.585, 43.543, 44.597, 47.733, 50.913, 52.029, 52.864, 54.22, 56.36, 58.721, 59.612, 58.214, 56.768, 56.204, 54.092, 54.58, 55.22, 54.179, 54.24, 55.036, 55.088, 55.305, 57.004, 58.646, 59.819, 60.18, 60.057, 61.631, 63.904, 62.816, 59.756, 56.639, 54.104, 52.779, 52.084, 51.68, 52.812, 54.006, 54.336, 54.543, 54.704, 55.189, 55.804, 56.313, 56.77, 58.151, 59.131, 58.406, 58.019, 59.873, 62.456, 64.338, 65.88, 66.818, 67.012, 64.691, 60.959, 58.856, 58.955, 60.225, 63.325, 65.051, 63.941, 64.305, 66.126, 67.664, 69.159, 69.986, 70.333, 70.462, 68.657, 67.629, 67.641], [3.475, 0.0, 3.087, 7.856, 12.15, 15.677, 17.697, 20.241, 24.766, 28.282, 31.793, 34.91, 38.218, 41.849, 43.844, 44.691, 47.488, 50.54, 51.629, 52.401, 53.705, 55.87, 58.256, 59.172, 57.832, 56.538, 56.018, 53.898, 54.42, 55.099, 54.108, 54.212, 54.983, 54.996, 55.199, 56.907, 58.531, 59.673, 60.023, 59.895, 61.448, 63.702, 62.606, 59.547, 56.485, 54.037, 52.777, 52.124, 51.728, 52.833, 54.013, 54.334, 54.528, 54.691, 55.188, 55.809, 56.321, 56.79, 58.17, 59.169, 58.503, 58.155, 59.991, 62.562, 64.409, 65.873, 66.775, 66.997, 64.749, 61.111, 59.091, 59.225, 60.454, 63.475, 65.163, 64.065, 64.445, 66.265, 67.737, 69.149, 69.908, 70.19, 70.314, 68.574, 67.588, 67.615], [5.079, 3.087, 0.0, 5.896, 11.089, 15.112, 17.181, 19.787, 24.467, 28.147, 31.802, 34.997, 38.444, 42.227, 44.281, 45.104, 47.767, 50.736, 51.803, 52.517, 53.741, 55.898, 58.244, 59.09, 57.734, 56.507, 55.997, 53.841, 54.359, 55.04, 54.066, 54.24, 55.048, 55.046, 55.269, 57.043, 58.719, 59.883, 60.209, 60.083, 61.695, 63.904, 62.771, 59.713, 56.607, 54.135, 52.888, 52.252, 51.867, 52.962, 54.121, 54.453, 54.659, 54.822, 55.32, 55.951, 56.476, 56.965, 58.36, 59.355, 58.699, 58.34, 60.129, 62.732, 64.691, 66.208, 67.107, 67.34, 65.111, 61.467, 59.388, 59.482, 60.757, 63.816, 65.461, 64.37, 64.749, 66.55, 68.034, 69.451, 70.216, 70.491, 70.605, 68.868, 67.894, 67.93], [8.744, 7.856, 5.896, 0.0, 6.492, 11.887, 14.357, 17.325, 22.642, 26.892, 30.89, 34.296, 38.027, 42.007, 44.129, 45.059, 47.892, 50.932, 52.033, 52.793, 54.085, 56.256, 58.525, 59.226, 57.819, 56.598, 56.072, 53.81, 54.318, 55.064, 54.158, 54.392, 55.236, 55.295, 55.493, 57.206, 58.876, 60.056, 60.361, 60.257, 61.91, 64.039, 62.83, 59.712, 56.485, 54.001, 52.86, 52.301, 51.94, 53.026, 54.177, 54.546, 54.809, 55.016, 55.524, 56.16, 56.721, 57.227, 58.636, 59.628, 58.978, 58.653, 60.417, 62.939, 64.883, 66.466, 67.406, 67.657, 65.476, 61.891, 59.846, 59.941, 61.233, 64.283, 65.874, 64.801, 65.208, 67.003, 68.526, 69.911, 70.624, 70.852, 70.963, 69.314, 68.424, 68.497], [12.67, 12.15, 11.089, 6.492, 0.0, 7.044, 10.197, 13.621, 19.843, 24.857, 29.115, 32.56, 36.677, 41.021, 43.259, 44.272, 47.497, 50.826, 52.064, 53.018, 54.574, 56.828, 59.079, 59.781, 58.414, 57.138, 56.562, 54.261, 54.898, 55.751, 54.863, 55.071, 55.911, 56.062, 56.132, 57.579, 59.097, 60.198, 60.554, 60.564, 62.191, 64.316, 63.044, 59.7, 56.223, 53.644, 52.538, 52.037, 51.674, 52.739, 53.916, 54.321, 54.651, 54.911, 55.417, 56.032, 56.594, 57.083, 58.448, 59.374, 58.686, 58.422, 60.234, 62.63, 64.391, 65.983, 66.997, 67.233, 65.04, 61.477, 59.494, 59.629, 60.923, 63.978, 65.564, 64.457, 64.862, 66.705, 68.356, 69.815, 70.53, 70.724, 70.836, 69.307, 68.509, 68.602], [15.913, 15.677, 15.112, 11.887, 7.044, 0.0, 4.561, 9.666, 16.489, 21.911, 26.503, 29.79, 33.977, 38.621, 40.921, 41.909, 45.563, 49.219, 50.588, 51.835, 54.016, 56.661, 59.071, 59.865, 58.398, 57.025, 56.573, 54.279, 55.16, 56.118, 55.159, 55.304, 56.141, 56.362, 56.122, 57.057, 58.335, 59.364, 59.861, 60.275, 62.01, 64.205, 62.946, 59.403, 55.78, 53.188, 52.011, 51.394, 51.001, 52.079, 53.281, 53.666, 53.989, 54.259, 54.744, 55.308, 55.833, 56.312, 57.657, 58.477, 57.699, 57.489, 59.345, 61.51, 62.985, 64.566, 65.627, 65.781, 63.577, 60.161, 58.351, 58.554, 59.76, 62.742, 64.289, 63.136, 63.573, 65.477, 67.212, 68.739, 69.542, 69.832, 69.939, 68.339, 67.504, 67.597], [17.735, 17.697, 17.181, 14.357, 10.197, 4.561, 0.0, 6.49, 13.914, 19.925, 24.921, 28.347, 32.92, 37.858, 40.234, 41.242, 44.965, 48.724, 50.158, 51.469, 53.739, 56.451, 58.896, 59.728, 58.311, 57.001, 56.616, 54.362, 55.397, 56.453, 55.501, 55.684, 56.566, 56.806, 56.47, 57.249, 58.424, 59.429, 59.946, 60.446, 62.252, 64.423, 63.14, 59.581, 55.968, 53.399, 52.245, 51.621, 51.204, 52.278, 53.468, 53.835, 54.135, 54.395, 54.898, 55.504, 56.063, 56.544, 57.845, 58.566, 57.728, 57.483, 59.255, 61.361, 62.854, 64.447, 65.496, 65.615, 63.416, 60.076, 58.343, 58.561, 59.717, 62.657, 64.177, 63.024, 63.498, 65.399, 67.135, 68.643, 69.42, 69.735, 69.868, 68.226, 67.358, 67.44], [20.094, 20.241, 19.787, 17.325, 13.621, 9.666, 6.49, 0.0, 8.987, 16.707, 22.454, 26.461, 31.914, 37.274, 39.759, 40.806, 44.659, 48.633, 50.164, 51.526, 53.802, 56.5, 58.995, 59.953, 58.72, 57.575, 57.206, 54.873, 55.851, 56.958, 56.051, 56.237, 57.024, 57.292, 56.836, 57.374, 58.42, 59.361, 59.87, 60.36, 62.106, 64.256, 62.957, 59.289, 55.598, 53.03, 51.907, 51.316, 50.89, 51.906, 53.058, 53.419, 53.73, 54.002, 54.51, 55.113, 55.675, 56.162, 57.453, 58.141, 57.281, 56.995, 58.709, 60.886, 62.414, 63.957, 65.017, 65.105, 62.842, 59.513, 57.849, 58.085, 59.179, 62.079, 63.613, 62.43, 62.863, 64.785, 66.577, 68.083, 68.819, 69.127, 69.31, 67.78, 66.991, 67.08], [24.56, 24.766, 24.467, 22.642, 19.843, 16.489, 13.914, 8.987, 0.0, 9.665, 17.334, 22.022, 28.055, 33.862, 36.447, 37.32, 41.2, 45.388, 47.021, 48.459, 50.955, 53.834, 56.495, 57.68, 56.565, 55.618, 55.408, 52.95, 54.064, 55.439, 54.554, 54.663, 55.386, 55.719, 54.869, 54.902, 55.73, 56.595, 57.124, 57.81, 59.593, 61.733, 60.667, 57.225, 53.726, 51.269, 50.162, 49.553, 49.148, 50.119, 51.165, 51.459, 51.703, 51.935, 52.418, 53.038, 53.625, 54.097, 55.326, 55.915, 55.07, 54.79, 56.404, 58.567, 60.1, 61.6, 62.617, 62.662, 60.49, 57.541, 56.295, 56.707, 57.553, 60.119, 61.543, 60.382, 60.782, 62.609, 64.419, 65.934, 66.64, 66.987, 67.189, 65.675, 64.974, 65.081], [28.067, 28.282, 28.147, 26.892, 24.857, 21.911, 19.925, 16.707, 9.665, 0.0, 9.854, 16.232, 23.104, 29.578, 32.467, 33.017, 36.424, 40.576, 42.311, 43.805, 46.355, 49.392, 52.134, 53.439, 52.437, 51.53, 51.258, 48.696, 50.024, 51.664, 50.917, 51.127, 52.032, 52.448, 51.313, 51.166, 52.055, 53.008, 53.619, 54.498, 56.363, 58.396, 57.537, 54.599, 51.546, 49.321, 48.269, 47.699, 47.352, 48.247, 49.161, 49.373, 49.55, 49.725, 50.159, 50.794, 51.439, 51.918, 53.065, 53.657, 52.967, 52.738, 54.228, 56.44, 58.083, 59.48, 60.362, 60.446, 58.534, 56.109, 55.291, 55.821, 56.342, 58.522, 59.796, 58.694, 59.086, 60.753, 62.46, 63.951, 64.671, 65.004, 65.163, 63.733, 63.196, 63.352], [31.535, 31.793, 31.802, 30.89, 29.115, 26.503, 24.921, 22.454, 17.334, 9.854, 0.0, 9.438, 19.243, 27.047, 30.478, 31.088, 34.431, 38.614, 40.425, 42.015, 44.525, 47.602, 50.304, 51.668, 50.938, 49.908, 49.376, 46.954, 48.485, 50.23, 49.643, 50.003, 51.085, 51.563, 50.467, 50.348, 51.291, 52.295, 53.041, 53.987, 55.797, 57.85, 57.118, 54.429, 51.618, 49.507, 48.501, 48.045, 47.719, 48.493, 49.343, 49.509, 49.674, 49.836, 50.262, 50.907, 51.598, 52.024, 53.028, 53.679, 53.085, 52.87, 54.419, 56.781, 58.396, 59.601, 60.407, 60.558, 58.755, 56.517, 55.844, 56.368, 56.715, 58.756, 60.022, 58.928, 59.231, 60.848, 62.576, 64.145, 64.942, 65.196, 65.313, 64.16, 63.858, 64.076], [34.69, 34.91, 34.997, 34.296, 32.56, 29.79, 28.347, 26.461, 22.022, 16.232, 9.438, 0.0, 12.228, 21.828, 25.795, 26.707, 30.966, 35.712, 37.737, 39.682, 42.751, 46.107, 48.872, 50.364, 49.614, 48.529, 48.384, 46.287, 48.086, 49.953, 49.309, 49.581, 50.61, 51.106, 49.832, 49.436, 50.237, 51.135, 51.977, 53.162, 55.038, 57.274, 56.761, 54.191, 51.589, 49.594, 48.443, 47.877, 47.557, 48.313, 49.203, 49.331, 49.385, 49.452, 49.836, 50.514, 51.195, 51.536, 52.39, 52.905, 52.202, 51.938, 53.534, 55.649, 56.948, 58.101, 58.937, 59.025, 57.195, 54.993, 54.422, 55.063, 55.447, 57.416, 58.615, 57.475, 57.72, 59.388, 61.281, 63.048, 64.035, 64.379, 64.451, 63.158, 62.759, 62.937], [38.04, 38.218, 38.444, 38.027, 36.677, 33.977, 32.92, 31.914, 28.055, 23.104, 19.243, 12.228, 0.0, 11.165, 16.249, 18.148, 24.14, 29.651, 31.883, 34.335, 38.348, 42.2, 45.172, 46.851, 45.9, 44.942, 45.648, 43.915, 45.875, 47.938, 47.221, 47.101, 47.838, 48.282, 46.642, 45.882, 46.576, 47.404, 48.331, 49.841, 51.925, 54.412, 54.269, 52.136, 50.064, 48.375, 47.148, 46.48, 46.244, 47.052, 47.985, 48.11, 48.022, 47.94, 48.228, 48.902, 49.512, 49.791, 50.618, 51.034, 50.231, 49.955, 51.595, 53.345, 54.217, 55.255, 56.068, 56.094, 54.372, 52.513, 52.37, 53.27, 53.565, 55.241, 56.302, 55.111, 55.353, 57.045, 58.904, 60.721, 61.797, 62.219, 62.211, 60.565, 59.945, 60.043], [41.585, 41.849, 42.227, 42.007, 41.021, 38.621, 37.858, 37.274, 33.862, 29.578, 27.047, 21.828, 11.165, 0.0, 6.591, 11.539, 20.95, 27.269, 29.461, 32.289, 36.949, 40.939, 44.017, 45.841, 44.703, 43.749, 45.094, 43.794, 45.72, 47.785, 46.896, 46.152, 46.383, 46.774, 45.032, 44.002, 44.492, 45.193, 46.11, 47.681, 49.897, 52.726, 52.876, 51.023, 49.278, 47.714, 46.434, 45.791, 45.662, 46.523, 47.471, 47.644, 47.506, 47.327, 47.538, 48.188, 48.736, 48.96, 49.824, 50.231, 49.336, 49.009, 50.74, 52.3, 52.781, 53.704, 54.574, 54.551, 52.754, 51.072, 51.346, 52.521, 52.81, 54.358, 55.413, 54.142, 54.355, 56.153, 58.092, 59.999, 61.098, 61.535, 61.45, 59.52, 58.731, 58.771], [43.543, 43.844, 44.281, 44.129, 43.259, 40.921, 40.234, 39.759, 36.447, 32.467, 30.478, 25.795, 16.249, 6.591, 0.0, 8.018, 19.829, 26.659, 28.939, 31.989, 36.941, 40.943, 44.085, 45.979, 44.678, 43.727, 45.46, 44.419, 46.241, 48.195, 47.194, 46.141, 46.056, 46.441, 44.675, 43.452, 43.8, 44.404, 45.302, 46.895, 49.128, 52.129, 52.442, 50.764, 49.235, 47.758, 46.388, 45.681, 45.609, 46.49, 47.444, 47.614, 47.393, 47.122, 47.287, 47.917, 48.419, 48.625, 49.525, 49.92, 48.958, 48.567, 50.325, 51.767, 51.999, 52.873, 53.797, 53.71, 51.787, 50.125, 50.622, 51.993, 52.347, 53.855, 54.913, 53.604, 53.801, 55.683, 57.707, 59.661, 60.804, 61.286, 61.163, 59.067, 58.172, 58.19], [44.597, 44.691, 45.104, 45.059, 44.272, 41.909, 41.242, 40.806, 37.32, 33.017, 31.088, 26.707, 18.148, 11.539, 8.018, 0.0, 13.36, 21.227, 24.107, 27.768, 33.255, 37.65, 41.147, 43.221, 41.901, 41.36, 43.505, 42.519, 44.336, 46.368, 45.623, 45.016, 45.114, 45.516, 43.612, 42.261, 42.624, 43.292, 44.241, 45.96, 48.225, 51.213, 51.746, 50.36, 49.062, 47.727, 46.419, 45.7, 45.634, 46.528, 47.455, 47.572, 47.214, 46.812, 46.958, 47.622, 48.169, 48.466, 49.43, 49.864, 49.007, 48.664, 50.337, 51.632, 51.702, 52.384, 53.169, 53.067, 51.27, 49.87, 50.498, 51.833, 52.031, 53.366, 54.334, 53.072, 53.292, 55.118, 57.091, 58.95, 60.019, 60.467, 60.345, 58.256, 57.365, 57.385], [47.733, 47.488, 47.767, 47.892, 47.497, 45.563, 44.965, 44.659, 41.2, 36.424, 34.431, 30.966, 24.14, 20.95, 19.829, 13.36, 0.0, 9.431, 14.369, 19.508, 25.716, 30.748, 34.753, 37.074, 35.996, 36.497, 39.139, 38.109, 39.899, 42.233, 42.305, 42.791, 43.494, 43.921, 41.967, 40.846, 41.588, 42.654, 43.63, 45.305, 47.555, 50.111, 50.962, 50.668, 50.272, 49.501, 48.619, 48.051, 47.967, 48.817, 49.708, 49.721, 49.155, 48.634, 48.811, 49.572, 50.226, 50.693, 51.704, 52.276, 51.763, 51.489, 52.765, 54.079, 54.59, 55.123, 55.477, 55.449, 54.297, 53.686, 54.522, 55.666, 55.475, 56.298, 56.961, 55.906, 56.202, 57.547, 58.82, 60.073, 60.65, 60.825, 60.741, 58.818, 58.035, 58.084], [50.913, 50.54, 50.736, 50.932, 50.826, 49.219, 48.724, 48.633, 45.388, 40.576, 38.614, 35.712, 29.651, 27.269, 26.659, 21.227, 9.431, 0.0, 7.025, 13.586, 20.838, 26.582, 30.869, 33.316, 32.522, 33.937, 36.913, 35.926, 37.831, 40.548, 41.139, 42.048, 42.963, 43.361, 41.494, 40.598, 41.563, 42.875, 43.838, 45.464, 47.737, 49.968, 51.078, 51.689, 52.013, 51.655, 51.029, 50.505, 50.417, 51.22, 52.051, 52.059, 51.443, 50.896, 51.116, 51.942, 52.625, 53.151, 54.156, 54.782, 54.428, 54.145, 55.151, 56.481, 57.279, 57.735, 57.852, 57.903, 57.169, 57.021, 57.969, 59.024, 58.657, 59.163, 59.596, 58.684, 59.032, 60.052, 60.822, 61.666, 61.976, 62.027, 61.962, 60.111, 59.387, 59.451], [52.029, 51.629, 51.803, 52.033, 52.064, 50.588, 50.158, 50.164, 47.021, 42.311, 40.425, 37.737, 31.883, 29.461, 28.939, 24.107, 14.369, 7.025, 0.0, 7.974, 17.162, 24.002, 28.781, 31.444, 30.94, 33.062, 36.261, 35.339, 37.481, 40.494, 41.122, 41.876, 42.613, 42.938, 41.139, 40.251, 41.209, 42.566, 43.531, 45.188, 47.579, 49.935, 51.257, 52.026, 52.461, 52.2, 51.641, 51.117, 51.027, 51.856, 52.657, 52.736, 52.245, 51.794, 52.105, 52.992, 53.701, 54.228, 55.204, 55.815, 55.469, 55.183, 56.126, 57.411, 58.204, 58.564, 58.654, 58.756, 58.125, 58.064, 58.987, 60.005, 59.613, 60.051, 60.42, 59.52, 59.867, 60.922, 61.659, 62.424, 62.703, 62.755, 62.706, 60.866, 60.147, 60.213], [52.864, 52.401, 52.517, 52.793, 53.018, 51.835, 51.469, 51.526, 48.459, 43.805, 42.015, 39.682, 34.335, 32.289, 31.989, 27.768, 19.508, 13.586, 7.974, 0.0, 10.839, 19.171, 24.681, 27.669, 27.772, 30.957, 34.272, 33.515, 35.979, 39.25, 39.906, 40.536, 41.164, 41.395, 39.82, 39.294, 40.493, 41.966, 42.867, 44.446, 46.935, 49.239, 50.764, 51.838, 52.511, 52.396, 51.928, 51.451, 51.379, 52.195, 52.936, 53.025, 52.609, 52.281, 52.734, 53.711, 54.443, 54.962, 55.866, 56.465, 56.17, 55.83, 56.656, 58.071, 59.087, 59.383, 59.388, 59.562, 59.04, 58.994, 59.807, 60.764, 60.383, 60.809, 61.164, 60.329, 60.672, 61.673, 62.262, 62.898, 63.121, 63.113, 63.081, 61.358, 60.707, 60.775], [54.22, 53.705, 53.741, 54.085, 54.574, 54.016, 53.739, 53.802, 50.955, 46.355, 44.525, 42.751, 38.348, 36.949, 36.941, 33.255, 25.716, 20.838, 17.162, 10.839, 0.0, 10.061, 16.854, 20.441, 21.725, 26.207, 29.541, 29.585, 32.651, 36.256, 37.164, 37.934, 38.824, 39.01, 38.127, 38.621, 40.286, 41.965, 42.682, 43.763, 46.344, 48.559, 50.409, 52.234, 53.344, 53.39, 53.096, 52.813, 52.783, 53.571, 54.243, 54.326, 53.887, 53.579, 54.208, 55.41, 56.259, 56.767, 57.602, 58.285, 58.134, 57.689, 58.373, 60.213, 61.789, 62.059, 61.922, 62.204, 61.742, 61.582, 62.201, 63.051, 62.77, 63.303, 63.731, 63.012, 63.291, 64.135, 64.526, 64.994, 65.048, 64.825, 64.786, 63.323, 62.831, 62.904], [56.36, 55.87, 55.898, 56.256, 56.828, 56.661, 56.451, 56.5, 53.834, 49.392, 47.602, 46.107, 42.2, 40.939, 40.943, 37.65, 30.748, 26.582, 24.002, 19.171, 10.061, 0.0, 8.657, 13.679, 15.943, 21.137, 24.611, 25.798, 29.378, 33.32, 34.443, 35.272, 36.459, 36.734, 36.535, 37.837, 39.812, 41.699, 42.277, 42.889, 45.663, 47.902, 50.034, 52.693, 54.288, 54.462, 54.246, 54.057, 54.071, 54.895, 55.514, 55.528, 55.02, 54.663, 55.432, 56.99, 58.062, 58.575, 59.411, 60.185, 60.148, 59.625, 60.256, 62.393, 64.283, 64.577, 64.405, 64.71, 64.185, 63.948, 64.558, 65.404, 65.243, 65.835, 66.265, 65.632, 65.921, 66.649, 66.979, 67.4, 67.332, 66.957, 66.899, 65.564, 65.185, 65.243], [58.721, 58.256, 58.244, 58.525, 59.079, 59.071, 58.896, 58.995, 56.495, 52.134, 50.304, 48.872, 45.172, 44.017, 44.085, 41.147, 34.753, 30.869, 28.781, 24.681, 16.854, 8.657, 0.0, 6.56, 10.882, 17.657, 21.635, 23.661, 27.549, 31.568, 32.957, 34.064, 35.646, 35.959, 36.128, 38.063, 40.369, 42.494, 43.04, 43.392, 46.314, 48.438, 50.553, 53.73, 55.603, 55.818, 55.655, 55.505, 55.517, 56.324, 56.881, 56.834, 56.309, 55.905, 56.705, 58.508, 59.831, 60.414, 61.265, 62.089, 62.115, 61.521, 62.102, 64.482, 66.601, 66.893, 66.66, 67.002, 66.452, 66.127, 66.681, 67.489, 67.433, 68.18, 68.644, 68.068, 68.396, 69.009, 69.297, 69.698, 69.59, 69.16, 69.095, 67.861, 67.582, 67.647], [59.612, 59.172, 59.09, 59.226, 59.781, 59.865, 59.728, 59.953, 57.68, 53.439, 51.668, 50.364, 46.851, 45.841, 45.979, 43.221, 37.074, 33.316, 31.444, 27.669, 20.441, 13.679, 6.56, 0.0, 6.996, 15.51, 20.024, 22.536, 26.552, 30.447, 32.043, 33.639, 35.718, 36.086, 36.522, 38.937, 41.524, 43.812, 44.334, 44.58, 47.632, 49.689, 51.647, 54.922, 56.765, 56.926, 56.773, 56.618, 56.623, 57.456, 58.018, 57.968, 57.444, 57.018, 57.813, 59.647, 61.059, 61.732, 62.643, 63.485, 63.5, 62.878, 63.491, 66.023, 68.315, 68.715, 68.482, 68.842, 68.243, 67.746, 68.127, 68.859, 68.939, 69.886, 70.4, 69.847, 70.194, 70.754, 71.011, 71.374, 71.306, 70.937, 70.868, 69.628, 69.348, 69.421], [58.214, 57.832, 57.734, 57.819, 58.414, 58.398, 58.311, 58.72, 56.565, 52.437, 50.938, 49.614, 45.9, 44.703, 44.678, 41.901, 35.996, 32.522, 30.94, 27.772, 21.725, 15.943, 10.882, 6.996, 0.0, 10.386, 16.746, 20.019, 24.129, 27.833, 29.27, 31.035, 33.418, 33.947, 34.546, 37.209, 40.053, 42.522, 43.075, 43.408, 46.726, 49.086, 51.033, 54.221, 55.971, 56.067, 55.798, 55.51, 55.518, 56.485, 57.132, 57.069, 56.496, 56.033, 56.81, 58.637, 60.022, 60.743, 61.856, 62.794, 62.75, 62.12, 62.892, 65.469, 67.753, 68.354, 68.264, 68.555, 67.786, 67.139, 67.456, 68.206, 68.429, 69.551, 70.108, 69.507, 69.856, 70.467, 70.8, 71.235, 71.285, 71.06, 70.981, 69.528, 69.107, 69.165], [56.768, 56.538, 56.507, 56.598, 57.138, 57.025, 57.001, 57.575, 55.618, 51.53, 49.908, 48.529, 44.942, 43.749, 43.727, 41.36, 36.497, 33.937, 33.062, 30.957, 26.207, 21.137, 17.657, 15.51, 10.386, 0.0, 9.096, 15.469, 20.335, 23.7, 24.828, 26.535, 29.48, 30.344, 31.566, 34.989, 38.3, 41.09, 41.779, 42.031, 45.56, 48.405, 50.264, 53.322, 54.933, 54.866, 54.458, 54.069, 54.063, 55.151, 55.911, 55.83, 55.288, 54.91, 55.722, 57.561, 58.965, 59.652, 60.922, 62.155, 62.167, 61.569, 62.668, 65.611, 68.064, 68.936, 69.061, 69.287, 68.271, 67.347, 67.491, 68.176, 68.52, 69.907, 70.597, 69.919, 70.248, 70.894, 71.309, 71.913, 72.122, 71.976, 71.887, 70.426, 70.014, 70.099], [56.204, 56.018, 55.997, 56.072, 56.562, 56.573, 56.616, 57.206, 55.408, 51.258, 49.376, 48.384, 45.648, 45.094, 45.46, 43.505, 39.139, 36.913, 36.261, 34.272, 29.541, 24.611, 21.635, 20.024, 16.746, 9.096, 0.0, 9.895, 16.531, 20.199, 21.493, 23.41, 26.945, 27.947, 29.749, 34.157, 38.084, 41.202, 41.948, 42.031, 45.449, 47.947, 49.27, 52.1, 53.623, 53.547, 53.22, 52.894, 52.851, 53.845, 54.561, 54.485, 54.11, 53.945, 54.815, 56.62, 58.042, 58.72, 59.987, 61.473, 61.785, 61.36, 62.446, 65.717, 68.595, 69.596, 69.771, 70.1, 69.119, 68.055, 67.957, 68.457, 68.778, 70.262, 70.96, 70.308, 70.694, 71.238, 71.482, 72.027, 72.203, 71.972, 71.893, 70.731, 70.57, 70.734], [54.092, 53.898, 53.841, 53.81, 54.261, 54.279, 54.362, 54.873, 52.95, 48.696, 46.954, 46.287, 43.915, 43.794, 44.419, 42.519, 38.109, 35.926, 35.339, 33.515, 29.585, 25.798, 23.661, 22.536, 20.019, 15.469, 9.895, 0.0, 9.508, 15.303, 17.092, 19.534, 23.571, 24.566, 25.629, 30.298, 34.816, 38.225, 38.963, 39.188, 42.473, 44.265, 44.953, 47.484, 48.905, 48.937, 48.768, 48.483, 48.378, 49.207, 49.904, 49.861, 49.558, 49.504, 50.394, 52.131, 53.571, 54.364, 55.793, 57.406, 57.932, 57.911, 58.938, 62.101, 65.22, 66.293, 66.451, 66.926, 66.267, 65.424, 65.317, 65.743, 65.903, 67.206, 67.75, 67.125, 67.584, 67.988, 67.997, 68.381, 68.467, 68.199, 68.177, 67.241, 67.255, 67.47], [54.58, 54.42, 54.359, 54.318, 54.898, 55.16, 55.397, 55.851, 54.064, 50.024, 48.485, 48.086, 45.875, 45.72, 46.241, 44.336, 39.899, 37.831, 37.481, 35.979, 32.651, 29.378, 27.549, 26.552, 24.129, 20.335, 16.531, 9.508, 0.0, 7.815, 11.29, 15.751, 20.957, 22.095, 23.546, 29.243, 34.588, 38.348, 39.022, 39.019, 41.998, 43.488, 43.878, 46.394, 47.839, 47.934, 47.835, 47.569, 47.483, 48.303, 49.1, 49.089, 48.732, 48.609, 49.435, 51.068, 52.44, 53.335, 55.038, 56.938, 57.543, 57.716, 58.972, 62.201, 65.364, 66.466, 66.611, 67.099, 66.519, 65.662, 65.426, 65.718, 65.784, 67.024, 67.553, 66.941, 67.429, 67.777, 67.613, 67.873, 67.923, 67.644, 67.656, 66.834, 66.887, 67.121], [55.22, 55.099, 55.04, 55.064, 55.751, 56.118, 56.453, 56.958, 55.439, 51.664, 50.23, 49.953, 47.938, 47.785, 48.195, 46.368, 42.233, 40.548, 40.494, 39.25, 36.256, 33.32, 31.568, 30.447, 27.833, 23.7, 20.199, 15.303, 7.815, 0.0, 6.069, 13.394, 19.713, 21.009, 23.109, 29.67, 35.543, 39.511, 40.191, 39.984, 42.742, 44.221, 44.381, 46.766, 48.259, 48.375, 48.202, 47.864, 47.801, 48.705, 49.603, 49.569, 49.185, 49.041, 49.79, 51.299, 52.577, 53.502, 55.345, 57.46, 58.116, 58.23, 59.635, 63.163, 66.465, 67.685, 67.879, 68.317, 67.606, 66.526, 66.096, 66.309, 66.457, 67.826, 68.44, 67.769, 68.217, 68.595, 68.405, 68.657, 68.758, 68.512, 68.495, 67.62, 67.613, 67.857], [54.179, 54.108, 54.066, 54.158, 54.863, 55.159, 55.501, 56.051, 54.554, 50.917, 49.643, 49.309, 47.221, 46.896, 47.194, 45.623, 42.305, 41.139, 41.122, 39.906, 37.164, 34.443, 32.957, 32.043, 29.27, 24.828, 21.493, 17.092, 11.29, 6.069, 0.0, 9.242, 16.712, 18.207, 20.661, 27.837, 33.969, 37.975, 38.67, 38.531, 41.505, 43.219, 43.215, 45.341, 46.715, 46.756, 46.452, 45.989, 45.91, 46.903, 47.853, 47.818, 47.456, 47.365, 48.153, 49.675, 50.929, 51.823, 53.692, 55.834, 56.451, 56.556, 58.086, 61.748, 65.142, 66.541, 66.84, 67.235, 66.376, 65.125, 64.623, 64.866, 65.095, 66.567, 67.223, 66.482, 66.911, 67.385, 67.341, 67.717, 67.926, 67.781, 67.759, 66.751, 66.676, 66.912], [54.24, 54.212, 54.24, 54.392, 55.071, 55.304, 55.684, 56.237, 54.663, 51.127, 50.003, 49.581, 47.101, 46.152, 46.141, 45.016, 42.791, 42.048, 41.876, 40.536, 37.934, 35.272, 34.064, 33.639, 31.035, 26.535, 23.41, 19.534, 15.751, 13.394, 9.242, 0.0, 8.809, 10.961, 14.525, 23.086, 29.692, 33.772, 34.531, 34.389, 37.638, 39.95, 40.194, 42.483, 44.179, 44.485, 44.193, 43.682, 43.639, 44.638, 45.605, 45.588, 45.311, 45.355, 46.207, 47.743, 48.958, 49.784, 51.609, 53.729, 54.282, 54.364, 56.02, 59.782, 63.138, 64.569, 64.975, 65.351, 64.436, 63.237, 62.943, 63.378, 63.536, 64.825, 65.479, 64.639, 65.03, 65.659, 65.632, 65.97, 66.197, 66.109, 66.068, 64.969, 64.874, 65.153], [55.036, 54.983, 55.048, 55.236, 55.911, 56.141, 56.566, 57.024, 55.386, 52.032, 51.085, 50.61, 47.838, 46.383, 46.056, 45.114, 43.494, 42.963, 42.613, 41.164, 38.824, 36.459, 35.646, 35.718, 33.418, 29.48, 26.945, 23.571, 20.957, 19.713, 16.712, 8.809, 0.0, 3.939, 9.95, 19.016, 25.839, 30.015, 30.786, 30.464, 33.683, 36.46, 37.125, 39.809, 42.142, 42.89, 42.667, 42.168, 42.187, 43.087, 43.99, 43.971, 43.74, 43.843, 44.68, 46.154, 47.272, 48.057, 49.884, 52.031, 52.572, 52.539, 54.183, 58.069, 61.31, 62.577, 63.087, 63.46, 62.505, 61.537, 61.642, 62.318, 62.362, 63.393, 64.034, 63.15, 63.532, 64.266, 64.128, 64.32, 64.493, 64.418, 64.369, 63.303, 63.262, 63.588], [55.088, 54.996, 55.046, 55.295, 56.062, 56.362, 56.806, 57.292, 55.719, 52.448, 51.563, 51.106, 48.282, 46.774, 46.441, 45.516, 43.921, 43.361, 42.938, 41.395, 39.01, 36.734, 35.959, 36.086, 33.947, 30.344, 27.947, 24.566, 22.095, 21.009, 18.207, 10.961, 3.939, 0.0, 8.571, 18.454, 25.437, 29.679, 30.455, 30.12, 33.423, 36.139, 36.699, 39.429, 41.884, 42.69, 42.505, 42.02, 42.034, 42.91, 43.781, 43.781, 43.559, 43.651, 44.475, 45.941, 47.043, 47.802, 49.567, 51.684, 52.252, 52.231, 53.865, 57.773, 61.058, 62.286, 62.79, 63.246, 62.343, 61.395, 61.512, 62.188, 62.21, 63.207, 63.829, 62.94, 63.342, 64.075, 63.884, 64.026, 64.17, 64.084, 64.041, 62.981, 62.947, 63.271], [55.305, 55.199, 55.269, 55.493, 56.132, 56.122, 56.47, 56.836, 54.869, 51.313, 50.467, 49.832, 46.642, 45.032, 44.675, 43.612, 41.967, 41.494, 41.139, 39.82, 38.127, 36.535, 36.128, 36.522, 34.546, 31.566, 29.749, 25.629, 23.546, 23.109, 20.661, 14.525, 9.95, 8.571, 0.0, 11.394, 19.496, 24.187, 25.13, 25.424, 28.992, 31.547, 32.263, 35.257, 37.962, 39.037, 38.97, 38.468, 38.49, 39.212, 39.983, 39.903, 39.568, 39.622, 40.43, 41.903, 43.084, 43.845, 45.503, 47.508, 48.133, 48.376, 50.076, 53.733, 56.905, 58.142, 58.622, 59.16, 58.858, 58.735, 59.285, 60.066, 59.854, 60.521, 60.959, 59.977, 60.231, 60.867, 60.681, 60.777, 60.87, 60.766, 60.679, 59.694, 59.803, 60.165], [57.004, 56.907, 57.043, 57.206, 57.579, 57.057, 57.249, 57.374, 54.902, 51.166, 50.348, 49.436, 45.882, 44.002, 43.452, 42.261, 40.846, 40.598, 40.251, 39.294, 38.621, 37.837, 38.063, 38.937, 37.209, 34.989, 34.157, 30.298, 29.243, 29.67, 27.837, 23.086, 19.016, 18.454, 11.394, 0.0, 9.316, 15.001, 16.393, 17.889, 21.959, 24.94, 26.667, 30.476, 33.853, 35.45, 35.516, 34.993, 35.07, 35.601, 36.222, 36.012, 35.481, 35.45, 36.237, 37.719, 38.966, 39.711, 41.184, 42.921, 43.477, 43.866, 45.655, 48.991, 51.78, 52.857, 53.366, 53.811, 54.111, 55.497, 57.233, 58.434, 57.867, 57.988, 58.293, 57.27, 57.348, 57.896, 57.688, 57.677, 57.646, 57.523, 57.396, 56.516, 56.808, 57.218], [58.646, 58.531, 58.719, 58.876, 59.097, 58.335, 58.424, 58.42, 55.73, 52.055, 51.291, 50.237, 46.576, 44.492, 43.8, 42.624, 41.588, 41.563, 41.209, 40.493, 40.286, 39.812, 40.369, 41.524, 40.053, 38.3, 38.084, 34.816, 34.588, 35.543, 33.969, 29.692, 25.839, 25.437, 19.496, 9.316, 0.0, 6.474, 8.552, 11.394, 16.339, 20.747, 23.805, 28.295, 32.068, 33.924, 34.096, 33.662, 33.816, 34.344, 34.951, 34.736, 34.104, 34.014, 34.832, 36.414, 37.759, 38.452, 39.664, 40.958, 41.282, 41.712, 43.73, 46.862, 49.216, 50.099, 50.625, 50.968, 51.419, 53.752, 56.598, 58.394, 57.728, 57.434, 57.706, 56.643, 56.566, 57.171, 57.042, 57.011, 56.867, 56.69, 56.533, 55.624, 55.913, 56.313], [59.819, 59.673, 59.883, 60.056, 60.198, 59.364, 59.429, 59.361, 56.595, 53.008, 52.295, 51.135, 47.404, 45.193, 44.404, 43.292, 42.654, 42.875, 42.566, 41.966, 41.965, 41.699, 42.494, 43.812, 42.522, 41.09, 41.202, 38.225, 38.348, 39.511, 37.975, 33.772, 30.015, 29.679, 24.187, 15.001, 6.474, 0.0, 3.565, 8.374, 13.49, 19.175, 23.036, 27.435, 31.204, 33.204, 33.469, 33.159, 33.401, 33.943, 34.601, 34.427, 33.77, 33.692, 34.537, 36.134, 37.487, 38.13, 39.158, 40.105, 40.214, 40.703, 42.96, 45.912, 47.859, 48.61, 49.178, 49.487, 49.946, 52.637, 56.12, 58.403, 57.791, 57.215, 57.451, 56.315, 56.094, 56.839, 56.85, 56.845, 56.666, 56.46, 56.26, 55.292, 55.511, 55.89], [60.18, 60.023, 60.209, 60.361, 60.554, 59.861, 59.946, 59.87, 57.124, 53.619, 53.041, 51.977, 48.331, 46.11, 45.302, 44.241, 43.63, 43.838, 43.531, 42.867, 42.682, 42.277, 43.04, 44.334, 43.075, 41.779, 41.948, 38.963, 39.022, 40.191, 38.67, 34.531, 30.786, 30.455, 25.13, 16.393, 8.552, 3.565, 0.0, 6.193, 12.131, 17.926, 22.01, 26.769, 30.758, 32.858, 33.204, 32.978, 33.265, 33.789, 34.412, 34.253, 33.582, 33.513, 34.389, 36.027, 37.378, 38.028, 39.051, 39.913, 39.968, 40.405, 42.621, 45.609, 47.665, 48.478, 49.059, 49.381, 49.83, 52.516, 56.077, 58.487, 57.994, 57.42, 57.647, 56.569, 56.361, 57.093, 57.057, 56.973, 56.743, 56.529, 56.323, 55.332, 55.538, 55.901], [60.057, 59.895, 60.083, 60.257, 60.564, 60.275, 60.446, 60.36, 57.81, 54.498, 53.987, 53.162, 49.841, 47.681, 46.895, 45.96, 45.305, 45.464, 45.188, 44.446, 43.763, 42.889, 43.392, 44.58, 43.408, 42.031, 42.031, 39.188, 39.019, 39.984, 38.531, 34.389, 30.464, 30.12, 25.424, 17.889, 11.394, 8.374, 6.193, 0.0, 8.387, 15.652, 20.352, 26.051, 30.518, 32.63, 33.049, 32.998, 33.313, 33.861, 34.487, 34.354, 33.678, 33.569, 34.459, 36.158, 37.544, 38.21, 39.316, 40.283, 40.367, 40.65, 42.847, 46.248, 48.626, 49.417, 49.94, 50.295, 50.596, 53.041, 56.569, 59.027, 58.618, 58.176, 58.569, 57.55, 57.33, 58.038, 57.926, 57.78, 57.433, 57.106, 56.908, 55.991, 56.245, 56.605], [61.631, 61.448, 61.695, 61.91, 62.191, 62.01, 62.252, 62.106, 59.593, 56.363, 55.797, 55.038, 51.925, 49.897, 49.128, 48.225, 47.555, 47.737, 47.579, 46.935, 46.344, 45.663, 46.314, 47.632, 46.726, 45.56, 45.449, 42.473, 41.998, 42.742, 41.505, 37.638, 33.683, 33.423, 28.992, 21.959, 16.339, 13.49, 12.131, 8.387, 0.0, 10.449, 17.598, 24.35, 29.675, 32.356, 33.018, 33.098, 33.409, 33.749, 34.383, 34.209, 33.41, 33.213, 33.971, 35.446, 36.697, 37.325, 38.441, 39.605, 39.897, 40.203, 42.207, 45.634, 47.91, 48.406, 48.754, 49.142, 49.681, 52.593, 56.72, 59.549, 58.856, 57.785, 58.25, 57.343, 56.862, 57.383, 57.022, 56.675, 56.121, 55.625, 55.422, 54.851, 55.372, 55.822], [63.904, 63.702, 63.904, 64.039, 64.316, 64.205, 64.423, 64.256, 61.733, 58.396, 57.85, 57.274, 54.412, 52.726, 52.129, 51.213, 50.111, 49.968, 49.935, 49.239, 48.559, 47.902, 48.438, 49.689, 49.086, 48.405, 47.947, 44.265, 43.488, 44.221, 43.219, 39.95, 36.46, 36.139, 31.547, 24.94, 20.747, 19.175, 17.926, 15.652, 10.449, 0.0, 10.661, 21.137, 28.346, 32.016, 33.102, 33.244, 33.514, 33.336, 33.588, 33.313, 32.462, 32.241, 32.827, 34.072, 35.134, 35.668, 36.51, 37.783, 38.585, 38.888, 39.806, 43.16, 46.352, 46.991, 47.057, 47.646, 48.831, 52.413, 56.832, 59.69, 58.674, 56.887, 56.997, 56.554, 56.226, 56.063, 54.879, 53.981, 53.139, 52.522, 52.37, 52.336, 53.383, 53.951], [62.816, 62.606, 62.771, 62.83, 63.044, 62.946, 63.14, 62.957, 60.667, 57.537, 57.118, 56.761, 54.269, 52.876, 52.442, 51.746, 50.962, 51.078, 51.257, 50.764, 50.409, 50.034, 50.553, 51.647, 51.033, 50.264, 49.27, 44.953, 43.878, 44.381, 43.215, 40.194, 37.125, 36.699, 32.263, 26.667, 23.805, 23.036, 22.01, 20.352, 17.598, 10.661, 0.0, 13.344, 22.287, 26.849, 28.336, 28.615, 28.899, 28.487, 28.619, 28.39, 27.8, 27.92, 28.511, 29.628, 30.664, 31.22, 31.981, 33.484, 34.644, 35.064, 35.552, 39.22, 43.447, 44.504, 44.669, 45.473, 46.718, 50.036, 54.117, 56.768, 55.755, 54.162, 54.189, 53.879, 54.254, 54.273, 52.826, 51.7, 50.783, 50.165, 50.056, 50.179, 51.388, 51.968], [59.756, 59.547, 59.713, 59.712, 59.7, 59.403, 59.581, 59.289, 57.225, 54.599, 54.429, 54.191, 52.136, 51.023, 50.764, 50.36, 50.668, 51.689, 52.026, 51.838, 52.234, 52.693, 53.73, 54.922, 54.221, 53.322, 52.1, 47.484, 46.394, 46.766, 45.341, 42.483, 39.809, 39.429, 35.257, 30.476, 28.295, 27.435, 26.769, 26.051, 24.35, 21.137, 13.344, 0.0, 10.67, 17.056, 19.411, 20.243, 20.599, 20.252, 20.797, 20.998, 21.118, 22.002, 22.843, 23.938, 25.171, 25.862, 26.772, 28.592, 29.838, 30.595, 31.575, 35.079, 39.087, 40.303, 40.844, 41.794, 42.772, 45.428, 49.047, 51.646, 50.857, 49.834, 50.165, 49.55, 50.302, 51.451, 50.805, 50.011, 49.285, 48.772, 48.654, 48.686, 49.758, 50.321], [56.639, 56.485, 56.607, 56.485, 56.223, 55.78, 55.968, 55.598, 53.726, 51.546, 51.618, 51.589, 50.064, 49.278, 49.235, 49.062, 50.272, 52.013, 52.461, 52.511, 53.344, 54.288, 55.603, 56.765, 55.971, 54.933, 53.623, 48.905, 47.839, 48.259, 46.715, 44.179, 42.142, 41.884, 37.962, 33.853, 32.068, 31.204, 30.758, 30.518, 29.675, 28.346, 22.287, 10.67, 0.0, 7.994, 11.827, 13.747, 14.187, 14.181, 15.442, 16.377, 17.313, 18.714, 19.821, 21.114, 22.816, 23.756, 24.964, 26.92, 27.895, 28.985, 30.828, 34.046, 37.534, 39.039, 39.944, 40.926, 41.53, 43.308, 46.171, 48.537, 48.126, 47.893, 48.482, 47.554, 48.219, 50.033, 50.456, 50.408, 50.058, 49.651, 49.511, 49.401, 50.281, 50.798], [54.104, 54.037, 54.135, 54.001, 53.644, 53.188, 53.399, 53.03, 51.269, 49.321, 49.507, 49.594, 48.375, 47.714, 47.758, 47.727, 49.501, 51.655, 52.2, 52.396, 53.39, 54.462, 55.818, 56.926, 56.067, 54.866, 53.547, 48.937, 47.934, 48.375, 46.756, 44.485, 42.89, 42.69, 39.037, 35.45, 33.924, 33.204, 32.858, 32.63, 32.356, 32.016, 26.849, 17.056, 7.994, 0.0, 5.451, 8.878, 9.549, 10.248, 12.211, 13.64, 15.006, 16.491, 17.651, 19.105, 21.136, 22.215, 23.646, 25.575, 26.262, 27.473, 30.032, 33.38, 36.751, 38.616, 39.771, 40.69, 40.855, 41.857, 44.0, 46.094, 46.103, 46.773, 47.642, 46.573, 47.285, 49.26, 50.402, 51.245, 51.4, 51.096, 50.937, 50.652, 51.35, 51.776], [52.779, 52.777, 52.888, 52.86, 52.538, 52.011, 52.245, 51.907, 50.162, 48.269, 48.501, 48.443, 47.148, 46.434, 46.388, 46.419, 48.619, 51.029, 51.641, 51.928, 53.096, 54.246, 55.655, 56.773, 55.798, 54.458, 53.22, 48.768, 47.835, 48.202, 46.452, 44.193, 42.667, 42.505, 38.97, 35.516, 34.096, 33.469, 33.204, 33.049, 33.018, 33.102, 28.336, 19.411, 11.827, 5.451, 0.0, 4.322, 5.574, 7.178, 9.764, 11.252, 12.636, 14.156, 15.312, 16.782, 18.807, 19.902, 21.545, 23.526, 24.07, 25.244, 28.156, 31.657, 35.037, 37.195, 38.533, 39.289, 38.998, 39.467, 41.224, 43.246, 43.61, 44.856, 45.887, 44.754, 45.589, 47.695, 49.153, 50.581, 51.279, 51.221, 51.029, 50.564, 51.137, 51.502], [52.084, 52.124, 52.252, 52.301, 52.037, 51.394, 51.621, 51.316, 49.553, 47.699, 48.045, 47.877, 46.48, 45.791, 45.681, 45.7, 48.051, 50.505, 51.117, 51.451, 52.813, 54.057, 55.505, 56.618, 55.51, 54.069, 52.894, 48.483, 47.569, 47.864, 45.989, 43.682, 42.168, 42.02, 38.468, 34.993, 33.662, 33.159, 32.978, 32.998, 33.098, 33.244, 28.615, 20.243, 13.747, 8.878, 4.322, 0.0, 2.438, 5.768, 8.867, 10.197, 11.405, 12.979, 14.232, 15.796, 17.773, 18.87, 20.678, 22.725, 23.19, 24.255, 27.159, 30.673, 34.175, 36.588, 38.009, 38.619, 38.061, 38.261, 39.837, 41.833, 42.33, 43.76, 44.818, 43.69, 44.61, 46.704, 48.164, 49.747, 50.737, 50.945, 50.78, 50.132, 50.593, 50.921], [51.68, 51.728, 51.867, 51.94, 51.674, 51.001, 51.204, 50.89, 49.148, 47.352, 47.719, 47.557, 46.244, 45.662, 45.609, 45.634, 47.967, 50.417, 51.027, 51.379, 52.783, 54.071, 55.517, 56.623, 55.518, 54.063, 52.851, 48.378, 47.483, 47.801, 45.91, 43.639, 42.187, 42.034, 38.49, 35.07, 33.816, 33.401, 33.265, 33.313, 33.409, 33.514, 28.899, 20.599, 14.187, 9.549, 5.574, 2.438, 0.0, 4.586, 8.128, 9.53, 10.846, 12.583, 13.969, 15.628, 17.673, 18.758, 20.558, 22.648, 23.156, 24.241, 27.087, 30.665, 34.292, 36.72, 38.103, 38.703, 38.129, 38.264, 39.76, 41.721, 42.25, 43.763, 44.844, 43.72, 44.627, 46.669, 48.09, 49.651, 50.63, 50.868, 50.775, 50.188, 50.658, 50.983], [52.812, 52.833, 52.962, 53.026, 52.739, 52.079, 52.278, 51.906, 50.119, 48.247, 48.493, 48.313, 47.052, 46.523, 46.49, 46.528, 48.817, 51.22, 51.856, 52.195, 53.571, 54.895, 56.324, 57.456, 56.485, 55.151, 53.845, 49.207, 48.303, 48.705, 46.903, 44.638, 43.087, 42.91, 39.212, 35.601, 34.344, 33.943, 33.789, 33.861, 33.749, 33.336, 28.487, 20.252, 14.181, 10.248, 7.178, 5.768, 4.586, 0.0, 4.193, 6.07, 7.93, 10.233, 11.656, 13.127, 15.253, 16.404, 18.303, 20.769, 21.666, 22.911, 25.518, 29.2, 33.041, 35.296, 36.568, 37.251, 36.908, 37.381, 39.04, 40.963, 41.362, 42.77, 43.771, 42.749, 43.64, 45.521, 46.815, 48.325, 49.277, 49.419, 49.341, 49.206, 50.018, 50.402], [54.006, 54.013, 54.121, 54.177, 53.916, 53.281, 53.468, 53.058, 51.165, 49.161, 49.343, 49.203, 47.985, 47.471, 47.444, 47.455, 49.708, 52.051, 52.657, 52.936, 54.243, 55.514, 56.881, 58.018, 57.132, 55.911, 54.561, 49.904, 49.1, 49.603, 47.853, 45.605, 43.99, 43.781, 39.983, 36.222, 34.951, 34.601, 34.412, 34.487, 34.383, 33.588, 28.619, 20.797, 15.442, 12.211, 9.764, 8.867, 8.128, 4.193, 0.0, 2.869, 5.669, 8.462, 9.873, 11.36, 13.689, 14.855, 16.818, 19.597, 20.907, 22.15, 24.353, 28.066, 32.1, 34.194, 35.347, 36.097, 35.857, 36.555, 38.309, 40.156, 40.467, 41.877, 42.805, 41.96, 42.955, 44.705, 45.974, 47.501, 48.467, 48.587, 48.499, 48.664, 49.822, 50.265], [54.336, 54.334, 54.453, 54.546, 54.321, 53.666, 53.835, 53.419, 51.459, 49.373, 49.509, 49.331, 48.11, 47.644, 47.614, 47.572, 49.721, 52.059, 52.736, 53.025, 54.326, 55.528, 56.834, 57.968, 57.069, 55.83, 54.485, 49.861, 49.089, 49.569, 47.818, 45.588, 43.971, 43.781, 39.903, 36.012, 34.736, 34.427, 34.253, 34.354, 34.209, 33.313, 28.39, 20.998, 16.377, 13.64, 11.252, 10.197, 9.53, 6.07, 2.869, 0.0, 3.57, 7.053, 8.676, 10.362, 12.895, 14.16, 16.248, 19.17, 20.657, 21.884, 23.91, 27.63, 31.726, 33.797, 34.866, 35.564, 35.359, 36.199, 38.058, 39.936, 40.233, 41.603, 42.48, 41.703, 42.769, 44.43, 45.63, 47.141, 48.116, 48.244, 48.143, 48.355, 49.618, 50.096], [54.543, 54.528, 54.659, 54.809, 54.651, 53.989, 54.135, 53.73, 51.703, 49.55, 49.674, 49.385, 48.022, 47.506, 47.393, 47.214, 49.155, 51.443, 52.245, 52.609, 53.887, 55.02, 56.309, 57.444, 56.496, 55.288, 54.11, 49.558, 48.732, 49.185, 47.456, 45.311, 43.74, 43.559, 39.568, 35.481, 34.104, 33.77, 33.582, 33.678, 33.41, 32.462, 27.8, 21.118, 17.313, 15.006, 12.636, 11.405, 10.846, 7.93, 5.669, 3.57, 0.0, 4.126, 6.288, 8.594, 11.536, 13.005, 15.324, 18.316, 19.833, 21.039, 23.069, 26.78, 30.875, 32.944, 33.922, 34.541, 34.404, 35.527, 37.648, 39.644, 39.897, 41.17, 42.026, 41.278, 42.269, 43.796, 44.932, 46.431, 47.419, 47.553, 47.429, 47.625, 48.925, 49.407], [54.704, 54.691, 54.822, 55.016, 54.911, 54.259, 54.395, 54.002, 51.935, 49.725, 49.836, 49.452, 47.94, 47.327, 47.122, 46.812, 48.634, 50.896, 51.794, 52.281, 53.579, 54.663, 55.905, 57.018, 56.033, 54.91, 53.945, 49.504, 48.609, 49.041, 47.365, 45.355, 43.843, 43.651, 39.622, 35.45, 34.014, 33.692, 33.513, 33.569, 33.213, 32.241, 27.92, 22.002, 18.714, 16.491, 14.156, 12.979, 12.583, 10.233, 8.462, 7.053, 4.126, 0.0, 3.063, 6.692, 10.283, 12.024, 14.629, 17.661, 19.155, 20.328, 22.43, 26.117, 30.117, 32.112, 32.997, 33.581, 33.473, 34.765, 37.063, 39.117, 39.339, 40.603, 41.485, 40.76, 41.638, 43.039, 44.175, 45.696, 46.724, 46.877, 46.72, 46.858, 48.182, 48.667], [55.189, 55.188, 55.32, 55.524, 55.417, 54.744, 54.898, 54.51, 52.418, 50.159, 50.262, 49.836, 48.228, 47.538, 47.287, 46.958, 48.811, 51.116, 52.105, 52.734, 54.208, 55.432, 56.705, 57.813, 56.81, 55.722, 54.815, 50.394, 49.435, 49.79, 48.153, 46.207, 44.68, 44.475, 40.43, 36.237, 34.832, 34.537, 34.389, 34.459, 33.971, 32.827, 28.511, 22.843, 19.821, 17.651, 15.312, 14.232, 13.969, 11.656, 9.873, 8.676, 6.288, 3.063, 0.0, 4.374, 8.389, 10.404, 13.355, 16.629, 18.287, 19.522, 21.589, 25.296, 29.333, 31.291, 32.129, 32.723, 32.669, 34.069, 36.46, 38.533, 38.716, 39.947, 40.822, 40.135, 41.02, 42.359, 43.471, 45.026, 46.103, 46.269, 46.074, 46.243, 47.636, 48.134], [55.804, 55.809, 55.951, 56.16, 56.032, 55.308, 55.504, 55.113, 53.038, 50.794, 50.907, 50.514, 48.902, 48.188, 47.917, 47.622, 49.572, 51.942, 52.992, 53.711, 55.41, 56.99, 58.508, 59.647, 58.637, 57.561, 56.62, 52.131, 51.068, 51.299, 49.675, 47.743, 46.154, 45.941, 41.903, 37.719, 36.414, 36.134, 36.027, 36.158, 35.446, 34.072, 29.628, 23.938, 21.114, 19.105, 16.782, 15.796, 15.628, 13.127, 11.36, 10.362, 8.594, 6.692, 4.374, 0.0, 4.526, 7.24, 11.0, 14.872, 16.834, 18.373, 20.56, 24.369, 28.484, 30.459, 31.309, 31.925, 32.021, 33.54, 35.9, 37.915, 37.998, 39.151, 40.039, 39.381, 40.28, 41.593, 42.603, 44.18, 45.353, 45.53, 45.303, 45.638, 47.147, 47.681], [56.313, 56.321, 56.476, 56.721, 56.594, 55.833, 56.063, 55.675, 53.625, 51.439, 51.598, 51.195, 49.512, 48.736, 48.419, 48.169, 50.226, 52.625, 53.701, 54.443, 56.259, 58.062, 59.831, 61.059, 60.022, 58.965, 58.042, 53.571, 52.44, 52.577, 50.929, 48.958, 47.272, 47.043, 43.084, 38.966, 37.759, 37.487, 37.378, 37.544, 36.697, 35.134, 30.664, 25.171, 22.816, 21.136, 18.807, 17.773, 17.673, 15.253, 13.689, 12.895, 11.536, 10.283, 8.389, 4.526, 0.0, 3.838, 8.884, 13.355, 15.51, 17.165, 19.436, 23.45, 27.749, 29.867, 30.801, 31.399, 31.51, 33.045, 35.37, 37.373, 37.435, 38.534, 39.412, 38.774, 39.68, 40.946, 41.809, 43.405, 44.722, 44.98, 44.743, 45.125, 46.651, 47.185], [56.77, 56.79, 56.965, 57.227, 57.083, 56.312, 56.544, 56.162, 54.097, 51.918, 52.024, 51.536, 49.791, 48.96, 48.625, 48.466, 50.693, 53.151, 54.228, 54.962, 56.767, 58.575, 60.414, 61.732, 60.743, 59.652, 58.72, 54.364, 53.335, 53.502, 51.823, 49.784, 48.057, 47.802, 43.845, 39.711, 38.452, 38.13, 38.028, 38.21, 37.325, 35.668, 31.22, 25.862, 23.756, 22.215, 19.902, 18.87, 18.758, 16.404, 14.855, 14.16, 13.005, 12.024, 10.404, 7.24, 3.838, 0.0, 6.093, 11.451, 13.992, 15.768, 18.183, 22.389, 26.905, 29.223, 30.289, 30.951, 31.14, 32.814, 35.223, 37.255, 37.294, 38.297, 39.118, 38.478, 39.319, 40.515, 41.418, 43.134, 44.537, 44.834, 44.623, 45.077, 46.668, 47.204], [58.151, 58.17, 58.36, 58.636, 58.448, 57.657, 57.845, 57.453, 55.326, 53.065, 53.028, 52.39, 50.618, 49.824, 49.525, 49.43, 51.704, 54.156, 55.204, 55.866, 57.602, 59.411, 61.265, 62.643, 61.856, 60.922, 59.987, 55.793, 55.038, 55.345, 53.692, 51.609, 49.884, 49.567, 45.503, 41.184, 39.664, 39.158, 39.051, 39.316, 38.441, 36.51, 31.981, 26.772, 24.964, 23.646, 21.545, 20.678, 20.558, 18.303, 16.818, 16.248, 15.324, 14.629, 13.355, 11.0, 8.884, 6.093, 0.0, 6.605, 10.362, 12.63, 15.399, 19.775, 24.699, 27.313, 28.513, 29.353, 29.98, 32.278, 35.073, 37.274, 37.2, 37.839, 38.431, 37.746, 38.462, 39.485, 40.405, 42.199, 43.642, 43.948, 43.77, 44.359, 46.049, 46.584], [59.131, 59.169, 59.355, 59.628, 59.374, 58.477, 58.566, 58.141, 55.915, 53.657, 53.679, 52.905, 51.034, 50.231, 49.92, 49.864, 52.276, 54.782, 55.815, 56.465, 58.285, 60