[[0.0, 7.166, 10.596, 12.409, 14.506, 17.834, 18.551, 18.973, 21.513, 23.713, 25.207, 26.629, 27.864, 28.766, 29.4, 30.589, 31.393, 32.48, 34.146, 35.581, 37.405, 40.161, 41.777, 42.438, 42.159, 42.901, 46.486, 49.903, 51.675, 53.311, 54.201, 55.227, 57.926, 61.909, 65.522, 67.442, 69.284, 70.488, 69.844, 68.87, 67.985, 66.901, 65.991, 65.598, 65.222, 65.323, 65.683, 64.425, 63.111, 63.025, 63.195, 62.829, 62.289, 62.327, 62.418, 62.665, 62.548, 62.383, 62.491, 62.615, 63.554, 62.111, 59.384, 58.127, 57.404, 55.701, 54.023, 52.96, 52.576, 54.537, 54.738, 54.439, 55.791, 56.4, 57.229, 58.337, 59.793, 61.016, 62.117, 63.292, 62.037, 61.098, 62.968, 63.501, 62.928, 62.315], [7.166, 0.0, 4.502, 7.996, 11.749, 15.966, 16.775, 16.911, 19.093, 21.26, 22.999, 24.719, 26.09, 27.13, 27.912, 29.207, 29.996, 30.913, 32.215, 33.587, 35.839, 38.841, 40.402, 40.93, 40.579, 41.369, 45.031, 48.683, 50.887, 52.86, 53.913, 55.099, 58.079, 62.483, 66.64, 68.967, 70.999, 72.24, 71.609, 70.627, 69.722, 68.627, 67.679, 67.179, 66.665, 66.699, 67.115, 65.972, 64.763, 64.729, 64.858, 64.463, 63.931, 64.009, 64.145, 64.38, 64.257, 64.119, 64.253, 64.473, 65.53, 64.092, 61.289, 59.941, 59.137, 57.392, 55.664, 54.553, 54.195, 56.196, 56.41, 56.117, 57.455, 58.068, 58.935, 59.975, 61.346, 62.596, 63.787, 64.956, 63.725, 62.991, 64.89, 65.424, 64.869, 64.276], [10.596, 4.502, 0.0, 4.68, 9.837, 14.816, 15.789, 15.867, 17.971, 20.086, 21.744, 23.493, 24.926, 26.108, 26.972, 28.267, 29.046, 29.876, 31.047, 32.517, 35.083, 38.238, 39.77, 40.212, 39.768, 40.472, 44.078, 47.76, 50.087, 52.177, 53.286, 54.521, 57.603, 62.146, 66.518, 69.064, 71.249, 72.563, 71.947, 70.932, 69.979, 68.843, 67.844, 67.269, 66.679, 66.688, 67.118, 65.974, 64.803, 64.824, 64.945, 64.533, 63.998, 64.098, 64.25, 64.464, 64.341, 64.223, 64.399, 64.749, 65.951, 64.539, 61.688, 60.303, 59.481, 57.725, 55.994, 54.872, 54.497, 56.504, 56.746, 56.469, 57.759, 58.357, 59.275, 60.329, 61.723, 63.035, 64.271, 65.415, 64.198, 63.557, 65.453, 65.964, 65.401, 64.809], [12.409, 7.996, 4.68, 0.0, 6.328, 12.367, 13.704, 14.131, 16.859, 19.424, 21.245, 23.009, 24.359, 25.617, 26.583, 27.847, 28.653, 29.525, 30.802, 32.493, 35.294, 38.596, 40.164, 40.597, 40.033, 40.466, 43.888, 47.488, 49.763, 51.806, 52.905, 54.134, 57.216, 61.788, 66.23, 68.854, 71.106, 72.483, 71.898, 70.865, 69.856, 68.657, 67.573, 66.873, 66.163, 66.127, 66.562, 65.365, 64.162, 64.211, 64.338, 63.909, 63.358, 63.45, 63.595, 63.792, 63.666, 63.567, 63.804, 64.301, 65.685, 64.354, 61.464, 60.083, 59.281, 57.545, 55.855, 54.728, 54.261, 56.187, 56.429, 56.164, 57.418, 57.98, 58.964, 60.113, 61.59, 62.981, 64.241, 65.382, 64.182, 63.611, 65.559, 66.05, 65.468, 64.904], [14.506, 11.749, 9.837, 6.328, 0.0, 7.038, 9.412, 10.881, 14.955, 18.376, 20.84, 23.01, 24.29, 25.497, 26.683, 28.095, 29.025, 30.018, 31.443, 33.338, 36.469, 40.072, 41.75, 42.242, 41.562, 41.586, 44.634, 48.038, 50.159, 52.007, 52.978, 54.194, 57.291, 61.848, 66.264, 68.86, 71.117, 72.546, 71.986, 70.924, 69.846, 68.594, 67.479, 66.692, 65.821, 65.605, 65.93, 64.631, 63.334, 63.357, 63.495, 63.064, 62.499, 62.552, 62.642, 62.798, 62.658, 62.573, 62.852, 63.433, 65.024, 63.824, 60.872, 59.544, 58.782, 57.054, 55.357, 54.24, 53.717, 55.701, 56.053, 55.782, 57.065, 57.652, 58.713, 59.988, 61.563, 63.003, 64.259, 65.454, 64.301, 63.803, 65.85, 66.323, 65.703, 65.181], [17.834, 15.966, 14.816, 12.367, 7.038, 0.0, 4.41, 7.888, 13.079, 17.191, 20.296, 23.089, 24.567, 25.795, 27.138, 28.668, 29.683, 30.759, 32.222, 34.203, 37.597, 41.435, 43.218, 43.788, 43.047, 42.745, 45.34, 48.481, 50.495, 52.261, 53.182, 54.447, 57.628, 62.185, 66.538, 69.071, 71.303, 72.757, 72.253, 71.256, 70.207, 68.964, 67.862, 67.066, 66.167, 65.839, 66.106, 64.776, 63.399, 63.401, 63.568, 63.147, 62.584, 62.604, 62.618, 62.72, 62.553, 62.469, 62.77, 63.373, 65.094, 64.006, 60.992, 59.645, 58.839, 57.017, 55.163, 53.979, 53.361, 55.406, 55.93, 55.667, 56.965, 57.583, 58.68, 60.028, 61.677, 63.126, 64.362, 65.585, 64.362, 63.88, 66.015, 66.458, 65.772, 65.264], [18.551, 16.775, 15.789, 13.704, 9.412, 4.41, 0.0, 4.848, 11.093, 15.569, 18.773, 21.652, 23.285, 24.634, 25.995, 27.518, 28.451, 29.39, 30.689, 32.644, 36.155, 40.09, 41.946, 42.591, 41.907, 41.708, 44.351, 47.445, 49.417, 51.226, 52.224, 53.548, 56.78, 61.365, 65.703, 68.221, 70.434, 71.868, 71.378, 70.486, 69.604, 68.474, 67.402, 66.652, 65.939, 65.826, 66.236, 64.935, 63.482, 63.429, 63.59, 63.162, 62.598, 62.617, 62.631, 62.737, 62.563, 62.471, 62.753, 63.286, 64.912, 63.796, 60.816, 59.442, 58.605, 56.717, 54.775, 53.53, 52.821, 54.753, 55.29, 55.019, 56.279, 56.91, 57.989, 59.299, 60.92, 62.346, 63.574, 64.779, 63.468, 62.995, 65.199, 65.653, 64.945, 64.414], [18.973, 16.911, 15.867, 14.131, 10.881, 7.888, 4.848, 0.0, 7.115, 12.126, 15.553, 18.554, 20.412, 21.951, 23.29, 24.896, 25.915, 26.853, 28.109, 30.108, 33.803, 37.891, 39.792, 40.462, 39.848, 39.86, 42.776, 46.033, 48.062, 49.926, 51.006, 52.441, 55.807, 60.473, 64.844, 67.399, 69.642, 71.06, 70.558, 69.705, 68.938, 67.933, 66.943, 66.271, 65.737, 65.857, 66.397, 65.122, 63.631, 63.525, 63.636, 63.174, 62.608, 62.648, 62.667, 62.779, 62.611, 62.525, 62.81, 63.377, 64.947, 63.708, 60.772, 59.444, 58.603, 56.611, 54.556, 53.243, 52.508, 54.395, 54.87, 54.589, 55.819, 56.425, 57.488, 58.756, 60.349, 61.786, 63.075, 64.278, 63.0, 62.65, 64.814, 65.245, 64.537, 63.963], [21.513, 19.093, 17.971, 16.859, 14.955, 13.079, 11.093, 7.115, 0.0, 5.912, 10.536, 14.43, 16.799, 18.591, 19.874, 21.613, 22.901, 24.175, 25.673, 27.915, 31.962, 36.264, 38.193, 38.848, 38.236, 38.302, 41.247, 44.602, 46.859, 48.969, 50.202, 51.853, 55.521, 60.384, 64.856, 67.507, 69.855, 71.278, 70.777, 69.951, 69.221, 68.26, 67.332, 66.73, 66.292, 66.499, 67.124, 66.002, 64.644, 64.577, 64.643, 64.127, 63.551, 63.618, 63.634, 63.739, 63.571, 63.492, 63.791, 64.47, 66.079, 64.703, 61.725, 60.335, 59.401, 57.215, 54.947, 53.479, 52.68, 54.578, 55.011, 54.743, 55.958, 56.55, 57.627, 58.881, 60.5, 61.985, 63.405, 64.636, 63.403, 63.167, 65.151, 65.498, 64.781, 64.167], [23.713, 21.26, 20.086, 19.424, 18.376, 17.191, 15.569, 12.126, 5.912, 0.0, 5.956, 11.129, 14.103, 16.027, 17.412, 19.44, 20.817, 22.185, 23.797, 26.247, 30.637, 35.181, 37.151, 37.8, 37.237, 37.4, 40.282, 43.559, 45.924, 48.241, 49.582, 51.375, 55.216, 60.15, 64.636, 67.328, 69.753, 71.185, 70.652, 69.8, 69.065, 68.103, 67.23, 66.808, 66.594, 66.89, 67.515, 66.499, 65.287, 65.275, 65.34, 64.815, 64.225, 64.299, 64.313, 64.413, 64.246, 64.157, 64.392, 65.013, 66.545, 65.027, 62.012, 60.523, 59.506, 57.219, 54.868, 53.345, 52.571, 54.563, 55.032, 54.79, 55.929, 56.572, 57.69, 58.896, 60.486, 61.954, 63.401, 64.619, 63.404, 63.135, 64.945, 65.238, 64.512, 63.859], [25.207, 22.999, 21.744, 21.245, 20.84, 20.296, 18.773, 15.553, 10.536, 5.956, 0.0, 6.345, 10.515, 12.893, 14.408, 16.784, 18.122, 19.295, 20.952, 23.7, 28.283, 32.898, 34.866, 35.48, 34.93, 35.246, 38.288, 41.658, 44.09, 46.502, 47.929, 49.803, 53.693, 58.6, 63.049, 65.754, 68.216, 69.65, 69.105, 68.283, 67.63, 66.725, 65.881, 65.65, 65.921, 66.653, 67.428, 66.514, 65.384, 65.401, 65.482, 64.961, 64.363, 64.461, 64.491, 64.593, 64.437, 64.342, 64.536, 65.118, 66.488, 64.737, 61.77, 60.276, 59.234, 56.852, 54.445, 52.878, 52.098, 54.018, 54.366, 54.159, 55.062, 55.595, 56.704, 57.825, 59.354, 60.789, 62.236, 63.392, 62.129, 61.771, 63.442, 63.681, 62.941, 62.262], [26.629, 24.719, 23.493, 23.009, 23.01, 23.089, 21.652, 18.554, 14.43, 11.129, 6.345, 0.0, 5.442, 8.87, 10.969, 13.882, 15.132, 16.05, 17.942, 20.96, 25.525, 30.134, 32.017, 32.552, 32.009, 32.555, 36.013, 39.647, 42.082, 44.446, 45.926, 47.815, 51.648, 56.545, 61.054, 63.833, 66.327, 67.748, 67.201, 66.426, 65.873, 65.046, 64.195, 63.977, 64.576, 65.879, 66.949, 66.189, 65.139, 65.154, 65.234, 64.715, 64.113, 64.227, 64.302, 64.423, 64.278, 64.178, 64.351, 64.912, 66.161, 64.244, 61.351, 59.891, 58.843, 56.423, 54.051, 52.479, 51.658, 53.38, 53.492, 53.308, 54.017, 54.37, 55.436, 56.447, 57.877, 59.294, 60.772, 61.924, 60.753, 60.406, 61.979, 62.174, 61.461, 60.797], [27.864, 26.09, 24.926, 24.359, 24.29, 24.567, 23.285, 20.412, 16.799, 14.103, 10.515, 5.442, 0.0, 4.647, 8.795, 12.826, 14.121, 14.953, 17.041, 20.146, 24.708, 29.37, 31.158, 31.586, 30.989, 31.577, 35.183, 38.868, 41.173, 43.343, 44.787, 46.705, 50.519, 55.468, 60.111, 62.984, 65.521, 66.935, 66.377, 65.611, 65.067, 64.262, 63.408, 63.12, 63.671, 65.198, 66.57, 66.025, 65.05, 65.041, 65.109, 64.585, 63.98, 64.09, 64.202, 64.331, 64.18, 64.083, 64.248, 64.784, 66.025, 64.102, 61.243, 59.848, 58.814, 56.424, 54.099, 52.543, 51.726, 53.41, 53.448, 53.27, 53.961, 54.275, 55.335, 56.269, 57.596, 58.999, 60.51, 61.719, 60.665, 60.363, 61.908, 62.083, 61.423, 60.825], [28.766, 27.13, 26.108, 25.617, 25.497, 25.795, 24.634, 21.951, 18.591, 16.027, 12.893, 8.87, 4.647, 0.0, 6.288, 11.738, 13.384, 14.351, 16.653, 19.834, 24.319, 28.979, 30.746, 31.122, 30.47, 31.005, 34.593, 38.232, 40.465, 42.602, 44.072, 46.066, 49.92, 54.893, 59.573, 62.454, 65.001, 66.4, 65.827, 65.058, 64.507, 63.705, 62.89, 62.632, 63.166, 64.705, 66.244, 65.992, 65.221, 65.269, 65.353, 64.835, 64.226, 64.328, 64.435, 64.565, 64.41, 64.322, 64.491, 65.005, 66.195, 64.245, 61.405, 60.002, 58.95, 56.516, 54.167, 52.593, 51.835, 53.581, 53.636, 53.48, 54.19, 54.522, 55.588, 56.496, 57.769, 59.143, 60.65, 61.885, 60.867, 60.547, 62.046, 62.203, 61.556, 60.983], [29.4, 27.912, 26.972, 26.583, 26.683, 27.138, 25.995, 23.29, 19.874, 17.412, 14.408, 10.969, 8.795, 6.288, 0.0, 6.38, 9.145, 11.271, 14.721, 18.672, 23.027, 27.336, 29.021, 29.376, 28.634, 28.967, 32.528, 36.273, 38.614, 40.985, 42.662, 44.71, 48.591, 53.59, 58.292, 61.216, 63.799, 65.214, 64.655, 63.857, 63.219, 62.314, 61.469, 61.217, 61.775, 63.337, 64.917, 64.878, 64.515, 64.91, 65.099, 64.585, 63.962, 64.086, 64.178, 64.312, 64.184, 64.121, 64.342, 65.011, 66.278, 64.331, 61.481, 59.937, 58.833, 56.335, 53.984, 52.393, 51.614, 53.185, 53.149, 53.058, 53.742, 54.017, 55.169, 56.266, 57.713, 59.15, 60.656, 61.832, 60.743, 60.329, 61.776, 61.903, 61.203, 60.563], [30.589, 29.207, 28.267, 27.847, 28.095, 28.668, 27.518, 24.896, 21.613, 19.44, 16.784, 13.882, 12.826, 11.738, 6.38, 0.0, 4.385, 8.508, 13.445, 18.325, 22.732, 26.668, 28.221, 28.525, 27.659, 27.68, 30.996, 34.723, 37.132, 39.686, 41.551, 43.61, 47.503, 52.548, 57.303, 60.311, 62.953, 64.406, 63.877, 63.046, 62.296, 61.223, 60.24, 59.879, 60.386, 61.998, 63.629, 63.668, 63.63, 64.412, 64.745, 64.236, 63.593, 63.743, 63.841, 63.973, 63.866, 63.823, 64.088, 64.944, 66.411, 64.573, 61.691, 60.026, 58.889, 56.413, 54.103, 52.512, 51.67, 53.01, 52.889, 52.872, 53.503, 53.715, 54.999, 56.343, 57.999, 59.523, 61.037, 62.144, 60.934, 60.351, 61.734, 61.83, 61.08, 60.385], [31.393, 29.996, 29.046, 28.653, 29.025, 29.683, 28.451, 25.915, 22.901, 20.817, 18.122, 15.132, 14.121, 13.384, 9.145, 4.385, 0.0, 5.18, 11.256, 16.853, 21.569, 25.63, 27.219, 27.53, 26.743, 26.997, 30.453, 34.169, 36.597, 39.19, 41.097, 43.166, 47.09, 52.202, 57.016, 60.068, 62.725, 64.177, 63.644, 62.821, 62.086, 60.979, 59.909, 59.488, 60.041, 61.781, 63.5, 63.595, 63.624, 64.477, 64.867, 64.386, 63.731, 63.887, 64.027, 64.175, 64.068, 64.014, 64.239, 65.029, 66.476, 64.659, 61.771, 60.084, 58.968, 56.56, 54.322, 52.753, 51.873, 53.136, 53.007, 53.01, 53.586, 53.813, 55.139, 56.482, 58.106, 59.605, 61.117, 62.215, 60.936, 60.154, 61.428, 61.529, 60.786, 60.088], [32.48, 30.913, 29.876, 29.525, 30.018, 30.759, 29.39, 26.853, 24.175, 22.185, 19.295, 16.05, 14.953, 14.351, 11.271, 8.508, 5.18, 0.0, 6.901, 13.334, 18.717, 23.272, 25.001, 25.426, 25.009, 26.021, 30.081, 33.98, 36.465, 39.008, 40.869, 42.944, 46.898, 52.078, 56.951, 60.042, 62.706, 64.136, 63.574, 62.763, 62.105, 61.075, 60.009, 59.591, 60.278, 62.215, 64.033, 64.151, 64.117, 64.89, 65.263, 64.819, 64.168, 64.318, 64.51, 64.68, 64.566, 64.496, 64.626, 65.193, 66.451, 64.567, 61.705, 60.031, 58.965, 56.616, 54.468, 52.936, 52.036, 53.292, 53.173, 53.144, 53.681, 53.965, 55.266, 56.444, 57.862, 59.247, 60.74, 61.855, 60.572, 59.704, 60.894, 61.027, 60.343, 59.665], [34.146, 32.215, 31.047, 30.802, 31.443, 32.222, 30.689, 28.109, 25.673, 23.797, 20.952, 17.942, 17.041, 16.653, 14.721, 13.445, 11.256, 6.901, 0.0, 7.607, 14.854, 20.564, 22.614, 23.209, 23.285, 25.255, 29.926, 34.015, 36.66, 39.217, 41.041, 43.153, 47.201, 52.463, 57.389, 60.521, 63.197, 64.607, 64.019, 63.213, 62.623, 61.698, 60.699, 60.334, 61.132, 63.167, 65.048, 65.129, 64.937, 65.584, 65.902, 65.472, 64.833, 64.968, 65.195, 65.374, 65.242, 65.156, 65.192, 65.539, 66.623, 64.695, 61.873, 60.225, 59.191, 56.876, 54.783, 53.276, 52.435, 53.799, 53.776, 53.691, 54.257, 54.683, 55.946, 56.944, 58.111, 59.329, 60.802, 61.957, 60.682, 59.901, 61.105, 61.296, 60.724, 60.089], [35.581, 33.587, 32.517, 32.493, 33.338, 34.203, 32.644, 30.108, 27.915, 26.247, 23.7, 20.96, 20.146, 19.834, 18.672, 18.325, 16.853, 13.334, 7.607, 0.0, 9.284, 16.695, 19.33, 20.27, 21.098, 24.452, 30.18, 34.738, 37.586, 40.206, 42.034, 44.092, 48.005, 53.089, 57.835, 60.866, 63.48, 64.834, 64.242, 63.517, 63.059, 62.287, 61.429, 61.209, 62.141, 64.239, 66.108, 66.039, 65.617, 66.066, 66.301, 65.885, 65.245, 65.366, 65.635, 65.833, 65.685, 65.57, 65.526, 65.704, 66.63, 64.666, 61.947, 60.349, 59.314, 56.993, 54.927, 53.426, 52.593, 54.008, 54.012, 53.871, 54.456, 54.906, 56.031, 56.861, 57.832, 58.895, 60.333, 61.526, 60.335, 59.775, 61.085, 61.355, 60.899, 60.28], [37.405, 35.839, 35.083, 35.294, 36.469, 37.597, 36.155, 33.803, 31.962, 30.637, 28.283, 25.525, 24.708, 24.319, 23.027, 22.732, 21.569, 18.717, 14.854, 9.284, 0.0, 8.678, 12.295, 14.125, 16.522, 22.296, 29.872, 35.265, 38.223, 40.743, 42.576, 44.421, 47.869, 52.574, 56.992, 59.826, 62.283, 63.5, 62.958, 62.509, 62.345, 61.784, 61.068, 61.023, 62.238, 64.624, 66.616, 66.476, 65.929, 66.235, 66.409, 66.046, 65.444, 65.609, 66.017, 66.305, 66.169, 66.037, 65.968, 66.102, 66.866, 64.837, 62.369, 60.983, 60.089, 57.876, 55.981, 54.545, 53.49, 54.408, 54.045, 53.859, 54.299, 54.443, 55.296, 55.982, 56.857, 57.842, 59.238, 60.372, 59.229, 58.828, 60.269, 60.656, 60.291, 59.637], [40.161, 38.841, 38.238, 38.596, 40.072, 41.435, 40.09, 37.891, 36.264, 35.181, 32.898, 30.134, 29.37, 28.979, 27.336, 26.668, 25.63, 23.272, 20.564, 16.695, 8.678, 0.0, 4.78, 8.054, 12.569, 20.597, 29.447, 35.393, 38.327, 40.63, 42.448, 44.081, 47.126, 51.612, 55.927, 58.711, 61.056, 62.159, 61.698, 61.522, 61.633, 61.228, 60.525, 60.471, 61.878, 64.603, 66.853, 66.854, 66.397, 66.742, 66.902, 66.569, 66.043, 66.298, 66.808, 67.185, 67.092, 66.981, 66.94, 67.124, 67.853, 65.836, 63.604, 62.465, 61.755, 59.706, 57.972, 56.59, 55.317, 55.672, 54.924, 54.738, 54.989, 54.799, 55.452, 56.052, 56.918, 57.931, 59.355, 60.387, 59.224, 58.978, 60.526, 60.969, 60.644, 59.969], [41.777, 40.402, 39.77, 40.164, 41.75, 43.218, 41.946, 39.792, 38.193, 37.151, 34.866, 32.017, 31.158, 30.746, 29.021, 28.221, 27.219, 25.001, 22.614, 19.33, 12.295, 4.78, 0.0, 4.27, 10.385, 19.512, 28.858, 35.037, 37.951, 40.164, 41.991, 43.547, 46.467, 50.976, 55.418, 58.291, 60.635, 61.715, 61.281, 61.171, 61.361, 60.997, 60.258, 60.116, 61.54, 64.436, 66.821, 66.957, 66.651, 67.094, 67.27, 66.94, 66.456, 66.768, 67.281, 67.67, 67.613, 67.529, 67.507, 67.715, 68.477, 66.495, 64.33, 63.255, 62.579, 60.589, 58.907, 57.532, 56.238, 56.473, 55.616, 55.459, 55.632, 55.316, 55.919, 56.457, 57.3, 58.358, 59.829, 60.822, 59.726, 59.637, 61.199, 61.623, 61.32, 60.647], [42.438, 40.93, 40.212, 40.597, 42.242, 43.788, 42.591, 40.462, 38.848, 37.8, 35.48, 32.552, 31.586, 31.122, 29.376, 28.525, 27.53, 25.426, 23.209, 20.27, 14.125, 8.054, 4.27, 0.0, 7.252, 17.452, 27.358, 33.794, 36.801, 39.163, 41.143, 42.73, 45.676, 50.336, 55.004, 58.008, 60.375, 61.473, 61.063, 60.934, 61.095, 60.705, 59.917, 59.69, 61.06, 64.018, 66.498, 66.748, 66.549, 67.061, 67.264, 66.929, 66.456, 66.793, 67.292, 67.662, 67.614, 67.567, 67.611, 67.909, 68.743, 66.779, 64.587, 63.475, 62.749, 60.771, 59.087, 57.717, 56.473, 56.731, 55.888, 55.768, 55.895, 55.546, 56.192, 56.713, 57.546, 58.655, 60.168, 61.147, 60.079, 60.063, 61.612, 61.997, 61.69, 61.016], [42.159, 40.579, 39.768, 40.033, 41.562, 43.047, 41.907, 39.848, 38.236, 37.237, 34.93, 32.009, 30.989, 30.47, 28.634, 27.659, 26.743, 25.009, 23.285, 21.098, 16.522, 12.569, 10.385, 7.252, 0.0, 11.293, 22.44, 29.704, 33.255, 36.141, 38.5, 40.265, 43.442, 48.422, 53.422, 56.639, 59.111, 60.302, 59.953, 59.757, 59.772, 59.239, 58.32, 57.923, 59.108, 62.006, 64.566, 64.933, 64.854, 65.482, 65.738, 65.383, 64.91, 65.264, 65.731, 66.068, 66.01, 66.024, 66.276, 66.972, 68.149, 66.247, 63.9, 62.653, 61.802, 59.802, 58.081, 56.701, 55.496, 55.794, 55.061, 55.031, 55.101, 54.766, 55.592, 56.214, 57.135, 58.376, 59.982, 60.966, 59.86, 59.948, 61.598, 61.919, 61.549, 60.884], [42.901, 41.369, 40.472, 40.466, 41.586, 42.745, 41.708, 39.86, 38.302, 37.4, 35.246, 32.555, 31.577, 31.005, 28.967, 27.68, 26.997, 26.021, 25.255, 24.452, 22.296, 20.597, 19.512, 17.452, 11.293, 0.0, 12.573, 21.447, 26.287, 30.179, 33.186, 35.359, 39.021, 44.39, 49.71, 53.211, 55.927, 57.309, 57.055, 56.752, 56.49, 55.632, 54.42, 53.722, 54.682, 57.499, 60.19, 60.784, 60.994, 61.911, 62.274, 61.886, 61.417, 61.789, 62.17, 62.44, 62.354, 62.422, 63.009, 64.632, 66.661, 64.97, 62.419, 60.954, 59.915, 57.825, 56.031, 54.598, 53.469, 53.821, 53.264, 53.415, 53.377, 53.075, 54.247, 55.17, 56.346, 57.82, 59.535, 60.518, 59.347, 59.485, 61.272, 61.515, 61.043, 60.41], [46.486, 45.031, 44.078, 43.888, 44.634, 45.34, 44.351, 42.776, 41.247, 40.282, 38.288, 36.013, 35.183, 34.593, 32.528, 30.996, 30.453, 30.081, 29.926, 30.18, 29.872, 29.447, 28.858, 27.358, 22.44, 12.573, 0.0, 10.32, 17.306, 23.084, 27.154, 29.945, 34.257, 39.974, 45.543, 49.339, 52.354, 53.934, 53.783, 53.433, 52.964, 51.753, 50.164, 49.209, 50.19, 53.096, 56.161, 57.347, 58.066, 59.385, 59.914, 59.502, 59.044, 59.401, 59.627, 59.815, 59.69, 59.753, 60.501, 62.91, 65.82, 64.518, 61.942, 60.318, 59.147, 57.027, 55.213, 53.708, 52.724, 53.159, 52.855, 53.214, 53.039, 52.863, 54.355, 55.627, 57.083, 58.686, 60.384, 61.375, 60.1, 59.978, 61.738, 61.96, 61.436, 60.842], [49.903, 48.683, 47.76, 47.488, 48.038, 48.481, 47.445, 46.033, 44.602, 43.559, 41.658, 39.647, 38.868, 38.232, 36.273, 34.723, 34.169, 33.98, 34.015, 34.738, 35.265, 35.393, 35.037, 33.794, 29.704, 21.447, 10.32, 0.0, 8.937, 16.812, 21.946, 25.22, 29.966, 35.863, 41.558, 45.545, 48.755, 50.434, 50.325, 49.978, 49.493, 48.171, 46.443, 45.543, 46.87, 50.114, 53.655, 55.401, 56.465, 58.041, 58.761, 58.366, 57.905, 58.208, 58.289, 58.425, 58.269, 58.285, 58.953, 61.434, 64.604, 63.67, 61.338, 59.77, 58.632, 56.608, 54.916, 53.444, 52.616, 53.094, 53.045, 53.559, 53.293, 53.335, 54.977, 56.393, 57.955, 59.522, 61.051, 61.979, 60.634, 60.196, 61.864, 62.114, 61.598, 61.038], [51.675, 50.887, 50.087, 49.763, 50.159, 50.495, 49.417, 48.062, 46.859, 45.924, 44.09, 42.082, 41.173, 40.465, 38.614, 37.132, 36.597, 36.465, 36.66, 37.586, 38.223, 38.327, 37.951, 36.801, 33.255, 26.287, 17.306, 8.937, 0.0, 9.157, 15.275, 18.834, 23.69, 29.68, 35.573, 39.747, 43.035, 44.738, 44.617, 44.282, 43.967, 42.895, 41.416, 40.867, 42.871, 46.86, 50.932, 52.883, 53.869, 55.45, 56.296, 55.934, 55.501, 55.796, 55.79, 55.901, 55.745, 55.729, 56.309, 58.588, 61.542, 60.814, 59.0, 57.922, 57.061, 55.179, 53.621, 52.263, 51.486, 51.826, 51.889, 52.462, 52.132, 52.32, 53.943, 55.309, 56.843, 58.345, 59.65, 60.45, 59.113, 58.617, 60.378, 60.671, 60.169, 59.636], [53.311, 52.86, 52.177, 51.806, 52.007, 52.261, 51.226, 49.926, 48.969, 48.241, 46.502, 44.446, 43.343, 42.602, 40.985, 39.686, 39.19, 39.008, 39.217, 40.206, 40.743, 40.63, 40.164, 39.163, 36.141, 30.179, 23.084, 16.812, 9.157, 0.0, 6.926, 11.303, 16.954, 23.499, 29.914, 34.413, 37.839, 39.572, 39.448, 39.144, 38.999, 38.335, 37.284, 37.008, 39.598, 44.372, 48.975, 50.968, 51.615, 53.032, 53.929, 53.587, 53.224, 53.585, 53.559, 53.648, 53.495, 53.467, 54.0, 56.133, 58.815, 58.094, 56.818, 56.631, 56.337, 54.676, 53.233, 52.001, 51.234, 51.399, 51.427, 51.946, 51.571, 51.808, 53.339, 54.551, 55.952, 57.385, 58.539, 59.258, 57.926, 57.474, 59.435, 59.783, 59.306, 58.849], [54.201, 53.913, 53.286, 52.905, 52.978, 53.182, 52.224, 51.006, 50.202, 49.582, 47.929, 45.926, 44.787, 44.072, 42.662, 41.551, 41.097, 40.869, 41.041, 42.034, 42.576, 42.448, 41.991, 41.143, 38.5, 33.186, 27.154, 21.946, 15.275, 6.926, 0.0, 5.78, 12.989, 20.272, 27.143, 31.87, 35.453, 37.246, 37.075, 36.699, 36.516, 36.084, 35.387, 35.247, 37.96, 42.902, 47.616, 49.543, 49.93, 51.213, 52.132, 51.813, 51.517, 51.94, 51.897, 51.964, 51.81, 51.768, 52.269, 54.33, 56.901, 56.138, 55.111, 55.604, 55.889, 54.563, 53.301, 52.197, 51.484, 51.65, 51.673, 52.106, 51.765, 52.073, 53.544, 54.646, 55.935, 57.302, 58.38, 59.095, 57.777, 57.358, 59.43, 59.821, 59.359, 58.949], [55.227, 55.099, 54.521, 54.134, 54.194, 54.447, 53.548, 52.441, 51.853, 51.375, 49.803, 47.815, 46.705, 46.066, 44.71, 43.61, 43.166, 42.944, 43.153, 44.092, 44.421, 44.081, 43.547, 42.73, 40.265, 35.359, 29.945, 25.22, 18.834, 11.303, 5.78, 0.0, 8.118, 16.316, 23.862, 28.91, 32.565, 34.414, 34.246, 33.808, 33.593, 33.315, 32.931, 33.022, 35.897, 41.008, 45.737, 47.607, 47.962, 49.25, 50.218, 49.954, 49.739, 50.239, 50.221, 50.313, 50.19, 50.153, 50.646, 52.671, 55.214, 54.56, 53.735, 54.553, 55.26, 54.494, 53.725, 52.838, 52.121, 52.145, 52.103, 52.503, 52.152, 52.432, 53.829, 54.883, 56.107, 57.404, 58.39, 59.053, 57.799, 57.483, 59.661, 60.099, 59.664, 59.253], [57.926, 58.079, 57.603, 57.216, 57.291, 57.628, 56.78, 55.807, 55.521, 55.216, 53.693, 51.648, 50.519, 49.92, 48.591, 47.503, 47.09, 46.898, 47.201, 48.005, 47.869, 47.126, 46.467, 45.676, 43.442, 39.021, 34.257, 29.966, 23.69, 16.954, 12.989, 8.118, 0.0, 9.149, 17.772, 23.42, 27.096, 28.943, 28.896, 28.535, 28.478, 28.638, 28.951, 29.844, 33.537, 39.237, 44.127, 45.981, 46.332, 47.604, 48.625, 48.443, 48.294, 48.857, 48.875, 48.999, 48.941, 48.914, 49.378, 51.298, 53.683, 53.242, 52.846, 53.952, 54.933, 54.723, 54.64, 54.091, 53.391, 53.096, 52.916, 53.341, 52.859, 53.006, 54.262, 55.243, 56.364, 57.525, 58.285, 58.798, 57.665, 57.472, 59.761, 60.255, 59.901, 59.492], [61.909, 62.483, 62.146, 61.788, 61.848, 62.185, 61.365, 60.473, 60.384, 60.15, 58.6, 56.545, 55.468, 54.893, 53.59, 52.548, 52.202, 52.078, 52.463, 53.089, 52.574, 51.612, 50.976, 50.336, 48.422, 44.39, 39.974, 35.863, 29.68, 23.499, 20.272, 16.316, 9.149, 0.0, 9.524, 16.026, 20.006, 21.954, 22.031, 21.857, 22.258, 23.222, 24.606, 26.919, 32.166, 38.636, 43.664, 45.406, 45.59, 46.768, 47.82, 47.692, 47.565, 48.116, 48.066, 48.163, 48.158, 48.117, 48.54, 50.425, 52.61, 52.348, 52.514, 53.945, 55.09, 55.116, 55.419, 55.137, 54.537, 53.984, 53.729, 54.197, 53.539, 53.599, 54.7, 55.637, 56.711, 57.719, 58.189, 58.512, 57.409, 57.144, 59.415, 59.94, 59.667, 59.26], [65.522, 66.64, 66.518, 66.23, 66.264, 66.538, 65.703, 64.844, 64.856, 64.636, 63.049, 61.054, 60.111, 59.573, 58.292, 57.303, 57.016, 56.951, 57.389, 57.835, 56.992, 55.927, 55.418, 55.004, 53.422, 49.71, 45.543, 41.558, 35.573, 29.914, 27.143, 23.862, 17.772, 9.524, 0.0, 7.279, 12.126, 14.462, 14.675, 15.018, 16.478, 18.673, 21.416, 25.493, 32.44, 39.472, 44.313, 45.696, 45.56, 46.542, 47.583, 47.493, 47.392, 47.892, 47.738, 47.829, 47.849, 47.774, 48.132, 49.955, 51.835, 51.601, 52.31, 54.045, 55.333, 55.465, 55.958, 55.835, 55.374, 54.711, 54.412, 54.895, 54.104, 54.129, 55.053, 55.93, 56.966, 57.811, 58.021, 58.162, 57.031, 56.67, 58.922, 59.494, 59.291, 58.9], [67.442, 68.967, 69.064, 68.854, 68.86, 69.071, 68.221, 67.399, 67.507, 67.328, 65.754, 63.833, 62.984, 62.454, 61.216, 60.311, 60.068, 60.042, 60.521, 60.866, 59.826, 58.711, 58.291, 58.008, 56.639, 53.211, 49.339, 45.545, 39.747, 34.413, 31.87, 28.91, 23.42, 16.026, 7.279, 0.0, 5.817, 8.824, 9.256, 10.492, 13.426, 16.821, 20.572, 25.737, 33.562, 40.807, 45.436, 46.524, 46.086, 46.843, 47.868, 47.829, 47.756, 48.186, 47.963, 48.085, 48.12, 48.011, 48.264, 49.836, 51.303, 50.995, 52.048, 53.991, 55.393, 55.605, 56.212, 56.194, 55.882, 55.269, 54.977, 55.453, 54.628, 54.658, 55.439, 56.244, 57.217, 57.925, 57.939, 57.954, 56.818, 56.438, 58.741, 59.376, 59.206, 58.821], [69.284, 70.999, 71.249, 71.106, 71.117, 71.303, 70.434, 69.642, 69.855, 69.753, 68.216, 66.327, 65.521, 65.001, 63.799, 62.953, 62.725, 62.706, 63.197, 63.48, 62.283, 61.056, 60.635, 60.375, 59.111, 55.927, 52.354, 48.755, 43.035, 37.839, 35.453, 32.565, 27.096, 20.006, 12.126, 5.817, 0.0, 3.853, 5.519, 8.667, 13.157, 17.447, 21.711, 27.309, 35.44, 42.762, 47.296, 48.264, 47.668, 48.25, 49.25, 49.265, 49.231, 49.622, 49.377, 49.529, 49.58, 49.458, 49.661, 50.961, 52.046, 51.757, 53.047, 55.094, 56.546, 56.844, 57.557, 57.621, 57.324, 56.603, 56.294, 56.815, 55.968, 55.946, 56.602, 57.321, 58.204, 58.783, 58.611, 58.495, 57.4, 57.107, 59.474, 60.139, 59.996, 59.601], [70.488, 72.24, 72.563, 72.483, 72.546, 72.757, 71.868, 71.06, 71.278, 71.185, 69.65, 67.748, 66.935, 66.4, 65.214, 64.406, 64.177, 64.136, 64.607, 64.834, 63.5, 62.159, 61.715, 61.473, 60.302, 57.309, 53.934, 50.434, 44.738, 39.572, 37.246, 34.414, 28.943, 21.954, 14.462, 8.824, 3.853, 0.0, 3.724, 8.974, 14.288, 18.944, 23.342, 28.983, 37.13, 44.469, 49.049, 50.108, 49.533, 50.041, 51.003, 51.036, 51.034, 51.427, 51.194, 51.363, 51.422, 51.285, 51.439, 52.53, 53.329, 53.001, 54.399, 56.504, 57.98, 58.288, 58.991, 59.057, 58.734, 57.875, 57.448, 58.008, 57.161, 57.047, 57.588, 58.206, 58.979, 59.452, 59.185, 58.989, 57.91, 57.662, 60.015, 60.682, 60.572, 60.189], [69.844, 71.609, 71.947, 71.898, 71.986, 72.253, 71.378, 70.558, 70.777, 70.652, 69.105, 67.201, 66.377, 65.827, 64.655, 63.877, 63.644, 63.574, 64.019, 64.242, 62.958, 61.698, 61.281, 61.063, 59.953, 57.055, 53.783, 50.325, 44.617, 39.448, 37.075, 34.246, 28.896, 22.031, 14.675, 9.256, 5.519, 3.724, 0.0, 6.321, 12.502, 17.601, 22.287, 28.124, 36.317, 43.606, 48.088, 49.11, 48.539, 49.037, 49.994, 50.05, 50.065, 50.464, 50.256, 50.442, 50.511, 50.359, 50.411, 51.308, 51.956, 51.58, 53.028, 55.249, 56.858, 57.267, 58.032, 58.145, 57.938, 57.218, 56.79, 57.309, 56.551, 56.537, 57.08, 57.677, 58.436, 58.894, 58.616, 58.462, 57.391, 57.043, 59.346, 60.034, 59.938, 59.549], [68.87, 70.627, 70.932, 70.865, 70.924, 71.256, 70.486, 69.705, 69.951, 69.8, 68.283, 66.426, 65.611, 65.058, 63.857, 63.046, 62.821, 62.763, 63.213, 63.517, 62.509, 61.522, 61.171, 60.934, 59.757, 56.752, 53.433, 49.978, 44.282, 39.144, 36.699, 33.808, 28.535, 21.857, 15.018, 10.492, 8.667, 8.974, 6.321, 0.0, 7.023, 13.046, 18.773, 25.285, 33.533, 40.617, 44.825, 45.788, 45.385, 46.077, 47.142, 47.225, 47.205, 47.586, 47.392, 47.565, 47.639, 47.494, 47.469, 48.339, 49.107, 48.834, 50.288, 52.591, 54.323, 54.919, 55.953, 56.227, 56.232, 55.833, 55.641, 56.162, 55.563, 55.891, 56.677, 57.415, 58.271, 58.791, 58.569, 58.564, 57.555, 57.075, 59.34, 60.025, 59.93, 59.536], [67.985, 69.722, 69.979, 69.856, 69.846, 70.207, 69.604, 68.938, 69.221, 69.065, 67.63, 65.873, 65.067, 64.507, 63.219, 62.296, 62.086, 62.105, 62.623, 63.059, 62.345, 61.633, 61.361, 61.095, 59.772, 56.49, 52.964, 49.493, 43.967, 38.999, 36.516, 33.593, 28.478, 22.258, 16.478, 13.426, 13.157, 14.288, 12.502, 7.023, 0.0, 7.006, 14.289, 21.587, 29.706, 36.501, 40.586, 41.828, 42.009, 43.199, 44.481, 44.598, 44.488, 44.832, 44.643, 44.773, 44.838, 44.713, 44.72, 45.912, 47.171, 47.077, 48.305, 50.487, 52.231, 53.015, 54.344, 54.763, 54.932, 54.804, 54.833, 55.443, 55.014, 55.636, 56.801, 57.855, 58.905, 59.522, 59.387, 59.526, 58.543, 57.847, 59.997, 60.629, 60.512, 60.128], [66.901, 68.627, 68.843, 68.657, 68.594, 68.964, 68.474, 67.933, 68.26, 68.103, 66.725, 65.046, 64.262, 63.705, 62.314, 61.223, 60.979, 61.075, 61.698, 62.287, 61.784, 61.228, 60.997, 60.705, 59.239, 55.632, 51.753, 48.171, 42.895, 38.335, 36.084, 33.315, 28.638, 23.222, 18.673, 16.821, 17.447, 18.944, 17.601, 13.046, 7.006, 0.0, 8.278, 16.351, 24.731, 31.653, 35.988, 37.791, 38.829, 40.732, 42.297, 42.481, 42.262, 42.578, 42.439, 42.564, 42.628, 42.523, 42.626, 44.385, 46.436, 46.578, 47.355, 49.102, 50.697, 51.593, 53.069, 53.51, 53.765, 53.823, 53.965, 54.658, 54.348, 55.107, 56.604, 58.121, 59.56, 60.363, 60.34, 60.575, 59.486, 58.353, 60.222, 60.784, 60.619, 60.184], [65.991, 67.679, 67.844, 67.573, 67.479, 67.862, 67.402, 66.943, 67.332, 67.23, 65.881, 64.195, 63.408, 62.89, 61.469, 60.24, 59.909, 60.009, 60.699, 61.429, 61.068, 60.525, 60.258, 59.917, 58.32, 54.42, 50.164, 46.443, 41.416, 37.284, 35.387, 32.931, 28.951, 24.606, 21.416, 20.572, 21.711, 23.342, 22.287, 18.773, 14.289, 8.278, 0.0, 9.072, 18.827, 26.824, 32.017, 34.642, 36.481, 38.968, 40.718, 40.963, 40.673, 40.99, 40.965, 41.164, 41.257, 41.181, 41.425, 43.78, 46.639, 47.061, 47.361, 48.589, 49.983, 50.862, 52.241, 52.539, 52.747, 52.856, 53.022, 53.732, 53.459, 54.232, 55.923, 57.887, 59.838, 60.932, 61.067, 61.398, 60.095, 58.353, 59.859, 60.364, 60.153, 59.636], [65.598, 67.179, 67.269, 66.873, 66.692, 67.066, 66.652, 66.271, 66.73, 66.808, 65.65, 63.977, 63.12, 62.632, 61.217, 59.879, 59.488, 59.591, 60.334, 61.209, 61.023, 60.471, 60.116, 59.69, 57.923, 53.722, 49.209, 45.543, 40.867, 37.008, 35.247, 33.022, 29.844, 26.919, 25.493, 25.737, 27.309, 28.983, 28.124, 25.285, 21.587, 16.351, 9.072, 0.0, 11.266, 21.022, 27.677, 31.707, 34.557, 37.558, 39.362, 39.611, 39.334, 39.698, 39.769, 40.041, 40.179, 40.168, 40.589, 43.528, 47.209, 47.987, 47.895, 48.913, 50.309, 51.227, 52.481, 52.627, 52.708, 52.818, 52.959, 53.625, 53.445, 54.187, 55.999, 58.218, 60.484, 61.875, 62.267, 62.751, 61.348, 59.286, 60.583, 61.053, 60.803, 60.274], [65.222, 66.665, 66.679, 66.163, 65.821, 66.167, 65.939, 65.737, 66.292, 66.594, 65.921, 64.576, 63.671, 63.166, 61.775, 60.386, 60.041, 60.278, 61.132, 62.141, 62.238, 61.878, 61.54, 61.06, 59.108, 54.682, 50.19, 46.87, 42.871, 39.598, 37.96, 35.897, 33.537, 32.166, 32.44, 33.562, 35.44, 37.13, 36.317, 33.533, 29.706, 24.731, 18.827, 11.266, 0.0, 11.532, 20.307, 26.43, 31.031, 34.858, 36.761, 37.049, 36.805, 37.219, 37.378, 37.686, 37.869, 37.952, 38.57, 42.19, 47.124, 48.656, 48.181, 49.191, 50.774, 52.075, 53.533, 53.759, 53.832, 54.2, 54.479, 55.09, 55.302, 56.185, 58.141, 60.538, 62.932, 64.523, 65.18, 65.894, 64.636, 62.634, 63.821, 64.266, 63.995, 63.471], [65.323, 66.699, 66.688, 66.127, 65.605, 65.839, 65.826, 65.857, 66.499, 66.89, 66.653, 65.879, 65.198, 64.705, 63.337, 61.998, 61.781, 62.215, 63.167, 64.239, 64.624, 64.603, 64.436, 64.018, 62.006, 57.499, 53.096, 50.114, 46.86, 44.372, 42.902, 41.008, 39.237, 38.636, 39.472, 40.807, 42.762, 44.469, 43.606, 40.617, 36.501, 31.653, 26.824, 21.022, 11.532, 0.0, 10.795, 19.734, 26.675, 31.466, 33.512, 33.869, 33.648, 34.08, 34.27, 34.565, 34.773, 34.917, 35.685, 40.009, 46.145, 48.442, 47.718, 48.765, 50.583, 52.342, 54.149, 54.567, 54.778, 55.482, 56.051, 56.61, 57.201, 58.402, 60.487, 63.035, 65.53, 67.188, 67.934, 68.879, 67.848, 65.978, 67.172, 67.678, 67.42, 66.879], [65.683, 67.115, 67.118, 66.562, 65.93, 66.106, 66.236, 66.397, 67.124, 67.515, 67.428, 66.949, 66.57, 66.244, 64.917, 63.629, 63.5, 64.033, 65.048, 66.108, 66.616, 66.853, 66.821, 66.498, 64.566, 60.19, 56.161, 53.655, 50.932, 48.975, 47.616, 45.737, 44.127, 43.664, 44.313, 45.436, 47.296, 49.049, 48.088, 44.825, 40.586, 35.988, 32.017, 27.677, 20.307, 10.795, 0.0, 11.849, 21.383, 27.103, 29.324, 29.836, 29.682, 30.159, 30.433, 30.755, 31.033, 31.201, 31.978, 36.718, 43.446, 46.121, 45.343, 46.427, 48.498, 50.798, 53.191, 53.915, 54.343, 55.348, 56.14, 56.614, 57.367, 58.809, 60.948, 63.54, 66.067, 67.728, 68.426, 69.512, 68.944, 67.431, 68.736, 69.348, 69.125, 68.549], [64.425, 65.972, 65.974, 65.365, 64.631, 64.776, 64.935, 65.122, 66.002, 66.499, 66.514, 66.189, 66.025, 65.992, 64.878, 63.668, 63.595, 64.151, 65.129, 66.039, 66.476, 66.854, 66.957, 66.748, 64.933, 60.784, 57.347, 55.401, 52.883, 50.968, 49.543, 47.607, 45.981, 45.406, 45.696, 46.524, 48.264, 50.108, 49.11, 45.788, 41.828, 37.791, 34.642, 31.707, 26.43, 19.734, 11.849, 0.0, 11.276, 18.338, 21.158, 21.973, 21.901, 22.524, 23.063, 23.517, 23.904, 24.161, 24.954, 30.29, 37.903, 41.036, 40.489, 42.039, 44.498, 47.242, 50.127, 51.245, 51.824, 53.075, 54.022, 54.264, 55.087, 56.665, 58.738, 61.333, 63.935, 65.67, 66.3, 67.326, 67.148, 66.424, 68.254, 69.029, 68.805, 68.153], [63.111, 64.763, 64.803, 64.162, 63.334, 63.399, 63.482, 63.631, 64.644, 65.287, 65.384, 65.139, 65.05, 65.221, 64.515, 63.63, 63.624, 64.117, 64.937, 65.617, 65.929, 66.397, 66.651, 66.549, 64.854, 60.994, 58.066, 56.465, 53.869, 51.615, 49.93, 47.962, 46.332, 45.59, 45.56, 46.086, 47.668, 49.533, 48.539, 45.385, 42.009, 38.829, 36.481, 34.557, 31.031, 26.675, 21.383, 11.276, 0.0, 8.244, 12.171, 13.508, 13.587, 14.531, 15.615, 16.329, 16.783, 17.184, 18.135, 24.015, 32.239, 35.737, 35.744, 38.345, 41.404, 44.44, 47.526, 48.914, 49.5, 50.801, 51.822, 51.766, 52.562, 54.228, 56.123, 58.568, 61.146, 62.916, 63.504, 64.453, 64.367, 64.334, 66.852, 67.851, 67.646, 66.993], [63.025, 64.729, 64.824, 64.211, 63.357, 63.401, 63.429, 63.525, 64.577, 65.275, 65.401, 65.154, 65.041, 65.269, 64.91, 64.412, 64.477, 64.89, 65.584, 66.066, 66.235, 66.742, 67.094, 67.061, 65.482, 61.911, 59.385, 58.041, 55.45, 53.032, 51.213, 49.25, 47.604, 46.768, 46.542, 46.843, 48.25, 50.041, 49.037, 46.077, 43.199, 40.732, 38.968, 37.558, 34.858, 31.466, 27.103, 18.338, 8.244, 0.0, 5.01, 7.371, 8.102, 9.591, 11.58, 12.766, 13.267, 13.744, 14.826, 20.914, 29.238, 32.871, 33.355, 36.862, 40.457, 43.833, 47.087, 48.606, 49.177, 50.504, 51.526, 51.271, 52.012, 53.696, 55.396, 57.6, 60.021, 61.747, 62.312, 63.258, 63.275, 63.6, 66.462, 67.642, 67.503, 66.86], [63.195, 64.858, 64.945, 64.338, 63.495, 63.568, 63.59, 63.636, 64.643, 65.34, 65.482, 65.234, 65.109, 65.353, 65.099, 64.745, 64.867, 65.263, 65.902, 66.301, 66.409, 66.902, 67.27, 67.264, 65.738, 62.274, 59.914, 58.761, 56.296, 53.929, 52.132, 50.218, 48.625, 47.82, 47.583, 47.868, 49.25, 51.003, 49.994, 47.142, 44.481, 42.297, 40.718, 39.362, 36.761, 33.512, 29.324, 21.158, 12.171, 5.01, 0.0, 3.318, 5.341, 7.478, 9.916, 11.4, 12.015, 12.582, 13.894, 20.395, 28.9, 32.563, 33.095, 36.83, 40.604, 44.126, 47.391, 48.88, 49.386, 50.683, 51.668, 51.325, 52.035, 53.677, 55.287, 57.379, 59.716, 61.44, 62.054, 63.033, 63.15, 63.715, 66.668, 67.905, 67.852, 67.208], [62.829, 64.463, 64.533, 63.909, 63.064, 63.147, 63.162, 63.174, 64.127, 64.815, 64.961, 64.715, 64.585, 64.835, 64.585, 64.236, 64.386, 64.819, 65.472, 65.885, 66.046, 66.569, 66.94, 66.929, 65.383, 61.886, 59.502, 58.366, 55.934, 53.587, 51.813, 49.954, 48.443, 47.692, 47.493, 47.829, 49.265, 51.036, 50.05, 47.225, 44.598, 42.481, 40.963, 39.611, 37.049, 33.869, 29.836, 21.973, 13.508, 7.371, 3.318, 0.0, 3.354, 6.196, 8.571, 10.076, 10.793, 11.491, 13.111, 20.084, 28.831, 32.534, 33.036, 36.764, 40.515, 43.957, 47.08, 48.475, 48.903, 50.144, 51.122, 50.775, 51.472, 53.107, 54.734, 56.816, 59.142, 60.892, 61.576, 62.6, 62.743, 63.49, 66.523, 67.748, 67.739, 67.141], [62.289, 63.931, 63.998, 63.358, 62.499, 62.584, 62.598, 62.608, 63.551, 64.225, 64.363, 64.113, 63.98, 64.226, 63.962, 63.593, 63.731, 64.168, 64.833, 65.245, 65.444, 66.043, 66.456, 66.456, 64.91, 61.417, 59.044, 57.905, 55.501, 53.224, 51.517, 49.739, 48.294, 47.565, 47.392, 47.756, 49.231, 51.034, 50.065, 47.205, 44.488, 42.262, 40.673, 39.334, 36.805, 33.648, 29.682, 21.901, 13.587, 8.102, 5.341, 3.354, 0.0, 3.711, 6.908, 8.47, 9.187, 9.991, 11.697, 18.992, 28.012, 31.781, 32.155, 35.703, 39.339, 42.71, 45.833, 47.27, 47.727, 49.009, 50.044, 49.728, 50.454, 52.169, 53.885, 56.051, 58.447, 60.23, 60.925, 61.951, 62.069, 62.81, 65.868, 67.09, 67.084, 66.518], [62.327, 64.009, 64.098, 63.45, 62.552, 62.604, 62.617, 62.648, 63.618, 64.299, 64.461, 64.227, 64.09, 64.328, 64.086, 63.743, 63.887, 64.318, 64.968, 65.366, 65.609, 66.298, 66.768, 66.793, 65.264, 61.789, 59.401, 58.208, 55.796, 53.585, 51.94, 50.239, 48.857, 48.116, 47.892, 48.186, 49.622, 51.427, 50.464, 47.586, 44.832, 42.578, 40.99, 39.698, 37.219, 34.08, 30.159, 22.524, 14.531, 9.591, 7.478, 6.196, 3.711, 0.0, 4.379, 6.435, 7.061, 7.844, 9.596, 17.324, 26.709, 30.66, 30.884, 34.237, 37.774, 41.166, 44.362, 45.901, 46.486, 47.933, 49.12, 48.811, 49.589, 51.458, 53.255, 55.479, 57.906, 59.691, 60.357, 61.379, 61.533, 62.298, 65.373, 66.606, 66.611, 66.043], [62.418, 64.145, 64.25, 63.595, 62.642, 62.618, 62.631, 62.667, 63.634, 64.313, 64.491, 64.302, 64.202, 64.435, 64.178, 63.841, 64.027, 64.51, 65.195, 65.635, 66.017, 66.808, 67.281, 67.292, 65.731, 62.17, 59.627, 58.289, 55.79, 53.559, 51.897, 50.221, 48.875, 48.066, 47.738, 47.963, 49.377, 51.194, 50.256, 47.392, 44.643, 42.439, 40.965, 39.769, 37.378, 34.27, 30.433, 23.063, 15.615, 11.58, 9.916, 8.571, 6.908, 4.379, 0.0, 2.86, 3.856, 4.765, 7.469, 16.372, 26.169, 30.255, 30.382, 33.584, 36.998, 40.247, 43.257, 44.743, 45.403, 46.984, 48.333, 48.066, 48.864, 50.812, 52.663, 54.913, 57.363, 59.154, 59.819, 60.864, 61.057, 61.948, 65.041, 66.21, 66.191, 65.611], [62.665, 64.38, 64.464, 63.792, 62.798, 62.72, 62.737, 62.779, 63.739, 64.413, 64.593, 64.423, 64.331, 64.565, 64.312, 63.973, 64.175, 64.68, 65.374, 65.833, 66.305, 67.185, 67.67, 67.662, 66.068, 62.44, 59.815, 58.425, 55.901, 53.648, 51.964, 50.313, 48.999, 48.163, 47.829, 48.085, 49.529, 51.363, 50.442, 47.565, 44.773, 42.564, 41.164, 40.041, 37.686, 34.565, 30.755, 23.517, 16.329, 12.766, 11.4, 10.076, 8.47, 6.435, 2.86, 0.0, 1.792, 3.417, 7.082, 16.598, 26.544, 30.639, 30.7, 33.809, 37.102, 40.208, 43.093, 44.552, 45.227, 46.843, 48.27, 48.048, 48.851, 50.821, 52.716, 54.979, 57.428, 59.224, 59.889, 60.94, 61.144, 62.083, 65.173, 66.297, 66.259, 65.691], [62.548, 64.257, 64.341, 63.666, 62.658, 62.553, 62.563, 62.611, 63.571, 64.246, 64.437, 64.278, 64.18, 64.41, 64.184, 63.866, 64.068, 64.566, 65.242, 65.685, 66.169, 67.092, 67.613, 67.614, 66.01, 62.354, 59.69, 58.269, 55.745, 53.495, 51.81, 50.19, 48.941, 48.158, 47.849, 48.12, 49.58, 51.422, 50.511, 47.639, 44.838, 42.628, 41.257, 40.179, 37.869, 34.773, 31.033, 23.904, 16.783, 13.267, 12.015, 10.793, 9.187, 7.061, 3.856, 1.792, 0.0, 2.347, 6.662, 16.504, 26.569, 30.66, 30.692, 33.791, 37.042, 40.075, 42.906, 44.344, 45.017, 46.68, 48.155, 47.937, 48.753, 50.766, 52.691, 54.947, 57.372, 59.162, 59.842, 60.906, 61.089, 62.025, 65.134, 66.255, 66.21, 65.645], [62.383, 64.119, 64.223, 63.567, 62.573, 62.469, 62.471, 62.525, 63.492, 64.157, 64.342, 64.178, 64.083, 64.322, 64.121, 63.823, 64.014, 64.496, 65.156, 65.57, 66.037, 66.981, 67.529, 67.567, 66.024, 62.422, 59.753, 58.285, 55.729, 53.467, 51.768, 50.153, 48.914, 48.117, 47.774, 48.011, 49.458, 51.285, 50.359, 47.494, 44.713, 42.523, 41.181, 40.168, 37.952, 34.917, 31.201, 24.161, 17.184, 13.744, 12.582, 11.491, 9.991, 7.844, 4.765, 3.417, 2.347, 0.0, 5.146, 15.587, 25.891, 30.078, 30.163, 33.323, 36.618, 39.658, 42.489, 43.927, 44.608, 46.302, 47.816, 47.597, 48.42, 50.48, 52.401, 54.637, 57.034, 58.8, 59.462, 60.555, 60.759, 61.677, 64.801, 65.938, 65.88, 65.291], [62.491, 64.253, 64.399, 63.804, 62.852, 62.77, 62.753, 62.81, 63.791, 64.392, 64.536, 64.351, 64.248, 64.491, 64.342, 64.088, 64.239, 64.626, 65.192, 65.526, 65.968, 66.94, 67.507, 67.611, 66.276, 63.009, 60.501, 58.953, 56.309, 54.0, 52.269, 50.646, 49.378, 48.54, 48.132, 48.264, 49.661, 51.439, 50.411, 47.469, 44.72, 42.626, 41.425, 40.589, 38.57, 35.685, 31.978, 24.954, 18.135, 14.826, 13.894, 13.111, 11.697, 9.596, 7.469, 7.082, 6.662, 5.146, 0.0, 11.264, 22.465, 27.222, 27.588, 31.178, 34.843, 38.203, 41.352, 42.978, 43.802, 45.642, 47.204, 46.946, 47.789, 49.948, 51.824, 53.991, 56.297, 57.975, 58.545, 59.631, 59.931, 60.866, 64.068, 65.306, 65.266, 64.658], [62.615, 64.473, 64.749, 64.301, 63.433, 63.373, 63.286, 63.377, 64.47, 65.013, 65.118, 64.912, 64.784, 65.005, 65.011, 64.944, 65.029, 65.193, 65