[[0.0, 13.689, 22.204, 23.228, 21.666, 21.266, 20.969, 22.102, 26.555, 27.383, 28.322, 33.091, 35.163, 35.858, 39.068, 45.912, 49.381, 49.861, 50.57, 51.339, 52.663, 54.298, 55.377, 55.346, 56.402, 58.102, 58.699, 58.778, 59.139, 58.244, 57.888, 59.172, 59.927, 59.556, 59.131, 62.014, 65.241, 64.879, 61.358, 60.264, 59.442, 57.261, 56.045, 56.164, 53.96, 53.027, 55.291, 56.743, 57.139, 56.563, 54.665, 53.9, 55.749, 56.141, 56.152, 57.783, 58.824, 58.86, 58.57, 58.509, 59.583, 60.508, 60.892, 61.475, 61.866, 61.708, 61.222, 60.34, 60.585, 61.037, 60.914, 61.674, 62.339, 61.378, 60.2, 60.532, 60.774, 59.952, 60.024, 61.254, 60.944, 59.832, 59.415, 59.775, 60.474, 60.145], [13.689, 0.0, 9.573, 11.548, 12.397, 17.437, 20.171, 23.086, 28.513, 29.383, 30.4, 35.438, 37.411, 38.109, 41.523, 47.958, 50.427, 50.269, 50.99, 50.988, 51.792, 53.643, 54.975, 54.98, 56.226, 58.142, 58.814, 58.805, 59.106, 58.31, 57.994, 59.238, 60.129, 59.663, 59.483, 63.951, 68.217, 67.913, 63.85, 62.195, 60.926, 58.082, 56.581, 56.723, 54.2, 51.853, 53.145, 54.489, 54.874, 54.166, 52.348, 51.582, 53.234, 54.013, 54.812, 56.695, 57.669, 57.617, 56.984, 56.583, 57.641, 58.747, 59.156, 59.636, 60.028, 59.979, 59.583, 58.895, 59.251, 59.722, 59.6, 60.414, 61.412, 60.768, 59.741, 60.234, 60.587, 59.769, 60.189, 62.145, 62.356, 61.413, 61.161, 61.759, 62.473, 62.149], [22.204, 9.573, 0.0, 4.151, 10.174, 19.129, 23.814, 27.125, 32.389, 33.211, 34.213, 39.387, 41.418, 42.133, 45.378, 51.04, 52.529, 51.721, 52.424, 51.912, 52.229, 54.058, 55.452, 55.477, 56.854, 58.932, 59.7, 59.644, 59.887, 59.124, 58.659, 59.753, 60.701, 60.2, 60.085, 65.357, 70.313, 70.093, 65.775, 63.882, 62.354, 59.122, 57.427, 57.57, 54.827, 51.468, 51.965, 53.162, 53.505, 52.688, 50.925, 50.223, 51.798, 52.827, 53.977, 55.871, 56.763, 56.654, 55.819, 55.266, 56.433, 57.815, 58.288, 58.722, 59.217, 59.259, 58.917, 58.324, 58.731, 59.227, 59.109, 60.006, 61.225, 60.75, 59.767, 60.35, 60.773, 59.873, 60.409, 62.801, 63.388, 62.597, 62.481, 63.235, 63.952, 63.62], [23.228, 11.548, 4.151, 0.0, 8.607, 18.287, 23.386, 26.723, 32.023, 32.918, 33.932, 39.107, 41.167, 41.986, 45.258, 50.841, 52.293, 51.507, 52.206, 51.768, 52.195, 54.036, 55.407, 55.436, 56.805, 58.877, 59.664, 59.63, 59.889, 59.12, 58.651, 59.759, 60.698, 60.19, 60.152, 65.476, 70.458, 70.345, 66.182, 64.33, 62.802, 59.602, 57.92, 58.058, 55.376, 51.971, 52.37, 53.556, 53.917, 53.096, 51.329, 50.61, 52.16, 53.149, 54.216, 56.05, 56.927, 56.808, 55.935, 55.343, 56.525, 57.924, 58.378, 58.806, 59.295, 59.324, 58.95, 58.315, 58.658, 59.082, 58.932, 59.837, 61.081, 60.624, 59.667, 60.242, 60.661, 59.769, 60.344, 62.834, 63.471, 62.663, 62.541, 63.312, 64.045, 63.712], [21.666, 12.397, 10.174, 8.607, 0.0, 12.707, 18.614, 21.003, 26.44, 27.518, 28.718, 33.895, 36.09, 37.234, 40.693, 46.653, 48.613, 48.287, 48.977, 48.774, 49.697, 51.661, 52.975, 52.96, 54.125, 55.962, 56.712, 56.688, 56.974, 56.184, 55.728, 57.019, 57.9, 57.422, 57.377, 62.404, 67.196, 67.162, 63.558, 62.102, 60.569, 57.671, 56.169, 56.313, 53.861, 51.416, 52.538, 53.866, 54.309, 53.541, 51.631, 50.867, 52.582, 53.29, 53.924, 55.72, 56.646, 56.555, 55.875, 55.562, 56.811, 58.151, 58.648, 59.099, 59.539, 59.506, 59.134, 58.415, 58.768, 59.295, 59.117, 59.977, 61.092, 60.558, 59.618, 60.114, 60.499, 59.645, 60.078, 62.313, 62.748, 61.77, 61.487, 62.166, 62.932, 62.549], [21.266, 17.437, 19.129, 18.287, 12.707, 0.0, 9.139, 15.435, 21.155, 22.393, 24.314, 30.234, 32.783, 34.802, 39.055, 46.33, 49.61, 49.966, 50.689, 51.33, 53.161, 55.296, 56.422, 56.283, 57.307, 58.952, 59.698, 59.753, 60.031, 59.224, 58.863, 60.289, 61.075, 60.662, 60.484, 64.603, 68.777, 68.749, 65.848, 65.081, 63.563, 60.727, 59.368, 59.544, 57.395, 55.95, 57.956, 59.405, 59.937, 59.304, 57.364, 56.549, 58.475, 58.967, 59.049, 60.684, 61.688, 61.668, 61.226, 61.04, 62.182, 63.384, 63.905, 64.423, 64.689, 64.537, 64.072, 63.132, 63.468, 63.973, 63.712, 64.422, 65.308, 64.519, 63.564, 64.076, 64.381, 63.637, 63.998, 65.785, 65.832, 64.648, 64.137, 64.671, 65.515, 65.127], [20.969, 20.171, 23.814, 23.386, 18.614, 9.139, 0.0, 10.391, 17.156, 18.81, 21.212, 27.548, 30.305, 32.319, 36.761, 44.675, 48.794, 49.518, 50.284, 51.5, 53.761, 55.864, 56.934, 56.813, 57.829, 59.526, 60.271, 60.365, 60.648, 59.715, 59.365, 60.884, 61.645, 61.268, 60.975, 64.59, 68.366, 68.288, 65.645, 65.125, 63.999, 61.565, 60.325, 60.442, 58.247, 57.313, 59.724, 61.227, 61.754, 61.218, 59.375, 58.611, 60.51, 60.805, 60.736, 62.537, 63.637, 63.65, 63.305, 63.103, 64.078, 65.169, 65.717, 66.267, 66.488, 66.304, 65.836, 64.882, 65.16, 65.569, 65.3, 65.937, 66.737, 65.895, 64.919, 65.442, 65.707, 64.99, 65.255, 66.724, 66.607, 65.519, 65.062, 65.523, 66.348, 66.002], [22.102, 23.086, 27.125, 26.723, 21.003, 15.435, 10.391, 0.0, 8.903, 11.792, 14.914, 21.47, 24.774, 26.854, 30.651, 38.142, 42.378, 43.374, 44.174, 45.769, 48.456, 50.541, 51.637, 51.588, 52.46, 54.071, 54.795, 54.886, 55.173, 54.17, 53.842, 55.545, 56.254, 55.972, 55.558, 58.759, 62.452, 62.43, 60.269, 60.122, 59.287, 57.721, 56.925, 57.027, 54.995, 54.938, 57.715, 59.136, 59.661, 59.27, 57.475, 56.829, 58.901, 59.038, 58.6, 60.334, 61.411, 61.437, 61.302, 61.513, 62.675, 63.778, 64.428, 64.991, 65.295, 65.128, 64.753, 63.862, 64.171, 64.713, 64.457, 65.148, 65.882, 65.004, 63.918, 64.301, 64.565, 63.748, 63.722, 64.886, 64.662, 63.739, 63.424, 63.844, 64.632, 64.258], [26.555, 28.513, 32.389, 32.023, 26.44, 21.155, 17.156, 8.903, 0.0, 4.773, 9.051, 15.785, 19.97, 22.854, 26.321, 33.419, 38.032, 39.554, 40.422, 42.743, 46.239, 48.368, 49.303, 49.187, 49.802, 51.169, 51.876, 51.969, 52.265, 51.306, 51.081, 52.921, 53.554, 53.385, 52.928, 55.672, 59.106, 59.19, 57.979, 58.565, 57.786, 56.759, 56.536, 56.769, 55.303, 56.265, 59.359, 60.577, 61.095, 60.9, 59.201, 58.594, 60.9, 61.155, 60.472, 62.039, 63.048, 63.105, 63.22, 63.818, 65.122, 66.255, 66.981, 67.534, 67.823, 67.641, 67.279, 66.39, 66.654, 67.133, 66.86, 67.48, 67.963, 66.97, 65.921, 66.224, 66.454, 65.675, 65.385, 66.035, 65.559, 64.758, 64.511, 64.816, 65.56, 65.178], [27.383, 29.383, 33.211, 32.918, 27.518, 22.393, 18.81, 11.792, 4.773, 0.0, 6.357, 14.26, 18.685, 21.615, 25.063, 32.349, 37.206, 38.945, 39.861, 42.327, 45.988, 48.145, 49.037, 48.886, 49.434, 50.703, 51.392, 51.491, 51.808, 50.856, 50.615, 52.435, 53.065, 52.915, 52.474, 55.219, 58.604, 58.674, 57.619, 58.355, 57.54, 56.504, 56.427, 56.841, 55.583, 56.718, 59.848, 61.003, 61.509, 61.349, 59.644, 59.031, 61.419, 61.76, 61.102, 62.678, 63.679, 63.743, 63.933, 64.634, 65.973, 67.092, 67.801, 68.357, 68.638, 68.445, 68.056, 67.147, 67.383, 67.829, 67.565, 68.164, 68.564, 67.53, 66.509, 66.805, 67.04, 66.288, 65.953, 66.48, 65.921, 65.127, 64.873, 65.137, 65.879, 65.498], [28.322, 30.4, 34.213, 33.932, 28.718, 24.314, 21.212, 14.914, 9.051, 6.357, 0.0, 9.8, 15.097, 18.135, 21.916, 29.401, 34.332, 36.297, 37.272, 39.8, 43.682, 45.898, 46.741, 46.572, 47.042, 48.19, 48.87, 48.995, 49.38, 48.492, 48.419, 50.326, 50.965, 50.805, 50.482, 53.329, 56.603, 56.738, 55.911, 56.715, 55.881, 54.846, 54.882, 55.529, 54.844, 56.428, 59.576, 60.676, 61.169, 61.049, 59.399, 58.749, 61.08, 61.459, 60.786, 62.393, 63.411, 63.468, 63.656, 64.348, 65.629, 66.746, 67.471, 67.996, 68.244, 68.025, 67.576, 66.613, 66.727, 67.019, 66.757, 67.256, 67.51, 66.473, 65.547, 65.855, 66.055, 65.367, 64.944, 65.229, 64.532, 63.787, 63.576, 63.811, 64.521, 64.139], [33.091, 35.438, 39.387, 39.107, 33.895, 30.234, 27.548, 21.47, 15.785, 14.26, 9.8, 0.0, 7.27, 12.321, 16.911, 24.398, 29.788, 32.875, 33.761, 36.565, 41.158, 43.468, 44.153, 43.926, 44.073, 44.774, 45.34, 45.536, 46.0, 45.277, 45.771, 47.954, 48.478, 48.33, 48.369, 51.048, 53.788, 54.132, 54.141, 55.32, 54.586, 53.981, 54.387, 55.134, 55.372, 57.986, 61.237, 62.206, 62.716, 62.745, 61.202, 60.465, 62.674, 63.017, 62.216, 63.837, 64.898, 64.983, 65.231, 65.935, 67.021, 67.878, 68.551, 69.02, 69.12, 68.844, 68.339, 67.334, 67.286, 67.371, 67.037, 67.336, 67.392, 66.414, 65.667, 65.883, 66.025, 65.54, 64.941, 64.767, 63.858, 63.173, 62.97, 63.095, 63.75, 63.362], [35.163, 37.411, 41.418, 41.167, 36.09, 32.783, 30.305, 24.774, 19.97, 18.685, 15.097, 7.27, 0.0, 7.183, 13.399, 21.857, 27.769, 31.437, 32.25, 35.066, 39.936, 42.31, 42.961, 42.729, 42.807, 43.384, 43.922, 44.174, 44.7, 44.096, 44.951, 47.258, 47.707, 47.509, 47.803, 50.537, 53.029, 53.459, 53.634, 54.86, 54.149, 53.572, 54.021, 54.804, 55.491, 58.397, 61.705, 62.686, 63.205, 63.279, 61.778, 61.007, 63.099, 63.475, 62.865, 64.659, 65.787, 65.882, 66.114, 66.661, 67.498, 68.137, 68.749, 69.198, 69.189, 68.864, 68.321, 67.298, 67.207, 67.209, 66.791, 66.913, 66.885, 65.963, 65.316, 65.495, 65.632, 65.278, 64.612, 64.277, 63.34, 62.686, 62.466, 62.522, 63.156, 62.803], [35.858, 38.109, 42.133, 41.986, 37.234, 34.802, 32.319, 26.854, 22.854, 21.615, 18.135, 12.321, 7.183, 0.0, 8.243, 18.565, 25.292, 29.215, 30.068, 32.876, 37.743, 40.136, 40.863, 40.682, 40.795, 41.465, 42.036, 42.251, 42.777, 42.192, 43.196, 45.548, 46.008, 45.761, 46.076, 48.945, 51.397, 51.82, 51.866, 52.958, 52.306, 51.721, 52.162, 53.012, 54.047, 57.175, 60.49, 61.549, 62.076, 62.175, 60.705, 59.952, 61.93, 62.341, 62.078, 64.146, 65.324, 65.416, 65.672, 66.14, 66.785, 67.312, 67.927, 68.363, 68.323, 67.966, 67.402, 66.389, 66.282, 66.269, 65.869, 65.899, 65.759, 64.863, 64.279, 64.465, 64.608, 64.299, 63.546, 63.049, 62.096, 61.549, 61.403, 61.422, 62.019, 61.712], [39.068, 41.523, 45.378, 45.258, 40.693, 39.055, 36.761, 30.651, 26.321, 25.063, 21.916, 16.911, 13.399, 8.243, 0.0, 11.997, 20.355, 25.162, 25.997, 29.447, 34.745, 37.103, 37.886, 37.748, 37.668, 38.262, 38.824, 39.014, 39.544, 38.948, 40.113, 42.548, 42.979, 42.808, 43.071, 45.714, 47.97, 48.457, 48.931, 50.264, 49.7, 49.628, 50.524, 51.475, 52.889, 56.602, 59.952, 60.889, 61.446, 61.715, 60.372, 59.674, 61.665, 62.129, 62.131, 64.33, 65.451, 65.541, 65.947, 66.637, 67.335, 67.787, 68.397, 68.808, 68.747, 68.377, 67.85, 66.925, 66.813, 66.819, 66.454, 66.483, 66.272, 65.397, 64.822, 64.896, 65.007, 64.69, 63.787, 63.107, 62.179, 61.814, 61.778, 61.725, 62.234, 61.957], [45.912, 47.958, 51.04, 50.841, 46.653, 46.33, 44.675, 38.142, 33.419, 32.349, 29.401, 24.398, 21.857, 18.565, 11.997, 0.0, 10.815, 17.971, 18.578, 22.923, 29.141, 31.265, 31.846, 31.731, 31.205, 31.552, 32.124, 32.332, 32.914, 32.342, 33.981, 36.722, 37.083, 37.071, 37.534, 40.058, 42.169, 42.882, 44.338, 46.209, 45.707, 46.562, 48.304, 49.383, 51.42, 55.979, 59.235, 59.817, 60.336, 60.88, 59.852, 59.242, 61.202, 61.748, 61.89, 64.116, 65.109, 65.187, 65.732, 66.7, 67.511, 67.953, 68.574, 68.946, 68.938, 68.602, 68.144, 67.396, 67.189, 67.072, 66.697, 66.682, 66.419, 65.684, 65.174, 65.079, 65.147, 64.814, 63.616, 62.624, 61.824, 61.843, 62.067, 61.978, 62.322, 62.053], [49.381, 50.427, 52.529, 52.293, 48.613, 49.61, 48.794, 42.378, 38.032, 37.206, 34.332, 29.788, 27.769, 25.292, 20.355, 10.815, 0.0, 8.971, 9.716, 14.167, 21.059, 23.254, 24.049, 24.17, 23.744, 24.493, 25.298, 25.425, 25.936, 25.52, 27.701, 30.729, 31.115, 31.164, 31.887, 35.238, 38.227, 38.99, 40.178, 41.938, 41.391, 42.582, 44.608, 45.762, 47.967, 52.5, 55.387, 55.702, 56.12, 56.802, 56.163, 55.858, 57.808, 58.484, 58.724, 60.949, 61.878, 61.92, 62.489, 63.652, 64.581, 65.075, 65.755, 66.092, 66.186, 65.902, 65.483, 64.863, 64.644, 64.55, 64.193, 64.186, 64.067, 63.495, 62.922, 62.76, 62.878, 62.477, 61.126, 60.178, 59.68, 60.092, 60.62, 60.649, 60.908, 60.61], [49.861, 50.269, 51.721, 51.507, 48.287, 49.966, 49.518, 43.374, 39.554, 38.945, 36.297, 32.875, 31.437, 29.215, 25.162, 17.971, 8.971, 0.0, 2.992, 9.331, 16.08, 18.246, 19.533, 20.006, 20.36, 22.228, 23.427, 23.425, 23.836, 23.441, 25.303, 28.173, 28.654, 28.653, 29.296, 33.394, 37.354, 38.018, 38.381, 39.749, 39.222, 40.188, 41.975, 43.092, 44.852, 48.798, 51.475, 51.8, 52.132, 52.762, 52.431, 52.662, 54.665, 55.418, 55.919, 58.254, 59.163, 59.169, 59.699, 60.904, 61.966, 62.716, 63.508, 63.852, 64.082, 63.834, 63.437, 62.89, 62.713, 62.669, 62.347, 62.391, 62.424, 61.91, 61.241, 61.129, 61.285, 60.749, 59.417, 58.759, 58.557, 59.165, 59.869, 60.012, 60.228, 59.916], [50.57, 50.99, 52.424, 52.206, 48.977, 50.689, 50.284, 44.174, 40.422, 39.861, 37.272, 33.761, 32.25, 30.068, 25.997, 18.578, 9.716, 2.992, 0.0, 8.425, 15.591, 17.658, 18.836, 19.266, 19.563, 21.52, 22.807, 22.827, 23.296, 22.92, 24.816, 27.7, 28.118, 28.138, 28.799, 32.848, 36.796, 37.493, 37.996, 39.452, 38.936, 39.982, 41.818, 42.913, 44.727, 48.78, 51.469, 51.8, 52.144, 52.775, 52.464, 52.747, 54.772, 55.495, 55.947, 58.258, 59.166, 59.179, 59.709, 60.917, 61.98, 62.73, 63.522, 63.869, 64.105, 63.87, 63.505, 62.978, 62.784, 62.714, 62.376, 62.414, 62.459, 61.975, 61.328, 61.207, 61.366, 60.839, 59.481, 58.822, 58.655, 59.265, 59.962, 60.099, 60.302, 59.976], [51.339, 50.988, 51.912, 51.768, 48.774, 51.33, 51.5, 45.769, 42.743, 42.327, 39.8, 36.565, 35.066, 32.876, 29.447, 22.923, 14.167, 9.331, 8.425, 0.0, 8.203, 11.465, 13.353, 13.995, 14.604, 17.147, 18.624, 18.51, 18.897, 18.89, 21.523, 24.624, 25.028, 24.965, 25.851, 30.931, 35.681, 36.351, 36.13, 37.139, 36.291, 36.933, 38.505, 39.584, 41.402, 45.213, 47.595, 47.929, 48.284, 48.925, 48.731, 48.993, 50.865, 51.807, 52.559, 54.981, 55.915, 55.899, 56.34, 57.51, 58.473, 59.131, 59.947, 60.223, 60.47, 60.276, 59.967, 59.538, 59.43, 59.5, 59.201, 59.185, 59.324, 59.019, 58.368, 58.252, 58.5, 57.994, 56.556, 55.895, 55.839, 56.534, 57.309, 57.507, 57.67, 57.321], [52.663, 51.792, 52.229, 52.195, 49.697, 53.161, 53.761, 48.456, 46.239, 45.988, 43.682, 41.158, 39.936, 37.743, 34.745, 29.141, 21.059, 16.08, 15.591, 8.203, 0.0, 5.188, 8.826, 10.146, 11.702, 15.085, 16.621, 16.37, 16.678, 16.973, 19.61, 22.315, 22.791, 22.632, 23.702, 29.579, 34.952, 35.535, 34.158, 34.359, 33.364, 33.688, 34.953, 35.961, 37.565, 40.957, 42.959, 43.326, 43.665, 44.321, 44.377, 44.853, 46.48, 47.655, 49.153, 51.926, 52.882, 52.822, 53.183, 54.329, 55.255, 55.908, 56.744, 56.957, 57.281, 57.111, 56.804, 56.484, 56.412, 56.588, 56.373, 56.327, 56.589, 56.472, 55.78, 55.622, 55.907, 55.344, 53.802, 53.192, 53.322, 54.141, 55.021, 55.265, 55.341, 55.017], [54.298, 53.643, 54.058, 54.036, 51.661, 55.296, 55.864, 50.541, 48.368, 48.145, 45.898, 43.468, 42.31, 40.136, 37.103, 31.265, 23.254, 18.246, 17.658, 11.465, 5.188, 0.0, 4.838, 7.06, 9.17, 13.133, 14.863, 14.699, 15.283, 15.633, 17.919, 20.207, 20.621, 20.487, 21.782, 27.728, 33.041, 33.722, 32.275, 32.285, 31.486, 32.147, 33.556, 34.532, 36.408, 40.227, 42.227, 42.57, 42.898, 43.6, 43.772, 44.376, 45.928, 47.052, 48.731, 51.693, 52.706, 52.653, 53.038, 54.23, 55.19, 55.905, 56.73, 56.941, 57.348, 57.175, 56.843, 56.572, 56.437, 56.539, 56.358, 56.286, 56.507, 56.453, 55.776, 55.56, 55.816, 55.209, 53.486, 52.658, 52.768, 53.603, 54.462, 54.628, 54.645, 54.351], [55.377, 54.975, 55.452, 55.407, 52.975, 56.422, 56.934, 51.637, 49.303, 49.037, 46.741, 44.153, 42.961, 40.863, 37.886, 31.846, 24.049, 19.533, 18.836, 13.353, 8.826, 4.838, 0.0, 3.123, 6.186, 10.841, 12.994, 13.086, 13.907, 14.198, 16.468, 18.655, 18.965, 18.855, 20.367, 26.321, 31.483, 32.364, 31.339, 31.471, 30.609, 31.37, 32.949, 33.95, 36.379, 40.867, 42.978, 43.254, 43.588, 44.307, 44.43, 44.956, 46.528, 47.646, 49.332, 52.428, 53.583, 53.589, 53.984, 55.134, 56.069, 56.833, 57.67, 57.902, 58.327, 58.141, 57.771, 57.498, 57.314, 57.298, 57.097, 56.958, 57.061, 57.026, 56.462, 56.261, 56.506, 55.928, 54.024, 52.872, 52.859, 53.665, 54.466, 54.552, 54.553, 54.265], [55.346, 54.98, 55.477, 55.436, 52.96, 56.283, 56.813, 51.588, 49.187, 48.886, 46.572, 43.926, 42.729, 40.682, 37.748, 31.731, 24.17, 20.006, 19.266, 13.995, 10.146, 7.06, 3.123, 0.0, 4.297, 9.604, 12.096, 12.274, 13.056, 13.256, 15.615, 17.876, 18.174, 18.049, 19.566, 25.665, 30.862, 31.766, 30.903, 31.195, 30.225, 30.889, 32.54, 33.583, 36.172, 40.889, 43.034, 43.227, 43.555, 44.285, 44.341, 44.775, 46.418, 47.625, 49.385, 52.545, 53.77, 53.836, 54.26, 55.4, 56.334, 57.131, 57.998, 58.245, 58.657, 58.475, 58.1, 57.815, 57.625, 57.576, 57.361, 57.208, 57.269, 57.218, 56.71, 56.53, 56.768, 56.22, 54.292, 53.072, 53.047, 53.863, 54.653, 54.725, 54.733, 54.444], [56.402, 56.226, 56.854, 56.805, 54.125, 57.307, 57.829, 52.46, 49.802, 49.434, 47.042, 44.073, 42.807, 40.795, 37.668, 31.205, 23.744, 20.36, 19.563, 14.604, 11.702, 9.17, 6.186, 4.297, 0.0, 6.057, 9.139, 9.346, 10.254, 10.645, 13.721, 16.468, 16.672, 16.618, 18.447, 24.451, 29.414, 30.525, 30.544, 31.325, 30.353, 31.326, 33.262, 34.375, 37.333, 42.484, 44.668, 44.715, 45.019, 45.808, 45.8, 46.096, 47.754, 48.999, 50.72, 53.808, 54.979, 55.07, 55.616, 56.876, 57.802, 58.528, 59.375, 59.6, 59.964, 59.769, 59.399, 59.127, 58.913, 58.836, 58.619, 58.436, 58.389, 58.311, 57.848, 57.602, 57.808, 57.314, 55.322, 53.932, 53.853, 54.7, 55.48, 55.491, 55.472, 55.189], [58.102, 58.142, 58.932, 58.877, 55.962, 58.952, 59.526, 54.071, 51.169, 50.703, 48.19, 44.774, 43.384, 41.465, 38.262, 31.552, 24.493, 22.228, 21.52, 17.147, 15.085, 13.133, 10.841, 9.604, 6.057, 0.0, 3.862, 4.649, 6.222, 7.68, 12.294, 15.51, 15.697, 15.622, 18.032, 23.666, 28.082, 29.481, 30.178, 31.132, 30.01, 31.341, 33.605, 34.797, 38.505, 44.426, 46.775, 46.742, 47.08, 47.945, 47.884, 48.068, 49.742, 51.014, 52.633, 55.676, 56.829, 56.914, 57.578, 59.048, 59.981, 60.543, 61.342, 61.535, 61.836, 61.602, 61.205, 60.934, 60.695, 60.631, 60.423, 60.175, 60.022, 59.949, 59.551, 59.234, 59.415, 59.018, 56.919, 55.194, 54.92, 55.696, 56.37, 56.272, 56.22, 55.932], [58.699, 58.814, 59.7, 59.664, 56.712, 59.698, 60.271, 54.795, 51.876, 51.392, 48.87, 45.34, 43.922, 42.036, 38.824, 32.124, 25.298, 23.427, 22.807, 18.624, 16.621, 14.863, 12.994, 12.096, 9.139, 3.862, 0.0, 2.501, 5.08, 7.275, 12.716, 15.91, 16.152, 16.018, 18.485, 23.841, 27.944, 29.351, 29.893, 30.663, 29.521, 31.034, 33.405, 34.551, 38.449, 44.672, 47.163, 47.17, 47.547, 48.456, 48.404, 48.571, 50.24, 51.485, 53.03, 56.065, 57.215, 57.287, 57.998, 59.593, 60.542, 60.948, 61.69, 61.851, 62.093, 61.836, 61.435, 61.177, 60.948, 60.95, 60.778, 60.515, 60.36, 60.312, 59.922, 59.57, 59.748, 59.415, 57.321, 55.478, 55.092, 55.803, 56.412, 56.271, 56.21, 55.923], [58.778, 58.805, 59.644, 59.63, 56.688, 59.753, 60.365, 54.886, 51.969, 51.491, 48.995, 45.536, 44.174, 42.251, 39.014, 32.332, 25.425, 23.425, 22.827, 18.51, 16.37, 14.699, 13.086, 12.274, 9.346, 4.649, 2.501, 0.0, 3.354, 6.3, 12.075, 15.429, 15.713, 15.607, 17.911, 23.439, 27.743, 29.067, 29.57, 30.377, 29.224, 30.728, 33.138, 34.281, 38.134, 44.38, 46.873, 46.87, 47.235, 48.155, 48.12, 48.308, 49.985, 51.236, 52.787, 55.8, 56.923, 56.987, 57.721, 59.367, 60.354, 60.825, 61.608, 61.757, 62.008, 61.759, 61.379, 61.144, 60.946, 60.985, 60.832, 60.601, 60.458, 60.399, 59.989, 59.651, 59.835, 59.489, 57.444, 55.67, 55.314, 56.042, 56.664, 56.532, 56.463, 56.173], [59.139, 59.106, 59.887, 59.889, 56.974, 60.031, 60.648, 55.173, 52.265, 51.808, 49.38, 46.0, 44.7, 42.777, 39.544, 32.914, 25.936, 23.836, 23.296, 18.897, 16.678, 15.283, 13.907, 13.056, 10.254, 6.222, 5.08, 3.354, 0.0, 4.563, 11.193, 14.888, 15.283, 15.182, 17.233, 22.721, 27.288, 28.526, 28.945, 29.892, 28.698, 30.214, 32.696, 33.866, 37.703, 44.005, 46.471, 46.38, 46.72, 47.691, 47.679, 47.883, 49.623, 50.969, 52.546, 55.543, 56.664, 56.743, 57.52, 59.232, 60.228, 60.714, 61.571, 61.736, 61.994, 61.751, 61.392, 61.173, 61.026, 61.145, 60.997, 60.794, 60.664, 60.576, 60.129, 59.798, 60.003, 59.645, 57.607, 55.855, 55.549, 56.355, 57.037, 56.938, 56.868, 56.578], [58.244, 58.31, 59.124, 59.12, 56.184, 59.224, 59.715, 54.17, 51.306, 50.856, 48.492, 45.277, 44.096, 42.192, 38.948, 32.342, 25.52, 23.441, 22.92, 18.89, 16.973, 15.633, 14.198, 13.256, 10.645, 7.68, 7.275, 6.3, 4.563, 0.0, 7.815, 12.407, 13.024, 12.931, 15.109, 21.024, 25.937, 27.191, 27.712, 28.916, 27.821, 29.458, 32.043, 33.219, 36.661, 42.898, 45.478, 45.417, 45.762, 46.733, 46.642, 46.805, 48.618, 49.934, 51.437, 54.43, 55.587, 55.71, 56.506, 58.221, 59.266, 59.813, 60.703, 60.966, 61.335, 61.124, 60.77, 60.547, 60.387, 60.49, 60.317, 60.161, 60.075, 59.951, 59.458, 59.128, 59.333, 58.899, 56.842, 55.195, 54.983, 55.813, 56.536, 56.468, 56.41, 56.106], [57.888, 57.994, 58.659, 58.651, 55.728, 58.863, 59.365, 53.842, 51.081, 50.615, 48.419, 45.771, 44.951, 43.196, 40.113, 33.981, 27.701, 25.303, 24.816, 21.523, 19.61, 17.919, 16.468, 15.615, 13.721, 12.294, 12.716, 12.075, 11.193, 7.815, 0.0, 6.055, 7.408, 7.35, 10.194, 17.628, 23.567, 24.77, 25.293, 26.951, 26.141, 27.943, 30.626, 31.829, 34.673, 40.831, 43.499, 43.424, 43.75, 44.683, 44.509, 44.718, 46.723, 48.051, 49.447, 52.401, 53.566, 53.738, 54.616, 56.502, 57.798, 58.7, 59.715, 60.107, 60.79, 60.668, 60.32, 60.112, 59.914, 59.967, 59.777, 59.737, 59.713, 59.524, 58.964, 58.642, 58.814, 58.201, 56.077, 54.593, 54.57, 55.424, 56.175, 56.125, 56.056, 55.723], [59.172, 59.238, 59.753, 59.759, 57.019, 60.289, 60.884, 55.545, 52.921, 52.435, 50.326, 47.954, 47.258, 45.548, 42.548, 36.722, 30.729, 28.173, 27.7, 24.624, 22.315, 20.207, 18.655, 17.876, 16.468, 15.51, 15.91, 15.429, 14.888, 12.407, 6.055, 0.0, 2.894, 3.116, 7.123, 16.008, 22.383, 23.522, 23.594, 25.263, 24.7, 26.614, 29.424, 30.707, 33.604, 39.781, 42.266, 42.053, 42.38, 43.363, 43.258, 43.499, 45.523, 46.938, 48.469, 51.575, 52.802, 53.014, 53.973, 55.993, 57.384, 58.365, 59.404, 59.791, 60.553, 60.468, 60.084, 59.888, 59.625, 59.601, 59.431, 59.405, 59.386, 59.229, 58.698, 58.348, 58.471, 57.822, 55.647, 54.136, 54.191, 55.06, 55.783, 55.695, 55.593, 55.29], [59.927, 60.129, 60.701, 60.698, 57.9, 61.075, 61.645, 56.254, 53.554, 53.065, 50.965, 48.478, 47.707, 46.008, 42.979, 37.083, 31.115, 28.654, 28.118, 25.028, 22.791, 20.621, 18.965, 18.174, 16.672, 15.697, 16.152, 15.713, 15.283, 13.024, 7.408, 2.894, 0.0, 2.211, 6.767, 15.242, 21.506, 22.786, 23.501, 25.554, 25.121, 27.214, 30.055, 31.308, 34.234, 40.447, 42.927, 42.691, 43.012, 43.986, 43.891, 44.105, 46.084, 47.469, 48.924, 51.984, 53.203, 53.429, 54.411, 56.421, 57.778, 58.745, 59.775, 60.153, 60.903, 60.83, 60.472, 60.281, 60.014, 59.952, 59.762, 59.7, 59.638, 59.485, 58.959, 58.585, 58.697, 58.059, 55.862, 54.292, 54.313, 55.176, 55.883, 55.766, 55.645, 55.347], [59.556, 59.663, 60.2, 60.19, 57.422, 60.662, 61.268, 55.972, 53.385, 52.915, 50.805, 48.33, 47.509, 45.761, 42.808, 37.071, 31.164, 28.653, 28.138, 24.965, 22.632, 20.487, 18.855, 18.049, 16.618, 15.622, 16.018, 15.607, 15.182, 12.931, 7.35, 3.116, 2.211, 0.0, 6.434, 15.582, 21.871, 23.121, 23.514, 25.359, 24.848, 26.662, 29.357, 30.594, 33.529, 39.737, 42.238, 42.078, 42.419, 43.361, 43.248, 43.474, 45.445, 46.871, 48.417, 51.54, 52.789, 53.014, 53.967, 55.941, 57.277, 58.234, 59.266, 59.654, 60.408, 60.329, 59.961, 59.782, 59.524, 59.452, 59.256, 59.184, 59.133, 58.998, 58.485, 58.124, 58.244, 57.624, 55.436, 53.874, 53.902, 54.749, 55.449, 55.338, 55.217, 54.918], [59.131, 59.483, 60.085, 60.152, 57.377, 60.484, 60.975, 55.558, 52.928, 52.474, 50.482, 48.369, 47.803, 46.076, 43.071, 37.534, 31.887, 29.296, 28.799, 25.851, 23.702, 21.782, 20.367, 19.566, 18.447, 18.032, 18.485, 17.911, 17.233, 15.109, 10.194, 7.123, 6.767, 6.434, 0.0, 11.367, 19.145, 19.876, 19.988, 22.67, 22.218, 24.43, 27.558, 28.865, 31.621, 38.403, 41.374, 41.321, 41.666, 42.622, 42.436, 42.724, 44.933, 46.317, 47.616, 50.63, 51.889, 52.153, 53.202, 55.332, 56.797, 57.877, 59.039, 59.445, 60.204, 60.162, 59.906, 59.772, 59.762, 59.978, 59.854, 59.93, 59.909, 59.647, 59.005, 58.691, 58.838, 58.156, 56.055, 54.513, 54.472, 55.322, 56.035, 55.938, 55.85, 55.551], [62.014, 63.951, 65.357, 65.476, 62.404, 64.603, 64.59, 58.759, 55.672, 55.219, 53.329, 51.048, 50.537, 48.945, 45.714, 40.058, 35.238, 33.394, 32.848, 30.931, 29.579, 27.728, 26.321, 25.665, 24.451, 23.666, 23.841, 23.439, 22.721, 21.024, 17.628, 16.008, 15.242, 15.582, 11.367, 0.0, 9.42, 10.32, 14.561, 20.659, 21.284, 25.516, 29.424, 30.644, 33.662, 41.924, 45.946, 46.095, 46.411, 47.437, 47.235, 47.565, 49.987, 51.327, 51.889, 54.314, 55.465, 55.791, 57.035, 59.375, 60.861, 61.85, 63.039, 63.493, 64.234, 64.153, 63.95, 63.777, 63.868, 64.303, 64.226, 64.283, 64.036, 63.525, 62.7, 62.257, 62.396, 61.703, 59.375, 57.232, 56.677, 57.381, 57.991, 57.699, 57.535, 57.239], [65.241, 68.217, 70.313, 70.458, 67.196, 68.777, 68.366, 62.452, 59.106, 58.604, 56.603, 53.788, 53.029, 51.397, 47.97, 42.169, 38.227, 37.354, 36.796, 35.681, 34.952, 33.041, 31.483, 30.862, 29.414, 28.082, 27.944, 27.743, 27.288, 25.937, 23.567, 22.383, 21.506, 21.871, 19.145, 9.42, 0.0, 4.899, 15.444, 22.569, 23.864, 28.804, 32.945, 34.076, 37.785, 46.958, 51.453, 51.739, 52.101, 53.168, 52.923, 53.087, 55.376, 56.59, 56.969, 59.266, 60.4, 60.744, 62.038, 64.329, 65.662, 66.403, 67.444, 67.881, 68.493, 68.304, 67.985, 67.728, 67.679, 67.978, 67.939, 67.846, 67.313, 66.742, 65.997, 65.432, 65.49, 64.939, 62.442, 59.679, 58.625, 59.121, 59.537, 58.991, 58.731, 58.488], [64.879, 67.913, 70.093, 70.345, 67.162, 68.749, 68.288, 62.43, 59.19, 58.674, 56.738, 54.132, 53.459, 51.82, 48.457, 42.882, 38.99, 38.018, 37.493, 36.351, 35.535, 33.722, 32.364, 31.766, 30.525, 29.481, 29.351, 29.067, 28.526, 27.191, 24.77, 23.522, 22.786, 23.121, 19.876, 10.32, 4.899, 0.0, 12.607, 20.765, 22.583, 27.929, 32.208, 33.393, 36.757, 45.962, 50.646, 50.992, 51.34, 52.399, 52.144, 52.34, 54.679, 55.756, 55.914, 58.146, 59.288, 59.652, 61.023, 63.446, 64.849, 65.596, 66.666, 67.116, 67.742, 67.583, 67.31, 67.069, 67.112, 67.531, 67.532, 67.561, 67.126, 66.503, 65.68, 65.143, 65.205, 64.622, 62.253, 59.643, 58.638, 59.173, 59.628, 59.133, 58.905, 58.663], [61.358, 63.85, 65.775, 66.182, 63.558, 65.848, 65.645, 60.269, 57.979, 57.619, 55.911, 54.141, 53.634, 51.866, 48.931, 44.338, 40.178, 38.381, 37.996, 36.13, 34.158, 32.275, 31.339, 30.903, 30.544, 30.178, 29.893, 29.57, 28.945, 27.712, 25.293, 23.594, 23.501, 23.514, 19.988, 14.561, 15.444, 12.607, 0.0, 9.489, 12.853, 19.132, 23.554, 24.841, 28.185, 37.881, 42.742, 43.288, 43.743, 44.892, 44.823, 45.328, 47.762, 48.828, 49.257, 52.043, 53.482, 53.868, 55.226, 57.773, 59.239, 59.853, 60.958, 61.43, 62.128, 62.027, 61.793, 61.603, 61.82, 62.618, 62.728, 62.942, 63.006, 62.523, 61.54, 61.102, 61.243, 60.598, 58.407, 56.203, 55.446, 55.91, 56.29, 55.899, 55.755, 55.526], [60.264, 62.195, 63.882, 64.33, 62.102, 65.081, 65.125, 60.122, 58.565, 58.355, 56.715, 55.32, 54.86, 52.958, 50.264, 46.209, 41.938, 39.749, 39.452, 37.139, 34.359, 32.285, 31.471, 31.195, 31.325, 31.132, 30.663, 30.377, 29.892, 28.916, 26.951, 25.263, 25.554, 25.359, 22.67, 20.659, 22.569, 20.765, 9.489, 0.0, 6.505, 13.73, 18.069, 19.232, 23.699, 34.132, 38.762, 39.398, 39.996, 41.22, 41.339, 42.04, 44.294, 45.343, 46.546, 50.07, 51.737, 52.072, 53.24, 55.59, 56.896, 57.304, 58.352, 58.786, 59.468, 59.349, 59.068, 58.918, 59.136, 60.056, 60.268, 60.468, 60.792, 60.612, 59.743, 59.374, 59.551, 58.996, 56.863, 54.743, 54.083, 54.394, 54.604, 54.198, 54.072, 53.875], [59.442, 60.926, 62.354, 62.802, 60.569, 63.563, 63.999, 59.287, 57.786, 57.54, 55.881, 54.586, 54.149, 52.306, 49.7, 45.707, 41.391, 39.222, 38.936, 36.291, 33.364, 31.486, 30.609, 30.225, 30.353, 30.01, 29.521, 29.224, 28.698, 27.821, 26.141, 24.7, 25.121, 24.848, 22.218, 21.284, 23.864, 22.583, 12.853, 6.505, 0.0, 8.8, 14.269, 15.854, 21.817, 32.914, 37.597, 38.279, 39.019, 40.264, 40.301, 40.916, 43.218, 44.515, 46.324, 50.101, 51.793, 52.089, 53.1, 55.22, 56.442, 56.896, 57.994, 58.419, 59.049, 58.933, 58.628, 58.441, 58.739, 59.726, 59.937, 60.058, 60.303, 60.194, 59.497, 59.23, 59.447, 58.973, 56.854, 54.696, 53.982, 54.159, 54.254, 53.843, 53.735, 53.521], [57.261, 58.082, 59.122, 59.602, 57.671, 60.727, 61.565, 57.721, 56.759, 56.504, 54.846, 53.981, 53.572, 51.721, 49.628, 46.562, 42.582, 40.188, 39.982, 36.933, 33.688, 32.147, 31.37, 30.889, 31.326, 31.341, 31.034, 30.728, 30.214, 29.458, 27.943, 26.614, 27.214, 26.662, 24.43, 25.516, 28.804, 27.929, 19.132, 13.73, 8.8, 0.0, 6.679, 9.52, 17.386, 28.782, 33.654, 34.718, 35.622, 36.762, 36.709, 37.321, 39.692, 41.424, 44.172, 48.483, 50.368, 50.658, 51.41, 53.086, 54.146, 54.732, 55.927, 56.362, 56.949, 56.816, 56.427, 56.186, 56.589, 57.641, 57.874, 57.903, 58.129, 58.071, 57.547, 57.513, 57.811, 57.415, 55.414, 53.386, 52.674, 52.612, 52.51, 52.103, 52.04, 51.835], [56.045, 56.581, 57.427, 57.92, 56.169, 59.368, 60.325, 56.925, 56.536, 56.427, 54.882, 54.387, 54.021, 52.162, 50.524, 48.304, 44.608, 41.975, 41.818, 38.505, 34.953, 33.556, 32.949, 32.54, 33.262, 33.605, 33.405, 33.138, 32.696, 32.043, 30.626, 29.424, 30.055, 29.357, 27.558, 29.424, 32.945, 32.208, 23.554, 18.069, 14.269, 6.679, 0.0, 4.742, 14.179, 25.458, 30.379, 31.808, 32.771, 33.738, 33.664, 34.41, 36.8, 38.737, 41.959, 46.627, 48.665, 48.942, 49.52, 50.906, 51.815, 52.424, 53.695, 54.155, 54.752, 54.614, 54.19, 53.932, 54.416, 55.595, 55.857, 55.859, 56.158, 56.138, 55.645, 55.763, 56.171, 55.806, 53.821, 51.902, 51.264, 51.057, 50.835, 50.439, 50.404, 50.209], [56.164, 56.723, 57.57, 58.058, 56.313, 59.544, 60.442, 57.027, 56.769, 56.841, 55.529, 55.134, 54.804, 53.012, 51.475, 49.383, 45.762, 43.092, 42.913, 39.584, 35.961, 34.532, 33.95, 33.583, 34.375, 34.797, 34.551, 34.281, 33.866, 33.219, 31.829, 30.707, 31.308, 30.594, 28.865, 30.644, 34.076, 33.393, 24.841, 19.232, 15.854, 9.52, 4.742, 0.0, 11.708, 23.971, 29.049, 30.626, 31.652, 32.597, 32.548, 33.35, 35.75, 37.679, 41.035, 45.867, 47.978, 48.265, 48.811, 50.141, 51.004, 51.574, 52.872, 53.35, 53.94, 53.814, 53.431, 53.226, 53.732, 54.955, 55.246, 55.247, 55.622, 55.684, 55.204, 55.341, 55.797, 55.503, 53.515, 51.579, 50.988, 50.746, 50.478, 50.062, 50.01, 49.815], [53.96, 54.2, 54.827, 55.376, 53.861, 57.395, 58.247, 54.995, 55.303, 55.583, 54.844, 55.372, 55.491, 54.047, 52.889, 51.42, 47.967, 44.852, 44.727, 41.402, 37.565, 36.408, 36.379, 36.172, 37.333, 38.505, 38.449, 38.134, 37.703, 36.661, 34.673, 33.604, 34.234, 33.529, 31.621, 33.662, 37.785, 36.757, 28.185, 23.699, 21.817, 17.386, 14.179, 11.708, 0.0, 14.454, 21.812, 24.694, 25.937, 26.625, 26.56, 27.84, 30.621, 32.66, 36.294, 41.084, 43.136, 43.467, 43.929, 45.258, 46.46, 47.426, 48.886, 49.512, 50.421, 50.491, 50.304, 50.228, 50.97, 52.514, 52.892, 53.217, 53.996, 53.994, 53.171, 53.374, 53.909, 53.408, 52.063, 51.311, 51.173, 50.878, 50.71, 50.579, 50.625, 50.385], [53.027, 51.853, 51.468, 51.971, 51.416, 55.95, 57.313, 54.938, 56.265, 56.718, 56.428, 57.986, 58.397, 57.175, 56.602, 55.979, 52.5, 48.798, 48.78, 45.213, 40.957, 40.227, 40.867, 40.889, 42.484, 44.426, 44.672, 44.38, 44.005, 42.898, 40.831, 39.781, 40.447, 39.737, 38.403, 41.924, 46.958, 45.962, 37.881, 34.132, 32.914, 28.782, 25.458, 23.971, 14.454, 0.0, 10.525, 15.989, 17.595, 17.611, 17.722, 19.859, 22.531, 25.211, 30.434, 35.439, 37.314, 37.596, 37.64, 38.477, 39.816, 41.16, 42.719, 43.435, 44.711, 45.032, 44.946, 44.93, 45.87, 47.749, 48.192, 48.93, 50.357, 50.351, 49.154, 49.503, 50.193, 49.373, 48.861, 50.043, 50.929, 50.772, 50.837, 51.161, 51.345, 51.111], [55.291, 53.145, 51.965, 52.37, 52.538, 57.956, 59.724, 57.715, 59.359, 59.848, 59.576, 61.237, 61.705, 60.49, 59.952, 59.235, 55.387, 51.475, 51.469, 47.595, 42.959, 42.227, 42.978, 43.034, 44.668, 46.775, 47.163, 46.873, 46.471, 45.478, 43.499, 42.266, 42.927, 42.238, 41.374, 45.946, 51.453, 50.646, 42.742, 38.762, 37.597, 33.654, 30.379, 29.049, 21.812, 10.525, 0.0, 7.085, 9.203, 9.106, 10.052, 12.999, 15.262, 19.356, 27.049, 32.852, 34.73, 34.966, 34.819, 35.309, 36.419, 37.745, 39.361, 40.026, 41.415, 41.892, 41.871, 42.004, 42.873, 44.68, 45.096, 45.993, 47.776, 47.986, 46.826, 47.192, 47.955, 47.106, 46.664, 48.524, 50.37, 50.815, 51.221, 51.708, 51.842, 51.658], [56.743, 54.489, 53.162, 53.556, 53.866, 59.405, 61.227, 59.136, 60.577, 61.003, 60.676, 62.206, 62.686, 61.549, 60.889, 59.817, 55.702, 51.8, 51.8, 47.929, 43.326, 42.57, 43.254, 43.227, 44.715, 46.742, 47.17, 46.87, 46.38, 45.417, 43.424, 42.053, 42.691, 42.078, 41.321, 46.095, 51.739, 50.992, 43.288, 39.398, 38.279, 34.718, 31.808, 30.626, 24.694, 15.989, 7.085, 0.0, 3.268, 5.086, 7.342, 10.303, 13.064, 18.474, 26.987, 32.97, 34.761, 35.013, 35.035, 35.66, 36.722, 37.984, 39.642, 40.27, 41.621, 42.151, 42.187, 42.44, 43.204, 44.815, 45.135, 46.022, 47.774, 48.002, 46.954, 47.282, 48.035, 47.241, 46.579, 48.249, 50.497, 51.501, 52.177, 52.656, 52.708, 52.561], [57.139, 54.874, 53.505, 53.917, 54.309, 59.937, 61.754, 59.661, 61.095, 61.509, 61.169, 62.716, 63.205, 62.076, 61.446, 60.336, 56.12, 52.132, 52.144, 48.284, 43.665, 42.898, 43.588, 43.555, 45.019, 47.08, 47.547, 47.235, 46.72, 45.762, 43.75, 42.38, 43.012, 42.419, 41.666, 46.411, 52.101, 51.34, 43.743, 39.996, 39.019, 35.622, 32.771, 31.652, 25.937, 17.595, 9.203, 3.268, 0.0, 3.355, 6.645, 9.816, 12.646, 18.384, 26.827, 32.679, 34.369, 34.602, 34.646, 35.3, 36.406, 37.749, 39.417, 40.027, 41.404, 41.961, 42.026, 42.346, 43.078, 44.601, 44.893, 45.801, 47.561, 47.767, 46.724, 47.06, 47.819, 47.0, 46.281, 47.959, 50.353, 51.578, 52.418, 52.942, 52.967, 52.827], [56.563, 54.166, 52.688, 53.096, 53.541, 59.304, 61.218, 59.27, 60.9, 61.349, 61.049, 62.745, 63.279, 62.175, 61.715, 60.88, 56.802, 52.762, 52.775, 48.925, 44.321, 43.6, 44.307, 44.285, 45.808, 47.945, 48.456, 48.155, 47.691, 46.733, 44.683, 43.363, 43.986, 43.361, 42.622, 47.437, 53.168, 52.399, 44.892, 41.22, 40.264, 36.762, 33.738, 32.597, 26.625, 17.611, 9.106, 5.086, 3.355, 0.0, 4.571, 8.735, 11.405, 17.061, 25.6, 31.512, 33.237, 33.452, 33.335, 33.789, 34.927, 36.471, 38.191, 38.819, 40.269, 40.855, 40.925, 41.239, 42.016, 43.565, 43.866, 44.837, 46.679, 46.9, 45.849, 46.25, 47.039, 46.178, 45.575, 47.499, 49.949, 51.096, 51.94, 52.551, 52.616, 52.457], [54.665, 52.348, 50.925, 51.329, 51.631, 57.364, 59.375, 57.475, 59.201, 59.644, 59.399, 61.202, 61.778, 60.705, 60.372, 59.852, 56.163, 52.431, 52.464, 48.731, 44.377, 43.772, 44.43, 44.341, 45.8, 47.884, 48.404, 48.12, 47.679, 46.642, 44.509, 43.258, 43.891, 43.248, 42.436, 47.235, 52.923, 52.144, 44.823, 41.339, 40.301, 36.709, 33.664, 32.548, 26.56, 17.722, 10.052, 7.342, 6.645, 4.571, 0.0, 5.359, 9.113, 14.775, 23.511, 29.708, 31.594, 31.869, 31.738, 32.094, 33.254, 34.904, 36.701, 37.389, 38.864, 39.425, 39.446, 39.661, 40.545, 42.227, 42.545, 43.6, 45.359, 45.484, 44.445, 44.9, 45.716, 44.849, 44.306, 46.301, 48.712, 49.765, 50.556, 51.212, 51.384, 51.211], [53.9, 51.582, 50.223, 50.61, 50.867, 56.549, 58.611, 56.829, 58.594, 59.031, 58.749, 60.465, 61.007, 59.952, 59.674, 59.242, 55.858, 52.662, 52.747, 48.993, 44.853, 44.376, 44.956, 44.775, 46.096, 48.068, 48.571, 48.308, 47.883, 46.805, 44.718, 43.499, 44.105, 43.474, 42.724, 47.565, 53.087, 52.34, 45.328, 42.04, 40.916, 37.321, 34.41, 33.35, 27.84, 19.859, 12.999, 10.303, 9.816, 8.735, 5.359, 0.0, 6.198, 13.238, 22.572, 28.978, 30.912, 31.221, 31.063, 31.248, 32.233, 33.724, 35.463, 36.122, 37.493, 38.065, 38.042, 38.228, 39.092, 40.687, 40.989, 42.026, 43.68, 43.788, 42.851, 43.305, 44.111, 43.346, 42.827, 44.799, 47.281, 48.43, 49.271, 49.924, 50.124, 50.017], [55.749, 53.234, 51.798, 52.16, 52.582, 58.475, 60.51, 58.901, 60.9, 61.419, 61.08, 62.674, 63.099, 61.93, 61.665, 61.202, 57.808, 54.665, 54.772, 50.865, 46.48, 45.928, 46.528, 46.418, 47.754, 49.742, 50.24, 49.985, 49.623, 48.618, 46.723, 45.523, 46.084, 45.445, 44.933, 49.987, 55.376, 54.679, 47.762, 44.294, 43.218, 39.692, 36.8, 35.75, 30.621, 22.531, 15.262, 13.064, 12.646, 11.405, 9.113, 6.198, 0.0, 9.391, 21.265, 28.643, 30.733, 30.996, 30.563, 29.982, 30.3, 31.629, 33.307, 33.834, 35.136, 35.742, 35.682, 35.966, 36.821, 38.288, 38.619, 39.567, 41.384, 41.798, 41.039, 41.535, 42.274, 41.565, 41.23, 43.55, 46.358, 47.652, 48.593, 49.325, 49.484, 49.474], [56.141, 54.013, 52.827, 53.149, 53.29, 58.967, 60.805, 59.038, 61.155, 61.76, 61.459, 63.017, 63.475, 62.341, 62.129, 61.748, 58.484, 55.418, 55.495, 51.807, 47.655, 47.052, 47.646, 47.625, 48.999, 51.014, 51.485, 51.236, 50.969, 49.934, 48.051, 46.938, 47.469, 46.871, 46.317, 51.327, 56.59, 55.756, 48.828, 45.343, 44.515, 41.424, 38.737, 37.679, 32.66, 25.211, 19.356, 18.474, 18.384, 17.061, 14.775, 13.238, 9.391, 0.0, 14.421, 23.465, 26.152, 26.493, 26.1, 25.417, 25.767, 27.265, 29.032, 29.575, 31.001, 31.574, 31.528, 31.773, 32.818, 34.625, 35.121, 36.43, 38.581, 39.103, 38.311, 38.896, 39.521, 38.713, 38.778, 41.635, 44.608, 45.842, 46.774, 47.691, 48.032, 47.972], [56.152, 54.812, 53.977, 54.216, 53.924, 59.049, 60.736, 58.6, 60.472, 61.102, 60.786, 62.216, 62.865, 62.078, 62.131, 61.89, 58.724, 55.919, 55.947, 52.559, 49.153, 48.731, 49.332, 49.385, 50.72, 52.633, 53.03, 52.787, 52.546, 51.437, 49.447, 48.469, 48.924, 48.417, 47.616, 51.889, 56.969, 55.914, 49.257, 46.546, 46.324, 44.172, 41.959, 41.035, 36.294, 30.434, 27.049, 26.987, 26.827, 25.6, 23.511, 22.572, 21.265, 14.421, 0.0, 10.686, 14.693, 15.396, 15.76, 17.282, 19.62, 21.739, 23.624, 24.367, 26.417, 27.061, 27.245, 27.492, 28.77, 31.219, 31.872, 33.979, 36.395, 36.44, 34.985, 35.513, 36.146, 34.949, 35.313, 38.674, 41.536, 42.668, 43.765, 45.048, 45.699, 45.383], [57.783, 56.695, 55.871, 56.05, 55.72, 60.684, 62.537, 60.334, 62.039, 62.678, 62.393, 63.837, 64.659, 64.146, 64.33, 64.116, 60.949, 58.254, 58.258, 54.981, 51.926, 51.693, 52.428, 52.545, 53.808, 55.676, 56.065, 55.8, 55.543, 54.43, 52.401, 51.575, 51.984, 51.54, 50.63, 54.314, 59.266, 58.146, 52.043, 50.07, 50.101, 48.483, 46.627, 45.867, 41.084, 35.439, 32.852, 32.97, 32.679, 31.512, 29.708, 28.978, 28.643, 23.465, 10.686, 0.0, 5.234, 6.642, 8.256, 13.319, 18.075, 20.823, 22.592, 23.522, 26.219, 27.052, 27.579, 28.004, 29.357, 32.08, 32.73, 35.326, 37.593, 37.072, 35.025, 35.369, 36.045, 34.513, 35.354, 39.405, 42.21, 43.276, 44.609, 46.205, 46.984, 46.469], [58.824, 57.669, 56.763, 56.927, 56.646, 61.688, 63.637, 61.411, 63.048, 63.679, 63.411, 64.898, 65.787, 65.324, 65.451, 65.109, 61.878, 59.163, 59.166, 55.915, 52.882, 52.706, 53.583, 53.77, 54.979, 56.829, 57.215, 56.923, 56.664, 55.587, 53.566, 52.802, 53.203, 52.789, 51.889, 55.465, 60.4, 59.288, 53.482, 51.737, 51.793, 50.368, 48.665, 47.978, 43.136, 37.314, 34.73, 34.761, 34.369, 33.237, 31.594, 30.912, 30.733, 26.152, 14.693, 5.234, 0.0, 2.354, 5.886, 12.956, 18.57, 21.637, 23.323, 24.188, 27.062, 27.959, 28.587, 29.155, 30.461, 33.124, 33.762, 36.464, 38.566, 37.852, 35.705, 35.946, 36.584, 34.965, 36.061, 40.416, 43.285, 44.405, 45.858, 47.525, 48.277, 47.733], [58.86, 57.617, 56.654, 56.808, 56.555, 61.668, 63.65, 61.437, 63.105, 63.743, 63.468, 64.983, 65.882, 65.416, 65.541, 65.187, 61.92, 59.169, 59.179, 55.899, 52.822, 52.653, 53.589, 53.836, 55.07, 56.914, 57.287, 56.987, 56.743, 55.71, 53.738, 53.014, 53.429, 53.014, 52.153, 55.791, 60.744, 59.652, 53.868, 52.072, 52.089, 50.658, 48.942, 48.265, 43.467, 37.596, 34.966, 35.013, 34.602, 33.452, 31.869, 31.221, 30.996, 26.493, 15.396, 6.642, 2.354, 0.0, 4.634, 12.453, 18.371, 21.585, 23.243, 24.011, 26.909, 27.824, 28.45, 29.047, 30.353, 33.017, 33.658, 36.39, 38.545, 37.86, 35.73, 35.997, 36.655, 35.021, 36.125, 40.527, 43.407, 44.504, 45.947, 47.617, 48.361, 47.818], [58.57, 56.984, 55.819, 55.935, 55.875, 61.226, 63.305, 61.302, 63.22, 63.933, 63.656, 65.231, 66.114, 65.672, 65.947, 65.732, 62.489, 59.699, 59.709, 56.34, 53.183, 53.038, 53.984, 54.26, 55.616, 57.578, 57.998, 57.721, 57.52, 56.506, 54.616, 53.973, 54.411, 53.967, 53.202, 57.035, 62.038, 61.023, 55.226, 53.24, 53.1, 51.41, 49.52, 48.811, 43.929, 37.64, 34.819, 35.035, 34.646, 33.335, 31.738, 31.063, 30.563, 26.1, 15.76, 8.256, 5.886, 4.634, 0.0, 8.531, 15.209, 19.182, 21.022, 21.797, 24.932, 26.0, 26.712, 27.367, 28.756, 31.45, 32.07, 34.818, 37.136, 36.605, 34.545, 35.006, 35.78, 34.134, 35.352, 40.021, 42.977, 43.995, 45.431, 47.189, 47.949, 47.407], [58.509, 56.583, 55.266, 55.343, 55.562, 61.04, 63.103, 61.513, 63.818, 64.634, 64.348, 65.935, 66.661, 66.14, 66.637, 66.7, 63.652, 60.904, 60.917, 57.51, 54.329, 54.23, 55.134, 55.4, 56