[[0.0, 4.988, 7.985, 10.836, 13.297, 14.323, 14.782, 17.405, 19.487, 20.021, 20.739, 21.14, 21.222, 22.903, 26.089, 28.706, 29.955, 30.943, 33.915, 35.044, 35.209, 35.802, 35.706, 35.92, 36.395, 38.37, 41.378, 43.426, 44.196, 45.449, 47.992, 49.885, 50.444, 50.165, 50.016, 50.371, 51.812, 53.334, 54.199, 54.656, 55.618, 57.263, 57.611, 56.669, 56.575, 56.256, 55.052, 54.558, 54.394, 55.532, 56.454, 57.255, 58.541, 57.959, 57.493, 57.176, 56.566, 57.352, 57.961, 57.065, 56.382, 56.981, 57.375, 57.076, 58.06, 58.591, 57.965, 58.388, 58.738, 58.577, 58.469, 58.509, 58.365, 58.594, 58.654, 57.636, 56.699, 56.634, 56.674, 56.705, 56.672, 56.623, 56.122, 54.876, 54.203, 54.064], [4.988, 0.0, 4.755, 9.576, 12.651, 13.937, 14.361, 16.523, 18.155, 18.419, 19.243, 19.928, 20.416, 22.369, 25.885, 28.976, 30.187, 31.427, 34.78, 35.944, 36.054, 36.528, 36.333, 36.457, 36.802, 38.618, 41.714, 43.869, 44.482, 45.688, 48.259, 50.13, 50.649, 50.276, 50.116, 50.536, 52.074, 53.598, 54.407, 54.813, 55.814, 57.489, 57.824, 56.892, 56.803, 56.679, 55.675, 55.213, 54.938, 55.774, 56.608, 57.404, 58.661, 58.143, 57.724, 57.457, 56.917, 57.699, 58.31, 57.439, 56.778, 57.336, 57.704, 57.415, 58.329, 58.816, 58.421, 59.051, 59.437, 59.274, 59.122, 59.114, 58.926, 59.136, 59.235, 58.358, 57.503, 57.467, 57.552, 57.454, 57.271, 57.173, 56.718, 55.627, 54.993, 54.914], [7.985, 4.755, 0.0, 6.261, 10.305, 12.027, 12.802, 16.122, 17.979, 18.2, 19.051, 19.777, 20.395, 22.445, 26.253, 29.523, 30.549, 31.719, 35.278, 36.514, 36.547, 37.016, 36.85, 36.962, 37.258, 39.016, 42.196, 44.479, 45.075, 46.216, 48.796, 50.727, 51.151, 50.702, 50.584, 51.049, 52.772, 54.493, 55.355, 55.788, 56.766, 58.291, 58.58, 57.579, 57.451, 57.364, 56.317, 55.798, 55.462, 56.207, 57.024, 57.817, 59.028, 58.503, 58.109, 57.919, 57.604, 58.533, 59.162, 58.288, 57.675, 58.31, 58.655, 58.349, 59.267, 59.697, 59.455, 60.172, 60.545, 60.476, 60.406, 60.435, 60.249, 60.419, 60.496, 59.608, 58.818, 58.842, 58.891, 58.808, 58.68, 58.618, 58.157, 57.066, 56.452, 56.381], [10.836, 9.576, 6.261, 0.0, 5.819, 9.103, 10.276, 15.19, 17.735, 18.225, 19.044, 19.566, 20.042, 21.904, 25.768, 29.231, 30.23, 31.007, 34.584, 35.938, 35.918, 36.466, 36.493, 36.752, 37.027, 38.622, 41.649, 43.914, 44.552, 45.545, 48.091, 50.194, 50.705, 50.32, 50.239, 50.693, 52.529, 54.582, 55.625, 56.108, 57.043, 58.448, 58.699, 57.535, 57.37, 57.236, 55.948, 55.334, 54.972, 55.657, 56.441, 57.291, 58.508, 57.952, 57.556, 57.424, 57.226, 58.223, 58.85, 57.959, 57.363, 58.073, 58.364, 58.03, 59.002, 59.418, 59.201, 59.882, 60.212, 60.241, 60.293, 60.389, 60.239, 60.406, 60.451, 59.437, 58.659, 58.761, 58.714, 58.719, 58.782, 58.78, 58.24, 56.996, 56.344, 56.267], [13.297, 12.651, 10.305, 5.819, 0.0, 5.52, 8.289, 14.339, 17.479, 18.042, 18.907, 19.469, 19.721, 20.92, 24.352, 28.015, 29.14, 29.573, 32.901, 34.257, 34.262, 34.81, 34.969, 35.369, 35.731, 37.254, 40.115, 42.377, 43.11, 44.008, 46.599, 48.977, 49.78, 49.47, 49.392, 49.86, 51.735, 53.971, 55.25, 55.751, 56.568, 57.914, 58.145, 56.95, 56.771, 56.595, 55.185, 54.531, 54.212, 54.872, 55.593, 56.485, 57.845, 57.297, 56.899, 56.836, 56.675, 57.789, 58.454, 57.587, 57.02, 57.643, 57.924, 57.775, 58.86, 59.218, 58.956, 59.656, 60.041, 60.09, 60.139, 60.225, 60.074, 60.262, 60.322, 59.2, 58.201, 58.171, 58.077, 58.102, 58.279, 58.376, 57.786, 56.385, 55.686, 55.634], [14.323, 13.937, 12.027, 9.103, 5.52, 0.0, 6.145, 14.504, 17.894, 18.352, 19.059, 19.69, 19.924, 20.882, 23.909, 27.567, 28.829, 29.34, 32.54, 33.732, 33.748, 34.237, 34.382, 34.905, 35.492, 37.204, 39.99, 42.139, 42.973, 43.815, 46.253, 48.668, 49.627, 49.499, 49.506, 49.998, 51.864, 54.114, 55.429, 55.988, 56.62, 57.744, 57.931, 56.805, 56.669, 56.49, 55.116, 54.505, 54.283, 54.957, 55.657, 56.498, 57.851, 57.348, 56.941, 56.911, 56.873, 58.134, 58.841, 58.017, 57.509, 58.161, 58.463, 58.388, 59.641, 60.059, 59.745, 60.382, 60.772, 60.804, 60.774, 60.813, 60.659, 60.879, 61.001, 59.898, 58.796, 58.639, 58.556, 58.56, 58.687, 58.83, 58.241, 56.79, 56.09, 56.057], [14.782, 14.361, 12.802, 10.276, 8.289, 6.145, 0.0, 10.392, 14.538, 15.263, 16.206, 16.886, 17.414, 18.864, 22.253, 26.235, 27.612, 28.213, 31.596, 32.79, 32.663, 33.1, 33.334, 33.907, 34.449, 36.086, 38.844, 40.983, 41.726, 42.695, 45.286, 47.682, 48.668, 48.492, 48.513, 49.057, 50.893, 53.038, 54.277, 54.877, 55.855, 57.236, 57.449, 56.342, 56.218, 56.09, 54.766, 54.16, 53.885, 54.502, 55.203, 56.011, 57.326, 56.828, 56.508, 56.489, 56.247, 57.32, 57.993, 57.177, 56.599, 57.139, 57.449, 57.395, 58.568, 58.988, 58.631, 59.115, 59.361, 59.348, 59.357, 59.471, 59.391, 59.626, 59.749, 58.658, 57.554, 57.407, 57.337, 57.324, 57.399, 57.524, 56.979, 55.556, 54.86, 54.863], [17.405, 16.523, 16.122, 15.19, 14.339, 14.504, 10.392, 0.0, 5.879, 8.061, 9.769, 11.295, 12.717, 14.626, 18.678, 23.812, 25.421, 26.37, 30.256, 31.499, 31.409, 31.61, 31.7, 32.21, 32.444, 33.614, 36.268, 38.548, 39.3, 40.589, 43.653, 46.08, 47.122, 46.602, 46.381, 46.983, 48.776, 50.62, 51.696, 52.162, 53.716, 56.213, 56.676, 55.568, 55.472, 55.412, 54.216, 53.659, 53.258, 53.633, 54.288, 55.061, 56.347, 55.875, 55.581, 55.53, 54.808, 55.387, 55.957, 55.164, 54.234, 54.314, 54.659, 54.479, 55.216, 55.531, 55.145, 55.803, 56.136, 55.959, 55.863, 56.027, 56.049, 56.399, 56.534, 55.494, 54.391, 54.282, 54.276, 54.124, 54.123, 54.228, 53.796, 52.524, 51.79, 51.846], [19.487, 18.155, 17.979, 17.735, 17.479, 17.894, 14.538, 5.879, 0.0, 4.491, 7.056, 9.313, 11.627, 13.926, 18.769, 24.695, 26.296, 27.562, 31.757, 32.983, 32.867, 32.912, 32.661, 32.935, 32.857, 33.716, 36.575, 39.044, 39.619, 41.024, 44.251, 46.588, 47.437, 46.756, 46.43, 46.986, 48.752, 50.494, 51.496, 51.965, 53.663, 56.539, 57.229, 56.15, 56.05, 56.077, 55.049, 54.558, 53.992, 54.042, 54.687, 55.509, 56.741, 56.32, 56.048, 55.98, 55.267, 55.714, 56.22, 55.449, 54.373, 54.287, 54.617, 54.204, 54.592, 54.822, 54.656, 55.606, 56.026, 55.769, 55.534, 55.623, 55.606, 55.943, 56.089, 55.201, 54.279, 54.263, 54.336, 54.085, 53.986, 54.055, 53.705, 52.658, 51.914, 51.929], [20.021, 18.419, 18.2, 18.225, 18.042, 18.352, 15.263, 8.061, 4.491, 0.0, 4.332, 7.822, 10.642, 13.328, 18.325, 24.443, 26.077, 27.646, 32.028, 33.23, 33.112, 33.157, 32.838, 33.015, 32.897, 33.837, 36.961, 39.568, 39.996, 41.393, 44.731, 47.049, 47.757, 46.955, 46.664, 47.21, 48.978, 50.698, 51.655, 52.03, 53.693, 56.537, 57.233, 56.309, 56.248, 56.34, 55.442, 54.999, 54.491, 54.616, 55.324, 56.178, 57.435, 57.05, 56.816, 56.754, 56.022, 56.449, 56.961, 56.18, 55.082, 54.965, 55.308, 54.895, 55.174, 55.388, 55.444, 56.587, 57.027, 56.733, 56.451, 56.491, 56.453, 56.813, 56.991, 56.197, 55.315, 55.293, 55.422, 55.127, 54.949, 54.985, 54.659, 53.701, 52.961, 52.936], [20.739, 19.243, 19.051, 19.044, 18.907, 19.059, 16.206, 9.769, 7.056, 4.332, 0.0, 5.059, 9.025, 12.291, 17.825, 24.331, 26.016, 27.868, 32.497, 33.676, 33.5, 33.55, 33.294, 33.475, 33.309, 34.237, 37.404, 39.982, 40.363, 41.718, 45.07, 47.383, 48.007, 47.071, 46.753, 47.307, 49.112, 50.916, 51.851, 52.221, 53.88, 56.759, 57.441, 56.511, 56.517, 56.668, 55.781, 55.371, 54.923, 55.073, 55.79, 56.632, 57.842, 57.45, 57.227, 57.15, 56.364, 56.776, 57.294, 56.487, 55.342, 55.259, 55.55, 54.985, 55.16, 55.392, 55.533, 56.77, 57.214, 56.913, 56.642, 56.693, 56.682, 57.089, 57.27, 56.487, 55.668, 55.729, 55.901, 55.572, 55.392, 55.416, 55.064, 54.092, 53.346, 53.311], [21.14, 19.928, 19.777, 19.566, 19.469, 19.69, 16.886, 11.295, 9.313, 7.822, 5.059, 0.0, 5.165, 9.861, 16.815, 23.869, 25.623, 27.424, 32.173, 33.426, 33.194, 33.249, 33.132, 33.372, 33.101, 33.778, 36.841, 39.479, 39.902, 41.247, 44.628, 47.08, 47.87, 46.922, 46.571, 47.12, 48.912, 50.763, 51.695, 52.088, 53.749, 56.639, 57.347, 56.349, 56.348, 56.563, 55.701, 55.291, 54.804, 54.893, 55.552, 56.369, 57.583, 57.214, 57.108, 57.106, 56.29, 56.666, 57.17, 56.345, 55.16, 55.075, 55.297, 54.709, 54.904, 55.139, 55.336, 56.596, 57.024, 56.747, 56.505, 56.571, 56.595, 57.027, 57.189, 56.349, 55.557, 55.672, 55.826, 55.533, 55.427, 55.465, 55.034, 53.954, 53.232, 53.199], [21.222, 20.416, 20.395, 20.042, 19.721, 19.924, 17.414, 12.717, 11.627, 10.642, 9.025, 5.165, 0.0, 6.486, 14.669, 21.75, 23.5, 25.218, 30.0, 31.357, 31.115, 31.183, 31.168, 31.502, 31.228, 31.754, 34.687, 37.421, 38.019, 39.409, 42.893, 45.567, 46.56, 45.665, 45.33, 45.853, 47.567, 49.406, 50.354, 50.715, 52.275, 55.149, 55.891, 54.885, 54.867, 55.136, 54.378, 53.984, 53.504, 53.781, 54.51, 55.28, 56.553, 56.196, 56.185, 56.27, 55.498, 55.957, 56.5, 55.645, 54.448, 54.427, 54.756, 54.326, 54.739, 55.051, 55.217, 56.534, 57.056, 56.785, 56.526, 56.586, 56.609, 57.064, 57.247, 56.343, 55.46, 55.522, 55.658, 55.409, 55.358, 55.456, 55.006, 53.792, 53.064, 53.094], [22.903, 22.369, 22.445, 21.904, 20.92, 20.882, 18.864, 14.626, 13.926, 13.328, 12.291, 9.861, 6.486, 0.0, 10.092, 18.829, 20.813, 22.434, 27.659, 29.159, 28.818, 28.874, 28.883, 29.304, 29.05, 29.499, 32.427, 35.193, 35.753, 37.122, 40.822, 43.791, 45.01, 44.118, 43.742, 44.283, 46.034, 47.975, 48.974, 49.34, 50.874, 53.872, 54.683, 53.62, 53.6, 53.939, 53.228, 52.887, 52.424, 52.739, 53.595, 54.406, 55.712, 55.363, 55.353, 55.436, 54.735, 55.246, 55.846, 54.993, 53.778, 53.845, 54.405, 54.046, 54.483, 54.823, 54.956, 56.323, 56.951, 56.647, 56.298, 56.318, 56.323, 56.797, 56.99, 56.046, 55.145, 55.164, 55.274, 55.027, 55.024, 55.242, 54.9, 53.604, 52.74, 52.789], [26.089, 25.885, 26.253, 25.768, 24.352, 23.909, 22.253, 18.678, 18.769, 18.325, 17.825, 16.815, 14.669, 10.092, 0.0, 11.216, 14.48, 15.899, 21.651, 23.233, 23.041, 23.187, 23.565, 24.458, 24.765, 25.906, 28.721, 31.13, 31.945, 33.507, 37.372, 40.618, 42.192, 41.501, 41.149, 41.785, 43.531, 45.47, 46.483, 46.669, 47.91, 51.02, 51.85, 50.924, 50.939, 51.162, 50.531, 50.26, 50.306, 51.306, 52.393, 53.173, 54.566, 54.166, 54.048, 54.135, 53.259, 53.816, 54.53, 53.709, 52.651, 52.819, 53.589, 53.639, 54.46, 55.021, 55.063, 56.299, 57.008, 56.667, 56.2, 56.178, 56.161, 56.702, 57.068, 56.139, 54.892, 54.495, 54.621, 54.384, 54.197, 54.443, 54.191, 52.879, 52.039, 52.133], [28.706, 28.976, 29.523, 29.231, 28.015, 27.567, 26.235, 23.812, 24.695, 24.443, 24.331, 23.869, 21.75, 18.829, 11.216, 0.0, 5.147, 7.514, 13.535, 15.206, 15.345, 15.865, 17.045, 18.625, 19.83, 22.315, 25.15, 27.237, 28.616, 30.583, 34.691, 37.915, 39.125, 38.488, 38.316, 38.871, 40.403, 42.169, 43.093, 43.073, 43.988, 47.053, 47.863, 47.125, 47.144, 47.171, 46.759, 46.513, 47.163, 49.877, 51.563, 52.187, 53.726, 53.176, 53.003, 53.079, 52.0, 52.789, 53.63, 52.78, 51.974, 52.353, 53.256, 53.806, 55.203, 56.141, 56.181, 57.31, 58.038, 57.695, 57.227, 57.193, 57.142, 57.697, 58.215, 57.29, 55.687, 54.945, 55.111, 54.934, 54.532, 54.74, 54.51, 53.159, 52.481, 52.66], [29.955, 30.187, 30.549, 30.23, 29.14, 28.829, 27.612, 25.421, 26.296, 26.077, 26.016, 25.623, 23.5, 20.813, 14.48, 5.147, 0.0, 5.956, 12.682, 14.369, 14.401, 14.904, 16.198, 17.737, 18.905, 21.472, 24.429, 26.665, 28.034, 30.094, 34.452, 37.583, 38.256, 37.35, 37.262, 37.75, 39.291, 41.091, 41.96, 41.956, 42.963, 46.032, 46.852, 46.106, 46.09, 46.191, 45.946, 45.711, 46.287, 49.435, 51.449, 51.999, 53.491, 52.892, 52.737, 52.809, 51.736, 52.64, 53.532, 52.658, 51.889, 52.323, 53.245, 53.831, 55.251, 56.257, 56.488, 57.767, 58.488, 58.145, 57.689, 57.65, 57.597, 58.12, 58.628, 57.727, 56.15, 55.444, 55.633, 55.44, 54.986, 55.202, 55.035, 53.735, 53.094, 53.315], [30.943, 31.427, 31.719, 31.007, 29.573, 29.34, 28.213, 26.37, 27.562, 27.646, 27.868, 27.424, 25.218, 22.434, 15.899, 7.514, 5.956, 0.0, 8.289, 10.825, 11.137, 12.195, 14.103, 16.186, 17.783, 20.71, 23.615, 25.832, 27.45, 29.555, 33.95, 37.317, 38.346, 37.72, 37.673, 38.133, 39.593, 41.433, 42.501, 42.576, 43.516, 46.486, 47.229, 46.385, 46.309, 46.161, 45.616, 45.282, 45.912, 49.129, 51.102, 51.846, 53.536, 52.935, 52.785, 52.877, 51.875, 52.746, 53.56, 52.692, 51.929, 52.356, 53.335, 54.019, 55.483, 56.425, 56.531, 57.609, 58.275, 58.004, 57.609, 57.615, 57.555, 58.045, 58.536, 57.543, 55.919, 55.148, 55.232, 55.181, 54.886, 55.154, 54.96, 53.552, 52.869, 53.054], [33.915, 34.78, 35.278, 34.584, 32.901, 32.54, 31.596, 30.256, 31.757, 32.028, 32.497, 32.173, 30.0, 27.659, 21.651, 13.535, 12.682, 8.289, 0.0, 4.042, 5.881, 7.896, 10.925, 13.777, 16.299, 20.162, 22.818, 24.763, 27.043, 29.551, 34.045, 37.474, 38.724, 38.44, 38.499, 38.873, 39.944, 41.49, 42.691, 42.722, 43.397, 46.211, 46.883, 46.177, 46.118, 45.6, 44.874, 44.528, 45.463, 49.306, 51.315, 52.177, 54.304, 53.733, 53.628, 53.748, 52.615, 53.475, 54.231, 53.355, 52.672, 53.085, 54.102, 55.104, 56.809, 57.76, 57.598, 58.445, 59.136, 58.916, 58.552, 58.593, 58.53, 59.013, 59.556, 58.471, 56.545, 55.516, 55.554, 55.638, 55.408, 55.653, 55.369, 53.876, 53.271, 53.428], [35.044, 35.944, 36.514, 35.938, 34.257, 33.732, 32.79, 31.499, 32.983, 33.23, 33.676, 33.426, 31.357, 29.159, 23.233, 15.206, 14.369, 10.825, 4.042, 0.0, 4.287, 6.824, 10.259, 13.373, 16.125, 20.163, 22.697, 24.447, 26.937, 29.658, 34.017, 37.276, 38.438, 38.203, 38.285, 38.62, 39.565, 40.997, 42.239, 42.334, 42.879, 45.603, 46.274, 45.685, 45.671, 45.017, 44.287, 44.022, 45.109, 49.051, 51.086, 51.905, 54.064, 53.558, 53.457, 53.554, 52.344, 53.184, 53.943, 53.068, 52.41, 52.869, 53.903, 54.995, 56.911, 57.994, 57.744, 58.465, 59.163, 59.0, 58.637, 58.702, 58.665, 59.148, 59.738, 58.674, 56.629, 55.447, 55.504, 55.613, 55.333, 55.542, 55.223, 53.767, 53.234, 53.39], [35.209, 36.054, 36.547, 35.918, 34.262, 33.748, 32.663, 31.409, 32.867, 33.112, 33.5, 33.194, 31.115, 28.818, 23.041, 15.345, 14.401, 11.137, 5.881, 4.287, 0.0, 4.426, 9.019, 12.256, 14.873, 18.853, 21.495, 23.29, 25.395, 28.128, 32.782, 36.094, 37.126, 36.816, 36.919, 37.251, 38.244, 39.77, 41.007, 41.198, 41.925, 44.603, 45.236, 44.596, 44.594, 44.093, 43.468, 43.27, 44.227, 48.051, 50.137, 51.008, 53.185, 52.701, 52.801, 52.906, 51.701, 52.596, 53.367, 52.461, 51.803, 52.334, 53.433, 54.502, 56.401, 57.487, 57.281, 57.997, 58.657, 58.531, 58.186, 58.245, 58.2, 58.662, 59.245, 58.201, 56.205, 55.09, 55.183, 55.266, 54.968, 55.183, 54.909, 53.499, 52.955, 53.121], [35.802, 36.528, 37.016, 36.466, 34.81, 34.237, 33.1, 31.61, 32.912, 33.157, 33.55, 33.249, 31.183, 28.874, 23.187, 15.865, 14.904, 12.195, 7.896, 6.824, 4.426, 0.0, 6.39, 10.347, 13.12, 17.112, 19.823, 21.841, 24.124, 26.845, 31.715, 35.236, 36.511, 36.312, 36.419, 36.814, 37.823, 39.313, 40.52, 40.613, 41.325, 44.118, 44.75, 44.109, 44.12, 43.765, 43.344, 43.183, 44.016, 47.671, 49.713, 50.53, 52.733, 52.242, 52.336, 52.635, 51.522, 52.473, 53.274, 52.398, 51.701, 52.041, 53.103, 54.321, 56.27, 57.326, 57.162, 57.992, 58.699, 58.47, 58.024, 58.046, 58.005, 58.509, 59.13, 58.114, 56.063, 54.914, 55.05, 55.066, 54.7, 54.934, 54.689, 53.321, 52.802, 53.019], [35.706, 36.333, 36.85, 36.493, 34.969, 34.382, 33.334, 31.7, 32.661, 32.838, 33.294, 33.132, 31.168, 28.883, 23.565, 17.045, 16.198, 14.103, 10.925, 10.259, 9.019, 6.39, 0.0, 4.901, 8.492, 13.373, 17.2, 19.79, 21.98, 25.0, 30.045, 33.552, 34.779, 34.726, 34.92, 35.304, 36.29, 37.677, 38.831, 38.896, 39.606, 42.574, 43.442, 42.906, 42.942, 42.659, 42.325, 42.221, 42.874, 46.343, 48.418, 49.282, 51.506, 51.056, 51.105, 51.459, 50.877, 52.038, 52.777, 51.949, 51.147, 51.358, 52.48, 53.498, 55.455, 56.515, 56.524, 57.616, 58.39, 58.024, 57.382, 57.337, 57.212, 57.704, 58.386, 57.452, 55.458, 54.353, 54.549, 54.486, 54.049, 54.252, 54.06, 52.813, 52.276, 52.451], [35.92, 36.457, 36.962, 36.752, 35.369, 34.905, 33.907, 32.21, 32.935, 33.015, 33.475, 33.372, 31.502, 29.304, 24.458, 18.625, 17.737, 16.186, 13.777, 13.373, 12.256, 10.347, 4.901, 0.0, 4.787, 11.149, 16.382, 19.486, 21.374, 24.888, 30.299, 33.594, 34.403, 34.097, 34.332, 34.75, 35.749, 37.045, 38.08, 38.115, 39.036, 42.154, 43.159, 42.731, 42.748, 42.48, 42.192, 42.113, 42.624, 46.028, 48.168, 49.069, 51.29, 50.835, 50.922, 51.248, 50.856, 52.141, 52.879, 52.021, 51.12, 51.312, 52.393, 53.143, 54.877, 55.806, 56.028, 57.424, 58.244, 57.814, 57.122, 57.045, 56.884, 57.355, 58.024, 57.127, 55.215, 54.222, 54.467, 54.381, 53.942, 54.102, 53.937, 52.827, 52.315, 52.402], [36.395, 36.802, 37.258, 37.027, 35.731, 35.492, 34.449, 32.444, 32.857, 32.897, 33.309, 33.101, 31.228, 29.05, 24.765, 19.83, 18.905, 17.783, 16.299, 16.125, 14.873, 13.12, 8.492, 4.787, 0.0, 7.705, 14.87, 18.792, 20.407, 24.435, 30.405, 33.71, 34.231, 33.59, 33.739, 34.155, 35.174, 36.441, 37.397, 37.463, 38.72, 42.085, 43.168, 42.731, 42.719, 42.504, 42.261, 42.205, 42.533, 45.708, 47.844, 48.802, 50.979, 50.499, 50.634, 50.968, 50.52, 51.699, 52.416, 51.534, 50.459, 50.54, 51.538, 52.059, 53.488, 54.29, 54.759, 56.497, 57.407, 56.949, 56.249, 56.161, 55.996, 56.441, 57.058, 56.176, 54.373, 53.545, 53.832, 53.742, 53.395, 53.568, 53.398, 52.417, 51.968, 51.993], [38.37, 38.618, 39.016, 38.622, 37.254, 37.204, 36.086, 33.614, 33.716, 33.837, 34.237, 33.778, 31.754, 29.499, 25.906, 22.315, 21.472, 20.71, 20.162, 20.163, 18.853, 17.112, 13.373, 11.149, 7.705, 0.0, 9.309, 14.699, 16.314, 20.802, 27.302, 30.978, 31.857, 31.215, 31.293, 31.728, 32.775, 34.043, 35.054, 35.166, 36.574, 40.2, 41.405, 40.911, 40.886, 40.852, 40.738, 40.7, 40.688, 43.344, 45.351, 46.283, 48.427, 47.995, 48.296, 48.775, 48.381, 49.502, 50.206, 49.462, 48.439, 48.415, 49.38, 49.937, 51.465, 52.254, 52.811, 54.785, 55.9, 55.499, 54.716, 54.606, 54.463, 54.923, 55.541, 54.665, 52.836, 52.056, 52.353, 52.196, 51.886, 52.074, 51.854, 50.941, 50.605, 50.672], [41.378, 41.714, 42.196, 41.649, 40.115, 39.99, 38.844, 36.268, 36.575, 36.961, 37.404, 36.841, 34.687, 32.427, 28.721, 25.15, 24.429, 23.615, 22.818, 22.697, 21.495, 19.823, 17.2, 16.382, 14.87, 9.309, 0.0, 6.879, 10.603, 15.173, 21.474, 25.729, 27.619, 27.569, 27.683, 28.214, 29.214, 30.49, 31.727, 31.82, 32.723, 36.286, 37.522, 37.01, 37.041, 37.079, 37.127, 37.141, 37.132, 39.71, 41.511, 42.175, 44.33, 43.987, 44.511, 45.247, 44.79, 46.071, 46.865, 46.398, 46.018, 46.281, 47.331, 48.471, 50.869, 51.932, 52.087, 53.806, 55.094, 54.85, 54.015, 53.885, 53.785, 54.336, 55.084, 54.178, 52.026, 50.929, 51.183, 50.976, 50.528, 50.693, 50.381, 49.389, 49.266, 49.554], [43.426, 43.869, 44.479, 43.914, 42.377, 42.139, 40.983, 38.548, 39.044, 39.568, 39.982, 39.479, 37.421, 35.193, 31.13, 27.237, 26.665, 25.832, 24.763, 24.447, 23.29, 21.841, 19.79, 19.486, 18.792, 14.699, 6.879, 0.0, 7.105, 12.087, 17.556, 21.747, 24.075, 24.492, 24.632, 25.309, 26.263, 27.686, 29.181, 29.363, 29.747, 33.086, 34.347, 33.828, 33.899, 33.86, 33.994, 34.117, 34.351, 37.014, 38.814, 39.455, 41.644, 41.319, 41.865, 42.652, 42.213, 43.739, 44.589, 44.212, 44.328, 45.144, 46.401, 47.786, 50.858, 52.377, 52.311, 53.75, 55.008, 54.824, 53.973, 53.812, 53.705, 54.295, 55.162, 54.312, 52.039, 50.74, 51.006, 50.805, 50.213, 50.334, 49.98, 48.994, 49.001, 49.399], [44.196, 44.482, 45.075, 44.552, 43.11, 42.973, 41.726, 39.3, 39.619, 39.996, 40.363, 39.902, 38.019, 35.753, 31.945, 28.616, 28.034, 27.45, 27.043, 26.937, 25.395, 24.124, 21.98, 21.374, 20.407, 16.314, 10.603, 7.105, 0.0, 7.566, 14.935, 19.159, 21.171, 21.479, 21.673, 22.407, 23.523, 25.28, 26.893, 27.231, 28.091, 31.526, 32.96, 32.409, 32.444, 32.735, 33.057, 33.261, 33.213, 35.493, 37.469, 38.416, 40.706, 40.371, 41.008, 41.596, 41.292, 42.964, 43.808, 43.373, 43.385, 44.327, 45.922, 47.106, 49.958, 51.611, 51.788, 53.328, 54.473, 54.191, 53.279, 53.051, 52.872, 53.414, 54.275, 53.54, 51.454, 50.318, 50.655, 50.393, 49.74, 49.859, 49.633, 48.783, 48.673, 49.044], [45.449, 45.688, 46.216, 45.545, 44.008, 43.815, 42.695, 40.589, 41.024, 41.393, 41.718, 41.247, 39.409, 37.122, 33.507, 30.583, 30.094, 29.555, 29.551, 29.658, 28.128, 26.845, 25.0, 24.888, 24.435, 20.802, 15.173, 12.087, 7.566, 0.0, 9.64, 15.587, 19.147, 20.676, 21.017, 21.737, 23.034, 25.204, 27.02, 27.317, 27.665, 30.625, 32.017, 31.273, 31.369, 31.993, 32.399, 32.599, 32.435, 34.486, 36.346, 37.195, 39.509, 39.236, 39.866, 40.579, 40.645, 42.613, 43.481, 43.225, 43.54, 44.488, 46.208, 47.824, 51.152, 52.946, 52.92, 54.253, 55.369, 55.057, 54.052, 53.754, 53.549, 54.124, 55.026, 54.311, 52.247, 51.081, 51.379, 51.076, 50.364, 50.526, 50.364, 49.398, 49.18, 49.718], [47.992, 48.259, 48.796, 48.091, 46.599, 46.253, 45.286, 43.653, 44.251, 44.731, 45.07, 44.628, 42.893, 40.822, 37.372, 34.691, 34.452, 33.95, 34.045, 34.017, 32.782, 31.715, 30.045, 30.299, 30.405, 27.302, 21.474, 17.556, 14.935, 9.64, 0.0, 8.132, 15.266, 19.537, 20.313, 21.038, 22.3, 24.601, 26.712, 27.184, 26.325, 28.011, 29.336, 28.529, 28.778, 29.451, 29.887, 30.153, 29.944, 31.281, 32.81, 33.378, 35.513, 35.516, 36.204, 37.121, 38.324, 41.177, 42.128, 42.057, 43.086, 44.643, 46.496, 48.549, 53.316, 55.888, 55.476, 56.11, 57.073, 56.923, 55.867, 55.542, 55.347, 55.912, 56.948, 56.352, 54.274, 52.907, 53.131, 52.866, 51.976, 52.043, 51.835, 50.838, 50.7, 51.399], [49.885, 50.13, 50.727, 50.194, 48.977, 48.668, 47.682, 46.08, 46.588, 47.049, 47.383, 47.08, 45.567, 43.791, 40.618, 37.915, 37.583, 37.317, 37.474, 37.276, 36.094, 35.236, 33.552, 33.594, 33.71, 30.978, 25.729, 21.747, 19.159, 15.587, 8.132, 0.0, 9.713, 16.112, 17.42, 18.242, 19.431, 21.755, 24.018, 24.687, 23.627, 24.759, 26.122, 25.433, 25.819, 26.651, 27.325, 27.729, 27.383, 28.327, 29.902, 30.411, 32.327, 32.462, 33.292, 34.035, 35.776, 39.31, 40.378, 40.241, 41.542, 43.685, 45.712, 47.663, 53.259, 56.685, 56.276, 56.625, 57.433, 57.329, 56.307, 55.955, 55.738, 56.26, 57.346, 56.911, 54.954, 53.624, 53.89, 53.612, 52.547, 52.476, 52.287, 51.469, 51.413, 52.105], [50.444, 50.649, 51.151, 50.705, 49.78, 49.627, 48.668, 47.122, 47.437, 47.757, 48.007, 47.87, 46.56, 45.01, 42.192, 39.125, 38.256, 38.346, 38.724, 38.438, 37.126, 36.511, 34.779, 34.403, 34.231, 31.857, 27.619, 24.075, 21.171, 19.147, 15.266, 9.713, 0.0, 8.227, 10.61, 11.412, 12.909, 16.127, 18.73, 19.906, 19.52, 20.931, 22.628, 21.983, 22.381, 23.413, 24.417, 24.987, 24.507, 26.392, 28.81, 29.474, 31.212, 31.133, 32.066, 32.482, 33.953, 37.759, 38.936, 38.603, 39.983, 42.618, 44.696, 46.206, 51.742, 55.659, 55.789, 56.499, 57.287, 57.255, 56.387, 56.037, 55.769, 56.173, 57.187, 56.869, 55.133, 54.005, 54.353, 54.065, 52.954, 52.808, 52.682, 52.105, 52.122, 52.68], [50.165, 50.276, 50.702, 50.32, 49.47, 49.499, 48.492, 46.602, 46.756, 46.955, 47.071, 46.922, 45.665, 44.118, 41.501, 38.488, 37.35, 37.72, 38.44, 38.203, 36.816, 36.312, 34.726, 34.097, 33.59, 31.215, 27.569, 24.492, 21.479, 20.676, 19.537, 16.112, 8.227, 0.0, 4.096, 6.273, 9.171, 13.318, 16.037, 17.417, 18.287, 20.906, 22.708, 21.977, 22.055, 23.008, 24.083, 24.622, 24.049, 26.438, 29.309, 30.163, 31.931, 31.602, 32.594, 32.888, 33.495, 37.014, 38.291, 37.778, 38.961, 41.611, 43.63, 44.848, 49.785, 53.625, 54.253, 55.548, 56.468, 56.478, 55.773, 55.477, 55.234, 55.601, 56.507, 56.188, 54.523, 53.534, 53.939, 53.654, 52.634, 52.523, 52.42, 51.962, 52.017, 52.462], [50.016, 50.116, 50.584, 50.239, 49.392, 49.506, 48.513, 46.381, 46.43, 46.664, 46.753, 46.571, 45.33, 43.742, 41.149, 38.316, 37.262, 37.673, 38.499, 38.285, 36.919, 36.419, 34.92, 34.332, 33.739, 31.293, 27.683, 24.632, 21.673, 21.017, 20.313, 17.42, 10.61, 4.096, 0.0, 4.087, 8.179, 12.629, 15.497, 17.042, 18.059, 21.195, 23.089, 22.17, 22.11, 23.001, 24.067, 24.645, 24.101, 26.257, 29.035, 29.968, 31.794, 31.434, 32.349, 32.592, 32.811, 36.139, 37.452, 36.948, 38.086, 40.689, 42.689, 43.887, 48.74, 52.541, 53.136, 54.562, 55.659, 55.737, 55.043, 54.761, 54.526, 54.899, 55.789, 55.454, 53.777, 52.797, 53.224, 52.93, 51.939, 51.855, 51.765, 51.342, 51.424, 51.86], [50.371, 50.536, 51.049, 50.693, 49.86, 49.998, 49.057, 46.983, 46.986, 47.21, 47.307, 47.12, 45.853, 44.283, 41.785, 38.871, 37.75, 38.133, 38.873, 38.62, 37.251, 36.814, 35.304, 34.75, 34.155, 31.728, 28.214, 25.309, 22.407, 21.737, 21.038, 18.242, 11.412, 6.273, 4.087, 0.0, 5.265, 10.574, 13.877, 15.901, 16.995, 20.213, 22.39, 21.54, 21.551, 22.506, 23.747, 24.482, 23.832, 26.095, 29.005, 29.899, 31.671, 31.365, 32.323, 32.437, 32.545, 35.762, 37.081, 36.629, 37.787, 40.355, 42.336, 43.558, 48.46, 52.304, 52.962, 54.383, 55.515, 55.698, 54.984, 54.673, 54.435, 54.782, 55.665, 55.336, 53.679, 52.696, 53.115, 52.825, 51.818, 51.718, 51.655, 51.265, 51.348, 51.783], [51.812, 52.074, 52.772, 52.529, 51.735, 51.864, 50.893, 48.776, 48.752, 48.978, 49.112, 48.912, 47.567, 46.034, 43.531, 40.403, 39.291, 39.593, 39.944, 39.565, 38.244, 37.823, 36.29, 35.749, 35.174, 32.775, 29.214, 26.263, 23.523, 23.034, 22.3, 19.431, 12.909, 9.171, 8.179, 5.265, 0.0, 6.355, 10.633, 13.342, 14.557, 17.974, 20.511, 20.022, 20.136, 21.196, 22.985, 23.989, 23.299, 25.988, 29.093, 29.902, 31.726, 31.467, 32.515, 32.601, 32.578, 35.785, 37.092, 36.603, 37.709, 40.222, 42.236, 43.571, 48.663, 52.703, 53.394, 54.793, 55.936, 56.118, 55.408, 55.099, 54.84, 55.169, 56.086, 55.786, 54.076, 53.037, 53.487, 53.203, 52.156, 52.024, 51.97, 51.618, 51.738, 52.18], [53.334, 53.598, 54.493, 54.582, 53.971, 54.114, 53.038, 50.62, 50.494, 50.698, 50.916, 50.763, 49.406, 47.975, 45.47, 42.169, 41.091, 41.433, 41.49, 40.997, 39.77, 39.313, 37.677, 37.045, 36.441, 34.043, 30.49, 27.686, 25.28, 25.204, 24.601, 21.755, 16.127, 13.318, 12.629, 10.574, 6.355, 0.0, 5.568, 9.444, 11.678, 16.157, 19.115, 19.302, 19.562, 20.692, 23.167, 24.44, 23.727, 26.608, 29.665, 30.177, 31.991, 31.838, 32.999, 33.111, 32.948, 36.054, 37.301, 36.801, 37.877, 40.214, 42.263, 43.783, 48.981, 53.041, 53.645, 55.006, 56.188, 56.354, 55.63, 55.396, 55.204, 55.541, 56.48, 56.24, 54.454, 53.313, 53.8, 53.507, 52.389, 52.219, 52.219, 51.993, 52.202, 52.646], [54.199, 54.407, 55.355, 55.625, 55.25, 55.429, 54.277, 51.696, 51.496, 51.655, 51.851, 51.695, 50.354, 48.974, 46.483, 43.093, 41.96, 42.501, 42.691, 42.239, 41.007, 40.52, 38.831, 38.08, 37.397, 35.054, 31.727, 29.181, 26.893, 27.02, 26.712, 24.018, 18.73, 16.037, 15.497, 13.877, 10.633, 5.568, 0.0, 5.374, 9.862, 15.725, 18.855, 19.268, 19.656, 21.178, 24.059, 25.422, 24.695, 27.619, 30.657, 30.963, 32.617, 32.512, 33.745, 33.807, 33.496, 36.491, 37.737, 37.219, 38.256, 40.564, 42.635, 44.106, 49.101, 53.086, 53.717, 55.148, 56.341, 56.481, 55.781, 55.601, 55.523, 55.94, 56.869, 56.678, 54.99, 53.948, 54.465, 54.12, 52.95, 52.744, 52.809, 52.667, 52.882, 53.337], [54.656, 54.813, 55.788, 56.108, 55.751, 55.988, 54.877, 52.162, 51.965, 52.03, 52.221, 52.088, 50.715, 49.34, 46.669, 43.073, 41.956, 42.576, 42.722, 42.334, 41.198, 40.613, 38.896, 38.115, 37.463, 35.166, 31.82, 29.363, 27.231, 27.317, 27.184, 24.687, 19.906, 17.417, 17.042, 15.901, 13.342, 9.444, 5.374, 0.0, 7.47, 15.173, 18.288, 18.854, 19.312, 21.157, 24.263, 25.555, 25.041, 28.258, 31.262, 31.496, 33.226, 33.098, 34.269, 34.406, 33.91, 36.894, 38.202, 37.628, 38.556, 40.698, 42.812, 44.414, 49.279, 53.247, 53.929, 55.531, 56.794, 56.818, 56.084, 55.873, 55.853, 56.432, 57.4, 57.209, 55.496, 54.468, 55.003, 54.584, 53.387, 53.179, 53.241, 53.065, 53.236, 53.743], [55.618, 55.814, 56.766, 57.043, 56.568, 56.62, 55.855, 53.716, 53.663, 53.693, 53.88, 53.749, 52.275, 50.874, 47.91, 43.988, 42.963, 43.516, 43.397, 42.879, 41.925, 41.325, 39.606, 39.036, 38.72, 36.574, 32.723, 29.747, 28.091, 27.665, 26.325, 23.627, 19.52, 18.287, 18.059, 16.995, 14.557, 11.678, 9.862, 7.47, 0.0, 9.519, 13.566, 14.697, 15.441, 17.537, 21.387, 22.95, 22.901, 26.616, 29.67, 29.663, 31.446, 31.42, 32.505, 32.937, 33.142, 36.798, 38.188, 37.716, 39.1, 41.559, 43.724, 45.728, 51.334, 55.467, 55.96, 57.445, 58.797, 58.847, 57.985, 57.676, 57.557, 58.177, 59.316, 59.141, 57.27, 56.023, 56.543, 56.148, 54.905, 54.716, 54.703, 54.428, 54.67, 55.279], [57.263, 57.489, 58.291, 58.448, 57.914, 57.744, 57.236, 56.213, 56.539, 56.537, 56.759, 56.639, 55.149, 53.872, 51.02, 47.053, 46.032, 46.486, 46.211, 45.603, 44.603, 44.118, 42.574, 42.154, 42.085, 40.2, 36.286, 33.086, 31.526, 30.625, 28.011, 24.759, 20.931, 20.906, 21.195, 20.213, 17.974, 16.157, 15.725, 15.173, 9.519, 0.0, 6.033, 9.072, 10.432, 13.459, 18.548, 20.472, 20.525, 24.538, 27.706, 27.482, 29.207, 29.326, 30.604, 31.253, 32.665, 37.452, 38.909, 38.435, 40.501, 43.532, 45.698, 48.11, 54.62, 59.046, 59.43, 60.536, 61.72, 61.886, 61.086, 60.738, 60.527, 61.023, 62.242, 62.149, 60.253, 58.899, 59.382, 59.102, 57.841, 57.627, 57.538, 57.244, 57.602, 58.28], [57.611, 57.824, 58.58, 58.699, 58.145, 57.931, 57.449, 56.676, 57.229, 57.233, 57.441, 57.347, 55.891, 54.683, 51.85, 47.863, 46.852, 47.229, 46.883, 46.274, 45.236, 44.75, 43.442, 43.159, 43.168, 41.405, 37.522, 34.347, 32.96, 32.017, 29.336, 26.122, 22.628, 22.708, 23.089, 22.39, 20.511, 19.115, 18.855, 18.288, 13.566, 6.033, 0.0, 5.248, 7.457, 11.186, 16.8, 18.824, 19.066, 23.436, 26.69, 26.57, 28.361, 28.523, 29.904, 30.627, 31.995, 36.891, 38.307, 37.775, 39.989, 43.141, 45.345, 48.002, 54.796, 59.388, 59.721, 60.687, 61.818, 62.016, 61.307, 60.968, 60.755, 61.256, 62.498, 62.479, 60.664, 59.332, 59.789, 59.555, 58.314, 58.089, 57.974, 57.68, 58.056, 58.757], [56.669, 56.892, 57.579, 57.535, 56.95, 56.805, 56.342, 55.568, 56.15, 56.309, 56.511, 56.349, 54.885, 53.62, 50.924, 47.125, 46.106, 46.385, 46.177, 45.685, 44.596, 44.109, 42.906, 42.731, 42.731, 40.911, 37.01, 33.828, 32.409, 31.273, 28.529, 25.433, 21.983, 21.977, 22.17, 21.54, 20.022, 19.302, 19.268, 18.854, 14.697, 9.072, 5.248, 0.0, 3.926, 9.189, 14.654, 16.602, 16.564, 20.917, 24.351, 24.512, 26.493, 26.642, 28.084, 28.867, 30.408, 35.461, 36.875, 36.333, 38.546, 41.844, 44.061, 46.584, 53.396, 58.066, 58.41, 59.357, 60.481, 60.72, 60.071, 59.732, 59.49, 59.994, 61.213, 61.162, 59.53, 58.403, 58.812, 58.602, 57.458, 57.266, 57.125, 56.734, 57.053, 57.758], [56.575, 56.803, 57.451, 57.37, 56.771, 56.669, 56.218, 55.472, 56.05, 56.248, 56.517, 56.348, 54.867, 53.6, 50.939, 47.144, 46.09, 46.309, 46.118, 45.671, 44.594, 44.12, 42.942, 42.748, 42.719, 40.886, 37.041, 33.899, 32.444, 31.369, 28.778, 25.819, 22.381, 22.055, 22.11, 21.551, 20.136, 19.562, 19.656, 19.312, 15.441, 10.432, 7.457, 3.926, 0.0, 7.257, 13.459, 15.349, 15.189, 19.797, 23.533, 23.785, 25.845, 25.922, 27.333, 28.126, 29.826, 35.172, 36.679, 36.113, 38.291, 41.601, 43.861, 46.392, 53.158, 57.858, 58.324, 59.347, 60.444, 60.649, 60.02, 59.671, 59.408, 59.89, 61.097, 61.03, 59.414, 58.323, 58.787, 58.63, 57.501, 57.329, 57.189, 56.793, 57.088, 57.773], [56.256, 56.679, 57.364, 57.236, 56.595, 56.49, 56.09, 55.412, 56.077, 56.34, 56.668, 56.563, 55.136, 53.939, 51.162, 47.171, 46.191, 46.161, 45.6, 45.017, 44.093, 43.765, 42.659, 42.48, 42.504, 40.852, 37.079, 33.86, 32.735, 31.993, 29.451, 26.651, 23.413, 23.008, 23.001, 22.506, 21.196, 20.692, 21.178, 21.157, 17.537, 13.459, 11.186, 9.189, 7.257, 0.0, 7.587, 10.121, 11.239, 17.893, 22.065, 22.515, 24.717, 24.54, 25.671, 26.307, 27.911, 33.508, 35.045, 34.44, 36.641, 40.181, 42.54, 45.084, 51.979, 56.803, 57.164, 57.955, 58.927, 59.23, 58.734, 58.494, 58.311, 58.76, 59.948, 59.791, 58.057, 56.74, 57.153, 57.404, 56.54, 56.416, 56.232, 55.867, 56.218, 56.766], [55.052, 55.675, 56.317, 55.948, 55.185, 55.116, 54.766, 54.216, 55.049, 55.442, 55.781, 55.701, 54.378, 53.228, 50.531, 46.759, 45.946, 45.616, 44.874, 44.287, 43.468, 43.344, 42.325, 42.192, 42.261, 40.738, 37.127, 33.994, 33.057, 32.399, 29.887, 27.325, 24.417, 24.083, 24.067, 23.747, 22.985, 23.167, 24.059, 24.263, 21.387, 18.548, 16.8, 14.654, 13.459, 7.587, 0.0, 3.645, 7.201, 15.753, 20.117, 21.034, 23.503, 23.158, 24.129, 24.539, 26.247, 32.02, 33.41, 32.73, 34.952, 38.753, 41.198, 43.488, 50.323, 55.185, 55.337, 55.804, 56.616, 57.069, 56.787, 56.714, 56.636, 57.074, 58.172, 57.804, 56.005, 54.634, 54.87, 55.465, 55.08, 55.087, 54.838, 54.349, 54.649, 55.085], [54.558, 55.213, 55.798, 55.334, 54.531, 54.505, 54.16, 53.659, 54.558, 54.999, 55.371, 55.291, 53.984, 52.887, 50.26, 46.513, 45.711, 45.282, 44.528, 44.022, 43.27, 43.183, 42.221, 42.113, 42.205, 40.7, 37.141, 34.117, 33.261, 32.599, 30.153, 27.729, 24.987, 24.622, 24.645, 24.482, 23.989, 24.44, 25.422, 25.555, 22.95, 20.472, 18.824, 16.602, 15.349, 10.121, 3.645, 0.0, 5.831, 15.324, 19.792, 20.85, 23.416, 22.974, 23.866, 24.293, 26.177, 32.074, 33.422, 32.667, 34.858, 38.657, 41.128, 43.4, 50.143, 54.979, 55.108, 55.498, 56.24, 56.688, 56.468, 56.446, 56.394, 56.826, 57.877, 57.439, 55.638, 54.301, 54.484, 55.134, 54.887, 54.987, 54.736, 54.169, 54.42, 54.841], [54.394, 54.938, 55.462, 54.972, 54.212, 54.283, 53.885, 53.258, 53.992, 54.491, 54.923, 54.804, 53.504, 52.424, 50.306, 47.163, 46.287, 45.912, 45.463, 45.109, 44.227, 44.016, 42.874, 42.624, 42.533, 40.688, 37.132, 34.351, 33.213, 32.435, 29.944, 27.383, 24.507, 24.049, 24.101, 23.832, 23.299, 23.727, 24.695, 25.041, 22.901, 20.525, 19.066, 16.564, 15.189, 11.239, 7.201, 5.831, 0.0, 11.131, 16.516, 17.81, 20.643, 20.377, 21.671, 22.261, 24.969, 31.258, 32.591, 31.836, 33.999, 37.747, 40.249, 42.405, 49.156, 54.024, 54.317, 54.848, 55.6, 56.027, 55.742, 55.7, 55.627, 56.003, 57.019, 56.631, 54.99, 53.827, 54.009, 54.591, 54.342, 54.458, 54.306, 53.819, 54.016, 54.442], [55.532, 55.774, 56.207, 55.657, 54.872, 54.957, 54.502, 53.633, 54.042, 54.616, 55.073, 54.893, 53.781, 52.739, 51.306, 49.877, 49.435, 49.129, 49.306, 49.051, 48.051, 47.671, 46.343, 46.028, 45.708, 43.344, 39.71, 37.014, 35.493, 34.486, 31.281, 28.327, 26.392, 26.438, 26.257, 26.095, 25.988, 26.608, 27.619, 28.258, 26.616, 24.538, 23.436, 20.917, 19.797, 17.893, 15.753, 15.324, 11.131, 0.0, 7.154, 10.156, 13.673, 14.496, 16.723, 17.62, 22.341, 29.365, 30.633, 30.069, 32.484, 36.418, 38.932, 40.852, 47.971, 53.008, 53.332, 53.871, 54.653, 55.243, 54.871, 54.758, 54.698, 55.04, 56.06, 55.85, 54.494, 53.482, 53.647, 54.119, 53.851, 53.965, 53.851, 53.643, 53.899, 54.354], [56.454, 56.608, 57.024, 56.441, 55.593, 55.657, 55.203, 54.288, 54.687, 55.324, 55.79, 55.552, 54.51, 53.595, 52.393, 51.563, 51.449, 51.102, 51.315, 51.086, 50.137, 49.713, 48.418, 48.168, 47.844, 45.351, 41.511, 38.814, 37.469, 36.346, 32.81, 29.902, 28.81, 29.309, 29.035, 29.005, 29.093, 29.665, 30.657, 31.262, 29.67, 27.706, 26.69, 24.351, 23.533, 22.065, 20.117, 19.792, 16.516, 7.154, 0.0, 5.686, 10.399, 11.835, 14.645, 16.015, 21.099, 28.392, 29.66, 29.381, 32.198, 36.129, 38.322, 40.42, 47.87, 52.848, 52.946, 53.411, 54.273, 55.024, 54.722, 54.606, 54.588, 54.949, 55.967, 55.738, 54.298, 53.25, 53.354, 53.809, 53.593, 53.718, 53.497, 53.36, 53.888, 54.451], [57.255, 57.404, 57.817, 57.291, 56.485, 56.498, 56.011, 55.061, 55.509, 56.178, 56.632, 56.369, 55.28, 54.406, 53.173, 52.187, 51.999, 51.846, 52.177, 51.905, 51.008, 50.53, 49.282, 49.069, 48.802, 46.283, 42.175, 39.455, 38.416, 37.195, 33.378, 30.411, 29.474, 30.163, 29.968, 29.899, 29.902, 30.177, 30.963, 31.496, 29.663, 27.482, 26.57, 24.512, 23.785, 22.515, 21.034, 20.85, 17.81, 10.156, 5.686, 0.0, 6.031, 8.141, 11.941, 14.093, 19.745, 27.797, 29.366, 29.245, 32.355, 36.25, 38.296, 40.787, 48.614, 53.561, 53.478, 53.872, 54.784, 55.571, 55.281, 55.22, 55.279, 55.661, 56.707, 56.402, 54.701, 53.491, 53.607, 54.014, 53.72, 53.843, 53.593, 53.406, 54.09, 54.854], [58.541, 58.661, 59.028, 58.508, 57.845, 57.851, 57.326, 56.347, 56.741, 57.435, 57.842, 57.583, 56.553, 55.712, 54.566, 53.726, 53.491, 53.536, 54.304, 54.064, 53.185, 52.733, 51.506, 51.29, 50.979, 48.427, 44.33, 41.644, 40.706, 39.509, 35.513, 32.327, 31.212, 31.931, 31.794, 31.671, 31.726, 31.991, 32.617, 33.226, 31.446, 29.207, 28.361, 26.493, 25.845, 24.717, 23.503, 23.416, 20.643, 13.673, 10.399, 6.031, 0.0, 4.638, 9.565, 11.995, 18.711, 27.271, 29.003, 28.984, 32.253, 36.338, 38.281, 40.627, 48.735, 53.916, 53.835, 54.101, 54.946, 55.796, 55.522, 55.459, 55.544, 55.909, 56.948, 56.688, 55.037, 53.838, 53.971, 54.347, 53.989, 54.102, 53.865, 53.759, 54.531, 55.404], [57.959, 58.143, 58.503, 57.952, 57.297, 57.348, 56.828, 55.875, 56.32, 57.05, 57.45, 57.214, 56.196, 55.363, 54.166, 53.176, 52.892, 52.935, 53.733, 53.558, 52.701, 52.242, 51.056, 50.835, 50.499, 47.995, 43.987, 41.319, 40.371, 39.236, 35.516, 32.462, 31.133, 31.602, 31.434, 31.365, 31.467, 31.838, 32.512, 33.098, 31.42, 29.326, 28.523, 26.642, 25.922, 24.54, 23.158, 22.974, 20.377, 14.496, 11.835, 8.141, 4.638, 0.0, 6.309, 9.493, 16.698, 25.984, 27.926, 27.808, 31.06, 35.231, 37.173, 39.576, 47.701, 53.025, 52.955, 53.205, 53.974, 54.735, 54.523, 54.449, 54.508, 54.86, 55.875, 55.565, 53.861, 52.678, 52.841, 53.264, 52.947, 53.119, 52.887, 52.768, 53.607, 54.529], [57.493, 57.724, 58.109, 57.556, 56.899, 56.941, 56.508, 55.581, 56.048, 56.816, 57.227, 57.108, 56.185, 55.353, 54.048, 53.003, 52.737, 52.785, 53.628, 53.457, 52.801, 52.336, 51.105, 50.922, 50.634, 48.296, 44.511, 41.865, 41.008, 39.866, 36.204, 33.292, 32.066, 32.594, 32.349, 32.323, 32.515, 32.999, 33.745, 34.269, 32.505, 30.604, 29.904, 28.084, 27.333, 25.671, 24.129, 23.866, 21.671, 16.723, 14.645, 11.941, 9.565, 6.309, 0.0, 5.526, 14.683, 24.679, 26.853, 26.733, 29.928, 34.129, 36.056, 38.427, 46.739, 52.274, 52.185, 52.438, 53.225, 53.823, 53.516, 53.379, 53.436, 53.832, 54.863, 54.587, 52.875, 51.661, 51.843, 52.31, 51.993, 52.229, 52.039, 51.971, 52.864, 53.799], [57.176, 57.457, 57.919, 57.424, 56.836, 56.911, 56.489, 55.53, 55.98, 56.754, 57.15, 57.106, 56.27, 55.436, 54.135, 53.079, 52.809, 52.877, 53.748, 53.554, 52.906, 52.635, 51.459, 51.248, 50.968, 48.775, 45.247, 42.652, 41.596, 40.579, 37.121, 34.035, 32.482, 32.888, 32.592, 32.437, 32.601, 33.111, 33.807, 34.406, 32.937, 31.253, 30.627, 28.867, 28.126, 26.307, 24.539, 24.293, 22.261, 17.62, 16.015, 14.093, 11.995, 9.493, 5.526, 0.0, 12.228, 23.01, 25.297, 25.08, 28.197, 32.703, 34.837, 36.781, 45.1, 50.913, 50.719, 50.841, 51.648, 52.293, 51.952, 51.773, 51.836, 52.236, 53.244, 53.014, 51.421, 50.303, 50.509, 50.963, 50.635, 50.853, 50.751, 50.783, 51.626, 52.51], [56.566, 56.917, 57.604, 57.226, 56.675, 56.873, 56.247, 54.808, 55.267, 56.022, 56.364, 56.29, 55.498, 54.735, 53.259, 52.0, 51.736, 51.875, 52.615, 52.344, 51.701, 51.522, 50.877, 50.856, 50.52, 48.381, 44.79, 42.213, 41.292, 40.645, 38.324, 35.776, 33.953, 33.495, 32.811, 32.545, 32.578, 32.948, 33.496, 33.91, 33.142, 32.665, 31.995, 30.408, 29.826, 27.911, 26.247, 26.177, 24.969, 22.341, 21.099, 19.745, 18.711, 16.698, 14.683, 12.228, 0.0, 12.833, 16.538, 16.509, 20.625, 25.548, 27.369, 30.078, 38.52, 44.612, 44.252, 44.491, 45.743, 46.649, 46.524, 46.327, 46.585, 47.177, 48.192, 47.88, 45.866, 44.566, 44.815, 45.196, 44.804, 44.949, 44.824, 45.119, 46.376, 47.335], [57.352, 57.699, 58.533, 58.223, 57.789, 58.134, 57.32, 55.387, 55.714, 56.449, 56.776, 56.666, 55.957, 55.246, 53.816, 52.789, 52.64, 52.746, 53.475, 53.184, 52.596, 52.473, 52.038, 52.141, 51.699, 49.502, 46.071, 43.739, 42.964, 42.613, 41.177, 39.31, 37.759, 37.014, 36.139, 35.762, 35.785, 36.054, 36.491, 36.894, 36.798, 37.452, 36.891, 35.461, 35.172, 33.508, 32.02, 32.074, 31.258, 29.365, 28.392, 27.797, 27.271, 25.984, 24.679, 23.01, 12.833, 0.0, 5.746, 7.704, 13.569, 18.628, 20.245, 23.717, 32.054, 38.211, 37.783, 38.062, 39.463, 40.524, 40.468, 40.295, 40.789, 41.532, 42.585, 42.446, 40.446, 39.068, 39.272, 39.541, 39.116, 39.296, 39.271, 39.904, 41.494, 42.506], [57.961, 58.31, 59.162, 58.85, 58.454, 58.841, 57.993, 55.957, 56.22, 56.961, 57.294, 57.17, 56.5, 55.846, 54.53, 53.63, 53.532, 53.56, 54.231, 53.943, 53.367, 53.274, 52.777, 52.879, 52.416, 50.206, 46.865, 44.589, 43.808, 43.481, 42.128, 40.378, 38.936, 38.291, 37.452, 37.081, 37.092, 37.301, 37.737, 38.202, 38.188, 38.909, 38.307, 36.875, 36.679, 35.045, 33.41, 33.422, 32.591, 30.633, 29.66, 29.366, 29.003, 27.926, 26.853, 25.297, 16.538, 5.746, 0.0, 5.431, 12.277, 17.295, 19.109, 22.503, 30.88, 37.157, 36.677, 36.859, 38.048, 39.009, 38.955, 38.854, 39.385, 40.117, 41.189, 41.193, 39.417, 38.117, 38.278, 38.566, 38.245, 38.492, 38.497, 39.189, 40.775, 41.746], [57.065, 57.439, 58.288, 57.959, 57.587, 58.017, 57.177, 55.164, 55.449, 56.18, 56.487, 56.345, 55.645, 54.993, 53.709, 52.78, 52.658, 52.692, 53.355, 53.068, 52.461, 