[[0.0, 6.955, 11.703, 14.147, 14.796, 16.151, 18.717, 21.708, 23.455, 23.068, 24.298, 28.546, 30.238, 30.605, 31.357, 32.637, 36.155, 38.144, 38.25, 39.032, 40.532, 40.759, 41.937, 44.09, 44.588, 45.567, 45.788, 49.576, 52.649, 52.861, 53.585, 53.988, 54.302, 54.01, 54.693, 54.623, 55.074, 55.197, 55.071, 55.077, 55.058, 54.945, 53.829, 53.145, 52.352, 51.516, 51.5, 51.089, 52.042, 54.185, 54.687, 54.654, 55.196, 55.525, 54.344, 53.192, 54.133, 53.735, 52.939, 53.723, 54.159, 54.236, 54.297, 53.881, 53.255, 52.31, 51.591, 51.333, 50.869, 50.295, 51.104, 52.278, 52.448, 52.964, 54.002, 53.594, 53.028, 52.799, 53.526, 55.55, 57.758, 59.027, 58.804, 58.519, 59.774, 60.985], [6.955, 0.0, 6.76, 11.373, 13.297, 15.662, 17.964, 20.469, 22.003, 21.926, 23.084, 26.658, 28.479, 28.839, 29.79, 31.216, 34.26, 36.202, 36.427, 37.246, 38.956, 39.574, 41.11, 43.463, 44.204, 45.326, 45.616, 49.073, 52.0, 52.189, 52.92, 53.378, 53.735, 53.664, 54.443, 54.412, 54.798, 54.884, 54.791, 54.734, 54.747, 54.643, 53.405, 52.679, 51.973, 51.194, 51.152, 50.866, 51.613, 53.62, 54.345, 54.538, 55.151, 55.423, 54.161, 52.649, 53.06, 52.562, 51.905, 52.904, 53.287, 53.095, 53.168, 52.867, 52.283, 51.337, 50.589, 50.334, 49.919, 49.475, 50.424, 51.639, 51.784, 52.234, 53.17, 52.977, 52.86, 52.692, 53.224, 55.199, 57.481, 58.972, 59.071, 58.906, 59.926, 60.911], [11.703, 6.76, 0.0, 7.005, 10.853, 13.649, 16.126, 19.209, 20.746, 21.062, 22.709, 25.985, 27.762, 28.106, 29.466, 31.119, 33.76, 35.608, 36.142, 37.382, 39.191, 39.706, 41.304, 43.736, 44.655, 45.689, 45.985, 49.517, 52.476, 52.751, 53.486, 54.038, 54.402, 54.4, 55.216, 55.198, 55.762, 55.993, 55.907, 55.818, 55.841, 55.702, 54.419, 53.566, 52.83, 52.106, 52.073, 51.799, 52.159, 53.883, 54.657, 54.937, 55.539, 55.738, 54.539, 53.0, 53.072, 52.489, 51.973, 53.142, 53.452, 53.028, 53.009, 52.707, 52.119, 51.158, 50.411, 50.173, 49.789, 49.417, 50.378, 51.554, 51.666, 52.166, 53.191, 53.027, 52.974, 52.859, 53.377, 55.313, 57.611, 59.198, 59.513, 59.541, 60.646, 61.62], [14.147, 11.373, 7.005, 0.0, 5.637, 9.277, 12.286, 16.926, 18.965, 19.511, 21.612, 25.479, 27.694, 28.401, 29.923, 31.533, 34.251, 36.165, 36.698, 38.215, 40.534, 41.28, 42.935, 45.381, 46.417, 47.516, 47.779, 51.511, 54.555, 54.86, 55.56, 56.094, 56.513, 56.343, 57.061, 57.058, 57.779, 58.194, 58.104, 58.078, 58.196, 58.121, 56.753, 55.653, 54.744, 54.014, 53.926, 53.484, 53.787, 55.579, 56.42, 56.703, 57.26, 57.341, 55.891, 54.224, 54.311, 53.621, 52.958, 54.056, 54.396, 54.113, 54.114, 53.75, 53.163, 52.224, 51.459, 51.169, 50.738, 50.399, 51.408, 52.525, 52.594, 53.028, 53.845, 53.476, 53.482, 53.617, 54.353, 56.32, 58.576, 60.105, 60.412, 60.486, 61.603, 62.635], [14.796, 13.297, 10.853, 5.637, 0.0, 4.979, 9.281, 15.009, 17.406, 17.94, 20.13, 24.505, 27.143, 28.204, 29.664, 31.233, 34.278, 36.281, 36.687, 38.175, 40.753, 41.69, 43.461, 45.993, 47.044, 48.251, 48.508, 52.186, 55.166, 55.524, 56.256, 56.736, 57.192, 56.921, 57.53, 57.536, 58.229, 58.654, 58.57, 58.608, 58.82, 58.795, 57.348, 56.114, 55.105, 54.339, 54.168, 53.598, 54.044, 56.029, 56.874, 57.091, 57.648, 57.747, 56.226, 54.589, 54.841, 54.129, 53.212, 54.095, 54.465, 54.385, 54.473, 54.059, 53.469, 52.571, 51.812, 51.491, 51.008, 50.664, 51.666, 52.74, 52.803, 53.118, 53.715, 53.234, 53.267, 53.498, 54.366, 56.41, 58.652, 60.099, 60.324, 60.359, 61.501, 62.614], [16.151, 15.662, 13.649, 9.277, 4.979, 0.0, 6.943, 14.159, 16.827, 17.266, 19.709, 24.581, 27.358, 28.55, 30.029, 31.656, 34.852, 36.85, 37.223, 38.695, 41.201, 42.086, 43.745, 46.236, 47.377, 48.521, 48.751, 52.582, 55.688, 56.195, 56.979, 57.475, 57.95, 57.587, 58.089, 58.087, 58.856, 59.323, 59.203, 59.327, 59.669, 59.736, 58.362, 57.109, 56.062, 55.279, 55.065, 54.402, 54.849, 56.882, 57.66, 57.766, 58.309, 58.486, 57.092, 55.62, 56.016, 55.327, 54.202, 54.881, 55.244, 55.273, 55.342, 54.81, 54.178, 53.292, 52.561, 52.254, 51.751, 51.356, 52.197, 53.161, 53.217, 53.499, 54.015, 53.331, 53.136, 53.361, 54.385, 56.515, 58.758, 60.163, 60.347, 60.356, 61.582, 62.796], [18.717, 17.964, 16.126, 12.286, 9.281, 6.943, 0.0, 8.296, 11.46, 12.087, 14.83, 20.115, 23.443, 24.909, 26.406, 27.999, 31.163, 33.205, 33.604, 35.274, 38.299, 39.516, 41.511, 44.368, 45.604, 46.973, 47.385, 51.09, 54.117, 54.798, 55.803, 56.353, 56.885, 56.592, 57.112, 57.143, 57.96, 58.54, 58.453, 58.668, 59.416, 59.735, 58.334, 57.067, 56.041, 55.307, 55.083, 54.415, 54.908, 56.992, 57.843, 58.029, 58.61, 58.766, 57.321, 55.776, 56.054, 55.324, 54.194, 54.831, 55.16, 55.193, 55.312, 54.786, 54.15, 53.301, 52.592, 52.253, 51.693, 51.339, 52.217, 53.127, 53.14, 53.343, 53.82, 53.317, 53.284, 53.436, 54.447, 56.651, 58.915, 60.362, 60.596, 60.611, 61.786, 62.991], [21.708, 20.469, 19.209, 16.926, 15.009, 14.159, 8.296, 0.0, 3.99, 5.771, 9.158, 14.562, 18.558, 20.368, 21.584, 22.989, 26.183, 28.335, 28.784, 30.762, 34.436, 36.084, 38.586, 41.828, 43.082, 44.786, 45.416, 48.727, 51.43, 52.212, 53.463, 54.056, 54.635, 54.488, 55.091, 55.182, 55.953, 56.579, 56.586, 56.814, 57.961, 58.645, 57.233, 55.996, 55.023, 54.363, 54.125, 53.484, 54.12, 56.28, 57.166, 57.429, 58.074, 58.241, 56.801, 55.198, 55.354, 54.631, 53.573, 54.205, 54.462, 54.407, 54.621, 54.215, 53.6, 52.781, 52.086, 51.723, 51.13, 50.847, 51.863, 52.813, 52.822, 52.95, 53.421, 53.229, 53.425, 53.389, 54.214, 56.437, 58.68, 60.156, 60.433, 60.439, 61.561, 62.748], [23.455, 22.003, 20.746, 18.965, 17.406, 16.827, 11.46, 3.99, 0.0, 3.588, 7.524, 12.447, 16.57, 18.555, 19.8, 21.129, 24.151, 26.248, 26.721, 28.897, 32.788, 34.558, 37.255, 40.66, 41.997, 43.869, 44.561, 47.635, 50.165, 50.981, 52.327, 52.947, 53.532, 53.454, 54.113, 54.244, 54.997, 55.624, 55.664, 55.885, 57.138, 57.979, 56.651, 55.479, 54.537, 53.905, 53.675, 53.052, 53.672, 55.778, 56.652, 56.956, 57.66, 57.875, 56.491, 54.892, 55.002, 54.3, 53.244, 53.851, 54.085, 53.973, 54.208, 53.853, 53.24, 52.416, 51.73, 51.368, 50.78, 50.541, 51.601, 52.559, 52.577, 52.703, 53.189, 53.082, 53.337, 53.25, 54.011, 56.226, 58.428, 59.88, 60.183, 60.217, 61.351, 62.539], [23.068, 21.926, 21.062, 19.511, 17.94, 17.266, 12.087, 5.771, 3.588, 0.0, 5.216, 11.4, 15.624, 17.602, 18.882, 20.242, 23.267, 25.254, 25.667, 27.85, 31.735, 33.478, 36.107, 39.586, 40.93, 42.809, 43.522, 46.61, 49.202, 50.062, 51.475, 52.103, 52.649, 52.561, 53.254, 53.402, 54.128, 54.723, 54.752, 54.998, 56.28, 57.151, 55.897, 54.857, 53.99, 53.339, 53.145, 52.534, 53.17, 55.262, 56.119, 56.451, 57.183, 57.398, 55.977, 54.431, 54.665, 53.978, 52.87, 53.42, 53.675, 53.598, 53.839, 53.489, 52.871, 52.04, 51.37, 51.014, 50.423, 50.148, 51.17, 52.13, 52.167, 52.329, 52.867, 52.748, 52.931, 52.825, 53.641, 55.907, 58.103, 59.503, 59.731, 59.718, 60.862, 62.056], [24.298, 23.084, 22.709, 21.612, 20.13, 19.709, 14.83, 9.158, 7.524, 5.216, 0.0, 8.062, 13.237, 15.389, 16.674, 18.121, 21.376, 23.402, 23.7, 25.881, 30.184, 32.188, 35.149, 38.907, 40.162, 42.275, 43.039, 45.765, 48.196, 49.099, 50.6, 51.187, 51.705, 51.65, 52.371, 52.545, 53.16, 53.654, 53.672, 53.946, 55.272, 56.17, 55.006, 54.188, 53.525, 52.903, 52.704, 52.131, 52.773, 54.809, 55.644, 56.0, 56.752, 56.919, 55.369, 53.777, 54.031, 53.311, 52.253, 52.816, 53.074, 53.149, 53.571, 53.315, 52.729, 51.918, 51.277, 50.912, 50.305, 50.074, 51.146, 52.138, 52.2, 52.287, 52.777, 52.852, 53.209, 53.083, 53.829, 56.084, 58.264, 59.66, 59.88, 59.832, 60.931, 62.151], [28.546, 26.658, 25.985, 25.479, 24.505, 24.581, 20.115, 14.562, 12.447, 11.4, 8.062, 0.0, 6.889, 10.313, 12.5, 14.719, 17.833, 19.767, 20.19, 22.857, 27.991, 30.452, 34.142, 38.422, 39.729, 42.296, 43.236, 45.168, 47.167, 48.183, 49.835, 50.435, 50.935, 51.076, 51.904, 52.12, 52.542, 52.943, 53.021, 53.289, 54.744, 55.707, 54.681, 54.121, 53.658, 53.158, 52.959, 52.463, 52.872, 54.514, 55.279, 55.768, 56.637, 56.81, 55.239, 53.509, 53.418, 52.589, 51.572, 52.149, 52.33, 52.301, 52.866, 52.731, 52.159, 51.357, 50.713, 50.338, 49.762, 49.673, 50.882, 51.887, 51.943, 51.882, 52.226, 52.677, 53.422, 53.183, 53.738, 56.01, 58.231, 59.747, 60.156, 60.253, 61.32, 62.443], [30.238, 28.479, 27.762, 27.694, 27.143, 27.358, 23.443, 18.558, 16.57, 15.624, 13.237, 6.889, 0.0, 5.437, 9.398, 12.677, 16.041, 17.737, 18.363, 21.425, 26.539, 28.782, 32.612, 37.137, 38.42, 41.149, 42.201, 43.985, 46.046, 47.251, 49.047, 49.7, 50.073, 50.255, 51.217, 51.448, 51.772, 52.079, 52.161, 52.423, 53.84, 54.783, 54.026, 53.804, 53.483, 53.024, 52.947, 52.516, 52.709, 53.965, 54.519, 55.046, 56.018, 56.255, 54.767, 53.137, 52.977, 52.039, 50.994, 51.542, 51.669, 51.571, 52.16, 52.015, 51.385, 50.566, 49.952, 49.631, 49.118, 49.003, 50.188, 51.219, 51.291, 51.247, 51.704, 52.361, 53.066, 52.66, 53.181, 55.492, 57.752, 59.339, 59.783, 59.951, 61.129, 62.229], [30.605, 28.839, 28.106, 28.401, 28.204, 28.55, 24.909, 20.368, 18.555, 17.602, 15.389, 10.313, 5.437, 0.0, 5.693, 10.091, 13.504, 15.439, 16.529, 19.59, 24.232, 26.31, 29.952, 34.435, 35.777, 38.465, 39.575, 41.549, 43.868, 45.2, 47.104, 47.834, 48.191, 48.452, 49.512, 49.737, 50.086, 50.434, 50.549, 50.784, 52.227, 53.203, 52.556, 52.429, 52.183, 51.735, 51.738, 51.516, 51.754, 52.974, 53.53, 54.084, 55.062, 55.337, 54.014, 52.546, 52.398, 51.491, 50.574, 51.228, 51.325, 51.045, 51.52, 51.345, 50.689, 49.872, 49.336, 49.066, 48.533, 48.303, 49.376, 50.415, 50.501, 50.602, 51.319, 52.031, 52.613, 52.19, 52.738, 55.037, 57.28, 58.87, 59.317, 59.494, 60.706, 61.788], [31.357, 29.79, 29.466, 29.923, 29.664, 30.029, 26.406, 21.584, 19.8, 18.882, 16.674, 12.5, 9.398, 5.693, 0.0, 5.762, 10.879, 13.674, 14.781, 17.68, 22.45, 24.857, 28.395, 32.627, 33.926, 36.651, 37.865, 39.958, 42.268, 43.551, 45.475, 46.218, 46.676, 46.959, 47.975, 48.223, 48.65, 49.116, 49.3, 49.536, 51.158, 52.351, 51.641, 51.394, 51.089, 50.671, 50.639, 50.543, 51.319, 52.979, 53.66, 54.216, 55.172, 55.451, 54.187, 52.818, 52.801, 52.011, 51.166, 51.792, 51.894, 51.603, 52.016, 51.873, 51.257, 50.451, 49.938, 49.638, 49.0, 48.699, 49.733, 50.732, 50.813, 50.929, 51.663, 52.351, 52.876, 52.371, 52.861, 55.144, 57.362, 58.923, 59.304, 59.387, 60.515, 61.565], [32.637, 31.216, 31.119, 31.533, 31.233, 31.656, 27.999, 22.989, 21.129, 20.242, 18.121, 14.719, 12.677, 10.091, 5.762, 0.0, 7.629, 11.679, 12.842, 15.746, 20.991, 23.814, 27.51, 31.699, 32.826, 35.662, 36.942, 38.874, 41.005, 42.343, 44.363, 45.076, 45.615, 45.852, 46.799, 47.092, 47.653, 48.293, 48.527, 48.783, 50.591, 51.986, 51.208, 50.864, 50.521, 50.17, 50.144, 50.064, 51.278, 53.394, 54.303, 54.931, 55.859, 56.144, 54.926, 53.645, 53.688, 52.961, 52.241, 52.816, 52.942, 52.788, 53.222, 53.114, 52.549, 51.774, 51.281, 50.963, 50.265, 49.959, 50.964, 51.893, 51.949, 52.04, 52.773, 53.526, 54.085, 53.508, 53.886, 56.04, 58.175, 59.697, 60.037, 60.01, 60.961, 61.967], [36.155, 34.26, 33.76, 34.251, 34.278, 34.852, 31.163, 26.183, 24.151, 23.267, 21.376, 17.833, 16.041, 13.504, 10.879, 7.629, 0.0, 5.455, 8.538, 12.931, 18.529, 21.764, 25.444, 29.777, 31.291, 34.26, 35.7, 37.142, 39.139, 40.708, 42.936, 43.718, 44.281, 44.706, 45.78, 46.143, 46.803, 47.705, 48.073, 48.312, 50.342, 51.838, 50.938, 50.558, 50.377, 50.202, 50.279, 50.297, 51.323, 53.314, 54.449, 55.314, 56.263, 56.538, 55.483, 54.3, 54.188, 53.491, 52.901, 53.484, 53.557, 53.185, 53.454, 53.32, 52.761, 52.015, 51.573, 51.282, 50.615, 50.356, 51.283, 52.111, 52.12, 52.291, 53.178, 54.134, 54.886, 54.344, 54.596, 56.616, 58.681, 60.213, 60.675, 60.703, 61.493, 62.373], [38.144, 36.202, 35.608, 36.165, 36.281, 36.85, 33.205, 28.335, 26.248, 25.254, 23.402, 19.767, 17.737, 15.439, 13.674, 11.679, 5.455, 0.0, 5.256, 11.458, 17.332, 20.519, 24.146, 28.682, 30.452, 33.571, 35.101, 36.124, 37.985, 39.697, 42.054, 42.85, 43.293, 43.78, 45.003, 45.421, 46.067, 47.0, 47.393, 47.629, 49.685, 51.171, 50.328, 50.113, 50.128, 50.05, 50.212, 50.244, 51.037, 52.727, 53.784, 54.772, 55.824, 56.137, 55.165, 54.089, 53.976, 53.273, 52.666, 53.163, 53.238, 52.895, 53.144, 52.998, 52.429, 51.691, 51.282, 51.01, 50.38, 50.165, 51.041, 51.814, 51.811, 52.037, 53.092, 54.22, 55.012, 54.429, 54.588, 56.521, 58.543, 60.039, 60.5, 60.598, 61.462, 62.376], [38.25, 36.427, 36.142, 36.698, 36.687, 37.223, 33.604, 28.784, 26.721, 25.667, 23.7, 20.19, 18.363, 16.529, 14.781, 12.842, 8.538, 5.256, 0.0, 7.867, 15.486, 19.427, 23.388, 28.055, 29.82, 33.161, 34.601, 35.265, 36.931, 38.744, 41.249, 41.984, 42.374, 42.738, 43.918, 44.378, 44.951, 45.749, 46.07, 46.333, 48.418, 50.033, 49.371, 49.327, 49.403, 49.338, 49.463, 49.409, 50.267, 52.03, 53.074, 54.145, 55.419, 55.901, 54.888, 53.776, 53.727, 53.028, 52.434, 52.863, 53.035, 52.985, 53.394, 53.308, 52.776, 52.057, 51.648, 51.352, 50.708, 50.533, 51.424, 52.155, 52.136, 52.326, 53.347, 54.512, 55.353, 54.781, 54.9, 56.75, 58.71, 60.148, 60.551, 60.611, 61.43, 62.346], [39.032, 37.246, 37.382, 38.215, 38.175, 38.695, 35.274, 30.762, 28.897, 27.85, 25.881, 22.857, 21.425, 19.59, 17.68, 15.746, 12.931, 11.458, 7.867, 0.0, 9.607, 15.29, 20.003, 24.943, 26.668, 30.249, 31.666, 31.879, 33.462, 35.642, 38.633, 39.455, 39.899, 40.242, 41.349, 41.757, 42.169, 42.856, 43.116, 43.409, 45.707, 47.481, 47.02, 47.211, 47.366, 47.294, 47.383, 47.378, 48.375, 50.4, 51.644, 52.812, 54.304, 55.202, 54.551, 53.562, 53.493, 52.85, 52.373, 52.769, 52.969, 52.994, 53.462, 53.488, 53.031, 52.352, 51.991, 51.714, 51.054, 50.836, 51.64, 52.344, 52.347, 52.59, 53.71, 54.967, 55.832, 55.313, 55.464, 57.25, 59.141, 60.568, 60.992, 60.991, 61.671, 62.534], [40.532, 38.956, 39.191, 40.534, 40.753, 41.201, 38.299, 34.436, 32.788, 31.735, 30.184, 27.991, 26.539, 24.232, 22.45, 20.991, 18.529, 17.332, 15.486, 9.607, 0.0, 7.381, 12.683, 17.795, 19.748, 23.585, 25.174, 25.385, 27.5, 30.398, 34.098, 35.237, 35.683, 36.179, 37.446, 37.71, 38.048, 38.85, 39.157, 39.418, 41.89, 43.731, 43.549, 44.03, 44.341, 44.3, 44.521, 44.777, 45.734, 47.708, 48.985, 50.158, 51.687, 52.994, 53.212, 52.879, 52.894, 52.314, 51.951, 52.32, 52.411, 52.094, 52.292, 52.362, 51.94, 51.281, 51.068, 50.931, 50.303, 49.945, 50.471, 51.125, 51.204, 51.758, 53.444, 54.737, 55.22, 54.662, 54.891, 56.596, 58.417, 59.815, 60.248, 60.299, 61.133, 62.062], [40.759, 39.574, 39.706, 41.28, 41.69, 42.086, 39.516, 36.084, 34.558, 33.478, 32.188, 30.452, 28.782, 26.31, 24.857, 23.814, 21.764, 20.519, 19.427, 15.29, 7.381, 0.0, 7.085, 13.356, 14.89, 18.829, 20.656, 21.257, 23.966, 27.329, 31.399, 32.707, 33.002, 33.551, 35.044, 35.194, 35.589, 36.55, 36.904, 37.127, 39.442, 41.05, 41.037, 41.741, 42.161, 42.146, 42.544, 42.951, 43.751, 45.43, 46.433, 47.43, 48.879, 50.34, 51.132, 51.593, 51.97, 51.401, 51.159, 51.56, 51.582, 51.064, 51.03, 51.078, 50.651, 50.0, 49.909, 49.878, 49.273, 48.839, 49.212, 49.865, 49.984, 50.773, 53.009, 54.378, 54.459, 53.77, 54.008, 55.654, 57.466, 58.784, 59.079, 59.185, 60.418, 61.616], [41.937, 41.11, 41.304, 42.935, 43.461, 43.745, 41.511, 38.586, 37.255, 36.107, 35.149, 34.142, 32.612, 29.952, 28.395, 27.51, 25.444, 24.146, 23.388, 20.003, 12.683, 7.085, 0.0, 7.758, 10.479, 14.072, 16.259, 18.321, 22.382, 25.865, 29.819, 31.266, 31.623, 32.109, 33.623, 33.737, 34.335, 35.573, 35.974, 36.205, 38.545, 40.232, 40.282, 40.926, 41.373, 41.414, 41.921, 42.415, 43.306, 45.032, 45.978, 46.848, 48.172, 49.674, 50.704, 51.655, 52.59, 52.194, 51.861, 52.189, 52.21, 51.479, 51.041, 50.95, 50.517, 49.847, 49.802, 49.815, 49.195, 48.614, 48.745, 49.293, 49.405, 50.422, 52.979, 54.129, 53.787, 53.061, 53.355, 54.939, 56.706, 57.914, 58.033, 58.061, 59.429, 60.716], [44.09, 43.463, 43.736, 45.381, 45.993, 46.236, 44.368, 41.828, 40.66, 39.586, 38.907, 38.422, 37.137, 34.435, 32.627, 31.699, 29.777, 28.682, 28.055, 24.943, 17.795, 13.356, 7.758, 0.0, 6.361, 10.312, 12.51, 16.589, 21.968, 25.375, 29.081, 30.71, 31.271, 31.764, 33.259, 33.339, 34.1, 35.493, 35.917, 36.098, 38.493, 40.51, 40.831, 41.42, 41.777, 41.836, 42.371, 42.932, 43.988, 45.86, 46.859, 47.72, 48.991, 50.502, 51.665, 52.765, 53.917, 53.706, 53.346, 53.652, 53.661, 52.702, 51.974, 51.842, 51.454, 50.729, 50.648, 50.69, 50.079, 49.386, 49.336, 49.806, 49.942, 51.069, 53.659, 54.421, 53.615, 52.862, 53.293, 54.867, 56.587, 57.764, 57.838, 57.828, 59.201, 60.437], [44.588, 44.204, 44.655, 46.417, 47.044, 47.377, 45.604, 43.082, 41.997, 40.93, 40.162, 39.729, 38.42, 35.777, 33.926, 32.826, 31.291, 30.452, 29.82, 26.668, 19.748, 14.89, 10.479, 6.361, 0.0, 6.356, 9.277, 13.3, 19.089, 23.079, 27.318, 29.01, 29.454, 29.924, 31.502, 31.588, 32.405, 33.772, 34.209, 34.366, 36.762, 38.863, 39.434, 40.293, 40.718, 40.794, 41.386, 41.977, 43.125, 45.045, 46.047, 46.922, 48.194, 49.729, 51.005, 52.326, 53.513, 53.315, 53.294, 53.757, 53.761, 52.89, 52.282, 52.24, 51.895, 51.165, 51.071, 51.103, 50.487, 49.79, 49.764, 50.282, 50.424, 51.572, 54.312, 55.218, 54.294, 53.339, 53.706, 55.255, 56.953, 58.122, 58.13, 58.067, 59.468, 60.739], [45.567, 45.326, 45.689, 47.516, 48.251, 48.521, 46.973, 44.786, 43.869, 42.809, 42.275, 42.296, 41.149, 38.465, 36.651, 35.662, 34.26, 33.571, 33.161, 30.249, 23.585, 18.829, 14.072, 10.312, 6.356, 0.0, 4.939, 11.676, 18.539, 22.836, 27.172, 29.055, 29.514, 29.991, 31.458, 31.489, 32.573, 34.135, 34.604, 34.714, 37.008, 39.049, 39.601, 40.381, 40.789, 40.863, 41.478, 42.139, 43.259, 45.228, 46.346, 47.261, 48.49, 50.019, 51.449, 52.974, 54.234, 54.09, 54.2, 54.806, 54.798, 53.756, 52.991, 52.905, 52.555, 51.826, 51.752, 51.81, 51.203, 50.384, 50.19, 50.68, 50.823, 52.152, 55.151, 55.978, 54.824, 53.834, 54.242, 55.742, 57.376, 58.506, 58.482, 58.392, 59.817, 61.048], [45.788, 45.616, 45.985, 47.779, 48.508, 48.751, 47.385, 45.416, 44.561, 43.522, 43.039, 43.236, 42.201, 39.575, 37.865, 36.942, 35.7, 35.101, 34.601, 31.666, 25.174, 20.656, 16.259, 12.51, 9.277, 4.939, 0.0, 9.803, 17.765, 22.335, 26.783, 28.688, 29.17, 29.57, 30.946, 30.945, 32.121, 33.765, 34.219, 34.307, 36.549, 38.611, 39.293, 40.143, 40.534, 40.549, 41.15, 41.789, 42.854, 44.856, 46.043, 47.041, 48.383, 49.993, 51.425, 52.926, 54.214, 54.069, 54.132, 54.783, 54.832, 53.781, 52.993, 52.922, 52.582, 51.848, 51.777, 51.857, 51.286, 50.413, 50.154, 50.673, 50.863, 52.217, 55.188, 55.881, 54.596, 53.615, 54.077, 55.596, 57.231, 58.349, 58.333, 58.241, 59.698, 60.952], [49.576, 49.073, 49.517, 51.511, 52.186, 52.582, 51.09, 48.727, 47.635, 46.61, 45.765, 45.168, 43.985, 41.549, 39.958, 38.874, 37.142, 36.124, 35.265, 31.879, 25.385, 21.257, 18.321, 16.589, 13.3, 11.676, 9.803, 0.0, 9.349, 16.336, 22.326, 24.193, 24.357, 24.976, 26.485, 26.614, 27.688, 29.439, 30.057, 30.135, 32.797, 35.128, 36.015, 37.35, 38.163, 38.403, 39.056, 39.839, 40.819, 42.631, 43.969, 45.348, 47.009, 48.9, 50.664, 52.267, 53.308, 53.249, 53.719, 54.421, 54.496, 53.706, 53.285, 53.505, 53.274, 52.618, 52.649, 52.736, 52.177, 51.53, 51.366, 51.807, 51.954, 53.175, 56.155, 57.394, 56.617, 55.481, 55.496, 56.799, 58.323, 59.397, 59.478, 59.415, 60.676, 61.858], [52.649, 52.0, 52.476, 54.555, 55.166, 55.688, 54.117, 51.43, 50.165, 49.202, 48.196, 47.167, 46.046, 43.868, 42.268, 41.005, 39.139, 37.985, 36.931, 33.462, 27.5, 23.966, 22.382, 21.968, 19.089, 18.539, 17.765, 9.349, 0.0, 9.973, 17.771, 19.72, 19.642, 20.655, 22.309, 22.515, 23.474, 25.313, 26.226, 26.213, 29.027, 31.512, 32.413, 33.969, 35.005, 35.514, 36.188, 37.127, 38.287, 40.138, 41.68, 43.352, 45.187, 47.307, 49.525, 51.335, 52.253, 52.522, 53.609, 54.389, 54.367, 53.788, 53.898, 54.671, 54.624, 54.01, 54.098, 54.164, 53.565, 53.142, 53.166, 53.568, 53.662, 54.764, 57.768, 59.413, 59.021, 57.788, 57.407, 58.442, 59.831, 60.827, 60.911, 60.827, 61.93, 63.1], [52.861, 52.189, 52.751, 54.86, 55.524, 56.195, 54.798, 52.212, 50.981, 50.062, 49.099, 48.183, 47.251, 45.2, 43.551, 42.343, 40.708, 39.697, 38.744, 35.642, 30.398, 27.329, 25.865, 25.375, 23.079, 22.836, 22.335, 16.336, 9.973, 0.0, 8.887, 11.507, 11.989, 13.982, 16.082, 16.301, 17.18, 19.321, 20.6, 20.472, 23.347, 26.176, 27.213, 28.938, 30.128, 30.801, 31.507, 32.676, 34.238, 36.353, 38.181, 39.975, 41.654, 43.704, 46.099, 48.099, 49.491, 50.487, 52.107, 53.006, 52.881, 52.218, 52.543, 54.015, 54.314, 53.618, 53.589, 53.603, 52.989, 52.68, 52.946, 53.443, 53.544, 54.618, 57.564, 59.18, 58.85, 57.581, 56.957, 57.782, 59.07, 59.976, 59.943, 59.753, 60.756, 61.985], [53.585, 52.92, 53.486, 55.56, 56.256, 56.979, 55.803, 53.463, 52.327, 51.475, 50.6, 49.835, 49.047, 47.104, 45.475, 44.363, 42.936, 42.054, 41.249, 38.633, 34.098, 31.399, 29.819, 29.081, 27.318, 27.172, 26.783, 22.326, 17.771, 8.887, 0.0, 4.027, 6.666, 9.914, 12.181, 12.501, 13.522, 16.075, 17.476, 17.313, 20.325, 23.582, 24.821, 26.561, 27.812, 28.575, 29.274, 30.584, 32.499, 34.778, 36.68, 38.34, 39.648, 41.432, 43.79, 45.895, 47.838, 49.5, 51.402, 52.348, 52.259, 51.609, 51.807, 53.569, 54.196, 53.473, 53.318, 53.277, 52.66, 52.415, 52.816, 53.338, 53.444, 54.498, 57.359, 58.863, 58.512, 57.229, 56.471, 57.151, 58.336, 59.12, 58.975, 58.711, 59.692, 61.073], [53.988, 53.378, 54.038, 56.094, 56.736, 57.475, 56.353, 54.056, 52.947, 52.103, 51.187, 50.435, 49.7, 47.834, 46.218, 45.076, 43.718, 42.85, 41.984, 39.455, 35.237, 32.707, 31.266, 30.71, 29.01, 29.055, 28.688, 24.193, 19.72, 11.507, 4.027, 0.0, 4.198, 7.976, 10.401, 10.892, 11.915, 14.602, 16.072, 15.927, 18.98, 22.389, 23.763, 25.634, 26.956, 27.736, 28.423, 29.729, 31.818, 34.21, 36.081, 37.652, 38.818, 40.473, 42.734, 44.836, 46.983, 48.819, 50.799, 51.735, 51.719, 51.309, 51.557, 53.306, 54.026, 53.372, 53.226, 53.167, 52.536, 52.326, 52.783, 53.31, 53.423, 54.457, 57.31, 58.87, 58.568, 57.269, 56.439, 57.07, 58.205, 58.897, 58.668, 58.355, 59.328, 60.829], [54.302, 53.735, 54.402, 56.513, 57.192, 57.95, 56.885, 54.635, 53.532, 52.649, 51.705, 50.935, 50.073, 48.191, 46.676, 45.615, 44.281, 43.293, 42.374, 39.899, 35.683, 33.002, 31.623, 31.271, 29.454, 29.514, 29.17, 24.357, 19.642, 11.989, 6.666, 4.198, 0.0, 5.248, 8.746, 9.399, 10.368, 12.883, 14.386, 14.197, 17.064, 20.457, 22.185, 24.549, 26.128, 26.931, 27.734, 29.042, 30.86, 32.97, 34.707, 36.333, 37.578, 39.265, 41.622, 43.841, 45.969, 47.771, 49.879, 50.847, 50.862, 50.642, 51.042, 52.803, 53.511, 52.909, 52.875, 52.882, 52.274, 52.091, 52.544, 53.07, 53.184, 54.245, 57.231, 58.912, 58.609, 57.242, 56.313, 56.884, 58.0, 58.655, 58.397, 58.096, 59.105, 60.626], [54.01, 53.664, 54.4, 56.343, 56.921, 57.587, 56.592, 54.488, 53.454, 52.561, 51.65, 51.076, 50.255, 48.452, 46.959, 45.852, 44.706, 43.78, 42.738, 40.242, 36.179, 33.551, 32.109, 31.764, 29.924, 29.991, 29.57, 24.976, 20.655, 13.982, 9.914, 7.976, 5.248, 0.0, 4.457, 5.586, 7.612, 10.771, 12.131, 12.271, 15.474, 19.33, 21.289, 23.656, 25.227, 26.073, 26.872, 27.884, 29.78, 32.14, 33.86, 35.375, 36.597, 38.344, 40.739, 43.162, 45.527, 47.277, 49.315, 50.184, 50.296, 50.394, 50.86, 52.546, 53.244, 52.654, 52.667, 52.707, 52.079, 51.907, 52.335, 52.798, 52.883, 53.933, 56.91, 58.495, 58.097, 56.692, 55.687, 56.146, 57.198, 57.77, 57.413, 57.016, 57.994, 59.598], [54.693, 54.443, 55.216, 57.061, 57.53, 58.089, 57.112, 55.091, 54.113, 53.254, 52.371, 51.904, 51.217, 49.512, 47.975, 46.799, 45.78, 45.003, 43.918, 41.349, 37.446, 35.044, 33.623, 33.259, 31.502, 31.458, 30.946, 26.485, 22.309, 16.082, 12.181, 10.401, 8.746, 4.457, 0.0, 2.534, 6.491, 10.453, 11.738, 12.18, 15.811, 19.96, 21.803, 23.83, 25.256, 26.144, 26.801, 27.614, 29.785, 32.556, 34.409, 35.812, 36.963, 38.765, 41.192, 43.689, 46.19, 47.991, 49.977, 50.759, 50.918, 51.164, 51.625, 53.264, 53.976, 53.391, 53.388, 53.408, 52.75, 52.576, 52.957, 53.336, 53.395, 54.405, 57.279, 58.768, 58.364, 56.965, 55.911, 56.267, 57.225, 57.729, 57.325, 56.827, 57.684, 59.317], [54.623, 54.412, 55.198, 57.058, 57.536, 58.087, 57.143, 55.182, 54.244, 53.402, 52.545, 52.12, 51.448, 49.737, 48.223, 47.092, 46.143, 45.421, 44.378, 41.757, 37.71, 35.194, 33.737, 33.339, 31.588, 31.489, 30.945, 26.614, 22.515, 16.301, 12.501, 10.892, 9.399, 5.586, 2.534, 0.0, 5.115, 9.735, 11.171, 11.576, 15.276, 19.427, 21.322, 23.397, 24.828, 25.682, 26.353, 27.174, 29.3, 32.06, 33.893, 35.24, 36.363, 38.263, 40.874, 43.507, 46.028, 47.839, 49.842, 50.623, 50.757, 50.949, 51.406, 53.096, 53.831, 53.25, 53.261, 53.3, 52.65, 52.504, 52.891, 53.258, 53.31, 54.335, 57.254, 58.728, 58.291, 56.89, 55.816, 56.138, 57.079, 57.577, 57.17, 56.681, 57.568, 59.218], [55.074, 54.798, 55.762, 57.779, 58.229, 58.856, 57.96, 55.953, 54.997, 54.128, 53.16, 52.542, 51.772, 50.086, 48.65, 47.653, 46.803, 46.067, 44.951, 42.169, 38.048, 35.589, 34.335, 34.1, 32.405, 32.573, 32.121, 27.688, 23.474, 17.18, 13.522, 11.915, 10.368, 7.612, 6.491, 5.115, 0.0, 5.426, 7.471, 7.893, 12.457, 17.315, 19.89, 22.648, 24.329, 25.118, 25.78, 26.582, 28.442, 30.916, 32.681, 34.038, 35.266, 37.355, 40.084, 42.75, 45.237, 47.077, 49.14, 49.897, 49.965, 50.101, 50.704, 52.664, 53.522, 52.965, 52.968, 53.031, 52.427, 52.383, 52.957, 53.418, 53.494, 54.477, 57.344, 58.894, 58.549, 57.108, 55.94, 56.225, 57.128, 57.607, 57.207, 56.736, 57.595, 59.184], [55.197, 54.884, 55.993, 58.194, 58.654, 59.323, 58.54, 56.579, 55.624, 54.723, 53.654, 52.943, 52.079, 50.434, 49.116, 48.293, 47.705, 47.0, 45.749, 42.856, 38.85, 36.55, 35.573, 35.493, 33.772, 34.135, 33.765, 29.439, 25.313, 19.321, 16.075, 14.602, 12.883, 10.771, 10.453, 9.735, 5.426, 0.0, 3.025, 3.775, 9.38, 15.314, 19.101, 22.68, 24.56, 25.229, 25.836, 26.503, 27.994, 30.148, 31.758, 33.098, 34.501, 36.761, 39.453, 41.956, 44.35, 46.239, 48.447, 49.259, 49.293, 49.507, 50.348, 52.536, 53.488, 52.932, 52.915, 53.001, 52.448, 52.461, 53.188, 53.768, 53.882, 54.824, 57.618, 59.203, 58.879, 57.387, 56.18, 56.467, 57.352, 57.822, 57.426, 56.966, 57.805, 59.332], [55.071, 54.791, 55.907, 58.104, 58.57, 59.203, 58.453, 56.586, 55.664, 54.752, 53.672, 53.021, 52.161, 50.549, 49.3, 48.527, 48.073, 47.393, 46.07, 43.116, 39.157, 36.904, 35.974, 35.917, 34.209, 34.604, 34.219, 30.057, 26.226, 20.6, 17.476, 16.072, 14.386, 12.131, 11.738, 11.171, 7.471, 3.025, 0.0, 2.998, 9.173, 15.273, 19.409, 23.096, 24.981, 25.578, 26.145, 26.691, 28.0, 30.076, 31.599, 32.843, 34.269, 36.58, 39.238, 41.71, 44.136, 46.049, 48.261, 49.081, 49.16, 49.466, 50.34, 52.535, 53.513, 52.958, 52.928, 53.02, 52.476, 52.503, 53.25, 53.833, 53.957, 54.878, 57.625, 59.157, 58.792, 57.299, 56.114, 56.386, 57.241, 57.676, 57.273, 56.833, 57.712, 59.269], [55.077, 54.734, 55.818, 58.078, 58.608, 59.327, 58.668, 56.814, 55.885, 54.998, 53.946, 53.289, 52.423, 50.784, 49.536, 48.783, 48.312, 47.629, 46.333, 43.409, 39.418, 37.127, 36.205, 36.098, 34.366, 34.714, 34.307, 30.135, 26.213, 20.472, 17.313, 15.927, 14.197, 12.271, 12.18, 11.576, 7.893, 3.775, 2.998, 0.0, 7.107, 13.763, 18.277, 22.203, 24.151, 24.766, 25.401, 26.097, 27.387, 29.409, 30.958, 32.294, 33.811, 36.188, 38.9, 41.306, 43.629, 45.578, 47.926, 48.844, 48.925, 49.216, 50.15, 52.411, 53.398, 52.839, 52.824, 52.93, 52.404, 52.437, 53.217, 53.84, 53.968, 54.937, 57.772, 59.367, 59.016, 57.511, 56.32, 56.622, 57.502, 57.962, 57.587, 57.168, 58.044, 59.553], [55.058, 54.747, 55.841, 58.196, 58.82, 59.669, 59.416, 57.961, 57.138, 56.28, 55.272, 54.744, 53.84, 52.227, 51.158, 50.591, 50.342, 49.685, 48.418, 45.707, 41.89, 39.442, 38.545, 38.493, 36.762, 37.008, 36.549, 32.797, 29.027, 23.347, 20.325, 18.98, 17.064, 15.474, 15.811, 15.276, 12.457, 9.38, 9.173, 7.107, 0.0, 7.926, 14.475, 19.604, 21.862, 22.455, 23.312, 24.189, 25.221, 26.93, 28.297, 29.676, 31.351, 33.903, 36.816, 39.372, 41.815, 43.894, 46.54, 47.636, 47.751, 48.239, 49.432, 51.871, 52.89, 52.328, 52.36, 52.516, 52.043, 52.098, 52.946, 53.679, 53.839, 54.915, 58.039, 59.856, 59.525, 58.033, 56.788, 57.038, 57.93, 58.355, 57.912, 57.506, 58.501, 60.064], [54.945, 54.643, 55.702, 58.121, 58.795, 59.736, 59.735, 58.645, 57.979, 57.151, 56.17, 55.707, 54.783, 53.203, 52.351, 51.986, 51.838, 51.171, 50.033, 47.481, 43.731, 41.05, 40.232, 40.51, 38.863, 39.049, 38.611, 35.128, 31.512, 26.176, 23.582, 22.389, 20.457, 19.33, 19.96, 19.427, 17.315, 15.314, 15.273, 13.763, 7.926, 0.0, 8.825, 15.513, 18.344, 18.954, 20.155, 21.437, 22.095, 23.432, 24.748, 26.223, 28.031, 30.841, 34.22, 37.239, 39.847, 41.972, 44.84, 46.107, 46.307, 46.898, 48.246, 50.798, 51.812, 51.286, 51.387, 51.565, 51.103, 51.225, 52.168, 52.979, 53.154, 54.291, 57.707, 59.941, 59.888, 58.503, 57.177, 57.338, 58.245, 58.615, 58.128, 57.803, 58.987, 60.66], [53.829, 53.405, 54.419, 56.753, 57.348, 58.362, 58.334, 57.233, 56.651, 55.897, 55.006, 54.681, 54.026, 52.556, 51.641, 51.208, 50.938, 50.328, 49.371, 47.02, 43.549, 41.037, 40.282, 40.831, 39.434, 39.601, 39.293, 36.015, 32.413, 27.213, 24.821, 23.763, 22.185, 21.289, 21.803, 21.322, 19.89, 19.101, 19.409, 18.277, 14.475, 8.825, 0.0, 7.724, 11.52, 12.558, 14.066, 15.893, 17.399, 19.952, 22.206, 24.028, 25.765, 28.561, 32.174, 35.479, 38.255, 40.417, 43.32, 44.663, 44.926, 45.412, 46.659, 49.202, 50.181, 49.689, 49.802, 49.898, 49.319, 49.579, 50.689, 51.429, 51.516, 52.616, 56.026, 58.531, 59.074, 57.898, 56.365, 56.375, 57.291, 57.687, 57.246, 56.887, 57.947, 59.587], [53.145, 52.679, 53.566, 55.653, 56.114, 57.109, 57.067, 55.996, 55.479, 54.857, 54.188, 54.121, 53.804, 52.429, 51.394, 50.864, 50.558, 50.113, 49.327, 47.211, 44.03, 41.741, 40.926, 41.42, 40.293, 40.381, 40.143, 37.35, 33.969, 28.938, 26.561, 25.634, 24.549, 23.656, 23.83, 23.397, 22.648, 22.68, 23.096, 22.203, 19.604, 15.513, 7.724, 0.0, 4.943, 7.039, 8.754, 11.123, 14.165, 18.529, 21.632, 23.486, 24.964, 27.625, 31.35, 34.79, 37.69, 39.932, 42.787, 44.154, 44.451, 44.849, 45.909, 48.342, 49.298, 48.832, 48.93, 48.952, 48.246, 48.554, 49.722, 50.314, 50.295, 51.378, 54.697, 57.113, 57.997, 57.151, 55.652, 55.591, 56.492, 56.89, 56.504, 56.135, 57.099, 58.749], [52.352, 51.973, 52.83, 54.744, 55.105, 56.062, 56.041, 55.023, 54.537, 53.99, 53.525, 53.658, 53.483, 52.183, 51.089, 50.521, 50.377, 50.128, 49.403, 47.366, 44.341, 42.161, 41.373, 41.777, 40.718, 40.789, 40.534, 38.163, 35.005, 30.128, 27.812, 26.956, 26.128, 25.227, 25.256, 24.828, 24.329, 24.56, 24.981, 24.151, 21.862, 18.344, 11.52, 4.943, 0.0, 3.39, 5.463, 8.265, 12.691, 18.14, 21.531, 23.294, 24.686, 27.292, 30.87, 34.139, 37.008, 39.282, 42.095, 43.49, 43.838, 44.219, 45.201, 47.563, 48.527, 48.1, 48.184, 48.165, 47.397, 47.669, 48.884, 49.451, 49.402, 50.492, 53.73, 55.99, 56.866, 56.183, 54.909, 55.001, 55.962, 56.363, 55.972, 55.597, 56.561, 58.238], [51.516, 51.194, 52.106, 54.014, 54.339, 55.279, 55.307, 54.363, 53.905, 53.339, 52.903, 53.158, 53.024, 51.735, 50.671, 50.17, 50.202, 50.05, 49.338, 47.294, 44.3, 42.146, 41.414, 41.836, 40.794, 40.863, 40.549, 38.403, 35.514, 30.801, 28.575, 27.736, 26.931, 26.073, 26.144, 25.682, 25.118, 25.229, 25.578, 24.766, 22.455, 18.954, 12.558, 7.039, 3.39, 0.0, 3.2, 6.675, 11.417, 17.219, 20.67, 22.427, 23.87, 26.479, 29.91, 33.053, 35.936, 38.21, 40.988, 42.447, 42.836, 43.21, 44.185, 46.522, 47.499, 47.112, 47.224, 47.224, 46.459, 46.732, 48.027, 48.657, 48.636, 49.754, 52.952, 55.134, 55.972, 55.328, 54.185, 54.435, 55.476, 55.888, 55.486, 55.117, 56.128, 57.836], [51.5, 51.152, 52.073, 53.926, 54.168, 55.065, 55.083, 54.125, 53.675, 53.145, 52.704, 52.959, 52.947, 51.738, 50.639, 50.144, 50.279, 50.212, 49.463, 47.383, 44.521, 42.544, 41.921, 42.371, 41.386, 41.478, 41.15, 39.056, 36.188, 31.507, 29.274, 28.423, 27.734, 26.872, 26.801, 26.353, 25.78, 25.836, 26.145, 25.401, 23.312, 20.155, 14.066, 8.754, 5.463, 3.2, 0.0, 4.719, 10.607, 17.021, 20.6, 22.294, 23.758, 26.374, 29.697, 32.734, 35.621, 37.891, 40.603, 42.07, 42.468, 42.868, 43.899, 46.257, 47.249, 46.88, 46.976, 46.951, 46.157, 46.474, 47.854, 48.484, 48.462, 49.533, 52.574, 54.658, 55.55, 54.951, 53.82, 54.105, 55.181, 55.619, 55.249, 54.873, 55.851, 57.586], [51.089, 50.866, 51.799, 53.484, 53.598, 54.402, 54.415, 53.484, 53.052, 52.534, 52.131, 52.463, 52.516, 51.516, 50.543, 50.064, 50.297, 50.244, 49.409, 47.378, 44.777, 42.951, 42.415, 42.932, 41.977, 42.139, 41.789, 39.839, 37.127, 32.676, 30.584, 29.729, 29.042, 27.884, 27.614, 27.174, 26.582, 26.503, 26.691, 26.097, 24.189, 21.437, 15.893, 11.123, 8.265, 6.675, 4.719, 0.0, 8.085, 15.696, 19.441, 21.106, 22.734, 25.542, 28.842, 32.005, 35.104, 37.334, 39.93, 41.308, 41.724, 42.302, 43.444, 45.838, 46.882, 46.522, 46.558, 46.505, 45.724, 46.134, 47.6, 48.185, 48.135, 49.146, 52.039, 53.999, 54.89, 54.311, 53.171, 53.442, 54.516, 54.947, 54.55, 54.132, 55.112, 56.891], [52.042, 51.613, 52.159, 53.787, 54.044, 54.849, 54.908, 54.12, 53.672, 53.17, 52.773, 52.872, 52.709, 51.754, 51.319, 51.278, 51.323, 51.037, 50.267, 48.375, 45.734, 43.751, 43.306, 43.988, 43.125, 43.259, 42.854, 40.819, 38.287, 34.238, 32.499, 31.818, 30.86, 29.78, 29.785, 29.3, 28.442, 27.994, 28.0, 27.387, 25.221, 22.095, 17.399, 14.165, 12.691, 11.417, 10.607, 8.085, 0.0, 8.522, 13.369, 16.08, 18.676, 22.236, 26.242, 29.854, 32.685, 34.859, 37.806, 39.423, 39.761, 40.249, 41.602, 44.224, 45.367, 45.047, 45.123, 45.184, 44.58, 45.181, 46.753, 47.368, 47.307, 48.363, 51.383, 53.478, 54.509, 54.043, 52.924, 53.159, 54.207, 54.676, 54.471, 54.312, 55.438, 57.135], [54.185, 53.62, 53.883, 55.579, 56.029, 56.882, 56.992, 56.28, 55.778, 55.262, 54.809, 54.514, 53.965, 52.974, 52.979, 53.394, 53.314, 52.727, 52.03, 50.4, 47.708, 45.43, 45.032, 45.86, 45.045, 45.228, 44.856, 42.631, 40.138, 36.353, 34.778, 34.21, 32.97, 32.14, 32.556, 32.06, 30.916, 30.148, 30.076, 29.409, 26.93, 23.432, 19.952, 18.529, 18.14, 17.219, 17.021, 15.696, 8.522, 0.0, 6.551, 11.485, 15.647, 19.933, 24.637, 28.718, 31.261, 33.421, 36.766, 38.594, 38.883, 39.337, 40.909, 43.7, 44.882, 44.588, 44.725, 44.91, 44.516, 45.258, 46.865, 47.537, 47.506, 48.624, 51.827, 54.117, 55.19, 54.748, 53.62, 53.815, 54.849, 55.34, 55.248, 55.403, 56.818, 58.464], [54.687, 54.345, 54.657, 56.42, 56.874, 57.66, 57.843, 57.166, 56.652, 56.119, 55.644, 55.279, 54.519, 53.53, 53.66, 54.303, 54.449, 53.784, 53.074, 51.644, 48.985, 46.433, 45.978, 46.859, 46.047, 46.346, 46.043, 43.969, 41.68, 38.181, 36.68, 36.081, 34.707, 33.86, 34.409, 33.893, 32.681, 31.758, 31.599, 30.958, 28.297, 24.748, 22.206, 21.632, 21.531, 20.67, 20.6, 19.441, 13.369, 6.551, 0.0, 6.625, 12.494, 17.712, 23.132, 27.981, 30.952, 33.176, 36.525, 38.351, 38.66, 39.304, 40.985, 43.711, 44.838, 44.526, 44.685, 44.921, 44.608, 45.386, 46.959, 47.628, 47.632, 48.788, 52.135, 54.382, 55.187, 54.65, 53.505, 53.674, 54.654, 54.999, 54.747, 55.059, 57.011, 58.949], [54.654, 54.538, 54.937, 56.703, 57.091, 57.766, 58.029, 57.429, 56.956, 56.451, 56.0, 55.768, 55.046, 54.084, 54.216, 54.931, 55.314, 54.772, 54.145, 52.812, 50.158, 47.43, 46.848, 47.72, 46.922, 47.261, 47.041, 45.348, 43.352, 39.975, 38.34, 37.652, 36.333, 35.375, 35.812, 35.24, 34.038, 33.098, 32.843, 32.294, 29.676, 26.223, 24.028, 23.486, 23.294, 22.427, 22.294, 21.106, 16.08, 11.485, 6.625, 0.0, 7.208, 14.056, 20.764, 26.659, 30.402, 32.859, 36.197, 38.015, 38.282, 38.91, 40.482, 43.187, 44.34, 43.993, 44.122, 44.346, 44.004, 44.812, 46.431, 47.114, 47.146, 48.352, 51.841, 53.961, 54.479, 53.908, 52.773, 52.906, 53.78, 53.889, 53.438, 53.755, 56.128, 58.561], [55.196, 55.151, 55.539, 57.26, 57.648, 58.309, 58.61, 58.074, 57.66, 57.183, 56.752, 56.637, 56.018, 55.062, 55.172, 55.859, 56.263, 55.824, 55.419, 54.304, 51.687, 48.879, 48.172, 48.991, 48.194, 48.49, 48.383, 47.009, 45.187, 41.654, 39.648, 38.818, 37.578, 36.597, 36.963, 36.363, 35.266, 34.501, 34.269, 33.811, 31.351, 28.031, 25.765, 24.964, 24.686, 23.87, 23.758, 22.734, 18.676, 15.647, 12.494, 7.208, 0.0, 8.283, 16.888, 24.125, 28.663, 31.511, 35.085, 37.026, 37.241, 37.693, 39.032, 41.786, 43.065, 42.767, 42.926, 43.145, 42.758, 43.627, 45.344, 46.086, 46.165, 47.465, 51.194, 53.363, 53.796, 53.234, 52.052, 52.077, 52.818, 52.745, 52.191, 52.466, 54.921, 57.704], [55.525, 55.423, 55.738, 57.341, 57.747, 58.486, 58.766, 58.241, 57.875, 57.398, 56.919, 56.81, 56.255, 55.337, 55.451, 56.144, 56.538, 56.137, 55.901, 55.202, 52.994, 50.34, 49.674, 50.502, 49.729, 50.019, 49.993, 48.9, 47.307, 43.704, 41.432, 40.473, 39.265, 38.344, 38.765, 38.263, 37.355, 36.761, 36.58, 36.188, 33.903, 30.841, 28.561, 27.625, 27.292, 26.479, 26.374, 25.542, 22.236, 19.933, 17.712, 14.056, 8.283, 0.0, 10.293, 19.153, 24.603, 27.713, 31.566, 33.754, 34.012, 34.495, 35.823, 38.709, 40.157, 39.992, 40.278, 40.543, 40.141, 41.113, 43.019, 43.897, 44.075, 45.418, 49.287, 51.644, 52.219, 51.675, 50.422, 50.391, 51.06, 50.895, 50.334, 50.653, 53.06, 55.948], [54.344, 54.161, 54.539, 55.891, 56.226, 57.092, 57.321, 56.801, 56.491, 55.977, 55.369, 55.239, 54.767, 54.014, 54.187, 54.926, 55.483, 55.165, 54.888, 54.551, 53.212, 51.132, 50.704, 51.665, 51.005, 51.449, 51.425, 50.664, 49.525, 46.099, 43.79, 42.734, 41.622, 40.739, 41.192, 40.874, 40.084, 39.453, 39.238, 38.9, 36.816, 34.22, 32.174, 31.35, 30.87, 29.91, 29.697, 28.842, 26.242, 24.637, 23.132, 20.764, 16.888, 10.293, 0.0, 10.642, 18.147, 21.353, 25.164, 27.777, 28.385, 29.476, 31.191, 34.271, 35.92, 35.856, 36.147, 36.401, 35.997, 37.045, 39.408, 40.641, 41.023, 42.331, 45.953, 48.374, 49.23, 48.84, 47.757, 48.001, 48.829, 48.75, 48.244, 48.546, 50.734, 53.563], [53.192, 52.649, 53.0, 54.224, 54.589, 55.62, 55.776, 55.198, 54.892, 54.431, 53.777, 53.509, 53.137, 52.546, 52.818, 53.645, 54.3, 54.089, 53.776, 53.562, 52.879, 51.593, 51.655, 52.765, 52.326, 52.974, 52.926, 52.267, 51.335, 48.099, 45.895, 44.836, 43.841, 43.162, 43.689, 43.507, 42.75, 41.956, 41.71, 41.306, 39.372, 37.239, 35.479, 34.79, 34.139, 33.053, 32.734, 32.005, 29.854, 28.718, 27.981, 26.659, 24.125, 19.153, 10.642, 0.0, 9.689, 14.136, 18.802, 22.571, 23.751, 25.535, 27.974, 31.243, 33.046, 33.069, 33.305, 33.555, 33.233, 34.297, 37.199, 38.896, 39.498, 40.753, 43.918, 46.35, 47.592, 47.488, 46.847, 47.697, 48.918, 49.236, 49.117, 49.45, 51.078, 53.503], [54.133, 53.06, 53.072, 54.311, 54.841, 56.016, 56.054, 55.354, 55.002, 54.665, 54.031, 53.418, 52.977, 52.398, 52.801, 53.688, 54.188, 53.976, 53.727, 53.493, 52.894, 51.97, 52.59, 53.917, 53.513, 54.234, 54.214, 53.308, 52.253, 49.491, 47.838, 46.983, 45.969, 45.527, 46.19, 46.028, 45.237, 44.35, 44.136, 43.629, 41.815, 39.847, 38.255, 37.69, 37.008, 35.936, 35.621, 35.104, 32.685, 31.261, 30.952, 30.402, 28.663, 24.603, 18.147, 9.689, 0.0, 7.355, 15.194, 20.412, 21.781, 23.617, 26.76, 30.154, 31.971, 32.164, 32.571, 32.967, 32.785, 33.949, 37.046, 38.857, 39.469, 40.629, 43.635, 46.399, 48.111, 48.186, 47.779, 48.946, 50.397, 51.124, 51.582, 52.169, 53.376, 55.278], [53.735, 52.562, 52.489, 53.621, 54.129, 55.327, 55.324, 54.631, 54.3, 53.978, 53.311, 52.589, 52.039, 51.491, 52.011, 52.961, 53.491, 53.273, 53.028, 52.85, 52.314, 51.401, 52.194, 53.706, 53.315, 54.09, 54.069, 53.249, 52.522, 50.487, 49.5, 48.819, 47.771, 47.277, 47.991, 47.839, 47.077, 46.239, 46.049, 45.578, 43.894, 41.972, 40.417, 39.932, 39.282, 38.21, 37.891, 37.334, 34.859, 33.421, 33.176, 32.859, 31.511, 27.713, 21.353, 14.136, 7.355, 0.0, 9.76, 16.003, 17.684, 20.058, 23.792, 27.026, 28.681, 29.029, 29.65, 30.194, 30.102, 31.331, 34.537, 36.447, 37.09, 38.177, 41.161, 44.184, 46.189, 46.375, 46.067, 47.4, 49.047, 50.011, 50.716, 51.425, 52.551, 54.294], [52.939, 51.905, 51.973, 52.958, 53.212, 54.202, 54.194, 53.573, 53.244, 52.87, 52.253, 51.572, 50.994, 50.574, 51.166, 52.241, 52.901, 52.666, 52.434, 52.373, 51.951, 51.159, 51.861, 53.346, 53.294, 54.2, 54.132, 53.719, 53.609, 52.107, 51.402, 50.799, 49.879, 49.315, 49.977, 49.842, 49.14, 48.447, 48.261, 47.926, 46.54, 44.84, 43.32, 42.787, 42.095, 40.988, 40.603, 39.93, 37.806, 36.766, 36.525, 36.197, 35.085, 31.566, 25.164, 18.802, 15.194, 9.76, 0.0, 7.526, 10.507, 14.274, 18.426, 21.19, 22.711, 23.235, 24.066, 24.782, 24.833, 26.04, 29.267, 31.366, 32.218, 33.117, 35.789, 38.831, 41.077, 41.529, 41.532, 43.257, 45.262, 46.456, 47.3, 48.089, 49.268, 51.054], [53.723, 52.904, 53.142, 54.056, 54.095, 54.881, 54.831, 54.205, 53.851, 53.42, 52.816, 52.149, 51.542, 51.228, 51.792, 52.816, 53.484, 53.163, 52.863, 52.769, 52.32, 51.56, 52.189, 53.652, 53.757, 54.806, 54.783, 54.421, 54.3