[[0.0, 2.998, 4.34, 11.267, 20.101, 22.937, 22.161, 21.968, 23.85, 24.696, 26.238, 29.914, 33.533, 33.996, 33.052, 33.824, 35.048, 35.047, 36.283, 37.819, 40.909, 46.726, 47.682, 47.844, 49.258, 51.55, 51.452, 53.467, 57.161, 57.776, 56.314, 56.569, 59.906, 63.223, 62.852, 62.987, 63.035, 62.085, 61.947, 63.021, 63.649, 63.963, 63.965, 63.145, 59.546, 55.354, 52.949, 51.918, 53.69, 57.42, 59.85, 61.101, 61.42, 61.15, 61.576, 60.409, 58.12, 56.652, 56.064, 56.227, 57.507, 59.23, 60.169, 61.167, 62.1, 61.775, 61.904, 61.646, 60.829, 60.095, 60.318, 61.096, 61.093, 60.678, 58.966, 57.424, 57.204, 56.876, 57.711, 59.116, 59.282, 58.609, 57.305, 55.467, 54.101, 53.879], [2.998, 0.0, 3.227, 10.734, 19.519, 22.367, 21.7, 21.725, 23.508, 24.283, 25.759, 29.367, 32.997, 33.529, 32.668, 33.445, 34.707, 34.786, 36.063, 37.719, 40.975, 46.749, 47.596, 47.759, 49.196, 51.527, 51.513, 53.63, 57.311, 57.84, 56.403, 56.714, 60.077, 63.365, 62.958, 63.132, 63.208, 62.243, 62.062, 63.116, 63.708, 64.006, 64.025, 63.212, 59.687, 55.567, 53.2, 52.187, 53.941, 57.601, 59.971, 61.18, 61.486, 61.221, 61.641, 60.426, 58.046, 56.476, 55.83, 55.926, 57.127, 58.777, 59.697, 60.725, 61.632, 61.273, 61.39, 61.119, 60.269, 59.5, 59.716, 60.508, 60.552, 60.176, 58.457, 56.832, 56.584, 56.287, 57.146, 58.559, 58.721, 58.024, 56.686, 54.847, 53.502, 53.331], [4.34, 3.227, 0.0, 8.592, 18.084, 21.126, 20.504, 20.493, 22.369, 23.201, 24.704, 28.307, 31.938, 32.504, 31.615, 32.364, 33.6, 33.663, 35.027, 36.84, 40.312, 46.234, 47.148, 47.336, 48.83, 51.225, 51.179, 53.318, 57.09, 57.699, 56.327, 56.697, 60.195, 63.627, 63.229, 63.407, 63.526, 62.545, 62.354, 63.373, 63.911, 64.212, 64.217, 63.444, 59.894, 55.638, 53.177, 52.135, 54.011, 57.777, 60.172, 61.41, 61.712, 61.366, 61.721, 60.44, 57.972, 56.361, 55.659, 55.695, 56.908, 58.618, 59.571, 60.56, 61.428, 61.06, 61.175, 60.937, 60.136, 59.37, 59.61, 60.473, 60.566, 60.193, 58.424, 56.761, 56.525, 56.218, 57.121, 58.663, 58.985, 58.457, 57.227, 55.388, 53.984, 53.733], [11.267, 10.734, 8.592, 0.0, 10.55, 14.259, 14.145, 14.469, 16.435, 17.389, 19.171, 23.114, 26.805, 27.541, 26.888, 27.618, 28.917, 29.178, 31.137, 33.498, 37.946, 44.677, 45.778, 45.998, 47.679, 50.33, 50.235, 52.363, 56.297, 57.119, 56.113, 56.847, 60.73, 64.567, 64.485, 64.684, 64.7, 63.625, 63.411, 64.327, 64.604, 64.93, 64.928, 64.296, 61.136, 56.905, 54.439, 53.642, 55.992, 59.968, 62.27, 63.429, 63.749, 63.36, 63.591, 62.298, 59.709, 57.84, 56.789, 56.358, 57.373, 59.034, 59.956, 60.907, 61.716, 61.309, 61.426, 61.286, 60.589, 59.881, 60.083, 60.962, 61.228, 60.993, 59.235, 57.314, 56.927, 56.733, 57.846, 59.725, 60.257, 59.798, 58.604, 56.751, 55.223, 54.739], [20.101, 19.519, 18.084, 10.55, 0.0, 5.211, 7.368, 9.149, 10.539, 11.393, 13.829, 18.445, 22.091, 23.111, 23.23, 23.908, 25.197, 26.111, 28.883, 31.665, 37.332, 44.761, 45.91, 46.134, 47.961, 50.817, 50.708, 52.791, 56.763, 57.705, 57.17, 58.327, 62.458, 66.534, 66.699, 66.864, 66.758, 65.57, 65.351, 66.171, 66.163, 66.46, 66.404, 66.003, 63.496, 59.639, 57.398, 56.954, 59.621, 63.632, 65.742, 66.704, 66.974, 66.566, 66.681, 65.387, 62.65, 60.462, 59.017, 57.974, 58.623, 60.049, 60.814, 61.639, 62.306, 61.835, 61.948, 61.911, 61.298, 60.659, 60.809, 61.684, 62.172, 62.132, 60.427, 58.181, 57.604, 57.533, 58.782, 60.932, 61.621, 61.118, 59.897, 58.133, 56.567, 55.914], [22.937, 22.367, 21.126, 14.259, 5.211, 0.0, 4.725, 7.96, 9.077, 9.753, 12.736, 17.613, 21.283, 22.532, 22.963, 23.579, 24.814, 25.82, 28.865, 31.74, 37.072, 44.474, 45.704, 45.939, 47.929, 51.021, 51.01, 53.095, 57.084, 57.991, 57.509, 58.769, 62.971, 67.068, 67.282, 67.461, 67.322, 66.141, 66.069, 67.053, 67.054, 67.386, 67.361, 67.104, 64.804, 61.055, 58.858, 58.471, 61.179, 65.139, 67.173, 68.068, 68.29, 67.844, 67.889, 66.591, 63.916, 61.808, 60.368, 59.245, 59.84, 61.191, 61.885, 62.732, 63.418, 62.936, 63.027, 62.988, 62.383, 61.745, 61.899, 62.799, 63.345, 63.316, 61.589, 59.218, 58.501, 58.344, 59.571, 61.789, 62.548, 62.075, 60.898, 59.234, 57.723, 57.06], [22.161, 21.7, 20.504, 14.145, 7.368, 4.725, 0.0, 4.612, 7.457, 8.53, 11.848, 16.734, 20.615, 21.908, 22.128, 22.752, 23.986, 24.701, 27.46, 30.409, 36.133, 43.672, 44.917, 45.162, 47.091, 50.123, 50.161, 52.442, 56.497, 57.366, 56.769, 57.966, 62.156, 66.187, 66.258, 66.432, 66.394, 65.318, 65.356, 66.467, 66.608, 66.857, 66.764, 66.556, 64.159, 60.354, 58.12, 57.658, 60.328, 64.284, 66.336, 67.237, 67.383, 66.842, 66.868, 65.522, 62.791, 60.698, 59.305, 58.315, 58.989, 60.364, 61.056, 61.828, 62.482, 62.017, 62.135, 62.118, 61.553, 60.885, 60.992, 61.895, 62.395, 62.288, 60.485, 58.232, 57.674, 57.429, 58.6, 60.842, 61.663, 61.312, 60.278, 58.727, 57.273, 56.69], [21.968, 21.725, 20.493, 14.469, 9.149, 7.96, 4.612, 0.0, 4.847, 6.438, 10.028, 15.226, 19.271, 20.471, 20.469, 21.143, 22.472, 23.153, 25.754, 28.572, 34.721, 42.497, 43.687, 43.929, 45.698, 48.527, 48.421, 50.743, 54.9, 55.883, 55.302, 56.482, 60.718, 64.79, 64.784, 64.899, 64.909, 63.834, 63.796, 64.838, 65.006, 65.267, 65.142, 64.922, 62.507, 58.71, 56.491, 56.007, 58.658, 62.654, 64.755, 65.675, 65.805, 65.25, 65.302, 63.944, 61.14, 58.961, 57.588, 56.678, 57.373, 58.807, 59.531, 60.231, 60.882, 60.442, 60.597, 60.616, 60.121, 59.486, 59.522, 60.377, 60.843, 60.723, 58.923, 56.82, 56.428, 56.204, 57.333, 59.55, 60.374, 60.09, 59.195, 57.736, 56.295, 55.722], [23.85, 23.508, 22.369, 16.435, 10.539, 9.077, 7.457, 4.847, 0.0, 2.73, 7.824, 13.639, 17.912, 19.171, 19.435, 20.22, 21.715, 22.699, 25.465, 28.214, 34.429, 42.224, 43.264, 43.491, 45.302, 48.186, 48.102, 50.401, 54.566, 55.603, 55.184, 56.479, 60.776, 64.883, 64.933, 65.044, 65.0, 63.835, 63.67, 64.608, 64.672, 64.999, 64.956, 64.707, 62.464, 58.842, 56.743, 56.385, 59.061, 63.025, 65.091, 65.967, 66.117, 65.628, 65.702, 64.359, 61.524, 59.259, 57.872, 56.869, 57.435, 58.818, 59.552, 60.276, 60.934, 60.487, 60.636, 60.666, 60.175, 59.56, 59.561, 60.357, 60.849, 60.795, 59.076, 56.98, 56.563, 56.431, 57.592, 59.784, 60.544, 60.175, 59.231, 57.756, 56.29, 55.665], [24.696, 24.283, 23.201, 17.389, 11.393, 9.753, 8.53, 6.438, 2.73, 0.0, 6.396, 12.765, 17.102, 18.416, 18.847, 19.68, 21.221, 22.378, 25.393, 27.99, 34.0, 41.684, 42.629, 42.834, 44.717, 47.722, 47.688, 49.985, 54.153, 55.196, 54.849, 56.215, 60.525, 64.606, 64.653, 64.748, 64.684, 63.494, 63.305, 64.228, 64.258, 64.595, 64.57, 64.377, 62.301, 58.805, 56.782, 56.482, 59.16, 63.079, 65.088, 65.916, 66.071, 65.635, 65.719, 64.382, 61.569, 59.296, 57.907, 56.86, 57.356, 58.691, 59.407, 60.117, 60.786, 60.339, 60.47, 60.494, 59.995, 59.397, 59.363, 60.104, 60.592, 60.564, 58.875, 56.692, 56.154, 56.025, 57.184, 59.364, 60.113, 59.71, 58.753, 57.294, 55.854, 55.254], [26.238, 25.759, 24.704, 19.171, 13.829, 12.736, 11.848, 10.028, 7.824, 6.396, 0.0, 7.831, 13.356, 15.103, 15.645, 16.677, 18.282, 19.92, 23.822, 25.995, 31.811, 39.264, 40.059, 40.193, 42.241, 45.356, 45.249, 47.488, 51.511, 52.49, 52.288, 53.821, 58.235, 62.42, 62.483, 62.498, 62.475, 61.305, 61.054, 61.857, 61.76, 62.112, 62.108, 62.069, 60.593, 57.512, 55.564, 55.309, 58.091, 61.973, 63.853, 64.643, 64.839, 64.459, 64.524, 63.223, 60.478, 58.244, 56.917, 55.915, 56.353, 57.725, 58.608, 59.072, 59.558, 59.12, 59.179, 59.183, 58.649, 58.126, 58.117, 58.82, 59.314, 59.334, 57.697, 55.23, 54.262, 54.071, 55.219, 57.374, 58.141, 57.761, 56.854, 55.416, 53.984, 53.378], [29.914, 29.367, 28.307, 23.114, 18.445, 17.613, 16.734, 15.226, 13.639, 12.765, 7.831, 0.0, 7.051, 9.817, 10.8, 12.034, 14.068, 16.754, 21.685, 23.934, 29.931, 37.317, 37.961, 38.124, 40.415, 43.653, 43.527, 45.637, 49.547, 50.579, 50.707, 52.517, 57.051, 61.338, 61.381, 61.192, 61.102, 59.92, 59.649, 60.43, 60.271, 60.602, 60.583, 60.766, 59.86, 57.294, 55.53, 55.392, 58.358, 62.214, 63.948, 64.691, 64.871, 64.448, 64.433, 63.051, 60.295, 58.155, 56.882, 55.834, 56.156, 57.555, 58.538, 58.734, 59.024, 58.575, 58.568, 58.563, 58.1, 57.707, 57.751, 58.491, 59.052, 59.066, 57.412, 54.715, 53.467, 53.196, 54.302, 56.504, 57.41, 57.285, 56.692, 55.42, 54.015, 53.394], [33.533, 32.997, 31.938, 26.805, 22.091, 21.283, 20.615, 19.271, 17.912, 17.102, 13.356, 7.051, 0.0, 4.088, 6.415, 7.6, 10.155, 13.744, 19.283, 21.569, 28.116, 35.966, 36.731, 37.065, 39.502, 42.867, 42.756, 44.816, 48.819, 50.07, 50.557, 52.529, 57.052, 61.396, 61.507, 61.234, 61.022, 59.755, 59.42, 60.105, 59.859, 60.23, 60.204, 60.528, 59.739, 57.347, 55.902, 56.026, 59.145, 62.961, 64.589, 65.269, 65.454, 65.051, 65.005, 63.56, 60.782, 58.7, 57.429, 56.275, 56.514, 57.92, 58.91, 59.036, 59.268, 58.84, 58.831, 58.839, 58.446, 58.121, 58.151, 58.956, 59.647, 59.717, 58.067, 55.297, 53.98, 53.685, 54.83, 57.137, 58.175, 58.24, 57.905, 56.824, 55.498, 54.906], [33.996, 33.529, 32.504, 27.541, 23.111, 22.532, 21.908, 20.471, 19.171, 18.416, 15.103, 9.817, 4.088, 0.0, 3.584, 5.222, 8.016, 11.869, 17.653, 19.518, 26.23, 34.528, 35.503, 35.938, 38.433, 41.819, 41.684, 43.81, 47.954, 49.366, 49.898, 51.766, 56.177, 60.482, 60.646, 60.424, 60.177, 58.887, 58.533, 59.148, 58.876, 59.236, 59.196, 59.444, 58.481, 56.007, 54.685, 54.997, 58.137, 61.907, 63.542, 64.22, 64.434, 64.125, 64.174, 62.736, 59.936, 57.865, 56.667, 55.597, 55.891, 57.379, 58.399, 58.519, 58.794, 58.414, 58.424, 58.427, 58.046, 57.741, 57.769, 58.59, 59.284, 59.381, 57.778, 55.105, 53.834, 53.552, 54.701, 56.977, 57.994, 58.066, 57.787, 56.761, 55.481, 54.927], [33.052, 32.668, 31.615, 26.888, 23.23, 22.963, 22.128, 20.469, 19.435, 18.847, 15.645, 10.8, 6.415, 3.584, 0.0, 3.16, 6.215, 9.988, 16.096, 17.955, 24.85, 33.36, 34.481, 34.965, 37.471, 40.871, 40.686, 42.859, 47.107, 48.602, 49.024, 50.749, 55.125, 59.421, 59.576, 59.39, 59.172, 57.913, 57.539, 58.099, 57.891, 58.284, 58.239, 58.414, 57.297, 54.705, 53.32, 53.623, 56.794, 60.565, 62.255, 62.987, 63.2, 62.889, 62.979, 61.54, 58.732, 56.687, 55.595, 54.705, 55.124, 56.757, 57.876, 58.02, 58.325, 57.973, 57.997, 57.998, 57.633, 57.333, 57.4, 58.228, 58.856, 58.915, 57.288, 54.703, 53.498, 53.17, 54.271, 56.511, 57.535, 57.647, 57.397, 56.363, 55.099, 54.578], [33.824, 33.445, 32.364, 27.618, 23.908, 23.579, 22.752, 21.143, 20.22, 19.68, 16.677, 12.034, 7.6, 5.222, 3.16, 0.0, 4.177, 9.024, 15.417, 17.664, 24.987, 33.737, 34.921, 35.439, 37.907, 41.253, 40.98, 43.076, 47.33, 48.838, 49.278, 51.012, 55.424, 59.771, 59.944, 59.753, 59.528, 58.239, 57.83, 58.365, 58.137, 58.536, 58.5, 58.728, 57.606, 54.964, 53.569, 53.879, 57.118, 60.96, 62.675, 63.418, 63.622, 63.286, 63.359, 61.91, 59.089, 57.019, 55.89, 54.965, 55.378, 57.012, 58.155, 58.332, 58.625, 58.269, 58.303, 58.325, 57.966, 57.656, 57.706, 58.54, 59.195, 59.264, 57.63, 55.072, 53.904, 53.563, 54.668, 56.959, 58.039, 58.196, 57.984, 56.975, 55.684, 55.122], [35.048, 34.707, 33.6, 28.917, 25.197, 24.814, 23.986, 22.472, 21.715, 21.221, 18.282, 14.068, 10.155, 8.016, 6.215, 4.177, 0.0, 6.814, 14.301, 16.601, 24.264, 33.081, 34.576, 35.187, 37.72, 41.203, 41.034, 43.276, 47.589, 49.141, 49.563, 51.201, 55.508, 59.791, 59.995, 59.891, 59.703, 58.432, 58.065, 58.561, 58.306, 58.697, 58.636, 58.848, 57.667, 54.902, 53.439, 53.758, 57.069, 60.911, 62.63, 63.379, 63.559, 63.18, 63.232, 61.782, 58.936, 56.858, 55.752, 54.892, 55.377, 57.065, 58.244, 58.391, 58.65, 58.303, 58.336, 58.375, 58.029, 57.716, 57.852, 58.798, 59.492, 59.576, 57.936, 55.348, 54.113, 53.703, 54.813, 57.192, 58.371, 58.562, 58.323, 57.298, 56.008, 55.447], [35.047, 34.786, 33.663, 29.178, 26.111, 25.82, 24.701, 23.153, 22.699, 22.378, 19.92, 16.754, 13.744, 11.869, 9.988, 9.024, 6.814, 0.0, 8.65, 12.71, 22.874, 32.656, 34.495, 35.085, 37.077, 40.213, 40.066, 42.908, 47.609, 49.264, 49.631, 51.193, 55.455, 59.743, 60.094, 60.338, 60.366, 59.212, 58.941, 59.479, 59.35, 59.891, 59.872, 60.043, 58.586, 55.433, 53.807, 54.052, 57.343, 61.063, 62.724, 63.471, 63.606, 63.144, 63.2, 61.669, 58.682, 56.595, 55.583, 55.005, 55.863, 57.758, 58.999, 59.365, 59.703, 59.39, 59.526, 59.606, 59.216, 58.703, 58.832, 59.909, 60.61, 60.665, 58.904, 56.317, 55.24, 54.761, 55.914, 58.448, 59.683, 59.851, 59.51, 58.465, 57.29, 56.873], [36.283, 36.063, 35.027, 31.137, 28.883, 28.865, 27.46, 25.754, 25.465, 25.393, 23.822, 21.685, 19.283, 17.653, 16.096, 15.417, 14.301, 8.65, 0.0, 9.324, 23.737, 34.477, 36.169, 36.667, 37.571, 39.767, 39.592, 43.116, 48.168, 49.837, 50.188, 51.685, 55.843, 60.156, 60.584, 61.078, 61.373, 60.33, 60.034, 60.588, 60.6, 61.193, 61.178, 61.329, 59.603, 56.362, 54.899, 55.181, 58.312, 61.833, 63.377, 64.061, 64.179, 63.714, 63.87, 62.244, 59.025, 56.813, 55.823, 55.45, 56.476, 58.384, 59.598, 60.08, 60.412, 60.149, 60.434, 60.569, 60.133, 59.405, 59.38, 60.455, 61.114, 61.128, 59.292, 56.994, 56.423, 56.022, 57.228, 59.788, 60.977, 61.107, 60.727, 59.773, 58.781, 58.53], [37.819, 37.719, 36.84, 33.498, 31.665, 31.74, 30.409, 28.572, 28.214, 27.99, 25.995, 23.934, 21.569, 19.518, 17.955, 17.664, 16.601, 12.71, 9.324, 0.0, 17.814, 29.465, 31.34, 31.924, 32.823, 35.272, 35.409, 39.363, 44.572, 46.247, 46.551, 47.886, 51.819, 56.115, 56.56, 57.025, 57.446, 56.54, 56.331, 56.827, 56.708, 57.095, 56.986, 57.068, 55.453, 52.714, 51.783, 52.403, 55.47, 58.833, 60.27, 60.93, 61.23, 61.094, 61.464, 59.979, 56.949, 54.796, 53.883, 53.616, 54.337, 56.021, 57.241, 57.333, 57.565, 57.43, 57.693, 57.804, 57.375, 56.761, 56.625, 57.516, 58.06, 58.115, 56.52, 54.459, 53.793, 53.492, 54.713, 56.97, 57.983, 58.055, 57.683, 56.741, 55.813, 55.603], [40.909, 40.975, 40.312, 37.946, 37.332, 37.072, 36.133, 34.721, 34.429, 34.0, 31.811, 29.931, 28.116, 26.23, 24.85, 24.987, 24.264, 22.874, 23.737, 17.814, 0.0, 13.956, 18.418, 19.531, 21.928, 26.751, 28.535, 32.376, 37.5, 39.253, 39.358, 40.413, 44.212, 48.426, 49.1, 49.536, 49.663, 48.906, 49.103, 49.962, 49.933, 50.64, 50.912, 50.908, 49.894, 48.065, 47.625, 48.701, 51.754, 54.755, 55.954, 56.597, 57.176, 57.633, 58.295, 56.995, 54.737, 53.558, 53.426, 53.709, 54.316, 55.891, 57.176, 57.514, 58.287, 58.271, 58.273, 58.047, 57.495, 57.126, 57.072, 57.718, 58.01, 57.959, 56.601, 54.279, 52.617, 52.139, 53.257, 54.964, 55.543, 55.381, 55.013, 54.199, 53.5, 53.286], [46.726, 46.749, 46.234, 44.677, 44.761, 44.474, 43.672, 42.497, 42.224, 41.684, 39.264, 37.317, 35.966, 34.528, 33.36, 33.737, 33.081, 32.656, 34.477, 29.465, 13.956, 0.0, 9.018, 11.805, 16.626, 24.495, 28.973, 32.878, 36.98, 38.486, 38.616, 39.512, 42.612, 46.113, 46.615, 46.759, 46.832, 46.418, 46.857, 47.792, 47.835, 48.693, 49.143, 48.961, 48.969, 48.67, 48.964, 50.305, 53.163, 55.7, 56.536, 57.024, 57.678, 58.378, 59.091, 57.825, 55.91, 55.253, 55.608, 56.123, 56.326, 57.566, 58.772, 58.876, 59.711, 59.759, 59.542, 59.067, 58.496, 58.374, 58.459, 58.928, 58.983, 58.828, 57.647, 55.183, 52.916, 52.451, 53.484, 54.677, 54.847, 54.422, 53.922, 53.136, 52.641, 52.501], [47.682, 47.596, 47.148, 45.778, 45.91, 45.704, 44.917, 43.687, 43.264, 42.629, 40.059, 37.961, 36.731, 35.503, 34.481, 34.921, 34.576, 34.495, 36.169, 31.34, 18.418, 9.018, 0.0, 5.27, 12.677, 22.132, 27.995, 32.479, 36.403, 37.786, 38.217, 39.399, 42.408, 45.768, 46.179, 46.052, 46.161, 45.72, 45.781, 46.529, 46.534, 47.315, 47.786, 47.589, 48.214, 48.834, 49.646, 51.205, 54.1, 56.633, 57.341, 57.716, 58.412, 59.259, 60.015, 58.731, 56.722, 55.745, 55.93, 56.213, 55.917, 56.815, 57.975, 57.934, 58.674, 58.701, 58.48, 58.03, 57.477, 57.409, 57.185, 57.21, 57.099, 56.952, 55.877, 53.522, 51.345, 51.193, 52.33, 53.351, 53.286, 52.65, 52.038, 51.164, 50.613, 50.459], [47.844, 47.759, 47.336, 45.998, 46.134, 45.939, 45.162, 43.929, 43.491, 42.834, 40.193, 38.124, 37.065, 35.938, 34.965, 35.439, 35.187, 35.085, 36.667, 31.924, 19.531, 11.805, 5.27, 0.0, 9.707, 20.008, 26.223, 30.937, 34.889, 36.271, 36.798, 38.163, 41.373, 44.893, 45.423, 45.297, 45.302, 44.723, 44.742, 45.533, 45.555, 46.384, 46.849, 46.803, 47.817, 48.689, 49.511, 51.068, 54.0, 56.497, 57.124, 57.451, 58.131, 59.031, 59.823, 58.555, 56.544, 55.468, 55.529, 55.699, 55.375, 56.311, 57.486, 57.495, 58.267, 58.298, 58.106, 57.699, 57.162, 57.077, 56.822, 56.795, 56.644, 56.476, 55.387, 52.975, 50.79, 50.654, 51.808, 52.871, 52.805, 52.129, 51.501, 50.654, 50.126, 50.003], [49.258, 49.196, 48.83, 47.679, 47.961, 47.929, 47.091, 45.698, 45.302, 44.717, 42.241, 40.415, 39.502, 38.433, 37.471, 37.907, 37.72, 37.077, 37.571, 32.823, 21.928, 16.626, 12.677, 9.707, 0.0, 11.992, 20.479, 26.759, 31.243, 32.837, 33.624, 35.213, 38.54, 42.174, 42.8, 42.984, 43.288, 42.81, 42.924, 43.836, 43.975, 44.954, 45.422, 45.684, 47.188, 48.254, 49.104, 50.577, 53.255, 55.404, 55.743, 55.902, 56.511, 57.416, 58.245, 56.876, 54.74, 53.684, 53.913, 54.243, 54.029, 55.032, 56.226, 56.507, 57.419, 57.499, 57.442, 57.099, 56.579, 56.308, 55.845, 55.796, 55.617, 55.427, 54.355, 52.152, 50.378, 50.293, 51.401, 52.432, 52.299, 51.62, 51.147, 50.625, 50.399, 50.484], [51.55, 51.527, 51.225, 50.33, 50.817, 51.021, 50.123, 48.527, 48.186, 47.722, 45.356, 43.653, 42.867, 41.819, 40.871, 41.253, 41.203, 40.213, 39.767, 35.272, 26.751, 24.495, 22.132, 20.008, 11.992, 0.0, 11.525, 20.461, 26.039, 28.164, 29.405, 31.06, 34.224, 37.888, 38.611, 39.225, 40.128, 40.041, 40.291, 41.261, 41.54, 42.679, 43.088, 43.732, 45.656, 46.857, 47.717, 49.104, 51.444, 53.131, 53.087, 53.081, 53.681, 54.586, 55.452, 54.095, 52.047, 51.161, 51.743, 52.756, 53.22, 54.668, 56.055, 56.624, 57.665, 57.789, 57.858, 57.589, 57.123, 56.757, 56.168, 56.135, 55.919, 55.684, 54.598, 52.577, 51.234, 51.19, 52.219, 53.208, 53.057, 52.495, 52.335, 52.254, 52.397, 52.698], [51.452, 51.513, 51.179, 50.235, 50.708, 51.01, 50.161, 48.421, 48.102, 47.688, 45.249, 43.527, 42.756, 41.684, 40.686, 40.98, 41.034, 40.066, 39.592, 35.409, 28.535, 28.973, 27.995, 26.223, 20.479, 11.525, 0.0, 11.145, 18.792, 22.108, 23.617, 25.303, 29.045, 33.607, 34.835, 35.81, 36.842, 36.816, 37.159, 38.181, 38.529, 39.94, 40.346, 41.303, 43.339, 44.286, 44.873, 46.141, 48.582, 50.409, 50.461, 50.574, 51.25, 52.156, 53.04, 51.936, 50.298, 49.606, 50.192, 51.646, 53.072, 55.335, 57.02, 57.756, 58.865, 58.986, 59.099, 58.909, 58.47, 58.112, 57.688, 57.85, 57.717, 57.493, 56.317, 54.094, 52.609, 52.359, 53.328, 54.537, 54.645, 54.279, 54.254, 54.242, 54.39, 54.67], [53.467, 53.63, 53.318, 52.363, 52.791, 53.095, 52.442, 50.743, 50.401, 49.985, 47.488, 45.637, 44.816, 43.81, 42.859, 43.076, 43.276, 42.908, 43.116, 39.363, 32.376, 32.878, 32.479, 30.937, 26.759, 20.461, 11.145, 0.0, 9.506, 14.843, 17.201, 19.312, 23.872, 29.631, 31.809, 32.83, 33.455, 33.29, 33.658, 34.853, 35.225, 36.976, 37.664, 38.971, 41.673, 43.104, 43.668, 44.904, 47.545, 49.686, 49.974, 50.273, 51.101, 52.189, 53.101, 52.359, 51.475, 51.314, 51.921, 53.305, 55.065, 57.835, 59.79, 60.571, 61.728, 61.855, 61.887, 61.655, 61.183, 60.926, 60.651, 60.85, 60.748, 60.529, 59.427, 57.105, 55.231, 54.778, 55.651, 56.85, 57.034, 56.744, 56.803, 56.812, 56.892, 57.015], [57.161, 57.311, 57.09, 56.297, 56.763, 57.084, 56.497, 54.9, 54.566, 54.153, 51.511, 49.547, 48.819, 47.954, 47.107, 47.33, 47.589, 47.609, 48.168, 44.572, 37.5, 36.98, 36.403, 34.889, 31.243, 26.039, 18.792, 9.506, 0.0, 7.378, 11.722, 14.895, 19.735, 26.181, 29.107, 30.165, 30.809, 30.802, 31.251, 32.57, 32.81, 34.606, 35.453, 37.069, 40.843, 43.351, 44.25, 45.534, 48.244, 50.456, 50.744, 51.085, 52.002, 53.239, 54.191, 53.699, 53.287, 53.439, 54.013, 55.183, 56.767, 59.591, 61.809, 62.486, 63.522, 63.679, 63.632, 63.345, 62.816, 62.645, 62.435, 62.588, 62.455, 62.253, 61.328, 59.076, 57.021, 56.557, 57.361, 58.331, 58.367, 57.986, 58.032, 58.1, 58.214, 58.287], [57.776, 57.84, 57.699, 57.119, 57.705, 57.991, 57.366, 55.883, 55.603, 55.196, 52.49, 50.579, 50.07, 49.366, 48.602, 48.838, 49.141, 49.264, 49.837, 46.247, 39.253, 38.486, 37.786, 36.271, 32.837, 28.164, 22.108, 14.843, 7.378, 0.0, 6.478, 11.406, 16.998, 23.963, 26.927, 28.117, 29.172, 29.359, 29.947, 31.574, 31.685, 33.241, 34.179, 35.845, 39.912, 42.818, 43.842, 45.067, 47.778, 50.094, 50.399, 50.771, 51.72, 52.996, 53.999, 53.596, 53.319, 53.553, 54.044, 55.086, 56.407, 58.94, 61.262, 61.985, 62.973, 63.133, 63.057, 62.729, 62.063, 61.851, 61.658, 61.809, 61.669, 61.485, 60.68, 58.545, 56.481, 56.049, 56.83, 57.609, 57.494, 56.98, 56.911, 56.981, 57.116, 57.174], [56.314, 56.403, 56.327, 56.113, 57.17, 57.509, 56.769, 55.302, 55.184, 54.849, 52.288, 50.707, 50.557, 49.898, 49.024, 49.278, 49.563, 49.631, 50.188, 46.551, 39.358, 38.616, 38.217, 36.798, 33.624, 29.405, 23.617, 17.201, 11.722, 6.478, 0.0, 6.251, 13.511, 21.247, 24.171, 25.612, 26.917, 27.384, 28.347, 30.408, 30.784, 32.124, 33.138, 34.458, 37.978, 40.696, 41.566, 42.593, 45.159, 47.626, 48.172, 48.724, 49.734, 51.065, 52.173, 51.889, 51.825, 52.244, 52.863, 54.162, 55.589, 58.043, 60.347, 61.161, 62.269, 62.465, 62.388, 61.998, 61.214, 60.947, 60.842, 61.06, 60.86, 60.625, 59.86, 57.938, 55.938, 55.461, 56.196, 56.831, 56.636, 56.071, 55.902, 55.901, 56.024, 56.077], [56.569, 56.714, 56.697, 56.847, 58.327, 58.769, 57.966, 56.482, 56.479, 56.215, 53.821, 52.517, 52.529, 51.766, 50.749, 51.012, 51.201, 51.193, 51.685, 47.886, 40.413, 39.512, 39.399, 38.163, 35.213, 31.06, 25.303, 19.312, 14.895, 11.406, 6.251, 0.0, 8.631, 17.225, 20.628, 22.605, 24.222, 25.233, 26.564, 28.739, 29.395, 30.714, 31.831, 32.757, 35.65, 38.413, 39.451, 40.53, 42.834, 45.125, 45.773, 46.447, 47.576, 49.078, 50.331, 50.259, 50.567, 51.305, 52.276, 54.056, 55.733, 58.291, 60.631, 61.448, 62.625, 62.895, 62.801, 62.33, 61.497, 61.262, 61.263, 61.528, 61.249, 60.979, 60.299, 58.642, 56.704, 56.194, 56.887, 57.345, 57.077, 56.551, 56.422, 56.46, 56.672, 56.79], [59.906, 60.077, 60.195, 60.73, 62.458, 62.971, 62.156, 60.718, 60.776, 60.525, 58.235, 57.051, 57.052, 56.177, 55.125, 55.424, 55.508, 55.455, 55.843, 51.819, 44.212, 42.612, 42.408, 41.373, 38.54, 34.224, 29.045, 23.872, 19.735, 16.998, 13.511, 8.631, 0.0, 9.614, 14.643, 17.627, 19.992, 22.312, 24.575, 26.971, 27.783, 29.016, 30.206, 30.853, 33.729, 37.468, 39.298, 40.685, 42.463, 44.084, 44.421, 44.961, 46.232, 48.079, 49.509, 49.798, 50.704, 51.849, 53.186, 55.4, 57.172, 59.688, 62.045, 62.806, 63.998, 64.357, 64.245, 63.678, 62.805, 62.681, 62.763, 62.986, 62.579, 62.29, 61.838, 60.515, 58.635, 58.162, 58.778, 58.876, 58.392, 57.852, 57.82, 58.059, 58.556, 58.89], [63.223, 63.365, 63.627, 64.567, 66.534, 67.068, 66.187, 64.79, 64.883, 64.606, 62.42, 61.338, 61.396, 60.482, 59.421, 59.771, 59.791, 59.743, 60.156, 56.115, 48.426, 46.113, 45.768, 44.893, 42.174, 37.888, 33.607, 29.631, 26.181, 23.963, 21.247, 17.225, 9.614, 0.0, 7.647, 12.779, 16.285, 20.284, 23.707, 26.464, 27.508, 28.392, 29.556, 30.001, 33.102, 37.752, 40.083, 41.555, 42.522, 43.209, 43.085, 43.355, 44.594, 46.758, 48.375, 48.915, 50.267, 51.71, 53.389, 56.039, 57.923, 60.363, 62.657, 63.549, 64.905, 65.303, 65.178, 64.549, 63.671, 63.605, 63.709, 63.869, 63.329, 63.015, 62.763, 61.724, 59.929, 59.432, 59.85, 59.586, 58.913, 58.387, 58.545, 59.112, 59.984, 60.664], [62.852, 62.958, 63.229, 64.485, 66.699, 67.282, 66.258, 64.784, 64.933, 64.653, 62.483, 61.381, 61.507, 60.646, 59.576, 59.944, 59.995, 60.094, 60.584, 56.56, 49.1, 46.615, 46.179, 45.423, 42.8, 38.611, 34.835, 31.809, 29.107, 26.927, 24.171, 20.628, 14.643, 7.647, 0.0, 7.471, 13.369, 18.499, 22.467, 25.559, 26.858, 27.091, 27.896, 28.444, 31.468, 36.42, 38.779, 39.929, 40.293, 40.619, 40.394, 40.616, 41.648, 43.675, 45.322, 45.726, 47.061, 48.69, 50.61, 53.511, 55.346, 57.675, 59.93, 60.743, 62.127, 62.536, 62.395, 61.756, 60.975, 60.966, 61.077, 61.256, 60.628, 60.227, 60.032, 59.26, 57.691, 57.122, 57.32, 56.843, 56.188, 55.897, 56.391, 57.228, 58.247, 59.105], [62.987, 63.132, 63.407, 64.684, 66.864, 67.461, 66.432, 64.899, 65.044, 64.748, 62.498, 61.192, 61.234, 60.424, 59.39, 59.753, 59.891, 60.338, 61.078, 57.025, 49.536, 46.759, 46.052, 45.297, 42.984, 39.225, 35.81, 32.83, 30.165, 28.117, 25.612, 22.605, 17.627, 12.779, 7.471, 0.0, 8.307, 14.73, 19.338, 23.015, 24.579, 24.517, 24.995, 25.821, 29.829, 36.034, 38.908, 40.066, 40.386, 40.861, 40.704, 41.0, 42.002, 43.906, 45.494, 45.883, 47.302, 49.02, 50.864, 53.503, 54.831, 56.853, 58.99, 59.335, 60.59, 61.026, 60.796, 60.101, 59.458, 59.769, 59.952, 59.998, 59.235, 58.733, 58.625, 57.916, 56.314, 55.801, 55.884, 55.2, 54.472, 54.253, 54.922, 55.826, 56.793, 57.544], [63.035, 63.208, 63.526, 64.7, 66.758, 67.322, 66.394, 64.909, 65.0, 64.684, 62.475, 61.102, 61.022, 60.177, 59.172, 59.528, 59.703, 60.366, 61.373, 57.446, 49.663, 46.832, 46.161, 45.302, 43.288, 40.128, 36.842, 33.455, 30.809, 29.172, 26.917, 24.222, 19.992, 16.285, 13.369, 8.307, 0.0, 7.752, 13.965, 18.905, 21.099, 21.568, 22.293, 23.341, 28.11, 35.16, 38.525, 39.96, 40.41, 40.932, 40.809, 41.089, 42.132, 44.126, 45.666, 46.244, 47.971, 49.798, 51.597, 53.985, 55.129, 57.125, 59.102, 59.426, 60.829, 61.273, 60.966, 60.158, 59.481, 59.998, 60.648, 61.001, 60.326, 59.822, 59.708, 58.838, 57.031, 56.419, 56.48, 55.864, 55.125, 54.814, 55.398, 56.238, 57.177, 57.879], [62.085, 62.243, 62.545, 63.625, 65.57, 66.141, 65.318, 63.834, 63.835, 63.494, 61.305, 59.92, 59.755, 58.887, 57.913, 58.239, 58.432, 59.212, 60.33, 56.54, 48.906, 46.418, 45.72, 44.723, 42.81, 40.041, 36.816, 33.29, 30.802, 29.359, 27.384, 25.233, 22.312, 20.284, 18.499, 14.73, 7.752, 0.0, 7.966, 14.312, 17.051, 18.249, 19.361, 20.918, 26.154, 33.443, 37.051, 38.616, 39.228, 39.914, 39.901, 40.196, 41.201, 43.165, 44.633, 45.21, 46.918, 48.622, 50.313, 52.438, 53.424, 55.435, 57.378, 57.846, 59.382, 59.812, 59.492, 58.651, 57.902, 58.431, 59.424, 60.176, 59.714, 59.288, 59.152, 58.178, 56.293, 55.566, 55.608, 55.132, 54.468, 54.144, 54.698, 55.486, 56.342, 57.023], [61.947, 62.062, 62.354, 63.411, 65.351, 66.069, 65.356, 63.796, 63.67, 63.305, 61.054, 59.649, 59.42, 58.533, 57.539, 57.83, 58.065, 58.941, 60.034, 56.331, 49.103, 46.857, 45.781, 44.742, 42.924, 40.291, 37.159, 33.658, 31.251, 29.947, 28.347, 26.564, 24.575, 23.707, 22.467, 19.338, 13.965, 7.966, 0.0, 7.567, 11.591, 14.313, 16.158, 17.84, 24.245, 32.232, 36.155, 37.935, 38.876, 39.8, 39.928, 40.289, 41.346, 43.371, 44.897, 45.41, 46.821, 48.151, 49.792, 51.799, 52.576, 54.529, 56.549, 57.088, 58.606, 59.005, 58.689, 57.892, 57.124, 57.639, 58.59, 59.291, 58.927, 58.631, 58.55, 57.564, 55.652, 55.015, 55.105, 54.685, 53.992, 53.548, 53.994, 54.654, 55.368, 55.973], [63.021, 63.116, 63.373, 64.327, 66.171, 67.053, 66.467, 64.838, 64.608, 64.228, 61.857, 60.43, 60.105, 59.148, 58.099, 58.365, 58.561, 59.479, 60.588, 56.827, 49.962, 47.792, 46.529, 45.533, 43.836, 41.261, 38.181, 34.853, 32.57, 31.574, 30.408, 28.739, 26.971, 26.464, 25.559, 23.015, 18.905, 14.312, 7.567, 0.0, 6.088, 11.288, 13.866, 15.458, 23.102, 31.772, 36.018, 38.068, 39.258, 40.226, 40.374, 40.725, 41.842, 43.935, 45.491, 46.071, 47.309, 48.303, 49.934, 51.919, 52.567, 54.507, 56.659, 57.166, 58.564, 58.962, 58.65, 57.901, 57.147, 57.7, 58.617, 59.237, 58.95, 58.853, 58.895, 57.926, 55.989, 55.464, 55.588, 55.132, 54.408, 53.931, 54.338, 54.899, 55.51, 56.075], [63.649, 63.708, 63.911, 64.604, 66.163, 67.054, 66.608, 65.006, 64.672, 64.258, 61.76, 60.271, 59.859, 58.876, 57.891, 58.137, 58.306, 59.35, 60.6, 56.708, 49.933, 47.835, 46.534, 45.555, 43.975, 41.54, 38.529, 35.225, 32.81, 31.685, 30.784, 29.395, 27.783, 27.508, 26.858, 24.579, 21.099, 17.051, 11.591, 6.088, 0.0, 7.723, 11.358, 13.285, 22.407, 31.547, 35.965, 38.134, 39.354, 40.407, 40.546, 40.916, 42.193, 44.384, 45.898, 46.571, 47.849, 48.688, 50.147, 51.875, 52.195, 53.883, 56.076, 56.56, 57.92, 58.318, 57.989, 57.253, 56.457, 57.037, 57.803, 58.299, 58.094, 58.201, 58.554, 57.73, 55.765, 55.371, 55.528, 54.954, 54.134, 53.623, 54.07, 54.602, 55.099, 55.541], [63.963, 64.006, 64.212, 64.93, 66.46, 67.386, 66.857, 65.267, 64.999, 64.595, 62.112, 60.602, 60.23, 59.236, 58.284, 58.536, 58.697, 59.891, 61.193, 57.095, 50.64, 48.693, 47.315, 46.384, 44.954, 42.679, 39.94, 36.976, 34.606, 33.241, 32.124, 30.714, 29.016, 28.392, 27.091, 24.517, 21.568, 18.249, 14.313, 11.288, 7.723, 0.0, 5.437, 8.879, 19.413, 29.612, 34.302, 36.508, 37.514, 38.74, 39.018, 39.477, 40.809, 43.092, 44.688, 45.373, 46.702, 47.572, 48.975, 50.596, 50.536, 51.877, 53.987, 54.132, 55.418, 55.864, 55.498, 54.756, 53.987, 54.646, 55.224, 55.511, 55.187, 55.292, 55.989, 55.801, 54.136, 53.814, 53.948, 53.207, 52.353, 51.948, 52.606, 53.239, 53.679, 54.08], [63.965, 64.025, 64.217, 64.928, 66.404, 67.361, 66.764, 65.142, 64.956, 64.57, 62.108, 60.583, 60.204, 59.196, 58.239, 58.5, 58.636, 59.872, 61.178, 56.986, 50.912, 49.143, 47.786, 46.849, 45.422, 43.088, 40.346, 37.664, 35.453, 34.179, 33.138, 31.831, 30.206, 29.556, 27.896, 24.995, 22.293, 19.361, 16.158, 13.866, 11.358, 5.437, 0.0, 7.092, 18.17, 28.623, 33.458, 35.707, 36.833, 38.197, 38.506, 38.958, 40.166, 42.268, 43.849, 44.464, 45.632, 46.393, 47.642, 49.151, 49.011, 50.414, 52.508, 52.359, 53.555, 54.033, 53.682, 52.999, 52.4, 53.215, 53.869, 54.213, 53.836, 53.871, 54.526, 54.464, 53.092, 52.83, 52.936, 52.235, 51.481, 51.163, 51.886, 52.538, 52.984, 53.444], [63.145, 63.212, 63.444, 64.296, 66.003, 67.104, 66.556, 64.922, 64.707, 64.377, 62.069, 60.766, 60.528, 59.444, 58.414, 58.728, 58.848, 60.043, 61.329, 57.068, 50.908, 48.961, 47.589, 46.803, 45.684, 43.732, 41.303, 38.971, 37.069, 35.845, 34.458, 32.757, 30.853, 30.001, 28.444, 25.821, 23.341, 20.918, 17.84, 15.458, 13.285, 8.879, 7.092, 0.0, 14.09, 26.108, 31.57, 34.143, 35.188, 36.638, 37.279, 37.953, 39.363, 41.713, 43.575, 44.327, 45.432, 46.001, 47.24, 48.884, 48.737, 50.062, 52.123, 52.054, 53.336, 53.85, 53.549, 52.827, 52.184, 53.035, 53.732, 53.998, 53.517, 53.569, 54.355, 54.555, 53.38, 53.453, 53.743, 52.928, 51.932, 51.258, 51.538, 51.851, 52.165, 52.567], [59.546, 59.687, 59.894, 61.136, 63.496, 64.804, 64.159, 62.507, 62.464, 62.301, 60.593, 59.86, 59.739, 58.481, 57.297, 57.606, 57.667, 58.586, 59.603, 55.453, 49.894, 48.969, 48.214, 47.817, 47.188, 45.656, 43.339, 41.673, 40.843, 39.912, 37.978, 35.65, 33.729, 33.102, 31.468, 29.829, 28.11, 26.154, 24.245, 23.102, 22.407, 19.413, 18.17, 14.09, 0.0, 14.048, 21.211, 24.69, 26.278, 28.895, 30.688, 32.05, 33.601, 36.0, 38.17, 39.143, 40.562, 41.428, 42.885, 45.042, 45.542, 47.367, 49.622, 50.059, 51.614, 52.196, 52.046, 51.315, 50.652, 51.338, 52.336, 53.087, 52.622, 52.497, 53.093, 54.009, 53.639, 53.743, 54.397, 53.984, 53.296, 52.863, 53.041, 53.159, 53.396, 53.884], [55.354, 55.567, 55.638, 56.905, 59.639, 61.055, 60.354, 58.71, 58.842, 58.805, 57.512, 57.294, 57.347, 56.007, 54.705, 54.964, 54.902, 55.433, 56.362, 52.714, 48.065, 48.67, 48.834, 48.689, 48.254, 46.857, 44.286, 43.104, 43.351, 42.818, 40.696, 38.413, 37.468, 37.752, 36.42, 36.034, 35.16, 33.443, 32.232, 31.772, 31.547, 29.612, 28.623, 26.108, 14.048, 0.0, 8.715, 13.927, 18.191, 23.476, 26.733, 28.765, 30.095, 31.961, 34.077, 34.891, 36.143, 37.217, 38.882, 41.485, 43.033, 45.645, 48.158, 49.438, 51.332, 51.83, 51.82, 51.225, 50.557, 50.843, 51.949, 53.237, 53.023, 52.814, 52.909, 53.834, 53.924, 53.791, 54.703, 55.079, 54.997, 54.93, 55.145, 55.16, 55.306, 55.876], [52.949, 53.2, 53.177, 54.439, 57.398, 58.858, 58.12, 56.491, 56.743, 56.782, 55.564, 55.53, 55.902, 54.685, 53.32, 53.569, 53.439, 53.807, 54.899, 51.783, 47.625, 48.964, 49.646, 49.511, 49.104, 47.717, 44.873, 43.668, 44.25, 43.842, 41.566, 39.451, 39.298, 40.083, 38.779, 38.908, 38.525, 37.051, 36.155, 36.018, 35.965, 34.302, 33.458, 31.57, 21.211, 8.715, 0.0, 6.862, 14.259, 21.67, 25.82, 28.284, 29.375, 30.677, 32.57, 33.174, 34.208, 35.411, 37.206, 40.064, 42.301, 45.397, 48.038, 49.669, 51.682, 52.068, 52.064, 51.57, 50.908, 50.926, 51.991, 53.436, 53.322, 53.049, 52.85, 53.573, 53.654, 53.27, 54.19, 54.977, 55.3, 55.504, 55.813, 55.799, 55.873, 56.452], [51.918, 52.187, 52.135, 53.642, 56.954, 58.471, 57.658, 56.007, 56.385, 56.482, 55.309, 55.392, 56.026, 54.997, 53.623, 53.879, 53.758, 54.052, 55.181, 52.403, 48.701, 50.305, 51.205, 51.068, 50.577, 49.104, 46.141, 44.904, 45.534, 45.067, 42.593, 40.53, 40.685, 41.555, 39.929, 40.066, 39.96, 38.616, 37.935, 38.068, 38.134, 36.508, 35.707, 34.143, 24.69, 13.927, 6.862, 0.0, 9.693, 18.799, 23.866, 26.919, 27.888, 28.566, 30.127, 30.744, 32.067, 33.642, 35.65, 38.799, 41.432, 44.781, 47.489, 49.238, 51.298, 51.646, 51.647, 51.166, 50.498, 50.38, 51.5, 53.138, 53.081, 52.764, 52.542, 53.36, 53.512, 52.909, 53.63, 54.392, 54.87, 55.388, 55.972, 56.068, 56.152, 56.764], [53.69, 53.941, 54.011, 55.992, 59.621, 61.179, 60.328, 58.658, 59.061, 59.16, 58.091, 58.358, 59.145, 58.137, 56.794, 57.118, 57.069, 57.343, 58.312, 55.47, 51.754, 53.163, 54.1, 54.0, 53.255, 51.444, 48.582, 47.545, 48.244, 47.778, 45.159, 42.834, 42.463, 42.522, 40.293, 40.386, 40.41, 39.228, 38.876, 39.258, 39.354, 37.514, 36.833, 35.188, 26.278, 18.191, 14.259, 9.693, 0.0, 10.574, 17.229, 21.223, 22.402, 23.317, 25.207, 26.407, 28.959, 31.417, 34.263, 38.123, 40.901, 44.197, 46.776, 48.74, 51.06, 51.468, 51.486, 50.88, 50.145, 49.982, 51.087, 52.832, 52.774, 52.515, 52.664, 53.982, 54.333, 53.599, 53.856, 53.985, 54.152, 54.868, 56.004, 56.582, 56.975, 57.794], [57.42, 57.601, 57.777, 59.968, 63.632, 65.139, 64.284, 62.654, 63.025, 63.079, 61.973, 62.214, 62.961, 61.907, 60.565, 60.96, 60.911, 61.063, 61.833, 58.833, 54.755, 55.7, 56.633, 56.497, 55.404, 53.131, 50.409, 49.686, 50.456, 50.094, 47.626, 45.125, 44.084, 43.209, 40.619, 40.861, 40.932, 39.914, 39.8, 40.226, 40.407, 38.74, 38.197, 36.638, 28.895, 23.476, 21.67, 18.799, 10.574, 0.0, 8.188, 13.283, 15.05, 17.068, 19.685, 21.831, 26.038, 29.413, 33.226, 37.865, 40.796, 44.14, 46.683, 48.931, 51.493, 51.949, 51.936, 51.234, 50.527, 50.374, 51.6, 53.542, 53.543, 53.371, 53.703, 55.043, 55.384, 54.548, 54.458, 54.081, 53.948, 54.768, 56.373, 57.605, 58.658, 59.894], [59.85, 59.971, 60.172, 62.27, 65.742, 67.173, 66.336, 64.755, 65.091, 65.088, 63.853, 63.948, 64.589, 63.542, 62.255, 62.675, 62.63, 62.724, 63.377, 60.27, 55.954, 56.536, 57.341, 57.124, 55.743, 53.087, 50.461, 49.974, 50.744, 50.399, 48.172, 45.773, 44.421, 43.085, 40.394, 40.704, 40.809, 39.901, 39.928, 40.374, 40.546, 39.018, 38.506, 37.279, 30.688, 26.733, 25.82, 23.866, 17.229, 8.188, 0.0, 5.906, 8.987, 12.586, 15.782, 18.636, 23.973, 27.791, 31.849, 36.794, 39.729, 43.032, 45.596, 47.98, 50.67, 51.133, 51.064, 50.332, 49.653, 49.514, 50.867, 52.961, 52.993, 52.831, 53.12, 54.225, 54.503, 53.668, 53.507, 52.977, 52.752, 53.634, 55.479, 57.237, 58.974, 60.599], [61.101, 61.18, 61.41, 63.429, 66.704, 68.068, 67.237, 65.675, 65.967, 65.916, 64.643, 64.691, 65.269, 64.22, 62.987, 63.418, 63.379, 63.471, 64.061, 60.93, 56.597, 57.024, 57.716, 57.451, 55.902, 53.081, 50.574, 50.273, 51.085, 50.771, 48.724, 46.447, 44.961, 43.355, 40.616, 41.0, 41.089, 40.196, 40.289, 40.725, 40.916, 39.477, 38.958, 37.953, 32.05, 28.765, 28.284, 26.919, 21.223, 13.283, 5.906, 0.0, 4.844, 10.228, 13.824, 16.955, 22.737, 26.755, 30.993, 36.077, 38.995, 42.225, 44.721, 47.263, 50.072, 50.539, 50.474, 49.736, 49.069, 48.911, 50.343, 52.535, 52.588, 52.432, 52.654, 53.613, 53.911, 53.048, 52.811, 52.219, 51.961, 52.863, 54.826, 56.885, 59.062, 61.027], [61.42, 61.486, 61.712, 63.749, 66.974, 68.29, 67.383, 65.805, 66.117, 66.071, 64.839, 64.871, 65.454, 64.434, 63.2, 63.622, 63.559, 63.606, 64.179, 61.23, 57.176, 57.678, 58.412, 58.131, 56.511, 53.681, 51.25, 51.101, 52.002, 51.72, 49.734, 47.576, 46.232, 44.594, 41.648, 42.002, 42.132, 41.201, 41.346, 41.842, 42.193, 40.809, 40.166, 39.363, 33.601, 30.095, 29.375, 27.888, 22.402, 15.05, 8.987, 4.844, 0.0, 6.574, 10.845, 13.929, 20.082, 24.6, 29.311, 34.689, 37.854, 41.271, 43.776, 46.559, 49.479, 49.937, 49.929, 49.238, 48.651, 48.427, 49.986, 52.397, 52.499, 52.287, 52.346, 53.274, 53.721, 52.69, 52.286, 51.813, 51.756, 52.842, 54.952, 57.128, 59.398, 61.541], [61.15, 61.221, 61.366, 63.36, 66.566, 67.844, 66.842, 65.25, 65.628, 65.635, 64.459, 64.448, 65.051, 64.125, 62.889, 63.286, 63.18, 63.144, 63.714, 61.094, 57.633, 58.378, 59.259, 59.031, 57.416, 54.586, 52.156, 52.189, 53.239, 52.996, 51.065, 49.078, 48.079, 46.758, 43.675, 43.906, 44.126, 43.165, 43.371, 43.935, 44.384, 43.092, 42.268, 41.713, 36.0, 31.961, 30.677, 28.566, 23.317, 17.068, 12.586, 10.228, 6.574, 0.0, 5.195, 8.987, 16.168, 21.591, 26.812, 32.567, 36.256, 40.09, 42.694, 45.532, 48.43, 48.874, 48.912, 48.307, 47.867, 47.595, 49.498, 52.381, 52.632, 52.369, 52.241, 53.153, 53.821, 52.602, 52.077, 51.873, 52.159, 53.54, 55.777, 57.957, 60.195, 62.359], [61.576, 61.641, 61.721, 63.591, 66.681, 67.889, 66.868, 65.302, 65.702, 65.719, 64.524, 64.433, 65.005, 64.174, 62.979, 63.359, 63.232, 63.2, 63.87, 61.464, 58.295, 59.091, 60.015, 59.823, 58.245, 55.452, 53.04, 53.101, 54.191, 53.999, 52.173, 50.331, 49.509, 48.375, 45.322, 45.494, 45.666, 44.633, 44.897, 45.491, 45.898, 44.688, 43.849, 43.575, 38.17, 34.077, 32.57, 30.127, 25.207, 19.685, 15.782, 13.824, 10.845, 5.195, 0.0, 6.515, 15.12, 21.113, 26.531, 32.32, 36.222, 40.241, 42.885, 45.735, 48.604, 49.025, 49.046, 48.464, 48.093, 47.806, 49.919, 53.102, 53.507, 53.266, 53.061, 53.845, 54.482, 53.123, 52.557, 52.485, 52.927, 54.491, 56.854, 59.078, 61.333, 63.511], [60.409, 60.426, 60.44, 62.298, 65.387, 66.591, 65.522, 63.944, 64.359, 64.382, 63.223, 63.051, 63.56, 62.736, 61.54, 61.91, 61.782, 61.669, 62.244, 59.979, 56.995, 57.825, 58.731, 58.555, 56.876, 54.095, 51.936, 52.359, 53.699, 53.596, 51.889, 50.259, 49.798, 48.915, 45.726, 45.883, 46.244, 45.21, 45.41, 46.071, 46.571, 45.373, 44.464, 44.327, 39.143, 34.891, 33.174, 30.744, 26.407, 21.831, 18.636, 16.955, 13.929, 8.987, 6.515, 0.0, 9.627, 16.961, 23.26, 29.424, 33.59, 37.871, 40.53, 43.532, 46.501, 46.906, 46.981, 46.413, 46.087, 45.651, 47.721, 51.115, 51.607, 51.283, 50.815, 51.497, 52.332, 50.871, 50.268, 50.416, 51.031, 52.727, 55.242, 57.563, 59.829, 62.074], [58.12, 58.046, 57.972, 59.709, 62.65, 63.916, 62.791, 61.14, 61.524, 61.569, 60.478, 60.295, 60.782, 59.936, 58.732, 59.089, 58.936, 58.682, 59.025, 56.949, 54.737, 55.91, 56.722, 56.544, 54.74, 52.047, 50.298, 51.475, 53.287, 53.319, 51.825, 50.567, 50.704, 50.267, 47.061, 47.302, 47.971, 46.918, 46.821, 47.309, 47.849, 46.702, 45.632, 45.432, 40.562, 36.143, 34.208, 32.067, 28.959, 26.038, 23.973, 22.737, 20.082, 16.168, 15.12, 9.627, 0.0, 9.07, 16.848, 23.644, 28.389, 33.175, 35.871, 38.988, 41.944, 42.295, 42.534, 42.135, 41.924, 41.256, 43.318, 47.034, 47.714, 47.42, 46.63, 47.241, 48.594, 47.209, 46.638, 47.217, 48.109, 49.821, 52.279, 54.554, 56.717, 59.019], [56.652, 56.476, 56.361, 57.84, 60.462, 61.808, 60.698, 58.961, 59.259, 59.296, 58.244, 58.155, 58.7, 57.865, 56.687, 57.019, 56.858, 56.595, 56.813, 54.796, 53.558, 55.253, 55.745, 55.468, 53.684, 51.161, 49.606, 51.314, 53.439, 53.553, 52.244, 51.305, 51.849, 51.71, 48.69, 49.02, 49.798, 48.622, 48.151, 48.303, 48.688, 47.572, 46.393, 46.001, 41.428, 37.217, 35.411, 33.642, 31.417, 29.413, 27.791, 26.755, 24.6, 21.591, 21.113, 16.961, 9.07, 0.0, 9.039, 16.71, 22.156, 27.59, 30.471, 34.097, 37.214, 37.463, 37.967, 37.888, 37.797, 36.938, 38.918, 42.796, 43.71, 43.682, 42.793, 43.33, 45.23, 44.243, 43.85, 44.782, 45.855, 47.45, 49.682, 51.838, 53.923, 56.286], [56.064, 55.83, 55.659, 56.789, 59.017, 60.368, 59.305, 57.588, 57.872, 57.907, 56.917, 56.882, 57.429, 56.667, 55.595, 55.89, 55.752, 55.583, 55.823, 53.883, 53.426, 55.608, 55.93, 55.529, 53.913, 51.743, 50.192, 51.921, 54.013, 54.044, 52.863, 52.276, 53.186, 53.389, 50.61, 50.864, 51.597, 50.313, 49.792, 49.934, 50.147, 48.975, 47.642, 47.24, 42.885, 38.882, 37.206, 35.65, 34.263, 33.226, 31.849, 30.993, 29.311, 26.812, 26.531, 23.26, 16.848, 9.039, 0.0, 8.745, 15.815, 22.432, 25.545, 29.829, 33.271, 33.418, 34.177, 34.413, 34.43, 33.417, 35.459, 39.637, 40.804, 40.943, 39.858, 40.176, 42.623, 42.054, 41.899, 43.242, 44.638, 46.24, 48.242, 50.302, 52.397, 54.755], [56.227, 55.926, 55.695, 56.358, 57.974, 59.245, 58.315, 56.678, 56.869, 56.86, 55.915, 55.834, 56.275, 55.597, 54.705, 54.965, 54.892, 55.005, 55.45, 53.616