[[0.0, 3.757, 5.586, 12.354, 23.178, 28.973, 30.855, 31.643, 31.797, 31.91, 33.054, 35.319, 37.7, 39.886, 40.666, 39.312, 38.735, 40.836, 43.302, 45.878, 46.358, 46.626, 46.793, 46.776, 46.133, 45.848, 46.932, 49.084, 50.119, 50.491, 51.07, 53.329, 57.053, 58.835, 59.605, 59.719, 59.086, 58.5, 57.706, 56.457, 55.007, 54.394, 54.202, 54.451, 55.032, 55.033, 54.943, 55.016, 54.871, 54.698, 54.913, 54.971, 54.937, 55.515, 56.659, 57.014, 57.085, 57.322, 56.758, 56.504, 55.903, 54.666, 53.941, 53.689, 54.026, 54.532, 54.55, 54.692, 55.577, 56.235, 56.872, 57.944, 58.651, 59.062, 59.725, 60.858, 60.508, 60.128, 60.084, 59.87, 59.7, 59.738, 60.167, 60.618, 60.742, 61.244], [3.757, 0.0, 3.54, 12.259, 23.287, 29.038, 31.037, 32.028, 32.27, 32.474, 33.727, 35.849, 38.101, 40.19, 40.939, 39.582, 39.004, 41.142, 43.741, 46.472, 46.928, 47.123, 47.301, 47.324, 46.812, 46.513, 47.533, 49.591, 50.587, 50.922, 51.45, 53.638, 57.28, 59.036, 59.813, 59.945, 59.333, 58.716, 57.952, 56.707, 55.114, 54.339, 54.103, 54.347, 54.861, 54.833, 54.736, 54.769, 54.59, 54.418, 54.602, 54.575, 54.411, 54.887, 56.114, 56.564, 56.635, 56.818, 56.165, 55.904, 55.285, 54.008, 53.267, 53.014, 53.353, 53.871, 53.935, 54.099, 54.955, 55.57, 56.181, 57.348, 58.097, 58.451, 58.973, 59.95, 59.564, 59.147, 59.122, 58.98, 58.844, 58.875, 59.223, 59.598, 59.705, 60.212], [5.586, 3.54, 0.0, 10.154, 21.703, 27.45, 29.431, 30.484, 30.793, 31.098, 32.341, 34.352, 36.549, 38.576, 39.304, 38.019, 37.468, 39.566, 42.232, 45.126, 45.616, 45.828, 46.044, 46.181, 45.942, 45.69, 46.731, 48.786, 49.768, 50.078, 50.567, 52.713, 56.326, 58.092, 58.832, 58.957, 58.403, 57.889, 57.288, 56.106, 54.481, 53.681, 53.409, 53.548, 54.011, 53.998, 53.903, 53.917, 53.711, 53.506, 53.72, 53.853, 53.825, 54.38, 55.723, 56.232, 56.29, 56.454, 55.826, 55.62, 55.002, 53.733, 52.981, 52.7, 53.008, 53.531, 53.601, 53.764, 54.641, 55.249, 55.83, 56.971, 57.686, 57.997, 58.421, 59.275, 58.889, 58.579, 58.619, 58.475, 58.335, 58.392, 58.697, 59.009, 59.111, 59.588], [12.354, 12.259, 10.154, 0.0, 12.856, 19.627, 21.965, 23.19, 23.602, 24.01, 25.47, 28.09, 30.71, 32.933, 33.794, 32.709, 32.147, 34.46, 38.117, 42.132, 43.104, 43.501, 43.795, 43.932, 43.831, 43.668, 44.914, 47.156, 48.194, 48.704, 49.319, 51.556, 55.332, 57.202, 57.896, 57.882, 57.351, 57.245, 57.181, 56.177, 54.566, 53.863, 53.67, 53.806, 54.296, 54.295, 54.203, 54.214, 54.058, 53.811, 54.108, 54.466, 54.316, 54.433, 55.438, 55.882, 55.892, 56.111, 55.755, 55.689, 55.205, 54.182, 53.56, 53.314, 53.713, 54.348, 54.384, 54.546, 55.442, 55.919, 56.284, 57.158, 57.743, 58.114, 58.891, 60.121, 59.9, 59.641, 59.6, 59.313, 59.138, 59.221, 59.638, 60.098, 60.228, 60.701], [23.178, 23.287, 21.703, 12.856, 0.0, 8.287, 12.1, 14.778, 15.79, 16.354, 18.648, 21.986, 24.824, 27.234, 28.476, 27.959, 27.476, 29.907, 34.795, 40.3, 42.015, 42.67, 42.98, 42.972, 42.943, 42.755, 44.135, 46.557, 47.571, 48.287, 49.014, 51.32, 55.222, 57.196, 57.904, 57.728, 57.151, 57.495, 58.239, 57.556, 55.775, 54.895, 54.659, 54.819, 55.212, 55.209, 55.117, 55.082, 54.966, 54.721, 55.166, 55.841, 55.49, 54.884, 55.095, 55.24, 55.147, 55.377, 55.341, 55.481, 55.312, 54.688, 54.209, 54.003, 54.577, 55.348, 55.333, 55.434, 56.22, 56.438, 56.356, 56.815, 57.238, 57.579, 58.573, 60.204, 60.274, 60.051, 59.912, 59.53, 59.351, 59.481, 59.962, 60.554, 60.713, 61.185], [28.973, 29.038, 27.45, 19.627, 8.287, 0.0, 5.292, 9.776, 11.696, 12.715, 15.279, 18.287, 20.807, 23.169, 24.727, 24.72, 24.49, 26.919, 32.17, 38.291, 40.361, 41.171, 41.521, 41.514, 41.786, 41.689, 43.024, 45.381, 46.286, 47.019, 47.685, 49.833, 53.671, 55.745, 56.513, 56.314, 55.797, 56.403, 57.667, 57.31, 55.567, 54.687, 54.419, 54.506, 54.833, 54.854, 54.771, 54.725, 54.617, 54.361, 54.88, 55.835, 55.654, 54.981, 55.039, 55.08, 54.928, 55.104, 55.165, 55.427, 55.358, 54.827, 54.335, 54.063, 54.636, 55.459, 55.428, 55.457, 56.198, 56.364, 56.115, 56.422, 56.783, 57.069, 58.003, 59.593, 59.703, 59.522, 59.392, 59.02, 58.864, 59.005, 59.423, 59.975, 60.131, 60.578], [30.855, 31.037, 29.431, 21.965, 12.1, 5.292, 0.0, 5.426, 8.416, 9.949, 12.261, 15.242, 17.807, 20.213, 21.89, 22.006, 21.975, 24.68, 29.945, 36.105, 38.342, 39.307, 39.719, 39.762, 40.196, 40.293, 41.759, 44.081, 44.893, 45.594, 46.228, 48.316, 52.118, 54.196, 54.951, 54.79, 54.386, 55.144, 56.547, 56.339, 54.823, 54.173, 53.982, 54.06, 54.469, 54.527, 54.463, 54.458, 54.387, 54.149, 54.656, 55.664, 55.721, 55.341, 55.626, 55.747, 55.625, 55.8, 55.904, 56.173, 55.984, 55.367, 54.837, 54.499, 54.948, 55.736, 55.715, 55.753, 56.56, 56.795, 56.641, 56.999, 57.365, 57.669, 58.629, 60.136, 60.173, 59.993, 59.855, 59.486, 59.337, 59.462, 59.847, 60.357, 60.506, 60.93], [31.643, 32.028, 30.484, 23.19, 14.778, 9.776, 5.426, 0.0, 4.5, 7.204, 9.147, 12.364, 15.237, 17.858, 19.762, 19.904, 20.009, 23.035, 28.215, 34.236, 36.649, 37.803, 38.283, 38.351, 38.776, 39.033, 40.558, 42.83, 43.569, 44.239, 44.839, 46.916, 50.756, 52.891, 53.682, 53.564, 53.219, 54.06, 55.449, 55.274, 54.061, 53.802, 53.802, 53.947, 54.508, 54.622, 54.583, 54.64, 54.595, 54.352, 54.808, 55.784, 56.033, 55.954, 56.45, 56.635, 56.547, 56.738, 56.84, 57.061, 56.741, 56.02, 55.463, 55.096, 55.492, 56.274, 56.262, 56.289, 57.136, 57.41, 57.364, 57.785, 58.16, 58.529, 59.617, 61.151, 61.094, 60.858, 60.673, 60.277, 60.121, 60.205, 60.608, 61.135, 61.282, 61.698], [31.797, 32.27, 30.793, 23.602, 15.79, 11.696, 8.416, 4.5, 0.0, 4.466, 7.221, 10.462, 13.466, 16.279, 18.455, 18.8, 19.012, 22.068, 27.095, 32.972, 35.507, 36.768, 37.288, 37.337, 37.722, 37.984, 39.331, 41.456, 42.178, 42.867, 43.448, 45.504, 49.45, 51.761, 52.712, 52.625, 52.245, 53.073, 54.439, 54.237, 53.11, 53.023, 53.162, 53.352, 53.965, 54.124, 54.102, 54.182, 54.136, 53.892, 54.31, 55.277, 55.675, 55.816, 56.44, 56.637, 56.548, 56.739, 56.801, 56.991, 56.661, 55.921, 55.343, 54.962, 55.378, 56.192, 56.169, 56.14, 56.959, 57.302, 57.378, 57.84, 58.214, 58.619, 59.814, 61.454, 61.399, 61.165, 60.979, 60.553, 60.382, 60.442, 60.869, 61.434, 61.588, 62.0], [31.91, 32.474, 31.098, 24.01, 16.354, 12.715, 9.949, 7.204, 4.466, 0.0, 5.022, 9.994, 13.507, 16.592, 18.631, 18.946, 19.178, 22.116, 27.038, 32.814, 35.361, 36.65, 37.152, 37.101, 37.315, 37.573, 39.168, 41.532, 42.384, 43.154, 43.795, 45.828, 49.743, 51.989, 52.883, 52.763, 52.362, 53.171, 54.466, 54.225, 53.053, 52.895, 52.992, 53.215, 53.829, 53.971, 53.935, 54.01, 54.018, 53.825, 54.238, 55.154, 55.517, 55.66, 56.297, 56.507, 56.436, 56.667, 56.785, 56.991, 56.677, 55.938, 55.356, 54.954, 55.356, 56.17, 56.142, 56.188, 57.079, 57.487, 57.578, 57.987, 58.354, 58.775, 60.064, 61.812, 61.828, 61.637, 61.456, 61.006, 60.826, 60.904, 61.354, 61.943, 62.106, 62.521], [33.054, 33.727, 32.341, 25.47, 18.648, 15.279, 12.261, 9.147, 7.221, 5.022, 0.0, 6.799, 11.194, 14.713, 17.073, 17.59, 18.066, 20.997, 25.736, 31.582, 34.382, 35.828, 36.404, 36.437, 36.838, 37.23, 38.82, 41.218, 42.139, 42.871, 43.444, 45.462, 49.328, 51.472, 52.268, 52.16, 51.816, 52.719, 54.1, 53.957, 53.024, 53.114, 53.32, 53.566, 54.286, 54.481, 54.442, 54.543, 54.556, 54.355, 54.779, 55.808, 56.352, 56.665, 57.471, 57.778, 57.738, 57.996, 58.136, 58.365, 58.061, 57.293, 56.673, 56.248, 56.646, 57.43, 57.371, 57.426, 58.358, 58.747, 58.819, 59.219, 59.593, 60.026, 61.234, 62.847, 62.809, 62.626, 62.421, 61.941, 61.76, 61.827, 62.24, 62.787, 62.938, 63.356], [35.319, 35.849, 34.352, 28.09, 21.986, 18.287, 15.242, 12.364, 10.462, 9.994, 6.799, 0.0, 5.276, 9.807, 13.57, 15.12, 16.08, 18.669, 23.117, 29.259, 32.424, 34.036, 34.679, 34.88, 35.901, 36.376, 37.576, 39.48, 40.108, 40.609, 40.935, 42.756, 46.548, 48.857, 49.891, 49.923, 49.666, 50.682, 52.374, 52.412, 51.563, 51.863, 52.31, 52.593, 53.335, 53.669, 53.674, 53.765, 53.677, 53.4, 53.86, 55.23, 56.253, 56.932, 58.0, 58.353, 58.26, 58.406, 58.412, 58.662, 58.361, 57.582, 56.91, 56.451, 56.876, 57.671, 57.54, 57.425, 58.221, 58.605, 58.729, 59.208, 59.567, 59.902, 60.866, 62.217, 62.057, 61.896, 61.759, 61.319, 61.146, 61.193, 61.522, 61.997, 62.142, 62.541], [37.7, 38.101, 36.549, 30.71, 24.824, 20.807, 17.807, 15.237, 13.466, 13.507, 11.194, 5.276, 0.0, 5.524, 11.023, 13.606, 14.807, 17.046, 21.318, 27.637, 30.986, 32.742, 33.474, 33.865, 35.344, 35.91, 36.879, 38.419, 38.852, 39.252, 39.468, 41.171, 44.913, 47.372, 48.568, 48.668, 48.479, 49.617, 51.531, 51.676, 50.809, 51.106, 51.58, 51.8, 52.467, 52.846, 52.89, 52.97, 52.813, 52.491, 52.987, 54.565, 55.873, 56.8, 58.03, 58.388, 58.257, 58.336, 58.297, 58.585, 58.3, 57.532, 56.829, 56.318, 56.711, 57.514, 57.336, 57.083, 57.764, 58.119, 58.252, 58.752, 59.111, 59.38, 60.181, 61.397, 61.221, 61.148, 61.121, 60.715, 60.54, 60.596, 60.859, 61.28, 61.432, 61.793], [39.886, 40.19, 38.576, 32.933, 27.234, 23.169, 20.213, 17.858, 16.279, 16.592, 14.713, 9.807, 5.524, 0.0, 7.191, 11.117, 12.701, 14.834, 19.313, 25.789, 29.096, 30.912, 31.783, 32.396, 34.318, 35.08, 36.031, 37.439, 37.934, 38.386, 38.542, 40.171, 43.841, 46.306, 47.505, 47.605, 47.51, 48.814, 50.936, 51.176, 50.374, 50.703, 51.07, 51.077, 51.625, 51.993, 52.056, 52.209, 52.128, 51.807, 52.323, 54.063, 55.594, 56.756, 58.261, 58.772, 58.66, 58.725, 58.722, 59.096, 58.847, 58.105, 57.389, 56.836, 57.162, 57.936, 57.716, 57.391, 58.065, 58.423, 58.533, 59.028, 59.393, 59.622, 60.276, 61.349, 61.191, 61.271, 61.35, 60.932, 60.746, 60.812, 60.989, 61.338, 61.489, 61.802], [40.666, 40.939, 39.304, 33.794, 28.476, 24.727, 21.89, 19.762, 18.455, 18.631, 17.073, 13.57, 11.023, 7.191, 0.0, 5.914, 8.934, 11.672, 17.228, 23.978, 26.767, 28.251, 29.161, 29.912, 32.003, 32.905, 34.304, 36.178, 37.138, 37.761, 37.918, 39.5, 42.985, 45.179, 46.053, 45.931, 45.89, 47.323, 49.554, 49.879, 49.226, 49.666, 49.882, 49.641, 50.109, 50.454, 50.525, 50.811, 51.036, 50.86, 51.377, 53.139, 54.689, 55.936, 57.756, 58.572, 58.559, 58.652, 58.756, 59.275, 59.048, 58.318, 57.654, 57.163, 57.408, 58.046, 57.769, 57.475, 58.328, 58.889, 59.126, 59.697, 60.105, 60.354, 60.967, 61.915, 61.73, 61.941, 62.086, 61.622, 61.423, 61.47, 61.587, 61.903, 62.058, 62.33], [39.312, 39.582, 38.019, 32.709, 27.959, 24.72, 22.006, 19.904, 18.8, 18.946, 17.59, 15.12, 13.606, 11.117, 5.914, 0.0, 4.944, 10.598, 17.08, 23.762, 26.161, 27.248, 27.926, 28.478, 30.025, 30.847, 32.757, 35.116, 36.381, 37.168, 37.455, 39.196, 42.69, 44.62, 45.224, 45.005, 44.936, 46.242, 48.24, 48.562, 48.12, 48.703, 48.923, 48.712, 49.23, 49.539, 49.611, 49.948, 50.348, 50.403, 50.916, 52.377, 53.646, 54.74, 56.573, 57.578, 57.748, 57.979, 58.167, 58.696, 58.412, 57.618, 56.977, 56.562, 56.771, 57.267, 56.949, 56.721, 57.71, 58.339, 58.664, 59.351, 59.824, 60.166, 60.916, 61.886, 61.588, 61.689, 61.782, 61.316, 61.126, 61.12, 61.249, 61.611, 61.768, 62.071], [38.735, 39.004, 37.468, 32.147, 27.476, 24.49, 21.975, 20.009, 19.012, 19.178, 18.066, 16.08, 14.807, 12.701, 8.934, 4.944, 0.0, 8.148, 15.88, 23.067, 25.637, 26.815, 27.291, 27.561, 28.769, 29.503, 31.721, 34.411, 35.81, 36.72, 37.139, 39.117, 42.831, 44.744, 45.293, 45.094, 44.986, 46.221, 48.057, 48.265, 47.799, 48.34, 48.533, 48.42, 48.988, 49.264, 49.335, 49.686, 50.101, 50.247, 50.924, 52.381, 53.454, 54.318, 55.931, 56.902, 57.15, 57.542, 57.831, 58.332, 58.074, 57.311, 56.683, 56.285, 56.501, 56.935, 56.568, 56.353, 57.369, 57.972, 58.296, 58.981, 59.439, 59.798, 60.634, 61.71, 61.43, 61.436, 61.446, 60.955, 60.748, 60.744, 60.907, 61.303, 61.464, 61.776], [40.836, 41.142, 39.566, 34.46, 29.907, 26.919, 24.68, 23.035, 22.068, 22.116, 20.997, 18.669, 17.046, 14.834, 11.672, 10.598, 8.148, 0.0, 10.064, 19.371, 22.617, 24.34, 24.887, 25.136, 26.92, 27.846, 30.249, 33.238, 34.879, 35.975, 36.347, 38.04, 41.575, 43.602, 44.214, 43.999, 43.981, 45.456, 47.577, 47.821, 47.219, 47.699, 47.833, 47.677, 48.33, 48.71, 48.779, 49.146, 49.586, 49.681, 50.636, 52.905, 54.493, 55.44, 56.96, 57.8, 57.974, 58.4, 58.782, 59.313, 59.109, 58.392, 57.735, 57.271, 57.481, 57.905, 57.434, 57.106, 58.091, 58.672, 58.806, 59.268, 59.629, 59.899, 60.627, 61.73, 61.542, 61.642, 61.638, 61.042, 60.774, 60.823, 60.977, 61.353, 61.524, 61.799], [43.302, 43.741, 42.232, 38.117, 34.795, 32.17, 29.945, 28.215, 27.095, 27.038, 25.736, 23.117, 21.318, 19.313, 17.228, 17.08, 15.88, 10.064, 0.0, 11.173, 16.363, 19.534, 20.501, 21.133, 23.711, 24.952, 26.844, 29.595, 31.4, 32.625, 32.903, 34.39, 37.737, 39.929, 40.841, 40.905, 41.036, 42.617, 44.746, 45.078, 44.789, 45.528, 45.613, 45.379, 46.278, 46.872, 46.997, 47.436, 47.886, 47.956, 48.898, 51.801, 54.589, 56.488, 58.264, 59.059, 59.205, 59.62, 60.071, 60.588, 60.311, 59.53, 58.784, 58.181, 58.212, 58.566, 58.04, 57.602, 58.58, 59.203, 59.364, 59.805, 60.177, 60.433, 61.07, 62.149, 62.026, 62.307, 62.342, 61.681, 61.364, 61.453, 61.594, 61.917, 62.097, 62.314], [45.878, 46.472, 45.126, 42.132, 40.3, 38.291, 36.105, 34.236, 32.972, 32.814, 31.582, 29.259, 27.637, 25.789, 23.978, 23.762, 23.067, 19.371, 11.173, 0.0, 8.343, 14.23, 15.962, 17.052, 20.563, 22.357, 23.365, 25.695, 27.879, 29.225, 29.368, 30.726, 33.912, 36.287, 37.644, 38.121, 38.363, 39.869, 41.652, 41.979, 42.432, 43.726, 43.665, 43.191, 44.24, 44.929, 45.123, 45.768, 46.293, 46.443, 47.244, 50.192, 54.033, 57.422, 60.016, 60.997, 61.224, 61.706, 62.121, 62.607, 62.265, 61.291, 60.347, 59.504, 59.182, 59.393, 58.899, 58.437, 59.468, 60.189, 60.524, 61.037, 61.473, 61.803, 62.37, 63.329, 63.205, 63.72, 63.891, 63.239, 62.909, 62.979, 63.097, 63.366, 63.542, 63.678], [46.358, 46.928, 45.616, 43.104, 42.015, 40.361, 38.342, 36.649, 35.507, 35.361, 34.382, 32.424, 30.986, 29.096, 26.767, 26.161, 25.637, 22.617, 16.363, 8.343, 0.0, 7.406, 10.01, 12.21, 17.329, 19.707, 21.417, 24.45, 27.204, 28.728, 28.823, 29.746, 32.467, 34.72, 36.049, 36.551, 37.011, 38.532, 40.154, 40.444, 40.981, 42.204, 41.793, 40.92, 41.827, 42.463, 42.664, 43.442, 44.187, 44.506, 45.307, 48.184, 52.123, 56.077, 59.653, 61.212, 61.613, 62.103, 62.445, 62.982, 62.542, 61.295, 60.132, 59.066, 58.418, 58.473, 57.994, 57.62, 58.838, 59.648, 59.935, 60.409, 60.886, 61.289, 61.897, 62.787, 62.588, 63.236, 63.553, 62.931, 62.611, 62.658, 62.736, 62.982, 63.144, 63.238], [46.626, 47.123, 45.828, 43.501, 42.67, 41.171, 39.307, 37.803, 36.768, 36.65, 35.828, 34.036, 32.742, 30.912, 28.251, 27.248, 26.815, 24.34, 19.534, 14.23, 7.406, 0.0, 4.015, 8.37, 14.903, 17.385, 20.029, 24.045, 27.271, 28.862, 28.884, 29.487, 31.707, 33.576, 34.646, 35.054, 35.691, 37.197, 38.728, 38.985, 39.478, 40.612, 40.075, 39.019, 39.808, 40.418, 40.633, 41.457, 42.41, 42.93, 43.71, 46.41, 50.074, 53.938, 58.171, 60.429, 61.074, 61.57, 61.907, 62.547, 62.066, 60.665, 59.386, 58.251, 57.456, 57.36, 56.833, 56.56, 57.98, 58.925, 59.225, 59.725, 60.23, 60.694, 61.433, 62.352, 62.063, 62.712, 63.087, 62.487, 62.177, 62.189, 62.241, 62.493, 62.649, 62.746], [46.793, 47.301, 46.044, 43.795, 42.98, 41.521, 39.719, 38.283, 37.288, 37.152, 36.404, 34.679, 33.474, 31.783, 29.161, 27.926, 27.291, 24.887, 20.501, 15.962, 10.01, 4.015, 0.0, 5.718, 12.888, 15.407, 18.952, 23.643, 27.06, 28.731, 28.745, 29.267, 31.313, 32.926, 33.865, 34.279, 34.965, 36.458, 37.907, 38.123, 38.608, 39.756, 39.247, 38.267, 39.098, 39.709, 39.919, 40.764, 41.8, 42.458, 43.354, 46.041, 49.545, 53.206, 57.385, 59.777, 60.575, 61.189, 61.584, 62.233, 61.761, 60.354, 59.063, 57.931, 57.113, 56.928, 56.329, 56.079, 57.58, 58.59, 58.908, 59.377, 59.835, 60.283, 61.077, 62.048, 61.731, 62.328, 62.671, 62.066, 61.753, 61.757, 61.825, 62.111, 62.279, 62.386], [46.776, 47.324, 46.181, 43.932, 42.972, 41.514, 39.762, 38.351, 37.337, 37.101, 36.437, 34.88, 33.865, 32.396, 29.912, 28.478, 27.561, 25.136, 21.133, 17.052, 12.21, 8.37, 5.718, 0.0, 8.372, 11.877, 16.973, 22.502, 26.113, 28.066, 28.253, 28.804, 30.937, 32.473, 33.396, 33.825, 34.43, 35.889, 37.286, 37.432, 37.8, 38.994, 38.617, 37.889, 38.88, 39.495, 39.638, 40.502, 41.607, 42.403, 43.483, 46.207, 49.538, 52.954, 56.781, 59.03, 59.93, 60.814, 61.31, 61.895, 61.432, 60.021, 58.742, 57.611, 56.768, 56.521, 55.912, 55.756, 57.356, 58.38, 58.69, 59.09, 59.475, 59.923, 60.924, 62.167, 61.844, 62.298, 62.532, 61.881, 61.57, 61.552, 61.671, 62.038, 62.214, 62.344], [46.133, 46.812, 45.942, 43.831, 42.943, 41.786, 40.196, 38.776, 37.722, 37.315, 36.838, 35.901, 35.344, 34.318, 32.003, 30.025, 28.769, 26.92, 23.711, 20.563, 17.329, 14.903, 12.888, 8.372, 0.0, 6.205, 14.748, 21.62, 25.461, 27.814, 28.712, 29.861, 32.343, 33.691, 34.492, 34.852, 35.219, 36.44, 37.363, 37.344, 37.758, 39.073, 38.868, 38.559, 39.746, 40.277, 40.342, 41.227, 42.464, 43.46, 44.629, 47.014, 49.84, 52.759, 55.985, 58.046, 59.086, 60.279, 60.938, 61.417, 60.946, 59.547, 58.348, 57.314, 56.484, 56.141, 55.543, 55.591, 57.345, 58.383, 58.705, 59.037, 59.426, 60.069, 61.59, 63.35, 63.03, 63.237, 63.312, 62.619, 62.303, 62.268, 62.496, 62.978, 63.157, 63.352], [45.848, 46.513, 45.69, 43.668, 42.755, 41.689, 40.293, 39.033, 37.984, 37.573, 37.23, 36.376, 35.91, 35.08, 32.905, 30.847, 29.503, 27.846, 24.952, 22.357, 19.707, 17.385, 15.407, 11.877, 6.205, 0.0, 11.157, 19.515, 23.962, 26.488, 27.535, 28.881, 31.518, 32.841, 33.698, 34.04, 34.234, 35.297, 36.107, 36.154, 36.652, 38.041, 37.971, 37.848, 39.044, 39.574, 39.651, 40.533, 41.771, 42.779, 43.991, 46.283, 48.932, 51.637, 54.6, 56.637, 57.703, 58.91, 59.599, 60.171, 59.895, 58.594, 57.431, 56.486, 55.813, 55.481, 54.83, 54.897, 56.642, 57.714, 58.105, 58.456, 58.846, 59.528, 61.142, 62.957, 62.616, 62.746, 62.801, 62.114, 61.792, 61.768, 62.022, 62.52, 62.711, 62.927], [46.932, 47.533, 46.731, 44.914, 44.135, 43.024, 41.759, 40.558, 39.331, 39.168, 38.82, 37.576, 36.879, 36.031, 34.304, 32.757, 31.721, 30.249, 26.844, 23.365, 21.417, 20.029, 18.952, 16.973, 14.748, 11.157, 0.0, 10.519, 17.215, 20.453, 21.291, 22.941, 26.38, 28.542, 30.301, 30.895, 30.602, 31.241, 32.012, 32.268, 33.433, 35.535, 35.9, 36.02, 37.438, 38.147, 38.314, 39.247, 40.157, 40.795, 41.894, 44.232, 47.333, 50.564, 53.422, 55.242, 56.106, 57.163, 57.668, 58.299, 58.568, 57.613, 56.564, 55.739, 55.398, 55.315, 54.639, 54.379, 55.836, 56.919, 57.592, 58.219, 58.699, 59.397, 60.939, 62.691, 62.276, 62.331, 62.33, 61.633, 61.313, 61.25, 61.574, 62.127, 62.329, 62.551], [49.084, 49.591, 48.786, 47.156, 46.557, 45.381, 44.081, 42.83, 41.456, 41.532, 41.218, 39.48, 38.419, 37.439, 36.178, 35.116, 34.411, 33.238, 29.595, 25.695, 24.45, 24.045, 23.643, 22.502, 21.62, 19.515, 10.519, 0.0, 8.546, 12.98, 14.656, 17.63, 22.22, 25.61, 28.576, 29.545, 28.955, 29.271, 30.074, 30.589, 32.012, 34.432, 35.166, 35.551, 37.17, 38.069, 38.315, 39.169, 39.685, 40.003, 40.947, 43.357, 47.056, 50.941, 53.869, 55.373, 55.97, 56.837, 57.163, 57.683, 58.045, 57.4, 56.581, 55.89, 55.7, 55.796, 55.104, 54.47, 55.522, 56.609, 57.596, 58.557, 59.158, 59.829, 61.331, 63.099, 62.616, 62.627, 62.645, 62.017, 61.708, 61.64, 62.001, 62.521, 62.703, 62.9], [50.119, 50.587, 49.768, 48.194, 47.571, 46.286, 44.893, 43.569, 42.178, 42.384, 42.139, 40.108, 38.852, 37.934, 37.138, 36.381, 35.81, 34.879, 31.4, 27.879, 27.204, 27.271, 27.06, 26.113, 25.461, 23.962, 17.215, 8.546, 0.0, 5.919, 10.25, 15.37, 20.858, 25.056, 28.724, 29.958, 29.292, 29.493, 30.318, 30.846, 31.778, 33.958, 34.918, 35.612, 37.371, 38.392, 38.662, 39.326, 39.595, 39.812, 40.731, 43.191, 47.161, 51.276, 54.121, 55.281, 55.67, 56.411, 56.637, 57.006, 57.101, 56.552, 56.027, 55.529, 55.379, 55.517, 54.815, 54.032, 54.865, 56.021, 57.246, 58.37, 59.0, 59.611, 61.225, 63.183, 62.719, 62.686, 62.773, 62.28, 61.999, 61.993, 62.368, 62.801, 62.953, 63.126], [50.491, 50.922, 50.078, 48.704, 48.287, 47.019, 45.594, 44.239, 42.867, 43.154, 42.871, 40.609, 39.252, 38.386, 37.761, 37.168, 36.72, 35.975, 32.625, 29.225, 28.728, 28.862, 28.731, 28.066, 27.814, 26.488, 20.453, 12.98, 5.919, 0.0, 6.766, 13.784, 19.98, 24.704, 28.751, 30.125, 29.345, 29.314, 30.099, 30.56, 31.208, 33.345, 34.495, 35.338, 37.167, 38.268, 38.586, 39.156, 39.296, 39.45, 40.297, 42.692, 46.838, 51.204, 54.189, 55.264, 55.536, 56.108, 56.182, 56.518, 56.494, 55.936, 55.554, 55.267, 55.206, 55.361, 54.665, 53.817, 54.588, 55.936, 57.457, 58.775, 59.42, 59.939, 61.473, 63.36, 62.883, 62.864, 63.054, 62.682, 62.421, 62.453, 62.778, 63.117, 63.26, 63.392], [51.07, 51.45, 50.567, 49.319, 49.014, 47.685, 46.228, 44.839, 43.448, 43.795, 43.444, 40.935, 39.468, 38.542, 37.918, 37.455, 37.139, 36.347, 32.903, 29.368, 28.823, 28.884, 28.745, 28.253, 28.712, 27.535, 21.291, 14.656, 10.25, 6.766, 0.0, 8.702, 16.309, 21.89, 26.531, 28.139, 27.278, 27.033, 28.045, 28.582, 29.276, 31.757, 33.194, 34.077, 35.97, 37.177, 37.521, 38.135, 38.201, 38.217, 38.99, 41.512, 45.914, 50.506, 53.71, 54.901, 55.167, 55.642, 55.564, 55.88, 55.898, 55.262, 54.771, 54.487, 54.647, 54.952, 54.288, 53.418, 54.253, 55.724, 57.398, 58.879, 59.538, 59.987, 61.343, 62.988, 62.429, 62.412, 62.602, 62.229, 61.978, 61.984, 62.315, 62.705, 62.865, 62.993], [53.329, 53.638, 52.713, 51.556, 51.32, 49.833, 48.316, 46.916, 45.504, 45.828, 45.462, 42.756, 41.171, 40.171, 39.5, 39.196, 39.117, 38.04, 34.39, 30.726, 29.746, 29.487, 29.267, 28.804, 29.861, 28.881, 22.941, 17.63, 15.37, 13.784, 8.702, 0.0, 9.13, 16.745, 22.774, 24.771, 24.267, 24.261, 25.769, 26.798, 27.829, 30.678, 32.312, 32.911, 34.668, 35.968, 36.286, 36.929, 37.068, 37.118, 37.934, 40.886, 45.67, 50.445, 54.024, 55.417, 55.731, 56.127, 55.864, 56.135, 56.116, 55.27, 54.579, 54.086, 54.209, 54.634, 54.053, 53.243, 54.194, 55.713, 57.29, 58.705, 59.346, 59.754, 60.944, 62.306, 61.595, 61.64, 61.871, 61.445, 61.194, 61.154, 61.475, 61.916, 62.081, 62.213], [57.053, 57.28, 56.326, 55.332, 55.222, 53.671, 52.118, 50.756, 49.45, 49.743, 49.328, 46.548, 44.913, 43.841, 42.985, 42.69, 42.831, 41.575, 37.737, 33.912, 32.467, 31.707, 31.313, 30.937, 32.343, 31.518, 26.38, 22.22, 20.858, 19.98, 16.309, 9.13, 0.0, 9.82, 17.668, 20.318, 20.44, 20.912, 22.956, 24.667, 26.23, 29.47, 31.157, 31.314, 32.879, 34.26, 34.574, 35.227, 35.534, 35.81, 36.644, 39.925, 45.141, 50.26, 54.452, 56.328, 56.803, 57.191, 56.943, 57.338, 57.309, 56.304, 55.497, 54.942, 54.921, 55.246, 54.717, 54.095, 55.239, 56.809, 58.192, 59.435, 60.037, 60.395, 61.418, 62.506, 61.681, 61.89, 62.25, 61.809, 61.557, 61.485, 61.68, 62.018, 62.161, 62.26], [58.835, 59.036, 58.092, 57.202, 57.196, 55.745, 54.196, 52.891, 51.761, 51.989, 51.472, 48.857, 47.372, 46.306, 45.179, 44.62, 44.744, 43.602, 39.929, 36.287, 34.72, 33.576, 32.926, 32.473, 33.691, 32.841, 28.542, 25.61, 25.056, 24.704, 21.89, 16.745, 9.82, 0.0, 9.119, 12.97, 14.02, 15.085, 17.698, 20.029, 22.418, 26.442, 28.383, 28.498, 30.12, 31.497, 31.803, 32.551, 33.1, 33.632, 34.417, 37.596, 42.833, 48.027, 52.561, 55.034, 55.87, 56.506, 56.59, 57.212, 57.24, 56.203, 55.41, 55.033, 55.16, 55.348, 54.786, 54.645, 56.275, 57.864, 59.054, 60.171, 60.738, 61.122, 62.171, 63.171, 62.258, 62.463, 62.816, 62.347, 62.094, 61.98, 62.067, 62.323, 62.453, 62.566], [59.605, 59.813, 58.832, 57.896, 57.904, 56.513, 54.951, 53.682, 52.712, 52.883, 52.268, 49.891, 48.568, 47.505, 46.053, 45.224, 45.293, 44.214, 40.841, 37.644, 36.049, 34.646, 33.865, 33.396, 34.492, 33.698, 30.301, 28.576, 28.724, 28.751, 26.531, 22.774, 17.668, 9.119, 0.0, 5.4, 8.462, 10.881, 14.517, 17.468, 20.655, 25.223, 27.262, 27.465, 29.265, 30.548, 30.809, 31.616, 32.431, 33.15, 33.912, 36.867, 41.768, 46.668, 51.216, 54.05, 55.179, 56.077, 56.533, 57.305, 57.251, 56.187, 55.502, 55.322, 55.525, 55.571, 54.97, 55.281, 57.514, 59.213, 60.318, 61.401, 61.962, 62.395, 63.511, 64.48, 63.472, 63.584, 63.873, 63.367, 63.108, 62.959, 62.989, 63.213, 63.334, 63.47], [59.719, 59.945, 58.957, 57.882, 57.728, 56.314, 54.79, 53.564, 52.625, 52.763, 52.16, 49.923, 48.668, 47.605, 45.931, 45.005, 45.094, 43.999, 40.905, 38.121, 36.551, 35.054, 34.279, 33.825, 34.852, 34.04, 30.895, 29.545, 29.958, 30.125, 28.139, 24.771, 20.318, 12.97, 5.4, 0.0, 4.978, 9.133, 13.822, 17.151, 20.608, 25.257, 27.243, 27.402, 29.233, 30.459, 30.71, 31.541, 32.484, 33.232, 33.977, 36.835, 41.445, 46.078, 50.513, 53.392, 54.538, 55.439, 55.969, 56.794, 56.749, 55.737, 55.172, 55.15, 55.452, 55.511, 54.902, 55.284, 57.703, 59.583, 60.768, 61.856, 62.434, 62.895, 64.056, 65.058, 64.045, 64.125, 64.386, 63.856, 63.589, 63.434, 63.483, 63.735, 63.856, 63.996], [59.086, 59.333, 58.403, 57.351, 57.151, 55.797, 54.386, 53.219, 52.245, 52.362, 51.816, 49.666, 48.479, 47.51, 45.89, 44.936, 44.986, 43.981, 41.036, 38.363, 37.011, 35.691, 34.965, 34.43, 35.219, 34.234, 30.602, 28.955, 29.292, 29.345, 27.278, 24.267, 20.44, 14.02, 8.462, 4.978, 0.0, 5.611, 11.454, 15.104, 19.055, 24.131, 26.285, 26.577, 28.504, 29.745, 30.018, 30.876, 31.744, 32.407, 33.111, 35.812, 40.341, 44.97, 49.172, 51.944, 53.028, 53.923, 54.426, 55.255, 55.388, 54.543, 54.107, 54.285, 54.83, 54.974, 54.363, 54.699, 57.079, 59.067, 60.508, 61.74, 62.342, 62.828, 64.073, 65.185, 64.211, 64.25, 64.473, 63.953, 63.689, 63.537, 63.668, 63.979, 64.105, 64.262], [58.5, 58.716, 57.889, 57.245, 57.495, 56.403, 55.144, 54.06, 53.073, 53.171, 52.719, 50.682, 49.617, 48.814, 47.323, 46.242, 46.221, 45.456, 42.617, 39.869, 38.532, 37.197, 36.458, 35.889, 36.44, 35.297, 31.241, 29.271, 29.493, 29.314, 27.033, 24.261, 20.912, 15.085, 10.881, 9.133, 5.611, 0.0, 7.01, 11.315, 16.078, 21.885, 24.389, 24.973, 27.113, 28.42, 28.741, 29.616, 30.367, 31.018, 31.628, 33.961, 38.469, 43.255, 47.458, 50.304, 51.429, 52.351, 52.854, 53.681, 53.897, 53.139, 52.772, 53.07, 53.738, 53.872, 53.249, 53.595, 56.037, 58.154, 59.892, 61.494, 62.226, 62.75, 64.125, 65.329, 64.313, 64.241, 64.398, 63.899, 63.652, 63.469, 63.661, 64.032, 64.164, 64.35], [57.706, 57.952, 57.288, 57.181, 58.239, 57.667, 56.547, 55.449, 54.439, 54.466, 54.1, 52.374, 51.531, 50.936, 49.554, 48.24, 48.057, 47.577, 44.746, 41.652, 40.154, 38.728, 37.907, 37.286, 37.363, 36.107, 32.012, 30.074, 30.318, 30.099, 28.045, 25.769, 22.956, 17.698, 14.517, 13.822, 11.454, 7.01, 0.0, 6.223, 13.824, 20.598, 23.273, 24.14, 26.521, 27.756, 28.118, 29.101, 29.839, 30.563, 31.038, 32.669, 36.979, 42.003, 46.322, 49.252, 50.489, 51.489, 51.983, 52.743, 52.903, 52.11, 51.741, 52.062, 52.689, 52.739, 52.095, 52.516, 55.075, 57.353, 59.33, 61.175, 62.071, 62.702, 64.236, 65.55, 64.524, 64.377, 64.491, 64.024, 63.78, 63.567, 63.816, 64.224, 64.361, 64.565], [56.457, 56.707, 56.106, 56.177, 57.556, 57.31, 56.339, 55.274, 54.237, 54.225, 53.957, 52.412, 51.676, 51.176, 49.879, 48.562, 48.265, 47.821, 45.078, 41.979, 40.444, 38.985, 38.123, 37.432, 37.344, 36.154, 32.268, 30.589, 30.846, 30.56, 28.582, 26.798, 24.667, 20.029, 17.468, 17.151, 15.104, 11.315, 6.223, 0.0, 9.97, 17.904, 21.0, 22.352, 25.083, 26.36, 26.754, 27.718, 28.375, 29.109, 29.615, 31.02, 35.239, 40.379, 44.757, 47.699, 48.976, 50.055, 50.549, 51.248, 51.388, 50.584, 50.212, 50.515, 51.099, 51.162, 50.578, 51.124, 53.826, 56.171, 58.191, 60.002, 60.865, 61.536, 63.136, 64.542, 63.597, 63.426, 63.517, 63.068, 62.823, 62.641, 62.941, 63.378, 63.524, 63.731], [55.007, 55.114, 54.481, 54.566, 55.775, 55.567, 54.823, 54.061, 53.11, 53.053, 53.024, 51.563, 50.809, 50.374, 49.226, 48.12, 47.799, 47.219, 44.789, 42.432, 40.981, 39.478, 38.608, 37.8, 37.758, 36.652, 33.433, 32.012, 31.778, 31.208, 29.276, 27.829, 26.23, 22.418, 20.655, 20.608, 19.055, 16.078, 13.824, 9.97, 0.0, 8.992, 13.439, 16.378, 20.075, 21.703, 22.007, 22.459, 22.823, 23.55, 24.306, 26.3, 30.775, 35.861, 40.304, 43.297, 44.54, 45.733, 46.432, 47.121, 47.121, 46.244, 45.946, 46.271, 46.791, 46.905, 46.426, 47.201, 50.194, 52.78, 54.839, 56.66, 57.447, 57.92, 59.823, 61.69, 60.936, 60.722, 60.761, 60.318, 60.097, 60.071, 60.404, 60.857, 61.016, 61.188], [54.394, 54.339, 53.681, 53.863, 54.895, 54.687, 54.173, 53.802, 53.023, 52.895, 53.114, 51.863, 51.106, 50.703, 49.666, 48.703, 48.34, 47.699, 45.528, 43.726, 42.204, 40.612, 39.756, 38.994, 39.073, 38.041, 35.535, 34.432, 33.958, 33.345, 31.757, 30.678, 29.47, 26.442, 25.223, 25.257, 24.131, 21.885, 20.598, 17.904, 8.992, 0.0, 6.085, 11.372, 15.916, 17.731, 17.914, 17.709, 17.734, 18.56, 19.541, 22.062, 26.755, 31.814, 36.436, 39.616, 40.882, 42.161, 43.142, 43.87, 43.669, 42.667, 42.361, 42.6, 42.91, 42.956, 42.519, 43.513, 46.788, 49.634, 51.774, 53.643, 54.456, 54.71, 56.852, 59.28, 58.86, 58.757, 58.797, 58.365, 58.162, 58.3, 58.661, 59.1, 59.27, 59.385], [54.202, 54.103, 53.409, 53.67, 54.659, 54.419, 53.982, 53.802, 53.162, 52.992, 53.32, 52.31, 51.58, 51.07, 49.882, 48.923, 48.533, 47.833, 45.613, 43.665, 41.793, 40.075, 39.247, 38.617, 38.868, 37.971, 35.9, 35.166, 34.918, 34.495, 33.194, 32.312, 31.157, 28.383, 27.262, 27.243, 26.285, 24.389, 23.273, 21.0, 13.439, 6.085, 0.0, 6.811, 11.961, 13.784, 13.944, 13.729, 14.108, 15.352, 16.568, 19.492, 24.609, 30.146, 35.255, 38.664, 39.989, 41.303, 42.458, 43.304, 43.045, 41.949, 41.487, 41.501, 41.505, 41.423, 40.998, 42.077, 45.473, 48.372, 50.451, 52.257, 53.126, 53.37, 55.453, 58.007, 57.883, 58.119, 58.299, 57.869, 57.652, 57.869, 58.204, 58.571, 58.74, 58.791], [54.451, 54.347, 53.548, 53.806, 54.819, 54.506, 54.06, 53.947, 53.352, 53.215, 53.566, 52.593, 51.8, 51.077, 49.641, 48.712, 48.42, 47.677, 45.379, 43.191, 40.92, 39.019, 38.267, 37.889, 38.559, 37.848, 36.02, 35.551, 35.612, 35.338, 34.077, 32.911, 31.314, 28.498, 27.465, 27.402, 26.577, 24.973, 24.14, 22.352, 16.378, 11.372, 6.811, 0.0, 5.864, 8.043, 8.337, 8.631, 10.033, 11.956, 13.423, 17.216, 23.279, 29.68, 35.648, 39.407, 40.735, 41.852, 42.918, 43.994, 43.876, 42.765, 42.157, 42.033, 41.87, 41.684, 41.245, 42.238, 45.507, 48.343, 50.314, 52.023, 52.916, 53.194, 54.963, 57.138, 57.105, 57.85, 58.388, 58.019, 57.79, 58.018, 58.228, 58.437, 58.59, 58.573], [55.032, 54.861, 54.011, 54.296, 55.212, 54.833, 54.469, 54.508, 53.965, 53.829, 54.286, 53.335, 52.467, 51.625, 50.109, 49.23, 48.988, 48.33, 46.278, 44.24, 41.827, 39.808, 39.098, 38.88, 39.746, 39.044, 37.438, 37.17, 37.371, 37.167, 35.97, 34.668, 32.879, 30.12, 29.265, 29.233, 28.504, 27.113, 26.521, 25.083, 20.075, 15.916, 11.961, 5.864, 0.0, 2.883, 3.699, 4.739, 7.282, 9.833, 11.526, 15.781, 22.158, 28.898, 35.377, 39.41, 40.748, 41.673, 42.615, 43.924, 44.031, 42.976, 42.258, 42.061, 41.89, 41.656, 41.198, 42.17, 45.308, 48.089, 49.988, 51.625, 52.517, 52.762, 54.212, 56.046, 56.071, 57.235, 58.164, 57.92, 57.698, 57.935, 58.041, 58.12, 58.262, 58.196], [55.033, 54.833, 53.998, 54.295, 55.209, 54.854, 54.527, 54.622, 54.124, 53.971, 54.481, 53.669, 52.846, 51.993, 50.454, 49.539, 49.264, 48.71, 46.872, 44.929, 42.463, 40.418, 39.709, 39.495, 40.277, 39.574, 38.147, 38.069, 38.392, 38.268, 37.177, 35.968, 34.26, 31.497, 30.548, 30.459, 29.745, 28.42, 27.756, 26.36, 21.703, 17.731, 13.784, 8.043, 2.883, 0.0, 1.729, 3.873, 6.999, 9.675, 11.348, 15.189, 21.219, 27.988, 34.707, 38.901, 40.302, 41.237, 42.183, 43.564, 43.727, 42.662, 41.9, 41.677, 41.49, 41.221, 40.782, 41.845, 45.029, 47.818, 49.702, 51.316, 52.224, 52.488, 53.905, 55.701, 55.752, 57.012, 58.049, 57.847, 57.626, 57.862, 57.943, 57.994, 58.136, 58.051], [54.943, 54.736, 53.903, 54.203, 55.117, 54.771, 54.463, 54.583, 54.102, 53.935, 54.442, 53.674, 52.89, 52.056, 50.525, 49.611, 49.335, 48.779, 46.997, 45.123, 42.664, 40.633, 39.919, 39.638, 40.342, 39.651, 38.314, 38.315, 38.662, 38.586, 37.521, 36.286, 34.574, 31.803, 30.809, 30.71, 30.018, 28.741, 28.118, 26.754, 22.007, 17.914, 13.944, 8.337, 3.699, 1.729, 0.0, 3.101, 6.74, 9.514, 11.304, 15.318, 21.211, 27.836, 34.543, 38.73, 40.14, 41.143, 42.119, 43.478, 43.624, 42.531, 41.771, 41.546, 41.361, 41.081, 40.657, 41.775, 45.016, 47.804, 49.614, 51.165, 52.065, 52.321, 53.751, 55.576, 55.633, 56.887, 57.911, 57.693, 57.48, 57.728, 57.8, 57.841, 57.98, 57.896], [55.016, 54.769, 53.917, 54.214, 55.082, 54.725, 54.458, 54.64, 54.182, 54.01, 54.543, 53.765, 52.97, 52.209, 50.811, 49.948, 49.686, 49.146, 47.436, 45.768, 43.442, 41.457, 40.764, 40.502, 41.227, 40.533, 39.247, 39.169, 39.326, 39.156, 38.135, 36.929, 35.227, 32.551, 31.616, 31.541, 30.876, 29.616, 29.101, 27.718, 22.459, 17.709, 13.729, 8.631, 4.739, 3.873, 3.101, 0.0, 4.433, 7.868, 9.898, 14.311, 20.423, 27.035, 33.74, 37.952, 39.348, 40.34, 41.37, 42.731, 42.805, 41.695, 40.993, 40.812, 40.615, 40.35, 39.997, 41.226, 44.557, 47.39, 49.182, 50.73, 51.625, 51.804, 53.259, 55.185, 55.286, 56.527, 57.561, 57.37, 57.176, 57.485, 57.567, 57.593, 57.729, 57.642], [54.871, 54.59, 53.711, 54.058, 54.966, 54.617, 54.387, 54.595, 54.136, 54.018, 54.556, 53.677, 52.813, 52.128, 51.036, 50.348, 50.101, 49.586, 47.886, 46.293, 44.187, 42.41, 41.8, 41.607, 42.464, 41.771, 40.157, 39.685, 39.595, 39.296, 38.201, 37.068, 35.534, 33.1, 32.431, 32.484, 31.744, 30.367, 29.839, 28.375, 22.823, 17.734, 14.108, 10.033, 7.282, 6.999, 6.74, 4.433, 0.0, 4.265, 7.05, 12.343, 19.08, 26.061, 32.706, 36.815, 38.142, 39.086, 40.072, 41.422, 41.542, 40.487, 39.786, 39.609, 39.487, 39.32, 39.034, 40.294, 43.602, 46.439, 48.346, 50.029, 50.932, 51.011, 52.412, 54.376, 54.482, 55.705, 56.743, 56.585, 56.402, 56.747, 56.891, 56.949, 57.096, 57.007], [54.698, 54.418, 53.506, 53.811, 54.721, 54.361, 54.149, 54.352, 53.892, 53.825, 54.355, 53.4, 52.491, 51.807, 50.86, 50.403, 50.247, 49.681, 47.956, 46.443, 44.506, 42.93, 42.458, 42.403, 43.46, 42.779, 40.795, 40.003, 39.812, 39.45, 38.217, 37.118, 35.81, 33.632, 33.15, 33.232, 32.407, 31.018, 30.563, 29.109, 23.55, 18.56, 15.352, 11.956, 9.833, 9.675, 9.514, 7.868, 4.265, 0.0, 4.355, 11.407, 18.708, 25.8, 32.239, 36.097, 37.199, 37.956, 38.838, 40.209, 40.448, 39.5, 38.824, 38.679, 38.768, 38.805, 38.562, 39.772, 42.967, 45.785, 47.783, 49.56, 50.461, 50.456, 51.812, 53.786, 53.892, 55.129, 56.169, 55.997, 55.809, 56.174, 56.394, 56.524, 56.704, 56.606], [54.913, 54.602, 53.72, 54.108, 55.166, 54.88, 54.656, 54.808, 54.31, 54.238, 54.779, 53.86, 52.987, 52.323, 51.377, 50.916, 50.924, 50.636, 48.898, 47.244, 45.307, 43.71, 43.354, 43.483, 44.629, 43.991, 41.894, 40.947, 40.731, 40.297, 38.99, 37.934, 36.644, 34.417, 33.912, 33.977, 33.111, 31.628, 31.038, 29.615, 24.306, 19.541, 16.568, 13.423, 11.526, 11.348, 11.304, 9.898, 7.05, 4.355, 0.0, 8.45, 17.099, 24.994, 31.884, 35.989, 37.055, 37.548, 38.32, 39.734, 39.917, 38.937, 38.28, 38.215, 38.381, 38.492, 38.352, 39.67, 42.873, 45.723, 47.828, 49.737, 50.694, 50.709, 52.148, 54.172, 54.286, 55.531, 56.594, 56.456, 56.284, 56.634, 56.862, 57.018, 57.218, 57.136], [54.971, 54.575, 53.853, 54.466, 55.841, 55.835, 55.664, 55.784, 55.277, 55.154, 55.808, 55.23, 54.565, 54.063, 53.139, 52.377, 52.381, 52.905, 51.801, 50.192, 48.184, 46.41, 46.041, 46.207, 47.014, 46.283, 44.232, 43.357, 43.191, 42.692, 41.512, 40.886, 39.925, 37.596, 36.867, 36.835, 35.812, 33.961, 32.669, 31.02, 26.3, 22.062, 19.492, 17.216, 15.781, 15.189, 15.318, 14.311, 12.343, 11.407, 8.45, 0.0, 10.576, 20.655, 29.038, 34.139, 35.568, 36.044, 36.841, 38.342, 38.481, 37.402, 36.76, 36.845, 36.982, 37.016, 37.051, 38.771, 42.207, 45.191, 47.71, 50.029, 51.167, 51.416, 53.283, 55.513, 55.606, 56.663, 57.643, 57.615, 57.501, 57.77, 58.05, 58.281, 58.489, 58.487], [54.937, 54.411, 53.825, 54.316, 55.49, 55.654, 55.721, 56.033, 55.675, 55.517, 56.352, 56.253, 55.873, 55.594, 54.689, 53.646, 53.454, 54.493, 54.589, 54.033, 52.123, 50.074, 49.545, 49.538, 49.84, 48.932, 47.333, 47.056, 47.161, 46.838, 45.914, 45.67, 45.141, 42.833, 41.768, 41.445, 40.341, 38.469, 36.979, 35.239, 30.775, 26.755, 24.609, 23.279, 22.158, 21.219, 21.211, 20.423, 19.08, 18.708, 17.099, 10.576, 0.0, 11.813, 22.537, 29.436, 31.509, 32.272, 33.42, 35.205, 35.629, 34.705, 34.235, 34.648, 35.028, 35.004, 35.144, 37.391, 41.121, 44.041, 46.591, 49.105, 50.371, 50.837, 53.236, 55.82, 55.904, 56.618, 57.351, 57.372, 57.321, 57.522, 57.916, 58.325, 58.546, 58.679], [55.515, 54.887, 54.38, 54.433, 54.884, 54.981, 55.341, 55.954, 55.816, 55.66, 56.665, 56.932, 56.8, 56.756, 55.936, 54.74, 54.318, 55.44, 56.488, 57.422, 56.077, 53.938, 53.206, 52.954, 52.759, 51.637, 50.564, 50.941, 51.276, 51.204, 50.506, 50.445, 50.26, 48.027, 46.668, 46.078, 44.97, 43.255, 42.003, 40.379, 35.861, 31.814, 30.146, 29.68, 28.898, 27.988, 27.836, 27.035, 26.061, 25.8, 24.994, 20.655, 11.813, 0.0, 13.17, 22.444, 25.406, 26.643, 28.65, 30.866, 31.765, 31.542, 31.646, 32.705, 33.75, 33.755, 33.777, 36.375, 40.286, 42.901, 45.075, 47.598, 48.892, 49.422, 52.36, 55.513, 55.658, 55.917, 56.275, 56.246, 56.229, 56.425, 56.991, 57.678, 57.949, 58.235], [56.659, 56.114, 55.723, 55.438, 55.095, 55.039, 55.626, 56.45, 56.44, 56.297, 57.471, 58.0, 58.03, 58.261, 57.756, 56.573, 55.931, 56.96, 58.264, 60.016, 59.653, 58.171, 57.385, 56.781, 55.985, 54.6, 53.422, 53.869, 54.121, 54.189, 53.71, 54.024, 54.452, 52.561, 51.216, 50.513, 49.172, 47.458, 46.322, 44.757, 40.304, 36.436, 35.255, 35.648, 35.377, 34.707, 34.543, 33.74, 32.706, 32.239, 31.884, 29.038, 22.537, 13.17, 0.0, 11.247, 15.47, 18.012, 21.809, 24.395, 26.164, 27.495, 28.682, 30.665, 32.695, 32.921, 32.664, 35.141, 38.911, 41.136, 43.21, 45.856, 47.095, 47.624, 51.055, 54.937, 55.33, 55.186, 55.142, 55.008, 54.995, 55.259, 56.193, 57.284, 57.646, 58.06], [57.014, 56.564, 56.232, 55.882, 55.24, 55.08, 55.747, 56.635, 56.637, 56.507, 57.778, 58.353, 58.388, 58.772, 58.572, 57.578, 56.902, 57.8, 59.059, 60.997, 61.212, 60.429, 59.777, 59.03, 58.046, 56.637, 55.242, 55.373, 55.281, 55.264, 54.901, 55.417, 56.328, 55.034, 54.05, 53.392, 51.944, 50.304, 49.252, 47.699, 43.297, 39.616, 38.664, 39.407, 39.41, 38.901, 38.73, 37.952, 36.815, 36.097, 35.989, 34.139, 29.436, 22.444, 11.247, 0.0, 5.559, 10.211, 15.488, 17.997, 20.346, 23.077, 25.223, 27.883, 30.654, 31.343, 30.935, 32.887, 36.245, 38.316, 40.563, 43.298, 44.455, 44.88, 48.363, 52.625, 53.279, 53.064, 52.966, 52.844, 52.821, 53.19, 54.395, 55.687, 56.1, 56.526], [57.085, 56.635, 56.29, 55.892, 55.147, 54.928, 55.625, 56.547, 56.548, 56.436, 57.738, 58.26, 58.257, 58.66, 58.559, 57.748, 57.15, 57.974, 59.205, 61.224, 61.613, 61.074, 60.575, 59.93, 59.086, 57.703, 56.106, 55.97, 55.67, 55.536, 55.167, 55.731, 56.803, 55.87, 55.179, 54.538, 53.028, 51.429, 50.489, 48.976, 44.54, 40.882, 39.989, 40.735, 40.748, 40.302, 40.14, 39.348, 38.142, 37.199, 37.055, 35.568, 31.509, 25.406, 15.47, 5.559, 0.0, 6.093, 12.26, 14.964, 17.843, 21.349, 24.026, 27.058, 30.2, 31.239, 30.875, 32.419, 35.378, 37.493, 39.871, 42.648, 43.799, 44.106, 47.467, 51.761, 52.519, 52.365, 52.332, 52.244, 52.219, 52.649, 53.912, 55.21, 55.624, 56.014], [57.322, 56.818, 56.454, 56.111, 55.377, 55.104, 55.8, 56.738, 56.739, 56.667, 57.996, 58.406, 58.336, 58.725, 58.652, 57.979, 57.542, 58.4, 59.62, 61.706, 62.103, 61.57, 61.189, 60.814, 60.279, 58.91, 57.163, 56.837, 56.411, 56.108, 55.642, 56.127, 57.191, 56.506, 56.077, 55.439, 53.923, 52.351, 51.489, 50.055, 45.733, 42.161, 41.303, 41.852, 41.673, 41.237, 41.143, 40.34, 39.086, 37.956, 37.548, 36.044, 32.272, 26.643, 18.012, 10.211, 6.093, 0.0, 7.598, 11.43, 15.023, 19.228, 22.325, 25.804, 29.389, 30.771, 30.495, 31.741, 34.273, 36.446, 38.971, 41.895, 43.103, 43.324, 46.516, 50.694, 51.456, 51.389, 51.518, 51.546, 51.535, 52.0, 53.261, 54.523, 54.942, 55.306], [56.758, 56.165, 55.826, 55.755, 55.341, 55.165, 55.904, 56.84, 56.801, 56.785, 58.136, 58.412, 58.297, 58.722, 58.756, 58.167, 57.831, 58.782, 60.071, 62.121, 62.445, 61.907, 61.584, 61.31, 60.938, 59.599, 57.668, 57.163, 56.637, 56.182, 55.564, 55.864, 56.943, 56.59, 56.533, 55.969, 54.426, 52.854, 51.983, 50.549, 46.432, 43.142, 42.458, 42.918, 42.615, 42.183, 42.119, 41.37, 40.072, 38.838, 38.32, 36.841, 33.42, 28.65, 21.809, 15.488, 12.26, 7.598, 0.0, 5.578, 10.901, 15.712, 19.226, 23.179, 27.415, 29.264, 29.09, 30.01, 32.108, 34.402, 37.301, 40.449, 41.684, 41.827, 44.721, 48.676, 49.292, 49.196, 49.501, 49.706, 49.72, 50.167, 51.435, 52.671, 53.079, 53.421], [56.504, 55.904, 55.62, 55.689, 55.481, 55.427, 56.173, 57.061, 56.991, 56.991, 58.365, 58.662, 58.585, 59.096, 59.275, 58.696, 58.332, 59.313, 60.588, 62.607, 62.982, 62.547, 62.233, 61.895, 61.417, 60.171, 58.299, 57.683, 57.006, 56.518, 55.88, 56.135, 57.338, 