[[0.0, 9.889, 15.424, 17.483, 19.263, 18.656, 21.651, 29.06, 31.263, 31.529, 33.818, 38.722, 43.19, 44.878, 45.313, 46.523, 47.962, 49.028, 50.534, 51.865, 52.77, 54.033, 54.784, 55.304, 57.661, 59.801, 60.328, 59.937, 59.21, 58.724, 59.062, 59.752, 60.51, 61.342, 61.692, 61.764, 61.772, 62.463, 64.486, 66.084, 66.757, 67.038, 66.882, 67.318, 68.085, 68.592, 69.615, 70.967, 71.343, 71.255, 71.217, 70.346, 69.18, 68.438, 68.326, 69.548, 69.977, 69.401, 67.71, 66.237, 66.569, 67.573, 69.16, 69.888, 69.619, 68.772, 65.448, 61.286, 58.009, 57.924, 58.52, 58.731, 58.878, 57.898, 57.034, 56.65, 56.676, 57.274, 58.223, 59.936, 62.176, 65.848, 67.869, 67.337, 67.932, 69.492], [9.889, 0.0, 6.859, 10.125, 13.012, 14.046, 17.34, 24.947, 27.586, 27.911, 30.227, 35.156, 39.45, 41.284, 42.196, 43.284, 44.323, 45.383, 46.678, 47.82, 48.627, 49.727, 50.349, 50.74, 52.943, 54.847, 55.318, 55.111, 54.622, 54.184, 54.609, 55.698, 56.915, 58.017, 58.579, 59.087, 59.384, 59.841, 61.312, 62.528, 63.209, 63.596, 63.374, 63.807, 64.673, 65.304, 66.529, 68.056, 68.449, 68.421, 68.428, 67.55, 66.486, 65.811, 65.641, 66.755, 67.187, 66.661, 65.259, 64.391, 65.085, 66.0, 67.354, 67.968, 67.762, 66.894, 63.482, 59.284, 56.261, 56.137, 56.506, 56.843, 57.596, 57.18, 56.451, 56.079, 56.081, 56.634, 57.465, 59.024, 61.178, 64.932, 66.961, 66.381, 67.081, 68.615], [15.424, 6.859, 0.0, 5.186, 9.559, 11.852, 15.301, 22.93, 25.948, 26.323, 28.732, 33.814, 38.061, 39.944, 41.044, 42.001, 42.749, 43.772, 44.981, 46.038, 46.821, 47.886, 48.511, 48.899, 51.1, 52.987, 53.458, 53.328, 53.017, 52.692, 53.186, 54.464, 55.929, 57.196, 57.812, 58.507, 59.067, 59.46, 60.614, 61.631, 62.358, 62.873, 62.649, 63.113, 64.074, 64.815, 66.151, 67.754, 68.17, 68.162, 68.135, 67.231, 66.242, 65.625, 65.447, 66.423, 66.776, 66.256, 64.926, 64.231, 65.048, 65.991, 67.346, 67.968, 67.803, 66.921, 63.395, 59.054, 56.088, 56.009, 56.359, 56.733, 57.698, 57.476, 56.79, 56.438, 56.472, 57.026, 57.981, 59.717, 62.044, 65.968, 68.014, 67.365, 68.17, 69.771], [17.483, 10.125, 5.186, 0.0, 6.005, 9.563, 13.76, 21.949, 25.164, 25.635, 28.154, 33.299, 37.561, 39.488, 40.644, 41.607, 42.334, 43.374, 44.635, 45.73, 46.531, 47.649, 48.302, 48.672, 50.83, 52.713, 53.214, 53.068, 52.8, 52.559, 53.062, 54.339, 55.863, 57.185, 57.844, 58.569, 59.165, 59.597, 60.737, 61.748, 62.499, 63.042, 62.826, 63.303, 64.293, 65.092, 66.511, 68.177, 68.63, 68.628, 68.574, 67.677, 66.733, 66.139, 65.982, 66.938, 67.252, 66.734, 65.441, 64.782, 65.602, 66.601, 68.036, 68.698, 68.57, 67.709, 64.149, 59.732, 56.727, 56.641, 57.057, 57.463, 58.477, 58.269, 57.585, 57.261, 57.336, 57.876, 59.015, 60.997, 63.427, 67.338, 69.387, 68.739, 69.557, 71.19], [19.263, 13.012, 9.559, 6.005, 0.0, 7.018, 13.294, 21.412, 24.694, 25.113, 27.544, 32.724, 37.078, 39.178, 40.391, 41.365, 42.141, 43.213, 44.586, 45.755, 46.53, 47.658, 48.331, 48.677, 50.778, 52.646, 53.163, 52.958, 52.688, 52.5, 52.979, 54.273, 55.875, 57.241, 57.901, 58.613, 59.216, 59.618, 60.784, 61.825, 62.605, 63.193, 62.965, 63.457, 64.502, 65.354, 66.804, 68.475, 68.945, 68.935, 68.84, 67.944, 67.033, 66.44, 66.335, 67.337, 67.649, 67.178, 65.932, 65.307, 66.139, 67.159, 68.65, 69.362, 69.275, 68.404, 64.779, 60.265, 57.258, 57.213, 57.649, 58.094, 59.097, 58.818, 58.114, 57.803, 57.91, 58.386, 59.592, 61.75, 64.212, 67.993, 69.966, 69.289, 70.12, 71.811], [18.656, 14.046, 11.852, 9.563, 7.018, 0.0, 10.005, 20.959, 24.047, 24.493, 27.137, 32.359, 36.914, 39.019, 39.974, 41.186, 42.496, 43.708, 45.014, 46.119, 46.955, 48.224, 48.999, 49.449, 51.67, 53.57, 54.026, 53.723, 53.311, 53.11, 53.52, 54.473, 55.761, 56.993, 57.6, 58.163, 58.673, 59.32, 60.801, 62.047, 62.767, 63.226, 63.046, 63.55, 64.513, 65.343, 66.755, 68.347, 68.79, 68.687, 68.526, 67.619, 66.696, 66.112, 66.077, 67.138, 67.372, 66.825, 65.414, 64.549, 65.289, 66.39, 68.04, 68.878, 68.792, 67.926, 64.4, 60.023, 56.946, 56.891, 57.504, 57.715, 58.329, 57.913, 57.187, 56.86, 56.946, 57.458, 58.759, 61.091, 63.685, 67.57, 69.605, 68.984, 69.791, 71.509], [21.651, 17.34, 15.301, 13.76, 13.294, 10.005, 0.0, 13.195, 17.156, 18.094, 21.094, 26.816, 31.616, 33.408, 34.176, 35.403, 37.372, 39.642, 41.144, 42.137, 42.976, 44.347, 45.332, 46.099, 48.851, 51.086, 51.618, 51.522, 51.094, 50.815, 51.328, 52.1, 53.156, 54.378, 54.972, 55.509, 56.096, 56.787, 58.184, 59.409, 60.484, 61.445, 61.433, 61.876, 62.815, 63.768, 65.467, 67.249, 67.664, 67.503, 67.367, 66.457, 65.443, 64.871, 64.737, 65.679, 65.921, 65.229, 63.588, 62.574, 63.298, 64.368, 65.968, 66.712, 66.618, 65.978, 62.695, 58.603, 55.714, 55.808, 56.448, 56.772, 57.669, 57.596, 57.065, 56.751, 56.726, 57.109, 58.004, 60.033, 62.599, 66.683, 68.845, 68.332, 69.212, 70.784], [29.06, 24.947, 22.93, 21.949, 21.412, 20.959, 13.195, 0.0, 7.1, 9.939, 12.757, 19.308, 24.355, 25.708, 26.498, 27.46, 29.803, 33.506, 35.489, 36.359, 36.974, 38.25, 39.457, 40.571, 43.898, 46.612, 47.324, 47.51, 47.275, 47.013, 47.694, 48.658, 49.932, 51.349, 51.854, 52.363, 53.23, 53.635, 54.474, 55.451, 57.08, 59.074, 59.359, 59.699, 60.774, 62.06, 64.2, 66.277, 66.689, 66.478, 66.34, 65.433, 64.342, 63.81, 63.532, 64.24, 64.552, 63.845, 62.114, 61.186, 62.05, 63.045, 64.497, 65.02, 64.989, 64.697, 61.568, 57.68, 55.344, 55.919, 56.314, 57.089, 58.822, 59.279, 59.064, 58.844, 58.656, 58.816, 59.344, 61.061, 63.537, 67.599, 69.693, 69.18, 70.234, 71.646], [31.263, 27.586, 25.948, 25.164, 24.694, 24.047, 17.156, 7.1, 0.0, 5.26, 10.229, 17.209, 22.37, 23.495, 24.116, 25.255, 27.723, 31.399, 33.212, 33.959, 34.639, 36.046, 37.358, 38.633, 42.231, 45.152, 45.931, 46.09, 45.811, 45.574, 46.185, 46.912, 48.078, 49.49, 49.942, 50.391, 51.343, 51.924, 52.853, 53.929, 55.57, 57.71, 58.299, 58.663, 59.615, 60.98, 63.236, 65.372, 65.794, 65.538, 65.373, 64.474, 63.383, 62.901, 62.643, 63.318, 63.621, 62.898, 61.071, 60.014, 60.86, 61.984, 63.626, 64.191, 64.23, 64.151, 61.169, 57.306, 55.022, 55.78, 56.178, 56.958, 58.791, 59.357, 59.247, 59.072, 58.833, 59.042, 59.782, 61.647, 64.179, 68.238, 70.341, 69.849, 70.904, 72.31], [31.529, 27.911, 26.323, 25.635, 25.113, 24.493, 18.094, 9.939, 5.26, 0.0, 7.403, 15.631, 21.416, 22.87, 23.576, 24.608, 26.675, 30.157, 32.13, 33.107, 33.995, 35.536, 36.878, 38.231, 41.994, 45.045, 45.828, 45.938, 45.585, 45.314, 45.909, 46.592, 47.678, 49.05, 49.496, 49.937, 50.919, 51.578, 52.695, 53.875, 55.516, 57.626, 58.284, 58.799, 59.81, 61.158, 63.387, 65.521, 65.947, 65.694, 65.579, 64.725, 63.639, 63.152, 62.907, 63.604, 63.905, 63.18, 61.336, 60.244, 61.092, 62.28, 63.958, 64.519, 64.564, 64.503, 61.559, 57.744, 55.472, 56.225, 56.577, 57.307, 59.091, 59.626, 59.498, 59.306, 59.07, 59.317, 60.058, 61.902, 64.403, 68.418, 70.5, 70.001, 71.037, 72.438], [33.818, 30.227, 28.732, 28.154, 27.544, 27.137, 21.094, 12.757, 10.229, 7.403, 0.0, 9.892, 17.094, 19.369, 20.425, 21.215, 23.197, 27.386, 30.119, 31.385, 32.268, 33.779, 35.175, 36.682, 40.703, 43.869, 44.551, 44.683, 44.426, 44.152, 44.757, 45.613, 46.821, 48.217, 48.628, 49.006, 50.045, 50.65, 51.796, 52.954, 54.723, 57.162, 57.815, 58.372, 59.731, 61.384, 63.811, 66.023, 66.411, 66.088, 66.004, 65.192, 64.11, 63.645, 63.368, 64.047, 64.34, 63.607, 61.778, 60.889, 61.924, 63.042, 64.559, 64.994, 65.074, 65.058, 62.168, 58.686, 56.836, 57.696, 57.824, 58.568, 60.488, 61.159, 61.074, 60.847, 60.583, 60.838, 61.38, 62.991, 65.357, 69.26, 71.273, 70.8, 71.848, 73.154], [38.722, 35.156, 33.814, 33.299, 32.724, 32.359, 26.816, 19.308, 17.209, 15.631, 9.892, 0.0, 8.538, 12.226, 13.894, 14.78, 17.463, 23.09, 26.806, 28.366, 29.33, 30.846, 32.299, 34.088, 38.497, 41.741, 42.293, 42.473, 42.195, 41.904, 42.33, 42.95, 44.043, 45.379, 45.789, 46.191, 47.281, 48.027, 49.468, 50.781, 52.725, 55.541, 56.341, 56.882, 58.538, 60.845, 63.876, 66.306, 66.645, 66.218, 66.162, 65.375, 64.328, 63.899, 63.575, 64.236, 64.486, 63.684, 61.821, 61.174, 62.433, 63.528, 64.986, 65.299, 65.487, 65.75, 63.103, 60.117, 58.834, 59.82, 59.779, 60.579, 62.669, 63.557, 63.555, 63.297, 63.042, 63.368, 63.796, 65.195, 67.352, 71.068, 73.01, 72.59, 73.598, 74.804], [43.19, 39.45, 38.061, 37.561, 37.078, 36.914, 31.616, 24.355, 22.37, 21.416, 17.094, 8.538, 0.0, 5.43, 8.852, 9.923, 13.277, 20.083, 24.269, 25.958, 26.967, 28.428, 29.818, 31.817, 36.527, 39.88, 40.469, 40.827, 40.551, 40.246, 40.52, 40.862, 41.876, 43.249, 43.756, 44.365, 45.553, 46.282, 47.713, 49.069, 51.245, 54.375, 55.334, 55.834, 57.543, 60.357, 64.024, 66.74, 67.061, 66.59, 66.573, 65.785, 64.763, 64.355, 63.949, 64.547, 64.804, 63.974, 62.158, 61.727, 63.111, 64.179, 65.59, 65.804, 66.117, 66.689, 64.263, 61.536, 60.568, 61.617, 61.507, 62.424, 64.726, 65.789, 65.864, 65.61, 65.327, 65.635, 65.991, 67.233, 69.144, 72.615, 74.476, 74.101, 75.091, 76.219], [44.878, 41.284, 39.944, 39.488, 39.178, 39.019, 33.408, 25.708, 23.495, 22.87, 19.369, 12.226, 5.43, 0.0, 4.924, 6.618, 11.328, 18.78, 22.813, 24.404, 25.422, 26.979, 28.473, 30.631, 35.582, 39.155, 39.884, 40.377, 40.164, 39.874, 40.154, 40.377, 41.288, 42.669, 43.178, 43.813, 45.078, 45.834, 47.14, 48.453, 50.752, 54.04, 55.095, 55.533, 57.118, 60.005, 63.881, 66.745, 67.079, 66.594, 66.576, 65.77, 64.735, 64.34, 63.88, 64.374, 64.634, 63.778, 61.937, 61.492, 62.859, 63.914, 65.297, 65.48, 65.801, 66.463, 64.138, 61.483, 60.589, 61.676, 61.568, 62.514, 64.881, 65.999, 66.123, 65.895, 65.568, 65.83, 66.182, 67.402, 69.277, 72.758, 74.637, 74.277, 75.279, 76.384], [45.313, 42.196, 41.044, 40.644, 40.391, 39.974, 34.176, 26.498, 24.116, 23.576, 20.425, 13.894, 8.852, 4.924, 0.0, 4.271, 11.669, 19.031, 22.786, 24.348, 25.411, 27.143, 28.829, 31.1, 36.191, 39.968, 40.806, 41.207, 40.849, 40.535, 40.797, 40.837, 41.518, 42.771, 43.167, 43.628, 44.818, 45.681, 47.248, 48.776, 51.098, 54.34, 55.431, 55.864, 57.362, 60.199, 64.009, 66.808, 67.16, 66.682, 66.616, 65.807, 64.762, 64.349, 63.915, 64.417, 64.656, 63.78, 61.844, 61.216, 62.467, 63.54, 64.991, 65.225, 65.512, 66.136, 63.802, 61.172, 60.312, 61.459, 61.421, 62.375, 64.593, 65.566, 65.667, 65.445, 65.096, 65.324, 65.686, 66.988, 68.993, 72.615, 74.553, 74.181, 75.163, 76.293], [46.523, 43.284, 42.001, 41.607, 41.365, 41.186, 35.403, 27.46, 25.255, 24.608, 21.215, 14.78, 9.923, 6.618, 4.271, 0.0, 9.037, 17.56, 21.682, 23.391, 24.553, 26.347, 28.139, 30.608, 35.851, 39.774, 40.724, 41.21, 40.933, 40.611, 40.925, 41.109, 41.876, 43.188, 43.572, 44.047, 45.331, 46.044, 47.397, 48.845, 51.254, 54.619, 55.725, 56.179, 57.712, 60.544, 64.357, 67.152, 67.493, 67.041, 66.981, 66.171, 65.124, 64.709, 64.247, 64.694, 64.935, 64.046, 62.133, 61.561, 62.811, 63.816, 65.172, 65.373, 65.674, 66.288, 63.905, 61.249, 60.484, 61.725, 61.634, 62.647, 64.929, 65.918, 66.03, 65.79, 65.394, 65.574, 65.897, 67.162, 69.157, 72.779, 74.687, 74.294, 75.322, 76.46], [47.962, 44.323, 42.749, 42.334, 42.141, 42.496, 37.372, 29.803, 27.723, 26.675, 23.197, 17.463, 13.277, 11.328, 11.669, 9.037, 0.0, 10.493, 16.485, 19.005, 20.762, 22.72, 24.465, 27.258, 32.843, 36.916, 37.874, 38.413, 38.335, 38.082, 38.498, 39.22, 40.556, 42.185, 42.699, 43.389, 44.909, 45.463, 46.402, 47.517, 49.907, 53.391, 54.538, 55.123, 56.829, 59.733, 63.617, 66.529, 66.896, 66.46, 66.483, 65.677, 64.631, 64.245, 63.729, 64.038, 64.24, 63.331, 61.495, 61.166, 62.635, 63.689, 64.955, 65.1, 65.405, 65.875, 63.263, 60.478, 59.817, 61.14, 60.912, 61.95, 64.469, 65.619, 65.757, 65.503, 65.09, 65.256, 65.651, 66.967, 68.898, 72.434, 74.281, 73.849, 74.956, 76.141], [49.028, 45.383, 43.772, 43.374, 43.213, 43.708, 39.642, 33.506, 31.399, 30.157, 27.386, 23.09, 20.083, 18.78, 19.031, 17.56, 10.493, 0.0, 8.503, 12.812, 15.596, 18.024, 19.649, 22.486, 28.285, 32.7, 33.811, 34.022, 33.725, 33.568, 33.999, 35.077, 37.108, 39.265, 40.029, 40.993, 42.67, 43.063, 43.833, 44.919, 47.204, 50.503, 51.679, 52.469, 54.324, 57.278, 61.136, 64.077, 64.528, 64.155, 64.231, 63.518, 62.555, 62.193, 61.709, 62.041, 62.248, 61.485, 59.939, 59.854, 61.492, 62.753, 64.16, 64.455, 64.874, 65.282, 62.441, 59.312, 58.5, 59.759, 59.517, 60.602, 63.298, 64.493, 64.59, 64.341, 63.927, 64.121, 64.778, 66.373, 68.367, 71.839, 73.67, 73.203, 74.32, 75.609], [50.534, 46.678, 44.981, 44.635, 44.586, 45.014, 41.144, 35.489, 33.212, 32.13, 30.119, 26.806, 24.269, 22.813, 22.786, 21.682, 16.485, 8.503, 0.0, 5.809, 9.987, 13.156, 14.938, 17.526, 23.244, 27.937, 29.402, 29.731, 29.507, 29.45, 30.001, 31.253, 33.62, 36.187, 37.154, 38.389, 40.315, 40.614, 40.825, 41.686, 43.898, 47.078, 48.322, 49.158, 50.927, 53.878, 57.746, 60.723, 61.224, 60.916, 60.976, 60.331, 59.547, 59.306, 58.865, 59.137, 59.366, 58.781, 57.657, 57.952, 59.676, 60.952, 62.278, 62.645, 63.184, 63.628, 60.898, 57.709, 56.787, 57.882, 57.633, 58.71, 61.662, 63.097, 63.251, 63.049, 62.612, 62.823, 63.788, 65.644, 67.783, 71.387, 73.273, 72.78, 73.914, 75.259], [51.865, 47.82, 46.038, 45.73, 45.755, 46.119, 42.137, 36.359, 33.959, 33.107, 31.385, 28.366, 25.958, 24.404, 24.348, 23.391, 19.005, 12.812, 5.809, 0.0, 5.604, 9.737, 11.808, 14.298, 20.062, 24.84, 26.454, 27.218, 27.519, 27.592, 28.265, 29.809, 32.434, 35.168, 36.142, 37.472, 39.584, 39.804, 39.395, 39.818, 41.909, 45.139, 46.453, 47.214, 48.894, 51.911, 55.848, 58.878, 59.394, 59.091, 59.112, 58.455, 57.78, 57.717, 57.329, 57.449, 57.637, 57.129, 56.228, 56.843, 58.701, 59.87, 60.964, 61.278, 61.854, 62.208, 59.518, 56.468, 55.751, 56.88, 56.523, 57.583, 60.775, 62.495, 62.782, 62.633, 62.154, 62.349, 63.445, 65.394, 67.612, 71.298, 73.197, 72.688, 73.851, 75.166], [52.77, 48.627, 46.821, 46.531, 46.53, 46.955, 42.976, 36.974, 34.639, 33.995, 32.268, 29.33, 26.967, 25.422, 25.411, 24.553, 20.762, 15.596, 9.987, 5.604, 0.0, 5.477, 8.788, 11.711, 18.007, 23.166, 24.879, 25.856, 26.688, 26.907, 27.677, 29.608, 32.632, 35.562, 36.546, 37.884, 40.051, 40.083, 39.258, 39.431, 41.494, 44.792, 46.072, 46.743, 48.422, 51.472, 55.405, 58.454, 58.99, 58.69, 58.681, 58.033, 57.38, 57.398, 57.079, 57.145, 57.312, 56.873, 56.104, 56.871, 58.789, 59.84, 60.76, 61.072, 61.686, 61.964, 59.233, 56.202, 55.62, 56.825, 56.377, 57.445, 60.766, 62.587, 62.942, 62.834, 62.311, 62.454, 63.557, 65.513, 67.737, 71.382, 73.245, 72.727, 73.898, 75.162], [54.033, 49.727, 47.886, 47.649, 47.658, 48.224, 44.347, 38.25, 36.046, 35.536, 33.779, 30.846, 28.428, 26.979, 27.143, 26.347, 22.72, 18.024, 13.156, 9.737, 5.477, 0.0, 4.736, 9.02, 16.2, 21.679, 23.356, 24.451, 25.472, 25.742, 26.657, 28.869, 32.191, 35.281, 36.316, 37.772, 39.994, 39.886, 38.868, 38.918, 40.997, 44.385, 45.66, 46.286, 48.003, 51.134, 55.13, 58.231, 58.777, 58.491, 58.495, 57.864, 57.215, 57.241, 56.94, 57.062, 57.307, 56.937, 56.249, 57.118, 59.093, 60.075, 60.91, 61.193, 61.811, 62.084, 59.325, 56.291, 55.775, 56.989, 56.468, 57.6, 61.032, 62.893, 63.271, 63.179, 62.643, 62.772, 63.796, 65.66, 67.794, 71.329, 73.158, 72.638, 73.811, 75.047], [54.784, 50.349, 48.511, 48.302, 48.331, 48.999, 45.332, 39.457, 37.358, 36.878, 35.175, 32.299, 29.818, 28.473, 28.829, 28.139, 24.465, 19.649, 14.938, 11.808, 8.788, 4.736, 0.0, 5.807, 13.97, 19.748, 21.519, 22.708, 23.741, 23.992, 24.918, 27.468, 31.264, 34.598, 35.765, 37.449, 39.722, 39.507, 38.349, 38.234, 40.264, 43.669, 44.957, 45.592, 47.343, 50.56, 54.647, 57.794, 58.342, 58.087, 58.114, 57.491, 56.892, 56.945, 56.629, 56.861, 57.291, 57.115, 56.614, 57.653, 59.716, 60.713, 61.538, 61.785, 62.437, 62.753, 59.971, 56.881, 56.347, 57.488, 56.896, 58.093, 61.629, 63.528, 63.908, 63.809, 63.264, 63.388, 64.371, 66.139, 68.12, 71.484, 73.277, 72.767, 73.929, 75.152], [55.304, 50.74, 48.899, 48.672, 48.677, 49.449, 46.099, 40.571, 38.633, 38.231, 36.682, 34.088, 31.817, 30.631, 31.1, 30.608, 27.258, 22.486, 17.526, 14.298, 11.711, 9.02, 5.807, 0.0, 9.049, 15.654, 17.891, 19.148, 20.56, 20.969, 21.906, 25.208, 29.819, 33.496, 34.769, 36.606, 38.921, 38.426, 36.707, 36.232, 38.108, 41.453, 42.665, 43.282, 45.105, 48.332, 52.384, 55.57, 56.157, 55.945, 55.983, 55.429, 54.951, 55.078, 54.787, 55.036, 55.629, 55.873, 55.912, 57.337, 59.506, 60.469, 61.167, 61.375, 62.097, 62.439, 59.679, 56.588, 56.059, 57.034, 56.303, 57.588, 61.401, 63.475, 63.914, 63.848, 63.303, 63.403, 64.413, 66.188, 68.157, 71.453, 73.212, 72.679, 73.859, 75.082], [57.661, 52.943, 51.1, 50.83, 50.778, 51.67, 48.851, 43.898, 42.231, 41.994, 40.703, 38.497, 36.527, 35.582, 36.191, 35.851, 32.843, 28.285, 23.244, 20.062, 18.007, 16.2, 13.97, 9.049, 0.0, 7.8, 11.22, 12.941, 15.815, 16.845, 17.838, 22.632, 28.544, 32.671, 34.045, 35.97, 38.375, 37.552, 34.856, 33.717, 35.192, 38.286, 39.319, 39.889, 41.805, 45.004, 48.937, 52.181, 52.858, 52.692, 52.728, 52.311, 52.136, 52.466, 52.277, 52.429, 52.992, 53.698, 54.743, 57.028, 59.414, 60.294, 60.702, 60.811, 61.634, 61.898, 59.138, 56.142, 55.793, 56.515, 55.517, 56.831, 61.098, 63.541, 64.1, 64.119, 63.6, 63.744, 64.982, 66.914, 69.009, 72.322, 74.034, 73.441, 74.636, 75.877], [59.801, 54.847, 52.987, 52.713, 52.646, 53.57, 51.086, 46.612, 45.152, 45.045, 43.869, 41.741, 39.88, 39.155, 39.968, 39.774, 36.916, 32.7, 27.937, 24.84, 23.166, 21.679, 19.748, 15.654, 7.8, 0.0, 4.921, 8.412, 12.985, 14.535, 15.716, 21.606, 28.179, 32.434, 33.939, 35.991, 38.412, 37.597, 34.57, 32.936, 33.868, 36.55, 37.376, 37.907, 39.879, 43.115, 47.08, 50.38, 51.09, 50.907, 50.934, 50.524, 50.605, 51.139, 51.014, 51.052, 51.403, 52.175, 53.835, 56.924, 59.638, 60.474, 60.695, 60.688, 61.52, 61.683, 58.928, 56.15, 56.106, 56.667, 55.467, 56.67, 61.191, 63.983, 64.634, 64.703, 64.25, 64.469, 65.827, 67.794, 69.909, 73.239, 74.931, 74.327, 75.5, 76.724], [60.328, 55.318, 53.458, 53.214, 53.163, 54.026, 51.618, 47.324, 45.931, 45.828, 44.551, 42.293, 40.469, 39.884, 40.806, 40.724, 37.874, 33.811, 29.402, 26.454, 24.879, 23.356, 21.519, 17.891, 11.22, 4.921, 0.0, 5.7, 11.776, 13.648, 15.033, 21.272, 27.854, 32.045, 33.603, 35.654, 38.074, 37.503, 34.763, 33.094, 33.708, 36.156, 36.895, 37.43, 39.493, 42.796, 46.826, 50.175, 50.884, 50.628, 50.667, 50.265, 50.388, 50.988, 50.892, 50.925, 51.168, 51.847, 53.495, 56.767, 59.74, 60.648, 60.822, 60.764, 61.53, 61.591, 58.847, 56.267, 56.386, 56.936, 55.682, 56.74, 61.186, 64.056, 64.747, 64.836, 64.419, 64.684, 66.062, 68.011, 70.079, 73.371, 75.046, 74.458, 75.639, 76.834], [59.937, 55.111, 53.328, 53.068, 52.958, 53.723, 51.522, 47.51, 46.09, 45.938, 44.683, 42.473, 40.827, 40.377, 41.207, 41.21, 38.413, 34.022, 29.731, 27.218, 25.856, 24.451, 22.708, 19.148, 12.941, 8.412, 5.7, 0.0, 7.991, 10.803, 11.874, 18.691, 25.879, 30.311, 31.934, 33.895, 36.258, 35.807, 33.498, 32.203, 32.728, 34.947, 35.642, 36.31, 38.475, 41.676, 45.55, 48.866, 49.658, 49.385, 49.393, 49.092, 49.287, 49.833, 49.801, 50.042, 50.299, 51.05, 52.765, 55.958, 58.992, 60.233, 60.708, 60.768, 61.605, 61.708, 58.902, 56.196, 56.229, 56.773, 55.606, 56.68, 60.997, 63.73, 64.375, 64.467, 64.088, 64.395, 65.851, 67.899, 70.018, 73.31, 74.983, 74.381, 75.536, 76.766], [59.21, 54.622, 53.017, 52.8, 52.688, 53.311, 51.094, 47.275, 45.811, 45.585, 44.426, 42.195, 40.551, 40.164, 40.849, 40.933, 38.335, 33.725, 29.507, 27.519, 26.688, 25.472, 23.741, 20.56, 15.815, 12.985, 11.776, 7.991, 0.0, 3.999, 6.476, 13.528, 20.948, 25.59, 27.294, 29.388, 31.545, 30.717, 28.99, 28.506, 29.246, 31.385, 32.104, 32.986, 35.214, 38.36, 42.308, 45.639, 46.471, 46.219, 46.277, 46.101, 46.267, 46.612, 46.501, 47.094, 47.541, 48.334, 50.053, 53.147, 56.103, 57.655, 58.609, 58.737, 59.657, 60.164, 57.52, 54.786, 54.885, 55.503, 54.433, 55.887, 60.259, 62.877, 63.485, 63.55, 63.185, 63.421, 64.598, 66.515, 68.592, 71.872, 73.549, 72.937, 74.038, 75.262], [58.724, 54.184, 52.692, 52.559, 52.5, 53.11, 50.815, 47.013, 45.574, 45.314, 44.152, 41.904, 40.246, 39.874, 40.535, 40.611, 38.082, 33.568, 29.45, 27.592, 26.907, 25.742, 23.992, 20.969, 16.845, 14.535, 13.648, 10.803, 3.999, 0.0, 5.381, 12.582, 19.63, 24.137, 25.809, 27.962, 29.996, 28.978, 27.515, 27.335, 28.165, 30.279, 30.994, 31.923, 34.111, 37.212, 41.219, 44.542, 45.33, 45.088, 45.202, 45.048, 45.142, 45.413, 45.222, 45.911, 46.512, 47.309, 48.957, 52.004, 54.924, 56.45, 57.439, 57.544, 58.412, 58.989, 56.432, 53.791, 53.982, 54.636, 53.555, 55.143, 59.537, 62.136, 62.752, 62.804, 62.424, 62.581, 63.53, 65.284, 67.248, 70.481, 72.163, 71.558, 72.647, 73.844], [59.062, 54.609, 53.186, 53.062, 52.979, 53.52, 51.328, 47.694, 46.185, 45.909, 44.757, 42.33, 40.52, 40.154, 40.797, 40.925, 38.498, 33.999, 30.001, 28.265, 27.677, 26.657, 24.918, 21.906, 17.838, 15.716, 15.033, 11.874, 6.476, 5.381, 0.0, 9.162, 17.779, 22.826, 24.638, 26.836, 28.995, 28.21, 26.981, 26.96, 27.788, 29.879, 30.684, 31.652, 33.889, 37.146, 41.268, 44.616, 45.42, 45.15, 45.251, 45.122, 45.25, 45.51, 45.358, 46.117, 46.69, 47.474, 49.083, 52.066, 55.047, 56.759, 57.864, 58.025, 59.103, 59.862, 57.33, 54.65, 54.781, 55.397, 54.34, 55.835, 60.122, 62.669, 63.257, 63.304, 62.981, 63.254, 64.303, 66.081, 68.006, 71.182, 72.863, 72.278, 73.318, 74.532], [59.752, 55.698, 54.464, 54.339, 54.273, 54.473, 52.1, 48.658, 46.912, 46.592, 45.613, 42.95, 40.862, 40.377, 40.837, 41.109, 39.22, 35.077, 31.253, 29.809, 29.608, 28.869, 27.468, 25.208, 22.632, 21.606, 21.272, 18.691, 13.528, 12.582, 9.162, 0.0, 10.222, 16.385, 18.61, 21.025, 23.388, 22.915, 22.519, 23.543, 24.647, 26.813, 28.011, 29.068, 31.204, 34.737, 39.304, 42.812, 43.603, 43.263, 43.42, 43.35, 43.371, 43.499, 43.338, 44.317, 44.85, 45.386, 46.543, 49.085, 52.006, 54.155, 55.78, 56.039, 57.453, 59.134, 57.288, 54.858, 54.932, 55.581, 54.684, 56.278, 60.494, 63.016, 63.617, 63.649, 63.376, 63.814, 64.883, 66.629, 68.636, 71.924, 73.678, 73.147, 74.099, 75.305], [60.51, 56.915, 55.929, 55.863, 55.875, 55.761, 53.156, 49.932, 48.078, 47.678, 46.821, 44.043, 41.876, 41.288, 41.518, 41.876, 40.556, 37.108, 33.62, 32.434, 32.632, 32.191, 31.264, 29.819, 28.544, 28.179, 27.854, 25.879, 20.948, 19.63, 17.779, 10.222, 0.0, 7.026, 10.145, 13.046, 15.692, 16.635, 18.744, 21.424, 22.608, 24.476, 25.97, 27.058, 28.814, 32.38, 37.33, 40.944, 41.569, 41.091, 41.378, 41.333, 41.246, 41.3, 41.125, 42.271, 42.748, 42.868, 43.379, 45.349, 48.037, 50.414, 52.387, 52.647, 54.051, 56.466, 55.802, 54.297, 54.556, 55.245, 54.509, 56.087, 60.075, 62.585, 63.256, 63.275, 63.054, 63.652, 64.672, 66.302, 68.408, 71.939, 73.833, 73.359, 74.245, 75.417], [61.342, 58.017, 57.196, 57.185, 57.241, 56.993, 54.378, 51.349, 49.49, 49.05, 48.217, 45.379, 43.249, 42.669, 42.771, 43.188, 42.185, 39.265, 36.187, 35.168, 35.562, 35.281, 34.598, 33.496, 32.671, 32.434, 32.045, 30.311, 25.59, 24.137, 22.826, 16.385, 7.026, 0.0, 4.312, 7.997, 10.718, 13.429, 18.121, 21.854, 22.829, 24.243, 25.835, 26.918, 28.412, 31.908, 36.931, 40.498, 40.978, 40.382, 40.746, 40.712, 40.599, 40.666, 40.509, 41.698, 42.096, 41.969, 42.178, 43.915, 46.434, 48.82, 50.853, 51.039, 52.271, 54.752, 54.728, 54.133, 54.809, 55.563, 54.893, 56.445, 60.198, 62.64, 63.372, 63.399, 63.243, 63.922, 64.824, 66.331, 68.466, 72.099, 74.061, 73.61, 74.448, 75.59], [61.692, 58.579, 57.812, 57.844, 57.901, 57.6, 54.972, 51.854, 49.942, 49.496, 48.628, 45.789, 43.756, 43.178, 43.167, 43.572, 42.699, 40.029, 37.154, 36.142, 36.546, 36.316, 35.765, 34.769, 34.045, 33.939, 33.603, 31.934, 27.294, 25.809, 24.638, 18.61, 10.145, 4.312, 0.0, 4.605, 8.095, 11.38, 17.055, 21.289, 22.186, 23.621, 25.418, 26.511, 27.989, 31.533, 36.512, 40.013, 40.462, 39.802, 40.137, 40.134, 39.981, 40.075, 39.937, 41.044, 41.402, 41.234, 41.355, 43.033, 45.542, 47.925, 49.945, 50.089, 51.263, 53.625, 53.617, 53.393, 54.491, 55.432, 54.735, 56.357, 60.064, 62.451, 63.241, 63.301, 63.139, 63.757, 64.539, 66.022, 68.205, 71.837, 73.768, 73.301, 74.161, 75.295], [61.764, 59.087, 58.507, 58.569, 58.613, 58.163, 55.509, 52.363, 50.391, 49.937, 49.006, 46.191, 44.365, 43.813, 43.628, 44.047, 43.389, 40.993, 38.389, 37.472, 37.884, 37.772, 37.449, 36.606, 35.97, 35.991, 35.654, 33.895, 29.388, 27.962, 26.836, 21.025, 13.046, 7.997, 4.605, 0.0, 5.096, 10.377, 17.368, 22.088, 22.851, 24.182, 26.045, 27.115, 28.545, 31.937, 36.658, 40.007, 40.45, 39.692, 39.912, 39.906, 39.7, 39.789, 39.721, 40.822, 41.079, 40.799, 40.72, 42.132, 44.549, 47.027, 49.143, 49.304, 50.449, 52.794, 52.866, 52.829, 54.081, 55.18, 54.537, 56.135, 59.69, 61.976, 62.8, 62.894, 62.737, 63.377, 64.193, 65.731, 68.016, 71.71, 73.651, 73.177, 74.046, 75.202], [61.772, 59.384, 59.067, 59.165, 59.216, 58.673, 56.096, 53.23, 51.343, 50.919, 50.045, 47.281, 45.553, 45.078, 44.818, 45.331, 44.909, 42.67, 40.315, 39.584, 40.051, 39.994, 39.722, 38.921, 38.375, 38.412, 38.074, 36.258, 31.545, 29.996, 28.995, 23.388, 15.692, 10.718, 8.095, 5.096, 0.0, 8.49, 17.837, 23.283, 23.988, 24.839, 26.492, 27.525, 28.83, 31.969, 36.515, 39.723, 40.171, 39.432, 39.684, 39.651, 39.353, 39.333, 39.284, 40.686, 41.043, 40.773, 40.674, 41.905, 44.124, 46.612, 48.804, 48.894, 49.971, 52.354, 52.526, 52.682, 53.891, 54.897, 54.434, 56.266, 59.766, 61.94, 62.736, 62.821, 62.702, 63.328, 63.977, 65.374, 67.578, 71.197, 73.146, 72.695, 73.487, 74.635], [62.463, 59.841, 59.46, 59.597, 59.618, 59.32, 56.787, 53.635, 51.924, 51.578, 50.65, 48.027, 46.282, 45.834, 45.681, 46.044, 45.463, 43.063, 40.614, 39.804, 40.083, 39.886, 39.507, 38.426, 37.552, 37.597, 37.503, 35.807, 30.717, 28.978, 28.21, 22.915, 16.635, 13.429, 11.38, 10.377, 8.49, 0.0, 11.241, 17.774, 19.058, 20.5, 22.157, 23.259, 24.918, 28.26, 33.107, 36.499, 37.035, 36.486, 36.886, 36.959, 36.49, 36.348, 36.114, 37.591, 38.293, 38.48, 39.075, 40.912, 43.249, 45.477, 47.381, 47.284, 48.623, 51.254, 51.149, 51.232, 52.875, 53.97, 53.29, 55.932, 60.201, 62.583, 63.426, 63.511, 63.278, 63.581, 63.713, 64.791, 66.843, 70.204, 71.92, 71.392, 72.247, 73.321], [64.486, 61.312, 60.614, 60.737, 60.784, 60.801, 58.184, 54.474, 52.853, 52.695, 51.796, 49.468, 47.713, 47.14, 47.248, 47.397, 46.402, 43.833, 40.825, 39.395, 39.258, 38.868, 38.349, 36.707, 34.856, 34.57, 34.763, 33.498, 28.99, 27.515, 26.981, 22.519, 18.744, 18.121, 17.055, 17.368, 17.837, 11.241, 0.0, 7.304, 10.055, 14.14, 16.254, 17.201, 19.483, 23.51, 28.924, 32.806, 33.494, 33.158, 33.594, 33.712, 33.318, 33.385, 33.028, 33.985, 34.832, 35.624, 37.343, 40.32, 43.035, 44.819, 46.045, 45.797, 47.519, 50.339, 50.085, 50.042, 52.1, 53.283, 52.152, 55.229, 60.565, 63.564, 64.575, 64.69, 64.306, 64.364, 64.37, 65.382, 67.501, 70.85, 72.393, 71.756, 72.758, 73.772], [66.084, 62.528, 61.631, 61.748, 61.825, 62.047, 59.409, 55.451, 53.929, 53.875, 52.954, 50.781, 49.069, 48.453, 48.776, 48.845, 47.517, 44.919, 41.686, 39.818, 39.431, 38.918, 38.234, 36.232, 33.717, 32.936, 33.094, 32.203, 28.506, 27.335, 26.96, 23.543, 21.424, 21.854, 21.289, 22.088, 23.283, 17.774, 7.304, 0.0, 5.557, 12.362, 14.54, 15.153, 17.805, 22.208, 27.815, 31.903, 32.607, 32.33, 32.726, 32.757, 32.531, 32.855, 32.509, 33.058, 33.911, 35.024, 37.351, 41.096, 44.16, 45.607, 46.272, 45.889, 47.68, 50.363, 50.028, 50.003, 52.303, 53.478, 52.038, 55.077, 60.942, 64.411, 65.564, 65.697, 65.24, 65.211, 65.22, 66.19, 68.309, 71.667, 73.143, 72.469, 73.557, 74.53], [66.757, 63.209, 62.358, 62.499, 62.605, 62.767, 60.484, 57.08, 55.57, 55.516, 54.723, 52.725, 51.245, 50.752, 51.098, 51.254, 49.907, 47.204, 43.898, 41.909, 41.494, 40.997, 40.264, 38.108, 35.192, 33.868, 33.708, 32.728, 29.246, 28.165, 27.788, 24.647, 22.608, 22.829, 22.186, 22.851, 23.988, 19.058, 10.055, 5.557, 0.0, 7.563, 10.312, 11.003, 13.803, 18.734, 24.604, 28.817, 29.562, 29.177, 29.501, 29.564, 29.543, 30.121, 29.915, 30.352, 31.132, 32.495, 35.355, 39.689, 43.039, 44.45, 44.936, 44.538, 46.364, 48.92, 48.69, 48.943, 51.564, 52.747, 51.16, 54.057, 59.969, 63.622, 64.905, 65.114, 64.666, 64.705, 64.935, 66.06, 68.294, 71.723, 73.2, 72.504, 73.605, 74.596], [67.038, 63.596, 62.873, 63.042, 63.193, 63.226, 61.445, 59.074, 57.71, 57.626, 57.162, 55.541, 54.375, 54.04, 54.34, 54.619, 53.391, 50.503, 47.078, 45.139, 44.792, 44.385, 43.669, 41.453, 38.286, 36.55, 36.156, 34.947, 31.385, 30.279, 29.879, 26.813, 24.476, 24.243, 23.621, 24.182, 24.839, 20.5, 14.14, 12.362, 7.563, 0.0, 4.494, 6.277, 8.782, 13.978, 20.078, 24.389, 25.256, 24.897, 25.302, 25.533, 25.838, 26.601, 26.594, 27.166, 27.906, 29.584, 33.188, 38.043, 41.478, 42.957, 43.395, 43.043, 44.891, 47.291, 47.218, 47.721, 50.485, 51.515, 49.908, 52.745, 58.549, 62.208, 63.538, 63.843, 63.475, 63.613, 64.118, 65.456, 67.821, 71.334, 72.826, 72.087, 73.131, 74.159], [66.882, 63.374, 62.649, 62.826, 62.965, 63.046, 61.433, 59.359, 58.299, 58.284, 57.815, 56.341, 55.334, 55.095, 55.431, 55.725, 54.538, 51.679, 48.322, 46.453, 46.072, 45.66, 44.957, 42.665, 39.319, 37.376, 36.895, 35.642, 32.104, 30.994, 30.684, 28.011, 25.97, 25.835, 25.418, 26.045, 26.492, 22.157, 16.254, 14.54, 10.312, 4.494, 0.0, 3.528, 7.574, 12.507, 18.421, 22.729, 23.627, 23.381, 23.885, 24.139, 24.558, 25.237, 25.249, 25.946, 26.72, 28.612, 32.677, 37.883, 41.375, 42.76, 43.015, 42.599, 44.434, 46.731, 46.623, 47.138, 49.929, 50.825, 49.139, 52.027, 57.927, 61.634, 62.947, 63.273, 62.994, 63.144, 63.638, 64.956, 67.33, 70.865, 72.33, 71.539, 72.569, 73.609], [67.318, 63.807, 63.113, 63.303, 63.457, 63.55, 61.876, 59.699, 58.663, 58.799, 58.372, 56.882, 55.834, 55.533, 55.864, 56.179, 55.123, 52.469, 49.158, 47.214, 46.743, 46.286, 45.592, 43.282, 39.889, 37.907, 37.43, 36.31, 32.986, 31.923, 31.652, 29.068, 27.058, 26.918, 26.511, 27.115, 27.525, 23.259, 17.201, 15.153, 11.003, 6.277, 3.528, 0.0, 5.757, 11.563, 17.812, 22.259, 23.149, 22.872, 23.334, 23.529, 23.877, 24.584, 24.593, 25.273, 26.164, 28.18, 32.353, 37.7, 41.228, 42.459, 42.523, 42.018, 43.895, 46.285, 46.29, 46.906, 49.778, 50.668, 48.919, 51.848, 57.827, 61.608, 62.979, 63.317, 63.047, 63.232, 63.721, 65.006, 67.397, 70.95, 72.415, 71.631, 72.668, 73.688], [68.085, 64.673, 64.074, 64.293, 64.502, 64.513, 62.815, 60.774, 59.615, 59.81, 59.731, 58.538, 57.543, 57.118, 57.362, 57.712, 56.829, 54.324, 50.927, 48.894, 48.422, 48.003, 47.343, 45.105, 41.805, 39.879, 39.493, 38.475, 35.214, 34.111, 33.889, 31.204, 28.814, 28.412, 27.989, 28.545, 28.83, 24.918, 19.483, 17.805, 13.803, 8.782, 7.574, 5.757, 0.0, 7.294, 14.684, 19.477, 20.436, 20.149, 20.633, 20.868, 21.321, 22.223, 22.328, 22.98, 24.072, 26.296, 30.663, 36.109, 39.559, 40.732, 40.75, 40.266, 42.198, 44.711, 45.065, 45.875, 48.771, 49.641, 47.926, 50.86, 56.805, 60.654, 62.122, 62.546, 62.257, 62.506, 63.301, 64.753, 67.194, 70.819, 72.319, 71.534, 72.539, 73.537], [68.592, 65.304, 64.815, 65.092, 65.354, 65.343, 63.768, 62.06, 60.98, 61.158, 61.384, 60.845, 60.357, 60.005, 60.199, 60.544, 59.733, 57.278, 53.878, 51.911, 51.472, 51.134, 50.56, 48.332, 45.004, 43.115, 42.796, 41.676, 38.36, 37.212, 37.146, 34.737, 32.38, 31.908, 31.533, 31.937, 31.969, 28.26, 23.51, 22.208, 18.734, 13.978, 12.507, 11.563, 7.294, 0.0, 8.229, 13.62, 14.901, 14.867, 15.768, 16.479, 17.176, 18.226, 18.533, 19.455, 20.925, 23.762, 28.881, 34.481, 37.778, 38.948, 38.852, 38.375, 40.324, 42.88, 43.591, 44.535, 47.314, 48.037, 46.296, 49.347, 55.404, 59.371, 60.897, 61.366, 61.092, 61.35, 62.307, 63.899, 66.419, 70.125, 71.623, 70.805, 71.787, 72.771], [69.615, 66.529, 66.151, 66.511, 66.804, 66.755, 65.467, 64.2, 63.236, 63.387, 63.811, 63.876, 64.024, 63.881, 64.009, 64.357, 63.617, 61.136, 57.746, 55.848, 55.405, 55.13, 54.647, 52.384, 48.937, 47.08, 46.826, 45.55, 42.308, 41.219, 41.268, 39.304, 37.33, 36.931, 36.512, 36.658, 36.515, 33.107, 28.924, 27.815, 24.604, 20.078, 18.421, 17.812, 14.684, 8.229, 0.0, 6.216, 8.581, 9.342, 10.723, 12.414, 13.672, 14.909, 15.796, 17.16, 18.944, 22.629, 28.654, 34.3, 37.343, 38.46, 38.188, 37.818, 39.741, 42.027, 42.857, 43.811, 46.43, 46.966, 45.115, 48.216, 54.39, 58.464, 60.042, 60.538, 60.272, 60.565, 61.63, 63.351, 66.108, 69.978, 71.463, 70.575, 71.55, 72.564], [70.967, 68.056, 67.754, 68.177, 68.475, 68.347, 67.249, 66.277, 65.372, 65.521, 66.023, 66.306, 66.74, 66.745, 66.808, 67.152, 66.529, 64.077, 60.723, 58.878, 58.454, 58.231, 57.794, 55.57, 52.181, 50.38, 50.175, 48.866, 45.639, 44.542, 44.616, 42.812, 40.944, 40.498, 40.013, 40.007, 39.723, 36.499, 32.806, 31.903, 28.817, 24.389, 22.729, 22.259, 19.477, 13.62, 6.216, 0.0, 3.929, 6.072, 7.674, 10.154, 12.026, 13.365, 14.862, 16.7, 18.55, 22.578, 28.902, 34.469, 37.284, 38.302, 38.0, 37.807, 39.71, 41.799, 42.719, 43.734, 46.294, 46.745, 44.869, 47.95, 54.081, 58.19, 59.789, 60.294, 60.011, 60.341, 61.533, 63.34, 66.262, 70.279, 71.759, 70.817, 71.776, 72.823], [71.343, 68.449, 68.17, 68.63, 68.945, 68.79, 67.664, 66.689, 65.794, 65.947, 66.411, 66.645, 67.061, 67.079, 67.16, 67.493, 66.896, 64.528, 61.224, 59.394, 58.99, 58.777, 58.342, 56.157, 52.858, 51.09, 50.884, 49.658, 46.471, 45.33, 45.42, 43.603, 41.569, 40.978, 40.462, 40.45, 40.171, 37.035, 33.494, 32.607, 29.562, 25.256, 23.627, 23.149, 20.436, 14.901, 8.581, 3.929, 0.0, 3.387, 5.983, 8.805, 10.814, 12.233, 13.774, 15.767, 17.785, 21.871, 28.257, 33.924, 36.736, 37.646, 37.283, 37.078, 39.008, 41.266, 42.448, 43.696, 46.346, 46.814, 44.861, 47.85, 53.977, 58.151, 59.766, 60.245, 59.925, 60.27, 61.436, 63.173, 66.065, 70.097, 71.587, 70.671, 71.654, 72.694], [71.255, 68.421, 68.162, 68.628, 68.935, 68.687, 67.503, 66.478, 65.538, 65.694, 66.088, 66.218, 66.59, 66.594, 66.682, 67.041, 66.46, 64.155, 60.916, 59.091, 58.69, 58.491, 58.087, 55.945, 52.692, 50.907, 50.628, 49.385, 46.219, 45.088, 45.15, 43.263, 41.091, 40.382, 39.802, 39.692, 39.432, 36.486, 33.158, 32.33, 29.177, 24.897, 23.381, 22.872, 20.149, 14.867, 9.342, 6.072, 3.387, 0.0, 4.088, 7.588, 9.65, 11.252, 12.864, 14.742, 16.621, 20.629, 26.977, 32.743, 35.696, 36.644, 36.333, 36.176, 38.137, 40.477, 41.814, 43.298, 46.085, 46.639, 44.717, 47.516, 53.499, 57.708, 59.375, 59.859, 59.511, 59.896, 61.118, 62.883, 65.777, 69.835, 71.366, 70.516, 71.541, 72.578], [71.217, 68.428, 68.135, 68.574, 68.84, 68.526, 67.367, 66.34, 65.373, 65.579, 66.004, 66.162, 66.573, 66.576, 66.616, 66.981, 66.483, 64.231, 60.976, 59.112, 58.681, 58.495, 58.114, 55.983, 52.728, 50.934, 50.667, 49.393, 46.277, 45.202, 45.251, 43.42, 41.378, 40.746, 40.137, 39.912, 39.684, 36.886, 33.594, 32.726, 29.501, 25.302, 23.885, 23.334, 20.633, 15.768, 10.723, 7.674, 5.983, 4.088, 0.0, 4.731, 7.853, 9.828, 11.91, 13.818, 15.51, 19.632, 26.103, 31.989, 34.981, 36.0, 35.894, 35.947, 37.919, 40.103, 41.241, 42.556, 45.371, 46.078, 44.303, 47.016, 52.888, 57.077, 58.792, 59.315, 58.946, 59.373, 60.781, 62.678, 65.682, 69.837, 71.428, 70.579, 71.665, 72.808], [70.346, 67.55, 67.231, 67.677, 67.944, 67.619, 66.457, 65.433, 64.474, 64.725, 65.192, 65.375, 65.785, 65.77, 65.807, 66.171, 65.677, 63.518, 60.331, 58.455, 58.033, 57.864, 57.491, 55.429, 52.311, 50.524, 50.265, 49.092, 46.101, 45.048, 45.122, 43.35, 41.333, 40.712, 40.134, 39.906, 39.651, 36.959, 33.712, 32.757, 29.564, 25.533, 24.139, 23.529, 20.868, 16.479, 12.414, 10.154, 8.805, 7.588, 4.731, 0.0, 4.754, 7.42, 9.801, 11.944, 13.463, 17.565, 24.025, 30.013, 33.038, 34.091, 34.224, 34.371, 36.312, 38.48, 39.444, 40.605, 43.413, 44.222, 42.599, 45.349, 51.278, 55.53, 57.292, 57.83, 57.528, 58.018, 59.459, 61.341, 64.403, 68.707, 70.417, 69.555, 70.643, 71.974], [69.18, 66.486, 66.242, 66.733, 67.033, 66.696, 65.443, 64.342, 63.383, 63.639, 64.11, 64.328, 64.763, 64.735, 64.762, 65.124, 64.631, 62.555, 59.547, 57.78, 57.38, 57.215, 56.892, 54.951, 52.136, 50.605, 50.388, 49.287, 46.267, 45.142, 45.25, 43.371, 41.246, 40.599, 39.981, 39.7, 39.353, 36.49, 33.318, 32.531, 29.543, 25.838, 24.558, 23.877, 21.321, 17.176, 13.672, 12.026, 10.814, 9.65, 7.853, 4.754, 0.0, 3.676, 6.248, 9.002, 11.218, 15.368, 21.414, 27.122, 30.147, 31.207, 31.413, 31.546, 33.58, 36.117, 37.166, 38.343, 41.206, 42.093, 40.46, 43.479, 49.536, 53.819, 55.658, 56.201, 55.865, 56.32, 57.518, 59.231, 62.267, 66.61, 68.384, 67.565, 68.689, 70.062], [68.438, 65.811, 65.625, 66.139, 66.44, 66.112, 64.871, 63.81, 62.901, 63.152, 63.645, 63.899, 64.355, 64.34, 64.349, 64.709, 64.245, 62.193, 59.306, 57.717, 57.398, 57.241, 56.945, 55.078, 52.466, 51.139, 50.988, 49.833, 46.612, 45.413, 45.51, 43.499, 41.3, 40.666, 40.075, 39.789, 39.333, 36.348, 33.385, 32.855, 30.121, 26.601, 25.237, 24.584, 22.223, 18.226, 14.909, 13.365, 12.233, 11.252, 9.828, 7.42, 3.676, 0.0, 3.868, 8.291, 11.131, 15.153, 20.771, 26.095, 28.939, 30.01, 30.353, 30.523, 32.609, 35.455, 36.539, 37.512, 40.23, 41.084, 39.447, 42.628, 48.727, 52.962, 54.783, 55.301, 54.952, 55.4, 56.492, 58.106, 61.138, 65.507, 67.278, 66.437, 67.573, 68.974], [68.326, 65.641, 65.447, 65.982, 66.335, 66.077, 64.737, 63.532, 62.643, 62.907, 63.368, 63.575, 63.949, 63.88, 63.915, 64.247, 63.729, 61.709, 58.865, 57.329, 57.079, 56.94, 56.629, 54.787, 52.277, 51.014, 50.892, 49.801, 46.501, 45.222, 45.358, 43.338, 41.125, 40.509, 39.937, 39.721, 39.284, 36.114, 33.028, 32.509, 29.915, 26.594, 25.249, 24.593, 22.328, 18.533, 15.796, 14.862, 13.774, 12.864, 11.91, 9.801, 6.248, 3.868, 0.0, 6.249, 10.315, 14.42, 20.041, 25.516, 28.446, 29.468, 29.737, 29.731, 31.899, 35.095, 36.272, 37.263, 40.066, 40.908, 39.179, 42.527, 48.746, 52.991, 54.792, 55.298, 54.927, 55.289, 56.147, 57.534, 60.368, 64.636, 66.402, 65.579, 66.741, 68.132], [69.548, 66.755, 66.423, 66.938, 67.337, 67.138, 65.679, 64.24, 63.318, 63.604, 64.047, 64.236, 64.547, 64.374, 64.417, 64.694, 64.038, 62.041, 59.137, 57.449, 57.145, 57.062, 56.861, 55.036, 52.429, 51.052, 50.925, 50.042, 47.094, 45.911, 46.117, 44.317, 42.271, 41.698, 41.044, 40.822, 40.686, 37.591, 33.985, 33.058, 30.352, 27.166, 25.946, 25.273, 22.98, 19.455, 17.16, 16.7, 15.767, 14.742, 13.818, 11.944, 9.002, 8.291, 6.249, 0.0, 5.837, 11.041, 17.717, 24.229, 27.556, 28.425, 28.312, 28.231, 30.496, 33.572, 34.794, 36.241, 39.724, 40.729, 38.742, 42.0, 48.373, 52.841, 54.757, 55.348, 55.014, 55.357, 56.361, 57.848, 60.752, 65.165, 66.964, 66.13, 67.361, 68.701], [69.977, 67.187, 66.776, 67.252, 67.649, 67.372, 65.921, 64.552, 63.621, 63.905, 64.34, 64.486, 64.804, 64.634, 64.656, 64.935, 64.24, 62.248, 59.366, 57.637, 57.312, 57.307, 57.291, 55.629, 52.992, 51.403, 51.168, 50.299, 47.541, 46.512, 46.69, 44.85, 42.748, 42.096, 41.402, 41.079, 41.043, 38.293, 34.832, 33.911, 31.132, 27.906, 26.72, 26.164, 24.072, 20.925, 18.944, 18.55, 17.785, 16.621, 15.51, 13.463, 11.218, 11.131, 10.315, 5.837, 0.0, 6.567, 14.77, 22.223, 25.882, 26.888, 26.992, 27.201, 29.466, 32.315, 33.496, 35.199, 39.026, 40.176, 38.279, 41.193, 47.434, 52.039, 54.015, 54.631, 54.431, 54.991, 56.304, 58.036, 61.205, 65.962, 67.898, 67.047, 68.216, 69.624], [69.401, 66.661, 66.256, 66.734, 67.178, 66.825, 65.229, 63.845, 62.898, 63.18, 63.607, 63.684, 63.974, 63.778, 63.78, 64.046, 63.331, 61.485, 58.781, 57.129, 56.873, 56.937, 57.115, 55.873, 53.698, 52.175, 51.847, 51.05, 48.334, 47.309, 47.474, 45.386, 42.868, 41.969, 41.234, 40.799, 40.773, 38.48, 35.624, 35.024, 32.495, 29.584, 28.612, 28.18, 26.296, 23.762, 22.629, 22.578, 21.871, 20.629, 19.632, 17.565, 15.368, 15.153, 14.42, 11.041, 6.567, 0.0, 9.403, 17.897, 22.06, 23.334, 23.825, 24.293, 26.56, 29.662, 31.269, 33.404, 37.514, 38.941, 37.301, 39.936, 45.875, 50.51, 52.512, 53.124, 52.999, 53.756, 55.179, 56.914, 60.131, 65.127, 67.222, 66.44, 67.555, 68.984], [67.71, 65.259, 64.926, 65.441, 65.932, 65.414, 63.588, 62.114, 61.071, 61.336, 61.778, 61.821, 62.158, 61.937, 61.844, 62.133, 61.495, 59.939, 57.657, 56.228, 56.104, 56.249, 56.614, 55.912, 54.743, 53.835, 53.495, 52.765, 50.053, 48.957, 49.083, 46.543, 43.379, 42.178, 41.355, 40.72, 40.674, 39.075, 37.343, 37.351, 35.355, 33.188, 32.677, 32.353, 30.663, 28.881, 28.654, 28.902, 28.257, 26.977, 26.103, 24.025, 21.414, 20.771, 20.041, 17.717, 14.77, 9.403, 0.0, 9.636, 15.012, 17.13, 19.05, 20.192, 22.371, 26.313, 28.603, 30.903, 34.908, 36.814, 35.678, 37.994, 43.243, 47.708, 49.743, 50.339, 50.298, 51.274, 52.775, 54.502, 57.762, 63.045, 65.357, 64.681, 65.767, 67.237], [66.237, 64.391, 64.231, 64.782, 65.307, 64.549, 62.574, 61.186, 60.014, 60.244, 60.889, 61.174, 61.727, 61.492, 61.216, 61.561, 61.166, 59.854, 57.952, 56.843, 56.871, 57.