[[0.0, 3.293, 6.743, 11.125, 14.39, 15.877, 17.302, 18.859, 20.153, 20.794, 20.528, 20.007, 20.348, 21.543, 23.827, 25.28, 25.702, 25.565, 31.301, 34.832, 35.63, 37.391, 35.391, 34.882, 35.133, 36.23, 38.003, 39.175, 40.968, 45.888, 51.302, 54.365, 55.577, 55.704, 53.571, 52.191, 52.9, 52.573, 53.138, 54.523, 56.379, 59.337, 62.315, 65.007, 67.358, 68.206, 68.26, 67.467, 67.536, 67.571, 66.76, 66.596, 66.745, 67.498, 67.447, 67.17, 68.842, 70.694, 71.592, 72.29, 72.658, 71.863, 69.966, 68.971, 68.37, 67.441, 66.978, 67.454, 69.648, 69.798, 70.849, 74.013, 73.538, 70.639, 67.662, 66.979, 66.287, 64.404, 65.688, 66.943, 67.747, 70.693, 72.323, 72.66, 72.972, 72.626], [3.293, 0.0, 4.541, 9.831, 13.529, 15.114, 16.494, 17.994, 19.318, 20.172, 20.113, 19.768, 20.154, 21.293, 23.575, 24.986, 25.357, 25.243, 31.096, 34.711, 35.473, 37.289, 35.337, 34.751, 34.928, 35.975, 37.701, 38.826, 40.559, 45.396, 50.79, 53.898, 55.163, 55.263, 53.153, 51.78, 52.356, 52.056, 52.67, 54.075, 55.965, 58.997, 62.036, 64.737, 67.077, 67.914, 67.99, 67.227, 67.292, 67.312, 66.502, 66.33, 66.483, 67.275, 67.251, 66.955, 68.597, 70.456, 71.363, 72.039, 72.396, 71.608, 69.757, 68.838, 68.26, 67.334, 66.874, 67.333, 69.5, 69.688, 70.753, 73.846, 73.317, 70.4, 67.397, 66.649, 65.91, 64.011, 65.277, 66.528, 67.315, 70.242, 71.886, 72.23, 72.547, 72.232], [6.743, 4.541, 0.0, 6.126, 10.641, 12.47, 13.865, 15.432, 17.075, 18.261, 18.359, 18.236, 18.747, 19.958, 22.242, 23.52, 23.826, 24.122, 30.525, 34.232, 35.029, 36.989, 35.116, 34.618, 34.875, 35.91, 37.544, 38.521, 40.097, 44.85, 50.171, 53.126, 54.297, 54.327, 52.087, 50.676, 51.646, 51.794, 52.492, 53.907, 55.874, 59.008, 62.053, 64.721, 67.052, 67.882, 67.974, 67.232, 67.301, 67.294, 66.497, 66.326, 66.433, 67.214, 67.221, 66.905, 68.529, 70.397, 71.307, 71.971, 72.313, 71.537, 69.707, 68.772, 68.176, 67.262, 66.78, 67.205, 69.399, 69.667, 70.716, 73.767, 73.205, 70.264, 67.247, 66.503, 65.78, 63.874, 65.133, 66.394, 67.208, 70.124, 71.772, 72.137, 72.451, 72.156], [11.125, 9.831, 6.126, 0.0, 5.368, 7.76, 9.401, 11.39, 13.745, 15.375, 15.695, 15.779, 16.275, 17.573, 19.876, 20.931, 21.206, 22.15, 29.201, 32.905, 33.803, 36.088, 34.499, 34.418, 35.056, 36.272, 37.879, 38.591, 39.704, 44.153, 49.356, 52.173, 53.277, 53.237, 50.834, 49.391, 50.857, 51.634, 52.547, 53.996, 56.026, 59.198, 62.235, 64.922, 67.265, 68.099, 68.185, 67.388, 67.427, 67.39, 66.604, 66.415, 66.398, 67.094, 67.144, 66.846, 68.428, 70.257, 71.146, 71.787, 72.104, 71.343, 69.553, 68.614, 68.001, 67.093, 66.566, 66.968, 69.199, 69.436, 70.389, 73.441, 72.877, 69.921, 66.933, 66.287, 65.617, 63.578, 64.751, 66.03, 66.889, 69.799, 71.423, 71.82, 72.135, 71.839], [14.39, 13.529, 10.641, 5.368, 0.0, 3.215, 5.848, 8.571, 11.544, 13.601, 14.408, 14.686, 14.942, 16.135, 18.449, 19.34, 19.576, 20.887, 28.381, 32.089, 33.029, 35.633, 34.458, 34.882, 35.932, 37.422, 39.112, 39.556, 40.137, 44.199, 49.332, 52.183, 53.289, 53.256, 50.807, 49.338, 50.835, 51.847, 52.967, 54.466, 56.487, 59.613, 62.64, 65.337, 67.642, 68.469, 68.551, 67.672, 67.635, 67.559, 66.763, 66.523, 66.377, 66.978, 67.097, 66.871, 68.42, 70.208, 71.072, 71.676, 71.963, 71.221, 69.437, 68.473, 67.839, 66.915, 66.364, 66.766, 68.98, 69.135, 70.002, 73.039, 72.502, 69.597, 66.757, 66.372, 65.82, 63.654, 64.767, 66.042, 66.862, 69.719, 71.322, 71.743, 72.076, 71.773], [15.877, 15.114, 12.47, 7.76, 3.215, 0.0, 3.582, 7.095, 10.687, 13.199, 14.332, 14.7, 14.88, 16.084, 18.427, 19.296, 19.526, 20.966, 28.683, 32.416, 33.394, 36.12, 35.091, 35.702, 36.88, 38.524, 40.27, 40.606, 40.992, 44.878, 49.98, 52.87, 53.97, 53.94, 51.507, 50.0, 51.442, 52.487, 53.651, 55.152, 57.128, 60.176, 63.136, 65.782, 68.036, 68.851, 68.937, 68.083, 68.036, 67.919, 67.117, 66.862, 66.684, 67.267, 67.423, 67.229, 68.77, 70.558, 71.406, 71.957, 72.218, 71.48, 69.689, 68.742, 68.133, 67.225, 66.68, 67.084, 69.277, 69.421, 70.245, 73.233, 72.703, 69.854, 67.145, 66.948, 66.473, 64.312, 65.445, 66.699, 67.454, 70.204, 71.784, 72.229, 72.572, 72.271], [17.302, 16.494, 13.865, 9.401, 5.848, 3.582, 0.0, 4.43, 9.206, 12.623, 14.17, 14.624, 14.811, 16.0, 18.255, 19.069, 19.283, 20.911, 28.839, 32.595, 33.595, 36.409, 35.447, 36.095, 37.274, 38.998, 40.824, 41.138, 41.443, 45.239, 50.245, 52.961, 54.038, 54.05, 51.655, 50.141, 51.575, 52.813, 54.079, 55.61, 57.649, 60.801, 63.783, 66.369, 68.585, 69.4, 69.494, 68.733, 68.756, 68.609, 67.807, 67.556, 67.397, 68.012, 68.193, 67.962, 69.443, 71.222, 72.079, 72.589, 72.826, 72.093, 70.356, 69.511, 68.943, 68.071, 67.536, 67.927, 70.065, 70.19, 70.931, 73.811, 73.23, 70.386, 67.661, 67.393, 66.86, 64.663, 65.762, 67.004, 67.729, 70.389, 71.953, 72.41, 72.747, 72.445], [18.859, 17.994, 15.432, 11.39, 8.571, 7.095, 4.43, 0.0, 5.821, 10.617, 12.982, 13.716, 13.908, 14.802, 16.829, 17.609, 17.797, 19.801, 28.177, 32.031, 32.902, 35.828, 35.057, 35.78, 37.018, 38.79, 40.707, 40.959, 41.102, 44.691, 49.524, 52.092, 53.257, 53.335, 50.915, 49.364, 50.734, 52.196, 53.604, 55.192, 57.358, 60.773, 63.948, 66.528, 68.703, 69.516, 69.624, 68.913, 68.961, 68.796, 68.002, 67.741, 67.582, 68.211, 68.433, 68.181, 69.576, 71.336, 72.212, 72.715, 72.944, 72.216, 70.528, 69.771, 69.219, 68.362, 67.842, 68.23, 70.304, 70.423, 71.131, 73.917, 73.252, 70.399, 67.657, 67.311, 66.701, 64.453, 65.53, 66.754, 67.408, 70.005, 71.597, 72.055, 72.384, 72.093], [20.153, 19.318, 17.075, 13.745, 11.544, 10.687, 9.206, 5.821, 0.0, 6.237, 10.026, 11.366, 11.704, 12.135, 14.126, 14.864, 14.95, 17.246, 26.312, 30.592, 31.318, 34.327, 33.801, 34.569, 35.933, 37.753, 39.789, 40.007, 39.966, 43.301, 47.985, 50.598, 52.021, 52.195, 49.757, 48.181, 49.351, 50.926, 52.466, 54.081, 56.258, 59.883, 63.437, 66.167, 68.336, 69.137, 69.241, 68.498, 68.501, 68.332, 67.553, 67.281, 67.116, 67.726, 67.966, 67.729, 69.043, 70.764, 71.649, 72.179, 72.428, 71.715, 70.097, 69.44, 68.91, 68.051, 67.562, 67.964, 69.96, 70.056, 70.819, 73.535, 72.785, 69.925, 67.227, 66.912, 66.297, 64.085, 65.192, 66.388, 66.956, 69.542, 71.186, 71.628, 71.947, 71.675], [20.794, 20.172, 18.261, 15.375, 13.601, 13.199, 12.623, 10.617, 6.237, 0.0, 5.044, 7.159, 7.798, 8.104, 10.846, 11.758, 11.864, 14.03, 23.496, 28.189, 28.949, 31.895, 31.376, 32.175, 33.67, 35.496, 37.504, 37.72, 37.714, 41.197, 46.033, 48.899, 50.585, 50.914, 48.484, 46.926, 48.088, 49.561, 51.098, 52.727, 54.87, 58.525, 62.391, 65.441, 67.741, 68.555, 68.621, 67.735, 67.645, 67.502, 66.721, 66.444, 66.268, 66.856, 67.081, 66.907, 68.262, 69.966, 70.858, 71.466, 71.775, 71.071, 69.454, 68.784, 68.244, 67.366, 66.887, 67.304, 69.348, 69.413, 70.238, 73.059, 72.348, 69.485, 66.838, 66.599, 66.033, 63.897, 65.04, 66.236, 66.836, 69.544, 71.207, 71.608, 71.918, 71.65], [20.528, 20.113, 18.359, 15.695, 14.408, 14.332, 14.17, 12.982, 10.026, 5.044, 0.0, 3.037, 4.76, 6.423, 10.011, 11.17, 11.584, 13.494, 22.779, 27.352, 28.134, 30.814, 29.834, 30.497, 31.989, 33.706, 35.535, 35.802, 36.238, 40.475, 45.701, 48.622, 50.286, 50.675, 48.184, 46.599, 47.985, 49.263, 50.681, 52.36, 54.617, 58.343, 62.277, 65.507, 67.992, 68.861, 68.888, 67.896, 67.757, 67.658, 66.874, 66.612, 66.445, 67.048, 67.258, 67.125, 68.606, 70.34, 71.228, 71.897, 72.251, 71.536, 69.85, 69.053, 68.457, 67.564, 67.075, 67.505, 69.711, 69.817, 70.693, 73.714, 73.088, 70.195, 67.505, 67.201, 66.575, 64.425, 65.514, 66.712, 67.43, 70.263, 71.904, 72.275, 72.57, 72.293], [20.007, 19.768, 18.236, 15.779, 14.686, 14.7, 14.624, 13.716, 11.366, 7.159, 3.037, 0.0, 2.765, 5.923, 9.759, 11.098, 11.715, 13.378, 22.362, 26.754, 27.512, 30.005, 28.789, 29.438, 30.948, 32.655, 34.463, 34.826, 35.599, 40.292, 45.742, 48.659, 50.243, 50.657, 48.192, 46.661, 48.1, 49.155, 50.466, 52.183, 54.504, 58.249, 62.164, 65.424, 67.992, 68.928, 68.942, 67.896, 67.754, 67.69, 66.894, 66.624, 66.467, 67.059, 67.255, 67.162, 68.708, 70.469, 71.39, 72.111, 72.48, 71.751, 70.005, 69.124, 68.492, 67.59, 67.104, 67.55, 69.817, 69.913, 70.838, 73.999, 73.45, 70.57, 67.844, 67.477, 66.801, 64.641, 65.714, 66.92, 67.686, 70.59, 72.255, 72.624, 72.925, 72.636], [20.348, 20.154, 18.747, 16.275, 14.942, 14.88, 14.811, 13.908, 11.704, 7.798, 4.76, 2.765, 0.0, 4.433, 8.784, 10.249, 10.946, 12.529, 21.492, 25.834, 26.581, 29.129, 28.071, 28.973, 30.674, 32.45, 34.221, 34.422, 35.006, 39.61, 45.099, 48.086, 49.674, 50.132, 47.703, 46.228, 47.614, 48.564, 49.871, 51.616, 53.954, 57.684, 61.593, 64.869, 67.444, 68.415, 68.459, 67.379, 67.214, 67.15, 66.341, 66.045, 65.859, 66.414, 66.634, 66.606, 68.156, 69.906, 70.847, 71.59, 71.958, 71.227, 69.448, 68.53, 67.877, 66.962, 66.479, 66.938, 69.202, 69.25, 70.192, 73.425, 72.921, 70.067, 67.362, 67.032, 66.378, 64.204, 65.292, 66.509, 67.267, 70.21, 71.913, 72.294, 72.608, 72.321], [21.543, 21.293, 19.958, 17.573, 16.135, 16.084, 16.0, 14.802, 12.135, 8.104, 6.423, 5.923, 4.433, 0.0, 5.39, 7.488, 8.224, 9.834, 19.1, 23.672, 24.479, 27.307, 26.651, 27.755, 29.588, 31.452, 33.262, 33.299, 33.434, 37.59, 42.897, 45.908, 47.605, 48.106, 45.752, 44.36, 45.665, 46.793, 48.259, 50.035, 52.363, 56.16, 60.185, 63.485, 66.036, 66.997, 67.067, 66.114, 66.062, 65.983, 65.159, 64.863, 64.725, 65.3, 65.499, 65.437, 66.906, 68.617, 69.56, 70.306, 70.68, 69.948, 68.19, 67.32, 66.667, 65.741, 65.266, 65.721, 67.898, 67.879, 68.764, 71.908, 71.344, 68.494, 65.815, 65.54, 64.951, 62.833, 64.02, 65.239, 65.912, 68.841, 70.589, 70.98, 71.307, 71.035], [23.827, 23.575, 22.242, 19.876, 18.449, 18.427, 18.255, 16.829, 14.126, 10.846, 10.011, 9.759, 8.784, 5.39, 0.0, 3.439, 4.868, 7.084, 16.924, 21.635, 22.613, 25.773, 25.387, 26.659, 28.766, 30.727, 32.593, 32.643, 32.649, 36.586, 41.639, 44.283, 45.773, 46.15, 43.727, 42.337, 43.81, 45.355, 47.021, 48.885, 51.321, 55.336, 59.488, 62.74, 65.252, 66.236, 66.314, 65.539, 65.745, 65.7, 64.882, 64.597, 64.509, 65.104, 65.27, 65.148, 66.555, 68.258, 69.254, 70.038, 70.412, 69.683, 67.951, 67.114, 66.444, 65.508, 65.025, 65.462, 67.587, 67.512, 68.232, 71.266, 70.632, 67.765, 65.046, 64.694, 64.098, 62.033, 63.322, 64.561, 65.196, 68.081, 69.89, 70.311, 70.646, 70.39], [25.28, 24.986, 23.52, 20.931, 19.34, 19.296, 19.069, 17.609, 14.864, 11.758, 11.17, 11.098, 10.249, 7.488, 3.439, 0.0, 2.298, 6.535, 17.129, 22.0, 23.046, 26.32, 26.046, 27.402, 29.641, 31.588, 33.415, 33.411, 33.281, 37.07, 41.967, 44.364, 45.682, 45.966, 43.495, 42.085, 43.698, 45.555, 47.344, 49.215, 51.659, 55.711, 59.897, 63.123, 65.601, 66.577, 66.682, 65.948, 66.199, 66.162, 65.359, 65.084, 64.998, 65.599, 65.777, 65.646, 67.022, 68.705, 69.711, 70.506, 70.867, 70.148, 68.471, 67.68, 67.014, 66.083, 65.599, 66.025, 68.117, 68.023, 68.679, 71.637, 70.97, 68.101, 65.359, 64.949, 64.339, 62.251, 63.517, 64.777, 65.442, 68.307, 70.105, 70.53, 70.858, 70.605], [25.702, 25.357, 23.826, 21.206, 19.576, 19.526, 19.283, 17.797, 14.95, 11.864, 11.584, 11.715, 10.946, 8.224, 4.868, 2.298, 0.0, 6.136, 17.334, 22.369, 23.387, 26.676, 26.488, 27.858, 30.069, 31.992, 33.833, 33.798, 33.543, 37.19, 42.011, 44.386, 45.73, 46.028, 43.611, 42.233, 43.812, 45.751, 47.569, 49.423, 51.832, 55.867, 60.068, 63.292, 65.757, 66.723, 66.847, 66.151, 66.407, 66.356, 65.548, 65.274, 65.197, 65.814, 66.007, 65.871, 67.22, 68.895, 69.909, 70.705, 71.063, 70.352, 68.713, 67.963, 67.307, 66.376, 65.891, 66.308, 68.357, 68.254, 68.883, 71.776, 71.103, 68.259, 65.525, 65.115, 64.526, 62.43, 63.67, 64.924, 65.556, 68.382, 70.185, 70.62, 70.952, 70.7], [25.565, 25.243, 24.122, 22.15, 20.887, 20.966, 20.911, 19.801, 17.246, 14.03, 13.494, 13.378, 12.529, 9.834, 7.084, 6.535, 6.136, 0.0, 12.614, 18.416, 19.534, 23.071, 22.954, 24.568, 27.101, 29.184, 31.258, 31.318, 31.045, 34.778, 39.761, 42.347, 43.934, 44.472, 42.272, 41.008, 42.325, 44.112, 46.02, 47.899, 50.265, 54.301, 58.596, 61.907, 64.405, 65.386, 65.514, 64.81, 65.104, 65.078, 64.242, 63.954, 63.901, 64.536, 64.717, 64.573, 65.929, 67.612, 68.652, 69.484, 69.87, 69.179, 67.549, 66.824, 66.187, 65.262, 64.798, 65.189, 67.156, 67.013, 67.687, 70.593, 69.943, 67.129, 64.397, 64.025, 63.551, 61.588, 62.904, 64.166, 64.779, 67.646, 69.491, 69.927, 70.28, 70.03], [31.301, 31.096, 30.525, 29.201, 28.381, 28.683, 28.839, 28.177, 26.312, 23.496, 22.779, 22.362, 21.492, 19.1, 16.924, 17.129, 17.334, 12.614, 0.0, 7.191, 9.352, 13.926, 15.422, 18.932, 22.952, 25.101, 27.251, 27.414, 26.935, 30.222, 35.147, 38.017, 39.932, 40.948, 39.181, 38.259, 39.281, 40.977, 43.168, 45.106, 47.473, 51.523, 55.884, 59.309, 61.9, 62.956, 63.082, 62.283, 62.674, 62.752, 61.903, 61.571, 61.503, 62.066, 62.212, 62.07, 63.336, 64.889, 65.982, 66.961, 67.39, 66.789, 65.26, 64.578, 63.959, 63.044, 62.645, 62.995, 64.76, 64.443, 65.172, 68.057, 67.361, 64.497, 61.652, 61.263, 60.967, 59.384, 60.902, 62.132, 62.847, 65.93, 67.88, 68.293, 68.656, 68.456], [34.832, 34.711, 34.232, 32.905, 32.089, 32.416, 32.595, 32.031, 30.592, 28.189, 27.352, 26.754, 25.834, 23.672, 21.635, 22.0, 22.369, 18.416, 7.191, 0.0, 5.609, 11.298, 13.992, 18.676, 23.218, 25.119, 26.893, 26.975, 26.414, 29.467, 34.351, 37.315, 39.27, 40.478, 38.885, 38.062, 39.138, 40.757, 42.881, 44.805, 47.274, 51.328, 55.555, 58.983, 61.638, 62.745, 62.857, 61.982, 62.4, 62.559, 61.736, 61.363, 61.213, 61.729, 61.91, 61.79, 63.035, 64.54, 65.671, 66.725, 67.155, 66.597, 65.113, 64.416, 63.798, 62.899, 62.527, 62.878, 64.63, 64.297, 65.04, 67.931, 67.244, 64.337, 61.34, 60.831, 60.551, 59.044, 60.537, 61.716, 62.475, 65.629, 67.597, 68.003, 68.367, 68.196], [35.63, 35.473, 35.029, 33.803, 33.029, 33.394, 33.595, 32.902, 31.318, 28.949, 28.134, 27.512, 26.581, 24.479, 22.613, 23.046, 23.387, 19.534, 9.352, 5.609, 0.0, 6.937, 10.884, 16.478, 21.583, 23.583, 25.286, 25.216, 24.683, 27.837, 32.866, 36.178, 38.51, 39.832, 38.224, 37.403, 38.288, 39.797, 41.983, 43.982, 46.54, 50.777, 55.15, 58.595, 61.268, 62.403, 62.513, 61.521, 61.867, 62.028, 61.167, 60.761, 60.589, 61.09, 61.378, 61.369, 62.627, 64.124, 65.255, 66.326, 66.763, 66.198, 64.691, 63.994, 63.397, 62.5, 62.139, 62.485, 64.232, 63.958, 64.864, 67.863, 67.192, 64.289, 61.334, 60.83, 60.515, 59.051, 60.54, 61.666, 62.392, 65.591, 67.557, 67.959, 68.356, 68.207], [37.391, 37.289, 36.989, 36.088, 35.633, 36.12, 36.409, 35.828, 34.327, 31.895, 30.814, 30.005, 29.129, 27.307, 25.773, 26.32, 26.676, 23.071, 13.926, 11.298, 6.937, 0.0, 6.72, 13.719, 19.431, 21.454, 22.932, 22.914, 23.168, 27.217, 32.521, 36.01, 38.473, 39.912, 38.44, 37.792, 38.611, 39.672, 41.66, 43.691, 46.292, 50.591, 55.077, 58.632, 61.444, 62.666, 62.763, 61.673, 62.002, 62.207, 61.314, 60.921, 60.791, 61.252, 61.584, 61.762, 63.118, 64.609, 65.758, 66.91, 67.384, 66.816, 65.238, 64.416, 63.771, 62.871, 62.534, 62.886, 64.668, 64.458, 65.607, 68.848, 68.293, 65.458, 62.654, 62.215, 61.842, 60.487, 61.997, 63.078, 63.859, 67.16, 69.115, 69.507, 69.924, 69.787], [35.391, 35.337, 35.116, 34.499, 34.458, 35.091, 35.447, 35.057, 33.801, 31.376, 29.834, 28.789, 28.071, 26.651, 25.387, 26.046, 26.488, 22.954, 15.422, 13.992, 10.884, 6.72, 0.0, 8.092, 14.841, 17.371, 19.157, 19.607, 21.17, 27.082, 33.168, 36.482, 38.712, 40.042, 38.437, 37.68, 38.841, 39.721, 41.446, 43.522, 46.297, 50.732, 55.207, 58.825, 61.786, 63.046, 63.141, 62.085, 62.436, 62.684, 61.812, 61.465, 61.395, 61.933, 62.202, 62.379, 64.014, 65.707, 66.886, 68.047, 68.543, 67.928, 66.199, 65.188, 64.474, 63.564, 63.211, 63.576, 65.566, 65.526, 66.734, 70.165, 69.733, 66.907, 64.064, 63.541, 63.073, 61.641, 63.084, 64.192, 65.097, 68.455, 70.374, 70.761, 71.17, 71.022], [34.882, 34.751, 34.618, 34.418, 34.882, 35.702, 36.095, 35.78, 34.569, 32.175, 30.497, 29.438, 28.973, 27.755, 26.659, 27.402, 27.858, 24.568, 18.932, 18.676, 16.478, 13.719, 8.092, 0.0, 8.074, 11.792, 14.768, 16.263, 19.313, 26.604, 32.971, 35.948, 38.182, 39.491, 37.951, 37.222, 38.393, 39.232, 40.83, 42.925, 45.794, 50.4, 55.01, 58.701, 61.727, 62.97, 63.059, 62.125, 62.579, 62.885, 62.046, 61.75, 61.796, 62.468, 62.614, 62.654, 64.452, 66.375, 67.656, 68.822, 69.332, 68.67, 66.883, 65.832, 65.096, 64.196, 63.85, 64.209, 66.257, 66.341, 67.57, 71.014, 70.606, 67.777, 64.823, 64.053, 63.414, 61.986, 63.425, 64.528, 65.456, 68.783, 70.675, 71.05, 71.453, 71.316], [35.133, 34.928, 34.875, 35.056, 35.932, 36.88, 37.274, 37.018, 35.933, 33.67, 31.989, 30.948, 30.674, 29.588, 28.766, 29.641, 30.069, 27.101, 22.952, 23.218, 21.583, 19.431, 14.841, 8.074, 0.0, 6.193, 11.384, 14.395, 18.862, 26.885, 33.155, 35.897, 38.34, 39.764, 38.521, 38.007, 39.066, 39.819, 41.272, 43.295, 46.032, 50.528, 55.142, 58.871, 61.931, 63.142, 63.196, 62.416, 63.005, 63.365, 62.534, 62.287, 62.496, 63.318, 63.31, 63.149, 64.95, 67.027, 68.461, 69.659, 70.181, 69.483, 67.692, 66.66, 65.924, 65.052, 64.729, 65.084, 67.09, 67.213, 68.473, 71.846, 71.436, 68.655, 65.643, 64.617, 63.787, 62.413, 63.869, 64.927, 65.761, 68.981, 70.863, 71.23, 71.63, 71.498], [36.23, 35.975, 35.91, 36.272, 37.422, 38.524, 38.998, 38.79, 37.753, 35.496, 33.706, 32.655, 32.45, 31.452, 30.727, 31.588, 31.992, 29.184, 25.101, 25.119, 23.583, 21.454, 17.371, 11.792, 6.193, 0.0, 6.534, 11.127, 17.085, 25.917, 32.381, 35.086, 37.465, 38.905, 37.769, 37.471, 38.722, 39.372, 40.781, 42.835, 45.626, 50.181, 54.821, 58.579, 61.736, 62.977, 63.022, 62.293, 62.972, 63.409, 62.581, 62.348, 62.65, 63.528, 63.464, 63.232, 65.007, 67.073, 68.585, 69.903, 70.454, 69.754, 67.974, 66.929, 66.183, 65.322, 65.01, 65.37, 67.377, 67.496, 68.83, 72.232, 71.818, 69.016, 65.859, 64.551, 63.582, 62.249, 63.631, 64.651, 65.54, 68.842, 70.76, 71.116, 71.5, 71.366], [38.003, 37.701, 37.544, 37.879, 39.112, 40.27, 40.824, 40.707, 39.789, 37.504, 35.535, 34.463, 34.221, 33.262, 32.593, 33.415, 33.833, 31.258, 27.251, 26.893, 25.286, 22.932, 19.157, 14.768, 11.384, 6.534, 0.0, 6.353, 14.564, 24.525, 31.29, 34.221, 36.534, 37.836, 36.773, 36.713, 38.248, 38.786, 40.131, 42.232, 45.112, 49.693, 54.328, 58.156, 61.429, 62.722, 62.77, 62.045, 62.761, 63.25, 62.421, 62.202, 62.537, 63.419, 63.363, 63.203, 64.982, 66.96, 68.437, 69.819, 70.413, 69.728, 67.966, 66.916, 66.164, 65.308, 64.999, 65.357, 67.412, 67.545, 68.963, 72.495, 72.113, 69.295, 66.073, 64.622, 63.565, 62.246, 63.569, 64.575, 65.531, 68.948, 70.869, 71.193, 71.562, 71.437], [39.175, 38.826, 38.521, 38.591, 39.556, 40.606, 41.138, 40.959, 40.007, 37.72, 35.802, 34.826, 34.422, 33.299, 32.643, 33.411, 33.798, 31.318, 27.414, 26.975, 25.216, 22.914, 19.607, 16.263, 14.395, 11.127, 6.353, 0.0, 9.708, 20.842, 28.081, 31.317, 33.783, 35.111, 34.043, 34.101, 35.759, 36.591, 38.255, 40.534, 43.603, 48.378, 53.161, 57.076, 60.385, 61.709, 61.815, 61.083, 61.756, 62.185, 61.344, 61.116, 61.38, 62.22, 62.26, 62.208, 63.964, 65.874, 67.318, 68.696, 69.313, 68.718, 67.066, 66.082, 65.338, 64.481, 64.177, 64.529, 66.596, 66.717, 68.089, 71.661, 71.283, 68.461, 65.285, 63.915, 62.889, 61.5, 62.807, 63.821, 64.753, 68.163, 70.089, 70.432, 70.797, 70.682], [40.968, 40.559, 40.097, 39.704, 40.137, 40.992, 41.443, 41.102, 39.966, 37.714, 36.238, 35.599, 35.006, 33.434, 32.649, 33.281, 33.543, 31.045, 26.935, 26.414, 24.683, 23.168, 21.17, 19.313, 18.862, 17.085, 14.564, 9.708, 0.0, 12.211, 20.543, 24.706, 27.802, 29.417, 28.556, 28.793, 30.352, 32.151, 34.513, 36.973, 40.215, 45.25, 50.33, 54.446, 57.724, 58.997, 59.151, 58.457, 59.14, 59.425, 58.547, 58.296, 58.411, 59.22, 59.408, 59.36, 60.965, 62.817, 64.316, 65.693, 66.275, 65.853, 64.632, 64.086, 63.511, 62.708, 62.434, 62.776, 64.696, 64.705, 65.855, 69.201, 68.759, 65.938, 62.756, 61.496, 60.686, 59.184, 60.409, 61.429, 62.279, 65.58, 67.511, 67.947, 68.353, 68.258], [45.888, 45.396, 44.85, 44.153, 44.199, 44.878, 45.239, 44.691, 43.301, 41.197, 40.475, 40.292, 39.61, 37.59, 36.586, 37.07, 37.19, 34.778, 30.222, 29.467, 27.837, 27.217, 27.082, 26.604, 26.885, 25.917, 24.525, 20.842, 12.211, 0.0, 9.798, 17.081, 22.057, 24.235, 24.328, 25.095, 25.897, 28.909, 31.869, 34.091, 36.888, 41.687, 46.937, 51.128, 54.118, 55.227, 55.374, 54.749, 55.538, 55.675, 54.76, 54.482, 54.509, 55.306, 55.596, 55.463, 56.683, 58.378, 59.961, 61.328, 61.86, 61.611, 61.032, 61.374, 61.283, 60.657, 60.468, 60.779, 62.291, 62.102, 63.02, 65.9, 65.306, 62.561, 59.465, 58.373, 57.975, 56.774, 58.206, 59.169, 59.717, 62.758, 64.719, 65.271, 65.752, 65.727], [51.302, 50.79, 50.171, 49.356, 49.332, 49.98, 50.245, 49.524, 47.985, 46.033, 45.701, 45.742, 45.099, 42.897, 41.639, 41.967, 42.011, 39.761, 35.147, 34.351, 32.866, 32.521, 33.168, 32.971, 33.155, 32.381, 31.29, 28.081, 20.543, 9.798, 0.0, 10.582, 17.702, 20.561, 21.999, 23.571, 24.106, 28.671, 32.096, 33.902, 36.049, 40.523, 45.814, 49.795, 52.41, 53.381, 53.515, 53.116, 54.155, 54.22, 53.346, 53.153, 53.249, 54.052, 54.251, 53.879, 54.618, 56.095, 57.707, 59.034, 59.535, 59.371, 59.279, 60.309, 60.597, 60.183, 60.088, 60.33, 61.385, 61.115, 61.947, 64.359, 63.558, 60.918, 57.901, 56.762, 56.594, 55.905, 57.7, 58.567, 58.732, 61.408, 63.41, 64.067, 64.585, 64.615], [54.365, 53.898, 53.126, 52.173, 52.183, 52.87, 52.961, 52.092, 50.598, 48.899, 48.622, 48.659, 48.086, 45.908, 44.283, 44.364, 44.386, 42.347, 38.017, 37.315, 36.178, 36.01, 36.482, 35.948, 35.897, 35.086, 34.221, 31.317, 24.706, 17.081, 10.582, 0.0, 9.095, 13.366, 16.148, 18.753, 20.725, 28.063, 32.319, 34.29, 36.917, 42.195, 47.666, 51.339, 53.865, 54.88, 55.078, 55.116, 56.523, 56.582, 55.802, 55.738, 55.894, 56.746, 56.882, 56.166, 56.646, 58.078, 59.736, 61.033, 61.457, 61.299, 61.401, 62.477, 62.637, 62.32, 62.273, 62.44, 63.271, 63.088, 63.854, 65.982, 64.982, 62.282, 58.933, 57.179, 56.775, 56.067, 57.754, 58.637, 58.872, 61.359, 63.342, 64.052, 64.537, 64.547], [55.577, 55.163, 54.297, 53.277, 53.289, 53.97, 54.038, 53.257, 52.021, 50.585, 50.286, 50.243, 49.674, 47.605, 45.773, 45.682, 45.73, 43.934, 39.932, 39.27, 38.51, 38.473, 38.712, 38.182, 38.34, 37.465, 36.534, 33.783, 27.802, 22.057, 17.702, 9.095, 0.0, 6.212, 10.819, 14.583, 18.745, 27.772, 32.479, 34.747, 37.974, 43.806, 49.181, 52.584, 55.103, 56.199, 56.474, 56.736, 58.341, 58.428, 57.668, 57.622, 57.794, 58.648, 58.76, 57.97, 58.481, 59.933, 61.612, 62.933, 63.305, 63.14, 63.211, 64.092, 64.082, 63.756, 63.733, 63.899, 64.754, 64.623, 65.319, 67.448, 66.417, 63.629, 60.0, 57.856, 57.271, 56.428, 57.995, 58.944, 59.412, 61.967, 63.942, 64.648, 65.106, 65.086], [55.704, 55.263, 54.327, 53.237, 53.256, 53.94, 54.05, 53.335, 52.195, 50.914, 50.675, 50.657, 50.132, 48.106, 46.15, 45.966, 46.028, 44.472, 40.948, 40.478, 39.832, 39.912, 40.042, 39.491, 39.764, 38.905, 37.836, 35.111, 29.417, 24.235, 20.561, 13.366, 6.212, 0.0, 6.626, 11.523, 17.288, 27.426, 32.425, 34.799, 38.15, 44.074, 49.348, 52.624, 55.106, 56.184, 56.47, 56.848, 58.578, 58.679, 57.922, 57.9, 58.116, 58.999, 59.064, 58.187, 58.691, 60.145, 61.824, 63.13, 63.493, 63.328, 63.42, 64.314, 64.279, 63.919, 63.881, 64.085, 65.0, 64.852, 65.45, 67.558, 66.41, 63.49, 59.712, 57.367, 56.612, 55.658, 57.19, 58.138, 58.694, 61.256, 63.2, 63.889, 64.317, 64.291], [53.571, 53.153, 52.087, 50.834, 50.807, 51.507, 51.655, 50.915, 49.757, 48.484, 48.184, 48.192, 47.703, 45.752, 43.727, 43.495, 43.611, 42.272, 39.181, 38.885, 38.224, 38.44, 38.437, 37.951, 38.521, 37.769, 36.773, 34.043, 28.556, 24.328, 21.999, 16.148, 10.819, 6.626, 0.0, 6.271, 15.583, 26.484, 31.577, 34.118, 37.8, 44.039, 49.345, 52.657, 55.208, 56.286, 56.576, 56.798, 58.402, 58.503, 57.754, 57.713, 57.821, 58.649, 58.776, 57.932, 58.593, 60.125, 61.761, 63.055, 63.446, 63.272, 63.172, 63.819, 63.687, 63.258, 63.139, 63.39, 64.632, 64.569, 65.115, 67.4, 66.165, 63.031, 59.21, 56.966, 56.12, 54.959, 56.467, 57.442, 58.184, 60.858, 62.726, 63.359, 63.739, 63.678], [52.191, 51.78, 50.676, 49.391, 49.338, 50.0, 50.141, 49.364, 48.181, 46.926, 46.599, 46.661, 46.228, 44.36, 42.337, 42.085, 42.233, 41.008, 38.259, 38.062, 37.403, 37.792, 37.68, 37.222, 38.007, 37.471, 36.713, 34.101, 28.793, 25.095, 23.571, 18.753, 14.583, 11.523, 6.271, 0.0, 13.038, 25.038, 30.336, 32.991, 36.931, 43.522, 48.934, 52.262, 54.815, 55.865, 56.202, 56.417, 57.948, 58.026, 57.309, 57.25, 57.285, 58.155, 58.372, 57.495, 58.213, 59.798, 61.365, 62.557, 62.911, 62.764, 62.712, 63.393, 63.266, 62.827, 62.698, 62.949, 64.378, 64.579, 65.163, 67.405, 66.003, 62.744, 58.98, 56.907, 56.098, 54.903, 56.418, 57.386, 58.136, 60.783, 62.626, 63.244, 63.606, 63.556], [52.9, 52.356, 51.646, 50.857, 50.835, 51.442, 51.575, 50.734, 49.351, 48.088, 47.985, 48.1, 47.614, 45.665, 43.81, 43.698, 43.812, 42.325, 39.281, 39.138, 38.288, 38.611, 38.841, 38.393, 39.066, 38.722, 38.248, 35.759, 30.352, 25.897, 24.106, 20.725, 18.745, 17.288, 15.583, 13.038, 0.0, 14.621, 22.203, 25.778, 30.37, 38.112, 44.589, 48.393, 51.045, 52.134, 52.492, 52.588, 54.009, 54.045, 53.249, 53.072, 53.204, 54.369, 54.821, 53.936, 54.373, 55.884, 57.55, 58.713, 59.102, 59.112, 59.556, 60.954, 61.027, 60.554, 60.497, 60.802, 61.937, 62.12, 63.027, 65.147, 63.521, 60.236, 56.617, 54.701, 53.814, 52.634, 54.375, 55.342, 55.869, 58.535, 60.513, 61.116, 61.562, 61.654], [52.573, 52.056, 51.794, 51.634, 51.847, 52.487, 52.813, 52.196, 50.926, 49.561, 49.263, 49.155, 48.564, 46.793, 45.355, 45.555, 45.751, 44.112, 40.977, 40.757, 39.797, 39.672, 39.721, 39.232, 39.819, 39.372, 38.786, 36.591, 32.151, 28.909, 28.671, 28.063, 27.772, 27.426, 26.484, 25.038, 14.621, 0.0, 10.044, 15.521, 21.934, 31.275, 38.907, 43.652, 46.956, 48.33, 48.634, 48.197, 49.185, 49.266, 48.316, 47.935, 48.088, 49.435, 50.18, 49.69, 50.373, 51.983, 53.81, 55.226, 55.822, 55.866, 56.124, 57.477, 57.49, 56.863, 56.786, 57.227, 58.51, 58.658, 60.217, 63.132, 61.913, 58.748, 55.451, 54.267, 53.653, 52.599, 54.586, 55.599, 56.146, 59.137, 61.167, 61.662, 62.229, 62.426], [53.138, 52.67, 52.492, 52.547, 52.967, 53.651, 54.079, 53.604, 52.466, 51.098, 50.681, 50.466, 49.871, 48.259, 47.021, 47.344, 47.569, 46.02, 43.168, 42.881, 41.983, 41.66, 41.446, 40.83, 41.272, 40.781, 40.131, 38.255, 34.513, 31.869, 32.096, 32.319, 32.479, 32.425, 31.577, 30.336, 22.203, 10.044, 0.0, 7.109, 15.751, 26.304, 34.436, 39.835, 43.752, 45.397, 45.726, 45.219, 46.081, 46.198, 45.297, 44.926, 45.018, 46.335, 47.205, 46.944, 47.933, 49.709, 51.634, 53.225, 53.891, 53.879, 53.869, 54.944, 54.795, 54.089, 53.977, 54.415, 55.905, 56.26, 58.091, 61.503, 60.744, 57.809, 54.828, 54.367, 54.359, 53.694, 55.764, 56.717, 57.199, 60.191, 62.193, 62.646, 63.275, 63.51], [54.523, 54.075, 53.907, 53.996, 54.466, 55.152, 55.61, 55.192, 54.081, 52.727, 52.36, 52.183, 51.616, 50.035, 48.885, 49.215, 49.423, 47.899, 45.106, 44.805, 43.982, 43.691, 43.522, 42.925, 43.295, 42.835, 42.232, 40.534, 36.973, 34.091, 33.902, 34.29, 34.747, 34.799, 34.118, 32.991, 25.778, 15.521, 7.109, 0.0, 9.705, 21.005, 29.49, 35.275, 39.543, 41.323, 41.686, 41.261, 42.183, 42.335, 41.552, 41.3, 41.401, 42.713, 43.59, 43.312, 44.307, 46.096, 48.037, 49.678, 50.341, 50.332, 50.393, 51.587, 51.459, 50.784, 50.701, 51.114, 52.594, 53.039, 54.874, 58.231, 57.651, 54.986, 52.45, 52.853, 53.677, 53.666, 56.047, 56.946, 57.252, 60.137, 62.125, 62.579, 63.243, 63.5], [56.379, 55.965, 55.874, 56.026, 56.487, 57.128, 57.649, 57.358, 56.258, 54.87, 54.617, 54.504, 53.954, 52.363, 51.321, 51.659, 51.832, 50.265, 47.473, 47.274, 46.54, 46.292, 46.297, 45.794, 46.032, 45.626, 45.112, 43.603, 40.215, 36.888, 36.049, 36.917, 37.974, 38.15, 37.8, 36.931, 30.37, 21.934, 15.751, 9.705, 0.0, 12.012, 21.415, 27.881, 32.44, 34.291, 34.654, 34.26, 35.313, 35.534, 34.874, 34.802, 35.145, 36.641, 37.527, 37.342, 38.301, 40.044, 41.971, 43.652, 44.356, 44.359, 44.562, 46.193, 46.367, 45.839, 45.861, 46.302, 47.668, 47.966, 49.696, 52.838, 52.391, 50.189, 48.664, 50.744, 52.859, 53.889, 57.029, 57.975, 57.943, 60.672, 62.673, 63.124, 63.839, 64.115], [59.337, 58.997, 59.008, 59.198, 59.613, 60.176, 60.801, 60.773, 59.883, 58.525, 58.343, 58.249, 57.684, 56.16, 55.336, 55.711, 55.867, 54.301, 51.523, 51.328, 50.777, 50.591, 50.732, 50.4, 50.528, 50.181, 49.693, 48.378, 45.25, 41.687, 40.523, 42.195, 43.806, 44.074, 44.039, 43.522, 38.112, 31.275, 26.304, 21.005, 12.012, 0.0, 10.7, 18.729, 23.888, 25.812, 26.193, 25.784, 26.927, 27.276, 26.847, 27.075, 27.839, 29.63, 30.583, 30.818, 31.965, 33.664, 35.564, 37.336, 38.128, 38.122, 38.25, 40.258, 40.915, 40.638, 40.794, 41.282, 42.564, 42.643, 44.21, 47.157, 47.035, 45.454, 45.259, 49.598, 53.339, 55.507, 59.371, 60.412, 60.135, 62.718, 64.672, 65.081, 65.83, 66.112], [62.315, 62.036, 62.053, 62.235, 62.64, 63.136, 63.783, 63.948, 63.437, 62.391, 62.277, 62.164, 61.593, 60.185, 59.488, 59.897, 60.068, 58.596, 55.884, 55.555, 55.15, 55.077, 55.207, 55.01, 55.142, 54.821, 54.328, 53.161, 50.33, 46.937, 45.814, 47.666, 49.181, 49.348, 49.345, 48.934, 44.589, 38.907, 34.436, 29.49, 21.415, 10.7, 0.0, 9.501, 15.719, 18.002, 18.566, 18.823, 20.556, 21.024, 20.983, 21.706, 23.042, 25.025, 25.774, 26.103, 27.498, 29.155, 30.899, 32.656, 33.417, 33.377, 33.188, 35.185, 36.155, 36.182, 36.486, 36.957, 38.186, 38.364, 39.841, 42.589, 42.838, 41.859, 42.618, 48.681, 53.851, 57.085, 61.417, 62.465, 62.117, 64.586, 66.478, 66.877, 67.631, 67.901], [65.007, 64.737, 64.721, 64.922, 65.337, 65.782, 66.369, 66.528, 66.167, 65.441, 65.507, 65.424, 64.869, 63.485, 62.74, 63.123, 63.292, 61.907, 59.309, 58.983, 58.595, 58.632, 58.825, 58.701, 58.871, 58.579, 58.156, 57.076, 54.446, 51.128, 49.795, 51.339, 52.584, 52.624, 52.657, 52.262, 48.393, 43.652, 39.835, 35.275, 27.881, 18.729, 9.501, 0.0, 7.306, 10.464, 11.555, 13.839, 17.116, 17.617, 17.948, 19.19, 21.429, 23.625, 23.83, 23.693, 24.853, 26.274, 27.691, 29.249, 29.882, 29.805, 29.475, 31.706, 33.01, 33.435, 33.999, 34.441, 35.318, 35.587, 36.94, 39.216, 39.515, 39.105, 40.602, 47.699, 53.877, 58.149, 63.013, 64.032, 63.511, 65.795, 67.711, 68.152, 68.924, 69.199], [67.358, 67.077, 67.052, 67.265, 67.642, 68.036, 68.585, 68.703, 68.336, 67.741, 67.992, 67.992, 67.444, 66.036, 65.252, 65.601, 65.757, 64.405, 61.9, 61.638, 61.268, 61.444, 61.786, 61.727, 61.931, 61.736, 61.429, 60.385, 57.724, 54.118, 52.41, 53.865, 55.103, 55.106, 55.208, 54.815, 51.045, 46.956, 43.752, 39.543, 32.44, 23.888, 15.719, 7.306, 0.0, 4.103, 6.249, 10.638, 15.196, 15.671, 16.286, 17.844, 20.72, 23.263, 23.358, 23.06, 23.852, 25.017, 26.167, 27.419, 27.958, 27.909, 27.752, 30.614, 32.462, 33.224, 34.0, 34.469, 34.931, 35.057, 36.108, 37.756, 37.883, 37.815, 39.963, 47.708, 54.344, 59.167, 64.486, 65.559, 64.865, 66.939, 68.835, 69.296, 70.086, 70.389], [68.206, 67.914, 67.882, 68.099, 68.469, 68.851, 69.4, 69.516, 69.137, 68.555, 68.861, 68.928, 68.415, 66.997, 66.236, 66.577, 66.723, 65.386, 62.956, 62.745, 62.403, 62.666, 63.046, 62.97, 63.142, 62.977, 62.722, 61.709, 58.997, 55.227, 53.381, 54.88, 56.199, 56.184, 56.286, 55.865, 52.134, 48.33, 45.397, 41.323, 34.291, 25.812, 18.002, 10.464, 4.103, 0.0, 3.687, 9.442, 14.431, 14.882, 15.602, 17.31, 20.406, 23.263, 23.453, 23.067, 23.714, 24.816, 25.811, 26.839, 27.372, 27.375, 27.436, 30.729, 32.897, 33.792, 34.607, 35.079, 35.396, 35.483, 36.403, 37.701, 37.702, 37.678, 40.002, 47.974, 54.712, 59.615, 65.059, 66.203, 65.488, 67.481, 69.325, 69.773, 70.565, 70.887], [68.26, 67.99, 67.974, 68.185, 68.551, 68.937, 69.494, 69.624, 69.241, 68.621, 68.888, 68.942, 68.459, 67.067, 66.314, 66.682, 66.847, 65.514, 63.082, 62.857, 62.513, 62.763, 63.141, 63.059, 63.196, 63.022, 62.77, 61.815, 59.151, 55.374, 53.515, 55.078, 56.474, 56.47, 56.576, 56.202, 52.492, 48.634, 45.726, 41.686, 34.654, 26.193, 18.566, 11.555, 6.249, 3.687, 0.0, 7.457, 13.281, 13.866, 14.587, 16.417, 19.608, 22.412, 22.405, 21.947, 22.605, 23.747, 24.805, 25.894, 26.5, 26.535, 26.722, 30.293, 32.631, 33.565, 34.363, 34.847, 35.158, 35.155, 36.1, 37.534, 37.666, 37.692, 40.023, 47.956, 54.659, 59.58, 65.057, 66.208, 65.52, 67.541, 69.364, 69.81, 70.609, 70.919], [67.467, 67.227, 67.232, 67.388, 67.672, 68.083, 68.733, 68.913, 68.498, 67.735, 67.896, 67.896, 67.379, 66.114, 65.539, 65.948, 66.151, 64.81, 62.283, 61.982, 61.521, 61.673, 62.085, 62.125, 62.416, 62.293, 62.045, 61.083, 58.457, 54.749, 53.116, 55.116, 56.736, 56.848, 56.798, 56.417, 52.588, 48.197, 45.219, 41.261, 34.26, 25.784, 18.823, 13.839, 10.638, 9.442, 7.457, 0.0, 6.87, 8.275, 9.07, 10.898, 14.114, 17.166, 17.816, 18.483, 19.851, 21.284, 22.582, 24.058, 24.906, 24.954, 24.796, 28.196, 30.717, 31.633, 32.409, 33.027, 33.704, 33.669, 35.157, 37.419, 37.857, 37.737, 40.02, 47.942, 54.425, 59.096, 64.551, 65.755, 65.236, 67.564, 69.369, 69.732, 70.528, 70.835], [67.536, 67.292, 67.301, 67.427, 67.635, 68.036, 68.756, 68.961, 68.501, 67.645, 67.757, 67.754, 67.214, 66.062, 65.745, 66.199, 66.407, 65.104, 62.674, 62.4, 61.867, 62.002, 62.436, 62.579, 63.005, 62.972, 62.761, 61.756, 59.14, 55.538, 54.155, 56.523, 58.341, 58.578, 58.402, 57.948, 54.009, 49.185, 46.081, 42.183, 35.313, 26.927, 20.556, 17.116, 15.196, 14.431, 13.281, 6.87, 0.0, 3.274, 5.085, 6.752, 9.749, 13.255, 14.875, 16.681, 18.651, 20.234, 21.444, 23.027, 24.006, 24.065, 23.591, 26.753, 29.396, 30.316, 31.11, 31.837, 32.817, 32.966, 35.074, 37.834, 38.452, 38.285, 40.625, 48.645, 55.019, 59.481, 64.794, 66.001, 65.547, 68.057, 69.865, 70.156, 70.936, 71.259], [67.571, 67.312, 67.294, 67.39, 67.559, 67.919, 68.609, 68.796, 68.332, 67.502, 67.658, 67.69, 67.15, 65.983, 65.7, 66.162, 66.356, 65.078, 62.752, 62.559, 62.028, 62.207, 62.684, 62.885, 63.365, 63.409, 63.25, 62.185, 59.425, 55.675, 54.22, 56.582, 58.428, 58.679, 58.503, 58.026, 54.045, 49.266, 46.198, 42.335, 35.534, 27.276, 21.024, 17.617, 15.671, 14.882, 13.866, 8.275, 3.274, 0.0, 3.128, 5.541, 8.698, 12.403, 14.282, 16.101, 17.981, 19.505, 20.604, 22.04, 22.997, 23.16, 22.903, 26.391, 29.143, 30.102, 30.9, 31.603, 32.491, 32.653, 34.695, 37.334, 37.92, 37.773, 40.197, 48.312, 54.743, 59.183, 64.464, 65.661, 65.175, 67.627, 69.45, 69.812, 70.621, 70.944], [66.76, 66.502, 66.497, 66.604, 66.763, 67.117, 67.807, 68.002, 67.553, 66.721, 66.874, 66.894, 66.341, 65.159, 64.882, 65.359, 65.548, 64.242, 61.903, 61.736, 61.167, 61.314, 61.812, 62.046, 62.534, 62.581, 62.421, 61.344, 58.547, 54.76, 53.346, 55.802, 57.668, 57.922, 57.754, 57.309, 53.249, 48.316, 45.297, 41.552, 34.874, 26.847, 20.983, 17.948, 16.286, 15.602, 14.587, 9.07, 5.085, 3.128, 0.0, 3.374, 7.544, 11.766, 13.946, 15.955, 17.874, 19.422, 20.584, 22.058, 23.081, 23.266, 22.967, 26.467, 29.211, 30.126, 30.899, 31.618, 32.498, 32.566, 34.691, 37.501, 38.125, 37.928, 40.227, 48.182, 54.479, 58.78, 64.041, 65.27, 64.816, 67.331, 69.166, 69.571, 70.436, 70.761], [66.596, 66.33, 66.326, 66.415, 66.523, 66.862, 67.556, 67.741, 67.281, 66.444, 66.612, 66.624, 66.045, 64.863, 64.597, 65.084, 65.274, 63.954, 61.571, 61.363, 60.761, 60.921, 61.465, 61.75, 62.287, 62.348, 62.202, 61.116, 58.296, 54.482, 53.153, 55.738, 57.622, 57.9, 57.713, 57.25, 53.072, 47.935, 44.926, 41.3, 34.802, 27.075, 21.706, 19.19, 17.844, 17.31, 16.417, 10.898, 6.752, 5.541, 3.374, 0.0, 5.301, 10.434, 13.409, 15.954, 18.087, 19.785, 21.128, 22.689, 23.719, 23.888, 23.408, 26.694, 29.384, 30.242, 30.981, 31.729, 32.706, 32.784, 35.044, 38.031, 38.689, 38.415, 40.566, 48.368, 54.534, 58.691, 63.904, 65.158, 64.738, 67.334, 69.208, 69.602, 70.494, 70.862], [66.745, 66.483, 66.433, 66.398, 66.377, 66.684, 67.397, 67.582, 67.116, 66.268, 66.445, 66.467, 65.859, 64.725, 64.509, 64.998, 65.197, 63.901, 61.503, 61.213, 60.589, 60.791, 61.395, 61.796, 62.496, 62.65, 62.537, 61.38, 58.411, 54.509, 53.249, 55.894, 57.794, 58.116, 57.821, 57.285, 53.204, 48.088, 45.018, 41.401, 35.145, 27.839, 23.042, 21.429, 20.72, 20.406, 19.608, 14.114, 9.749, 8.698, 7.544, 5.301, 0.0, 6.346, 11.291, 14.957, 17.559, 19.504, 21.064, 22.732, 23.683, 23.864, 23.207, 26.062, 28.592, 29.386, 30.052, 30.793, 31.908, 32.22, 34.776, 38.029, 38.87, 38.575, 40.604, 48.314, 54.404, 58.352, 63.376, 64.595, 64.253, 66.895, 68.768, 69.184, 70.077, 70.469], [67.498, 67.275, 67.214, 67.094, 66.978, 67.267, 68.012, 68.211, 67.726, 66.856, 67.048, 67.059, 66.414, 65.3, 65.104, 65.599, 65.814, 64.536, 62.066, 61.729, 61.09, 61.252, 61.933, 62.468, 63.318, 63.528, 63.419, 62.22, 59.22, 55.306, 54.052, 56.746, 58.648, 58.999, 58.649, 58.155, 54.369, 49.435, 46.335, 42.713, 36.641, 29.63, 25.025, 23.625, 23.263, 23.263, 22.412, 17.166, 13.255, 12.403, 11.766, 10.434, 6.346, 0.0, 7.019, 12.493, 15.776, 17.828, 19.534, 21.53, 22.486, 22.572, 21.324, 23.471, 25.886, 26.653, 27.314, 28.108, 29.249, 29.7, 32.817, 36.642, 37.965, 38.052, 40.418, 48.3, 54.459, 58.488, 63.425, 64.467, 64.06, 66.702, 68.585, 69.037, 69.917, 70.261], [67.447, 67.251, 67.221, 67.144, 67.097, 67.423, 68.193, 68.433, 67.966, 67.081, 67.258, 67.255, 66.634, 65.499, 65.27, 65.777, 66.007, 64.717, 62.212, 61.91, 61.378, 61.584, 62.202, 62.614, 63.31, 63.464, 63.363, 62.26, 59.408, 55.596, 54.251, 56.882, 58.76, 59.064, 58.776, 58.372, 54.821, 50.18, 47.205, 43.59, 37.527, 30.583, 25.774, 23.83, 23.358, 23.453, 22.405, 17.816, 14.875, 14.282, 13.946, 13.409, 11.291, 7.019, 0.0, 6.853, 11.195, 13.772, 15.874, 18.329, 19.487, 19.428, 17.843, 20.2, 22.92, 23.819, 24.564, 25.476, 26.592, 26.958, 30.345, 34.479, 36.099, 36.565, 39.157, 46.996, 53.229, 57.681, 62.787, 63.611, 62.98, 65.531, 67.482, 67.976, 68.83, 69.115], [67.17, 66.955, 66.905, 66.846, 66.871, 67.229, 67.962, 68.181, 67.729, 66.907, 67.125, 67.162, 66.606, 65.437, 65.148, 65.646, 65.871, 64.573, 62.07, 61.79, 61.369, 61.762, 62.379, 62.654, 63.149, 63.232, 63.203, 62.208, 59.36, 55.463, 53.879, 56.166, 57.97, 58.187, 57.932, 57.495, 53.936, 49.69, 46.944, 43.312, 37.342, 30.818, 26.103, 23.693, 23.06, 23.067, 21.947, 18.483, 16.681, 16.101, 15.955, 15.954, 14.957, 12.493, 6.853, 0.0, 5.661, 9.474, 12.413, 15.095, 16.306, 16.329, 15.789, 19.715, 22.73, 23.794, 24.596, 25.453, 26.237, 26.621, 29.866, 33.462, 34.733, 35.123, 37.334, 44.706, 50.972, 55.772, 60.967, 61.64, 60.838, 63.214, 65.224, 65.804, 66.656, 66.935], [68.842, 68.597, 68.529, 68.428, 68.42, 68.77, 69.443, 69.576, 69.043, 68.262, 68.606, 68.708, 68.156, 66.906, 66.555, 67.022, 67.22, 65.929, 63.336, 63.035, 62.627, 63.118, 64.014, 64.452, 64.95, 65.007, 64.982, 63.964, 60.965, 56.683, 54.618, 56.646, 58.481, 58.691, 58.593, 58.213, 54.373, 50.373, 47.933, 44.307, 38.301, 31.965, 27.498, 24.853, 23.852, 23.714, 22.605, 19.851, 18.651, 17.981, 17.874, 18.087, 17.559, 15.776, 11.195, 5.661, 0.0, 4.752, 8.811, 11.733, 12.932, 13.33, 14.83, 20.769, 24.104, 25.346, 26.256, 26.994, 26.959, 27.02, 30.229, 33.073, 33.924, 34.412, 36.638, 43.897, 50.293, 55.372, 60.647, 61.25, 60.284, 62.494, 64.549, 65.198, 66.072, 66.369], [70.694, 70.456, 70.397, 70.257, 70.208, 70.558, 71.222, 71.336, 70.764, 69.966, 70.34, 70.469, 69.906, 68.617, 68.258, 68.705, 68.895, 67.612, 64.889, 64.54, 64.124, 64.609, 65.707, 66.375, 67.027, 67.073, 66.96, 65.874, 62.817, 58.378, 56.095, 58.078, 59.933, 60.145, 60.125, 59.798, 55.884, 51.983, 49.709, 46.096, 40.044, 33.664, 29.155, 26.274, 25.017, 24.816, 23.747, 21.284, 20.234, 19.505, 19.422, 19.785, 19.504, 17.828, 13.772, 9.474, 4.752, 0.0, 5.013, 8.615, 9.993, 10.846, 13.831, 20.882, 24.446, 25.809, 26.796, 27.482, 26.983, 26.666, 29.84, 32.382, 33.125, 33.867, 36.489, 44.04, 50.647, 55.941, 61.28, 61.866, 60.857, 63.031, 65.061, 65.716, 66.594, 66.89], [71.592, 71.363, 71.307, 71.146, 71.072, 71.406, 72.079, 72.212, 71.649, 70.858, 71.228, 71.39, 70.847, 69.56, 69.254, 69.711, 69.909, 68.652, 65.982, 65.671, 65.255, 65.758, 66.886, 67.656, 68.461, 68.585, 68.437, 67.318, 64.316, 59.961, 57.707, 59.736, 61.612, 61.824, 61.761, 61.365, 57.55, 53.81, 51.634, 48.037, 41.971, 35.564, 30.899, 27.691, 26.167, 25.811, 24.805, 22.582, 21.444, 20.604, 20.584, 21.128, 21.064, 19.534, 15.874, 12.413, 8.811, 5.013, 0.0, 4.505, 6.514, 7.827, 12.011, 20.001, 23.908, 25.459, 26.513, 27.18, 26.569, 26.204, 29.356, 31.726, 32.439, 33.431, 36.61, 44.734, 51.597, 57.025, 62.427, 63.029, 62.005, 64.143, 66.096, 66.727, 67.592, 67.879], [72.29, 72.039, 71.971, 71.787, 71.676, 71.957, 72.589, 72.715, 72.179, 71.466, 71.897, 72.111, 71.59, 70.306, 70.038, 70.506, 70.705, 69.484, 66.961, 6