[[0.0, 6.96, 10.643, 16.442, 23.151, 24.167, 24.883, 26.269, 28.306, 30.177, 31.352, 32.976, 34.275, 36.011, 37.507, 37.892, 38.278, 38.349, 38.14, 36.455, 34.199, 33.996, 35.419, 37.619, 39.985, 41.852, 43.051, 43.871, 44.656, 45.174, 45.221, 44.658, 45.463, 46.517, 46.397, 47.242, 48.468, 47.45, 47.649, 48.055, 47.826, 47.609, 47.237, 46.287, 46.507, 47.057, 46.516, 46.932, 47.881, 48.238, 47.96, 47.741, 47.319, 46.973, 48.015, 49.114, 49.529, 49.672, 49.776, 50.299, 50.122, 50.228, 49.667, 47.644, 47.846, 46.884, 44.864, 46.168, 46.936, 46.424, 47.231, 47.791, 47.072, 44.815, 45.615, 45.62, 44.368, 44.784, 44.828, 44.644, 45.13, 45.623, 45.693, 45.772, 45.78, 45.679], [6.96, 0.0, 4.801, 11.403, 18.475, 19.659, 20.454, 21.944, 23.997, 25.776, 26.949, 28.745, 29.96, 31.578, 33.357, 33.937, 34.405, 34.65, 34.435, 32.898, 30.952, 30.84, 32.379, 34.365, 36.45, 38.414, 40.073, 41.579, 42.766, 43.292, 43.182, 42.161, 42.866, 43.945, 43.922, 46.019, 47.652, 46.386, 46.602, 46.901, 46.617, 46.023, 45.439, 44.5, 44.74, 45.268, 44.617, 44.987, 46.0, 46.503, 46.396, 46.304, 45.791, 45.19, 46.29, 47.625, 48.19, 48.323, 48.442, 49.019, 48.839, 48.912, 48.26, 45.885, 46.077, 45.6, 43.92, 45.482, 46.325, 45.522, 46.336, 47.104, 46.523, 44.154, 44.679, 44.979, 44.034, 44.453, 44.57, 44.336, 45.102, 45.964, 46.144, 46.138, 46.025, 45.927], [10.643, 4.801, 0.0, 8.372, 16.337, 17.563, 18.35, 19.887, 21.796, 23.426, 24.743, 26.836, 28.094, 29.618, 31.442, 32.058, 32.534, 32.805, 32.545, 31.094, 29.319, 29.213, 30.708, 32.58, 34.628, 36.68, 38.518, 40.255, 41.599, 42.18, 42.011, 40.769, 41.455, 42.671, 42.581, 45.189, 47.243, 45.903, 46.018, 46.226, 45.873, 45.042, 44.401, 43.526, 43.741, 44.205, 43.518, 43.911, 44.972, 45.597, 45.708, 45.78, 45.225, 44.482, 45.607, 47.099, 47.832, 47.976, 48.083, 48.7, 48.509, 48.545, 47.837, 45.285, 45.466, 45.23, 43.582, 45.1, 46.036, 45.191, 45.957, 46.777, 46.251, 43.845, 44.313, 44.72, 43.832, 44.164, 44.28, 44.03, 44.867, 45.886, 46.147, 46.076, 45.893, 45.784], [16.442, 11.403, 8.372, 0.0, 9.304, 11.552, 12.561, 14.399, 16.129, 17.658, 19.07, 21.399, 23.098, 25.344, 27.805, 28.662, 29.226, 29.666, 29.394, 28.271, 27.48, 28.274, 30.096, 31.605, 33.351, 35.605, 37.923, 40.399, 42.126, 42.672, 42.485, 40.7, 40.707, 42.127, 42.361, 45.697, 47.845, 46.702, 47.115, 47.216, 46.983, 45.916, 45.189, 44.274, 44.392, 44.964, 44.24, 44.466, 45.546, 46.289, 46.504, 46.632, 46.041, 44.991, 45.664, 46.906, 47.675, 47.959, 48.145, 48.781, 48.584, 48.604, 47.829, 45.072, 45.242, 45.296, 43.377, 43.864, 44.307, 43.212, 44.024, 45.041, 44.843, 42.724, 42.755, 43.403, 43.136, 43.542, 43.793, 43.54, 44.723, 46.337, 46.622, 46.482, 46.249, 46.082], [23.151, 18.475, 16.337, 9.304, 0.0, 4.219, 6.24, 8.724, 10.51, 12.136, 13.518, 15.536, 17.323, 20.539, 23.968, 25.12, 25.74, 26.417, 26.22, 25.503, 25.857, 27.634, 29.899, 31.058, 32.265, 34.586, 37.395, 40.694, 42.858, 43.363, 43.133, 40.741, 39.985, 41.567, 42.062, 46.208, 48.434, 47.373, 48.392, 48.566, 48.579, 47.401, 46.542, 45.5, 45.479, 46.195, 45.463, 45.415, 46.394, 47.164, 47.407, 47.56, 46.981, 45.659, 45.796, 46.728, 47.459, 47.862, 48.136, 48.74, 48.54, 48.557, 47.773, 44.847, 44.946, 45.313, 43.392, 43.048, 42.795, 41.294, 42.106, 43.364, 43.524, 41.73, 41.167, 42.047, 42.384, 42.843, 43.237, 42.978, 44.551, 46.8, 47.102, 46.916, 46.654, 46.479], [24.167, 19.659, 17.563, 11.552, 4.219, 0.0, 3.297, 6.589, 8.775, 10.601, 12.07, 14.019, 15.552, 18.739, 22.233, 23.403, 24.002, 24.61, 24.399, 23.743, 24.207, 26.013, 28.342, 29.694, 30.99, 33.216, 36.0, 39.426, 41.672, 42.162, 41.956, 39.52, 38.779, 40.363, 40.832, 45.082, 47.367, 46.253, 47.439, 47.811, 47.96, 46.834, 45.963, 44.875, 44.776, 45.501, 44.791, 44.704, 45.641, 46.358, 46.551, 46.697, 46.145, 44.808, 44.854, 45.777, 46.544, 46.983, 47.269, 47.863, 47.665, 47.677, 46.934, 44.066, 44.131, 44.497, 42.679, 42.476, 42.264, 40.775, 41.583, 42.829, 42.984, 41.217, 40.707, 41.624, 41.834, 42.17, 42.553, 42.314, 43.906, 46.174, 46.482, 46.338, 46.108, 45.96], [24.883, 20.454, 18.35, 12.561, 6.24, 3.297, 0.0, 4.058, 6.983, 9.129, 10.61, 12.764, 14.437, 17.837, 21.448, 22.58, 23.188, 23.757, 23.506, 22.824, 23.271, 25.147, 27.571, 28.997, 30.352, 32.597, 35.368, 38.801, 41.084, 41.581, 41.368, 38.892, 38.095, 39.639, 40.111, 44.436, 46.727, 45.555, 46.69, 47.121, 47.439, 46.406, 45.538, 44.444, 44.34, 45.057, 44.335, 44.235, 45.158, 45.868, 46.032, 46.156, 45.588, 44.237, 44.302, 45.24, 46.004, 46.453, 46.753, 47.336, 47.131, 47.15, 46.406, 43.542, 43.628, 44.107, 42.493, 42.453, 42.322, 40.859, 41.634, 42.851, 43.02, 41.306, 40.853, 41.8, 41.963, 42.248, 42.649, 42.423, 44.013, 46.24, 46.537, 46.42, 46.198, 46.061], [26.269, 21.944, 19.887, 14.399, 8.724, 6.589, 4.058, 0.0, 4.008, 7.064, 8.938, 11.341, 13.144, 17.08, 21.042, 22.134, 22.755, 23.328, 23.037, 22.229, 22.561, 24.532, 27.064, 28.422, 29.663, 31.877, 34.645, 38.107, 40.465, 41.01, 40.78, 38.133, 37.162, 38.67, 39.194, 43.559, 45.824, 44.647, 45.795, 46.265, 46.779, 45.975, 45.173, 44.033, 43.869, 44.571, 43.829, 43.636, 44.493, 45.184, 45.294, 45.378, 44.824, 43.506, 43.576, 44.474, 45.207, 45.658, 45.966, 46.523, 46.329, 46.364, 45.591, 42.73, 42.882, 43.625, 42.465, 42.638, 42.493, 41.087, 41.843, 43.02, 43.2, 41.56, 41.148, 42.116, 42.309, 42.589, 43.01, 42.793, 44.429, 46.633, 46.908, 46.807, 46.573, 46.423], [28.306, 23.997, 21.796, 16.129, 10.51, 8.775, 6.983, 4.008, 0.0, 3.885, 6.886, 9.988, 12.075, 16.102, 20.216, 21.416, 22.115, 22.745, 22.439, 21.677, 22.215, 24.359, 26.935, 28.245, 29.398, 31.587, 34.481, 38.166, 40.659, 41.239, 41.0, 38.274, 37.341, 38.908, 39.493, 43.992, 46.282, 45.168, 46.414, 46.904, 47.456, 46.676, 45.899, 44.715, 44.442, 45.109, 44.352, 44.131, 44.993, 45.68, 45.76, 45.843, 45.326, 44.027, 44.078, 44.929, 45.653, 46.112, 46.424, 46.969, 46.789, 46.833, 46.023, 43.152, 43.329, 44.194, 43.066, 43.029, 42.756, 41.342, 42.112, 43.297, 43.515, 41.916, 41.422, 42.427, 42.788, 43.122, 43.545, 43.333, 44.999, 47.263, 47.548, 47.425, 47.142, 46.961], [30.177, 25.776, 23.426, 17.658, 12.136, 10.601, 9.129, 7.064, 3.885, 0.0, 4.517, 8.585, 10.975, 14.905, 19.086, 20.465, 21.25, 21.941, 21.659, 21.068, 21.875, 24.068, 26.617, 27.876, 28.936, 31.12, 34.143, 38.033, 40.657, 41.243, 40.985, 38.295, 37.534, 39.141, 39.716, 44.501, 46.911, 45.773, 47.065, 47.537, 48.031, 47.109, 46.259, 45.102, 44.844, 45.499, 44.727, 44.54, 45.448, 46.164, 46.284, 46.426, 45.893, 44.536, 44.636, 45.582, 46.37, 46.845, 47.164, 47.707, 47.512, 47.553, 46.719, 43.786, 43.931, 44.798, 43.544, 43.436, 43.155, 41.639, 42.374, 43.602, 43.847, 42.212, 41.638, 42.689, 43.121, 43.469, 43.89, 43.668, 45.334, 47.636, 47.963, 47.815, 47.484, 47.281], [31.352, 26.949, 24.743, 19.07, 13.518, 12.07, 10.61, 8.938, 6.886, 4.517, 0.0, 4.868, 8.3, 13.427, 18.203, 19.72, 20.592, 21.344, 21.101, 20.637, 21.596, 23.901, 26.486, 27.731, 28.737, 30.916, 33.961, 37.927, 40.635, 41.143, 40.854, 38.07, 37.155, 38.673, 39.253, 44.283, 46.65, 45.51, 46.874, 47.34, 47.835, 46.831, 45.934, 44.822, 44.904, 45.742, 44.955, 44.8, 45.691, 46.361, 46.43, 46.566, 46.001, 44.587, 44.724, 45.724, 46.506, 47.012, 47.357, 47.861, 47.648, 47.687, 46.872, 43.956, 44.07, 44.988, 43.952, 44.158, 43.883, 42.238, 43.005, 44.305, 44.576, 42.823, 42.053, 43.172, 43.578, 43.882, 44.284, 44.046, 45.701, 47.91, 48.249, 48.173, 47.873, 47.714], [32.976, 28.745, 26.836, 21.399, 15.536, 14.019, 12.764, 11.341, 9.988, 8.585, 4.868, 0.0, 5.084, 12.079, 17.56, 19.213, 20.086, 20.865, 20.687, 20.403, 21.647, 24.165, 26.787, 27.942, 28.77, 30.84, 33.915, 38.065, 40.92, 41.388, 41.101, 38.207, 37.047, 38.472, 39.127, 44.256, 46.438, 45.388, 47.034, 47.556, 48.113, 47.125, 46.225, 45.092, 45.425, 46.535, 45.773, 45.559, 46.369, 46.964, 46.945, 47.027, 46.468, 45.02, 45.037, 45.925, 46.655, 47.236, 47.614, 48.074, 47.877, 47.922, 47.164, 44.316, 44.382, 45.309, 44.44, 44.751, 44.276, 42.526, 43.383, 44.745, 45.043, 43.29, 42.336, 43.475, 43.914, 44.189, 44.589, 44.354, 46.062, 48.278, 48.611, 48.606, 48.358, 48.252], [34.275, 29.96, 28.094, 23.098, 17.323, 15.552, 14.437, 13.144, 12.075, 10.975, 8.3, 5.084, 0.0, 8.266, 14.569, 16.387, 17.253, 18.142, 18.053, 17.913, 19.499, 22.181, 24.883, 25.93, 26.616, 28.703, 31.937, 36.352, 39.391, 39.898, 39.604, 36.574, 35.288, 36.703, 37.368, 42.825, 45.081, 44.002, 45.905, 46.557, 47.167, 46.143, 45.187, 44.027, 44.353, 45.551, 44.849, 44.617, 45.421, 46.067, 46.122, 46.254, 45.723, 44.277, 44.269, 45.202, 46.023, 46.681, 47.07, 47.54, 47.358, 47.396, 46.664, 43.768, 43.802, 44.76, 43.977, 44.472, 44.01, 42.192, 43.059, 44.468, 44.74, 42.953, 42.014, 43.16, 43.6, 43.874, 44.274, 44.023, 45.795, 48.095, 48.487, 48.478, 48.222, 48.124], [36.011, 31.578, 29.618, 25.344, 20.539, 18.739, 17.837, 17.08, 16.102, 14.905, 13.427, 12.079, 8.266, 0.0, 7.043, 9.572, 10.989, 12.296, 12.417, 12.909, 15.551, 18.545, 21.36, 22.578, 23.328, 25.416, 28.862, 33.622, 36.869, 37.421, 37.143, 34.252, 33.422, 34.922, 35.59, 41.46, 43.952, 42.739, 44.766, 45.596, 46.252, 45.065, 43.963, 42.771, 42.989, 44.113, 43.481, 43.544, 44.583, 45.331, 45.483, 45.719, 45.265, 43.865, 43.919, 45.024, 46.006, 46.693, 47.068, 47.6, 47.431, 47.433, 46.712, 43.737, 43.669, 44.413, 43.279, 43.774, 43.519, 41.679, 42.546, 44.004, 44.18, 42.202, 41.336, 42.428, 42.794, 43.113, 43.483, 43.223, 44.96, 47.385, 47.906, 47.819, 47.527, 47.433], [37.507, 33.357, 31.442, 27.805, 23.968, 22.233, 21.448, 21.042, 20.216, 19.086, 18.203, 17.56, 14.569, 7.043, 0.0, 3.979, 6.598, 8.205, 8.664, 10.074, 13.652, 16.717, 19.385, 20.94, 22.018, 23.957, 27.18, 31.835, 35.108, 35.695, 35.52, 33.043, 32.726, 34.327, 35.008, 40.693, 43.321, 42.102, 44.128, 45.089, 45.793, 44.565, 43.42, 42.221, 42.349, 43.397, 42.862, 43.3, 44.626, 45.435, 45.615, 45.9, 45.522, 44.222, 44.267, 45.422, 46.48, 47.164, 47.508, 48.081, 47.918, 47.878, 47.199, 44.285, 44.099, 44.504, 42.888, 43.137, 43.038, 41.293, 42.134, 43.539, 43.613, 41.532, 40.805, 41.772, 41.961, 42.266, 42.573, 42.328, 43.952, 46.42, 47.033, 46.895, 46.62, 46.551], [37.892, 33.937, 32.058, 28.662, 25.12, 23.403, 22.58, 22.134, 21.416, 20.465, 19.72, 19.213, 16.387, 9.572, 3.979, 0.0, 3.488, 5.581, 6.267, 8.012, 12.049, 15.45, 18.157, 19.779, 21.24, 23.409, 26.4, 30.68, 33.862, 34.514, 34.401, 31.851, 31.228, 32.883, 33.6, 39.166, 41.873, 40.699, 42.789, 43.848, 44.638, 43.441, 42.309, 41.111, 41.237, 42.311, 41.844, 42.378, 43.811, 44.751, 45.039, 45.357, 45.001, 43.731, 43.718, 44.808, 45.87, 46.562, 46.886, 47.449, 47.258, 47.199, 46.532, 43.65, 43.451, 43.884, 42.352, 42.635, 42.615, 40.96, 41.756, 43.077, 43.121, 41.064, 40.423, 41.36, 41.487, 41.763, 42.037, 41.783, 43.356, 45.797, 46.436, 46.3, 46.028, 45.969], [38.278, 34.405, 32.534, 29.226, 25.74, 24.002, 23.188, 22.755, 22.115, 21.25, 20.592, 20.086, 17.253, 10.989, 6.598, 3.488, 0.0, 2.854, 3.94, 6.19, 10.89, 14.595, 17.196, 18.636, 20.317, 22.704, 25.648, 29.825, 32.985, 33.69, 33.625, 31.015, 30.244, 31.969, 32.72, 38.277, 41.022, 39.857, 42.028, 43.143, 43.946, 42.738, 41.618, 40.418, 40.506, 41.63, 41.216, 41.726, 43.193, 44.276, 44.763, 45.163, 44.809, 43.549, 43.478, 44.535, 45.684, 46.457, 46.781, 47.343, 47.126, 47.049, 46.372, 43.487, 43.284, 43.674, 42.112, 42.423, 42.454, 40.822, 41.581, 42.868, 42.9, 40.892, 40.351, 41.284, 41.357, 41.6, 41.867, 41.614, 43.181, 45.645, 46.294, 46.14, 45.861, 45.791], [38.349, 34.65, 32.805, 29.666, 26.417, 24.61, 23.757, 23.328, 22.745, 21.941, 21.344, 20.865, 18.142, 12.296, 8.205, 5.581, 2.854, 0.0, 1.921, 4.976, 9.933, 13.628, 16.127, 17.649, 19.553, 21.943, 24.776, 28.895, 32.061, 32.787, 32.764, 30.283, 29.71, 31.519, 32.26, 37.626, 40.372, 39.229, 41.371, 42.507, 43.316, 42.148, 41.062, 39.859, 39.926, 41.056, 40.68, 41.208, 42.705, 43.814, 44.38, 44.848, 44.512, 43.311, 43.264, 44.352, 45.559, 46.379, 46.697, 47.259, 47.041, 46.956, 46.279, 43.443, 43.238, 43.511, 41.849, 42.174, 42.249, 40.666, 41.399, 42.637, 42.636, 40.675, 40.268, 41.165, 41.123, 41.322, 41.566, 41.332, 42.882, 45.334, 45.994, 45.837, 45.573, 45.502], [38.14, 34.435, 32.545, 29.394, 26.22, 24.399, 23.506, 23.037, 22.439, 21.659, 21.101, 20.687, 18.053, 12.417, 8.664, 6.267, 3.94, 1.921, 0.0, 4.051, 9.466, 13.364, 15.978, 17.546, 19.505, 21.938, 24.785, 28.915, 32.066, 32.79, 32.744, 30.181, 29.584, 31.415, 32.162, 37.54, 40.296, 39.13, 41.2, 42.32, 43.148, 42.006, 40.941, 39.752, 39.827, 40.952, 40.558, 41.072, 42.573, 43.694, 44.269, 44.744, 44.417, 43.218, 43.178, 44.257, 45.449, 46.263, 46.581, 47.142, 46.926, 46.844, 46.16, 43.321, 43.131, 43.452, 41.848, 42.2, 42.313, 40.771, 41.504, 42.722, 42.704, 40.754, 40.381, 41.276, 41.222, 41.399, 41.636, 41.4, 42.942, 45.368, 46.023, 45.878, 45.62, 45.543], [36.455, 32.898, 31.094, 28.271, 25.503, 23.743, 22.824, 22.229, 21.677, 21.068, 20.637, 20.403, 17.913, 12.909, 10.074, 8.012, 6.19, 4.976, 4.051, 0.0, 6.074, 11.005, 14.303, 16.218, 18.6, 21.319, 24.082, 27.964, 31.03, 31.816, 31.755, 29.155, 28.489, 30.371, 31.025, 36.137, 38.921, 37.692, 39.741, 40.914, 41.741, 40.734, 39.738, 38.54, 38.652, 39.784, 39.392, 39.926, 41.474, 42.625, 43.206, 43.679, 43.4, 42.429, 42.645, 43.787, 44.923, 45.708, 46.036, 46.571, 46.347, 46.286, 45.593, 42.769, 42.613, 42.945, 41.468, 41.989, 42.127, 40.671, 41.401, 42.585, 42.478, 40.442, 40.175, 41.022, 40.87, 41.058, 41.259, 41.018, 42.478, 44.76, 45.388, 45.263, 45.017, 44.913], [34.199, 30.952, 29.319, 27.48, 25.857, 24.207, 23.271, 22.561, 22.215, 21.875, 21.596, 21.647, 19.499, 15.551, 13.652, 12.049, 10.89, 9.933, 9.466, 6.074, 0.0, 6.083, 10.44, 13.252, 16.372, 19.336, 21.819, 25.123, 28.026, 28.893, 28.814, 26.464, 26.263, 28.179, 28.561, 33.175, 36.037, 34.668, 36.62, 37.873, 38.603, 37.733, 36.819, 35.664, 35.892, 37.018, 36.661, 37.366, 39.034, 40.211, 40.816, 41.343, 41.106, 40.457, 41.289, 42.813, 43.977, 44.679, 44.98, 45.481, 45.242, 45.202, 44.52, 41.805, 41.717, 42.047, 40.914, 42.108, 42.547, 41.262, 41.942, 43.011, 42.753, 40.587, 40.691, 41.477, 40.909, 41.027, 41.106, 40.862, 42.206, 44.175, 44.8, 44.735, 44.52, 44.406], [33.996, 30.84, 29.213, 28.274, 27.634, 26.013, 25.147, 24.532, 24.359, 24.068, 23.901, 24.165, 22.181, 18.545, 16.717, 15.45, 14.595, 13.628, 13.364, 11.005, 6.083, 0.0, 5.289, 9.518, 13.31, 16.259, 18.669, 21.8, 24.736, 25.611, 25.494, 23.663, 24.612, 26.54, 26.601, 31.088, 34.129, 32.581, 34.369, 35.656, 36.177, 35.243, 34.333, 33.304, 33.604, 34.668, 34.384, 35.329, 37.147, 38.376, 39.089, 39.757, 39.516, 38.964, 40.31, 42.451, 43.891, 44.534, 44.776, 45.294, 45.041, 44.988, 44.337, 41.731, 41.671, 41.957, 41.042, 42.917, 43.806, 42.648, 43.257, 44.223, 43.865, 41.628, 42.107, 42.88, 41.846, 41.811, 41.766, 41.514, 42.795, 44.553, 45.242, 45.224, 45.05, 44.966], [35.419, 32.379, 30.708, 30.096, 29.899, 28.342, 27.571, 27.064, 26.935, 26.617, 26.486, 26.787, 24.883, 21.36, 19.385, 18.157, 17.196, 16.127, 15.978, 14.303, 10.44, 5.289, 0.0, 5.968, 10.701, 13.513, 15.768, 18.881, 21.935, 22.788, 22.702, 21.407, 23.536, 25.574, 25.446, 29.826, 32.972, 31.398, 33.092, 34.385, 34.704, 33.639, 32.742, 31.797, 32.114, 33.2, 33.022, 34.093, 36.017, 37.376, 38.32, 39.173, 38.943, 38.46, 39.993, 42.514, 44.395, 45.169, 45.367, 45.931, 45.688, 45.607, 44.986, 42.502, 42.451, 42.601, 41.617, 43.759, 44.953, 43.875, 44.416, 45.313, 44.891, 42.592, 43.311, 44.045, 42.664, 42.489, 42.357, 42.1, 43.33, 45.018, 45.774, 45.74, 45.591, 45.529], [37.619, 34.365, 32.58, 31.605, 31.058, 29.694, 28.997, 28.422, 28.245, 27.876, 27.731, 27.942, 25.93, 22.578, 20.94, 19.779, 18.636, 17.649, 17.546, 16.218, 13.252, 9.518, 5.968, 0.0, 5.969, 10.136, 13.114, 16.823, 20.181, 21.08, 20.853, 19.232, 21.572, 23.945, 23.794, 28.704, 32.061, 30.437, 32.08, 33.151, 33.365, 32.117, 31.154, 30.18, 30.435, 31.616, 31.494, 32.468, 34.468, 36.123, 37.493, 38.599, 38.347, 37.788, 39.359, 42.079, 44.289, 45.275, 45.483, 46.059, 45.811, 45.726, 45.079, 42.498, 42.49, 42.878, 42.12, 44.349, 45.565, 44.387, 44.831, 45.755, 45.413, 43.18, 43.901, 44.688, 43.329, 43.158, 43.059, 42.777, 44.097, 45.949, 46.776, 46.677, 46.491, 46.376], [39.985, 36.45, 34.628, 33.351, 32.265, 30.99, 30.352, 29.663, 29.398, 28.936, 28.737, 28.77, 26.616, 23.328, 22.018, 21.24, 20.317, 19.553, 19.505, 18.6, 16.372, 13.31, 10.701, 5.969, 0.0, 5.77, 10.344, 15.459, 19.288, 20.177, 19.745, 17.881, 20.946, 23.468, 23.425, 28.991, 32.322, 30.693, 32.402, 33.228, 33.359, 31.949, 30.92, 29.905, 30.062, 31.286, 31.134, 31.939, 33.876, 35.61, 37.099, 38.304, 38.005, 37.318, 38.922, 41.786, 44.167, 45.258, 45.485, 46.105, 45.933, 45.864, 45.192, 42.529, 42.58, 43.23, 42.699, 45.098, 46.385, 45.154, 45.595, 46.551, 46.264, 44.098, 44.846, 45.722, 44.414, 44.244, 44.201, 43.911, 45.373, 47.365, 48.193, 48.044, 47.824, 47.68], [41.852, 38.414, 36.68, 35.605, 34.586, 33.216, 32.597, 31.877, 31.587, 31.12, 30.916, 30.84, 28.703, 25.416, 23.957, 23.409, 22.704, 21.943, 21.938, 21.319, 19.336, 16.259, 13.513, 10.136, 5.77, 0.0, 5.962, 12.737, 17.061, 17.866, 17.422, 16.213, 21.058, 23.54, 23.575, 29.0, 32.106, 30.593, 32.463, 33.362, 33.385, 31.999, 31.063, 30.027, 30.108, 31.35, 31.223, 31.969, 33.762, 35.293, 36.591, 37.762, 37.474, 36.876, 38.526, 41.475, 44.102, 45.333, 45.528, 46.259, 46.24, 46.178, 45.556, 43.129, 43.242, 43.815, 43.307, 45.969, 47.544, 46.486, 46.951, 47.822, 47.437, 45.283, 46.34, 47.195, 45.639, 45.341, 45.261, 44.983, 46.452, 48.384, 49.184, 49.04, 48.847, 48.719], [43.051, 40.073, 38.518, 37.923, 37.395, 36.0, 35.368, 34.645, 34.481, 34.143, 33.961, 33.915, 31.937, 28.862, 27.18, 26.4, 25.648, 24.776, 24.785, 24.082, 21.819, 18.669, 15.768, 13.114, 10.344, 5.962, 0.0, 7.767, 12.594, 13.533, 13.312, 13.3, 19.771, 22.316, 22.218, 26.799, 29.866, 28.53, 30.531, 31.592, 31.513, 30.354, 29.652, 28.659, 28.775, 30.061, 30.102, 30.984, 32.71, 34.1, 35.33, 36.517, 36.298, 36.001, 37.773, 40.764, 43.625, 45.041, 45.181, 45.961, 46.049, 45.983, 45.455, 43.387, 43.536, 43.901, 43.438, 46.449, 48.408, 47.637, 48.036, 48.735, 48.196, 46.049, 47.572, 48.274, 46.272, 45.811, 45.628, 45.355, 46.713, 48.456, 49.272, 49.176, 49.049, 48.922], [43.871, 41.579, 40.255, 40.399, 40.694, 39.426, 38.801, 38.107, 38.166, 38.033, 37.927, 38.065, 36.352, 33.622, 31.835, 30.68, 29.825, 28.895, 28.915, 27.964, 25.123, 21.8, 18.881, 16.823, 15.459, 12.737, 7.767, 0.0, 5.574, 7.523, 7.931, 10.377, 18.358, 20.909, 20.312, 23.16, 26.459, 25.35, 27.17, 28.327, 28.124, 27.397, 27.059, 26.204, 26.427, 27.688, 27.981, 29.166, 30.932, 32.325, 33.684, 34.979, 34.839, 34.928, 37.01, 40.147, 43.183, 44.66, 44.717, 45.459, 45.522, 45.445, 45.005, 43.273, 43.43, 43.517, 43.2, 46.801, 49.262, 48.836, 49.087, 49.558, 48.844, 46.683, 48.747, 49.223, 46.644, 46.062, 45.759, 45.485, 46.654, 48.115, 48.952, 48.886, 48.824, 48.702], [44.656, 42.766, 41.599, 42.126, 42.858, 41.672, 41.084, 40.465, 40.659, 40.657, 40.635, 40.92, 39.391, 36.869, 35.108, 33.862, 32.985, 32.061, 32.066, 31.03, 28.026, 24.736, 21.935, 20.181, 19.288, 17.061, 12.594, 5.574, 0.0, 3.558, 4.884, 9.6, 18.571, 21.144, 20.264, 21.746, 25.036, 24.04, 25.522, 26.701, 26.371, 25.847, 25.757, 24.97, 25.118, 26.295, 26.744, 28.108, 29.942, 31.37, 32.827, 34.203, 34.109, 34.455, 36.772, 40.009, 43.143, 44.651, 44.66, 45.411, 45.47, 45.386, 45.024, 43.498, 43.679, 43.59, 43.273, 47.214, 50.076, 49.864, 50.035, 50.369, 49.576, 47.401, 49.838, 50.275, 47.348, 46.714, 46.366, 46.102, 47.167, 48.49, 49.311, 49.232, 49.229, 49.114], [45.174, 43.292, 42.18, 42.672, 43.363, 42.162, 41.581, 41.01, 41.239, 41.243, 41.143, 41.388, 39.898, 37.421, 35.695, 34.514, 33.69, 32.787, 32.79, 31.816, 28.893, 25.611, 22.788, 21.08, 20.177, 17.866, 13.533, 7.523, 3.558, 0.0, 2.645, 8.552, 18.315, 21.097, 20.209, 21.692, 24.806, 23.805, 25.319, 26.511, 26.082, 25.423, 25.321, 24.534, 24.734, 25.959, 26.422, 27.832, 29.682, 31.059, 32.475, 33.878, 33.788, 34.148, 36.563, 39.913, 43.095, 44.613, 44.624, 45.382, 45.464, 45.375, 45.046, 43.621, 43.832, 43.771, 43.462, 47.466, 50.462, 50.255, 50.425, 50.763, 49.991, 47.817, 50.296, 50.821, 47.872, 47.222, 46.877, 46.621, 47.675, 48.979, 49.795, 49.74, 49.775, 49.671], [45.221, 43.182, 42.011, 42.485, 43.133, 41.956, 41.368, 40.78, 41.0, 40.985, 40.854, 41.101, 39.604, 37.143, 35.52, 34.401, 33.625, 32.764, 32.744, 31.755, 28.814, 25.494, 22.702, 20.853, 19.745, 17.422, 13.312, 7.931, 4.884, 2.645, 0.0, 7.314, 18.078, 21.157, 20.159, 22.157, 25.414, 24.192, 25.61, 26.734, 26.224, 25.372, 25.217, 24.445, 24.72, 25.921, 26.323, 27.734, 29.584, 31.006, 32.512, 33.995, 33.868, 34.188, 36.761, 40.235, 43.381, 44.82, 44.824, 45.576, 45.651, 45.573, 45.216, 43.709, 43.979, 44.136, 43.931, 47.91, 50.882, 50.605, 50.738, 51.104, 50.36, 48.169, 50.594, 51.169, 48.269, 47.618, 47.288, 47.016, 48.101, 49.442, 50.28, 50.211, 50.224, 50.115], [44.658, 42.161, 40.769, 40.7, 40.741, 39.52, 38.892, 38.133, 38.274, 38.295, 38.07, 38.207, 36.574, 34.252, 33.043, 31.851, 31.015, 30.283, 30.181, 29.155, 26.464, 23.663, 21.407, 19.232, 17.881, 16.213, 13.3, 10.377, 9.6, 8.552, 7.314, 0.0, 12.346, 16.552, 15.808, 19.745, 23.539, 22.205, 23.988, 25.144, 25.031, 24.035, 23.699, 22.731, 23.092, 24.445, 24.646, 25.766, 27.572, 29.169, 30.859, 32.421, 32.232, 32.206, 34.53, 37.852, 40.898, 42.339, 42.379, 43.066, 43.111, 43.054, 42.681, 41.007, 41.358, 42.401, 43.16, 47.17, 49.873, 49.481, 49.681, 50.159, 49.607, 47.507, 49.501, 50.284, 47.874, 47.329, 47.097, 46.801, 47.948, 49.341, 50.148, 50.11, 50.079, 49.962], [45.463, 42.866, 41.455, 40.707, 39.985, 38.779, 38.095, 37.162, 37.341, 37.534, 37.155, 37.047, 35.288, 33.422, 32.726, 31.228, 30.244, 29.71, 29.584, 28.489, 26.263, 24.612, 23.536, 21.572, 20.946, 21.058, 19.771, 18.358, 18.571, 18.315, 18.078, 12.346, 0.0, 6.963, 8.363, 14.389, 18.689, 17.734, 20.464, 21.895, 22.733, 22.272, 21.769, 20.757, 21.331, 23.016, 23.165, 23.933, 25.691, 27.361, 28.957, 30.313, 30.162, 29.75, 31.191, 33.798, 36.538, 38.12, 38.277, 38.793, 38.776, 38.72, 38.384, 36.793, 37.077, 39.028, 41.923, 46.452, 48.607, 48.266, 48.674, 49.234, 48.868, 46.993, 48.402, 49.301, 47.574, 47.194, 47.055, 46.778, 47.861, 49.106, 49.799, 49.841, 49.791, 49.688], [46.517, 43.945, 42.671, 42.127, 41.567, 40.363, 39.639, 38.67, 38.908, 39.141, 38.673, 38.472, 36.703, 34.922, 34.327, 32.883, 31.969, 31.519, 31.415, 30.371, 28.179, 26.54, 25.574, 23.945, 23.468, 23.54, 22.316, 20.909, 21.144, 21.097, 21.157, 16.552, 6.963, 0.0, 5.299, 12.229, 15.708, 14.744, 17.787, 19.584, 20.899, 21.024, 20.54, 19.782, 20.627, 22.375, 22.522, 23.257, 24.905, 26.339, 27.56, 28.643, 28.541, 28.305, 29.759, 32.294, 35.006, 36.673, 36.868, 37.31, 37.3, 37.233, 36.915, 35.532, 35.766, 37.702, 41.937, 47.838, 50.192, 49.945, 50.577, 51.166, 50.684, 48.67, 50.057, 50.866, 48.955, 48.514, 48.361, 48.122, 49.175, 50.14, 50.725, 50.823, 50.771, 50.724], [46.397, 43.922, 42.581, 42.361, 42.062, 40.832, 40.111, 39.194, 39.493, 39.716, 39.253, 39.127, 37.368, 35.59, 35.008, 33.6, 32.72, 32.26, 32.162, 31.025, 28.561, 26.601, 25.446, 23.794, 23.425, 23.575, 22.218, 20.312, 20.264, 20.209, 20.159, 15.808, 8.363, 5.299, 0.0, 10.333, 15.271, 13.844, 16.535, 18.277, 19.343, 19.37, 19.077, 18.534, 19.593, 21.279, 21.503, 22.478, 24.072, 25.527, 27.07, 28.413, 28.311, 28.229, 30.153, 33.129, 36.017, 37.602, 37.751, 38.178, 38.086, 37.995, 37.661, 36.177, 36.406, 38.187, 42.134, 48.307, 50.958, 50.664, 51.149, 51.728, 51.188, 49.057, 50.559, 51.282, 49.055, 48.528, 48.302, 48.033, 49.01, 49.822, 50.455, 50.583, 50.531, 50.481], [47.242, 46.019, 45.189, 45.697, 46.208, 45.082, 44.436, 43.559, 43.992, 44.501, 44.283, 44.256, 42.825, 41.46, 40.693, 39.166, 38.277, 37.626, 37.54, 36.137, 33.175, 31.088, 29.826, 28.704, 28.991, 29.0, 26.799, 23.16, 21.746, 21.692, 22.157, 19.745, 14.389, 12.229, 10.333, 0.0, 7.783, 8.124, 10.965, 13.674, 15.414, 17.58, 18.449, 17.962, 18.847, 20.598, 21.269, 22.406, 23.84, 24.885, 26.061, 27.225, 27.431, 28.173, 30.169, 32.828, 35.663, 37.362, 37.448, 37.817, 37.825, 37.772, 37.596, 36.864, 37.107, 38.108, 42.215, 48.657, 51.473, 51.815, 52.369, 52.674, 51.92, 49.825, 51.734, 52.114, 49.301, 48.654, 48.317, 48.104, 48.734, 49.059, 49.597, 49.833, 49.947, 49.909], [48.468, 47.652, 47.243, 47.845, 48.434, 47.367, 46.727, 45.824, 46.282, 46.911, 46.65, 46.438, 45.081, 43.952, 43.321, 41.873, 41.022, 40.372, 40.296, 38.921, 36.037, 34.129, 32.972, 32.061, 32.322, 32.106, 29.866, 26.459, 25.036, 24.806, 25.414, 23.539, 18.689, 15.708, 15.271, 7.783, 0.0, 5.167, 10.307, 13.813, 16.366, 19.427, 20.525, 19.973, 20.876, 22.811, 23.517, 24.458, 25.66, 26.28, 26.717, 27.393, 27.715, 28.731, 30.513, 32.703, 35.353, 37.252, 37.388, 37.682, 37.832, 37.841, 37.746, 37.509, 37.834, 38.634, 43.294, 50.141, 52.896, 53.427, 54.311, 54.611, 53.797, 51.699, 53.578, 53.872, 50.961, 50.295, 49.979, 49.834, 50.401, 50.529, 50.951, 51.28, 51.478, 51.461], [47.45, 46.386, 45.903, 46.702, 47.373, 46.253, 45.555, 44.647, 45.168, 45.773, 45.51, 45.388, 44.002, 42.739, 42.102, 40.699, 39.857, 39.229, 39.13, 37.692, 34.668, 32.581, 31.398, 30.437, 30.693, 30.593, 28.53, 25.35, 24.04, 23.805, 24.192, 22.205, 17.734, 14.744, 13.844, 8.124, 5.167, 0.0, 7.783, 12.361, 15.059, 17.77, 18.595, 18.122, 19.164, 21.07, 21.756, 22.933, 24.353, 25.186, 25.9, 26.764, 26.98, 27.93, 30.128, 32.696, 35.331, 37.101, 37.258, 37.57, 37.666, 37.659, 37.501, 37.004, 37.326, 38.295, 42.946, 49.914, 52.723, 53.074, 53.899, 54.275, 53.443, 51.21, 53.072, 53.423, 50.48, 49.793, 49.468, 49.313, 49.901, 50.061, 50.518, 50.825, 50.998, 50.973], [47.649, 46.602, 46.018, 47.115, 48.392, 47.439, 46.69, 45.795, 46.414, 47.065, 46.874, 47.034, 45.905, 44.766, 44.128, 42.789, 42.028, 41.371, 41.2, 39.741, 36.62, 34.369, 33.092, 32.08, 32.402, 32.463, 30.531, 27.17, 25.522, 25.319, 25.61, 23.988, 20.464, 17.787, 16.535, 10.965, 10.307, 7.783, 0.0, 6.189, 10.083, 13.851, 15.225, 15.238, 16.483, 17.954, 18.602, 20.141, 21.865, 22.981, 24.234, 25.466, 25.703, 26.992, 29.838, 32.899, 35.715, 37.349, 37.434, 37.815, 37.897, 37.849, 37.657, 37.115, 37.442, 38.369, 43.152, 50.473, 53.554, 54.029, 54.789, 55.118, 54.302, 52.023, 53.957, 54.319, 51.223, 50.496, 50.14, 49.963, 50.455, 50.413, 50.82, 51.088, 51.258, 51.25], [48.055, 46.901, 46.226, 47.216, 48.566, 47.811, 47.121, 46.265, 46.904, 47.537, 47.34, 47.556, 46.557, 45.596, 45.089, 43.848, 43.143, 42.507, 42.32, 40.914, 37.873, 35.656, 34.385, 33.151, 33.228, 33.362, 31.592, 28.327, 26.701, 26.511, 26.734, 25.144, 21.895, 19.584, 18.277, 13.674, 13.813, 12.361, 6.189, 0.0, 5.642, 10.5, 12.434, 12.837, 14.427, 15.879, 16.434, 18.059, 19.989, 21.363, 23.125, 24.719, 24.96, 26.354, 29.515, 32.864, 35.866, 37.458, 37.493, 37.93, 38.003, 37.941, 37.728, 37.08, 37.405, 38.325, 42.993, 50.393, 53.606, 54.093, 54.851, 55.2, 54.477, 52.327, 54.303, 54.683, 51.594, 50.903, 50.566, 50.362, 50.858, 50.787, 51.151, 51.37, 51.515, 51.503], [47.826, 46.617, 45.873, 46.983, 48.579, 47.96, 47.439, 46.779, 47.456, 48.031, 47.835, 48.113, 47.167, 46.252, 45.793, 44.638, 43.946, 43.316, 43.148, 41.741, 38.603, 36.177, 34.704, 33.365, 33.359, 33.385, 31.513, 28.124, 26.371, 26.082, 26.224, 25.031, 22.733, 20.899, 19.343, 15.414, 16.366, 15.059, 10.083, 5.642, 0.0, 6.274, 9.152, 10.265, 12.552, 14.223, 14.961, 16.984, 19.257, 20.903, 23.03, 24.901, 25.036, 26.432, 29.938, 33.533, 36.601, 38.105, 38.083, 38.621, 38.744, 38.664, 38.412, 37.667, 37.983, 38.764, 42.947, 50.31, 53.746, 54.208, 54.889, 55.235, 54.496, 52.367, 54.639, 55.085, 51.87, 51.161, 50.778, 50.536, 51.034, 50.994, 51.387, 51.525, 51.631, 51.602], [47.609, 46.023, 45.042, 45.916, 47.401, 46.834, 46.406, 45.975, 46.676, 47.109, 46.831, 47.125, 46.143, 45.065, 44.565, 43.441, 42.738, 42.148, 42.006, 40.734, 37.733, 35.243, 33.639, 32.117, 31.949, 31.999, 30.354, 27.397, 25.847, 25.423, 25.372, 24.035, 22.272, 21.024, 19.37, 17.58, 19.427, 17.77, 13.851, 10.5, 6.274, 0.0, 4.15, 6.762, 10.294, 12.44, 13.26, 15.797, 18.624, 20.789, 23.415, 25.563, 25.497, 26.474, 30.081, 33.916, 37.05, 38.495, 38.489, 39.127, 39.286, 39.184, 38.855, 37.819, 38.123, 38.981, 42.524, 49.546, 53.055, 53.332, 53.953, 54.378, 53.712, 51.544, 53.814, 54.489, 51.436, 50.745, 50.35, 50.056, 50.634, 50.813, 51.291, 51.342, 51.388, 51.35], [47.237, 45.439, 44.401, 45.189, 46.542, 45.963, 45.538, 45.173, 45.899, 46.259, 45.934, 46.225, 45.187, 43.963, 43.42, 42.309, 41.618, 41.062, 40.941, 39.738, 36.819, 34.333, 32.742, 31.154, 30.92, 31.063, 29.652, 27.059, 25.757, 25.321, 25.217, 23.699, 21.769, 20.54, 19.077, 18.449, 20.525, 18.595, 15.225, 12.434, 9.152, 4.15, 0.0, 4.079, 8.694, 11.184, 11.884, 14.457, 17.544, 19.933, 22.679, 24.869, 24.713, 25.446, 29.074, 33.036, 36.17, 37.614, 37.654, 38.305, 38.447, 38.346, 37.983, 36.793, 37.078, 38.025, 41.527, 48.557, 52.011, 52.153, 52.775, 53.248, 52.582, 50.365, 52.531, 53.307, 50.494, 49.939, 49.589, 49.279, 49.919, 50.235, 50.76, 50.799, 50.82, 50.791], [46.287, 44.5, 43.526, 44.274, 45.5, 44.875, 44.444, 44.033, 44.715, 45.102, 44.822, 45.092, 44.027, 42.771, 42.221, 41.111, 40.418, 39.859, 39.752, 38.54, 35.664, 33.304, 31.797, 30.18, 29.905, 30.027, 28.659, 26.204, 24.97, 24.534, 24.445, 22.731, 20.757, 19.782, 18.534, 17.962, 19.973, 18.122, 15.238, 12.837, 10.265, 6.762, 4.079, 0.0, 5.892, 9.262, 9.918, 12.344, 15.691, 18.177, 20.858, 22.999, 22.866, 23.644, 27.201, 31.096, 34.33, 35.946, 36.031, 36.713, 36.896, 36.825, 36.449, 35.252, 35.584, 36.547, 40.0, 46.957, 50.342, 50.467, 51.104, 51.562, 50.873, 48.665, 50.868, 51.663, 49.038, 48.697, 48.43, 48.124, 48.81, 49.206, 49.72, 49.764, 49.789, 49.753], [46.507, 44.74, 43.741, 44.392, 45.479, 44.776, 44.34, 43.869, 44.442, 44.844, 44.904, 45.425, 44.353, 42.989, 42.349, 41.237, 40.506, 39.926, 39.827, 38.652, 35.892, 33.604, 32.114, 30.435, 30.062, 30.108, 28.775, 26.427, 25.118, 24.734, 24.72, 23.092, 21.331, 20.627, 19.593, 18.847, 20.876, 19.164, 16.483, 14.427, 12.552, 10.294, 8.694, 5.892, 0.0, 4.594, 6.049, 8.84, 13.098, 16.18, 19.352, 21.666, 21.657, 22.68, 26.093, 29.938, 33.426, 35.167, 35.244, 36.005, 36.237, 36.178, 35.8, 34.646, 35.059, 35.97, 39.177, 45.876, 49.301, 49.508, 50.098, 50.489, 49.807, 47.757, 50.187, 51.007, 48.545, 48.364, 48.199, 47.921, 48.661, 49.22, 49.723, 49.685, 49.661, 49.589], [47.057, 45.268, 44.205, 44.964, 46.195, 45.501, 45.057, 44.571, 45.109, 45.499, 45.742, 46.535, 45.551, 44.113, 43.397, 42.311, 41.63, 41.056, 40.952, 39.784, 37.018, 34.668, 33.2, 31.616, 31.286, 31.35, 30.061, 27.688, 26.295, 25.959, 25.921, 24.445, 23.016, 22.375, 21.279, 20.598, 22.811, 21.07, 17.954, 15.879, 14.223, 12.44, 11.184, 9.262, 4.594, 0.0, 3.034, 7.475, 12.407, 15.744, 19.231, 21.754, 21.793, 22.977, 26.546, 30.52, 34.033, 35.63, 35.658, 36.43, 36.637, 36.559, 36.173, 35.023, 35.469, 36.448, 39.694, 46.422, 49.941, 50.181, 50.706, 51.064, 50.382, 48.332, 50.812, 51.62, 49.173, 49.02, 48.873, 48.632, 49.333, 49.864, 50.381, 50.283, 50.204, 50.121], [46.516, 44.617, 43.518, 44.24, 45.463, 44.791, 44.335, 43.829, 44.352, 44.727, 44.955, 45.773, 44.849, 43.481, 42.862, 41.844, 41.216, 40.68, 40.558, 39.392, 36.661, 34.384, 33.022, 31.494, 31.134, 31.223, 30.102, 27.981, 26.744, 26.422, 26.323, 24.646, 23.165, 22.522, 21.503, 21.269, 23.517, 21.756, 18.602, 16.434, 14.961, 13.26, 11.884, 9.918, 6.049, 3.034, 0.0, 5.741, 11.211, 14.716, 18.27, 20.861, 20.877, 22.018, 25.717, 29.804, 33.335, 34.885, 34.925, 35.691, 35.865, 35.786, 35.38, 34.177, 34.651, 35.735, 39.093, 45.943, 49.484, 49.704, 50.251, 50.631, 49.957, 47.848, 50.244, 51.087, 48.724, 48.631, 48.515, 48.286, 49.049, 49.612, 50.12, 50.033, 49.936, 49.864], [46.932, 44.987, 43.911, 44.466, 45.415, 44.704, 44.235, 43.636, 44.131, 44.54, 44.8, 45.559, 44.617, 43.544, 43.3, 42.378, 41.726, 41.208, 41.072, 39.926, 37.366, 35.329, 34.093, 32.468, 31.939, 31.969, 30.984, 29.166, 28.108, 27.832, 27.734, 25.766, 23.933, 23.257, 22.478, 22.406, 24.458, 22.933, 20.141, 18.059, 16.984, 15.797, 14.457, 12.344, 8.84, 7.475, 5.741, 0.0, 6.392, 10.982, 15.382, 18.276, 18.289, 19.44, 23.146, 27.391, 31.217, 32.92, 32.992, 33.734, 33.88, 33.825, 33.432, 32.334, 32.93, 34.153, 37.811, 44.972, 48.576, 48.861, 49.425, 49.768, 49.091, 47.111, 49.543, 50.424, 48.241, 48.246, 48.253, 48.012, 48.941, 49.749, 50.268, 50.208, 50.098, 50.03], [47.881, 46.0, 44.972, 45.546, 46.394, 45.641, 45.158, 44.493, 44.993, 45.448, 45.691, 46.369, 45.421, 44.583, 44.626, 43.811, 43.193, 42.705, 42.573, 41.474, 39.034, 37.147, 36.017, 34.468, 33.876, 33.762, 32.71, 30.932, 29.942, 29.682, 29.584, 27.572, 25.691, 24.905, 24.072, 23.84, 25.66, 24.353, 21.865, 19.989, 19.257, 18.624, 17.544, 15.691, 13.098, 12.407, 11.211, 6.392, 0.0, 5.851, 11.588, 14.994, 15.028, 16.405, 20.426, 24.951, 29.088, 30.928, 31.006, 31.665, 31.752, 31.711, 31.398, 30.611, 31.341, 32.655, 36.785, 44.631, 48.535, 48.946, 49.548, 49.848, 49.116, 47.189, 49.719, 50.535, 48.269, 48.265, 48.348, 48.122, 49.14, 50.066, 50.705, 50.778, 50.699, 50.667], [48.238, 46.503, 45.597, 46.289, 47.164, 46.358, 45.868, 45.184, 45.68, 46.164, 46.361, 46.964, 46.067, 45.331, 45.435, 44.751, 44.276, 43.814, 43.694, 42.625, 40.211, 38.376, 37.376, 36.123, 35.61, 35.293, 34.1, 32.325, 31.37, 31.059, 31.006, 29.169, 27.361, 26.339, 25.527, 24.885, 26.28, 25.186, 22.981, 21.363, 20.903, 20.789, 19.933, 18.177, 16.18, 15.744, 14.716, 10.982, 5.851, 0.0, 6.648, 10.644, 10.924, 13.091, 17.703, 22.451, 26.68, 28.648, 28.751, 29.333, 29.454, 29.434, 29.249, 28.925, 29.694, 30.911, 35.549, 44.073, 48.313, 48.922, 49.649, 49.941, 49.138, 47.175, 49.792, 50.533, 48.046, 48.003, 48.114, 47.913, 48.927, 49.755, 50.459, 50.779, 50.835, 50.861], [47.96, 46.396, 45.708, 46.504, 47.407, 46.551, 46.032, 45.294, 45.76, 46.284, 46.43, 46.945, 46.122, 45.483, 45.615, 45.039, 44.763, 44.38, 44.269, 43.206, 40.816, 39.089, 38.32, 37.493, 37.099, 36.591, 35.33, 33.684, 32.827, 32.475, 32.512, 30.859, 28.957, 27.56, 27.07, 26.061, 26.717, 25.9, 24.234, 23.125, 23.03, 23.415, 22.679, 20.858, 19.352, 19.231, 18.27, 15.382, 11.588, 6.648, 0.0, 4.521, 5.479, 9.301, 14.465, 19.158, 23.212, 25.248, 25.403, 25.963, 26.277, 26.307, 26.259, 26.513, 27.297, 28.371, 33.798, 43.011, 47.46, 48.315, 49.235, 49.501, 48.617, 46.62, 49.301, 50.019, 47.42, 47.386, 47.552, 47.382, 48.365, 49.034, 49.683, 50.233, 50.472, 50.563], [47.741, 46.304, 45.78, 46.632, 47.56, 46.697, 46.156, 45.378, 45.843, 46.426, 46.566, 47.027, 46.254, 45.719, 45.9, 45.357, 45.163, 44.848, 44.744, 43.679, 41.343, 39.757, 39.173, 38.599, 38.304, 37.762, 36.517, 34.979, 34.203, 33.878, 33.995, 32.421, 30.313, 28.643, 28.413, 27.225, 27.393, 26.764, 25.466, 24.719, 24.901, 25.563, 24.869, 22.999, 21.666, 21.754, 20.861, 18.276, 14.994, 10.644, 4.521, 0.0, 2.73, 7.982, 12.846, 17.163, 21.068, 23.146, 23.334, 23.897, 24.359, 24.429, 24.492, 25.153, 25.963, 26.889, 32.865, 42.485, 46.972, 47.971, 49.022, 49.251, 48.312, 46.321, 49.012, 49.706, 47.121, 47.121, 47.356, 47.232, 48.192, 48.764, 49.347, 49.979, 50.297, 50.439], [47.319, 45.791, 45.225, 46.041, 46.981, 46.145, 45.588, 44.824, 45.326, 45.893, 46.001, 46.468, 45.723, 45.265, 45.522, 45.001, 44.809, 44.512, 44.417, 43.4, 41.106, 39.516, 38.943, 38.347, 38.005, 37.474, 36.298, 34.839, 34.109, 33.788, 33.868, 32.232, 30.162, 28.541, 28.311, 27.431, 27.715, 26.98, 25.703, 24.96, 25.036, 25.497, 24.713, 22.866, 21.657, 21.793, 20.877, 18.289, 15.028, 10.924, 5.479, 2.73, 0.0, 5.887, 11.415, 16.11, 20.127, 22.188, 22.368, 22.978, 23.431, 23.498, 23.523, 24.086, 24.959, 26.111, 32.311, 42.114, 46.663, 47.608, 48.634, 48.862, 47.947, 45.959, 48.658, 49.392, 46.797, 46.77, 47.03, 46.899, 47.864, 48.462, 49.071, 49.68, 49.96, 50.117], [46.973, 45.19, 44.482, 44.991, 45.659, 44.808, 44.237, 43.506, 44.027, 44.536, 44.587, 45.02, 44.277, 43.865, 44.222, 43.731, 43.549, 43.311, 43.218, 42.429, 40.457, 38.964, 38.46, 37.788, 37.318, 36.876, 36.001, 34.928, 34.455, 34.148, 34.188, 32.206, 29.75, 28.305, 28.229, 28.173, 28.731, 27.93, 26.992, 26.354, 26.432, 26.474, 25.446, 23.644, 22.68, 22.977, 22.018, 19.44, 16.405, 13.091, 9.301, 7.982, 5.887, 0.0, 7.037, 12.903, 17.292, 19.489, 19.737, 20.433, 20.873, 20.917, 20.883, 21.209, 22.123, 23.915, 30.699, 40.648, 45.21, 46.092, 47.124, 47.376, 46.568, 44.691, 47.246, 48.113, 45.686, 45.63, 45.952, 45.779, 46.764, 47.518, 48.183, 48.777, 49.001, 49.16], [48.015, 46.29, 45.607, 45.664, 45.796, 44.854, 44.302, 43.576, 44.078, 44.636, 44.724, 45.037, 44.269, 43.919, 44.267, 43.718, 43.478, 43.264, 43.178, 42.645, 41.289, 40.31, 39.993, 39.359, 38.922, 38.526, 37.773, 37.01, 36.772, 36.563, 36.761, 34.53, 31.191, 29.759, 30.153, 30.169, 30.513, 30.128, 29.838, 29.515, 29.938, 30.081, 29.074, 27.201, 26.093, 26.546, 25.717, 23.146, 20.426, 17.703, 14.465, 12.846, 11.415, 7.037, 0.0, 6.978, 12.865, 16.078, 16.491, 17.364, 18.03, 18.059, 18.152, 18.881, 19.731, 21.565, 28.921, 38.763, 43.187, 44.236, 45.361, 45.558, 44.827, 43.231, 45.709, 46.614, 44.437, 44.391, 44.826, 44.668, 45.693, 46.645, 47.284, 47.915, 48.188, 48.375], [49.114, 47.625, 47.099, 46.906, 46.728, 45.777, 45.24, 44.474, 44.929, 45.582, 45.724, 45.925, 45.202, 45.024, 45.422, 44.808, 44.535, 44.352, 44.257, 43.787, 42.813, 42.451, 42.514, 42.079, 41.786, 41.475, 40.764, 40.147, 40.009, 39.913, 40.235, 37.852, 33.798, 32.294, 33.129, 32.828, 32.703, 32.696, 32.899, 32.864, 33.533, 33.916, 33.036, 31.096, 29.938, 30.52, 29.804, 27.391, 24.951, 22.451, 19.158, 17.163, 16.11, 12.903, 6.978, 0.0, 7.677, 12.504, 13.156, 14.193, 15.367, 15.523, 15.719, 17.107, 17.966, 19.859, 27.998, 37.713, 41.97, 43.284, 44.559, 44.658, 43.95, 42.607, 45.111, 46.02, 44.072, 44.082, 44.624, 44.532, 45.534, 46.514, 47.059, 47.739, 48.055, 48.269], [49.529, 48.19, 47.832, 47.675, 47.459, 46.544, 46.004, 45.207, 45.653, 46.37, 46.506, 46.655, 46.023, 46.006, 46.48, 45.87, 45.684, 45.559, 45.449, 44.923, 43.977, 43.891, 44.395, 44.289, 44.167, 44.102, 43.625, 43.183, 43.143, 43.095, 43.381, 40.898, 36.538, 35.006, 36.017, 35.663, 35.353, 35.331, 35.715, 35.866, 36.601, 37.05, 36.17, 34.33, 33.426, 34.033, 33.335, 31.217, 29.088, 26.68, 23.212, 21.068, 20.127, 17.292, 12.865, 7.677, 0.0, 6.295, 7.585, 8.556, 10.42, 10.86, 11.246, 13.413, 14.365, 17.121, 26.907, 36.88, 40.961, 42.428, 43.801, 43.825, 43.124, 41.939, 44.413, 45.403, 43.642, 43.727, 44.355, 44.318, 45.279, 46.22, 46.719, 47.492, 47.852, 48.119], [49.672, 48.323, 47.976, 47.959, 47.862, 46.983, 46.453, 45.658, 46.112, 46.845, 47.012, 47.236, 46.681, 46.693, 47.164, 46.562, 46.457, 46.379, 46.263, 45.708, 44.679, 44.534, 45.169, 45.275, 45.258, 45.333, 45.041, 44.66, 44.651, 44.613, 44.82, 42.339, 38.12, 36.673, 37.602, 37.362, 37.252, 37.101, 37.349, 37.458, 38.105, 38.495, 37.614, 35.946, 35.167, 35.63, 34.885, 32.92, 30.928, 28.648, 25.248, 23.146, 22.188, 19.489, 16.078, 12.504, 6.295, 0.0, 2.286, 3.737, 6.258, 6.92, 7.588, 10.482, 11.564, 15.294, 26.268, 36.628, 40.751, 42.239, 43.56, 43.532, 42.858, 41.732, 44.234, 45.253, 43.484, 43.592, 44.242, 44.21, 45.167, 46.099, 46.595, 47.359, 47.71, 48.043], [49.776, 48.442, 48.083, 48.145, 48.136, 47.269, 46.753, 45.966, 46.424, 47.164, 47.357, 47.614, 47.07, 47.068, 47.508, 46.886, 46.781, 46.697, 46.581, 46.036, 44.98, 44.776, 45.367, 45.483, 45.485, 45.528, 45.181, 44.717, 44.66, 44.624, 44.824, 42.379, 38.277, 36.868, 37.751, 37.448, 37.388, 37.258, 37.434, 37.493, 38.083, 38.489, 37.654, 36.031, 35.244, 35.658, 34.925, 32.992, 31.006, 28.751, 25.403, 23.334, 22.368, 19.737, 16.491, 13.156, 7.585, 2.286, 0.0, 2.999, 5.874, 6.527, 7.312, 10.385, 11.49, 15.325, 26.379, 36.808, 40.989, 42.485, 43.764, 43.706, 43.033, 41.92, 44.491, 45.472, 43.616, 43.695, 44.324, 44.289, 45.222, 46.125, 46.618, 47.348, 47.684, 48.03], [50.299, 49.019, 48.7, 48.781, 48.74, 47.863, 47.336, 46.523, 46.969, 47.707, 47.861, 48.074, 47.54, 47.6, 48.081, 47.449, 47.343, 47.259, 47.142, 46.571, 45.481, 45.294, 45.931, 46.059, 46.105, 46.259, 45.961, 45.459, 45.411, 45.382, 45.576, 4