[[0.0, 3.568, 6.0, 8.332, 10.467, 13.447, 16.951, 19.194, 19.178, 19.543, 21.623, 25.053, 28.398, 30.276, 31.829, 33.574, 35.767, 39.092, 40.726, 40.024, 40.057, 40.972, 42.449, 44.925, 53.086, 68.447, 78.585, 81.787, 83.158, 83.291, 82.243, 81.3, 81.312, 81.588, 81.847, 81.652, 81.051, 79.844, 78.173, 76.794, 75.437, 75.484, 76.214, 75.819, 75.267, 75.357, 75.6, 76.086, 76.631, 76.423, 75.6, 75.876, 76.339, 76.562, 76.404, 75.111, 74.328, 74.297, 72.991, 71.226, 71.836, 73.009, 74.004, 74.15, 74.468, 74.102, 72.699, 71.985, 71.709, 71.685, 71.635, 70.664, 69.454, 68.67, 69.733, 70.937, 72.14, 72.984, 73.45, 73.273, 73.035, 72.947, 72.13, 71.247, 70.987, 71.055], [3.568, 0.0, 3.513, 6.964, 9.969, 13.678, 17.594, 19.95, 19.929, 20.163, 22.024, 25.26, 28.561, 30.45, 31.934, 33.573, 35.749, 39.138, 40.791, 40.093, 40.142, 41.048, 42.565, 45.118, 53.249, 68.563, 78.715, 81.931, 83.298, 83.423, 82.342, 81.329, 81.278, 81.573, 81.889, 81.72, 81.123, 79.908, 78.195, 76.748, 75.337, 75.336, 76.058, 75.654, 75.094, 75.18, 75.393, 75.855, 76.396, 76.19, 75.341, 75.57, 76.004, 76.223, 76.069, 74.806, 74.054, 74.02, 72.735, 71.017, 71.647, 72.823, 73.829, 73.975, 74.271, 73.881, 72.478, 71.775, 71.506, 71.474, 71.412, 70.466, 69.311, 68.536, 69.556, 70.743, 71.938, 72.781, 73.23, 73.06, 72.879, 72.831, 72.034, 71.175, 70.959, 71.042], [6.0, 3.513, 0.0, 4.319, 8.769, 13.262, 17.247, 19.622, 19.778, 19.925, 21.704, 25.068, 28.447, 30.249, 31.432, 32.762, 34.805, 38.228, 40.004, 39.373, 39.433, 40.372, 41.982, 44.65, 52.739, 68.051, 78.296, 81.572, 82.939, 83.04, 81.922, 80.881, 80.806, 81.101, 81.428, 81.268, 80.685, 79.468, 77.731, 76.285, 74.909, 74.924, 75.641, 75.25, 74.699, 74.79, 74.996, 75.449, 75.999, 75.806, 74.985, 75.231, 75.646, 75.848, 75.694, 74.465, 73.744, 73.706, 72.46, 70.837, 71.528, 72.727, 73.749, 73.914, 74.225, 73.824, 72.432, 71.745, 71.485, 71.462, 71.393, 70.489, 69.398, 68.598, 69.524, 70.684, 71.871, 72.677, 73.079, 72.904, 72.771, 72.76, 71.988, 71.16, 70.99, 71.088], [8.332, 6.964, 4.319, 0.0, 5.544, 10.82, 15.028, 17.693, 18.275, 18.562, 20.474, 24.277, 27.895, 29.559, 30.395, 31.433, 33.451, 36.949, 38.796, 38.25, 38.323, 39.341, 41.074, 43.922, 52.265, 67.863, 78.231, 81.535, 82.901, 82.987, 81.855, 80.837, 80.795, 81.099, 81.438, 81.29, 80.7, 79.502, 77.842, 76.517, 75.327, 75.584, 76.419, 76.042, 75.488, 75.583, 75.799, 76.261, 76.825, 76.628, 75.8, 76.084, 76.551, 76.775, 76.607, 75.331, 74.592, 74.555, 73.306, 71.768, 72.491, 73.638, 74.619, 74.803, 75.163, 74.786, 73.419, 72.749, 72.466, 72.441, 72.381, 71.487, 70.405, 69.571, 70.365, 71.344, 72.445, 73.272, 73.708, 73.528, 73.407, 73.407, 72.633, 71.822, 71.664, 71.765], [10.467, 9.969, 8.769, 5.544, 0.0, 6.061, 11.323, 14.944, 16.028, 16.594, 18.883, 23.293, 27.21, 28.744, 29.41, 30.405, 32.639, 36.276, 38.05, 37.525, 37.627, 38.752, 40.568, 43.545, 52.366, 68.432, 78.881, 82.141, 83.499, 83.595, 82.471, 81.494, 81.504, 81.817, 82.176, 82.055, 81.445, 80.297, 78.822, 77.692, 76.711, 77.26, 78.266, 77.888, 77.309, 77.398, 77.622, 78.1, 78.665, 78.442, 77.555, 77.853, 78.412, 78.699, 78.51, 77.107, 76.281, 76.25, 74.949, 73.425, 74.138, 75.182, 76.086, 76.268, 76.665, 76.336, 74.994, 74.323, 74.0, 73.959, 73.914, 72.973, 71.829, 70.989, 71.737, 72.512, 73.527, 74.453, 75.01, 74.844, 74.686, 74.656, 73.842, 73.013, 72.816, 72.903], [13.447, 13.678, 13.262, 10.82, 6.061, 0.0, 6.322, 11.255, 13.205, 14.05, 16.687, 21.805, 26.148, 27.708, 28.329, 29.343, 31.708, 35.376, 37.058, 36.539, 36.634, 37.867, 39.782, 42.888, 52.214, 68.786, 79.395, 82.663, 84.026, 84.144, 83.052, 82.127, 82.198, 82.518, 82.88, 82.793, 82.234, 81.204, 79.95, 79.069, 78.327, 79.065, 80.102, 79.715, 79.125, 79.208, 79.447, 79.922, 80.48, 80.253, 79.405, 79.801, 80.453, 80.789, 80.574, 79.027, 78.062, 78.034, 76.71, 75.195, 75.905, 76.889, 77.764, 77.94, 78.31, 77.982, 76.637, 75.945, 75.599, 75.57, 75.519, 74.498, 73.25, 72.362, 73.147, 73.905, 74.949, 75.952, 76.587, 76.439, 76.232, 76.143, 75.258, 74.381, 74.126, 74.176], [16.951, 17.594, 17.247, 15.028, 11.323, 6.322, 0.0, 6.119, 9.743, 11.225, 14.137, 19.895, 24.78, 26.644, 27.347, 28.32, 30.604, 34.156, 35.796, 35.326, 35.379, 36.665, 38.694, 42.022, 51.832, 68.796, 79.547, 82.855, 84.237, 84.377, 83.328, 82.483, 82.633, 82.964, 83.318, 83.253, 82.769, 81.859, 80.745, 80.069, 79.613, 80.584, 81.605, 81.214, 80.632, 80.72, 80.978, 81.429, 81.981, 81.79, 81.069, 81.645, 82.397, 82.757, 82.515, 80.878, 79.817, 79.792, 78.472, 76.96, 77.638, 78.572, 79.443, 79.627, 79.967, 79.594, 78.228, 77.526, 77.171, 77.177, 77.125, 76.04, 74.692, 73.743, 74.567, 75.338, 76.405, 77.422, 78.075, 77.934, 77.711, 77.59, 76.633, 75.681, 75.348, 75.341], [19.194, 19.95, 19.622, 17.693, 14.944, 11.255, 6.119, 0.0, 5.24, 7.861, 11.059, 16.99, 22.307, 24.577, 25.572, 26.756, 29.156, 32.683, 34.274, 33.824, 33.833, 35.102, 37.197, 40.8, 51.104, 68.374, 79.158, 82.47, 83.88, 84.037, 82.98, 82.135, 82.32, 82.66, 83.009, 82.926, 82.414, 81.508, 80.417, 79.762, 79.424, 80.688, 81.832, 81.446, 80.864, 80.962, 81.227, 81.659, 82.202, 82.032, 81.391, 82.092, 82.913, 83.295, 83.039, 81.388, 80.333, 80.315, 78.956, 77.338, 77.927, 78.774, 79.587, 79.752, 80.111, 79.717, 78.323, 77.635, 77.268, 77.322, 77.341, 76.206, 74.741, 73.796, 74.708, 75.421, 76.451, 77.465, 78.125, 77.984, 77.757, 77.628, 76.661, 75.634, 75.196, 75.136], [19.178, 19.929, 19.778, 18.275, 16.028, 13.205, 9.743, 5.24, 0.0, 4.061, 8.237, 14.381, 19.902, 22.463, 23.952, 25.707, 28.688, 32.461, 33.925, 33.331, 33.323, 34.533, 36.556, 40.167, 50.603, 67.938, 78.694, 81.998, 83.43, 83.599, 82.509, 81.577, 81.711, 82.037, 82.364, 82.256, 81.652, 80.68, 79.57, 78.791, 78.279, 79.595, 80.898, 80.544, 79.959, 80.056, 80.32, 80.751, 81.272, 81.099, 80.446, 81.116, 81.929, 82.328, 82.082, 80.473, 79.471, 79.457, 78.046, 76.213, 76.66, 77.438, 78.168, 78.283, 78.696, 78.344, 76.931, 76.254, 75.883, 75.94, 76.031, 74.875, 73.334, 72.467, 73.517, 74.202, 75.167, 76.155, 76.813, 76.674, 76.431, 76.292, 75.381, 74.301, 73.749, 73.669], [19.543, 20.163, 19.925, 18.562, 16.594, 14.05, 11.225, 7.861, 4.061, 0.0, 5.206, 12.241, 17.913, 20.576, 22.276, 24.181, 27.364, 31.316, 32.739, 32.043, 32.053, 33.235, 35.237, 38.787, 49.053, 66.372, 77.251, 80.636, 82.083, 82.259, 81.163, 80.175, 80.234, 80.528, 80.836, 80.735, 80.128, 79.183, 78.124, 77.358, 76.809, 78.071, 79.381, 79.067, 78.498, 78.593, 78.875, 79.313, 79.827, 79.677, 79.081, 79.772, 80.556, 80.942, 80.703, 79.125, 78.136, 78.115, 76.743, 74.889, 75.293, 76.072, 76.794, 76.886, 77.301, 76.974, 75.572, 74.902, 74.546, 74.601, 74.701, 73.583, 72.091, 71.25, 72.293, 73.007, 73.977, 74.919, 75.526, 75.38, 75.13, 74.988, 74.122, 73.021, 72.431, 72.356], [21.623, 22.024, 21.704, 20.474, 18.883, 16.687, 14.137, 11.059, 8.237, 5.206, 0.0, 7.808, 13.865, 16.868, 19.148, 21.603, 25.273, 29.417, 30.682, 29.877, 29.897, 31.066, 33.126, 36.785, 47.16, 64.686, 75.736, 79.202, 80.675, 80.869, 79.791, 78.785, 78.813, 79.109, 79.428, 79.345, 78.754, 77.845, 76.833, 76.128, 75.653, 76.998, 78.353, 78.056, 77.499, 77.596, 77.898, 78.345, 78.855, 78.717, 78.164, 78.918, 79.727, 80.116, 79.868, 78.276, 77.302, 77.292, 75.928, 74.076, 74.476, 75.238, 75.935, 75.979, 76.356, 76.009, 74.602, 73.94, 73.582, 73.653, 73.767, 72.64, 71.127, 70.244, 71.263, 71.948, 72.891, 73.818, 74.412, 74.25, 73.994, 73.836, 72.984, 71.881, 71.276, 71.196], [25.053, 25.26, 25.068, 24.277, 23.293, 21.805, 19.895, 16.99, 14.381, 12.241, 7.808, 0.0, 6.813, 11.352, 15.533, 19.389, 23.799, 28.03, 28.982, 27.99, 28.024, 29.125, 31.12, 34.786, 45.253, 62.93, 73.988, 77.448, 78.951, 79.184, 78.14, 77.129, 77.155, 77.465, 77.811, 77.746, 77.148, 76.25, 75.26, 74.571, 74.1, 75.527, 76.97, 76.682, 76.131, 76.244, 76.559, 77.008, 77.505, 77.366, 76.85, 77.686, 78.542, 78.946, 78.681, 77.074, 76.153, 76.17, 74.763, 72.833, 73.221, 73.962, 74.609, 74.573, 74.914, 74.543, 73.116, 72.464, 72.094, 72.192, 72.346, 71.14, 69.495, 68.546, 69.623, 70.292, 71.205, 72.14, 72.739, 72.563, 72.296, 72.111, 71.274, 70.17, 69.523, 69.429], [28.398, 28.561, 28.447, 27.895, 27.21, 26.148, 24.78, 22.307, 19.902, 17.913, 13.865, 6.813, 0.0, 6.379, 12.6, 17.703, 22.533, 26.531, 27.098, 25.983, 26.07, 27.176, 29.077, 32.44, 42.488, 60.057, 71.113, 74.576, 76.107, 76.375, 75.377, 74.399, 74.453, 74.773, 75.144, 75.138, 74.569, 73.692, 72.752, 72.131, 71.717, 73.22, 74.735, 74.483, 73.956, 74.079, 74.43, 74.898, 75.396, 75.269, 74.828, 75.787, 76.697, 77.109, 76.818, 75.158, 74.246, 74.283, 72.863, 70.932, 71.337, 72.058, 72.663, 72.559, 72.86, 72.479, 71.04, 70.385, 70.005, 70.131, 70.313, 69.057, 67.32, 66.293, 67.35, 67.974, 68.875, 69.804, 70.389, 70.205, 69.933, 69.729, 68.903, 67.786, 67.094, 66.989], [30.276, 30.45, 30.249, 29.559, 28.744, 27.708, 26.644, 24.577, 22.463, 20.576, 16.868, 11.352, 6.379, 0.0, 7.264, 13.537, 19.275, 23.573, 23.931, 22.792, 23.0, 24.347, 26.472, 29.811, 39.724, 57.524, 68.784, 72.287, 73.821, 74.082, 73.043, 72.033, 72.119, 72.46, 72.84, 72.86, 72.269, 71.331, 70.399, 69.842, 69.584, 71.388, 73.118, 72.911, 72.399, 72.517, 72.888, 73.449, 74.021, 73.906, 73.435, 74.421, 75.394, 75.845, 75.529, 73.774, 72.852, 72.904, 71.449, 69.597, 70.056, 70.722, 71.267, 71.136, 71.422, 71.045, 69.619, 68.968, 68.569, 68.721, 68.945, 67.699, 65.951, 64.913, 65.845, 66.213, 67.014, 67.967, 68.583, 68.416, 68.166, 67.971, 67.136, 66.017, 65.311, 65.19], [31.829, 31.934, 31.432, 30.395, 29.41, 28.329, 27.347, 25.572, 23.952, 22.276, 19.148, 15.533, 12.6, 7.264, 0.0, 7.152, 14.201, 19.437, 20.106, 19.16, 19.567, 21.404, 24.083, 27.754, 37.733, 55.837, 67.379, 70.953, 72.469, 72.685, 71.527, 70.431, 70.518, 70.887, 71.284, 71.306, 70.699, 69.7, 68.777, 68.36, 68.393, 70.58, 72.517, 72.354, 71.849, 71.961, 72.324, 72.969, 73.649, 73.56, 73.067, 74.061, 75.069, 75.542, 75.203, 73.378, 72.443, 72.499, 71.066, 69.448, 70.034, 70.671, 71.201, 71.116, 71.404, 71.012, 69.629, 68.995, 68.586, 68.772, 69.018, 67.85, 66.2, 65.177, 65.889, 65.977, 66.706, 67.669, 68.289, 68.152, 67.978, 67.831, 66.974, 65.866, 65.206, 65.079], [33.574, 33.573, 32.762, 31.433, 30.405, 29.343, 28.32, 26.756, 25.707, 24.181, 21.603, 19.389, 17.703, 13.537, 7.152, 0.0, 8.581, 15.281, 16.84, 16.336, 16.946, 19.186, 22.317, 26.315, 36.303, 54.597, 66.396, 70.068, 71.57, 71.745, 70.508, 69.399, 69.489, 69.858, 70.259, 70.276, 69.694, 68.694, 67.808, 67.581, 67.909, 70.335, 72.339, 72.207, 71.714, 71.83, 72.194, 72.874, 73.626, 73.597, 73.191, 74.252, 75.249, 75.697, 75.339, 73.503, 72.595, 72.658, 71.332, 70.042, 70.795, 71.457, 72.018, 72.003, 72.313, 71.925, 70.599, 69.975, 69.578, 69.798, 70.035, 68.975, 67.483, 66.469, 66.96, 66.909, 67.64, 68.598, 69.185, 69.067, 68.958, 68.859, 67.995, 66.915, 66.334, 66.216], [35.767, 35.749, 34.805, 33.451, 32.639, 31.708, 30.604, 29.156, 28.688, 27.364, 25.273, 23.799, 22.533, 19.275, 14.201, 8.581, 0.0, 7.916, 11.314, 12.078, 12.8, 15.398, 18.929, 22.889, 32.325, 50.706, 62.812, 66.643, 68.168, 68.329, 67.088, 66.072, 66.237, 66.61, 66.99, 66.974, 66.499, 65.632, 64.875, 65.012, 65.81, 68.453, 70.32, 70.16, 69.69, 69.831, 70.211, 70.887, 71.673, 71.715, 71.704, 73.137, 74.107, 74.458, 74.066, 72.176, 71.235, 71.316, 70.155, 69.272, 70.223, 70.905, 71.494, 71.535, 71.843, 71.439, 70.158, 69.503, 69.137, 69.47, 69.689, 68.678, 67.234, 66.022, 66.225, 66.255, 67.273, 68.279, 68.794, 68.679, 68.584, 68.466, 67.568, 66.516, 66.003, 65.877], [39.092, 39.138, 38.228, 36.949, 36.276, 35.376, 34.156, 32.683, 32.461, 31.316, 29.417, 28.03, 26.531, 23.573, 19.437, 15.281, 7.916, 0.0, 5.76, 8.878, 9.507, 12.244, 16.04, 19.498, 27.878, 46.35, 58.771, 62.754, 64.32, 64.498, 63.325, 62.446, 62.761, 63.222, 63.668, 63.709, 63.397, 62.73, 62.167, 62.683, 63.992, 66.927, 68.677, 68.467, 68.006, 68.163, 68.558, 69.177, 69.938, 69.99, 70.331, 72.215, 73.262, 73.559, 73.121, 71.118, 70.08, 70.171, 69.074, 68.416, 69.431, 70.009, 70.561, 70.613, 70.854, 70.365, 69.078, 68.388, 68.024, 68.464, 68.679, 67.617, 66.051, 64.554, 64.498, 64.552, 65.844, 66.928, 67.412, 67.299, 67.208, 67.041, 66.089, 65.05, 64.546, 64.382], [40.726, 40.791, 40.004, 38.796, 38.05, 37.058, 35.796, 34.274, 33.925, 32.739, 30.682, 28.982, 27.098, 23.931, 20.106, 16.84, 11.314, 5.76, 0.0, 4.657, 5.557, 8.466, 12.611, 16.15, 25.428, 45.002, 57.657, 61.626, 63.207, 63.422, 62.335, 61.462, 61.82, 62.395, 62.964, 63.092, 62.799, 62.126, 61.495, 61.843, 63.16, 66.339, 68.224, 67.991, 67.5, 67.648, 68.043, 68.593, 69.273, 69.293, 69.582, 71.563, 72.816, 73.212, 72.735, 70.63, 69.58, 69.692, 68.419, 67.53, 68.377, 68.782, 69.258, 69.261, 69.438, 68.902, 67.564, 66.871, 66.469, 66.908, 67.137, 65.973, 64.284, 62.817, 62.787, 62.61, 63.798, 64.947, 65.507, 65.406, 65.303, 65.135, 64.178, 63.114, 62.547, 62.343], [40.024, 40.093, 39.373, 38.25, 37.525, 36.539, 35.326, 33.824, 33.331, 32.043, 29.877, 27.99, 25.983, 22.792, 19.16, 16.336, 12.078, 8.878, 4.657, 0.0, 2.312, 6.179, 10.522, 14.435, 25.06, 45.396, 58.061, 61.956, 63.54, 63.767, 62.708, 61.789, 62.1, 62.702, 63.305, 63.452, 63.123, 62.319, 61.429, 61.392, 62.432, 65.556, 67.488, 67.258, 66.758, 66.904, 67.3, 67.813, 68.433, 68.435, 68.617, 70.522, 71.889, 72.387, 71.891, 69.763, 68.751, 68.881, 67.464, 66.274, 66.979, 67.362, 67.851, 67.833, 68.006, 67.498, 66.134, 65.445, 65.038, 65.444, 65.668, 64.462, 62.782, 61.493, 61.63, 61.415, 62.486, 63.604, 64.187, 64.079, 63.944, 63.811, 62.886, 61.781, 61.157, 60.943], [40.057, 40.142, 39.433, 38.323, 37.627, 36.634, 35.379, 33.833, 33.323, 32.053, 29.897, 28.024, 26.07, 23.0, 19.567, 16.946, 12.8, 9.507, 5.557, 2.312, 0.0, 4.865, 9.566, 13.711, 24.783, 45.418, 58.17, 62.081, 63.67, 63.903, 62.863, 61.958, 62.285, 62.897, 63.499, 63.644, 63.324, 62.53, 61.628, 61.57, 62.591, 65.705, 67.615, 67.378, 66.879, 67.028, 67.421, 67.916, 68.518, 68.523, 68.744, 70.68, 72.048, 72.548, 72.062, 69.941, 68.94, 69.073, 67.63, 66.392, 67.069, 67.447, 67.933, 67.913, 68.097, 67.601, 66.234, 65.537, 65.133, 65.545, 65.764, 64.539, 62.834, 61.546, 61.723, 61.547, 62.627, 63.732, 64.309, 64.196, 64.05, 63.911, 62.992, 61.891, 61.259, 61.037], [40.972, 41.048, 40.372, 39.341, 38.752, 37.867, 36.665, 35.102, 34.533, 33.235, 31.066, 29.125, 27.176, 24.347, 21.404, 19.186, 15.398, 12.244, 8.466, 6.179, 4.865, 0.0, 5.266, 10.39, 22.879, 44.45, 57.437, 61.393, 62.995, 63.248, 62.234, 61.278, 61.532, 62.098, 62.669, 62.778, 62.423, 61.62, 60.654, 60.447, 61.393, 64.618, 66.62, 66.365, 65.841, 66.015, 66.42, 66.9, 67.49, 67.521, 67.743, 69.706, 71.142, 71.671, 71.212, 69.249, 68.428, 68.587, 67.057, 65.668, 66.279, 66.648, 67.138, 67.115, 67.331, 66.874, 65.534, 64.869, 64.461, 64.878, 65.118, 63.88, 62.19, 60.988, 61.25, 61.031, 62.038, 63.148, 63.744, 63.634, 63.472, 63.344, 62.458, 61.332, 60.666, 60.445], [42.449, 42.565, 41.982, 41.074, 40.568, 39.782, 38.694, 37.197, 36.556, 35.237, 33.126, 31.12, 29.077, 26.472, 24.083, 22.317, 18.929, 16.04, 12.611, 10.522, 9.566, 5.266, 0.0, 6.468, 20.848, 43.424, 56.603, 60.575, 62.206, 62.489, 61.526, 60.542, 60.719, 61.214, 61.726, 61.79, 61.38, 60.504, 59.396, 58.979, 59.84, 63.207, 65.328, 65.052, 64.498, 64.703, 65.145, 65.613, 66.181, 66.239, 66.474, 68.473, 69.993, 70.567, 70.098, 68.231, 67.66, 67.904, 66.258, 64.667, 65.198, 65.541, 65.996, 65.936, 66.179, 65.778, 64.461, 63.82, 63.406, 63.826, 64.101, 62.845, 61.16, 60.092, 60.45, 60.128, 61.026, 62.145, 62.78, 62.66, 62.453, 62.334, 61.5, 60.364, 59.648, 59.431], [44.925, 45.118, 44.65, 43.922, 43.545, 42.888, 42.022, 40.8, 40.167, 38.787, 36.785, 34.786, 32.44, 29.811, 27.754, 26.315, 22.889, 19.498, 16.15, 14.435, 13.711, 10.39, 6.468, 0.0, 15.853, 39.683, 53.357, 57.476, 59.152, 59.482, 58.651, 57.776, 57.979, 58.466, 58.976, 59.08, 58.731, 57.853, 56.7, 56.312, 57.327, 60.766, 62.847, 62.57, 62.035, 62.256, 62.739, 63.201, 63.755, 63.861, 64.288, 66.495, 68.061, 68.614, 68.101, 66.178, 65.692, 66.034, 64.427, 62.879, 63.423, 63.758, 64.214, 64.12, 64.323, 63.955, 62.679, 62.04, 61.636, 62.09, 62.363, 61.11, 59.425, 58.297, 58.53, 58.187, 59.166, 60.293, 60.9, 60.774, 60.543, 60.417, 59.6, 58.463, 57.714, 57.484], [53.086, 53.249, 52.739, 52.265, 52.366, 52.214, 51.832, 51.104, 50.603, 49.053, 47.16, 45.253, 42.488, 39.724, 37.733, 36.303, 32.325, 27.878, 25.428, 25.06, 24.783, 22.879, 20.848, 15.853, 0.0, 25.283, 40.443, 45.353, 47.154, 47.533, 46.973, 46.42, 46.751, 47.308, 47.922, 48.304, 48.419, 47.898, 47.119, 47.702, 49.977, 53.605, 55.292, 55.083, 54.707, 54.958, 55.52, 55.996, 56.638, 56.943, 58.146, 61.102, 62.649, 63.009, 62.424, 60.473, 59.974, 60.384, 59.408, 58.769, 59.605, 60.027, 60.639, 60.589, 60.641, 60.273, 59.204, 58.615, 58.301, 58.881, 59.098, 58.122, 56.776, 55.238, 54.629, 54.435, 55.902, 56.915, 57.223, 57.116, 56.98, 56.862, 56.073, 54.892, 54.149, 53.896], [68.447, 68.563, 68.051, 67.863, 68.432, 68.786, 68.796, 68.374, 67.938, 66.372, 64.686, 62.93, 60.057, 57.524, 55.837, 54.597, 50.706, 46.35, 45.002, 45.396, 45.418, 44.45, 43.424, 39.683, 25.283, 0.0, 17.346, 24.221, 26.326, 26.796, 26.985, 27.572, 28.422, 29.219, 30.233, 31.56, 33.108, 33.843, 34.604, 38.18, 43.596, 47.45, 48.08, 48.054, 48.028, 48.259, 48.943, 49.506, 50.413, 51.152, 53.808, 57.973, 59.355, 59.335, 58.677, 56.742, 55.926, 56.213, 56.622, 57.955, 59.212, 59.613, 60.42, 60.547, 60.391, 60.015, 59.38, 58.896, 58.74, 59.463, 59.566, 59.253, 58.726, 56.717, 54.638, 54.644, 56.836, 57.547, 57.317, 57.254, 57.285, 57.154, 56.362, 55.031, 54.301, 54.024], [78.585, 78.715, 78.296, 78.231, 78.881, 79.395, 79.547, 79.158, 78.694, 77.251, 75.736, 73.988, 71.113, 68.784, 67.379, 66.396, 62.812, 58.771, 57.657, 58.061, 58.17, 57.437, 56.603, 53.357, 40.443, 17.346, 0.0, 8.299, 10.822, 11.682, 13.465, 16.294, 18.369, 19.659, 21.253, 23.644, 26.476, 28.261, 30.352, 35.819, 42.911, 46.849, 46.883, 46.986, 47.152, 47.296, 48.009, 48.636, 49.706, 50.65, 54.011, 58.796, 60.179, 60.013, 59.314, 57.359, 56.212, 56.332, 57.429, 59.806, 61.232, 61.499, 62.317, 62.556, 62.32, 61.965, 61.58, 61.16, 61.075, 61.836, 61.904, 61.969, 61.883, 59.837, 57.174, 57.129, 59.567, 60.133, 59.692, 59.682, 59.782, 59.659, 58.856, 57.428, 56.67, 56.366], [81.787, 81.931, 81.572, 81.535, 82.141, 82.663, 82.855, 82.47, 81.998, 80.636, 79.202, 77.448, 74.576, 72.287, 70.953, 70.068, 66.643, 62.754, 61.626, 61.956, 62.081, 61.393, 60.575, 57.476, 45.353, 24.221, 8.299, 0.0, 3.209, 5.04, 8.574, 12.944, 15.966, 17.601, 19.388, 22.062, 25.197, 27.248, 29.714, 35.488, 42.861, 46.882, 46.87, 47.001, 47.187, 47.267, 47.932, 48.57, 49.696, 50.662, 54.111, 59.046, 60.515, 60.373, 59.656, 57.623, 56.323, 56.377, 57.574, 60.252, 61.802, 62.037, 62.839, 63.106, 62.835, 62.464, 62.125, 61.714, 61.637, 62.406, 62.471, 62.627, 62.64, 60.659, 57.926, 57.771, 60.217, 60.795, 60.367, 60.415, 60.564, 60.465, 59.648, 58.201, 57.439, 57.122], [83.158, 83.298, 82.939, 82.901, 83.499, 84.026, 84.237, 83.88, 83.43, 82.083, 80.675, 78.951, 76.107, 73.821, 72.469, 71.57, 68.168, 64.32, 63.207, 63.54, 63.67, 62.995, 62.206, 59.152, 47.154, 26.326, 10.822, 3.209, 0.0, 2.776, 7.451, 12.33, 15.522, 17.196, 18.991, 21.729, 25.007, 27.235, 29.911, 35.866, 43.405, 47.449, 47.389, 47.533, 47.734, 47.787, 48.421, 49.058, 50.202, 51.187, 54.661, 59.61, 61.076, 60.926, 60.219, 58.188, 56.829, 56.843, 58.107, 60.951, 62.557, 62.801, 63.628, 63.925, 63.644, 63.265, 62.955, 62.551, 62.481, 63.263, 63.319, 63.507, 63.57, 61.598, 58.816, 58.618, 61.053, 61.629, 61.201, 61.275, 61.46, 61.373, 60.55, 59.107, 58.357, 58.043], [83.291, 83.423, 83.04, 82.987, 83.595, 84.144, 84.377, 84.037, 83.599, 82.259, 80.869, 79.184, 76.375, 74.082, 72.685, 71.745, 68.329, 64.498, 63.422, 63.767, 63.903, 63.248, 62.489, 59.482, 47.533, 26.796, 11.682, 5.04, 2.776, 0.0, 5.469, 10.946, 14.458, 16.267, 18.142, 20.885, 24.221, 26.505, 29.266, 35.422, 43.155, 47.314, 47.287, 47.444, 47.646, 47.696, 48.325, 48.965, 50.126, 51.117, 54.596, 59.557, 61.014, 60.854, 60.143, 58.092, 56.716, 56.731, 58.03, 60.982, 62.638, 62.883, 63.713, 64.05, 63.799, 63.419, 63.127, 62.731, 62.659, 63.463, 63.531, 63.743, 63.841, 61.871, 59.066, 58.848, 61.273, 61.837, 61.394, 61.463, 61.662, 61.589, 60.768, 59.341, 58.612, 58.3], [82.243, 82.342, 81.922, 81.855, 82.471, 83.052, 83.328, 82.98, 82.509, 81.163, 79.791, 78.14, 75.377, 73.043, 71.527, 70.508, 67.088, 63.325, 62.335, 62.708, 62.863, 62.234, 61.526, 58.651, 46.973, 26.985, 13.465, 8.574, 7.451, 5.469, 0.0, 6.387, 10.948, 13.231, 15.351, 18.101, 21.391, 23.707, 26.732, 33.39, 41.565, 46.157, 46.424, 46.612, 46.781, 46.846, 47.458, 48.148, 49.382, 50.343, 53.696, 58.6, 60.062, 59.932, 59.219, 57.149, 55.79, 55.813, 57.103, 60.11, 61.823, 62.064, 62.877, 63.27, 63.122, 62.77, 62.488, 62.108, 62.029, 62.868, 62.995, 63.229, 63.341, 61.403, 58.581, 58.236, 60.616, 61.204, 60.768, 60.827, 61.063, 61.006, 60.163, 58.715, 58.01, 57.712], [81.3, 81.329, 80.881, 80.837, 81.494, 82.127, 82.483, 82.135, 81.577, 80.175, 78.785, 77.129, 74.399, 72.033, 70.431, 69.399, 66.072, 62.446, 61.462, 61.789, 61.958, 61.278, 60.542, 57.776, 46.42, 27.572, 16.294, 12.944, 12.33, 10.946, 6.387, 0.0, 5.641, 9.017, 11.98, 15.027, 18.254, 20.598, 23.811, 30.72, 39.249, 44.234, 44.79, 44.989, 45.102, 45.182, 45.737, 46.46, 47.776, 48.697, 51.898, 56.72, 58.203, 58.128, 57.421, 55.383, 54.142, 54.161, 55.38, 58.32, 60.003, 60.208, 61.002, 61.414, 61.312, 60.976, 60.721, 60.39, 60.321, 61.19, 61.4, 61.686, 61.85, 60.03, 57.232, 56.761, 59.113, 59.727, 59.282, 59.352, 59.661, 59.637, 58.827, 57.351, 56.651, 56.39], [81.312, 81.278, 80.806, 80.795, 81.504, 82.198, 82.633, 82.32, 81.711, 80.234, 78.813, 77.155, 74.453, 72.119, 70.518, 69.489, 66.237, 62.761, 61.82, 62.1, 62.285, 61.532, 60.719, 57.979, 46.751, 28.422, 18.369, 15.966, 15.522, 14.458, 10.948, 5.641, 0.0, 4.59, 8.807, 12.372, 15.834, 18.436, 21.895, 29.006, 37.8, 42.836, 43.388, 43.61, 43.7, 43.775, 44.314, 45.068, 46.455, 47.44, 50.676, 55.433, 56.854, 56.769, 56.086, 54.16, 53.031, 53.018, 54.277, 57.23, 58.868, 59.098, 59.944, 60.382, 60.254, 59.928, 59.746, 59.481, 59.446, 60.337, 60.596, 60.964, 61.266, 59.582, 56.787, 56.332, 58.708, 59.285, 58.795, 58.868, 59.212, 59.229, 58.496, 56.995, 56.281, 56.071], [81.588, 81.573, 81.101, 81.099, 81.817, 82.518, 82.964, 82.66, 82.037, 80.528, 79.109, 77.465, 74.773, 72.46, 70.887, 69.858, 66.61, 63.222, 62.395, 62.702, 62.897, 62.098, 61.214, 58.466, 47.308, 29.219, 19.659, 17.601, 17.196, 16.267, 13.231, 9.017, 4.59, 0.0, 4.948, 9.235, 13.396, 16.681, 20.936, 28.665, 37.659, 42.651, 43.19, 43.485, 43.593, 43.671, 44.246, 45.061, 46.495, 47.558, 50.877, 55.569, 56.89, 56.763, 56.12, 54.337, 53.294, 53.278, 54.637, 57.634, 59.314, 59.665, 60.558, 60.99, 60.882, 60.586, 60.429, 60.173, 60.151, 61.053, 61.327, 61.7, 62.019, 60.358, 57.599, 57.212, 59.548, 60.049, 59.528, 59.586, 59.897, 59.896, 59.2, 57.689, 56.952, 56.777], [81.847, 81.889, 81.428, 81.438, 82.176, 82.88, 83.318, 83.009, 82.364, 80.836, 79.428, 77.811, 75.144, 72.84, 71.284, 70.259, 66.99, 63.668, 62.964, 63.305, 63.499, 62.669, 61.726, 58.976, 47.922, 30.233, 21.253, 19.388, 18.991, 18.142, 15.351, 11.98, 8.807, 4.948, 0.0, 5.323, 10.551, 14.711, 19.918, 28.325, 37.44, 42.462, 43.111, 43.517, 43.656, 43.742, 44.362, 45.237, 46.673, 47.784, 51.18, 55.813, 57.03, 56.863, 56.259, 54.614, 53.664, 53.678, 55.14, 58.166, 59.914, 60.367, 61.227, 61.632, 61.593, 61.354, 61.205, 60.926, 60.913, 61.85, 62.158, 62.535, 62.839, 61.185, 58.485, 58.142, 60.395, 60.803, 60.253, 60.296, 60.556, 60.522, 59.868, 58.37, 57.62, 57.474], [81.652, 81.72, 81.268, 81.29, 82.055, 82.793, 83.253, 82.926, 82.256, 80.735, 79.345, 77.746, 75.138, 72.86, 71.306, 70.276, 66.974, 63.709, 63.092, 63.452, 63.644, 62.778, 61.79, 59.08, 48.304, 31.56, 23.644, 22.062, 21.729, 20.885, 18.101, 15.027, 12.372, 9.235, 5.323, 0.0, 6.12, 11.276, 17.433, 26.541, 35.989, 41.445, 42.405, 42.885, 43.014, 43.117, 43.771, 44.702, 46.124, 47.24, 50.644, 55.229, 56.364, 56.174, 55.602, 54.049, 53.152, 53.159, 54.646, 57.743, 59.562, 59.984, 60.708, 61.137, 61.254, 61.151, 61.105, 60.827, 60.807, 61.885, 62.349, 62.785, 63.124, 61.556, 58.923, 58.503, 60.713, 61.116, 60.586, 60.616, 60.825, 60.794, 60.237, 58.777, 58.015, 57.898], [81.051, 81.123, 80.685, 80.7, 81.445, 82.234, 82.769, 82.414, 81.652, 80.128, 78.754, 77.148, 74.569, 72.269, 70.699, 69.694, 66.499, 63.397, 62.799, 63.123, 63.324, 62.423, 61.38, 58.731, 48.419, 33.108, 26.476, 25.197, 25.007, 24.221, 21.391, 18.254, 15.834, 13.396, 10.551, 6.12, 0.0, 6.235, 13.799, 23.545, 33.336, 39.688, 41.428, 42.006, 42.086, 42.204, 42.888, 43.893, 45.276, 46.271, 49.401, 53.826, 54.945, 54.779, 54.211, 52.708, 51.917, 51.92, 53.333, 56.463, 58.346, 58.62, 59.084, 59.529, 59.96, 60.135, 60.257, 60.057, 59.994, 61.165, 61.885, 62.453, 62.863, 61.517, 58.995, 58.207, 60.189, 60.641, 60.206, 60.242, 60.424, 60.45, 60.08, 58.691, 57.888, 57.796], [79.844, 79.908, 79.468, 79.502, 80.297, 81.204, 81.859, 81.508, 80.68, 79.183, 77.845, 76.25, 73.692, 71.331, 69.7, 68.694, 65.632, 62.73, 62.126, 62.319, 62.53, 61.62, 60.504, 57.853, 47.898, 33.843, 28.261, 27.248, 27.235, 26.505, 23.707, 20.598, 18.436, 16.681, 14.711, 11.276, 6.235, 0.0, 8.442, 18.841, 29.205, 36.45, 38.892, 39.528, 39.575, 39.724, 40.448, 41.531, 42.913, 43.791, 46.635, 50.947, 52.136, 52.027, 51.401, 49.87, 49.268, 49.338, 50.642, 53.744, 55.69, 55.858, 56.129, 56.57, 57.242, 57.67, 57.917, 57.799, 57.715, 58.895, 59.801, 60.562, 61.153, 60.098, 57.664, 56.515, 58.261, 58.741, 58.378, 58.423, 58.608, 58.757, 58.561, 57.246, 56.428, 56.345], [78.173, 78.195, 77.731, 77.842, 78.822, 79.95, 80.745, 80.417, 79.57, 78.124, 76.833, 75.26, 72.752, 70.399, 68.777, 67.808, 64.875, 62.167, 61.495, 61.429, 61.628, 60.654, 59.396, 56.7, 47.119, 34.604, 30.352, 29.714, 29.911, 29.266, 26.732, 23.811, 21.895, 20.936, 19.918, 17.433, 13.799, 8.442, 0.0, 11.208, 22.706, 30.889, 33.797, 34.38, 34.4, 34.619, 35.373, 36.447, 37.841, 38.695, 41.373, 45.72, 47.101, 47.104, 46.389, 44.854, 44.585, 44.802, 45.907, 48.78, 50.68, 50.754, 50.966, 51.441, 52.229, 52.844, 53.231, 53.229, 53.178, 54.366, 55.386, 56.404, 57.38, 56.798, 54.508, 53.15, 54.777, 55.251, 54.902, 54.946, 55.154, 55.509, 55.509, 54.258, 53.484, 53.421], [76.794, 76.748, 76.285, 76.517, 77.692, 79.069, 80.069, 79.762, 78.791, 77.358, 76.128, 74.571, 72.131, 69.842, 68.36, 67.581, 65.012, 62.683, 61.843, 61.392, 61.57, 60.447, 58.979, 56.312, 47.702, 38.18, 35.819, 35.488, 35.866, 35.422, 33.39, 30.72, 29.006, 28.665, 28.325, 26.541, 23.545, 18.841, 11.208, 0.0, 12.928, 22.963, 27.115, 27.71, 27.642, 27.939, 28.679, 29.695, 31.032, 31.787, 33.965, 38.227, 39.933, 40.158, 39.39, 38.067, 38.442, 38.868, 39.502, 41.742, 43.439, 43.298, 43.393, 43.967, 45.035, 46.005, 46.691, 46.983, 46.994, 48.131, 49.308, 50.672, 52.209, 52.512, 50.73, 49.15, 50.524, 50.943, 50.621, 50.712, 50.955, 51.607, 51.986, 50.822, 50.097, 50.095], [75.437, 75.337, 74.909, 75.327, 76.711, 78.327, 79.613, 79.424, 78.279, 76.809, 75.653, 74.1, 71.717, 69.584, 68.393, 67.909, 65.81, 63.992, 63.16, 62.432, 62.591, 61.393, 59.84, 57.327, 49.977, 43.596, 42.911, 42.861, 43.405, 43.155, 41.565, 39.249, 37.8, 37.659, 37.44, 35.989, 33.336, 29.205, 22.706, 12.928, 0.0, 12.553, 19.584, 20.721, 20.626, 20.913, 21.673, 22.816, 24.059, 24.61, 25.99, 29.862, 31.619, 31.956, 31.254, 30.592, 31.951, 32.555, 32.726, 34.345, 36.271, 36.381, 36.37, 36.93, 38.486, 39.948, 40.921, 41.553, 41.679, 42.578, 43.836, 45.559, 47.565, 48.656, 47.844, 46.808, 47.935, 48.019, 47.564, 47.699, 47.907, 48.783, 49.69, 48.808, 48.295, 48.454], [75.484, 75.336, 74.924, 75.584, 77.26, 79.065, 80.584, 80.688, 79.595, 78.071, 76.998, 75.527, 73.22, 71.388, 70.58, 70.335, 68.453, 66.927, 66.339, 65.556, 65.705, 64.618, 63.207, 60.766, 53.605, 47.45, 46.849, 46.882, 47.449, 47.314, 46.157, 44.234, 42.836, 42.651, 42.462, 41.445, 39.688, 36.45, 30.889, 22.963, 12.553, 0.0, 9.222, 11.377, 11.815, 12.128, 13.057, 14.702, 16.288, 17.193, 19.176, 23.188, 24.404, 24.423, 23.847, 24.16, 26.273, 26.876, 27.478, 29.203, 31.683, 32.888, 33.611, 34.149, 35.346, 36.752, 37.837, 38.57, 39.006, 39.636, 40.517, 42.475, 44.941, 46.13, 45.864, 46.701, 48.612, 48.306, 47.395, 47.504, 47.636, 48.51, 49.581, 48.916, 48.764, 49.108], [76.214, 76.058, 75.641, 76.419, 78.266, 80.102, 81.605, 81.832, 80.898, 79.381, 78.353, 76.97, 74.735, 73.118, 72.517, 72.339, 70.32, 68.677, 68.224, 67.488, 67.615, 66.62, 65.328, 62.847, 55.292, 48.08, 46.883, 46.87, 47.389, 47.287, 46.424, 44.79, 43.388, 43.19, 43.111, 42.405, 41.428, 38.892, 33.797, 27.115, 19.584, 9.222, 0.0, 3.737, 5.841, 6.613, 7.784, 9.84, 12.173, 13.855, 17.965, 22.958, 23.762, 23.366, 22.837, 23.284, 25.012, 25.492, 26.669, 28.739, 31.329, 33.155, 34.654, 35.302, 35.749, 36.656, 37.653, 38.243, 38.908, 39.622, 40.149, 42.046, 44.651, 45.514, 45.119, 47.368, 50.403, 50.118, 48.919, 48.986, 49.084, 49.853, 50.721, 49.998, 49.957, 50.319], [75.819, 75.654, 75.25, 76.042, 77.888, 79.715, 81.214, 81.446, 80.544, 79.067, 78.056, 76.682, 74.483, 72.911, 72.354, 72.207, 70.16, 68.467, 67.991, 67.258, 67.378, 66.365, 65.052, 62.57, 55.083, 48.054, 46.986, 47.001, 47.533, 47.444, 46.612, 44.989, 43.61, 43.485, 43.517, 42.885, 42.006, 39.528, 34.38, 27.71, 20.721, 11.377, 3.737, 0.0, 2.935, 4.364, 5.51, 7.75, 10.475, 12.238, 16.632, 21.93, 22.833, 22.477, 21.939, 22.265, 24.07, 24.653, 25.671, 27.642, 30.266, 32.154, 33.799, 34.496, 34.806, 35.631, 36.633, 37.205, 37.883, 38.631, 39.145, 41.041, 43.699, 44.56, 44.145, 46.578, 49.914, 49.843, 48.744, 48.833, 48.918, 49.671, 50.493, 49.76, 49.731, 50.087], [75.267, 75.094, 74.699, 75.488, 77.309, 79.125, 80.632, 80.864, 79.959, 78.498, 77.499, 76.131, 73.956, 72.399, 71.849, 71.714, 69.69, 68.006, 67.5, 66.758, 66.879, 65.841, 64.498, 62.035, 54.707, 48.028, 47.152, 47.187, 47.734, 47.646, 46.781, 45.102, 43.7, 43.593, 43.656, 43.014, 42.086, 39.575, 34.4, 27.642, 20.626, 11.815, 5.841, 2.935, 0.0, 2.211, 3.815, 6.336, 9.29, 11.013, 15.224, 20.603, 21.619, 21.368, 20.81, 20.958, 22.867, 23.524, 24.395, 26.464, 29.236, 31.13, 32.796, 33.54, 33.891, 34.729, 35.741, 36.318, 36.945, 37.662, 38.19, 40.108, 42.818, 43.734, 43.34, 45.68, 49.007, 49.053, 48.109, 48.254, 48.343, 49.115, 49.96, 49.243, 49.217, 49.574], [75.357, 75.18, 74.79, 75.583, 77.398, 79.208, 80.72, 80.962, 80.056, 78.593, 77.596, 76.244, 74.079, 72.517, 71.961, 71.83, 69.831, 68.163, 67.648, 66.904, 67.028, 66.015, 64.703, 62.256, 54.958, 48.259, 47.296, 47.267, 47.787, 47.696, 46.846, 45.182, 43.775, 43.671, 43.742, 43.117, 42.204, 39.724, 34.619, 27.939, 20.913, 12.128, 6.613, 4.364, 2.211, 0.0, 2.647, 5.711, 8.804, 10.608, 14.792, 20.165, 21.178, 20.949, 20.385, 20.345, 22.054, 22.659, 23.662, 26.115, 29.055, 30.946, 32.624, 33.387, 33.718, 34.522, 35.508, 36.075, 36.697, 37.393, 37.89, 39.823, 42.561, 43.475, 43.074, 45.385, 48.684, 48.731, 47.849, 48.073, 48.197, 48.979, 49.823, 49.11, 49.094, 49.449], [75.6, 75.393, 74.996, 75.799, 77.622, 79.447, 80.978, 81.227, 80.32, 78.875, 77.898, 76.559, 74.43, 72.888, 72.324, 72.194, 70.211, 68.558, 68.043, 67.3, 67.421, 66.42, 65.145, 62.739, 55.52, 48.943, 48.009, 47.932, 48.421, 48.325, 47.458, 45.737, 44.314, 44.246, 44.362, 43.771, 42.888, 40.448, 35.373, 28.679, 21.673, 13.057, 7.784, 5.51, 3.815, 2.647, 0.0, 4.044, 7.857, 9.859, 14.059, 19.421, 20.429, 20.223, 19.683, 19.674, 21.447, 22.074, 23.171, 25.834, 28.901, 30.836, 32.554, 33.327, 33.59, 34.311, 35.235, 35.78, 36.426, 37.129, 37.592, 39.517, 42.275, 43.2, 42.814, 45.204, 48.583, 48.66, 47.765, 48.039, 48.258, 49.078, 49.918, 49.223, 49.261, 49.646], [76.086, 75.855, 75.449, 76.261, 78.1, 79.922, 81.429, 81.659, 80.751, 79.313, 78.345, 77.008, 74.898, 73.449, 72.969, 72.874, 70.887, 69.177, 68.593, 67.813, 67.916, 66.9, 65.613, 63.201, 55.996, 49.506, 48.636, 48.57, 49.058, 48.965, 48.148, 46.46, 45.068, 45.061, 45.237, 44.702, 43.893, 41.531, 36.447, 29.695, 22.816, 14.702, 9.84, 7.75, 6.336, 5.711, 4.044, 0.0, 4.52, 7.246, 12.44, 18.35, 19.53, 19.372, 18.768, 18.797, 20.821, 21.584, 22.723, 25.416, 28.514, 30.414, 32.085, 32.826, 33.059, 33.736, 34.593, 35.108, 35.774, 36.527, 37.017, 38.975, 41.792, 42.764, 42.375, 44.813, 48.244, 48.337, 47.414, 47.682, 47.964, 48.92, 49.912, 49.307, 49.391, 49.786], [76.631, 76.396, 75.999, 76.825, 78.665, 80.48, 81.981, 82.202, 81.272, 79.827, 78.855, 77.505, 75.396, 74.021, 73.649, 73.626, 71.673, 69.938, 69.273, 68.433, 68.518, 67.49, 66.181, 63.755, 56.638, 50.413, 49.706, 49.696, 50.202, 50.126, 49.382, 47.776, 46.455, 46.495, 46.673, 46.124, 45.276, 42.913, 37.841, 31.032, 24.059, 16.288, 12.173, 10.475, 9.29, 8.804, 7.857, 4.52, 0.0, 3.988, 10.561, 16.922, 18.247, 18.167, 17.464, 17.616, 20.098, 21.032, 22.099, 24.639, 27.752, 29.612, 31.082, 31.714, 32.071, 32.865, 33.727, 34.237, 34.922, 35.764, 36.413, 38.469, 41.357, 42.411, 42.033, 44.42, 47.815, 47.934, 47.03, 47.288, 47.548, 48.624, 49.892, 49.468, 49.593, 49.992], [76.423, 76.19, 75.806, 76.628, 78.442, 80.253, 81.79, 82.032, 81.099, 79.677, 78.717, 77.366, 75.269, 73.906, 73.56, 73.597, 71.715, 69.99, 69.293, 68.435, 68.523, 67.521, 66.239, 63.861, 56.943, 51.152, 50.65, 50.662, 51.187, 51.117, 50.343, 48.697, 47.44, 47.558, 47.784, 47.24, 46.271, 43.791, 38.695, 31.787, 24.61, 17.193, 13.855, 12.238, 11.013, 10.608, 9.859, 7.246, 3.988, 0.0, 7.799, 14.808, 16.344, 16.338, 15.472, 15.468, 18.317, 19.437, 20.341, 22.963, 26.446, 28.424, 29.781, 30.354, 30.824, 31.722, 32.618, 33.135, 33.78, 34.63, 35.409, 37.541, 40.454, 41.565, 41.254, 43.579, 46.978, 47.19, 46.351, 46.611, 46.851, 47.954, 49.371, 49.161, 49.408, 49.838], [75.6, 75.341, 74.985, 75.8, 77.555, 79.405, 81.069, 81.391, 80.446, 79.081, 78.164, 76.85, 74.828, 73.435, 73.067, 73.191, 71.704, 70.331, 69.582, 68.617, 68.744, 67.743, 66.474, 64.288, 58.146, 53.808, 54.011, 54.111, 54.661, 54.596, 53.696, 51.898, 50.676, 50.877, 51.18, 50.644, 49.401, 46.635, 41.373, 33.965, 25.99, 19.176, 17.965, 16.632, 15.224, 14.792, 14.059, 12.44, 10.561, 7.799, 0.0, 7.844, 10.785, 11.707, 10.713, 11.204, 15.611, 17.029, 17.232, 19.546, 23.522, 25.695, 27.061, 27.673, 28.379, 29.563, 30.623, 31.342, 31.859, 32.41, 33.303, 35.705, 38.946, 40.591, 40.58, 42.331, 45.213, 45.56, 45.016, 45.353, 45.636, 46.856, 48.445, 48.499, 49.026, 49.572], [75.876, 75.57, 75.231, 76.084, 77.853, 79.801, 81.645, 82.092, 81.116, 79.772, 78.918, 77.686, 75.787, 74.421, 74.061, 74.252, 73.137, 72.215, 71.563, 70.522, 70.68, 69.706, 68.473, 66.495, 61.102, 57.973, 58.796, 59.046, 59.61, 59.557, 58.6, 56.72, 55.433, 55.569, 55.813, 55.229, 53.826, 50.947, 45.72, 38.227, 29.862, 23.188, 22.958, 21.93, 20.603, 20.165, 19.421, 18.35, 16.922, 14.808, 7.844, 0.0, 5.149, 7.771, 7.331, 10.287, 16.291, 17.702, 17.566, 19.239, 23.209, 25.648, 27.008, 27.595, 28.507, 29.947, 31.1, 31.918, 32.357, 32.543, 33.412, 36.039, 39.641, 41.727, 41.947, 43.404, 45.758, 46.088, 45.734, 46.127, 46.426, 47.74, 49.498, 49.741, 50.496, 51.211], [76.339, 76.004, 75.646, 76.551, 78.412, 80.453, 82.397, 82.913, 81.929, 80.556, 79.727, 78.542, 76.697, 75.394, 75.069, 75.249, 74.107, 73.262, 72.816, 71.889, 72.048, 71.142, 69.993, 68.061, 62.649, 59.355, 60.179, 60.515, 61.076, 61.014, 60.062, 58.203, 56.854, 56.89, 57.03, 56.364, 54.945, 52.136, 47.101, 39.933, 31.619, 24.404, 23.762, 22.833, 21.619, 21.178, 20.429, 19.53, 18.247, 16.344, 10.785, 5.149, 0.0, 3.38, 4.107, 9.785, 16.306, 17.6, 18.066, 20.35, 24.582, 27.331, 28.7, 29.3, 30.298, 31.754, 32.884, 33.587, 34.04, 34.204, 34.991, 37.641, 41.257, 43.123, 43.253, 45.08, 47.592, 47.816, 47.338, 47.7, 47.972, 49.232, 51.017, 51.318, 52.142, 52.936], [76.562, 76.223, 75.848, 76.775, 78.699, 80.789, 82.757, 83.295, 82.328, 80.942, 80.116, 78.946, 77.109, 75.845, 75.542, 75.697, 74.458, 73.559, 73.212, 72.387, 72.548, 71.671, 70.567, 68.614, 63.009, 59.335, 60.013, 60.373, 60.926, 60.854, 59.932, 58.128, 56.769, 56.763, 56.863, 56.174, 54.779, 52.027, 47.104, 40.158, 31.956, 24.423, 23.366, 22.477, 21.368, 20.949, 20.223, 19.372, 18.167, 16.338, 11.707, 7.771, 3.38, 0.0, 2.723, 9.807, 16.201, 17.403, 18.374, 21.216, 25.601, 28.474, 29.888, 30.519, 31.527, 32.942, 34.058, 34.723, 35.209, 35.419, 36.174, 38.815, 42.357, 43.984, 44.015, 46.099, 48.787, 48.95, 48.355, 48.682, 48.945, 50.156, 51.916, 52.231, 53.066, 53.856], [76.404, 76.069, 75.694, 76.607, 78.51, 80.574, 82.515, 83.039, 82.082, 80.703, 79.868, 78.681, 76.818, 75.529, 75.203, 75.339, 74.066, 73.121, 72.735, 71.891, 72.062, 71.212, 70.098, 68.101, 62.424, 58.677, 59.314, 59.656, 60.219, 60.143, 59.219, 57.421, 56.086, 56.12, 56.259, 55.602, 54.211, 51.401, 46.389, 39.39, 31.254, 23.847, 22.837, 21.939, 20.81, 20.385, 19.683, 18.768, 17.464, 15.472, 10.713, 7.331, 4.107, 2.723, 0.0, 7.774, 14.796, 16.259, 17.286, 20.429, 25.043, 27.897, 29.264, 29.851, 30.839, 32.264, 33.377, 34.035, 34.511, 34.756, 35.555, 38.215, 41.769, 43.416, 43.413, 45.419, 48.103, 48.285, 47.69, 48.009, 48.279, 49.504, 51.258, 51.594, 52.435, 53.206], [75.111, 74.806, 74.465, 75.331, 77.107, 79.027, 80.878, 81.388, 80.473, 79.125, 78.276, 77.074, 75.158, 73.774, 73.378, 73.503, 72.176, 71.118, 70.63, 69.763, 69.941, 69.249, 68.231, 66.178, 60.473, 56.742, 57.359, 57.623, 58.188, 58.092, 57.149, 55.383, 54.16, 54.337, 54.614, 54.049, 52.708, 49.87, 44.854, 38.067, 30.592, 24.16, 23.284, 22.265, 20.958, 20.345, 19.674, 18.797, 17.616, 15.468, 11.204, 10.287, 9.785, 9.807, 7.774, 0.0, 8.57, 11.194, 12.299, 17.376, 23.222, 26.118, 27.463, 28.036, 28.841, 30.05, 30.98, 31.456, 31.824, 32.196, 33.026, 35.654, 39.165, 40.719, 40.631, 42.561, 45.5, 45.922, 45.48, 45.849, 46.159, 47.371, 48.953, 49.306, 50.217, 50.961], [74.328, 74.054, 73.744, 74.592, 76.281, 78.062, 79.817, 80.333, 79.471, 78.136, 77.302, 76.153, 74.246, 72.852, 72.443, 72.595, 71.235, 70.08, 69.58, 68.751, 68.94, 68.428, 67.66, 65.692, 59.974, 55.926, 56.212, 56.323, 56.829, 56.716, 55.79, 54.142, 53.031, 53.294, 53.664, 53.152, 51.917, 49.268, 44.585, 38.442, 31.951, 26.273, 25.012, 24.07, 22.867, 22.054, 21.447, 20.821, 20.098, 18.317, 15.611, 16.291, 16.306, 16.201, 14.796, 8.57, 0.0, 4.354, 8.154, 16.456, 23.11, 25.944, 27.54, 28.444, 29.099, 30.012, 30.833, 31.144, 31.439, 31.959, 32.71, 35.248, 38.599, 39.775, 39.55, 41.758, 45.218, 45.81, 45.43, 45.881, 46.221, 47.364, 48.694, 48.922, 49.8, 50.472], [74.297, 74.02, 73.706, 74.555, 76.25, 78.034, 79.792, 80.315, 79.457, 78.115, 77.292, 76.17, 74.283, 72.904, 72.499, 72.658, 71.316, 70.171, 69.692, 68.881, 69.073, 68.587, 67.904, 66.034, 60.384, 56.213, 56.332, 56.377, 56.843, 56.731, 55.813, 54.161, 53.018, 53.278, 53.678, 53.159, 51.92, 49.338, 44.802, 38.868, 32.555, 26.876, 25.492, 24.653, 23.524, 22.659, 22.074, 21.584, 21.032, 19.437, 17.029, 17.702, 17.6, 17.403, 16.259, 11.194, 4.354, 0.0, 6.775, 16.487, 23.338, 26.217, 27.972, 29.07, 29.767, 30.693, 31.578, 31.908, 32.218, 32.768, 33.483, 36.0, 39.335, 40.433, 40.165, 42.447, 45.961, 46.497, 46.082, 46.561, 46.911, 48.039, 49.345, 49.508, 50.307, 50.921], [72.991, 72.735, 72.46, 73.306, 74.949, 76.71, 78.472, 78.956, 78.046, 76.743, 75.928, 74.763, 72.863, 71.449, 71.066, 71.332, 70.155, 69.074, 68.419, 67.464, 67.63, 67.057, 66.258, 64.427, 59.408, 56.622, 57.429, 57.574, 58.107, 58.03, 57.103, 55.38, 54.277, 54.637, 55.14, 54.646, 53.333, 50.642, 45.907, 39.502, 32.726, 27.478, 26.669, 25.671, 24.395, 23.662, 23.171, 22.723, 22.099, 20.341, 17.232, 17.566, 18.066, 18.374, 17.286, 12.299, 8.154, 6.775, 0.0, 11.426, 19.471, 22.846, 24.814, 25.944, 26.667, 27.662, 28.609, 29.076, 29.385, 29.948, 30.812, 33.306, 36.695, 38.223, 38.392, 40.574, 44.009, 44.656, 44.356, 44.806, 45.101, 46.261, 47.626, 47.845, 48.649, 49.234], [71.226, 71.017, 70.837, 71.768, 73.425, 75.195, 76.96, 77.338, 76.213, 74.889, 74.076, 72.833, 70.932, 69.597, 69.448, 70.042, 69.272, 68.416, 67.53, 66.274, 66.392, 65.668, 64.667, 62.879, 58.769, 57.955, 59.806, 60.252, 60.951, 60.982, 60.11,