[[0.0, 3.235, 6.952, 9.339, 10.494, 14.649, 31.964, 39.515, 39.067, 40.097, 40.261, 40.011, 40.627, 41.475, 41.833, 43.065, 46.012, 45.613, 44.212, 44.077, 44.759, 47.236, 50.301, 51.056, 50.693, 50.92, 51.093, 51.329, 52.19, 53.115, 50.731, 49.786, 50.45, 49.045, 48.599, 48.291, 52.026, 58.461, 64.113, 66.419, 67.166, 67.827, 68.103, 68.605, 69.603, 70.243, 70.013, 69.383, 69.032, 68.867, 68.507, 68.495, 71.184, 74.885, 75.002, 74.196, 74.621, 74.108, 74.426, 74.726, 75.055, 75.853, 76.134, 75.303, 76.058, 76.742, 76.269, 75.593, 72.848, 69.845, 66.194, 61.945, 59.128, 57.725, 56.82, 56.809, 56.63, 56.423, 56.846, 57.792, 58.496, 58.776, 58.79, 57.861, 57.85, 58.405], [3.235, 0.0, 4.405, 7.418, 8.789, 13.38, 31.194, 38.821, 38.221, 39.096, 39.375, 39.306, 39.958, 40.799, 41.1, 42.307, 45.286, 44.878, 43.471, 43.39, 44.071, 46.594, 49.653, 50.351, 50.015, 50.291, 50.467, 50.661, 51.489, 52.475, 50.02, 48.963, 49.602, 48.231, 47.833, 47.773, 51.694, 58.208, 63.937, 66.257, 67.014, 67.693, 67.99, 68.503, 69.481, 70.1, 69.864, 69.244, 68.9, 68.73, 68.374, 68.335, 70.964, 74.605, 74.698, 73.91, 74.342, 73.818, 74.135, 74.432, 74.762, 75.552, 75.825, 74.983, 75.72, 76.39, 75.919, 75.243, 72.532, 69.575, 65.939, 61.658, 58.822, 57.466, 56.597, 56.589, 56.396, 56.175, 56.612, 57.61, 58.346, 58.623, 58.644, 57.718, 57.714, 58.296], [6.952, 4.405, 0.0, 4.221, 6.35, 11.393, 29.957, 37.837, 37.037, 37.84, 38.327, 38.492, 39.194, 40.015, 40.27, 41.573, 44.618, 43.985, 42.318, 42.143, 42.86, 45.495, 48.637, 49.292, 48.899, 49.188, 49.373, 49.501, 50.272, 51.274, 48.843, 47.849, 48.533, 47.26, 46.889, 47.159, 51.472, 58.135, 63.918, 66.248, 67.02, 67.714, 68.053, 68.602, 69.591, 70.205, 69.967, 69.35, 69.015, 68.855, 68.519, 68.496, 71.099, 74.665, 74.688, 73.892, 74.325, 73.79, 74.115, 74.409, 74.74, 75.517, 75.765, 74.915, 75.638, 76.281, 75.808, 75.138, 72.431, 69.465, 65.794, 61.442, 58.53, 57.179, 56.34, 56.342, 56.13, 55.9, 56.343, 57.363, 58.112, 58.394, 58.438, 57.496, 57.481, 58.086], [9.339, 7.418, 4.221, 0.0, 3.187, 9.708, 29.385, 37.862, 36.892, 37.347, 37.923, 38.244, 38.98, 39.837, 40.002, 41.172, 44.238, 43.558, 41.853, 41.68, 42.432, 45.165, 48.349, 48.947, 48.505, 48.831, 49.05, 49.188, 49.998, 50.984, 48.463, 47.498, 48.201, 47.001, 46.662, 46.976, 51.368, 58.137, 64.021, 66.369, 67.142, 67.853, 68.225, 68.782, 69.743, 70.347, 70.124, 69.495, 69.169, 69.064, 68.77, 68.742, 71.281, 74.816, 74.871, 74.122, 74.574, 74.043, 74.39, 74.693, 75.025, 75.791, 76.024, 75.17, 75.847, 76.462, 75.981, 75.26, 72.547, 69.581, 65.93, 61.598, 58.714, 57.4, 56.573, 56.601, 56.401, 56.178, 56.611, 57.597, 58.31, 58.59, 58.644, 57.696, 57.665, 58.264], [10.494, 8.789, 6.35, 3.187, 0.0, 8.768, 29.23, 37.98, 36.952, 37.188, 37.715, 38.075, 38.816, 39.719, 39.822, 40.718, 43.666, 43.068, 41.469, 41.396, 42.17, 44.934, 48.147, 48.704, 48.315, 48.708, 48.948, 49.133, 50.037, 51.021, 48.383, 47.348, 48.035, 46.869, 46.568, 46.907, 51.287, 58.114, 64.098, 66.461, 67.239, 67.976, 68.356, 68.9, 69.833, 70.429, 70.219, 69.587, 69.266, 69.2, 68.945, 68.916, 71.418, 74.938, 75.038, 74.323, 74.768, 74.238, 74.576, 74.871, 75.197, 75.95, 76.17, 75.308, 75.957, 76.569, 76.077, 75.325, 72.633, 69.702, 66.085, 61.778, 58.91, 57.603, 56.774, 56.812, 56.642, 56.437, 56.872, 57.859, 58.568, 58.848, 58.902, 57.96, 57.922, 58.508], [14.649, 13.38, 11.393, 9.708, 8.768, 0.0, 21.259, 30.992, 30.513, 31.558, 32.326, 32.699, 33.594, 34.726, 34.997, 36.232, 39.558, 39.024, 37.479, 37.506, 38.283, 41.456, 45.337, 45.887, 45.33, 45.777, 46.099, 46.179, 47.076, 48.219, 45.921, 45.547, 46.366, 45.978, 45.798, 46.314, 50.576, 56.955, 62.73, 64.939, 65.71, 66.436, 66.766, 67.328, 68.383, 69.088, 68.923, 68.307, 68.026, 68.042, 67.988, 68.127, 70.734, 74.501, 74.877, 74.245, 74.681, 74.218, 74.56, 74.847, 75.163, 75.889, 76.104, 75.352, 75.859, 76.399, 75.922, 74.805, 71.894, 68.813, 65.05, 60.828, 58.412, 57.34, 56.446, 56.497, 56.361, 56.198, 56.651, 57.616, 58.319, 58.58, 58.533, 57.491, 57.372, 57.894], [31.964, 31.194, 29.957, 29.385, 29.23, 21.259, 0.0, 12.986, 16.415, 21.314, 22.762, 23.149, 24.473, 26.073, 27.074, 29.727, 33.839, 33.717, 32.771, 33.121, 33.441, 37.136, 42.319, 42.87, 42.078, 42.626, 43.116, 42.946, 43.725, 45.359, 44.226, 45.417, 46.476, 47.886, 47.945, 49.016, 52.701, 57.584, 62.601, 64.359, 65.223, 65.978, 66.166, 66.73, 68.006, 68.927, 68.852, 68.33, 68.187, 68.349, 68.735, 69.197, 71.922, 76.114, 77.115, 76.78, 77.244, 76.922, 77.232, 77.477, 77.745, 78.377, 78.652, 78.23, 78.429, 78.756, 78.324, 76.487, 73.209, 69.914, 66.023, 62.359, 61.248, 60.712, 59.644, 59.668, 59.622, 59.655, 60.119, 60.859, 61.452, 61.675, 61.409, 60.218, 59.959, 60.347], [39.515, 38.821, 37.837, 37.862, 37.98, 30.992, 12.986, 0.0, 9.678, 18.811, 20.675, 20.862, 22.033, 23.381, 25.307, 29.739, 34.28, 34.082, 33.105, 33.207, 32.87, 35.903, 41.211, 41.945, 41.152, 41.497, 41.933, 41.772, 42.62, 44.387, 44.177, 46.07, 47.351, 49.434, 49.511, 51.27, 55.128, 59.474, 64.056, 65.655, 66.664, 67.53, 67.767, 68.405, 69.804, 70.81, 70.738, 70.28, 70.191, 70.288, 70.717, 71.248, 74.131, 78.54, 79.609, 79.307, 79.768, 79.458, 79.706, 79.899, 80.122, 80.676, 80.945, 80.659, 80.864, 81.133, 80.687, 78.732, 75.343, 71.895, 67.925, 64.509, 63.753, 63.23, 62.044, 61.967, 61.88, 62.096, 62.694, 63.329, 63.859, 64.087, 63.755, 62.489, 62.16, 62.55], [39.067, 38.221, 37.037, 36.892, 36.952, 30.513, 16.415, 9.678, 0.0, 11.034, 15.565, 17.759, 18.869, 20.197, 22.675, 28.213, 33.589, 33.333, 32.036, 32.177, 32.025, 35.088, 40.106, 40.79, 40.084, 40.327, 40.621, 40.393, 41.263, 43.006, 42.552, 44.038, 45.244, 47.258, 47.438, 49.804, 54.337, 59.257, 64.283, 66.162, 67.278, 68.281, 68.764, 69.526, 70.794, 71.649, 71.547, 71.117, 71.002, 70.979, 71.262, 71.671, 74.557, 78.884, 79.717, 79.409, 79.879, 79.475, 79.716, 79.9, 80.105, 80.612, 80.836, 80.484, 80.701, 80.891, 80.377, 78.578, 75.221, 71.75, 67.757, 64.143, 62.899, 62.178, 61.035, 60.939, 60.741, 60.974, 61.706, 62.401, 62.955, 63.208, 62.911, 61.645, 61.318, 61.755], [40.097, 39.096, 37.84, 37.347, 37.188, 31.558, 21.314, 18.811, 11.034, 0.0, 9.243, 14.755, 15.876, 17.255, 19.91, 25.702, 31.801, 32.343, 31.846, 32.765, 33.357, 36.528, 40.842, 41.489, 41.107, 41.377, 41.62, 41.548, 42.563, 44.384, 43.429, 44.058, 44.81, 46.459, 46.811, 49.492, 54.282, 59.89, 65.651, 67.845, 68.998, 70.112, 70.747, 71.587, 72.647, 73.275, 73.139, 72.757, 72.644, 72.557, 72.707, 72.845, 75.367, 79.264, 79.88, 79.72, 80.211, 79.643, 79.815, 79.971, 80.14, 80.584, 80.798, 80.366, 80.446, 80.444, 79.854, 78.182, 74.95, 71.657, 67.849, 64.112, 62.34, 61.429, 60.346, 60.267, 60.051, 60.318, 61.148, 61.9, 62.483, 62.76, 62.515, 61.313, 61.017, 61.484], [40.261, 39.375, 38.327, 37.923, 37.715, 32.326, 22.762, 20.675, 15.565, 9.243, 0.0, 7.202, 9.127, 10.922, 14.349, 21.2, 28.122, 29.327, 29.56, 30.861, 31.984, 35.369, 39.646, 40.518, 40.153, 40.331, 40.653, 40.873, 42.138, 43.985, 43.39, 44.204, 44.802, 46.35, 46.642, 49.255, 54.109, 59.988, 65.91, 68.1, 69.195, 70.299, 70.882, 71.776, 72.967, 73.649, 73.495, 73.107, 73.046, 73.034, 73.185, 73.222, 75.581, 79.332, 79.887, 79.722, 80.208, 79.563, 79.644, 79.76, 79.903, 80.312, 80.506, 80.058, 80.117, 80.118, 79.499, 77.768, 74.536, 71.284, 67.545, 63.873, 62.135, 61.121, 59.895, 59.792, 59.693, 60.112, 61.009, 61.746, 62.331, 62.649, 62.401, 61.165, 60.858, 61.339], [40.011, 39.306, 38.492, 38.244, 38.075, 32.699, 23.149, 20.862, 17.759, 14.755, 7.202, 0.0, 4.132, 7.878, 12.073, 19.47, 26.79, 28.365, 28.946, 30.165, 31.311, 34.744, 39.206, 40.254, 39.802, 39.903, 40.307, 40.726, 42.15, 43.95, 43.449, 44.501, 45.13, 46.658, 46.852, 49.247, 54.024, 59.9, 65.76, 67.87, 68.917, 69.992, 70.504, 71.362, 72.654, 73.473, 73.346, 72.92, 72.873, 72.91, 73.08, 73.125, 75.539, 79.441, 80.108, 79.929, 80.425, 79.802, 79.858, 79.965, 80.11, 80.537, 80.732, 80.29, 80.37, 80.434, 79.814, 77.987, 74.694, 71.405, 67.657, 64.037, 62.415, 61.362, 60.009, 59.879, 59.858, 60.361, 61.268, 61.968, 62.533, 62.875, 62.616, 61.354, 61.042, 61.507], [40.627, 39.958, 39.194, 38.98, 38.816, 33.594, 24.473, 22.033, 18.869, 15.876, 9.127, 4.132, 0.0, 5.458, 11.245, 19.474, 26.981, 28.535, 29.086, 30.245, 31.34, 34.733, 39.21, 40.391, 40.021, 40.047, 40.432, 40.973, 42.503, 44.242, 43.815, 44.857, 45.554, 47.147, 47.323, 49.874, 54.801, 60.705, 66.536, 68.668, 69.731, 70.805, 71.335, 72.215, 73.52, 74.349, 74.248, 73.839, 73.785, 73.789, 73.929, 73.974, 76.432, 80.361, 80.994, 80.797, 81.277, 80.637, 80.69, 80.792, 80.928, 81.335, 81.522, 81.091, 81.198, 81.251, 80.603, 78.803, 75.499, 72.149, 68.351, 64.697, 62.976, 61.816, 60.424, 60.276, 60.223, 60.707, 61.609, 62.273, 62.814, 63.17, 62.925, 61.657, 61.34, 61.806], [41.475, 40.799, 40.015, 39.837, 39.719, 34.726, 26.073, 23.381, 20.197, 17.255, 10.922, 7.878, 5.458, 0.0, 7.72, 17.863, 25.998, 27.449, 27.913, 29.048, 30.158, 33.485, 37.901, 39.186, 38.886, 38.787, 39.082, 39.604, 41.155, 42.878, 42.778, 43.978, 44.688, 46.397, 46.546, 49.178, 54.18, 60.085, 65.872, 68.0, 69.065, 70.14, 70.712, 71.667, 73.013, 73.824, 73.742, 73.421, 73.429, 73.422, 73.537, 73.576, 76.008, 79.861, 80.391, 80.142, 80.597, 79.934, 79.979, 80.074, 80.207, 80.583, 80.732, 80.314, 80.451, 80.501, 79.836, 78.029, 74.684, 71.247, 67.369, 63.715, 62.073, 60.944, 59.559, 59.41, 59.321, 59.791, 60.681, 61.307, 61.833, 62.195, 61.955, 60.672, 60.329, 60.792], [41.833, 41.1, 40.27, 40.002, 39.822, 34.997, 27.074, 25.307, 22.675, 19.91, 14.349, 12.073, 11.245, 7.72, 0.0, 11.806, 21.458, 23.555, 24.415, 25.992, 27.369, 30.847, 35.332, 36.485, 36.246, 36.302, 36.595, 36.98, 38.543, 40.382, 40.297, 41.477, 42.035, 43.847, 43.982, 46.552, 51.699, 57.877, 63.825, 65.948, 66.978, 68.07, 68.648, 69.592, 70.919, 71.739, 71.679, 71.437, 71.612, 71.754, 71.928, 71.951, 74.326, 78.139, 78.663, 78.429, 78.916, 78.268, 78.31, 78.402, 78.552, 78.946, 79.077, 78.639, 78.764, 78.858, 78.182, 76.275, 72.943, 69.562, 65.68, 62.035, 60.602, 59.681, 58.363, 58.25, 58.207, 58.69, 59.554, 60.197, 60.729, 61.072, 60.835, 59.56, 59.198, 59.641], [43.065, 42.307, 41.573, 41.172, 40.718, 36.232, 29.727, 29.739, 28.213, 25.702, 21.2, 19.47, 19.474, 17.863, 11.806, 0.0, 11.543, 16.086, 19.078, 22.526, 24.641, 27.971, 32.37, 33.204, 33.477, 34.204, 34.612, 34.908, 36.624, 38.642, 38.09, 38.901, 39.27, 41.13, 41.296, 43.588, 48.702, 55.284, 61.555, 63.647, 64.608, 65.758, 66.325, 67.173, 68.402, 69.256, 69.238, 69.023, 69.378, 69.848, 70.261, 70.302, 72.581, 76.384, 77.013, 76.908, 77.481, 76.887, 76.923, 77.012, 77.19, 77.635, 77.784, 77.33, 77.425, 77.605, 76.938, 74.947, 71.804, 68.717, 65.03, 61.566, 60.526, 59.988, 58.859, 58.828, 58.931, 59.457, 60.276, 60.976, 61.507, 61.788, 61.557, 60.347, 59.989, 60.394], [46.012, 45.286, 44.618, 44.238, 43.666, 39.558, 33.839, 34.28, 33.589, 31.801, 28.122, 26.79, 26.981, 25.998, 21.458, 11.543, 0.0, 8.242, 14.785, 20.12, 22.996, 25.582, 29.626, 30.391, 31.412, 32.619, 33.057, 33.467, 35.527, 37.677, 37.137, 37.918, 38.541, 40.683, 40.903, 43.172, 48.123, 54.611, 60.787, 62.735, 63.649, 64.842, 65.455, 66.316, 67.559, 68.469, 68.459, 68.244, 68.655, 69.344, 70.061, 70.248, 72.486, 76.253, 76.921, 76.917, 77.548, 76.997, 77.013, 77.079, 77.261, 77.712, 77.829, 77.386, 77.497, 77.718, 77.051, 75.084, 72.098, 69.138, 65.558, 62.304, 61.533, 61.181, 60.236, 60.281, 60.445, 60.976, 61.74, 62.412, 62.914, 63.146, 62.92, 61.753, 61.384, 61.758], [45.613, 44.878, 43.985, 43.558, 43.068, 39.024, 33.717, 34.082, 33.333, 32.343, 29.327, 28.365, 28.535, 27.449, 23.555, 16.086, 8.242, 0.0, 8.392, 15.225, 18.781, 21.58, 26.143, 27.083, 28.313, 29.555, 29.961, 30.44, 32.857, 35.102, 35.155, 36.426, 37.604, 40.134, 40.3, 42.915, 48.245, 54.491, 60.249, 62.174, 63.148, 64.322, 65.031, 66.038, 67.427, 68.371, 68.332, 68.079, 68.414, 69.033, 69.786, 70.182, 72.626, 76.481, 77.027, 76.881, 77.471, 76.937, 76.979, 77.041, 77.23, 77.668, 77.688, 77.227, 77.467, 77.734, 77.041, 75.16, 72.178, 69.075, 65.334, 62.031, 61.171, 60.711, 59.809, 59.877, 59.973, 60.444, 61.191, 61.841, 62.325, 62.56, 62.386, 61.22, 60.823, 61.197], [44.212, 43.471, 42.318, 41.853, 41.469, 37.479, 32.771, 33.105, 32.036, 31.846, 29.56, 28.946, 29.086, 27.913, 24.415, 19.078, 14.785, 8.392, 0.0, 8.609, 13.282, 17.38, 23.453, 24.568, 25.665, 26.965, 27.389, 27.776, 30.382, 32.712, 33.28, 34.996, 36.555, 39.281, 39.357, 42.297, 48.175, 54.431, 59.968, 62.002, 63.075, 64.224, 64.986, 66.075, 67.571, 68.534, 68.479, 68.206, 68.536, 69.119, 69.793, 70.326, 73.03, 76.934, 77.283, 76.913, 77.419, 76.905, 76.989, 77.049, 77.241, 77.668, 77.638, 77.177, 77.572, 77.908, 77.204, 75.442, 72.43, 69.179, 65.271, 61.838, 60.769, 60.112, 59.168, 59.222, 59.252, 59.697, 60.439, 61.057, 61.528, 61.785, 61.639, 60.436, 60.021, 60.409], [44.077, 43.39, 42.143, 41.68, 41.396, 37.506, 33.121, 33.207, 32.177, 32.765, 30.861, 30.165, 30.245, 29.048, 25.992, 22.526, 20.12, 15.225, 8.609, 0.0, 7.041, 14.103, 22.002, 23.501, 23.842, 24.923, 25.433, 25.868, 28.645, 30.942, 31.904, 34.163, 35.989, 38.856, 38.897, 42.121, 48.489, 55.004, 60.56, 62.659, 63.763, 64.878, 65.617, 66.718, 68.293, 69.303, 69.262, 69.004, 69.365, 69.941, 70.547, 71.079, 73.864, 77.691, 77.866, 77.347, 77.796, 77.28, 77.393, 77.453, 77.636, 78.033, 77.979, 77.512, 77.943, 78.264, 77.54, 75.811, 72.659, 69.203, 65.113, 61.508, 60.219, 59.351, 58.323, 58.372, 58.383, 58.875, 59.644, 60.181, 60.615, 60.926, 60.806, 59.531, 59.075, 59.478], [44.759, 44.071, 42.86, 42.432, 42.17, 38.283, 33.441, 32.87, 32.025, 33.357, 31.984, 31.311, 31.34, 30.158, 27.369, 24.641, 22.996, 18.781, 13.282, 7.041, 0.0, 10.594, 20.469, 22.082, 22.504, 23.841, 24.408, 24.875, 27.867, 30.075, 30.98, 33.498, 35.681, 38.738, 38.76, 42.085, 48.597, 55.191, 60.729, 62.818, 63.987, 65.105, 65.829, 66.93, 68.549, 69.622, 69.611, 69.368, 69.728, 70.275, 70.892, 71.448, 74.279, 78.143, 78.38, 77.908, 78.366, 77.882, 78.006, 78.061, 78.243, 78.632, 78.581, 78.117, 78.546, 78.863, 78.14, 76.405, 73.193, 69.662, 65.494, 61.808, 60.474, 59.542, 58.502, 58.567, 58.511, 58.927, 59.663, 60.177, 60.586, 60.871, 60.737, 59.46, 59.015, 59.439], [47.236, 46.594, 45.495, 45.165, 44.934, 41.456, 37.136, 35.903, 35.088, 36.528, 35.369, 34.744, 34.733, 33.485, 30.847, 27.971, 25.582, 21.58, 17.38, 14.103, 10.594, 0.0, 11.363, 13.773, 15.294, 17.265, 17.857, 19.194, 23.812, 26.23, 28.249, 31.569, 34.237, 37.538, 37.502, 40.79, 47.196, 53.422, 58.629, 60.66, 61.863, 63.005, 63.8, 64.973, 66.619, 67.772, 67.785, 67.491, 67.809, 68.378, 69.097, 69.699, 72.673, 76.84, 77.228, 77.037, 77.714, 77.266, 77.343, 77.354, 77.517, 77.883, 77.773, 77.304, 77.787, 78.159, 77.406, 75.653, 72.492, 68.993, 64.957, 61.595, 60.52, 59.681, 58.735, 58.804, 58.791, 59.249, 59.954, 60.411, 60.766, 61.011, 60.876, 59.619, 59.147, 59.559], [50.301, 49.653, 48.637, 48.349, 48.147, 45.337, 42.319, 41.211, 40.106, 40.842, 39.646, 39.206, 39.21, 37.901, 35.332, 32.37, 29.626, 26.143, 23.453, 22.002, 20.469, 11.363, 0.0, 5.554, 10.32, 12.554, 12.893, 15.443, 21.67, 24.257, 27.276, 30.858, 33.694, 36.918, 36.87, 40.112, 46.206, 51.743, 56.505, 58.527, 59.707, 60.849, 61.744, 62.99, 64.568, 65.721, 65.739, 65.375, 65.625, 66.195, 66.989, 67.565, 70.597, 75.077, 75.554, 75.692, 76.743, 76.339, 76.363, 76.337, 76.471, 76.814, 76.636, 76.135, 76.673, 77.109, 76.305, 74.538, 71.503, 68.116, 64.354, 61.5, 60.747, 60.035, 59.208, 59.286, 59.375, 59.935, 60.625, 61.002, 61.294, 61.511, 61.397, 60.175, 59.67, 60.056], [51.056, 50.351, 49.292, 48.947, 48.704, 45.887, 42.87, 41.945, 40.79, 41.489, 40.518, 40.254, 40.391, 39.186, 36.485, 33.204, 30.391, 27.083, 24.568, 23.501, 22.082, 13.773, 5.554, 0.0, 8.184, 11.997, 12.485, 14.408, 20.398, 22.978, 25.822, 29.527, 32.477, 35.935, 35.93, 39.16, 45.126, 50.319, 54.841, 56.786, 57.963, 59.111, 60.021, 61.269, 62.862, 64.056, 64.084, 63.699, 63.951, 64.579, 65.466, 66.11, 69.226, 73.929, 74.553, 74.735, 75.876, 75.552, 75.578, 75.547, 75.686, 76.067, 75.912, 75.439, 75.988, 76.502, 75.74, 73.91, 70.947, 67.683, 64.029, 61.351, 60.893, 60.392, 59.637, 59.731, 59.836, 60.385, 61.069, 61.488, 61.786, 61.959, 61.808, 60.593, 60.094, 60.477], [50.693, 50.015, 48.899, 48.505, 48.315, 45.33, 42.078, 41.152, 40.084, 41.107, 40.153, 39.802, 40.021, 38.886, 36.246, 33.477, 31.412, 28.313, 25.665, 23.842, 22.504, 15.294, 10.32, 8.184, 0.0, 5.811, 7.427, 9.445, 16.111, 18.831, 22.485, 27.253, 30.268, 34.154, 34.188, 37.769, 44.53, 50.169, 54.888, 56.888, 58.057, 59.196, 60.087, 61.332, 62.976, 64.198, 64.232, 63.834, 64.087, 64.695, 65.508, 66.109, 69.368, 74.289, 74.947, 75.104, 76.251, 75.913, 76.03, 76.048, 76.185, 76.563, 76.441, 75.986, 76.519, 77.036, 76.329, 74.477, 71.466, 68.189, 64.466, 61.695, 61.194, 60.71, 59.908, 59.967, 60.081, 60.668, 61.395, 61.851, 62.187, 62.388, 62.223, 60.965, 60.46, 60.838], [50.92, 50.291, 49.188, 48.831, 48.708, 45.777, 42.626, 41.497, 40.327, 41.377, 40.331, 39.903, 40.047, 38.787, 36.302, 34.204, 32.619, 29.555, 26.965, 24.923, 23.841, 17.265, 12.554, 11.997, 5.811, 0.0, 2.949, 7.091, 15.157, 17.955, 22.763, 27.96, 30.868, 34.804, 34.866, 38.652, 45.577, 51.286, 56.062, 58.131, 59.299, 60.423, 61.327, 62.589, 64.212, 65.401, 65.439, 65.063, 65.296, 65.813, 66.525, 67.071, 70.306, 75.175, 75.74, 75.882, 77.04, 76.656, 76.786, 76.82, 76.94, 77.278, 77.129, 76.663, 77.184, 77.651, 76.926, 75.108, 72.043, 68.662, 64.875, 62.047, 61.359, 60.719, 59.85, 59.875, 59.982, 60.596, 61.313, 61.682, 61.996, 62.237, 62.086, 60.806, 60.286, 60.641], [51.093, 50.467, 49.373, 49.05, 48.948, 46.099, 43.116, 41.933, 40.621, 41.62, 40.653, 40.307, 40.432, 39.082, 36.595, 34.612, 33.057, 29.961, 27.389, 25.433, 24.408, 17.857, 12.893, 12.485, 7.427, 2.949, 0.0, 6.03, 14.753, 17.589, 22.768, 27.983, 30.88, 34.789, 34.863, 38.709, 45.626, 51.345, 56.14, 58.24, 59.416, 60.539, 61.461, 62.741, 64.347, 65.509, 65.551, 65.2, 65.435, 65.92, 66.605, 67.143, 70.361, 75.166, 75.674, 75.811, 76.964, 76.565, 76.685, 76.717, 76.836, 77.157, 76.988, 76.516, 77.046, 77.492, 76.751, 74.971, 71.905, 68.494, 64.692, 61.837, 61.065, 60.377, 59.517, 59.547, 59.646, 60.258, 60.954, 61.27, 61.56, 61.797, 61.644, 60.354, 59.824, 60.165], [51.329, 50.661, 49.501, 49.188, 49.133, 46.179, 42.946, 41.772, 40.393, 41.548, 40.873, 40.726, 40.973, 39.604, 36.98, 34.908, 33.467, 30.44, 27.776, 25.868, 24.875, 19.194, 15.443, 14.408, 9.445, 7.091, 6.03, 0.0, 9.82, 13.103, 18.76, 24.722, 27.731, 32.238, 32.349, 36.567, 43.945, 49.656, 54.367, 56.424, 57.637, 58.79, 59.742, 61.078, 62.771, 63.969, 64.024, 63.697, 63.958, 64.481, 65.245, 65.877, 69.248, 74.266, 74.854, 74.986, 76.18, 75.827, 75.994, 76.06, 76.217, 76.637, 76.569, 76.145, 76.676, 77.149, 76.44, 74.628, 71.583, 68.193, 64.354, 61.551, 61.042, 60.599, 59.808, 59.856, 59.949, 60.542, 61.232, 61.597, 61.921, 62.116, 61.903, 60.604, 60.089, 60.392], [52.19, 51.489, 50.272, 49.998, 50.037, 47.076, 43.725, 42.62, 41.263, 42.563, 42.138, 42.15, 42.503, 41.155, 38.543, 36.624, 35.527, 32.857, 30.382, 28.645, 27.867, 23.812, 21.67, 20.398, 16.111, 15.157, 14.753, 9.82, 0.0, 5.486, 12.597, 19.805, 22.814, 27.98, 28.143, 33.007, 41.378, 47.456, 52.271, 54.253, 55.447, 56.654, 57.662, 59.092, 60.9, 62.108, 62.171, 61.881, 62.166, 62.703, 63.49, 64.178, 67.71, 72.949, 73.585, 73.733, 74.999, 74.67, 74.92, 75.03, 75.211, 75.809, 76.093, 75.832, 76.337, 76.788, 76.166, 74.426, 71.421, 68.109, 64.267, 61.476, 61.218, 61.114, 60.449, 60.503, 60.559, 61.105, 61.781, 62.186, 62.521, 62.662, 62.365, 61.05, 60.6, 60.858], [53.115, 52.475, 51.274, 50.984, 51.021, 48.219, 45.359, 44.387, 43.006, 44.384, 43.985, 43.95, 44.242, 42.878, 40.382, 38.642, 37.677, 35.102, 32.712, 30.942, 30.075, 26.23, 24.257, 22.978, 18.831, 17.955, 17.589, 13.103, 5.486, 0.0, 11.281, 19.501, 22.655, 27.99, 28.143, 33.102, 41.656, 47.781, 52.512, 54.453, 55.629, 56.831, 57.845, 59.306, 61.165, 62.374, 62.446, 62.172, 62.453, 62.987, 63.772, 64.483, 68.032, 73.263, 73.863, 73.999, 75.274, 74.953, 75.219, 75.329, 75.507, 76.095, 76.395, 76.172, 76.712, 77.177, 76.549, 74.833, 71.842, 68.506, 64.652, 61.883, 61.671, 61.57, 60.901, 60.957, 61.01, 61.558, 62.232, 62.635, 62.973, 63.103, 62.783, 61.45, 60.983, 61.221], [50.731, 50.02, 48.843, 48.463, 48.383, 45.921, 44.226, 44.177, 42.552, 43.429, 43.39, 43.449, 43.815, 42.778, 40.297, 38.09, 37.137, 35.155, 33.28, 31.904, 30.98, 28.249, 27.276, 25.822, 22.485, 22.763, 22.768, 18.76, 12.597, 11.281, 0.0, 9.626, 13.51, 19.442, 19.761, 25.724, 36.133, 43.937, 49.881, 52.129, 53.44, 54.846, 55.975, 57.381, 59.098, 60.273, 60.399, 60.134, 60.32, 60.799, 61.565, 62.196, 65.826, 71.31, 72.153, 72.423, 73.772, 73.479, 73.836, 74.017, 74.261, 75.032, 75.523, 75.248, 75.789, 76.249, 75.632, 74.078, 71.215, 68.078, 64.331, 61.419, 61.02, 60.97, 60.368, 60.428, 60.436, 60.918, 61.671, 62.301, 62.745, 62.843, 62.53, 61.287, 60.944, 61.187], [49.786, 48.963, 47.849, 47.498, 47.348, 45.547, 45.417, 46.07, 44.038, 44.058, 44.204, 44.501, 44.857, 43.978, 41.477, 38.901, 37.918, 36.426, 34.996, 34.163, 33.498, 31.569, 30.858, 29.527, 27.253, 27.96, 27.983, 24.722, 19.805, 19.501, 9.626, 0.0, 5.98, 12.35, 12.899, 20.796, 32.976, 42.235, 49.225, 51.876, 53.339, 54.913, 56.132, 57.44, 58.867, 59.85, 59.958, 59.724, 59.866, 60.247, 60.871, 61.321, 64.877, 70.292, 71.143, 71.494, 72.855, 72.513, 72.888, 73.085, 73.353, 74.247, 74.936, 74.624, 75.184, 75.635, 74.971, 73.658, 71.033, 68.153, 64.58, 61.549, 60.824, 60.672, 60.117, 60.157, 60.099, 60.521, 61.337, 62.121, 62.634, 62.723, 62.437, 61.273, 61.032, 61.301], [50.45, 49.602, 48.533, 48.201, 48.035, 46.366, 46.476, 47.351, 45.244, 44.81, 44.802, 45.13, 45.554, 44.688, 42.035, 39.27, 38.541, 37.604, 36.555, 35.989, 35.681, 34.237, 33.694, 32.477, 30.268, 30.868, 30.88, 27.731, 22.814, 22.655, 13.51, 5.98, 0.0, 8.501, 9.487, 17.868, 30.744, 40.833, 48.512, 51.379, 52.919, 54.612, 55.82, 57.023, 58.27, 59.136, 59.257, 59.077, 59.252, 59.639, 60.175, 60.467, 63.86, 69.16, 70.042, 70.454, 71.812, 71.442, 71.838, 72.056, 72.329, 73.254, 74.026, 73.714, 74.214, 74.627, 74.003, 72.755, 70.263, 67.639, 64.262, 61.313, 60.682, 60.678, 60.139, 60.134, 60.119, 60.598, 61.456, 62.308, 62.859, 62.948, 62.671, 61.539, 61.313, 61.575], [49.045, 48.231, 47.26, 47.001, 46.869, 45.978, 47.886, 49.434, 47.258, 46.459, 46.35, 46.658, 47.147, 46.397, 43.847, 41.13, 40.683, 40.134, 39.281, 38.856, 38.738, 37.538, 36.918, 35.935, 34.154, 34.804, 34.789, 32.238, 27.98, 27.99, 19.442, 12.35, 8.501, 0.0, 2.615, 12.209, 26.769, 38.835, 47.643, 50.861, 52.395, 54.139, 55.359, 56.452, 57.469, 58.182, 58.25, 58.03, 58.173, 58.537, 58.866, 58.912, 62.09, 67.021, 67.678, 68.12, 69.527, 69.075, 69.494, 69.722, 69.995, 70.985, 71.911, 71.544, 72.123, 72.521, 71.952, 71.129, 68.778, 66.419, 63.289, 60.186, 59.165, 59.089, 58.639, 58.62, 58.607, 59.121, 60.077, 61.103, 61.759, 61.877, 61.659, 60.597, 60.456, 60.76], [48.599, 47.833, 46.889, 46.662, 46.568, 45.798, 47.945, 49.511, 47.438, 46.811, 46.642, 46.852, 47.323, 46.546, 43.982, 41.296, 40.903, 40.3, 39.357, 38.897, 38.76, 37.502, 36.87, 35.93, 34.188, 34.866, 34.863, 32.349, 28.143, 28.143, 19.761, 12.899, 9.487, 2.615, 0.0, 11.379, 26.387, 38.504, 47.214, 50.41, 51.946, 53.687, 54.916, 56.02, 57.076, 57.818, 57.88, 57.646, 57.793, 58.173, 58.5, 58.56, 61.814, 66.837, 67.489, 67.893, 69.305, 68.863, 69.286, 69.514, 69.793, 70.806, 71.737, 71.368, 72.008, 72.469, 71.904, 71.096, 68.746, 66.367, 63.216, 60.111, 59.118, 59.027, 58.552, 58.529, 58.529, 59.052, 60.006, 61.037, 61.693, 61.812, 61.602, 60.539, 60.394, 60.699], [48.291, 47.773, 47.159, 46.976, 46.907, 46.314, 49.016, 51.27, 49.804, 49.492, 49.255, 49.247, 49.874, 49.178, 46.552, 43.588, 43.172, 42.915, 42.297, 42.121, 42.085, 40.79, 40.112, 39.16, 37.769, 38.652, 38.709, 36.567, 33.007, 33.102, 25.724, 20.796, 17.868, 12.209, 11.379, 0.0, 16.872, 31.481, 41.555, 44.976, 46.489, 48.371, 49.661, 50.622, 51.43, 52.077, 52.12, 51.856, 51.997, 52.474, 52.784, 52.767, 55.768, 60.698, 61.543, 62.03, 63.5, 63.109, 63.632, 63.925, 64.217, 65.345, 66.466, 66.168, 66.826, 67.389, 67.083, 66.436, 64.152, 62.225, 59.497, 56.535, 55.951, 56.388, 56.071, 56.006, 56.032, 56.601, 57.573, 58.695, 59.384, 59.45, 59.241, 58.305, 58.199, 58.503], [52.026, 51.694, 51.472, 51.368, 51.287, 50.576, 52.701, 55.128, 54.337, 54.282, 54.109, 54.024, 54.801, 54.18, 51.699, 48.702, 48.123, 48.245, 48.175, 48.489, 48.597, 47.196, 46.206, 45.126, 44.53, 45.577, 45.626, 43.945, 41.378, 41.656, 36.133, 32.976, 30.744, 26.769, 26.387, 16.872, 0.0, 18.07, 30.766, 34.955, 36.644, 38.767, 40.134, 40.882, 41.052, 41.324, 41.295, 41.066, 41.239, 41.843, 42.171, 41.992, 44.137, 48.648, 50.118, 50.904, 52.551, 52.447, 53.122, 53.532, 53.806, 55.116, 56.551, 56.466, 57.104, 57.931, 58.006, 57.391, 55.316, 54.068, 52.467, 50.797, 51.922, 53.459, 53.448, 53.394, 53.503, 54.119, 54.921, 55.87, 56.445, 56.337, 55.996, 55.26, 55.172, 55.381], [58.461, 58.208, 58.135, 58.137, 58.114, 56.955, 57.584, 59.474, 59.257, 59.89, 59.988, 59.9, 60.705, 60.085, 57.877, 55.284, 54.611, 54.491, 54.431, 55.004, 55.191, 53.422, 51.743, 50.319, 50.169, 51.286, 51.345, 49.656, 47.456, 47.781, 43.937, 42.235, 40.833, 38.835, 38.504, 31.481, 18.07, 0.0, 14.375, 19.935, 22.496, 24.944, 26.44, 27.259, 27.102, 27.241, 27.289, 27.124, 27.352, 28.389, 29.324, 29.709, 32.321, 38.748, 41.853, 42.891, 45.046, 45.738, 46.587, 47.152, 47.53, 49.101, 50.661, 50.988, 51.842, 53.325, 53.624, 52.174, 50.248, 49.149, 48.374, 49.404, 53.743, 56.494, 56.643, 56.673, 56.945, 57.523, 57.907, 58.334, 58.545, 58.198, 57.683, 56.975, 56.76, 56.715], [64.113, 63.937, 63.918, 64.021, 64.098, 62.73, 62.601, 64.056, 64.283, 65.651, 65.91, 65.76, 66.536, 65.872, 63.825, 61.555, 60.787, 60.249, 59.968, 60.56, 60.729, 58.629, 56.505, 54.841, 54.888, 56.062, 56.14, 54.367, 52.271, 52.512, 49.881, 49.225, 48.512, 47.643, 47.214, 41.555, 30.766, 14.375, 0.0, 7.306, 11.356, 13.995, 15.78, 17.052, 17.424, 18.081, 18.315, 18.194, 18.545, 20.375, 22.515, 24.28, 28.393, 37.292, 41.545, 42.336, 44.678, 45.959, 46.829, 47.428, 47.939, 49.698, 51.222, 51.921, 53.083, 55.075, 55.468, 53.304, 51.418, 50.213, 49.474, 52.002, 58.323, 61.776, 61.992, 62.053, 62.381, 62.877, 62.992, 63.09, 63.036, 62.56, 61.997, 61.266, 60.925, 60.71], [66.419, 66.257, 66.248, 66.369, 66.461, 64.939, 64.359, 65.655, 66.162, 67.845, 68.1, 67.87, 68.668, 68.0, 65.948, 63.647, 62.735, 62.174, 62.002, 62.659, 62.818, 60.66, 58.527, 56.786, 56.888, 58.131, 58.24, 56.424, 54.253, 54.453, 52.129, 51.876, 51.379, 50.861, 50.41, 44.976, 34.955, 19.935, 7.306, 0.0, 5.063, 8.269, 10.751, 12.597, 13.802, 15.144, 15.513, 15.511, 16.093, 18.535, 21.548, 23.924, 28.16, 37.542, 42.135, 42.804, 45.127, 46.576, 47.43, 48.024, 48.584, 50.393, 51.971, 52.866, 54.027, 56.115, 56.603, 54.166, 52.207, 50.986, 50.142, 52.861, 59.894, 63.826, 64.136, 64.206, 64.555, 65.002, 64.993, 64.981, 64.83, 64.3, 63.716, 62.972, 62.587, 62.318], [67.166, 67.014, 67.02, 67.142, 67.239, 65.71, 65.223, 66.664, 67.278, 68.998, 69.195, 68.917, 69.731, 69.065, 66.978, 64.608, 63.649, 63.148, 63.075, 63.763, 63.987, 61.863, 59.707, 57.963, 58.057, 59.299, 59.416, 57.637, 55.447, 55.629, 53.44, 53.339, 52.919, 52.395, 51.946, 46.489, 36.644, 22.496, 11.356, 5.063, 0.0, 3.941, 7.594, 10.329, 12.196, 13.879, 14.351, 14.509, 15.293, 18.005, 21.276, 23.671, 27.521, 36.826, 41.478, 42.111, 44.49, 46.018, 46.885, 47.491, 48.058, 49.891, 51.541, 52.523, 53.682, 55.818, 56.376, 53.874, 51.881, 50.681, 49.855, 52.603, 59.841, 64.044, 64.494, 64.618, 64.997, 65.394, 65.316, 65.27, 65.084, 64.521, 63.924, 63.187, 62.792, 62.509], [67.827, 67.693, 67.714, 67.853, 67.976, 66.436, 65.978, 67.53, 68.281, 70.112, 70.299, 69.992, 70.805, 70.14, 68.07, 65.758, 64.842, 64.322, 64.224, 64.878, 65.105, 63.005, 60.849, 59.111, 59.196, 60.423, 60.539, 58.79, 56.654, 56.831, 54.846, 54.913, 54.612, 54.139, 53.687, 48.371, 38.767, 24.944, 13.995, 8.269, 3.941, 0.0, 4.809, 8.586, 11.312, 13.339, 13.909, 14.148, 14.992, 17.805, 21.18, 23.685, 27.476, 36.798, 41.481, 42.051, 44.477, 46.081, 46.948, 47.567, 48.146, 49.997, 51.654, 52.679, 53.88, 56.072, 56.635, 54.062, 52.052, 50.796, 49.975, 52.851, 60.213, 64.484, 64.995, 65.193, 65.621, 65.974, 65.833, 65.753, 65.541, 64.955, 64.346, 63.609, 63.201, 62.897], [68.103, 67.99, 68.053, 68.225, 68.356, 66.766, 66.166, 67.767, 68.764, 70.747, 70.882, 70.504, 71.335, 70.712, 68.648, 66.325, 65.455, 65.031, 64.986, 65.617, 65.829, 63.8, 61.744, 60.021, 60.087, 61.327, 61.461, 59.742, 57.662, 57.845, 55.975, 56.132, 55.82, 55.359, 54.916, 49.661, 40.134, 26.44, 15.78, 10.751, 7.594, 4.809, 0.0, 4.755, 8.97, 11.617, 12.342, 12.645, 13.711, 16.996, 20.607, 23.257, 27.224, 36.602, 41.459, 42.06, 44.509, 46.181, 47.008, 47.615, 48.221, 50.12, 51.806, 52.839, 53.992, 56.159, 56.643, 53.909, 51.883, 50.612, 49.806, 52.858, 60.426, 64.717, 65.178, 65.429, 66.017, 66.456, 66.321, 66.281, 66.107, 65.529, 64.914, 64.156, 63.733, 63.426], [68.605, 68.503, 68.602, 68.782, 68.9, 67.328, 66.73, 68.405, 69.526, 71.587, 71.776, 71.362, 72.215, 71.667, 69.592, 67.173, 66.316, 66.038, 66.075, 66.718, 66.93, 64.973, 62.99, 61.269, 61.332, 62.589, 62.741, 61.078, 59.092, 59.306, 57.381, 57.44, 57.023, 56.452, 56.02, 50.622, 40.882, 27.259, 17.052, 12.597, 10.329, 8.586, 4.755, 0.0, 5.39, 8.752, 9.752, 10.15, 11.656, 15.682, 19.593, 22.33, 26.504, 36.056, 41.173, 41.848, 44.314, 46.079, 46.914, 47.521, 48.162, 50.149, 51.929, 52.989, 54.101, 56.268, 56.698, 53.861, 51.913, 50.773, 50.045, 53.172, 60.9, 65.251, 65.662, 65.889, 66.594, 67.182, 67.112, 67.137, 67.007, 66.438, 65.838, 65.091, 64.66, 64.355], [69.603, 69.481, 69.591, 69.743, 69.833, 68.383, 68.006, 69.804, 70.794, 72.647, 72.967, 72.654, 73.52, 73.013, 70.919, 68.402, 67.559, 67.427, 67.571, 68.293, 68.549, 66.619, 64.568, 62.862, 62.976, 64.212, 64.347, 62.771, 60.9, 61.165, 59.098, 58.867, 58.27, 57.469, 57.076, 51.43, 41.052, 27.102, 17.424, 13.802, 12.196, 11.312, 8.97, 5.39, 0.0, 4.095, 5.913, 6.954, 9.127, 13.792, 17.831, 20.391, 24.383, 34.138, 39.583, 40.459, 43.018, 44.87, 45.751, 46.402, 47.071, 49.153, 51.076, 52.187, 53.27, 55.477, 55.951, 53.175, 51.463, 50.65, 50.197, 53.402, 61.148, 65.589, 66.061, 66.263, 66.977, 67.633, 67.61, 67.666, 67.54, 66.952, 66.372, 65.695, 65.276, 64.961], [70.243, 70.1, 70.205, 70.347, 70.429, 69.088, 68.927, 70.81, 71.649, 73.275, 73.649, 73.473, 74.349, 73.824, 71.739, 69.256, 68.469, 68.371, 68.534, 69.303, 69.622, 67.772, 65.721, 64.056, 64.198, 65.401, 65.509, 63.969, 62.108, 62.374, 60.273, 59.85, 59.136, 58.182, 57.818, 52.077, 41.324, 27.241, 18.081, 15.144, 13.879, 13.339, 11.617, 8.752, 4.095, 0.0, 3.037, 5.486, 8.099, 12.624, 16.351, 18.685, 22.424, 32.264, 37.899, 38.838, 41.433, 43.333, 44.244, 44.924, 45.619, 47.795, 49.847, 50.999, 52.075, 54.317, 54.847, 52.174, 50.68, 50.128, 49.906, 53.207, 60.965, 65.469, 66.008, 66.211, 66.922, 67.584, 67.569, 67.651, 67.536, 66.93, 66.364, 65.743, 65.344, 65.026], [70.013, 69.864, 69.967, 70.124, 70.219, 68.923, 68.852, 70.738, 71.547, 73.139, 73.495, 73.346, 74.248, 73.742, 71.679, 69.238, 68.459, 68.332, 68.479, 69.262, 69.611, 67.785, 65.739, 64.084, 64.232, 65.439, 65.551, 64.024, 62.171, 62.446, 60.399, 59.958, 59.257, 58.25, 57.88, 52.12, 41.295, 27.289, 18.315, 15.513, 14.351, 13.909, 12.342, 9.752, 5.913, 3.037, 0.0, 3.509, 6.943, 11.614, 15.3, 17.635, 21.436, 31.448, 37.087, 38.027, 40.653, 42.521, 43.409, 44.069, 44.774, 46.992, 49.059, 50.172, 51.252, 53.524, 54.093, 51.49, 50.044, 49.58, 49.424, 52.72, 60.474, 64.987, 65.524, 65.714, 66.422, 67.086, 67.081, 67.206, 67.15, 66.566, 66.007, 65.421, 65.049, 64.756], [69.383, 69.244, 69.35, 69.495, 69.587, 68.307, 68.33, 70.28, 71.117, 72.757, 73.107, 72.92, 73.839, 73.421, 71.437, 69.023, 68.244, 68.079, 68.206, 69.004, 69.368, 67.491, 65.375, 63.699, 63.834, 65.063, 65.2, 63.697, 61.881, 62.172, 60.134, 59.724, 59.077, 58.03, 57.646, 51.856, 41.066, 27.124, 18.194, 15.511, 14.509, 14.148, 12.645, 10.15, 6.954, 5.486, 3.509, 0.0, 4.622, 10.355, 14.432, 16.966, 21.242, 31.739, 37.427, 38.408, 41.106, 42.942, 43.831, 44.48, 45.178, 47.411, 49.453, 50.469, 51.502, 53.736, 54.305, 51.755, 50.258, 49.752, 49.593, 52.837, 60.46, 64.881, 65.377, 65.549, 66.245, 66.905, 66.921, 67.079, 67.057, 66.514, 65.974, 65.393, 65.037, 64.767], [69.032, 68.9, 69.015, 69.169, 69.266, 68.026, 68.187, 70.191, 71.002, 72.644, 73.046, 72.873, 73.785, 73.429, 71.612, 69.378, 68.655, 68.414, 68.536, 69.365, 69.728, 67.809, 65.625, 63.951, 64.087, 65.296, 65.435, 63.958, 62.166, 62.453, 60.32, 59.866, 59.252, 58.173, 57.793, 51.997, 41.239, 27.352, 18.545, 16.093, 15.293, 14.992, 13.711, 11.656, 9.127, 8.099, 6.943, 4.622, 0.0, 6.686, 11.525, 14.562, 19.649, 31.121, 37.059, 38.074, 40.842, 42.702, 43.65, 44.347, 45.066, 47.351, 49.376, 50.312, 51.289, 53.454, 54.043, 51.596, 50.096, 49.556, 49.401, 52.645, 60.158, 64.539, 65.064, 65.231, 65.899, 66.514, 66.534, 66.726, 66.709, 66.161, 65.715, 65.253, 64.928, 64.657], [68.867, 68.73, 68.855, 69.064, 69.2, 68.042, 68.349, 70.288, 70.979, 72.557, 73.034, 72.91, 73.789, 73.422, 71.754, 69.848, 69.344, 69.033, 69.119, 69.941, 70.275, 68.378, 66.195, 64.579, 64.695, 65.813, 65.92, 64.481, 62.703, 62.987, 60.799, 60.247, 59.639, 58.537, 58.173, 52.474, 41.843, 28.389, 20.375, 18.535, 18.005, 17.805, 16.996, 15.682, 13.792, 12.624, 11.614, 10.355, 6.686, 0.0, 5.804, 9.785, 16.338, 29.253, 35.436, 36.447, 39.255, 41.068, 42.001, 42.714, 43.457, 45.83, 47.859, 48.705, 49.624, 51.723, 52.385, 50.153, 48.736, 48.227, 48.097, 51.292, 58.648, 63.032, 63.652, 63.823, 64.466, 65.019, 65.02, 65.257, 65.283, 64.707, 64.374, 64.185, 63.971, 63.693], [68.507, 68.374, 68.519, 68.77, 68.945, 67.988, 68.735, 70.717, 71.262, 72.707, 73.185, 73.08, 73.929, 73.537, 71.928, 70.261, 70.061, 69.786, 69.793, 70.547, 70.892, 69.097, 66.989, 65.466, 65.508, 66.525, 66.605, 65.245, 63.49, 63.772, 61.565, 60.871, 60.175, 58.866, 58.5, 52.784, 42.171, 29.324, 22.515, 21.548, 21.276, 21.18, 20.607, 19.593, 17.831, 16.351, 15.3, 14.432, 11.525, 5.804, 0.0, 5.14, 13.433, 27.236, 33.43, 34.293, 37.106, 38.865, 39.789, 40.506, 41.268, 43.779, 45.928, 46.711, 47.641, 49.741, 50.515, 48.599, 47.35, 47.009, 47.056, 50.232, 57.358, 61.697, 62.386, 62.544, 63.157, 63.677, 63.674, 63.927, 63.971, 63.399, 63.114, 63.073, 62.966, 62.704], [68.495, 68.335, 68.496, 68.742, 68.916, 68.127, 69.197, 71.248, 71.671, 72.845, 73.222, 73.125, 73.974, 73.576, 71.951, 70.302, 70.248, 70.182, 70.326, 71.079, 71.448, 69.699, 67.565, 66.11, 66.109, 67.071, 67.143, 65.877, 64.178, 64.483, 62.196, 61.321, 60.467, 58.912, 58.56, 52.767, 41.992, 29.709, 24.28, 23.924, 23.671, 23.685, 23.257, 22.33, 20.391, 18.685, 17.635, 16.966, 14.562, 9.785, 5.14, 0.0, 9.961, 24.598, 30.927, 31.968, 34.971, 36.698, 37.622, 38.359, 39.133, 41.705, 43.949, 44.678, 45.56, 47.674, 48.539, 46.788, 45.712, 45.631, 45.979, 49.259, 56.313, 60.696, 61.454, 61.612, 62.24, 62.801, 62.85, 63.146, 63.211, 62.652, 62.402, 62.426, 62.357, 62.155], [71.184, 70.964, 71.099, 71.281, 71.418, 70.734, 71.922, 74.131, 74.557, 75.367, 75.581, 75.539, 76.432, 76.008, 74.326, 72.581, 72.486, 72.626, 73.03, 73.864, 74.279, 72.673, 70.597, 69.226, 69.368, 70.306, 70.361, 69.248, 67.71, 68.032, 65.826, 64.877, 63.86, 62.09, 61.814, 55.768, 44.137, 32.321, 28.393, 28.16, 27.521, 27.476, 27.224, 26.504, 24.383, 22.424, 21.436, 21.242, 19.649, 16.338, 13.433, 9.961, 0.0, 15.797, 23.424, 25.07, 28.452, 30.416, 31.377, 32.208, 32.99, 35.589, 38.029, 38.929, 39.668, 41.893, 43.042, 41.369, 40.717, 41.434, 42.769, 46.774, 54.493, 59.457, 60.498, 60.69, 61.348, 61.895, 61.87, 62.163, 62.248, 61.662, 61.393, 61.536, 61.499, 61.398], [74.885, 74.605, 74.665, 74.816, 74.938, 74.501, 76.114, 78.54, 78.884, 79.264, 79.332, 79.441, 80.361, 79.861, 78.139, 76.384, 76.253, 76.481, 76.934, 77.691, 78.143, 76.84, 75.077, 73.929, 74.289, 75.175, 75.166, 74.266, 72.949, 73.263, 71.31, 70.292, 69.16, 67.021, 66.837, 60.698, 48.648, 38.748, 37.292, 37.542, 36.826, 36.798, 36.602, 36.056, 34.138, 32.264, 31.448, 31.739, 31.121, 29.253, 27.236, 24.598, 15.797, 0.0, 10.04, 13.547, 17.616, 19.822, 20.738, 21.65, 22.432, 24.944, 27.887, 29.165, 29.658, 31.872, 33.31, 32.363, 32.694, 34.888, 37.943, 42.713, 50.992, 56.693, 58.181, 58.42, 59.104, 59.666, 59.543, 59.87, 60.069, 59.479, 59.175, 59.442, 59.473, 59.52], [75.002, 74.698, 74.688, 74.871, 75.038, 74.877, 77.115, 79.609, 79.717, 79.88, 79.887, 80.108, 80.994, 80.391, 78.663, 77.013, 76.921, 77.027, 77.283, 77.866, 78.38, 77.228, 75.554, 74.553, 74.947, 75.74, 75.674, 74.854, 73.585, 73.863, 72.153, 71.143, 70.042, 67.678, 67.489, 61.543, 50.118, 41.853, 41.545, 42.135, 41.478, 41.481, 41.459, 41.173, 39.583, 37.899, 37.087, 37.427, 37.059, 35.436, 33.43, 30.927, 23.424, 10.04, 0.0, 6.924, 12.474, 14.306, 15.119, 15.945, 16.717, 18.992, 22.133, 23.475, 24.185, 26.444, 27.939, 28.082, 29.045, 31.83, 35.43, 40.033, 47.981, 53.828, 55.55, 55.782, 56.432, 57.062, 57.011, 57.45, 57.789, 57.253, 56.996, 57.343, 57.425, 57.572], [74.196, 73.91, 73.892, 74.122, 74.323, 74.245, 76.78, 79.307, 79.409, 79.72, 79.722, 79.929, 80.797, 80.142, 78.429, 76.908, 76.917, 76.881, 76.913, 77.347, 77.908, 77.037, 75.692, 74.735, 75.104, 75.882, 75.811, 74.986, 73.733, 73.999, 72.423, 71.494, 70.454, 68.12, 67.893, 62.03, 50.904, 42.891, 42.336, 42.804, 42.111, 42.051, 42.06, 41.848, 40.459, 38.838, 38.027, 38.408, 38.074, 36.447, 34.293, 31.968, 25.07, 13.547, 6.924, 0.0, 6.774, 9.587, 11.041, 12.271, 13.223, 15.929, 19.515, 21.306, 22.597, 25.298, 26.93, 27.197, 28.206, 30.95, 34.395, 38.934, 47.025, 52.98, 54.736, 54.959, 55.582, 56.228, 56.195, 56.589, 56.875, 56.343, 56.105, 56.406, 56.436, 56.585], [74.621, 74.342, 74.325, 74.574, 74.768, 74.681, 77.244, 79.768, 79.879, 80.211, 80.208, 80.425, 81.277, 80.597, 78.916, 77.481, 77.548, 77.471, 77.419, 77.796, 78.366, 77.714, 76.743, 75.876, 76.251, 77.04, 76.964, 76.18, 74.999, 75.274, 73.772, 72.855, 71.812, 69.527, 69.305, 63.5, 52.551, 45.046, 44.678, 45.127, 44.49, 44.477, 44.509, 44.314, 43.018, 41.433, 40.653, 41.106, 40.842, 39.255, 37.106, 34.971, 28.452, 17.616, 12.474, 6.774, 0.0, 4.477, 6.986, 8.781, 9.981, 12.89, 16.989, 19.387, 20.954, 23.763, 25.477, 25.942, 27.185, 30.237, 33.791, 38.185, 46.371, 52.437, 54.198, 54.386, 54.975, 55.604, 55.532, 55.851, 56.099, 55.578, 55.334, 55.64, 55.659, 55.846], [74.108, 73.818, 73.79, 74.043, 74.238, 74.218, 76.922, 79.458, 79.475, 79.643, 79.563, 79.802, 80.637, 79.934, 78.268, 76.887, 76.997, 76.937, 76.905, 77.28, 77.882, 77.266, 76.339, 75.552, 75.913, 76.656, 76.565, 75.827, 74.67, 74.953, 73.479, 72.513, 71.442, 69.075, 68.863, 63.109, 52.447, 45.738, 45.959, 46.576, 46.018, 46.081, 46.181, 46.079, 44.87, 43.333, 42.521, 42.942, 42.702, 41.068, 38.865, 36.698, 30.416, 19.822, 14.306, 9.587, 4.477, 0.0, 3.717, 6.024, 7.439, 10.546, 15.168, 17.73, 19.339, 21.935, 23.651, 24.633, 26.003, 29.292, 32.902, 36.905, 44.75, 50.778, 52.569, 52.757, 53.345, 53.977, 53.926, 54.291, 54.629, 54.171, 53.947, 54.314, 54.398, 54.656], [74.426, 74.135, 74.115, 74.39, 74.576, 74.56, 77.232, 79.706, 79.716, 79.815, 79.644, 79.858, 80.69, 79.979, 78.31, 76.923, 77.013, 76.979, 76.989, 77.393, 78.006, 77.343, 76.363, 75.578, 76.03, 76.786, 76.685, 75.994, 74.92, 75.219, 73.836, 72.888, 71.838, 69.494, 69.286, 63.632, 53.122, 46.587, 46.829, 47.43, 46.885, 46.948, 47.008, 46.914, 45.751, 44.244, 43.409, 43.831, 43.65, 42.001, 39.789, 37.622, 31.377, 20.738, 15.119, 11.041, 6.986, 3.717, 0.0, 2.789, 4.786, 8.652, 13.759, 16.425, 18.031, 20.592, 22.239, 23.355, 24.936, 28.475, 32.269, 36.306, 44.124, 50.114, 51.892, 52.112, 52.79, 53.46, 53.412, 53.811, 54.225, 53.813, 53.585, 53.997, 54.122, 54.411], [74.726, 74.432, 74.409, 74.693, 74.871, 74.847, 77.477, 79.899, 79.9, 79.971, 79.76, 79.965, 80.792, 80.074, 78.402, 77.012, 77.079, 77.041, 77.049, 77