[[0.0, 3.099, 6.631, 13.184, 18.33, 21.813, 22.955, 23.995, 25.46, 28.501, 31.647, 32.228, 34.62, 40.762, 46.259, 46.861, 42.824, 39.463, 41.062, 43.324, 44.18, 43.725, 43.67, 44.476, 43.701, 42.506, 42.73, 43.637, 43.321, 43.342, 44.401, 45.123, 46.574, 48.038, 48.141, 48.421, 49.594, 50.079, 48.324, 46.703, 46.757, 47.296, 46.549, 46.35, 46.755, 46.571, 46.446, 46.302, 46.219, 46.482, 47.779, 49.536, 49.536, 49.4, 49.138, 49.373, 49.688, 49.482, 50.33, 52.027, 53.856, 55.269, 56.388, 56.931, 56.779, 56.382, 56.144, 57.044, 56.939, 55.67, 55.023, 54.575, 56.858, 62.358, 66.001, 66.597, 65.433, 65.355, 66.06, 66.611, 66.63, 67.088, 67.472, 67.765, 68.334, 68.776], [3.099, 0.0, 5.386, 12.766, 17.917, 21.365, 22.571, 23.639, 25.138, 28.329, 31.509, 32.095, 34.472, 40.47, 45.847, 46.396, 42.427, 39.191, 40.799, 43.066, 43.87, 43.359, 43.335, 44.162, 43.422, 42.252, 42.457, 43.334, 43.042, 43.143, 44.205, 44.874, 46.3, 47.753, 47.904, 48.309, 49.564, 50.073, 48.315, 46.699, 46.797, 47.395, 46.687, 46.473, 46.884, 46.713, 46.583, 46.446, 46.384, 46.652, 47.901, 49.604, 49.599, 49.427, 49.158, 49.41, 49.71, 49.498, 50.34, 52.049, 53.884, 55.256, 56.295, 56.786, 56.616, 56.238, 56.046, 56.977, 56.871, 55.561, 54.866, 54.387, 56.648, 62.142, 65.773, 66.359, 65.2, 65.127, 65.816, 66.347, 66.361, 66.813, 67.191, 67.48, 68.042, 68.486], [6.631, 5.386, 0.0, 8.568, 14.966, 19.212, 20.727, 22.006, 23.546, 26.756, 30.152, 30.663, 33.088, 39.379, 45.008, 45.656, 41.695, 38.369, 39.899, 42.136, 43.022, 42.567, 42.396, 43.144, 42.458, 41.475, 41.872, 42.816, 42.489, 42.475, 43.596, 44.267, 45.612, 47.052, 47.147, 47.556, 49.022, 49.731, 48.08, 46.554, 46.648, 47.231, 46.538, 46.393, 46.819, 46.68, 46.623, 46.534, 46.487, 46.773, 48.02, 49.743, 49.771, 49.65, 49.371, 49.534, 49.79, 49.56, 50.366, 51.99, 53.746, 55.147, 56.237, 56.682, 56.459, 56.042, 55.838, 56.757, 56.666, 55.368, 54.655, 54.103, 56.131, 61.579, 65.271, 65.874, 64.74, 64.733, 65.456, 65.985, 65.984, 66.437, 66.809, 67.068, 67.617, 68.073], [13.184, 12.766, 8.568, 0.0, 8.481, 14.594, 16.82, 18.376, 19.877, 23.359, 27.311, 27.624, 29.88, 36.726, 42.876, 43.644, 39.816, 36.644, 38.141, 40.333, 41.401, 41.355, 41.281, 41.945, 41.374, 40.771, 41.454, 42.406, 41.877, 41.473, 42.647, 43.382, 44.565, 46.067, 46.204, 46.37, 47.784, 48.887, 47.623, 46.447, 46.589, 47.03, 46.285, 46.256, 46.786, 46.763, 46.784, 46.693, 46.63, 46.92, 48.101, 49.77, 49.765, 49.678, 49.426, 49.383, 49.461, 49.174, 49.901, 51.316, 52.882, 54.28, 55.536, 56.029, 55.733, 55.267, 55.131, 56.129, 56.018, 54.716, 53.971, 53.278, 54.877, 60.17, 63.908, 64.575, 63.633, 63.864, 64.598, 65.067, 65.037, 65.49, 65.856, 66.06, 66.536, 66.97], [18.33, 17.917, 14.966, 8.481, 0.0, 7.475, 10.909, 12.948, 14.596, 19.3, 23.815, 23.875, 25.827, 32.451, 38.658, 39.407, 35.767, 33.244, 35.067, 37.296, 38.614, 38.854, 39.057, 39.784, 39.096, 38.46, 39.2, 40.205, 39.672, 39.061, 40.282, 41.089, 42.056, 43.628, 43.867, 43.767, 44.884, 46.227, 45.599, 45.031, 45.306, 45.634, 44.878, 44.885, 45.514, 45.673, 45.706, 45.547, 45.474, 45.73, 46.794, 48.326, 48.143, 47.915, 47.645, 47.564, 47.552, 47.257, 48.035, 49.5, 51.02, 52.166, 53.267, 53.795, 53.438, 53.077, 53.369, 54.701, 54.543, 53.105, 52.195, 51.294, 52.522, 57.549, 61.238, 62.028, 61.288, 61.804, 62.537, 62.907, 62.838, 63.299, 63.691, 63.865, 64.235, 64.608], [21.813, 21.365, 19.212, 14.594, 7.475, 0.0, 4.836, 7.998, 10.72, 17.179, 21.915, 21.866, 23.721, 29.66, 35.604, 36.322, 32.95, 31.203, 33.437, 35.737, 37.192, 37.4, 37.773, 38.538, 37.559, 36.568, 37.054, 38.03, 37.657, 37.071, 38.303, 39.1, 39.91, 41.48, 41.783, 41.641, 42.661, 44.018, 43.837, 43.934, 44.431, 44.815, 44.105, 44.089, 44.695, 44.903, 44.904, 44.658, 44.573, 44.794, 45.74, 47.121, 46.778, 46.372, 46.01, 45.999, 46.031, 45.794, 46.668, 48.299, 49.915, 50.811, 51.61, 52.127, 51.826, 51.709, 52.418, 54.043, 53.881, 52.205, 51.037, 49.945, 50.907, 55.585, 59.132, 59.996, 59.396, 60.112, 60.856, 61.174, 61.091, 61.598, 62.05, 62.244, 62.58, 62.939], [22.955, 22.571, 20.727, 16.82, 10.909, 4.836, 0.0, 4.362, 8.595, 16.022, 20.901, 20.984, 23.05, 29.026, 35.021, 35.796, 32.542, 30.943, 33.241, 35.639, 37.055, 37.091, 37.515, 38.279, 37.156, 36.008, 36.375, 37.327, 36.977, 36.38, 37.591, 38.4, 39.269, 40.892, 41.204, 41.065, 42.07, 43.386, 43.275, 43.605, 44.265, 44.763, 44.122, 44.11, 44.633, 44.735, 44.701, 44.401, 44.272, 44.495, 45.452, 46.815, 46.455, 46.01, 45.617, 45.651, 45.712, 45.565, 46.494, 48.135, 49.8, 50.669, 51.425, 51.96, 51.719, 51.699, 52.426, 54.042, 53.882, 52.147, 50.943, 49.831, 50.754, 55.296, 58.757, 59.59, 59.025, 59.772, 60.525, 60.843, 60.758, 61.315, 61.835, 62.084, 62.447, 62.827], [23.995, 23.639, 22.006, 18.376, 12.948, 7.998, 4.362, 0.0, 6.065, 15.223, 20.391, 20.389, 22.496, 28.561, 34.596, 35.333, 32.024, 30.458, 32.783, 35.253, 36.656, 36.547, 36.981, 37.809, 36.728, 35.567, 35.896, 36.854, 36.488, 35.852, 37.015, 37.83, 38.717, 40.396, 40.729, 40.494, 41.408, 42.715, 42.679, 43.179, 43.954, 44.535, 43.941, 43.873, 44.318, 44.386, 44.375, 44.05, 43.879, 44.102, 45.093, 46.463, 46.096, 45.64, 45.223, 45.243, 45.284, 45.18, 46.164, 47.836, 49.555, 50.43, 51.201, 51.761, 51.537, 51.586, 52.372, 53.981, 53.805, 52.074, 50.886, 49.777, 50.64, 55.059, 58.503, 59.334, 58.741, 59.479, 60.244, 60.573, 60.484, 61.063, 61.639, 61.94, 62.315, 62.693], [25.46, 25.138, 23.546, 19.877, 14.596, 10.72, 8.595, 6.065, 0.0, 11.135, 17.241, 17.28, 19.501, 26.075, 32.455, 33.329, 30.086, 28.588, 30.919, 33.536, 34.978, 34.982, 35.589, 36.475, 35.636, 34.665, 35.01, 36.042, 35.749, 34.961, 36.078, 37.091, 38.068, 39.787, 40.029, 39.597, 40.373, 41.651, 41.562, 42.055, 42.843, 43.392, 43.049, 43.25, 43.7, 43.664, 43.631, 43.287, 43.099, 43.32, 44.248, 45.552, 45.18, 44.741, 44.376, 44.333, 44.272, 44.201, 45.142, 46.734, 48.453, 49.369, 50.222, 50.815, 50.567, 50.499, 51.185, 52.751, 52.625, 51.08, 50.09, 49.103, 50.061, 54.519, 58.014, 58.919, 58.329, 59.002, 59.806, 60.254, 60.203, 60.785, 61.38, 61.674, 62.022, 62.402], [28.501, 28.329, 26.756, 23.359, 19.3, 17.179, 16.022, 15.223, 11.135, 0.0, 7.869, 9.836, 12.809, 20.789, 28.193, 29.645, 26.714, 25.227, 27.521, 30.278, 31.671, 32.077, 32.951, 33.706, 33.288, 32.97, 33.749, 35.175, 35.066, 33.873, 35.219, 37.088, 38.614, 40.503, 40.557, 40.017, 40.865, 42.029, 41.424, 41.397, 41.881, 42.099, 42.062, 43.436, 44.24, 43.885, 43.659, 43.25, 43.075, 43.292, 44.086, 45.337, 45.089, 44.874, 44.708, 44.588, 44.455, 44.529, 45.438, 46.786, 48.303, 49.259, 50.266, 50.87, 50.481, 49.852, 49.83, 50.948, 50.911, 49.784, 49.268, 48.729, 50.242, 55.119, 58.858, 59.928, 59.433, 59.909, 60.771, 61.431, 61.455, 61.994, 62.525, 62.786, 63.144, 63.569], [31.647, 31.509, 30.152, 27.311, 23.815, 21.915, 20.901, 20.391, 17.241, 7.869, 0.0, 5.34, 9.916, 17.937, 25.597, 27.268, 24.51, 23.44, 25.891, 28.682, 30.218, 30.601, 31.569, 32.335, 32.035, 31.784, 32.649, 34.385, 34.566, 33.477, 34.946, 37.18, 38.812, 40.623, 40.609, 40.122, 41.131, 42.38, 41.677, 41.47, 41.89, 42.065, 42.067, 43.868, 45.048, 44.731, 44.42, 43.963, 43.785, 43.962, 44.642, 45.777, 45.534, 45.415, 45.388, 45.323, 45.275, 45.48, 46.358, 47.691, 49.182, 50.04, 50.948, 51.536, 51.106, 50.266, 50.056, 51.082, 51.07, 50.018, 49.587, 49.147, 50.825, 55.72, 59.466, 60.574, 60.009, 60.338, 61.263, 61.988, 62.03, 62.537, 63.004, 63.233, 63.622, 64.065], [32.228, 32.095, 30.663, 27.624, 23.875, 21.866, 20.984, 20.389, 17.28, 9.836, 5.34, 0.0, 6.513, 15.894, 23.906, 25.497, 22.527, 21.558, 24.239, 27.112, 28.921, 29.398, 30.255, 31.083, 30.895, 30.759, 31.78, 33.614, 33.851, 32.782, 34.297, 36.443, 37.778, 39.496, 39.51, 39.013, 40.009, 41.325, 40.81, 40.843, 41.318, 41.387, 41.294, 42.969, 44.276, 44.364, 44.313, 43.899, 43.72, 43.903, 44.564, 45.674, 45.376, 45.255, 45.262, 45.149, 45.081, 45.225, 46.021, 47.364, 48.863, 49.685, 50.528, 51.095, 50.689, 49.981, 50.03, 51.226, 51.214, 50.053, 49.445, 48.785, 50.079, 54.708, 58.451, 59.595, 58.95, 59.327, 60.279, 60.936, 60.949, 61.462, 61.877, 62.033, 62.379, 62.769], [34.62, 34.472, 33.088, 29.88, 25.827, 23.721, 23.05, 22.496, 19.501, 12.809, 9.916, 6.513, 0.0, 11.205, 20.186, 22.035, 19.299, 19.063, 21.893, 24.595, 26.543, 27.546, 28.728, 29.517, 29.663, 30.311, 31.91, 33.987, 34.229, 32.867, 34.564, 36.9, 38.013, 39.781, 39.947, 39.47, 40.354, 41.613, 41.143, 41.33, 41.67, 41.317, 41.024, 42.826, 44.279, 44.72, 44.923, 44.533, 44.363, 44.55, 45.115, 46.051, 45.68, 45.646, 45.709, 45.496, 45.306, 45.405, 46.162, 47.299, 48.549, 49.147, 49.888, 50.465, 50.007, 49.349, 49.632, 50.903, 50.844, 49.582, 48.792, 47.967, 48.985, 53.47, 57.344, 58.697, 58.313, 58.856, 59.74, 60.286, 60.281, 60.779, 61.12, 61.156, 61.363, 61.675], [40.762, 40.47, 39.379, 36.726, 32.451, 29.66, 29.026, 28.561, 26.075, 20.789, 17.937, 15.894, 11.205, 0.0, 10.128, 13.03, 12.168, 15.896, 19.455, 21.629, 23.796, 25.181, 26.991, 27.959, 28.47, 29.662, 31.505, 33.961, 34.84, 33.604, 35.415, 38.055, 38.871, 40.513, 40.72, 40.338, 41.251, 42.448, 42.114, 42.571, 42.824, 42.102, 41.765, 43.767, 45.317, 45.947, 46.193, 45.803, 45.705, 45.805, 46.03, 46.527, 45.996, 45.943, 46.048, 45.907, 45.693, 45.849, 46.571, 47.638, 48.746, 48.765, 48.855, 49.336, 48.859, 48.308, 49.138, 50.67, 50.629, 49.222, 48.121, 47.118, 48.026, 52.319, 56.235, 57.93, 57.908, 58.665, 59.551, 60.012, 60.015, 60.464, 60.726, 60.725, 60.815, 60.978], [46.259, 45.847, 45.008, 42.876, 38.658, 35.604, 35.021, 34.596, 32.455, 28.193, 25.597, 23.906, 20.186, 10.128, 0.0, 4.827, 10.023, 17.783, 21.426, 23.089, 25.129, 26.504, 28.531, 29.448, 30.134, 31.391, 32.888, 35.112, 36.409, 35.581, 37.264, 39.945, 40.548, 41.92, 41.96, 41.474, 42.281, 43.334, 43.071, 43.671, 43.883, 43.079, 42.95, 45.067, 46.506, 47.087, 47.321, 46.939, 46.922, 46.92, 46.715, 46.782, 46.185, 46.001, 46.131, 46.109, 45.917, 46.149, 46.734, 47.771, 48.857, 48.536, 48.118, 48.421, 47.962, 47.522, 48.638, 50.304, 50.372, 49.051, 47.94, 46.949, 47.902, 52.091, 56.022, 57.907, 57.974, 58.788, 59.755, 60.24, 60.257, 60.697, 60.928, 60.946, 61.021, 61.08], [46.861, 46.396, 45.656, 43.644, 39.407, 36.322, 35.796, 35.333, 33.329, 29.645, 27.268, 25.497, 22.035, 13.03, 4.827, 0.0, 8.525, 17.574, 21.548, 23.242, 25.309, 26.673, 28.712, 29.631, 30.286, 31.398, 32.677, 34.71, 35.996, 35.357, 37.033, 39.619, 40.126, 41.407, 41.406, 40.838, 41.551, 42.566, 42.362, 43.025, 43.284, 42.589, 42.5, 44.527, 45.939, 46.588, 46.88, 46.504, 46.502, 46.512, 46.262, 46.272, 45.654, 45.39, 45.507, 45.507, 45.338, 45.572, 46.119, 47.25, 48.405, 48.035, 47.531, 47.791, 47.313, 46.954, 48.222, 50.01, 50.113, 48.806, 47.701, 46.654, 47.513, 51.694, 55.629, 57.48, 57.47, 58.295, 59.298, 59.772, 59.778, 60.223, 60.471, 60.514, 60.607, 60.651], [42.824, 42.427, 41.695, 39.816, 35.767, 32.95, 32.542, 32.024, 30.086, 26.714, 24.51, 22.527, 19.299, 12.168, 10.023, 8.525, 0.0, 10.276, 15.809, 18.205, 20.861, 22.29, 24.281, 25.494, 25.944, 26.88, 28.527, 31.048, 32.287, 31.561, 33.422, 36.0, 36.597, 38.051, 38.091, 37.553, 38.403, 39.478, 39.19, 39.686, 39.875, 39.195, 38.93, 40.871, 42.421, 43.353, 43.806, 43.507, 43.513, 43.67, 44.056, 44.674, 44.117, 43.97, 44.059, 44.007, 43.879, 44.072, 44.824, 46.272, 47.601, 47.376, 47.023, 47.341, 46.793, 46.419, 47.831, 49.729, 49.766, 48.393, 47.237, 46.089, 46.891, 51.319, 55.388, 57.14, 56.948, 57.714, 58.703, 59.127, 59.102, 59.533, 59.808, 59.907, 60.068, 60.132], [39.463, 39.191, 38.369, 36.644, 33.244, 31.203, 30.943, 30.458, 28.588, 25.227, 23.44, 21.558, 19.063, 15.896, 17.783, 17.574, 10.276, 0.0, 7.932, 12.734, 16.286, 17.884, 19.751, 21.142, 21.46, 22.678, 25.115, 28.11, 29.031, 28.103, 30.259, 32.978, 34.149, 36.054, 36.091, 35.581, 36.676, 37.799, 37.142, 37.142, 37.232, 36.699, 36.423, 38.423, 40.061, 41.17, 41.749, 41.484, 41.469, 41.773, 42.792, 44.175, 43.842, 43.865, 44.062, 43.983, 43.876, 44.048, 44.936, 46.461, 47.841, 47.934, 47.97, 48.378, 47.752, 47.14, 48.164, 49.82, 49.742, 48.41, 47.365, 46.25, 47.184, 52.035, 56.302, 57.848, 57.456, 58.148, 59.14, 59.594, 59.55, 59.968, 60.275, 60.427, 60.682, 60.824], [41.062, 40.799, 39.899, 38.141, 35.067, 33.437, 33.241, 32.783, 30.919, 27.521, 25.891, 24.239, 21.893, 19.455, 21.426, 21.548, 15.809, 7.932, 0.0, 7.522, 12.513, 14.692, 17.049, 18.55, 19.351, 21.741, 25.161, 28.626, 29.499, 28.426, 30.834, 33.676, 35.125, 37.364, 37.452, 36.797, 37.89, 39.142, 38.415, 38.201, 38.105, 37.441, 37.163, 39.242, 40.96, 42.138, 42.729, 42.427, 42.379, 42.719, 43.763, 45.111, 44.968, 45.327, 45.613, 45.46, 45.331, 45.58, 46.457, 47.67, 48.869, 49.084, 49.296, 49.752, 49.075, 48.262, 49.0, 50.357, 50.127, 48.889, 47.931, 46.823, 47.754, 52.647, 57.022, 58.609, 58.368, 59.114, 60.03, 60.505, 60.471, 60.868, 61.116, 61.177, 61.383, 61.527], [43.324, 43.066, 42.136, 40.333, 37.296, 35.737, 35.639, 35.253, 33.536, 30.278, 28.682, 27.112, 24.595, 21.629, 23.089, 23.242, 18.205, 12.734, 7.522, 0.0, 7.035, 10.645, 13.345, 15.133, 17.024, 20.991, 25.461, 29.55, 30.753, 29.437, 31.857, 34.815, 36.16, 38.504, 38.761, 38.28, 39.452, 40.76, 40.139, 40.083, 39.869, 38.677, 37.941, 39.863, 41.571, 42.819, 43.419, 43.101, 43.064, 43.456, 44.537, 45.688, 45.552, 46.504, 46.968, 46.692, 46.57, 46.832, 47.692, 48.676, 49.678, 49.809, 49.981, 50.518, 49.863, 49.068, 49.939, 51.223, 50.914, 49.571, 48.457, 47.384, 48.429, 53.268, 57.643, 59.482, 59.542, 60.382, 61.224, 61.639, 61.612, 62.001, 62.172, 62.117, 62.238, 62.302], [44.18, 43.87, 43.022, 41.401, 38.614, 37.192, 37.055, 36.656, 34.978, 31.671, 30.218, 28.921, 26.543, 23.796, 25.129, 25.309, 20.861, 16.286, 12.513, 7.035, 0.0, 6.292, 10.389, 12.384, 15.277, 20.315, 25.209, 29.475, 30.905, 29.461, 31.8, 35.032, 36.717, 39.281, 39.717, 39.566, 40.876, 42.083, 41.228, 40.963, 40.784, 39.492, 38.433, 40.081, 41.543, 42.575, 43.046, 42.647, 42.621, 43.096, 44.18, 45.268, 45.111, 46.407, 47.282, 47.123, 46.968, 47.232, 48.102, 48.968, 49.897, 50.022, 50.243, 50.907, 50.317, 49.499, 50.229, 51.328, 50.963, 49.6, 48.522, 47.629, 49.2, 54.431, 58.816, 60.689, 60.987, 61.917, 62.733, 63.12, 63.105, 63.522, 63.7, 63.674, 63.865, 63.982], [43.725, 43.359, 42.567, 41.355, 38.854, 37.4, 37.091, 36.547, 34.982, 32.077, 30.601, 29.398, 27.546, 25.181, 26.504, 26.673, 22.29, 17.884, 14.692, 10.645, 6.292, 0.0, 6.217, 9.53, 12.761, 17.986, 23.085, 27.638, 29.397, 28.325, 30.589, 33.851, 35.674, 38.2, 38.646, 38.703, 40.244, 41.5, 40.587, 40.188, 40.041, 38.926, 37.867, 39.269, 40.568, 41.47, 41.873, 41.491, 41.503, 42.024, 43.17, 44.266, 44.06, 45.344, 46.267, 46.337, 46.337, 46.652, 47.573, 48.545, 49.633, 49.798, 49.958, 50.599, 50.052, 49.312, 50.12, 51.299, 50.93, 49.503, 48.414, 47.56, 49.334, 54.626, 58.947, 60.755, 60.981, 61.875, 62.728, 63.14, 63.124, 63.576, 63.825, 63.876, 64.119, 64.248], [43.67, 43.335, 42.396, 41.281, 39.057, 37.773, 37.515, 36.981, 35.589, 32.951, 31.569, 30.255, 28.728, 26.991, 28.531, 28.712, 24.281, 19.751, 17.049, 13.345, 10.389, 6.217, 0.0, 5.298, 10.324, 16.528, 22.321, 27.117, 28.87, 27.791, 30.024, 33.267, 35.174, 37.693, 38.11, 38.312, 40.046, 41.28, 40.269, 39.896, 39.785, 38.652, 37.504, 38.825, 40.18, 41.271, 41.769, 41.47, 41.552, 42.083, 43.254, 44.434, 44.227, 45.561, 46.421, 46.456, 46.671, 46.988, 47.893, 48.937, 50.057, 50.311, 50.537, 51.149, 50.593, 49.814, 50.546, 51.703, 51.341, 49.803, 48.611, 47.768, 49.448, 54.59, 58.875, 60.668, 60.767, 61.607, 62.474, 62.908, 62.902, 63.307, 63.541, 63.638, 63.923, 64.047], [44.476, 44.162, 43.144, 41.945, 39.784, 38.538, 38.279, 37.809, 36.475, 33.706, 32.335, 31.083, 29.517, 27.959, 29.448, 29.631, 25.494, 21.142, 18.55, 15.133, 12.384, 9.53, 5.298, 0.0, 7.351, 15.219, 21.589, 26.342, 27.97, 26.706, 28.851, 32.211, 34.218, 36.794, 37.227, 37.475, 39.252, 40.432, 39.264, 38.877, 38.86, 37.742, 36.545, 38.028, 39.548, 40.717, 41.27, 41.024, 41.14, 41.656, 42.746, 43.88, 43.693, 45.091, 46.003, 45.979, 46.212, 46.595, 47.475, 48.355, 49.347, 49.663, 49.993, 50.616, 50.052, 49.227, 49.852, 50.975, 50.6, 49.016, 47.856, 47.087, 48.825, 53.984, 58.242, 60.043, 60.232, 61.121, 61.982, 62.429, 62.442, 62.787, 62.98, 63.098, 63.413, 63.553], [43.701, 43.422, 42.458, 41.374, 39.096, 37.559, 37.156, 36.728, 35.636, 33.288, 32.035, 30.895, 29.663, 28.47, 30.134, 30.286, 25.944, 21.46, 19.351, 17.024, 15.277, 12.761, 10.324, 7.351, 0.0, 9.092, 16.584, 21.761, 23.486, 22.313, 24.384, 27.648, 29.821, 32.642, 33.148, 33.565, 35.7, 37.102, 36.154, 35.918, 36.129, 35.387, 34.241, 35.659, 37.213, 38.412, 38.956, 38.717, 38.812, 39.298, 40.51, 41.873, 41.705, 42.935, 43.734, 43.82, 44.135, 44.581, 45.694, 46.82, 47.924, 48.229, 48.522, 49.16, 48.644, 48.021, 48.871, 50.245, 49.897, 48.206, 46.959, 46.055, 47.696, 52.825, 56.957, 58.677, 58.847, 59.802, 60.695, 61.101, 61.089, 61.424, 61.64, 61.798, 62.122, 62.238], [42.506, 42.252, 41.475, 40.771, 38.46, 36.568, 36.008, 35.567, 34.665, 32.97, 31.784, 30.759, 30.311, 29.662, 31.391, 31.398, 26.88, 22.678, 21.741, 20.991, 20.315, 17.986, 16.528, 15.219, 9.092, 0.0, 8.573, 14.663, 17.057, 16.678, 18.702, 21.818, 24.416, 27.535, 28.109, 28.875, 31.61, 33.29, 32.691, 32.708, 33.336, 33.316, 32.349, 33.342, 34.696, 35.867, 36.302, 36.01, 36.109, 36.527, 37.818, 39.538, 39.401, 40.257, 40.913, 41.234, 41.801, 42.239, 43.575, 45.444, 47.074, 47.405, 47.559, 48.203, 47.789, 47.391, 48.44, 50.119, 49.855, 48.085, 46.791, 45.772, 47.335, 52.385, 56.303, 57.825, 57.77, 58.769, 59.819, 60.235, 60.206, 60.567, 60.821, 61.03, 61.38, 61.492], [42.73, 42.457, 41.872, 41.454, 39.2, 37.054, 36.375, 35.896, 35.01, 33.749, 32.649, 31.78, 31.91, 31.505, 32.888, 32.677, 28.527, 25.115, 25.161, 25.461, 25.209, 23.085, 22.321, 21.589, 16.584, 8.573, 0.0, 7.114, 11.244, 12.488, 14.21, 17.388, 20.638, 23.877, 24.427, 25.576, 28.813, 30.584, 30.136, 30.453, 31.591, 32.291, 31.617, 32.286, 33.301, 34.23, 34.52, 34.175, 34.332, 34.67, 35.84, 37.761, 37.659, 38.156, 38.832, 39.4, 40.144, 40.544, 41.847, 44.306, 46.549, 47.001, 47.018, 47.662, 47.396, 47.159, 48.208, 50.081, 49.924, 48.094, 46.862, 45.914, 47.594, 52.579, 56.286, 57.612, 57.369, 58.435, 59.708, 60.211, 60.191, 60.578, 60.842, 61.079, 61.447, 61.586], [43.637, 43.334, 42.816, 42.406, 40.205, 38.03, 37.327, 36.854, 36.042, 35.175, 34.385, 33.614, 33.987, 33.961, 35.112, 34.71, 31.048, 28.11, 28.626, 29.55, 29.475, 27.638, 27.117, 26.342, 21.761, 14.663, 7.114, 0.0, 6.316, 9.742, 10.793, 14.008, 18.134, 21.548, 22.077, 23.528, 27.073, 28.884, 28.461, 28.967, 30.558, 31.889, 31.475, 31.938, 32.695, 33.418, 33.689, 33.393, 33.626, 33.917, 34.941, 37.065, 37.065, 37.238, 37.935, 38.592, 39.376, 39.731, 40.94, 43.634, 46.205, 46.938, 47.044, 47.628, 47.46, 47.336, 48.214, 50.147, 50.062, 48.151, 46.97, 46.117, 47.855, 52.753, 56.291, 57.445, 57.075, 58.192, 59.603, 60.157, 60.128, 60.504, 60.753, 60.999, 61.375, 61.51], [43.321, 43.042, 42.489, 41.877, 39.672, 37.657, 36.977, 36.488, 35.749, 35.066, 34.566, 33.851, 34.229, 34.84, 36.409, 35.996, 32.287, 29.031, 29.499, 30.753, 30.905, 29.397, 28.87, 27.97, 23.486, 17.057, 11.244, 6.316, 0.0, 5.708, 7.667, 10.914, 15.993, 20.16, 21.132, 22.571, 25.99, 27.9, 27.461, 27.892, 29.724, 31.432, 30.971, 31.338, 32.342, 33.345, 33.742, 33.47, 33.68, 33.947, 34.974, 37.307, 37.384, 37.42, 38.078, 38.591, 39.329, 39.611, 40.839, 43.512, 45.997, 46.999, 47.65, 48.352, 48.098, 47.914, 48.623, 50.502, 50.336, 48.375, 47.208, 46.322, 47.923, 52.848, 56.371, 57.37, 56.931, 58.016, 59.324, 59.822, 59.782, 60.14, 60.388, 60.643, 61.008, 61.105], [43.342, 43.143, 42.475, 41.473, 39.061, 37.071, 36.38, 35.852, 34.961, 33.873, 33.477, 32.782, 32.867, 33.604, 35.581, 35.357, 31.561, 28.103, 28.426, 29.437, 29.461, 28.325, 27.791, 26.706, 22.313, 16.678, 12.488, 9.742, 5.708, 0.0, 5.263, 10.255, 15.719, 20.474, 21.747, 23.011, 26.127, 28.013, 27.62, 28.242, 30.01, 31.288, 30.574, 31.197, 32.373, 33.415, 33.815, 33.511, 33.708, 34.023, 35.125, 37.494, 37.566, 37.754, 38.434, 38.729, 39.285, 39.52, 40.814, 43.285, 45.539, 46.554, 47.54, 48.479, 48.15, 47.763, 48.318, 50.072, 49.841, 47.889, 46.715, 45.835, 47.375, 52.374, 56.003, 57.081, 56.835, 57.993, 59.209, 59.67, 59.635, 59.99, 60.234, 60.476, 60.806, 60.892], [44.401, 44.205, 43.596, 42.647, 40.282, 38.303, 37.591, 37.015, 36.078, 35.219, 34.946, 34.297, 34.564, 35.415, 37.264, 37.033, 33.422, 30.259, 30.834, 31.857, 31.8, 30.589, 30.024, 28.851, 24.384, 18.702, 14.21, 10.793, 7.667, 5.263, 0.0, 6.906, 13.631, 18.588, 19.848, 21.4, 24.851, 26.792, 26.48, 27.443, 29.604, 31.101, 30.501, 30.942, 31.864, 32.597, 32.915, 32.679, 32.917, 33.268, 34.458, 36.926, 36.99, 37.082, 37.785, 38.134, 38.636, 38.858, 40.082, 42.523, 44.84, 45.924, 46.941, 47.923, 47.759, 47.508, 48.058, 49.914, 49.775, 47.809, 46.675, 45.896, 47.546, 52.307, 55.669, 56.716, 56.412, 57.547, 58.852, 59.382, 59.366, 59.743, 60.032, 60.299, 60.633, 60.739], [45.123, 44.874, 44.267, 43.382, 41.089, 39.1, 38.4, 37.83, 37.091, 37.088, 37.18, 36.443, 36.9, 38.055, 39.945, 39.619, 36.0, 32.978, 33.676, 34.815, 35.032, 33.851, 33.267, 32.211, 27.648, 21.818, 17.388, 14.008, 10.914, 10.255, 6.906, 0.0, 8.426, 14.236, 16.037, 18.328, 22.474, 24.682, 24.654, 26.04, 28.719, 30.784, 30.206, 30.065, 30.974, 32.094, 32.721, 32.666, 32.883, 33.199, 34.471, 36.98, 36.988, 36.958, 37.59, 37.932, 38.451, 38.606, 39.729, 42.19, 44.521, 45.586, 46.647, 47.644, 47.628, 47.919, 49.041, 51.281, 51.205, 49.124, 47.854, 46.897, 48.117, 52.198, 55.08, 55.955, 55.43, 56.472, 57.727, 58.219, 58.204, 58.577, 58.889, 59.158, 59.466, 59.561], [46.574, 46.3, 45.612, 44.565, 42.056, 39.91, 39.269, 38.717, 38.068, 38.614, 38.812, 37.778, 38.013, 38.871, 40.548, 40.126, 36.597, 34.149, 35.125, 36.16, 36.717, 35.674, 35.174, 34.218, 29.821, 24.416, 20.638, 18.134, 15.993, 15.719, 13.631, 8.426, 0.0, 6.849, 9.949, 13.481, 18.49, 21.164, 21.838, 24.16, 27.289, 29.472, 28.642, 28.027, 29.218, 31.125, 32.351, 32.611, 32.846, 33.115, 34.342, 36.583, 36.421, 36.404, 36.955, 37.083, 37.479, 37.602, 38.567, 40.938, 43.156, 43.967, 44.839, 45.775, 45.85, 46.854, 49.226, 52.281, 52.308, 50.098, 48.631, 47.384, 47.846, 50.927, 53.271, 54.111, 53.458, 54.408, 55.59, 56.039, 56.045, 56.435, 56.756, 56.976, 57.185, 57.205], [48.038, 47.753, 47.052, 46.067, 43.628, 41.48, 40.892, 40.396, 39.787, 40.503, 40.623, 39.496, 39.781, 40.513, 41.92, 41.407, 38.051, 36.054, 37.364, 38.504, 39.281, 38.2, 37.693, 36.794, 32.642, 27.535, 23.877, 21.548, 20.16, 20.474, 18.588, 14.236, 6.849, 0.0, 4.994, 10.811, 16.682, 19.543, 20.576, 23.409, 26.914, 29.368, 28.588, 27.763, 29.004, 31.163, 32.692, 33.178, 33.47, 33.721, 34.845, 36.843, 36.573, 36.434, 36.922, 36.986, 37.342, 37.475, 38.201, 40.546, 42.776, 43.437, 44.101, 44.872, 45.027, 46.444, 49.559, 53.269, 53.497, 51.261, 49.73, 48.356, 48.464, 50.954, 52.89, 53.633, 52.801, 53.601, 54.829, 55.343, 55.381, 55.797, 56.147, 56.346, 56.496, 56.488], [48.141, 47.904, 47.147, 46.204, 43.867, 41.783, 41.204, 40.729, 40.029, 40.557, 40.609, 39.51, 39.947, 40.72, 41.96, 41.406, 38.091, 36.091, 37.452, 38.761, 39.717, 38.646, 38.11, 37.227, 33.148, 28.109, 24.427, 22.077, 21.132, 21.747, 19.848, 16.037, 9.949, 4.994, 0.0, 7.679, 14.743, 17.779, 18.883, 21.889, 25.397, 28.012, 27.657, 27.176, 28.261, 30.144, 31.695, 32.24, 32.541, 32.779, 33.905, 35.945, 35.758, 35.508, 35.909, 35.988, 36.349, 36.542, 37.163, 39.555, 41.872, 42.615, 43.213, 43.825, 43.957, 45.391, 48.486, 52.248, 52.72, 50.727, 49.402, 48.149, 48.28, 50.823, 52.935, 53.737, 52.728, 53.369, 54.736, 55.399, 55.441, 55.859, 56.241, 56.473, 56.652, 56.652], [48.421, 48.309, 47.556, 46.37, 43.767, 41.641, 41.065, 40.494, 39.597, 40.017, 40.122, 39.013, 39.47, 40.338, 41.474, 40.838, 37.553, 35.581, 36.797, 38.28, 39.566, 38.703, 38.312, 37.475, 33.565, 28.875, 25.576, 23.528, 22.571, 23.011, 21.4, 18.328, 13.481, 10.811, 7.679, 0.0, 8.253, 12.649, 15.137, 18.882, 22.074, 24.754, 25.052, 25.122, 26.242, 27.988, 29.532, 30.064, 30.309, 30.46, 31.582, 33.653, 33.546, 33.203, 33.467, 33.459, 33.728, 34.06, 34.713, 37.115, 39.496, 40.436, 41.14, 41.658, 41.651, 43.0, 46.144, 49.87, 50.425, 49.155, 48.663, 47.782, 47.913, 50.646, 53.2, 54.168, 53.082, 53.628, 55.008, 55.747, 55.78, 56.184, 56.611, 56.919, 57.148, 57.153], [49.594, 49.564, 49.022, 47.784, 44.884, 42.661, 42.07, 41.408, 40.373, 40.865, 41.131, 40.009, 40.354, 41.251, 42.281, 41.551, 38.403, 36.676, 37.89, 39.452, 40.876, 40.244, 40.046, 39.252, 35.7, 31.61, 28.813, 27.073, 25.99, 26.127, 24.851, 22.474, 18.49, 16.682, 14.743, 8.253, 0.0, 6.54, 11.831, 16.934, 19.902, 22.508, 23.362, 23.804, 25.049, 26.91, 28.49, 29.022, 29.301, 29.401, 30.402, 32.278, 32.05, 31.621, 31.846, 31.679, 31.779, 32.259, 32.952, 35.266, 37.661, 38.717, 39.535, 40.028, 39.923, 41.282, 44.698, 48.576, 49.027, 48.322, 48.738, 48.322, 48.397, 50.959, 53.631, 54.641, 53.551, 54.082, 55.399, 56.131, 56.187, 56.574, 57.032, 57.457, 57.791, 57.87], [50.079, 50.073, 49.731, 48.887, 46.227, 44.018, 43.386, 42.715, 41.651, 42.029, 42.38, 41.325, 41.613, 42.448, 43.334, 42.566, 39.478, 37.799, 39.142, 40.76, 42.083, 41.5, 41.28, 40.432, 37.102, 33.29, 30.584, 28.884, 27.9, 28.013, 26.792, 24.682, 21.164, 19.543, 17.779, 12.649, 6.54, 0.0, 7.694, 14.708, 17.899, 20.46, 21.777, 22.774, 24.048, 25.811, 27.416, 27.979, 28.317, 28.419, 29.413, 31.299, 31.007, 30.568, 30.846, 30.615, 30.654, 31.172, 31.874, 34.203, 36.644, 37.729, 38.49, 38.915, 38.815, 40.231, 43.694, 47.607, 48.045, 47.404, 48.235, 48.354, 48.729, 51.155, 53.817, 54.828, 53.684, 54.153, 55.505, 56.329, 56.446, 56.841, 57.325, 57.863, 58.33, 58.526], [48.324, 48.315, 48.08, 47.623, 45.599, 43.837, 43.275, 42.679, 41.562, 41.424, 41.677, 40.81, 41.143, 42.114, 43.071, 42.362, 39.19, 37.142, 38.415, 40.139, 41.228, 40.587, 40.269, 39.264, 36.154, 32.691, 30.136, 28.461, 27.461, 27.62, 26.48, 24.654, 21.838, 20.576, 18.883, 15.137, 11.831, 7.694, 0.0, 8.585, 13.068, 16.311, 18.05, 19.898, 21.608, 23.152, 24.64, 25.254, 25.637, 25.741, 26.773, 28.861, 28.663, 28.281, 28.728, 28.506, 28.6, 29.069, 29.646, 31.907, 34.361, 35.618, 36.529, 36.957, 36.828, 37.991, 41.013, 44.72, 45.185, 44.515, 45.468, 46.115, 47.728, 51.044, 53.917, 54.942, 53.777, 54.1, 55.447, 56.403, 56.565, 56.918, 57.363, 57.923, 58.451, 58.72], [46.703, 46.699, 46.554, 46.447, 45.031, 43.934, 43.605, 43.179, 42.055, 41.397, 41.47, 40.843, 41.33, 42.571, 43.671, 43.025, 39.686, 37.142, 38.201, 40.083, 40.963, 40.188, 39.896, 38.877, 35.918, 32.708, 30.453, 28.967, 27.892, 28.242, 27.443, 26.04, 24.16, 23.409, 21.889, 18.882, 16.934, 14.708, 8.585, 0.0, 6.918, 12.235, 14.485, 16.902, 19.128, 20.655, 21.935, 22.677, 23.201, 23.239, 24.217, 26.563, 26.63, 26.366, 27.019, 27.063, 27.333, 27.826, 28.31, 30.475, 32.895, 34.398, 35.565, 35.979, 35.735, 36.417, 38.768, 42.127, 42.57, 42.278, 43.604, 44.497, 47.316, 52.11, 55.436, 56.417, 55.25, 55.433, 56.712, 57.704, 57.868, 58.143, 58.509, 59.072, 59.659, 59.949], [46.757, 46.797, 46.648, 46.589, 45.306, 44.431, 44.265, 43.954, 42.843, 41.881, 41.89, 41.318, 41.67, 42.824, 43.883, 43.284, 39.875, 37.232, 38.105, 39.869, 40.784, 40.041, 39.785, 38.86, 36.129, 33.336, 31.591, 30.558, 29.724, 30.01, 29.604, 28.719, 27.289, 26.914, 25.397, 22.074, 19.902, 17.899, 13.068, 6.918, 0.0, 6.931, 10.711, 14.568, 16.974, 18.485, 19.969, 20.944, 21.624, 21.626, 22.656, 25.035, 25.37, 25.488, 26.008, 26.08, 26.393, 26.999, 27.614, 29.631, 31.979, 33.638, 34.75, 34.964, 34.627, 35.038, 37.059, 40.076, 40.561, 40.847, 42.801, 44.026, 47.014, 52.373, 56.444, 57.722, 56.671, 56.842, 58.132, 59.163, 59.305, 59.541, 59.857, 60.411, 61.042, 61.335], [47.296, 47.395, 47.231, 47.03, 45.634, 44.815, 44.763, 44.535, 43.392, 42.099, 42.065, 41.387, 41.317, 42.102, 43.079, 42.589, 39.195, 36.699, 37.441, 38.677, 39.492, 38.926, 38.652, 37.742, 35.387, 33.316, 32.291, 31.889, 31.432, 31.288, 31.101, 30.784, 29.472, 29.368, 28.012, 24.754, 22.508, 20.46, 16.311, 12.235, 6.931, 0.0, 6.276, 12.731, 15.52, 17.129, 18.882, 19.966, 20.722, 20.838, 22.096, 24.374, 24.75, 25.491, 25.954, 25.721, 25.846, 26.386, 27.098, 28.806, 30.879, 32.463, 33.449, 33.678, 33.276, 33.421, 35.436, 38.297, 38.768, 39.229, 41.391, 42.949, 46.176, 51.702, 56.24, 57.993, 57.224, 57.465, 58.75, 59.806, 59.944, 60.17, 60.429, 60.898, 61.456, 61.676], [46.549, 46.687, 46.538, 46.285, 44.878, 44.105, 44.122, 43.941, 43.049, 42.062, 42.067, 41.294, 41.024, 41.765, 42.95, 42.5, 38.93, 36.423, 37.163, 37.941, 38.433, 37.867, 37.504, 36.545, 34.241, 32.349, 31.617, 31.475, 30.971, 30.574, 30.501, 30.206, 28.642, 28.588, 27.657, 25.052, 23.362, 21.777, 18.05, 14.485, 10.711, 6.276, 0.0, 8.081, 12.056, 14.945, 17.244, 18.418, 19.238, 19.498, 20.988, 23.272, 23.636, 24.953, 25.669, 25.343, 25.502, 25.901, 26.658, 28.289, 30.193, 31.683, 32.867, 33.45, 33.142, 33.37, 35.657, 38.69, 38.986, 39.015, 40.726, 42.022, 45.251, 50.885, 55.38, 57.218, 56.71, 57.137, 58.391, 59.35, 59.476, 59.708, 59.911, 60.296, 60.806, 60.995], [46.35, 46.473, 46.393, 46.256, 44.885, 44.089, 44.11, 43.873, 43.25, 43.436, 43.868, 42.969, 42.826, 43.767, 45.067, 44.527, 40.871, 38.423, 39.242, 39.863, 40.081, 39.269, 38.825, 38.028, 35.659, 33.342, 32.286, 31.938, 31.338, 31.197, 30.942, 30.065, 28.027, 27.763, 27.176, 25.122, 23.804, 22.774, 19.898, 16.902, 14.568, 12.731, 8.081, 0.0, 6.097, 11.943, 15.289, 16.717, 17.616, 17.941, 19.579, 21.856, 22.169, 23.712, 24.693, 24.561, 24.92, 25.204, 25.86, 27.687, 29.751, 31.23, 32.592, 33.442, 33.396, 34.149, 36.946, 40.325, 40.497, 40.184, 41.485, 42.328, 45.25, 50.754, 54.951, 56.613, 56.181, 56.876, 58.194, 59.041, 59.149, 59.442, 59.658, 60.013, 60.513, 60.721], [46.755, 46.884, 46.819, 46.786, 45.514, 44.695, 44.633, 44.318, 43.7, 44.24, 45.048, 44.276, 44.279, 45.317, 46.506, 45.939, 42.421, 40.061, 40.96, 41.571, 41.543, 40.568, 40.18, 39.548, 37.213, 34.696, 33.301, 32.695, 32.342, 32.373, 31.864, 30.974, 29.218, 29.004, 28.261, 26.242, 25.049, 24.048, 21.608, 19.128, 16.974, 15.52, 12.056, 6.097, 0.0, 7.635, 12.083, 13.852, 14.873, 15.353, 17.362, 20.037, 20.587, 22.245, 23.353, 23.416, 23.8, 24.092, 24.715, 26.708, 29.017, 30.615, 31.97, 32.77, 32.882, 33.848, 36.569, 39.889, 40.207, 40.107, 41.642, 42.631, 45.664, 51.255, 55.521, 57.186, 56.787, 57.647, 59.199, 60.121, 60.212, 60.616, 60.934, 61.315, 61.823, 62.06], [46.571, 46.713, 46.68, 46.763, 45.673, 44.903, 44.735, 44.386, 43.664, 43.885, 44.731, 44.364, 44.72, 45.947, 47.087, 46.588, 43.353, 41.17, 42.138, 42.819, 42.575, 41.47, 41.271, 40.717, 38.412, 35.867, 34.23, 33.418, 33.345, 33.415, 32.597, 32.094, 31.125, 31.163, 30.144, 27.988, 26.91, 25.811, 23.152, 20.655, 18.485, 17.129, 14.945, 11.943, 7.635, 0.0, 5.683, 8.473, 9.89, 10.63, 13.381, 16.823, 17.91, 19.699, 20.786, 20.999, 21.267, 21.862, 22.786, 24.857, 27.426, 29.297, 30.643, 31.317, 31.467, 32.131, 34.147, 37.102, 37.628, 37.944, 40.085, 41.787, 45.816, 51.905, 56.374, 58.135, 57.728, 58.486, 60.247, 61.462, 61.586, 62.057, 62.482, 62.922, 63.486, 63.778], [46.446, 46.583, 46.623, 46.784, 45.706, 44.904, 44.701, 44.375, 43.631, 43.659, 44.42, 44.313, 44.923, 46.193, 47.321, 46.88, 43.806, 41.749, 42.729, 43.419, 43.046, 41.873, 41.769, 41.27, 38.956, 36.302, 34.52, 33.689, 33.742, 33.815, 32.915, 32.721, 32.351, 32.692, 31.695, 29.532, 28.49, 27.416, 24.64, 21.935, 19.969, 18.882, 17.244, 15.289, 12.083, 5.683, 0.0, 4.162, 6.594, 7.502, 10.868, 14.977, 16.276, 18.09, 19.259, 19.704, 19.998, 20.843, 22.14, 24.41, 27.113, 29.024, 30.306, 31.034, 31.146, 31.389, 32.869, 35.57, 36.054, 36.503, 38.947, 41.09, 45.953, 52.548, 57.028, 58.782, 58.428, 59.131, 60.885, 62.219, 62.415, 62.893, 63.346, 63.824, 64.425, 64.748], [46.302, 46.446, 46.534, 46.693, 45.547, 44.658, 44.401, 44.05, 43.287, 43.25, 43.963, 43.899, 44.533, 45.803, 46.939, 46.504, 43.507, 41.484, 42.427, 43.101, 42.647, 41.491, 41.47, 41.024, 38.717, 36.01, 34.175, 33.393, 33.47, 33.511, 32.679, 32.666, 32.611, 33.178, 32.24, 30.064, 29.022, 27.979, 25.254, 22.677, 20.944, 19.966, 18.418, 16.717, 13.852, 8.473, 4.162, 0.0, 3.251, 4.896, 9.441, 14.064, 15.337, 17.229, 18.656, 19.378, 19.734, 20.586, 21.951, 24.324, 27.043, 28.88, 30.246, 31.132, 31.229, 31.327, 32.542, 35.083, 35.566, 36.045, 38.504, 40.707, 45.811, 52.652, 57.196, 58.941, 58.626, 59.364, 61.129, 62.465, 62.688, 63.235, 63.724, 64.2, 64.794, 65.136], [46.219, 46.384, 46.487, 46.63, 45.474, 44.573, 44.272, 43.879, 43.099, 43.075, 43.785, 43.72, 44.363, 45.705, 46.922, 46.502, 43.513, 41.469, 42.379, 43.064, 42.621, 41.503, 41.552, 41.14, 38.812, 36.109, 34.332, 33.626, 33.68, 33.708, 32.917, 32.883, 32.846, 33.47, 32.541, 30.309, 29.301, 28.317, 25.637, 23.201, 21.624, 20.722, 19.238, 17.616, 14.873, 9.89, 6.594, 3.251, 0.0, 3.151, 9.082, 13.921, 15.168, 17.105, 18.603, 19.402, 19.745, 20.538, 21.869, 24.182, 26.822, 28.596, 30.062, 31.031, 31.136, 31.268, 32.416, 34.884, 35.416, 35.937, 38.349, 40.539, 45.714, 52.638, 57.245, 59.003, 58.667, 59.389, 61.179, 62.549, 62.772, 63.364, 63.906, 64.394, 64.983, 65.334], [46.482, 46.652, 46.773, 46.92, 45.73, 44.794, 44.495, 44.102, 43.32, 43.292, 43.962, 43.903, 44.55, 45.805, 46.92, 46.512, 43.67, 41.773, 42.719, 43.456, 43.096, 42.024, 42.083, 41.656, 39.298, 36.527, 34.67, 33.917, 33.947, 34.023, 33.268, 33.199, 33.115, 33.721, 32.779, 30.46, 29.401, 28.419, 25.741, 23.239, 21.626, 20.838, 19.498, 17.941, 15.353, 10.63, 7.502, 4.896, 3.151, 0.0, 6.744, 12.138, 13.552, 15.514, 17.135, 18.034, 18.446, 19.305, 20.723, 23.166, 25.883, 27.662, 29.109, 30.068, 30.163, 30.272, 31.441, 33.956, 34.469, 35.033, 37.54, 39.797, 45.06, 52.133, 56.828, 58.583, 58.222, 58.94, 60.742, 62.152, 62.399, 62.976, 63.516, 64.063, 64.715, 65.071], [47.779, 47.901, 48.02, 48.101, 46.794, 45.74, 45.452, 45.093, 44.248, 44.086, 44.642, 44.564, 45.115, 46.03, 46.715, 46.262, 44.056, 42.792, 43.763, 44.537, 44.18, 43.17, 43.254, 42.746, 40.51, 37.818, 35.84, 34.941, 34.974, 35.125, 34.458, 34.471, 34.342, 34.845, 33.905, 31.582, 30.402, 29.413, 26.773, 24.217, 22.656, 22.096, 20.988, 19.579, 17.362, 13.381, 10.868, 9.441, 9.082, 6.744, 0.0, 6.479, 8.721, 10.938, 13.444, 14.707, 15.282, 16.425, 17.851, 20.469, 23.462, 25.39, 26.863, 27.778, 27.89, 27.991, 29.158, 31.798, 32.242, 32.917, 35.781, 38.25, 43.666, 50.971, 55.783, 57.513, 57.173, 57.928, 59.754, 61.216, 61.524, 62.087, 62.573, 63.199, 64.034, 64.459], [49.536, 49.604, 49.743, 49.77, 48.326, 47.121, 46.815, 46.463, 45.552, 45.337, 45.777, 45.674, 46.051, 46.527, 46.782, 46.272, 44.674, 44.175, 45.111, 45.688, 45.268, 44.266, 44.434, 43.88, 41.873, 39.538, 37.761, 37.065, 37.307, 37.494, 36.926, 36.98, 36.583, 36.843, 35.945, 33.653, 32.278, 31.299, 28.861, 26.563, 25.035, 24.374, 23.272, 21.856, 20.037, 16.823, 14.977, 14.064, 13.921, 12.138, 6.479, 0.0, 4.059, 8.069, 11.595, 13.196, 13.811, 15.283, 16.253, 18.28, 21.264, 23.153, 24.524, 25.471, 25.77, 26.249, 27.941, 30.875, 31.283, 32.085, 35.21, 37.813, 43.222, 50.409, 55.195, 56.974, 56.755, 57.54, 59.315, 60.798, 61.148, 61.709, 62.172, 62.802, 63.708, 64.253], [49.536, 49.599, 49.771, 49.765, 48.143, 46.778, 46.455, 46.096, 45.18, 45.089, 45.534, 45.376, 45.68, 45.996, 46.185, 45.654, 44.117, 43.842, 44.968, 45.552, 45.111, 44.06, 44.227, 43.693, 41.705, 39.401, 37.659, 37.065, 37.384, 37.566, 36.99, 36.988, 36.421, 36.573, 35.758, 33.546, 32.05, 31.007, 28.663, 26.63, 25.37, 24.75, 23.636, 22.169, 20.587, 17.91, 16.276, 15.337, 15.168, 13.552, 8.721, 4.059, 0.0, 6.002, 10.589, 12.588, 13.307, 14.747, 15.561, 17.533, 20.516, 22.05, 23.259, 24.395, 24.782, 25.633, 28.029, 31.376, 31.752, 32.286, 35.17, 37.652, 43.008, 50.015, 54.599, 56.377, 56.224, 57.074, 58.785, 60.211, 60.578, 61.15, 61.616, 62.241, 63.117, 63.702], [49.4, 49.427, 49.65, 49.678, 47.915, 46.372, 46.01, 45.64, 44.741, 44.874, 45.415, 45.255, 45.646, 45.943, 46.001, 45.39, 43.97, 43.865, 45.327, 46.504, 46.407, 45.344, 45.561, 45.091, 42.935, 40.257, 38.156, 37.238, 37.42, 37.754, 37.082, 36.958, 36.404, 36.434, 35.508, 33.203, 31.621, 30.568, 28.281, 26.366, 25.488, 25.491, 24.953, 23.712, 22.245, 19.699, 18.09, 17.229, 17.105, 15.514, 10.938, 8.069, 6.002, 0.0, 6.539, 9.892, 10.917, 12.37, 13.402, 16.378, 19.829, 21.246, 22.286, 23.27, 23.538, 24.507, 27.165, 30.883, 31.374, 31.784, 34.564, 36.985, 42.368, 49.398, 53.884, 55.542, 55.209, 56.052, 57.824, 59.248, 59.616, 60.219, 60.759, 61.471, 62.388, 62.966], [49.138, 49.158, 49.371, 49.426, 47.645, 46.01, 45.617, 45.223, 44.376, 44.708, 45.388, 45.262, 45.709, 46.048, 46.131, 45.507, 44.059, 44.062, 45.613, 46.968, 47.282, 46.267, 46.421, 46.003, 43.734, 40.913, 38.832, 37.935, 38.078, 38.434, 37.785, 37.59, 36.955, 36.922, 35.909, 33.467, 31.846, 30.846, 28.728, 27.019, 26.008, 25.954, 25.669, 24.693, 23.353, 20.786, 19.259, 18.656, 18.603, 17.135, 13.444, 11.595, 10.589, 6.539, 0.0, 4.937, 7.076, 8.753, 10.819, 14.696, 18.517, 20.064, 20.945, 21.697, 21.917, 22.919, 25.69, 29.593, 30.17, 30.434, 33.102, 35.55, 40.924, 47.991, 52.688, 54.501, 54.133, 54.952, 56.758, 58.206, 58.552, 59.174, 59.796, 60.567, 61.476, 62.014], [49.373, 49.41, 49.534, 49.383, 47.564, 45.999, 45.651, 45.243, 44.333, 44.588, 45.323, 45.149, 45.496, 45.907, 46.109, 45.507, 44.007, 43.983, 45.46, 46.692, 47.123, 46.337, 46.456, 45.979, 43.82, 41.234, 39.4, 38.592, 38.591, 38.729, 38.134, 37.932, 37.083, 36.986, 35.988, 33.459, 31.679, 30.615, 28.506, 27.063, 26.08, 25.721, 25.343, 24.561, 23.416, 20.999, 19.704, 19.378, 19.402, 18.034, 14.707, 13.196, 12.588, 9.892, 4.937, 0.0, 3.785, 6.106, 8.902, 12.988, 16.824, 18.619, 19.759, 20.519, 20.653, 21.601, 24.498, 28.549, 29.123, 29.266, 31.906, 34.446, 39.717, 46.66, 51.46, 53.428, 53.137, 53.944, 55.727, 57.215, 57.587, 58.209, 58.847, 59.647, 60.567, 61.092], [49.688, 49.71, 49.79, 49.461, 47.552, 46.031, 45.712, 45.284, 44.272, 44.455, 45.275, 45.081, 45.306, 45.693, 45.917, 45.338, 43.879, 43.876, 45.331, 46.57, 46.968, 46.337, 46.671, 46.212, 44.135, 41.801, 40.144, 39.376, 39.329, 39.285, 38.636, 38.451, 37.479, 37.342, 36.349, 33.728, 31.779, 30.654, 28.6, 27.333, 26.393, 25.846, 25.502, 24.92, 23.8, 21.267, 19.998, 19.734, 19.745, 18.446, 15.282, 13.811, 13.307, 10.917, 7.076, 3.785, 0.0, 4.117, 7.637, 11.486, 15.232, 17.071, 18.378, 19.216, 19.313, 20.254, 23.402, 27.644, 28.216, 28.463, 31.323, 34.017, 39.334, 46.261, 51.052, 53.075, 52.893, 53.718, 55.484, 56.994, 57.382, 58.023, 58.68, 59.477, 60.391, 60.926], [49.482, 49.498, 49.56, 49.174, 47.257, 45.794, 45.565, 45.18, 44.201, 44.529, 45.48, 45.225, 45.405, 45.849, 46.149, 45.572, 44.072, 44.048, 45.58, 46.832, 47.232, 46.652, 46.988, 46.595, 44.581, 42.239, 40.544, 39.731, 39.611, 39.52, 38.858, 38.606, 37.602, 37.475, 36.542, 34.06, 32.259, 31.172, 29.069, 27.826, 26.999, 26.386, 25.901, 25.204, 24.092, 21.862, 20.843, 20.586, 20.538, 19.305, 16.425, 15.283, 14.747, 12.37, 8.753, 6.106, 4.117, 0.0, 5.142, 10.04, 13.84, 15.663, 17.237, 18.34, 18.475, 19.377, 22.599, 27.079, 27.68, 27.784, 30.557, 33.303, 38.839, 46.005, 50.843, 52.883, 52.746, 53.663, 55.447, 56.942, 57.335, 57.984, 58.648, 59.443, 60.322, 60.839], [50.33, 50.34, 50.366, 49.901, 48.035, 46.668, 46.494, 46.164, 45.142, 45.438, 46.358, 46.021, 46.162, 46.571, 46.734, 46.119, 44.824, 44.936, 46.457, 47.692, 48.102, 47.573, 47.893, 47.475, 45.694, 43.575, 41.847, 40.94, 40.839, 40.814, 40.082, 39.729, 38.567, 38.201, 37.163, 34.713, 32.952, 31.874, 29.646, 28.31, 27.614, 27.098, 26.658, 25.86, 24.715, 22.786, 22.14, 21.951, 21.869, 20.723, 17.851, 16.253, 15.561, 13.402, 10.819, 8.902, 7.637, 5.142, 0.0, 6.488, 11.096, 13.423, 15.517, 16.751, 17.172, 18.416, 21.849, 26.715, 27.593, 27.904, 30.817, 33.554, 39.018, 46.124, 50.858, 52.82, 52.641, 53.603, 55.445, 56.975, 57.398, 58.068, 58.745, 59.531, 60.361, 60.901], [52.027, 52.049, 51.99, 51.316, 49.5, 48.299, 48.135, 47.836, 46.734, 46.786, 47.691, 47.364, 47.299, 47.638, 47.771, 47.25, 46.272, 46.461, 47.67, 48.676, 48.968, 48.545, 48.937, 48.355, 46.82, 45.444, 44.306