[[0.0, 7.201, 10.48, 13.849, 20.584, 23.853, 24.691, 25.087, 26.294, 26.93, 28.454, 33.592, 37.455, 39.365, 41.554, 41.825, 43.34, 45.917, 48.571, 50.498, 50.535, 50.581, 51.444, 52.256, 52.404, 51.065, 51.65, 51.588, 50.91, 53.388, 56.077, 56.507, 56.578, 56.518, 56.341, 57.805, 59.587, 61.183, 62.1, 61.556, 61.056, 61.063, 61.379, 61.668, 60.19, 59.613, 60.074, 60.407, 60.757, 61.019, 60.882, 58.62, 55.696, 55.05, 54.84, 54.666, 54.417, 55.142, 55.848, 56.767, 57.235, 56.71, 56.667, 56.357, 56.608, 57.058, 56.938, 55.833, 55.906, 56.282, 56.168, 56.956, 57.184, 55.361, 53.666, 53.217, 53.258, 53.682, 55.18, 56.388, 56.5, 56.475, 57.576, 58.758, 57.926, 57.449], [7.201, 0.0, 6.011, 10.313, 17.086, 20.769, 21.92, 22.047, 23.325, 24.4, 25.544, 30.223, 34.14, 35.923, 38.102, 38.379, 40.081, 43.166, 46.502, 48.86, 48.98, 48.989, 49.88, 50.967, 51.178, 49.66, 50.176, 50.18, 49.601, 52.335, 55.196, 55.643, 55.748, 55.683, 55.871, 57.758, 59.528, 61.042, 62.025, 61.554, 61.116, 61.086, 61.258, 61.469, 59.999, 59.426, 59.89, 60.258, 60.567, 60.782, 60.679, 58.459, 55.362, 54.551, 54.325, 54.143, 53.869, 54.468, 55.135, 56.091, 56.582, 56.06, 56.021, 55.763, 56.061, 56.573, 56.495, 55.337, 55.249, 55.565, 55.492, 56.286, 56.518, 54.843, 53.253, 52.764, 52.777, 53.242, 54.772, 56.012, 56.145, 56.12, 57.243, 58.469, 57.709, 57.199], [10.48, 6.011, 0.0, 7.064, 15.523, 19.268, 20.294, 20.55, 22.018, 23.235, 24.356, 28.943, 32.722, 34.629, 36.967, 37.262, 38.948, 41.84, 45.158, 47.557, 47.674, 47.733, 48.618, 49.813, 50.006, 48.364, 48.904, 48.968, 48.433, 51.017, 53.801, 54.235, 54.346, 54.263, 54.386, 56.287, 58.124, 59.668, 60.654, 60.229, 59.848, 59.788, 59.871, 60.03, 58.625, 58.09, 58.565, 58.915, 59.118, 59.278, 59.188, 57.041, 53.95, 53.131, 52.917, 52.719, 52.4, 52.854, 53.51, 54.471, 54.993, 54.503, 54.424, 54.172, 54.44, 54.941, 54.89, 53.845, 53.749, 54.052, 54.072, 54.923, 55.134, 53.506, 52.056, 51.636, 51.692, 52.151, 53.542, 54.711, 54.85, 54.914, 56.21, 57.566, 56.917, 56.465], [13.849, 10.313, 7.064, 0.0, 10.318, 15.505, 17.125, 17.378, 18.959, 20.462, 21.666, 26.15, 29.8, 31.454, 33.761, 34.181, 36.128, 39.317, 43.024, 45.64, 45.794, 45.784, 46.692, 48.054, 48.323, 46.732, 47.286, 47.491, 47.232, 50.073, 52.981, 53.437, 53.721, 53.706, 53.923, 55.893, 57.718, 59.393, 60.56, 60.221, 59.859, 59.812, 59.903, 60.105, 58.798, 58.307, 58.805, 59.196, 59.376, 59.522, 59.461, 57.464, 54.492, 53.677, 53.471, 53.284, 52.951, 53.387, 54.006, 54.87, 55.398, 54.943, 54.833, 54.585, 54.86, 55.352, 55.343, 54.331, 54.174, 54.475, 54.519, 55.368, 55.574, 53.986, 52.651, 52.33, 52.456, 52.873, 54.085, 55.112, 55.192, 55.174, 56.379, 57.714, 57.14, 56.722], [20.584, 17.086, 15.523, 10.318, 0.0, 8.272, 12.745, 12.265, 13.987, 16.643, 17.816, 22.332, 26.021, 27.106, 29.213, 29.831, 32.099, 35.561, 39.733, 42.609, 42.818, 42.759, 43.658, 45.243, 45.703, 44.346, 45.014, 45.474, 45.705, 48.892, 51.888, 52.327, 52.841, 53.032, 53.671, 55.977, 57.537, 59.002, 60.488, 60.516, 60.236, 60.2, 60.327, 60.561, 59.365, 58.923, 59.395, 59.845, 59.991, 60.049, 60.041, 58.419, 55.798, 54.999, 54.869, 54.738, 54.368, 54.916, 55.431, 55.984, 56.465, 56.077, 55.883, 55.652, 56.034, 56.635, 56.824, 55.921, 55.514, 55.727, 56.0, 56.98, 57.22, 55.794, 54.649, 54.425, 54.582, 54.974, 56.075, 56.981, 57.028, 57.017, 58.379, 59.831, 59.318, 58.837], [23.853, 20.769, 19.268, 15.505, 8.272, 0.0, 6.61, 7.094, 9.703, 13.508, 15.3, 20.863, 24.99, 25.869, 27.859, 28.705, 31.12, 34.251, 38.087, 40.793, 40.974, 40.96, 41.847, 43.516, 44.104, 42.851, 43.569, 44.11, 44.545, 47.677, 50.535, 50.898, 51.469, 51.811, 52.574, 54.805, 56.095, 57.356, 58.965, 59.4, 59.311, 59.259, 59.427, 59.661, 58.546, 58.141, 58.577, 59.035, 59.145, 59.137, 59.13, 57.778, 55.541, 54.896, 54.884, 54.807, 54.467, 55.139, 55.608, 55.98, 56.455, 56.138, 55.873, 55.678, 56.128, 56.756, 57.038, 56.297, 55.822, 56.006, 56.506, 57.65, 57.903, 56.572, 55.568, 55.407, 55.631, 56.094, 57.151, 57.987, 57.992, 57.95, 59.378, 60.919, 60.488, 60.081], [24.691, 21.92, 20.294, 17.125, 12.745, 6.61, 0.0, 5.336, 9.007, 12.132, 14.464, 20.636, 25.057, 26.066, 28.043, 28.984, 31.5, 34.654, 38.558, 41.265, 41.423, 41.42, 42.271, 43.95, 44.541, 43.157, 43.794, 44.325, 44.787, 47.828, 50.583, 50.906, 51.482, 51.864, 52.57, 54.645, 55.89, 57.246, 58.845, 59.374, 59.452, 59.387, 59.523, 59.759, 58.649, 58.223, 58.655, 59.095, 59.179, 59.16, 59.136, 57.796, 55.544, 54.882, 54.865, 54.754, 54.436, 54.97, 55.348, 55.714, 56.202, 55.923, 55.657, 55.469, 55.897, 56.458, 56.665, 55.993, 55.589, 55.836, 56.395, 57.534, 57.765, 56.414, 55.395, 55.222, 55.542, 56.101, 57.15, 57.965, 57.917, 57.784, 59.08, 60.572, 60.19, 59.882], [25.087, 22.047, 20.55, 17.378, 12.265, 7.094, 5.336, 0.0, 6.046, 10.843, 12.679, 19.02, 23.615, 24.663, 26.738, 27.603, 30.034, 33.351, 37.617, 40.458, 40.594, 40.584, 41.46, 43.212, 43.771, 42.323, 42.99, 43.575, 44.08, 47.248, 50.101, 50.466, 51.062, 51.419, 52.186, 54.415, 55.703, 57.013, 58.663, 59.203, 59.277, 59.243, 59.338, 59.552, 58.43, 57.988, 58.417, 58.851, 58.898, 58.832, 58.804, 57.44, 55.06, 54.332, 54.262, 54.092, 53.722, 54.173, 54.605, 55.036, 55.53, 55.243, 54.972, 54.774, 55.194, 55.769, 56.039, 55.502, 55.132, 55.356, 55.984, 57.147, 57.407, 56.155, 55.147, 54.926, 55.215, 55.747, 56.841, 57.721, 57.717, 57.685, 59.184, 60.792, 60.408, 60.095], [26.294, 23.325, 22.018, 18.959, 13.987, 9.703, 9.007, 6.046, 0.0, 6.689, 9.072, 16.125, 21.199, 22.256, 24.405, 25.206, 27.592, 30.883, 35.16, 38.005, 38.055, 38.029, 38.964, 40.805, 41.518, 40.21, 40.96, 41.56, 42.059, 45.256, 48.2, 48.605, 49.273, 49.72, 50.503, 52.734, 53.991, 55.299, 57.004, 57.574, 57.655, 57.659, 57.891, 58.181, 57.078, 56.656, 57.089, 57.577, 57.695, 57.653, 57.63, 56.331, 54.12, 53.536, 53.512, 53.359, 53.063, 53.7, 54.229, 54.648, 55.149, 54.851, 54.547, 54.399, 54.902, 55.516, 55.859, 55.382, 54.985, 55.17, 55.902, 57.176, 57.478, 56.265, 55.262, 55.042, 55.32, 55.85, 56.933, 57.809, 57.83, 57.816, 59.362, 60.996, 60.604, 60.308], [26.93, 24.4, 23.235, 20.462, 16.643, 13.508, 12.132, 10.843, 6.689, 0.0, 5.375, 14.625, 20.37, 21.844, 24.179, 24.665, 26.68, 30.141, 34.67, 37.567, 37.517, 37.409, 38.322, 40.178, 41.013, 39.752, 40.53, 41.084, 41.546, 44.66, 47.565, 47.993, 48.708, 49.264, 49.987, 52.111, 53.395, 54.832, 56.572, 57.08, 57.16, 57.17, 57.583, 58.113, 57.074, 56.648, 57.083, 57.589, 57.787, 57.809, 57.786, 56.473, 54.296, 53.77, 53.774, 53.65, 53.436, 54.123, 54.632, 55.034, 55.527, 55.238, 54.934, 54.794, 55.337, 55.93, 56.232, 55.754, 55.395, 55.594, 56.304, 57.551, 57.855, 56.602, 55.521, 55.288, 55.596, 56.153, 57.235, 58.081, 58.078, 58.037, 59.48, 60.997, 60.543, 60.273], [28.454, 25.544, 24.356, 21.666, 17.816, 15.3, 14.464, 12.679, 9.072, 5.375, 0.0, 10.988, 17.618, 19.461, 22.071, 22.387, 24.439, 28.329, 33.423, 36.614, 36.583, 36.362, 37.281, 39.292, 40.092, 38.803, 39.638, 40.262, 40.809, 44.024, 47.005, 47.431, 48.194, 48.825, 49.822, 52.208, 53.49, 54.879, 56.625, 57.127, 57.209, 57.202, 57.563, 58.127, 57.142, 56.724, 57.158, 57.658, 57.846, 57.869, 57.862, 56.534, 54.306, 53.731, 53.71, 53.599, 53.379, 54.016, 54.524, 54.946, 55.447, 55.131, 54.823, 54.695, 55.21, 55.818, 56.116, 55.612, 55.181, 55.309, 56.001, 57.261, 57.582, 56.428, 55.423, 55.181, 55.482, 56.018, 57.076, 57.921, 57.918, 57.885, 59.352, 60.916, 60.473, 60.19], [33.592, 30.223, 28.943, 26.15, 22.332, 20.863, 20.636, 19.02, 16.125, 14.625, 10.988, 0.0, 8.181, 11.321, 14.461, 14.97, 17.699, 22.43, 28.507, 32.306, 32.453, 32.113, 33.025, 35.271, 36.136, 34.855, 35.85, 36.757, 37.556, 41.143, 44.315, 44.756, 45.696, 46.487, 48.14, 51.095, 52.331, 53.609, 55.361, 55.877, 56.028, 55.995, 56.174, 56.631, 55.657, 55.292, 55.716, 56.211, 56.404, 56.412, 56.457, 55.207, 52.977, 52.327, 52.282, 52.163, 51.938, 52.707, 53.259, 53.755, 54.363, 54.001, 53.641, 53.598, 54.242, 54.931, 55.3, 54.816, 54.173, 54.217, 55.009, 56.331, 56.609, 55.421, 54.46, 54.157, 54.418, 55.107, 56.355, 57.244, 57.22, 57.137, 58.646, 60.287, 59.857, 59.507], [37.455, 34.14, 32.722, 29.8, 26.021, 24.99, 25.057, 23.615, 21.199, 20.37, 17.618, 8.181, 0.0, 6.054, 10.757, 12.07, 15.624, 20.207, 26.48, 30.406, 30.712, 30.404, 31.182, 33.513, 34.37, 32.936, 33.911, 35.005, 36.006, 39.631, 42.822, 43.293, 44.313, 45.088, 46.936, 50.153, 51.426, 52.698, 54.493, 55.009, 55.167, 55.133, 55.165, 55.497, 54.527, 54.184, 54.646, 55.117, 55.264, 55.244, 55.305, 54.12, 51.893, 51.203, 51.154, 51.04, 50.801, 51.611, 52.226, 52.784, 53.448, 53.084, 52.665, 52.68, 53.362, 54.05, 54.449, 53.988, 53.226, 53.218, 54.048, 55.389, 55.641, 54.407, 53.507, 53.199, 53.426, 54.171, 55.5, 56.381, 56.306, 56.193, 57.727, 59.393, 59.007, 58.658], [39.365, 35.923, 34.629, 31.454, 27.106, 25.869, 26.066, 24.663, 22.256, 21.844, 19.461, 11.321, 6.054, 0.0, 6.076, 8.652, 13.795, 19.413, 26.301, 30.391, 30.734, 30.438, 31.293, 33.801, 34.756, 33.343, 34.166, 35.251, 36.465, 40.39, 43.74, 44.243, 45.313, 46.104, 48.067, 51.311, 52.531, 53.788, 55.665, 56.264, 56.436, 56.413, 56.443, 56.714, 55.745, 55.417, 55.918, 56.473, 56.65, 56.648, 56.738, 55.65, 53.515, 52.821, 52.792, 52.69, 52.43, 53.235, 53.823, 54.302, 54.902, 54.549, 54.135, 54.143, 54.801, 55.454, 55.85, 55.334, 54.471, 54.454, 55.273, 56.549, 56.774, 55.564, 54.735, 54.481, 54.706, 55.45, 56.792, 57.638, 57.543, 57.372, 58.783, 60.384, 60.077, 59.771], [41.554, 38.102, 36.967, 33.761, 29.213, 27.859, 28.043, 26.738, 24.405, 24.179, 22.071, 14.461, 10.757, 6.076, 0.0, 4.976, 11.936, 18.327, 25.616, 29.869, 30.27, 29.996, 30.961, 33.515, 34.552, 33.265, 34.012, 35.124, 36.589, 40.889, 44.347, 44.843, 45.94, 46.771, 48.955, 52.281, 53.417, 54.534, 56.383, 57.052, 57.277, 57.252, 57.271, 57.508, 56.543, 56.267, 56.752, 57.344, 57.571, 57.588, 57.717, 56.75, 54.762, 54.092, 54.083, 53.952, 53.658, 54.554, 55.151, 55.602, 56.186, 55.837, 55.415, 55.425, 56.162, 56.86, 57.327, 56.881, 55.942, 55.892, 56.803, 58.11, 58.302, 57.046, 56.182, 55.916, 56.127, 56.95, 58.354, 59.181, 59.088, 58.862, 60.23, 61.837, 61.535, 61.205], [41.825, 38.379, 37.262, 34.181, 29.831, 28.705, 28.984, 27.603, 25.206, 24.665, 22.387, 14.97, 12.07, 8.652, 4.976, 0.0, 8.627, 16.352, 24.216, 28.809, 29.256, 28.928, 30.039, 32.639, 33.631, 32.208, 32.855, 33.849, 35.365, 39.934, 43.493, 43.981, 45.03, 45.876, 48.163, 51.613, 52.813, 53.912, 55.723, 56.334, 56.541, 56.508, 56.532, 56.858, 55.931, 55.677, 56.175, 56.781, 57.025, 57.111, 57.297, 56.293, 54.303, 53.646, 53.633, 53.486, 53.161, 54.097, 54.74, 55.219, 55.786, 55.429, 55.014, 55.023, 55.851, 56.625, 57.159, 56.785, 55.869, 55.775, 56.699, 58.066, 58.284, 57.035, 56.117, 55.8, 55.976, 56.806, 58.263, 59.151, 59.094, 58.901, 60.334, 61.996, 61.63, 61.256], [43.34, 40.081, 38.948, 36.128, 32.099, 31.12, 31.5, 30.034, 27.592, 26.68, 24.439, 17.699, 15.624, 13.795, 11.936, 8.627, 0.0, 10.59, 20.946, 26.365, 26.87, 26.462, 27.559, 30.428, 31.634, 30.3, 31.025, 32.182, 34.008, 38.645, 41.957, 42.426, 43.534, 44.403, 46.859, 50.348, 51.464, 52.434, 54.225, 54.861, 55.174, 55.123, 55.136, 55.656, 54.892, 54.67, 55.142, 55.792, 56.031, 56.159, 56.533, 55.793, 53.73, 52.97, 52.964, 52.817, 52.509, 53.477, 54.068, 54.499, 55.098, 54.793, 54.354, 54.499, 55.708, 56.669, 57.443, 57.451, 56.632, 56.555, 57.609, 59.016, 59.194, 57.913, 56.891, 56.463, 56.568, 57.51, 59.107, 60.061, 60.073, 60.049, 61.739, 63.445, 62.928, 62.434], [45.917, 43.166, 41.84, 39.317, 35.561, 34.251, 34.654, 33.351, 30.883, 30.141, 28.329, 22.43, 20.207, 19.413, 18.327, 16.352, 10.59, 0.0, 12.45, 18.864, 19.512, 19.633, 20.656, 23.821, 25.481, 25.004, 26.328, 27.838, 30.027, 33.954, 36.62, 36.997, 38.453, 39.781, 42.778, 46.366, 47.06, 47.496, 49.135, 50.001, 50.564, 50.497, 50.52, 51.081, 50.531, 50.425, 50.815, 51.528, 51.748, 51.823, 52.341, 52.46, 51.262, 50.682, 50.722, 50.57, 50.426, 51.901, 52.61, 52.798, 53.428, 53.191, 52.603, 53.035, 54.628, 55.805, 56.981, 57.589, 56.799, 56.615, 58.126, 59.925, 60.114, 58.839, 57.947, 57.573, 57.692, 58.71, 60.162, 61.006, 61.046, 61.177, 63.275, 65.193, 64.696, 64.259], [48.571, 46.502, 45.158, 43.024, 39.733, 38.087, 38.558, 37.617, 35.16, 34.67, 33.423, 28.507, 26.48, 26.301, 25.616, 24.216, 20.946, 12.45, 0.0, 7.464, 8.784, 9.819, 11.49, 14.717, 16.861, 17.821, 19.835, 21.309, 23.451, 26.397, 28.674, 29.091, 30.95, 32.965, 36.545, 40.146, 40.383, 40.275, 41.717, 42.763, 43.334, 43.28, 43.493, 43.981, 43.558, 43.689, 43.993, 44.794, 45.269, 45.536, 46.14, 47.107, 47.968, 48.458, 48.674, 48.543, 48.611, 51.246, 52.551, 52.648, 53.276, 53.005, 52.275, 52.901, 54.617, 55.798, 57.257, 58.235, 57.456, 57.151, 58.999, 61.265, 61.547, 60.298, 59.611, 59.39, 59.536, 60.467, 61.675, 62.428, 62.522, 62.673, 64.914, 66.995, 66.57, 66.285], [50.498, 48.86, 47.557, 45.64, 42.609, 40.793, 41.265, 40.458, 38.005, 37.567, 36.614, 32.306, 30.406, 30.391, 29.869, 28.809, 26.365, 18.864, 7.464, 0.0, 2.911, 5.232, 7.383, 10.413, 12.838, 14.916, 17.337, 18.773, 20.804, 22.9, 24.964, 25.52, 27.598, 29.81, 33.252, 36.578, 36.643, 36.432, 37.947, 39.158, 39.655, 39.675, 40.127, 40.591, 40.219, 40.48, 40.736, 41.527, 42.208, 42.645, 43.279, 44.592, 46.665, 48.031, 48.433, 48.329, 48.481, 51.744, 53.502, 53.634, 54.252, 53.982, 53.205, 53.884, 55.57, 56.679, 58.234, 59.375, 58.661, 58.363, 60.315, 62.713, 63.028, 61.781, 61.192, 61.058, 61.215, 62.061, 63.169, 63.887, 63.991, 64.137, 66.381, 68.482, 68.094, 67.895], [50.535, 48.98, 47.674, 45.794, 42.818, 40.974, 41.423, 40.594, 38.055, 37.517, 36.583, 32.453, 30.712, 30.734, 30.27, 29.256, 26.87, 19.512, 8.784, 2.911, 0.0, 3.811, 6.342, 9.798, 12.578, 14.961, 17.565, 18.98, 20.895, 22.8, 24.812, 25.396, 27.523, 29.831, 33.125, 36.226, 36.235, 36.098, 37.689, 38.939, 39.438, 39.493, 40.058, 40.573, 40.189, 40.448, 40.704, 41.519, 42.263, 42.723, 43.329, 44.647, 46.743, 48.188, 48.661, 48.582, 48.749, 51.999, 53.751, 53.857, 54.458, 54.19, 53.403, 54.062, 55.72, 56.806, 58.357, 59.518, 58.841, 58.565, 60.543, 62.946, 63.25, 62.004, 61.44, 61.338, 61.505, 62.349, 63.455, 64.162, 64.254, 64.389, 66.617, 68.711, 68.333, 68.164], [50.581, 48.989, 47.733, 45.784, 42.759, 40.96, 41.42, 40.584, 38.029, 37.409, 36.362, 32.113, 30.404, 30.438, 29.996, 28.928, 26.462, 19.633, 9.819, 5.232, 3.811, 0.0, 4.015, 8.679, 11.662, 14.107, 16.796, 18.344, 20.43, 22.562, 24.745, 25.38, 27.502, 29.781, 33.087, 36.214, 36.36, 36.483, 38.202, 39.379, 39.786, 39.838, 40.418, 40.977, 40.594, 40.864, 41.145, 41.942, 42.751, 43.294, 43.906, 45.044, 47.048, 48.517, 49.008, 48.98, 49.178, 52.42, 54.19, 54.337, 54.931, 54.646, 53.867, 54.506, 56.158, 57.225, 58.707, 59.743, 59.099, 58.882, 60.734, 63.055, 63.351, 62.115, 61.539, 61.422, 61.583, 62.403, 63.514, 64.215, 64.305, 64.409, 66.538, 68.58, 68.187, 67.993], [51.444, 49.88, 48.618, 46.692, 43.658, 41.847, 42.271, 41.46, 38.964, 38.322, 37.281, 33.025, 31.182, 31.293, 30.961, 30.039, 27.559, 20.656, 11.49, 7.383, 6.342, 4.015, 0.0, 6.334, 10.065, 13.26, 16.285, 18.145, 20.546, 22.294, 24.037, 24.641, 26.93, 29.286, 32.687, 35.839, 35.954, 36.109, 37.896, 39.106, 39.533, 39.577, 40.169, 40.752, 40.403, 40.68, 40.938, 41.708, 42.501, 43.041, 43.681, 44.887, 46.887, 48.326, 48.828, 48.821, 49.138, 52.523, 54.298, 54.407, 55.001, 54.738, 53.933, 54.64, 56.411, 57.522, 59.043, 60.116, 59.475, 59.302, 61.189, 63.497, 63.789, 62.561, 61.981, 61.841, 61.987, 62.801, 63.905, 64.603, 64.703, 64.836, 67.02, 69.075, 68.689, 68.49], [52.256, 50.967, 49.813, 48.054, 45.243, 43.516, 43.95, 43.212, 40.805, 40.178, 39.292, 35.271, 33.513, 33.801, 33.515, 32.639, 30.428, 23.821, 14.717, 10.413, 9.798, 8.679, 6.334, 0.0, 5.592, 11.483, 14.931, 16.764, 19.392, 20.852, 22.113, 22.619, 25.126, 27.837, 31.436, 34.664, 34.886, 34.97, 36.718, 37.923, 38.257, 38.326, 39.066, 39.669, 39.256, 39.607, 39.84, 40.563, 41.412, 42.039, 42.727, 43.938, 46.243, 47.789, 48.272, 48.234, 48.672, 52.744, 54.697, 54.69, 55.27, 55.005, 54.166, 54.895, 56.808, 57.992, 59.577, 60.672, 60.061, 59.936, 61.862, 64.184, 64.445, 63.123, 62.487, 62.348, 62.484, 63.328, 64.504, 65.234, 65.354, 65.495, 67.753, 69.855, 69.443, 69.257], [52.404, 51.178, 50.006, 48.323, 45.703, 44.104, 44.541, 43.771, 41.518, 41.013, 40.092, 36.136, 34.37, 34.756, 34.552, 33.631, 31.634, 25.481, 16.861, 12.838, 12.578, 11.662, 10.065, 5.592, 0.0, 8.116, 12.394, 14.197, 17.042, 18.91, 20.57, 20.987, 23.37, 25.979, 29.697, 33.316, 33.87, 34.054, 35.818, 36.991, 37.316, 37.425, 38.038, 38.552, 38.148, 38.54, 38.811, 39.482, 40.304, 41.01, 41.766, 42.799, 45.1, 46.729, 47.113, 47.038, 47.468, 51.817, 54.234, 54.451, 55.019, 54.715, 53.856, 54.516, 56.356, 57.589, 59.164, 60.292, 59.747, 59.614, 61.51, 63.842, 64.104, 62.753, 62.116, 61.975, 62.092, 62.87, 64.001, 64.735, 64.848, 64.999, 67.276, 69.404, 68.997, 68.846], [51.065, 49.66, 48.364, 46.732, 44.346, 42.851, 43.157, 42.323, 40.21, 39.752, 38.803, 34.855, 32.936, 33.343, 33.265, 32.208, 30.3, 25.004, 17.821, 14.916, 14.961, 14.107, 13.26, 11.483, 8.116, 0.0, 6.025, 8.951, 12.332, 15.619, 18.581, 19.107, 20.665, 22.605, 26.252, 30.485, 31.726, 32.37, 34.259, 35.279, 35.586, 35.714, 35.997, 36.4, 35.986, 36.363, 36.753, 37.389, 38.116, 38.881, 39.68, 40.251, 42.07, 43.696, 43.969, 43.852, 44.186, 48.295, 51.211, 52.186, 52.861, 52.471, 51.615, 52.183, 53.885, 55.041, 56.578, 57.769, 57.304, 57.17, 58.985, 61.273, 61.576, 60.236, 59.538, 59.283, 59.313, 60.021, 61.165, 61.949, 62.058, 62.235, 64.512, 66.642, 66.208, 66.047], [51.65, 50.176, 48.904, 47.286, 45.014, 43.569, 43.794, 42.99, 40.96, 40.53, 39.638, 35.85, 33.911, 34.166, 34.012, 32.855, 31.025, 26.328, 19.835, 17.337, 17.565, 16.796, 16.285, 14.931, 12.394, 6.025, 0.0, 5.008, 9.914, 14.021, 17.519, 18.1, 19.31, 20.822, 24.506, 29.088, 30.661, 31.521, 33.441, 34.375, 34.672, 34.818, 34.955, 35.288, 34.85, 35.25, 35.715, 36.346, 37.041, 37.844, 38.675, 39.08, 40.811, 42.487, 42.744, 42.639, 42.897, 46.979, 50.02, 51.237, 52.01, 51.605, 50.771, 51.334, 53.011, 54.092, 55.637, 56.879, 56.409, 56.277, 58.081, 60.352, 60.678, 59.375, 58.676, 58.385, 58.398, 59.099, 60.275, 61.102, 61.226, 61.416, 63.722, 65.902, 65.458, 65.269], [51.588, 50.18, 48.968, 47.491, 45.474, 44.11, 44.325, 43.575, 41.56, 41.084, 40.262, 36.757, 35.005, 35.251, 35.124, 33.849, 32.182, 27.838, 21.309, 18.773, 18.98, 18.344, 18.145, 16.764, 14.197, 8.951, 5.008, 0.0, 6.23, 11.943, 16.254, 16.937, 18.151, 19.769, 23.579, 28.274, 29.989, 30.882, 32.641, 33.389, 33.606, 33.78, 33.984, 34.334, 33.83, 34.275, 34.789, 35.468, 36.236, 37.108, 37.928, 38.221, 40.09, 41.898, 42.133, 41.998, 42.232, 46.429, 49.613, 50.863, 51.543, 51.157, 50.409, 50.918, 52.577, 53.668, 55.171, 56.343, 55.883, 55.724, 57.498, 59.807, 60.177, 58.913, 58.225, 57.944, 57.942, 58.587, 59.774, 60.663, 60.824, 61.018, 63.296, 65.503, 65.045, 64.841], [50.91, 49.601, 48.433, 47.232, 45.705, 44.545, 44.787, 44.08, 42.059, 41.546, 40.809, 37.556, 36.006, 36.465, 36.589, 35.365, 34.008, 30.027, 23.451, 20.804, 20.895, 20.43, 20.546, 19.392, 17.042, 12.332, 9.914, 6.23, 0.0, 8.48, 14.408, 15.419, 16.486, 18.265, 22.074, 26.89, 28.815, 29.745, 31.275, 31.758, 31.805, 32.001, 32.287, 32.599, 31.945, 32.369, 32.931, 33.73, 34.689, 35.654, 36.411, 36.488, 38.601, 40.684, 40.864, 40.689, 40.952, 45.292, 48.76, 50.339, 50.996, 50.536, 49.913, 50.397, 51.961, 53.028, 54.509, 55.64, 55.262, 55.092, 56.833, 59.243, 59.723, 58.495, 57.772, 57.463, 57.417, 57.96, 59.115, 60.082, 60.276, 60.433, 62.626, 64.814, 64.313, 64.084], [53.388, 52.335, 51.017, 50.073, 48.892, 47.677, 47.828, 47.248, 45.256, 44.66, 44.024, 41.143, 39.631, 40.39, 40.889, 39.934, 38.645, 33.954, 26.397, 22.9, 22.8, 22.562, 22.294, 20.852, 18.91, 15.619, 14.021, 11.943, 8.48, 0.0, 7.161, 8.937, 10.88, 13.904, 17.971, 22.657, 24.22, 24.918, 26.467, 27.157, 27.334, 27.563, 27.982, 28.369, 28.022, 28.544, 29.06, 29.974, 31.064, 32.135, 32.959, 33.609, 36.833, 39.471, 39.789, 39.689, 40.247, 45.045, 48.643, 50.133, 50.837, 50.408, 49.744, 50.551, 52.223, 53.231, 54.916, 56.383, 56.106, 55.911, 57.861, 60.52, 61.111, 59.992, 59.401, 59.179, 59.19, 59.633, 60.461, 61.284, 61.438, 61.635, 63.959, 66.193, 65.779, 65.685], [56.077, 55.196, 53.801, 52.981, 51.888, 50.535, 50.583, 50.101, 48.2, 47.565, 47.005, 44.315, 42.822, 43.74, 44.347, 43.493, 41.957, 36.62, 28.674, 24.964, 24.812, 24.745, 24.037, 22.113, 20.57, 18.581, 17.519, 16.254, 14.408, 7.161, 0.0, 3.222, 7.606, 12.28, 16.784, 20.87, 21.516, 21.556, 23.103, 24.139, 24.597, 24.771, 25.243, 25.811, 25.815, 26.44, 26.835, 27.793, 28.886, 29.974, 30.905, 32.247, 36.095, 38.843, 39.337, 39.357, 40.198, 45.361, 48.765, 49.867, 50.554, 50.244, 49.494, 50.58, 52.678, 53.828, 55.703, 57.449, 57.204, 57.02, 59.211, 62.027, 62.629, 61.555, 61.047, 60.886, 60.945, 61.44, 62.16, 62.9, 63.045, 63.314, 65.805, 68.086, 67.722, 67.707], [56.507, 55.643, 54.235, 53.437, 52.327, 50.898, 50.906, 50.466, 48.605, 47.993, 47.431, 44.756, 43.293, 44.243, 44.843, 43.981, 42.426, 36.997, 29.091, 25.52, 25.396, 25.38, 24.641, 22.619, 20.987, 19.107, 18.1, 16.937, 15.419, 8.937, 3.222, 0.0, 6.098, 11.562, 16.534, 20.778, 21.215, 20.938, 22.427, 23.606, 24.231, 24.363, 24.734, 25.245, 25.252, 25.885, 26.232, 27.213, 28.297, 29.356, 30.313, 31.787, 35.626, 38.262, 38.777, 38.858, 39.771, 45.005, 48.325, 49.313, 50.02, 49.73, 48.925, 50.0, 52.2, 53.558, 55.542, 57.343, 57.097, 56.915, 59.181, 62.051, 62.644, 61.573, 61.098, 60.964, 61.06, 61.617, 62.346, 63.074, 63.213, 63.482, 66.01, 68.317, 67.968, 67.969], [56.578, 55.748, 54.346, 53.721, 52.841, 51.469, 51.482, 51.062, 49.273, 48.708, 48.194, 45.696, 44.313, 45.313, 45.94, 45.03, 43.534, 38.453, 30.95, 27.598, 27.523, 27.502, 26.93, 25.126, 23.37, 20.665, 19.31, 18.151, 16.486, 10.88, 7.606, 6.098, 0.0, 6.944, 13.129, 18.166, 19.275, 19.148, 20.537, 21.531, 22.018, 22.123, 22.377, 22.896, 23.03, 23.769, 24.127, 25.101, 26.281, 27.483, 28.444, 29.677, 33.524, 36.277, 36.81, 36.916, 37.853, 43.26, 46.93, 48.384, 49.21, 48.794, 47.897, 48.953, 51.084, 52.473, 54.757, 56.713, 56.519, 56.364, 58.574, 61.459, 62.091, 61.032, 60.531, 60.352, 60.415, 60.935, 61.628, 62.361, 62.515, 62.791, 65.315, 67.618, 67.242, 67.273], [56.518, 55.683, 54.263, 53.706, 53.032, 51.811, 51.864, 51.419, 49.72, 49.264, 48.825, 46.487, 45.088, 46.104, 46.771, 45.876, 44.403, 39.781, 32.965, 29.81, 29.831, 29.781, 29.286, 27.837, 25.979, 22.605, 20.822, 19.769, 18.265, 13.904, 12.28, 11.562, 6.944, 0.0, 8.048, 14.777, 16.986, 17.744, 19.448, 20.127, 20.413, 20.58, 20.556, 20.988, 21.239, 22.03, 22.496, 23.436, 24.698, 26.092, 27.127, 27.946, 31.631, 34.774, 35.338, 35.426, 36.352, 41.763, 45.916, 47.935, 48.901, 48.404, 47.469, 48.491, 50.544, 51.858, 54.229, 56.441, 56.365, 56.222, 58.349, 61.164, 61.821, 60.791, 60.269, 60.024, 60.023, 60.472, 61.125, 61.876, 62.064, 62.359, 64.826, 67.073, 66.667, 66.678], [56.341, 55.871, 54.386, 53.923, 53.671, 52.574, 52.57, 52.186, 50.503, 49.987, 49.822, 48.14, 46.936, 48.067, 48.955, 48.163, 46.859, 42.778, 36.545, 33.252, 33.125, 33.087, 32.687, 31.436, 29.697, 26.252, 24.506, 23.579, 22.074, 17.971, 16.784, 16.534, 13.129, 8.048, 0.0, 8.346, 12.647, 15.283, 17.643, 18.053, 18.119, 18.529, 18.634, 19.188, 19.635, 20.448, 21.111, 21.893, 23.242, 24.925, 25.947, 26.339, 30.172, 34.099, 34.811, 34.877, 35.833, 41.197, 45.714, 48.016, 49.021, 48.569, 47.661, 48.601, 50.463, 51.616, 53.901, 56.291, 56.544, 56.472, 58.442, 61.15, 61.815, 60.787, 60.267, 60.048, 60.052, 60.385, 60.921, 61.636, 61.816, 62.119, 64.475, 66.62, 66.207, 66.265], [57.805, 57.758, 56.287, 55.893, 55.977, 54.805, 54.645, 54.415, 52.734, 52.111, 52.208, 51.095, 50.153, 51.311, 52.281, 51.613, 50.348, 46.366, 40.146, 36.578, 36.226, 36.214, 35.839, 34.664, 33.316, 30.485, 29.088, 28.274, 26.89, 22.657, 20.87, 20.778, 18.166, 14.777, 8.346, 0.0, 6.824, 11.997, 14.973, 15.391, 15.522, 16.12, 16.818, 17.871, 18.803, 19.79, 20.57, 21.26, 22.792, 24.764, 25.72, 26.325, 30.781, 35.291, 36.278, 36.401, 37.411, 42.703, 47.142, 49.317, 50.264, 49.892, 49.001, 49.946, 51.778, 52.746, 55.015, 57.523, 57.949, 57.976, 59.908, 62.567, 63.223, 62.229, 61.777, 61.638, 61.675, 61.926, 62.322, 62.957, 63.13, 63.445, 65.698, 67.727, 67.325, 67.492], [59.587, 59.528, 58.124, 57.718, 57.537, 56.095, 55.89, 55.703, 53.991, 53.395, 53.49, 52.331, 51.426, 52.531, 53.417, 52.813, 51.464, 47.06, 40.383, 36.643, 36.235, 36.36, 35.954, 34.886, 33.87, 31.726, 30.661, 29.989, 28.815, 24.22, 21.516, 21.215, 19.275, 16.986, 12.647, 6.824, 0.0, 7.022, 11.131, 12.681, 13.773, 14.39, 15.319, 16.63, 17.915, 18.965, 19.619, 20.545, 22.263, 24.197, 25.158, 26.615, 31.711, 36.255, 37.438, 37.694, 38.793, 44.002, 48.081, 49.86, 50.748, 50.481, 49.572, 50.614, 52.636, 53.698, 56.038, 58.709, 59.049, 58.983, 61.198, 64.095, 64.808, 63.914, 63.571, 63.491, 63.555, 63.821, 64.154, 64.731, 64.888, 65.196, 67.488, 69.529, 69.16, 69.346], [61.183, 61.042, 59.668, 59.393, 59.002, 57.356, 57.246, 57.013, 55.299, 54.832, 54.879, 53.609, 52.698, 53.788, 54.534, 53.912, 52.434, 47.496, 40.275, 36.432, 36.098, 36.483, 36.109, 34.97, 34.054, 32.37, 31.521, 30.882, 29.745, 24.918, 21.556, 20.938, 19.148, 17.744, 15.283, 11.997, 7.022, 0.0, 5.632, 9.469, 11.66, 12.226, 13.043, 14.424, 16.254, 17.508, 17.832, 18.924, 20.619, 22.311, 23.359, 25.775, 31.556, 36.012, 37.243, 37.553, 38.715, 44.145, 48.115, 49.669, 50.535, 50.294, 49.313, 50.445, 52.682, 53.971, 56.538, 59.382, 59.636, 59.431, 61.93, 65.189, 66.045, 65.225, 64.918, 64.85, 64.91, 65.22, 65.551, 66.149, 66.345, 66.703, 69.182, 71.324, 70.961, 71.117], [62.1, 62.025, 60.654, 60.56, 60.488, 58.965, 58.845, 58.663, 57.004, 56.572, 56.625, 55.361, 54.493, 55.665, 56.383, 55.723, 54.225, 49.135, 41.717, 37.947, 37.689, 38.202, 37.896, 36.718, 35.818, 34.259, 33.441, 32.641, 31.275, 26.467, 23.103, 22.427, 20.537, 19.448, 17.643, 14.973, 11.131, 5.632, 0.0, 5.445, 8.807, 9.373, 10.198, 11.878, 14.253, 15.783, 15.98, 17.15, 18.869, 20.559, 21.665, 24.495, 30.841, 35.374, 36.571, 36.873, 38.081, 43.694, 47.741, 49.351, 50.196, 49.879, 48.87, 50.034, 52.333, 53.666, 56.351, 59.303, 59.566, 59.318, 61.909, 65.368, 66.358, 65.611, 65.323, 65.247, 65.283, 65.554, 65.819, 66.453, 66.705, 67.099, 69.664, 71.862, 71.471, 71.603], [61.556, 61.554, 60.229, 60.221, 60.516, 59.4, 59.374, 59.203, 57.574, 57.08, 57.127, 55.877, 55.009, 56.264, 57.052, 56.334, 54.861, 50.001, 42.763, 39.158, 38.939, 39.379, 39.106, 37.923, 36.991, 35.279, 34.375, 33.389, 31.758, 27.157, 24.139, 23.606, 21.531, 20.127, 18.053, 15.391, 12.681, 9.469, 5.445, 0.0, 4.55, 5.583, 7.029, 9.494, 12.123, 13.963, 14.359, 15.628, 17.761, 19.853, 20.962, 23.393, 29.807, 34.503, 35.65, 35.922, 37.162, 42.886, 47.123, 48.98, 49.787, 49.338, 48.354, 49.484, 51.759, 53.021, 55.653, 58.534, 58.843, 58.636, 61.116, 64.534, 65.579, 64.878, 64.567, 64.453, 64.441, 64.627, 64.83, 65.477, 65.764, 66.131, 68.614, 70.776, 70.325, 70.42], [61.056, 61.116, 59.848, 59.859, 60.236, 59.311, 59.452, 59.277, 57.655, 57.16, 57.209, 56.028, 55.167, 56.436, 57.277, 56.541, 55.174, 50.564, 43.334, 39.655, 39.438, 39.786, 39.533, 38.257, 37.316, 35.586, 34.672, 33.606, 31.805, 27.334, 24.597, 24.231, 22.018, 20.413, 18.119, 15.522, 13.773, 11.66, 8.807, 4.55, 0.0, 2.532, 5.854, 8.737, 11.462, 13.628, 14.137, 15.437, 17.908, 20.239, 21.271, 23.282, 29.894, 34.825, 35.978, 36.223, 37.452, 43.379, 47.763, 49.763, 50.536, 49.978, 48.996, 50.069, 52.29, 53.476, 56.02, 58.665, 58.947, 58.763, 61.061, 64.376, 65.424, 64.705, 64.338, 64.188, 64.117, 64.243, 64.438, 65.087, 65.403, 65.716, 68.079, 70.18, 69.681, 69.739], [61.063, 61.086, 59.788, 59.812, 60.2, 59.259, 59.387, 59.243, 57.659, 57.17, 57.202, 55.995, 55.133, 56.413, 57.252, 56.508, 55.123, 50.497, 43.28, 39.675, 39.493, 39.838, 39.577, 38.326, 37.425, 35.714, 34.818, 33.78, 32.001, 27.563, 24.771, 24.363, 22.123, 20.58, 18.529, 16.12, 14.39, 12.226, 9.373, 5.583, 2.532, 0.0, 4.473, 7.874, 10.86, 13.108, 13.622, 14.915, 17.292, 19.598, 20.652, 22.785, 29.53, 34.459, 35.623, 35.885, 37.14, 43.113, 47.474, 49.476, 50.249, 49.668, 48.68, 49.796, 52.083, 53.303, 55.887, 58.549, 58.826, 58.634, 60.946, 64.293, 65.353, 64.637, 64.241, 64.067, 63.987, 64.108, 64.283, 64.929, 65.253, 65.58, 67.977, 70.101, 69.595, 69.63], [61.379, 61.258, 59.871, 59.903, 60.327, 59.427, 59.523, 59.338, 57.891, 57.583, 57.563, 56.174, 55.165, 56.443, 57.271, 56.532, 55.136, 50.52, 43.493, 40.127, 40.058, 40.418, 40.169, 39.066, 38.038, 35.997, 34.955, 33.984, 32.287, 27.982, 25.243, 24.734, 22.377, 20.556, 18.634, 16.818, 15.319, 13.043, 10.198, 7.029, 5.854, 4.473, 0.0, 4.465, 8.805, 11.303, 11.877, 13.176, 15.371, 17.731, 18.947, 21.19, 27.915, 32.879, 34.031, 34.278, 35.549, 41.492, 46.011, 48.19, 49.02, 48.418, 47.41, 48.584, 50.928, 52.247, 54.918, 57.739, 58.073, 57.848, 60.193, 63.601, 64.691, 64.02, 63.634, 63.421, 63.373, 63.519, 63.647, 64.291, 64.621, 65.0, 67.499, 69.689, 69.207, 69.234], [61.668, 61.469, 60.03, 60.105, 60.561, 59.661, 59.759, 59.552, 58.181, 58.113, 58.127, 56.631, 55.497, 56.714, 57.508, 56.858, 55.656, 51.081, 43.981, 40.591, 40.573, 40.977, 40.752, 39.669, 38.552, 36.4, 35.288, 34.334, 32.599, 28.369, 25.811, 25.245, 22.896, 20.988, 19.188, 17.871, 16.63, 14.424, 11.878, 9.494, 8.737, 7.874, 4.465, 0.0, 6.078, 9.372, 9.988, 11.474, 13.954, 16.446, 17.727, 20.029, 27.056, 32.208, 33.415, 33.644, 34.902, 40.923, 45.552, 47.8, 48.674, 48.064, 47.038, 48.197, 50.507, 51.936, 54.621, 57.428, 57.759, 57.511, 59.847, 63.259, 64.326, 63.649, 63.29, 63.061, 63.028, 63.293, 63.511, 64.175, 64.511, 64.888, 67.422, 69.657, 69.224, 69.252], [60.19, 59.999, 58.625, 58.798, 59.365, 58.546, 58.649, 58.43, 57.078, 57.074, 57.142, 55.657, 54.527, 55.745, 56.543, 55.931, 54.892, 50.531, 43.558, 40.219, 40.189, 40.594, 40.403, 39.256, 38.148, 35.986, 34.85, 33.83, 31.945, 28.022, 25.815, 25.252, 23.03, 21.239, 19.635, 18.803, 17.915, 16.254, 14.253, 12.123, 11.462, 10.86, 8.805, 6.078, 0.0, 4.377, 5.563, 7.521, 11.222, 14.176, 15.368, 17.266, 24.497, 29.836, 31.111, 31.401, 32.705, 38.968, 43.637, 45.856, 46.73, 46.091, 45.118, 46.235, 48.565, 50.115, 52.801, 55.632, 56.049, 55.844, 58.21, 61.608, 62.621, 61.843, 61.419, 61.169, 61.135, 61.542, 62.216, 63.121, 63.459, 63.846, 66.404, 68.658, 68.188, 68.161], [59.613, 59.426, 58.09, 58.307, 58.923, 58.141, 58.223, 57.988, 56.656, 56.648, 56.724, 55.292, 54.184, 55.417, 56.267, 55.677, 54.67, 50.425, 43.689, 40.48, 40.448, 40.864, 40.68, 39.607, 38.54, 36.363, 35.25, 34.275, 32.369, 28.544, 26.44, 25.885, 23.769, 22.03, 20.448, 19.79, 18.965, 17.508, 15.783, 13.963, 13.628, 13.108, 11.303, 9.372, 4.377, 0.0, 2.651, 5.496, 9.743, 12.871, 14.043, 15.801, 22.97, 28.314, 29.574, 29.932, 31.317, 37.602, 42.289, 44.504, 45.383, 44.712, 43.766, 44.919, 47.268, 48.866, 51.613, 54.583, 55.113, 54.947, 57.358, 60.786, 61.812, 61.019, 60.579, 60.342, 60.343, 60.717, 61.534, 62.62, 62.955, 63.356, 65.94, 68.186, 67.696, 67.655], [60.074, 59.89, 58.565, 58.805, 59.395, 58.577, 58.655, 58.417, 57.089, 57.083, 57.158, 55.716, 54.646, 55.918, 56.752, 56.175, 55.142, 50.815, 43.993, 40.736, 40.704, 41.145, 40.938, 39.84, 38.811, 36.753, 35.715, 34.789, 32.931, 29.06, 26.835, 26.232, 24.127, 22.496, 21.111, 20.57, 19.619, 17.832, 15.98, 14.359, 14.137, 13.622, 11.877, 9.988, 5.563, 2.651, 0.0, 4.355, 9.319, 12.509, 13.741, 15.86, 23.205, 28.513, 29.75, 30.1, 31.525, 37.854, 42.532, 44.728, 45.614, 44.938, 43.966, 45.136, 47.521, 49.147, 51.92, 54.93, 55.479, 55.32, 57.77, 61.227, 62.263, 61.481, 61.05, 60.818, 60.829, 61.231, 62.052, 63.155, 63.519, 63.926, 66.522, 68.764, 68.274, 68.235], [60.407, 60.258, 58.915, 59.196, 59.845, 59.035, 59.095, 58.851, 57.577, 57.589, 57.658, 56.211, 55.117, 56.473, 57.344, 56.781, 55.792, 51.528, 44.794, 41.527, 41.519, 41.942, 41.708, 40.563, 39.482, 37.389, 36.346, 35.468, 33.73, 29.974, 27.793, 27.213, 25.101, 23.436, 21.893, 21.26, 20.545, 18.924, 17.15, 15.628, 15.437, 14.915, 13.176, 11.474, 7.521, 5.496, 4.355, 0.0, 6.084, 9.911, 11.232, 13.521, 21.499, 27.112, 28.389, 28.769, 30.163, 36.577, 41.385, 43.629, 44.534, 43.882, 42.92, 44.09, 46.422, 47.997, 50.861, 54.062, 54.688, 54.539, 57.017, 60.493, 61.532, 60.791, 60.434, 60.237, 60.265, 60.664, 61.559, 62.683, 63.072, 63.679, 66.454, 68.752, 68.296, 68.321], [60.757, 60.567, 59.118, 59.376, 59.991, 59.145, 59.179, 58.898, 57.695, 57.787, 57.846, 56.404, 55.264, 56.65, 57.571, 57.025, 56.031, 51.748, 45.269, 42.208, 42.263, 42.751, 42.501, 41.412, 40.304, 38.116, 37.041, 36.236, 34.689, 31.064, 28.886, 28.297, 26.281, 24.698, 23.242, 22.792, 22.263, 20.619, 18.869, 17.761, 17.908, 17.292, 15.371, 13.954, 11.222, 9.743, 9.319, 6.084, 0.0, 4.545, 6.629, 10.002, 18.718, 24.427, 25.739, 26.117, 27.43, 33.903, 38.823, 41.053, 41.969, 41.384, 40.431, 41.696, 44.089, 45.704, 48.822, 52.339, 52.965, 52.807, 55.424, 59.024, 60.144, 59.554, 59.343, 59.177, 59.22, 59.556, 60.404, 61.545, 61.932, 62.842, 66.074, 68.584, 68.196, 68.244], [61.019, 60.782, 59.278, 59.522, 60.049, 59.137, 59.16, 58.832, 57.653, 57.809, 57.869, 56.412, 55.244, 56.648, 57.588, 57.111, 56.159, 51.823, 45.536, 42.645, 42.723, 43.294, 43.041, 42.039, 41.01, 38.881, 37.844, 37.108, 35.654, 32.135, 29.974, 29.356, 27.483, 26.092, 24.925, 24.764, 24.197, 22.311, 20.559, 19.853, 20.239, 19.598, 17.731, 16.446, 14.176, 12.871, 12.509, 9.911, 4.545, 0.0, 3.186, 8.354, 17.228, 22.794, 24.135, 24.513, 25.79, 32.243, 37.15, 39.321, 40.247, 39.733, 38.805, 40.13, 42.588, 44.294, 47.592, 51.32, 51.922, 51.743, 54.55, 58.315, 59.524, 59.04, 58.897, 58.723, 58.768, 59.109, 59.967, 61.134, 61.51, 62.551, 66.087, 68.785, 68.443, 68.469], [60.882, 60.679, 59.188, 59.461, 60.041, 59.13, 59.136, 58.804, 57.63, 57.786, 57.862, 56.457, 55.305, 56.738, 57.717, 57.297, 56.533, 52.341, 46.14, 43.279, 43.329, 43.906, 43.681, 42.727, 41.766, 39.68, 38.675, 37.928, 36.411, 32.959, 30.905, 30.313, 28.444, 27.127, 25.947, 25.72, 25.158, 23.359, 21.665, 20.962, 21.271, 20.652, 18.947, 17.727, 15.368, 14.043, 13.741, 11.232, 6.629, 3.186, 0.0, 6.775, 16.263, 21.986, 23.396, 23.831, 25.123, 31.522, 36.413, 38.611, 39.541, 39.056, 38.187, 39.482, 41.834, 43.496, 46.77, 50.508, 51.157, 50.966, 53.836, 57.714, 58.99, 58.561, 58.457, 58.309, 58.385, 58.714, 59.6, 60.786, 61.148, 62.203, 65.771, 68.519, 68.222, 68.289], [58.62, 58.459, 57.041, 57.464, 58.419, 57.778, 57.796, 57.44, 56.331, 56.473, 56.534, 55.207, 54.12, 55.65, 56.75, 56.293, 55.793, 52.46, 47.107, 44.592, 44.647, 45.044, 44.887, 43.938, 42.799, 40.251, 39.08, 38.221, 36.488, 33.609, 32.247, 31.787, 29.677, 27.946, 26.339, 26.325, 26.615, 25.775, 24.495, 23.393, 23.282, 22.785, 21.19, 20.029, 17.266, 15.801, 15.86, 13.521, 10.002, 8.354, 6.775, 0.0, 11.082, 17.889, 19.504, 20.065, 21.385, 28.209, 33.646, 36.486, 37.516, 36.929, 36.218, 37.409, 39.621, 41.241, 44.331, 47.82, 48.648, 48.55, 51.184, 55.021, 56.382, 55.928, 55.704, 55.475, 55.519, 55.82, 56.911, 58.256, 58.638, 59.706, 63.226, 65.956, 65.618, 65.684], [55.696, 55.362, 53.95, 54.492, 55.798, 55.541, 55.544, 55.06, 54.12, 54.296, 54.306, 52.977, 51.893, 53.515, 54.762, 54.303, 53.73, 51.262, 47.968, 46.665, 46.743, 47.048, 46.887, 46.243, 45.1, 42.07, 40.811, 40.09, 38.601, 36.833, 36.095, 35.626, 33.524, 31.631, 30.172, 30.781, 31.711, 31.556, 30.841, 29.807, 29.894, 29.53, 27.915, 27.056, 24.497, 22.97, 23.205, 21.499, 18.718, 17.228, 16.263, 11.082, 0.0, 8.079, 10.629, 11.828, 13.527, 20.52, 26.574, 30.452, 31.76, 31.16, 30.661, 31.965, 34.474, 36.4, 39.636, 43.273, 44.409, 44.54, 47.097, 50.861, 52.298, 51.828, 51.43, 51.042, 51.057, 51.472, 52.957, 54.562, 54.972, 56.223, 59.954, 62.74, 62.337, 62.328], [55.05, 54.551, 53.131, 53.677, 54.999, 54.896, 54.882, 54.332, 53.536, 53.77, 53.731, 52.327, 51.203, 52.821, 54.092, 53.646, 52.97, 50.682, 48.458, 48.031, 48.188, 48.517, 48.326, 47.789, 46.729, 43.696, 42.487, 41.898, 40.684, 39.471, 38.843, 38.262, 36.277, 34.774, 34.099, 35.291, 36.255, 36.012, 35.374, 34.503, 34.825, 34.459, 32.879, 32.208, 29.836, 28.314, 28.513, 27.112, 24.427, 22.794, 21.986, 17.889, 8.079, 0.0, 4.504, 7.147, 9.194, 15.937, 21.734, 25.954, 27.414, 26.8, 26.384, 27.904, 30.824, 33.086, 36.663, 40.517, 41.697, 41.993, 44.734, 48.522, 49.981, 49.558, 49.17, 48.768, 48.82, 49.35, 51.048, 52.783, 53.19, 54.589, 58.591, 61.494, 61.094, 61.031], [54.84, 54.325, 52.917, 53.471, 54.869, 54.884, 54.865, 54.262, 53.512, 53.774, 53.71, 52.282, 51.154, 52.792, 54.083, 53.633, 52.964, 50.722, 48.674, 48.433, 48.661, 49.008, 48.828, 48.272, 47.113, 43.969, 42.744, 42.133, 40.864, 39.789, 39.337, 38.777, 36.81, 35.338, 34.811, 36.278, 37.438, 37.243, 36.571, 35.65, 35.978, 35.623, 34.031, 33.415, 31.111, 29.574, 29.75, 28.389, 25.739, 24.135, 23.396, 19.504, 10.629, 4.504, 0.0, 3.846, 6.697, 13.902, 20.272, 25.047, 26.573, 25.803, 25.378, 26.803, 29.586, 31.83, 35.469, 39.475, 40.737, 41.065, 43.822, 47.605, 49.108, 48.724, 48.369, 47.975, 48.007, 48.493, 50.192, 51.978, 52.425, 53.87, 57.907, 60.827, 60.434, 60.384], [54.666, 54.143, 52.719, 53.284, 54.738, 54.807, 54.754, 54.092, 53.359, 53.65, 53.599, 52.163, 51.04, 52.69, 53.952, 53.486, 52.817, 50.57, 48.543, 48.329, 48.582, 48.98, 48.821, 48.234, 47.038, 43.852, 42.639, 41.998, 40.689, 39.689, 39.357, 38.858, 36.916, 35.426, 34.877, 36.401, 37.694, 37.553, 36.873, 35.922, 36.223, 35.885, 34.278, 33.644, 31.401, 29.932, 30.1, 28.769, 26.117, 24.513, 23.831, 20.065, 11.828, 7.147, 3.846, 0.0, 4.664, 13.121, 20.014, 25.117, 26.645, 25.817, 25.387, 26.736, 29.461, 31.667, 35.257, 39.219, 40.507, 40.841, 43.528, 47.246, 48.752, 48.346, 47.941, 47.508, 47.523, 48.025, 49.715, 51.493, 51.974, 53.423, 57.479, 60.406, 60.004, 59.957], [54.417, 53.869, 52.4, 52.951, 54.368, 54.467, 54.436, 53.722, 53.063, 53.436, 53.379, 51.938, 50.801, 52.43, 53.658, 53.161, 52.509, 50.426, 48.611, 48.481, 48.749, 49.178, 49.138, 48.672, 47.468, 44.186, 42.897, 42.232, 40.952, 40.247, 40.198, 39.771, 37.853, 36.352, 35.833, 37.411, 38.793, 38.715, 38.081, 37.162, 37.452, 37.14, 35.549, 34.902, 32.705, 31.317, 31.525, 30.163, 27.43, 25.79, 25.123, 21.385, 13.527, 9.194, 6.697, 4.664, 0.0, 10.24, 17.831, 23.309, 24.946, 24.112, 23.769, 25.001, 27.524, 29.548, 33.221, 37.387, 38.641, 38.969, 41.751, 45.498, 46.996, 46.591, 46.212, 45.79, 45.813, 46.346, 48.112, 49.954, 50.502, 52.114, 56.423, 59.508, 59.12, 59.055], [55.142, 54.468, 52.854, 53.387, 54.916, 55.139, 54.97, 54.173, 53.7, 54.123, 54.016, 52.707, 51.611, 53.235, 54.554, 54.097, 53.477, 51.901, 51.246, 51.744, 51.999, 52.42, 52.523, 52.744, 51.817, 48.295, 46.979, 46.429, 45.292, 45.045, 45.361, 45.005, 43.26, 41.763, 41.197, 42.703, 44.002, 44.145, 43.694, 42.886, 43.379, 43.113, 41.492, 40.923, 38.968, 37.602, 37.854, 36.577, 33.903, 32.243, 31.522, 28.209, 20.52, 15.937, 13.902, 13.121, 10.24, 0.0, 10.115, 18.126, 20.218, 19.476, 19.511, 20.583, 22.596, 24.336, 28.158, 33.303, 34.86, 35.238, 38.309, 42.089, 43.681, 43.59, 43.449, 43.093, 43.141, 43.559, 45.256, 47.153, 47.781, 49.83, 54.565, 57.852, 57.564, 57.51], [55.848, 55.135, 53.51, 54.006, 55.431, 55.608, 55.348, 54.605, 54.229, 54.632, 54.524, 53.259, 52.226, 53.823, 55.151, 54.74, 54.068, 52.61, 52.551, 53.502, 53.751, 54.19, 54.298, 54.697, 54.234, 51.211, 50.02, 49.613, 48.76, 48.643, 48.765, 48.325, 46.93, 45.916, 45.714, 47.142, 48.081, 48.115, 47.741, 47.123, 47.763, 47.474, 46.011, 45.552, 43.637, 42.289, 42.532, 41.385, 38.823, 37.15, 36.413, 33.646, 26.574, 21.734, 20.272, 20.014, 17.831, 10.115, 0.0, 10.029, 13.055, 12.815, 13.441, 14.81, 17.403, 19.842, 24.538, 30.361, 31.895, 32.48, 35.983, 39.72, 41.244, 41.306, 41.363, 41.181, 41.376, 41.958, 43.801, 45.768, 46.439, 48.757, 53.849, 57.275, 57.035, 56.981], [56.767, 56.091, 54.471, 54.87, 55.984, 55.98, 55.714, 55.036, 54.648, 55.034, 54.946, 53.755, 52.784, 54.302, 55.602, 55.219, 54.499, 52.798, 52.648, 53.634, 53.857, 54.337, 54.407, 54.69, 54.451, 52.186, 51.237, 50.863, 50