[[0.0, 4.494, 7.394, 12.555, 16.327, 18.076, 18.872, 20.831, 25.196, 31.52, 33.402, 32.741, 33.725, 34.648, 34.008, 33.988, 36.893, 39.757, 40.186, 40.17, 40.397, 40.522, 39.809, 40.811, 43.404, 45.122, 48.671, 51.896, 51.845, 52.14, 52.817, 53.814, 53.725, 52.922, 52.949, 53.554, 53.49, 53.315, 52.763, 52.293, 52.485, 53.129, 53.933, 54.314, 54.869, 55.983, 57.047, 57.143, 57.709, 60.1, 63.214, 64.531, 64.801, 64.788, 65.16, 65.123, 64.612, 62.558, 61.17, 61.339, 61.265, 61.221, 61.432, 61.59, 61.414, 61.08, 60.782, 59.36, 57.73, 57.963, 59.106, 60.595, 63.92, 65.371, 65.08, 64.482, 63.778, 64.259, 64.433, 64.455, 64.193, 64.057, 63.733, 64.026, 63.847, 63.914], [4.494, 0.0, 4.96, 11.328, 15.744, 17.907, 18.693, 20.708, 24.859, 30.846, 32.416, 31.536, 32.516, 33.37, 32.527, 32.438, 35.358, 38.222, 38.677, 38.672, 38.938, 39.054, 38.368, 39.367, 42.003, 43.592, 46.964, 50.226, 50.194, 50.431, 51.054, 52.058, 52.133, 51.434, 51.483, 52.258, 52.148, 52.011, 51.551, 51.066, 51.257, 51.869, 52.705, 53.187, 53.844, 55.024, 56.123, 56.255, 56.92, 59.346, 62.498, 63.872, 64.155, 64.137, 64.506, 64.485, 63.985, 61.982, 60.597, 60.746, 60.686, 60.637, 60.827, 60.979, 60.806, 60.477, 60.179, 58.708, 57.042, 57.355, 58.54, 60.089, 63.426, 64.854, 64.545, 63.879, 63.148, 63.625, 63.798, 63.784, 63.477, 63.316, 62.986, 63.286, 63.076, 63.145], [7.394, 4.96, 0.0, 7.55, 13.219, 15.735, 16.535, 18.761, 22.971, 28.792, 30.216, 29.412, 30.625, 31.593, 30.83, 31.069, 34.251, 37.15, 37.693, 37.794, 38.115, 38.178, 37.618, 38.866, 41.499, 42.884, 45.844, 48.887, 48.856, 49.126, 49.668, 50.53, 50.405, 49.585, 49.638, 50.407, 50.393, 50.312, 49.899, 49.438, 49.626, 50.23, 51.018, 51.497, 52.207, 53.474, 54.612, 54.785, 55.478, 57.887, 61.009, 62.42, 62.709, 62.677, 63.028, 63.008, 62.527, 60.541, 59.16, 59.263, 59.159, 59.14, 59.328, 59.443, 59.279, 58.971, 58.723, 57.289, 55.67, 55.952, 57.012, 58.506, 61.78, 63.158, 62.821, 62.222, 61.611, 62.122, 62.259, 62.229, 61.923, 61.749, 61.468, 61.77, 61.516, 61.587], [12.555, 11.328, 7.55, 0.0, 7.75, 11.218, 12.044, 14.377, 19.117, 25.656, 27.246, 26.414, 27.777, 28.887, 28.465, 29.413, 33.051, 36.071, 36.695, 36.885, 37.265, 37.294, 36.811, 38.334, 41.036, 42.413, 44.938, 47.544, 47.519, 47.939, 48.539, 49.313, 49.007, 48.021, 48.079, 48.796, 48.864, 48.938, 48.596, 48.156, 48.337, 49.021, 49.767, 50.147, 50.794, 52.141, 53.321, 53.511, 54.136, 56.409, 59.394, 60.787, 61.075, 61.066, 61.415, 61.382, 60.903, 58.886, 57.544, 57.603, 57.457, 57.509, 57.705, 57.77, 57.608, 57.331, 57.113, 55.754, 54.289, 54.582, 55.494, 56.836, 59.958, 61.284, 60.948, 60.475, 60.07, 60.646, 60.799, 60.787, 60.516, 60.351, 60.196, 60.598, 60.322, 60.415], [16.327, 15.744, 13.219, 7.75, 0.0, 5.487, 7.204, 9.12, 15.738, 24.213, 26.444, 25.694, 26.887, 28.162, 28.417, 29.638, 32.959, 35.799, 36.382, 36.579, 36.959, 37.037, 36.619, 38.372, 41.1, 42.806, 45.982, 48.681, 48.63, 49.031, 49.714, 50.661, 50.455, 49.289, 48.998, 49.542, 49.673, 49.582, 49.234, 48.906, 49.089, 49.789, 50.364, 50.501, 50.915, 52.121, 53.284, 53.429, 53.863, 56.199, 59.454, 61.022, 61.347, 61.402, 61.777, 61.73, 61.234, 59.17, 57.831, 57.808, 57.647, 57.756, 57.955, 58.09, 57.994, 57.728, 57.478, 56.338, 55.396, 55.835, 56.705, 57.899, 60.96, 62.353, 62.131, 61.975, 61.697, 62.292, 62.498, 62.576, 62.405, 62.274, 62.232, 62.883, 62.749, 62.904], [18.076, 17.907, 15.735, 11.218, 5.487, 0.0, 3.565, 6.5, 13.002, 22.037, 24.899, 24.734, 26.038, 27.365, 28.124, 29.665, 32.562, 35.02, 35.561, 35.808, 36.18, 36.318, 36.018, 37.924, 40.566, 42.391, 46.071, 49.055, 49.044, 49.447, 50.229, 51.33, 51.19, 49.886, 49.362, 49.733, 49.981, 49.868, 49.534, 49.461, 49.728, 50.37, 50.81, 50.767, 50.938, 51.831, 52.889, 52.988, 53.205, 55.55, 59.166, 60.998, 61.394, 61.477, 61.865, 61.82, 61.355, 59.343, 58.013, 57.935, 57.737, 57.853, 58.061, 58.193, 58.098, 57.826, 57.567, 56.562, 55.953, 56.494, 57.321, 58.441, 61.463, 62.877, 62.648, 62.601, 62.45, 63.133, 63.372, 63.481, 63.354, 63.233, 63.23, 63.934, 63.821, 63.989], [18.872, 18.693, 16.535, 12.044, 7.204, 3.565, 0.0, 5.076, 12.463, 21.694, 24.578, 24.427, 25.825, 27.21, 27.936, 29.505, 32.396, 34.8, 35.349, 35.606, 35.973, 36.127, 35.839, 37.78, 40.446, 42.249, 45.948, 48.969, 48.981, 49.448, 50.283, 51.395, 51.257, 49.965, 49.404, 49.739, 50.013, 49.928, 49.59, 49.571, 49.923, 50.584, 50.956, 50.871, 51.06, 51.968, 53.038, 53.131, 53.354, 55.702, 59.369, 61.269, 61.682, 61.766, 62.16, 62.115, 61.669, 59.659, 58.313, 58.236, 58.002, 58.082, 58.256, 58.306, 58.156, 57.878, 57.633, 56.599, 55.995, 56.572, 57.348, 58.454, 61.466, 62.875, 62.614, 62.555, 62.501, 63.231, 63.455, 63.548, 63.424, 63.299, 63.323, 64.031, 63.894, 64.049], [20.831, 20.708, 18.761, 14.377, 9.12, 6.5, 5.076, 0.0, 9.787, 20.618, 23.844, 23.528, 24.774, 26.192, 27.143, 28.88, 31.808, 34.226, 34.749, 34.972, 35.302, 35.41, 35.118, 37.128, 39.801, 41.741, 45.564, 48.55, 48.571, 49.115, 50.029, 51.16, 51.043, 49.692, 49.097, 49.422, 49.712, 49.609, 49.261, 49.259, 49.569, 50.336, 50.806, 50.719, 50.855, 51.742, 52.845, 52.927, 53.091, 55.451, 59.181, 61.128, 61.547, 61.645, 62.022, 61.976, 61.555, 59.594, 58.32, 58.233, 58.006, 58.093, 58.262, 58.333, 58.193, 57.917, 57.671, 56.703, 56.275, 56.903, 57.67, 58.748, 61.727, 63.134, 62.892, 62.913, 62.861, 63.547, 63.802, 63.945, 63.827, 63.705, 63.73, 64.514, 64.439, 64.66], [25.196, 24.859, 22.971, 19.117, 15.738, 13.002, 12.463, 9.787, 0.0, 12.347, 17.249, 18.755, 21.144, 22.599, 23.851, 26.447, 29.454, 31.429, 31.866, 32.177, 32.469, 32.482, 32.389, 34.44, 36.581, 38.27, 42.263, 45.589, 45.762, 46.464, 47.643, 48.845, 48.8, 47.255, 46.547, 46.873, 47.222, 47.285, 47.159, 47.53, 47.861, 48.672, 49.404, 49.406, 49.227, 49.49, 50.227, 50.245, 50.297, 52.595, 56.536, 58.689, 59.194, 59.296, 59.602, 59.539, 59.224, 57.648, 56.634, 56.501, 56.375, 56.599, 56.91, 57.013, 56.824, 56.541, 56.307, 55.5, 55.417, 56.125, 56.985, 58.057, 60.877, 62.186, 61.848, 61.841, 61.738, 62.445, 62.862, 63.13, 62.999, 62.888, 62.932, 63.8, 63.799, 64.171], [31.52, 30.846, 28.792, 25.656, 24.213, 22.037, 21.694, 20.618, 12.347, 0.0, 7.871, 14.345, 19.129, 20.531, 21.719, 25.286, 28.201, 29.284, 29.644, 30.222, 30.567, 30.493, 30.866, 32.982, 34.349, 35.375, 39.035, 42.517, 42.867, 43.683, 44.981, 46.081, 46.12, 44.556, 43.728, 44.052, 44.475, 44.747, 44.984, 45.752, 46.137, 46.808, 47.601, 47.794, 47.538, 47.268, 47.538, 47.54, 47.572, 49.602, 53.585, 55.98, 56.568, 56.638, 56.853, 56.748, 56.521, 55.478, 54.791, 54.541, 54.489, 54.878, 55.289, 55.369, 55.093, 54.83, 54.683, 54.176, 54.626, 55.452, 56.365, 57.369, 59.958, 61.153, 60.77, 60.779, 60.62, 61.33, 61.831, 62.207, 62.103, 61.989, 62.041, 62.897, 62.909, 63.404], [33.402, 32.416, 30.216, 27.246, 26.444, 24.899, 24.578, 23.844, 17.249, 7.871, 0.0, 8.955, 15.113, 16.478, 17.647, 21.997, 24.885, 25.683, 26.173, 26.992, 27.484, 27.364, 27.895, 30.219, 31.813, 32.76, 35.945, 39.199, 39.516, 40.326, 41.532, 42.512, 42.753, 41.556, 40.871, 41.37, 41.809, 42.193, 42.532, 43.258, 43.64, 44.316, 45.138, 45.534, 45.788, 46.075, 46.568, 46.687, 46.751, 48.535, 52.433, 54.935, 55.516, 55.531, 55.714, 55.613, 55.373, 54.392, 53.768, 53.423, 53.186, 53.476, 53.832, 53.905, 53.625, 53.395, 53.312, 52.939, 53.613, 54.53, 55.388, 56.378, 58.979, 60.185, 59.848, 59.839, 59.661, 60.346, 60.719, 61.021, 60.912, 60.739, 60.713, 61.435, 61.338, 61.773], [32.741, 31.536, 29.412, 26.414, 25.694, 24.734, 24.427, 23.528, 18.755, 14.345, 8.955, 0.0, 7.382, 9.567, 11.351, 16.835, 20.158, 21.439, 22.19, 23.078, 23.666, 23.484, 23.851, 26.349, 28.626, 29.894, 32.879, 35.948, 36.132, 36.934, 38.111, 39.137, 39.633, 38.886, 38.574, 39.354, 39.75, 40.215, 40.483, 40.954, 41.335, 42.231, 43.228, 43.74, 44.522, 45.834, 46.994, 47.166, 47.155, 48.762, 52.489, 54.963, 55.509, 55.494, 55.699, 55.664, 55.401, 54.21, 53.504, 53.179, 52.669, 52.629, 52.849, 52.939, 52.712, 52.499, 52.411, 51.938, 52.464, 53.449, 54.278, 55.369, 58.104, 59.334, 58.999, 58.873, 58.75, 59.469, 59.719, 59.851, 59.645, 59.401, 59.297, 59.949, 59.753, 60.031], [33.725, 32.516, 30.625, 27.777, 26.887, 26.038, 25.825, 24.774, 21.144, 19.129, 15.113, 7.382, 0.0, 4.234, 9.151, 15.69, 18.949, 20.352, 21.219, 22.052, 22.627, 22.417, 22.712, 25.437, 28.112, 29.471, 32.109, 34.823, 34.958, 35.709, 36.779, 37.904, 38.574, 38.055, 37.966, 38.768, 39.16, 39.676, 39.907, 40.277, 40.651, 41.629, 42.683, 43.193, 44.113, 46.023, 47.805, 48.026, 47.723, 48.988, 52.529, 55.007, 55.537, 55.528, 55.762, 55.79, 55.538, 54.257, 53.595, 53.306, 52.578, 52.275, 52.344, 52.478, 52.371, 52.201, 52.09, 51.504, 52.047, 53.161, 53.902, 54.979, 57.71, 58.917, 58.594, 58.501, 58.5, 59.281, 59.473, 59.499, 59.25, 58.98, 58.874, 59.546, 59.308, 59.494], [34.648, 33.37, 31.593, 28.887, 28.162, 27.365, 27.21, 26.192, 22.599, 20.531, 16.478, 9.567, 4.234, 0.0, 7.393, 14.97, 18.354, 19.807, 20.774, 21.651, 22.248, 22.02, 22.305, 25.119, 27.925, 29.274, 31.718, 34.312, 34.467, 35.161, 36.187, 37.343, 38.267, 37.971, 37.895, 38.688, 39.031, 39.621, 39.891, 40.252, 40.584, 41.537, 42.657, 43.234, 44.185, 46.12, 47.984, 48.311, 47.958, 49.027, 52.474, 54.97, 55.512, 55.51, 55.76, 55.836, 55.605, 54.362, 53.798, 53.532, 52.756, 52.377, 52.386, 52.545, 52.485, 52.34, 52.205, 51.571, 52.216, 53.456, 54.194, 55.261, 57.953, 59.158, 58.83, 58.716, 58.726, 59.519, 59.714, 59.734, 59.47, 59.184, 59.065, 59.716, 59.436, 59.597], [34.008, 32.527, 30.83, 28.465, 28.417, 28.124, 27.936, 27.143, 23.851, 21.719, 17.647, 11.351, 9.151, 7.393, 0.0, 8.982, 14.423, 17.068, 18.31, 19.264, 19.896, 19.658, 19.833, 22.557, 25.376, 26.606, 29.356, 32.455, 32.655, 33.344, 34.513, 35.93, 37.141, 37.011, 36.773, 37.64, 37.83, 38.393, 38.605, 38.844, 39.213, 40.154, 41.361, 42.059, 43.187, 45.332, 47.176, 47.57, 47.812, 49.412, 52.935, 55.367, 55.902, 55.888, 56.177, 56.284, 56.06, 54.853, 54.248, 54.01, 53.355, 52.972, 52.944, 53.045, 52.893, 52.694, 52.501, 51.865, 52.52, 53.824, 54.717, 55.921, 58.716, 59.978, 59.612, 59.35, 59.296, 60.08, 60.303, 60.309, 59.996, 59.695, 59.543, 60.116, 59.79, 59.921], [33.988, 32.438, 31.069, 29.413, 29.638, 29.665, 29.505, 28.88, 26.447, 25.286, 21.997, 16.835, 15.69, 14.97, 8.982, 0.0, 8.383, 13.218, 14.719, 15.581, 16.157, 16.013, 16.008, 18.493, 21.391, 23.165, 27.364, 31.395, 31.592, 32.299, 33.779, 35.742, 37.314, 37.161, 36.543, 37.416, 37.472, 37.768, 37.748, 37.816, 38.238, 39.2, 40.443, 41.187, 42.474, 44.89, 46.906, 47.3, 48.095, 50.848, 55.037, 57.504, 58.022, 58.01, 58.382, 58.531, 58.294, 57.145, 56.454, 56.207, 55.742, 55.399, 55.32, 55.365, 55.123, 54.842, 54.562, 54.014, 54.735, 56.121, 57.251, 58.647, 61.645, 63.017, 62.628, 62.217, 62.041, 62.79, 63.064, 63.044, 62.652, 62.344, 62.103, 62.589, 62.245, 62.298], [36.893, 35.358, 34.251, 33.051, 32.959, 32.562, 32.396, 31.808, 29.454, 28.201, 24.885, 20.158, 18.949, 18.354, 14.423, 8.383, 0.0, 6.239, 8.487, 9.578, 10.195, 10.328, 10.707, 13.708, 16.825, 19.623, 25.6, 30.337, 30.483, 31.198, 33.088, 35.675, 37.898, 37.862, 36.761, 37.577, 37.73, 37.845, 37.798, 38.092, 38.578, 39.437, 40.556, 41.254, 42.573, 44.889, 46.962, 47.366, 47.936, 51.095, 56.312, 59.253, 59.831, 59.831, 60.249, 60.44, 60.205, 59.185, 58.53, 58.206, 57.71, 57.292, 57.146, 57.17, 56.9, 56.584, 56.251, 55.881, 56.956, 58.54, 59.795, 61.243, 64.313, 65.745, 65.372, 64.972, 64.785, 65.523, 65.836, 65.824, 65.38, 65.028, 64.709, 65.18, 64.815, 64.804], [39.757, 38.222, 37.15, 36.071, 35.799, 35.02, 34.8, 34.226, 31.429, 29.284, 25.683, 21.439, 20.352, 19.807, 17.068, 13.218, 6.239, 0.0, 3.57, 5.627, 6.558, 6.984, 8.382, 12.191, 14.806, 17.411, 24.045, 29.165, 29.33, 30.01, 32.116, 35.087, 37.885, 37.988, 36.525, 37.252, 37.523, 37.567, 37.682, 38.383, 38.98, 39.748, 40.714, 41.327, 42.562, 44.623, 46.595, 46.993, 47.31, 50.3, 56.025, 59.435, 60.12, 60.131, 60.529, 60.718, 60.505, 59.608, 59.025, 58.644, 58.117, 57.685, 57.525, 57.545, 57.254, 56.935, 56.583, 56.37, 57.799, 59.533, 60.839, 62.255, 65.282, 66.708, 66.36, 66.038, 65.897, 66.661, 67.026, 67.056, 66.62, 66.262, 65.939, 66.433, 66.09, 66.098], [40.186, 38.677, 37.693, 36.695, 36.382, 35.561, 35.349, 34.749, 31.866, 29.644, 26.173, 22.19, 21.219, 20.774, 18.31, 14.719, 8.487, 3.57, 0.0, 2.671, 4.055, 4.799, 6.628, 10.717, 13.168, 16.132, 23.386, 28.744, 28.911, 29.598, 31.785, 34.905, 37.994, 38.265, 36.827, 37.572, 37.834, 37.838, 37.983, 38.756, 39.382, 40.189, 41.197, 41.833, 43.053, 44.995, 46.886, 47.262, 47.573, 50.528, 56.275, 59.784, 60.538, 60.564, 60.959, 61.143, 60.935, 60.07, 59.518, 59.162, 58.701, 58.285, 58.105, 58.12, 57.821, 57.504, 57.145, 56.945, 58.342, 60.062, 61.459, 62.903, 65.927, 67.371, 67.033, 66.681, 66.492, 67.227, 67.629, 67.692, 67.266, 66.945, 66.615, 67.119, 66.832, 66.856], [40.17, 38.672, 37.794, 36.885, 36.579, 35.808, 35.606, 34.972, 32.177, 30.222, 26.992, 23.078, 22.052, 21.651, 19.264, 15.581, 9.578, 5.627, 2.671, 0.0, 1.97, 3.315, 5.147, 9.289, 11.96, 15.642, 23.309, 28.733, 28.926, 29.693, 31.975, 35.194, 38.424, 38.852, 37.561, 38.375, 38.592, 38.581, 38.7, 39.43, 40.056, 40.899, 41.999, 42.688, 43.911, 45.812, 47.655, 48.015, 48.325, 51.22, 56.889, 60.353, 61.117, 61.159, 61.561, 61.748, 61.531, 60.68, 60.158, 59.842, 59.434, 59.005, 58.798, 58.812, 58.511, 58.191, 57.82, 57.561, 58.821, 60.493, 61.974, 63.461, 66.494, 67.955, 67.627, 67.224, 66.963, 67.661, 68.087, 68.164, 67.722, 67.418, 67.076, 67.598, 67.355, 67.388], [40.397, 38.938, 38.115, 37.265, 36.959, 36.18, 35.973, 35.302, 32.469, 30.567, 27.484, 23.666, 22.627, 22.248, 19.896, 16.157, 10.195, 6.558, 4.055, 1.97, 0.0, 2.177, 4.333, 8.386, 11.038, 15.042, 22.975, 28.483, 28.699, 29.548, 31.958, 35.273, 38.584, 39.082, 37.823, 38.63, 38.833, 38.811, 38.921, 39.65, 40.291, 41.175, 42.338, 43.029, 44.185, 46.002, 47.789, 48.121, 48.404, 51.286, 56.972, 60.434, 61.196, 61.249, 61.666, 61.859, 61.639, 60.843, 60.369, 60.068, 59.682, 59.23, 59.008, 59.032, 58.723, 58.389, 57.998, 57.721, 58.987, 60.674, 62.208, 63.704, 66.743, 68.234, 67.919, 67.509, 67.218, 67.914, 68.384, 68.491, 68.05, 67.753, 67.42, 67.988, 67.777, 67.814], [40.522, 39.054, 38.178, 37.294, 37.037, 36.318, 36.127, 35.41, 32.482, 30.493, 27.364, 23.484, 22.417, 22.02, 19.658, 16.013, 10.328, 6.984, 4.799, 3.315, 2.177, 0.0, 3.467, 8.199, 10.763, 14.57, 22.438, 27.916, 28.078, 28.938, 31.371, 34.683, 38.026, 38.565, 37.345, 38.194, 38.4, 38.386, 38.508, 39.232, 39.859, 40.786, 42.034, 42.768, 43.95, 45.792, 47.563, 47.882, 48.14, 50.97, 56.606, 60.059, 60.825, 60.877, 61.283, 61.496, 61.284, 60.512, 60.104, 59.825, 59.438, 58.969, 58.749, 58.809, 58.528, 58.207, 57.827, 57.558, 58.842, 60.537, 62.06, 63.529, 66.534, 68.016, 67.71, 67.315, 67.017, 67.705, 68.168, 68.28, 67.846, 67.556, 67.244, 67.85, 67.652, 67.685], [39.809, 38.368, 37.618, 36.811, 36.619, 36.018, 35.839, 35.118, 32.389, 30.866, 27.895, 23.851, 22.712, 22.305, 19.833, 16.008, 10.707, 8.382, 6.628, 5.147, 4.333, 3.467, 0.0, 5.931, 9.956, 14.604, 22.463, 27.81, 27.83, 28.691, 31.21, 34.569, 37.989, 38.709, 37.716, 38.648, 38.786, 38.768, 38.81, 39.414, 40.034, 41.062, 42.428, 43.242, 44.549, 46.529, 48.288, 48.563, 48.808, 51.538, 56.992, 60.318, 61.059, 61.118, 61.534, 61.742, 61.544, 60.704, 60.251, 60.043, 59.671, 59.188, 59.0, 59.057, 58.774, 58.456, 58.072, 57.676, 58.72, 60.362, 61.925, 63.44, 66.475, 67.978, 67.658, 67.179, 66.822, 67.474, 67.932, 68.03, 67.589, 67.319, 66.994, 67.576, 67.382, 67.4], [40.811, 39.367, 38.866, 38.334, 38.372, 37.924, 37.78, 37.128, 34.44, 32.982, 30.219, 26.349, 25.437, 25.119, 22.557, 18.493, 13.708, 12.191, 10.717, 9.289, 8.386, 8.199, 5.931, 0.0, 6.681, 13.584, 21.866, 27.453, 27.544, 28.569, 31.449, 34.944, 38.576, 39.705, 39.141, 40.232, 40.22, 40.279, 40.342, 40.79, 41.408, 42.619, 44.24, 45.215, 46.55, 48.434, 50.016, 50.183, 50.476, 53.161, 58.443, 61.603, 62.306, 62.353, 62.8, 62.999, 62.771, 62.065, 61.633, 61.484, 61.26, 60.791, 60.653, 60.677, 60.291, 59.912, 59.488, 58.937, 59.601, 61.219, 63.041, 64.707, 67.807, 69.367, 69.0, 68.261, 67.725, 68.322, 68.868, 68.984, 68.494, 68.25, 67.865, 68.409, 68.256, 68.271], [43.404, 42.003, 41.499, 41.036, 41.1, 40.566, 40.446, 39.801, 36.581, 34.349, 31.813, 28.626, 28.112, 27.925, 25.376, 21.391, 16.825, 14.806, 13.168, 11.96, 11.038, 10.763, 9.956, 6.681, 0.0, 9.211, 20.101, 27.027, 27.463, 28.546, 31.742, 35.489, 39.228, 40.203, 39.413, 40.477, 40.489, 40.547, 40.772, 41.453, 42.099, 43.297, 44.972, 45.907, 46.977, 48.475, 49.87, 49.978, 50.311, 53.183, 58.714, 62.013, 62.773, 62.826, 63.266, 63.512, 63.302, 62.854, 62.645, 62.497, 62.408, 61.957, 61.8, 61.847, 61.404, 60.965, 60.512, 60.13, 60.949, 62.627, 64.609, 66.298, 69.364, 70.896, 70.515, 69.749, 69.183, 69.798, 70.456, 70.62, 70.105, 69.876, 69.507, 70.113, 70.038, 70.094], [45.122, 43.592, 42.884, 42.413, 42.806, 42.391, 42.249, 41.741, 38.27, 35.375, 32.76, 29.894, 29.471, 29.274, 26.606, 23.165, 19.623, 17.411, 16.132, 15.642, 15.042, 14.57, 14.604, 13.584, 9.211, 0.0, 13.784, 22.759, 23.667, 24.605, 27.946, 31.943, 35.886, 36.795, 35.811, 36.961, 37.07, 37.285, 37.821, 38.788, 39.496, 40.581, 42.195, 43.108, 44.054, 45.54, 47.09, 47.231, 47.593, 50.431, 55.979, 59.364, 60.154, 60.198, 60.617, 60.92, 60.825, 60.565, 60.535, 60.416, 60.354, 59.908, 59.723, 59.793, 59.356, 58.891, 58.427, 58.115, 59.048, 60.774, 62.72, 64.386, 67.415, 68.887, 68.471, 67.714, 67.221, 67.905, 68.607, 68.78, 68.258, 68.019, 67.673, 68.284, 68.2, 68.301], [48.671, 46.964, 45.844, 44.938, 45.982, 46.071, 45.948, 45.564, 42.263, 39.035, 35.945, 32.879, 32.109, 31.718, 29.356, 27.364, 25.6, 24.045, 23.386, 23.309, 22.975, 22.438, 22.463, 21.866, 20.101, 13.784, 0.0, 10.715, 13.11, 14.734, 18.736, 23.039, 27.683, 29.707, 29.933, 31.538, 31.603, 32.528, 33.618, 34.545, 35.239, 36.493, 38.451, 39.629, 40.755, 42.73, 44.64, 44.859, 45.132, 47.036, 51.55, 54.555, 55.225, 55.225, 55.609, 55.935, 55.941, 55.998, 56.258, 56.209, 56.298, 56.076, 55.922, 55.897, 55.414, 54.972, 54.532, 53.978, 54.525, 56.223, 58.142, 59.817, 62.67, 64.032, 63.512, 62.56, 62.115, 62.828, 63.573, 63.718, 63.155, 62.908, 62.544, 63.066, 62.841, 62.942], [51.896, 50.226, 48.887, 47.544, 48.681, 49.055, 48.969, 48.55, 45.589, 42.517, 39.199, 35.948, 34.823, 34.312, 32.455, 31.395, 30.337, 29.165, 28.744, 28.733, 28.483, 27.916, 27.81, 27.453, 27.027, 22.759, 10.715, 0.0, 5.114, 9.208, 14.023, 18.176, 23.277, 26.477, 27.914, 29.704, 29.706, 31.04, 32.233, 32.874, 33.48, 34.923, 37.123, 38.495, 39.95, 42.484, 44.572, 44.792, 44.814, 45.801, 49.337, 51.962, 52.485, 52.446, 52.796, 53.069, 53.067, 53.27, 53.789, 53.77, 53.994, 54.161, 54.131, 54.027, 53.521, 53.135, 52.737, 52.074, 52.548, 54.259, 56.095, 57.69, 60.341, 61.645, 61.124, 60.203, 59.823, 60.486, 61.186, 61.313, 60.795, 60.576, 60.236, 60.743, 60.475, 60.592], [51.845, 50.194, 48.856, 47.519, 48.63, 49.044, 48.981, 48.571, 45.762, 42.867, 39.516, 36.132, 34.958, 34.467, 32.655, 31.592, 30.483, 29.33, 28.911, 28.926, 28.699, 28.078, 27.83, 27.544, 27.463, 23.667, 13.11, 5.114, 0.0, 6.184, 12.19, 16.543, 21.933, 25.417, 26.954, 28.841, 28.844, 30.128, 31.203, 31.728, 32.339, 33.864, 36.143, 37.663, 39.435, 42.253, 44.32, 44.488, 44.411, 45.326, 48.836, 51.47, 51.978, 51.893, 52.21, 52.455, 52.443, 52.532, 52.979, 52.981, 53.128, 53.326, 53.483, 53.49, 53.035, 52.675, 52.304, 51.624, 52.152, 53.922, 55.725, 57.301, 59.968, 61.315, 60.812, 59.968, 59.61, 60.231, 60.857, 60.961, 60.483, 60.284, 59.964, 60.482, 60.247, 60.358], [52.14, 50.431, 49.126, 47.939, 49.031, 49.447, 49.448, 49.115, 46.464, 43.683, 40.326, 36.934, 35.709, 35.161, 33.344, 32.299, 31.198, 30.01, 29.598, 29.693, 29.548, 28.938, 28.691, 28.569, 28.546, 24.605, 14.734, 9.208, 6.184, 0.0, 7.237, 12.979, 19.434, 23.414, 24.96, 26.965, 26.939, 28.179, 29.322, 29.869, 30.479, 31.846, 34.157, 35.792, 37.796, 40.964, 43.206, 43.433, 43.362, 44.283, 47.857, 50.57, 51.122, 51.039, 51.349, 51.693, 51.737, 51.74, 52.117, 52.08, 52.158, 52.244, 52.453, 52.766, 52.523, 52.222, 51.889, 51.247, 51.845, 53.629, 55.369, 56.939, 59.646, 61.01, 60.537, 59.794, 59.472, 60.082, 60.649, 60.708, 60.253, 60.061, 59.743, 60.25, 60.008, 60.123], [52.817, 51.054, 49.668, 48.539, 49.714, 50.229, 50.283, 50.029, 47.643, 44.981, 41.532, 38.111, 36.779, 36.187, 34.513, 33.779, 33.088, 32.116, 31.785, 31.975, 31.958, 31.371, 31.21, 31.449, 31.742, 27.946, 18.736, 14.023, 12.19, 7.237, 0.0, 7.413, 15.312, 20.236, 22.373, 24.598, 24.59, 25.991, 27.276, 27.668, 28.227, 29.272, 31.533, 33.34, 35.613, 39.264, 41.848, 42.258, 42.287, 43.07, 46.379, 49.067, 49.657, 49.619, 49.957, 50.438, 50.6, 50.526, 50.84, 50.725, 50.664, 50.598, 50.713, 51.288, 51.392, 51.325, 51.149, 50.534, 51.083, 52.722, 54.242, 55.756, 58.433, 59.776, 59.348, 58.794, 58.563, 59.145, 59.625, 59.641, 59.221, 59.017, 58.688, 59.154, 58.826, 58.926], [53.814, 52.058, 50.53, 49.313, 50.661, 51.33, 51.395, 51.16, 48.845, 46.081, 42.512, 39.137, 37.904, 37.343, 35.93, 35.742, 35.675, 35.087, 34.905, 35.194, 35.273, 34.683, 34.569, 34.944, 35.489, 31.943, 23.039, 18.176, 16.543, 12.979, 7.413, 0.0, 9.551, 16.244, 19.847, 22.53, 22.531, 24.396, 25.83, 25.853, 26.275, 27.282, 29.753, 31.93, 34.478, 38.314, 40.98, 41.532, 41.66, 42.142, 44.874, 47.369, 47.92, 47.837, 48.123, 48.647, 48.9, 48.872, 49.234, 49.079, 48.798, 48.618, 48.764, 49.434, 49.746, 49.991, 50.112, 49.465, 49.794, 51.241, 52.566, 54.039, 56.631, 57.935, 57.489, 57.022, 56.819, 57.3, 57.664, 57.673, 57.284, 57.059, 56.709, 57.129, 56.702, 56.803], [53.725, 52.133, 50.405, 49.007, 50.455, 51.19, 51.257, 51.043, 48.8, 46.12, 42.753, 39.633, 38.574, 38.267, 37.141, 37.314, 37.898, 37.885, 37.994, 38.424, 38.584, 38.026, 37.989, 38.576, 39.228, 35.886, 27.683, 23.277, 21.933, 19.434, 15.312, 9.551, 0.0, 8.986, 15.464, 18.744, 18.948, 21.247, 22.656, 22.332, 22.619, 23.727, 26.523, 29.046, 31.9, 36.098, 38.944, 39.613, 39.932, 40.532, 42.905, 45.035, 45.422, 45.222, 45.399, 45.88, 46.177, 46.14, 46.527, 46.309, 45.823, 45.747, 46.161, 46.962, 47.368, 47.775, 48.241, 47.715, 47.715, 48.715, 49.754, 51.187, 53.768, 55.02, 54.556, 54.222, 54.071, 54.443, 54.562, 54.518, 54.232, 54.042, 53.761, 54.172, 53.691, 53.867], [52.922, 51.434, 49.585, 48.021, 49.289, 49.886, 49.965, 49.692, 47.255, 44.556, 41.556, 38.886, 38.055, 37.971, 37.011, 37.161, 37.862, 37.988, 38.265, 38.852, 39.082, 38.565, 38.709, 39.705, 40.203, 36.795, 29.707, 26.477, 25.417, 23.414, 20.236, 16.244, 8.986, 0.0, 8.768, 12.868, 13.394, 15.955, 17.495, 17.569, 17.956, 19.161, 22.15, 24.593, 27.16, 31.349, 34.414, 35.175, 35.801, 37.366, 40.637, 43.053, 43.485, 43.265, 43.393, 43.811, 44.134, 44.1, 44.403, 43.99, 43.482, 43.69, 44.363, 45.256, 45.673, 46.043, 46.63, 46.679, 47.214, 48.069, 48.935, 50.35, 52.997, 54.153, 53.651, 53.492, 53.429, 53.857, 53.964, 53.96, 53.749, 53.58, 53.375, 53.832, 53.372, 53.626], [52.949, 51.483, 49.638, 48.079, 48.998, 49.362, 49.404, 49.097, 46.547, 43.728, 40.871, 38.574, 37.966, 37.895, 36.773, 36.543, 36.761, 36.525, 36.827, 37.561, 37.823, 37.345, 37.716, 39.141, 39.413, 35.811, 29.933, 27.914, 26.954, 24.96, 22.373, 19.847, 15.464, 8.768, 0.0, 5.454, 6.639, 9.418, 11.629, 12.683, 13.504, 14.741, 17.583, 19.604, 21.628, 25.713, 29.025, 29.914, 30.866, 33.537, 38.401, 41.776, 42.476, 42.319, 42.508, 42.97, 43.307, 43.274, 43.483, 42.819, 42.227, 42.505, 43.187, 44.082, 44.447, 44.756, 45.267, 46.019, 48.051, 49.475, 50.379, 51.771, 54.539, 55.761, 55.297, 55.311, 55.359, 55.95, 56.185, 56.252, 56.033, 55.811, 55.662, 56.198, 55.745, 55.992], [53.554, 52.258, 50.407, 48.796, 49.542, 49.733, 49.739, 49.422, 46.873, 44.052, 41.37, 39.354, 38.768, 38.688, 37.64, 37.416, 37.577, 37.252, 37.572, 38.375, 38.63, 38.194, 38.648, 40.232, 40.477, 36.961, 31.538, 29.704, 28.841, 26.965, 24.598, 22.53, 18.744, 12.868, 5.454, 0.0, 3.318, 6.415, 8.976, 10.787, 11.901, 13.31, 15.802, 17.202, 18.744, 22.971, 26.575, 27.559, 28.527, 31.44, 36.772, 40.53, 41.362, 41.251, 41.488, 41.991, 42.365, 42.346, 42.576, 41.806, 41.141, 41.437, 42.086, 42.968, 43.312, 43.623, 44.097, 45.097, 47.88, 49.625, 50.481, 51.814, 54.55, 55.789, 55.345, 55.489, 55.668, 56.362, 56.638, 56.76, 56.584, 56.345, 56.234, 56.81, 56.37, 56.623], [53.49, 52.148, 50.393, 48.864, 49.673, 49.981, 50.013, 49.712, 47.222, 44.475, 41.809, 39.75, 39.16, 39.031, 37.83, 37.472, 37.73, 37.523, 37.834, 38.592, 38.833, 38.4, 38.786, 40.22, 40.489, 37.07, 31.603, 29.706, 28.844, 26.939, 24.59, 22.531, 18.948, 13.394, 6.639, 3.318, 0.0, 4.714, 7.87, 9.751, 10.96, 12.882, 15.904, 17.364, 18.875, 23.171, 26.764, 27.754, 28.91, 31.888, 37.054, 40.661, 41.471, 41.35, 41.565, 42.049, 42.371, 42.362, 42.604, 41.862, 41.337, 41.724, 42.423, 43.324, 43.626, 43.91, 44.327, 45.254, 47.948, 49.749, 50.764, 52.19, 54.916, 56.116, 55.679, 55.708, 55.77, 56.466, 56.772, 56.887, 56.695, 56.461, 56.338, 56.922, 56.518, 56.803], [53.315, 52.011, 50.312, 48.938, 49.582, 49.868, 49.928, 49.609, 47.285, 44.747, 42.193, 40.215, 39.676, 39.621, 38.393, 37.768, 37.845, 37.567, 37.838, 38.581, 38.811, 38.386, 38.768, 40.279, 40.547, 37.285, 32.528, 31.04, 30.128, 28.179, 25.991, 24.396, 21.247, 15.955, 9.418, 6.415, 4.714, 0.0, 4.414, 7.663, 9.248, 11.514, 14.567, 15.834, 17.526, 22.236, 25.972, 26.992, 28.293, 31.763, 37.338, 41.099, 41.936, 41.826, 42.04, 42.505, 42.769, 42.626, 42.8, 42.04, 41.618, 42.112, 42.836, 43.834, 44.147, 44.371, 44.726, 45.848, 48.857, 50.67, 51.765, 53.274, 56.09, 57.286, 56.959, 57.145, 57.151, 57.84, 58.124, 58.247, 58.083, 57.863, 57.818, 58.531, 58.279, 58.65], [52.763, 51.551, 49.899, 48.596, 49.234, 49.534, 49.59, 49.261, 47.159, 44.984, 42.532, 40.483, 39.907, 39.891, 38.605, 37.748, 37.798, 37.682, 37.983, 38.7, 38.921, 38.508, 38.81, 40.342, 40.772, 37.821, 33.618, 32.233, 31.203, 29.322, 27.276, 25.83, 22.656, 17.495, 11.629, 8.976, 7.87, 4.414, 0.0, 4.946, 7.137, 9.759, 13.092, 14.379, 16.58, 21.948, 25.937, 26.999, 28.448, 32.33, 38.079, 41.802, 42.616, 42.504, 42.752, 43.21, 43.438, 43.086, 43.123, 42.386, 41.923, 42.367, 43.033, 44.014, 44.328, 44.514, 44.846, 46.023, 49.114, 50.893, 51.978, 53.55, 56.556, 57.811, 57.518, 57.797, 57.817, 58.481, 58.686, 58.777, 58.636, 58.428, 58.402, 59.128, 58.914, 59.297], [52.293, 51.066, 49.438, 48.156, 48.906, 49.461, 49.571, 49.259, 47.53, 45.752, 43.258, 40.954, 40.277, 40.252, 38.844, 37.816, 38.092, 38.383, 38.756, 39.43, 39.65, 39.232, 39.414, 40.79, 41.453, 38.788, 34.545, 32.874, 31.728, 29.869, 27.668, 25.853, 22.332, 17.569, 12.683, 10.787, 9.751, 7.663, 4.946, 0.0, 3.518, 7.792, 11.914, 13.902, 16.887, 22.796, 26.888, 27.944, 29.532, 33.312, 38.514, 41.902, 42.626, 42.507, 42.816, 43.294, 43.475, 42.996, 42.94, 42.232, 41.694, 42.018, 42.612, 43.583, 43.931, 44.125, 44.483, 45.555, 48.512, 50.312, 51.401, 53.008, 56.172, 57.624, 57.377, 57.607, 57.589, 58.153, 58.239, 58.273, 58.133, 57.934, 57.893, 58.599, 58.362, 58.709], [52.485, 51.257, 49.626, 48.337, 49.089, 49.728, 49.923, 49.569, 47.861, 46.137, 43.64, 41.335, 40.651, 40.584, 39.213, 38.238, 38.578, 38.98, 39.382, 40.056, 40.291, 39.859, 40.034, 41.408, 42.099, 39.496, 35.239, 33.48, 32.339, 30.479, 28.227, 26.275, 22.619, 17.956, 13.504, 11.901, 10.96, 9.248, 7.137, 3.518, 0.0, 5.963, 10.894, 13.312, 16.642, 22.692, 26.819, 27.932, 29.496, 33.21, 38.279, 41.58, 42.278, 42.165, 42.482, 42.984, 43.158, 42.675, 42.645, 41.94, 41.361, 41.557, 42.07, 43.084, 43.481, 43.692, 44.074, 45.172, 48.149, 49.958, 51.07, 52.685, 55.841, 57.335, 57.188, 57.466, 57.406, 57.923, 57.976, 57.997, 57.829, 57.613, 57.544, 58.236, 57.973, 58.314], [53.129, 51.869, 50.23, 49.021, 49.789, 50.37, 50.584, 50.336, 48.672, 46.808, 44.316, 42.231, 41.629, 41.537, 40.154, 39.2, 39.437, 39.748, 40.189, 40.899, 41.175, 40.786, 41.062, 42.619, 43.297, 40.581, 36.493, 34.923, 33.864, 31.846, 29.272, 27.282, 23.727, 19.161, 14.741, 13.31, 12.882, 11.514, 9.759, 7.792, 5.963, 0.0, 6.186, 9.768, 13.995, 20.59, 24.941, 26.264, 27.938, 31.86, 37.322, 40.85, 41.604, 41.519, 41.856, 42.431, 42.663, 42.123, 41.993, 41.224, 40.549, 40.663, 41.168, 42.331, 42.934, 43.263, 43.694, 44.85, 47.932, 49.694, 50.701, 52.266, 55.467, 56.939, 56.86, 57.444, 57.496, 57.988, 57.996, 57.974, 57.765, 57.483, 57.36, 58.007, 57.665, 57.984], [53.933, 52.705, 51.018, 49.767, 50.364, 50.81, 50.956, 50.806, 49.404, 47.601, 45.138, 43.228, 42.683, 42.657, 41.361, 40.443, 40.556, 40.714, 41.197, 41.999, 42.338, 42.034, 42.428, 44.24, 44.972, 42.195, 38.451, 37.123, 36.143, 34.157, 31.533, 29.753, 26.523, 22.15, 17.583, 15.802, 15.904, 14.567, 13.092, 11.914, 10.894, 6.186, 0.0, 5.006, 11.04, 18.951, 23.83, 25.232, 26.855, 31.048, 36.913, 40.745, 41.583, 41.543, 41.964, 42.533, 42.832, 42.103, 41.681, 40.824, 40.067, 40.266, 40.73, 41.782, 42.441, 42.861, 43.339, 44.639, 48.034, 49.799, 50.556, 52.002, 55.212, 56.71, 56.671, 57.578, 57.945, 58.474, 58.383, 58.316, 58.147, 57.854, 57.76, 58.385, 58.012, 58.331], [54.314, 53.187, 51.497, 50.147, 50.501, 50.767, 50.871, 50.719, 49.406, 47.794, 45.534, 43.74, 43.193, 43.234, 42.059, 41.187, 41.254, 41.327, 41.833, 42.688, 43.029, 42.768, 43.242, 45.215, 45.907, 43.108, 39.629, 38.495, 37.663, 35.792, 33.34, 31.93, 29.046, 24.593, 19.604, 17.202, 17.364, 15.834, 14.379, 13.902, 13.312, 9.768, 5.006, 0.0, 7.5, 16.893, 22.474, 23.927, 25.53, 30.164, 36.536, 40.635, 41.557, 41.578, 42.083, 42.672, 42.998, 42.187, 41.655, 40.724, 39.977, 40.239, 40.599, 41.53, 42.156, 42.574, 42.995, 44.528, 48.377, 50.224, 50.9, 52.277, 55.455, 56.933, 56.931, 57.959, 58.476, 59.177, 59.173, 59.134, 58.993, 58.702, 58.663, 59.342, 58.983, 59.324], [54.869, 53.844, 52.207, 50.794, 50.915, 50.938, 51.06, 50.855, 49.227, 47.538, 45.788, 44.522, 44.113, 44.185, 43.187, 42.474, 42.573, 42.562, 43.053, 43.911, 44.185, 43.95, 44.549, 46.55, 46.977, 44.054, 40.755, 39.95, 39.435, 37.796, 35.613, 34.478, 31.9, 27.16, 21.628, 18.744, 18.875, 17.526, 16.58, 16.887, 16.642, 13.995, 11.04, 7.5, 0.0, 10.567, 17.179, 18.851, 20.813, 26.552, 33.947, 38.489, 39.595, 39.75, 40.37, 41.063, 41.474, 40.92, 40.558, 39.549, 38.95, 39.249, 39.523, 40.428, 41.025, 41.432, 41.768, 43.64, 48.16, 50.262, 51.063, 52.412, 55.539, 57.004, 56.943, 57.997, 58.537, 59.432, 59.881, 60.073, 59.912, 59.628, 59.625, 60.469, 60.188, 60.56], [55.983, 55.024, 53.474, 52.141, 52.121, 51.831, 51.968, 51.742, 49.49, 47.268, 46.075, 45.834, 46.023, 46.12, 45.332, 44.89, 44.889, 44.623, 44.995, 45.812, 46.002, 45.792, 46.529, 48.434, 48.475, 45.54, 42.73, 42.484, 42.253, 40.964, 39.264, 38.314, 36.098, 31.349, 25.713, 22.971, 23.171, 22.236, 21.948, 22.796, 22.692, 20.59, 18.951, 16.893, 10.567, 0.0, 7.928, 10.661, 14.015, 22.025, 31.17, 36.392, 37.756, 38.083, 38.783, 39.551, 40.043, 40.041, 40.039, 38.972, 38.604, 38.936, 39.266, 40.208, 40.668, 40.971, 41.274, 43.503, 48.616, 50.986, 52.04, 53.364, 56.423, 57.925, 57.806, 58.821, 59.25, 60.184, 61.114, 61.702, 61.532, 61.247, 61.283, 62.371, 62.23, 62.645], [57.047, 56.123, 54.612, 53.321, 53.284, 52.889, 53.038, 52.845, 50.227, 47.538, 46.568, 46.994, 47.805, 47.984, 47.176, 46.906, 46.962, 46.595, 46.886, 47.655, 47.789, 47.563, 48.288, 50.016, 49.87, 47.09, 44.64, 44.572, 44.32, 43.206, 41.848, 40.98, 38.944, 34.414, 29.025, 26.575, 26.764, 25.972, 25.937, 26.888, 26.819, 24.941, 23.83, 22.474, 17.179, 7.928, 0.0, 4.683, 10.574, 19.949, 29.703, 35.062, 36.537, 36.939, 37.629, 38.34, 38.825, 39.148, 39.338, 38.331, 38.275, 38.897, 39.567, 40.589, 40.923, 41.159, 41.468, 43.819, 49.058, 51.49, 52.756, 54.045, 57.017, 58.572, 58.453, 59.446, 59.735, 60.604, 61.744, 62.549, 62.452, 62.229, 62.338, 63.583, 63.608, 64.136], [57.143, 56.255, 54.785, 53.511, 53.429, 52.988, 53.131, 52.927, 50.245, 47.54, 46.687, 47.166, 48.026, 48.311, 47.57, 47.3, 47.366, 46.993, 47.262, 48.015, 48.121, 47.882, 48.563, 50.183, 49.978, 47.231, 44.859, 44.792, 44.488, 43.433, 42.258, 41.532, 39.613, 35.175, 29.914, 27.559, 27.754, 26.992, 26.999, 27.944, 27.932, 26.264, 25.232, 23.927, 18.851, 10.661, 4.683, 0.0, 7.709, 18.145, 28.24, 33.61, 35.121, 35.552, 36.284, 36.966, 37.454, 37.87, 38.076, 37.205, 37.393, 38.189, 39.006, 39.959, 40.211, 40.437, 40.71, 43.012, 48.248, 50.764, 52.147, 53.448, 56.407, 58.01, 57.853, 58.823, 59.106, 59.97, 61.24, 62.084, 62.022, 61.92, 62.117, 63.445, 63.57, 64.183], [57.709, 56.92, 55.478, 54.136, 53.863, 53.205, 53.354, 53.091, 50.297, 47.572, 46.751, 47.155, 47.723, 47.958, 47.812, 48.095, 47.936, 47.31, 47.573, 48.325, 48.404, 48.14, 48.808, 50.476, 50.311, 47.593, 45.132, 44.814, 44.411, 43.362, 42.287, 41.66, 39.932, 35.801, 30.866, 28.527, 28.91, 28.293, 28.448, 29.532, 29.496, 27.938, 26.855, 25.53, 20.813, 14.015, 10.574, 7.709, 0.0, 12.238, 24.085, 30.207, 31.872, 32.385, 33.218, 34.048, 34.642, 35.145, 35.62, 34.886, 34.99, 35.706, 36.562, 37.63, 38.032, 38.344, 38.595, 40.922, 46.544, 49.297, 50.658, 51.845, 54.679, 56.337, 56.234, 57.4, 57.783, 58.648, 60.01, 60.932, 60.901, 60.885, 61.262, 62.825, 63.079, 63.741], [60.1, 59.346, 57.887, 56.409, 56.199, 55.55, 55.702, 55.451, 52.595, 49.602, 48.535, 48.762, 48.988, 49.027, 49.412, 50.848, 51.095, 50.3, 50.528, 51.22, 51.286, 50.97, 51.538, 53.161, 53.183, 50.431, 47.036, 45.801, 45.326, 44.283, 43.07, 42.142, 40.532, 37.366, 33.537, 31.44, 31.888, 31.763, 32.33, 33.312, 33.21, 31.86, 31.048, 30.164, 26.552, 22.025, 19.949, 18.145, 12.238, 0.0, 13.862, 21.82, 24.01, 24.712, 25.702, 26.972, 27.837, 28.641, 29.978, 29.599, 29.497, 29.999, 30.894, 32.244, 32.972, 33.514, 33.801, 36.137, 42.599, 45.819, 47.126, 48.083, 50.52, 52.289, 52.336, 53.821, 54.395, 55.211, 56.673, 57.748, 57.758, 57.786, 58.515, 60.695, 61.292, 62.055], [63.214, 62.498, 61.009, 59.394, 59.454, 59.166, 59.369, 59.181, 56.536, 53.585, 52.433, 52.489, 52.529, 52.474, 52.935, 55.037, 56.312, 56.025, 56.275, 56.889, 56.972, 56.606, 56.992, 58.443, 58.714, 55.979, 51.55, 49.337, 48.836, 47.857, 46.379, 44.874, 42.905, 40.637, 38.401, 36.772, 37.054, 37.338, 38.079, 38.514, 38.279, 37.322, 36.913, 36.536, 33.947, 31.17, 29.703, 28.24, 24.085, 13.862, 0.0, 9.808, 12.988, 14.165, 15.537, 17.476, 18.895, 20.084, 22.64, 23.042, 23.372, 24.338, 25.479, 26.984, 27.983, 28.779, 29.139, 31.07, 37.679, 41.062, 42.291, 43.009, 44.88, 46.703, 46.931, 48.664, 49.397, 50.111, 51.64, 52.87, 52.994, 53.126, 54.244, 57.223, 58.651, 59.865], [64.531, 63.872, 62.42, 60.787, 61.022, 60.998, 61.269, 61.128, 58.689, 55.98, 54.935, 54.963, 55.007, 54.97, 55.367, 57.504, 59.253, 59.435, 59.784, 60.353, 60.434, 60.059, 60.318, 61.603, 62.013, 59.364, 54.555, 51.962, 51.47, 50.57, 49.067, 47.369, 45.035, 43.053, 41.776, 40.53, 40.661, 41.099, 41.802, 41.902, 41.58, 40.85, 40.745, 40.635, 38.489, 36.392, 35.062, 33.61, 30.207, 21.82, 9.808, 0.0, 4.312, 6.706, 8.994, 11.465, 13.387, 15.055, 18.388, 19.521, 20.955, 23.183, 24.776, 26.102, 26.972, 27.72, 28.021, 29.226, 34.819, 37.838, 39.142, 39.793, 41.419, 43.195, 43.522, 45.235, 45.826, 46.43, 48.06, 49.392, 49.604, 49.849, 51.136, 54.487, 56.627, 58.525], [64.801, 64.155, 62.709, 61.075, 61.347, 61.394, 61.682, 61.547, 59.194, 56.568, 55.516, 55.509, 55.537, 55.512, 55.902, 58.022, 59.831, 60.12, 60.538, 61.117, 61.196, 60.825, 61.059, 62.306, 62.773, 60.154, 55.225, 52.485, 51.978, 51.122, 49.657, 47.92, 45.422, 43.485, 42.476, 41.362, 41.471, 41.936, 42.616, 42.626, 42.278, 41.604, 41.583, 41.557, 39.595, 37.756, 36.537, 35.121, 31.872, 24.01, 12.988, 4.312, 0.0, 3.535, 6.558, 9.254, 11.301, 13.251, 16.927, 18.176, 19.896, 22.763, 24.799, 26.162, 26.957, 27.627, 27.894, 28.856, 34.088, 36.964, 38.284, 38.929, 40.529, 42.302, 42.663, 44.409, 44.926, 45.482, 47.097, 48.419, 48.651, 48.923, 50.233, 53.606, 55.841, 57.944], [64.788, 64.137, 62.677, 61.066, 61.402, 61.477, 61.766, 61.645, 59.296, 56.638, 55.531, 55.494, 55.528, 55.51, 55.888, 58.01, 59.831, 60.131, 60.564, 61.159, 61.249, 60.877, 61.118, 62.353, 62.826, 60.198, 55.225, 52.446, 51.893, 51.039, 49.619, 47.837, 45.222, 43.265, 42.319, 41.251, 41.35, 41.826, 42.504, 42.507, 42.165, 41.519, 41.543, 41.578, 39.75, 38.083, 36.939, 35.552, 32.385, 24.712, 14.165, 6.706, 3.535, 0.0, 3.865, 7.175, 9.398, 11.708, 15.729, 16.99, 18.667, 21.966, 24.62, 26.159, 26.887, 27.536, 27.857, 28.788, 33.954, 36.816, 38.138, 38.834, 40.441, 42.171, 42.452, 44.114, 44.596, 45.135, 46.65, 47.89, 48.112, 48.385, 49.643, 52.916, 55.109, 57.214], [65.16, 64.506, 63.028, 61.415, 61.777, 61.865, 62.16, 62.022, 59.602, 56.853, 55.714, 55.699, 55.762, 55.76, 56.177, 58.382, 60.249, 60.529, 60.959, 61.561, 61.666, 61.283, 61.534, 62.8, 63.266, 60.617, 55.609, 52.796, 52.21, 51.349, 49.957, 48.123, 45.399, 43.393, 42.508, 41.488, 41.565, 42.04, 42.752, 42.816, 42.482, 41.856, 41.964, 42.083, 40.37, 38.783, 37.629, 36.284, 33.218, 25.702, 15.537, 8.994, 6.558, 3.865, 0.0, 4.505, 7.343, 10.352, 14.999, 16.322, 18.039, 21.766, 25.041, 26.854, 27.556, 28.153, 28.503, 29.411, 34.406, 37.156, 38.445, 39.129, 40.64, 42.223, 42.444, 44.091, 44.526, 45.025, 46.421, 47.604, 47.847, 48.1, 49.261, 52.446, 54.678, 56.844], [65.123, 64.485, 63.008, 61.382, 61.73, 61.82, 62.115, 61.976, 59.539, 56.748, 55.613, 55.664, 55.79, 55.836, 56.284, 58.531, 60.44, 60.718, 61.143, 61.748, 61.859, 61.496, 61.742, 62.999, 63.512, 60.92, 55.935, 53.069, 52.455, 51.693, 50.438, 48.647, 45.88, 43.811, 42.97, 41.991, 42.049, 42.505, 43.21, 43.294, 42.984, 42.431, 42.533, 42.672, 41.063, 39.551, 38.34, 36.966, 34.048, 26.972, 17.476, 11.465, 9.254, 7.175, 4.505, 0.0, 4.187, 8.551, 13.366, 14.736, 17.009, 21.619, 25.301, 26.981, 27.473, 27.967, 28.311, 29.184, 33.99, 36.62, 37.937, 38.6, 40.08, 41.608, 41.827, 43.477, 43.868, 44.307, 45.622, 46.797, 47.114, 47.416, 48.508, 51.643, 53.987, 56.266], [64.612, 63.985, 62.527, 60.903, 61.234, 61.355, 61.669, 61.555, 59.224, 56.521, 55.373, 55.401, 55.538, 55.605, 56.06, 58.294, 60.205, 60.505, 60.935, 61.531, 61.639, 61.284, 61.544, 62.771, 63.302, 60.825, 55.941, 53.067, 52.443, 51.737, 50.6, 48.9, 46.177, 44.134, 43.307, 42.365, 42.371, 42.769, 43.438, 43.475, 43.158, 42.663, 42.832, 42.998, 41.474, 40.043, 38.825, 37.454, 34.642, 27.837, 18.895, 13.387, 11.301, 9.398, 7.343, 4.187, 0.0, 6.494, 12.086, 13.415, 16.14, 21.21, 24.976, 26.661, 27.081, 27.465, 27.739, 28.665, 33.566, 36.309, 37.8, 38.505, 40.07, 41.66, 41.927, 43.545, 43.821, 44.209, 45.435, 46.563, 46.9, 47.235, 48.32, 51.47, 53.85, 56.116], [62.558, 61.982, 60.541, 58.886, 59.17, 59.343, 59.659, 59.594, 57.648, 55.478, 54.392, 54.21, 54.257, 54.362, 54.853, 57.145, 59.185, 59.608, 60.07, 60.68, 60.843, 60.512, 60.704, 62.065, 62.854, 60.565, 55.998, 53.27, 52.532, 51.74, 50.526, 48.872, 46.14, 44.1, 43.274, 42.346, 42.362, 42.626, 43.086, 42.996, 42.675, 42.123, 42.103, 42.187, 40.92, 40.041, 39.148, 37.87, 35.145, 28.641, 20.084, 15.055, 13.251, 11.708, 10.352, 8.551, 6.494, 0.0, 7.074, 9.435, 12.496, 18.33, 22.47, 24.315, 24.955, 25.423, 25.665, 26.463, 31.465, 34.285, 35.701, 36.43, 38.234, 39.95, 40.319, 42.136, 42.522, 42.905, 43.917, 44.898, 45.305, 45.688, 46.889, 50.1, 52.537, 54.788], [61.17, 60.597, 59.16, 57.544, 57.831, 58.013, 58.313, 58.32, 56.634, 54.791, 53.768, 53.504, 53.595, 53.798, 54.248, 56.454, 58.53, 59.025, 59.518, 60.158, 60.369, 60.104, 60.251, 61.633, 62.645, 60.535, 56.258, 53.789, 52.979, 52.117, 50.84, 49.234, 46.527, 44.403, 43.483, 42.576, 42.604, 42.8, 43.123, 42.94, 42.645, 41.993, 41.681, 41.655, 40.558, 40.039, 39.338, 38.076, 35.62, 29.978, 22.64, 18.388, 16.927, 15.729, 14.999, 13.366, 12.086, 7.074, 0.0, 4.507, 9.45, 16.741, 21.443, 22.911, 23.415, 23.997, 24.306, 24.963, 29.761, 32.491, 33.855, 34.694, 36.807, 38.65, 38.991, 40.803, 41.292, 41.692, 42.6, 43.456, 43.868, 44.31, 45.563, 48.703, 51.11, 53.418], [61.339, 60.746, 59.263, 57.603, 57.808, 57.935, 58.236, 58.233, 56.501, 54.541, 53.423, 53.179, 53.306, 53.532, 54.01, 56.207, 58.206, 58.644, 59.162, 59.842, 60.068, 59.825, 60.043, 61.484, 62.497, 60.416, 56.209, 53.77, 52.981, 52.08, 50.725, 49.079, 46.