[[0.0, 6.054, 8.861, 9.352, 9.992, 17.589, 28.223, 32.312, 32.069, 32.316, 31.735, 31.825, 32.341, 32.6, 32.917, 33.318, 33.872, 34.088, 34.386, 33.939, 34.533, 36.851, 38.641, 39.246, 39.451, 40.609, 42.668, 43.399, 46.482, 48.922, 48.555, 48.812, 49.378, 51.205, 53.372, 54.387, 53.608, 52.397, 51.125, 49.101, 48.878, 49.36, 49.035, 49.365, 50.071, 51.677, 53.642, 54.207, 54.146, 54.53, 55.026, 55.055, 55.033, 55.72, 56.505, 57.002, 57.047, 57.038, 57.972, 59.198, 59.65, 59.812, 59.015, 59.55, 60.223, 58.957, 57.861, 56.74, 55.801, 55.868, 56.837, 57.749, 57.937, 57.522, 57.912, 58.804, 59.044, 58.55, 58.401, 58.213, 57.795, 58.236, 59.469, 59.756, 59.816, 59.59], [6.054, 0.0, 3.5, 4.413, 7.123, 17.089, 27.526, 31.412, 31.221, 31.68, 31.331, 31.526, 31.856, 31.968, 32.24, 32.646, 33.215, 33.451, 33.812, 33.531, 34.269, 36.292, 37.845, 38.434, 38.564, 39.671, 41.905, 43.286, 46.591, 48.85, 48.685, 49.14, 49.821, 51.905, 54.453, 55.689, 54.925, 53.676, 52.351, 50.284, 49.992, 50.474, 50.142, 50.477, 51.223, 52.989, 55.162, 55.783, 55.729, 56.105, 56.61, 56.635, 56.581, 57.228, 57.916, 58.337, 58.33, 58.284, 59.25, 60.488, 60.837, 60.716, 59.692, 60.226, 60.892, 59.667, 58.694, 57.633, 56.659, 56.711, 57.753, 58.7, 58.966, 58.619, 58.909, 59.675, 59.842, 59.32, 59.163, 58.923, 58.42, 58.845, 59.995, 60.187, 60.243, 60.141], [8.861, 3.5, 0.0, 2.15, 7.166, 17.636, 27.453, 31.087, 30.934, 31.452, 31.149, 31.362, 31.609, 31.671, 31.911, 32.34, 32.927, 33.14, 33.546, 33.412, 34.27, 36.148, 37.6, 38.182, 38.26, 39.302, 41.598, 43.366, 46.831, 48.934, 48.841, 49.448, 50.229, 52.43, 55.08, 56.393, 55.669, 54.398, 53.001, 50.917, 50.681, 51.229, 50.888, 51.202, 51.949, 53.773, 56.063, 56.74, 56.666, 56.974, 57.434, 57.447, 57.38, 58.013, 58.655, 59.031, 59.007, 59.014, 60.123, 61.474, 61.834, 61.61, 60.444, 60.954, 61.617, 60.394, 59.459, 58.394, 57.408, 57.446, 58.517, 59.522, 59.842, 59.486, 59.659, 60.309, 60.422, 59.907, 59.771, 59.531, 58.991, 59.422, 60.539, 60.685, 60.772, 60.749], [9.352, 4.413, 2.15, 0.0, 6.2, 17.545, 27.59, 31.22, 31.051, 31.537, 31.175, 31.385, 31.638, 31.703, 31.937, 32.326, 32.9, 33.157, 33.584, 33.425, 34.3, 36.167, 37.622, 38.211, 38.269, 39.316, 41.636, 43.402, 46.776, 48.786, 48.685, 49.306, 50.104, 52.336, 55.008, 56.321, 55.599, 54.358, 52.971, 50.84, 50.543, 51.093, 50.75, 51.052, 51.798, 53.629, 55.941, 56.638, 56.581, 56.901, 57.368, 57.384, 57.316, 57.952, 58.59, 58.957, 58.923, 58.911, 60.014, 61.375, 61.726, 61.469, 60.299, 60.832, 61.483, 60.245, 59.335, 58.289, 57.304, 57.351, 58.43, 59.431, 59.752, 59.393, 59.503, 60.073, 60.165, 59.674, 59.572, 59.351, 58.823, 59.265, 60.401, 60.535, 60.6, 60.601], [9.992, 7.123, 7.166, 6.2, 0.0, 13.354, 25.505, 29.816, 29.572, 30.025, 29.635, 29.955, 30.449, 30.561, 30.843, 31.186, 31.692, 32.068, 32.45, 32.011, 32.824, 35.046, 36.867, 37.564, 37.686, 38.893, 41.181, 42.258, 44.91, 46.813, 46.682, 47.229, 48.033, 50.237, 52.915, 54.288, 53.587, 52.396, 51.274, 49.458, 49.255, 49.743, 49.39, 49.685, 50.385, 52.126, 54.323, 54.924, 54.814, 55.173, 55.714, 55.751, 55.724, 56.426, 57.127, 57.524, 57.512, 57.502, 58.507, 59.734, 60.085, 60.021, 59.116, 59.785, 60.413, 59.129, 58.18, 57.142, 56.18, 56.229, 57.263, 58.25, 58.575, 58.271, 58.524, 59.216, 59.389, 58.927, 58.81, 58.568, 58.097, 58.665, 59.969, 60.181, 60.228, 60.191], [17.589, 17.089, 17.636, 17.545, 13.354, 0.0, 16.123, 22.771, 22.266, 22.656, 22.77, 24.067, 25.592, 25.93, 26.196, 26.544, 27.001, 27.534, 27.779, 27.096, 27.593, 30.461, 33.092, 33.91, 34.067, 35.366, 37.133, 36.62, 38.086, 40.058, 40.045, 40.628, 41.673, 43.939, 46.803, 48.549, 47.992, 46.632, 45.971, 45.882, 47.353, 48.025, 47.611, 47.903, 48.393, 49.724, 51.348, 51.427, 50.862, 50.929, 51.42, 51.46, 51.514, 52.292, 53.061, 53.483, 53.617, 54.023, 55.405, 56.749, 57.369, 57.798, 57.332, 58.258, 58.884, 57.548, 56.393, 55.238, 54.205, 54.062, 55.025, 56.362, 56.964, 56.873, 57.709, 58.926, 59.3, 58.722, 58.264, 57.808, 57.559, 58.833, 60.757, 61.314, 61.455, 61.249], [28.223, 27.526, 27.453, 27.59, 25.505, 16.123, 0.0, 8.519, 8.581, 10.969, 15.667, 19.442, 22.088, 22.748, 22.819, 23.077, 23.323, 23.735, 24.146, 24.817, 25.696, 27.597, 30.057, 30.87, 30.785, 31.378, 32.636, 33.42, 35.441, 37.115, 37.889, 39.025, 40.418, 42.91, 46.217, 48.356, 47.942, 46.289, 45.584, 46.96, 50.795, 52.202, 51.62, 51.918, 52.07, 53.128, 54.605, 54.267, 53.204, 52.886, 53.315, 53.337, 53.452, 54.081, 54.592, 54.892, 55.067, 55.819, 57.75, 59.46, 60.218, 60.342, 59.46, 60.469, 61.091, 59.944, 59.02, 58.083, 57.023, 56.679, 57.733, 59.543, 60.634, 60.798, 61.991, 63.505, 63.842, 62.872, 61.983, 61.294, 61.118, 62.911, 65.266, 66.05, 66.283, 66.122], [32.312, 31.412, 31.087, 31.22, 29.816, 22.771, 8.519, 0.0, 3.911, 9.844, 16.704, 20.854, 23.383, 24.059, 24.138, 24.459, 24.61, 24.81, 25.353, 26.634, 27.827, 28.929, 30.814, 31.584, 31.373, 31.491, 32.813, 35.175, 37.879, 39.272, 40.293, 41.683, 43.146, 45.733, 49.145, 51.27, 50.87, 49.2, 48.327, 49.603, 53.8, 55.543, 54.897, 55.149, 55.22, 56.31, 57.97, 57.674, 56.567, 56.163, 56.55, 56.563, 56.69, 57.281, 57.698, 57.938, 58.081, 58.828, 60.794, 62.519, 63.171, 63.042, 61.837, 62.738, 63.365, 62.32, 61.528, 60.668, 59.608, 59.255, 60.333, 62.214, 63.458, 63.668, 64.838, 66.358, 66.648, 65.571, 64.651, 63.975, 63.787, 65.598, 67.958, 68.717, 68.941, 68.874], [32.069, 31.221, 30.934, 31.051, 29.572, 22.266, 8.581, 3.911, 0.0, 7.131, 15.031, 19.617, 22.375, 23.079, 23.211, 23.621, 23.826, 24.054, 24.599, 25.846, 27.0, 28.207, 30.13, 30.896, 30.678, 30.823, 32.104, 34.331, 37.069, 38.533, 39.595, 41.093, 42.65, 45.283, 48.693, 50.813, 50.397, 48.738, 47.906, 49.205, 53.321, 55.025, 54.443, 54.694, 54.753, 55.853, 57.518, 57.23, 56.121, 55.69, 56.022, 56.008, 56.132, 56.741, 57.191, 57.432, 57.582, 58.344, 60.298, 61.999, 62.662, 62.562, 61.382, 62.281, 62.918, 61.87, 61.035, 60.105, 59.001, 58.635, 59.715, 61.616, 62.864, 63.076, 64.24, 65.756, 66.046, 64.954, 64.012, 63.314, 63.092, 64.891, 67.247, 68.003, 68.224, 68.141], [32.316, 31.68, 31.452, 31.537, 30.025, 22.656, 10.969, 9.844, 7.131, 0.0, 9.636, 15.498, 19.152, 20.101, 20.26, 20.826, 21.156, 21.468, 22.041, 23.144, 24.201, 25.549, 27.716, 28.517, 28.239, 28.459, 29.735, 31.953, 35.037, 36.776, 37.942, 39.623, 41.34, 44.066, 47.453, 49.559, 49.125, 47.429, 46.598, 47.967, 52.052, 53.666, 53.157, 53.52, 53.76, 54.963, 56.595, 56.326, 55.194, 54.668, 54.884, 54.815, 54.901, 55.527, 56.026, 56.272, 56.447, 57.281, 59.306, 61.049, 61.713, 61.609, 60.431, 61.343, 62.06, 60.962, 60.007, 58.975, 57.835, 57.444, 58.537, 60.535, 61.806, 61.953, 63.062, 64.586, 64.878, 63.791, 62.856, 62.206, 62.064, 63.913, 66.261, 66.98, 67.166, 67.091], [31.735, 31.331, 31.149, 31.175, 29.635, 22.77, 15.667, 16.704, 15.031, 9.636, 0.0, 7.964, 13.69, 15.24, 15.566, 16.743, 17.355, 17.629, 18.125, 18.411, 19.034, 20.712, 23.438, 24.317, 23.985, 24.498, 26.051, 28.333, 32.402, 34.931, 36.221, 38.116, 40.018, 42.987, 46.398, 48.449, 47.933, 46.139, 45.18, 46.433, 50.229, 51.718, 51.213, 51.668, 52.573, 54.164, 55.652, 55.426, 54.359, 53.73, 53.794, 53.703, 53.734, 54.42, 55.055, 55.332, 55.536, 56.453, 58.559, 60.312, 60.867, 60.765, 59.595, 60.43, 61.179, 59.876, 58.742, 57.518, 56.296, 55.883, 56.954, 59.028, 60.274, 60.214, 61.095, 62.57, 62.904, 61.939, 61.112, 60.634, 60.795, 62.782, 65.09, 65.722, 65.865, 65.841], [31.825, 31.526, 31.362, 31.385, 29.955, 24.067, 19.442, 20.854, 19.617, 15.498, 7.964, 0.0, 6.988, 9.347, 9.907, 11.849, 13.04, 13.284, 13.712, 13.958, 14.739, 16.541, 19.619, 20.534, 20.426, 21.464, 23.513, 26.501, 32.022, 35.555, 37.125, 39.057, 41.031, 44.11, 47.44, 49.439, 48.843, 46.807, 45.608, 46.554, 50.016, 51.406, 50.901, 51.269, 52.588, 54.695, 56.259, 56.064, 55.072, 54.477, 54.531, 54.452, 54.456, 55.107, 55.727, 55.979, 56.184, 57.168, 59.321, 61.048, 61.537, 61.393, 60.15, 60.925, 61.753, 60.36, 59.065, 57.785, 56.626, 56.19, 57.257, 59.438, 60.677, 60.488, 61.337, 62.879, 63.266, 62.375, 61.623, 61.29, 61.738, 63.839, 66.089, 66.623, 66.674, 66.665], [32.341, 31.856, 31.609, 31.638, 30.449, 25.592, 22.088, 23.383, 22.375, 19.152, 13.69, 6.988, 0.0, 3.265, 4.488, 7.826, 9.946, 10.254, 10.672, 11.533, 13.105, 14.645, 17.537, 18.453, 18.656, 20.196, 22.794, 26.645, 33.125, 37.262, 39.009, 40.869, 42.863, 46.038, 49.342, 51.359, 50.729, 48.462, 47.034, 47.631, 50.698, 51.993, 51.503, 51.721, 53.072, 55.485, 57.268, 57.182, 56.255, 55.706, 55.787, 55.707, 55.652, 56.228, 56.779, 56.975, 57.168, 58.208, 60.415, 62.124, 62.559, 62.335, 60.959, 61.67, 62.601, 61.171, 59.682, 58.363, 57.292, 56.813, 57.928, 60.269, 61.546, 61.312, 62.181, 63.776, 64.182, 63.321, 62.598, 62.361, 63.031, 65.281, 67.499, 67.913, 67.852, 67.856], [32.6, 31.968, 31.671, 31.703, 30.561, 25.93, 22.748, 24.059, 23.079, 20.101, 15.24, 9.347, 3.265, 0.0, 2.705, 7.278, 9.694, 10.044, 10.385, 11.288, 13.081, 14.508, 17.285, 18.216, 18.579, 20.393, 23.159, 27.084, 33.588, 37.754, 39.536, 41.374, 43.361, 46.585, 49.931, 51.973, 51.34, 49.061, 47.631, 48.135, 51.015, 52.247, 51.766, 51.963, 53.286, 55.724, 57.578, 57.557, 56.655, 56.116, 56.225, 56.148, 56.075, 56.639, 57.184, 57.376, 57.562, 58.582, 60.735, 62.39, 62.792, 62.554, 61.158, 61.839, 62.77, 61.323, 59.799, 58.472, 57.411, 56.921, 58.051, 60.401, 61.664, 61.427, 62.287, 63.883, 64.296, 63.445, 62.712, 62.478, 63.184, 65.455, 67.654, 68.04, 67.959, 67.972], [32.917, 32.24, 31.911, 31.937, 30.843, 26.196, 22.819, 24.138, 23.211, 20.26, 15.566, 9.907, 4.488, 2.705, 0.0, 5.24, 8.069, 8.569, 8.953, 10.163, 12.177, 13.624, 16.517, 17.519, 18.006, 20.034, 22.857, 26.87, 33.475, 37.729, 39.545, 41.338, 43.308, 46.516, 49.863, 51.928, 51.295, 48.975, 47.511, 48.015, 50.931, 52.149, 51.638, 51.839, 53.154, 55.595, 57.464, 57.448, 56.578, 56.121, 56.295, 56.23, 56.146, 56.675, 57.19, 57.357, 57.51, 58.484, 60.612, 62.257, 62.653, 62.388, 60.965, 61.652, 62.593, 61.167, 59.68, 58.411, 57.39, 56.914, 58.058, 60.42, 61.695, 61.477, 62.351, 63.949, 64.367, 63.512, 62.78, 62.56, 63.305, 65.632, 67.879, 68.261, 68.154, 68.17], [33.318, 32.646, 32.34, 32.326, 31.186, 26.544, 23.077, 24.459, 23.621, 20.826, 16.743, 11.849, 7.826, 7.278, 5.24, 0.0, 3.739, 5.332, 6.13, 8.482, 11.224, 12.58, 15.319, 16.421, 17.06, 19.378, 22.469, 26.857, 33.615, 38.022, 39.828, 41.448, 43.298, 46.34, 49.576, 51.625, 50.965, 48.55, 47.002, 47.465, 50.385, 51.571, 51.028, 51.234, 52.527, 54.992, 56.949, 56.951, 56.182, 56.053, 56.459, 56.412, 56.306, 56.794, 57.263, 57.372, 57.411, 58.175, 60.13, 61.693, 62.041, 61.65, 60.144, 60.873, 61.842, 60.447, 59.0, 57.837, 56.916, 56.474, 57.654, 60.06, 61.362, 61.171, 62.061, 63.655, 64.081, 63.214, 62.521, 62.357, 63.147, 65.484, 67.763, 68.12, 67.943, 67.978], [33.872, 33.215, 32.927, 32.9, 31.692, 27.001, 23.323, 24.61, 23.826, 21.156, 17.355, 13.04, 9.946, 9.694, 8.069, 3.739, 0.0, 3.042, 4.395, 7.73, 11.039, 12.226, 14.806, 15.994, 16.67, 19.026, 22.242, 26.925, 33.684, 38.03, 39.884, 41.549, 43.425, 46.42, 49.6, 51.619, 50.942, 48.519, 46.997, 47.544, 50.553, 51.784, 51.233, 51.434, 52.684, 55.087, 57.05, 57.039, 56.274, 56.283, 56.844, 56.823, 56.737, 57.235, 57.701, 57.802, 57.802, 58.484, 60.38, 61.93, 62.263, 61.815, 60.286, 61.034, 61.98, 60.567, 59.151, 58.024, 57.101, 56.652, 57.843, 60.246, 61.536, 61.347, 62.212, 63.791, 64.219, 63.325, 62.622, 62.455, 63.223, 65.54, 67.828, 68.189, 68.01, 68.062], [34.088, 33.451, 33.14, 33.157, 32.068, 27.534, 23.735, 24.81, 24.054, 21.468, 17.629, 13.284, 10.254, 10.044, 8.569, 5.332, 3.042, 0.0, 2.556, 7.166, 10.621, 11.712, 14.265, 15.463, 16.16, 18.484, 21.743, 26.905, 34.199, 38.632, 40.411, 42.186, 44.153, 47.153, 50.278, 52.276, 51.626, 49.218, 47.679, 48.233, 51.296, 52.576, 52.034, 52.231, 53.469, 55.818, 57.748, 57.753, 56.974, 56.928, 57.459, 57.45, 57.346, 57.82, 58.305, 58.429, 58.467, 59.257, 61.247, 62.828, 63.176, 62.758, 61.152, 61.827, 62.791, 61.335, 59.798, 58.55, 57.584, 57.105, 58.267, 60.682, 61.978, 61.764, 62.629, 64.239, 64.676, 63.769, 63.064, 62.924, 63.694, 65.999, 68.282, 68.648, 68.489, 68.533], [34.386, 33.812, 33.546, 33.584, 32.45, 27.779, 24.146, 25.353, 24.599, 22.041, 18.125, 13.712, 10.672, 10.385, 8.953, 6.13, 4.395, 2.556, 0.0, 5.551, 9.41, 10.794, 13.674, 14.888, 15.663, 18.116, 21.263, 26.105, 33.542, 38.227, 40.03, 41.816, 43.812, 46.798, 49.914, 51.936, 51.301, 48.872, 47.343, 47.966, 51.081, 52.354, 51.803, 52.002, 53.28, 55.627, 57.502, 57.488, 56.704, 56.649, 57.171, 57.169, 57.082, 57.556, 58.029, 58.143, 58.193, 59.055, 61.107, 62.696, 63.071, 62.725, 61.148, 61.778, 62.73, 61.244, 59.655, 58.402, 57.443, 56.937, 58.065, 60.468, 61.743, 61.509, 62.417, 64.109, 64.601, 63.72, 63.006, 62.865, 63.671, 66.007, 68.313, 68.69, 68.521, 68.537], [33.939, 33.531, 33.412, 33.425, 32.011, 27.096, 24.817, 26.634, 25.846, 23.144, 18.411, 13.958, 11.533, 11.288, 10.163, 8.482, 7.73, 7.166, 5.551, 0.0, 4.977, 8.328, 12.56, 13.938, 14.726, 17.511, 20.343, 23.808, 31.186, 36.262, 37.886, 39.544, 41.602, 44.71, 47.921, 49.972, 49.365, 47.04, 45.613, 46.262, 49.241, 50.432, 49.856, 50.07, 51.538, 53.905, 55.613, 55.575, 54.811, 54.718, 55.182, 55.186, 55.131, 55.746, 56.356, 56.51, 56.571, 57.442, 59.495, 61.051, 61.422, 61.276, 59.875, 60.453, 61.391, 59.856, 58.211, 56.912, 55.916, 55.405, 56.431, 58.689, 59.845, 59.497, 60.408, 62.219, 62.816, 62.04, 61.381, 61.288, 62.234, 64.692, 67.084, 67.471, 67.267, 67.233], [34.533, 34.269, 34.27, 34.3, 32.824, 27.593, 25.696, 27.827, 27.0, 24.201, 19.034, 14.739, 13.105, 13.081, 12.177, 11.224, 11.039, 10.621, 9.41, 4.977, 0.0, 6.037, 11.524, 12.894, 13.735, 16.687, 19.014, 21.735, 29.832, 35.344, 36.737, 38.298, 40.455, 43.629, 46.839, 48.933, 48.401, 46.162, 44.793, 45.546, 48.558, 49.703, 49.12, 49.343, 50.887, 53.13, 54.569, 54.477, 53.725, 53.586, 53.987, 54.001, 53.9, 54.529, 55.279, 55.507, 55.606, 56.528, 58.612, 60.132, 60.494, 60.469, 59.07, 59.552, 60.509, 58.935, 57.177, 55.789, 54.765, 54.229, 55.169, 57.386, 58.496, 58.033, 58.967, 60.877, 61.517, 60.742, 60.077, 60.076, 61.259, 63.95, 66.473, 66.856, 66.598, 66.51], [36.851, 36.292, 36.148, 36.167, 35.046, 30.461, 27.597, 28.929, 28.207, 25.549, 20.712, 16.541, 14.645, 14.508, 13.624, 12.58, 12.226, 11.712, 10.794, 8.328, 6.037, 0.0, 6.259, 8.049, 9.217, 12.847, 16.02, 21.717, 31.432, 37.068, 38.612, 40.235, 42.41, 45.672, 48.962, 51.072, 50.558, 48.278, 46.753, 47.376, 50.38, 51.56, 50.964, 51.176, 52.72, 55.022, 56.562, 56.521, 55.804, 55.695, 56.143, 56.17, 56.057, 56.651, 57.339, 57.519, 57.557, 58.381, 60.43, 61.954, 62.204, 61.859, 60.113, 60.503, 61.495, 59.916, 58.104, 56.66, 55.574, 54.963, 55.924, 58.272, 59.533, 59.092, 59.986, 61.887, 62.484, 61.604, 60.889, 60.913, 62.198, 64.982, 67.458, 67.754, 67.467, 67.46], [38.641, 37.845, 37.6, 37.622, 36.867, 33.092, 30.057, 30.814, 30.13, 27.716, 23.438, 19.619, 17.537, 17.285, 16.517, 15.319, 14.806, 14.265, 13.674, 12.56, 11.524, 6.259, 0.0, 2.884, 5.329, 9.996, 14.447, 23.005, 33.814, 39.501, 41.12, 42.854, 45.009, 48.257, 51.546, 53.616, 53.084, 50.775, 49.106, 49.483, 52.265, 53.411, 52.832, 53.071, 54.641, 57.06, 58.824, 58.898, 58.253, 58.24, 58.738, 58.759, 58.636, 59.254, 59.895, 60.013, 59.971, 60.641, 62.579, 64.058, 64.203, 63.591, 61.553, 61.832, 62.849, 61.243, 59.325, 57.773, 56.623, 55.957, 56.936, 59.372, 60.738, 60.293, 61.09, 62.938, 63.502, 62.555, 61.813, 61.826, 63.057, 65.772, 68.129, 68.346, 68.039, 68.082], [39.246, 38.434, 38.182, 38.211, 37.564, 33.91, 30.87, 31.584, 30.896, 28.517, 24.317, 20.534, 18.453, 18.216, 17.519, 16.421, 15.994, 15.463, 14.888, 13.938, 12.894, 8.049, 2.884, 0.0, 3.873, 9.059, 13.559, 22.574, 33.839, 39.698, 41.353, 43.171, 45.379, 48.599, 51.854, 53.923, 53.399, 51.065, 49.353, 49.715, 52.5, 53.638, 53.066, 53.317, 54.915, 57.336, 59.1, 59.188, 58.562, 58.558, 59.049, 59.068, 58.932, 59.535, 60.166, 60.28, 60.241, 60.952, 62.95, 64.464, 64.643, 64.054, 61.989, 62.206, 63.219, 61.598, 59.646, 58.1, 56.975, 56.303, 57.272, 59.733, 61.085, 60.55, 61.29, 63.114, 63.656, 62.687, 61.918, 61.938, 63.186, 65.899, 68.227, 68.416, 68.09, 68.113], [39.451, 38.564, 38.26, 38.269, 37.686, 34.067, 30.785, 31.373, 30.678, 28.239, 23.985, 20.426, 18.656, 18.579, 18.006, 17.06, 16.67, 16.16, 15.663, 14.726, 13.735, 9.217, 5.329, 3.873, 0.0, 6.026, 11.337, 21.631, 33.221, 39.085, 40.783, 42.618, 44.868, 48.168, 51.538, 53.62, 53.09, 50.774, 49.022, 49.408, 52.282, 53.454, 52.876, 53.115, 54.749, 57.164, 58.868, 58.928, 58.292, 58.237, 58.665, 58.679, 58.567, 59.207, 59.858, 59.974, 59.947, 60.706, 62.839, 64.459, 64.676, 64.075, 62.022, 62.25, 63.247, 61.658, 59.742, 58.183, 57.02, 56.346, 57.327, 59.826, 61.195, 60.614, 61.296, 63.068, 63.573, 62.588, 61.818, 61.838, 63.088, 65.786, 68.072, 68.248, 67.947, 67.976], [40.609, 39.671, 39.302, 39.316, 38.893, 35.366, 31.378, 31.491, 30.823, 28.459, 24.498, 21.464, 20.196, 20.393, 20.034, 19.378, 19.026, 18.484, 18.116, 17.511, 16.687, 12.847, 9.996, 9.059, 6.026, 0.0, 7.172, 20.479, 32.757, 38.554, 40.327, 42.317, 44.726, 48.158, 51.644, 53.762, 53.25, 50.947, 49.157, 49.677, 52.865, 54.186, 53.62, 53.824, 55.351, 57.684, 59.382, 59.408, 58.69, 58.474, 58.753, 58.737, 58.653, 59.322, 59.965, 60.065, 60.054, 60.929, 63.349, 65.229, 65.548, 64.928, 62.807, 62.992, 63.99, 62.46, 60.595, 59.023, 57.818, 57.159, 58.182, 60.732, 62.128, 61.513, 62.112, 63.79, 64.212, 63.158, 62.358, 62.35, 63.539, 66.226, 68.493, 68.68, 68.445, 68.494], [42.668, 41.905, 41.598, 41.636, 41.181, 37.133, 32.636, 32.813, 32.104, 29.735, 26.051, 23.513, 22.794, 23.159, 22.857, 22.469, 22.242, 21.743, 21.263, 20.343, 19.014, 16.02, 14.447, 13.559, 11.337, 7.172, 0.0, 15.916, 29.728, 36.078, 38.016, 40.308, 43.051, 46.552, 49.942, 52.086, 51.667, 49.396, 47.72, 48.687, 52.428, 53.892, 53.345, 53.541, 54.911, 56.993, 58.515, 58.461, 57.615, 57.153, 57.257, 57.22, 57.159, 57.811, 58.426, 58.51, 58.541, 59.685, 62.55, 64.819, 65.52, 65.289, 63.32, 63.414, 64.369, 62.852, 61.022, 59.584, 58.476, 57.817, 58.743, 61.183, 62.441, 61.709, 62.335, 64.028, 64.422, 63.33, 62.472, 62.47, 63.722, 66.562, 69.002, 69.26, 69.036, 69.017], [43.399, 43.286, 43.366, 43.402, 42.258, 36.62, 33.42, 35.175, 34.331, 31.953, 28.333, 26.501, 26.645, 27.084, 26.87, 26.857, 26.925, 26.905, 26.105, 23.808, 21.735, 21.717, 23.005, 22.574, 21.631, 20.479, 15.916, 0.0, 16.711, 25.429, 27.427, 30.136, 33.647, 37.291, 40.381, 42.643, 42.369, 40.158, 39.058, 41.192, 45.846, 47.453, 46.967, 47.194, 48.42, 50.0, 51.028, 50.763, 49.606, 48.684, 48.565, 48.535, 48.574, 49.308, 49.956, 50.065, 50.258, 52.052, 55.756, 58.642, 60.228, 61.494, 60.692, 60.888, 61.713, 60.098, 58.401, 57.441, 56.702, 56.132, 56.8, 58.764, 59.449, 58.457, 59.316, 61.235, 61.786, 60.936, 60.096, 60.045, 61.319, 64.269, 67.046, 67.501, 67.201, 66.885], [46.482, 46.591, 46.831, 46.776, 44.91, 38.086, 35.441, 37.879, 37.069, 35.037, 32.402, 32.022, 33.125, 33.588, 33.475, 33.615, 33.684, 34.199, 33.542, 31.186, 29.832, 31.432, 33.814, 33.839, 33.221, 32.757, 29.728, 16.711, 0.0, 11.382, 15.114, 18.579, 22.934, 27.133, 30.716, 33.371, 33.127, 31.183, 31.215, 34.958, 40.648, 42.543, 42.136, 42.474, 43.443, 44.526, 45.15, 44.436, 42.756, 41.287, 41.001, 40.941, 41.298, 42.3, 42.881, 43.022, 43.386, 45.564, 49.815, 53.223, 55.447, 57.873, 58.661, 59.5, 60.125, 58.729, 57.765, 57.468, 56.994, 56.706, 57.305, 58.711, 59.017, 58.307, 59.388, 61.18, 61.72, 61.115, 60.314, 59.89, 60.62, 63.259, 66.094, 66.796, 66.635, 66.208], [48.922, 48.85, 48.934, 48.786, 46.813, 40.058, 37.115, 39.272, 38.533, 36.776, 34.931, 35.555, 37.262, 37.754, 37.729, 38.022, 38.03, 38.632, 38.227, 36.262, 35.344, 37.068, 39.501, 39.698, 39.085, 38.554, 36.078, 25.429, 11.382, 0.0, 7.875, 14.093, 19.141, 24.058, 28.346, 31.206, 31.059, 29.703, 30.46, 34.62, 40.611, 42.755, 42.364, 42.754, 43.367, 44.213, 45.097, 44.304, 42.28, 40.423, 39.968, 39.801, 40.28, 41.501, 42.054, 42.188, 42.587, 44.745, 48.997, 52.549, 54.84, 57.28, 58.608, 60.061, 60.599, 59.335, 58.931, 58.903, 58.405, 58.252, 58.874, 59.986, 60.175, 59.648, 60.572, 62.01, 62.439, 61.96, 61.266, 60.596, 60.719, 63.008, 65.811, 66.701, 66.773, 66.423], [48.555, 48.685, 48.841, 48.685, 46.682, 40.045, 37.889, 40.293, 39.595, 37.942, 36.221, 37.125, 39.009, 39.536, 39.545, 39.828, 39.884, 40.411, 40.03, 37.886, 36.737, 38.612, 41.12, 41.353, 40.783, 40.327, 38.016, 27.427, 15.114, 7.875, 0.0, 8.57, 15.093, 20.527, 24.763, 27.653, 27.883, 27.006, 27.969, 32.142, 38.145, 40.327, 39.943, 40.256, 40.608, 41.139, 42.035, 41.335, 39.19, 37.225, 36.756, 36.58, 36.94, 38.271, 39.006, 39.183, 39.626, 41.956, 46.483, 50.203, 52.641, 55.429, 56.879, 58.422, 59.243, 57.99, 57.36, 57.14, 56.715, 56.657, 57.126, 58.062, 58.123, 57.545, 58.584, 60.125, 60.628, 60.326, 59.858, 59.328, 59.399, 61.673, 64.626, 65.583, 65.605, 65.142], [48.812, 49.14, 49.448, 49.306, 47.229, 40.628, 39.025, 41.683, 41.093, 39.623, 38.116, 39.057, 40.869, 41.374, 41.338, 41.448, 41.549, 42.186, 41.816, 39.544, 38.298, 40.235, 42.854, 43.171, 42.618, 42.317, 40.308, 30.136, 18.579, 14.093, 8.57, 0.0, 7.885, 14.327, 19.375, 22.639, 23.134, 22.638, 23.773, 28.009, 34.161, 36.296, 35.886, 36.18, 36.454, 36.824, 37.457, 36.603, 34.466, 32.841, 32.779, 32.714, 33.124, 34.484, 35.244, 35.489, 35.886, 37.95, 42.36, 46.108, 48.647, 51.771, 53.598, 55.241, 56.26, 55.429, 55.104, 55.023, 54.727, 54.854, 55.236, 55.93, 55.87, 55.416, 56.809, 58.604, 59.222, 59.038, 58.73, 58.314, 58.526, 60.84, 63.859, 64.823, 64.735, 64.171], [49.378, 49.821, 50.229, 50.104, 48.033, 41.673, 40.418, 43.146, 42.65, 41.34, 40.018, 41.031, 42.863, 43.361, 43.308, 43.298, 43.425, 44.153, 43.812, 41.602, 40.455, 42.41, 45.009, 45.379, 44.868, 44.726, 43.051, 33.647, 22.934, 19.141, 15.093, 7.885, 0.0, 7.654, 14.318, 18.243, 18.796, 18.663, 20.005, 24.136, 30.511, 32.683, 32.224, 32.737, 33.141, 33.491, 34.065, 33.11, 31.108, 30.097, 30.658, 30.734, 31.198, 32.458, 33.06, 33.316, 33.555, 34.949, 38.615, 42.024, 44.532, 47.751, 49.921, 51.8, 52.785, 52.36, 52.754, 53.13, 52.973, 53.249, 53.588, 53.978, 53.798, 53.558, 55.232, 57.205, 57.94, 57.85, 57.643, 57.226, 57.352, 59.487, 62.471, 63.501, 63.393, 62.762], [51.205, 51.905, 52.43, 52.336, 50.237, 43.939, 42.91, 45.733, 45.283, 44.066, 42.987, 44.11, 46.038, 46.585, 46.516, 46.34, 46.42, 47.153, 46.798, 44.71, 43.629, 45.672, 48.257, 48.599, 48.168, 48.158, 46.552, 37.291, 27.133, 24.058, 20.527, 14.327, 7.654, 0.0, 7.876, 12.737, 13.748, 14.138, 16.114, 20.86, 27.925, 30.228, 29.877, 30.676, 30.963, 30.852, 31.187, 30.122, 28.226, 27.892, 29.179, 29.437, 29.866, 30.858, 31.24, 31.478, 31.558, 32.453, 35.547, 38.735, 41.499, 45.14, 47.67, 49.678, 50.651, 50.453, 51.259, 52.166, 52.413, 52.884, 53.119, 53.242, 52.939, 52.881, 54.871, 56.994, 57.796, 57.8, 57.69, 57.32, 57.282, 59.071, 61.989, 63.104, 62.956, 62.187], [53.372, 54.453, 55.08, 55.008, 52.915, 46.803, 46.217, 49.145, 48.693, 47.453, 46.398, 47.44, 49.342, 49.931, 49.863, 49.576, 49.6, 50.278, 49.914, 47.921, 46.839, 48.962, 51.546, 51.854, 51.538, 51.644, 49.942, 40.381, 30.716, 28.346, 24.763, 19.375, 14.318, 7.876, 0.0, 5.935, 8.234, 9.477, 12.428, 18.088, 25.779, 28.255, 28.14, 28.989, 28.918, 28.201, 28.408, 27.439, 25.52, 25.488, 27.27, 27.706, 28.106, 28.973, 29.29, 29.468, 29.38, 30.14, 33.341, 36.822, 40.178, 44.575, 47.44, 49.364, 50.379, 50.169, 50.88, 52.051, 52.814, 53.534, 53.649, 53.613, 53.196, 53.195, 55.359, 57.53, 58.357, 58.502, 58.537, 58.285, 58.128, 59.605, 62.482, 63.66, 63.461, 62.564], [54.387, 55.689, 56.393, 56.321, 54.288, 48.549, 48.356, 51.27, 50.813, 49.559, 48.449, 49.439, 51.359, 51.973, 51.928, 51.625, 51.619, 52.276, 51.936, 49.972, 48.933, 51.072, 53.616, 53.923, 53.62, 53.762, 52.086, 42.643, 33.371, 31.206, 27.653, 22.639, 18.243, 12.737, 5.935, 0.0, 3.861, 7.133, 10.766, 16.19, 23.787, 26.351, 26.421, 27.288, 27.149, 26.422, 26.863, 26.129, 24.328, 24.428, 26.377, 26.919, 27.481, 28.553, 28.981, 29.133, 28.842, 29.141, 32.152, 35.909, 39.623, 44.429, 47.611, 49.491, 50.513, 50.402, 51.167, 52.394, 53.376, 54.389, 54.525, 54.311, 53.765, 53.769, 55.878, 57.955, 58.76, 59.0, 59.135, 58.882, 58.514, 59.615, 62.359, 63.614, 63.469, 62.547], [53.608, 54.925, 55.669, 55.599, 53.587, 47.992, 47.942, 50.87, 50.397, 49.125, 47.933, 48.843, 50.729, 51.34, 51.295, 50.965, 50.942, 51.626, 51.301, 49.365, 48.401, 50.558, 53.084, 53.399, 53.09, 53.25, 51.667, 42.369, 33.127, 31.059, 27.883, 23.134, 18.796, 13.748, 8.234, 3.861, 0.0, 4.918, 9.178, 14.533, 22.133, 24.767, 24.885, 25.804, 25.921, 25.686, 26.483, 25.861, 24.193, 24.389, 26.34, 26.878, 27.531, 28.7, 29.152, 29.307, 28.943, 28.893, 31.513, 35.186, 38.863, 43.608, 46.881, 48.783, 49.734, 49.672, 50.601, 51.882, 52.837, 53.969, 54.289, 54.118, 53.539, 53.498, 55.463, 57.445, 58.221, 58.44, 58.551, 58.232, 57.775, 58.704, 61.33, 62.594, 62.489, 61.619], [52.397, 53.676, 54.398, 54.358, 52.396, 46.632, 46.289, 49.2, 48.738, 47.429, 46.139, 46.807, 48.462, 49.061, 48.975, 48.55, 48.519, 49.218, 48.872, 47.04, 46.162, 48.278, 50.775, 51.065, 50.774, 50.947, 49.396, 40.158, 31.183, 29.703, 27.006, 22.638, 18.663, 14.138, 9.477, 7.133, 4.918, 0.0, 5.423, 12.823, 21.439, 24.212, 24.279, 25.069, 25.29, 25.504, 26.622, 26.038, 24.341, 24.498, 26.423, 26.943, 27.504, 28.547, 28.863, 28.869, 28.473, 28.654, 31.537, 35.22, 38.799, 43.305, 46.279, 48.12, 49.126, 48.903, 49.553, 50.745, 51.718, 52.77, 53.226, 53.479, 53.17, 53.147, 55.157, 57.229, 58.025, 58.182, 58.212, 57.898, 57.598, 58.694, 61.285, 62.453, 62.316, 61.497], [51.125, 52.351, 53.001, 52.971, 51.274, 45.971, 45.584, 48.327, 47.906, 46.598, 45.18, 45.608, 47.034, 47.631, 47.511, 47.002, 46.997, 47.679, 47.343, 45.613, 44.793, 46.753, 49.106, 49.353, 49.022, 49.157, 47.72, 39.058, 31.215, 30.46, 27.969, 23.773, 20.005, 16.114, 12.428, 10.766, 9.178, 5.423, 0.0, 9.274, 19.252, 22.393, 22.351, 23.029, 23.384, 24.026, 25.617, 25.326, 23.877, 24.249, 26.248, 26.804, 27.259, 28.174, 28.338, 28.138, 27.565, 27.693, 30.781, 34.641, 38.201, 42.421, 44.966, 46.648, 47.775, 47.558, 48.055, 49.129, 50.132, 51.207, 51.731, 52.23, 52.177, 52.193, 54.183, 56.311, 57.146, 57.325, 57.402, 57.178, 56.992, 58.149, 60.674, 61.744, 61.587, 60.81], [49.101, 50.284, 50.917, 50.84, 49.458, 45.882, 46.96, 49.603, 49.205, 47.967, 46.433, 46.554, 47.631, 48.135, 48.015, 47.465, 47.544, 48.233, 47.966, 46.262, 45.546, 47.376, 49.483, 49.715, 49.408, 49.677, 48.687, 41.192, 34.958, 34.62, 32.142, 28.009, 24.136, 20.86, 18.088, 16.19, 14.533, 12.823, 9.274, 0.0, 11.217, 15.276, 15.313, 16.257, 17.262, 19.026, 22.075, 22.8, 22.251, 23.534, 25.95, 26.568, 26.88, 27.686, 27.746, 27.468, 26.54, 25.618, 27.846, 31.626, 35.189, 39.311, 41.752, 43.286, 44.546, 44.622, 45.485, 46.743, 47.902, 49.277, 49.909, 50.125, 49.885, 49.813, 51.528, 53.492, 54.323, 54.644, 54.992, 54.934, 54.694, 55.552, 57.871, 58.77, 58.47, 57.728], [48.878, 49.992, 50.681, 50.543, 49.255, 47.353, 50.795, 53.8, 53.321, 52.052, 50.229, 50.016, 50.698, 51.015, 50.931, 50.385, 50.553, 51.296, 51.081, 49.241, 48.558, 50.38, 52.265, 52.5, 52.282, 52.865, 52.428, 45.846, 40.648, 40.611, 38.145, 34.161, 30.511, 27.925, 25.779, 23.787, 22.133, 21.439, 19.252, 11.217, 0.0, 5.511, 6.946, 8.791, 11.874, 15.706, 20.329, 22.416, 23.177, 25.452, 28.048, 28.623, 28.722, 29.61, 29.883, 29.66, 28.404, 26.06, 26.46, 29.373, 32.563, 36.77, 39.512, 40.877, 42.325, 42.737, 43.883, 45.263, 46.613, 48.362, 49.1, 48.879, 48.214, 47.994, 49.375, 51.076, 51.91, 52.488, 53.155, 53.236, 52.95, 53.459, 55.453, 56.071, 55.493, 54.755], [49.36, 50.474, 51.229, 51.093, 49.743, 48.025, 52.202, 55.543, 55.025, 53.666, 51.718, 51.406, 51.993, 52.247, 52.149, 51.571, 51.784, 52.576, 52.354, 50.432, 49.703, 51.56, 53.411, 53.638, 53.454, 54.186, 53.892, 47.453, 42.543, 42.755, 40.327, 36.296, 32.683, 30.228, 28.255, 26.351, 24.767, 24.212, 22.393, 15.276, 5.511, 0.0, 3.672, 6.725, 11.115, 15.647, 20.264, 22.587, 23.835, 26.513, 29.136, 29.681, 29.714, 30.632, 31.014, 30.834, 29.489, 26.674, 26.242, 28.54, 31.475, 35.704, 38.633, 39.957, 41.444, 41.972, 43.183, 44.594, 45.967, 47.781, 48.502, 48.132, 47.375, 47.188, 48.673, 50.512, 51.45, 52.114, 52.831, 52.926, 52.689, 53.156, 55.077, 55.631, 54.95, 54.178], [49.035, 50.142, 50.888, 50.75, 49.39, 47.611, 51.62, 54.897, 54.443, 53.157, 51.213, 50.901, 51.503, 51.766, 51.638, 51.028, 51.233, 52.034, 51.803, 49.856, 49.12, 50.964, 52.832, 53.066, 52.876, 53.62, 53.345, 46.967, 42.136, 42.364, 39.943, 35.886, 32.224, 29.877, 28.14, 26.421, 24.885, 24.279, 22.351, 15.313, 6.946, 3.672, 0.0, 4.633, 10.13, 15.066, 19.81, 22.121, 23.346, 26.049, 28.721, 29.289, 29.36, 30.321, 30.725, 30.555, 29.227, 26.47, 26.064, 28.262, 31.105, 35.271, 38.131, 39.468, 40.914, 41.427, 42.745, 44.173, 45.425, 47.132, 47.817, 47.477, 46.84, 46.721, 48.281, 50.286, 51.33, 51.982, 52.671, 52.776, 52.662, 53.373, 55.46, 56.037, 55.367, 54.633], [49.365, 50.477, 51.202, 51.052, 49.685, 47.903, 51.918, 55.149, 54.694, 53.52, 51.668, 51.269, 51.721, 51.963, 51.839, 51.234, 51.434, 52.231, 52.002, 50.07, 49.343, 51.176, 53.071, 53.317, 53.115, 53.824, 53.541, 47.194, 42.474, 42.754, 40.256, 36.18, 32.737, 30.676, 28.989, 27.288, 25.804, 25.069, 23.029, 16.257, 8.791, 6.725, 4.633, 0.0, 7.014, 13.105, 18.413, 20.992, 22.301, 24.977, 27.621, 28.216, 28.29, 29.305, 29.747, 29.521, 28.173, 25.525, 25.513, 28.001, 30.964, 35.314, 38.23, 39.553, 41.115, 41.623, 42.793, 44.094, 45.322, 47.013, 47.718, 47.551, 47.084, 46.997, 48.548, 50.56, 51.61, 52.283, 52.995, 53.164, 53.243, 54.277, 56.527, 57.068, 56.367, 55.661], [50.071, 51.223, 51.949, 51.798, 50.385, 48.393, 52.07, 55.22, 54.753, 53.76, 52.573, 52.588, 53.072, 53.286, 53.154, 52.527, 52.684, 53.469, 53.28, 51.538, 50.887, 52.72, 54.641, 54.915, 54.749, 55.351, 54.911, 48.42, 43.443, 43.367, 40.608, 36.454, 33.141, 30.963, 28.918, 27.149, 25.921, 25.29, 23.384, 17.262, 11.874, 11.115, 10.13, 7.014, 0.0, 7.787, 15.326, 18.545, 19.904, 22.775, 25.676, 26.339, 26.414, 27.322, 27.583, 27.229, 25.784, 23.19, 23.741, 26.929, 30.539, 35.4, 38.504, 39.935, 41.662, 42.284, 43.281, 44.554, 45.911, 47.629, 48.304, 48.215, 47.876, 47.994, 49.737, 51.71, 52.658, 53.251, 53.939, 54.103, 54.089, 55.232, 57.671, 58.279, 57.584, 56.816], [51.677, 52.989, 53.773, 53.629, 52.126, 49.724, 53.128, 56.31, 55.853, 54.963, 54.164, 54.695, 55.485, 55.724, 55.595, 54.992, 55.087, 55.818, 55.627, 53.905, 53.13, 55.022, 57.06, 57.336, 57.164, 57.684, 56.993, 50.0, 44.526, 44.213, 41.139, 36.824, 33.491, 30.852, 28.201, 26.422, 25.686, 25.504, 24.026, 19.026, 15.706, 15.647, 15.066, 13.105, 7.787, 0.0, 9.367, 13.46, 15.147, 18.656, 22.159, 23.029, 23.047, 23.754, 24.107, 23.918, 22.515, 20.016, 21.288, 25.337, 29.805, 35.473, 38.865, 40.224, 41.831, 42.275, 43.029, 44.38, 45.865, 47.514, 47.979, 47.768, 47.345, 47.507, 49.444, 51.44, 52.338, 52.888, 53.534, 53.805, 53.899, 55.246, 57.962, 58.659, 57.907, 56.927], [53.642, 55.162, 56.063, 55.941, 54.323, 51.348, 54.605, 57.97, 57.518, 56.595, 55.652, 56.259, 57.268, 57.578, 57.464, 56.949, 57.05, 57.748, 57.502, 55.613, 54.569, 56.562, 58.824, 59.1, 58.868, 59.382, 58.515, 51.028, 45.15, 45.097, 42.035, 37.457, 34.065, 31.187, 28.408, 26.863, 26.483, 26.622, 25.617, 22.075, 20.329, 20.264, 19.81, 18.413, 15.326, 9.367, 0.0, 5.393, 8.775, 13.739, 17.97, 19.184, 19.179, 19.616, 20.516, 20.906, 19.806, 17.282, 18.954, 23.533, 28.385, 34.638, 38.481, 39.804, 41.173, 41.273, 41.745, 43.192, 44.684, 46.196, 46.426, 46.063, 45.489, 45.578, 47.783, 49.99, 50.946, 51.489, 52.007, 52.421, 53.131, 55.06, 58.103, 58.818, 57.954, 56.753], [54.207, 55.783, 56.74, 56.638, 54.924, 51.427, 54.267, 57.674, 57.23, 56.326, 55.426, 56.064, 57.182, 57.557, 57.448, 56.951, 57.039, 57.753, 57.488, 55.575, 54.477, 56.521, 58.898, 59.188, 58.928, 59.408, 58.461, 50.763, 44.436, 44.304, 41.335, 36.603, 33.11, 30.122, 27.439, 26.129, 25.861, 26.038, 25.326, 22.8, 22.416, 22.587, 22.121, 20.992, 18.545, 13.46, 5.393, 0.0, 4.906, 11.126, 15.907, 17.269, 17.48, 18.045, 19.163, 19.772, 18.914, 16.717, 18.723, 23.393, 28.211, 34.403, 38.482, 40.097, 41.389, 41.387, 41.877, 43.4, 44.799, 46.17, 46.375, 46.073, 45.501, 45.605, 47.935, 50.217, 51.165, 51.597, 51.936, 52.242, 53.144, 55.379, 58.575, 59.377, 58.57, 57.335], [54.146, 55.729, 56.666, 56.581, 54.814, 50.862, 53.204, 56.567, 56.121, 55.194, 54.359, 55.072, 56.255, 56.655, 56.578, 56.182, 56.274, 56.974, 56.704, 54.811, 53.725, 55.804, 58.253, 58.562, 58.292, 58.69, 57.615, 49.606, 42.756, 42.28, 39.19, 34.466, 31.108, 28.226, 25.52, 24.328, 24.193, 24.341, 23.877, 22.251, 23.177, 23.835, 23.346, 22.301, 19.904, 15.147, 8.775, 4.906, 0.0, 7.052, 12.554, 14.089, 14.487, 15.503, 16.965, 17.713, 17.178, 16.139, 19.64, 24.781, 29.658, 35.806, 39.874, 41.704, 43.04, 42.837, 43.078, 44.375, 45.611, 46.799, 46.993, 46.88, 46.409, 46.515, 48.87, 51.169, 52.081, 52.428, 52.675, 52.886, 53.707, 56.023, 59.298, 60.201, 59.525, 58.325], [54.53, 56.105, 56.974, 56.901, 55.173, 50.929, 52.886, 56.163, 55.69, 54.668, 53.73, 54.477, 55.706, 56.116, 56.121, 56.053, 56.283, 56.928, 56.649, 54.718, 53.586, 55.695, 58.24, 58.558, 58.237, 58.474, 57.153, 48.684, 41.287, 40.423, 37.225, 32.841, 30.097, 27.892, 25.488, 24.428, 24.389, 24.498, 24.249, 23.534, 25.452, 26.513, 26.049, 24.977, 22.775, 18.656, 13.739, 11.126, 7.052, 0.0, 6.221, 8.301, 9.282, 11.394, 13.718, 14.863, 15.084, 16.23, 22.017, 27.963, 32.9, 38.982, 42.899, 44.682, 46.036, 45.566, 45.382, 46.251, 47.212, 48.186, 48.348, 48.427, 48.075, 48.119, 50.364, 52.576, 53.396, 53.717, 53.895, 54.043, 54.845, 57.27, 60.585, 61.569, 61.069, 59.93], [55.026, 56.61, 57.434, 57.368, 55.714, 51.42, 53.315, 56.55, 56.022, 54.884, 53.794, 54.531, 55.787, 56.225, 56.295, 56.459, 56.844, 57.459, 57.171, 55.182, 53.987, 56.143, 58.738, 59.049, 58.665, 58.753, 57.257, 48.565, 41.001, 39.968, 36.756, 32.779, 30.658, 29.179, 27.27, 26.377, 26.34, 26.423, 26.248, 25.95, 28.048, 29.136, 28.721, 27.621, 25.676, 22.159, 17.97, 15.907, 12.554, 6.221, 0.0, 2.924, 5.459, 9.428, 12.697, 14.126, 14.979, 17.68, 24.622, 30.925, 35.794, 41.729, 45.481, 47.151, 48.551, 47.981, 47.491, 47.982, 48.722, 49.573, 49.712, 49.895, 49.605, 49.551, 51.635, 53.72, 54.45, 54.77, 54.92, 55.025, 55.817, 58.313, 61.628, 62.663, 62.303, 61.208], [55.055, 56.635, 57.447, 57.384, 55.751, 51.46, 53.337, 56.563, 56.008, 54.815, 53.703, 54.452, 55.707, 56.148, 56.23, 56.412, 56.823, 57.45, 57.169, 55.186, 54.001, 56.17, 58.759, 59.068, 58.679, 58.737, 57.22, 48.535, 40.941, 39.801, 36.58, 32.714, 30.734, 29.437, 27.706, 26.919, 26.878, 26.943, 26.804, 26.568, 28.623, 29.681, 29.289, 28.216, 26.339, 23.029, 19.184, 17.269, 14.089, 8.301, 2.924, 0.0, 3.913, 8.771, 12.298, 13.736, 14.699, 17.769, 24.997, 31.392, 36.22, 42.047, 45.746, 47.472, 48.945, 48.357, 47.802, 48.237, 48.937, 49.744, 49.886, 50.108, 49.833, 49.748, 51.78, 53.827, 54.532, 54.839, 54.987, 55.078, 55.853, 58.368, 61.675, 62.703, 62.369, 61.312], [55.033, 56.581, 57.38, 57.316, 55.724, 51.514, 53.452, 56.69, 56.132, 54.901, 53.734, 54.456, 55.652, 56.075, 56.146, 56.306, 56.737, 57.346, 57.082, 55.131, 53.9, 56.057, 58.636, 58.932, 58.567, 58.653, 57.159, 48.574, 41.298, 40.28, 36.94, 33.124, 31.198, 29.866, 28.106, 27.481, 27.531, 27.504, 27.259, 26.88, 28.722, 29.714, 29.36, 28.29, 26.414, 23.047, 19.179, 17.48, 14.487, 9.282, 5.459, 3.913, 0.0, 5.679, 9.94, 11.599, 12.775, 16.494, 24.288, 30.751, 35.53, 41.269, 44.733, 46.427, 48.015, 47.269, 46.477, 46.928, 47.748, 48.528, 48.65, 48.964, 48.75, 48.628, 50.709, 52.815, 53.527, 53.855, 54.069, 54.303, 55.235, 57.934, 61.304, 62.206, 61.737, 60.688], [55.72, 57.228, 58.013, 57.952, 56.426, 52.292, 54.081, 57.281, 56.741, 55.527, 54.42, 55.107, 56.228, 56.639, 56.675, 56.794, 57.235, 57.82, 57.556, 55.746, 54.529, 56.651, 59.254, 59.535, 59.207, 59.322, 57.811, 49.308, 42.3, 41.501, 38.271, 34.484, 32.458, 30.858, 28.973, 28.553, 28.7, 28.547, 28.174, 27.686, 29.61, 30.632, 30.321, 29.305, 27.322, 23.754, 19.616, 18.045, 15.503, 11.394, 9.428, 8.771, 5.679, 0.0, 5.185, 7.761, 9.822, 14.88, 23.492, 30.218, 35.117, 40.73, 43.931, 45.594, 47.241, 46.364, 45.484, 46.24, 47.303, 48.064, 48.14, 48.486, 48.378, 48.336, 50.599, 52.801, 53.488, 53.769, 53.996, 54.375, 55.465, 58.28, 61.684, 62.449, 61.821, 60.774], [56.505, 57.916, 58.655, 58.59, 57.127, 53.061, 54.592, 57.698, 57.191, 56.026, 55.055, 55.727, 56.779, 57.184, 57.19, 57.263, 57.701, 58.305, 58.029, 56.356, 55.279, 57.339, 59.895, 60.166, 59.858, 59.965, 58.426, 49.956, 42.881, 42.054, 39.006, 35.244, 33.06, 31.24, 29.29, 28.981, 29.152, 28.863, 28.338, 27.746, 29.883, 31.014, 30.725, 29.747, 27.583, 24.107, 20.516, 19.163, 16.965, 13.718, 12.697, 12.298, 9.94, 5.185, 0.0, 3.669, 6.976, 13.625, 23.08, 30.233, 35.328, 40.704, 43.696, 45.407, 47.103, 46.24, 45.5, 46.623, 47.886, 48.644, 48.718, 49.079, 49.089, 49.214, 51.584, 53.806, 54.48, 54.729, 54.93, 55.283, 56.298, 59.032, 62.364, 63.068, 62.389, 61.388], [57.002, 58.337, 59.031, 58.957, 57.524, 53.483, 54.892, 57.938, 57.432, 56.272, 55.332, 55.979, 56.975, 57.376, 57.357, 57.372, 57.802, 58.429, 58.143, 56.51, 55.507, 57.519, 60.013, 60.28, 59.974, 60.065, 58.51, 50.065, 43.022, 42.188, 39.183, 35.489, 33.316, 31.478, 29.468, 29.133, 29.307, 28.869, 28.138, 27.468, 29.66, 30.834, 30.555, 29.521, 27.229, 23.918, 20.906, 19.772, 17.713, 14.863, 14.126, 13.736, 11.599, 7.761, 3.669, 0.0, 4.202, 12.333, 22.576, 30.03, 35.212, 40.443, 43.272, 44.983, 46.767, 45.949, 45.219, 46.432, 47.815, 48.616, 48.713, 49.151, 49.267, 49.491, 51.876, 54.08, 54.777, 55.057, 55.263, 55.578, 56.538, 59.278, 62.606, 63.284, 62.582, 61.613], [57.047, 58.33, 59.007, 58.923, 57.512, 53.617, 55.067, 58.081, 57.582, 56.447, 55.536, 56.184, 57.168, 57.562, 57.51, 57.411, 57.802, 58.467, 58.193, 56.571, 55.606, 57.557, 59.971, 60.241, 59.947, 60.054, 58.541, 50.258, 43.386, 42.587, 39.626, 35.886, 33.555, 31.558, 29.38, 28.842, 28.943, 28.473, 27.565, 26.54, 28.404, 29.489, 29.227, 28.173, 25.784, 22.515, 19.806, 18.914, 17.178, 15.084, 14.979, 14.699, 12.775, 9.822, 6.976, 4.202, 0.0, 9.037, 20.102, 27.992, 33.282, 38.472, 41.275, 42.947, 44.83, 44.219, 43.708, 45.151, 46.756, 47.795, 47.976, 48.318, 48.401, 48.701, 51.073, 53.205, 53.879, 54.181, 54.418, 54.704, 55.593, 58.301, 61.677, 62.356, 61.622, 60.682], [57.038, 58.284, 59.014, 58.911, 57.502, 54.023, 55.819, 58.828, 58.344, 57.281, 56.453, 57.168, 58.208, 58.582, 58.484, 58.175, 58.484, 59.257, 59.055, 57.442, 56.528, 58.381, 60.641, 60.952, 60.706, 60.929, 59.685, 52.052, 45.564, 44.745, 41.956, 37.95, 34.949, 32.453, 30.14, 29.141, 28.893, 28.654, 27.693, 25.618, 26.06, 26.674, 26.47, 25.525, 23.19, 20.016, 17.282, 16.717, 16.139, 16.23, 17.68, 17.769, 16.494, 14.88, 13.625, 12.333, 9.037, 0.0, 12.026, 20.966, 26.574, 31.913, 35.291, 37.179, 39.243, 39.323, 39.665, 41.754, 43.752, 45.39, 45.803, 45.682, 45.519, 46.097, 48.614, 50.712, 51.399, 51.789, 52.15, 52.393, 53.133, 55.578, 58.944, 59.639, 58.832, 57.933], [57.972, 59.25, 60.123, 60.014, 58.507, 55.405, 57.75, 60.794, 60.298, 59.306, 58.559, 59.321, 60.415, 60.735, 60.612, 60.13, 60.38, 61.247, 61.107, 59.495, 58.612, 60.43, 62.579, 62.95, 62.839, 63.349, 62.55, 55.756, 49.815, 48.997, 46.483, 42.36, 38.615, 35.547, 33.341, 32.152, 31.513, 31.537, 30.781, 27.846, 26.46, 26.242, 26.064, 25.513, 23.741, 21.288, 18.954, 18.723, 19.64, 22.017, 24.622, 24.997, 24.288, 23.492, 23.08, 22.576, 20.102, 12.026, 0.0, 9.966, 16.296, 22.568, 27.526, 30.017, 32.136, 33.304, 35.107, 38.03, 40.318, 42.603, 43.301, 42.577, 42.081, 43.081, 45.908, 48.161, 49.048, 49.608, 50.134, 50.349, 50.944, 52.975, 56.233, 56.95, 56.018, 55.128], [59.198, 60.488, 61.474, 61.375, 59.734, 56.749, 59.46, 62.519, 61.999, 61.049, 60.312, 61.048, 62.124, 62.39, 62.257, 61.693, 61.93, 62.828, 62.696, 61.051, 60.132, 61.954, 64.058, 64.464, 64.459, 65.229, 64.819, 58.642, 53.223, 52.549, 50.203, 46.10