[[0.0, 8.287, 14.731, 19.626, 25.282, 32.493, 36.553, 37.258, 37.917, 37.655, 36.192, 35.314, 35.497, 36.164, 38.653, 40.396, 39.732, 39.695, 40.776, 41.48, 41.31, 41.501, 42.175, 42.159, 42.366, 43.942, 44.9, 45.54, 46.341, 47.429, 48.068, 47.27, 47.301, 48.979, 50.828, 52.247, 53.351, 53.06, 52.109, 51.393, 51.596, 52.129, 52.518, 52.317, 51.68, 51.977, 53.19, 53.861, 50.84, 49.781, 48.735, 49.612, 52.558, 55.6, 57.321, 57.035, 55.954, 54.663, 54.374, 55.669, 56.78, 57.003, 56.987, 56.883, 56.908, 57.249, 57.514, 57.37, 57.839, 57.28, 55.345, 54.867, 56.218, 56.75, 56.544, 56.662, 56.417, 56.646, 57.602, 58.613, 59.303, 60.743, 64.173, 65.59, 65.826, 66.136], [8.287, 0.0, 7.853, 14.83, 22.297, 30.443, 34.742, 35.47, 36.091, 35.845, 34.332, 33.251, 33.281, 34.282, 37.144, 38.985, 38.552, 38.949, 40.451, 41.369, 41.148, 41.151, 41.712, 41.613, 41.777, 43.287, 44.225, 45.03, 45.986, 47.06, 47.741, 47.0, 46.785, 48.166, 50.114, 51.899, 53.232, 53.063, 52.283, 51.729, 52.058, 52.638, 53.034, 52.887, 52.428, 52.838, 54.047, 54.561, 51.19, 49.988, 48.948, 49.559, 52.191, 55.049, 56.721, 56.441, 55.366, 54.157, 53.949, 55.258, 56.357, 56.582, 56.55, 56.438, 56.485, 56.861, 57.165, 57.038, 57.479, 56.902, 55.011, 54.533, 55.826, 56.345, 56.143, 56.263, 56.026, 56.259, 57.214, 58.224, 58.892, 60.333, 63.853, 65.323, 65.55, 65.893], [14.731, 7.853, 0.0, 8.606, 17.518, 26.446, 30.999, 31.703, 32.241, 32.039, 30.685, 29.717, 29.798, 31.227, 34.412, 36.312, 36.21, 37.095, 39.043, 40.309, 40.22, 40.143, 40.623, 40.517, 40.907, 42.632, 43.487, 44.144, 45.091, 46.168, 46.931, 46.316, 45.987, 47.113, 49.085, 51.055, 52.609, 52.76, 52.353, 52.097, 52.595, 53.271, 53.668, 53.46, 52.985, 53.284, 54.251, 54.413, 51.041, 50.001, 49.081, 49.755, 52.241, 54.874, 56.38, 56.075, 54.986, 53.766, 53.483, 54.598, 55.59, 55.843, 55.822, 55.729, 55.778, 56.085, 56.349, 56.292, 56.789, 56.303, 54.436, 53.779, 54.945, 55.443, 55.234, 55.346, 55.121, 55.388, 56.387, 57.442, 58.135, 59.575, 62.953, 64.373, 64.589, 64.901], [19.626, 14.83, 8.606, 0.0, 10.115, 20.284, 25.333, 26.005, 26.449, 26.351, 25.541, 25.181, 25.544, 27.324, 30.615, 32.546, 32.986, 34.363, 36.604, 38.26, 38.562, 38.642, 39.129, 39.129, 40.075, 42.296, 42.912, 42.962, 43.625, 44.82, 45.753, 45.228, 44.919, 46.0, 47.965, 49.752, 51.299, 51.831, 51.918, 51.976, 52.581, 53.348, 53.722, 53.309, 52.477, 52.417, 53.029, 52.837, 49.985, 49.374, 48.637, 49.748, 52.361, 54.827, 56.037, 55.623, 54.461, 53.157, 52.627, 53.235, 53.931, 54.237, 54.282, 54.244, 54.281, 54.466, 54.652, 54.684, 55.317, 55.077, 53.299, 52.338, 53.286, 53.736, 53.518, 53.593, 53.355, 53.697, 54.78, 55.873, 56.58, 57.931, 60.833, 62.073, 62.272, 62.487], [25.282, 22.297, 17.518, 10.115, 0.0, 11.261, 17.065, 17.834, 18.287, 18.431, 18.591, 19.347, 20.332, 22.728, 26.078, 27.951, 29.136, 31.075, 33.466, 35.613, 36.599, 37.07, 37.718, 38.098, 39.969, 42.726, 42.942, 42.261, 42.656, 44.0, 44.998, 44.409, 44.081, 45.074, 46.71, 47.929, 49.289, 50.138, 50.803, 51.319, 52.048, 52.877, 53.178, 52.429, 51.13, 50.636, 50.806, 50.36, 48.411, 48.449, 47.87, 49.509, 52.467, 54.876, 55.771, 55.088, 53.788, 52.414, 51.472, 51.539, 52.089, 52.48, 52.553, 52.567, 52.658, 52.828, 52.983, 53.085, 54.004, 54.207, 52.552, 51.299, 52.04, 52.426, 52.207, 52.308, 52.056, 52.436, 53.596, 54.731, 55.455, 56.571, 58.802, 59.79, 59.988, 60.088], [32.493, 30.443, 26.446, 20.284, 11.261, 0.0, 6.447, 7.648, 8.475, 9.134, 10.955, 13.568, 15.431, 18.655, 21.923, 23.423, 25.436, 28.193, 30.87, 33.668, 35.492, 36.398, 37.277, 38.192, 41.004, 44.1, 43.905, 42.64, 42.875, 44.328, 45.297, 44.573, 44.084, 44.793, 45.902, 46.448, 47.513, 48.578, 49.888, 51.093, 52.061, 52.919, 53.104, 52.015, 50.431, 49.597, 49.341, 48.814, 47.721, 48.355, 47.957, 49.906, 53.07, 55.369, 55.973, 54.988, 53.553, 52.168, 50.831, 50.453, 50.944, 51.39, 51.436, 51.467, 51.625, 51.841, 52.013, 52.157, 53.339, 54.028, 52.523, 50.998, 51.518, 51.819, 51.588, 51.742, 51.508, 51.932, 53.16, 54.343, 55.057, 55.866, 57.474, 58.25, 58.443, 58.46], [36.553, 34.742, 30.999, 25.333, 17.065, 6.447, 0.0, 2.301, 4.213, 5.562, 8.921, 12.628, 14.739, 17.981, 20.906, 22.011, 24.3, 27.475, 30.397, 33.535, 35.766, 36.883, 37.867, 39.051, 42.264, 45.498, 45.153, 43.611, 43.758, 45.251, 46.189, 45.411, 44.855, 45.443, 46.333, 46.579, 47.456, 48.591, 50.206, 51.788, 52.929, 53.803, 53.934, 52.715, 51.068, 50.124, 49.705, 49.22, 48.504, 49.373, 49.116, 51.129, 54.271, 56.464, 56.924, 55.814, 54.326, 52.939, 51.454, 50.883, 51.327, 51.797, 51.828, 51.854, 52.022, 52.242, 52.421, 52.575, 53.839, 54.743, 53.35, 51.703, 52.076, 52.319, 52.071, 52.239, 52.024, 52.488, 53.758, 54.963, 55.649, 56.3, 57.628, 58.316, 58.501, 58.479], [37.258, 35.47, 31.703, 26.005, 17.834, 7.648, 2.301, 0.0, 2.574, 4.62, 8.752, 12.682, 14.844, 18.159, 21.025, 22.014, 24.292, 27.531, 30.503, 33.666, 35.947, 37.115, 38.124, 39.355, 42.661, 45.947, 45.595, 44.0, 44.115, 45.616, 46.557, 45.783, 45.229, 45.801, 46.695, 46.953, 47.832, 48.983, 50.633, 52.235, 53.4, 54.296, 54.426, 53.205, 51.559, 50.602, 50.161, 49.632, 48.928, 49.804, 49.582, 51.616, 54.727, 56.881, 57.308, 56.196, 54.729, 53.371, 51.894, 51.275, 51.66, 52.124, 52.161, 52.187, 52.353, 52.546, 52.705, 52.864, 54.131, 55.042, 53.618, 51.878, 52.167, 52.389, 52.145, 52.312, 52.104, 52.576, 53.849, 55.041, 55.712, 56.357, 57.633, 58.309, 58.489, 58.443], [37.917, 36.091, 32.241, 26.449, 18.287, 8.475, 4.213, 2.574, 0.0, 3.196, 8.473, 12.66, 14.865, 18.373, 21.264, 22.201, 24.545, 27.774, 30.721, 33.879, 36.199, 37.391, 38.405, 39.676, 43.115, 46.459, 46.06, 44.407, 44.496, 46.015, 46.984, 46.244, 45.694, 46.26, 47.217, 47.5, 48.366, 49.539, 51.204, 52.783, 53.925, 54.836, 54.974, 53.736, 52.061, 51.075, 50.584, 49.965, 49.359, 50.247, 50.076, 52.217, 55.321, 57.444, 57.841, 56.744, 55.311, 53.984, 52.483, 51.785, 52.097, 52.554, 52.604, 52.645, 52.821, 52.988, 53.122, 53.287, 54.541, 55.474, 54.044, 52.23, 52.437, 52.632, 52.394, 52.552, 52.344, 52.84, 54.116, 55.287, 55.955, 56.565, 57.676, 58.294, 58.458, 58.358], [37.655, 35.845, 32.039, 26.351, 18.431, 9.134, 5.562, 4.62, 3.196, 0.0, 6.13, 10.77, 13.258, 17.08, 20.176, 21.115, 23.262, 26.527, 29.656, 32.922, 35.243, 36.413, 37.444, 38.769, 42.24, 45.637, 45.281, 43.615, 43.7, 45.257, 46.257, 45.503, 44.937, 45.591, 46.603, 46.844, 47.684, 48.862, 50.533, 52.12, 53.253, 54.16, 54.313, 53.114, 51.536, 50.63, 50.165, 49.616, 49.054, 49.937, 49.828, 52.009, 55.122, 57.27, 57.731, 56.642, 55.191, 53.811, 52.323, 51.704, 52.057, 52.521, 52.559, 52.58, 52.732, 52.888, 53.032, 53.181, 54.472, 55.487, 54.079, 52.299, 52.546, 52.752, 52.502, 52.659, 52.437, 52.922, 54.224, 55.412, 56.093, 56.665, 57.787, 58.431, 58.591, 58.493], [36.192, 34.332, 30.685, 25.541, 18.591, 10.955, 8.921, 8.752, 8.473, 6.13, 0.0, 5.262, 8.958, 14.105, 17.869, 18.895, 20.421, 23.832, 27.513, 31.076, 33.257, 34.212, 35.216, 36.493, 39.645, 42.852, 42.649, 41.205, 41.382, 42.951, 43.965, 43.124, 42.384, 42.952, 43.789, 43.909, 44.778, 45.917, 47.537, 49.19, 50.37, 51.229, 51.374, 50.325, 49.27, 48.715, 48.315, 47.918, 46.932, 47.584, 47.519, 49.484, 52.5, 54.698, 55.354, 54.291, 52.801, 51.388, 50.136, 49.95, 50.5, 50.938, 50.893, 50.837, 50.946, 51.121, 51.314, 51.415, 52.743, 53.826, 52.44, 50.818, 51.24, 51.514, 51.241, 51.429, 51.181, 51.563, 52.815, 53.997, 54.708, 55.255, 56.821, 57.742, 57.913, 57.964], [35.314, 33.251, 29.717, 25.181, 19.347, 13.568, 12.628, 12.682, 12.66, 10.77, 5.262, 0.0, 5.242, 11.998, 16.49, 17.689, 18.795, 22.333, 26.448, 30.164, 32.138, 32.871, 33.816, 34.974, 37.738, 40.638, 40.521, 39.374, 39.707, 41.276, 42.293, 41.367, 40.424, 40.811, 41.506, 41.719, 42.701, 43.781, 45.283, 46.87, 48.051, 48.869, 49.007, 48.101, 47.522, 47.38, 47.208, 47.064, 45.637, 45.952, 45.825, 47.501, 50.363, 52.603, 53.434, 52.419, 50.964, 49.668, 48.731, 48.937, 49.615, 50.005, 49.888, 49.772, 49.87, 50.076, 50.304, 50.36, 51.633, 52.641, 51.256, 49.772, 50.292, 50.609, 50.336, 50.551, 50.286, 50.585, 51.755, 52.863, 53.568, 54.093, 56.034, 57.202, 57.375, 57.557], [35.497, 33.281, 29.798, 25.544, 20.332, 15.431, 14.739, 14.844, 14.865, 13.258, 8.958, 5.242, 0.0, 7.99, 13.539, 14.973, 16.37, 20.524, 24.969, 28.814, 30.857, 31.601, 32.573, 33.672, 36.362, 39.213, 39.021, 37.87, 38.249, 39.856, 40.929, 39.985, 38.902, 39.211, 40.049, 40.417, 41.363, 42.421, 43.896, 45.429, 46.587, 47.419, 47.568, 46.656, 46.106, 46.15, 46.425, 46.777, 45.499, 45.799, 45.599, 47.144, 49.958, 52.224, 53.119, 52.199, 50.817, 49.623, 48.778, 48.972, 49.587, 49.941, 49.82, 49.694, 49.773, 49.943, 50.145, 50.187, 51.37, 52.368, 51.106, 49.678, 50.149, 50.438, 50.174, 50.39, 50.12, 50.419, 51.56, 52.626, 53.317, 53.826, 55.718, 56.868, 57.042, 57.271], [36.164, 34.282, 31.227, 27.324, 22.728, 18.655, 17.981, 18.159, 18.373, 17.08, 14.105, 11.998, 7.99, 0.0, 6.753, 8.907, 11.027, 16.421, 21.496, 25.491, 27.683, 28.582, 29.676, 30.833, 33.554, 36.521, 36.267, 34.932, 35.266, 36.884, 37.973, 37.03, 35.967, 36.507, 37.747, 38.34, 39.14, 40.182, 41.692, 43.229, 44.373, 45.233, 45.382, 44.417, 43.684, 43.773, 44.737, 46.309, 46.052, 46.574, 46.279, 47.768, 50.639, 52.978, 53.885, 52.963, 51.551, 50.328, 49.485, 49.578, 50.11, 50.435, 50.33, 50.198, 50.217, 50.336, 50.5, 50.499, 51.516, 52.472, 51.429, 50.099, 50.497, 50.739, 50.466, 50.677, 50.422, 50.722, 51.901, 53.015, 53.696, 54.171, 55.896, 56.934, 57.108, 57.379], [38.653, 37.144, 34.412, 30.615, 26.078, 21.923, 20.906, 21.025, 21.264, 20.176, 17.869, 16.49, 13.539, 6.753, 0.0, 3.674, 8.06, 14.419, 19.838, 23.956, 26.279, 27.321, 28.537, 29.905, 32.753, 35.682, 35.297, 33.752, 33.928, 35.51, 36.621, 35.751, 34.765, 35.337, 36.656, 37.264, 37.792, 38.818, 40.485, 42.099, 43.21, 44.048, 44.118, 43.045, 42.18, 42.16, 43.281, 45.612, 46.505, 47.315, 47.002, 48.582, 51.471, 53.757, 54.504, 53.396, 51.893, 50.642, 49.789, 49.71, 50.087, 50.37, 50.275, 50.166, 50.164, 50.246, 50.371, 50.32, 51.167, 52.077, 51.24, 49.914, 50.123, 50.289, 50.02, 50.232, 50.006, 50.317, 51.551, 52.707, 53.361, 53.71, 55.102, 56.006, 56.15, 56.403], [40.396, 38.985, 36.312, 32.546, 27.951, 23.423, 22.011, 22.014, 22.201, 21.115, 18.895, 17.689, 14.973, 8.907, 3.674, 0.0, 6.786, 14.281, 20.011, 24.297, 26.744, 27.873, 29.216, 30.754, 33.789, 36.795, 36.373, 34.691, 34.74, 36.303, 37.416, 36.557, 35.53, 35.964, 37.106, 37.456, 37.751, 38.793, 40.642, 42.444, 43.621, 44.451, 44.478, 43.341, 42.489, 42.401, 43.395, 45.664, 46.713, 47.741, 47.564, 49.144, 51.967, 54.155, 54.825, 53.673, 52.139, 50.877, 49.918, 49.67, 49.964, 50.231, 50.134, 50.043, 50.054, 50.109, 50.197, 50.142, 51.005, 52.035, 51.288, 49.904, 50.022, 50.147, 49.87, 50.087, 49.868, 50.2, 51.443, 52.596, 53.231, 53.523, 54.769, 55.603, 55.734, 55.968], [39.732, 38.552, 36.21, 32.986, 29.136, 25.436, 24.3, 24.292, 24.545, 23.262, 20.421, 18.795, 16.37, 11.027, 8.06, 6.786, 0.0, 9.126, 16.531, 21.565, 24.114, 25.353, 26.968, 28.797, 31.953, 35.236, 35.076, 33.402, 33.361, 34.778, 35.688, 34.623, 33.803, 34.743, 36.044, 36.505, 36.972, 37.913, 39.541, 41.242, 42.481, 43.351, 43.45, 42.574, 42.087, 42.265, 43.458, 45.927, 46.568, 47.363, 47.489, 49.202, 52.092, 54.425, 55.303, 54.208, 52.691, 51.372, 50.525, 50.551, 50.969, 51.183, 51.031, 50.882, 50.844, 50.902, 51.012, 50.933, 51.795, 52.716, 51.855, 50.589, 50.833, 50.995, 50.693, 50.919, 50.697, 50.942, 52.161, 53.309, 53.914, 54.276, 55.985, 57.021, 57.158, 57.471], [39.695, 38.949, 37.095, 34.363, 31.075, 28.193, 27.475, 27.531, 27.774, 26.527, 23.832, 22.333, 20.524, 16.421, 14.419, 14.281, 9.126, 0.0, 8.959, 15.407, 18.769, 20.553, 22.605, 24.943, 28.693, 32.439, 32.308, 30.343, 30.083, 31.262, 31.898, 30.755, 30.707, 32.89, 35.04, 36.033, 36.806, 37.533, 38.646, 39.937, 41.105, 42.068, 42.299, 41.624, 41.155, 41.379, 42.664, 45.451, 46.663, 47.451, 47.777, 50.381, 53.926, 56.623, 57.704, 56.683, 55.198, 53.85, 53.068, 53.265, 53.765, 53.945, 53.78, 53.62, 53.549, 53.602, 53.7, 53.624, 54.414, 55.1, 54.156, 53.078, 53.454, 53.65, 53.35, 53.56, 53.341, 53.516, 54.661, 55.788, 56.384, 56.788, 58.622, 59.701, 59.85, 60.142], [40.776, 40.451, 39.043, 36.604, 33.466, 30.87, 30.397, 30.503, 30.721, 29.656, 27.513, 26.448, 24.969, 21.496, 19.838, 20.011, 16.531, 8.959, 0.0, 7.812, 12.744, 15.606, 18.171, 21.05, 25.692, 29.906, 29.508, 26.949, 26.375, 27.422, 27.96, 27.01, 27.737, 31.111, 34.258, 35.74, 36.726, 37.226, 37.914, 38.938, 40.012, 41.07, 41.429, 40.705, 39.821, 39.832, 41.171, 44.262, 46.601, 47.823, 48.087, 51.565, 56.016, 59.181, 60.416, 59.475, 57.988, 56.606, 55.762, 55.943, 56.49, 56.705, 56.578, 56.452, 56.384, 56.413, 56.456, 56.395, 57.186, 57.787, 56.834, 55.903, 56.401, 56.624, 56.337, 56.52, 56.301, 56.454, 57.514, 58.633, 59.259, 59.661, 61.301, 62.256, 62.435, 62.659], [41.48, 41.369, 40.309, 38.26, 35.613, 33.668, 33.535, 33.666, 33.879, 32.922, 31.076, 30.164, 28.814, 25.491, 23.956, 24.297, 21.565, 15.407, 7.812, 0.0, 6.272, 10.512, 13.624, 17.039, 22.398, 26.976, 26.458, 23.507, 22.694, 23.67, 24.259, 23.601, 24.841, 29.152, 33.286, 35.424, 36.69, 37.011, 37.359, 38.138, 39.097, 40.212, 40.691, 40.019, 38.938, 38.956, 40.653, 44.222, 47.202, 48.596, 48.675, 52.376, 57.315, 60.943, 62.419, 61.56, 60.089, 58.7, 57.896, 58.156, 58.76, 58.997, 58.891, 58.779, 58.714, 58.734, 58.738, 58.662, 59.417, 59.884, 58.875, 58.064, 58.658, 58.909, 58.633, 58.794, 58.571, 58.702, 59.708, 60.82, 61.449, 61.874, 63.496, 64.399, 64.596, 64.812], [41.31, 41.148, 40.22, 38.562, 36.599, 35.492, 35.766, 35.947, 36.199, 35.243, 33.257, 32.138, 30.857, 27.683, 26.279, 26.744, 24.114, 18.769, 12.744, 6.272, 0.0, 5.216, 9.097, 13.072, 18.658, 23.365, 23.031, 20.276, 19.498, 20.367, 21.049, 20.64, 22.014, 26.774, 31.479, 34.133, 35.72, 36.008, 36.153, 36.753, 37.676, 38.818, 39.399, 39.0, 38.256, 38.567, 40.632, 44.545, 47.415, 48.672, 48.55, 51.962, 56.875, 60.768, 62.597, 61.874, 60.438, 59.08, 58.444, 58.942, 59.659, 59.895, 59.762, 59.64, 59.579, 59.611, 59.598, 59.494, 60.238, 60.611, 59.532, 58.845, 59.573, 59.883, 59.61, 59.765, 59.539, 59.625, 60.6, 61.709, 62.323, 62.787, 64.685, 65.694, 65.902, 66.196], [41.501, 41.151, 40.143, 38.642, 37.07, 36.398, 36.883, 37.115, 37.391, 36.413, 34.212, 32.871, 31.601, 28.582, 27.321, 27.873, 25.353, 20.553, 15.606, 10.512, 5.216, 0.0, 4.58, 9.196, 15.094, 19.97, 19.875, 17.512, 16.89, 17.611, 18.383, 18.225, 19.462, 24.233, 29.228, 32.222, 34.11, 34.505, 34.699, 35.407, 36.462, 37.652, 38.305, 38.177, 37.852, 38.401, 40.624, 44.641, 47.276, 48.456, 48.227, 51.347, 56.111, 60.083, 62.165, 61.589, 60.165, 58.799, 58.279, 58.989, 59.83, 60.075, 59.918, 59.789, 59.725, 59.746, 59.704, 59.603, 60.383, 60.746, 59.64, 59.049, 59.916, 60.288, 60.008, 60.154, 59.927, 59.965, 60.909, 62.046, 62.668, 63.159, 65.313, 66.449, 66.669, 67.043], [42.175, 41.712, 40.623, 39.129, 37.718, 37.277, 37.867, 38.124, 38.405, 37.444, 35.216, 33.816, 32.573, 29.676, 28.537, 29.216, 26.968, 22.605, 18.171, 13.624, 9.097, 4.58, 0.0, 5.257, 11.928, 17.238, 17.301, 15.181, 14.691, 15.26, 16.089, 16.209, 17.478, 22.363, 27.779, 31.169, 33.31, 33.821, 34.138, 35.033, 36.243, 37.495, 38.205, 38.195, 37.995, 38.594, 40.863, 44.911, 47.541, 48.77, 48.484, 51.489, 56.213, 60.228, 62.414, 61.946, 60.543, 59.175, 58.746, 59.596, 60.529, 60.797, 60.64, 60.508, 60.425, 60.412, 60.344, 60.283, 61.106, 61.459, 60.34, 59.814, 60.784, 61.2, 60.919, 61.049, 60.815, 60.821, 61.737, 62.924, 63.587, 64.112, 66.376, 67.574, 67.807, 68.217], [42.159, 41.613, 40.517, 39.129, 38.098, 38.192, 39.051, 39.355, 39.676, 38.769, 36.493, 34.974, 33.672, 30.833, 29.905, 30.754, 28.797, 24.943, 21.05, 17.039, 13.072, 9.196, 5.257, 0.0, 7.542, 13.587, 13.988, 12.493, 12.456, 12.849, 13.726, 14.145, 15.492, 20.497, 26.413, 30.308, 32.686, 33.23, 33.547, 34.565, 35.923, 37.218, 37.986, 38.085, 37.977, 38.62, 40.977, 45.015, 47.478, 48.696, 48.329, 51.222, 55.891, 59.92, 62.197, 61.896, 60.576, 59.304, 59.103, 60.144, 61.135, 61.392, 61.221, 61.08, 60.97, 60.908, 60.801, 60.769, 61.604, 61.924, 60.795, 60.345, 61.419, 61.877, 61.602, 61.719, 61.474, 61.429, 62.278, 63.505, 64.219, 64.795, 67.211, 68.502, 68.745, 69.201], [42.366, 41.777, 40.907, 40.075, 39.969, 41.004, 42.264, 42.661, 43.115, 42.24, 39.645, 37.738, 36.362, 33.554, 32.753, 33.789, 31.953, 28.693, 25.692, 22.398, 18.658, 15.094, 11.928, 7.542, 0.0, 7.018, 9.198, 10.456, 11.65, 11.472, 12.07, 12.726, 14.016, 18.846, 24.877, 29.438, 32.216, 32.637, 32.655, 33.561, 34.986, 36.238, 37.065, 37.557, 38.023, 39.046, 41.691, 45.98, 47.949, 48.85, 48.252, 50.645, 55.061, 59.088, 61.559, 61.428, 60.203, 59.077, 59.413, 60.976, 62.117, 62.342, 62.121, 61.929, 61.778, 61.703, 61.587, 61.534, 62.328, 62.513, 61.394, 61.17, 62.421, 62.952, 62.674, 62.789, 62.539, 62.359, 63.09, 64.333, 65.081, 65.709, 68.551, 70.077, 70.33, 70.923], [43.942, 43.287, 42.632, 42.296, 42.726, 44.1, 45.498, 45.947, 46.459, 45.637, 42.852, 40.638, 39.213, 36.521, 35.682, 36.795, 35.236, 32.439, 29.906, 26.976, 23.365, 19.97, 17.238, 13.587, 7.018, 0.0, 5.17, 10.5, 12.944, 12.378, 12.571, 13.133, 13.676, 17.312, 22.932, 28.154, 31.348, 31.584, 31.259, 31.897, 33.234, 34.385, 35.222, 36.15, 37.279, 38.726, 41.663, 46.345, 48.097, 48.607, 47.772, 49.785, 54.006, 58.034, 60.675, 60.65, 59.514, 58.635, 59.476, 61.514, 62.799, 62.98, 62.695, 62.473, 62.342, 62.322, 62.214, 62.116, 62.846, 62.913, 61.867, 61.863, 63.178, 63.736, 63.475, 63.608, 63.348, 63.048, 63.667, 64.86, 65.602, 66.176, 69.224, 70.923, 71.166, 71.84], [44.9, 44.225, 43.487, 42.912, 42.942, 43.905, 45.153, 45.595, 46.06, 45.281, 42.649, 40.521, 39.021, 36.267, 35.297, 36.373, 35.076, 32.308, 29.508, 26.458, 23.031, 19.875, 17.301, 13.988, 9.198, 5.17, 0.0, 6.952, 10.364, 10.217, 10.69, 11.317, 11.592, 14.965, 20.851, 26.315, 29.552, 29.778, 29.439, 30.027, 31.33, 32.514, 33.359, 34.17, 35.088, 36.45, 39.429, 44.31, 46.577, 47.203, 46.427, 48.836, 53.271, 57.335, 59.916, 59.873, 58.753, 58.003, 58.843, 60.766, 62.02, 62.227, 61.938, 61.735, 61.643, 61.646, 61.521, 61.425, 62.177, 62.331, 61.409, 61.393, 62.604, 63.117, 62.874, 63.009, 62.727, 62.466, 63.092, 64.243, 64.975, 65.44, 68.175, 69.781, 70.014, 70.627], [45.54, 45.03, 44.144, 42.962, 42.261, 42.64, 43.611, 44.0, 44.407, 43.615, 41.205, 39.374, 37.87, 34.932, 33.752, 34.691, 33.402, 30.343, 26.949, 23.507, 20.276, 17.512, 15.181, 12.493, 10.456, 10.5, 6.952, 0.0, 4.541, 6.295, 8.283, 9.373, 10.312, 14.942, 21.226, 26.02, 28.837, 29.225, 29.148, 29.911, 31.235, 32.485, 33.311, 33.678, 33.918, 34.865, 37.575, 42.329, 45.312, 46.372, 45.832, 48.829, 53.6, 57.72, 60.118, 59.927, 58.713, 57.811, 58.347, 59.859, 60.978, 61.312, 61.098, 60.917, 60.795, 60.752, 60.62, 60.572, 61.41, 61.755, 60.974, 60.853, 61.944, 62.41, 62.16, 62.266, 61.968, 61.816, 62.523, 63.675, 64.403, 64.815, 67.179, 68.588, 68.824, 69.357], [46.341, 45.986, 45.091, 43.625, 42.656, 42.875, 43.758, 44.115, 44.496, 43.7, 41.382, 39.707, 38.249, 35.266, 33.928, 34.74, 33.361, 30.083, 26.375, 22.694, 19.498, 16.89, 14.691, 12.456, 11.65, 12.944, 10.364, 4.541, 0.0, 4.161, 7.842, 9.45, 10.779, 15.918, 22.254, 26.524, 28.963, 29.378, 29.429, 30.255, 31.546, 32.804, 33.602, 33.813, 33.791, 34.517, 37.058, 41.697, 44.957, 46.22, 45.834, 49.05, 53.945, 58.084, 60.392, 60.142, 58.907, 57.921, 58.309, 59.583, 60.555, 60.912, 60.75, 60.582, 60.424, 60.327, 60.201, 60.187, 61.043, 61.482, 60.779, 60.602, 61.617, 62.053, 61.801, 61.889, 61.586, 61.466, 62.206, 63.355, 64.074, 64.484, 66.724, 68.054, 68.283, 68.794], [47.429, 47.06, 46.168, 44.82, 44.0, 44.328, 45.251, 45.616, 46.015, 45.257, 42.951, 41.276, 39.856, 36.884, 35.51, 36.303, 34.778, 31.262, 27.422, 23.67, 20.367, 17.611, 15.26, 12.849, 11.472, 12.378, 10.217, 6.295, 4.161, 0.0, 4.524, 7.255, 9.604, 15.322, 22.062, 26.889, 29.638, 30.003, 29.914, 30.675, 32.018, 33.323, 34.147, 34.602, 34.848, 35.625, 38.193, 42.935, 46.206, 47.414, 47.008, 50.164, 55.052, 59.205, 61.546, 61.317, 60.068, 59.069, 59.482, 60.873, 61.899, 62.181, 61.983, 61.819, 61.671, 61.555, 61.381, 61.371, 62.16, 62.398, 61.583, 61.462, 62.537, 62.999, 62.737, 62.826, 62.548, 62.353, 63.035, 64.192, 64.915, 65.338, 67.685, 69.081, 69.314, 69.841], [48.068, 47.741, 46.931, 45.753, 44.998, 45.297, 46.189, 46.557, 46.984, 46.257, 43.965, 42.293, 40.929, 37.973, 36.621, 37.416, 35.688, 31.898, 27.96, 24.259, 21.049, 18.383, 16.089, 13.726, 12.07, 12.571, 10.69, 8.283, 7.842, 4.524, 0.0, 4.189, 8.342, 14.751, 21.716, 27.175, 30.358, 30.687, 30.474, 31.199, 32.635, 34.006, 34.863, 35.534, 35.993, 36.819, 39.425, 44.282, 47.498, 48.566, 48.143, 51.314, 56.217, 60.384, 62.746, 62.497, 61.209, 60.196, 60.638, 62.182, 63.304, 63.517, 63.264, 63.092, 62.975, 62.881, 62.662, 62.641, 63.375, 63.377, 62.411, 62.338, 63.483, 63.976, 63.702, 63.797, 63.547, 63.294, 63.931, 65.102, 65.824, 66.245, 68.69, 70.159, 70.398, 70.922], [47.27, 47.0, 46.316, 45.228, 44.409, 44.573, 45.411, 45.783, 46.244, 45.503, 43.124, 41.367, 39.985, 37.03, 35.751, 36.557, 34.623, 30.755, 27.01, 23.601, 20.64, 18.225, 16.209, 14.145, 12.726, 13.133, 11.317, 9.373, 9.45, 7.255, 4.189, 0.0, 5.748, 13.146, 20.229, 25.911, 29.269, 29.567, 29.367, 30.134, 31.626, 33.029, 33.892, 34.578, 35.085, 36.013, 38.731, 43.713, 46.703, 47.586, 47.255, 50.492, 55.397, 59.549, 61.9, 61.6, 60.288, 59.297, 59.753, 61.34, 62.484, 62.659, 62.365, 62.158, 62.056, 62.035, 61.853, 61.815, 62.576, 62.565, 61.546, 61.444, 62.581, 63.074, 62.801, 62.908, 62.65, 62.403, 63.07, 64.247, 64.961, 65.349, 67.866, 69.402, 69.632, 70.154], [47.301, 46.785, 45.987, 44.919, 44.081, 44.084, 44.855, 45.229, 45.694, 44.937, 42.384, 40.424, 38.902, 35.967, 34.765, 35.53, 33.803, 30.707, 27.737, 24.841, 22.014, 19.462, 17.478, 15.492, 14.016, 13.676, 11.592, 10.312, 10.779, 9.604, 8.342, 5.748, 0.0, 8.407, 16.327, 22.63, 26.285, 26.691, 26.778, 27.887, 29.526, 30.933, 31.781, 32.5, 33.296, 34.489, 37.397, 42.498, 45.115, 45.835, 45.491, 48.456, 53.186, 57.301, 59.723, 59.44, 58.105, 57.186, 57.732, 59.389, 60.555, 60.727, 60.406, 60.169, 60.074, 60.094, 59.953, 59.896, 60.691, 60.781, 59.8, 59.674, 60.783, 61.271, 61.006, 61.132, 60.858, 60.602, 61.284, 62.467, 63.18, 63.504, 66.088, 67.701, 67.926, 68.495], [48.979, 48.166, 47.113, 46.0, 45.074, 44.793, 45.443, 45.801, 46.26, 45.591, 42.952, 40.811, 39.211, 36.507, 35.337, 35.964, 34.743, 32.89, 31.111, 29.152, 26.774, 24.233, 22.363, 20.497, 18.846, 17.312, 14.965, 14.942, 15.918, 15.322, 14.751, 13.146, 8.407, 0.0, 9.359, 17.598, 22.138, 22.758, 23.339, 25.002, 26.954, 28.386, 29.146, 30.041, 31.395, 32.835, 35.791, 40.861, 42.976, 43.479, 43.101, 45.699, 50.097, 54.075, 56.577, 56.391, 55.111, 54.433, 55.248, 57.09, 58.286, 58.379, 57.967, 57.718, 57.701, 57.763, 57.578, 57.539, 58.417, 58.569, 57.63, 57.489, 58.516, 58.988, 58.74, 58.885, 58.592, 58.258, 58.855, 59.995, 60.695, 60.89, 63.497, 65.247, 65.46, 66.097], [50.828, 50.114, 49.085, 47.965, 46.71, 45.902, 46.333, 46.695, 47.217, 46.603, 43.789, 41.506, 40.049, 37.747, 36.656, 37.106, 36.044, 35.04, 34.258, 33.286, 31.479, 29.228, 27.779, 26.413, 24.877, 22.932, 20.851, 21.226, 22.254, 22.062, 21.716, 20.229, 16.327, 9.359, 0.0, 10.324, 16.359, 17.243, 18.31, 20.771, 23.237, 24.66, 25.257, 26.347, 28.416, 30.143, 32.925, 38.037, 39.811, 40.248, 39.959, 42.237, 46.379, 50.19, 52.785, 52.641, 51.353, 50.931, 52.083, 54.339, 55.806, 55.921, 55.405, 55.127, 55.214, 55.446, 55.288, 55.278, 56.695, 57.344, 56.523, 56.443, 57.496, 57.995, 57.76, 57.924, 57.548, 57.085, 57.601, 58.684, 59.38, 59.392, 62.072, 63.98, 64.185, 64.899], [52.247, 51.899, 51.055, 49.752, 47.929, 46.448, 46.579, 46.953, 47.5, 46.844, 43.909, 41.719, 40.417, 38.34, 37.264, 37.456, 36.505, 36.033, 35.74, 35.424, 34.133, 32.222, 31.169, 30.308, 29.438, 28.154, 26.315, 26.02, 26.524, 26.889, 27.175, 25.911, 22.63, 17.598, 10.324, 0.0, 7.343, 9.375, 11.992, 16.242, 19.311, 20.653, 21.054, 21.586, 23.764, 25.435, 27.699, 32.754, 35.039, 36.295, 36.259, 38.606, 42.796, 46.495, 49.19, 49.175, 47.886, 47.512, 48.517, 50.754, 52.437, 52.734, 52.264, 52.039, 52.16, 52.492, 52.45, 52.47, 54.668, 56.678, 56.407, 56.356, 57.505, 58.021, 57.8, 57.955, 57.42, 56.974, 57.561, 58.652, 59.388, 59.277, 61.683, 63.447, 63.681, 64.395], [53.351, 53.232, 52.609, 51.299, 49.289, 47.513, 47.456, 47.832, 48.366, 47.684, 44.778, 42.701, 41.363, 39.14, 37.792, 37.751, 36.972, 36.806, 36.726, 36.69, 35.72, 34.11, 33.31, 32.686, 32.216, 31.348, 29.552, 28.837, 28.963, 29.638, 30.358, 29.269, 26.285, 22.138, 16.359, 7.343, 0.0, 4.193, 9.157, 14.603, 17.691, 18.809, 18.977, 18.627, 20.483, 21.98, 23.977, 29.186, 32.221, 34.195, 34.35, 36.883, 41.108, 44.711, 47.366, 47.414, 46.202, 45.87, 46.646, 48.519, 50.059, 50.384, 49.969, 49.806, 49.912, 50.234, 50.28, 50.288, 52.681, 55.584, 55.906, 55.879, 56.973, 57.436, 57.241, 57.391, 56.76, 56.398, 57.071, 58.183, 58.949, 58.755, 60.77, 62.323, 62.569, 63.255], [53.06, 53.063, 52.76, 51.831, 50.138, 48.578, 48.591, 48.983, 49.539, 48.862, 45.917, 43.781, 42.421, 40.182, 38.818, 38.793, 37.913, 37.533, 37.226, 37.011, 36.008, 34.505, 33.821, 33.23, 32.637, 31.584, 29.778, 29.225, 29.378, 30.003, 30.687, 29.567, 26.691, 22.758, 17.243, 9.375, 4.193, 0.0, 5.891, 11.966, 15.223, 16.289, 16.412, 16.068, 18.298, 20.142, 22.473, 28.144, 31.299, 33.162, 33.312, 36.064, 40.549, 44.328, 47.037, 47.058, 45.856, 45.596, 46.463, 48.446, 50.002, 50.261, 49.828, 49.662, 49.781, 50.148, 50.245, 50.206, 52.498, 55.332, 55.693, 55.78, 56.885, 57.332, 57.154, 57.321, 56.695, 56.306, 56.936, 58.018, 58.783, 58.56, 60.538, 62.082, 62.326, 63.014], [52.109, 52.283, 52.353, 51.918, 50.803, 49.888, 50.206, 50.633, 51.204, 50.533, 47.537, 45.283, 43.896, 41.692, 40.485, 40.642, 39.541, 38.646, 37.914, 37.359, 36.153, 34.699, 34.138, 33.547, 32.655, 31.259, 29.439, 29.148, 29.429, 29.914, 30.474, 29.367, 26.778, 23.339, 18.31, 11.992, 9.157, 5.891, 0.0, 6.685, 10.438, 11.658, 11.993, 12.323, 15.633, 18.3, 21.357, 27.662, 30.81, 32.262, 32.237, 35.215, 40.027, 44.094, 47.022, 47.146, 46.0, 45.822, 46.914, 49.216, 50.905, 51.13, 50.695, 50.537, 50.674, 51.091, 51.204, 51.113, 53.299, 55.885, 56.155, 56.425, 57.642, 58.123, 57.955, 58.132, 57.517, 57.047, 57.566, 58.559, 59.306, 59.112, 61.228, 62.828, 63.08, 63.773], [51.393, 51.729, 52.097, 51.976, 51.319, 51.093, 51.788, 52.235, 52.783, 52.12, 49.19, 46.87, 45.429, 43.229, 42.099, 42.444, 41.242, 39.937, 38.938, 38.138, 36.753, 35.407, 35.033, 34.565, 33.561, 31.897, 30.027, 29.911, 30.255, 30.675, 31.199, 30.134, 27.887, 25.002, 20.771, 16.242, 14.603, 11.966, 6.685, 0.0, 4.337, 6.094, 6.951, 8.698, 13.246, 16.887, 20.857, 27.713, 30.976, 31.846, 31.571, 34.829, 39.834, 44.097, 47.194, 47.411, 46.375, 46.317, 47.584, 50.012, 51.673, 51.853, 51.444, 51.326, 51.5, 51.957, 52.082, 51.941, 53.956, 56.261, 56.476, 56.866, 58.069, 58.552, 58.411, 58.587, 57.969, 57.43, 57.875, 58.758, 59.453, 59.262, 61.352, 62.926, 63.175, 63.834], [51.596, 52.058, 52.595, 52.581, 52.048, 52.061, 52.929, 53.4, 53.925, 53.253, 50.37, 48.051, 46.587, 44.373, 43.21, 43.621, 42.481, 41.105, 40.012, 39.097, 37.676, 36.462, 36.243, 35.923, 34.986, 33.234, 31.33, 31.235, 31.546, 32.018, 32.635, 31.626, 29.526, 26.954, 23.237, 19.311, 17.691, 15.223, 10.438, 4.337, 0.0, 2.429, 3.817, 6.587, 11.871, 16.067, 20.482, 27.671, 31.199, 31.808, 31.365, 34.768, 39.853, 44.17, 47.306, 47.549, 46.58, 46.58, 47.887, 50.295, 51.887, 52.044, 51.671, 51.587, 51.777, 52.257, 52.429, 52.262, 54.151, 56.386, 56.674, 57.124, 58.274, 58.732, 58.622, 58.802, 58.178, 57.631, 58.049, 58.867, 59.539, 59.317, 61.259, 62.755, 63.002, 63.639], [52.129, 52.638, 53.271, 53.348, 52.877, 52.919, 53.803, 54.296, 54.836, 54.16, 51.229, 48.869, 47.419, 45.233, 44.048, 44.451, 43.351, 42.068, 41.07, 40.212, 38.818, 37.652, 37.495, 37.218, 36.238, 34.385, 32.514, 32.485, 32.804, 33.323, 34.006, 33.029, 30.933, 28.386, 24.66, 20.653, 18.809, 16.289, 11.658, 6.094, 2.429, 0.0, 1.922, 5.655, 11.751, 16.228, 20.609, 27.87, 31.362, 31.844, 31.337, 34.592, 39.593, 43.896, 47.079, 47.333, 46.377, 46.419, 47.788, 50.255, 51.853, 51.999, 51.63, 51.549, 51.746, 52.262, 52.486, 52.298, 54.135, 56.399, 56.767, 57.274, 58.427, 58.88, 58.782, 58.978, 58.35, 57.802, 58.206, 58.985, 59.648, 59.398, 61.34, 62.838, 63.083, 63.746], [52.518, 53.034, 53.668, 53.722, 53.178, 53.104, 53.934, 54.426, 54.974, 54.313, 51.374, 49.007, 47.568, 45.382, 44.118, 44.478, 43.45, 42.299, 41.429, 40.691, 39.399, 38.305, 38.205, 37.986, 37.065, 35.222, 33.359, 33.311, 33.602, 34.147, 34.863, 33.892, 31.781, 29.146, 25.257, 21.054, 18.977, 16.412, 11.993, 6.951, 3.817, 1.922, 0.0, 4.763, 11.467, 16.01, 20.293, 27.606, 31.139, 31.578, 31.051, 34.201, 39.112, 43.345, 46.48, 46.685, 45.721, 45.812, 47.221, 49.699, 51.28, 51.406, 51.029, 50.953, 51.16, 51.697, 51.941, 51.739, 53.575, 55.889, 56.319, 56.832, 57.945, 58.383, 58.292, 58.494, 57.866, 57.304, 57.691, 58.442, 59.095, 58.808, 60.709, 62.208, 62.445, 63.122], [52.317, 52.887, 53.46, 53.309, 52.429, 52.015, 52.715, 53.205, 53.736, 53.114, 50.325, 48.101, 46.656, 44.417, 43.045, 43.341, 42.574, 41.624, 40.705, 40.019, 39.0, 38.177, 38.195, 38.085, 37.557, 36.15, 34.17, 33.678, 33.813, 34.602, 35.534, 34.578, 32.5, 30.041, 26.347, 21.586, 18.627, 16.068, 12.323, 8.698, 6.587, 5.655, 4.763, 0.0, 7.538, 12.373, 16.737, 24.498, 29.01, 30.118, 29.702, 33.296, 38.488, 42.7, 45.602, 45.692, 44.735, 44.828, 46.003, 48.111, 49.569, 49.76, 49.432, 49.38, 49.582, 50.126, 50.428, 50.247, 52.218, 54.95, 55.636, 56.089, 57.122, 57.501, 57.436, 57.637, 56.972, 56.551, 57.032, 57.818, 58.529, 58.195, 59.709, 61.011, 61.252, 61.866], [51.68, 52.428, 52.985, 52.477, 51.13, 50.431, 51.068, 51.559, 52.061, 51.536, 49.27, 47.522, 46.106, 43.684, 42.18, 42.489, 42.087, 41.155, 39.821, 38.938, 38.256, 37.852, 37.995, 37.977, 38.023, 37.279, 35.088, 33.918, 33.791, 34.848, 35.993, 35.085, 33.296, 31.395, 28.416, 23.764, 20.483, 18.298, 15.633, 13.246, 11.871, 11.751, 11.467, 7.538, 0.0, 5.675, 11.854, 20.723, 27.087, 29.271, 29.002, 33.532, 39.291, 43.526, 46.023, 45.983, 45.05, 45.073, 45.804, 47.205, 48.389, 48.695, 48.506, 48.519, 48.7, 49.221, 49.563, 49.449, 51.579, 54.679, 55.584, 55.924, 56.815, 57.104, 57.071, 57.239, 56.529, 56.304, 56.953, 57.817, 58.574, 58.256, 59.167, 60.106, 60.34, 60.774], [51.977, 52.838, 53.284, 52.417, 50.636, 49.597, 50.124, 50.602, 51.075, 50.63, 48.715, 47.38, 46.15, 43.773, 42.16, 42.401, 42.265, 41.379, 39.832, 38.956, 38.567, 38.401, 38.594, 38.62, 39.046, 38.726, 36.45, 34.865, 34.517, 35.625, 36.819, 36.013, 34.489, 32.835, 30.143, 25.435, 21.98, 20.142, 18.3, 16.887, 16.067, 16.228, 16.01, 12.373, 5.675, 0.0, 7.704, 17.276, 25.173, 28.277, 28.18, 33.396, 39.515, 43.711, 45.942, 45.884, 44.999, 44.993, 45.462, 46.413, 47.387, 47.709, 47.573, 47.653, 47.843, 48.314, 48.621, 48.592, 50.875, 54.244, 55.298, 55.55, 56.358, 56.606, 56.587, 56.723, 55.985, 55.822, 56.496, 57.433, 58.263, 57.946, 58.473, 59.196, 59.431, 59.764], [53.19, 54.047, 54.251, 53.029, 50.806, 49.341, 49.705, 50.161, 50.584, 50.165, 48.315, 47.208, 46.425, 44.737, 43.281, 43.395, 43.458, 42.664, 41.171, 40.653, 40.632, 40.624, 40.863, 40.977, 41.691, 41.663, 39.429, 37.575, 37.058, 38.193, 39.425, 38.731, 37.397, 35.791, 32.925, 27.699, 23.977, 22.473, 21.357, 20.857, 20.482, 20.609, 20.293, 16.737, 11.854, 7.704, 0.0, 10.715, 21.131, 25.469, 25.847, 32.059, 38.566, 42.655, 44.687, 44.65, 43.826, 43.85, 44.184, 44.919, 45.837, 46.181, 46.026, 46.171, 46.427, 46.901, 47.202, 47.271, 49.84, 53.655, 54.921, 55.139, 55.959, 56.208, 56.201, 56.328, 55.537, 55.414, 56.064, 57.047, 58.051, 57.685, 57.893, 58.511, 58.753, 59.026], [53.861, 54.561, 54.413, 52.837, 50.36, 48.814, 49.22, 49.632, 49.965, 49.616, 47.918, 47.064, 46.777, 46.309, 45.612, 45.664, 45.927, 45.451, 44.262, 44.222, 44.545, 44.641, 44.911, 45.015, 45.98, 46.345, 44.31, 42.329, 41.697, 42.935, 44.282, 43.713, 42.498, 40.861, 38.037, 32.754, 29.186, 28.144, 27.662, 27.713, 27.671, 27.87, 27.606, 24.498, 20.723, 17.276, 10.715, 0.0, 14.179, 20.56, 21.777, 29.483, 36.38, 40.231, 41.941, 42.108, 41.55, 41.716, 41.854, 42.19, 42.988, 43.413, 43.316, 43.572, 43.867, 44.258, 44.527, 44.737, 47.686, 52.152, 53.675, 53.842, 54.7, 54.944, 54.976, 55.071, 54.182, 54.164, 54.805, 55.77, 56.911, 56.746, 56.826, 57.332, 57.576, 57.731], [50.84, 51.19, 51.041, 49.985, 48.411, 47.721, 48.504, 48.928, 49.359, 49.054, 46.932, 45.637, 45.499, 46.052, 46.505, 46.713, 46.568, 46.663, 46.601, 47.202, 47.415, 47.276, 47.541, 47.478, 47.949, 48.097, 46.577, 45.312, 44.957, 46.206, 47.498, 46.703, 45.115, 42.976, 39.811, 35.039, 32.221, 31.299, 30.81, 30.976, 31.199, 31.362, 31.139, 29.01, 27.087, 25.173, 21.131, 14.179, 0.0, 8.524, 11.207, 19.415, 26.385, 30.275, 32.291, 33.112, 33.165, 34.001, 34.974, 35.957, 36.946, 37.284, 37.066, 37.21, 37.483, 37.965, 38.353, 38.586, 41.695, 46.333, 47.863, 48.211, 49.351, 49.718, 49.778, 49.889, 48.909, 48.802, 49.254, 50.054, 51.205, 51.602, 53.546, 54.857, 55.091, 55.552], [49.781, 49.988, 50.001, 49.374, 48.449, 48.355, 49.373, 49.804, 50.247, 49.937, 47.584, 45.952, 45.799, 46.574, 47.315, 47.741, 47.363, 47.451, 47.823, 48.596, 48.672, 48.456, 48.77, 48.696, 48.85, 48.607, 47.203, 46.372, 46.22, 47.414, 48.566, 47.586, 45.835, 43.479, 40.248, 36.295, 34.195, 33.162, 32.262, 31.846, 31.808, 31.844, 31.578, 30.118, 29.271, 28.277, 25.469, 20.56, 8.524, 0.0, 6.404, 15.527, 22.255, 26.251, 28.523, 29.546, 29.927, 31.37, 33.253, 34.95, 35.935, 36.023, 35.652, 35.678, 36.028, 36.728, 37.236, 37.342, 40.021, 43.989, 45.262, 45.703, 46.825, 47.224, 47.306, 47.434, 46.474, 46.241, 46.524, 47.103, 48.161, 48.644, 51.515, 53.402, 53.583, 54.173], [48.735, 48.948, 49.081, 48.637, 47.87, 47.957, 49.116, 49.582, 50.076, 49.828, 47.519, 45.825, 45.599, 46.279, 47.002, 47.564, 47.489, 47.777, 48.087, 48.675, 48.55, 48.227, 48.484, 48.329, 48.252, 47.772, 46.427, 45.832, 45.834, 47.008, 48.143, 47.255, 45.491, 43.101, 39.959, 36.259, 34.35, 33.312, 32.237, 31.571, 31.365, 31.337, 31.051, 29.702, 29.002, 28.18, 25.847, 21.777, 11.207, 6.404, 0.0, 11.125, 19.004, 23.79, 26.678, 27.92, 28.33, 29.794, 31.941, 34.072, 35.346, 35.509, 35.176, 35.24, 35.615, 36.308, 36.805, 36.911, 39.457, 43.118, 44.289, 44.917, 46.252, 46.747, 46.828, 46.965, 46.04, 45.71, 45.906, 46.525, 47.598, 48.204, 51.38, 53.297, 53.596, 54.341], [49.612, 49.559, 49.755, 49.748, 49.509, 49.906, 51.129, 51.616, 52.217, 52.009, 49.484, 47.501, 47.144, 47.768, 48.582, 49.144, 49.202, 50.381, 51.565, 52.376, 51.962, 51.347, 51.489, 51.222, 50.645, 49.785, 48.836, 48.829, 49.05, 50.164, 51.314, 50.492, 48.456, 45.699, 42.237, 38.606, 36.883, 36.064, 35.215, 34.829, 34.768, 34.592, 34.201, 33.296, 33.532, 33.396, 32.059, 29.483, 19.415, 15.527, 11.125, 0.0, 9.074, 15.322, 19.878, 21.942, 22.882, 24.998, 28.356, 31.617, 33.409, 33.622, 33.258, 33.252, 33.572, 34.305, 34.892, 34.967, 37.498, 41.122, 42.408, 43.433, 45.114, 45.756, 45.829, 46.004, 45.09, 44.525, 44.495, 45.047, 46.109, 47.0, 51.56, 53.939, 54.334, 55.543], [52.558, 52.191, 52.241, 52.361, 52.467, 53.07, 54.271, 54.727, 55.321, 55.122, 52.5, 50.363, 49.958, 50.639, 51.471, 51.967, 52.092, 53.926, 56.016, 57.315, 56.875, 56.111, 56.213, 55.891, 55.061, 54.006, 53.271, 53.6, 53.945, 55.052, 56.217, 55.397, 53.186, 50.097, 46.379, 42.796, 41.108, 40.549, 40.027, 39.834, 39.853, 39.593, 39.112, 38.488, 39.291, 39.515, 38.566, 36.38, 26.385, 22.255, 19.004, 9.074, 0.0, 7.501, 14.03, 17.347, 19.264, 22.462, 26.995, 30.784, 32.564, 32.707, 32.298, 32.245, 32.558, 33.345, 34.004, 34.027, 36.457, 40.22, 41.755, 42.918, 44.586, 45.251, 45.34, 45.503, 44.562, 43.889, 43.716, 44.084, 45.064, 46.072, 51.454, 54.204, 54.572, 56.017], [55.6, 55.049, 54.874, 54.827, 54.876, 55.369, 56.464, 56.881, 57.444, 57.27, 54.698, 52.603, 52.224, 52.978, 53.757, 54.155, 54.425, 56.623, 59.181, 60.943, 60.768, 60.083, 60.228, 59.92, 59.088, 58.034, 57.335, 57.72, 58.084, 59.205, 60.384, 59.549, 57.301, 54.075, 50.19, 46.495, 44.711, 44.328, 44.094, 44.097, 44.17, 43.896, 43.345, 42.7, 43.526, 43.711, 42.655, 40.231, 30.275, 26.251, 23.79, 15.322, 7.501, 0.0, 8.053, 12.977, 16.15, 20.668, 26.122, 29.965, 31.579, 31.719, 31.323, 31.265, 31.585, 32.411, 33.126, 33.129, 35.61, 39.764, 41.66, 42.825, 44.351, 44.972, 45.093, 45.232, 44.241, 43.543, 43.291, 43.512, 44.466, 45.513, 51.152, 54.074, 54.381, 55.872], [57.321, 56.721, 56.38, 56.037, 55.771, 55.973, 56.924, 57.308, 57.841, 57.731, 55.354, 53.434, 53.119, 53.885, 54.504, 54.825, 55.303, 57.704, 60.416, 62.419, 62.597, 62.165, 62.414, 62.197, 61.559, 60.675, 59.916, 60.118, 60.392, 61.546, 62.746, 61.9, 59.723, 56.577, 52.785, 49.19, 47.366, 47.037, 47.022, 47.194, 47.306, 47.079, 46.48, 45.602, 46.023, 45.942, 44.687, 41.941, 32.291, 28.523, 26.678, 19.878, 14.03, 8.053, 0.0, 6.799, 12.051, 18.409, 24.607, 28.128, 29.453, 29.606, 29.28, 29.247, 29.571, 30.421, 31.188, 31.167, 33.628, 38.075, 40.36, 41.509, 42.817, 43.338, 43.513, 43.632, 42.596, 41.947, 41.664, 41.774, 42.75, 43.868, 49.488, 52.474, 52.695, 54.12], [57.035, 56.441, 56.075, 55.623, 55.088, 54.988, 55.814, 56.196, 56.744, 56.642, 54.291, 52.419, 52.199, 52.963, 53.396, 53.673, 54.208, 56.683, 59.475, 61.56, 61.874, 61.589, 61.946, 61.896, 61.428, 60.65, 59.873, 59.927, 60.142, 61.317, 62.497, 61.6, 59.44, 56.391, 52.641, 49.175, 47.414, 47.058, 47.146, 47.411, 47.549, 47.333, 46.685, 45.692, 45.983, 45.884, 44.65, 42.108, 33.112, 29.546, 27.92, 21.942, 17.347, 12.977, 6.799, 0.0, 7.018, 15.087, 21.833, 25.464, 26.948, 27.209, 26.914, 26.87, 27.21, 28.207, 29.153, 29.076, 31.471, 35.84, 38.225, 39.461, 40.724, 41.216, 41.393, 41.558, 40.553, 39.966, 39.831, 39.975, 40.915, 41.981, 47.553, 50.551, 50.729, 52.124], [55.954, 55.366, 54.986, 54.461, 53.788, 53.553, 54.326, 54.729, 55.311, 55.191, 52.801, 50.964, 50.817, 51.551, 51.893, 52.139, 52.691, 55.198, 57.988, 60.089, 60.438, 60.165, 60.543, 60.576, 60.203, 59.514, 58.753, 58.713, 58.907, 60.068, 61.209, 60.288, 58.105, 55.111, 51.353, 47.886, 46.202, 45.856, 46.0, 46.375, 46.58, 46.377, 45.721, 44.735, 45.05, 44.999, 43.826, 41.55, 33.165, 29.927, 28.33, 22.882, 19.264, 16.15, 12.051, 7.018, 0.0, 9.251, 16.743, 21.267, 23.574, 24.144, 23.922, 23.853, 24.142, 25.207, 26.197, 26.152, 28.736, 32.961, 35.307, 36.829, 38.453, 39.054, 39.144, 39.298, 38.317, 37.726, 37.787, 38.223, 39.202, 40.173, 45.701, 48.668, 48.867, 50.287], [54.663, 54.157, 53.766, 53.157, 52.414, 52.168, 52.939, 53.371, 53.984, 53.811, 51.388, 49.668, 49.623, 50.328, 50.642, 50.877, 51.372, 53.85, 56.606, 58.7, 59.08, 58.799, 59.175, 59.304, 59.077, 58.635, 58.003, 57.811, 57.921, 59.069, 60.196, 59.297, 57.186, 54.433, 50.931, 47.512, 45.87, 45.596, 45.822, 46.317, 46.58, 46.419, 45.812, 44.828, 45.073, 44.993, 43.85, 41.716, 34.001, 31.37, 29.794, 24.998, 22.462, 20.668, 18.409, 15.087, 9.251, 0.0, 9.0, 15.45, 19.136, 20.209, 20.181, 20.072, 20.148, 21.097, 22.02, 22.116, 25.006, 29.105, 31.407, 33.399, 35.732, 36.558, 36.487, 36.521, 35.54, 34.919, 35.309, 36.278, 37.386, 38.362, 43.784, 46.584, 46.907, 48.428], [54.374, 53.949, 53.483, 52.627, 51.472, 50.831, 51.454, 51.894, 52.483, 52.323, 50.136, 48.731, 48.778, 49.485, 49.789, 49.918, 50.525, 53.068, 55.762, 57.896, 58.444, 58.279, 58.746, 59.103, 59.413, 59.476, 58.843, 58.347, 58.309, 59.482, 60.638, 59.753, 57.732, 55.248, 52.083, 48.517, 46.646, 46.463, 46.914, 47.584, 47.887, 47.788, 47.221, 46.003, 45.804, 45.462, 44.184, 41.854, 34.974, 33.253, 31.941, 28.356, 26.995, 26.122, 24.607, 21.833, 16.743, 9.0, 0.0, 8.311, 13.874, 15.575, 15.84, 15.911, 16.043, 17.044, 18.014, 18.318, 21.862, 26.677, 29.05, 31.084, 33.81, 34.721, 34.571, 34.552, 33.537, 33.245, 34.102, 35.307, 36.419, 37.391, 42.041, 44.348, 44.809, 46.258], [55.669, 55.258, 54.598, 53.235, 51.539, 50.453, 50.883, 51.275, 51.785, 51.704, 49.95, 48.937, 48.972, 49.578, 49.71, 49.67, 50.551, 53.265, 55.943, 58.156, 58