[[0.0, 2.972, 4.946, 7.651, 9.901, 10.652, 10.857, 11.969, 13.095, 13.972, 15.143, 15.912, 18.895, 23.887, 26.279, 29.384, 32.339, 32.184, 32.106, 33.919, 36.161, 36.637, 38.748, 43.134, 46.501, 49.096, 50.859, 54.515, 57.968, 59.022, 58.961, 59.681, 58.994, 56.2, 54.895, 54.475, 54.468, 54.728, 55.992, 57.352, 57.295, 56.376, 54.989, 54.487, 55.42, 56.069, 55.406, 56.295, 59.209, 60.004, 60.071, 59.469, 58.751, 57.84, 56.705, 54.998, 54.17, 53.037, 53.135, 53.456, 53.496, 53.77, 53.724, 53.365, 53.996, 54.346, 54.072, 55.133, 56.798, 57.439, 57.173, 56.722, 56.786, 57.465, 57.013, 54.827, 52.502, 53.031, 54.217, 53.992, 52.74, 53.448, 55.175, 55.891, 56.35, 56.523], [2.972, 0.0, 3.48, 6.878, 9.281, 10.076, 10.286, 11.391, 12.621, 13.633, 14.865, 15.6, 18.72, 23.949, 26.386, 29.415, 32.288, 32.073, 31.952, 33.646, 35.743, 36.106, 38.144, 42.569, 45.945, 48.472, 50.224, 53.83, 57.224, 58.287, 58.291, 59.071, 58.385, 55.578, 54.31, 53.926, 53.915, 54.177, 55.47, 56.863, 56.844, 55.947, 54.557, 54.051, 54.981, 55.629, 54.943, 55.808, 58.716, 59.506, 59.575, 58.985, 58.284, 57.395, 56.256, 54.545, 53.754, 52.65, 52.761, 53.096, 53.186, 53.495, 53.448, 53.07, 53.667, 53.984, 53.698, 54.763, 56.435, 57.072, 56.796, 56.339, 56.411, 57.073, 56.562, 54.326, 51.952, 52.452, 53.633, 53.393, 52.164, 52.899, 54.597, 55.293, 55.757, 55.922], [4.946, 3.48, 0.0, 4.181, 7.12, 8.088, 8.363, 9.469, 10.931, 12.17, 13.464, 14.243, 17.367, 22.975, 25.905, 28.959, 31.741, 31.562, 31.447, 33.159, 35.386, 35.675, 37.486, 41.693, 44.949, 47.469, 49.228, 52.93, 56.304, 57.256, 57.115, 57.778, 57.119, 54.421, 53.22, 52.851, 52.964, 53.341, 54.574, 55.818, 55.682, 54.775, 53.445, 52.974, 53.884, 54.528, 53.773, 54.47, 57.385, 58.294, 58.372, 57.747, 57.051, 56.188, 55.208, 53.681, 52.95, 52.006, 52.296, 52.644, 52.773, 53.154, 53.114, 52.781, 53.522, 53.933, 53.58, 54.49, 56.047, 56.684, 56.431, 55.953, 56.076, 56.955, 56.64, 54.494, 52.12, 52.617, 53.823, 53.556, 52.233, 52.888, 54.567, 55.246, 55.674, 55.848], [7.651, 6.878, 4.181, 0.0, 3.694, 5.182, 5.46, 6.73, 8.936, 10.688, 12.112, 12.943, 16.03, 22.111, 25.597, 28.614, 31.292, 31.186, 31.117, 32.88, 35.305, 35.546, 37.197, 41.231, 44.325, 46.793, 48.571, 52.392, 55.778, 56.639, 56.376, 56.948, 56.378, 53.853, 52.764, 52.424, 52.652, 53.22, 54.41, 55.498, 55.287, 54.426, 53.199, 52.785, 53.668, 54.304, 53.472, 53.972, 56.903, 57.953, 58.046, 57.399, 56.729, 55.924, 55.189, 53.911, 53.243, 52.421, 52.851, 53.202, 53.37, 53.813, 53.776, 53.464, 54.311, 54.799, 54.36, 55.103, 56.502, 57.091, 56.85, 56.363, 56.553, 57.644, 57.47, 55.391, 52.998, 53.445, 54.634, 54.34, 52.933, 53.39, 54.945, 55.622, 56.007, 56.204], [9.901, 9.281, 7.12, 3.694, 0.0, 2.199, 2.83, 4.829, 7.853, 10.155, 11.808, 12.711, 15.648, 21.992, 25.851, 28.991, 31.728, 31.547, 31.33, 33.029, 35.559, 35.845, 37.448, 41.398, 44.413, 46.831, 48.597, 52.421, 55.765, 56.558, 56.263, 56.846, 56.329, 53.818, 52.695, 52.358, 52.624, 53.28, 54.505, 55.554, 55.309, 54.422, 53.178, 52.736, 53.573, 54.201, 53.325, 53.752, 56.73, 57.868, 57.964, 57.301, 56.631, 55.832, 55.213, 54.066, 53.426, 52.626, 53.114, 53.481, 53.662, 54.114, 54.062, 53.739, 54.599, 55.112, 54.643, 55.359, 56.743, 57.317, 57.071, 56.582, 56.817, 58.006, 57.887, 55.885, 53.603, 54.112, 55.299, 54.962, 53.51, 53.905, 55.413, 56.107, 56.472, 56.69], [10.652, 10.076, 8.088, 5.182, 2.199, 0.0, 1.843, 4.537, 7.746, 10.233, 12.075, 13.012, 15.869, 22.211, 26.131, 29.369, 32.172, 31.934, 31.633, 33.29, 35.843, 36.168, 37.757, 41.678, 44.69, 47.112, 48.866, 52.671, 55.993, 56.764, 56.463, 57.035, 56.517, 54.008, 52.863, 52.521, 52.794, 53.46, 54.692, 55.734, 55.476, 54.56, 53.268, 52.782, 53.586, 54.202, 53.31, 53.722, 56.718, 57.88, 57.977, 57.314, 56.632, 55.799, 55.161, 54.043, 53.414, 52.59, 53.074, 53.439, 53.623, 54.073, 54.017, 53.687, 54.526, 55.04, 54.586, 55.327, 56.749, 57.346, 57.103, 56.615, 56.86, 58.081, 57.972, 56.002, 53.832, 54.395, 55.58, 55.235, 53.778, 54.207, 55.711, 56.377, 56.734, 56.959], [10.857, 10.286, 8.363, 5.46, 2.83, 1.843, 0.0, 3.251, 6.903, 9.532, 11.392, 12.336, 15.331, 21.934, 25.924, 29.084, 31.824, 31.608, 31.397, 33.12, 35.657, 35.943, 37.546, 41.502, 44.508, 46.92, 48.698, 52.511, 55.842, 56.625, 56.321, 56.908, 56.415, 53.931, 52.815, 52.483, 52.754, 53.433, 54.675, 55.732, 55.513, 54.648, 53.394, 52.921, 53.726, 54.34, 53.419, 53.775, 56.728, 57.875, 57.977, 57.314, 56.637, 55.81, 55.163, 54.037, 53.427, 52.615, 53.103, 53.469, 53.646, 54.096, 54.044, 53.717, 54.569, 55.087, 54.626, 55.35, 56.752, 57.341, 57.097, 56.605, 56.845, 58.054, 57.931, 55.927, 53.7, 54.247, 55.431, 55.09, 53.659, 54.098, 55.596, 56.255, 56.609, 56.835], [11.969, 11.391, 9.469, 6.73, 4.829, 4.537, 3.251, 0.0, 4.344, 7.558, 9.775, 10.669, 13.896, 21.138, 25.371, 28.425, 31.041, 30.873, 30.82, 32.683, 35.253, 35.488, 37.119, 41.085, 44.018, 46.404, 48.236, 52.055, 55.355, 56.12, 55.756, 56.328, 55.89, 53.476, 52.424, 52.117, 52.402, 53.103, 54.356, 55.413, 55.229, 54.459, 53.299, 52.856, 53.65, 54.262, 53.304, 53.55, 56.437, 57.603, 57.711, 57.041, 56.366, 55.551, 54.946, 53.839, 53.231, 52.446, 52.958, 53.302, 53.447, 53.894, 53.834, 53.525, 54.423, 54.945, 54.432, 55.084, 56.428, 57.004, 56.764, 56.265, 56.504, 57.74, 57.643, 55.649, 53.409, 53.944, 55.109, 54.734, 53.282, 53.715, 55.19, 55.802, 56.138, 56.37], [13.095, 12.621, 10.931, 8.936, 7.853, 7.746, 6.903, 4.344, 0.0, 4.114, 7.277, 8.178, 11.798, 19.731, 24.195, 27.302, 29.925, 29.773, 29.798, 31.847, 34.513, 34.839, 36.673, 40.711, 43.618, 46.035, 47.89, 51.69, 54.996, 55.748, 55.294, 55.836, 55.416, 53.011, 51.989, 51.69, 51.962, 52.618, 53.89, 55.013, 54.867, 54.137, 53.051, 52.635, 53.415, 54.023, 53.049, 53.261, 56.094, 57.239, 57.33, 56.634, 55.932, 55.107, 54.508, 53.399, 52.766, 51.979, 52.476, 52.776, 52.874, 53.284, 53.191, 52.883, 53.81, 54.316, 53.755, 54.356, 55.673, 56.242, 55.996, 55.506, 55.753, 56.963, 56.873, 54.97, 52.9, 53.56, 54.734, 54.303, 52.833, 53.387, 54.986, 55.618, 55.964, 56.203], [13.972, 13.633, 12.17, 10.688, 10.155, 10.233, 9.532, 7.558, 4.114, 0.0, 4.16, 5.67, 9.909, 18.252, 22.758, 25.741, 28.283, 28.182, 28.359, 30.688, 33.448, 33.9, 36.138, 40.404, 43.347, 45.786, 47.669, 51.493, 54.859, 55.641, 55.128, 55.634, 55.197, 52.784, 51.798, 51.511, 51.771, 52.385, 53.648, 54.799, 54.65, 53.922, 52.905, 52.569, 53.395, 53.999, 53.012, 53.243, 56.106, 57.268, 57.358, 56.652, 55.947, 55.14, 54.546, 53.439, 52.807, 52.042, 52.517, 52.791, 52.849, 53.233, 53.135, 52.851, 53.817, 54.325, 53.758, 54.345, 55.651, 56.223, 55.983, 55.503, 55.762, 56.948, 56.875, 55.046, 53.115, 53.906, 55.125, 54.69, 53.251, 53.928, 55.63, 56.283, 56.646, 56.875], [15.143, 14.865, 13.464, 12.112, 11.808, 12.075, 11.392, 9.775, 7.277, 4.16, 0.0, 3.049, 8.452, 17.128, 21.724, 24.314, 26.641, 26.699, 27.061, 29.552, 32.378, 32.899, 35.503, 39.991, 42.908, 45.271, 47.147, 50.998, 54.406, 55.23, 54.731, 55.269, 54.877, 52.484, 51.55, 51.294, 51.57, 52.184, 53.41, 54.534, 54.38, 53.69, 52.773, 52.562, 53.5, 54.127, 53.105, 53.306, 56.164, 57.333, 57.424, 56.706, 56.044, 55.347, 54.837, 53.747, 53.14, 52.482, 53.023, 53.322, 53.39, 53.796, 53.706, 53.431, 54.45, 54.989, 54.394, 54.913, 56.137, 56.67, 56.432, 55.959, 56.235, 57.443, 57.441, 55.696, 53.771, 54.576, 55.792, 55.331, 53.898, 54.582, 56.322, 57.042, 57.418, 57.631], [15.912, 15.6, 14.243, 12.943, 12.711, 13.012, 12.336, 10.669, 8.178, 5.67, 3.049, 0.0, 6.82, 16.203, 21.022, 23.618, 25.898, 25.989, 26.425, 28.923, 31.751, 32.259, 34.814, 39.294, 42.162, 44.512, 46.431, 50.264, 53.636, 54.482, 54.034, 54.612, 54.249, 51.898, 50.994, 50.728, 50.985, 51.617, 52.874, 54.044, 53.949, 53.358, 52.53, 52.345, 53.289, 53.948, 52.982, 53.207, 56.033, 57.183, 57.269, 56.563, 55.932, 55.268, 54.782, 53.695, 53.08, 52.465, 53.053, 53.362, 53.457, 53.886, 53.794, 53.499, 54.496, 55.018, 54.405, 54.896, 56.092, 56.616, 56.382, 55.916, 56.195, 57.395, 57.356, 55.567, 53.606, 54.377, 55.555, 55.082, 53.662, 54.297, 55.998, 56.722, 57.107, 57.312], [18.895, 18.72, 17.367, 16.03, 15.648, 15.869, 15.331, 13.896, 11.798, 9.909, 8.452, 6.82, 0.0, 10.514, 16.768, 20.085, 22.629, 22.859, 23.295, 25.905, 29.249, 30.138, 32.55, 36.958, 39.851, 42.338, 44.55, 48.783, 52.212, 52.872, 52.287, 52.695, 52.158, 49.823, 48.978, 48.678, 49.001, 49.732, 51.08, 52.21, 51.963, 51.365, 50.72, 50.684, 51.632, 52.293, 51.638, 52.284, 55.326, 56.577, 56.673, 55.981, 55.33, 54.667, 54.44, 53.627, 53.025, 52.55, 53.3, 53.597, 53.665, 54.122, 54.021, 53.777, 54.868, 55.456, 54.847, 55.258, 56.393, 56.913, 56.687, 56.214, 56.492, 57.844, 58.087, 56.513, 54.723, 55.611, 56.749, 56.223, 54.739, 55.289, 57.084, 58.067, 58.522, 58.714], [23.887, 23.949, 22.975, 22.111, 21.992, 22.211, 21.934, 21.138, 19.731, 18.252, 17.128, 16.203, 10.514, 0.0, 8.775, 14.263, 18.046, 18.709, 18.923, 21.549, 25.631, 27.373, 29.935, 34.572, 37.902, 40.637, 43.17, 47.942, 51.583, 52.086, 51.405, 51.549, 50.412, 47.699, 46.772, 46.389, 46.705, 47.442, 48.975, 50.236, 49.87, 49.179, 48.649, 48.789, 49.83, 50.465, 50.364, 52.19, 55.902, 57.178, 57.218, 56.581, 55.867, 55.114, 55.03, 54.526, 53.954, 53.554, 54.344, 54.655, 54.685, 55.108, 55.007, 54.85, 56.002, 56.639, 56.213, 56.784, 57.999, 58.552, 58.339, 57.885, 58.127, 59.45, 59.903, 58.576, 57.164, 58.461, 59.69, 59.136, 57.732, 58.526, 60.748, 62.247, 62.891, 63.059], [26.279, 26.386, 25.905, 25.597, 25.851, 26.131, 25.924, 25.371, 24.195, 22.758, 21.724, 21.022, 16.768, 8.775, 0.0, 8.088, 14.119, 15.135, 15.555, 18.805, 22.85, 25.129, 29.172, 34.96, 38.713, 41.408, 43.939, 48.552, 52.242, 53.081, 52.755, 53.096, 51.677, 48.41, 47.296, 46.991, 47.164, 47.731, 49.449, 51.081, 51.053, 50.541, 50.019, 50.259, 51.488, 52.138, 52.157, 54.628, 58.821, 59.995, 60.006, 59.438, 58.743, 57.962, 57.516, 56.698, 56.091, 55.474, 56.002, 56.397, 56.5, 56.865, 56.76, 56.551, 57.536, 58.048, 57.799, 58.683, 60.028, 60.528, 60.281, 59.879, 60.059, 61.046, 61.229, 59.708, 58.183, 59.492, 60.736, 60.232, 59.022, 60.08, 62.516, 64.293, 65.08, 65.24], [29.384, 29.415, 28.959, 28.614, 28.991, 29.369, 29.084, 28.425, 27.302, 25.741, 24.314, 23.618, 20.085, 14.263, 8.088, 0.0, 7.413, 10.05, 12.464, 16.864, 20.908, 23.391, 28.814, 35.262, 38.687, 40.945, 43.466, 47.86, 51.401, 52.488, 52.379, 52.943, 51.733, 48.686, 48.005, 48.014, 48.215, 48.778, 50.369, 51.953, 52.117, 51.96, 51.829, 52.403, 53.789, 54.447, 54.318, 56.539, 60.657, 61.879, 61.99, 61.471, 60.905, 60.388, 60.043, 59.141, 58.57, 58.102, 58.671, 59.083, 59.268, 59.728, 59.667, 59.507, 60.557, 61.062, 60.756, 61.479, 62.555, 62.893, 62.611, 62.216, 62.416, 63.416, 63.649, 62.088, 60.251, 61.254, 62.383, 61.91, 60.748, 61.565, 63.71, 65.436, 66.204, 66.337], [32.339, 32.288, 31.741, 31.292, 31.728, 32.172, 31.824, 31.041, 29.925, 28.283, 26.641, 25.898, 22.629, 18.046, 14.119, 7.413, 0.0, 5.605, 10.896, 16.006, 19.873, 22.277, 27.889, 34.191, 37.126, 39.035, 41.621, 45.954, 49.381, 50.508, 50.458, 51.1, 50.087, 47.505, 47.325, 47.544, 47.771, 48.358, 49.809, 51.266, 51.507, 51.674, 51.968, 52.847, 54.339, 54.996, 54.847, 56.812, 60.677, 61.994, 62.321, 61.958, 61.523, 61.207, 61.082, 60.311, 59.805, 59.633, 60.391, 60.767, 61.016, 61.637, 61.651, 61.597, 62.767, 63.289, 62.898, 63.367, 64.171, 64.415, 64.121, 63.712, 63.972, 65.184, 65.618, 64.077, 62.118, 62.94, 63.974, 63.483, 62.35, 63.011, 64.874, 66.399, 67.083, 67.186], [32.184, 32.073, 31.562, 31.186, 31.547, 31.934, 31.608, 30.873, 29.773, 28.182, 26.699, 25.989, 22.859, 18.709, 15.135, 10.05, 5.605, 0.0, 6.679, 12.829, 16.843, 19.278, 25.054, 31.551, 34.566, 36.474, 39.066, 43.33, 46.775, 47.976, 48.092, 48.911, 47.944, 45.265, 44.983, 45.216, 45.384, 45.92, 47.463, 49.076, 49.492, 49.769, 50.044, 50.931, 52.463, 53.147, 53.044, 55.162, 59.143, 60.51, 60.986, 60.819, 60.494, 60.226, 60.093, 59.33, 58.818, 58.631, 59.372, 59.786, 60.188, 60.934, 60.968, 60.872, 61.967, 62.422, 61.997, 62.464, 63.3, 63.548, 63.244, 62.841, 63.193, 64.524, 64.925, 63.284, 61.373, 62.261, 63.298, 62.749, 61.694, 62.578, 64.532, 66.017, 66.676, 66.785], [32.106, 31.952, 31.447, 31.117, 31.33, 31.633, 31.397, 30.82, 29.798, 28.359, 27.061, 26.425, 23.295, 18.923, 15.555, 12.464, 10.896, 6.679, 0.0, 7.29, 12.407, 15.571, 21.81, 28.706, 32.058, 34.003, 36.472, 40.851, 44.482, 45.71, 45.947, 46.914, 45.89, 42.916, 42.447, 42.697, 42.862, 43.383, 45.025, 46.76, 47.214, 47.339, 47.396, 48.207, 49.729, 50.443, 50.408, 52.863, 57.177, 58.577, 59.044, 58.951, 58.741, 58.621, 58.59, 57.901, 57.367, 57.116, 57.762, 58.228, 58.842, 59.684, 59.702, 59.53, 60.521, 60.915, 60.467, 60.991, 61.915, 62.186, 61.881, 61.494, 61.964, 63.414, 63.806, 62.237, 60.591, 61.669, 62.737, 62.124, 61.108, 62.218, 64.411, 66.045, 66.722, 66.839], [33.919, 33.646, 33.159, 32.88, 33.029, 33.29, 33.12, 32.683, 31.847, 30.688, 29.552, 28.923, 25.905, 21.549, 18.805, 16.864, 16.006, 12.829, 7.29, 0.0, 6.854, 11.719, 18.533, 25.8, 29.397, 31.218, 33.569, 38.133, 41.927, 43.2, 43.622, 44.734, 43.604, 40.526, 40.159, 40.526, 40.701, 41.222, 42.952, 44.8, 45.291, 45.349, 45.339, 46.142, 47.636, 48.371, 48.472, 51.248, 55.787, 57.183, 57.633, 57.582, 57.522, 57.703, 57.865, 57.254, 56.734, 56.523, 57.127, 57.644, 58.475, 59.422, 59.445, 59.23, 60.136, 60.473, 60.021, 60.573, 61.516, 61.784, 61.478, 61.105, 61.643, 63.144, 63.545, 62.074, 60.628, 61.79, 62.838, 62.187, 61.229, 62.378, 64.6, 66.371, 67.079, 67.174], [36.161, 35.743, 35.386, 35.305, 35.559, 35.843, 35.657, 35.253, 34.513, 33.448, 32.378, 31.751, 29.249, 25.631, 22.85, 20.908, 19.873, 16.843, 12.407, 6.854, 0.0, 6.933, 15.882, 24.116, 27.939, 29.52, 31.7, 36.043, 39.876, 41.408, 42.163, 43.582, 42.445, 39.156, 38.806, 39.31, 39.399, 39.804, 41.726, 43.975, 44.913, 45.292, 45.377, 46.228, 47.746, 48.497, 48.657, 51.573, 56.154, 57.49, 57.976, 57.998, 58.067, 58.46, 58.587, 57.895, 57.435, 57.255, 57.804, 58.414, 59.45, 60.494, 60.543, 60.28, 61.049, 61.285, 60.885, 61.567, 62.581, 62.843, 62.518, 62.177, 62.76, 64.082, 64.179, 62.49, 60.89, 61.906, 62.905, 62.268, 61.514, 62.803, 64.934, 66.695, 67.435, 67.492], [36.637, 36.106, 35.675, 35.546, 35.845, 36.168, 35.943, 35.488, 34.839, 33.9, 32.899, 32.259, 30.138, 27.373, 25.129, 23.391, 22.277, 19.278, 15.571, 11.719, 6.933, 0.0, 11.128, 20.635, 24.85, 26.352, 28.613, 32.913, 36.743, 38.44, 39.41, 41.111, 40.183, 36.971, 36.723, 37.307, 37.383, 37.859, 39.84, 42.231, 43.514, 44.259, 44.551, 45.526, 47.101, 47.893, 48.006, 50.755, 55.258, 56.636, 57.194, 57.28, 57.444, 57.946, 58.091, 57.46, 57.185, 57.139, 57.742, 58.409, 59.574, 60.757, 60.87, 60.608, 61.352, 61.554, 61.128, 61.811, 62.834, 63.112, 62.789, 62.442, 63.118, 64.494, 64.435, 62.52, 60.607, 61.371, 62.316, 61.712, 61.085, 62.36, 64.325, 65.949, 66.659, 66.694], [38.748, 38.144, 37.486, 37.197, 37.448, 37.757, 37.546, 37.119, 36.673, 36.138, 35.503, 34.814, 32.55, 29.935, 29.172, 28.814, 27.889, 25.054, 21.81, 18.533, 15.882, 11.128, 0.0, 10.64, 16.26, 18.548, 21.599, 26.821, 31.01, 32.389, 33.375, 35.16, 34.306, 31.96, 32.502, 33.13, 33.266, 34.029, 35.887, 38.02, 39.277, 40.197, 40.751, 41.843, 43.449, 44.344, 44.696, 47.429, 51.68, 53.111, 53.837, 54.129, 54.392, 54.951, 55.26, 54.982, 55.111, 55.558, 56.456, 57.07, 58.338, 59.812, 60.065, 59.892, 60.714, 60.996, 60.519, 60.922, 61.768, 62.079, 61.789, 61.395, 62.241, 64.01, 64.226, 62.43, 60.599, 61.476, 62.432, 61.778, 61.177, 62.462, 64.357, 65.831, 66.469, 66.468], [43.134, 42.569, 41.693, 41.231, 41.398, 41.678, 41.502, 41.085, 40.711, 40.404, 39.991, 39.294, 36.958, 34.572, 34.96, 35.262, 34.191, 31.551, 28.706, 25.8, 24.116, 20.635, 10.64, 0.0, 7.301, 11.297, 15.043, 21.126, 25.758, 26.608, 27.269, 28.956, 28.353, 27.631, 29.601, 30.463, 30.759, 31.797, 33.137, 34.635, 35.711, 36.833, 37.829, 39.118, 40.671, 41.63, 42.169, 44.637, 48.454, 49.999, 50.923, 51.419, 51.847, 52.621, 53.284, 53.46, 53.972, 55.12, 56.471, 57.0, 58.444, 60.278, 60.656, 60.601, 61.615, 62.059, 61.483, 61.394, 61.806, 62.041, 61.785, 61.377, 62.49, 64.807, 65.446, 63.88, 62.282, 63.328, 64.295, 63.575, 62.959, 64.233, 66.061, 67.383, 67.915, 67.876], [46.501, 45.945, 44.949, 44.325, 44.413, 44.69, 44.508, 44.018, 43.618, 43.347, 42.908, 42.162, 39.851, 37.902, 38.713, 38.687, 37.126, 34.566, 32.058, 29.397, 27.939, 24.85, 16.26, 7.301, 0.0, 5.744, 10.769, 17.336, 22.143, 22.884, 23.449, 25.375, 25.522, 26.278, 29.379, 30.581, 31.019, 32.205, 33.157, 34.206, 35.253, 36.737, 38.256, 39.809, 41.299, 42.242, 42.701, 44.645, 48.052, 49.708, 50.759, 51.338, 51.958, 53.076, 54.159, 54.611, 55.226, 56.757, 58.393, 58.886, 60.436, 62.445, 62.851, 62.85, 64.006, 64.522, 63.792, 63.301, 63.3, 63.382, 63.124, 62.719, 63.964, 66.568, 67.419, 65.935, 64.326, 65.241, 66.097, 65.339, 64.695, 65.757, 67.339, 68.537, 68.989, 68.931], [49.096, 48.472, 47.469, 46.793, 46.831, 47.112, 46.92, 46.404, 46.035, 45.786, 45.271, 44.512, 42.338, 40.637, 41.408, 40.945, 39.035, 36.474, 34.003, 31.218, 29.52, 26.352, 18.548, 11.297, 5.744, 0.0, 7.22, 14.591, 19.553, 20.624, 21.739, 24.304, 24.939, 26.039, 29.591, 31.12, 31.588, 32.737, 33.493, 34.481, 35.794, 37.595, 39.372, 41.118, 42.597, 43.502, 43.863, 45.66, 49.063, 50.764, 51.858, 52.495, 53.282, 54.702, 56.107, 56.754, 57.415, 58.989, 60.601, 61.176, 62.941, 65.038, 65.435, 65.402, 66.526, 66.982, 66.161, 65.57, 65.415, 65.392, 65.102, 64.723, 66.066, 68.713, 69.494, 67.982, 66.296, 67.006, 67.738, 66.969, 66.363, 67.239, 68.609, 69.805, 70.241, 70.173], [50.859, 50.224, 49.228, 48.571, 48.597, 48.866, 48.698, 48.236, 47.89, 47.669, 47.147, 46.431, 44.55, 43.17, 43.939, 43.466, 41.621, 39.066, 36.472, 33.569, 31.7, 28.613, 21.599, 15.043, 10.769, 7.22, 0.0, 9.072, 15.384, 16.825, 18.196, 21.275, 22.174, 23.296, 27.352, 29.285, 29.838, 30.874, 31.03, 31.797, 33.503, 35.599, 37.487, 39.395, 40.906, 41.811, 41.963, 43.56, 47.064, 48.884, 50.082, 50.818, 51.796, 53.566, 55.236, 56.096, 56.857, 58.586, 60.226, 60.918, 63.208, 65.653, 66.103, 66.032, 67.122, 67.57, 66.727, 66.115, 65.863, 65.754, 65.44, 65.123, 66.742, 69.629, 70.385, 68.83, 67.201, 67.891, 68.643, 67.875, 67.338, 68.355, 69.794, 71.035, 71.46, 71.395], [54.515, 53.83, 52.93, 52.392, 52.421, 52.671, 52.511, 52.055, 51.69, 51.493, 50.998, 50.264, 48.783, 47.942, 48.552, 47.86, 45.954, 43.33, 40.851, 38.133, 36.043, 32.913, 26.821, 21.126, 17.336, 14.591, 9.072, 0.0, 7.791, 11.071, 14.397, 18.977, 20.727, 22.428, 26.956, 29.136, 29.432, 30.279, 29.856, 30.515, 32.895, 35.55, 37.696, 39.741, 41.271, 42.178, 42.162, 43.439, 46.814, 48.741, 50.093, 50.98, 52.148, 54.161, 55.828, 56.664, 57.503, 59.356, 61.028, 61.775, 64.423, 67.2, 67.734, 67.617, 68.596, 68.963, 68.089, 67.414, 67.052, 66.859, 66.536, 66.272, 68.134, 71.173, 71.765, 70.012, 68.3, 68.88, 69.581, 68.812, 68.421, 69.532, 70.868, 71.977, 72.357, 72.27], [57.968, 57.224, 56.304, 55.778, 55.765, 55.993, 55.842, 55.355, 54.996, 54.859, 54.406, 53.636, 52.212, 51.583, 52.242, 51.401, 49.381, 46.775, 44.482, 41.927, 39.876, 36.743, 31.01, 25.758, 22.143, 19.553, 15.384, 7.791, 0.0, 5.863, 11.762, 17.61, 20.025, 22.415, 27.225, 29.49, 29.685, 30.504, 29.832, 30.216, 32.728, 35.709, 38.159, 40.359, 41.871, 42.746, 42.733, 43.864, 47.092, 49.123, 50.57, 51.548, 52.838, 54.977, 56.722, 57.611, 58.503, 60.45, 62.211, 62.973, 65.676, 68.569, 69.144, 69.03, 69.992, 70.318, 69.372, 68.589, 68.132, 67.899, 67.58, 67.323, 69.268, 72.425, 73.029, 71.234, 69.416, 69.843, 70.444, 69.645, 69.283, 70.268, 71.422, 72.418, 72.749, 72.64], [59.022, 58.287, 57.256, 56.639, 56.558, 56.764, 56.625, 56.12, 55.748, 55.641, 55.23, 54.482, 52.872, 52.086, 53.081, 52.488, 50.508, 47.976, 45.71, 43.2, 41.408, 38.44, 32.389, 26.608, 22.884, 20.624, 16.825, 11.071, 5.863, 0.0, 7.057, 13.493, 16.313, 19.802, 25.285, 27.673, 28.148, 29.16, 28.307, 28.208, 30.341, 33.362, 36.096, 38.421, 39.855, 40.687, 40.77, 41.841, 44.942, 47.141, 48.679, 49.729, 51.083, 53.284, 55.308, 56.526, 57.511, 59.691, 61.674, 62.406, 65.071, 68.017, 68.615, 68.597, 69.726, 70.166, 69.182, 68.253, 67.713, 67.491, 67.177, 66.888, 68.854, 72.193, 73.049, 71.442, 69.773, 70.357, 71.02, 70.16, 69.721, 70.749, 71.998, 73.019, 73.335, 73.231], [58.961, 58.291, 57.115, 56.376, 56.263, 56.463, 56.321, 55.756, 55.294, 55.128, 54.731, 54.034, 52.287, 51.405, 52.755, 52.379, 50.458, 48.092, 45.947, 43.622, 42.163, 39.41, 33.375, 27.269, 23.449, 21.739, 18.196, 14.397, 11.762, 7.057, 0.0, 7.056, 11.131, 16.868, 23.293, 25.744, 26.639, 27.903, 26.757, 26.052, 27.594, 30.617, 33.73, 36.15, 37.423, 38.178, 38.242, 39.039, 42.037, 44.543, 46.166, 47.251, 48.664, 50.91, 53.279, 54.957, 56.035, 58.47, 60.707, 61.372, 63.958, 66.914, 67.515, 67.668, 69.135, 69.806, 68.794, 67.679, 67.028, 66.827, 66.518, 66.181, 68.153, 71.696, 72.85, 71.444, 69.947, 70.759, 71.575, 70.678, 70.136, 71.274, 72.665, 73.669, 73.963, 73.871], [59.681, 59.071, 57.778, 56.948, 56.846, 57.035, 56.908, 56.328, 55.836, 55.634, 55.269, 54.612, 52.695, 51.549, 53.096, 52.943, 51.1, 48.911, 46.914, 44.734, 43.582, 41.111, 35.16, 28.956, 25.375, 24.304, 21.275, 18.977, 17.61, 13.493, 7.056, 0.0, 6.408, 15.416, 22.539, 24.88, 26.122, 27.67, 26.227, 24.86, 25.7, 28.644, 32.084, 34.579, 35.682, 36.337, 36.46, 37.087, 40.026, 42.839, 44.543, 45.712, 47.173, 49.401, 52.092, 54.297, 55.502, 58.136, 60.57, 61.159, 63.639, 66.587, 67.191, 67.487, 69.204, 70.08, 69.098, 67.853, 67.117, 66.957, 66.682, 66.307, 68.271, 72.007, 73.437, 72.214, 70.925, 71.95, 72.9, 71.994, 71.348, 72.585, 74.135, 75.175, 75.472, 75.386], [58.994, 58.385, 57.119, 56.378, 56.329, 56.517, 56.415, 55.89, 55.416, 55.197, 54.877, 54.249, 52.158, 50.412, 51.677, 51.733, 50.087, 47.944, 45.89, 43.604, 42.445, 40.183, 34.306, 28.353, 25.522, 24.939, 22.174, 20.727, 20.025, 16.313, 11.131, 6.408, 0.0, 10.823, 18.668, 21.123, 22.497, 24.105, 22.791, 21.673, 22.51, 25.403, 28.863, 31.389, 32.525, 33.137, 33.579, 35.088, 38.565, 41.334, 42.934, 44.121, 45.497, 47.529, 50.17, 52.525, 53.772, 56.409, 58.864, 59.507, 61.982, 64.881, 65.467, 65.773, 67.481, 68.396, 67.589, 66.605, 66.082, 66.024, 65.774, 65.412, 67.324, 70.971, 72.409, 71.228, 70.089, 71.324, 72.41, 71.546, 70.927, 72.409, 74.31, 75.6, 76.003, 75.929], [56.2, 55.578, 54.421, 53.853, 53.818, 54.008, 53.931, 53.476, 53.011, 52.784, 52.484, 51.898, 49.823, 47.699, 48.41, 48.686, 47.505, 45.265, 42.916, 40.526, 39.156, 36.971, 31.96, 27.631, 26.278, 26.039, 23.296, 22.428, 22.415, 19.802, 16.868, 15.416, 10.823, 0.0, 8.736, 12.196, 14.027, 15.66, 15.147, 16.032, 18.362, 21.577, 24.615, 27.043, 28.422, 29.029, 29.665, 32.704, 37.432, 40.022, 41.285, 42.352, 43.531, 45.171, 47.323, 49.349, 50.475, 52.874, 55.204, 56.118, 58.797, 61.617, 62.132, 62.318, 63.836, 64.631, 64.066, 63.855, 64.011, 64.126, 63.859, 63.559, 65.453, 68.766, 69.796, 68.374, 67.152, 68.418, 69.627, 68.858, 68.385, 70.159, 72.385, 73.996, 74.586, 74.548], [54.895, 54.31, 53.22, 52.764, 52.695, 52.863, 52.815, 52.424, 51.989, 51.798, 51.55, 50.994, 48.978, 46.772, 47.296, 48.005, 47.325, 44.983, 42.447, 40.159, 38.806, 36.723, 32.502, 29.601, 29.379, 29.591, 27.352, 26.956, 27.225, 25.285, 23.293, 22.539, 18.668, 8.736, 0.0, 4.861, 7.655, 9.54, 10.609, 14.021, 17.514, 20.785, 23.273, 25.376, 26.795, 27.338, 28.17, 32.293, 37.8, 40.394, 41.468, 42.486, 43.497, 44.654, 46.326, 48.064, 49.053, 51.192, 53.442, 54.533, 57.21, 59.891, 60.347, 60.452, 61.793, 62.457, 62.03, 62.42, 63.229, 63.57, 63.317, 63.049, 64.882, 67.931, 68.623, 66.969, 65.673, 66.94, 68.226, 67.518, 67.131, 69.077, 71.415, 73.088, 73.763, 73.751], [54.475, 53.926, 52.851, 52.424, 52.358, 52.521, 52.483, 52.117, 51.69, 51.511, 51.294, 50.728, 48.678, 46.389, 46.991, 48.014, 47.544, 45.216, 42.697, 40.526, 39.31, 37.307, 33.13, 30.463, 30.581, 31.12, 29.285, 29.136, 29.49, 27.673, 25.744, 24.88, 21.123, 12.196, 4.861, 0.0, 3.902, 6.681, 8.992, 13.608, 17.361, 20.565, 22.874, 24.754, 26.078, 26.59, 27.661, 32.252, 37.96, 40.584, 41.585, 42.556, 43.465, 44.341, 45.83, 47.55, 48.513, 50.602, 52.884, 53.976, 56.509, 59.089, 59.525, 59.622, 60.925, 61.563, 61.165, 61.7, 62.78, 63.322, 63.135, 62.871, 64.626, 67.531, 68.121, 66.417, 65.122, 66.436, 67.759, 67.066, 66.693, 68.701, 71.067, 72.682, 73.355, 73.347], [54.468, 53.915, 52.964, 52.652, 52.624, 52.794, 52.754, 52.402, 51.962, 51.771, 51.57, 50.985, 49.001, 46.705, 47.164, 48.215, 47.771, 45.384, 42.862, 40.701, 39.399, 37.383, 33.266, 30.759, 31.019, 31.588, 29.838, 29.432, 29.685, 28.148, 26.639, 26.122, 22.497, 14.027, 7.655, 3.902, 0.0, 3.999, 8.024, 14.067, 18.358, 21.522, 23.646, 25.374, 26.694, 27.225, 28.467, 33.358, 39.04, 41.509, 42.482, 43.47, 44.352, 45.135, 46.382, 47.888, 48.783, 50.744, 52.916, 54.003, 56.486, 59.011, 59.442, 59.507, 60.708, 61.255, 60.871, 61.491, 62.67, 63.273, 63.114, 62.873, 64.595, 67.324, 67.726, 65.919, 64.594, 65.908, 67.212, 66.521, 66.228, 68.312, 70.69, 72.285, 72.964, 72.946], [54.728, 54.177, 53.341, 53.22, 53.28, 53.46, 53.433, 53.103, 52.618, 52.385, 52.184, 51.617, 49.732, 47.442, 47.731, 48.778, 48.358, 45.92, 43.383, 41.222, 39.804, 37.859, 34.029, 31.797, 32.205, 32.737, 30.874, 30.279, 30.504, 29.16, 27.903, 27.67, 24.105, 15.66, 9.54, 6.681, 3.999, 0.0, 6.581, 13.936, 18.572, 21.658, 23.56, 25.185, 26.577, 27.145, 28.585, 33.886, 39.597, 41.927, 42.915, 43.957, 44.83, 45.592, 46.669, 47.929, 48.703, 50.544, 52.624, 53.758, 56.33, 58.877, 59.315, 59.37, 60.518, 60.996, 60.64, 61.356, 62.607, 63.198, 63.004, 62.803, 64.551, 67.165, 67.458, 65.617, 64.333, 65.669, 66.947, 66.251, 66.016, 68.191, 70.644, 72.299, 73.008, 72.978], [55.992, 55.47, 54.574, 54.41, 54.505, 54.692, 54.675, 54.356, 53.89, 53.648, 53.41, 52.874, 51.08, 48.975, 49.449, 50.369, 49.809, 47.463, 45.025, 42.952, 41.726, 39.84, 35.887, 33.137, 33.157, 33.493, 31.03, 29.856, 29.832, 28.307, 26.757, 26.227, 22.791, 15.147, 10.609, 8.992, 8.024, 6.581, 0.0, 8.215, 14.131, 18.312, 20.984, 23.068, 24.55, 25.167, 26.513, 31.691, 37.61, 40.284, 41.421, 42.54, 43.554, 44.581, 45.958, 47.476, 48.378, 50.448, 52.643, 53.796, 56.675, 59.552, 60.104, 60.203, 61.452, 62.04, 61.64, 62.121, 63.119, 63.65, 63.466, 63.297, 65.368, 68.424, 68.936, 67.194, 65.956, 67.227, 68.461, 67.77, 67.505, 69.587, 71.95, 73.512, 74.153, 74.113], [57.352, 56.863, 55.818, 55.498, 55.554, 55.734, 55.732, 55.413, 55.013, 54.799, 54.534, 54.044, 52.21, 50.236, 51.081, 51.953, 51.266, 49.076, 46.76, 44.8, 43.975, 42.231, 38.02, 34.635, 34.206, 34.481, 31.797, 30.515, 30.216, 28.208, 26.052, 24.86, 21.673, 16.032, 14.021, 13.608, 14.067, 13.936, 8.215, 0.0, 7.476, 13.505, 17.706, 20.641, 22.212, 22.851, 23.953, 28.532, 34.553, 37.783, 39.105, 40.27, 41.467, 42.874, 44.789, 46.75, 47.803, 50.178, 52.608, 53.703, 56.724, 59.904, 60.584, 60.799, 62.28, 63.086, 62.621, 62.738, 63.396, 63.879, 63.751, 63.547, 65.86, 69.603, 70.714, 69.262, 68.103, 69.344, 70.566, 69.868, 69.458, 71.39, 73.666, 75.077, 75.606, 75.568], [57.295, 56.844, 55.682, 55.287, 55.309, 55.476, 55.513, 55.229, 54.867, 54.65, 54.38, 53.949, 51.963, 49.87, 51.053, 52.117, 51.507, 49.492, 47.214, 45.291, 44.913, 43.514, 39.277, 35.711, 35.253, 35.794, 33.503, 32.895, 32.728, 30.341, 27.594, 25.7, 22.51, 18.362, 17.514, 17.361, 18.358, 18.572, 14.131, 7.476, 0.0, 7.357, 13.27, 16.994, 18.612, 19.251, 20.491, 24.937, 30.955, 34.564, 35.984, 37.133, 38.38, 39.997, 42.43, 44.776, 45.781, 48.292, 50.926, 51.881, 54.772, 58.019, 58.743, 59.128, 60.927, 61.952, 61.42, 61.254, 61.713, 62.203, 62.121, 61.854, 64.155, 68.366, 70.178, 69.225, 68.359, 69.814, 71.133, 70.41, 69.784, 71.707, 74.146, 75.569, 76.053, 76.026], [56.376, 55.947, 54.775, 54.426, 54.422, 54.56, 54.648, 54.459, 54.137, 53.922, 53.69, 53.358, 51.365, 49.179, 50.541, 51.96, 51.674, 49.769, 47.339, 45.349, 45.292, 44.259, 40.197, 36.833, 36.737, 37.595, 35.599, 35.55, 35.709, 33.362, 30.617, 28.644, 25.403, 21.577, 20.785, 20.565, 21.522, 21.658, 18.312, 13.505, 7.357, 0.0, 7.113, 11.56, 13.397, 14.115, 15.683, 20.875, 27.086, 30.689, 32.089, 33.181, 34.308, 35.958, 38.777, 41.434, 42.319, 44.772, 47.423, 48.254, 51.101, 54.378, 55.092, 55.523, 57.459, 58.576, 57.985, 57.674, 58.088, 58.611, 58.56, 58.285, 60.603, 65.044, 67.309, 66.914, 66.653, 68.552, 70.039, 69.292, 68.495, 70.64, 73.527, 75.175, 75.69, 75.68], [54.989, 54.557, 53.445, 53.199, 53.178, 53.268, 53.394, 53.299, 53.051, 52.905, 52.773, 52.53, 50.72, 48.649, 50.019, 51.829, 51.968, 50.044, 47.396, 45.339, 45.377, 44.551, 40.751, 37.829, 38.256, 39.372, 37.487, 37.696, 38.159, 36.096, 33.73, 32.084, 28.863, 24.615, 23.273, 22.874, 23.646, 23.56, 20.984, 17.706, 13.27, 7.113, 0.0, 5.128, 8.0, 9.2, 10.968, 17.637, 24.478, 27.799, 29.05, 30.119, 31.021, 32.398, 35.136, 37.854, 38.626, 40.87, 43.423, 44.286, 47.287, 50.616, 51.306, 51.63, 53.446, 54.531, 53.975, 53.796, 54.4, 55.015, 54.993, 54.768, 57.147, 61.557, 63.78, 63.618, 63.961, 66.319, 67.969, 67.219, 66.392, 68.847, 72.136, 73.979, 74.564, 74.58], [54.487, 54.051, 52.974, 52.785, 52.736, 52.782, 52.921, 52.856, 52.635, 52.569, 52.562, 52.345, 50.684, 48.789, 50.259, 52.403, 52.847, 50.931, 48.207, 46.142, 46.228, 45.526, 41.843, 39.118, 39.809, 41.118, 39.395, 39.741, 40.359, 38.421, 36.15, 34.579, 31.389, 27.043, 25.376, 24.754, 25.374, 25.185, 23.068, 20.641, 16.994, 11.56, 5.128, 0.0, 4.13, 6.077, 8.354, 16.099, 23.296, 26.468, 27.505, 28.553, 29.285, 30.296, 32.849, 35.607, 36.304, 38.444, 40.993, 41.882, 44.943, 48.263, 48.925, 49.207, 50.972, 52.069, 51.597, 51.589, 52.414, 53.165, 53.186, 52.992, 55.372, 59.669, 61.752, 61.643, 62.382, 65.113, 66.912, 66.177, 65.378, 68.02, 71.433, 73.262, 73.884, 73.914], [55.42, 54.981, 53.884, 53.668, 53.573, 53.586, 53.726, 53.65, 53.415, 53.395, 53.5, 53.289, 51.632, 49.83, 51.488, 53.789, 54.339, 52.463, 49.729, 47.636, 47.746, 47.101, 43.449, 40.671, 41.299, 42.597, 40.906, 41.271, 41.871, 39.855, 37.423, 35.682, 32.525, 28.422, 26.795, 26.078, 26.694, 26.577, 24.55, 22.212, 18.612, 13.397, 8.0, 4.13, 0.0, 2.628, 6.583, 15.055, 22.474, 25.829, 26.731, 27.718, 28.43, 29.428, 32.369, 35.568, 36.25, 38.383, 40.947, 41.778, 44.855, 48.157, 48.775, 49.071, 50.876, 52.007, 51.542, 51.518, 52.388, 53.231, 53.303, 53.121, 55.514, 59.823, 61.893, 61.861, 62.808, 65.7, 67.596, 66.889, 66.097, 68.759, 72.145, 73.881, 74.47, 74.505], [56.069, 55.629, 54.528, 54.304, 54.201, 54.202, 54.34, 54.262, 54.023, 53.999, 54.127, 53.948, 52.293, 50.465, 52.138, 54.447, 54.996, 53.147, 50.443, 48.371, 48.497, 47.893, 44.344, 41.63, 42.242, 43.502, 41.811, 42.178, 42.746, 40.687, 38.178, 36.337, 33.137, 29.029, 27.338, 26.59, 27.225, 27.145, 25.167, 22.851, 19.251, 14.115, 9.2, 6.077, 2.628, 0.0, 5.653, 14.687, 22.273, 25.77, 26.646, 27.618, 28.333, 29.342, 32.53, 36.052, 36.769, 38.895, 41.457, 42.259, 45.303, 48.566, 49.155, 49.463, 51.284, 52.42, 51.968, 51.961, 52.858, 53.733, 53.823, 53.647, 56.029, 60.341, 62.419, 62.415, 63.402, 66.318, 68.248, 67.56, 66.775, 69.448, 72.823, 74.512, 75.083, 75.125], [55.406, 54.943, 53.773, 53.472, 53.325, 53.31, 53.419, 53.304, 53.049, 53.012, 53.105, 52.982, 51.638, 50.364, 52.157, 54.318, 54.847, 53.044, 50.408, 48.472, 48.657, 48.006, 44.696, 42.169, 42.701, 43.863, 41.963, 42.162, 42.733, 40.77, 38.242, 36.46, 33.579, 29.665, 28.17, 27.661, 28.467, 28.585, 26.513, 23.953, 20.491, 15.683, 10.968, 8.354, 6.583, 5.653, 0.0, 10.001, 18.843, 22.935, 23.856, 24.739, 25.573, 26.858, 30.387, 34.368, 35.346, 37.672, 40.343, 41.169, 44.385, 47.761, 48.345, 48.629, 50.503, 51.683, 51.167, 51.079, 51.885, 52.723, 52.825, 52.654, 55.169, 59.69, 61.826, 61.819, 62.787, 65.651, 67.605, 66.921, 66.118, 68.819, 72.195, 73.836, 74.381, 74.45], [56.295, 55.808, 54.47, 53.972, 53.752, 53.722, 53.775, 53.55, 53.261, 53.243, 53.306, 53.207, 52.284, 52.19, 54.628, 56.539, 56.812, 55.162, 52.863, 51.248, 51.573, 50.755, 47.429, 44.637, 44.645, 45.66, 43.56, 43.439, 43.864, 41.841, 39.039, 37.087, 35.088, 32.704, 32.293, 32.252, 33.358, 33.886, 31.691, 28.532, 24.937, 20.875, 17.637, 16.099, 15.055, 14.687, 10.001, 0.0, 10.78, 16.737, 18.155, 19.005, 20.243, 22.472, 27.177, 32.126, 33.556, 36.493, 39.568, 40.244, 43.549, 47.158, 47.788, 48.154, 50.291, 51.676, 50.941, 50.285, 50.581, 51.281, 51.415, 51.212, 53.94, 59.066, 61.662, 61.9, 62.963, 65.757, 67.725, 67.012, 66.083, 68.731, 72.005, 73.45, 73.884, 73.975], [59.209, 58.716, 57.385, 56.903, 56.73, 56.718, 56.728, 56.437, 56.094, 56.106, 56.164, 56.033, 55.326, 55.902, 58.821, 60.657, 60.677, 59.143, 57.177, 55.787, 56.154, 55.258, 51.68, 48.454, 48.052, 49.063, 47.064, 46.814, 47.092, 44.942, 42.037, 40.026, 38.565, 37.432, 37.8, 37.96, 39.04, 39.597, 37.61, 34.553, 30.955, 27.086, 24.478, 23.296, 22.474, 22.273, 18.843, 10.78, 0.0, 8.066, 11.01, 12.689, 14.646, 18.001, 23.664, 29.226, 30.927, 34.464, 37.932, 38.393, 41.588, 45.352, 46.027, 46.502, 48.876, 50.455, 49.552, 48.194, 47.849, 48.358, 48.493, 48.269, 51.108, 56.777, 60.129, 60.995, 62.532, 65.553, 67.598, 66.816, 65.787, 68.716, 72.34, 73.875, 74.293, 74.37], [60.004, 59.506, 58.294, 57.953, 57.868, 57.88, 57.875, 57.603, 57.239, 57.268, 57.333, 57.183, 56.577, 57.178, 59.995, 61.879, 61.994, 60.51, 58.577, 57.183, 57.49, 56.636, 53.111, 49.999, 49.708, 50.764, 48.884, 48.741, 49.123, 47.141, 44.543, 42.839, 41.334, 40.022, 40.394, 40.584, 41.509, 41.927, 40.284, 37.783, 34.564, 30.689, 27.799, 26.468, 25.829, 25.77, 22.935, 16.737, 8.066, 0.0, 4.708, 7.935, 10.484, 14.554, 20.227, 25.686, 27.452, 31.115, 34.526, 34.953, 38.265, 42.056, 42.698, 43.139, 45.538, 47.175, 46.272, 44.714, 44.13, 44.558, 44.696, 44.504, 47.37, 53.13, 56.782, 58.051, 60.016, 63.321, 65.478, 64.711, 63.723, 67.015, 71.222, 73.241, 73.832, 73.907], [60.071, 59.575, 58.372, 58.046, 57.964, 57.977, 57.977, 57.711, 57.33, 57.358, 57.424, 57.269, 56.673, 57.218, 60.006, 61.99, 62.321, 60.986, 59.044, 57.633, 57.976, 57.194, 53.837, 50.923, 50.759, 51.858, 50.082, 50.093, 50.57, 48.679, 46.166, 44.543, 42.934, 41.285, 41.468, 41.585, 42.482, 42.915, 41.421, 39.105, 35.984, 32.089, 29.05, 27.505, 26.731, 26.646, 23.856, 18.155, 11.01, 4.708, 0.0, 4.449, 7.687, 12.406, 18.549, 24.407, 26.282, 30.005, 33.399, 33.838, 37.178, 40.849, 41.403, 41.841, 44.294, 45.977, 45.109, 43.627, 43.115, 43.643, 43.861, 43.701, 46.54, 52.217, 55.85, 57.233, 59.363, 62.777, 64.987, 64.276, 63.302, 66.612, 70.946, 73.157, 73.844, 73.923], [59.469, 58.985, 57.747, 57.399, 57.301, 57.314, 57.314, 57.041, 56.634, 56.652, 56.706, 56.563, 55.981, 56.581, 59.438, 61.471, 61.958, 60.819, 58.951, 57.582, 57.998, 57.28, 54.129, 51.419, 51.338, 52.495, 50.818, 50.98, 51.548, 49.729, 47.251, 45.712, 44.121, 42.352, 42.486, 42.556, 43.47, 43.957, 42.54, 40.27, 37.133, 33.181, 30.119, 28.553, 27.718, 27.618, 24.739, 19.005, 12.689, 7.935, 4.449, 0.0, 4.383, 10.534, 17.537, 23.855, 25.832, 29.538, 32.932, 33.389, 36.674, 40.218, 40.691, 41.068, 43.535, 45.257, 44.391, 42.945, 42.467, 43.064, 43.345, 43.213, 46.066, 51.707, 55.349, 56.833, 59.002, 62.4, 64.62, 63.94, 62.906, 66.155, 70.561, 72.828, 73.498, 73.596], [58.751, 58.284, 57.051, 56.729, 56.631, 56.632, 56.637, 56.366, 55.932, 55.947, 56.044, 55.932, 55.33, 55.867, 58.743, 60.905, 61.523, 60.494, 58.741, 57.522, 58.067, 57.444, 54.392, 51.847, 51.958, 53.282, 51.796, 52.148, 52.838, 51.083, 48.664, 47.173, 45.497, 43.531, 43.497, 43.465, 44.352, 44.83, 43.554, 41.467, 38.38, 34.308, 31.021, 29.285, 28.43, 28.333, 25.573, 20.243, 14.646, 10.484, 7.687, 4.383, 0.0, 7.087, 15.174, 22.21, 24.278, 27.993, 31.415, 31.752, 34.895, 38.371, 38.812, 39.214, 41.741, 43.519, 42.721, 41.38, 41.057, 41.762, 42.06, 41.925, 44.776, 50.403, 54.083, 55.709, 58.097, 61.669, 63.964, 63.286, 62.192, 65.524, 70.092, 72.423, 73.114, 73.228], [57.84, 57.395, 56.188, 55.924, 55.832, 55.799, 55.81, 55.551, 55.107, 55.14, 55.347, 55.268, 54.667, 55.114, 57.962, 60.388, 61.207, 60.226, 58.621, 57.703, 58.46, 57.946, 54.951, 52.621, 53.076, 54.702, 53.566, 54.161, 54.977, 53.284, 50.91, 49.401, 47.529, 45.171, 44.654, 44.341, 45.135, 45.592, 44.581, 42.874, 39.997, 35.958, 32.398, 30.296, 29.428, 29.342, 26.858, 22.472, 18.001, 14.554, 12.406, 10.534, 7.087, 0.0, 9.746, 18.373, 20.796, 24.64, 28.297, 28.536, 31.38, 34.748, 35.19, 35.698, 38.351, 40.308, 39.768, 38.753, 38.894, 39.894, 40.247, 40.079, 42.82, 48.31, 51.867, 53.451, 56.063, 59.941, 62.428, 61.786, 60.731, 64.368, 69.155, 71.455, 72.204, 72.341], [56.705, 56.256, 55.208, 55.189, 55.213, 55.161, 55.163, 54.946, 54.508, 54.546, 54.837, 54.782, 54.44, 55.03, 57.516, 60.043, 61.082, 60.093, 58.59, 57.865, 58.587, 58.091, 55.26, 53.284, 54.159, 56.107, 55.236, 55.828, 56.722, 55.308, 53.279, 52.092, 50.17, 47.323, 46.326, 45.83, 46.382, 46.669, 45.958, 44.789, 42.43, 38.777, 35.136, 32.849, 32.369, 32.53, 30.387, 27.177, 23.664, 20.227, 18.549, 17.537, 15.174, 9.746, 0.0, 10.316, 14.114, 18.344, 22.308, 22.723, 25.567, 29.075, 29.712, 30.31, 32.985, 35.211, 35.25, 34.964, 35.808, 37.095, 37.459, 37.255, 39.87, 45.077, 48.265, 49.464, 51.952, 55.948, 58.635, 58.114, 57.349, 61.57, 66.623, 68.879, 69.738, 69.873], [54.998, 54.545, 53.681, 53.911, 54.066, 54.043, 54.037, 53.839, 53.399, 53.439, 53.747, 53.695, 53.627, 54.526, 56.698, 59.141, 60.311, 59.33, 57.901, 57.254, 57.895, 57.46, 54.982, 53.46, 54.611, 56.754, 56.096, 56.664, 57.611, 56.526, 54.957, 54.297, 52.525, 49.349, 48.064, 47.55, 47.888, 47.929, 47.476, 46.75, 44.776, 41.434, 37.854, 35.607, 35.568, 36.052, 34.368, 32.126, 29.226, 25.686, 24.407, 23.855, 22.21, 18.373, 10.316, 0.0, 5.885, 11.048, 15.609, 16.403, 19.455, 23.395, 24.349, 24.991, 27.682, 30.083, 30.498, 30.798, 32.135, 33.468, 33.727, 33.465, 35.871, 40.817, 43.83, 44.747, 46.925, 50.918, 53.75, 53.343, 52.738, 57.26, 62.493, 64.798, 65.784, 65.878], [54.17, 53.754, 52.95, 53.243, 53.426, 53.414, 53.427, 53.231, 52.766, 52.807, 53.14, 53.08, 53.025, 53.954, 56.091, 58.57, 59.805, 58.818, 57.367, 56.734, 57.435, 57.185, 55.111, 53.972, 55.226, 57.415, 56.857, 57.503, 58.503, 57.511, 56.035, 55.502, 53.772, 50.475, 49.053, 48.513, 48.783, 48.703, 48.378, 47.803, 45.781, 42.319, 38.626, 36.304, 36.25, 36.769, 35.346, 33.556, 30.927, 27.452, 26.282, 25.832, 24.278, 20.796, 14.114, 5.885, 0.0, 6.777, 12.362, 13.285, 16.526, 20.717, 21.706, 22.417, 25.378, 27.905, 28.269, 28.578, 30.05, 31.434, 31.685, 31.409, 33.634, 38.553, 41.717, 42.767, 45.124, 49.304, 52.221, 51.821, 51.134, 55.696, 61.029, 63.348, 64.355, 64.44], [53.037, 52.65, 52.006, 52.421, 52.626, 52.59, 52.615, 52.446, 51.979, 52.042, 52.482, 52.465, 52.55, 53.554, 55.474, 58.102, 59.633, 58.631, 57.116, 56.523, 57.255, 57.139, 55.558, 55.12, 56.757, 58.989, 58.586, 59.356, 60.45, 59.691, 58.47, 58.136, 56.409, 52.874, 51.192, 50.602, 50.744, 50.544, 50.448, 50.178, 48.292, 44.772, 40.87, 38.444, 38.383, 38.895, 37.672, 36.493, 34.464, 31.115, 30.005, 29.538, 27.993, 24.64, 18.344, 11.048, 6.777, 0.0, 6.398, 8.155, 12.173, 16.586, 17.603, 17.996, 20.782, 23.419, 24.015, 24.959, 27.119, 28.698, 28.968, 28.723, 30.755, 35.357, 38.294, 39.301, 41.884, 46.298, 49.367, 49.044, 48.359, 53.238, 58.941, 61.366, 62.416, 62.552], [53.135, 52.761, 52.296, 52.851, 53.114, 53.074, 53.103, 52.958, 52.476, 52.517, 53.023, 53.053, 53.3, 54.344, 56.002, 58.671, 60.391, 59.372, 57.762, 57.127, 57.804, 57.742, 56.456, 56.471, 58.393, 60.601, 60.226, 61.028, 62.211, 61.674, 60.707, 60.57, 58.864, 55.204, 53.442, 52.884, 52.916, 52.624, 52.643, 52.608, 50.926, 47.423, 43.423, 40.993, 40.947, 41.457, 40.343, 39.568, 37.932, 34.526, 33.399, 32.932, 31.415, 28.297, 22.308, 15.609, 12.362, 6.398, 0.0, 4.066, 9.789, 14.224, 15.273, 15.298, 17.43, 19.873, 20.724, 22.423, 25.227, 26.933, 27.176, 27.001, 29.011, 33.246, 35.831, 36.851, 39.686, 44.264, 47.452, 47.223, 46.669, 51.878, 57.899, 60.462, 61.579, 61.748], [53.456, 53.096, 52.644, 53.202, 53.481, 53.439, 53.469, 53.302, 52.776, 52.791, 53.322, 53.362, 53.597, 54.655, 56.397, 59.083, 60.767, 59.786, 58.228, 57.644, 58.414, 58.409, 57.07, 57.0, 58.886, 61.176, 60.91