[[0.0, 5.845, 7.559, 11.27, 16.909, 19.646, 22.995, 28.888, 31.375, 31.528, 34.817, 39.228, 41.015, 41.095, 40.794, 41.254, 42.401, 43.521, 44.508, 47.426, 50.764, 52.339, 52.99, 53.482, 54.184, 54.77, 55.755, 57.613, 58.238, 59.486, 61.418, 62.251, 62.054, 62.241, 62.683, 62.459, 62.667, 64.157, 66.039, 66.267, 65.663, 65.001, 63.847, 63.438, 62.104, 60.121, 59.634, 59.892, 60.571, 61.906, 62.128, 61.782, 61.294, 60.325, 60.475, 61.057, 60.902, 60.233, 59.57, 58.71, 58.742, 59.986, 59.776, 59.814, 59.057, 57.68, 56.991, 55.482, 55.603, 59.802, 62.653, 62.762, 62.828, 62.692, 62.633, 62.393, 62.303, 63.619, 65.122, 65.069, 64.603, 64.723, 63.54, 62.224, 62.81, 63.033], [5.845, 0.0, 3.658, 9.41, 15.83, 18.706, 21.784, 27.757, 30.434, 30.585, 34.021, 38.668, 40.452, 40.324, 39.814, 40.245, 41.435, 42.565, 43.517, 46.281, 49.599, 51.286, 52.0, 52.489, 53.11, 53.584, 54.438, 56.377, 57.097, 58.363, 60.416, 61.29, 61.025, 61.21, 61.961, 61.997, 62.249, 63.707, 65.469, 65.61, 65.037, 64.459, 63.319, 62.93, 61.597, 59.582, 59.066, 59.345, 60.134, 61.583, 61.82, 61.461, 61.013, 60.09, 60.165, 60.672, 60.599, 60.008, 59.373, 58.574, 58.752, 60.171, 60.046, 60.09, 59.317, 57.956, 57.349, 55.845, 55.889, 60.162, 63.057, 63.134, 63.198, 63.066, 63.009, 62.796, 62.664, 63.935, 65.436, 65.361, 64.897, 65.055, 63.911, 62.638, 63.227, 63.44], [7.559, 3.658, 0.0, 7.52, 14.818, 17.955, 20.963, 27.004, 29.743, 29.863, 33.32, 37.995, 39.775, 39.577, 38.978, 39.37, 40.546, 41.676, 42.6, 45.322, 48.656, 50.339, 51.058, 51.585, 52.211, 52.642, 53.475, 55.485, 56.247, 57.508, 59.571, 60.454, 60.169, 60.294, 61.027, 61.166, 61.564, 63.119, 64.896, 65.005, 64.426, 63.846, 62.677, 62.285, 60.927, 58.881, 58.352, 58.641, 59.474, 60.932, 61.147, 60.792, 60.344, 59.403, 59.438, 59.944, 59.901, 59.317, 58.701, 57.936, 58.148, 59.55, 59.397, 59.442, 58.675, 57.308, 56.713, 55.243, 55.284, 59.551, 62.458, 62.512, 62.552, 62.433, 62.381, 62.167, 62.045, 63.343, 64.884, 64.835, 64.391, 64.561, 63.409, 62.145, 62.767, 62.986], [11.27, 9.41, 7.52, 0.0, 8.232, 12.422, 16.921, 24.412, 27.443, 27.527, 31.224, 35.985, 37.792, 37.703, 37.292, 37.893, 39.155, 40.156, 40.892, 43.586, 46.829, 48.338, 48.979, 49.555, 50.225, 50.712, 51.738, 53.92, 54.683, 55.946, 57.906, 58.695, 58.435, 58.615, 59.334, 59.442, 60.034, 62.03, 64.124, 64.339, 63.71, 62.991, 61.767, 61.352, 60.03, 58.098, 57.638, 57.914, 58.672, 59.975, 60.086, 59.777, 59.391, 58.496, 58.51, 58.967, 58.906, 58.346, 57.67, 56.897, 57.071, 58.421, 58.278, 58.317, 57.634, 56.373, 55.743, 54.229, 54.293, 58.539, 61.437, 61.514, 61.562, 61.435, 61.33, 61.019, 60.896, 62.287, 63.864, 63.787, 63.321, 63.491, 62.296, 61.135, 61.919, 62.183], [16.909, 15.83, 14.818, 8.232, 0.0, 5.922, 13.673, 22.989, 26.305, 26.505, 30.406, 35.043, 36.852, 36.955, 36.86, 37.829, 39.208, 40.033, 40.621, 43.344, 46.385, 47.599, 48.085, 48.637, 49.32, 49.863, 51.123, 53.542, 54.397, 55.681, 57.47, 58.123, 57.889, 58.118, 58.851, 58.944, 59.619, 61.986, 64.482, 64.932, 64.304, 63.446, 62.205, 61.772, 60.543, 58.809, 58.44, 58.659, 59.29, 60.406, 60.395, 60.123, 59.817, 58.97, 58.919, 59.294, 59.207, 58.677, 57.956, 57.214, 57.36, 58.576, 58.4, 58.438, 57.876, 56.78, 56.093, 54.529, 54.575, 58.677, 61.49, 61.64, 61.733, 61.584, 61.394, 60.953, 60.821, 62.28, 63.857, 63.746, 63.259, 63.423, 62.159, 61.065, 62.008, 62.33], [19.646, 18.706, 17.955, 12.422, 5.922, 0.0, 10.009, 20.64, 24.283, 24.595, 28.588, 33.113, 34.845, 35.148, 35.43, 36.703, 38.141, 38.859, 39.331, 41.923, 44.727, 45.786, 46.256, 46.828, 47.55, 48.17, 49.68, 52.432, 53.452, 54.779, 56.472, 57.035, 56.804, 57.065, 57.818, 57.922, 58.572, 60.933, 63.532, 64.219, 63.845, 63.098, 61.866, 61.433, 60.313, 58.786, 58.56, 58.801, 59.347, 60.332, 60.256, 60.012, 59.779, 59.0, 58.961, 59.327, 59.249, 58.72, 57.982, 57.273, 57.411, 58.557, 58.383, 58.434, 57.954, 56.987, 56.319, 54.797, 54.932, 59.033, 61.835, 62.028, 62.114, 61.965, 61.738, 61.255, 61.167, 62.598, 64.106, 63.973, 63.493, 63.643, 62.373, 61.389, 62.41, 62.745], [22.995, 21.784, 20.963, 16.921, 13.673, 10.009, 0.0, 12.076, 16.926, 17.197, 21.56, 26.697, 28.441, 28.753, 29.305, 30.846, 32.374, 33.073, 33.318, 35.728, 38.746, 40.147, 40.957, 41.742, 42.521, 43.12, 44.639, 47.748, 49.042, 50.458, 52.365, 53.031, 52.806, 53.137, 54.021, 54.271, 55.013, 57.379, 59.831, 60.529, 60.94, 61.075, 60.036, 59.651, 58.67, 57.297, 57.244, 57.664, 58.252, 59.24, 59.166, 58.918, 58.789, 58.147, 58.203, 58.623, 58.653, 58.116, 57.377, 56.748, 57.114, 58.681, 58.833, 58.971, 58.528, 57.632, 57.089, 55.681, 55.815, 59.848, 62.617, 62.698, 62.705, 62.645, 62.429, 61.958, 61.849, 63.066, 64.404, 64.281, 63.864, 63.998, 62.891, 62.138, 63.174, 63.49], [28.888, 27.757, 27.004, 24.412, 22.989, 20.64, 12.076, 0.0, 6.766, 7.716, 12.369, 18.963, 21.295, 21.56, 22.113, 23.774, 25.362, 26.29, 26.672, 29.006, 32.349, 34.329, 35.526, 36.451, 37.224, 37.685, 38.668, 41.484, 43.03, 44.587, 46.84, 47.861, 47.768, 48.251, 49.295, 49.745, 50.629, 53.093, 55.504, 56.056, 57.197, 58.712, 58.257, 57.944, 57.251, 56.107, 56.098, 56.553, 57.116, 58.161, 58.147, 57.815, 57.756, 57.384, 57.743, 58.215, 58.338, 57.791, 57.006, 56.482, 57.365, 59.834, 60.495, 60.719, 60.311, 59.405, 58.936, 57.67, 57.588, 61.215, 63.845, 63.838, 63.754, 63.738, 63.541, 63.104, 62.852, 63.679, 64.815, 64.784, 64.43, 64.554, 63.824, 63.449, 64.442, 64.804], [31.375, 30.434, 29.743, 27.443, 26.305, 24.283, 16.926, 6.766, 0.0, 3.29, 9.508, 16.492, 19.251, 19.796, 20.365, 21.904, 23.459, 24.485, 25.324, 27.869, 31.11, 33.126, 34.207, 34.958, 35.73, 36.266, 37.155, 39.64, 41.156, 42.819, 45.001, 45.998, 46.04, 46.748, 47.835, 48.281, 49.225, 51.721, 54.185, 54.724, 55.899, 57.815, 57.776, 57.532, 56.877, 55.856, 55.855, 56.189, 56.483, 57.366, 57.36, 56.97, 56.828, 56.526, 57.078, 57.55, 57.648, 57.145, 56.257, 55.691, 56.686, 59.53, 60.405, 60.633, 60.286, 59.472, 59.025, 57.807, 57.747, 61.148, 63.643, 63.623, 63.494, 63.418, 63.201, 62.806, 62.468, 63.028, 64.036, 64.055, 63.704, 63.778, 63.234, 63.158, 64.167, 64.595], [31.528, 30.585, 29.863, 27.527, 26.505, 24.595, 17.197, 7.716, 3.29, 0.0, 8.164, 15.596, 18.418, 18.952, 19.534, 21.066, 22.671, 23.702, 24.526, 27.105, 30.396, 32.443, 33.585, 34.415, 35.242, 35.799, 36.736, 39.317, 40.868, 42.53, 44.711, 45.663, 45.71, 46.494, 47.583, 48.0, 48.976, 51.498, 53.955, 54.484, 55.685, 57.595, 57.513, 57.32, 56.686, 55.679, 55.697, 56.057, 56.365, 57.228, 57.203, 56.828, 56.687, 56.361, 56.891, 57.361, 57.475, 57.005, 56.092, 55.536, 56.519, 59.322, 60.177, 60.411, 60.099, 59.308, 58.886, 57.665, 57.648, 61.089, 63.581, 63.534, 63.388, 63.32, 63.112, 62.739, 62.446, 63.031, 64.064, 64.095, 63.753, 63.824, 63.265, 63.237, 64.29, 64.709], [34.817, 34.021, 33.32, 31.224, 30.406, 28.588, 21.56, 12.369, 9.508, 8.164, 0.0, 8.589, 12.142, 12.832, 14.181, 16.359, 17.915, 19.002, 19.946, 22.446, 25.705, 28.035, 29.635, 30.641, 31.51, 32.146, 32.928, 35.113, 36.643, 38.285, 40.484, 41.642, 41.841, 42.731, 43.758, 44.167, 45.16, 47.695, 50.248, 50.916, 52.482, 55.021, 55.129, 54.914, 54.822, 54.366, 54.515, 54.926, 55.273, 56.147, 56.168, 55.829, 55.863, 55.788, 56.553, 57.092, 57.244, 56.831, 55.897, 55.415, 56.599, 59.78, 60.823, 61.085, 60.807, 59.973, 59.545, 58.402, 58.314, 61.621, 64.098, 64.032, 63.831, 63.741, 63.541, 63.189, 62.947, 63.54, 64.625, 64.773, 64.481, 64.552, 64.102, 64.27, 65.349, 65.741], [39.228, 38.668, 37.995, 35.985, 35.043, 33.113, 26.697, 18.963, 16.492, 15.596, 8.589, 0.0, 4.632, 6.922, 10.579, 13.913, 15.144, 15.736, 16.832, 19.636, 22.613, 24.82, 26.692, 27.719, 28.619, 29.523, 30.802, 32.826, 33.933, 35.523, 37.443, 38.477, 38.835, 39.787, 40.563, 40.849, 41.874, 44.429, 47.107, 48.077, 49.989, 52.893, 53.242, 52.979, 53.304, 53.574, 53.986, 54.409, 54.559, 55.141, 55.139, 54.903, 55.066, 55.117, 56.064, 56.699, 56.793, 56.445, 55.448, 54.945, 56.122, 59.546, 60.865, 61.132, 60.888, 60.162, 59.78, 58.726, 58.708, 61.851, 64.204, 64.114, 63.875, 63.729, 63.494, 63.148, 62.938, 63.439, 64.451, 64.695, 64.491, 64.508, 64.092, 64.528, 65.694, 66.04], [41.015, 40.452, 39.775, 37.792, 36.852, 34.845, 28.441, 21.295, 19.251, 18.418, 12.142, 4.632, 0.0, 4.339, 9.523, 13.252, 14.245, 14.398, 15.39, 18.45, 21.547, 23.747, 25.784, 26.914, 27.855, 28.865, 30.495, 32.721, 33.543, 35.022, 36.852, 37.795, 38.191, 39.07, 39.702, 39.931, 40.971, 43.515, 46.178, 47.259, 49.35, 52.272, 52.6, 52.318, 52.715, 53.233, 53.855, 54.394, 54.52, 54.993, 54.979, 54.81, 55.015, 55.063, 56.041, 56.746, 56.833, 56.504, 55.506, 54.945, 56.037, 59.488, 60.954, 61.226, 60.955, 60.293, 59.943, 58.958, 59.024, 62.113, 64.38, 64.257, 64.019, 63.901, 63.673, 63.321, 63.118, 63.546, 64.438, 64.667, 64.512, 64.509, 64.09, 64.598, 65.776, 66.081], [41.095, 40.324, 39.577, 37.703, 36.955, 35.148, 28.753, 21.56, 19.796, 18.952, 12.832, 6.922, 4.339, 0.0, 5.984, 10.287, 11.519, 11.944, 13.313, 17.065, 21.015, 23.723, 25.978, 27.187, 28.077, 28.909, 30.179, 32.275, 33.068, 34.483, 36.493, 37.565, 37.939, 38.771, 39.515, 39.958, 41.103, 43.664, 46.241, 47.139, 49.181, 52.155, 52.442, 52.176, 52.57, 52.991, 53.604, 54.286, 54.62, 55.263, 55.283, 55.079, 55.263, 55.261, 56.127, 56.772, 56.854, 56.523, 55.558, 55.029, 56.212, 59.727, 61.224, 61.52, 61.206, 60.49, 60.141, 59.124, 59.091, 62.086, 64.292, 64.122, 63.894, 63.828, 63.64, 63.286, 63.024, 63.416, 64.305, 64.513, 64.352, 64.365, 63.948, 64.404, 65.544, 65.83], [40.794, 39.814, 38.978, 37.292, 36.86, 35.43, 29.305, 22.113, 20.365, 19.534, 14.181, 10.579, 9.523, 5.984, 0.0, 5.041, 7.191, 8.591, 11.051, 16.18, 21.713, 25.214, 27.495, 28.658, 29.416, 29.872, 30.421, 32.001, 32.501, 33.86, 36.198, 37.456, 37.809, 38.569, 39.382, 40.027, 41.309, 43.924, 46.42, 47.009, 48.809, 51.784, 52.066, 51.876, 52.173, 52.359, 52.885, 53.703, 54.416, 55.37, 55.422, 55.161, 55.283, 55.206, 55.901, 56.412, 56.488, 56.166, 55.25, 54.778, 56.143, 59.809, 61.382, 61.715, 61.345, 60.532, 60.162, 59.117, 58.925, 61.805, 63.96, 63.706, 63.46, 63.436, 63.286, 62.957, 62.582, 62.88, 63.776, 63.976, 63.825, 63.876, 63.473, 63.872, 64.992, 65.262], [41.254, 40.245, 39.37, 37.893, 37.829, 36.703, 30.846, 23.774, 21.904, 21.066, 16.359, 13.913, 13.252, 10.287, 5.041, 0.0, 3.573, 6.55, 10.282, 16.495, 23.049, 27.063, 29.314, 30.41, 31.085, 31.37, 31.444, 32.402, 32.441, 33.727, 36.322, 37.708, 38.072, 38.793, 39.546, 40.191, 41.506, 44.107, 46.547, 46.951, 48.607, 51.605, 51.878, 51.735, 51.95, 51.975, 52.458, 53.379, 54.35, 55.534, 55.639, 55.344, 55.399, 55.271, 55.943, 56.405, 56.44, 56.106, 55.233, 54.738, 56.157, 59.981, 61.67, 62.019, 61.598, 60.72, 60.345, 59.346, 59.092, 61.868, 63.973, 63.66, 63.378, 63.366, 63.261, 62.971, 62.521, 62.711, 63.581, 63.799, 63.675, 63.746, 63.388, 63.771, 64.853, 65.127], [42.401, 41.435, 40.546, 39.155, 39.208, 38.141, 32.374, 25.362, 23.459, 22.671, 17.915, 15.144, 14.245, 11.519, 7.191, 3.573, 0.0, 4.455, 9.465, 16.312, 23.087, 27.192, 29.589, 30.787, 31.479, 31.778, 31.799, 32.547, 32.437, 33.709, 36.362, 37.846, 38.257, 38.896, 39.535, 40.146, 41.444, 43.986, 46.398, 46.791, 48.49, 51.591, 51.882, 51.73, 52.004, 52.085, 52.594, 53.548, 54.561, 55.775, 55.92, 55.627, 55.67, 55.538, 56.278, 56.811, 56.839, 56.464, 55.617, 55.084, 56.5, 60.406, 62.119, 62.449, 62.001, 61.089, 60.727, 59.846, 59.625, 62.374, 64.462, 64.151, 63.858, 63.832, 63.734, 63.459, 63.001, 63.152, 63.989, 64.22, 64.109, 64.18, 63.853, 64.232, 65.26, 65.544], [43.521, 42.565, 41.676, 40.156, 40.033, 38.859, 33.073, 26.29, 24.485, 23.702, 19.002, 15.736, 14.398, 11.944, 8.591, 6.55, 4.455, 0.0, 6.364, 14.433, 21.862, 26.292, 28.781, 29.995, 30.707, 31.068, 31.342, 32.305, 32.193, 33.495, 36.013, 37.393, 37.876, 38.573, 39.205, 39.749, 40.992, 43.521, 45.899, 46.355, 48.121, 51.189, 51.47, 51.322, 51.694, 51.922, 52.486, 53.447, 54.482, 55.663, 55.801, 55.59, 55.708, 55.628, 56.35, 56.837, 56.854, 56.479, 55.602, 55.088, 56.537, 60.545, 62.345, 62.669, 62.219, 61.307, 60.94, 60.095, 59.889, 62.653, 64.771, 64.471, 64.184, 64.164, 64.069, 63.791, 63.359, 63.531, 64.318, 64.508, 64.397, 64.458, 64.114, 64.524, 65.561, 65.799], [44.508, 43.517, 42.6, 40.892, 40.621, 39.331, 33.318, 26.672, 25.324, 24.526, 19.946, 16.832, 15.39, 13.313, 11.051, 10.282, 9.465, 6.364, 0.0, 9.808, 19.308, 24.782, 27.38, 28.522, 29.213, 29.567, 30.124, 31.741, 31.97, 33.236, 35.586, 36.743, 37.107, 37.802, 38.485, 38.961, 40.143, 42.669, 44.864, 45.298, 47.222, 50.268, 50.474, 50.31, 50.747, 51.073, 51.688, 52.715, 53.854, 55.03, 55.135, 55.075, 55.461, 55.502, 56.017, 56.326, 56.384, 56.047, 55.218, 54.873, 56.378, 60.28, 62.161, 62.538, 62.074, 61.212, 60.883, 60.037, 59.869, 62.757, 64.932, 64.582, 64.288, 64.32, 64.242, 63.953, 63.591, 63.929, 64.756, 64.872, 64.769, 64.854, 64.435, 64.863, 65.98, 66.101], [47.426, 46.281, 45.322, 43.586, 43.344, 41.923, 35.728, 29.006, 27.869, 27.105, 22.446, 19.636, 18.45, 17.065, 16.18, 16.495, 16.312, 14.433, 9.808, 0.0, 11.796, 19.209, 22.353, 23.592, 24.32, 24.65, 25.239, 27.729, 29.014, 30.26, 32.449, 33.697, 34.085, 34.922, 35.915, 36.439, 37.519, 39.899, 41.82, 42.33, 44.58, 47.97, 48.408, 48.285, 49.002, 49.676, 50.334, 51.329, 52.434, 53.489, 53.545, 53.568, 54.348, 55.018, 55.791, 56.03, 56.278, 56.044, 55.281, 55.324, 57.112, 61.001, 62.74, 63.141, 62.783, 61.956, 61.667, 60.86, 60.65, 63.775, 66.263, 65.926, 65.548, 65.597, 65.517, 65.316, 65.128, 65.595, 66.569, 66.804, 66.746, 66.888, 66.646, 67.32, 68.543, 68.654], [50.764, 49.599, 48.656, 46.829, 46.385, 44.727, 38.746, 32.349, 31.11, 30.396, 25.705, 22.613, 21.547, 21.015, 21.713, 23.049, 23.087, 21.862, 19.308, 11.796, 0.0, 9.23, 13.978, 15.981, 17.195, 18.228, 19.945, 23.794, 26.358, 27.609, 29.176, 30.581, 31.36, 32.638, 34.064, 34.702, 35.678, 37.853, 39.87, 40.917, 43.408, 46.97, 47.742, 47.665, 48.708, 49.849, 50.497, 51.202, 51.811, 52.408, 52.406, 52.354, 53.214, 54.518, 56.1, 56.62, 56.908, 56.705, 55.834, 56.012, 57.865, 61.774, 63.256, 63.572, 63.482, 62.736, 62.414, 61.651, 61.408, 64.621, 67.411, 67.263, 66.825, 66.764, 66.639, 66.527, 66.56, 67.07, 68.159, 68.656, 68.643, 68.774, 68.803, 69.808, 71.07, 71.322], [52.339, 51.286, 50.339, 48.338, 47.599, 45.786, 40.147, 34.329, 33.126, 32.443, 28.035, 24.82, 23.747, 23.723, 25.214, 27.063, 27.192, 26.292, 24.782, 19.209, 9.23, 0.0, 6.694, 10.71, 12.998, 14.977, 18.627, 23.874, 26.689, 27.714, 28.58, 29.847, 30.646, 31.811, 33.33, 34.222, 35.298, 37.454, 39.744, 41.185, 43.682, 46.969, 47.669, 47.548, 48.629, 49.869, 50.48, 50.965, 51.258, 51.56, 51.493, 51.358, 52.131, 53.521, 55.397, 56.262, 56.627, 56.45, 55.574, 55.707, 57.393, 61.06, 62.334, 62.596, 62.679, 61.959, 61.594, 60.946, 60.626, 63.654, 66.513, 66.53, 66.114, 66.014, 65.856, 65.734, 65.888, 66.479, 67.658, 68.321, 68.36, 68.496, 68.61, 69.683, 70.944, 71.297], [52.99, 52.0, 51.058, 48.979, 48.085, 46.256, 40.957, 35.526, 34.207, 33.585, 29.635, 26.692, 25.784, 25.978, 27.495, 29.314, 29.589, 28.781, 27.38, 22.353, 13.978, 6.694, 0.0, 5.657, 9.067, 11.834, 17.008, 23.235, 26.141, 27.006, 27.296, 28.215, 28.834, 29.877, 31.51, 32.589, 33.724, 35.884, 38.246, 39.818, 42.209, 45.199, 45.855, 45.707, 46.726, 47.965, 48.523, 48.836, 49.011, 49.263, 49.163, 49.031, 49.862, 51.378, 53.252, 54.165, 54.774, 54.798, 54.024, 54.23, 55.914, 59.518, 60.751, 61.024, 61.178, 60.485, 60.114, 59.578, 59.182, 62.06, 64.96, 65.038, 64.625, 64.522, 64.359, 64.238, 64.434, 65.083, 66.342, 67.076, 67.161, 67.367, 67.559, 68.671, 69.947, 70.328], [53.482, 52.489, 51.585, 49.555, 48.637, 46.828, 41.742, 36.451, 34.958, 34.415, 30.641, 27.719, 26.914, 27.187, 28.658, 30.41, 30.787, 29.995, 28.522, 23.592, 15.981, 10.71, 5.657, 0.0, 4.418, 8.563, 15.278, 22.036, 25.213, 26.141, 26.032, 26.677, 27.224, 28.385, 30.164, 31.216, 32.274, 34.348, 36.622, 38.248, 40.516, 43.364, 44.133, 43.975, 45.002, 46.385, 46.954, 47.111, 47.123, 47.341, 47.268, 47.207, 48.165, 49.837, 51.793, 52.676, 53.523, 53.83, 53.138, 53.438, 55.155, 58.867, 60.164, 60.429, 60.605, 59.993, 59.657, 59.146, 58.826, 61.767, 64.685, 64.755, 64.314, 64.154, 63.978, 63.876, 64.099, 64.765, 66.042, 66.771, 66.869, 67.107, 67.347, 68.524, 69.811, 70.176], [54.184, 53.11, 52.211, 50.225, 49.32, 47.55, 42.521, 37.224, 35.73, 35.242, 31.51, 28.619, 27.855, 28.077, 29.416, 31.085, 31.479, 30.707, 29.213, 24.32, 17.195, 12.998, 9.067, 4.418, 0.0, 5.376, 13.317, 20.602, 24.11, 25.12, 25.006, 25.669, 26.082, 27.193, 29.187, 30.379, 31.469, 33.537, 35.698, 37.27, 39.504, 42.358, 43.175, 42.966, 44.011, 45.508, 46.092, 46.182, 46.205, 46.477, 46.413, 46.4, 47.464, 49.221, 51.192, 52.071, 53.108, 53.606, 53.071, 53.559, 55.431, 59.284, 60.616, 60.887, 61.05, 60.433, 60.167, 59.679, 59.316, 62.293, 65.223, 65.273, 64.829, 64.655, 64.483, 64.396, 64.626, 65.303, 66.603, 67.349, 67.458, 67.737, 67.998, 69.144, 70.421, 70.766], [54.77, 53.584, 52.642, 50.712, 49.863, 48.17, 43.12, 37.685, 36.266, 35.799, 32.146, 29.523, 28.865, 28.909, 29.872, 31.37, 31.778, 31.068, 29.567, 24.65, 18.228, 14.977, 11.834, 8.563, 5.376, 0.0, 9.078, 17.662, 21.905, 22.985, 23.141, 24.131, 24.331, 25.034, 27.227, 28.848, 30.175, 32.348, 34.372, 35.675, 37.88, 40.887, 41.697, 41.51, 42.544, 43.992, 44.569, 44.663, 44.968, 45.505, 45.404, 45.392, 46.58, 48.402, 50.194, 50.966, 52.115, 52.657, 52.303, 53.185, 55.587, 59.616, 60.947, 61.264, 61.411, 60.689, 60.5, 60.064, 59.466, 62.332, 65.258, 65.287, 64.865, 64.75, 64.587, 64.491, 64.682, 65.334, 66.646, 67.414, 67.554, 67.904, 68.193, 69.261, 70.54, 70.874], [55.755, 54.438, 53.475, 51.738, 51.123, 49.68, 44.639, 38.668, 37.155, 36.736, 32.928, 30.802, 30.495, 30.179, 30.421, 31.444, 31.799, 31.342, 30.124, 25.239, 19.945, 18.627, 17.008, 15.278, 13.317, 9.078, 0.0, 10.314, 16.46, 17.855, 18.965, 20.885, 21.154, 21.837, 24.494, 26.685, 28.292, 30.608, 32.515, 33.284, 35.477, 39.248, 40.318, 40.245, 41.391, 42.662, 43.168, 43.35, 44.045, 45.118, 45.06, 44.909, 46.202, 48.269, 50.109, 50.647, 51.789, 52.226, 51.89, 53.131, 56.495, 61.235, 62.748, 63.149, 63.205, 62.335, 62.166, 61.656, 60.635, 63.168, 65.977, 65.966, 65.582, 65.551, 65.418, 65.327, 65.344, 65.795, 67.066, 67.861, 68.001, 68.441, 68.927, 69.974, 71.208, 71.579], [57.613, 56.377, 55.485, 53.92, 53.542, 52.432, 47.748, 41.484, 39.64, 39.317, 35.113, 32.826, 32.721, 32.275, 32.001, 32.402, 32.547, 32.305, 31.741, 27.729, 23.794, 23.874, 23.235, 22.036, 20.602, 17.662, 10.314, 0.0, 8.395, 10.574, 12.757, 15.88, 16.932, 18.559, 21.534, 23.75, 25.308, 27.641, 29.738, 30.22, 32.26, 36.984, 38.72, 38.763, 40.245, 41.777, 42.375, 42.648, 43.244, 44.476, 44.602, 44.28, 45.534, 47.986, 50.466, 50.981, 51.915, 52.284, 51.75, 52.901, 56.794, 62.671, 64.8, 65.248, 65.223, 64.339, 64.144, 63.556, 62.383, 64.556, 67.147, 67.091, 66.691, 66.628, 66.502, 66.448, 66.269, 66.358, 67.448, 68.266, 68.353, 68.765, 69.581, 70.89, 72.048, 72.488], [58.238, 57.097, 56.247, 54.683, 54.397, 53.452, 49.042, 43.03, 41.156, 40.868, 36.643, 33.933, 33.543, 33.068, 32.501, 32.441, 32.437, 32.193, 31.97, 29.014, 26.358, 26.689, 26.141, 25.213, 24.11, 21.905, 16.46, 8.395, 0.0, 3.81, 7.89, 11.741, 13.53, 15.769, 18.723, 20.857, 22.459, 24.891, 27.28, 27.729, 29.64, 34.64, 36.665, 36.775, 38.38, 40.215, 41.126, 41.624, 42.1, 43.227, 43.435, 43.056, 44.187, 46.732, 49.57, 50.194, 50.866, 51.181, 50.494, 51.333, 55.172, 61.671, 64.487, 64.986, 64.858, 64.041, 63.849, 63.279, 62.168, 64.109, 66.432, 66.282, 65.866, 65.79, 65.666, 65.607, 65.31, 65.135, 65.964, 66.726, 66.814, 67.148, 68.123, 69.696, 70.86, 71.311], [59.486, 58.363, 57.508, 55.946, 55.681, 54.779, 50.458, 44.587, 42.819, 42.53, 38.285, 35.523, 35.022, 34.483, 33.86, 33.727, 33.709, 33.495, 33.236, 30.26, 27.609, 27.714, 27.006, 26.141, 25.12, 22.985, 17.855, 10.574, 3.81, 0.0, 5.76, 10.387, 12.467, 14.728, 17.74, 20.061, 21.729, 24.148, 26.567, 26.982, 28.909, 34.019, 36.075, 36.22, 37.933, 39.874, 40.866, 41.474, 42.004, 43.172, 43.413, 43.012, 44.148, 46.74, 49.59, 50.191, 50.803, 51.094, 50.428, 51.291, 55.147, 61.697, 64.654, 65.218, 65.071, 64.248, 64.081, 63.552, 62.373, 64.137, 66.368, 66.181, 65.749, 65.723, 65.623, 65.567, 65.251, 65.028, 65.851, 66.646, 66.766, 67.128, 68.178, 69.806, 70.975, 71.433], [61.418, 60.416, 59.571, 57.906, 57.47, 56.472, 52.365, 46.84, 45.001, 44.711, 40.484, 37.443, 36.852, 36.493, 36.198, 36.322, 36.362, 36.013, 35.586, 32.449, 29.176, 28.58, 27.296, 26.032, 25.006, 23.141, 18.965, 12.757, 7.89, 5.76, 0.0, 5.911, 9.564, 12.932, 15.943, 18.141, 19.741, 22.052, 24.645, 25.476, 27.342, 32.345, 34.73, 34.972, 36.916, 39.305, 40.464, 40.975, 41.124, 41.924, 42.145, 41.794, 43.016, 45.839, 48.878, 49.434, 50.041, 50.451, 49.708, 50.594, 54.41, 61.019, 64.081, 64.661, 64.648, 63.989, 63.819, 63.387, 62.348, 64.011, 66.209, 66.047, 65.571, 65.494, 65.375, 65.345, 65.071, 64.826, 65.656, 66.491, 66.621, 66.953, 68.099, 69.967, 71.195, 71.663], [62.251, 61.29, 60.454, 58.695, 58.123, 57.035, 53.031, 47.861, 45.998, 45.663, 41.642, 38.477, 37.795, 37.565, 37.456, 37.708, 37.846, 37.393, 36.743, 33.697, 30.581, 29.847, 28.215, 26.677, 25.669, 24.131, 20.885, 15.88, 11.741, 10.387, 5.911, 0.0, 5.818, 11.293, 14.546, 16.417, 18.027, 20.292, 22.828, 23.958, 25.874, 30.627, 33.222, 33.583, 35.544, 38.207, 39.589, 40.101, 39.862, 40.279, 40.45, 40.228, 41.534, 44.406, 47.455, 47.889, 48.518, 49.128, 48.332, 49.187, 52.914, 59.628, 62.925, 63.568, 63.622, 63.267, 63.19, 62.782, 61.997, 63.624, 65.674, 65.476, 65.008, 64.895, 64.752, 64.731, 64.456, 64.174, 64.932, 65.705, 65.823, 66.103, 67.268, 69.355, 70.665, 71.098], [62.054, 61.025, 60.169, 58.435, 57.889, 56.804, 52.806, 47.768, 46.04, 45.71, 41.841, 38.835, 38.191, 37.939, 37.809, 38.072, 38.257, 37.876, 37.107, 34.085, 31.36, 30.646, 28.834, 27.224, 26.082, 24.331, 21.154, 16.932, 13.53, 12.467, 9.564, 5.818, 0.0, 7.228, 12.035, 14.633, 16.523, 18.805, 21.017, 21.892, 23.852, 28.649, 31.083, 31.407, 33.339, 35.98, 37.401, 37.93, 37.782, 38.387, 38.589, 38.424, 39.855, 42.608, 45.374, 45.85, 46.804, 47.679, 47.196, 48.305, 52.111, 58.764, 62.03, 62.726, 62.746, 62.409, 62.572, 62.269, 61.397, 62.983, 65.004, 64.783, 64.366, 64.308, 64.176, 64.137, 63.871, 63.67, 64.496, 65.265, 65.388, 65.726, 66.795, 68.7, 69.978, 70.391], [62.241, 61.21, 60.294, 58.615, 58.118, 57.065, 53.137, 48.251, 46.748, 46.494, 42.731, 39.787, 39.07, 38.771, 38.569, 38.793, 38.896, 38.573, 37.802, 34.922, 32.638, 31.811, 29.877, 28.385, 27.193, 25.034, 21.837, 18.559, 15.769, 14.728, 12.932, 11.293, 7.228, 0.0, 6.933, 11.719, 14.303, 16.891, 19.217, 19.901, 21.752, 26.48, 28.572, 28.714, 30.635, 33.326, 34.802, 35.353, 35.573, 36.433, 36.555, 36.443, 38.042, 40.686, 43.208, 43.968, 45.371, 46.412, 46.37, 47.768, 51.656, 58.031, 61.102, 61.804, 61.805, 61.296, 61.536, 61.623, 60.651, 62.124, 64.199, 63.987, 63.585, 63.607, 63.508, 63.452, 63.198, 63.043, 63.916, 64.768, 64.989, 65.422, 66.367, 67.996, 69.256, 69.651], [62.683, 61.961, 61.027, 59.334, 58.851, 57.818, 54.021, 49.295, 47.835, 47.583, 43.758, 40.563, 39.702, 39.515, 39.382, 39.546, 39.535, 39.205, 38.485, 35.915, 34.064, 33.33, 31.51, 30.164, 29.187, 27.227, 24.494, 21.534, 18.723, 17.74, 15.943, 14.546, 12.035, 6.933, 0.0, 6.545, 10.425, 14.032, 17.29, 18.272, 20.002, 24.599, 26.677, 26.815, 28.91, 32.015, 33.832, 34.523, 34.75, 35.361, 35.338, 35.346, 36.995, 39.611, 42.315, 43.336, 44.845, 45.849, 45.84, 47.193, 50.897, 57.034, 60.025, 60.718, 60.779, 60.333, 60.464, 60.79, 60.142, 61.611, 63.648, 63.429, 62.999, 63.061, 62.988, 62.932, 62.7, 62.477, 63.26, 64.126, 64.385, 64.79, 65.714, 67.408, 68.747, 69.119], [62.459, 61.997, 61.166, 59.442, 58.944, 57.922, 54.271, 49.745, 48.281, 48.0, 44.167, 40.849, 39.931, 39.958, 40.027, 40.191, 40.146, 39.749, 38.961, 36.439, 34.702, 34.222, 32.589, 31.216, 30.379, 28.848, 26.685, 23.75, 20.857, 20.061, 18.141, 16.417, 14.633, 11.719, 6.545, 0.0, 5.352, 10.631, 14.99, 16.586, 18.238, 22.698, 24.987, 25.195, 27.464, 31.003, 33.126, 33.967, 34.051, 34.396, 34.363, 34.517, 36.229, 38.976, 42.048, 43.16, 44.527, 45.458, 45.229, 46.387, 49.824, 55.946, 59.004, 59.672, 59.767, 59.464, 59.581, 59.864, 59.585, 61.46, 63.629, 63.4, 62.942, 62.953, 62.874, 62.868, 62.696, 62.483, 63.233, 64.068, 64.299, 64.628, 65.561, 67.411, 68.813, 69.174], [62.667, 62.249, 61.564, 60.034, 59.619, 58.572, 55.013, 50.629, 49.225, 48.976, 45.16, 41.874, 40.971, 41.103, 41.309, 41.506, 41.444, 40.992, 40.143, 37.519, 35.678, 35.298, 33.724, 32.274, 31.469, 30.175, 28.292, 25.308, 22.459, 21.729, 19.741, 18.027, 16.523, 14.303, 10.425, 5.352, 0.0, 6.556, 12.086, 14.498, 16.338, 21.004, 23.564, 23.846, 26.316, 30.071, 32.271, 33.191, 33.314, 33.727, 33.845, 34.043, 35.868, 38.84, 42.16, 43.287, 44.554, 45.467, 45.186, 46.252, 49.578, 55.818, 58.966, 59.627, 59.711, 59.395, 59.494, 59.8, 59.589, 61.685, 64.075, 63.899, 63.412, 63.35, 63.249, 63.311, 63.197, 62.988, 63.747, 64.617, 64.862, 65.172, 66.147, 68.047, 69.403, 69.757], [64.157, 63.707, 63.119, 62.03, 61.986, 60.933, 57.379, 53.093, 51.721, 51.498, 47.695, 44.429, 43.515, 43.664, 43.924, 44.107, 43.986, 43.521, 42.669, 39.899, 37.853, 37.454, 35.884, 34.348, 33.537, 32.348, 30.608, 27.641, 24.891, 24.148, 22.052, 20.292, 18.805, 16.891, 14.032, 10.631, 6.556, 0.0, 6.825, 10.735, 13.345, 18.945, 22.042, 22.458, 25.301, 29.412, 31.742, 32.685, 32.71, 33.09, 33.359, 33.574, 35.464, 38.659, 42.203, 43.385, 44.687, 45.682, 45.451, 46.577, 49.996, 56.393, 59.638, 60.294, 60.359, 60.069, 60.242, 60.678, 60.572, 62.684, 65.087, 64.94, 64.443, 64.306, 64.17, 64.29, 64.265, 64.069, 64.792, 65.653, 65.915, 66.236, 67.317, 69.33, 70.607, 70.916], [66.039, 65.469, 64.896, 64.124, 64.482, 63.532, 59.831, 55.504, 54.185, 53.955, 50.248, 47.107, 46.178, 46.241, 46.42, 46.547, 46.398, 45.899, 44.864, 41.82, 39.87, 39.744, 38.246, 36.622, 35.698, 34.372, 32.515, 29.738, 27.28, 26.567, 24.645, 22.828, 21.017, 19.217, 17.29, 14.99, 12.086, 6.825, 0.0, 5.659, 10.473, 17.557, 21.134, 21.603, 24.524, 28.803, 31.238, 32.244, 32.318, 32.799, 33.169, 33.462, 35.473, 38.773, 42.239, 43.395, 44.924, 46.094, 46.035, 47.44, 51.076, 57.507, 60.769, 61.464, 61.496, 61.236, 61.59, 62.101, 62.053, 64.24, 66.592, 66.358, 65.897, 65.798, 65.673, 65.836, 65.855, 65.702, 66.396, 67.195, 67.461, 67.803, 68.907, 70.92, 72.138, 72.363], [66.267, 65.61, 65.005, 64.339, 64.932, 64.219, 60.529, 56.056, 54.724, 54.484, 50.916, 48.077, 47.259, 47.139, 47.009, 46.951, 46.791, 46.355, 45.298, 42.33, 40.917, 41.185, 39.818, 38.248, 37.27, 35.675, 33.284, 30.22, 27.729, 26.982, 25.476, 23.958, 21.892, 19.901, 18.272, 16.586, 14.498, 10.735, 5.659, 0.0, 7.501, 16.329, 20.17, 20.795, 23.565, 27.534, 29.938, 31.091, 31.527, 32.506, 32.989, 33.203, 35.202, 38.443, 41.733, 42.881, 44.589, 45.818, 45.906, 47.513, 51.451, 58.015, 61.289, 62.034, 62.003, 61.612, 62.021, 62.495, 62.257, 64.338, 66.634, 66.324, 65.902, 65.968, 65.933, 66.099, 66.022, 65.803, 66.47, 67.235, 67.477, 67.841, 68.969, 70.862, 72.005, 72.211], [65.663, 65.037, 64.426, 63.71, 64.304, 63.845, 60.94, 57.197, 55.899, 55.685, 52.482, 49.989, 49.35, 49.181, 48.809, 48.607, 48.49, 48.121, 47.222, 44.58, 43.408, 43.682, 42.209, 40.516, 39.504, 37.88, 35.477, 32.26, 29.64, 28.909, 27.342, 25.874, 23.852, 21.752, 20.002, 18.238, 16.338, 13.345, 10.473, 7.501, 0.0, 10.179, 15.078, 16.046, 19.123, 23.598, 26.227, 27.322, 27.861, 29.137, 29.756, 30.014, 32.085, 35.514, 39.029, 40.24, 41.987, 43.364, 43.485, 45.235, 49.375, 56.123, 59.462, 60.172, 60.123, 59.656, 60.038, 60.535, 60.247, 62.273, 64.576, 64.279, 63.854, 63.935, 63.995, 64.215, 64.101, 63.863, 64.561, 65.322, 65.539, 65.925, 67.105, 69.037, 70.187, 70.399], [65.001, 64.459, 63.846, 62.991, 63.446, 63.098, 61.075, 58.712, 57.815, 57.595, 55.021, 52.893, 52.272, 52.155, 51.784, 51.605, 51.591, 51.189, 50.268, 47.97, 46.97, 46.969, 45.199, 43.364, 42.358, 40.887, 39.248, 36.984, 34.64, 34.019, 32.345, 30.627, 28.649, 26.48, 24.599, 22.698, 21.004, 18.945, 17.557, 16.329, 10.179, 0.0, 6.752, 8.664, 12.215, 18.203, 21.66, 22.744, 23.371, 24.815, 25.496, 26.176, 28.487, 32.005, 35.653, 37.025, 38.888, 40.538, 40.907, 42.885, 46.779, 53.093, 56.317, 56.984, 56.96, 56.561, 56.982, 57.583, 57.521, 59.733, 62.163, 61.95, 61.566, 61.61, 61.685, 61.99, 62.019, 61.938, 62.707, 63.429, 63.625, 64.048, 65.093, 66.928, 68.147, 68.316], [63.847, 63.319, 62.677, 61.767, 62.205, 61.866, 60.036, 58.257, 57.776, 57.513, 55.129, 53.242, 52.6, 52.442, 52.066, 51.878, 51.882, 51.47, 50.474, 48.408, 47.742, 47.669, 45.855, 44.133, 43.175, 41.697, 40.318, 38.72, 36.665, 36.075, 34.73, 33.222, 31.083, 28.572, 26.677, 24.987, 23.564, 22.042, 21.134, 20.17, 15.078, 6.752, 0.0, 4.133, 8.906, 15.431, 19.397, 20.783, 22.282, 24.418, 25.02, 25.897, 28.27, 31.322, 34.541, 36.042, 38.077, 39.744, 40.447, 42.568, 46.288, 52.042, 54.989, 55.663, 55.612, 55.113, 55.623, 56.287, 56.222, 58.56, 61.06, 60.926, 60.628, 60.756, 60.834, 61.089, 61.295, 61.497, 62.371, 63.029, 63.192, 63.695, 64.491, 65.907, 67.108, 67.241], [63.438, 62.93, 62.285, 61.352, 61.772, 61.433, 59.651, 57.944, 57.532, 57.32, 54.914, 52.979, 52.318, 52.176, 51.876, 51.735, 51.73, 51.322, 50.31, 48.285, 47.665, 47.548, 45.707, 43.975, 42.966, 41.51, 40.245, 38.763, 36.775, 36.22, 34.972, 33.583, 31.407, 28.714, 26.815, 25.195, 23.846, 22.458, 21.603, 20.795, 16.046, 8.664, 4.133, 0.0, 6.797, 14.361, 18.398, 19.766, 21.325, 23.441, 24.016, 24.98, 27.492, 30.549, 33.77, 35.375, 37.585, 39.328, 40.122, 42.277, 45.957, 51.675, 54.55, 55.227, 55.144, 54.578, 55.126, 55.826, 55.715, 58.157, 60.72, 60.583, 60.316, 60.434, 60.553, 60.779, 61.031, 61.455, 62.493, 63.207, 63.389, 63.925, 64.642, 65.948, 67.143, 67.259], [62.104, 61.597, 60.927, 60.03, 60.543, 60.313, 58.67, 57.251, 56.877, 56.686, 54.822, 53.304, 52.715, 52.57, 52.173, 51.95, 52.004, 51.694, 50.747, 49.002, 48.708, 48.629, 46.726, 45.002, 44.011, 42.544, 41.391, 40.245, 38.38, 37.933, 36.916, 35.544, 33.339, 30.635, 28.91, 27.464, 26.316, 25.301, 24.524, 23.565, 19.123, 12.215, 8.906, 6.797, 0.0, 8.79, 13.488, 15.182, 16.886, 19.393, 20.165, 21.12, 23.609, 26.562, 29.857, 31.71, 34.191, 36.086, 37.07, 39.337, 43.083, 48.87, 51.763, 52.474, 52.344, 51.737, 52.404, 53.205, 53.057, 55.69, 58.461, 58.301, 58.024, 58.16, 58.384, 58.743, 58.963, 59.383, 60.568, 61.5, 61.8, 62.344, 63.039, 64.212, 65.354, 65.522], [60.121, 59.582, 58.881, 58.098, 58.809, 58.786, 57.297, 56.107, 55.856, 55.679, 54.366, 53.574, 53.233, 52.991, 52.359, 51.975, 52.085, 51.922, 51.073, 49.676, 49.849, 49.869, 47.965, 46.385, 45.508, 43.992, 42.662, 41.777, 40.215, 39.874, 39.305, 38.207, 35.98, 33.326, 32.015, 31.003, 30.071, 29.412, 28.803, 27.534, 23.598, 18.203, 15.431, 14.361, 8.79, 0.0, 5.889, 8.908, 12.365, 16.961, 18.2, 18.662, 20.718, 23.008, 25.864, 27.831, 30.635, 32.556, 33.866, 36.222, 40.158, 45.933, 48.652, 49.456, 49.218, 48.384, 49.079, 49.974, 49.564, 52.286, 55.398, 55.321, 55.073, 55.313, 55.72, 56.253, 56.436, 56.817, 58.169, 59.417, 59.903, 60.495, 61.185, 62.022, 62.98, 63.259], [59.634, 59.066, 58.352, 57.638, 58.44, 58.56, 57.244, 56.098, 55.855, 55.697, 54.515, 53.986, 53.855, 53.604, 52.885, 52.458, 52.594, 52.486, 51.688, 50.334, 50.497, 50.48, 48.523, 46.954, 46.092, 44.569, 43.168, 42.375, 41.126, 40.866, 40.464, 39.589, 37.401, 34.802, 33.832, 33.126, 32.271, 31.742, 31.238, 29.938, 26.227, 21.66, 19.397, 18.398, 13.488, 5.889, 0.0, 4.574, 10.248, 16.021, 17.467, 17.649, 19.52, 21.534, 24.082, 25.99, 29.001, 31.043, 32.594, 35.118, 39.178, 44.891, 47.33, 48.141, 47.875, 46.835, 47.542, 48.469, 47.781, 50.653, 54.123, 54.112, 53.842, 54.099, 54.666, 55.329, 55.519, 55.977, 57.56, 59.11, 59.784, 60.443, 61.099, 61.779, 62.67, 62.996], [59.892, 59.345, 58.641, 57.914, 58.659, 58.801, 57.664, 56.553, 56.189, 56.057, 54.926, 54.409, 54.394, 54.286, 53.703, 53.379, 53.548, 53.447, 52.715, 51.329, 51.202, 50.965, 48.836, 47.111, 46.182, 44.663, 43.35, 42.648, 41.624, 41.474, 40.975, 40.101, 37.93, 35.353, 34.523, 33.967, 33.191, 32.685, 32.244, 31.091, 27.322, 22.744, 20.783, 19.766, 15.182, 8.908, 4.574, 0.0, 7.413, 14.002, 15.552, 15.706, 17.645, 19.789, 22.491, 24.54, 27.879, 30.172, 31.893, 34.609, 38.81, 44.506, 46.768, 47.538, 47.348, 46.31, 47.039, 48.038, 47.303, 50.213, 53.767, 53.822, 53.551, 53.717, 54.26, 54.961, 55.245, 55.799, 57.48, 59.128, 59.854, 60.584, 61.259, 61.92, 62.826, 63.177], [60.571, 60.134, 59.474, 58.672, 59.29, 59.347, 58.252, 57.116, 56.483, 56.365, 55.273, 54.559, 54.52, 54.62, 54.416, 54.35, 54.561, 54.482, 53.854, 52.434, 51.811, 51.258, 49.011, 47.123, 46.205, 44.968, 44.045, 43.244, 42.1, 42.004, 41.124, 39.862, 37.782, 35.573, 34.75, 34.051, 33.314, 32.71, 32.318, 31.527, 27.861, 23.371, 22.282, 21.325, 16.886, 12.365, 10.248, 7.413, 0.0, 7.684, 10.112, 10.117, 12.188, 15.08, 19.299, 21.811, 25.393, 28.069, 29.639, 32.245, 36.353, 42.483, 45.063, 45.882, 45.802, 45.122, 45.952, 46.999, 46.619, 49.456, 52.799, 52.889, 52.617, 52.635, 53.128, 53.945, 54.33, 54.736, 56.283, 57.996, 58.717, 59.401, 60.401, 61.565, 62.546, 62.963], [61.906, 61.583, 60.932, 59.975, 60.406, 60.332, 59.24, 58.161, 57.366, 57.228, 56.147, 55.141, 54.993, 55.263, 55.37, 55.534, 55.775, 55.663, 55.03, 53.489, 52.408, 51.56, 49.263, 47.341, 46.477, 45.505, 45.118, 44.476, 43.227, 43.172, 41.924, 40.279, 38.387, 36.433, 35.361, 34.396, 33.727, 33.09, 32.799, 32.506, 29.137, 24.815, 24.418, 23.441, 19.393, 16.961, 16.021, 14.002, 7.684, 0.0, 3.902, 5.079, 8.095, 12.195, 17.855, 20.738, 24.391, 27.317, 28.501, 30.956, 34.718, 40.835, 43.67, 44.49, 44.592, 44.407, 45.359, 46.553, 46.774, 49.789, 52.951, 52.993, 52.677, 52.524, 52.907, 53.735, 54.243, 54.619, 56.01, 57.671, 58.414, 59.014, 60.188, 62.034, 63.276, 63.649], [62.128, 61.82, 61.147, 60.086, 60.395, 60.256, 59.166, 58.147, 57.36, 57.203, 56.168, 55.139, 54.979, 55.283, 55.422, 55.639, 55.92, 55.801, 55.135, 53.545, 52.406, 51.493, 49.163, 47.268, 46.413, 45.404, 45.06, 44.602, 43.435, 43.413, 42.145, 40.45, 38.589, 36.555, 35.338, 34.363, 33.845, 33.359, 33.169, 32.989, 29.756, 25.496, 25.02, 24.016, 20.165, 18.2, 17.467, 15.552, 10.112, 3.902, 0.0, 3.798, 7.706, 11.925, 17.467, 20.312, 24.241, 27.217, 28.327, 30.919, 34.776, 40.608, 43.319, 44.149, 44.359, 44.332, 45.327, 46.588, 46.96, 50.078, 53.197, 53.211, 52.904, 52.744, 53.054, 53.805, 54.368, 54.839, 56.225, 57.812, 58.548, 59.162, 60.264, 62.223, 63.673, 64.024], [61.782, 61.461, 60.792, 59.777, 60.123, 60.012, 58.918, 57.815, 56.97, 56.828, 55.829, 54.903, 54.81, 55.079, 55.161, 55.344, 55.627, 55.59, 55.075, 53.568, 52.354, 51.358, 49.031, 47.207, 46.4, 45.392, 44.909, 44.28, 43.056, 43.012, 41.794, 40.228, 38.424, 36.443, 35.346, 34.517, 34.043, 33.574, 33.462, 33.203, 30.014, 26.176, 25.897, 24.98, 21.12, 18.662, 17.649, 15.706, 10.117, 5.079, 3.798, 0.0, 4.922, 10.236, 16.447, 19.388, 23.222, 26.166, 27.285, 29.841, 33.901, 40.029, 42.763, 43.609, 43.816, 43.677, 44.652, 45.899, 46.062, 49.021, 52.166, 52.225, 51.907, 51.754, 52.092, 52.912, 53.419, 53.726, 55.13, 56.856, 57.608, 58.23, 59.481, 61.45, 62.859, 63.391], [61.294, 61.013, 60.344, 59.391, 59.817, 59.779, 58.789, 57.756, 56.828, 56.687, 55.863, 55.066, 55.015, 55.263, 55.283, 55.399, 55.67, 55.708, 55.461, 54.348, 53.214, 52.131, 49.862, 48.165, 47.464, 46.58, 46.202, 45.534, 44.187, 44.148, 43.016, 41.534, 39.855, 38.042, 36.995, 36.229, 35.868, 35.464, 35.473, 35.202, 32.085, 28.487, 28.27, 27.492, 23.609, 20.718, 19.52, 17.645, 12.188, 8.095, 7.706, 4.922, 0.0, 6.969, 14.75, 18.17, 21.864, 24.803, 25.926, 28.286, 32.214, 38.483, 41.272, 42.097, 42.297, 42.135, 43.157, 44.464, 44.623, 47.46, 50.571, 50.695, 50.391, 50.215, 50.584, 51.484, 51.943, 52.036, 53.383, 55.228, 55.999, 56.615, 58.022, 60.083, 61.434, 62.098], [60.325, 60.09, 59.403, 58.496, 58.97, 59.0, 58.147, 57.384, 56.526, 56.361, 55.788, 55.117, 55.063, 55.261, 55.206, 55.271, 55.538, 55.628, 55.502, 55.018, 54.518, 53.521, 51.378, 49.837, 49.221, 48.402, 48.269, 47.986, 46.732, 46.74, 45.839, 44.406, 42.608, 40.686, 39.611, 38.976, 38.84, 38.659, 38.773, 38.443, 35.514, 32.005, 31.322, 30.549, 26.562, 23.008, 21.534, 19.789, 15.08, 12.195, 11.925, 10.236, 6.969, 0.0, 9.265, 13.983, 18.355, 21.737, 23.351, 25.745, 29.244, 35.082, 37.797, 38.699, 38.834, 38.735, 39.998, 41.523, 41.909, 44.835, 47.878, 47.999, 47.764, 47.624, 48.111, 49.126, 49.63, 49.762, 51.174, 53.12, 53.997, 54.671, 55.922, 57.794, 59.144, 59.805], [60.475, 60.165, 59.438, 58.51, 58.919, 58.961, 58.203, 57.743, 57.078, 56.891, 56.553, 56.064, 56.041, 56.127, 55.901, 55.943, 56.278, 56.35, 56.017, 55.791, 56.1, 55.397, 53.252, 51.793, 51.192, 50.194, 50.109, 50.466, 49.57, 49.59, 48.878, 47.455, 45.374, 43.208, 42.315, 42.048, 42.16, 42.203, 42.239, 41.733, 39.029, 35.653, 34.541, 33.77, 29.857, 25.864, 24.082, 22.491, 19.299, 17.855, 17.467, 16.447, 14.75, 9.265, 0.0, 6.738, 13.373, 17.882, 20.636, 23.868, 27.409, 32.249, 34.667, 35.764, 35.812, 35.695, 37.335, 39.08, 39.358, 42.275, 45.301, 45.353, 45.202, 45.185, 45.768, 46.853, 47.453, 47.92, 49.646, 51.625, 52.614, 53.483, 54.447, 56.033, 57.494, 58.083], [61.057, 60.672, 59.944, 58.967, 59.294, 59.327, 58.623, 58.215, 57.55, 57.361, 57.092, 56.699, 56.746, 56.772, 56.412, 56.405, 56.811, 56.837, 56.326, 56.03, 56.62, 56.262, 54.165, 52.676, 52.071, 50.966, 50.647, 50.981, 50.194, 50.191, 49.434, 47.889, 45.85, 43.968, 43.336, 43.16, 43.287, 43.385, 43.395, 42.881, 40.24, 37.025, 36.042, 35.375, 31.71, 27.831, 25.99, 24.54, 21.811, 20.738, 20.312, 19.388, 18.17, 13.983, 6.738, 0.0, 9.165, 14.657, 17.847, 21.907, 26.145, 31.208, 33.898, 35.251, 35.272, 35.258, 36.973, 38.543, 38.591, 41.254, 44.137, 44.125, 43.988, 43.976, 44.593, 45.731, 46.306, 46.845, 48.714, 50.647, 51.6, 52.555, 53.599, 55.382, 56.986, 57.545], [60.902, 60.599, 59.901, 58.906, 59.207, 59.249, 58.653, 58.338, 57.648, 57.475, 57.244, 56.793, 56.833, 56.854, 56.488, 56.44, 56.839, 56.854, 56.384, 56.278, 56.908, 56.627, 54.774, 53.523, 53.108, 52.115, 51.789, 51.915, 50.866, 50.803, 50.041, 48.518, 46.804, 45.371, 44.845, 44.527, 44.554, 44.687, 44.924, 44.589, 41.987, 38.888, 38.077, 37.585, 34.191, 30.635, 29.001, 27.879, 25.393, 24.391, 24.241, 23.222, 21.864, 18.355, 13.373, 9.165, 0.0, 6.465, 10.54, 15.424, 20.382, 26.21, 30.014, 31.501, 31.431, 31.519, 33.384, 34.587, 34.588, 37.004, 39.574, 39.535, 39.36, 39.199, 39.785, 41.054, 41.657, 42.03, 43.861, 45.867, 46.861, 47.785, 48.937, 51.118, 52.852, 53.461], [60.233, 60.008, 59.317, 58.346, 58.677, 58.72, 58.116, 57.791, 57.145, 57.005, 56.831, 56.445, 56.504, 56.523, 56.166, 56.106, 56.464, 56.479, 56.047, 56.044, 56.705, 56.45, 54.798, 53.83, 53.606, 52.657, 52.226, 52.284, 51.181, 51.094, 50.451, 49.128, 47.679, 46.412, 45.849, 45.458, 45.467, 45.682, 46.094, 45.818, 43.364, 40.538, 39.744, 39.328, 36.086, 32.556, 31.043, 30.172, 28.069, 27.317, 27.217, 26.166, 24.803, 21.737, 17.882, 14.657, 6.465, 0.0, 6.234, 11.98, 17.855, 24.034, 28.23, 29.766, 29.631, 29.6, 31.449, 32.43, 32.309, 34.752, 37.29, 37.312, 37.164, 37.006, 37.589, 38.857, 39.46, 39.778, 41.56, 43.581, 44.562, 45.469, 46.635, 48.836, 50.592, 51.223], [59.57, 59.373, 58.701, 57.67, 57.956, 57.982, 57.377, 57.006, 56.257, 56.092, 55.897, 55.448, 55.506, 55.558, 55.25, 55.233, 55.617, 55.602, 55.218, 55.281, 55.834, 55.574, 54.024, 53.138, 53.071, 52.303, 51.89, 51.75, 50.494, 50.428, 49.708, 48.332, 47.196, 46.37, 45.84, 45.229, 45.186, 45.451, 46.035, 45.906, 43.485, 40.907, 40.447, 40.122, 37.07, 33.866, 32.594, 31.893, 29.639, 28.501, 28.327, 27.285, 25.926, 23.351, 20.636, 17.847, 10.54, 6.234, 0.0, 7.534, 15.001, 22.438, 27.378, 28.932, 28.875, 29.118, 30.833, 31.463, 31.72, 34.396, 36.809, 36.799, 36.616, 36.298, 36.789, 38.002, 38.582, 38.877, 40.591, 42.505, 43.398, 44.153, 45.494, 48.26, 50.183, 50.8], [58.71, 58.574, 57.936, 56.897, 57.214, 57.273, 56.748, 56.482, 55.691, 55.536, 55.415, 54.945, 54.945, 55.029, 54.778, 54.738, 55.084, 55.088, 54.873, 5