0	0.960520364954223	0.922208964205264	0.987019107926434	0.999576072076789	0.913213251889708	0.91344559927479	0.999444977786876	0.934713532351336	0.970728254658073	0.964942768932368	0.997158536606669	0.95920488916888	0.99995673434494	0.941741437273772	0.995803236408101	0.991059001322401	0.757471186216557	0.671525434255183	0.855473347719434	0.868015831006368	0.880526504597533	0.935566937221971	0.790702254711629	0.921046224953256	0.936222636609631	0.855885403659063	0.994914629058252	0.986255519249404	0.960534925232076	0.997733159894176	0.691796792755998	0.574915543766768	0.694283507432818	0.956103993488256	0.744256345656854	0.941996230414682	0.869172679313606	0.768198762500291	0.977407650907971	0.962081651734938	0.718881132772119	0.657267007662493	0.923339722725741	0.85823577137219	0.885578360234266	0.999999526789747	0.9962727481864	0.987693602652354	0.997763183164666	0.992886956975135	0.981799442916696	0.967314050086188	0.996840594056691	0.969371754243294	0.769468603232845	0.746469161952772	0.975640103196722	0.85500947480003	0.999953110028433	0.996728622361848	0.915143475599696	0.93505810957611	0.998639558748388	0.714996102349158	0.995331990961969	0.986294020428929	0.989160923649966	0.98576792546316	0.957980048350154	0.981875342561056	0.874470258130424	0.940313652513307	0.689865245184696	0.991549012454126	0.646160333666325	0.659168375704775	0.924642907148495	0.747978245600404	0.722288114221219	0.716515899781082	0.663112916893896	0.76694672948071	0.857278426499723	0.906785780349324	0.863158257981628	0.995804109242391	0.962986978326962	0.812834739732625	0.958247117063472	0.76275157418927	0.910154918395078	0.826051932244186	0.976228819767573	0.959255043799725	0.982568253504027	0.74453388460184	0.79340600994053	0.847449263713186	0.531954236306101	0.872129660589079	0.977629100220125	0.997716755166816	0.998350964989017	0.999025268355119	0.999481376981885	0.647459642477163	0.99965521169365	0.9780235613131	0.982759671305389	0.996063182287898	0.890588248519493	0.641542927497352
0.960520364954223	0	0.396854736473744	0.427864709942077	0.365771010667839	0.813001345985757	0.87086161517132	0.525248706527879	0.72496868168745	0.619921728293886	0.874808643327193	0.546606626504177	0.869459697223403	0.713499464320891	0.985166643213537	0.994731785729856	0.792234350263789	0.921391216498032	0.858799641212967	0.566664078144688	0.634293143631318	0.828275853133145	0.983770349158916	0.997833232852359	0.99090153007122	0.927753138959419	0.991252344695596	0.741236858447816	0.917770531820517	0.991668310139531	0.987891775510615	0.997256232271134	0.939750781887633	0.957140535814388	0.757361004490566	0.879521295752511	0.999858179167697	0.999139368916774	0.942402050939867	0.948812521460518	0.790218726815067	0.87259168825733	0.885293079178191	0.946080280364447	0.872595910251076	0.998532231091674	0.876747274285164	0.999906353848029	0.998179194218588	0.891147927722731	0.997947543459958	0.986849084770608	0.942277539308328	0.989808326312447	0.897280414582591	0.95925713483322	0.495532477220013	0.155147551642783	0.466149728186549	0.612902409587536	0.354158051315049	0.77766929154559	0.818667313552346	0.590674898916077	0.787337396612682	0.955913903238433	0.657233866615506	0.699557283536907	0.714795845051679	0.776149546937837	0.750151381210962	0.952955877712778	0.499926448694608	0.829384736463647	0.603854550547521	0.795655291880589	0.802212609296586	0.369102593066617	0.720971366481637	0.956090152630658	0.768386585532851	0.967847727514084	0.999897976905121	0.990436380490779	0.972216546707645	0.703307793528485	0.816623123901226	0.912833176403349	0.987499296558978	0.878607935686129	0.936534033006374	0.90763792909962	0.939134614027256	0.971611829789156	0.889478864301037	0.990057054454641	0.997274895170267	0.982206458801197	0.828625025900898	0.94847934623812	0.998255764351122	0.952553827660345	0.957202413727277	0.999854412198169	0.869848354653316	0.999087163530178	0.999701427498759	0.948949764066784	0.961322727872634	0.98518496266874	0.984337916324842	0.997870657844218	0.973902429108786
0.922208964205264	0.396854736473744	0	0.283779469672219	0.42555855197326	0.947960463261513	0.978494625493954	0.754301635156266	0.690396807682056	0.499272746228309	0.871159590815415	0.549740574294234	0.880090029385736	0.605654060782782	0.975853212952053	0.993705780142583	0.74140945080337	0.833608060364392	0.844382687811729	0.662659199035993	0.637535789182138	0.87731538173663	0.996182404091869	0.995190562998033	0.97685423594909	0.986926603720372	0.982330612934966	0.773786108740472	0.913825118502463	0.998079983014297	0.933013401866773	0.991145837414956	0.879883613314036	0.921068507583007	0.82060237264494	0.723243150440624	0.978569086853622	0.999885763381629	0.882362082441801	0.979610080311346	0.749954894627159	0.688509243661109	0.742615661919434	0.974839108556612	0.750453522219459	0.978127506900927	0.913478792988224	0.994713065076457	0.966139687786697	0.85189032848424	0.995105552387428	0.999886428655707	0.896535763832846	0.925037398086918	0.875428038748546	0.981832089244646	0.408341367654097	0.409382370546542	0.172524916780136	0.537263099276199	0.373585169832463	0.913186329003312	0.952380064227641	0.763650305379501	0.770270441250823	0.913542234602072	0.700151708664495	0.659697430234417	0.770690439039993	0.738384158144693	0.829340329069415	0.956849020455691	0.446153301445103	0.725368442597354	0.768654169385431	0.677270901218779	0.792385682904339	0.318043256443814	0.692286911515005	0.913442659837575	0.695084987585256	0.941377316305787	0.985456936321257	0.998651763962364	0.96611239274301	0.690711022412317	0.81175720579987	0.977940950858468	0.999105264250656	0.805058832962114	0.851961651594753	0.973201782547462	0.903052995730373	0.993164097266721	0.715953662130492	0.99574293725749	0.986034854321068	0.887026723201495	0.633235457670382	0.862895320270711	0.999522690290133	0.889201541932223	0.94417203953784	0.965118416852497	0.920501557939487	0.952137973928242	0.999667340965508	0.908531075592128	0.868855360251004	0.947111310730168	0.896240190715753	0.997591934710205	0.999678706400121
0.987019107926434	0.427864709942077	0.283779469672219	0	0.263498027409041	0.872926536766373	0.947794859666596	0.70963945819974	0.721622570807324	0.488167562342681	0.752066363477412	0.343066066038741	0.75413432114377	0.468714338402065	0.918482410972862	0.988310844666204	0.588454687527058	0.92229094805585	0.942329406543456	0.772121061226647	0.724257473843374	0.94033040609645	0.966084373837697	0.993525547744455	0.926418763873171	0.995046772147539	0.92526430812384	0.736451099867634	0.853784676189037	0.973030271292349	0.884090442239837	0.993100566145607	0.970135884123395	0.987713204430356	0.868235112273499	0.855667444735277	0.98829750856764	0.977978847157197	0.947816372114988	0.976228560115789	0.799198318662442	0.810577497023871	0.867346845715283	0.997501124480552	0.834962951750037	0.988746372681892	0.912319905390595	0.983645601968587	0.92593745094805	0.847124760032258	0.996467113123178	0.991483699635596	0.78889104248941	0.88802277491992	0.770717818621611	0.91798002594014	0.587085337524187	0.38875975017471	0.431169266869035	0.333445741526292	0.225985694088811	0.82329290134869	0.909353088650373	0.738364017405582	0.886441644765507	0.88286503436145	0.522957862431014	0.448580976278452	0.613781894587746	0.559315860908242	0.70915385191998	0.985570140379056	0.478851375817456	0.850783172985686	0.778758749999386	0.830625301002111	0.906913696962278	0.401785027619699	0.826172085758131	0.977760030277955	0.836032426809207	0.991064479058887	0.999817265791023	0.990431620497646	0.913626455230976	0.728696782837921	0.726067875540546	0.94980678025581	0.964549779831884	0.775507183533727	0.944006925688317	0.914655623862262	0.964311341942891	0.986977604620761	0.709978498434822	0.999080165726121	0.999906550773904	0.95077796112476	0.702205994225196	0.953852180378902	0.973973238809717	0.793552402749241	0.914667986708675	0.940628596488558	0.929575525887727	0.929127515741716	0.974881077872988	0.881964723327161	0.862069174393641	0.878227898400804	0.858160887695262	0.972855891009123	0.977457826190173
0.999576072076789	0.365771010667839	0.42555855197326	0.263498027409041	0	0.763485963910341	0.883014608971647	0.602301168879533	0.774301975392733	0.554477109168364	0.732701603049603	0.279001513390709	0.75296936555056	0.563074192931706	0.945331586941143	0.968139637031599	0.620766476467212	0.976622226375952	0.974127444870114	0.792615577456832	0.784407920009516	0.955470280659591	0.93922685647552	0.976593036792333	0.904785449888567	0.985032988563942	0.896788004763578	0.693920430750577	0.84822348940877	0.991325046281616	0.92713241537007	0.984166105605833	0.991845718017254	0.999245460289515	0.883560428293214	0.916724366619466	0.999155658124756	0.975865208185046	0.983564908716412	0.959079274466331	0.806054404151905	0.901847752951499	0.930787948312986	0.995981585326973	0.922291056743998	0.99986895558524	0.879599762576966	0.98808665893759	0.956423858996679	0.839963832818394	0.998715653439821	0.997032451117329	0.811413649849824	0.94428562313231	0.773087671238242	0.864345755264459	0.677051857337242	0.293291860773189	0.559974040580565	0.398765854022065	0.10434627781732	0.709971402321482	0.827699842797885	0.688413483868245	0.913551160910732	0.918078987511564	0.46495625686257	0.466790841027773	0.576767956302492	0.553511254353009	0.699025576301585	0.998915924558237	0.58858900694656	0.929386906100382	0.732275399705422	0.906502826049672	0.946644318674798	0.464364375560273	0.882376097471911	0.997657297480574	0.893469986163295	0.999813787609384	0.985718642812201	0.98398383025269	0.864374872584804	0.793235916722705	0.68402884652793	0.888566256524115	0.926567122121672	0.862527965855239	0.965533664243471	0.87778983804612	0.989013749260188	0.966438797164794	0.845505704052885	0.99914189496079	0.98789756184649	0.989051284327487	0.821658657342846	0.989100628039604	0.975742487447413	0.829531672139657	0.953578357259994	0.978139575328999	0.876827865114258	0.971549470040722	0.953107989750905	0.873975350413447	0.90094088062182	0.919881643742356	0.930073294977783	0.977707592935571	0.926826826545837
0.913213251889708	0.813001345985757	0.947960463261513	0.872926536766373	0.763485963910341	0	0.613150650083613	0.64538223757317	0.971615912232744	0.950701572126072	0.739774745062078	0.725484099289285	0.6997982843539	0.880161251882266	0.890875625292232	0.990089856872042	0.805706355896441	0.929845178958419	0.980746354325206	0.95739408954363	0.959292627147192	0.999984542522498	0.740777314024448	0.841165235305147	0.899979318240659	0.932112482847331	0.859406947649148	0.872205214642554	0.919224641616796	0.993405135847992	0.991555729048384	0.833081498346656	0.924883641367884	0.887856265116638	0.967864896005497	0.938571049718649	0.872544704901796	0.956270005708726	0.90663805512827	0.899888710809274	0.962299361889821	0.96757044841515	0.957608290074158	0.999890436072517	0.979988332280349	0.889425730576228	0.891485946548905	0.999863217223541	0.999373994704386	0.954205067088752	0.994597038278243	0.997273096992303	0.873772296140504	0.999557729021947	0.794204715300569	0.757893437822186	0.982441232460539	0.798615445586487	0.980069052111429	0.829913197820772	0.807454061957023	0.425787417584618	0.579702434762411	0.774037986057397	0.998837882355641	0.999094984023411	0.660429508730113	0.765599290421315	0.617627255769017	0.79740097607012	0.627087330752521	0.982180881188346	0.932495603983056	0.975997327506659	0.899092351378798	0.968803966814915	0.991459988320151	0.895293833122634	0.998781286501223	0.891179749677251	0.984695605096969	0.882972740769381	0.828066367072386	0.947693006650491	0.833296445738227	0.980529211317843	0.860575410259043	0.766241203766727	0.715007767010556	0.985043019125905	0.919934895479792	0.692881348458228	0.924767228139146	0.875479804637502	0.996631188611636	0.981451628859415	0.82318439036585	0.865058744251223	0.999841586043149	0.895123304153316	0.974657111500245	0.944832132627321	0.994902707321391	0.997418967404485	0.908876263002107	0.992015925248155	0.804190403473807	0.9465996192592	0.999911772218313	0.951081730125336	0.999989649140148	0.977013761758087	0.700343804545071
0.91344559927479	0.87086161517132	0.978494625493954	0.947794859666596	0.883014608971647	0.613150650083613	0	0.541017325232702	0.918261923857466	0.975020450284915	0.967584592024483	0.909311121399211	0.932166474864717	0.985883163757201	0.982632678662824	0.998949151363007	0.968304531669747	0.980684316372997	0.99978698628081	0.885828346467714	0.946502954299791	0.951353074266115	0.959839411765547	0.987430922741169	0.998073594273694	0.968824038064966	0.993171614649397	0.988200754536605	0.981397249334516	0.973562729797553	0.953776031103756	0.96269066391908	0.935434928941937	0.986285429392825	0.85431465334575	0.910752531119825	0.778647106864692	0.999080894100307	0.968909557169455	0.859050669435044	0.999847314049145	0.910944794182637	0.90304209333397	0.959937414719479	0.990212907815592	0.666177814432301	0.929425750328246	0.9526654809686	0.948011123119277	0.99331006028688	0.997511209658271	0.948021594482431	0.994558533485538	0.90299920446539	0.978519508171393	0.863677906891632	0.98753747364373	0.876675442775343	0.994266765914185	0.961276962897467	0.908509671025518	0.516496777560599	0.145405211710591	0.584040626062271	0.998412563966412	0.959976670146708	0.905670423955727	0.937965884596231	0.873362395330602	0.914559055423904	0.772742930304142	0.988058565116156	0.971017370224305	0.998622843049834	0.766017800767748	0.989755055590527	0.994004649852645	0.94889111286295	0.997607945404557	0.992000009367605	0.999137813282583	0.979813517837544	0.786069597427353	0.987599872007913	0.989014492569224	0.999583420950141	0.982363410308699	0.829468155769735	0.919729755696264	0.999142876557945	0.918325617610423	0.522888778818706	0.99918868487818	0.88072146011343	0.972026815139742	0.962820059932765	0.94300588056509	0.759843911211847	0.956073855058326	0.86135921852155	0.997506671609859	0.993097165826029	0.992267426503273	0.857396244124	0.872671790730248	0.908410849849648	0.940588290641426	0.984802728457983	0.870216713565223	0.995413092771897	0.920373081759146	0.996550562431904	0.60643740116984
0.999444977786876	0.525248706527879	0.754301635156266	0.70963945819974	0.602301168879533	0.64538223757317	0.541017325232702	0	0.790606206062214	0.761851777105324	0.913370700436627	0.699693038396559	0.882389094037339	0.879902313878515	0.984827816766284	0.998635623552588	0.880160861950015	0.992155545691915	0.941859011023097	0.663115766042503	0.771943581585627	0.871681708155797	0.96468742511815	0.997956027874936	0.999152888477306	0.922105124861883	0.987757738047711	0.868917629454818	0.935334672268838	0.980450772615636	0.992219090350086	0.994527404689766	0.999944738650119	0.996238258811444	0.716399813161239	0.997510956221334	0.92877099901063	0.998855138908102	0.99843267025574	0.907968508942726	0.91739089111367	0.998412283070317	0.999863675188874	0.940555696108053	0.985909143771963	0.898541774756973	0.890596599205743	0.991589594410694	0.989793102820013	0.950499090508714	0.999999611451993	0.955722169127757	0.96647649274882	0.986000384649214	0.935439974135412	0.877067291462628	0.790291873413499	0.541821635939738	0.807722838765417	0.809573747827371	0.632914814594611	0.552072989606955	0.468755290214965	0.27020386565945	0.924010324515538	0.930593398887443	0.752804061386408	0.800704925698292	0.758767762068828	0.783419024696873	0.683093877734954	0.966789205564861	0.796782305046087	0.953364752590415	0.566311528072741	0.951429587478596	0.899411494195039	0.673716000160011	0.896667230783252	0.995087798114874	0.919156295984006	0.999446059237258	0.931620538007991	0.982744998133557	0.974442282583088	0.929607850662938	0.890068524907403	0.808646301363173	0.964611928739324	0.976395217701433	0.999997946541219	0.697963613075698	0.977318479829789	0.907633290152967	0.994891671012209	0.975431355499844	0.994898572367471	0.965682626008006	0.988811109677853	0.995004509711861	0.998339779188086	0.99510673139052	0.967617021498615	0.956134682991445	0.848552669370314	0.982016916200796	0.977421578935959	0.997082001546038	0.990545749866584	0.999904595424726	0.991425557758501	0.988024134368699	0.818656797424298
0.934713532351336	0.72496868168745	0.690396807682056	0.721622570807324	0.774301975392733	0.971615912232744	0.918261923857466	0.790606206062214	0	0.81473470238239	0.950373204620887	0.841102325294847	0.941207600528563	0.850639405093097	0.98765768545129	0.997505640496568	0.864078196442897	0.900938489172926	0.885119942971761	0.67588661429028	0.697076852193859	0.875589635813163	0.999637458829254	0.979175274676066	0.996588403931344	0.999542133552632	0.99959139991386	0.963477058266269	0.974174193066543	0.999319961000532	0.979686232760791	0.979808875852439	0.963750287437541	0.92408442654266	0.821133332061783	0.953337036674121	0.999139415641782	0.978687913937559	0.908314859611934	0.963900065288251	0.968086865170276	0.886565659918292	0.897644529299492	0.934491092165086	0.893221109453586	0.999893706855182	0.924266069995389	0.984232733924518	0.999924390360666	0.905707314175489	0.998688260200908	0.998175869327033	0.954190819285483	0.994398356643342	0.964135225098562	0.999969398208459	0.627511511567525	0.748446784803174	0.720157580685184	0.798382719913903	0.777175903740952	0.900559472235501	0.876319806102269	0.695249522211811	0.964823072811011	0.888821944234355	0.878584481409823	0.864660404445449	0.846342835689053	0.906352568535609	0.829118921032409	0.887964040751502	0.688899198255087	0.761312117755321	0.79093899731773	0.825870394946719	0.809755589108065	0.708189162084405	0.818905392791155	0.884821985576535	0.888399391035188	0.922567309492004	0.999306410854936	0.967682021011588	0.999939716659486	0.857365384617126	0.948103593903501	0.990714222301455	0.997646320029969	0.769373224270049	0.978825722423607	0.846316870620297	0.929143803893092	0.99203982048045	0.85113267843931	0.929178188277564	0.992639900847135	0.988022254047584	0.851487833321035	0.943949084036562	0.984900785862731	0.987352072894348	0.959509122114484	0.999402252213621	0.908725127281458	0.996734464083597	0.987634640063315	0.997597170921116	0.996529331226298	0.976945346246134	0.976924917468304	0.999808829852046	0.999869402574895
0.970728254658073	0.619921728293886	0.499272746228309	0.488167562342681	0.554477109168364	0.950701572126072	0.975020450284915	0.761851777105324	0.81473470238239	0	0.86131190232606	0.599802712903104	0.888416778087652	0.724944785688475	0.984355220366333	0.952227295473957	0.777901129160268	0.938242023697739	0.943356331071679	0.84169554800988	0.851789053567649	0.956579952253716	0.986456596278926	0.995525136459808	0.960576504420707	0.994249510223436	0.953866994030331	0.66772400156701	0.824683566121059	0.983871292078928	0.950040424974895	0.99421513563765	0.982826147832237	0.988860947779753	0.860661571477445	0.813718362860475	0.967204946846935	0.970125996745912	0.924606243110637	0.998914250295129	0.83317408023255	0.850326923838203	0.906655287679853	0.99979352972524	0.90596949963858	0.981577346319037	0.979002780419895	0.923754342800409	0.937395453612741	0.91910323108563	0.999971817162074	0.99974140459256	0.859186823713193	0.92401392317436	0.872585117176402	0.888662979546891	0.62168507789038	0.572194570783286	0.532930242379181	0.656663033663967	0.515358403098168	0.900965397275087	0.951444984833824	0.764447655899897	0.817307938587497	0.847680014621724	0.711019293318766	0.662762160840408	0.823557847883013	0.603208701010611	0.860219836671484	0.995127366138265	0.705361961927726	0.890948508174314	0.787860205028489	0.797434904311584	0.896139947969787	0.601966561468341	0.853332136860376	0.975827556370252	0.751092321775454	0.99254011121962	0.994217566370394	0.999441267535294	0.949326230153609	0.785942549372917	0.699358429467473	0.903520182799791	0.989877605256889	0.867202167779145	0.931779432343951	0.940034843890219	0.920991386999856	0.997953900396659	0.779858360245999	0.995279833011184	0.982020651460262	0.96990062469836	0.811748784385157	0.968011093879996	0.943683980830498	0.847031557202101	0.881136202411429	0.956947141565537	0.982435541310923	0.887910305952486	0.978308140436024	0.935232059231171	0.927603651011801	0.951292290949855	0.905856752784948	0.996264579949602	0.980866168626978
0.964942768932368	0.874808643327193	0.871159590815415	0.752066363477412	0.732701603049603	0.739774745062078	0.967584592024483	0.913370700436627	0.950373204620887	0.86131190232606	0	0.560331341559644	0.344406079624129	0.554507978524415	0.659346926750241	0.935956397243667	0.312875722037061	0.968368364231327	0.949819123793818	0.998841192923107	0.96803997887705	0.943770661448546	0.563663858606896	0.666925613234072	0.551391430808351	0.99995071525237	0.567595839743179	0.746180238749868	0.871489256604287	0.696670518223551	0.635939333118062	0.740145151391621	0.964743990957684	0.877549175772134	0.998537518803395	0.99784751192349	0.994939048515663	0.844358632869668	0.935016539995163	0.951777387026723	0.851098874940061	0.981701405935	0.99585500607394	0.968108713038622	0.999560525857653	0.998965717633886	0.886619314379022	0.955044894100711	0.882417628840549	0.775995918447065	0.919992698815792	0.754830066580586	0.383469108025714	0.735709779593619	0.295252017745283	0.815500003558703	0.960791342555904	0.847625475558712	0.921565303737294	0.635337625879732	0.769922307714709	0.791947884264202	0.941884266478949	0.942814939682582	0.990075569099431	0.999447296843498	0.40876729432181	0.518732945656283	0.422073889073112	0.581385220207777	0.613828723157593	0.922452852416745	0.854383015645137	0.992940352146711	0.997058339662445	0.992526407766995	0.967615199119655	0.865615876146958	0.992945984228373	0.883567655313727	0.987121771253966	0.869898309044157	0.939763758470656	0.694311593790489	0.589601034370404	0.906917678325381	0.681926583207248	0.91528285763002	0.586944552696194	0.748721408774897	0.970570207652125	0.869165918320077	0.888696245372507	0.986001538891339	0.881390111451753	0.895118601528693	0.813762213436031	0.997795520573444	0.872428873793694	0.986364463130543	0.809564110863453	0.516558723657483	0.99128428745293	0.801525169610105	0.97332420277809	0.824193947079334	0.74076459493037	0.616765553478343	0.815249805687695	0.538852819008379	0.741000719234859	0.751644320546762	0.928643049208035
0.997158536606669	0.546606626504177	0.549740574294234	0.343066066038741	0.279001513390709	0.725484099289285	0.909311121399211	0.699693038396559	0.841102325294847	0.599802712903104	0.560331341559644	0	0.56690756112981	0.413736817801072	0.843601689593378	0.977108682503532	0.44687902619616	0.991177495045808	0.996863914490294	0.884947816971579	0.825184582858416	0.993443444406824	0.870060655672083	0.919739864614426	0.81032689923176	0.997732946580687	0.796113469215529	0.667952159664121	0.840625471360134	0.932469916817863	0.831098612440581	0.920458761726892	0.999828154055926	0.992938516278689	0.929145338761517	0.952158556003132	0.999996955257105	0.934599719848799	0.999872851121294	0.952729378263401	0.785060516376622	0.910933515370973	0.948048382861932	0.999685114258851	0.945356551852505	0.999778849512661	0.86355541190063	0.977006170313265	0.905660268088465	0.805603726823013	0.98354806170456	0.962446703962282	0.645882356080082	0.869721642224318	0.591331976243506	0.807531570060669	0.782017813646213	0.501811244535538	0.665889659899487	0.337423136709285	0.321257407742021	0.726582394448931	0.864050917687435	0.780296674458532	0.959213919045891	0.934589969155503	0.30440705223943	0.256476910577149	0.419084490387526	0.394633683379206	0.606284412066222	0.997724567164682	0.627234155123041	0.965454797351294	0.858158535928598	0.961505631401032	0.987792068423018	0.556990126388532	0.947039325830021	0.99756616581873	0.955109355099501	0.98712441080022	0.981279898464256	0.927398040645971	0.772331958861533	0.824476528960543	0.664063092308931	0.906550724450743	0.861556274268878	0.807915533182565	0.991767249194016	0.866039762935262	0.999822486312548	0.967740767757144	0.814295098645141	0.985324088402573	0.960237469749679	0.992492198105896	0.79246090584711	0.997463968917478	0.92748328093121	0.699846946953327	0.957455116699093	0.929454508823286	0.90744906809357	0.925769671871811	0.88647174260143	0.787649726406721	0.850390748776974	0.799573975925874	0.848427447218278	0.928815476346909	0.91046355633219
0.95920488916888	0.869459697223403	0.880090029385736	0.75413432114377	0.75296936555056	0.6997982843539	0.932166474864717	0.882389094037339	0.941207600528563	0.888416778087652	0.344406079624129	0.56690756112981	0	0.528462439685593	0.498806529129592	0.998453090756616	0.380642473356293	0.994580990309877	0.978525635608804	0.988819795610575	0.917133890647837	0.977592373501252	0.662914379849718	0.778602328590266	0.715817426151189	0.997157296537943	0.683181509016282	0.850521464685109	0.929097235950136	0.733813987927926	0.696114449255368	0.722257674750861	0.974785651804595	0.922835487162854	0.983710767429737	0.993869813822474	0.975124150199838	0.9018894020325	0.93480734448904	0.91122839036475	0.867089967461983	0.982777882770783	0.997658832361211	0.992799473410106	0.99723495385251	0.998584301042738	0.852706862055987	0.99450306889733	0.903863836980852	0.814257132032107	0.893287124918085	0.82745022338486	0.447639417374815	0.80263882919647	0.340620108881447	0.842377133956103	0.96277614106751	0.861687706299099	0.929697268777152	0.654866056236565	0.788702299414816	0.779754981070526	0.904582190950094	0.915174526430193	0.991674253337431	0.992953733792774	0.477043313125261	0.487249103279828	0.314588081122054	0.57693199842375	0.450517629406987	0.985173829520043	0.819368422219109	0.999998827291223	0.992292152590272	0.994358395062798	0.985218734768083	0.839809636675797	0.998871577580226	0.942244377014309	0.989567253986368	0.929668379686196	0.968326780891464	0.792599713931223	0.719291177225347	0.92696375718348	0.838583947629151	0.966251624288902	0.709002605323698	0.745635013111066	0.95443448347464	0.814793994525974	0.926339559554234	0.951460543815194	0.887451023083154	0.956160946310364	0.849951921066614	0.997654754226274	0.872517350925743	0.98898457548724	0.882948320929854	0.643394753559935	0.98387245997028	0.872423656858946	0.961952653871199	0.904444820272913	0.778117375372075	0.749508739590356	0.883330987629088	0.525120824852017	0.786538010336421	0.832744900720436	0.914780912716433
0.99995673434494	0.713499464320891	0.605654060782782	0.468714338402065	0.563074192931706	0.880161251882266	0.985883163757201	0.879902313878515	0.850639405093097	0.724944785688475	0.554507978524415	0.413736817801072	0.528462439685593	0	0.709751167164739	0.996970313614225	0.371329792859386	0.960130465570196	0.991939590242409	0.926046105075567	0.820954937678861	0.997115518865531	0.895381276608728	0.947163613838392	0.812093375345581	0.995557874695251	0.831855285030696	0.789903237993497	0.895127132836797	0.840433798878339	0.65029498243958	0.933462085789647	0.989812157687774	0.999702128297899	0.950635981920356	0.927992626128438	0.991391680502107	0.938053143747235	0.996528577221012	0.953699648900473	0.760022126662522	0.817203199916762	0.880967539345049	0.998350811746299	0.884792183303314	0.973025476548113	0.881776261395495	0.982597327863384	0.838949631793129	0.783032050532594	0.94930778256291	0.895088082798448	0.583635526438237	0.715263388965349	0.537648959807609	0.92329442179251	0.808355919981128	0.702126548408254	0.684104602567928	0.394808364011056	0.569033268524421	0.890377398951376	0.965059441943068	0.902055561623222	0.979089620206689	0.962873907816817	0.442736454210577	0.391200289759097	0.484358693285608	0.545504204201221	0.633809625973409	0.999443522244869	0.557175728337995	0.928810743564998	0.943328872488898	0.941233039016316	0.987438116710826	0.632489931164735	0.938778102254293	0.999840130501914	0.966679810706608	0.999848143566332	0.9990747502236	0.90796209590003	0.838814094750819	0.755882462888613	0.77987906444877	0.992306427254469	0.899501190048519	0.615159252624685	0.989174642904882	0.934468721014751	0.999996800558234	0.992723295495167	0.616917250246343	0.989710271565927	0.981880324129924	0.931588572179767	0.612742131942897	0.967044584497138	0.927129942886982	0.588824884477022	0.95801544558968	0.805862997797162	0.959998839221209	0.836246137219974	0.932625160194899	0.73399109945383	0.733882725114159	0.624941826368901	0.661551735416282	0.877990352488861	0.987533733971244
0.941741437273772	0.985166643213537	0.975853212952053	0.918482410972862	0.945331586941143	0.890875625292232	0.982632678662824	0.984827816766284	0.98765768545129	0.984355220366333	0.659346926750241	0.843601689593378	0.498806529129592	0.709751167164739	0	0.970003983255625	0.657684099331492	0.999679846298924	0.980439641734393	0.999921635264661	0.96600343660015	0.974134333234571	0.816444325757595	0.867497018810682	0.850818416500949	0.977429004757136	0.827170411097223	0.981372893991065	0.970052794433044	0.642837973356921	0.713472480617341	0.733435599550744	0.971328989290944	0.937644254923166	0.994283070889084	0.976586317555513	0.973191389885126	0.897509257723052	0.940707490633448	0.928148726856621	0.9574548052689	0.994426712595445	0.999704100402447	0.977149968836457	0.984729311731579	0.999465001292692	0.95395057331726	0.99870689230699	0.893117919412143	0.932771597062248	0.897805936874054	0.79894198751537	0.633978200166134	0.777536673120076	0.570032837827197	0.93001227325484	0.999563648840446	0.985614665039105	0.990755980221236	0.846826228942897	0.954840435325975	0.932735148815552	0.97815490705626	0.986774407601139	0.96347887060743	0.994603979686068	0.781069491461571	0.757139072786175	0.702335995119569	0.793923046804909	0.649603315231071	0.999411707979643	0.91661497852244	0.999998513368744	0.991888916254979	0.981334667385643	0.974161823228166	0.962348845703322	0.990484689615857	0.96265519366638	0.962170075616808	0.963768315915919	0.992597756299329	0.839090831186978	0.89365170066672	0.978249310004315	0.966927298744786	0.99976067386864	0.828512960239258	0.801305673813174	0.898791782463352	0.898541843734778	0.940992695261982	0.987016214922583	0.877784053847224	0.989017501301233	0.90905765448037	0.999512052274301	0.922160310995417	0.987351788868094	0.885042358546761	0.735620749533373	0.969725375919083	0.833098798294377	0.999983403768973	0.874057980088367	0.820493444382624	0.887161436554131	0.939145476855681	0.498377406965473	0.74830645263986	0.787446996839353	0.962065942311563
0.995803236408101	0.994731785729856	0.993705780142583	0.988310844666204	0.968139637031599	0.990089856872042	0.998949151363007	0.998635623552588	0.997505640496568	0.952227295473957	0.935956397243667	0.977108682503532	0.998453090756616	0.996970313614225	0.970003983255625	0	0.970719143357268	0.827383870939224	0.884703450825293	0.959158961596558	0.925088773579643	0.890813383015651	0.887054038565145	0.840601116675893	0.852951407015751	0.990072462843735	0.882473566518222	0.866454910185671	0.908827949708798	0.982973874487141	0.982125688827534	0.986160472750875	0.953047000846711	0.89844408821656	0.966095465534693	0.999533843206735	0.968561635994714	0.928232511792393	0.991583747911386	0.965823991576525	0.99629509392634	0.994816846345317	0.995743023579069	0.920773285338862	0.893636111555011	0.995864683489478	0.999085970424921	0.844019183929788	0.990312189469697	0.958686795130134	0.991985624263719	0.939202897357548	0.957541380959607	0.978420890030068	0.978214305089652	0.94928125861292	0.997113378594725	0.976925461894941	0.996747058005603	0.979839802102596	0.973449389100592	0.968161105091177	0.999477132689828	0.999700896223645	0.986028938229381	0.990871611154729	0.953699910065765	0.985730320053947	0.990604862780988	0.970848978646902	0.998236314258408	0.725385614217226	0.995074102503107	0.90680944941173	0.999432963027992	0.990896874933196	0.944480208936239	0.999844279849799	0.954579691365583	0.86425765724495	0.991654025551304	0.849648129966994	0.853775872569985	0.902567398132396	0.862808001913446	0.986272791783368	0.745259147436167	0.812827911005096	0.851877701443417	0.996601577872195	0.999459531177999	0.99526487130464	0.961624925839761	0.962049207170411	0.999877762570428	0.907243048127948	0.950322415204204	0.983334521273632	0.999611986772473	0.967082284507426	0.891258202710334	0.92917917698679	0.998121789103449	0.968975434107167	0.999698356256637	0.928079971485223	0.950204817329305	0.909385082068863	0.956848598025271	0.994640892513793	0.989293649793637	0.940713305153953	0.993282442669269
0.991059001322401	0.792234350263789	0.74140945080337	0.588454687527058	0.620766476467212	0.805706355896441	0.968304531669747	0.880160861950015	0.864078196442897	0.777901129160268	0.312875722037061	0.44687902619616	0.380642473356293	0.371329792859386	0.657684099331492	0.970719143357268	0	0.999992329759425	0.993934150963066	0.971288695344002	0.89768552414491	0.990496981156792	0.744419658775003	0.837076666745376	0.695454036895326	0.997376436963342	0.703515265966308	0.800018830135366	0.874861308686271	0.749994500763433	0.621253308929762	0.847632572502665	0.995188455877846	0.965605766689802	0.975367818130427	0.992857083822661	0.999981075884624	0.895070854263818	0.992570258607444	0.948965282671873	0.833078956648655	0.930821064780569	0.967597732251674	0.990079166823096	0.973910002305562	0.994527993867881	0.883675374424207	0.977157664594417	0.878627981221449	0.757634841897235	0.936367011727498	0.816584362806015	0.439177766933921	0.727885177781876	0.384122049807232	0.880010687148305	0.884101600888436	0.76603898343915	0.818924802867392	0.470550663135085	0.653972620835677	0.791194022374924	0.93883182493438	0.897377724303874	0.999999756876237	0.976004815227088	0.379917035040711	0.380869683037456	0.373612081464577	0.517766283912495	0.547898637686233	0.987835419300545	0.713906984551061	0.99004814057757	0.978410683328808	0.993827110541474	0.999131806890802	0.741572913667357	0.995474658387207	0.975451228256407	0.999232169894605	0.96356287135331	0.979024335984849	0.816309720917823	0.720732734688185	0.854939748309853	0.727429345137089	0.962072544206915	0.758857229992554	0.654554398450394	0.993364274976873	0.86390894958583	0.970687690334449	0.979401887687974	0.764305195823382	0.96734292393158	0.904161145882267	0.995165939436782	0.768879284643315	0.9999356916687	0.875774409653759	0.53695865982613	0.96466219819709	0.806334313879579	0.96372991955996	0.828815927669125	0.846158966814772	0.706235548854485	0.797208319354997	0.543296001641794	0.695972094572758	0.803894776546028	0.960095871101919
0.757471186216557	0.921391216498032	0.833608060364392	0.92229094805585	0.976622226375952	0.929845178958419	0.980684316372997	0.992155545691915	0.900938489172926	0.938242023697739	0.968368364231327	0.991177495045808	0.994580990309877	0.960130465570196	0.999679846298924	0.827383870939224	0.999992329759425	0	0.491827990431445	0.745744366880666	0.704296800457164	0.693949368854459	0.786228972281353	0.646351605723334	0.886038446041935	0.995994316564452	0.87057150480596	0.999358403443443	0.985317770307146	0.974079087443512	0.999843565283928	0.812259244285396	0.599885096389804	0.489165395727708	0.862198179593446	0.638513866006731	0.955241079130126	0.890420835422713	0.692226545244172	0.998734395627414	0.946501547652452	0.626687194391109	0.645855766369757	0.883926122704619	0.491812641719429	0.94213157519335	0.993139818741993	0.966202395285644	0.999225384910981	0.997987477426682	0.997193847358371	0.942885627148863	0.987322913535651	0.997274966115299	0.989217047901912	0.906120348799244	0.779500554421917	0.952462130122941	0.772043768838639	0.978543326977838	0.960917850466061	0.947050740550491	0.985026599713992	0.978549111192761	0.733283670831481	0.935065403204922	0.998847379646306	0.995351607729747	0.99967554464428	0.999835889964449	0.999449259588197	0.607431263369006	0.819400916322851	0.308721333772582	0.940253027455036	0.534189327255455	0.565737705985508	0.844078653737065	0.555744488776402	0.37586295214779	0.607278223884831	0.435292310034271	0.661727245074993	0.822797774880337	0.884608484986069	0.908253358761986	0.974669795615609	0.866697892751815	0.716619044582855	0.947067268035118	0.749303255550263	0.969122430510921	0.633025411218268	0.999240076226735	0.835833313923319	0.87625253798474	0.70957143462754	0.672681082096718	0.782814481309761	0.549379461309631	0.900152196988058	0.993259913628214	0.974119928706879	0.999869089374693	0.995499334694104	0.999895434783967	0.788168945565429	0.989340358989552	0.988388617514674	0.997657104913538	0.984494794986812	0.922660759999363	0.888749245991435
0.671525434255183	0.858799641212967	0.844382687811729	0.942329406543456	0.974127444870114	0.980746354325206	0.99978698628081	0.941859011023097	0.885119942971761	0.943356331071679	0.949819123793818	0.996863914490294	0.978525635608804	0.991939590242409	0.980439641734393	0.884703450825293	0.993934150963066	0.491827990431445	0	0.547085343459995	0.673675065306423	0.452556895208115	0.84233939351856	0.585831326439041	0.781999617115795	0.943474913650235	0.752730472541897	0.998891355338592	0.99279802836315	0.866318625931036	0.957618386046787	0.729409176565716	0.597369162279645	0.458775357778016	0.722556276795849	0.757290015533297	0.996060727141004	0.825457508907264	0.701477363776119	0.993978397302481	0.939495178190822	0.802451787021282	0.7771544593927	0.801335632517413	0.682771581845481	0.988725202813311	0.994992179173884	0.951390964205622	0.96696851057959	0.999566449325931	0.999860382371578	0.830167770410921	0.934061120719589	0.985912007173352	0.965989597400468	0.897436277773588	0.701866776302689	0.908626842324499	0.772572560092424	0.993671322846875	0.960265455492206	0.989308360750139	0.999372719574526	0.907190086329919	0.575852134040517	0.986373900771204	0.998839298680877	0.999495666227965	0.997957543251405	0.994095469972182	0.997387752008789	0.529367341229195	0.824786640714737	0.432068823660153	0.854523807733572	0.470056942255999	0.231701219879539	0.829975573137417	0.380237967902136	0.508351288595101	0.517213954011149	0.404766722110629	0.797941361238898	0.62155845134743	0.816227652021419	0.868761782560728	0.984993363277508	0.975762798208566	0.734014816739485	0.980453666363753	0.825850833109241	0.990061371240538	0.592988262343724	0.999986636606881	0.954817087571059	0.833299909515816	0.670693058473744	0.862717039711225	0.904558320447722	0.672270481317844	0.802322003364018	0.943022369654504	0.976889762928472	0.972856272879638	0.993014390384683	0.978076633549755	0.734850623125274	0.965059475111445	0.996212219056149	0.947524007999806	0.993417129879589	0.809303830642875	0.917174331959821
