[[0.0, 7.842, 14.332, 18.249, 20.161, 21.212, 23.068, 26.383, 29.43, 31.259, 32.162, 33.003, 34.384, 35.72, 36.253, 36.346, 36.47, 36.65, 36.805, 36.91, 36.821, 36.636, 36.505, 36.399, 36.557, 36.888, 37.151, 37.172, 36.913, 36.641, 36.813, 36.629, 36.035, 35.461, 35.143, 34.979, 34.691, 34.543, 34.663, 34.841, 35.175, 35.344, 35.663, 36.063, 36.302, 36.33, 36.383, 36.805, 37.948, 38.616, 38.424, 38.632, 38.791, 38.977, 39.354, 39.752, 39.732, 39.554, 39.364, 38.432, 38.011, 39.07, 39.67, 38.833, 37.665, 37.431, 38.006, 38.202, 37.803, 37.875, 38.146, 37.903, 37.602, 37.44, 37.673, 37.712, 37.592, 37.921, 38.452, 38.744, 39.059, 38.869, 38.234, 38.038, 38.296, 38.499, 38.215, 38.423, 40.353, 42.544, 43.465, 44.028, 45.114, 45.454, 43.168, 39.737, 37.755, 37.338, 37.9, 38.434, 37.709, 37.403, 37.915, 37.882, 37.304, 37.113, 37.392, 37.41, 36.743, 35.955, 35.378, 34.929, 34.532, 34.696, 35.547, 35.218, 34.645, 34.912, 34.929, 34.894, 34.997, 34.736, 34.614, 35.641, 36.886, 37.298, 37.503, 38.012, 38.529, 38.403, 38.162, 37.986, 37.843, 37.935, 38.331, 38.765, 38.98, 38.986, 38.996, 39.053, 38.735, 38.194, 38.255, 38.936, 38.961, 38.256, 37.932, 37.698, 37.112, 36.826, 36.825, 36.99, 37.59, 38.193, 38.501, 38.947, 39.392, 39.366, 39.062, 38.64, 38.177, 38.011, 37.792, 37.275, 37.04, 37.292, 37.278, 36.158, 34.634, 34.522, 35.037, 35.646, 36.51, 37.02, 37.116, 37.461, 37.746, 37.548, 37.459, 37.661, 37.634, 37.229, 37.021, 36.96, 36.815, 37.05, 37.876, 38.523, 38.589, 38.417, 38.425, 38.59, 38.619, 38.482, 38.406, 38.529, 38.21, 37.276, 36.931, 37.125, 37.389, 37.512, 37.652, 38.08, 38.162, 8.445], [7.842, 0.0, 8.671, 14.614, 17.088, 17.901, 20.2, 24.314, 27.775, 29.778, 30.781, 31.693, 33.171, 34.646, 35.266, 35.414, 35.576, 35.794, 35.999, 36.147, 36.097, 35.958, 35.851, 35.752, 35.945, 36.385, 36.802, 36.981, 36.824, 36.533, 36.661, 36.527, 36.025, 35.493, 35.114, 34.879, 34.566, 34.417, 34.561, 34.769, 35.074, 35.182, 35.477, 35.858, 36.076, 36.126, 36.221, 36.685, 37.865, 38.548, 38.336, 38.518, 38.662, 38.84, 39.222, 39.605, 39.568, 39.392, 39.196, 38.272, 37.918, 39.067, 39.706, 38.881, 37.714, 37.468, 38.027, 38.226, 37.871, 38.019, 38.317, 38.026, 37.698, 37.554, 37.79, 37.822, 37.722, 38.082, 38.62, 38.906, 39.241, 39.086, 38.449, 38.235, 38.495, 38.697, 38.369, 38.55, 40.495, 42.692, 43.646, 44.273, 45.374, 45.683, 43.403, 39.999, 37.962, 37.519, 38.09, 38.605, 37.88, 37.596, 38.114, 38.095, 37.516, 37.312, 37.589, 37.615, 36.955, 36.186, 35.617, 35.148, 34.725, 34.859, 35.68, 35.35, 34.771, 35.034, 35.056, 35.033, 35.159, 34.87, 34.675, 35.614, 36.752, 37.14, 37.366, 37.86, 38.341, 38.194, 37.986, 37.873, 37.773, 37.892, 38.311, 38.759, 38.976, 38.992, 39.009, 39.063, 38.76, 38.209, 38.186, 38.8, 38.833, 38.141, 37.777, 37.492, 36.904, 36.708, 36.823, 37.0, 37.538, 38.106, 38.438, 38.906, 39.344, 39.296, 38.942, 38.449, 37.99, 37.89, 37.715, 37.2, 36.977, 37.243, 37.225, 36.156, 34.794, 34.792, 35.272, 35.815, 36.636, 37.107, 37.186, 37.541, 37.856, 37.68, 37.597, 37.797, 37.766, 37.361, 37.15, 37.088, 36.951, 37.199, 38.024, 38.671, 38.74, 38.555, 38.529, 38.655, 38.653, 38.479, 38.392, 38.557, 38.277, 37.33, 36.97, 37.169, 37.438, 37.583, 37.736, 38.154, 38.247, 14.223], [14.332, 8.671, 0.0, 8.097, 12.615, 14.088, 16.997, 22.019, 25.921, 28.056, 29.135, 30.216, 31.967, 33.678, 34.42, 34.62, 34.849, 35.162, 35.459, 35.661, 35.631, 35.479, 35.356, 35.278, 35.543, 36.061, 36.524, 36.817, 36.841, 36.702, 36.869, 36.739, 36.244, 35.649, 35.212, 35.012, 34.778, 34.663, 34.798, 35.016, 35.335, 35.462, 35.811, 36.233, 36.419, 36.442, 36.579, 37.067, 38.186, 38.815, 38.604, 38.791, 38.932, 39.082, 39.411, 39.748, 39.675, 39.486, 39.332, 38.464, 38.066, 39.119, 39.708, 38.901, 37.772, 37.546, 38.105, 38.26, 37.819, 37.964, 38.35, 38.156, 37.886, 37.755, 37.964, 37.991, 37.903, 38.246, 38.761, 39.037, 39.349, 39.188, 38.586, 38.398, 38.643, 38.819, 38.445, 38.518, 40.361, 42.538, 43.503, 44.142, 45.221, 45.517, 43.296, 40.04, 38.066, 37.607, 38.143, 38.646, 37.954, 37.697, 38.225, 38.221, 37.651, 37.45, 37.716, 37.752, 37.145, 36.453, 35.948, 35.528, 35.172, 35.373, 36.192, 35.889, 35.29, 35.508, 35.529, 35.512, 35.677, 35.38, 34.942, 35.571, 36.544, 36.906, 37.139, 37.627, 38.086, 37.924, 37.727, 37.667, 37.614, 37.744, 38.161, 38.616, 38.847, 38.882, 38.912, 38.971, 38.688, 38.173, 38.155, 38.75, 38.782, 38.081, 37.703, 37.479, 37.044, 37.022, 37.242, 37.406, 37.884, 38.452, 38.843, 39.357, 39.796, 39.721, 39.349, 38.861, 38.434, 38.337, 38.168, 37.676, 37.448, 37.694, 37.666, 36.601, 35.245, 35.231, 35.7, 36.165, 36.909, 37.368, 37.438, 37.748, 38.055, 37.901, 37.822, 38.016, 38.002, 37.622, 37.418, 37.364, 37.212, 37.385, 38.135, 38.744, 38.811, 38.631, 38.592, 38.693, 38.675, 38.479, 38.379, 38.57, 38.353, 37.479, 37.151, 37.346, 37.606, 37.785, 37.983, 38.399, 38.476, 18.469], [18.249, 14.614, 8.097, 0.0, 6.719, 10.469, 14.567, 19.996, 24.048, 26.2, 27.32, 28.604, 30.759, 32.854, 33.769, 34.001, 34.306, 34.754, 35.143, 35.359, 35.285, 35.07, 34.933, 34.872, 35.185, 35.758, 36.192, 36.448, 36.604, 36.781, 37.143, 36.96, 36.351, 35.666, 35.287, 35.233, 35.117, 35.03, 35.108, 35.278, 35.604, 35.768, 36.159, 36.642, 36.833, 36.793, 36.907, 37.392, 38.429, 39.002, 38.828, 39.05, 39.205, 39.332, 39.595, 39.896, 39.811, 39.603, 39.454, 38.552, 37.977, 38.825, 39.346, 38.622, 37.63, 37.512, 38.104, 38.246, 37.734, 37.801, 38.252, 38.249, 38.116, 37.987, 38.157, 38.182, 38.078, 38.36, 38.838, 39.125, 39.418, 39.223, 38.653, 38.519, 38.751, 38.887, 38.515, 38.574, 40.338, 42.455, 43.382, 43.965, 44.968, 45.242, 43.068, 39.924, 38.024, 37.499, 37.928, 38.403, 37.763, 37.553, 38.086, 38.074, 37.539, 37.383, 37.643, 37.678, 37.144, 36.552, 36.084, 35.703, 35.469, 35.816, 36.667, 36.404, 35.799, 35.98, 35.994, 35.999, 36.225, 35.972, 35.346, 35.638, 36.527, 36.923, 37.156, 37.601, 38.041, 37.903, 37.712, 37.634, 37.565, 37.679, 38.076, 38.513, 38.74, 38.79, 38.841, 38.914, 38.655, 38.212, 38.278, 38.89, 38.894, 38.199, 37.838, 37.697, 37.413, 37.493, 37.726, 37.855, 38.316, 38.93, 39.358, 39.861, 40.272, 40.184, 39.842, 39.432, 39.051, 38.932, 38.763, 38.299, 38.051, 38.261, 38.207, 37.076, 35.603, 35.46, 35.912, 36.369, 37.068, 37.526, 37.61, 37.871, 38.13, 37.996, 37.948, 38.153, 38.163, 37.807, 37.591, 37.523, 37.359, 37.479, 38.164, 38.742, 38.81, 38.645, 38.622, 38.733, 38.73, 38.56, 38.474, 38.645, 38.436, 37.652, 37.369, 37.557, 37.806, 37.994, 38.226, 38.637, 38.664, 21.248], [20.161, 17.088, 12.615, 6.719, 0.0, 6.226, 12.668, 18.784, 22.862, 24.954, 26.093, 27.518, 29.986, 32.42, 33.488, 33.751, 34.109, 34.629, 35.059, 35.276, 35.185, 34.967, 34.844, 34.783, 35.108, 35.77, 36.275, 36.479, 36.587, 36.875, 37.384, 37.213, 36.559, 35.879, 35.583, 35.604, 35.516, 35.416, 35.46, 35.609, 35.922, 36.07, 36.412, 36.868, 37.055, 36.967, 37.004, 37.438, 38.439, 39.008, 38.856, 39.088, 39.249, 39.37, 39.61, 39.905, 39.822, 39.592, 39.413, 38.448, 37.765, 38.541, 39.077, 38.458, 37.604, 37.572, 38.174, 38.347, 37.903, 37.952, 38.361, 38.413, 38.33, 38.21, 38.367, 38.39, 38.296, 38.584, 39.063, 39.358, 39.652, 39.448, 38.893, 38.787, 39.009, 39.111, 38.797, 38.999, 40.776, 42.807, 43.685, 44.24, 45.192, 45.438, 43.297, 40.189, 38.27, 37.684, 38.055, 38.493, 37.87, 37.69, 38.189, 38.13, 37.629, 37.533, 37.791, 37.818, 37.337, 36.809, 36.332, 35.967, 35.842, 36.276, 37.106, 36.855, 36.258, 36.42, 36.421, 36.441, 36.698, 36.465, 35.812, 36.018, 36.92, 37.375, 37.624, 38.026, 38.459, 38.365, 38.18, 38.067, 37.969, 38.078, 38.476, 38.9, 39.106, 39.163, 39.238, 39.31, 39.047, 38.634, 38.745, 39.368, 39.372, 38.711, 38.351, 38.195, 37.908, 37.937, 38.102, 38.193, 38.629, 39.242, 39.666, 40.127, 40.502, 40.414, 40.09, 39.723, 39.387, 39.281, 39.132, 38.688, 38.433, 38.63, 38.57, 37.437, 35.969, 35.744, 36.15, 36.637, 37.307, 37.737, 37.848, 38.109, 38.328, 38.204, 38.206, 38.438, 38.474, 38.141, 37.911, 37.826, 37.688, 37.85, 38.543, 39.114, 39.172, 39.016, 39.018, 39.145, 39.159, 39.02, 38.953, 39.091, 38.849, 38.097, 37.84, 38.042, 38.292, 38.469, 38.695, 39.096, 39.099, 23.109], [21.212, 17.901, 14.088, 10.469, 6.226, 0.0, 8.47, 16.197, 20.938, 23.244, 24.459, 26.0, 28.676, 31.339, 32.538, 32.864, 33.267, 33.832, 34.317, 34.577, 34.49, 34.283, 34.179, 34.127, 34.476, 35.263, 35.974, 36.348, 36.498, 36.732, 37.231, 37.124, 36.582, 36.007, 35.737, 35.726, 35.612, 35.524, 35.59, 35.761, 36.078, 36.191, 36.477, 36.893, 37.079, 37.0, 37.015, 37.418, 38.452, 39.063, 38.902, 39.117, 39.255, 39.37, 39.654, 39.982, 39.886, 39.62, 39.404, 38.438, 37.831, 38.688, 39.243, 38.611, 37.758, 37.729, 38.325, 38.509, 38.131, 38.231, 38.599, 38.588, 38.471, 38.354, 38.516, 38.537, 38.463, 38.791, 39.298, 39.594, 39.893, 39.701, 39.127, 39.0, 39.224, 39.317, 38.99, 39.236, 41.036, 43.043, 43.923, 44.5, 45.457, 45.685, 43.536, 40.429, 38.506, 37.935, 38.339, 38.783, 38.127, 37.909, 38.372, 38.289, 37.772, 37.651, 37.894, 37.922, 37.428, 36.875, 36.37, 35.991, 35.856, 36.274, 37.096, 36.819, 36.201, 36.374, 36.376, 36.398, 36.658, 36.419, 35.826, 36.185, 37.125, 37.56, 37.847, 38.308, 38.737, 38.601, 38.38, 38.258, 38.164, 38.284, 38.696, 39.125, 39.327, 39.389, 39.484, 39.555, 39.268, 38.825, 38.907, 39.519, 39.534, 38.872, 38.476, 38.285, 37.951, 37.927, 38.086, 38.189, 38.613, 39.186, 39.585, 40.045, 40.424, 40.335, 39.999, 39.6, 39.226, 39.113, 38.976, 38.528, 38.281, 38.5, 38.45, 37.348, 35.968, 35.797, 36.222, 36.778, 37.487, 37.913, 38.046, 38.346, 38.565, 38.437, 38.455, 38.704, 38.757, 38.433, 38.207, 38.135, 38.029, 38.231, 38.946, 39.516, 39.564, 39.409, 39.414, 39.538, 39.549, 39.418, 39.359, 39.471, 39.174, 38.358, 38.072, 38.267, 38.492, 38.646, 38.864, 39.285, 39.335, 24.271], [23.068, 20.2, 16.997, 14.567, 12.668, 8.47, 0.0, 9.263, 15.503, 18.644, 20.172, 21.931, 24.999, 28.098, 29.585, 30.057, 30.559, 31.252, 31.893, 32.248, 32.143, 31.901, 31.831, 31.826, 32.232, 33.198, 34.194, 34.91, 35.366, 35.74, 36.246, 36.183, 35.774, 35.316, 35.08, 35.037, 34.923, 34.9, 35.009, 35.181, 35.491, 35.561, 35.85, 36.33, 36.555, 36.505, 36.561, 37.012, 38.141, 38.808, 38.64, 38.857, 38.983, 39.097, 39.42, 39.778, 39.668, 39.364, 39.116, 38.169, 37.7, 38.695, 39.259, 38.548, 37.653, 37.634, 38.24, 38.409, 38.007, 38.144, 38.537, 38.48, 38.311, 38.179, 38.355, 38.378, 38.297, 38.631, 39.14, 39.445, 39.777, 39.583, 38.945, 38.783, 39.027, 39.108, 38.681, 38.869, 40.702, 42.744, 43.646, 44.229, 45.205, 45.439, 43.203, 39.96, 37.964, 37.35, 37.77, 38.273, 37.549, 37.283, 37.783, 37.704, 37.138, 36.975, 37.216, 37.255, 36.738, 36.129, 35.581, 35.16, 34.982, 35.436, 36.341, 36.015, 35.321, 35.492, 35.505, 35.541, 35.809, 35.582, 35.077, 35.571, 36.494, 36.836, 37.14, 37.709, 38.132, 37.863, 37.561, 37.431, 37.348, 37.471, 37.885, 38.322, 38.548, 38.634, 38.745, 38.824, 38.536, 38.061, 38.092, 38.666, 38.649, 37.951, 37.549, 37.358, 37.035, 37.096, 37.364, 37.553, 38.03, 38.597, 38.987, 39.471, 39.865, 39.761, 39.405, 38.978, 38.572, 38.455, 38.326, 37.87, 37.636, 37.884, 37.832, 36.689, 35.272, 35.114, 35.593, 36.194, 36.974, 37.441, 37.591, 37.914, 38.157, 38.017, 37.998, 38.229, 38.289, 37.965, 37.739, 37.665, 37.52, 37.668, 38.357, 38.937, 39.001, 38.859, 38.855, 38.953, 38.949, 38.83, 38.77, 38.828, 38.462, 37.596, 37.289, 37.469, 37.665, 37.781, 37.989, 38.46, 38.601, 25.668], [26.383, 24.314, 22.019, 19.996, 18.784, 16.197, 9.263, 0.0, 7.534, 12.02, 14.287, 16.316, 19.913, 23.829, 25.883, 26.597, 27.234, 28.175, 29.114, 29.634, 29.548, 29.299, 29.299, 29.383, 29.837, 30.951, 32.178, 33.175, 34.038, 34.822, 35.478, 35.439, 35.232, 35.053, 34.925, 34.846, 34.736, 34.777, 34.919, 35.066, 35.325, 35.374, 35.695, 36.208, 36.447, 36.401, 36.482, 36.959, 38.077, 38.726, 38.561, 38.774, 38.906, 39.023, 39.342, 39.691, 39.567, 39.247, 39.007, 38.137, 37.772, 38.822, 39.404, 38.717, 37.887, 37.93, 38.527, 38.67, 38.248, 38.398, 38.798, 38.703, 38.512, 38.386, 38.57, 38.592, 38.492, 38.783, 39.254, 39.564, 39.916, 39.729, 39.089, 38.946, 39.193, 39.219, 38.686, 38.773, 40.519, 42.508, 43.41, 43.957, 44.901, 45.147, 42.936, 39.714, 37.701, 36.991, 37.371, 37.935, 37.228, 36.957, 37.477, 37.418, 36.84, 36.645, 36.859, 36.89, 36.394, 35.808, 35.258, 34.836, 34.674, 35.159, 36.064, 35.749, 35.066, 35.202, 35.228, 35.277, 35.499, 35.346, 35.012, 35.491, 36.289, 36.511, 36.796, 37.391, 37.733, 37.315, 36.93, 36.784, 36.716, 36.848, 37.259, 37.692, 37.94, 38.057, 38.166, 38.239, 37.989, 37.543, 37.549, 38.043, 37.972, 37.289, 36.924, 36.733, 36.501, 36.754, 37.139, 37.412, 37.943, 38.501, 38.862, 39.319, 39.693, 39.576, 39.216, 38.804, 38.433, 38.335, 38.226, 37.795, 37.577, 37.838, 37.795, 36.67, 35.267, 35.063, 35.502, 35.986, 36.708, 37.204, 37.354, 37.636, 37.885, 37.753, 37.677, 37.836, 37.883, 37.591, 37.388, 37.302, 37.092, 37.109, 37.692, 38.254, 38.348, 38.24, 38.231, 38.294, 38.277, 38.176, 38.111, 38.125, 37.764, 36.975, 36.7, 36.853, 37.033, 37.137, 37.327, 37.822, 38.032, 28.324], [29.43, 27.775, 25.921, 24.048, 22.862, 20.938, 15.503, 7.534, 0.0, 5.582, 9.12, 11.853, 16.036, 20.733, 23.337, 24.307, 25.12, 26.355, 27.609, 28.31, 28.318, 28.166, 28.298, 28.481, 28.968, 30.192, 31.562, 32.656, 33.751, 34.92, 35.77, 35.749, 35.687, 35.767, 35.752, 35.661, 35.545, 35.578, 35.7, 35.841, 36.098, 36.179, 36.499, 36.968, 37.193, 37.127, 37.175, 37.602, 38.596, 39.166, 39.012, 39.214, 39.349, 39.455, 39.744, 40.063, 39.932, 39.619, 39.409, 38.616, 38.255, 39.222, 39.798, 39.219, 38.518, 38.624, 39.2, 39.321, 38.908, 39.055, 39.436, 39.336, 39.184, 39.091, 39.266, 39.287, 39.184, 39.419, 39.837, 40.141, 40.474, 40.298, 39.731, 39.649, 39.87, 39.829, 39.279, 39.334, 40.913, 42.749, 43.621, 44.139, 45.016, 45.251, 43.197, 40.216, 38.307, 37.564, 37.898, 38.454, 37.806, 37.552, 38.033, 37.993, 37.48, 37.295, 37.466, 37.482, 37.05, 36.559, 36.056, 35.672, 35.582, 36.072, 36.888, 36.609, 36.01, 36.102, 36.128, 36.179, 36.344, 36.242, 35.998, 36.34, 36.986, 37.137, 37.412, 37.965, 38.193, 37.716, 37.302, 37.139, 37.086, 37.231, 37.638, 38.068, 38.328, 38.467, 38.564, 38.616, 38.4, 38.021, 38.043, 38.461, 38.364, 37.745, 37.394, 37.199, 37.078, 37.448, 37.844, 38.116, 38.63, 39.142, 39.448, 39.841, 40.177, 40.066, 39.726, 39.338, 39.015, 38.942, 38.86, 38.485, 38.298, 38.555, 38.517, 37.494, 36.245, 36.019, 36.383, 36.741, 37.342, 37.819, 37.964, 38.189, 38.406, 38.289, 38.193, 38.293, 38.32, 38.076, 37.918, 37.843, 37.627, 37.579, 38.067, 38.574, 38.679, 38.605, 38.601, 38.645, 38.629, 38.536, 38.459, 38.452, 38.133, 37.436, 37.192, 37.322, 37.49, 37.607, 37.789, 38.253, 38.462, 30.991], [31.259, 29.778, 28.056, 26.2, 24.954, 23.244, 18.644, 12.02, 5.582, 0.0, 4.762, 9.004, 14.253, 19.415, 22.169, 23.238, 24.229, 25.713, 27.167, 27.973, 28.058, 27.985, 28.21, 28.456, 28.973, 30.275, 31.713, 32.82, 33.993, 35.366, 36.345, 36.343, 36.294, 36.454, 36.52, 36.472, 36.366, 36.351, 36.419, 36.576, 36.896, 37.038, 37.35, 37.787, 38.005, 37.9, 37.886, 38.253, 39.145, 39.642, 39.491, 39.704, 39.845, 39.931, 40.188, 40.487, 40.354, 40.046, 39.847, 39.062, 38.613, 39.446, 39.99, 39.494, 38.908, 39.078, 39.659, 39.787, 39.384, 39.518, 39.9, 39.869, 39.788, 39.717, 39.875, 39.896, 39.795, 39.988, 40.373, 40.676, 40.997, 40.817, 40.298, 40.256, 40.448, 40.364, 39.855, 39.958, 41.447, 43.164, 43.991, 44.484, 45.311, 45.521, 43.585, 40.8, 38.985, 38.267, 38.591, 39.103, 38.448, 38.186, 38.639, 38.608, 38.165, 38.02, 38.17, 38.182, 37.823, 37.422, 36.958, 36.61, 36.591, 37.106, 37.857, 37.582, 37.017, 37.078, 37.101, 37.159, 37.305, 37.205, 36.93, 37.136, 37.699, 37.84, 38.109, 38.616, 38.784, 38.321, 37.914, 37.737, 37.691, 37.84, 38.237, 38.67, 38.942, 39.092, 39.185, 39.222, 39.02, 38.687, 38.743, 39.137, 39.036, 38.468, 38.104, 37.9, 37.837, 38.224, 38.579, 38.827, 39.308, 39.773, 40.035, 40.391, 40.705, 40.603, 40.288, 39.935, 39.667, 39.627, 39.57, 39.245, 39.083, 39.314, 39.268, 38.319, 37.187, 36.944, 37.272, 37.603, 38.146, 38.599, 38.747, 38.941, 39.126, 39.019, 38.935, 39.016, 39.038, 38.829, 38.701, 38.636, 38.444, 38.415, 38.879, 39.337, 39.433, 39.385, 39.401, 39.448, 39.435, 39.347, 39.263, 39.228, 38.903, 38.214, 37.968, 38.094, 38.252, 38.369, 38.55, 38.989, 39.184, 32.633], [32.162, 30.781, 29.135, 27.32, 26.093, 24.459, 20.172, 14.287, 9.12, 4.762, 0.0, 5.688, 12.675, 18.552, 21.311, 22.29, 23.388, 25.09, 26.675, 27.52, 27.633, 27.602, 27.868, 28.148, 28.692, 30.051, 31.539, 32.667, 33.881, 35.355, 36.401, 36.42, 36.382, 36.572, 36.685, 36.689, 36.632, 36.626, 36.674, 36.854, 37.234, 37.415, 37.747, 38.186, 38.395, 38.271, 38.236, 38.575, 39.416, 39.878, 39.733, 39.96, 40.105, 40.18, 40.418, 40.694, 40.545, 40.234, 40.04, 39.242, 38.692, 39.401, 39.903, 39.446, 38.928, 39.147, 39.746, 39.887, 39.488, 39.608, 39.993, 40.036, 40.023, 39.949, 40.089, 40.11, 40.011, 40.185, 40.557, 40.868, 41.199, 41.015, 40.5, 40.463, 40.64, 40.543, 40.061, 40.192, 41.654, 43.321, 44.115, 44.586, 45.388, 45.578, 43.676, 40.972, 39.209, 38.521, 38.853, 39.341, 38.671, 38.426, 38.891, 38.855, 38.426, 38.3, 38.446, 38.466, 38.154, 37.794, 37.341, 37.007, 37.022, 37.551, 38.281, 38.008, 37.448, 37.496, 37.522, 37.589, 37.726, 37.631, 37.345, 37.48, 38.019, 38.168, 38.418, 38.888, 39.047, 38.607, 38.215, 38.029, 37.97, 38.109, 38.493, 38.913, 39.179, 39.325, 39.411, 39.441, 39.243, 38.931, 39.022, 39.431, 39.342, 38.813, 38.456, 38.239, 38.171, 38.538, 38.873, 39.113, 39.573, 40.008, 40.251, 40.595, 40.901, 40.801, 40.499, 40.173, 39.945, 39.932, 39.897, 39.603, 39.446, 39.652, 39.608, 38.695, 37.591, 37.322, 37.638, 37.956, 38.49, 38.937, 39.087, 39.276, 39.454, 39.357, 39.278, 39.352, 39.375, 39.182, 39.065, 39.002, 38.823, 38.815, 39.285, 39.727, 39.818, 39.783, 39.814, 39.868, 39.848, 39.756, 39.665, 39.607, 39.252, 38.548, 38.301, 38.434, 38.598, 38.715, 38.904, 39.351, 39.561, 33.421], [33.003, 31.693, 30.216, 28.604, 27.518, 26.0, 21.931, 16.316, 11.853, 9.004, 5.688, 0.0, 8.368, 15.585, 18.961, 19.989, 21.104, 23.069, 24.903, 25.829, 25.962, 26.018, 26.387, 26.726, 27.31, 28.78, 30.435, 31.71, 33.066, 34.677, 35.777, 35.806, 35.856, 36.17, 36.34, 36.346, 36.325, 36.405, 36.516, 36.708, 37.078, 37.255, 37.613, 38.05, 38.251, 38.166, 38.189, 38.548, 39.37, 39.824, 39.685, 39.904, 40.043, 40.128, 40.377, 40.632, 40.453, 40.133, 39.95, 39.192, 38.692, 39.423, 39.91, 39.417, 38.871, 39.081, 39.671, 39.797, 39.404, 39.546, 39.916, 39.919, 39.896, 39.823, 39.968, 39.986, 39.882, 40.065, 40.443, 40.758, 41.117, 40.951, 40.408, 40.348, 40.535, 40.447, 39.926, 40.034, 41.54, 43.237, 44.04, 44.519, 45.331, 45.528, 43.605, 40.85, 39.051, 38.344, 38.692, 39.21, 38.589, 38.42, 38.93, 38.883, 38.41, 38.26, 38.406, 38.429, 38.108, 37.727, 37.261, 36.912, 36.875, 37.331, 38.045, 37.794, 37.256, 37.3, 37.327, 37.384, 37.492, 37.448, 37.263, 37.429, 37.961, 38.091, 38.318, 38.769, 38.922, 38.468, 38.074, 37.882, 37.808, 37.938, 38.311, 38.708, 38.963, 39.101, 39.174, 39.201, 39.016, 38.717, 38.812, 39.214, 39.128, 38.624, 38.287, 38.044, 37.933, 38.314, 38.688, 38.952, 39.414, 39.842, 40.082, 40.429, 40.732, 40.632, 40.319, 39.97, 39.724, 39.713, 39.686, 39.394, 39.24, 39.465, 39.445, 38.538, 37.419, 37.153, 37.467, 37.74, 38.269, 38.731, 38.875, 39.069, 39.27, 39.178, 39.074, 39.126, 39.14, 38.95, 38.843, 38.787, 38.594, 38.552, 39.015, 39.486, 39.601, 39.557, 39.578, 39.622, 39.586, 39.487, 39.399, 39.341, 38.977, 38.267, 38.036, 38.179, 38.359, 38.496, 38.688, 39.146, 39.376, 34.164], [34.384, 33.171, 31.967, 30.759, 29.986, 28.676, 24.999, 19.913, 16.036, 14.253, 12.675, 8.368, 0.0, 8.729, 13.832, 15.566, 16.662, 18.962, 21.355, 22.565, 22.783, 23.029, 23.666, 24.172, 24.828, 26.511, 28.518, 30.099, 31.709, 33.515, 34.704, 34.766, 34.999, 35.574, 35.856, 35.825, 35.774, 35.933, 36.16, 36.38, 36.688, 36.831, 37.196, 37.601, 37.79, 37.778, 37.906, 38.319, 39.138, 39.589, 39.448, 39.641, 39.77, 39.877, 40.166, 40.429, 40.236, 39.9, 39.721, 39.064, 38.802, 39.738, 40.274, 39.708, 39.054, 39.193, 39.747, 39.833, 39.452, 39.672, 40.0, 39.821, 39.695, 39.636, 39.807, 39.811, 39.691, 39.896, 40.295, 40.605, 40.99, 40.866, 40.29, 40.192, 40.411, 40.341, 39.71, 39.699, 41.227, 42.956, 43.781, 44.282, 45.119, 45.343, 43.399, 40.574, 38.742, 38.018, 38.406, 39.019, 38.506, 38.414, 38.968, 38.936, 38.42, 38.221, 38.349, 38.348, 37.965, 37.511, 37.032, 36.653, 36.494, 36.783, 37.431, 37.206, 36.732, 36.795, 36.821, 36.85, 36.913, 36.943, 36.969, 37.286, 37.818, 37.883, 38.086, 38.521, 38.606, 38.074, 37.655, 37.466, 37.396, 37.523, 37.887, 38.285, 38.546, 38.686, 38.753, 38.797, 38.656, 38.376, 38.422, 38.761, 38.666, 38.178, 37.869, 37.599, 37.432, 37.841, 38.293, 38.611, 39.084, 39.506, 39.756, 40.124, 40.425, 40.315, 39.985, 39.572, 39.25, 39.208, 39.179, 38.877, 38.749, 39.041, 39.052, 38.148, 37.046, 36.84, 37.169, 37.391, 37.905, 38.384, 38.517, 38.71, 38.94, 38.847, 38.703, 38.719, 38.707, 38.5, 38.406, 38.37, 38.148, 38.027, 38.441, 38.935, 39.078, 39.012, 38.992, 39.006, 38.955, 38.858, 38.786, 38.763, 38.415, 37.708, 37.524, 37.68, 37.883, 38.049, 38.208, 38.637, 38.856, 35.394], [35.72, 34.646, 33.678, 32.854, 32.42, 31.339, 28.098, 23.829, 20.733, 19.415, 18.552, 15.585, 8.729, 0.0, 6.835, 9.986, 11.363, 13.879, 16.86, 18.516, 18.995, 19.605, 20.679, 21.469, 22.271, 24.23, 26.622, 28.528, 30.359, 32.266, 33.518, 33.647, 34.098, 34.967, 35.41, 35.404, 35.346, 35.521, 35.828, 36.144, 36.466, 36.599, 36.957, 37.339, 37.527, 37.557, 37.759, 38.214, 39.029, 39.487, 39.361, 39.535, 39.657, 39.782, 40.078, 40.345, 40.176, 39.843, 39.642, 39.044, 38.942, 40.03, 40.641, 40.073, 39.353, 39.426, 39.96, 40.039, 39.687, 39.95, 40.219, 39.876, 39.638, 39.572, 39.756, 39.738, 39.595, 39.799, 40.214, 40.521, 40.914, 40.831, 40.256, 40.129, 40.368, 40.326, 39.624, 39.474, 40.941, 42.648, 43.442, 43.926, 44.78, 45.015, 43.064, 40.267, 38.517, 37.815, 38.223, 38.917, 38.487, 38.406, 38.95, 38.93, 38.395, 38.167, 38.284, 38.265, 37.824, 37.304, 36.818, 36.433, 36.195, 36.343, 36.911, 36.707, 36.316, 36.415, 36.44, 36.454, 36.49, 36.578, 36.825, 37.304, 37.826, 37.831, 38.01, 38.423, 38.425, 37.819, 37.381, 37.206, 37.154, 37.276, 37.637, 38.051, 38.329, 38.49, 38.592, 38.686, 38.595, 38.329, 38.336, 38.636, 38.529, 38.043, 37.783, 37.514, 37.284, 37.644, 38.111, 38.468, 38.952, 39.364, 39.629, 40.019, 40.318, 40.206, 39.87, 39.413, 39.02, 38.937, 38.906, 38.608, 38.496, 38.816, 38.838, 37.956, 36.927, 36.796, 37.122, 37.309, 37.8, 38.272, 38.397, 38.593, 38.835, 38.739, 38.573, 38.572, 38.528, 38.292, 38.205, 38.195, 37.958, 37.777, 38.13, 38.596, 38.742, 38.655, 38.597, 38.587, 38.524, 38.427, 38.372, 38.374, 38.042, 37.364, 37.256, 37.436, 37.633, 37.805, 37.936, 38.335, 38.539, 36.539], [36.253, 35.266, 34.42, 33.769, 33.488, 32.538, 29.585, 25.883, 23.337, 22.169, 21.311, 18.961, 13.832, 6.835, 0.0, 4.468, 7.18, 10.183, 13.315, 15.234, 16.151, 17.289, 18.753, 19.715, 20.635, 22.808, 25.395, 27.442, 29.352, 31.243, 32.493, 32.674, 33.262, 34.31, 34.886, 34.988, 35.024, 35.212, 35.519, 35.949, 36.41, 36.592, 36.934, 37.31, 37.509, 37.526, 37.704, 38.141, 38.957, 39.443, 39.343, 39.508, 39.63, 39.762, 40.028, 40.272, 40.12, 39.796, 39.566, 38.927, 38.756, 39.799, 40.432, 39.912, 39.207, 39.262, 39.798, 39.901, 39.583, 39.842, 40.078, 39.698, 39.429, 39.364, 39.563, 39.537, 39.373, 39.566, 39.991, 40.301, 40.698, 40.634, 40.084, 39.957, 40.195, 40.173, 39.479, 39.34, 40.85, 42.567, 43.318, 43.775, 44.634, 44.849, 42.871, 40.072, 38.368, 37.688, 38.115, 38.835, 38.414, 38.34, 38.878, 38.842, 38.302, 38.088, 38.233, 38.22, 37.75, 37.195, 36.69, 36.307, 36.049, 36.154, 36.698, 36.505, 36.16, 36.279, 36.303, 36.335, 36.374, 36.458, 36.79, 37.358, 37.91, 37.925, 38.083, 38.464, 38.456, 37.859, 37.425, 37.24, 37.181, 37.305, 37.685, 38.119, 38.401, 38.577, 38.714, 38.838, 38.755, 38.483, 38.509, 38.849, 38.74, 38.226, 37.978, 37.704, 37.402, 37.654, 38.057, 38.423, 38.938, 39.356, 39.609, 40.004, 40.316, 40.212, 39.877, 39.415, 39.014, 38.912, 38.866, 38.56, 38.436, 38.734, 38.738, 37.847, 36.838, 36.717, 37.0, 37.167, 37.669, 38.138, 38.278, 38.498, 38.74, 38.632, 38.471, 38.48, 38.413, 38.151, 38.065, 38.068, 37.835, 37.683, 38.064, 38.519, 38.659, 38.573, 38.515, 38.507, 38.433, 38.317, 38.257, 38.259, 37.93, 37.247, 37.16, 37.367, 37.556, 37.709, 37.839, 38.239, 38.447, 36.955], [36.346, 35.414, 34.62, 34.001, 33.751, 32.864, 30.057, 26.597, 24.307, 23.238, 22.29, 19.989, 15.566, 9.986, 4.468, 0.0, 4.19, 8.416, 11.817, 13.749, 14.935, 16.447, 18.041, 19.027, 20.043, 22.289, 24.854, 26.897, 28.824, 30.692, 31.95, 32.186, 32.839, 33.952, 34.578, 34.748, 34.879, 35.12, 35.425, 35.88, 36.432, 36.702, 37.083, 37.459, 37.643, 37.636, 37.769, 38.175, 38.994, 39.491, 39.388, 39.546, 39.663, 39.791, 40.04, 40.273, 40.115, 39.794, 39.572, 38.896, 38.619, 39.569, 40.168, 39.662, 38.993, 39.066, 39.6, 39.707, 39.393, 39.626, 39.851, 39.498, 39.251, 39.195, 39.402, 39.376, 39.21, 39.41, 39.842, 40.147, 40.541, 40.483, 39.953, 39.835, 40.07, 40.057, 39.4, 39.338, 40.93, 42.679, 43.427, 43.873, 44.708, 44.896, 42.889, 40.045, 38.332, 37.687, 38.147, 38.857, 38.421, 38.364, 38.911, 38.864, 38.328, 38.144, 38.318, 38.317, 37.835, 37.266, 36.751, 36.358, 36.09, 36.191, 36.734, 36.558, 36.248, 36.379, 36.4, 36.449, 36.497, 36.559, 36.875, 37.466, 38.072, 38.131, 38.273, 38.614, 38.609, 38.047, 37.623, 37.412, 37.323, 37.443, 37.835, 38.271, 38.542, 38.709, 38.843, 38.961, 38.872, 38.595, 38.633, 38.999, 38.901, 38.371, 38.1, 37.797, 37.441, 37.615, 37.975, 38.345, 38.88, 39.31, 39.575, 39.99, 40.32, 40.223, 39.89, 39.447, 39.074, 38.979, 38.926, 38.62, 38.497, 38.789, 38.787, 37.877, 36.835, 36.675, 36.917, 37.071, 37.596, 38.08, 38.236, 38.474, 38.707, 38.578, 38.417, 38.437, 38.367, 38.104, 38.026, 38.027, 37.792, 37.67, 38.105, 38.578, 38.714, 38.627, 38.576, 38.569, 38.484, 38.35, 38.275, 38.276, 37.952, 37.265, 37.186, 37.422, 37.622, 37.754, 37.872, 38.279, 38.506, 37.012], [36.47, 35.576, 34.849, 34.306, 34.109, 33.267, 30.559, 27.234, 25.12, 24.229, 23.388, 21.104, 16.662, 11.363, 7.18, 4.19, 0.0, 5.305, 9.67, 12.021, 13.406, 15.21, 16.99, 18.07, 19.165, 21.45, 24.081, 26.272, 28.284, 30.135, 31.42, 31.738, 32.491, 33.684, 34.318, 34.466, 34.601, 34.888, 35.253, 35.717, 36.259, 36.572, 37.039, 37.473, 37.664, 37.662, 37.79, 38.196, 39.03, 39.532, 39.418, 39.568, 39.675, 39.792, 40.044, 40.283, 40.122, 39.801, 39.595, 38.939, 38.7, 39.683, 40.273, 39.729, 39.035, 39.097, 39.621, 39.724, 39.411, 39.624, 39.82, 39.462, 39.217, 39.156, 39.361, 39.335, 39.174, 39.388, 39.826, 40.118, 40.508, 40.458, 39.926, 39.803, 40.046, 40.039, 39.385, 39.345, 40.974, 42.734, 43.485, 43.932, 44.755, 44.939, 42.921, 40.053, 38.33, 37.694, 38.157, 38.865, 38.434, 38.372, 38.918, 38.869, 38.324, 38.131, 38.303, 38.294, 37.803, 37.231, 36.719, 36.315, 36.022, 36.1, 36.642, 36.488, 36.202, 36.341, 36.361, 36.416, 36.462, 36.524, 36.872, 37.504, 38.124, 38.181, 38.315, 38.649, 38.645, 38.075, 37.647, 37.434, 37.338, 37.458, 37.853, 38.287, 38.554, 38.711, 38.833, 38.943, 38.859, 38.576, 38.577, 38.91, 38.815, 38.274, 37.97, 37.633, 37.258, 37.438, 37.823, 38.216, 38.747, 39.17, 39.465, 39.917, 40.262, 40.17, 39.838, 39.396, 39.018, 38.909, 38.855, 38.553, 38.43, 38.732, 38.747, 37.848, 36.82, 36.681, 36.917, 37.049, 37.563, 38.052, 38.211, 38.456, 38.693, 38.552, 38.374, 38.384, 38.318, 38.07, 38.003, 38.003, 37.754, 37.61, 38.043, 38.528, 38.664, 38.571, 38.512, 38.495, 38.401, 38.264, 38.19, 38.186, 37.852, 37.184, 37.137, 37.39, 37.595, 37.734, 37.857, 38.27, 38.512, 37.112], [36.65, 35.794, 35.162, 34.754, 34.629, 33.832, 31.252, 28.175, 26.355, 25.713, 25.09, 23.069, 18.962, 13.879, 10.183, 8.416, 5.305, 0.0, 5.273, 8.612, 10.77, 13.307, 15.599, 16.862, 17.955, 20.336, 23.227, 25.698, 27.783, 29.514, 30.763, 31.159, 32.03, 33.316, 33.958, 34.061, 34.161, 34.458, 34.887, 35.413, 35.952, 36.243, 36.742, 37.252, 37.495, 37.516, 37.653, 38.05, 38.891, 39.411, 39.294, 39.435, 39.539, 39.659, 39.915, 40.154, 40.004, 39.689, 39.477, 38.857, 38.743, 39.851, 40.468, 39.879, 39.109, 39.111, 39.616, 39.725, 39.436, 39.658, 39.822, 39.427, 39.166, 39.096, 39.301, 39.271, 39.107, 39.331, 39.78, 40.066, 40.462, 40.423, 39.87, 39.728, 39.984, 39.996, 39.342, 39.301, 40.943, 42.703, 43.44, 43.897, 44.739, 44.939, 42.923, 40.049, 38.315, 37.659, 38.11, 38.833, 38.418, 38.34, 38.878, 38.824, 38.25, 38.022, 38.179, 38.165, 37.67, 37.098, 36.594, 36.183, 35.852, 35.883, 36.412, 36.257, 35.983, 36.133, 36.155, 36.208, 36.238, 36.295, 36.716, 37.422, 38.036, 38.061, 38.171, 38.525, 38.552, 37.961, 37.527, 37.334, 37.259, 37.392, 37.791, 38.227, 38.498, 38.656, 38.787, 38.909, 38.824, 38.513, 38.464, 38.762, 38.664, 38.102, 37.786, 37.439, 37.054, 37.247, 37.661, 38.085, 38.618, 39.022, 39.319, 39.786, 40.148, 40.068, 39.736, 39.27, 38.846, 38.694, 38.624, 38.305, 38.16, 38.458, 38.483, 37.603, 36.647, 36.626, 36.881, 36.993, 37.483, 37.96, 38.117, 38.384, 38.649, 38.51, 38.31, 38.302, 38.23, 37.98, 37.914, 37.915, 37.659, 37.495, 37.914, 38.402, 38.541, 38.439, 38.364, 38.339, 38.241, 38.11, 38.046, 38.024, 37.663, 37.011, 37.0, 37.258, 37.464, 37.627, 37.762, 38.167, 38.398, 37.228], [36.805, 35.999, 35.459, 35.143, 35.059, 34.317, 31.893, 29.114, 27.609, 27.167, 26.675, 24.903, 21.355, 16.86, 13.315, 11.817, 9.67, 5.273, 0.0, 4.352, 8.217, 12.136, 14.961, 16.29, 17.354, 19.829, 22.889, 25.509, 27.583, 29.124, 30.27, 30.716, 31.663, 32.994, 33.657, 33.759, 33.856, 34.156, 34.616, 35.224, 35.821, 36.107, 36.594, 37.118, 37.397, 37.45, 37.603, 37.987, 38.818, 39.355, 39.234, 39.364, 39.47, 39.608, 39.867, 40.096, 39.958, 39.654, 39.43, 38.82, 38.776, 39.958, 40.591, 39.982, 39.16, 39.093, 39.567, 39.676, 39.398, 39.633, 39.784, 39.355, 39.078, 39.012, 39.221, 39.191, 39.028, 39.264, 39.734, 40.025, 40.426, 40.396, 39.83, 39.667, 39.928, 39.965, 39.348, 39.336, 41.0, 42.77, 43.506, 43.979, 44.834, 45.036, 43.025, 40.136, 38.349, 37.668, 38.12, 38.849, 38.446, 38.358, 38.886, 38.822, 38.232, 37.988, 38.148, 38.146, 37.662, 37.096, 36.599, 36.189, 35.823, 35.795, 36.288, 36.135, 35.913, 36.093, 36.118, 36.166, 36.183, 36.217, 36.66, 37.404, 38.03, 38.052, 38.125, 38.46, 38.51, 37.917, 37.484, 37.305, 37.25, 37.398, 37.804, 38.237, 38.506, 38.665, 38.805, 38.943, 38.853, 38.51, 38.43, 38.724, 38.637, 38.06, 37.746, 37.405, 36.992, 37.151, 37.559, 37.998, 38.546, 38.944, 39.225, 39.689, 40.067, 40.003, 39.667, 39.177, 38.724, 38.551, 38.469, 38.134, 37.97, 38.258, 38.282, 37.409, 36.518, 36.611, 36.877, 36.955, 37.421, 37.874, 38.02, 38.323, 38.633, 38.496, 38.278, 38.26, 38.188, 37.932, 37.862, 37.867, 37.612, 37.444, 37.859, 38.353, 38.494, 38.379, 38.288, 38.257, 38.149, 38.006, 37.935, 37.907, 37.545, 36.919, 36.938, 37.214, 37.441, 37.617, 37.742, 38.124, 38.334, 37.309], [36.91, 36.147, 35.661, 35.359, 35.276, 34.577, 32.248, 29.634, 28.31, 27.973, 27.52, 25.829, 22.565, 18.516, 15.234, 13.749, 12.021, 8.612, 4.352, 0.0, 5.291, 10.584, 13.892, 15.252, 16.397, 19.069, 22.243, 24.945, 27.062, 28.566, 29.713, 30.213, 31.197, 32.545, 33.241, 33.374, 33.499, 33.82, 34.302, 34.958, 35.629, 35.976, 36.49, 37.012, 37.308, 37.392, 37.588, 38.012, 38.862, 39.41, 39.289, 39.407, 39.51, 39.659, 39.918, 40.134, 39.99, 39.687, 39.459, 38.838, 38.78, 39.96, 40.6, 40.0, 39.16, 39.053, 39.512, 39.613, 39.316, 39.538, 39.677, 39.229, 38.933, 38.868, 39.075, 39.046, 38.885, 39.127, 39.609, 39.914, 40.319, 40.288, 39.716, 39.548, 39.806, 39.853, 39.263, 39.286, 40.992, 42.793, 43.542, 44.028, 44.885, 45.071, 43.036, 40.123, 38.283, 37.563, 38.022, 38.757, 38.354, 38.253, 38.769, 38.701, 38.116, 37.877, 38.043, 38.055, 37.584, 37.016, 36.517, 36.108, 35.733, 35.696, 36.202, 36.07, 35.886, 36.087, 36.109, 36.155, 36.185, 36.201, 36.618, 37.366, 38.01, 38.052, 38.099, 38.389, 38.427, 37.832, 37.411, 37.248, 37.202, 37.355, 37.766, 38.196, 38.458, 38.608, 38.739, 38.874, 38.779, 38.422, 38.332, 38.62, 38.534, 37.956, 37.646, 37.3, 36.872, 37.026, 37.43, 37.866, 38.423, 38.83, 39.108, 39.571, 39.951, 39.884, 39.537, 39.043, 38.599, 38.436, 38.352, 38.022, 37.876, 38.178, 38.203, 37.32, 36.428, 36.558, 36.824, 36.856, 37.298, 37.734, 37.863, 38.186, 38.531, 38.397, 38.172, 38.16, 38.097, 37.841, 37.765, 37.773, 37.514, 37.335, 37.747, 38.253, 38.397, 38.27, 38.171, 38.137, 38.02, 37.855, 37.768, 37.747, 37.407, 36.815, 36.859, 37.154, 37.398, 37.564, 37.665, 38.037, 38.249, 37.382], [36.821, 36.097, 35.631, 35.285, 35.185, 34.49, 32.143, 29.548, 28.318, 28.058, 27.633, 25.962, 22.783, 18.995, 16.151, 14.935, 13.406, 10.77, 8.217, 5.291, 0.0, 6.298, 10.536, 12.304, 13.631, 16.746, 20.296, 23.258, 25.617, 27.383, 28.757, 29.316, 30.29, 31.655, 32.393, 32.566, 32.735, 33.106, 33.629, 34.303, 35.018, 35.433, 36.011, 36.582, 36.92, 37.038, 37.311, 37.841, 38.767, 39.34, 39.221, 39.339, 39.435, 39.577, 39.836, 40.043, 39.863, 39.524, 39.288, 38.653, 38.57, 39.743, 40.395, 39.799, 38.934, 38.814, 39.305, 39.421, 39.092, 39.285, 39.408, 38.957, 38.647, 38.563, 38.756, 38.716, 38.54, 38.765, 39.238, 39.568, 39.999, 39.952, 39.352, 39.19, 39.458, 39.5, 38.877, 38.877, 40.618, 42.473, 43.249, 43.75, 44.626, 44.801, 42.686, 39.718, 37.872, 37.103, 37.565, 38.337, 37.931, 37.802, 38.315, 38.251, 37.653, 37.396, 37.547, 37.561, 37.103, 36.526, 36.007, 35.587, 35.234, 35.284, 35.897, 35.764, 35.502, 35.679, 35.694, 35.721, 35.777, 35.811, 36.188, 36.943, 37.611, 37.653, 37.695, 37.995, 38.037, 37.425, 37.009, 36.868, 36.828, 36.973, 37.38, 37.82, 38.09, 38.228, 38.342, 38.471, 38.366, 38.006, 37.921, 38.192, 38.075, 37.501, 37.212, 36.865, 36.462, 36.679, 37.12, 37.564, 38.133, 38.55, 38.814, 39.259, 39.626, 39.531, 39.157, 38.661, 38.228, 38.087, 38.009, 37.692, 37.602, 37.939, 37.968, 37.044, 36.066, 36.178, 36.478, 36.503, 36.956, 37.404, 37.523, 37.853, 38.217, 38.091, 37.878, 37.882, 37.82, 37.547, 37.455, 37.46, 37.184, 36.968, 37.362, 37.869, 38.013, 37.877, 37.773, 37.743, 37.632, 37.465, 37.371, 37.348, 37.007, 36.414, 36.466, 36.765, 37.011, 37.166, 37.255, 37.641, 37.877, 37.273], [36.636, 35.958, 35.479, 35.07, 34.967, 34.283, 31.901, 29.299, 28.166, 27.985, 27.602, 26.018, 23.029, 19.605, 17.289, 16.447, 15.21, 13.307, 12.136, 10.584, 6.298, 0.0, 5.274, 8.086, 9.895, 13.506, 17.582, 20.99, 23.727, 25.898, 27.598, 28.226, 29.192, 30.612, 31.415, 31.641, 31.866, 32.309, 32.9, 33.59, 34.312, 34.757, 35.422, 36.098, 36.497, 36.649, 37.007, 37.657, 38.683, 39.281, 39.147, 39.263, 39.349, 39.471, 39.726, 39.934, 39.714, 39.326, 39.09, 38.463, 38.363, 39.518, 40.164, 39.549, 38.65, 38.534, 39.07, 39.203, 38.813, 38.943, 39.054, 38.623, 38.333, 38.239, 38.412, 38.355, 38.16, 38.367, 38.833, 39.196, 39.664, 39.601, 38.975, 38.827, 39.11, 39.139, 38.451, 38.373, 40.093, 41.973, 42.78, 43.296, 44.189, 44.365, 42.168, 39.145, 37.335, 36.548, 36.997, 37.812, 37.409, 37.27, 37.817, 37.769, 37.138, 36.844, 36.967, 36.98, 36.556, 35.994, 35.468, 35.048, 34.735, 34.889, 35.611, 35.447, 35.034, 35.167, 35.18, 35.162, 35.223, 35.301, 35.641, 36.397, 37.084, 37.103, 37.162, 37.53, 37.583, 36.931, 36.512, 36.397, 36.362, 36.487, 36.868, 37.315, 37.601, 37.724, 37.806, 37.914, 37.801, 37.441, 37.355, 37.6, 37.427, 36.86, 36.618, 36.291, 35.935, 36.255, 36.769, 37.236, 37.833, 38.284, 38.535, 38.947, 39.296, 39.173, 38.762, 38.242, 37.808, 37.68, 37.601, 37.302, 37.27, 37.64, 37.664, 36.688, 35.608, 35.707, 36.087, 36.148, 36.627, 37.087, 37.207, 37.55, 37.931, 37.819, 37.626, 37.657, 37.599, 37.298, 37.183, 37.189, 36.89, 36.598, 36.923, 37.403, 37.541, 37.402, 37.293, 37.262, 37.159, 37.001, 36.915, 36.883, 36.517, 35.915, 35.975, 36.258, 36.5, 36.665, 36.749, 37.138, 37.386, 37.044], [36.505, 35.851, 35.356, 34.933, 34.844, 34.179, 31.831, 29.299, 28.298, 28.21, 27.868, 26.387, 23.666, 20.679, 18.753, 18.041, 16.99, 15.599, 14.961, 13.892, 10.536, 5.274, 0.0, 3.952, 7.243, 11.461, 15.654, 19.34, 22.362, 24.727, 26.61, 27.32, 28.322, 29.783, 30.607, 30.86, 31.139, 31.659, 32.327, 33.039, 33.75, 34.201, 34.95, 35.721, 36.157, 36.323, 36.744, 37.498, 38.631, 39.269, 39.107, 39.207, 39.288, 39.401, 39.659, 39.874, 39.637, 39.226, 39.007, 38.403, 38.292, 39.436, 40.078, 39.435, 38.503, 38.385, 38.939, 39.064, 38.614, 38.684, 38.785, 38.369, 38.098, 38.006, 38.168, 38.102, 37.907, 38.115, 38.591, 38.981, 39.463, 39.392, 38.762, 38.627, 38.919, 38.938, 38.204, 38.083, 39.802, 41.714, 42.558, 43.085, 43.989, 44.17, 41.916, 38.824, 36.996, 36.199, 36.635, 37.488, 37.103, 36.981, 37.566, 37.527, 36.876, 36.567, 36.683, 36.703, 36.3, 35.75, 35.234, 34.823, 34.514, 34.686, 35.439, 35.251, 34.743, 34.85, 34.866, 34.82, 34.871, 34.976, 35.303, 36.08, 36.787, 36.779, 36.842, 37.258, 37.327, 36.647, 36.222, 36.123, 36.087, 36.197, 36.557, 36.996, 37.282, 37.389, 37.437, 37.514, 37.396, 37.034, 36.924, 37.14, 36.916, 36.344, 36.126, 35.801, 35.455, 35.858, 36.455, 36.943, 37.579, 38.091, 38.365, 38.769, 39.119, 38.992, 38.559, 38.014, 37.57, 37.433, 37.345, 37.052, 37.028, 37.404, 37.428, 36.412, 35.27, 35.377, 35.817, 35.89, 36.374, 36.835, 36.949, 37.296, 37.69, 37.582, 37.395, 37.454, 37.417, 37.107, 36.986, 37.0, 36.681, 36.316, 36.588, 37.061, 37.2, 37.056, 36.942, 36.913, 36.816, 36.66, 36.581, 36.547, 36.158, 35.561, 35.636, 35.909, 36.161, 36.346, 36.423, 36.805, 37.045, 36.874], [36.399, 35.752, 35.278, 34.872, 34.783, 34.127, 31.826, 29.383, 28.481, 28.456, 28.148, 26.726, 24.172, 21.469, 19.715, 19.027, 18.07, 16.862, 16.29, 15.252, 12.304, 8.086, 3.952, 0.0, 4.854, 10.239, 14.649, 18.324, 21.422, 23.834, 25.783, 26.559, 27.622, 29.123, 29.96, 30.239, 30.558, 31.112, 31.8, 32.525, 33.249, 33.704, 34.491, 35.318, 35.78, 35.953, 36.397, 37.204, 38.411, 39.1, 38.937, 39.028, 39.101, 39.214, 39.483, 39.706, 39.461, 39.045, 38.83, 38.22, 38.11, 39.273, 39.92, 39.26, 38.315, 38.205, 38.768, 38.887, 38.425, 38.488, 38.6, 38.2, 37.928, 37.838, 38.004, 37.942, 37.751, 37.967, 38.447, 38.839, 39.323, 39.249, 38.611, 38.472, 38.767, 38.784, 38.036, 37.924, 39.685, 41.634, 42.486, 43.008, 43.922, 44.122, 41.861, 38.729, 36.842, 36.03, 36.477, 37.348, 36.951, 36.81, 37.388, 37.348, 36.705, 36.408, 36.531, 36.554, 36.149, 35.594, 35.084, 34.675, 34.346, 34.491, 35.255, 35.06, 34.517, 34.611, 34.629, 34.569, 34.607, 34.728, 35.067, 35.879, 36.615, 36.608, 36.669, 37.097, 37.177, 36.494, 36.063, 35.958, 35.918, 36.026, 36.386, 36.818, 37.097, 37.205, 37.271, 37.364, 37.248, 36.877, 36.766, 36.999, 36.773, 36.189, 35.968, 35.636, 35.277, 35.687, 36.299, 36.795, 37.447, 37.979, 38.26, 38.668, 39.027, 38.907, 38.477, 37.937, 37.49, 37.337, 37.237, 36.935, 36.9, 37.274, 37.3, 36.266, 35.084, 35.177, 35.626, 35.706, 36.201, 36.665, 36.773, 37.122, 37.521, 37.409, 37.216, 37.277, 37.248, 36.938, 36.82, 36.834, 36.506, 36.142, 36.429, 36.91, 37.051, 36.906, 36.792, 36.767, 36.674, 36.522, 36.45, 36.417, 36.001, 35.37, 35.432, 35.706, 35.968, 36.158, 36.234, 36.617, 36.842, 36.762], [36.557, 35.945, 35.543, 35.185, 35.108, 34.476, 32.232, 29.837, 28.968, 28.973, 28.692, 27.31, 24.828, 22.271, 20.635, 20.043, 19.165, 17.955, 17.354, 16.397, 13.631, 9.895, 7.243, 4.854, 0.0, 6.593, 12.226, 16.42, 19.658, 22.193, 24.286, 25.179, 26.447, 28.176, 29.128, 29.447, 29.806, 30.398, 31.102, 31.855, 32.613, 33.076, 33.912, 34.831, 35.35, 35.552, 36.026, 36.864, 38.084, 38.792, 38.686, 38.819, 38.896, 39.011, 39.307, 39.549, 39.304, 38.89, 38.668, 38.048, 37.968, 39.17, 39.815, 39.141, 38.185, 38.075, 38.654, 38.788, 38.329, 38.382, 38.498, 38.134, 37.859, 37.758, 37.924, 37.863, 37.673, 37.898, 38.385, 38.774, 39.263, 39.191, 38.532, 38.375, 38.667, 38.678, 37.911, 37.778, 39.524, 41.464, 42.288, 42.789, 43.711, 43.932, 41.696, 38.583, 36.686, 35.871, 36.348, 37.236, 36.822, 36.644, 37.196, 37.16, 36.524, 36.227, 36.345, 36.364, 35.96, 35.416, 34.934, 34.539, 34.189, 34.309, 35.088, 34.907, 34.392, 34.514, 34.545, 34.478, 34.489, 34.604, 34.998, 35.861, 36.621, 36.622, 36.672, 37.093, 37.162, 36.468, 36.017, 35.894, 35.851, 35.96, 36.321, 36.758, 37.043, 37.159, 37.248, 37