[[0.0, 4.771, 8.489, 11.279, 14.244, 17.387, 18.911, 19.526, 20.914, 22.629, 24.152, 25.418, 26.158, 27.117, 28.606, 29.333, 29.259, 29.722, 30.456, 30.939, 31.564, 32.566, 33.299, 33.659, 33.943, 34.461, 35.329, 36.081, 36.25, 36.0, 36.046, 36.599, 36.848, 36.534, 36.118, 36.332, 36.815, 36.491, 35.311, 34.551, 34.627, 34.322, 33.539, 33.1, 32.963, 32.789, 32.925, 33.34, 33.418, 33.029, 32.931, 33.294, 33.286, 32.941, 32.831, 32.347, 31.733, 31.898, 32.344, 32.476, 32.616, 33.064, 32.861, 32.261, 32.382, 32.738, 32.473, 31.929, 31.8, 32.034, 32.278, 32.453, 33.157, 33.954, 34.046, 34.013, 34.58, 35.227, 35.292, 35.263, 35.481, 36.277, 37.351, 37.788, 37.815, 37.426, 36.61, 36.744, 39.336, 41.572, 40.474, 39.15, 39.682, 40.311, 40.147, 39.053, 38.188, 38.692, 39.022, 38.378, 38.706, 40.295, 40.748, 40.151, 40.273, 41.056, 41.179, 40.939, 41.225, 41.854, 42.297, 42.299, 42.262, 42.446, 42.2, 41.463, 40.667, 40.072, 40.009, 39.936, 39.442, 38.527, 38.046, 38.164, 37.94, 37.851, 37.952, 38.072, 38.531, 39.122, 39.009, 38.649, 38.456, 37.944, 37.491, 37.4, 36.617, 35.196, 34.969, 35.616, 34.94, 33.361, 32.59, 32.529, 32.642, 6.268], [4.771, 0.0, 5.204, 9.102, 12.347, 15.565, 17.166, 17.878, 19.438, 21.426, 23.161, 24.494, 25.273, 26.313, 27.89, 28.645, 28.598, 29.135, 29.92, 30.403, 31.045, 32.12, 32.971, 33.434, 33.747, 34.27, 35.216, 36.058, 36.263, 36.018, 36.075, 36.629, 36.884, 36.579, 36.136, 36.293, 36.747, 36.44, 35.282, 34.503, 34.553, 34.244, 33.475, 33.054, 32.93, 32.761, 32.888, 33.308, 33.407, 33.009, 32.879, 33.238, 33.243, 32.912, 32.796, 32.294, 31.688, 31.857, 32.285, 32.415, 32.576, 33.042, 32.849, 32.28, 32.427, 32.774, 32.505, 31.978, 31.855, 32.102, 32.369, 32.548, 33.234, 34.031, 34.125, 34.084, 34.652, 35.312, 35.373, 35.333, 35.55, 36.342, 37.412, 37.861, 37.886, 37.492, 36.694, 36.854, 39.451, 41.689, 40.61, 39.294, 39.811, 40.421, 40.26, 39.181, 38.313, 38.814, 39.16, 38.524, 38.843, 40.414, 40.854, 40.247, 40.371, 41.182, 41.329, 41.089, 41.37, 42.012, 42.473, 42.474, 42.425, 42.614, 42.367, 41.595, 40.774, 40.177, 40.116, 40.046, 39.559, 38.663, 38.191, 38.298, 38.074, 37.998, 38.115, 38.233, 38.679, 39.265, 39.136, 38.735, 38.531, 38.029, 37.562, 37.457, 36.683, 35.279, 35.038, 35.66, 34.99, 33.446, 32.687, 32.635, 32.746, 9.592], [8.489, 5.204, 0.0, 5.502, 10.356, 14.097, 15.743, 16.611, 18.426, 20.681, 22.651, 24.109, 24.931, 25.983, 27.583, 28.345, 28.307, 28.894, 29.724, 30.258, 30.962, 32.05, 32.883, 33.337, 33.657, 34.186, 35.148, 36.011, 36.223, 35.958, 35.977, 36.51, 36.756, 36.434, 35.971, 36.102, 36.526, 36.196, 35.042, 34.287, 34.356, 34.042, 33.268, 32.867, 32.758, 32.58, 32.7, 33.133, 33.238, 32.825, 32.694, 33.056, 33.07, 32.758, 32.651, 32.156, 31.564, 31.734, 32.153, 32.275, 32.419, 32.873, 32.684, 32.117, 32.283, 32.652, 32.379, 31.834, 31.716, 31.976, 32.241, 32.416, 33.14, 33.979, 34.083, 34.039, 34.611, 35.272, 35.322, 35.261, 35.476, 36.264, 37.324, 37.772, 37.797, 37.411, 36.621, 36.8, 39.424, 41.679, 40.593, 39.27, 39.782, 40.38, 40.218, 39.135, 38.223, 38.699, 39.063, 38.426, 38.731, 40.326, 40.786, 40.175, 40.277, 41.082, 41.255, 41.032, 41.321, 41.982, 42.464, 42.48, 42.411, 42.58, 42.335, 41.589, 40.784, 40.176, 40.118, 40.071, 39.6, 38.701, 38.222, 38.332, 38.115, 38.042, 38.162, 38.272, 38.704, 39.285, 39.154, 38.733, 38.514, 38.015, 37.568, 37.492, 36.716, 35.269, 35.003, 35.625, 34.919, 33.328, 32.565, 32.529, 32.644, 11.919], [11.279, 9.102, 5.502, 0.0, 6.482, 11.431, 13.513, 14.618, 16.798, 19.414, 21.663, 23.322, 24.283, 25.433, 27.073, 27.84, 27.821, 28.493, 29.412, 30.017, 30.76, 31.86, 32.695, 33.135, 33.455, 34.044, 35.08, 35.963, 36.181, 35.954, 35.996, 36.52, 36.764, 36.431, 35.956, 36.09, 36.508, 36.165, 35.02, 34.3, 34.401, 34.094, 33.32, 32.924, 32.809, 32.632, 32.765, 33.197, 33.298, 32.902, 32.791, 33.15, 33.162, 32.841, 32.725, 32.238, 31.653, 31.819, 32.248, 32.38, 32.499, 32.916, 32.712, 32.151, 32.343, 32.723, 32.437, 31.857, 31.727, 31.985, 32.242, 32.412, 33.145, 34.008, 34.134, 34.098, 34.667, 35.325, 35.375, 35.319, 35.532, 36.306, 37.362, 37.818, 37.848, 37.459, 36.68, 36.88, 39.523, 41.777, 40.681, 39.354, 39.861, 40.456, 40.298, 39.211, 38.27, 38.734, 39.123, 38.48, 38.733, 40.291, 40.735, 40.109, 40.177, 40.961, 41.154, 40.943, 41.234, 41.912, 42.409, 42.427, 42.36, 42.536, 42.293, 41.56, 40.767, 40.165, 40.115, 40.071, 39.592, 38.69, 38.229, 38.355, 38.13, 38.051, 38.174, 38.28, 38.71, 39.304, 39.194, 38.789, 38.584, 38.095, 37.659, 37.596, 36.814, 35.34, 35.054, 35.675, 34.959, 33.348, 32.577, 32.545, 32.66, 14.233], [14.244, 12.347, 10.356, 6.482, 0.0, 6.153, 9.484, 11.192, 13.836, 17.22, 20.051, 22.008, 23.203, 24.586, 26.361, 27.16, 27.187, 28.001, 29.065, 29.743, 30.468, 31.552, 32.454, 32.947, 33.252, 33.887, 35.076, 36.048, 36.296, 36.168, 36.329, 36.859, 37.099, 36.78, 36.314, 36.429, 36.812, 36.473, 35.36, 34.674, 34.787, 34.505, 33.776, 33.414, 33.309, 33.154, 33.3, 33.71, 33.804, 33.442, 33.356, 33.706, 33.714, 33.384, 33.251, 32.768, 32.187, 32.316, 32.727, 32.872, 32.969, 33.324, 33.093, 32.582, 32.819, 33.177, 32.883, 32.304, 32.157, 32.407, 32.676, 32.846, 33.52, 34.36, 34.511, 34.486, 35.032, 35.671, 35.719, 35.665, 35.864, 36.602, 37.619, 38.068, 38.099, 37.708, 36.965, 37.187, 39.763, 41.957, 40.878, 39.563, 40.043, 40.629, 40.479, 39.423, 38.507, 38.968, 39.385, 38.768, 38.986, 40.458, 40.862, 40.246, 40.295, 41.036, 41.221, 41.016, 41.289, 41.948, 42.441, 42.453, 42.402, 42.598, 42.357, 41.617, 40.855, 40.294, 40.239, 40.167, 39.683, 38.828, 38.437, 38.575, 38.338, 38.264, 38.406, 38.525, 38.963, 39.569, 39.485, 39.094, 38.897, 38.425, 37.976, 37.897, 37.167, 35.761, 35.447, 36.023, 35.354, 33.836, 33.079, 33.03, 33.137, 16.901], [17.387, 15.565, 14.097, 11.431, 6.153, 0.0, 4.77, 7.81, 11.129, 15.267, 18.721, 20.944, 22.304, 23.878, 25.796, 26.635, 26.714, 27.658, 28.851, 29.579, 30.296, 31.374, 32.349, 32.924, 33.229, 33.885, 35.213, 36.294, 36.576, 36.515, 36.77, 37.289, 37.508, 37.201, 36.74, 36.821, 37.156, 36.816, 35.733, 35.049, 35.146, 34.885, 34.204, 33.873, 33.776, 33.637, 33.784, 34.179, 34.291, 33.984, 33.921, 34.256, 34.27, 33.956, 33.808, 33.332, 32.785, 32.885, 33.245, 33.383, 33.474, 33.788, 33.53, 33.069, 33.351, 33.685, 33.383, 32.815, 32.657, 32.904, 33.189, 33.348, 33.95, 34.755, 34.927, 34.91, 35.444, 36.081, 36.129, 36.078, 36.269, 36.968, 37.946, 38.389, 38.424, 38.057, 37.364, 37.588, 40.067, 42.205, 41.177, 39.883, 40.319, 40.876, 40.726, 39.704, 38.816, 39.272, 39.715, 39.133, 39.319, 40.718, 41.098, 40.496, 40.525, 41.214, 41.382, 41.176, 41.429, 42.08, 42.593, 42.626, 42.582, 42.767, 42.533, 41.815, 41.104, 40.585, 40.518, 40.429, 39.962, 39.179, 38.871, 39.014, 38.772, 38.703, 38.848, 38.959, 39.384, 39.98, 39.903, 39.508, 39.312, 38.857, 38.388, 38.272, 37.604, 36.285, 35.949, 36.464, 35.807, 34.375, 33.677, 33.642, 33.738, 19.596], [18.911, 17.166, 15.743, 13.513, 9.484, 4.77, 0.0, 4.546, 9.372, 14.041, 17.622, 19.941, 21.402, 23.093, 25.122, 26.007, 26.103, 27.106, 28.375, 29.151, 29.907, 31.036, 32.08, 32.716, 33.052, 33.762, 35.176, 36.319, 36.622, 36.573, 36.85, 37.379, 37.604, 37.309, 36.838, 36.898, 37.221, 36.881, 35.805, 35.111, 35.193, 34.927, 34.249, 33.911, 33.797, 33.653, 33.803, 34.206, 34.335, 34.047, 33.981, 34.316, 34.337, 34.026, 33.87, 33.384, 32.85, 32.945, 33.269, 33.388, 33.489, 33.807, 33.527, 33.063, 33.366, 33.708, 33.403, 32.831, 32.661, 32.905, 33.191, 33.346, 33.934, 34.737, 34.918, 34.904, 35.456, 36.122, 36.186, 36.149, 36.347, 37.048, 38.028, 38.473, 38.517, 38.17, 37.485, 37.692, 40.156, 42.313, 41.318, 40.038, 40.46, 40.994, 40.828, 39.796, 38.905, 39.37, 39.825, 39.243, 39.416, 40.821, 41.216, 40.625, 40.661, 41.345, 41.506, 41.288, 41.536, 42.208, 42.749, 42.797, 42.739, 42.912, 42.708, 42.033, 41.335, 40.815, 40.749, 40.676, 40.231, 39.47, 39.179, 39.305, 39.05, 38.979, 39.11, 39.195, 39.594, 40.171, 40.079, 39.674, 39.476, 39.026, 38.545, 38.391, 37.711, 36.393, 36.041, 36.525, 35.832, 34.399, 33.749, 33.742, 33.843, 20.865], [19.526, 17.878, 16.611, 14.618, 11.192, 7.81, 4.546, 0.0, 6.241, 12.029, 16.069, 18.525, 19.993, 21.756, 23.934, 24.882, 25.007, 26.114, 27.487, 28.341, 29.17, 30.362, 31.456, 32.133, 32.488, 33.229, 34.699, 35.883, 36.189, 36.141, 36.44, 36.991, 37.241, 36.981, 36.546, 36.636, 36.973, 36.638, 35.551, 34.845, 34.924, 34.643, 33.943, 33.596, 33.481, 33.331, 33.497, 33.93, 34.063, 33.754, 33.683, 34.041, 34.071, 33.748, 33.592, 33.087, 32.521, 32.61, 32.935, 33.052, 33.162, 33.496, 33.227, 32.784, 33.11, 33.462, 33.151, 32.571, 32.405, 32.662, 32.95, 33.105, 33.713, 34.546, 34.738, 34.72, 35.287, 35.973, 36.045, 36.02, 36.234, 36.946, 37.923, 38.354, 38.384, 38.017, 37.305, 37.512, 40.029, 42.222, 41.19, 39.848, 40.267, 40.811, 40.638, 39.588, 38.707, 39.192, 39.637, 39.03, 39.212, 40.65, 41.049, 40.449, 40.493, 41.177, 41.319, 41.087, 41.347, 42.035, 42.575, 42.624, 42.566, 42.745, 42.572, 41.935, 41.239, 40.707, 40.644, 40.584, 40.144, 39.381, 39.1, 39.229, 38.956, 38.874, 39.003, 39.083, 39.477, 40.049, 39.951, 39.556, 39.37, 38.906, 38.397, 38.214, 37.496, 36.147, 35.793, 36.277, 35.562, 34.104, 33.451, 33.449, 33.544, 21.361], [20.914, 19.438, 18.426, 16.798, 13.836, 11.129, 9.372, 6.241, 0.0, 7.296, 13.04, 16.252, 17.766, 19.672, 22.126, 23.151, 23.378, 24.745, 26.295, 27.257, 28.235, 29.564, 30.716, 31.438, 31.818, 32.557, 34.042, 35.235, 35.528, 35.513, 35.912, 36.525, 36.799, 36.575, 36.228, 36.406, 36.79, 36.491, 35.415, 34.69, 34.758, 34.479, 33.776, 33.453, 33.361, 33.198, 33.362, 33.836, 33.998, 33.684, 33.614, 33.983, 34.026, 33.71, 33.561, 33.049, 32.453, 32.524, 32.846, 32.982, 33.105, 33.421, 33.161, 32.797, 33.173, 33.505, 33.177, 32.619, 32.498, 32.803, 33.117, 33.277, 33.873, 34.688, 34.874, 34.851, 35.395, 36.046, 36.095, 36.087, 36.311, 37.002, 37.963, 38.392, 38.397, 37.989, 37.266, 37.496, 40.0, 42.132, 41.006, 39.575, 39.968, 40.522, 40.367, 39.342, 38.493, 38.976, 39.392, 38.783, 38.992, 40.44, 40.838, 40.245, 40.277, 40.914, 41.015, 40.781, 41.052, 41.71, 42.195, 42.255, 42.241, 42.417, 42.241, 41.628, 40.949, 40.421, 40.357, 40.295, 39.858, 39.115, 38.856, 38.998, 38.731, 38.656, 38.789, 38.862, 39.247, 39.818, 39.73, 39.368, 39.233, 38.779, 38.252, 38.1, 37.46, 36.169, 35.832, 36.301, 35.563, 34.091, 33.436, 33.426, 33.491, 22.612], [22.629, 21.426, 20.681, 19.414, 17.22, 15.267, 14.041, 12.029, 7.296, 0.0, 7.471, 12.318, 14.489, 16.799, 19.657, 20.797, 21.186, 22.897, 24.637, 25.755, 27.07, 28.723, 29.989, 30.768, 31.242, 32.022, 33.464, 34.598, 34.855, 34.876, 35.394, 36.122, 36.428, 36.203, 35.937, 36.263, 36.776, 36.569, 35.526, 34.782, 34.832, 34.569, 33.873, 33.543, 33.449, 33.269, 33.407, 33.905, 34.125, 33.839, 33.756, 34.107, 34.145, 33.83, 33.69, 33.17, 32.55, 32.605, 32.925, 33.084, 33.242, 33.561, 33.27, 32.924, 33.333, 33.683, 33.384, 32.869, 32.791, 33.14, 33.486, 33.662, 34.226, 34.967, 35.119, 35.09, 35.605, 36.229, 36.272, 36.289, 36.534, 37.21, 38.157, 38.605, 38.618, 38.202, 37.477, 37.703, 40.174, 42.266, 41.113, 39.668, 40.048, 40.608, 40.474, 39.483, 38.644, 39.099, 39.487, 38.871, 39.079, 40.53, 40.94, 40.36, 40.373, 40.952, 41.008, 40.765, 41.029, 41.648, 42.088, 42.16, 42.172, 42.317, 42.152, 41.595, 40.933, 40.397, 40.335, 40.289, 39.861, 39.122, 38.854, 38.982, 38.727, 38.675, 38.802, 38.841, 39.173, 39.717, 39.646, 39.33, 39.248, 38.813, 38.29, 38.18, 37.61, 36.384, 36.087, 36.527, 35.714, 34.207, 33.598, 33.601, 33.633, 24.229], [24.152, 23.161, 22.651, 21.663, 20.051, 18.721, 17.622, 16.069, 13.04, 7.471, 0.0, 6.507, 10.356, 13.924, 17.336, 18.618, 19.183, 21.165, 23.021, 24.317, 26.068, 28.107, 29.537, 30.412, 30.989, 31.827, 33.247, 34.34, 34.57, 34.591, 35.148, 35.954, 36.297, 36.066, 35.82, 36.246, 36.885, 36.76, 35.738, 34.969, 34.998, 34.757, 34.073, 33.704, 33.582, 33.404, 33.536, 34.026, 34.28, 34.042, 33.956, 34.294, 34.323, 34.008, 33.876, 33.351, 32.732, 32.796, 33.108, 33.273, 33.486, 33.864, 33.556, 33.168, 33.582, 33.998, 33.764, 33.272, 33.194, 33.534, 33.876, 34.058, 34.621, 35.345, 35.478, 35.429, 35.946, 36.603, 36.65, 36.66, 36.909, 37.564, 38.485, 38.948, 38.994, 38.621, 37.902, 38.094, 40.569, 42.7, 41.602, 40.207, 40.584, 41.134, 41.002, 40.03, 39.224, 39.694, 40.074, 39.42, 39.591, 41.038, 41.462, 40.878, 40.89, 41.446, 41.462, 41.193, 41.436, 42.055, 42.514, 42.595, 42.573, 42.672, 42.53, 42.034, 41.399, 40.858, 40.798, 40.777, 40.362, 39.61, 39.303, 39.379, 39.11, 39.065, 39.179, 39.169, 39.424, 39.916, 39.84, 39.54, 39.477, 39.058, 38.556, 38.413, 37.761, 36.523, 36.266, 36.68, 35.789, 34.301, 33.793, 33.841, 33.873, 25.685], [25.418, 24.494, 24.109, 23.322, 22.008, 20.944, 19.941, 18.525, 16.252, 12.318, 6.507, 0.0, 5.761, 11.696, 15.968, 17.382, 17.993, 20.074, 21.982, 23.424, 25.469, 27.734, 29.278, 30.242, 30.866, 31.725, 33.175, 34.285, 34.512, 34.521, 35.083, 35.921, 36.296, 36.09, 35.845, 36.293, 36.997, 36.947, 35.977, 35.189, 35.174, 34.934, 34.265, 33.875, 33.739, 33.561, 33.684, 34.17, 34.446, 34.247, 34.177, 34.52, 34.573, 34.293, 34.18, 33.696, 33.149, 33.244, 33.532, 33.683, 33.934, 34.367, 34.077, 33.646, 34.014, 34.445, 34.256, 33.79, 33.696, 33.998, 34.306, 34.469, 35.027, 35.772, 35.904, 35.823, 36.339, 37.018, 37.054, 37.035, 37.259, 37.864, 38.753, 39.219, 39.273, 38.936, 38.255, 38.429, 40.846, 42.962, 41.93, 40.597, 40.949, 41.466, 41.335, 40.394, 39.647, 40.142, 40.52, 39.871, 40.051, 41.511, 41.962, 41.404, 41.431, 41.98, 41.985, 41.714, 41.942, 42.567, 43.075, 43.192, 43.138, 43.208, 43.097, 42.637, 42.024, 41.496, 41.432, 41.415, 41.016, 40.266, 39.919, 39.934, 39.631, 39.57, 39.668, 39.616, 39.801, 40.235, 40.123, 39.817, 39.767, 39.38, 38.909, 38.717, 37.969, 36.71, 36.478, 36.859, 35.893, 34.42, 34.01, 34.123, 34.188, 26.88], [26.158, 25.273, 24.931, 24.283, 23.203, 22.304, 21.402, 19.993, 17.766, 14.489, 10.356, 5.761, 0.0, 7.6, 13.125, 14.916, 15.449, 17.787, 19.986, 21.627, 23.937, 26.433, 28.095, 29.158, 29.851, 30.789, 32.379, 33.593, 33.846, 33.861, 34.488, 35.425, 35.862, 35.694, 35.486, 35.982, 36.762, 36.799, 35.892, 35.115, 35.079, 34.82, 34.126, 33.712, 33.561, 33.355, 33.458, 33.957, 34.255, 34.067, 34.004, 34.36, 34.426, 34.16, 34.058, 33.582, 33.045, 33.131, 33.406, 33.557, 33.804, 34.255, 33.971, 33.501, 33.844, 34.294, 34.134, 33.674, 33.583, 33.898, 34.207, 34.368, 34.961, 35.754, 35.892, 35.802, 36.326, 36.997, 37.01, 36.981, 37.202, 37.802, 38.697, 39.178, 39.231, 38.882, 38.21, 38.402, 40.824, 42.95, 41.93, 40.591, 40.925, 41.433, 41.307, 40.351, 39.596, 40.098, 40.475, 39.835, 40.048, 41.557, 42.039, 41.51, 41.568, 42.111, 42.101, 41.839, 42.072, 42.689, 43.21, 43.342, 43.288, 43.379, 43.302, 42.855, 42.229, 41.689, 41.623, 41.609, 41.207, 40.438, 40.064, 40.058, 39.726, 39.639, 39.727, 39.664, 39.848, 40.285, 40.159, 39.849, 39.817, 39.444, 38.984, 38.795, 38.016, 36.715, 36.492, 36.89, 35.853, 34.263, 33.849, 33.988, 34.065, 27.531], [27.117, 26.313, 25.983, 25.433, 24.586, 23.878, 23.093, 21.756, 19.672, 16.799, 13.924, 11.696, 7.6, 0.0, 6.901, 9.636, 10.262, 13.391, 16.384, 18.494, 21.308, 24.241, 26.101, 27.267, 28.088, 29.229, 31.072, 32.446, 32.748, 32.792, 33.529, 34.613, 35.129, 35.01, 34.88, 35.47, 36.323, 36.411, 35.558, 34.861, 34.885, 34.615, 33.883, 33.457, 33.284, 33.03, 33.084, 33.534, 33.803, 33.604, 33.54, 33.908, 33.966, 33.682, 33.583, 33.096, 32.506, 32.548, 32.831, 33.0, 33.218, 33.673, 33.421, 32.95, 33.275, 33.748, 33.615, 33.151, 33.071, 33.425, 33.757, 33.929, 34.568, 35.398, 35.541, 35.457, 35.984, 36.641, 36.646, 36.632, 36.88, 37.506, 38.426, 38.933, 38.996, 38.634, 37.963, 38.181, 40.636, 42.792, 41.768, 40.404, 40.733, 41.233, 41.1, 40.114, 39.324, 39.826, 40.214, 39.594, 39.852, 41.4, 41.874, 41.332, 41.391, 41.894, 41.837, 41.58, 41.839, 42.454, 42.963, 43.08, 43.033, 43.166, 43.127, 42.709, 42.077, 41.513, 41.451, 41.446, 41.023, 40.209, 39.8, 39.798, 39.471, 39.373, 39.455, 39.405, 39.618, 40.082, 39.959, 39.651, 39.643, 39.285, 38.834, 38.689, 37.931, 36.599, 36.376, 36.809, 35.749, 34.047, 33.584, 33.717, 33.783, 28.354], [28.606, 27.89, 27.583, 27.073, 26.361, 25.796, 25.122, 23.934, 22.126, 19.657, 17.336, 15.968, 13.125, 6.901, 0.0, 3.957, 6.119, 10.714, 14.319, 16.96, 20.335, 23.556, 25.514, 26.712, 27.635, 28.917, 30.853, 32.268, 32.605, 32.686, 33.465, 34.588, 35.121, 35.056, 35.013, 35.635, 36.472, 36.56, 35.751, 35.142, 35.237, 34.985, 34.268, 33.866, 33.693, 33.419, 33.42, 33.759, 33.953, 33.764, 33.717, 34.075, 34.115, 33.827, 33.733, 33.275, 32.692, 32.708, 32.993, 33.168, 33.351, 33.786, 33.602, 33.198, 33.489, 33.915, 33.79, 33.361, 33.295, 33.639, 33.96, 34.121, 34.738, 35.538, 35.68, 35.606, 36.097, 36.727, 36.733, 36.715, 36.962, 37.578, 38.477, 38.993, 39.078, 38.741, 38.119, 38.333, 40.674, 42.758, 41.753, 40.435, 40.763, 41.241, 41.106, 40.163, 39.415, 39.904, 40.294, 39.715, 39.983, 41.483, 41.927, 41.386, 41.409, 41.83, 41.716, 41.46, 41.725, 42.326, 42.814, 42.909, 42.862, 43.011, 42.999, 42.621, 42.024, 41.474, 41.422, 41.425, 41.004, 40.189, 39.769, 39.771, 39.462, 39.363, 39.435, 39.394, 39.624, 40.092, 39.979, 39.688, 39.703, 39.379, 38.963, 38.86, 38.156, 36.884, 36.66, 37.066, 36.035, 34.385, 33.933, 34.051, 34.098, 29.728], [29.333, 28.645, 28.345, 27.84, 27.16, 26.635, 26.007, 24.882, 23.151, 20.797, 18.618, 17.382, 14.916, 9.636, 3.957, 0.0, 4.539, 10.262, 13.955, 16.728, 20.331, 23.585, 25.552, 26.784, 27.756, 29.079, 31.02, 32.425, 32.78, 32.892, 33.684, 34.791, 35.314, 35.272, 35.26, 35.88, 36.703, 36.794, 35.991, 35.384, 35.489, 35.257, 34.549, 34.141, 33.971, 33.703, 33.686, 33.984, 34.158, 33.98, 33.942, 34.288, 34.329, 34.055, 33.962, 33.529, 32.981, 33.004, 33.287, 33.461, 33.631, 34.049, 33.877, 33.488, 33.776, 34.19, 34.057, 33.64, 33.577, 33.913, 34.232, 34.394, 35.001, 35.791, 35.935, 35.862, 36.347, 36.978, 36.979, 36.942, 37.179, 37.783, 38.656, 39.162, 39.256, 38.934, 38.329, 38.54, 40.822, 42.853, 41.843, 40.539, 40.861, 41.339, 41.213, 40.294, 39.569, 40.055, 40.44, 39.861, 40.109, 41.577, 42.018, 41.486, 41.494, 41.883, 41.757, 41.506, 41.763, 42.353, 42.835, 42.926, 42.877, 43.034, 43.026, 42.652, 42.068, 41.527, 41.481, 41.493, 41.087, 40.289, 39.87, 39.869, 39.563, 39.464, 39.529, 39.485, 39.717, 40.186, 40.078, 39.792, 39.811, 39.503, 39.111, 39.027, 38.351, 37.113, 36.891, 37.278, 36.259, 34.651, 34.216, 34.332, 34.371, 30.42], [29.259, 28.598, 28.307, 27.821, 27.187, 26.714, 26.103, 25.007, 23.378, 21.186, 19.183, 17.993, 15.449, 10.262, 6.119, 4.539, 0.0, 6.667, 11.248, 14.51, 18.336, 21.817, 23.924, 25.27, 26.327, 27.777, 29.892, 31.399, 31.778, 31.916, 32.785, 33.985, 34.552, 34.52, 34.543, 35.232, 36.131, 36.28, 35.523, 34.95, 35.063, 34.807, 34.09, 33.705, 33.543, 33.257, 33.238, 33.578, 33.782, 33.588, 33.542, 33.908, 33.963, 33.684, 33.577, 33.134, 32.588, 32.625, 32.919, 33.077, 33.229, 33.67, 33.497, 33.051, 33.324, 33.76, 33.639, 33.216, 33.156, 33.509, 33.839, 34.0, 34.614, 35.433, 35.594, 35.517, 36.026, 36.69, 36.707, 36.683, 36.928, 37.548, 38.439, 38.943, 39.039, 38.724, 38.103, 38.311, 40.667, 42.776, 41.795, 40.49, 40.819, 41.297, 41.167, 40.235, 39.484, 39.966, 40.348, 39.749, 39.995, 41.5, 41.959, 41.419, 41.449, 41.86, 41.715, 41.445, 41.709, 42.305, 42.781, 42.859, 42.799, 42.96, 42.959, 42.578, 41.964, 41.4, 41.359, 41.382, 40.97, 40.168, 39.766, 39.789, 39.477, 39.357, 39.413, 39.369, 39.609, 40.092, 39.985, 39.694, 39.717, 39.41, 38.999, 38.888, 38.181, 36.901, 36.666, 37.068, 36.022, 34.342, 33.875, 33.995, 34.05, 30.318], [29.722, 29.135, 28.894, 28.493, 28.001, 27.658, 27.106, 26.114, 24.745, 22.897, 21.165, 20.074, 17.787, 13.391, 10.714, 10.262, 6.667, 0.0, 5.911, 10.834, 15.467, 19.286, 21.521, 22.972, 24.118, 25.681, 27.973, 29.611, 30.029, 30.188, 31.156, 32.521, 33.178, 33.188, 33.32, 34.132, 35.125, 35.387, 34.806, 34.41, 34.572, 34.28, 33.624, 33.381, 33.283, 32.981, 32.957, 33.349, 33.592, 33.397, 33.339, 33.691, 33.748, 33.466, 33.347, 32.922, 32.421, 32.477, 32.762, 32.895, 33.002, 33.449, 33.304, 32.818, 33.037, 33.484, 33.436, 33.057, 33.011, 33.365, 33.685, 33.817, 34.389, 35.209, 35.404, 35.329, 35.833, 36.5, 36.53, 36.526, 36.781, 37.408, 38.318, 38.82, 38.91, 38.607, 37.982, 38.166, 40.538, 42.721, 41.826, 40.564, 40.894, 41.343, 41.203, 40.279, 39.521, 39.98, 40.342, 39.741, 40.005, 41.537, 42.01, 41.471, 41.517, 41.932, 41.733, 41.433, 41.711, 42.299, 42.749, 42.796, 42.716, 42.877, 42.901, 42.525, 41.89, 41.312, 41.284, 41.321, 40.91, 40.139, 39.804, 39.883, 39.572, 39.418, 39.464, 39.419, 39.652, 40.132, 40.023, 39.739, 39.783, 39.482, 39.043, 38.89, 38.156, 36.863, 36.609, 36.987, 35.931, 34.238, 33.745, 33.858, 33.934, 30.704], [30.456, 29.92, 29.724, 29.412, 29.065, 28.851, 28.375, 27.487, 26.295, 24.637, 23.021, 21.982, 19.986, 16.384, 14.319, 13.955, 11.248, 5.911, 0.0, 6.717, 13.05, 17.577, 19.952, 21.539, 22.84, 24.471, 26.808, 28.494, 28.958, 29.146, 30.145, 31.592, 32.319, 32.387, 32.6, 33.48, 34.515, 34.862, 34.435, 34.172, 34.369, 34.063, 33.458, 33.334, 33.313, 33.008, 32.954, 33.357, 33.624, 33.452, 33.388, 33.7, 33.756, 33.496, 33.376, 32.994, 32.571, 32.649, 32.915, 33.034, 33.117, 33.546, 33.41, 32.913, 33.093, 33.543, 33.572, 33.265, 33.236, 33.576, 33.883, 33.993, 34.517, 35.311, 35.517, 35.444, 35.936, 36.588, 36.612, 36.614, 36.871, 37.484, 38.384, 38.883, 38.975, 38.675, 38.053, 38.224, 40.555, 42.725, 41.871, 40.646, 40.962, 41.387, 41.244, 40.344, 39.604, 40.044, 40.385, 39.788, 40.064, 41.6, 42.089, 41.575, 41.629, 42.026, 41.784, 41.465, 41.736, 42.302, 42.732, 42.764, 42.67, 42.828, 42.87, 42.502, 41.877, 41.313, 41.295, 41.34, 40.94, 40.2, 39.921, 40.048, 39.746, 39.575, 39.611, 39.557, 39.763, 40.219, 40.104, 39.819, 39.867, 39.567, 39.108, 38.916, 38.171, 36.903, 36.649, 36.993, 35.956, 34.346, 33.897, 34.021, 34.107, 31.385], [30.939, 30.403, 30.258, 30.017, 29.743, 29.579, 29.151, 28.341, 27.257, 25.755, 24.317, 23.424, 21.627, 18.494, 16.96, 16.728, 14.51, 10.834, 6.717, 0.0, 8.282, 14.635, 17.738, 19.681, 21.27, 23.118, 25.647, 27.486, 28.057, 28.358, 29.472, 30.988, 31.77, 31.887, 32.115, 33.008, 34.081, 34.478, 34.1, 33.847, 34.028, 33.706, 33.108, 33.03, 33.046, 32.745, 32.696, 33.115, 33.37, 33.183, 33.129, 33.438, 33.495, 33.24, 33.11, 32.734, 32.35, 32.454, 32.719, 32.837, 32.925, 33.364, 33.243, 32.768, 32.949, 33.397, 33.443, 33.159, 33.139, 33.482, 33.806, 33.941, 34.458, 35.232, 35.444, 35.378, 35.88, 36.537, 36.564, 36.584, 36.85, 37.45, 38.329, 38.824, 38.919, 38.604, 37.97, 38.139, 40.46, 42.612, 41.741, 40.488, 40.789, 41.21, 41.078, 40.201, 39.47, 39.889, 40.217, 39.658, 40.011, 41.595, 42.112, 41.625, 41.686, 42.072, 41.805, 41.472, 41.727, 42.269, 42.686, 42.716, 42.622, 42.77, 42.796, 42.404, 41.787, 41.24, 41.222, 41.25, 40.821, 40.059, 39.79, 39.942, 39.664, 39.498, 39.537, 39.488, 39.678, 40.116, 39.989, 39.679, 39.7, 39.395, 38.916, 38.672, 37.919, 36.671, 36.426, 36.786, 35.796, 34.26, 33.883, 34.045, 34.15, 31.889], [31.564, 31.045, 30.962, 30.76, 30.468, 30.296, 29.907, 29.17, 28.235, 27.07, 26.068, 25.469, 23.937, 21.308, 20.335, 20.331, 18.336, 15.467, 13.05, 8.282, 0.0, 8.272, 13.001, 15.942, 17.792, 19.966, 23.093, 25.399, 26.278, 26.906, 28.394, 30.146, 31.005, 31.147, 31.38, 32.262, 33.353, 33.795, 33.461, 33.249, 33.438, 33.114, 32.586, 32.599, 32.648, 32.401, 32.489, 33.012, 33.237, 32.963, 32.906, 33.253, 33.321, 33.054, 32.901, 32.495, 32.124, 32.247, 32.507, 32.61, 32.713, 33.189, 33.099, 32.664, 32.866, 33.314, 33.359, 33.062, 33.014, 33.339, 33.669, 33.834, 34.371, 35.145, 35.376, 35.314, 35.816, 36.487, 36.542, 36.583, 36.841, 37.449, 38.319, 38.778, 38.85, 38.533, 37.906, 38.074, 40.387, 42.525, 41.638, 40.368, 40.669, 41.1, 40.99, 40.122, 39.398, 39.808, 40.131, 39.609, 40.032, 41.659, 42.192, 41.711, 41.762, 42.137, 41.866, 41.534, 41.778, 42.299, 42.707, 42.738, 42.646, 42.783, 42.759, 42.285, 41.629, 41.093, 41.076, 41.064, 40.572, 39.772, 39.505, 39.672, 39.41, 39.254, 39.305, 39.264, 39.435, 39.842, 39.713, 39.421, 39.463, 39.178, 38.713, 38.484, 37.791, 36.6, 36.359, 36.746, 35.843, 34.376, 34.01, 34.177, 34.294, 32.47], [32.566, 32.12, 32.05, 31.86, 31.552, 31.374, 31.036, 30.362, 29.564, 28.723, 28.107, 27.734, 26.433, 24.241, 23.556, 23.585, 21.817, 19.286, 17.577, 14.635, 8.272, 0.0, 6.607, 11.682, 13.942, 16.099, 19.845, 22.704, 23.942, 24.962, 26.953, 29.086, 30.035, 30.19, 30.496, 31.411, 32.498, 32.997, 32.767, 32.642, 32.849, 32.546, 32.144, 32.31, 32.427, 32.244, 32.508, 33.224, 33.515, 33.195, 33.115, 33.482, 33.581, 33.35, 33.187, 32.765, 32.42, 32.535, 32.761, 32.84, 32.94, 33.435, 33.356, 32.922, 33.135, 33.594, 33.674, 33.391, 33.309, 33.596, 33.903, 34.054, 34.593, 35.397, 35.659, 35.601, 36.098, 36.762, 36.809, 36.844, 37.098, 37.715, 38.575, 38.995, 39.049, 38.747, 38.152, 38.337, 40.606, 42.693, 41.811, 40.557, 40.856, 41.309, 41.222, 40.328, 39.594, 40.023, 40.35, 39.796, 40.184, 41.777, 42.294, 41.816, 41.848, 42.186, 41.915, 41.6, 41.842, 42.354, 42.757, 42.784, 42.69, 42.843, 42.79, 42.256, 41.573, 41.061, 41.055, 41.019, 40.484, 39.669, 39.424, 39.617, 39.353, 39.18, 39.222, 39.167, 39.3, 39.664, 39.553, 39.333, 39.445, 39.203, 38.787, 38.643, 38.066, 36.97, 36.744, 37.137, 36.337, 34.984, 34.574, 34.685, 34.786, 33.275], [33.299, 32.971, 32.883, 32.695, 32.454, 32.349, 32.08, 31.456, 30.716, 29.989, 29.537, 29.278, 28.095, 26.101, 25.514, 25.552, 23.924, 21.521, 19.952, 17.738, 13.001, 6.607, 0.0, 6.796, 10.171, 12.614, 16.644, 19.804, 21.209, 22.436, 24.83, 27.369, 28.464, 28.683, 29.161, 30.228, 31.381, 32.011, 32.008, 32.059, 32.288, 31.969, 31.623, 31.927, 32.138, 31.97, 32.286, 33.127, 33.516, 33.246, 33.188, 33.54, 33.656, 33.445, 33.272, 32.902, 32.645, 32.772, 32.972, 33.011, 33.061, 33.543, 33.474, 33.004, 33.135, 33.576, 33.727, 33.507, 33.438, 33.702, 33.976, 34.098, 34.622, 35.438, 35.727, 35.671, 36.16, 36.802, 36.818, 36.847, 37.109, 37.717, 38.585, 39.014, 39.061, 38.77, 38.215, 38.416, 40.641, 42.7, 41.855, 40.636, 40.935, 41.391, 41.311, 40.407, 39.653, 40.093, 40.429, 39.848, 40.229, 41.796, 42.273, 41.785, 41.82, 42.163, 41.909, 41.617, 41.869, 42.394, 42.814, 42.839, 42.745, 42.909, 42.872, 42.349, 41.68, 41.182, 41.179, 41.144, 40.603, 39.781, 39.532, 39.729, 39.468, 39.293, 39.325, 39.257, 39.376, 39.719, 39.603, 39.396, 39.529, 39.311, 38.923, 38.81, 38.286, 37.235, 37.01, 37.385, 36.623, 35.293, 34.812, 34.867, 34.954, 33.815], [33.659, 33.434, 33.337, 33.135, 32.947, 32.924, 32.716, 32.133, 31.438, 30.768, 30.412, 30.242, 29.158, 27.267, 26.712, 26.784, 25.27, 22.972, 21.539, 19.681, 15.942, 11.682, 6.796, 0.0, 5.025, 9.395, 13.949, 17.11, 18.536, 19.891, 22.577, 25.472, 26.754, 27.099, 27.786, 29.03, 30.274, 31.035, 31.276, 31.585, 31.91, 31.583, 31.287, 31.713, 31.991, 31.83, 32.159, 33.002, 33.403, 33.218, 33.232, 33.556, 33.636, 33.397, 33.219, 32.946, 32.792, 32.946, 33.143, 33.151, 33.148, 33.598, 33.537, 33.028, 33.057, 33.463, 33.672, 33.526, 33.48, 33.711, 33.944, 34.048, 34.566, 35.38, 35.676, 35.617, 36.085, 36.698, 36.679, 36.682, 36.937, 37.518, 38.378, 38.816, 38.856, 38.576, 38.062, 38.269, 40.448, 42.508, 41.732, 40.583, 40.902, 41.336, 41.241, 40.368, 39.63, 40.076, 40.415, 39.83, 40.226, 41.779, 42.221, 41.718, 41.771, 42.158, 41.937, 41.668, 41.927, 42.467, 42.922, 42.962, 42.848, 42.994, 43.005, 42.549, 41.909, 41.412, 41.405, 41.373, 40.843, 40.008, 39.71, 39.863, 39.594, 39.412, 39.427, 39.349, 39.478, 39.824, 39.685, 39.443, 39.559, 39.35, 38.969, 38.849, 38.335, 37.298, 37.055, 37.395, 36.618, 35.262, 34.719, 34.745, 34.843, 34.064], [33.943, 33.747, 33.657, 33.455, 33.252, 33.229, 33.052, 32.488, 31.818, 31.242, 30.989, 30.866, 29.851, 28.088, 27.635, 27.756, 26.327, 24.118, 22.84, 21.27, 17.792, 13.942, 10.171, 5.025, 0.0, 6.125, 11.836, 15.303, 16.757, 18.301, 21.292, 24.411, 25.784, 26.2, 26.982, 28.282, 29.553, 30.367, 30.691, 31.13, 31.542, 31.248, 31.037, 31.571, 31.89, 31.789, 32.254, 33.166, 33.549, 33.396, 33.501, 33.864, 33.928, 33.663, 33.483, 33.233, 33.097, 33.256, 33.449, 33.456, 33.441, 33.862, 33.802, 33.3, 33.312, 33.701, 33.916, 33.785, 33.731, 33.939, 34.15, 34.241, 34.758, 35.585, 35.881, 35.817, 36.275, 36.869, 36.821, 36.804, 37.055, 37.622, 38.447, 38.856, 38.876, 38.59, 38.09, 38.313, 40.482, 42.53, 41.759, 40.638, 40.971, 41.403, 41.303, 40.436, 39.73, 40.206, 40.558, 39.997, 40.42, 41.972, 42.402, 41.902, 41.961, 42.35, 42.136, 41.881, 42.137, 42.658, 43.103, 43.147, 43.023, 43.163, 43.18, 42.737, 42.099, 41.608, 41.599, 41.559, 41.022, 40.172, 39.844, 39.978, 39.711, 39.526, 39.544, 39.477, 39.615, 39.961, 39.823, 39.585, 39.701, 39.498, 39.128, 39.02, 38.523, 37.486, 37.23, 37.562, 36.791, 35.444, 34.897, 34.912, 35.014, 34.305], [34.461, 34.27, 34.186, 34.044, 33.887, 33.885, 33.762, 33.229, 32.557, 32.022, 31.827, 31.725, 30.789, 29.229, 28.917, 29.079, 27.777, 25.681, 24.471, 23.118, 19.966, 16.099, 12.614, 9.395, 6.125, 0.0, 6.975, 11.656, 13.628, 15.598, 19.313, 22.959, 24.489, 25.024, 26.033, 27.493, 28.84, 29.75, 30.198, 30.738, 31.181, 30.916, 30.811, 31.484, 31.889, 31.896, 32.557, 33.634, 34.059, 33.899, 34.07, 34.501, 34.577, 34.313, 34.123, 33.843, 33.673, 33.81, 33.981, 33.986, 33.98, 34.381, 34.346, 33.907, 33.927, 34.288, 34.515, 34.415, 34.361, 34.551, 34.754, 34.834, 35.317, 36.108, 36.388, 36.319, 36.764, 37.334, 37.274, 37.259, 37.506, 38.043, 38.832, 39.222, 39.224, 38.919, 38.426, 38.674, 40.804, 42.777, 41.973, 40.847, 41.168, 41.616, 41.541, 40.69, 40.013, 40.498, 40.846, 40.31, 40.756, 42.282, 42.693, 42.215, 42.277, 42.643, 42.413, 42.163, 42.408, 42.878, 43.267, 43.3, 43.187, 43.315, 43.286, 42.813, 42.189, 41.731, 41.721, 41.675, 41.145, 40.296, 39.973, 40.132, 39.874, 39.684, 39.71, 39.666, 39.813, 40.158, 40.035, 39.821, 39.957, 39.771, 39.418, 39.332, 38.88, 37.9, 37.653, 37.964, 37.248, 35.996, 35.48, 35.475, 35.558, 34.78], [35.329, 35.216, 35.148, 35.08, 35.076, 35.213, 35.176, 34.699, 34.042, 33.464, 33.247, 33.175, 32.379, 31.072, 30.853, 31.02, 29.892, 27.973, 26.808, 25.647, 23.093, 19.845, 16.644, 13.949, 11.836, 6.975, 0.0, 5.953, 9.269, 12.174, 16.725, 21.085, 22.896, 23.648, 25.096, 26.941, 28.478, 29.542, 30.188, 30.877, 31.353, 31.106, 31.062, 31.826, 32.317, 32.409, 33.18, 34.366, 34.851, 34.714, 34.916, 35.363, 35.44, 35.191, 35.015, 34.748, 34.577, 34.701, 34.855, 34.849, 34.819, 35.16, 35.129, 34.727, 34.718, 35.049, 35.314, 35.291, 35.262, 35.427, 35.603, 35.676, 36.121, 36.843, 37.099, 37.022, 37.432, 37.973, 37.906, 37.889, 38.121, 38.609, 39.362, 39.748, 39.739, 39.431, 38.961, 39.203, 41.221, 43.082, 42.276, 41.167, 41.466, 41.923, 41.882, 41.082, 40.434, 40.892, 41.215, 40.71, 41.15, 42.609, 42.996, 42.543, 42.601, 42.956, 42.729, 42.491, 42.721, 43.138, 43.474, 43.506, 43.405, 43.508, 43.461, 42.996, 42.421, 42.009, 42.0, 41.961, 41.456, 40.614, 40.281, 40.462, 40.215, 40.0, 40.001, 39.958, 40.107, 40.443, 40.336, 40.151, 40.314, 40.156, 39.819, 39.747, 39.378, 38.512, 38.278, 38.539, 37.884, 36.753, 36.262, 36.228, 36.283, 35.571], [36.081, 36.058, 36.011, 35.963, 36.048, 36.294, 36.319, 35.883, 35.235, 34.598, 34.34, 34.285, 33.593, 32.446, 32.268, 32.425, 31.399, 29.611, 28.494, 27.486, 25.399, 22.704, 19.804, 17.11, 15.303, 11.656, 5.953, 0.0, 4.875, 9.366, 14.718, 19.586, 21.62, 22.535, 24.395, 26.677, 28.463, 29.666, 30.414, 31.182, 31.709, 31.494, 31.438, 32.189, 32.696, 32.817, 33.628, 34.865, 35.409, 35.35, 35.6, 36.036, 36.105, 35.876, 35.739, 35.521, 35.376, 35.497, 35.649, 35.641, 35.576, 35.848, 35.777, 35.341, 35.302, 35.651, 35.961, 35.984, 35.964, 36.101, 36.247, 36.314, 36.729, 37.4, 37.639, 37.549, 37.927, 38.457, 38.392, 38.369, 38.588, 39.028, 39.745, 40.138, 40.133, 39.831, 39.374, 39.579, 41.498, 43.305, 42.522, 41.429, 41.701, 42.156, 42.132, 41.363, 40.736, 41.177, 41.496, 41.011, 41.405, 42.77, 43.121, 42.681, 42.737, 43.092, 42.889, 42.673, 42.897, 43.279, 43.59, 43.626, 43.528, 43.611, 43.587, 43.168, 42.639, 42.258, 42.253, 42.211, 41.717, 40.882, 40.539, 40.733, 40.5, 40.264, 40.236, 40.178, 40.302, 40.601, 40.499, 40.349, 40.546, 40.42, 40.112, 40.07, 39.776, 38.992, 38.771, 39.0, 38.355, 37.285, 36.81, 36.761, 36.803, 36.265], [36.25, 36.263, 36.223, 36.181, 36.296, 36.576, 36.622, 36.189, 35.528, 34.855, 34.57, 34.512, 33.846, 32.748, 32.605, 32.78, 31.778, 30.029, 28.958, 28.057, 26.278, 23.942, 21.209, 18.536, 16.757, 13.628, 9.269, 4.875, 0.0, 5.809, 12.526, 18.009, 20.179, 21.167, 23.348, 26.006, 28.02, 29.325, 30.093, 30.89, 31.472, 31.271, 31.178, 31.911, 32.43, 32.557, 33.376, 34.665, 35.288, 35.323, 35.647, 36.107, 36.176, 35.964, 35.869, 35.692, 35.564, 35.691, 35.858, 35.864, 35.798, 36.059, 35.961, 35.473, 35.415, 35.785, 36.111, 36.135, 36.111, 36.247, 36.39, 36.453, 36.847, 37.492, 37.729, 37.643, 38.017, 38.554, 38.5, 38.479, 38.689, 39.095, 39.795, 40.204, 40.204, 39.895, 39.418, 39.596, 41.521, 43.357, 42.595, 41.507, 41.778, 42.24, 42.216, 41.439, 40.811, 41.26, 41.575, 41.056, 41.389, 42.683, 42.982, 42.526, 42.594, 42.961, 42.772, 42.567, 42.795, 43.17, 43.471, 43.506, 43.412, 43.485, 43.483, 43.103, 42.595, 42.22, 42.218, 42.173, 41.694, 40.892, 40.572, 40.771, 40.54, 40.302, 40.276, 40.219, 40.326, 40.598, 40.488, 40.345, 40.552, 40.437, 40.146, 40.125, 39.829, 39.039, 38.823, 39.036, 38.342, 37.243, 36.753, 36.692, 36.731, 36.407], [36.0, 36.018, 35.958, 35.954, 36.168, 36.515, 36.573, 36.141, 35.513, 34.876, 34.591, 34.521, 33.861, 32.792, 32.686, 32.892, 31.916, 30.188, 29.146, 28.358, 26.906, 24.962, 22.436, 19.891, 18.301, 15.598, 12.174, 9.366, 5.809, 0.0, 8.039, 14.655, 17.281, 18.462, 21.049, 24.181, 26.51, 27.992, 28.855, 29.744, 30.393, 30.179, 30.042, 30.803, 31.366, 31.493, 32.325, 33.7, 34.437, 34.583, 35.006, 35.546, 35.655, 35.469, 35.416, 35.309, 35.241, 35.406, 35.593, 35.596, 35.526, 35.809, 35.714, 35.186, 35.126, 35.529, 35.869, 35.878, 35.854, 36.01, 36.158, 36.2, 36.579, 37.234, 37.481, 37.402, 37.781, 38.33, 38.294, 38.274, 38.47, 38.863, 39.569, 39.987, 39.989, 39.683, 39.174, 39.328, 41.329, 43.243, 42.506, 41.413, 41.687, 42.149, 42.122, 41.342, 40.696, 41.144, 41.461, 40.888, 41.136, 42.366, 42.599, 42.087, 42.153, 42.544, 42.371, 42.174, 42.411, 42.791, 43.098, 43.136, 43.03, 43.099, 43.134, 42.788, 42.289, 41.911, 41.908, 41.867, 41.421, 40.68, 40.411, 40.62, 40.38, 40.15, 40.158, 40.123, 40.235, 40.507, 40.376, 40.203, 40.391, 40.256, 39.939, 39.905, 39.568, 38.739, 38.526, 38.731, 37.984, 36.81, 36.266, 36.19, 36.233, 36.142], [36.046, 36.075, 35.977, 35.996, 36.329, 36.77, 36.85, 36.44, 35.912, 35.394, 35.148, 35.083, 34.488, 33.529, 33.465, 33.684, 32.785, 31.156, 30.145, 29.472, 28.394, 26.953, 24.83, 22.577, 21.292, 19.313, 16.725, 14.718, 12.526, 8.039, 0.0, 7.873, 11.789, 13.778, 17.056, 20.973, 23.923, 25.803, 26.956, 28.094, 28.873, 28.653, 28.488, 29.317, 29.947, 30.079, 30.965, 32.469, 33.336, 33.621, 34.176, 34.81, 34.995, 34.841, 34.818, 34.848, 34.966, 35.26, 35.492, 35.474, 35.367, 35.645, 35.572, 35.037, 34.976, 35.43, 35.819, 35.831, 35.808, 35.974, 36.103, 36.101, 36.449, 37.103, 37.354, 37.274, 37.628, 38.166, 38.142, 38.119, 38.288, 38.64, 39.334, 39.756, 39.759, 39.482, 38.968, 39.082, 41.106, 43.087, 42.423, 41.357, 41.613, 42.045, 42.022, 41.288, 40.639, 41.051, 41.377, 40.8, 40.964, 42.093, 42.246, 41.662, 41.692, 42.09, 41.937, 41.743, 41.981, 42.388, 42.743, 42.794, 42.656, 42.723, 42.831, 42.572, 42.12, 41.748, 41.742, 41.706, 41.318, 40.673, 40.468, 40.666, 40.406, 40.189, 40.236, 40.231, 40.371, 40.661, 40.498, 40.269, 40.431, 40.276, 39.929, 39.853, 39.466, 38.612, 38.407, 38.592, 37.794, 36.583, 36.024, 35.954, 36.014, 36.151], [36.599, 36.629, 36.51, 36.52, 36.859, 37.289, 37.379, 36.991, 36.525, 36.122, 35.954, 35.921, 35.425, 34.613, 34.588, 34.791, 33.985, 32.521, 31.592, 30.988, 30.146, 29.086, 27.369, 25.472, 24.411, 22.959, 21.085, 19.586, 18.009, 14.655, 7.873, 0.0, 5.422, 9.229, 13.733, 18.39, 21.908, 24.163, 25.624, 27.07, 28.033, 27.862, 27.692, 28.54, 29.194, 29.341, 30.276, 31.838, 32.758, 33.145, 33.805, 34.497, 34.751, 34.637, 34.617, 34.777, 35.15, 35.633, 35.938, 35.907, 35.748, 35.986, 35.928, 35.43, 35.373, 35.833, 36.233, 36.254, 36.228, 36.389, 36.506, 36.477, 36.775, 37.39, 37.633, 37.555, 37.875, 38.39, 38.383, 38.378, 38.529, 38.828, 39.493, 39.915, 39.917, 39.66, 39.165, 39.251, 41.231, 43.21, 42.604, 41.585, 41.823, 42.212, 42.177, 41.475, 40.831, 41.2, 41.528, 40.986, 41.12, 42.147, 42.228, 41.603, 41.602, 41.989, 41.826, 41.61, 41.839, 42.28, 42.685, 42.756, 42.613, 42.69, 42.851, 42.682, 42.306, 41.952, 41.937, 41.89, 41.548, 41.001, 40.858, 41.013, 40.727, 40.519, 40.575, 40.6, 40.778, 41.083, 40.898, 40.636, 40.789, 40.641, 40.306, 40.22, 39.812, 38.958, 38.766, 38.953, 38.141, 36.941, 36.404, 36.362, 36.44, 36.665], [36.848, 36.884, 36.756, 36.764, 37.099, 37.508, 37.604, 37.241, 36.799, 36.428, 36.297, 36.296, 35.862, 35.129, 35.121, 35.314, 34.552, 33.178, 32.319, 31.77, 31.005, 30.035, 28.464, 26.754, 25.784, 24.489, 22.896, 21.62, 20.179, 17.281, 11.789, 5.422, 0.0, 5.566, 11.813, 17.151, 20.898, 23.284, 24.9, 26.544, 27.659, 27.571, 27.413, 28.234, 28.874, 29.037, 29.999, 31.555, 32.461, 32.871, 33.582, 34.316, 34.623, 34.545, 34.54, 34.751, 35.236, 35.817, 36.185, 36.176, 35.993, 36.197, 36.128, 35.649, 35.602, 36.037, 36.407, 36.423, 36.395, 36.555, 36.676, 36.646, 36.929, 37.527, 37.767, 37.693, 38.003, 38.504, 38.507, 38.517, 38.666, 38.964, 39.632, 40.048, 40.037, 39.781, 39.291, 39.369, 41.335, 43.308, 42.699, 41.688, 41.924, 42.292, 42.235, 41.524, 40.868, 41.224, 41.553, 41.022, 41.154, 42.143, 42.178, 41.518, 41.492, 41.868, 41.706, 41.475, 41.694, 42.145, 42.569, 42.659, 42.546, 42.641, 42.789, 42.616, 42.267, 41.92, 41.899, 41.846, 41.519, 41.019, 40.922, 41.064, 40.772, 40.565, 40.617, 40.655, 40.855, 41.162, 40.977, 40.727, 40.891, 40.755, 40.444, 40.393, 40.003, 39.15, 38.972, 39.183, 38.373, 37.161, 36.618, 36.583, 36.667, 36.895], [36.534, 36.579, 36.434, 36.431, 36.78, 37.201, 37.309, 36.981, 36.575, 36.203, 36.066, 36.09, 35.694, 35.01, 35.056, 35.272, 34.52, 33.188, 32.387, 31.887, 31.147, 30.19, 28.683, 27.099, 26.2, 25.024, 23.648, 22.535, 21.167, 18.462, 13.778, 9.229, 5.566, 0.0, 7.673, 14.369, 18.867, 21.555, 23.314, 25.128, 26.382, 26.401, 26.338, 27.229, 27.911, 28.13, 29.198, 30.838, 31.753, 32.145, 32.9, 33.715, 34.081, 34.04, 34.066, 34.306, 34.815, 35.413, 35.825, 35.874, 35.734, 35.951, 35.848, 35.349, 35.318, 35.746, 36.084, 36.068, 36.019, 36.172, 36.299, 36.28, 36.566, 37.163, 37.406, 37.339, 37.66, 38.157, 38.167, 38.195, 38.35, 38.665, 39.355, 39.78, 39.762, 39.493, 38.988, 39.068, 41.086, 43.108, 42.486, 41.457, 41.705, 42.068, 41.979, 41.24, 40.573, 40.937, 41.27, 40.723, 40.849, 41.86, 41.905, 41.232, 41.194, 41.591, 41.474, 41.25, 41.472, 41.953, 42.398, 42.501, 42.406, 42.509, 42.638, 42.437, 42.056, 41.682, 41.659, 41.607, 41.277, 40.785, 40.706, 40.83, 40.529, 40.342, 40.412, 40.452, 40.645, 40.943, 40.748, 40.492, 40.642, 40.499, 40.205, 40.184, 39.782, 38.885, 38.715, 38.957, 38.097, 36.803, 36.234, 36.203, 36.298, 36.581], [36.118, 36.136, 35.971, 35.956, 36.314, 36.74, 36.838, 36.546, 36.228, 35.937, 35.82, 35.845, 35.486, 34.88, 35.013, 35.26, 34.543, 33.32, 32.6, 32.115, 31.38, 30.496, 29.161, 27.786, 26.982, 26.033, 25.096, 24.395, 23.348, 21.049, 17.056, 13.733, 11.813, 7.673, 0.0, 8.199, 14.388, 18.015, 20.122, 22.292, 23.776, 23.936, 24.196, 25.471, 26.324, 26.605, 27.84, 29.632, 30.553, 30.904, 31.731, 32.673, 33.136, 33.146, 33.182, 33.451, 34.052, 34.706, 35.142, 35.255, 35.235, 35.567, 35.486, 34.979, 34.953, 35.376, 35.682, 35.608, 35.507, 35.632, 35.752, 35.727, 36.008, 36.602, 36.853, 36.789, 37.139, 37.679, 37.73, 37.8, 37.985, 38.322, 39.029, 39.466, 39.455, 39.175, 38.669, 38.791, 40.881, 42.95, 42.316, 41.26, 41.517, 41.879, 41.747, 40.97, 40.327, 40.723, 41.053, 40.491, 40.624, 41.706, 41.834, 41.207, 41.187, 41.64, 41.588, 41.38, 41.618, 42.132, 42.577, 42.666, 42.557, 42.657, 42.782, 42.598, 42.193, 41.778, 41.751, 41.