[[0.0, 3.392, 8.13, 14.516, 19.524, 22.039, 23.071, 23.599, 24.327, 26.317, 30.653, 36.308, 40.714, 42.869, 43.438, 43.234, 42.871, 42.673, 42.737, 42.886, 42.95, 42.9, 42.753, 42.364, 41.783, 41.41, 41.512, 41.892, 42.249, 42.461, 42.689, 43.042, 43.471, 43.759, 43.9, 43.919, 43.895, 43.951, 44.007, 44.02, 44.066, 43.968, 43.757, 43.645, 43.692, 43.806, 43.932, 44.114, 44.256, 44.152, 43.843, 43.575, 43.558, 43.815, 44.122, 44.259, 44.243, 44.029, 43.613, 43.268, 43.113, 43.038, 42.961, 42.869, 42.827, 42.863, 42.952, 43.01, 43.056, 43.098, 43.134, 43.081, 42.883, 42.652, 42.593, 42.73, 42.883, 42.946, 42.931, 42.914, 42.919, 43.006, 43.275, 43.723, 44.144, 44.257, 44.01, 43.934, 44.237, 44.711, 45.219, 45.615, 45.906, 46.206, 46.604, 47.084, 47.461, 47.685, 47.959, 48.314, 48.521, 48.458, 48.214, 47.869, 47.542, 47.459, 47.732, 48.214, 48.471, 48.355, 48.355, 49.077, 50.257, 50.708, 49.272, 46.822, 45.046, 44.232, 43.992, 44.195, 44.553, 44.598, 44.375, 44.345, 44.53, 44.755, 44.644, 44.202, 43.872, 44.133, 44.61, 44.68, 44.442, 44.39, 44.782, 45.523, 46.039, 45.991, 45.589, 45.093, 44.635, 44.348, 44.393, 44.643, 44.597, 44.215, 43.806, 43.546, 43.37, 43.127, 42.745, 42.288, 41.964, 41.912, 41.99, 41.996, 41.738, 4.449], [3.392, 0.0, 5.602, 12.722, 18.101, 20.724, 21.731, 22.224, 22.966, 25.022, 29.486, 35.306, 39.852, 42.091, 42.703, 42.523, 42.177, 41.989, 42.059, 42.209, 42.273, 42.224, 42.078, 41.681, 41.087, 40.698, 40.79, 41.169, 41.536, 41.768, 42.008, 42.361, 42.801, 43.122, 43.307, 43.356, 43.334, 43.372, 43.407, 43.411, 43.464, 43.377, 43.17, 43.063, 43.119, 43.243, 43.382, 43.586, 43.753, 43.664, 43.356, 43.084, 43.073, 43.35, 43.684, 43.837, 43.812, 43.579, 43.145, 42.793, 42.641, 42.57, 42.497, 42.411, 42.371, 42.405, 42.491, 42.546, 42.584, 42.613, 42.643, 42.596, 42.401, 42.16, 42.083, 42.211, 42.368, 42.439, 42.433, 42.438, 42.483, 42.625, 42.938, 43.405, 43.835, 43.95, 43.696, 43.62, 43.942, 44.443, 44.971, 45.388, 45.7, 46.019, 46.428, 46.912, 47.292, 47.522, 47.805, 48.17, 48.384, 48.325, 48.078, 47.723, 47.385, 47.295, 47.575, 48.063, 48.312, 48.182, 48.181, 48.926, 50.131, 50.572, 49.084, 46.566, 44.732, 43.875, 43.6, 43.796, 44.165, 44.219, 43.993, 43.949, 44.125, 44.346, 44.232, 43.783, 43.447, 43.714, 44.203, 44.275, 44.027, 43.988, 44.44, 45.258, 45.812, 45.759, 45.341, 44.837, 44.381, 44.105, 44.175, 44.446, 44.395, 43.993, 43.564, 43.287, 43.097, 42.844, 42.46, 42.0, 41.665, 41.601, 41.673, 41.679, 41.411, 6.499], [8.13, 5.602, 0.0, 7.679, 13.804, 16.968, 18.212, 18.741, 19.564, 21.975, 27.034, 33.41, 38.325, 40.77, 41.507, 41.431, 41.182, 41.086, 41.222, 41.4, 41.47, 41.428, 41.299, 40.959, 40.492, 40.282, 40.528, 40.979, 41.364, 41.629, 41.937, 42.351, 42.815, 43.147, 43.355, 43.447, 43.463, 43.51, 43.545, 43.563, 43.64, 43.583, 43.4, 43.301, 43.346, 43.444, 43.563, 43.771, 43.974, 43.932, 43.654, 43.396, 43.401, 43.697, 44.04, 44.189, 44.147, 43.9, 43.455, 43.085, 42.918, 42.847, 42.78, 42.691, 42.64, 42.665, 42.748, 42.796, 42.82, 42.838, 42.872, 42.839, 42.663, 42.43, 42.339, 42.438, 42.576, 42.644, 42.637, 42.629, 42.655, 42.792, 43.113, 43.582, 44.006, 44.112, 43.854, 43.797, 44.155, 44.679, 45.21, 45.623, 45.939, 46.263, 46.662, 47.121, 47.475, 47.686, 47.951, 48.299, 48.507, 48.456, 48.223, 47.885, 47.558, 47.463, 47.731, 48.211, 48.447, 48.307, 48.303, 49.044, 50.236, 50.665, 49.198, 46.733, 44.954, 44.132, 43.856, 44.02, 44.354, 44.43, 44.268, 44.246, 44.396, 44.565, 44.412, 43.954, 43.637, 43.926, 44.423, 44.493, 44.256, 44.247, 44.738, 45.59, 46.164, 46.113, 45.698, 45.214, 44.791, 44.541, 44.617, 44.898, 44.862, 44.472, 44.05, 43.769, 43.576, 43.339, 42.989, 42.561, 42.252, 42.202, 42.277, 42.278, 42.0, 9.994], [14.516, 12.722, 7.679, 0.0, 6.864, 10.979, 12.914, 13.684, 14.606, 17.618, 23.721, 30.978, 36.44, 39.171, 40.075, 40.139, 40.03, 40.065, 40.292, 40.502, 40.576, 40.544, 40.452, 40.221, 39.987, 40.094, 40.618, 41.211, 41.633, 41.93, 42.322, 42.846, 43.367, 43.701, 43.906, 44.039, 44.125, 44.228, 44.304, 44.366, 44.483, 44.466, 44.316, 44.226, 44.248, 44.297, 44.378, 44.574, 44.804, 44.82, 44.594, 44.369, 44.393, 44.697, 45.026, 45.156, 45.096, 44.849, 44.413, 44.03, 43.84, 43.761, 43.697, 43.603, 43.541, 43.563, 43.646, 43.684, 43.686, 43.687, 43.717, 43.696, 43.54, 43.317, 43.2, 43.244, 43.335, 43.385, 43.367, 43.324, 43.297, 43.4, 43.711, 44.165, 44.566, 44.661, 44.43, 44.435, 44.86, 45.411, 45.93, 46.32, 46.631, 46.958, 47.342, 47.762, 48.072, 48.244, 48.474, 48.792, 48.994, 48.956, 48.754, 48.464, 48.184, 48.093, 48.337, 48.797, 49.013, 48.864, 48.843, 49.538, 50.662, 51.055, 49.653, 47.326, 45.685, 44.959, 44.713, 44.833, 45.101, 45.2, 45.131, 45.147, 45.277, 45.383, 45.179, 44.715, 44.438, 44.759, 45.247, 45.304, 45.091, 45.125, 45.652, 46.52, 47.095, 47.036, 46.616, 46.153, 45.79, 45.598, 45.691, 45.992, 45.989, 45.64, 45.246, 44.97, 44.785, 44.589, 44.3, 43.922, 43.645, 43.609, 43.684, 43.675, 43.382, 15.718], [19.524, 18.101, 13.804, 6.864, 0.0, 4.901, 7.862, 9.272, 10.319, 13.744, 20.682, 28.649, 34.582, 37.563, 38.596, 38.755, 38.73, 38.839, 39.12, 39.349, 39.421, 39.395, 39.331, 39.184, 39.134, 39.497, 40.259, 41.0, 41.478, 41.799, 42.245, 42.86, 43.451, 43.8, 43.998, 44.156, 44.312, 44.496, 44.646, 44.77, 44.928, 44.943, 44.818, 44.741, 44.754, 44.781, 44.847, 45.042, 45.289, 45.341, 45.152, 44.953, 44.989, 45.286, 45.583, 45.687, 45.615, 45.373, 44.944, 44.552, 44.345, 44.258, 44.194, 44.1, 44.038, 44.066, 44.151, 44.176, 44.152, 44.123, 44.136, 44.119, 43.975, 43.747, 43.592, 43.58, 43.631, 43.666, 43.638, 43.569, 43.52, 43.626, 43.958, 44.415, 44.804, 44.896, 44.699, 44.766, 45.247, 45.823, 46.336, 46.716, 47.03, 47.373, 47.76, 48.164, 48.447, 48.594, 48.808, 49.126, 49.336, 49.312, 49.138, 48.903, 48.685, 48.624, 48.861, 49.297, 49.489, 49.332, 49.309, 49.977, 51.041, 51.384, 49.999, 47.741, 46.171, 45.5, 45.279, 45.38, 45.609, 45.699, 45.66, 45.714, 45.877, 45.981, 45.753, 45.283, 45.031, 45.37, 45.841, 45.877, 45.674, 45.757, 46.352, 47.276, 47.868, 47.786, 47.326, 46.849, 46.529, 46.419, 46.577, 46.916, 46.928, 46.583, 46.192, 45.911, 45.722, 45.54, 45.277, 44.914, 44.641, 44.601, 44.672, 44.652, 44.329, 20.447], [22.039, 20.724, 16.968, 10.979, 4.901, 0.0, 3.685, 5.987, 7.605, 11.403, 18.627, 26.847, 33.027, 36.173, 37.295, 37.5, 37.5, 37.632, 37.937, 38.178, 38.254, 38.235, 38.183, 38.067, 38.085, 38.562, 39.457, 40.311, 40.852, 41.193, 41.657, 42.31, 42.946, 43.32, 43.525, 43.698, 43.896, 44.146, 44.363, 44.545, 44.74, 44.784, 44.682, 44.62, 44.64, 44.664, 44.731, 44.939, 45.205, 45.284, 45.12, 44.932, 44.969, 45.258, 45.535, 45.621, 45.537, 45.29, 44.854, 44.451, 44.232, 44.139, 44.073, 43.981, 43.926, 43.961, 44.046, 44.06, 44.014, 43.955, 43.945, 43.925, 43.787, 43.545, 43.351, 43.299, 43.33, 43.361, 43.326, 43.252, 43.211, 43.344, 43.707, 44.181, 44.575, 44.676, 44.5, 44.596, 45.103, 45.698, 46.221, 46.605, 46.932, 47.293, 47.697, 48.11, 48.391, 48.529, 48.744, 49.078, 49.304, 49.288, 49.125, 48.923, 48.754, 48.728, 48.973, 49.391, 49.566, 49.411, 49.413, 50.105, 51.165, 51.476, 50.063, 47.787, 46.208, 45.536, 45.314, 45.414, 45.637, 45.706, 45.642, 45.69, 45.878, 46.004, 45.771, 45.284, 45.024, 45.362, 45.829, 45.855, 45.652, 45.765, 46.432, 47.434, 48.067, 47.977, 47.476, 46.966, 46.663, 46.615, 46.836, 47.203, 47.213, 46.848, 46.438, 46.145, 45.945, 45.752, 45.477, 45.101, 44.82, 44.773, 44.839, 44.814, 44.47, 22.87], [23.071, 21.731, 18.212, 12.914, 7.862, 3.685, 0.0, 3.017, 5.867, 10.646, 18.045, 26.218, 32.418, 35.621, 36.786, 37.011, 37.022, 37.169, 37.492, 37.746, 37.83, 37.82, 37.775, 37.663, 37.688, 38.18, 39.11, 40.01, 40.591, 40.949, 41.414, 42.063, 42.704, 43.091, 43.304, 43.483, 43.691, 43.964, 44.21, 44.419, 44.64, 44.708, 44.626, 44.577, 44.604, 44.628, 44.695, 44.907, 45.184, 45.282, 45.136, 44.954, 44.988, 45.275, 45.551, 45.633, 45.545, 45.293, 44.854, 44.448, 44.227, 44.132, 44.063, 43.969, 43.914, 43.949, 44.033, 44.043, 43.988, 43.914, 43.89, 43.863, 43.723, 43.479, 43.273, 43.202, 43.22, 43.243, 43.202, 43.127, 43.092, 43.228, 43.59, 44.06, 44.455, 44.566, 44.404, 44.508, 45.013, 45.603, 46.12, 46.5, 46.827, 47.193, 47.607, 48.031, 48.315, 48.449, 48.661, 49.0, 49.235, 49.223, 49.063, 48.87, 48.719, 48.709, 48.954, 49.362, 49.53, 49.386, 49.412, 50.129, 51.201, 51.504, 50.075, 47.792, 46.214, 45.545, 45.32, 45.415, 45.639, 45.714, 45.648, 45.674, 45.848, 45.975, 45.738, 45.235, 44.954, 45.28, 45.749, 45.778, 45.574, 45.692, 46.379, 47.415, 48.077, 47.998, 47.491, 46.971, 46.671, 46.641, 46.877, 47.246, 47.248, 46.872, 46.451, 46.153, 45.95, 45.751, 45.467, 45.085, 44.806, 44.762, 44.828, 44.802, 44.453, 23.909], [23.599, 22.224, 18.741, 13.684, 9.272, 5.987, 3.017, 0.0, 3.922, 9.937, 17.903, 26.226, 32.446, 35.656, 36.835, 37.078, 37.107, 37.271, 37.607, 37.868, 37.96, 37.958, 37.923, 37.829, 37.876, 38.38, 39.309, 40.211, 40.799, 41.167, 41.638, 42.285, 42.919, 43.302, 43.513, 43.694, 43.901, 44.168, 44.407, 44.615, 44.845, 44.926, 44.858, 44.818, 44.848, 44.869, 44.928, 45.133, 45.406, 45.506, 45.371, 45.197, 45.229, 45.512, 45.79, 45.877, 45.794, 45.548, 45.118, 44.723, 44.509, 44.416, 44.342, 44.239, 44.174, 44.202, 44.283, 44.292, 44.239, 44.168, 44.144, 44.11, 43.965, 43.728, 43.537, 43.472, 43.48, 43.491, 43.445, 43.368, 43.325, 43.44, 43.773, 44.224, 44.611, 44.724, 44.569, 44.672, 45.166, 45.741, 46.241, 46.605, 46.921, 47.281, 47.693, 48.113, 48.392, 48.52, 48.726, 49.062, 49.3, 49.293, 49.135, 48.943, 48.793, 48.783, 49.022, 49.421, 49.586, 49.447, 49.479, 50.194, 51.258, 51.562, 50.151, 47.905, 46.363, 45.715, 45.49, 45.572, 45.794, 45.9, 45.876, 45.895, 46.043, 46.153, 45.91, 45.407, 45.125, 45.448, 45.915, 45.95, 45.753, 45.863, 46.526, 47.541, 48.199, 48.126, 47.627, 47.112, 46.812, 46.776, 47.005, 47.368, 47.367, 46.996, 46.579, 46.281, 46.081, 45.893, 45.619, 45.244, 44.969, 44.928, 44.995, 44.968, 44.623, 24.461], [24.327, 22.966, 19.564, 14.606, 10.319, 7.605, 5.867, 3.922, 0.0, 6.804, 15.708, 24.756, 31.366, 34.726, 35.969, 36.257, 36.321, 36.505, 36.853, 37.126, 37.23, 37.243, 37.226, 37.174, 37.303, 37.907, 38.917, 39.864, 40.465, 40.841, 41.342, 42.04, 42.718, 43.12, 43.338, 43.535, 43.765, 44.047, 44.292, 44.504, 44.738, 44.826, 44.765, 44.731, 44.762, 44.783, 44.841, 45.047, 45.319, 45.418, 45.287, 45.122, 45.155, 45.425, 45.693, 45.782, 45.707, 45.472, 45.057, 44.673, 44.463, 44.366, 44.284, 44.171, 44.095, 44.113, 44.188, 44.194, 44.14, 44.07, 44.047, 44.011, 43.861, 43.622, 43.437, 43.378, 43.384, 43.39, 43.344, 43.273, 43.236, 43.353, 43.684, 44.129, 44.514, 44.629, 44.478, 44.583, 45.081, 45.66, 46.159, 46.52, 46.838, 47.206, 47.621, 48.039, 48.315, 48.442, 48.653, 49.001, 49.248, 49.245, 49.096, 48.92, 48.789, 48.788, 49.027, 49.418, 49.572, 49.43, 49.462, 50.177, 51.241, 51.549, 50.155, 47.931, 46.409, 45.763, 45.521, 45.591, 45.816, 45.932, 45.917, 45.944, 46.096, 46.206, 45.963, 45.47, 45.207, 45.543, 46.011, 46.044, 45.846, 45.961, 46.638, 47.663, 48.312, 48.21, 47.674, 47.126, 46.817, 46.8, 47.063, 47.451, 47.457, 47.079, 46.652, 46.344, 46.139, 45.953, 45.684, 45.309, 45.028, 44.979, 45.04, 45.013, 44.672, 25.156], [26.317, 25.022, 21.975, 17.618, 13.744, 11.403, 10.646, 9.937, 6.804, 0.0, 9.713, 19.921, 27.46, 31.336, 32.837, 33.274, 33.436, 33.687, 34.088, 34.404, 34.544, 34.586, 34.608, 34.638, 34.946, 35.816, 37.087, 38.206, 38.876, 39.28, 39.848, 40.674, 41.482, 41.961, 42.223, 42.473, 42.776, 43.132, 43.434, 43.682, 43.934, 44.03, 43.979, 43.955, 43.994, 44.021, 44.095, 44.326, 44.622, 44.733, 44.614, 44.468, 44.507, 44.753, 44.988, 45.068, 44.996, 44.772, 44.373, 43.997, 43.783, 43.67, 43.571, 43.446, 43.363, 43.371, 43.435, 43.433, 43.367, 43.276, 43.233, 43.196, 43.047, 42.79, 42.581, 42.513, 42.525, 42.542, 42.51, 42.461, 42.465, 42.641, 43.023, 43.485, 43.867, 43.984, 43.848, 43.983, 44.517, 45.132, 45.655, 46.037, 46.385, 46.787, 47.225, 47.656, 47.94, 48.078, 48.315, 48.701, 48.972, 48.972, 48.836, 48.707, 48.634, 48.679, 48.94, 49.323, 49.463, 49.325, 49.382, 50.129, 51.219, 51.53, 50.111, 47.845, 46.286, 45.597, 45.316, 45.382, 45.626, 45.707, 45.616, 45.638, 45.837, 45.988, 45.758, 45.269, 45.018, 45.371, 45.847, 45.868, 45.651, 45.786, 46.559, 47.689, 48.366, 48.21, 47.567, 46.914, 46.575, 46.624, 46.991, 47.45, 47.459, 47.047, 46.582, 46.248, 46.018, 45.802, 45.503, 45.105, 44.809, 44.746, 44.8, 44.775, 44.434, 26.999], [30.653, 29.486, 27.034, 23.721, 20.682, 18.627, 18.045, 17.903, 15.708, 9.713, 0.0, 11.198, 20.088, 25.067, 27.29, 28.162, 28.603, 29.075, 29.659, 30.1, 30.316, 30.422, 30.538, 30.758, 31.432, 32.816, 34.584, 36.036, 36.844, 37.307, 37.984, 38.998, 39.994, 40.59, 40.923, 41.265, 41.701, 42.195, 42.608, 42.933, 43.229, 43.357, 43.336, 43.336, 43.392, 43.428, 43.514, 43.777, 44.11, 44.249, 44.166, 44.066, 44.119, 44.321, 44.481, 44.517, 44.44, 44.238, 43.869, 43.51, 43.291, 43.155, 43.023, 42.873, 42.775, 42.776, 42.832, 42.818, 42.726, 42.589, 42.502, 42.454, 42.317, 42.06, 41.834, 41.755, 41.775, 41.812, 41.796, 41.763, 41.804, 42.047, 42.497, 42.97, 43.322, 43.425, 43.331, 43.55, 44.167, 44.841, 45.393, 45.792, 46.167, 46.607, 47.076, 47.526, 47.819, 47.967, 48.232, 48.666, 48.971, 48.979, 48.863, 48.796, 48.81, 48.927, 49.219, 49.577, 49.695, 49.589, 49.693, 50.471, 51.568, 51.857, 50.406, 48.1, 46.491, 45.738, 45.397, 45.445, 45.702, 45.741, 45.548, 45.549, 45.808, 46.028, 45.835, 45.358, 45.107, 45.465, 45.952, 45.972, 45.741, 45.894, 46.775, 48.04, 48.783, 48.604, 47.859, 47.077, 46.692, 46.827, 47.329, 47.872, 47.89, 47.446, 46.952, 46.593, 46.33, 46.063, 45.707, 45.276, 44.975, 44.912, 44.964, 44.938, 44.594, 31.117], [36.308, 35.306, 33.41, 30.978, 28.649, 26.847, 26.218, 26.226, 24.756, 19.921, 11.198, 0.0, 10.057, 16.721, 20.395, 22.253, 23.333, 24.291, 25.253, 25.926, 26.265, 26.471, 26.768, 27.367, 28.672, 30.806, 33.223, 35.082, 36.051, 36.594, 37.398, 38.604, 39.773, 40.462, 40.847, 41.288, 41.889, 42.559, 43.125, 43.574, 43.95, 44.136, 44.155, 44.179, 44.257, 44.298, 44.378, 44.634, 44.971, 45.123, 45.079, 45.043, 45.121, 45.278, 45.333, 45.286, 45.19, 45.022, 44.702, 44.365, 44.139, 43.977, 43.803, 43.608, 43.483, 43.481, 43.535, 43.51, 43.393, 43.221, 43.098, 43.038, 42.928, 42.728, 42.558, 42.496, 42.504, 42.536, 42.515, 42.454, 42.462, 42.706, 43.179, 43.638, 43.93, 44.002, 43.962, 44.278, 44.968, 45.668, 46.203, 46.568, 46.916, 47.349, 47.818, 48.264, 48.547, 48.685, 48.947, 49.393, 49.721, 49.749, 49.663, 49.655, 49.74, 49.898, 50.177, 50.466, 50.543, 50.467, 50.592, 51.328, 52.354, 52.613, 51.226, 49.025, 47.479, 46.727, 46.342, 46.345, 46.57, 46.575, 46.34, 46.349, 46.662, 46.94, 46.797, 46.359, 46.131, 46.488, 46.982, 47.024, 46.805, 46.95, 47.836, 49.132, 49.923, 49.788, 49.041, 48.196, 47.768, 47.944, 48.524, 49.122, 49.175, 48.762, 48.294, 47.938, 47.652, 47.354, 46.967, 46.538, 46.271, 46.229, 46.283, 46.255, 45.917, 36.606], [40.714, 39.852, 38.325, 36.44, 34.582, 33.027, 32.418, 32.446, 31.366, 27.46, 20.088, 10.057, 0.0, 8.04, 13.472, 16.83, 18.965, 20.641, 22.063, 22.988, 23.457, 23.77, 24.278, 25.322, 27.3, 30.132, 33.091, 35.264, 36.354, 36.978, 37.894, 39.243, 40.527, 41.26, 41.652, 42.157, 42.888, 43.719, 44.457, 45.054, 45.513, 45.741, 45.783, 45.82, 45.916, 45.966, 46.025, 46.237, 46.536, 46.669, 46.641, 46.655, 46.76, 46.881, 46.841, 46.717, 46.607, 46.479, 46.207, 45.886, 45.649, 45.469, 45.27, 45.04, 44.892, 44.89, 44.947, 44.912, 44.777, 44.59, 44.458, 44.39, 44.304, 44.176, 44.094, 44.068, 44.059, 44.065, 44.02, 43.911, 43.862, 44.083, 44.567, 45.032, 45.295, 45.351, 45.357, 45.741, 46.458, 47.133, 47.62, 47.928, 48.222, 48.61, 49.045, 49.464, 49.728, 49.846, 50.079, 50.501, 50.831, 50.883, 50.828, 50.855, 50.97, 51.131, 51.366, 51.579, 51.61, 51.541, 51.649, 52.299, 53.23, 53.479, 52.213, 50.183, 48.759, 48.057, 47.662, 47.62, 47.794, 47.774, 47.565, 47.638, 48.0, 48.317, 48.215, 47.831, 47.652, 48.022, 48.519, 48.584, 48.386, 48.503, 49.316, 50.547, 51.34, 51.262, 50.564, 49.711, 49.245, 49.391, 49.955, 50.555, 50.647, 50.293, 49.871, 49.526, 49.236, 48.942, 48.562, 48.156, 47.924, 47.902, 47.96, 47.931, 47.604, 40.92], [42.869, 42.091, 40.77, 39.171, 37.563, 36.173, 35.621, 35.656, 34.726, 31.336, 25.067, 16.721, 8.04, 0.0, 6.561, 11.454, 14.88, 17.4, 19.266, 20.401, 20.978, 21.382, 22.065, 23.469, 25.963, 29.299, 32.633, 35.02, 36.205, 36.899, 37.896, 39.336, 40.694, 41.454, 41.846, 42.376, 43.177, 44.125, 45.015, 45.736, 46.241, 46.473, 46.52, 46.569, 46.687, 46.757, 46.81, 46.99, 47.25, 47.366, 47.353, 47.392, 47.5, 47.587, 47.505, 47.364, 47.264, 47.164, 46.919, 46.603, 46.36, 46.173, 45.965, 45.723, 45.564, 45.561, 45.617, 45.572, 45.42, 45.219, 45.078, 45.01, 44.934, 44.838, 44.794, 44.789, 44.775, 44.768, 44.705, 44.579, 44.526, 44.78, 45.315, 45.82, 46.104, 46.176, 46.213, 46.636, 47.365, 48.013, 48.471, 48.762, 49.048, 49.427, 49.844, 50.245, 50.501, 50.614, 50.827, 51.228, 51.558, 51.629, 51.593, 51.632, 51.751, 51.905, 52.116, 52.286, 52.286, 52.209, 52.304, 52.917, 53.818, 54.079, 52.866, 50.883, 49.478, 48.783, 48.391, 48.341, 48.49, 48.444, 48.248, 48.376, 48.788, 49.137, 49.059, 48.707, 48.569, 48.962, 49.463, 49.535, 49.344, 49.438, 50.196, 51.375, 52.159, 52.099, 51.406, 50.535, 50.039, 50.153, 50.685, 51.27, 51.374, 51.043, 50.635, 50.291, 50.006, 49.733, 49.375, 48.983, 48.755, 48.735, 48.796, 48.766, 48.429, 43.01], [43.438, 42.703, 41.507, 40.075, 38.596, 37.295, 36.786, 36.835, 35.969, 32.837, 27.29, 20.395, 13.472, 6.561, 0.0, 5.793, 10.349, 13.789, 16.186, 17.557, 18.237, 18.711, 19.517, 21.181, 24.052, 27.765, 31.394, 33.972, 35.261, 36.012, 37.045, 38.52, 39.92, 40.709, 41.117, 41.658, 42.487, 43.508, 44.499, 45.301, 45.832, 46.061, 46.104, 46.16, 46.301, 46.405, 46.484, 46.672, 46.931, 47.07, 47.094, 47.14, 47.235, 47.317, 47.262, 47.154, 47.063, 46.961, 46.708, 46.38, 46.127, 45.934, 45.722, 45.478, 45.312, 45.299, 45.348, 45.299, 45.137, 44.919, 44.771, 44.711, 44.643, 44.535, 44.466, 44.451, 44.442, 44.438, 44.379, 44.281, 44.297, 44.64, 45.25, 45.81, 46.135, 46.231, 46.271, 46.693, 47.43, 48.091, 48.571, 48.895, 49.212, 49.616, 50.048, 50.458, 50.726, 50.848, 51.07, 51.482, 51.824, 51.906, 51.879, 51.919, 52.032, 52.179, 52.384, 52.542, 52.521, 52.43, 52.531, 53.168, 54.097, 54.363, 53.11, 51.042, 49.543, 48.786, 48.381, 48.352, 48.52, 48.454, 48.222, 48.351, 48.796, 49.173, 49.106, 48.757, 48.629, 49.033, 49.536, 49.601, 49.398, 49.49, 50.257, 51.45, 52.24, 52.165, 51.43, 50.522, 50.014, 50.135, 50.678, 51.267, 51.359, 51.003, 50.572, 50.214, 49.925, 49.657, 49.307, 48.906, 48.655, 48.615, 48.674, 48.643, 48.28, 43.522], [43.234, 42.523, 41.431, 40.139, 38.755, 37.5, 37.011, 37.078, 36.257, 33.274, 28.162, 22.253, 16.83, 11.454, 5.793, 0.0, 5.224, 9.557, 12.626, 14.353, 15.181, 15.708, 16.585, 18.444, 21.643, 25.713, 29.634, 32.411, 33.813, 34.61, 35.651, 37.127, 38.55, 39.371, 39.807, 40.365, 41.216, 42.288, 43.348, 44.214, 44.78, 45.018, 45.058, 45.119, 45.286, 45.427, 45.543, 45.762, 46.046, 46.225, 46.292, 46.34, 46.425, 46.532, 46.539, 46.477, 46.389, 46.271, 46.0, 45.651, 45.382, 45.182, 44.975, 44.742, 44.578, 44.552, 44.594, 44.547, 44.384, 44.153, 44.001, 43.959, 43.903, 43.766, 43.644, 43.598, 43.594, 43.601, 43.558, 43.508, 43.615, 44.063, 44.748, 45.355, 45.716, 45.825, 45.847, 46.249, 46.993, 47.694, 48.225, 48.598, 48.956, 49.395, 49.861, 50.302, 50.589, 50.72, 50.963, 51.41, 51.773, 51.861, 51.835, 51.872, 51.976, 52.117, 52.329, 52.495, 52.467, 52.359, 52.468, 53.147, 54.117, 54.372, 53.036, 50.837, 49.207, 48.357, 47.922, 47.919, 48.124, 48.048, 47.756, 47.845, 48.304, 48.708, 48.652, 48.292, 48.149, 48.549, 49.051, 49.103, 48.881, 48.989, 49.821, 51.086, 51.909, 51.809, 51.021, 50.079, 49.577, 49.728, 50.306, 50.915, 50.983, 50.578, 50.102, 49.722, 49.418, 49.134, 48.767, 48.339, 48.054, 47.986, 48.039, 48.012, 47.626, 43.277], [42.871, 42.177, 41.182, 40.03, 38.73, 37.5, 37.022, 37.107, 36.321, 33.436, 28.603, 23.333, 18.965, 14.88, 10.349, 5.224, 0.0, 4.879, 8.596, 10.815, 11.923, 12.554, 13.481, 15.501, 19.039, 23.505, 27.747, 30.727, 32.239, 33.08, 34.128, 35.609, 37.055, 37.905, 38.369, 38.953, 39.834, 40.952, 42.069, 42.996, 43.603, 43.856, 43.9, 43.973, 44.165, 44.337, 44.482, 44.732, 45.045, 45.256, 45.356, 45.41, 45.492, 45.626, 45.69, 45.668, 45.586, 45.46, 45.183, 44.826, 44.55, 44.346, 44.152, 43.943, 43.793, 43.762, 43.801, 43.759, 43.6, 43.36, 43.209, 43.187, 43.144, 42.986, 42.817, 42.744, 42.74, 42.756, 42.726, 42.711, 42.884, 43.41, 44.152, 44.791, 45.171, 45.283, 45.287, 45.674, 46.425, 47.151, 47.713, 48.119, 48.511, 48.983, 49.48, 49.946, 50.244, 50.38, 50.643, 51.124, 51.507, 51.595, 51.564, 51.596, 51.694, 51.831, 52.052, 52.232, 52.205, 52.083, 52.192, 52.904, 53.907, 54.15, 52.742, 50.437, 48.711, 47.798, 47.34, 47.356, 47.593, 47.512, 47.166, 47.209, 47.671, 48.099, 48.052, 47.68, 47.519, 47.914, 48.415, 48.454, 48.215, 48.347, 49.256, 50.607, 51.469, 51.352, 50.521, 49.559, 49.07, 49.25, 49.864, 50.49, 50.535, 50.08, 49.561, 49.16, 48.842, 48.535, 48.135, 47.672, 47.358, 47.27, 47.32, 47.299, 46.904, 42.895], [42.673, 41.989, 41.086, 40.065, 38.839, 37.632, 37.169, 37.271, 36.505, 33.687, 29.075, 24.291, 20.641, 17.4, 13.789, 9.557, 4.879, 0.0, 4.125, 6.917, 8.537, 9.467, 10.52, 12.706, 16.592, 21.473, 26.049, 29.232, 30.846, 31.729, 32.798, 34.306, 35.786, 36.661, 37.145, 37.754, 38.671, 39.832, 41.0, 41.98, 42.62, 42.885, 42.936, 43.024, 43.238, 43.432, 43.604, 43.884, 44.221, 44.447, 44.565, 44.631, 44.714, 44.866, 44.973, 44.989, 44.917, 44.791, 44.518, 44.168, 43.899, 43.702, 43.522, 43.338, 43.206, 43.183, 43.222, 43.183, 43.027, 42.784, 42.636, 42.629, 42.593, 42.42, 42.224, 42.132, 42.126, 42.147, 42.124, 42.125, 42.332, 42.902, 43.68, 44.34, 44.73, 44.842, 44.836, 45.213, 45.961, 46.686, 47.25, 47.669, 48.088, 48.587, 49.1, 49.573, 49.873, 50.016, 50.298, 50.803, 51.194, 51.276, 51.238, 51.266, 51.361, 51.499, 51.728, 51.918, 51.894, 51.763, 51.868, 52.6, 53.626, 53.865, 52.405, 50.03, 48.259, 47.325, 46.861, 46.89, 47.146, 47.057, 46.667, 46.676, 47.133, 47.572, 47.527, 47.146, 46.979, 47.376, 47.876, 47.905, 47.659, 47.812, 48.78, 50.191, 51.076, 50.945, 50.087, 49.114, 48.637, 48.842, 49.483, 50.118, 50.141, 49.648, 49.097, 48.683, 48.358, 48.031, 47.603, 47.118, 46.789, 46.692, 46.741, 46.726, 46.333, 42.689], [42.737, 42.059, 41.222, 40.292, 39.12, 37.937, 37.492, 37.607, 36.853, 34.088, 29.659, 25.253, 22.063, 19.266, 16.186, 12.626, 8.596, 4.125, 0.0, 3.22, 5.481, 6.984, 8.39, 10.78, 14.913, 20.079, 24.893, 28.231, 29.927, 30.844, 31.94, 33.487, 35.005, 35.901, 36.396, 37.024, 37.968, 39.163, 40.369, 41.385, 42.04, 42.306, 42.36, 42.461, 42.691, 42.902, 43.093, 43.396, 43.747, 43.976, 44.105, 44.187, 44.282, 44.447, 44.583, 44.628, 44.566, 44.443, 44.177, 43.838, 43.583, 43.399, 43.231, 43.061, 42.944, 42.931, 42.973, 42.936, 42.78, 42.538, 42.397, 42.397, 42.361, 42.177, 41.969, 41.87, 41.862, 41.885, 41.866, 41.876, 42.095, 42.682, 43.476, 44.146, 44.543, 44.656, 44.642, 45.006, 45.743, 46.457, 47.012, 47.436, 47.869, 48.383, 48.9, 49.366, 49.661, 49.808, 50.104, 50.62, 51.011, 51.086, 51.042, 51.066, 51.16, 51.3, 51.533, 51.729, 51.71, 51.576, 51.677, 52.414, 53.454, 53.694, 52.209, 49.795, 48.005, 47.069, 46.604, 46.638, 46.9, 46.8, 46.381, 46.37, 46.818, 47.254, 47.205, 46.823, 46.663, 47.067, 47.566, 47.591, 47.346, 47.512, 48.506, 49.94, 50.828, 50.687, 49.817, 48.845, 48.385, 48.61, 49.264, 49.9, 49.908, 49.393, 48.828, 48.409, 48.079, 47.743, 47.308, 46.823, 46.493, 46.392, 46.439, 46.429, 46.042, 42.754], [42.886, 42.209, 41.4, 40.502, 39.349, 38.178, 37.746, 37.868, 37.126, 34.404, 30.1, 25.926, 22.988, 20.401, 17.557, 14.353, 10.815, 6.917, 3.22, 0.0, 2.702, 4.875, 6.891, 9.646, 13.965, 19.268, 24.206, 27.64, 29.394, 30.342, 31.464, 33.046, 34.595, 35.508, 36.015, 36.658, 37.622, 38.84, 40.074, 41.109, 41.763, 42.021, 42.075, 42.185, 42.427, 42.649, 42.854, 43.173, 43.529, 43.757, 43.891, 43.993, 44.107, 44.282, 44.434, 44.499, 44.445, 44.324, 44.062, 43.731, 43.485, 43.311, 43.151, 42.988, 42.881, 42.875, 42.92, 42.883, 42.728, 42.49, 42.353, 42.353, 42.309, 42.115, 41.899, 41.801, 41.795, 41.818, 41.804, 41.825, 42.052, 42.645, 43.443, 44.116, 44.516, 44.631, 44.61, 44.96, 45.686, 46.394, 46.948, 47.374, 47.814, 48.332, 48.849, 49.305, 49.589, 49.733, 50.033, 50.551, 50.941, 51.013, 50.967, 50.991, 51.087, 51.23, 51.465, 51.668, 51.659, 51.53, 51.629, 52.367, 53.413, 53.656, 52.16, 49.726, 47.92, 46.974, 46.504, 46.539, 46.802, 46.693, 46.256, 46.234, 46.678, 47.113, 47.064, 46.687, 46.538, 46.947, 47.446, 47.47, 47.227, 47.398, 48.396, 49.834, 50.72, 50.574, 49.702, 48.738, 48.292, 48.525, 49.182, 49.815, 49.814, 49.292, 48.722, 48.299, 47.965, 47.628, 47.201, 46.726, 46.396, 46.287, 46.328, 46.321, 45.94, 42.912], [42.95, 42.273, 41.47, 40.576, 39.421, 38.254, 37.83, 37.96, 37.23, 34.544, 30.316, 26.265, 23.457, 20.978, 18.237, 15.181, 11.923, 8.537, 5.481, 2.702, 0.0, 2.63, 5.333, 8.665, 13.283, 18.703, 23.701, 27.185, 28.98, 29.956, 31.104, 32.717, 34.29, 35.216, 35.733, 36.393, 37.371, 38.605, 39.859, 40.907, 41.558, 41.809, 41.862, 41.976, 42.226, 42.459, 42.676, 43.002, 43.359, 43.585, 43.723, 43.839, 43.968, 44.151, 44.318, 44.403, 44.362, 44.244, 43.981, 43.651, 43.409, 43.239, 43.083, 42.926, 42.825, 42.823, 42.869, 42.834, 42.681, 42.445, 42.306, 42.301, 42.249, 42.043, 41.82, 41.722, 41.721, 41.748, 41.739, 41.774, 42.018, 42.619, 43.421, 44.095, 44.494, 44.609, 44.582, 44.923, 45.641, 46.35, 46.911, 47.345, 47.79, 48.312, 48.831, 49.285, 49.562, 49.699, 49.996, 50.516, 50.908, 50.98, 50.934, 50.963, 51.069, 51.219, 51.459, 51.67, 51.672, 51.552, 51.657, 52.397, 53.443, 53.683, 52.18, 49.731, 47.901, 46.936, 46.46, 46.498, 46.763, 46.646, 46.194, 46.161, 46.609, 47.054, 47.014, 46.643, 46.496, 46.906, 47.404, 47.425, 47.179, 47.351, 48.355, 49.797, 50.682, 50.533, 49.662, 48.701, 48.255, 48.483, 49.136, 49.766, 49.762, 49.236, 48.664, 48.238, 47.901, 47.563, 47.141, 46.668, 46.331, 46.211, 46.246, 46.24, 45.858, 42.978], [42.9, 42.224, 41.428, 40.544, 39.395, 38.235, 37.82, 37.958, 37.243, 34.586, 30.422, 26.471, 23.77, 21.382, 18.711, 15.708, 12.554, 9.467, 6.984, 4.875, 2.63, 0.0, 3.172, 7.189, 12.337, 18.017, 23.108, 26.621, 28.436, 29.441, 30.632, 32.289, 33.895, 34.833, 35.36, 36.037, 37.031, 38.283, 39.563, 40.635, 41.295, 41.542, 41.591, 41.707, 41.964, 42.208, 42.434, 42.763, 43.119, 43.345, 43.489, 43.614, 43.749, 43.935, 44.121, 44.233, 44.21, 44.098, 43.832, 43.497, 43.253, 43.086, 42.937, 42.789, 42.694, 42.692, 42.737, 42.704, 42.552, 42.313, 42.166, 42.159, 42.107, 41.894, 41.659, 41.558, 41.563, 41.596, 41.595, 41.646, 41.91, 42.527, 43.339, 44.016, 44.415, 44.527, 44.495, 44.834, 45.554, 46.268, 46.839, 47.281, 47.733, 48.265, 48.793, 49.253, 49.531, 49.666, 49.964, 50.488, 50.883, 50.953, 50.907, 50.942, 51.059, 51.221, 51.47, 51.687, 51.691, 51.576, 51.692, 52.442, 53.484, 53.716, 52.206, 49.745, 47.888, 46.899, 46.418, 46.464, 46.736, 46.618, 46.151, 46.099, 46.55, 47.01, 46.981, 46.608, 46.453, 46.859, 47.357, 47.374, 47.12, 47.294, 48.312, 49.768, 50.658, 50.506, 49.631, 48.664, 48.206, 48.424, 49.074, 49.705, 49.699, 49.166, 48.589, 48.162, 47.822, 47.482, 47.054, 46.571, 46.224, 46.098, 46.131, 46.123, 45.735, 42.918], [42.753, 42.078, 41.299, 40.452, 39.331, 38.183, 37.775, 37.923, 37.226, 34.608, 30.538, 26.768, 24.278, 22.065, 19.517, 16.585, 13.481, 10.52, 8.39, 6.891, 5.333, 3.172, 0.0, 4.525, 10.339, 16.53, 21.883, 25.468, 27.285, 28.32, 29.593, 31.343, 33.018, 33.986, 34.532, 35.239, 36.273, 37.575, 38.918, 40.048, 40.736, 40.985, 41.03, 41.151, 41.422, 41.686, 41.935, 42.279, 42.64, 42.868, 43.02, 43.158, 43.298, 43.492, 43.705, 43.853, 43.85, 43.745, 43.479, 43.14, 42.891, 42.725, 42.593, 42.469, 42.386, 42.382, 42.423, 42.389, 42.241, 41.994, 41.837, 41.834, 41.791, 41.572, 41.316, 41.205, 41.217, 41.261, 41.27, 41.342, 41.64, 42.294, 43.133, 43.823, 44.229, 44.338, 44.294, 44.631, 45.361, 46.088, 46.669, 47.123, 47.59, 48.137, 48.679, 49.152, 49.439, 49.58, 49.886, 50.422, 50.821, 50.887, 50.838, 50.875, 51.0, 51.172, 51.432, 51.655, 51.655, 51.537, 51.665, 52.436, 53.486, 53.71, 52.18, 49.686, 47.786, 46.763, 46.277, 46.339, 46.631, 46.518, 46.028, 45.947, 46.39, 46.856, 46.827, 46.439, 46.265, 46.666, 47.167, 47.177, 46.91, 47.092, 48.142, 49.631, 50.534, 50.376, 49.483, 48.499, 48.031, 48.25, 48.911, 49.55, 49.537, 48.988, 48.397, 47.963, 47.621, 47.274, 46.829, 46.329, 45.975, 45.85, 45.883, 45.871, 45.476, 42.754], [42.364, 41.681, 40.959, 40.221, 39.184, 38.067, 37.663, 37.829, 37.174, 34.638, 30.758, 27.367, 25.322, 23.469, 21.181, 18.444, 15.501, 12.706, 10.78, 9.646, 8.665, 7.189, 4.525, 0.0, 6.291, 13.135, 18.995, 22.808, 24.67, 25.726, 27.111, 29.041, 30.877, 31.93, 32.524, 33.286, 34.398, 35.813, 37.285, 38.525, 39.274, 39.539, 39.587, 39.727, 40.041, 40.364, 40.679, 41.082, 41.472, 41.707, 41.868, 42.025, 42.187, 42.417, 42.693, 42.897, 42.919, 42.82, 42.56, 42.227, 41.975, 41.809, 41.704, 41.629, 41.578, 41.576, 41.608, 41.574, 41.429, 41.171, 41.0, 41.003, 40.971, 40.732, 40.429, 40.298, 40.326, 40.387, 40.412, 40.524, 40.893, 41.629, 42.527, 43.247, 43.667, 43.77, 43.701, 44.025, 44.77, 45.526, 46.136, 46.623, 47.125, 47.7, 48.262, 48.757, 49.068, 49.231, 49.563, 50.124, 50.532, 50.59, 50.53, 50.561, 50.681, 50.854, 51.122, 51.358, 51.36, 51.23, 51.366, 52.177, 53.262, 53.477, 51.879, 49.276, 47.269, 46.177, 45.675, 45.771, 46.108, 45.995, 45.457, 45.334, 45.761, 46.223, 46.182, 45.762, 45.556, 45.953, 46.461, 46.458, 46.167, 46.361, 47.477, 49.04, 49.975, 49.802, 48.869, 47.854, 47.378, 47.611, 48.3, 48.956, 48.927, 48.344, 47.722, 47.272, 46.922, 46.562, 46.098, 45.578, 45.21, 45.078, 45.108, 45.096, 44.693, 42.354], [41.783, 41.087, 40.492, 39.987, 39.134, 38.085, 37.688, 37.876, 37.303, 34.946, 31.432, 28.672, 27.3, 25.963, 24.052, 21.643, 19.039, 16.592, 14.913, 13.965, 13.283, 12.337, 10.339, 6.291, 0.0, 7.323, 13.834, 18.167, 20.275, 21.378, 22.871, 25.079, 27.224, 28.469, 29.167, 30.006, 31.215, 32.781, 34.427, 35.812, 36.647, 36.948, 37.012, 37.19, 37.585, 38.026, 38.469, 38.982, 39.436, 39.691, 39.863, 40.039, 40.243, 40.556, 40.94, 41.218, 41.27, 41.183, 40.936, 40.628, 40.389, 40.226, 40.153, 40.149, 40.155, 40.167, 40.192, 40.158, 40.016, 39.736, 39.532, 39.533, 39.506, 39.223, 38.844, 38.684, 38.74, 38.831, 38.878, 39.053, 39.545, 40.416, 41.4, 42.155, 42.593, 42.688, 42.578, 42.875, 43.638, 44.449, 45.124, 45.683, 46.251, 46.872, 47.468, 48.0, 48.354, 48.56, 48.941, 49.545, 49.966, 50.01, 49.927, 49.935, 50.035, 50.194, 50.473, 50.737, 50.746, 50.591, 50.725, 51.595, 52.748, 52.959, 51.231, 48.415, 46.201, 44.975, 44.438, 44.586, 44.992, 44.876, 44.272, 44.107, 44.521, 44.977, 44.924, 44.469, 44.219, 44.609, 45.123, 45.099, 44.77, 44.981, 46.197, 47.878, 48.861, 48.659, 47.664, 46.6, 46.111, 46.353, 47.068, 47.738, 47.685, 47.05, 46.378, 45.905, 45.546, 45.177, 44.702, 44.159, 43.76, 43.599, 43.619, 43.614, 43.196, 41.775], [41.41, 40.698, 40.282, 40.094, 39.497, 38.562, 38.18, 38.38, 37.907, 35.816, 32.816, 30.806, 30.132, 29.299, 27.765, 25.713, 23.505, 21.473, 20.079, 19.268, 18.703, 18.017, 16.53, 13.135, 7.323, 0.0, 7.027, 12.184, 14.92, 16.243, 17.87, 20.419, 23.006, 24.579, 25.483, 26.413, 27.669, 29.338, 31.113, 32.606, 33.524, 33.874, 33.964, 34.184, 34.681, 35.276, 35.882, 36.535, 37.073, 37.358, 37.536, 37.724, 37.981, 38.41, 38.925, 39.28, 39.365, 39.29, 39.053, 38.783, 38.586, 38.445, 38.403, 38.464, 38.535, 38.57, 38.596, 38.565, 38.42, 38.105, 37.853, 37.835, 37.801, 37.469, 37.012, 36.83, 36.926, 37.052, 37.126, 37.375, 38.017, 39.046, 40.115, 40.897, 41.352, 41.437, 41.281, 41.537, 42.31, 43.187, 43.957, 44.614, 45.262, 45.935, 46.569, 47.146, 47.552, 47.811, 48.25, 48.903, 49.334, 49.358, 49.242, 49.219, 49.287, 49.434, 49.73, 50.028, 50.04, 49.846, 49.969, 50.902, 52.138, 52.351, 50.477, 47.412, 44.951, 43.557, 42.975, 43.183, 43.672, 43.568, 42.918, 42.718, 43.116, 43.559, 43.505, 43.031, 42.741, 43.113, 43.624, 43.576, 43.209, 43.441, 44.765, 46.569, 47.595, 47.348, 46.28, 45.167, 44.657, 44.892, 45.615, 46.284, 46.198, 45.507, 44.785, 44.288, 43.924, 43.553, 43.079, 42.516, 42.069, 41.862, 41.864, 41.869, 41.433, 41.406], [41.512, 40.79, 40.528, 40.618, 40.259, 39.457, 39.11, 39.309, 38.917, 37.087, 34.584, 33.223, 33.091, 32.633, 31.394, 29.634, 27.747, 26.049, 24.893, 24.206, 23.701, 23.108, 21.883, 18.995, 13.834, 7.027, 0.0, 5.913, 9.585, 11.57, 13.623, 16.561, 19.567, 21.515, 22.731, 23.795, 25.034, 26.692, 28.485, 30.009, 30.976, 31.367, 31.479, 31.734, 32.319, 33.05, 33.796, 34.561, 35.162, 35.46, 35.63, 35.822, 36.124, 36.65, 37.279, 37.719, 37.849, 37.777, 37.533, 37.297, 37.163, 37.07, 37.066, 37.177, 37.295, 37.345, 37.375, 37.349, 37.201, 36.853, 36.555, 36.517, 36.478, 36.117, 35.615, 35.436, 35.576, 35.739, 35.84, 36.156, 36.928, 38.086, 39.214, 40.01, 40.474, 40.551, 40.35, 40.557, 41.32, 42.243, 43.088, 43.823, 44.532, 45.237, 45.897, 46.508, 46.96, 47.265, 47.748, 48.433, 48.867, 48.873, 48.73, 48.68, 48.725, 48.869, 49.188, 49.513, 49.523, 49.292, 49.406, 50.389, 51.688, 51.907, 49.924, 46.67, 44.022, 42.509, 41.904, 42.165, 42.726, 42.658, 41.991, 41.754, 42.116, 42.528, 42.469, 41.995, 41.685, 42.041, 42.539, 42.467, 42.074, 42.325, 43.727, 45.614, 46.659, 46.37, 45.244, 44.097, 43.563, 43.778, 44.496, 45.154, 45.034, 44.296, 43.533, 43.02, 42.656, 42.293, 41.828, 41.251, 40.763, 40.516, 40.502, 40.516, 40.072, 41.492], [41.892, 41.169, 40.979, 41.211, 41.0, 40.311, 40.01, 40.211, 39.864, 38.206, 36.036, 35.082, 35.264, 35.02, 33.972, 32.411, 30.727, 29.232, 28.231, 27.64, 27.185, 26.621, 25.468, 22.808, 18.167, 12.184, 5.913, 0.0, 4.446, 7.659, 10.791, 14.27, 17.505, 19.668, 21.173, 22.433, 23.693, 25.308, 27.073, 28.596, 29.571, 29.964, 30.084, 30.368, 31.007, 31.806, 32.613, 33.415, 34.016, 34.296, 34.458, 34.672, 35.011, 35.573, 36.256, 36.775, 36.967, 36.915, 36.675, 36.472, 36.396, 36.369, 36.425, 36.589, 36.735, 36.786, 36.812, 36.787, 36.638, 36.275, 35.961, 35.921, 35.889, 35.527, 35.025, 34.869, 35.048, 35.24, 35.366, 35.721, 36.556, 37.77, 38.919, 39.716, 40.175, 40.238, 40.0, 40.157, 40.883, 41.796, 42.655, 43.414, 44.14, 44.843, 45.496, 46.115, 46.592, 46.928, 47.433, 48.125, 48.556, 48.555, 48.405, 48.343, 48.374, 48.521, 48.857, 49.196, 49.205, 48.963, 49.083, 50.093, 51.416, 51.639, 49.61, 46.275, 43.56, 42.025, 41.437, 41.731, 42.33, 42.303, 41.653, 41.381, 41.691, 42.057, 41.98, 41.506, 41.195, 41.547, 42.032, 41.942, 41.536, 41.797, 43.227, 45.138, 46.184, 45.874, 44.725, 43.562, 43.007, 43.2, 43.91, 44.558, 44.414, 43.644, 42.856, 42.335, 41.979, 41.625, 41.165, 40.585, 40.093, 39.845, 39.83, 39.85, 39.418, 41.834], [42.249, 41.536, 41.364, 41.633, 41.478, 40.852, 40.591, 40.799, 40.465, 38.876, 36.844, 36.051, 36.354, 36.205, 35.261, 33.813, 32.239, 30.846, 29.927, 29.394, 28.98, 28.436, 27.285, 24.67, 20.275, 14.92, 9.585, 4.446, 0.0, 4.222, 8.579, 12.8, 16.284, 18.516, 20.14, 21.554, 22.91, 24.563, 26.365, 27.928, 28.917, 29.305, 29.437, 29.757, 30.432, 31.248, 32.052, 32.832, 33.404, 33.666, 33.848, 34.117, 34.496, 35.057, 35.736, 36.299, 36.561, 36.571, 36.378, 36.212, 36.168, 36.183, 36.294, 36.51, 36.686, 36.745, 36.771, 36.746, 36.6, 36.242, 35.936, 35.905, 35.878, 35.525, 35.034, 34.893, 35.088, 35.294, 35.432, 35.794, 36.624, 37.821, 38.947, 39.722, 40.163, 40.212, 39.952, 40.066, 40.736, 41.598, 42.424, 43.17, 43.888, 44.571, 45.197, 45.8, 46.283, 46.636, 47.15, 47.839, 48.268, 48.269, 48.122, 48.057, 48.08, 48.226, 48.566, 48.907, 48.925, 48.7, 48.837, 49.853, 51.171, 51.396, 49.38, 46.069, 43.388, 41.896, 41.336, 41.636, 42.239, 42.235, 41.611, 41.328, 41.605, 41.94, 41.841, 41.362, 41.057, 41.415, 41.898, 41.802, 41.395, 41.659, 43.086, 44.993, 46.037, 45.731, 44.586, 43.428, 42.875, 43.066, 43.774, 44.413, 44.26, 43.481, 42.688, 42.17, 41.82, 41.469, 41.005, 40.433, 39.962, 39.733, 39.724, 39.746, 39.333, 42.157], [42.461, 41.768, 41.629, 41.93, 41.799, 41.193, 40.949, 41.167, 40.841, 39.28, 37.307, 36.594, 36.978, 36.899, 36.012, 34.61, 33.08, 31.729, 30.844, 30.342, 29.956, 29.441, 28.32, 25.726, 21.378, 16.243, 11.57, 7.659, 4.222, 0.0, 5.087, 10.206, 14.314, 16.808, 18.508, 19.974, 21.426, 23.227, 25.193, 26.904, 27.98, 28.408, 28.578, 28.959, 29.705, 30.573, 31.404, 32.203, 32.795, 33.089, 33.324, 33.657, 34.087, 34.664, 35.333, 35.915, 36.231, 36.314, 36.186, 36.053, 36.009, 36.025, 36.164, 36.433, 36.66, 36.745, 36.776, 36.751, 36.608, 36.249, 35.938, 35.907, 35.879, 35.514, 35.002, 34.844, 35.031, 35.236, 35.379, 35.748, 36.579, 37.755, 38.847, 39.586, 40.009, 40.061, 39.8, 39.884, 40.514, 41.345, 42.155, 42.9, 43.624, 44.312, 44.934, 45.529, 46.01, 46.366, 46.885, 47.579, 48.012, 48.014, 47.868, 47.805, 47.83, 47.978, 48.32, 48.667, 48.702, 48.499, 48.651, 49.678, 51.003, 51.237, 49.234, 45.945, 43.29, 41.812, 41.25, 41.543, 42.145, 42.157, 41.549, 41.267, 41.531, 41.851, 41.745, 41.263, 40.956, 41.31, 41.787, 41.686, 41.281, 41.558, 43.003, 44.929, 45.984, 45.674, 44.525, 43.374, 42.843, 43.059, 43.779, 44.417, 44.26, 43.474, 42.679, 42.164, 41.819, 41.466, 41.0, 40.431, 39.968, 39.742, 39.731, 39.756, 39.354, 42.354], [42.689, 42.008, 41.937, 42.322, 42.245, 41.657, 41.414, 41.638, 41.342, 39.848, 37.984, 37.398, 37.894, 37.896, 37.045, 35.651, 34.128, 32.798, 31.94, 31.464, 31.104, 30.632, 29.593, 27.111, 22.871, 17.87, 13.623, 10.791, 8.579, 5.087, 0.0, 5.802, 10.81, 13.979, 16.011, 17.512, 18.967, 20.926, 23.155, 25.128, 26.381, 26.912, 27.144, 27.609, 28.49, 29.5, 30.453, 31.369, 32.075, 32.468, 32.771, 33.141, 33.615, 34.249, 34.955, 35.559, 35.894, 36.008, 35.908, 35.786, 35.735, 35.739, 35.888, 36.202, 36.482, 36.595, 36.629, 36.6, 36.451, 36.073, 35.742, 35.706, 35.675, 35.282, 34.719, 34.52, 34.694, 34.9, 35.051, 35.447, 36.321, 37.531, 38.626, 39.356, 39.788, 39.858, 39.58, 39.609, 40.207, 41.058, 41.911, 42.697, 43.454, 44.171, 44.819, 45.426, 45.908, 46.26, 46.779, 47.482, 47.919, 47.918, 47.771, 47.718, 47.761, 47.925, 48.281, 48.646, 48.696, 48.496, 48.651, 49.703, 51.064, 51.309, 49.281, 45.947, 43.237, 41.697, 41.087, 41.367, 41.988, 42.029, 41.433, 41.131, 41.371, 41.676, 41.576, 41.102, 40.784, 41.109, 41.559, 41.443, 41.036, 41.335, 42.833, 44.817, 45.89, 45.555, 44.369, 43.211, 42.708, 42.962, 43.709, 44.357, 44.194, 43.389, 42.577, 42.055, 41.708, 41.351, 40.884, 40.315, 39.841, 39.597, 39.577, 39.61, 39.215, 42.573], [43.042, 42.361, 42.351, 42.846, 42.86, 42.31, 42.063, 42.285, 42.04, 40.674, 38.998, 38.604, 39.243, 39.336, 38.52, 37.127, 35.609, 34.306, 33.487, 33.046, 32.717, 32.289, 31.343, 29.041, 25.079, 20.419, 16.561, 14.27, 12.8, 10.206, 5.802, 0.0, 5.727, 9.938, 12.856, 14.667, 16.083, 18.1, 20.588, 22.904, 24.438, 25.155, 25.486, 26.05, 27.09, 28.283, 29.411, 30.507, 31.396, 31.935, 32.302, 32.673, 33.173, 33.887, 34.679, 35.32, 35.639, 35.724, 35.606, 35.477, 35.432, 35.449, 35.613, 35.956, 36.265, 36.389, 36.421, 36.382, 36.22, 35.825, 35.481, 35.449, 35.425, 35.014, 34.402, 34.166, 34.337, 34.556, 34.721, 35.148, 36.075, 37.343, 38.476, 39.231, 39.689, 39.764, 39.431, 39.37, 39.922, 40.806, 41.72, 42.558, 43.348, 44.092, 44.768, 45.398, 45.886, 46.23, 46.741, 47.445, 47.881, 47.873, 47.725, 47.684, 47.745, 47.93, 48.309, 48.696, 48.753, 48.542, 48.698, 49.78, 51.184, 51.436, 49.368, 45.963, 43.17, 41.549, 40.887, 41.168, 41.821, 41.894, 41.298, 40.952, 41.148, 41.426, 41.329, 40.865, 40.535, 40.823, 41.241, 41.11, 40.698, 41.016, 42.574, 44.621, 45.715, 45.352, 44.123, 42.95, 42.467, 42.751, 43.525, 44.183, 44.011, 43.18, 42.345, 41.809, 41.449, 41.085, 40.627, 40.07, 39.585, 39.316, 39.286, 39.33, 38.943, 42.898], [43.471, 42.801, 42.815, 43.367, 43.451, 42.946, 42.704, 42.919, 42.718, 41.482, 39.994, 39.773, 40.527, 40.694, 39.92, 38.55, 37.055, 35.786, 35.005, 34.595, 34.29, 33.895, 33.018, 30.877, 27.224, 23.006, 19.567, 17.505, 16.284, 14.314, 10.81, 5.727, 0.0, 5.151, 9.364, 11.996, 13.687, 15.766, 