[[0.0, 2.8, 6.383, 11.254, 15.297, 17.336, 18.458, 20.012, 21.936, 23.526, 24.626, 25.408, 26.181, 26.909, 27.455, 27.877, 28.203, 28.328, 28.546, 29.332, 30.651, 31.852, 32.587, 33.217, 33.901, 34.312, 34.404, 34.416, 34.617, 35.154, 35.785, 36.277, 36.686, 37.108, 37.312, 37.196, 36.88, 36.606, 36.538, 36.656, 36.868, 37.168, 37.403, 37.513, 37.633, 37.861, 38.153, 38.187, 37.706, 37.105, 36.699, 36.537, 36.538, 36.613, 36.638, 36.477, 36.179, 35.943, 35.769, 35.736, 35.845, 36.076, 36.762, 38.238, 39.794, 40.418, 39.941, 38.771, 37.667, 37.287, 37.482, 37.781, 37.891, 37.65, 37.041, 36.342, 35.981, 35.845, 35.77, 35.742, 35.787, 35.934, 36.045, 35.963, 35.878, 36.021, 36.325, 36.515, 36.541, 36.618, 36.821, 37.079, 37.348, 37.546, 37.398, 36.963, 36.856, 37.299, 37.823, 38.185, 38.418, 38.596, 38.627, 38.407, 38.231, 38.456, 38.91, 38.95, 38.574, 38.521, 39.3, 40.456, 42.811, 45.902, 47.569, 47.528, 47.151, 47.65, 48.605, 48.971, 48.481, 47.467, 46.486, 45.876, 45.69, 45.734, 45.833, 46.035, 46.454, 47.096, 47.828, 48.506, 49.107, 49.556, 49.731, 49.739, 50.293, 52.254, 55.366, 57.9, 58.368, 57.423, 57.019, 58.057, 59.125, 58.379, 55.762, 53.086, 51.994, 52.169, 52.925, 53.791, 54.137, 53.866, 54.136, 55.614, 57.593, 4.051], [2.8, 0.0, 4.388, 10.001, 14.492, 16.716, 17.842, 19.352, 21.294, 22.937, 24.073, 24.849, 25.604, 26.324, 26.871, 27.298, 27.631, 27.765, 28.002, 28.818, 30.157, 31.345, 32.041, 32.646, 33.337, 33.759, 33.853, 33.86, 34.067, 34.632, 35.291, 35.796, 36.223, 36.679, 36.913, 36.808, 36.487, 36.198, 36.117, 36.227, 36.445, 36.763, 37.023, 37.163, 37.321, 37.584, 37.9, 37.942, 37.454, 36.834, 36.408, 36.227, 36.213, 36.277, 36.294, 36.127, 35.823, 35.587, 35.42, 35.395, 35.509, 35.744, 36.448, 37.963, 39.556, 40.191, 39.693, 38.48, 37.331, 36.921, 37.112, 37.42, 37.537, 37.292, 36.666, 35.94, 35.555, 35.41, 35.333, 35.304, 35.35, 35.501, 35.617, 35.534, 35.45, 35.605, 35.931, 36.14, 36.179, 36.266, 36.48, 36.747, 37.027, 37.227, 37.068, 36.623, 36.527, 36.996, 37.54, 37.911, 38.154, 38.341, 38.376, 38.158, 37.984, 38.222, 38.69, 38.728, 38.342, 38.289, 39.088, 40.273, 42.667, 45.802, 47.493, 47.453, 47.065, 47.555, 48.508, 48.871, 48.372, 47.338, 46.333, 45.703, 45.509, 45.552, 45.653, 45.858, 46.278, 46.923, 47.659, 48.345, 48.957, 49.417, 49.597, 49.601, 50.161, 52.159, 55.32, 57.884, 58.352, 57.395, 56.993, 58.054, 59.143, 58.395, 55.759, 53.063, 51.963, 52.149, 52.929, 53.818, 54.172, 53.897, 54.166, 55.658, 57.659, 5.932], [6.383, 4.388, 0.0, 6.115, 11.328, 14.138, 15.555, 17.137, 19.165, 20.954, 22.229, 23.115, 23.986, 24.809, 25.425, 25.905, 26.288, 26.466, 26.753, 27.662, 29.157, 30.52, 31.326, 31.978, 32.706, 33.145, 33.24, 33.24, 33.461, 34.073, 34.782, 35.311, 35.745, 36.217, 36.473, 36.394, 36.1, 35.829, 35.747, 35.853, 36.077, 36.417, 36.71, 36.891, 37.101, 37.408, 37.744, 37.796, 37.312, 36.684, 36.237, 36.031, 35.997, 36.048, 36.053, 35.876, 35.562, 35.312, 35.13, 35.1, 35.232, 35.501, 36.249, 37.823, 39.465, 40.12, 39.608, 38.353, 37.16, 36.73, 36.917, 37.219, 37.319, 37.058, 36.411, 35.656, 35.243, 35.08, 34.993, 34.96, 35.007, 35.163, 35.28, 35.193, 35.106, 35.27, 35.614, 35.836, 35.888, 35.995, 36.225, 36.498, 36.784, 36.996, 36.838, 36.375, 36.264, 36.733, 37.287, 37.669, 37.921, 38.108, 38.14, 37.919, 37.751, 38.007, 38.489, 38.522, 38.121, 38.065, 38.892, 40.129, 42.563, 45.727, 47.431, 47.391, 46.991, 47.466, 48.408, 48.763, 48.258, 47.21, 46.185, 45.542, 45.341, 45.382, 45.482, 45.68, 46.091, 46.729, 47.474, 48.178, 48.809, 49.279, 49.456, 49.452, 50.019, 52.052, 55.253, 57.833, 58.299, 57.333, 56.928, 58.0, 59.107, 58.373, 55.741, 53.038, 51.94, 52.147, 52.958, 53.869, 54.222, 53.932, 54.195, 55.697, 57.709, 8.401], [11.254, 10.001, 6.115, 0.0, 5.859, 9.593, 11.815, 13.84, 16.087, 18.079, 19.588, 20.727, 21.853, 22.865, 23.595, 24.152, 24.61, 24.863, 25.224, 26.246, 27.955, 29.608, 30.661, 31.465, 32.271, 32.744, 32.885, 32.961, 33.277, 33.964, 34.709, 35.255, 35.701, 36.181, 36.448, 36.405, 36.183, 35.981, 35.931, 36.044, 36.27, 36.618, 36.929, 37.138, 37.371, 37.687, 38.016, 38.079, 37.628, 37.023, 36.572, 36.337, 36.275, 36.313, 36.313, 36.142, 35.84, 35.587, 35.383, 35.331, 35.475, 35.786, 36.57, 38.162, 39.812, 40.472, 39.954, 38.682, 37.486, 37.08, 37.289, 37.575, 37.642, 37.357, 36.708, 35.963, 35.549, 35.373, 35.274, 35.232, 35.274, 35.426, 35.538, 35.451, 35.364, 35.527, 35.867, 36.083, 36.138, 36.26, 36.496, 36.757, 37.032, 37.253, 37.109, 36.63, 36.457, 36.871, 37.408, 37.791, 38.038, 38.207, 38.219, 37.99, 37.829, 38.087, 38.557, 38.586, 38.185, 38.121, 38.951, 40.2, 42.594, 45.695, 47.366, 47.321, 46.918, 47.373, 48.285, 48.624, 48.124, 47.092, 46.084, 45.452, 45.254, 45.291, 45.389, 45.583, 45.98, 46.605, 47.347, 48.056, 48.691, 49.159, 49.329, 49.319, 49.882, 51.901, 55.073, 57.628, 58.085, 57.119, 56.701, 57.752, 58.86, 58.156, 55.571, 52.914, 51.846, 52.076, 52.899, 53.803, 54.134, 53.824, 54.073, 55.556, 57.54, 12.633], [15.297, 14.492, 11.328, 5.859, 0.0, 4.546, 7.993, 10.991, 13.708, 15.91, 17.634, 19.058, 20.45, 21.631, 22.454, 23.059, 23.557, 23.868, 24.293, 25.376, 27.192, 29.036, 30.33, 31.339, 32.254, 32.774, 32.995, 33.218, 33.69, 34.45, 35.196, 35.74, 36.201, 36.688, 36.957, 36.941, 36.789, 36.669, 36.673, 36.81, 37.035, 37.37, 37.675, 37.882, 38.097, 38.379, 38.68, 38.749, 38.339, 37.779, 37.347, 37.098, 37.011, 37.038, 37.044, 36.896, 36.622, 36.385, 36.176, 36.103, 36.239, 36.567, 37.345, 38.884, 40.484, 41.126, 40.611, 39.356, 38.197, 37.843, 38.086, 38.365, 38.413, 38.119, 37.486, 36.777, 36.384, 36.208, 36.105, 36.055, 36.086, 36.221, 36.323, 36.241, 36.157, 36.308, 36.627, 36.825, 36.876, 37.002, 37.236, 37.481, 37.738, 37.955, 37.824, 37.337, 37.097, 37.441, 37.955, 38.334, 38.564, 38.71, 38.702, 38.468, 38.305, 38.54, 38.981, 39.009, 38.625, 38.56, 39.366, 40.572, 42.846, 45.817, 47.427, 47.377, 46.974, 47.407, 48.284, 48.61, 48.13, 47.145, 46.184, 45.582, 45.389, 45.421, 45.521, 45.717, 46.103, 46.707, 47.431, 48.124, 48.74, 49.193, 49.356, 49.343, 49.887, 51.843, 54.929, 57.425, 57.869, 56.909, 56.473, 57.488, 58.582, 57.908, 55.395, 52.826, 51.814, 52.057, 52.865, 53.738, 54.037, 53.712, 53.944, 55.389, 57.322, 16.482], [17.336, 16.716, 14.138, 9.593, 4.546, 0.0, 4.31, 8.404, 11.868, 14.41, 16.317, 17.936, 19.52, 20.834, 21.728, 22.352, 22.845, 23.172, 23.64, 24.761, 26.613, 28.555, 30.045, 31.269, 32.319, 32.897, 33.186, 33.537, 34.143, 34.957, 35.693, 36.236, 36.721, 37.227, 37.497, 37.487, 37.362, 37.287, 37.336, 37.504, 37.734, 38.052, 38.338, 38.528, 38.715, 38.963, 39.237, 39.302, 38.915, 38.387, 37.981, 37.737, 37.642, 37.663, 37.675, 37.546, 37.294, 37.075, 36.877, 36.798, 36.928, 37.259, 38.012, 39.474, 40.998, 41.608, 41.1, 39.882, 38.778, 38.481, 38.747, 39.021, 39.064, 38.772, 38.155, 37.474, 37.099, 36.926, 36.822, 36.769, 36.79, 36.909, 37.005, 36.93, 36.854, 36.997, 37.297, 37.482, 37.53, 37.656, 37.89, 38.133, 38.381, 38.589, 38.464, 37.984, 37.711, 38.01, 38.509, 38.883, 39.099, 39.233, 39.224, 38.996, 38.83, 39.039, 39.456, 39.49, 39.128, 39.07, 39.854, 41.014, 43.19, 46.058, 47.62, 47.566, 47.167, 47.585, 48.441, 48.762, 48.304, 47.359, 46.435, 45.851, 45.656, 45.685, 45.789, 45.988, 46.364, 46.948, 47.651, 48.329, 48.935, 49.38, 49.539, 49.526, 50.05, 51.945, 54.952, 57.396, 57.827, 56.874, 56.431, 57.419, 58.496, 57.835, 55.377, 52.883, 51.908, 52.146, 52.931, 53.774, 54.054, 53.726, 53.946, 55.356, 57.248, 18.495], [18.458, 17.842, 15.555, 11.815, 7.993, 4.31, 0.0, 4.806, 9.127, 12.268, 14.501, 16.337, 18.137, 19.627, 20.619, 21.274, 21.766, 22.101, 22.614, 23.816, 25.777, 27.882, 29.601, 31.034, 32.212, 32.851, 33.187, 33.616, 34.309, 35.159, 35.895, 36.448, 36.967, 37.5, 37.777, 37.767, 37.649, 37.59, 37.66, 37.85, 38.096, 38.415, 38.697, 38.875, 39.046, 39.276, 39.529, 39.582, 39.196, 38.68, 38.293, 38.06, 37.965, 37.98, 37.991, 37.87, 37.631, 37.425, 37.234, 37.155, 37.285, 37.624, 38.358, 39.759, 41.216, 41.793, 41.293, 40.11, 39.06, 38.815, 39.102, 39.374, 39.414, 39.12, 38.506, 37.834, 37.463, 37.29, 37.186, 37.133, 37.15, 37.264, 37.359, 37.294, 37.227, 37.366, 37.652, 37.828, 37.877, 38.008, 38.252, 38.501, 38.746, 38.946, 38.829, 38.367, 38.098, 38.382, 38.871, 39.241, 39.45, 39.578, 39.571, 39.356, 39.197, 39.392, 39.797, 39.841, 39.502, 39.454, 40.225, 41.342, 43.436, 46.223, 47.75, 47.695, 47.303, 47.716, 48.563, 48.883, 48.435, 47.504, 46.589, 46.003, 45.804, 45.833, 45.943, 46.142, 46.509, 47.075, 47.76, 48.432, 49.043, 49.496, 49.662, 49.654, 50.173, 52.036, 54.996, 57.403, 57.821, 56.875, 56.439, 57.415, 58.472, 57.809, 55.383, 52.929, 51.966, 52.192, 52.959, 53.788, 54.063, 53.734, 53.941, 55.326, 57.197, 19.595], [20.012, 19.352, 17.137, 13.84, 10.991, 8.404, 4.806, 0.0, 4.926, 8.825, 11.669, 13.969, 16.148, 17.887, 19.02, 19.755, 20.292, 20.653, 21.226, 22.578, 24.768, 27.148, 29.11, 30.692, 31.953, 32.645, 33.019, 33.485, 34.228, 35.121, 35.876, 36.445, 36.987, 37.544, 37.832, 37.826, 37.719, 37.671, 37.749, 37.954, 38.224, 38.571, 38.87, 39.051, 39.217, 39.436, 39.671, 39.709, 39.316, 38.799, 38.417, 38.192, 38.099, 38.109, 38.116, 38.0, 37.775, 37.577, 37.384, 37.296, 37.424, 37.77, 38.498, 39.869, 41.291, 41.849, 41.353, 40.195, 39.181, 38.974, 39.284, 39.57, 39.613, 39.314, 38.691, 38.011, 37.632, 37.453, 37.346, 37.293, 37.315, 37.436, 37.535, 37.472, 37.403, 37.535, 37.809, 37.979, 38.033, 38.176, 38.433, 38.692, 38.935, 39.132, 39.022, 38.573, 38.31, 38.588, 39.07, 39.445, 39.657, 39.781, 39.767, 39.558, 39.412, 39.608, 40.005, 40.056, 39.733, 39.69, 40.451, 41.52, 43.527, 46.236, 47.728, 47.675, 47.29, 47.706, 48.55, 48.868, 48.417, 47.48, 46.557, 45.964, 45.76, 45.792, 45.902, 46.097, 46.458, 47.018, 47.698, 48.37, 48.985, 49.445, 49.622, 49.63, 50.162, 52.025, 54.966, 57.349, 57.757, 56.821, 56.398, 57.372, 58.419, 57.76, 55.364, 52.944, 51.99, 52.21, 52.972, 53.797, 54.072, 53.738, 53.932, 55.303, 57.169, 21.04], [21.936, 21.294, 19.165, 16.087, 13.708, 11.868, 9.127, 4.926, 0.0, 4.481, 8.173, 11.32, 14.089, 16.106, 17.375, 18.222, 18.849, 19.244, 19.869, 21.388, 23.858, 26.534, 28.691, 30.352, 31.652, 32.386, 32.795, 33.282, 34.071, 35.025, 35.817, 36.396, 36.944, 37.511, 37.806, 37.805, 37.712, 37.683, 37.78, 38.004, 38.304, 38.688, 39.02, 39.222, 39.394, 39.607, 39.826, 39.851, 39.45, 38.926, 38.544, 38.323, 38.235, 38.246, 38.256, 38.155, 37.949, 37.765, 37.571, 37.47, 37.584, 37.922, 38.639, 39.993, 41.404, 41.958, 41.465, 40.324, 39.332, 39.149, 39.485, 39.791, 39.843, 39.539, 38.904, 38.21, 37.818, 37.629, 37.516, 37.466, 37.499, 37.631, 37.736, 37.671, 37.597, 37.72, 37.987, 38.154, 38.21, 38.362, 38.634, 38.902, 39.147, 39.343, 39.236, 38.783, 38.505, 38.764, 39.235, 39.616, 39.836, 39.958, 39.931, 39.72, 39.586, 39.79, 40.183, 40.234, 39.916, 39.868, 40.603, 41.613, 43.54, 46.181, 47.642, 47.586, 47.207, 47.626, 48.47, 48.783, 48.326, 47.384, 46.459, 45.868, 45.668, 45.701, 45.807, 45.996, 46.358, 46.928, 47.622, 48.303, 48.919, 49.38, 49.565, 49.586, 50.13, 51.99, 54.909, 57.271, 57.671, 56.742, 56.326, 57.298, 58.342, 57.699, 55.343, 52.964, 52.028, 52.249, 53.006, 53.827, 54.102, 53.771, 53.962, 55.326, 57.185, 22.833], [23.526, 22.937, 20.954, 18.079, 15.91, 14.41, 12.268, 8.825, 4.481, 0.0, 4.363, 8.544, 12.132, 14.528, 15.949, 16.897, 17.611, 18.039, 18.703, 20.373, 23.089, 26.003, 28.313, 30.044, 31.375, 32.138, 32.57, 33.09, 33.94, 34.961, 35.785, 36.37, 36.924, 37.5, 37.796, 37.792, 37.714, 37.722, 37.86, 38.118, 38.44, 38.846, 39.21, 39.449, 39.649, 39.871, 40.085, 40.103, 39.698, 39.171, 38.785, 38.56, 38.47, 38.484, 38.502, 38.422, 38.241, 38.075, 37.892, 37.788, 37.888, 38.205, 38.891, 40.213, 41.598, 42.138, 41.654, 40.547, 39.598, 39.446, 39.798, 40.108, 40.161, 39.856, 39.219, 38.521, 38.122, 37.927, 37.816, 37.773, 37.819, 37.961, 38.072, 38.012, 37.942, 38.065, 38.327, 38.49, 38.543, 38.696, 38.974, 39.248, 39.496, 39.693, 39.583, 39.112, 38.804, 39.035, 39.491, 39.871, 40.094, 40.211, 40.178, 39.97, 39.843, 40.049, 40.438, 40.487, 40.17, 40.107, 40.799, 41.749, 43.613, 46.197, 47.629, 47.57, 47.195, 47.612, 48.45, 48.757, 48.302, 47.371, 46.462, 45.885, 45.695, 45.729, 45.829, 46.012, 46.376, 46.958, 47.671, 48.363, 48.978, 49.434, 49.619, 49.644, 50.18, 52.006, 54.87, 57.188, 57.575, 56.653, 56.242, 57.206, 58.238, 57.603, 55.285, 52.952, 52.038, 52.254, 52.995, 53.804, 54.079, 53.76, 53.959, 55.313, 57.151, 24.339], [24.626, 24.073, 22.229, 19.588, 17.634, 16.317, 14.501, 11.669, 8.173, 4.363, 0.0, 4.933, 9.477, 12.491, 14.197, 15.256, 16.047, 16.55, 17.324, 19.204, 22.188, 25.341, 27.835, 29.692, 31.082, 31.863, 32.307, 32.874, 33.806, 34.889, 35.73, 36.318, 36.895, 37.496, 37.799, 37.796, 37.738, 37.792, 37.984, 38.28, 38.618, 39.026, 39.404, 39.677, 39.916, 40.163, 40.383, 40.396, 39.988, 39.461, 39.072, 38.84, 38.742, 38.756, 38.781, 38.716, 38.553, 38.405, 38.239, 38.147, 38.244, 38.537, 39.179, 40.45, 41.79, 42.306, 41.828, 40.762, 39.872, 39.765, 40.128, 40.429, 40.476, 40.174, 39.542, 38.847, 38.447, 38.251, 38.146, 38.115, 38.173, 38.323, 38.439, 38.391, 38.339, 38.471, 38.73, 38.886, 38.934, 39.084, 39.363, 39.639, 39.884, 40.078, 39.965, 39.487, 39.163, 39.379, 39.827, 40.207, 40.431, 40.547, 40.518, 40.319, 40.198, 40.398, 40.778, 40.825, 40.51, 40.436, 41.087, 41.993, 43.808, 46.337, 47.739, 47.677, 47.307, 47.716, 48.538, 48.841, 48.394, 47.482, 46.593, 46.031, 45.85, 45.888, 45.987, 46.166, 46.525, 47.106, 47.823, 48.518, 49.132, 49.579, 49.755, 49.774, 50.295, 52.075, 54.868, 57.128, 57.495, 56.582, 56.177, 57.125, 58.133, 57.494, 55.204, 52.911, 52.017, 52.226, 52.949, 53.741, 54.012, 53.702, 53.907, 55.246, 57.057, 25.4], [25.408, 24.849, 23.115, 20.727, 19.058, 17.936, 16.337, 13.969, 11.32, 8.544, 4.933, 0.0, 5.223, 8.988, 11.192, 12.5, 13.435, 14.086, 15.08, 17.295, 20.663, 24.167, 26.959, 29.027, 30.514, 31.316, 31.773, 32.401, 33.427, 34.581, 35.451, 36.054, 36.667, 37.312, 37.639, 37.65, 37.614, 37.705, 37.942, 38.272, 38.624, 39.031, 39.409, 39.697, 39.966, 40.245, 40.488, 40.509, 40.099, 39.571, 39.186, 38.951, 38.846, 38.855, 38.881, 38.815, 38.655, 38.516, 38.359, 38.272, 38.368, 38.647, 39.266, 40.518, 41.834, 42.329, 41.845, 40.788, 39.924, 39.847, 40.223, 40.52, 40.566, 40.271, 39.645, 38.949, 38.541, 38.342, 38.243, 38.221, 38.289, 38.444, 38.56, 38.521, 38.488, 38.637, 38.902, 39.058, 39.104, 39.253, 39.534, 39.808, 40.044, 40.226, 40.114, 39.643, 39.324, 39.544, 39.997, 40.386, 40.624, 40.751, 40.729, 40.539, 40.421, 40.618, 40.991, 41.031, 40.714, 40.64, 41.282, 42.171, 43.955, 46.45, 47.835, 47.77, 47.399, 47.799, 48.61, 48.907, 48.464, 47.559, 46.676, 46.121, 45.95, 45.999, 46.105, 46.288, 46.648, 47.222, 47.926, 48.615, 49.225, 49.662, 49.824, 49.833, 50.345, 52.105, 54.865, 57.096, 57.446, 56.528, 56.122, 57.063, 58.059, 57.412, 55.128, 52.856, 51.979, 52.189, 52.909, 53.695, 53.955, 53.634, 53.83, 55.161, 56.959, 26.176], [26.181, 25.604, 23.986, 21.853, 20.45, 19.52, 18.137, 16.148, 14.089, 12.132, 9.477, 5.223, 0.0, 4.311, 7.183, 9.063, 10.357, 11.191, 12.387, 14.953, 18.767, 22.707, 25.859, 28.159, 29.743, 30.57, 31.062, 31.765, 32.887, 34.119, 35.037, 35.669, 36.321, 37.015, 37.376, 37.406, 37.383, 37.49, 37.744, 38.093, 38.461, 38.876, 39.25, 39.531, 39.806, 40.11, 40.391, 40.44, 40.036, 39.511, 39.136, 38.913, 38.808, 38.815, 38.838, 38.764, 38.602, 38.467, 38.313, 38.224, 38.309, 38.578, 39.198, 40.464, 41.787, 42.274, 41.774, 40.695, 39.81, 39.73, 40.109, 40.413, 40.472, 40.192, 39.574, 38.872, 38.451, 38.246, 38.148, 38.132, 38.206, 38.36, 38.472, 38.43, 38.399, 38.557, 38.834, 38.997, 39.045, 39.195, 39.478, 39.75, 39.974, 40.145, 40.042, 39.591, 39.291, 39.529, 39.994, 40.395, 40.65, 40.794, 40.784, 40.596, 40.481, 40.68, 41.051, 41.08, 40.756, 40.691, 41.349, 42.242, 44.022, 46.52, 47.906, 47.836, 47.457, 47.854, 48.664, 48.959, 48.509, 47.592, 46.702, 46.149, 45.991, 46.056, 46.175, 46.368, 46.736, 47.306, 47.996, 48.673, 49.276, 49.702, 49.849, 49.846, 50.358, 52.135, 54.917, 57.16, 57.504, 56.568, 56.151, 57.1, 58.108, 57.455, 55.158, 52.881, 52.012, 52.235, 52.97, 53.765, 54.013, 53.663, 53.837, 55.169, 56.979, 26.968], [26.909, 26.324, 24.809, 22.865, 21.631, 20.834, 19.627, 17.887, 16.106, 14.528, 12.491, 8.988, 4.311, 0.0, 3.388, 6.068, 7.983, 9.069, 10.338, 13.077, 17.223, 21.537, 24.98, 27.437, 29.071, 29.915, 30.457, 31.244, 32.449, 33.745, 34.71, 35.37, 36.052, 36.78, 37.165, 37.211, 37.193, 37.304, 37.567, 37.93, 38.317, 38.747, 39.122, 39.394, 39.668, 39.988, 40.304, 40.388, 40.0, 39.481, 39.116, 38.907, 38.81, 38.818, 38.84, 38.765, 38.614, 38.494, 38.347, 38.258, 38.334, 38.595, 39.21, 40.476, 41.807, 42.293, 41.786, 40.689, 39.776, 39.673, 40.043, 40.354, 40.428, 40.163, 39.554, 38.848, 38.416, 38.206, 38.111, 38.101, 38.177, 38.331, 38.438, 38.389, 38.352, 38.508, 38.786, 38.952, 39.001, 39.15, 39.428, 39.692, 39.901, 40.066, 39.976, 39.546, 39.258, 39.506, 39.981, 40.386, 40.647, 40.8, 40.796, 40.612, 40.501, 40.708, 41.08, 41.1, 40.771, 40.712, 41.383, 42.28, 44.064, 46.576, 47.969, 47.896, 47.51, 47.904, 48.716, 49.008, 48.549, 47.619, 46.722, 46.174, 46.028, 46.104, 46.231, 46.433, 46.81, 47.384, 48.075, 48.752, 49.353, 49.769, 49.903, 49.89, 50.406, 52.204, 55.017, 57.279, 57.624, 56.674, 56.243, 57.195, 58.212, 57.559, 55.255, 52.972, 52.104, 52.339, 53.091, 53.901, 54.146, 53.779, 53.94, 55.275, 57.097, 27.717], [27.455, 26.871, 25.425, 23.595, 22.454, 21.728, 20.619, 19.02, 17.375, 15.949, 14.197, 11.192, 7.183, 3.388, 0.0, 3.218, 5.815, 7.443, 8.986, 11.825, 16.121, 20.664, 24.31, 26.882, 28.541, 29.378, 29.957, 30.838, 32.141, 33.5, 34.494, 35.17, 35.874, 36.631, 37.04, 37.102, 37.099, 37.218, 37.491, 37.865, 38.264, 38.707, 39.088, 39.363, 39.643, 39.976, 40.316, 40.425, 40.051, 39.536, 39.17, 38.96, 38.861, 38.867, 38.89, 38.824, 38.689, 38.587, 38.456, 38.379, 38.458, 38.715, 39.308, 40.541, 41.848, 42.328, 41.824, 40.731, 39.822, 39.713, 40.072, 40.381, 40.465, 40.214, 39.614, 38.906, 38.47, 38.26, 38.172, 38.17, 38.249, 38.399, 38.505, 38.456, 38.42, 38.573, 38.842, 39.002, 39.046, 39.184, 39.451, 39.706, 39.905, 40.064, 39.972, 39.547, 39.262, 39.515, 39.993, 40.401, 40.664, 40.819, 40.82, 40.643, 40.54, 40.754, 41.127, 41.146, 40.817, 40.761, 41.435, 42.333, 44.118, 46.633, 48.029, 47.956, 47.567, 47.957, 48.764, 49.05, 48.582, 47.646, 46.749, 46.207, 46.068, 46.147, 46.274, 46.48, 46.864, 47.442, 48.131, 48.807, 49.409, 49.825, 49.954, 49.936, 50.45, 52.249, 55.065, 57.331, 57.676, 56.72, 56.278, 57.224, 58.242, 57.591, 55.288, 53.006, 52.137, 52.375, 53.137, 53.957, 54.207, 53.841, 54.0, 55.334, 57.154, 28.275], [27.877, 27.298, 25.905, 24.152, 23.059, 22.352, 21.274, 19.755, 18.222, 16.897, 15.256, 12.5, 9.063, 6.068, 3.218, 0.0, 3.105, 5.62, 7.956, 11.105, 15.418, 19.997, 23.76, 26.449, 28.145, 28.946, 29.511, 30.47, 31.89, 33.323, 34.337, 35.011, 35.728, 36.516, 36.957, 37.05, 37.076, 37.214, 37.492, 37.868, 38.272, 38.72, 39.104, 39.386, 39.677, 40.022, 40.374, 40.493, 40.124, 39.608, 39.235, 39.013, 38.9, 38.897, 38.923, 38.868, 38.743, 38.652, 38.54, 38.485, 38.577, 38.833, 39.4, 40.582, 41.847, 42.311, 41.808, 40.73, 39.853, 39.771, 40.136, 40.446, 40.538, 40.3, 39.711, 39.007, 38.572, 38.364, 38.283, 38.287, 38.364, 38.51, 38.615, 38.571, 38.542, 38.693, 38.952, 39.104, 39.141, 39.267, 39.526, 39.784, 39.985, 40.132, 40.021, 39.589, 39.31, 39.567, 40.05, 40.464, 40.732, 40.889, 40.897, 40.728, 40.628, 40.839, 41.208, 41.229, 40.903, 40.847, 41.516, 42.412, 44.198, 46.704, 48.095, 48.023, 47.634, 48.018, 48.814, 49.091, 48.617, 47.679, 46.784, 46.244, 46.104, 46.175, 46.293, 46.5, 46.889, 47.462, 48.133, 48.789, 49.382, 49.798, 49.928, 49.908, 50.415, 52.202, 55.009, 57.27, 57.613, 56.656, 56.213, 57.162, 58.189, 57.547, 55.251, 52.973, 52.102, 52.337, 53.099, 53.922, 54.176, 53.813, 53.972, 55.303, 57.115, 28.696], [28.203, 27.631, 26.288, 24.61, 23.557, 22.845, 21.766, 20.292, 18.849, 17.611, 16.047, 13.435, 10.357, 7.983, 5.815, 3.105, 0.0, 3.268, 6.604, 10.349, 14.809, 19.411, 23.275, 26.118, 27.908, 28.697, 29.223, 30.215, 31.724, 33.22, 34.249, 34.921, 35.644, 36.457, 36.925, 37.05, 37.106, 37.258, 37.535, 37.906, 38.31, 38.759, 39.145, 39.43, 39.729, 40.078, 40.425, 40.534, 40.159, 39.641, 39.271, 39.052, 38.937, 38.93, 38.957, 38.905, 38.779, 38.685, 38.579, 38.535, 38.637, 38.896, 39.458, 40.62, 41.864, 42.317, 41.807, 40.728, 39.872, 39.823, 40.21, 40.531, 40.631, 40.399, 39.816, 39.117, 38.683, 38.476, 38.396, 38.4, 38.474, 38.62, 38.726, 38.682, 38.65, 38.798, 39.052, 39.203, 39.243, 39.37, 39.634, 39.902, 40.108, 40.249, 40.125, 39.694, 39.418, 39.674, 40.154, 40.568, 40.837, 40.998, 41.013, 40.85, 40.744, 40.94, 41.3, 41.322, 40.996, 40.936, 41.593, 42.481, 44.262, 46.755, 48.136, 48.06, 47.672, 48.053, 48.842, 49.111, 48.631, 47.693, 46.796, 46.254, 46.108, 46.166, 46.273, 46.477, 46.868, 47.437, 48.089, 48.722, 49.303, 49.717, 49.849, 49.828, 50.327, 52.108, 54.916, 57.181, 57.526, 56.57, 56.131, 57.094, 58.14, 57.513, 55.225, 52.953, 52.087, 52.323, 53.082, 53.903, 54.153, 53.785, 53.942, 55.271, 57.08, 29.015], [28.328, 27.765, 26.466, 24.863, 23.868, 23.172, 22.101, 20.653, 19.244, 18.039, 16.55, 14.086, 11.191, 9.069, 7.443, 5.62, 3.268, 0.0, 3.966, 8.449, 13.46, 18.413, 22.549, 25.633, 27.606, 28.498, 29.075, 30.114, 31.665, 33.178, 34.214, 34.904, 35.653, 36.479, 36.951, 37.079, 37.141, 37.293, 37.563, 37.931, 38.335, 38.784, 39.168, 39.455, 39.751, 40.092, 40.424, 40.517, 40.13, 39.61, 39.256, 39.066, 38.974, 38.976, 39.0, 38.942, 38.808, 38.707, 38.59, 38.531, 38.624, 38.891, 39.478, 40.67, 41.936, 42.395, 41.875, 40.776, 39.903, 39.855, 40.25, 40.576, 40.67, 40.427, 39.836, 39.136, 38.704, 38.494, 38.41, 38.411, 38.488, 38.639, 38.749, 38.701, 38.661, 38.804, 39.057, 39.212, 39.261, 39.397, 39.671, 39.945, 40.153, 40.298, 40.186, 39.765, 39.481, 39.716, 40.181, 40.583, 40.845, 41.003, 41.021, 40.858, 40.746, 40.929, 41.28, 41.299, 40.974, 40.912, 41.562, 42.434, 44.202, 46.689, 48.068, 47.988, 47.596, 47.975, 48.761, 49.026, 48.542, 47.6, 46.702, 46.159, 46.011, 46.065, 46.165, 46.366, 46.759, 47.336, 47.997, 48.636, 49.22, 49.636, 49.772, 49.753, 50.249, 52.034, 54.854, 57.132, 57.48, 56.521, 56.083, 57.053, 58.113, 57.493, 55.212, 52.951, 52.098, 52.341, 53.102, 53.922, 54.166, 53.79, 53.943, 55.276, 57.089, 29.135], [28.546, 28.002, 26.753, 25.224, 24.293, 23.64, 22.614, 21.226, 19.869, 18.703, 17.324, 15.08, 12.387, 10.338, 8.986, 7.956, 6.604, 3.966, 0.0, 5.02, 10.846, 16.604, 21.366, 24.863, 27.096, 28.191, 28.968, 30.169, 31.788, 33.291, 34.322, 35.047, 35.842, 36.682, 37.144, 37.259, 37.308, 37.45, 37.715, 38.08, 38.476, 38.913, 39.293, 39.58, 39.873, 40.201, 40.52, 40.604, 40.213, 39.703, 39.375, 39.22, 39.158, 39.171, 39.192, 39.127, 38.992, 38.885, 38.748, 38.659, 38.729, 38.995, 39.606, 40.833, 42.123, 42.592, 42.072, 40.961, 40.057, 39.975, 40.346, 40.651, 40.724, 40.465, 39.866, 39.168, 38.739, 38.527, 38.439, 38.442, 38.526, 38.686, 38.8, 38.751, 38.707, 38.844, 39.091, 39.244, 39.296, 39.434, 39.708, 39.98, 40.185, 40.336, 40.242, 39.83, 39.534, 39.747, 40.19, 40.571, 40.818, 40.967, 40.983, 40.826, 40.718, 40.898, 41.239, 41.257, 40.942, 40.889, 41.537, 42.387, 44.126, 46.601, 47.981, 47.9, 47.499, 47.868, 48.649, 48.913, 48.433, 47.493, 46.6, 46.066, 45.927, 45.986, 46.084, 46.282, 46.679, 47.268, 47.948, 48.607, 49.204, 49.628, 49.769, 49.752, 50.243, 52.019, 54.836, 57.112, 57.456, 56.486, 56.037, 57.002, 58.059, 57.436, 55.163, 52.921, 52.084, 52.333, 53.095, 53.916, 54.158, 53.774, 53.924, 55.26, 57.075, 29.346], [29.332, 28.818, 27.662, 26.246, 25.376, 24.761, 23.816, 22.578, 21.388, 20.373, 19.204, 17.295, 14.953, 13.077, 11.825, 11.105, 10.349, 8.449, 5.02, 0.0, 6.465, 13.297, 19.161, 23.439, 26.105, 27.487, 28.588, 30.125, 31.948, 33.494, 34.524, 35.284, 36.144, 37.024, 37.501, 37.619, 37.664, 37.799, 38.058, 38.412, 38.787, 39.204, 39.585, 39.888, 40.19, 40.515, 40.831, 40.92, 40.545, 40.056, 39.753, 39.618, 39.564, 39.576, 39.596, 39.535, 39.401, 39.288, 39.139, 39.025, 39.063, 39.304, 39.899, 41.1, 42.363, 42.82, 42.309, 41.214, 40.308, 40.196, 40.52, 40.78, 40.835, 40.581, 39.997, 39.314, 38.891, 38.681, 38.596, 38.607, 38.698, 38.86, 38.977, 38.936, 38.899, 39.034, 39.268, 39.414, 39.463, 39.593, 39.853, 40.113, 40.316, 40.464, 40.363, 39.944, 39.637, 39.833, 40.255, 40.61, 40.84, 40.984, 41.007, 40.871, 40.785, 40.968, 41.302, 41.321, 41.021, 40.985, 41.628, 42.457, 44.161, 46.616, 47.999, 47.92, 47.505, 47.848, 48.609, 48.872, 48.399, 47.466, 46.582, 46.064, 45.939, 46.002, 46.098, 46.293, 46.691, 47.287, 47.971, 48.634, 49.238, 49.668, 49.813, 49.792, 50.265, 52.016, 54.812, 57.07, 57.392, 56.399, 55.935, 56.895, 57.953, 57.32, 55.041, 52.81, 51.981, 52.226, 52.982, 53.801, 54.038, 53.65, 53.798, 55.131, 56.94, 30.119], [30.651, 30.157, 29.157, 27.955, 27.192, 26.613, 25.777, 24.768, 23.858, 23.089, 22.188, 20.663, 18.767, 17.223, 16.121, 15.418, 14.809, 13.46, 10.846, 6.465, 0.0, 7.734, 15.081, 20.672, 24.125, 25.952, 27.492, 29.516, 31.691, 33.377, 34.439, 35.242, 36.197, 37.171, 37.709, 37.859, 37.911, 38.046, 38.302, 38.643, 38.996, 39.405, 39.806, 40.145, 40.477, 40.824, 41.161, 41.271, 40.918, 40.443, 40.137, 39.978, 39.889, 39.879, 39.901, 39.854, 39.72, 39.604, 39.465, 39.349, 39.355, 39.544, 40.074, 41.188, 42.372, 42.789, 42.278, 41.215, 40.35, 40.242, 40.526, 40.741, 40.789, 40.563, 40.012, 39.346, 38.926, 38.719, 38.642, 38.663, 38.755, 38.911, 39.034, 39.018, 39.009, 39.159, 39.393, 39.541, 39.587, 39.703, 39.942, 40.196, 40.408, 40.547, 40.395, 39.917, 39.583, 39.775, 40.197, 40.545, 40.774, 40.927, 40.97, 40.863, 40.797, 40.984, 41.32, 41.34, 41.045, 41.016, 41.658, 42.497, 44.23, 46.71, 48.12, 48.047, 47.613, 47.915, 48.647, 48.903, 48.432, 47.494, 46.605, 46.088, 45.967, 46.027, 46.117, 46.31, 46.713, 47.318, 47.995, 48.636, 49.229, 49.661, 49.807, 49.772, 50.213, 51.94, 54.734, 56.991, 57.294, 56.272, 55.801, 56.793, 57.886, 57.246, 54.932, 52.669, 51.818, 52.044, 52.789, 53.608, 53.841, 53.445, 53.585, 54.906, 56.71, 31.434], [31.852, 31.345, 30.52, 29.608, 29.036, 28.555, 27.882, 27.148, 26.534, 26.003, 25.341, 24.167, 22.707, 21.537, 20.664, 19.997, 19.411, 18.413, 16.604, 13.297, 7.734, 0.0, 8.57, 15.826, 20.542, 23.163, 25.297, 27.83, 30.386, 32.305, 33.464, 34.337, 35.424, 36.563, 37.223, 37.426, 37.484, 37.622, 37.89, 38.228, 38.576, 39.003, 39.451, 39.849, 40.236, 40.634, 41.014, 41.15, 40.8, 40.297, 39.934, 39.703, 39.546, 39.5, 39.525, 39.501, 39.38, 39.279, 39.179, 39.09, 39.077, 39.211, 39.667, 40.697, 41.817, 42.202, 41.684, 40.642, 39.819, 39.728, 39.994, 40.186, 40.236, 40.045, 39.531, 38.867, 38.436, 38.231, 38.162, 38.186, 38.268, 38.416, 38.554, 38.57, 38.6, 38.781, 39.047, 39.215, 39.255, 39.346, 39.56, 39.814, 40.053, 40.185, 39.949, 39.355, 38.968, 39.185, 39.652, 40.027, 40.277, 40.448, 40.511, 40.416, 40.348, 40.536, 40.896, 40.912, 40.589, 40.543, 41.193, 42.107, 44.002, 46.615, 48.102, 48.042, 47.586, 47.859, 48.584, 48.849, 48.378, 47.422, 46.511, 45.981, 45.85, 45.901, 45.984, 46.182, 46.612, 47.259, 47.952, 48.57, 49.137, 49.566, 49.718, 49.668, 50.081, 51.823, 54.683, 57.005, 57.327, 56.29, 55.827, 56.882, 58.036, 57.391, 54.991, 52.609, 51.681, 51.875, 52.615, 53.449, 53.687, 53.272, 53.384, 54.687, 56.501, 32.648], [32.587, 32.041, 31.326, 30.661, 30.33, 30.045, 29.601, 29.11, 28.691, 28.313, 27.835, 26.959, 25.859, 24.98, 24.31, 23.76, 23.275, 22.549, 21.366, 19.161, 15.081, 8.57, 0.0, 8.521, 14.832, 18.806, 21.842, 24.813, 27.625, 29.802, 31.14, 32.148, 33.452, 34.874, 35.747, 36.038, 36.106, 36.26, 36.564, 36.929, 37.301, 37.779, 38.308, 38.793, 39.261, 39.736, 40.18, 40.345, 39.976, 39.407, 38.948, 38.628, 38.408, 38.332, 38.364, 38.381, 38.307, 38.266, 38.242, 38.21, 38.217, 38.326, 38.73, 39.72, 40.843, 41.245, 40.726, 39.678, 38.855, 38.754, 38.994, 39.169, 39.216, 39.047, 38.546, 37.857, 37.4, 37.19, 37.121, 37.139, 37.211, 37.357, 37.51, 37.55, 37.605, 37.823, 38.143, 38.346, 38.368, 38.419, 38.596, 38.842, 39.107, 39.244, 38.936, 38.227, 37.805, 38.087, 38.634, 39.062, 39.342, 39.531, 39.603, 39.499, 39.416, 39.622, 40.025, 40.032, 39.648, 39.559, 40.242, 41.294, 43.419, 46.211, 47.783, 47.736, 47.264, 47.539, 48.293, 48.584, 48.111, 47.129, 46.19, 45.638, 45.492, 45.532, 45.608, 45.814, 46.285, 47.005, 47.763, 48.401, 48.957, 49.39, 49.559, 49.516, 49.947, 51.769, 54.755, 57.184, 57.556, 56.522, 56.077, 57.19, 58.388, 57.713, 55.178, 52.616, 51.58, 51.751, 52.509, 53.372, 53.622, 53.188, 53.269, 54.565, 56.417, 33.367], [33.217, 32.646, 31.978, 31.465, 31.339, 31.269, 31.034, 30.692, 30.352, 30.044, 29.692, 29.027, 28.159, 27.437, 26.882, 26.449, 26.118, 25.633, 24.863, 23.439, 20.672, 15.826, 8.521, 0.0, 7.553, 13.259, 17.648, 21.139, 24.051, 26.36, 27.866, 29.102, 30.766, 32.602, 33.77, 34.194, 34.303, 34.498, 34.871, 35.301, 35.734, 36.291, 36.919, 37.491, 38.034, 38.595, 39.117, 39.325, 38.952, 38.347, 37.832, 37.465, 37.219, 37.132, 37.172, 37.235, 37.243, 37.311, 37.397, 37.435, 37.479, 37.585, 37.955, 38.93, 40.092, 40.538, 40.027, 38.959, 38.103, 37.955, 38.158, 38.327, 38.38, 38.217, 37.704, 36.971, 36.478, 36.253, 36.169, 36.171, 36.235, 36.38, 36.534, 36.578, 36.645, 36.889, 37.256, 37.487, 37.49, 37.495, 37.624, 37.847, 38.124, 38.27, 37.935, 37.208, 36.817, 37.163, 37.761, 38.225, 38.53, 38.739, 38.82, 38.71, 38.634, 38.882, 39.32, 39.306, 38.858, 38.727, 39.462, 40.666, 42.981, 45.884, 47.495, 47.453, 46.982, 47.278, 48.071, 48.384, 47.896, 46.878, 45.9, 45.323, 45.163, 45.19, 45.257, 45.459, 45.945, 46.709, 47.524, 48.188, 48.742, 49.185, 49.38, 49.363, 49.849, 51.773, 54.874, 57.385, 57.794, 56.768, 56.343, 57.503, 58.726, 58.017, 55.36, 52.646, 51.525, 51.686, 52.466, 53.353, 53.616, 53.177, 53.246, 54.551, 56.443, 33.935], [33.901, 33.337, 32.706, 32.271, 32.254, 32.319, 32.212, 31.953, 31.652, 31.375, 31.082, 30.514, 29.743, 29.071, 28.541, 28.145, 27.908, 27.606, 27.096, 26.105, 24.125, 20.542, 14.832, 7.553, 0.0, 7.026, 13.018, 17.457, 20.674, 23.025, 24.571, 26.028, 28.125, 30.399, 31.853, 32.423, 32.621, 32.912, 33.39, 33.909, 34.418, 35.054, 35.765, 36.405, 37.018, 37.669, 38.278, 38.547, 38.21, 37.628, 37.119, 36.753, 36.52, 36.448, 36.495, 36.579, 36.654, 36.846, 37.067, 37.187, 37.261, 37.356, 37.692, 38.655, 39.849, 40.331, 39.835, 38.768, 37.9, 37.706, 37.867, 38.041, 38.111, 37.962, 37.452, 36.706, 36.197, 35.959, 35.853, 35.837, 35.894, 36.034, 36.176, 36.213, 36.292, 36.552, 36.932, 37.164, 37.148, 37.116, 37.198, 37.391, 37.667, 37.82, 37.486, 36.783, 36.424, 36.784, 37.38, 37.844, 38.151, 38.366, 38.455, 38.363, 38.332, 38.63, 39.08, 39.041, 38.555, 38.4, 39.158, 40.438, 42.831, 45.768, 47.39, 47.353, 46.89, 47.202, 48.015, 48.337, 47.841, 46.8, 45.8, 45.212, 45.049, 45.069, 45.126, 45.318, 45.794, 46.551, 47.36, 48.005, 48.539, 48.991, 49.207, 49.209, 49.73, 51.713, 54.88, 57.434, 57.863, 56.843, 56.429, 57.613, 58.857, 58.149, 55.449, 52.681, 51.529, 51.678, 52.46, 53.351, 53.617, 53.177, 53.246, 54.554, 56.46, 34.559], [34.312, 33.759, 33.145, 32.744, 32.774, 32.897, 32.851, 32.645, 32.386, 32.138, 31.863, 31.316, 30.57, 29.915, 29.378, 28.946, 28.697, 28.498, 28.191, 27.487, 25.952, 23.163, 18.806, 13.259, 7.026, 0.0, 7.097, 12.898, 17.16, 19.957, 21.508, 22.992, 25.418, 28.098, 29.813, 30.528, 30.85, 31.293, 31.928, 32.571, 33.166, 33.875, 34.655, 35.369, 36.073, 36.824, 37.526, 37.863, 37.575, 37.027, 36.526, 36.157, 35.941, 35.9, 35.964, 36.056, 36.188, 36.505, 36.868, 37.089, 37.205, 37.298, 37.609, 38.565, 39.784, 40.293, 39.808, 38.75, 37.89, 37.674, 37.809, 37.992, 38.084, 37.949, 37.441, 36.69, 36.172, 35.923, 35.809, 35.791, 35.851, 35.987, 36.112, 36.135, 36.219, 36.494, 36.876, 37.096, 37.067, 37.016, 37.073, 37.251, 37.53, 37.688, 37.347, 36.645, 36.318, 36.704, 37.289, 37.724, 38.008, 38.214, 38.311, 38.244, 38.259, 38.591, 39.04, 38.986, 38.491, 38.337, 39.099, 40.391, 42.811, 45.768, 47.396, 47.365, 46.915, 47.24, 48.053, 48.364, 47.853, 46.799, 45.788, 45.195, 45.034, 45.058, 45.117, 45.308, 45.772, 46.506, 47.284, 47.892, 48.398, 48.837, 49.052, 49.062, 49.611, 51.652, 54.882, 57.473, 57.909, 56.889, 56.483, 57.688, 58.959, 58.276, 55.597, 52.857, 51.728, 51.886, 52.668, 53.557, 53.819, 53.381, 53.46, 54.772, 56.668, 34.93], [34.404, 33.853, 33.24, 32.885, 32.995, 33.186, 33.187, 33.019, 32.795, 32.57, 32.307, 31.773, 31.062, 30.457, 29.957, 29.511, 29.223, 29.075, 28.968, 28.588, 27.492, 25.297, 21.842, 17.648, 13.018, 7.097, 0.0, 6.934, 12.797, 16.692, 18.477, 19.77, 22.275, 25.307, 27.316, 28.197, 28.648, 29.263, 30.103, 30.923, 31.644, 32.45, 33.323, 34.153, 34.989, 35.863, 36.663, 37.068, 36.818, 36.283, 35.763, 35.375, 35.174, 35.166, 35.251, 35.36, 35.552, 35.974, 36.444, 36.761, 36.949, 37.074, 37.376, 38.328, 39.569, 40.097, 39.618, 38.556, 37.69, 37.465, 37.605, 37.824, 37.944, 37.808, 37.276, 36.497, 35.957, 35.697, 35.584, 35.578, 35.647, 35.786, 35.9, 35.897, 35.958, 36.233, 36.622, 36.837, 36.806, 36.76, 36.823, 37.006, 37.288, 37.44, 37.083, 36.39, 36.129, 36.572, 37.147, 37.538, 37.792, 37.994, 38.097, 38.04, 38.067, 38.407, 38.854, 38.799, 38.309, 38.167, 38.933, 40.228, 42.694, 45.697, 47.332, 47.303, 46.874, 47.229, 48.051, 48.346, 47.815, 46.75, 45.729, 45.125, 44.964, 45.001, 45.077, 45.279, 45.743, 46.47, 47.243, 47.848, 48.344, 48.76, 48.951, 48.962, 49.554, 51.677, 54.986, 57.612, 58.048, 57.03, 56.646, 57.875, 59.156, 58.48, 55.821, 53.115, 52.019, 52.198, 52.989, 53.881, 54.148, 53.722, 53.822, 55.144, 57.032, 34.965], [34.416, 33.86, 33.24, 32.961, 33.218, 33.537, 33.616, 33.485, 33.282, 33.09, 32.874, 32.401, 31.765, 31.244, 30.838, 30.47, 30.215, 30.114, 30.169, 30.125, 29.516, 27.83, 24.813, 21.139, 17.457, 12.898, 6.934, 0.0, 7.035, 12.268, 14.718, 16.026, 18.525, 21.85, 24.193, 25.282, 25.852, 26.62, 27.683, 28.724, 29.634, 30.597, 31.612, 32.607, 33.62, 34.649, 35.572, 36.054, 35.827, 35.278, 34.728, 34.331, 34.155, 34.17, 34.26, 34.376, 34.617, 35.112, 35.65, 36.048, 36.327, 36.523, 36.874, 37.873, 39.162, 39.721, 39.246, 38.156, 37.235, 36.967, 37.119, 37.385, 37.525, 37.36, 36.768, 35.928, 35.352, 35.083, 34.974, 34.972, 35.046, 35.197, 35.307, 35.262, 35.272, 35.532, 35.942, 36.176, 36.155, 36.127, 36.212, 36.411, 36.698, 36.839, 36.466, 35.794, 35.628, 36.147, 36.718, 37.073, 37.319, 37.534, 37.643, 37.573, 37.588, 37.939, 38.411, 38.365, 37.872, 37.737, 38.516, 39.833, 42.392, 45.504, 47.174, 47.143, 46.726, 47.119, 47.972, 48.265, 47.712, 46.619, 45.569, 44.94, 44.77, 44.819, 44.913, 45.129, 45.604, 46.347, 47.151, 47.798, 48.319, 48.733, 48.909, 48.921, 49.567, 51.798, 55.216, 57.899, 58.349, 57.336, 56.968, 58.21, 59.484, 58.79, 56.112, 53.39, 52.286, 52.474, 53.286, 54.199, 54.482, 54.072, 54.197, 55.552, 57.462, 34.88], [34.617, 34.067, 33.461, 33.277, 33.69, 34.143, 34.309, 34.228, 34.071, 33.94, 33.806, 33.427, 32.887, 32.449, 32.141, 31.89, 31.724, 31.665, 31.788, 31.948, 31.691, 30.386, 27.625, 24.051, 20.674, 17.16, 12.797, 7.035, 0.0, 6.156, 9.717, 11.881, 14.824, 18.406, 20.972, 22.247, 22.961, 23.892, 25.175, 26.449, 27.567, 28.697, 29.847, 30.994, 32.177, 33.366, 34.426, 35.001, 34.811, 34.265, 33.729, 33.383, 33.258, 33.281, 33.345, 33.442, 33.704, 34.253, 34.847, 35.305, 35.654, 35.926, 36.37, 37.473, 38.844, 39.441, 38.965, 37.83, 36.822, 36.477, 36.619, 36.917, 37.062, 36.862, 36.207, 35.303, 34.695, 34.423, 34.315, 34.309, 34.383, 34.543, 34.646, 34.555, 34.51, 34.753, 35.185, 35.443, 35.434, 35.413, 35.515, 35.742, 36.05, 36.196, 35.816, 35.196, 35.144, 35.743, 36.322, 36.663, 36.919, 37.16, 37.28, 37.196, 37.198, 37.571, 38.081, 38.055, 37.562, 37.431, 38.229, 39.581, 42.235, 45.459, 47.182, 47.145, 46.726, 47.15, 48.04, 48.347, 47.779, 46.651, 45.561, 44.899, 44.711, 44.754, 44.849, 45.07, 45.548, 46.293, 47.111, 47.787, 48.341, 48.777, 48.957, 48.971, 49.656, 51.972, 55.485, 58.233, 58.707, 57.694, 57.325, 58.564, 59.832, 59.13, 56.433, 53.679, 52.543, 52.726, 53.557, 54.495, 54.795, 54.393, 54.539, 55.936, 57.888, 34.982], [35.154, 34.632, 34.073, 33.964, 34.45, 34.957, 35.159, 35.121, 35.025, 34.961, 34.889, 34.581, 34.119, 33.745, 33.5, 33.323, 33.22, 33.178, 33.291, 33.494, 33.377, 32.305, 29.802, 26.36, 23.025, 19.957, 16.692, 12.268, 6.156, 0.0, 4.656, 8.525, 12.602, 16.504, 19.094, 20.419, 21.278, 22.4, 23.884, 25.335, 26.575, 27.764, 28.946, 30.147, 31.41, 32.688, 33.838, 34.491, 34.366, 33.883, 33.435, 33.188, 33.12, 33.142, 33.171, 33.238, 33.51, 34.105, 34.75, 35.239, 35.606, 35.899, 36.376, 37.509, 38.896, 39.5, 39.027, 37.884, 36.842, 36.453, 36.57, 36.863, 37.005, 36.795, 36.128, 35.222, 34.621, 34.356, 34.243, 34.225, 34.296, 34.456, 34.55, 34.438, 34.372, 34.605, 35.036, 35.294, 35.279, 35.24, 35.326, 35.554, 35.872, 36.029, 35.678, 35.151, 35.21, 35.854, 36.431, 36.76, 37.013, 37.264, 37.402, 37.333, 37.346, 37.729, 38.246, 38.233, 37.761, 37.64, 38.434, 39.782, 42.449, 45.679, 47.408, 47.371, 46.957, 47.396, 48.301, 48.617, 48.051, 46.92, 45.824, 45.156, 44.955, 44.98, 45.062, 45.276, 45.736, 46.45, 47.238, 47.896, 48.452, 48.901, 49.088, 49.104, 49.794, 52.113, 55.625, 58.375, 58.857, 57.851, 57.481, 58.702, 59.96, 59.267, 56.584, 53.835, 52.69, 52.866, 53.693, 54.624, 54.921, 54.523, 54.682, 56.088, 58.046, 35.466], [35.785, 35.291, 34.782, 34.709, 35.196, 35.693, 35.895, 35.876, 35.817, 35.785, 35.73, 35.451, 35.037, 34.71, 34.494, 34.337, 34.249, 34.214, 34.322, 34.524, 34.439, 33.464, 31.14, 27.866, 24.571, 21.508, 18.477, 14.718, 9.717, 4.656, 0.0, 5.101, 10.487, 15.095, 17.902, 19.281, 20.265, 21.612, 23.323, 24.93, 26.241, 27.443, 28.629, 29.865, 31.186, 32.519, 33.712, 34.41, 34.348, 33.941, 33.569, 33.373, 33.326, 33.345, 33.361, 33.432, 33.745, 34.407, 35.111, 35.631, 36.005, 36.278, 36.697, 37.746, 39.071, 39.656, 39.196, 38.085, 37.079, 36.694, 36.789, 37.063, 37.2, 37.0, 36.359, 35.497, 34.936, 34.689, 34.575, 34.547, 34.613, 34.772, 34.865, 34.758, 34.702, 34.94, 35.361, 35.605, 35.57, 35.496, 35.538, 35.727, 36.02, 36.173, 35.855, 35.409, 35.537, 36.19, 36.746, 37.041, 37.263, 37.502, 37.655, 37.619, 37.659, 38.038, 38.53, 38.514, 38.063, 37.949, 38.713, 40.036, 42.677, 45.854, 47.55, 47.514, 47.114, 47.557, 48.456, 48.769, 48.211, 47.099, 46.025, 45.373, 45.175, 45.191, 45.263, 45.467, 45.908, 46.593, 47.35, 47.982, 48.524, 48.964, 49.147, 49.163, 49.844, 52.123, 55.574, 58.28, 58.752, 57.764, 57.403, 58.605, 59.841, 59.154, 56.497, 53.777, 52.65, 52.826, 53.635, 54.543, 54.828, 54.434, 54.592, 55.977, 57.898, 36.09], [36.277, 35.796, 35.311, 35.255, 35.74, 36.236, 36.448, 36.445, 36.396, 36.37, 36.318, 36.054, 35.669, 35.37, 35.17, 35.011, 34.921, 34.904, 35.047, 35.284, 35.242, 34.337, 32.148, 29.102, 26.028, 22.992, 19.77, 16.026, 11.881, 8.525, 5.101, 0.0, 6.284, 11.884, 15.343, 17.043, 18.229, 19.84, 21.86, 23.715, 25.179, 26.47, 27.744, 29.108, 30.575, 32.02, 33.281, 34.025, 34.011, 33.655, 33.315, 33.123, 33.072, 33.089, 33.112, 33.218, 33.607, 34.362, 35.152, 35.75, 36.182, 36.459, 36.806, 37.755, 39.017, 39.602, 39.18, 38.119, 37.157, 36.79, 36.883, 37.151, 37.284, 37.081, 36.456, 35.633, 35.114, 34.894, 34.79, 34.758, 34.819, 34.975, 35.066, 34.959, 34.907, 35.149, 35.572, 35.813, 35.77, 35.685, 35.701, 35.847, 36.102, 36.234, 35.92, 35.499, 35.66, 36.325, 36.856, 37.106, 37.289, 37.512, 37.671, 37.652, 37.704, 38.071, 38.538, 38.519, 38.091, 37.99, 38.736, 40.052, 42.692, 45.839, 47.511, 47.472, 47.079, 47.519, 48.403, 48.708, 48.155, 47.056, 46.0, 45.363, 45.175, 45.2, 45.277, 45.476, 45.905, 46.581, 47.34, 47.98, 48.525, 48.958, 49.134, 49.151, 49.829, 52.08, 55.48, 58.141, 58.602, 57.635, 57.289, 58.468, 59.675, 58.987, 56.357, 53.673, 52.57, 52.747, 53.547, 54.445, 54.727, 54.336, 54.49, 55.851, 57.739, 36.57], [36.686, 36.223, 35.745, 35.701, 36.201, 36.721, 36.967, 36.987, 36.944, 36.924, 36.895, 36.667, 36.321, 36.052, 35.874, 35.728, 35.644, 35.653, 35.842, 36.144, 36.197, 35.424, 33.452, 30.766, 28.125, 25.418, 22.275, 18.525, 14.824, 12.602, 10.487, 6.284, 0.0, 6.302, 10.659, 