[[0.0, 6.785, 12.748, 17.36, 20.95, 24.399, 26.627, 27.767, 29.459, 31.942, 33.958, 35.238, 36.457, 37.83, 39.077, 39.986, 40.357, 40.505, 40.754, 41.435, 42.402, 42.328, 40.78, 39.819, 40.089, 40.363, 40.115, 39.951, 40.454, 41.148, 41.33, 41.363, 41.519, 41.287, 40.635, 40.656, 41.646, 42.303, 42.386, 43.176, 44.558, 45.162, 45.6, 47.181, 48.932, 49.621, 49.3, 49.167, 49.657, 50.428, 50.532, 49.595, 48.759, 48.342, 47.856, 47.116, 46.46, 46.062, 45.414, 44.686, 44.639, 44.37, 43.049, 41.892, 41.852, 41.673, 40.759, 40.206, 40.444, 40.335, 39.685, 39.631, 40.185, 40.04, 39.485, 39.418, 39.994, 40.549, 41.018, 41.255, 41.023, 40.727, 40.6, 40.468, 40.13, 39.633, 39.352, 39.353, 39.416, 39.18, 38.89, 39.139, 39.8, 40.561, 41.252, 41.577, 40.977, 39.658, 38.767, 38.946, 39.79, 39.872, 40.209, 41.853, 42.844, 42.729, 42.294, 42.109, 42.594, 43.411, 44.03, 43.913, 43.299, 42.801, 42.771, 43.383, 43.961, 43.774, 42.443, 41.3, 41.782, 43.334, 44.201, 43.766, 43.152, 42.913, 42.439, 41.896, 41.891, 42.62, 43.367, 43.643, 43.712, 43.539, 42.994, 42.373, 42.214, 42.107, 41.742, 41.656, 41.722, 41.304, 40.657, 40.958, 41.063, 7.57], [6.785, 0.0, 7.427, 13.432, 17.681, 21.335, 23.652, 24.944, 26.873, 29.529, 31.648, 33.07, 34.463, 36.017, 37.424, 38.448, 38.879, 39.092, 39.45, 40.22, 41.306, 41.464, 40.18, 39.384, 39.705, 40.057, 39.954, 39.87, 40.36, 41.019, 41.185, 41.218, 41.381, 41.139, 40.468, 40.512, 41.527, 42.184, 42.263, 43.057, 44.452, 45.051, 45.459, 47.057, 48.909, 49.651, 49.305, 49.171, 49.706, 50.51, 50.617, 49.661, 48.812, 48.404, 47.923, 47.167, 46.502, 46.102, 45.442, 44.7, 44.681, 44.435, 43.076, 41.891, 41.848, 41.654, 40.735, 40.191, 40.43, 40.31, 39.645, 39.548, 40.061, 39.925, 39.416, 39.34, 39.886, 40.411, 40.866, 41.114, 40.89, 40.596, 40.463, 40.322, 39.97, 39.461, 39.174, 39.19, 39.289, 39.063, 38.764, 39.012, 39.672, 40.428, 41.121, 41.444, 40.824, 39.463, 38.552, 38.751, 39.636, 39.736, 40.059, 41.723, 42.73, 42.605, 42.152, 41.963, 42.466, 43.304, 43.935, 43.813, 43.163, 42.612, 42.597, 43.292, 43.942, 43.775, 42.431, 41.292, 41.809, 43.407, 44.315, 43.908, 43.296, 43.032, 42.517, 41.947, 41.957, 42.712, 43.477, 43.76, 43.815, 43.589, 42.993, 42.348, 42.184, 42.078, 41.696, 41.577, 41.629, 41.227, 40.575, 40.88, 40.984, 12.403], [12.748, 7.427, 0.0, 7.332, 13.286, 18.057, 20.591, 21.797, 23.884, 26.827, 29.099, 30.625, 32.224, 34.028, 35.625, 36.761, 37.238, 37.54, 38.042, 38.915, 40.091, 40.417, 39.344, 38.709, 39.105, 39.505, 39.509, 39.565, 40.149, 40.832, 40.987, 41.009, 41.163, 40.898, 40.201, 40.259, 41.295, 41.946, 42.012, 42.803, 44.199, 44.798, 45.211, 46.849, 48.77, 49.546, 49.186, 49.068, 49.643, 50.462, 50.553, 49.576, 48.713, 48.291, 47.804, 47.046, 46.383, 45.99, 45.326, 44.578, 44.576, 44.324, 42.896, 41.654, 41.602, 41.395, 40.443, 39.876, 40.113, 39.973, 39.264, 39.182, 39.732, 39.606, 39.143, 39.122, 39.679, 40.16, 40.573, 40.805, 40.566, 40.257, 40.117, 39.968, 39.614, 39.123, 38.855, 38.876, 38.981, 38.759, 38.459, 38.71, 39.358, 40.116, 40.84, 41.177, 40.516, 39.069, 38.114, 38.337, 39.247, 39.362, 39.697, 41.401, 42.434, 42.304, 41.837, 41.654, 42.19, 43.071, 43.74, 43.63, 42.945, 42.352, 42.355, 43.107, 43.774, 43.599, 42.235, 41.069, 41.569, 43.186, 44.143, 43.773, 43.155, 42.861, 42.308, 41.697, 41.683, 42.423, 43.192, 43.49, 43.551, 43.298, 42.67, 42.005, 41.832, 41.715, 41.309, 41.185, 41.284, 40.972, 40.371, 40.674, 40.781, 16.371], [17.36, 13.432, 7.332, 0.0, 7.723, 14.496, 17.846, 19.083, 21.221, 24.39, 26.872, 28.551, 30.361, 32.431, 34.239, 35.491, 36.016, 36.407, 37.047, 38.005, 39.235, 39.682, 38.773, 38.258, 38.741, 39.203, 39.265, 39.421, 40.13, 40.895, 41.068, 41.076, 41.214, 40.936, 40.24, 40.35, 41.449, 42.127, 42.202, 43.016, 44.41, 44.989, 45.392, 47.051, 49.005, 49.775, 49.389, 49.285, 49.897, 50.718, 50.785, 49.787, 48.916, 48.478, 47.982, 47.222, 46.557, 46.163, 45.491, 44.728, 44.712, 44.434, 42.945, 41.661, 41.607, 41.38, 40.384, 39.79, 40.024, 39.867, 39.126, 39.07, 39.656, 39.548, 39.144, 39.219, 39.82, 40.274, 40.641, 40.844, 40.582, 40.248, 40.09, 39.936, 39.598, 39.152, 38.914, 38.916, 38.983, 38.742, 38.428, 38.662, 39.3, 40.073, 40.841, 41.205, 40.508, 38.972, 37.968, 38.209, 39.122, 39.26, 39.612, 41.329, 42.372, 42.247, 41.79, 41.627, 42.19, 43.105, 43.802, 43.697, 42.988, 42.374, 42.39, 43.169, 43.828, 43.644, 42.263, 41.054, 41.514, 43.136, 44.135, 43.787, 43.141, 42.814, 42.241, 41.604, 41.557, 42.272, 43.042, 43.352, 43.427, 43.177, 42.552, 41.892, 41.714, 41.581, 41.149, 41.014, 41.148, 40.914, 40.392, 40.697, 40.806, 20.12], [20.95, 17.681, 13.286, 7.723, 0.0, 8.433, 13.487, 15.781, 18.256, 21.448, 24.122, 26.114, 28.233, 30.64, 32.779, 34.271, 34.95, 35.469, 36.22, 37.257, 38.595, 39.26, 38.618, 38.268, 38.818, 39.355, 39.501, 39.717, 40.47, 41.27, 41.46, 41.468, 41.601, 41.32, 40.639, 40.804, 41.952, 42.629, 42.694, 43.499, 44.861, 45.389, 45.735, 47.354, 49.316, 50.08, 49.663, 49.551, 50.191, 51.019, 51.082, 50.083, 49.224, 48.806, 48.333, 47.599, 46.952, 46.561, 45.897, 45.156, 45.148, 44.863, 43.358, 42.082, 42.03, 41.794, 40.812, 40.245, 40.481, 40.324, 39.604, 39.532, 40.068, 39.964, 39.607, 39.709, 40.309, 40.743, 41.091, 41.293, 41.031, 40.67, 40.488, 40.333, 40.022, 39.63, 39.429, 39.425, 39.451, 39.17, 38.819, 39.019, 39.631, 40.391, 41.159, 41.525, 40.821, 39.262, 38.262, 38.537, 39.456, 39.577, 39.874, 41.541, 42.559, 42.425, 41.976, 41.823, 42.379, 43.28, 43.979, 43.891, 43.189, 42.557, 42.553, 43.315, 43.972, 43.826, 42.489, 41.303, 41.761, 43.4, 44.416, 44.061, 43.383, 43.029, 42.456, 41.837, 41.805, 42.527, 43.304, 43.616, 43.685, 43.429, 42.817, 42.185, 42.009, 41.867, 41.437, 41.284, 41.403, 41.187, 40.684, 40.981, 41.09, 23.592], [24.399, 21.335, 18.057, 14.496, 8.433, 0.0, 6.956, 11.736, 15.335, 18.379, 20.917, 23.219, 25.785, 28.592, 31.076, 32.852, 33.76, 34.45, 35.293, 36.407, 37.91, 38.88, 38.589, 38.443, 39.024, 39.628, 39.898, 40.155, 40.859, 41.624, 41.83, 41.866, 42.007, 41.713, 41.01, 41.175, 42.332, 42.981, 42.999, 43.735, 45.044, 45.534, 45.809, 47.355, 49.322, 50.119, 49.688, 49.561, 50.234, 51.091, 51.172, 50.191, 49.355, 48.982, 48.569, 47.899, 47.296, 46.918, 46.278, 45.584, 45.618, 45.362, 43.893, 42.651, 42.604, 42.371, 41.443, 40.937, 41.172, 41.012, 40.334, 40.252, 40.733, 40.63, 40.315, 40.374, 40.899, 41.29, 41.634, 41.854, 41.605, 41.223, 41.008, 40.845, 40.551, 40.189, 40.011, 40.02, 40.03, 39.7, 39.298, 39.453, 40.022, 40.745, 41.487, 41.839, 41.141, 39.607, 38.647, 38.944, 39.856, 39.925, 40.139, 41.727, 42.699, 42.544, 42.098, 41.958, 42.5, 43.366, 44.049, 43.987, 43.315, 42.666, 42.621, 43.336, 43.983, 43.885, 42.636, 41.529, 41.996, 43.623, 44.632, 44.288, 43.623, 43.274, 42.718, 42.135, 42.144, 42.888, 43.669, 43.969, 44.009, 43.726, 43.113, 42.511, 42.341, 42.198, 41.802, 41.663, 41.763, 41.551, 41.022, 41.295, 41.382, 26.946], [26.627, 23.652, 20.591, 17.846, 13.487, 6.956, 0.0, 7.039, 12.478, 16.025, 18.388, 20.8, 23.807, 26.978, 29.685, 31.645, 32.727, 33.564, 34.482, 35.659, 37.269, 38.392, 38.263, 38.229, 38.821, 39.461, 39.822, 40.11, 40.783, 41.536, 41.765, 41.828, 41.982, 41.667, 40.923, 41.068, 42.231, 42.871, 42.849, 43.536, 44.832, 45.342, 45.628, 47.17, 49.144, 49.968, 49.548, 49.427, 50.119, 51.003, 51.111, 50.137, 49.306, 48.944, 48.547, 47.885, 47.293, 46.916, 46.269, 45.573, 45.631, 45.397, 43.932, 42.687, 42.649, 42.426, 41.51, 41.017, 41.242, 41.069, 40.395, 40.34, 40.849, 40.765, 40.471, 40.499, 40.971, 41.349, 41.725, 41.978, 41.736, 41.341, 41.109, 40.941, 40.656, 40.303, 40.134, 40.151, 40.15, 39.781, 39.338, 39.468, 40.017, 40.727, 41.468, 41.813, 41.102, 39.547, 38.551, 38.819, 39.731, 39.781, 40.003, 41.618, 42.597, 42.427, 41.968, 41.834, 42.383, 43.243, 43.916, 43.856, 43.194, 42.552, 42.521, 43.26, 43.898, 43.781, 42.535, 41.445, 41.921, 43.551, 44.577, 44.277, 43.658, 43.321, 42.752, 42.137, 42.12, 42.856, 43.634, 43.933, 43.97, 43.677, 43.049, 42.44, 42.261, 42.104, 41.707, 41.584, 41.686, 41.495, 40.963, 41.223, 41.291, 28.964], [27.767, 24.944, 21.797, 19.083, 15.781, 11.736, 7.039, 0.0, 7.12, 12.527, 15.825, 18.428, 21.654, 25.108, 28.014, 30.124, 31.348, 32.335, 33.37, 34.63, 36.283, 37.377, 37.198, 37.187, 37.821, 38.488, 38.905, 39.291, 40.073, 40.914, 41.171, 41.228, 41.383, 41.09, 40.376, 40.533, 41.686, 42.329, 42.319, 43.054, 44.427, 45.012, 45.375, 46.98, 48.969, 49.788, 49.384, 49.293, 49.98, 50.851, 50.956, 49.971, 49.131, 48.758, 48.335, 47.622, 46.992, 46.585, 45.885, 45.135, 45.19, 44.938, 43.41, 42.117, 42.081, 41.855, 40.899, 40.355, 40.566, 40.389, 39.71, 39.709, 40.314, 40.255, 39.924, 39.948, 40.478, 40.936, 41.381, 41.66, 41.409, 41.001, 40.758, 40.583, 40.303, 39.96, 39.8, 39.824, 39.813, 39.404, 38.912, 39.034, 39.617, 40.376, 41.157, 41.519, 40.782, 39.14, 38.032, 38.275, 39.216, 39.276, 39.536, 41.222, 42.225, 42.028, 41.535, 41.4, 41.993, 42.907, 43.6, 43.52, 42.825, 42.18, 42.196, 43.031, 43.713, 43.524, 42.181, 41.039, 41.554, 43.256, 44.341, 44.077, 43.475, 43.133, 42.518, 41.827, 41.766, 42.509, 43.303, 43.61, 43.659, 43.363, 42.696, 42.036, 41.835, 41.659, 41.221, 41.101, 41.235, 41.044, 40.501, 40.757, 40.838, 29.799], [29.459, 26.873, 23.884, 21.221, 18.256, 15.335, 12.478, 7.12, 0.0, 7.135, 12.281, 15.687, 18.943, 22.423, 25.473, 27.744, 29.159, 30.449, 31.759, 33.094, 34.738, 35.91, 35.921, 36.088, 36.803, 37.533, 38.096, 38.676, 39.617, 40.56, 40.868, 40.932, 41.088, 40.872, 40.318, 40.549, 41.666, 42.302, 42.332, 43.145, 44.61, 45.26, 45.637, 47.208, 49.157, 49.942, 49.543, 49.475, 50.148, 50.979, 51.07, 50.102, 49.28, 48.913, 48.492, 47.779, 47.148, 46.728, 46.01, 45.245, 45.275, 45.0, 43.473, 42.202, 42.163, 41.927, 40.976, 40.423, 40.607, 40.421, 39.783, 39.817, 40.463, 40.431, 40.082, 40.112, 40.715, 41.239, 41.7, 41.966, 41.706, 41.294, 41.038, 40.864, 40.612, 40.308, 40.168, 40.192, 40.173, 39.749, 39.212, 39.293, 39.875, 40.646, 41.429, 41.804, 41.089, 39.467, 38.373, 38.641, 39.583, 39.624, 39.803, 41.373, 42.309, 42.087, 41.592, 41.476, 42.099, 43.038, 43.75, 43.683, 42.994, 42.35, 42.368, 43.221, 43.933, 43.7, 42.332, 41.191, 41.709, 43.417, 44.531, 44.311, 43.731, 43.396, 42.774, 42.052, 41.961, 42.683, 43.456, 43.741, 43.77, 43.456, 42.775, 42.118, 41.932, 41.761, 41.33, 41.225, 41.377, 41.174, 40.625, 40.86, 40.938, 31.258], [31.942, 29.529, 26.827, 24.39, 21.448, 18.379, 16.025, 12.527, 7.135, 0.0, 6.735, 11.841, 15.786, 19.438, 22.636, 25.088, 26.772, 28.517, 30.235, 31.669, 33.348, 34.881, 35.476, 35.997, 36.783, 37.615, 38.417, 39.176, 40.166, 41.142, 41.512, 41.628, 41.81, 41.657, 41.252, 41.581, 42.675, 43.287, 43.323, 44.12, 45.562, 46.193, 46.494, 47.912, 49.739, 50.451, 50.041, 49.983, 50.635, 51.417, 51.502, 50.589, 49.821, 49.483, 49.097, 48.446, 47.854, 47.452, 46.778, 46.071, 46.091, 45.818, 44.387, 43.225, 43.208, 42.983, 42.116, 41.635, 41.8, 41.608, 41.045, 41.11, 41.725, 41.701, 41.399, 41.426, 41.993, 42.467, 42.867, 43.1, 42.849, 42.446, 42.194, 42.048, 41.851, 41.606, 41.488, 41.516, 41.513, 41.109, 40.555, 40.568, 41.064, 41.755, 42.48, 42.837, 42.171, 40.667, 39.691, 39.966, 40.827, 40.8, 40.838, 42.206, 43.046, 42.827, 42.359, 42.248, 42.833, 43.731, 44.446, 44.436, 43.827, 43.226, 43.199, 43.937, 44.593, 44.346, 43.072, 42.038, 42.531, 44.15, 45.246, 45.08, 44.543, 44.24, 43.674, 42.992, 42.886, 43.54, 44.246, 44.488, 44.477, 44.144, 43.499, 42.929, 42.793, 42.643, 42.277, 42.218, 42.372, 42.188, 41.655, 41.856, 41.914, 33.652], [33.958, 31.648, 29.099, 26.872, 24.122, 20.917, 18.388, 15.825, 12.281, 6.735, 0.0, 6.714, 12.409, 17.04, 20.6, 23.24, 25.154, 27.225, 29.235, 30.819, 32.627, 34.505, 35.544, 36.318, 37.147, 38.044, 39.011, 39.876, 40.861, 41.813, 42.203, 42.357, 42.569, 42.442, 42.086, 42.459, 43.557, 44.171, 44.191, 44.909, 46.266, 46.853, 47.096, 48.396, 50.129, 50.8, 50.392, 50.335, 50.965, 51.71, 51.779, 50.897, 50.169, 49.849, 49.485, 48.881, 48.324, 47.945, 47.31, 46.654, 46.688, 46.438, 45.09, 44.001, 43.997, 43.794, 42.999, 42.581, 42.747, 42.557, 42.036, 42.146, 42.75, 42.721, 42.455, 42.465, 42.937, 43.308, 43.649, 43.87, 43.636, 43.257, 43.023, 42.899, 42.728, 42.513, 42.411, 42.445, 42.466, 42.097, 41.564, 41.544, 41.948, 42.542, 43.209, 43.549, 42.916, 41.49, 40.577, 40.822, 41.587, 41.483, 41.458, 42.757, 43.563, 43.344, 42.884, 42.754, 43.287, 44.146, 44.876, 44.931, 44.395, 43.828, 43.74, 44.341, 44.896, 44.645, 43.463, 42.52, 42.977, 44.51, 45.579, 45.444, 44.945, 44.683, 44.174, 43.532, 43.416, 44.023, 44.692, 44.902, 44.859, 44.522, 43.924, 43.429, 43.332, 43.195, 42.87, 42.865, 43.047, 42.92, 42.437, 42.634, 42.673, 35.565], [35.238, 33.07, 30.625, 28.551, 26.114, 23.219, 20.8, 18.428, 15.687, 11.841, 6.714, 0.0, 7.385, 13.758, 18.313, 21.344, 23.42, 25.674, 27.879, 29.61, 31.552, 33.582, 34.784, 35.707, 36.615, 37.556, 38.617, 39.613, 40.676, 41.639, 42.031, 42.197, 42.424, 42.329, 42.029, 42.442, 43.561, 44.219, 44.278, 44.975, 46.301, 46.887, 47.142, 48.422, 50.141, 50.82, 50.432, 50.372, 50.982, 51.714, 51.776, 50.888, 50.161, 49.844, 49.483, 48.883, 48.331, 47.955, 47.324, 46.675, 46.723, 46.497, 45.172, 44.079, 44.065, 43.865, 43.082, 42.668, 42.835, 42.635, 42.098, 42.22, 42.863, 42.856, 42.587, 42.577, 43.017, 43.378, 43.743, 43.984, 43.755, 43.381, 43.148, 43.017, 42.849, 42.655, 42.571, 42.601, 42.609, 42.246, 41.73, 41.706, 42.079, 42.648, 43.316, 43.672, 43.055, 41.643, 40.715, 40.938, 41.678, 41.539, 41.496, 42.797, 43.601, 43.37, 42.905, 42.77, 43.292, 44.144, 44.886, 44.967, 44.458, 43.905, 43.789, 44.333, 44.854, 44.607, 43.451, 42.524, 42.964, 44.472, 45.527, 45.388, 44.902, 44.66, 44.166, 43.52, 43.377, 43.964, 44.635, 44.842, 44.788, 44.452, 43.864, 43.368, 43.268, 43.134, 42.818, 42.829, 43.03, 42.937, 42.475, 42.672, 42.702, 36.683], [36.457, 34.463, 32.224, 30.361, 28.233, 25.785, 23.807, 21.654, 18.943, 15.786, 12.409, 7.385, 0.0, 7.856, 14.076, 18.031, 20.416, 22.866, 25.26, 27.067, 29.097, 31.339, 32.861, 34.065, 35.098, 36.122, 37.361, 38.571, 39.779, 40.84, 41.314, 41.53, 41.78, 41.754, 41.617, 42.146, 43.266, 43.963, 44.143, 44.933, 46.282, 46.882, 47.176, 48.466, 50.156, 50.834, 50.472, 50.409, 50.971, 51.671, 51.738, 50.866, 50.148, 49.834, 49.47, 48.857, 48.282, 47.892, 47.272, 46.638, 46.679, 46.474, 45.204, 44.153, 44.125, 43.914, 43.154, 42.753, 42.902, 42.694, 42.159, 42.251, 42.886, 42.898, 42.625, 42.614, 43.076, 43.474, 43.865, 44.102, 43.855, 43.451, 43.185, 43.045, 42.913, 42.779, 42.737, 42.768, 42.753, 42.38, 41.848, 41.796, 42.161, 42.735, 43.412, 43.79, 43.215, 41.871, 40.996, 41.252, 42.022, 41.893, 41.766, 42.955, 43.718, 43.485, 43.035, 42.925, 43.456, 44.291, 45.01, 45.098, 44.626, 44.111, 43.998, 44.526, 45.066, 44.842, 43.721, 42.823, 43.278, 44.772, 45.801, 45.662, 45.207, 44.996, 44.514, 43.862, 43.694, 44.24, 44.885, 45.094, 45.048, 44.713, 44.105, 43.557, 43.419, 43.288, 42.98, 42.926, 43.048, 42.896, 42.379, 42.536, 42.571, 37.765], [37.83, 36.017, 34.028, 32.431, 30.64, 28.592, 26.978, 25.108, 22.423, 19.438, 17.04, 13.758, 7.856, 0.0, 7.64, 13.028, 16.208, 18.982, 21.547, 23.384, 25.481, 28.126, 30.335, 32.089, 33.314, 34.452, 35.949, 37.419, 38.806, 40.026, 40.639, 40.935, 41.213, 41.27, 41.345, 42.038, 43.155, 43.862, 44.15, 45.049, 46.441, 47.066, 47.367, 48.601, 50.197, 50.865, 50.55, 50.481, 50.974, 51.612, 51.686, 50.872, 50.199, 49.905, 49.563, 48.97, 48.385, 47.981, 47.388, 46.787, 46.82, 46.654, 45.521, 44.588, 44.558, 44.349, 43.659, 43.308, 43.435, 43.236, 42.752, 42.806, 43.355, 43.353, 43.087, 43.069, 43.52, 43.898, 44.244, 44.433, 44.164, 43.733, 43.441, 43.317, 43.258, 43.221, 43.247, 43.3, 43.295, 42.933, 42.374, 42.255, 42.578, 43.138, 43.816, 44.22, 43.701, 42.446, 41.693, 42.034, 42.834, 42.684, 42.413, 43.41, 44.086, 43.854, 43.456, 43.405, 43.949, 44.75, 45.438, 45.54, 45.123, 44.654, 44.539, 45.035, 45.564, 45.344, 44.268, 43.428, 43.905, 45.365, 46.356, 46.233, 45.838, 45.684, 45.261, 44.646, 44.463, 44.944, 45.527, 45.719, 45.673, 45.348, 44.742, 44.164, 43.992, 43.865, 43.584, 43.473, 43.47, 43.212, 42.651, 42.752, 42.783, 39.022], [39.077, 37.424, 35.625, 34.239, 32.779, 31.076, 29.685, 28.014, 25.473, 22.636, 20.6, 18.313, 14.076, 7.64, 0.0, 6.628, 11.375, 15.171, 18.007, 19.809, 21.945, 25.058, 28.02, 30.367, 31.829, 33.089, 34.794, 36.478, 38.035, 39.394, 40.116, 40.476, 40.777, 40.884, 41.119, 41.959, 43.092, 43.8, 44.122, 45.07, 46.512, 47.181, 47.47, 48.612, 50.109, 50.779, 50.514, 50.432, 50.864, 51.461, 51.553, 50.803, 50.184, 49.926, 49.634, 49.101, 48.543, 48.135, 47.551, 46.962, 46.985, 46.866, 45.888, 45.086, 45.065, 44.868, 44.244, 43.935, 44.045, 43.863, 43.438, 43.471, 43.937, 43.92, 43.683, 43.638, 44.032, 44.361, 44.656, 44.809, 44.536, 44.111, 43.818, 43.713, 43.7, 43.716, 43.78, 43.86, 43.892, 43.569, 43.009, 42.828, 43.086, 43.623, 44.305, 44.736, 44.246, 43.03, 42.378, 42.796, 43.597, 43.42, 43.058, 43.915, 44.515, 44.288, 43.945, 43.951, 44.505, 45.279, 45.94, 46.045, 45.662, 45.22, 45.102, 45.576, 46.093, 45.868, 44.8, 43.979, 44.454, 45.865, 46.815, 46.707, 46.359, 46.249, 45.893, 45.337, 45.159, 45.589, 46.116, 46.277, 46.221, 45.912, 45.336, 44.769, 44.585, 44.459, 44.195, 44.064, 43.984, 43.667, 43.116, 43.193, 43.207, 40.16], [39.986, 38.448, 36.761, 35.491, 34.271, 32.852, 31.645, 30.124, 27.744, 25.088, 23.24, 21.344, 18.031, 13.028, 6.628, 0.0, 6.357, 12.018, 15.699, 17.53, 19.56, 23.036, 26.632, 29.404, 31.01, 32.36, 34.204, 36.009, 37.63, 39.023, 39.781, 40.177, 40.494, 40.623, 40.951, 41.902, 43.095, 43.849, 44.179, 45.133, 46.624, 47.342, 47.622, 48.686, 50.091, 50.722, 50.478, 50.393, 50.793, 51.377, 51.494, 50.786, 50.196, 49.947, 49.672, 49.178, 48.653, 48.259, 47.69, 47.114, 47.125, 47.036, 46.158, 45.458, 45.456, 45.273, 44.688, 44.401, 44.499, 44.337, 43.966, 43.989, 44.395, 44.371, 44.175, 44.113, 44.451, 44.744, 45.019, 45.161, 44.901, 44.501, 44.229, 44.141, 44.146, 44.179, 44.252, 44.345, 44.399, 44.11, 43.564, 43.343, 43.55, 44.063, 44.741, 45.179, 44.703, 43.52, 42.928, 43.362, 44.139, 43.949, 43.559, 44.355, 44.938, 44.741, 44.436, 44.461, 45.0, 45.736, 46.367, 46.471, 46.117, 45.705, 45.576, 45.999, 46.49, 46.272, 45.215, 44.419, 44.898, 46.266, 47.178, 47.081, 46.76, 46.673, 46.369, 45.879, 45.722, 46.119, 46.609, 46.744, 46.674, 46.38, 45.84, 45.3, 45.124, 45.003, 44.75, 44.625, 44.528, 44.191, 43.647, 43.715, 43.72, 41.003], [40.357, 38.879, 37.238, 36.016, 34.95, 33.76, 32.727, 31.348, 29.159, 26.772, 25.154, 23.42, 20.416, 16.208, 11.375, 6.357, 0.0, 7.147, 12.444, 15.007, 17.103, 20.931, 25.248, 28.485, 30.242, 31.714, 33.727, 35.632, 37.24, 38.582, 39.31, 39.699, 40.022, 40.165, 40.514, 41.51, 42.806, 43.668, 44.044, 45.011, 46.536, 47.274, 47.539, 48.61, 50.035, 50.651, 50.392, 50.307, 50.723, 51.315, 51.428, 50.727, 50.147, 49.888, 49.595, 49.116, 48.611, 48.236, 47.689, 47.139, 47.156, 47.071, 46.201, 45.526, 45.542, 45.374, 44.8, 44.523, 44.627, 44.477, 44.129, 44.156, 44.544, 44.507, 44.344, 44.297, 44.6, 44.847, 45.1, 45.237, 44.991, 44.618, 44.379, 44.32, 44.333, 44.365, 44.441, 44.532, 44.569, 44.27, 43.725, 43.475, 43.641, 44.137, 44.825, 45.282, 44.816, 43.635, 43.042, 43.46, 44.212, 44.009, 43.618, 44.437, 45.074, 44.933, 44.655, 44.672, 45.178, 45.877, 46.488, 46.594, 46.253, 45.852, 45.703, 46.055, 46.493, 46.282, 45.255, 44.487, 44.964, 46.3, 47.19, 47.092, 46.772, 46.688, 46.414, 45.972, 45.833, 46.211, 46.702, 46.84, 46.759, 46.469, 45.947, 45.422, 45.252, 45.135, 44.894, 44.801, 44.727, 44.382, 43.819, 43.874, 43.881, 41.328], [40.505, 39.092, 37.54, 36.407, 35.469, 34.45, 33.564, 32.335, 30.449, 28.517, 27.225, 25.674, 22.866, 18.982, 15.171, 12.018, 7.147, 0.0, 6.821, 10.982, 13.88, 17.994, 22.852, 26.64, 28.684, 30.367, 32.606, 34.654, 36.308, 37.669, 38.402, 38.786, 39.127, 39.298, 39.642, 40.643, 42.039, 43.034, 43.495, 44.514, 46.056, 46.787, 47.059, 48.225, 49.768, 50.453, 50.199, 50.111, 50.556, 51.18, 51.293, 50.586, 50.008, 49.757, 49.494, 49.065, 48.589, 48.226, 47.683, 47.135, 47.157, 47.064, 46.15, 45.435, 45.451, 45.282, 44.671, 44.366, 44.481, 44.329, 43.953, 43.981, 44.391, 44.346, 44.197, 44.183, 44.48, 44.7, 44.939, 45.072, 44.822, 44.461, 44.253, 44.212, 44.204, 44.205, 44.28, 44.379, 44.394, 44.063, 43.519, 43.278, 43.441, 43.94, 44.654, 45.134, 44.657, 43.433, 42.806, 43.214, 43.961, 43.76, 43.392, 44.259, 44.945, 44.849, 44.592, 44.601, 45.081, 45.761, 46.368, 46.472, 46.112, 45.687, 45.517, 45.823, 46.212, 46.017, 45.005, 44.24, 44.719, 46.055, 46.936, 46.816, 46.474, 46.376, 46.109, 45.69, 45.57, 45.956, 46.48, 46.643, 46.564, 46.271, 45.745, 45.206, 45.03, 44.91, 44.658, 44.577, 44.531, 44.185, 43.603, 43.656, 43.67, 41.386], [40.754, 39.45, 38.042, 37.047, 36.22, 35.293, 34.482, 33.37, 31.759, 30.235, 29.235, 27.879, 25.26, 21.547, 18.007, 15.699, 12.444, 6.821, 0.0, 5.635, 10.125, 14.74, 19.807, 24.043, 26.406, 28.308, 30.782, 33.02, 34.847, 36.382, 37.241, 37.691, 38.077, 38.305, 38.717, 39.768, 41.213, 42.295, 42.847, 43.945, 45.498, 46.232, 46.568, 47.815, 49.377, 50.093, 49.885, 49.809, 50.235, 50.869, 51.019, 50.335, 49.752, 49.516, 49.311, 48.946, 48.511, 48.165, 47.629, 47.078, 47.09, 46.994, 46.08, 45.365, 45.382, 45.208, 44.569, 44.23, 44.336, 44.183, 43.79, 43.801, 44.214, 44.167, 44.038, 44.044, 44.34, 44.566, 44.802, 44.911, 44.628, 44.247, 44.047, 44.007, 43.976, 43.952, 44.033, 44.151, 44.172, 43.836, 43.314, 43.113, 43.303, 43.81, 44.529, 45.008, 44.525, 43.299, 42.683, 43.098, 43.855, 43.702, 43.392, 44.267, 44.933, 44.833, 44.585, 44.603, 45.08, 45.754, 46.354, 46.442, 46.058, 45.616, 45.454, 45.781, 46.175, 45.986, 44.959, 44.185, 44.676, 46.018, 46.885, 46.754, 46.416, 46.313, 46.031, 45.601, 45.482, 45.881, 46.426, 46.605, 46.536, 46.239, 45.695, 45.127, 44.939, 44.818, 44.529, 44.368, 44.278, 43.913, 43.319, 43.377, 43.397, 41.527], [41.435, 40.22, 38.915, 38.005, 37.257, 36.407, 35.659, 34.63, 33.094, 31.669, 30.819, 29.61, 27.067, 23.384, 19.809, 17.53, 15.007, 10.982, 5.635, 0.0, 5.759, 11.812, 17.854, 22.554, 25.027, 26.986, 29.634, 32.062, 34.072, 35.772, 36.747, 37.256, 37.663, 37.941, 38.491, 39.633, 41.047, 42.123, 42.739, 43.895, 45.46, 46.222, 46.606, 47.814, 49.262, 49.932, 49.768, 49.71, 50.087, 50.688, 50.878, 50.248, 49.688, 49.464, 49.286, 48.952, 48.543, 48.207, 47.687, 47.151, 47.151, 47.074, 46.265, 45.652, 45.683, 45.517, 44.926, 44.605, 44.691, 44.56, 44.217, 44.217, 44.594, 44.546, 44.453, 44.472, 44.759, 44.978, 45.173, 45.23, 44.917, 44.524, 44.328, 44.301, 44.285, 44.278, 44.371, 44.489, 44.535, 44.246, 43.765, 43.583, 43.781, 44.282, 44.976, 45.436, 44.979, 43.836, 43.299, 43.711, 44.443, 44.325, 44.011, 44.804, 45.408, 45.295, 45.061, 45.098, 45.567, 46.211, 46.773, 46.839, 46.458, 46.037, 45.904, 46.266, 46.702, 46.528, 45.513, 44.757, 45.249, 46.556, 47.396, 47.286, 46.989, 46.903, 46.614, 46.168, 46.024, 46.391, 46.908, 47.082, 47.013, 46.715, 46.164, 45.589, 45.4, 45.29, 44.985, 44.723, 44.549, 44.167, 43.577, 43.626, 43.643, 42.165], [42.402, 41.306, 40.091, 39.235, 38.595, 37.91, 37.269, 36.283, 34.738, 33.348, 32.627, 31.552, 29.097, 25.481, 21.945, 19.56, 17.103, 13.88, 10.125, 5.759, 0.0, 7.725, 15.853, 21.644, 24.259, 26.141, 28.975, 31.703, 33.935, 35.757, 36.784, 37.307, 37.705, 38.005, 38.654, 39.872, 41.246, 42.283, 42.93, 44.132, 45.707, 46.486, 46.89, 48.046, 49.367, 49.973, 49.847, 49.803, 50.118, 50.667, 50.871, 50.289, 49.76, 49.528, 49.336, 49.007, 48.598, 48.254, 47.744, 47.22, 47.196, 47.132, 46.43, 45.913, 45.955, 45.803, 45.277, 44.993, 45.071, 44.954, 44.657, 44.696, 45.097, 45.051, 44.97, 45.017, 45.319, 45.528, 45.685, 45.705, 45.386, 45.003, 44.825, 44.82, 44.832, 44.856, 44.959, 45.058, 45.107, 44.871, 44.441, 44.274, 44.48, 44.987, 45.672, 46.127, 45.7, 44.631, 44.151, 44.544, 45.228, 45.088, 44.719, 45.438, 46.012, 45.906, 45.696, 45.752, 46.201, 46.786, 47.284, 47.317, 46.96, 46.585, 46.458, 46.796, 47.233, 47.074, 46.08, 45.345, 45.83, 47.1, 47.916, 47.824, 47.56, 47.496, 47.229, 46.793, 46.624, 46.942, 47.42, 47.586, 47.522, 47.231, 46.68, 46.101, 45.915, 45.827, 45.54, 45.222, 44.964, 44.531, 43.947, 43.986, 44.011, 43.057], [42.328, 41.464, 40.417, 39.682, 39.26, 38.88, 38.392, 37.377, 35.91, 34.881, 34.505, 33.582, 31.339, 28.126, 25.058, 23.036, 20.931, 17.994, 14.74, 11.812, 7.725, 0.0, 10.042, 17.743, 21.072, 22.882, 25.864, 29.133, 31.903, 34.063, 35.242, 35.823, 36.255, 36.598, 37.334, 38.682, 40.176, 41.289, 42.007, 43.356, 45.048, 45.881, 46.394, 47.695, 49.027, 49.609, 49.518, 49.485, 49.781, 50.347, 50.564, 49.952, 49.375, 49.086, 48.838, 48.462, 48.012, 47.64, 47.096, 46.518, 46.438, 46.308, 45.53, 44.957, 44.996, 44.83, 44.248, 43.912, 43.989, 43.847, 43.491, 43.597, 44.139, 44.094, 43.935, 44.048, 44.486, 44.8, 45.011, 45.043, 44.718, 44.329, 44.144, 44.128, 44.135, 44.158, 44.25, 44.305, 44.306, 44.073, 43.713, 43.644, 43.954, 44.551, 45.288, 45.759, 45.321, 44.222, 43.676, 44.035, 44.731, 44.594, 44.282, 45.118, 45.752, 45.654, 45.427, 45.473, 45.931, 46.502, 46.94, 46.903, 46.536, 46.191, 46.059, 46.379, 46.783, 46.575, 45.485, 44.678, 45.188, 46.519, 47.356, 47.25, 46.982, 46.92, 46.641, 46.19, 46.005, 46.341, 46.848, 47.055, 47.038, 46.767, 46.176, 45.527, 45.323, 45.251, 44.942, 44.568, 44.243, 43.69, 43.098, 43.186, 43.25, 42.781], [40.78, 40.18, 39.344, 38.773, 38.618, 38.589, 38.263, 37.198, 35.921, 35.476, 35.544, 34.784, 32.861, 30.335, 28.02, 26.632, 25.248, 22.852, 19.807, 17.854, 15.853, 10.042, 0.0, 9.342, 14.112, 16.275, 19.209, 23.063, 26.771, 29.635, 31.165, 31.918, 32.482, 32.973, 33.926, 35.548, 37.352, 38.697, 39.565, 41.195, 43.169, 44.168, 44.904, 46.514, 48.039, 48.68, 48.584, 48.557, 48.915, 49.597, 49.834, 49.094, 48.379, 48.022, 47.705, 47.216, 46.696, 46.296, 45.672, 44.955, 44.795, 44.531, 43.503, 42.767, 42.811, 42.611, 41.856, 41.369, 41.445, 41.3, 40.861, 40.975, 41.639, 41.595, 41.323, 41.503, 42.16, 42.696, 43.042, 43.116, 42.764, 42.328, 42.075, 41.968, 41.899, 41.867, 41.909, 41.896, 41.853, 41.62, 41.359, 41.47, 41.969, 42.71, 43.533, 44.025, 43.534, 42.304, 41.601, 41.927, 42.709, 42.678, 42.632, 43.763, 44.499, 44.374, 44.064, 44.062, 44.584, 45.252, 45.702, 45.58, 45.123, 44.76, 44.69, 45.152, 45.632, 45.336, 43.988, 42.961, 43.529, 45.051, 45.978, 45.845, 45.548, 45.447, 45.06, 44.505, 44.293, 44.71, 45.314, 45.599, 45.666, 45.418, 44.74, 43.958, 43.71, 43.621, 43.206, 42.751, 42.399, 41.703, 41.062, 41.255, 41.366, 41.001], [39.819, 39.384, 38.709, 38.258, 38.268, 38.443, 38.229, 37.187, 36.088, 35.997, 36.318, 35.707, 34.065, 32.089, 30.367, 29.404, 28.485, 26.64, 24.043, 22.554, 21.644, 17.743, 9.342, 0.0, 6.266, 10.004, 13.5, 17.491, 21.652, 25.035, 26.923, 27.941, 28.731, 29.441, 30.695, 32.676, 34.856, 36.441, 37.445, 39.33, 41.602, 42.792, 43.694, 45.51, 47.255, 48.021, 47.943, 47.945, 48.407, 49.218, 49.486, 48.644, 47.819, 47.421, 47.055, 46.489, 45.939, 45.533, 44.857, 44.047, 43.838, 43.495, 42.327, 41.525, 41.59, 41.37, 40.52, 39.946, 40.013, 39.914, 39.494, 39.544, 40.178, 40.15, 39.868, 40.045, 40.788, 41.454, 41.878, 41.97, 41.597, 41.118, 40.803, 40.609, 40.462, 40.384, 40.389, 40.332, 40.275, 40.065, 39.869, 40.069, 40.647, 41.437, 42.299, 42.824, 42.317, 41.015, 40.25, 40.558, 41.368, 41.448, 41.657, 42.98, 43.763, 43.617, 43.257, 43.233, 43.806, 44.551, 45.032, 44.864, 44.321, 43.921, 43.915, 44.518, 45.094, 44.776, 43.277, 42.102, 42.709, 44.336, 45.297, 45.131, 44.796, 44.662, 44.214, 43.586, 43.337, 43.777, 44.43, 44.754, 44.867, 44.625, 43.895, 43.035, 42.76, 42.661, 42.196, 41.697, 41.327, 40.553, 39.868, 40.123, 40.247, 39.924], [40.089, 39.705, 39.105, 38.741, 38.818, 39.024, 38.821, 37.821, 36.803, 36.783, 37.147, 36.615, 35.098, 33.314, 31.829, 31.01, 30.242, 28.684, 26.406, 25.027, 24.259, 21.072, 14.112, 6.266, 0.0, 5.695, 11.222, 15.646, 19.404, 22.587, 24.601, 25.839, 26.824, 27.714, 29.193, 31.445, 33.885, 35.602, 36.658, 38.649, 41.075, 42.375, 43.316, 45.16, 47.002, 47.87, 47.847, 47.871, 48.391, 49.295, 49.627, 48.785, 47.934, 47.525, 47.159, 46.611, 46.081, 45.683, 45.015, 44.22, 44.012, 43.669, 42.535, 41.769, 41.835, 41.618, 40.79, 40.212, 40.259, 40.201, 39.833, 39.826, 40.377, 40.355, 40.115, 40.242, 40.919, 41.562, 41.979, 42.073, 41.706, 41.233, 40.912, 40.696, 40.523, 40.43, 40.433, 40.372, 40.312, 40.118, 39.943, 40.136, 40.678, 41.422, 42.266, 42.816, 42.346, 41.073, 40.342, 40.652, 41.445, 41.551, 41.816, 43.143, 43.913, 43.769, 43.411, 43.39, 43.951, 44.665, 45.118, 44.95, 44.423, 44.03, 44.013, 44.597, 45.162, 44.865, 43.412, 42.261, 42.854, 44.439, 45.367, 45.179, 44.813, 44.67, 44.259, 43.673, 43.431, 43.857, 44.495, 44.805, 44.911, 44.67, 43.954, 43.116, 42.857, 42.76, 42.315, 41.848, 41.484, 40.72, 40.063, 40.319, 40.428, 40.151], [40.363, 40.057, 39.505, 39.203, 39.355, 39.628, 39.461, 38.488, 37.533, 37.615, 38.044, 37.556, 36.122, 34.452, 33.089, 32.36, 31.714, 30.367, 28.308, 26.986, 26.141, 22.882, 16.275, 10.004, 5.695, 0.0, 7.378, 13.589, 18.046, 21.224, 23.229, 24.536, 25.615, 26.645, 28.295, 30.662, 33.189, 34.979, 36.086, 38.163, 40.69, 42.06, 43.018, 44.882, 46.776, 47.693, 47.708, 47.734, 48.262, 49.218, 49.61, 48.8, 47.953, 47.535, 47.17, 46.638, 46.12, 45.724, 45.062, 44.287, 44.094, 43.747, 42.603, 41.827, 41.881, 41.656, 40.82, 40.219, 40.258, 40.218, 39.846, 39.797, 40.334, 40.314, 40.056, 40.171, 40.846, 41.491, 41.903, 41.992, 41.634, 41.174, 40.85, 40.611, 40.414, 40.308, 40.306, 40.231, 40.156, 39.982, 39.866, 40.111, 40.672, 41.409, 42.232, 42.784, 42.346, 41.113, 40.399, 40.71, 41.538, 41.681, 41.949, 43.261, 44.018, 43.866, 43.503, 43.477, 44.036, 44.741, 45.182, 45.016, 44.503, 44.111, 44.077, 44.64, 45.186, 44.88, 43.448, 42.307, 42.895, 44.463, 45.374, 45.174, 44.783, 44.613, 44.198, 43.632, 43.402, 43.836, 44.482, 44.798, 44.915, 44.695, 44.0, 43.173, 42.92, 42.815, 42.356, 41.926, 41.629, 40.944, 40.341, 40.592, 40.687, 40.337], [40.115, 39.954, 39.509, 39.265, 39.501, 39.898, 39.822, 38.905, 38.096, 38.417, 39.011, 38.617, 37.361, 35.949, 34.794, 34.204, 33.727, 32.606, 30.782, 29.634, 28.975, 25.864, 19.209, 13.5, 11.222, 7.378, 0.0, 8.174, 14.789, 19.074, 21.351, 22.686, 23.793, 24.893, 26.679, 29.156, 31.776, 33.657, 34.833, 37.053, 39.726, 41.176, 42.204, 44.17, 46.146, 47.093, 47.118, 47.175, 47.748, 48.739, 49.141, 48.332, 47.511, 47.123, 46.754, 46.184, 45.643, 45.232, 44.536, 43.73, 43.549, 43.182, 41.948, 41.117, 41.178, 40.921, 40.014, 39.381, 39.444, 39.406, 39.003, 38.939, 39.482, 39.448, 39.161, 39.335, 40.118, 40.85, 41.308, 41.401, 41.036, 40.575, 40.239, 39.97, 39.737, 39.595, 39.555, 39.434, 39.338, 39.181, 39.143, 39.488, 40.146, 40.953, 41.801, 42.343, 41.89, 40.639, 39.884, 40.156, 41.011, 41.22, 41.553, 42.912, 43.691, 43.535, 43.15, 43.106, 43.688, 44.445, 44.912, 44.716, 44.149, 43.72, 43.712, 44.361, 44.968, 44.639, 43.133, 41.937, 42.546, 44.143, 45.057, 44.859, 44.482, 44.292, 43.815, 43.195, 42.952, 43.425, 44.122, 44.482, 44.639, 44.444, 43.735, 42.862, 42.571, 42.437, 41.938, 41.502, 41.254, 40.613, 40.034, 40.306, 40.402, 39.989], [39.951, 39.87, 39.565, 39.421, 39.717, 40.155, 40.11, 39.291, 38.676, 39.176, 39.876, 39.613, 38.571, 37.419, 36.478, 36.009, 35.632, 34.654, 33.02, 32.062, 31.703, 29.133, 23.063, 17.491, 15.646, 13.589, 8.174, 0.0, 8.548, 14.913, 18.294, 20.072, 21.383, 22.511, 24.378, 27.213, 30.269, 32.327, 33.542, 35.885, 38.7, 40.217, 41.319, 43.378, 45.428, 46.427, 46.481, 46.605, 47.292, 48.369, 48.777, 47.953, 47.181, 46.881, 46.549, 45.967, 45.415, 44.994, 44.281, 43.463, 43.292, 42.952, 41.738, 40.916, 40.973, 40.692, 39.77, 39.164, 39.257, 39.217, 38.8, 38.71, 39.18, 39.104, 38.855, 39.077, 39.876, 40.608, 41.071, 41.171, 40.815, 40.371, 40.053, 39.803, 39.578, 39.427, 39.359, 39.208, 39.096, 38.935, 38.9, 39.263, 39.95, 40.795, 41.684, 42.238, 41.763, 40.488, 39.705, 39.913, 40.71, 40.917, 41.281, 42.659, 43.475, 43.356, 42.99, 42.946, 43.531, 44.295, 44.755, 44.544, 43.957, 43.506, 43.507, 44.203, 44.838, 44.528, 43.047, 41.868, 42.44, 43.963, 44.819, 44.599, 44.24, 44.078, 43.615, 42.995, 42.76, 43.247, 43.955, 44.327, 44.506, 44.325, 43.615, 42.729, 42.411, 42.263, 41.797, 41.402, 41.164, 40.516, 39.933, 40.207, 40.299, 39.819], [40.454, 40.36, 40.149, 40.13, 40.47, 40.859, 40.783, 40.073, 39.617, 40.166, 40.861, 40.676, 39.779, 38.806, 38.035, 37.63, 37.24, 36.308, 34.847, 34.072, 33.935, 31.903, 26.771, 21.652, 19.404, 18.046, 14.789, 8.548, 0.0, 8.08, 13.231, 16.096, 17.965, 19.322, 21.375, 24.69, 28.461, 30.898, 32.206, 34.666, 37.701, 39.351, 40.465, 42.553, 44.744, 45.915, 46.062, 46.228, 47.051, 48.304, 48.788, 47.955, 47.182, 46.951, 46.733, 46.284, 45.81, 45.42, 44.735, 43.948, 43.784, 43.508, 42.45, 41.711, 41.75, 41.484, 40.65, 40.11, 40.216, 40.205, 39.824, 39.638, 39.932, 39.842, 39.668, 39.814, 40.459, 41.081, 41.495, 41.596, 41.278, 40.89, 40.621, 40.406, 40.204, 40.075, 40.016, 39.869, 39.752, 39.596, 39.54, 39.836, 40.417, 41.172, 42.043, 42.628, 42.198, 40.997, 40.264, 40.411, 41.114, 41.282, 41.609, 42.927, 43.733, 43.657, 43.341, 43.314, 43.851, 44.538, 44.96, 44.778, 44.245, 43.817, 43.806, 44.438, 45.015, 44.759, 43.454, 42.417, 42.91, 44.239, 44.962, 44.679, 44.272, 44.106, 43.734, 43.222, 43.027, 43.486, 44.165, 44.518, 44.668, 44.468, 43.774, 42.935, 42.646, 42.523, 42.164, 41.891, 41.703, 41.106, 40.58, 40.844, 40.904, 40.376], [41.148, 41.019, 40.832, 40.895, 41.27, 41.624, 41.536, 40.914, 40.56, 41.142, 41.813, 41.639, 40.84, 40.026, 39.394, 39.023, 38.582, 37.669, 36.382, 35.772, 35.757, 34.063, 29.635, 25.035, 22.587, 21.224, 19.074, 14.913, 8.08, 0.0, 6.567, 10.8, 13.477, 15.402, 17.94, 21.52, 25.835, 28.787, 30.279, 32.878, 36.28, 38.194, 39.272, 41.355, 43.851, 45.359, 45.637, 45.821, 46.79, 48.273, 48.883, 48.059, 47.251, 47.056, 46.986, 46.755, 46.443, 46.12, 45.447, 44.662, 44.499, 44.277, 43.307, 42.586, 42.612, 42.368, 41.565, 41.03, 41.149, 41.178, 40.802, 40.49, 40.682, 40.652, 40.533, 40.554, 41.051, 41.606, 42.0, 42.117, 41.836, 41.487, 41.243, 41.021, 40.799, 40.668, 40.628, 40.495, 40.374, 40.226, 40.185, 40.457, 40.946, 41.599, 42.43, 43.044, 42.68, 41.563, 40.878, 40.978, 41.611, 41.747, 42.043, 43.321, 44.105, 44.038, 43.757, 43.753, 44.259, 44.892, 45.285, 45.117, 44.616, 44.206, 44.189, 44.77, 45.328, 45.134, 43.965, 43.047, 43.499, 44.684, 45.296, 44.956, 44.485, 44.292, 44.011, 43.621, 43.45, 43.848, 44.495, 44.831, 44.939, 44.707, 44.0, 43.161, 42.89, 42.796, 42.506, 42.303, 42.161, 41.649, 41.213, 41.487, 41.503, 41.08], [41.33, 41.185, 40.987, 41.068, 41.46, 41.83, 41.765, 41.171, 40.868, 41.512, 42.203, 42.031, 41.314, 40.639, 40.116, 39.781, 39.31, 38.402, 37.241, 36.747, 36.784, 35.242, 31.165, 26.923, 24.601, 23.229, 21.351, 18.294, 13.231, 6.567, 0.0, 5.073, 8.657, 11.511, 14.777, 18.426, 22.956, 26.326, 28.005, 30.72, 34.456, 36.659, 37.756, 39.833, 42.605, 44.43, 44.819, 45.022, 46.115, 47.782, 48.498, 47.694, 46.886, 46.748, 46.817, 46.768, 46.607, 46.351, 45.659, 44.834, 44.676, 44.497, 43.529, 42.757, 42.781, 42.566, 41.743, 41.156, 41.28, 41.336, 40.924, 40.514, 40.692, 40.723, 40.611, 40.555, 41.015, 41.578, 41.997, 42.148, 41.887, 41.548, 41.309, 41.065, 40.797, 40.633, 40.591, 40.462, 40.336, 40.187, 40.168, 40.466, 40.959, 41.599, 42.419, 43.033, 42.677, 41.573, 40.907, 41.005, 41.617, 41.731, 42.032, 43.336, 44.127, 44.069, 43.805, 43.816, 44.332, 44.972, 45.362, 45.18, 44.651, 44.218, 44.201, 44.804, 45.405, 45.242, 44.082, 43.178, 43.636, 44.805, 45.397, 45.043, 44.553, 44.348, 44.098, 43.751, 43.575, 43.928, 44.569, 44.916, 45.011, 44.749, 44.005, 43.123, 42.835, 42.743, 42.45, 42.241, 42.113, 41.654, 41.265, 41.55, 41.542, 41.234], [41.363, 41.218, 41.009, 41.076, 41.468, 41.866, 41.828, 41.228, 40.932, 41.628, 42.357, 42.197, 41.53, 40.935, 40.476, 40.177, 39.699, 38.786, 37.691, 37.256, 37.307, 35.823, 31.918, 27.941, 25.839, 24.536, 22.686, 20.072, 16.096, 10.8, 5.073, 0.0, 4.326, 8.422, 12.693, 16.517, 21.06, 24.619, 26.425, 29.223, 33.132, 35.52, 36.691, 38.76, 41.628, 43.616, 44.063, 44.284, 45.452, 47.228, 47.999, 47.196, 46.405, 46.34, 46.518, 46.581, 46.509, 46.299, 45.598, 44.741, 44.588, 44.442, 43.466, 42.661, 42.683, 42.491, 41.661, 41.037, 41.152, 41.225, 40.8, 40.363, 40.564, 40.608, 40.471, 40.404, 40.892, 41.478, 41.915, 42.087, 41.827, 41.478, 41.232, 40.971, 40.668, 40.465, 40.403, 40.267, 40.138, 39.988, 39.99, 40.326, 40.852, 41.515, 42.335, 42.93, 42.562, 41.472, 40.834, 40.955, 41.569, 41.674, 41.992, 43.328, 44.122, 44.057, 43.794, 43.812, 44.346, 45.007, 45.402, 45.204, 44.644, 44.196, 44.204, 44.856, 45.5, 45.345, 44.154, 43.227, 43.699, 44.892, 45.501, 45.157, 44.673, 44.457, 44.187, 43.828, 43.639, 43.973, 44.615, 44.976, 45.073, 44.792, 44.014, 43.098, 42.794, 42.696, 42.389, 42.167, 42.047, 41.625, 41.265, 41.556, 41.533, 41.246], [41.519, 41.381, 41.163, 41.214, 41.601, 42.007, 41.982, 41.383, 41.088, 41.81, 42.569, 42.424, 41.78, 41.213, 40.777, 40.494, 40.022, 39.127, 38.077, 37.663, 37.705, 36.255, 32.482, 28.731, 26.824, 25.615, 23.793, 21.383, 17.965, 13.477, 8.657, 4.326, 0.0, 5.209, 10.919, 15.42, 20.023, 23.565, 25.415, 28.32, 32.351, 34.85, 36.094, 38.155, 41.038, 43.111, 43.59, 43.82, 45.033, 46.879, 47.688, 46.885, 46.109, 46.104, 46.366, 46.495, 46.468, 46.283, 45.589, 44.725, 44.572, 44.436, 43.459, 42.655, 42.683, 42.499, 41.675, 41.049, 41.161, 41.237, 40.818, 40.416, 40.663, 40.709, 40.547, 40.492, 41.006, 41.6, 42.04, 42.213, 41.946, 41.582, 41.328, 41.059, 40.73, 40.489, 40.406, 40.257, 40.111, 39.959, 39.983, 40.354, 40.914, 41.598, 42.411, 42.984, 42.614, 41.56, 40.964, 41.103, 41.714, 41.817, 42.15, 43.498, 44.28, 44.196, 43.926, 43.944, 44.48, 45.139, 45.526, 45.315, 44.746, 44.313, 44.359, 45.046, 45.706, 45.556, 44.353, 43.414, 43.878, 45.071, 45.687, 45.355, 44.891, 44.67, 44.377, 44.007, 43.824, 44.157, 44.789, 45.147, 45.241, 44.947, 44.144, 43.205, 42.896, 42.802, 42.485, 42.25, 42.137, 41.746, 41.414, 41.71, 41.681, 41.385], [41.287, 41.139, 40.898, 40.936, 41.32, 41.713, 41.667, 41.09, 40.872, 41.657, 42.442, 42.329, 41.754, 41.27, 40.884, 40.623, 40.165, 39.298, 38.305, 37.941, 38.005, 36.598, 32.973, 29.441, 27.714, 26.645, 24.893, 22.511, 19.322, 15.402, 11.511, 8.422, 5.209, 0.0, 7.058, 13.328, 18.966, 22.545, 24.228, 27.308, 31.596, 34.182, 35.483, 37.641, 40.579, 42.662, 43.126, 43.366, 44.615, 46.507, 47.345, 46.541, 45.778, 45.816, 46.114, 46.245, 46.212, 46.029, 45.336, 44.477, 44.342, 44.193, 43.163, 42.333, 42.374, 42.186, 41.353, 40.758, 40.896, 40.951, 40.528, 40.221, 40.528, 40.544, 40.349, 40.31, 40.83, 41.422, 41.879, 42.065, 41.791, 41.422, 41.172, 40.907, 40.557, 40.283, 40.191, 40.031, 39.848, 39.665, 39.686, 40.084, 40.675, 41.375, 42.194, 42.756, 42.363, 41.292, 40.698, 40.856, 41.479, 41.576, 41.915, 43.296, 44.107, 44.029, 43.75, 43.756, 44.287, 44.949, 45.338, 45.125, 44.563, 44.154, 44.222, 44.91, 45.563, 45.415, 44.199, 43.242, 43.694, 44.9, 45.531, 45.192, 44.713, 44.479, 44.171, 43.799, 43.64, 43.999, 44.632, 44.983, 45.072, 44.762, 43.939, 42.984, 42.673, 42.585, 42.266, 42.035, 41.931, 41.543, 41.217, 41.532, 41.521, 41.152], [40.635, 40.468, 40.201, 40.24, 40.639, 41.01, 40.923, 40.376, 40.318, 41.252, 42.086, 42.029, 41.617, 41.345, 41.119, 40.951, 40.514, 39.642, 38.717, 38.491, 38.654, 37.334, 33.926, 30.695, 29.193, 28.295, 26.679, 24.378, 21.375, 17.94, 14.777, 12.693, 10.919, 7.058, 0.0, 8.453, 16.463, 20.748, 22.185, 25.319, 30.045, 32.777, 34.095, 36.516, 39.739, 41.872, 42.299, 42.561, 43.887, 45.857, 46.737, 45.938, 45.194, 45.278, 45.597, 45.709, 45.664, 45.485, 44.784, 43.934, 43.873, 43.768, 42.658, 41.736, 41.777, 41.604, 40.76, 40.19, 40.369, 40.395, 39.939, 39.697, 40.036, 39.999, 39.741, 39.683, 40.178, 40.75, 41.235, 41.458, 41.196, 40.842, 40.619, 40.369, 40.007, 39.705, 39.6, 39.439, 39.23, 38.998, 38.994, 39.418, 40.047, 40.769, 41.616, 42.189, 41.746, 40.584, 39.926, 40.071, 40.703, 40.756, 41.069, 42.526, 43.402, 43.341, 43.047, 43.032, 43.567, 44.26, 44.682, 44.483, 43.92, 43.508, 43.567, 44.233, 44.86, 44.708, 43.474, 42.