[[0.0, 5.031, 11.75, 18.915, 24.497, 27.645, 28.688, 29.067, 30.218, 31.197, 31.112, 30.979, 30.962, 30.63, 30.213, 30.572, 31.655, 33.013, 34.206, 34.682, 34.667, 34.929, 35.391, 35.625, 35.981, 36.808, 38.068, 38.832, 38.89, 38.806, 39.45, 40.119, 40.244, 40.969, 41.881, 41.626, 40.498, 39.807, 41.514, 43.098, 41.797, 39.487, 39.563, 41.57, 42.687, 42.959, 43.44, 44.065, 43.882, 43.208, 42.589, 42.002, 41.551, 41.301, 41.313, 41.343, 41.728, 42.494, 43.231, 43.885, 43.77, 42.653, 41.239, 39.93, 38.931, 38.784, 38.201, 37.855, 37.793, 37.516, 37.007, 36.688, 37.222, 38.112, 38.588, 38.689, 38.635, 38.223, 37.88, 37.497, 36.941, 36.71, 37.016, 37.251, 37.047, 36.849, 36.978, 37.432, 38.435, 39.365, 39.257, 38.641, 37.663, 36.647, 36.354, 36.267, 35.911, 35.549, 35.284, 35.263, 35.652, 35.787, 35.522, 35.506, 35.828, 35.69, 35.424, 35.468, 35.015, 34.788, 35.237, 35.353, 35.102, 35.33, 35.353, 35.099, 35.332, 35.51, 35.304, 35.412, 35.779, 36.204, 36.559, 36.733, 36.891, 37.142, 37.139, 37.281, 37.736, 38.168, 38.482, 38.842, 39.782, 41.044, 42.289, 42.981, 42.732, 42.099, 41.376, 40.996, 41.591, 42.611, 42.991, 43.188, 42.759, 7.11], [5.031, 0.0, 8.355, 16.95, 23.148, 26.45, 27.523, 27.966, 29.215, 30.243, 30.199, 30.113, 30.127, 29.856, 29.567, 30.063, 31.233, 32.619, 33.802, 34.279, 34.296, 34.603, 35.087, 35.328, 35.704, 36.578, 37.901, 38.711, 38.784, 38.678, 39.275, 39.929, 40.092, 40.86, 41.805, 41.582, 40.467, 39.808, 41.575, 43.195, 41.883, 39.529, 39.577, 41.564, 42.666, 42.943, 43.435, 44.061, 43.868, 43.185, 42.559, 41.954, 41.487, 41.231, 41.234, 41.251, 41.645, 42.435, 43.185, 43.843, 43.726, 42.599, 41.178, 39.873, 38.902, 38.77, 38.182, 37.835, 37.795, 37.528, 36.989, 36.627, 37.164, 38.081, 38.559, 38.646, 38.594, 38.189, 37.841, 37.458, 36.901, 36.666, 36.968, 37.187, 36.943, 36.736, 36.916, 37.417, 38.42, 39.349, 39.246, 38.611, 37.6, 36.541, 36.221, 36.141, 35.786, 35.392, 35.093, 35.072, 35.466, 35.6, 35.329, 35.322, 35.671, 35.548, 35.281, 35.328, 34.872, 34.631, 35.054, 35.154, 34.897, 35.135, 35.167, 34.927, 35.181, 35.357, 35.151, 35.285, 35.676, 36.103, 36.441, 36.593, 36.727, 36.956, 36.934, 37.068, 37.525, 37.941, 38.22, 38.569, 39.533, 40.812, 42.07, 42.78, 42.534, 41.893, 41.167, 40.788, 41.378, 42.405, 42.796, 42.994, 42.563, 10.294], [11.75, 8.355, 0.0, 10.569, 18.794, 23.063, 24.421, 25.135, 26.859, 28.156, 28.174, 28.113, 28.162, 28.053, 28.106, 28.942, 30.358, 31.908, 33.173, 33.7, 33.767, 34.129, 34.626, 34.874, 35.314, 36.273, 37.651, 38.49, 38.598, 38.48, 38.995, 39.57, 39.732, 40.57, 41.586, 41.383, 40.247, 39.603, 41.492, 43.201, 41.821, 39.283, 39.222, 41.203, 42.321, 42.627, 43.188, 43.855, 43.618, 42.866, 42.236, 41.638, 41.141, 40.88, 40.885, 40.896, 41.32, 42.153, 42.94, 43.628, 43.502, 42.329, 40.882, 39.6, 38.672, 38.585, 37.986, 37.613, 37.611, 37.382, 36.817, 36.409, 36.982, 37.957, 38.444, 38.52, 38.474, 38.022, 37.604, 37.203, 36.624, 36.358, 36.647, 36.849, 36.551, 36.369, 36.683, 37.318, 38.381, 39.34, 39.219, 38.452, 37.272, 36.085, 35.727, 35.674, 35.316, 34.873, 34.515, 34.473, 34.87, 34.995, 34.704, 34.712, 35.117, 35.037, 34.792, 34.846, 34.365, 34.117, 34.562, 34.657, 34.347, 34.545, 34.579, 34.367, 34.67, 34.871, 34.704, 34.927, 35.412, 35.878, 36.159, 36.225, 36.283, 36.473, 36.42, 36.538, 37.0, 37.401, 37.641, 37.98, 38.979, 40.299, 41.61, 42.359, 42.115, 41.47, 40.738, 40.343, 40.93, 41.991, 42.405, 42.596, 42.14, 15.467], [18.915, 16.95, 10.569, 0.0, 10.367, 16.543, 18.816, 20.157, 22.888, 24.788, 25.082, 25.197, 25.351, 25.443, 25.914, 27.209, 29.02, 30.891, 32.346, 32.929, 33.01, 33.44, 34.014, 34.285, 34.796, 35.915, 37.408, 38.271, 38.446, 38.424, 38.965, 39.496, 39.619, 40.456, 41.469, 41.206, 39.971, 39.293, 41.285, 43.065, 41.602, 38.905, 38.842, 40.928, 42.121, 42.472, 43.115, 43.814, 43.53, 42.712, 42.06, 41.471, 40.985, 40.739, 40.736, 40.723, 41.175, 42.052, 42.863, 43.572, 43.432, 42.221, 40.779, 39.565, 38.721, 38.704, 38.1, 37.72, 37.775, 37.55, 36.893, 36.425, 37.041, 38.057, 38.533, 38.606, 38.583, 38.069, 37.555, 37.106, 36.525, 36.264, 36.535, 36.702, 36.348, 36.183, 36.597, 37.349, 38.512, 39.535, 39.377, 38.441, 37.073, 35.743, 35.341, 35.317, 34.941, 34.434, 34.02, 33.984, 34.393, 34.511, 34.208, 34.243, 34.718, 34.686, 34.457, 34.504, 33.973, 33.715, 34.219, 34.324, 33.969, 34.148, 34.202, 34.004, 34.335, 34.54, 34.383, 34.672, 35.245, 35.754, 36.028, 36.074, 36.071, 36.178, 36.057, 36.135, 36.568, 36.939, 37.158, 37.507, 38.546, 39.912, 41.304, 42.133, 41.918, 41.267, 40.496, 40.078, 40.688, 41.808, 42.249, 42.437, 41.963, 21.97], [24.497, 23.148, 18.794, 10.367, 0.0, 7.999, 12.041, 14.541, 18.54, 21.165, 21.979, 22.494, 22.868, 23.162, 23.969, 25.697, 27.91, 30.093, 31.712, 32.314, 32.385, 32.884, 33.575, 33.908, 34.473, 35.733, 37.357, 38.258, 38.508, 38.671, 39.329, 39.889, 39.972, 40.721, 41.672, 41.337, 39.995, 39.265, 41.239, 43.009, 41.554, 38.883, 38.848, 40.948, 42.174, 42.566, 43.258, 43.958, 43.657, 42.841, 42.183, 41.608, 41.166, 40.961, 40.954, 40.897, 41.326, 42.21, 43.002, 43.685, 43.547, 42.378, 41.03, 39.95, 39.238, 39.269, 38.678, 38.33, 38.445, 38.241, 37.542, 37.033, 37.611, 38.581, 39.035, 39.128, 39.149, 38.648, 38.096, 37.6, 37.035, 36.809, 37.072, 37.222, 36.852, 36.688, 37.118, 37.895, 39.101, 40.146, 39.957, 38.925, 37.477, 36.069, 35.606, 35.585, 35.22, 34.697, 34.299, 34.305, 34.705, 34.802, 34.505, 34.555, 35.048, 35.037, 34.818, 34.851, 34.302, 34.043, 34.559, 34.667, 34.301, 34.453, 34.508, 34.319, 34.645, 34.834, 34.676, 34.984, 35.583, 36.113, 36.398, 36.456, 36.433, 36.467, 36.299, 36.356, 36.761, 37.098, 37.305, 37.661, 38.694, 40.044, 41.444, 42.329, 42.179, 41.514, 40.688, 40.249, 40.85, 41.977, 42.424, 42.612, 42.157, 27.152], [27.645, 26.45, 23.063, 16.543, 7.999, 0.0, 6.04, 11.352, 16.682, 19.581, 20.75, 21.603, 22.141, 22.583, 23.577, 25.463, 27.79, 30.073, 31.742, 32.352, 32.444, 32.996, 33.737, 34.104, 34.69, 35.986, 37.64, 38.551, 38.829, 39.072, 39.773, 40.337, 40.387, 41.063, 41.976, 41.624, 40.27, 39.532, 41.4, 43.11, 41.724, 39.145, 39.06, 41.05, 42.269, 42.707, 43.437, 44.132, 43.816, 43.005, 42.367, 41.837, 41.436, 41.255, 41.246, 41.146, 41.506, 42.357, 43.125, 43.776, 43.649, 42.548, 41.313, 40.386, 39.837, 39.924, 39.365, 39.037, 39.167, 39.005, 38.355, 37.829, 38.311, 39.191, 39.623, 39.741, 39.807, 39.368, 38.849, 38.367, 37.819, 37.596, 37.85, 37.984, 37.604, 37.404, 37.76, 38.444, 39.565, 40.553, 40.335, 39.28, 37.868, 36.519, 36.05, 36.02, 35.695, 35.232, 34.89, 34.905, 35.262, 35.344, 35.077, 35.138, 35.614, 35.607, 35.404, 35.446, 34.937, 34.708, 35.193, 35.294, 34.948, 35.075, 35.121, 34.944, 35.251, 35.435, 35.323, 35.65, 36.23, 36.733, 37.001, 37.061, 37.037, 37.057, 36.902, 36.972, 37.367, 37.673, 37.853, 38.188, 39.183, 40.507, 41.911, 42.826, 42.71, 42.046, 41.236, 40.819, 41.401, 42.495, 42.913, 43.078, 42.628, 30.024], [28.688, 27.523, 24.421, 18.816, 12.041, 6.04, 0.0, 8.055, 14.872, 18.13, 19.504, 20.608, 21.271, 21.828, 23.004, 25.023, 27.412, 29.743, 31.436, 32.067, 32.199, 32.799, 33.574, 33.97, 34.583, 35.903, 37.576, 38.508, 38.819, 39.112, 39.83, 40.375, 40.435, 41.133, 42.054, 41.712, 40.373, 39.636, 41.457, 43.142, 41.772, 39.203, 39.064, 41.016, 42.268, 42.753, 43.498, 44.188, 43.862, 43.046, 42.428, 41.935, 41.542, 41.346, 41.334, 41.238, 41.579, 42.397, 43.153, 43.803, 43.672, 42.568, 41.348, 40.451, 39.925, 39.985, 39.449, 39.163, 39.307, 39.152, 38.521, 37.994, 38.441, 39.292, 39.724, 39.857, 39.925, 39.494, 39.0, 38.558, 38.036, 37.799, 38.034, 38.151, 37.757, 37.539, 37.859, 38.49, 39.56, 40.513, 40.28, 39.235, 37.859, 36.567, 36.132, 36.108, 35.796, 35.375, 35.056, 35.05, 35.377, 35.452, 35.189, 35.246, 35.703, 35.686, 35.494, 35.571, 35.119, 34.923, 35.397, 35.495, 35.149, 35.252, 35.292, 35.116, 35.409, 35.59, 35.506, 35.842, 36.4, 36.88, 37.144, 37.202, 37.17, 37.191, 37.043, 37.118, 37.511, 37.813, 37.993, 38.324, 39.309, 40.622, 42.005, 42.9, 42.779, 42.122, 41.34, 40.943, 41.529, 42.619, 43.03, 43.199, 42.766, 30.933], [29.067, 27.966, 25.135, 20.157, 14.541, 11.352, 8.055, 0.0, 8.272, 12.967, 15.192, 16.919, 18.017, 18.867, 20.544, 23.176, 26.026, 28.609, 30.394, 31.058, 31.217, 31.84, 32.667, 33.135, 33.803, 35.155, 36.909, 37.942, 38.37, 38.858, 39.716, 40.281, 40.405, 41.247, 42.249, 41.959, 40.639, 39.899, 41.776, 43.495, 42.127, 39.555, 39.427, 41.41, 42.643, 43.067, 43.727, 44.362, 44.04, 43.251, 42.654, 42.156, 41.755, 41.553, 41.555, 41.502, 41.877, 42.681, 43.416, 44.081, 43.983, 42.863, 41.552, 40.516, 39.815, 39.754, 39.205, 38.971, 39.134, 38.936, 38.291, 37.836, 38.37, 39.276, 39.735, 39.867, 39.914, 39.444, 38.911, 38.47, 37.983, 37.748, 37.99, 38.158, 37.801, 37.582, 37.913, 38.561, 39.645, 40.62, 40.425, 39.434, 38.064, 36.762, 36.352, 36.325, 35.961, 35.525, 35.22, 35.217, 35.54, 35.598, 35.312, 35.36, 35.802, 35.771, 35.566, 35.661, 35.255, 35.11, 35.61, 35.698, 35.344, 35.454, 35.515, 35.359, 35.647, 35.798, 35.672, 35.98, 36.533, 37.029, 37.323, 37.386, 37.35, 37.364, 37.202, 37.272, 37.662, 37.968, 38.162, 38.475, 39.418, 40.742, 42.133, 42.997, 42.856, 42.196, 41.405, 40.98, 41.544, 42.633, 43.057, 43.27, 42.9, 31.14], [30.218, 29.215, 26.859, 22.888, 18.54, 16.682, 14.872, 8.272, 0.0, 6.327, 10.549, 13.621, 15.421, 16.749, 19.097, 22.387, 25.657, 28.43, 30.245, 30.91, 31.094, 31.71, 32.535, 33.064, 33.76, 35.032, 36.72, 37.788, 38.329, 39.024, 40.047, 40.636, 40.781, 41.702, 42.725, 42.51, 41.308, 40.645, 42.46, 44.1, 42.807, 40.389, 40.259, 42.128, 43.241, 43.566, 44.118, 44.681, 44.386, 43.661, 43.09, 42.59, 42.211, 42.036, 42.055, 42.022, 42.383, 43.12, 43.759, 44.359, 44.286, 43.231, 41.935, 40.855, 40.069, 39.925, 39.37, 39.134, 39.237, 38.988, 38.403, 38.044, 38.585, 39.453, 39.885, 40.002, 40.049, 39.603, 39.064, 38.621, 38.188, 37.988, 38.232, 38.443, 38.14, 37.912, 38.199, 38.806, 39.834, 40.785, 40.657, 39.804, 38.599, 37.478, 37.157, 37.099, 36.707, 36.34, 36.157, 36.19, 36.481, 36.522, 36.242, 36.256, 36.619, 36.573, 36.379, 36.471, 36.137, 36.104, 36.607, 36.687, 36.373, 36.504, 36.588, 36.459, 36.709, 36.8, 36.597, 36.803, 37.287, 37.758, 38.07, 38.146, 38.089, 38.093, 37.951, 38.025, 38.393, 38.683, 38.888, 39.175, 39.991, 41.198, 42.494, 43.28, 43.126, 42.495, 41.743, 41.324, 41.836, 42.861, 43.259, 43.501, 43.24, 31.97], [31.197, 30.243, 28.156, 24.788, 21.165, 19.581, 18.13, 12.967, 6.327, 0.0, 6.205, 10.885, 13.333, 15.086, 18.083, 21.874, 25.368, 28.234, 30.078, 30.761, 30.973, 31.608, 32.445, 33.001, 33.7, 34.922, 36.563, 37.631, 38.211, 38.966, 40.065, 40.69, 40.854, 41.807, 42.848, 42.686, 41.576, 40.972, 42.736, 44.309, 43.061, 40.771, 40.682, 42.498, 43.563, 43.865, 44.401, 44.959, 44.681, 43.987, 43.427, 42.922, 42.553, 42.394, 42.412, 42.371, 42.714, 43.431, 44.054, 44.624, 44.549, 43.535, 42.278, 41.213, 40.42, 40.251, 39.696, 39.434, 39.49, 39.243, 38.707, 38.345, 38.81, 39.606, 40.008, 40.116, 40.164, 39.749, 39.224, 38.767, 38.339, 38.152, 38.379, 38.575, 38.289, 38.077, 38.362, 38.967, 39.975, 40.905, 40.781, 39.966, 38.875, 37.903, 37.655, 37.587, 37.185, 36.861, 36.745, 36.811, 37.1, 37.13, 36.833, 36.812, 37.14, 37.101, 36.905, 36.971, 36.669, 36.677, 37.162, 37.249, 36.969, 37.101, 37.182, 37.051, 37.273, 37.337, 37.123, 37.307, 37.771, 38.225, 38.542, 38.628, 38.551, 38.536, 38.395, 38.467, 38.826, 39.107, 39.307, 39.594, 40.386, 41.542, 42.764, 43.491, 43.336, 42.728, 42.012, 41.621, 42.126, 43.118, 43.495, 43.743, 43.531, 32.753], [31.112, 30.199, 28.174, 25.082, 21.979, 20.75, 19.504, 15.192, 10.549, 6.205, 0.0, 5.8, 9.256, 11.668, 15.313, 19.783, 23.728, 26.834, 28.798, 29.54, 29.767, 30.417, 31.289, 31.874, 32.599, 33.866, 35.59, 36.711, 37.309, 38.097, 39.29, 39.968, 40.193, 41.327, 42.53, 42.428, 41.327, 40.741, 42.619, 44.238, 42.92, 40.555, 40.499, 42.373, 43.457, 43.755, 44.313, 44.915, 44.639, 43.92, 43.348, 42.832, 42.444, 42.27, 42.29, 42.268, 42.633, 43.374, 44.031, 44.625, 44.547, 43.5, 42.173, 41.004, 40.113, 39.915, 39.345, 39.07, 39.143, 38.945, 38.426, 38.04, 38.477, 39.275, 39.686, 39.79, 39.83, 39.387, 38.832, 38.35, 37.894, 37.693, 37.908, 38.085, 37.784, 37.585, 37.903, 38.566, 39.64, 40.608, 40.464, 39.596, 38.466, 37.469, 37.222, 37.153, 36.729, 36.39, 36.26, 36.347, 36.682, 36.709, 36.369, 36.343, 36.72, 36.704, 36.496, 36.548, 36.209, 36.175, 36.668, 36.777, 36.489, 36.613, 36.685, 36.54, 36.775, 36.856, 36.653, 36.883, 37.415, 37.927, 38.28, 38.375, 38.28, 38.234, 38.069, 38.132, 38.508, 38.819, 39.04, 39.348, 40.2, 41.418, 42.676, 43.409, 43.246, 42.638, 41.908, 41.509, 42.042, 43.051, 43.419, 43.662, 43.434, 32.621], [30.979, 30.113, 28.113, 25.197, 22.494, 21.603, 20.608, 16.919, 13.621, 10.885, 5.8, 0.0, 4.598, 8.326, 12.659, 17.516, 21.841, 25.219, 27.325, 28.135, 28.379, 29.03, 29.914, 30.519, 31.29, 32.627, 34.443, 35.618, 36.245, 37.07, 38.329, 39.035, 39.293, 40.596, 41.966, 41.923, 40.85, 40.32, 42.335, 44.018, 42.629, 40.183, 40.17, 42.108, 43.22, 43.539, 44.142, 44.789, 44.517, 43.762, 43.166, 42.64, 42.237, 42.052, 42.078, 42.088, 42.484, 43.248, 43.932, 44.546, 44.461, 43.375, 41.98, 40.725, 39.763, 39.552, 38.968, 38.699, 38.801, 38.631, 38.102, 37.721, 38.207, 39.049, 39.477, 39.583, 39.618, 39.135, 38.542, 38.048, 37.576, 37.36, 37.571, 37.731, 37.393, 37.168, 37.486, 38.189, 39.326, 40.332, 40.176, 39.265, 38.069, 36.993, 36.716, 36.657, 36.228, 35.856, 35.681, 35.772, 36.157, 36.194, 35.83, 35.818, 36.254, 36.26, 36.061, 36.128, 35.75, 35.654, 36.148, 36.261, 35.95, 36.069, 36.133, 35.982, 36.247, 36.364, 36.181, 36.448, 37.029, 37.583, 37.963, 38.061, 37.959, 37.895, 37.708, 37.759, 38.149, 38.491, 38.746, 39.084, 39.986, 41.26, 42.571, 43.321, 43.152, 42.546, 41.794, 41.372, 41.918, 42.936, 43.304, 43.542, 43.289, 32.479], [30.962, 30.127, 28.162, 25.351, 22.868, 22.141, 21.271, 18.017, 15.421, 13.333, 9.256, 4.598, 0.0, 5.085, 10.844, 16.202, 20.677, 24.173, 26.406, 27.298, 27.579, 28.251, 29.158, 29.784, 30.601, 32.014, 33.894, 35.09, 35.727, 36.554, 37.812, 38.539, 38.82, 40.14, 41.528, 41.494, 40.431, 39.927, 42.001, 43.728, 42.313, 39.815, 39.791, 41.752, 42.914, 43.293, 43.956, 44.642, 44.374, 43.588, 42.961, 42.423, 42.012, 41.823, 41.855, 41.873, 42.271, 43.062, 43.785, 44.419, 44.327, 43.231, 41.831, 40.574, 39.609, 39.411, 38.833, 38.561, 38.67, 38.501, 37.956, 37.567, 38.08, 38.942, 39.371, 39.478, 39.511, 39.011, 38.408, 37.902, 37.399, 37.175, 37.398, 37.531, 37.13, 36.866, 37.187, 37.93, 39.116, 40.141, 39.956, 38.99, 37.74, 36.61, 36.311, 36.263, 35.843, 35.461, 35.252, 35.331, 35.741, 35.787, 35.417, 35.415, 35.886, 35.906, 35.715, 35.792, 35.391, 35.255, 35.745, 35.855, 35.532, 35.657, 35.708, 35.537, 35.82, 35.962, 35.788, 36.073, 36.677, 37.254, 37.656, 37.771, 37.69, 37.633, 37.433, 37.47, 37.863, 38.219, 38.497, 38.877, 39.837, 41.164, 42.501, 43.247, 43.065, 42.452, 41.678, 41.235, 41.788, 42.82, 43.201, 43.446, 43.181, 32.442], [30.63, 29.856, 28.053, 25.443, 23.162, 22.583, 21.828, 18.867, 16.749, 15.086, 11.668, 8.326, 5.085, 0.0, 7.209, 13.875, 18.911, 22.604, 25.012, 26.019, 26.321, 27.021, 27.992, 28.675, 29.567, 31.081, 33.059, 34.308, 34.972, 35.854, 37.201, 37.987, 38.298, 39.637, 41.051, 41.018, 39.916, 39.399, 41.573, 43.385, 41.94, 39.363, 39.339, 41.358, 42.57, 42.983, 43.686, 44.407, 44.134, 43.31, 42.642, 42.081, 41.657, 41.456, 41.487, 41.492, 41.876, 42.702, 43.477, 44.14, 44.041, 42.927, 41.515, 40.24, 39.249, 39.049, 38.458, 38.165, 38.278, 38.112, 37.549, 37.131, 37.642, 38.529, 38.967, 39.079, 39.121, 38.605, 37.98, 37.438, 36.876, 36.639, 36.877, 37.006, 36.577, 36.296, 36.634, 37.434, 38.689, 39.744, 39.519, 38.46, 37.125, 35.929, 35.628, 35.61, 35.197, 34.802, 34.558, 34.623, 35.048, 35.099, 34.713, 34.72, 35.24, 35.274, 35.063, 35.128, 34.705, 34.543, 35.038, 35.144, 34.815, 34.961, 34.988, 34.771, 35.062, 35.219, 35.034, 35.354, 36.021, 36.68, 37.153, 37.286, 37.213, 37.181, 36.991, 37.017, 37.413, 37.788, 38.083, 38.492, 39.512, 40.901, 42.275, 43.026, 42.825, 42.189, 41.377, 40.902, 41.465, 42.533, 42.939, 43.19, 42.895, 32.103], [30.213, 29.567, 28.106, 25.914, 23.969, 23.577, 23.004, 20.544, 19.097, 18.083, 15.313, 12.659, 10.844, 7.209, 0.0, 8.094, 14.427, 18.835, 21.631, 22.837, 23.202, 23.998, 25.127, 25.961, 27.0, 28.654, 30.792, 32.19, 32.988, 34.054, 35.66, 36.59, 36.935, 38.426, 40.048, 40.092, 39.026, 38.606, 40.981, 42.93, 41.494, 38.931, 39.035, 41.189, 42.46, 42.899, 43.623, 44.355, 44.069, 43.206, 42.501, 41.921, 41.474, 41.252, 41.277, 41.27, 41.662, 42.541, 43.359, 44.03, 43.9, 42.738, 41.274, 39.934, 38.869, 38.656, 38.052, 37.765, 37.886, 37.698, 37.096, 36.668, 37.218, 38.17, 38.641, 38.759, 38.805, 38.257, 37.589, 37.006, 36.396, 36.136, 36.372, 36.505, 36.078, 35.793, 36.132, 36.976, 38.303, 39.391, 39.131, 37.999, 36.575, 35.285, 34.988, 35.047, 34.634, 34.156, 33.83, 33.891, 34.352, 34.421, 34.025, 34.057, 34.644, 34.697, 34.467, 34.526, 34.063, 33.844, 34.334, 34.437, 34.099, 34.253, 34.25, 33.993, 34.301, 34.482, 34.29, 34.651, 35.39, 36.132, 36.666, 36.801, 36.727, 36.727, 36.56, 36.581, 36.986, 37.389, 37.695, 38.109, 39.177, 40.615, 42.017, 42.775, 42.567, 41.915, 41.061, 40.552, 41.133, 42.251, 42.692, 42.949, 42.611, 31.704], [30.572, 30.063, 28.942, 27.209, 25.697, 25.463, 25.023, 23.176, 22.387, 21.874, 19.783, 17.516, 16.202, 13.875, 8.094, 0.0, 7.426, 12.974, 16.51, 18.078, 18.63, 19.692, 21.116, 22.171, 23.401, 25.221, 27.531, 29.084, 30.042, 31.273, 33.142, 34.292, 34.718, 36.357, 38.194, 38.397, 37.606, 37.548, 40.128, 42.14, 40.839, 38.587, 38.975, 41.269, 42.622, 43.13, 43.865, 44.578, 44.291, 43.436, 42.741, 42.158, 41.694, 41.46, 41.493, 41.498, 41.911, 42.825, 43.667, 44.327, 44.173, 43.004, 41.549, 40.225, 39.159, 38.959, 38.366, 38.098, 38.204, 37.957, 37.298, 36.874, 37.475, 38.477, 38.978, 39.099, 39.128, 38.572, 37.934, 37.373, 36.744, 36.461, 36.693, 36.814, 36.379, 36.095, 36.433, 37.29, 38.627, 39.686, 39.385, 38.229, 36.763, 35.396, 35.093, 35.231, 34.85, 34.311, 33.911, 33.966, 34.464, 34.552, 34.159, 34.215, 34.835, 34.902, 34.669, 34.716, 34.229, 33.946, 34.379, 34.45, 34.103, 34.246, 34.218, 33.968, 34.302, 34.498, 34.313, 34.682, 35.427, 36.155, 36.674, 36.828, 36.796, 36.843, 36.7, 36.715, 37.112, 37.513, 37.806, 38.219, 39.323, 40.789, 42.162, 42.875, 42.665, 42.033, 41.183, 40.678, 41.259, 42.387, 42.871, 43.159, 42.814, 32.029], [31.655, 31.233, 30.358, 29.02, 27.91, 27.79, 27.412, 26.026, 25.657, 25.368, 23.728, 21.841, 20.677, 18.911, 14.427, 7.426, 0.0, 6.416, 11.006, 13.258, 14.126, 15.522, 17.317, 18.623, 20.056, 22.064, 24.546, 26.198, 27.216, 28.479, 30.521, 31.912, 32.485, 34.238, 36.217, 36.59, 36.135, 36.517, 39.293, 41.313, 40.139, 38.257, 38.945, 41.358, 42.806, 43.399, 44.149, 44.849, 44.567, 43.729, 43.057, 42.484, 42.017, 41.781, 41.816, 41.828, 42.248, 43.187, 44.05, 44.711, 44.563, 43.431, 42.03, 40.77, 39.755, 39.549, 38.962, 38.694, 38.774, 38.476, 37.786, 37.351, 37.942, 38.938, 39.458, 39.589, 39.603, 39.069, 38.494, 37.969, 37.34, 37.035, 37.237, 37.33, 36.906, 36.629, 36.969, 37.844, 39.171, 40.185, 39.858, 38.69, 37.179, 35.755, 35.452, 35.648, 35.331, 34.821, 34.408, 34.453, 34.972, 35.074, 34.679, 34.734, 35.362, 35.449, 35.212, 35.224, 34.743, 34.425, 34.771, 34.793, 34.437, 34.575, 34.528, 34.289, 34.63, 34.825, 34.647, 35.03, 35.777, 36.484, 36.994, 37.183, 37.212, 37.316, 37.202, 37.207, 37.579, 37.964, 38.236, 38.641, 39.764, 41.219, 42.521, 43.158, 42.926, 42.307, 41.469, 40.968, 41.525, 42.642, 43.178, 43.498, 43.131, 33.018], [33.013, 32.619, 31.908, 30.891, 30.093, 30.073, 29.743, 28.609, 28.43, 28.234, 26.834, 25.219, 24.173, 22.604, 18.835, 12.974, 6.416, 0.0, 5.513, 8.808, 10.246, 11.957, 14.11, 15.723, 17.423, 19.681, 22.378, 24.113, 25.122, 26.388, 28.59, 30.202, 30.949, 32.838, 34.937, 35.445, 35.215, 35.865, 38.76, 40.785, 39.69, 38.069, 38.991, 41.489, 42.99, 43.631, 44.392, 45.086, 44.801, 43.978, 43.336, 42.783, 42.319, 42.088, 42.12, 42.131, 42.547, 43.489, 44.364, 45.039, 44.919, 43.838, 42.474, 41.239, 40.244, 40.001, 39.399, 39.123, 39.172, 38.84, 38.145, 37.704, 38.266, 39.242, 39.775, 39.917, 39.926, 39.418, 38.893, 38.398, 37.791, 37.483, 37.65, 37.721, 37.33, 37.066, 37.41, 38.303, 39.617, 40.594, 40.266, 39.101, 37.558, 36.11, 35.823, 36.064, 35.804, 35.336, 34.936, 34.978, 35.501, 35.603, 35.203, 35.242, 35.863, 35.973, 35.729, 35.7, 35.231, 34.894, 35.153, 35.126, 34.77, 34.921, 34.871, 34.642, 34.985, 35.167, 34.988, 35.376, 36.119, 36.812, 37.319, 37.534, 37.604, 37.745, 37.66, 37.663, 38.025, 38.412, 38.677, 39.067, 40.173, 41.581, 42.801, 43.363, 43.095, 42.471, 41.645, 41.142, 41.672, 42.781, 43.357, 43.695, 43.303, 34.275], [34.206, 33.802, 33.173, 32.346, 31.712, 31.742, 31.436, 30.394, 30.245, 30.078, 28.798, 27.325, 26.406, 25.012, 21.631, 16.51, 11.006, 5.513, 0.0, 4.212, 6.761, 9.165, 11.702, 13.603, 15.561, 18.056, 20.96, 22.783, 23.822, 25.182, 27.581, 29.349, 30.216, 32.194, 34.365, 34.957, 34.854, 35.635, 38.567, 40.573, 39.521, 38.075, 39.171, 41.713, 43.221, 43.86, 44.604, 45.275, 44.988, 44.191, 43.582, 43.05, 42.59, 42.359, 42.39, 42.414, 42.832, 43.753, 44.613, 45.288, 45.194, 44.151, 42.806, 41.566, 40.555, 40.258, 39.649, 39.387, 39.429, 39.076, 38.385, 37.972, 38.543, 39.515, 40.053, 40.196, 40.204, 39.719, 39.232, 38.774, 38.204, 37.905, 38.055, 38.111, 37.739, 37.48, 37.82, 38.72, 40.012, 40.958, 40.643, 39.513, 37.993, 36.571, 36.307, 36.574, 36.343, 35.889, 35.503, 35.552, 36.063, 36.149, 35.741, 35.749, 36.347, 36.482, 36.255, 36.205, 35.741, 35.393, 35.584, 35.519, 35.17, 35.323, 35.268, 35.059, 35.408, 35.586, 35.417, 35.797, 36.515, 37.192, 37.702, 37.922, 37.99, 38.13, 38.056, 38.059, 38.41, 38.794, 39.053, 39.423, 40.494, 41.865, 43.037, 43.558, 43.276, 42.65, 41.839, 41.343, 41.856, 42.945, 43.523, 43.861, 43.473, 35.398], [34.682, 34.279, 33.7, 32.929, 32.314, 32.352, 32.067, 31.058, 30.91, 30.761, 29.54, 28.135, 27.298, 26.019, 22.837, 18.078, 13.258, 8.808, 4.212, 0.0, 3.71, 7.351, 10.518, 12.635, 14.685, 17.278, 20.299, 22.198, 23.302, 24.761, 27.297, 29.136, 30.027, 32.004, 34.18, 34.791, 34.74, 35.582, 38.521, 40.486, 39.428, 38.056, 39.237, 41.806, 43.328, 43.955, 44.668, 45.324, 45.053, 44.285, 43.69, 43.165, 42.704, 42.472, 42.506, 42.546, 42.976, 43.886, 44.732, 45.4, 45.309, 44.272, 42.928, 41.683, 40.646, 40.304, 39.699, 39.464, 39.515, 39.156, 38.479, 38.098, 38.687, 39.663, 40.199, 40.338, 40.348, 39.874, 39.403, 38.962, 38.408, 38.106, 38.248, 38.289, 37.921, 37.671, 38.02, 38.93, 40.219, 41.151, 40.842, 39.736, 38.238, 36.83, 36.583, 36.865, 36.638, 36.178, 35.801, 35.861, 36.364, 36.444, 36.031, 36.025, 36.611, 36.761, 36.547, 36.496, 36.033, 35.68, 35.844, 35.769, 35.422, 35.558, 35.493, 35.299, 35.656, 35.839, 35.683, 36.059, 36.758, 37.431, 37.951, 38.164, 38.208, 38.337, 38.265, 38.268, 38.609, 38.987, 39.246, 39.607, 40.657, 42.008, 43.153, 43.656, 43.379, 42.757, 41.949, 41.461, 41.967, 43.034, 43.599, 43.934, 43.553, 35.856], [34.667, 34.296, 33.767, 33.01, 32.385, 32.444, 32.199, 31.217, 31.094, 30.973, 29.767, 28.379, 27.579, 26.321, 23.202, 18.63, 14.126, 10.246, 6.761, 3.71, 0.0, 4.627, 8.778, 11.406, 13.664, 16.411, 19.58, 21.567, 22.744, 24.286, 26.914, 28.792, 29.674, 31.665, 33.872, 34.493, 34.462, 35.349, 38.319, 40.263, 39.163, 37.777, 38.99, 41.613, 43.165, 43.796, 44.521, 45.204, 44.947, 44.184, 43.59, 43.062, 42.602, 42.375, 42.413, 42.453, 42.897, 43.826, 44.679, 45.341, 45.237, 44.184, 42.829, 41.586, 40.551, 40.194, 39.583, 39.359, 39.416, 39.054, 38.381, 38.006, 38.589, 39.56, 40.097, 40.239, 40.257, 39.782, 39.301, 38.846, 38.271, 37.957, 38.093, 38.124, 37.76, 37.535, 37.914, 38.853, 40.162, 41.102, 40.788, 39.666, 38.141, 36.702, 36.458, 36.748, 36.512, 36.043, 35.687, 35.763, 36.27, 36.349, 35.937, 35.937, 36.53, 36.682, 36.464, 36.414, 35.946, 35.577, 35.728, 35.655, 35.303, 35.425, 35.359, 35.175, 35.541, 35.72, 35.551, 35.923, 36.622, 37.308, 37.848, 38.064, 38.092, 38.224, 38.169, 38.185, 38.533, 38.914, 39.176, 39.542, 40.596, 41.947, 43.082, 43.577, 43.301, 42.677, 41.853, 41.349, 41.846, 42.91, 43.478, 43.82, 43.441, 35.83], [34.929, 34.603, 34.129, 33.44, 32.884, 32.996, 32.799, 31.84, 31.71, 31.608, 30.417, 29.03, 28.251, 27.021, 23.998, 19.692, 15.522, 11.957, 9.165, 7.351, 4.627, 0.0, 5.01, 8.749, 11.794, 14.864, 18.193, 20.266, 21.539, 23.245, 26.034, 27.981, 28.904, 31.006, 33.327, 34.003, 34.021, 34.989, 38.032, 39.994, 38.865, 37.456, 38.718, 41.427, 43.01, 43.644, 44.403, 45.143, 44.909, 44.144, 43.555, 43.039, 42.588, 42.364, 42.398, 42.429, 42.88, 43.829, 44.687, 45.335, 45.218, 44.158, 42.792, 41.543, 40.518, 40.154, 39.53, 39.311, 39.382, 39.031, 38.365, 37.986, 38.552, 39.517, 40.054, 40.198, 40.221, 39.747, 39.257, 38.784, 38.191, 37.87, 38.0, 38.029, 37.682, 37.488, 37.888, 38.845, 40.159, 41.092, 40.764, 39.614, 38.05, 36.576, 36.329, 36.62, 36.377, 35.915, 35.588, 35.683, 36.192, 36.264, 35.851, 35.86, 36.461, 36.623, 36.408, 36.357, 35.891, 35.504, 35.635, 35.563, 35.213, 35.334, 35.279, 35.109, 35.486, 35.653, 35.46, 35.822, 36.531, 37.237, 37.793, 38.011, 38.027, 38.166, 38.129, 38.156, 38.51, 38.889, 39.139, 39.492, 40.532, 41.868, 42.992, 43.484, 43.204, 42.573, 41.736, 41.202, 41.673, 42.735, 43.317, 43.674, 43.305, 36.043], [35.391, 35.087, 34.626, 34.014, 33.575, 33.737, 33.574, 32.667, 32.535, 32.445, 31.289, 29.914, 29.158, 27.992, 25.127, 21.116, 17.317, 14.11, 11.702, 10.518, 8.778, 5.01, 0.0, 4.967, 9.362, 13.12, 16.625, 18.681, 20.016, 21.919, 24.933, 26.998, 27.995, 30.223, 32.666, 33.398, 33.468, 34.551, 37.696, 39.697, 38.574, 37.191, 38.522, 41.301, 42.909, 43.546, 44.326, 45.111, 44.91, 44.153, 43.571, 43.072, 42.636, 42.417, 42.445, 42.46, 42.897, 43.845, 44.693, 45.321, 45.202, 44.155, 42.799, 41.568, 40.568, 40.194, 39.562, 39.348, 39.429, 39.098, 38.46, 38.088, 38.641, 39.598, 40.126, 40.266, 40.291, 39.826, 39.338, 38.868, 38.282, 37.96, 38.078, 38.123, 37.814, 37.647, 38.054, 39.018, 40.32, 41.233, 40.891, 39.732, 38.162, 36.668, 36.406, 36.691, 36.449, 35.988, 35.665, 35.771, 36.277, 36.339, 35.931, 35.957, 36.568, 36.741, 36.527, 36.47, 36.013, 35.632, 35.754, 35.685, 35.345, 35.463, 35.418, 35.257, 35.639, 35.799, 35.601, 35.959, 36.675, 37.397, 37.961, 38.173, 38.167, 38.301, 38.267, 38.29, 38.637, 38.997, 39.212, 39.525, 40.516, 41.807, 42.914, 43.419, 43.145, 42.508, 41.675, 41.131, 41.575, 42.627, 43.217, 43.585, 43.229, 36.464], [35.625, 35.328, 34.874, 34.285, 33.908, 34.104, 33.97, 33.135, 33.064, 33.001, 31.874, 30.519, 29.784, 28.675, 25.961, 22.171, 18.623, 15.723, 13.603, 12.635, 11.406, 8.749, 4.967, 0.0, 5.51, 10.626, 14.806, 16.844, 18.221, 20.436, 23.821, 26.071, 27.092, 29.32, 31.795, 32.545, 32.671, 33.888, 37.148, 39.187, 38.088, 36.763, 38.162, 40.972, 42.609, 43.272, 44.071, 44.87, 44.681, 43.923, 43.343, 42.851, 42.426, 42.22, 42.255, 42.265, 42.701, 43.653, 44.509, 45.148, 45.041, 43.998, 42.658, 41.467, 40.506, 40.136, 39.499, 39.286, 39.365, 39.044, 38.43, 38.059, 38.602, 39.548, 40.067, 40.203, 40.233, 39.769, 39.281, 38.816, 38.239, 37.909, 38.021, 38.091, 37.814, 37.658, 38.071, 39.06, 40.381, 41.295, 40.955, 39.796, 38.235, 36.734, 36.455, 36.731, 36.488, 36.011, 35.67, 35.784, 36.294, 36.351, 35.954, 35.995, 36.607, 36.771, 36.538, 36.466, 36.009, 35.643, 35.78, 35.721, 35.374, 35.48, 35.435, 35.266, 35.641, 35.803, 35.616, 35.99, 36.72, 37.453, 38.017, 38.224, 38.212, 38.342, 38.303, 38.323, 38.666, 39.005, 39.186, 39.474, 40.445, 41.73, 42.855, 43.385, 43.125, 42.487, 41.652, 41.105, 41.543, 42.591, 43.179, 43.543, 43.186, 36.689], [35.981, 35.704, 35.314, 34.796, 34.473, 34.69, 34.583, 33.803, 33.76, 33.7, 32.599, 31.29, 30.601, 29.567, 27.0, 23.401, 20.056, 17.423, 15.561, 14.685, 13.664, 11.794, 9.362, 5.51, 0.0, 6.449, 11.931, 14.321, 15.835, 18.622, 22.719, 25.272, 26.3, 28.462, 30.946, 31.744, 31.987, 33.394, 36.75, 38.802, 37.752, 36.539, 38.016, 40.834, 42.481, 43.157, 43.952, 44.741, 44.551, 43.8, 43.238, 42.767, 42.353, 42.158, 42.203, 42.229, 42.68, 43.632, 44.489, 45.134, 45.028, 43.986, 42.658, 41.497, 40.553, 40.168, 39.535, 39.333, 39.403, 39.067, 38.474, 38.115, 38.653, 39.59, 40.114, 40.257, 40.287, 39.823, 39.328, 38.858, 38.286, 37.952, 38.065, 38.152, 37.898, 37.744, 38.155, 39.159, 40.486, 41.394, 41.056, 39.91, 38.381, 36.915, 36.648, 36.921, 36.672, 36.201, 35.875, 35.993, 36.491, 36.542, 36.155, 36.197, 36.79, 36.938, 36.698, 36.626, 36.177, 35.829, 35.977, 35.917, 35.565, 35.668, 35.623, 35.445, 35.809, 35.973, 35.784, 36.148, 36.87, 37.592, 38.149, 38.359, 38.355, 38.497, 38.472, 38.503, 38.846, 39.176, 39.345, 39.622, 40.572, 41.832, 42.933, 43.453, 43.203, 42.575, 41.742, 41.193, 41.626, 42.671, 43.254, 43.615, 43.261, 36.968], [36.808, 36.578, 36.273, 35.915, 35.733, 35.986, 35.903, 35.155, 35.032, 34.922, 33.866, 32.627, 32.014, 31.081, 28.654, 25.221, 22.064, 19.681, 18.056, 17.278, 16.411, 14.864, 13.12, 10.626, 6.449, 0.0, 6.718, 10.188, 12.482, 16.304, 21.436, 24.395, 25.53, 27.828, 30.496, 31.44, 31.862, 33.489, 36.866, 38.87, 37.916, 36.894, 38.439, 41.213, 42.811, 43.443, 44.175, 44.929, 44.757, 44.051, 43.535, 43.109, 42.718, 42.523, 42.563, 42.606, 43.064, 43.973, 44.78, 45.381, 45.256, 44.23, 42.932, 41.802, 40.858, 40.432, 39.822, 39.663, 39.732, 39.383, 38.836, 38.524, 39.056, 39.971, 40.495, 40.642, 40.668, 40.221, 39.74, 39.279, 38.726, 38.394, 38.499, 38.592, 38.37, 38.219, 38.594, 39.559, 40.827, 41.675, 41.325, 40.225, 38.782, 37.417, 37.197, 37.461, 37.218, 36.799, 36.544, 36.666, 37.129, 37.177, 36.812, 36.843, 37.384, 37.524, 37.316, 37.268, 36.851, 36.526, 36.653, 36.595, 36.271, 36.372, 36.333, 36.161, 36.504, 36.671, 36.495, 36.821, 37.491, 38.178, 38.712, 38.897, 38.873, 39.032, 39.048, 39.105, 39.445, 39.766, 39.933, 40.195, 41.065, 42.215, 43.209, 43.675, 43.434, 42.835, 42.039, 41.502, 41.908, 42.939, 43.533, 43.906, 43.572, 37.61], [38.068, 37.901, 37.651, 37.408, 37.357, 37.64, 37.576, 36.909, 36.72, 36.563, 35.59, 34.443, 33.894, 33.059, 30.792, 27.531, 24.546, 22.378, 20.96, 20.299, 19.58, 18.193, 16.625, 14.806, 11.931, 6.718, 0.0, 5.042, 9.436, 14.685, 20.532, 23.776, 25.07, 27.586, 30.476, 31.579, 32.169, 33.949, 37.224, 39.124, 38.312, 37.554, 39.154, 41.815, 43.333, 43.923, 44.586, 45.297, 45.152, 44.512, 44.055, 43.675, 43.323, 43.142, 43.173, 43.227, 43.682, 44.535, 45.282, 45.835, 45.708, 44.738, 43.513, 42.451, 41.547, 41.096, 40.518, 40.409, 40.504, 40.184, 39.711, 39.45, 39.965, 40.825, 41.319, 41.455, 41.477, 41.07, 40.624, 40.191, 39.685, 39.361, 39.434, 39.507, 39.306, 39.155, 39.481, 40.369, 41.538, 42.3, 41.953, 40.947, 39.643, 38.412, 38.23, 38.482, 38.278, 37.922, 37.739, 37.875, 38.295, 38.34, 38.017, 38.044, 38.523, 38.661, 38.49, 38.451, 38.055, 37.734, 37.815, 37.773, 37.502, 37.585, 37.54, 37.372, 37.677, 37.85, 37.724, 38.017, 38.612, 39.24, 39.734, 39.867, 39.788, 39.93, 39.974, 40.052, 40.376, 40.676, 40.833, 41.063, 41.831, 42.866, 43.759, 44.175, 43.946, 43.393, 42.669, 42.16, 42.525, 43.527, 44.132, 44.519, 44.226, 38.686], [38.832, 38.711, 38.49, 38.271, 38.258, 38.551, 38.508, 37.942, 37.788, 37.631, 36.711, 35.618, 35.09, 34.308, 32.19, 29.084, 26.198, 24.113, 22.783, 22.198, 21.567, 20.266, 18.681, 16.844, 14.321, 10.188, 5.042, 0.0, 6.053, 12.853, 19.501, 23.004, 24.374, 26.989, 30.021, 31.195, 31.896, 33.842, 37.1, 38.946, 38.221, 37.666, 39.357, 41.966, 43.449, 44.044, 44.702, 45.41, 45.288, 44.686, 44.26, 43.904, 43.585, 43.44, 43.488, 43.551, 44.003, 44.833, 45.551, 46.078, 45.957, 45.032, 43.874, 42.89, 42.047, 41.602, 41.048, 40.95, 41.043, 40.732, 40.288, 40.028, 40.503, 41.31, 41.779, 41.906, 41.926, 41.542, 41.126, 40.728, 40.277, 39.973, 40.03, 40.08, 39.874, 39.726, 40.023, 40.852, 41.957, 42.688, 42.383, 41.47, 40.265, 39.107, 38.937, 39.185, 39.013, 38.688, 38.526, 38.657, 39.054, 39.108, 38.812, 38.832, 39.268, 39.396, 39.237, 39.187, 38.797, 38.477, 38.541, 38.513, 38.267, 38.332, 38.282, 38.123, 38.409, 38.565, 38.443, 38.713, 39.266, 39.858, 40.329, 40.451, 40.362, 40.496, 40.549, 40.632, 40.942, 41.228, 41.38, 41.61, 42.347, 43.342, 44.201, 44.595, 44.377, 43.848, 43.16, 42.673, 43.012, 43.98, 44.576, 44.951, 44.655, 39.355], [38.89, 38.784, 38.598, 38.446, 38.508, 38.829, 38.819, 38.37, 38.329, 38.211, 37.309, 36.245, 35.727, 34.972, 32.988, 30.042, 27.216, 25.122, 23.822, 23.302, 22.744, 21.539, 20.016, 18.221, 15.835, 12.482, 9.436, 6.053, 0.0, 8.255, 16.642, 20.936, 22.467, 25.354, 28.678, 29.906, 30.703, 32.901, 36.31, 38.172, 37.47, 37.076, 38.96, 41.658, 43.174, 43.801, 44.476, 45.198, 45.101, 44.53, 44.126, 43.776, 43.466, 43.356, 43.438, 43.512, 43.969, 44.804, 45.499, 45.997, 45.872, 44.969, 43.845, 42.905, 42.093, 41.647, 41.1, 41.003, 41.05, 40.675, 40.202, 39.936, 40.415, 41.228, 41.712, 41.847, 41.859, 41.478, 41.085, 40.718, 40.298, 40.015, 40.085, 40.141, 39.954, 39.829, 40.112, 40.907, 41.987, 42.719, 42.448, 41.578, 40.393, 39.23, 39.047, 39.283, 39.118, 38.818, 38.655, 38.749, 39.125, 39.176, 38.874, 38.88, 39.303, 39.412, 39.236, 39.166, 38.782, 38.485, 38.561, 38.534, 38.277, 38.337, 38.292, 38.153, 38.447, 38.568, 38.408, 38.675, 39.233, 39.819, 40.283, 40.413, 40.347, 40.512, 40.59, 40.687, 41.001, 41.283, 41.438, 41.688, 42.448, 43.437, 44.28, 44.662, 44.439, 43.908, 43.224, 42.746, 43.074, 44.019, 44.613, 44.968, 44.624, 39.398], [38.806, 38.678, 38.48, 38.424, 38.671, 39.072, 39.112, 38.858, 39.024, 38.966, 38.097, 37.07, 36.554, 35.854, 34.054, 31.273, 28.479, 26.388, 25.182, 24.761, 24.286, 23.245, 21.919, 20.436, 18.622, 16.304, 14.685, 12.853, 8.255, 0.0, 10.162, 16.093, 18.398, 21.915, 25.775, 27.253, 28.362, 31.065, 34.841, 36.813, 36.154, 35.991, 38.189, 41.091, 42.737, 43.462, 44.192, 44.937, 44.871, 44.354, 44.0, 43.663, 43.347, 43.241, 43.335, 43.421, 43.904, 44.788, 45.507, 46.003, 45.877, 44.995, 43.916, 43.034, 42.264, 41.803, 41.21, 41.106, 41.12, 40.655, 40.073, 39.795, 40.356, 41.24, 41.761, 41.909, 41.914, 41.529, 41.164, 40.837, 40.457, 40.191, 40.24, 40.285, 40.12, 40.012, 40.279, 41.03, 42.065, 42.777, 42.517, 41.65, 40.419, 39.172, 38.95, 39.198, 39.05, 38.754, 38.534, 38.586, 38.976, 39.027, 38.713, 38.746, 39.227, 39.339, 39.116, 39.015, 38.624, 38.308, 38.363, 38.317, 38.036, 38.095, 38.05, 37.945, 38.27, 38.373, 38.197, 38.496, 39.076, 39.633, 40.069, 40.217, 40.184, 40.376, 40.469, 40.57, 40.887, 41.155, 41.287, 41.545, 42.368, 43.412, 44.288, 44.682, 44.447, 43.924, 43.267, 42.824, 43.173, 44.111, 44.699, 45.014, 44.605, 39.341], [39.45, 39.275, 38.995, 38.965, 39.329, 39.773, 39.83, 39.716, 40.047, 40.065, 39.29, 38.329, 37.812, 37.201, 35.66, 33.142, 30.521, 28.59, 27.581, 27.297, 26.914, 26.034, 24.933, 23.821, 22.719, 21.436, 20.532, 19.501, 16.642, 10.162, 0.0, 8.054, 12.648, 17.394, 22.029, 24.137, 25.987, 29.564, 33.813, 35.867, 35.245, 35.305, 37.743, 40.75, 42.498, 43.354, 44.193, 44.994, 44.982, 44.531, 44.238, 43.96, 43.678, 43.571, 43.649, 43.736, 44.258, 45.195, 45.954, 46.457, 46.317, 45.457, 44.461, 43.691, 43.03, 42.576, 41.962, 41.864, 41.908, 41.434, 40.797, 40.51, 41.115, 42.016, 42.543, 42.701, 42.712, 42.336, 41.991, 41.693, 41.361, 41.104, 41.093, 41.094, 40.921, 40.799, 41.051, 41.753, 42.71, 43.369, 43.118, 42.257, 40.989, 39.69, 39.445, 39.726, 39.608, 39.269, 38.961, 39.015, 39.437, 39.499, 39.225, 39.323, 39.86, 40.002, 39.78, 39.685, 39.273, 38.879, 38.871, 38.809, 38.53, 38.554, 38.469, 38.38, 38.707, 38.823, 38.708, 39.05, 39.594, 40.054, 40.427, 40.608, 40.611, 40.799, 40.869, 40.935, 41.22, 41.453, 41.541, 41.754, 42.576, 43.637, 44.525, 44.937, 44.716, 44.231, 43.63, 43.245, 43.612, 44.541, 45.143, 45.424, 44.991, 39.993], [40.119, 39.929, 39.57, 39.496, 39.889, 40.337, 40.375, 40.281, 40.636, 40.69, 39.968, 39.035, 38.539, 37.987, 36.59, 34.292, 31.912, 30.202, 29.349, 29.136, 28.792, 27.981, 26.998, 26.071, 25.272, 24.395, 23.776, 23.004, 20.936, 16.093, 8.054, 0.0, 7.268, 14.322, 20.136, 22.834, 25.284, 29.427, 33.888, 35.95, 35.275, 35.296, 37.727, 40.708, 42.439, 43.307, 44.197, 45.061, 45.103, 44.677, 44.417, 44.206, 43.978, 43.884, 43.945, 44.022, 44.551, 45.489, 46.234, 46.706, 46.544, 45.691, 44.727, 43.999, 43.398, 42.936, 42.329, 42.263, 42.365, 41.947, 41.359, 41.094, 41.668, 42.511, 43.002, 43.158, 43.179, 42.837, 42.533, 42.259, 41.93, 41.66, 41.627, 41.601, 41.41, 41.263, 41.495, 42.181, 43.112, 43.758, 43.519, 42.665, 41.406, 40.134, 39.903, 40.202, 40.096, 39.744, 39.431, 39.504, 39.92, 39.981, 39.736, 39.832, 40.334, 40.489, 40.316, 40.265, 39.854, 39.431, 39.417, 39.375, 39.109, 39.095, 38.98, 38.89, 39.207, 39.35, 39.28, 39.617, 40.121, 40.54, 40.888, 41.075, 41.074, 41.253, 41.311, 41.354, 41.61, 41.817, 41.892, 42.081, 42.853, 43.859, 44.747, 45.21, 45.032, 44.568, 43.997, 43.651, 44.015, 44.913, 45.525, 45.806, 45.376, 40.629], [40.244, 40.092, 39.732, 39.619, 39.972, 40.387, 40.435, 40.405, 40.781, 40.854, 40.193, 39.293, 38.82, 38.298, 36.935, 34.718, 32.485, 30.949, 30.216, 30.027, 29.674, 28.904, 27.995, 27.092, 26.3, 25.53, 25.07, 24.374, 22.467, 18.398, 12.648, 7.268, 0.0, 9.408, 17.275, 20.776, 23.704, 28.346, 32.981, 35.063, 34.412, 34.517, 37.088, 40.178, 41.929, 42.783, 43.691, 44.612, 44.703, 44.305, 44.067, 43.874, 43.669, 43.602, 43.672, 43.756, 44.306, 45.263, 46.005, 46.449, 46.246, 45.362, 44.384, 43.686, 43.184, 42.812, 42.227, 42.139, 42.233, 41.844, 41.318, 41.086, 41.611, 42.365, 42.8, 42.949, 42.978, 42.66, 42.382, 42.103, 41.75, 41.476, 41.458, 41.439, 41.267, 41.124, 41.333, 42.006, 42.947, 43.607, 43.386, 42.579, 41.395, 40.196, 39.97, 40.25, 40.138, 39.789, 39.507, 39.601, 40.001, 40.052, 39.806, 39.867, 40.316, 40.472, 40.322, 40.267, 39.865, 39.472, 39.472, 39.447, 39.181, 39.153, 39.039, 38.954, 39.261, 39.382, 39.283, 39.593, 40.094, 40.524, 40.863, 41.015, 41.004, 41.236, 41.352, 41.41, 41.655, 41.854, 41.938, 42.154, 42.91, 43.854, 44.706, 45.184, 45.041, 44.579, 43.993, 43.646, 43.989, 44.837, 45.419, 45.7, 45.279, 40.697], [40.969, 40.86, 40.57, 40.456, 40.721, 41.063, 41.133, 41.247, 41.702, 41.807, 41.327, 40.596, 40.14, 39.637, 38.426, 36.357, 34.238, 32.838, 32.194, 32.004, 31.665, 31.006, 30.223, 29.32, 28.462, 27.828, 27.586, 26.989, 25.354, 21.915, 17.394, 14.322, 9.408, 0.0, 9.734, 15.086, 19.665, 25.79, 30.983, 33.183, 32.825, 33.475, 36.449, 39.75, 41.672, 42.684, 43.683, 44.629, 44.754, 44.422, 44.233, 44.062, 43.885, 43.856, 43.95, 44.04, 44.591, 45.567, 46.356, 46.836, 46.62, 45.757, 44.87, 44.301, 43.918, 43.613, 43.064, 42.956, 43.038, 42.641, 42.114, 41.867, 42.332, 42.985, 43.342, 43.483, 43.511, 43.202, 42.967, 42.739, 42.411, 42.168, 42.195, 42.188, 42.021, 41.879, 42.042, 42.613, 43.449, 44.043, 43.827, 43.104, 42.06, 40.976, 40.735, 40.968, 40.878, 40.543, 40.259, 40.349, 40.728, 40.78, 40.56, 40.614, 41.034, 41.224, 41.085, 40.984, 40.613, 40.269, 40.233, 40.192, 39.94, 39.895, 39.763, 39.678, 39.959, 40.034, 39.895, 40.16, 40.621, 41.002, 41.272, 41.385, 41.388, 41.658, 41.815, 41.889, 42.109, 42.281, 42.366, 42.605, 43.35, 44.223, 44.953, 45.373, 45.262, 44.826, 44.245, 43.9, 44.204, 45.005, 45.568, 45.834, 45.42, 41.362], [41.881, 41.805, 41.586, 41.469, 41.672, 41.976, 42.054, 42.249, 42.725, 42.848, 42.53, 41.966, 41.528, 41.051, 40.048, 38.194, 36.217, 34.937, 34.365, 34.18, 33.872, 33.327, 32.666, 31.795, 30.946, 30.496, 30.476, 30.021, 28.678, 25.775, 22.029, 20.136, 17.275, 9.734, 0.0, 7.666, 15.172, 23.355, 29.248, 31.653, 31.662, 32.856, 36.15, 39.658, 41.787, 42.95, 43.994, 44.948, 45.119, 44.878, 44.741, 44.578, 44.418, 44.424, 44.559, 44.667, 45.181, 46.127, 46.942, 47.468, 47.292, 46.504, 45.734, 45.259, 44.914, 44.579, 44.06, 43.971, 44.04, 43.602, 43.053, 42.783, 43.217, 43.828, 44.14, 44.268, 44.292, 43.995, 43.81, 43.651, 43.366, 43.16, 43.235, 43.241, 43.055, 42.895, 43.016, 43.484, 44.188, 44.695, 44.476, 43.818, 42.878, 41.884, 41.629, 41.812, 41.756, 41.482, 41.215, 41.283, 41.634, 41.682, 41.48, 41.531, 41.946, 42.151, 41.991, 41.838, 41.534, 41.283, 41.24, 41.171, 40.947, 40.913, 40.769, 40.669, 40.917, 40.949, 40.766, 