[[0.0, 3.749, 8.218, 13.348, 17.51, 20.183, 21.701, 22.797, 24.006, 25.192, 25.935, 25.992, 25.671, 25.621, 26.027, 26.545, 26.901, 27.398, 28.22, 29.019, 29.433, 29.708, 30.24, 31.073, 31.721, 31.741, 31.297, 31.086, 31.12, 31.19, 31.311, 31.269, 30.979, 30.766, 30.842, 31.217, 31.315, 30.478, 29.635, 29.895, 30.541, 30.842, 31.264, 32.649, 35.201, 38.022, 40.166, 41.425, 42.062, 42.24, 42.203, 42.376, 42.444, 41.945, 41.181, 40.993, 40.916, 40.047, 38.749, 37.935, 37.849, 38.152, 38.509, 38.902, 39.391, 39.922, 40.242, 40.075, 39.81, 39.883, 39.997, 39.572, 38.679, 38.039, 38.021, 38.52, 39.119, 39.339, 39.113, 38.702, 38.392, 38.571, 39.256, 39.859, 40.365, 40.811, 41.171, 41.761, 42.629, 43.576, 44.035, 43.704, 42.927, 42.341, 41.785, 41.041, 40.518, 40.43, 40.523, 40.386, 39.889, 38.841, 37.298, 35.77, 34.446, 33.176, 32.345, 32.196, 32.271, 32.033, 31.581, 31.397, 31.389, 31.303, 31.246, 31.152, 30.918, 30.831, 31.234, 32.093, 32.849, 33.292, 33.28, 32.935, 32.82, 33.048, 32.942, 31.899, 30.771, 30.364, 30.428, 30.618, 31.094, 31.988, 32.944, 33.796, 34.468, 34.516, 33.952, 33.188, 32.984, 33.471, 34.096, 34.286, 33.755, 33.004, 33.15, 34.176, 35.179, 35.537, 35.454, 35.322, 35.333, 35.594, 36.21, 36.949, 37.276, 5.358], [3.749, 0.0, 5.543, 11.795, 16.611, 19.542, 21.078, 22.119, 23.316, 24.546, 25.358, 25.493, 25.256, 25.28, 25.726, 26.247, 26.592, 27.105, 27.978, 28.839, 29.306, 29.618, 30.174, 31.018, 31.664, 31.67, 31.208, 30.99, 31.033, 31.123, 31.261, 31.219, 30.921, 30.709, 30.801, 31.202, 31.319, 30.482, 29.621, 29.875, 30.522, 30.826, 31.245, 32.616, 35.141, 37.936, 40.074, 41.337, 41.979, 42.162, 42.132, 42.303, 42.347, 41.827, 41.068, 40.9, 40.834, 39.964, 38.663, 37.852, 37.774, 38.086, 38.45, 38.847, 39.334, 39.857, 40.169, 40.001, 39.739, 39.817, 39.935, 39.517, 38.629, 37.989, 37.967, 38.458, 39.054, 39.28, 39.064, 38.664, 38.364, 38.551, 39.239, 39.84, 40.343, 40.79, 41.149, 41.734, 42.596, 43.543, 44.009, 43.687, 42.917, 42.339, 41.794, 41.054, 40.534, 40.443, 40.53, 40.387, 39.892, 38.853, 37.316, 35.785, 34.447, 33.163, 32.328, 32.179, 32.258, 32.019, 31.572, 31.397, 31.393, 31.309, 31.252, 31.155, 30.911, 30.806, 31.189, 32.039, 32.794, 33.232, 33.208, 32.866, 32.77, 33.013, 32.897, 31.822, 30.666, 30.255, 30.335, 30.54, 31.012, 31.902, 32.86, 33.715, 34.388, 34.44, 33.883, 33.139, 32.974, 33.5, 34.144, 34.334, 33.802, 33.053, 33.191, 34.198, 35.184, 35.539, 35.462, 35.336, 35.349, 35.616, 36.243, 36.991, 37.319, 7.348], [8.218, 5.543, 0.0, 7.094, 12.954, 16.702, 18.669, 19.879, 21.176, 22.541, 23.518, 23.815, 23.741, 23.928, 24.485, 25.056, 25.442, 26.046, 27.073, 28.116, 28.765, 29.242, 29.911, 30.805, 31.455, 31.431, 30.903, 30.598, 30.573, 30.652, 30.842, 30.891, 30.674, 30.503, 30.601, 31.006, 31.174, 30.449, 29.674, 29.901, 30.506, 30.816, 31.226, 32.502, 34.887, 37.595, 39.708, 40.978, 41.623, 41.804, 41.778, 41.946, 41.977, 41.454, 40.728, 40.597, 40.543, 39.682, 38.412, 37.644, 37.596, 37.916, 38.277, 38.671, 39.156, 39.67, 39.97, 39.798, 39.532, 39.598, 39.71, 39.302, 38.443, 37.83, 37.798, 38.239, 38.794, 39.014, 38.816, 38.446, 38.17, 38.364, 39.048, 39.643, 40.144, 40.59, 40.938, 41.501, 42.343, 43.273, 43.731, 43.414, 42.652, 42.074, 41.532, 40.811, 40.317, 40.246, 40.336, 40.186, 39.691, 38.671, 37.167, 35.668, 34.372, 33.146, 32.341, 32.173, 32.234, 32.035, 31.691, 31.619, 31.672, 31.61, 31.557, 31.468, 31.25, 31.149, 31.477, 32.262, 32.994, 33.424, 33.387, 33.045, 32.958, 33.197, 33.074, 32.021, 30.905, 30.521, 30.613, 30.804, 31.248, 32.122, 33.07, 33.909, 34.56, 34.611, 34.076, 33.358, 33.179, 33.659, 34.244, 34.391, 33.868, 33.151, 33.261, 34.188, 35.118, 35.47, 35.414, 35.305, 35.33, 35.613, 36.256, 37.005, 37.34, 9.783], [13.348, 11.795, 7.094, 0.0, 6.77, 11.732, 14.652, 16.408, 17.949, 19.498, 20.722, 21.291, 21.493, 21.967, 22.749, 23.444, 23.898, 24.582, 25.742, 26.991, 27.907, 28.656, 29.51, 30.477, 31.136, 31.091, 30.504, 30.104, 29.99, 30.047, 30.322, 30.571, 30.571, 30.519, 30.62, 30.996, 31.252, 30.794, 30.262, 30.464, 30.971, 31.271, 31.653, 32.752, 34.867, 37.379, 39.407, 40.662, 41.308, 41.49, 41.468, 41.633, 41.676, 41.199, 40.544, 40.455, 40.405, 39.567, 38.374, 37.685, 37.673, 37.987, 38.323, 38.697, 39.167, 39.665, 39.952, 39.778, 39.51, 39.559, 39.656, 39.274, 38.488, 37.948, 37.911, 38.269, 38.742, 38.931, 38.758, 38.44, 38.206, 38.416, 39.089, 39.668, 40.162, 40.603, 40.931, 41.457, 42.254, 43.139, 43.566, 43.238, 42.459, 41.85, 41.304, 40.623, 40.173, 40.114, 40.194, 40.037, 39.548, 38.563, 37.125, 35.713, 34.544, 33.469, 32.735, 32.534, 32.579, 32.485, 32.33, 32.411, 32.545, 32.513, 32.461, 32.389, 32.222, 32.146, 32.405, 33.083, 33.761, 34.17, 34.121, 33.786, 33.704, 33.926, 33.809, 32.855, 31.871, 31.551, 31.641, 31.796, 32.193, 33.019, 33.924, 34.717, 35.319, 35.358, 34.847, 34.155, 33.909, 34.239, 34.677, 34.747, 34.245, 33.582, 33.648, 34.453, 35.298, 35.634, 35.605, 35.53, 35.579, 35.877, 36.513, 37.237, 37.573, 13.884], [17.51, 16.611, 12.954, 6.77, 0.0, 5.846, 9.927, 12.602, 14.569, 16.255, 17.668, 18.524, 19.052, 19.883, 20.968, 21.849, 22.383, 23.086, 24.276, 25.655, 26.811, 27.827, 28.855, 29.88, 30.552, 30.516, 29.932, 29.517, 29.368, 29.403, 29.732, 30.179, 30.448, 30.572, 30.692, 31.02, 31.363, 31.229, 31.045, 31.322, 31.759, 32.031, 32.378, 33.328, 35.199, 37.501, 39.416, 40.636, 41.277, 41.463, 41.436, 41.583, 41.633, 41.206, 40.622, 40.564, 40.51, 39.697, 38.583, 37.966, 37.973, 38.265, 38.569, 38.918, 39.365, 39.839, 40.111, 39.944, 39.691, 39.738, 39.827, 39.465, 38.751, 38.288, 38.262, 38.561, 38.963, 39.114, 38.952, 38.679, 38.498, 38.744, 39.412, 39.968, 40.453, 40.895, 41.219, 41.721, 42.47, 43.297, 43.685, 43.342, 42.544, 41.9, 41.347, 40.702, 40.276, 40.204, 40.258, 40.089, 39.609, 38.656, 37.269, 35.925, 34.877, 33.958, 33.305, 33.085, 33.127, 33.148, 33.168, 33.368, 33.553, 33.536, 33.485, 33.427, 33.302, 33.245, 33.451, 34.034, 34.656, 35.043, 34.99, 34.662, 34.582, 34.795, 34.705, 33.87, 33.031, 32.767, 32.841, 32.969, 33.329, 34.097, 34.945, 35.692, 36.247, 36.267, 35.77, 35.098, 34.784, 34.935, 35.198, 35.185, 34.703, 34.094, 34.129, 34.832, 35.598, 35.908, 35.898, 35.854, 35.923, 36.22, 36.826, 37.507, 37.835, 17.815], [20.183, 19.542, 16.702, 11.732, 5.846, 0.0, 4.871, 8.555, 11.181, 13.081, 14.614, 15.741, 16.672, 17.929, 19.35, 20.442, 21.074, 21.8, 23.007, 24.486, 25.827, 27.028, 28.154, 29.199, 29.874, 29.864, 29.329, 28.953, 28.799, 28.805, 29.132, 29.684, 30.143, 30.419, 30.573, 30.86, 31.24, 31.34, 31.483, 31.924, 32.363, 32.616, 32.938, 33.816, 35.562, 37.74, 39.572, 40.751, 41.383, 41.567, 41.533, 41.661, 41.692, 41.277, 40.725, 40.679, 40.623, 39.831, 38.772, 38.196, 38.206, 38.476, 38.762, 39.101, 39.533, 39.985, 40.243, 40.087, 39.858, 39.921, 40.01, 39.653, 38.969, 38.54, 38.525, 38.805, 39.166, 39.279, 39.107, 38.853, 38.705, 38.982, 39.649, 40.183, 40.658, 41.109, 41.45, 41.951, 42.669, 43.445, 43.8, 43.457, 42.663, 41.993, 41.42, 40.781, 40.35, 40.249, 40.278, 40.104, 39.633, 38.698, 37.325, 35.998, 35.01, 34.184, 33.593, 33.379, 33.428, 33.529, 33.659, 33.927, 34.136, 34.123, 34.07, 34.021, 33.918, 33.868, 34.049, 34.585, 35.178, 35.557, 35.504, 35.179, 35.095, 35.308, 35.25, 34.497, 33.745, 33.509, 33.574, 33.69, 34.023, 34.742, 35.543, 36.256, 36.783, 36.795, 36.312, 35.661, 35.303, 35.315, 35.437, 35.358, 34.896, 34.333, 34.358, 34.998, 35.704, 35.975, 35.96, 35.927, 36.002, 36.282, 36.845, 37.48, 37.798, 20.515], [21.701, 21.078, 18.669, 14.652, 9.927, 4.871, 0.0, 4.315, 7.714, 10.121, 11.926, 13.352, 14.713, 16.398, 18.118, 19.385, 20.125, 20.938, 22.252, 23.866, 25.339, 26.628, 27.78, 28.815, 29.484, 29.496, 29.013, 28.675, 28.515, 28.49, 28.796, 29.369, 29.893, 30.237, 30.42, 30.696, 31.068, 31.237, 31.551, 32.134, 32.613, 32.87, 33.19, 34.05, 35.761, 37.897, 39.696, 40.85, 41.482, 41.668, 41.636, 41.755, 41.759, 41.325, 40.769, 40.72, 40.668, 39.903, 38.881, 38.324, 38.325, 38.581, 38.866, 39.212, 39.645, 40.088, 40.338, 40.185, 39.967, 40.037, 40.127, 39.766, 39.077, 38.642, 38.624, 38.898, 39.23, 39.307, 39.119, 38.869, 38.732, 39.016, 39.672, 40.188, 40.652, 41.11, 41.467, 41.975, 42.677, 43.422, 43.76, 43.424, 42.64, 41.951, 41.354, 40.71, 40.268, 40.144, 40.155, 39.982, 39.527, 38.611, 37.254, 35.944, 34.981, 34.185, 33.625, 33.435, 33.507, 33.643, 33.807, 34.093, 34.307, 34.293, 34.236, 34.191, 34.099, 34.055, 34.234, 34.754, 35.336, 35.709, 35.652, 35.326, 35.239, 35.456, 35.419, 34.705, 33.979, 33.746, 33.811, 33.929, 34.251, 34.949, 35.728, 36.421, 36.934, 36.948, 36.485, 35.863, 35.494, 35.431, 35.47, 35.356, 34.905, 34.369, 34.391, 34.999, 35.657, 35.876, 35.827, 35.787, 35.864, 36.127, 36.649, 37.247, 37.561, 22.079], [22.797, 22.119, 19.879, 16.408, 12.602, 8.555, 4.315, 0.0, 3.977, 7.174, 9.639, 11.5, 13.195, 15.163, 17.086, 18.481, 19.325, 20.279, 21.781, 23.575, 25.164, 26.51, 27.674, 28.701, 29.371, 29.401, 28.948, 28.623, 28.446, 28.403, 28.712, 29.297, 29.831, 30.19, 30.388, 30.67, 31.026, 31.181, 31.531, 32.169, 32.683, 32.97, 33.307, 34.16, 35.851, 37.969, 39.755, 40.896, 41.526, 41.718, 41.693, 41.813, 41.803, 41.354, 40.783, 40.727, 40.683, 39.953, 38.972, 38.426, 38.417, 38.665, 38.958, 39.321, 39.764, 40.21, 40.458, 40.299, 40.075, 40.138, 40.222, 39.858, 39.158, 38.707, 38.675, 38.93, 39.236, 39.288, 39.089, 38.842, 38.706, 38.982, 39.623, 40.125, 40.585, 41.047, 41.413, 41.921, 42.612, 43.34, 43.667, 43.334, 42.562, 41.872, 41.265, 40.62, 40.171, 40.034, 40.034, 39.86, 39.417, 38.528, 37.205, 35.936, 35.002, 34.209, 33.659, 33.497, 33.597, 33.748, 33.903, 34.172, 34.377, 34.356, 34.295, 34.249, 34.159, 34.117, 34.3, 34.812, 35.383, 35.745, 35.679, 35.35, 35.262, 35.482, 35.459, 34.768, 34.055, 33.826, 33.896, 34.016, 34.339, 35.041, 35.825, 36.512, 37.019, 37.034, 36.584, 35.979, 35.6, 35.493, 35.49, 35.359, 34.914, 34.39, 34.415, 35.012, 35.64, 35.813, 35.722, 35.669, 35.748, 35.996, 36.48, 37.047, 37.357, 23.194], [24.006, 23.316, 21.176, 17.949, 14.569, 11.181, 7.714, 3.977, 0.0, 3.853, 7.213, 9.731, 11.781, 13.951, 16.022, 17.533, 18.488, 19.582, 21.269, 23.24, 24.961, 26.393, 27.602, 28.642, 29.317, 29.361, 28.919, 28.589, 28.398, 28.356, 28.698, 29.32, 29.877, 30.255, 30.468, 30.756, 31.116, 31.293, 31.686, 32.34, 32.864, 33.179, 33.532, 34.374, 36.035, 38.128, 39.903, 41.033, 41.651, 41.84, 41.822, 41.95, 41.942, 41.489, 40.911, 40.849, 40.811, 40.11, 39.162, 38.628, 38.613, 38.857, 39.155, 39.526, 39.977, 40.429, 40.676, 40.515, 40.284, 40.338, 40.414, 40.045, 39.338, 38.876, 38.829, 39.064, 39.352, 39.393, 39.193, 38.95, 38.816, 39.085, 39.711, 40.201, 40.658, 41.118, 41.48, 41.979, 42.654, 43.367, 43.684, 43.353, 42.598, 41.924, 41.321, 40.682, 40.232, 40.086, 40.075, 39.897, 39.462, 38.596, 37.31, 36.082, 35.179, 34.402, 33.867, 33.724, 33.837, 33.995, 34.142, 34.4, 34.602, 34.577, 34.513, 34.468, 34.38, 34.34, 34.521, 35.018, 35.571, 35.918, 35.846, 35.515, 35.421, 35.634, 35.623, 34.971, 34.294, 34.077, 34.142, 34.261, 34.587, 35.291, 36.079, 36.766, 37.268, 37.279, 36.831, 36.228, 35.836, 35.702, 35.681, 35.548, 35.11, 34.597, 34.627, 35.218, 35.831, 35.976, 35.858, 35.794, 35.872, 36.103, 36.551, 37.086, 37.385, 24.385], [25.192, 24.546, 22.541, 19.498, 16.255, 13.081, 10.121, 7.174, 3.853, 0.0, 3.961, 7.266, 10.012, 12.623, 14.909, 16.544, 17.617, 18.832, 20.633, 22.718, 24.553, 26.09, 27.364, 28.424, 29.105, 29.164, 28.745, 28.439, 28.264, 28.237, 28.607, 29.266, 29.859, 30.265, 30.497, 30.796, 31.193, 31.467, 31.966, 32.657, 33.178, 33.496, 33.861, 34.711, 36.367, 38.445, 40.205, 41.331, 41.943, 42.126, 42.11, 42.244, 42.241, 41.789, 41.206, 41.134, 41.086, 40.384, 39.443, 38.912, 38.895, 39.132, 39.42, 39.781, 40.225, 40.676, 40.927, 40.772, 40.55, 40.606, 40.678, 40.306, 39.596, 39.13, 39.084, 39.319, 39.605, 39.644, 39.442, 39.196, 39.056, 39.32, 39.935, 40.413, 40.858, 41.307, 41.659, 42.153, 42.824, 43.534, 43.85, 43.522, 42.775, 42.106, 41.504, 40.867, 40.417, 40.264, 40.241, 40.055, 39.624, 38.775, 37.509, 36.294, 35.405, 34.648, 34.134, 33.998, 34.106, 34.262, 34.415, 34.684, 34.894, 34.869, 34.803, 34.764, 34.684, 34.647, 34.823, 35.31, 35.845, 36.181, 36.107, 35.774, 35.667, 35.867, 35.867, 35.258, 34.62, 34.4, 34.446, 34.567, 34.904, 35.6, 36.372, 37.053, 37.55, 37.554, 37.103, 36.507, 36.128, 36.005, 35.998, 35.877, 35.448, 34.944, 34.975, 35.561, 36.164, 36.296, 36.166, 36.098, 36.177, 36.4, 36.821, 37.325, 37.611, 25.514], [25.935, 25.358, 23.518, 20.722, 17.668, 14.614, 11.926, 9.639, 7.213, 3.961, 0.0, 3.937, 7.678, 11.075, 13.733, 15.505, 16.677, 17.999, 19.88, 22.027, 23.933, 25.55, 26.883, 27.972, 28.67, 28.751, 28.372, 28.123, 27.993, 27.982, 28.356, 29.03, 29.643, 30.064, 30.307, 30.625, 31.073, 31.451, 32.071, 32.825, 33.35, 33.661, 34.038, 34.937, 36.648, 38.747, 40.511, 41.64, 42.254, 42.431, 42.41, 42.544, 42.539, 42.077, 41.478, 41.388, 41.321, 40.6, 39.645, 39.109, 39.089, 39.316, 39.588, 39.93, 40.36, 40.806, 41.061, 40.92, 40.712, 40.779, 40.856, 40.486, 39.776, 39.309, 39.274, 39.529, 39.83, 39.87, 39.657, 39.393, 39.237, 39.494, 40.104, 40.574, 41.01, 41.451, 41.801, 42.303, 42.991, 43.717, 44.042, 43.715, 42.957, 42.267, 41.643, 40.995, 40.541, 40.386, 40.36, 40.169, 39.737, 38.892, 37.622, 36.389, 35.482, 34.72, 34.209, 34.072, 34.171, 34.315, 34.471, 34.759, 34.978, 34.95, 34.882, 34.849, 34.778, 34.742, 34.922, 35.419, 35.955, 36.287, 36.213, 35.874, 35.753, 35.949, 35.96, 35.367, 34.729, 34.477, 34.497, 34.636, 35.0, 35.698, 36.463, 37.143, 37.644, 37.644, 37.188, 36.603, 36.255, 36.174, 36.211, 36.118, 35.694, 35.185, 35.217, 35.81, 36.419, 36.547, 36.409, 36.339, 36.423, 36.648, 37.057, 37.542, 37.821, 26.163], [25.992, 25.493, 23.815, 21.291, 18.524, 15.741, 13.352, 11.5, 9.731, 7.266, 3.937, 0.0, 4.423, 8.617, 11.809, 13.845, 15.14, 16.575, 18.585, 20.846, 22.843, 24.545, 25.96, 27.115, 27.852, 27.952, 27.595, 27.397, 27.314, 27.314, 27.685, 28.361, 28.975, 29.397, 29.646, 29.98, 30.458, 30.894, 31.614, 32.469, 33.038, 33.356, 33.756, 34.744, 36.576, 38.765, 40.582, 41.747, 42.371, 42.541, 42.51, 42.637, 42.622, 42.141, 41.517, 41.41, 41.333, 40.592, 39.608, 39.052, 39.023, 39.245, 39.511, 39.846, 40.272, 40.722, 40.986, 40.852, 40.652, 40.729, 40.815, 40.444, 39.721, 39.245, 39.219, 39.501, 39.828, 39.874, 39.645, 39.354, 39.176, 39.427, 40.042, 40.518, 40.958, 41.403, 41.763, 42.285, 43.001, 43.751, 44.087, 43.753, 42.973, 42.254, 41.601, 40.929, 40.467, 40.324, 40.313, 40.126, 39.684, 38.815, 37.51, 36.235, 35.282, 34.478, 33.939, 33.796, 33.891, 34.012, 34.15, 34.439, 34.657, 34.619, 34.547, 34.516, 34.44, 34.397, 34.593, 35.126, 35.686, 36.026, 35.948, 35.596, 35.466, 35.672, 35.695, 35.086, 34.404, 34.101, 34.101, 34.258, 34.665, 35.409, 36.211, 36.923, 37.445, 37.447, 36.978, 36.383, 36.042, 35.992, 36.073, 36.009, 35.582, 35.052, 35.092, 35.727, 36.369, 36.502, 36.352, 36.272, 36.362, 36.597, 37.009, 37.496, 37.78, 26.1], [25.671, 25.256, 23.741, 21.493, 19.052, 16.672, 14.713, 13.195, 11.781, 10.012, 7.678, 4.423, 0.0, 4.684, 8.52, 11.109, 12.749, 14.405, 16.624, 19.091, 21.25, 23.088, 24.628, 25.888, 26.683, 26.79, 26.419, 26.242, 26.199, 26.218, 26.601, 27.276, 27.877, 28.294, 28.551, 28.895, 29.372, 29.812, 30.623, 31.626, 32.288, 32.633, 33.061, 34.143, 36.131, 38.467, 40.398, 41.644, 42.299, 42.468, 42.423, 42.546, 42.535, 42.049, 41.41, 41.301, 41.23, 40.471, 39.444, 38.85, 38.805, 39.031, 39.304, 39.646, 40.085, 40.554, 40.829, 40.691, 40.485, 40.564, 40.653, 40.27, 39.515, 39.014, 38.99, 39.294, 39.643, 39.698, 39.457, 39.143, 38.945, 39.189, 39.814, 40.307, 40.763, 41.218, 41.59, 42.131, 42.87, 43.638, 43.978, 43.632, 42.835, 42.105, 41.438, 40.743, 40.273, 40.142, 40.153, 39.974, 39.517, 38.605, 37.241, 35.91, 34.906, 34.051, 33.473, 33.322, 33.412, 33.503, 33.605, 33.874, 34.075, 34.023, 33.947, 33.913, 33.823, 33.767, 33.983, 34.56, 35.154, 35.512, 35.436, 35.069, 34.934, 35.151, 35.18, 34.545, 33.82, 33.489, 33.473, 33.625, 34.068, 34.886, 35.758, 36.523, 37.08, 37.085, 36.595, 35.961, 35.587, 35.533, 35.634, 35.583, 35.142, 34.589, 34.65, 35.349, 36.043, 36.19, 36.026, 35.932, 36.021, 36.264, 36.689, 37.195, 37.491, 25.658], [25.621, 25.28, 23.928, 21.967, 19.883, 17.929, 16.398, 15.163, 13.951, 12.623, 11.075, 8.617, 4.684, 0.0, 4.338, 7.717, 10.1, 12.269, 14.788, 17.47, 19.81, 21.802, 23.467, 24.824, 25.674, 25.781, 25.383, 25.215, 25.214, 25.275, 25.697, 26.387, 26.977, 27.395, 27.668, 28.025, 28.479, 28.88, 29.747, 30.89, 31.65, 32.027, 32.473, 33.607, 35.698, 38.161, 40.22, 41.572, 42.284, 42.463, 42.409, 42.533, 42.547, 42.081, 41.446, 41.345, 41.283, 40.516, 39.455, 38.829, 38.773, 39.005, 39.287, 39.634, 40.085, 40.571, 40.854, 40.707, 40.488, 40.56, 40.642, 40.239, 39.449, 38.918, 38.888, 39.204, 39.566, 39.628, 39.384, 39.056, 38.84, 39.072, 39.702, 40.207, 40.672, 41.129, 41.503, 42.053, 42.801, 43.572, 43.908, 43.553, 42.755, 42.038, 41.371, 40.662, 40.184, 40.059, 40.081, 39.909, 39.444, 38.498, 37.083, 35.708, 34.673, 33.798, 33.204, 33.043, 33.122, 33.189, 33.264, 33.512, 33.694, 33.629, 33.554, 33.521, 33.424, 33.365, 33.594, 34.194, 34.808, 35.182, 35.115, 34.747, 34.607, 34.825, 34.85, 34.203, 33.469, 33.136, 33.1, 33.229, 33.685, 34.552, 35.476, 36.279, 36.858, 36.864, 36.357, 35.68, 35.261, 35.192, 35.292, 35.236, 34.779, 34.216, 34.304, 35.056, 35.793, 35.956, 35.786, 35.679, 35.763, 36.011, 36.451, 36.974, 37.282, 25.519], [26.027, 25.726, 24.485, 22.749, 20.968, 19.35, 18.118, 17.086, 16.022, 14.909, 13.733, 11.809, 8.52, 4.338, 0.0, 4.013, 7.409, 10.48, 13.512, 16.442, 18.94, 21.058, 22.816, 24.234, 25.121, 25.233, 24.825, 24.67, 24.703, 24.81, 25.282, 26.009, 26.62, 27.058, 27.361, 27.74, 28.184, 28.554, 29.432, 30.637, 31.451, 31.852, 32.309, 33.453, 35.565, 38.082, 40.214, 41.638, 42.404, 42.602, 42.546, 42.673, 42.713, 42.274, 41.65, 41.551, 41.491, 40.72, 39.65, 39.016, 38.959, 39.196, 39.478, 39.82, 40.271, 40.763, 41.048, 40.894, 40.664, 40.725, 40.798, 40.381, 39.57, 39.018, 38.983, 39.307, 39.678, 39.748, 39.507, 39.173, 38.945, 39.166, 39.797, 40.307, 40.773, 41.223, 41.588, 42.137, 42.89, 43.66, 43.994, 43.642, 42.859, 42.159, 41.491, 40.771, 40.287, 40.162, 40.185, 40.014, 39.547, 38.589, 37.157, 35.768, 34.727, 33.858, 33.267, 33.101, 33.168, 33.226, 33.291, 33.526, 33.693, 33.618, 33.544, 33.518, 33.427, 33.372, 33.604, 34.201, 34.812, 35.188, 35.129, 34.767, 34.627, 34.836, 34.851, 34.204, 33.474, 33.141, 33.087, 33.195, 33.65, 34.53, 35.467, 36.28, 36.86, 36.865, 36.352, 35.656, 35.219, 35.149, 35.249, 35.185, 34.719, 34.159, 34.265, 35.039, 35.793, 35.965, 35.794, 35.681, 35.763, 36.018, 36.472, 37.006, 37.319, 25.876], [26.545, 26.247, 25.056, 23.444, 21.849, 20.442, 19.385, 18.481, 17.533, 16.544, 15.505, 13.845, 11.109, 7.717, 4.013, 0.0, 4.171, 8.284, 12.138, 15.543, 18.267, 20.499, 22.332, 23.799, 24.708, 24.819, 24.409, 24.271, 24.328, 24.462, 24.968, 25.734, 26.388, 26.862, 27.193, 27.593, 28.056, 28.448, 29.348, 30.572, 31.405, 31.826, 32.302, 33.453, 35.569, 38.095, 40.238, 41.677, 42.467, 42.681, 42.631, 42.763, 42.814, 42.384, 41.76, 41.656, 41.588, 40.815, 39.749, 39.124, 39.078, 39.322, 39.602, 39.938, 40.384, 40.875, 41.161, 41.006, 40.771, 40.828, 40.898, 40.478, 39.66, 39.101, 39.066, 39.397, 39.778, 39.857, 39.619, 39.284, 39.05, 39.266, 39.897, 40.412, 40.882, 41.329, 41.69, 42.242, 43.006, 43.786, 44.125, 43.779, 43.009, 42.323, 41.652, 40.919, 40.427, 40.298, 40.317, 40.142, 39.675, 38.722, 37.298, 35.916, 34.875, 34.005, 33.415, 33.25, 33.314, 33.363, 33.418, 33.64, 33.795, 33.712, 33.635, 33.613, 33.529, 33.481, 33.714, 34.305, 34.908, 35.279, 35.218, 34.861, 34.725, 34.929, 34.936, 34.282, 33.539, 33.193, 33.124, 33.222, 33.674, 34.549, 35.483, 36.292, 36.87, 36.876, 36.37, 35.687, 35.268, 35.221, 35.332, 35.268, 34.801, 34.245, 34.357, 35.131, 35.883, 36.054, 35.881, 35.765, 35.844, 36.103, 36.567, 37.107, 37.421, 26.38], [26.901, 26.592, 25.442, 23.898, 22.383, 21.074, 20.125, 19.325, 18.488, 17.617, 16.677, 15.14, 12.749, 10.1, 7.409, 4.171, 0.0, 4.796, 9.598, 13.783, 16.956, 19.399, 21.341, 22.876, 23.809, 23.912, 23.495, 23.389, 23.494, 23.652, 24.171, 24.975, 25.692, 26.211, 26.554, 26.955, 27.453, 27.938, 28.956, 30.255, 31.129, 31.582, 32.086, 33.269, 35.415, 37.951, 40.082, 41.509, 42.305, 42.533, 42.493, 42.63, 42.68, 42.243, 41.609, 41.499, 41.427, 40.647, 39.579, 38.96, 38.924, 39.175, 39.459, 39.797, 40.243, 40.735, 41.022, 40.867, 40.632, 40.693, 40.769, 40.352, 39.536, 38.984, 38.956, 39.294, 39.684, 39.768, 39.532, 39.194, 38.956, 39.166, 39.79, 40.307, 40.786, 41.237, 41.603, 42.17, 42.957, 43.763, 44.112, 43.756, 42.976, 42.289, 41.618, 40.88, 40.382, 40.25, 40.265, 40.086, 39.619, 38.674, 37.27, 35.904, 34.862, 33.975, 33.373, 33.214, 33.284, 33.323, 33.363, 33.576, 33.727, 33.638, 33.554, 33.526, 33.441, 33.4, 33.646, 34.249, 34.862, 35.233, 35.163, 34.805, 34.673, 34.878, 34.88, 34.206, 33.427, 33.049, 32.963, 33.06, 33.521, 34.402, 35.343, 36.159, 36.74, 36.749, 36.25, 35.584, 35.196, 35.181, 35.317, 35.267, 34.801, 34.241, 34.352, 35.126, 35.871, 36.03, 35.848, 35.728, 35.804, 36.06, 36.524, 37.066, 37.38, 26.762], [27.398, 27.105, 26.046, 24.582, 23.086, 21.8, 20.938, 20.279, 19.582, 18.832, 17.999, 16.575, 14.405, 12.269, 10.48, 8.284, 4.796, 0.0, 5.474, 10.552, 14.465, 17.368, 19.54, 21.189, 22.175, 22.3, 21.926, 21.946, 22.183, 22.403, 22.946, 23.82, 24.648, 25.238, 25.572, 25.936, 26.473, 27.123, 28.378, 29.844, 30.796, 31.285, 31.81, 33.008, 35.157, 37.675, 39.788, 41.217, 42.037, 42.286, 42.259, 42.405, 42.469, 42.046, 41.416, 41.307, 41.235, 40.448, 39.368, 38.742, 38.699, 38.946, 39.231, 39.571, 40.019, 40.512, 40.798, 40.635, 40.393, 40.456, 40.541, 40.136, 39.338, 38.812, 38.797, 39.129, 39.506, 39.586, 39.354, 39.017, 38.768, 38.958, 39.559, 40.07, 40.555, 41.008, 41.377, 41.96, 42.779, 43.62, 43.979, 43.599, 42.786, 42.089, 41.426, 40.702, 40.218, 40.094, 40.11, 39.929, 39.465, 38.537, 37.164, 35.83, 34.802, 33.905, 33.289, 33.135, 33.219, 33.258, 33.294, 33.507, 33.66, 33.57, 33.481, 33.446, 33.355, 33.314, 33.576, 34.199, 34.826, 35.194, 35.111, 34.752, 34.623, 34.833, 34.838, 34.156, 33.347, 32.933, 32.822, 32.928, 33.41, 34.304, 35.258, 36.083, 36.664, 36.668, 36.156, 35.478, 35.093, 35.091, 35.249, 35.224, 34.771, 34.21, 34.32, 35.102, 35.849, 35.999, 35.807, 35.682, 35.752, 35.993, 36.44, 36.975, 37.281, 27.313], [28.22, 27.978, 27.073, 25.742, 24.276, 23.007, 22.252, 21.781, 21.269, 20.633, 19.88, 18.585, 16.624, 14.788, 13.512, 12.138, 9.598, 5.474, 0.0, 5.714, 10.549, 14.264, 16.921, 18.797, 19.896, 20.126, 19.961, 20.334, 20.869, 21.226, 21.833, 22.824, 23.812, 24.492, 24.799, 25.103, 25.676, 26.518, 28.049, 29.708, 30.742, 31.254, 31.776, 32.946, 35.032, 37.49, 39.585, 41.055, 41.935, 42.212, 42.19, 42.344, 42.444, 42.07, 41.467, 41.364, 41.293, 40.497, 39.4, 38.753, 38.685, 38.912, 39.185, 39.516, 39.956, 40.444, 40.721, 40.54, 40.278, 40.33, 40.42, 40.033, 39.268, 38.776, 38.773, 39.087, 39.434, 39.502, 39.28, 38.945, 38.676, 38.827, 39.387, 39.886, 40.373, 40.817, 41.173, 41.761, 42.61, 43.483, 43.847, 43.446, 42.611, 41.916, 41.278, 40.585, 40.129, 40.021, 40.04, 39.858, 39.406, 38.511, 37.185, 35.898, 34.902, 34.013, 33.386, 33.229, 33.329, 33.381, 33.418, 33.629, 33.775, 33.682, 33.593, 33.556, 33.46, 33.418, 33.693, 34.332, 34.954, 35.298, 35.2, 34.847, 34.731, 34.947, 34.966, 34.304, 33.502, 33.066, 32.928, 33.036, 33.524, 34.404, 35.349, 36.173, 36.748, 36.735, 36.191, 35.469, 35.061, 35.06, 35.243, 35.253, 34.829, 34.287, 34.412, 35.219, 35.989, 36.148, 35.959, 35.834, 35.895, 36.109, 36.526, 37.04, 37.326, 28.181], [29.019, 28.839, 28.116, 26.991, 25.655, 24.486, 23.866, 23.575, 23.24, 22.718, 22.027, 20.846, 19.091, 17.47, 16.442, 15.543, 13.783, 10.552, 5.714, 0.0, 5.532, 10.227, 13.663, 15.981, 17.307, 17.758, 18.022, 19.006, 19.983, 20.539, 21.231, 22.33, 23.435, 24.163, 24.435, 24.694, 25.301, 26.276, 27.991, 29.794, 30.891, 31.411, 31.921, 33.061, 35.093, 37.503, 39.593, 41.107, 42.037, 42.335, 42.313, 42.469, 42.606, 42.289, 41.721, 41.627, 41.553, 40.741, 39.621, 38.944, 38.844, 39.045, 39.3, 39.613, 40.041, 40.523, 40.793, 40.593, 40.302, 40.331, 40.414, 40.038, 39.295, 38.824, 38.829, 39.136, 39.466, 39.53, 39.317, 38.979, 38.684, 38.787, 39.304, 39.789, 40.279, 40.711, 41.043, 41.618, 42.486, 43.383, 43.752, 43.343, 42.508, 41.841, 41.241, 40.578, 40.145, 40.046, 40.059, 39.874, 39.436, 38.581, 37.31, 36.079, 35.118, 34.233, 33.591, 33.425, 33.536, 33.586, 33.602, 33.788, 33.909, 33.805, 33.717, 33.68, 33.577, 33.529, 33.82, 34.469, 35.067, 35.371, 35.255, 34.915, 34.819, 35.045, 35.074, 34.434, 33.666, 33.242, 33.092, 33.188, 33.654, 34.492, 35.412, 36.234, 36.806, 36.777, 36.194, 35.423, 35.0, 35.026, 35.251, 35.299, 34.898, 34.376, 34.533, 35.388, 36.204, 36.391, 36.214, 36.091, 36.145, 36.339, 36.734, 37.231, 37.485, 29.001], [29.433, 29.306, 28.765, 27.907, 26.811, 25.827, 25.339, 25.164, 24.961, 24.553, 23.933, 22.843, 21.25, 19.81, 18.94, 18.267, 16.956, 14.465, 10.549, 5.532, 0.0, 5.373, 9.698, 12.721, 14.478, 15.273, 16.095, 17.789, 19.238, 20.015, 20.812, 21.993, 23.157, 23.888, 24.126, 24.361, 24.985, 26.006, 27.801, 29.72, 30.888, 31.417, 31.927, 33.088, 35.151, 37.583, 39.683, 41.203, 42.14, 42.442, 42.419, 42.573, 42.725, 42.436, 41.887, 41.798, 41.718, 40.89, 39.744, 39.041, 38.916, 39.102, 39.344, 39.643, 40.063, 40.549, 40.822, 40.61, 40.294, 40.3, 40.372, 39.992, 39.248, 38.777, 38.791, 39.112, 39.454, 39.53, 39.321, 38.973, 38.654, 38.728, 39.226, 39.71, 40.205, 40.632, 40.944, 41.505, 42.382, 43.298, 43.673, 43.267, 42.45, 41.821, 41.249, 40.594, 40.16, 40.055, 40.055, 39.859, 39.432, 38.608, 37.38, 36.188, 35.232, 34.322, 33.661, 33.496, 33.609, 33.626, 33.592, 33.737, 33.826, 33.711, 33.624, 33.583, 33.464, 33.405, 33.706, 34.36, 34.926, 35.193, 35.067, 34.738, 34.662, 34.897, 34.926, 34.291, 33.561, 33.178, 33.042, 33.13, 33.575, 34.38, 35.277, 36.099, 36.68, 36.643, 36.029, 35.223, 34.805, 34.878, 35.145, 35.211, 34.808, 34.283, 34.472, 35.388, 36.255, 36.467, 36.292, 36.163, 36.212, 36.404, 36.8, 37.297, 37.524, 29.418], [29.708, 29.618, 29.242, 28.656, 27.827, 27.028, 26.628, 26.51, 26.393, 26.09, 25.55, 24.545, 23.088, 21.802, 21.058, 20.499, 19.399, 17.368, 14.264, 10.227, 5.373, 0.0, 4.961, 8.829, 11.288, 12.617, 14.05, 16.409, 18.298, 19.317, 20.263, 21.556, 22.797, 23.555, 23.776, 23.983, 24.59, 25.608, 27.456, 29.498, 30.758, 31.307, 31.827, 33.038, 35.175, 37.654, 39.758, 41.255, 42.176, 42.477, 42.46, 42.615, 42.763, 42.475, 41.926, 41.838, 41.758, 40.922, 39.763, 39.047, 38.912, 39.091, 39.327, 39.619, 40.036, 40.525, 40.804, 40.588, 40.263, 40.261, 40.327, 39.94, 39.188, 38.707, 38.723, 39.06, 39.428, 39.524, 39.319, 38.962, 38.633, 38.706, 39.208, 39.696, 40.186, 40.609, 40.916, 41.472, 42.35, 43.273, 43.654, 43.255, 42.458, 41.864, 41.317, 40.657, 40.202, 40.075, 40.057, 39.854, 39.438, 38.638, 37.434, 36.254, 35.28, 34.34, 33.677, 33.525, 33.63, 33.603, 33.52, 33.63, 33.695, 33.573, 33.484, 33.434, 33.293, 33.219, 33.525, 34.175, 34.709, 34.955, 34.832, 34.517, 34.454, 34.696, 34.721, 34.091, 33.412, 33.08, 32.972, 33.07, 33.513, 34.296, 35.163, 35.97, 36.554, 36.516, 35.888, 35.068, 34.664, 34.766, 35.042, 35.099, 34.679, 34.145, 34.358, 35.317, 36.211, 36.428, 36.241, 36.098, 36.143, 36.343, 36.751, 37.253, 37.467, 29.703], [30.24, 30.174, 29.911, 29.51, 28.855, 28.154, 27.78, 27.674, 27.602, 27.364, 26.883, 25.96, 24.628, 23.467, 22.816, 22.332, 21.341, 19.54, 16.921, 13.663, 9.698, 4.961, 0.0, 4.453, 7.734, 9.861, 12.097, 15.104, 17.371, 18.617, 19.729, 21.168, 22.542, 23.387, 23.629, 23.813, 24.398, 25.423, 27.327, 29.458, 30.778, 31.342, 31.866, 33.1, 35.252, 37.721, 39.8, 41.272, 42.188, 42.496, 42.491, 42.654, 42.797, 42.507, 41.957, 41.869, 41.794, 40.966, 39.819, 39.11, 38.977, 39.154, 39.388, 39.675, 40.087, 40.57, 40.846, 40.631, 40.309, 40.311, 40.376, 39.99, 39.242, 38.76, 38.769, 39.103, 39.475, 39.588, 39.394, 39.04, 38.723, 38.813, 39.319, 39.8, 40.28, 40.697, 41.001, 41.549, 42.415, 43.329, 43.705, 43.306, 42.526, 41.964, 41.447, 40.795, 40.325, 40.174, 40.136, 39.93, 39.53, 38.762, 37.592, 36.434, 35.469, 34.537, 33.899, 33.759, 33.851, 33.799, 33.687, 33.773, 33.824, 33.704, 33.613, 33.548, 33.388, 33.31, 33.621, 34.263, 34.776, 35.01, 34.895, 34.591, 34.536, 34.776, 34.798, 34.19, 33.565, 33.27, 33.181, 33.303, 33.752, 34.499, 35.318, 36.091, 36.659, 36.622, 36.001, 35.194, 34.803, 34.896, 35.143, 35.177, 34.754, 34.229, 34.452, 35.413, 36.298, 36.503, 36.304, 36.154, 36.198, 36.399, 36.804, 37.294, 37.501, 30.26], [31.073, 31.018, 30.805, 30.477, 29.88, 29.199, 28.815, 28.701, 28.642, 28.424, 27.972, 27.115, 25.888, 24.824, 24.234, 23.799, 22.876, 21.189, 18.797, 15.981, 12.721, 8.829, 4.453, 0.0, 3.872, 7.005, 10.429, 14.214, 16.82, 18.231, 19.464, 21.043, 22.564, 23.524, 23.821, 24.011, 24.598, 25.666, 27.622, 29.772, 31.088, 31.648, 32.167, 33.376, 35.462, 37.856, 39.885, 41.333, 42.249, 42.569, 42.58, 42.75, 42.888, 42.598, 42.054, 41.969, 41.903, 41.099, 39.986, 39.302, 39.176, 39.35, 39.579, 39.86, 40.261, 40.731, 40.997, 40.781, 40.462, 40.464, 40.525, 40.146, 39.418, 38.952, 38.958, 39.272, 39.626, 39.736, 39.552, 39.214, 38.92, 39.03, 39.534, 40.003, 40.474, 40.884, 41.179, 41.708, 42.55, 43.444, 43.802, 43.398, 42.633, 42.101, 41.619, 40.994, 40.527, 40.362, 40.308, 40.099, 39.717, 38.995, 37.885, 36.784, 35.867, 34.978, 34.374, 34.243, 34.327, 34.276, 34.154, 34.214, 34.255, 34.14, 34.047, 33.969, 33.803, 33.732, 34.048, 34.676, 35.168, 35.386, 35.269, 34.973, 34.921, 35.156, 35.184, 34.615, 34.039, 33.764, 33.679, 33.819, 34.261, 34.951, 35.711, 36.439, 36.981, 36.945, 36.346, 35.579, 35.215, 35.292, 35.502, 35.516, 35.106, 34.612, 34.84, 35.773, 36.632, 36.824, 36.621, 36.471, 36.514, 36.707, 37.093, 37.557, 37.749, 31.111], [31.721, 31.664, 31.455, 31.136, 30.552, 29.874, 29.484, 29.371, 29.317, 29.105, 28.67, 27.852, 26.683, 25.674, 25.121, 24.708, 23.809, 22.175, 19.896, 17.307, 14.478, 11.288, 7.734, 3.872, 0.0, 3.937, 8.655, 13.327, 16.312, 17.86, 19.159, 20.836, 22.475, 23.531, 23.889, 24.115, 24.736, 25.853, 27.85, 30.0, 31.304, 31.86, 32.375, 33.559, 35.595, 37.944, 39.948, 41.385, 42.298, 42.62, 42.638, 42.814, 42.95, 42.662, 42.129, 42.056, 42.002, 41.221, 40.136, 39.471, 39.349, 39.523, 39.748, 40.023, 40.417, 40.879, 41.138, 40.917, 40.594, 40.591, 40.649, 40.274, 39.56, 39.108, 39.118, 39.42, 39.755, 39.855, 39.67, 39.337, 39.053, 39.173, 39.676, 40.14, 40.608, 41.015, 41.303, 41.816, 42.637, 43.507, 43.846, 43.436, 42.688, 42.182, 41.726, 41.125, 40.668, 40.499, 40.438, 40.225, 39.854, 39.161, 38.097, 37.044, 36.167, 35.311, 34.723, 34.591, 34.676, 34.638, 34.515, 34.555, 34.583, 34.468, 34.373, 34.291, 34.128, 34.065, 34.377, 34.992, 35.473, 35.679, 35.554, 35.258, 35.208, 35.445, 35.483, 34.947, 34.401, 34.136, 34.047, 34.189, 34.615, 35.265, 35.99, 36.693, 37.221, 37.188, 36.61, 35.879, 35.545, 35.628, 35.826, 35.829, 35.428, 34.954, 35.185, 36.099, 36.942, 37.133, 36.934, 36.785, 36.824, 37.01, 37.386, 37.836, 38.016, 31.754], [31.741, 31.67, 31.431, 31.091, 30.516, 29.864, 29.496, 29.401, 29.361, 29.164, 28.751, 27.952, 26.79, 25.781, 25.233, 24.819, 23.912, 22.3, 20.126, 17.758, 15.273, 12.617, 9.861, 7.005, 3.937, 0.0, 5.517, 11.047, 14.579, 16.389, 17.797, 19.589, 21.376, 22.549, 22.968, 23.233, 23.908, 25.097, 27.194, 29.451, 30.83, 31.41, 31.933, 33.147, 35.25, 37.684, 39.757, 41.226, 42.139, 42.446, 42.461, 42.648, 42.797, 42.515, 41.992, 41.938, 41.902, 41.125, 40.033, 39.366, 39.256, 39.446, 39.685, 39.968, 40.37, 40.839, 41.1, 40.874, 40.546, 40.545, 40.608, 40.227, 39.497, 39.034, 39.041, 39.342, 39.674, 39.76, 39.557, 39.209, 38.914, 39.037, 39.555, 40.034, 40.511, 40.927, 41.228, 41.754, 42.579, 43.447, 43.781, 43.362, 42.604, 42.094, 41.639, 41.038, 40.581, 40.417, 40.361, 40.144, 39.758, 39.041, 37.953, 36.882, 35.993, 35.125, 34.518, 34.372, 34.456, 34.435, 34.332, 34.375, 34.399, 34.279, 34.184, 34.108, 33.953, 33.892, 34.197, 34.818, 35.32, 35.543, 35.423, 35.121, 35.065, 35.306, 35.348, 34.798, 34.229, 33.951, 33.854, 33.985, 34.409, 35.082, 35.832, 36.551, 37.092, 37.066, 36.486, 35.75, 35.424, 35.529, 35.743, 35.742, 35.325, 34.842, 35.079, 36.005, 36.857, 37.057, 36.864, 36.712, 36.747, 36.942, 37.338, 37.805, 37.991, 31.733], [31.297, 31.208, 30.903, 30.504, 29.932, 29.329, 29.013, 28.948, 28.919, 28.745, 28.372, 27.595, 26.419, 25.383, 24.825, 24.409, 23.495, 21.926, 19.961, 18.022, 16.095, 14.05, 12.097, 10.429, 8.655, 5.517, 0.0, 6.184, 10.543, 12.947, 14.702, 16.752, 18.819, 20.225, 20.741, 21.027, 21.768, 23.13, 25.509, 28.054, 29.617, 30.256, 30.805, 32.104, 34.385, 37.022, 39.249, 40.795, 41.718, 42.006, 42.015, 42.224, 42.399, 42.124, 41.611, 41.588, 41.574, 40.783, 39.659, 38.985, 38.907, 39.147, 39.425, 39.738, 40.164, 40.652, 40.921, 40.692, 40.361, 40.368, 40.441, 40.053, 39.292, 38.797, 38.791, 39.091, 39.423, 39.492, 39.258, 38.881, 38.571, 38.704, 39.261, 39.779, 40.274, 40.707, 41.034, 41.604, 42.471, 43.37, 43.717, 43.278, 42.472, 41.917, 41.431, 40.806, 40.344, 40.197, 40.162, 39.941, 39.515, 38.723, 37.542, 36.384, 35.429, 34.52, 33.874, 33.699, 33.769, 33.767, 33.728, 33.823, 33.866, 33.749, 33.659, 33.597, 33.46, 33.408, 33.715, 34.363, 34.912, 35.188, 35.096, 34.777, 34.696, 34.934, 34.966, 34.355, 33.7, 33.366, 33.257, 33.386, 33.833, 34.581, 35.399, 36.159, 36.725, 36.705, 36.104, 35.321, 34.972, 35.099, 35.335, 35.323, 34.874, 34.367, 34.614, 35.566, 36.434, 36.647, 36.459, 36.303, 36.335, 36.547, 36.983, 37.489, 37.695, 31.199], [31.086, 30.99, 30.598, 30.104, 29.517, 28.953, 28.675, 28.623, 28.589, 28.439, 28.123, 27.397, 26.242, 25.215, 24.67, 24.271, 23.389, 21.946, 20.334, 19.006, 17.789, 16.409, 15.104, 14.214, 13.327, 11.047, 6.184, 0.0, 5.078, 8.374, 10.915, 13.473, 15.902, 17.611, 18.297, 18.615, 19.405, 21.029, 23.863, 26.767, 28.52, 29.224, 29.807, 31.197, 33.643, 36.458, 38.809, 40.411, 41.349, 41.638, 41.649, 41.872, 42.061, 41.792, 41.299, 41.316, 41.329, 40.531, 39.39, 38.728, 38.695, 38.986, 39.303, 39.649, 40.097, 40.595, 40.864, 40.631, 40.303, 40.319, 40.399, 40.01, 39.239, 38.733, 38.722, 39.017, 39.338, 39.382, 39.118, 38.72, 38.4, 38.543, 39.135, 39.687, 40.198, 40.644, 40.992, 41.597, 42.497, 43.419, 43.777, 43.33, 42.487, 41.88, 41.343, 40.684, 40.22, 40.096, 40.083, 39.859, 39.402, 38.55, 37.283, 36.031, 35.015, 34.088, 33.432, 33.239, 33.288, 33.305, 33.351, 33.526, 33.607, 33.501, 33.417, 33.373, 33.266, 33.231, 33.528, 34.175, 34.756, 35.088, 35.035, 34.702, 34.578, 34.791, 34.807, 34.157, 33.446, 33.076, 32.97, 33.107, 33.577, 34.384, 35.249, 36.025, 36.597, 36.581, 35.964, 35.142, 34.772, 34.906, 35.141, 35.109, 34.641, 34.131, 34.385, 35.337, 36.197, 36.405, 36.215, 36.054, 36.085, 36.306, 36.76, 37.287, 37.508, 30.885], [31.12, 31.033, 30.573, 29.99, 29.368, 28.799, 28.515, 28.446, 28.398, 28.264, 27.993, 27.314, 26.199, 25.214, 24.703, 24.328, 23.494, 22.183, 20.869, 19.983, 19.238, 18.298, 17.371, 16.82, 16.312, 14.579, 10.543, 5.078, 0.0, 4.01, 7.623, 10.937, 13.762, 15.716, 16.566, 16.942, 17.767, 19.625, 22.886, 26.076, 27.951, 28.703, 29.33, 30.788, 33.33, 36.228, 38.621, 40.233, 41.172, 41.468, 41.48, 41.7, 41.885, 41.617, 41.139, 41.183, 41.216, 40.425, 39.291, 38.644, 38.633, 38.941, 39.274, 39.636, 40.099, 40.598, 40.857, 40.62, 40.298, 40.322, 40.406, 40.017, 39.254, 38.761, 38.758, 39.048, 39.352, 39.37, 39.086, 38.678, 38.352, 38.493, 39.089, 39.653, 40.176, 40.631, 40.988, 41.603, 42.507, 43.425, 43.786, 43.347, 42.499, 41.852, 41.264, 40.582, 40.12, 40.011, 40.006, 39.778, 39.307, 38.434, 37.13, 35.83, 34.793, 33.882, 33.245, 33.053, 33.094, 33.126, 33.226, 33.457, 33.573, 33.477, 33.391, 33.357, 33.278, 33.256, 33.518, 34.127, 34.711, 35.075, 35.05, 34.71, 34.551, 34.734, 34.741, 34.102, 33.402, 33.039, 32.941, 33.075, 33.556, 34.395, 35.281, 36.053, 36.618, 36.606, 35.988, 35.154, 34.778, 34.911, 35.133, 35.087, 34.617, 34.115, 34.368, 35.304, 36.143, 36.333, 36.133, 35.967, 35.998, 36.219, 36.668, 37.191, 37.414, 30.849], [31.19, 31.123, 30.652, 30.047, 29.403, 28.805, 28.49, 28.403, 28.356, 28.237, 27.982, 27.314, 26.218, 25.275, 24.81, 24.462, 23.652, 22.403, 21.226, 20.539, 20.015, 19.317, 18.617, 18.231, 17.86, 16.389, 12.947, 8.374, 4.01, 0.0, 4.323, 8.475, 11.936, 14.231, 15.2, 15.591, 16.471, 18.57, 22.208, 25.642, 27.621, 28.414, 29.08, 30.607, 33.233, 36.186, 38.588, 40.196, 41.129, 41.428, 41.441, 41.656, 41.835, 41.56, 41.086, 41.141, 41.185, 40.401, 39.269, 38.62, 38.604, 38.909, 39.246, 39.621, 40.098, 40.604, 40.86, 40.62, 40.299, 40.329, 40.415, 40.021, 39.258, 38.774, 38.781, 39.075, 39.371, 39.374, 39.078, 38.662, 38.328, 38.462, 39.053, 39.621, 40.157, 40.618, 40.979, 41.597, 42.497, 43.404, 43.762, 43.33, 42.478, 41.798, 41.179, 40.49, 40.031, 39.925, 39.919, 39.687, 39.21, 38.331, 37.014, 35.699, 34.664, 33.77, 33.145, 32.96, 33.0, 33.042, 33.164, 33.421, 33.553, 33.454, 33.362, 33.331, 33.26, 33.234, 33.462, 34.04, 34.625, 35.006, 34.992, 34.645, 34.469, 34.64, 34.644, 34.013, 33.318, 32.962, 32.864, 32.987, 33.468, 34.325, 35.225, 35.998, 36.564, 36.556, 35.939, 35.113, 34.753, 34.893, 35.108, 35.051, 34.577, 34.075, 34.326, 35.255, 36.081, 36.261, 36.055, 35.886, 35.914, 36.138, 36.585, 37.103, 37.324, 30.877], [31.311, 31.261, 30.842, 30.322, 29.732, 29.132, 28.796, 28.712, 28.698, 28.607, 28.356, 27.685, 26.601, 25.697, 25.282, 24.968, 24.171, 22.946, 21.833, 21.231, 20.812, 20.263, 19.729, 19.464, 19.159, 17.797, 14.702, 10.915, 7.623, 4.323, 0.0, 4.837, 9.24, 12.198, 13.399, 13.754, 14.683, 17.153, 21.304, 25.065, 27.181, 28.009, 28.712, 30.334, 33.098, 36.147, 38.584, 40.195, 41.122, 41.424, 41.443, 41.665, 41.843, 41.556, 41.079, 41.144, 41.197, 40.407, 39.255, 38.586, 38.561, 38.866, 39.209, 39.6, 40.1, 40.626, 40.893, 40.653, 40.331, 40.362, 40.446, 40.041, 39.259, 38.765, 38.778, 39.085, 39.383, 39.374, 39.066, 38.641, 38.294, 38.415, 39.006, 39.591, 40.146, 40.614, 40.981, 41.609, 42.511, 43.41, 43.762, 43.329, 42.467, 41.763, 41.135, 40.451, 39.997, 39.894, 39.888, 39.654, 39.174, 38.288, 36.962, 35.639, 34.602, 33.698, 33.063, 32.88, 32.919, 32.95, 33.064, 33.324, 33.459, 33.351, 33.249, 33.216, 33.142, 33.108, 33.319, 33.892, 34.49, 34.886, 34.876, 34.519, 34.335, 34.507, 34.51, 33.857, 33.125, 32.754, 32.656, 32.776, 33.266, 34.149, 35.069, 35.857, 36.433, 36.425, 35.806, 34.992, 34.659, 34.822, 35.039, 34.972, 34.486, 33.974, 34.227, 35.156, 35.974, 36.144, 35.932, 35.761, 35.789, 36.017, 36.468, 36.985, 37.2, 30.965], [31.269, 31.219, 30.891, 30.571, 30.179, 29.684, 29.369, 29.297, 29.32, 29.266, 29.03, 28.361, 27.276, 26.387, 26.009, 25.734, 24.975, 23.82, 22.824, 22.33, 21.993, 21.556, 21.168, 21.043, 20.836, 19.589, 16.752, 13.473, 10.937, 8.475, 4.837, 0.0, 5.111, 8.925, 10.694, 11.244, 12.278, 15.171, 19.95, 24.124, 26.401, 27.261, 28.021, 29.795, 32.765, 35.976, 38.497, 40.132, 41.059, 41.368, 41.405, 41.657, 41.849, 41.548, 41.058, 41.129, 41.187, 40.374, 39.174, 38.473, 38.445, 38.761, 39.114, 39.518, 40.046, 40.607, 40.898, 40.664, 40.341, 40.37, 40.447, 40.013, 39.181, 38.646, 38.659, 38.988, 39.295, 39.272, 38.945, 38.505, 38.141, 38.254, 38.858, 39.47, 40.046, 40.525, 40.906, 41.552, 42.459, 43.35, 43.698, 43.267, 42.408, 41.705, 41.076, 40.388, 39.939, 39.852, 39.86, 39.628, 39.139, 38.233, 36.883, 35.541, 34.469, 33.507, 32.834, 32.649, 32.681, 32.67, 32.736, 32.973, 33.1, 32.979, 32.867, 32.825, 32.74, 32.699, 32.915, 33.51, 34.132, 34.548, 34.546, 34.179, 33.985, 34.161, 34.161, 33.467, 32.689, 32.318, 32.244, 32.378, 32.898, 33.828, 34.787, 35.6, 36.194, 36.188, 35.56, 34.739, 34.414, 34.603, 34.84, 34.77, 34.262, 33.73, 33.986, 34.926, 35.742, 35.901, 35.68, 35.507, 35.536, 35.765, 36.219, 36.738, 36.945, 30.896], [30.979, 30.921, 30.674, 30.571, 30.448, 30.143, 29.893, 29.831, 29.877, 29.859, 29.643, 28.975, 27.877, 26.977, 26.62, 26.388, 25.692, 24.648, 23.812, 23.435, 23.157, 22.797, 22.542, 22.564, 22.475, 21.376, 