[[0.0, 5.761, 13.262, 18.715, 22.957, 25.31, 26.833, 28.094, 29.113, 30.401, 31.502, 32.546, 32.788, 33.049, 34.288, 34.785, 34.728, 35.811, 37.571, 38.751, 38.981, 38.867, 39.941, 39.279, 39.554, 39.972, 39.3, 38.781, 39.093, 38.992, 38.588, 38.513, 38.605, 38.1, 37.658, 37.031, 37.192, 37.635, 37.121, 36.805, 37.137, 37.055, 37.53, 37.002, 33.059, 32.427, 33.073, 33.797, 34.185, 33.933, 33.749, 34.094, 34.158, 34.023, 33.91, 34.134, 34.503, 34.837, 35.589, 36.254, 36.078, 35.888, 35.896, 35.206, 34.881, 34.521, 34.173, 33.496, 32.985, 32.477, 32.465, 32.339, 32.41, 32.685, 33.97, 36.254, 36.871, 36.866, 37.334, 36.687, 36.713, 37.593, 37.332, 36.781, 35.925, 34.731, 33.639, 33.533, 33.723, 34.188, 34.482, 34.079, 34.427, 36.182, 37.593, 38.322, 39.627, 39.292, 39.319, 38.674, 38.452, 38.559, 38.39, 38.027, 38.008, 37.83, 37.221, 36.316, 35.458, 34.898, 35.155, 36.056, 35.432, 34.435, 35.122, 35.947, 35.665, 35.31, 35.231, 34.158, 33.319, 33.894, 33.515, 33.288, 34.031, 33.843, 4.236], [5.761, 0.0, 9.408, 16.646, 21.389, 23.908, 25.727, 27.183, 28.282, 29.659, 30.859, 32.001, 32.288, 32.583, 33.871, 34.383, 34.336, 35.476, 37.319, 38.562, 38.786, 38.68, 39.792, 39.118, 39.379, 39.809, 39.134, 38.6, 38.924, 38.81, 38.403, 38.329, 38.428, 37.93, 37.498, 36.854, 37.007, 37.445, 36.913, 36.594, 36.938, 36.872, 37.347, 36.807, 32.775, 32.135, 32.821, 33.588, 33.987, 33.738, 33.571, 33.943, 34.0, 33.857, 33.738, 33.951, 34.319, 34.648, 35.402, 36.066, 35.883, 35.685, 35.699, 34.996, 34.638, 34.274, 33.923, 33.224, 32.681, 32.149, 32.13, 32.006, 32.08, 32.381, 33.73, 36.08, 36.727, 36.742, 37.217, 36.548, 36.574, 37.468, 37.199, 36.599, 35.674, 34.443, 33.342, 33.23, 33.431, 33.923, 34.216, 33.79, 34.166, 35.967, 37.4, 38.159, 39.496, 39.144, 39.166, 38.531, 38.286, 38.383, 38.221, 37.85, 37.835, 37.666, 37.06, 36.155, 35.297, 34.734, 34.974, 35.882, 35.229, 34.189, 34.85, 35.671, 35.394, 35.05, 34.975, 33.857, 32.969, 33.559, 33.178, 32.962, 33.749, 33.564, 7.504], [13.262, 9.408, 0.0, 10.655, 17.374, 20.61, 23.302, 25.11, 26.438, 28.147, 29.676, 31.073, 31.357, 31.768, 33.318, 33.888, 33.842, 35.176, 37.289, 38.73, 39.007, 38.846, 40.072, 39.328, 39.376, 39.851, 39.078, 38.393, 38.729, 38.605, 38.142, 38.008, 38.123, 37.633, 37.156, 36.432, 36.578, 37.031, 36.435, 36.099, 36.543, 36.612, 37.168, 36.54, 32.115, 31.256, 32.047, 32.978, 33.434, 33.204, 33.08, 33.495, 33.528, 33.347, 33.164, 33.354, 33.725, 34.039, 34.845, 35.545, 35.334, 35.118, 35.108, 34.31, 33.914, 33.546, 33.18, 32.42, 31.802, 31.26, 31.248, 31.096, 31.191, 31.563, 33.139, 35.674, 36.322, 36.379, 36.849, 36.113, 36.139, 37.065, 36.784, 36.154, 35.228, 33.975, 32.773, 32.606, 32.793, 33.271, 33.507, 32.982, 33.397, 35.312, 36.771, 37.604, 39.039, 38.643, 38.661, 37.999, 37.722, 37.809, 37.637, 37.219, 37.198, 37.025, 36.388, 35.468, 34.688, 34.144, 34.366, 35.32, 34.615, 33.471, 34.205, 35.087, 34.792, 34.437, 34.344, 33.054, 32.042, 32.746, 32.39, 32.145, 33.003, 32.774, 14.056], [18.715, 16.646, 10.655, 0.0, 10.358, 16.438, 19.692, 21.904, 23.915, 26.311, 28.252, 29.838, 30.109, 30.606, 32.37, 33.054, 33.051, 34.559, 36.93, 38.553, 38.889, 38.72, 40.055, 39.242, 39.142, 39.635, 38.743, 37.904, 38.245, 38.127, 37.593, 37.416, 37.552, 37.023, 36.494, 35.753, 35.899, 36.402, 35.786, 35.404, 35.92, 36.086, 36.671, 35.927, 31.073, 30.154, 31.043, 32.094, 32.586, 32.258, 32.11, 32.601, 32.657, 32.422, 32.242, 32.513, 32.892, 33.214, 34.118, 34.894, 34.692, 34.507, 34.486, 33.594, 33.141, 32.693, 32.248, 31.506, 30.832, 30.225, 30.255, 30.058, 30.111, 30.479, 32.218, 34.994, 35.694, 35.72, 36.246, 35.487, 35.499, 36.489, 36.24, 35.653, 34.819, 33.519, 32.131, 31.891, 32.051, 32.547, 32.767, 32.143, 32.583, 34.706, 36.288, 37.233, 38.777, 38.324, 38.325, 37.611, 37.306, 37.394, 37.235, 36.819, 36.774, 36.595, 35.938, 34.931, 34.147, 33.531, 33.676, 34.611, 33.838, 32.561, 33.443, 34.44, 34.121, 33.737, 33.617, 32.179, 31.096, 31.893, 31.482, 31.218, 32.202, 31.912, 19.306], [22.957, 21.389, 17.374, 10.358, 0.0, 10.539, 15.788, 18.478, 21.241, 24.463, 26.885, 28.641, 28.908, 29.453, 31.364, 32.163, 32.242, 33.85, 36.312, 38.034, 38.417, 38.276, 39.766, 38.963, 38.852, 39.483, 38.61, 37.723, 38.118, 38.027, 37.488, 37.301, 37.432, 36.916, 36.39, 35.67, 35.827, 36.348, 35.748, 35.353, 35.851, 35.993, 36.525, 35.766, 30.878, 29.884, 30.715, 31.702, 32.14, 31.849, 31.762, 32.261, 32.316, 32.058, 31.884, 32.194, 32.614, 32.943, 33.856, 34.638, 34.442, 34.296, 34.277, 33.396, 32.974, 32.534, 32.095, 31.428, 30.802, 30.157, 30.188, 29.984, 29.965, 30.307, 32.06, 34.87, 35.6, 35.602, 36.136, 35.373, 35.405, 36.402, 36.17, 35.614, 34.769, 33.451, 32.055, 31.832, 31.96, 32.414, 32.636, 31.992, 32.357, 34.499, 36.159, 37.16, 38.705, 38.207, 38.156, 37.428, 37.131, 37.22, 37.075, 36.68, 36.611, 36.433, 35.791, 34.747, 33.92, 33.246, 33.394, 34.354, 33.527, 32.213, 33.167, 34.207, 33.88, 33.487, 33.344, 31.918, 30.937, 31.78, 31.376, 31.114, 32.115, 31.802, 23.295], [25.31, 23.908, 20.61, 16.438, 10.539, 0.0, 9.452, 14.301, 17.453, 21.292, 24.306, 26.347, 26.859, 27.564, 29.521, 30.421, 30.695, 32.392, 34.827, 36.634, 37.123, 37.008, 38.518, 37.847, 37.949, 38.708, 38.146, 37.451, 37.82, 37.754, 37.306, 37.187, 37.345, 36.84, 36.339, 35.716, 35.896, 36.34, 35.836, 35.628, 36.198, 36.343, 36.755, 36.094, 31.641, 30.643, 31.257, 31.995, 32.394, 32.177, 32.185, 32.656, 32.671, 32.425, 32.296, 32.58, 32.955, 33.305, 34.193, 34.98, 34.822, 34.689, 34.704, 33.98, 33.632, 33.218, 32.803, 32.166, 31.566, 30.956, 30.986, 30.792, 30.754, 31.069, 32.601, 35.172, 35.86, 35.859, 36.34, 35.649, 35.722, 36.654, 36.439, 35.922, 35.109, 33.888, 32.607, 32.365, 32.472, 32.895, 33.124, 32.548, 32.855, 34.893, 36.473, 37.358, 38.803, 38.311, 38.255, 37.6, 37.36, 37.507, 37.41, 37.048, 36.979, 36.814, 36.181, 35.125, 34.31, 33.68, 33.822, 34.75, 34.005, 32.759, 33.624, 34.611, 34.314, 33.946, 33.809, 32.5, 31.552, 32.266, 31.871, 31.619, 32.533, 32.277, 25.529], [26.833, 25.727, 23.302, 19.692, 15.788, 9.452, 0.0, 7.802, 12.938, 17.439, 20.918, 23.213, 24.021, 24.797, 26.611, 27.505, 28.001, 29.878, 32.427, 34.488, 35.194, 35.175, 36.656, 36.166, 36.77, 37.578, 37.295, 36.975, 37.329, 37.259, 36.896, 36.834, 37.013, 36.454, 35.952, 35.455, 35.641, 36.068, 35.705, 35.64, 36.244, 36.359, 36.69, 36.096, 32.016, 31.266, 31.701, 32.343, 32.717, 32.403, 32.324, 32.768, 32.786, 32.563, 32.538, 32.903, 33.32, 33.738, 34.633, 35.452, 35.337, 35.214, 35.22, 34.573, 34.27, 33.838, 33.428, 32.826, 32.236, 31.676, 31.709, 31.543, 31.531, 31.781, 33.103, 35.537, 36.244, 36.212, 36.648, 35.983, 36.036, 36.934, 36.769, 36.28, 35.449, 34.209, 32.963, 32.679, 32.779, 33.215, 33.435, 32.944, 33.266, 35.204, 36.705, 37.502, 38.834, 38.302, 38.291, 37.742, 37.559, 37.769, 37.707, 37.404, 37.375, 37.228, 36.613, 35.534, 34.653, 34.05, 34.197, 35.028, 34.357, 33.187, 33.979, 34.968, 34.705, 34.36, 34.227, 32.975, 32.032, 32.659, 32.271, 32.046, 32.942, 32.676, 27.076], [28.094, 27.183, 25.11, 21.904, 18.478, 14.301, 7.802, 0.0, 7.696, 14.1, 18.37, 20.937, 21.925, 22.927, 24.89, 25.833, 26.474, 28.564, 31.261, 33.529, 34.418, 34.45, 35.951, 35.563, 36.462, 37.51, 37.25, 37.085, 37.558, 37.5, 37.128, 37.054, 37.244, 36.7, 36.185, 35.707, 35.897, 36.322, 35.984, 35.954, 36.578, 36.717, 37.063, 36.468, 32.462, 31.61, 32.007, 32.602, 32.938, 32.652, 32.565, 32.972, 32.995, 32.785, 32.737, 33.092, 33.534, 33.936, 34.802, 35.63, 35.522, 35.423, 35.441, 34.777, 34.526, 34.171, 33.769, 33.167, 32.627, 32.12, 32.135, 31.995, 31.995, 32.216, 33.509, 35.906, 36.6, 36.555, 36.988, 36.349, 36.381, 37.25, 37.084, 36.607, 35.792, 34.529, 33.3, 33.043, 33.094, 33.435, 33.6, 33.088, 33.255, 35.008, 36.473, 37.284, 38.58, 38.055, 38.057, 37.482, 37.265, 37.462, 37.377, 37.089, 37.094, 36.949, 36.354, 35.29, 34.398, 33.83, 34.023, 34.852, 34.207, 33.183, 34.068, 35.068, 34.798, 34.449, 34.289, 33.024, 32.158, 32.822, 32.451, 32.291, 33.205, 32.908, 28.35], [29.113, 28.282, 26.438, 23.915, 21.241, 17.453, 12.938, 7.696, 0.0, 8.626, 14.775, 18.04, 19.267, 20.701, 23.045, 24.164, 24.964, 27.193, 29.985, 32.397, 33.426, 33.552, 35.047, 34.802, 35.946, 37.209, 37.091, 37.001, 37.554, 37.562, 37.262, 37.224, 37.424, 36.897, 36.408, 35.958, 36.14, 36.562, 36.247, 36.229, 36.83, 36.944, 37.258, 36.672, 32.804, 31.966, 32.343, 32.834, 33.174, 32.97, 32.923, 33.302, 33.318, 33.129, 33.04, 33.334, 33.751, 34.103, 34.951, 35.793, 35.687, 35.59, 35.625, 35.004, 34.799, 34.49, 34.114, 33.505, 32.992, 32.523, 32.536, 32.396, 32.376, 32.59, 33.925, 36.318, 36.984, 36.943, 37.352, 36.739, 36.771, 37.616, 37.436, 36.969, 36.166, 34.896, 33.693, 33.45, 33.449, 33.702, 33.821, 33.299, 33.338, 34.94, 36.367, 37.166, 38.432, 37.943, 37.955, 37.383, 37.18, 37.391, 37.302, 37.008, 37.024, 36.886, 36.314, 35.265, 34.384, 33.897, 34.134, 34.975, 34.348, 33.382, 34.251, 35.222, 34.963, 34.62, 34.436, 33.186, 32.326, 32.963, 32.588, 32.463, 33.41, 33.161, 29.328], [30.401, 29.659, 28.147, 26.311, 24.463, 21.292, 17.439, 14.1, 8.626, 0.0, 8.548, 13.633, 15.402, 17.272, 20.086, 21.475, 22.422, 24.729, 27.602, 30.223, 31.499, 31.773, 33.295, 33.378, 34.94, 36.355, 36.558, 36.705, 37.277, 37.329, 37.184, 37.267, 37.483, 36.946, 36.488, 36.099, 36.246, 36.627, 36.367, 36.371, 36.921, 36.988, 37.244, 36.747, 33.322, 32.757, 33.084, 33.471, 33.749, 33.559, 33.523, 33.839, 33.85, 33.692, 33.633, 33.909, 34.316, 34.624, 35.436, 36.237, 36.123, 36.025, 36.066, 35.531, 35.381, 35.089, 34.746, 34.165, 33.695, 33.258, 33.27, 33.147, 33.097, 33.278, 34.585, 36.928, 37.589, 37.561, 37.946, 37.36, 37.362, 38.155, 37.971, 37.514, 36.719, 35.487, 34.34, 34.074, 34.047, 34.287, 34.394, 33.902, 33.875, 35.325, 36.639, 37.364, 38.569, 38.079, 38.085, 37.545, 37.401, 37.658, 37.594, 37.316, 37.345, 37.242, 36.726, 35.726, 34.857, 34.465, 34.694, 35.439, 34.852, 33.904, 34.62, 35.523, 35.302, 34.986, 34.813, 33.684, 32.845, 33.394, 33.01, 32.935, 33.881, 33.688, 30.575], [31.502, 30.859, 29.676, 28.252, 26.885, 24.306, 20.918, 18.37, 14.775, 8.548, 0.0, 7.357, 11.11, 13.476, 16.57, 18.32, 19.397, 21.692, 24.624, 27.498, 29.092, 29.506, 31.011, 31.598, 33.684, 35.279, 35.933, 36.418, 37.104, 37.193, 37.175, 37.439, 37.691, 37.111, 36.643, 36.291, 36.413, 36.753, 36.552, 36.593, 37.146, 37.212, 37.452, 37.018, 33.927, 33.491, 33.757, 34.059, 34.25, 34.068, 34.015, 34.264, 34.309, 34.195, 34.205, 34.566, 34.982, 35.25, 35.987, 36.692, 36.584, 36.529, 36.6, 36.118, 35.972, 35.673, 35.344, 34.794, 34.362, 33.946, 33.935, 33.828, 33.76, 33.875, 35.101, 37.34, 37.996, 37.996, 38.386, 37.796, 37.745, 38.539, 38.422, 37.985, 37.215, 36.052, 34.95, 34.637, 34.598, 34.881, 34.999, 34.56, 34.583, 35.989, 37.239, 37.911, 39.092, 38.623, 38.612, 38.077, 37.951, 38.24, 38.192, 37.91, 37.951, 37.879, 37.375, 36.363, 35.466, 35.11, 35.269, 35.859, 35.306, 34.362, 34.955, 35.832, 35.659, 35.364, 35.214, 34.195, 33.352, 33.808, 33.442, 33.471, 34.441, 34.251, 31.664], [32.546, 32.001, 31.073, 29.838, 28.641, 26.347, 23.213, 20.937, 18.04, 13.633, 7.357, 0.0, 6.493, 10.587, 13.797, 15.79, 17.331, 19.761, 22.703, 25.762, 27.606, 28.162, 29.591, 30.572, 33.099, 34.779, 35.739, 36.46, 37.252, 37.392, 37.415, 37.754, 38.058, 37.468, 36.952, 36.607, 36.713, 37.028, 36.854, 36.908, 37.457, 37.54, 37.79, 37.371, 34.494, 34.122, 34.357, 34.582, 34.697, 34.527, 34.425, 34.586, 34.659, 34.583, 34.678, 35.106, 35.512, 35.747, 36.419, 37.079, 36.993, 36.995, 37.097, 36.622, 36.472, 36.189, 35.877, 35.364, 34.98, 34.607, 34.572, 34.47, 34.387, 34.436, 35.538, 37.611, 38.23, 38.245, 38.642, 38.079, 38.013, 38.806, 38.747, 38.359, 37.668, 36.598, 35.556, 35.225, 35.166, 35.421, 35.538, 35.193, 35.282, 36.62, 37.788, 38.403, 39.548, 39.119, 39.092, 38.55, 38.434, 38.727, 38.681, 38.418, 38.462, 38.394, 37.884, 36.827, 35.921, 35.621, 35.685, 36.11, 35.561, 34.64, 35.213, 36.092, 35.966, 35.69, 35.55, 34.604, 33.775, 34.163, 33.858, 34.001, 34.973, 34.82, 32.706], [32.788, 32.288, 31.357, 30.109, 28.908, 26.859, 24.021, 21.925, 19.267, 15.402, 11.11, 6.493, 0.0, 6.718, 11.621, 13.817, 15.629, 18.508, 21.75, 24.926, 26.813, 27.444, 28.946, 30.027, 32.696, 34.418, 35.396, 36.142, 36.976, 37.104, 37.088, 37.392, 37.745, 37.263, 36.787, 36.43, 36.541, 36.858, 36.645, 36.673, 37.225, 37.329, 37.627, 37.191, 34.217, 33.768, 34.083, 34.33, 34.418, 34.266, 34.136, 34.231, 34.285, 34.2, 34.281, 34.719, 35.126, 35.348, 36.06, 36.742, 36.63, 36.623, 36.729, 36.227, 36.092, 35.838, 35.538, 35.011, 34.639, 34.261, 34.222, 34.134, 34.047, 34.109, 35.253, 37.341, 37.955, 37.978, 38.391, 37.838, 37.792, 38.595, 38.524, 38.164, 37.503, 36.413, 35.339, 35.019, 34.961, 35.186, 35.292, 34.946, 35.007, 36.339, 37.501, 38.119, 39.294, 38.859, 38.786, 38.19, 38.065, 38.346, 38.29, 38.02, 38.055, 37.97, 37.455, 36.391, 35.481, 35.164, 35.209, 35.665, 35.099, 34.127, 34.8, 35.733, 35.611, 35.346, 35.229, 34.273, 33.452, 33.846, 33.572, 33.726, 34.685, 34.545, 32.919], [33.049, 32.583, 31.768, 30.606, 29.453, 27.564, 24.797, 22.927, 20.701, 17.272, 13.476, 10.587, 6.718, 0.0, 7.071, 10.436, 12.28, 15.314, 18.943, 22.581, 24.82, 25.584, 27.218, 28.558, 31.53, 33.305, 34.445, 35.4, 36.308, 36.458, 36.516, 36.906, 37.295, 36.848, 36.509, 36.245, 36.355, 36.661, 36.476, 36.555, 37.127, 37.214, 37.507, 37.097, 34.188, 33.811, 34.145, 34.428, 34.514, 34.353, 34.245, 34.333, 34.343, 34.236, 34.308, 34.766, 35.191, 35.453, 36.185, 36.858, 36.745, 36.737, 36.845, 36.339, 36.173, 35.882, 35.572, 35.031, 34.641, 34.261, 34.238, 34.17, 34.104, 34.151, 35.227, 37.295, 37.901, 37.897, 38.335, 37.774, 37.722, 38.553, 38.489, 38.128, 37.449, 36.327, 35.235, 34.901, 34.859, 35.104, 35.25, 34.935, 35.0, 36.388, 37.583, 38.216, 39.426, 38.966, 38.881, 38.281, 38.144, 38.411, 38.349, 38.095, 38.129, 38.044, 37.543, 36.481, 35.505, 35.13, 35.219, 35.743, 35.178, 34.199, 34.917, 35.879, 35.751, 35.484, 35.384, 34.426, 33.631, 34.04, 33.755, 33.938, 34.878, 34.74, 33.167], [34.288, 33.871, 33.318, 32.37, 31.364, 29.521, 26.611, 24.89, 23.045, 20.086, 16.57, 13.797, 11.621, 7.071, 0.0, 5.43, 9.167, 12.392, 16.077, 20.309, 23.108, 24.178, 25.828, 27.465, 30.871, 32.64, 34.03, 35.269, 36.23, 36.449, 36.64, 37.144, 37.589, 37.131, 36.844, 36.732, 36.852, 37.103, 37.033, 37.203, 37.746, 37.79, 38.007, 37.707, 35.291, 35.169, 35.385, 35.629, 35.675, 35.467, 35.353, 35.424, 35.41, 35.313, 35.443, 35.919, 36.304, 36.598, 37.263, 37.85, 37.762, 37.809, 37.964, 37.536, 37.344, 37.005, 36.698, 36.219, 35.845, 35.515, 35.498, 35.417, 35.355, 35.366, 36.236, 38.11, 38.724, 38.713, 39.115, 38.574, 38.467, 39.243, 39.206, 38.887, 38.253, 37.206, 36.193, 35.844, 35.809, 36.055, 36.24, 36.052, 36.18, 37.48, 38.593, 39.162, 40.303, 39.871, 39.827, 39.292, 39.172, 39.437, 39.387, 39.184, 39.231, 39.141, 38.677, 37.655, 36.674, 36.342, 36.428, 36.864, 36.347, 35.457, 36.068, 36.986, 36.879, 36.622, 36.522, 35.663, 34.945, 35.276, 35.014, 35.292, 36.18, 36.078, 34.433], [34.785, 34.383, 33.888, 33.054, 32.163, 30.421, 27.505, 25.833, 24.164, 21.475, 18.32, 15.79, 13.817, 10.436, 5.43, 0.0, 6.128, 10.658, 14.596, 18.987, 22.023, 23.262, 24.971, 26.922, 30.596, 32.358, 33.808, 35.1, 36.078, 36.311, 36.53, 37.053, 37.549, 37.157, 36.91, 36.855, 37.027, 37.307, 37.276, 37.462, 38.013, 38.064, 38.249, 37.972, 35.714, 35.597, 35.773, 36.045, 36.07, 35.854, 35.732, 35.776, 35.759, 35.67, 35.802, 36.287, 36.642, 36.931, 37.579, 38.121, 38.032, 38.101, 38.263, 37.848, 37.64, 37.304, 37.016, 36.542, 36.172, 35.884, 35.872, 35.773, 35.715, 35.728, 36.579, 38.426, 39.062, 39.072, 39.465, 38.924, 38.798, 39.544, 39.486, 39.167, 38.516, 37.447, 36.435, 36.081, 36.038, 36.28, 36.482, 36.331, 36.492, 37.766, 38.842, 39.379, 40.464, 40.017, 39.98, 39.445, 39.338, 39.614, 39.564, 39.381, 39.444, 39.356, 38.894, 37.886, 36.912, 36.634, 36.762, 37.181, 36.695, 35.849, 36.451, 37.353, 37.249, 37.002, 36.903, 36.064, 35.372, 35.69, 35.446, 35.728, 36.588, 36.494, 34.943], [34.728, 34.336, 33.842, 33.051, 32.242, 30.695, 28.001, 26.474, 24.964, 22.422, 19.397, 17.331, 15.629, 12.28, 9.167, 6.128, 0.0, 6.399, 12.216, 17.208, 20.37, 21.68, 23.551, 25.822, 29.729, 31.515, 33.044, 34.432, 35.502, 35.78, 36.03, 36.621, 37.148, 36.759, 36.61, 36.57, 36.785, 37.184, 37.19, 37.36, 37.92, 37.975, 38.144, 37.842, 35.494, 35.307, 35.501, 35.806, 35.84, 35.61, 35.498, 35.577, 35.574, 35.498, 35.653, 36.164, 36.544, 36.85, 37.516, 38.058, 37.966, 38.024, 38.182, 37.748, 37.52, 37.165, 36.871, 36.35, 35.931, 35.648, 35.65, 35.537, 35.483, 35.5, 36.374, 38.277, 38.938, 38.949, 39.363, 38.805, 38.691, 39.473, 39.422, 39.094, 38.414, 37.317, 36.271, 35.905, 35.856, 36.113, 36.318, 36.116, 36.268, 37.583, 38.679, 39.252, 40.346, 39.866, 39.843, 39.312, 39.214, 39.49, 39.421, 39.224, 39.298, 39.214, 38.74, 37.731, 36.727, 36.437, 36.613, 37.077, 36.604, 35.79, 36.445, 37.354, 37.242, 36.994, 36.89, 36.015, 35.317, 35.668, 35.395, 35.6, 36.445, 36.337, 34.872], [35.811, 35.476, 35.176, 34.559, 33.85, 32.392, 29.878, 28.564, 27.193, 24.729, 21.692, 19.761, 18.508, 15.314, 12.392, 10.658, 6.399, 0.0, 7.691, 14.099, 17.88, 19.421, 21.284, 24.188, 28.709, 30.631, 32.585, 34.311, 35.483, 35.829, 36.217, 36.968, 37.524, 37.072, 36.975, 36.997, 37.198, 37.632, 37.768, 37.987, 38.502, 38.522, 38.631, 38.424, 36.464, 36.42, 36.524, 36.721, 36.699, 36.472, 36.387, 36.455, 36.442, 36.392, 36.602, 37.131, 37.518, 37.858, 38.495, 38.983, 38.889, 38.968, 39.166, 38.814, 38.585, 38.192, 37.894, 37.408, 36.996, 36.741, 36.745, 36.634, 36.564, 36.521, 37.231, 38.96, 39.606, 39.592, 39.957, 39.405, 39.248, 39.995, 39.999, 39.698, 39.076, 38.124, 37.194, 36.836, 36.781, 37.027, 37.274, 37.155, 37.314, 38.561, 39.596, 40.107, 41.111, 40.635, 40.642, 40.215, 40.197, 40.474, 40.406, 40.231, 40.295, 40.232, 39.814, 38.859, 37.864, 37.593, 37.74, 38.116, 37.694, 36.968, 37.515, 38.372, 38.296, 38.059, 37.964, 37.192, 36.534, 36.76, 36.476, 36.684, 37.476, 37.365, 35.951], [37.571, 37.319, 37.289, 36.93, 36.312, 34.827, 32.427, 31.261, 29.985, 27.602, 24.624, 22.703, 21.75, 18.943, 16.077, 14.596, 12.216, 7.691, 0.0, 8.345, 14.25, 16.443, 18.143, 22.374, 27.914, 30.153, 32.787, 34.887, 36.072, 36.422, 36.953, 37.84, 38.428, 37.95, 37.833, 37.911, 38.11, 38.518, 38.81, 39.199, 39.714, 39.67, 39.71, 39.629, 38.203, 38.375, 38.337, 38.375, 38.275, 38.078, 37.974, 37.936, 37.9, 37.877, 38.116, 38.682, 39.089, 39.423, 40.018, 40.426, 40.324, 40.445, 40.676, 40.428, 40.192, 39.776, 39.521, 39.131, 38.762, 38.568, 38.577, 38.482, 38.391, 38.268, 38.762, 40.264, 40.85, 40.79, 41.084, 40.544, 40.325, 41.016, 41.05, 40.777, 40.24, 39.432, 38.65, 38.309, 38.262, 38.501, 38.822, 38.856, 39.04, 40.21, 41.161, 41.525, 42.361, 41.904, 41.928, 41.612, 41.675, 41.959, 41.905, 41.769, 41.827, 41.795, 41.465, 40.566, 39.599, 39.415, 39.538, 39.755, 39.363, 38.657, 38.982, 39.751, 39.735, 39.52, 39.447, 38.844, 38.252, 38.35, 38.067, 38.344, 39.086, 39.004, 37.704], [38.751, 38.562, 38.73, 38.553, 38.034, 36.634, 34.488, 33.529, 32.397, 30.223, 27.498, 25.762, 24.926, 22.581, 20.309, 18.987, 17.208, 14.099, 8.345, 0.0, 8.593, 12.569, 14.309, 20.568, 27.277, 29.69, 32.919, 35.322, 36.536, 36.886, 37.492, 38.465, 39.096, 38.643, 38.514, 38.6, 38.817, 39.227, 39.554, 40.044, 40.625, 40.545, 40.513, 40.48, 39.297, 39.541, 39.457, 39.393, 39.234, 39.042, 38.897, 38.818, 38.795, 38.792, 39.045, 39.623, 40.043, 40.391, 40.984, 41.357, 41.248, 41.368, 41.589, 41.381, 41.134, 40.731, 40.546, 40.228, 39.861, 39.694, 39.702, 39.608, 39.497, 39.348, 39.761, 41.195, 41.774, 41.717, 42.006, 41.493, 41.263, 41.934, 41.955, 41.719, 41.22, 40.414, 39.671, 39.344, 39.304, 39.54, 39.881, 39.93, 40.114, 41.293, 42.21, 42.512, 43.27, 42.807, 42.822, 42.579, 42.718, 43.008, 42.944, 42.811, 42.86, 42.825, 42.512, 41.67, 40.737, 40.571, 40.7, 40.856, 40.443, 39.691, 39.893, 40.592, 40.613, 40.416, 40.359, 39.869, 39.317, 39.344, 39.076, 39.389, 40.109, 40.077, 38.869], [38.981, 38.786, 39.007, 38.889, 38.417, 37.123, 35.194, 34.418, 33.426, 31.499, 29.092, 27.606, 26.813, 24.82, 23.108, 22.023, 20.37, 17.88, 14.25, 8.593, 0.0, 6.613, 10.219, 18.415, 26.146, 28.596, 32.154, 34.813, 36.117, 36.502, 37.148, 38.199, 38.885, 38.471, 38.359, 38.442, 38.691, 39.107, 39.388, 39.905, 40.596, 40.614, 40.628, 40.57, 39.393, 39.625, 39.597, 39.494, 39.294, 39.104, 38.939, 38.909, 38.928, 38.923, 39.162, 39.695, 40.078, 40.448, 41.044, 41.404, 41.278, 41.349, 41.551, 41.335, 41.089, 40.711, 40.551, 40.266, 39.924, 39.719, 39.714, 39.621, 39.495, 39.398, 39.865, 41.288, 41.857, 41.792, 42.073, 41.578, 41.372, 42.042, 42.029, 41.789, 41.286, 40.5, 39.794, 39.511, 39.473, 39.691, 40.008, 40.001, 40.128, 41.316, 42.241, 42.58, 43.345, 42.846, 42.801, 42.548, 42.715, 42.998, 42.931, 42.804, 42.851, 42.795, 42.449, 41.672, 40.77, 40.515, 40.634, 40.873, 40.451, 39.677, 39.91, 40.602, 40.626, 40.447, 40.408, 39.924, 39.33, 39.308, 39.083, 39.377, 40.081, 40.05, 39.059], [38.867, 38.68, 38.846, 38.72, 38.276, 37.008, 35.175, 34.45, 33.552, 31.773, 29.506, 28.162, 27.444, 25.584, 24.178, 23.262, 21.68, 19.421, 16.443, 12.569, 6.613, 0.0, 7.267, 17.145, 25.089, 27.775, 31.411, 34.153, 35.524, 35.909, 36.591, 37.702, 38.416, 37.996, 37.858, 37.91, 38.168, 38.59, 38.893, 39.505, 40.253, 40.355, 40.545, 40.509, 39.213, 39.359, 39.368, 39.284, 39.106, 38.922, 38.77, 38.758, 38.78, 38.776, 39.005, 39.506, 39.86, 40.23, 40.817, 41.171, 41.039, 41.11, 41.303, 41.073, 40.834, 40.457, 40.287, 40.002, 39.687, 39.465, 39.454, 39.366, 39.25, 39.195, 39.702, 41.1, 41.624, 41.519, 41.764, 41.253, 41.064, 41.739, 41.677, 41.398, 40.933, 40.234, 39.55, 39.273, 39.227, 39.448, 39.77, 39.755, 39.83, 41.003, 41.93, 42.257, 43.024, 42.529, 42.478, 42.185, 42.323, 42.594, 42.521, 42.39, 42.449, 42.391, 42.031, 41.261, 40.377, 40.105, 40.221, 40.484, 40.079, 39.289, 39.566, 40.284, 40.309, 40.145, 40.127, 39.606, 38.973, 38.946, 38.726, 39.003, 39.718, 39.632, 38.911], [39.941, 39.792, 40.072, 40.055, 39.766, 38.518, 36.656, 35.951, 35.047, 33.295, 31.011, 29.591, 28.946, 27.218, 25.828, 24.971, 23.551, 21.284, 18.143, 14.309, 10.219, 7.267, 0.0, 14.168, 23.848, 26.777, 30.901, 34.044, 35.546, 35.992, 36.769, 37.968, 38.734, 38.325, 38.214, 38.342, 38.607, 39.025, 39.474, 40.258, 41.072, 41.162, 41.306, 41.345, 40.363, 40.577, 40.545, 40.388, 40.148, 39.972, 39.795, 39.731, 39.793, 39.832, 40.099, 40.61, 40.964, 41.334, 41.882, 42.208, 42.082, 42.181, 42.385, 42.195, 41.963, 41.6, 41.445, 41.178, 40.858, 40.651, 40.645, 40.556, 40.438, 40.382, 40.796, 42.058, 42.605, 42.515, 42.736, 42.27, 42.109, 42.778, 42.733, 42.482, 42.03, 41.308, 40.63, 40.323, 40.285, 40.491, 40.798, 40.837, 40.944, 42.068, 42.917, 43.159, 43.81, 43.31, 43.255, 43.0, 43.181, 43.48, 43.409, 43.297, 43.377, 43.341, 43.01, 42.247, 41.413, 41.24, 41.377, 41.569, 41.204, 40.438, 40.627, 41.276, 41.312, 41.163, 41.161, 40.724, 40.126, 40.059, 39.859, 40.146, 40.82, 40.743, 39.991], [39.279, 39.118, 39.328, 39.242, 38.963, 37.847, 36.166, 35.563, 34.802, 33.378, 31.598, 30.572, 30.027, 28.558, 27.465, 26.922, 25.822, 24.188, 22.374, 20.568, 18.415, 17.145, 14.168, 0.0, 13.191, 17.71, 22.722, 27.377, 29.751, 30.539, 31.593, 33.117, 34.206, 33.96, 34.103, 34.581, 34.974, 35.466, 36.386, 37.843, 39.197, 39.652, 39.894, 39.915, 39.268, 39.812, 39.78, 39.731, 39.528, 39.177, 38.862, 38.819, 38.965, 39.001, 39.293, 39.915, 40.34, 40.696, 41.258, 41.647, 41.507, 41.558, 41.736, 41.518, 41.279, 40.869, 40.716, 40.51, 40.136, 39.875, 39.877, 39.77, 39.684, 39.69, 40.167, 41.448, 42.01, 41.899, 42.086, 41.658, 41.58, 42.262, 42.253, 42.074, 41.591, 40.732, 40.015, 39.73, 39.737, 39.946, 40.229, 40.216, 40.41, 41.632, 42.553, 42.863, 43.534, 43.029, 42.935, 42.627, 42.691, 42.956, 42.928, 42.825, 42.911, 42.877, 42.495, 41.729, 40.955, 40.685, 40.737, 41.021, 40.658, 39.899, 40.04, 40.663, 40.69, 40.575, 40.571, 40.022, 39.402, 39.433, 39.249, 39.492, 40.118, 40.077, 39.3], [39.554, 39.379, 39.376, 39.142, 38.852, 37.949, 36.77, 36.462, 35.946, 34.94, 33.684, 33.099, 32.696, 31.53, 30.871, 30.596, 29.729, 28.709, 27.914, 27.277, 26.146, 25.089, 23.848, 13.191, 0.0, 8.786, 15.253, 19.992, 23.186, 24.472, 25.911, 27.793, 29.082, 28.91, 29.321, 30.108, 30.588, 31.19, 32.532, 34.538, 36.408, 37.346, 37.816, 37.717, 38.041, 39.689, 39.834, 39.898, 39.81, 39.402, 39.142, 39.148, 39.28, 39.279, 39.5, 40.073, 40.495, 40.828, 41.342, 41.719, 41.62, 41.708, 41.861, 41.562, 41.265, 40.887, 40.781, 40.603, 40.204, 39.888, 39.862, 39.734, 39.714, 39.815, 40.381, 41.71, 42.244, 42.146, 42.284, 41.815, 41.734, 42.375, 42.376, 42.266, 41.801, 40.909, 40.192, 39.922, 39.945, 40.168, 40.429, 40.387, 40.709, 42.067, 43.02, 43.359, 44.046, 43.579, 43.521, 43.182, 43.188, 43.403, 43.399, 43.288, 43.332, 43.281, 42.863, 42.157, 41.49, 41.095, 40.936, 41.153, 40.806, 40.105, 40.229, 40.808, 40.81, 40.721, 40.701, 40.068, 39.468, 39.573, 39.432, 39.608, 40.138, 40.084, 39.544], [39.972, 39.809, 39.851, 39.635, 39.483, 38.708, 37.578, 37.51, 37.209, 36.355, 35.279, 34.779, 34.418, 33.305, 32.64, 32.358, 31.515, 30.631, 30.153, 29.69, 28.596, 27.775, 26.777, 17.71, 8.786, 0.0, 10.173, 17.038, 20.329, 21.886, 23.772, 26.133, 27.707, 27.742, 28.446, 29.509, 30.041, 30.649, 32.062, 34.099, 36.006, 36.984, 37.423, 37.406, 38.045, 40.11, 40.373, 40.492, 40.425, 39.942, 39.644, 39.66, 39.799, 39.787, 40.023, 40.564, 40.949, 41.27, 41.759, 42.144, 42.087, 42.158, 42.29, 42.03, 41.765, 41.385, 41.267, 41.117, 40.688, 40.367, 40.343, 40.226, 40.233, 40.355, 40.882, 42.167, 42.739, 42.669, 42.797, 42.366, 42.278, 42.857, 42.867, 42.751, 42.247, 41.312, 40.582, 40.3, 40.353, 40.62, 40.899, 40.891, 41.385, 42.827, 43.737, 44.019, 44.678, 44.224, 44.196, 43.912, 43.958, 44.193, 44.228, 44.137, 44.175, 44.132, 43.724, 43.042, 42.389, 41.927, 41.676, 41.84, 41.538, 40.853, 40.86, 41.393, 41.395, 41.311, 41.298, 40.698, 40.092, 40.171, 40.027, 40.224, 40.704, 40.681, 39.977], [39.3, 39.134, 39.078, 38.743, 38.61, 38.146, 37.295, 37.25, 37.091, 36.558, 35.933, 35.739, 35.396, 34.445, 34.03, 33.808, 33.044, 32.585, 32.787, 32.919, 32.154, 31.411, 30.901, 22.722, 15.253, 10.173, 0.0, 10.865, 16.075, 17.759, 19.731, 22.477, 24.414, 24.989, 26.379, 27.685, 28.274, 28.983, 30.326, 32.125, 33.929, 35.128, 35.787, 35.743, 36.811, 39.246, 39.605, 39.921, 39.93, 39.427, 39.109, 39.147, 39.274, 39.243, 39.398, 39.811, 40.182, 40.503, 41.006, 41.439, 41.386, 41.405, 41.484, 41.145, 40.906, 40.614, 40.5, 40.348, 39.954, 39.662, 39.634, 39.518, 39.575, 39.706, 40.285, 41.619, 42.2, 42.19, 42.338, 41.915, 41.909, 42.485, 42.446, 42.307, 41.763, 40.772, 39.95, 39.678, 39.743, 39.977, 40.244, 40.225, 40.688, 42.087, 42.988, 43.315, 44.052, 43.641, 43.607, 43.203, 43.163, 43.365, 43.41, 43.324, 43.339, 43.253, 42.813, 42.169, 41.562, 41.069, 40.833, 41.061, 40.812, 40.207, 40.274, 40.814, 40.778, 40.685, 40.663, 40.002, 39.471, 39.659, 39.54, 39.652, 40.075, 40.044, 39.306], [38.781, 38.6, 38.393, 37.904, 37.723, 37.451, 36.975, 37.085, 37.001, 36.705, 36.418, 36.46, 36.142, 35.4, 35.269, 35.1, 34.432, 34.311, 34.887, 35.322, 34.813, 34.153, 34.044, 27.377, 19.992, 17.038, 10.865, 0.0, 8.38, 11.755, 13.854, 16.693, 18.823, 20.071, 22.414, 24.025, 24.727, 25.624, 27.044, 28.864, 30.87, 32.474, 33.481, 33.397, 34.992, 38.291, 38.768, 39.218, 39.358, 38.929, 38.692, 38.776, 38.892, 38.845, 38.946, 39.282, 39.572, 39.9, 40.391, 40.812, 40.778, 40.84, 40.913, 40.495, 40.202, 39.91, 39.812, 39.634, 39.192, 38.857, 38.811, 38.66, 38.753, 38.977, 39.722, 41.185, 41.743, 41.734, 41.911, 41.488, 41.541, 42.16, 42.082, 41.934, 41.391, 40.363, 39.491, 39.219, 39.243, 39.429, 39.657, 39.59, 40.051, 41.508, 42.454, 42.829, 43.607, 43.231, 43.205, 42.745, 42.679, 42.842, 42.866, 42.751, 42.721, 42.583, 42.093, 41.449, 40.899, 40.392, 40.09, 40.296, 40.077, 39.48, 39.632, 40.179, 40.086, 39.976, 39.928, 39.19, 38.677, 38.893, 38.757, 38.842, 39.275, 39.244, 38.772], [39.093, 38.924, 38.729, 38.245, 38.118, 37.82, 37.329, 37.558, 37.554, 37.277, 37.104, 37.252, 36.976, 36.308, 36.23, 36.078, 35.502, 35.483, 36.072, 36.536, 36.117, 35.524, 35.546, 29.751, 23.186, 20.329, 16.075, 8.38, 0.0, 5.967, 9.631, 12.868, 15.218, 17.147, 20.317, 22.318, 23.145, 24.151, 25.81, 27.886, 30.059, 31.788, 32.835, 32.804, 34.647, 38.502, 39.059, 39.519, 39.717, 39.36, 39.173, 39.284, 39.429, 39.391, 39.502, 39.818, 40.04, 40.371, 40.834, 41.22, 41.195, 41.28, 41.381, 41.03, 40.743, 40.399, 40.265, 40.076, 39.604, 39.264, 39.213, 39.054, 39.15, 39.381, 40.111, 41.559, 42.097, 42.076, 42.267, 41.879, 41.957, 42.576, 42.481, 42.313, 41.783, 40.798, 39.965, 39.701, 39.736, 39.922, 40.112, 39.992, 40.446, 41.906, 42.824, 43.15, 43.906, 43.531, 43.489, 43.058, 43.03, 43.205, 43.233, 43.13, 43.085, 42.925, 42.437, 41.812, 41.291, 40.827, 40.527, 40.677, 40.457, 39.913, 40.051, 40.566, 40.456, 40.34, 40.269, 39.555, 39.029, 39.164, 38.984, 39.127, 39.588, 39.575, 39.081], [38.992, 38.81, 38.605, 38.127, 38.027, 37.754, 37.259, 37.5, 37.562, 37.329, 37.193, 37.392, 37.104, 36.458, 36.449, 36.311, 35.78, 35.829, 36.422, 36.886, 36.502, 35.909, 35.992, 30.539, 24.472, 21.886, 17.759, 11.755, 5.967, 0.0, 5.579, 10.016, 12.759, 15.189, 18.922, 21.168, 22.078, 23.139, 24.877, 27.011, 29.215, 31.082, 32.274, 32.247, 34.106, 38.147, 38.756, 39.268, 39.503, 39.168, 39.057, 39.244, 39.387, 39.339, 39.418, 39.697, 39.928, 40.282, 40.777, 41.172, 41.144, 41.218, 41.306, 40.941, 40.641, 40.315, 40.175, 39.969, 39.517, 39.192, 39.133, 38.982, 39.069, 39.235, 39.912, 41.367, 41.903, 41.87, 42.077, 41.695, 41.779, 42.411, 42.33, 42.126, 41.585, 40.662, 39.861, 39.606, 39.646, 39.814, 40.004, 39.869, 40.293, 41.75, 42.684, 43.043, 43.832, 43.455, 43.402, 42.933, 42.893, 43.067, 43.103, 43.003, 42.955, 42.8, 42.315, 41.675, 41.142, 40.661, 40.357, 40.512, 40.279, 39.756, 39.928, 40.452, 40.35, 40.236, 40.154, 39.439, 38.887, 38.998, 38.841, 38.997, 39.481, 39.454, 38.979], [38.588, 38.403, 38.142, 37.593, 37.488, 37.306, 36.896, 37.128, 37.262, 37.184, 37.175, 37.415, 37.088, 36.516, 36.64, 36.53, 36.03, 36.217, 36.953, 37.492, 37.148, 36.591, 36.769, 31.593, 25.911, 23.772, 19.731, 13.854, 9.631, 5.579, 0.0, 5.634, 9.468, 12.56, 16.847, 19.267, 20.221, 21.402, 23.192, 25.368, 27.701, 29.802, 31.196, 31.134, 32.957, 37.249, 37.967, 38.608, 38.912, 38.571, 38.519, 38.809, 38.986, 38.938, 39.005, 39.269, 39.495, 39.857, 40.369, 40.769, 40.732, 40.788, 40.852, 40.439, 40.12, 39.809, 39.669, 39.394, 38.891, 38.537, 38.47, 38.33, 38.428, 38.591, 39.313, 40.849, 41.4, 41.366, 41.606, 41.233, 41.335, 41.995, 41.903, 41.667, 41.11, 40.183, 39.348, 39.089, 39.14, 39.304, 39.474, 39.293, 39.695, 41.155, 42.103, 42.512, 43.367, 43.006, 42.963, 42.467, 42.421, 42.591, 42.625, 42.503, 42.461, 42.314, 41.805, 41.125, 40.557, 40.022, 39.729, 39.949, 39.71, 39.179, 39.437, 40.002, 39.892, 39.773, 39.687, 38.939, 38.373, 38.52, 38.393, 38.534, 39.029, 38.97, 38.569], [38.513, 38.329, 38.008, 37.416, 37.301, 37.187, 36.834, 37.054, 37.224, 37.267, 37.439, 37.754, 37.392, 36.906, 37.144, 37.053, 36.621, 36.968, 37.84, 38.465, 38.199, 37.702, 37.968, 33.117, 27.793, 26.133, 22.477, 16.693, 12.868, 10.016, 5.634, 0.0, 5.216, 10.138, 15.269, 17.814, 18.838, 20.166, 21.951, 24.127, 26.634, 29.002, 30.54, 30.418, 32.402, 36.928, 37.704, 38.467, 38.817, 38.488, 38.468, 38.826, 39.027, 38.976, 39.02, 39.222, 39.428, 39.794, 40.299, 40.677, 40.619, 40.662, 40.721, 40.307, 40.007, 39.719, 39.589, 39.247, 38.662, 38.262, 38.182, 38.041, 38.146, 38.314, 39.06, 40.631, 41.196, 41.172, 41.433, 41.081, 41.209, 41.888, 41.775, 41.518, 40.959, 40.044, 39.21, 38.955, 39.006, 39.171, 39.3, 39.071, 39.466, 40.944, 41.919, 42.364, 43.255, 42.906, 42.87, 42.385, 42.353, 42.52, 42.54, 42.383, 42.334, 42.168, 41.637, 40.956, 40.367, 39.801, 39.491, 39.72, 39.488, 38.974, 39.317, 39.909, 39.777, 39.647, 39.557, 38.8, 38.224, 38.381, 38.259, 38.38, 38.881, 38.795, 38.479], [38.605, 38.428, 38.123, 37.552, 37.432, 37.345, 37.013, 37.244, 37.424, 37.483, 37.691, 38.058, 37.745, 37.295, 37.589, 37.549, 37.148, 37.524, 38.428, 39.096, 38.885, 38.416, 38.734, 34.206, 29.082, 27.707, 24.414, 18.823, 15.218, 12.759, 9.468, 5.216, 0.0, 7.311, 13.799, 16.559, 17.661, 19.183, 21.018, 23.157, 25.769, 28.333, 29.969, 29.845, 32.208, 37.048, 37.849, 38.652, 39.032, 38.714, 38.722, 39.11, 39.304, 39.252, 39.287, 39.447, 39.644, 40.002, 40.493, 40.859, 40.798, 40.845, 40.912, 40.511, 40.23, 39.969, 39.853, 39.489, 38.89, 38.472, 38.38, 38.239, 38.335, 38.473, 39.177, 40.715, 41.298, 41.303, 41.555, 41.202, 41.339, 42.016, 41.896, 41.629, 41.076, 40.207, 39.411, 39.158, 39.203, 39.376, 39.496, 39.278, 39.666, 41.121, 42.104, 42.547, 43.435, 43.1, 43.07, 42.612, 42.605, 42.769, 42.771, 42.591, 42.535, 42.351, 41.819, 41.166, 40.584, 40.031, 39.682, 39.842, 39.614, 39.137, 39.476, 40.049, 39.908, 39.765, 39.666, 38.941, 38.379, 38.506, 38.378, 38.492, 38.998, 38.885, 38.564], [38.1, 37.93, 37.633, 37.023, 36.916, 36.84, 36.454, 36.7, 36.897, 36.946, 37.111, 37.468, 37.263, 36.848, 37.131, 37.157, 36.759, 37.072, 37.95, 38.643, 38.471, 37.996, 38.325, 33.96, 28.91, 27.742, 24.989, 20.071, 17.147, 15.189, 12.56, 10.138, 7.311, 0.0, 8.218, 12.356, 13.626, 15.474, 17.98, 20.629, 23.559, 26.216, 27.918, 27.798, 30.566, 36.104, 37.015, 37.84, 38.281, 37.955, 38.012, 38.51, 38.735, 38.697, 38.825, 39.096, 39.312, 39.67, 40.183, 40.563, 40.504, 40.571, 40.653, 40.257, 39.976, 39.698, 39.573, 39.196, 38.578, 38.155, 38.073, 37.915, 37.988, 38.12, 38.876, 40.471, 41.072, 41.083, 41.294, 40.871, 40.98, 41.695, 41.593, 41.326, 40.768, 39.9, 39.084, 38.792, 38.833, 39.042, 39.184, 38.96, 39.36, 40.805, 41.777, 42.176, 43.077, 42.757, 42.741, 42.316, 42.339, 42.512, 42.507, 42.331, 42.287, 42.095, 41.544, 40.878, 40.308, 39.789, 39.469, 39.648, 39.388, 38.847, 39.141, 39.721, 39.591, 39.449, 39.355, 38.645, 38.117, 38.264, 38.123, 38.169, 38.67, 38.521, 38.068], [37.658, 37.498, 37.156, 36.494, 36.39, 36.339, 35.952, 36.185, 36.408, 36.488, 36.643, 36.952, 36.787, 36.509, 36.844, 36.91, 36.61, 36.975, 37.833, 38.514, 38.359, 37.858, 38.214, 34.103, 29.321, 28.446, 26.379, 22.414, 20.317, 18.922, 16.847, 15.269, 13.799, 8.218, 0.0, 6.155, 8.522, 10.543, 13.845, 17.59, 21.149, 23.954, 25.871, 25.728, 28.655, 34.827, 35.846, 36.738, 37.246, 36.925, 37.041, 37.633, 37.884, 37.86, 38.096, 38.53, 38.791, 39.131, 39.66, 40.055, 39.981, 40.046, 40.131, 39.741, 39.468, 39.187, 39.065, 38.655, 38.011, 37.59, 37.528, 37.402, 37.472, 37.596, 38.432, 40.094, 40.674, 40.679, 40.873, 40.4, 40.482, 41.218, 41.107, 40.861, 40.338, 39.489, 38.647, 38.314, 38.34, 38.553, 38.684, 38.424, 38.814, 40.22, 41.169, 41.546, 42.448, 42.157, 42.168, 41.768, 41.814, 41.992, 41.997, 41.815, 41.76, 41.568, 41.001, 40.315, 39.777, 39.295, 39.055, 39.319, 39.013, 38.386, 38.661, 39.263, 39.151, 39.012, 38.918, 38.203, 37.696, 37.878, 37.752, 37.75, 38.245, 38.089, 37.62], [37.031, 36.854, 36.432, 35.753, 35.67, 35.716, 35.455, 35.707, 35.958, 36.099, 36.291, 36.607, 36.43, 36.245, 36.732, 36.855, 36.57, 36.997, 37.911, 38.6, 38.442, 37.91, 38.342, 34.581, 30.108, 29.509, 27.685, 24.025, 22.318, 21.168, 19.267, 17.814, 16.559, 12.356, 6.155, 0.0, 4.263, 7.489, 10.935, 15.195, 19.215, 22.275, 24.504, 24.362, 27.242, 33.654, 34.753, 35.741, 36.306, 36.012, 36.142, 36.743, 37.009, 36.989, 37.227, 37.77, 38.106, 38.43, 38.986, 39.421, 39.336, 39.382, 39.453, 39.021, 38.741, 38.485, 38.37, 37.919, 37.274, 36.857, 36.811, 36.706, 36.785, 36.893, 37.771, 39.479, 40.016, 39.998, 40.213, 39.7, 39.761, 40.511, 40.357, 40.102, 39.606, 38.779, 37.944, 37.632, 37.655, 37.863, 37.99, 37.74, 38.111, 39.477, 40.421, 40.811, 41.735, 41.468, 41.513, 41.086, 41.13, 41.304, 41.285, 41.077, 41.019, 40.816, 40.241, 39.556, 39.012, 38.543, 38.376, 38.685, 38.358, 37.701, 38.014, 38.645, 38.527, 38.367, 38.265, 37.524, 36.97, 37.158, 37.026, 37.025, 37.567, 37.407, 36.993], [37.192, 37.007, 36.578, 35.899, 35.827, 35.896, 35.641, 35.897, 36.14, 36.246, 36.413, 36.713, 36.541, 36.355, 36.852, 37.027, 36.785, 37.198, 38.11, 38.817, 38.691, 38.168, 38.607, 34.974, 30.588, 30.041, 28.274, 24.727, 23.145, 22.078, 20.221, 18.838, 17.661, 13.626, 8.522, 4.263, 0.0, 5.103, 9.531, 13.908, 17.989, 21.214, 23.617, 23.594, 26.828, 33.491, 34.634, 35.669, 36.271, 35.977, 36.091, 36.692, 36.99, 36.989, 37.252, 37.839, 38.199, 38.526, 39.101, 39.543, 39.462, 39.51, 39.564, 39.114, 38.84, 38.599, 38.489, 38.043, 37.436, 37.059, 37.013, 36.896, 36.971, 37.07, 37.916, 39.597, 40.1, 40.063, 40.264, 39.728, 39.766, 40.517, 40.367, 40.109, 39.626, 38.825, 38.006, 37.701, 37.74, 37.954, 38.087, 37.87, 38.235, 39.579, 40.508, 40.885, 41.799, 41.542, 41.596, 41.171, 41.239, 41.427, 41.414, 41.215, 41.159, 40.947, 40.379, 39.707, 39.155, 38.681, 38.522, 38.802, 38.483, 37.859, 38.172, 38.806, 38.687, 38.52, 38.429, 37.711, 37.147, 37.31, 37.16, 37.139, 37.681, 37.521, 37.159], [37.635, 37.445, 37.031, 36.402, 36.348, 36.34, 36.068, 36.322, 36.562, 36.627, 36.753, 37.028, 36.858, 36.661, 37.103, 37.307, 37.184, 37.632, 38.518, 39.227, 39.107, 38.59, 39.025, 35.466, 31.19, 30.649, 28.983, 25.624, 24.151, 23.139, 21.402, 20.166, 19.183, 15.474, 10.543, 7.489, 5.103, 0.0, 6.137, 12.068, 16.774, 20.338, 23.056, 23.285, 26.813, 33.618, 34.784, 35.843, 36.48, 36.185, 36.324, 36.942, 37.248, 37.251, 37.539, 38.158, 38.535, 38.865, 39.425, 39.847, 39.763, 39.819, 39.895, 39.487, 39.221, 38.972, 38.871, 38.433, 37.833, 37.482, 37.442, 37.331, 37.404, 37.506, 38.325, 39.956, 40.462, 40.426, 40.607, 40.098, 40.136, 40.868, 40.73, 40.487, 40.032, 39.266, 38.44, 38.101, 38.141, 38.35, 38.471, 38.248, 38.591, 39.921, 40.846, 41.23, 42.129, 41.863, 41.9, 41.488, 41.577, 41.784, 41.788, 41.586, 41.517, 41.312, 40.752, 40.089, 39.547, 39.067, 38.889, 39.155, 38.844, 38.229, 38.519, 39.15, 39.047, 38.888, 38.807, 38.121, 37.568, 37.719, 37.602, 37.539, 38.019, 37.852, 37.608], [37.121, 36.913, 36.435, 35.786, 35.748, 35.836, 35.705, 35.984, 36.247, 36.367, 36.552, 36.854, 36.645, 36.476, 37.033, 37.276, 37.19, 37.768, 38.81, 39.554, 39.388, 38.893, 39.474, 36.386, 32.532, 32.062, 30.326, 27.044, 25.81, 24.877, 23.192, 21.951, 21.018, 17.98, 13.845, 10.935, 9.531, 6.137, 0.0, 7.578, 13.732, 18.253, 21.597, 21.984, 25.727, 32.739, 33.99, 35.136, 35.823, 35.551, 35.758, 36.424, 36.722, 36.696, 36.926, 37.512, 37.902, 38.233, 38.82, 39.289, 39.196, 39.217, 39.289, 38.836, 38.557, 38.334, 38.237, 37.778, 37.144, 36.786, 36.761, 36.659, 36.731, 36.834, 37.721, 39.433, 39.974, 39.967, 40.165, 39.657, 39.73, 40.483, 40.334, 40.063, 39.59, 38.821, 37.927, 37.548, 37.585, 37.802, 37.921, 37.692, 38.034, 39.413, 40.387, 40.831, 41.793, 41.529, 41.569, 41.122, 41.183, 41.381, 41.364, 41.109, 41.012, 40.797, 40.225, 39.567, 39.012, 38.502, 38.288, 38.57, 38.249, 37.567, 37.901, 38.572, 38.445, 38.257, 38.173, 37.451, 36.864, 37.068, 36.979, 36.879, 37.354, 37.158, 37.095], [36.805, 36.594, 36.099, 35.404, 35.353, 35.628, 35.64, 35.954, 36.229, 36.371, 36.593, 36.908, 36.673, 36.555, 37.203, 37.462, 37.36, 37.987, 39.199, 40.044, 39.905, 39.505, 40.258, 37.843, 34.538, 34.099, 32.125, 28.864, 27.886, 27.011, 25.368, 24.127, 23.157, 20.629, 17.59, 15.195, 13.908, 12.068, 7.578, 0.0, 7.97, 14.7, 18.986, 19.532, 24.385, 32.096, 33.442, 34.647, 35.357, 35.136, 35.45, 36.167, 36.447, 36.396, 36.539, 37.005, 37.398, 37.725, 38.32, 38.829, 38.744, 38.728, 38.766, 38.236, 37.952, 37.789, 37.699, 37.263, 36.676, 36.371, 36.362, 36.238, 36.301, 36.357, 37.224, 38.951, 39.5, 39.542, 39.762, 39.265, 39.372, 40.109, 39.952, 39.661, 39.187, 38.452, 37.524, 37.129, 37.159, 37.349, 37.485, 37.327, 37.692, 39.075, 40.055, 40.519, 41.511, 41.269, 41.336, 40.869, 40.922, 41.091, 41.054, 40.774, 40.643, 40.409, 39.86, 39.239, 38.681, 38.167, 37.919, 38.149, 37.834, 37.108, 37.442, 38.122, 37.963, 37.742, 37.667, 36.955, 36.373, 36.584, 36.48, 36.341, 36.819, 36.622, 36.773], [37.137, 36.938, 36.543, 35.92, 35.851, 36.198