[[0.0, 6.722, 13.505, 18.745, 22.043, 24.171, 26.434, 27.482, 27.885, 29.626, 31.378, 31.527, 32.225, 34.406, 36.308, 36.759, 36.85, 37.537, 38.386, 39.239, 39.665, 39.604, 39.34, 39.189, 39.323, 39.832, 40.226, 40.076, 39.695, 39.317, 39.897, 41.458, 42.226, 42.487, 42.543, 42.219, 41.997, 41.791, 41.421, 41.138, 41.201, 41.464, 41.734, 41.959, 42.239, 43.139, 43.528, 43.071, 43.174, 43.662, 43.935, 43.872, 44.022, 44.307, 44.272, 43.562, 42.296, 40.787, 39.343, 38.682, 38.529, 38.549, 38.893, 39.186, 39.213, 39.257, 39.336, 39.442, 39.536, 39.581, 39.461, 39.142, 38.72, 38.608, 38.897, 39.359, 39.235, 39.176, 39.484, 39.754, 39.793, 40.108, 39.944, 39.32, 39.241, 39.464, 39.282, 38.897, 38.974, 39.236, 39.129, 38.898, 39.363, 39.896, 39.756, 39.283, 39.149, 39.313, 39.442, 39.661, 40.386, 40.976, 40.901, 40.69, 40.779, 42.286, 45.414, 47.224, 46.522, 46.188, 47.566, 48.604, 48.618, 48.69, 49.533, 50.35, 50.25, 49.95, 49.83, 49.847, 49.758, 49.745, 49.955, 49.934, 49.879, 49.494, 48.905, 48.85, 49.096, 48.719, 47.277, 44.097, 41.875, 43.065, 43.078, 41.88, 42.533, 44.053, 44.444, 44.509, 45.356, 45.689, 45.434, 44.83, 43.664, 42.465, 41.74, 42.119, 42.314, 41.477, 41.395, 42.446, 43.301, 42.816, 42.637, 44.383, 46.774, 47.401, 46.121, 44.693, 44.142, 44.047, 43.143, 42.041, 41.89, 41.962, 41.561, 41.187, 41.094, 41.123, 41.186, 41.484, 42.29, 43.608, 45.251, 45.741, 44.841, 44.898, 46.725, 47.623, 46.396, 45.881, 45.755, 45.594, 45.578, 46.427, 48.583, 51.29, 52.87, 52.329, 51.416, 52.456, 53.362, 52.948, 53.187, 55.294, 57.21, 57.576, 56.891, 55.878, 55.438, 55.957, 56.36, 55.834, 54.777, 6.238], [6.722, 0.0, 8.216, 14.907, 19.162, 21.756, 24.308, 25.479, 26.03, 27.954, 29.804, 30.073, 30.907, 33.13, 35.107, 35.621, 35.755, 36.586, 37.609, 38.573, 39.049, 39.01, 38.785, 38.702, 38.829, 39.321, 39.821, 39.789, 39.488, 39.139, 39.696, 41.215, 41.998, 42.271, 42.319, 41.997, 41.781, 41.575, 41.233, 41.004, 41.096, 41.348, 41.618, 41.848, 42.084, 42.928, 43.313, 42.898, 43.055, 43.567, 43.851, 43.788, 43.927, 44.195, 44.163, 43.505, 42.317, 40.883, 39.493, 38.797, 38.587, 38.579, 38.921, 39.229, 39.259, 39.294, 39.361, 39.457, 39.546, 39.584, 39.459, 39.135, 38.671, 38.474, 38.74, 39.19, 39.046, 39.003, 39.314, 39.543, 39.548, 39.856, 39.709, 39.094, 39.014, 39.252, 39.087, 38.691, 38.715, 38.938, 38.849, 38.648, 39.135, 39.709, 39.593, 39.128, 38.996, 39.154, 39.278, 39.501, 40.215, 40.764, 40.665, 40.452, 40.541, 42.069, 45.219, 47.032, 46.336, 46.022, 47.441, 48.513, 48.539, 48.616, 49.484, 50.329, 50.218, 49.894, 49.765, 49.783, 49.698, 49.684, 49.89, 49.857, 49.781, 49.379, 48.79, 48.743, 48.992, 48.612, 47.165, 43.944, 41.654, 42.89, 42.949, 41.697, 42.291, 43.801, 44.2, 44.269, 45.102, 45.413, 45.154, 44.601, 43.551, 42.451, 41.731, 42.076, 42.281, 41.485, 41.4, 42.386, 43.196, 42.708, 42.524, 44.263, 46.678, 47.314, 46.005, 44.54, 43.963, 43.865, 42.978, 41.894, 41.755, 41.821, 41.391, 41.008, 40.924, 40.952, 41.02, 41.333, 42.15, 43.493, 45.153, 45.644, 44.74, 44.804, 46.669, 47.583, 46.332, 45.789, 45.643, 45.479, 45.469, 46.336, 48.54, 51.312, 52.937, 52.412, 51.492, 52.502, 53.403, 52.99, 53.216, 55.312, 57.234, 57.607, 56.927, 55.895, 55.371, 55.797, 56.159, 55.625, 54.55, 11.409], [13.505, 8.216, 0.0, 8.246, 14.321, 18.159, 21.507, 22.823, 23.506, 25.823, 27.944, 28.311, 29.308, 31.743, 33.838, 34.381, 34.554, 35.547, 36.763, 37.849, 38.382, 38.345, 38.115, 38.091, 38.254, 38.716, 39.27, 39.391, 39.266, 39.046, 39.605, 41.056, 41.866, 42.17, 42.207, 41.885, 41.681, 41.476, 41.153, 40.977, 41.101, 41.355, 41.632, 41.869, 42.068, 42.845, 43.2, 42.809, 42.99, 43.503, 43.799, 43.758, 43.893, 44.133, 44.092, 43.467, 42.35, 41.04, 39.752, 39.026, 38.749, 38.734, 39.079, 39.379, 39.398, 39.426, 39.485, 39.578, 39.679, 39.722, 39.585, 39.264, 38.786, 38.532, 38.798, 39.235, 39.059, 39.033, 39.331, 39.501, 39.491, 39.825, 39.712, 39.097, 38.999, 39.23, 39.069, 38.678, 38.688, 38.891, 38.8, 38.609, 39.095, 39.704, 39.623, 39.177, 39.047, 39.192, 39.311, 39.551, 40.283, 40.836, 40.738, 40.53, 40.615, 42.106, 45.207, 47.001, 46.328, 46.028, 47.457, 48.549, 48.595, 48.681, 49.565, 50.428, 50.316, 49.994, 49.872, 49.893, 49.806, 49.787, 49.982, 49.93, 49.825, 49.416, 48.829, 48.773, 49.015, 48.632, 47.179, 43.939, 41.557, 42.734, 42.827, 41.585, 42.108, 43.564, 43.957, 44.014, 44.804, 45.09, 44.843, 44.349, 43.404, 42.402, 41.692, 41.995, 42.199, 41.46, 41.348, 42.221, 42.966, 42.49, 42.368, 44.18, 46.622, 47.229, 45.88, 44.4, 43.807, 43.698, 42.839, 41.807, 41.689, 41.746, 41.311, 40.938, 40.857, 40.866, 40.932, 41.277, 42.128, 43.506, 45.18, 45.668, 44.765, 44.797, 46.654, 47.563, 46.29, 45.737, 45.588, 45.424, 45.408, 46.268, 48.477, 51.272, 52.917, 52.424, 51.538, 52.532, 53.413, 52.991, 53.194, 55.253, 57.136, 57.486, 56.804, 55.746, 55.14, 55.464, 55.773, 55.231, 54.145, 16.803], [18.745, 14.907, 8.246, 0.0, 7.698, 13.448, 18.233, 19.697, 20.222, 22.881, 25.363, 25.824, 26.909, 29.625, 31.996, 32.633, 32.81, 33.916, 35.363, 36.641, 37.239, 37.178, 36.949, 37.005, 37.242, 37.718, 38.277, 38.473, 38.537, 38.532, 39.145, 40.557, 41.394, 41.733, 41.778, 41.465, 41.285, 41.086, 40.765, 40.614, 40.762, 41.035, 41.336, 41.574, 41.735, 42.487, 42.835, 42.425, 42.581, 43.055, 43.328, 43.302, 43.452, 43.691, 43.644, 43.007, 41.903, 40.65, 39.386, 38.624, 38.305, 38.277, 38.616, 38.913, 38.925, 38.941, 38.992, 39.102, 39.217, 39.242, 39.096, 38.781, 38.264, 37.957, 38.303, 38.838, 38.649, 38.612, 38.978, 39.209, 39.201, 39.546, 39.47, 38.829, 38.693, 38.92, 38.743, 38.326, 38.334, 38.544, 38.433, 38.206, 38.695, 39.336, 39.25, 38.75, 38.593, 38.745, 38.864, 39.11, 39.873, 40.46, 40.36, 40.149, 40.2, 41.651, 44.781, 46.608, 45.94, 45.675, 47.163, 48.297, 48.357, 48.449, 49.366, 50.257, 50.146, 49.84, 49.717, 49.72, 49.631, 49.632, 49.85, 49.791, 49.673, 49.267, 48.677, 48.617, 48.863, 48.475, 46.983, 43.703, 41.385, 42.646, 42.754, 41.484, 42.007, 43.504, 43.921, 43.944, 44.691, 44.959, 44.713, 44.263, 43.359, 42.329, 41.542, 41.791, 41.981, 41.254, 41.164, 42.058, 42.775, 42.304, 42.293, 44.231, 46.722, 47.315, 45.881, 44.299, 43.656, 43.535, 42.674, 41.651, 41.54, 41.561, 41.065, 40.659, 40.568, 40.553, 40.608, 41.0, 41.957, 43.458, 45.215, 45.722, 44.762, 44.719, 46.616, 47.563, 46.214, 45.596, 45.444, 45.282, 45.238, 46.086, 48.365, 51.269, 52.97, 52.502, 51.67, 52.719, 53.615, 53.173, 53.359, 55.419, 57.31, 57.653, 56.949, 55.825, 55.083, 55.288, 55.552, 54.986, 53.85, 21.364], [22.043, 19.162, 14.321, 7.698, 0.0, 7.747, 14.626, 16.506, 16.621, 19.541, 22.509, 23.109, 24.257, 27.368, 30.221, 31.068, 31.234, 32.38, 34.022, 35.47, 36.092, 36.007, 35.833, 35.991, 36.28, 36.763, 37.303, 37.493, 37.662, 37.867, 38.605, 40.001, 40.841, 41.186, 41.245, 40.962, 40.823, 40.639, 40.331, 40.212, 40.384, 40.673, 40.996, 41.235, 41.377, 42.143, 42.5, 42.055, 42.186, 42.631, 42.875, 42.847, 43.015, 43.266, 43.218, 42.566, 41.438, 40.159, 38.865, 38.076, 37.739, 37.685, 38.014, 38.333, 38.348, 38.347, 38.386, 38.505, 38.61, 38.593, 38.444, 38.133, 37.558, 37.196, 37.591, 38.236, 38.062, 38.008, 38.462, 38.82, 38.84, 39.176, 39.122, 38.465, 38.319, 38.545, 38.34, 37.891, 37.89, 38.093, 37.952, 37.673, 38.15, 38.804, 38.693, 38.12, 37.929, 38.095, 38.212, 38.451, 39.219, 39.82, 39.713, 39.489, 39.494, 40.94, 44.158, 46.041, 45.377, 45.189, 46.777, 47.96, 48.025, 48.112, 49.046, 49.955, 49.843, 49.553, 49.435, 49.439, 49.37, 49.423, 49.686, 49.641, 49.554, 49.175, 48.584, 48.525, 48.783, 48.385, 46.849, 43.529, 41.33, 42.695, 42.78, 41.418, 41.929, 43.502, 43.947, 43.957, 44.709, 44.991, 44.748, 44.32, 43.424, 42.336, 41.474, 41.679, 41.846, 41.113, 41.087, 42.064, 42.77, 42.28, 42.324, 44.314, 46.819, 47.405, 45.91, 44.223, 43.539, 43.405, 42.507, 41.466, 41.356, 41.339, 40.775, 40.325, 40.219, 40.182, 40.214, 40.631, 41.688, 43.288, 45.093, 45.609, 44.585, 44.48, 46.434, 47.409, 45.977, 45.275, 45.112, 44.957, 44.882, 45.727, 48.14, 51.212, 52.979, 52.508, 51.708, 52.829, 53.767, 53.313, 53.483, 55.565, 57.512, 57.89, 57.177, 55.995, 55.142, 55.274, 55.522, 54.938, 53.758, 24.288], [24.171, 21.756, 18.159, 13.448, 7.747, 0.0, 8.356, 11.305, 11.994, 15.411, 18.889, 19.764, 21.083, 24.788, 28.274, 29.354, 29.515, 30.746, 32.565, 34.134, 34.787, 34.744, 34.657, 34.873, 35.173, 35.71, 36.3, 36.431, 36.521, 36.728, 37.598, 39.172, 40.095, 40.44, 40.494, 40.215, 40.093, 39.919, 39.622, 39.545, 39.772, 40.091, 40.419, 40.657, 40.807, 41.606, 41.985, 41.532, 41.673, 42.117, 42.354, 42.333, 42.513, 42.767, 42.716, 42.044, 40.858, 39.481, 38.115, 37.282, 36.876, 36.74, 37.052, 37.414, 37.431, 37.412, 37.443, 37.561, 37.638, 37.588, 37.429, 37.106, 36.462, 36.062, 36.56, 37.324, 37.162, 37.085, 37.608, 38.046, 38.047, 38.363, 38.308, 37.605, 37.447, 37.682, 37.448, 36.946, 36.904, 37.09, 36.936, 36.626, 37.191, 37.95, 37.842, 37.193, 36.958, 37.139, 37.257, 37.492, 38.298, 38.926, 38.808, 38.572, 38.53, 40.012, 43.387, 45.356, 44.669, 44.536, 46.245, 47.495, 47.575, 47.681, 48.674, 49.625, 49.504, 49.208, 49.09, 49.102, 49.059, 49.176, 49.503, 49.507, 49.485, 49.135, 48.54, 48.492, 48.751, 48.33, 46.744, 43.349, 41.268, 42.851, 42.913, 41.333, 41.798, 43.492, 43.972, 43.997, 44.834, 45.168, 44.924, 44.497, 43.543, 42.312, 41.369, 41.579, 41.722, 40.932, 40.96, 42.099, 42.864, 42.325, 42.275, 44.217, 46.754, 47.333, 45.692, 43.824, 43.076, 42.922, 41.937, 40.816, 40.693, 40.645, 40.005, 39.508, 39.399, 39.363, 39.396, 39.83, 40.959, 42.663, 44.536, 45.06, 44.0, 43.928, 46.005, 47.017, 45.469, 44.661, 44.483, 44.347, 44.277, 45.161, 47.753, 51.042, 52.883, 52.349, 51.514, 52.712, 53.698, 53.211, 53.393, 55.585, 57.645, 58.052, 57.316, 56.098, 55.19, 55.327, 55.59, 54.981, 53.763, 26.292], [26.434, 24.308, 21.507, 18.233, 14.626, 8.356, 0.0, 4.785, 8.581, 12.785, 16.268, 17.407, 19.059, 23.365, 27.333, 28.534, 28.723, 30.09, 32.022, 33.61, 34.291, 34.333, 34.332, 34.559, 34.825, 35.389, 36.042, 36.168, 36.195, 36.306, 37.127, 38.784, 39.793, 40.163, 40.218, 39.93, 39.807, 39.638, 39.355, 39.29, 39.53, 39.85, 40.16, 40.387, 40.544, 41.367, 41.763, 41.325, 41.487, 41.949, 42.197, 42.176, 42.359, 42.61, 42.558, 41.898, 40.728, 39.341, 37.941, 37.078, 36.644, 36.486, 36.766, 37.141, 37.156, 37.132, 37.163, 37.27, 37.325, 37.259, 37.092, 36.791, 36.166, 35.773, 36.352, 37.171, 37.012, 36.915, 37.453, 37.895, 37.828, 38.069, 37.998, 37.297, 37.133, 37.353, 37.119, 36.608, 36.525, 36.691, 36.552, 36.263, 36.92, 37.766, 37.684, 37.017, 36.749, 36.927, 37.048, 37.268, 38.086, 38.724, 38.593, 38.356, 38.285, 39.702, 43.058, 45.039, 44.35, 44.22, 45.941, 47.204, 47.293, 47.417, 48.453, 49.432, 49.314, 49.016, 48.888, 48.898, 48.864, 49.004, 49.368, 49.42, 49.454, 49.133, 48.548, 48.513, 48.768, 48.343, 46.778, 43.438, 41.519, 43.251, 43.299, 41.59, 42.002, 43.726, 44.208, 44.253, 45.148, 45.504, 45.259, 44.847, 43.882, 42.607, 41.662, 41.895, 42.018, 41.184, 41.22, 42.429, 43.231, 42.685, 42.527, 44.346, 46.868, 47.424, 45.67, 43.707, 42.945, 42.803, 41.793, 40.641, 40.509, 40.45, 39.78, 39.272, 39.177, 39.165, 39.229, 39.667, 40.787, 42.49, 44.364, 44.889, 43.846, 43.798, 45.87, 46.877, 45.281, 44.416, 44.225, 44.09, 44.041, 44.968, 47.618, 50.97, 52.83, 52.247, 51.357, 52.55, 53.536, 53.033, 53.234, 55.487, 57.595, 58.011, 57.27, 56.047, 55.122, 55.273, 55.546, 54.928, 53.706, 28.48], [27.482, 25.479, 22.823, 19.697, 16.506, 11.305, 4.785, 0.0, 5.922, 11.314, 15.104, 16.193, 18.013, 22.732, 26.951, 28.227, 28.458, 29.871, 31.845, 33.445, 34.136, 34.203, 34.23, 34.483, 34.777, 35.357, 36.035, 36.223, 36.327, 36.489, 37.29, 38.887, 39.901, 40.314, 40.394, 40.111, 39.985, 39.808, 39.511, 39.422, 39.636, 39.944, 40.253, 40.475, 40.62, 41.44, 41.831, 41.382, 41.527, 41.977, 42.219, 42.192, 42.371, 42.625, 42.572, 41.915, 40.778, 39.444, 38.079, 37.227, 36.819, 36.685, 36.957, 37.327, 37.346, 37.324, 37.352, 37.461, 37.516, 37.442, 37.272, 37.0, 36.414, 36.004, 36.557, 37.38, 37.234, 37.138, 37.677, 38.106, 38.004, 38.213, 38.147, 37.464, 37.287, 37.489, 37.263, 36.776, 36.702, 36.874, 36.736, 36.436, 37.058, 37.881, 37.807, 37.156, 36.88, 37.052, 37.177, 37.392, 38.227, 38.893, 38.761, 38.513, 38.45, 39.85, 43.165, 45.122, 44.424, 44.277, 45.965, 47.21, 47.293, 47.413, 48.436, 49.402, 49.292, 49.022, 48.916, 48.934, 48.898, 49.038, 49.408, 49.46, 49.495, 49.182, 48.605, 48.565, 48.813, 48.393, 46.843, 43.538, 41.626, 43.324, 43.362, 41.696, 42.152, 43.869, 44.339, 44.394, 45.298, 45.645, 45.395, 44.988, 44.024, 42.759, 41.839, 42.072, 42.182, 41.356, 41.396, 42.555, 43.332, 42.798, 42.644, 44.468, 46.997, 47.552, 45.778, 43.801, 43.048, 42.927, 41.928, 40.777, 40.643, 40.588, 39.925, 39.421, 39.331, 39.334, 39.413, 39.838, 40.933, 42.616, 44.474, 45.0, 43.977, 43.919, 45.923, 46.897, 45.304, 44.437, 44.248, 44.118, 44.081, 45.001, 47.609, 50.911, 52.753, 52.18, 51.292, 52.455, 53.423, 52.928, 53.125, 55.345, 57.438, 57.865, 57.131, 55.901, 54.974, 55.135, 55.409, 54.789, 53.579, 29.456], [27.885, 26.03, 23.506, 20.222, 16.621, 11.994, 8.581, 5.922, 0.0, 7.068, 12.271, 13.56, 15.281, 20.533, 25.313, 26.814, 27.066, 28.505, 30.598, 32.317, 33.04, 33.109, 33.158, 33.449, 33.817, 34.491, 35.212, 35.423, 35.584, 35.855, 36.807, 38.499, 39.551, 39.999, 40.111, 39.834, 39.71, 39.529, 39.211, 39.097, 39.308, 39.632, 39.957, 40.173, 40.318, 41.186, 41.588, 41.095, 41.199, 41.613, 41.838, 41.82, 42.014, 42.28, 42.224, 41.524, 40.327, 38.961, 37.619, 36.794, 36.371, 36.196, 36.491, 36.89, 36.908, 36.882, 36.914, 37.038, 37.091, 36.995, 36.807, 36.519, 35.907, 35.414, 35.93, 36.806, 36.67, 36.559, 37.139, 37.636, 37.562, 37.794, 37.74, 37.018, 36.818, 37.035, 36.799, 36.285, 36.228, 36.419, 36.27, 35.926, 36.528, 37.377, 37.308, 36.606, 36.299, 36.479, 36.599, 36.804, 37.653, 38.335, 38.197, 37.933, 37.865, 39.359, 42.826, 44.842, 44.1, 43.935, 45.655, 46.914, 46.99, 47.113, 48.162, 49.142, 49.029, 48.788, 48.726, 48.759, 48.729, 48.884, 49.266, 49.308, 49.326, 48.991, 48.39, 48.333, 48.582, 48.166, 46.587, 43.2, 41.238, 42.952, 42.971, 41.279, 41.802, 43.59, 44.077, 44.148, 45.076, 45.413, 45.148, 44.733, 43.721, 42.394, 41.441, 41.671, 41.77, 40.941, 41.015, 42.198, 42.99, 42.435, 42.301, 44.223, 46.844, 47.448, 45.631, 43.545, 42.743, 42.625, 41.619, 40.448, 40.311, 40.237, 39.536, 39.001, 38.899, 38.905, 38.993, 39.427, 40.564, 42.314, 44.248, 44.805, 43.732, 43.671, 45.753, 46.776, 45.161, 44.259, 44.055, 43.936, 43.903, 44.829, 47.494, 50.87, 52.754, 52.188, 51.299, 52.48, 53.473, 52.974, 53.141, 55.354, 57.489, 57.947, 57.2, 55.919, 54.931, 55.084, 55.377, 54.739, 53.499, 29.804], [29.626, 27.954, 25.823, 22.881, 19.541, 15.411, 12.785, 11.314, 7.068, 0.0, 6.564, 9.137, 10.953, 16.638, 22.378, 24.356, 24.659, 26.215, 28.593, 30.52, 31.303, 31.447, 31.645, 31.992, 32.381, 33.175, 33.987, 34.18, 34.322, 34.588, 35.629, 37.512, 38.696, 39.194, 39.331, 39.061, 38.954, 38.796, 38.488, 38.389, 38.64, 39.005, 39.355, 39.559, 39.705, 40.633, 41.052, 40.514, 40.582, 40.97, 41.184, 41.179, 41.397, 41.687, 41.633, 40.875, 39.578, 38.105, 36.731, 35.944, 35.48, 35.191, 35.499, 35.976, 36.001, 35.963, 36.007, 36.155, 36.202, 36.071, 35.847, 35.514, 34.849, 34.271, 34.836, 35.81, 35.665, 35.509, 36.144, 36.741, 36.695, 36.938, 36.888, 36.099, 35.871, 36.113, 35.859, 35.267, 35.167, 35.346, 35.171, 34.793, 35.485, 36.447, 36.376, 35.584, 35.246, 35.454, 35.564, 35.73, 36.54, 37.185, 37.025, 36.749, 36.659, 38.281, 41.983, 44.119, 43.339, 43.181, 44.989, 46.288, 46.359, 46.504, 47.642, 48.689, 48.562, 48.324, 48.294, 48.344, 48.325, 48.497, 48.893, 48.949, 48.981, 48.625, 47.996, 47.944, 48.207, 47.796, 46.189, 42.708, 40.787, 42.686, 42.707, 40.835, 41.334, 43.237, 43.77, 43.864, 44.831, 45.158, 44.884, 44.486, 43.436, 42.011, 40.991, 41.233, 41.331, 40.451, 40.571, 41.892, 42.746, 42.145, 41.979, 43.952, 46.674, 47.34, 45.423, 43.143, 42.252, 42.138, 41.116, 39.921, 39.78, 39.655, 38.865, 38.282, 38.168, 38.18, 38.299, 38.766, 39.977, 41.828, 43.884, 44.487, 43.33, 43.309, 45.605, 46.761, 45.095, 44.109, 43.876, 43.759, 43.729, 44.712, 47.551, 51.111, 53.07, 52.47, 51.55, 52.781, 53.819, 53.298, 53.452, 55.725, 57.936, 58.412, 57.637, 56.287, 55.173, 55.267, 55.571, 54.9, 53.586, 31.52], [31.378, 29.804, 27.944, 25.363, 22.509, 18.889, 16.268, 15.104, 12.271, 6.564, 0.0, 4.612, 8.275, 14.227, 20.239, 22.539, 22.95, 24.62, 27.228, 29.324, 30.167, 30.383, 30.732, 31.167, 31.526, 32.325, 33.219, 33.469, 33.624, 33.829, 34.817, 36.774, 38.053, 38.593, 38.756, 38.516, 38.458, 38.336, 38.057, 37.99, 38.284, 38.678, 39.045, 39.244, 39.372, 40.3, 40.709, 40.16, 40.231, 40.612, 40.818, 40.809, 41.03, 41.333, 41.294, 40.534, 39.224, 37.707, 36.303, 35.568, 35.131, 34.79, 35.044, 35.536, 35.576, 35.531, 35.576, 35.744, 35.789, 35.632, 35.392, 35.035, 34.331, 33.717, 34.359, 35.404, 35.249, 35.069, 35.728, 36.337, 36.262, 36.5, 36.441, 35.602, 35.338, 35.584, 35.323, 34.678, 34.545, 34.713, 34.5, 34.097, 34.888, 35.931, 35.845, 35.017, 34.684, 34.911, 35.022, 35.181, 35.979, 36.622, 36.458, 36.167, 36.067, 37.764, 41.583, 43.779, 43.003, 42.871, 44.724, 46.036, 46.105, 46.263, 47.447, 48.534, 48.397, 48.156, 48.14, 48.199, 48.176, 48.334, 48.725, 48.796, 48.842, 48.467, 47.823, 47.796, 48.084, 47.676, 46.068, 42.562, 40.67, 42.67, 42.7, 40.739, 41.197, 43.14, 43.706, 43.826, 44.801, 45.095, 44.804, 44.425, 43.363, 41.872, 40.804, 41.052, 41.163, 40.232, 40.331, 41.742, 42.663, 42.048, 41.831, 43.789, 46.558, 47.272, 45.309, 42.936, 42.005, 41.888, 40.846, 39.64, 39.501, 39.347, 38.508, 37.905, 37.792, 37.823, 37.98, 38.458, 39.682, 41.556, 43.648, 44.267, 43.081, 43.077, 45.483, 46.735, 45.054, 44.041, 43.823, 43.706, 43.673, 44.725, 47.705, 51.353, 53.316, 52.679, 51.732, 52.959, 53.991, 53.457, 53.616, 55.913, 58.14, 58.618, 57.844, 56.478, 55.301, 55.351, 55.657, 54.974, 53.625, 33.216], [31.527, 30.073, 28.311, 25.824, 23.109, 19.764, 17.407, 16.193, 13.56, 9.137, 4.612, 0.0, 6.026, 13.732, 19.934, 22.103, 22.515, 24.261, 26.881, 29.012, 29.888, 30.11, 30.443, 30.873, 31.242, 32.047, 32.946, 33.212, 33.395, 33.626, 34.667, 36.67, 37.959, 38.497, 38.666, 38.433, 38.393, 38.278, 37.983, 37.9, 38.191, 38.593, 38.969, 39.175, 39.309, 40.246, 40.654, 40.088, 40.149, 40.531, 40.742, 40.741, 40.961, 41.265, 41.226, 40.451, 39.126, 37.598, 36.182, 35.452, 35.048, 34.748, 34.986, 35.454, 35.488, 35.44, 35.488, 35.673, 35.723, 35.556, 35.32, 34.969, 34.233, 33.587, 34.231, 35.298, 35.158, 34.977, 35.637, 36.239, 36.162, 36.422, 36.359, 35.511, 35.274, 35.553, 35.289, 34.644, 34.559, 34.771, 34.552, 34.114, 34.889, 35.921, 35.816, 34.971, 34.63, 34.847, 34.962, 35.162, 36.045, 36.782, 36.651, 36.348, 36.244, 37.936, 41.756, 43.94, 43.152, 43.009, 44.833, 46.119, 46.185, 46.339, 47.506, 48.579, 48.44, 48.212, 48.226, 48.305, 48.287, 48.443, 48.837, 48.913, 48.951, 48.554, 47.888, 47.843, 48.128, 47.724, 46.091, 42.537, 40.619, 42.586, 42.597, 40.677, 41.17, 43.101, 43.655, 43.778, 44.766, 45.058, 44.757, 44.358, 43.241, 41.682, 40.579, 40.83, 40.944, 39.992, 40.076, 41.516, 42.487, 41.871, 41.623, 43.597, 46.409, 47.156, 45.208, 42.836, 41.903, 41.785, 40.736, 39.523, 39.386, 39.24, 38.407, 37.806, 37.7, 37.747, 37.918, 38.404, 39.638, 41.512, 43.573, 44.175, 42.993, 42.959, 45.324, 46.574, 44.896, 43.902, 43.701, 43.584, 43.543, 44.597, 47.576, 51.207, 53.152, 52.511, 51.553, 52.766, 53.795, 53.262, 53.415, 55.708, 57.942, 58.431, 57.66, 56.299, 55.151, 55.255, 55.594, 54.915, 53.576, 33.277], [32.225, 30.907, 29.308, 26.909, 24.257, 21.083, 19.059, 18.013, 15.281, 10.953, 8.275, 6.026, 0.0, 9.948, 17.865, 20.482, 20.769, 22.605, 25.492, 27.802, 28.763, 29.064, 29.489, 29.953, 30.399, 31.338, 32.272, 32.484, 32.654, 32.934, 34.085, 36.194, 37.524, 38.071, 38.245, 37.982, 37.914, 37.796, 37.491, 37.407, 37.718, 38.15, 38.546, 38.775, 38.946, 39.943, 40.375, 39.779, 39.827, 40.208, 40.415, 40.42, 40.658, 40.978, 40.933, 40.115, 38.716, 37.114, 35.671, 34.92, 34.451, 34.107, 34.378, 34.867, 34.895, 34.841, 34.898, 35.097, 35.14, 34.946, 34.698, 34.356, 33.583, 32.895, 33.558, 34.667, 34.549, 34.381, 35.072, 35.733, 35.681, 35.953, 35.896, 35.003, 34.774, 35.099, 34.835, 34.163, 34.084, 34.323, 34.115, 33.654, 34.454, 35.532, 35.416, 34.512, 34.141, 34.359, 34.46, 34.654, 35.562, 36.33, 36.207, 35.894, 35.753, 37.484, 41.436, 43.66, 42.836, 42.712, 44.596, 45.9, 45.956, 46.115, 47.316, 48.407, 48.259, 48.033, 48.055, 48.145, 48.148, 48.337, 48.749, 48.818, 48.838, 48.434, 47.773, 47.717, 47.977, 47.562, 45.875, 42.176, 40.218, 42.264, 42.284, 40.295, 40.815, 42.81, 43.367, 43.497, 44.534, 44.85, 44.543, 44.147, 43.009, 41.384, 40.236, 40.501, 40.617, 39.657, 39.828, 41.385, 42.381, 41.732, 41.483, 43.508, 46.382, 47.155, 45.152, 42.67, 41.672, 41.557, 40.488, 39.226, 39.081, 38.918, 38.03, 37.405, 37.313, 37.368, 37.541, 38.054, 39.373, 41.351, 43.499, 44.113, 42.873, 42.861, 45.321, 46.599, 44.838, 43.742, 43.509, 43.406, 43.367, 44.427, 47.481, 51.215, 53.215, 52.582, 51.64, 52.913, 53.984, 53.443, 53.596, 55.938, 58.233, 58.735, 57.937, 56.531, 55.339, 55.459, 55.829, 55.13, 53.748, 33.937], [34.406, 33.13, 31.743, 29.625, 27.368, 24.788, 23.365, 22.732, 20.533, 16.638, 14.227, 13.732, 9.948, 0.0, 10.198, 14.742, 15.343, 17.211, 20.962, 23.941, 25.208, 25.754, 26.626, 27.556, 28.263, 29.427, 30.592, 30.902, 31.114, 31.45, 32.608, 34.823, 36.271, 36.871, 37.079, 36.844, 36.817, 36.739, 36.493, 36.533, 36.98, 37.476, 37.887, 38.14, 38.349, 39.366, 39.803, 39.246, 39.356, 39.76, 39.96, 39.96, 40.217, 40.572, 40.56, 39.766, 38.382, 36.74, 35.228, 34.474, 33.924, 33.432, 33.67, 34.17, 34.203, 34.145, 34.205, 34.398, 34.438, 34.246, 34.012, 33.67, 32.893, 32.22, 32.897, 33.97, 33.824, 33.709, 34.421, 35.037, 34.895, 35.126, 35.058, 34.017, 33.636, 33.938, 33.69, 32.987, 32.869, 33.057, 32.798, 32.41, 33.412, 34.617, 34.504, 33.573, 33.203, 33.438, 33.522, 33.618, 34.378, 35.06, 34.915, 34.574, 34.417, 36.399, 40.683, 43.017, 42.183, 42.172, 44.278, 45.696, 45.754, 45.918, 47.19, 48.323, 48.16, 47.913, 47.906, 47.978, 47.991, 48.195, 48.596, 48.638, 48.639, 48.259, 47.66, 47.654, 47.909, 47.47, 45.761, 41.935, 39.821, 41.969, 42.023, 39.85, 40.275, 42.322, 42.929, 43.109, 44.154, 44.432, 44.103, 43.751, 42.668, 41.008, 39.819, 40.082, 40.23, 39.297, 39.582, 41.258, 42.227, 41.554, 41.347, 43.363, 46.214, 46.963, 44.856, 42.214, 41.136, 41.002, 39.853, 38.514, 38.374, 38.172, 37.195, 36.551, 36.486, 36.551, 36.725, 37.235, 38.594, 40.678, 42.98, 43.626, 42.299, 42.43, 45.191, 46.592, 44.744, 43.565, 43.375, 43.302, 43.282, 44.497, 47.822, 51.717, 53.751, 53.134, 52.242, 53.544, 54.6, 54.057, 54.245, 56.607, 58.894, 59.369, 58.549, 57.128, 55.876, 55.915, 56.253, 55.53, 54.095, 36.071], [36.308, 35.107, 33.838, 31.996, 30.221, 28.274, 27.333, 26.951, 25.313, 22.378, 20.239, 19.934, 17.865, 10.198, 0.0, 6.85, 9.326, 11.922, 16.271, 19.751, 21.44, 22.333, 23.619, 25.086, 26.148, 27.519, 28.969, 29.532, 29.915, 30.389, 31.56, 33.83, 35.381, 36.06, 36.326, 36.176, 36.25, 36.233, 36.055, 36.226, 36.802, 37.344, 37.744, 37.986, 38.164, 39.083, 39.487, 39.035, 39.254, 39.713, 39.956, 39.992, 40.274, 40.649, 40.673, 39.98, 38.789, 37.329, 35.815, 35.05, 34.513, 34.01, 34.172, 34.596, 34.628, 34.584, 34.639, 34.811, 34.853, 34.701, 34.521, 34.224, 33.558, 33.015, 33.63, 34.523, 34.337, 34.278, 34.915, 35.36, 35.173, 35.427, 35.344, 34.198, 33.657, 33.898, 33.675, 33.0, 32.87, 32.989, 32.687, 32.419, 33.539, 34.751, 34.655, 33.798, 33.44, 33.647, 33.738, 33.777, 34.356, 34.923, 34.778, 34.428, 34.295, 36.375, 40.696, 43.027, 42.246, 42.341, 44.52, 45.961, 46.019, 46.17, 47.441, 48.586, 48.42, 48.165, 48.163, 48.234, 48.23, 48.389, 48.754, 48.786, 48.778, 48.403, 47.825, 47.849, 48.116, 47.682, 46.03, 42.277, 40.01, 41.971, 42.005, 39.859, 40.166, 42.046, 42.651, 42.873, 43.87, 44.095, 43.758, 43.433, 42.419, 40.797, 39.611, 39.836, 40.012, 39.159, 39.427, 41.0, 41.928, 41.308, 41.14, 43.075, 45.812, 46.502, 44.418, 41.858, 40.807, 40.642, 39.51, 38.245, 38.143, 37.94, 37.007, 36.442, 36.424, 36.49, 36.638, 37.068, 38.273, 40.244, 42.527, 43.15, 41.82, 42.016, 44.846, 46.3, 44.527, 43.499, 43.437, 43.362, 43.376, 44.765, 48.164, 51.978, 53.948, 53.35, 52.475, 53.701, 54.681, 54.157, 54.38, 56.679, 58.865, 59.298, 58.508, 57.175, 56.004, 56.016, 56.306, 55.592, 54.177, 37.826], [36.759, 35.621, 34.381, 32.633, 31.068, 29.354, 28.534, 28.227, 26.814, 24.356, 22.539, 22.103, 20.482, 14.742, 6.85, 0.0, 5.097, 10.231, 14.872, 18.187, 20.006, 21.034, 22.233, 23.655, 24.832, 26.348, 27.914, 28.573, 29.076, 29.65, 30.899, 33.302, 34.983, 35.751, 36.065, 35.948, 36.074, 36.089, 35.917, 36.108, 36.746, 37.351, 37.767, 37.981, 38.132, 39.044, 39.452, 39.014, 39.252, 39.744, 40.031, 40.107, 40.411, 40.79, 40.802, 40.095, 38.918, 37.481, 35.976, 35.201, 34.673, 34.236, 34.418, 34.799, 34.813, 34.78, 34.846, 35.017, 35.053, 34.913, 34.754, 34.471, 33.836, 33.36, 34.014, 34.874, 34.69, 34.66, 35.273, 35.653, 35.485, 35.791, 35.702, 34.541, 34.007, 34.269, 34.051, 33.387, 33.272, 33.389, 33.097, 32.852, 33.96, 35.144, 35.032, 34.187, 33.815, 34.006, 34.109, 34.167, 34.748, 35.327, 35.171, 34.805, 34.693, 36.743, 41.012, 43.343, 42.582, 42.683, 44.827, 46.233, 46.289, 46.451, 47.726, 48.879, 48.724, 48.478, 48.485, 48.559, 48.546, 48.68, 49.033, 49.072, 49.067, 48.665, 48.045, 48.051, 48.326, 47.905, 46.275, 42.565, 40.261, 42.095, 42.086, 39.986, 40.29, 42.097, 42.682, 42.913, 43.931, 44.181, 43.857, 43.525, 42.503, 40.855, 39.637, 39.836, 40.023, 39.178, 39.359, 40.828, 41.735, 41.13, 40.97, 42.901, 45.63, 46.317, 44.268, 41.787, 40.769, 40.61, 39.524, 38.313, 38.218, 38.023, 37.13, 36.602, 36.587, 36.638, 36.771, 37.155, 38.27, 40.181, 42.432, 43.039, 41.723, 41.878, 44.66, 46.129, 44.421, 43.489, 43.472, 43.393, 43.436, 44.853, 48.179, 51.919, 53.88, 53.29, 52.39, 53.591, 54.566, 54.041, 54.264, 56.553, 58.709, 59.128, 58.348, 57.048, 55.931, 55.969, 56.253, 55.543, 54.138, 38.216], [36.85, 35.755, 34.554, 32.81, 31.234, 29.515, 28.723, 28.458, 27.066, 24.659, 22.95, 22.515, 20.769, 15.343, 9.326, 5.097, 0.0, 7.055, 13.275, 17.251, 19.248, 20.308, 21.517, 22.952, 24.173, 25.754, 27.339, 27.975, 28.491, 29.116, 30.48, 33.049, 34.804, 35.575, 35.88, 35.757, 35.893, 35.917, 35.73, 35.889, 36.515, 37.166, 37.637, 37.861, 38.013, 38.958, 39.374, 38.897, 39.111, 39.605, 39.893, 39.964, 40.263, 40.636, 40.629, 39.864, 38.604, 37.08, 35.566, 34.821, 34.276, 33.814, 34.006, 34.41, 34.423, 34.392, 34.466, 34.649, 34.695, 34.557, 34.38, 34.058, 33.388, 32.903, 33.608, 34.514, 34.322, 34.294, 34.947, 35.359, 35.201, 35.538, 35.455, 34.266, 33.734, 34.029, 33.813, 33.123, 33.002, 33.127, 32.843, 32.583, 33.71, 34.926, 34.786, 33.871, 33.478, 33.684, 33.777, 33.829, 34.462, 35.096, 34.932, 34.551, 34.445, 36.549, 40.917, 43.301, 42.517, 42.62, 44.813, 46.246, 46.308, 46.475, 47.756, 48.908, 48.75, 48.5, 48.489, 48.551, 48.546, 48.704, 49.069, 49.1, 49.096, 48.7, 48.077, 48.076, 48.351, 47.931, 46.288, 42.526, 40.209, 42.1, 42.079, 39.908, 40.215, 42.078, 42.677, 42.897, 43.937, 44.218, 43.908, 43.574, 42.507, 40.801, 39.56, 39.772, 39.954, 39.091, 39.305, 40.838, 41.763, 41.144, 40.989, 42.941, 45.692, 46.39, 44.317, 41.795, 40.77, 40.624, 39.52, 38.269, 38.162, 37.961, 37.032, 36.468, 36.438, 36.479, 36.599, 36.986, 38.153, 40.142, 42.436, 43.044, 41.699, 41.82, 44.624, 46.122, 44.389, 43.437, 43.415, 43.345, 43.393, 44.804, 48.167, 51.971, 53.968, 53.377, 52.482, 53.72, 54.719, 54.182, 54.398, 56.718, 58.907, 59.334, 58.53, 57.175, 55.988, 56.001, 56.284, 55.559, 54.13, 38.294], [37.537, 36.586, 35.547, 33.916, 32.38, 30.746, 30.09, 29.871, 28.505, 26.215, 24.62, 24.261, 22.605, 17.211, 11.922, 10.231, 7.055, 0.0, 8.243, 13.99, 16.737, 18.032, 19.668, 21.629, 23.138, 24.838, 26.499, 27.183, 27.774, 28.58, 30.166, 32.907, 34.679, 35.405, 35.699, 35.6, 35.766, 35.796, 35.603, 35.778, 36.409, 37.058, 37.546, 37.818, 38.02, 38.985, 39.403, 38.91, 39.085, 39.536, 39.803, 39.871, 40.17, 40.535, 40.522, 39.743, 38.468, 36.943, 35.434, 34.747, 34.239, 33.744, 33.895, 34.308, 34.34, 34.315, 34.389, 34.573, 34.624, 34.494, 34.302, 33.941, 33.285, 32.858, 33.519, 34.385, 34.174, 34.152, 34.811, 35.204, 35.036, 35.411, 35.346, 34.126, 33.552, 33.841, 33.647, 32.958, 32.831, 32.952, 32.656, 32.401, 33.554, 34.799, 34.647, 33.678, 33.26, 33.466, 33.545, 33.564, 34.166, 34.812, 34.69, 34.326, 34.222, 36.37, 40.793, 43.183, 42.374, 42.474, 44.714, 46.179, 46.238, 46.376, 47.619, 48.743, 48.572, 48.315, 48.287, 48.335, 48.339, 48.537, 48.927, 48.95, 48.947, 48.582, 47.986, 47.982, 48.247, 47.827, 46.181, 42.408, 40.06, 41.929, 41.903, 39.701, 39.988, 41.872, 42.482, 42.687, 43.732, 44.05, 43.769, 43.425, 42.331, 40.636, 39.448, 39.677, 39.85, 39.042, 39.375, 40.959, 41.883, 41.282, 41.131, 43.029, 45.723, 46.399, 44.299, 41.752, 40.728, 40.576, 39.448, 38.197, 38.102, 37.902, 36.959, 36.394, 36.386, 36.447, 36.558, 36.929, 38.106, 40.113, 42.42, 43.025, 41.655, 41.713, 44.503, 46.02, 44.3, 43.383, 43.403, 43.365, 43.432, 44.862, 48.257, 52.07, 54.053, 53.462, 52.602, 53.864, 54.863, 54.333, 54.56, 56.878, 59.055, 59.465, 58.647, 57.263, 56.025, 56.001, 56.266, 55.533, 54.1, 38.864], [38.386, 37.609, 36.763, 35.363, 34.022, 32.565, 32.022, 31.845, 30.598, 28.593, 27.228, 26.881, 25.492, 20.962, 16.271, 14.872, 13.275, 8.243, 0.0, 7.384, 11.549, 13.657, 16.088, 18.898, 20.94, 22.93, 24.792, 25.646, 26.457, 27.579, 29.509, 32.508, 34.373, 35.135, 35.481, 35.436, 35.633, 35.669, 35.493, 35.76, 36.495, 37.176, 37.639, 37.951, 38.281, 39.341, 39.806, 39.328, 39.465, 39.889, 40.172, 40.269, 40.571, 40.925, 40.911, 40.145, 38.891, 37.395, 35.867, 35.174, 34.713, 34.273, 34.448, 34.851, 34.877, 34.854, 34.931, 35.099, 35.126, 35.006, 34.828, 34.462, 33.876, 33.581, 34.175, 34.918, 34.712, 34.708, 35.3, 35.605, 35.44, 35.867, 35.817, 34.625, 34.075, 34.371, 34.202, 33.546, 33.443, 33.591, 33.301, 33.024, 34.11, 35.321, 35.19, 34.237, 33.789, 33.956, 34.036, 34.064, 34.621, 35.258, 35.215, 34.894, 34.808, 36.945, 41.281, 43.608, 42.789, 42.857, 45.02, 46.434, 46.471, 46.571, 47.747, 48.826, 48.646, 48.397, 48.379, 48.421, 48.434, 48.662, 49.067, 49.093, 49.088, 48.72, 48.115, 48.083, 48.322, 47.904, 46.262, 42.524, 40.174, 41.916, 41.848, 39.678, 39.961, 41.821, 42.424, 42.617, 43.68, 44.058, 43.805, 43.432, 42.319, 40.671, 39.548, 39.77, 39.947, 39.244, 39.647, 41.174, 42.04, 41.464, 41.273, 43.021, 45.604, 46.237, 44.124, 41.619, 40.633, 40.458, 39.325, 38.138, 38.081, 37.909, 37.034, 36.551, 36.598, 36.695, 36.817, 37.158, 38.267, 40.198, 42.444, 43.038, 41.718, 41.749, 44.465, 45.973, 44.353, 43.58, 43.697, 43.721, 43.852, 45.317, 48.649, 52.359, 54.281, 53.685, 52.846, 54.1, 55.087, 54.575, 54.809, 57.091, 59.208, 59.579, 58.759, 57.402, 56.209, 56.192, 56.442, 55.716, 54.312, 39.558], [39.239, 38.573, 37.849, 36.641, 35.47, 34.134, 33.61, 33.445, 32.317, 30.52, 29.324, 29.012, 27.802, 23.941, 19.751, 18.187, 17.251, 13.99, 7.384, 0.0, 5.454, 9.187, 12.744, 16.226, 18.771, 21.136, 23.231, 24.274, 25.323, 26.751, 28.991, 32.163, 34.108, 34.947, 35.369, 35.369, 35.581, 35.635, 35.512, 35.874, 36.722, 37.475, 37.927, 38.23, 38.644, 39.761, 40.266, 39.829, 39.946, 40.35, 40.65, 40.77, 41.061, 41.392, 41.38, 40.649, 39.436, 37.999, 36.485, 35.77, 35.328, 34.951, 35.19, 35.587, 35.589, 35.559, 35.637, 35.787, 35.799, 35.707, 35.554, 35.203, 34.699, 34.52, 35.086, 35.718, 35.528, 35.537, 36.046, 36.295, 36.177, 36.638, 36.608, 35.508, 35.03, 35.319, 35.163, 34.554, 34.461, 34.633, 34.381, 34.07, 34.998, 36.106, 36.009, 35.145, 34.691, 34.796, 34.883, 34.952, 35.482, 36.073, 36.061, 35.766, 35.67, 37.682, 41.775, 43.985, 43.196, 43.229, 45.234, 46.547, 46.555, 46.628, 47.754, 48.813, 48.635, 48.397, 48.409, 48.472, 48.489, 48.699, 49.079, 49.118, 49.126, 48.747, 48.105, 48.021, 48.224, 47.809, 46.203, 42.638, 40.485, 42.135, 42.011, 39.905, 40.175, 41.962, 42.542, 42.734, 43.806, 44.222, 43.981, 43.572, 42.452, 40.848, 39.764, 39.953, 40.119, 39.475, 39.84, 41.207, 41.964, 41.414, 41.236, 42.871, 45.322, 45.894, 43.808, 41.399, 40.48, 40.296, 39.182, 38.078, 38.057, 37.931, 37.166, 36.779, 36.871, 36.997, 37.132, 37.435, 38.444, 40.261, 42.42, 43.003, 41.782, 41.873, 44.508, 45.968, 44.453, 43.823, 44.025, 44.09, 44.276, 45.784, 49.035, 52.608, 54.464, 53.883, 53.061, 54.272, 55.225, 54.724, 54.95, 57.175, 59.229, 59.569, 58.743, 57.422, 56.309, 56.331, 56.59, 55.895, 54.537, 40.295], [39.665, 39.049, 38.382, 37.239, 36.092, 34.787, 34.291, 34.136, 33.04, 31.303, 30.167, 29.888, 28.763, 25.208, 21.44, 20.006, 19.248, 16.737, 11.549, 5.454, 0.0, 5.183, 10.147, 14.357, 17.269, 19.863, 22.098, 23.273, 24.544, 26.288, 28.796, 32.04, 33.998, 34.857, 35.315, 35.339, 35.542, 35.601, 35.514, 35.902, 36.771, 37.556, 38.031, 38.334, 38.765, 39.918, 40.457, 40.038, 40.13, 40.505, 40.804, 40.931, 41.205, 41.513, 41.503, 40.793, 39.586, 38.172, 36.684, 35.976, 35.542, 35.188, 35.463, 35.876, 35.861, 35.814, 35.888, 36.036, 36.045, 35.951, 35.797, 35.445, 34.938, 34.761, 35.359, 35.994, 35.809, 35.811, 36.303, 36.558, 36.468, 36.938, 36.921, 35.878, 35.439, 35.723, 35.566, 34.971, 34.876, 35.054, 34.822, 34.496, 35.322, 36.351, 36.258, 35.443, 35.005, 35.09, 35.182, 35.282, 35.82, 36.396, 36.38, 36.082, 35.948, 37.849, 41.788, 43.935, 43.172, 43.185, 45.1, 46.352, 46.338, 46.394, 47.507, 48.571, 48.392, 48.162, 48.211, 48.307, 48.343, 48.553, 48.918, 48.96, 48.984, 48.612, 47.958, 47.854, 48.052, 47.644, 46.07, 42.655, 40.711, 42.373, 42.225, 40.132, 40.37, 42.106, 42.675, 42.879, 43.96, 44.371, 44.116, 43.685, 42.549, 40.932, 39.831, 39.994, 40.144, 39.486, 39.787, 41.066, 41.787, 41.251, 41.102, 42.73, 45.139, 45.692, 43.641, 41.278, 40.397, 40.218, 39.118, 38.043, 38.035, 37.93, 37.209, 36.859, 36.97, 37.111, 37.256, 37.542, 38.511, 40.297, 42.44, 43.031, 41.847, 41.98, 44.616, 46.076, 44.576, 43.945, 44.15, 44.222, 44.426, 45.95, 49.166, 52.681, 54.51, 53.941, 53.129, 54.317, 55.254, 54.752, 54.967, 57.174, 59.219, 59.555, 58.715, 57.394, 56.312, 56.364, 56.645, 55.969, 54.625, 40.661], [39.604, 39.01, 38.345, 37.178, 36.007, 34.744, 34.333, 34.203, 33.109, 31.447, 30.383, 30.11, 29.064, 25.754, 22.333, 21.034, 20.308, 18.032, 13.657, 9.187, 5.183, 0.0, 6.248, 11.94, 15.605, 18.383, 20.684, 21.98, 23.502, 25.621, 28.457, 31.851, 33.834, 34.678, 35.145, 35.184, 35.391, 35.455, 35.382, 35.771, 36.637, 37.437, 37.939, 38.26, 38.694, 39.857, 40.414, 39.986, 40.048, 40.389, 40.678, 40.817, 41.083, 41.378, 41.374, 40.668, 39.441, 37.993, 36.484, 35.777, 35.354, 35.006, 35.301, 35.747, 35.714, 35.639, 35.715, 35.878, 35.882, 35.764, 35.604, 35.251, 34.698, 34.478, 35.153, 35.873, 35.686, 35.678, 36.198, 36.461, 36.358, 36.863, 36.874, 35.833, 35.397, 35.697, 35.541, 34.933, 34.838, 35.008, 34.758, 34.435, 35.242, 36.239, 36.12, 35.299, 34.883, 34.982, 35.074, 35.19, 35.784, 36.395, 36.366, 36.056, 35.892, 37.712, 41.615, 43.771, 43.022, 43.016, 44.905, 46.137, 46.108, 46.157, 47.284, 48.368, 48.189, 47.969, 48.037, 48.137, 48.187, 48.417, 48.79, 48.826, 48.849, 48.474, 47.818, 47.725, 47.941, 47.541, 45.972, 42.584, 40.718, 42.436, 42.295, 40.184, 40.408, 42.152, 42.74, 42.946, 44.016, 44.399, 44.127, 43.693, 42.519, 40.803, 39.622, 39.773, 39.919, 39.21, 39.477, 40.783, 41.543, 41.015, 40.891, 42.576, 45.027, 45.617, 43.602, 41.233, 40.343, 40.183, 39.089, 37.996, 37.975, 37.865, 37.136, 36.784, 36.894, 37.025, 37.161, 37.451, 38.449, 40.285, 42.486, 43.107, 41.896, 41.987, 44.656, 46.173, 44.635, 43.919, 44.08, 44.152, 44.352, 45.858, 49.074, 52.599, 54.434, 53.859, 53.037, 54.227, 55.169, 54.658, 54.869, 57.094, 59.166, 59.508, 58.656, 57.317, 56.218, 56.285, 56.588, 55.915, 54.562, 40.569], [39.34, 38.785, 38.115, 36.949, 35.833, 34.657, 34.332, 34.23, 33.158, 31.645, 30.732, 30.443, 29.489, 26.626, 23.619, 22.233, 21.517, 19.668, 16.088, 12.744, 10.147, 6.248, 0.0, 7.164, 12.272, 15.691, 18.049, 19.428, 21.35, 24.053, 27.428, 31.176, 33.304, 34.193, 34.699, 34.753, 34.979, 35.068, 35.015, 35.437, 36.373, 37.225, 37.74, 38.068, 38.52, 39.683, 40.231, 39.802, 39.884, 40.247, 40.556, 40.717, 40.984, 41.267, 41.254, 40.526, 39.25, 37.761, 36.219, 35.487, 35.08, 34.777, 35.102, 35.569, 35.518, 35.415, 35.492, 35.671, 35.667, 35.527, 35.379, 35.04, 34.456, 34.26, 35.066, 35.863, 35.654, 35.63, 36.172, 36.433, 36.317, 36.89, 36.938, 35.876, 35.423, 35.733, 35.577, 34.942, 34.831, 34.991, 34.717, 34.371, 35.163, 36.153, 36.025, 35.205, 34.79, 34.885, 34.986, 35.15, 35.843, 36.511, 36.473, 36.167, 36.008, 37.753, 41.61, 43.783, 43.043, 42.991, 44.823, 46.025, 45.99, 46.046, 47.195, 48.305, 48.127, 47.906, 47.979, 48.076, 48.125, 48.355, 48.729, 48.766, 48.779, 48.37, 47.682, 47.577, 47.801, 47.407, 45.833, 42.432, 40.582, 42.301, 42.164, 40.075, 40.336, 42.102, 42.692, 42.874, 43.923, 44.292, 44.013, 43.575, 42.37, 40.574, 39.316, 39.456, 39.594, 38.819, 39.065, 40.405, 41.174, 40.635, 40.535, 42.278, 44.767, 45.372, 43.383, 41.039, 40.165, 40.014, 38.923, 37.823, 37.788, 37.68, 36.976, 36.643, 36.75, 36.857, 36.978, 37.303, 38.362, 40.249, 42.502, 43.159, 41.927, 41.96, 44.62, 46.153, 44.589, 43.822, 43.948, 44.014, 44.214, 45.702, 48.896, 52.421, 54.274, 53.701, 52.847, 54.025, 54.984, 54.469, 54.666, 56.901, 58.991, 59.337, 58.483, 57.145, 56.057, 56.146, 56.463, 55.791, 54.437, 40.267], [39.189, 38.702, 38.091, 37.005, 35.991, 34.873, 34.559, 34.483, 33.449, 31.992, 31.167, 30.873, 29.953, 27.556, 25.086, 23.655, 22.952, 21.629, 18.898, 16.226, 14.357, 11.94, 7.164, 0.0, 6.649, 11.705, 14.504, 15.813, 18.16, 21.647, 25.706, 29.918, 32.3, 33.313, 33.884, 33.968, 34.227, 34.359, 34.353, 34.863, 35.944, 36.897, 37.43, 37.764, 38.28, 39.508, 40.062, 39.64, 39.792, 40.255, 40.613, 40.779, 41.05, 41.333, 41.29, 40.497, 39.157, 37.647, 36.092, 35.324, 34.916, 34.658, 35.003, 35.463, 35.412, 35.297, 35.367, 35.545, 35.528, 35.376, 35.243, 34.919, 34.337, 34.192, 35.089, 35.898, 35.659, 35.615, 36.172, 36.457, 36.36, 36.982, 37.051, 35.983, 35.531, 35.842, 35.676, 35.022, 34.891, 35.036, 34.751, 34.382, 35.178, 36.189, 36.074, 35.256, 34.819, 34.884, 35.0, 35.222, 35.982, 36.667, 36.622, 36.329, 36.164, 37.835, 41.631, 43.798, 43.062, 42.992, 44.792, 45.974, 45.942, 46.012, 47.18, 48.305, 48.123, 47.891, 47.965, 48.073, 48.129, 48.345, 48.702, 48.745, 48.764, 48.332, 47.611, 47.486, 47.701, 47.307, 45.734, 42.314, 40.459, 42.158, 42.014, 39.949, 40.25, 42.026, 42.595, 42.762, 43.827, 44.223, 43.957, 43.505, 42.292, 40.512, 39.251, 39.394, 39.52, 38.688, 38.924, 40.296, 41.039, 40.467, 40.367, 42.138, 44.637, 45.221, 43.2, 40.872, 40.047, 39.902, 38.778, 37.652, 37.602, 37.505, 36.849, 36.543, 36.639, 36.733, 36.87, 37.258, 38.402, 40.338, 42.617, 43.3, 42.083, 42.118, 44.745, 46.235, 44.641, 43.85, 43.95, 44.008, 44.223, 45.708, 48.873, 52.402, 54.29, 53.746, 52.867, 54.031, 55.017, 54.508, 54.681, 56.916, 59.024, 59.379, 58.523, 57.205, 56.17, 56.295, 56.621, 55.946, 54.594, 40.094], [39.323, 38.829, 38.254, 37.242, 36.28, 35.173, 34.825, 34.777, 33.817, 32.381, 31.526, 31.242, 30.399, 28.263, 26.148, 24.832, 24.173, 23.138, 20.94, 18.771, 17.269, 15.605, 12.272, 6.649, 0.0, 6.593, 10.824, 12.902, 15.619, 19.546, 24.06, 28.622, 31.168, 32.239, 32.844, 32.997, 33.353, 33.559, 33.622, 34.231, 35.44, 36.477, 37.04, 37.412, 38.028, 39.38, 39.973, 39.553, 39.754, 40.306, 40.712, 40.875, 41.145, 41.427, 41.371, 40.562, 39.236, 37.795, 36.278, 35.517, 35.112, 34.872, 35.216, 35.674, 35.637, 35.512, 35.56, 35.734, 35.709, 35.552, 35.425, 35.083, 34.457, 34.295, 35.222, 36.044, 35.805, 35.763, 36.331, 36.643, 36.543, 37.13, 37.189, 36.16, 35.742, 36.047, 35.866, 35.211, 35.068, 35.177, 34.861, 34.51, 35.349, 36.386, 36.267, 35.435, 34.985, 35.036, 35.153, 35.41, 36.205, 36.876, 36.803, 36.504, 36.288, 37.793, 41.48, 43.632, 42.921, 42.903, 44.765, 45.978, 45.968, 46.065, 47.252, 48.386, 48.211, 47.991, 48.073, 48.179, 48.214, 48.386, 48.703, 48.747, 48.796, 48.383, 47.682, 47.593, 47.821, 47.418, 45.872, 42.493, 