[[0.0, 5.411, 10.719, 13.018, 14.612, 18.84, 22.405, 23.406, 24.311, 25.658, 26.901, 27.898, 28.829, 29.68, 30.353, 30.81, 31.946, 34.107, 36.458, 37.281, 36.603, 36.308, 37.019, 38.174, 39.042, 39.253, 39.399, 39.544, 39.478, 39.208, 38.571, 38.15, 38.255, 38.675, 39.093, 39.297, 39.562, 39.87, 39.99, 40.175, 40.194, 39.03, 37.123, 36.381, 36.792, 36.787, 36.594, 36.838, 36.904, 37.101, 37.612, 38.333, 38.615, 38.455, 38.404, 38.391, 37.894, 37.53, 37.629, 37.67, 37.81, 37.939, 37.767, 37.226, 36.659, 36.759, 37.544, 38.04, 37.698, 36.825, 36.43, 36.166, 35.618, 35.205, 35.362, 35.688, 35.684, 35.402, 35.131, 35.158, 35.269, 35.19, 35.242, 35.508, 35.669, 35.87, 36.227, 36.445, 36.054, 35.281, 34.796, 34.732, 34.911, 34.836, 34.8, 34.868, 34.958, 35.016, 34.993, 34.999, 35.276, 35.832, 36.362, 36.408, 35.912, 35.346, 35.06, 35.007, 35.051, 35.181, 35.221, 35.01, 34.832, 34.923, 35.067, 35.085, 35.582, 36.294, 36.816, 36.942, 37.138, 37.742, 37.312, 36.317, 36.309, 36.77, 37.154, 37.369, 37.422, 37.319, 36.727, 35.828, 35.336, 35.362, 35.402, 35.182, 35.072, 35.164, 35.119, 35.179, 35.47, 35.173, 34.398, 34.196, 34.226, 5.242], [5.411, 0.0, 6.506, 9.82, 12.062, 16.91, 20.912, 22.078, 23.067, 24.546, 25.943, 27.064, 28.048, 28.903, 29.617, 30.168, 31.403, 33.646, 36.057, 36.906, 36.231, 35.944, 36.698, 37.905, 38.813, 39.057, 39.246, 39.432, 39.386, 39.111, 38.468, 38.052, 38.165, 38.588, 39.003, 39.203, 39.468, 39.78, 39.909, 40.106, 40.13, 38.968, 37.052, 36.335, 36.818, 36.832, 36.605, 36.809, 36.87, 37.058, 37.544, 38.265, 38.544, 38.38, 38.332, 38.333, 37.846, 37.472, 37.561, 37.596, 37.711, 37.811, 37.629, 37.09, 36.528, 36.652, 37.475, 37.995, 37.653, 36.745, 36.316, 36.034, 35.476, 35.068, 35.245, 35.574, 35.557, 35.263, 34.974, 34.991, 35.11, 35.039, 35.083, 35.347, 35.52, 35.727, 36.087, 36.328, 35.969, 35.205, 34.708, 34.629, 34.788, 34.698, 34.654, 34.723, 34.824, 34.888, 34.859, 34.859, 35.138, 35.701, 36.238, 36.28, 35.775, 35.194, 34.896, 34.834, 34.875, 35.007, 35.056, 34.851, 34.684, 34.794, 34.963, 34.986, 35.453, 36.151, 36.692, 36.841, 37.042, 37.657, 37.271, 36.293, 36.263, 36.701, 37.078, 37.295, 37.351, 37.249, 36.643, 35.738, 35.266, 35.304, 35.33, 35.094, 34.977, 35.067, 35.03, 35.104, 35.396, 35.079, 34.277, 34.075, 34.119, 8.981], [10.719, 6.506, 0.0, 5.093, 9.67, 15.736, 20.181, 21.577, 22.678, 24.226, 25.699, 26.91, 27.985, 28.904, 29.665, 30.265, 31.541, 33.777, 36.176, 37.038, 36.412, 36.187, 36.983, 38.172, 39.045, 39.269, 39.458, 39.68, 39.683, 39.436, 38.828, 38.441, 38.546, 38.944, 39.347, 39.544, 39.795, 40.087, 40.209, 40.416, 40.458, 39.353, 37.519, 36.835, 37.339, 37.385, 37.139, 37.272, 37.32, 37.52, 37.975, 38.652, 38.894, 38.722, 38.674, 38.681, 38.225, 37.878, 37.985, 38.041, 38.145, 38.225, 38.052, 37.552, 37.057, 37.226, 38.01, 38.47, 38.127, 37.275, 36.899, 36.638, 36.098, 35.713, 35.898, 36.221, 36.179, 35.857, 35.564, 35.583, 35.704, 35.646, 35.69, 35.927, 36.065, 36.227, 36.56, 36.816, 36.513, 35.799, 35.302, 35.199, 35.352, 35.267, 35.207, 35.269, 35.38, 35.442, 35.406, 35.399, 35.656, 36.187, 36.693, 36.726, 36.236, 35.681, 35.403, 35.341, 35.374, 35.503, 35.564, 35.391, 35.248, 35.359, 35.528, 35.545, 35.964, 36.605, 37.118, 37.274, 37.474, 38.052, 37.695, 36.783, 36.749, 37.146, 37.499, 37.714, 37.775, 37.677, 37.082, 36.208, 35.767, 35.809, 35.826, 35.593, 35.486, 35.565, 35.51, 35.582, 35.865, 35.539, 34.739, 34.529, 34.569, 12.869], [13.018, 9.82, 5.093, 0.0, 6.476, 14.116, 19.125, 20.779, 22.158, 23.883, 25.418, 26.658, 27.802, 28.788, 29.556, 30.128, 31.387, 33.621, 36.033, 36.913, 36.303, 36.094, 36.925, 38.147, 39.031, 39.261, 39.453, 39.684, 39.709, 39.485, 38.899, 38.535, 38.65, 39.047, 39.459, 39.673, 39.928, 40.214, 40.33, 40.529, 40.559, 39.47, 37.664, 36.975, 37.453, 37.489, 37.249, 37.394, 37.457, 37.664, 38.106, 38.776, 39.017, 38.843, 38.792, 38.792, 38.351, 38.028, 38.137, 38.176, 38.265, 38.333, 38.145, 37.635, 37.161, 37.347, 38.102, 38.534, 38.192, 37.375, 37.035, 36.776, 36.226, 35.837, 36.027, 36.362, 36.326, 36.008, 35.713, 35.728, 35.838, 35.775, 35.841, 36.077, 36.186, 36.333, 36.672, 36.926, 36.603, 35.879, 35.366, 35.252, 35.425, 35.358, 35.291, 35.355, 35.464, 35.516, 35.476, 35.466, 35.696, 36.209, 36.716, 36.756, 36.281, 35.741, 35.465, 35.408, 35.449, 35.579, 35.646, 35.494, 35.354, 35.458, 35.63, 35.652, 36.07, 36.704, 37.197, 37.336, 37.558, 38.172, 37.818, 36.899, 36.855, 37.242, 37.587, 37.797, 37.862, 37.763, 37.16, 36.296, 35.88, 35.927, 35.94, 35.722, 35.63, 35.702, 35.638, 35.708, 35.981, 35.631, 34.811, 34.589, 34.632, 14.912], [14.612, 12.062, 9.67, 6.476, 0.0, 8.991, 15.339, 18.092, 20.233, 22.337, 24.075, 25.405, 26.643, 27.776, 28.696, 29.321, 30.577, 32.899, 35.44, 36.373, 35.718, 35.413, 36.22, 37.553, 38.553, 38.882, 39.152, 39.426, 39.479, 39.259, 38.661, 38.3, 38.431, 38.843, 39.277, 39.516, 39.788, 40.091, 40.219, 40.395, 40.389, 39.277, 37.423, 36.672, 37.085, 37.044, 36.789, 37.0, 37.097, 37.311, 37.786, 38.522, 38.793, 38.621, 38.571, 38.564, 38.1, 37.762, 37.846, 37.833, 37.894, 37.936, 37.701, 37.153, 36.661, 36.831, 37.585, 38.046, 37.706, 36.876, 36.536, 36.26, 35.682, 35.282, 35.47, 35.801, 35.792, 35.516, 35.222, 35.216, 35.315, 35.258, 35.366, 35.619, 35.706, 35.859, 36.218, 36.46, 36.086, 35.315, 34.782, 34.666, 34.847, 34.771, 34.692, 34.777, 34.905, 34.951, 34.906, 34.889, 35.103, 35.615, 36.142, 36.186, 35.705, 35.149, 34.851, 34.801, 34.864, 35.003, 35.07, 34.898, 34.726, 34.818, 34.999, 35.016, 35.44, 36.1, 36.594, 36.707, 37.017, 37.767, 37.408, 36.452, 36.408, 36.81, 37.161, 37.379, 37.448, 37.344, 36.728, 35.855, 35.438, 35.495, 35.513, 35.307, 35.227, 35.303, 35.244, 35.309, 35.553, 35.152, 34.277, 34.055, 34.111, 16.712], [18.84, 16.91, 15.736, 14.116, 8.991, 0.0, 8.239, 13.856, 17.788, 20.55, 22.598, 24.035, 25.343, 26.663, 27.842, 28.603, 29.878, 32.294, 34.963, 35.95, 35.232, 34.765, 35.442, 36.866, 38.055, 38.543, 38.909, 39.24, 39.349, 39.129, 38.516, 38.195, 38.375, 38.793, 39.232, 39.492, 39.767, 40.07, 40.224, 40.418, 40.391, 39.242, 37.321, 36.467, 36.744, 36.579, 36.295, 36.573, 36.708, 36.927, 37.419, 38.211, 38.516, 38.351, 38.308, 38.293, 37.805, 37.45, 37.502, 37.438, 37.471, 37.489, 37.224, 36.66, 36.163, 36.3, 37.047, 37.533, 37.201, 36.372, 36.048, 35.776, 35.178, 34.758, 34.91, 35.218, 35.248, 35.035, 34.75, 34.715, 34.807, 34.778, 34.933, 35.199, 35.264, 35.423, 35.801, 36.03, 35.613, 34.814, 34.275, 34.144, 34.308, 34.213, 34.107, 34.199, 34.337, 34.356, 34.288, 34.263, 34.461, 34.959, 35.484, 35.519, 35.027, 34.46, 34.157, 34.131, 34.211, 34.364, 34.438, 34.229, 34.012, 34.094, 34.276, 34.28, 34.693, 35.362, 35.852, 35.922, 36.322, 37.212, 36.864, 35.897, 35.843, 36.241, 36.588, 36.816, 36.895, 36.794, 36.198, 35.357, 34.971, 35.062, 35.094, 34.892, 34.826, 34.923, 34.886, 34.943, 35.146, 34.705, 33.811, 33.638, 33.725, 20.754], [22.405, 20.912, 20.181, 19.125, 15.339, 8.239, 0.0, 8.355, 14.72, 18.812, 21.326, 22.79, 24.078, 25.499, 26.871, 27.814, 29.213, 31.751, 34.509, 35.537, 34.791, 34.216, 34.761, 36.244, 37.637, 38.267, 38.669, 39.022, 39.163, 38.933, 38.308, 38.054, 38.321, 38.765, 39.199, 39.463, 39.732, 40.023, 40.201, 40.447, 40.427, 39.224, 37.233, 36.342, 36.539, 36.271, 35.962, 36.308, 36.502, 36.715, 37.165, 37.941, 38.273, 38.134, 38.099, 38.082, 37.591, 37.23, 37.241, 37.138, 37.166, 37.187, 36.905, 36.323, 35.817, 35.922, 36.658, 37.147, 36.81, 35.956, 35.633, 35.394, 34.814, 34.37, 34.477, 34.764, 34.825, 34.663, 34.389, 34.345, 34.447, 34.438, 34.612, 34.88, 34.915, 35.072, 35.468, 35.691, 35.236, 34.41, 33.853, 33.69, 33.84, 33.738, 33.622, 33.707, 33.802, 33.761, 33.673, 33.652, 33.85, 34.361, 34.909, 34.954, 34.461, 33.886, 33.585, 33.576, 33.664, 33.828, 33.925, 33.699, 33.462, 33.557, 33.759, 33.779, 34.203, 34.892, 35.392, 35.441, 35.87, 36.816, 36.525, 35.574, 35.485, 35.867, 36.2, 36.409, 36.486, 36.396, 35.811, 34.984, 34.623, 34.737, 34.774, 34.558, 34.486, 34.6, 34.592, 34.657, 34.853, 34.412, 33.561, 33.483, 33.606, 24.044], [23.406, 22.078, 21.577, 20.779, 18.092, 13.856, 8.355, 0.0, 8.487, 14.928, 18.577, 20.259, 21.568, 23.143, 24.79, 26.07, 27.88, 30.768, 33.713, 34.81, 34.083, 33.526, 34.09, 35.649, 37.187, 37.912, 38.352, 38.72, 38.871, 38.646, 37.999, 37.727, 38.03, 38.53, 38.996, 39.275, 39.558, 39.853, 40.028, 40.296, 40.301, 39.054, 36.956, 36.049, 36.269, 35.979, 35.662, 36.034, 36.257, 36.456, 36.877, 37.636, 37.979, 37.857, 37.829, 37.808, 37.31, 36.961, 36.984, 36.875, 36.904, 36.94, 36.66, 36.072, 35.558, 35.648, 36.376, 36.846, 36.497, 35.597, 35.232, 35.008, 34.459, 34.013, 34.096, 34.359, 34.399, 34.245, 33.984, 33.959, 34.085, 34.072, 34.208, 34.45, 34.484, 34.644, 35.025, 35.226, 34.723, 33.858, 33.279, 33.11, 33.272, 33.182, 33.091, 33.179, 33.245, 33.181, 33.094, 33.088, 33.35, 33.93, 34.514, 34.57, 34.072, 33.481, 33.165, 33.157, 33.261, 33.448, 33.564, 33.335, 33.114, 33.241, 33.45, 33.463, 33.907, 34.631, 35.159, 35.226, 35.627, 36.515, 36.242, 35.328, 35.242, 35.617, 35.946, 36.15, 36.223, 36.131, 35.544, 34.706, 34.331, 34.44, 34.481, 34.25, 34.149, 34.252, 34.255, 34.349, 34.589, 34.197, 33.401, 33.38, 33.513, 24.876], [24.311, 23.067, 22.678, 22.158, 20.233, 17.788, 14.72, 8.487, 0.0, 8.497, 13.983, 16.558, 18.155, 20.024, 22.178, 24.091, 26.656, 30.08, 33.234, 34.381, 33.713, 33.285, 33.973, 35.555, 37.107, 37.886, 38.404, 38.817, 38.992, 38.804, 38.164, 37.854, 38.133, 38.653, 39.149, 39.454, 39.759, 40.055, 40.211, 40.48, 40.524, 39.301, 37.16, 36.201, 36.403, 36.144, 35.858, 36.21, 36.413, 36.603, 37.0, 37.734, 38.097, 38.01, 37.988, 37.952, 37.443, 37.103, 37.146, 37.04, 37.058, 37.1, 36.849, 36.305, 35.832, 35.924, 36.584, 36.962, 36.622, 35.789, 35.451, 35.217, 34.689, 34.271, 34.348, 34.588, 34.605, 34.456, 34.221, 34.215, 34.337, 34.292, 34.374, 34.586, 34.635, 34.792, 35.13, 35.29, 34.759, 33.874, 33.309, 33.197, 33.425, 33.367, 33.296, 33.401, 33.479, 33.427, 33.335, 33.341, 33.67, 34.275, 34.826, 34.846, 34.335, 33.772, 33.484, 33.475, 33.576, 33.769, 33.904, 33.704, 33.517, 33.654, 33.837, 33.814, 34.237, 34.932, 35.443, 35.508, 35.825, 36.579, 36.28, 35.42, 35.362, 35.729, 36.057, 36.267, 36.34, 36.261, 35.707, 34.896, 34.51, 34.602, 34.662, 34.445, 34.331, 34.405, 34.387, 34.482, 34.755, 34.445, 33.74, 33.741, 33.852, 25.573], [25.658, 24.546, 24.226, 23.883, 22.337, 20.55, 18.812, 14.928, 8.497, 0.0, 7.11, 11.41, 13.935, 16.225, 19.019, 21.8, 25.265, 29.254, 32.617, 33.807, 33.197, 32.906, 33.738, 35.396, 36.956, 37.75, 38.349, 38.828, 39.035, 38.881, 38.258, 37.93, 38.175, 38.663, 39.143, 39.454, 39.775, 40.079, 40.227, 40.489, 40.564, 39.382, 37.258, 36.295, 36.513, 36.323, 36.077, 36.416, 36.618, 36.808, 37.166, 37.871, 38.257, 38.192, 38.174, 38.129, 37.611, 37.268, 37.314, 37.201, 37.213, 37.254, 37.011, 36.5, 36.088, 36.201, 36.778, 37.041, 36.697, 35.96, 35.688, 35.436, 34.887, 34.483, 34.579, 34.836, 34.868, 34.72, 34.505, 34.512, 34.612, 34.535, 34.6, 34.807, 34.848, 34.975, 35.276, 35.41, 34.894, 34.016, 33.469, 33.419, 33.704, 33.661, 33.59, 33.703, 33.796, 33.762, 33.673, 33.683, 34.026, 34.603, 35.106, 35.089, 34.569, 34.039, 33.791, 33.805, 33.917, 34.118, 34.268, 34.1, 33.925, 34.054, 34.226, 34.18, 34.559, 35.187, 35.663, 35.694, 35.942, 36.635, 36.299, 35.425, 35.361, 35.743, 36.1, 36.333, 36.414, 36.355, 35.836, 35.046, 34.645, 34.718, 34.789, 34.597, 34.5, 34.565, 34.525, 34.615, 34.911, 34.646, 33.969, 33.945, 34.028, 26.719], [26.901, 25.943, 25.699, 25.418, 24.075, 22.598, 21.326, 18.577, 13.983, 7.11, 0.0, 5.815, 9.873, 12.948, 16.296, 19.789, 23.895, 28.192, 31.675, 32.895, 32.328, 32.154, 33.133, 34.918, 36.533, 37.332, 37.973, 38.492, 38.722, 38.587, 37.969, 37.644, 37.894, 38.367, 38.818, 39.124, 39.47, 39.796, 39.943, 40.202, 40.297, 39.132, 37.057, 36.222, 36.578, 36.474, 36.263, 36.616, 36.841, 37.033, 37.36, 38.031, 38.413, 38.35, 38.337, 38.293, 37.77, 37.418, 37.46, 37.333, 37.346, 37.39, 37.141, 36.639, 36.247, 36.36, 36.902, 37.141, 36.808, 36.097, 35.836, 35.559, 34.987, 34.588, 34.702, 34.979, 35.027, 34.867, 34.648, 34.66, 34.747, 34.651, 34.718, 34.947, 34.98, 35.063, 35.326, 35.459, 34.979, 34.132, 33.625, 33.605, 33.87, 33.815, 33.758, 33.858, 33.934, 33.904, 33.829, 33.841, 34.18, 34.726, 35.203, 35.172, 34.648, 34.131, 33.895, 33.92, 34.041, 34.241, 34.385, 34.23, 34.068, 34.196, 34.353, 34.291, 34.66, 35.267, 35.725, 35.73, 35.964, 36.679, 36.302, 35.374, 35.301, 35.706, 36.094, 36.339, 36.423, 36.379, 35.872, 35.075, 34.655, 34.71, 34.775, 34.608, 34.549, 34.634, 34.587, 34.67, 34.988, 34.748, 34.052, 33.993, 34.071, 27.852], [27.898, 27.064, 26.91, 26.658, 25.405, 24.035, 22.79, 20.259, 16.558, 11.41, 5.815, 0.0, 5.345, 9.953, 14.219, 18.217, 22.727, 27.242, 30.832, 32.078, 31.521, 31.429, 32.551, 34.447, 36.102, 36.9, 37.553, 38.078, 38.313, 38.187, 37.581, 37.275, 37.55, 38.047, 38.507, 38.818, 39.185, 39.534, 39.684, 39.946, 40.054, 38.889, 36.832, 36.128, 36.628, 36.595, 36.419, 36.791, 37.017, 37.21, 37.529, 38.161, 38.512, 38.443, 38.433, 38.386, 37.855, 37.5, 37.545, 37.408, 37.406, 37.437, 37.183, 36.688, 36.286, 36.376, 36.915, 37.19, 36.874, 36.136, 35.846, 35.566, 35.008, 34.624, 34.732, 34.992, 35.037, 34.869, 34.643, 34.656, 34.747, 34.648, 34.725, 34.977, 35.008, 35.083, 35.347, 35.489, 35.012, 34.18, 33.701, 33.686, 33.916, 33.843, 33.793, 33.884, 33.951, 33.912, 33.837, 33.864, 34.211, 34.746, 35.215, 35.184, 34.652, 34.138, 33.911, 33.937, 34.052, 34.243, 34.379, 34.234, 34.086, 34.213, 34.347, 34.275, 34.657, 35.258, 35.701, 35.696, 35.944, 36.696, 36.316, 35.359, 35.272, 35.681, 36.074, 36.308, 36.39, 36.357, 35.856, 35.051, 34.62, 34.668, 34.726, 34.562, 34.522, 34.626, 34.583, 34.662, 34.993, 34.784, 34.11, 34.062, 34.149, 28.798], [28.829, 28.048, 27.985, 27.802, 26.643, 25.343, 24.078, 21.568, 18.155, 13.935, 9.873, 5.345, 0.0, 6.067, 11.821, 16.606, 21.589, 26.443, 30.197, 31.49, 30.962, 30.945, 32.204, 34.222, 35.918, 36.735, 37.407, 37.933, 38.172, 38.069, 37.499, 37.218, 37.51, 38.029, 38.51, 38.824, 39.193, 39.553, 39.706, 39.958, 40.062, 38.892, 36.81, 36.115, 36.661, 36.657, 36.501, 36.875, 37.091, 37.275, 37.59, 38.201, 38.528, 38.451, 38.433, 38.381, 37.852, 37.506, 37.556, 37.399, 37.379, 37.404, 37.152, 36.664, 36.261, 36.335, 36.866, 37.16, 36.865, 36.128, 35.834, 35.567, 35.026, 34.653, 34.759, 35.008, 35.038, 34.866, 34.645, 34.659, 34.754, 34.66, 34.751, 35.016, 35.04, 35.106, 35.37, 35.518, 35.036, 34.204, 33.734, 33.708, 33.913, 33.831, 33.774, 33.854, 33.929, 33.9, 33.822, 33.851, 34.207, 34.748, 35.212, 35.181, 34.651, 34.142, 33.929, 33.963, 34.072, 34.258, 34.399, 34.273, 34.147, 34.29, 34.428, 34.365, 34.745, 35.317, 35.748, 35.74, 35.963, 36.696, 36.346, 35.41, 35.315, 35.706, 36.074, 36.283, 36.354, 36.328, 35.848, 35.063, 34.643, 34.696, 34.746, 34.577, 34.537, 34.64, 34.595, 34.67, 35.001, 34.815, 34.205, 34.212, 34.312, 29.704], [29.68, 28.903, 28.904, 28.788, 27.776, 26.663, 25.499, 23.143, 20.024, 16.225, 12.948, 9.953, 6.067, 0.0, 7.122, 13.518, 19.618, 25.075, 29.125, 30.556, 30.12, 30.211, 31.648, 33.882, 35.709, 36.605, 37.345, 37.9, 38.159, 38.083, 37.534, 37.262, 37.558, 38.083, 38.573, 38.895, 39.274, 39.641, 39.791, 40.023, 40.103, 38.907, 36.776, 36.048, 36.614, 36.619, 36.457, 36.838, 37.066, 37.234, 37.544, 38.182, 38.533, 38.451, 38.431, 38.386, 37.864, 37.523, 37.568, 37.398, 37.375, 37.397, 37.134, 36.628, 36.216, 36.288, 36.818, 37.154, 36.909, 36.176, 35.867, 35.609, 35.085, 34.719, 34.843, 35.109, 35.116, 34.902, 34.658, 34.663, 34.752, 34.648, 34.725, 34.986, 35.003, 35.038, 35.278, 35.439, 34.967, 34.136, 33.669, 33.642, 33.832, 33.747, 33.683, 33.741, 33.827, 33.839, 33.779, 33.791, 34.149, 34.711, 35.175, 35.141, 34.613, 34.098, 33.886, 33.94, 34.068, 34.266, 34.411, 34.292, 34.184, 34.354, 34.524, 34.489, 34.864, 35.408, 35.832, 35.818, 35.977, 36.652, 36.301, 35.384, 35.303, 35.683, 36.024, 36.206, 36.256, 36.222, 35.76, 34.998, 34.607, 34.685, 34.746, 34.591, 34.555, 34.644, 34.577, 34.644, 34.979, 34.805, 34.246, 34.316, 34.435, 30.567], [30.353, 29.617, 29.665, 29.556, 28.696, 27.842, 26.871, 24.79, 22.178, 19.019, 16.296, 14.219, 11.821, 7.122, 0.0, 8.227, 16.332, 22.835, 27.317, 28.963, 28.669, 28.928, 30.635, 33.143, 35.135, 36.162, 37.021, 37.64, 37.915, 37.845, 37.326, 37.089, 37.405, 37.947, 38.461, 38.811, 39.212, 39.59, 39.741, 39.962, 40.018, 38.792, 36.618, 35.867, 36.477, 36.5, 36.328, 36.715, 36.952, 37.095, 37.404, 38.108, 38.512, 38.44, 38.434, 38.402, 37.876, 37.522, 37.557, 37.393, 37.382, 37.402, 37.122, 36.571, 36.114, 36.192, 36.779, 37.202, 36.983, 36.204, 35.848, 35.608, 35.117, 34.748, 34.872, 35.148, 35.129, 34.845, 34.548, 34.538, 34.619, 34.492, 34.548, 34.808, 34.817, 34.825, 35.057, 35.24, 34.801, 33.999, 33.539, 33.523, 33.723, 33.639, 33.573, 33.618, 33.728, 33.796, 33.758, 33.743, 34.091, 34.665, 35.14, 35.124, 34.591, 34.052, 33.824, 33.898, 34.061, 34.284, 34.424, 34.285, 34.167, 34.344, 34.541, 34.534, 34.917, 35.46, 35.891, 35.874, 35.971, 36.557, 36.167, 35.24, 35.175, 35.57, 35.916, 36.091, 36.123, 36.069, 35.598, 34.834, 34.47, 34.59, 34.687, 34.561, 34.539, 34.612, 34.512, 34.571, 34.912, 34.729, 34.18, 34.297, 34.429, 31.235], [30.81, 30.168, 30.265, 30.128, 29.321, 28.603, 27.814, 26.07, 24.091, 21.8, 19.789, 18.217, 16.606, 13.518, 8.227, 0.0, 10.036, 18.364, 23.735, 25.703, 25.561, 26.105, 28.387, 31.443, 33.734, 34.986, 36.08, 36.837, 37.126, 37.07, 36.649, 36.53, 36.933, 37.543, 38.122, 38.526, 38.961, 39.364, 39.536, 39.769, 39.833, 38.625, 36.45, 35.642, 36.265, 36.295, 36.107, 36.485, 36.706, 36.819, 37.133, 37.9, 38.333, 38.256, 38.259, 38.237, 37.691, 37.311, 37.335, 37.177, 37.179, 37.21, 36.931, 36.349, 35.845, 35.947, 36.635, 37.145, 36.9, 36.032, 35.647, 35.455, 34.987, 34.617, 34.756, 35.051, 35.003, 34.654, 34.316, 34.299, 34.377, 34.242, 34.299, 34.556, 34.545, 34.534, 34.76, 34.932, 34.515, 33.767, 33.309, 33.284, 33.517, 33.446, 33.358, 33.393, 33.544, 33.654, 33.612, 33.576, 33.916, 34.513, 35.02, 35.02, 34.447, 33.85, 33.579, 33.649, 33.836, 34.075, 34.206, 34.042, 33.913, 34.11, 34.338, 34.352, 34.732, 35.278, 35.727, 35.727, 35.856, 36.424, 36.051, 35.105, 35.016, 35.412, 35.778, 35.957, 35.979, 35.896, 35.37, 34.562, 34.206, 34.367, 34.492, 34.376, 34.351, 34.407, 34.287, 34.345, 34.685, 34.477, 33.911, 34.051, 34.189, 31.623], [31.946, 31.403, 31.541, 31.387, 30.577, 29.878, 29.213, 27.88, 26.656, 25.265, 23.895, 22.727, 21.589, 19.618, 16.332, 10.036, 0.0, 10.089, 16.944, 19.703, 19.941, 20.958, 24.189, 28.238, 31.107, 32.684, 34.066, 35.032, 35.394, 35.383, 35.13, 35.235, 35.805, 36.523, 37.191, 37.705, 38.232, 38.685, 38.925, 39.255, 39.397, 38.351, 36.513, 35.934, 36.628, 36.659, 36.436, 36.791, 37.012, 37.119, 37.476, 38.284, 38.711, 38.611, 38.606, 38.585, 38.018, 37.621, 37.661, 37.553, 37.596, 37.656, 37.403, 36.839, 36.359, 36.514, 37.255, 37.793, 37.525, 36.605, 36.22, 36.064, 35.617, 35.253, 35.403, 35.711, 35.643, 35.249, 34.884, 34.868, 34.951, 34.822, 34.861, 35.057, 34.99, 34.949, 35.132, 35.261, 34.899, 34.265, 33.841, 33.801, 34.05, 34.005, 33.887, 33.92, 34.117, 34.248, 34.186, 34.137, 34.467, 35.066, 35.591, 35.598, 35.002, 34.353, 34.023, 34.056, 34.213, 34.427, 34.551, 34.393, 34.271, 34.483, 34.715, 34.726, 35.098, 35.612, 36.058, 36.117, 36.388, 37.015, 36.741, 35.845, 35.727, 36.074, 36.417, 36.587, 36.6, 36.483, 35.904, 35.069, 34.721, 34.89, 35.013, 34.897, 34.856, 34.887, 34.751, 34.788, 35.1, 34.863, 34.27, 34.38, 34.522, 32.631], [34.107, 33.646, 33.777, 33.621, 32.899, 32.294, 31.751, 30.768, 30.08, 29.254, 28.192, 27.242, 26.443, 25.075, 22.835, 18.364, 10.089, 0.0, 8.041, 12.317, 13.785, 15.605, 19.706, 24.646, 27.99, 29.768, 31.345, 32.517, 32.995, 33.043, 33.022, 33.447, 34.189, 34.966, 35.681, 36.29, 36.898, 37.385, 37.74, 38.274, 38.575, 37.838, 36.816, 37.051, 37.993, 38.082, 37.872, 38.192, 38.415, 38.523, 38.896, 39.596, 39.938, 39.828, 39.816, 39.791, 39.259, 38.913, 39.035, 39.036, 39.147, 39.24, 39.021, 38.511, 38.111, 38.289, 38.931, 39.361, 39.108, 38.31, 37.991, 37.844, 37.462, 37.131, 37.218, 37.465, 37.395, 37.024, 36.676, 36.66, 36.732, 36.599, 36.602, 36.714, 36.595, 36.507, 36.597, 36.642, 36.392, 35.986, 35.702, 35.689, 35.916, 35.915, 35.825, 35.892, 36.111, 36.245, 36.189, 36.125, 36.378, 36.885, 37.358, 37.39, 36.881, 36.278, 35.929, 35.894, 35.942, 36.07, 36.194, 36.089, 35.994, 36.181, 36.359, 36.337, 36.677, 37.106, 37.497, 37.623, 38.022, 38.565, 38.368, 37.642, 37.553, 37.8, 38.055, 38.204, 38.215, 38.075, 37.523, 36.791, 36.501, 36.657, 36.779, 36.684, 36.643, 36.658, 36.508, 36.497, 36.743, 36.498, 35.917, 35.947, 36.067, 34.683], [36.458, 36.057, 36.176, 36.033, 35.44, 34.963, 34.509, 33.713, 33.234, 32.617, 31.675, 30.832, 30.197, 29.125, 27.317, 23.735, 16.944, 8.041, 0.0, 5.778, 9.561, 12.914, 17.584, 22.873, 26.381, 28.233, 29.942, 31.241, 31.767, 31.844, 32.015, 32.672, 33.481, 34.245, 34.961, 35.609, 36.245, 36.74, 37.172, 37.875, 38.329, 37.843, 37.46, 38.423, 39.665, 39.885, 39.719, 39.98, 40.196, 40.314, 40.659, 41.196, 41.425, 41.3, 41.272, 41.236, 40.762, 40.49, 40.671, 40.752, 40.929, 41.054, 40.843, 40.377, 40.057, 40.229, 40.748, 41.072, 40.861, 40.209, 39.945, 39.797, 39.487, 39.211, 39.256, 39.439, 39.356, 39.016, 38.699, 38.683, 38.74, 38.621, 38.62, 38.687, 38.549, 38.441, 38.456, 38.4, 38.225, 38.004, 37.844, 37.862, 38.058, 38.079, 38.009, 38.094, 38.312, 38.439, 38.391, 38.317, 38.483, 38.879, 39.294, 39.363, 38.968, 38.455, 38.132, 38.053, 38.009, 38.061, 38.188, 38.141, 38.076, 38.24, 38.372, 38.326, 38.646, 39.026, 39.376, 39.518, 39.887, 40.163, 39.928, 39.373, 39.352, 39.51, 39.687, 39.836, 39.863, 39.725, 39.238, 38.629, 38.402, 38.553, 38.691, 38.64, 38.626, 38.646, 38.484, 38.421, 38.612, 38.382, 37.847, 37.829, 37.919, 36.961], [37.281, 36.906, 37.038, 36.913, 36.373, 35.95, 35.537, 34.81, 34.381, 33.807, 32.895, 32.078, 31.49, 30.556, 28.963, 25.703, 19.703, 12.317, 5.778, 0.0, 5.75, 10.949, 16.397, 21.893, 25.475, 27.416, 29.259, 30.623, 31.136, 31.193, 31.388, 32.08, 32.888, 33.649, 34.385, 35.062, 35.72, 36.216, 36.66, 37.432, 37.986, 37.587, 37.34, 38.587, 40.09, 40.465, 40.348, 40.596, 40.817, 40.954, 41.292, 41.768, 41.942, 41.796, 41.754, 41.704, 41.242, 40.987, 41.172, 41.273, 41.49, 41.643, 41.429, 40.971, 40.681, 40.845, 41.327, 41.636, 41.435, 40.797, 40.526, 40.383, 40.112, 39.877, 39.935, 40.109, 40.012, 39.666, 39.347, 39.329, 39.387, 39.287, 39.3, 39.358, 39.208, 39.096, 39.089, 38.973, 38.783, 38.605, 38.491, 38.526, 38.72, 38.733, 38.652, 38.738, 38.962, 39.084, 39.026, 38.949, 39.087, 39.446, 39.846, 39.936, 39.583, 39.1, 38.788, 38.7, 38.631, 38.655, 38.779, 38.76, 38.717, 38.883, 38.992, 38.935, 39.274, 39.683, 40.049, 40.186, 40.468, 40.55, 40.225, 39.712, 39.734, 39.873, 40.039, 40.209, 40.253, 40.127, 39.658, 39.069, 38.849, 39.003, 39.156, 39.129, 39.141, 39.182, 39.024, 38.94, 39.121, 38.902, 38.373, 38.346, 38.429, 37.755], [36.603, 36.231, 36.412, 36.303, 35.718, 35.232, 34.791, 34.083, 33.713, 33.197, 32.328, 31.521, 30.962, 30.12, 28.669, 25.561, 19.941, 13.785, 9.561, 5.75, 0.0, 6.571, 13.59, 19.939, 23.8, 25.886, 27.897, 29.349, 29.886, 29.919, 30.047, 30.704, 31.524, 32.314, 33.085, 33.798, 34.485, 34.99, 35.438, 36.254, 36.867, 36.457, 36.145, 37.478, 39.166, 39.638, 39.6, 39.933, 40.16, 40.298, 40.681, 41.221, 41.419, 41.266, 41.223, 41.169, 40.675, 40.387, 40.553, 40.637, 40.846, 41.001, 40.783, 40.304, 39.971, 40.119, 40.648, 41.008, 40.773, 40.033, 39.712, 39.581, 39.323, 39.1, 39.185, 39.381, 39.278, 38.906, 38.558, 38.536, 38.606, 38.514, 38.532, 38.601, 38.448, 38.331, 38.337, 38.216, 37.981, 37.76, 37.625, 37.658, 37.863, 37.858, 37.759, 37.84, 38.05, 38.15, 38.08, 38.03, 38.198, 38.58, 39.009, 39.103, 38.724, 38.204, 37.871, 37.78, 37.725, 37.761, 37.885, 37.853, 37.807, 37.981, 38.088, 38.028, 38.403, 38.877, 39.285, 39.423, 39.701, 39.858, 39.514, 38.903, 38.904, 39.096, 39.313, 39.501, 39.55, 39.424, 38.926, 38.289, 38.053, 38.215, 38.357, 38.318, 38.346, 38.418, 38.291, 38.233, 38.429, 38.183, 37.592, 37.559, 37.652, 37.105], [36.308, 35.944, 36.187, 36.094, 35.413, 34.765, 34.216, 33.526, 33.285, 32.906, 32.154, 31.429, 30.945, 30.211, 28.928, 26.105, 20.958, 15.605, 12.914, 10.949, 6.571, 0.0, 8.463, 16.385, 21.128, 23.572, 25.845, 27.534, 28.204, 28.251, 28.387, 29.143, 30.054, 30.874, 31.66, 32.406, 33.127, 33.66, 34.17, 35.092, 35.775, 35.381, 35.153, 36.648, 38.412, 38.867, 38.913, 39.381, 39.608, 39.741, 40.201, 40.831, 41.057, 40.901, 40.866, 40.816, 40.29, 39.975, 40.129, 40.182, 40.354, 40.482, 40.241, 39.726, 39.335, 39.449, 40.021, 40.415, 40.137, 39.301, 38.937, 38.811, 38.563, 38.349, 38.437, 38.637, 38.552, 38.202, 37.85, 37.82, 37.896, 37.802, 37.812, 37.89, 37.731, 37.595, 37.612, 37.52, 37.279, 37.02, 36.856, 36.868, 37.064, 37.062, 36.979, 37.059, 37.226, 37.284, 37.221, 37.204, 37.38, 37.766, 38.217, 38.311, 37.917, 37.375, 37.026, 36.938, 36.9, 36.967, 37.108, 37.048, 36.971, 37.145, 37.255, 37.197, 37.579, 38.084, 38.513, 38.654, 39.022, 39.384, 39.101, 38.403, 38.353, 38.59, 38.847, 39.036, 39.082, 38.942, 38.411, 37.749, 37.514, 37.676, 37.8, 37.741, 37.765, 37.851, 37.768, 37.755, 37.95, 37.677, 37.062, 37.036, 37.136, 36.846], [37.019, 36.698, 36.983, 36.925, 36.22, 35.442, 34.761, 34.09, 33.973, 33.738, 33.133, 32.551, 32.204, 31.648, 30.635, 28.387, 24.189, 19.706, 17.584, 16.397, 13.59, 8.463, 0.0, 9.564, 16.205, 19.838, 22.822, 25.052, 26.032, 26.149, 26.381, 27.384, 28.476, 29.346, 30.152, 30.933, 31.696, 32.273, 32.885, 33.976, 34.789, 34.532, 34.646, 36.521, 38.405, 38.816, 38.881, 39.446, 39.699, 39.862, 40.363, 40.971, 41.169, 41.013, 40.994, 40.94, 40.394, 40.079, 40.25, 40.289, 40.43, 40.543, 40.304, 39.79, 39.372, 39.426, 39.956, 40.304, 39.988, 39.146, 38.809, 38.695, 38.455, 38.245, 38.314, 38.519, 38.51, 38.251, 37.933, 37.904, 37.972, 37.87, 37.858, 37.913, 37.732, 37.569, 37.577, 37.524, 37.328, 37.064, 36.891, 36.884, 37.07, 37.101, 37.048, 37.11, 37.214, 37.213, 37.156, 37.159, 37.29, 37.606, 38.026, 38.123, 37.782, 37.291, 36.969, 36.895, 36.856, 36.939, 37.101, 37.022, 36.916, 37.059, 37.147, 37.086, 37.439, 37.937, 38.373, 38.508, 38.92, 39.352, 39.133, 38.499, 38.434, 38.663, 38.911, 39.078, 39.107, 38.947, 38.419, 37.802, 37.585, 37.727, 37.855, 37.799, 37.802, 37.887, 37.831, 37.821, 37.98, 37.733, 37.218, 37.248, 37.35, 37.532], [38.174, 37.905, 38.172, 38.147, 37.553, 36.866, 36.244, 35.649, 35.555, 35.396, 34.918, 34.447, 34.222, 33.882, 33.143, 31.443, 28.238, 24.646, 22.873, 21.893, 19.939, 16.385, 9.564, 0.0, 8.6, 14.562, 19.222, 22.327, 23.697, 23.983, 24.411, 25.666, 26.895, 27.834, 28.709, 29.53, 30.314, 30.901, 31.551, 32.768, 33.752, 33.769, 34.415, 36.851, 39.009, 39.503, 39.583, 40.169, 40.474, 40.682, 41.147, 41.615, 41.752, 41.625, 41.615, 41.547, 41.033, 40.773, 40.996, 41.047, 41.155, 41.263, 41.087, 40.654, 40.267, 40.249, 40.62, 40.803, 40.479, 39.782, 39.582, 39.496, 39.248, 39.03, 39.071, 39.291, 39.366, 39.198, 38.928, 38.903, 38.959, 38.845, 38.814, 38.857, 38.67, 38.47, 38.447, 38.427, 38.308, 38.09, 37.937, 37.92, 38.119, 38.189, 38.108, 38.108, 38.168, 38.123, 38.054, 38.098, 38.193, 38.393, 38.716, 38.81, 38.568, 38.19, 37.929, 37.864, 37.801, 37.851, 37.998, 37.924, 37.799, 37.881, 37.922, 37.839, 38.12, 38.534, 38.938, 39.048, 39.395, 39.727, 39.615, 39.216, 39.166, 39.346, 39.571, 39.722, 39.732, 39.569, 39.105, 38.607, 38.431, 38.535, 38.663, 38.614, 38.594, 38.669, 38.627, 38.589, 38.701, 38.527, 38.186, 38.284, 38.374, 38.617], [39.042, 38.813, 39.045, 39.031, 38.553, 38.055, 37.637, 37.187, 37.107, 36.956, 36.533, 36.102, 35.918, 35.709, 35.135, 33.734, 31.107, 27.99, 26.381, 25.475, 23.8, 21.128, 16.205, 8.6, 0.0, 8.022, 14.958, 19.221, 20.936, 21.416, 22.191, 23.728, 25.077, 26.115, 27.074, 27.913, 28.682, 29.246, 29.892, 31.199, 32.384, 32.72, 33.901, 36.924, 39.436, 40.133, 40.288, 40.872, 41.218, 41.459, 41.88, 42.256, 42.358, 42.249, 42.229, 42.16, 41.731, 41.527, 41.739, 41.776, 41.865, 41.977, 41.86, 41.51, 41.175, 41.127, 41.377, 41.432, 41.138, 40.615, 40.546, 40.474, 40.221, 40.024, 40.066, 40.267, 40.332, 40.175, 39.928, 39.914, 39.965, 39.833, 39.8, 39.89, 39.751, 39.53, 39.452, 39.408, 39.338, 39.218, 39.13, 39.12, 39.312, 39.395, 39.279, 39.228, 39.261, 39.192, 39.116, 39.204, 39.292, 39.419, 39.688, 39.799, 39.626, 39.316, 39.089, 39.017, 38.921, 38.91, 39.013, 38.962, 38.845, 38.898, 38.915, 38.799, 39.019, 39.363, 39.711, 39.801, 40.123, 40.406, 40.387, 40.146, 40.084, 40.203, 40.405, 40.561, 40.58, 40.435, 40.038, 39.636, 39.498, 39.579, 39.689, 39.633, 39.601, 39.674, 39.633, 39.576, 39.658, 39.52, 39.258, 39.356, 39.426, 39.425], [39.253, 39.057, 39.269, 39.261, 38.882, 38.543, 38.267, 37.912, 37.886, 37.75, 37.332, 36.9, 36.735, 36.605, 36.162, 34.986, 32.684, 29.768, 28.233, 27.416, 25.886, 23.572, 19.838, 14.562, 8.022, 0.0, 8.492, 14.193, 16.533, 17.191, 18.435, 20.582, 22.299, 23.529, 24.599, 25.492, 26.275, 26.847, 27.546, 29.02, 30.449, 31.065, 32.661, 36.159, 39.021, 39.972, 40.256, 40.872, 41.228, 41.492, 41.963, 42.377, 42.474, 42.352, 42.32, 42.261, 41.894, 41.707, 41.878, 41.889, 41.987, 42.118, 42.017, 41.688, 41.369, 41.318, 41.542, 41.56, 41.271, 40.81, 40.78, 40.704, 40.458, 40.285, 40.33, 40.485, 40.49, 40.303, 40.064, 40.065, 40.116, 39.978, 39.975, 40.162, 40.122, 39.936, 39.841, 39.762, 39.68, 39.609, 39.583, 39.6, 39.776, 39.851, 39.756, 39.724, 39.742, 39.654, 39.589, 39.683, 39.748, 39.861, 40.143, 40.267, 40.097, 39.775, 39.532, 39.423, 39.267, 39.191, 39.263, 39.238, 39.146, 39.204, 39.221, 39.081, 39.278, 39.627, 39.951, 40.052, 40.436, 40.781, 40.769, 40.501, 40.438, 40.552, 40.743, 40.898, 40.929, 40.81, 40.459, 40.105, 39.992, 40.073, 40.146, 40.054, 40.02, 40.104, 40.052, 39.978, 40.051, 39.908, 39.621, 39.671, 39.728, 39.565], [39.399, 39.246, 39.458, 39.453, 39.152, 38.909, 38.669, 38.352, 38.404, 38.349, 37.973, 37.553, 37.407, 37.345, 37.021, 36.08, 34.066, 31.345, 29.942, 29.259, 27.897, 25.845, 22.822, 19.222, 14.958, 8.492, 0.0, 7.008, 10.633, 11.73, 13.43, 16.439, 18.787, 20.325, 21.566, 22.606, 23.479, 24.086, 24.875, 26.572, 28.246, 29.112, 31.104, 35.04, 38.265, 39.483, 39.926, 40.603, 40.981, 41.289, 41.86, 42.372, 42.479, 42.341, 42.302, 42.25, 41.905, 41.712, 41.86, 41.866, 41.989, 42.148, 42.046, 41.708, 41.386, 41.353, 41.572, 41.556, 41.221, 40.726, 40.675, 40.598, 40.376, 40.217, 40.247, 40.355, 40.313, 40.115, 39.901, 39.93, 39.988, 39.859, 39.902, 40.175, 40.241, 40.136, 40.072, 39.961, 39.826, 39.756, 39.77, 39.824, 39.999, 40.073, 40.026, 40.05, 40.065, 39.968, 39.917, 39.986, 40.014, 40.137, 40.442, 40.561, 40.359, 39.992, 39.707, 39.552, 39.327, 39.2, 39.26, 39.254, 39.175, 39.242, 39.264, 39.103, 39.288, 39.676, 40.015, 40.147, 40.608, 41.062, 41.042, 40.674, 40.6, 40.728, 40.912, 41.056, 41.091, 40.994, 40.69, 40.371, 40.27, 40.349, 40.368, 40.218, 40.181, 40.295, 40.244, 40.157, 40.236, 40.067, 39.695, 39.678, 39.74, 39.633], [39.544, 39.432, 39.68, 39.684, 39.426, 39.24, 39.022, 38.72, 38.817, 38.828, 38.492, 38.078, 37.933, 37.9, 37.64, 36.837, 35.032, 32.517, 31.241, 30.623, 29.349, 27.534, 25.052, 22.327, 19.221, 14.193, 7.008, 0.0, 4.883, 7.184, 9.702, 13.31, 16.092, 17.912, 19.311, 20.497, 21.479, 22.118, 22.944, 24.781, 26.581, 27.565, 29.852, 34.145, 37.652, 39.064, 39.626, 40.344, 40.761, 41.123, 41.745, 42.304, 42.42, 42.278, 42.241, 42.197, 41.857, 41.651, 41.783, 41.793, 41.934, 42.11, 42.02, 41.691, 41.361, 41.341, 41.575, 41.554, 41.191, 40.646, 40.551, 40.478, 40.285, 40.143, 40.162, 40.237, 40.169, 39.979, 39.799, 39.853, 39.912, 39.791, 39.868, 40.178, 40.303, 40.263, 40.231, 40.094, 39.904, 39.831, 39.876, 39.955, 40.112, 40.169, 40.148, 40.204, 40.217, 40.113, 40.056, 40.105, 40.121, 40.261, 40.585, 40.706, 40.497, 40.115, 39.816, 39.643, 39.378, 39.217, 39.271, 39.272, 39.192, 39.265, 39.305, 39.141, 39.325, 39.748, 40.111, 40.28, 40.766, 41.26, 41.231, 40.787, 40.69, 40.816, 40.996, 41.137, 41.177, 41.099, 40.831, 40.524, 40.415, 40.482, 40.465, 40.272, 40.231, 40.372, 40.331, 40.246, 40.334, 40.135, 39.677, 39.605, 39.68, 39.735], [39.478, 39.386, 39.683, 39.709, 39.479, 39.349, 39.163, 38.871, 38.992, 39.035, 38.722, 38.313, 38.172, 38.159, 37.915, 37.126, 35.394, 32.995, 31.767, 31.136, 29.886, 28.204, 26.032, 23.697, 20.936, 16.533, 10.633, 4.883, 0.0, 3.817, 8.008, 12.101, 14.938, 16.836, 18.303, 19.523, 20.539, 21.207, 22.075, 24.014, 25.878, 26.867, 29.244, 33.7, 37.321, 38.802, 39.398, 40.117, 40.552, 40.946, 41.576, 42.138, 42.251, 42.103, 42.072, 42.04, 41.705, 41.49, 41.601, 41.607, 41.761, 41.947, 41.867, 41.554, 41.217, 41.191, 41.464, 41.49, 41.145, 40.571, 40.44, 40.375, 40.204, 40.08, 40.106, 40.168, 40.082, 39.89, 39.718, 39.778, 39.832, 39.711, 39.803, 40.13, 40.272, 40.251, 40.225, 40.075, 39.853, 39.774, 39.84, 39.933, 40.073, 40.116, 40.11, 40.175, 40.18, 40.067, 39.999, 40.036, 40.06, 40.221, 40.56, 40.691, 40.484, 40.113, 39.83, 39.656, 39.373, 39.198, 39.247, 39.248, 39.17, 39.256, 39.313, 39.155, 39.361, 39.808, 40.175, 40.374, 40.875, 41.349, 41.282, 40.774, 40.647, 40.77, 40.946, 41.081, 41.124, 41.056, 40.797, 40.485, 40.369, 40.43, 40.4, 40.184, 40.143, 40.303, 40.273, 40.194, 40.293, 40.082, 39.582, 39.484, 39.562, 39.665], [39.208, 39.111, 39.436, 39.485, 39.259, 39.129, 38.933, 38.646, 38.804, 38.881, 38.587, 38.187, 38.069, 38.083, 37.845, 37.07, 35.383, 33.043, 31.844, 31.193, 29.919, 28.251, 26.149, 23.983, 21.416, 17.191, 11.73, 7.184, 3.817, 0.0, 5.41, 10.434, 13.651, 15.621, 17.106, 18.362, 19.425, 20.121, 21.05, 23.126, 25.103, 26.112, 28.511, 33.091, 36.824, 38.343, 38.945, 39.693, 40.154, 40.575, 41.237, 41.846, 41.981, 41.83, 41.81, 41.793, 41.464, 41.243, 41.341, 41.356, 41.54, 41.741, 41.644, 41.312, 40.962, 40.946, 41.265, 41.327, 40.981, 40.382, 40.227, 40.158, 39.985, 39.859, 39.895, 39.969, 39.884, 39.682, 39.501, 39.557, 39.607, 39.483, 39.585, 39.929, 40.079, 40.06, 40.029, 39.859, 39.605, 39.499, 39.553, 39.653, 39.8, 39.839, 39.843, 39.914, 39.904, 39.773, 39.704, 39.74, 39.765, 39.939, 40.297, 40.434, 40.223, 39.855, 39.576, 39.392, 39.1, 38.916, 38.962, 38.963, 38.893, 38.987, 39.043, 38.882, 39.117, 39.596, 39.981, 40.198, 40.706, 41.167, 41.051, 40.478, 40.326, 40.457, 40.631, 40.754, 40.795, 40.726, 40.456, 40.132, 40.02, 40.092, 40.066, 39.849, 39.816, 39.994, 39.973, 39.894, 40.003, 39.806, 39.301, 39.204, 39.285, 39.407], [38.571, 38.468, 38.828, 38.899, 38.661, 38.516, 38.308, 37.999, 38.164, 38.258, 37.969, 37.581, 37.499, 37.534, 37.326, 36.649, 35.13, 33.022, 32.015, 31.388, 30.047, 28.387, 26.381, 24.411, 22.191, 18.435, 13.43, 9.702, 8.008, 5.41, 0.0, 5.94, 10.181, 12.736, 14.4, 15.822, 17.1, 17.887, 18.779, 20.922, 23.062, 24.159, 26.638, 31.516, 35.576, 37.229, 37.876, 38.701, 39.221, 39.705, 40.458, 41.183, 41.387, 41.25, 41.234, 41.235, 40.917, 40.7, 40.788, 40.794, 40.989, 41.216, 41.115, 40.746, 40.364, 40.371, 40.759, 40.855, 40.481, 39.833, 39.64, 39.544, 39.343, 39.209, 39.27, 39.372, 39.295, 39.087, 38.897, 38.951, 38.999, 38.868, 38.976, 39.345, 39.524, 39.524, 39.496, 39.313, 39.013, 38.837, 38.84, 38.933, 39.086, 39.095, 39.084, 39.149, 39.119, 38.966, 38.909, 38.951, 38.977, 39.175, 39.557, 39.691, 39.46, 39.07, 38.771, 38.577, 38.29, 38.103, 38.14, 38.134, 38.064, 38.165, 38.225, 38.061, 38.31, 38.824, 39.247, 39.481, 39.991, 40.462, 40.295, 39.655, 39.49, 39.643, 39.823, 39.942, 39.979, 39.906, 39.619, 39.266, 39.144, 39.218, 39.203, 39.011, 39.001, 39.193, 39.176, 39.106, 39.246, 39.06, 38.539, 38.465, 38.568, 38.782], [38.15, 38.052, 38.441, 38.535, 38.3, 38.195, 38.054, 37.727, 37.854, 37.93, 37.644, 37.275, 37.218, 37.262, 37.089, 36.53, 35.235, 33.447, 32.672, 32.08, 30.704, 29.143, 27.384, 25.666, 23.728, 20.582, 16.439, 13.31, 12.101, 10.434, 5.94, 0.0, 5.266, 9.05, 11.328, 13.025, 14.641, 15.628, 16.383, 18.422, 20.712, 21.94, 24.535, 29.795, 34.273, 36.142, 36.889, 37.801, 38.386, 38.936, 39.754, 40.566, 40.834, 40.723, 40.708, 40.717, 40.433, 40.264, 40.357, 40.344, 40.529, 40.77, 40.689, 40.319, 39.925, 39.953, 40.393, 40.521, 40.135, 39.445, 39.213, 39.095, 38.878, 38.747, 38.835, 38.957, 38.885, 38.683, 38.5, 38.558, 38.61, 38.474, 38.573, 38.951, 39.159, 39.181, 39.158, 38.973, 38.653, 38.443, 38.416, 38.49, 38.626, 38.603, 38.564, 38.612, 38.567, 38.41, 38.372, 38.425, 38.469, 38.694, 39.091, 39.218, 38.966, 38.551, 38.228, 38.028, 37.761, 37.581, 37.606, 37.583, 37.505, 37.611, 37.682, 37.518, 37.749, 38.247, 38.675, 38.92, 39.418, 39.873, 39.677, 39.025, 38.862, 39.014, 39.203, 39.336, 39.375, 39.302, 39.008, 38.637, 38.502, 38.571, 38.567, 38.406, 38.415, 38.612, 38.598, 38.552, 38.728, 38.54, 37.999, 37.962, 38.088, 38.363], [38.255, 38.165, 38.546, 38.65, 38.431, 38.375, 38.321, 38.03, 38.133, 38.175, 37.894, 37.55, 37.51, 37.558, 37.405, 36.933, 35.805, 34.189, 33.481, 32.888, 31.524, 30.054, 28.476, 26.895, 25.077, 22.299, 18.787, 16.092, 14.938, 13.651, 10.181, 5.266, 0.0, 4.871, 8.281, 10.639, 12.668, 13.911, 14.706, 16.807, 19.27, 20.63, 23.432, 29.055, 33.81, 35.84, 36.677, 37.636, 38.259, 38.848, 39.685, 40.49, 40.763, 40.677, 40.674, 40.679, 40.417, 40.3, 40.433, 40.432, 40.608, 40.841, 40.775, 40.425, 40.049, 40.092, 40.537, 40.665, 40.277, 39.579, 39.334, 39.222, 39.019, 38.9, 38.992, 39.118, 39.058, 38.876, 38.71, 38.774, 38.827, 38.688, 38.769, 39.124, 39.323, 39.346, 39.321, 39.133, 38.824, 38.63, 38.606, 38.665, 38.788, 38.762, 38.711, 38.744, 38.689, 38.548, 38.541, 38.607, 38.656, 38.876, 39.264, 39.391, 39.144, 38.736, 38.413, 38.206, 37.949, 37.774, 37.793, 37.766, 37.683, 37.776, 37.844, 37.686, 37.895, 38.349, 38.752, 38.994, 39.472, 39.854, 39.624, 39.009, 38.875, 39.013, 39.186, 39.322, 39.365, 39.294, 39.017, 38.666, 38.537, 38.602, 38.612, 38.477, 38.497, 38.687, 38.674, 38.646, 38.833, 38.649, 38.121, 38.109, 38.236, 38.462], [38.675, 38.588, 38.944, 39.047, 38.843, 38.793, 38.765, 38.53, 38.653, 38.663, 38.367, 38.047, 38.029, 38.083, 37.947, 37.543, 36.523, 34.966, 34.245, 33.649, 32.314, 30.874, 29.346, 27.834, 26.115, 23.529, 20.325, 17.912, 16.836, 15.621, 12.736, 9.05, 4.871, 0.0, 4.468, 8.091, 10.821, 12.327, 13.376, 15.856, 18.53, 20.031, 23.189, 29.127, 33.986, 36.081, 36.963, 37.922, 38.542, 39.142, 39.983, 40.759, 41.026, 40.957, 40.974, 40.986, 40.735, 40.638, 40.789, 40.805, 40.98, 41.195, 41.124, 40.786, 40.427, 40.482, 40.924, 41.029, 40.64, 39.959, 39.732, 39.643, 39.467, 39.358, 39.438, 39.56, 39.525, 39.371, 39.218, 39.282, 39.331, 39.191, 39.258, 39.582, 39.761, 39.776, 39.747, 39.554, 39.261, 39.086, 39.071, 39.132, 39.249, 39.235, 39.189, 39.217, 39.149, 39.01, 39.022, 39.101, 39.139, 39.334, 39.702, 39.832, 39.611, 39.233, 38.922, 38.718, 38.46, 38.278, 38.304, 38.294, 38.213, 38.28, 38.331, 38.179, 38.369, 38.788, 39.176, 39.416, 39.876, 40.188, 39.924, 39.342, 39.238, 39.361, 39.499, 39.613, 39.657, 39.597, 39.346, 39.036, 38.927, 38.99, 39.005, 38.891, 38.92, 39.104, 39.091, 39.063, 39.244, 39.079, 38.589, 38.586, 38.706, 38.877], [39.093, 39.003, 39.347, 39.459, 39.277, 39.232, 39.199, 38.996, 39.149, 39.143, 38.818, 38.507, 38.51, 38.573, 38.461, 38.122, 37.191, 35.681, 34.961, 34.385, 33.085, 31.66, 30.152, 28.709, 27.074, 24.599, 21.566, 19.311, 18.303, 17.106, 14.4, 11.328, 8.281, 4.468, 0.0, 4.664, 8.332, 10.301, 11.663, 14.604, 17.546, 19.267, 22.971, 29.313, 34.245, 36.358, 37.254, 38.202, 38.801, 39.402, 40.248, 41.013, 41.284, 41.224, 41.251, 41.276, 41.043, 40.95, 41.089, 41.11, 41.3, 41.519, 41.448, 41.116, 40.762, 40.817, 41.259, 41.356, 40.985, 40.329, 40.114, 40.039, 39.877, 39.77, 39.841, 39.957, 39.938, 39.805, 39.666, 39.736, 39.785, 39.648, 39.709, 40.027, 40.207, 40.218, 40.182, 39.987, 39.707, 39.535, 39.528, 39.593, 39.695, 39.678, 39.642, 39.674, 39.594, 39.441, 39.451, 39.538, 39.578, 39.759, 40.109, 40.236, 40.03, 39.673, 39.372, 39.168, 38.889, 38.683, 38.723, 38.739, 38.665, 38.715, 38.754, 38.601, 38.779, 39.191, 39.585, 39.82