[[0.0, 4.728, 9.638, 13.539, 17.132, 21.048, 23.093, 24.58, 26.417, 26.874, 27.297, 29.49, 30.562, 30.733, 31.454, 32.076, 32.858, 34.201, 35.64, 36.845, 37.367, 37.937, 38.904, 39.389, 39.515, 39.905, 40.16, 40.044, 39.849, 39.782, 39.831, 39.948, 40.066, 40.207, 40.245, 40.924, 42.352, 43.291, 43.549, 43.787, 44.753, 45.762, 46.29, 46.487, 46.537, 46.626, 46.794, 46.36, 45.69, 45.489, 45.49, 45.747, 45.971, 45.454, 45.14, 45.158, 44.733, 43.933, 43.863, 44.538, 44.759, 43.947, 43.419, 43.693, 43.605, 42.906, 42.463, 42.616, 42.376, 41.599, 40.933, 40.449, 39.889, 39.537, 39.509, 39.603, 39.872, 40.28, 40.041, 39.311, 39.171, 39.555, 39.481, 39.246, 39.612, 40.109, 40.104, 40.055, 40.791, 42.13, 43.054, 43.29, 43.473, 43.319, 42.951, 42.72, 42.724, 42.62, 42.436, 42.39, 42.523, 42.935, 43.461, 43.513, 43.191, 43.235, 43.407, 43.3, 42.856, 41.947, 41.153, 41.261, 41.519, 41.286, 41.298, 42.105, 43.043, 43.345, 43.163, 43.481, 44.558, 45.816, 46.693, 47.208, 47.487, 47.615, 47.941, 48.577, 48.714, 47.96, 47.609, 48.146, 48.694, 49.325, 49.076, 46.233, 44.434, 44.454, 44.862, 45.031, 44.518, 43.046, 41.837, 41.66, 41.794, 41.629, 41.251, 41.423, 42.376, 43.333, 43.732, 43.929, 44.017, 43.678, 43.272, 43.233, 43.579, 43.922, 43.979, 44.006, 44.341, 44.538, 43.864, 43.205, 43.713, 44.7, 45.28, 45.22, 44.657, 44.173, 43.751, 43.373, 43.337, 43.317, 42.881, 42.424, 41.897, 41.32, 40.981, 40.857, 40.716, 40.559, 40.46, 40.346, 40.199, 40.25, 40.483, 40.571, 40.655, 40.765, 41.046, 41.46, 41.829, 41.996, 41.842, 41.551, 41.453, 41.707, 42.026, 41.883, 41.569, 41.53, 41.543, 41.459, 41.467, 4.667], [4.728, 0.0, 5.773, 10.914, 15.719, 20.109, 22.006, 23.554, 25.669, 26.123, 26.636, 29.112, 30.202, 30.3, 31.151, 31.921, 32.759, 34.145, 35.609, 36.786, 37.335, 38.055, 39.14, 39.643, 39.784, 40.196, 40.465, 40.368, 40.192, 40.128, 40.149, 40.242, 40.392, 40.579, 40.645, 41.295, 42.626, 43.543, 43.892, 44.193, 45.122, 46.075, 46.571, 46.735, 46.757, 46.831, 46.967, 46.497, 45.827, 45.669, 45.696, 45.944, 46.18, 45.717, 45.406, 45.424, 45.041, 44.273, 44.197, 44.852, 45.059, 44.245, 43.688, 43.938, 43.876, 43.153, 42.6, 42.678, 42.459, 41.729, 41.073, 40.598, 40.07, 39.759, 39.768, 39.868, 40.121, 40.531, 40.32, 39.609, 39.433, 39.826, 39.821, 39.646, 40.002, 40.469, 40.446, 40.419, 41.16, 42.441, 43.34, 43.617, 43.814, 43.642, 43.296, 43.093, 43.102, 43.014, 42.842, 42.78, 42.871, 43.224, 43.693, 43.723, 43.427, 43.503, 43.637, 43.481, 43.049, 42.191, 41.423, 41.527, 41.819, 41.646, 41.636, 42.354, 43.209, 43.468, 43.29, 43.617, 44.663, 45.879, 46.74, 47.269, 47.586, 47.741, 48.045, 48.637, 48.762, 48.034, 47.718, 48.274, 48.82, 49.42, 49.198, 46.427, 44.679, 44.719, 45.12, 45.274, 44.803, 43.427, 42.273, 42.053, 42.138, 41.97, 41.635, 41.808, 42.668, 43.498, 43.809, 43.972, 44.067, 43.749, 43.37, 43.354, 43.693, 44.042, 44.138, 44.185, 44.497, 44.694, 44.061, 43.399, 43.835, 44.743, 45.284, 45.27, 44.841, 44.5, 44.131, 43.69, 43.547, 43.513, 43.158, 42.749, 42.217, 41.648, 41.335, 41.225, 41.08, 40.886, 40.749, 40.623, 40.442, 40.404, 40.571, 40.67, 40.764, 40.801, 41.025, 41.511, 41.962, 42.166, 42.028, 41.745, 41.638, 41.877, 42.196, 42.066, 41.717, 41.62, 41.619, 41.535, 41.534, 8.401], [9.638, 5.773, 0.0, 6.511, 13.447, 19.001, 20.906, 22.356, 24.653, 25.115, 25.733, 28.557, 29.791, 29.845, 30.738, 31.631, 32.603, 34.109, 35.666, 36.892, 37.479, 38.299, 39.485, 40.037, 40.209, 40.628, 40.887, 40.802, 40.651, 40.6, 40.592, 40.64, 40.8, 41.042, 41.15, 41.764, 43.009, 43.902, 44.331, 44.696, 45.593, 46.489, 46.957, 47.101, 47.108, 47.172, 47.304, 46.837, 46.189, 46.074, 46.11, 46.354, 46.607, 46.183, 45.844, 45.838, 45.483, 44.73, 44.623, 45.237, 45.425, 44.621, 44.068, 44.301, 44.24, 43.534, 42.966, 43.016, 42.812, 42.124, 41.465, 40.973, 40.446, 40.151, 40.18, 40.288, 40.539, 40.952, 40.768, 40.081, 39.886, 40.288, 40.352, 40.218, 40.531, 40.963, 40.934, 40.912, 41.625, 42.847, 43.737, 44.061, 44.271, 44.09, 43.774, 43.597, 43.602, 43.525, 43.376, 43.299, 43.344, 43.652, 44.081, 44.098, 43.824, 43.918, 44.063, 43.953, 43.585, 42.788, 42.038, 42.123, 42.43, 42.294, 42.269, 42.928, 43.736, 43.99, 43.837, 44.157, 45.143, 46.287, 47.1, 47.622, 47.973, 48.162, 48.443, 48.976, 49.069, 48.356, 48.076, 48.651, 49.166, 49.697, 49.468, 46.761, 45.09, 45.16, 45.546, 45.687, 45.25, 43.954, 42.831, 42.545, 42.581, 42.423, 42.132, 42.31, 43.096, 43.824, 44.046, 44.157, 44.25, 43.965, 43.613, 43.621, 43.975, 44.344, 44.476, 44.546, 44.853, 45.058, 44.49, 43.87, 44.282, 45.146, 45.661, 45.708, 45.416, 45.143, 44.73, 44.221, 44.03, 43.989, 43.655, 43.241, 42.68, 42.108, 41.816, 41.725, 41.583, 41.352, 41.171, 41.021, 40.778, 40.635, 40.723, 40.813, 40.896, 40.859, 41.053, 41.604, 42.13, 42.366, 42.222, 41.938, 41.842, 42.095, 42.426, 42.309, 41.954, 41.849, 41.856, 41.789, 41.795, 12.229], [13.539, 10.914, 6.511, 0.0, 8.891, 16.451, 19.311, 20.954, 23.214, 23.671, 24.486, 27.65, 29.111, 29.258, 30.145, 30.992, 31.966, 33.567, 35.267, 36.613, 37.227, 38.062, 39.327, 39.956, 40.171, 40.623, 40.909, 40.835, 40.685, 40.645, 40.645, 40.668, 40.753, 40.919, 40.985, 41.581, 42.857, 43.775, 44.209, 44.585, 45.5, 46.401, 46.861, 47.004, 47.025, 47.1, 47.252, 46.801, 46.162, 46.07, 46.125, 46.386, 46.655, 46.214, 45.836, 45.803, 45.423, 44.622, 44.467, 45.059, 45.222, 44.389, 43.864, 44.133, 44.06, 43.4, 42.944, 43.051, 42.825, 42.135, 41.464, 40.931, 40.35, 40.02, 40.043, 40.15, 40.409, 40.832, 40.651, 39.943, 39.742, 40.129, 40.18, 40.019, 40.306, 40.756, 40.757, 40.713, 41.385, 42.605, 43.513, 43.852, 44.073, 43.909, 43.61, 43.437, 43.429, 43.324, 43.161, 43.078, 43.13, 43.453, 43.894, 43.913, 43.622, 43.686, 43.868, 43.839, 43.547, 42.79, 42.016, 42.084, 42.394, 42.255, 42.274, 42.997, 43.84, 44.134, 44.016, 44.333, 45.302, 46.431, 47.229, 47.744, 48.115, 48.336, 48.645, 49.176, 49.226, 48.472, 48.197, 48.776, 49.273, 49.778, 49.501, 46.767, 45.098, 45.13, 45.468, 45.573, 45.092, 43.753, 42.591, 42.28, 42.334, 42.193, 41.885, 42.045, 42.855, 43.625, 43.846, 43.917, 43.994, 43.708, 43.345, 43.365, 43.757, 44.16, 44.307, 44.392, 44.734, 44.991, 44.495, 43.933, 44.398, 45.3, 45.805, 45.857, 45.587, 45.24, 44.69, 44.173, 44.083, 44.053, 43.627, 43.134, 42.55, 41.977, 41.68, 41.592, 41.455, 41.231, 41.058, 40.898, 40.614, 40.44, 40.538, 40.642, 40.722, 40.683, 40.919, 41.485, 42.029, 42.265, 42.098, 41.804, 41.729, 42.016, 42.353, 42.225, 41.883, 41.814, 41.845, 41.812, 41.849, 15.428], [17.132, 15.719, 13.447, 8.891, 0.0, 9.485, 14.673, 17.715, 20.193, 20.799, 22.026, 25.558, 27.228, 27.621, 28.622, 29.338, 30.227, 31.939, 33.747, 35.165, 35.79, 36.637, 38.025, 38.753, 38.997, 39.523, 39.88, 39.809, 39.617, 39.574, 39.672, 39.821, 39.83, 39.787, 39.746, 40.427, 41.941, 43.045, 43.458, 43.78, 44.754, 45.721, 46.204, 46.373, 46.425, 46.528, 46.717, 46.264, 45.587, 45.485, 45.561, 45.84, 46.082, 45.508, 45.062, 45.01, 44.537, 43.614, 43.433, 44.073, 44.22, 43.297, 42.784, 43.143, 43.051, 42.416, 42.121, 42.346, 42.087, 41.33, 40.622, 40.045, 39.385, 38.977, 38.948, 39.023, 39.305, 39.76, 39.533, 38.741, 38.578, 38.972, 38.916, 38.653, 38.953, 39.49, 39.549, 39.485, 40.194, 41.574, 42.569, 42.899, 43.121, 42.967, 42.624, 42.399, 42.35, 42.16, 41.926, 41.864, 42.028, 42.451, 42.953, 42.979, 42.629, 42.628, 42.753, 42.634, 42.333, 41.549, 40.7, 40.775, 41.089, 40.899, 41.005, 41.903, 42.865, 43.223, 43.123, 43.47, 44.547, 45.792, 46.648, 47.182, 47.573, 47.826, 48.21, 48.82, 48.849, 47.997, 47.677, 48.266, 48.815, 49.401, 49.056, 46.107, 44.24, 44.151, 44.445, 44.525, 43.936, 42.397, 41.112, 40.919, 41.135, 41.013, 40.585, 40.697, 41.674, 42.666, 42.995, 43.094, 43.166, 42.827, 42.39, 42.389, 42.815, 43.23, 43.346, 43.417, 43.807, 44.139, 43.695, 43.189, 43.778, 44.814, 45.322, 45.275, 44.852, 44.292, 43.564, 43.06, 43.146, 43.148, 42.536, 41.898, 41.302, 40.741, 40.42, 40.323, 40.206, 40.032, 39.913, 39.775, 39.536, 39.474, 39.712, 39.878, 39.988, 40.058, 40.407, 40.939, 41.455, 41.672, 41.472, 41.146, 41.067, 41.378, 41.722, 41.571, 41.225, 41.18, 41.231, 41.246, 41.344, 18.446], [21.048, 20.109, 19.001, 16.451, 9.485, 0.0, 7.766, 13.58, 17.249, 18.306, 19.973, 23.741, 25.458, 26.127, 27.406, 28.127, 29.033, 30.817, 32.526, 33.843, 34.46, 35.375, 36.886, 37.679, 37.917, 38.494, 38.905, 38.84, 38.621, 38.591, 38.895, 39.348, 39.429, 39.255, 39.139, 39.851, 41.49, 42.742, 43.159, 43.426, 44.418, 45.429, 45.919, 46.086, 46.15, 46.262, 46.443, 45.973, 45.27, 45.133, 45.184, 45.443, 45.652, 44.961, 44.489, 44.458, 43.928, 42.948, 42.801, 43.496, 43.653, 42.71, 42.213, 42.612, 42.507, 41.893, 41.699, 41.997, 41.737, 40.932, 40.198, 39.614, 38.949, 38.518, 38.423, 38.451, 38.747, 39.231, 38.985, 38.163, 38.065, 38.496, 38.361, 38.0, 38.283, 38.865, 38.96, 38.897, 39.661, 41.171, 42.217, 42.53, 42.741, 42.567, 42.169, 41.899, 41.824, 41.584, 41.286, 41.227, 41.471, 41.955, 42.495, 42.521, 42.136, 42.143, 42.18, 41.819, 41.425, 40.606, 39.729, 39.826, 40.144, 39.931, 40.102, 41.127, 42.197, 42.613, 42.514, 42.87, 44.021, 45.35, 46.255, 46.811, 47.208, 47.455, 47.866, 48.533, 48.56, 47.634, 47.272, 47.89, 48.507, 49.175, 48.81, 45.671, 43.585, 43.374, 43.655, 43.757, 43.11, 41.435, 40.101, 40.066, 40.443, 40.349, 39.848, 39.945, 41.067, 42.224, 42.65, 42.813, 42.913, 42.54, 42.052, 42.031, 42.466, 42.875, 42.952, 42.978, 43.349, 43.706, 43.305, 42.855, 43.519, 44.61, 45.112, 44.987, 44.427, 43.705, 42.856, 42.334, 42.505, 42.519, 41.782, 41.058, 40.482, 39.951, 39.62, 39.531, 39.449, 39.31, 39.2, 39.067, 38.908, 38.985, 39.337, 39.532, 39.645, 39.792, 40.221, 40.729, 41.223, 41.44, 41.23, 40.877, 40.778, 41.087, 41.442, 41.292, 40.943, 40.9, 40.96, 41.005, 41.144, 22.033], [23.093, 22.006, 20.906, 19.311, 14.673, 7.766, 0.0, 8.142, 14.04, 15.823, 17.67, 22.026, 23.974, 24.725, 26.242, 27.212, 28.362, 30.246, 31.881, 33.136, 33.764, 34.753, 36.369, 37.233, 37.46, 37.998, 38.367, 38.289, 38.096, 38.117, 38.574, 39.32, 39.668, 39.613, 39.544, 40.259, 41.834, 43.052, 43.512, 43.813, 44.761, 45.723, 46.205, 46.396, 46.48, 46.586, 46.746, 46.284, 45.605, 45.446, 45.447, 45.697, 45.921, 45.187, 44.64, 44.602, 44.115, 43.166, 43.01, 43.67, 43.829, 42.954, 42.497, 42.854, 42.74, 42.186, 42.066, 42.398, 42.156, 41.35, 40.601, 40.008, 39.359, 38.953, 38.855, 38.898, 39.218, 39.696, 39.461, 38.685, 38.597, 39.049, 38.952, 38.614, 38.866, 39.395, 39.468, 39.428, 40.201, 41.67, 42.68, 43.004, 43.205, 42.992, 42.598, 42.365, 42.322, 42.1, 41.79, 41.695, 41.897, 42.339, 42.862, 42.896, 42.523, 42.601, 42.706, 42.304, 41.858, 41.052, 40.23, 40.342, 40.641, 40.441, 40.656, 41.731, 42.829, 43.247, 43.134, 43.463, 44.575, 45.868, 46.769, 47.336, 47.729, 47.936, 48.287, 48.929, 48.964, 48.036, 47.658, 48.296, 48.957, 49.646, 49.298, 46.16, 44.014, 43.751, 44.028, 44.118, 43.453, 41.773, 40.467, 40.452, 40.811, 40.701, 40.219, 40.368, 41.486, 42.59, 43.007, 43.2, 43.321, 42.963, 42.502, 42.502, 42.937, 43.345, 43.428, 43.439, 43.761, 44.099, 43.715, 43.26, 43.864, 44.883, 45.356, 45.234, 44.687, 43.985, 43.13, 42.541, 42.64, 42.627, 41.903, 41.203, 40.645, 40.136, 39.829, 39.741, 39.645, 39.489, 39.349, 39.203, 39.067, 39.154, 39.466, 39.62, 39.705, 39.825, 40.245, 40.79, 41.316, 41.564, 41.375, 41.028, 40.934, 41.255, 41.615, 41.472, 41.149, 41.133, 41.19, 41.211, 41.331, 24.02], [24.58, 23.554, 22.356, 20.954, 17.715, 13.58, 8.142, 0.0, 7.653, 10.596, 12.812, 18.276, 21.066, 22.066, 23.657, 24.816, 26.228, 28.326, 30.181, 31.66, 32.345, 33.281, 34.969, 35.996, 36.277, 36.778, 37.127, 37.099, 37.047, 37.249, 37.846, 38.746, 39.334, 39.513, 39.61, 40.411, 41.982, 43.124, 43.542, 43.834, 44.755, 45.667, 46.155, 46.413, 46.546, 46.665, 46.879, 46.483, 45.81, 45.609, 45.566, 45.844, 46.069, 45.247, 44.584, 44.521, 44.057, 43.082, 42.851, 43.46, 43.641, 42.841, 42.432, 42.746, 42.601, 42.128, 42.155, 42.58, 42.335, 41.465, 40.644, 39.999, 39.313, 38.904, 38.853, 38.963, 39.306, 39.743, 39.487, 38.762, 38.704, 39.133, 39.061, 38.787, 39.069, 39.568, 39.607, 39.545, 40.339, 41.829, 42.829, 43.148, 43.362, 43.154, 42.771, 42.574, 42.559, 42.328, 41.995, 41.885, 42.083, 42.52, 43.053, 43.113, 42.732, 42.822, 43.079, 42.855, 42.42, 41.598, 40.846, 40.996, 41.214, 40.944, 41.224, 42.413, 43.567, 44.001, 43.893, 44.219, 45.314, 46.585, 47.472, 48.044, 48.431, 48.594, 48.879, 49.481, 49.526, 48.611, 48.197, 48.814, 49.494, 50.211, 49.873, 46.734, 44.522, 44.274, 44.624, 44.723, 44.009, 42.268, 40.907, 40.842, 41.161, 41.018, 40.52, 40.684, 41.779, 42.832, 43.239, 43.439, 43.543, 43.17, 42.721, 42.748, 43.195, 43.607, 43.7, 43.723, 44.038, 44.351, 43.921, 43.402, 43.958, 44.961, 45.436, 45.318, 44.749, 44.011, 43.104, 42.426, 42.439, 42.386, 41.668, 40.972, 40.384, 39.857, 39.559, 39.45, 39.318, 39.161, 39.037, 38.877, 38.701, 38.738, 39.005, 39.12, 39.176, 39.293, 39.768, 40.385, 40.969, 41.248, 41.063, 40.721, 40.669, 41.043, 41.41, 41.26, 40.981, 41.031, 41.098, 41.103, 41.205, 25.236], [26.417, 25.669, 24.653, 23.214, 20.193, 17.249, 14.04, 7.653, 0.0, 4.532, 8.605, 15.234, 18.791, 20.288, 21.926, 22.999, 24.373, 26.571, 28.701, 30.44, 31.15, 31.977, 33.678, 34.837, 35.195, 35.726, 36.125, 36.201, 36.313, 36.704, 37.429, 38.325, 38.924, 39.241, 39.474, 40.344, 41.948, 43.046, 43.369, 43.574, 44.468, 45.364, 45.849, 46.132, 46.282, 46.411, 46.687, 46.373, 45.721, 45.481, 45.41, 45.72, 45.933, 45.044, 44.33, 44.264, 43.785, 42.749, 42.444, 43.02, 43.211, 42.424, 42.024, 42.319, 42.133, 41.695, 41.818, 42.305, 42.045, 41.113, 40.228, 39.538, 38.831, 38.427, 38.419, 38.582, 38.946, 39.364, 39.097, 38.431, 38.439, 38.834, 38.735, 38.494, 38.818, 39.319, 39.34, 39.226, 39.991, 41.496, 42.493, 42.803, 43.059, 42.913, 42.548, 42.36, 42.364, 42.127, 41.78, 41.684, 41.925, 42.382, 42.917, 42.988, 42.584, 42.612, 42.911, 42.817, 42.414, 41.588, 40.918, 41.123, 41.284, 40.955, 41.283, 42.562, 43.768, 44.236, 44.154, 44.499, 45.613, 46.9, 47.779, 48.339, 48.711, 48.848, 49.104, 49.684, 49.729, 48.811, 48.357, 48.94, 49.605, 50.318, 49.979, 46.821, 44.557, 44.317, 44.737, 44.873, 44.131, 42.334, 40.898, 40.791, 41.113, 40.961, 40.436, 40.561, 41.626, 42.674, 43.092, 43.299, 43.378, 42.968, 42.517, 42.574, 43.052, 43.479, 43.568, 43.588, 43.907, 44.2, 43.738, 43.19, 43.743, 44.758, 45.226, 45.093, 44.509, 43.718, 42.723, 42.011, 42.003, 41.925, 41.194, 40.49, 39.875, 39.323, 39.038, 38.941, 38.788, 38.632, 38.537, 38.365, 38.134, 38.149, 38.422, 38.518, 38.557, 38.721, 39.269, 39.902, 40.496, 40.784, 40.598, 40.27, 40.266, 40.692, 41.074, 40.921, 40.684, 40.805, 40.906, 40.915, 41.011, 26.79], [26.874, 26.123, 25.115, 23.671, 20.799, 18.306, 15.823, 10.596, 4.532, 0.0, 6.252, 14.255, 18.13, 19.742, 21.493, 22.594, 23.944, 26.222, 28.519, 30.335, 31.036, 31.881, 33.583, 34.718, 35.081, 35.635, 36.045, 36.13, 36.268, 36.689, 37.41, 38.244, 38.811, 39.166, 39.447, 40.382, 42.034, 43.146, 43.448, 43.613, 44.487, 45.378, 45.868, 46.154, 46.297, 46.426, 46.707, 46.398, 45.761, 45.532, 45.47, 45.796, 46.007, 45.102, 44.366, 44.292, 43.819, 42.776, 42.458, 43.027, 43.202, 42.385, 41.955, 42.22, 42.002, 41.54, 41.643, 42.121, 41.867, 40.946, 40.056, 39.355, 38.65, 38.258, 38.271, 38.455, 38.837, 39.266, 39.001, 38.351, 38.366, 38.747, 38.648, 38.406, 38.733, 39.235, 39.247, 39.119, 39.869, 41.359, 42.354, 42.67, 42.941, 42.809, 42.454, 42.273, 42.281, 42.041, 41.68, 41.566, 41.792, 42.232, 42.752, 42.822, 42.426, 42.445, 42.747, 42.706, 42.333, 41.5, 40.836, 41.064, 41.231, 40.895, 41.218, 42.495, 43.694, 44.15, 44.061, 44.414, 45.551, 46.857, 47.742, 48.304, 48.681, 48.825, 49.078, 49.651, 49.699, 48.775, 48.294, 48.857, 49.517, 50.209, 49.872, 46.743, 44.509, 44.278, 44.696, 44.829, 44.092, 42.301, 40.838, 40.677, 40.975, 40.822, 40.3, 40.411, 41.439, 42.454, 42.852, 43.053, 43.125, 42.71, 42.286, 42.385, 42.893, 43.343, 43.445, 43.465, 43.773, 44.053, 43.587, 43.025, 43.545, 44.518, 44.961, 44.841, 44.319, 43.586, 42.604, 41.856, 41.805, 41.723, 41.027, 40.342, 39.705, 39.127, 38.85, 38.771, 38.606, 38.424, 38.321, 38.156, 37.899, 37.853, 38.077, 38.153, 38.193, 38.366, 38.918, 39.568, 40.182, 40.482, 40.297, 39.973, 39.985, 40.441, 40.845, 40.696, 40.453, 40.582, 40.691, 40.695, 40.781, 27.237], [27.297, 26.636, 25.733, 24.486, 22.026, 19.973, 17.67, 12.812, 8.605, 6.252, 0.0, 9.516, 14.667, 16.878, 18.796, 20.102, 21.804, 24.437, 27.006, 29.002, 29.784, 30.632, 32.319, 33.505, 33.907, 34.46, 34.885, 35.008, 35.19, 35.669, 36.456, 37.375, 38.026, 38.449, 38.806, 39.878, 41.678, 42.867, 43.124, 43.224, 44.091, 45.003, 45.551, 45.892, 46.05, 46.18, 46.468, 46.136, 45.479, 45.248, 45.177, 45.514, 45.721, 44.754, 43.97, 43.866, 43.391, 42.376, 42.077, 42.663, 42.849, 42.031, 41.59, 41.788, 41.51, 41.085, 41.315, 41.888, 41.642, 40.69, 39.776, 39.055, 38.298, 37.832, 37.801, 37.991, 38.397, 38.823, 38.538, 37.887, 37.932, 38.332, 38.187, 37.874, 38.214, 38.744, 38.761, 38.638, 39.427, 40.994, 42.031, 42.285, 42.426, 42.219, 41.84, 41.652, 41.66, 41.407, 41.028, 40.909, 41.151, 41.625, 42.18, 42.272, 41.858, 41.842, 42.179, 42.219, 41.867, 40.992, 40.297, 40.569, 40.726, 40.337, 40.689, 42.026, 43.252, 43.708, 43.605, 43.978, 45.174, 46.533, 47.444, 48.02, 48.406, 48.562, 48.835, 49.43, 49.497, 48.564, 48.054, 48.618, 49.311, 50.007, 49.635, 46.442, 44.13, 43.887, 44.315, 44.42, 43.629, 41.779, 40.312, 40.189, 40.5, 40.328, 39.756, 39.861, 40.99, 42.101, 42.538, 42.749, 42.815, 42.37, 41.913, 41.996, 42.5, 42.949, 43.039, 43.052, 43.384, 43.698, 43.238, 42.697, 43.259, 44.261, 44.724, 44.554, 43.845, 42.922, 41.933, 41.205, 41.178, 41.091, 40.352, 39.633, 38.97, 38.37, 38.085, 38.004, 37.842, 37.673, 37.597, 37.493, 37.297, 37.25, 37.443, 37.5, 37.561, 37.797, 38.387, 39.027, 39.633, 39.946, 39.765, 39.431, 39.449, 39.923, 40.332, 40.17, 39.934, 40.084, 40.186, 40.175, 40.262, 27.521], [29.49, 29.112, 28.557, 27.65, 25.558, 23.741, 22.026, 18.276, 15.234, 14.255, 9.516, 0.0, 7.478, 12.011, 14.732, 16.256, 18.351, 21.301, 23.994, 26.151, 27.097, 27.983, 29.673, 31.009, 31.539, 32.213, 32.795, 33.032, 33.262, 33.817, 34.785, 35.917, 36.666, 37.175, 37.703, 38.922, 40.897, 42.242, 42.431, 42.427, 43.32, 44.303, 44.917, 45.297, 45.448, 45.569, 45.878, 45.53, 44.825, 44.552, 44.442, 44.778, 45.001, 43.977, 43.184, 43.055, 42.516, 41.493, 41.238, 41.866, 42.067, 41.271, 40.885, 41.093, 40.763, 40.403, 40.856, 41.611, 41.384, 40.358, 39.398, 38.637, 37.806, 37.247, 37.153, 37.334, 37.764, 38.201, 37.883, 37.193, 37.3, 37.744, 37.46, 36.941, 37.246, 37.845, 37.92, 37.758, 38.53, 40.21, 41.308, 41.445, 41.416, 41.146, 40.72, 40.483, 40.478, 40.203, 39.798, 39.698, 40.022, 40.585, 41.199, 41.307, 40.823, 40.688, 40.999, 41.054, 40.694, 39.819, 39.175, 39.526, 39.656, 39.225, 39.709, 41.212, 42.517, 43.01, 42.917, 43.319, 44.615, 46.074, 47.033, 47.62, 47.987, 48.125, 48.439, 49.115, 49.212, 48.252, 47.703, 48.249, 48.974, 49.75, 49.346, 45.989, 43.436, 43.043, 43.461, 43.556, 42.648, 40.671, 39.257, 39.321, 39.736, 39.532, 38.852, 38.922, 40.234, 41.567, 42.117, 42.379, 42.479, 42.017, 41.488, 41.508, 42.002, 42.44, 42.485, 42.476, 42.87, 43.248, 42.813, 42.369, 43.105, 44.256, 44.789, 44.484, 43.36, 42.003, 40.877, 40.27, 40.41, 40.313, 39.421, 38.615, 37.944, 37.322, 37.005, 36.914, 36.759, 36.648, 36.685, 36.7, 36.655, 36.768, 37.085, 37.171, 37.256, 37.642, 38.37, 38.933, 39.431, 39.709, 39.532, 39.214, 39.264, 39.764, 40.173, 40.009, 39.831, 40.043, 40.144, 40.121, 40.226, 29.524], [30.562, 30.202, 29.791, 29.111, 27.228, 25.458, 23.974, 21.066, 18.791, 18.13, 14.667, 7.478, 0.0, 6.634, 11.235, 13.459, 15.761, 18.834, 21.456, 23.541, 24.603, 25.816, 27.755, 29.169, 29.748, 30.597, 31.306, 31.48, 31.54, 31.992, 33.005, 34.256, 35.053, 35.634, 36.331, 37.705, 39.862, 41.447, 41.759, 41.837, 42.827, 43.899, 44.54, 44.894, 45.013, 45.122, 45.418, 44.996, 44.223, 43.959, 43.869, 44.204, 44.46, 43.452, 42.711, 42.601, 41.998, 40.932, 40.724, 41.404, 41.586, 40.741, 40.372, 40.653, 40.31, 39.849, 40.271, 41.076, 40.876, 39.855, 38.912, 38.161, 37.327, 36.788, 36.712, 36.894, 37.357, 37.856, 37.527, 36.761, 36.86, 37.326, 36.984, 36.355, 36.631, 37.288, 37.434, 37.248, 37.957, 39.647, 40.762, 40.859, 40.801, 40.545, 40.098, 39.816, 39.796, 39.521, 39.094, 38.98, 39.311, 39.892, 40.515, 40.603, 40.089, 39.939, 40.2, 40.12, 39.653, 38.724, 38.049, 38.409, 38.576, 38.222, 38.81, 40.344, 41.602, 42.073, 41.97, 42.353, 43.681, 45.205, 46.224, 46.861, 47.258, 47.401, 47.746, 48.503, 48.645, 47.662, 47.07, 47.586, 48.341, 49.266, 48.922, 45.428, 42.647, 42.087, 42.467, 42.56, 41.569, 39.511, 38.154, 38.345, 38.83, 38.631, 37.942, 38.098, 39.608, 41.088, 41.679, 41.97, 42.131, 41.71, 41.171, 41.176, 41.683, 42.129, 42.176, 42.18, 42.591, 42.976, 42.578, 42.243, 43.112, 44.354, 44.92, 44.544, 43.23, 41.696, 40.516, 39.97, 40.213, 40.118, 39.153, 38.319, 37.656, 37.013, 36.649, 36.533, 36.389, 36.317, 36.409, 36.469, 36.491, 36.689, 37.089, 37.212, 37.305, 37.725, 38.472, 38.959, 39.354, 39.582, 39.395, 39.075, 39.117, 39.604, 40.016, 39.859, 39.693, 39.908, 40.002, 39.971, 40.081, 30.659], [30.733, 30.3, 29.845, 29.258, 27.621, 26.127, 24.725, 22.066, 20.288, 19.742, 16.878, 12.011, 6.634, 0.0, 6.231, 9.993, 13.203, 16.741, 19.729, 22.016, 23.18, 24.652, 26.895, 28.455, 29.074, 29.929, 30.583, 30.639, 30.609, 31.046, 32.055, 33.311, 34.171, 34.855, 35.62, 37.09, 39.376, 41.078, 41.566, 41.847, 42.938, 44.038, 44.69, 45.037, 45.141, 45.236, 45.518, 45.057, 44.267, 44.056, 44.017, 44.35, 44.597, 43.6, 42.864, 42.767, 42.185, 41.121, 40.903, 41.58, 41.753, 40.891, 40.494, 40.759, 40.404, 39.85, 40.162, 40.926, 40.734, 39.727, 38.793, 38.052, 37.233, 36.739, 36.696, 36.853, 37.28, 37.789, 37.487, 36.749, 36.839, 37.305, 37.019, 36.487, 36.814, 37.467, 37.603, 37.406, 38.097, 39.774, 40.901, 41.04, 41.029, 40.795, 40.348, 40.054, 40.028, 39.785, 39.392, 39.256, 39.522, 40.075, 40.701, 40.792, 40.302, 40.206, 40.517, 40.46, 39.952, 38.916, 38.094, 38.357, 38.547, 38.246, 38.785, 40.208, 41.385, 41.814, 41.695, 42.039, 43.289, 44.74, 45.731, 46.383, 46.817, 46.987, 47.309, 48.045, 48.193, 47.217, 46.614, 47.097, 47.834, 48.856, 48.62, 45.098, 42.271, 41.735, 42.136, 42.254, 41.295, 39.261, 37.888, 38.025, 38.516, 38.392, 37.817, 38.087, 39.656, 41.14, 41.706, 41.968, 42.129, 41.733, 41.223, 41.259, 41.794, 42.26, 42.342, 42.369, 42.759, 43.111, 42.709, 42.398, 43.278, 44.506, 45.063, 44.712, 43.446, 41.979, 40.859, 40.314, 40.528, 40.432, 39.515, 38.714, 38.054, 37.405, 37.015, 36.882, 36.754, 36.689, 36.751, 36.778, 36.784, 36.943, 37.287, 37.403, 37.503, 37.868, 38.534, 38.99, 39.336, 39.516, 39.295, 38.951, 38.958, 39.392, 39.789, 39.636, 39.45, 39.625, 39.69, 39.638, 39.74, 30.823], [31.454, 31.151, 30.738, 30.145, 28.622, 27.406, 26.242, 23.657, 21.926, 21.493, 18.796, 14.732, 11.235, 6.231, 0.0, 5.435, 10.654, 15.143, 18.688, 21.417, 22.731, 24.095, 26.289, 27.988, 28.702, 29.486, 30.066, 30.151, 30.264, 30.858, 31.939, 33.191, 34.077, 34.825, 35.621, 37.147, 39.481, 41.136, 41.633, 42.011, 43.165, 44.262, 44.918, 45.287, 45.399, 45.486, 45.778, 45.357, 44.622, 44.44, 44.409, 44.729, 44.942, 43.934, 43.166, 43.055, 42.526, 41.515, 41.279, 41.918, 42.105, 41.279, 40.877, 41.084, 40.721, 40.257, 40.668, 41.455, 41.239, 40.198, 39.227, 38.459, 37.642, 37.168, 37.129, 37.256, 37.617, 38.066, 37.778, 37.127, 37.263, 37.726, 37.45, 36.952, 37.269, 37.873, 37.972, 37.764, 38.461, 40.146, 41.28, 41.421, 41.399, 41.177, 40.743, 40.449, 40.421, 40.207, 39.864, 39.726, 39.949, 40.491, 41.132, 41.246, 40.752, 40.62, 40.98, 41.061, 40.614, 39.559, 38.69, 38.897, 39.061, 38.722, 39.188, 40.589, 41.804, 42.255, 42.135, 42.469, 43.677, 45.065, 46.004, 46.614, 47.017, 47.171, 47.467, 48.153, 48.277, 47.314, 46.723, 47.2, 47.907, 48.889, 48.64, 45.135, 42.373, 41.934, 42.378, 42.519, 41.606, 39.622, 38.256, 38.37, 38.866, 38.772, 38.231, 38.503, 40.048, 41.538, 42.123, 42.366, 42.486, 42.079, 41.605, 41.679, 42.234, 42.704, 42.78, 42.801, 43.187, 43.527, 43.106, 42.788, 43.666, 44.88, 45.428, 45.084, 43.814, 42.311, 41.169, 40.665, 40.922, 40.842, 39.93, 39.119, 38.464, 37.829, 37.425, 37.282, 37.173, 37.128, 37.188, 37.212, 37.227, 37.381, 37.683, 37.781, 37.886, 38.24, 38.864, 39.266, 39.534, 39.645, 39.392, 39.059, 39.079, 39.491, 39.863, 39.718, 39.563, 39.757, 39.811, 39.75, 39.858, 31.355], [32.076, 31.921, 31.631, 30.992, 29.338, 28.127, 27.212, 24.816, 22.999, 22.594, 20.102, 16.256, 13.459, 9.993, 5.435, 0.0, 6.692, 12.421, 16.79, 20.073, 21.576, 22.853, 25.029, 26.844, 27.662, 28.544, 29.254, 29.499, 29.786, 30.495, 31.631, 32.879, 33.72, 34.426, 35.203, 36.768, 39.168, 40.811, 41.242, 41.612, 42.849, 44.017, 44.707, 45.089, 45.202, 45.294, 45.603, 45.21, 44.503, 44.311, 44.265, 44.582, 44.768, 43.711, 42.929, 42.814, 42.257, 41.207, 40.948, 41.595, 41.795, 40.949, 40.556, 40.788, 40.417, 40.016, 40.556, 41.408, 41.16, 40.061, 39.043, 38.229, 37.385, 36.915, 36.875, 37.009, 37.392, 37.835, 37.517, 36.869, 37.074, 37.544, 37.195, 36.623, 36.912, 37.506, 37.592, 37.355, 38.037, 39.741, 40.877, 40.97, 40.911, 40.708, 40.266, 39.944, 39.913, 39.691, 39.343, 39.211, 39.455, 40.018, 40.67, 40.783, 40.244, 40.03, 40.384, 40.534, 40.149, 39.101, 38.226, 38.443, 38.592, 38.214, 38.705, 40.221, 41.558, 42.069, 41.945, 42.275, 43.532, 44.988, 45.97, 46.586, 46.958, 47.092, 47.424, 48.158, 48.285, 47.294, 46.694, 47.21, 47.952, 48.893, 48.548, 44.949, 42.163, 41.755, 42.222, 42.356, 41.415, 39.383, 37.994, 38.161, 38.697, 38.582, 37.973, 38.212, 39.831, 41.427, 42.085, 42.353, 42.457, 42.031, 41.563, 41.651, 42.218, 42.674, 42.707, 42.697, 43.109, 43.483, 43.055, 42.733, 43.654, 44.908, 45.465, 45.078, 43.694, 42.022, 40.761, 40.285, 40.654, 40.596, 39.589, 38.7, 38.041, 37.398, 36.957, 36.788, 36.684, 36.669, 36.756, 36.791, 36.828, 37.044, 37.41, 37.518, 37.629, 38.045, 38.714, 39.076, 39.314, 39.409, 39.162, 38.869, 38.942, 39.395, 39.778, 39.628, 39.5, 39.736, 39.799, 39.736, 39.854, 31.903], [32.858, 32.759, 32.603, 31.966, 30.227, 29.033, 28.362, 26.228, 24.373, 23.944, 21.804, 18.351, 15.761, 13.203, 10.654, 6.692, 0.0, 6.989, 13.191, 17.614, 19.419, 20.774, 23.186, 25.249, 26.253, 27.387, 28.383, 28.846, 29.268, 30.053, 31.221, 32.446, 33.231, 33.898, 34.656, 36.233, 38.67, 40.337, 40.761, 41.152, 42.476, 43.733, 44.48, 44.872, 44.966, 45.061, 45.384, 44.997, 44.283, 44.061, 44.003, 44.317, 44.484, 43.402, 42.634, 42.539, 41.941, 40.805, 40.493, 41.142, 41.332, 40.394, 39.947, 40.228, 39.868, 39.467, 40.053, 40.945, 40.678, 39.551, 38.519, 37.672, 36.794, 36.332, 36.306, 36.44, 36.85, 37.316, 36.975, 36.313, 36.561, 36.998, 36.605, 36.071, 36.453, 37.088, 37.162, 36.872, 37.515, 39.215, 40.322, 40.357, 40.291, 40.118, 39.646, 39.288, 39.278, 39.078, 38.726, 38.611, 38.912, 39.52, 40.188, 40.277, 39.7, 39.456, 39.794, 39.923, 39.533, 38.466, 37.57, 37.791, 37.933, 37.53, 38.038, 39.625, 41.041, 41.577, 41.433, 41.746, 43.047, 44.593, 45.656, 46.304, 46.653, 46.772, 47.165, 47.986, 48.134, 47.115, 46.513, 47.077, 47.891, 48.867, 48.477, 44.809, 41.999, 41.585, 42.055, 42.19, 41.222, 39.129, 37.684, 37.877, 38.446, 38.318, 37.663, 37.875, 39.535, 41.206, 41.928, 42.228, 42.338, 41.91, 41.43, 41.499, 42.058, 42.488, 42.476, 42.436, 42.865, 43.269, 42.836, 42.492, 43.428, 44.714, 45.305, 44.902, 43.439, 41.653, 40.343, 39.925, 40.378, 40.325, 39.229, 38.277, 37.626, 36.983, 36.504, 36.298, 36.192, 36.206, 36.307, 36.333, 36.385, 36.688, 37.154, 37.287, 37.406, 37.886, 38.601, 38.941, 39.184, 39.3, 39.078, 38.823, 38.935, 39.431, 39.832, 39.671, 39.551, 39.807, 39.861, 39.77, 39.882, 32.742], [34.201, 34.145, 34.109, 33.567, 31.939, 30.817, 30.246, 28.326, 26.571, 26.222, 24.437, 21.301, 18.834, 16.741, 15.143, 12.421, 6.989, 0.0, 7.912, 13.85, 16.216, 17.727, 20.509, 22.971, 24.206, 25.591, 26.894, 27.589, 28.14, 28.992, 30.201, 31.48, 32.331, 33.058, 33.88, 35.542, 38.039, 39.769, 40.232, 40.671, 42.061, 43.374, 44.181, 44.619, 44.721, 44.816, 45.146, 44.768, 44.045, 43.8, 43.739, 44.049, 44.211, 43.13, 42.381, 42.307, 41.709, 40.562, 40.248, 40.906, 41.091, 40.102, 39.623, 39.934, 39.589, 39.203, 39.849, 40.786, 40.517, 39.372, 38.337, 37.48, 36.594, 36.151, 36.14, 36.25, 36.626, 37.083, 36.732, 36.072, 36.352, 36.752, 36.325, 35.852, 36.333, 36.998, 37.072, 36.78, 37.415, 39.085, 40.13, 40.099, 39.999, 39.808, 39.301, 38.923, 38.933, 38.769, 38.418, 38.299, 38.63, 39.269, 39.958, 40.044, 39.458, 39.228, 39.582, 39.71, 39.323, 38.242, 37.306, 37.511, 37.636, 37.203, 37.709, 39.335, 40.796, 41.341, 41.173, 41.461, 42.776, 44.377, 45.502, 46.177, 46.496, 46.585, 47.015, 47.904, 48.062, 47.021, 46.423, 47.011, 47.876, 48.932, 48.561, 44.855, 42.01, 41.561, 42.029, 42.173, 41.186, 39.055, 37.582, 37.779, 38.357, 38.223, 37.543, 37.735, 39.412, 41.134, 41.915, 42.26, 42.388, 41.961, 41.462, 41.497, 42.03, 42.429, 42.393, 42.349, 42.774, 43.173, 42.756, 42.426, 43.353, 44.639, 45.252, 44.83, 43.297, 41.44, 40.146, 39.827, 40.361, 40.308, 39.14, 38.149, 37.522, 36.901, 36.411, 36.174, 36.057, 36.097, 36.231, 36.274, 36.37, 36.764, 37.316, 37.453, 37.544, 38.065, 38.825, 39.135, 39.321, 39.414, 39.203, 38.965, 39.095, 39.607, 40.008, 39.835, 39.735, 40.015, 40.067, 39.96, 40.071, 34.109], [35.64, 35.609, 35.666, 35.267, 33.747, 32.526, 31.881, 30.181, 28.701, 28.519, 27.006, 23.994, 21.456, 19.729, 18.688, 16.79, 13.191, 7.912, 0.0, 7.138, 10.587, 12.81, 16.258, 19.235, 20.687, 22.341, 24.004, 24.976, 25.698, 26.645, 27.997, 29.568, 30.672, 31.503, 32.402, 34.26, 36.976, 38.899, 39.424, 39.88, 41.347, 42.752, 43.614, 44.112, 44.27, 44.383, 44.699, 44.284, 43.534, 43.281, 43.224, 43.547, 43.726, 42.602, 41.859, 41.793, 41.178, 40.059, 39.819, 40.536, 40.737, 39.772, 39.351, 39.691, 39.337, 38.965, 39.709, 40.72, 40.453, 39.283, 38.25, 37.408, 36.538, 36.107, 36.106, 36.205, 36.547, 36.996, 36.63, 35.937, 36.314, 36.772, 36.249, 35.707, 36.197, 36.882, 37.003, 36.763, 37.417, 39.048, 40.034, 39.908, 39.664, 39.363, 38.799, 38.403, 38.42, 38.261, 37.883, 37.736, 38.056, 38.693, 39.404, 39.502, 38.904, 38.687, 39.051, 39.164, 38.781, 37.672, 36.698, 36.938, 37.087, 36.65, 37.215, 38.925, 40.435, 41.0, 40.813, 41.077, 42.43, 44.105, 45.304, 46.025, 46.333, 46.389, 46.843, 47.791, 47.957, 46.879, 46.266, 46.866, 47.737, 48.858, 48.52, 44.709, 41.743, 41.243, 41.709, 41.832, 40.781, 38.575, 37.111, 37.374, 37.982, 37.826, 37.079, 37.269, 39.036, 40.834, 41.671, 42.085, 42.264, 41.836, 41.299, 41.31, 41.826, 42.207, 42.177, 42.154, 42.567, 42.949, 42.578, 42.325, 43.287, 44.571, 45.159, 44.644, 42.949, 40.955, 39.659, 39.403, 40.014, 39.972, 38.71, 37.677, 37.086, 36.5, 36.016, 35.76, 35.623, 35.665, 35.832, 35.929, 36.104, 36.575, 37.179, 37.318, 37.383, 37.932, 38.745, 39.034, 39.168, 39.236, 39.022, 38.782, 38.915, 39.42, 39.799, 39.62, 39.56, 39.889, 39.961, 39.86, 39.983, 35.568], [36.845, 36.786, 36.892, 36.613, 35.165, 33.843, 33.136, 31.66, 30.44, 30.335, 29.002, 26.151, 23.541, 22.016, 21.417, 20.073, 17.614, 13.85, 7.138, 0.0, 4.853, 9.041, 13.352, 16.477, 17.977, 19.858, 21.798, 22.96, 23.787, 24.811, 26.365, 28.314, 29.684, 30.568, 31.511, 33.553, 36.483, 38.612, 39.23, 39.699, 41.195, 42.648, 43.523, 44.034, 44.225, 44.347, 44.629, 44.17, 43.405, 43.139, 43.07, 43.398, 43.596, 42.481, 41.766, 41.704, 41.075, 39.979, 39.791, 40.535, 40.734, 39.799, 39.413, 39.748, 39.39, 39.01, 39.773, 40.804, 40.554, 39.4, 38.393, 37.587, 36.752, 36.351, 36.382, 36.492, 36.81, 37.246, 36.894, 36.182, 36.574, 37.064, 36.504, 35.911, 36.362, 37.051, 37.223, 37.021, 37.643, 39.207, 40.15, 39.964, 39.62, 39.253, 38.672, 38.284, 38.31, 38.149, 37.759, 37.598, 37.882, 38.48, 39.18, 39.286, 38.703, 38.522, 38.907, 39.022, 38.613, 37.456, 36.466, 36.757, 36.943, 36.512, 37.076, 38.763, 40.232, 40.773, 40.578, 40.834, 42.192, 43.885, 45.112, 45.86, 46.174, 46.216, 46.665, 47.629, 47.811, 46.727, 46.103, 46.692, 47.543, 48.709, 48.45, 44.63, 41.612, 41.068, 41.51, 41.595, 40.509, 38.334, 36.981, 37.308, 37.915, 37.731, 36.935, 37.106, 38.857, 40.626, 41.459, 41.911, 42.138, 41.725, 41.187, 41.202, 41.716, 42.098, 42.089, 42.087, 42.483, 42.853, 42.523, 42.33, 43.315, 44.595, 45.153, 44.589, 42.839, 40.827, 39.577, 39.33, 39.934, 39.901, 38.627, 37.609, 37.064, 36.52, 36.057, 35.799, 35.651, 35.681, 35.845, 35.967, 36.176, 36.636, 37.198, 37.337, 37.401, 37.91, 38.704, 39.002, 39.121, 39.184, 38.975, 38.721, 38.826, 39.296, 39.648, 39.474, 39.45, 39.804, 39.879, 39.775, 39.904, 36.819], [37.367, 37.335, 37.479, 37.227, 35.79, 34.46, 33.764, 32.345, 31.15, 31.036, 29.784, 27.097, 24.603, 23.18, 22.731, 21.576, 19.419, 16.216, 10.587, 4.853, 0.0, 5.777, 11.254, 14.711, 16.113, 18.029, 20.205, 21.567, 22.513, 23.651, 25.385, 27.56, 29.073, 30.007, 30.983, 33.1, 36.141, 38.376, 39.053, 39.538, 41.04, 42.492, 43.376, 43.896, 44.091, 44.218, 44.501, 44.045, 43.299, 43.031, 42.955, 43.288, 43.483, 42.378, 41.688, 41.642, 41.014, 39.906, 39.714, 40.472, 40.679, 39.749, 39.372, 39.708, 39.343, 38.964, 39.73, 40.758, 40.507, 39.347, 38.33, 37.513, 36.671, 36.295, 36.362, 36.476, 36.774, 37.193, 36.842, 36.14, 36.538, 37.008, 36.439, 35.88, 36.376, 37.083, 37.259, 37.049, 37.642, 39.18, 40.114, 39.913, 39.552, 39.161, 38.571, 38.191, 38.225, 38.071, 37.701, 37.55, 37.814, 38.399, 39.113, 39.23, 38.651, 38.525, 39.029, 39.245, 38.846, 37.659, 36.644, 36.914, 37.065, 36.596, 37.125, 38.793, 40.239, 40.757, 40.558, 40.819, 42.164, 43.841, 45.062, 45.815, 46.135, 46.173, 46.612, 47.571, 47.754, 46.667, 46.033, 46.599, 47.392, 48.521, 48.287, 44.449, 41.415, 40.915, 41.393, 41.475, 40.399, 38.259, 36.94, 37.278, 37.888, 37.708, 36.909, 37.065, 38.787, 40.533, 41.356, 41.808, 42.034, 41.619, 41.081, 41.097, 41.614, 41.998, 41.988, 41.994, 42.405, 42.772, 42.418, 42.21, 43.207, 44.51, 45.083, 44.556, 42.877, 40.92, 39.683, 39.391, 39.943, 39.907, 38.657, 37.659, 37.118, 36.574, 36.108, 35.839, 35.685, 35.708, 35.864, 35.972, 36.139, 36.53, 37.044, 37.179, 37.23, 37.703, 38.471, 38.77, 38.9, 38.975, 38.768, 38.501, 38.597, 39.072, 39.43, 39.261, 39.258, 39.627, 39.695, 39.588, 39.725, 37.307], [37.937, 38.055, 38.299, 38.062, 36.637, 35.375, 34.753, 33.281, 31.977, 31.881, 30.632, 27.983, 25.816, 24.652, 24.095, 22.853, 20.774, 17.727, 12.81, 9.041, 5.777, 0.0, 6.745, 11.43, 13.094, 14.933, 17.469, 19.367, 20.773, 22.256, 24.274, 26.672, 28.298, 29.303, 30.347, 32.505, 35.618, 37.908, 38.564, 39.003, 40.523, 42.007, 42.939, 43.515, 43.735, 43.87, 44.188, 43.779, 43.08, 42.815, 42.722, 43.061, 43.247, 42.117, 41.434, 41.404, 40.797, 39.72, 39.551, 40.329, 40.561, 39.674, 39.349, 39.679, 39.284, 38.98, 39.882, 40.973, 40.696, 39.463, 38.387, 37.528, 36.661, 36.281, 36.343, 36.444, 36.728, 37.107, 36.71, 36.006, 36.437, 36.876, 36.246, 35.689, 36.236, 36.968, 37.147, 36.924, 37.502, 39.052, 39.983, 39.74, 39.322, 38.889, 38.272, 37.884, 37.934, 37.818, 37.496, 37.381, 37.663, 38.279, 39.042, 39.168, 38.548, 38.425, 39.062, 39.41, 39.06, 37.893, 36.899, 37.148, 37.213, 36.673, 37.236, 38.991, 40.493, 41.035, 40.846, 41.12, 42.485, 44.18, 45.409, 46.161, 46.469, 46.5, 46.953, 47.917, 48.087, 46.982, 46.334, 46.879, 47.613, 48.667, 48.36, 44.422, 41.343, 40.914, 41.465, 41.567, 40.476, 38.274, 36.888, 37.247, 37.9, 37.728, 36.912, 37.075, 38.851, 40.674, 41.558, 42.022, 42.219, 41.782, 41.242, 41.253, 41.765, 42.129, 42.074, 42.059, 42.493, 42.871, 42.483, 42.238, 43.242, 44.582, 45.187, 44.651, 42.898, 40.819, 39.51, 39.224, 39.815, 39.773, 38.483, 37.469, 36.919, 36.354, 35.867, 35.578, 35.403, 35.426, 35.611, 35.744, 35.909, 36.308, 36.869, 37.023, 37.057, 37.558, 38.369, 38.664, 38.797, 38.868, 38.662, 38.412, 38.527, 39.02, 39.386, 39.221, 39.258, 39.673, 39.75, 39.656, 39.816, 37.724], [38.904, 39.14, 39.485, 39.327, 38.025, 36.886, 36.369, 34.969, 33.678, 33.583, 32.319, 29.673, 27.755, 26.895, 26.289, 25.029, 23.186, 20.509, 16.258, 13.352, 11.254, 6.745, 0.0, 5.907, 8.718, 11.071, 14.195, 16.865, 18.913, 20.84, 23.195, 25.865, 27.591, 28.667, 29.915, 32.175, 35.294, 37.625, 38.279, 38.669, 40.187, 41.685, 42.649, 43.28, 43.531, 43.661, 43.975, 43.601, 42.968, 42.725, 42.617, 42.959, 43.159, 42.075, 41.435, 41.415, 40.85, 39.889, 39.799, 40.575, 40.823, 40.013, 39.713, 39.982, 39.575, 39.376, 40.417, 41.562, 41.278, 40.014, 38.928, 38.092, 37.275, 36.928, 36.996, 37.094, 37.366, 37.703, 37.269, 36.558, 36.973, 37.396, 36.73, 36.114, 36.587, 37.295, 37.502, 37.274, 37.754, 39.204, 40.073, 39.738, 39.193, 38.693, 38.066, 37.686, 37.779, 37.73, 37.458, 37.356, 37.629, 38.239, 39.007, 39.133, 38.5, 38.369, 39.045, 39.45, 39.156, 38.065, 37.174, 37.474, 37.498, 36.944, 37.561, 39.348, 40.846, 41.394, 41.215, 41.477, 42.835, 44.537, 45.77, 46.519, 46.815, 46.837, 47.297, 48.253, 48.409, 47.299, 46.642, 47.166, 47.882, 48.896, 48.544, 44.567, 41.48, 41.064, 41.612, 41.685, 40.571, 38.388, 37.078, 37.512, 38.191, 38.011, 37.189, 37.373, 39.172, 41.032, 41.957, 42.437, 42.622, 42.188, 41.675, 41.7, 42.204, 42.552, 42.461, 42.409, 42.834, 43.227, 42.839, 42.579, 43.562, 44.903, 45.51, 44.928, 43.049, 40.802, 39.426, 39.198, 39.86, 39.819, 38.492, 37.468, 36.925, 36.361, 35.871, 35.576, 35.386, 35.405, 35.632, 35.833, 36.041, 36.468, 37.074, 37.254, 37.291, 37.818, 38.655, 38.957, 39.1, 39.184, 39.005, 38.791, 38.909, 39.397, 39.767, 39.62, 39.69, 40.139, 40.248, 40.191, 40.387, 38.592], [39.389, 39.643, 40.037, 39.956, 38.753, 37.679, 37.233, 35.996, 34.837, 34.718, 33.505, 31.009, 29.169, 28.455, 27.988, 26.844, 25.249, 22.971, 19.235, 16.477, 14.711, 11.43, 5.907, 0.0, 4.382, 8.298, 12.225, 15.346, 17.639, 19.718, 22.24, 25.105, 26.892, 27.986, 29.391, 31.76, 34.899, 37.293, 38.001, 38.4, 39.921, 41.426, 42.397, 43.057, 43.338, 43.465, 43.755, 43.376, 42.773, 42.574, 42.487, 42.84, 43.061, 42.016, 41.417, 41.413, 40.866, 39.964, 39.924, 40.712, 40.975, 40.204, 39.897, 40.131, 39.742, 39.572, 40.614, 41.747, 41.464, 40.219, 39.164, 38.366, 37.597, 37.31, 37.42, 37.534, 37.809, 38.148, 37.716, 37.01, 37.417, 37.857, 37.184, 36.504, 36.887, 37.569, 37.796, 37.556, 37.933, 39.277, 40.102, 39.717, 39.092, 38.548, 37.92, 37.55, 37.667, 37.644, 37.378, 37.261, 37.5, 38.068, 38.807, 38.928, 38.312, 38.202, 38.885, 39.287, 39.003, 37.944, 37.119, 37.47, 37.495, 36.967, 37.625, 39.402, 40.859, 41.385, 41.203, 41.448, 42.794, 44.49, 45.721, 46.481, 46.792, 46.822, 47.277, 48.229, 48.387, 47.276, 46.615, 47.127, 47.838, 48.844, 48.501, 44.525, 41.443, 41.019, 41.53, 41.557, 40.431, 38.306, 37.105, 37.599, 38.288, 38.107, 37.293, 37.505, 39.318, 41.177, 42.096, 42.576, 42.774, 42.361, 41.873, 41.918, 42.432, 42.785, 42.694, 42.63, 43.044, 43.441, 43.059, 42.797, 43.762, 45.099, 45.707, 45.12, 43.212, 40.913, 39.499, 39.276, 39.967, 39.95, 38.626, 37.585, 37.025, 36.462, 35.983, 35.689, 35.502, 35.538, 35.791, 36.021, 36.224, 36.608, 37.186, 37.377, 37.424, 37.932, 38.75, 39.075, 39.246, 39.355, 39.203, 39.01, 39.119, 39.603, 39.989, 39.861, 39.93, 40.377, 40.508, 40.492, 40.713, 39.094], [39.515, 39.784, 40.209, 40.171, 38.997, 37.917, 37.46, 36.277, 35.195, 35.081, 33.907, 31.539, 29.748, 29.074, 28.702, 27.662, 26.253, 24.206, 20.687, 17.977, 16.113, 13.094, 8.718, 4.382, 0.0, 5.107, 10.073, 13.714, 16.243, 18.459, 21.2, 24.361, 26.326, 27.458, 28.877, 31.314, 34.541, 37.025, 37.778, 38.178, 39.719, 41.26, 42.25, 42.934, 43.238, 43.371, 43.664, 43.27, 42.64, 42.449, 42.387, 42.762, 42.985, 41.906, 41.28, 41.273, 40.733, 39.84, 39.817, 40.624, 40.888, 40.141, 39.891, 40.145, 39.756, 39.582, 40.627, 41.769, 41.491, 40.244, 39.195, 38.402, 37.635, 37.364, 37.501, 37.633, 37.914, 38.255, 37.822, 37.101, 37.524, 37.994, 37.309, 36.594, 36.961, 37.643, 37.87, 37.623, 37.975, 39.297, 40.12, 39.723, 39.068, 38.516, 37.888, 37.513, 37.625, 37.601, 37.343, 37.232, 37.456, 38.001, 38.731, 38.852, 38.236, 38.131, 38.86, 39.322, 39.033, 37.934, 37.096, 37.46, 37.476, 36.94, 37.598, 39.376, 40.835, 41.359, 41.172, 41.414, 42.759, 44.456, 45.69, 46.46, 46.782, 46.811, 47.259, 48.211, 48.376, 47.265, 46.594, 47.088, 47.772, 48.774, 48.434, 44.42