[[0.0, 9.053, 19.741, 25.554, 26.748, 27.269, 27.85, 28.681, 30.576, 33.043, 35.155, 37.008, 38.68, 40.003, 40.243, 40.062, 40.063, 40.126, 40.276, 40.442, 40.565, 40.878, 41.314, 41.447, 41.923, 41.9, 41.457, 41.369, 41.56, 41.574, 41.612, 41.856, 42.487, 43.159, 43.202, 42.904, 42.584, 42.344, 41.932, 41.611, 41.639, 41.907, 42.001, 41.702, 40.89, 40.08, 39.829, 39.648, 39.924, 40.997, 41.7, 41.875, 42.19, 42.68, 43.093, 43.97, 45.387, 46.523, 46.746, 46.362, 46.249, 46.67, 47.237, 47.474, 47.967, 48.949, 49.224, 48.458, 47.388, 44.982, 41.427, 39.756, 39.84, 39.331, 38.438, 38.129, 37.986, 37.591, 37.443, 37.342, 37.187, 37.059, 36.88, 36.725, 36.889, 37.415, 37.384, 36.904, 36.743, 36.878, 36.898, 36.672, 36.389, 36.339, 36.619, 36.918, 37.504, 38.369, 38.486, 38.127, 38.527, 39.201, 39.412, 39.046, 38.661, 38.528, 38.476, 38.6, 38.67, 38.095, 37.26, 36.894, 36.837, 36.811, 36.81, 37.062, 37.49, 37.753, 37.718, 38.055, 38.654, 38.871, 38.603, 38.51, 38.752, 38.933, 38.974, 39.407, 39.591, 39.524, 39.631, 39.725, 39.725, 39.57, 39.186, 39.072, 39.458, 39.76, 39.742, 39.651, 39.393, 39.034, 38.864, 38.857, 38.617, 7.541], [9.053, 0.0, 12.396, 19.798, 21.786, 22.763, 23.75, 24.897, 27.025, 29.643, 31.853, 33.89, 35.845, 37.43, 37.862, 37.824, 37.922, 38.133, 38.623, 39.133, 39.434, 39.807, 40.234, 40.305, 40.753, 40.809, 40.587, 40.798, 41.269, 41.458, 41.548, 41.8, 42.443, 43.124, 43.181, 42.923, 42.675, 42.511, 42.148, 41.823, 41.818, 42.074, 42.164, 41.844, 41.008, 40.261, 40.006, 39.697, 39.846, 40.9, 41.664, 41.888, 42.211, 42.692, 43.099, 43.96, 45.37, 46.538, 46.797, 46.436, 46.32, 46.692, 47.197, 47.401, 47.893, 48.904, 49.217, 48.447, 47.34, 44.867, 41.13, 39.215, 39.154, 38.6, 37.696, 37.332, 37.175, 36.88, 36.775, 36.66, 36.554, 36.507, 36.322, 36.171, 36.452, 37.114, 37.154, 36.709, 36.612, 36.824, 36.895, 36.679, 36.348, 36.294, 36.618, 36.971, 37.601, 38.461, 38.529, 38.109, 38.489, 39.168, 39.363, 38.983, 38.601, 38.473, 38.404, 38.519, 38.612, 38.045, 37.137, 36.708, 36.634, 36.589, 36.583, 36.885, 37.387, 37.692, 37.65, 37.997, 38.656, 38.902, 38.596, 38.46, 38.702, 38.893, 38.914, 39.286, 39.436, 39.321, 39.366, 39.446, 39.48, 39.357, 39.016, 39.016, 39.566, 39.944, 39.915, 39.801, 39.535, 39.189, 39.046, 39.067, 38.813, 14.441], [19.741, 12.396, 0.0, 9.569, 13.686, 16.139, 18.309, 20.272, 22.861, 25.631, 27.841, 30.052, 32.358, 34.262, 34.927, 35.084, 35.34, 35.84, 36.914, 37.953, 38.484, 38.924, 39.345, 39.406, 39.858, 39.974, 39.958, 40.521, 41.36, 41.773, 41.934, 42.195, 42.816, 43.48, 43.597, 43.449, 43.302, 43.195, 42.889, 42.614, 42.622, 42.866, 42.938, 42.574, 41.73, 41.083, 40.82, 40.35, 40.317, 41.3, 42.126, 42.415, 42.757, 43.237, 43.638, 44.456, 45.791, 46.926, 47.195, 46.858, 46.73, 47.027, 47.436, 47.59, 48.078, 49.105, 49.451, 48.702, 47.6, 45.121, 41.261, 39.133, 38.843, 38.276, 37.403, 36.951, 36.806, 36.672, 36.631, 36.492, 36.443, 36.486, 36.29, 36.183, 36.662, 37.482, 37.596, 37.253, 37.273, 37.552, 37.673, 37.506, 37.106, 36.973, 37.296, 37.705, 38.316, 39.075, 39.051, 38.595, 38.999, 39.708, 39.905, 39.545, 39.197, 39.069, 38.974, 39.073, 39.188, 38.687, 37.802, 37.348, 37.25, 37.188, 37.182, 37.501, 38.008, 38.328, 38.317, 38.66, 39.286, 39.528, 39.257, 39.108, 39.318, 39.521, 39.575, 39.865, 39.933, 39.764, 39.727, 39.743, 39.79, 39.731, 39.478, 39.58, 40.239, 40.68, 40.659, 40.538, 40.284, 39.964, 39.816, 39.86, 39.616, 23.047], [25.554, 19.798, 9.569, 0.0, 6.477, 11.334, 15.198, 18.103, 21.037, 23.723, 25.847, 28.201, 30.703, 32.737, 33.511, 33.791, 34.189, 34.958, 36.367, 37.667, 38.315, 38.777, 39.197, 39.371, 39.93, 40.091, 40.16, 40.893, 41.951, 42.53, 42.766, 43.038, 43.632, 44.277, 44.44, 44.357, 44.237, 44.132, 43.834, 43.578, 43.594, 43.831, 43.886, 43.488, 42.62, 42.001, 41.736, 41.229, 41.058, 41.914, 42.719, 43.034, 43.381, 43.839, 44.204, 44.969, 46.239, 47.337, 47.605, 47.275, 47.127, 47.364, 47.705, 47.814, 48.286, 49.291, 49.605, 48.87, 47.824, 45.406, 41.572, 39.394, 38.996, 38.515, 37.76, 37.344, 37.227, 37.185, 37.196, 37.061, 37.061, 37.161, 36.961, 36.907, 37.499, 38.342, 38.465, 38.191, 38.294, 38.607, 38.754, 38.638, 38.241, 38.037, 38.3, 38.735, 39.314, 39.985, 39.931, 39.513, 39.942, 40.634, 40.814, 40.484, 40.169, 40.035, 39.921, 40.0, 40.115, 39.677, 38.86, 38.412, 38.293, 38.221, 38.189, 38.438, 38.861, 39.147, 39.161, 39.471, 39.995, 40.219, 40.045, 39.943, 40.136, 40.347, 40.45, 40.727, 40.748, 40.541, 40.473, 40.47, 40.523, 40.511, 40.327, 40.47, 41.131, 41.573, 41.57, 41.456, 41.214, 40.922, 40.783, 40.842, 40.638, 28.001], [26.748, 21.786, 13.686, 6.477, 0.0, 6.506, 12.024, 15.962, 19.394, 22.266, 24.538, 27.105, 29.735, 31.829, 32.641, 32.964, 33.414, 34.243, 35.699, 37.068, 37.747, 38.195, 38.627, 38.89, 39.532, 39.731, 39.83, 40.572, 41.645, 42.269, 42.552, 42.852, 43.46, 44.119, 44.298, 44.226, 44.108, 44.001, 43.677, 43.385, 43.385, 43.633, 43.701, 43.293, 42.372, 41.706, 41.431, 40.949, 40.797, 41.664, 42.459, 42.759, 43.108, 43.574, 43.933, 44.69, 45.971, 47.086, 47.344, 46.995, 46.847, 47.105, 47.474, 47.592, 48.084, 49.11, 49.407, 48.649, 47.599, 45.139, 41.231, 39.03, 38.677, 38.241, 37.469, 37.017, 36.881, 36.838, 36.853, 36.718, 36.74, 36.88, 36.672, 36.631, 37.261, 38.114, 38.225, 37.917, 38.007, 38.329, 38.495, 38.399, 38.004, 37.767, 38.0, 38.446, 39.039, 39.733, 39.698, 39.294, 39.728, 40.407, 40.578, 40.232, 39.893, 39.742, 39.626, 39.713, 39.825, 39.361, 38.526, 38.08, 37.963, 37.892, 37.858, 38.094, 38.503, 38.782, 38.796, 39.116, 39.651, 39.894, 39.728, 39.629, 39.833, 40.064, 40.193, 40.509, 40.536, 40.307, 40.244, 40.267, 40.326, 40.308, 40.115, 40.241, 40.887, 41.331, 41.342, 41.227, 40.971, 40.676, 40.537, 40.563, 40.348, 28.927], [27.269, 22.763, 16.139, 11.334, 6.506, 0.0, 6.768, 12.288, 16.869, 20.35, 23.059, 25.996, 28.818, 31.007, 31.865, 32.22, 32.713, 33.588, 35.05, 36.394, 37.035, 37.454, 37.9, 38.198, 38.868, 39.088, 39.197, 39.891, 40.863, 41.426, 41.713, 42.054, 42.705, 43.39, 43.581, 43.499, 43.376, 43.266, 42.914, 42.595, 42.591, 42.86, 42.955, 42.559, 41.604, 40.861, 40.561, 40.121, 40.093, 41.087, 41.907, 42.189, 42.543, 43.034, 43.413, 44.196, 45.514, 46.656, 46.894, 46.519, 46.389, 46.712, 47.153, 47.318, 47.851, 48.925, 49.235, 48.438, 47.321, 44.768, 40.798, 38.648, 38.413, 37.95, 37.048, 36.483, 36.281, 36.179, 36.161, 36.016, 36.034, 36.177, 35.938, 35.879, 36.522, 37.377, 37.457, 37.082, 37.112, 37.403, 37.564, 37.467, 37.065, 36.825, 37.076, 37.526, 38.121, 38.847, 38.84, 38.443, 38.875, 39.563, 39.752, 39.389, 39.016, 38.854, 38.749, 38.857, 38.962, 38.446, 37.588, 37.167, 37.073, 37.013, 36.983, 37.231, 37.685, 38.011, 38.027, 38.361, 38.956, 39.245, 39.052, 38.912, 39.122, 39.369, 39.509, 39.859, 39.885, 39.659, 39.627, 39.67, 39.71, 39.658, 39.427, 39.524, 40.165, 40.611, 40.629, 40.518, 40.25, 39.944, 39.783, 39.731, 39.463, 29.264], [27.85, 23.75, 18.309, 15.198, 12.024, 6.768, 0.0, 7.051, 13.41, 18.005, 21.326, 24.694, 27.809, 30.142, 31.046, 31.442, 32.009, 32.971, 34.47, 35.792, 36.431, 36.866, 37.33, 37.614, 38.27, 38.489, 38.583, 39.209, 40.07, 40.555, 40.833, 41.224, 41.933, 42.658, 42.863, 42.759, 42.623, 42.51, 42.14, 41.806, 41.804, 42.086, 42.197, 41.816, 40.856, 40.06, 39.741, 39.335, 39.432, 40.556, 41.411, 41.676, 42.021, 42.521, 42.915, 43.733, 45.103, 46.287, 46.523, 46.122, 45.995, 46.36, 46.85, 47.054, 47.619, 48.723, 49.041, 48.207, 47.035, 44.425, 40.421, 38.312, 38.16, 37.645, 36.659, 36.051, 35.787, 35.603, 35.542, 35.386, 35.379, 35.506, 35.257, 35.183, 35.816, 36.662, 36.715, 36.289, 36.26, 36.519, 36.674, 36.575, 36.175, 35.949, 36.238, 36.698, 37.308, 38.066, 38.093, 37.706, 38.145, 38.845, 39.048, 38.671, 38.273, 38.107, 38.004, 38.123, 38.216, 37.658, 36.781, 36.366, 36.289, 36.244, 36.212, 36.471, 36.978, 37.352, 37.365, 37.707, 38.36, 38.673, 38.417, 38.236, 38.472, 38.727, 38.831, 39.17, 39.182, 38.959, 38.952, 39.006, 39.03, 38.951, 38.693, 38.779, 39.429, 39.883, 39.905, 39.805, 39.539, 39.227, 39.06, 38.969, 38.648, 29.693], [28.681, 24.897, 20.272, 18.103, 15.962, 12.288, 7.051, 0.0, 7.794, 14.056, 18.541, 22.536, 26.057, 28.642, 29.647, 30.117, 30.796, 31.895, 33.553, 35.023, 35.828, 36.375, 36.872, 37.145, 37.819, 38.075, 38.194, 38.808, 39.631, 40.092, 40.374, 40.79, 41.536, 42.314, 42.561, 42.461, 42.32, 42.211, 41.837, 41.489, 41.488, 41.781, 41.899, 41.531, 40.578, 39.784, 39.475, 39.068, 39.202, 40.353, 41.195, 41.421, 41.731, 42.223, 42.641, 43.5, 44.916, 46.129, 46.37, 45.958, 45.824, 46.184, 46.676, 46.884, 47.439, 48.525, 48.828, 47.976, 46.789, 44.17, 40.162, 38.05, 37.904, 37.361, 36.405, 35.863, 35.595, 35.373, 35.29, 35.119, 35.097, 35.229, 34.996, 34.933, 35.562, 36.406, 36.469, 36.055, 36.004, 36.244, 36.403, 36.32, 35.932, 35.711, 36.017, 36.486, 37.111, 37.892, 37.933, 37.531, 37.969, 38.669, 38.858, 38.469, 38.063, 37.901, 37.79, 37.897, 37.983, 37.437, 36.56, 36.11, 36.023, 35.991, 35.964, 36.225, 36.745, 37.135, 37.143, 37.474, 38.137, 38.445, 38.141, 37.945, 38.198, 38.439, 38.497, 38.798, 38.804, 38.599, 38.59, 38.64, 38.67, 38.594, 38.327, 38.396, 39.034, 39.494, 39.528, 39.435, 39.178, 38.869, 38.699, 38.611, 38.267, 30.431], [30.576, 27.025, 22.861, 21.037, 19.394, 16.869, 13.41, 7.794, 0.0, 7.808, 14.327, 19.671, 23.797, 26.704, 27.942, 28.592, 29.424, 30.724, 32.693, 34.481, 35.565, 36.259, 36.784, 37.098, 37.868, 38.248, 38.503, 39.231, 40.132, 40.648, 40.956, 41.359, 42.085, 42.877, 43.166, 43.095, 42.953, 42.848, 42.495, 42.159, 42.164, 42.453, 42.563, 42.217, 41.301, 40.556, 40.277, 39.873, 39.947, 40.996, 41.761, 41.932, 42.182, 42.641, 43.067, 43.921, 45.289, 46.462, 46.704, 46.314, 46.178, 46.504, 46.973, 47.17, 47.685, 48.7, 48.949, 48.114, 46.983, 44.448, 40.559, 38.468, 38.259, 37.769, 36.967, 36.545, 36.319, 36.131, 36.056, 35.875, 35.877, 36.052, 35.854, 35.824, 36.478, 37.295, 37.362, 37.021, 37.015, 37.25, 37.4, 37.331, 36.964, 36.746, 37.019, 37.446, 37.999, 38.713, 38.72, 38.312, 38.732, 39.401, 39.567, 39.206, 38.842, 38.7, 38.587, 38.673, 38.776, 38.316, 37.498, 37.046, 36.956, 36.93, 36.907, 37.142, 37.609, 37.966, 37.956, 38.222, 38.83, 39.148, 38.88, 38.726, 38.975, 39.188, 39.206, 39.456, 39.47, 39.274, 39.228, 39.27, 39.323, 39.278, 39.053, 39.137, 39.739, 40.182, 40.229, 40.134, 39.879, 39.564, 39.381, 39.311, 38.981, 32.293], [33.043, 29.643, 25.631, 23.723, 22.266, 20.35, 18.005, 14.056, 7.808, 0.0, 8.443, 15.777, 20.877, 24.187, 25.846, 26.916, 27.989, 29.54, 31.926, 34.133, 35.516, 36.314, 36.82, 37.174, 38.072, 38.665, 39.223, 40.246, 41.392, 42.086, 42.47, 42.855, 43.521, 44.264, 44.568, 44.556, 44.451, 44.377, 44.091, 43.813, 43.832, 44.099, 44.181, 43.873, 43.055, 42.399, 42.129, 41.725, 41.676, 42.543, 43.215, 43.364, 43.557, 43.94, 44.321, 45.093, 46.336, 47.431, 47.679, 47.333, 47.193, 47.459, 47.871, 48.031, 48.482, 49.397, 49.572, 48.771, 47.742, 45.373, 41.706, 39.657, 39.338, 38.98, 38.412, 38.076, 37.856, 37.728, 37.68, 37.506, 37.571, 37.82, 37.664, 37.68, 38.392, 39.172, 39.239, 38.992, 39.054, 39.299, 39.452, 39.402, 39.065, 38.851, 39.084, 39.461, 39.876, 40.418, 40.372, 40.002, 40.392, 41.004, 41.142, 40.82, 40.523, 40.419, 40.325, 40.399, 40.525, 40.172, 39.463, 39.08, 39.013, 38.977, 38.942, 39.137, 39.524, 39.827, 39.784, 39.94, 40.432, 40.758, 40.618, 40.567, 40.809, 40.993, 40.987, 41.204, 41.21, 40.971, 40.862, 40.893, 40.964, 40.954, 40.819, 40.984, 41.58, 41.989, 42.038, 41.941, 41.697, 41.402, 41.245, 41.202, 40.907, 34.815], [35.155, 31.853, 27.841, 25.847, 24.538, 23.059, 21.326, 18.541, 14.327, 8.443, 0.0, 8.929, 15.715, 20.058, 22.46, 24.138, 25.585, 27.516, 30.461, 33.22, 34.932, 35.791, 36.229, 36.559, 37.558, 38.416, 39.386, 40.839, 42.372, 43.352, 43.882, 44.28, 44.899, 45.605, 45.958, 46.048, 46.012, 45.975, 45.753, 45.542, 45.588, 45.836, 45.897, 45.618, 44.889, 44.3, 44.007, 43.586, 43.436, 44.147, 44.765, 44.95, 45.125, 45.423, 45.695, 46.342, 47.48, 48.535, 48.81, 48.503, 48.347, 48.545, 48.882, 48.987, 49.379, 50.21, 50.324, 49.553, 48.606, 46.382, 42.89, 40.857, 40.448, 40.178, 39.759, 39.433, 39.18, 39.1, 39.092, 38.959, 39.096, 39.389, 39.249, 39.308, 40.079, 40.86, 40.94, 40.774, 40.888, 41.151, 41.34, 41.342, 41.033, 40.787, 40.989, 41.38, 41.729, 42.133, 42.047, 41.734, 42.108, 42.653, 42.749, 42.427, 42.163, 42.085, 41.998, 42.064, 42.209, 41.933, 41.306, 40.972, 40.913, 40.866, 40.829, 41.014, 41.354, 41.608, 41.535, 41.618, 42.009, 42.31, 42.259, 42.291, 42.537, 42.688, 42.648, 42.836, 42.811, 42.502, 42.329, 42.335, 42.413, 42.44, 42.389, 42.639, 43.254, 43.649, 43.706, 43.623, 43.421, 43.181, 43.083, 43.091, 42.849, 36.945], [37.008, 33.89, 30.052, 28.201, 27.105, 25.996, 24.694, 22.536, 19.671, 15.777, 8.929, 0.0, 8.467, 14.614, 18.257, 20.586, 22.412, 24.829, 28.46, 31.8, 33.823, 34.748, 35.128, 35.417, 36.472, 37.523, 38.83, 40.668, 42.561, 43.811, 44.487, 44.929, 45.544, 46.261, 46.694, 46.894, 46.932, 46.93, 46.751, 46.597, 46.674, 46.924, 46.973, 46.7, 46.021, 45.485, 45.177, 44.732, 44.53, 45.148, 45.748, 45.98, 46.164, 46.413, 46.595, 47.14, 48.213, 49.25, 49.55, 49.273, 49.099, 49.237, 49.508, 49.572, 49.937, 50.729, 50.821, 50.084, 49.179, 47.019, 43.571, 41.512, 41.044, 40.784, 40.398, 40.056, 39.805, 39.779, 39.803, 39.71, 39.908, 40.211, 40.063, 40.179, 41.014, 41.794, 41.88, 41.789, 41.959, 42.247, 42.465, 42.514, 42.236, 41.951, 42.119, 42.536, 42.874, 43.199, 43.073, 42.8, 43.169, 43.665, 43.738, 43.409, 43.145, 43.068, 42.971, 43.029, 43.184, 42.956, 42.374, 42.04, 41.964, 41.905, 41.866, 42.057, 42.402, 42.647, 42.572, 42.652, 43.011, 43.304, 43.281, 43.319, 43.553, 43.69, 43.639, 43.78, 43.708, 43.362, 43.156, 43.135, 43.213, 43.271, 43.272, 43.577, 44.226, 44.624, 44.692, 44.626, 44.447, 44.227, 44.157, 44.216, 44.02, 38.67], [38.68, 35.845, 32.358, 30.703, 29.735, 28.818, 27.809, 26.057, 23.797, 20.877, 15.715, 8.467, 0.0, 7.705, 13.129, 16.458, 18.685, 21.566, 25.887, 29.735, 32.044, 33.1, 33.527, 33.874, 34.983, 36.127, 37.659, 39.798, 41.971, 43.424, 44.21, 44.693, 45.316, 46.057, 46.576, 46.893, 47.023, 47.091, 46.974, 46.88, 46.992, 47.254, 47.303, 47.055, 46.435, 45.966, 45.682, 45.225, 44.984, 45.545, 46.132, 46.386, 46.584, 46.832, 46.991, 47.496, 48.518, 49.513, 49.803, 49.537, 49.364, 49.473, 49.713, 49.77, 50.142, 50.922, 51.0, 50.279, 49.385, 47.247, 43.823, 41.774, 41.306, 41.053, 40.639, 40.285, 40.068, 40.085, 40.116, 40.027, 40.257, 40.571, 40.415, 40.575, 41.457, 42.223, 42.304, 42.275, 42.502, 42.797, 43.012, 43.083, 42.845, 42.547, 42.676, 43.081, 43.358, 43.577, 43.393, 43.14, 43.502, 43.977, 44.065, 43.751, 43.488, 43.408, 43.308, 43.364, 43.521, 43.321, 42.77, 42.446, 42.367, 42.303, 42.26, 42.456, 42.826, 43.093, 43.041, 43.14, 43.501, 43.824, 43.83, 43.835, 44.033, 44.17, 44.13, 44.24, 44.137, 43.78, 43.567, 43.537, 43.615, 43.691, 43.721, 44.054, 44.709, 45.089, 45.161, 45.109, 44.917, 44.681, 44.628, 44.728, 44.565, 40.126], [40.003, 37.43, 34.262, 32.737, 31.829, 31.007, 30.142, 28.642, 26.704, 24.187, 20.058, 14.614, 7.705, 0.0, 7.017, 12.047, 15.233, 18.597, 23.362, 27.539, 30.072, 31.263, 31.794, 32.319, 33.544, 34.755, 36.431, 38.771, 41.138, 42.738, 43.606, 44.121, 44.739, 45.478, 46.052, 46.468, 46.681, 46.824, 46.791, 46.794, 46.971, 47.248, 47.302, 47.102, 46.56, 46.151, 45.905, 45.472, 45.224, 45.737, 46.274, 46.514, 46.721, 46.988, 47.165, 47.675, 48.671, 49.629, 49.901, 49.642, 49.486, 49.604, 49.852, 49.921, 50.293, 51.056, 51.116, 50.398, 49.509, 47.395, 44.052, 42.104, 41.695, 41.468, 41.05, 40.741, 40.595, 40.63, 40.648, 40.548, 40.759, 41.057, 40.9, 41.047, 41.874, 42.59, 42.663, 42.668, 42.907, 43.181, 43.391, 43.479, 43.273, 42.982, 43.101, 43.497, 43.7, 43.823, 43.602, 43.361, 43.71, 44.169, 44.267, 43.959, 43.687, 43.604, 43.521, 43.588, 43.742, 43.544, 43.008, 42.691, 42.613, 42.555, 42.53, 42.739, 43.097, 43.354, 43.315, 43.421, 43.781, 44.119, 44.144, 44.136, 44.298, 44.435, 44.408, 44.526, 44.413, 44.047, 43.832, 43.8, 43.866, 43.94, 43.977, 44.306, 44.938, 45.293, 45.361, 45.323, 45.134, 44.906, 44.875, 45.001, 44.864, 41.237], [40.243, 37.862, 34.927, 33.511, 32.641, 31.865, 31.046, 29.647, 27.942, 25.846, 22.46, 18.257, 13.129, 7.017, 0.0, 6.524, 11.472, 15.906, 21.066, 25.483, 28.231, 29.544, 30.178, 30.893, 32.246, 33.466, 35.142, 37.524, 39.957, 41.613, 42.518, 43.053, 43.668, 44.394, 44.988, 45.466, 45.754, 45.959, 45.99, 46.092, 46.366, 46.692, 46.754, 46.572, 46.083, 45.715, 45.494, 45.094, 44.876, 45.383, 45.869, 46.068, 46.265, 46.546, 46.743, 47.265, 48.26, 49.214, 49.479, 49.222, 49.092, 49.256, 49.546, 49.636, 50.003, 50.75, 50.805, 50.091, 49.199, 47.102, 43.817, 41.955, 41.61, 41.382, 40.957, 40.689, 40.595, 40.631, 40.637, 40.527, 40.691, 40.944, 40.783, 40.889, 41.623, 42.289, 42.355, 42.373, 42.605, 42.857, 43.063, 43.168, 42.989, 42.71, 42.832, 43.232, 43.418, 43.535, 43.324, 43.082, 43.42, 43.88, 43.991, 43.679, 43.396, 43.315, 43.245, 43.315, 43.458, 43.24, 42.684, 42.346, 42.26, 42.206, 42.198, 42.428, 42.779, 43.018, 42.977, 43.091, 43.467, 43.815, 43.84, 43.823, 43.966, 44.115, 44.104, 44.23, 44.114, 43.741, 43.516, 43.475, 43.526, 43.582, 43.596, 43.9, 44.525, 44.884, 44.946, 44.913, 44.73, 44.481, 44.417, 44.524, 44.393, 41.319], [40.062, 37.824, 35.084, 33.791, 32.964, 32.22, 31.442, 30.117, 28.592, 26.916, 24.138, 20.586, 16.458, 12.047, 6.524, 0.0, 6.651, 13.082, 19.294, 24.13, 27.131, 28.571, 29.283, 30.117, 31.527, 32.688, 34.267, 36.585, 38.988, 40.621, 41.514, 42.052, 42.661, 43.38, 43.996, 44.523, 44.86, 45.098, 45.141, 45.277, 45.624, 46.033, 46.144, 45.959, 45.454, 45.094, 44.898, 44.515, 44.32, 44.845, 45.314, 45.48, 45.659, 45.94, 46.147, 46.681, 47.68, 48.633, 48.891, 48.631, 48.524, 48.738, 49.074, 49.19, 49.566, 50.317, 50.383, 49.666, 48.749, 46.662, 43.42, 41.638, 41.335, 41.05, 40.581, 40.304, 40.209, 40.227, 40.232, 40.128, 40.265, 40.487, 40.316, 40.391, 41.07, 41.707, 41.758, 41.783, 42.018, 42.254, 42.443, 42.562, 42.409, 42.135, 42.249, 42.639, 42.824, 42.965, 42.778, 42.532, 42.847, 43.31, 43.449, 43.149, 42.868, 42.803, 42.734, 42.79, 42.914, 42.679, 42.1, 41.736, 41.641, 41.589, 41.588, 41.845, 42.224, 42.469, 42.424, 42.549, 42.963, 43.345, 43.371, 43.336, 43.468, 43.628, 43.631, 43.754, 43.639, 43.277, 43.046, 42.99, 43.026, 43.066, 43.059, 43.346, 43.985, 44.367, 44.424, 44.384, 44.181, 43.871, 43.723, 43.798, 43.664, 41.011], [40.063, 37.922, 35.34, 34.189, 33.414, 32.713, 32.009, 30.796, 29.424, 27.989, 25.585, 22.412, 18.685, 15.233, 11.472, 6.651, 0.0, 8.38, 16.586, 22.466, 25.952, 27.573, 28.34, 29.266, 30.721, 31.859, 33.428, 35.768, 38.2, 39.858, 40.789, 41.348, 41.958, 42.7, 43.366, 43.952, 44.322, 44.581, 44.622, 44.737, 45.084, 45.559, 45.761, 45.615, 45.088, 44.717, 44.539, 44.173, 43.989, 44.531, 45.021, 45.193, 45.372, 45.656, 45.878, 46.445, 47.47, 48.432, 48.687, 48.415, 48.312, 48.546, 48.895, 49.01, 49.4, 50.188, 50.277, 49.535, 48.569, 46.45, 43.196, 41.439, 41.152, 40.805, 40.261, 39.92, 39.788, 39.787, 39.789, 39.703, 39.86, 40.092, 39.909, 39.964, 40.646, 41.294, 41.337, 41.362, 41.611, 41.857, 42.047, 42.174, 42.021, 41.746, 41.856, 42.234, 42.437, 42.617, 42.458, 42.198, 42.47, 42.923, 43.076, 42.779, 42.496, 42.436, 42.357, 42.397, 42.507, 42.251, 41.642, 41.265, 41.173, 41.122, 41.124, 41.398, 41.806, 42.071, 42.025, 42.163, 42.636, 43.063, 43.083, 43.018, 43.13, 43.292, 43.331, 43.483, 43.387, 43.037, 42.809, 42.748, 42.774, 42.803, 42.788, 43.083, 43.746, 44.146, 44.202, 44.158, 43.93, 43.568, 43.344, 43.382, 43.239, 40.901], [40.126, 38.133, 35.84, 34.958, 34.243, 33.588, 32.971, 31.895, 30.724, 29.54, 27.516, 24.829, 21.566, 18.597, 15.906, 13.082, 8.38, 0.0, 10.146, 17.961, 22.532, 24.548, 25.421, 26.533, 28.176, 29.411, 31.129, 33.675, 36.296, 38.14, 39.251, 39.896, 40.523, 41.327, 42.095, 42.783, 43.25, 43.619, 43.738, 43.869, 44.188, 44.662, 44.928, 44.897, 44.47, 44.13, 43.975, 43.649, 43.471, 43.986, 44.471, 44.669, 44.873, 45.185, 45.432, 46.021, 47.065, 48.053, 48.325, 48.046, 47.941, 48.197, 48.558, 48.653, 49.041, 49.863, 49.965, 49.19, 48.19, 46.038, 42.775, 41.068, 40.804, 40.426, 39.838, 39.455, 39.303, 39.297, 39.285, 39.209, 39.408, 39.68, 39.533, 39.595, 40.27, 40.928, 40.967, 40.967, 41.195, 41.438, 41.636, 41.764, 41.587, 41.332, 41.462, 41.842, 42.093, 42.341, 42.215, 41.942, 42.198, 42.655, 42.813, 42.519, 42.226, 42.146, 42.053, 42.095, 42.195, 41.901, 41.253, 40.862, 40.77, 40.726, 40.738, 41.021, 41.439, 41.705, 41.657, 41.827, 42.361, 42.788, 42.743, 42.628, 42.728, 42.893, 42.969, 43.166, 43.109, 42.785, 42.571, 42.521, 42.545, 42.561, 42.523, 42.796, 43.459, 43.878, 43.944, 43.904, 43.672, 43.282, 43.01, 42.981, 42.807, 40.837], [40.276, 38.623, 36.914, 36.367, 35.699, 35.05, 34.47, 33.553, 32.693, 31.926, 30.461, 28.46, 25.887, 23.362, 21.066, 19.294, 16.586, 10.146, 0.0, 9.601, 15.827, 18.63, 19.738, 21.404, 23.637, 25.097, 26.983, 29.77, 32.634, 34.75, 36.156, 36.983, 37.665, 38.565, 39.497, 40.376, 41.054, 41.64, 41.932, 42.163, 42.51, 42.957, 43.23, 43.364, 43.258, 43.149, 43.131, 42.898, 42.673, 43.031, 43.394, 43.553, 43.755, 44.081, 44.345, 44.942, 45.983, 46.992, 47.285, 46.992, 46.877, 47.157, 47.539, 47.632, 48.033, 48.906, 49.026, 48.218, 47.22, 45.14, 42.088, 40.65, 40.497, 40.11, 39.551, 39.269, 39.157, 39.122, 39.094, 39.021, 39.22, 39.5, 39.446, 39.538, 40.088, 40.628, 40.645, 40.631, 40.798, 40.984, 41.159, 41.276, 41.135, 40.953, 41.099, 41.447, 41.709, 41.986, 41.881, 41.614, 41.872, 42.334, 42.519, 42.262, 41.978, 41.886, 41.8, 41.855, 41.933, 41.623, 41.014, 40.659, 40.582, 40.548, 40.565, 40.824, 41.227, 41.485, 41.438, 41.632, 42.143, 42.485, 42.328, 42.137, 42.234, 42.419, 42.523, 42.768, 42.746, 42.452, 42.262, 42.216, 42.228, 42.228, 42.143, 42.337, 42.942, 43.372, 43.459, 43.425, 43.184, 42.793, 42.551, 42.483, 42.282, 40.815], [40.442, 39.133, 37.953, 37.667, 37.068, 36.394, 35.792, 35.023, 34.481, 34.133, 33.22, 31.8, 29.735, 27.539, 25.483, 24.13, 22.466, 17.961, 9.601, 0.0, 7.575, 11.695, 13.491, 16.029, 19.089, 20.804, 22.741, 25.67, 28.72, 31.041, 32.735, 33.804, 34.574, 35.559, 36.668, 37.771, 38.66, 39.435, 39.865, 40.185, 40.582, 41.029, 41.274, 41.481, 41.759, 42.086, 42.328, 42.185, 41.884, 42.073, 42.29, 42.385, 42.569, 42.897, 43.169, 43.755, 44.748, 45.711, 45.997, 45.693, 45.573, 45.864, 46.262, 46.388, 46.852, 47.816, 47.981, 47.161, 46.167, 44.176, 41.469, 40.425, 40.444, 40.017, 39.45, 39.297, 39.269, 39.201, 39.143, 39.063, 39.223, 39.472, 39.51, 39.634, 40.02, 40.384, 40.372, 40.37, 40.478, 40.597, 40.743, 40.861, 40.816, 40.726, 40.874, 41.182, 41.414, 41.668, 41.576, 41.316, 41.533, 41.976, 42.207, 41.995, 41.726, 41.636, 41.564, 41.616, 41.664, 41.359, 40.812, 40.499, 40.43, 40.401, 40.419, 40.654, 41.027, 41.268, 41.231, 41.427, 41.856, 42.102, 41.868, 41.609, 41.697, 41.905, 42.03, 42.308, 42.289, 42.024, 41.877, 41.838, 41.837, 41.818, 41.683, 41.795, 42.323, 42.737, 42.843, 42.827, 42.595, 42.226, 42.033, 41.958, 41.767, 40.821], [40.565, 39.434, 38.484, 38.315, 37.747, 37.035, 36.431, 35.828, 35.565, 35.516, 34.932, 33.823, 32.044, 30.072, 28.231, 27.131, 25.952, 22.532, 15.827, 7.575, 0.0, 5.425, 8.763, 12.515, 16.242, 18.154, 20.151, 23.175, 26.335, 28.744, 30.602, 31.88, 32.765, 33.801, 34.989, 36.193, 37.16, 37.981, 38.443, 38.806, 39.236, 39.684, 39.888, 40.052, 40.514, 41.211, 41.719, 41.616, 41.269, 41.41, 41.596, 41.675, 41.867, 42.208, 42.485, 43.052, 43.978, 44.851, 45.096, 44.778, 44.657, 44.961, 45.38, 45.544, 46.067, 47.092, 47.28, 46.45, 45.444, 43.479, 40.987, 40.213, 40.366, 39.922, 39.329, 39.238, 39.283, 39.223, 39.144, 39.047, 39.162, 39.369, 39.457, 39.605, 39.891, 40.149, 40.113, 40.118, 40.191, 40.268, 40.407, 40.544, 40.56, 40.526, 40.683, 40.972, 41.18, 41.423, 41.35, 41.078, 41.255, 41.688, 41.949, 41.77, 41.515, 41.426, 41.368, 41.429, 41.465, 41.149, 40.61, 40.291, 40.205, 40.169, 40.199, 40.434, 40.783, 41.008, 40.979, 41.167, 41.564, 41.798, 41.54, 41.233, 41.3, 41.52, 41.664, 41.961, 41.941, 41.704, 41.611, 41.594, 41.585, 41.542, 41.366, 41.422, 41.891, 42.274, 42.387, 42.399, 42.206, 41.863, 41.673, 41.586, 41.414, 40.84], [40.878, 39.807, 38.924, 38.777, 38.195, 37.454, 36.866, 36.375, 36.259, 36.314, 35.791, 34.748, 33.1, 31.263, 29.544, 28.571, 27.573, 24.548, 18.63, 11.695, 5.425, 0.0, 4.916, 10.772, 15.313, 17.439, 19.594, 22.722, 25.892, 28.275, 30.151, 31.519, 32.485, 33.526, 34.681, 35.867, 36.825, 37.645, 38.113, 38.496, 38.943, 39.394, 39.592, 39.735, 40.21, 40.999, 41.616, 41.553, 41.222, 41.358, 41.536, 41.6, 41.78, 42.107, 42.365, 42.907, 43.784, 44.588, 44.796, 44.467, 44.339, 44.641, 45.07, 45.246, 45.774, 46.799, 46.979, 46.14, 45.135, 43.211, 40.862, 40.239, 40.462, 40.041, 39.458, 39.385, 39.472, 39.433, 39.352, 39.251, 39.351, 39.535, 39.63, 39.784, 40.039, 40.262, 40.198, 40.194, 40.266, 40.343, 40.487, 40.625, 40.65, 40.636, 40.801, 41.082, 41.272, 41.501, 41.433, 41.152, 41.314, 41.743, 42.003, 41.828, 41.577, 41.485, 41.437, 41.513, 41.55, 41.228, 40.7, 40.385, 40.294, 40.253, 40.283, 40.509, 40.84, 41.061, 41.034, 41.215, 41.615, 41.882, 41.642, 41.326, 41.384, 41.611, 41.766, 42.067, 42.041, 41.802, 41.728, 41.723, 41.706, 41.648, 41.455, 41.497, 41.962, 42.342, 42.452, 42.473, 42.305, 41.966, 41.749, 41.641, 41.482, 41.092], [41.314, 40.234, 39.345, 39.197, 38.627, 37.9, 37.33, 36.872, 36.784, 36.82, 36.229, 35.128, 33.527, 31.794, 30.178, 29.283, 28.34, 25.421, 19.738, 13.491, 8.763, 4.916, 0.0, 7.635, 13.247, 15.991, 18.617, 22.102, 25.484, 27.997, 29.961, 31.386, 32.379, 33.403, 34.548, 35.77, 36.78, 37.641, 38.138, 38.536, 38.995, 39.458, 39.661, 39.832, 40.374, 41.228, 41.858, 41.794, 41.472, 41.616, 41.805, 41.867, 42.028, 42.331, 42.573, 43.102, 43.95, 44.714, 44.904, 44.576, 44.441, 44.735, 45.167, 45.334, 45.827, 46.808, 46.966, 46.128, 45.119, 43.212, 40.933, 40.363, 40.606, 40.194, 39.623, 39.555, 39.655, 39.634, 39.566, 39.48, 39.604, 39.806, 39.897, 40.046, 40.322, 40.563, 40.501, 40.509, 40.607, 40.716, 40.878, 41.014, 41.024, 41.004, 41.173, 41.463, 41.651, 41.867, 41.795, 41.524, 41.688, 42.115, 42.368, 42.191, 41.942, 41.845, 41.782, 41.84, 41.87, 41.564, 41.053, 40.744, 40.661, 40.625, 40.64, 40.84, 41.153, 41.367, 41.338, 41.51, 41.89, 42.152, 41.925, 41.631, 41.699, 41.926, 42.066, 42.344, 42.313, 42.058, 41.967, 41.947, 41.918, 41.855, 41.673, 41.755, 42.267, 42.669, 42.784, 42.807, 42.649, 42.315, 42.093, 41.979, 41.824, 41.527], [41.447, 40.305, 39.406, 39.371, 38.89, 38.198, 37.614, 37.145, 37.098, 37.174, 36.559, 35.417, 33.874, 32.319, 30.893, 30.117, 29.266, 26.533, 21.404, 16.029, 12.515, 10.772, 7.635, 0.0, 6.759, 11.148, 15.293, 19.814, 23.827, 26.726, 28.915, 30.43, 31.421, 32.43, 33.674, 35.074, 36.231, 37.153, 37.659, 38.067, 38.543, 38.995, 39.155, 39.34, 40.026, 41.049, 41.714, 41.552, 41.189, 41.438, 41.755, 41.886, 42.064, 42.377, 42.633, 43.163, 43.981, 44.718, 44.91, 44.594, 44.473, 44.782, 45.239, 45.425, 45.918, 46.868, 47.015, 46.198, 45.178, 43.184, 40.795, 40.149, 40.384, 39.933, 39.311, 39.214, 39.306, 39.311, 39.25, 39.157, 39.311, 39.555, 39.654, 39.8, 40.116, 40.403, 40.385, 40.425, 40.537, 40.659, 40.837, 40.976, 40.974, 40.957, 41.143, 41.464, 41.687, 41.932, 41.871, 41.618, 41.8, 42.244, 42.514, 42.353, 42.107, 42.005, 41.92, 41.945, 41.961, 41.665, 41.12, 40.754, 40.661, 40.626, 40.636, 40.847, 41.165, 41.358, 41.312, 41.477, 41.827, 42.042, 41.783, 41.517, 41.617, 41.834, 41.939, 42.19, 42.161, 41.906, 41.813, 41.786, 41.752, 41.684, 41.521, 41.659, 42.22, 42.622, 42.737, 42.781, 42.653, 42.344, 42.123, 42.016, 41.866, 41.719], [41.923, 40.753, 39.858, 39.93, 39.532, 38.868, 38.27, 37.819, 37.868, 38.072, 37.558, 36.472, 34.983, 33.544, 32.246, 31.527, 30.721, 28.176, 23.637, 19.089, 16.242, 15.313, 13.247, 6.759, 0.0, 5.98, 12.007, 17.708, 22.371, 25.656, 28.045, 29.634, 30.61, 31.589, 32.937, 34.524, 35.84, 36.833, 37.354, 37.781, 38.291, 38.749, 38.886, 39.088, 39.877, 41.0, 41.685, 41.418, 40.937, 41.232, 41.678, 41.885, 42.07, 42.376, 42.644, 43.17, 43.96, 44.687, 44.894, 44.59, 44.476, 44.792, 45.268, 45.48, 45.974, 46.901, 47.058, 46.289, 45.301, 43.296, 40.839, 40.122, 40.318, 39.815, 39.151, 39.049, 39.158, 39.197, 39.143, 39.037, 39.206, 39.489, 39.625, 39.79, 40.116, 40.42, 40.449, 40.527, 40.638, 40.739, 40.918, 41.074, 41.088, 41.081, 41.271, 41.621, 41.869, 42.106, 42.046, 41.814, 42.008, 42.458, 42.74, 42.594, 42.354, 42.253, 42.161, 42.172, 42.185, 41.901, 41.333, 40.915, 40.804, 40.767, 40.775, 40.985, 41.287, 41.45, 41.386, 41.543, 41.884, 42.083, 41.807, 41.555, 41.671, 41.87, 41.95, 42.186, 42.14, 41.879, 41.786, 41.756, 41.725, 41.66, 41.521, 41.719, 42.33, 42.732, 42.839, 42.897, 42.792, 42.513, 42.315, 42.232, 42.1, 42.184], [41.9, 40.809, 39.974, 40.091, 39.731, 39.088, 38.489, 38.075, 38.248, 38.665, 38.416, 37.523, 36.127, 34.755, 33.466, 32.688, 31.859, 29.411, 25.097, 20.804, 18.154, 17.439, 15.991, 11.148, 5.98, 0.0, 7.111, 13.975, 19.462, 23.273, 25.98, 27.742, 28.789, 29.82, 31.303, 33.066, 34.536, 35.651, 36.251, 36.733, 37.289, 37.771, 37.916, 38.151, 39.033, 40.258, 41.026, 40.748, 40.152, 40.404, 40.881, 41.121, 41.327, 41.653, 41.947, 42.504, 43.306, 44.041, 44.252, 43.937, 43.818, 44.152, 44.663, 44.913, 45.437, 46.399, 46.589, 45.84, 44.871, 42.863, 40.353, 39.612, 39.798, 39.239, 38.541, 38.489, 38.66, 38.71, 38.646, 38.515, 38.67, 38.97, 39.152, 39.345, 39.627, 39.879, 39.92, 40.014, 40.101, 40.163, 40.326, 40.499, 40.531, 40.52, 40.707, 41.084, 41.369, 41.623, 41.571, 41.346, 41.554, 42.014, 42.306, 42.154, 41.896, 41.778, 41.683, 41.709, 41.73, 41.419, 40.813, 40.37, 40.249, 40.213, 40.214, 40.415, 40.724, 40.894, 40.821, 40.98, 41.338, 41.544, 41.261, 41.005, 41.136, 41.348, 41.438, 41.697, 41.652, 41.39, 41.302, 41.271, 41.243, 41.176, 41.028, 41.239, 41.905, 42.351, 42.455, 42.502, 42.374, 42.059, 41.828, 41.722, 41.588, 42.041], [41.457, 40.587, 39.958, 40.16, 39.83, 39.197, 38.583, 38.194, 38.503, 39.223, 39.386, 38.83, 37.659, 36.431, 35.142, 34.267, 33.428, 31.129, 26.983, 22.741, 20.151, 19.594, 18.617, 15.293, 12.007, 7.111, 0.0, 7.723, 14.264, 18.987, 22.363, 24.54, 25.809, 27.015, 28.697, 30.65, 32.259, 33.479, 34.143, 34.679, 35.296, 35.816, 35.976, 36.243, 37.252, 38.684, 39.635, 39.419, 38.806, 39.057, 39.517, 39.762, 40.053, 40.487, 40.875, 41.53, 42.387, 43.119, 43.296, 42.93, 42.793, 43.167, 43.734, 44.044, 44.646, 45.703, 45.944, 45.163, 44.143, 42.07, 39.499, 38.814, 39.094, 38.478, 37.704, 37.719, 37.976, 37.982, 37.879, 37.719, 37.82, 38.094, 38.3, 38.505, 38.707, 38.868, 38.89, 38.951, 38.98, 38.998, 39.134, 39.306, 39.339, 39.325, 39.523, 39.923, 40.28, 40.617, 40.601, 40.372, 40.606, 41.096, 41.404, 41.23, 40.93, 40.78, 40.666, 40.699, 40.717, 40.335, 39.65, 39.186, 39.061, 39.029, 39.032, 39.243, 39.589, 39.798, 39.733, 39.924, 40.344, 40.574, 40.243, 39.946, 40.089, 40.339, 40.46, 40.77, 40.753, 40.516, 40.458, 40.439, 40.406, 40.331, 40.129, 40.276, 40.955, 41.471, 41.583, 41.605, 41.42, 41.02, 40.703, 40.522, 40.364, 41.384], [41.369, 40.798, 40.521, 40.893, 40.572, 39.891, 39.209, 38.808, 39.231, 40.246, 40.839, 40.668, 39.798, 38.771, 37.524, 36.585, 35.768, 33.675, 29.77, 25.67, 23.175, 22.722, 22.102, 19.814, 17.708, 13.975, 7.723, 0.0, 7.471, 13.537, 18.062, 20.945, 22.583, 24.059, 25.977, 28.147, 29.903, 31.195, 31.857, 32.406, 33.089, 33.67, 33.87, 34.194, 35.375, 37.067, 38.235, 38.108, 37.576, 37.926, 38.379, 38.608, 39.007, 39.606, 40.131, 40.903, 41.811, 42.508, 42.613, 42.174, 42.013, 42.44, 43.075, 43.453, 44.136, 45.288, 45.587, 44.767, 43.667, 41.535, 38.984, 38.456, 38.914, 38.273, 37.401, 37.44, 37.759, 37.69, 37.54, 37.371, 37.408, 37.623, 37.835, 38.037, 38.154, 38.227, 38.213, 38.195, 38.134, 38.11, 38.22, 38.377, 38.404, 38.393, 38.602, 39.003, 39.428, 39.879, 39.921, 39.689, 39.932, 40.436, 40.755, 40.557, 40.219, 40.041, 39.899, 39.922, 39.916, 39.456, 38.704, 38.243, 38.126, 38.101, 38.114, 38.339, 38.708, 38.94, 38.896, 39.142, 39.659, 39.94, 39.54, 39.178, 39.316, 39.591, 39.734, 40.08, 40.093, 39.896, 39.897, 39.908, 39.868, 39.775, 39.506, 39.544, 40.179, 40.745, 40.868, 40.864, 40.626, 40.147, 39.751, 39.484, 39.299, 41.048], [41.56, 41.269, 41.36, 41.951, 41.645, 40.863, 40.07, 39.631, 40.132, 41.392, 42.372, 42.561, 41.971, 41.138, 39.957, 38.988, 38.2, 36.296, 32.634, 28.72, 26.335, 25.892, 25.484, 23.827, 22.371, 19.462, 14.264, 7.471, 0.0, 7.224, 13.206, 17.154, 19.321, 21.093, 23.239, 25.656, 27.619, 29.038, 29.72, 30.274, 31.025, 31.684, 31.961, 32.385, 33.761, 35.69, 37.056, 37.029, 36.631, 37.118, 37.569, 37.739, 38.185, 38.904, 39.541, 40.399, 41.331, 41.964, 41.978, 41.477, 41.317, 41.816, 42.544, 42.995, 43.739, 44.965, 45.328, 44.498, 43.346, 41.204, 38.762, 38.472, 39.132, 38.494, 37.536, 37.557, 37.889, 37.749, 37.56, 37.398, 37.385, 37.546, 37.756, 37.944, 37.977, 37.959, 37.879, 37.759, 37.603, 37.534, 37.61, 37.735, 37.757, 37.759, 37.962, 38.333, 38.82, 39.397, 39.498, 39.244, 39.471, 39.972, 40.282, 40.061, 39.698, 39.504, 39.348, 39.367, 39.331, 38.8, 38.022, 37.606, 37.52, 37.514, 37.552, 37.807, 38.203, 38.454, 38.424, 38.718, 39.308, 39.641, 39.206, 38.799, 38.913, 39.19, 39.351, 39.728, 39.776, 39.633, 39.705, 39.747, 39.694, 39.568, 39.227, 39.154, 39.711, 40.288, 40.411, 40.376, 40.083, 39.536, 39.067, 38.71, 38.504, 41.027], [41.574, 41.458, 41.773, 42.53, 42.269, 41.426, 40.555, 40.092, 40.648, 42.086, 43.352, 43.811, 43.424, 42.738, 41.613, 40.621, 39.858, 38.14, 34.75, 31.041, 28.744, 28.275, 27.997, 26.726, 25.656, 23.273, 18.987, 13.537, 7.224, 0.0, 7.232, 12.634, 15.649, 17.75, 20.083, 22.783, 25.026, 26.679, 27.501, 28.156, 29.014, 29.766, 30.136, 30.663, 32.225, 34.404, 35.987, 36.085, 35.813, 36.371, 36.769, 36.826, 37.229, 37.98, 38.665, 39.57, 40.524, 41.114, 41.06, 40.527, 40.399, 40.978, 41.803, 42.333, 43.135, 44.416, 44.829, 44.009, 42.838, 40.708, 38.433, 38.426, 39.243, 38.589, 37.573, 37.575, 37.884, 37.696, 37.492, 37.346, 37.318, 37.459, 37.68, 37.841, 37.761, 37.618, 37.444, 37.255, 37.033, 36.911, 36.942, 37.037, 37.071, 37.101, 37.3, 37.641, 38.182, 38.855, 38.989, 38.702, 38.895, 39.373, 39.663, 39.429, 39.052, 38.849, 38.695, 38.721, 38.655, 38.074, 37.323, 36.99, 36.953, 36.969, 37.043, 37.346, 37.782, 38.051, 38.019, 38.333, 38.966, 39.333, 38.903, 38.486, 38.586, 38.87, 39.052, 39.43, 39.495, 39.412, 39.544, 39.601, 39.523, 39.354, 38.947, 38.772, 39.227, 39.764, 39.87, 39.809, 39.479, 38.886, 38.372, 37.967, 37.772, 40.9], [41.612, 41.548, 41.934, 42.766, 42.552, 41.713, 40.833, 40.374, 40.956, 42.47, 43.882, 44.487, 44.21, 43.606, 42.518, 41.514, 40.789, 39.251, 36.156, 32.735, 30.602, 30.151, 29.961, 28.915, 28.045, 25.98, 22.363, 18.062, 13.206, 7.232, 0.0, 6.68, 11.06, 13.899, 16.608, 19.777, 22.493, 24.586, 25.737, 26.6, 27.601, 28.465, 28.949, 29.583, 31.231, 33.557, 35.34, 35.554, 35.322, 35.839, 36.137, 36.073, 36.391, 37.108, 37.778, 38.687, 39.709, 40.391, 40.361, 39.83, 39.732, 40.366, 41.241, 41.817, 42.651, 43.944, 44.376, 43.588, 42.443, 40.361, 38.246, 38.424, 39.309, 38.657, 37.614, 37.585, 37.866, 37.674, 37.479, 37.345, 37.326, 37.474, 37.71, 37.841, 37.655, 37.386, 37.154, 36.964, 36.734, 36.566, 36.544, 36.62, 36.676, 36.733, 36.935, 37.267, 37.811, 38.479, 38.605, 38.317, 38.491, 38.946, 39.228, 39.002, 38.624, 38.416, 38.265, 38.295, 38.207, 37.611, 36.899, 36.639, 36.644, 36.677, 36.777, 37.124, 37.593, 37.868, 37.824, 38.137, 38.787, 39.174, 38.775, 38.385, 38.491, 38.791, 38.998, 39.363, 39.424, 39.374, 39.532, 39.587, 39.49, 39.299, 38.869, 38.646, 39.023, 39.507, 39.59, 39.516, 39.175, 38.582, 38.068, 37.646, 37.459, 40.89], [41.856, 41.8, 42.195, 43.038, 42.852, 42.054, 41.224, 40.79, 41.359, 42.855, 44.28, 44.929, 44.693, 44.121, 43.053, 42.052, 41.348, 39.896, 36.983, 33.804, 31.88, 31.519, 31.386, 30.43, 29.634, 27.742, 24.54, 20.945, 17.154, 12.634, 6.68, 0.0, 5.689, 10.063, 13.9, 17.837, 21.144, 23.763, 25.301, 26.349, 27.415, 28.343, 28.934, 29.673, 31.325, 33.606, 35.419, 35.674, 35.436, 35.879, 36.101, 35.978, 36.221, 36.881, 37.493, 38.35, 39.429, 40.27, 40.339, 39.836, 39.741, 40.359, 41.204, 41.755, 42.552, 43.801, 44.236, 43.51, 42.432, 40.446, 38.485, 38.741, 39.621, 38.988, 37.954, 37.902, 38.16, 37.978, 37.805, 37.691, 37.694, 37.855, 38.092, 38.204, 37.981, 37.668, 37.439, 37.295, 37.093, 36.896, 36.837, 36.908, 36.978, 37.033, 37.214, 37.535, 38.045, 38.648, 38.752, 38.49, 38.657, 39.098, 39.387, 39.179, 38.817, 38.613, 38.455, 38.473, 38.385, 37.812, 37.119, 36.884, 36.904, 36.945, 37.071, 37.455, 37.937, 38.201, 38.144, 38.441, 39.08, 39.452, 39.07, 38.707, 38.82, 39.122, 39.332, 39.685, 39.752, 39.706, 39.859, 39.912, 39.818, 39.637, 39.219, 38.996, 39.348, 39.794, 39.857, 39.775, 39.439, 38.88, 38.406, 37.984, 37.8, 41.141], [42.487, 42.443, 42.816, 43.632, 43.46, 42.705, 41.933, 41.536, 42.085, 43.521, 44.899, 45.544, 45.316, 44.739, 43.668, 42.661, 41.958, 40.523, 37.665, 34.574, 32.765, 32.485, 32.379, 31.421, 30.61, 28.789, 25.809, 22.583, 19.321, 15.649, 11.06, 5.689, 0.0, 5.889, 11.702, 16.867, 20.787, 23.842, 25.678, 26.821, 27.859, 28.758, 29.38, 30.195, 31.897, 34.149, 35.94, 36.197, 35.926, 36.274, 36.441, 36.298, 36.497, 37.112, 37.67, 38.416, 39.403, 40.255, 40.392, 39.952, 39.876, 40.469, 41.268, 41.77, 42.481, 43.637, 44.066, 43.432, 42.456, 40.641, 38.954, 39.352, 40.217, 39.597, 38.602, 38.566, 38.83, 38.664, 38.508, 38.411, 38.443, 38.631, 38.882, 38.987, 38.767, 38.457, 38.25, 38.165, 37.993, 37.772, 37.7, 37.788, 37.892, 37.94, 38.074, 38.379, 38.834, 39.354, 39.439, 39.187, 39.313, 39.711, 39.991, 39.815, 39.491, 39.301, 39.137, 39.138, 39.055, 38.524, 37.876, 37.66, 37.685, 37.733, 37.876, 38.272, 38.732, 38.964, 38.901, 39.163, 39.726, 40.06, 39.712, 39.38, 39.494, 39.79, 39.984, 40.323, 40.416, 40.377, 40.506, 40.548, 40.463, 40.297, 39.903, 39.696, 40.034, 40.45, 40.496, 40.408, 40.095, 39.595, 39.198, 38.805, 38.632, 41.773], [43.159, 43.124, 43.48, 44.277, 44.119, 43.39, 42.658, 42.314, 42.877, 44.264, 45.605, 46.261, 46.057, 45.478, 44.394, 43.38, 42.7, 41.327, 38.565, 35.559, 33.801, 33.526, 33.403, 32.43, 31.589, 29.82, 27.015, 24.059, 21.093, 17.75, 13.899, 10.063, 5.889, 0.0, 7.558, 14.39, 19.245, 22.88, 25.106, 26.423, 27.486, 28.358, 28.978, 29.898, 31.841, 34.303, 36.2, 36.47, 36.123, 36.372, 36.5, 36.361, 36.57, 37.206, 37.786, 38.498, 39.398, 40.166, 40.29, 39.925, 39.929, 40.54, 41.312, 41.765, 42.387, 43.451, 43.871, 43.301, 42.398, 40.757, 39.37, 39.948, 40.819, 40.216, 39.276, 39.282, 39.584, 39.453, 39.309, 39.222, 39.275, 39.491, 39.777, 39.882, 39.642, 39.306, 39.09, 39.046, 38.899, 38.67, 38.594, 38.693, 38.839, 38.895, 38.997, 39.287, 39.688, 40.142, 40.216, 39.969, 40.057, 40.402, 40.66, 40.508, 40.212, 40.032, 39.881, 39.889, 39.812, 39.321, 38.732, 38.54, 38.576, 38.634, 38.775, 39.149, 39.573, 39.778, 39.703, 39.906, 40.371, 40.655, 40.341, 40.039, 40.146, 40.43, 40.599, 40.898, 40.998, 40.967, 41.073, 41.104, 41.03, 40.878, 40.51, 40.321, 40.648, 41.037, 41.073, 40.993, 40.704, 40.234, 39.894, 39.551, 39.405, 42.455], [43.202, 43.181, 43.597, 44.44, 44.298, 43.581, 42.863, 42.561, 43.166, 44.568, 45.958, 46.694, 46.576, 46.052, 44.988, 43.996, 43.366, 42.095, 39.497, 36.668, 34.989, 34.681, 34.548, 33.674, 32.937, 31.303, 28.697, 25.977, 23.239, 20.083, 16.608, 13.9, 11.702, 7.558, 0.0, 8.171, 14.438, 19.197, 22.213, 23.994, 25.266, 26.211, 26.866, 27.947, 30.354, 33.318, 35.515, 35.84, 35.427, 35.64, 35.773, 35.655, 35.908, 36.616, 37.282, 38.088, 39.087, 39.884, 39.977, 39.661, 39.832, 40.592, 41.419, 41.876, 42.48, 43.514, 43.915, 43.299, 42.361, 40.767, 39.497, 40.172, 41.065, 40.46, 39.512, 39.54, 39.892, 39.791, 39.651, 39.561, 39.598, 39.803, 40.116, 40.227, 39.922, 39.515, 39.269, 39.219, 39.065, 38.847, 38.764, 38.843, 39.003, 39.079, 39.189, 39.468, 39.862, 40.338, 40.419, 40.183, 40.28, 40.602, 40.839, 40.677, 40.368, 40.182, 40.043, 40.064, 39.984, 39.489, 38.907, 38.73, 38.785, 38.859, 39.002, 39.373, 39.795, 40.001, 39.908, 40.069, 40.521, 40.777, 