[[0.0, 4.281, 9.611, 13.306, 16.03, 17.879, 19.38, 21.53, 24.33, 26.24, 28.032, 29.412, 30.38, 32.35, 34.261, 34.545, 35.797, 37.092, 37.459, 37.924, 38.517, 38.813, 39.232, 39.863, 40.366, 41.152, 41.643, 41.892, 43.019, 43.576, 43.46, 43.285, 42.43, 41.477, 41.116, 41.603, 41.734, 41.162, 40.629, 40.706, 40.865, 41.177, 41.319, 40.537, 39.523, 39.27, 39.388, 39.193, 38.797, 38.102, 37.848, 37.747, 37.583, 37.531, 37.35, 36.993, 36.119, 35.568, 35.594, 36.27, 36.742, 36.671, 36.716, 36.45, 35.513, 35.044, 35.278, 36.372, 37.506, 37.641, 37.211, 37.335, 37.225, 37.105, 37.073, 36.728, 36.097, 35.76, 35.821, 36.207, 36.556, 36.593, 36.847, 37.262, 36.958, 36.532, 37.097, 36.969, 36.928, 37.309, 36.981, 36.35, 36.467, 36.716, 36.558, 36.615, 36.82, 36.849, 36.319, 35.687, 36.382, 37.204, 37.822, 38.601, 39.279, 39.416, 4.957], [4.281, 0.0, 6.619, 11.467, 14.786, 16.772, 18.306, 20.557, 23.483, 25.492, 27.392, 28.856, 29.887, 31.953, 33.9, 34.187, 35.465, 36.781, 37.19, 37.711, 38.313, 38.619, 39.066, 39.714, 40.228, 41.025, 41.515, 41.758, 42.886, 43.436, 43.322, 43.17, 42.327, 41.372, 41.005, 41.493, 41.612, 41.03, 40.487, 40.553, 40.698, 41.007, 41.157, 40.378, 39.376, 39.124, 39.239, 39.05, 38.669, 37.984, 37.725, 37.627, 37.467, 37.406, 37.212, 36.857, 35.973, 35.408, 35.441, 36.16, 36.663, 36.602, 36.658, 36.392, 35.421, 34.892, 35.114, 36.224, 37.376, 37.521, 37.11, 37.243, 37.115, 36.979, 36.95, 36.597, 35.954, 35.616, 35.691, 36.083, 36.421, 36.459, 36.724, 37.135, 36.819, 36.406, 37.009, 36.887, 36.839, 37.224, 36.892, 36.265, 36.4, 36.661, 36.481, 36.523, 36.726, 36.752, 36.191, 35.534, 36.233, 37.044, 37.655, 38.468, 39.164, 39.303, 7.182], [9.611, 6.619, 0.0, 6.839, 12.0, 14.459, 15.972, 18.504, 21.984, 24.452, 26.602, 28.134, 29.293, 31.574, 33.632, 33.968, 35.338, 36.7, 37.145, 37.768, 38.389, 38.663, 39.11, 39.785, 40.319, 41.125, 41.618, 41.855, 42.969, 43.509, 43.412, 43.289, 42.454, 41.496, 41.123, 41.619, 41.728, 41.131, 40.609, 40.695, 40.854, 41.174, 41.341, 40.59, 39.602, 39.326, 39.429, 39.245, 38.867, 38.176, 37.897, 37.792, 37.658, 37.608, 37.384, 37.008, 36.106, 35.514, 35.54, 36.29, 36.817, 36.771, 36.844, 36.578, 35.583, 34.998, 35.191, 36.335, 37.529, 37.666, 37.24, 37.393, 37.264, 37.1, 37.024, 36.662, 36.043, 35.676, 35.739, 36.125, 36.416, 36.427, 36.699, 37.106, 36.782, 36.406, 37.074, 36.933, 36.81, 37.17, 36.832, 36.239, 36.416, 36.689, 36.523, 36.608, 36.834, 36.853, 36.267, 35.577, 36.303, 37.133, 37.705, 38.531, 39.23, 39.375, 11.347], [13.306, 11.467, 6.839, 0.0, 7.191, 11.131, 12.995, 16.03, 20.459, 23.623, 26.078, 27.658, 28.921, 31.319, 33.432, 33.859, 35.393, 36.796, 37.221, 37.845, 38.417, 38.669, 39.08, 39.737, 40.287, 41.094, 41.585, 41.817, 42.915, 43.453, 43.386, 43.277, 42.441, 41.507, 41.149, 41.656, 41.77, 41.172, 40.67, 40.773, 40.947, 41.271, 41.433, 40.685, 39.692, 39.41, 39.507, 39.304, 38.903, 38.197, 37.904, 37.799, 37.688, 37.645, 37.403, 37.008, 36.104, 35.515, 35.554, 36.303, 36.834, 36.795, 36.866, 36.595, 35.602, 35.009, 35.184, 36.341, 37.552, 37.663, 37.207, 37.373, 37.253, 37.072, 36.972, 36.618, 36.033, 35.636, 35.665, 36.033, 36.319, 36.332, 36.61, 37.021, 36.713, 36.368, 37.053, 36.891, 36.726, 37.066, 36.731, 36.174, 36.368, 36.632, 36.493, 36.632, 36.867, 36.859, 36.241, 35.55, 36.302, 37.128, 37.663, 38.492, 39.184, 39.344, 14.61], [16.03, 14.786, 12.0, 7.191, 0.0, 6.111, 10.412, 14.871, 20.236, 24.021, 26.592, 28.104, 29.455, 31.928, 33.994, 34.479, 35.994, 37.37, 37.795, 38.371, 38.873, 39.11, 39.476, 40.06, 40.591, 41.393, 41.878, 42.094, 43.148, 43.666, 43.609, 43.509, 42.704, 41.829, 41.489, 41.96, 42.07, 41.495, 41.013, 41.121, 41.293, 41.597, 41.757, 41.05, 40.099, 39.843, 39.961, 39.769, 39.369, 38.67, 38.374, 38.264, 38.163, 38.12, 37.886, 37.529, 36.691, 36.158, 36.18, 36.862, 37.361, 37.312, 37.374, 37.121, 36.245, 35.727, 35.856, 36.957, 38.104, 38.213, 37.767, 37.915, 37.822, 37.673, 37.56, 37.202, 36.67, 36.287, 36.281, 36.62, 36.872, 36.873, 37.128, 37.505, 37.223, 36.904, 37.541, 37.366, 37.18, 37.479, 37.162, 36.681, 36.865, 37.083, 37.005, 37.186, 37.4, 37.387, 36.804, 36.172, 36.888, 37.6, 38.066, 38.85, 39.504, 39.655, 17.085], [17.879, 16.772, 14.459, 11.131, 6.111, 0.0, 7.185, 14.022, 20.318, 24.425, 27.042, 28.524, 29.95, 32.606, 34.658, 35.151, 36.603, 37.932, 38.383, 38.985, 39.486, 39.715, 40.082, 40.649, 41.15, 41.923, 42.402, 42.603, 43.589, 44.066, 44.0, 43.9, 43.136, 42.331, 42.008, 42.439, 42.547, 42.009, 41.568, 41.681, 41.847, 42.137, 42.288, 41.63, 40.724, 40.459, 40.581, 40.416, 40.038, 39.358, 39.06, 38.935, 38.831, 38.797, 38.595, 38.296, 37.557, 37.127, 37.131, 37.69, 38.115, 38.064, 38.129, 37.901, 37.127, 36.676, 36.78, 37.806, 38.843, 38.935, 38.509, 38.639, 38.589, 38.483, 38.352, 38.006, 37.499, 37.11, 37.104, 37.436, 37.639, 37.6, 37.818, 38.155, 37.899, 37.628, 38.225, 38.022, 37.817, 38.083, 37.766, 37.336, 37.527, 37.718, 37.687, 37.909, 38.123, 38.146, 37.65, 37.045, 37.714, 38.344, 38.74, 39.469, 40.081, 40.219, 18.86], [19.38, 18.306, 15.972, 12.995, 10.412, 7.185, 0.0, 9.635, 18.62, 23.745, 26.535, 28.02, 29.633, 32.66, 34.84, 35.367, 36.893, 38.199, 38.644, 39.284, 39.793, 40.029, 40.405, 40.987, 41.478, 42.209, 42.676, 42.869, 43.8, 44.24, 44.195, 44.114, 43.389, 42.638, 42.332, 42.747, 42.844, 42.35, 41.982, 42.106, 42.266, 42.559, 42.684, 42.051, 41.163, 40.869, 40.981, 40.837, 40.483, 39.84, 39.558, 39.428, 39.318, 39.28, 39.098, 38.83, 38.163, 37.808, 37.826, 38.319, 38.709, 38.667, 38.729, 38.489, 37.767, 37.315, 37.349, 38.348, 39.362, 39.431, 39.013, 39.153, 39.112, 39.029, 38.897, 38.559, 38.07, 37.684, 37.681, 37.989, 38.183, 38.13, 38.314, 38.624, 38.397, 38.203, 38.791, 38.544, 38.314, 38.562, 38.24, 37.819, 37.995, 38.177, 38.14, 38.382, 38.625, 38.662, 38.208, 37.613, 38.241, 38.822, 39.153, 39.821, 40.396, 40.547, 20.275], [21.53, 20.557, 18.504, 16.03, 14.871, 14.022, 9.635, 0.0, 12.285, 20.255, 24.217, 25.982, 27.911, 31.357, 33.781, 34.472, 36.231, 37.617, 38.069, 38.766, 39.373, 39.633, 40.028, 40.656, 41.176, 41.917, 42.372, 42.571, 43.549, 44.022, 43.983, 43.916, 43.225, 42.432, 42.08, 42.481, 42.571, 42.087, 41.74, 41.878, 42.051, 42.352, 42.437, 41.771, 40.828, 40.488, 40.595, 40.463, 40.129, 39.488, 39.223, 39.125, 39.008, 38.965, 38.809, 38.569, 37.846, 37.369, 37.44, 38.14, 38.677, 38.681, 38.724, 38.416, 37.526, 36.856, 36.796, 37.838, 38.948, 39.012, 38.583, 38.775, 38.703, 38.566, 38.423, 38.052, 37.536, 37.161, 37.199, 37.503, 37.705, 37.661, 37.843, 38.159, 37.913, 37.724, 38.373, 38.161, 37.937, 38.199, 37.862, 37.399, 37.584, 37.826, 37.75, 37.939, 38.185, 38.228, 37.761, 37.165, 37.795, 38.396, 38.765, 39.445, 40.045, 40.204, 22.349], [24.33, 23.483, 21.984, 20.459, 20.236, 20.318, 18.62, 12.285, 0.0, 11.965, 19.491, 22.447, 24.252, 28.02, 31.045, 31.996, 34.175, 35.796, 36.245, 37.009, 37.851, 38.148, 38.669, 39.492, 40.119, 40.977, 41.485, 41.722, 42.903, 43.487, 43.367, 43.228, 42.461, 41.534, 41.118, 41.579, 41.73, 41.212, 40.725, 40.84, 40.997, 41.274, 41.355, 40.578, 39.547, 39.218, 39.309, 39.129, 38.77, 38.069, 37.844, 37.824, 37.738, 37.727, 37.56, 37.206, 36.215, 35.423, 35.526, 36.543, 37.268, 37.335, 37.377, 37.026, 35.8, 34.826, 34.817, 35.998, 37.311, 37.435, 36.948, 37.171, 37.091, 36.869, 36.649, 36.196, 35.554, 35.079, 35.173, 35.611, 35.874, 35.822, 36.052, 36.452, 36.12, 35.758, 36.534, 36.421, 36.276, 36.649, 36.284, 35.746, 36.002, 36.358, 36.236, 36.35, 36.57, 36.602, 36.066, 35.374, 36.004, 36.721, 37.258, 38.107, 38.824, 38.965, 25.205], [26.24, 25.492, 24.452, 23.623, 24.021, 24.425, 23.745, 20.255, 11.965, 0.0, 11.531, 16.869, 18.508, 22.861, 27.063, 28.345, 31.028, 32.972, 33.52, 34.355, 35.44, 35.877, 36.635, 37.769, 38.614, 39.643, 40.244, 40.548, 41.951, 42.659, 42.477, 42.244, 41.319, 40.254, 39.845, 40.417, 40.61, 40.051, 39.444, 39.537, 39.7, 39.999, 40.103, 39.192, 38.082, 37.755, 37.801, 37.553, 37.146, 36.384, 36.206, 36.233, 36.168, 36.187, 35.957, 35.463, 34.292, 33.372, 33.541, 34.768, 35.587, 35.672, 35.728, 35.379, 33.872, 32.732, 32.901, 34.229, 35.687, 35.857, 35.228, 35.378, 35.277, 35.017, 34.792, 34.284, 33.491, 32.942, 33.109, 33.657, 34.012, 34.007, 34.331, 34.859, 34.495, 33.942, 34.764, 34.703, 34.698, 35.199, 34.798, 34.159, 34.441, 34.869, 34.684, 34.714, 34.9, 34.867, 34.074, 33.252, 33.968, 34.837, 35.532, 36.59, 37.415, 37.557, 27.121], [28.032, 27.392, 26.602, 26.078, 26.592, 27.042, 26.535, 24.217, 19.491, 11.531, 0.0, 8.107, 12.123, 18.667, 24.194, 26.002, 29.268, 31.519, 32.322, 33.342, 34.541, 35.141, 36.011, 37.247, 38.21, 39.302, 39.927, 40.266, 41.716, 42.438, 42.255, 42.002, 40.992, 39.857, 39.435, 40.054, 40.307, 39.825, 39.246, 39.313, 39.495, 39.868, 40.01, 39.088, 37.957, 37.613, 37.658, 37.447, 37.081, 36.344, 36.164, 36.165, 36.096, 36.118, 35.873, 35.437, 34.375, 33.62, 33.845, 35.042, 35.871, 35.908, 35.911, 35.587, 34.143, 33.049, 33.297, 34.576, 35.897, 36.049, 35.362, 35.434, 35.302, 35.052, 34.88, 34.415, 33.642, 33.137, 33.318, 33.801, 34.116, 34.133, 34.493, 35.037, 34.717, 34.151, 34.867, 34.74, 34.811, 35.343, 34.933, 34.31, 34.558, 34.959, 34.75, 34.764, 34.92, 34.871, 33.952, 33.166, 34.018, 34.854, 35.499, 36.567, 37.359, 37.496, 28.742], [29.412, 28.856, 28.134, 27.658, 28.104, 28.524, 28.02, 25.982, 22.447, 16.869, 8.107, 0.0, 7.877, 17.243, 23.27, 25.348, 28.973, 31.344, 32.278, 33.562, 34.861, 35.503, 36.32, 37.474, 38.43, 39.51, 40.125, 40.468, 41.875, 42.565, 42.4, 42.144, 41.111, 39.993, 39.528, 40.059, 40.305, 39.903, 39.406, 39.462, 39.626, 39.992, 40.147, 39.349, 38.36, 38.1, 38.158, 38.004, 37.73, 37.096, 36.919, 36.891, 36.825, 36.863, 36.661, 36.331, 35.411, 34.763, 34.985, 36.053, 36.791, 36.755, 36.718, 36.438, 35.24, 34.368, 34.617, 35.762, 36.91, 37.071, 36.429, 36.455, 36.298, 36.053, 35.881, 35.452, 34.764, 34.309, 34.444, 34.84, 35.093, 35.119, 35.471, 35.972, 35.684, 35.153, 35.762, 35.593, 35.627, 36.082, 35.709, 35.204, 35.428, 35.767, 35.618, 35.699, 35.86, 35.82, 34.906, 34.187, 35.041, 35.782, 36.331, 37.284, 38.007, 38.173, 29.991], [30.38, 29.887, 29.293, 28.921, 29.455, 29.95, 29.633, 27.911, 24.252, 18.508, 12.123, 7.877, 0.0, 11.907, 19.772, 22.307, 26.666, 29.499, 30.495, 31.984, 33.54, 34.301, 35.144, 36.326, 37.371, 38.518, 39.167, 39.571, 41.115, 41.897, 41.791, 41.642, 40.657, 39.55, 39.054, 39.518, 39.739, 39.321, 38.754, 38.755, 38.897, 39.271, 39.429, 38.617, 37.658, 37.438, 37.496, 37.33, 37.039, 36.398, 36.26, 36.258, 36.227, 36.293, 36.103, 35.778, 34.82, 34.101, 34.33, 35.468, 36.253, 36.218, 36.181, 35.91, 34.662, 33.805, 34.123, 35.294, 36.525, 36.731, 36.054, 36.043, 35.861, 35.573, 35.383, 34.932, 34.189, 33.695, 33.834, 34.253, 34.553, 34.623, 35.009, 35.535, 35.243, 34.68, 35.295, 35.167, 35.236, 35.673, 35.274, 34.75, 34.992, 35.372, 35.197, 35.219, 35.368, 35.306, 34.333, 33.603, 34.462, 35.225, 35.822, 36.84, 37.591, 37.776, 30.959], [32.35, 31.953, 31.574, 31.319, 31.928, 32.606, 32.66, 31.357, 28.02, 22.861, 18.667, 17.243, 11.907, 0.0, 11.189, 16.377, 22.675, 26.305, 27.54, 29.268, 31.16, 32.151, 33.083, 34.34, 35.498, 36.74, 37.438, 37.938, 39.666, 40.585, 40.609, 40.698, 39.889, 38.818, 38.33, 38.791, 39.011, 38.541, 37.817, 37.747, 37.939, 38.369, 38.534, 37.644, 36.624, 36.444, 36.546, 36.318, 35.904, 35.147, 35.016, 35.018, 35.014, 35.096, 34.874, 34.502, 33.437, 32.609, 32.942, 34.266, 35.132, 35.131, 35.127, 34.863, 33.498, 32.582, 33.004, 34.209, 35.513, 35.631, 34.898, 34.976, 34.782, 34.452, 34.336, 33.902, 33.068, 32.554, 32.736, 33.186, 33.612, 33.792, 34.241, 34.804, 34.509, 33.897, 34.49, 34.449, 34.587, 35.035, 34.628, 34.059, 34.378, 34.826, 34.548, 34.425, 34.482, 34.334, 33.332, 32.654, 33.436, 34.185, 34.846, 35.979, 36.791, 36.99, 32.927], [34.261, 33.9, 33.632, 33.432, 33.994, 34.658, 34.84, 33.781, 31.045, 27.063, 24.194, 23.27, 19.772, 11.189, 0.0, 11.051, 20.553, 24.653, 26.222, 28.135, 30.261, 31.488, 32.454, 33.702, 34.871, 36.115, 36.816, 37.336, 39.06, 40.001, 40.109, 40.335, 39.703, 38.78, 38.419, 38.948, 39.17, 38.657, 37.917, 37.851, 38.102, 38.598, 38.744, 37.849, 36.88, 36.726, 36.833, 36.627, 36.222, 35.479, 35.345, 35.346, 35.348, 35.441, 35.222, 34.833, 33.844, 33.135, 33.573, 34.885, 35.717, 35.734, 35.756, 35.51, 34.168, 33.299, 33.687, 34.759, 35.952, 36.0, 35.317, 35.457, 35.3, 35.054, 35.065, 34.745, 33.907, 33.398, 33.587, 33.965, 34.366, 34.57, 35.008, 35.534, 35.291, 34.744, 35.192, 35.177, 35.352, 35.811, 35.493, 34.956, 35.258, 35.667, 35.35, 35.128, 35.143, 35.055, 34.121, 33.442, 34.08, 34.737, 35.352, 36.457, 37.264, 37.501, 34.79], [34.545, 34.187, 33.968, 33.859, 34.479, 35.151, 35.367, 34.472, 31.996, 28.345, 26.002, 25.348, 22.307, 16.377, 11.051, 0.0, 13.494, 19.795, 22.09, 24.743, 27.751, 29.415, 30.519, 31.891, 33.231, 34.613, 35.403, 36.03, 37.943, 39.015, 39.231, 39.555, 38.93, 37.995, 37.584, 38.1, 38.45, 38.034, 37.281, 37.215, 37.511, 38.066, 38.225, 37.358, 36.487, 36.393, 36.486, 36.271, 35.867, 35.121, 35.037, 35.045, 34.982, 35.074, 34.869, 34.503, 33.612, 33.045, 33.548, 34.827, 35.608, 35.585, 35.607, 35.325, 33.852, 33.023, 33.518, 34.544, 35.76, 35.885, 35.179, 35.237, 35.1, 34.949, 35.044, 34.754, 33.908, 33.377, 33.583, 33.997, 34.389, 34.564, 35.01, 35.556, 35.318, 34.738, 35.167, 35.135, 35.316, 35.788, 35.432, 34.837, 35.099, 35.508, 35.18, 34.947, 34.942, 34.881, 34.07, 33.343, 33.984, 34.668, 35.286, 36.491, 37.388, 37.653, 35.076], [35.797, 35.465, 35.338, 35.393, 35.994, 36.603, 36.893, 36.231, 34.175, 31.028, 29.268, 28.973, 26.666, 22.675, 20.553, 13.494, 0.0, 9.817, 14.901, 19.013, 23.586, 25.92, 27.211, 28.931, 30.62, 32.12, 32.968, 33.671, 35.651, 36.843, 37.25, 37.801, 37.441, 36.793, 36.4, 36.653, 37.105, 37.194, 36.746, 36.638, 36.74, 37.085, 37.3, 36.68, 36.007, 35.964, 35.996, 35.786, 35.509, 35.029, 35.161, 35.193, 35.084, 35.151, 34.979, 34.802, 34.219, 33.997, 34.538, 35.676, 36.406, 36.369, 36.398, 36.096, 34.624, 33.886, 34.343, 35.21, 36.337, 36.589, 35.94, 35.854, 35.71, 35.6, 35.735, 35.52, 34.768, 34.332, 34.57, 35.016, 35.424, 35.581, 36.006, 36.509, 36.252, 35.579, 35.906, 35.938, 36.107, 36.517, 36.133, 35.51, 35.698, 36.085, 35.774, 35.514, 35.465, 35.391, 34.706, 34.098, 34.7, 35.243, 35.796, 36.985, 37.899, 38.183, 36.289], [37.092, 36.781, 36.7, 36.796, 37.37, 37.932, 38.199, 37.617, 35.796, 32.972, 31.519, 31.344, 29.499, 26.305, 24.653, 19.795, 9.817, 0.0, 8.466, 15.04, 20.737, 23.319, 24.76, 26.882, 28.752, 30.193, 31.003, 31.624, 33.433, 34.615, 35.183, 35.963, 35.917, 35.598, 35.351, 35.556, 36.059, 36.574, 36.542, 36.579, 36.616, 36.833, 37.138, 36.731, 36.197, 36.25, 36.282, 36.1, 35.973, 35.741, 36.022, 36.083, 35.966, 36.029, 35.851, 35.696, 35.275, 35.222, 35.718, 36.691, 37.341, 37.293, 37.303, 37.007, 35.627, 34.952, 35.285, 35.983, 36.984, 37.268, 36.693, 36.623, 36.504, 36.427, 36.583, 36.414, 35.728, 35.401, 35.646, 36.021, 36.428, 36.603, 37.006, 37.493, 37.268, 36.586, 36.833, 36.953, 37.139, 37.52, 37.158, 36.585, 36.759, 37.131, 36.889, 36.661, 36.638, 36.563, 35.827, 35.204, 35.681, 36.09, 36.601, 37.706, 38.559, 38.851, 37.508], [37.459, 37.19, 37.145, 37.221, 37.795, 38.383, 38.644, 38.069, 36.245, 33.52, 32.322, 32.278, 30.495, 27.54, 26.222, 22.09, 14.901, 8.466, 0.0, 10.058, 18.072, 20.952, 22.358, 24.777, 26.821, 28.221, 28.999, 29.592, 31.344, 32.596, 33.285, 34.189, 34.292, 34.126, 33.965, 34.301, 34.893, 35.524, 35.745, 36.136, 36.365, 36.549, 36.852, 36.584, 36.155, 36.267, 36.322, 36.135, 36.044, 35.87, 36.172, 36.232, 36.114, 36.208, 36.03, 35.83, 35.387, 35.302, 35.747, 36.635, 37.236, 37.159, 37.165, 36.855, 35.493, 34.875, 35.164, 35.799, 36.791, 37.096, 36.575, 36.562, 36.467, 36.423, 36.593, 36.42, 35.726, 35.43, 35.685, 36.034, 36.464, 36.653, 37.059, 37.565, 37.36, 36.677, 36.925, 37.092, 37.314, 37.717, 37.329, 36.709, 36.876, 37.265, 37.03, 36.812, 36.843, 36.77, 35.957, 35.247, 35.688, 36.104, 36.633, 37.71, 38.549, 38.844, 37.83], [37.924, 37.711, 37.768, 37.845, 38.371, 38.985, 39.284, 38.766, 37.009, 34.355, 33.342, 33.562, 31.984, 29.268, 28.135, 24.743, 19.013, 15.04, 10.058, 0.0, 11.512, 16.352, 17.939, 20.86, 23.41, 24.958, 25.759, 26.413, 28.313, 29.786, 30.692, 31.883, 32.283, 32.373, 32.402, 32.958, 33.723, 34.428, 34.686, 35.288, 35.946, 36.449, 36.733, 36.485, 36.153, 36.288, 36.333, 36.131, 36.037, 35.855, 36.116, 36.148, 36.028, 36.125, 35.928, 35.703, 35.243, 35.163, 35.586, 36.411, 36.961, 36.889, 36.946, 36.664, 35.297, 34.745, 35.077, 35.722, 36.76, 37.095, 36.585, 36.547, 36.459, 36.443, 36.613, 36.438, 35.743, 35.449, 35.7, 36.02, 36.441, 36.619, 37.017, 37.509, 37.291, 36.591, 36.805, 36.942, 37.202, 37.596, 37.203, 36.57, 36.723, 37.114, 36.852, 36.596, 36.615, 36.547, 35.773, 35.051, 35.425, 35.834, 36.387, 37.461, 38.298, 38.61, 38.266], [38.517, 38.313, 38.389, 38.417, 38.873, 39.486, 39.793, 39.373, 37.851, 35.44, 34.541, 34.861, 33.54, 31.16, 30.261, 27.751, 23.586, 20.737, 18.072, 11.512, 0.0, 8.001, 11.653, 15.476, 18.646, 20.411, 21.216, 21.927, 24.224, 26.089, 27.388, 29.191, 30.204, 30.715, 31.027, 31.84, 32.858, 33.79, 34.134, 34.717, 35.69, 36.816, 37.386, 37.063, 36.716, 36.904, 36.947, 36.726, 36.619, 36.433, 36.628, 36.647, 36.546, 36.623, 36.421, 36.219, 35.748, 35.616, 35.953, 36.677, 37.231, 37.181, 37.251, 37.006, 35.715, 35.211, 35.604, 36.329, 37.418, 37.745, 37.244, 37.246, 37.167, 37.111, 37.275, 37.131, 36.451, 36.114, 36.337, 36.628, 36.994, 37.146, 37.501, 37.942, 37.698, 36.97, 37.158, 37.318, 37.575, 37.89, 37.47, 36.857, 37.062, 37.471, 37.192, 36.942, 36.929, 36.819, 36.118, 35.531, 35.852, 36.16, 36.709, 37.815, 38.634, 38.949, 38.775], [38.813, 38.619, 38.663, 38.669, 39.11, 39.715, 40.029, 39.633, 38.148, 35.877, 35.141, 35.503, 34.301, 32.151, 31.488, 29.415, 25.92, 23.319, 20.952, 16.352, 8.001, 0.0, 6.945, 12.719, 16.231, 18.138, 19.124, 19.825, 22.26, 24.425, 25.919, 27.875, 29.16, 29.855, 30.239, 31.186, 32.367, 33.492, 34.08, 34.762, 35.71, 37.065, 37.959, 37.667, 37.229, 37.398, 37.466, 37.238, 37.107, 36.9, 37.051, 37.063, 36.989, 37.078, 36.895, 36.688, 36.167, 35.969, 36.25, 36.898, 37.408, 37.338, 37.383, 37.156, 35.979, 35.534, 35.909, 36.649, 37.731, 38.012, 37.534, 37.586, 37.495, 37.412, 37.565, 37.433, 36.796, 36.468, 36.677, 36.972, 37.335, 37.464, 37.775, 38.194, 37.935, 37.194, 37.39, 37.602, 37.873, 38.164, 37.738, 37.128, 37.348, 37.755, 37.482, 37.231, 37.223, 37.09, 36.432, 35.92, 36.178, 36.439, 36.986, 38.015, 38.793, 39.082, 39.032], [39.232, 39.066, 39.11, 39.08, 39.476, 40.082, 40.405, 40.028, 38.669, 36.635, 36.011, 36.32, 35.144, 33.083, 32.454, 30.519, 27.211, 24.76, 22.358, 17.939, 11.653, 6.945, 0.0, 8.006, 13.111, 15.579, 16.916, 17.807, 20.471, 22.929, 24.555, 26.543, 27.895, 28.736, 29.287, 30.342, 31.602, 32.914, 33.777, 34.681, 35.717, 37.064, 38.095, 38.005, 37.657, 37.852, 37.934, 37.705, 37.585, 37.404, 37.554, 37.561, 37.501, 37.585, 37.4, 37.212, 36.722, 36.553, 36.818, 37.405, 37.839, 37.76, 37.821, 37.579, 36.434, 36.027, 36.361, 37.058, 38.091, 38.339, 37.89, 37.95, 37.846, 37.763, 37.944, 37.812, 37.202, 36.9, 37.088, 37.361, 37.734, 37.874, 38.17, 38.572, 38.326, 37.609, 37.802, 38.042, 38.328, 38.612, 38.197, 37.615, 37.828, 38.221, 37.957, 37.7, 37.717, 37.603, 36.99, 36.519, 36.745, 36.969, 37.469, 38.421, 39.162, 39.466, 39.455], [39.863, 39.714, 39.785, 39.737, 40.06, 40.649, 40.987, 40.656, 39.492, 37.769, 37.247, 37.474, 36.326, 34.34, 33.702, 31.891, 28.931, 26.882, 24.777, 20.86, 15.476, 12.719, 8.006, 0.0, 7.002, 10.938, 12.816, 14.184, 17.561, 20.44, 22.204, 24.44, 25.979, 27.02, 27.874, 29.069, 30.454, 31.979, 32.966, 33.975, 35.322, 36.916, 37.999, 38.061, 37.972, 38.344, 38.485, 38.273, 38.166, 38.011, 38.155, 38.186, 38.143, 38.199, 38.004, 37.856, 37.426, 37.342, 37.599, 38.055, 38.392, 38.367, 38.511, 38.294, 37.23, 36.873, 37.13, 37.728, 38.712, 38.957, 38.55, 38.593, 38.479, 38.392, 38.597, 38.455, 37.871, 37.653, 37.824, 38.065, 38.477, 38.639, 38.894, 39.245, 38.995, 38.289, 38.458, 38.716, 38.976, 39.223, 38.846, 38.33, 38.553, 38.935, 38.663, 38.403, 38.457, 38.374, 37.776, 37.342, 37.546, 37.758, 38.243, 39.172, 39.906, 40.232, 40.079], [40.366, 40.228, 40.319, 40.287, 40.591, 41.15, 41.478, 41.176, 40.119, 38.614, 38.21, 38.43, 37.371, 35.498, 34.871, 33.231, 30.62, 28.752, 26.821, 23.41, 18.646, 16.231, 13.111, 7.002, 0.0, 5.695, 8.742, 10.636, 14.819, 18.139, 19.983, 22.436, 24.25, 25.541, 26.625, 27.914, 29.419, 31.136, 32.199, 33.242, 34.8, 36.745, 37.956, 38.03, 38.09, 38.659, 38.909, 38.733, 38.647, 38.518, 38.659, 38.711, 38.683, 38.722, 38.512, 38.358, 37.941, 37.888, 38.135, 38.519, 38.816, 38.816, 38.992, 38.813, 37.834, 37.53, 37.769, 38.297, 39.246, 39.459, 39.097, 39.178, 39.061, 38.963, 39.166, 39.017, 38.462, 38.322, 38.491, 38.703, 39.127, 39.262, 39.449, 39.753, 39.492, 38.8, 38.959, 39.23, 39.471, 39.69, 39.322, 38.833, 39.075, 39.453, 39.194, 38.965, 39.038, 38.987, 38.426, 37.975, 38.132, 38.362, 38.846, 39.746, 40.473, 40.788, 40.568], [41.152, 41.025, 41.125, 41.094, 41.393, 41.923, 42.209, 41.917, 40.977, 39.643, 39.302, 39.51, 38.518, 36.74, 36.115, 34.613, 32.12, 30.193, 28.221, 24.958, 20.411, 18.138, 15.579, 10.938, 5.695, 0.0, 4.434, 7.583, 12.475, 16.242, 18.406, 21.235, 23.404, 24.962, 26.206, 27.489, 29.029, 30.928, 32.13, 33.217, 34.849, 36.973, 38.27, 38.38, 38.5, 39.147, 39.475, 39.333, 39.297, 39.236, 39.412, 39.47, 39.443, 39.487, 39.287, 39.147, 38.781, 38.781, 39.038, 39.397, 39.694, 39.685, 39.836, 39.655, 38.726, 38.455, 38.687, 39.156, 40.04, 40.22, 39.902, 40.022, 39.915, 39.828, 40.023, 39.876, 39.341, 39.204, 39.362, 39.537, 39.922, 40.024, 40.18, 40.458, 40.216, 39.572, 39.697, 39.963, 40.226, 40.424, 40.035, 39.56, 39.799, 40.159, 39.932, 39.744, 39.836, 39.79, 39.296, 38.879, 38.974, 39.161, 39.617, 40.495, 41.195, 41.511, 41.336], [41.643, 41.515, 41.618, 41.585, 41.878, 42.402, 42.676, 42.372, 41.485, 40.244, 39.927, 40.125, 39.167, 37.438, 36.816, 35.403, 32.968, 31.003, 28.999, 25.759, 21.216, 19.124, 16.916, 12.816, 8.742, 4.434, 0.0, 4.943, 11.025, 15.194, 17.572, 20.712, 23.189, 24.928, 26.235, 27.497, 29.041, 30.998, 32.25, 33.37, 35.047, 37.208, 38.49, 38.62, 38.792, 39.452, 39.818, 39.723, 39.724, 39.701, 39.897, 39.954, 39.916, 39.96, 39.772, 39.646, 39.32, 39.352, 39.611, 39.976, 40.291, 40.289, 40.43, 40.242, 39.33, 39.065, 39.298, 39.74, 40.59, 40.747, 40.433, 40.551, 40.441, 40.355, 40.547, 40.405, 39.883, 39.755, 39.911, 40.062, 40.417, 40.502, 40.656, 40.925, 40.691, 40.065, 40.154, 40.406, 40.683, 40.855, 40.444, 39.978, 40.222, 40.573, 40.368, 40.206, 40.313, 40.281, 39.831, 39.456, 39.526, 39.689, 40.129, 40.998, 41.691, 42.006, 41.813], [41.892, 41.758, 41.855, 41.817, 42.094, 42.603, 42.869, 42.571, 41.722, 40.548, 40.266, 40.468, 39.571, 37.938, 37.336, 36.03, 33.671, 31.624, 29.592, 26.413, 21.927, 19.825, 17.807, 14.184, 10.636, 7.583, 4.943, 0.0, 7.444, 12.68, 15.312, 18.737, 21.743, 23.892, 25.402, 26.717, 28.353, 30.595, 32.136, 33.397, 35.114, 37.284, 38.599, 38.776, 38.956, 39.61, 40.002, 39.945, 39.99, 40.012, 40.239, 40.298, 40.247, 40.291, 40.118, 40.005, 39.697, 39.722, 39.944, 40.28, 40.579, 40.572, 40.701, 40.521, 39.676, 39.449, 39.666, 40.089, 40.919, 41.057, 40.747, 40.864, 40.742, 40.641, 40.819, 40.689, 40.193, 40.083, 40.249, 40.389, 40.735, 40.806, 40.936, 41.189, 40.957, 40.341, 40.4, 40.656, 40.945, 41.099, 40.703, 40.262, 40.501, 40.84, 40.657, 40.513, 40.639, 40.627, 40.222, 39.883, 39.942, 40.094, 40.514, 41.322, 41.99, 42.284, 42.046], [43.019, 42.886, 42.969, 42.915, 43.148, 43.589, 43.8, 43.549, 42.903, 41.951, 41.716, 41.875, 41.115, 39.666, 39.06, 37.943, 35.651, 33.433, 31.344, 28.313, 24.224, 22.26, 20.471, 17.561, 14.819, 12.475, 11.025, 7.444, 0.0, 6.961, 11.048, 15.414, 19.426, 22.518, 24.524, 25.83, 27.513, 30.272, 32.381, 33.866, 35.604, 37.769, 39.185, 39.504, 39.736, 40.419, 40.843, 40.815, 40.95, 41.145, 41.471, 41.548, 41.496, 41.549, 41.408, 41.345, 41.099, 41.153, 41.33, 41.56, 41.817, 41.793, 41.895, 41.714, 41.01, 40.891, 41.048, 41.338, 42.017, 42.146, 41.889, 41.997, 41.869, 41.786, 41.964, 41.851, 41.433, 41.406, 41.575, 41.673, 42.018, 42.086, 42.175, 42.377, 42.168, 41.616, 41.623, 41.899, 42.217, 42.363, 42.008, 41.6, 41.782, 42.061, 41.911, 41.789, 41.922, 41.925, 41.61, 41.355, 41.379, 41.473, 41.832, 42.543, 43.146, 43.432, 43.148], [43.576, 43.436, 43.509, 43.453, 43.666, 44.066, 44.24, 44.022, 43.487, 42.659, 42.438, 42.565, 41.897, 40.585, 40.001, 39.015, 36.843, 34.615, 32.596, 29.786, 26.089, 24.425, 22.929, 20.44, 18.139, 16.242, 15.194, 12.68, 6.961, 0.0, 6.474, 12.915, 17.589, 21.129, 23.465, 24.88, 26.629, 29.703, 32.137, 33.711, 35.467, 37.689, 39.182, 39.593, 39.909, 40.654, 41.113, 41.115, 41.325, 41.673, 42.094, 42.217, 42.168, 42.213, 42.08, 42.031, 41.827, 41.917, 42.068, 42.242, 42.487, 42.44, 42.525, 42.344, 41.683, 41.576, 41.69, 41.919, 42.512, 42.66, 42.425, 42.536, 42.428, 42.356, 42.542, 42.446, 42.07, 42.101, 42.275, 42.347, 42.693, 42.775, 42.866, 43.055, 42.856, 42.343, 42.351, 42.623, 42.924, 43.059, 42.732, 42.327, 42.469, 42.705, 42.545, 42.43, 42.557, 42.564, 42.288, 42.067, 42.087, 42.187, 42.535, 43.211, 43.782, 44.087, 43.702], [43.46, 43.322, 43.412, 43.386, 43.609, 44.0, 44.195, 43.983, 43.367, 42.477, 42.255, 42.4, 41.791, 40.609, 40.109, 39.231, 37.25, 35.183, 33.285, 30.692, 27.388, 25.919, 24.555, 22.204, 19.983, 18.406, 17.572, 15.312, 11.048, 6.474, 0.0, 8.268, 14.449, 18.728, 21.538, 23.321, 25.382, 28.829, 31.503, 33.169, 34.969, 37.283, 38.86, 39.352, 39.765, 40.522, 40.998, 41.048, 41.269, 41.599, 42.012, 42.16, 42.119, 42.151, 42.021, 41.965, 41.761, 41.846, 41.965, 42.132, 42.379, 42.33, 42.405, 42.227, 41.57, 41.455, 41.586, 41.844, 42.432, 42.576, 42.344, 42.441, 42.322, 42.25, 42.436, 42.35, 41.976, 41.996, 42.2, 42.283, 42.61, 42.684, 42.772, 42.971, 42.769, 42.266, 42.304, 42.565, 42.825, 42.952, 42.644, 42.222, 42.338, 42.576, 42.41, 42.292, 42.425, 42.434, 42.167, 41.973, 42.03, 42.165, 42.527, 43.166, 43.714, 44.031, 43.598], [43.285, 43.17, 43.289, 43.277, 43.509, 43.9, 44.114, 43.916, 43.228, 42.244, 42.002, 42.144, 41.642, 40.698, 40.335, 39.555, 37.801, 35.963, 34.189, 31.883, 29.191, 27.875, 26.543, 24.44, 22.436, 21.235, 20.712, 18.737, 15.414, 12.915, 8.268, 0.0, 8.503, 14.888, 18.927, 21.369, 23.852, 27.726, 30.795, 32.685, 34.511, 36.864, 38.572, 39.197, 39.683, 40.387, 40.854, 40.975, 41.241, 41.557, 41.919, 42.077, 42.07, 42.112, 42.005, 41.969, 41.739, 41.791, 41.87, 42.046, 42.297, 42.222, 42.275, 42.08, 41.447, 41.346, 41.477, 41.724, 42.251, 42.422, 42.211, 42.251, 42.111, 42.081, 42.285, 42.209, 41.827, 41.837, 42.075, 42.152, 42.448, 42.517, 42.61, 42.809, 42.622, 42.151, 42.192, 42.446, 42.691, 42.829, 42.559, 42.162, 42.249, 42.489, 42.339, 42.243, 42.391, 42.403, 42.09, 41.887, 41.972, 42.133, 42.485, 43.076, 43.584, 43.882, 43.431], [42.43, 42.327, 42.454, 42.441, 42.704, 43.136, 43.389, 43.225, 42.461, 41.319, 40.992, 41.111, 40.657, 39.889, 39.703, 38.93, 37.441, 35.917, 34.292, 32.283, 30.204, 29.16, 27.895, 25.979, 24.25, 23.404, 23.189, 21.743, 19.426, 17.589, 14.449, 8.503, 0.0, 8.608, 14.726, 18.318, 21.246, 25.47, 28.938, 31.054, 32.949, 35.355, 37.225, 38.01, 38.554, 39.245, 39.714, 39.887, 40.245, 40.657, 41.073, 41.259, 41.274, 41.371, 41.335, 41.33, 41.042, 41.004, 41.028, 41.26, 41.566, 41.462, 41.493, 41.297, 40.643, 40.485, 40.634, 40.926, 41.461, 41.72, 41.529, 41.532, 41.389, 41.397, 41.597, 41.489, 41.077, 41.075, 41.31, 41.384, 41.693, 41.773, 41.896, 42.112, 41.922, 41.437, 41.516, 41.765, 41.988, 42.145, 41.891, 41.529, 41.617, 41.849, 41.681, 41.617, 41.785, 41.758, 41.33, 41.005, 41.082, 41.329, 41.702, 42.31, 42.806, 43.095, 42.587], [41.477, 41.372, 41.496, 41.507, 41.829, 42.331, 42.638, 42.432, 41.534, 40.254, 39.857, 39.993, 39.55, 38.818, 38.78, 37.995, 36.793, 35.598, 34.126, 32.373, 30.715, 29.855, 28.736, 27.02, 25.541, 24.962, 24.928, 23.892, 22.518, 21.129, 18.728, 14.888, 8.608, 0.0, 8.226, 14.008, 17.874, 22.501, 26.267, 28.574, 30.682, 33.297, 35.324, 36.25, 36.931, 37.72, 38.238, 38.452, 38.875, 39.366, 39.883, 40.146, 40.156, 40.296, 40.359, 40.375, 40.004, 39.866, 39.907, 40.247, 40.603, 40.49, 40.513, 40.31, 39.585, 39.323, 39.493, 39.899, 40.54, 40.831, 40.633, 40.657, 40.517, 40.513, 40.712, 40.581, 40.11, 40.083, 40.323, 40.428, 40.765, 40.846, 40.977, 41.219, 40.987, 40.436, 40.6, 40.838, 41.04, 41.224, 40.945, 40.548, 40.672, 40.909, 40.677, 40.61, 40.756, 40.672, 40.22, 39.864, 39.977, 40.351, 40.799, 41.43, 41.935, 42.236, 41.638], [41.116, 41.005, 41.123, 41.149, 41.489, 42.008, 42.332, 42.08, 41.118, 39.845, 39.435, 39.528, 39.054, 38.33, 38.419, 37.584, 36.4, 35.351, 33.965, 32.402, 31.027, 30.239, 29.287, 27.874, 26.625, 26.206, 26.235, 25.402, 24.524, 23.465, 21.538, 18.927, 14.726, 8.226, 0.0, 7.873, 13.664, 19.287, 23.428, 25.836, 28.017, 30.77, 32.966, 34.112, 35.093, 36.085, 36.698, 37.015, 37.537, 38.138, 38.783, 39.136, 39.175, 39.346, 39.523, 39.669, 39.435, 39.346, 39.436, 39.861, 40.249, 40.132, 40.143, 39.932, 39.163, 38.849, 39.049, 39.467, 40.118, 40.392, 40.159, 40.209, 40.102, 40.097, 40.288, 40.141, 39.648, 39.656, 39.918, 40.041, 40.375, 40.428, 40.552, 40.809, 40.561, 39.983, 40.196, 40.411, 40.603, 40.803, 40.513, 40.099, 40.219, 40.445, 40.221, 40.167, 40.254, 40.147, 39.692, 39.347, 39.498, 39.881, 40.347, 40.971, 41.47, 41.767, 41.273], [41.603, 41.493, 41.619, 41.656, 41.96, 42.439, 42.747, 42.481, 41.579, 40.417, 40.054, 40.059, 39.518, 38.791, 38.948, 38.1, 36.653, 35.556, 34.301, 32.958, 31.84, 31.186, 30.342, 29.069, 27.914, 27.489, 27.497, 26.717, 25.83, 24.88, 23.321, 21.369, 18.318, 14.008, 7.873, 0.0, 8.192, 16.006, 20.919, 23.312, 25.312, 28.05, 30.444, 31.973, 33.394, 34.641, 35.363, 35.834, 36.545, 37.386, 38.271, 38.735, 38.828, 39.037, 39.293, 39.671, 39.806, 39.907, 39.992, 40.417, 40.828, 40.721, 40.721, 40.533, 39.797, 39.452, 39.625, 39.981, 40.519, 40.757, 40.53, 40.594, 40.502, 40.502, 40.69, 40.534, 40.09, 40.187, 40.443, 40.551, 40.889, 40.928, 41.026, 41.267, 41.03, 40.472, 40.642, 40.83, 41.029, 41.213, 40.94, 40.563, 40.644, 40.832, 40.67, 40.639, 40.676, 40.576, 40.163, 39.86, 39.996, 40.299, 40.712, 41.282, 41.74, 42.026, 41.749], [41.734, 41.612, 41.728, 41.77, 42.07, 42.547, 42.844, 42.571, 41.73, 40.61, 40.307, 40.305, 39.739, 39.011, 39.17, 38.45, 37.105, 36.059, 34.893, 33.723, 32.858, 32.367, 31.602, 30.454, 29.419, 29.029, 29.041, 28.353, 27.513, 26.629, 25.382, 23.852, 21.246, 17.874, 13.664, 8.192, 0.0, 9.944, 16.675, 19.605, 21.652, 24.709, 27.492, 29.482, 31.432, 33.007, 33.825, 34.382, 35.251, 36.357, 37.538, 38.151, 38.302, 38.548, 38.827, 39.254, 39.635, 39.981, 40.136, 40.569, 40.98, 40.874, 40.868, 40.669, 39.944, 39.582, 39.691, 40.068, 40.61, 40.796, 40.576, 40.697, 40.602, 40.556, 40.709, 40.579, 40.202, 40.315, 40.508, 40.61, 41.008, 41.071, 41.152, 41.379, 41.134, 40.557, 40.677, 40.872, 41.119, 41.316, 41.052, 40.705, 40.815, 40.994, 40.839, 40.796, 40.818, 40.705, 40.278, 39.964, 40.095, 40.391, 40.786, 41.328, 41.773, 42.072, 41.884], [41.162, 41.03, 41.131, 41.172, 41.495, 42.009, 42.35, 42.087, 41.212, 40.051, 39.825, 39.903, 39.321, 38.541, 38.657, 38.034, 37.194, 36.574, 35.524, 34.428, 33.79, 33.492, 32.914, 31.979, 31.136, 30.928, 30.998, 30.595, 30.272, 29.703, 28.829, 27.726, 25.47, 22.501, 19.287, 16.006, 9.944, 0.0, 8.913, 13.797, 16.747, 20.627, 23.969, 26.352, 28.96, 31.024, 31.983, 32.614, 33.548, 34.773, 36.166, 36.913, 37.113, 37.396, 37.688, 38.053, 38.479, 39.063, 39.426, 39.928, 40.334, 40.231, 40.254, 40.013, 39.202, 38.846, 38.995, 39.465, 40.083, 40.185, 39.909, 40.072, 39.984, 39.891, 40.017, 39.927, 39.551, 39.601, 39.764, 39.886, 40.299, 40.374, 40.462, 40.71, 40.453, 39.847, 40.002, 40.204, 40.482, 40.725, 40.451, 40.068, 40.213, 40.426, 40.266, 40.17, 40.201, 40.14, 39.635, 39.242, 39.408, 39.77, 40.212, 40.819, 41.331, 41.667, 41.326], [40.629, 40.487, 40.609, 40.67, 41.013, 41.568, 41.982, 41.74, 40.725, 39.444, 39.246, 39.406, 38.754, 37.817, 37.917, 37.281, 36.746, 36.542, 35.745, 34.686, 34.134, 34.08, 33.777, 32.966, 32.199, 32.13, 32.25, 32.136, 32.381, 32.137, 31.503, 30.795, 28.938, 26.267, 23.428, 20.919, 16.675, 8.913, 0.0, 7.161, 12.303, 17.326, 20.901, 23.346, 26.565, 29.201, 30.31, 31.025, 32.003, 33.211, 34.702, 35.562, 35.851, 36.207, 36.536, 36.892, 37.305, 37.996, 38.581, 39.212, 39.651, 39.58, 39.651, 39.384, 38.445, 38.052, 38.284, 38.846, 39.539, 39.595, 39.24, 39.405, 39.34, 39.239, 39.344, 39.257, 38.84, 38.81, 38.983, 39.158, 39.537, 39.587, 39.691, 39.967, 39.702, 39.074, 39.295, 39.482, 39.734, 39.999, 39.722, 39.302, 39.449, 39.695, 39.564, 39.443, 39.462, 39.455, 38.871, 38.396, 38.622, 39.024, 39.517, 40.245, 40.838, 41.194, 40.81], [40.706, 40.553, 40.695, 40.773, 41.121, 41.681, 42.106, 41.878, 40.84, 39.537, 39.313, 39.462, 38.755, 37.747, 37.851, 37.215, 36.638, 36.579, 36.136, 35.288, 34.717, 34.762, 34.681, 33.975, 33.242, 33.217, 33.37, 33.397, 33.866, 33.711, 33.169, 32.685, 31.054, 28.574, 25.836, 23.312, 19.605, 13.797, 7.161, 0.0, 7.797, 14.996, 18.844, 21.312, 24.965, 27.986, 29.211, 30.015, 31.074, 32.332, 33.916, 34.858, 35.224, 35.676, 36.11, 36.573, 37.092, 37.854, 38.52, 39.228, 39.737, 39.708, 39.783, 39.518, 38.535, 38.106, 38.37, 38.952, 39.647, 39.702, 39.302, 39.439, 39.391, 39.303, 39.403, 39.312, 38.885, 38.83, 38.996, 39.194, 39.547, 39.578, 39.687, 39.96, 39.695, 39.064, 39.297, 39.482, 39.711, 39.966, 39.704, 39.308, 39.453, 39.711, 39.609, 39.473, 39.43, 39.391, 38.785, 38.296, 38.558, 38.961, 39.458, 40.222, 40.819, 41.154, 40.89], [40.865, 40.698, 40.854, 40.947, 41.293, 41.847, 42.266, 42.051, 40.997, 39.7, 39.495, 39.626, 38.897, 37.939, 38.102, 37.511, 36.74, 36.616, 36.365, 35.946, 35.69, 35.71, 35.717, 35.322, 34.8, 34.849, 35.047, 35.114, 35.604, 35.467, 34.969, 34.511, 32.949, 30.682, 28.017, 25.312, 21.652, 16.747, 12.303, 7.797, 0.0, 9.743, 15.275, 18.463, 22.674, 26.093, 27.468, 28.435, 29.723, 31.273, 33.119, 34.166, 34.587, 35.127, 35.685, 36.316, 37.062, 37.999, 38.766, 39.555, 40.122, 40.083, 40.104, 39.828, 38.812, 38.34, 38.623, 39.186, 39.825, 39.876, 39.441, 39.541, 39.505, 39.44, 39.554, 39.458, 39.054, 39.012, 39.17, 39.378, 39.713, 39.738, 39.864, 40.152, 39.902, 39.276, 39.494, 39.683, 39.938, 40.2, 39.93, 39.567, 39.743, 40.008, 39.924, 39.8, 39.716, 39.609, 38.978, 38.497, 38.78, 39.154, 39.641, 40.401, 40.971, 41.261, 41.053], [41.177, 41.007, 41.174, 41.271, 41.597, 42.137, 42.559, 42.352, 41.274, 39.999, 39.868, 39.992, 39.271, 38.369, 38.598, 38.066, 37.085, 36.833, 36.549, 36.449, 36.816, 37.065, 37.064, 36.916, 36.745, 36.973, 37.208, 37.284, 37.769, 37.689, 37.283, 36.864, 35.355, 33.297, 30.77, 28.05, 24.709, 20.627, 17.326, 14.996, 9.743, 0.0, 8.503, 14.502, 19.789, 23.694, 25.338, 26.55, 28.199, 30.175, 32.305, 33.441, 33.908, 34.512, 35.176, 35.999, 36.992, 38.159, 39.098, 39.98, 40.596, 40.573, 40.594, 40.322, 39.32, 38.844, 39.083, 39.563, 40.133, 40.189, 39.725, 39.774, 39.719, 39.658, 39.797, 39.693, 39.295, 39.312, 39.476, 39.671, 40.006, 40.03, 40.169, 40.471, 40.239, 39.639, 39.877, 40.058, 40.327, 40.63, 40.36, 39.979, 40.154, 40.423, 40.347, 40.245, 40.193, 40.072, 39.378, 38.902, 39.201, 39.551, 40.003, 40.757, 41.329, 41.613, 41.367], [41.319, 41.157, 41.341, 41.433, 41.757, 42.288, 42.684, 42.437, 41.355, 40.103, 40.01, 40.147, 39.429, 38.534, 38.744, 38.225, 37.3, 37.138, 36.852, 36.733, 37.386, 37.959, 38.095, 37.999, 37.956, 38.27, 38.49, 38.599, 39.185, 39.182, 38.86, 38.572, 37.225, 35.324, 32.966, 30.444, 27.492, 23.969, 20.901, 18.844, 15.275, 8.503, 0.0, 9.244, 16.793, 21.378, 23.222, 24.689, 26.647, 28.997, 31.422, 32.672, 33.183, 33.846, 34.584, 35.547, 36.763, 38.163, 39.27, 40.219, 40.874, 40.861, 40.897, 40.622, 39.61, 39.141, 39.354, 39.813, 40.384, 40.421, 39.938, 39.974, 39.923, 39.851, 39.978, 39.872, 39.465, 39.512, 39.674, 39.846, 40.171, 40.174, 40.303, 40.599, 40.367, 39.783, 40.025, 40.18, 40.433, 40.727, 40.474, 40.112, 40.303, 40.576, 40.472, 40.34, 40.329, 40.293, 39.658, 39.198, 39.527, 39.875, 40.264, 41.022, 41.627, 41.898, 41.501], [40.537, 40.378, 40.59, 40.685, 41.05, 41.63, 42.051, 41.771, 40.578, 39.192, 39.088, 39.349, 38.617, 37.644, 37.849, 37.358, 36.68, 36.731, 36.584, 36.485, 37.063, 37.667, 38.005, 38.061, 38.03, 38.38, 38.62, 38.776, 39.504, 39.593, 39.352, 39.197, 38.01, 36.25, 34.112, 31.973, 29.482, 26.352, 23.346, 21.312, 18.463, 14.502, 9.244, 0.0, 10.395, 17.18, 19.582, 21.125, 23.27, 25.969, 28.904, 30.488, 31.179, 31.952, 32.719, 33.741, 35.111, 36.668, 37.994, 39.118, 39.82, 39.802, 39.847, 39.589, 38.525, 38.051, 38.321, 38.897, 39.64, 39.723, 39.202, 39.252, 39.205, 39.105, 39.203, 39.062, 38.573, 38.551, 38.74, 38.968, 39.28, 39.277, 39.448, 39.787, 39.537, 38.883, 39.14, 39.297, 39.538, 39.824, 39.53, 39.136, 39.38, 39.687, 39.553, 39.377, 39.386, 39.413, 38.797, 38.297, 38.691, 39.097, 39.542, 40.388, 41.041, 41.238, 40.725], [39.523, 39.376, 39.602, 39.692, 40.099, 40.724, 41.163, 40.828, 39.547, 38.082, 37.957, 38.36, 37.658, 36.624, 36.88, 36.487, 36.007, 36.197, 36.155, 36.153, 36.716, 37.229, 37.657, 37.972, 38.09, 38.5, 38.792, 38.956, 39.736, 39.909, 39.765, 39.683, 38.554, 36.931, 35.093, 33.394, 31.432, 28.96, 26.565, 24.965, 22.674, 19.789, 16.793, 10.395, 0.0, 9.422, 13.753, 15.679, 18.085, 21.344, 24.963, 26.921, 27.819, 28.78, 29.794, 31.122, 32.751, 34.453, 35.938, 37.293, 38.131, 38.191, 38.278, 38.002, 36.991, 36.716, 37.059, 37.752, 38.635, 38.746, 38.185, 38.227, 38.148, 38.026, 38.09, 37.891, 37.343, 37.251, 37.47, 37.801, 38.147, 38.185, 38.427, 38.827, 38.558, 37.833, 38.121, 38.273, 38.498, 38.807, 38.486, 38.072, 38.358, 38.703, 38.526, 38.314, 38.324, 38.334, 37.69, 37.187, 37.61, 38.046, 38.58, 39.477, 40.148, 40.309, 39.723], [39.27, 39.124, 39.326, 39.41, 39.843, 40.459, 40.869, 40.488, 39.218, 37.755, 37.613, 38.1, 37.438, 36.444, 36.726, 36.393, 35.964, 36.25, 36.267, 36.288, 36.904, 37.398, 37.852, 38.344, 38.659, 39.147, 39.452, 39.61, 40.419, 40.654, 40.522, 40.387, 39.245, 37.72, 36.085, 34.641, 33.007, 31.024, 29.201, 27.986, 26.093, 23.694, 21.378, 17.18, 9.422, 0.0, 6.788, 10.506, 13.653, 17.724, 21.932, 24.015, 24.978, 26.068, 27.484, 29.373, 31.442, 33.402, 34.945, 36.375, 37.316, 37.47, 37.589, 37.294, 36.42, 36.373, 36.78, 37.549, 38.493, 38.63, 38.047, 38.05, 37.968, 37.844, 37.859, 37.656, 37.117, 36.985, 37.199, 37.576, 37.948, 37.991, 38.224, 38.624, 38.349, 37.616, 37.886, 37.993, 38.211, 38.522, 38.226, 37.871, 38.175, 38.511, 38.305, 38.089, 38.126, 38.153, 37.528, 37.086, 37.521, 37.935, 38.464, 39.315, 39.939, 40.071, 39.457], [39.388, 39.239, 39.429, 39.507, 39.961, 40.581, 40.981, 40.595, 39.309, 37.801, 37.658, 38.158, 37.496, 36.546, 36.833, 36.486, 35.996, 36.282, 36.322, 36.333, 36.947, 37.466, 37.934, 38.485, 38.909, 39.475, 39.818, 40.002, 40.843, 41.113, 40.998, 40.854, 39.714, 38.238, 36.698, 35.363, 33.825, 31.983, 30.31, 29.211, 27.468, 25.338, 23.222, 19.582, 13.753, 6.788, 0.0, 5.903, 10.666, 15.598, 20.268, 22.45, 23.46, 24.609, 26.19, 28.395, 30.797, 32.972, 34.633, 36.135, 37.091, 37.251, 37.368, 37.126, 36.34, 36.306, 36.747, 37.582, 38.568, 38.738, 38.168, 38.154, 38.073, 37.96, 37.962, 37.764, 37.213, 37.064, 37.296, 37.678, 38.062, 38.128, 38.358, 38.748, 38.482, 37.773, 38.044, 38.118, 38.314, 38.606, 38.299, 37.944, 38.258, 38.601, 38.398, 38.192, 38.257, 38.291, 37.635, 37.221, 37.681, 38.09, 38.622, 39.47, 40.054, 40.159, 39.56], [39.193, 39.05, 39.245, 39.304, 39.769, 40.416, 40.837, 40.463, 39.129, 37.553, 37.447, 38.004, 37.33, 36.318, 36.627, 36.271, 35.786, 36.1, 36.135, 36.131, 36.726, 37.238, 37.705, 38.273, 38.733, 39.333, 39.723, 39.945, 40.815, 41.115, 41.048, 40.975, 39.887, 38.452, 37.015, 35.834, 34.382, 32.614, 31.025, 30.015, 28.435, 26.55, 24.689, 21.125, 15.679, 10.506, 5.903, 0.0, 6.379, 12.868, 18.252, 20.66, 21.772, 23.005, 24.669, 26.972, 29.52, 31.848, 33.646, 35.274, 3