[[0.0, 5.251, 9.537, 12.86, 15.269, 18.814, 24.565, 31.768, 37.634, 40.23, 40.049, 39.277, 39.047, 38.816, 38.728, 38.975, 38.508, 37.352, 37.075, 37.498, 38.284, 38.891, 39.122, 39.595, 39.576, 38.919, 38.435, 38.209, 37.835, 37.619, 37.506, 37.093, 36.367, 35.837, 35.594, 35.329, 35.308, 35.388, 35.382, 35.335, 35.34, 35.395, 35.469, 35.404, 35.31, 35.137, 35.027, 35.235, 35.589, 35.79, 35.93, 36.172, 36.4, 36.33, 36.375, 36.695, 36.549, 36.253, 36.742, 36.343, 34.511, 34.66, 35.021, 34.492, 35.103, 36.806, 37.789, 37.741, 37.27, 36.69, 36.296, 36.038, 36.083, 36.875, 37.625, 37.667, 37.651, 37.743, 37.293, 37.302, 38.616, 39.579, 39.647, 39.886, 40.233, 40.136, 40.046, 40.046, 39.695, 39.654, 40.058, 40.388, 40.486, 40.558, 40.275, 39.516, 39.281, 39.257, 39.005, 38.832, 38.778, 38.3, 37.794, 37.894, 37.921, 37.304, 36.69, 36.956, 37.762, 38.214, 38.657, 39.425, 39.928, 39.432, 38.835, 38.82, 38.856, 38.481, 37.732, 37.272, 37.615, 37.818, 37.533, 37.475, 37.707, 37.901, 37.598, 37.736, 38.642, 40.119, 41.596, 42.191, 41.75, 41.292, 40.571, 39.095, 38.2, 37.867, 37.759, 37.945, 38.374, 38.579, 38.503, 38.732, 39.115, 6.399], [5.251, 0.0, 5.569, 10.07, 12.829, 16.233, 22.113, 29.68, 35.814, 38.495, 38.299, 37.547, 37.393, 37.237, 37.187, 37.46, 37.063, 36.056, 35.972, 36.535, 37.389, 38.09, 38.534, 39.153, 39.139, 38.551, 38.26, 38.151, 37.808, 37.588, 37.467, 37.068, 36.425, 36.026, 35.879, 35.639, 35.608, 35.694, 35.698, 35.643, 35.638, 35.695, 35.76, 35.677, 35.579, 35.419, 35.296, 35.442, 35.729, 35.898, 36.022, 36.204, 36.339, 36.225, 36.261, 36.577, 36.454, 36.199, 36.644, 36.091, 34.157, 34.322, 34.655, 34.168, 34.87, 36.572, 37.516, 37.454, 36.989, 36.438, 36.089, 35.908, 36.093, 37.005, 37.776, 37.805, 37.779, 37.88, 37.455, 37.449, 38.71, 39.658, 39.746, 40.0, 40.344, 40.227, 40.112, 40.096, 39.76, 39.732, 40.097, 40.386, 40.473, 40.551, 40.312, 39.607, 39.384, 39.364, 39.139, 38.982, 38.923, 38.462, 37.996, 38.103, 38.121, 37.526, 36.935, 37.169, 37.929, 38.378, 38.828, 39.571, 40.054, 39.552, 38.956, 38.948, 38.959, 38.594, 37.904, 37.481, 37.8, 37.969, 37.662, 37.568, 37.736, 37.911, 37.657, 37.824, 38.675, 40.035, 41.417, 41.981, 41.559, 41.141, 40.452, 39.009, 38.136, 37.849, 37.793, 37.96, 38.353, 38.604, 38.584, 38.817, 39.177, 10.323], [9.537, 5.569, 0.0, 5.583, 9.667, 13.91, 20.287, 28.232, 34.572, 37.329, 37.145, 36.436, 36.36, 36.274, 36.285, 36.622, 36.308, 35.446, 35.539, 36.222, 37.121, 37.875, 38.458, 39.199, 39.211, 38.651, 38.457, 38.44, 38.137, 37.922, 37.784, 37.374, 36.764, 36.429, 36.333, 36.131, 36.111, 36.201, 36.209, 36.15, 36.142, 36.206, 36.269, 36.174, 36.072, 35.92, 35.797, 35.894, 36.122, 36.278, 36.403, 36.545, 36.626, 36.501, 36.528, 36.825, 36.708, 36.464, 36.871, 36.249, 34.292, 34.459, 34.78, 34.329, 35.048, 36.714, 37.631, 37.569, 37.118, 36.592, 36.27, 36.114, 36.33, 37.263, 38.028, 38.051, 38.031, 38.14, 37.725, 37.701, 38.904, 39.825, 39.924, 40.193, 40.531, 40.403, 40.31, 40.32, 40.004, 39.989, 40.344, 40.613, 40.673, 40.724, 40.502, 39.861, 39.668, 39.642, 39.423, 39.277, 39.224, 38.785, 38.348, 38.449, 38.452, 37.876, 37.316, 37.526, 38.243, 38.681, 39.108, 39.814, 40.289, 39.821, 39.242, 39.233, 39.236, 38.885, 38.233, 37.836, 38.135, 38.285, 37.987, 37.892, 38.029, 38.185, 37.941, 38.102, 38.915, 40.192, 41.494, 42.023, 41.617, 41.234, 40.577, 39.189, 38.369, 38.113, 38.074, 38.232, 38.603, 38.864, 38.871, 39.108, 39.448, 13.498], [12.86, 10.07, 5.583, 0.0, 5.557, 11.649, 19.185, 27.508, 33.89, 36.661, 36.505, 35.842, 35.82, 35.791, 35.86, 36.244, 35.974, 35.23, 35.474, 36.222, 37.127, 37.934, 38.615, 39.434, 39.489, 38.979, 38.856, 38.902, 38.649, 38.464, 38.334, 37.932, 37.349, 37.028, 36.942, 36.774, 36.776, 36.873, 36.88, 36.819, 36.814, 36.882, 36.947, 36.867, 36.772, 36.621, 36.484, 36.529, 36.705, 36.855, 36.986, 37.098, 37.143, 37.03, 37.054, 37.322, 37.207, 36.964, 37.331, 36.668, 34.638, 34.689, 34.988, 34.592, 35.316, 36.935, 37.831, 37.778, 37.343, 36.839, 36.537, 36.389, 36.612, 37.553, 38.316, 38.335, 38.314, 38.431, 38.036, 38.005, 39.16, 40.057, 40.164, 40.429, 40.746, 40.631, 40.605, 40.673, 40.377, 40.365, 40.728, 40.977, 41.016, 41.061, 40.867, 40.291, 40.133, 40.116, 39.906, 39.761, 39.713, 39.296, 38.875, 38.958, 38.947, 38.401, 37.873, 38.056, 38.717, 39.122, 39.511, 40.165, 40.61, 40.184, 39.661, 39.65, 39.633, 39.29, 38.671, 38.303, 38.595, 38.729, 38.428, 38.321, 38.43, 38.584, 38.379, 38.553, 39.335, 40.549, 41.79, 42.3, 41.919, 41.564, 40.93, 39.599, 38.833, 38.603, 38.563, 38.694, 39.031, 39.284, 39.315, 39.552, 39.861, 16.405], [15.269, 12.829, 9.667, 5.557, 0.0, 7.614, 16.922, 26.176, 32.794, 35.608, 35.51, 34.952, 35.033, 35.085, 35.206, 35.613, 35.38, 34.755, 35.144, 35.958, 36.889, 37.793, 38.617, 39.503, 39.58, 39.152, 39.138, 39.223, 38.989, 38.83, 38.735, 38.382, 37.858, 37.577, 37.517, 37.379, 37.392, 37.494, 37.499, 37.435, 37.428, 37.495, 37.56, 37.498, 37.418, 37.28, 37.126, 37.119, 37.257, 37.4, 37.522, 37.575, 37.562, 37.451, 37.486, 37.738, 37.63, 37.409, 37.738, 36.985, 34.841, 34.765, 35.011, 34.647, 35.427, 37.039, 37.909, 37.861, 37.436, 36.942, 36.667, 36.582, 36.905, 37.922, 38.705, 38.717, 38.68, 38.801, 38.416, 38.349, 39.423, 40.272, 40.386, 40.639, 40.918, 40.803, 40.825, 40.933, 40.657, 40.641, 41.009, 41.242, 41.264, 41.346, 41.212, 40.683, 40.54, 40.543, 40.365, 40.228, 40.174, 39.774, 39.382, 39.468, 39.455, 38.939, 38.44, 38.602, 39.213, 39.589, 39.959, 40.572, 40.974, 40.559, 40.088, 40.072, 40.008, 39.665, 39.092, 38.761, 39.048, 39.159, 38.839, 38.702, 38.771, 38.936, 38.819, 39.047, 39.796, 40.918, 42.073, 42.556, 42.197, 41.866, 41.244, 39.957, 39.228, 39.035, 39.014, 39.106, 39.392, 39.65, 39.721, 39.956, 40.234, 18.873], [18.814, 16.233, 13.91, 11.649, 7.614, 0.0, 10.888, 21.891, 29.554, 32.707, 32.712, 32.392, 32.773, 33.008, 33.221, 33.721, 33.626, 33.241, 33.892, 34.852, 35.874, 36.984, 38.131, 39.17, 39.247, 38.926, 39.109, 39.278, 39.043, 38.872, 38.804, 38.532, 38.131, 37.99, 38.035, 37.932, 37.942, 38.057, 38.08, 38.009, 37.994, 38.064, 38.127, 38.049, 37.964, 37.847, 37.698, 37.649, 37.746, 37.879, 37.978, 37.946, 37.842, 37.716, 37.764, 38.003, 37.907, 37.756, 38.054, 37.141, 34.915, 34.803, 34.976, 34.579, 35.425, 37.05, 37.885, 37.833, 37.409, 36.921, 36.702, 36.756, 37.285, 38.453, 39.283, 39.291, 39.227, 39.354, 38.962, 38.778, 39.695, 40.473, 40.59, 40.818, 41.045, 40.906, 40.913, 40.993, 40.724, 40.724, 41.084, 41.326, 41.323, 41.416, 41.36, 40.916, 40.794, 40.803, 40.667, 40.558, 40.506, 40.132, 39.796, 39.902, 39.894, 39.416, 38.948, 39.095, 39.676, 40.047, 40.427, 41.022, 41.395, 40.974, 40.541, 40.529, 40.404, 40.044, 39.501, 39.187, 39.443, 39.505, 39.159, 38.997, 39.024, 39.211, 39.208, 39.519, 40.225, 41.186, 42.183, 42.61, 42.271, 41.979, 41.378, 40.127, 39.453, 39.338, 39.372, 39.42, 39.635, 39.927, 40.068, 40.31, 40.564, 22.263], [24.565, 22.113, 20.287, 19.185, 16.922, 10.888, 0.0, 12.76, 22.536, 26.667, 26.88, 26.937, 27.935, 28.547, 28.968, 29.751, 30.075, 30.263, 31.461, 32.673, 33.832, 35.336, 37.143, 38.517, 38.609, 38.461, 39.02, 39.423, 39.228, 39.021, 38.946, 38.763, 38.584, 38.748, 38.996, 38.937, 38.935, 39.089, 39.158, 39.078, 39.049, 39.14, 39.211, 39.074, 38.959, 38.878, 38.755, 38.651, 38.689, 38.818, 38.897, 38.759, 38.543, 38.382, 38.438, 38.666, 38.605, 38.577, 38.852, 37.734, 35.505, 35.446, 35.526, 35.086, 36.002, 37.627, 38.416, 38.353, 37.946, 37.513, 37.399, 37.635, 38.405, 39.72, 40.584, 40.595, 40.493, 40.602, 40.208, 39.853, 40.496, 41.142, 41.243, 41.427, 41.579, 41.406, 41.337, 41.305, 41.042, 41.071, 41.374, 41.603, 41.551, 41.596, 41.619, 41.298, 41.21, 41.227, 41.148, 41.095, 41.069, 40.755, 40.49, 40.585, 40.575, 40.168, 39.757, 39.876, 40.405, 40.761, 41.124, 41.669, 42.025, 41.634, 41.266, 41.304, 41.142, 40.762, 40.245, 39.936, 40.113, 40.092, 39.746, 39.586, 39.579, 39.806, 39.945, 40.342, 40.964, 41.667, 42.406, 42.749, 42.458, 42.257, 41.719, 40.558, 40.024, 40.06, 40.178, 40.168, 40.275, 40.591, 40.819, 41.067, 41.281, 27.484], [31.768, 29.68, 28.232, 27.508, 26.176, 21.891, 12.76, 0.0, 11.885, 17.67, 18.657, 19.562, 21.577, 22.801, 23.627, 24.928, 26.051, 27.352, 29.514, 31.025, 32.204, 34.176, 36.87, 38.703, 38.851, 38.953, 40.006, 40.756, 40.686, 40.49, 40.404, 40.335, 40.518, 41.157, 41.687, 41.703, 41.702, 41.911, 42.037, 41.952, 41.921, 42.05, 42.127, 41.918, 41.781, 41.764, 41.669, 41.456, 41.372, 41.494, 41.57, 41.328, 40.989, 40.79, 40.849, 41.043, 41.042, 41.133, 41.303, 40.01, 37.928, 37.824, 37.724, 37.387, 38.411, 39.937, 40.622, 40.557, 40.223, 39.929, 39.949, 40.318, 41.225, 42.566, 43.387, 43.395, 43.257, 43.317, 42.979, 42.549, 42.873, 43.332, 43.408, 43.54, 43.598, 43.399, 43.321, 43.245, 43.031, 43.067, 43.272, 43.45, 43.376, 43.36, 43.454, 43.244, 43.168, 43.219, 43.226, 43.222, 43.22, 43.002, 42.799, 42.824, 42.815, 42.56, 42.259, 42.272, 42.631, 42.895, 43.156, 43.52, 43.778, 43.486, 43.273, 43.374, 43.187, 42.851, 42.478, 42.23, 42.274, 42.158, 41.871, 41.724, 41.677, 41.944, 42.233, 42.665, 43.114, 43.453, 43.813, 44.039, 43.866, 43.815, 43.413, 42.546, 42.309, 42.534, 42.736, 42.66, 42.619, 42.875, 43.136, 43.337, 43.451, 34.136], [37.634, 35.814, 34.572, 33.89, 32.794, 29.554, 22.536, 11.885, 0.0, 7.365, 10.562, 13.839, 17.301, 19.153, 20.473, 22.339, 24.283, 26.708, 29.69, 31.344, 32.381, 34.619, 37.911, 40.04, 40.245, 40.552, 41.955, 42.942, 42.994, 42.844, 42.774, 42.837, 43.374, 44.427, 45.208, 45.336, 45.371, 45.613, 45.77, 45.69, 45.665, 45.813, 45.89, 45.658, 45.524, 45.548, 45.476, 45.141, 44.89, 44.987, 45.08, 44.745, 44.29, 44.072, 44.13, 44.285, 44.346, 44.481, 44.472, 43.086, 41.227, 41.031, 40.744, 40.562, 41.687, 43.067, 43.628, 43.566, 43.325, 43.162, 43.267, 43.686, 44.624, 45.895, 46.613, 46.615, 46.468, 46.476, 46.187, 45.769, 45.885, 46.197, 46.254, 46.34, 46.301, 46.085, 46.107, 46.117, 45.967, 45.995, 46.152, 46.295, 46.254, 46.205, 46.34, 46.201, 46.121, 46.193, 46.271, 46.288, 46.283, 46.136, 45.976, 45.953, 45.987, 45.914, 45.728, 45.629, 45.797, 45.967, 46.125, 46.284, 46.385, 46.19, 46.132, 46.249, 46.023, 45.757, 45.572, 45.428, 45.366, 45.192, 44.987, 44.833, 44.736, 45.026, 45.415, 45.804, 46.029, 46.013, 46.035, 46.179, 46.145, 46.223, 45.964, 45.457, 45.481, 45.806, 46.058, 45.909, 45.721, 45.898, 46.161, 46.287, 46.284, 39.662], [40.23, 38.495, 37.329, 36.661, 35.608, 32.707, 26.667, 17.67, 7.365, 0.0, 5.773, 11.94, 16.488, 18.511, 19.915, 22.011, 24.36, 27.294, 30.609, 32.368, 33.413, 35.722, 39.106, 41.273, 41.506, 41.887, 43.359, 44.365, 44.449, 44.327, 44.274, 44.387, 45.01, 46.151, 47.007, 47.206, 47.28, 47.515, 47.66, 47.593, 47.584, 47.738, 47.82, 47.613, 47.49, 47.517, 47.461, 47.095, 46.783, 46.859, 46.949, 46.568, 46.054, 45.837, 45.899, 46.039, 46.128, 46.274, 46.188, 44.795, 43.079, 42.894, 42.568, 42.447, 43.585, 44.885, 45.395, 45.335, 45.117, 44.966, 45.068, 45.484, 46.41, 47.625, 48.293, 48.302, 48.162, 48.148, 47.866, 47.463, 47.532, 47.792, 47.839, 47.912, 47.835, 47.622, 47.707, 47.759, 47.626, 47.654, 47.805, 47.928, 47.91, 47.874, 48.023, 47.913, 47.838, 47.911, 48.011, 48.032, 48.011, 47.87, 47.716, 47.692, 47.765, 47.76, 47.598, 47.453, 47.547, 47.672, 47.79, 47.879, 47.916, 47.759, 47.747, 47.844, 47.603, 47.371, 47.257, 47.165, 47.078, 46.889, 46.708, 46.546, 46.435, 46.728, 47.126, 47.467, 47.59, 47.456, 47.376, 47.496, 47.518, 47.636, 47.422, 47.053, 47.167, 47.502, 47.751, 47.567, 47.328, 47.474, 47.738, 47.84, 47.799, 42.136], [40.049, 38.299, 37.145, 36.505, 35.51, 32.712, 26.88, 18.657, 10.562, 5.773, 0.0, 7.844, 13.754, 16.354, 17.85, 20.141, 22.871, 26.082, 29.594, 31.547, 32.774, 35.122, 38.483, 40.658, 40.913, 41.31, 42.792, 43.793, 43.874, 43.753, 43.692, 43.786, 44.394, 45.547, 46.434, 46.653, 46.746, 46.972, 47.103, 47.037, 47.039, 47.195, 47.275, 47.079, 46.966, 47.007, 46.98, 46.644, 46.355, 46.438, 46.515, 46.113, 45.592, 45.381, 45.449, 45.598, 45.698, 45.853, 45.785, 44.417, 42.797, 42.741, 42.446, 42.301, 43.429, 44.738, 45.247, 45.175, 44.944, 44.752, 44.811, 45.208, 46.118, 47.31, 47.973, 47.992, 47.859, 47.852, 47.562, 47.155, 47.245, 47.517, 47.562, 47.642, 47.587, 47.367, 47.383, 47.375, 47.231, 47.267, 47.398, 47.508, 47.52, 47.519, 47.678, 47.571, 47.509, 47.587, 47.697, 47.73, 47.702, 47.543, 47.377, 47.359, 47.447, 47.438, 47.256, 47.116, 47.226, 47.345, 47.446, 47.534, 47.599, 47.443, 47.4, 47.478, 47.228, 46.979, 46.832, 46.725, 46.668, 46.488, 46.279, 46.098, 45.984, 46.27, 46.648, 46.97, 47.066, 46.914, 46.842, 46.968, 46.99, 47.108, 46.881, 46.491, 46.64, 47.012, 47.25, 47.063, 46.852, 47.031, 47.31, 47.419, 47.382, 41.944], [39.277, 37.547, 36.436, 35.842, 34.952, 32.392, 26.937, 19.562, 13.839, 11.94, 7.844, 0.0, 7.247, 11.3, 13.608, 16.399, 19.696, 23.289, 26.986, 29.098, 30.535, 32.977, 36.452, 38.728, 39.04, 39.492, 41.095, 42.24, 42.355, 42.212, 42.124, 42.223, 42.892, 44.144, 45.087, 45.288, 45.381, 45.628, 45.775, 45.71, 45.724, 45.882, 45.939, 45.726, 45.614, 45.676, 45.679, 45.386, 45.147, 45.276, 45.364, 44.964, 44.463, 44.248, 44.31, 44.479, 44.579, 44.732, 44.729, 43.423, 41.847, 41.882, 41.581, 41.372, 42.495, 43.853, 44.379, 44.291, 44.047, 43.827, 43.842, 44.206, 45.099, 46.304, 47.005, 47.032, 46.904, 46.928, 46.638, 46.221, 46.358, 46.686, 46.742, 46.829, 46.807, 46.566, 46.457, 46.376, 46.218, 46.251, 46.357, 46.477, 46.568, 46.598, 46.726, 46.557, 46.479, 46.574, 46.712, 46.771, 46.751, 46.571, 46.382, 46.366, 46.46, 46.434, 46.246, 46.134, 46.298, 46.453, 46.555, 46.641, 46.737, 46.572, 46.478, 46.543, 46.286, 45.995, 45.777, 45.652, 45.656, 45.488, 45.234, 45.029, 44.903, 45.164, 45.515, 45.833, 45.917, 45.752, 45.707, 45.873, 45.884, 45.989, 45.747, 45.297, 45.451, 45.868, 46.119, 45.952, 45.784, 46.006, 46.295, 46.407, 46.38, 41.13], [39.047, 37.393, 36.36, 35.82, 35.033, 32.773, 27.935, 21.577, 17.301, 16.488, 13.754, 7.247, 0.0, 5.442, 9.345, 13.157, 16.97, 20.929, 24.846, 27.038, 28.556, 31.06, 34.689, 37.097, 37.488, 38.005, 39.727, 41.038, 41.228, 41.074, 40.969, 41.115, 41.892, 43.252, 44.243, 44.428, 44.505, 44.761, 44.928, 44.882, 44.903, 45.043, 45.079, 44.872, 44.762, 44.815, 44.821, 44.566, 44.368, 44.535, 44.649, 44.279, 43.82, 43.602, 43.649, 43.824, 43.922, 44.07, 44.108, 42.87, 41.333, 41.387, 41.044, 40.781, 41.896, 43.289, 43.838, 43.746, 43.483, 43.237, 43.218, 43.545, 44.412, 45.633, 46.369, 46.394, 46.267, 46.318, 46.024, 45.587, 45.752, 46.129, 46.203, 46.284, 46.266, 46.017, 45.873, 45.797, 45.635, 45.656, 45.764, 45.917, 46.069, 46.121, 46.209, 45.973, 45.874, 45.983, 46.136, 46.21, 46.197, 46.002, 45.793, 45.779, 45.859, 45.804, 45.615, 45.533, 45.744, 45.937, 46.051, 46.132, 46.251, 46.082, 45.947, 46.002, 45.753, 45.446, 45.187, 45.037, 45.06, 44.908, 44.64, 44.438, 44.319, 44.566, 44.889, 45.208, 45.323, 45.194, 45.183, 45.374, 45.365, 45.445, 45.183, 44.674, 44.787, 45.203, 45.467, 45.326, 45.187, 45.43, 45.721, 45.834, 45.825, 40.816], [38.816, 37.237, 36.274, 35.791, 35.085, 33.008, 28.547, 22.801, 19.153, 18.511, 16.354, 11.3, 5.442, 0.0, 5.196, 10.4, 14.851, 19.077, 23.288, 25.658, 27.212, 29.716, 33.477, 36.024, 36.463, 36.979, 38.74, 40.12, 40.342, 40.181, 40.065, 40.232, 41.062, 42.485, 43.531, 43.746, 43.826, 44.07, 44.241, 44.216, 44.238, 44.354, 44.386, 44.194, 44.078, 44.104, 44.117, 43.918, 43.775, 43.962, 44.087, 43.767, 43.366, 43.155, 43.194, 43.369, 43.466, 43.625, 43.7, 42.494, 40.948, 41.001, 40.637, 40.352, 41.473, 42.897, 43.472, 43.381, 43.098, 42.831, 42.794, 43.094, 43.934, 45.155, 45.903, 45.925, 45.796, 45.843, 45.526, 45.064, 45.233, 45.628, 45.714, 45.796, 45.774, 45.521, 45.387, 45.337, 45.175, 45.186, 45.3, 45.475, 45.641, 45.692, 45.764, 45.515, 45.417, 45.527, 45.671, 45.739, 45.723, 45.51, 45.288, 45.277, 45.337, 45.247, 45.046, 44.988, 45.237, 45.453, 45.588, 45.694, 45.856, 45.675, 45.5, 45.553, 45.321, 45.021, 44.738, 44.538, 44.55, 44.427, 44.167, 43.982, 43.893, 44.141, 44.44, 44.765, 44.935, 44.885, 44.933, 45.145, 45.117, 45.171, 44.884, 44.323, 44.379, 44.756, 45.014, 44.892, 44.78, 45.041, 45.331, 45.444, 45.452, 40.516], [38.728, 37.187, 36.285, 35.86, 35.206, 33.221, 28.968, 23.627, 20.473, 19.915, 17.85, 13.608, 9.345, 5.196, 0.0, 6.292, 12.011, 17.09, 21.778, 24.433, 26.14, 28.73, 32.661, 35.37, 35.831, 36.314, 38.105, 39.514, 39.722, 39.543, 39.415, 39.58, 40.434, 41.917, 43.048, 43.328, 43.437, 43.681, 43.856, 43.84, 43.867, 43.987, 44.039, 43.849, 43.72, 43.737, 43.763, 43.604, 43.508, 43.706, 43.837, 43.562, 43.194, 42.993, 43.035, 43.21, 43.298, 43.464, 43.571, 42.381, 40.791, 40.813, 40.447, 40.175, 41.305, 42.737, 43.316, 43.22, 42.931, 42.657, 42.608, 42.889, 43.712, 44.928, 45.679, 45.697, 45.559, 45.596, 45.265, 44.788, 44.942, 45.328, 45.416, 45.506, 45.491, 45.237, 45.111, 45.074, 44.922, 44.932, 45.04, 45.214, 45.375, 45.411, 45.48, 45.244, 45.158, 45.27, 45.408, 45.468, 45.439, 45.214, 44.991, 44.978, 45.018, 44.908, 44.697, 44.64, 44.903, 45.136, 45.301, 45.447, 45.637, 45.435, 45.227, 45.275, 45.049, 44.759, 44.469, 44.241, 44.252, 44.161, 43.917, 43.747, 43.682, 43.934, 44.224, 44.559, 44.776, 44.802, 44.911, 45.146, 45.112, 45.152, 44.85, 44.27, 44.302, 44.651, 44.895, 44.786, 44.705, 44.971, 45.25, 45.364, 45.379, 40.389], [38.975, 37.46, 36.622, 36.244, 35.613, 33.721, 29.751, 24.928, 22.339, 22.011, 20.141, 16.399, 13.157, 10.4, 6.292, 0.0, 7.205, 14.158, 19.813, 22.803, 24.706, 27.556, 31.832, 34.753, 35.236, 35.726, 37.6, 39.06, 39.262, 39.065, 38.928, 39.108, 40.013, 41.574, 42.801, 43.15, 43.296, 43.559, 43.745, 43.725, 43.752, 43.894, 43.987, 43.8, 43.648, 43.672, 43.72, 43.572, 43.486, 43.686, 43.824, 43.57, 43.205, 43.016, 43.075, 43.254, 43.327, 43.48, 43.608, 42.438, 40.785, 40.733, 40.356, 40.105, 41.237, 42.652, 43.216, 43.114, 42.828, 42.561, 42.512, 42.779, 43.59, 44.81, 45.567, 45.574, 45.423, 45.459, 45.13, 44.643, 44.776, 45.151, 45.245, 45.343, 45.336, 45.083, 44.96, 44.947, 44.826, 44.837, 44.932, 45.108, 45.274, 45.301, 45.367, 45.146, 45.076, 45.203, 45.354, 45.411, 45.358, 45.118, 44.901, 44.888, 44.916, 44.796, 44.575, 44.506, 44.772, 45.02, 45.215, 45.396, 45.604, 45.383, 45.143, 45.172, 44.936, 44.664, 44.393, 44.16, 44.171, 44.101, 43.87, 43.705, 43.641, 43.899, 44.196, 44.546, 44.79, 44.863, 45.018, 45.273, 45.236, 45.276, 44.98, 44.397, 44.425, 44.777, 45.019, 44.914, 44.853, 45.12, 45.391, 45.514, 45.527, 40.61], [38.508, 37.063, 36.308, 35.974, 35.38, 33.626, 30.075, 26.051, 24.283, 24.36, 22.871, 19.696, 16.97, 14.851, 12.011, 7.205, 0.0, 8.712, 16.03, 19.765, 21.84, 24.927, 29.742, 32.955, 33.483, 34.017, 35.987, 37.51, 37.716, 37.521, 37.396, 37.603, 38.554, 40.182, 41.493, 41.9, 42.083, 42.361, 42.552, 42.527, 42.543, 42.679, 42.801, 42.649, 42.485, 42.495, 42.573, 42.473, 42.421, 42.64, 42.78, 42.526, 42.17, 41.996, 42.081, 42.286, 42.34, 42.484, 42.682, 41.551, 39.847, 39.796, 39.427, 39.144, 40.313, 41.8, 42.403, 42.297, 41.982, 41.695, 41.64, 41.883, 42.666, 43.907, 44.692, 44.693, 44.54, 44.573, 44.191, 43.651, 43.81, 44.222, 44.325, 44.425, 44.423, 44.14, 43.942, 43.911, 43.805, 43.8, 43.882, 44.096, 44.312, 44.36, 44.431, 44.222, 44.169, 44.314, 44.47, 44.507, 44.407, 44.115, 43.893, 43.917, 43.944, 43.777, 43.532, 43.495, 43.823, 44.111, 44.345, 44.579, 44.837, 44.574, 44.254, 44.266, 44.037, 43.767, 43.464, 43.186, 43.213, 43.157, 42.898, 42.716, 42.659, 42.938, 43.23, 43.586, 43.877, 44.052, 44.343, 44.668, 44.616, 44.639, 44.326, 43.635, 43.551, 43.878, 44.122, 44.023, 43.98, 44.262, 44.524, 44.665, 44.703, 40.082], [37.352, 36.056, 35.446, 35.23, 34.755, 33.241, 30.263, 27.352, 26.708, 27.294, 26.082, 23.289, 20.929, 19.077, 17.09, 14.158, 8.712, 0.0, 8.991, 14.418, 17.208, 20.271, 25.559, 29.181, 29.825, 30.412, 32.525, 34.201, 34.447, 34.273, 34.204, 34.488, 35.524, 37.272, 38.699, 39.145, 39.361, 39.67, 39.878, 39.86, 39.853, 39.956, 40.095, 40.005, 39.873, 39.86, 39.981, 40.003, 40.084, 40.381, 40.507, 40.258, 39.959, 39.792, 39.88, 40.126, 40.149, 40.29, 40.627, 39.59, 38.019, 38.219, 37.893, 37.49, 38.747, 40.464, 41.191, 41.072, 40.689, 40.337, 40.248, 40.453, 41.183, 42.425, 43.239, 43.249, 43.112, 43.137, 42.634, 41.982, 42.215, 42.705, 42.807, 42.927, 42.967, 42.598, 42.172, 42.017, 41.886, 41.849, 41.871, 42.108, 42.408, 42.485, 42.55, 42.337, 42.283, 42.418, 42.546, 42.546, 42.397, 42.029, 41.783, 41.878, 41.922, 41.668, 41.387, 41.464, 41.945, 42.308, 42.597, 42.925, 43.303, 42.973, 42.51, 42.506, 42.297, 41.99, 41.566, 41.167, 41.254, 41.254, 40.927, 40.726, 40.704, 40.999, 41.252, 41.601, 41.969, 42.335, 42.872, 43.297, 43.185, 43.138, 42.746, 41.82, 41.52, 41.758, 41.974, 41.895, 41.903, 42.223, 42.465, 42.629, 42.731, 38.756], [37.075, 35.972, 35.539, 35.474, 35.144, 33.892, 31.461, 29.514, 29.69, 30.609, 29.594, 26.986, 24.846, 23.288, 21.778, 19.813, 16.03, 8.991, 0.0, 7.438, 12.093, 15.452, 20.854, 24.74, 25.546, 26.249, 28.621, 30.597, 30.969, 30.868, 30.94, 31.447, 32.764, 34.795, 36.412, 36.901, 37.136, 37.491, 37.737, 37.74, 37.727, 37.797, 37.943, 37.936, 37.901, 37.906, 38.064, 38.199, 38.412, 38.803, 38.93, 38.69, 38.442, 38.235, 38.277, 38.55, 38.549, 38.666, 39.114, 38.216, 36.905, 37.374, 37.058, 36.523, 37.833, 39.75, 40.58, 40.449, 40.02, 39.622, 39.504, 39.672, 40.34, 41.548, 42.37, 42.391, 42.276, 42.306, 41.73, 41.0, 41.296, 41.851, 41.956, 42.124, 42.248, 41.807, 41.123, 40.823, 40.678, 40.621, 40.554, 40.765, 41.097, 41.183, 41.186, 40.912, 40.84, 40.962, 41.063, 41.043, 40.887, 40.487, 40.235, 40.39, 40.456, 40.139, 39.847, 40.04, 40.645, 41.067, 41.404, 41.823, 42.31, 41.94, 41.371, 41.344, 41.148, 40.815, 40.287, 39.795, 39.964, 40.04, 39.665, 39.454, 39.466, 39.764, 39.994, 40.338, 40.741, 41.233, 41.959, 42.435, 42.241, 42.124, 41.665, 40.546, 40.066, 40.21, 40.393, 40.346, 40.424, 40.781, 41.012, 41.205, 41.368, 38.238], [37.498, 36.535, 36.222, 36.222, 35.958, 34.852, 32.673, 31.025, 31.344, 32.368, 31.547, 29.098, 27.038, 25.658, 24.433, 22.803, 19.765, 14.418, 7.438, 0.0, 6.356, 11.53, 17.647, 21.487, 22.324, 23.268, 25.923, 28.17, 28.705, 28.719, 28.958, 29.767, 31.535, 33.994, 35.873, 36.445, 36.683, 37.062, 37.329, 37.346, 37.378, 37.485, 37.622, 37.619, 37.67, 37.729, 37.899, 38.047, 38.276, 38.697, 38.826, 38.563, 38.311, 38.076, 38.091, 38.369, 38.379, 38.493, 38.985, 38.19, 36.95, 37.391, 37.009, 36.436, 37.737, 39.678, 40.523, 40.395, 39.969, 39.595, 39.507, 39.665, 40.276, 41.431, 42.237, 42.256, 42.144, 42.174, 41.628, 40.947, 41.272, 41.828, 41.924, 42.121, 42.297, 41.855, 41.101, 40.733, 40.56, 40.49, 40.383, 40.555, 40.864, 40.962, 40.948, 40.644, 40.565, 40.687, 40.79, 40.775, 40.625, 40.24, 40.014, 40.188, 40.26, 39.971, 39.734, 39.962, 40.569, 41.008, 41.365, 41.79, 42.27, 41.886, 41.33, 41.33, 41.146, 40.807, 40.267, 39.778, 39.981, 40.071, 39.68, 39.441, 39.441, 39.755, 40.023, 40.368, 40.734, 41.183, 41.891, 42.361, 42.164, 42.051, 41.603, 40.484, 39.97, 40.083, 40.26, 40.222, 40.322, 40.703, 40.94, 41.142, 41.317, 38.538], [38.284, 37.389, 37.121, 37.127, 36.889, 35.874, 33.832, 32.204, 32.381, 33.413, 32.774, 30.535, 28.556, 27.212, 26.14, 24.706, 21.84, 17.208, 12.093, 6.356, 0.0, 7.315, 15.203, 19.459, 20.285, 21.465, 24.439, 26.91, 27.584, 27.682, 27.979, 28.955, 31.103, 33.987, 36.154, 36.837, 37.086, 37.476, 37.753, 37.774, 37.844, 38.01, 38.189, 38.195, 38.24, 38.319, 38.523, 38.659, 38.858, 39.282, 39.426, 39.161, 38.914, 38.686, 38.699, 38.971, 39.001, 39.118, 39.607, 38.873, 37.624, 37.92, 37.448, 36.926, 38.263, 40.186, 41.024, 40.911, 40.511, 40.188, 40.14, 40.294, 40.858, 41.937, 42.685, 42.685, 42.571, 42.595, 42.101, 41.509, 41.824, 42.327, 42.399, 42.599, 42.765, 42.31, 41.566, 41.191, 40.999, 40.896, 40.745, 40.863, 41.14, 41.236, 41.26, 40.99, 40.925, 41.048, 41.157, 41.138, 40.975, 40.612, 40.427, 40.605, 40.682, 40.471, 40.322, 40.566, 41.147, 41.585, 41.936, 42.32, 42.764, 42.396, 41.877, 41.896, 41.718, 41.385, 40.877, 40.42, 40.608, 40.675, 40.297, 40.042, 40.003, 40.317, 40.635, 40.983, 41.284, 41.626, 42.239, 42.679, 42.501, 42.415, 42.005, 40.961, 40.511, 40.657, 40.832, 40.779, 40.872, 41.272, 41.517, 41.714, 41.88, 39.273], [38.891, 38.09, 37.875, 37.934, 37.793, 36.984, 35.336, 34.176, 34.619, 35.722, 35.122, 32.977, 31.06, 29.716, 28.73, 27.556, 24.927, 20.271, 15.452, 11.53, 7.315, 0.0, 9.495, 15.045, 16.263, 17.646, 21.143, 24.096, 25.059, 25.362, 25.787, 26.922, 29.426, 32.767, 35.267, 36.074, 36.349, 36.768, 37.068, 37.1, 37.187, 37.386, 37.668, 37.804, 37.887, 37.974, 38.232, 38.431, 38.676, 39.12, 39.291, 39.091, 38.923, 38.706, 38.69, 38.935, 38.935, 39.028, 39.566, 39.005, 38.038, 38.464, 37.992, 37.491, 38.83, 40.749, 41.595, 41.491, 41.092, 40.751, 40.669, 40.776, 41.252, 42.195, 42.844, 42.824, 42.732, 42.754, 42.262, 41.706, 42.032, 42.507, 42.553, 42.76, 42.928, 42.401, 41.552, 41.123, 40.93, 40.802, 40.598, 40.679, 40.943, 41.017, 41.039, 40.79, 40.732, 40.84, 40.936, 40.909, 40.745, 40.395, 40.224, 40.409, 40.498, 40.308, 40.189, 40.479, 41.084, 41.512, 41.852, 42.228, 42.684, 42.343, 41.812, 41.807, 41.633, 41.305, 40.806, 40.379, 40.599, 40.688, 40.314, 40.06, 40.012, 40.305, 40.613, 40.929, 41.16, 41.439, 42.034, 42.455, 42.248, 42.151, 41.736, 40.678, 40.249, 40.423, 40.586, 40.527, 40.637, 41.076, 41.339, 41.536, 41.72, 39.723], [39.122, 38.534, 38.458, 38.615, 38.617, 38.131, 37.143, 36.87, 37.911, 39.106, 38.483, 36.452, 34.689, 33.477, 32.661, 31.832, 29.742, 25.559, 20.854, 17.647, 15.203, 9.495, 0.0, 7.067, 9.643, 11.7, 15.878, 19.609, 21.201, 22.062, 22.956, 24.486, 27.377, 31.071, 33.827, 34.738, 35.041, 35.504, 35.836, 35.888, 35.998, 36.232, 36.637, 36.988, 37.226, 37.33, 37.58, 37.845, 38.172, 38.643, 38.837, 38.712, 38.646, 38.46, 38.424, 38.634, 38.558, 38.594, 39.208, 38.906, 38.332, 38.988, 38.635, 38.13, 39.318, 41.137, 41.971, 41.872, 41.454, 41.058, 40.915, 40.946, 41.256, 41.983, 42.516, 42.484, 42.415, 42.434, 41.949, 41.474, 41.89, 42.384, 42.402, 42.613, 42.816, 42.273, 41.346, 40.856, 40.636, 40.522, 40.355, 40.427, 40.664, 40.73, 40.673, 40.361, 40.282, 40.352, 40.412, 40.384, 40.243, 39.904, 39.713, 39.887, 39.979, 39.769, 39.64, 39.951, 40.561, 40.966, 41.3, 41.712, 42.187, 41.865, 41.33, 41.3, 41.152, 40.853, 40.371, 39.977, 40.231, 40.366, 40.006, 39.771, 39.744, 40.014, 40.251, 40.485, 40.649, 40.9, 41.496, 41.91, 41.688, 41.566, 41.13, 40.041, 39.599, 39.757, 39.901, 39.872, 40.03, 40.487, 40.742, 40.94, 41.166, 39.705], [39.595, 39.153, 39.199, 39.434, 39.503, 39.17, 38.517, 38.703, 40.04, 41.273, 40.658, 38.728, 37.097, 36.024, 35.37, 34.753, 32.955, 29.181, 24.74, 21.487, 19.459, 15.045, 7.067, 0.0, 4.504, 8.604, 13.376, 17.258, 19.147, 20.48, 21.842, 23.69, 26.713, 30.445, 33.262, 34.243, 34.565, 35.054, 35.408, 35.482, 35.621, 35.874, 36.295, 36.738, 37.11, 37.269, 37.525, 37.811, 38.19, 38.714, 38.933, 38.824, 38.797, 38.657, 38.649, 38.86, 38.751, 38.754, 39.387, 39.147, 38.684, 39.415, 39.147, 38.643, 39.704, 41.425, 42.232, 42.133, 41.711, 41.303, 41.144, 41.139, 41.348, 41.941, 42.402, 42.353, 42.284, 42.293, 41.832, 41.449, 41.944, 42.461, 42.465, 42.678, 42.925, 42.43, 41.501, 40.961, 40.687, 40.581, 40.454, 40.502, 40.722, 40.824, 40.725, 40.349, 40.243, 40.29, 40.338, 40.31, 40.176, 39.853, 39.656, 39.808, 39.898, 39.704, 39.597, 39.905, 40.505, 40.928, 41.286, 41.719, 42.195, 41.868, 41.346, 41.347, 41.232, 40.949, 40.481, 40.121, 40.4, 40.549, 40.185, 39.953, 39.951, 40.226, 40.422, 40.583, 40.684, 40.903, 41.507, 41.941, 41.723, 41.585, 41.14, 40.044, 39.582, 39.724, 39.863, 39.853, 40.026, 40.465, 40.686, 40.877, 41.131, 40.027], [39.576, 39.139, 39.211, 39.489, 39.58, 39.247, 38.609, 38.851, 40.245, 41.506, 40.913, 39.04, 37.488, 36.463, 35.831, 35.236, 33.483, 29.825, 25.546, 22.324, 20.285, 16.263, 9.643, 4.504, 0.0, 5.836, 11.98, 16.257, 18.045, 19.318, 20.774, 22.774, 25.964, 29.811, 32.723, 33.773, 34.119, 34.621, 34.991, 35.08, 35.232, 35.484, 35.9, 36.353, 36.756, 36.962, 37.267, 37.574, 37.976, 38.549, 38.803, 38.721, 38.718, 38.595, 38.61, 38.847, 38.743, 38.735, 39.357, 39.085, 38.578, 39.3, 39.058, 38.556, 39.586, 41.288, 42.093, 41.998, 41.578, 41.169, 41.008, 40.999, 41.201, 41.783, 42.238, 42.187, 42.115, 42.117, 41.651, 41.276, 41.789, 42.319, 42.332, 42.562, 42.832, 42.355, 41.423, 40.864, 40.575, 40.476, 40.362, 40.411, 40.634, 40.746, 40.651, 40.262, 40.135, 40.177, 40.238, 40.218, 40.088, 39.765, 39.562, 39.704, 39.793, 39.599, 39.475, 39.771, 40.396, 40.848, 41.222, 41.658, 42.129, 41.794, 41.279, 41.313, 41.224, 40.942, 40.469, 40.127, 40.436, 40.601, 40.228, 39.983, 39.98, 40.248, 40.423, 40.567, 40.664, 40.879, 41.474, 41.907, 41.684, 41.539, 41.088, 39.978, 39.5, 39.633, 39.769, 39.756, 39.932, 40.365, 40.575, 40.765, 41.02, 39.977], [38.919, 38.551, 38.651, 38.979, 39.152, 38.926, 38.461, 38.953, 40.552, 41.887, 41.31, 39.492, 38.005, 36.979, 36.314, 35.726, 34.017, 30.412, 26.249, 23.268, 21.465, 17.646, 11.7, 8.604, 5.836, 0.0, 7.482, 13.032, 15.247, 16.461, 17.94, 20.204, 23.775, 27.923, 31.017, 32.133, 32.511, 33.045, 33.434, 33.55, 33.74, 34.017, 34.469, 34.975, 35.422, 35.656, 36.016, 36.439, 36.936, 37.53, 37.817, 37.87, 38.007, 37.904, 37.899, 38.151, 38.051, 38.032, 38.697, 38.518, 38.08, 38.882, 38.688, 38.122, 39.086, 40.803, 41.644, 41.557, 41.114, 40.656, 40.45, 40.406, 40.575, 41.151, 41.625, 41.59, 41.535, 41.539, 41.018, 40.566, 41.095, 41.657, 41.669, 41.899, 42.172, 41.665, 40.692, 40.138, 39.865, 39.783, 39.708, 39.82, 40.064, 40.152, 40.032, 39.627, 39.487, 39.512, 39.554, 39.545, 39.436, 39.086, 38.839, 38.967, 39.035, 38.763, 38.554, 38.867, 39.569, 40.035, 40.399, 40.859, 41.348, 40.985, 40.421, 40.459, 40.431, 40.153, 39.638, 39.272, 39.622, 39.85, 39.516, 39.297, 39.322, 39.579, 39.696, 39.848, 40.063, 40.448, 41.15, 41.584, 41.313, 41.124, 40.635, 39.436, 38.864, 38.926, 39.016, 39.032, 39.266, 39.69, 39.861, 40.05, 40.32, 39.19], [38.435, 38.26, 38.457, 38.856, 39.138, 39.109, 39.02, 40.006, 41.955, 43.359, 42.792, 41.095, 39.727, 38.74, 38.105, 37.6, 35.987, 32.525, 28.621, 25.923, 24.439, 21.143, 15.878, 13.376, 11.98, 7.482, 0.0, 6.876, 10.498, 12.568, 14.505, 17.166, 21.062, 25.47, 28.744, 29.914, 30.322, 30.897, 31.312, 31.473, 31.748, 32.109, 32.641, 33.237, 33.79, 34.111, 34.579, 35.193, 35.839, 36.426, 36.704, 36.905, 37.237, 37.182, 37.145, 37.4, 37.291, 37.257, 37.989, 37.988, 37.729, 38.691, 38.592, 37.918, 38.755, 40.483, 41.378, 41.298, 40.82, 40.289, 40.014, 39.911, 39.994, 40.5, 40.954, 40.933, 40.907, 40.914, 40.331, 39.829, 40.404, 41.003, 41.0, 41.212, 41.484, 40.956, 39.911, 39.311, 39.024, 38.968, 38.949, 39.097, 39.328, 39.432, 39.287, 38.837, 38.687, 38.693, 38.691, 38.676, 38.588, 38.21, 37.915, 38.026, 38.058, 37.712, 37.452, 37.818, 38.59, 39.039, 39.37, 39.853, 40.374, 39.958, 39.319, 39.364, 39.399, 39.126, 38.56, 38.167, 38.556, 38.852, 38.575, 38.418, 38.53, 38.821, 38.871, 39.006, 39.35, 39.985, 40.878, 41.324, 40.976, 40.707, 40.155, 38.839, 38.141, 38.103, 38.135, 38.194, 38.504, 38.906, 39.006, 39.189, 39.495, 38.455], [38.209, 38.151, 38.44, 38.902, 39.223, 39.278, 39.423, 40.756, 42.942, 44.365, 43.793, 42.24, 41.038, 40.12, 39.514, 39.06, 37.51, 34.201, 30.597, 28.17, 26.91, 24.096, 19.609, 17.258, 16.257, 13.032, 6.876, 0.0, 5.275, 9.254, 12.258, 15.178, 19.052, 23.56, 27.006, 28.274, 28.736, 29.351, 29.793, 29.997, 30.343, 30.794, 31.416, 32.081, 32.72, 33.162, 33.77, 34.529, 35.269, 35.845, 36.093, 36.346, 36.776, 36.762, 36.721, 36.98, 36.86, 36.814, 37.58, 37.662, 37.514, 38.615, 38.595, 37.846, 38.604, 40.34, 41.266, 41.183, 40.677, 40.101, 39.786, 39.658, 39.717, 40.197, 40.631, 40.614, 40.614, 40.616, 39.975, 39.463, 40.096, 40.725, 40.706, 40.893, 41.167, 40.636, 39.512, 38.823, 38.502, 38.458, 38.456, 38.576, 38.777, 38.937, 38.81, 38.329, 38.172, 38.176, 38.147, 38.113, 38.022, 37.628, 37.312, 37.415, 37.416, 37.027, 36.744, 37.132, 37.939, 38.393, 38.708, 39.187, 39.729, 39.279, 38.602, 38.661, 38.726, 38.455, 37.871, 37.486, 37.904, 38.217, 37.949, 37.832, 38.025, 38.356, 38.359, 38.462, 38.865, 39.647, 40.658, 41.108, 40.702, 40.375, 39.776, 38.392, 37.628, 37.543, 37.545, 37.618, 37.962, 38.35, 38.409, 38.593, 38.929, 38.078], [37.835, 37.808, 38.137, 38.649, 38.989, 39.043, 39.228, 40.686, 42.994, 44.449, 43.874, 42.355, 41.228, 40.342, 39.722, 39.262, 37.716, 34.447, 30.969, 28.705, 27.584, 25.059, 21.201, 19.147, 18.045, 15.247, 10.498, 5.275, 0.0, 5.266, 9.531, 12.99, 17.034, 21.798, 25.531, 26.957, 27.523, 28.221, 28.713, 28.952, 29.325, 29.809, 30.467, 31.149, 31.797, 32.285, 32.988, 33.83, 34.622, 35.217, 35.468, 35.755, 36.227, 36.231, 36.204, 36.498, 36.393, 36.348, 37.13, 37.202, 37.093, 38.323, 38.345, 37.525, 38.269, 40.061, 41.02, 40.935, 40.413, 39.814, 39.485, 39.365, 39.453, 39.977, 40.441, 40.443, 40.463, 40.461, 39.761, 39.209, 39.874, 40.531, 40.497, 40.654, 40.919, 40.377, 39.175, 38.407, 38.061, 38.028, 38.022, 38.118, 38.307, 38.488, 38.372, 37.864, 37.68, 37.672, 37.636, 37.597, 37.499, 37.09, 36.764, 36.869, 36.854, 36.429, 36.122, 36.525, 37.396, 37.913, 38.259, 38.755, 39.309, 38.843, 38.151, 38.221, 38.292, 38.005, 37.388, 36.985, 37.421, 37.733, 37.447, 37.338, 37.564, 37.905, 37.878, 37.971, 38.418, 39.292, 40.38, 40.84, 40.403, 40.047, 39.416, 37.964, 37.155, 37.055, 37.056, 37.136, 37.496, 37.89, 37.936, 38.125, 38.484, 37.652], [37.619, 37.588, 37.922, 38.464, 38.83, 38.872, 39.021, 40.49, 42.844, 44.327, 43.753, 42.212, 41.074, 40.181, 39.543, 39.065, 37.521, 34.273, 30.868, 28.719, 27.682, 25.362, 22.062, 20.48, 19.318, 16.461, 12.568, 9.254, 5.266, 0.0, 5.27, 9.922, 14.883, 20.203, 24.294, 25.905, 26.599, 27.397, 27.946, 28.209, 28.587, 29.061, 29.693, 30.358, 31.012, 31.517, 32.284, 33.205, 34.045, 34.679, 34.983, 35.343, 35.855, 35.858, 35.843, 36.195, 36.141, 36.111, 36.895, 36.917, 36.784, 38.073, 38.103, 37.228, 37.969, 39.798, 40.774, 40.688, 40.162, 39.55, 39.217, 39.111, 39.232, 39.807, 40.313, 40.337, 40.368, 40.366, 39.628, 39.005, 39.644, 40.308, 40.268, 40.405, 40.65, 40.091, 38.856, 38.066, 37.719, 37.699, 37.704, 37.818, 38.014, 38.189, 38.083, 37.574, 37.368, 37.339, 37.301, 37.275, 37.188, 36.777, 36.46, 36.582, 36.562, 36.109, 35.79, 36.224, 37.16, 37.733, 38.112, 38.634, 39.195, 38.717, 38.022, 38.113, 38.185, 37.873, 37.222, 36.783, 37.21, 37.52, 37.223, 37.109, 37.338, 37.669, 37.62, 37.723, 38.22, 39.166, 40.318, 40.801, 40.356, 39.988, 39.337, 37.834, 36.983, 36.86, 36.862, 36.962, 37.334, 37.726, 37.765, 37.957, 38.33, 37.423], [37.506, 37.467, 37.784, 38.334, 38.735, 38.804, 38.946, 40.404, 42.774, 44.274, 43.692, 42.124, 40.969, 40.065, 39.415, 38.928, 37.396, 34.204, 30.94, 28.958, 27.979, 25.787, 22.956, 21.842, 20.774, 17.94, 14.505, 12.258, 9.531, 5.27, 0.0, 5.859, 12.349, 18.583, 23.098, 24.923, 25.759, 26.629, 27.22, 27.5, 27.872, 28.316, 28.907, 29.566, 30.256, 30.791, 31.651, 32.698, 33.597, 34.258, 34.63, 35.1, 35.67, 35.662, 35.635, 36.033, 36.047, 36.062, 36.865, 36.838, 36.621, 37.901, 37.93, 37.052, 37.803, 39.63, 40.6, 40.511, 39.985, 39.362, 39.016, 38.903, 39.038, 39.652, 40.191, 40.232, 40.273, 40.271, 39.5, 38.832, 39.447, 40.113, 40.074, 40.197, 40.421, 39.844, 38.605, 37.828, 37.493, 37.477, 37.497, 37.639, 37.841, 38.002, 37.921, 37.438, 37.227, 37.185, 37.144, 37.128, 37.053, 36.645, 36.343, 36.49, 36.468, 35.997, 35.683, 36.166, 37.151, 37.736, 38.123, 38.665, 39.245, 38.762, 38.048, 38.145, 38.225, 37.897, 37.216, 36.723, 37.109, 37.419, 37.138, 37.039, 37.273, 37.59, 37.512, 37.632, 38.194, 39.211, 40.393, 40.875, 40.414, 40.026, 39.361, 37.837, 36.958, 36.803, 36.799, 36.921, 37.317, 37.723, 37.76, 37.955, 38.342, 37.31], [37.093, 37.068, 37.374, 37.932, 38.382, 38.532, 38.763, 40.335, 42.837, 44.387, 43.786, 42.223, 41.115, 40.232, 39.58, 39.108, 37.603, 34.488, 31.447, 29.767, 28.955, 26.922, 24.486, 23.69, 22.774, 20.204, 17.166, 15.178, 12.99, 9.922, 5.859, 0.0, 7.71, 15.337, 20.713, 22.897, 23.893, 24.863, 25.536, 25.862, 26.245, 26.691, 27.328, 28.06, 28.807, 29.402, 30.428, 31.667, 32.654, 33.345, 33.804, 34.426, 35.08, 35.065, 35.012, 35.44, 35.512, 35.59, 36.453, 36.408, 36.104, 37.408, 37.477, 36.626, 37.412, 39.266, 40.251, 40.161, 39.625, 38.971, 38.584, 38.444, 38.581, 39.241, 39.821, 39.879, 39.941, 39.933, 39.105, 38.409, 39.07, 39.778, 39.738, 39.856, 40.086, 39.483, 38.185, 37.368, 37.029, 37.025, 37.044, 37.171, 37.363, 37.526, 37.473, 37.003, 36.79, 36.738, 36.677, 36.646, 36.574, 36.161, 35.852, 36.018, 36.004, 35.507, 35.18, 35.725, 36.788, 37.384, 37.763, 38.327, 38.954, 38.461, 37.69, 37.771, 37.877, 37.544, 36.803, 36.234, 36.598, 36.928, 36.688, 36.633, 36.893, 37.181, 37.028, 37.146, 37.793, 38.935, 40.191, 40.661, 40.143, 39.71, 39.014, 37.449, 36.535, 36.337, 36.308, 36.459, 36.908, 37.332, 37.351, 37.546, 37.957, 36.87], [36.367, 36.425, 36.764, 37.349, 37.858, 38.131, 38.584, 40.518, 43.374, 45.01, 44.394, 42.892, 41.892, 41.062, 40.434, 40.013, 38.554, 35.524, 32.764, 31.535, 31.103, 29.426, 27.377, 26.713, 25.964, 23.775, 21.062, 19.052, 17.034, 14.883, 12.349, 7.71, 0.0, 8.941, 15.76, 18.712, 19.997, 21.172, 22.07, 22.535, 22.988, 23.551, 24.436, 25.409, 26.305, 27.032, 28.275, 29.788, 30.96, 31.715, 32.3, 33.155, 33.955, 33.95, 33.89, 34.349, 34.45, 34.586, 35.563, 35.594, 35.303, 36.752, 36.946, 36.068, 36.824, 38.733, 39.777, 39.688, 39.121, 38.411, 37.968, 37.784, 37.871, 38.519, 39.126, 39.203, 39.293, 39.284, 38.373, 37.678, 38.519, 39.341, 39.307, 39.442, 39.727, 39.13, 37.726, 36.791, 36.411, 36.444, 36.476, 36.572, 36.749, 36.906, 36.831, 36.317, 36.074, 35.971, 35.833, 35.779, 35.731, 35.288, 34.916, 35.09, 35.081, 34.477, 34.041, 34.65, 35.855, 36.491, 36.869, 37.495, 38.205, 37.679, 36.828, 36.91, 37.079, 36.735, 35.879, 35.222, 35.629, 36.032, 35.832, 35.844, 36.179, 36.427, 36.12, 36.183, 36.952, 38.345, 39.829, 40.351, 39.751, 39.23, 38.45, 36.726, 35.688, 35.394, 35.314, 35.52, 36.036, 36.429, 36.372, 36.563, 37.024, 36.042], [35.837, 36.026, 36.429, 37.028, 37.577, 37.99, 38.748, 41.157, 44.427, 46.151, 45.547, 44.144, 43.252, 42.485, 41.917, 41.574, 40.182, 37.272, 34.795, 33.994, 33.987, 32.767, 31.071, 30.445, 29.811, 27.923, 25.47, 23.56, 21.798, 20.203, 18.583, 15.337, 8.941, 0.0, 8.218, 12.702, 14.789, 16.344, 17.668, 18.456, 19.096, 19.926, 21.271, 22.678, 23.839, 24.722, 26.097, 27.879, 29.315, 30.172, 30.897, 32.022, 33.019, 33.061, 33.015, 33.504, 33.609, 33.764, 34.854, 35.044, 34.877, 36.522, 36.88, 35.928, 36.558, 38.494, 39.611, 39.526, 38.919, 38.169, 37.691, 37.454, 37.421, 37.957, 38.541, 38.627, 38.734, 38.726, 37.746, 37.111, 38.216, 39.178, 39.144, 39.309, 39.691, 39.157, 37.691, 36.658, 36.22, 36.271, 36.356, 36.489, 36.651, 36.76, 36.583, 35.972, 35.676, 35.498, 35.254, 35.196, 35.196, 34.697, 34.211, 34.378, 34.352, 33.561, 32.926, 33.569, 34.904, 35.567, 35.933, 36.641, 37.44, 36.868, 35.969, 36.096, 36.35, 35.995, 35.026, 34.312, 34.814, 35.331, 35.191, 35.293, 35.721, 35.92, 35.416, 35.382, 36.291, 38.0, 39.782, 40.406, 39.746, 39.134, 38.254, 36.314, 35.076, 34.637, 34.489, 34.774, 35.361, 35.675, 35.51, 35.716, 36.248, 35.371], [35.594, 35.879, 36.333, 36.942, 37.517, 38.035, 38.996, 41.687, 45.208, 47.007, 46.434, 45.087, 44.243, 43.531, 43.048, 42.801, 41.493, 38.699, 36.412, 35.873, 36.154, 35.267, 33.827, 33.262, 32.723, 31.017, 28.744, 27.006, 25.531, 24.294, 23.098, 20.713, 15.76, 8.218, 0.0, 6.129, 9.695, 11.982, 13.77, 14.947, 15.887, 17.019, 18.794, 20.629, 22.083, 23.082, 24.444, 26.396, 28.083, 29.05, 29.867, 31.19, 32.362, 32.463, 32.446, 32.981, 33.098, 33.264, 34.414, 34.705, 34.642, 36.467, 36.927, 35.912, 36.482, 38.476, 39.663, 39.581, 38.95, 38.184, 37.692, 37.432, 37.341, 37.825, 38.4, 38.486, 38.599, 38.591, 37.558, 36.942, 38.219, 39.262, 39.209, 39.398, 39.866, 39.375, 37.857, 36.766, 36.281, 36.315, 36.443, 36.636, 36.773, 36.814, 36.525, 35.811, 35.479, 35.265, 34.96, 34.922, 34.975, 34.438, 33.857, 34.004, 33.966, 33.045, 32.274, 32.944, 34.363, 35.049, 35.408, 36.168, 37.015, 36.399, 35.48, 35.676, 35.995, 35.623, 34.5