[[0.0, 7.291, 17.549, 23.663, 25.662, 26.482, 26.838, 27.625, 28.321, 28.458, 29.668, 31.564, 32.266, 33.19, 33.653, 33.569, 34.334, 34.506, 34.652, 35.329, 35.097, 34.761, 35.175, 35.867, 36.164, 36.033, 35.679, 35.157, 35.212, 36.341, 36.84, 36.416, 36.594, 36.358, 36.22, 36.464, 35.764, 35.203, 35.198, 35.351, 35.644, 36.138, 36.549, 36.833, 36.646, 36.81, 36.269, 35.899, 36.42, 36.309, 36.287, 36.137, 36.678, 37.211, 37.017, 36.395, 36.384, 36.718, 37.062, 37.482, 37.851, 38.183, 37.368, 37.564, 38.262, 38.113, 37.398, 36.96, 38.815, 40.754, 40.856, 41.107, 42.069, 40.585, 39.751, 39.777, 38.623, 37.587, 35.791, 35.436, 35.856, 36.116, 37.764, 38.387, 37.121, 36.453, 37.308, 38.107, 38.545, 38.904, 38.829, 38.701, 38.289, 37.484, 36.883, 36.35, 36.11, 36.087, 7.231], [7.291, 0.0, 12.453, 20.1, 22.747, 23.924, 24.44, 25.372, 26.168, 26.379, 27.934, 30.183, 31.015, 31.992, 32.406, 32.261, 33.066, 33.25, 33.393, 34.153, 33.935, 33.677, 34.276, 35.03, 35.322, 35.15, 34.749, 34.123, 34.229, 35.517, 36.022, 35.52, 35.716, 35.457, 35.291, 35.577, 34.831, 34.216, 34.247, 34.533, 34.929, 35.458, 35.892, 36.194, 35.971, 36.21, 35.744, 35.34, 35.876, 35.841, 35.883, 35.77, 36.415, 37.004, 36.827, 36.231, 36.195, 36.442, 36.769, 37.191, 37.523, 37.855, 36.997, 37.239, 37.989, 37.748, 36.851, 36.387, 38.396, 40.464, 40.528, 40.767, 41.838, 40.262, 39.374, 39.46, 38.221, 37.087, 35.267, 35.081, 35.597, 35.86, 37.806, 38.558, 37.132, 36.444, 37.448, 38.298, 38.686, 38.944, 38.754, 38.508, 37.964, 37.028, 36.362, 35.805, 35.558, 35.541, 11.471], [17.549, 12.453, 0.0, 10.981, 16.354, 18.467, 19.316, 20.905, 22.187, 22.687, 25.058, 28.023, 29.169, 30.376, 30.813, 30.626, 31.523, 31.773, 31.942, 32.864, 32.782, 32.597, 33.366, 34.253, 34.599, 34.326, 33.787, 33.003, 33.113, 34.593, 35.104, 34.467, 34.699, 34.342, 34.038, 34.403, 33.595, 32.879, 32.976, 33.562, 34.155, 34.689, 35.142, 35.499, 35.242, 35.51, 35.069, 34.63, 35.154, 35.098, 35.195, 35.175, 35.967, 36.635, 36.513, 36.055, 36.074, 36.285, 36.594, 36.931, 37.191, 37.523, 36.679, 37.079, 37.944, 37.635, 36.598, 36.203, 38.35, 40.547, 40.695, 40.956, 42.086, 40.313, 39.325, 39.46, 37.989, 36.624, 34.726, 34.789, 35.465, 35.611, 37.962, 38.944, 37.248, 36.382, 37.487, 38.418, 38.708, 38.729, 38.363, 38.076, 37.414, 36.29, 35.555, 34.944, 34.658, 34.663, 20.323], [23.663, 20.1, 10.981, 0.0, 9.104, 13.238, 14.661, 17.206, 19.198, 20.192, 23.213, 26.522, 27.884, 29.338, 29.934, 29.826, 30.783, 31.082, 31.292, 32.32, 32.418, 32.342, 33.215, 34.225, 34.7, 34.439, 33.831, 33.042, 33.203, 34.701, 35.166, 34.479, 34.736, 34.327, 33.891, 34.263, 33.489, 32.762, 32.848, 33.509, 34.143, 34.663, 35.098, 35.46, 35.211, 35.456, 34.989, 34.593, 35.154, 35.108, 35.244, 35.235, 36.071, 36.776, 36.675, 36.321, 36.417, 36.629, 36.952, 37.269, 37.507, 37.797, 36.955, 37.463, 38.387, 38.083, 37.047, 36.711, 38.828, 41.013, 41.261, 41.56, 42.644, 40.823, 39.821, 39.935, 38.421, 36.998, 35.056, 35.122, 35.785, 35.775, 38.135, 39.151, 37.331, 36.372, 37.469, 38.396, 38.654, 38.613, 38.216, 37.964, 37.298, 36.149, 35.47, 34.875, 34.58, 34.629, 25.791], [25.662, 22.747, 16.354, 9.104, 0.0, 6.611, 10.014, 13.526, 16.082, 17.589, 21.262, 24.807, 26.301, 28.085, 28.929, 28.945, 29.963, 30.262, 30.496, 31.569, 31.748, 31.809, 32.881, 34.077, 34.731, 34.611, 33.981, 33.217, 33.455, 34.975, 35.434, 34.695, 34.928, 34.509, 34.044, 34.419, 33.676, 32.963, 33.024, 33.654, 34.309, 34.853, 35.276, 35.635, 35.366, 35.582, 35.106, 34.736, 35.259, 35.17, 35.362, 35.382, 36.212, 36.923, 36.827, 36.448, 36.537, 36.706, 37.002, 37.342, 37.561, 37.792, 36.891, 37.427, 38.389, 38.106, 37.085, 36.756, 38.915, 41.123, 41.399, 41.726, 42.821, 41.012, 40.003, 40.129, 38.616, 37.169, 35.231, 35.283, 35.936, 35.898, 38.281, 39.336, 37.495, 36.526, 37.686, 38.639, 38.886, 38.878, 38.491, 38.213, 37.502, 36.325, 35.667, 35.063, 34.767, 34.819, 27.461], [26.482, 23.924, 18.467, 13.238, 6.611, 0.0, 6.413, 11.883, 14.629, 16.196, 20.244, 23.923, 25.479, 27.459, 28.446, 28.54, 29.636, 29.977, 30.274, 31.338, 31.483, 31.542, 32.631, 33.891, 34.617, 34.592, 33.981, 33.212, 33.441, 34.96, 35.44, 34.705, 34.907, 34.471, 34.045, 34.436, 33.692, 33.001, 33.062, 33.688, 34.367, 34.91, 35.327, 35.7, 35.486, 35.758, 35.285, 34.9, 35.404, 35.28, 35.466, 35.518, 36.36, 37.064, 36.989, 36.609, 36.646, 36.811, 37.106, 37.376, 37.591, 37.832, 36.908, 37.46, 38.443, 38.151, 37.127, 36.858, 39.078, 41.294, 41.572, 41.906, 42.984, 41.15, 40.1, 40.226, 38.717, 37.279, 35.313, 35.283, 35.948, 35.888, 38.26, 39.353, 37.517, 36.527, 37.744, 38.766, 39.026, 39.037, 38.681, 38.392, 37.671, 36.505, 35.831, 35.207, 34.915, 34.987, 28.11], [26.838, 24.44, 19.316, 14.661, 10.014, 6.413, 0.0, 8.076, 12.488, 14.097, 18.406, 22.463, 24.173, 26.383, 27.501, 27.623, 28.841, 29.234, 29.583, 30.741, 30.887, 30.946, 32.047, 33.317, 34.054, 34.041, 33.44, 32.686, 32.954, 34.476, 34.982, 34.292, 34.538, 34.102, 33.679, 34.075, 33.295, 32.594, 32.643, 33.265, 33.959, 34.5, 34.909, 35.306, 35.121, 35.447, 34.984, 34.579, 35.123, 35.064, 35.269, 35.333, 36.228, 36.951, 36.864, 36.453, 36.477, 36.666, 37.01, 37.264, 37.488, 37.769, 36.81, 37.347, 38.359, 38.042, 37.008, 36.764, 39.018, 41.231, 41.51, 41.869, 42.943, 41.059, 39.97, 40.087, 38.579, 37.14, 35.119, 35.076, 35.775, 35.678, 38.09, 39.226, 37.353, 36.363, 37.635, 38.697, 38.985, 38.979, 38.609, 38.336, 37.612, 36.427, 35.713, 35.078, 34.802, 34.87, 28.393], [27.625, 25.372, 20.905, 17.206, 13.526, 11.883, 8.076, 0.0, 6.797, 9.81, 14.547, 18.991, 20.989, 23.614, 24.963, 25.147, 26.497, 26.913, 27.184, 28.444, 28.775, 28.996, 30.324, 31.82, 32.701, 32.805, 32.22, 31.631, 32.214, 33.832, 34.404, 33.844, 34.181, 33.768, 33.306, 33.665, 32.851, 32.154, 32.192, 32.827, 33.493, 34.01, 34.432, 34.829, 34.599, 34.959, 34.571, 34.221, 34.811, 34.864, 35.17, 35.25, 36.152, 36.865, 36.767, 36.312, 36.304, 36.529, 36.917, 37.143, 37.368, 37.688, 36.707, 37.253, 38.32, 37.97, 36.907, 36.674, 38.988, 41.23, 41.504, 41.899, 42.996, 41.115, 40.008, 40.146, 38.707, 37.26, 35.21, 35.156, 35.804, 35.694, 38.172, 39.292, 37.357, 36.361, 37.695, 38.776, 39.06, 39.051, 38.622, 38.295, 37.556, 36.319, 35.537, 34.907, 34.668, 34.716, 29.034], [28.321, 26.168, 22.187, 19.198, 16.082, 14.629, 12.488, 6.797, 0.0, 5.983, 12.682, 17.264, 19.282, 22.106, 23.509, 23.636, 24.99, 25.408, 25.64, 26.929, 27.401, 27.764, 29.251, 30.936, 31.931, 32.126, 31.578, 31.093, 31.928, 33.696, 34.288, 33.719, 34.068, 33.692, 33.253, 33.607, 32.778, 32.084, 32.127, 32.779, 33.42, 33.931, 34.366, 34.748, 34.521, 34.925, 34.59, 34.283, 34.902, 34.99, 35.36, 35.463, 36.349, 37.057, 36.991, 36.544, 36.51, 36.752, 37.161, 37.353, 37.555, 37.884, 36.896, 37.432, 38.509, 38.103, 36.977, 36.777, 39.165, 41.434, 41.701, 42.085, 43.205, 41.346, 40.218, 40.366, 38.933, 37.455, 35.39, 35.292, 35.862, 35.727, 38.227, 39.309, 37.339, 36.337, 37.711, 38.798, 39.073, 39.071, 38.63, 38.28, 37.526, 36.258, 35.44, 34.812, 34.59, 34.637, 29.567], [28.458, 26.379, 22.687, 20.192, 17.589, 16.196, 14.097, 9.81, 5.983, 0.0, 9.03, 14.875, 17.219, 20.344, 21.959, 22.221, 23.777, 24.293, 24.677, 26.179, 26.768, 27.227, 28.809, 30.575, 31.626, 31.902, 31.446, 31.017, 31.819, 33.574, 34.252, 33.787, 34.159, 33.81, 33.396, 33.751, 32.94, 32.26, 32.297, 32.924, 33.541, 34.047, 34.48, 34.85, 34.645, 35.088, 34.776, 34.454, 35.086, 35.193, 35.526, 35.613, 36.488, 37.194, 37.138, 36.677, 36.626, 36.856, 37.282, 37.442, 37.595, 37.926, 36.887, 37.348, 38.401, 37.993, 36.878, 36.653, 39.007, 41.247, 41.504, 41.872, 42.972, 41.113, 39.948, 40.07, 38.661, 37.213, 35.171, 35.076, 35.654, 35.598, 38.123, 39.211, 37.28, 36.288, 37.641, 38.705, 38.984, 39.0, 38.56, 38.206, 37.481, 36.261, 35.426, 34.793, 34.596, 34.649, 29.624], [29.668, 27.934, 25.058, 23.213, 21.262, 20.244, 18.406, 14.547, 12.682, 9.03, 0.0, 7.767, 12.036, 16.207, 18.634, 19.613, 21.462, 22.076, 22.554, 24.394, 25.393, 25.992, 27.745, 29.709, 30.832, 31.206, 30.954, 30.903, 31.826, 33.421, 34.372, 34.408, 34.869, 34.506, 34.058, 34.335, 33.598, 33.025, 33.028, 33.457, 33.903, 34.372, 34.789, 35.1, 34.903, 35.338, 35.059, 34.757, 35.379, 35.612, 35.912, 35.945, 36.743, 37.389, 37.336, 36.886, 36.774, 36.965, 37.399, 37.498, 37.599, 37.938, 36.893, 37.235, 38.182, 37.807, 36.852, 36.657, 38.775, 40.781, 40.972, 41.378, 42.354, 40.539, 39.399, 39.462, 38.288, 37.08, 35.25, 35.206, 35.756, 35.839, 38.253, 39.304, 37.529, 36.657, 37.964, 38.984, 39.264, 39.311, 38.895, 38.569, 37.951, 36.833, 36.027, 35.409, 35.257, 35.338, 30.699], [31.564, 30.183, 28.023, 26.522, 24.807, 23.923, 22.463, 18.991, 17.264, 14.875, 7.767, 0.0, 7.08, 13.563, 17.057, 18.79, 20.834, 21.468, 21.986, 23.908, 25.169, 25.884, 27.685, 29.741, 30.936, 31.415, 31.34, 31.599, 32.701, 34.201, 35.222, 35.487, 35.975, 35.628, 35.187, 35.399, 34.747, 34.259, 34.232, 34.484, 34.75, 35.166, 35.561, 35.822, 35.64, 36.046, 35.82, 35.563, 36.16, 36.463, 36.752, 36.753, 37.459, 38.024, 37.963, 37.515, 37.359, 37.528, 37.964, 38.052, 38.162, 38.487, 37.508, 37.817, 38.686, 38.348, 37.527, 37.392, 39.341, 41.138, 41.278, 41.713, 42.585, 40.854, 39.802, 39.851, 38.84, 37.787, 36.147, 36.101, 36.566, 36.658, 38.876, 39.851, 38.214, 37.48, 38.761, 39.737, 39.993, 40.032, 39.648, 39.358, 38.793, 37.739, 36.974, 36.381, 36.253, 36.355, 32.435], [32.266, 31.015, 29.169, 27.884, 26.301, 25.479, 24.173, 20.989, 19.282, 17.219, 12.036, 7.08, 0.0, 8.85, 13.923, 16.302, 18.691, 19.579, 20.432, 22.733, 24.232, 25.1, 26.997, 29.156, 30.474, 31.105, 31.16, 31.497, 32.671, 34.249, 35.306, 35.596, 36.099, 35.785, 35.383, 35.589, 34.953, 34.464, 34.428, 34.661, 34.888, 35.277, 35.657, 35.927, 35.725, 36.115, 35.926, 35.654, 36.222, 36.55, 36.852, 36.857, 37.554, 38.106, 38.042, 37.56, 37.379, 37.536, 37.963, 38.044, 38.168, 38.507, 37.535, 37.844, 38.71, 38.379, 37.577, 37.477, 39.46, 41.26, 41.4, 41.822, 42.686, 40.99, 39.945, 40.002, 38.967, 37.856, 36.187, 36.098, 36.583, 36.614, 38.756, 39.741, 38.126, 37.399, 38.65, 39.606, 39.869, 39.908, 39.518, 39.226, 38.688, 37.657, 36.878, 36.286, 36.18, 36.288, 33.058], [33.19, 31.992, 30.376, 29.338, 28.085, 27.459, 26.383, 23.614, 22.106, 20.344, 16.207, 13.563, 8.85, 0.0, 7.338, 11.727, 14.568, 15.922, 17.551, 20.681, 22.675, 23.768, 25.912, 28.312, 29.716, 30.428, 30.65, 31.081, 32.201, 33.829, 35.097, 35.608, 36.172, 35.937, 35.63, 35.822, 35.168, 34.708, 34.666, 34.871, 35.065, 35.413, 35.782, 36.048, 35.798, 36.195, 36.038, 35.742, 36.275, 36.688, 37.069, 37.088, 37.787, 38.358, 38.309, 37.812, 37.604, 37.738, 38.142, 38.157, 38.235, 38.596, 37.615, 37.884, 38.723, 38.372, 37.555, 37.465, 39.452, 41.225, 41.332, 41.72, 42.593, 40.923, 39.85, 39.931, 38.946, 37.791, 36.097, 36.04, 36.589, 36.607, 38.692, 39.737, 38.209, 37.471, 38.659, 39.622, 39.942, 40.015, 39.607, 39.303, 38.822, 37.79, 36.959, 36.364, 36.263, 36.387, 33.93], [33.653, 32.406, 30.813, 29.934, 28.929, 28.446, 27.501, 24.963, 23.509, 21.959, 18.634, 17.057, 13.923, 7.338, 0.0, 6.836, 11.149, 12.996, 15.391, 19.318, 21.775, 23.076, 25.346, 27.87, 29.299, 30.025, 30.34, 30.767, 31.849, 33.547, 34.909, 35.53, 36.15, 35.944, 35.691, 35.903, 35.222, 34.751, 34.722, 34.934, 35.124, 35.464, 35.86, 36.112, 35.837, 36.264, 36.107, 35.796, 36.363, 36.805, 37.194, 37.205, 37.92, 38.513, 38.48, 38.004, 37.79, 37.894, 38.285, 38.288, 38.323, 38.668, 37.679, 37.912, 38.726, 38.343, 37.515, 37.417, 39.385, 41.132, 41.199, 41.572, 42.484, 40.822, 39.739, 39.822, 38.821, 37.651, 35.969, 35.987, 36.546, 36.59, 38.715, 39.795, 38.296, 37.577, 38.781, 39.777, 40.128, 40.216, 39.798, 39.467, 38.969, 37.9, 37.049, 36.462, 36.352, 36.492, 34.355], [33.569, 32.261, 30.626, 29.826, 28.945, 28.54, 27.623, 25.147, 23.636, 22.221, 19.613, 18.79, 16.302, 11.727, 6.836, 0.0, 6.361, 9.506, 12.555, 17.429, 20.464, 21.955, 24.352, 26.992, 28.445, 29.115, 29.423, 29.852, 31.033, 32.88, 34.276, 34.918, 35.604, 35.437, 35.196, 35.443, 34.774, 34.278, 34.252, 34.527, 34.764, 35.111, 35.523, 35.781, 35.498, 35.982, 35.815, 35.483, 36.089, 36.491, 36.861, 36.883, 37.635, 38.255, 38.212, 37.741, 37.529, 37.617, 38.014, 38.017, 38.016, 38.362, 37.358, 37.564, 38.374, 37.956, 37.083, 36.976, 38.991, 40.786, 40.849, 41.19, 42.144, 40.471, 39.345, 39.424, 38.383, 37.195, 35.494, 35.55, 36.104, 36.136, 38.354, 39.467, 37.933, 37.213, 38.483, 39.512, 39.874, 39.973, 39.559, 39.239, 38.725, 37.63, 36.772, 36.191, 36.088, 36.241, 34.241], [34.334, 33.066, 31.523, 30.783, 29.963, 29.636, 28.841, 26.497, 24.99, 23.777, 21.462, 20.834, 18.691, 14.568, 11.149, 6.361, 0.0, 5.324, 10.063, 15.749, 19.367, 21.146, 23.741, 26.502, 27.966, 28.605, 28.924, 29.444, 30.734, 32.647, 34.111, 34.866, 35.609, 35.512, 35.33, 35.556, 34.923, 34.487, 34.452, 34.715, 34.975, 35.317, 35.713, 35.969, 35.699, 36.217, 36.084, 35.757, 36.312, 36.718, 37.123, 37.161, 37.895, 38.497, 38.432, 37.933, 37.724, 37.815, 38.183, 38.149, 38.133, 38.495, 37.499, 37.642, 38.41, 37.985, 37.102, 36.995, 38.95, 40.721, 40.822, 41.166, 42.105, 40.474, 39.367, 39.441, 38.414, 37.227, 35.579, 35.692, 36.246, 36.256, 38.431, 39.521, 38.05, 37.389, 38.647, 39.654, 40.009, 40.122, 39.731, 39.435, 38.952, 37.893, 37.049, 36.514, 36.437, 36.601, 34.955], [34.506, 33.25, 31.773, 31.082, 30.262, 29.977, 29.234, 26.913, 25.408, 24.293, 22.076, 21.468, 19.579, 15.922, 12.996, 9.506, 5.324, 0.0, 7.016, 14.095, 17.896, 19.809, 22.591, 25.509, 27.102, 27.853, 28.214, 28.799, 30.22, 32.243, 33.784, 34.596, 35.38, 35.303, 35.143, 35.366, 34.701, 34.271, 34.259, 34.55, 34.848, 35.212, 35.612, 35.862, 35.571, 36.098, 35.967, 35.635, 36.181, 36.586, 37.025, 37.068, 37.796, 38.389, 38.309, 37.779, 37.579, 37.706, 38.063, 38.007, 38.002, 38.378, 37.378, 37.488, 38.264, 37.868, 36.983, 36.873, 38.817, 40.597, 40.749, 41.129, 42.053, 40.426, 39.343, 39.409, 38.37, 37.191, 35.556, 35.695, 36.224, 36.227, 38.436, 39.485, 37.986, 37.358, 38.664, 39.673, 40.003, 40.095, 39.703, 39.417, 38.925, 37.852, 36.997, 36.496, 36.433, 36.584, 35.093], [34.652, 33.393, 31.942, 31.292, 30.496, 30.274, 29.583, 27.184, 25.64, 24.677, 22.554, 21.986, 20.432, 17.551, 15.391, 12.555, 10.063, 7.016, 0.0, 9.205, 14.51, 16.806, 19.953, 23.29, 25.074, 25.935, 26.392, 27.078, 28.838, 31.125, 32.813, 33.769, 34.672, 34.629, 34.483, 34.732, 34.095, 33.669, 33.686, 34.174, 34.596, 34.972, 35.412, 35.683, 35.413, 35.993, 35.873, 35.536, 36.078, 36.484, 36.954, 37.007, 37.748, 38.35, 38.276, 37.75, 37.519, 37.638, 37.992, 37.894, 37.871, 38.248, 37.262, 37.471, 38.372, 38.041, 37.162, 37.097, 39.089, 40.941, 41.169, 41.589, 42.487, 40.826, 39.717, 39.793, 38.801, 37.649, 36.028, 36.161, 36.644, 36.585, 38.826, 39.797, 38.14, 37.431, 38.741, 39.703, 39.915, 39.916, 39.518, 39.257, 38.719, 37.579, 36.717, 36.258, 36.198, 36.287, 35.216], [35.329, 34.153, 32.864, 32.32, 31.569, 31.338, 30.741, 28.444, 26.929, 26.179, 24.394, 23.908, 22.733, 20.681, 19.318, 17.429, 15.749, 14.095, 9.205, 0.0, 8.422, 12.796, 16.394, 19.931, 21.878, 23.154, 23.958, 24.93, 27.435, 30.117, 31.863, 32.955, 33.992, 34.025, 34.009, 34.307, 33.769, 33.464, 33.519, 34.183, 34.843, 35.272, 35.723, 36.022, 35.811, 36.387, 36.307, 35.995, 36.464, 36.822, 37.307, 37.387, 38.113, 38.689, 38.61, 38.083, 37.798, 37.896, 38.232, 38.12, 38.111, 38.453, 37.52, 37.838, 38.792, 38.504, 37.663, 37.717, 39.752, 41.632, 41.94, 42.41, 43.282, 41.636, 40.549, 40.646, 39.719, 38.584, 37.023, 37.174, 37.613, 37.499, 39.679, 40.532, 38.789, 38.002, 39.189, 40.044, 40.124, 40.021, 39.634, 39.41, 38.857, 37.723, 36.879, 36.469, 36.407, 36.431, 35.865], [35.097, 33.935, 32.782, 32.418, 31.748, 31.483, 30.887, 28.775, 27.401, 26.768, 25.393, 25.169, 24.232, 22.675, 21.775, 20.464, 19.367, 17.896, 14.51, 8.422, 0.0, 7.026, 12.501, 16.411, 18.502, 20.304, 21.559, 22.854, 25.979, 29.035, 30.803, 31.887, 33.008, 33.067, 33.093, 33.429, 32.902, 32.658, 32.826, 33.555, 34.451, 35.129, 35.604, 35.922, 35.687, 36.19, 36.08, 35.728, 36.199, 36.487, 36.947, 37.041, 37.787, 38.375, 38.278, 37.758, 37.527, 37.667, 37.996, 37.93, 38.001, 38.364, 37.46, 37.837, 38.787, 38.5, 37.658, 37.756, 39.892, 41.849, 42.188, 42.646, 43.536, 41.901, 40.844, 40.98, 39.997, 38.798, 37.212, 37.327, 37.711, 37.583, 39.786, 40.634, 38.859, 38.01, 39.135, 39.997, 40.081, 39.952, 39.547, 39.306, 38.748, 37.61, 36.737, 36.305, 36.223, 36.223, 35.591], [34.761, 33.677, 32.597, 32.342, 31.809, 31.542, 30.946, 28.996, 27.764, 27.227, 25.992, 25.884, 25.1, 23.768, 23.076, 21.955, 21.146, 19.809, 16.806, 12.796, 7.026, 0.0, 8.031, 13.622, 16.127, 18.265, 19.873, 21.378, 24.783, 28.05, 29.917, 31.072, 32.277, 32.352, 32.33, 32.65, 32.116, 31.866, 32.123, 32.939, 33.851, 34.677, 35.283, 35.635, 35.363, 35.838, 35.681, 35.296, 35.859, 36.142, 36.55, 36.627, 37.377, 37.968, 37.872, 37.363, 37.142, 37.306, 37.672, 37.614, 37.697, 38.119, 37.247, 37.656, 38.646, 38.381, 37.521, 37.567, 39.723, 41.705, 42.038, 42.472, 43.359, 41.725, 40.67, 40.809, 39.81, 38.602, 36.997, 37.102, 37.467, 37.353, 39.57, 40.403, 38.6, 37.708, 38.811, 39.675, 39.747, 39.617, 39.22, 38.979, 38.421, 37.268, 36.384, 35.944, 35.858, 35.844, 35.173], [35.175, 34.276, 33.366, 33.215, 32.881, 32.631, 32.047, 30.324, 29.251, 28.809, 27.745, 27.685, 26.997, 25.912, 25.346, 24.352, 23.741, 22.591, 19.953, 16.394, 12.501, 8.031, 0.0, 7.656, 11.762, 15.119, 17.563, 19.63, 23.621, 27.023, 28.96, 30.347, 31.706, 31.89, 31.987, 32.366, 31.964, 31.777, 32.111, 33.064, 34.043, 34.866, 35.53, 35.978, 35.814, 36.292, 36.127, 35.804, 36.392, 36.623, 36.991, 37.028, 37.703, 38.238, 38.112, 37.604, 37.385, 37.579, 37.938, 37.889, 37.991, 38.417, 37.556, 37.934, 38.9, 38.668, 37.883, 37.955, 40.007, 41.936, 42.285, 42.721, 43.57, 41.953, 40.93, 41.06, 40.091, 38.908, 37.359, 37.484, 37.865, 37.754, 39.88, 40.653, 38.887, 37.991, 38.988, 39.789, 39.843, 39.694, 39.35, 39.166, 38.629, 37.487, 36.621, 36.215, 36.124, 36.08, 35.528], [35.867, 35.03, 34.253, 34.225, 34.077, 33.891, 33.317, 31.82, 30.936, 30.575, 29.709, 29.741, 29.156, 28.312, 27.87, 26.992, 26.502, 25.509, 23.29, 19.931, 16.411, 13.622, 7.656, 0.0, 6.375, 12.131, 15.669, 18.265, 22.825, 26.403, 28.361, 29.915, 31.445, 31.753, 31.946, 32.356, 32.114, 32.04, 32.382, 33.367, 34.468, 35.327, 35.983, 36.51, 36.506, 37.005, 36.829, 36.538, 37.102, 37.306, 37.62, 37.592, 38.194, 38.672, 38.488, 38.0, 37.849, 38.069, 38.356, 38.343, 38.561, 38.973, 38.118, 38.475, 39.369, 39.161, 38.497, 38.638, 40.57, 42.44, 42.813, 43.248, 44.075, 42.507, 41.539, 41.672, 40.751, 39.572, 38.068, 38.208, 38.577, 38.444, 40.406, 41.112, 39.437, 38.585, 39.456, 40.189, 40.27, 40.137, 39.834, 39.691, 39.222, 38.157, 37.31, 36.938, 36.84, 36.753, 36.22], [36.164, 35.322, 34.599, 34.7, 34.731, 34.617, 34.054, 32.701, 31.931, 31.626, 30.832, 30.936, 30.474, 29.716, 29.299, 28.445, 27.966, 27.102, 25.074, 21.878, 18.502, 16.127, 11.762, 6.375, 0.0, 7.822, 12.933, 15.853, 20.907, 24.957, 27.126, 28.949, 30.706, 31.108, 31.391, 31.824, 31.61, 31.631, 31.986, 32.99, 34.239, 35.174, 35.844, 36.433, 36.542, 37.112, 36.935, 36.65, 37.258, 37.505, 37.809, 37.746, 38.34, 38.831, 38.632, 38.156, 38.022, 38.239, 38.524, 38.507, 38.755, 39.171, 38.304, 38.67, 39.56, 39.308, 38.646, 38.816, 40.725, 42.571, 42.937, 43.373, 44.204, 42.648, 41.679, 41.828, 40.989, 39.827, 38.356, 38.526, 38.866, 38.727, 40.663, 41.343, 39.657, 38.824, 39.694, 40.417, 40.487, 40.358, 40.079, 39.969, 39.536, 38.489, 37.608, 37.233, 37.135, 37.014, 36.504], [36.033, 35.15, 34.326, 34.439, 34.611, 34.592, 34.041, 32.805, 32.126, 31.902, 31.206, 31.415, 31.105, 30.428, 30.025, 29.115, 28.605, 27.853, 25.935, 23.154, 20.304, 18.265, 15.119, 12.131, 7.822, 0.0, 7.461, 12.382, 18.023, 22.261, 24.654, 26.881, 28.91, 29.388, 29.855, 30.392, 30.228, 30.368, 30.783, 31.902, 33.322, 34.368, 35.079, 35.767, 35.964, 36.625, 36.495, 36.262, 36.916, 37.181, 37.491, 37.429, 38.042, 38.588, 38.413, 37.922, 37.793, 38.031, 38.361, 38.326, 38.535, 38.998, 38.129, 38.501, 39.434, 39.115, 38.359, 38.528, 40.496, 42.372, 42.729, 43.184, 44.032, 42.437, 41.446, 41.597, 40.792, 39.651, 38.155, 38.325, 38.643, 38.48, 40.512, 41.242, 39.494, 38.665, 39.608, 40.353, 40.412, 40.29, 40.021, 39.891, 39.399, 38.291, 37.353, 36.945, 36.837, 36.698, 36.371], [35.679, 34.749, 33.787, 33.831, 33.981, 33.981, 33.44, 32.22, 31.578, 31.446, 30.954, 31.34, 31.16, 30.65, 30.34, 29.423, 28.924, 28.214, 26.392, 23.958, 21.559, 19.873, 17.563, 15.669, 12.933, 7.461, 0.0, 8.678, 16.026, 20.021, 22.158, 24.506, 26.718, 27.276, 27.927, 28.607, 28.513, 28.742, 29.246, 30.545, 32.138, 33.291, 34.029, 34.817, 35.117, 35.803, 35.733, 35.657, 36.332, 36.591, 36.984, 36.968, 37.608, 38.192, 38.025, 37.478, 37.34, 37.619, 37.992, 37.978, 38.163, 38.641, 37.774, 38.184, 39.165, 38.836, 38.029, 38.189, 40.251, 42.2, 42.58, 43.09, 43.97, 42.295, 41.292, 41.44, 40.575, 39.402, 37.827, 37.964, 38.289, 38.111, 40.243, 41.029, 39.207, 38.349, 39.34, 40.106, 40.169, 40.045, 39.751, 39.591, 39.047, 37.888, 36.921, 36.489, 36.363, 36.213, 36.036], [35.157, 34.123, 33.003, 33.042, 33.217, 33.212, 32.686, 31.631, 31.093, 31.017, 30.903, 31.599, 31.497, 31.081, 30.767, 29.852, 29.444, 28.799, 27.078, 24.93, 22.854, 21.378, 19.63, 18.265, 15.853, 12.382, 8.678, 0.0, 10.421, 16.661, 19.128, 21.727, 24.41, 25.111, 25.861, 26.57, 26.422, 26.663, 27.29, 28.832, 30.692, 32.001, 32.817, 33.753, 34.266, 35.07, 34.974, 34.939, 35.779, 36.059, 36.462, 36.467, 37.185, 37.828, 37.667, 37.133, 37.019, 37.295, 37.636, 37.641, 37.818, 38.25, 37.36, 37.845, 38.89, 38.547, 37.67, 37.794, 39.962, 42.043, 42.426, 42.929, 43.89, 42.17, 41.127, 41.327, 40.453, 39.238, 37.635, 37.842, 38.242, 38.072, 40.312, 41.144, 39.247, 38.356, 39.396, 40.193, 40.265, 40.122, 39.76, 39.554, 38.97, 37.749, 36.759, 36.295, 36.134, 35.937, 35.568], [35.212, 34.229, 33.113, 33.203, 33.455, 33.441, 32.954, 32.214, 31.928, 31.819, 31.826, 32.701, 32.671, 32.201, 31.849, 31.033, 30.734, 30.22, 28.838, 27.435, 25.979, 24.783, 23.621, 22.825, 20.907, 18.023, 16.026, 10.421, 0.0, 9.716, 14.585, 18.133, 21.427, 22.425, 23.389, 24.033, 23.957, 24.498, 25.289, 26.928, 28.972, 30.487, 31.41, 32.477, 33.227, 34.339, 34.375, 34.297, 35.36, 35.944, 36.438, 36.389, 37.111, 37.785, 37.635, 37.159, 37.091, 37.322, 37.583, 37.522, 37.668, 38.128, 37.228, 37.711, 38.821, 38.527, 37.62, 37.64, 39.759, 41.829, 42.19, 42.664, 43.631, 41.959, 40.928, 41.149, 40.42, 39.301, 37.69, 37.89, 38.306, 38.111, 40.353, 41.275, 39.474, 38.628, 39.655, 40.438, 40.51, 40.381, 40.04, 39.812, 39.237, 38.069, 37.131, 36.642, 36.443, 36.253, 35.647], [36.341, 35.517, 34.593, 34.701, 34.975, 34.96, 34.476, 33.832, 33.696, 33.574, 33.421, 34.201, 34.249, 33.829, 33.547, 32.88, 32.647, 32.243, 31.125, 30.117, 29.035, 28.05, 27.023, 26.403, 24.957, 22.261, 20.021, 16.661, 9.716, 0.0, 8.103, 14.412, 18.196, 19.461, 21.092, 21.882, 22.448, 23.597, 24.47, 26.088, 28.056, 29.608, 30.594, 31.652, 32.59, 34.006, 34.438, 34.596, 35.583, 36.573, 37.446, 37.379, 38.015, 38.649, 38.472, 37.966, 37.872, 38.115, 38.375, 38.165, 38.261, 38.803, 37.997, 38.476, 39.571, 39.372, 38.572, 38.546, 40.495, 42.397, 42.742, 43.207, 44.068, 42.48, 41.526, 41.73, 41.135, 40.076, 38.539, 38.655, 39.018, 38.802, 40.867, 41.826, 40.216, 39.442, 40.354, 41.027, 41.069, 40.969, 40.715, 40.524, 39.982, 38.929, 38.082, 37.611, 37.41, 37.21, 36.755], [36.84, 36.022, 35.104, 35.166, 35.434, 35.44, 34.982, 34.404, 34.288, 34.252, 34.372, 35.222, 35.306, 35.097, 34.909, 34.276, 34.111, 33.784, 32.813, 31.863, 30.803, 29.917, 28.96, 28.361, 27.126, 24.654, 22.158, 19.128, 14.585, 8.103, 0.0, 8.99, 14.242, 15.857, 18.291, 19.584, 20.746, 22.318, 23.436, 25.367, 27.47, 29.037, 30.045, 31.151, 32.291, 33.898, 34.592, 35.002, 35.892, 36.906, 37.991, 37.988, 38.63, 39.264, 39.087, 38.547, 38.442, 38.711, 38.971, 38.743, 38.874, 39.403, 38.669, 39.222, 40.272, 40.068, 39.312, 39.303, 41.245, 43.143, 43.523, 43.996, 44.84, 43.266, 42.343, 42.571, 41.907, 40.736, 39.196, 39.267, 39.62, 39.402, 41.341, 42.256, 40.674, 39.839, 40.6, 41.184, 41.226, 41.161, 40.945, 40.731, 40.147, 39.172, 38.405, 37.961, 37.758, 37.553, 37.261], [36.416, 35.52, 34.467, 34.479, 34.695, 34.705, 34.292, 33.844, 33.719, 33.787, 34.408, 35.487, 35.596, 35.608, 35.53, 34.918, 34.866, 34.596, 33.769, 32.955, 31.887, 31.072, 30.347, 29.915, 28.949, 26.881, 24.506, 21.727, 18.133, 14.412, 8.99, 0.0, 7.416, 10.896, 14.687, 16.848, 18.422, 20.132, 21.734, 24.214, 26.603, 28.315, 29.323, 30.514, 31.793, 33.432, 34.153, 34.639, 35.508, 36.41, 37.551, 37.611, 38.309, 38.992, 38.818, 38.238, 38.124, 38.395, 38.646, 38.501, 38.726, 39.24, 38.505, 39.104, 40.12, 39.84, 39.061, 39.076, 41.094, 43.106, 43.573, 44.064, 44.963, 43.365, 42.421, 42.637, 41.794, 40.496, 38.879, 38.93, 39.305, 39.097, 41.036, 41.939, 40.297, 39.374, 40.151, 40.804, 40.892, 40.845, 40.612, 40.352, 39.699, 38.702, 37.974, 37.548, 37.331, 37.153, 36.855], [36.594, 35.716, 34.699, 34.736, 34.928, 34.907, 34.538, 34.181, 34.068, 34.159, 34.869, 35.975, 36.099, 36.172, 36.15, 35.604, 35.609, 35.38, 34.672, 33.992, 33.008, 32.277, 31.706, 31.445, 30.706, 28.91, 26.718, 24.41, 21.427, 18.196, 14.242, 7.416, 0.0, 6.887, 13.349, 16.244, 18.092, 19.81, 21.639, 24.289, 26.642, 28.407, 29.444, 30.647, 31.967, 33.558, 34.292, 34.827, 35.633, 36.506, 37.701, 37.743, 38.427, 39.129, 38.95, 38.317, 38.191, 38.473, 38.739, 38.635, 38.877, 39.381, 38.681, 39.245, 40.189, 39.884, 39.136, 39.168, 41.14, 43.136, 43.619, 44.091, 44.971, 43.41, 42.481, 42.669, 41.779, 40.483, 38.89, 38.911, 39.292, 39.11, 40.983, 41.884, 40.297, 39.393, 40.216, 40.918, 41.043, 41.033, 40.819, 40.551, 39.867, 38.846, 38.14, 37.723, 37.508, 37.373, 37.019], [36.358, 35.457, 34.342, 34.327, 34.509, 34.471, 34.102, 33.768, 33.692, 33.81, 34.506, 35.628, 35.785, 35.937, 35.944, 35.437, 35.512, 35.303, 34.629, 34.025, 33.067, 32.352, 31.89, 31.753, 31.108, 29.388, 27.276, 25.111, 22.425, 19.461, 15.857, 10.896, 6.887, 0.0, 8.736, 12.971, 15.235, 17.177, 19.39, 22.436, 25.017, 26.918, 28.088, 29.45, 30.991, 32.725, 33.528, 34.169, 34.984, 35.87, 37.172, 37.252, 37.948, 38.676, 38.541, 37.924, 37.743, 38.004, 38.283, 38.174, 38.384, 38.879, 38.187, 38.788, 39.791, 39.514, 38.734, 38.725, 40.712, 42.726, 43.203, 43.652, 44.504, 42.939, 42.029, 42.235, 41.37, 40.116, 38.523, 38.552, 38.956, 38.819, 40.712, 41.603, 40.022, 39.118, 39.929, 40.632, 40.776, 40.775, 40.566, 40.274, 39.546, 38.512, 37.811, 37.369, 37.142, 37.034, 36.778], [36.22, 35.291, 34.038, 33.891, 34.044, 34.045, 33.679, 33.306, 33.253, 33.396, 34.058, 35.187, 35.383, 35.63, 35.691, 35.196, 35.33, 35.143, 34.483, 34.009, 33.093, 32.33, 31.987, 31.946, 31.391, 29.855, 27.927, 25.861, 23.389, 21.092, 18.291, 14.687, 13.349, 8.736, 0.0, 6.448, 10.574, 12.849, 15.452, 19.276, 22.358, 24.561, 25.938, 27.486, 29.314, 31.326, 32.229, 32.95, 33.862, 34.881, 36.308, 36.496, 37.299, 38.069, 38.008, 37.564, 37.425, 37.643, 37.923, 37.859, 38.086, 38.581, 37.842, 38.486, 39.572, 39.317, 38.492, 38.419, 40.438, 42.48, 42.944, 43.383, 44.239, 42.646, 41.721, 41.95, 41.155, 39.924, 38.302, 38.37, 38.764, 38.634, 40.591, 41.471, 39.86, 38.978, 39.809, 40.527, 40.695, 40.679, 40.436, 40.123, 39.375, 38.325, 37.624, 37.14, 36.907, 36.807, 36.629], [36.464, 35.577, 34.403, 34.263, 34.419, 34.436, 34.075, 33.665, 33.607, 33.751, 34.335, 35.399, 35.589, 35.822, 35.903, 35.443, 35.556, 35.366, 34.732, 34.307, 33.429, 32.65, 32.366, 32.356, 31.824, 30.392, 28.607, 26.57, 24.033, 21.882, 19.584, 16.848, 16.244, 12.971, 6.448, 0.0, 6.581, 10.119, 12.552, 16.497, 19.98, 22.578, 24.162, 25.849, 27.926, 30.175, 31.19, 31.982, 33.025, 34.261, 35.827, 36.107, 36.997, 37.803, 37.784, 37.454, 37.426, 37.674, 37.95, 37.903, 38.178, 38.707, 37.962, 38.591, 39.697, 39.469, 38.642, 38.534, 40.522, 42.547, 42.997, 43.431, 44.281, 42.684, 41.775, 42.009, 41.273, 40.099, 38.519, 38.607, 38.984, 38.841, 40.765, 41.616, 40.021, 39.194, 40.062, 40.791, 40.984, 40.983, 40.725, 40.412, 39.696, 38.677, 38.005, 37.506, 37.275, 37.18, 36.846], [35.764, 34.831, 33.595, 33.489, 33.676, 33.692, 33.295, 32.851, 32.778, 32.94, 33.598, 34.747, 34.953, 35.168, 35.222, 34.774, 34.923, 34.701, 34.095, 33.769, 32.902, 32.116, 31.964, 32.114, 31.61, 30.228, 28.513, 26.422, 23.957, 22.448, 20.746, 18.422, 18.092, 15.235, 10.574, 6.581, 0.0, 5.495, 9.31, 13.439, 17.309, 20.338, 22.04, 23.858, 26.081, 28.504, 29.509, 30.326, 31.557, 32.856, 34.519, 34.902, 35.876, 36.743, 36.764, 36.405, 36.437, 36.872, 37.276, 37.262, 37.543, 38.094, 37.322, 37.983, 39.159, 38.939, 38.072, 37.916, 39.997, 42.13, 42.58, 43.042, 43.935, 42.263, 41.342, 41.563, 40.742, 39.573, 37.951, 38.077, 38.482, 38.338, 40.382, 41.254, 39.559, 38.716, 39.703, 40.511, 40.732, 40.75, 40.473, 40.17, 39.464, 38.385, 37.682, 37.148, 36.896, 36.821, 36.146], [35.203, 34.216, 32.879, 32.762, 32.963, 33.001, 32.594, 32.154, 32.084, 32.26, 33.025, 34.259, 34.464, 34.708, 34.751, 34.278, 34.487, 34.271, 33.669, 33.464, 32.658, 31.866, 31.777, 32.04, 31.631, 30.368, 28.742, 26.663, 24.498, 23.597, 22.318, 20.132, 19.81, 17.177, 12.849, 10.119, 5.495, 0.0, 6.217, 11.743, 15.804, 18.986, 20.792, 22.677, 25.014, 27.529, 28.455, 29.257, 30.635, 31.928, 33.591, 34.004, 35.028, 35.946, 36.03, 35.705, 35.732, 36.264, 36.852, 36.936, 37.185, 37.708, 36.902, 37.596, 38.816, 38.587, 37.685, 37.488, 39.661, 41.877, 42.318, 42.789, 43.726, 41.99, 41.031, 41.24, 40.322, 39.143, 37.481, 37.661, 38.105, 37.951, 40.118, 41.029, 39.241, 38.363, 39.443, 40.33, 40.579, 40.604, 40.312, 40.01, 39.269, 38.104, 37.36, 36.8, 36.529, 36.463, 35.58], [35.198, 34.247, 32.976, 32.848, 33.024, 33.062, 32.643, 32.192, 32.127, 32.297, 33.028, 34.232, 34.428, 34.666, 34.722, 34.252, 34.452, 34.259, 33.686, 33.519, 32.826, 32.123, 32.111, 32.382, 31.986, 30.783, 29.246, 27.29, 25.289, 24.47, 23.436, 21.734, 21.639, 19.39, 15.452, 12.552, 9.31, 6.217, 0.0, 7.369, 12.756, 16.312, 18.359, 20.448, 23.203, 26.085, 27.061, 27.956, 29.551, 30.987, 32.699, 33.159, 34.256, 35.223, 35.391, 35.229, 35.357, 35.887, 36.565, 36.782, 37.117, 37.666, 36.838, 37.516, 38.736, 38.49, 37.568, 37.388, 39.593, 41.789, 42.23, 42.695, 43.623, 41.894, 40.937, 41.139, 40.241, 39.098, 37.45, 37.627, 38.09, 37.936, 40.107, 41.048, 39.265, 38.377, 39.486, 40.394, 40.656, 40.693, 40.403, 40.125, 39.398, 38.23, 37.494, 36.936, 36.683, 36.624, 35.55], [35.351, 34.533, 33.562, 33.509, 33.654, 33.688, 33.265, 32.827, 32.779, 32.924, 33.457, 34.484, 34.661, 34.871, 34.934, 34.527, 34.715, 34.55, 34.174, 34.183, 33.555, 32.939, 33.064, 33.367, 32.99, 31.902, 30.545, 28.832, 26.928, 26.088, 25.367, 24.214, 24.289, 22.436, 19.276, 16.497, 13.439, 11.743, 7.369, 0.0, 7.555, 12.727, 15.135, 17.372, 20.838, 24.281, 25.308, 26.287, 28.241, 29.992, 31.83, 32.379, 33.544, 34.553, 34.795, 34.731, 34.996, 35.57, 36.261, 36.644, 37.247, 37.917, 37.071, 37.672, 38.811, 38.496, 37.546, 37.367, 39.499, 41.556, 41.964, 42.43, 43.314, 41.651, 40.763, 40.921, 40.088, 39.065, 37.511, 37.655, 38.098, 37.978, 40.055, 41.026, 39.341, 38.488, 39.613, 40.541, 40.854, 40.96, 40.714, 40.481, 39.832, 38.727, 38.018, 37.475, 37.254, 37.232, 35.646], [35.644, 34.929, 34.155, 34.143, 34.309, 34.367, 33.959, 33.493, 33.42, 33.541, 33.903, 34.75, 34.888, 35.065, 35.124, 34.764, 34.975, 34.848, 34.596, 34.843, 34.451, 33.851, 34.043, 34.468, 34.239, 33.322, 32.138, 30.692, 28.972, 28.056, 27.47, 26.603, 26.642, 25.017, 22.358, 19.98, 17.309, 15.804, 12.756, 7.555, 0.0, 7.433, 11.404, 13.462, 17.767, 22.215, 23.533, 24.661, 27.074, 29.388, 31.513, 32.181, 33.369, 34.364, 34.634, 34.56, 34.835, 35.463, 36.235, 36.667, 37.422, 38.237, 37.444, 38.024, 39.112, 38.767, 37.793, 37.57, 39.624, 41.513, 41.863, 42.377, 43.218, 41.591, 40.758, 40.868, 40.068, 39.159, 37.72, 37.847, 38.268, 38.15, 40.096, 41.066, 39.46, 38.628, 39.733, 40.677, 41.032, 41.181, 40.957, 40.743, 40.137, 39.075, 38.372, 37.826, 37.625, 37.627, 35.838], [36.138, 35.458, 34.689, 34.663, 34.853, 34.91, 34.5, 34.01, 33.931, 34.047, 34.372, 35.166, 35.277, 35.413, 35.464, 35.111, 35.317, 35.212, 34.972, 35.272, 35.129, 34.677, 34.866, 35.327, 35.174, 34.368, 33.291, 32.001, 30.487, 29.608, 29.037, 28.315, 28.407, 26.918, 24.561, 22.578, 20.338, 18.986, 16.312, 12.727, 7.433, 0.0, 6.182, 9.285, 14.678, 20.176, 22.008, 23.476, 26.135, 28.918, 31.348, 32.121, 33.339, 34.323, 34.615, 34.543, 34.806, 35.466, 36.308, 36.729, 37.49, 38.374, 37.7, 38.334, 39.411, 39.125, 38.194, 37.947, 39.953, 41.773, 42.094, 42.629, 43.444, 41.839, 41.05, 41.173, 40.419, 39.54, 38.162, 38.296, 38.705, 38.586, 40.441, 41.358, 39.782, 38.925, 39.951, 40.872, 41.214, 41.368, 41.165, 40.966, 40.394, 39.364, 38.672, 38.124, 37.934, 37.926, 36.28], [36.549, 35.892, 35.142, 35.098, 35.276, 35.327, 34.909, 34.432, 34.366, 34.48, 34.789, 35.561, 35.657, 35.782, 35.86, 35.523, 35.713, 35.612, 35.412, 35.723, 35.604, 35.283, 35.53, 35.983, 35.844, 35.079, 34.029, 32.817, 31.41, 30.594, 30.045, 29.323, 29.444, 28.088, 25.938, 24.162, 22.04, 20.792, 18.359, 15.135, 11.404, 6.182, 0.0, 5.984, 13.303, 19.268, 21.418, 23.134, 25.805, 28.768, 31.362, 32.211, 33.462, 34.455, 34.761, 34.683, 34.977, 35.678, 36.533, 36.957, 37.706, 38.58, 38.0, 38.679, 39.708, 39.444, 38.545, 38.304, 40.258, 42.031, 42.348, 42.874, 43.663, 42.091, 41.32, 41.434, 40.675, 39.783, 38.422, 38.578, 38.986, 38.893, 40.743, 41.639, 40.082, 39.23, 40.232, 41.14, 41.476, 41.659, 41.478, 41.295, 40.775, 39.78, 39.095, 38.553, 38.374, 38.376, 36.732], [36.833, 36.194, 35.499, 35.46, 35.635, 35.7, 35.306, 34.829, 34.748, 34.85, 35.1, 35.822, 35.927, 36.048, 36.112, 35.781, 35.969, 35.862, 35.683, 36.022, 35.922, 35.635, 35.978, 36.51, 36.433, 35.767, 34.817, 33.753, 32.477, 31.652, 31.151, 30.514, 30.647, 29.45, 27.486, 25.849, 23.858, 22.677, 20.448, 17.372, 13.462, 9.285, 5.984, 0.0, 9.682, 17.27, 19.931, 21.83, 24.777, 28.116, 30.938, 31.908, 33.193, 34.173, 34.515, 34.494, 34.837, 35.585, 36.494, 36.954, 37.773, 38.694, 38.16, 38.832, 39.856, 39.633, 38.754, 38.494, 40.38, 42.088, 42.418, 42.956, 43.719, 42.195, 41.461, 41.533, 40.747, 39.876, 38.553, 38.681, 39.071, 38.991, 40.79, 41.685, 40.187, 39.38, 40.393, 41.276, 41.614, 41.827, 41.663, 41.495, 41.02, 40.072, 39.411, 38.89, 38.724, 38.73, 36.999], [36.646, 35.971, 35.242, 35.211, 35.366, 35.486, 35.121, 34.599, 34.521, 34.645, 34.903, 35.64, 35.725, 35.798, 35.837, 35.498, 35.699, 35.571, 35.413, 35.811, 35.687, 35.363, 35.814, 36.506, 36.542, 35.964, 35.117, 34.266, 33.227, 32.59, 32.291, 31.793, 31.967, 30.991, 29.314, 27.926, 26.081, 25.014, 23.203, 20.838, 17.767, 14.678, 13.303, 9.682, 0.0, 10.017, 14.32, 16.57, 20.131, 24.508, 27.959, 29.244, 30.688, 31.771, 32.25, 32.354, 32.866, 33.808, 34.918, 35.524, 36.479, 37.624, 37.32, 38.068, 39.15, 39.152, 38.436, 38.141, 40.063, 41.863, 42.261, 42.823, 43.6, 42.078, 41.359, 41.395, 40.523, 39.665, 38.361, 38.485, 38.897, 38.844, 40.675, 41.605, 40.096, 39.301, 40.383, 41.265, 41.597, 41.812, 41.581, 41.35, 40.859, 39.902, 39.28, 38.774, 38.595, 38.614, 36.826], [36.81, 36.21, 35.51, 35.456, 35.582, 35.758, 35.447, 34.959, 34.925, 35.088, 35.338, 36.046, 36.115, 36.195, 36.264, 35.982, 36.217, 36.098, 35.993, 36.387, 36.19, 35.838, 36.292, 37.005, 37.112, 36.625, 35.803, 35.07, 34.339, 34.006, 33.898, 33.432, 33.558, 32.725, 31.326, 30.175, 28.504, 27.529, 26.085, 24.281, 22.215, 20.176, 19.268, 17.27, 10.017, 0.0, 7.145, 11.351, 14.822, 19.981, 24.282, 25.908, 27.516, 28.792, 29.435, 29.729, 30.478, 31.647, 32.991, 33.814, 34.891, 36.225, 36.246, 37.147, 38.252, 38.627, 38.304, 38.063, 39.888, 41.804, 42.327, 42.891, 43.639, 42.117, 41.409, 41.397, 40.475, 39.678, 38.444, 38.59, 39.029, 38.984, 40.693, 41.582, 40.148, 39.396, 40.422, 41.251, 41.575, 41.777, 41.495, 41.19, 40.677, 39.751, 39.191, 38.706, 38.518, 38.552, 37.024], [36.269, 35.744, 35.069, 34.989, 35.106, 35.285, 34.984, 34.571, 34.59, 34.776, 35.059, 35.82, 35.926, 36.038, 36.107, 35.815, 36.084, 35.967, 35.873, 36.307, 36.08, 35.681, 36.127, 36.829, 36.935, 36.495, 35.733, 34.974, 34.375, 34.438, 34.592, 34.153, 34.292, 33.528, 32.229, 31.19, 29.509, 28.455, 27.061, 25.308, 23.533, 22.008, 21.418, 19.931, 14.32, 7.145, 0.0, 7.529, 13.218, 17.852, 21.806, 23.586, 25.306, 26.713, 27.552, 28.136, 29.074, 30.318, 31.848, 32.845, 33.979, 35.354, 35.359, 36.261, 37.41, 37.875, 37.693, 37.562, 39.411, 41.351, 41.931, 42.506, 43.259, 41.698, 40.984, 40.919, 39.925, 39.191, 37.942, 38.082, 38.513, 38.437, 40.132, 40.997, 39.563, 38.827, 39.843, 40.655, 40.964, 41.166, 40.922, 40.659, 40.165, 39.235, 38.692, 38.201, 37.992, 38.012, 36.489], [35.899, 35.34, 34.63, 34.593, 34.736, 34.9, 34.579, 34.221, 34.283, 34.454, 34.757, 35.563, 35.654, 35.742, 35.796, 35.483, 35.757, 35.635, 35.536, 35.995, 35.728, 35.296, 35.804, 36.538, 36.65, 36.262, 35.657, 34.939, 34.297, 34.596, 35.002, 34.639, 34.827, 34.169, 32.95, 31.982, 30.326, 29.257, 27.956, 26.287, 24.661, 23.476, 23.134, 21.83, 16.57, 11.351, 7.529, 0.0, 9.839, 16.492, 19.99, 21.699, 23.719, 25.324, 26.296, 27.01, 28.027, 29.318, 31.041, 32.174, 33.383, 34.825, 34.789, 35.715, 36.971, 37.482, 37.24, 37.149, 39.236, 41.257, 41.79, 42.359, 43.113, 41.496, 40.746, 40.676, 39.683, 39.003, 37.771, 37.935, 38.382, 38.309, 40.06, 40.973, 39.512, 38.762, 39.779, 40.569, 40.863, 41.035, 40.734, 40.423, 39.939, 39.01, 38.437, 37.923, 37.709, 37.731, 36.132], [36.42, 35.876, 35.154, 35.154, 35.259, 35.404, 35.123, 34.811, 34.902, 35.086, 35.379, 36.16, 36.222, 36.275, 36.363, 36.089, 36.312, 36.181, 36.078, 36.464, 36.199, 35.859, 36.392, 37.102, 37.258, 36.916, 36.332, 35.779, 35.36, 35.583, 35.892, 35.508, 35.633, 34.984, 33.862, 33.025, 31.557, 30.635, 29.551, 28.241, 27.074, 26.135, 25.805, 24.777, 20.131, 14.822, 13.218, 9.839, 0.0, 10.829, 17.015, 18.938, 21.156, 23.054, 24.081, 25.047, 26.351, 27.877, 29.684, 30.91, 32.268, 33.757, 34.019, 35.256, 36.617, 37.439, 37.457, 37.382, 39.5, 41.751, 42.403, 42.946, 43.654, 42.013, 41.226, 41.197, 40.22, 39.474, 38.294, 38.489, 38.958, 38.834, 40.474, 41.385, 39.994, 39.275, 40.241, 41.006, 41.303, 41.482, 41.158, 40.82, 40.362, 39.445, 38.848, 38.36, 38.155, 38.179, 36.691], [36.309, 35.841, 35.098, 35.108, 35.17, 35.28, 35.064, 34.864, 34.99, 35.193, 35.612, 36.463, 36.55, 36.688, 36.805, 36.491, 36.718, 36.586, 36.484, 36.822, 36.487, 36.142, 36.623, 37.306, 37.505, 37.181, 36.591, 36.059, 35.944, 36.573, 36.906, 36.41, 36.506, 35.87, 34.881, 34.261, 32.856, 31.928, 30.987, 29.992, 29.388, 28.918, 28.768, 28.116, 24.508, 19.981, 17.852, 16.492, 10.829, 0.0, 9.806, 13.765, 16.139, 18.197, 19.637, 21.693, 23.752, 25.493, 27.335, 28.931, 30.594, 32.082, 32.593, 34.085, 35.528, 36.621, 37.007, 37.074, 39.098, 41.43, 42.326, 42.909, 43.595, 41.982, 41.215, 41.168, 40.103, 39.283, 38.053, 38.319, 38.836, 38.692, 40.317, 41.159, 39.76, 39.056, 40.029, 40.812, 41.093, 41.257, 40.96, 40.689, 40.273, 39.356, 38.764, 38.269, 38.053, 38.05, 36.642], [36.287, 35.883, 35.195, 35.244, 35.362, 35.466, 35.269, 35.17, 35.36, 35.526, 35.912, 36.752, 36.852, 37.069, 37.194, 36.861, 37.123, 37.025, 36.954, 37.307, 36.947, 36.55, 36.991, 37.62, 37.809, 37.491, 36.984, 36.462, 36.438, 37.446, 37.991, 37.551, 37.701, 37.172, 36.308, 35.827, 34.519, 33.591, 32.699, 31.83, 31.513, 31.348, 31.362, 30.938, 27.959, 24.282, 21.806, 19.99, 17.015, 9.806, 0.0, 7.527, 11.695, 13.856, 16.161, 19.793, 22.555, 24.41, 26.431, 28.422, 30.375, 31.934, 32.458, 33.866, 35.268, 36.405, 36.92, 37.039, 38.87, 41.048, 42.094, 42.774, 43.4, 41.844, 41.19, 41.137, 40.085, 39.297, 38.094, 38.424, 38.934, 38.794, 40.364, 41.154, 39.804, 39.122, 40.045, 40.798, 41.048, 41.181, 40.917, 40.687, 40.314, 39.473, 38.904, 38.375, 38.155, 38.137, 36.629], [36.137, 35.77, 35.175, 35.235, 35.382, 35.518, 35.333, 35.25, 35.463, 35.613, 35.945, 36.753, 36.857, 37.088, 37.205, 36.883, 37.161, 37.068, 37.007, 37.387, 37.041, 36.627, 37.028, 37.592, 37.746, 37.429, 36.968, 36.467, 36.389, 37.379, 37.988, 37