[[0.0, 4.447, 11.559, 17.864, 20.51, 22.153, 24.006, 26.046, 28.085, 29.665, 30.728, 32.056, 34.144, 35.561, 35.583, 35.466, 35.597, 35.611, 35.587, 36.261, 37.67, 38.899, 39.189, 38.761, 38.577, 38.966, 39.433, 39.826, 40.004, 39.691, 38.829, 38.253, 38.496, 38.66, 38.262, 37.682, 37.648, 37.751, 37.801, 37.942, 37.946, 37.844, 37.923, 37.988, 37.748, 37.498, 37.493, 37.592, 37.878, 38.091, 38.121, 37.985, 37.732, 37.677, 37.94, 38.172, 38.196, 38.118, 38.636, 39.358, 39.758, 39.795, 39.512, 39.317, 39.798, 40.174, 40.004, 39.856, 39.764, 39.65, 39.625, 39.579, 39.5, 39.556, 39.386, 38.858, 38.521, 38.416, 38.048, 37.709, 37.604, 37.52, 37.347, 37.251, 37.236, 37.101, 36.982, 36.677, 36.152, 36.415, 37.008, 37.16, 37.232, 37.438, 37.547, 37.349, 37.225, 37.471, 37.714, 37.43, 37.025, 37.021, 37.031, 36.951, 37.128, 37.578, 37.916, 38.301, 38.647, 38.434, 38.011, 37.569, 37.38, 37.327, 37.377, 37.818, 38.356, 38.91, 39.35, 39.852, 40.778, 41.507, 41.356, 40.837, 40.689, 41.302, 42.217, 42.828, 42.922, 42.689, 42.107, 41.178, 40.3, 39.747, 39.126, 38.888, 39.946, 40.907, 41.175, 41.935, 43.616, 45.039, 45.67, 46.23, 46.419, 5.009], [4.447, 0.0, 8.154, 15.279, 18.223, 19.963, 22.034, 24.293, 26.488, 28.196, 29.363, 30.79, 33.017, 34.601, 34.78, 34.794, 34.983, 35.001, 34.98, 35.689, 37.154, 38.436, 38.755, 38.32, 38.135, 38.605, 39.164, 39.599, 39.787, 39.452, 38.576, 38.018, 38.285, 38.464, 38.085, 37.516, 37.488, 37.608, 37.669, 37.814, 37.823, 37.73, 37.815, 37.878, 37.638, 37.402, 37.418, 37.518, 37.805, 38.031, 38.065, 37.92, 37.665, 37.622, 37.902, 38.145, 38.159, 38.05, 38.535, 39.22, 39.593, 39.604, 39.311, 39.117, 39.607, 39.982, 39.809, 39.667, 39.567, 39.442, 39.42, 39.386, 39.315, 39.381, 39.217, 38.694, 38.356, 38.239, 37.861, 37.52, 37.418, 37.336, 37.155, 37.048, 37.046, 36.932, 36.805, 36.475, 35.956, 36.258, 36.872, 37.02, 37.097, 37.317, 37.434, 37.231, 37.11, 37.375, 37.623, 37.34, 36.947, 36.955, 36.972, 36.897, 37.073, 37.516, 37.853, 38.24, 38.585, 38.35, 37.898, 37.441, 37.248, 37.185, 37.239, 37.71, 38.27, 38.831, 39.283, 39.795, 40.727, 41.455, 41.303, 40.78, 40.622, 41.227, 42.132, 42.733, 42.816, 42.585, 42.009, 41.081, 40.203, 39.631, 38.988, 38.756, 39.85, 40.828, 41.078, 41.829, 43.532, 44.968, 45.599, 46.159, 46.35, 7.997], [11.559, 8.154, 0.0, 8.311, 12.511, 15.389, 18.571, 21.61, 24.143, 26.035, 27.392, 29.003, 31.528, 33.575, 34.296, 34.758, 35.125, 35.141, 35.154, 35.965, 37.482, 38.826, 39.232, 38.884, 38.78, 39.342, 39.916, 40.3, 40.412, 40.035, 39.218, 38.744, 38.976, 39.135, 38.831, 38.367, 38.387, 38.533, 38.596, 38.729, 38.754, 38.674, 38.737, 38.793, 38.599, 38.423, 38.458, 38.539, 38.808, 39.043, 39.075, 38.91, 38.675, 38.708, 39.059, 39.303, 39.289, 39.197, 39.665, 40.193, 40.421, 40.4, 40.107, 39.885, 40.355, 40.729, 40.55, 40.396, 40.289, 40.154, 40.13, 40.115, 40.083, 40.188, 40.061, 39.592, 39.299, 39.206, 38.864, 38.567, 38.492, 38.428, 38.222, 38.067, 38.077, 37.957, 37.733, 37.372, 36.984, 37.351, 37.922, 38.034, 38.093, 38.295, 38.408, 38.23, 38.142, 38.402, 38.627, 38.373, 38.052, 38.082, 38.096, 38.044, 38.266, 38.736, 39.069, 39.421, 39.735, 39.513, 39.117, 38.713, 38.533, 38.422, 38.368, 38.742, 39.273, 39.819, 40.254, 40.76, 41.659, 42.338, 42.19, 41.709, 41.563, 42.113, 42.929, 43.469, 43.522, 43.301, 42.764, 41.901, 41.109, 40.585, 39.977, 39.795, 40.887, 41.82, 42.017, 42.692, 44.322, 45.703, 46.295, 46.805, 46.985, 13.796], [17.864, 15.279, 8.311, 0.0, 5.933, 11.305, 16.281, 20.237, 23.06, 25.043, 26.518, 28.215, 30.92, 33.395, 34.693, 35.624, 36.186, 36.236, 36.309, 37.155, 38.571, 39.872, 40.367, 40.18, 40.224, 40.905, 41.482, 41.718, 41.648, 41.232, 40.534, 40.125, 40.275, 40.418, 40.223, 39.919, 40.043, 40.254, 40.333, 40.443, 40.48, 40.416, 40.433, 40.454, 40.319, 40.238, 40.298, 40.357, 40.577, 40.786, 40.815, 40.666, 40.485, 40.603, 41.002, 41.221, 41.202, 41.193, 41.667, 42.025, 42.097, 42.072, 41.808, 41.565, 41.988, 42.341, 42.152, 41.961, 41.848, 41.728, 41.715, 41.718, 41.719, 41.862, 41.791, 41.405, 41.173, 41.115, 40.822, 40.58, 40.545, 40.508, 40.311, 40.15, 40.166, 39.971, 39.575, 39.194, 39.012, 39.414, 39.848, 39.911, 39.964, 40.129, 40.218, 40.089, 40.042, 40.261, 40.449, 40.253, 40.04, 40.084, 40.074, 40.031, 40.297, 40.805, 41.124, 41.407, 41.671, 41.514, 41.237, 40.939, 40.803, 40.65, 40.466, 40.693, 41.139, 41.615, 41.986, 42.45, 43.269, 43.869, 43.729, 43.303, 43.181, 43.668, 44.356, 44.798, 44.811, 44.619, 44.149, 43.382, 42.717, 42.3, 41.78, 41.672, 42.717, 43.558, 43.689, 44.26, 45.736, 46.992, 47.502, 47.923, 48.073, 19.712], [20.51, 18.223, 12.511, 5.933, 0.0, 7.038, 13.563, 18.446, 21.626, 23.77, 25.356, 27.105, 29.925, 32.666, 34.312, 35.537, 36.236, 36.335, 36.466, 37.34, 38.685, 39.925, 40.411, 40.292, 40.437, 41.226, 41.863, 42.047, 41.874, 41.428, 40.811, 40.499, 40.697, 40.878, 40.738, 40.496, 40.663, 40.917, 41.009, 41.103, 41.139, 41.091, 41.1, 41.096, 40.975, 40.944, 41.048, 41.127, 41.332, 41.524, 41.547, 41.403, 41.238, 41.375, 41.786, 41.996, 41.976, 41.973, 42.409, 42.716, 42.775, 42.745, 42.484, 42.255, 42.663, 42.979, 42.753, 42.532, 42.413, 42.301, 42.283, 42.266, 42.254, 42.405, 42.368, 42.037, 41.844, 41.797, 41.52, 41.298, 41.274, 41.254, 41.091, 40.953, 40.961, 40.721, 40.255, 39.887, 39.831, 40.248, 40.617, 40.686, 40.756, 40.895, 40.978, 40.891, 40.88, 41.092, 41.264, 41.095, 40.929, 40.974, 40.944, 40.905, 41.181, 41.693, 41.998, 42.238, 42.483, 42.353, 42.117, 41.875, 41.757, 41.567, 41.335, 41.509, 41.894, 42.302, 42.611, 43.033, 43.812, 44.384, 44.252, 43.85, 43.736, 44.191, 44.806, 45.185, 45.183, 45.017, 44.581, 43.859, 43.25, 42.905, 42.443, 42.36, 43.373, 44.171, 44.274, 44.798, 46.206, 47.398, 47.862, 48.243, 48.379, 22.338], [22.153, 19.963, 15.389, 11.305, 7.038, 0.0, 7.743, 14.04, 18.055, 20.62, 22.442, 24.349, 27.383, 30.383, 32.286, 33.767, 34.597, 34.725, 34.901, 35.886, 37.297, 38.549, 39.005, 38.878, 39.076, 39.981, 40.749, 41.004, 40.854, 40.397, 39.829, 39.691, 40.111, 40.417, 40.299, 40.023, 40.172, 40.447, 40.544, 40.629, 40.657, 40.626, 40.665, 40.656, 40.513, 40.488, 40.65, 40.779, 40.997, 41.189, 41.194, 41.019, 40.83, 40.956, 41.361, 41.567, 41.538, 41.493, 41.863, 42.199, 42.344, 42.282, 41.969, 41.753, 42.164, 42.433, 42.16, 41.916, 41.793, 41.69, 41.669, 41.612, 41.558, 41.701, 41.678, 41.372, 41.193, 41.14, 40.856, 40.629, 40.585, 40.556, 40.431, 40.329, 40.332, 40.136, 39.78, 39.515, 39.493, 39.9, 40.294, 40.41, 40.494, 40.619, 40.698, 40.622, 40.63, 40.854, 41.025, 40.854, 40.686, 40.738, 40.707, 40.656, 40.893, 41.386, 41.685, 41.918, 42.158, 41.99, 41.703, 41.457, 41.331, 41.115, 40.898, 41.095, 41.477, 41.862, 42.145, 42.556, 43.345, 43.94, 43.827, 43.426, 43.302, 43.765, 44.383, 44.753, 44.754, 44.589, 44.145, 43.402, 42.759, 42.424, 41.986, 41.893, 42.904, 43.714, 43.831, 44.37, 45.785, 46.962, 47.396, 47.763, 47.89, 23.913], [24.006, 22.034, 18.571, 16.281, 13.563, 7.743, 0.0, 7.556, 13.017, 16.515, 18.73, 20.881, 24.231, 27.495, 29.594, 31.292, 32.234, 32.357, 32.552, 33.717, 35.313, 36.65, 37.122, 36.997, 37.248, 38.272, 39.181, 39.542, 39.467, 39.002, 38.427, 38.438, 39.122, 39.603, 39.514, 39.181, 39.302, 39.592, 39.692, 39.771, 39.795, 39.783, 39.855, 39.837, 39.645, 39.621, 39.852, 40.023, 40.261, 40.458, 40.443, 40.235, 40.016, 40.104, 40.462, 40.66, 40.64, 40.559, 40.871, 41.274, 41.52, 41.419, 41.043, 40.845, 41.27, 41.516, 41.237, 41.0, 40.879, 40.798, 40.788, 40.694, 40.593, 40.714, 40.686, 40.373, 40.188, 40.115, 39.815, 39.578, 39.491, 39.422, 39.324, 39.27, 39.275, 39.146, 38.997, 38.902, 38.857, 39.211, 39.628, 39.774, 39.859, 39.964, 40.03, 39.959, 39.964, 40.184, 40.358, 40.178, 39.997, 40.07, 40.059, 39.979, 40.156, 40.604, 40.883, 41.119, 41.366, 41.155, 40.829, 40.59, 40.478, 40.273, 40.068, 40.275, 40.661, 41.039, 41.313, 41.72, 42.521, 43.149, 43.066, 42.672, 42.537, 43.015, 43.665, 44.059, 44.064, 43.883, 43.413, 42.631, 41.93, 41.585, 41.168, 41.061, 42.067, 42.899, 43.046, 43.613, 45.038, 46.21, 46.626, 46.984, 47.105, 25.619], [26.046, 24.293, 21.61, 20.237, 18.446, 14.04, 7.556, 0.0, 6.869, 11.981, 15.06, 17.516, 21.185, 24.857, 27.322, 29.313, 30.375, 30.482, 30.667, 31.976, 33.745, 35.179, 35.725, 35.681, 36.019, 37.151, 38.193, 38.637, 38.621, 38.142, 37.567, 37.681, 38.536, 39.145, 39.105, 38.776, 38.898, 39.197, 39.299, 39.369, 39.389, 39.38, 39.456, 39.418, 39.199, 39.205, 39.496, 39.684, 39.935, 40.138, 40.101, 39.87, 39.637, 39.695, 39.998, 40.176, 40.159, 40.049, 40.3, 40.725, 41.045, 40.943, 40.547, 40.373, 40.815, 41.064, 40.812, 40.575, 40.437, 40.362, 40.354, 40.232, 40.103, 40.207, 40.175, 39.869, 39.689, 39.598, 39.274, 39.038, 38.93, 38.842, 38.771, 38.763, 38.763, 38.651, 38.644, 38.704, 38.68, 38.987, 39.375, 39.514, 39.586, 39.666, 39.714, 39.656, 39.645, 39.831, 39.994, 39.808, 39.619, 39.699, 39.692, 39.608, 39.768, 40.18, 40.431, 40.67, 40.928, 40.717, 40.417, 40.232, 40.167, 39.979, 39.73, 39.905, 40.281, 40.636, 40.898, 41.291, 42.076, 42.711, 42.656, 42.28, 42.137, 42.6, 43.248, 43.649, 43.655, 43.477, 43.011, 42.228, 41.507, 41.165, 40.786, 40.681, 41.655, 42.476, 42.636, 43.192, 44.565, 45.705, 46.095, 46.443, 46.566, 27.526], [28.085, 26.488, 24.143, 23.06, 21.626, 18.055, 13.017, 6.869, 0.0, 6.481, 10.921, 13.993, 18.09, 22.482, 25.734, 28.301, 29.58, 29.708, 29.915, 31.322, 33.159, 34.608, 35.229, 35.355, 35.872, 37.153, 38.316, 38.757, 38.699, 38.202, 37.698, 37.866, 38.742, 39.405, 39.454, 39.212, 39.365, 39.68, 39.797, 39.863, 39.877, 39.848, 39.889, 39.834, 39.64, 39.708, 40.038, 40.215, 40.454, 40.647, 40.581, 40.327, 40.111, 40.206, 40.505, 40.645, 40.605, 40.501, 40.705, 41.082, 41.421, 41.339, 40.952, 40.789, 41.223, 41.457, 41.192, 40.906, 40.724, 40.633, 40.612, 40.471, 40.336, 40.442, 40.43, 40.17, 40.026, 39.944, 39.629, 39.419, 39.33, 39.273, 39.255, 39.276, 39.255, 39.117, 39.134, 39.28, 39.349, 39.652, 39.99, 40.114, 40.17, 40.227, 40.265, 40.215, 40.189, 40.335, 40.475, 40.304, 40.129, 40.193, 40.173, 40.099, 40.27, 40.677, 40.905, 41.122, 41.372, 41.174, 40.913, 40.792, 40.772, 40.584, 40.278, 40.413, 40.776, 41.097, 41.338, 41.721, 42.465, 43.065, 43.024, 42.678, 42.532, 42.958, 43.572, 43.959, 43.959, 43.798, 43.371, 42.637, 41.944, 41.614, 41.27, 41.189, 42.125, 42.903, 43.062, 43.576, 44.823, 45.86, 46.188, 46.499, 46.621, 29.464], [29.665, 28.196, 26.035, 25.043, 23.77, 20.62, 16.515, 11.981, 6.481, 0.0, 5.589, 9.901, 15.033, 20.348, 24.437, 27.613, 29.153, 29.363, 29.628, 31.111, 33.016, 34.499, 35.209, 35.519, 36.244, 37.665, 38.864, 39.224, 39.061, 38.544, 38.11, 38.306, 39.142, 39.814, 39.963, 39.841, 40.036, 40.377, 40.523, 40.596, 40.609, 40.548, 40.54, 40.47, 40.316, 40.447, 40.805, 40.945, 41.142, 41.318, 41.235, 40.974, 40.793, 40.951, 41.273, 41.394, 41.341, 41.253, 41.437, 41.799, 42.162, 42.116, 41.753, 41.589, 42.003, 42.218, 41.926, 41.602, 41.392, 41.277, 41.248, 41.115, 40.99, 41.106, 41.113, 40.889, 40.773, 40.714, 40.425, 40.241, 40.17, 40.137, 40.142, 40.154, 40.117, 39.966, 39.956, 40.115, 40.254, 40.56, 40.87, 40.994, 41.034, 41.067, 41.096, 41.049, 41.011, 41.111, 41.232, 41.086, 40.926, 40.966, 40.936, 40.88, 41.06, 41.452, 41.65, 41.823, 42.042, 41.846, 41.613, 41.55, 41.572, 41.398, 41.084, 41.207, 41.565, 41.872, 42.104, 42.483, 43.186, 43.733, 43.696, 43.379, 43.23, 43.621, 44.204, 44.577, 44.56, 44.408, 44.028, 43.353, 42.706, 42.402, 42.079, 42.004, 42.894, 43.62, 43.778, 44.254, 45.353, 46.255, 46.521, 46.8, 46.917, 30.99], [30.728, 29.363, 27.392, 26.518, 25.356, 22.442, 18.73, 15.06, 10.921, 5.589, 0.0, 5.525, 12.181, 18.41, 23.049, 26.656, 28.413, 28.702, 29.026, 30.578, 32.596, 34.184, 34.998, 35.444, 36.337, 37.873, 39.054, 39.334, 39.109, 38.592, 38.203, 38.438, 39.281, 39.967, 40.165, 40.116, 40.358, 40.742, 40.921, 41.0, 41.01, 40.929, 40.885, 40.807, 40.672, 40.838, 41.215, 41.324, 41.482, 41.644, 41.559, 41.306, 41.147, 41.33, 41.662, 41.793, 41.748, 41.655, 41.826, 42.218, 42.614, 42.604, 42.28, 42.117, 42.502, 42.708, 42.422, 42.116, 41.909, 41.773, 41.74, 41.63, 41.525, 41.646, 41.656, 41.432, 41.319, 41.263, 40.975, 40.787, 40.711, 40.682, 40.68, 40.665, 40.631, 40.495, 40.471, 40.613, 40.775, 41.076, 41.376, 41.509, 41.547, 41.561, 41.577, 41.537, 41.488, 41.549, 41.665, 41.539, 41.377, 41.393, 41.365, 41.328, 41.501, 41.861, 42.037, 42.192, 42.4, 42.216, 42.007, 41.975, 42.012, 41.844, 41.529, 41.645, 42.0, 42.311, 42.551, 42.926, 43.598, 44.116, 44.088, 43.786, 43.623, 43.992, 44.571, 44.945, 44.92, 44.771, 44.422, 43.778, 43.15, 42.863, 42.544, 42.441, 43.273, 43.969, 44.131, 44.582, 45.586, 46.408, 46.656, 46.932, 47.044, 32.004], [32.056, 30.79, 29.003, 28.215, 27.105, 24.349, 20.881, 17.516, 13.993, 9.901, 5.525, 0.0, 7.795, 15.348, 21.064, 25.369, 27.38, 27.716, 28.177, 29.882, 32.001, 33.686, 34.599, 35.163, 36.206, 37.863, 39.035, 39.278, 39.036, 38.515, 38.183, 38.501, 39.409, 40.126, 40.341, 40.327, 40.607, 41.028, 41.241, 41.331, 41.339, 41.248, 41.187, 41.106, 40.988, 41.184, 41.59, 41.695, 41.831, 41.977, 41.884, 41.63, 41.477, 41.669, 42.004, 42.138, 42.1, 42.015, 42.183, 42.572, 42.966, 42.966, 42.679, 42.532, 42.89, 43.072, 42.794, 42.505, 42.292, 42.13, 42.083, 41.98, 41.878, 42.0, 42.024, 41.818, 41.708, 41.64, 41.337, 41.133, 41.045, 41.025, 41.031, 40.997, 40.948, 40.819, 40.795, 40.937, 41.136, 41.45, 41.733, 41.865, 41.906, 41.914, 41.932, 41.907, 41.864, 41.921, 42.052, 41.945, 41.784, 41.78, 41.742, 41.715, 41.885, 42.219, 42.376, 42.529, 42.746, 42.593, 42.407, 42.387, 42.426, 42.247, 41.898, 41.977, 42.301, 42.583, 42.809, 43.172, 43.817, 44.311, 44.286, 43.99, 43.821, 44.183, 44.767, 45.146, 45.125, 44.989, 44.662, 44.03, 43.398, 43.114, 42.808, 42.698, 43.494, 44.17, 44.332, 44.747, 45.677, 46.447, 46.68, 46.951, 47.064, 33.244], [34.144, 33.017, 31.528, 30.92, 29.925, 27.383, 24.231, 21.185, 18.09, 15.033, 12.181, 7.795, 0.0, 9.22, 17.246, 23.0, 25.428, 25.829, 26.638, 28.697, 31.007, 32.862, 33.947, 34.681, 35.901, 37.696, 38.867, 39.106, 38.858, 38.31, 38.039, 38.476, 39.481, 40.233, 40.463, 40.483, 40.787, 41.224, 41.478, 41.606, 41.627, 41.543, 41.489, 41.406, 41.303, 41.545, 42.011, 42.148, 42.274, 42.39, 42.27, 42.0, 41.841, 42.031, 42.352, 42.47, 42.447, 42.398, 42.565, 42.93, 43.316, 43.301, 43.047, 42.963, 43.319, 43.472, 43.202, 42.913, 42.668, 42.478, 42.425, 42.327, 42.22, 42.335, 42.379, 42.201, 42.094, 42.013, 41.69, 41.442, 41.308, 41.277, 41.31, 41.278, 41.198, 41.055, 41.052, 41.227, 41.471, 41.796, 42.05, 42.174, 42.212, 42.224, 42.249, 42.235, 42.216, 42.31, 42.472, 42.378, 42.218, 42.191, 42.127, 42.092, 42.261, 42.576, 42.707, 42.856, 43.087, 42.955, 42.776, 42.76, 42.813, 42.646, 42.282, 42.317, 42.589, 42.804, 42.983, 43.328, 43.938, 44.396, 44.361, 44.068, 43.904, 44.281, 44.876, 45.25, 45.235, 45.124, 44.81, 44.173, 43.519, 43.224, 42.949, 42.871, 43.66, 44.308, 44.453, 44.83, 45.685, 46.386, 46.598, 46.864, 46.981, 35.188], [35.561, 34.601, 33.575, 33.395, 32.666, 30.383, 27.495, 24.857, 22.482, 20.348, 18.41, 15.348, 9.22, 0.0, 10.131, 17.745, 20.94, 21.529, 22.719, 25.413, 28.306, 30.556, 31.908, 32.833, 34.223, 36.159, 37.369, 37.662, 37.515, 36.974, 36.711, 37.286, 38.481, 39.318, 39.558, 39.573, 39.879, 40.312, 40.598, 40.795, 40.856, 40.805, 40.806, 40.742, 40.618, 40.859, 41.364, 41.534, 41.666, 41.75, 41.6, 41.323, 41.152, 41.295, 41.55, 41.669, 41.7, 41.663, 41.798, 42.232, 42.712, 42.702, 42.481, 42.506, 42.933, 43.096, 42.827, 42.539, 42.285, 42.095, 42.054, 41.966, 41.847, 41.941, 41.96, 41.736, 41.588, 41.475, 41.089, 40.744, 40.519, 40.427, 40.479, 40.512, 40.439, 40.319, 40.423, 40.651, 40.842, 41.129, 41.392, 41.538, 41.585, 41.61, 41.635, 41.59, 41.562, 41.717, 41.918, 41.798, 41.604, 41.581, 41.526, 41.452, 41.568, 41.844, 41.976, 42.175, 42.426, 42.236, 41.952, 41.85, 41.916, 41.811, 41.478, 41.528, 41.825, 42.047, 42.22, 42.561, 43.179, 43.649, 43.6, 43.28, 43.109, 43.552, 44.241, 44.651, 44.642, 44.539, 44.223, 43.535, 42.783, 42.425, 42.145, 42.041, 42.814, 43.469, 43.633, 44.06, 44.97, 45.703, 45.958, 46.269, 46.376, 36.444], [35.583, 34.78, 34.296, 34.693, 34.312, 32.286, 29.594, 27.322, 25.734, 24.437, 23.049, 21.064, 17.246, 10.131, 0.0, 9.055, 13.679, 14.899, 16.477, 20.284, 24.344, 27.203, 28.777, 29.801, 31.25, 33.224, 34.503, 34.942, 35.071, 34.643, 34.328, 35.026, 36.513, 37.5, 37.728, 37.664, 37.947, 38.36, 38.627, 38.866, 38.964, 38.952, 39.039, 39.022, 38.825, 38.969, 39.445, 39.631, 39.791, 39.856, 39.7, 39.449, 39.27, 39.312, 39.447, 39.585, 39.68, 39.556, 39.604, 40.178, 40.84, 40.896, 40.699, 40.817, 41.369, 41.582, 41.3, 41.022, 40.792, 40.64, 40.632, 40.547, 40.378, 40.412, 40.366, 40.044, 39.827, 39.663, 39.194, 38.771, 38.479, 38.303, 38.343, 38.491, 38.496, 38.468, 38.742, 39.011, 38.999, 39.161, 39.49, 39.691, 39.755, 39.791, 39.795, 39.664, 39.578, 39.778, 40.007, 39.833, 39.599, 39.618, 39.586, 39.44, 39.463, 39.692, 39.854, 40.143, 40.426, 40.134, 39.688, 39.437, 39.501, 39.487, 39.236, 39.371, 39.744, 40.034, 40.261, 40.63, 41.333, 41.902, 41.843, 41.462, 41.279, 41.829, 42.686, 43.198, 43.201, 43.064, 42.707, 41.924, 41.03, 40.575, 40.221, 40.014, 40.789, 41.517, 41.735, 42.304, 43.477, 44.441, 44.818, 45.212, 45.311, 36.339], [35.466, 34.794, 34.758, 35.624, 35.537, 33.767, 31.292, 29.313, 28.301, 27.613, 26.656, 25.369, 23.0, 17.745, 9.055, 0.0, 6.036, 8.632, 10.958, 15.925, 21.166, 24.601, 26.322, 27.364, 28.792, 30.733, 32.136, 32.924, 33.477, 33.253, 32.888, 33.622, 35.319, 36.427, 36.612, 36.421, 36.648, 37.021, 37.235, 37.463, 37.563, 37.564, 37.703, 37.72, 37.45, 37.463, 37.858, 38.049, 38.25, 38.318, 38.179, 37.968, 37.773, 37.693, 37.714, 37.886, 38.021, 37.763, 37.741, 38.471, 39.318, 39.445, 39.232, 39.374, 40.024, 40.285, 39.997, 39.743, 39.549, 39.446, 39.486, 39.417, 39.206, 39.18, 39.062, 38.652, 38.379, 38.171, 37.65, 37.191, 36.869, 36.639, 36.654, 36.87, 36.922, 36.93, 37.293, 37.583, 37.338, 37.32, 37.716, 37.979, 38.047, 38.102, 38.098, 37.884, 37.738, 37.956, 38.189, 37.964, 37.697, 37.737, 37.697, 37.497, 37.482, 37.707, 37.891, 38.233, 38.534, 38.189, 37.667, 37.331, 37.408, 37.499, 37.351, 37.566, 37.984, 38.314, 38.585, 38.989, 39.787, 40.463, 40.395, 39.951, 39.768, 40.415, 41.405, 42.006, 42.022, 41.811, 41.361, 40.486, 39.51, 38.992, 38.578, 38.292, 39.07, 39.86, 40.119, 40.818, 42.269, 43.479, 43.986, 44.469, 44.565, 36.118], [35.597, 34.983, 35.125, 36.186, 36.236, 34.597, 32.234, 30.375, 29.58, 29.153, 28.413, 27.38, 25.428, 20.94, 13.679, 6.036, 0.0, 4.084, 8.137, 13.973, 19.703, 23.412, 25.246, 26.306, 27.72, 29.643, 31.2, 32.367, 33.233, 33.126, 32.725, 33.42, 35.15, 36.287, 36.426, 36.129, 36.291, 36.625, 36.81, 37.016, 37.082, 37.054, 37.21, 37.266, 36.973, 36.885, 37.199, 37.396, 37.635, 37.722, 37.6, 37.41, 37.2, 37.059, 37.037, 37.23, 37.368, 37.034, 37.005, 37.836, 38.776, 38.926, 38.676, 38.808, 39.491, 39.759, 39.468, 39.248, 39.089, 39.019, 39.088, 39.037, 38.818, 38.763, 38.608, 38.16, 37.867, 37.637, 37.09, 36.61, 36.274, 36.029, 36.025, 36.24, 36.292, 36.289, 36.663, 36.964, 36.625, 36.508, 36.925, 37.23, 37.306, 37.379, 37.39, 37.154, 36.992, 37.209, 37.432, 37.182, 36.898, 36.935, 36.873, 36.664, 36.657, 36.879, 37.054, 37.39, 37.685, 37.339, 36.816, 36.461, 36.565, 36.735, 36.647, 36.884, 37.304, 37.625, 37.893, 38.309, 39.152, 39.878, 39.797, 39.309, 39.125, 39.828, 40.88, 41.524, 41.549, 41.277, 40.744, 39.821, 38.826, 38.284, 37.861, 37.566, 38.36, 39.172, 39.437, 40.199, 41.8, 43.123, 43.698, 44.227, 44.32, 36.184], [35.611, 35.001, 35.141, 36.236, 36.335, 34.725, 32.357, 30.482, 29.708, 29.363, 28.702, 27.716, 25.829, 21.529, 14.899, 8.632, 4.084, 0.0, 5.739, 12.881, 19.059, 22.901, 24.805, 25.894, 27.325, 29.281, 30.913, 32.169, 33.071, 32.958, 32.543, 33.248, 35.003, 36.161, 36.287, 35.952, 36.098, 36.433, 36.617, 36.813, 36.852, 36.797, 36.976, 37.103, 36.857, 36.757, 37.046, 37.249, 37.506, 37.604, 37.489, 37.3, 37.089, 36.948, 36.934, 37.134, 37.268, 36.924, 36.897, 37.728, 38.657, 38.796, 38.521, 38.635, 39.319, 39.581, 39.285, 39.086, 38.95, 38.887, 38.961, 38.926, 38.721, 38.664, 38.495, 38.033, 37.726, 37.48, 36.925, 36.447, 36.114, 35.862, 35.84, 36.048, 36.121, 36.14, 36.515, 36.795, 36.443, 36.339, 36.772, 37.09, 37.171, 37.253, 37.268, 37.037, 36.886, 37.107, 37.322, 37.069, 36.792, 36.838, 36.781, 36.582, 36.575, 36.784, 36.957, 37.294, 37.578, 37.226, 36.692, 36.317, 36.43, 36.614, 36.53, 36.777, 37.195, 37.505, 37.77, 38.195, 39.054, 39.792, 39.7, 39.185, 38.991, 39.701, 40.758, 41.406, 41.442, 41.17, 40.632, 39.71, 38.715, 38.158, 37.724, 37.435, 38.256, 39.087, 39.352, 40.108, 41.722, 43.06, 43.649, 44.179, 44.27, 36.187], [35.587, 34.98, 35.154, 36.309, 36.466, 34.901, 32.552, 30.667, 29.915, 29.628, 29.026, 28.177, 26.638, 22.719, 16.477, 10.958, 8.137, 5.739, 0.0, 8.664, 16.213, 20.808, 23.08, 24.346, 25.93, 28.094, 29.912, 31.215, 32.119, 32.001, 31.622, 32.434, 34.288, 35.495, 35.638, 35.303, 35.47, 35.85, 36.05, 36.247, 36.288, 36.244, 36.446, 36.625, 36.495, 36.539, 36.882, 37.067, 37.313, 37.416, 37.304, 37.115, 36.905, 36.768, 36.747, 36.948, 37.092, 36.756, 36.744, 37.596, 38.526, 38.659, 38.36, 38.433, 39.11, 39.38, 39.063, 38.864, 38.751, 38.7, 38.786, 38.773, 38.592, 38.542, 38.354, 37.854, 37.51, 37.249, 36.713, 36.259, 35.935, 35.674, 35.643, 35.866, 35.964, 36.003, 36.37, 36.577, 36.178, 36.106, 36.593, 36.924, 37.014, 37.108, 37.124, 36.886, 36.739, 36.977, 37.2, 36.937, 36.655, 36.725, 36.698, 36.504, 36.491, 36.706, 36.913, 37.284, 37.541, 37.132, 36.545, 36.137, 36.261, 36.451, 36.363, 36.656, 37.113, 37.458, 37.772, 38.246, 39.15, 39.912, 39.821, 39.294, 39.087, 39.788, 40.849, 41.504, 41.555, 41.305, 40.787, 39.865, 38.849, 38.256, 37.768, 37.429, 38.233, 39.079, 39.365, 40.094, 41.659, 42.967, 43.539, 44.059, 44.14, 36.183], [36.261, 35.689, 35.965, 37.155, 37.34, 35.886, 33.717, 31.976, 31.322, 31.111, 30.578, 29.882, 28.697, 25.413, 20.284, 15.925, 13.973, 12.881, 8.664, 0.0, 9.268, 15.803, 19.364, 21.224, 23.245, 25.873, 28.108, 29.666, 30.692, 30.632, 30.352, 31.344, 33.346, 34.607, 34.784, 34.479, 34.689, 35.149, 35.395, 35.609, 35.689, 35.726, 35.97, 36.148, 36.173, 36.533, 37.054, 37.249, 37.467, 37.561, 37.445, 37.244, 37.033, 36.886, 36.833, 37.03, 37.21, 36.902, 36.927, 37.839, 38.786, 38.93, 38.631, 38.658, 39.302, 39.578, 39.249, 39.025, 38.91, 38.868, 38.97, 38.964, 38.788, 38.743, 38.541, 38.014, 37.648, 37.386, 36.891, 36.466, 36.149, 35.891, 35.886, 36.147, 36.241, 36.275, 36.624, 36.766, 36.333, 36.259, 36.772, 37.115, 37.217, 37.331, 37.363, 37.125, 36.986, 37.246, 37.479, 37.206, 36.919, 37.011, 37.011, 36.809, 36.794, 37.026, 37.256, 37.634, 37.84, 37.368, 36.734, 36.306, 36.446, 36.664, 36.613, 36.965, 37.453, 37.817, 38.177, 38.715, 39.679, 40.47, 40.391, 39.86, 39.64, 40.344, 41.411, 42.058, 42.103, 41.856, 41.334, 40.397, 39.369, 38.749, 38.212, 37.825, 38.59, 39.43, 39.728, 40.443, 41.958, 43.191, 43.695, 44.171, 44.243, 36.884], [37.67, 37.154, 37.482, 38.571, 38.685, 37.297, 35.313, 33.745, 33.159, 33.016, 32.596, 32.001, 31.007, 28.306, 24.344, 21.166, 19.703, 19.059, 16.213, 9.268, 0.0, 8.44, 14.099, 17.305, 20.253, 23.69, 26.634, 28.601, 29.679, 29.63, 29.477, 30.681, 32.819, 34.109, 34.344, 34.141, 34.425, 34.968, 35.27, 35.512, 35.666, 35.842, 36.176, 36.355, 36.499, 37.188, 37.97, 38.231, 38.408, 38.478, 38.346, 38.126, 37.926, 37.797, 37.711, 37.864, 38.071, 37.854, 37.889, 38.697, 39.55, 39.691, 39.405, 39.399, 39.976, 40.228, 39.899, 39.649, 39.526, 39.505, 39.624, 39.593, 39.403, 39.374, 39.191, 38.691, 38.346, 38.093, 37.642, 37.25, 36.94, 36.706, 36.758, 37.063, 37.191, 37.266, 37.632, 37.797, 37.454, 37.413, 37.9, 38.249, 38.373, 38.474, 38.487, 38.274, 38.138, 38.392, 38.63, 38.378, 38.125, 38.244, 38.253, 38.015, 37.968, 38.168, 38.361, 38.689, 38.864, 38.402, 37.785, 37.365, 37.484, 37.681, 37.67, 38.082, 38.583, 38.912, 39.255, 39.787, 40.704, 41.449, 41.398, 40.89, 40.658, 41.341, 42.355, 42.934, 42.954, 42.727, 42.239, 41.359, 40.407, 39.839, 39.326, 38.964, 39.671, 40.461, 40.743, 41.391, 42.775, 43.893, 44.314, 44.717, 44.778, 38.306], [38.899, 38.436, 38.826, 39.872, 39.925, 38.549, 36.65, 35.179, 34.608, 34.499, 34.184, 33.686, 32.862, 30.556, 27.203, 24.601, 23.412, 22.901, 20.808, 15.803, 8.44, 0.0, 7.399, 12.8, 17.427, 21.868, 25.54, 27.943, 29.08, 29.017, 28.905, 30.271, 32.55, 33.89, 34.193, 34.105, 34.455, 35.032, 35.349, 35.593, 35.78, 36.045, 36.486, 36.725, 36.917, 37.778, 38.814, 39.21, 39.397, 39.453, 39.315, 39.098, 38.909, 38.779, 38.675, 38.796, 39.0, 38.81, 38.79, 39.41, 40.145, 40.279, 39.982, 39.942, 40.484, 40.712, 40.37, 40.117, 40.017, 40.038, 40.172, 40.095, 39.865, 39.837, 39.673, 39.207, 38.889, 38.649, 38.226, 37.851, 37.556, 37.35, 37.447, 37.79, 37.974, 38.086, 38.472, 38.712, 38.478, 38.455, 38.913, 39.279, 39.414, 39.485, 39.488, 39.298, 39.154, 39.397, 39.641, 39.414, 39.196, 39.335, 39.326, 39.029, 38.946, 39.117, 39.278, 39.578, 39.758, 39.335, 38.757, 38.366, 38.472, 38.639, 38.664, 39.136, 39.65, 39.93, 40.218, 40.701, 41.535, 42.215, 42.175, 41.692, 41.459, 42.129, 43.102, 43.629, 43.636, 43.43, 42.981, 42.172, 41.29, 40.761, 40.28, 39.978, 40.682, 41.438, 41.697, 42.318, 43.643, 44.701, 45.07, 45.421, 45.462, 39.52], [39.189, 38.755, 39.232, 40.367, 40.411, 39.005, 37.122, 35.725, 35.229, 35.209, 34.998, 34.599, 33.947, 31.908, 28.777, 26.322, 25.246, 24.805, 23.08, 19.364, 14.099, 7.399, 0.0, 7.321, 14.105, 19.836, 24.209, 27.072, 28.416, 28.375, 28.234, 29.713, 32.157, 33.576, 33.906, 33.83, 34.187, 34.75, 35.035, 35.25, 35.43, 35.737, 36.274, 36.594, 36.774, 37.597, 38.715, 39.246, 39.527, 39.618, 39.489, 39.277, 39.07, 38.888, 38.765, 38.908, 39.1, 38.843, 38.738, 39.245, 39.926, 40.032, 39.706, 39.669, 40.242, 40.483, 40.156, 39.931, 39.852, 39.896, 40.044, 39.945, 39.677, 39.631, 39.471, 39.015, 38.697, 38.452, 38.026, 37.653, 37.346, 37.126, 37.242, 37.635, 37.873, 38.005, 38.423, 38.709, 38.458, 38.389, 38.846, 39.221, 39.338, 39.401, 39.421, 39.232, 39.074, 39.333, 39.604, 39.388, 39.187, 39.343, 39.311, 38.952, 38.84, 39.018, 39.2, 39.545, 39.776, 39.387, 38.815, 38.418, 38.506, 38.656, 38.711, 39.218, 39.734, 39.988, 40.239, 40.693, 41.51, 42.184, 42.134, 41.643, 41.418, 42.095, 43.063, 43.579, 43.583, 43.362, 42.899, 42.103, 41.234, 40.704, 40.224, 39.946, 40.688, 41.457, 41.703, 42.354, 43.75, 44.86, 45.246, 45.605, 45.635, 39.788], [38.761, 38.32, 38.884, 40.18, 40.292, 38.878, 36.997, 35.681, 35.355, 35.519, 35.444, 35.163, 34.681, 32.833, 29.801, 27.364, 26.306, 25.894, 24.346, 21.224, 17.305, 12.8, 7.321, 0.0, 8.398, 15.984, 21.77, 25.534, 27.356, 27.409, 27.22, 28.835, 31.495, 33.007, 33.314, 33.175, 33.511, 34.049, 34.304, 34.501, 34.656, 34.973, 35.579, 35.944, 36.091, 36.827, 37.903, 38.487, 38.854, 38.991, 38.877, 38.658, 38.405, 38.153, 38.012, 38.191, 38.378, 38.074, 37.955, 38.455, 39.142, 39.235, 38.907, 38.904, 39.521, 39.789, 39.495, 39.296, 39.206, 39.223, 39.367, 39.28, 39.015, 38.965, 38.79, 38.304, 37.953, 37.677, 37.222, 36.834, 36.49, 36.221, 36.351, 36.827, 37.103, 37.22, 37.655, 37.927, 37.549, 37.422, 37.921, 38.308, 38.419, 38.503, 38.55, 38.333, 38.134, 38.401, 38.691, 38.459, 38.25, 38.421, 38.382, 37.987, 37.839, 38.02, 38.23, 38.654, 38.965, 38.593, 37.996, 37.55, 37.607, 37.758, 37.839, 38.36, 38.891, 39.176, 39.434, 39.889, 40.746, 41.463, 41.399, 40.876, 40.655, 41.355, 42.339, 42.864, 42.865, 42.606, 42.111, 41.3, 40.395, 39.827, 39.316, 39.001, 39.775, 40.586, 40.843, 41.549, 43.069, 44.301, 44.764, 45.179, 45.201, 39.323], [38.577, 38.135, 38.78, 40.224, 40.437, 39.076, 37.248, 36.019, 35.872, 36.244, 36.337, 36.206, 35.901, 34.223, 31.25, 28.792, 27.72, 27.325, 25.93, 23.245, 20.253, 17.427, 14.105, 8.398, 0.0, 9.33, 17.509, 22.962, 25.581, 25.828, 25.684, 27.58, 30.519, 32.148, 32.469, 32.314, 32.665, 33.202, 33.458, 33.66, 33.797, 34.133, 34.809, 35.209, 35.334, 36.031, 37.111, 37.742, 38.153, 38.302, 38.197, 37.981, 37.711, 37.427, 37.261, 37.425, 37.619, 37.332, 37.232, 37.714, 38.398, 38.501, 38.195, 38.233, 38.883, 39.162, 38.893, 38.712, 38.594, 38.566, 38.686, 38.607, 38.351, 38.286, 38.075, 37.554, 37.177, 36.876, 36.381, 35.977, 35.605, 35.269, 35.388, 35.944, 36.235, 36.312, 36.759, 37.043, 36.573, 36.428, 36.99, 37.413, 37.542, 37.647, 37.72, 37.471, 37.212, 37.463, 37.761, 37.516, 37.292, 37.465, 37.419, 37.009, 36.838, 37.018, 37.243, 37.714, 38.073, 37.696, 37.065, 36.575, 36.618, 36.784, 36.854, 37.366, 37.942, 38.311, 38.607, 39.056, 39.946, 40.721, 40.653, 40.106, 39.881, 40.587, 41.582, 42.118, 42.109, 41.819, 41.315, 40.503, 39.546, 38.929, 38.374, 37.998, 38.763, 39.592, 39.87, 40.64, 42.278, 43.645, 44.194, 44.651, 44.673, 39.024], [38.966, 38.605, 39.342, 40.905, 41.226, 39.981, 38.272, 37.151, 37.153, 37.665, 37.873, 37.863, 37.696, 36.159, 33.224, 30.733, 29.643, 29.281, 28.094, 25.873, 23.69, 21.868, 19.836, 15.984, 9.33, 0.0, 10.494, 18.49, 22.558, 23.356, 23.449, 25.816, 29.196, 31.023, 31.432, 31.38, 31.852, 32.43, 32.684, 32.885, 33.04, 33.455, 34.228, 34.659, 34.732, 35.396, 36.563, 37.326, 37.81, 37.957, 37.854, 37.665, 37.418, 37.124, 36.917, 37.033, 37.223, 36.94, 36.813, 37.274, 37.98, 38.12, 37.844, 37.92, 38.618, 38.899, 38.614, 38.441, 38.33, 38.284, 38.369, 38.258, 37.988, 37.901, 37.671, 37.144, 36.765, 36.457, 35.921, 35.496, 35.123, 34.745, 34.798, 35.339, 35.606, 35.661, 36.171, 36.574, 36.13, 35.97, 36.572, 37.052, 37.188, 37.282, 37.366, 37.123, 36.841, 37.071, 37.371, 37.132, 36.899, 37.052, 36.986, 36.582, 36.431, 36.633, 36.852, 37.29, 37.624, 37.248, 36.598, 36.079, 36.122, 36.282, 36.302, 36.798, 37.437, 37.904, 38.237, 38.655, 39.535, 40.328, 40.248, 39.691, 39.462, 40.155, 41.161, 41.714, 41.701, 41.392, 40.882, 40.066, 39.077, 38.467, 37.926, 37.495, 38.172, 38.951, 39.218, 40.004, 41.688, 43.123, 43.69, 44.145, 44.173, 39.208], [39.433, 39.164, 39.916, 41.482, 41.863, 40.749, 39.181, 38.193, 38.316, 38.864, 39.054, 39.035, 38.867, 37.369, 34.503, 32.136, 31.2, 30.913, 29.912, 28.108, 26.634, 25.54, 24.209, 21.77, 17.509, 10.494, 0.0, 10.631, 17.099, 19.191, 19.805, 22.787, 26.855, 29.029, 29.627, 29.875, 30.702, 31.494, 31.798, 31.995, 32.219, 32.789, 33.664, 34.11, 34.157, 34.872, 36.212, 37.168, 37.779, 37.954, 37.858, 37.705, 37.483, 37.161, 36.916, 37.022, 37.204, 36.87, 36.704, 37.228, 37.99, 38.159, 37.922, 38.047, 38.792, 39.084, 38.769, 38.598, 38.536, 38.518, 38.597, 38.473, 38.204, 38.121, 37.896, 37.373, 36.992, 36.685, 36.144, 35.714, 35.362, 34.995, 34.973, 35.375, 35.565, 35.627, 36.204, 36.716, 36.352, 36.188, 36.776, 37.26, 37.375, 37.443, 37.518, 37.309, 37.068, 37.309, 37.621, 37.409, 37.183, 37.311, 37.24, 36.873, 36.766, 36.996, 37.197, 37.566, 37.843, 37.47, 36.813, 36.257, 36.282, 36.424, 36.415, 36.881, 37.525, 38.033, 38.39, 38.809, 39.685, 40.451, 40.338, 39.789, 39.556, 40.204, 41.178, 41.724, 41.719, 41.442, 40.95, 40.122, 39.137, 38.588, 38.115, 37.661, 38.232, 38.942, 39.171, 39.897, 41.485, 42.805, 43.264, 43.663, 43.678, 39.54], [39.826, 39.599, 40.3, 41.718, 42.047, 41.004, 39.542, 38.637, 38.757, 39.224, 39.334, 39.278, 39.106, 37.662, 34.942, 32.924, 32.367, 32.169, 31.215, 29.666, 28.601, 27.943, 27.072, 25.534, 22.962, 18.49, 10.631, 0.0, 8.554, 12.71, 14.495, 18.184, 23.128, 25.892, 26.865, 27.57, 28.972, 30.202, 30.67, 30.889, 31.219, 31.947, 32.868, 33.337, 33.51, 34.473, 36.063, 37.207, 37.938, 38.167, 38.101, 37.989, 37.839, 37.603, 37.435, 37.574, 37.727, 37.372, 37.251, 37.843, 38.569, 38.69, 38.432, 38.528, 39.265, 39.592, 39.293, 39.126, 39.097, 39.107, 39.215, 39.125, 38.879, 38.815, 38.608, 38.092, 37.708, 37.4, 36.865, 36.444, 36.114, 35.775, 35.743, 36.085, 36.267, 36.376, 36.898, 37.282, 36.917, 36.787, 37.359, 37.822, 37.914, 37.979, 38.076, 37.9, 37.679, 37.921, 38.275, 38.111, 37.896, 38.016, 37.987, 37.683, 37.615, 37.87, 38.045, 38.321, 38.534, 38.175, 37.554, 37.029, 37.043, 37.128, 37.082, 37.517, 38.142, 38.649, 39.024, 39.477, 40.354, 41.064, 40.925, 40.406, 40.174, 40.758, 41.664, 42.179, 42.188, 41.993, 41.561, 40.727, 39.76, 39.257, 38.79, 38.342, 38.888, 39.569, 39.773, 40.401, 41.792, 42.921, 43.242, 43.578, 43.596, 39.923], [40.004, 39.787, 40.412, 41.648, 41.874, 40.854, 39.467, 38.621, 38.699, 39.061, 39.109, 39.036, 38.858, 37.515, 35.071, 33.477, 33.233, 33.071, 32.119, 30.692, 29.679, 29.08, 28.416, 27.356, 25.581, 22.558, 17.099, 8.554, 0.0, 6.028, 10.017, 14.887, 20.326, 23.483, 24.848, 25.92, 27.697, 29.25, 29.879, 30.132, 30.524, 31.332, 32.254, 32.755, 33.115, 34.355, 36.146, 37.404, 38.181, 38.438, 38.398, 38.306, 38.239, 38.193, 38.219, 38.396, 38.495, 38.199, 38.199, 38.77, 39.383, 39.437, 39.13, 39.164, 39.871, 40.214, 39.908, 39.711, 39.671, 39.687, 39.799, 39.713, 39.469, 39.409, 39.22, 38.728, 38.351, 38.039, 37.518, 37.117, 36.797, 36.479, 36.474, 36.821, 37.015, 37.116, 37.492, 37.701, 37.364, 37.341, 37.924, 38.397, 38.516, 38.596, 38.718, 38.569, 38.356, 38.608, 39.011, 38.895, 38.692, 38.804, 38.813, 38.586, 38.56, 38.819, 38.966, 39.18, 39.352, 39.007, 38.447, 37.998, 38.016, 38.048, 37.977, 38.409, 39.03, 39.506, 39.869, 40.34, 41.202, 41.861, 41.706, 41.208, 40.983, 41.521, 42.363, 42.842, 42.852, 42.705, 42.313, 41.498, 40.577, 40.101, 39.596, 39.189, 39.803, 40.514, 40.712, 41.266, 42.505, 43.504, 43.761, 44.069, 44.107, 40.14], [39.691, 39.452, 40.035, 41.232, 41.428, 40.397, 39.002, 38.142, 38.202, 38.544, 38.592, 38.515, 38.31, 36.974, 34.643, 33.253, 33.126, 32.958, 32.001, 30.632, 29.63, 29.017, 28.375, 27.409, 25.828, 23.356, 19.191, 12.71, 6.028, 0.0, 6.154, 13.123, 19.125, 22.361, 23.915, 25.116, 26.911, 28.504, 29.191, 29.475, 29.884, 30.717, 31.654, 32.169, 32.604, 33.981, 35.901, 37.242, 38.047, 38.317, 38.29, 38.204, 38.164, 38.211, 38.366, 38.597, 38.692, 38.423, 38.458, 39.006, 39.565, 39.579, 39.244, 39.251, 39.944, 40.282, 39.957, 39.734, 39.671, 39.684, 39.79, 39.686, 39.419, 39.34, 39.14, 38.654, 38.276, 37.945, 37.426, 37.035, 36.711, 36.396, 36.406, 36.755, 36.963, 37.059, 37.374, 37.501, 37.161, 37.216, 37.836, 38.33, 38.496, 38.601, 38.729, 38.578, 38.364, 38.64, 39.072, 38.971, 38.77, 38.89, 38.924, 38.734, 38.731, 38.99, 39.134, 39.348, 39.518, 39.164, 38.608, 38.165, 38.166, 38.176, 38.107, 38.566, 39.212, 39.679, 40.032, 40.504, 41.369, 42.028, 41.867, 41.359, 41.143, 41.699, 42.54, 43.01, 43.018, 42.87, 42.479, 41.671, 40.761, 40.293, 39.769, 39.373, 40.051, 40.811, 41.011, 41.541, 42.769, 43.766, 44.031, 44.342, 44.393, 39.863], [38.829, 38.576, 39.218, 40.534, 40.811, 39.829, 38.427, 37.567, 37.698, 38.11, 38.203, 38.183, 38.039, 36.711, 34.328, 32.888, 32.725, 32.543, 31.622, 30.352, 29.477, 28.905, 28.234, 27.22, 25.684, 23.449, 19.805, 14.495, 10.017, 6.154, 0.0, 8.795, 16.128, 19.892, 21.635, 22.973, 24.943, 26.659, 27.411, 27.736, 28.153, 28.979, 29.95, 30.499, 30.951, 32.437, 34.58, 36.091, 36.964, 37.26, 37.256, 37.203, 37.196, 37.282, 37.502, 37.79, 37.91, 37.64, 37.689, 38.276, 38.86, 38.866, 38.505, 38.497, 39.191, 39.519, 39.186, 38.988, 38.946, 38.972, 39.084, 38.965, 38.665, 38.561, 38.343, 37.836, 37.436, 37.09, 36.561, 36.151, 35.801, 35.47, 35.483, 35.833, 36.033, 36.138, 36.468, 36.556, 36.145, 36.203, 36.865, 37.379, 37.581, 37.72, 37.865, 37.688, 37.452, 37.76, 38.218, 38.108, 37.9, 38.046, 38.104, 37.922, 37.917, 38.176, 38.317, 38.541, 38.712, 38.321, 37.698, 37.182, 37.169, 37.24, 37.257, 37.796, 38.502, 39.009, 39.391, 39.882, 40.774, 41.461, 41.3, 40.771, 40.557, 41.162, 42.066, 42.578, 42.588, 42.401, 41.954, 41.094, 40.156, 39.685, 39.131, 38.711, 39.466, 40.285, 40.485, 41.056, 42.392, 43.464, 43.772, 44.119, 44.185, 39.012], [38.253, 38.018, 38.744, 40.125, 40.499, 39.691, 38.438, 37.681, 37.866, 38.306, 38.438, 38.501, 38.476, 37.286, 35.026, 33.622, 33.42, 33.248, 32.434, 31.344, 30.681, 30.271, 29.713, 28.835, 27.58, 25.816, 22.787, 18.184, 14.887, 13.123, 8.795, 0.0, 8.835, 14.14, 16.634, 18.428, 21.114, 23.369, 24.357, 24.762, 25.221, 26.071, 27.075, 27.703, 28.271, 29.991, 32.504, 34.296, 35.285, 35.62, 35.658, 35.693, 35.824, 36.08, 36.451, 36.802, 36.952, 36.782, 37.035, 37.732, 38.332, 38.363, 38.011, 37.978, 38.638, 38.964, 38.673, 38.555, 38.568, 38.607, 38.728, 38.628, 38.324, 38.206, 37.98, 37.451, 37.032, 36.698, 36.176, 35.757, 35.399, 35.055, 35.076, 35.446, 35.641, 35.752, 36.079, 36.091, 35.569, 35.567, 36.21, 36.718, 36.924, 37.082, 37.238, 37.047, 36.791, 37.088, 37.542, 37.428, 37.216, 37.357, 37.429, 37.272, 37.252, 37.492, 37.629, 37.86, 38.041, 37.642, 36.98, 36.406, 36.372, 36.477, 36.552, 37.134, 37.891, 38.462, 38.886, 39.392, 40.297, 40.996, 40.832, 40.298, 40.073, 40.678, 41.622, 42.189, 42.214, 42.017, 41.551, 40.667, 39.708, 39.205, 38.603, 38.168, 38.955, 39.782, 39.971, 40.558, 41.941, 43.041, 43.382, 43.766, 43.852, 38.448], [38.496, 38.285, 38.976, 40.275, 40.697, 40.111, 39.122, 38.536, 38.742, 39.142, 39.281, 39.409, 39.481, 38.481, 36.513, 35.319, 35.15, 35.003, 34.288, 33.346, 32.819, 32.55, 32.157, 31.495, 30.519, 29.196, 26.855, 23.128, 20.326, 19.125, 16.128, 8.835, 0.0, 6.94, 11.126, 14.208, 17.819, 20.601, 21.854, 22.342, 22.895, 23.887, 24.97, 25.715, 26.485, 28.48, 31.307, 33.328, 34.405, 34.767, 34.847, 34.98, 35.28, 35.78, 36.376, 36.78, 36.932, 36.959, 37.515, 38.319, 38.898, 38.958, 38.651, 38.591, 39.178, 39.493, 39.249, 39.187, 39.234, 39.273, 39.393, 39.313, 39.018, 38.893, 38.676, 38.168, 37.767, 37.464, 36.985, 36.601, 36.284, 35.969, 35.988, 36.328, 36.513, 36.634, 36.932, 36.868, 36.328, 36.297, 36.856, 37.311, 37.51, 37.661, 37.789, 37.607, 37.363, 37.611, 38.029, 37.94, 37.748, 37.859, 37.931, 37.825, 37.803, 38.017, 38.174, 38.425, 38.61, 38.244, 37.622, 37.068, 37.019, 37.095, 37.151, 37.705, 38.453, 39.038, 39.468, 39.954, 40.828, 41.509, 41.35, 40.832, 40.605, 41.159, 42.052, 42.605, 42.639, 42.476, 42.065, 41.236, 40.31, 39.786, 39.175, 38.756, 39.481, 40.238, 40.392, 40.916, 42.221, 43.276, 43.615, 43.985, 44.084, 38.701], [38.66, 38.464, 39.135, 40.418, 40.878, 40.417, 39.603, 39.145, 39.405, 39.814, 39.967, 40.126, 40.233, 39.318, 37.5, 36.427, 36.287, 36.161, 35.495, 34.607, 34.109, 33.89, 33.576, 33.007, 32.148, 31.023, 29.029, 25.892, 23.483, 22.361, 19.892, 14.14, 6.94, 0.0, 5.986, 11.394, 16.123, 19.178, 20.534, 21.043, 21.618, 22.683, 23.818, 24.671, 25.628, 27.843, 30.86, 32.998, 34.122, 34.508, 34.618, 34.795, 35.158, 35.759, 36.47, 36.919, 37.069, 37.186, 37.899, 38.787, 39.368, 39.425, 39.14, 39.076, 39.624, 39.935, 39.724, 39.695, 39.761, 39.805, 39.923, 39.844, 39.554, 39.425, 39.216, 38.729, 38.343, 38.045, 37.576, 37.206, 36.924, 36.638, 36.645, 36.944, 37.137, 37.295, 37.589, 37.478, 36.941, 36.907, 37.4, 37.81, 38.02, 38.173, 38.264, 38.075, 37.853, 38.099, 38.503, 38.433, 38.256, 38.355, 38.43, 38.349, 38.332, 38.542, 38.728, 39.003, 39.188, 38.826, 38.217, 37.689, 37.651, 37.709, 37.757, 38.309, 39.038, 39.604, 40.024, 40.49, 41.338, 42.009, 41.853, 41.329, 41.099, 41.638, 42.495, 43.014, 43.056, 42.937, 42.573, 41.779, 40.867, 40.338, 39.731, 39.316, 39.995, 40.715, 40.848, 41.327, 42.604, 43.658, 43.995, 44.35, 44.46, 38.852], [38.262, 38.085, 38.831, 40.223, 40.738, 40.299, 39.514, 39.105, 39.454, 39.963, 40.165, 40.341, 40.463, 39.558, 37.728, 36.612, 36.426, 36.287, 35.638, 34.784, 34.344, 34.193, 33.906, 33.314, 32.469, 31.432, 29.627, 26.865, 24.848, 23.915, 21.635, 16.634, 11.126, 5.986, 0.0, 7.241, 13.497, 17.2, 18.688, 19.13, 19.626, 20.705, 21.947, 22.96, 24.078, 26.476, 29.685, 31.964, 33.181, 33.623, 33.764, 33.969, 34.371, 35.006, 35.744, 36.234, 36.441, 36.618, 37.401, 38.36, 38.972, 39.034, 38.755, 38.698, 39.237, 39.552, 39.386, 39.406, 39.497, 39.557, 39.693, 39.624, 39.335, 39.202, 38.987, 38.492, 38.088, 37.76, 37.255, 36.864, 36.581, 36.274, 36.251, 36.545, 36.753, 36.938, 37.231, 37.073, 36.478, 36.405, 36.878, 37.277, 37.497, 37.664, 37.748, 37.539, 37.306, 37.558, 37.967, 37.898, 37.735, 37.851, 37.928, 37.851, 37.836, 38.041, 38.231, 38.524, 38.72, 38.357, 37.743, 37.223, 37.207, 37.284, 37.359, 37.935, 38.658, 39.221,