[[0.0, 5.227, 12.617, 19.6, 23.736, 24.966, 25.335, 28.468, 33.778, 36.804, 36.937, 37.308, 39.814, 43.639, 45.6, 45.531, 45.408, 45.719, 46.224, 46.724, 47.444, 48.302, 48.802, 49.078, 49.388, 49.146, 48.214, 47.174, 46.38, 46.227, 46.665, 47.385, 47.76, 47.146, 44.907, 43.117, 42.914, 42.359, 39.772, 38.266, 38.707, 39.012, 38.66, 38.281, 38.562, 38.791, 38.64, 38.484, 38.4, 38.238, 37.889, 37.68, 37.797, 38.083, 38.428, 38.532, 38.506, 38.37, 38.334, 38.269, 38.201, 38.018, 37.579, 37.433, 38.074, 38.16, 37.434, 37.145, 37.573, 38.035, 38.686, 39.85, 40.641, 40.424, 39.861, 39.2, 38.418, 38.037, 37.93, 37.826, 37.9, 38.136, 38.241, 37.948, 38.431, 39.641, 40.301, 40.009, 39.778, 40.019, 40.204, 39.981, 40.06, 40.528, 40.37, 39.805, 39.46, 39.405, 39.401, 39.151, 38.915, 38.972, 39.246, 39.595, 39.922, 40.043, 40.075, 40.615, 41.248, 41.012, 40.392, 40.821, 40.872, 40.364, 40.57, 40.678, 40.42, 40.051, 40.118, 41.548, 43.433, 44.84, 45.452, 45.946, 46.486, 47.069, 47.38, 47.168, 46.893, 46.333, 45.313, 44.86, 44.886, 44.659, 44.289, 44.097, 43.873, 43.34, 42.488, 42.678, 44.793, 47.032, 46.841, 44.38, 42.55, 42.952, 44.391, 45.995, 46.986, 46.522, 46.139, 46.572, 46.328, 45.431, 45.045, 45.089, 44.823, 44.512, 44.488, 43.988, 43.395, 43.633, 43.759, 42.844, 41.985, 41.893, 41.69, 41.36, 41.446, 41.513, 41.207, 41.009, 41.263, 41.406, 41.305, 41.416, 41.763, 41.514, 40.754, 40.471, 40.976, 41.654, 41.925, 42.027, 42.077, 41.89, 41.543, 41.673, 42.22, 42.76, 43.172, 42.844, 41.828, 41.281, 42.174, 44.357, 46.99, 48.103, 47.824, 46.579, 45.149, 44.791, 44.757, 44.843, 45.376, 7.375], [5.227, 0.0, 8.428, 16.455, 21.275, 22.839, 23.427, 26.854, 32.548, 35.811, 35.977, 36.389, 39.037, 43.042, 45.089, 45.031, 44.905, 45.22, 45.735, 46.257, 47.005, 47.892, 48.417, 48.716, 49.035, 48.786, 47.846, 46.797, 45.991, 45.859, 46.345, 47.101, 47.464, 46.795, 44.491, 42.648, 42.431, 41.877, 39.238, 37.719, 38.18, 38.506, 38.148, 37.743, 38.016, 38.231, 38.062, 37.907, 37.819, 37.638, 37.283, 37.099, 37.244, 37.539, 37.877, 37.982, 37.983, 37.853, 37.816, 37.751, 37.683, 37.492, 37.051, 36.943, 37.661, 37.801, 37.081, 36.76, 37.15, 37.61, 38.311, 39.547, 40.382, 40.16, 39.58, 38.879, 38.025, 37.579, 37.445, 37.342, 37.411, 37.638, 37.738, 37.415, 37.925, 39.257, 39.996, 39.678, 39.431, 39.698, 39.899, 39.663, 39.708, 40.138, 39.941, 39.337, 38.946, 38.871, 38.88, 38.642, 38.403, 38.454, 38.719, 39.062, 39.392, 39.509, 39.521, 40.066, 40.727, 40.458, 39.721, 40.124, 40.183, 39.675, 39.915, 40.033, 39.729, 39.372, 39.57, 41.169, 43.123, 44.589, 45.228, 45.735, 46.332, 46.989, 47.323, 47.099, 46.815, 46.247, 45.205, 44.744, 44.778, 44.553, 44.166, 43.94, 43.676, 43.105, 42.235, 42.457, 44.611, 46.891, 46.705, 44.179, 42.224, 42.524, 43.941, 45.573, 46.594, 46.113, 45.689, 46.12, 45.904, 45.017, 44.625, 44.666, 44.393, 44.073, 44.047, 43.538, 42.93, 43.184, 43.327, 42.378, 41.518, 41.514, 41.399, 41.117, 41.252, 41.325, 40.989, 40.764, 41.01, 41.143, 41.017, 41.103, 41.427, 41.146, 40.351, 40.053, 40.563, 41.25, 41.52, 41.625, 41.677, 41.481, 41.124, 41.253, 41.822, 42.42, 42.879, 42.504, 41.426, 40.879, 41.801, 44.0, 46.65, 47.779, 47.486, 46.183, 44.708, 44.362, 44.348, 44.441, 44.996, 10.041], [12.617, 8.428, 0.0, 9.524, 16.072, 18.608, 19.627, 23.742, 30.318, 34.03, 34.29, 34.82, 37.655, 41.906, 44.091, 44.074, 43.95, 44.269, 44.806, 45.372, 46.166, 47.085, 47.637, 47.971, 48.321, 48.087, 47.167, 46.156, 45.427, 45.436, 46.023, 46.803, 47.155, 46.453, 44.079, 42.167, 41.937, 41.397, 38.747, 37.354, 37.928, 38.309, 37.953, 37.533, 37.787, 37.972, 37.783, 37.629, 37.536, 37.337, 36.986, 36.829, 36.992, 37.27, 37.585, 37.711, 37.772, 37.655, 37.598, 37.542, 37.482, 37.255, 36.796, 36.68, 37.419, 37.601, 36.888, 36.52, 36.845, 37.272, 37.976, 39.224, 40.07, 39.857, 39.296, 38.596, 37.707, 37.224, 37.063, 36.935, 36.982, 37.205, 37.293, 36.928, 37.498, 38.999, 39.827, 39.458, 39.189, 39.49, 39.716, 39.457, 39.43, 39.785, 39.534, 38.903, 38.487, 38.386, 38.39, 38.156, 37.9, 37.933, 38.176, 38.506, 38.847, 38.956, 38.906, 39.42, 40.098, 39.784, 38.928, 39.379, 39.475, 38.958, 39.249, 39.387, 39.013, 38.653, 38.989, 40.808, 42.873, 44.403, 45.078, 45.618, 46.282, 47.0, 47.328, 47.079, 46.791, 46.229, 45.179, 44.718, 44.773, 44.565, 44.174, 43.929, 43.631, 43.025, 42.127, 42.333, 44.512, 46.865, 46.719, 44.12, 42.019, 42.223, 43.593, 45.215, 46.252, 45.763, 45.308, 45.727, 45.533, 44.672, 44.282, 44.319, 44.039, 43.709, 43.68, 43.169, 42.571, 42.842, 42.981, 41.998, 41.162, 41.24, 41.203, 41.028, 41.28, 41.371, 41.026, 40.818, 41.081, 41.205, 41.057, 41.126, 41.46, 41.199, 40.396, 40.067, 40.581, 41.279, 41.532, 41.635, 41.713, 41.516, 41.129, 41.264, 41.885, 42.494, 42.857, 42.307, 41.1, 40.55, 41.479, 43.64, 46.318, 47.499, 47.209, 45.869, 44.352, 43.989, 43.967, 44.057, 44.583, 15.126], [19.6, 16.455, 9.524, 0.0, 8.246, 12.671, 15.015, 20.34, 28.077, 32.406, 32.777, 33.432, 36.644, 41.236, 43.53, 43.556, 43.458, 43.781, 44.32, 44.917, 45.744, 46.673, 47.22, 47.573, 47.96, 47.738, 46.82, 45.846, 45.24, 45.442, 46.133, 46.899, 47.22, 46.543, 44.204, 42.286, 42.049, 41.511, 38.781, 37.378, 38.005, 38.429, 38.05, 37.577, 37.798, 37.947, 37.721, 37.551, 37.448, 37.235, 36.882, 36.731, 36.891, 37.16, 37.467, 37.622, 37.753, 37.629, 37.505, 37.464, 37.455, 37.201, 36.71, 36.559, 37.296, 37.502, 36.784, 36.387, 36.671, 37.08, 37.775, 39.022, 39.867, 39.636, 39.053, 38.313, 37.382, 36.898, 36.763, 36.65, 36.678, 36.88, 36.96, 36.567, 37.194, 38.895, 39.832, 39.393, 39.052, 39.369, 39.641, 39.372, 39.223, 39.424, 39.091, 38.452, 38.026, 37.893, 37.888, 37.673, 37.435, 37.463, 37.655, 37.925, 38.255, 38.367, 38.268, 38.75, 39.438, 39.053, 38.059, 38.602, 38.748, 38.308, 38.77, 38.927, 38.437, 38.064, 38.593, 40.699, 42.941, 44.564, 45.275, 45.858, 46.576, 47.344, 47.662, 47.375, 47.07, 46.513, 45.455, 44.992, 45.066, 44.879, 44.479, 44.204, 43.876, 43.226, 42.224, 42.252, 44.364, 46.821, 46.78, 44.149, 41.894, 41.987, 43.331, 44.963, 46.016, 45.514, 45.045, 45.473, 45.311, 44.475, 44.09, 44.133, 43.873, 43.558, 43.538, 43.032, 42.459, 42.741, 42.876, 41.909, 41.158, 41.358, 41.46, 41.483, 41.895, 42.008, 41.687, 41.53, 41.817, 41.924, 41.752, 41.799, 42.113, 41.817, 40.927, 40.513, 41.027, 41.75, 41.975, 42.058, 42.155, 41.953, 41.523, 41.659, 42.356, 43.021, 43.266, 42.426, 40.959, 40.337, 41.28, 43.44, 46.155, 47.404, 47.135, 45.757, 44.181, 43.757, 43.7, 43.783, 44.27, 21.182], [23.736, 21.275, 16.072, 8.246, 0.0, 6.479, 11.832, 19.011, 27.425, 32.107, 32.526, 33.253, 36.772, 41.492, 43.763, 43.822, 43.752, 44.064, 44.587, 45.18, 46.012, 46.937, 47.465, 47.819, 48.226, 48.017, 47.108, 46.155, 45.577, 45.811, 46.516, 47.244, 47.494, 46.845, 44.623, 42.802, 42.584, 42.044, 39.336, 37.961, 38.583, 38.993, 38.588, 38.074, 38.25, 38.356, 38.093, 37.897, 37.784, 37.568, 37.21, 37.047, 37.183, 37.437, 37.734, 37.907, 38.074, 37.945, 37.786, 37.778, 37.842, 37.617, 37.102, 36.878, 37.56, 37.759, 37.058, 36.675, 36.964, 37.399, 38.106, 39.335, 40.147, 39.865, 39.215, 38.422, 37.475, 37.019, 36.945, 36.893, 36.921, 37.093, 37.193, 36.815, 37.419, 39.188, 40.189, 39.707, 39.293, 39.598, 39.904, 39.642, 39.403, 39.468, 39.074, 38.444, 38.002, 37.824, 37.822, 37.677, 37.517, 37.559, 37.685, 37.858, 38.119, 38.191, 38.046, 38.483, 39.151, 38.732, 37.658, 38.215, 38.412, 38.142, 38.804, 38.982, 38.412, 38.001, 38.646, 40.933, 43.267, 44.925, 45.653, 46.247, 46.961, 47.724, 48.032, 47.727, 47.418, 46.879, 45.828, 45.355, 45.424, 45.242, 44.839, 44.548, 44.212, 43.547, 42.485, 42.381, 44.397, 46.883, 46.919, 44.333, 42.095, 42.248, 43.673, 45.35, 46.403, 45.872, 45.383, 45.803, 45.634, 44.794, 44.405, 44.457, 44.228, 43.939, 43.923, 43.436, 42.91, 43.216, 43.358, 42.439, 41.747, 41.977, 42.087, 42.135, 42.587, 42.723, 42.431, 42.283, 42.552, 42.641, 42.465, 42.513, 42.803, 42.454, 41.49, 41.025, 41.527, 42.254, 42.47, 42.543, 42.636, 42.418, 41.977, 42.119, 42.849, 43.562, 43.801, 42.85, 41.219, 40.51, 41.475, 43.679, 46.4, 47.646, 47.39, 46.029, 44.442, 43.965, 43.875, 43.952, 44.425, 24.966], [24.966, 22.839, 18.608, 12.671, 6.479, 0.0, 8.046, 17.656, 27.028, 31.955, 32.36, 33.115, 36.793, 41.559, 43.82, 43.888, 43.825, 44.143, 44.675, 45.284, 46.145, 47.1, 47.639, 47.994, 48.404, 48.204, 47.307, 46.365, 45.774, 45.979, 46.671, 47.4, 47.667, 47.071, 44.913, 43.16, 42.963, 42.434, 39.767, 38.403, 39.02, 39.42, 39.02, 38.494, 38.627, 38.707, 38.442, 38.239, 38.118, 37.904, 37.548, 37.378, 37.504, 37.749, 38.047, 38.26, 38.47, 38.345, 38.194, 38.231, 38.331, 38.112, 37.575, 37.285, 37.892, 38.049, 37.351, 36.994, 37.319, 37.806, 38.544, 39.739, 40.488, 40.171, 39.511, 38.719, 37.774, 37.322, 37.273, 37.272, 37.32, 37.475, 37.587, 37.246, 37.797, 39.504, 40.513, 40.053, 39.616, 39.891, 40.189, 39.926, 39.674, 39.726, 39.341, 38.724, 38.268, 38.064, 38.06, 37.955, 37.834, 37.883, 38.0, 38.152, 38.373, 38.391, 38.197, 38.598, 39.237, 38.842, 37.817, 38.368, 38.573, 38.378, 39.089, 39.265, 38.734, 38.356, 38.995, 41.224, 43.488, 45.087, 45.799, 46.392, 47.079, 47.823, 48.146, 47.866, 47.582, 47.058, 46.028, 45.561, 45.624, 45.439, 45.038, 44.761, 44.446, 43.807, 42.792, 42.76, 44.832, 47.316, 47.323, 44.7, 42.47, 42.699, 44.177, 45.871, 46.918, 46.376, 45.873, 46.274, 46.089, 45.246, 44.855, 44.906, 44.689, 44.408, 44.396, 43.92, 43.415, 43.738, 43.883, 42.96, 42.261, 42.46, 42.512, 42.478, 42.862, 43.001, 42.731, 42.569, 42.822, 42.913, 42.746, 42.805, 43.107, 42.768, 41.795, 41.317, 41.803, 42.527, 42.765, 42.859, 42.945, 42.699, 42.254, 42.408, 43.136, 43.83, 44.052, 43.131, 41.514, 40.756, 41.697, 43.916, 46.639, 47.882, 47.647, 46.34, 44.793, 44.328, 44.246, 44.317, 44.773, 26.059], [25.335, 23.427, 19.627, 15.015, 11.832, 8.046, 0.0, 11.789, 23.346, 29.232, 29.687, 30.509, 34.811, 40.153, 42.597, 42.669, 42.631, 43.009, 43.604, 44.294, 45.268, 46.34, 46.935, 47.299, 47.729, 47.534, 46.615, 45.662, 45.12, 45.392, 46.108, 46.938, 47.413, 46.921, 44.709, 42.875, 42.663, 42.137, 39.341, 37.801, 38.377, 38.803, 38.431, 37.879, 37.993, 38.114, 37.899, 37.72, 37.611, 37.414, 37.069, 36.913, 37.065, 37.347, 37.67, 37.908, 38.169, 38.044, 37.84, 37.872, 37.975, 37.683, 37.113, 36.871, 37.516, 37.648, 36.902, 36.522, 36.851, 37.345, 38.088, 39.277, 40.002, 39.701, 39.085, 38.301, 37.315, 36.834, 36.782, 36.788, 36.863, 37.039, 37.144, 36.804, 37.419, 39.21, 40.257, 39.83, 39.4, 39.649, 39.91, 39.62, 39.412, 39.571, 39.243, 38.63, 38.204, 38.039, 38.034, 37.892, 37.715, 37.742, 37.899, 38.11, 38.366, 38.4, 38.223, 38.654, 39.31, 38.925, 37.945, 38.588, 38.808, 38.472, 38.987, 39.071, 38.584, 38.285, 38.893, 41.026, 43.297, 44.897, 45.579, 46.163, 46.85, 47.608, 47.964, 47.702, 47.426, 46.895, 45.848, 45.376, 45.451, 45.265, 44.831, 44.535, 44.239, 43.618, 42.603, 42.627, 44.806, 47.316, 47.267, 44.502, 42.103, 42.211, 43.585, 45.237, 46.301, 45.777, 45.268, 45.679, 45.504, 44.667, 44.292, 44.338, 44.071, 43.751, 43.755, 43.285, 42.742, 43.052, 43.192, 42.24, 41.522, 41.745, 41.851, 41.873, 42.271, 42.424, 42.181, 42.045, 42.334, 42.453, 42.291, 42.335, 42.65, 42.329, 41.338, 40.834, 41.324, 42.083, 42.361, 42.475, 42.556, 42.28, 41.805, 41.958, 42.673, 43.331, 43.524, 42.629, 41.056, 40.27, 41.151, 43.364, 46.171, 47.52, 47.327, 45.994, 44.401, 43.945, 43.891, 43.966, 44.399, 26.402], [28.468, 26.854, 23.742, 20.34, 19.011, 17.656, 11.789, 0.0, 13.957, 22.049, 22.978, 23.95, 29.821, 36.658, 39.575, 39.703, 39.741, 40.204, 40.908, 41.733, 42.855, 44.097, 44.823, 45.244, 45.719, 45.551, 44.614, 43.685, 43.309, 43.811, 44.654, 45.662, 46.469, 46.152, 43.913, 42.004, 41.761, 41.277, 38.527, 37.046, 37.604, 38.044, 37.712, 37.134, 37.224, 37.381, 37.196, 37.027, 36.928, 36.747, 36.422, 36.28, 36.452, 36.759, 37.054, 37.28, 37.632, 37.505, 37.146, 37.149, 37.343, 37.017, 36.446, 36.37, 37.16, 37.336, 36.582, 36.131, 36.346, 36.716, 37.31, 38.412, 39.14, 38.922, 38.397, 37.611, 36.553, 36.039, 35.976, 35.922, 35.933, 36.117, 36.217, 35.847, 36.674, 38.803, 39.982, 39.565, 39.19, 39.465, 39.684, 39.371, 39.249, 39.573, 39.322, 38.742, 38.427, 38.363, 38.377, 38.186, 37.92, 37.911, 38.128, 38.439, 38.794, 38.947, 38.899, 39.414, 40.086, 39.674, 38.695, 39.481, 39.717, 38.987, 38.986, 38.863, 38.354, 38.079, 38.62, 40.699, 43.159, 44.883, 45.532, 46.076, 46.768, 47.522, 47.849, 47.566, 47.271, 46.717, 45.619, 45.101, 45.184, 45.009, 44.505, 44.114, 43.796, 43.157, 42.011, 41.916, 44.088, 46.644, 46.662, 43.848, 41.209, 40.95, 41.975, 43.429, 44.427, 43.876, 43.338, 43.776, 43.645, 42.834, 42.494, 42.538, 42.183, 41.787, 41.822, 41.398, 40.802, 41.039, 41.144, 40.23, 39.583, 39.971, 40.395, 40.752, 41.329, 41.525, 41.326, 41.241, 41.547, 41.659, 41.479, 41.493, 41.81, 41.533, 40.586, 40.085, 40.588, 41.377, 41.66, 41.745, 41.821, 41.54, 41.0, 41.111, 41.8, 42.309, 42.33, 41.416, 39.965, 39.269, 39.995, 41.992, 44.825, 46.392, 46.326, 44.94, 43.249, 42.752, 42.691, 42.785, 43.142, 29.525], [33.778, 32.548, 30.318, 28.077, 27.425, 27.028, 23.346, 13.957, 0.0, 10.478, 12.794, 14.194, 21.929, 30.671, 34.33, 34.671, 34.845, 35.429, 36.349, 37.38, 38.591, 39.929, 40.852, 41.414, 41.94, 41.821, 40.97, 40.2, 40.13, 41.036, 42.138, 43.332, 44.528, 44.687, 42.862, 41.248, 41.061, 40.695, 38.597, 37.803, 38.427, 38.832, 38.541, 37.973, 38.02, 38.16, 37.972, 37.802, 37.71, 37.553, 37.281, 37.153, 37.317, 37.594, 37.803, 38.086, 38.58, 38.435, 37.959, 38.011, 38.333, 38.03, 37.503, 37.563, 38.402, 38.623, 37.972, 37.505, 37.568, 37.711, 37.986, 38.829, 39.513, 39.411, 39.014, 38.297, 37.259, 36.751, 36.682, 36.532, 36.336, 36.371, 36.408, 35.957, 36.769, 38.992, 40.263, 39.938, 39.76, 40.15, 40.377, 40.123, 40.117, 40.562, 40.399, 39.913, 39.734, 39.772, 39.819, 39.611, 39.287, 39.245, 39.484, 39.838, 40.261, 40.533, 40.607, 41.117, 41.725, 41.322, 40.436, 41.263, 41.48, 40.413, 39.873, 39.556, 39.133, 38.92, 39.341, 41.206, 43.691, 45.432, 46.051, 46.567, 47.236, 47.901, 48.078, 47.714, 47.378, 46.824, 45.735, 45.182, 45.248, 45.102, 44.585, 44.12, 43.773, 43.116, 41.809, 41.488, 43.552, 46.042, 46.197, 43.633, 41.088, 40.573, 41.18, 42.281, 43.062, 42.448, 41.888, 42.306, 42.185, 41.464, 41.214, 41.274, 40.897, 40.494, 40.558, 40.23, 39.68, 39.822, 39.846, 39.056, 38.543, 39.083, 39.87, 40.617, 41.349, 41.545, 41.376, 41.317, 41.57, 41.637, 41.459, 41.474, 41.788, 41.613, 40.863, 40.449, 40.92, 41.647, 41.892, 41.948, 42.027, 41.751, 41.152, 41.224, 41.827, 41.913, 41.369, 40.381, 39.352, 38.983, 39.471, 40.948, 43.485, 45.094, 45.146, 43.775, 42.07, 41.57, 41.545, 41.672, 41.906, 34.668], [36.804, 35.811, 34.03, 32.406, 32.107, 31.955, 29.232, 22.049, 10.478, 0.0, 4.647, 8.212, 16.452, 25.874, 30.059, 30.716, 31.03, 31.682, 32.772, 33.968, 35.211, 36.55, 37.591, 38.268, 38.819, 38.723, 37.966, 37.34, 37.473, 38.656, 39.968, 41.293, 42.716, 43.299, 41.993, 40.803, 40.722, 40.448, 38.96, 38.853, 39.614, 39.987, 39.709, 39.182, 39.211, 39.325, 39.152, 39.004, 38.933, 38.811, 38.599, 38.496, 38.658, 38.916, 39.095, 39.448, 39.996, 39.818, 39.345, 39.471, 39.787, 39.471, 38.991, 39.062, 39.795, 39.981, 39.388, 38.952, 38.987, 39.037, 39.13, 39.784, 40.394, 40.328, 40.011, 39.399, 38.46, 37.988, 37.927, 37.756, 37.463, 37.378, 37.351, 36.799, 37.342, 39.318, 40.565, 40.35, 40.329, 40.806, 41.068, 40.888, 40.966, 41.45, 41.336, 40.903, 40.769, 40.85, 40.922, 40.718, 40.389, 40.338, 40.557, 40.883, 41.294, 41.578, 41.673, 42.128, 42.666, 42.294, 41.534, 42.344, 42.551, 41.455, 40.76, 40.39, 40.089, 39.936, 40.256, 41.888, 44.213, 45.856, 46.465, 46.99, 47.646, 48.234, 48.302, 47.887, 47.537, 46.993, 45.946, 45.4, 45.452, 45.323, 44.835, 44.385, 44.052, 43.418, 42.072, 41.609, 43.527, 45.867, 46.041, 43.695, 41.453, 41.087, 41.643, 42.603, 43.273, 42.647, 42.103, 42.479, 42.316, 41.666, 41.487, 41.56, 41.211, 40.842, 40.908, 40.644, 40.192, 40.308, 40.288, 39.573, 39.069, 39.508, 40.248, 41.046, 41.781, 41.961, 41.817, 41.763, 41.982, 42.043, 41.893, 41.912, 42.2, 42.077, 41.473, 41.142, 41.582, 42.236, 42.452, 42.518, 42.611, 42.325, 41.723, 41.81, 42.35, 42.17, 41.337, 40.365, 39.577, 39.367, 39.766, 41.06, 43.425, 44.933, 44.969, 43.599, 41.903, 41.432, 41.448, 41.574, 41.782, 37.504], [36.937, 35.977, 34.29, 32.777, 32.526, 32.36, 29.687, 22.978, 12.794, 4.647, 0.0, 6.089, 15.933, 25.597, 29.746, 30.38, 30.732, 31.426, 32.521, 33.719, 34.981, 36.332, 37.361, 38.025, 38.573, 38.481, 37.725, 37.098, 37.235, 38.441, 39.794, 41.178, 42.632, 43.199, 41.89, 40.727, 40.687, 40.41, 38.828, 38.604, 39.342, 39.723, 39.429, 38.882, 38.91, 39.038, 38.871, 38.723, 38.655, 38.535, 38.319, 38.208, 38.374, 38.652, 38.846, 39.204, 39.761, 39.586, 39.124, 39.265, 39.568, 39.224, 38.737, 38.825, 39.574, 39.753, 39.138, 38.699, 38.755, 38.821, 38.924, 39.603, 40.227, 40.159, 39.838, 39.233, 38.28, 37.773, 37.693, 37.53, 37.246, 37.148, 37.106, 36.514, 37.048, 39.063, 40.321, 40.091, 40.048, 40.516, 40.776, 40.594, 40.68, 41.186, 41.084, 40.647, 40.515, 40.612, 40.696, 40.492, 40.159, 40.112, 40.34, 40.673, 41.085, 41.354, 41.431, 41.885, 42.429, 42.048, 41.288, 42.135, 42.351, 41.251, 40.571, 40.206, 39.916, 39.77, 40.075, 41.67, 43.982, 45.65, 46.274, 46.798, 47.461, 48.059, 48.126, 47.7, 47.339, 46.804, 45.762, 45.216, 45.269, 45.14, 44.652, 44.205, 43.873, 43.235, 41.891, 41.447, 43.373, 45.689, 45.81, 43.405, 41.15, 40.816, 41.417, 42.426, 43.134, 42.53, 42.013, 42.421, 42.265, 41.607, 41.429, 41.514, 41.176, 40.812, 40.873, 40.594, 40.133, 40.263, 40.257, 39.519, 38.962, 39.362, 40.085, 40.883, 41.608, 41.773, 41.615, 41.547, 41.767, 41.833, 41.685, 41.704, 41.993, 41.856, 41.232, 40.9, 41.357, 42.028, 42.244, 42.302, 42.375, 42.065, 41.466, 41.563, 42.092, 41.93, 41.192, 40.25, 39.374, 39.108, 39.537, 40.896, 43.297, 44.805, 44.823, 43.415, 41.688, 41.227, 41.246, 41.37, 41.612, 37.602], [37.308, 36.389, 34.82, 33.432, 33.253, 33.115, 30.509, 23.95, 14.194, 8.212, 6.089, 0.0, 12.121, 23.265, 27.901, 28.512, 28.856, 29.727, 31.017, 32.328, 33.655, 35.058, 36.122, 36.798, 37.344, 37.251, 36.515, 35.914, 36.08, 37.363, 38.792, 40.264, 41.926, 42.712, 41.475, 40.308, 40.289, 40.108, 38.69, 38.575, 39.288, 39.678, 39.4, 38.842, 38.869, 39.013, 38.845, 38.69, 38.619, 38.491, 38.276, 38.174, 38.343, 38.62, 38.818, 39.158, 39.69, 39.532, 39.102, 39.229, 39.523, 39.19, 38.685, 38.754, 39.494, 39.676, 39.081, 38.645, 38.686, 38.748, 38.85, 39.523, 40.157, 40.107, 39.8, 39.215, 38.269, 37.734, 37.634, 37.475, 37.18, 37.048, 36.991, 36.413, 36.973, 38.989, 40.251, 40.044, 40.033, 40.524, 40.8, 40.637, 40.735, 41.227, 41.118, 40.686, 40.556, 40.633, 40.697, 40.494, 40.17, 40.134, 40.364, 40.69, 41.099, 41.365, 41.414, 41.831, 42.366, 41.974, 41.194, 42.026, 42.23, 41.111, 40.436, 40.097, 39.84, 39.717, 39.996, 41.542, 43.828, 45.482, 46.107, 46.639, 47.305, 47.893, 47.953, 47.521, 47.145, 46.638, 45.602, 45.054, 45.106, 44.975, 44.49, 44.049, 43.722, 43.087, 41.754, 41.335, 43.235, 45.479, 45.549, 43.174, 40.983, 40.656, 41.234, 42.234, 42.929, 42.333, 41.859, 42.299, 42.146, 41.493, 41.327, 41.432, 41.111, 40.74, 40.772, 40.475, 40.034, 40.186, 40.182, 39.449, 38.91, 39.338, 40.122, 40.963, 41.68, 41.822, 41.632, 41.547, 41.759, 41.818, 41.668, 41.687, 41.961, 41.786, 41.109, 40.736, 41.159, 41.813, 42.034, 42.095, 42.166, 41.86, 41.27, 41.382, 41.891, 41.629, 40.81, 39.942, 39.172, 38.891, 39.187, 40.476, 42.909, 44.453, 44.484, 43.104, 41.41, 40.978, 41.018, 41.144, 41.406, 37.953], [39.814, 39.037, 37.655, 36.644, 36.772, 36.793, 34.811, 29.821, 21.929, 16.452, 15.933, 12.121, 0.0, 12.823, 19.134, 20.609, 21.058, 22.199, 24.128, 25.879, 27.317, 28.761, 30.016, 30.869, 31.434, 31.327, 30.705, 30.278, 30.603, 32.18, 33.83, 35.471, 37.734, 39.503, 39.157, 38.613, 38.702, 38.826, 38.905, 40.493, 41.693, 42.069, 41.826, 41.375, 41.399, 41.507, 41.373, 41.263, 41.21, 41.102, 40.97, 40.933, 41.058, 41.237, 41.391, 41.707, 42.114, 41.939, 41.632, 41.769, 41.932, 41.611, 41.154, 41.112, 41.593, 41.713, 41.259, 40.902, 40.88, 40.854, 40.834, 41.3, 41.823, 41.798, 41.568, 41.147, 40.429, 39.988, 39.868, 39.668, 39.316, 39.115, 39.033, 38.509, 38.79, 40.291, 41.419, 41.386, 41.598, 42.184, 42.508, 42.451, 42.612, 43.018, 42.907, 42.551, 42.444, 42.466, 42.478, 42.285, 41.996, 41.963, 42.135, 42.359, 42.702, 42.973, 43.016, 43.308, 43.756, 43.428, 42.679, 43.187, 43.319, 42.35, 41.712, 41.457, 41.375, 41.344, 41.564, 42.963, 44.979, 46.384, 46.941, 47.503, 48.15, 48.608, 48.542, 48.099, 47.761, 47.336, 46.419, 45.934, 45.983, 45.857, 45.433, 45.065, 44.793, 44.221, 42.975, 42.489, 44.023, 45.913, 45.989, 44.049, 42.426, 42.46, 43.102, 43.967, 44.505, 43.877, 43.399, 43.706, 43.421, 42.813, 42.688, 42.789, 42.513, 42.161, 42.134, 41.889, 41.638, 41.838, 41.785, 41.134, 40.543, 40.598, 41.042, 41.763, 42.415, 42.515, 42.336, 42.256, 42.426, 42.479, 42.398, 42.472, 42.749, 42.634, 42.099, 41.817, 42.154, 42.66, 42.841, 42.952, 43.079, 42.821, 42.319, 42.5, 42.887, 42.226, 41.079, 40.547, 40.369, 40.256, 40.34, 41.492, 43.846, 45.245, 45.257, 44.059, 42.513, 42.086, 42.15, 42.236, 42.439, 40.253], [43.639, 43.042, 41.906, 41.236, 41.492, 41.559, 40.153, 36.658, 30.671, 25.874, 25.597, 23.265, 12.823, 0.0, 8.191, 12.029, 13.335, 14.64, 17.193, 19.376, 20.767, 22.061, 23.484, 24.565, 25.194, 25.143, 24.747, 24.625, 25.13, 26.962, 28.773, 30.427, 33.129, 35.942, 36.893, 37.4, 37.682, 38.087, 40.024, 43.712, 45.525, 45.853, 45.638, 45.324, 45.344, 45.409, 45.321, 45.267, 45.235, 45.16, 45.129, 45.148, 45.185, 45.221, 45.287, 45.542, 45.79, 45.578, 45.383, 45.544, 45.582, 45.278, 44.89, 44.72, 44.883, 44.908, 44.615, 44.379, 44.316, 44.209, 44.067, 44.281, 44.635, 44.648, 44.525, 44.314, 43.903, 43.612, 43.484, 43.258, 42.905, 42.688, 42.591, 42.184, 42.225, 43.158, 44.101, 44.229, 44.624, 45.22, 45.519, 45.535, 45.75, 46.069, 45.959, 45.709, 45.671, 45.659, 45.612, 45.417, 45.153, 45.127, 45.257, 45.385, 45.635, 45.885, 45.917, 46.084, 46.431, 46.191, 45.499, 45.627, 45.684, 44.933, 44.373, 44.226, 44.316, 44.32, 44.412, 45.582, 47.242, 48.351, 48.779, 49.303, 49.894, 50.188, 49.984, 49.559, 49.29, 48.985, 48.26, 47.874, 47.918, 47.819, 47.484, 47.199, 46.992, 46.525, 45.461, 44.952, 46.01, 47.407, 47.491, 46.11, 45.194, 45.705, 46.493, 47.254, 47.658, 47.035, 46.538, 46.611, 46.109, 45.506, 45.41, 45.502, 45.281, 44.961, 44.887, 44.718, 44.685, 44.932, 44.848, 44.317, 43.607, 43.055, 42.889, 43.303, 43.817, 43.874, 43.731, 43.643, 43.731, 43.785, 43.796, 43.929, 44.218, 44.252, 44.009, 43.89, 44.147, 44.488, 44.611, 44.754, 44.909, 44.699, 44.33, 44.573, 44.789, 43.855, 42.674, 42.663, 43.052, 43.085, 43.065, 44.084, 46.233, 47.387, 47.371, 46.406, 45.054, 44.633, 44.713, 44.746, 44.859, 43.835], [45.6, 45.089, 44.091, 43.53, 43.763, 43.82, 42.597, 39.575, 34.33, 30.059, 29.746, 27.901, 19.134, 8.191, 0.0, 5.999, 9.115, 11.071, 13.825, 16.078, 17.414, 18.747, 20.404, 21.626, 22.28, 22.331, 22.187, 22.38, 23.11, 25.149, 27.106, 28.778, 31.631, 34.89, 36.433, 37.373, 37.747, 38.231, 40.706, 45.107, 47.139, 47.45, 47.258, 46.977, 46.981, 47.031, 46.952, 46.912, 46.881, 46.811, 46.821, 46.867, 46.866, 46.843, 46.867, 47.088, 47.271, 47.031, 46.85, 47.027, 47.046, 46.752, 46.38, 46.178, 46.257, 46.265, 46.051, 45.873, 45.791, 45.654, 45.476, 45.61, 45.915, 45.963, 45.892, 45.74, 45.412, 45.168, 45.046, 44.835, 44.512, 44.302, 44.197, 43.856, 43.835, 44.594, 45.489, 45.67, 46.09, 46.638, 46.893, 46.911, 47.127, 47.416, 47.301, 47.085, 47.092, 47.095, 47.028, 46.815, 46.543, 46.524, 46.664, 46.78, 47.008, 47.256, 47.283, 47.399, 47.713, 47.521, 46.876, 46.88, 46.899, 46.222, 45.71, 45.611, 45.731, 45.712, 45.721, 46.746, 48.238, 49.242, 49.619, 50.129, 50.707, 50.942, 50.687, 50.271, 50.015, 49.753, 49.101, 48.745, 48.782, 48.702, 48.395, 48.117, 47.916, 47.494, 46.523, 46.032, 46.888, 48.067, 48.135, 46.953, 46.333, 47.075, 47.931, 48.646, 49.001, 48.4, 47.913, 47.889, 47.283, 46.661, 46.573, 46.67, 46.473, 46.165, 46.085, 45.965, 46.018, 46.275, 46.19, 45.739, 45.005, 44.22, 43.796, 44.065, 44.504, 44.537, 44.388, 44.258, 44.29, 44.344, 44.378, 44.511, 44.792, 44.888, 44.771, 44.708, 44.926, 45.208, 45.312, 45.455, 45.6, 45.398, 45.089, 45.343, 45.466, 44.488, 43.47, 43.73, 44.228, 44.278, 44.253, 45.203, 47.242, 48.318, 48.304, 47.429, 46.163, 45.765, 45.857, 45.874, 45.94, 45.715], [45.531, 45.031, 44.074, 43.556, 43.822, 43.888, 42.669, 39.703, 34.671, 30.716, 30.38, 28.512, 20.609, 12.029, 5.999, 0.0, 4.815, 8.793, 12.449, 14.814, 16.273, 18.038, 20.121, 21.465, 22.067, 22.129, 22.101, 22.419, 23.247, 25.375, 27.458, 29.241, 32.15, 35.419, 36.9, 37.701, 38.06, 38.592, 40.803, 44.822, 46.768, 47.107, 46.928, 46.633, 46.631, 46.684, 46.606, 46.563, 46.514, 46.426, 46.439, 46.5, 46.5, 46.478, 46.526, 46.764, 46.948, 46.713, 46.537, 46.692, 46.685, 46.38, 46.0, 45.821, 45.951, 45.975, 45.762, 45.591, 45.501, 45.349, 45.18, 45.35, 45.688, 45.743, 45.665, 45.484, 45.123, 44.878, 44.773, 44.577, 44.262, 44.05, 43.948, 43.609, 43.541, 44.246, 45.135, 45.32, 45.746, 46.299, 46.556, 46.578, 46.813, 47.13, 47.009, 46.766, 46.76, 46.768, 46.708, 46.504, 46.238, 46.222, 46.358, 46.463, 46.694, 46.964, 47.01, 47.132, 47.452, 47.287, 46.701, 46.727, 46.74, 46.085, 45.582, 45.479, 45.599, 45.593, 45.585, 46.506, 47.9, 48.888, 49.285, 49.812, 50.391, 50.625, 50.376, 49.954, 49.679, 49.402, 48.743, 48.381, 48.419, 48.34, 48.021, 47.719, 47.508, 47.087, 46.106, 45.587, 46.409, 47.568, 47.599, 46.381, 45.788, 46.6, 47.481, 48.186, 48.527, 47.934, 47.49, 47.52, 46.954, 46.338, 46.257, 46.364, 46.165, 45.853, 45.779, 45.672, 45.72, 45.952, 45.847, 45.397, 44.7, 44.021, 43.703, 44.004, 44.424, 44.452, 44.283, 44.12, 44.151, 44.217, 44.238, 44.353, 44.632, 44.71, 44.549, 44.451, 44.638, 44.915, 45.04, 45.194, 45.329, 45.111, 44.781, 45.006, 45.096, 44.134, 43.21, 43.502, 43.922, 43.936, 43.916, 44.867, 46.897, 47.995, 47.994, 47.102, 45.812, 45.401, 45.481, 45.499, 45.558, 45.662], [45.408, 44.905, 43.95, 43.458, 43.752, 43.825, 42.631, 39.741, 34.845, 31.03, 30.732, 28.856, 21.058, 13.335, 9.115, 4.815, 0.0, 5.592, 10.49, 13.237, 14.856, 16.949, 19.39, 20.919, 21.545, 21.61, 21.634, 22.014, 22.909, 25.128, 27.311, 29.15, 32.054, 35.288, 36.715, 37.47, 37.836, 38.444, 40.696, 44.618, 46.553, 46.925, 46.766, 46.495, 46.508, 46.567, 46.495, 46.449, 46.391, 46.297, 46.308, 46.372, 46.375, 46.357, 46.42, 46.671, 46.849, 46.627, 46.48, 46.624, 46.582, 46.254, 45.857, 45.671, 45.808, 45.825, 45.598, 45.425, 45.328, 45.155, 44.976, 45.15, 45.489, 45.537, 45.454, 45.279, 44.938, 44.721, 44.628, 44.43, 44.107, 43.896, 43.807, 43.463, 43.352, 44.002, 44.873, 45.056, 45.497, 46.074, 46.347, 46.386, 46.652, 46.993, 46.872, 46.613, 46.583, 46.571, 46.513, 46.345, 46.115, 46.107, 46.224, 46.308, 46.532, 46.807, 46.868, 47.003, 47.327, 47.176, 46.641, 46.705, 46.718, 46.077, 45.576, 45.462, 45.579, 45.585, 45.585, 46.464, 47.822, 48.805, 49.197, 49.713, 50.276, 50.505, 50.257, 49.839, 49.568, 49.281, 48.62, 48.261, 48.301, 48.224, 47.91, 47.613, 47.412, 46.996, 45.986, 45.415, 46.221, 47.378, 47.388, 46.158, 45.573, 46.399, 47.298, 48.014, 48.351, 47.76, 47.34, 47.41, 46.88, 46.283, 46.21, 46.315, 46.106, 45.79, 45.71, 45.593, 45.622, 45.836, 45.707, 45.22, 44.548, 43.987, 43.769, 44.089, 44.494, 44.539, 44.393, 44.242, 44.29, 44.367, 44.383, 44.5, 44.799, 44.884, 44.698, 44.58, 44.758, 45.038, 45.185, 45.35, 45.486, 45.274, 44.943, 45.155, 45.262, 44.34, 43.394, 43.592, 43.939, 43.928, 43.927, 44.885, 46.889, 47.968, 47.965, 47.058, 45.73, 45.282, 45.342, 45.356, 45.416, 45.526], [45.719, 45.22, 44.269, 43.781, 44.064, 44.143, 43.009, 40.204, 35.429, 31.682, 31.426, 29.727, 22.199, 14.64, 11.071, 8.793, 5.592, 0.0, 5.671, 9.105, 11.149, 13.54, 16.277, 18.043, 18.834, 19.03, 19.24, 19.854, 20.977, 23.471, 25.846, 27.729, 30.634, 33.913, 35.412, 36.286, 36.684, 37.363, 40.039, 44.521, 46.651, 47.035, 46.895, 46.693, 46.75, 46.819, 46.746, 46.701, 46.65, 46.569, 46.578, 46.639, 46.651, 46.635, 46.674, 46.915, 47.089, 46.863, 46.711, 46.861, 46.812, 46.465, 46.046, 45.816, 45.905, 45.907, 45.69, 45.521, 45.405, 45.208, 45.004, 45.139, 45.424, 45.45, 45.377, 45.24, 44.949, 44.761, 44.674, 44.467, 44.135, 43.938, 43.871, 43.544, 43.467, 44.149, 45.042, 45.215, 45.631, 46.202, 46.482, 46.519, 46.774, 47.115, 47.005, 46.76, 46.735, 46.719, 46.662, 46.507, 46.296, 46.3, 46.426, 46.522, 46.745, 47.011, 47.078, 47.226, 47.549, 47.406, 46.893, 47.0, 46.997, 46.316, 45.805, 45.675, 45.761, 45.752, 45.757, 46.661, 48.075, 49.064, 49.412, 49.899, 50.465, 50.71, 50.478, 50.086, 49.835, 49.537, 48.88, 48.532, 48.579, 48.506, 48.197, 47.908, 47.713, 47.3, 46.283, 45.709, 46.557, 47.745, 47.761, 46.548, 45.966, 46.753, 47.631, 48.337, 48.663, 48.05, 47.573, 47.551, 46.95, 46.334, 46.259, 46.352, 46.138, 45.821, 45.731, 45.608, 45.641, 45.864, 45.74, 45.234, 44.578, 44.042, 43.788, 44.064, 44.444, 44.512, 44.431, 44.34, 44.403, 44.472, 44.476, 44.588, 44.92, 45.087, 44.984, 44.911, 45.115, 45.404, 45.543, 45.698, 45.835, 45.645, 45.353, 45.597, 45.731, 44.839, 43.86, 43.949, 44.214, 44.201, 44.248, 45.208, 47.174, 48.21, 48.201, 47.326, 46.024, 45.584, 45.646, 45.665, 45.725, 45.792], [46.224, 45.735, 44.806, 44.32, 44.587, 44.675, 43.604, 40.908, 36.349, 32.772, 32.521, 31.017, 24.128, 17.193, 13.825, 12.449, 10.49, 5.671, 0.0, 4.15, 7.109, 10.156, 13.212, 15.163, 16.144, 16.56, 17.106, 18.068, 19.391, 22.09, 24.646, 26.566, 29.431, 32.733, 34.301, 35.255, 35.67, 36.401, 39.413, 44.463, 46.814, 47.209, 47.078, 46.938, 47.048, 47.131, 47.057, 47.014, 46.977, 46.909, 46.919, 46.979, 47.005, 46.989, 47.0, 47.228, 47.405, 47.172, 47.007, 47.16, 47.105, 46.738, 46.308, 46.045, 46.091, 46.083, 45.884, 45.719, 45.584, 45.371, 45.163, 45.275, 45.506, 45.502, 45.438, 45.327, 45.066, 44.895, 44.813, 44.606, 44.281, 44.101, 44.052, 43.764, 43.778, 44.525, 45.441, 45.604, 45.972, 46.502, 46.758, 46.77, 46.99, 47.315, 47.216, 46.989, 46.983, 46.983, 46.924, 46.756, 46.538, 46.548, 46.7, 46.825, 47.051, 47.301, 47.366, 47.519, 47.841, 47.706, 47.195, 47.322, 47.304, 46.6, 46.08, 45.927, 45.982, 45.96, 45.955, 46.865, 48.325, 49.318, 49.617, 50.068, 50.644, 50.932, 50.751, 50.397, 50.159, 49.853, 49.202, 48.869, 48.927, 48.852, 48.534, 48.24, 48.042, 47.636, 46.642, 46.108, 47.031, 48.271, 48.293, 47.099, 46.526, 47.264, 48.098, 48.78, 49.097, 48.468, 47.923, 47.783, 47.091, 46.438, 46.35, 46.431, 46.214, 45.895, 45.801, 45.687, 45.743, 45.98, 45.868, 45.372, 44.749, 44.203, 43.861, 44.063, 44.408, 44.489, 44.464, 44.432, 44.508, 44.567, 44.554, 44.652, 45.013, 45.27, 45.263, 45.239, 45.462, 45.748, 45.867, 46.004, 46.132, 45.948, 45.681, 45.951, 46.091, 45.216, 44.252, 44.29, 44.502, 44.496, 44.571, 45.533, 47.496, 48.517, 48.517, 47.696, 46.453, 46.039, 46.106, 46.134, 46.206, 46.27], [46.724, 46.257, 45.372, 44.917, 45.18, 45.284, 44.294, 41.733, 37.38, 33.968, 33.719, 32.328, 25.879, 19.376, 16.078, 14.814, 13.237, 9.105, 4.15, 0.0, 3.815, 7.973, 11.636, 13.763, 14.819, 15.399, 16.257, 17.547, 19.034, 21.806, 24.418, 26.284, 29.019, 32.323, 34.001, 35.025, 35.447, 36.216, 39.398, 44.703, 47.15, 47.552, 47.419, 47.302, 47.44, 47.537, 47.466, 47.425, 47.397, 47.337, 47.344, 47.402, 47.429, 47.404, 47.397, 47.627, 47.805, 47.565, 47.4, 47.557, 47.485, 47.11, 46.679, 46.4, 46.429, 46.418, 46.232, 46.073, 45.925, 45.704, 45.504, 45.605, 45.802, 45.776, 45.71, 45.606, 45.362, 45.202, 45.123, 44.92, 44.609, 44.443, 44.405, 44.159, 44.227, 44.966, 45.867, 46.037, 46.392, 46.887, 47.112, 47.102, 47.306, 47.626, 47.533, 47.313, 47.316, 47.327, 47.265, 47.084, 46.858, 46.871, 47.032, 47.166, 47.389, 47.631, 47.699, 47.849, 48.162, 48.034, 47.533, 47.643, 47.614, 46.914, 46.387, 46.231, 46.285, 46.254, 46.22, 47.104, 48.57, 49.557, 49.833, 50.256, 50.826, 51.141, 51.002, 50.669, 50.432, 50.124, 49.481, 49.158, 49.219, 49.14, 48.811, 48.514, 48.32, 47.932, 46.962, 46.437, 47.384, 48.629, 48.653, 47.51, 46.992, 47.727, 48.534, 49.189, 49.489, 48.859, 48.293, 48.105, 47.382, 46.722, 46.633, 46.707, 46.485, 46.164, 46.067, 45.969, 46.048, 46.286, 46.171, 45.693, 45.097, 44.537, 44.137, 44.284, 44.589, 44.665, 44.658, 44.64, 44.709, 44.763, 44.748, 44.847, 45.23, 45.538, 45.579, 45.579, 45.796, 46.059, 46.162, 46.292, 46.408, 46.21, 45.942, 46.219, 46.355, 45.479, 44.533, 44.6, 44.84, 44.85, 44.905, 45.833, 47.785, 48.808, 48.827, 48.049, 46.839, 46.43, 46.492, 46.521, 46.599, 46.762], [47.444, 47.005, 46.166, 45.744, 46.012, 46.145, 45.268, 42.855, 38.591, 35.211, 34.981, 33.655, 27.317, 20.767, 17.414, 16.273, 14.856, 11.149, 7.109, 3.815, 0.0, 5.015, 9.567, 12.146, 13.286, 13.937, 15.091, 16.807, 18.679, 21.699, 24.338, 26.029, 28.589, 31.998, 33.964, 35.203, 35.664, 36.47, 39.879, 45.376, 47.846, 48.238, 48.104, 47.994, 48.14, 48.245, 48.177, 48.137, 48.111, 48.054, 48.061, 48.115, 48.132, 48.085, 48.053, 48.283, 48.459, 48.212, 48.05, 48.223, 48.147, 47.782, 47.362, 47.063, 47.058, 47.042, 46.884, 46.735, 46.573, 46.351, 46.144, 46.201, 46.353, 46.324, 46.273, 46.192, 45.984, 45.847, 45.762, 45.552, 45.246, 45.089, 45.059, 44.832, 44.861, 45.491, 46.348, 46.553, 46.95, 47.453, 47.672, 47.67, 47.883, 48.204, 48.12, 47.906, 47.906, 47.918, 47.861, 47.683, 47.457, 47.466, 47.618, 47.743, 47.958, 48.201, 48.281, 48.423, 48.714, 48.592, 48.118, 48.195, 48.159, 47.477, 46.94, 46.79, 46.862, 46.823, 46.754, 47.594, 49.019, 49.972, 50.236, 50.652, 51.206, 51.508, 51.366, 51.039, 50.807, 50.514, 49.892, 49.579, 49.639, 49.561, 49.244, 48.956, 48.77, 48.399, 47.444, 46.89, 47.773, 48.942, 48.965, 47.915, 47.497, 48.267, 49.059, 49.673, 49.937, 49.312, 48.747, 48.53, 47.795, 47.153, 47.075, 47.155, 46.955, 46.653, 46.555, 46.471, 46.57, 46.801, 46.681, 46.229, 45.655, 45.086, 44.677, 44.817, 45.093, 45.166, 45.168, 45.149, 45.205, 45.255, 45.242, 45.343, 45.731, 46.062, 46.134, 46.157, 46.365, 46.598, 46.68, 46.799, 46.909, 46.704, 46.445, 46.733, 46.874, 46.002, 45.029, 45.103, 45.39, 45.428, 45.437, 46.257, 48.116, 49.102, 49.138, 48.406, 47.24, 46.849, 46.917, 46.944, 47.005, 47.458], [48.302, 47.892, 47.085, 46.673, 46.937, 47.1, 46.34, 44.097, 39.929, 36.55, 36.332, 35.058, 28.761, 22.061, 18.747, 18.038, 16.949, 13.54, 10.156, 7.973, 5.015, 0.0, 5.298, 8.747, 10.267, 10.957, 12.448, 14.798, 17.337, 20.866, 23.567, 25.006, 27.44, 31.105, 33.483, 35.058, 35.594, 36.443, 40.206, 46.046, 48.566, 48.946, 48.814, 48.729, 48.883, 48.989, 48.926, 48.889, 48.868, 48.817, 48.834, 48.892, 48.905, 48.837, 48.764, 48.969, 49.129, 48.876, 48.727, 48.931, 48.873, 48.53, 48.124, 47.797, 47.74, 47.718, 47.594, 47.452, 47.278, 47.062, 46.841, 46.827, 46.916, 46.89, 46.871, 46.833, 46.688, 46.589, 46.505, 46.283, 45.969, 45.81, 45.78, 45.552, 45.491, 45.989, 46.802, 47.048, 47.51, 48.05, 48.288, 48.314, 48.547, 48.869, 48.796, 48.59, 48.585, 48.596, 48.555, 48.392, 48.168, 48.167, 48.305, 48.42, 48.63, 48.875, 48.957, 49.08, 49.346, 49.225, 48.756, 48.794, 48.774, 48.132, 47.595, 47.432, 47.514, 47.481, 47.394, 48.181, 49.537, 50.442, 50.692, 51.112, 51.658, 51.916, 51.736, 51.414, 51.198, 50.927, 50.338, 50.042, 50.102, 50.039, 49.749, 49.48, 49.301, 48.941, 48.009, 47.444, 48.241, 49.301, 49.311, 48.351, 48.033, 48.849, 49.642, 50.225, 50.45, 49.82, 49.236, 48.944, 48.162, 47.518, 47.441, 47.533, 47.386, 47.13, 47.03, 46.948, 47.067, 47.294, 47.176, 46.771, 46.246, 45.675, 45.253, 45.391, 45.649, 45.732, 45.77, 45.78, 45.846, 45.898, 45.884, 45.979, 46.359, 46.71, 46.827, 46.882, 47.097, 47.31, 47.361, 47.455, 47.564, 47.378, 47.15, 47.451, 47.608, 46.757, 45.711, 45.695, 45.983, 46.064, 46.035, 46.726, 48.456, 49.378, 49.414, 48.74, 47.66, 47.321, 47.403, 47.428, 47.462, 48.268], [48.802, 48.417, 47.637, 47.22, 47.465, 47.639, 46.935, 44.823, 40.852, 37.591, 37.361, 36.122, 30.016, 23.484, 20.404, 20.121, 19.39, 16.277, 13.212, 11.636, 9.567, 5.298, 0.0, 4.263, 6.609, 7.591, 9.429, 12.444, 15.705, 19.769, 22.536, 23.762, 26.15, 30.078, 32.755, 34.571, 35.18, 36.075, 40.106, 46.271, 48.87, 49.244, 49.114, 49.059, 49.233, 49.344, 49.289, 49.259, 49.248, 49.206, 49.23, 49.295, 49.316, 49.236, 49.127, 49.302, 49.452, 49.195, 49.055, 49.284, 49.258, 48.937, 48.538, 48.192, 48.104, 48.079, 47.969, 47.828, 47.642, 47.423, 47.199, 47.144, 47.183, 47.149, 47.151, 47.148, 47.051, 46.982, 46.913, 46.698, 46.382, 46.215, 46.186, 45.964, 45.869, 46.312, 47.093, 47.35, 47.841, 48.394, 48.637, 48.673, 48.916, 49.238, 49.172, 48.975, 48.971, 48.981, 48.949, 48.795, 48.569, 48.562, 48.696, 48.812, 49.023, 49.265, 49.338, 49.444, 49.698, 49.58, 49.104, 49.122, 49.126, 48.516, 47.996, 47.818, 47.887, 47.844, 47.743, 48.505, 49.837, 50.722, 50.954, 51.365, 51.899, 52.117, 51.911, 51.597, 51.385, 51.119, 50.551, 50.27, 50.336, 50.286, 50.012, 49.753, 49.579, 49.227, 48.326, 47.79, 48.569, 49.587, 49.588, 48.67, 48.408, 49.247, 50.056, 50.636, 50.836, 50.191, 49.583, 49.229, 48.395, 47.72, 47.62, 47.711, 47.601, 47.381, 47.278, 47.182, 47.307, 47.531, 47.416, 47.044, 46.564, 45.977, 45.506, 45.617, 45.867, 45.961, 46.039, 46.101, 46.203, 46.266, 46.256, 46.347, 46.725, 47.11, 47.282, 47.368, 47.599, 47.807, 47.833, 47.903, 48.01, 47.845, 47.642, 47.94, 48.097, 47.25, 46.126, 46.01, 46.269, 46.369, 46.314, 46.93, 48.602, 49.492, 49.521, 48.903, 47.911, 47.612, 47.692, 47.716, 47.743, 48.735], [49.078, 48.716, 47.971, 47.573, 47.819, 47.994, 47.299, 45.244, 41.414, 38.268, 38.025, 36.798, 30.869, 24.565, 21.626, 21.465, 20.919, 18.043, 15.163, 13.763, 12.146, 8.747, 4.263, 0.0, 3.135, 4.982, 7.494, 11.008, 14.771, 19.199, 22.035, 23.184, 25.618, 29.728, 32.539, 34.445, 35.101, 36.02, 40.11, 46.394, 49.046, 49.416, 49.284, 49.259, 49.463, 49.59, 49.547, 49.523, 49.516, 49.475, 49.5, 49.569, 49.598, 49.513, 49.386, 49.552, 49.711, 49.454, 49.305, 49.539, 49.537, 49.238, 48.847, 48.501, 48.407, 48.379, 48.27, 48.13, 47.934, 47.696, 47.468, 47.405, 47.424, 47.377, 47.38, 47.387, 47.305, 47.252, 47.2, 47.003, 46.702, 46.538, 46.514, 46.312, 46.211, 46.614, 47.367, 47.633, 48.133, 48.676, 48.904, 48.935, 49.184, 49.51, 49.452, 49.263, 49.254, 49.253, 49.214, 49.058, 48.834, 48.83, 48.967, 49.085, 49.291, 49.528, 49.608, 49.717, 49.963, 49.857, 49.416, 49.43, 49.437, 48.837, 48.328, 48.154, 48.215, 48.149, 48.021, 48.764, 50.081, 50.95, 51.169, 51.568, 52.085, 52.278, 52.065, 51.754, 51.535, 51.262, 50.703, 50.43, 50.498, 50.452, 50.179, 49.919, 49.746, 49.398, 48.524, 48.019, 48.813, 49.83, 49.839, 48.953, 48.714, 49.54, 50.334, 50.903, 51.086, 50.439, 49.843, 49.497, 48.668, 47.979, 47.854, 47.926, 47.817, 47.608, 47.506, 47.406, 47.533, 47.752, 47.635, 47.271, 46.785, 46.156, 45.639, 45.734, 45.98, 46.071, 46.155, 46.235, 46.357, 46.434, 46.438, 46.536, 46.915, 47.319, 47.527, 47.634, 47.873, 48.08, 48.099, 48.162, 48.266, 48.099, 47.899, 48.195, 48.341, 47.485, 46.352, 46.245, 46.494, 46.569, 46.46, 47.009, 48.644, 49.527, 49.559, 48.977, 48.028, 47.747, 47.823, 47.847, 47.882, 49.012], [49.388, 49.035, 48.321, 47.96, 48.226, 48.404, 47.729, 45.719, 41.94, 38.819, 38.573, 37.344, 31.434, 25.194, 22.28, 22.067, 21.545, 18.834, 16.144, 14.819, 13.286, 10.267, 6.609, 3.135, 0.0, 2.856, 6.559, 10.52, 14.49, 19.064, 21.951, 23.109, 25.65, 29.905, 32.789, 34.73, 35.406, 36.326, 40.4, 46.656, 49.302, 49.665, 49.528, 49.516, 49.742, 49.885, 49.854, 49.835, 49.825, 49.783, 49.817, 49.901, 49.936, 49.846, 49.715, 49.881, 50.038, 49.782, 49.633, 49.856, 49.849, 49.567, 49.192, 48.85, 48.751, 48.721, 48.617, 48.482, 48.281, 48.033, 47.797, 47.73, 47.747, 47.693, 47.691, 47.7, 47.628, 47.589, 47.547, 47.357, 47.065, 46.908, 46.887, 46.695, 46.553, 46.883, 47.618, 47.907, 48.432, 48.982, 49.21, 49.247, 49.508, 49.842, 49.786, 49.593, 49.575, 49.557, 49.506, 49.35, 49.133, 49.13, 49.257, 49.359, 49.55, 49.786, 49.884, 50.002, 50.242, 50.148, 49.743, 49.738, 49.736, 49.158, 48.66, 48.491, 48.562, 48.506, 48.39, 49.104, 50.363, 51.196, 51.408, 51.809, 52.316, 52.496, 52.282, 51.972, 51.748, 51.478, 50.932, 50.664, 50.73, 50.683, 50.416, 50.164, 49.993, 49.644, 48.777, 48.276, 49.042, 50.