[[0.0, 4.981, 11.925, 15.093, 15.925, 17.908, 20.251, 22.048, 23.021, 24.316, 26.569, 28.167, 29.146, 29.886, 30.381, 30.725, 31.48, 32.58, 32.917, 33.063, 35.425, 39.014, 40.264, 40.612, 42.156, 43.768, 44.133, 44.207, 44.458, 44.394, 43.775, 43.508, 43.037, 41.69, 40.545, 40.447, 40.6, 40.177, 39.427, 39.125, 39.186, 39.186, 38.878, 38.617, 38.553, 38.751, 38.875, 38.871, 38.881, 38.792, 38.605, 38.785, 39.002, 39.027, 39.129, 39.316, 39.348, 39.353, 39.529, 39.78, 39.572, 39.379, 39.488, 39.537, 39.636, 39.736, 39.78, 39.77, 39.729, 40.237, 41.155, 41.388, 41.037, 41.13, 41.749, 41.93, 41.636, 41.446, 41.338, 41.286, 41.154, 40.866, 40.982, 41.652, 42.311, 42.279, 42.217, 42.174, 41.779, 41.246, 41.109, 40.965, 40.396, 39.993, 40.095, 39.789, 38.834, 38.483, 38.73, 38.936, 38.91, 39.064, 39.791, 40.406, 40.601, 40.851, 41.197, 40.985, 40.634, 40.618, 40.493, 40.069, 39.708, 39.601, 39.668, 39.819, 39.608, 39.019, 38.595, 38.557, 38.296, 38.042, 38.186, 38.571, 39.087, 39.477, 39.384, 39.282, 39.334, 39.271, 39.251, 39.48, 39.835, 40.208, 40.571, 40.64, 40.312, 39.799, 39.746, 40.215, 40.399, 40.297, 40.683, 40.903, 40.357, 39.982, 40.359, 41.061, 41.224, 41.132, 41.08, 40.895, 40.749, 40.636, 40.408, 40.336, 40.281, 40.057, 39.862, 39.821, 39.687, 39.52, 39.401, 39.326, 39.366, 39.374, 39.293, 39.278, 39.113, 38.876, 38.909, 39.152, 39.334, 39.395, 39.252, 39.202, 39.212, 38.999, 39.038, 39.224, 39.255, 39.291, 39.181, 39.024, 38.979, 39.042, 39.01, 39.01, 39.283, 39.937, 40.622, 40.904, 40.986, 41.278, 41.479, 41.436, 41.383, 41.338, 41.154, 40.652, 40.351, 40.354, 40.335, 40.332, 40.512, 40.801, 40.966, 41.078, 41.176, 41.203, 41.159, 41.085, 40.793, 40.524, 40.594, 40.604, 40.343, 40.389, 40.593, 40.517, 40.31, 40.398, 40.538, 40.582, 41.072, 42.028, 42.592, 42.454, 41.558, 3.907], [4.981, 0.0, 7.784, 11.607, 12.778, 15.042, 17.759, 19.855, 20.953, 22.343, 24.807, 26.662, 27.856, 28.7, 29.205, 29.585, 30.477, 31.7, 32.071, 32.285, 34.853, 38.627, 39.932, 40.295, 41.896, 43.563, 43.959, 44.056, 44.348, 44.331, 43.726, 43.457, 42.992, 41.668, 40.543, 40.456, 40.613, 40.18, 39.418, 39.105, 39.154, 39.13, 38.811, 38.559, 38.497, 38.695, 38.829, 38.82, 38.801, 38.715, 38.582, 38.788, 38.999, 39.019, 39.143, 39.381, 39.468, 39.502, 39.68, 39.92, 39.715, 39.54, 39.66, 39.714, 39.819, 39.916, 39.955, 39.94, 39.9, 40.418, 41.344, 41.598, 41.26, 41.331, 41.933, 42.112, 41.814, 41.628, 41.55, 41.522, 41.385, 41.072, 41.147, 41.764, 42.378, 42.328, 42.267, 42.226, 41.818, 41.267, 41.117, 40.954, 40.371, 39.95, 40.046, 39.762, 38.824, 38.465, 38.708, 38.929, 38.926, 39.092, 39.819, 40.437, 40.619, 40.844, 41.171, 40.954, 40.604, 40.591, 40.469, 40.043, 39.663, 39.525, 39.582, 39.749, 39.547, 38.956, 38.53, 38.495, 38.223, 37.946, 38.091, 38.484, 39.012, 39.418, 39.343, 39.268, 39.344, 39.288, 39.276, 39.55, 39.974, 40.412, 40.821, 40.911, 40.583, 40.06, 40.0, 40.478, 40.686, 40.621, 41.03, 41.251, 40.711, 40.335, 40.727, 41.453, 41.605, 41.477, 41.402, 41.193, 41.013, 40.851, 40.562, 40.451, 40.386, 40.153, 39.929, 39.858, 39.706, 39.52, 39.388, 39.311, 39.357, 39.369, 39.287, 39.27, 39.101, 38.856, 38.878, 39.124, 39.312, 39.368, 39.205, 39.163, 39.179, 38.957, 38.986, 39.171, 39.208, 39.255, 39.17, 39.057, 39.061, 39.154, 39.12, 39.109, 39.401, 40.065, 40.721, 40.991, 41.057, 41.328, 41.524, 41.475, 41.419, 41.387, 41.214, 40.715, 40.41, 40.415, 40.406, 40.407, 40.578, 40.854, 41.017, 41.143, 41.253, 41.267, 41.193, 41.082, 40.762, 40.492, 40.568, 40.572, 40.31, 40.36, 40.556, 40.473, 40.271, 40.373, 40.512, 40.547, 41.003, 41.944, 42.529, 42.404, 41.496, 7.427], [11.925, 7.784, 0.0, 5.037, 7.671, 10.914, 14.278, 16.814, 18.084, 19.625, 22.484, 24.876, 26.506, 27.562, 28.103, 28.514, 29.547, 30.904, 31.343, 31.778, 34.816, 38.856, 40.19, 40.545, 42.178, 43.89, 44.33, 44.41, 44.693, 44.756, 44.205, 43.907, 43.449, 42.239, 41.239, 41.195, 41.34, 40.928, 40.231, 39.932, 39.923, 39.874, 39.599, 39.398, 39.357, 39.564, 39.73, 39.738, 39.699, 39.625, 39.583, 39.824, 40.001, 40.019, 40.182, 40.443, 40.544, 40.579, 40.743, 40.971, 40.792, 40.649, 40.771, 40.823, 40.915, 40.986, 41.006, 40.983, 40.965, 41.497, 42.395, 42.662, 42.358, 42.39, 42.929, 43.09, 42.801, 42.633, 42.58, 42.556, 42.418, 42.108, 42.131, 42.651, 43.201, 43.145, 43.092, 43.057, 42.664, 42.124, 41.951, 41.733, 41.13, 40.729, 40.815, 40.499, 39.529, 39.138, 39.364, 39.594, 39.601, 39.75, 40.463, 41.069, 41.213, 41.382, 41.682, 41.483, 41.157, 41.153, 41.045, 40.623, 40.226, 40.061, 40.112, 40.304, 40.137, 39.585, 39.217, 39.245, 38.985, 38.671, 38.837, 39.311, 39.884, 40.277, 40.19, 40.098, 40.147, 40.086, 40.086, 40.374, 40.821, 41.295, 41.724, 41.809, 41.478, 40.979, 40.949, 41.445, 41.669, 41.637, 42.048, 42.262, 41.754, 41.395, 41.791, 42.492, 42.624, 42.496, 42.414, 42.198, 42.006, 41.83, 41.53, 41.42, 41.364, 41.137, 40.898, 40.798, 40.62, 40.42, 40.285, 40.217, 40.268, 40.273, 40.2, 40.194, 40.036, 39.798, 39.81, 40.027, 40.179, 40.231, 40.099, 40.091, 40.098, 39.841, 39.852, 40.054, 40.114, 40.169, 40.09, 40.015, 40.057, 40.153, 40.114, 40.096, 40.365, 40.943, 41.491, 41.738, 41.777, 42.002, 42.19, 42.145, 42.086, 42.078, 41.941, 41.479, 41.201, 41.213, 41.212, 41.216, 41.367, 41.605, 41.746, 41.875, 41.988, 41.987, 41.895, 41.778, 41.475, 41.237, 41.313, 41.305, 41.084, 41.161, 41.311, 41.229, 41.05, 41.154, 41.281, 41.294, 41.626, 42.426, 42.948, 42.802, 41.915, 13.444], [15.093, 11.607, 5.037, 0.0, 4.44, 9.274, 13.082, 15.563, 16.726, 18.333, 21.417, 24.025, 25.812, 26.971, 27.558, 27.977, 29.031, 30.427, 30.914, 31.519, 34.884, 39.103, 40.447, 40.805, 42.481, 44.233, 44.699, 44.77, 45.037, 45.123, 44.606, 44.309, 43.852, 42.687, 41.736, 41.713, 41.854, 41.445, 40.77, 40.473, 40.441, 40.387, 40.133, 39.956, 39.93, 40.142, 40.307, 40.318, 40.283, 40.217, 40.192, 40.434, 40.59, 40.61, 40.796, 41.066, 41.158, 41.183, 41.338, 41.557, 41.383, 41.247, 41.374, 41.425, 41.506, 41.568, 41.584, 41.556, 41.546, 42.081, 42.966, 43.239, 42.954, 42.982, 43.495, 43.641, 43.357, 43.198, 43.144, 43.114, 42.986, 42.688, 42.694, 43.177, 43.701, 43.64, 43.587, 43.559, 43.179, 42.647, 42.474, 42.234, 41.624, 41.235, 41.313, 40.968, 39.983, 39.588, 39.808, 40.043, 40.048, 40.17, 40.869, 41.475, 41.605, 41.755, 42.048, 41.861, 41.556, 41.573, 41.485, 41.07, 40.677, 40.527, 40.594, 40.795, 40.645, 40.118, 39.775, 39.821, 39.569, 39.244, 39.411, 39.895, 40.456, 40.812, 40.699, 40.584, 40.607, 40.535, 40.536, 40.826, 41.273, 41.749, 42.17, 42.245, 41.915, 41.418, 41.389, 41.888, 42.112, 42.086, 42.495, 42.71, 42.227, 41.874, 42.273, 42.961, 43.077, 42.959, 42.886, 42.682, 42.506, 42.354, 42.078, 41.983, 41.937, 41.72, 41.484, 41.377, 41.192, 40.988, 40.851, 40.79, 40.846, 40.85, 40.779, 40.777, 40.628, 40.397, 40.406, 40.599, 40.722, 40.777, 40.665, 40.656, 40.645, 40.369, 40.373, 40.585, 40.659, 40.716, 40.629, 40.561, 40.617, 40.703, 40.66, 40.647, 40.898, 41.416, 41.914, 42.157, 42.191, 42.396, 42.582, 42.546, 42.492, 42.497, 42.376, 41.917, 41.637, 41.649, 41.65, 41.652, 41.796, 42.023, 42.16, 42.285, 42.393, 42.39, 42.308, 42.206, 41.92, 41.697, 41.772, 41.759, 41.566, 41.659, 41.772, 41.691, 41.528, 41.632, 41.754, 41.755, 42.042, 42.787, 43.261, 43.073, 42.182, 16.321], [15.925, 12.778, 7.671, 4.44, 0.0, 6.013, 10.96, 13.892, 15.051, 16.732, 20.135, 23.053, 25.057, 26.328, 26.984, 27.48, 28.603, 30.026, 30.522, 31.239, 34.82, 39.145, 40.492, 40.846, 42.537, 44.309, 44.794, 44.869, 45.127, 45.21, 44.715, 44.463, 44.068, 42.958, 42.045, 42.032, 42.173, 41.788, 41.15, 40.865, 40.817, 40.773, 40.548, 40.391, 40.361, 40.569, 40.738, 40.749, 40.704, 40.637, 40.618, 40.874, 41.022, 41.039, 41.232, 41.486, 41.554, 41.576, 41.728, 41.926, 41.75, 41.623, 41.744, 41.785, 41.862, 41.92, 41.917, 41.881, 41.855, 42.331, 43.171, 43.444, 43.162, 43.163, 43.643, 43.784, 43.519, 43.377, 43.328, 43.295, 43.171, 42.884, 42.899, 43.37, 43.876, 43.809, 43.753, 43.726, 43.363, 42.854, 42.697, 42.458, 41.841, 41.477, 41.571, 41.223, 40.247, 39.855, 40.071, 40.311, 40.326, 40.446, 41.129, 41.727, 41.855, 42.003, 42.292, 42.114, 41.829, 41.865, 41.785, 41.369, 40.976, 40.814, 40.868, 41.066, 40.926, 40.428, 40.115, 40.176, 39.934, 39.619, 39.774, 40.239, 40.782, 41.108, 40.978, 40.854, 40.867, 40.787, 40.786, 41.072, 41.508, 41.97, 42.371, 42.442, 42.126, 41.642, 41.609, 42.11, 42.358, 42.373, 42.787, 42.991, 42.538, 42.206, 42.589, 43.255, 43.38, 43.275, 43.203, 43.009, 42.858, 42.729, 42.469, 42.392, 42.358, 42.151, 41.924, 41.823, 41.638, 41.438, 41.304, 41.245, 41.298, 41.291, 41.225, 41.253, 41.131, 40.912, 40.926, 41.116, 41.216, 41.249, 41.133, 41.125, 41.117, 40.838, 40.824, 41.034, 41.105, 41.148, 41.049, 40.982, 41.028, 41.099, 41.066, 41.06, 41.297, 41.788, 42.272, 42.52, 42.564, 42.763, 42.941, 42.911, 42.863, 42.868, 42.745, 42.276, 41.974, 41.965, 41.96, 41.961, 42.099, 42.321, 42.456, 42.565, 42.656, 42.652, 42.586, 42.499, 42.222, 42.005, 42.082, 42.068, 41.904, 42.031, 42.129, 42.039, 41.882, 41.972, 42.08, 42.061, 42.289, 42.965, 43.415, 43.24, 42.366, 17.054], [17.908, 15.042, 10.914, 9.274, 6.013, 0.0, 6.282, 10.438, 12.051, 13.786, 17.598, 21.17, 23.654, 25.105, 25.819, 26.471, 27.823, 29.351, 29.826, 30.59, 34.358, 38.815, 40.181, 40.506, 42.223, 44.064, 44.583, 44.661, 44.95, 45.088, 44.633, 44.446, 44.187, 43.198, 42.345, 42.343, 42.494, 42.161, 41.602, 41.364, 41.298, 41.256, 41.064, 40.927, 40.879, 41.066, 41.241, 41.242, 41.167, 41.106, 41.13, 41.41, 41.538, 41.547, 41.721, 41.928, 41.971, 42.006, 42.16, 42.334, 42.17, 42.073, 42.175, 42.178, 42.245, 42.283, 42.234, 42.188, 42.152, 42.536, 43.304, 43.589, 43.31, 43.24, 43.643, 43.774, 43.54, 43.43, 43.402, 43.379, 43.259, 42.983, 43.006, 43.461, 43.94, 43.865, 43.808, 43.779, 43.437, 42.954, 42.784, 42.507, 41.886, 41.571, 41.676, 41.325, 40.401, 40.069, 40.291, 40.527, 40.575, 40.742, 41.447, 42.029, 42.152, 42.29, 42.554, 42.376, 42.105, 42.139, 42.061, 41.664, 41.27, 41.048, 41.043, 41.226, 41.097, 40.637, 40.354, 40.425, 40.181, 39.881, 40.042, 40.51, 41.051, 41.345, 41.188, 41.049, 41.051, 40.968, 40.969, 41.24, 41.66, 42.111, 42.499, 42.573, 42.288, 41.843, 41.827, 42.354, 42.67, 42.793, 43.249, 43.435, 43.0, 42.702, 43.078, 43.712, 43.842, 43.756, 43.683, 43.489, 43.355, 43.243, 42.985, 42.917, 42.895, 42.689, 42.465, 42.37, 42.186, 41.988, 41.861, 41.807, 41.856, 41.839, 41.783, 41.833, 41.732, 41.526, 41.545, 41.73, 41.812, 41.82, 41.698, 41.707, 41.714, 41.423, 41.37, 41.561, 41.625, 41.646, 41.536, 41.48, 41.518, 41.568, 41.541, 41.54, 41.755, 42.209, 42.687, 42.955, 43.009, 43.204, 43.376, 43.343, 43.292, 43.297, 43.174, 42.709, 42.4, 42.369, 42.355, 42.356, 42.486, 42.695, 42.819, 42.917, 43.002, 42.994, 42.927, 42.846, 42.58, 42.377, 42.453, 42.435, 42.291, 42.442, 42.528, 42.434, 42.281, 42.346, 42.435, 42.399, 42.522, 43.072, 43.491, 43.38, 42.566, 18.854], [20.251, 17.759, 14.278, 13.082, 10.96, 6.282, 0.0, 5.21, 7.909, 9.988, 13.963, 18.108, 21.143, 22.829, 23.586, 24.397, 26.072, 27.8, 28.266, 29.084, 33.194, 38.005, 39.437, 39.72, 41.53, 43.537, 44.11, 44.167, 44.481, 44.703, 44.299, 44.146, 44.015, 43.185, 42.42, 42.422, 42.589, 42.312, 41.822, 41.638, 41.582, 41.536, 41.362, 41.251, 41.186, 41.331, 41.481, 41.462, 41.373, 41.338, 41.449, 41.76, 41.851, 41.847, 42.002, 42.179, 42.232, 42.295, 42.453, 42.609, 42.459, 42.407, 42.501, 42.47, 42.528, 42.565, 42.485, 42.425, 42.39, 42.701, 43.385, 43.682, 43.42, 43.269, 43.563, 43.664, 43.443, 43.355, 43.344, 43.336, 43.232, 42.967, 42.983, 43.419, 43.882, 43.808, 43.75, 43.717, 43.395, 42.93, 42.717, 42.365, 41.744, 41.464, 41.546, 41.152, 40.27, 40.041, 40.305, 40.53, 40.6, 40.826, 41.594, 42.175, 42.287, 42.403, 42.636, 42.463, 42.203, 42.222, 42.135, 41.761, 41.376, 41.111, 41.051, 41.206, 41.078, 40.651, 40.378, 40.42, 40.131, 39.841, 40.037, 40.499, 41.007, 41.252, 41.065, 40.919, 40.923, 40.844, 40.85, 41.119, 41.542, 42.003, 42.395, 42.475, 42.213, 41.807, 41.834, 42.427, 42.847, 43.096, 43.605, 43.782, 43.349, 43.061, 43.444, 44.075, 44.19, 44.094, 44.02, 43.822, 43.692, 43.588, 43.319, 43.236, 43.21, 42.999, 42.776, 42.684, 42.495, 42.295, 42.17, 42.129, 42.19, 42.178, 42.13, 42.173, 42.067, 41.877, 41.909, 42.075, 42.131, 42.129, 42.026, 42.055, 42.067, 41.751, 41.649, 41.813, 41.874, 41.893, 41.788, 41.762, 41.826, 41.866, 41.832, 41.829, 42.028, 42.447, 42.927, 43.228, 43.292, 43.487, 43.663, 43.63, 43.581, 43.599, 43.491, 43.046, 42.751, 42.709, 42.686, 42.691, 42.813, 42.998, 43.104, 43.192, 43.283, 43.276, 43.198, 43.099, 42.819, 42.62, 42.702, 42.673, 42.489, 42.598, 42.659, 42.558, 42.414, 42.468, 42.552, 42.52, 42.576, 43.029, 43.412, 43.361, 42.617, 20.997], [22.048, 19.855, 16.814, 15.563, 13.892, 10.438, 5.21, 0.0, 3.852, 7.107, 11.344, 15.579, 18.896, 20.785, 21.594, 22.506, 24.419, 26.319, 26.803, 27.697, 32.136, 37.301, 38.805, 39.051, 40.951, 43.115, 43.731, 43.739, 44.034, 44.3, 43.941, 43.799, 43.727, 43.037, 42.402, 42.432, 42.604, 42.375, 41.949, 41.81, 41.775, 41.721, 41.571, 41.5, 41.434, 41.538, 41.659, 41.64, 41.561, 41.546, 41.714, 42.051, 42.121, 42.109, 42.265, 42.429, 42.487, 42.563, 42.718, 42.855, 42.709, 42.686, 42.787, 42.744, 42.798, 42.844, 42.759, 42.687, 42.649, 42.919, 43.533, 43.824, 43.583, 43.389, 43.598, 43.673, 43.461, 43.379, 43.371, 43.374, 43.286, 43.03, 43.037, 43.453, 43.912, 43.853, 43.804, 43.772, 43.462, 43.009, 42.771, 42.374, 41.757, 41.497, 41.558, 41.113, 40.238, 40.072, 40.365, 40.584, 40.667, 40.906, 41.684, 42.257, 42.353, 42.435, 42.64, 42.472, 42.22, 42.236, 42.149, 41.788, 41.421, 41.16, 41.084, 41.219, 41.096, 40.703, 40.445, 40.469, 40.139, 39.852, 40.083, 40.544, 41.028, 41.253, 41.064, 40.908, 40.905, 40.834, 40.844, 41.103, 41.523, 41.99, 42.379, 42.459, 42.221, 41.859, 41.93, 42.561, 43.034, 43.333, 43.847, 44.013, 43.588, 43.298, 43.67, 44.289, 44.39, 44.283, 44.211, 44.018, 43.892, 43.797, 43.539, 43.457, 43.422, 43.21, 43.0, 42.913, 42.72, 42.523, 42.405, 42.367, 42.428, 42.421, 42.383, 42.426, 42.312, 42.136, 42.186, 42.34, 42.363, 42.357, 42.289, 42.339, 42.351, 42.02, 41.89, 42.034, 42.09, 42.109, 42.025, 42.036, 42.123, 42.159, 42.117, 42.111, 42.294, 42.664, 43.121, 43.436, 43.501, 43.687, 43.862, 43.834, 43.793, 43.821, 43.72, 43.294, 43.02, 42.974, 42.946, 42.95, 43.06, 43.228, 43.319, 43.396, 43.484, 43.479, 43.399, 43.28, 42.988, 42.799, 42.894, 42.856, 42.629, 42.692, 42.725, 42.614, 42.478, 42.531, 42.617, 42.583, 42.584, 42.957, 43.303, 43.276, 42.579, 22.68], [23.021, 20.953, 18.084, 16.726, 15.051, 12.051, 7.909, 3.852, 0.0, 4.53, 9.813, 14.418, 17.917, 19.945, 20.829, 21.807, 23.818, 25.783, 26.285, 27.226, 31.785, 37.08, 38.627, 38.867, 40.804, 43.035, 43.663, 43.635, 43.9, 44.16, 43.821, 43.71, 43.66, 43.009, 42.425, 42.49, 42.67, 42.446, 42.034, 41.91, 41.875, 41.811, 41.67, 41.615, 41.543, 41.628, 41.738, 41.729, 41.662, 41.658, 41.844, 42.188, 42.253, 42.238, 42.401, 42.565, 42.622, 42.705, 42.85, 42.976, 42.83, 42.813, 42.917, 42.875, 42.93, 42.973, 42.879, 42.798, 42.753, 43.011, 43.611, 43.906, 43.681, 43.482, 43.663, 43.733, 43.53, 43.45, 43.445, 43.458, 43.376, 43.12, 43.127, 43.53, 43.986, 43.936, 43.893, 43.862, 43.549, 43.09, 42.844, 42.455, 41.852, 41.594, 41.647, 41.185, 40.308, 40.151, 40.436, 40.642, 40.735, 40.978, 41.744, 42.309, 42.399, 42.464, 42.655, 42.484, 42.236, 42.258, 42.174, 41.813, 41.451, 41.192, 41.108, 41.242, 41.131, 40.762, 40.524, 40.552, 40.218, 39.944, 40.199, 40.675, 41.161, 41.387, 41.202, 41.033, 41.015, 40.949, 40.964, 41.211, 41.614, 42.073, 42.456, 42.531, 42.301, 41.964, 42.058, 42.695, 43.163, 43.456, 43.959, 44.116, 43.695, 43.404, 43.769, 44.384, 44.486, 44.377, 44.306, 44.119, 43.998, 43.909, 43.664, 43.589, 43.549, 43.336, 43.133, 43.051, 42.862, 42.669, 42.55, 42.508, 42.56, 42.547, 42.512, 42.562, 42.446, 42.266, 42.317, 42.469, 42.479, 42.473, 42.428, 42.486, 42.49, 42.161, 42.039, 42.188, 42.241, 42.258, 42.189, 42.222, 42.31, 42.337, 42.295, 42.29, 42.462, 42.812, 43.263, 43.577, 43.641, 43.814, 43.978, 43.949, 43.909, 43.936, 43.837, 43.417, 43.145, 43.095, 43.068, 43.073, 43.177, 43.338, 43.428, 43.505, 43.587, 43.578, 43.495, 43.357, 43.055, 42.879, 42.983, 42.942, 42.704, 42.749, 42.767, 42.653, 42.516, 42.562, 42.646, 42.591, 42.533, 42.844, 43.162, 43.136, 42.448, 23.619], [24.316, 22.343, 19.625, 18.333, 16.732, 13.786, 9.988, 7.107, 4.53, 0.0, 6.42, 12.476, 16.899, 19.246, 20.187, 21.253, 23.419, 25.452, 25.969, 27.021, 31.759, 37.141, 38.706, 38.938, 40.884, 43.137, 43.78, 43.739, 43.988, 44.259, 43.951, 43.871, 43.883, 43.306, 42.765, 42.845, 43.041, 42.846, 42.472, 42.368, 42.304, 42.226, 42.092, 42.04, 41.965, 42.045, 42.162, 42.162, 42.099, 42.109, 42.321, 42.671, 42.719, 42.692, 42.861, 43.046, 43.115, 43.196, 43.313, 43.425, 43.291, 43.282, 43.373, 43.323, 43.384, 43.419, 43.303, 43.217, 43.174, 43.402, 43.971, 44.277, 44.076, 43.861, 43.998, 44.056, 43.859, 43.783, 43.787, 43.805, 43.723, 43.471, 43.467, 43.832, 44.269, 44.219, 44.172, 44.145, 43.843, 43.379, 43.127, 42.765, 42.186, 41.945, 41.995, 41.535, 40.661, 40.508, 40.785, 40.969, 41.063, 41.323, 42.099, 42.659, 42.742, 42.801, 42.988, 42.829, 42.595, 42.614, 42.515, 42.134, 41.753, 41.46, 41.337, 41.465, 41.37, 41.035, 40.838, 40.88, 40.535, 40.28, 40.572, 41.08, 41.561, 41.759, 41.554, 41.361, 41.319, 41.253, 41.283, 41.52, 41.898, 42.347, 42.728, 42.802, 42.574, 42.256, 42.388, 43.069, 43.578, 43.908, 44.423, 44.577, 44.168, 43.895, 44.272, 44.909, 45.039, 44.933, 44.85, 44.66, 44.547, 44.459, 44.202, 44.119, 44.08, 43.866, 43.659, 43.569, 43.377, 43.174, 43.043, 43.0, 43.042, 43.016, 42.99, 43.054, 42.944, 42.765, 42.816, 42.963, 42.957, 42.941, 42.909, 42.988, 42.992, 42.656, 42.535, 42.694, 42.752, 42.774, 42.715, 42.755, 42.828, 42.841, 42.806, 42.799, 42.957, 43.305, 43.757, 44.072, 44.132, 44.29, 44.443, 44.414, 44.371, 44.408, 44.329, 43.927, 43.665, 43.614, 43.584, 43.591, 43.683, 43.822, 43.904, 43.981, 44.057, 44.043, 43.957, 43.81, 43.505, 43.336, 43.443, 43.391, 43.145, 43.179, 43.168, 43.056, 42.93, 42.957, 43.025, 42.961, 42.857, 43.105, 43.389, 43.37, 42.734, 24.874], [26.569, 24.807, 22.484, 21.417, 20.135, 17.598, 13.963, 11.344, 9.813, 6.42, 0.0, 7.744, 13.81, 16.856, 17.874, 19.041, 21.539, 23.786, 24.385, 25.665, 30.871, 36.617, 38.233, 38.436, 40.468, 42.822, 43.499, 43.457, 43.713, 44.028, 43.773, 43.716, 43.822, 43.418, 43.001, 43.09, 43.303, 43.208, 42.954, 42.913, 42.84, 42.75, 42.624, 42.591, 42.519, 42.581, 42.696, 42.705, 42.649, 42.671, 42.915, 43.278, 43.304, 43.263, 43.434, 43.655, 43.767, 43.855, 43.945, 44.045, 43.943, 43.967, 44.057, 43.991, 44.052, 44.1, 43.982, 43.898, 43.865, 44.028, 44.488, 44.786, 44.618, 44.36, 44.41, 44.441, 44.252, 44.181, 44.19, 44.211, 44.133, 43.875, 43.823, 44.126, 44.537, 44.5, 44.464, 44.448, 44.167, 43.719, 43.464, 43.106, 42.547, 42.341, 42.401, 41.962, 41.123, 41.003, 41.297, 41.474, 41.56, 41.816, 42.599, 43.155, 43.226, 43.283, 43.467, 43.318, 43.098, 43.11, 42.988, 42.583, 42.189, 41.868, 41.689, 41.775, 41.684, 41.392, 41.235, 41.258, 40.861, 40.618, 40.97, 41.511, 41.95, 42.089, 41.849, 41.628, 41.564, 41.502, 41.543, 41.766, 42.13, 42.584, 42.968, 43.048, 42.845, 42.554, 42.718, 43.462, 44.063, 44.468, 45.0, 45.159, 44.781, 44.538, 44.919, 45.568, 45.733, 45.638, 45.543, 45.353, 45.246, 45.157, 44.882, 44.788, 44.754, 44.549, 44.342, 44.237, 44.028, 43.81, 43.666, 43.617, 43.649, 43.626, 43.622, 43.697, 43.589, 43.426, 43.493, 43.635, 43.608, 43.583, 43.574, 43.685, 43.687, 43.32, 43.175, 43.33, 43.397, 43.425, 43.369, 43.41, 43.476, 43.487, 43.455, 43.44, 43.593, 43.937, 44.371, 44.68, 44.742, 44.893, 45.043, 45.013, 44.973, 45.024, 44.962, 44.584, 44.348, 44.305, 44.264, 44.266, 44.347, 44.462, 44.528, 44.599, 44.672, 44.655, 44.563, 44.412, 44.113, 43.95, 44.06, 43.997, 43.728, 43.729, 43.678, 43.563, 43.442, 43.449, 43.509, 43.462, 43.372, 43.61, 43.878, 43.871, 43.328, 27.066], [28.167, 26.662, 24.876, 24.025, 23.053, 21.17, 18.108, 15.579, 14.418, 12.476, 7.744, 0.0, 7.279, 11.396, 12.817, 14.133, 17.103, 19.809, 20.626, 22.12, 27.921, 34.362, 36.133, 36.296, 38.551, 41.167, 41.906, 41.857, 42.111, 42.446, 42.223, 42.199, 42.387, 42.155, 41.904, 42.029, 42.266, 42.299, 42.19, 42.271, 42.301, 42.226, 42.107, 42.1, 42.021, 42.056, 42.172, 42.184, 42.119, 42.137, 42.38, 42.744, 42.77, 42.731, 42.914, 43.182, 43.378, 43.522, 43.633, 43.734, 43.655, 43.717, 43.823, 43.745, 43.802, 43.888, 43.8, 43.722, 43.683, 43.771, 44.125, 44.416, 44.272, 43.992, 44.009, 44.037, 43.844, 43.765, 43.773, 43.81, 43.74, 43.452, 43.349, 43.62, 44.024, 44.008, 44.004, 43.993, 43.695, 43.265, 43.054, 42.706, 42.141, 41.941, 42.031, 41.666, 40.951, 40.919, 41.238, 41.415, 41.483, 41.7, 42.452, 42.999, 43.064, 43.117, 43.291, 43.12, 42.888, 42.907, 42.804, 42.43, 42.076, 41.781, 41.568, 41.577, 41.443, 41.14, 40.927, 40.864, 40.423, 40.193, 40.558, 41.072, 41.459, 41.565, 41.324, 41.123, 41.078, 41.017, 41.056, 41.296, 41.701, 42.19, 42.582, 42.669, 42.483, 42.17, 42.286, 43.015, 43.658, 44.095, 44.649, 44.831, 44.454, 44.206, 44.574, 45.219, 45.378, 45.282, 45.193, 45.002, 44.883, 44.775, 44.492, 44.399, 44.366, 44.173, 43.983, 43.879, 43.66, 43.439, 43.289, 43.224, 43.245, 43.229, 43.215, 43.271, 43.156, 43.004, 43.084, 43.235, 43.243, 43.255, 43.253, 43.343, 43.314, 42.931, 42.789, 42.945, 43.01, 43.028, 42.952, 42.99, 43.077, 43.101, 43.056, 43.042, 43.216, 43.584, 44.039, 44.349, 44.416, 44.586, 44.742, 44.706, 44.662, 44.693, 44.608, 44.221, 43.987, 43.95, 43.901, 43.895, 43.993, 44.131, 44.197, 44.26, 44.326, 44.311, 44.224, 44.059, 43.75, 43.589, 43.704, 43.647, 43.336, 43.278, 43.232, 43.115, 42.978, 42.987, 43.06, 43.027, 43.019, 43.352, 43.653, 43.661, 43.148, 28.63], [29.146, 27.856, 26.506, 25.812, 25.057, 23.654, 21.143, 18.896, 17.917, 16.899, 13.81, 7.279, 0.0, 5.063, 7.552, 9.528, 12.863, 15.889, 16.942, 18.559, 24.737, 31.787, 33.731, 33.857, 36.345, 39.282, 40.12, 40.065, 40.286, 40.597, 40.385, 40.401, 40.629, 40.476, 40.362, 40.57, 40.835, 40.947, 40.978, 41.244, 41.46, 41.431, 41.31, 41.316, 41.215, 41.224, 41.349, 41.361, 41.282, 41.292, 41.525, 41.889, 41.929, 41.9, 42.082, 42.37, 42.643, 42.854, 43.003, 43.107, 43.026, 43.101, 43.216, 43.127, 43.179, 43.293, 43.239, 43.175, 43.128, 43.172, 43.488, 43.789, 43.652, 43.363, 43.392, 43.417, 43.193, 43.09, 43.096, 43.16, 43.1, 42.777, 42.647, 42.929, 43.339, 43.332, 43.345, 43.324, 42.987, 42.565, 42.4, 42.069, 41.5, 41.281, 41.379, 41.078, 40.514, 40.596, 40.929, 41.096, 41.158, 41.361, 42.089, 42.635, 42.703, 42.749, 42.91, 42.709, 42.455, 42.478, 42.42, 42.125, 41.829, 41.556, 41.336, 41.301, 41.122, 40.773, 40.451, 40.273, 39.807, 39.594, 39.923, 40.363, 40.705, 40.806, 40.585, 40.423, 40.415, 40.353, 40.382, 40.652, 41.116, 41.645, 42.043, 42.13, 41.933, 41.561, 41.599, 42.295, 42.96, 43.427, 44.02, 44.231, 43.835, 43.563, 43.924, 44.568, 44.705, 44.595, 44.512, 44.324, 44.195, 44.066, 43.766, 43.67, 43.633, 43.445, 43.267, 43.169, 42.959, 42.755, 42.602, 42.517, 42.533, 42.52, 42.475, 42.501, 42.374, 42.215, 42.289, 42.454, 42.522, 42.573, 42.542, 42.575, 42.508, 42.128, 42.002, 42.152, 42.204, 42.208, 42.115, 42.159, 42.281, 42.333, 42.281, 42.276, 42.484, 42.896, 43.4, 43.717, 43.786, 43.979, 44.144, 44.103, 44.049, 44.056, 43.947, 43.547, 43.299, 43.259, 43.209, 43.203, 43.325, 43.486, 43.551, 43.612, 43.685, 43.671, 43.578, 43.389, 43.062, 42.908, 43.037, 42.987, 42.628, 42.526, 42.509, 42.395, 42.249, 42.279, 42.362, 42.333, 42.402, 42.832, 43.163, 43.173, 42.628, 29.583], [29.886, 28.7, 27.562, 26.971, 26.328, 25.105, 22.829, 20.785, 19.945, 19.246, 16.856, 11.396, 5.063, 0.0, 3.709, 7.194, 11.005, 13.975, 15.029, 16.72, 23.101, 30.443, 32.486, 32.589, 35.183, 38.305, 39.217, 39.176, 39.383, 39.679, 39.479, 39.525, 39.782, 39.67, 39.632, 39.895, 40.181, 40.325, 40.443, 40.852, 41.217, 41.237, 41.106, 41.108, 40.993, 40.978, 41.099, 41.111, 41.027, 41.029, 41.266, 41.649, 41.705, 41.68, 41.845, 42.126, 42.425, 42.66, 42.82, 42.921, 42.84, 42.926, 43.043, 42.944, 42.992, 43.111, 43.065, 43.007, 42.959, 42.98, 43.273, 43.578, 43.442, 43.142, 43.172, 43.19, 42.94, 42.824, 42.837, 42.927, 42.876, 42.532, 42.383, 42.664, 43.073, 43.072, 43.091, 43.059, 42.705, 42.283, 42.122, 41.796, 41.241, 41.022, 41.112, 40.83, 40.352, 40.508, 40.852, 41.009, 41.08, 41.293, 42.016, 42.562, 42.634, 42.678, 42.83, 42.614, 42.349, 42.365, 42.327, 42.082, 41.818, 41.539, 41.305, 41.253, 41.052, 40.683, 40.317, 40.074, 39.587, 39.384, 39.693, 40.084, 40.393, 40.488, 40.285, 40.148, 40.158, 40.098, 40.117, 40.391, 40.876, 41.422, 41.825, 41.911, 41.713, 41.319, 41.326, 42.019, 42.718, 43.228, 43.855, 44.083, 43.684, 43.41, 43.769, 44.407, 44.53, 44.399, 44.31, 44.124, 43.997, 43.859, 43.546, 43.44, 43.396, 43.213, 43.037, 42.933, 42.722, 42.524, 42.368, 42.271, 42.287, 42.278, 42.22, 42.229, 42.097, 41.933, 42.002, 42.174, 42.269, 42.332, 42.289, 42.311, 42.235, 41.854, 41.725, 41.863, 41.903, 41.905, 41.812, 41.862, 42.005, 42.081, 42.032, 42.036, 42.266, 42.696, 43.212, 43.534, 43.606, 43.81, 43.977, 43.938, 43.888, 43.891, 43.781, 43.379, 43.125, 43.081, 43.033, 43.031, 43.16, 43.32, 43.372, 43.428, 43.506, 43.498, 43.395, 43.182, 42.835, 42.685, 42.827, 42.772, 42.38, 42.253, 42.232, 42.109, 41.974, 42.016, 42.095, 42.07, 42.169, 42.627, 42.964, 42.979, 42.421, 30.301], [30.381, 29.205, 28.103, 27.558, 26.984, 25.819, 23.586, 21.594, 20.829, 20.187, 17.874, 12.817, 7.552, 3.709, 0.0, 4.717, 9.64, 12.983, 13.952, 15.622, 22.349, 29.995, 32.13, 32.26, 34.913, 38.096, 39.022, 38.997, 39.215, 39.508, 39.313, 39.362, 39.638, 39.573, 39.565, 39.83, 40.124, 40.307, 40.465, 40.896, 41.292, 41.347, 41.234, 41.237, 41.12, 41.096, 41.207, 41.226, 41.144, 41.134, 41.37, 41.765, 41.833, 41.813, 41.972, 42.251, 42.559, 42.792, 42.948, 43.049, 42.98, 43.069, 43.19, 43.101, 43.152, 43.267, 43.212, 43.15, 43.103, 43.114, 43.378, 43.663, 43.526, 43.231, 43.261, 43.268, 43.012, 42.895, 42.918, 43.023, 42.976, 42.624, 42.455, 42.698, 43.085, 43.093, 43.121, 43.092, 42.745, 42.33, 42.165, 41.851, 41.32, 41.114, 41.203, 40.921, 40.44, 40.605, 40.957, 41.117, 41.191, 41.408, 42.13, 42.671, 42.741, 42.781, 42.916, 42.69, 42.429, 42.447, 42.409, 42.168, 41.902, 41.612, 41.377, 41.327, 41.116, 40.752, 40.411, 40.17, 39.661, 39.448, 39.777, 40.184, 40.49, 40.586, 40.398, 40.27, 40.277, 40.217, 40.236, 40.501, 40.976, 41.527, 41.939, 42.023, 41.822, 41.443, 41.47, 42.167, 42.857, 43.349, 43.958, 44.185, 43.799, 43.54, 43.898, 44.534, 44.656, 44.517, 44.424, 44.239, 44.113, 43.978, 43.669, 43.561, 43.513, 43.331, 43.157, 43.048, 42.825, 42.618, 42.459, 42.356, 42.368, 42.359, 42.3, 42.308, 42.174, 42.01, 42.08, 42.258, 42.352, 42.415, 42.387, 42.429, 42.356, 41.972, 41.84, 41.971, 42.007, 42.017, 41.935, 41.988, 42.13, 42.207, 42.162, 42.172, 42.407, 42.823, 43.312, 43.626, 43.698, 43.902, 44.068, 44.032, 43.991, 43.998, 43.888, 43.493, 43.254, 43.216, 43.167, 43.167, 43.302, 43.465, 43.512, 43.564, 43.649, 43.646, 43.543, 43.329, 42.975, 42.821, 42.962, 42.9, 42.502, 42.367, 42.318, 42.183, 42.061, 42.102, 42.174, 42.16, 42.276, 42.747, 43.088, 43.099, 42.54, 30.781], [30.725, 29.585, 28.514, 27.977, 27.48, 26.471, 24.397, 22.506, 21.807, 21.253, 19.041, 14.133, 9.528, 7.194, 4.717, 0.0, 5.989, 10.337, 11.579, 13.462, 21.226, 29.603, 31.892, 32.116, 34.963, 38.239, 39.167, 39.145, 39.333, 39.581, 39.372, 39.398, 39.62, 39.537, 39.545, 39.822, 40.115, 40.329, 40.524, 40.945, 41.315, 41.389, 41.314, 41.328, 41.228, 41.224, 41.351, 41.384, 41.309, 41.293, 41.513, 41.901, 41.981, 41.977, 42.155, 42.45, 42.752, 42.953, 43.102, 43.229, 43.172, 43.234, 43.365, 43.302, 43.355, 43.467, 43.423, 43.361, 43.317, 43.349, 43.616, 43.878, 43.731, 43.468, 43.515, 43.501, 43.24, 43.128, 43.143, 43.234, 43.182, 42.83, 42.659, 42.882, 43.261, 43.286, 43.327, 43.307, 42.971, 42.571, 42.435, 42.148, 41.616, 41.412, 41.513, 41.184, 40.577, 40.656, 41.006, 41.181, 41.24, 41.432, 42.146, 42.686, 42.755, 42.796, 42.919, 42.684, 42.433, 42.465, 42.422, 42.159, 41.869, 41.582, 41.39, 41.369, 41.145, 40.781, 40.496, 40.299, 39.763, 39.517, 39.897, 40.388, 40.747, 40.864, 40.681, 40.539, 40.523, 40.454, 40.473, 40.723, 41.165, 41.702, 42.119, 42.189, 41.967, 41.601, 41.668, 42.376, 43.019, 43.427, 43.992, 44.214, 43.832, 43.578, 43.95, 44.613, 44.76, 44.636, 44.552, 44.37, 44.238, 44.099, 43.801, 43.704, 43.66, 43.476, 43.303, 43.198, 42.984, 42.78, 42.614, 42.497, 42.497, 42.484, 42.426, 42.44, 42.304, 42.128, 42.198, 42.393, 42.503, 42.576, 42.554, 42.592, 42.502, 42.117, 41.993, 42.122, 42.155, 42.174, 42.095, 42.134, 42.254, 42.319, 42.282, 42.307, 42.542, 42.936, 43.402, 43.699, 43.762, 43.969, 44.139, 44.107, 44.07, 44.071, 43.952, 43.567, 43.352, 43.332, 43.281, 43.283, 43.443, 43.63, 43.68, 43.727, 43.814, 43.813, 43.728, 43.553, 43.225, 43.065, 43.196, 43.137, 42.759, 42.635, 42.574, 42.434, 42.312, 42.346, 42.411, 42.405, 42.553, 43.056, 43.391, 43.368, 42.787, 31.11], [31.48, 30.477, 29.547, 29.031, 28.603, 27.823, 26.072, 24.419, 23.818, 23.419, 21.539, 17.103, 12.863, 11.005, 9.64, 5.989, 0.0, 5.195, 7.363, 10.511, 19.936, 29.15, 31.597, 31.931, 35.058, 38.491, 39.451, 39.42, 39.529, 39.694, 39.475, 39.48, 39.589, 39.435, 39.491, 39.814, 40.098, 40.337, 40.617, 41.109, 41.494, 41.567, 41.504, 41.538, 41.473, 41.508, 41.653, 41.689, 41.63, 41.622, 41.833, 42.218, 42.32, 42.335, 42.529, 42.829, 43.083, 43.208, 43.345, 43.516, 43.465, 43.483, 43.616, 43.569, 43.609, 43.715, 43.702, 43.659, 43.619, 43.68, 43.977, 44.236, 44.079, 43.852, 43.926, 43.901, 43.642, 43.535, 43.524, 43.572, 43.511, 43.172, 43.025, 43.277, 43.678, 43.724, 43.775, 43.761, 43.426, 43.035, 42.944, 42.689, 42.139, 41.93, 42.041, 41.629, 40.827, 40.761, 41.085, 41.278, 41.309, 41.448, 42.137, 42.677, 42.752, 42.811, 42.952, 42.723, 42.484, 42.534, 42.497, 42.215, 41.89, 41.592, 41.445, 41.452, 41.216, 40.841, 40.607, 40.474, 39.92, 39.635, 40.071, 40.671, 41.097, 41.237, 41.048, 40.883, 40.842, 40.762, 40.771, 41.0, 41.399, 41.899, 42.304, 42.363, 42.128, 41.768, 41.867, 42.594, 43.215, 43.571, 44.118, 44.352, 43.961, 43.699, 44.096, 44.795, 44.971, 44.862, 44.789, 44.622, 44.49, 44.338, 44.049, 43.97, 43.935, 43.752, 43.574, 43.469, 43.264, 43.071, 42.899, 42.77, 42.764, 42.754, 42.701, 42.724, 42.59, 42.398, 42.464, 42.683, 42.825, 42.916, 42.897, 42.928, 42.825, 42.437, 42.313, 42.431, 42.453, 42.467, 42.372, 42.387, 42.472, 42.524, 42.498, 42.538, 42.771, 43.157, 43.608, 43.877, 43.931, 44.144, 44.317, 44.289, 44.251, 44.243, 44.12, 43.747, 43.551, 43.545, 43.493, 43.502, 43.681, 43.879, 43.925, 43.966, 44.05, 44.052, 43.994, 43.873, 43.591, 43.438, 43.561, 43.512, 43.157, 43.036, 42.969, 42.84, 42.725, 42.75, 42.806, 42.812, 43.01, 43.547, 43.845, 43.763, 43.169, 31.843], [32.58, 31.7, 30.904, 30.427, 30.026, 29.351, 27.8, 26.319, 25.783, 25.452, 23.786, 19.809, 15.889, 13.975, 12.983, 10.337, 5.195, 0.0, 3.628, 8.983, 19.518, 29.024, 31.535, 31.933, 35.197, 38.733, 39.73, 39.686, 39.721, 39.825, 39.618, 39.62, 39.68, 39.542, 39.689, 40.052, 40.322, 40.604, 40.996, 41.592, 42.014, 42.08, 42.009, 42.062, 42.034, 42.092, 42.232, 42.26, 42.211, 42.219, 42.439, 42.832, 42.947, 42.973, 43.173, 43.472, 43.688, 43.76, 43.881, 44.066, 44.023, 44.021, 44.146, 44.096, 44.125, 44.222, 44.22, 44.189, 44.152, 44.213, 44.51, 44.766, 44.616, 44.41, 44.489, 44.464, 44.217, 44.117, 44.087, 44.109, 44.046, 43.719, 43.583, 43.842, 44.244, 44.302, 44.357, 44.343, 44.013, 43.625, 43.541, 43.303, 42.76, 42.559, 42.669, 42.211, 41.301, 41.144, 41.437, 41.633, 41.655, 41.758, 42.416, 42.95, 43.027, 43.094, 43.245, 43.035, 42.822, 42.888, 42.858, 42.573, 42.224, 41.895, 41.743, 41.756, 41.522, 41.158, 40.977, 40.895, 40.34, 40.042, 40.527, 41.193, 41.635, 41.769, 41.58, 41.409, 41.361, 41.281, 41.287, 41.501, 41.87, 42.339, 42.73, 42.789, 42.562, 42.22, 42.338, 43.072, 43.695, 44.05, 44.587, 44.824, 44.441, 44.185, 44.585, 45.288, 45.477, 45.37, 45.301, 45.151, 45.026, 44.867, 44.589, 44.528, 44.498, 44.321, 44.143, 44.026, 43.81, 43.614, 43.444, 43.318, 43.311, 43.303, 43.262, 43.297, 43.171, 42.977, 43.044, 43.268, 43.418, 43.517, 43.512, 43.557, 43.463, 43.075, 42.937, 43.04, 43.054, 43.058, 42.957, 42.966, 43.03, 43.072, 43.055, 43.097, 43.322, 43.698, 44.123, 44.373, 44.425, 44.632, 44.797, 44.771, 44.732, 44.725, 44.605, 44.246, 44.064, 44.063, 44.014, 44.025, 44.196, 44.377, 44.409, 44.443, 44.523, 44.528, 44.481, 44.379, 44.122, 43.986, 44.108, 44.06, 43.717, 43.584, 43.496, 43.381, 43.289, 43.308, 43.355, 43.369, 43.59, 44.126, 44.388, 44.281, 43.711, 32.925], [32.917, 32.071, 31.343, 30.914, 30.522, 29.826, 28.266, 26.803, 26.285, 25.969, 24.385, 20.626, 16.942, 15.029, 13.952, 11.579, 7.363, 3.628, 0.0, 6.699, 18.394, 28.343, 30.935, 31.35, 34.727, 38.374, 39.393, 39.332, 39.355, 39.458, 39.255, 39.254, 39.341, 39.273, 39.472, 39.845, 40.118, 40.418, 40.844, 41.471, 41.906, 41.991, 41.943, 42.006, 41.987, 42.068, 42.226, 42.258, 42.208, 42.215, 42.444, 42.841, 42.954, 42.984, 43.193, 43.505, 43.725, 43.797, 43.916, 44.094, 44.053, 44.061, 44.191, 44.144, 44.18, 44.279, 44.267, 44.228, 44.193, 44.249, 44.536, 44.787, 44.642, 44.44, 44.512, 44.483, 44.234, 44.135, 44.111, 44.142, 44.084, 43.745, 43.59, 43.832, 44.217, 44.265, 44.318, 44.303, 43.976, 43.585, 43.487, 43.247, 42.717, 42.526, 42.624, 42.147, 41.237, 41.104, 41.403, 41.591, 41.615, 41.737, 42.411, 42.951, 43.031, 43.09, 43.228, 43.017, 42.814, 42.885, 42.854, 42.575, 42.23, 41.887, 41.721, 41.733, 41.499, 41.152, 41.005, 40.92, 40.34, 40.045, 40.561, 41.239, 41.668, 41.781, 41.588, 41.424, 41.383, 41.306, 41.315, 41.528, 41.889, 42.349, 42.74, 42.797, 42.566, 42.223, 42.337, 43.064, 43.681, 44.04, 44.578, 44.809, 44.429, 44.181, 44.587, 45.29, 45.476, 45.366, 45.294, 45.146, 45.027, 44.872, 44.61, 44.571, 44.549, 44.368, 44.187, 44.072, 43.853, 43.653, 43.488, 43.365, 43.349, 43.331, 43.287, 43.322, 43.19, 42.998, 43.073, 43.294, 43.428, 43.516, 43.518, 43.572, 43.487, 43.112, 42.972, 43.06, 43.069, 43.077, 42.991, 43.006, 43.058, 43.09, 43.072, 43.115, 43.333, 43.701, 44.139, 44.402, 44.461, 44.668, 44.828, 44.795, 44.756, 44.752, 44.631, 44.267, 44.091, 44.094, 44.043, 44.048, 44.22, 44.401, 44.437, 44.476, 44.565, 44.582, 44.542, 44.439, 44.175, 44.036, 44.158, 44.11, 43.761, 43.611, 43.507, 43.389, 43.298, 43.306, 43.343, 43.351, 43.572, 44.108, 44.384, 44.296, 43.737, 33.247], [33.063, 32.285, 31.778, 31.519, 31.239, 30.59, 29.084, 27.697, 27.226, 27.021, 25.665, 22.12, 18.559, 16.72, 15.622, 13.462, 10.511, 8.983, 6.699, 0.0, 12.867, 24.125, 27.183, 27.634, 31.563, 35.751, 36.84, 36.815, 36.985, 37.19, 36.99, 37.027, 37.175, 37.098, 37.295, 37.728, 38.058, 38.354, 38.775, 39.46, 39.972, 40.112, 40.103, 40.16, 40.098, 40.187, 40.392, 40.436, 40.38, 40.362, 40.548, 40.909, 41.024, 41.063, 41.261, 41.584, 41.864, 42.012, 42.192, 42.378, 42.298, 42.299, 42.455, 42.426, 42.473, 42.592, 42.592, 42.548, 42.506, 42.577, 42.905, 43.182, 43.036, 42.848, 42.955, 42.923, 42.635, 42.522, 42.513, 42.596, 42.551, 42.15, 41.953, 42.219, 42.622, 42.641, 42.677, 42.652, 42.295, 41.887, 41.791, 41.564, 41.063, 40.871, 40.954, 40.555, 39.895, 39.978, 40.324, 40.464, 40.447, 40.606, 41.33, 41.89, 41.992, 42.059, 42.162, 41.88, 41.612, 41.665, 41.669, 41.471, 41.188, 40.87, 40.71, 40.711, 40.466, 40.104, 39.855, 39.604, 38.984, 38.76, 39.242, 39.788, 40.152, 40.277, 40.108, 39.972, 39.956, 39.885, 39.878, 40.077, 40.448, 40.934, 41.35, 41.399, 41.114, 40.673, 40.676, 41.333, 41.918, 42.28, 42.885, 43.147, 42.719, 42.432, 42.847, 43.562, 43.738, 43.644, 43.577, 43.396, 43.273, 43.133, 42.869, 42.84, 42.824, 42.627, 42.425, 42.306, 42.092, 41.897, 41.746, 41.633, 41.619, 41.603, 41.531, 41.516, 41.346, 41.137, 41.198, 41.409, 41.568, 41.67, 41.611, 41.59, 41.486, 41.116, 40.973, 41.047, 41.053, 41.085, 41.033, 41.066, 41.136, 41.186, 41.167, 41.219, 41.473, 41.915, 42.473, 42.774, 42.835, 43.066, 43.218, 43.157, 43.111, 43.104, 42.976, 42.593, 42.412, 42.439, 42.393, 42.386, 42.578, 42.805, 42.889, 42.985, 43.13, 43.168, 43.121, 42.994, 42.686, 42.507, 42.629, 42.603, 42.209, 42.003, 41.913, 41.778, 41.638, 41.629, 41.652, 41.693, 42.068, 42.791, 43.163, 43.1, 42.493, 33.375], [35.425, 34.853, 34.816, 34.884, 34.82, 34.358, 33.194, 32.136, 31.785, 31.759, 30.871, 27.921, 24.737, 23.101, 22.349, 21.226, 19.936, 19.518, 18.394, 12.867, 0.0, 13.355, 17.811, 18.503, 23.745, 29.373, 30.8, 30.967, 31.565, 32.056, 31.92, 32.138, 32.511, 32.51, 32.914, 33.605, 34.09, 34.491, 35.101, 36.082, 36.843, 37.059, 37.083, 37.161, 37.007, 37.025, 37.264, 37.325, 37.269, 37.209, 37.281, 37.561, 37.717, 37.778, 37.901, 38.218, 38.685, 39.066, 39.382, 39.567, 39.365, 39.307, 39.491, 39.48, 39.539, 39.688, 39.721, 39.689, 39.64, 39.727, 40.141, 40.488, 40.367, 40.209, 40.385, 40.361, 40.005, 39.852, 39.878, 40.081, 40.068, 39.53, 39.229, 39.544, 39.98, 39.934, 39.924, 39.872, 39.448, 39.004, 38.92, 38.76, 38.398, 38.248, 38.339, 38.299, 38.389, 38.944, 39.337, 39.365, 39.277, 39.471, 40.184, 40.72, 40.84, 40.913, 40.942, 40.497, 40.084, 40.103, 40.223, 40.255, 40.162, 39.927, 39.759, 39.705, 39.455, 39.069, 38.52, 37.834, 37.169, 37.138, 37.466, 37.574, 37.677, 37.837, 37.786, 37.749, 37.798, 37.748, 37.719, 37.896, 38.318, 38.887, 39.364, 39.404, 39.014, 38.345, 38.045, 38.504, 39.035, 39.413, 40.134, 40.464, 39.931, 39.551, 39.937, 40.63, 40.764, 40.714, 40.671, 40.419, 40.281, 40.155, 39.841, 39.768, 39.735, 39.516, 39.264, 39.108, 38.884, 38.703, 38.583, 38.505, 38.538, 38.572, 38.462, 38.345, 38.103, 37.861, 37.883, 38.066, 38.315, 38.496, 38.323, 38.137, 37.978, 37.573, 37.396, 37.439, 37.43, 37.489, 37.503, 37.595, 37.762, 37.892, 37.869, 37.931, 38.276, 38.909, 39.658, 39.987, 40.04, 40.3, 40.416, 40.295, 40.232, 40.215, 40.085, 39.667, 39.458, 39.518, 39.508, 39.497, 39.712, 40.0, 40.157, 40.359, 40.607, 40.665, 40.553, 40.327, 39.94, 39.718, 39.846, 39.862, 39.355, 38.995, 38.956, 38.837, 38.65, 38.632, 38.649, 38.834, 39.63, 40.816, 41.387, 41.355, 40.693, 35.68], [39.014, 38.627, 38.856, 39.103, 39.145, 38.815, 38.005, 37.301, 37.08, 37.141, 36.617, 34.362, 31.787, 30.443, 29.995, 29.603, 29.15, 29.024, 28.343, 24.125, 13.355, 0.0, 6.348, 8.935, 16.21, 23.252, 25.252, 25.794, 26.965, 27.826, 27.842, 28.324, 29.102, 29.539, 30.561, 31.614, 32.199, 32.823, 33.831, 35.184, 36.156, 36.444, 36.536, 36.687, 36.502, 36.474, 36.75, 36.843, 36.8, 36.739, 36.737, 36.949, 37.127, 37.198, 37.241, 37.505, 38.114, 38.684, 39.026, 39.134, 38.874, 38.83, 39.001, 38.968, 39.028, 39.163, 39.152, 39.099, 39.046, 39.108, 39.52, 39.911, 39.86, 39.733, 39.928, 39.929, 39.595, 39.445, 39.481, 39.729, 39.724, 39.123, 38.757, 39.051, 39.432, 39.323, 39.275, 39.202, 38.749, 38.291, 38.201, 38.134, 37.908, 37.838, 37.976, 38.225, 38.804, 39.646, 40.063, 40.05, 39.958, 40.119, 40.658, 41.098, 41.191, 41.255, 41.239, 40.712, 40.257, 40.285, 40.481, 40.661, 40.72, 40.553, 40.334, 40.204, 39.977, 39.66, 39.004, 38.094, 37.416, 37.47, 37.654, 37.435, 37.292, 37.457, 37.575, 37.702, 37.826, 37.792, 37.778, 37.965, 38.395, 38.967, 39.449, 39.482, 39.034, 38.256, 37.78, 38.054, 38.509, 38.893, 39.635, 40.001, 39.479, 39.1, 39.412, 40.003, 40.075, 40.025, 39.99, 39.723, 39.589, 39.464, 39.122, 39.015, 38.956, 38.73, 38.455, 38.277, 38.042, 37.873, 37.786, 37.737, 37.799, 37.873, 37.77, 37.635, 37.391, 37.172, 37.21, 37.376, 37.63, 37.866, 37.716, 37.515, 37.375, 36.983, 36.794, 36.813, 36.784, 36.826, 36.855, 36.955, 37.148, 37.32, 37.311, 37.36, 37.71, 38.389, 39.114, 39.415, 39.483, 39.74, 39.813, 39.67, 39.595, 39.557, 39.422, 39.006, 38.778, 38.822, 38.836, 38.849, 39.055, 39.326, 39.496, 39.741, 40.013, 40.051, 39.871, 39.586, 39.2, 38.996, 39.119, 39.155, 38.592, 38.12, 38.1, 38.025, 37.869, 37.852, 37.86, 38.152, 39.177, 40.578, 41.255, 41.272, 40.662, 39.159], [40.264, 39.932, 40.19, 40.447, 40.492, 40.181, 39.437, 38.805, 38.627, 38.706, 38.233, 36.133, 33.731, 32.486, 32.13, 31.892, 31.597, 31.535, 30.