[[0.0, 4.206, 11.261, 16.816, 20.518, 25.382, 31.414, 34.361, 34.977, 35.256, 35.79, 36.12, 36.293, 36.485, 37.131, 38.03, 38.436, 38.507, 39.044, 39.846, 39.859, 39.406, 39.313, 39.146, 38.998, 38.924, 38.685, 38.274, 37.717, 37.051, 37.092, 37.471, 37.816, 38.224, 38.622, 38.912, 39.303, 39.773, 39.91, 39.738, 39.586, 39.662, 39.696, 39.615, 39.69, 40.051, 40.536, 40.851, 41.09, 41.342, 41.417, 40.883, 40.256, 40.225, 40.745, 41.018, 40.204, 38.766, 38.129, 38.468, 38.595, 38.312, 38.236, 38.502, 38.669, 38.506, 38.111, 37.985, 37.992, 37.91, 37.676, 37.658, 37.846, 38.004, 38.207, 38.674, 39.303, 39.536, 39.57, 39.679, 39.84, 39.733, 39.36, 39.397, 39.822, 39.618, 38.633, 38.103, 38.414, 38.738, 38.668, 38.361, 37.91, 37.69, 37.949, 38.327, 38.357, 38.211, 38.292, 38.437, 38.205, 37.824, 37.459, 36.964, 36.803, 36.978, 36.895, 36.812, 37.385, 38.408, 38.65, 38.269, 38.518, 39.118, 39.288, 39.254, 39.172, 38.95, 38.887, 39.049, 39.643, 39.809, 39.862, 40.036, 39.975, 39.692, 39.414, 39.096, 38.833, 38.619, 38.324, 37.95, 37.864, 38.131, 38.28, 38.264, 38.79, 39.628, 39.861, 39.792, 39.594, 39.545, 39.782, 40.072, 40.192, 3.956], [4.206, 0.0, 7.786, 14.06, 18.451, 24.07, 30.698, 33.858, 34.526, 34.839, 35.399, 35.716, 35.878, 36.108, 36.809, 37.755, 38.188, 38.289, 38.859, 39.668, 39.665, 39.215, 39.151, 38.973, 38.799, 38.704, 38.438, 38.001, 37.429, 36.788, 36.898, 37.332, 37.696, 38.103, 38.499, 38.786, 39.184, 39.667, 39.814, 39.642, 39.482, 39.551, 39.584, 39.503, 39.586, 39.954, 40.441, 40.766, 41.025, 41.275, 41.339, 40.793, 40.143, 40.106, 40.658, 40.963, 40.084, 38.553, 37.9, 38.239, 38.349, 38.042, 37.976, 38.278, 38.459, 38.275, 37.873, 37.769, 37.785, 37.688, 37.454, 37.461, 37.664, 37.825, 38.044, 38.543, 39.188, 39.406, 39.42, 39.514, 39.672, 39.556, 39.13, 39.113, 39.516, 39.309, 38.35, 37.851, 38.183, 38.521, 38.462, 38.16, 37.692, 37.456, 37.735, 38.137, 38.143, 37.964, 38.047, 38.196, 37.95, 37.572, 37.211, 36.727, 36.603, 36.812, 36.712, 36.625, 37.26, 38.338, 38.583, 38.213, 38.478, 39.08, 39.227, 39.143, 39.013, 38.767, 38.707, 38.846, 39.46, 39.663, 39.746, 39.958, 39.911, 39.62, 39.319, 38.978, 38.696, 38.47, 38.16, 37.765, 37.668, 37.946, 38.102, 38.078, 38.603, 39.464, 39.705, 39.614, 39.386, 39.328, 39.577, 39.878, 40.004, 5.915], [11.261, 7.786, 0.0, 7.725, 14.238, 21.835, 29.684, 33.232, 34.009, 34.429, 35.073, 35.409, 35.583, 35.886, 36.668, 37.666, 38.136, 38.31, 38.938, 39.737, 39.713, 39.305, 39.34, 39.193, 38.967, 38.818, 38.506, 38.036, 37.477, 36.923, 37.13, 37.618, 38.006, 38.424, 38.811, 39.089, 39.488, 39.973, 40.127, 39.96, 39.782, 39.828, 39.85, 39.771, 39.866, 40.237, 40.715, 41.049, 41.327, 41.579, 41.627, 41.067, 40.398, 40.358, 40.928, 41.234, 40.263, 38.669, 38.102, 38.451, 38.51, 38.178, 38.156, 38.495, 38.671, 38.464, 38.078, 37.986, 37.975, 37.841, 37.61, 37.651, 37.857, 38.012, 38.243, 38.746, 39.374, 39.563, 39.546, 39.617, 39.77, 39.624, 39.108, 38.994, 39.329, 39.111, 38.239, 37.836, 38.219, 38.566, 38.509, 38.217, 37.736, 37.488, 37.803, 38.236, 38.204, 37.969, 38.048, 38.201, 37.953, 37.589, 37.228, 36.75, 36.67, 36.905, 36.795, 36.753, 37.504, 38.648, 38.905, 38.561, 38.82, 39.386, 39.497, 39.354, 39.151, 38.877, 38.834, 38.929, 39.612, 39.925, 40.061, 40.322, 40.3, 40.001, 39.67, 39.305, 39.009, 38.77, 38.434, 38.004, 37.888, 38.17, 38.334, 38.307, 38.823, 39.701, 39.957, 39.827, 39.538, 39.443, 39.688, 39.992, 40.116, 11.548], [16.816, 14.06, 7.725, 0.0, 8.369, 18.181, 27.529, 31.674, 32.563, 33.095, 33.897, 34.299, 34.492, 34.897, 35.811, 36.895, 37.421, 37.661, 38.347, 39.185, 39.177, 38.776, 38.857, 38.748, 38.495, 38.316, 37.982, 37.467, 36.917, 36.543, 36.94, 37.494, 37.898, 38.332, 38.749, 39.08, 39.534, 40.033, 40.175, 40.002, 39.827, 39.864, 39.866, 39.78, 39.889, 40.28, 40.777, 41.14, 41.457, 41.724, 41.744, 41.131, 40.434, 40.434, 41.002, 41.179, 40.021, 38.339, 37.855, 38.241, 38.258, 37.886, 37.88, 38.239, 38.395, 38.188, 37.891, 37.903, 37.96, 37.849, 37.616, 37.691, 37.926, 38.096, 38.366, 38.934, 39.602, 39.804, 39.797, 39.887, 40.057, 39.876, 39.231, 38.991, 39.251, 38.981, 38.108, 37.73, 38.134, 38.5, 38.48, 38.224, 37.709, 37.397, 37.731, 38.209, 38.142, 37.826, 37.874, 38.04, 37.795, 37.404, 36.977, 36.442, 36.363, 36.603, 36.481, 36.502, 37.435, 38.705, 38.995, 38.724, 39.04, 39.587, 39.643, 39.398, 39.058, 38.655, 38.533, 38.556, 39.369, 39.875, 40.104, 40.402, 40.388, 40.061, 39.669, 39.255, 38.942, 38.691, 38.305, 37.791, 37.616, 37.893, 38.062, 38.033, 38.564, 39.486, 39.758, 39.596, 39.253, 39.121, 39.371, 39.712, 39.86, 16.798], [20.518, 18.451, 14.238, 8.369, 0.0, 11.427, 22.814, 28.269, 29.345, 29.953, 31.038, 31.581, 31.822, 32.395, 33.539, 34.827, 35.457, 35.735, 36.51, 37.489, 37.525, 37.041, 37.088, 37.027, 36.787, 36.607, 36.276, 35.686, 35.097, 35.031, 35.818, 36.53, 36.952, 37.408, 37.885, 38.314, 38.878, 39.419, 39.525, 39.33, 39.193, 39.254, 39.222, 39.107, 39.225, 39.655, 40.211, 40.64, 41.018, 41.298, 41.244, 40.486, 39.728, 39.811, 40.382, 40.353, 38.946, 37.089, 36.59, 37.071, 37.1, 36.641, 36.561, 36.911, 37.043, 36.813, 36.638, 36.876, 37.129, 37.11, 36.867, 36.984, 37.295, 37.509, 37.86, 38.576, 39.348, 39.58, 39.622, 39.792, 40.025, 39.824, 39.015, 38.618, 38.837, 38.499, 37.48, 36.993, 37.387, 37.807, 37.884, 37.699, 37.145, 36.72, 37.017, 37.533, 37.438, 37.023, 37.01, 37.178, 36.902, 36.427, 35.875, 35.197, 35.051, 35.305, 35.186, 35.258, 36.457, 37.969, 38.292, 38.078, 38.52, 39.124, 39.148, 38.782, 38.252, 37.61, 37.306, 37.26, 38.235, 38.957, 39.338, 39.706, 39.686, 39.279, 38.754, 38.237, 37.896, 37.637, 37.173, 36.497, 36.226, 36.512, 36.68, 36.636, 37.225, 38.244, 38.537, 38.36, 37.981, 37.802, 38.037, 38.446, 38.659, 20.499], [25.382, 24.07, 21.835, 18.181, 11.427, 0.0, 13.574, 21.76, 23.482, 24.201, 25.802, 26.674, 27.152, 28.156, 29.775, 31.434, 32.214, 32.541, 33.546, 34.884, 35.014, 34.313, 34.216, 34.163, 33.922, 33.845, 33.606, 32.9, 32.212, 32.663, 34.086, 35.024, 35.461, 35.957, 36.555, 37.153, 37.892, 38.503, 38.55, 38.312, 38.243, 38.375, 38.296, 38.114, 38.224, 38.707, 39.366, 39.9, 40.342, 40.605, 40.419, 39.411, 38.524, 38.704, 39.262, 38.954, 37.23, 35.032, 34.407, 35.068, 35.146, 34.548, 34.349, 34.681, 34.783, 34.482, 34.479, 35.141, 35.736, 35.869, 35.617, 35.795, 36.221, 36.523, 37.037, 38.022, 38.977, 39.263, 39.414, 39.773, 40.162, 39.976, 38.988, 38.437, 38.696, 38.338, 37.052, 36.302, 36.596, 37.059, 37.272, 37.208, 36.627, 36.068, 36.284, 36.825, 36.714, 36.193, 36.09, 36.247, 35.93, 35.353, 34.578, 33.524, 33.091, 33.299, 33.185, 33.26, 34.798, 36.711, 37.092, 36.906, 37.534, 38.28, 38.307, 37.816, 37.015, 35.967, 35.354, 35.33, 36.581, 37.523, 38.114, 38.623, 38.586, 38.003, 37.246, 36.552, 36.162, 35.909, 35.332, 34.364, 33.894, 34.192, 34.368, 34.285, 34.945, 36.097, 36.423, 36.273, 35.885, 35.627, 35.814, 36.305, 36.627, 25.447], [31.414, 30.698, 29.684, 27.529, 22.814, 13.574, 0.0, 11.55, 14.906, 16.005, 18.424, 20.187, 21.546, 23.541, 25.979, 28.095, 29.099, 29.716, 31.252, 33.077, 33.373, 32.504, 32.259, 32.215, 32.093, 32.287, 32.222, 31.439, 30.691, 31.47, 33.212, 34.225, 34.647, 35.154, 35.831, 36.542, 37.376, 38.0, 37.996, 37.741, 37.73, 37.942, 37.85, 37.601, 37.684, 38.209, 38.958, 39.553, 40.02, 40.259, 39.98, 38.805, 37.803, 38.013, 38.557, 38.111, 36.271, 33.847, 33.016, 33.711, 33.807, 33.141, 32.904, 33.242, 33.355, 33.047, 33.195, 34.208, 35.072, 35.319, 35.083, 35.304, 35.785, 36.142, 36.792, 37.97, 39.044, 39.384, 39.666, 40.206, 40.721, 40.584, 39.571, 39.029, 39.424, 39.162, 37.765, 36.832, 36.987, 37.408, 37.683, 37.759, 37.285, 36.747, 36.93, 37.451, 37.329, 36.769, 36.619, 36.764, 36.464, 35.86, 34.916, 33.491, 32.674, 32.714, 32.554, 32.498, 34.036, 36.14, 36.638, 36.511, 37.235, 38.046, 38.08, 37.574, 36.645, 35.318, 34.443, 34.427, 35.786, 36.798, 37.52, 38.148, 38.098, 37.379, 36.465, 35.657, 35.252, 35.032, 34.405, 33.24, 32.597, 32.878, 33.074, 32.972, 33.628, 34.801, 35.135, 35.025, 34.65, 34.323, 34.446, 34.947, 35.316, 31.539], [34.361, 33.858, 33.232, 31.674, 28.269, 21.76, 11.55, 0.0, 5.681, 8.672, 12.405, 15.424, 18.132, 21.263, 24.364, 26.776, 27.992, 29.069, 31.146, 33.107, 33.441, 32.668, 32.481, 32.519, 32.662, 33.05, 33.028, 32.272, 31.633, 32.317, 33.823, 34.747, 35.162, 35.639, 36.257, 36.898, 37.658, 38.235, 38.24, 38.013, 38.005, 38.212, 38.147, 37.913, 37.97, 38.447, 39.146, 39.702, 40.147, 40.389, 40.12, 38.995, 38.043, 38.24, 38.778, 38.39, 36.734, 34.547, 33.703, 34.235, 34.307, 33.692, 33.471, 33.768, 33.885, 33.625, 33.754, 34.656, 35.414, 35.599, 35.374, 35.593, 36.04, 36.37, 36.971, 38.048, 39.049, 39.414, 39.739, 40.282, 40.789, 40.701, 39.805, 39.338, 39.773, 39.659, 38.464, 37.644, 37.811, 38.185, 38.407, 38.504, 38.162, 37.734, 37.912, 38.396, 38.278, 37.736, 37.588, 37.73, 37.446, 36.86, 35.976, 34.618, 33.776, 33.727, 33.557, 33.445, 34.705, 36.635, 37.192, 37.063, 37.676, 38.409, 38.44, 37.994, 37.176, 36.015, 35.243, 35.175, 36.28, 37.159, 37.858, 38.482, 38.45, 37.768, 36.898, 36.124, 35.746, 35.556, 34.988, 33.921, 33.334, 33.597, 33.798, 33.713, 34.298, 35.355, 35.636, 35.489, 35.099, 34.811, 34.954, 35.382, 35.68, 34.478], [34.977, 34.526, 34.009, 32.563, 29.345, 23.482, 14.906, 5.681, 0.0, 5.135, 10.41, 13.945, 17.002, 20.533, 23.853, 26.381, 27.688, 28.879, 31.092, 33.093, 33.433, 32.698, 32.535, 32.608, 32.883, 33.372, 33.376, 32.635, 32.04, 32.698, 34.109, 34.996, 35.414, 35.896, 36.513, 37.143, 37.887, 38.46, 38.475, 38.263, 38.259, 38.445, 38.373, 38.148, 38.206, 38.669, 39.346, 39.891, 40.344, 40.6, 40.335, 39.233, 38.317, 38.512, 39.053, 38.692, 37.097, 35.001, 34.192, 34.706, 34.781, 34.175, 33.933, 34.193, 34.295, 34.023, 34.128, 35.001, 35.745, 35.917, 35.692, 35.909, 36.348, 36.674, 37.259, 38.3, 39.292, 39.686, 40.027, 40.553, 41.036, 40.952, 40.096, 39.649, 40.061, 39.955, 38.807, 38.021, 38.192, 38.553, 38.766, 38.861, 38.532, 38.105, 38.266, 38.75, 38.633, 38.083, 37.931, 38.074, 37.785, 37.184, 36.299, 34.962, 34.14, 34.093, 33.943, 33.878, 35.122, 36.994, 37.535, 37.37, 37.931, 38.632, 38.656, 38.212, 37.412, 36.303, 35.582, 35.513, 36.539, 37.375, 38.058, 38.676, 38.659, 38.005, 37.163, 36.407, 36.03, 35.838, 35.29, 34.264, 33.699, 33.963, 34.166, 34.075, 34.63, 35.662, 35.939, 35.774, 35.377, 35.113, 35.284, 35.71, 35.987, 35.075], [35.256, 34.839, 34.429, 33.095, 29.953, 24.201, 16.005, 8.672, 5.135, 0.0, 6.522, 11.277, 15.195, 19.291, 22.91, 25.552, 26.938, 28.262, 30.646, 32.728, 33.103, 32.388, 32.216, 32.299, 32.653, 33.245, 33.301, 32.566, 31.996, 32.671, 34.051, 34.917, 35.332, 35.811, 36.436, 37.082, 37.832, 38.402, 38.417, 38.207, 38.203, 38.396, 38.329, 38.106, 38.173, 38.643, 39.318, 39.864, 40.326, 40.6, 40.365, 39.299, 38.393, 38.567, 39.084, 38.722, 37.142, 35.066, 34.26, 34.792, 34.892, 34.299, 34.053, 34.295, 34.394, 34.12, 34.215, 35.078, 35.815, 35.986, 35.768, 35.982, 36.412, 36.735, 37.309, 38.326, 39.304, 39.694, 40.026, 40.538, 41.01, 40.931, 40.101, 39.672, 40.069, 39.956, 38.825, 38.067, 38.239, 38.586, 38.788, 38.87, 38.536, 38.116, 38.286, 38.771, 38.657, 38.114, 37.961, 38.111, 37.846, 37.255, 36.37, 35.071, 34.304, 34.282, 34.126, 34.009, 35.175, 36.994, 37.526, 37.359, 37.908, 38.603, 38.631, 38.199, 37.415, 36.332, 35.628, 35.541, 36.523, 37.35, 38.036, 38.659, 38.655, 38.011, 37.176, 36.42, 36.037, 35.836, 35.284, 34.273, 33.73, 33.997, 34.19, 34.102, 34.66, 35.67, 35.933, 35.782, 35.423, 35.186, 35.359, 35.783, 36.061, 35.364], [35.79, 35.399, 35.073, 33.897, 31.038, 25.802, 18.424, 12.405, 10.41, 6.522, 0.0, 6.46, 12.504, 17.789, 21.802, 24.542, 26.008, 27.535, 30.175, 32.372, 32.789, 32.133, 31.986, 32.095, 32.539, 33.265, 33.394, 32.68, 32.155, 32.855, 34.224, 35.088, 35.5, 35.963, 36.576, 37.218, 37.953, 38.509, 38.528, 38.316, 38.3, 38.499, 38.447, 38.228, 38.304, 38.783, 39.458, 39.998, 40.454, 40.743, 40.544, 39.515, 38.623, 38.774, 39.245, 38.852, 37.292, 35.268, 34.476, 35.011, 35.129, 34.561, 34.324, 34.553, 34.65, 34.397, 34.49, 35.316, 36.02, 36.186, 35.979, 36.178, 36.589, 36.905, 37.452, 38.418, 39.359, 39.738, 40.059, 40.557, 41.029, 40.969, 40.172, 39.762, 40.156, 40.073, 39.0, 38.283, 38.454, 38.787, 38.982, 39.053, 38.715, 38.303, 38.473, 38.946, 38.839, 38.32, 38.175, 38.334, 38.107, 37.541, 36.674, 35.43, 34.709, 34.69, 34.522, 34.354, 35.394, 37.11, 37.628, 37.468, 37.999, 38.696, 38.753, 38.356, 37.613, 36.591, 35.935, 35.796, 36.68, 37.485, 38.181, 38.812, 38.826, 38.202, 37.371, 36.608, 36.221, 36.025, 35.488, 34.521, 34.018, 34.284, 34.464, 34.377, 34.918, 35.876, 36.103, 35.95, 35.635, 35.447, 35.627, 36.035, 36.297, 35.91], [36.12, 35.716, 35.409, 34.299, 31.581, 26.674, 20.187, 15.424, 13.945, 11.277, 6.46, 0.0, 7.874, 14.89, 19.879, 23.08, 24.69, 26.302, 29.161, 31.552, 32.027, 31.397, 31.339, 31.556, 32.084, 32.917, 33.1, 32.368, 31.835, 32.627, 34.099, 35.029, 35.468, 35.952, 36.588, 37.243, 37.983, 38.541, 38.557, 38.328, 38.297, 38.493, 38.437, 38.207, 38.277, 38.761, 39.447, 39.989, 40.435, 40.715, 40.498, 39.444, 38.527, 38.663, 39.128, 38.708, 37.101, 35.007, 34.2, 34.79, 34.929, 34.355, 34.126, 34.384, 34.5, 34.238, 34.333, 35.189, 35.919, 36.091, 35.876, 36.074, 36.489, 36.809, 37.379, 38.374, 39.327, 39.708, 40.02, 40.512, 40.992, 40.934, 40.117, 39.689, 40.091, 40.024, 38.945, 38.222, 38.388, 38.724, 38.937, 39.008, 38.639, 38.212, 38.396, 38.883, 38.778, 38.261, 38.121, 38.278, 38.039, 37.467, 36.591, 35.332, 34.588, 34.564, 34.402, 34.28, 35.378, 37.101, 37.6, 37.436, 37.983, 38.699, 38.764, 38.353, 37.573, 36.511, 35.854, 35.674, 36.489, 37.288, 38.024, 38.684, 38.719, 38.101, 37.244, 36.444, 36.033, 35.841, 35.31, 34.327, 33.797, 34.067, 34.257, 34.148, 34.665, 35.63, 35.863, 35.7, 35.399, 35.25, 35.452, 35.88, 36.149, 36.241], [36.293, 35.878, 35.583, 34.492, 31.822, 27.152, 21.546, 18.132, 17.002, 15.195, 12.504, 7.874, 0.0, 8.917, 16.268, 20.832, 22.901, 24.721, 27.922, 30.568, 31.105, 30.469, 30.543, 30.987, 31.665, 32.549, 32.719, 31.913, 31.307, 32.189, 33.781, 34.768, 35.239, 35.766, 36.442, 37.115, 37.862, 38.425, 38.434, 38.2, 38.178, 38.38, 38.307, 38.059, 38.114, 38.596, 39.295, 39.836, 40.262, 40.51, 40.25, 39.15, 38.19, 38.313, 38.793, 38.362, 36.683, 34.473, 33.677, 34.357, 34.52, 33.923, 33.69, 33.998, 34.149, 33.842, 33.917, 34.806, 35.539, 35.685, 35.437, 35.632, 36.061, 36.395, 37.008, 38.054, 39.029, 39.417, 39.731, 40.227, 40.712, 40.64, 39.779, 39.318, 39.74, 39.674, 38.534, 37.757, 37.894, 38.225, 38.445, 38.514, 38.135, 37.735, 37.984, 38.531, 38.436, 37.911, 37.786, 37.924, 37.614, 36.989, 36.096, 34.814, 34.049, 34.041, 33.91, 33.872, 35.125, 36.941, 37.449, 37.279, 37.858, 38.601, 38.661, 38.221, 37.373, 36.218, 35.505, 35.249, 35.997, 36.802, 37.585, 38.278, 38.325, 37.706, 36.828, 35.983, 35.54, 35.336, 34.785, 33.749, 33.184, 33.474, 33.693, 33.572, 34.099, 35.144, 35.42, 35.24, 34.933, 34.814, 35.037, 35.502, 35.803, 36.398], [36.485, 36.108, 35.886, 34.897, 32.395, 28.156, 23.541, 21.263, 20.533, 19.291, 17.789, 14.89, 8.917, 0.0, 9.774, 16.415, 19.599, 22.139, 26.015, 28.983, 29.602, 29.039, 29.31, 30.021, 30.945, 31.97, 32.155, 31.312, 30.743, 31.738, 33.411, 34.424, 34.923, 35.483, 36.194, 36.895, 37.65, 38.206, 38.218, 38.023, 38.061, 38.301, 38.23, 37.971, 38.017, 38.496, 39.196, 39.723, 40.121, 40.361, 40.103, 39.001, 38.039, 38.166, 38.626, 38.157, 36.454, 34.208, 33.432, 34.133, 34.299, 33.713, 33.489, 33.812, 33.975, 33.634, 33.668, 34.544, 35.258, 35.378, 35.115, 35.319, 35.752, 36.092, 36.711, 37.755, 38.728, 39.117, 39.429, 39.927, 40.416, 40.334, 39.454, 38.981, 39.407, 39.325, 38.125, 37.283, 37.361, 37.68, 37.908, 37.975, 37.601, 37.239, 37.545, 38.138, 38.059, 37.543, 37.444, 37.587, 37.25, 36.609, 35.72, 34.435, 33.686, 33.73, 33.61, 33.562, 34.859, 36.734, 37.258, 37.081, 37.684, 38.447, 38.499, 38.047, 37.17, 35.94, 35.154, 34.857, 35.617, 36.452, 37.258, 37.95, 37.993, 37.379, 36.498, 35.642, 35.186, 34.976, 34.408, 33.347, 32.769, 33.06, 33.294, 33.186, 33.737, 34.837, 35.154, 34.975, 34.655, 34.538, 34.773, 35.248, 35.562, 36.566], [37.131, 36.809, 36.668, 35.811, 33.539, 29.775, 25.979, 24.364, 23.853, 22.91, 21.802, 19.879, 16.268, 9.774, 0.0, 8.535, 13.894, 18.048, 22.851, 26.159, 26.926, 26.568, 27.155, 28.181, 29.473, 30.867, 31.254, 30.501, 30.168, 31.394, 33.151, 34.193, 34.707, 35.27, 35.994, 36.734, 37.516, 38.059, 38.085, 37.987, 38.146, 38.451, 38.406, 38.154, 38.202, 38.672, 39.36, 39.871, 40.256, 40.528, 40.315, 39.264, 38.346, 38.486, 38.927, 38.451, 36.814, 34.69, 33.99, 34.645, 34.81, 34.305, 34.128, 34.417, 34.543, 34.21, 34.238, 35.084, 35.797, 35.927, 35.683, 35.9, 36.31, 36.623, 37.213, 38.224, 39.17, 39.536, 39.813, 40.261, 40.715, 40.629, 39.764, 39.281, 39.623, 39.469, 38.28, 37.465, 37.53, 37.844, 38.09, 38.163, 37.77, 37.381, 37.658, 38.222, 38.159, 37.669, 37.577, 37.757, 37.512, 36.932, 36.076, 34.859, 34.212, 34.306, 34.132, 33.965, 35.144, 36.947, 37.439, 37.267, 37.873, 38.626, 38.662, 38.204, 37.346, 36.108, 35.274, 35.005, 35.849, 36.737, 37.558, 38.228, 38.268, 37.681, 36.831, 36.013, 35.584, 35.391, 34.831, 33.779, 33.189, 33.451, 33.676, 33.58, 34.11, 35.18, 35.505, 35.336, 35.02, 34.911, 35.145, 35.591, 35.879, 37.2], [38.03, 37.755, 37.666, 36.895, 34.827, 31.434, 28.095, 26.776, 26.381, 25.552, 24.542, 23.08, 20.832, 16.415, 8.535, 0.0, 7.357, 13.756, 19.817, 23.426, 24.383, 24.343, 25.253, 26.579, 28.257, 30.05, 30.699, 30.086, 30.034, 31.554, 33.438, 34.533, 35.055, 35.599, 36.323, 37.108, 37.928, 38.461, 38.491, 38.456, 38.688, 39.019, 38.995, 38.754, 38.803, 39.263, 39.917, 40.385, 40.741, 41.03, 40.876, 39.904, 39.033, 39.179, 39.61, 39.151, 37.601, 35.67, 35.085, 35.672, 35.817, 35.371, 35.237, 35.487, 35.558, 35.261, 35.321, 36.115, 36.824, 37.003, 36.783, 36.964, 37.318, 37.587, 38.13, 39.106, 40.036, 40.39, 40.642, 41.039, 41.449, 41.363, 40.53, 40.06, 40.355, 40.177, 39.041, 38.253, 38.293, 38.571, 38.797, 38.872, 38.502, 38.103, 38.307, 38.8, 38.756, 38.302, 38.201, 38.409, 38.297, 37.822, 37.024, 35.909, 35.355, 35.441, 35.186, 34.873, 35.845, 37.484, 37.891, 37.723, 38.317, 39.055, 39.098, 38.654, 37.847, 36.675, 35.852, 35.649, 36.613, 37.592, 38.447, 39.088, 39.111, 38.546, 37.738, 36.977, 36.599, 36.43, 35.884, 34.87, 34.286, 34.509, 34.718, 34.64, 35.135, 36.109, 36.4, 36.238, 35.941, 35.842, 36.053, 36.462, 36.724, 38.104], [38.436, 38.188, 38.136, 37.421, 35.457, 32.214, 29.099, 27.992, 27.688, 26.938, 26.008, 24.69, 22.901, 19.599, 13.894, 7.357, 0.0, 8.202, 16.269, 20.641, 21.794, 22.041, 23.343, 25.037, 27.08, 29.182, 30.016, 29.469, 29.565, 31.383, 33.497, 34.684, 35.214, 35.768, 36.537, 37.39, 38.26, 38.817, 38.855, 38.815, 39.041, 39.368, 39.344, 39.101, 39.158, 39.646, 40.296, 40.708, 41.025, 41.319, 41.18, 40.231, 39.393, 39.552, 39.956, 39.44, 37.868, 36.023, 35.504, 36.057, 36.16, 35.687, 35.529, 35.737, 35.777, 35.518, 35.62, 36.413, 37.16, 37.395, 37.196, 37.353, 37.683, 37.937, 38.464, 39.429, 40.363, 40.736, 40.999, 41.391, 41.807, 41.731, 40.901, 40.437, 40.762, 40.62, 39.499, 38.678, 38.69, 38.939, 39.138, 39.209, 38.887, 38.518, 38.667, 39.121, 39.101, 38.666, 38.551, 38.76, 38.726, 38.323, 37.557, 36.438, 35.808, 35.791, 35.483, 35.144, 36.052, 37.626, 37.988, 37.827, 38.438, 39.192, 39.241, 38.794, 37.997, 36.847, 36.041, 35.892, 36.921, 37.96, 38.83, 39.434, 39.416, 38.851, 38.063, 37.324, 36.966, 36.807, 36.264, 35.268, 34.691, 34.902, 35.108, 35.041, 35.536, 36.467, 36.741, 36.589, 36.288, 36.149, 36.302, 36.687, 36.952, 38.525], [38.507, 38.289, 38.31, 37.661, 35.735, 32.541, 29.716, 29.069, 28.879, 28.262, 27.535, 26.302, 24.721, 22.139, 18.048, 13.756, 8.202, 0.0, 9.971, 16.034, 17.824, 18.263, 20.141, 22.515, 25.117, 27.649, 28.719, 28.203, 28.336, 30.431, 32.795, 34.053, 34.582, 35.173, 36.021, 36.956, 37.904, 38.528, 38.592, 38.542, 38.766, 39.09, 39.05, 38.805, 38.88, 39.412, 40.097, 40.496, 40.813, 41.118, 40.965, 40.011, 39.195, 39.381, 39.787, 39.224, 37.596, 35.719, 35.166, 35.704, 35.768, 35.221, 34.985, 35.159, 35.197, 34.968, 35.117, 35.996, 36.856, 37.16, 36.966, 37.14, 37.498, 37.759, 38.299, 39.296, 40.268, 40.691, 41.001, 41.428, 41.882, 41.822, 40.98, 40.526, 40.924, 40.814, 39.619, 38.717, 38.694, 38.934, 39.121, 39.173, 38.845, 38.477, 38.605, 39.068, 39.061, 38.615, 38.5, 38.715, 38.698, 38.312, 37.536, 36.316, 35.497, 35.329, 34.975, 34.674, 35.608, 37.167, 37.47, 37.303, 37.952, 38.729, 38.77, 38.318, 37.534, 36.402, 35.642, 35.541, 36.588, 37.659, 38.559, 39.157, 39.098, 38.513, 37.716, 36.976, 36.628, 36.476, 35.917, 34.882, 34.283, 34.519, 34.739, 34.664, 35.191, 36.152, 36.429, 36.28, 35.962, 35.776, 35.875, 36.25, 36.53, 38.612], [39.044, 38.859, 38.938, 38.347, 36.51, 33.546, 31.252, 31.146, 31.092, 30.646, 30.175, 29.161, 27.922, 26.015, 22.851, 19.817, 16.269, 9.971, 0.0, 8.179, 11.681, 12.877, 15.727, 19.255, 22.886, 26.087, 27.486, 27.073, 27.373, 29.823, 32.409, 33.707, 34.231, 34.833, 35.71, 36.706, 37.739, 38.427, 38.523, 38.519, 38.818, 39.158, 39.099, 38.859, 38.952, 39.504, 40.204, 40.597, 40.918, 41.229, 41.072, 40.133, 39.349, 39.561, 39.972, 39.434, 37.871, 36.056, 35.498, 36.004, 36.05, 35.47, 35.179, 35.325, 35.357, 35.135, 35.296, 36.223, 37.172, 37.541, 37.361, 37.545, 37.926, 38.193, 38.731, 39.718, 40.694, 41.151, 41.506, 41.981, 42.472, 42.424, 41.587, 41.155, 41.59, 41.486, 40.251, 39.313, 39.253, 39.476, 39.664, 39.709, 39.365, 38.984, 39.093, 39.544, 39.535, 39.073, 38.961, 39.196, 39.195, 38.805, 38.014, 36.749, 35.842, 35.576, 35.162, 34.824, 35.684, 37.166, 37.449, 37.282, 37.907, 38.64, 38.669, 38.237, 37.494, 36.416, 35.724, 35.688, 36.752, 37.862, 38.816, 39.428, 39.332, 38.716, 37.915, 37.193, 36.873, 36.741, 36.19, 35.145, 34.526, 34.76, 34.985, 34.915, 35.448, 36.396, 36.652, 36.491, 36.174, 36.009, 36.115, 36.473, 36.735, 39.137], [39.846, 39.668, 39.737, 39.185, 37.489, 34.884, 33.077, 33.107, 33.093, 32.728, 32.372, 31.552, 30.568, 28.983, 26.159, 23.426, 20.641, 16.034, 8.179, 0.0, 5.523, 9.268, 13.527, 17.764, 22.204, 25.816, 27.339, 27.049, 27.617, 30.323, 32.996, 34.32, 34.86, 35.445, 36.291, 37.275, 38.311, 39.008, 39.127, 39.165, 39.517, 39.869, 39.811, 39.579, 39.675, 40.217, 40.877, 41.214, 41.477, 41.773, 41.638, 40.777, 40.083, 40.306, 40.678, 40.174, 38.723, 37.094, 36.655, 37.124, 37.16, 36.632, 36.372, 36.5, 36.508, 36.296, 36.43, 37.262, 38.156, 38.519, 38.358, 38.534, 38.888, 39.139, 39.644, 40.552, 41.459, 41.891, 42.223, 42.682, 43.177, 43.148, 42.356, 41.944, 42.348, 42.254, 41.109, 40.242, 40.187, 40.393, 40.566, 40.609, 40.306, 39.968, 40.064, 40.461, 40.452, 40.005, 39.891, 40.13, 40.15, 39.781, 39.029, 37.847, 37.009, 36.725, 36.28, 35.906, 36.646, 38.028, 38.346, 38.218, 38.783, 39.435, 39.445, 39.031, 38.326, 37.318, 36.683, 36.657, 37.704, 38.81, 39.754, 40.326, 40.209, 39.607, 38.841, 38.157, 37.861, 37.744, 37.231, 36.26, 35.686, 35.884, 36.096, 36.056, 36.544, 37.404, 37.639, 37.491, 37.212, 37.108, 37.228, 37.537, 37.752, 39.931], [39.859, 39.665, 39.713, 39.177, 37.525, 35.014, 33.373, 33.441, 33.433, 33.103, 32.789, 32.027, 31.105, 29.602, 26.926, 24.383, 21.794, 17.824, 11.681, 5.523, 0.0, 6.233, 12.189, 16.812, 21.462, 25.218, 26.781, 26.538, 27.23, 30.047, 32.791, 34.166, 34.747, 35.353, 36.2, 37.172, 38.193, 38.892, 39.022, 39.065, 39.426, 39.798, 39.756, 39.527, 39.625, 40.178, 40.837, 41.174, 41.427, 41.702, 41.553, 40.712, 40.053, 40.281, 40.649, 40.145, 38.692, 37.105, 36.725, 37.187, 37.209, 36.697, 36.453, 36.569, 36.561, 36.345, 36.471, 37.269, 38.14, 38.483, 38.331, 38.522, 38.863, 39.106, 39.62, 40.523, 41.411, 41.825, 42.138, 42.576, 43.06, 43.033, 42.243, 41.824, 42.219, 42.136, 41.035, 40.213, 40.19, 40.409, 40.581, 40.62, 40.327, 40.007, 40.105, 40.488, 40.467, 40.025, 39.923, 40.172, 40.195, 39.833, 39.093, 37.939, 37.12, 36.828, 36.395, 36.057, 36.815, 38.213, 38.553, 38.426, 38.972, 39.614, 39.622, 39.203, 38.492, 37.499, 36.873, 36.827, 37.855, 38.937, 39.844, 40.388, 40.273, 39.684, 38.924, 38.236, 37.937, 37.816, 37.309, 36.357, 35.791, 35.967, 36.178, 36.142, 36.595, 37.42, 37.655, 37.518, 37.253, 37.169, 37.291, 37.59, 37.796, 39.943], [39.406, 39.215, 39.305, 38.776, 37.041, 34.313, 32.504, 32.668, 32.698, 32.388, 32.133, 31.397, 30.469, 29.039, 26.568, 24.343, 22.041, 18.263, 12.877, 9.268, 6.233, 0.0, 7.622, 13.949, 19.487, 23.559, 25.297, 25.06, 25.719, 28.707, 31.641, 33.092, 33.693, 34.327, 35.213, 36.235, 37.324, 38.076, 38.221, 38.263, 38.643, 39.058, 39.033, 38.8, 38.911, 39.494, 40.215, 40.648, 40.987, 41.274, 41.089, 40.184, 39.474, 39.716, 40.122, 39.588, 38.048, 36.337, 35.914, 36.434, 36.461, 35.893, 35.594, 35.704, 35.704, 35.453, 35.586, 36.493, 37.447, 37.791, 37.634, 37.872, 38.241, 38.473, 39.014, 39.987, 40.931, 41.356, 41.679, 42.133, 42.622, 42.591, 41.774, 41.353, 41.786, 41.689, 40.498, 39.619, 39.606, 39.864, 40.071, 40.114, 39.775, 39.412, 39.521, 39.955, 39.917, 39.426, 39.341, 39.654, 39.687, 39.291, 38.491, 37.249, 36.374, 36.073, 35.608, 35.241, 36.086, 37.616, 37.96, 37.805, 38.378, 39.056, 39.085, 38.667, 37.917, 36.853, 36.186, 36.128, 37.178, 38.26, 39.181, 39.761, 39.66, 39.046, 38.234, 37.498, 37.172, 37.038, 36.5, 35.486, 34.893, 35.107, 35.332, 35.264, 35.743, 36.641, 36.89, 36.748, 36.473, 36.371, 36.502, 36.839, 37.086, 39.493], [39.313, 39.151, 39.34, 38.857, 37.088, 34.216, 32.259, 32.481, 32.535, 32.216, 31.986, 31.339, 30.543, 29.31, 27.155, 25.253, 23.343, 20.141, 15.727, 13.527, 12.189, 7.622, 0.0, 8.597, 16.442, 21.555, 23.732, 23.64, 24.388, 27.71, 30.888, 32.405, 33.002, 33.647, 34.59, 35.703, 36.884, 37.693, 37.853, 37.896, 38.292, 38.745, 38.736, 38.502, 38.642, 39.258, 40.001, 40.481, 40.897, 41.249, 41.099, 40.161, 39.41, 39.651, 40.057, 39.497, 37.906, 36.117, 35.69, 36.282, 36.328, 35.71, 35.351, 35.445, 35.448, 35.181, 35.305, 36.251, 37.245, 37.616, 37.474, 37.719, 38.094, 38.335, 38.89, 39.889, 40.864, 41.303, 41.634, 42.108, 42.603, 42.566, 41.747, 41.336, 41.773, 41.652, 40.418, 39.502, 39.468, 39.732, 39.971, 40.041, 39.677, 39.272, 39.368, 39.821, 39.781, 39.266, 39.183, 39.541, 39.599, 39.193, 38.373, 37.112, 36.236, 35.911, 35.345, 34.865, 35.672, 37.235, 37.608, 37.459, 38.036, 38.705, 38.742, 38.35, 37.6, 36.511, 35.859, 35.861, 36.981, 38.092, 39.034, 39.634, 39.549, 38.939, 38.12, 37.371, 37.027, 36.882, 36.336, 35.311, 34.718, 34.941, 35.177, 35.104, 35.568, 36.441, 36.681, 36.551, 36.236, 36.058, 36.177, 36.528, 36.799, 39.423], [39.146, 38.973, 39.193, 38.748, 37.027, 34.163, 32.215, 32.519, 32.608, 32.299, 32.095, 31.556, 30.987, 30.021, 28.181, 26.579, 25.037, 22.515, 19.255, 17.764, 16.812, 13.949, 8.597, 0.0, 10.115, 17.275, 20.416, 20.676, 21.968, 25.996, 29.569, 31.252, 31.927, 32.646, 33.699, 34.939, 36.225, 37.1, 37.272, 37.308, 37.723, 38.238, 38.255, 38.015, 38.199, 38.876, 39.626, 40.104, 40.556, 40.985, 40.936, 40.018, 39.229, 39.439, 39.841, 39.334, 37.786, 35.95, 35.474, 36.075, 36.14, 35.516, 35.135, 35.213, 35.211, 34.948, 35.042, 35.927, 36.897, 37.284, 37.161, 37.391, 37.752, 38.012, 38.592, 39.615, 40.612, 41.062, 41.411, 41.916, 42.42, 42.367, 41.534, 41.132, 41.569, 41.449, 40.227, 39.309, 39.255, 39.489, 39.731, 39.847, 39.492, 39.061, 39.152, 39.592, 39.546, 39.066, 38.995, 39.346, 39.42, 39.02, 38.201, 36.958, 36.103, 35.738, 35.064, 34.519, 35.301, 36.876, 37.315, 37.229, 37.846, 38.505, 38.516, 38.101, 37.351, 36.249, 35.562, 35.594, 36.822, 37.973, 38.905, 39.498, 39.401, 38.792, 37.989, 37.256, 36.906, 36.743, 36.177, 35.159, 34.579, 34.771, 35.007, 34.969, 35.413, 36.215, 36.445, 36.353, 36.004, 35.742, 35.841, 36.208, 36.485, 39.287], [38.998, 38.799, 38.967, 38.495, 36.787, 33.922, 32.093, 32.662, 32.883, 32.653, 32.539, 32.084, 31.665, 30.945, 29.473, 28.257, 27.08, 25.117, 22.886, 22.204, 21.462, 19.487, 16.442, 10.115, 0.0, 9.194, 14.074, 15.197, 17.442, 22.796, 27.208, 29.294, 30.201, 31.078, 32.247, 33.599, 35.023, 36.01, 36.204, 36.243, 36.726, 37.361, 37.415, 37.166, 37.403, 38.182, 39.006, 39.535, 40.03, 40.512, 40.534, 39.611, 38.755, 38.924, 39.362, 38.95, 37.48, 35.605, 35.009, 35.538, 35.626, 35.042, 34.667, 34.741, 34.746, 34.472, 34.498, 35.309, 36.259, 36.656, 36.531, 36.767, 37.143, 37.401, 37.993, 39.069, 40.103, 40.558, 40.934, 41.471, 41.983, 41.921, 41.057, 40.64, 41.109, 41.026, 39.802, 38.864, 38.805, 39.028, 39.27, 39.399, 39.056, 38.648, 38.763, 39.19, 39.134, 38.694, 38.625, 38.949, 39.031, 38.625, 37.773, 36.51, 35.677, 35.337, 34.626, 34.075, 34.928, 36.587, 37.088, 37.077, 37.76, 38.446, 38.437, 37.993, 37.215, 36.028, 35.177, 35.109, 36.441, 37.635, 38.555, 39.15, 39.027, 38.367, 37.521, 36.785, 36.444, 36.265, 35.654, 34.613, 34.034, 34.215, 34.451, 34.457, 34.943, 35.747, 35.991, 35.919, 35.562, 35.279, 35.386, 35.793, 36.087, 39.131], [38.924, 38.704, 38.818, 38.316, 36.607, 33.845, 32.287, 33.05, 33.372, 33.245, 33.265, 32.917, 32.549, 31.97, 30.867, 30.05, 29.182, 27.649, 26.087, 25.816, 25.218, 23.559, 21.555, 17.275, 9.194, 0.0, 6.493, 9.51, 13.027, 19.523, 24.792, 27.434, 28.692, 29.737, 30.961, 32.362, 33.889, 34.977, 35.193, 35.235, 35.786, 36.53, 36.634, 36.403, 36.683, 37.537, 38.455, 39.054, 39.578, 40.126, 40.256, 39.359, 38.452, 38.598, 39.11, 38.781, 37.331, 35.435, 34.798, 35.317, 35.433, 34.875, 34.496, 34.564, 34.579, 34.274, 34.223, 34.954, 35.844, 36.214, 36.067, 36.3, 36.7, 36.954, 37.518, 38.58, 39.603, 40.04, 40.416, 40.955, 41.463, 41.412, 40.542, 40.084, 40.568, 40.566, 39.386, 38.47, 38.437, 38.675, 38.907, 38.999, 38.649, 38.277, 38.421, 38.853, 38.781, 38.361, 38.308, 38.593, 38.623, 38.195, 37.356, 36.138, 35.408, 35.197, 34.541, 33.958, 34.818, 36.528, 37.044, 37.027, 37.709, 38.41, 38.403, 37.978, 37.215, 36.005, 35.07, 34.9, 36.176, 37.345, 38.263, 38.858, 38.722, 38.047, 37.183, 36.435, 36.091, 35.899, 35.274, 34.237, 33.695, 33.922, 34.167, 34.211, 34.795, 35.675, 35.947, 35.879, 35.532, 35.277, 35.419, 35.859, 36.165, 39.022], [38.685, 38.438, 38.506, 37.982, 36.276, 33.606, 32.222, 33.028, 33.376, 33.301, 33.394, 33.1, 32.719, 32.155, 31.254, 30.699, 30.016, 28.719, 27.486, 27.339, 26.781, 25.297, 23.732, 20.416, 14.074, 6.493, 0.0, 5.175, 10.818, 18.005, 23.507, 26.388, 27.851, 29.008, 30.279, 31.733, 33.335, 34.485, 34.706, 34.722, 35.287, 36.086, 36.234, 36.029, 36.331, 37.213, 38.169, 38.782, 39.299, 39.86, 40.043, 39.186, 38.292, 38.443, 38.987, 38.697, 37.209, 35.244, 34.596, 35.154, 35.278, 34.718, 34.349, 34.427, 34.445, 34.105, 33.99, 34.661, 35.481, 35.797, 35.625, 35.862, 36.288, 36.559, 37.121, 38.168, 39.169, 39.583, 39.948, 40.502, 41.031, 40.992, 40.122, 39.652, 40.143, 40.167, 38.991, 38.078, 38.071, 38.328, 38.557, 38.634, 38.281, 37.927, 38.096, 38.545, 38.46, 38.051, 38.033, 38.297, 38.251, 37.794, 36.971, 35.76, 35.06, 34.914, 34.292, 33.692, 34.581, 36.336, 36.838, 36.794, 37.493, 38.228, 38.23, 37.816, 37.062, 35.847, 34.901, 34.726, 35.948, 37.049, 37.932, 38.524, 38.384, 37.71, 36.853, 36.092, 35.726, 35.52, 34.896, 33.857, 33.341, 33.626, 33.887, 33.938, 34.6, 35.575, 35.87, 35.794, 35.463, 35.233, 35.405, 35.869, 36.187, 38.754], [38.274, 38.001, 38.036, 37.467, 35.686, 32.9, 31.439, 32.272, 32.635, 32.566, 32.68, 32.368, 31.913, 31.312, 30.501, 30.086, 29.469, 28.203, 27.073, 27.049, 26.538, 25.06, 23.64, 20.676, 15.197, 9.51, 5.175, 0.0, 7.845, 16.718, 22.7, 25.619, 27.064, 28.259, 29.598, 31.149, 32.861, 34.074, 34.299, 34.294, 34.853, 35.667, 35.818, 35.606, 35.908, 36.811, 37.8, 38.434, 38.949, 39.483, 39.636, 38.757, 37.866, 38.068, 38.665, 38.351, 36.74, 34.62, 33.932, 34.562, 34.687, 34.086, 33.715, 33.824, 33.857, 33.488, 33.357, 34.064, 34.907, 35.213, 35.021, 35.292, 35.756, 36.039, 36.64, 37.76, 38.81, 39.235, 39.612, 40.195, 40.751, 40.705, 39.802, 39.33, 39.839, 39.819, 38.55, 37.571, 37.564, 37.84, 38.077, 38.162, 37.814, 37.477, 37.693, 38.182, 38.089, 37.65, 37.63, 37.888, 37.793, 37.295, 36.421, 35.109, 34.334, 34.163, 33.53, 32.96, 34.007, 35.899, 36.392, 36.329, 37.086, 37.88, 37.887, 37.45, 36.653, 35.381, 34.408, 34.231, 35.474, 36.575, 37.453, 38.059, 37.922, 37.219, 36.311, 35.505, 35.11, 34.89, 34.257, 33.173, 32.612, 32.907, 33.179, 33.207, 33.905, 34.983, 35.312, 35.235, 34.918, 34.695, 34.86, 35.33, 35.667, 38.335], [37.717, 37.429, 37.477, 36.917, 35.097, 32.212, 30.691, 31.633, 32.04, 31.996, 32.155, 31.835, 31.307, 30.743, 30.168, 30.034, 29.565, 28.336, 27.373, 27.617, 27.23, 25.719, 24.388, 21.968, 17.442, 13.027, 10.818, 7.845, 0.0, 11.102, 18.991, 22.797, 24.496, 25.765, 27.209, 28.96, 30.929, 32.324, 32.621, 32.641, 33.24, 34.122, 34.298, 34.079, 34.419, 35.432, 36.519, 37.196, 37.761, 38.39, 38.657, 37.823, 36.931, 37.25, 38.029, 37.753, 36.011, 33.689, 32.947, 33.673, 33.827, 33.202, 32.832, 32.981, 33.028, 32.623, 32.494, 33.305, 34.236, 34.575, 34.369, 34.672, 35.187, 35.482, 36.1, 37.281, 38.393, 38.853, 39.259, 39.855, 40.412, 40.358, 39.428, 38.954, 39.518, 39.504, 38.165, 37.137, 37.139, 37.446, 37.691, 37.744, 37.336, 36.981, 37.239, 37.78, 37.687, 37.191, 37.134, 37.39, 37.261, 36.727, 35.795, 34.38, 33.535, 33.363, 32.734, 32.157, 33.302, 35.333, 35.833, 35.753, 36.554, 37.402, 37.418, 36.958, 36.118, 34.794, 33.78, 33.516, 34.716, 35.839, 36.744, 37.357, 37.219, 36.509, 35.568, 34.717, 34.294, 34.065, 33.428, 32.301, 31.69, 31.989, 32.266, 32.283, 33.058, 34.272, 34.664, 34.61, 34.302, 34.061, 34.201, 34.674, 35.046, 37.762], [37.051, 36.788, 36.923, 36.543, 35.031, 32.663, 31.47, 32.317, 32.698, 32.671, 32.855, 32.627, 32.189, 31.738, 31.394, 31.554, 31.383, 30.431, 29.823, 30.323, 30.047, 28.707, 27.71, 25.996, 22.796, 19.523, 18.005, 16.718, 11.102, 0.0, 10.22, 16.325, 19.28, 20.868, 22.319, 24.253, 26.595, 28.326, 28.797, 28.871, 29.535, 30.588, 30.902, 30.754, 31.215, 32.397, 33.587, 34.301, 34.988, 35.888, 36.563, 36.067, 35.239, 35.566, 36.692, 36.938, 35.471, 33.221, 32.536, 33.313, 33.532, 33.006, 32.755, 33.002, 33.079, 32.65, 32.487, 33.283, 34.136, 34.422, 34.208, 34.509, 35.031, 35.317, 35.872, 36.934, 37.962, 38.389, 38.757, 39.266, 39.719, 39.624, 38.731, 38.32, 38.97, 39.103, 37.938, 37.042, 37.102, 37.421, 37.632, 37.615, 37.133, 36.732, 36.989, 37.534, 37.449, 36.983, 36.942, 37.169, 37.011, 36.548, 35.764, 34.495, 33.715, 33.589, 33.02, 32.388, 33.34, 35.233, 35.684, 35.519, 36.209, 37.013, 37.045, 36.644, 35.927, 34.795, 33.854, 33.377, 34.17, 35.093, 35.917, 36.475, 36.318, 35.665, 34.849, 34.091, 33.683, 33.459, 32.89, 31.899, 31.413, 31.762, 32.053, 32.149, 33.043, 34.313, 34.745, 34.741, 34.466, 34.262, 34.452, 34.917, 35.264, 37.056], [37.092, 36.898, 37.13, 36.94, 35.818, 34.086, 33.212, 33.823, 34.109, 34.051, 34.224, 34.099, 33.781, 33.411, 33.151, 33.438, 33.497, 32.795, 32.409, 32.996, 32.791, 31.641, 30.888, 29.569, 27.208, 24.792, 23.507, 22.7, 18.991, 10.22, 0.0, 8.057, 12.879, 15.263, 16.777, 18.807, 21.542, 23.672, 24.347, 24.491, 25.263, 26.561, 27.098, 27.079, 27.68, 29.001, 30.292, 31.095, 31.948, 33.131, 34.232, 34.22, 33.644, 33.931, 35.264, 36.206, 35.42, 33.618, 33.177, 34.0, 34.277, 33.905, 33.841, 34.171, 34.266, 33.881, 33.705, 34.347, 35.009, 35.194, 34.965, 35.201, 35.651, 35.906, 36.389, 37.292, 38.173, 38.519, 38.81, 39.218, 39.559, 39.426, 38.667, 38.406, 39.08, 39.263, 38.241, 37.451, 37.514, 37.762, 37.865, 37.785, 37.36, 37.077, 37.383, 37.903, 37.841, 37.47, 37.479, 37.664, 37.487, 37.104, 36.463, 35.347, 34.645, 34.527, 33.995, 33.332, 34.056, 35.694, 36.09, 35.89, 36.439, 37.15, 37.212, 36.928, 36.433, 35.575, 34.701, 34.048, 34.407, 34.983, 35.612, 36.066, 35.889, 35.3, 34.641, 34.03, 33.671, 33.453, 32.961, 32.197, 31.946, 32.371, 32.672, 32.85, 33.807, 35.024, 35.439, 35.471, 35.261, 35.17, 35.462, 35.9, 36.176, 37.084], [37.471, 37.332, 37.618, 37.494, 36.53, 35.024, 34.225, 34.747, 34.996, 34.917, 35.088, 35.029, 34.768, 34.424, 34.193, 34.533, 34.684, 34.053, 33.707, 34.32, 34.166, 33.092, 32.405, 31.252, 29.294, 27.434, 26.388, 25.619, 22.797, 16.325, 8.057, 0.0, 6.138, 9.73, 11.792, 14.087, 17.295, 19.849, 20.735, 21.003, 21.944, 23.48, 24.175, 24.227, 24.921, 26.33, 27.687, 28.594, 29.623, 31.02, 32.359, 32.683, 32.479, 32.938, 34.232, 35.38, 35.152, 33.865, 33.711, 34.597, 34.883, 34.587, 34.636, 34.981, 35.057, 34.72, 34.561, 35.108, 35.679, 35.823, 35.578, 35.764, 36.176, 36.424, 36.87, 37.69, 38.504, 38.833, 39.144, 39.577, 39.917, 39.789, 39.148, 39.025, 39.706, 39.825, 38.784, 37.974, 37.988, 38.166, 38.192, 38.103, 37.795, 37.645, 37.964, 38.451, 38.414, 38.094, 38.114, 38.29, 38.13, 37.747, 37.089, 35.972, 35.268, 35.123, 34.598, 33.922, 34.533, 36.013, 36.353, 36.154, 36.668, 37.357, 37.465, 37.259, 36.867, 36.104, 35.206, 34.477, 34.673, 35.042, 35.533, 35.934, 35.763, 35.197, 34.585, 34.039, 33.723, 33.497, 33.008, 32.365, 32.278, 32.761, 33.057, 33.261, 34.241, 35.425, 35.815, 35.844, 35.671, 35.657, 36.01, 36.433, 36.656, 37.476], [37.816, 37.696, 38.006, 37.898, 36.952, 35.461, 34.647, 35.162, 35.414, 35.332, 35.5, 35.468, 35.239, 34.923, 34.707, 35.055, 35.214, 34.582, 34.231, 34.86, 34.747, 33.693, 33.002, 31.927, 30.201, 28.692, 27.851, 27.064, 24.496, 19.28, 12.879, 6.138, 0.0, 4.595, 7.896, 11.052, 14.81, 17.703, 18.767, 19.14, 20.192, 21.854, 22.603, 22.662, 23.391, 24.852, 26.245, 27.234, 28.413, 29.935, 31.357, 31.816, 31.874, 32.589, 33.883, 34.964, 34.947, 33.967, 34.003, 34.937, 35.212, 34.925, 35.002, 35.334, 35.391, 35.076, 34.932, 35.465, 36.04, 36.194, 35.944, 36.121, 36.533, 36.782, 37.215, 38.017, 38.828, 39.168, 39.504, 39.965, 40.319, 40.201, 39.614, 39.551, 40.223, 40.274, 39.187, 38.348, 38.332, 38.476, 38.474, 38.388, 38.15, 38.062, 38.366, 38.83, 38.812, 38.505, 38.515, 38.694, 38.556, 38.169, 37.48, 36.337, 35.613, 35.445, 34.927, 34.264, 34.842, 36.256, 36.546, 36.342, 36.869, 37.571, 37.701, 37.518, 37.142, 36.382, 35.474, 34.752, 34.952, 35.281, 35.747, 36.16, 36.019, 35.451, 34.809, 34.258, 33.967, 33.74, 33.225, 32.596, 32.549, 33.04, 33.326, 33.516, 34.473, 35.63, 36.001, 36.014, 35.846, 35.854, 36.22, 36.639, 36.836, 37.853], [38.224, 38.103, 38.424, 38.332, 37.408, 35.957, 35.154, 35.639, 35.896, 35.811, 35.963, 35.952, 35.766, 35.483, 35.27, 35.599, 35.768, 35.173, 34.833, 35.445, 35.353, 34.327, 33.647, 32.646, 31.078, 29.737, 29.008, 28.259, 25.765, 20.868, 15.263, 9.73, 4.595, 0.0, 4.417, 8.867, 13.386, 16.602, 17.822, 18.292, 19.429, 21.174, 21.979, 22.053, 22.803, 24.296, 25.708, 26.751, 28.028, 29.612, 31.071, 31.594, 31.763, 32.623, 34.035, 35.176, 35.236, 34.379, 34.498, 35.423, 35.689, 35.397, 35.462, 35.778, 35.833, 35.525, 35.38, 35.909, 36.494, 36.654, 36.41, 36.586, 36.989, 37.227, 37.64, 38.418, 39.217, 39.551, 39.877, 40.318, 40.65, 40.533, 39.97, 39.924, 40.586, 40.628, 39.554, 38.736, 38.718, 38.846, 38.828, 38.743, 38.54, 38.472, 38.755, 39.2, 39.192, 38.894, 38.904, 39.089, 38.97, 38.601, 37.935, 36.828, 36.117, 35.939, 35.429, 34.787, 35.338, 36.698, 36.967, 36.763, 37.278, 37.959, 38.09, 37.913, 37.529, 36.783, 35.903, 35.198, 35.386, 35.726, 36.223, 36.646, 36.515, 35.944, 35.286, 34.729, 34.455, 34.241, 33.728, 33.111, 33.074, 33.557, 33.836, 34.008, 34.918, 36.035, 36.392, 36.394, 36.238, 36.267, 36.633, 37.041, 37.228, 38.288], [38.622, 38.499, 38.811, 38.749, 37.885, 36.555, 35.831, 36.257, 36.513, 36.436, 36.576, 36.588, 36.442, 36.194, 35.994, 36.323, 36.537, 36.021, 35.71, 36.291, 36.2, 35.213, 34.59, 33.699, 32.247, 30.961, 30.279, 29.598, 27.209, 22.319, 16.777, 11.792, 7.896, 4.417, 0.0, 5.438, 11.004, 14.815, 16.32, 16.994, 18.358, 20.306, 21.233, 21.367, 22.175, 23.697, 25.113, 26.2, 27.534, 29.157, 30.69, 31.331, 31.581, 32.48, 34.02, 35.389, 35.66, 34.954, 35.098, 35.973, 36.247, 35.993, 36.069, 36.385, 36.45, 36.156, 36.01, 36.5, 37.044, 37.181, 36.94, 37.109, 37.494, 37.717, 38.102, 38.826, 39.572, 39.874, 40.169, 40.568, 40.865, 40.746, 40.207, 40.173, 40.835, 40.911, 39.899, 39.126, 39.118, 39.241, 39.216, 39.139, 38.953, 38.871, 39.124, 39.548, 39.55, 39.273, 39.29, 39.474, 39.359, 39.016, 38.407, 37.38, 36.709, 36.532, 36.038, 35.425, 35.936, 37.205, 37.439, 37.231, 37.712, 38.358, 38.494, 