[[0.0, 4.188, 8.646, 12.491, 15.329, 19.051, 22.703, 25.878, 29.905, 34.776, 37.309, 36.953, 35.56, 35.773, 37.341, 38.263, 38.361, 38.456, 38.693, 39.394, 39.851, 39.846, 39.746, 39.957, 40.345, 40.618, 40.751, 40.926, 41.503, 41.963, 41.255, 40.176, 39.67, 39.539, 39.713, 40.178, 40.411, 40.372, 40.42, 40.912, 41.97, 42.644, 42.539, 42.502, 42.748, 42.764, 43.047, 43.482, 43.726, 44.175, 44.386, 44.467, 44.953, 45.465, 45.579, 45.928, 46.312, 45.824, 45.202, 45.351, 45.744, 45.889, 45.833, 45.602, 44.918, 44.02, 43.274, 43.013, 43.136, 42.965, 42.582, 42.271, 42.115, 41.937, 41.683, 41.8, 42.214, 42.078, 41.782, 42.04, 42.599, 42.884, 42.889, 42.727, 42.636, 42.753, 43.037, 42.98, 43.271, 46.963, 50.896, 52.892, 53.944, 52.932, 51.861, 52.086, 52.498, 53.008, 53.81, 53.765, 52.812, 52.064, 51.216, 50.109, 49.521, 49.45, 48.666, 47.23, 45.94, 44.703, 43.567, 43.276, 43.363, 42.564, 41.368, 41.031, 41.172, 41.253, 41.272, 40.967, 40.703, 40.508, 40.264, 40.731, 41.92, 42.745, 42.938, 43.067, 42.754, 42.55, 43.308, 44.723, 45.545, 45.404, 45.46, 46.301, 47.376, 48.015, 48.103, 48.534, 49.229, 48.794, 47.56, 46.641, 45.86, 45.197, 45.348, 45.782, 45.626, 44.98, 44.701, 44.743, 44.622, 44.479, 44.308, 44.12, 44.291, 44.485, 44.113, 43.474, 42.328, 41.621, 41.724, 42.203, 42.678, 42.901, 43.12, 43.698, 44.461, 44.94, 45.679, 46.379, 46.691, 46.758, 46.214, 44.926, 43.403, 41.867, 40.875, 41.266, 42.429, 43.091, 43.197, 43.188, 42.979, 42.728, 42.76, 42.35, 41.675, 41.205, 40.987, 41.247, 41.815, 42.334, 42.66, 43.012, 43.364, 43.374, 43.194, 43.133, 43.177, 43.114, 43.078, 42.907, 42.174, 5.993], [4.188, 0.0, 5.643, 10.724, 14.035, 17.759, 21.495, 24.755, 28.839, 33.829, 36.471, 36.168, 34.802, 35.079, 36.749, 37.762, 37.924, 38.075, 38.377, 39.141, 39.622, 39.624, 39.523, 39.725, 40.104, 40.395, 40.587, 40.85, 41.492, 41.961, 41.258, 40.231, 39.779, 39.679, 39.877, 40.344, 40.57, 40.546, 40.606, 41.081, 42.107, 42.745, 42.621, 42.587, 42.842, 42.885, 43.185, 43.608, 43.856, 44.335, 44.541, 44.604, 45.1, 45.635, 45.763, 46.11, 46.483, 45.986, 45.359, 45.509, 45.9, 46.048, 45.992, 45.755, 45.064, 44.14, 43.36, 43.087, 43.205, 43.02, 42.611, 42.281, 42.118, 41.935, 41.684, 41.807, 42.221, 42.085, 41.808, 42.077, 42.622, 42.896, 42.904, 42.748, 42.663, 42.784, 43.078, 43.075, 43.465, 47.192, 51.095, 53.065, 54.108, 53.088, 51.999, 52.211, 52.629, 53.16, 53.969, 53.903, 52.923, 52.161, 51.313, 50.203, 49.602, 49.517, 48.721, 47.275, 45.977, 44.735, 43.594, 43.308, 43.398, 42.566, 41.288, 40.886, 41.014, 41.114, 41.153, 40.872, 40.649, 40.482, 40.248, 40.701, 41.882, 42.707, 42.897, 43.025, 42.715, 42.493, 43.227, 44.63, 45.444, 45.312, 45.399, 46.27, 47.371, 48.031, 48.129, 48.581, 49.304, 48.879, 47.63, 46.689, 45.896, 45.249, 45.424, 45.863, 45.697, 45.04, 44.742, 44.77, 44.652, 44.517, 44.345, 44.154, 44.329, 44.517, 44.138, 43.492, 42.351, 41.674, 41.807, 42.294, 42.769, 43.01, 43.254, 43.837, 44.592, 45.069, 45.812, 46.522, 46.84, 46.924, 46.393, 45.096, 43.541, 41.954, 40.915, 41.277, 42.416, 43.055, 43.16, 43.17, 42.962, 42.713, 42.748, 42.295, 41.585, 41.154, 41.007, 41.297, 41.865, 42.389, 42.73, 43.102, 43.47, 43.481, 43.286, 43.203, 43.227, 43.153, 43.105, 42.922, 42.175, 8.333], [8.646, 5.643, 0.0, 6.268, 11.12, 16.004, 20.375, 24.055, 28.485, 33.707, 36.44, 36.188, 34.867, 35.155, 36.795, 37.787, 37.977, 38.224, 38.686, 39.588, 40.125, 40.157, 40.108, 40.312, 40.643, 40.896, 41.099, 41.439, 42.175, 42.692, 42.045, 41.13, 40.759, 40.673, 40.86, 41.305, 41.504, 41.478, 41.536, 41.974, 42.946, 43.545, 43.428, 43.411, 43.646, 43.653, 43.922, 44.301, 44.518, 44.958, 45.116, 45.162, 45.644, 46.132, 46.219, 46.546, 46.915, 46.444, 45.862, 46.032, 46.429, 46.592, 46.549, 46.31, 45.638, 44.777, 44.067, 43.82, 43.929, 43.751, 43.361, 43.054, 42.896, 42.725, 42.497, 42.626, 43.02, 42.896, 42.641, 42.896, 43.419, 43.67, 43.662, 43.521, 43.461, 43.573, 43.851, 43.858, 44.105, 47.563, 51.308, 53.203, 54.212, 53.221, 52.168, 52.367, 52.768, 53.283, 54.073, 54.009, 53.058, 52.33, 51.522, 50.442, 49.846, 49.755, 48.984, 47.59, 46.347, 45.158, 44.063, 43.769, 43.822, 43.034, 41.882, 41.608, 41.835, 41.978, 42.018, 41.754, 41.574, 41.438, 41.189, 41.53, 42.567, 43.32, 43.494, 43.6, 43.276, 43.02, 43.717, 45.073, 45.839, 45.71, 45.821, 46.674, 47.731, 48.372, 48.483, 48.946, 49.669, 49.272, 48.092, 47.226, 46.494, 45.879, 46.037, 46.45, 46.299, 45.703, 45.425, 45.435, 45.314, 45.176, 45.018, 44.853, 45.016, 45.176, 44.812, 44.195, 43.122, 42.512, 42.657, 43.124, 43.559, 43.753, 43.963, 44.495, 45.193, 45.638, 46.345, 47.028, 47.332, 47.425, 46.937, 45.703, 44.228, 42.722, 41.73, 42.052, 43.106, 43.673, 43.736, 43.729, 43.524, 43.276, 43.312, 42.875, 42.181, 41.812, 41.736, 42.041, 42.604, 43.119, 43.444, 43.799, 44.159, 44.178, 43.999, 43.92, 43.946, 43.901, 43.88, 43.71, 42.988, 11.841], [12.491, 10.724, 6.268, 0.0, 6.78, 13.965, 19.468, 23.702, 28.617, 34.167, 36.989, 36.75, 35.405, 35.59, 37.068, 37.923, 38.042, 38.316, 38.912, 39.951, 40.559, 40.653, 40.685, 40.904, 41.197, 41.409, 41.58, 41.919, 42.724, 43.349, 42.793, 41.946, 41.602, 41.501, 41.66, 42.084, 42.261, 42.221, 42.275, 42.721, 43.689, 44.269, 44.156, 44.148, 44.344, 44.273, 44.494, 44.846, 45.019, 45.368, 45.472, 45.531, 45.992, 46.398, 46.421, 46.733, 47.119, 46.695, 46.165, 46.352, 46.763, 46.943, 46.912, 46.687, 46.058, 45.299, 44.707, 44.504, 44.596, 44.426, 44.091, 43.848, 43.711, 43.552, 43.346, 43.481, 43.845, 43.735, 43.494, 43.72, 44.226, 44.461, 44.437, 44.312, 44.296, 44.422, 44.673, 44.634, 44.647, 47.793, 51.389, 53.216, 54.195, 53.237, 52.223, 52.421, 52.803, 53.277, 54.033, 53.98, 53.062, 52.374, 51.617, 50.575, 49.985, 49.878, 49.117, 47.764, 46.573, 45.441, 44.397, 44.093, 44.093, 43.361, 42.432, 42.399, 42.781, 42.958, 42.97, 42.689, 42.511, 42.374, 42.099, 42.343, 43.228, 43.903, 44.067, 44.152, 43.798, 43.529, 44.242, 45.592, 46.33, 46.191, 46.297, 47.124, 48.146, 48.767, 48.885, 49.346, 50.052, 49.667, 48.557, 47.769, 47.078, 46.459, 46.577, 46.973, 46.857, 46.354, 46.134, 46.133, 46.002, 45.86, 45.719, 45.583, 45.745, 45.893, 45.54, 44.942, 43.906, 43.304, 43.389, 43.792, 44.16, 44.268, 44.39, 44.841, 45.479, 45.892, 46.559, 47.208, 47.499, 47.593, 47.145, 45.969, 44.571, 43.187, 42.309, 42.627, 43.602, 44.112, 44.142, 44.137, 43.978, 43.76, 43.805, 43.408, 42.749, 42.427, 42.394, 42.72, 43.295, 43.793, 44.089, 44.419, 44.77, 44.806, 44.662, 44.608, 44.645, 44.631, 44.631, 44.477, 43.787, 15.058], [15.329, 14.035, 11.12, 6.78, 0.0, 8.888, 15.816, 20.951, 26.591, 32.779, 35.957, 35.83, 34.436, 34.51, 35.898, 36.664, 36.697, 36.992, 37.762, 39.02, 39.76, 39.955, 40.067, 40.293, 40.551, 40.745, 40.92, 41.261, 42.113, 42.846, 42.397, 41.671, 41.422, 41.343, 41.494, 41.907, 42.07, 42.015, 42.065, 42.545, 43.588, 44.224, 44.121, 44.103, 44.27, 44.17, 44.388, 44.741, 44.907, 45.226, 45.315, 45.389, 45.848, 46.235, 46.247, 46.553, 46.944, 46.529, 45.986, 46.158, 46.567, 46.745, 46.723, 46.541, 45.956, 45.229, 44.659, 44.463, 44.552, 44.394, 44.091, 43.882, 43.755, 43.588, 43.388, 43.55, 43.929, 43.822, 43.579, 43.8, 44.29, 44.522, 44.501, 44.389, 44.404, 44.564, 44.821, 44.764, 44.679, 47.708, 51.254, 53.085, 54.053, 53.048, 52.001, 52.202, 52.586, 53.051, 53.795, 53.723, 52.778, 52.075, 51.328, 50.295, 49.695, 49.566, 48.779, 47.394, 46.177, 45.026, 43.978, 43.685, 43.677, 42.935, 42.074, 42.181, 42.672, 42.89, 42.9, 42.617, 42.443, 42.277, 41.991, 42.266, 43.154, 43.826, 43.998, 44.087, 43.751, 43.537, 44.312, 45.701, 46.436, 46.258, 46.324, 47.142, 48.18, 48.799, 48.891, 49.345, 50.063, 49.68, 48.559, 47.757, 47.038, 46.39, 46.517, 46.938, 46.836, 46.371, 46.207, 46.199, 46.056, 45.917, 45.783, 45.656, 45.83, 45.985, 45.624, 45.004, 43.93, 43.279, 43.295, 43.616, 43.914, 43.984, 44.076, 44.481, 45.101, 45.528, 46.209, 46.866, 47.152, 47.252, 46.812, 45.606, 44.157, 42.78, 41.962, 42.32, 43.304, 43.815, 43.86, 43.888, 43.781, 43.613, 43.689, 43.29, 42.629, 42.33, 42.336, 42.689, 43.274, 43.762, 44.045, 44.382, 44.751, 44.798, 44.665, 44.615, 44.641, 44.613, 44.612, 44.449, 43.754, 17.352], [19.051, 17.759, 16.004, 13.965, 8.888, 0.0, 8.299, 15.08, 22.078, 29.331, 33.112, 33.214, 31.818, 31.84, 33.261, 34.055, 34.063, 34.417, 35.443, 37.073, 38.071, 38.431, 38.585, 38.746, 38.931, 39.119, 39.355, 39.775, 40.65, 41.386, 41.096, 40.765, 40.876, 40.936, 41.104, 41.501, 41.645, 41.582, 41.599, 42.051, 43.16, 43.909, 43.847, 43.798, 43.94, 43.872, 44.109, 44.455, 44.639, 44.995, 45.1, 45.173, 45.616, 46.044, 46.106, 46.414, 46.792, 46.367, 45.805, 45.958, 46.327, 46.468, 46.439, 46.283, 45.714, 44.955, 44.341, 44.123, 44.212, 44.054, 43.731, 43.499, 43.367, 43.188, 43.004, 43.225, 43.653, 43.543, 43.307, 43.555, 44.017, 44.236, 44.241, 44.165, 44.21, 44.393, 44.683, 44.701, 44.663, 47.629, 51.096, 52.94, 53.894, 52.785, 51.633, 51.826, 52.224, 52.706, 53.45, 53.342, 52.345, 51.605, 50.843, 49.795, 49.152, 48.979, 48.165, 46.746, 45.465, 44.249, 43.182, 42.958, 43.016, 42.203, 41.222, 41.368, 41.957, 42.246, 42.306, 42.088, 41.98, 41.786, 41.502, 41.887, 42.907, 43.65, 43.846, 43.964, 43.692, 43.579, 44.411, 45.803, 46.511, 46.293, 46.313, 47.097, 48.121, 48.718, 48.767, 49.202, 49.945, 49.587, 48.423, 47.533, 46.751, 46.103, 46.282, 46.737, 46.622, 46.138, 45.987, 45.957, 45.807, 45.685, 45.555, 45.424, 45.611, 45.77, 45.398, 44.764, 43.658, 42.995, 42.991, 43.229, 43.445, 43.53, 43.683, 44.106, 44.745, 45.223, 45.938, 46.608, 46.897, 47.013, 46.577, 45.309, 43.746, 42.299, 41.464, 41.832, 42.842, 43.381, 43.48, 43.542, 43.444, 43.329, 43.443, 43.009, 42.328, 42.065, 42.155, 42.533, 43.091, 43.554, 43.827, 44.168, 44.539, 44.556, 44.39, 44.313, 44.311, 44.26, 44.26, 44.091, 43.404, 20.482], [22.703, 21.495, 20.375, 19.468, 15.816, 8.299, 0.0, 8.213, 17.117, 25.822, 30.229, 30.568, 29.324, 29.503, 31.111, 32.039, 32.092, 32.512, 33.758, 35.708, 36.948, 37.44, 37.585, 37.665, 37.799, 38.0, 38.289, 38.772, 39.618, 40.266, 40.086, 40.197, 40.768, 41.021, 41.208, 41.587, 41.735, 41.688, 41.683, 42.082, 43.175, 43.953, 43.928, 43.861, 43.968, 43.926, 44.192, 44.526, 44.695, 45.045, 45.156, 45.229, 45.646, 46.079, 46.165, 46.49, 46.883, 46.472, 45.931, 46.09, 46.424, 46.528, 46.486, 46.326, 45.765, 45.02, 44.406, 44.178, 44.26, 44.092, 43.74, 43.496, 43.366, 43.183, 43.022, 43.275, 43.711, 43.604, 43.409, 43.694, 44.135, 44.338, 44.356, 44.302, 44.364, 44.54, 44.843, 44.937, 44.949, 47.795, 51.115, 52.916, 53.862, 52.691, 51.442, 51.614, 52.004, 52.472, 53.209, 53.087, 52.081, 51.333, 50.562, 49.512, 48.833, 48.621, 47.81, 46.422, 45.17, 43.978, 42.948, 42.801, 42.928, 42.072, 40.962, 41.076, 41.72, 42.084, 42.206, 42.066, 42.035, 41.834, 41.557, 42.006, 43.09, 43.866, 44.08, 44.237, 44.045, 44.049, 44.927, 46.285, 46.961, 46.726, 46.694, 47.396, 48.359, 48.923, 48.94, 49.332, 50.057, 49.715, 48.525, 47.565, 46.742, 46.095, 46.289, 46.755, 46.653, 46.176, 46.045, 45.999, 45.838, 45.734, 45.62, 45.481, 45.657, 45.812, 45.445, 44.815, 43.702, 43.044, 43.054, 43.236, 43.386, 43.483, 43.682, 44.127, 44.796, 45.318, 46.027, 46.681, 46.98, 47.126, 46.731, 45.468, 43.845, 42.361, 41.515, 41.856, 42.829, 43.356, 43.492, 43.585, 43.506, 43.437, 43.571, 43.131, 42.448, 42.22, 42.403, 42.823, 43.373, 43.818, 44.085, 44.423, 44.766, 44.739, 44.542, 44.448, 44.438, 44.374, 44.358, 44.162, 43.462, 23.76], [25.878, 24.755, 24.055, 23.702, 20.951, 15.08, 8.213, 0.0, 10.641, 21.304, 26.673, 27.387, 26.686, 27.683, 29.959, 31.281, 31.507, 32.025, 33.455, 35.568, 36.889, 37.407, 37.471, 37.428, 37.498, 37.728, 38.059, 38.54, 39.286, 39.809, 39.659, 40.034, 40.914, 41.335, 41.563, 41.908, 42.056, 42.054, 42.075, 42.424, 43.427, 44.162, 44.157, 44.075, 44.149, 44.137, 44.453, 44.785, 44.935, 45.286, 45.414, 45.494, 45.896, 46.329, 46.442, 46.804, 47.218, 46.816, 46.29, 46.456, 46.761, 46.832, 46.776, 46.601, 46.035, 45.299, 44.68, 44.445, 44.524, 44.351, 43.991, 43.755, 43.619, 43.431, 43.29, 43.534, 43.938, 43.844, 43.712, 44.026, 44.427, 44.595, 44.603, 44.545, 44.608, 44.776, 45.082, 45.249, 45.347, 48.109, 51.299, 53.047, 53.98, 52.793, 51.493, 51.64, 52.017, 52.478, 53.219, 53.093, 52.08, 51.32, 50.534, 49.479, 48.773, 48.534, 47.74, 46.42, 45.274, 44.188, 43.23, 43.142, 43.331, 42.457, 41.195, 41.121, 41.696, 42.112, 42.283, 42.189, 42.214, 42.038, 41.792, 42.246, 43.322, 44.094, 44.312, 44.505, 44.392, 44.514, 45.447, 46.771, 47.419, 47.183, 47.108, 47.741, 48.668, 49.225, 49.23, 49.585, 50.284, 49.951, 48.747, 47.741, 46.89, 46.247, 46.455, 46.923, 46.828, 46.345, 46.196, 46.124, 45.956, 45.878, 45.785, 45.641, 45.815, 45.979, 45.619, 44.997, 43.892, 43.265, 43.321, 43.476, 43.582, 43.687, 43.905, 44.357, 45.062, 45.633, 46.328, 46.952, 47.252, 47.429, 47.094, 45.871, 44.225, 42.709, 41.843, 42.141, 43.058, 43.556, 43.704, 43.82, 43.777, 43.761, 43.899, 43.41, 42.678, 42.483, 42.789, 43.281, 43.839, 44.27, 44.536, 44.872, 45.186, 45.122, 44.904, 44.806, 44.797, 44.728, 44.686, 44.441, 43.69, 26.759], [29.905, 28.839, 28.485, 28.617, 26.591, 22.078, 17.117, 10.641, 0.0, 12.452, 19.524, 21.345, 22.34, 25.689, 29.713, 32.0, 32.65, 33.262, 34.657, 36.605, 37.766, 38.155, 38.021, 37.798, 37.806, 38.075, 38.466, 38.926, 39.481, 39.802, 39.685, 40.259, 41.244, 41.725, 42.005, 42.294, 42.399, 42.448, 42.525, 42.781, 43.562, 44.136, 44.122, 44.041, 44.12, 44.177, 44.547, 44.887, 45.046, 45.431, 45.593, 45.664, 46.059, 46.542, 46.738, 47.139, 47.526, 47.076, 46.536, 46.712, 47.01, 47.077, 47.031, 46.842, 46.231, 45.45, 44.796, 44.554, 44.63, 44.436, 44.053, 43.804, 43.655, 43.481, 43.373, 43.583, 43.943, 43.876, 43.8, 44.099, 44.409, 44.527, 44.522, 44.435, 44.494, 44.68, 44.999, 45.264, 45.609, 48.474, 51.633, 53.352, 54.263, 53.116, 51.849, 51.997, 52.376, 52.882, 53.666, 53.533, 52.492, 51.698, 50.886, 49.813, 49.051, 48.779, 48.048, 46.843, 45.815, 44.833, 43.934, 43.889, 44.182, 43.322, 41.753, 41.153, 41.5, 41.962, 42.172, 42.132, 42.255, 42.136, 41.916, 42.333, 43.386, 44.153, 44.351, 44.558, 44.532, 44.727, 45.63, 46.838, 47.404, 47.182, 47.126, 47.731, 48.635, 49.197, 49.211, 49.553, 50.237, 49.899, 48.7, 47.709, 46.87, 46.264, 46.508, 46.962, 46.822, 46.274, 46.022, 45.901, 45.742, 45.692, 45.615, 45.471, 45.66, 45.843, 45.501, 44.917, 43.902, 43.429, 43.588, 43.711, 43.722, 43.805, 44.053, 44.535, 45.306, 45.955, 46.663, 47.257, 47.539, 47.772, 47.504, 46.301, 44.619, 43.019, 42.076, 42.32, 43.173, 43.637, 43.784, 43.885, 43.872, 43.926, 44.06, 43.49, 42.701, 42.592, 43.098, 43.7, 44.25, 44.638, 44.89, 45.206, 45.456, 45.307, 45.022, 44.9, 44.887, 44.811, 44.756, 44.48, 43.691, 30.559], [34.776, 33.829, 33.707, 34.167, 32.779, 29.331, 25.822, 21.304, 12.452, 0.0, 8.943, 13.54, 18.502, 25.369, 31.407, 34.758, 35.909, 36.543, 37.591, 38.991, 39.732, 39.83, 39.481, 39.229, 39.326, 39.653, 40.072, 40.494, 40.873, 41.006, 40.866, 41.49, 42.402, 42.81, 43.084, 43.328, 43.394, 43.484, 43.607, 43.693, 44.094, 44.43, 44.392, 44.342, 44.492, 44.644, 45.029, 45.377, 45.561, 45.978, 46.177, 46.24, 46.652, 47.258, 47.575, 47.954, 48.232, 47.706, 47.158, 47.354, 47.665, 47.754, 47.737, 47.544, 46.875, 46.019, 45.342, 45.13, 45.188, 44.926, 44.504, 44.23, 44.056, 43.907, 43.823, 43.968, 44.25, 44.2, 44.163, 44.396, 44.589, 44.684, 44.687, 44.553, 44.568, 44.764, 45.086, 45.434, 46.092, 49.185, 52.367, 54.052, 54.928, 53.906, 52.79, 52.971, 53.341, 53.894, 54.737, 54.619, 53.576, 52.759, 51.94, 50.887, 50.102, 49.818, 49.172, 48.092, 47.163, 46.264, 45.41, 45.377, 45.755, 44.947, 43.131, 41.938, 42.014, 42.488, 42.687, 42.682, 42.895, 42.821, 42.593, 42.913, 43.898, 44.631, 44.777, 44.957, 45.0, 45.245, 46.026, 47.04, 47.505, 47.331, 47.358, 47.95, 48.808, 49.365, 49.397, 49.725, 50.387, 50.041, 48.881, 47.985, 47.226, 46.674, 46.946, 47.366, 47.144, 46.52, 46.171, 46.033, 45.898, 45.851, 45.768, 45.626, 45.801, 45.964, 45.646, 45.139, 44.302, 44.054, 44.288, 44.366, 44.287, 44.372, 44.686, 45.225, 46.056, 46.767, 47.502, 48.109, 48.367, 48.599, 48.348, 47.173, 45.511, 43.864, 42.834, 42.988, 43.749, 44.17, 44.303, 44.345, 44.329, 44.434, 44.598, 44.059, 43.317, 43.272, 43.871, 44.511, 44.992, 45.303, 45.522, 45.777, 45.912, 45.655, 45.296, 45.144, 45.119, 45.049, 45.053, 44.817, 44.065, 35.119], [37.309, 36.471, 36.44, 36.989, 35.957, 33.112, 30.229, 26.673, 19.524, 8.943, 0.0, 7.544, 16.476, 25.732, 32.806, 36.641, 38.043, 38.644, 39.397, 40.383, 40.794, 40.641, 40.171, 40.015, 40.275, 40.662, 41.072, 41.451, 41.77, 41.842, 41.606, 42.119, 42.941, 43.268, 43.487, 43.722, 43.804, 43.941, 44.102, 44.078, 44.236, 44.456, 44.401, 44.357, 44.548, 44.739, 45.114, 45.472, 45.666, 46.079, 46.289, 46.352, 46.79, 47.493, 47.908, 48.281, 48.489, 47.922, 47.385, 47.594, 47.897, 47.984, 47.97, 47.772, 47.093, 46.205, 45.508, 45.322, 45.377, 45.066, 44.61, 44.322, 44.13, 43.986, 43.896, 43.975, 44.181, 44.134, 44.121, 44.326, 44.486, 44.588, 44.602, 44.441, 44.42, 44.62, 44.931, 45.28, 46.123, 49.468, 52.731, 54.397, 55.265, 54.343, 53.34, 53.552, 53.909, 54.467, 55.334, 55.238, 54.2, 53.372, 52.554, 51.515, 50.72, 50.415, 49.765, 48.702, 47.811, 46.942, 46.087, 46.049, 46.453, 45.652, 43.747, 42.334, 42.3, 42.762, 42.935, 42.927, 43.145, 43.087, 42.859, 43.127, 44.054, 44.749, 44.857, 45.015, 45.072, 45.335, 46.072, 47.017, 47.455, 47.317, 47.404, 48.021, 48.889, 49.467, 49.508, 49.81, 50.439, 50.075, 48.929, 48.087, 47.373, 46.829, 47.099, 47.497, 47.22, 46.562, 46.214, 46.111, 45.99, 45.93, 45.831, 45.678, 45.826, 45.962, 45.642, 45.153, 44.364, 44.159, 44.427, 44.558, 44.532, 44.68, 45.069, 45.687, 46.579, 47.314, 48.059, 48.681, 48.919, 49.088, 48.787, 47.621, 45.993, 44.331, 43.234, 43.325, 44.066, 44.498, 44.63, 44.618, 44.561, 44.651, 44.839, 44.384, 43.715, 43.62, 44.115, 44.672, 45.069, 45.321, 45.505, 45.705, 45.766, 45.475, 45.106, 44.937, 44.895, 44.834, 44.902, 44.709, 44.007, 37.449], [36.953, 36.168, 36.188, 36.75, 35.83, 33.214, 30.568, 27.387, 21.345, 13.54, 7.544, 0.0, 11.1, 22.495, 30.776, 35.11, 36.699, 37.305, 37.97, 38.899, 39.263, 39.002, 38.425, 38.317, 38.735, 39.221, 39.652, 40.039, 40.414, 40.509, 40.172, 40.599, 41.388, 41.671, 41.892, 42.184, 42.301, 42.519, 42.768, 42.758, 42.91, 43.125, 43.015, 42.898, 43.088, 43.306, 43.656, 44.029, 44.276, 44.739, 44.963, 45.023, 45.507, 46.308, 46.834, 47.274, 47.483, 46.862, 46.27, 46.442, 46.68, 46.709, 46.662, 46.464, 45.799, 44.864, 44.065, 43.837, 43.917, 43.615, 43.132, 42.823, 42.624, 42.46, 42.336, 42.384, 42.583, 42.532, 42.52, 42.754, 42.963, 43.086, 43.109, 42.926, 42.867, 43.067, 43.391, 43.747, 44.799, 48.592, 52.108, 53.82, 54.713, 53.785, 52.757, 52.984, 53.376, 53.961, 54.849, 54.758, 53.694, 52.839, 51.985, 50.881, 50.038, 49.706, 48.976, 47.775, 46.764, 45.801, 44.897, 44.922, 45.374, 44.446, 42.341, 40.9, 40.885, 41.303, 41.466, 41.441, 41.612, 41.547, 41.348, 41.678, 42.705, 43.471, 43.608, 43.776, 43.778, 43.985, 44.798, 45.86, 46.344, 46.164, 46.221, 46.894, 47.859, 48.505, 48.567, 48.892, 49.528, 49.117, 47.91, 47.012, 46.249, 45.664, 45.946, 46.367, 46.078, 45.358, 45.011, 44.961, 44.852, 44.784, 44.66, 44.484, 44.647, 44.783, 44.403, 43.843, 42.918, 42.547, 42.857, 43.171, 43.347, 43.654, 44.18, 44.952, 45.951, 46.714, 47.505, 48.168, 48.401, 48.496, 48.073, 46.806, 45.086, 43.25, 41.953, 42.006, 42.846, 43.382, 43.583, 43.583, 43.468, 43.484, 43.653, 43.185, 42.467, 42.232, 42.565, 43.045, 43.431, 43.675, 43.862, 44.081, 44.158, 43.879, 43.512, 43.323, 43.249, 43.149, 43.197, 42.982, 42.262, 36.978], [35.56, 34.802, 34.867, 35.405, 34.436, 31.818, 29.324, 26.686, 22.34, 18.502, 16.476, 11.1, 0.0, 13.238, 23.507, 29.025, 31.106, 31.923, 32.998, 34.63, 35.541, 35.495, 34.894, 34.817, 35.437, 36.095, 36.602, 37.075, 37.598, 37.743, 37.304, 37.756, 38.676, 39.079, 39.462, 39.888, 40.031, 40.366, 40.834, 41.037, 41.392, 41.665, 41.448, 41.214, 41.387, 41.559, 41.792, 42.178, 42.507, 42.997, 43.187, 43.245, 43.756, 44.589, 45.169, 45.683, 45.934, 45.288, 44.64, 44.755, 44.899, 44.841, 44.75, 44.584, 43.967, 42.983, 42.072, 41.786, 41.906, 41.674, 41.231, 40.943, 40.761, 40.568, 40.411, 40.488, 40.75, 40.683, 40.617, 40.886, 41.195, 41.382, 41.431, 41.24, 41.132, 41.322, 41.689, 42.033, 43.088, 47.152, 50.913, 52.705, 53.65, 52.64, 51.505, 51.744, 52.178, 52.774, 53.669, 53.585, 52.509, 51.636, 50.719, 49.506, 48.629, 48.295, 47.446, 46.029, 44.817, 43.712, 42.769, 42.917, 43.423, 42.283, 39.963, 38.739, 38.928, 39.309, 39.473, 39.447, 39.571, 39.471, 39.282, 39.759, 41.047, 42.023, 42.276, 42.495, 42.399, 42.405, 43.263, 44.535, 45.129, 44.883, 44.854, 45.547, 46.567, 47.238, 47.299, 47.664, 48.332, 47.901, 46.653, 45.667, 44.809, 44.163, 44.454, 44.904, 44.626, 43.864, 43.544, 43.554, 43.466, 43.381, 43.208, 42.997, 43.195, 43.347, 42.884, 42.217, 41.094, 40.483, 40.814, 41.324, 41.707, 42.146, 42.804, 43.751, 44.851, 45.632, 46.493, 47.212, 47.427, 47.42, 46.824, 45.385, 43.507, 41.479, 40.029, 40.124, 41.131, 41.801, 42.099, 42.13, 41.907, 41.806, 41.935, 41.38, 40.525, 40.136, 40.338, 40.781, 41.214, 41.497, 41.727, 42.037, 42.23, 42.014, 41.663, 41.473, 41.374, 41.19, 41.12, 40.859, 40.105, 35.543], [35.773, 35.079, 35.155, 35.59, 34.51, 31.84, 29.503, 27.683, 25.689, 25.369, 25.732, 22.495, 13.238, 0.0, 12.007, 19.438, 22.666, 24.184, 26.558, 29.959, 32.103, 32.772, 32.527, 32.531, 33.189, 33.926, 34.512, 35.107, 35.799, 36.035, 35.631, 36.292, 37.584, 38.295, 38.876, 39.423, 39.583, 39.954, 40.655, 41.264, 41.977, 42.366, 42.111, 41.846, 41.934, 41.887, 41.953, 42.311, 42.592, 42.9, 42.966, 43.035, 43.454, 44.079, 44.508, 44.986, 45.267, 44.706, 44.151, 44.271, 44.369, 44.27, 44.194, 44.125, 43.648, 42.793, 42.023, 41.795, 41.934, 41.814, 41.563, 41.437, 41.347, 41.175, 41.059, 41.248, 41.567, 41.474, 41.361, 41.623, 41.976, 42.214, 42.291, 42.151, 42.051, 42.202, 42.56, 42.733, 42.999, 46.235, 49.701, 51.432, 52.396, 51.305, 50.074, 50.303, 50.718, 51.232, 52.054, 51.98, 50.978, 50.162, 49.252, 48.047, 47.24, 46.95, 46.057, 44.584, 43.389, 42.393, 41.615, 41.868, 42.319, 41.142, 39.166, 38.776, 39.484, 39.902, 40.049, 39.994, 40.049, 39.858, 39.602, 40.174, 41.625, 42.732, 43.095, 43.357, 43.206, 42.989, 43.744, 45.088, 45.755, 45.486, 45.332, 45.848, 46.68, 47.207, 47.2, 47.532, 48.151, 47.751, 46.616, 45.697, 44.872, 44.221, 44.468, 44.904, 44.665, 44.046, 43.92, 43.986, 43.898, 43.791, 43.602, 43.384, 43.56, 43.719, 43.278, 42.622, 41.514, 40.89, 41.192, 41.69, 42.033, 42.365, 42.93, 43.839, 44.869, 45.571, 46.394, 47.084, 47.267, 47.18, 46.533, 45.109, 43.304, 41.484, 40.244, 40.384, 41.352, 41.979, 42.256, 42.268, 41.967, 41.791, 41.884, 41.3, 40.427, 40.057, 40.284, 40.746, 41.231, 41.544, 41.795, 42.146, 42.444, 42.333, 42.057, 41.921, 41.844, 41.655, 41.528, 41.287, 40.636, 35.838], [37.341, 36.749, 36.795, 37.068, 35.898, 33.261, 31.111, 29.959, 29.713, 31.407, 32.806, 30.776, 23.507, 12.007, 0.0, 9.118, 14.187, 17.251, 21.686, 27.156, 30.546, 32.101, 32.538, 32.652, 33.038, 33.637, 34.249, 34.907, 35.684, 36.079, 35.943, 36.943, 38.643, 39.609, 40.236, 40.826, 41.004, 41.258, 41.944, 42.832, 43.919, 44.587, 44.477, 44.259, 44.199, 43.914, 43.914, 44.218, 44.309, 44.322, 44.264, 44.339, 44.577, 44.862, 45.038, 45.444, 45.781, 45.381, 44.996, 45.178, 45.311, 45.232, 45.2, 45.223, 44.919, 44.362, 43.946, 43.863, 43.978, 43.955, 43.922, 43.937, 43.92, 43.804, 43.771, 44.072, 44.4, 44.301, 44.197, 44.428, 44.754, 44.977, 45.051, 45.005, 45.009, 45.125, 45.407, 45.312, 44.468, 46.226, 48.943, 50.47, 51.382, 50.238, 48.997, 49.21, 49.53, 49.887, 50.58, 50.527, 49.655, 48.944, 48.131, 47.071, 46.395, 46.15, 45.298, 43.968, 43.043, 42.398, 41.946, 42.27, 42.604, 41.632, 40.497, 41.157, 42.363, 42.837, 42.951, 42.845, 42.79, 42.508, 42.197, 42.779, 44.157, 45.198, 45.595, 45.872, 45.704, 45.405, 46.03, 47.277, 47.928, 47.674, 47.417, 47.665, 48.18, 48.489, 48.415, 48.66, 49.136, 48.783, 47.876, 47.17, 46.5, 45.919, 46.117, 46.53, 46.344, 45.91, 45.932, 45.994, 45.89, 45.777, 45.613, 45.414, 45.53, 45.68, 45.34, 44.816, 43.906, 43.449, 43.655, 43.918, 43.993, 44.029, 44.289, 44.923, 45.75, 46.342, 47.032, 47.595, 47.758, 47.708, 47.191, 45.96, 44.424, 43.102, 42.321, 42.477, 43.226, 43.668, 43.81, 43.75, 43.471, 43.292, 43.318, 42.77, 42.063, 41.896, 42.236, 42.74, 43.255, 43.577, 43.806, 44.108, 44.418, 44.398, 44.264, 44.242, 44.226, 44.129, 44.107, 43.974, 43.527, 37.521], [38.263, 37.762, 37.787, 37.923, 36.664, 34.055, 32.039, 31.281, 32.0, 34.758, 36.641, 35.11, 29.025, 19.438, 9.118, 0.0, 6.747, 12.173, 18.894, 25.823, 29.954, 32.082, 33.098, 33.389, 33.521, 33.901, 34.468, 35.108, 35.892, 36.462, 36.665, 37.936, 39.855, 40.942, 41.537, 42.132, 42.331, 42.42, 42.858, 43.777, 45.189, 46.183, 46.252, 46.081, 45.919, 45.506, 45.517, 45.818, 45.768, 45.601, 45.509, 45.596, 45.717, 45.796, 45.797, 46.18, 46.609, 46.341, 46.057, 46.29, 46.478, 46.426, 46.417, 46.475, 46.262, 45.912, 45.734, 45.735, 45.82, 45.842, 45.918, 45.968, 45.964, 45.877, 45.898, 46.273, 46.622, 46.535, 46.435, 46.652, 46.961, 47.156, 47.216, 47.253, 47.358, 47.464, 47.704, 47.474, 46.007, 46.774, 48.913, 50.295, 51.141, 49.978, 48.798, 49.008, 49.216, 49.431, 50.049, 50.047, 49.281, 48.646, 47.919, 46.976, 46.37, 46.131, 45.338, 44.165, 43.458, 43.034, 42.765, 43.105, 43.369, 42.629, 42.124, 43.335, 44.733, 45.233, 45.332, 45.197, 45.07, 44.743, 44.432, 45.044, 46.34, 47.297, 47.689, 47.958, 47.769, 47.499, 48.088, 49.227, 49.828, 49.574, 49.251, 49.344, 49.671, 49.854, 49.757, 49.947, 50.31, 49.986, 49.239, 48.683, 48.129, 47.608, 47.775, 48.17, 48.04, 47.712, 47.751, 47.762, 47.638, 47.524, 47.381, 47.197, 47.27, 47.397, 47.109, 46.675, 45.903, 45.539, 45.616, 45.646, 45.507, 45.332, 45.334, 45.709, 46.383, 46.92, 47.515, 47.963, 48.13, 48.2, 47.863, 46.788, 45.426, 44.445, 44.016, 44.237, 44.879, 45.234, 45.304, 45.197, 44.961, 44.769, 44.702, 44.178, 43.626, 43.607, 44.001, 44.534, 45.079, 45.422, 45.644, 45.907, 46.186, 46.192, 46.158, 46.23, 46.255, 46.214, 46.284, 46.221, 45.874, 38.514], [38.361, 37.924, 37.977, 38.042, 36.697, 34.063, 32.092, 31.507, 32.65, 35.909, 38.043, 36.699, 31.106, 22.666, 14.187, 6.747, 0.0, 7.199, 15.932, 23.988, 28.609, 31.052, 32.39, 32.849, 32.919, 33.185, 33.704, 34.319, 35.121, 35.838, 36.284, 37.735, 39.772, 40.944, 41.564, 42.19, 42.418, 42.422, 42.686, 43.577, 45.159, 46.314, 46.47, 46.333, 46.15, 45.685, 45.709, 46.041, 45.939, 45.72, 45.655, 45.762, 45.857, 45.887, 45.826, 46.229, 46.747, 46.546, 46.286, 46.532, 46.735, 46.688, 46.685, 46.749, 46.545, 46.232, 46.102, 46.115, 46.185, 46.196, 46.274, 46.313, 46.292, 46.189, 46.208, 46.612, 46.992, 46.91, 46.799, 47.02, 47.334, 47.517, 47.585, 47.664, 47.811, 47.93, 48.171, 47.928, 46.394, 47.026, 49.043, 50.38, 51.198, 50.031, 48.878, 49.092, 49.247, 49.405, 50.023, 50.068, 49.345, 48.738, 48.03, 47.094, 46.488, 46.235, 45.435, 44.269, 43.567, 43.142, 42.893, 43.241, 43.497, 42.829, 42.488, 43.773, 45.159, 45.67, 45.773, 45.624, 45.483, 45.158, 44.892, 45.614, 46.951, 47.898, 48.28, 48.534, 48.309, 48.049, 48.647, 49.755, 50.338, 50.072, 49.734, 49.835, 50.165, 50.34, 50.244, 50.431, 50.785, 50.459, 49.711, 49.138, 48.575, 48.059, 48.22, 48.614, 48.51, 48.202, 48.205, 48.169, 48.029, 47.911, 47.768, 47.583, 47.649, 47.764, 47.469, 47.037, 46.261, 45.855, 45.845, 45.781, 45.583, 45.359, 45.287, 45.578, 46.231, 46.765, 47.332, 47.736, 47.91, 48.056, 47.813, 46.777, 45.428, 44.529, 44.229, 44.537, 45.222, 45.611, 45.709, 45.636, 45.448, 45.266, 45.157, 44.614, 44.082, 44.063, 44.424, 44.956, 45.522, 45.892, 46.131, 46.4, 46.668, 46.667, 46.654, 46.755, 46.785, 46.724, 46.788, 46.729, 46.383, 38.606], [38.456, 38.075, 38.224, 38.316, 36.992, 34.417, 32.512, 32.025, 33.262, 36.543, 38.644, 37.305, 31.923, 24.184, 17.251, 12.173, 7.199, 0.0, 10.049, 19.445, 24.866, 27.71, 29.239, 29.848, 30.076, 30.473, 31.073, 31.742, 32.645, 33.497, 34.047, 35.647, 37.878, 39.2, 39.938, 40.657, 40.937, 40.947, 41.202, 42.146, 43.798, 44.981, 45.157, 45.053, 44.904, 44.432, 44.448, 44.782, 44.665, 44.49, 44.476, 44.587, 44.709, 44.816, 44.822, 45.264, 45.818, 45.626, 45.34, 45.557, 45.732, 45.678, 45.67, 45.744, 45.549, 45.203, 45.009, 44.995, 45.074, 45.043, 45.035, 45.01, 44.949, 44.8, 44.78, 45.182, 45.589, 45.51, 45.389, 45.619, 45.961, 46.171, 46.269, 46.357, 46.493, 46.64, 46.893, 46.678, 45.407, 46.499, 48.773, 50.172, 51.029, 49.838, 48.622, 48.832, 48.995, 49.17, 49.831, 49.891, 49.146, 48.515, 47.759, 46.75, 46.101, 45.813, 44.917, 43.595, 42.736, 42.191, 41.906, 42.304, 42.587, 41.82, 41.327, 42.484, 43.814, 44.321, 44.42, 44.259, 44.145, 43.873, 43.698, 44.593, 46.091, 47.083, 47.444, 47.691, 47.43, 47.109, 47.683, 48.818, 49.439, 49.185, 48.889, 49.103, 49.543, 49.779, 49.702, 49.923, 50.308, 49.933, 49.096, 48.431, 47.784, 47.229, 47.411, 47.831, 47.707, 47.315, 47.243, 47.172, 47.022, 46.902, 46.736, 46.524, 46.608, 46.734, 46.391, 45.896, 45.021, 44.503, 44.467, 44.408, 44.213, 44.038, 44.062, 44.461, 45.224, 45.821, 46.44, 46.868, 47.002, 47.12, 46.859, 45.782, 44.386, 43.444, 43.134, 43.501, 44.303, 44.795, 44.994, 45.005, 44.855, 44.728, 44.655, 44.058, 43.438, 43.321, 43.556, 43.977, 44.479, 44.821, 45.062, 45.353, 45.634, 45.629, 45.615, 45.726, 45.748, 45.621, 45.627, 45.559, 45.188, 38.599], [38.693, 38.377, 38.686, 38.912, 37.762, 35.443, 33.758, 33.455, 34.657, 37.591, 39.397, 37.97, 32.998, 26.558, 21.686, 18.894, 15.932, 10.049, 0.0, 10.602, 17.49, 21.302, 23.158, 24.018, 24.711, 25.59, 26.496, 27.344, 28.482, 29.55, 30.159, 31.931, 34.477, 36.033, 36.945, 37.812, 38.182, 38.241, 38.556, 39.597, 41.3, 42.507, 42.721, 42.676, 42.628, 42.227, 42.218, 42.484, 42.343, 42.274, 42.349, 42.458, 42.633, 42.885, 43.035, 43.507, 44.03, 43.798, 43.451, 43.611, 43.741, 43.669, 43.634, 43.698, 43.477, 43.053, 42.772, 42.739, 42.842, 42.768, 42.675, 42.608, 42.517, 42.301, 42.234, 42.654, 43.095, 43.009, 42.896, 43.19, 43.594, 43.849, 43.974, 44.047, 44.166, 44.365, 44.64, 44.436, 43.596, 45.55, 48.362, 49.902, 50.828, 49.594, 48.256, 48.445, 48.653, 48.891, 49.592, 49.594, 48.754, 48.065, 47.243, 46.146, 45.438, 45.102, 44.071, 42.542, 41.482, 40.765, 40.375, 40.802, 41.12, 40.18, 39.377, 40.305, 41.508, 41.961, 42.057, 41.893, 41.838, 41.673, 41.598, 42.639, 44.318, 45.356, 45.674, 45.912, 45.626, 45.217, 45.732, 46.918, 47.611, 47.4, 47.201, 47.599, 48.217, 48.56, 48.513, 48.767, 49.172, 48.7, 47.726, 46.948, 46.202, 45.602, 45.822, 46.273, 46.095, 45.518, 45.306, 45.22, 45.065, 44.95, 44.762, 44.521, 44.643, 44.806, 44.398, 43.812, 42.805, 42.174, 42.185, 42.184, 42.007, 41.945, 42.199, 42.85, 43.808, 44.521, 45.255, 45.764, 45.839, 45.874, 45.535, 44.358, 42.852, 41.779, 41.396, 41.83, 42.812, 43.461, 43.793, 43.888, 43.744, 43.685, 43.696, 43.048, 42.288, 42.001, 41.993, 42.155, 42.456, 42.692, 42.895, 43.192, 43.487, 43.476, 43.452, 43.567, 43.578, 43.375, 43.344, 43.301, 42.943, 38.688], [39.394, 39.141, 39.588, 39.951, 39.02, 37.073, 35.708, 35.568, 36.605, 38.991, 40.383, 38.899, 34.63, 29.959, 27.156, 25.823, 23.988, 19.445, 10.602, 0.0, 8.508, 14.1, 16.869, 18.212, 19.508, 21.021, 22.345, 23.418, 24.865, 26.255, 26.931, 28.773, 31.521, 33.266, 34.338, 35.341, 35.787, 35.865, 36.169, 37.202, 38.901, 40.197, 40.544, 40.586, 40.659, 40.43, 40.506, 40.714, 40.509, 40.544, 40.766, 40.898, 41.096, 41.455, 41.741, 42.243, 42.723, 42.436, 42.024, 42.137, 42.234, 42.142, 42.074, 42.106, 41.81, 41.295, 40.974, 40.96, 41.082, 40.984, 40.877, 40.839, 40.75, 40.483, 40.379, 40.817, 41.267, 41.157, 41.08, 41.468, 41.907, 42.171, 42.293, 42.34, 42.462, 42.716, 43.014, 42.827, 42.482, 45.319, 48.668, 50.342, 51.317, 50.042, 48.597, 48.761, 49.032, 49.349, 50.063, 49.965, 49.019, 48.29, 47.444, 46.3, 45.55, 45.175, 44.044, 42.376, 41.175, 40.316, 39.788, 40.184, 40.529, 39.48, 38.366, 38.938, 39.91, 40.287, 40.402, 40.248, 40.257, 40.204, 40.188, 41.225, 42.926, 43.934, 44.196, 44.427, 44.151, 43.748, 44.247, 45.478, 46.224, 46.044, 45.938, 46.508, 47.299, 47.754, 47.737, 48.011, 48.416, 47.851, 46.747, 45.87, 45.05, 44.421, 44.662, 45.123, 44.897, 44.136, 43.777, 43.716, 43.581, 43.477, 43.302, 43.09, 43.297, 43.522, 43.08, 42.433, 41.324, 40.61, 40.695, 40.79, 40.687, 40.774, 41.258, 42.147, 43.266, 44.063, 44.887, 45.478, 45.548, 45.555, 45.166, 43.913, 42.302, 41.034, 40.486, 40.941, 42.052, 42.81, 43.223, 43.351, 43.183, 43.163, 43.259, 42.61, 41.788, 41.386, 41.158, 41.071, 41.156, 41.265, 41.406, 41.672, 41.948, 41.928, 41.884, 41.983, 41.98, 41.731, 41.695, 41.685, 41.357, 39.266], [39.851, 39.622, 40.125, 40.559, 39.76, 38.071, 36.948, 36.889, 37.766, 39.732, 40.794, 39.263, 35.541, 32.103, 30.546, 29.954, 28.609, 24.866, 17.49, 8.508, 0.0, 7.215, 11.986, 14.712, 16.519, 18.228, 19.77, 21.038, 22.822, 24.517, 25.057, 26.598, 29.252, 31.038, 32.202, 33.312, 33.811, 33.882, 34.146, 35.134, 36.827, 38.215, 38.705, 38.839, 39.018, 39.013, 39.391, 39.788, 39.65, 39.793, 40.174, 40.355, 40.581, 41.037, 41.415, 41.937, 42.4, 42.05, 41.554, 41.646, 41.747, 41.648, 41.558, 41.562, 41.193, 40.567, 40.161, 40.122, 40.247, 40.12, 39.963, 39.887, 39.781, 39.484, 39.329, 39.738, 40.194, 40.068, 39.997, 40.427, 40.873, 41.127, 41.228, 41.242, 41.374, 41.683, 41.994, 41.892, 42.082, 45.63, 49.361, 51.134, 52.131, 50.827, 49.331, 49.485, 49.812, 50.207, 50.961, 50.824, 49.815, 49.059, 48.193, 47.024, 46.259, 45.875, 44.691, 42.916, 41.577, 40.546, 39.855, 40.186, 40.54, 39.448, 38.12, 38.343, 39.074, 39.386, 39.508, 39.349, 39.396, 39.404, 39.406, 40.383, 42.011, 42.952, 43.168, 43.397, 43.117, 42.751, 43.265, 44.539, 45.328, 45.164, 45.118, 45.815, 46.726, 47.256, 47.266, 47.564, 47.994, 47.382, 46.186, 45.244, 44.387, 43.749, 43.996, 44.465, 44.217, 43.332, 42.911, 42.924, 42.829, 42.728, 42.558, 42.39, 42.688, 42.965, 42.499, 41.796, 40.587, 39.767, 39.848, 40.045, 40.091, 40.338, 40.975, 42.006, 43.223, 44.074, 44.958, 45.596, 45.667, 45.638, 45.172, 43.881, 42.274, 40.895, 40.145, 40.567, 41.763, 42.592, 43.017, 43.109, 42.907, 42.918, 43.085, 42.442, 41.598, 41.132, 40.75, 40.481, 40.428, 40.473, 40.596, 40.867, 41.155, 41.156, 41.107, 41.195, 41.186, 40.916, 40.866, 40.84, 40.473, 39.608], [39.846, 39.624, 40.157, 40.653, 39.955, 38.431, 37.44, 37.407, 38.155, 39.83, 40.641, 39.002, 35.495, 32.772, 32.101, 32.082, 31.052, 27.71, 21.302, 14.1, 7.215, 0.0, 6.828, 11.902, 14.829, 16.661, 18.258, 19.731, 21.831, 23.634, 23.757, 24.779, 27.255, 29.021, 30.226, 31.414, 31.984, 32.134, 32.471, 33.456, 35.096, 36.433, 36.919, 37.096, 37.366, 37.498, 38.14, 38.89, 39.07, 39.401, 39.844, 40.034, 40.356, 40.973, 41.425, 41.944, 42.404, 41.982, 41.367, 41.418, 41.532, 41.436, 41.318, 41.288, 40.866, 40.102, 39.496, 39.361, 39.515, 39.369, 39.086, 38.885, 38.73, 38.4, 38.169, 38.528, 39.04, 38.917, 38.794, 39.242, 39.738, 40.006, 40.087, 40.029, 40.108, 40.46, 40.785, 40.745, 41.443, 45.75, 49.871, 51.746, 52.774, 51.488, 49.987, 50.147, 50.526, 51.01, 51.838, 51.711, 50.664, 49.872, 48.955, 47.735, 46.984, 46.655, 45.454, 43.559, 42.036, 40.78, 39.887, 40.153, 40.535, 39.369, 37.743, 37.549, 38.026, 38.275, 38.385, 38.221, 38.319, 38.37, 38.402, 39.412, 41.086, 42.043, 42.243, 42.47, 42.167, 41.784, 42.294, 43.598, 44.414, 44.231, 44.201, 45.003, 46.031, 46.634, 46.668, 47.01, 47.506, 46.873, 45.59, 44.6, 43.711, 43.059, 43.343, 43.841, 43.585, 42.596, 42.106, 42.145, 42.06, 41.945, 41.745, 41.568, 41.898, 42.182, 41.653, 40.853, 39.511, 38.56, 38.659, 39.028, 39.288, 39.717, 40.506, 41.656, 42.943, 43.84, 44.799, 45.5, 45.586, 45.513, 44.928, 43.552, 41.924, 40.417, 39.462, 39.861, 41.165, 42.11, 42.593, 42.669, 42.414, 42.425, 42.635, 41.986, 41.081, 40.512, 39.982, 39.6, 39.513, 39.57, 39.723, 40.043, 40.372, 40.38, 40.303, 40.369, 40.36, 40.065, 39.963, 39.879, 39.387, 39.46], [39.746, 39.523, 40.108, 40.685, 40.067, 38.585, 37.585, 37.471, 38.021, 39.481, 40.171, 38.425, 34.894, 32.527, 32.538, 33.098, 32.39, 29.239, 23.158, 16.869, 11.986, 6.828, 0.0, 6.904, 11.742, 14.529, 16.433, 18.15, 20.491, 22.273, 22.122, 23.058, 25.676, 27.542, 28.829, 30.042, 30.635, 30.923, 31.457, 32.51, 34.097, 35.336, 35.702, 35.797, 36.073, 36.22, 36.796, 37.644, 38.157, 38.78, 39.24, 39.389, 39.799, 40.576, 41.13, 41.658, 42.098, 41.618, 40.916, 40.914, 41.002, 40.885, 40.715, 40.631, 40.163, 39.282, 38.493, 38.275, 38.474, 38.35, 38.015, 37.751, 37.56, 37.201, 36.914, 37.226, 37.785, 37.665, 37.506, 37.984, 38.522, 38.808, 38.895, 38.792, 38.817, 39.188, 39.531, 39.513, 40.609, 45.567, 50.008, 51.964, 53.028, 51.782, 50.265, 50.422, 50.859, 51.416, 52.277, 52.116, 51.024, 50.212, 49.255, 47.963, 47.181, 46.872, 45.629, 43.616, 41.96, 40.575, 39.559, 39.836, 40.292, 38.983, 36.948, 36.381, 36.703, 36.911, 37.03, 36.908, 37.087, 37.19, 37.265, 38.378, 40.234, 41.294, 41.493, 41.726, 41.407, 40.972, 41.509, 42.871, 43.695, 43.462, 43.401, 44.269, 45.421, 46.111, 46.164, 46.551, 47.122, 46.478, 45.098, 44.002, 43.018, 42.337, 42.696, 43.227, 42.934, 41.82, 41.205, 41.205, 41.107, 40.992, 40.766, 40.54, 40.86, 41.136, 40.541, 39.664, 38.235, 37.224, 37.426, 37.984, 38.433, 39.037, 40.01, 41.32, 42.686, 43.625, 44.66, 45.442, 45.58, 45.521, 44.889, 43.416, 41.626, 39.837, 38.636, 38.955, 40.283, 41.32, 41.927, 42.066, 41.772, 41.757, 41.955, 41.273, 40.301, 39.643, 39.041, 38.657, 38.626, 38.731, 38.914, 39.266, 39.616, 39.596, 39.441, 39.439, 39.422, 39.114, 38.939, 38.779, 38.167, 39.288], [39.957, 39.725, 40.312, 40.904, 40.293, 38.746, 37.665, 37.428, 37.798, 39.229, 40.015, 38.317, 34.817, 32.531, 32.652, 33.389, 32.849, 29.848, 24.018, 18.212, 14.712, 11.902, 6.904, 0.0, 6.345, 10.708, 13.421, 15.539, 18.148, 20.041, 20.141, 21.759, 24.924, 26.961, 28.303, 29.487, 30.026, 30.351, 31.004, 32.181, 33.881, 35.199, 35.584, 35.622, 35.797, 35.917, 36.345, 37.004, 37.599, 38.465, 38.991, 39.11, 39.498, 40.278, 40.86, 41.383, 41.796, 41.314, 40.62, 40.606, 40.672, 40.53, 40.319, 40.19, 39.699, 38.811, 38.039, 37.838, 38.039, 37.933, 37.65, 37.433, 37.25, 36.88, 36.601, 36.918, 37.476, 37.349, 37.221, 37.737, 38.25, 38.52, 38.629, 38.573, 38.658, 39.046, 39.377, 39.365, 40.494, 45.416, 49.748, 51.606, 52.65, 51.43, 49.869, 50.0, 50.451, 50.997, 51.795, 51.557, 50.432, 49.627, 48.679, 47.361, 46.521, 46.172, 44.905, 42.894, 41.297, 40.008, 39.054, 39.414, 39.926, 38.525, 36.366, 35.85, 36.263, 36.489, 36.631, 36.593, 36.852, 36.978, 37.07, 38.207, 40.092, 41.146, 41.321, 41.56, 41.228, 40.756, 41.345, 42.762, 43.564, 43.283, 43.163, 43.985, 45.152, 45.874, 45.922, 46.301, 46.892, 46.282, 44.901, 43.707, 42.621, 41.941, 42.358, 42.899, 42.589, 41.465, 40.817, 40.795, 40.693, 40.6, 40.383, 40.133, 40.451, 40.758, 40.178, 39.338, 37.985, 37.066, 37.341, 37.907, 38.33, 38.942, 39.959, 41.295, 42.642, 43.571, 44.607, 45.386, 45.538, 45.527, 44.965, 43.521, 41.666, 39.77, 38.48, 38.676, 39.873, 40.843, 41.46, 41.624, 41.341, 41.326, 41.478, 40.767, 39.805, 39.205, 38.716, 38.446, 38.508, 38.665, 38.871, 39.23, 39.58, 39.547, 39.349, 39.293, 39.265, 38.977, 38.788, 38.606, 37.992, 39.56], [40.345, 40.104, 40.643, 41.197, 40.551, 38.931, 37.799, 37.498, 37.806, 39.326, 40.275, 38.735, 35.437, 33.189, 33.038, 33.521, 32.919, 30.076, 24.711, 19.508, 16.519, 14.829, 11.742, 6.345, 0.0, 5.511, 9.328, 12.194, 15.296, 17.556, 18.247, 20.776, 24.529, 26.709, 28.035, 29.206, 29.71, 29.975, 30.58, 31.817, 33.726, 35.27, 35.82, 35.939, 36.077, 36.252, 36.783, 37.392, 37.897, 38.805, 39.415, 39.554, 39.87, 40.532, 41.032, 41.523, 41.937, 41.5, 40.867, 40.885, 40.959, 40.809, 40.593, 40.447, 39.931, 39.075, 38.416, 38.28, 38.446, 38.32, 38.07, 37.881, 37.717, 37.36, 37.117, 37.471, 38.012, 37.875, 37.792, 38.333, 38.799, 39.032, 39.154, 39.176, 39.372, 39.79, 40.103, 40.095, 41.038, 45.516, 49.487, 51.159, 52.152, 50.937, 49.334, 49.433, 49.858, 50.346, 51.072, 50.795, 49.67, 48.875, 47.948, 46.65, 45.789, 45.406, 44.161, 42.247, 40.798, 39.665, 38.83, 39.254, 39.769, 38.4, 36.438, 36.218, 36.801, 37.076, 37.235, 37.257, 37.562, 37.657, 37.726, 38.816, 40.577, 41.514, 41.656, 41.901, 41.577, 41.135, 41.741, 43.