[[0.0, 10.722, 16.882, 20.856, 25.802, 30.253, 31.42, 31.588, 31.904, 31.687, 31.299, 30.944, 30.253, 30.207, 30.592, 31.026, 31.645, 32.515, 33.4, 33.409, 33.143, 34.951, 38.063, 39.546, 40.008, 41.181, 42.89, 44.446, 45.302, 45.65, 46.221, 47.449, 47.991, 47.432, 47.462, 48.488, 49.486, 50.423, 51.19, 50.763, 49.619, 49.762, 50.304, 49.146, 47.836, 48.143, 48.023, 45.008, 39.898, 37.89, 38.565, 39.446, 39.892, 40.999, 42.696, 43.939, 44.692, 45.151, 45.333, 45.15, 44.219, 42.829, 42.006, 41.811, 41.444, 40.897, 40.363, 39.878, 39.768, 39.791, 38.538, 36.459, 35.669, 35.802, 35.929, 36.531, 37.429, 37.724, 37.857, 37.914, 37.463, 37.191, 37.533, 38.146, 38.49, 38.111, 37.851, 38.115, 37.582, 36.615, 37.476, 38.752, 39.0, 39.037, 39.169, 39.071, 38.906, 38.583, 37.911, 37.327, 37.305, 37.475, 37.381, 37.168, 37.106, 37.688, 38.371, 38.735, 39.076, 38.984, 38.277, 37.937, 38.986, 39.344, 38.875, 38.86, 39.36, 40.068, 40.827, 40.884, 39.866, 39.107, 39.216, 39.503, 39.746, 39.74, 39.551, 39.596, 39.882, 39.634, 39.673, 39.71, 38.965, 38.26, 37.849, 37.49, 37.288, 37.318, 37.077, 36.189, 35.42, 35.491, 35.934, 36.043, 35.968, 36.109, 36.354, 36.217, 35.735, 35.454, 34.977, 34.673, 34.814, 35.07, 35.318, 35.816, 36.018, 35.896, 36.037, 36.25, 36.331, 36.918, 37.686, 37.559, 36.869, 36.897, 37.868, 38.605, 38.416, 38.861, 39.407, 39.358, 39.579, 39.676, 38.432, 37.156, 37.85, 38.689, 38.69, 38.794, 38.973, 38.863, 38.59, 38.395, 38.271, 38.411, 38.357, 37.707, 37.497, 37.248, 36.715, 36.469, 36.609, 36.791, 36.524, 36.25, 36.716, 36.886, 36.669, 36.795, 37.276, 38.134, 38.979, 38.791, 37.789, 14.165], [10.722, 0.0, 8.466, 14.863, 20.921, 25.869, 27.512, 28.121, 28.783, 28.995, 28.851, 28.539, 28.201, 28.676, 29.179, 29.556, 30.413, 31.538, 32.242, 32.001, 32.162, 34.743, 38.234, 39.862, 40.296, 41.503, 43.448, 45.024, 45.772, 46.077, 46.64, 47.813, 48.308, 47.777, 47.819, 48.773, 49.663, 50.489, 51.195, 50.835, 49.819, 49.949, 50.42, 49.369, 48.228, 48.5, 48.406, 45.778, 41.314, 39.508, 39.889, 40.591, 41.041, 42.139, 43.751, 44.905, 45.592, 46.015, 46.22, 46.097, 45.287, 44.087, 43.442, 43.381, 43.113, 42.605, 42.117, 41.701, 41.594, 41.592, 40.476, 38.673, 37.989, 38.063, 38.16, 38.704, 39.449, 39.721, 39.879, 39.916, 39.523, 39.334, 39.713, 40.294, 40.542, 40.091, 39.704, 39.862, 39.442, 38.742, 39.562, 40.735, 40.975, 40.96, 40.972, 40.804, 40.642, 40.374, 39.812, 39.34, 39.34, 39.488, 39.441, 39.268, 39.187, 39.682, 40.27, 40.571, 40.875, 40.819, 40.153, 39.75, 40.644, 41.009, 40.664, 40.799, 41.321, 41.876, 42.519, 42.617, 41.767, 41.058, 41.087, 41.359, 41.625, 41.605, 41.298, 41.252, 41.564, 41.394, 41.412, 41.424, 40.838, 40.289, 39.947, 39.59, 39.352, 39.364, 39.162, 38.41, 37.788, 37.873, 38.206, 38.222, 38.065, 38.14, 38.347, 38.242, 37.809, 37.514, 37.161, 37.053, 37.204, 37.407, 37.589, 37.987, 38.173, 38.076, 38.171, 38.339, 38.385, 38.844, 39.459, 39.359, 38.837, 38.868, 39.666, 40.327, 40.255, 40.684, 41.16, 41.169, 41.382, 41.417, 40.323, 39.325, 39.947, 40.595, 40.557, 40.603, 40.726, 40.624, 40.384, 40.22, 40.104, 40.179, 40.124, 39.6, 39.449, 39.263, 38.847, 38.681, 38.831, 38.991, 38.732, 38.456, 38.824, 38.948, 38.744, 38.829, 39.226, 39.964, 40.69, 40.554, 39.675, 22.239], [16.882, 8.466, 0.0, 8.731, 16.902, 22.752, 24.65, 25.532, 26.502, 27.151, 27.366, 27.201, 27.178, 27.975, 28.549, 28.913, 29.889, 31.152, 31.898, 31.697, 32.039, 34.851, 38.444, 40.128, 40.574, 41.755, 43.713, 45.265, 45.987, 46.288, 46.846, 47.992, 48.461, 47.932, 47.965, 48.882, 49.739, 50.525, 51.205, 50.88, 49.953, 50.104, 50.546, 49.54, 48.467, 48.731, 48.647, 46.123, 41.86, 40.156, 40.488, 41.157, 41.654, 42.784, 44.361, 45.455, 46.101, 46.512, 46.737, 46.646, 45.891, 44.767, 44.169, 44.126, 43.881, 43.372, 42.865, 42.446, 42.335, 42.313, 41.224, 39.484, 38.791, 38.788, 38.825, 39.343, 40.054, 40.356, 40.575, 40.651, 40.281, 40.114, 40.514, 41.095, 41.289, 40.761, 40.302, 40.417, 40.064, 39.562, 40.417, 41.506, 41.723, 41.718, 41.69, 41.467, 41.29, 41.039, 40.519, 40.097, 40.106, 40.228, 40.161, 39.957, 39.851, 40.321, 40.872, 41.14, 41.426, 41.386, 40.729, 40.307, 41.198, 41.59, 41.263, 41.417, 41.938, 42.446, 43.066, 43.193, 42.428, 41.764, 41.754, 42.006, 42.308, 42.31, 41.958, 41.909, 42.28, 42.159, 42.196, 42.22, 41.699, 41.211, 40.895, 40.524, 40.26, 40.262, 40.059, 39.329, 38.751, 38.836, 39.128, 39.141, 38.991, 39.026, 39.166, 39.048, 38.635, 38.317, 37.94, 37.859, 38.014, 38.176, 38.316, 38.677, 38.857, 38.764, 38.846, 39.008, 39.051, 39.473, 40.032, 39.943, 39.462, 39.485, 40.218, 40.86, 40.889, 41.407, 41.916, 41.946, 42.145, 42.153, 41.092, 40.164, 40.763, 41.352, 41.287, 41.303, 41.398, 41.314, 41.108, 40.953, 40.822, 40.859, 40.779, 40.266, 40.118, 39.952, 39.603, 39.516, 39.697, 39.847, 39.577, 39.286, 39.609, 39.712, 39.513, 39.57, 39.911, 40.582, 41.293, 41.251, 40.464, 25.877], [20.856, 14.863, 8.731, 0.0, 10.304, 18.018, 20.553, 21.746, 23.311, 24.838, 25.848, 26.208, 26.572, 27.528, 28.059, 28.383, 29.435, 30.769, 31.671, 31.678, 32.095, 34.925, 38.597, 40.329, 40.802, 42.006, 43.92, 45.408, 46.129, 46.448, 47.004, 48.123, 48.572, 48.047, 48.073, 48.97, 49.822, 50.623, 51.333, 51.044, 50.146, 50.299, 50.761, 49.804, 48.742, 48.994, 48.981, 46.554, 42.394, 40.766, 41.117, 41.835, 42.458, 43.69, 45.288, 46.39, 47.049, 47.445, 47.665, 47.593, 46.875, 45.783, 45.186, 45.102, 44.797, 44.23, 43.661, 43.206, 43.081, 43.017, 41.868, 40.051, 39.24, 39.109, 39.072, 39.595, 40.333, 40.67, 40.932, 41.04, 40.645, 40.402, 40.787, 41.397, 41.571, 41.01, 40.519, 40.607, 40.283, 39.881, 40.795, 41.88, 42.112, 42.133, 42.104, 41.86, 41.682, 41.442, 40.935, 40.537, 40.558, 40.68, 40.605, 40.347, 40.171, 40.606, 41.154, 41.427, 41.715, 41.692, 41.08, 40.705, 41.644, 42.059, 41.704, 41.794, 42.277, 42.787, 43.413, 43.542, 42.806, 42.142, 42.084, 42.324, 42.66, 42.655, 42.246, 42.192, 42.618, 42.529, 42.586, 42.613, 42.104, 41.647, 41.368, 41.004, 40.701, 40.67, 40.47, 39.729, 39.115, 39.154, 39.402, 39.424, 39.291, 39.295, 39.397, 39.283, 38.876, 38.513, 38.065, 38.005, 38.223, 38.367, 38.468, 38.837, 39.027, 38.924, 38.997, 39.18, 39.254, 39.643, 40.168, 40.106, 39.643, 39.596, 40.276, 40.977, 41.109, 41.697, 42.23, 42.248, 42.427, 42.443, 41.376, 40.413, 40.98, 41.543, 41.497, 41.515, 41.595, 41.519, 41.342, 41.192, 41.047, 41.055, 40.936, 40.409, 40.254, 40.079, 39.756, 39.733, 39.951, 40.107, 39.833, 39.503, 39.767, 39.858, 39.687, 39.75, 40.066, 40.709, 41.409, 41.413, 40.719, 28.487], [25.802, 20.921, 16.902, 10.304, 0.0, 9.568, 13.994, 16.26, 18.959, 22.384, 24.917, 26.2, 27.039, 28.129, 28.552, 28.768, 29.866, 31.298, 32.346, 32.533, 33.116, 36.0, 39.596, 41.316, 41.78, 42.971, 44.842, 46.224, 46.871, 47.155, 47.666, 48.693, 49.1, 48.605, 48.612, 49.409, 50.167, 50.911, 51.625, 51.422, 50.596, 50.708, 51.149, 50.329, 49.398, 49.636, 49.683, 47.543, 43.825, 42.331, 42.615, 43.306, 43.944, 45.106, 46.556, 47.572, 48.227, 48.621, 48.845, 48.804, 48.173, 47.193, 46.659, 46.569, 46.25, 45.702, 45.182, 44.77, 44.63, 44.517, 43.432, 41.771, 40.973, 40.756, 40.709, 41.205, 41.864, 42.173, 42.409, 42.499, 42.123, 41.777, 42.03, 42.609, 42.787, 42.309, 41.85, 41.889, 41.629, 41.372, 42.233, 43.238, 43.439, 43.418, 43.358, 43.106, 42.939, 42.731, 42.286, 41.951, 41.988, 42.127, 42.124, 41.933, 41.762, 42.128, 42.617, 42.868, 43.14, 43.156, 42.643, 42.333, 43.184, 43.578, 43.229, 43.237, 43.579, 43.977, 44.494, 44.619, 44.013, 43.416, 43.296, 43.519, 43.857, 43.777, 43.281, 43.211, 43.653, 43.626, 43.712, 43.749, 43.331, 42.976, 42.814, 42.537, 42.218, 42.151, 41.988, 41.326, 40.74, 40.713, 40.872, 40.898, 40.791, 40.761, 40.808, 40.707, 40.366, 40.023, 39.671, 39.71, 39.907, 39.969, 40.027, 40.361, 40.54, 40.44, 40.494, 40.683, 40.754, 41.004, 41.391, 41.379, 41.05, 40.936, 41.46, 42.154, 42.358, 42.868, 43.298, 43.276, 43.407, 43.434, 42.493, 41.596, 42.043, 42.495, 42.489, 42.524, 42.589, 42.528, 42.385, 42.258, 42.14, 42.119, 41.979, 41.55, 41.433, 41.285, 41.043, 41.085, 41.309, 41.464, 41.222, 40.873, 41.034, 41.103, 40.982, 41.038, 41.284, 41.822, 42.394, 42.411, 41.899, 32.566], [30.253, 25.869, 22.752, 18.018, 9.568, 0.0, 6.965, 11.534, 15.701, 20.841, 24.654, 26.675, 27.899, 29.156, 29.544, 29.697, 30.81, 32.384, 33.635, 33.913, 34.618, 37.608, 41.037, 42.662, 43.103, 44.275, 46.118, 47.429, 48.02, 48.255, 48.68, 49.601, 49.988, 49.53, 49.504, 50.198, 50.857, 51.512, 52.179, 52.032, 51.274, 51.336, 51.734, 51.018, 50.215, 50.428, 50.416, 48.411, 45.092, 43.761, 44.008, 44.632, 45.153, 46.077, 47.257, 48.102, 48.713, 49.114, 49.364, 49.354, 48.796, 47.941, 47.51, 47.453, 47.161, 46.678, 46.251, 45.922, 45.783, 45.646, 44.72, 43.377, 42.784, 42.619, 42.603, 43.023, 43.553, 43.852, 44.094, 44.196, 43.89, 43.531, 43.681, 44.201, 44.358, 43.918, 43.445, 43.416, 43.21, 43.035, 43.712, 44.561, 44.705, 44.618, 44.523, 44.277, 44.13, 43.964, 43.599, 43.333, 43.378, 43.516, 43.556, 43.443, 43.346, 43.712, 44.14, 44.335, 44.577, 44.648, 44.236, 43.99, 44.724, 45.102, 44.781, 44.74, 44.958, 45.221, 45.593, 45.698, 45.245, 44.762, 44.619, 44.821, 45.135, 44.968, 44.415, 44.334, 44.763, 44.784, 44.879, 44.923, 44.608, 44.352, 44.277, 44.067, 43.758, 43.682, 43.545, 42.993, 42.517, 42.49, 42.597, 42.623, 42.535, 42.483, 42.484, 42.403, 42.147, 41.861, 41.657, 41.749, 41.865, 41.865, 41.895, 42.161, 42.311, 42.223, 42.27, 42.451, 42.482, 42.572, 42.823, 42.854, 42.667, 42.54, 42.92, 43.55, 43.785, 44.196, 44.536, 44.504, 44.593, 44.616, 43.846, 43.081, 43.41, 43.732, 43.738, 43.786, 43.83, 43.775, 43.659, 43.563, 43.478, 43.442, 43.304, 42.972, 42.892, 42.806, 42.675, 42.756, 42.95, 43.077, 42.867, 42.546, 42.646, 42.698, 42.611, 42.64, 42.816, 43.252, 43.725, 43.768, 43.368, 36.17], [31.42, 27.512, 24.65, 20.553, 13.994, 6.965, 0.0, 6.536, 12.704, 18.804, 23.125, 25.525, 27.023, 28.449, 28.892, 29.043, 30.091, 31.726, 33.192, 33.525, 34.151, 37.29, 40.907, 42.588, 43.037, 44.241, 46.165, 47.579, 48.231, 48.487, 48.917, 49.859, 50.267, 49.813, 49.785, 50.487, 51.156, 51.812, 52.466, 52.296, 51.515, 51.562, 51.955, 51.22, 50.384, 50.59, 50.541, 48.438, 45.03, 43.678, 43.947, 44.588, 45.112, 46.021, 47.183, 48.01, 48.618, 49.026, 49.286, 49.277, 48.705, 47.835, 47.397, 47.334, 47.049, 46.572, 46.138, 45.808, 45.67, 45.523, 44.588, 43.246, 42.68, 42.544, 42.54, 42.964, 43.502, 43.829, 44.098, 44.204, 43.914, 43.579, 43.727, 44.237, 44.357, 43.84, 43.322, 43.283, 43.058, 42.849, 43.507, 44.357, 44.5, 44.405, 44.307, 44.066, 43.923, 43.76, 43.402, 43.136, 43.172, 43.29, 43.292, 43.165, 43.113, 43.523, 43.934, 44.113, 44.386, 44.511, 44.131, 43.917, 44.683, 45.071, 44.709, 44.61, 44.801, 45.08, 45.464, 45.551, 45.074, 44.59, 44.462, 44.683, 45.033, 44.886, 44.351, 44.284, 44.712, 44.725, 44.796, 44.812, 44.483, 44.226, 44.146, 43.918, 43.587, 43.5, 43.359, 42.82, 42.362, 42.333, 42.43, 42.454, 42.361, 42.29, 42.283, 42.219, 41.981, 41.685, 41.469, 41.553, 41.686, 41.728, 41.763, 42.01, 42.149, 42.058, 42.099, 42.279, 42.304, 42.382, 42.634, 42.681, 42.499, 42.376, 42.754, 43.375, 43.601, 44.042, 44.423, 44.405, 44.486, 44.513, 43.769, 43.021, 43.321, 43.603, 43.598, 43.645, 43.675, 43.602, 43.481, 43.39, 43.301, 43.263, 43.125, 42.776, 42.717, 42.66, 42.561, 42.673, 42.877, 43.003, 42.788, 42.443, 42.507, 42.547, 42.457, 42.48, 42.66, 43.102, 43.607, 43.688, 43.299, 36.72], [31.588, 28.121, 25.532, 21.746, 16.26, 11.534, 6.536, 0.0, 8.138, 16.003, 21.051, 23.762, 25.496, 27.035, 27.513, 27.679, 28.618, 30.187, 31.765, 32.137, 32.635, 35.883, 39.801, 41.616, 42.078, 43.343, 45.47, 47.098, 47.845, 48.156, 48.634, 49.611, 50.034, 49.581, 49.566, 50.309, 51.022, 51.715, 52.39, 52.186, 51.351, 51.386, 51.785, 51.002, 50.106, 50.309, 50.241, 48.028, 44.431, 42.985, 43.264, 43.928, 44.498, 45.517, 46.784, 47.655, 48.287, 48.715, 48.972, 48.948, 48.342, 47.438, 46.983, 46.908, 46.624, 46.146, 45.689, 45.331, 45.191, 45.043, 44.06, 42.631, 41.993, 41.828, 41.831, 42.306, 42.896, 43.23, 43.525, 43.633, 43.321, 42.969, 43.124, 43.642, 43.738, 43.187, 42.697, 42.691, 42.427, 42.145, 42.84, 43.745, 43.889, 43.807, 43.745, 43.529, 43.392, 43.221, 42.84, 42.547, 42.569, 42.673, 42.632, 42.456, 42.395, 42.807, 43.201, 43.396, 43.727, 43.882, 43.479, 43.266, 44.079, 44.467, 44.061, 43.92, 44.11, 44.44, 44.871, 44.938, 44.373, 43.834, 43.721, 43.972, 44.377, 44.31, 43.861, 43.87, 44.296, 44.247, 44.3, 44.308, 43.935, 43.64, 43.533, 43.29, 42.949, 42.85, 42.698, 42.149, 41.669, 41.614, 41.701, 41.731, 41.635, 41.533, 41.519, 41.474, 41.227, 40.911, 40.641, 40.683, 40.839, 40.915, 40.956, 41.215, 41.36, 41.267, 41.307, 41.477, 41.49, 41.598, 41.899, 41.934, 41.715, 41.616, 42.033, 42.642, 42.842, 43.346, 43.783, 43.759, 43.843, 43.887, 43.103, 42.304, 42.614, 42.897, 42.863, 42.898, 42.923, 42.846, 42.718, 42.614, 42.513, 42.492, 42.364, 41.985, 41.921, 41.858, 41.759, 41.902, 42.135, 42.274, 42.055, 41.692, 41.75, 41.79, 41.686, 41.711, 41.916, 42.392, 42.926, 43.0, 42.589, 36.381], [31.904, 28.783, 26.502, 23.311, 18.959, 15.701, 12.704, 8.138, 0.0, 10.064, 17.12, 20.786, 22.97, 24.806, 25.413, 25.656, 26.627, 28.289, 30.068, 30.517, 31.013, 34.548, 38.789, 40.717, 41.195, 42.491, 44.77, 46.59, 47.401, 47.758, 48.308, 49.333, 49.766, 49.315, 49.331, 50.126, 50.873, 51.593, 52.286, 52.029, 51.143, 51.195, 51.609, 50.761, 49.803, 50.003, 49.892, 47.608, 43.879, 42.319, 42.551, 43.173, 43.793, 44.98, 46.378, 47.253, 47.855, 48.286, 48.548, 48.513, 47.885, 46.972, 46.519, 46.442, 46.168, 45.7, 45.214, 44.814, 44.678, 44.537, 43.497, 41.99, 41.283, 41.085, 41.139, 41.689, 42.31, 42.664, 43.0, 43.12, 42.8, 42.444, 42.631, 43.174, 43.251, 42.693, 42.237, 42.254, 41.935, 41.57, 42.298, 43.269, 43.439, 43.37, 43.332, 43.126, 42.982, 42.796, 42.387, 42.062, 42.068, 42.149, 42.049, 41.822, 41.763, 42.207, 42.615, 42.83, 43.207, 43.374, 42.921, 42.672, 43.521, 43.904, 43.469, 43.307, 43.502, 43.865, 44.303, 44.323, 43.674, 43.106, 43.024, 43.316, 43.784, 43.802, 43.455, 43.593, 44.049, 43.897, 43.904, 43.926, 43.529, 43.178, 43.026, 42.763, 42.415, 42.311, 42.151, 41.599, 41.12, 41.07, 41.166, 41.207, 41.108, 40.962, 40.943, 40.916, 40.646, 40.306, 39.974, 39.942, 40.077, 40.161, 40.206, 40.474, 40.623, 40.524, 40.575, 40.75, 40.76, 40.937, 41.311, 41.313, 41.027, 40.93, 41.374, 41.917, 42.035, 42.605, 43.113, 43.084, 43.172, 43.247, 42.437, 41.591, 41.937, 42.228, 42.117, 42.115, 42.143, 42.076, 41.946, 41.817, 41.706, 41.717, 41.609, 41.211, 41.145, 41.068, 40.977, 41.178, 41.453, 41.6, 41.375, 41.018, 41.102, 41.144, 41.023, 41.065, 41.316, 41.843, 42.413, 42.438, 41.939, 36.148], [31.687, 28.995, 27.151, 24.838, 22.384, 20.841, 18.804, 16.003, 10.064, 0.0, 9.204, 14.801, 18.23, 20.861, 21.921, 22.554, 23.885, 25.945, 28.126, 28.681, 29.248, 33.286, 37.968, 40.022, 40.513, 41.816, 44.17, 46.136, 46.997, 47.384, 48.026, 49.174, 49.659, 49.206, 49.248, 50.105, 50.898, 51.664, 52.365, 52.018, 51.07, 51.158, 51.585, 50.624, 49.555, 49.745, 49.598, 47.217, 43.297, 41.651, 41.884, 42.453, 43.039, 44.264, 45.726, 46.631, 47.232, 47.667, 47.936, 47.889, 47.218, 46.249, 45.756, 45.668, 45.416, 44.985, 44.491, 44.053, 43.937, 43.839, 42.754, 41.152, 40.416, 40.269, 40.386, 40.998, 41.655, 42.037, 42.406, 42.566, 42.262, 41.948, 42.198, 42.784, 42.867, 42.263, 41.767, 41.789, 41.411, 40.945, 41.678, 42.666, 42.824, 42.724, 42.642, 42.388, 42.202, 41.994, 41.57, 41.207, 41.167, 41.197, 41.037, 40.783, 40.724, 41.201, 41.675, 41.926, 42.315, 42.484, 42.027, 41.805, 42.767, 43.155, 42.665, 42.485, 42.73, 43.177, 43.663, 43.626, 42.85, 42.269, 42.249, 42.571, 43.12, 43.276, 43.044, 43.275, 43.775, 43.509, 43.413, 43.435, 43.014, 42.61, 42.408, 42.105, 41.735, 41.637, 41.481, 40.922, 40.455, 40.454, 40.592, 40.633, 40.534, 40.402, 40.426, 40.404, 40.098, 39.757, 39.374, 39.244, 39.355, 39.472, 39.543, 39.828, 39.978, 39.862, 39.925, 40.116, 40.123, 40.36, 40.799, 40.77, 40.397, 40.297, 40.801, 41.32, 41.329, 41.926, 42.516, 42.501, 42.592, 42.689, 41.845, 40.972, 41.418, 41.766, 41.559, 41.503, 41.536, 41.451, 41.288, 41.153, 41.054, 41.1, 40.97, 40.463, 40.39, 40.309, 40.164, 40.344, 40.63, 40.781, 40.545, 40.191, 40.306, 40.347, 40.205, 40.283, 40.596, 41.188, 41.834, 41.829, 41.193, 35.506], [31.299, 28.851, 27.366, 25.848, 24.917, 24.654, 23.125, 21.051, 17.12, 9.204, 0.0, 7.385, 13.214, 17.199, 18.718, 19.909, 21.813, 24.124, 26.423, 27.011, 27.651, 31.991, 37.017, 39.224, 39.722, 41.057, 43.56, 45.71, 46.66, 47.07, 47.753, 48.996, 49.544, 49.094, 49.142, 50.037, 50.876, 51.678, 52.372, 51.979, 50.999, 51.087, 51.496, 50.46, 49.311, 49.478, 49.289, 46.792, 42.728, 41.09, 41.384, 41.946, 42.385, 43.428, 44.814, 45.768, 46.453, 46.928, 47.201, 47.133, 46.424, 45.437, 44.949, 44.887, 44.687, 44.321, 43.861, 43.423, 43.328, 43.282, 42.266, 40.746, 40.112, 40.067, 40.187, 40.776, 41.435, 41.793, 42.151, 42.343, 42.064, 41.8, 42.084, 42.667, 42.758, 42.161, 41.664, 41.705, 41.298, 40.674, 41.227, 42.094, 42.151, 41.972, 41.854, 41.58, 41.376, 41.18, 40.792, 40.428, 40.337, 40.326, 40.177, 39.95, 39.861, 40.297, 40.808, 41.103, 41.485, 41.645, 41.227, 41.136, 42.146, 42.494, 42.023, 41.905, 42.238, 42.776, 43.325, 43.272, 42.399, 41.786, 41.804, 42.134, 42.754, 43.065, 42.929, 43.163, 43.661, 43.359, 43.196, 43.2, 42.757, 42.332, 42.11, 41.807, 41.466, 41.394, 41.253, 40.706, 40.258, 40.286, 40.435, 40.445, 40.345, 40.297, 40.412, 40.402, 40.077, 39.744, 39.351, 39.166, 39.244, 39.376, 39.463, 39.752, 39.905, 39.798, 39.885, 40.083, 40.083, 40.323, 40.78, 40.744, 40.358, 40.302, 40.855, 41.369, 41.324, 41.86, 42.421, 42.386, 42.473, 42.562, 41.707, 40.841, 41.329, 41.721, 41.508, 41.434, 41.474, 41.371, 41.176, 41.078, 41.025, 41.099, 40.949, 40.32, 40.18, 40.102, 39.892, 39.963, 40.19, 40.331, 40.109, 39.785, 39.921, 39.957, 39.794, 39.861, 40.174, 40.76, 41.405, 41.385, 40.718, 35.011], [30.944, 28.539, 27.201, 26.208, 26.2, 26.675, 25.525, 23.762, 20.786, 14.801, 7.385, 0.0, 8.142, 13.98, 16.199, 17.642, 19.938, 22.612, 24.989, 25.55, 26.295, 30.835, 36.03, 38.312, 38.803, 40.184, 42.825, 45.122, 46.153, 46.564, 47.248, 48.548, 49.151, 48.714, 48.78, 49.723, 50.616, 51.455, 52.162, 51.779, 50.814, 50.909, 51.311, 50.244, 49.048, 49.199, 48.999, 46.436, 42.259, 40.606, 40.947, 41.53, 41.899, 42.836, 44.163, 45.121, 45.823, 46.303, 46.569, 46.481, 45.75, 44.768, 44.303, 44.28, 44.13, 43.799, 43.351, 42.918, 42.845, 42.855, 41.92, 40.493, 39.928, 39.917, 40.022, 40.592, 41.261, 41.606, 41.961, 42.182, 41.935, 41.726, 42.038, 42.6, 42.694, 42.149, 41.709, 41.778, 41.349, 40.606, 40.968, 41.688, 41.663, 41.461, 41.374, 41.147, 40.97, 40.788, 40.42, 40.063, 39.954, 39.921, 39.762, 39.516, 39.356, 39.729, 40.255, 40.574, 40.943, 41.084, 40.667, 40.607, 41.572, 41.898, 41.533, 41.572, 42.019, 42.615, 43.223, 43.209, 42.329, 41.71, 41.764, 42.119, 42.765, 43.136, 43.043, 43.266, 43.746, 43.453, 43.279, 43.259, 42.773, 42.321, 42.081, 41.778, 41.47, 41.427, 41.289, 40.728, 40.266, 40.298, 40.449, 40.434, 40.336, 40.343, 40.5, 40.489, 40.144, 39.788, 39.386, 39.221, 39.303, 39.432, 39.519, 39.808, 39.963, 39.871, 39.971, 40.167, 40.161, 40.404, 40.876, 40.841, 40.467, 40.452, 41.018, 41.513, 41.448, 41.943, 42.454, 42.389, 42.476, 42.546, 41.659, 40.789, 41.299, 41.742, 41.586, 41.523, 41.573, 41.476, 41.277, 41.201, 41.159, 41.241, 41.099, 40.4, 40.184, 40.099, 39.847, 39.821, 39.991, 40.132, 39.925, 39.628, 39.789, 39.822, 39.648, 39.706, 40.017, 40.601, 41.226, 41.185, 40.508, 34.744], [30.253, 28.201, 27.178, 26.572, 27.039, 27.899, 27.023, 25.496, 22.97, 18.23, 13.214, 8.142, 0.0, 7.59, 11.722, 13.751, 16.129, 19.578, 22.62, 23.259, 24.171, 29.264, 34.791, 37.114, 37.586, 39.04, 41.815, 44.233, 45.295, 45.662, 46.337, 47.718, 48.391, 47.975, 48.093, 49.132, 50.106, 51.017, 51.784, 51.425, 50.459, 50.581, 51.006, 49.879, 48.597, 48.741, 48.541, 45.884, 41.477, 39.697, 40.106, 40.768, 41.205, 42.197, 43.542, 44.441, 45.025, 45.447, 45.701, 45.605, 44.843, 43.806, 43.289, 43.252, 43.107, 42.775, 42.316, 41.86, 41.798, 41.87, 40.946, 39.454, 38.838, 38.8, 38.888, 39.5, 40.273, 40.659, 41.024, 41.262, 41.034, 40.874, 41.231, 41.808, 41.918, 41.387, 40.99, 41.086, 40.6, 39.79, 40.165, 40.872, 40.804, 40.617, 40.598, 40.438, 40.296, 40.1, 39.673, 39.265, 39.154, 39.109, 38.861, 38.491, 38.215, 38.566, 39.142, 39.485, 39.855, 39.98, 39.507, 39.362, 40.334, 40.671, 40.352, 40.536, 41.102, 41.747, 42.444, 42.499, 41.661, 41.116, 41.252, 41.657, 42.302, 42.651, 42.582, 42.837, 43.303, 42.967, 42.779, 42.747, 42.201, 41.708, 41.437, 41.092, 40.774, 40.742, 40.58, 39.939, 39.414, 39.457, 39.66, 39.678, 39.594, 39.589, 39.721, 39.674, 39.285, 38.919, 38.483, 38.307, 38.408, 38.542, 38.643, 38.967, 39.13, 39.026, 39.133, 39.337, 39.318, 39.583, 40.091, 40.046, 39.639, 39.628, 40.22, 40.722, 40.646, 41.178, 41.724, 41.676, 41.788, 41.849, 40.882, 39.999, 40.624, 41.155, 40.982, 40.908, 40.973, 40.86, 40.649, 40.573, 40.516, 40.605, 40.459, 39.681, 39.39, 39.276, 38.994, 38.937, 39.115, 39.28, 39.063, 38.767, 38.989, 39.044, 38.863, 38.946, 39.312, 39.981, 40.694, 40.668, 39.924, 33.944], [30.207, 28.676, 27.975, 27.528, 28.129, 29.156, 28.449, 27.035, 24.806, 20.861, 17.199, 13.98, 7.59, 0.0, 6.315, 10.087, 12.775, 16.335, 19.951, 20.874, 21.944, 27.575, 33.535, 35.968, 36.441, 37.958, 40.917, 43.52, 44.636, 44.984, 45.683, 47.149, 47.875, 47.462, 47.609, 48.711, 49.733, 50.71, 51.58, 51.278, 50.299, 50.427, 50.865, 49.687, 48.362, 48.542, 48.339, 45.572, 40.978, 39.126, 39.609, 40.367, 40.892, 41.97, 43.388, 44.296, 44.819, 45.204, 45.451, 45.355, 44.557, 43.436, 42.842, 42.758, 42.577, 42.209, 41.721, 41.238, 41.177, 41.28, 40.307, 38.652, 37.915, 37.866, 37.968, 38.648, 39.532, 39.952, 40.305, 40.525, 40.284, 40.155, 40.554, 41.166, 41.299, 40.747, 40.342, 40.448, 39.911, 39.056, 39.532, 40.33, 40.271, 40.113, 40.146, 40.018, 39.887, 39.673, 39.189, 38.733, 38.627, 38.59, 38.29, 37.846, 37.521, 37.879, 38.475, 38.821, 39.203, 39.323, 38.812, 38.634, 39.682, 40.008, 39.631, 39.819, 40.417, 41.084, 41.822, 41.892, 41.047, 40.531, 40.726, 41.17, 41.818, 42.169, 42.133, 42.43, 42.9, 42.532, 42.365, 42.35, 41.756, 41.234, 40.931, 40.536, 40.194, 40.157, 39.962, 39.235, 38.64, 38.69, 38.946, 38.999, 38.932, 38.93, 39.06, 38.988, 38.564, 38.177, 37.655, 37.39, 37.495, 37.637, 37.741, 38.092, 38.261, 38.147, 38.269, 38.492, 38.476, 38.778, 39.332, 39.283, 38.82, 38.792, 39.424, 39.948, 39.846, 40.403, 40.977, 40.943, 41.087, 41.177, 40.171, 39.296, 40.033, 40.628, 40.421, 40.359, 40.453, 40.316, 40.088, 40.012, 39.944, 40.028, 39.836, 38.972, 38.637, 38.48, 38.176, 38.15, 38.373, 38.554, 38.317, 38.013, 38.287, 38.367, 38.183, 38.286, 38.701, 39.451, 40.258, 40.267, 39.494, 33.489], [30.592, 29.179, 28.549, 28.059, 28.552, 29.544, 28.892, 27.513, 25.413, 21.921, 18.718, 16.199, 11.722, 6.315, 0.0, 5.838, 10.503, 14.126, 17.577, 18.737, 20.136, 26.111, 32.418, 35.065, 35.583, 37.099, 40.2, 42.983, 44.161, 44.517, 45.245, 46.749, 47.487, 47.072, 47.219, 48.328, 49.368, 50.376, 51.295, 51.055, 50.139, 50.305, 50.741, 49.563, 48.281, 48.503, 48.302, 45.528, 40.963, 39.132, 39.567, 40.321, 40.92, 42.102, 43.603, 44.571, 45.101, 45.463, 45.699, 45.601, 44.798, 43.668, 43.077, 42.981, 42.759, 42.352, 41.848, 41.365, 41.298, 41.387, 40.402, 38.721, 37.941, 37.874, 37.994, 38.722, 39.639, 40.028, 40.327, 40.507, 40.249, 40.128, 40.572, 41.215, 41.35, 40.799, 40.385, 40.49, 39.963, 39.126, 39.628, 40.483, 40.477, 40.362, 40.418, 40.298, 40.171, 39.954, 39.469, 39.026, 38.941, 38.922, 38.643, 38.238, 37.96, 38.316, 38.878, 39.2, 39.573, 39.683, 39.171, 39.021, 40.075, 40.383, 39.992, 40.142, 40.721, 41.375, 42.051, 42.07, 41.195, 40.641, 40.829, 41.266, 41.895, 42.227, 42.138, 42.401, 42.881, 42.545, 42.415, 42.424, 41.829, 41.315, 41.012, 40.597, 40.242, 40.19, 39.99, 39.273, 38.685, 38.733, 38.982, 39.033, 38.965, 38.961, 39.089, 39.013, 38.559, 38.119, 37.561, 37.282, 37.375, 37.494, 37.587, 37.934, 38.096, 37.986, 38.123, 38.349, 38.328, 38.649, 39.228, 39.186, 38.715, 38.697, 39.333, 39.84, 39.713, 40.258, 40.824, 40.797, 40.96, 41.089, 40.125, 39.268, 39.991, 40.573, 40.368, 40.33, 40.433, 40.301, 40.086, 40.007, 39.926, 40.007, 39.797, 38.921, 38.584, 38.399, 38.088, 38.101, 38.352, 38.538, 38.295, 37.969, 38.224, 38.307, 38.149, 38.27, 38.703, 39.479, 40.293, 40.298, 39.53, 33.726], [31.026, 29.556, 28.913, 28.383, 28.768, 29.697, 29.043, 27.679, 25.656, 22.554, 19.909, 17.642, 13.751, 10.087, 5.838, 0.0, 6.702, 11.981, 15.889, 16.988, 18.709, 25.297, 31.946, 34.753, 35.298, 36.789, 39.922, 42.744, 43.916, 44.267, 44.996, 46.496, 47.233, 46.819, 46.976, 48.103, 49.171, 50.209, 51.129, 50.892, 50.061, 50.345, 50.819, 49.648, 48.388, 48.621, 48.434, 45.709, 41.206, 39.358, 39.743, 40.483, 41.133, 42.387, 43.927, 44.891, 45.371, 45.691, 45.908, 45.809, 45.026, 43.923, 43.358, 43.273, 43.045, 42.629, 42.131, 41.657, 41.573, 41.629, 40.641, 39.006, 38.229, 38.101, 38.192, 38.944, 39.886, 40.267, 40.549, 40.728, 40.466, 40.325, 40.76, 41.412, 41.542, 40.997, 40.598, 40.709, 40.192, 39.394, 39.909, 40.763, 40.775, 40.691, 40.775, 40.683, 40.579, 40.369, 39.881, 39.441, 39.371, 39.364, 39.084, 38.664, 38.376, 38.719, 39.26, 39.568, 39.929, 40.02, 39.497, 39.334, 40.361, 40.677, 40.3, 40.458, 41.062, 41.73, 42.379, 42.379, 41.503, 40.936, 41.117, 41.55, 42.157, 42.426, 42.269, 42.496, 42.962, 42.65, 42.502, 42.478, 41.881, 41.385, 41.111, 40.722, 40.371, 40.308, 40.121, 39.458, 38.914, 38.958, 39.188, 39.244, 39.175, 39.138, 39.238, 39.156, 38.684, 38.22, 37.705, 37.494, 37.577, 37.664, 37.756, 38.098, 38.244, 38.125, 38.261, 38.475, 38.424, 38.738, 39.325, 39.282, 38.829, 38.837, 39.464, 39.939, 39.793, 40.346, 40.932, 40.924, 41.089, 41.246, 40.323, 39.473, 40.155, 40.689, 40.474, 40.436, 40.53, 40.409, 40.215, 40.125, 40.04, 40.14, 39.951, 39.125, 38.819, 38.639, 38.336, 38.36, 38.617, 38.81, 38.563, 38.216, 38.453, 38.536, 38.391, 38.516, 38.955, 39.748, 40.556, 40.541, 39.751, 34.139], [31.645, 30.413, 29.889, 29.435, 29.866, 30.81, 30.091, 28.618, 26.627, 23.885, 21.813, 19.938, 16.129, 12.775, 10.503, 6.702, 0.0, 7.48, 13.166, 14.515, 16.2, 23.74, 31.027, 34.015, 34.573, 36.086, 39.322, 42.253, 43.48, 43.871, 44.644, 46.177, 46.932, 46.518, 46.693, 47.86, 48.969, 50.064, 51.049, 50.838, 50.016, 50.371, 50.91, 49.745, 48.472, 48.716, 48.553, 45.819, 41.233, 39.3, 39.697, 40.483, 41.167, 42.448, 44.01, 44.969, 45.431, 45.742, 45.946, 45.84, 45.044, 43.911, 43.314, 43.227, 43.012, 42.594, 42.079, 41.584, 41.485, 41.51, 40.459, 38.759, 37.946, 37.793, 37.873, 38.651, 39.663, 40.092, 40.4, 40.593, 40.323, 40.15, 40.532, 41.17, 41.311, 40.775, 40.396, 40.521, 39.98, 39.174, 39.742, 40.609, 40.621, 40.574, 40.7, 40.633, 40.536, 40.308, 39.779, 39.303, 39.237, 39.234, 38.911, 38.412, 38.055, 38.358, 38.87, 39.177, 39.568, 39.66, 39.118, 38.978, 40.088, 40.433, 39.999, 40.089, 40.7, 41.417, 42.117, 42.144, 41.251, 40.674, 40.864, 41.307, 41.914, 42.177, 42.053, 42.315, 42.772, 42.453, 42.281, 42.202, 41.561, 41.046, 40.785, 40.424, 40.084, 40.016, 39.83, 39.173, 38.623, 38.65, 38.885, 38.967, 38.903, 38.836, 38.908, 38.817, 38.341, 37.872, 37.367, 37.194, 37.285, 37.371, 37.476, 37.825, 37.952, 37.823, 37.967, 38.173, 38.086, 38.396, 39.004, 38.952, 38.487, 38.52, 39.176, 39.64, 39.472, 40.052, 40.668, 40.672, 40.847, 41.009, 40.071, 39.213, 39.907, 40.443, 40.217, 40.175, 40.26, 40.131, 39.943, 39.844, 39.757, 39.881, 39.705, 38.887, 38.599, 38.423, 38.116, 38.143, 38.409, 38.614, 38.365, 38.019, 38.281, 38.369, 38.206, 38.317, 38.76, 39.573, 40.407, 40.402, 39.607, 34.357], [32.515, 31.538, 31.152, 30.769, 31.298, 32.384, 31.726, 30.187, 28.289, 25.945, 24.124, 22.612, 19.578, 16.335, 14.126, 11.981, 7.48, 0.0, 7.204, 9.849, 11.85, 20.066, 28.197, 31.625, 32.261, 33.813, 37.365, 40.679, 42.115, 42.638, 43.553, 45.193, 45.971, 45.555, 45.762, 46.97, 48.111, 49.261, 50.355, 50.233, 49.412, 49.796, 50.403, 49.296, 48.093, 48.385, 48.252, 45.542, 41.014, 39.136, 39.438, 40.195, 40.928, 42.297, 43.933, 44.955, 45.471, 45.805, 45.992, 45.871, 45.066, 43.935, 43.383, 43.35, 43.144, 42.7, 42.153, 41.638, 41.531, 41.548, 40.46, 38.699, 37.843, 37.684, 37.767, 38.563, 39.591, 40.037, 40.391, 40.593, 40.293, 40.081, 40.433, 41.054, 41.188, 40.634, 40.227, 40.344, 39.794, 38.963, 39.559, 40.465, 40.504, 40.492, 40.637, 40.578, 40.476, 40.231, 39.678, 39.19, 39.143, 39.16, 38.851, 38.361, 38.002, 38.255, 38.7, 39.015, 39.462, 39.55, 38.983, 38.956, 40.218, 40.598, 40.14, 40.16, 40.705, 41.395, 42.087, 42.106, 41.178, 40.562, 40.748, 41.178, 41.772, 42.05, 41.932, 42.196, 42.664, 42.354, 42.192, 42.117, 41.467, 40.953, 40.697, 40.336, 39.989, 39.92, 39.743, 39.07, 38.468, 38.447, 38.661, 38.721, 38.625, 38.552, 38.645, 38.569, 38.092, 37.598, 37.032, 36.837, 36.961, 37.069, 37.179, 37.527, 37.643, 37.51, 37.634, 37.802, 37.726, 38.096, 38.743, 38.682, 38.205, 38.26, 38.918, 39.342, 39.138, 39.722, 40.335, 40.34, 40.533, 40.717, 39.808, 38.982, 39.669, 40.22, 40.032, 40.013, 40.108, 39.996, 39.828, 39.733, 39.624, 39.747, 39.592, 38.749, 38.418, 38.211, 37.894, 37.957, 38.26, 38.475, 38.225, 37.894, 38.172, 38.264, 38.102, 38.216, 38.657, 39.452, 40.275, 40.264, 39.465, 34.803], [33.4, 32.242, 31.898, 31.671, 32.346, 33.635, 33.192, 31.765, 30.068, 28.126, 26.423, 24.989, 22.62, 19.951, 17.577, 15.889, 13.166, 7.204, 0.0, 4.667, 8.95, 17.388, 25.668, 29.36, 30.062, 31.647, 35.506, 39.085, 40.627, 41.247, 42.274, 43.974, 44.755, 44.355, 44.607, 45.842, 46.987, 48.126, 49.238, 49.179, 48.425, 48.849, 49.48, 48.474, 47.449, 47.771, 47.586, 44.997, 40.915, 39.326, 39.393, 39.954, 40.717, 42.219, 43.925, 44.957, 45.464, 45.77, 45.919, 45.777, 45.005, 43.991, 43.603, 43.674, 43.484, 43.03, 42.493, 41.991, 41.872, 41.909, 40.932, 39.351, 38.59, 38.44, 38.496, 39.229, 40.167, 40.597, 41.003, 41.212, 40.902, 40.682, 41.064, 41.683, 41.779, 41.225, 40.806, 40.895, 40.355, 39.507, 40.041, 40.93, 40.999, 40.991, 41.126, 41.085, 41.005, 40.776, 40.254, 39.812, 39.794, 39.832, 39.575, 39.154, 38.836, 39.041, 39.419, 39.734, 40.197, 40.258, 39.668, 39.695, 40.985, 41.383, 41.031, 41.147, 41.681, 42.299, 42.926, 42.899, 41.946, 41.289, 41.461, 41.876, 42.432, 42.67, 42.464, 42.626, 43.061, 42.781, 42.636, 42.574, 41.976, 41.521, 41.287, 40.934, 40.589, 40.516, 40.374, 39.756, 39.153, 39.09, 39.261, 39.263, 39.109, 39.045, 39.179, 39.126, 38.663, 38.18, 37.62, 37.445, 37.614, 37.735, 37.833, 38.169, 38.28, 38.147, 38.212, 38.306, 38.255, 38.687, 39.337, 39.267, 38.848, 38.942, 39.515, 39.844, 39.621, 40.155, 40.705, 40.693, 40.897, 41.121, 40.302, 39.558, 40.2, 40.727, 40.61, 40.621, 40.725, 40.65, 40.509, 40.417, 40.28, 40.39, 40.292, 39.481, 39.083, 38.847, 38.532, 38.594, 38.901, 39.115, 38.873, 38.577, 38.863, 38.95, 38.807, 38.93, 39.342, 40.068, 40.792, 40.721, 39.903, 35.791], [33.409, 32.001, 31.697, 31.678, 32.533, 33.913, 33.525, 32.137, 30.517, 28.681, 27.011, 25.55, 23.259, 20.874, 18.737, 16.988, 14.515, 9.849, 4.667, 0.0, 6.852, 16.711, 25.173, 28.815, 29.487, 31.131, 35.145, 38.785, 40.326, 40.94, 41.972, 43.681, 44.459, 44.063, 44.339, 45.601, 46.759, 47.891, 48.985, 48.922, 48.195, 48.666, 49.323, 48.336, 47.357, 47.705, 47.473, 44.84, 40.837, 39.316, 39.324, 39.801, 40.526, 42.048, 43.756, 44.751, 45.22, 45.507, 45.647, 45.5, 44.735, 43.761, 43.436, 43.541, 43.359, 42.916, 42.406, 41.92, 41.779, 41.819, 40.92, 39.478, 38.814, 38.677, 38.679, 39.33, 40.224, 40.685, 41.161, 41.426, 41.156, 40.974, 41.382, 42.001, 42.08, 41.512, 41.081, 41.155, 40.614, 39.767, 40.264, 41.121, 41.177, 41.152, 41.28, 41.254, 41.192, 40.976, 40.466, 40.036, 40.026, 40.069, 39.821, 39.404, 39.093, 39.304, 39.681, 39.993, 40.454, 40.515, 39.909, 39.881, 41.139, 41.533, 41.214, 41.408, 42.012, 42.646, 43.264, 43.222, 42.25, 41.565, 41.731, 42.165, 42.73, 42.945, 42.716, 42.84, 43.233, 42.95, 42.798, 42.728, 42.153, 41.72, 41.483, 41.131, 40.794, 40.717, 40.58, 39.996, 39.41, 39.347, 39.509, 39.487, 39.31, 39.253, 39.407, 39.355, 38.89, 38.427, 37.887, 37.716, 37.89, 38.007, 38.101, 38.438, 38.55, 38.42, 38.476, 38.556, 38.504, 38.947, 39.594, 39.523, 39.146, 39.3, 39.882, 40.186, 39.951, 40.456, 40.974, 40.951, 41.158, 41.377, 40.548, 39.825, 40.499, 41.041, 40.933, 40.943, 41.054, 40.981, 40.831, 40.736, 40.604, 40.724, 40.645, 39.846, 39.434, 39.192, 38.861, 38.883, 39.163, 39.369, 39.131, 38.861, 39.175, 39.271, 39.118, 39.232, 39.641, 40.358, 41.05, 40.947, 40.101, 36.066], [33.143, 32.162, 32.039, 32.095, 33.116, 34.618, 34.151, 32.635, 31.013, 29.248, 27.651, 26.295, 24.171, 21.944, 20.136, 18.709, 16.2, 11.85, 8.95, 6.852, 0.0, 11.752, 21.72, 25.951, 26.72, 28.447, 32.846, 37.014, 38.831, 39.545, 40.667, 42.469, 43.283, 42.859, 43.115, 44.438, 45.703, 46.928, 48.075, 48.009, 47.265, 47.82, 48.59, 47.594, 46.57, 47.035, 46.967, 44.33, 40.124, 38.517, 38.606, 39.145, 39.849, 41.381, 43.155, 44.211, 44.716, 45.016, 45.153, 45.005, 44.223, 43.195, 42.823, 42.918, 42.722, 42.26, 41.723, 41.216, 41.076, 41.115, 40.14, 38.564, 37.821, 37.655, 37.617, 38.256, 39.226, 39.778, 40.341, 40.664, 40.401, 40.217, 40.607, 41.204, 41.295, 40.725, 40.304, 40.428, 39.873, 38.946, 39.454, 40.311, 40.337, 40.345, 40.521, 40.497, 40.419, 40.19, 39.652, 39.183, 39.156, 39.199, 38.928, 38.469, 38.111, 38.314, 38.727, 39.086, 39.564, 39.609, 39.008, 39.056, 40.43, 40.82, 40.422, 40.537, 41.129, 41.831, 42.508, 42.487, 41.473, 40.762, 40.94, 41.386, 41.971, 42.23, 42.081, 42.246, 42.621, 42.271, 42.059, 41.957, 41.322, 40.839, 40.575, 40.207, 39.863, 39.792, 39.637, 39.0, 38.377, 38.323, 38.498, 38.465, 38.3, 38.292, 38.49, 38.438, 37.958, 37.463, 36.799, 36.542, 36.755, 36.885, 36.985, 37.368, 37.506, 37.372, 37.451, 37.571, 37.561, 38.046, 38.742, 38.667, 38.223, 38.387, 39.065, 39.414, 39.166, 39.696, 40.246, 40.207, 40.411, 40.622, 39.726, 38.912, 39.599, 40.213, 40.141, 40.158, 40.278, 40.212, 40.058, 39.962, 39.833, 39.968, 39.881, 39.03, 38.585, 38.318, 37.954, 37.964, 38.247, 38.453, 38.202, 37.944, 38.318, 38.434, 38.249, 38.36, 38.816, 39.6, 40.366, 40.271, 39.377, 35.381], [34.951, 34.743, 34.851, 34.925, 36.0, 37.608, 37.29, 35.883, 34.548, 33.286, 31.991, 30.835, 29.264, 27.575, 26.111, 25.297, 23.74, 20.066, 17.388, 16.711, 11.752, 0.0, 11.655, 17.317, 18.533, 20.285, 25.5, 30.855, 33.281, 34.246, 35.512, 37.389, 38.265, 37.857, 38.067, 39.444, 40.866, 42.21, 43.444, 43.474, 42.834, 43.598, 44.628, 43.896, 43.147, 43.814, 44.156, 42.309, 39.19, 38.228, 38.185, 38.534, 39.243, 40.913, 42.802, 43.873, 44.316, 44.507, 44.546, 44.373, 43.668, 42.773, 42.523, 42.701, 42.513, 42.025, 41.482, 41.006, 40.918, 41.012, 40.097, 38.572, 37.819, 37.649, 37.675, 38.319, 39.237, 39.816, 40.433, 40.73, 40.399, 40.161, 40.556, 41.131, 41.216, 40.727, 40.375, 40.548, 40.034, 39.023, 39.42, 40.189, 40.213, 40.312, 40.562, 40.581, 40.521, 40.31, 39.795, 39.323, 39.266, 39.302, 39.059, 38.65, 38.252, 38.32, 38.704, 39.136, 39.6, 39.568, 39.043, 39.368, 40.859, 41.264, 40.965, 41.072, 41.464, 42.06, 42.704, 42.707, 41.74, 41.036, 41.178, 41.532, 41.957, 42.141, 41.995, 42.114, 42.454, 42.084, 41.831, 41.701, 41.054, 40.58, 40.307, 39.948, 39.638, 39.603, 39.468, 38.836, 38.22, 38.176, 38.333, 38.248, 38.081, 38.152, 38.401, 38.361, 37.945, 37.509, 36.809, 36.603, 36.981, 37.145, 37.247, 37.663, 37.825, 37.686, 37.731, 37.828, 37.872, 38.375, 39.039, 38.937, 38.467, 38.578, 39.129, 39.414, 39.228, 39.731, 40.235, 40.183, 40.376, 40.575, 39.751, 38.963, 39.535, 40.107, 40.162, 40.235, 40.346, 40.333, 40.232, 40.155, 40.007, 40.093, 40.043, 39.26, 38.72, 38.43, 38.103, 38.1, 38.372, 38.574, 38.316, 38.081, 38.48, 38.58, 38.371, 38.492, 38.939, 39.648, 40.34, 40.238, 39.368, 36.266], [38.063, 38.234, 38.444, 38.597, 39.596, 41.037, 40.907, 39.801, 38.789, 37.968, 37.017, 36.03, 34.791, 33.535, 32.418, 31.946, 31.027, 28.197, 25.668, 25.173, 21.72, 11.655, 0.0, 6.887, 8.99, 11.153, 17.602, 24.161, 27.112, 28.224, 29.432, 31.185, 32.102, 31.807, 32.036, 33.467, 34.991, 36.344, 37.605, 37.818, 37.396, 38.386, 39.706, 39.496, 39.385, 40.237, 40.842, 40.199, 39.095, 39.238, 39.002, 38.974, 39.625, 41.363, 43.221, 44.123, 44.355, 44.361, 44.282, 44.076, 43.492, 42.86, 42.841, 43.153, 43.012, 42.549, 42.082, 41.711, 41.686, 41.874, 41.234, 40.083, 39.54, 39.473, 39.632, 40.208, 40.872, 41.355, 41.943, 42.211, 41.858, 41.59, 42.002, 42.569, 42.683, 42.372, 42.116, 42.232, 41.781, 40.859, 41.108, 41.69, 41.684, 41.812, 42.09, 42.173, 42.164, 41.999, 41.552, 41.124, 41.041, 41.055, 40.86, 40.565, 40.197, 40.119, 40.42, 40.868, 41.273, 41.182, 40.749, 41.212, 42.591, 43.002, 42.894, 43.07, 43.249, 43.63, 44.139, 44.161, 43.365, 42.744, 42.824, 43.039, 43.189, 43.151, 42.931, 42.937, 43.203, 42.935, 42.789, 42.699, 42.15, 41.777, 41.536, 41.233, 41.005, 41.017, 40.915, 40.382, 39.861, 39.843, 39.986, 39.882, 39.726, 39.811, 40.028, 39.962, 39.654, 39.388, 38.871, 38.855, 39.386, 39.552, 39.65, 40.054, 40.204, 40.065, 40.057, 40.095, 40.139, 40.56, 41.073, 40.942, 40.55, 40.594, 40.887, 41.073, 41.023, 41.43, 41.807, 41.755, 41.906, 42.035, 41.357, 40.733, 41.183, 41.628, 41.764, 41.882, 41.98, 42.003, 41.933, 41.88, 41.745, 41.734, 41.705, 41.15, 40.61, 40.347, 40.098, 40.043, 40.253, 40.435, 40.208, 40.032, 40.408, 40.453, 40.232, 40.359, 40.721, 41.244, 41.774, 41.685, 40.896, 38.769], [39.546, 39.862, 40.128, 40.329, 41.316, 42.662, 42.588, 41.616, 40.717, 40.022, 39.224, 38.312, 37.114, 35.968, 35.065, 34.753, 34.015, 31.625, 29.36, 28.815, 25.951, 17.317, 6.887, 0.0, 3.361, 7.569, 15.04, 21.868, 24.904, 25.98, 27.032, 28.654, 29.605, 29.417, 29.718, 31.24, 32.85, 34.217, 35.495, 35.767, 35.342, 36.347, 37.79, 37.796, 37.959, 38.894, 39.455, 39.181, 39.037, 39.787, 39.548, 39.367, 39.966, 41.702, 43.516, 44.309, 44.41, 44.313, 44.173, 43.944, 43.393, 42.862, 42.949, 43.333, 43.224, 42.789, 42.379, 42.056, 42.04, 42.284, 41.82, 40.913, 40.548, 40.565, 40.76, 41.258, 41.783, 42.234, 42.823, 43.131, 42.798, 42.536, 42.968, 43.543, 43.683, 43.462, 43.241, 43.302, 42.843, 41.938, 42.092, 42.571, 42.54, 42.69, 43.01, 43.141, 43.162, 43.01, 42.573, 42.15, 42.056, 42.059, 41.87, 41.6, 41.23, 41.095, 41.36, 41.81, 42.205, 42.11, 41.698, 42.148, 43.469, 43.892, 43.842, 44.059, 44.196, 44.513, 44.971, 44.997, 44.267, 43.678, 43.734, 43.899, 43.923, 43.756, 43.495, 43.463, 43.682, 43.467, 43.405, 43.366, 42.886, 42.556, 42.306, 42.006, 41.809, 41.835, 41.727, 41.224, 40.753, 40.773, 40.936, 40.845, 40.705, 40.783, 40.966, 40.876, 40.607, 40.413, 39.988, 40.057, 40.659, 40.829, 40.924, 41.327, 41.471, 41.331, 41.301, 41.316, 41.353, 41.737, 42.166, 42.015, 41.658, 41.677, 41.9, 42.1, 42.12, 42.477, 42.793, 42.738, 42.863, 42.939, 42.276, 41.705, 42.157, 42.593, 42.762, 42.904, 43.005, 43.029, 42.951, 42.909, 42.796, 42.748, 42.717, 42.251, 41.709, 41.458, 41.239, 41.134, 41.293, 41.461, 41.259, 41.124, 41.501, 41.528, 41.3, 41.43, 41.758, 42.219, 42.703, 42.627, 41.848, 40.056], [40.008, 40.296, 40.574, 40.802, 41.78, 43.103, 43.037, 42.078, 41.195, 40.513, 39.722, 38.803, 37.586, 36.441, 35.583, 35.298, 34.573, 32.261, 30.062, 29.487, 26.72, 18.533, 8.99, 3.361, 0.0, 5.792, 14.32, 21.502, 24.551, 25.581, 26.588, 28.153, 29.09, 28.936, 29.273, 30.836, 32.499, 33.916, 35.248, 35.559, 35.12, 36.096, 37.557, 37.593, 37.77, 38.716, 39.251, 38.988, 39.014, 39.897, 39.689, 39.492, 40.065, 41.772, 43.551, 44.304, 44.365, 44.235, 44.075, 43.843, 43.301, 42.796, 42.923, 43.341, 43.249, 42.824, 42.433, 42.119, 42.097, 42.354, 41.948, 41.134, 40.845, 40.885, 41.07, 41.536, 42.033, 42.48, 43.072, 43.403, 43.091, 42.847, 43.288, 43.864, 44.002, 43.798, 43.583, 43.629, 43.156, 42.228, 42.323, 42.765, 42.729, 42.892, 43.232, 43.372, 43.393, 43.244, 42.808, 42.382, 42.287, 42.295, 42.115, 41.848, 41.468, 41.308, 41.557, 42.002, 42.394, 42.297, 41.883, 42.322, 43.638, 44.063, 44.016, 44.243, 44.394, 44.71, 45.153, 45.181, 44.475, 43.901, 43.956, 44.107, 44.097, 43.909, 43.652, 43.626, 43.834, 43.617, 43.548, 43.515, 43.065, 42.75