[[0.0, 6.924, 17.3, 24.849, 28.007, 29.329, 30.42, 31.822, 32.722, 32.971, 33.756, 34.323, 34.427, 34.458, 34.484, 34.263, 34.071, 34.358, 34.82, 34.912, 34.932, 35.117, 35.326, 35.467, 35.536, 35.558, 35.496, 35.536, 35.62, 35.654, 35.641, 35.435, 35.654, 36.587, 37.433, 38.132, 38.832, 39.158, 39.507, 39.853, 39.997, 40.22, 40.541, 40.386, 40.116, 40.513, 41.129, 41.389, 41.362, 42.546, 45.24, 46.769, 46.549, 46.101, 46.649, 47.548, 47.821, 47.749, 48.031, 48.445, 48.227, 47.07, 46.017, 45.883, 45.973, 45.667, 45.345, 45.277, 45.029, 44.139, 42.53, 40.887, 40.173, 40.306, 39.603, 37.65, 36.46, 36.509, 36.806, 36.786, 36.804, 37.144, 37.058, 36.837, 36.794, 36.852, 36.516, 36.527, 37.13, 37.688, 37.883, 37.894, 37.909, 38.078, 38.254, 38.312, 38.496, 38.919, 39.401, 39.749, 39.893, 39.74, 39.45, 39.535, 39.77, 39.819, 39.795, 39.99, 40.294, 40.468, 40.841, 40.747, 40.068, 39.816, 40.053, 40.065, 39.651, 38.939, 38.742, 39.022, 39.088, 38.943, 38.594, 38.029, 37.719, 37.643, 37.464, 37.277, 36.98, 36.653, 36.332, 36.161, 36.302, 36.405, 36.338, 36.371, 36.295, 36.095, 36.394, 36.776, 36.436, 36.412, 37.053, 37.232, 37.238, 37.713, 38.074, 37.992, 37.685, 37.853, 38.573, 38.88, 38.766, 38.246, 36.946, 36.159, 36.352, 36.63, 36.392, 36.115, 35.962, 35.665, 35.433, 35.596, 36.076, 36.2, 36.15, 36.267, 36.152, 35.749, 35.515, 35.724, 35.938, 35.941, 35.921, 35.882, 35.95, 36.102, 36.197, 36.058, 35.979, 36.059, 36.015, 36.152, 36.362, 36.198, 36.088, 36.237, 36.819, 37.19, 36.956, 36.666, 36.476, 36.67, 37.131, 37.442, 37.283, 37.243, 37.594, 37.724, 37.209, 36.52, 36.317, 36.375, 36.282, 5.161], [6.924, 0.0, 11.856, 20.98, 25.039, 26.62, 27.897, 29.747, 30.993, 31.328, 32.16, 32.786, 32.957, 33.055, 33.122, 32.891, 32.705, 33.058, 33.586, 33.693, 33.722, 33.937, 34.183, 34.379, 34.487, 34.52, 34.494, 34.616, 34.757, 34.777, 34.727, 34.501, 34.752, 35.746, 36.631, 37.379, 38.144, 38.491, 38.851, 39.206, 39.34, 39.578, 39.958, 39.822, 39.531, 39.942, 40.586, 40.862, 40.838, 42.091, 44.94, 46.6, 46.385, 45.892, 46.443, 47.391, 47.696, 47.618, 47.907, 48.339, 48.124, 46.951, 45.884, 45.759, 45.869, 45.576, 45.249, 45.169, 44.898, 43.947, 42.216, 40.434, 39.648, 39.785, 39.064, 36.959, 35.574, 35.585, 35.933, 35.928, 35.937, 36.324, 36.259, 36.052, 36.048, 36.121, 35.757, 35.768, 36.409, 36.978, 37.157, 37.17, 37.188, 37.37, 37.581, 37.665, 37.871, 38.326, 38.841, 39.216, 39.365, 39.194, 38.87, 38.934, 39.167, 39.222, 39.203, 39.413, 39.733, 39.909, 40.277, 40.178, 39.496, 39.242, 39.495, 39.504, 39.054, 38.31, 38.126, 38.424, 38.472, 38.271, 37.839, 37.211, 36.917, 36.868, 36.668, 36.456, 36.134, 35.804, 35.523, 35.36, 35.501, 35.664, 35.677, 35.757, 35.71, 35.551, 35.888, 36.24, 35.818, 35.78, 36.473, 36.649, 36.611, 37.085, 37.461, 37.384, 37.061, 37.213, 37.97, 38.315, 38.212, 37.718, 36.398, 35.512, 35.626, 35.907, 35.664, 35.371, 35.209, 34.865, 34.588, 34.745, 35.231, 35.318, 35.215, 35.314, 35.198, 34.824, 34.646, 34.898, 35.114, 35.105, 35.096, 35.072, 35.145, 35.295, 35.383, 35.217, 35.123, 35.206, 35.152, 35.304, 35.543, 35.363, 35.218, 35.368, 36.009, 36.417, 36.197, 35.91, 35.732, 35.954, 36.418, 36.713, 36.547, 36.509, 36.882, 37.042, 36.516, 35.785, 35.561, 35.61, 35.513, 9.125], [17.3, 11.856, 0.0, 11.818, 18.754, 21.416, 22.867, 25.539, 27.563, 28.134, 29.116, 29.896, 30.244, 30.532, 30.742, 30.572, 30.421, 30.835, 31.483, 31.695, 31.787, 32.056, 32.376, 32.694, 32.902, 32.966, 32.965, 33.202, 33.456, 33.483, 33.392, 33.155, 33.427, 34.481, 35.469, 36.374, 37.257, 37.632, 38.028, 38.409, 38.531, 38.796, 39.291, 39.22, 38.87, 39.241, 39.895, 40.17, 40.134, 41.469, 44.482, 46.279, 46.051, 45.49, 46.038, 47.022, 47.328, 47.239, 47.547, 47.993, 47.779, 46.615, 45.566, 45.464, 45.613, 45.362, 45.052, 44.963, 44.667, 43.638, 41.752, 39.799, 38.91, 39.053, 38.319, 36.016, 34.308, 34.213, 34.626, 34.673, 34.658, 35.08, 35.09, 34.953, 34.996, 35.06, 34.672, 34.711, 35.38, 35.95, 36.132, 36.174, 36.201, 36.37, 36.597, 36.699, 36.93, 37.43, 38.001, 38.42, 38.578, 38.381, 38.019, 38.061, 38.3, 38.375, 38.364, 38.576, 38.919, 39.1, 39.432, 39.281, 38.583, 38.358, 38.641, 38.648, 38.151, 37.338, 37.143, 37.456, 37.478, 37.178, 36.631, 35.921, 35.62, 35.605, 35.394, 35.156, 34.786, 34.5, 34.376, 34.246, 34.36, 34.62, 34.783, 34.944, 34.989, 34.971, 35.396, 35.688, 35.121, 35.046, 35.792, 35.959, 35.838, 36.276, 36.672, 36.611, 36.275, 36.403, 37.169, 37.54, 37.476, 37.045, 35.707, 34.704, 34.705, 34.953, 34.659, 34.316, 34.109, 33.675, 33.333, 33.466, 33.929, 33.986, 33.862, 33.946, 33.809, 33.491, 33.449, 33.811, 33.998, 33.94, 33.963, 33.964, 34.023, 34.134, 34.177, 33.979, 33.896, 34.007, 33.954, 34.114, 34.387, 34.19, 34.002, 34.18, 34.944, 35.423, 35.207, 34.888, 34.703, 34.971, 35.406, 35.645, 35.463, 35.41, 35.77, 35.974, 35.442, 34.643, 34.389, 34.433, 34.347, 18.004], [24.849, 20.98, 11.818, 0.0, 10.128, 15.192, 17.175, 20.462, 23.202, 24.031, 25.278, 26.319, 26.899, 27.385, 27.76, 27.758, 27.741, 28.278, 29.094, 29.461, 29.65, 29.987, 30.363, 30.81, 31.182, 31.328, 31.337, 31.648, 32.019, 32.117, 31.996, 31.683, 31.966, 33.131, 34.236, 35.291, 36.315, 36.75, 37.202, 37.627, 37.771, 38.078, 38.641, 38.622, 38.233, 38.566, 39.252, 39.547, 39.493, 40.909, 44.094, 45.988, 45.753, 45.137, 45.7, 46.722, 46.986, 46.871, 47.205, 47.657, 47.408, 46.206, 45.144, 45.035, 45.182, 44.947, 44.66, 44.583, 44.263, 43.164, 41.178, 39.139, 38.204, 38.353, 37.571, 35.096, 33.236, 33.189, 33.67, 33.72, 33.581, 33.876, 33.885, 33.79, 33.819, 33.83, 33.411, 33.514, 34.246, 34.851, 35.065, 35.147, 35.197, 35.361, 35.554, 35.669, 35.978, 36.582, 37.269, 37.769, 37.949, 37.744, 37.382, 37.436, 37.649, 37.697, 37.69, 37.899, 38.234, 38.452, 38.82, 38.625, 37.885, 37.694, 38.007, 37.995, 37.383, 36.378, 36.113, 36.477, 36.511, 36.101, 35.446, 34.666, 34.312, 34.311, 34.108, 33.866, 33.432, 33.113, 33.076, 32.992, 33.062, 33.347, 33.625, 33.844, 33.974, 34.186, 34.846, 35.215, 34.619, 34.574, 35.344, 35.418, 35.184, 35.583, 35.959, 35.874, 35.509, 35.638, 36.413, 36.755, 36.655, 36.251, 34.945, 33.972, 33.968, 34.168, 33.825, 33.439, 33.209, 32.716, 32.264, 32.252, 32.665, 32.78, 32.723, 32.822, 32.658, 32.348, 32.393, 32.875, 33.06, 32.951, 32.973, 33.005, 33.082, 33.173, 33.175, 32.945, 32.853, 33.002, 32.975, 33.123, 33.4, 33.159, 32.906, 33.122, 34.099, 34.72, 34.437, 33.97, 33.687, 33.918, 34.338, 34.569, 34.359, 34.241, 34.527, 34.743, 34.192, 33.33, 33.08, 33.146, 33.065, 25.092], [28.007, 25.039, 18.754, 10.128, 0.0, 7.805, 12.322, 16.673, 19.743, 20.838, 22.405, 23.663, 24.387, 24.958, 25.417, 25.568, 25.751, 26.545, 27.557, 27.988, 28.204, 28.568, 28.918, 29.377, 29.848, 30.046, 30.068, 30.462, 30.94, 31.136, 31.025, 30.653, 31.004, 32.303, 33.445, 34.478, 35.543, 36.002, 36.465, 36.903, 37.069, 37.401, 37.96, 37.941, 37.593, 38.013, 38.775, 39.103, 39.058, 40.573, 43.954, 45.994, 45.821, 45.196, 45.793, 46.87, 47.128, 46.988, 47.323, 47.774, 47.492, 46.23, 45.096, 44.939, 45.054, 44.791, 44.477, 44.381, 44.033, 42.879, 40.825, 38.739, 37.786, 37.93, 37.088, 34.494, 32.617, 32.687, 33.202, 33.19, 32.908, 33.089, 33.093, 33.001, 33.001, 33.001, 32.56, 32.645, 33.41, 34.068, 34.291, 34.366, 34.431, 34.63, 34.817, 34.93, 35.289, 35.993, 36.801, 37.384, 37.612, 37.429, 37.069, 37.131, 37.333, 37.349, 37.305, 37.488, 37.81, 38.058, 38.481, 38.261, 37.484, 37.346, 37.704, 37.668, 36.972, 35.846, 35.559, 35.979, 36.008, 35.517, 34.787, 33.947, 33.551, 33.566, 33.387, 33.191, 32.771, 32.409, 32.373, 32.319, 32.397, 32.7, 33.039, 33.296, 33.464, 33.773, 34.562, 35.007, 34.415, 34.384, 35.157, 35.143, 34.846, 35.262, 35.642, 35.54, 35.152, 35.303, 36.115, 36.438, 36.266, 35.797, 34.421, 33.387, 33.343, 33.506, 33.156, 32.777, 32.597, 32.12, 31.59, 31.473, 31.924, 32.142, 32.147, 32.283, 32.113, 31.744, 31.729, 32.223, 32.442, 32.329, 32.357, 32.447, 32.572, 32.669, 32.687, 32.474, 32.404, 32.609, 32.585, 32.692, 32.957, 32.674, 32.333, 32.525, 33.647, 34.398, 34.043, 33.415, 33.006, 33.147, 33.585, 33.898, 33.698, 33.526, 33.78, 33.996, 33.422, 32.525, 32.264, 32.317, 32.216, 28.135], [29.329, 26.62, 21.416, 15.192, 7.805, 0.0, 7.636, 14.221, 17.985, 19.498, 21.543, 22.973, 23.71, 24.273, 24.746, 24.98, 25.328, 26.345, 27.484, 27.899, 28.075, 28.417, 28.734, 29.168, 29.641, 29.827, 29.844, 30.262, 30.757, 30.968, 30.902, 30.58, 30.976, 32.363, 33.589, 34.62, 35.652, 36.1, 36.552, 36.964, 37.109, 37.449, 38.007, 37.93, 37.527, 37.966, 38.745, 39.069, 39.015, 40.546, 43.997, 46.119, 45.993, 45.395, 46.008, 47.085, 47.337, 47.189, 47.506, 47.927, 47.63, 46.372, 45.231, 45.063, 45.182, 44.935, 44.624, 44.512, 44.15, 42.996, 40.942, 38.845, 37.891, 38.041, 37.193, 34.557, 32.633, 32.687, 33.175, 33.141, 32.868, 33.06, 33.045, 32.94, 32.94, 32.966, 32.552, 32.631, 33.401, 34.082, 34.304, 34.355, 34.404, 34.62, 34.808, 34.875, 35.204, 35.932, 36.78, 37.379, 37.614, 37.444, 37.108, 37.183, 37.401, 37.424, 37.373, 37.564, 37.909, 38.195, 38.626, 38.365, 37.571, 37.471, 37.858, 37.81, 37.093, 35.94, 35.641, 36.085, 36.112, 35.576, 34.787, 33.899, 33.491, 33.517, 33.359, 33.184, 32.773, 32.399, 32.359, 32.3, 32.397, 32.747, 33.116, 33.374, 33.529, 33.819, 34.611, 35.082, 34.493, 34.452, 35.242, 35.227, 34.911, 35.33, 35.721, 35.618, 35.235, 35.406, 36.231, 36.555, 36.366, 35.859, 34.432, 33.349, 33.259, 33.408, 33.044, 32.653, 32.482, 32.018, 31.481, 31.348, 31.835, 32.084, 32.072, 32.204, 32.058, 31.699, 31.654, 32.135, 32.359, 32.252, 32.311, 32.452, 32.603, 32.702, 32.728, 32.534, 32.502, 32.742, 32.725, 32.828, 33.104, 32.821, 32.425, 32.521, 33.612, 34.364, 33.982, 33.319, 32.909, 33.06, 33.517, 33.876, 33.709, 33.54, 33.809, 34.039, 33.461, 32.556, 32.28, 32.302, 32.183, 29.493], [30.42, 27.897, 22.867, 17.175, 12.322, 7.636, 0.0, 8.73, 14.491, 17.19, 19.921, 21.548, 22.352, 22.997, 23.535, 23.84, 24.265, 25.39, 26.678, 27.179, 27.371, 27.739, 28.124, 28.627, 29.117, 29.3, 29.294, 29.708, 30.212, 30.389, 30.312, 30.013, 30.447, 31.946, 33.315, 34.454, 35.517, 35.991, 36.476, 36.897, 37.041, 37.402, 38.0, 37.907, 37.42, 37.807, 38.566, 38.884, 38.829, 40.422, 43.984, 46.134, 45.986, 45.371, 45.989, 47.057, 47.295, 47.154, 47.493, 47.918, 47.599, 46.316, 45.176, 45.031, 45.178, 44.965, 44.692, 44.597, 44.222, 43.017, 40.868, 38.683, 37.711, 37.883, 36.985, 34.178, 32.131, 32.183, 32.661, 32.613, 32.382, 32.635, 32.63, 32.539, 32.569, 32.615, 32.208, 32.321, 33.135, 33.852, 34.095, 34.16, 34.215, 34.418, 34.566, 34.603, 34.95, 35.716, 36.588, 37.196, 37.419, 37.214, 36.864, 36.971, 37.224, 37.268, 37.254, 37.484, 37.858, 38.175, 38.631, 38.364, 37.564, 37.455, 37.816, 37.733, 36.979, 35.775, 35.451, 35.905, 35.935, 35.379, 34.548, 33.61, 33.178, 33.19, 33.009, 32.795, 32.326, 31.888, 31.792, 31.692, 31.786, 32.173, 32.572, 32.834, 32.992, 33.309, 34.137, 34.63, 34.039, 34.009, 34.859, 34.844, 34.464, 34.861, 35.267, 35.158, 34.766, 34.983, 35.871, 36.206, 36.012, 35.52, 34.126, 33.093, 33.036, 33.189, 32.77, 32.333, 32.145, 31.643, 31.091, 30.971, 31.457, 31.697, 31.679, 31.811, 31.65, 31.275, 31.25, 31.767, 31.977, 31.879, 31.943, 32.066, 32.216, 32.33, 32.362, 32.162, 32.121, 32.362, 32.348, 32.448, 32.738, 32.462, 32.056, 32.125, 33.174, 33.857, 33.429, 32.745, 32.342, 32.536, 33.023, 33.398, 33.248, 33.088, 33.353, 33.572, 32.952, 31.999, 31.738, 31.783, 31.674, 30.628], [31.822, 29.747, 25.539, 20.462, 16.673, 14.221, 8.73, 0.0, 8.111, 13.704, 17.799, 19.582, 20.378, 21.114, 21.777, 22.234, 22.736, 23.92, 25.394, 26.071, 26.324, 26.739, 27.209, 27.79, 28.322, 28.534, 28.518, 28.958, 29.552, 29.774, 29.69, 29.349, 29.822, 31.45, 32.961, 34.202, 35.315, 35.827, 36.352, 36.804, 36.971, 37.348, 37.97, 37.907, 37.434, 37.77, 38.499, 38.828, 38.818, 40.476, 44.059, 46.179, 45.987, 45.322, 45.902, 46.947, 47.156, 47.001, 47.362, 47.83, 47.501, 46.14, 44.922, 44.753, 44.897, 44.689, 44.451, 44.404, 44.029, 42.752, 40.498, 38.243, 37.27, 37.459, 36.504, 33.583, 31.567, 31.748, 32.262, 32.241, 32.054, 32.28, 32.194, 32.072, 32.114, 32.166, 31.769, 31.924, 32.774, 33.491, 33.72, 33.796, 33.856, 34.035, 34.146, 34.186, 34.569, 35.385, 36.309, 36.939, 37.161, 36.933, 36.588, 36.742, 37.041, 37.096, 37.099, 37.368, 37.78, 38.123, 38.6, 38.336, 37.53, 37.403, 37.734, 37.629, 36.833, 35.587, 35.268, 35.743, 35.756, 35.166, 34.307, 33.349, 32.889, 32.867, 32.665, 32.428, 31.937, 31.454, 31.287, 31.168, 31.244, 31.575, 31.94, 32.211, 32.402, 32.805, 33.727, 34.265, 33.667, 33.636, 34.489, 34.418, 33.931, 34.288, 34.693, 34.576, 34.186, 34.455, 35.394, 35.725, 35.513, 35.038, 33.71, 32.789, 32.834, 33.024, 32.59, 32.142, 31.994, 31.502, 30.937, 30.829, 31.334, 31.588, 31.6, 31.733, 31.496, 31.012, 30.971, 31.519, 31.695, 31.602, 31.662, 31.75, 31.897, 32.039, 32.104, 31.899, 31.793, 31.99, 31.979, 32.07, 32.354, 32.092, 31.73, 31.807, 32.764, 33.339, 32.842, 32.129, 31.749, 32.027, 32.61, 32.976, 32.788, 32.627, 32.86, 33.004, 32.308, 31.286, 31.01, 31.082, 31.008, 32.005], [32.722, 30.993, 27.563, 23.202, 19.743, 17.985, 14.491, 8.111, 0.0, 8.58, 14.746, 17.151, 18.028, 18.814, 19.604, 20.287, 20.985, 22.308, 23.974, 24.834, 25.184, 25.659, 26.202, 26.856, 27.456, 27.731, 27.751, 28.258, 29.001, 29.379, 29.422, 29.119, 29.605, 31.308, 32.933, 34.226, 35.341, 35.87, 36.397, 36.83, 36.983, 37.367, 37.986, 37.934, 37.508, 37.857, 38.594, 38.947, 38.964, 40.605, 44.14, 46.257, 46.063, 45.357, 45.877, 46.891, 47.093, 46.91, 47.252, 47.723, 47.373, 45.949, 44.677, 44.497, 44.624, 44.388, 44.153, 44.131, 43.759, 42.478, 40.222, 37.96, 36.971, 37.152, 36.218, 33.389, 31.546, 31.845, 32.412, 32.439, 32.253, 32.39, 32.195, 32.032, 32.088, 32.159, 31.772, 31.921, 32.753, 33.435, 33.627, 33.699, 33.773, 33.959, 34.061, 34.084, 34.452, 35.274, 36.223, 36.868, 37.087, 36.849, 36.508, 36.672, 36.995, 37.066, 37.065, 37.326, 37.745, 38.11, 38.591, 38.315, 37.506, 37.403, 37.739, 37.629, 36.839, 35.611, 35.308, 35.785, 35.79, 35.197, 34.346, 33.411, 32.958, 32.936, 32.731, 32.498, 32.039, 31.563, 31.366, 31.254, 31.348, 31.637, 31.96, 32.234, 32.459, 32.902, 33.844, 34.396, 33.804, 33.756, 34.594, 34.53, 34.033, 34.373, 34.763, 34.635, 34.247, 34.506, 35.407, 35.72, 35.508, 35.035, 33.706, 32.77, 32.821, 33.026, 32.609, 32.17, 32.063, 31.62, 31.093, 31.02, 31.545, 31.814, 31.848, 31.988, 31.724, 31.197, 31.138, 31.67, 31.82, 31.706, 31.75, 31.834, 31.986, 32.143, 32.23, 32.03, 31.896, 32.081, 32.093, 32.21, 32.503, 32.237, 31.901, 31.999, 32.909, 33.44, 32.97, 32.303, 31.935, 32.23, 32.863, 33.185, 32.929, 32.768, 32.997, 33.079, 32.347, 31.307, 31.0, 31.062, 31.007, 32.842], [32.971, 31.328, 28.134, 24.031, 20.838, 19.498, 17.19, 13.704, 8.58, 0.0, 8.025, 12.119, 13.912, 14.98, 15.868, 16.733, 17.809, 19.67, 21.82, 22.985, 23.536, 24.123, 24.708, 25.462, 26.217, 26.587, 26.678, 27.27, 28.115, 28.668, 28.955, 28.841, 29.351, 30.997, 32.652, 34.082, 35.254, 35.79, 36.287, 36.686, 36.824, 37.21, 37.806, 37.698, 37.251, 37.647, 38.423, 38.763, 38.748, 40.326, 43.836, 46.034, 45.919, 45.237, 45.741, 46.739, 46.938, 46.743, 47.067, 47.533, 47.192, 45.789, 44.556, 44.409, 44.535, 44.265, 43.988, 43.951, 43.6, 42.365, 40.175, 37.998, 37.071, 37.258, 36.341, 33.607, 31.883, 32.201, 32.74, 32.716, 32.491, 32.611, 32.4, 32.199, 32.229, 32.29, 31.921, 32.075, 32.884, 33.533, 33.698, 33.754, 33.833, 34.03, 34.115, 34.12, 34.502, 35.347, 36.324, 36.994, 37.208, 36.949, 36.593, 36.754, 37.074, 37.124, 37.06, 37.23, 37.617, 38.022, 38.539, 38.279, 37.505, 37.496, 37.892, 37.78, 36.977, 35.736, 35.404, 35.855, 35.883, 35.327, 34.49, 33.55, 33.074, 33.038, 32.824, 32.601, 32.174, 31.701, 31.493, 31.397, 31.538, 31.859, 32.182, 32.438, 32.662, 33.116, 34.046, 34.586, 34.006, 33.951, 34.786, 34.777, 34.357, 34.698, 35.063, 34.941, 34.548, 34.744, 35.581, 35.902, 35.718, 35.261, 33.913, 32.897, 32.85, 33.008, 32.593, 32.165, 32.054, 31.63, 31.136, 31.084, 31.61, 31.889, 31.937, 32.103, 31.909, 31.464, 31.422, 31.918, 32.088, 31.986, 32.029, 32.13, 32.278, 32.427, 32.507, 32.307, 32.209, 32.44, 32.469, 32.615, 32.939, 32.677, 32.345, 32.462, 33.364, 33.907, 33.477, 32.838, 32.471, 32.711, 33.29, 33.58, 33.303, 33.114, 33.312, 33.365, 32.638, 31.614, 31.292, 31.318, 31.247, 33.022], [33.756, 32.16, 29.116, 25.278, 22.405, 21.543, 19.921, 17.799, 14.746, 8.025, 0.0, 5.975, 9.676, 11.55, 12.523, 13.613, 15.369, 17.989, 20.682, 22.167, 22.916, 23.569, 24.108, 24.904, 25.809, 26.263, 26.443, 27.165, 28.091, 28.712, 29.127, 29.232, 29.859, 31.307, 32.715, 34.126, 35.324, 35.85, 36.295, 36.664, 36.805, 37.182, 37.722, 37.536, 37.017, 37.374, 38.117, 38.425, 38.375, 39.828, 43.224, 45.453, 45.419, 44.794, 45.305, 46.278, 46.466, 46.269, 46.591, 47.074, 46.797, 45.508, 44.389, 44.294, 44.434, 44.161, 43.863, 43.827, 43.516, 42.361, 40.326, 38.368, 37.605, 37.817, 36.912, 34.317, 32.752, 33.058, 33.516, 33.449, 33.223, 33.341, 33.131, 32.875, 32.814, 32.818, 32.475, 32.638, 33.396, 34.0, 34.141, 34.182, 34.254, 34.43, 34.499, 34.53, 34.96, 35.83, 36.805, 37.477, 37.71, 37.476, 37.13, 37.271, 37.554, 37.536, 37.349, 37.4, 37.758, 38.176, 38.687, 38.448, 37.747, 37.865, 38.363, 38.27, 37.453, 36.239, 35.904, 36.314, 36.335, 35.808, 34.999, 34.092, 33.617, 33.553, 33.325, 33.13, 32.765, 32.309, 32.13, 32.073, 32.227, 32.566, 32.906, 33.153, 33.375, 33.849, 34.764, 35.266, 34.695, 34.617, 35.372, 35.356, 34.982, 35.301, 35.637, 35.541, 35.18, 35.339, 36.112, 36.415, 36.237, 35.81, 34.548, 33.572, 33.42, 33.511, 33.109, 32.709, 32.596, 32.177, 31.693, 31.625, 32.109, 32.39, 32.463, 32.643, 32.509, 32.147, 32.129, 32.569, 32.749, 32.692, 32.745, 32.846, 32.985, 33.121, 33.192, 33.004, 32.935, 33.156, 33.135, 33.263, 33.593, 33.353, 33.053, 33.184, 34.01, 34.523, 34.122, 33.516, 33.158, 33.315, 33.784, 34.08, 33.852, 33.646, 33.803, 33.858, 33.196, 32.246, 31.931, 31.919, 31.838, 33.749], [34.323, 32.786, 29.896, 26.319, 23.663, 22.973, 21.548, 19.582, 17.151, 12.119, 5.975, 0.0, 5.116, 8.188, 9.714, 11.258, 13.75, 16.972, 19.952, 21.562, 22.381, 23.046, 23.552, 24.384, 25.388, 25.89, 26.127, 26.964, 27.958, 28.595, 29.015, 29.189, 29.933, 31.385, 32.714, 34.085, 35.313, 35.891, 36.379, 36.768, 36.912, 37.287, 37.807, 37.578, 36.97, 37.221, 37.903, 38.206, 38.153, 39.539, 42.876, 45.097, 45.065, 44.446, 44.951, 45.91, 46.086, 45.884, 46.204, 46.689, 46.444, 45.219, 44.157, 44.078, 44.224, 43.973, 43.693, 43.66, 43.358, 42.243, 40.296, 38.446, 37.761, 37.984, 37.073, 34.521, 33.017, 33.318, 33.748, 33.707, 33.513, 33.63, 33.392, 33.099, 32.99, 32.96, 32.598, 32.734, 33.45, 34.027, 34.155, 34.195, 34.279, 34.466, 34.542, 34.588, 35.024, 35.886, 36.858, 37.544, 37.811, 37.635, 37.326, 37.454, 37.702, 37.634, 37.379, 37.383, 37.741, 38.145, 38.616, 38.37, 37.699, 37.871, 38.429, 38.364, 37.553, 36.364, 36.05, 36.461, 36.469, 35.932, 35.121, 34.207, 33.71, 33.633, 33.401, 33.228, 32.899, 32.447, 32.327, 32.333, 32.479, 32.787, 33.112, 33.354, 33.571, 34.042, 34.961, 35.465, 34.906, 34.827, 35.546, 35.503, 35.124, 35.452, 35.802, 35.719, 35.383, 35.564, 36.328, 36.603, 36.404, 35.97, 34.763, 33.885, 33.748, 33.826, 33.417, 33.03, 32.925, 32.507, 32.011, 31.898, 32.34, 32.616, 32.71, 32.893, 32.737, 32.349, 32.332, 32.777, 32.967, 32.931, 32.993, 33.096, 33.24, 33.365, 33.42, 33.232, 33.158, 33.349, 33.288, 33.403, 33.718, 33.463, 33.173, 33.31, 34.08, 34.557, 34.159, 33.551, 33.171, 33.288, 33.749, 34.086, 33.887, 33.675, 33.82, 33.916, 33.316, 32.417, 32.128, 32.12, 32.038, 34.304], [34.427, 32.957, 30.244, 26.899, 24.387, 23.71, 22.352, 20.378, 18.028, 13.912, 9.676, 5.116, 0.0, 4.078, 6.872, 9.148, 11.997, 15.561, 18.743, 20.431, 21.323, 22.025, 22.534, 23.435, 24.538, 25.07, 25.345, 26.256, 27.284, 27.932, 28.37, 28.56, 29.364, 30.928, 32.361, 33.779, 35.039, 35.693, 36.282, 36.727, 36.875, 37.256, 37.794, 37.564, 36.928, 37.146, 37.822, 38.131, 38.08, 39.485, 42.848, 45.062, 45.003, 44.367, 44.876, 45.848, 46.034, 45.83, 46.143, 46.619, 46.371, 45.139, 44.058, 43.967, 44.116, 43.882, 43.614, 43.579, 43.268, 42.146, 40.181, 38.31, 37.622, 37.849, 36.925, 34.341, 32.813, 33.118, 33.558, 33.525, 33.332, 33.463, 33.228, 32.937, 32.812, 32.745, 32.343, 32.481, 33.216, 33.808, 33.942, 33.989, 34.084, 34.283, 34.357, 34.382, 34.801, 35.661, 36.649, 37.348, 37.61, 37.445, 37.155, 37.297, 37.549, 37.474, 37.223, 37.238, 37.61, 38.012, 38.465, 38.191, 37.482, 37.629, 38.196, 38.144, 37.324, 36.108, 35.795, 36.239, 36.272, 35.738, 34.918, 33.969, 33.418, 33.319, 33.083, 32.912, 32.588, 32.134, 32.058, 32.121, 32.263, 32.532, 32.846, 33.101, 33.322, 33.797, 34.751, 35.292, 34.733, 34.643, 35.369, 35.325, 34.956, 35.32, 35.692, 35.609, 35.283, 35.494, 36.27, 36.532, 36.318, 35.859, 34.635, 33.792, 33.705, 33.795, 33.369, 32.969, 32.866, 32.455, 31.952, 31.799, 32.213, 32.484, 32.587, 32.77, 32.576, 32.122, 32.07, 32.534, 32.748, 32.729, 32.801, 32.909, 33.071, 33.204, 33.256, 33.066, 32.985, 33.17, 33.106, 33.225, 33.541, 33.268, 32.973, 33.109, 33.862, 34.318, 33.883, 33.241, 32.835, 32.949, 33.47, 33.848, 33.637, 33.414, 33.575, 33.711, 33.131, 32.235, 31.96, 31.967, 31.881, 34.413], [34.458, 33.055, 30.532, 27.385, 24.958, 24.273, 22.997, 21.114, 18.814, 14.98, 11.55, 8.188, 4.078, 0.0, 3.906, 7.256, 10.647, 14.476, 17.79, 19.529, 20.474, 21.217, 21.738, 22.693, 23.877, 24.44, 24.748, 25.7, 26.751, 27.425, 27.903, 28.115, 28.947, 30.587, 32.111, 33.58, 34.849, 35.527, 36.166, 36.648, 36.806, 37.188, 37.72, 37.479, 36.846, 37.087, 37.786, 38.107, 38.059, 39.488, 42.88, 45.092, 45.024, 44.382, 44.905, 45.901, 46.101, 45.896, 46.21, 46.696, 46.451, 45.198, 44.091, 43.991, 44.144, 43.907, 43.63, 43.591, 43.28, 42.147, 40.152, 38.259, 37.572, 37.802, 36.871, 34.27, 32.731, 33.043, 33.482, 33.419, 33.195, 33.329, 33.109, 32.83, 32.701, 32.603, 32.183, 32.347, 33.119, 33.732, 33.877, 33.928, 34.024, 34.224, 34.289, 34.293, 34.693, 35.55, 36.546, 37.241, 37.491, 37.324, 37.049, 37.208, 37.474, 37.407, 37.17, 37.208, 37.598, 38.012, 38.476, 38.192, 37.444, 37.553, 38.113, 38.058, 37.221, 35.978, 35.663, 36.131, 36.188, 35.668, 34.847, 33.879, 33.297, 33.181, 32.938, 32.765, 32.44, 31.984, 31.903, 31.98, 32.122, 32.374, 32.689, 32.959, 33.182, 33.667, 34.656, 35.231, 34.68, 34.582, 35.319, 35.282, 34.92, 35.289, 35.656, 35.57, 35.242, 35.452, 36.227, 36.488, 36.273, 35.803, 34.541, 33.666, 33.587, 33.692, 33.273, 32.87, 32.768, 32.364, 31.859, 31.688, 32.095, 32.367, 32.48, 32.675, 32.469, 31.975, 31.889, 32.351, 32.58, 32.574, 32.656, 32.783, 32.967, 33.111, 33.17, 32.985, 32.911, 33.106, 33.047, 33.178, 33.517, 33.249, 32.944, 33.075, 33.834, 34.299, 33.851, 33.183, 32.761, 32.868, 33.401, 33.771, 33.537, 33.309, 33.465, 33.598, 33.012, 32.107, 31.834, 31.853, 31.769, 34.448], [34.484, 33.122, 30.742, 27.76, 25.417, 24.746, 23.535, 21.777, 19.604, 15.868, 12.523, 9.714, 6.872, 3.906, 0.0, 4.47, 9.281, 13.829, 17.278, 18.961, 19.854, 20.571, 21.085, 22.071, 23.313, 23.929, 24.277, 25.255, 26.342, 27.067, 27.575, 27.829, 28.722, 30.415, 31.969, 33.443, 34.702, 35.37, 35.997, 36.479, 36.658, 37.048, 37.556, 37.265, 36.597, 36.847, 37.577, 37.916, 37.87, 39.303, 42.711, 44.926, 44.855, 44.211, 44.748, 45.775, 46.002, 45.801, 46.114, 46.614, 46.379, 45.123, 44.011, 43.919, 44.073, 43.824, 43.536, 43.497, 43.19, 42.054, 40.055, 38.173, 37.509, 37.752, 36.815, 34.189, 32.633, 32.947, 33.379, 33.285, 33.033, 33.168, 32.948, 32.663, 32.537, 32.432, 32.007, 32.204, 33.02, 33.659, 33.806, 33.853, 33.955, 34.169, 34.241, 34.239, 34.633, 35.5, 36.522, 37.233, 37.494, 37.34, 37.065, 37.215, 37.479, 37.413, 37.169, 37.207, 37.61, 38.042, 38.531, 38.258, 37.503, 37.616, 38.182, 38.124, 37.273, 36.023, 35.718, 36.192, 36.242, 35.713, 34.877, 33.887, 33.292, 33.165, 32.911, 32.731, 32.399, 31.926, 31.818, 31.871, 31.999, 32.254, 32.587, 32.866, 33.084, 33.576, 34.587, 35.172, 34.611, 34.523, 35.279, 35.244, 34.875, 35.243, 35.607, 35.517, 35.17, 35.351, 36.118, 36.383, 36.172, 35.709, 34.422, 33.501, 33.401, 33.517, 33.113, 32.719, 32.63, 32.216, 31.687, 31.506, 31.918, 32.18, 32.277, 32.477, 32.273, 31.763, 31.66, 32.116, 32.343, 32.344, 32.438, 32.584, 32.788, 32.946, 33.015, 32.837, 32.771, 32.981, 32.922, 33.053, 33.41, 33.159, 32.853, 32.975, 33.735, 34.228, 33.808, 33.134, 32.695, 32.783, 33.29, 33.649, 33.417, 33.183, 33.315, 33.435, 32.839, 31.925, 31.651, 31.679, 31.599, 34.482], [34.263, 32.891, 30.572, 27.758, 25.568, 24.98, 23.84, 22.234, 20.287, 16.733, 13.613, 11.258, 9.148, 7.256, 4.47, 0.0, 6.046, 11.746, 15.704, 17.465, 18.41, 19.162, 19.67, 20.728, 22.079, 22.763, 23.169, 24.201, 25.335, 26.106, 26.649, 26.954, 27.931, 29.705, 31.333, 32.862, 34.158, 34.846, 35.477, 35.966, 36.169, 36.605, 37.158, 36.86, 36.152, 36.401, 37.153, 37.501, 37.45, 38.914, 42.397, 44.644, 44.558, 43.904, 44.467, 45.54, 45.809, 45.616, 45.931, 46.45, 46.223, 44.957, 43.841, 43.761, 43.924, 43.665, 43.359, 43.307, 42.993, 41.842, 39.813, 37.909, 37.245, 37.502, 36.543, 33.826, 32.18, 32.493, 32.941, 32.829, 32.563, 32.722, 32.52, 32.241, 32.116, 31.988, 31.517, 31.737, 32.62, 33.292, 33.438, 33.485, 33.611, 33.865, 33.956, 33.95, 34.352, 35.254, 36.324, 37.061, 37.336, 37.19, 36.904, 37.05, 37.323, 37.277, 37.045, 37.082, 37.49, 37.943, 38.465, 38.2, 37.421, 37.525, 38.098, 38.03, 37.148, 35.862, 35.55, 36.036, 36.084, 35.541, 34.683, 33.675, 33.073, 32.942, 32.679, 32.486, 32.117, 31.584, 31.431, 31.459, 31.56, 31.815, 32.179, 32.471, 32.684, 33.197, 34.248, 34.843, 34.241, 34.151, 34.947, 34.914, 34.529, 34.912, 35.283, 35.189, 34.828, 34.989, 35.766, 36.042, 35.838, 35.388, 34.079, 33.103, 32.98, 33.111, 32.713, 32.324, 32.244, 31.801, 31.226, 31.036, 31.467, 31.711, 31.781, 31.985, 31.778, 31.242, 31.113, 31.559, 31.788, 31.81, 31.92, 32.064, 32.275, 32.455, 32.548, 32.372, 32.305, 32.527, 32.455, 32.567, 32.932, 32.686, 32.376, 32.515, 33.303, 33.817, 33.388, 32.69, 32.232, 32.328, 32.854, 33.231, 33.007, 32.769, 32.9, 33.031, 32.41, 31.45, 31.157, 31.188, 31.11, 34.271], [34.071, 32.705, 30.421, 27.741, 25.751, 25.328, 24.265, 22.736, 20.985, 17.809, 15.369, 13.75, 11.997, 10.647, 9.281, 6.046, 0.0, 6.772, 11.943, 14.469, 15.924, 16.951, 17.539, 18.777, 20.356, 21.143, 21.655, 22.815, 23.996, 24.786, 25.391, 25.74, 26.719, 28.509, 30.225, 31.904, 33.314, 34.059, 34.763, 35.306, 35.529, 36.036, 36.738, 36.581, 35.962, 36.242, 36.994, 37.322, 37.268, 38.792, 42.363, 44.622, 44.513, 43.863, 44.458, 45.562, 45.843, 45.643, 45.974, 46.528, 46.299, 44.982, 43.821, 43.74, 43.918, 43.656, 43.326, 43.253, 42.928, 41.744, 39.652, 37.677, 36.954, 37.184, 36.209, 33.437, 31.74, 32.081, 32.56, 32.449, 32.184, 32.365, 32.208, 31.959, 31.811, 31.637, 31.117, 31.343, 32.274, 32.977, 33.133, 33.183, 33.322, 33.595, 33.694, 33.68, 34.075, 34.971, 36.049, 36.785, 37.051, 36.91, 36.643, 36.831, 37.14, 37.137, 36.965, 37.027, 37.432, 37.891, 38.431, 38.161, 37.318, 37.336, 37.866, 37.786, 36.871, 35.528, 35.19, 35.686, 35.753, 35.23, 34.397, 33.412, 32.818, 32.692, 32.436, 32.245, 31.85, 31.25, 31.022, 31.031, 31.125, 31.359, 31.709, 32.001, 32.228, 32.788, 33.889, 34.503, 33.867, 33.75, 34.575, 34.559, 34.156, 34.537, 34.906, 34.81, 34.472, 34.664, 35.451, 35.727, 35.54, 35.112, 33.78, 32.758, 32.656, 32.815, 32.419, 32.017, 31.937, 31.5, 30.929, 30.753, 31.215, 31.464, 31.532, 31.736, 31.516, 30.948, 30.789, 31.231, 31.469, 31.508, 31.622, 31.752, 31.956, 32.151, 32.264, 32.08, 31.988, 32.199, 32.108, 32.207, 32.581, 32.328, 32.021, 32.218, 33.074, 33.603, 33.127, 32.381, 31.906, 32.017, 32.558, 32.904, 32.649, 32.418, 32.571, 32.694, 32.022, 31.008, 30.702, 30.749, 30.686, 34.069], [34.358, 33.058, 30.835, 28.278, 26.545, 26.345, 25.39, 23.92, 22.308, 19.67, 17.989, 16.972, 15.561, 14.476, 13.829, 11.746, 6.772, 0.0, 6.439, 10.673, 13.404, 14.932, 15.691, 17.224, 19.071, 19.98, 20.656, 22.022, 23.281, 24.063, 24.704, 25.089, 25.969, 27.583, 29.239, 31.08, 32.657, 33.47, 34.265, 34.893, 35.128, 35.667, 36.515, 36.57, 36.142, 36.466, 37.18, 37.486, 37.451, 38.993, 42.55, 44.765, 44.642, 44.018, 44.647, 45.773, 46.07, 45.886, 46.233, 46.777, 46.518, 45.169, 43.984, 43.889, 44.066, 43.807, 43.472, 43.385, 43.049, 41.853, 39.741, 37.719, 36.913, 37.084, 36.115, 33.389, 31.722, 32.072, 32.565, 32.475, 32.222, 32.409, 32.312, 32.12, 31.978, 31.799, 31.268, 31.456, 32.372, 33.085, 33.258, 33.314, 33.446, 33.705, 33.804, 33.789, 34.155, 34.993, 36.03, 36.744, 36.992, 36.846, 36.582, 36.779, 37.102, 37.138, 37.024, 37.097, 37.482, 37.928, 38.456, 38.186, 37.324, 37.257, 37.7, 37.595, 36.678, 35.334, 34.985, 35.461, 35.541, 35.079, 34.329, 33.43, 32.887, 32.779, 32.533, 32.347, 31.963, 31.361, 31.072, 31.054, 31.17, 31.367, 31.629, 31.88, 32.14, 32.738, 33.835, 34.439, 33.786, 33.633, 34.445, 34.455, 34.066, 34.441, 34.812, 34.734, 34.435, 34.661, 35.436, 35.688, 35.524, 35.143, 33.854, 32.855, 32.816, 33.021, 32.632, 32.212, 32.142, 31.769, 31.265, 31.108, 31.565, 31.805, 31.866, 32.054, 31.822, 31.259, 31.098, 31.532, 31.77, 31.805, 31.897, 31.999, 32.182, 32.364, 32.478, 32.291, 32.158, 32.316, 32.19, 32.277, 32.648, 32.391, 32.094, 32.327, 33.202, 33.746, 33.285, 32.558, 32.087, 32.186, 32.691, 32.953, 32.656, 32.448, 32.631, 32.736, 32.061, 31.074, 30.776, 30.833, 30.784, 34.3], [34.82, 33.586, 31.483, 29.094, 27.557, 27.484, 26.678, 25.394, 23.974, 21.82, 20.682, 19.952, 18.743, 17.79, 17.278, 15.704, 11.943, 6.439, 0.0, 5.968, 10.515, 12.769, 13.758, 15.684, 17.837, 18.857, 19.687, 21.271, 22.652, 23.47, 24.132, 24.563, 25.433, 26.97, 28.569, 30.477, 32.16, 33.024, 33.881, 34.575, 34.823, 35.362, 36.268, 36.434, 36.124, 36.494, 37.193, 37.505, 37.506, 39.067, 42.634, 44.857, 44.734, 44.122, 44.792, 45.975, 46.319, 46.164, 46.523, 47.04, 46.75, 45.405, 44.241, 44.148, 44.324, 44.079, 43.75, 43.65, 43.299, 42.094, 39.962, 37.888, 37.019, 37.156, 36.179, 33.435, 31.699, 32.015, 32.52, 32.435, 32.166, 32.37, 32.341, 32.213, 32.114, 31.961, 31.426, 31.59, 32.501, 33.227, 33.415, 33.481, 33.616, 33.886, 33.992, 33.969, 34.311, 35.123, 36.147, 36.864, 37.11, 36.95, 36.65, 36.819, 37.136, 37.188, 37.102, 37.181, 37.558, 38.002, 38.521, 38.258, 37.411, 37.307, 37.684, 37.54, 36.612, 35.272, 34.92, 35.382, 35.47, 35.043, 34.335, 33.486, 32.988, 32.893, 32.642, 32.441, 32.041, 31.439, 31.129, 31.102, 31.237, 31.411, 31.606, 31.825, 32.097, 32.705, 33.794, 34.389, 33.714, 33.557, 34.375, 34.399, 34.048, 34.468, 34.873, 34.821, 34.524, 34.741, 35.506, 35.747, 35.601, 35.252, 33.993, 33.008, 33.01, 33.251, 32.868, 32.452, 32.398, 32.053, 31.567, 31.405, 31.847, 32.066, 32.099, 32.269, 32.032, 31.463, 31.28, 31.701, 31.945, 31.977, 32.051, 32.131, 32.296, 32.466, 32.576, 32.389, 32.244, 32.365, 32.204, 32.277, 32.647, 32.393, 32.094, 32.318, 33.187, 33.754, 33.339, 32.644, 32.166, 32.245, 32.721, 32.938, 32.619, 32.424, 32.653, 32.779, 32.131, 31.174, 30.867, 30.911, 30.852, 34.718], [34.912, 33.693, 31.695, 29.461, 27.988, 27.899, 27.179, 26.071, 24.834, 22.985, 22.167, 21.562, 20.431, 19.529, 18.961, 17.465, 14.469, 10.673, 5.968, 0.0, 5.862, 9.138, 10.585, 13.025, 15.719, 16.974, 17.94, 19.751, 21.33, 22.285, 22.997, 23.479, 24.545, 26.347, 28.101, 30.005, 31.697, 32.589, 33.49, 34.217, 34.485, 35.051, 35.975, 36.106, 35.761, 36.163, 36.908, 37.251, 37.271, 38.887, 42.541, 44.831, 44.718, 44.097, 44.787, 46.033, 46.415, 46.255, 46.61, 47.132, 46.837, 45.478, 44.301, 44.216, 44.404, 44.168, 43.844, 43.736, 43.37, 42.143, 39.957, 37.81, 36.905, 37.051, 36.055, 33.207, 31.325, 31.608, 32.145, 32.056, 31.744, 31.967, 31.983, 31.894, 31.818, 31.671, 31.129, 31.307, 32.248, 32.998, 33.194, 33.274, 33.436, 33.738, 33.858, 33.818, 34.166, 35.007, 36.055, 36.795, 37.056, 36.888, 36.555, 36.72, 37.056, 37.112, 37.036, 37.14, 37.536, 37.989, 38.523, 38.27, 37.431, 37.322, 37.68, 37.508, 36.544, 35.156, 34.778, 35.251, 35.346, 34.887, 34.118, 33.21, 32.686, 32.571, 32.309, 32.102, 31.667, 31.027, 30.726, 30.728, 30.881, 31.075, 31.292, 31.508, 31.752, 32.36, 33.489, 34.104, 33.393, 33.237, 34.093, 34.114, 33.782, 34.266, 34.701, 34.647, 34.341, 34.558, 35.349, 35.609, 35.473, 35.114, 33.799, 32.773, 32.781, 33.03, 32.635, 32.231, 32.194, 31.812, 31.281, 31.111, 31.584, 31.804, 31.819, 32.0, 31.757, 31.15, 30.928, 31.355, 31.616, 31.645, 31.714, 31.791, 31.956, 32.124, 32.228, 32.034, 31.896, 32.035, 31.873, 31.942, 32.319, 32.06, 31.74, 31.925, 32.791, 33.374, 32.963, 32.25, 31.742, 31.814, 32.291, 32.517, 32.196, 31.999, 32.266, 32.435, 31.779, 30.782, 30.458, 30.501, 30.427, 34.803], [34.932, 33.722, 31.787, 29.65, 28.204, 28.075, 27.371, 26.324, 25.184, 23.536, 22.916, 22.381, 21.323, 20.474, 19.854, 18.41, 15.924, 13.404, 10.515, 5.862, 0.0, 4.315, 6.951, 10.212, 13.537, 15.188, 16.34, 18.374, 20.225, 21.413, 22.195, 22.705, 24.011, 26.141, 28.089, 29.989, 31.658, 32.555, 33.471, 34.203, 34.484, 35.074, 35.999, 36.058, 35.619, 36.021, 36.844, 37.245, 37.263, 38.88, 42.561, 44.867, 44.756, 44.118, 44.789, 46.037, 46.415, 46.23, 46.567, 47.089, 46.792, 45.402, 44.188, 44.088, 44.273, 44.038, 43.717, 43.61, 43.238, 42.001, 39.787, 37.601, 36.684, 36.848, 35.858, 32.973, 31.046, 31.339, 31.914, 31.839, 31.504, 31.714, 31.716, 31.633, 31.564, 31.414, 30.87, 31.058, 32.012, 32.771, 32.969, 33.062, 33.243, 33.561, 33.695, 33.655, 34.013, 34.884, 35.952, 36.709, 36.992, 36.831, 36.492, 36.666, 37.025, 37.087, 37.014, 37.142, 37.557, 38.013, 38.558, 38.309, 37.455, 37.333, 37.693, 37.526, 36.56, 35.146, 34.751, 35.221, 35.301, 34.796, 33.954, 32.967, 32.398, 32.264, 32.002, 31.811, 31.373, 30.709, 30.405, 30.42, 30.585, 30.8, 31.05, 31.285, 31.51, 32.109, 33.272, 33.912, 33.197, 33.06, 33.942, 33.958, 33.625, 34.127, 34.56, 34.483, 34.17, 34.402, 35.216, 35.487, 35.346, 34.956, 33.594, 32.564, 32.594, 32.836, 32.421, 32.026, 31.998, 31.58, 31.004, 30.832, 31.34, 31.577, 31.601, 31.801, 31.559, 30.927, 30.681, 31.113, 31.381, 31.407, 31.47, 31.546, 31.714, 31.88, 31.978, 31.781, 31.65, 31.815, 31.673, 31.743, 32.116, 31.842, 31.503, 31.675, 32.548, 33.124, 32.693, 31.953, 31.414, 31.477, 31.966, 32.224, 31.916, 31.713, 31.987, 32.168, 31.497, 30.467, 30.142, 30.204, 30.14, 34.83], [35.117, 33.937, 32.056, 29.987, 28.568, 28.417, 27.739, 26.739, 25.659, 24.123, 23.569, 23.046, 22.025, 21.217, 20.571, 19.162, 16.951, 14.932, 12.769, 9.138, 4.315, 0.0, 3.997, 8.558, 12.433, 14.299, 15.606, 17.797, 19.832, 21.192, 22.025, 22.583, 24.065, 26.339, 28.323, 30.198, 31.843, 32.735, 33.644, 34.366, 34.646, 35.227, 36.12, 36.138, 35.66, 36.052, 36.917, 37.373, 37.396, 38.967, 42.605, 44.902, 44.801, 44.154, 44.805, 46.045, 46.426, 46.237, 46.56, 47.07, 46.764, 45.361, 44.136, 44.018, 44.186, 43.952, 43.639, 43.536, 43.167, 41.94, 39.744, 37.568, 36.656, 36.827, 35.855, 33.01, 31.126, 31.442, 32.022, 31.959, 31.637, 31.84, 31.815, 31.719, 31.644, 31.49, 30.935, 31.112, 32.068, 32.83, 33.028, 33.123, 33.309, 33.631, 33.78, 33.755, 34.118, 34.989, 36.048, 36.798, 37.086, 36.932, 36.598, 36.773, 37.138, 37.209, 37.14, 37.27, 37.68, 38.124, 38.666, 38.419, 37.551, 37.416, 37.783, 37.634, 36.693, 35.294, 34.887, 35.328, 35.388, 34.878, 34.033, 33.041, 32.466, 32.325, 32.068, 31.899, 31.476, 30.808, 30.501, 30.508, 30.671, 30.884, 31.134, 31.385, 31.611, 32.193, 33.354, 34.002, 33.299, 33.18, 34.065, 34.079, 33.744, 34.235, 34.655, 34.568, 34.246, 34.481, 35.297, 35.567, 35.418, 35.016, 33.663, 32.675, 32.734, 32.969, 32.552, 32.175, 32.145, 31.709, 31.125, 30.956, 31.468, 31.696, 31.71, 31.907, 31.668, 31.048, 30.808, 31.232, 31.492, 31.527, 31.592, 31.662, 31.828, 31.992, 32.089, 31.895, 31.76, 31.921, 31.789, 31.858, 32.217, 31.929, 31.589, 31.769, 32.644, 33.21, 32.773, 32.028, 31.471, 31.511, 31.99, 32.265, 31.975, 31.783, 32.06, 32.243, 31.58, 30.559, 30.238, 30.312, 30.257, 35.018], [35.326, 34.183, 32.376, 30.363, 28.918, 28.734, 28.124, 27.209, 26.202, 24.708, 24.108, 23.552, 22.534, 21.738, 21.085, 19.67, 17.539, 15.691, 13.758, 10.585, 6.951, 3.997, 0.0, 5.736, 10.621, 12.832, 14.268, 16.697, 18.929, 20.429, 21.339, 21.989, 23.644, 25.991, 27.938, 29.793, 31.459, 32.377, 33.317, 34.059, 34.345, 34.935, 35.83, 35.85, 35.408, 35.841, 36.72, 37.193, 37.244, 38.827, 42.476, 44.791, 44.708, 44.081, 44.752, 46.017, 46.428, 46.251, 46.568, 47.08, 46.777, 45.373, 44.152, 44.028, 44.185, 43.947, 43.634, 43.531, 43.17, 41.96, 39.792, 37.639, 36.739, 36.914, 35.953, 33.134, 31.279, 31.596, 32.151, 32.074, 31.76, 31.966, 31.928, 31.821, 31.716, 31.534, 30.969, 31.152, 32.118, 32.879, 33.063, 33.144, 33.327, 33.654, 33.816, 33.797, 34.15, 35.003, 36.043, 36.783, 37.076, 36.937, 36.606, 36.767, 37.115, 37.179, 37.106, 37.236, 37.651, 38.103, 38.653, 38.412, 37.544, 37.424, 37.816, 37.681, 36.75, 35.361, 34.942, 35.364, 35.421, 34.915, 34.083, 33.111, 32.539, 32.387, 32.136, 31.986, 31.564, 30.877, 30.573, 30.591, 30.75, 30.961, 31.211, 31.454, 31.672, 32.255, 33.418, 34.057, 33.348, 33.222, 34.096, 34.098, 33.763, 34.249, 34.663, 34.577, 34.256, 34.504, 35.334, 35.612, 35.463, 35.068, 33.723, 32.739, 32.791, 33.02, 32.614, 32.251, 32.224, 31.788, 31.202, 31.017, 31.507, 31.712, 31.714, 31.91, 31.674, 31.061, 30.831, 31.254, 31.51, 31.562, 31.643, 31.709, 31.877, 32.049, 32.143, 31.944, 31.807, 31.971, 31.842, 31.909, 32.254, 31.952, 31.611, 31.798, 32.678, 33.251, 32.818, 32.074, 31.507, 31.533, 32.009, 32.293, 32.028, 31.858, 32.144, 32.327, 31.671, 30.658, 30.33, 30.395, 30.334, 35.22], [35.467, 34.379, 32.694, 30.81, 29.377, 29.168, 28.627, 27.79, 26.856, 25.462, 24.904, 24.384, 23.435, 22.693, 22.071, 20.728, 18.777, 17.224, 15.684, 13.025, 10.212, 8.558, 5.736, 0.0, 6.06, 9.423, 11.424, 14.314, 16.987, 18.839, 19.938, 20.678, 22.525, 25.027, 27.01, 28.909, 30.662, 31.634, 32.619, 33.405, 33.713, 34.316, 35.247, 35.329, 34.997, 35.57, 36.513, 36.969, 37.046, 38.74, 42.478, 44.797, 44.719, 44.133, 44.835, 46.111, 46.528, 46.348, 46.663, 47.193, 46.91, 45.499, 44.257, 44.132, 44.289, 44.042, 43.722, 43.619, 43.261, 42.057, 39.899, 37.739, 36.826, 37.006, 36.056, 33.243, 31.376, 31.651, 32.16, 32.067, 31.776, 31.994, 31.932, 31.797, 31.66, 31.453, 30.898, 31.134, 32.134, 32.891, 33.055, 33.106, 33.265, 33.586, 33.753, 33.721, 34.034, 34.853, 35.874, 36.615, 36.923, 36.806, 36.488, 36.638, 36.947, 36.978, 36.902, 37.053, 37.496, 37.985, 38.576, 38.356, 37.482, 37.364, 37.779, 37.667, 36.756, 35.395, 35.002, 35.433, 35.489, 34.996, 34.191, 33.237, 32.665, 32.512, 32.261, 32.112, 31.68, 30.962, 30.632, 30.642, 30.807, 31.032, 31.282, 31.515, 31.72, 32.278, 33.415, 34.039, 33.344, 33.229, 34.089, 34.083, 33.743, 34.236, 34.654, 34.563, 34.241, 34.514, 35.374, 35.661, 35.507, 35.103, 33.722, 32.691, 32.724, 32.959, 32.567, 32.209, 32.188, 31.773, 31.187, 30.98, 31.449, 31.62, 31.596, 31.798, 31.569, 30.936, 30.677, 31.084, 31.356, 31.451, 31.556, 31.61, 31.771, 31.956, 32.049, 31.829, 31.7, 31.908, 31.805, 31.869, 32.202, 31.893, 31.556, 31.747, 32.636, 33.231, 32.821, 32.09, 31.512, 31.533, 32.017, 32.304, 32.064, 31.924, 32.225, 32.397, 31.728, 30.71, 30.375, 30.435, 30.364, 35.351], [35.536, 34.487, 32.902, 31.182, 29.848, 29.641, 29.117, 28.322, 27.456, 26.217, 25.809, 25.388, 24.538, 23.877, 23.313, 22.079, 20.356, 19.071, 17.837, 15.719, 13.537, 12.433, 10.621, 6.06, 0.0, 4.824, 8.346, 12.054, 15.182, 17.45, 18.757, 19.499, 21.418, 24.088, 26.215, 28.27, 30.144, 31.148, 32.136, 32.948, 33.277, 33.888, 34.851, 34.983, 34.733, 35.436, 36.476, 36.949, 37.036, 38.829, 42.657, 44.973, 44.889, 44.314, 45.013, 46.261, 46.656, 46.476, 46.798, 47.339, 47.067, 45.645, 44.38, 44.256, 44.426, 44.18, 43.857, 43.752, 43.383, 42.173, 40.015, 37.838, 36.902, 37.085, 36.155, 33.35, 31.446, 31.678, 32.156, 32.043, 31.748, 31.959, 31.876, 31.717, 31.587, 31.406, 30.874, 31.15, 32.178, 32.938, 33.094, 33.128, 33.26, 33.56, 33.728, 33.698, 33.995, 34.783, 35.788, 36.54, 36.858, 36.742, 36.427, 36.567, 36.843, 36.851, 36.783, 36.969, 37.44, 37.951, 38.564, 38.368, 37.487, 37.347, 37.769, 37.683, 36.799, 35.472, 35.113, 35.555, 35.612, 35.15, 34.41, 33.494, 32.926, 32.777, 32.523, 32.36, 31.925, 31.214, 30.874, 30.86, 31.026, 31.272, 31.523, 31.756