[[0.0, 8.505, 14.977, 17.52, 19.871, 22.31, 23.897, 26.167, 31.81, 36.963, 39.273, 42.287, 42.684, 42.302, 43.829, 44.034, 43.086, 42.466, 41.582, 41.734, 42.409, 42.488, 43.519, 44.933, 44.942, 46.129, 47.924, 48.512, 47.56, 45.387, 45.086, 46.145, 48.066, 48.491, 47.2, 45.899, 45.983, 48.293, 47.647, 44.854, 45.844, 49.194, 50.385, 48.934, 47.186, 47.606, 47.73, 45.753, 44.688, 44.889, 45.894, 46.472, 6.148], [8.505, 0.0, 8.568, 12.259, 15.195, 18.413, 20.63, 23.401, 29.57, 35.194, 37.868, 41.175, 41.735, 41.385, 42.946, 43.258, 42.363, 41.76, 41.032, 41.339, 41.994, 42.129, 43.382, 44.874, 44.883, 46.081, 47.871, 48.458, 47.517, 45.424, 45.101, 46.124, 48.061, 48.486, 47.159, 45.866, 45.914, 48.165, 47.581, 44.879, 45.884, 49.187, 50.338, 48.968, 47.327, 47.726, 47.805, 45.888, 44.826, 44.991, 45.955, 46.512, 11.818], [14.977, 8.568, 0.0, 5.853, 10.554, 14.487, 17.133, 20.722, 27.826, 33.824, 36.698, 40.216, 40.804, 40.462, 42.146, 42.635, 41.768, 41.062, 40.308, 40.7, 41.387, 41.529, 43.04, 44.741, 44.777, 46.009, 47.785, 48.311, 47.301, 45.154, 44.799, 45.854, 47.855, 48.289, 46.91, 45.625, 45.712, 47.958, 47.319, 44.561, 45.575, 48.922, 50.13, 48.797, 47.195, 47.603, 47.64, 45.748, 44.764, 44.944, 45.882, 46.436, 16.976], [17.52, 12.259, 5.853, 0.0, 6.663, 11.797, 14.786, 18.79, 26.478, 32.814, 35.901, 39.64, 40.239, 39.861, 41.624, 42.189, 41.315, 40.582, 39.826, 40.236, 40.944, 41.102, 42.655, 44.448, 44.545, 45.829, 47.652, 48.168, 47.141, 44.985, 44.634, 45.736, 47.796, 48.229, 46.791, 45.467, 45.534, 47.815, 47.169, 44.378, 45.412, 48.821, 50.053, 48.703, 47.057, 47.417, 47.423, 45.453, 44.388, 44.555, 45.505, 46.055, 19.431], [19.871, 15.195, 10.554, 6.663, 0.0, 6.947, 11.402, 16.137, 24.363, 31.031, 34.411, 38.503, 39.218, 38.845, 40.675, 41.264, 40.394, 39.774, 39.163, 39.648, 40.371, 40.542, 42.129, 43.935, 44.034, 45.396, 47.298, 47.86, 46.863, 44.7, 44.39, 45.566, 47.621, 48.001, 46.479, 45.086, 45.138, 47.521, 46.919, 44.11, 45.201, 48.709, 49.96, 48.613, 47.003, 47.334, 47.332, 45.322, 44.118, 44.26, 45.229, 45.739, 21.687], [22.31, 18.413, 14.487, 11.797, 6.947, 0.0, 6.888, 14.449, 23.248, 29.74, 33.271, 37.65, 38.501, 38.245, 40.188, 40.794, 39.979, 39.509, 38.983, 39.486, 40.235, 40.407, 42.018, 43.865, 43.948, 45.319, 47.247, 47.815, 46.807, 44.627, 44.341, 45.545, 47.537, 47.858, 46.329, 44.924, 44.981, 47.386, 46.809, 44.05, 45.175, 48.677, 49.964, 48.7, 47.174, 47.525, 47.536, 45.568, 44.348, 44.493, 45.428, 45.881, 23.923], [23.897, 20.63, 17.133, 14.786, 11.402, 6.888, 0.0, 11.23, 22.11, 28.778, 32.185, 36.709, 37.616, 37.451, 39.543, 40.145, 39.322, 38.884, 38.344, 38.847, 39.605, 39.797, 41.512, 43.461, 43.577, 44.977, 46.935, 47.543, 46.562, 44.338, 44.038, 45.273, 47.293, 47.612, 46.088, 44.687, 44.821, 47.264, 46.639, 43.867, 45.016, 48.556, 49.908, 48.703, 47.199, 47.557, 47.555, 45.574, 44.306, 44.393, 45.323, 45.771, 25.23], [26.167, 23.401, 20.722, 18.79, 16.137, 14.449, 11.23, 0.0, 14.267, 23.651, 27.405, 32.037, 33.168, 33.156, 35.441, 36.215, 35.353, 34.946, 34.913, 35.864, 36.667, 37.006, 39.102, 41.282, 41.485, 42.951, 44.991, 45.811, 45.345, 43.656, 43.397, 44.673, 46.831, 47.154, 45.569, 44.142, 44.248, 46.673, 46.118, 43.494, 44.589, 48.005, 49.244, 48.003, 46.574, 46.965, 47.072, 45.212, 44.07, 44.221, 45.156, 45.618, 27.535], [31.81, 29.57, 27.826, 26.478, 24.363, 23.248, 22.11, 14.267, 0.0, 12.952, 19.213, 24.259, 26.002, 26.804, 29.242, 30.336, 29.974, 30.434, 31.847, 33.542, 34.323, 34.88, 37.261, 39.458, 39.741, 41.094, 43.208, 44.291, 44.47, 43.966, 44.02, 45.12, 46.977, 47.109, 45.531, 44.261, 44.177, 46.2, 45.967, 44.015, 44.939, 47.713, 48.513, 47.404, 46.327, 46.665, 46.98, 45.569, 44.627, 44.987, 45.806, 46.2, 33.151], [36.963, 35.194, 33.824, 32.814, 31.031, 29.74, 28.778, 23.651, 12.952, 0.0, 10.794, 18.353, 20.576, 22.36, 25.301, 26.747, 27.586, 29.617, 31.918, 33.646, 34.333, 34.935, 37.28, 39.411, 39.781, 40.978, 43.182, 44.542, 44.793, 44.638, 44.963, 46.018, 47.51, 47.493, 46.081, 45.032, 44.89, 46.586, 46.486, 44.951, 45.828, 48.194, 48.78, 47.902, 47.093, 47.307, 47.592, 46.47, 45.618, 46.094, 46.856, 47.119, 38.074], [39.273, 37.868, 36.698, 35.901, 34.411, 33.271, 32.185, 27.405, 19.213, 10.794, 0.0, 10.586, 14.486, 16.653, 20.036, 22.143, 24.139, 27.389, 30.225, 32.035, 32.712, 33.432, 35.972, 38.236, 38.734, 39.91, 42.207, 44.009, 44.603, 44.42, 44.821, 46.132, 47.632, 47.597, 46.237, 45.28, 45.218, 46.84, 46.692, 45.204, 46.007, 48.228, 48.834, 48.048, 47.312, 47.539, 47.823, 46.816, 46.151, 46.709, 47.49, 47.748, 40.142], [42.287, 41.175, 40.216, 39.64, 38.503, 37.65, 36.709, 32.037, 24.259, 18.353, 10.586, 0.0, 7.471, 12.131, 15.194, 17.683, 20.985, 25.466, 29.106, 31.222, 31.84, 32.728, 35.515, 37.809, 38.355, 39.44, 41.724, 43.878, 45.017, 45.244, 45.668, 47.009, 48.419, 48.346, 47.037, 46.269, 46.34, 47.742, 47.685, 46.52, 47.106, 48.937, 49.376, 48.643, 48.093, 48.368, 48.703, 47.924, 47.573, 48.27, 48.976, 49.242, 42.928], [42.684, 41.735, 40.804, 40.239, 39.218, 38.501, 37.616, 33.168, 26.002, 20.576, 14.486, 7.471, 0.0, 7.499, 12.035, 14.635, 18.43, 23.629, 27.71, 30.038, 30.68, 31.68, 34.823, 37.293, 37.84, 38.985, 41.373, 43.568, 44.723, 45.009, 45.528, 46.934, 48.437, 48.471, 47.225, 46.452, 46.583, 48.071, 47.988, 46.728, 47.306, 49.282, 49.773, 48.961, 48.375, 48.666, 48.97, 48.11, 47.732, 48.396, 49.109, 49.382, 43.273], [42.302, 41.385, 40.462, 39.861, 38.845, 38.245, 37.451, 33.156, 26.804, 22.36, 16.653, 12.131, 7.499, 0.0, 7.046, 11.103, 15.232, 21.122, 25.934, 28.672, 29.373, 30.559, 34.042, 36.656, 37.291, 38.558, 40.938, 43.066, 44.182, 44.443, 45.018, 46.508, 48.109, 48.275, 47.101, 46.271, 46.371, 47.965, 47.834, 46.437, 47.06, 49.189, 49.744, 48.859, 48.199, 48.518, 48.825, 47.9, 47.462, 48.027, 48.706, 48.989, 42.92], [43.829, 42.946, 42.146, 41.624, 40.675, 40.188, 39.543, 35.441, 29.242, 25.301, 20.036, 15.194, 12.035, 7.046, 0.0, 6.381, 12.749, 19.919, 25.654, 28.702, 29.393, 30.753, 34.214, 36.703, 37.388, 38.614, 40.938, 43.172, 44.519, 45.102, 45.747, 47.196, 48.746, 48.913, 47.767, 46.987, 47.067, 48.538, 48.493, 47.273, 47.807, 49.694, 50.11, 49.287, 48.727, 49.042, 49.385, 48.597, 48.23, 48.77, 49.361, 49.612, 44.434], [44.034, 43.258, 42.635, 42.189, 41.264, 40.794, 40.145, 36.215, 30.336, 26.747, 22.143, 17.683, 14.635, 11.103, 6.381, 0.0, 8.916, 18.246, 24.691, 27.848, 28.579, 30.005, 33.447, 35.891, 36.517, 37.735, 40.204, 42.614, 44.078, 44.792, 45.523, 46.975, 48.561, 48.74, 47.589, 46.756, 46.887, 48.463, 48.469, 47.286, 47.869, 49.782, 50.157, 49.353, 48.821, 49.128, 49.471, 48.666, 48.211, 48.724, 49.334, 49.573, 44.623], [43.086, 42.363, 41.768, 41.315, 40.394, 39.979, 39.322, 35.353, 29.974, 27.586, 24.139, 20.985, 18.43, 15.232, 12.749, 8.916, 0.0, 11.789, 20.361, 24.433, 25.254, 26.856, 30.717, 33.482, 34.145, 35.52, 38.32, 40.952, 42.542, 43.399, 44.285, 45.865, 47.707, 48.019, 46.887, 45.898, 45.987, 47.866, 47.902, 46.577, 47.237, 49.339, 49.732, 48.824, 48.188, 48.494, 48.859, 47.89, 47.219, 47.668, 48.332, 48.587, 43.638], [42.466, 41.76, 41.062, 40.582, 39.774, 39.509, 38.884, 34.946, 30.434, 29.617, 27.389, 25.466, 23.629, 21.122, 19.919, 18.246, 11.789, 0.0, 11.748, 17.939, 19.035, 20.764, 25.493, 29.066, 29.985, 31.491, 34.534, 37.528, 39.607, 41.064, 42.227, 44.05, 46.408, 46.973, 45.826, 44.619, 44.467, 46.489, 46.669, 45.364, 45.961, 48.008, 48.334, 47.297, 46.507, 46.755, 47.216, 46.21, 45.485, 45.944, 46.676, 46.934, 42.854], [41.582, 41.032, 40.308, 39.826, 39.163, 38.983, 38.344, 34.913, 31.847, 31.918, 30.225, 29.106, 27.71, 25.934, 25.654, 24.691, 20.361, 11.748, 0.0, 8.108, 10.368, 11.788, 17.885, 23.041, 24.421, 26.014, 29.307, 32.832, 35.469, 37.584, 39.094, 41.15, 44.114, 44.858, 43.603, 42.122, 41.882, 44.231, 44.604, 43.518, 44.493, 46.691, 46.99, 45.824, 44.916, 45.153, 45.669, 44.612, 43.938, 44.522, 45.402, 45.657, 41.72], [41.734, 41.339, 40.7, 40.236, 39.648, 39.486, 38.847, 35.864, 33.542, 33.646, 32.035, 31.222, 30.038, 28.672, 28.702, 27.848, 24.433, 17.939, 8.108, 0.0, 4.262, 6.117, 13.154, 19.523, 21.32, 22.984, 26.614, 30.634, 33.523, 35.989, 37.801, 39.912, 43.103, 43.877, 42.539, 40.967, 40.847, 43.417, 43.85, 42.925, 44.209, 46.46, 46.7, 45.538, 44.652, 44.885, 45.393, 44.314, 43.651, 44.278, 45.176, 45.389, 41.777], [42.409, 41.994, 41.387, 40.944, 40.371, 40.235, 39.605, 36.667, 34.323, 34.333, 32.712, 31.84, 30.68, 29.373, 29.393, 28.579, 25.254, 19.035, 10.368, 4.262, 0.0, 4.669, 13.159, 19.391, 21.183, 22.893, 26.549, 30.622, 33.575, 36.203, 38.093, 40.171, 43.318, 44.073, 42.723, 41.178, 41.109, 43.677, 44.141, 43.268, 44.566, 46.798, 47.007, 45.824, 44.961, 45.209, 45.702, 44.652, 43.987, 44.589, 45.448, 45.637, 42.447], [42.488, 42.129, 41.529, 41.102, 40.542, 40.407, 39.797, 37.006, 34.88, 34.935, 33.432, 32.728, 31.68, 30.559, 30.753, 30.005, 26.856, 20.764, 11.788, 6.117, 4.669, 0.0, 10.334, 17.645, 19.573, 21.268, 25.283, 29.644, 32.63, 35.387, 37.444, 39.549, 42.795, 43.605, 42.23, 40.653, 40.658, 43.331, 43.863, 43.063, 44.425, 46.676, 46.931, 45.799, 44.949, 45.176, 45.656, 44.603, 43.909, 44.483, 45.341, 45.526, 42.464], [43.519, 43.382, 43.04, 42.655, 42.129, 42.018, 41.512, 39.102, 37.261, 37.28, 35.972, 35.515, 34.823, 34.042, 34.214, 33.447, 30.717, 25.493, 17.885, 13.154, 13.159, 10.334, 0.0, 9.836, 13.098, 14.591, 19.691, 25.472, 29.208, 32.869, 35.51, 37.683, 41.132, 42.024, 40.64, 39.061, 39.063, 41.69, 42.417, 42.021, 43.476, 45.43, 45.591, 44.898, 44.333, 44.405, 44.948, 44.135, 43.519, 44.121, 44.927, 45.052, 43.486], [44.933, 44.874, 44.741, 44.448, 43.935, 43.865, 43.461, 41.282, 39.458, 39.411, 38.236, 37.809, 37.293, 36.656, 36.703, 35.891, 33.482, 29.066, 23.041, 19.523, 19.391, 17.645, 9.836, 0.0, 5.775, 8.158, 13.766, 20.921, 25.84, 30.847, 34.048, 36.283, 39.815, 40.668, 39.148, 37.512, 37.511, 40.02, 40.964, 40.969, 42.439, 44.104, 44.14, 43.853, 43.768, 43.85, 44.49, 44.054, 43.653, 44.401, 45.156, 45.231, 44.946], [44.942, 44.883, 44.777, 44.545, 44.034, 43.948, 43.577, 41.485, 39.741, 39.781, 38.734, 38.355, 37.84, 37.291, 37.388, 36.517, 34.145, 29.985, 24.421, 21.32, 21.183, 19.573, 13.098, 5.775, 0.0, 5.259, 11.849, 18.842, 24.008, 29.7, 33.238, 35.533, 39.184, 40.068, 38.419, 36.659, 36.676, 39.291, 40.349, 40.387, 41.876, 43.608, 43.651, 43.326, 43.31, 43.543, 44.223, 43.821, 43.549, 44.369, 45.132, 45.212, 44.986], [46.129, 46.081, 46.009, 45.829, 45.396, 45.319, 44.977, 42.951, 41.094, 40.978, 39.91, 39.44, 38.985, 38.558, 38.614, 37.735, 35.52, 31.491, 26.014, 22.984, 22.893, 21.268, 14.591, 8.158, 5.259, 0.0, 9.27, 17.694, 23.415, 29.617, 33.368, 35.608, 39.208, 40.084, 38.484, 36.767, 36.76, 39.249, 40.425, 40.742, 42.229, 43.74, 43.715, 43.652, 43.812, 44.01, 44.754, 44.537, 44.284, 45.091, 45.813, 45.855, 46.173], [47.924, 47.871, 47.785, 47.652, 47.298, 47.247, 46.935, 44.991, 43.208, 43.182, 42.207, 41.724, 41.373, 40.938, 40.938, 40.204, 38.32, 34.534, 29.307, 26.614, 26.549, 25.283, 19.691, 13.766, 11.849, 9.27, 0.0, 10.795, 19.074, 26.675, 30.768, 33.067, 36.806, 37.673, 36.225, 34.625, 34.621, 37.004, 38.318, 39.264, 40.887, 41.929, 41.813, 42.272, 43.127, 43.552, 44.554, 45.067, 45.402, 46.4, 47.082, 47.103, 47.898], [48.512, 48.458, 48.311, 48.168, 47.86, 47.815, 47.543, 45.811, 44.291, 44.542, 44.009, 43.878, 43.568, 43.066, 43.172, 42.614, 40.952, 37.528, 32.832, 30.634, 30.622, 29.644, 25.472, 20.921, 18.842, 17.694, 10.795, 0.0, 11.079, 21.646, 26.802, 28.843, 32.766, 33.909, 32.778, 31.299, 31.289, 33.759, 35.141, 36.584, 38.526, 39.433, 39.345, 40.161, 41.655, 42.603, 43.862, 44.836, 45.779, 47.007, 47.699, 47.722, 48.484], [47.56, 47.517, 47.301, 47.141, 46.863, 46.807, 46.562, 45.345, 44.47, 44.793, 44.603, 45.017, 44.723, 44.182, 44.519, 44.078, 42.542, 39.607, 35.469, 33.523, 33.575, 32.63, 29.208, 25.84, 24.008, 23.415, 19.074, 11.079, 0.0, 14.646, 22.511, 24.127, 27.92, 29.714, 29.106, 28.09, 28.764, 31.624, 32.73, 34.248, 36.78, 38.12, 38.377, 39.482, 41.251, 42.511, 43.682, 44.48, 45.497, 46.837, 47.615, 47.657, 47.55], [45.387, 45.424, 45.154, 44.985, 44.7, 44.627, 44.338, 43.656, 43.966, 44.638, 44.42, 45.244, 45.009, 44.443, 45.102, 44.792, 43.399, 41.064, 37.584, 35.989, 36.203, 35.387, 32.869, 30.847, 29.7, 29.617, 26.675, 21.646, 14.646, 0.0, 11.337, 14.678, 19.011, 22.048, 23.273, 23.737, 26.025, 29.655, 29.786, 30.805, 34.214, 36.534, 37.944, 39.561, 41.237, 42.608, 43.508, 44.06, 45.091, 46.205, 47.21, 47.451, 45.288], [45.086, 45.101, 44.799, 44.634, 44.39, 44.341, 44.038, 43.397, 44.02, 44.963, 44.821, 45.668, 45.528, 45.018, 45.747, 45.523, 44.285, 42.227, 39.094, 37.801, 38.093, 37.444, 35.51, 34.048, 33.238, 33.368, 30.768, 26.802, 22.511, 11.337, 0.0, 7.774, 14.612, 18.232, 20.979, 22.466, 25.347, 29.157, 28.766, 29.473, 33.139, 35.761, 37.723, 39.58, 41.103, 42.516, 43.396, 44.009, 45.266, 46.325, 47.409, 47.788, 44.907], [46.145, 46.124, 45.854, 45.736, 45.566, 45.545, 45.273, 44.673, 45.12, 46.018, 46.132, 47.009, 46.934, 46.508, 47.196, 46.975, 45.865, 44.05, 41.15, 39.912, 40.171, 39.549, 37.683, 36.283, 35.533, 35.608, 33.067, 28.843, 24.127, 14.678, 7.774, 0.0, 9.906, 15.215, 19.058, 21.536, 24.94, 28.656, 28.415, 29.68, 33.407, 35.706, 37.586, 39.644, 41.341, 42.857, 43.805, 44.593, 46.085, 47.24, 48.25, 48.635, 45.966], [48.066, 48.061, 47.855, 47.796, 47.621, 47.537, 47.293, 46.831, 46.977, 47.51, 47.632, 48.419, 48.437, 48.109, 48.746, 48.561, 47.707, 46.408, 44.114, 43.103, 43.318, 42.795, 41.132, 39.815, 39.184, 39.208, 36.806, 32.766, 27.92, 19.011, 14.612, 9.906, 0.0, 9.044, 16.291, 20.595, 24.998, 28.635, 28.582, 30.586, 34.386, 36.337, 38.192, 40.569, 42.566, 44.18, 45.146, 46.187, 47.871, 49.02, 49.924, 50.293, 47.884], [48.491, 48.486, 48.289, 48.229, 48.001, 47.858, 47.612, 47.154, 47.109, 47.493, 47.597, 48.346, 48.471, 48.275, 48.913, 48.74, 48.019, 46.973, 44.858, 43.877, 44.073, 43.605, 42.024, 40.668, 40.068, 40.084, 37.673, 33.909, 29.714, 22.048, 18.232, 15.215, 9.044, 0.0, 10.382, 16.954, 22.31, 26.311, 26.473, 29.144, 33.333, 35.19, 36.939, 39.519, 41.787, 43.464, 44.535, 45.834, 47.709, 48.974, 49.928, 50.334, 48.295], [47.2, 47.159, 46.91, 46.791, 46.479, 46.329, 46.088, 45.569, 45.531, 46.081, 46.237, 47.037, 47.225, 47.101, 47.767, 47.589, 46.887, 45.826, 43.603, 42.539, 42.723, 42.23, 40.64, 39.148, 38.419, 38.484, 36.225, 32.778, 29.106, 23.273, 20.979, 19.058, 16.291, 10.382, 0.0, 9.444, 17.98, 23.013, 23.287, 26.296, 31.065, 33.348, 35.144, 37.709, 40.047, 41.786, 43.004, 44.191, 45.93, 47.407, 48.493, 48.922, 47.031], [45.899, 45.866, 45.625, 45.467, 45.086, 44.924, 44.687, 44.142, 44.261, 45.032, 45.28, 46.269, 46.452, 46.271, 46.987, 46.756, 45.898, 44.619, 42.122, 40.967, 41.178, 40.653, 39.061, 37.512, 36.659, 36.767, 34.625, 31.299, 28.09, 23.737, 22.466, 21.536, 20.595, 16.954, 9.444, 0.0, 11.895, 19.056, 19.774, 22.701, 28.027, 30.961, 32.899, 35.356, 37.72, 39.581, 40.986, 42.033, 43.592, 45.288, 46.548, 46.962, 45.757], [45.983, 45.914, 45.712, 45.534, 45.138, 44.981, 44.821, 44.248, 44.177, 44.89, 45.218, 46.34, 46.583, 46.371, 47.067, 46.887, 45.987, 44.467, 41.882, 40.847, 41.109, 40.658, 39.063, 37.511, 36.676, 36.76, 34.621, 31.289, 28.764, 26.025, 25.347, 24.94, 24.998, 22.31, 17.98, 11.895, 0.0, 10.027, 13.086, 17.033, 22.577, 25.749, 27.85, 30.705, 33.377, 35.264, 37.084, 38.554, 40.319, 42.184, 43.478, 43.837, 45.938], [48.293, 48.165, 47.958, 47.815, 47.521, 47.386, 47.264, 46.673, 46.2, 46.586, 46.84, 47.742, 48.071, 47.965, 48.538, 48.463, 47.866, 46.489, 44.231, 43.417, 43.677, 43.331, 41.69, 40.02, 39.291, 39.249, 37.004, 33.759, 31.624, 29.655, 29.157, 28.656, 28.635, 26.311, 23.013, 19.056, 10.027, 0.0, 7.514, 15.106, 19.587, 21.449, 23.925, 27.99, 31.086, 32.853, 35.066, 37.216, 39.57, 41.685, 42.845, 43.136, 48.305], [47.647, 47.581, 47.319, 47.169, 46.919, 46.809, 46.639, 46.118, 45.967, 46.486, 46.692, 47.685, 47.988, 47.834, 48.493, 48.469, 47.902, 46.669, 44.604, 43.85, 44.141, 43.863, 42.417, 40.964, 40.349, 40.425, 38.318, 35.141, 32.73, 29.786, 28.766, 28.415, 28.582, 26.473, 23.287, 19.774, 13.086, 7.514, 0.0, 10.337, 16.326, 18.759, 22.27, 26.787, 29.795, 31.679, 33.883, 35.935, 38.586, 40.894, 42.144, 42.526, 47.618], [44.854, 44.879, 44.561, 44.378, 44.11, 44.05, 43.867, 43.494, 44.015, 44.951, 45.204, 46.52, 46.728, 46.437, 47.273, 47.286, 46.577, 45.364, 43.518, 42.925, 43.268, 43.063, 42.021, 40.969, 40.387, 40.742, 39.264, 36.584, 34.248, 30.805, 29.473, 29.68, 30.586, 29.144, 26.296, 22.701, 17.033, 15.106, 10.337, 0.0, 9.556, 16.618, 21.942, 25.767, 28.089, 30.23, 32.345, 33.788, 36.275, 38.497, 39.866, 40.37, 44.811], [45.844, 45.884, 45.575, 45.412, 45.201, 45.175, 45.016, 44.589, 44.939, 45.828, 46.007, 47.106, 47.306, 47.06, 47.807, 47.869, 47.237, 45.961, 44.493, 44.209, 44.566, 44.425, 43.476, 42.439, 41.876, 42.229, 40.887, 38.526, 36.78, 34.214, 33.139, 33.407, 34.386, 33.333, 31.065, 28.027, 22.577, 19.587, 16.326, 9.556, 0.0, 10.871, 18.136, 22.399, 24.904, 27.339, 29.774, 31.696, 34.92, 37.462, 38.817, 39.338, 45.833], [49.194, 49.187, 48.922, 48.821, 48.709, 48.677, 48.556, 48.005, 47.713, 48.194, 48.228, 48.937, 49.282, 49.189, 49.694, 49.782, 49.339, 48.008, 46.691, 46.46, 46.798, 46.676, 45.43, 44.104, 43.608, 43.74, 41.929, 39.433, 38.12, 36.534, 35.761, 35.706, 36.337, 35.19, 33.348, 30.961, 25.749, 21.449, 18.759, 16.618, 10.871, 0.0, 9.81, 17.229, 21.369, 23.876, 26.766, 30.008, 34.656, 37.877, 39.176, 39.66, 49.194], [50.385, 50.338, 50.13, 50.053, 49.96, 49.964, 49.908, 49.244, 48.513, 48.78, 48.834, 49.376, 49.773, 49.744, 50.11, 50.157, 49.732, 48.334, 46.99, 46.7, 47.007, 46.931, 45.591, 44.14, 43.651, 43.715, 41.813, 39.345, 38.377, 37.944, 37.723, 37.586, 38.192, 36.939, 35.144, 32.899, 27.85, 23.925, 22.27, 21.942, 18.136, 9.81, 0.0, 10.546, 16.991, 19.455, 22.502, 26.705, 32.436, 36.469, 37.951, 38.394, 50.416], [48.934, 48.968, 48.797, 48.703, 48.613, 48.7, 48.703, 48.003, 47.404, 47.902, 48.048, 48.643, 48.961, 48.859, 49.287, 49.353, 48.824, 47.297, 45.824, 45.538, 45.824, 45.799, 44.898, 43.853, 43.326, 43.652, 42.272, 40.161, 39.482, 39.561, 39.58, 39.644, 40.569, 39.519, 37.709, 35.356, 30.705, 27.99, 26.787, 25.767, 22.399, 17.229, 10.546, 0.0, 9.016, 13.388, 16.756, 21.436, 28.646, 33.651, 35.497, 36.041, 48.971], [47.186, 47.327, 47.195, 47.057, 47.003, 47.174, 47.199, 46.574, 46.327, 47.093, 47.312, 48.093, 48.375, 48.199, 48.727, 48.821, 48.188, 46.507, 44.916, 44.652, 44.961, 44.949, 44.333, 43.768, 43.31, 43.812, 43.127, 41.655, 41.251, 41.237, 41.103, 41.341, 42.566, 41.787, 40.047, 37.72, 33.377, 31.086, 29.795, 28.089, 24.904, 21.369, 16.991, 9.016, 0.0, 7.734, 12.476, 16.586, 24.779, 30.471, 32.664, 33.393, 47.237], [47.606, 47.726, 47.603, 47.417, 47.334, 47.525, 47.557, 46.965, 46.665, 47.307, 47.539, 48.368, 48.666, 48.518, 49.042, 49.128, 48.494, 46.755, 45.153, 44.885, 45.209, 45.176, 44.405, 43.85, 43.543, 44.01, 43.552, 42.603, 42.511, 42.608, 42.516, 42.857, 44.18, 43.464, 41.786, 39.581, 35.264, 32.853, 31.679, 30.23, 27.339, 23.876, 19.455, 13.388, 7.734, 0.0, 7.008, 12.625, 21.098, 27.424, 30.033, 30.821, 47.689], [47.73, 47.805, 47.64, 47.423, 47.332, 47.536, 47.555, 47.072, 46.98, 47.592, 47.823, 48.703, 48.97, 48.825, 49.385, 49.471, 48.859, 47.216, 45.669, 45.393, 45.702, 45.656, 44.948, 44.49, 44.223, 44.754, 44.554, 43.862, 43.682, 43.508, 43.396, 43.805, 45.146, 44.535, 43.004, 40.986, 37.084, 35.066, 33.883, 32.345, 29.774, 26.766, 22.502, 16.756, 12.476, 7.008, 0.0, 8.584, 18.696, 25.525, 28.427, 29.261, 47.826], [45.753, 45.888, 45.748, 45.453, 45.322, 45.568, 45.574, 45.212, 45.569, 46.47, 46.816, 47.924, 48.11, 47.9, 48.597, 48.666, 47.89, 46.21, 44.612, 44.314, 44.652, 44.603, 44.135, 44.054, 43.821, 44.537, 45.067, 44.836, 44.48, 44.06, 44.009, 44.593, 46.187, 45.834, 44.191, 42.033, 38.554, 37.216, 35.935, 33.788, 31.696, 30.008, 26.705, 21.436, 16.586, 12.625, 8.584, 0.0, 12.722, 21.246, 24.95, 26.006, 45.889], [44.688, 44.826, 44.764, 44.388, 44.118, 44.348, 44.306, 44.07, 44.627, 45.618, 46.151, 47.573, 47.732, 47.462, 48.23, 48.211, 47.219, 45.485, 43.938, 43.651, 43.987, 43.909, 43.519, 43.653, 43.549, 44.284, 45.402, 45.779, 45.497, 45.091, 45.266, 46.085, 47.871, 47.709, 45.93, 43.592, 40.319, 39.57, 38.586, 36.275, 34.92, 34.656, 32.436, 28.646, 24.779, 21.098, 18.696, 12.722, 0.0, 11.937, 17.648, 18.96, 44.881], [44.889, 44.991, 44.944, 44.555, 44.26, 44.493, 44.393, 44.221, 44.987, 46.094, 46.709, 48.27, 48.396, 48.027, 48.77, 48.724, 47.668, 45.944, 44.522, 44.278, 44.589, 44.483, 44.121, 44.401, 44.369, 45.091, 46.4, 47.007, 46.837, 46.205, 46.325, 47.24, 49.02, 48.974, 47.407, 45.288, 42.184, 41.685, 40.894, 38.497, 37.462, 37.877, 36.469, 33.651, 30.471, 27.424, 25.525, 21.246, 11.937, 0.0, 7.848, 10.679, 45.111], [45.894, 45.955, 45.882, 45.505, 45.229, 45.428, 45.323, 45.156, 45.806, 46.856, 47.49, 48.976, 49.109, 48.706, 49.361, 49.334, 48.332, 46.676, 45.402, 45.176, 45.448, 45.341, 44.927, 45.156, 45.132, 45.813, 47.082, 47.699, 47.615, 47.21, 47.409, 48.25, 49.924, 49.928, 48.493, 46.548, 43.478, 42.845, 42.144, 39.866, 38.817, 39.176, 37.951, 35.497, 32.664, 30.033, 28.427, 24.95, 17.648, 7.848, 0.0, 5.118, 46.15], [46.472, 46.512, 46.436, 46.055, 45.739, 45.881, 45.771, 45.618, 46.2, 47.119, 47.748, 49.242, 49.382, 48.989, 49.612, 49.573, 48.587, 46.934, 45.657, 45.389, 45.637, 45.526, 45.052, 45.231, 45.212, 45.855, 47.103, 47.722, 47.657, 47.451, 47.788, 48.635, 50.293, 50.334, 48.922, 46.962, 43.837, 43.136, 42.526, 40.37, 39.338, 39.66, 38.394, 36.041, 33.393, 30.821, 29.261, 26.006, 18.96, 10.679, 5.118, 0.0, 46.743], [6.148, 11.818, 16.976, 19.431, 21.687, 23.923, 25.23, 27.535, 33.151, 38.074, 40.142, 42.928, 43.273, 42.92, 44.434, 44.623, 43.638, 42.854, 41.72, 41.777, 42.447, 42.464, 43.486, 44.946, 44.986, 46.173, 47.898, 48.484, 47.55, 45.288, 44.907, 45.966, 47.884, 48.295, 47.031, 45.757, 45.938, 48.305, 47.618, 44.811, 45.833, 49.194, 50.416, 48.971, 47.237, 47.689, 47.826, 45.889, 44.881, 45.111, 46.15, 46.743, 0.0]]