[[0.0, 3.612, 10.268, 16.78, 20.499, 22.017, 23.103, 27.012, 31.232, 32.35, 32.22, 33.087, 34.315, 35.464, 36.785, 37.087, 38.151, 39.422, 39.158, 39.141, 39.373, 39.162, 38.946, 38.902, 38.74, 38.565, 38.71, 38.907, 38.702, 37.982, 37.202, 37.152, 37.522, 37.446, 36.807, 36.483, 36.498, 36.848, 38.03, 39.131, 39.403, 39.688, 40.709, 40.798, 40.245, 40.085, 39.822, 39.561, 39.461, 39.282, 39.128, 38.99, 38.777, 38.746, 38.785, 38.589, 38.208, 38.017, 37.708, 37.379, 37.577, 38.134, 38.537, 38.477, 38.008, 37.675, 37.668, 37.541, 37.399, 37.387, 37.357, 37.195, 37.162, 37.15, 37.157, 37.392, 37.578, 37.301, 37.028, 37.208, 37.472, 37.602, 37.797, 38.155, 38.45, 38.327, 38.15, 38.427, 38.736, 38.284, 38.022, 38.817, 39.102, 38.35, 37.176, 36.602, 36.489, 36.373, 36.208, 36.271, 36.434, 36.573, 36.689, 36.714, 36.621, 36.498, 37.24, 40.145, 44.37, 47.375, 47.747, 46.75, 46.797, 48.303, 49.856, 50.15, 49.829, 50.468, 51.669, 53.016, 53.871, 53.18, 51.525, 50.324, 50.758, 52.151, 53.553, 54.426, 54.21, 54.048, 55.071, 55.868, 54.361, 51.016, 48.016, 46.667, 47.086, 47.713, 47.636, 47.569, 47.864, 48.178, 48.781, 49.882, 49.886, 4.227], [3.612, 0.0, 7.694, 15.069, 19.262, 20.923, 22.169, 26.442, 30.818, 31.912, 31.707, 32.574, 33.866, 35.065, 36.413, 36.722, 37.803, 39.09, 38.821, 38.815, 39.07, 38.861, 38.642, 38.6, 38.436, 38.271, 38.439, 38.651, 38.441, 37.698, 36.893, 36.834, 37.207, 37.121, 36.462, 36.13, 36.136, 36.497, 37.725, 38.861, 39.136, 39.431, 40.474, 40.564, 40.002, 39.842, 39.581, 39.317, 39.209, 39.02, 38.858, 38.705, 38.475, 38.434, 38.467, 38.265, 37.883, 37.695, 37.383, 37.052, 37.261, 37.826, 38.227, 38.169, 37.698, 37.359, 37.357, 37.229, 37.085, 37.089, 37.077, 36.908, 36.868, 36.86, 36.857, 37.075, 37.258, 36.997, 36.742, 36.929, 37.195, 37.315, 37.5, 37.859, 38.168, 38.045, 37.865, 38.152, 38.462, 37.988, 37.719, 38.558, 38.859, 38.085, 36.879, 36.284, 36.169, 36.053, 35.886, 35.96, 36.127, 36.266, 36.383, 36.412, 36.326, 36.211, 36.982, 39.961, 44.271, 47.317, 47.685, 46.668, 46.719, 48.252, 49.822, 50.117, 49.802, 50.454, 51.662, 53.02, 53.887, 53.194, 51.524, 50.316, 50.771, 52.198, 53.623, 54.496, 54.263, 54.1, 55.145, 55.95, 54.413, 51.009, 47.954, 46.584, 47.011, 47.648, 47.575, 47.508, 47.797, 48.106, 48.712, 49.823, 49.832, 5.975], [10.268, 7.694, 0.0, 8.83, 14.671, 17.199, 18.873, 24.156, 29.219, 30.511, 30.488, 31.684, 33.219, 34.513, 35.869, 36.224, 37.364, 38.686, 38.466, 38.577, 38.908, 38.696, 38.453, 38.405, 38.251, 38.102, 38.283, 38.494, 38.277, 37.52, 36.718, 36.673, 37.06, 36.978, 36.302, 35.937, 35.938, 36.222, 37.36, 38.46, 38.715, 38.991, 40.032, 40.127, 39.594, 39.488, 39.266, 39.011, 38.899, 38.691, 38.504, 38.337, 38.109, 38.084, 38.134, 37.929, 37.521, 37.314, 36.998, 36.669, 36.872, 37.439, 37.84, 37.789, 37.384, 37.118, 37.134, 36.993, 36.834, 36.853, 36.883, 36.736, 36.697, 36.677, 36.638, 36.839, 37.052, 36.835, 36.6, 36.803, 37.066, 37.168, 37.342, 37.707, 38.047, 37.949, 37.755, 38.036, 38.35, 37.85, 37.513, 38.373, 38.67, 37.868, 36.682, 36.12, 36.019, 35.917, 35.75, 35.818, 35.995, 36.153, 36.264, 36.269, 36.177, 36.071, 36.819, 39.769, 44.079, 47.124, 47.478, 46.446, 46.505, 48.076, 49.681, 49.982, 49.67, 50.342, 51.566, 52.926, 53.78, 53.07, 51.401, 50.229, 50.74, 52.207, 53.612, 54.438, 54.178, 54.033, 55.106, 55.895, 54.302, 50.834, 47.715, 46.296, 46.716, 47.373, 47.303, 47.231, 47.523, 47.824, 48.415, 49.517, 49.536, 11.146], [16.78, 15.069, 8.83, 0.0, 7.658, 12.072, 14.561, 20.85, 26.873, 28.616, 29.003, 30.682, 32.513, 33.92, 35.284, 35.685, 36.883, 38.233, 38.078, 38.34, 38.748, 38.531, 38.261, 38.212, 38.077, 37.949, 38.139, 38.354, 38.137, 37.368, 36.557, 36.519, 36.919, 36.841, 36.138, 35.723, 35.699, 35.849, 36.842, 37.901, 38.154, 38.422, 39.466, 39.561, 39.051, 38.993, 38.802, 38.551, 38.447, 38.233, 38.035, 37.885, 37.691, 37.704, 37.794, 37.604, 37.159, 36.905, 36.578, 36.258, 36.452, 37.015, 37.426, 37.401, 37.129, 36.991, 37.004, 36.823, 36.643, 36.656, 36.709, 36.607, 36.6, 36.561, 36.465, 36.659, 36.929, 36.739, 36.481, 36.693, 36.962, 37.064, 37.268, 37.658, 38.004, 37.935, 37.755, 38.021, 38.327, 37.835, 37.425, 38.258, 38.532, 37.683, 36.492, 35.961, 35.877, 35.781, 35.615, 35.712, 35.945, 36.148, 36.264, 36.253, 36.142, 36.015, 36.716, 39.575, 43.801, 46.802, 47.151, 46.119, 46.173, 47.762, 49.407, 49.728, 49.398, 50.059, 51.289, 52.645, 53.485, 52.766, 51.112, 49.971, 50.518, 52.022, 53.43, 54.213, 53.922, 53.782, 54.859, 55.633, 54.018, 50.537, 47.395, 45.943, 46.363, 47.033, 46.959, 46.879, 47.179, 47.475, 48.047, 49.129, 49.132, 17.365], [20.499, 19.262, 14.671, 7.658, 0.0, 6.362, 10.965, 18.301, 24.877, 27.107, 27.928, 29.903, 31.883, 33.346, 34.716, 35.119, 36.32, 37.66, 37.582, 37.995, 38.476, 38.268, 37.985, 37.95, 37.844, 37.731, 37.934, 38.166, 37.96, 37.195, 36.399, 36.375, 36.784, 36.719, 36.032, 35.603, 35.553, 35.651, 36.583, 37.652, 37.946, 38.233, 39.277, 39.354, 38.829, 38.766, 38.571, 38.312, 38.204, 37.991, 37.798, 37.669, 37.511, 37.559, 37.674, 37.498, 37.049, 36.771, 36.431, 36.109, 36.297, 36.844, 37.259, 37.274, 37.086, 37.017, 37.039, 36.851, 36.679, 36.681, 36.74, 36.684, 36.71, 36.665, 36.526, 36.692, 36.974, 36.77, 36.469, 36.693, 36.979, 37.078, 37.289, 37.699, 38.064, 38.04, 37.882, 38.128, 38.415, 37.955, 37.567, 38.382, 38.652, 37.796, 36.572, 36.034, 35.952, 35.851, 35.692, 35.815, 36.082, 36.303, 36.433, 36.444, 36.333, 36.184, 36.848, 39.579, 43.666, 46.594, 46.93, 45.912, 45.958, 47.536, 49.206, 49.559, 49.239, 49.906, 51.135, 52.469, 53.297, 52.595, 50.968, 49.838, 50.371, 51.87, 53.296, 54.09, 53.803, 53.662, 54.727, 55.496, 53.903, 50.479, 47.39, 45.964, 46.388, 47.047, 46.95, 46.849, 47.136, 47.419, 47.97, 49.028, 49.026, 21.012], [22.017, 20.923, 17.199, 12.072, 6.362, 0.0, 7.404, 17.032, 24.08, 26.494, 27.585, 29.581, 31.462, 32.911, 34.286, 34.685, 35.921, 37.315, 37.325, 37.803, 38.308, 38.099, 37.803, 37.775, 37.693, 37.591, 37.8, 38.042, 37.845, 37.096, 36.326, 36.308, 36.711, 36.646, 35.971, 35.542, 35.504, 35.624, 36.545, 37.602, 37.905, 38.215, 39.256, 39.284, 38.721, 38.652, 38.456, 38.198, 38.087, 37.875, 37.681, 37.542, 37.371, 37.418, 37.528, 37.347, 36.91, 36.648, 36.318, 35.994, 36.172, 36.707, 37.134, 37.174, 36.991, 36.927, 36.988, 36.837, 36.683, 36.7, 36.797, 36.759, 36.781, 36.732, 36.586, 36.737, 37.006, 36.779, 36.454, 36.676, 36.964, 37.053, 37.25, 37.668, 38.053, 38.045, 37.881, 38.115, 38.396, 37.941, 37.582, 38.387, 38.655, 37.814, 36.594, 36.052, 35.965, 35.857, 35.692, 35.806, 36.066, 36.286, 36.432, 36.462, 36.359, 36.218, 36.891, 39.593, 43.65, 46.562, 46.901, 45.904, 45.948, 47.513, 49.182, 49.553, 49.263, 49.954, 51.186, 52.502, 53.316, 52.621, 51.005, 49.873, 50.387, 51.877, 53.33, 54.146, 53.868, 53.726, 54.785, 55.546, 53.95, 50.53, 47.464, 46.054, 46.468, 47.115, 47.013, 46.918, 47.217, 47.503, 48.041, 49.084, 49.085, 22.475], [23.103, 22.169, 18.873, 14.561, 10.965, 7.404, 0.0, 12.13, 21.002, 24.113, 26.018, 28.789, 30.891, 32.367, 33.773, 34.297, 35.754, 37.28, 37.386, 37.952, 38.495, 38.281, 37.973, 37.944, 37.866, 37.762, 37.952, 38.177, 37.98, 37.251, 36.497, 36.45, 36.84, 36.803, 36.139, 35.679, 35.605, 35.688, 36.475, 37.367, 37.593, 37.886, 38.916, 38.918, 38.372, 38.345, 38.181, 37.94, 37.845, 37.638, 37.43, 37.254, 37.042, 37.058, 37.15, 36.968, 36.547, 36.314, 35.993, 35.652, 35.818, 36.355, 36.759, 36.779, 36.624, 36.615, 36.729, 36.604, 36.451, 36.485, 36.641, 36.627, 36.644, 36.587, 36.424, 36.547, 36.797, 36.589, 36.302, 36.545, 36.855, 36.978, 37.204, 37.611, 37.981, 37.987, 37.822, 38.04, 38.335, 37.895, 37.49, 38.199, 38.388, 37.512, 36.368, 35.926, 35.863, 35.752, 35.578, 35.68, 35.947, 36.179, 36.319, 36.336, 36.225, 36.076, 36.744, 39.413, 43.452, 46.381, 46.729, 45.744, 45.804, 47.364, 49.011, 49.375, 49.104, 49.829, 51.071, 52.369, 53.138, 52.395, 50.764, 49.636, 50.157, 51.648, 53.094, 53.91, 53.652, 53.517, 54.56, 55.3, 53.668, 50.187, 47.06, 45.614, 46.02, 46.68, 46.578, 46.478, 46.811, 47.132, 47.661, 48.684, 48.668, 23.519], [27.012, 26.442, 24.156, 20.85, 18.301, 17.032, 12.13, 0.0, 11.706, 17.467, 21.903, 26.813, 29.863, 31.518, 32.992, 33.909, 35.836, 37.456, 37.732, 38.573, 39.257, 39.098, 38.843, 38.856, 38.808, 38.706, 38.845, 39.02, 38.84, 38.204, 37.551, 37.497, 37.907, 38.077, 37.642, 37.205, 37.051, 36.964, 37.28, 37.695, 37.753, 37.946, 38.805, 38.795, 38.406, 38.502, 38.431, 38.254, 38.193, 37.994, 37.759, 37.551, 37.341, 37.345, 37.41, 37.254, 36.931, 36.805, 36.55, 36.217, 36.36, 36.867, 37.224, 37.237, 37.238, 37.321, 37.443, 37.323, 37.206, 37.275, 37.487, 37.513, 37.554, 37.522, 37.342, 37.377, 37.58, 37.449, 37.273, 37.575, 37.93, 38.09, 38.322, 38.681, 39.016, 39.073, 38.919, 39.071, 39.325, 38.943, 38.529, 39.012, 39.041, 38.234, 37.37, 37.172, 37.168, 37.097, 36.974, 37.033, 37.264, 37.461, 37.57, 37.582, 37.473, 37.278, 37.71, 39.871, 43.456, 46.164, 46.42, 45.451, 45.545, 47.001, 48.516, 48.831, 48.576, 49.308, 50.502, 51.738, 52.455, 51.693, 50.113, 49.077, 49.636, 51.037, 52.354, 53.154, 52.953, 52.842, 53.843, 54.561, 52.97, 49.57, 46.539, 45.162, 45.592, 46.27, 46.135, 45.937, 46.222, 46.548, 47.028, 47.971, 47.938, 27.299], [31.232, 30.818, 29.219, 26.873, 24.877, 24.08, 21.002, 11.706, 0.0, 8.889, 16.914, 24.214, 28.162, 29.968, 31.546, 33.024, 35.595, 37.383, 37.849, 38.997, 39.846, 39.775, 39.608, 39.704, 39.741, 39.665, 39.732, 39.834, 39.666, 39.143, 38.626, 38.587, 38.977, 39.392, 39.365, 39.155, 39.068, 38.888, 38.773, 38.693, 38.535, 38.591, 39.213, 39.155, 38.906, 39.118, 39.146, 39.043, 39.008, 38.825, 38.597, 38.371, 38.146, 38.118, 38.134, 37.975, 37.74, 37.744, 37.656, 37.48, 37.651, 38.089, 38.409, 38.454, 38.544, 38.584, 38.667, 38.572, 38.541, 38.691, 38.942, 38.946, 38.966, 38.962, 38.783, 38.737, 38.896, 38.859, 38.825, 39.187, 39.566, 39.719, 39.92, 40.246, 40.536, 40.574, 40.43, 40.563, 40.745, 40.372, 40.067, 40.416, 40.311, 39.595, 38.973, 38.95, 38.992, 38.974, 38.907, 38.916, 39.069, 39.208, 39.295, 39.315, 39.233, 39.072, 39.273, 40.891, 44.007, 46.473, 46.651, 45.734, 45.862, 47.198, 48.564, 48.829, 48.577, 49.25, 50.335, 51.485, 52.164, 51.432, 49.94, 48.991, 49.582, 50.917, 52.17, 52.985, 52.839, 52.76, 53.738, 54.461, 52.969, 49.741, 46.925, 45.725, 46.221, 46.884, 46.692, 46.412, 46.66, 46.967, 47.386, 48.268, 48.253, 31.433], [32.35, 31.912, 30.511, 28.616, 27.107, 26.494, 24.113, 17.467, 8.889, 0.0, 10.552, 20.162, 24.867, 26.756, 28.513, 30.433, 33.616, 35.74, 36.288, 37.612, 38.6, 38.573, 38.428, 38.568, 38.651, 38.579, 38.617, 38.696, 38.524, 37.999, 37.497, 37.492, 37.871, 38.379, 38.612, 38.634, 38.656, 38.521, 38.427, 38.303, 38.063, 38.056, 38.63, 38.519, 38.249, 38.471, 38.514, 38.428, 38.399, 38.209, 37.977, 37.718, 37.445, 37.392, 37.383, 37.186, 36.938, 36.98, 36.958, 36.892, 37.122, 37.561, 37.886, 37.927, 37.992, 38.027, 38.117, 38.016, 38.003, 38.197, 38.445, 38.379, 38.361, 38.37, 38.202, 38.163, 38.344, 38.361, 38.389, 38.743, 39.091, 39.219, 39.405, 39.728, 39.995, 39.98, 39.839, 39.999, 40.155, 39.757, 39.548, 40.002, 39.903, 39.117, 38.427, 38.388, 38.442, 38.423, 38.34, 38.326, 38.455, 38.592, 38.669, 38.668, 38.592, 38.471, 38.734, 40.543, 43.857, 46.442, 46.663, 45.745, 45.899, 47.254, 48.59, 48.82, 48.557, 49.236, 50.343, 51.547, 52.282, 51.563, 50.05, 49.06, 49.631, 51.008, 52.338, 53.183, 53.014, 52.938, 53.963, 54.708, 53.182, 49.882, 47.012, 45.833, 46.385, 47.055, 46.855, 46.627, 46.941, 47.272, 47.715, 48.647, 48.62, 32.578], [32.22, 31.707, 30.488, 29.003, 27.928, 27.585, 26.018, 21.903, 16.914, 10.552, 0.0, 11.8, 18.422, 21.112, 23.398, 25.904, 29.885, 32.583, 33.293, 34.774, 35.904, 35.887, 35.733, 35.901, 35.992, 35.903, 35.98, 36.101, 35.91, 35.293, 34.722, 34.814, 35.308, 35.871, 36.175, 36.336, 36.469, 36.573, 36.917, 37.17, 37.032, 37.125, 37.868, 37.716, 37.279, 37.403, 37.346, 37.194, 37.146, 36.916, 36.638, 36.343, 36.031, 35.965, 35.934, 35.649, 35.275, 35.236, 35.162, 35.105, 35.397, 35.887, 36.248, 36.244, 36.188, 36.202, 36.305, 36.174, 36.136, 36.359, 36.581, 36.395, 36.314, 36.325, 36.192, 36.254, 36.519, 36.489, 36.425, 36.728, 37.022, 37.104, 37.306, 37.697, 37.993, 37.904, 37.757, 37.991, 38.155, 37.693, 37.609, 38.49, 38.582, 37.593, 36.554, 36.305, 36.306, 36.219, 36.045, 36.045, 36.22, 36.39, 36.453, 36.397, 36.295, 36.171, 36.67, 39.133, 42.989, 45.843, 46.153, 45.187, 45.34, 46.811, 48.232, 48.45, 48.16, 48.894, 50.128, 51.52, 52.452, 51.801, 50.204, 49.075, 49.587, 51.103, 52.644, 53.531, 53.259, 53.161, 54.291, 55.076, 53.412, 49.875, 46.804, 45.57, 46.174, 46.865, 46.692, 46.592, 47.013, 47.38, 47.904, 48.96, 48.943, 32.559], [33.087, 32.574, 31.684, 30.682, 29.903, 29.581, 28.789, 26.813, 24.214, 20.162, 11.8, 0.0, 9.368, 14.508, 17.98, 20.895, 25.712, 29.255, 30.403, 32.045, 33.232, 33.226, 33.109, 33.339, 33.454, 33.375, 33.541, 33.736, 33.558, 32.905, 32.303, 32.51, 33.172, 33.842, 34.194, 34.474, 34.736, 35.156, 36.126, 36.906, 36.951, 37.248, 38.208, 37.972, 37.292, 37.239, 37.032, 36.805, 36.734, 36.474, 36.168, 35.878, 35.584, 35.517, 35.445, 35.057, 34.528, 34.319, 34.095, 33.954, 34.26, 34.771, 35.142, 35.045, 34.81, 34.762, 34.849, 34.682, 34.601, 34.846, 35.064, 34.788, 34.655, 34.675, 34.598, 34.778, 35.109, 34.971, 34.735, 34.967, 35.218, 35.254, 35.472, 35.965, 36.339, 36.215, 36.044, 36.348, 36.557, 36.055, 36.037, 37.297, 37.657, 36.586, 35.218, 34.706, 34.613, 34.451, 34.185, 34.198, 34.42, 34.612, 34.661, 34.554, 34.417, 34.313, 35.097, 38.213, 42.562, 45.599, 45.952, 44.937, 45.054, 46.626, 48.172, 48.432, 48.143, 48.911, 50.248, 51.795, 52.904, 52.341, 50.674, 49.37, 49.747, 51.37, 53.17, 54.168, 53.834, 53.693, 54.892, 55.721, 53.972, 50.282, 47.09, 45.817, 46.424, 47.124, 47.005, 46.998, 47.438, 47.779, 48.352, 49.506, 49.537, 33.506], [34.315, 33.866, 33.219, 32.513, 31.883, 31.462, 30.891, 29.863, 28.162, 24.867, 18.422, 9.368, 0.0, 7.792, 13.429, 16.733, 22.314, 26.857, 28.746, 30.675, 31.878, 31.895, 31.84, 32.132, 32.271, 32.175, 32.351, 32.586, 32.466, 31.877, 31.35, 31.65, 32.385, 33.131, 33.582, 33.968, 34.286, 34.849, 36.175, 37.245, 37.351, 37.709, 38.752, 38.467, 37.651, 37.5, 37.218, 36.944, 36.849, 36.594, 36.32, 36.071, 35.799, 35.728, 35.62, 35.168, 34.546, 34.224, 33.902, 33.698, 33.986, 34.495, 34.863, 34.715, 34.367, 34.283, 34.363, 34.195, 34.092, 34.339, 34.569, 34.299, 34.166, 34.184, 34.134, 34.38, 34.732, 34.532, 34.216, 34.435, 34.687, 34.689, 34.876, 35.399, 35.815, 35.716, 35.531, 35.821, 36.042, 35.533, 35.502, 36.865, 37.375, 36.332, 34.8, 34.127, 33.979, 33.8, 33.503, 33.48, 33.687, 33.876, 33.915, 33.782, 33.624, 33.562, 34.536, 38.039, 42.68, 45.803, 46.154, 45.108, 45.201, 46.825, 48.468, 48.776, 48.486, 49.263, 50.636, 52.239, 53.422, 52.905, 51.213, 49.806, 50.072, 51.73, 53.667, 54.778, 54.457, 54.287, 55.501, 56.361, 54.597, 50.862, 47.635, 46.351, 46.934, 47.622, 47.528, 47.523, 47.9, 48.194, 48.795, 50.005, 50.063, 34.723], [35.464, 35.065, 34.513, 33.92, 33.346, 32.911, 32.367, 31.518, 29.968, 26.756, 21.112, 14.508, 7.792, 0.0, 7.568, 12.646, 19.638, 25.018, 27.668, 30.132, 31.498, 31.566, 31.56, 31.902, 32.077, 31.981, 32.117, 32.348, 32.277, 31.78, 31.356, 31.691, 32.44, 33.255, 33.823, 34.286, 34.622, 35.168, 36.462, 37.529, 37.603, 37.904, 38.905, 38.627, 37.83, 37.696, 37.429, 37.154, 37.053, 36.825, 36.597, 36.372, 36.112, 36.055, 35.941, 35.485, 34.877, 34.573, 34.269, 34.078, 34.357, 34.834, 35.199, 35.048, 34.671, 34.572, 34.655, 34.517, 34.431, 34.656, 34.863, 34.61, 34.502, 34.519, 34.469, 34.718, 35.08, 34.925, 34.652, 34.862, 35.085, 35.04, 35.16, 35.64, 36.05, 35.998, 35.83, 36.08, 36.274, 35.792, 35.752, 37.07, 37.603, 36.609, 35.092, 34.443, 34.31, 34.139, 33.854, 33.808, 33.989, 34.149, 34.162, 34.016, 33.844, 33.8, 34.806, 38.307, 42.913, 45.993, 46.329, 45.302, 45.398, 46.984, 48.598, 48.892, 48.584, 49.359, 50.73, 52.34, 53.566, 53.089, 51.423, 49.992, 50.202, 51.842, 53.815, 54.988, 54.695, 54.509, 55.714, 56.605, 54.897, 51.247, 48.112, 46.884, 47.46, 48.119, 48.019, 48.014, 48.374, 48.658, 49.265, 50.48, 50.541, 35.839], [36.785, 36.413, 35.869, 35.284, 34.716, 34.286, 33.773, 32.992, 31.546, 28.513, 23.398, 17.98, 13.429, 7.568, 0.0, 7.981, 17.384, 23.62, 26.973, 30.028, 31.638, 31.795, 31.849, 32.247, 32.499, 32.484, 32.629, 32.841, 32.813, 32.455, 32.152, 32.469, 33.189, 34.074, 34.75, 35.269, 35.61, 36.031, 37.075, 37.978, 38.02, 38.282, 39.197, 38.92, 38.169, 38.054, 37.814, 37.56, 37.473, 37.279, 37.086, 36.884, 36.67, 36.65, 36.549, 36.133, 35.603, 35.361, 35.121, 34.982, 35.258, 35.687, 36.033, 35.907, 35.598, 35.527, 35.638, 35.548, 35.485, 35.683, 35.854, 35.616, 35.53, 35.551, 35.5, 35.732, 36.088, 35.985, 35.761, 35.93, 36.108, 36.036, 36.101, 36.52, 36.908, 36.879, 36.715, 36.917, 37.079, 36.646, 36.605, 37.789, 38.277, 37.385, 36.027, 35.479, 35.379, 35.237, 35.01, 34.982, 35.144, 35.271, 35.261, 35.116, 34.945, 34.906, 35.813, 39.009, 43.317, 46.231, 46.53, 45.548, 45.656, 47.159, 48.68, 48.932, 48.62, 49.392, 50.738, 52.308, 53.507, 53.041, 51.428, 50.049, 50.247, 51.814, 53.717, 54.881, 54.619, 54.429, 55.584, 56.465, 54.857, 51.395, 48.436, 47.282, 47.841, 48.453, 48.317, 48.303, 48.678, 48.97, 49.553, 50.727, 50.788, 37.119], [37.087, 36.722, 36.224, 35.685, 35.119, 34.685, 34.297, 33.909, 33.024, 30.433, 25.904, 20.895, 16.733, 12.646, 7.981, 0.0, 11.291, 19.213, 23.938, 27.717, 29.574, 29.826, 29.955, 30.431, 30.781, 30.902, 31.164, 31.439, 31.457, 31.215, 31.069, 31.471, 32.248, 33.237, 34.068, 34.737, 35.139, 35.62, 36.839, 37.859, 37.951, 38.349, 39.45, 39.205, 38.295, 38.043, 37.764, 37.505, 37.439, 37.284, 37.104, 36.912, 36.716, 36.706, 36.617, 36.231, 35.717, 35.445, 35.185, 35.048, 35.328, 35.755, 36.088, 35.973, 35.672, 35.602, 35.735, 35.685, 35.647, 35.86, 36.049, 35.856, 35.806, 35.845, 35.824, 36.081, 36.434, 36.305, 36.047, 36.176, 36.324, 36.267, 36.358, 36.768, 37.144, 37.108, 36.927, 37.118, 37.297, 36.871, 36.815, 37.973, 38.473, 37.626, 36.251, 35.63, 35.512, 35.373, 35.153, 35.152, 35.308, 35.418, 35.414, 35.279, 35.098, 35.07, 36.057, 39.28, 43.586, 46.514, 46.834, 45.867, 45.961, 47.452, 48.976, 49.239, 48.935, 49.68, 50.994, 52.531, 53.677, 53.164, 51.555, 50.211, 50.415, 51.937, 53.791, 54.916, 54.648, 54.433, 55.529, 56.378, 54.813, 51.443, 48.54, 47.37, 47.877, 48.459, 48.318, 48.31, 48.706, 49.005, 49.584, 50.755, 50.819, 37.421], [38.151, 37.803, 37.364, 36.883, 36.32, 35.921, 35.754, 35.836, 35.595, 33.616, 29.885, 25.712, 22.314, 19.638, 17.384, 11.291, 0.0, 10.514, 18.609, 24.188, 26.52, 26.894, 27.141, 27.695, 28.148, 28.439, 28.865, 29.254, 29.329, 29.252, 29.462, 30.101, 30.942, 32.061, 33.183, 34.115, 34.649, 35.422, 37.135, 38.414, 38.561, 39.092, 40.431, 40.33, 39.312, 38.911, 38.601, 38.336, 38.281, 38.164, 37.994, 37.795, 37.581, 37.549, 37.482, 37.168, 36.709, 36.405, 36.11, 35.972, 36.237, 36.627, 36.912, 36.771, 36.398, 36.235, 36.335, 36.343, 36.4, 36.647, 36.846, 36.752, 36.788, 36.864, 36.868, 37.113, 37.443, 37.316, 37.078, 37.2, 37.294, 37.213, 37.304, 37.681, 38.023, 37.987, 37.8, 37.966, 38.113, 37.68, 37.563, 38.68, 39.255, 38.535, 37.209, 36.565, 36.464, 36.352, 36.146, 36.178, 36.38, 36.514, 36.531, 36.412, 36.231, 36.191, 37.114, 40.153, 44.363, 47.305, 47.688, 46.786, 46.853, 48.276, 49.763, 50.029, 49.726, 50.418, 51.657, 53.101, 54.151, 53.601, 52.037, 50.738, 50.9, 52.346, 54.175, 55.257, 54.968, 54.714, 55.728, 56.55, 55.095, 51.934, 49.186, 48.021, 48.431, 48.963, 48.863, 48.898, 49.31, 49.593, 50.145, 51.297, 51.389, 38.5], [39.422, 39.09, 38.686, 38.233, 37.66, 37.315, 37.28, 37.456, 37.383, 35.74, 32.583, 29.255, 26.857, 25.018, 23.62, 19.213, 10.514, 0.0, 11.533, 20.146, 23.794, 24.453, 24.735, 25.355, 25.918, 26.385, 26.954, 27.405, 27.484, 27.571, 28.227, 29.164, 30.061, 31.247, 32.568, 33.694, 34.385, 35.464, 37.537, 39.028, 39.236, 39.779, 41.255, 41.383, 40.446, 39.997, 39.674, 39.398, 39.34, 39.254, 39.107, 38.939, 38.743, 38.694, 38.635, 38.372, 37.969, 37.684, 37.421, 37.309, 37.547, 37.907, 38.176, 38.009, 37.519, 37.187, 37.24, 37.321, 37.488, 37.78, 37.977, 37.936, 38.027, 38.149, 38.171, 38.348, 38.6, 38.485, 38.324, 38.5, 38.589, 38.472, 38.507, 38.795, 39.053, 39.034, 38.906, 39.068, 39.17, 38.744, 38.591, 39.649, 40.245, 39.59, 38.375, 37.851, 37.806, 37.731, 37.591, 37.671, 37.889, 38.03, 38.08, 38.002, 37.836, 37.768, 38.531, 41.19, 45.121, 47.983, 48.397, 47.558, 47.6, 48.924, 50.333, 50.589, 50.29, 50.912, 52.058, 53.4, 54.344, 53.786, 52.323, 51.119, 51.277, 52.644, 54.43, 55.464, 55.176, 54.928, 55.875, 56.653, 55.291, 52.345, 49.786, 48.662, 49.009, 49.518, 49.448, 49.456, 49.807, 50.063, 50.581, 51.688, 51.82, 39.767], [39.158, 38.821, 38.466, 38.078, 37.582, 37.325, 37.386, 37.732, 37.849, 36.288, 33.293, 30.403, 28.746, 27.668, 26.973, 23.938, 18.609, 11.533, 0.0, 11.506, 17.649, 19.219, 19.622, 20.491, 21.329, 22.066, 22.928, 23.491, 23.568, 23.808, 24.956, 26.384, 27.536, 28.833, 30.298, 31.677, 32.617, 34.03, 36.474, 38.265, 38.636, 39.261, 40.844, 41.121, 40.339, 39.987, 39.647, 39.298, 39.192, 39.093, 38.963, 38.83, 38.645, 38.598, 38.553, 38.265, 37.776, 37.424, 37.132, 37.001, 37.232, 37.625, 37.964, 37.827, 37.246, 36.826, 36.876, 36.972, 37.141, 37.451, 37.658, 37.617, 37.715, 37.869, 37.926, 38.089, 38.287, 38.126, 37.959, 38.159, 38.279, 38.178, 38.196, 38.418, 38.588, 38.514, 38.424, 38.682, 38.834, 38.348, 38.164, 39.329, 39.957, 39.21, 37.922, 37.415, 37.384, 37.281, 37.152, 37.275, 37.487, 37.633, 37.711, 37.664, 37.51, 37.434, 38.237, 41.059, 45.169, 48.149, 48.599, 47.729, 47.765, 49.119, 50.545, 50.819, 50.542, 51.173, 52.334, 53.7, 54.633, 54.051, 52.568, 51.379, 51.597, 52.976, 54.698, 55.65, 55.324, 55.093, 56.052, 56.808, 55.397, 52.361, 49.705, 48.518, 48.857, 49.394, 49.339, 49.332, 49.691, 49.987, 50.529, 51.652, 51.807, 39.507], [39.141, 38.815, 38.577, 38.34, 37.995, 37.803, 37.952, 38.573, 38.997, 37.612, 34.774, 32.045, 30.675, 30.132, 30.028, 27.717, 24.188, 20.146, 11.506, 0.0, 8.37, 11.724, 13.014, 14.556, 15.977, 17.253, 18.63, 19.389, 19.535, 20.02, 21.741, 23.781, 25.25, 26.662, 28.363, 30.132, 31.398, 33.119, 35.885, 37.956, 38.539, 39.367, 41.04, 41.252, 40.497, 40.266, 39.939, 39.518, 39.348, 39.23, 39.111, 38.991, 38.787, 38.715, 38.675, 38.385, 37.843, 37.427, 37.083, 36.927, 37.153, 37.564, 37.978, 37.905, 37.255, 36.782, 36.813, 36.882, 37.008, 37.291, 37.487, 37.451, 37.549, 37.697, 37.766, 37.926, 38.082, 37.882, 37.692, 37.873, 38.015, 37.99, 38.068, 38.279, 38.384, 38.224, 38.119, 38.436, 38.645, 38.156, 38.002, 39.271, 39.905, 39.036, 37.606, 37.044, 37.014, 36.882, 36.736, 36.911, 37.14, 37.274, 37.335, 37.284, 37.139, 37.072, 37.995, 41.112, 45.46, 48.511, 48.927, 48.013, 48.059, 49.454, 50.904, 51.188, 50.918, 51.567, 52.761, 54.146, 55.08, 54.471, 52.926, 51.696, 51.927, 53.312, 54.966, 55.876, 55.541, 55.314, 56.308, 57.093, 55.646, 52.49, 49.699, 48.448, 48.795, 49.341, 49.256, 49.229, 49.59, 49.901, 50.469, 51.605, 51.746, 39.496], [39.373, 39.07, 38.908, 38.748, 38.476, 38.308, 38.495, 39.257, 39.846, 38.6, 35.904, 33.232, 31.878, 31.498, 31.638, 29.574, 26.52, 23.794, 17.649, 8.37, 0.0, 5.021, 8.2, 10.792, 12.812, 14.596, 16.339, 17.256, 17.507, 18.208, 20.28, 22.641, 24.237, 25.682, 27.578, 29.596, 31.064, 32.962, 35.898, 38.116, 38.808, 39.751, 41.494, 41.655, 40.798, 40.555, 40.252, 39.834, 39.649, 39.537, 39.429, 39.3, 39.067, 38.967, 38.913, 38.628, 38.107, 37.689, 37.325, 37.154, 37.365, 37.761, 38.19, 38.145, 37.487, 37.013, 37.016, 37.054, 37.164, 37.443, 37.647, 37.638, 37.74, 37.865, 37.922, 38.08, 38.224, 38.018, 37.819, 37.968, 38.105, 38.121, 38.254, 38.507, 38.611, 38.399, 38.24, 38.537, 38.755, 38.305, 38.211, 39.463, 40.056, 39.15, 37.679, 37.086, 37.052, 36.92, 36.752, 36.937, 37.189, 37.327, 37.375, 37.318, 37.177, 37.11, 38.087, 41.299, 45.694, 48.718, 49.093, 48.175, 48.245, 49.646, 51.074, 51.339, 51.054, 51.677, 52.855, 54.238, 55.168, 54.55, 52.975, 51.705, 51.914, 53.304, 54.959, 55.896, 55.581, 55.347, 56.354, 57.178, 55.742, 52.555, 49.732, 48.478, 48.837, 49.378, 49.286, 49.278, 49.631, 49.918, 50.481, 51.617, 51.741, 39.736], [39.162, 38.861, 38.696, 38.531, 38.268, 38.099, 38.281, 39.098, 39.775, 38.573, 35.887, 33.226, 31.895, 31.566, 31.795, 29.826, 26.894, 24.453, 19.219, 11.724, 5.021, 0.0, 4.448, 7.982, 10.527, 12.666, 14.634, 15.661, 15.965, 16.804, 19.163, 21.739, 23.366, 24.755, 26.691, 28.793, 30.365, 32.403, 35.464, 37.789, 38.542, 39.508, 41.293, 41.498, 40.622, 40.348, 40.049, 39.658, 39.491, 39.382, 39.273, 39.127, 38.862, 38.743, 38.686, 38.396, 37.875, 37.455, 37.084, 36.912, 37.141, 37.554, 37.99, 37.948, 37.286, 36.802, 36.778, 36.791, 36.893, 37.182, 37.411, 37.411, 37.503, 37.622, 37.684, 37.857, 38.018, 37.809, 37.593, 37.726, 37.867, 37.893, 38.039, 38.323, 38.447, 38.224, 38.045, 38.335, 38.555, 38.11, 38.033, 39.286, 39.878, 38.967, 37.457, 36.819, 36.773, 36.643, 36.464, 36.637, 36.893, 37.039, 37.088, 37.028, 36.885, 36.818, 37.825, 41.092, 45.523, 48.567, 48.952, 48.03, 48.099, 49.516, 50.952, 51.208, 50.907, 51.515, 52.685, 54.068, 54.998, 54.376, 52.787, 51.5, 51.708, 53.128, 54.833, 55.796, 55.481, 55.246, 56.268, 57.107, 55.655, 52.424, 49.563, 48.301, 48.673, 49.227, 49.145, 49.148, 49.504, 49.784, 50.345, 51.492, 51.618, 39.527], [38.946, 38.642, 38.453, 38.261, 37.985, 37.803, 37.973, 38.843, 39.608, 38.428, 35.733, 33.109, 31.84, 31.56, 31.849, 29.955, 27.141, 24.735, 19.622, 13.014, 8.2, 4.448, 0.0, 4.257, 7.678, 10.456, 12.803, 13.988, 14.324, 15.306, 18.033, 20.878, 22.549, 23.848, 25.752, 27.904, 29.578, 31.781, 34.967, 37.37, 38.179, 39.165, 40.965, 41.218, 40.402, 40.146, 39.84, 39.462, 39.32, 39.22, 39.108, 38.956, 38.681, 38.56, 38.512, 38.218, 37.677, 37.248, 36.875, 36.705, 36.951, 37.39, 37.845, 37.818, 37.16, 36.654, 36.597, 36.581, 36.664, 36.951, 37.187, 37.18, 37.263, 37.385, 37.46, 37.661, 37.853, 37.636, 37.389, 37.508, 37.657, 37.699, 37.853, 38.141, 38.27, 38.051, 37.885, 38.193, 38.426, 37.969, 37.881, 39.145, 39.745, 38.819, 37.274, 36.609, 36.556, 36.431, 36.245, 36.408, 36.663, 36.815, 36.862, 36.796, 36.658, 36.606, 37.626, 40.905, 45.35, 48.414, 48.816, 47.89, 47.946, 49.377, 50.837, 51.096, 50.785, 51.384, 52.545, 53.924, 54.858, 54.243, 52.657, 51.364, 51.57, 53.015, 54.767, 55.751, 55.438, 55.208, 56.239, 57.073, 55.598, 52.331, 49.443, 48.173, 48.553, 49.125, 49.06, 49.062, 49.411, 49.691, 50.258, 51.417, 51.546, 39.323], [38.902, 38.6, 38.405, 38.212, 37.95, 37.775, 37.944, 38.856, 39.704, 38.568, 35.901, 33.339, 32.132, 31.902, 32.247, 30.431, 27.695, 25.355, 20.491, 14.556, 10.792, 7.982, 4.257, 0.0, 4.287, 8.125, 11.119, 12.534, 12.936, 14.051, 17.076, 20.152, 21.893, 23.153, 25.045, 27.232, 28.982, 31.338, 34.667, 37.148, 38.01, 39.02, 40.812, 41.071, 40.299, 40.074, 39.764, 39.377, 39.252, 39.174, 39.068, 38.916, 38.641, 38.52, 38.472, 38.176, 37.632, 37.205, 36.835, 36.658, 36.903, 37.349, 37.818, 37.816, 37.172, 36.646, 36.561, 36.526, 36.604, 36.898, 37.138, 37.124, 37.207, 37.336, 37.42, 37.638, 37.844, 37.617, 37.349, 37.455, 37.607, 37.663, 37.827, 38.11, 38.224, 38.002, 37.853, 38.176, 38.412, 37.944, 37.845, 39.11, 39.703, 38.76, 37.216, 36.565, 36.514, 36.396, 36.212, 36.371, 36.63, 36.792, 36.839, 36.77, 36.638, 36.598, 37.587, 40.81, 45.226, 48.284, 48.694, 47.772, 47.818, 49.246, 50.708, 50.963, 50.645, 51.235, 52.384, 53.76, 54.707, 54.109, 52.53, 51.229, 51.422, 52.878, 54.668, 55.679, 55.375, 55.149, 56.18, 57.013, 55.536, 52.27, 49.384, 48.11, 48.485, 49.067, 49.026, 49.048, 49.4, 49.676, 50.244, 51.406, 51.54, 39.294], [38.74, 38.436, 38.251, 38.077, 37.844, 37.693, 37.866, 38.808, 39.741, 38.651, 35.992, 33.454, 32.271, 32.077, 32.499, 30.781, 28.148, 25.918, 21.329, 15.977, 12.812, 10.527, 7.678, 4.287, 0.0, 4.79, 8.758, 10.611, 11.118, 12.409, 15.78, 19.112, 20.953, 22.219, 24.173, 26.467, 28.297, 30.775, 34.245, 36.82, 37.728, 38.759, 40.561, 40.83, 40.074, 39.859, 39.552, 39.164, 39.043, 38.982, 38.893, 38.739, 38.447, 38.311, 38.255, 37.959, 37.422, 37.007, 36.641, 36.45, 36.685, 37.136, 37.614, 37.628, 36.998, 36.474, 36.385, 36.338, 36.412, 36.715, 36.964, 36.941, 37.016, 37.157, 37.256, 37.487, 37.696, 37.461, 37.184, 37.287, 37.437, 37.49, 37.647, 37.926, 38.033, 37.799, 37.649, 37.979, 38.215, 37.731, 37.627, 38.913, 39.502, 38.533, 36.984, 36.352, 36.297, 36.173, 35.99, 36.152, 36.414, 36.584, 36.634, 36.564, 36.436, 36.401, 37.385, 40.62, 45.061, 48.138, 48.556, 47.631, 47.676, 49.119, 50.583, 50.83, 50.511, 51.107, 52.256, 53.643, 54.61, 54.016, 52.422, 51.105, 51.296, 52.768, 54.585, 55.618, 55.314, 55.081, 56.113, 56.949, 55.467, 52.185, 49.282, 47.997, 48.371, 48.962, 48.937, 48.98, 49.348, 49.629, 50.199, 51.37, 51.508, 39.128], [38.565, 38.271, 38.102, 37.949, 37.731, 37.591, 37.762, 38.706, 39.665, 38.579, 35.903, 33.375, 32.175, 31.981, 32.484, 30.902, 28.439, 26.385, 22.066, 17.253, 14.596, 12.666, 10.456, 8.125, 4.79, 0.0, 4.761, 7.405, 8.351, 10.171, 14.274, 18.017, 20.005, 21.337, 23.409, 25.876, 27.827, 30.387, 33.91, 36.521, 37.45, 38.493, 40.308, 40.587, 39.839, 39.631, 39.345, 38.97, 38.843, 38.781, 38.708, 38.573, 38.277, 38.126, 38.06, 37.758, 37.212, 36.794, 36.419, 36.214, 36.438, 36.886, 37.368, 37.39, 36.774, 36.267, 36.174, 36.103, 36.169, 36.488, 36.758, 36.746, 36.823, 36.976, 37.09, 37.331, 37.542, 37.298, 37.016, 37.131, 37.284, 37.318, 37.456, 37.732, 37.839, 37.608, 37.457, 37.778, 38.01, 37.532, 37.437, 38.743, 39.336, 38.348, 36.79, 36.174, 36.118, 35.99, 35.813, 35.971, 36.22, 36.378, 36.419, 36.345, 36.22, 36.182, 37.167, 40.445, 44.928, 48.027, 48.446, 47.511, 47.561, 49.024, 50.501, 50.751, 50.434, 51.041, 52.199, 53.596, 54.569, 53.969, 52.361, 51.037, 51.237, 52.723, 54.547, 55.581, 55.259, 55.007, 56.034, 56.866, 55.37, 52.061, 49.133, 47.844, 48.224, 48.82, 48.808, 48.862, 49.232, 49.515, 50.092, 51.276, 51.412, 38.928], [38.71, 38.439, 38.283, 38.139, 37.934, 37.8, 37.952, 38.845, 39.732, 38.617, 35.98, 33.541, 32.351, 32.117, 32.629, 31.164, 28.865, 26.954, 22.928, 18.63, 16.339, 14.634, 12.803, 11.119, 8.758, 4.761, 0.0, 3.514, 5.676, 8.809, 13.787, 17.825, 19.886, 21.331, 23.501, 26.021, 28.019, 30.566, 34.001, 36.544, 37.455, 38.483, 40.283, 40.567, 39.828, 39.629, 39.374, 39.016, 38.882, 38.813, 38.753, 38.652, 38.392, 38.256, 38.182, 37.868, 37.313, 36.882, 36.493, 36.285, 36.494, 36.924, 37.4, 37.431, 36.84, 36.345, 36.247, 36.169, 36.24, 36.574, 36.874, 36.903, 37.005, 37.167, 37.275, 37.508, 37.715, 37.468, 37.187, 37.321, 37.479, 37.498, 37.63, 37.907, 38.003, 37.779, 37.635, 37.928, 38.146, 37.698, 37.612, 38.897, 39.484, 38.502, 36.971, 36.391, 36.347, 36.232, 36.082, 36.236, 36.461, 36.599, 36.632, 36.552, 36.423, 36.38, 37.331, 40.569, 45.019, 48.099, 48.517, 47.588, 47.637, 49.08, 50.548, 50.801, 50.49, 51.104, 52.261, 53.645, 54.602, 53.999, 52.399, 51.089, 51.288, 52.763, 54.568, 55.587, 55.247, 54.981, 55.995, 56.819, 55.325, 52.024, 49.103, 47.818, 48.188, 48.779, 48.776, 48.83, 49.188, 49.465, 50.04, 51.224, 51.36, 39.034], [38.907, 38.651, 38.494, 38.354, 38.166, 38.042, 38.177, 39.02, 39.834, 38.696, 36.101, 33.736, 32.586, 32.348, 32.841, 31.439, 29.254, 27.405, 23.491, 19.389, 17.256, 15.661, 13.988, 12.534, 10.611, 7.405, 3.514, 0.0, 3.413, 8.067, 13.706, 17.857, 19.923, 21.483, 23.749, 26.265, 28.254, 30.758, 34.083, 36.555, 37.447, 38.465, 40.259, 40.559, 39.844, 39.659, 39.418, 39.067, 38.921, 38.839, 38.78, 38.7, 38.469, 38.361, 38.299, 37.98, 37.417, 36.987, 36.605, 36.407, 36.608, 37.024, 37.497, 37.533, 36.962, 36.484, 36.397, 36.329, 36.404, 36.734, 37.044, 37.101, 37.226, 37.391, 37.491, 37.718, 37.925, 37.684, 37.414, 37.556, 37.712, 37.728, 37.868, 38.155, 38.246, 38.016, 37.867, 38.148, 38.361, 37.927, 37.845, 39.105, 39.682, 38.713, 37.205, 36.635, 36.591, 36.484, 36.348, 36.494, 36.702, 36.833, 36.868, 36.788, 36.651, 36.61, 37.559, 40.772, 45.186, 48.247, 48.666, 47.746, 47.793, 49.215, 50.665, 50.915, 50.608, 51.219, 52.368, 53.74, 54.684, 54.074, 52.481, 51.182, 51.38, 52.838, 54.621, 55.631, 55.294, 55.031, 56.039, 56.861, 55.375, 52.091, 49.182, 47.893, 48.249, 48.83, 48.825, 48.869, 49.22, 49.499, 50.073, 51.253, 51.389, 39.207], [38.702, 38.441, 38.277, 38.137, 37.96, 37.845, 37.98, 38.84, 39.666, 38.524, 35.91, 33.558, 32.466, 32.277, 32.813, 31.457, 29.329, 27.484, 23.568, 19.535, 17.507, 15.965, 14.324, 12.936, 11.118, 8.351, 5.676, 3.413, 0.0, 5.615, 12.187, 16.791, 18.992, 20.635, 23.027, 25.658, 27.734, 30.331, 33.732, 36.254, 37.153, 38.19, 40.021, 40.34, 39.639, 39.469, 39.223, 38.858, 38.698, 38.594, 38.522, 38.443, 38.213, 38.123, 38.093, 37.778, 37.194, 36.759, 36.383, 36.196, 36.412, 36.844, 37.324, 37.346, 36.76, 36.288, 36.201, 36.125, 36.2, 36.535, 36.843, 36.901, 37.027, 37.192, 37.302, 37.547, 37.768, 37.521, 37.238, 37.373, 37.521, 37.535, 37.678, 37.973, 38.075, 37.835, 37.674, 37.962, 38.184, 37.732, 37.643, 38.92, 39.497, 38.508, 36.978, 36.384, 36.33, 36.22, 36.066, 36.205, 36.422, 36.563, 36.606, 36.531, 36.393, 36.352, 37.326, 40.591, 45.043, 48.129, 48.556, 47.63, 47.682, 49.13, 50.597, 50.849, 50.542, 51.153, 52.31, 53.703, 54.659, 54.047, 52.44, 51.133, 51.339, 52.806, 54.594, 55.611, 55.278, 55.019, 56.036, 56.856, 55.355, 52.049, 49.12, 47.825, 48.185, 48.771, 48.765, 48.81, 49.174, 49.465, 50.051, 51.242, 51.377, 39.013], [37.982, 37.698, 37.52, 37.368, 37.195, 37.096, 37.251, 38.204, 39.143, 37.999, 35.293, 32.905, 31.877, 31.78, 32.455, 31.215, 29.252, 27.571, 23.808, 20.02, 18.208, 16.804, 15.306, 14.051, 12.409, 10.171, 8.809, 8.067, 5.615, 0.0, 7.597, 13.261, 16.034, 17.919, 20.648, 23.701, 26.076, 29.008, 32.766, 35.484, 36.395, 37.472, 39.403, 39.734, 39.016, 38.849, 38.571, 38.162, 37.984, 37.866, 37.773, 37.681, 37.441, 37.358, 37.356, 37.054, 36.474, 36.054, 35.669, 35.464, 35.711, 36.202, 36.701, 36.683, 36.031, 35.546, 35.447, 35.34, 35.416, 35.779, 36.09, 36.122, 36.227, 36.384, 36.502, 36.786, 37.032, 36.755, 36.441, 36.575, 36.726, 36.74, 36.893, 37.208, 37.333, 37.078, 36.913, 37.228, 37.46, 36.971, 36.862, 38.222, 38.83, 37.769, 36.144, 35.51, 35.449, 35.325, 35.114, 35.24, 35.492, 35.664, 35.722, 35.654, 35.526, 35.47, 36.479, 39.9, 44.515, 47.699, 48.131, 47.154, 47.21, 48.737, 50.259, 50.514, 50.196, 50.821, 52.015, 53.463, 54.461, 53.85, 52.202, 50.856, 51.08, 52.606, 54.447, 55.499, 55.149, 54.89, 55.945, 56.773, 55.215, 51.817, 48.806, 47.486, 47.884, 48.504, 48.519, 48.592, 48.983, 49.29, 49.904, 51.127, 51.246, 38.326], [37.202, 36.893, 36.718, 36.557, 36.399, 36.326, 36.497, 37.551, 38.626, 37.497, 34.722, 32.303, 31.35, 31.356, 32.152, 31.069, 29.462, 28.227, 24.956, 21.741, 20.28, 19.163, 18.033, 17.076, 15.78, 14.274, 13.787, 13.706, 12.187, 7.597, 0.0, 6.721, 10.769, 13.756, 17.441, 21.204, 23.975, 27.283, 31.395, 34.288, 35.18, 36.269, 38.331, 38.685, 37.942, 37.789, 37.486, 37.023, 36.826, 36.712, 36.618, 36.518, 36.267, 36.182, 36.184, 35.935, 35.489, 35.212, 34.872, 34.644, 34.899, 35.438, 35.945, 35.873, 35.147, 34.655, 34.587, 34.476, 34.547, 34.933, 35.247, 35.245, 35.335, 35.483, 35.59, 35.888, 36.148, 35.863, 35.557, 35.705, 35.879, 35.911, 36.084, 36.429, 36.572, 36.288, 36.13, 36.492, 36.732, 36.197, 36.087, 37.553, 38.193, 37.056, 35.322, 34.652, 34.589, 34.455, 34.187, 34.274, 34.539, 34.734, 34.805, 34.745, 34.626, 34.567, 35.647, 39.262, 44.066, 47.346, 47.752, 46.696, 46.762, 48.373, 49.949, 50.214, 49.883, 50.52, 51.743, 53.231, 54.253, 53.613, 51.888, 50.49, 50.756, 52.382, 54.325, 55.429, 55.055, 54.786, 55.879, 56.718, 55.1, 51.586, 48.464, 47.111, 47.556, 48.225, 48.261, 48.354, 48.768, 49.09, 49.729, 50.977, 51.075, 37.565], [37.152, 36.834, 36.673, 36.519, 36.375, 36.308, 36.45, 37.497, 38.587, 37.492, 34.814, 32.51, 31.65, 31.691, 32.469, 31.471, 30.101, 29.164, 26.384, 23.781, 22.641, 21.739, 20.878, 20.152, 19.112, 18.017, 17.825, 17.857, 16.791, 13.261, 6.721, 0.0, 5.501, 10.729, 15.958, 20.227, 23.07, 26.386, 30.476, 33.393, 34.261, 35.314, 37.453, 37.857, 37.129, 37.014, 36.733, 36.26, 36.049, 35.949, 35.899, 35.828, 35.592, 35.513, 35.519, 35.349, 35.11, 35.05, 34.829, 34.627, 34.86, 35.381, 35.861, 35.757, 35.029, 34.568, 34.557, 34.477, 34.534, 34.907, 35.224, 35.229, 35.332, 35.485, 35.582, 35.868, 36.126, 35.864, 35.597, 35.753, 35.946, 35.997, 36.163, 36.491, 36.625, 36.322, 36.164, 36.544, 36.785, 36.236, 36.131, 37.603, 38.221, 37.081, 35.366, 34.716, 34.663, 34.543, 34.29, 34.366, 34.616, 34.791, 34.851, 34.791, 34.673, 34.621, 35.719, 39.316, 44.082, 47.315, 47.681, 46.61, 46.695, 48.325, 49.914, 50.193, 49.865, 50.492, 51.687, 53.146, 54.142, 53.473, 51.722, 50.326, 50.631, 52.312, 54.314, 55.445, 55.07, 54.795, 55.883, 56.72, 55.103, 51.574, 48.439, 47.089, 47.546, 48.229, 48.258, 48.333, 48.748, 49.088, 49.726, 50.96, 51.062, 37.496], [37.522, 37.207, 37.06, 36.919, 36.784, 36.711, 36.84, 37.907, 38.977, 37.871, 35.308, 33.172, 32.385, 32.44, 33.189, 32.248, 30.942, 30.061, 27.536, 25.25, 24.237, 23.366, 22.549, 21.893, 20.953, 20.005, 19.886, 19.923, 18.992, 16.034, 10.769, 5.501, 0.0, 7.161, 14.453, 19.606, 22.556, 25.852, 29.929, 32.917, 33.827, 34.879, 37.05, 37.491, 36.779, 36.674, 36.418, 35.963, 35.755, 35.676, 35.675, 35.646, 35.429, 35.365, 35.391, 35.268, 35.144, 35.234, 35.145, 35.016, 35.257, 35.75, 36.199, 36.08, 35.362, 34.916, 34.911, 34.842, 34.885, 35.231, 35.546, 35.592, 35.722, 35.886, 35.995, 36.279, 36.529, 36.283, 36.028, 36.158, 36.334, 36.39, 36.544, 36.831, 36.937, 36.631, 36.475, 36.838, 37.068, 36.526, 36.431, 37.876, 38.472, 37.36, 35.697, 35.064, 35.01, 34.901, 34.703, 34.818, 35.078, 35.245, 35.284, 35.205, 35.075, 35.02, 36.095, 39.609, 44.278, 47.442, 47.794, 46.742, 46.836, 48.451, 50.027, 50.308, 49.981, 50.589, 51.746, 53.158, 54.115, 53.433, 51.695, 50.32, 50.638, 52.322, 54.33, 55.474, 55.114, 54.84, 55.921, 56.77, 55.192, 51.705, 48.603, 47.266, 47.715, 48.396, 48.419, 48.463, 48.861, 49.206, 49.835, 51.052, 51.168, 37.845], [37.446, 37.121, 36.978, 36.841, 36.719, 36.646, 36.803, 38.077, 39.392, 38.379, 35.871, 33.842, 33.131, 33.255, 34.074, 33.237, 32.061, 31.247, 28.833, 26.662, 25.682, 24.755, 23.848, 23.153, 22.219, 21.337, 21.331, 21.483, 20.635, 17.919, 13.756, 10.729, 7.161, 0.0, 9.374, 16.52, 20.422, 24.265, 28.878, 32.254, 33.362, 34.511, 36.731, 37.192, 36.48, 36.341, 36.052, 35.59, 35.4, 35.347, 35.379, 35.376, 35.168, 35.125, 35.197, 35.092, 34.953, 35.064, 35.035, 34.971, 35.294, 35.84, 36.288, 36.166, 35.418, 34.921, 34.846, 34.725, 34.726, 35.037, 35.349, 35.43, 35.577, 35.737, 35.858, 36.151, 36.39, 36.11, 35.796, 35.887, 36.041, 36.089, 36.252, 36.547, 36.647, 36.328, 36.163, 36.529, 36.764, 36.201, 36.104, 37.6, 38.216, 37.074, 35.356, 34.705, 34.643, 34.506, 34.302, 34.478, 34.797, 34.999, 35.039, 34.955, 34.825, 34.736, 35.815, 39.47, 44.271, 47.5, 47.865, 46.801, 46.891, 48.525, 50.121, 50.406, 50.067, 50.664, 51.822, 53.23, 54.175, 53.477, 51.719, 50.327, 50.652, 52.362, 54.375, 55.514, 55.148, 54.875, 55.972, 56.839, 55.262, 51.743, 48.591, 47.235, 47.702, 48.405, 48.428, 48.457, 48.852, 49.187, 49.817, 51.042, 51.148, 37.783], [36.807, 36.462, 36.302, 36.138, 36.032, 35.971, 36.139, 37.642, 39.365, 38.612, 36.175, 34.194, 33.582, 33.823, 34.75, 34.068, 33.183, 32.568, 30.298, 28.363, 27.578, 26.691, 25.752, 25.045, 24.173, 23.409, 23.501, 23.749, 23.027, 20.648, 17.441, 15.958, 14.453, 9.374, 0.0, 9.329, 15.536, 21.069, 26.776, 30.804, 32.266, 33.666, 36.041, 36.533, 35.825, 35.668, 35.331, 34.843, 34.662, 34.601, 34.618, 34.638, 34.479, 34.504, 34.648, 34.556, 34.355, 34.387, 34.275, 34.204, 34.675, 35.394, 35.902, 35.801, 35.074, 34.587, 34.457, 34.261, 34.192, 34.455, 34.765, 34.856, 34.987, 35.114, 35.21, 35.494, 35.709, 35.349, 34.94, 35.034, 35.193, 35.231, 35.42, 35.773, 35.915, 35.558, 35.356, 35.789, 36.095, 35.465, 35.291, 36.866, 37.52, 36.3, 34.445, 33.727, 33.662, 33.48, 33.199, 33.418, 33.818, 34.07, 34.141, 34.091, 33.977, 33.836, 34.927, 38.86, 43.955, 47.354, 47.76, 46.661, 46.731, 48.41, 50.