[[0.0, 6.185, 13.969, 19.833, 22.602, 23.476, 24.243, 25.161, 26.157, 27.736, 29.128, 29.857, 30.742, 31.744, 33.138, 34.966, 36.113, 36.117, 36.659, 37.715, 38.191, 38.19, 38.246, 38.732, 40.322, 41.571, 41.303, 41.248, 42.23, 43.009, 42.604, 42.067, 41.833, 41.662, 41.602, 41.388, 40.386, 38.878, 38.257, 38.569, 38.592, 38.247, 38.219, 38.659, 38.869, 38.315, 38.21, 39.524, 41.499, 43.183, 43.832, 43.45, 42.931, 43.304, 43.52, 42.831, 42.9, 44.103, 44.782, 44.284, 43.644, 43.863, 44.772, 45.989, 46.854, 47.405, 48.677, 49.854, 49.556, 48.654, 48.306, 48.705, 49.089, 48.226, 46.17, 44.178, 43.378, 43.159, 42.123, 41.139, 41.192, 41.419, 41.171, 40.882, 40.998, 41.358, 40.944, 39.917, 39.664, 40.205, 40.637, 41.101, 41.443, 41.525, 41.413, 41.103, 40.737, 40.401, 40.154, 39.833, 39.103, 38.449, 38.326, 38.185, 38.03, 38.02, 38.216, 38.488, 38.374, 37.792, 37.374, 37.548, 37.608, 37.25, 37.172, 37.464, 37.245, 36.769, 36.741, 36.862, 36.958, 36.992, 36.913, 37.023, 37.205, 37.275, 37.363, 37.644, 38.162, 38.399, 38.488, 38.77, 39.076, 38.984, 38.992, 39.319, 39.286, 39.024, 39.171, 39.34, 39.555, 39.651, 39.529, 39.434, 39.188, 38.837, 38.462, 38.115, 38.308, 38.728, 38.756, 38.7, 38.642, 38.554, 38.801, 39.101, 39.363, 39.385, 39.109, 39.151, 39.606, 39.989, 40.01, 39.883, 39.903, 40.511, 41.589, 41.867, 41.441, 41.019, 40.667, 40.193, 39.569, 38.51, 37.731, 37.74, 37.954, 38.217, 38.642, 39.054, 39.445, 39.863, 40.158, 40.014, 39.204, 38.524, 38.66, 38.649, 38.579, 38.775, 38.957, 38.989, 38.735, 37.799, 36.962, 36.9, 37.293, 37.611, 37.937, 38.804, 39.804, 39.696, 39.347, 39.45, 39.444, 4.788], [6.185, 0.0, 8.633, 15.464, 18.983, 20.251, 21.13, 22.116, 23.309, 25.13, 26.774, 27.882, 29.158, 30.383, 31.9, 33.838, 35.067, 35.201, 35.927, 37.061, 37.533, 37.722, 38.311, 39.254, 40.929, 42.165, 41.953, 41.973, 42.934, 43.67, 43.296, 42.819, 42.636, 42.489, 42.43, 42.226, 41.294, 39.916, 39.357, 39.631, 39.678, 39.384, 39.324, 39.696, 39.91, 39.427, 39.279, 40.362, 42.151, 43.733, 44.353, 44.015, 43.504, 43.796, 43.958, 43.317, 43.393, 44.447, 45.014, 44.552, 43.999, 44.179, 44.939, 46.054, 46.898, 47.404, 48.577, 49.69, 49.387, 48.49, 48.114, 48.488, 48.874, 48.029, 46.001, 44.052, 43.277, 43.106, 42.23, 41.417, 41.532, 41.809, 41.656, 41.441, 41.588, 41.959, 41.585, 40.701, 40.606, 41.147, 41.548, 41.984, 42.285, 42.306, 42.186, 41.916, 41.57, 41.233, 40.999, 40.712, 40.062, 39.519, 39.43, 39.288, 39.126, 39.108, 39.307, 39.562, 39.403, 38.82, 38.48, 38.677, 38.753, 38.446, 38.357, 38.612, 38.414, 37.997, 37.977, 38.071, 38.155, 38.199, 38.162, 38.298, 38.471, 38.523, 38.607, 38.862, 39.332, 39.545, 39.623, 39.881, 40.161, 40.078, 40.088, 40.405, 40.381, 40.132, 40.26, 40.4, 40.581, 40.671, 40.571, 40.474, 40.256, 39.953, 39.603, 39.246, 39.374, 39.724, 39.73, 39.692, 39.643, 39.55, 39.77, 40.048, 40.282, 40.301, 40.056, 40.1, 40.522, 40.888, 40.929, 40.802, 40.782, 41.306, 42.283, 42.534, 42.183, 41.852, 41.533, 41.09, 40.528, 39.531, 38.731, 38.658, 38.831, 39.069, 39.458, 39.822, 40.152, 40.551, 40.861, 40.73, 39.958, 39.282, 39.389, 39.39, 39.33, 39.543, 39.766, 39.819, 39.59, 38.75, 38.041, 38.091, 38.53, 38.813, 39.07, 39.84, 40.747, 40.659, 40.366, 40.452, 40.437, 9.234], [13.969, 8.633, 0.0, 7.788, 12.749, 15.125, 16.408, 17.543, 19.2, 21.62, 23.779, 25.533, 27.422, 28.898, 30.441, 32.48, 33.861, 34.196, 35.132, 36.348, 36.796, 37.22, 38.577, 40.298, 42.145, 43.313, 43.166, 43.292, 44.196, 44.832, 44.505, 44.128, 44.01, 43.884, 43.837, 43.668, 42.869, 41.731, 41.303, 41.526, 41.629, 41.44, 41.357, 41.645, 41.873, 41.494, 41.265, 41.949, 43.37, 44.722, 45.272, 44.999, 44.513, 44.693, 44.775, 44.217, 44.302, 45.097, 45.472, 45.066, 44.648, 44.761, 45.272, 46.191, 46.981, 47.42, 48.422, 49.404, 49.074, 48.193, 47.814, 48.185, 48.58, 47.781, 45.88, 44.11, 43.426, 43.319, 42.674, 42.101, 42.276, 42.594, 42.587, 42.492, 42.688, 43.093, 42.816, 42.169, 42.296, 42.812, 43.156, 43.555, 43.789, 43.703, 43.556, 43.35, 43.036, 42.697, 42.483, 42.258, 41.755, 41.392, 41.347, 41.209, 41.065, 41.065, 41.259, 41.482, 41.301, 40.76, 40.533, 40.735, 40.793, 40.527, 40.411, 40.616, 40.468, 40.15, 40.129, 40.166, 40.224, 40.276, 40.298, 40.463, 40.606, 40.621, 40.709, 40.95, 41.353, 41.531, 41.589, 41.777, 41.987, 41.911, 41.921, 42.201, 42.192, 41.986, 42.112, 42.224, 42.328, 42.402, 42.363, 42.27, 42.094, 41.88, 41.591, 41.242, 41.302, 41.566, 41.545, 41.543, 41.517, 41.422, 41.602, 41.85, 42.041, 42.058, 41.867, 41.905, 42.253, 42.567, 42.627, 42.508, 42.453, 42.875, 43.694, 43.896, 43.64, 43.453, 43.168, 42.768, 42.316, 41.448, 40.653, 40.467, 40.583, 40.781, 41.112, 41.405, 41.655, 42.048, 42.39, 42.265, 41.522, 40.826, 40.882, 40.926, 40.897, 41.109, 41.371, 41.456, 41.282, 40.631, 40.129, 40.314, 40.8, 41.025, 41.148, 41.696, 42.386, 42.315, 42.111, 42.163, 42.138, 15.731], [19.833, 15.464, 7.788, 0.0, 6.255, 10.173, 12.289, 13.673, 15.819, 18.949, 21.709, 24.089, 26.486, 28.073, 29.499, 31.602, 33.153, 33.602, 34.6, 35.847, 36.286, 36.846, 38.723, 41.086, 43.129, 44.241, 44.123, 44.302, 45.149, 45.703, 45.407, 45.106, 45.027, 44.899, 44.869, 44.748, 44.049, 43.096, 42.798, 43.017, 43.158, 43.027, 42.927, 43.168, 43.408, 43.088, 42.815, 43.246, 44.364, 45.485, 45.97, 45.744, 45.283, 45.403, 45.448, 44.961, 45.046, 45.629, 45.844, 45.473, 45.134, 45.176, 45.489, 46.231, 46.959, 47.337, 48.194, 49.052, 48.674, 47.823, 47.513, 47.95, 48.375, 47.625, 45.883, 44.338, 43.77, 43.705, 43.206, 42.763, 42.926, 43.248, 43.359, 43.356, 43.573, 44.017, 43.836, 43.349, 43.588, 44.066, 44.378, 44.779, 44.994, 44.845, 44.678, 44.515, 44.222, 43.88, 43.681, 43.506, 43.105, 42.833, 42.78, 42.639, 42.526, 42.554, 42.736, 42.927, 42.748, 42.272, 42.149, 42.352, 42.358, 42.06, 41.901, 42.081, 41.978, 41.728, 41.695, 41.676, 41.709, 41.759, 41.795, 41.953, 42.067, 42.058, 42.153, 42.405, 42.781, 42.936, 42.977, 43.105, 43.255, 43.18, 43.191, 43.444, 43.447, 43.268, 43.388, 43.486, 43.503, 43.565, 43.599, 43.519, 43.368, 43.23, 42.992, 42.655, 42.727, 42.993, 42.982, 43.02, 43.027, 42.93, 43.068, 43.291, 43.461, 43.479, 43.312, 43.345, 43.653, 43.938, 44.014, 43.914, 43.874, 44.283, 45.029, 45.2, 44.987, 44.887, 44.604, 44.216, 43.85, 43.102, 42.357, 42.154, 42.263, 42.436, 42.727, 42.977, 43.183, 43.571, 43.919, 43.766, 42.979, 42.221, 42.23, 42.311, 42.312, 42.519, 42.792, 42.901, 42.776, 42.26, 41.86, 42.076, 42.583, 42.779, 42.803, 43.161, 43.667, 43.589, 43.425, 43.444, 43.418, 20.989], [22.602, 18.983, 12.749, 6.255, 0.0, 5.035, 8.316, 10.254, 12.786, 16.485, 19.803, 22.656, 25.366, 27.014, 28.395, 30.62, 32.333, 32.802, 33.756, 35.019, 35.479, 36.041, 38.034, 40.712, 42.975, 44.105, 43.97, 44.143, 44.992, 45.544, 45.26, 44.972, 44.89, 44.749, 44.736, 44.646, 43.961, 43.02, 42.752, 43.011, 43.166, 43.015, 42.901, 43.148, 43.399, 43.072, 42.791, 43.199, 44.228, 45.245, 45.711, 45.504, 45.05, 45.174, 45.228, 44.758, 44.834, 45.369, 45.542, 45.168, 44.821, 44.833, 45.088, 45.769, 46.478, 46.839, 47.658, 48.481, 48.065, 47.219, 46.98, 47.495, 47.963, 47.232, 45.551, 44.106, 43.601, 43.54, 43.045, 42.599, 42.724, 43.043, 43.211, 43.256, 43.487, 43.969, 43.827, 43.347, 43.564, 44.016, 44.329, 44.766, 45.031, 44.9, 44.739, 44.582, 44.277, 43.92, 43.721, 43.555, 43.165, 42.867, 42.764, 42.605, 42.507, 42.547, 42.719, 42.883, 42.698, 42.266, 42.19, 42.401, 42.367, 42.003, 41.816, 42.007, 41.918, 41.67, 41.626, 41.593, 41.631, 41.669, 41.653, 41.763, 41.864, 41.861, 41.958, 42.227, 42.615, 42.774, 42.815, 42.933, 43.065, 42.983, 42.996, 43.254, 43.271, 43.08, 43.166, 43.25, 43.228, 43.3, 43.394, 43.337, 43.185, 43.069, 42.843, 42.499, 42.625, 42.973, 43.006, 43.067, 43.09, 42.989, 43.107, 43.315, 43.488, 43.505, 43.316, 43.342, 43.663, 43.97, 44.079, 44.006, 43.993, 44.445, 45.224, 45.38, 45.122, 45.024, 44.744, 44.345, 44.004, 43.319, 42.636, 42.503, 42.655, 42.833, 43.123, 43.382, 43.6, 43.975, 44.298, 44.105, 43.248, 42.43, 42.415, 42.498, 42.505, 42.709, 42.972, 43.083, 42.982, 42.484, 42.035, 42.173, 42.667, 42.871, 42.884, 43.194, 43.658, 43.558, 43.367, 43.37, 43.344, 23.526], [23.476, 20.251, 15.125, 10.173, 5.035, 0.0, 4.129, 7.042, 10.28, 14.362, 17.966, 21.045, 23.92, 25.686, 27.177, 29.534, 31.348, 31.85, 32.815, 34.098, 34.577, 35.097, 36.983, 39.695, 42.121, 43.322, 43.179, 43.351, 44.243, 44.841, 44.567, 44.257, 44.156, 44.012, 44.011, 43.925, 43.193, 42.156, 41.838, 42.129, 42.283, 42.094, 41.984, 42.273, 42.542, 42.183, 41.896, 42.392, 43.497, 44.547, 45.038, 44.828, 44.366, 44.519, 44.589, 44.091, 44.157, 44.76, 44.996, 44.616, 44.225, 44.247, 44.568, 45.296, 46.018, 46.398, 47.279, 48.152, 47.733, 46.863, 46.629, 47.172, 47.666, 46.937, 45.231, 43.759, 43.259, 43.186, 42.639, 42.148, 42.26, 42.59, 42.761, 42.805, 43.05, 43.569, 43.428, 42.867, 42.971, 43.382, 43.698, 44.172, 44.499, 44.419, 44.277, 44.105, 43.783, 43.416, 43.21, 43.032, 42.604, 42.232, 42.078, 41.908, 41.816, 41.858, 42.029, 42.172, 41.943, 41.474, 41.362, 41.567, 41.532, 41.138, 40.954, 41.172, 41.081, 40.806, 40.761, 40.75, 40.807, 40.831, 40.753, 40.813, 40.915, 40.921, 41.019, 41.306, 41.719, 41.887, 41.938, 42.07, 42.212, 42.126, 42.143, 42.414, 42.438, 42.236, 42.307, 42.385, 42.381, 42.477, 42.582, 42.547, 42.394, 42.257, 42.006, 41.638, 41.778, 42.179, 42.248, 42.307, 42.324, 42.227, 42.356, 42.566, 42.748, 42.764, 42.55, 42.569, 42.911, 43.252, 43.394, 43.338, 43.326, 43.809, 44.652, 44.811, 44.496, 44.359, 44.08, 43.667, 43.306, 42.603, 41.925, 41.842, 42.03, 42.221, 42.521, 42.798, 43.038, 43.398, 43.693, 43.481, 42.592, 41.774, 41.788, 41.859, 41.843, 42.047, 42.301, 42.399, 42.295, 41.777, 41.262, 41.323, 41.804, 42.031, 42.069, 42.4, 42.9, 42.788, 42.555, 42.557, 42.53, 24.325], [24.243, 21.13, 16.408, 12.289, 8.316, 4.129, 0.0, 3.958, 8.476, 13.067, 16.704, 19.814, 22.838, 24.753, 26.35, 28.774, 30.64, 31.23, 32.269, 33.561, 34.04, 34.571, 36.459, 39.197, 41.691, 42.93, 42.816, 43.027, 43.948, 44.564, 44.305, 43.999, 43.898, 43.755, 43.756, 43.662, 42.901, 41.819, 41.472, 41.768, 41.92, 41.729, 41.637, 41.954, 42.235, 41.867, 41.565, 42.078, 43.224, 44.31, 44.814, 44.595, 44.13, 44.291, 44.36, 43.85, 43.917, 44.555, 44.837, 44.477, 44.072, 44.105, 44.475, 45.234, 45.949, 46.338, 47.276, 48.196, 47.79, 46.896, 46.635, 47.175, 47.679, 46.955, 45.242, 43.758, 43.258, 43.181, 42.629, 42.133, 42.239, 42.569, 42.739, 42.775, 43.026, 43.568, 43.443, 42.846, 42.868, 43.23, 43.545, 44.035, 44.378, 44.321, 44.186, 44.007, 43.685, 43.331, 43.13, 42.948, 42.505, 42.102, 41.93, 41.762, 41.679, 41.734, 41.915, 42.042, 41.76, 41.236, 41.077, 41.267, 41.25, 40.873, 40.694, 40.924, 40.84, 40.561, 40.526, 40.532, 40.596, 40.614, 40.519, 40.569, 40.67, 40.671, 40.77, 41.073, 41.487, 41.646, 41.699, 41.836, 41.977, 41.893, 41.911, 42.179, 42.203, 42.02, 42.111, 42.196, 42.223, 42.34, 42.431, 42.395, 42.253, 42.107, 41.831, 41.433, 41.531, 41.918, 41.994, 42.048, 42.059, 41.963, 42.096, 42.305, 42.487, 42.505, 42.303, 42.325, 42.661, 43.005, 43.163, 43.114, 43.084, 43.562, 44.424, 44.593, 44.272, 44.131, 43.85, 43.427, 43.057, 42.338, 41.644, 41.557, 41.748, 41.938, 42.231, 42.507, 42.747, 43.09, 43.369, 43.152, 42.264, 41.469, 41.518, 41.586, 41.548, 41.741, 41.989, 42.071, 41.962, 41.464, 40.955, 41.005, 41.493, 41.728, 41.763, 42.073, 42.563, 42.452, 42.211, 42.213, 42.181, 25.059], [25.161, 22.116, 17.543, 13.673, 10.254, 7.042, 3.958, 0.0, 5.54, 11.197, 15.332, 18.615, 21.859, 23.936, 25.582, 28.072, 30.021, 30.687, 31.762, 33.054, 33.53, 34.079, 36.064, 38.943, 41.51, 42.761, 42.677, 42.931, 43.867, 44.486, 44.244, 43.96, 43.874, 43.732, 43.723, 43.616, 42.86, 41.796, 41.459, 41.755, 41.911, 41.742, 41.667, 41.991, 42.281, 41.919, 41.598, 42.053, 43.146, 44.208, 44.704, 44.485, 44.024, 44.178, 44.24, 43.742, 43.811, 44.421, 44.698, 44.363, 43.978, 44.005, 44.353, 45.075, 45.752, 46.13, 47.074, 48.006, 47.609, 46.709, 46.424, 46.96, 47.479, 46.768, 45.066, 43.589, 43.09, 43.014, 42.486, 42.015, 42.114, 42.433, 42.615, 42.662, 42.91, 43.461, 43.362, 42.796, 42.829, 43.189, 43.511, 44.003, 44.346, 44.293, 44.162, 43.983, 43.665, 43.324, 43.133, 42.949, 42.505, 42.107, 41.939, 41.772, 41.698, 41.771, 41.959, 42.079, 41.786, 41.257, 41.103, 41.296, 41.301, 40.947, 40.765, 40.985, 40.903, 40.632, 40.61, 40.617, 40.681, 40.702, 40.617, 40.674, 40.766, 40.763, 40.874, 41.181, 41.58, 41.724, 41.772, 41.905, 42.037, 41.954, 41.972, 42.23, 42.257, 42.101, 42.211, 42.306, 42.349, 42.479, 42.571, 42.526, 42.386, 42.242, 41.955, 41.545, 41.612, 41.974, 42.043, 42.097, 42.104, 41.995, 42.108, 42.308, 42.487, 42.51, 42.332, 42.367, 42.689, 43.021, 43.189, 43.148, 43.105, 43.561, 44.414, 44.592, 44.293, 44.173, 43.898, 43.474, 43.122, 42.446, 41.799, 41.721, 41.907, 42.092, 42.381, 42.65, 42.88, 43.212, 43.483, 43.26, 42.371, 41.577, 41.617, 41.677, 41.632, 41.825, 42.08, 42.155, 42.046, 41.576, 41.068, 41.094, 41.563, 41.781, 41.8, 42.063, 42.5, 42.384, 42.151, 42.145, 42.109, 25.965], [26.157, 23.309, 19.2, 15.819, 12.786, 10.28, 8.476, 5.54, 0.0, 6.831, 12.31, 16.491, 20.259, 22.633, 24.401, 27.041, 29.158, 29.913, 31.004, 32.305, 32.791, 33.343, 35.395, 38.43, 41.088, 42.341, 42.279, 42.553, 43.501, 44.146, 43.927, 43.653, 43.578, 43.446, 43.433, 43.318, 42.573, 41.532, 41.196, 41.499, 41.672, 41.524, 41.462, 41.802, 42.111, 41.754, 41.427, 41.84, 42.879, 43.894, 44.359, 44.134, 43.674, 43.816, 43.866, 43.381, 43.437, 44.001, 44.267, 43.955, 43.578, 43.587, 43.907, 44.592, 45.236, 45.596, 46.531, 47.463, 47.066, 46.152, 45.834, 46.349, 46.878, 46.186, 44.477, 42.996, 42.507, 42.433, 41.922, 41.514, 41.647, 41.959, 42.144, 42.209, 42.454, 43.007, 42.919, 42.402, 42.502, 42.899, 43.229, 43.723, 44.082, 44.042, 43.923, 43.748, 43.424, 43.081, 42.894, 42.702, 42.243, 41.843, 41.682, 41.515, 41.437, 41.508, 41.689, 41.798, 41.514, 41.016, 40.913, 41.149, 41.182, 40.852, 40.676, 40.883, 40.787, 40.497, 40.454, 40.448, 40.516, 40.537, 40.441, 40.483, 40.561, 40.566, 40.705, 41.025, 41.419, 41.554, 41.598, 41.734, 41.866, 41.782, 41.794, 42.041, 42.071, 41.922, 42.021, 42.114, 42.172, 42.324, 42.435, 42.4, 42.256, 42.095, 41.796, 41.375, 41.409, 41.755, 41.835, 41.888, 41.881, 41.754, 41.84, 42.025, 42.201, 42.225, 42.058, 42.108, 42.421, 42.749, 42.941, 42.925, 42.872, 43.302, 44.139, 44.321, 44.029, 43.926, 43.689, 43.283, 42.959, 42.38, 41.868, 41.849, 42.034, 42.224, 42.524, 42.79, 43.008, 43.327, 43.584, 43.349, 42.456, 41.675, 41.715, 41.757, 41.713, 41.935, 42.209, 42.268, 42.144, 41.672, 41.104, 41.021, 41.428, 41.623, 41.646, 41.9, 42.319, 42.213, 41.985, 41.968, 41.933, 26.942], [27.736, 25.13, 21.62, 18.949, 16.485, 14.362, 13.067, 11.197, 6.831, 0.0, 6.992, 13.251, 18.254, 21.066, 22.947, 25.792, 28.18, 29.129, 30.31, 31.633, 32.15, 32.798, 35.03, 38.234, 40.938, 42.181, 42.148, 42.448, 43.416, 44.103, 43.908, 43.638, 43.571, 43.463, 43.476, 43.38, 42.669, 41.667, 41.32, 41.616, 41.836, 41.715, 41.652, 42.009, 42.343, 41.997, 41.644, 41.981, 42.946, 43.883, 44.292, 44.06, 43.598, 43.693, 43.714, 43.252, 43.293, 43.789, 44.028, 43.737, 43.365, 43.349, 43.642, 44.29, 44.894, 45.237, 46.164, 47.082, 46.654, 45.709, 45.369, 45.848, 46.371, 45.708, 44.023, 42.6, 42.18, 42.118, 41.653, 41.374, 41.598, 41.932, 42.143, 42.255, 42.518, 43.065, 42.974, 42.515, 42.705, 43.138, 43.455, 43.937, 44.297, 44.263, 44.163, 44.007, 43.683, 43.341, 43.167, 42.974, 42.508, 42.107, 41.955, 41.801, 41.719, 41.775, 41.94, 42.014, 41.696, 41.233, 41.202, 41.485, 41.554, 41.26, 41.088, 41.283, 41.188, 40.888, 40.802, 40.767, 40.838, 40.857, 40.727, 40.734, 40.799, 40.806, 40.961, 41.305, 41.695, 41.814, 41.854, 41.994, 42.123, 42.037, 42.047, 42.277, 42.3, 42.149, 42.23, 42.305, 42.365, 42.536, 42.662, 42.634, 42.491, 42.317, 42.01, 41.572, 41.531, 41.85, 41.961, 42.016, 41.99, 41.852, 41.912, 42.074, 42.24, 42.261, 42.101, 42.154, 42.451, 42.772, 42.995, 43.003, 42.931, 43.309, 44.1, 44.282, 44.023, 43.964, 43.788, 43.411, 43.12, 42.649, 42.278, 42.32, 42.498, 42.686, 42.988, 43.242, 43.437, 43.729, 43.966, 43.715, 42.822, 42.078, 42.156, 42.197, 42.157, 42.414, 42.705, 42.738, 42.606, 42.142, 41.524, 41.346, 41.704, 41.887, 41.916, 42.175, 42.622, 42.563, 42.349, 42.321, 42.287, 28.487], [29.128, 26.774, 23.779, 21.709, 19.803, 17.966, 16.704, 15.332, 12.31, 6.992, 0.0, 8.247, 15.054, 18.573, 20.473, 23.526, 26.306, 27.537, 28.894, 30.292, 30.868, 31.701, 34.308, 37.879, 40.747, 42.015, 42.004, 42.371, 43.436, 44.2, 44.03, 43.755, 43.679, 43.587, 43.646, 43.593, 42.907, 41.92, 41.558, 41.837, 42.085, 41.978, 41.914, 42.303, 42.668, 42.326, 41.917, 42.162, 43.062, 43.962, 44.358, 44.135, 43.666, 43.733, 43.753, 43.311, 43.33, 43.764, 43.967, 43.685, 43.326, 43.306, 43.573, 44.151, 44.685, 45.021, 45.968, 46.861, 46.365, 45.38, 45.063, 45.562, 46.097, 45.457, 43.803, 42.437, 42.068, 42.014, 41.583, 41.397, 41.68, 42.034, 42.28, 42.442, 42.737, 43.282, 43.188, 42.764, 43.011, 43.474, 43.781, 44.253, 44.625, 44.611, 44.529, 44.391, 44.076, 43.74, 43.571, 43.383, 42.936, 42.552, 42.409, 42.279, 42.215, 42.278, 42.438, 42.477, 42.099, 41.64, 41.641, 41.926, 42.018, 41.755, 41.591, 41.786, 41.702, 41.408, 41.295, 41.229, 41.294, 41.308, 41.155, 41.143, 41.209, 41.218, 41.377, 41.73, 42.113, 42.213, 42.242, 42.382, 42.51, 42.432, 42.456, 42.677, 42.683, 42.533, 42.621, 42.684, 42.732, 42.91, 43.023, 42.985, 42.856, 42.688, 42.369, 41.906, 41.813, 42.136, 42.277, 42.322, 42.274, 42.135, 42.181, 42.34, 42.513, 42.529, 42.346, 42.367, 42.642, 42.963, 43.204, 43.212, 43.105, 43.447, 44.218, 44.404, 44.169, 44.156, 44.025, 43.659, 43.386, 42.979, 42.707, 42.799, 42.969, 43.149, 43.456, 43.711, 43.895, 44.164, 44.386, 44.118, 43.221, 42.506, 42.636, 42.697, 42.664, 42.938, 43.237, 43.268, 43.136, 42.651, 41.985, 41.771, 42.113, 42.29, 42.308, 42.568, 43.051, 43.031, 42.824, 42.789, 42.753, 29.779], [29.857, 27.882, 25.533, 24.089, 22.656, 21.045, 19.814, 18.615, 16.491, 13.251, 8.247, 0.0, 8.427, 13.493, 15.91, 19.073, 22.225, 23.818, 25.507, 27.112, 27.767, 28.775, 31.807, 35.962, 39.273, 40.648, 40.649, 41.127, 42.379, 43.269, 43.11, 42.802, 42.704, 42.631, 42.736, 42.716, 42.042, 41.034, 40.679, 40.975, 41.2, 41.085, 41.045, 41.488, 41.904, 41.579, 41.15, 41.42, 42.386, 43.386, 43.849, 43.617, 43.132, 43.242, 43.33, 42.901, 42.908, 43.352, 43.572, 43.296, 42.933, 42.914, 43.196, 43.762, 44.256, 44.606, 45.623, 46.538, 45.998, 44.987, 44.702, 45.237, 45.806, 45.184, 43.506, 42.077, 41.669, 41.601, 41.147, 40.961, 41.256, 41.589, 41.802, 41.96, 42.276, 42.835, 42.727, 42.237, 42.447, 42.949, 43.279, 43.769, 44.188, 44.235, 44.161, 44.004, 43.687, 43.362, 43.188, 42.997, 42.569, 42.192, 42.031, 41.9, 41.859, 41.939, 42.094, 42.12, 41.711, 41.191, 41.128, 41.393, 41.506, 41.261, 41.128, 41.349, 41.258, 40.913, 40.737, 40.645, 40.702, 40.718, 40.565, 40.572, 40.665, 40.699, 40.863, 41.23, 41.643, 41.754, 41.789, 41.952, 42.104, 42.045, 42.093, 42.32, 42.311, 42.165, 42.271, 42.334, 42.394, 42.572, 42.626, 42.552, 42.436, 42.274, 41.908, 41.35, 41.178, 41.508, 41.679, 41.697, 41.625, 41.523, 41.621, 41.804, 41.995, 41.997, 41.749, 41.715, 41.991, 42.334, 42.58, 42.573, 42.454, 42.84, 43.685, 43.887, 43.609, 43.556, 43.415, 43.031, 42.743, 42.332, 42.124, 42.268, 42.44, 42.623, 42.939, 43.203, 43.396, 43.659, 43.881, 43.595, 42.651, 41.948, 42.146, 42.226, 42.181, 42.45, 42.763, 42.816, 42.647, 42.065, 41.346, 41.147, 41.502, 41.683, 41.705, 41.991, 42.525, 42.518, 42.304, 42.282, 42.244, 30.295], [30.742, 29.158, 27.422, 26.486, 25.366, 23.92, 22.838, 21.859, 20.259, 18.254, 15.054, 8.427, 0.0, 6.755, 10.784, 14.16, 17.238, 19.099, 21.323, 23.273, 24.002, 25.153, 28.513, 33.201, 37.066, 38.647, 38.661, 39.238, 40.709, 41.755, 41.613, 41.291, 41.214, 41.179, 41.297, 41.276, 40.634, 39.699, 39.469, 39.867, 40.07, 39.958, 39.979, 40.452, 40.89, 40.594, 40.19, 40.562, 41.661, 42.792, 43.305, 43.03, 42.534, 42.713, 42.854, 42.412, 42.432, 42.984, 43.294, 43.018, 42.628, 42.612, 42.949, 43.56, 44.055, 44.416, 45.488, 46.442, 45.912, 44.911, 44.644, 45.194, 45.781, 45.175, 43.484, 42.002, 41.561, 41.483, 40.967, 40.704, 40.986, 41.294, 41.441, 41.556, 41.899, 42.482, 42.331, 41.698, 41.796, 42.302, 42.643, 43.135, 43.585, 43.688, 43.617, 43.426, 43.103, 42.797, 42.622, 42.423, 42.001, 41.62, 41.426, 41.279, 41.244, 41.312, 41.444, 41.467, 41.07, 40.486, 40.295, 40.512, 40.645, 40.419, 40.331, 40.582, 40.464, 40.063, 39.854, 39.756, 39.812, 39.836, 39.695, 39.72, 39.847, 39.923, 40.079, 40.423, 40.854, 40.981, 41.033, 41.229, 41.411, 41.372, 41.428, 41.648, 41.639, 41.525, 41.651, 41.706, 41.769, 41.928, 41.934, 41.834, 41.693, 41.509, 41.107, 40.454, 40.194, 40.514, 40.698, 40.682, 40.6, 40.587, 40.807, 41.026, 41.21, 41.183, 40.889, 40.847, 41.146, 41.511, 41.764, 41.763, 41.665, 42.127, 43.045, 43.218, 42.82, 42.662, 42.508, 42.11, 41.797, 41.382, 41.228, 41.401, 41.588, 41.798, 42.128, 42.395, 42.602, 42.869, 43.105, 42.802, 41.775, 41.034, 41.275, 41.366, 41.294, 41.555, 41.897, 41.969, 41.745, 41.075, 40.343, 40.18, 40.548, 40.741, 40.812, 41.18, 41.786, 41.759, 41.528, 41.53, 41.488, 31.01], [31.744, 30.383, 28.898, 28.073, 27.014, 25.686, 24.753, 23.936, 22.633, 21.066, 18.573, 13.493, 6.755, 0.0, 5.839, 10.69, 14.118, 15.966, 18.489, 20.718, 21.556, 22.931, 26.658, 31.812, 36.094, 37.837, 37.844, 38.476, 40.098, 41.226, 41.086, 40.778, 40.736, 40.719, 40.822, 40.776, 40.141, 39.283, 39.204, 39.714, 39.918, 39.813, 39.889, 40.376, 40.803, 40.507, 40.092, 40.481, 41.603, 42.749, 43.252, 42.955, 42.468, 42.678, 42.826, 42.363, 42.396, 43.025, 43.378, 43.084, 42.675, 42.666, 43.014, 43.601, 44.057, 44.399, 45.466, 46.409, 45.871, 44.89, 44.677, 45.274, 45.868, 45.269, 43.617, 42.168, 41.74, 41.666, 41.096, 40.723, 40.954, 41.255, 41.389, 41.492, 41.863, 42.484, 42.329, 41.625, 41.642, 42.122, 42.45, 42.924, 43.362, 43.476, 43.419, 43.225, 42.894, 42.589, 42.418, 42.223, 41.819, 41.462, 41.267, 41.11, 41.059, 41.115, 41.236, 41.244, 40.852, 40.286, 40.066, 40.224, 40.342, 40.131, 40.083, 40.344, 40.208, 39.826, 39.65, 39.546, 39.599, 39.629, 39.488, 39.506, 39.637, 39.728, 39.86, 40.163, 40.579, 40.707, 40.767, 40.97, 41.157, 41.122, 41.172, 41.379, 41.386, 41.32, 41.474, 41.54, 41.59, 41.74, 41.767, 41.674, 41.505, 41.299, 40.888, 40.211, 39.954, 40.327, 40.526, 40.484, 40.395, 40.42, 40.696, 40.936, 41.109, 41.065, 40.766, 40.737, 41.047, 41.422, 41.688, 41.7, 41.616, 42.126, 43.078, 43.195, 42.691, 42.464, 42.303, 41.898, 41.563, 41.152, 41.006, 41.174, 41.38, 41.612, 41.949, 42.225, 42.45, 42.726, 42.963, 42.65, 41.586, 40.797, 41.023, 41.126, 41.064, 41.325, 41.678, 41.77, 41.536, 40.838, 40.106, 39.963, 40.339, 40.545, 40.651, 41.06, 41.674, 41.61, 41.36, 41.367, 41.328, 31.95], [33.138, 31.9, 30.441, 29.499, 28.395, 27.177, 26.35, 25.582, 24.401, 22.947, 20.473, 15.91, 10.784, 5.839, 0.0, 6.801, 11.797, 14.183, 16.738, 18.991, 19.9, 21.58, 25.886, 31.563, 36.058, 37.818, 37.821, 38.514, 40.201, 41.336, 41.205, 40.92, 40.9, 40.896, 41.008, 40.976, 40.39, 39.643, 39.668, 40.204, 40.415, 40.338, 40.436, 40.908, 41.327, 41.051, 40.62, 40.91, 41.894, 42.938, 43.419, 43.157, 42.684, 42.87, 43.017, 42.581, 42.625, 43.207, 43.517, 43.228, 42.842, 42.826, 43.121, 43.629, 44.015, 44.298, 45.306, 46.2, 45.628, 44.654, 44.506, 45.154, 45.761, 45.202, 43.645, 42.291, 41.899, 41.836, 41.276, 40.886, 41.083, 41.373, 41.521, 41.631, 41.986, 42.594, 42.468, 41.822, 41.874, 42.358, 42.675, 43.134, 43.572, 43.7, 43.669, 43.497, 43.167, 42.865, 42.715, 42.543, 42.165, 41.841, 41.659, 41.501, 41.45, 41.512, 41.626, 41.597, 41.18, 40.685, 40.566, 40.725, 40.812, 40.608, 40.582, 40.843, 40.713, 40.371, 40.199, 40.061, 40.104, 40.135, 39.992, 40.007, 40.131, 40.212, 40.324, 40.629, 41.049, 41.164, 41.215, 41.421, 41.605, 41.572, 41.617, 41.806, 41.811, 41.764, 41.937, 42.019, 42.055, 42.209, 42.266, 42.171, 42.002, 41.803, 41.409, 40.761, 40.519, 40.913, 41.114, 41.058, 40.954, 40.953, 41.197, 41.427, 41.598, 41.555, 41.263, 41.225, 41.52, 41.889, 42.157, 42.171, 42.105, 42.639, 43.567, 43.633, 43.11, 42.904, 42.766, 42.372, 42.047, 41.683, 41.597, 41.795, 42.017, 42.254, 42.588, 42.859, 43.077, 43.351, 43.577, 43.255, 42.199, 41.397, 41.586, 41.7, 41.671, 41.929, 42.264, 42.367, 42.156, 41.463, 40.705, 40.532, 40.905, 41.119, 41.211, 41.572, 42.125, 42.034, 41.773, 41.767, 41.729, 33.28], [34.966, 33.838, 32.48, 31.602, 30.62, 29.534, 28.774, 28.072, 27.041, 25.792, 23.526, 19.073, 14.16, 10.69, 6.801, 0.0, 6.565, 10.823, 14.296, 16.55, 17.336, 19.334, 24.33, 30.495, 35.219, 37.077, 37.124, 37.9, 39.67, 40.853, 40.767, 40.537, 40.582, 40.635, 40.786, 40.799, 40.324, 39.806, 40.021, 40.581, 40.785, 40.782, 40.929, 41.355, 41.755, 41.559, 41.2, 41.423, 42.29, 43.27, 43.733, 43.483, 43.023, 43.187, 43.33, 42.95, 43.035, 43.573, 43.839, 43.575, 43.225, 43.204, 43.494, 43.998, 44.357, 44.605, 45.577, 46.452, 45.888, 44.937, 44.797, 45.414, 46.015, 45.522, 44.048, 42.765, 42.409, 42.362, 41.829, 41.466, 41.678, 41.949, 42.059, 42.139, 42.464, 43.016, 42.875, 42.282, 42.404, 42.909, 43.199, 43.617, 44.043, 44.195, 44.181, 44.021, 43.712, 43.446, 43.326, 43.17, 42.819, 42.528, 42.352, 42.201, 42.158, 42.211, 42.3, 42.231, 41.787, 41.304, 41.224, 41.412, 41.518, 41.358, 41.365, 41.611, 41.49, 41.174, 40.981, 40.804, 40.831, 40.867, 40.742, 40.772, 40.905, 40.988, 41.103, 41.424, 41.833, 41.92, 41.956, 42.149, 42.327, 42.308, 42.344, 42.481, 42.455, 42.425, 42.625, 42.725, 42.758, 42.903, 42.94, 42.806, 42.623, 42.435, 42.069, 41.443, 41.15, 41.488, 41.679, 41.614, 41.521, 41.537, 41.767, 41.975, 42.123, 42.066, 41.78, 41.732, 42.003, 42.358, 42.634, 42.656, 42.583, 43.092, 43.952, 43.959, 43.421, 43.239, 43.145, 42.785, 42.481, 42.188, 42.208, 42.441, 42.653, 42.887, 43.211, 43.455, 43.65, 43.917, 44.152, 43.849, 42.84, 42.086, 42.281, 42.397, 42.359, 42.595, 42.907, 42.997, 42.784, 42.13, 41.396, 41.206, 41.587, 41.813, 41.899, 42.228, 42.749, 42.631, 42.358, 42.354, 42.298, 35.049], [36.113, 35.067, 33.861, 33.153, 32.333, 31.348, 30.64, 30.021, 29.158, 28.18, 26.306, 22.225, 17.238, 14.118, 11.797, 6.565, 0.0, 6.151, 11.445, 14.176, 14.786, 16.981, 22.506, 28.998, 33.977, 35.993, 36.072, 36.899, 38.756, 40.007, 39.976, 39.804, 39.914, 40.019, 40.194, 40.215, 39.791, 39.452, 39.9, 40.551, 40.737, 40.778, 41.002, 41.41, 41.767, 41.612, 41.348, 41.632, 42.551, 43.588, 44.053, 43.775, 43.328, 43.524, 43.669, 43.301, 43.436, 44.046, 44.353, 44.093, 43.735, 43.732, 44.107, 44.695, 45.087, 45.351, 46.331, 47.216, 46.69, 45.767, 45.601, 46.17, 46.745, 46.256, 44.798, 43.53, 43.183, 43.139, 42.579, 42.154, 42.334, 42.572, 42.63, 42.66, 42.958, 43.474, 43.29, 42.629, 42.681, 43.145, 43.403, 43.785, 44.204, 44.385, 44.386, 44.231, 43.936, 43.685, 43.565, 43.402, 43.062, 42.791, 42.624, 42.487, 42.447, 42.481, 42.548, 42.476, 42.049, 41.547, 41.417, 41.601, 41.747, 41.62, 41.638, 41.872, 41.762, 41.471, 41.291, 41.118, 41.136, 41.171, 41.052, 41.069, 41.203, 41.301, 41.423, 41.731, 42.103, 42.166, 42.192, 42.359, 42.531, 42.527, 42.555, 42.647, 42.59, 42.572, 42.79, 42.893, 42.926, 43.044, 43.054, 42.907, 42.703, 42.502, 42.146, 41.542, 41.256, 41.591, 41.783, 41.706, 41.644, 41.72, 41.977, 42.183, 42.316, 42.247, 41.96, 41.909, 42.174, 42.527, 42.806, 42.827, 42.734, 43.215, 44.059, 44.044, 43.457, 43.227, 43.15, 42.825, 42.515, 42.197, 42.202, 42.419, 42.619, 42.847, 43.157, 43.381, 43.569, 43.83, 44.074, 43.808, 42.856, 42.161, 42.394, 42.515, 42.447, 42.662, 42.971, 43.045, 42.814, 42.186, 41.508, 41.352, 41.745, 41.971, 42.071, 42.437, 42.984, 42.856, 42.579, 42.589, 42.518, 36.196], [36.117, 35.201, 34.196, 33.602, 32.802, 31.85, 31.23, 30.687, 29.913, 29.129, 27.537, 23.818, 19.099, 15.966, 14.183, 10.823, 6.151, 0.0, 6.713, 10.661, 11.749, 14.266, 20.227, 27.22, 32.72, 34.958, 35.003, 35.86, 37.847, 39.166, 39.128, 38.935, 39.023, 39.128, 39.319, 39.318, 38.832, 38.476, 39.042, 39.808, 39.982, 39.98, 40.242, 40.701, 41.037, 40.822, 40.581, 41.02, 42.116, 43.266, 43.745, 43.42, 42.971, 43.229, 43.4, 42.991, 43.146, 43.898, 44.318, 44.046, 43.64, 43.679, 44.199, 44.935, 45.4, 45.686, 46.7, 47.625, 47.116, 46.207, 46.063, 46.663, 47.22, 46.672, 45.169, 43.865, 43.488, 43.416, 42.751, 42.164, 42.248, 42.46, 42.488, 42.475, 42.754, 43.288, 43.085, 42.271, 42.114, 42.495, 42.757, 43.182, 43.651, 43.866, 43.881, 43.714, 43.394, 43.107, 42.957, 42.785, 42.42, 42.107, 41.917, 41.776, 41.734, 41.76, 41.822, 41.784, 41.413, 40.912, 40.705, 40.849, 40.984, 40.797, 40.789, 41.044, 40.941, 40.65, 40.498, 40.356, 40.386, 40.414, 40.262, 40.23, 40.351, 40.456, 40.552, 40.809, 41.156, 41.231, 41.267, 41.434, 41.615, 41.611, 41.63, 41.723, 41.657, 41.621, 41.837, 41.95, 41.998, 42.098, 42.109, 42.002, 41.796, 41.571, 41.194, 40.59, 40.405, 40.854, 41.063, 40.974, 40.937, 41.036, 41.314, 41.545, 41.702, 41.636, 41.333, 41.287, 41.577, 41.95, 42.227, 42.243, 42.155, 42.688, 43.638, 43.661, 43.006, 42.679, 42.564, 42.233, 41.877, 41.452, 41.358, 41.581, 41.812, 42.043, 42.353, 42.592, 42.806, 43.081, 43.328, 43.078, 42.13, 41.405, 41.634, 41.764, 41.694, 41.906, 42.218, 42.297, 42.049, 41.377, 40.699, 40.555, 40.919, 41.145, 41.316, 41.79, 42.383, 42.218, 41.906, 41.92, 41.855, 36.167], [36.659, 35.927, 35.132, 34.6, 33.756, 32.815, 32.269, 31.762, 31.004, 30.31, 28.894, 25.507, 21.323, 18.489, 16.738, 14.296, 11.445, 6.713, 0.0, 5.255, 8.001, 11.651, 18.061, 25.665, 31.742, 34.143, 34.191, 35.135, 37.247, 38.619, 38.589, 38.392, 38.452, 38.536, 38.73, 38.724, 38.203, 37.836, 38.478, 39.34, 39.517, 39.459, 39.708, 40.205, 40.55, 40.289, 40.038, 40.545, 41.712, 42.871, 43.322, 42.974, 42.522, 42.796, 42.976, 42.544, 42.679, 43.48, 43.988, 43.745, 43.306, 43.372, 44.018, 44.89, 45.388, 45.652, 46.681, 47.632, 47.112, 46.205, 46.105, 46.753, 47.299, 46.72, 45.222, 43.933, 43.543, 43.438, 42.698, 42.009, 42.024, 42.224, 42.248, 42.215, 42.47, 43.003, 42.793, 41.887, 41.597, 41.937, 42.223, 42.71, 43.243, 43.502, 43.539, 43.356, 43.005, 42.702, 42.568, 42.423, 42.042, 41.661, 41.428, 41.271, 41.223, 41.244, 41.297, 41.279, 40.962, 40.493, 40.252, 40.368, 40.48, 40.22, 40.184, 40.462, 40.349, 40.049, 39.921, 39.794, 39.831, 39.857, 39.681, 39.611, 39.718, 39.816, 39.871, 40.072, 40.406, 40.503, 40.561, 40.739, 40.926, 40.918, 40.935, 41.041, 40.982, 40.934, 41.151, 41.274, 41.325, 41.424, 41.449, 41.356, 41.154, 40.921, 40.512, 39.881, 39.765, 40.297, 40.505, 40.405, 40.374, 40.451, 40.723, 40.976, 41.153, 41.094, 40.795, 40.782, 41.099, 41.478, 41.763, 41.804, 41.742, 42.318, 43.331, 43.393, 42.734, 42.375, 42.231, 41.885, 41.512, 41.075, 40.968, 41.219, 41.479, 41.718, 42.036, 42.296, 42.538, 42.842, 43.098, 42.854, 41.889, 41.098, 41.266, 41.391, 41.334, 41.542, 41.856, 41.944, 41.689, 40.991, 40.286, 40.077, 40.366, 40.595, 40.826, 41.34, 41.932, 41.736, 41.382, 41.376, 41.324, 36.65], [37.715, 37.061, 36.348, 35.847, 35.019, 34.098, 33.561, 33.054, 32.305, 31.633, 30.292, 27.112, 23.273, 20.718, 18.991, 16.55, 14.176, 10.661, 5.255, 0.0, 4.65, 10.203, 17.392, 25.325, 31.539, 33.957, 34.06, 35.088, 37.23, 38.606, 38.619, 38.479, 38.575, 38.67, 38.862, 38.859, 38.364, 38.065, 38.785, 39.688, 39.877, 39.818, 40.062, 40.552, 40.904, 40.673, 40.446, 40.897, 41.977, 43.062, 43.472, 43.133, 42.699, 42.955, 43.127, 42.72, 42.837, 43.578, 44.084, 43.892, 43.467, 43.517, 44.187, 45.103, 45.585, 45.805, 46.803, 47.741, 47.214, 46.306, 46.21, 46.854, 47.398, 46.843, 45.396, 44.162, 43.793, 43.684, 42.951, 42.276, 42.29, 42.474, 42.484, 42.445, 42.69, 43.194, 42.969, 42.078, 41.827, 42.196, 42.475, 42.93, 43.432, 43.694, 43.75, 43.582, 43.245, 42.97, 42.869, 42.745, 42.373, 41.988, 41.758, 41.609, 41.561, 41.584, 41.622, 41.592, 41.297, 40.866, 40.649, 40.774, 40.907, 40.673, 40.647, 40.908, 40.79, 40.516, 40.406, 40.271, 40.296, 40.319, 40.157, 40.086, 40.181, 40.273, 40.327, 40.515, 40.833, 40.922, 40.976, 41.14, 41.316, 41.313, 41.331, 41.42, 41.35, 41.314, 41.542, 41.665, 41.697, 41.797, 41.832, 41.71, 41.504, 41.279, 40.864, 40.213, 40.053, 40.549, 40.752, 40.655, 40.625, 40.685, 40.935, 41.177, 41.348, 41.293, 41.019, 41.029, 41.338, 41.706, 42.013, 42.092, 42.043, 42.591, 43.557, 43.619, 43.009, 42.689, 42.549, 42.204, 41.857, 41.492, 41.449, 41.692, 41.928, 42.161, 42.472, 42.72, 42.958, 43.265, 43.526, 43.287, 42.347, 41.598, 41.763, 41.892, 41.845, 42.046, 42.353, 42.432, 42.175, 41.521, 40.848, 40.614, 40.869, 41.096, 41.32, 41.793, 42.356, 42.158, 41.789, 41.768, 41.71, 37.696], [38.191, 37.533, 36.796, 36.286, 35.479, 34.577, 34.04, 33.53, 32.791, 32.15, 30.868, 27.767, 24.002, 21.556, 19.9, 17.336, 14.786, 11.749, 8.001, 4.65, 0.0, 7.171, 16.115, 24.864, 31.199, 33.615, 33.737, 34.804, 36.984, 38.376, 38.421, 38.325, 38.469, 38.601, 38.797, 38.771, 38.294, 38.071, 38.859, 39.765, 39.968, 39.957, 40.224, 40.698, 41.055, 40.877, 40.692, 41.079, 42.041, 43.059, 43.445, 43.117, 42.709, 42.978, 43.161, 42.784, 42.906, 43.612, 44.096, 43.941, 43.56, 43.587, 44.235, 45.16, 45.632, 45.825, 46.787, 47.714, 47.206, 46.326, 46.224, 46.845, 47.396, 46.863, 45.442, 44.249, 43.902, 43.793, 43.063, 42.414, 42.46, 42.625, 42.605, 42.566, 42.821, 43.32, 43.1, 42.257, 42.094, 42.503, 42.759, 43.182, 43.657, 43.901, 43.949, 43.793, 43.476, 43.213, 43.103, 42.955, 42.581, 42.215, 42.004, 41.874, 41.846, 41.875, 41.901, 41.864, 41.593, 41.19, 40.991, 41.125, 41.282, 41.077, 41.053, 41.303, 41.202, 40.942, 40.814, 40.664, 40.677, 40.697, 40.539, 40.477, 40.572, 40.663, 40.733, 40.947, 41.273, 41.347, 41.391, 41.547, 41.718, 41.719, 41.739, 41.81, 41.719, 41.68, 41.91, 42.025, 42.036, 42.142, 42.206, 42.068, 41.84, 41.625, 41.232, 40.58, 40.381, 40.854, 41.058, 40.959, 40.922, 40.979, 41.213, 41.44, 41.603, 41.552, 41.291, 41.294, 41.585, 41.955, 42.288, 42.385, 42.339, 42.866, 43.792, 43.823, 43.205, 42.916, 42.797, 42.465, 42.137, 41.802, 41.781, 42.002, 42.214, 42.437, 42.73, 42.954, 43.178, 43.474, 43.732, 43.493, 42.567, 41.865, 42.078, 42.227, 42.172, 42.366, 42.685, 42.768, 42.509, 41.875, 41.238, 41.035, 41.295, 41.501, 41.697, 42.142, 42.681, 42.487, 42.136, 42.119, 42.046, 38.161], [38.19, 37.722, 37.22, 36.846, 36.041, 35.097, 34.571, 34.079, 33.343, 32.798, 31.701, 28.775, 25.153, 22.931, 21.58, 19.334, 16.981, 14.266, 11.651, 10.203, 7.171, 0.0, 10.727, 21.537, 29.054, 31.766, 31.839, 32.959, 35.337, 36.867, 36.949, 36.837, 36.974, 37.125, 37.329, 37.276, 36.78, 36.603, 37.495, 38.48, 38.712, 38.736, 39.037, 39.528, 39.902, 39.72, 39.587, 40.076, 41.076, 42.101, 42.481, 42.143, 41.735, 42.051, 42.272, 41.883, 42.009, 42.792, 43.318, 43.156, 42.77, 42.834, 43.594, 44.625, 45.127, 45.32, 46.328, 47.321, 46.882, 46.079, 46.003, 46.634, 47.208, 46.647, 45.168, 43.931, 43.561, 43.402, 42.539, 41.79, 41.831, 41.975, 41.91, 41.873, 42.148, 42.665, 42.474, 41.604, 41.381, 41.779, 42.058, 42.562, 43.135, 43.421, 43.453, 43.269, 42.935, 42.656, 42.511, 42.316, 41.874, 41.434, 41.193, 41.059, 41.066, 41.116, 41.142, 41.122, 40.883, 40.485, 40.228, 40.326, 40.471, 40.214, 40.176, 40.454, 40.357, 40.031, 39.85, 39.72, 39.745, 39.753, 39.543, 39.439, 39.546, 39.651, 39.713, 39.938, 40.289, 40.367, 40.414, 40.593, 40.785, 40.785, 40.815, 40.906, 40.802, 40.729, 40.956, 41.084, 41.123, 41.244, 41.334, 41.215, 40.958, 40.706, 40.297, 39.634, 39.48, 40.015, 40.229, 40.105, 40.044, 40.103, 40.362, 40.599, 40.77, 40.725, 40.45, 40.444, 40.751, 41.156, 41.513, 41.624, 41.608, 42.188, 43.165, 43.163, 42.455, 42.116, 41.993, 41.666, 41.317, 40.929, 40.884, 41.127, 41.361, 41.599, 41.899, 42.149, 42.431, 42.762, 43.022, 42.792, 41.851, 41.107, 41.294, 41.429, 41.364, 41.57, 41.912, 41.994, 41.707, 41.018, 40.345, 40.149, 40.414, 40.6, 40.803, 41.313, 41.895, 41.66, 41.264, 41.249, 41.175, 38.049], [38.246, 38.311, 38.577, 38.723, 38.034, 36.983, 36.459, 36.064, 35.395, 35.03, 34.308, 31.807, 28.513, 26.658, 25.886, 24.33, 22.506, 20.227, 18.061, 17.392, 16.115, 10.727, 0.0, 13.201, 23.391, 27.181, 27.231, 28.448, 31.379, 33.336, 33.508, 33.37, 33.51, 33.691, 33.934, 33.912, 33.402, 33.316, 34.523, 35.797, 36.057, 36.042, 36.393, 36.936, 37.31, 37.008, 36.885, 37.726, 39.101, 40.377, 40.829, 40.408, 39.947, 40.364, 40.643, 40.154, 40.286, 41.38, 42.135, 41.927, 41.441, 41.651, 42.773, 44.095, 44.696, 44.961, 46.172, 47.355, 47.042, 46.324, 46.276, 46.919, 47.491, 46.854, 45.233, 43.813, 43.357, 43.102, 41.94, 40.932, 40.914, 41.03, 40.851, 40.739, 40.992, 41.508, 41.297, 40.236, 39.709, 40.021, 40.374, 41.035, 41.795, 42.205, 42.234, 41.969, 41.57, 41.257, 41.084, 40.847, 40.24, 39.535, 39.176, 39.004, 39.02, 39.076, 39.102, 39.118, 38.91, 38.453, 38.031, 38.064, 38.16, 37.791, 37.749, 38.082, 37.933, 37.466, 37.267, 37.231, 37.306, 37.295, 36.987, 36.81, 36.947, 37.09, 37.109, 37.251, 37.579, 37.697, 37.786, 38.028, 38.29, 38.294, 38.332, 38.466, 38.361, 38.241, 38.458, 38.645, 38.811, 38.911, 38.933, 38.856, 38.572, 38.193, 37.687, 37.012, 36.942, 37.523, 37.718, 37.55, 37.452, 37.516, 37.877, 38.169, 38.361, 38.314, 37.998, 38.032, 38.438, 38.897, 39.254, 39.381, 39.422, 40.131, 41.272, 41.266, 40.433, 39.964, 39.795, 39.46, 39.04, 38.53, 38.457, 38.829, 39.167, 39.465, 39.817, 40.15, 40.556, 40.957, 41.228, 41.025, 40.058, 39.233, 39.358, 39.418, 39.339, 39.576, 39.91, 39.958, 39.602, 38.752, 37.91, 37.57, 37.781, 37.993, 38.294, 39.009, 39.776, 39.464, 38.925, 38.915, 38.865, 37.939], [38.732, 39.254, 40.298, 41.086, 40.712, 39.695, 39.197, 38.943, 38.43, 38.234, 37.879, 35.962, 33.201, 31.812, 31.563, 30.495, 28.998, 27.22, 25.665, 25.325, 24.864, 21.537, 13.201, 0.0, 12.981, 18.97, 19.498, 20.99, 24.858, 27.604, 28.112, 28.253, 28.703, 29.07, 29.42, 29.543, 29.228, 29.701, 31.719, 33.424, 33.679, 33.609, 33.979, 34.474, 34.78, 34.395, 34.31, 35.467, 37.234, 38.876, 39.518, 39.028, 38.475, 38.969, 39.309, 38.723, 38.894, 40.382, 41.438, 41.224, 40.665, 41.011, 42.435, 44.047, 44.781, 45.138, 46.543, 47.932, 47.771, 47.09, 46.985, 47.524, 47.984, 47.288, 45.62, 44.069, 43.545, 43.255, 41.915, 40.725, 40.661, 40.764, 40.476, 40.204, 40.346, 40.788, 40.511, 39.322, 38.603, 38.86, 39.226, 39.916, 40.727, 41.212, 41.246, 40.916, 40.461, 40.111, 39.934, 39.686, 38.926, 37.951, 37.477, 37.287, 37.277, 37.288, 37.27, 37.279, 37.092, 36.604, 36.087, 36.121, 36.218, 35.794, 35.747, 36.086, 35.864, 35.31, 35.13, 35.16, 35.299, 35.308, 34.986, 34.822, 35.01, 35.203, 35.195, 35.18, 35.387, 35.545, 35.686, 35.974, 36.295, 36.302, 36.316, 36.451, 36.34, 36.198, 36.411, 36.68, 37.01, 37.078, 36.987, 36.91, 36.6, 36.111, 35.53, 34.847, 34.722, 35.138, 35.244, 35.077, 34.94, 34.985, 35.439, 35.787, 35.97, 35.9, 35.57, 35.706, 36.219, 36.682, 36.998, 37.142, 37.223, 37.98, 39.174, 39.149, 38.328, 37.879, 37.712, 37.404, 36.96, 36.385, 36.316, 36.822, 37.259, 37.625, 38.038, 38.412, 38.84, 39.232, 39.514, 39.356, 38.409, 37.591, 37.727, 37.693, 37.566, 37.838, 38.168, 38.18, 37.78, 36.822, 35.83, 35.294, 35.414, 35.691, 36.16, 37.061, 37.952, 37.597, 37.0, 37.04, 36.997, 38.372], [40.322, 40.929, 42.145, 43.129, 42.975, 42.121, 41.691, 41.51, 41.088, 40.938, 40.747, 39.273, 37.066, 36.094, 36.058, 35.219, 33.977, 32.72, 31.742, 31.539, 31.199, 29.054, 23.391, 12.981, 0.0, 8.176, 10.595, 13.272, 17.94, 21.443, 22.77, 23.765, 24.885, 25.547, 25.997, 26.371, 26.665, 28.215, 31.147, 33.139, 33.435, 33.43, 33.759, 34.109, 34.393, 34.191, 34.295, 35.371, 36.972, 38.616, 39.369, 38.958, 38.396, 38.85, 39.21, 38.638, 38.783, 40.311, 41.479, 41.371, 40.869, 41.163, 42.481, 44.062, 44.789, 45.136, 46.508, 47.874, 47.72, 47.007, 46.814, 47.24, 47.613, 46.954, 45.447, 44.056, 43.628, 43.38, 42.142, 41.124, 41.149, 41.264, 41.029, 40.735, 40.772, 41.124, 40.877, 39.862, 39.324, 39.607, 39.915, 40.527, 41.284, 41.764, 41.806, 41.501, 41.086, 40.766, 40.633, 40.45, 39.75, 38.794, 38.3, 38.127, 38.111, 38.105, 38.043, 37.962, 37.759, 37.39, 37.005, 37.066, 37.202, 36.841, 36.772, 37.039, 36.81, 36.304, 36.088, 36.054, 36.216, 36.282, 36.095, 36.071, 36.278, 36.449, 36.427, 36.343, 36.433, 36.576, 36.763, 37.062, 37.363, 37.371, 37