[[0.0, 4.931, 11.202, 18.609, 24.438, 28.321, 30.628, 31.658, 32.449, 33.779, 35.463, 36.902, 37.634, 37.746, 37.64, 37.514, 37.418, 37.405, 37.613, 38.145, 39.086, 40.56, 42.721, 45.35, 47.584, 48.781, 49.179, 49.696, 50.848, 51.922, 52.571, 53.347, 54.4, 55.351, 56.06, 56.472, 56.267, 54.63, 51.413, 48.449, 47.252, 47.301, 47.574, 47.661, 47.516, 47.312, 47.215, 47.241, 46.989, 46.202, 45.456, 45.2, 45.282, 45.328, 45.218, 45.601, 46.122, 45.719, 44.907, 44.516, 44.405, 44.142, 43.717, 43.576, 44.011, 44.489, 44.424, 44.116, 44.023, 44.183, 44.408, 44.623, 44.779, 44.601, 44.006, 43.279, 42.965, 43.091, 43.158, 43.058, 43.133, 43.379, 43.685, 44.123, 44.476, 44.369, 43.75, 43.132, 42.838, 42.822, 42.961, 43.041, 43.143, 43.661, 45.123, 46.99, 48.148, 48.231, 47.801, 47.939, 49.293, 50.874, 51.55, 51.656, 52.585, 54.321, 55.372, 55.36, 55.015, 54.547, 54.038, 53.301, 52.557, 52.444, 53.05, 53.816, 54.178, 54.079, 53.576, 52.566, 50.697, 48.319, 46.559, 45.971, 46.231, 46.501, 46.114, 45.104, 44.307, 44.554, 45.724, 46.844, 46.857, 45.64, 44.343, 44.141, 44.594, 44.237, 42.763, 41.403, 41.127, 41.32, 41.117, 40.499, 40.121, 40.319, 40.81, 41.189, 41.374, 41.553, 41.695, 41.791, 41.912, 42.248, 42.774, 42.987, 42.545, 4.591], [4.931, 0.0, 7.293, 15.98, 22.673, 26.984, 29.389, 30.368, 31.151, 32.578, 34.389, 35.918, 36.705, 36.862, 36.788, 36.677, 36.576, 36.552, 36.752, 37.281, 38.232, 39.761, 42.038, 44.808, 47.147, 48.394, 48.805, 49.335, 50.518, 51.636, 52.334, 53.158, 54.25, 55.232, 55.978, 56.439, 56.277, 54.632, 51.318, 48.203, 46.904, 46.948, 47.265, 47.384, 47.224, 46.985, 46.869, 46.901, 46.65, 45.836, 45.057, 44.79, 44.877, 44.917, 44.81, 45.229, 45.747, 45.262, 44.351, 43.906, 43.785, 43.523, 43.091, 42.951, 43.415, 43.927, 43.867, 43.548, 43.448, 43.608, 43.834, 44.057, 44.224, 44.054, 43.452, 42.692, 42.342, 42.461, 42.529, 42.424, 42.501, 42.761, 43.096, 43.578, 43.967, 43.852, 43.182, 42.512, 42.185, 42.159, 42.312, 42.394, 42.496, 43.065, 44.633, 46.611, 47.835, 47.92, 47.467, 47.64, 49.103, 50.781, 51.493, 51.611, 52.594, 54.403, 55.486, 55.456, 55.083, 54.586, 54.036, 53.258, 52.488, 52.375, 52.995, 53.775, 54.145, 54.05, 53.543, 52.511, 50.597, 48.168, 46.376, 45.779, 46.041, 46.31, 45.897, 44.831, 43.979, 44.226, 45.461, 46.649, 46.676, 45.409, 44.047, 43.832, 44.314, 43.946, 42.381, 40.911, 40.587, 40.773, 40.549, 39.873, 39.447, 39.65, 40.179, 40.602, 40.826, 41.028, 41.172, 41.26, 41.384, 41.749, 42.316, 42.546, 42.071, 8.38], [11.202, 7.293, 0.0, 9.787, 18.041, 23.559, 26.474, 27.468, 28.176, 29.744, 31.833, 33.596, 34.524, 34.759, 34.722, 34.613, 34.496, 34.461, 34.669, 35.228, 36.25, 37.939, 40.488, 43.561, 46.128, 47.498, 47.983, 48.606, 49.912, 51.137, 51.928, 52.849, 54.032, 55.085, 55.891, 56.417, 56.311, 54.639, 51.145, 47.754, 46.276, 46.316, 46.713, 46.881, 46.692, 46.399, 46.268, 46.341, 46.13, 45.3, 44.471, 44.178, 44.264, 44.282, 44.15, 44.592, 45.067, 44.419, 43.349, 42.835, 42.715, 42.46, 42.015, 41.873, 42.395, 42.979, 42.938, 42.609, 42.509, 42.678, 42.9, 43.109, 43.263, 43.068, 42.412, 41.577, 41.169, 41.283, 41.354, 41.235, 41.318, 41.611, 42.007, 42.581, 43.034, 42.897, 42.141, 41.396, 41.029, 40.994, 41.178, 41.286, 41.413, 42.076, 43.817, 45.981, 47.321, 47.429, 46.971, 47.24, 48.912, 50.753, 51.51, 51.627, 52.669, 54.574, 55.704, 55.654, 55.228, 54.656, 54.007, 53.14, 52.314, 52.197, 52.848, 53.66, 54.051, 53.967, 53.448, 52.362, 50.351, 47.811, 45.941, 45.314, 45.575, 45.843, 45.389, 44.222, 43.263, 43.499, 44.837, 46.137, 46.187, 44.838, 43.371, 43.155, 43.701, 43.301, 41.551, 39.87, 39.463, 39.648, 39.394, 38.627, 38.134, 38.358, 38.955, 39.458, 39.756, 40.011, 40.171, 40.253, 40.385, 40.793, 41.422, 41.681, 41.153, 13.482], [18.609, 15.98, 9.787, 0.0, 9.845, 17.213, 21.213, 22.52, 23.144, 24.791, 27.245, 29.4, 30.598, 31.001, 31.072, 31.034, 30.981, 31.024, 31.322, 31.969, 33.097, 34.97, 37.812, 41.216, 44.044, 45.583, 46.213, 47.038, 48.58, 49.985, 50.906, 51.961, 53.293, 54.485, 55.394, 55.993, 55.957, 54.307, 50.712, 47.122, 45.49, 45.511, 45.985, 46.232, 46.073, 45.786, 45.662, 45.774, 45.623, 44.824, 43.996, 43.703, 43.793, 43.759, 43.528, 43.903, 44.299, 43.545, 42.421, 41.923, 41.84, 41.612, 41.167, 41.018, 41.572, 42.213, 42.197, 41.88, 41.798, 41.987, 42.209, 42.399, 42.534, 42.312, 41.612, 40.747, 40.36, 40.53, 40.624, 40.492, 40.566, 40.864, 41.28, 41.898, 42.397, 42.256, 41.453, 40.669, 40.296, 40.309, 40.584, 40.747, 40.864, 41.509, 43.291, 45.538, 46.944, 47.081, 46.646, 47.02, 48.861, 50.821, 51.606, 51.705, 52.741, 54.669, 55.825, 55.781, 55.319, 54.637, 53.833, 52.848, 51.972, 51.861, 52.543, 53.386, 53.804, 53.742, 53.217, 52.071, 49.959, 47.32, 45.386, 44.72, 44.962, 45.222, 44.741, 43.51, 42.482, 42.708, 44.104, 45.461, 45.516, 44.129, 42.63, 42.446, 43.043, 42.595, 40.689, 38.873, 38.437, 38.627, 38.359, 37.57, 37.097, 37.366, 37.987, 38.521, 38.884, 39.211, 39.405, 39.49, 39.633, 40.078, 40.755, 41.034, 40.475, 20.062], [24.438, 22.673, 18.041, 9.845, 0.0, 8.603, 13.9, 16.064, 16.919, 18.567, 21.268, 23.849, 25.459, 26.203, 26.557, 26.766, 26.949, 27.221, 27.699, 28.441, 29.581, 31.409, 34.197, 37.588, 40.447, 42.049, 42.802, 43.829, 45.601, 47.186, 48.242, 49.438, 50.928, 52.289, 53.333, 53.999, 54.029, 52.506, 49.102, 45.733, 44.228, 44.258, 44.752, 45.103, 45.097, 44.938, 44.842, 44.928, 44.814, 44.131, 43.436, 43.231, 43.343, 43.247, 42.862, 43.085, 43.465, 42.875, 42.005, 41.687, 41.663, 41.454, 41.029, 40.871, 41.382, 41.995, 41.996, 41.714, 41.657, 41.858, 42.087, 42.273, 42.404, 42.204, 41.581, 40.862, 40.662, 40.969, 41.115, 40.991, 41.036, 41.274, 41.599, 42.119, 42.585, 42.491, 41.761, 41.033, 40.725, 40.86, 41.25, 41.421, 41.373, 41.68, 43.118, 45.139, 46.445, 46.58, 46.167, 46.522, 48.284, 50.176, 50.95, 51.038, 51.998, 53.851, 55.011, 55.021, 54.575, 53.816, 52.893, 51.846, 50.975, 50.885, 51.567, 52.4, 52.821, 52.784, 52.282, 51.124, 48.99, 46.358, 44.443, 43.756, 43.945, 44.167, 43.693, 42.525, 41.583, 41.845, 43.184, 44.446, 44.468, 43.174, 41.844, 41.757, 42.325, 41.849, 40.027, 38.426, 38.159, 38.364, 38.115, 37.471, 37.199, 37.528, 38.036, 38.446, 38.796, 39.167, 39.387, 39.476, 39.627, 40.083, 40.756, 41.024, 40.493, 25.472], [28.321, 26.984, 23.559, 17.213, 8.603, 0.0, 6.238, 9.749, 11.649, 13.699, 16.53, 19.318, 21.264, 22.41, 23.159, 23.728, 24.235, 24.774, 25.421, 26.214, 27.301, 28.958, 31.458, 34.543, 37.185, 38.722, 39.565, 40.777, 42.723, 44.427, 45.574, 46.856, 48.43, 49.9, 51.056, 51.761, 51.799, 50.379, 47.298, 44.454, 43.349, 43.469, 43.925, 44.329, 44.497, 44.525, 44.512, 44.604, 44.543, 44.005, 43.474, 43.369, 43.506, 43.364, 42.823, 42.835, 43.188, 42.851, 42.333, 42.228, 42.244, 42.034, 41.635, 41.484, 41.942, 42.51, 42.53, 42.293, 42.254, 42.445, 42.66, 42.833, 42.954, 42.799, 42.314, 41.791, 41.772, 42.172, 42.354, 42.251, 42.275, 42.45, 42.672, 43.073, 43.487, 43.449, 42.831, 42.2, 41.974, 42.205, 42.643, 42.779, 42.557, 42.458, 43.385, 45.009, 46.114, 46.216, 45.811, 46.06, 47.588, 49.295, 50.027, 50.117, 50.996, 52.747, 53.901, 53.968, 53.551, 52.763, 51.798, 50.756, 49.927, 49.85, 50.497, 51.281, 51.675, 51.65, 51.186, 50.061, 47.967, 45.417, 43.58, 42.884, 42.996, 43.155, 42.704, 41.67, 40.903, 41.226, 42.455, 43.55, 43.525, 42.397, 41.35, 41.402, 41.905, 41.411, 39.801, 38.596, 38.59, 38.818, 38.594, 38.144, 38.112, 38.494, 38.857, 39.094, 39.376, 39.745, 39.965, 40.049, 40.196, 40.64, 41.268, 41.495, 41.007, 29.187], [30.628, 29.389, 26.474, 21.213, 13.9, 6.238, 0.0, 4.592, 8.025, 11.129, 14.294, 17.097, 19.11, 20.473, 21.518, 22.377, 23.116, 23.807, 24.521, 25.307, 26.349, 27.924, 30.283, 33.181, 35.668, 37.16, 38.082, 39.425, 41.466, 43.223, 44.409, 45.718, 47.303, 48.807, 50.024, 50.759, 50.775, 49.361, 46.455, 43.995, 43.241, 43.48, 43.904, 44.293, 44.531, 44.666, 44.736, 44.883, 44.884, 44.431, 43.974, 43.904, 44.051, 43.89, 43.244, 43.084, 43.371, 43.15, 42.82, 42.831, 42.87, 42.658, 42.278, 42.146, 42.596, 43.157, 43.199, 42.992, 42.961, 43.138, 43.332, 43.489, 43.607, 43.483, 43.074, 42.634, 42.669, 43.075, 43.264, 43.175, 43.194, 43.343, 43.52, 43.863, 44.248, 44.233, 43.673, 43.109, 42.947, 43.232, 43.676, 43.784, 43.495, 43.202, 43.833, 45.204, 46.17, 46.243, 45.846, 46.037, 47.426, 49.011, 49.704, 49.796, 50.634, 52.322, 53.463, 53.552, 53.142, 52.339, 51.359, 50.334, 49.542, 49.476, 50.094, 50.84, 51.212, 51.192, 50.748, 49.644, 47.582, 45.092, 43.307, 42.602, 42.657, 42.77, 42.34, 41.407, 40.766, 41.144, 42.32, 43.321, 43.268, 42.228, 41.337, 41.462, 41.917, 41.403, 39.916, 38.946, 39.09, 39.326, 39.108, 38.761, 38.859, 39.274, 39.568, 39.712, 39.932, 40.266, 40.462, 40.529, 40.663, 41.082, 41.66, 41.844, 41.375, 31.452], [31.658, 30.368, 27.468, 22.52, 16.064, 9.749, 4.592, 0.0, 4.433, 8.727, 12.653, 15.735, 17.793, 19.193, 20.336, 21.311, 22.138, 22.878, 23.608, 24.376, 25.387, 26.971, 29.405, 32.414, 34.991, 36.54, 37.502, 38.878, 40.958, 42.761, 43.998, 45.35, 46.957, 48.472, 49.714, 50.485, 50.523, 49.105, 46.194, 43.779, 43.119, 43.439, 43.902, 44.298, 44.531, 44.663, 44.738, 44.908, 44.932, 44.489, 44.025, 43.945, 44.09, 43.923, 43.26, 43.083, 43.366, 43.153, 42.838, 42.869, 42.922, 42.718, 42.342, 42.216, 42.671, 43.235, 43.279, 43.072, 43.04, 43.214, 43.408, 43.573, 43.703, 43.59, 43.177, 42.712, 42.722, 43.116, 43.304, 43.216, 43.234, 43.379, 43.545, 43.872, 44.246, 44.229, 43.675, 43.129, 42.997, 43.312, 43.763, 43.865, 43.572, 43.268, 43.87, 45.223, 46.184, 46.256, 45.867, 46.074, 47.477, 49.064, 49.752, 49.841, 50.689, 52.389, 53.534, 53.617, 53.199, 52.391, 51.408, 50.391, 49.615, 49.561, 50.185, 50.935, 51.313, 51.296, 50.851, 49.743, 47.681, 45.193, 43.403, 42.683, 42.721, 42.828, 42.404, 41.487, 40.872, 41.28, 42.483, 43.495, 43.434, 42.374, 41.463, 41.576, 42.021, 41.494, 39.992, 39.014, 39.153, 39.38, 39.157, 38.811, 38.915, 39.333, 39.628, 39.768, 39.967, 40.275, 40.453, 40.508, 40.635, 41.039, 41.595, 41.762, 41.287, 32.461], [32.449, 31.151, 28.176, 23.144, 16.919, 11.649, 8.025, 4.433, 0.0, 5.021, 9.82, 13.538, 15.911, 17.411, 18.577, 19.568, 20.428, 21.223, 22.005, 22.782, 23.767, 25.35, 27.903, 31.142, 33.94, 35.603, 36.573, 37.934, 40.056, 41.947, 43.269, 44.693, 46.351, 47.893, 49.158, 49.979, 50.093, 48.736, 45.813, 43.316, 42.596, 42.943, 43.497, 43.984, 44.266, 44.393, 44.428, 44.561, 44.564, 44.095, 43.608, 43.519, 43.658, 43.487, 42.851, 42.759, 43.112, 42.913, 42.585, 42.617, 42.686, 42.494, 42.121, 41.985, 42.416, 42.951, 42.971, 42.747, 42.708, 42.888, 43.101, 43.291, 43.444, 43.333, 42.89, 42.381, 42.375, 42.792, 42.989, 42.894, 42.905, 43.045, 43.199, 43.508, 43.874, 43.86, 43.308, 42.759, 42.636, 42.978, 43.453, 43.561, 43.264, 42.987, 43.655, 45.084, 46.096, 46.185, 45.8, 46.034, 47.491, 49.124, 49.821, 49.9, 50.764, 52.498, 53.658, 53.738, 53.318, 52.516, 51.541, 50.534, 49.766, 49.722, 50.365, 51.138, 51.535, 51.525, 51.076, 49.962, 47.894, 45.392, 43.583, 42.851, 42.895, 43.012, 42.586, 41.649, 41.013, 41.427, 42.666, 43.713, 43.655, 42.556, 41.585, 41.661, 42.106, 41.581, 40.04, 38.984, 39.073, 39.297, 39.076, 38.707, 38.776, 39.177, 39.479, 39.638, 39.838, 40.143, 40.319, 40.372, 40.503, 40.915, 41.479, 41.656, 41.178, 33.188], [33.779, 32.578, 29.744, 24.791, 18.567, 13.699, 11.129, 8.727, 5.021, 0.0, 5.333, 9.777, 12.78, 14.686, 16.043, 17.123, 18.08, 19.012, 19.918, 20.745, 21.703, 23.216, 25.77, 29.151, 32.14, 33.915, 34.901, 36.258, 38.453, 40.469, 41.896, 43.388, 45.092, 46.666, 47.967, 48.842, 49.043, 47.806, 45.012, 42.597, 41.874, 42.205, 42.826, 43.473, 43.934, 44.166, 44.197, 44.267, 44.224, 43.74, 43.269, 43.197, 43.334, 43.148, 42.52, 42.482, 42.911, 42.794, 42.538, 42.612, 42.698, 42.522, 42.161, 42.009, 42.381, 42.848, 42.832, 42.596, 42.549, 42.727, 42.956, 43.173, 43.351, 43.26, 42.831, 42.342, 42.385, 42.864, 43.078, 42.979, 42.979, 43.099, 43.214, 43.472, 43.812, 43.822, 43.31, 42.781, 42.673, 43.048, 43.551, 43.659, 43.332, 43.022, 43.682, 45.107, 46.121, 46.215, 45.828, 46.049, 47.474, 49.072, 49.748, 49.812, 50.667, 52.397, 53.561, 53.649, 53.24, 52.453, 51.5, 50.521, 49.774, 49.738, 50.379, 51.151, 51.552, 51.552, 51.114, 50.012, 47.965, 45.496, 43.712, 42.987, 43.027, 43.143, 42.721, 41.796, 41.172, 41.583, 42.802, 43.83, 43.774, 42.707, 41.776, 41.858, 42.289, 41.772, 40.258, 39.215, 39.307, 39.539, 39.339, 38.994, 39.066, 39.444, 39.713, 39.845, 40.022, 40.317, 40.492, 40.547, 40.688, 41.116, 41.693, 41.888, 41.451, 34.414], [35.463, 34.389, 31.833, 27.245, 21.268, 16.53, 14.294, 12.653, 9.82, 5.333, 0.0, 4.934, 8.683, 11.311, 13.156, 14.521, 15.705, 16.867, 17.936, 18.82, 19.752, 21.167, 23.636, 27.055, 30.173, 32.051, 33.088, 34.484, 36.779, 38.933, 40.465, 42.006, 43.723, 45.308, 46.642, 47.561, 47.821, 46.7, 44.129, 41.978, 41.381, 41.685, 42.306, 43.107, 43.823, 44.269, 44.381, 44.429, 44.354, 43.879, 43.449, 43.407, 43.539, 43.329, 42.657, 42.565, 42.997, 42.974, 42.839, 42.973, 43.069, 42.905, 42.563, 42.398, 42.702, 43.096, 43.053, 42.819, 42.767, 42.936, 43.168, 43.403, 43.608, 43.563, 43.204, 42.797, 42.931, 43.482, 43.715, 43.618, 43.606, 43.698, 43.759, 43.946, 44.254, 44.301, 43.857, 43.375, 43.295, 43.702, 44.223, 44.322, 43.953, 43.56, 44.112, 45.422, 46.362, 46.435, 46.04, 46.205, 47.502, 48.972, 49.582, 49.624, 50.451, 52.148, 53.301, 53.399, 53.004, 52.235, 51.317, 50.388, 49.681, 49.645, 50.253, 50.988, 51.373, 51.38, 50.963, 49.887, 47.889, 45.499, 43.782, 43.072, 43.09, 43.188, 42.781, 41.91, 41.342, 41.756, 42.915, 43.876, 43.819, 42.848, 42.063, 42.219, 42.636, 42.119, 40.674, 39.726, 39.869, 40.115, 39.945, 39.662, 39.778, 40.135, 40.342, 40.402, 40.512, 40.768, 40.93, 40.986, 41.137, 41.574, 42.147, 42.35, 41.986, 36.004], [36.902, 35.918, 33.596, 29.4, 23.849, 19.318, 17.097, 15.735, 13.538, 9.777, 4.934, 0.0, 4.276, 7.701, 10.244, 12.109, 13.672, 15.134, 16.367, 17.284, 18.195, 19.568, 22.006, 25.468, 28.699, 30.69, 31.815, 33.289, 35.688, 37.963, 39.581, 41.156, 42.863, 44.432, 45.776, 46.718, 46.998, 45.938, 43.541, 41.651, 41.217, 41.508, 42.079, 42.96, 43.894, 44.575, 44.836, 44.936, 44.871, 44.42, 44.025, 43.998, 44.122, 43.885, 43.136, 42.92, 43.284, 43.304, 43.255, 43.423, 43.516, 43.355, 43.028, 42.854, 43.107, 43.456, 43.408, 43.192, 43.147, 43.307, 43.536, 43.779, 44.011, 44.024, 43.749, 43.432, 43.646, 44.246, 44.492, 44.399, 44.381, 44.449, 44.47, 44.607, 44.895, 44.977, 44.592, 44.154, 44.105, 44.536, 45.066, 45.156, 44.759, 44.29, 44.713, 45.877, 46.719, 46.76, 46.352, 46.453, 47.604, 48.924, 49.452, 49.468, 50.272, 51.941, 53.081, 53.179, 52.785, 52.028, 51.146, 50.276, 49.611, 49.568, 50.127, 50.814, 51.175, 51.182, 50.781, 49.731, 47.786, 45.481, 43.832, 43.128, 43.115, 43.193, 42.807, 42.0, 41.497, 41.921, 43.024, 43.918, 43.855, 42.98, 42.357, 42.612, 43.03, 42.505, 41.114, 40.258, 40.448, 40.7, 40.554, 40.332, 40.493, 40.833, 40.985, 40.973, 40.99, 41.181, 41.323, 41.382, 41.544, 41.979, 42.531, 42.729, 42.431, 37.39], [37.634, 36.705, 34.524, 30.598, 25.459, 21.264, 19.11, 17.793, 15.911, 12.78, 8.683, 4.276, 0.0, 3.911, 7.101, 9.586, 11.675, 13.512, 14.917, 15.853, 16.766, 18.207, 20.768, 24.374, 27.752, 29.869, 31.096, 32.664, 35.153, 37.505, 39.18, 40.786, 42.495, 44.045, 45.374, 46.313, 46.592, 45.537, 43.19, 41.404, 41.052, 41.339, 41.867, 42.766, 43.82, 44.674, 45.086, 45.28, 45.26, 44.836, 44.46, 44.433, 44.546, 44.29, 43.482, 43.174, 43.479, 43.5, 43.47, 43.634, 43.711, 43.548, 43.229, 43.044, 43.265, 43.593, 43.55, 43.355, 43.321, 43.482, 43.71, 43.965, 44.23, 44.3, 44.089, 43.835, 44.097, 44.719, 44.968, 44.88, 44.863, 44.926, 44.932, 45.05, 45.328, 45.422, 45.062, 44.644, 44.614, 45.061, 45.593, 45.682, 45.276, 44.765, 45.112, 46.187, 46.965, 46.979, 46.557, 46.614, 47.676, 48.899, 49.369, 49.367, 50.17, 51.835, 52.968, 53.054, 52.646, 51.886, 51.034, 50.215, 49.581, 49.525, 50.045, 50.698, 51.045, 51.051, 50.654, 49.62, 47.715, 45.465, 43.844, 43.124, 43.078, 43.142, 42.775, 42.012, 41.553, 41.99, 43.072, 43.932, 43.858, 43.029, 42.504, 42.835, 43.266, 42.73, 41.348, 40.52, 40.717, 40.96, 40.825, 40.632, 40.809, 41.132, 41.25, 41.193, 41.125, 41.254, 41.384, 41.453, 41.625, 42.057, 42.591, 42.783, 42.53, 38.098], [37.746, 36.862, 34.759, 31.001, 26.203, 22.41, 20.473, 19.193, 17.411, 14.686, 11.311, 7.701, 3.911, 0.0, 3.567, 6.648, 9.367, 11.682, 13.311, 14.289, 15.237, 16.844, 19.673, 23.532, 27.096, 29.335, 30.653, 32.314, 34.881, 37.276, 38.981, 40.618, 42.347, 43.885, 45.183, 46.103, 46.376, 45.306, 42.915, 41.078, 40.705, 40.988, 41.508, 42.408, 43.503, 44.443, 44.96, 45.251, 45.287, 44.884, 44.513, 44.484, 44.589, 44.323, 43.494, 43.17, 43.471, 43.484, 43.43, 43.56, 43.613, 43.446, 43.128, 42.931, 43.125, 43.436, 43.392, 43.204, 43.177, 43.342, 43.576, 43.85, 44.153, 44.271, 44.101, 43.881, 44.172, 44.805, 45.052, 44.966, 44.956, 45.026, 45.034, 45.146, 45.416, 45.504, 45.141, 44.719, 44.693, 45.144, 45.679, 45.771, 45.361, 44.832, 45.164, 46.226, 46.991, 46.993, 46.561, 46.607, 47.65, 48.847, 49.296, 49.291, 50.109, 51.791, 52.92, 52.985, 52.55, 51.777, 50.948, 50.165, 49.546, 49.477, 49.975, 50.614, 50.958, 50.965, 50.57, 49.548, 47.664, 45.431, 43.804, 43.056, 42.984, 43.041, 42.686, 41.941, 41.499, 41.952, 43.045, 43.906, 43.823, 42.993, 42.494, 42.863, 43.314, 42.775, 41.371, 40.511, 40.677, 40.905, 40.771, 40.575, 40.736, 41.038, 41.144, 41.071, 40.954, 41.05, 41.181, 41.264, 41.449, 41.883, 42.413, 42.603, 42.372, 38.188], [37.64, 36.788, 34.722, 31.072, 26.557, 23.159, 21.518, 20.336, 18.577, 16.043, 13.156, 10.244, 7.101, 3.567, 0.0, 3.45, 6.746, 9.603, 11.562, 12.677, 13.744, 15.601, 18.774, 22.914, 26.647, 28.976, 30.367, 32.115, 34.753, 37.175, 38.894, 40.557, 42.303, 43.826, 45.087, 45.989, 46.266, 45.184, 42.724, 40.766, 40.31, 40.584, 41.125, 42.035, 43.133, 44.089, 44.654, 45.009, 45.093, 44.709, 44.344, 44.319, 44.424, 44.153, 43.332, 43.048, 43.391, 43.406, 43.314, 43.398, 43.424, 43.251, 42.93, 42.72, 42.893, 43.186, 43.131, 42.938, 42.91, 43.08, 43.324, 43.618, 43.951, 44.098, 43.941, 43.731, 44.036, 44.673, 44.917, 44.83, 44.829, 44.91, 44.924, 45.033, 45.289, 45.365, 44.994, 44.56, 44.528, 44.975, 45.509, 45.602, 45.183, 44.655, 45.018, 46.12, 46.91, 46.917, 46.485, 46.541, 47.605, 48.816, 49.266, 49.261, 50.093, 51.789, 52.91, 52.948, 52.487, 51.704, 50.899, 50.139, 49.522, 49.442, 49.929, 50.562, 50.903, 50.911, 50.526, 49.524, 47.66, 45.437, 43.81, 43.052, 42.968, 43.023, 42.674, 41.931, 41.49, 41.951, 43.062, 43.939, 43.854, 43.008, 42.498, 42.874, 43.348, 42.822, 41.396, 40.476, 40.591, 40.808, 40.674, 40.46, 40.588, 40.867, 40.976, 40.916, 40.795, 40.895, 41.041, 41.135, 41.328, 41.767, 42.299, 42.49, 42.256, 38.049], [37.514, 36.677, 34.613, 31.034, 26.766, 23.728, 22.377, 21.311, 19.568, 17.123, 14.521, 12.109, 9.586, 6.648, 3.45, 0.0, 3.64, 7.01, 9.429, 10.89, 12.278, 14.519, 18.065, 22.451, 26.304, 28.688, 30.144, 31.99, 34.702, 37.154, 38.89, 40.575, 42.328, 43.824, 45.05, 45.946, 46.24, 45.156, 42.625, 40.532, 39.981, 40.25, 40.826, 41.756, 42.839, 43.771, 44.337, 44.723, 44.84, 44.478, 44.131, 44.123, 44.232, 43.959, 43.158, 42.938, 43.343, 43.371, 43.246, 43.286, 43.286, 43.102, 42.776, 42.555, 42.716, 42.997, 42.929, 42.722, 42.687, 42.861, 43.117, 43.427, 43.779, 43.934, 43.769, 43.548, 43.85, 44.485, 44.728, 44.642, 44.646, 44.736, 44.758, 44.864, 45.101, 45.159, 44.78, 44.341, 44.299, 44.735, 45.266, 45.355, 44.925, 44.412, 44.83, 45.996, 46.828, 46.854, 46.43, 46.504, 47.595, 48.828, 49.287, 49.281, 50.114, 51.813, 52.922, 52.936, 52.456, 51.674, 50.893, 50.15, 49.527, 49.438, 49.918, 50.542, 50.874, 50.882, 50.515, 49.545, 47.711, 45.514, 43.912, 43.175, 43.098, 43.155, 42.808, 42.064, 41.616, 42.071, 43.188, 44.081, 44.002, 43.144, 42.611, 42.978, 43.473, 42.97, 41.526, 40.535, 40.592, 40.801, 40.67, 40.434, 40.524, 40.786, 40.911, 40.885, 40.791, 40.915, 41.079, 41.181, 41.373, 41.811, 42.344, 42.531, 42.276, 37.89], [37.418, 36.576, 34.496, 30.981, 26.949, 24.235, 23.116, 22.138, 20.428, 18.08, 15.705, 13.672, 11.675, 9.367, 6.746, 3.64, 0.0, 3.708, 6.656, 8.741, 10.783, 13.582, 17.494, 22.062, 25.984, 28.397, 29.916, 31.869, 34.665, 37.154, 38.919, 40.628, 42.381, 43.844, 45.038, 45.937, 46.252, 45.161, 42.557, 40.341, 39.713, 39.986, 40.597, 41.538, 42.597, 43.496, 44.052, 44.456, 44.599, 44.263, 43.945, 43.965, 44.088, 43.815, 43.03, 42.86, 43.317, 43.357, 43.213, 43.224, 43.203, 43.007, 42.674, 42.451, 42.615, 42.898, 42.819, 42.592, 42.546, 42.724, 42.992, 43.314, 43.673, 43.826, 43.643, 43.401, 43.691, 44.322, 44.567, 44.483, 44.49, 44.588, 44.618, 44.722, 44.939, 44.977, 44.592, 44.151, 44.104, 44.53, 45.056, 45.138, 44.699, 44.204, 44.672, 45.895, 46.766, 46.811, 46.4, 46.489, 47.605, 48.865, 49.34, 49.336, 50.168, 51.866, 52.963, 52.961, 52.471, 51.697, 50.935, 50.199, 49.569, 49.474, 49.948, 50.562, 50.885, 50.893, 50.546, 49.607, 47.805, 45.641, 44.079, 43.381, 43.323, 43.384, 43.039, 42.294, 41.835, 42.271, 43.38, 44.28, 44.211, 43.351, 42.796, 43.146, 43.654, 43.167, 41.702, 40.639, 40.641, 40.845, 40.716, 40.454, 40.509, 40.766, 40.916, 40.928, 40.867, 41.013, 41.189, 41.293, 41.478, 41.907, 42.433, 42.611, 42.335, 37.77], [37.405, 36.552, 34.461, 31.024, 27.221, 24.774, 23.807, 22.878, 21.223, 19.012, 16.867, 15.134, 13.512, 11.682, 9.603, 7.01, 3.708, 0.0, 3.358, 6.261, 9.253, 12.748, 17.007, 21.701, 25.654, 28.078, 29.646, 31.688, 34.557, 37.085, 38.881, 40.616, 42.365, 43.798, 44.966, 45.866, 46.188, 45.076, 42.405, 40.103, 39.432, 39.713, 40.343, 41.285, 42.325, 43.212, 43.781, 44.213, 44.384, 44.076, 43.788, 43.842, 43.992, 43.729, 42.949, 42.796, 43.274, 43.32, 43.169, 43.172, 43.143, 42.94, 42.604, 42.386, 42.568, 42.863, 42.774, 42.523, 42.462, 42.643, 42.923, 43.256, 43.62, 43.767, 43.568, 43.309, 43.592, 44.222, 44.471, 44.389, 44.396, 44.498, 44.535, 44.638, 44.843, 44.867, 44.476, 44.03, 43.977, 44.395, 44.918, 44.993, 44.549, 44.066, 44.556, 45.809, 46.704, 46.76, 46.356, 46.456, 47.599, 48.896, 49.397, 49.407, 50.247, 51.951, 53.043, 53.029, 52.533, 51.763, 51.011, 50.274, 49.635, 49.534, 50.007, 50.616, 50.937, 50.948, 50.613, 49.692, 47.908, 45.76, 44.225, 43.56, 43.524, 43.592, 43.247, 42.502, 42.035, 42.456, 43.556, 44.46, 44.399, 43.538, 42.967, 43.301, 43.812, 43.328, 41.836, 40.712, 40.674, 40.874, 40.739, 40.451, 40.482, 40.742, 40.918, 40.959, 40.918, 41.073, 41.251, 41.35, 41.527, 41.945, 42.462, 42.631, 42.342, 37.741], [37.613, 36.752, 34.669, 31.322, 27.699, 25.421, 24.521, 23.608, 22.005, 19.918, 17.936, 16.367, 14.917, 13.311, 11.562, 9.429, 6.656, 3.358, 0.0, 3.496, 7.351, 11.584, 16.287, 21.178, 25.189, 27.618, 29.207, 31.301, 34.229, 36.803, 38.639, 40.4, 42.147, 43.558, 44.71, 45.611, 45.936, 44.806, 42.095, 39.761, 39.09, 39.385, 40.027, 40.977, 42.026, 42.932, 43.537, 44.008, 44.202, 43.908, 43.643, 43.73, 43.913, 43.676, 42.906, 42.755, 43.236, 43.28, 43.129, 43.133, 43.104, 42.903, 42.569, 42.356, 42.545, 42.843, 42.74, 42.469, 42.397, 42.582, 42.872, 43.215, 43.586, 43.737, 43.536, 43.279, 43.574, 44.216, 44.468, 44.383, 44.387, 44.485, 44.516, 44.611, 44.808, 44.828, 44.435, 43.981, 43.917, 44.327, 44.847, 44.919, 44.474, 43.992, 44.482, 45.742, 46.646, 46.705, 46.303, 46.413, 47.581, 48.906, 49.426, 49.447, 50.304, 52.021, 53.115, 53.092, 52.586, 51.813, 51.058, 50.317, 49.669, 49.564, 50.035, 50.646, 50.969, 50.982, 50.649, 49.729, 47.942, 45.79, 44.257, 43.607, 43.587, 43.663, 43.321, 42.579, 42.121, 42.554, 43.663, 44.574, 44.515, 43.65, 43.069, 43.397, 43.908, 43.421, 41.911, 40.763, 40.711, 40.906, 40.761, 40.459, 40.487, 40.754, 40.94, 40.991, 40.959, 41.115, 41.288, 41.379, 41.549, 41.964, 42.477, 42.642, 42.349, 37.935], [38.145, 37.281, 35.228, 31.969, 28.441, 26.214, 25.307, 24.376, 22.782, 20.745, 18.82, 17.284, 15.853, 14.289, 12.677, 10.89, 8.741, 6.261, 3.496, 0.0, 4.343, 9.334, 14.754, 20.11, 24.308, 26.756, 28.319, 30.438, 33.448, 36.109, 38.011, 39.812, 41.575, 42.989, 44.147, 45.066, 45.412, 44.289, 41.573, 39.254, 38.62, 38.947, 39.614, 40.597, 41.69, 42.643, 43.283, 43.772, 43.968, 43.669, 43.412, 43.52, 43.733, 43.526, 42.791, 42.677, 43.183, 43.24, 43.096, 43.099, 43.069, 42.874, 42.548, 42.332, 42.506, 42.782, 42.662, 42.379, 42.305, 42.495, 42.795, 43.148, 43.533, 43.697, 43.513, 43.28, 43.609, 44.282, 44.542, 44.451, 44.44, 44.514, 44.513, 44.577, 44.755, 44.771, 44.379, 43.919, 43.844, 44.252, 44.774, 44.846, 44.399, 43.917, 44.408, 45.67, 46.576, 46.636, 46.242, 46.367, 47.554, 48.885, 49.399, 49.415, 50.277, 52.005, 53.105, 53.077, 52.564, 51.782, 51.017, 50.267, 49.615, 49.51, 49.983, 50.596, 50.92, 50.93, 50.59, 49.658, 47.855, 45.688, 44.143, 43.489, 43.477, 43.562, 43.225, 42.486, 42.049, 42.522, 43.666, 44.589, 44.523, 43.647, 43.064, 43.398, 43.913, 43.432, 41.939, 40.823, 40.791, 40.978, 40.819, 40.523, 40.577, 40.854, 41.027, 41.068, 41.038, 41.199, 41.368, 41.452, 41.625, 42.055, 42.58, 42.748, 42.446, 38.463], [39.086, 38.232, 36.25, 33.097, 29.581, 27.301, 26.349, 25.387, 23.767, 21.703, 19.752, 18.195, 16.766, 15.237, 13.744, 12.278, 10.783, 9.253, 7.351, 4.343, 0.0, 5.556, 11.86, 18.008, 22.636, 25.169, 26.651, 28.756, 31.905, 34.73, 36.751, 38.631, 40.451, 41.912, 43.114, 44.077, 44.477, 43.407, 40.732, 38.465, 37.894, 38.271, 38.987, 40.034, 41.207, 42.231, 42.899, 43.378, 43.555, 43.249, 43.003, 43.127, 43.354, 43.171, 42.492, 42.474, 43.079, 43.212, 43.11, 43.121, 43.088, 42.9, 42.585, 42.357, 42.487, 42.715, 42.563, 42.27, 42.197, 42.397, 42.712, 43.081, 43.479, 43.662, 43.511, 43.332, 43.724, 44.452, 44.734, 44.634, 44.595, 44.624, 44.559, 44.554, 44.685, 44.689, 44.304, 43.849, 43.782, 44.213, 44.759, 44.829, 44.373, 43.881, 44.356, 45.602, 46.502, 46.568, 46.184, 46.318, 47.504, 48.815, 49.303, 49.295, 50.141, 51.866, 52.971, 52.956, 52.456, 51.674, 50.889, 50.132, 49.49, 49.397, 49.875, 50.488, 50.812, 50.819, 50.472, 49.525, 47.71, 45.539, 43.983, 43.312, 43.301, 43.4, 43.071, 42.336, 41.921, 42.44, 43.622, 44.547, 44.463, 43.577, 43.008, 43.355, 43.874, 43.413, 41.992, 40.98, 41.004, 41.179, 41.002, 40.731, 40.838, 41.128, 41.266, 41.275, 41.238, 41.405, 41.574, 41.656, 41.845, 42.309, 42.863, 43.038, 42.722, 39.406], [40.56, 39.761, 37.939, 34.97, 31.409, 28.958, 27.924, 26.971, 25.35, 23.216, 21.167, 19.568, 18.207, 16.844, 15.601, 14.519, 13.582, 12.748, 11.584, 9.334, 5.556, 0.0, 6.963, 14.055, 19.392, 22.207, 23.627, 25.662, 28.988, 32.086, 34.323, 36.361, 38.296, 39.853, 41.141, 42.179, 42.677, 41.741, 39.218, 37.111, 36.654, 37.083, 37.858, 39.015, 40.332, 41.483, 42.202, 42.67, 42.845, 42.586, 42.414, 42.584, 42.822, 42.636, 41.987, 42.083, 42.874, 43.214, 43.26, 43.329, 43.303, 43.128, 42.832, 42.585, 42.634, 42.78, 42.588, 42.285, 42.212, 42.42, 42.754, 43.136, 43.542, 43.749, 43.672, 43.605, 44.114, 44.928, 45.246, 45.145, 45.075, 45.045, 44.889, 44.774, 44.827, 44.824, 44.477, 44.063, 44.045, 44.548, 45.148, 45.213, 44.712, 44.132, 44.485, 45.624, 46.476, 46.548, 46.176, 46.283, 47.403, 48.647, 49.099, 49.067, 49.878, 51.572, 52.674, 52.698, 52.25, 51.489, 50.695, 49.95, 49.346, 49.276, 49.747, 50.343, 50.662, 50.677, 50.337, 49.395, 47.605, 45.481, 43.949, 43.262, 43.238, 43.347, 43.042, 42.343, 41.97, 42.519, 43.684, 44.563, 44.452, 43.593, 43.083, 43.447, 43.942, 43.516, 42.245, 41.431, 41.552, 41.717, 41.529, 41.314, 41.504, 41.8, 41.871, 41.811, 41.738, 41.895, 42.058, 42.14, 42.353, 42.856, 43.434, 43.619, 43.316, 40.87], [42.721, 42.038, 40.488, 37.812, 34.197, 31.458, 30.283, 29.405, 27.903, 25.77, 23.636, 22.006, 20.768, 19.673, 18.774, 18.065, 17.494, 17.007, 16.287, 14.754, 11.86, 6.963, 0.0, 7.747, 13.927, 17.352, 18.943, 20.906, 24.373, 27.795, 30.364, 32.666, 34.764, 36.434, 37.832, 38.968, 39.612, 38.928, 36.778, 35.093, 34.893, 35.38, 36.203, 37.524, 39.084, 40.448, 41.267, 41.761, 42.006, 41.916, 41.942, 42.236, 42.501, 42.278, 41.565, 41.687, 42.702, 43.418, 43.795, 44.014, 44.015, 43.867, 43.615, 43.354, 43.299, 43.349, 43.137, 42.846, 42.772, 42.967, 43.29, 43.66, 44.055, 44.308, 44.374, 44.51, 45.199, 46.113, 46.472, 46.387, 46.294, 46.21, 45.962, 45.716, 45.681, 45.702, 45.448, 45.128, 45.212, 45.835, 46.501, 46.543, 45.932, 45.109, 45.128, 45.99, 46.71, 46.776, 46.425, 46.467, 47.427, 48.537, 48.952, 48.917, 49.673, 51.285, 52.364, 52.45, 52.083, 51.367, 50.589, 49.902, 49.371, 49.316, 49.732, 50.262, 50.556, 50.591, 50.294, 49.411, 47.729, 45.768, 44.36, 43.689, 43.625, 43.72, 43.469, 42.886, 42.615, 43.157, 44.199, 44.947, 44.812, 44.059, 43.69, 44.068, 44.488, 44.105, 43.082, 42.567, 42.821, 42.981, 42.81, 42.711, 43.012, 43.295, 43.26, 43.092, 42.944, 43.055, 43.189, 43.263, 43.495, 44.019, 44.593, 44.781, 44.549, 42.992], [45.35, 44.808, 43.561, 41.216, 37.588, 34.543, 33.181, 32.414, 31.142, 29.151, 27.055, 25.468, 24.374, 23.532, 22.914, 22.451, 22.062, 21.701, 21.178, 20.11, 18.008, 14.055, 7.747, 0.0, 6.829, 11.162, 13.435, 15.67, 19.3, 22.962, 25.855, 28.447, 30.684, 32.427, 33.92, 35.151, 35.942, 35.585, 34.015, 33.038, 33.283, 33.871, 34.731, 36.237, 38.087, 39.696, 40.64, 41.21, 41.599, 41.766, 42.068, 42.538, 42.854, 42.569, 41.698, 41.716, 42.908, 44.073, 44.895, 45.334, 45.379, 45.26, 45.065, 44.814, 44.682, 44.675, 44.493, 44.249, 44.18, 44.337, 44.612, 44.931, 45.29, 45.591, 45.827, 46.186, 47.042, 48.016, 48.393, 48.331, 48.232, 48.12, 47.829, 47.508, 47.43, 47.512, 47.386, 47.183, 47.366, 48.075, 48.76, 48.76, 48.019, 46.876, 46.433, 46.905, 47.431, 47.472, 47.138, 47.086, 47.823, 48.751, 49.131, 49.111, 49.782, 51.249, 52.271, 52.413, 52.124, 51.455, 50.713, 50.112, 49.67, 49.613, 49.929, 50.344, 50.591, 50.655, 50.432, 49.657, 48.166, 46.487, 45.324, 44.74, 44.632, 44.687, 44.505, 44.108, 44.005, 44.531, 45.385, 45.949, 45.795, 45.207, 45.03, 45.417, 45.723, 45.384, 44.659, 44.487, 44.881, 45.042, 44.918, 44.971, 45.393, 45.65, 45.501, 45.224, 44.998, 45.042, 45.124, 45.179, 45.416, 45.933, 46.471, 46.646, 46.496, 45.576], [47.584, 47.147, 46.128, 44.044, 40.447, 37.185, 35.668, 34.991, 33.94, 32.14, 30.173, 28.699, 27.752, 27.096, 26.647, 26.304, 25.984, 25.654, 25.189, 24.308, 22.636, 19.392, 13.927, 6.829, 0.0, 5.107, 8.562, 11.85, 15.961, 19.697, 22.663, 25.363, 27.639, 29.408, 30.976, 32.266, 33.122, 32.987, 31.933, 31.671, 32.429, 33.201, 34.114, 35.743, 37.784, 39.536, 40.549, 41.182, 41.697, 42.071, 42.595, 43.212, 43.581, 43.257, 42.263, 42.173, 43.462, 44.951, 46.126, 46.75, 46.834, 46.727, 46.568, 46.34, 46.193, 46.197, 46.075, 45.884, 45.824, 45.948, 46.173, 46.436, 46.749, 47.064, 47.399, 47.881, 48.807, 49.777, 50.144, 50.099, 50.002, 49.885, 49.603, 49.285, 49.221, 49.365, 49.339, 49.222, 49.449, 50.159, 50.804, 50.765, 49.95, 48.592, 47.799, 47.957, 48.318, 48.33, 48.005, 47.864, 48.393, 49.15, 49.494, 49.476, 50.036, 51.335, 52.287, 52.464, 52.231, 51.599, 50.89, 50.357, 49.985, 49.926, 50.158, 50.472, 50.672, 50.758, 50.606, 49.934, 48.614, 47.189, 46.259, 45.785, 45.661, 45.673, 45.539, 45.307, 45.372, 45.915, 46.63, 47.039, 46.864, 46.419, 46.411, 46.81, 47.015, 46.702, 46.215, 46.318, 46.827, 46.994, 46.909, 47.077, 47.588, 47.828, 47.604, 47.263, 47.001, 47.005, 47.045, 47.08, 47.313, 47.816, 48.313, 48.454, 48.331, 47.783], [48.781, 48.394, 47.498, 45.583, 42.049, 38.722, 37.16, 36.54, 35.603, 33.915, 32.051, 30.69, 29.869, 29.335, 28.976, 28.688, 28.397, 28.078, 27.618, 26.756, 25.169, 22.207, 17.352, 11.162, 5.107, 0.0, 4.468, 9.215, 14.225, 18.171, 21.083, 23.717, 25.968, 27.778, 29.446, 30.799, 31.661, 31.578, 30.752, 30.895, 32.013, 32.99, 34.005, 35.706, 37.801, 39.557, 40.54, 41.159, 41.705, 42.16, 42.788, 43.483, 43.89, 43.576, 42.592, 42.532, 43.893, 45.508, 46.819, 47.523, 47.627, 47.519, 47.363, 47.148, 47.019, 47.058, 46.976, 46.805, 46.747, 46.858, 47.062, 47.298, 47.582, 47.888, 48.243, 48.744, 49.659, 50.594, 50.945, 50.905, 50.811, 50.701, 50.44, 50.147, 50.102, 50.274, 50.291, 50.21, 50.435, 51.108, 51.708, 51.649, 50.823, 49.41, 48.504, 48.547, 48.84, 48.84, 48.523, 48.333, 48.743, 49.405, 49.723, 49.693, 50.175, 51.374, 52.293, 52.498, 52.307, 51.711, 51.029, 50.525, 50.18, 50.123, 50.33, 50.607, 50.782, 50.869, 50.744, 50.112, 48.859, 47.529, 46.688, 46.267, 46.149, 46.143, 46.02, 45.854, 46.007, 46.582, 47.251, 47.591, 47.398, 47.023, 47.103, 47.505, 47.653, 47.343, 46.967, 47.205, 47.776, 47.947, 47.871, 48.079, 48.627, 48.864, 48.614, 48.253, 47.994, 48.0, 48.031, 48.056, 48.286, 48.782, 49.258, 49.378, 49.241, 48.967], [49.179, 48.805, 47.983, 46.213, 42.802, 39.565, 38.082, 37.502, 36.573, 34.901, 33.088, 31.815, 31.096, 30.653, 30.367, 30.144, 29.916, 29.646, 29.207, 28.319, 26.651, 23.627, 18.943, 13.435, 8.562, 4.468, 0.0, 5.66, 11.611, 16.144, 19.319, 22.034, 24.335, 26.258, 28.098, 29.594, 30.542, 30.517, 29.774, 30.067, 31.335, 32.446, 33.585, 35.377, 37.503, 39.221, 40.122, 40.658, 41.153, 41.603, 42.26, 42.989, 43.417, 43.128, 42.232, 42.338, 43.84, 45.511, 46.831, 47.54, 47.657, 47.555, 47.398, 47.181, 47.049, 47.087, 46.995, 46.811, 46.741, 46.846, 47.052, 47.292, 47.574, 47.876, 48.236, 48.743, 49.656, 50.589, 50.939, 50.899, 50.804, 50.691, 50.426, 50.121, 50.068, 50.248, 50.279, 50.203, 50.419, 51.079, 51.677, 51.614, 50.78, 49.372, 48.498, 48.577, 48.889, 48.894, 48.567, 48.347, 48.726, 49.382, 49.707, 49.676, 50.155, 51.361, 52.302, 52.538, 52.387, 51.839, 51.189, 50.69, 50.343, 50.289, 50.509, 50.797, 50.97, 51.043, 50.901, 50.256, 48.989, 47.635, 46.76, 46.325, 46.218, 46.224, 46.097, 45.915, 46.062, 46.652, 47.341, 47.688, 47.489, 47.105, 47.168, 47.539, 47.657, 47.344, 46.993, 47.261, 47.847, 48.018, 47.933, 48.143, 48.707, 48.952, 48.696, 48.327, 48.072, 48.085, 48.117, 48.142, 48.37, 48.868, 49.35, 49.473, 49.325, 49.356], [49.696, 49.335, 48.606, 47.038, 43.829, 40.777, 39.425, 38.878, 37.934, 36.258, 34.484, 33.289, 32.664, 32.314, 32.115, 31.99, 31.869, 31.688, 31.301, 30.438, 28.756, 25.662, 20.906, 15.67, 11.85, 9.215, 5.66, 0.0, 6.547, 11.933, 15.879, 19.079, 21.601, 23.679, 25.739, 27.483, 28.683, 28.901, 28.398, 28.92, 30.311, 31.493, 32.73, 34.625, 36.811, 38.518, 39.33, 39.76, 40.198, 40.659, 41.368, 42.139, 42.58, 42.3, 41.488, 41.828, 43.58, 45.399, 46.767, 47.499, 47.644, 47.576, 47.445, 47.233, 47.075, 47.067, 46.935, 46.723, 46.632, 46.716, 46.919, 47.176, 47.474, 47.79, 48.187, 48.758, 49.74, 50.728, 51.103, 51.065, 50.958, 50.818, 50.499, 50.12, 50.023, 50.214, 50.269, 50.201, 50.435, 51.144, 51.792, 51.726, 50.832, 49.36, 48.487, 48.605, 48.952, 48.975, 48.637, 48.396, 48.797, 49.511, 49.884, 49.887, 50.415, 51.678, 52.662, 52.937, 52.826, 52.329, 51.703, 51.202, 50.852, 50.802, 51.032, 51.336, 51.519, 51.581, 51.413, 50.75, 49.474, 48.098, 47.18, 46.71, 46.605, 46.633, 46.512, 46.3, 46.398, 46.966, 47.673, 48.053, 47.863, 47.428, 47.395, 47.679, 47.765, 47.476, 47.165, 47.45, 48.03, 48.186, 48.091, 48.314, 48.907, 49.17, 48.901, 48.505, 48.227, 48.218, 48.236, 48.257, 48.487, 48.992, 49.485, 49.626, 49.488, 49.864], [50.848, 50.518, 49.912, 48.58, 45.601, 42.723, 41.466, 40.958, 40.056, 38.453, 36.779, 35.688, 35.153, 34.881, 34.753, 34.702, 34.665, 34.557, 34.229, 33.448, 31.905, 28.988, 24.373, 19.3, 15.961, 14.225, 11.611, 6.547, 0.0, 6.094, 11.092, 15.141, 18.052, 20.27, 22.493, 24.487, 26.023, 26.637, 26.597, 27.591, 29.25, 30.526, 31.822, 33.783, 36.024, 37.735, 38.473, 38.824, 39.272, 39.839, 40.673, 41.517, 41.976, 41.685, 40.915, 41.461, 43.519, 45.62, 47.173, 47.998, 48.186, 48.166, 48.11, 47.967, 47.829, 47.793, 47.623, 47.384, 47.27, 47.325, 47.507, 47.758, 48.054, 48.374, 48.812, 49.463, 50.529, 51.571, 51.974, 51.944, 51.823, 51.646, 51.257, 50.78, 50.619, 50.824, 50.929, 50.896, 51.175, 51.965, 52.673, 52.6, 51.616, 50.0, 49.025, 49.101, 49.444, 49.487, 49.167, 48.934, 49.373, 50.151, 50.583, 50.628, 51.183, 52.459, 53.463, 53.772, 53.69, 53.207, 52.567, 52.054, 51.715, 51.672, 51.896, 52.194, 52.382, 52.449, 52.282, 51.634, 50.4, 49.074, 48.186, 47.713, 47.599, 47.637, 47.539, 47.337, 47.408, 47.931, 48.606, 48.994, 48.823, 48.359, 48.231, 48.41, 48.467, 48.245, 48.047, 48.401, 48.978, 49.107, 49.013, 49.277, 49.92, 50.198, 49.907, 49.485, 49.188, 49.153, 49.148, 49.156, 49.384, 49.887, 50.381, 50.532, 50.413, 51.007], [51.922, 51.636, 51.137, 49.985, 47.186, 44.427, 43.223, 42.761, 41.947, 40.469, 38.933, 37.963, 37.505, 37.276, 37.175, 37.154, 37.154, 37.085, 36.803, 36.109, 34.73, 32.086, 27.795, 22.962, 19.697, 18.171, 16.144, 11.933, 6.094, 0.0, 5.722, 10.638, 14.106, 16.588, 18.946, 21.068, 22.825, 23.767, 24.181, 25.748, 27.814, 29.256, 30.598, 32.582, 34.863, 36.595, 37.291, 37.618, 38.157, 38.902, 39.893, 40.816, 41.294, 40.985, 40.222, 40.932, 43.295, 45.742, 47.573, 48.551, 48.788, 48.803, 48.837, 48.828, 48.794, 48.784, 48.588, 48.316, 48.186, 48.233, 48.404, 48.635, 48.903, 49.194, 49.619, 50.289, 51.376, 52.427, 52.84, 52.819, 52.693, 52.495, 52.061, 51.516, 51.301, 51.508, 51.656, 51.666, 51.994, 52.851, 53.598, 53.518, 52.471, 50.73, 49.634, 49.637, 49.953, 50.02, 49.749, 49.552, 50.035, 50.877, 51.364, 51.431, 51.953, 53.177, 54.168, 54.505, 54.436, 53.921, 53.219, 52.669, 52.336, 52.311, 52.538, 52.834, 53.033, 53.121, 52.972, 52.345, 51.147, 49.872, 49.027, 48.571, 48.451, 48.486, 48.41, 48.241, 48.322, 48.81, 49.438, 49.808, 49.646, 49.172, 48.978, 49.065, 49.1, 48.969, 48.927, 49.397, 49.996, 50.101, 50.001, 50.3, 50.991, 51.286, 50.981, 50.555, 50.271, 50.238, 50.219, 50.213, 50.433, 50.934, 51.42, 51.565, 51.447, 52.075], [52.571, 52.334, 51.928, 50.906, 48.242, 45.574, 44.409, 43.998, 43.269, 41.896, 40.465, 39.581, 39.18, 38.981, 38.894, 38.89, 38.919, 38.881, 38.639, 38.011, 36.751, 34.323, 30.364, 25.855, 22.663, 21.083, 19.319, 15.879, 11.092, 5.722, 0.0, 5.428, 9.567, 12.703, 15.464, 17.666, 19.447, 20.535, 21.316, 23.507, 26.065, 27.694, 29.026, 30.97, 33.27, 35.037, 35.726, 36.073, 36.747, 37.697, 38.846, 39.837, 40.327, 39.997, 39.226, 40.07, 42.715, 45.504, 47.642, 48.807, 49.108, 49.14, 49.238, 49.361, 49.453, 49.492, 49.28, 48.975, 48.832, 48.886, 49.067, 49.294, 49.539, 49.785, 50.16, 50.804, 51.873, 52.908, 53.32, 53.305, 53.18, 52.971, 52.512, 51.925, 51.676, 51.889, 52.072, 52.119, 52.484, 53.383, 54.142, 54.052, 52.971, 51.146, 49.951, 49.873, 50.15, 50.241, 50.042, 49.903, 50.429, 51.331, 51.873, 51.947, 52.396, 53.526, 54.488, 54.856, 54.805, 54.254, 53.483, 52.881, 52.542, 52.539, 52.786, 53.095, 53.315, 53.427, 53.292, 52.664, 51.468, 50.208, 49.386, 48.947, 48.83, 48.866, 48.804, 48.668, 48.769, 49.236, 49.817, 50.156, 49.988, 49.505, 49.255, 49.246, 49.244, 49.204, 49.344, 49.975, 50.627, 50.713, 50.588, 50.901, 51.634, 51.952, 51.643, 51.219, 50.958, 50.942, 50.923, 50.906, 51.121, 51.619, 52.094, 52.221, 52.079, 52.722], [53.347, 53.158, 52.849, 51.961, 49.438, 46.856, 45.718, 45.35, 44.693, 43.388, 42.006, 41.156, 40.786, 40.618, 40.557, 40.575, 40.628, 40.616, 40.4, 39.812, 38.631, 36.361, 32.666, 28.447, 25.363, 23.717, 22.034, 19.079, 15.141, 10.638, 5.428, 0.0, 4.699, 8.816, 12.398, 14.889, 16.674, 17.855, 19.09, 22.029, 25.093, 26.856, 28.094, 29.919, 32.203, 34.017, 34.741, 35.14, 35.937, 37.059, 38.338, 39.384, 39.884, 39.539, 38.746, 39.632, 42.438, 45.485, 47.883, 49.215, 49.582, 49.63, 49.76, 49.957, 50.121, 50.194, 49.987, 49.669, 49.512, 49.563, 49.749, 49.979, 50.215, 50.432, 50.78, 51.423, 52.494, 53.525, 53.935, 53.926, 53.8, 53.581, 53.1, 52.485, 52.232, 52.48, 52.71, 52.788, 53.174, 54.09, 54.84, 54.733, 53.622, 51.718, 50.396, 50.192, 50.397, 50.501, 50.377, 50.286, 50.811, 51.726, 52.301, 52.378, 52.737, 53.748, 54.667, 55.072, 55.054, 54.494, 53.692, 53.068, 52.734, 52.745, 52.998, 53.309, 53.543, 53.673, 53.542, 52.912, 51.736, 50.521, 49.74, 49.326, 49.21, 49.244, 49.201, 49.107, 49.239, 49.686, 50.207, 50.493, 50.318, 49.854, 49.586, 49.496, 49.441, 49.479, 49.814, 50.635, 51.359, 51.428, 51.273, 51.597, 52.37, 52.707, 52.386, 51.947, 51.688, 51.679, 51.661, 51.638, 51.846, 52.337, 52.795, 52.901, 52.74, 53.498], [54.4, 54.25, 54.032, 53.293, 50.928, 48.43, 47.303, 46.957, 46.351, 45.092, 43.723, 42.863, 42.495, 42.347, 42.303, 42.328, 42.381, 42.365, 42.147, 41.575, 40.451, 38.296