[[0.0, 2.503, 5.332, 9.468, 13.586, 16.802, 19.219, 20.782, 22.004, 22.973, 23.669, 24.289, 24.787, 25.878, 27.268, 28.605, 29.705, 30.291, 30.567, 30.857, 31.319, 32.1, 33.066, 33.53, 33.129, 32.871, 33.644, 35.116, 36.503, 37.603, 38.57, 39.368, 39.771, 39.73, 39.32, 38.804, 38.633, 38.883, 39.017, 38.684, 38.104, 37.76, 37.841, 38.025, 37.935, 37.835, 37.715, 37.551, 37.456, 37.526, 37.68, 37.785, 37.729, 37.539, 37.414, 37.37, 37.253, 36.921, 36.456, 36.316, 36.689, 37.147, 37.584, 38.195, 38.64, 38.633, 38.464, 38.349, 38.188, 38.017, 38.129, 38.415, 38.505, 38.515, 38.555, 38.378, 38.214, 38.55, 39.265, 39.671, 39.353, 39.686, 40.703, 40.969, 4.518], [2.503, 0.0, 3.587, 8.331, 12.766, 16.13, 18.616, 20.214, 21.47, 22.443, 23.098, 23.667, 24.169, 25.318, 26.745, 28.086, 29.194, 29.804, 30.104, 30.399, 30.856, 31.638, 32.613, 33.089, 32.713, 32.519, 33.392, 34.968, 36.436, 37.575, 38.544, 39.338, 39.76, 39.75, 39.357, 38.835, 38.653, 38.9, 39.034, 38.701, 38.113, 37.761, 37.84, 38.03, 37.953, 37.866, 37.762, 37.621, 37.542, 37.616, 37.769, 37.876, 37.833, 37.661, 37.544, 37.494, 37.365, 37.024, 36.556, 36.409, 36.766, 37.198, 37.599, 38.162, 38.562, 38.539, 38.39, 38.313, 38.186, 38.035, 38.155, 38.439, 38.526, 38.538, 38.584, 38.411, 38.236, 38.551, 39.254, 39.657, 39.334, 39.65, 40.638, 40.89, 6.196], [5.332, 3.587, 0.0, 5.192, 10.268, 14.164, 16.995, 18.828, 20.3, 21.409, 22.094, 22.67, 23.249, 24.527, 26.035, 27.407, 28.539, 29.186, 29.525, 29.849, 30.326, 31.136, 32.144, 32.647, 32.304, 32.178, 33.132, 34.764, 36.287, 37.495, 38.526, 39.375, 39.841, 39.854, 39.466, 38.941, 38.763, 39.021, 39.162, 38.829, 38.244, 37.898, 37.983, 38.183, 38.119, 38.035, 37.928, 37.787, 37.716, 37.799, 37.958, 38.067, 38.026, 37.864, 37.753, 37.698, 37.557, 37.214, 36.754, 36.61, 36.953, 37.366, 37.752, 38.297, 38.678, 38.65, 38.514, 38.465, 38.359, 38.213, 38.326, 38.6, 38.687, 38.704, 38.752, 38.571, 38.373, 38.659, 39.344, 39.74, 39.409, 39.71, 40.676, 40.922, 7.938], [9.468, 8.331, 5.192, 0.0, 5.692, 10.458, 14.069, 16.464, 18.364, 19.71, 20.47, 21.106, 21.825, 23.293, 24.918, 26.342, 27.515, 28.208, 28.594, 28.955, 29.475, 30.345, 31.42, 31.978, 31.702, 31.671, 32.688, 34.331, 35.89, 37.203, 38.353, 39.313, 39.867, 39.927, 39.551, 39.027, 38.87, 39.157, 39.311, 38.984, 38.416, 38.101, 38.208, 38.421, 38.368, 38.279, 38.153, 37.995, 37.928, 38.027, 38.199, 38.311, 38.266, 38.111, 38.014, 37.958, 37.812, 37.475, 37.032, 36.886, 37.2, 37.595, 37.985, 38.53, 38.895, 38.861, 38.736, 38.702, 38.595, 38.434, 38.526, 38.784, 38.87, 38.887, 38.923, 38.722, 38.491, 38.737, 39.397, 39.783, 39.455, 39.76, 40.72, 40.97, 11.326], [13.586, 12.766, 10.268, 5.692, 0.0, 5.482, 10.101, 13.407, 15.997, 17.66, 18.476, 19.153, 20.001, 21.675, 23.457, 24.982, 26.226, 26.961, 27.373, 27.761, 28.338, 29.307, 30.493, 31.145, 30.954, 30.995, 32.024, 33.64, 35.229, 36.66, 37.935, 38.993, 39.625, 39.73, 39.375, 38.874, 38.771, 39.108, 39.28, 38.965, 38.44, 38.194, 38.357, 38.595, 38.542, 38.442, 38.307, 38.147, 38.076, 38.17, 38.344, 38.456, 38.401, 38.238, 38.144, 38.088, 37.949, 37.63, 37.2, 37.04, 37.33, 37.748, 38.197, 38.777, 39.135, 39.091, 38.966, 38.921, 38.776, 38.556, 38.587, 38.811, 38.898, 38.908, 38.91, 38.666, 38.394, 38.611, 39.266, 39.659, 39.337, 39.65, 40.624, 40.898, 15.035], [16.802, 16.13, 14.164, 10.458, 5.482, 0.0, 5.319, 9.724, 13.367, 15.53, 16.414, 17.075, 18.026, 19.931, 21.912, 23.585, 24.933, 25.705, 26.118, 26.517, 27.156, 28.248, 29.581, 30.354, 30.261, 30.357, 31.384, 32.995, 34.633, 36.177, 37.551, 38.667, 39.338, 39.476, 39.15, 38.684, 38.634, 39.009, 39.195, 38.897, 38.427, 38.273, 38.517, 38.788, 38.729, 38.621, 38.506, 38.372, 38.295, 38.369, 38.534, 38.649, 38.586, 38.398, 38.272, 38.196, 38.062, 37.754, 37.312, 37.125, 37.41, 37.876, 38.4, 39.026, 39.391, 39.344, 39.21, 39.139, 38.944, 38.652, 38.601, 38.778, 38.86, 38.864, 38.822, 38.512, 38.184, 38.38, 39.057, 39.476, 39.157, 39.475, 40.469, 40.788, 17.951], [19.219, 18.616, 16.995, 14.069, 10.101, 5.319, 0.0, 5.333, 10.23, 13.177, 14.402, 15.156, 16.145, 18.203, 20.342, 22.157, 23.623, 24.443, 24.859, 25.264, 25.95, 27.143, 28.607, 29.51, 29.534, 29.713, 30.787, 32.464, 34.209, 35.864, 37.316, 38.479, 39.191, 39.372, 39.083, 38.637, 38.594, 38.972, 39.157, 38.873, 38.448, 38.371, 38.687, 38.989, 38.924, 38.815, 38.741, 38.661, 38.598, 38.657, 38.814, 38.934, 38.872, 38.665, 38.507, 38.41, 38.277, 37.969, 37.5, 37.278, 37.556, 38.055, 38.615, 39.256, 39.619, 39.571, 39.428, 39.336, 39.111, 38.772, 38.662, 38.799, 38.873, 38.872, 38.796, 38.426, 38.044, 38.223, 38.921, 39.364, 39.049, 39.371, 40.377, 40.739, 20.154], [20.782, 20.214, 18.828, 16.464, 13.407, 9.724, 5.333, 0.0, 5.663, 9.549, 11.729, 13.009, 13.88, 15.821, 18.03, 20.012, 21.65, 22.565, 23.025, 23.461, 24.177, 25.423, 26.984, 28.0, 28.125, 28.397, 29.58, 31.437, 33.41, 35.232, 36.787, 38.033, 38.833, 39.09, 38.838, 38.377, 38.301, 38.664, 38.848, 38.565, 38.148, 38.098, 38.453, 38.78, 38.712, 38.608, 38.586, 38.584, 38.551, 38.594, 38.735, 38.852, 38.792, 38.579, 38.413, 38.322, 38.201, 37.888, 37.387, 37.134, 37.415, 37.945, 38.529, 39.172, 39.525, 39.467, 39.309, 39.188, 38.935, 38.58, 38.467, 38.61, 38.685, 38.676, 38.581, 38.178, 37.77, 37.943, 38.655, 39.113, 38.798, 39.133, 40.156, 40.545, 21.608], [22.004, 21.47, 20.3, 18.364, 15.997, 13.367, 10.23, 5.663, 0.0, 4.703, 8.368, 10.661, 11.491, 13.225, 15.483, 17.652, 19.485, 20.515, 21.054, 21.553, 22.295, 23.567, 25.201, 26.301, 26.484, 26.826, 28.145, 30.234, 32.488, 34.507, 36.177, 37.514, 38.412, 38.749, 38.52, 38.022, 37.9, 38.25, 38.44, 38.154, 37.719, 37.653, 38.021, 38.375, 38.315, 38.218, 38.242, 38.313, 38.302, 38.319, 38.433, 38.538, 38.475, 38.263, 38.11, 38.04, 37.938, 37.621, 37.097, 36.826, 37.118, 37.67, 38.274, 38.923, 39.269, 39.197, 39.015, 38.853, 38.573, 38.234, 38.174, 38.37, 38.46, 38.44, 38.335, 37.93, 37.526, 37.702, 38.417, 38.881, 38.569, 38.918, 39.962, 40.367, 22.793], [22.973, 22.443, 21.409, 19.71, 17.66, 15.53, 13.177, 9.549, 4.703, 0.0, 4.658, 7.948, 9.51, 11.838, 14.346, 16.57, 18.437, 19.521, 20.127, 20.678, 21.447, 22.749, 24.448, 25.622, 25.878, 26.325, 27.791, 30.048, 32.446, 34.532, 36.221, 37.577, 38.504, 38.866, 38.642, 38.129, 37.98, 38.316, 38.514, 38.235, 37.781, 37.679, 38.027, 38.393, 38.351, 38.258, 38.288, 38.376, 38.373, 38.382, 38.486, 38.586, 38.527, 38.328, 38.19, 38.133, 38.034, 37.717, 37.196, 36.923, 37.197, 37.718, 38.295, 38.925, 39.259, 39.18, 38.985, 38.803, 38.519, 38.21, 38.206, 38.45, 38.555, 38.527, 38.42, 38.032, 37.648, 37.817, 38.505, 38.959, 38.664, 39.018, 40.049, 40.454, 23.8], [23.669, 23.098, 22.094, 20.47, 18.476, 16.414, 14.402, 11.729, 8.368, 4.658, 0.0, 4.048, 7.463, 11.446, 14.479, 16.648, 18.392, 19.483, 20.14, 20.716, 21.505, 22.856, 24.618, 25.865, 26.247, 26.885, 28.538, 30.89, 33.266, 35.268, 36.877, 38.192, 39.096, 39.436, 39.207, 38.706, 38.562, 38.894, 39.097, 38.829, 38.367, 38.227, 38.521, 38.865, 38.839, 38.752, 38.757, 38.811, 38.81, 38.846, 38.969, 39.08, 39.036, 38.857, 38.726, 38.664, 38.555, 38.24, 37.737, 37.466, 37.691, 38.135, 38.642, 39.223, 39.539, 39.464, 39.281, 39.119, 38.856, 38.566, 38.574, 38.822, 38.933, 38.906, 38.8, 38.427, 38.059, 38.207, 38.85, 39.282, 39.009, 39.36, 40.342, 40.727, 24.596], [24.289, 23.667, 22.67, 21.106, 19.153, 17.075, 15.156, 13.009, 10.661, 7.948, 4.048, 0.0, 4.995, 10.31, 13.881, 16.135, 17.85, 18.983, 19.71, 20.318, 21.132, 22.539, 24.364, 25.675, 26.174, 27.0, 28.835, 31.28, 33.653, 35.604, 37.162, 38.455, 39.362, 39.707, 39.482, 38.98, 38.831, 39.167, 39.378, 39.115, 38.651, 38.497, 38.762, 39.084, 39.065, 38.996, 39.006, 39.056, 39.069, 39.134, 39.281, 39.407, 39.376, 39.204, 39.069, 38.999, 38.886, 38.572, 38.076, 37.803, 38.002, 38.405, 38.871, 39.42, 39.723, 39.656, 39.494, 39.369, 39.132, 38.841, 38.823, 39.048, 39.157, 39.134, 39.024, 38.646, 38.27, 38.404, 39.026, 39.446, 39.186, 39.542, 40.493, 40.854, 25.273], [24.787, 24.169, 23.249, 21.825, 20.001, 18.026, 16.145, 13.88, 11.491, 9.51, 7.463, 4.995, 0.0, 5.887, 10.086, 12.9, 14.997, 16.335, 17.206, 17.925, 18.825, 20.341, 22.303, 23.719, 24.278, 25.182, 27.143, 29.765, 32.359, 34.481, 36.132, 37.484, 38.461, 38.882, 38.679, 38.135, 37.955, 38.308, 38.538, 38.27, 37.804, 37.678, 37.992, 38.341, 38.32, 38.282, 38.381, 38.531, 38.573, 38.623, 38.759, 38.881, 38.846, 38.662, 38.515, 38.453, 38.355, 38.039, 37.521, 37.245, 37.49, 37.955, 38.479, 39.078, 39.409, 39.344, 39.178, 39.053, 38.813, 38.504, 38.465, 38.683, 38.791, 38.767, 38.646, 38.238, 37.838, 37.993, 38.661, 39.1, 38.82, 39.198, 40.207, 40.591, 25.689], [25.878, 25.318, 24.527, 23.293, 21.675, 19.931, 18.203, 15.821, 13.225, 11.838, 11.446, 10.31, 5.887, 0.0, 4.752, 8.495, 11.373, 13.121, 14.226, 15.113, 16.125, 17.752, 19.862, 21.391, 21.989, 22.928, 24.987, 27.823, 30.758, 33.167, 34.966, 36.39, 37.44, 37.952, 37.787, 37.204, 36.984, 37.342, 37.585, 37.324, 36.885, 36.84, 37.267, 37.687, 37.674, 37.669, 37.893, 38.19, 38.274, 38.29, 38.387, 38.486, 38.439, 38.248, 38.107, 38.066, 37.994, 37.687, 37.156, 36.883, 37.174, 37.704, 38.296, 38.955, 39.316, 39.249, 39.068, 38.922, 38.671, 38.365, 38.349, 38.592, 38.699, 38.665, 38.542, 38.132, 37.734, 37.925, 38.642, 39.092, 38.783, 39.172, 40.254, 40.689, 26.636], [27.268, 26.745, 26.035, 24.918, 23.457, 21.912, 20.342, 18.03, 15.483, 14.346, 14.479, 13.881, 10.086, 4.752, 0.0, 4.373, 8.016, 10.369, 11.866, 12.954, 14.066, 15.796, 18.041, 19.694, 20.436, 21.592, 23.885, 26.957, 30.165, 32.784, 34.675, 36.145, 37.255, 37.844, 37.731, 37.14, 36.874, 37.198, 37.438, 37.201, 36.808, 36.834, 37.345, 37.83, 37.845, 37.858, 38.148, 38.539, 38.677, 38.694, 38.77, 38.852, 38.807, 38.636, 38.517, 38.492, 38.435, 38.146, 37.632, 37.366, 37.639, 38.138, 38.702, 39.34, 39.689, 39.623, 39.443, 39.296, 39.056, 38.791, 38.833, 39.113, 39.217, 39.166, 39.055, 38.683, 38.308, 38.498, 39.194, 39.624, 39.313, 39.698, 40.782, 41.235, 27.986], [28.605, 28.086, 27.407, 26.342, 24.982, 23.585, 22.157, 20.012, 17.652, 16.57, 16.648, 16.135, 12.9, 8.495, 4.373, 0.0, 4.14, 7.265, 9.393, 10.798, 12.066, 13.963, 16.401, 18.246, 19.284, 20.865, 23.543, 26.876, 30.275, 33.009, 34.94, 36.457, 37.638, 38.302, 38.245, 37.672, 37.371, 37.649, 37.877, 37.663, 37.306, 37.36, 37.895, 38.416, 38.471, 38.495, 38.791, 39.217, 39.411, 39.467, 39.554, 39.639, 39.609, 39.47, 39.376, 39.357, 39.303, 39.032, 38.554, 38.309, 38.547, 38.967, 39.441, 40.004, 40.318, 40.255, 40.092, 39.962, 39.747, 39.527, 39.617, 39.922, 40.02, 39.956, 39.859, 39.53, 39.167, 39.309, 39.935, 40.33, 40.037, 40.406, 41.438, 41.876, 29.371], [29.705, 29.194, 28.539, 27.515, 26.226, 24.933, 23.623, 21.65, 19.485, 18.437, 18.392, 17.85, 14.997, 11.373, 8.016, 4.14, 0.0, 3.707, 6.514, 8.379, 9.953, 12.114, 14.802, 16.892, 18.244, 20.183, 23.147, 26.675, 30.226, 33.05, 35.019, 36.588, 37.845, 38.578, 38.57, 38.022, 37.723, 37.988, 38.207, 38.002, 37.668, 37.744, 38.298, 38.848, 38.941, 38.981, 39.275, 39.711, 39.939, 40.028, 40.139, 40.243, 40.234, 40.119, 40.041, 40.029, 39.978, 39.721, 39.28, 39.068, 39.309, 39.693, 40.108, 40.614, 40.901, 40.84, 40.692, 40.58, 40.379, 40.166, 40.256, 40.556, 40.652, 40.581, 40.491, 40.182, 39.808, 39.895, 40.462, 40.833, 40.546, 40.886, 41.862, 42.283, 30.5], [30.291, 29.804, 29.186, 28.208, 26.961, 25.705, 24.443, 22.565, 20.515, 19.521, 19.483, 18.983, 16.335, 13.121, 10.369, 7.265, 3.707, 0.0, 3.203, 5.599, 7.701, 10.294, 13.292, 15.62, 17.168, 19.232, 22.27, 25.9, 29.588, 32.519, 34.553, 36.178, 37.499, 38.286, 38.31, 37.785, 37.521, 37.812, 38.032, 37.824, 37.501, 37.605, 38.19, 38.771, 38.889, 38.948, 39.254, 39.699, 39.931, 40.029, 40.163, 40.301, 40.322, 40.221, 40.15, 40.141, 40.097, 39.851, 39.431, 39.252, 39.528, 39.937, 40.354, 40.851, 41.132, 41.067, 40.921, 40.814, 40.604, 40.36, 40.412, 40.694, 40.791, 40.724, 40.634, 40.32, 39.927, 39.985, 40.537, 40.908, 40.609, 40.919, 41.872, 42.282, 31.053], [30.567, 30.104, 29.525, 28.594, 27.373, 26.118, 24.859, 23.025, 21.054, 20.127, 20.14, 19.71, 17.206, 14.226, 11.866, 9.393, 6.514, 3.203, 0.0, 2.776, 5.463, 8.595, 11.937, 14.463, 16.149, 18.301, 21.381, 25.069, 28.856, 31.881, 33.979, 35.65, 37.014, 37.838, 37.884, 37.383, 37.164, 37.49, 37.715, 37.501, 37.182, 37.297, 37.894, 38.49, 38.625, 38.698, 39.017, 39.468, 39.696, 39.797, 39.955, 40.135, 40.193, 40.108, 40.038, 40.031, 39.992, 39.755, 39.348, 39.191, 39.497, 39.936, 40.373, 40.877, 41.152, 41.077, 40.927, 40.822, 40.6, 40.325, 40.344, 40.612, 40.712, 40.651, 40.559, 40.24, 39.839, 39.89, 40.447, 40.827, 40.517, 40.805, 41.751, 42.161, 31.29], [30.857, 30.399, 29.849, 28.955, 27.761, 26.517, 25.264, 23.461, 21.553, 20.678, 20.716, 20.318, 17.925, 15.113, 12.954, 10.798, 8.379, 5.599, 2.776, 0.0, 3.041, 6.646, 10.354, 13.123, 15.057, 17.485, 20.753, 24.538, 28.405, 31.503, 33.655, 35.365, 36.763, 37.616, 37.683, 37.204, 37.016, 37.362, 37.59, 37.374, 37.056, 37.166, 37.755, 38.353, 38.504, 38.589, 38.911, 39.363, 39.594, 39.706, 39.888, 40.101, 40.192, 40.127, 40.063, 40.057, 40.021, 39.79, 39.391, 39.243, 39.552, 39.993, 40.427, 40.917, 41.173, 41.088, 40.943, 40.849, 40.631, 40.348, 40.358, 40.626, 40.73, 40.67, 40.577, 40.264, 39.868, 39.914, 40.469, 40.855, 40.544, 40.815, 41.746, 42.155, 31.58], [31.319, 30.856, 30.326, 29.475, 28.338, 27.156, 25.95, 24.177, 22.295, 21.447, 21.505, 21.132, 18.825, 16.125, 14.066, 12.066, 9.953, 7.701, 5.463, 3.041, 0.0, 3.875, 7.961, 11.14, 13.565, 16.505, 20.097, 24.038, 28.031, 31.243, 33.478, 35.245, 36.68, 37.558, 37.645, 37.182, 37.008, 37.362, 37.588, 37.373, 37.059, 37.17, 37.759, 38.368, 38.536, 38.631, 38.956, 39.412, 39.652, 39.776, 39.974, 40.206, 40.314, 40.261, 40.207, 40.208, 40.176, 39.946, 39.55, 39.401, 39.704, 40.131, 40.544, 41.005, 41.234, 41.141, 41.005, 40.929, 40.726, 40.455, 40.477, 40.755, 40.864, 40.802, 40.713, 40.417, 40.034, 40.072, 40.613, 40.997, 40.683, 40.928, 41.829, 42.227, 32.063], [32.1, 31.638, 31.136, 30.345, 29.307, 28.248, 27.143, 25.423, 23.567, 22.749, 22.856, 22.539, 20.341, 17.752, 15.796, 13.963, 12.114, 10.294, 8.595, 6.646, 3.875, 0.0, 4.396, 8.195, 11.514, 15.281, 19.294, 23.384, 27.517, 30.893, 33.258, 35.117, 36.613, 37.527, 37.641, 37.198, 37.037, 37.393, 37.616, 37.404, 37.105, 37.237, 37.85, 38.484, 38.672, 38.779, 39.113, 39.58, 39.831, 39.966, 40.175, 40.417, 40.531, 40.485, 40.438, 40.447, 40.419, 40.189, 39.792, 39.641, 39.938, 40.35, 40.736, 41.162, 41.361, 41.257, 41.132, 41.076, 40.895, 40.648, 40.692, 40.984, 41.099, 41.036, 40.955, 40.681, 40.307, 40.325, 40.842, 41.214, 40.886, 41.092, 41.946, 42.322, 32.853], [33.066, 32.613, 32.144, 31.42, 30.493, 29.581, 28.607, 26.984, 25.201, 24.448, 24.618, 24.364, 22.303, 19.862, 18.041, 16.401, 14.802, 13.292, 11.937, 10.354, 7.961, 4.396, 0.0, 4.414, 9.016, 13.97, 18.544, 22.72, 26.863, 30.349, 32.846, 34.824, 36.418, 37.409, 37.576, 37.162, 37.015, 37.379, 37.605, 37.404, 37.129, 37.287, 37.931, 38.598, 38.815, 38.94, 39.285, 39.769, 40.038, 40.19, 40.413, 40.667, 40.792, 40.755, 40.71, 40.715, 40.682, 40.453, 40.059, 39.906, 40.188, 40.572, 40.924, 41.318, 41.493, 41.382, 41.268, 41.235, 41.084, 40.872, 40.943, 41.248, 41.366, 41.305, 41.23, 40.968, 40.588, 40.578, 41.062, 41.416, 41.071, 41.241, 42.051, 42.404, 33.817], [33.53, 33.089, 32.647, 31.978, 31.145, 30.354, 29.51, 28.0, 26.301, 25.622, 25.865, 25.675, 23.719, 21.391, 19.694, 18.246, 16.892, 15.62, 14.463, 13.123, 11.14, 8.195, 4.414, 0.0, 5.599, 11.769, 17.148, 21.561, 25.656, 29.175, 31.788, 33.903, 35.632, 36.734, 36.968, 36.574, 36.443, 36.833, 37.08, 36.893, 36.635, 36.822, 37.512, 38.23, 38.483, 38.624, 38.986, 39.495, 39.789, 39.959, 40.197, 40.469, 40.616, 40.593, 40.544, 40.533, 40.487, 40.257, 39.875, 39.733, 40.011, 40.378, 40.721, 41.135, 41.333, 41.23, 41.116, 41.088, 40.949, 40.749, 40.828, 41.138, 41.258, 41.198, 41.123, 40.851, 40.454, 40.432, 40.915, 41.256, 40.881, 41.035, 41.848, 42.199, 34.249], [33.129, 32.713, 32.304, 31.702, 30.954, 30.261, 29.534, 28.125, 26.484, 25.878, 26.247, 26.174, 24.278, 21.989, 20.436, 19.284, 18.244, 17.168, 16.149, 15.057, 13.565, 11.514, 9.016, 5.599, 0.0, 6.973, 13.403, 18.574, 22.976, 26.653, 29.436, 31.716, 33.606, 34.831, 35.104, 34.706, 34.63, 35.107, 35.396, 35.213, 34.981, 35.258, 36.076, 36.892, 37.178, 37.333, 37.731, 38.283, 38.592, 38.763, 39.009, 39.298, 39.458, 39.43, 39.365, 39.342, 39.294, 39.075, 38.722, 38.643, 39.013, 39.46, 39.9, 40.457, 40.775, 40.703, 40.56, 40.479, 40.278, 40.005, 40.023, 40.312, 40.434, 40.379, 40.291, 39.984, 39.563, 39.58, 40.138, 40.498, 40.039, 40.168, 41.055, 41.437, 33.733], [32.871, 32.519, 32.178, 31.671, 30.995, 30.357, 29.713, 28.397, 26.826, 26.325, 26.885, 27.0, 25.182, 22.928, 21.592, 20.865, 20.183, 19.232, 18.301, 17.485, 16.505, 15.281, 13.97, 11.769, 6.973, 0.0, 7.267, 13.666, 19.1, 23.354, 26.399, 28.796, 30.802, 32.127, 32.411, 32.028, 32.105, 32.743, 33.078, 32.885, 32.729, 33.205, 34.252, 35.201, 35.5, 35.665, 36.125, 36.736, 37.032, 37.167, 37.403, 37.694, 37.832, 37.755, 37.667, 37.66, 37.646, 37.462, 37.159, 37.207, 37.787, 38.443, 39.091, 39.874, 40.352, 40.314, 40.115, 39.931, 39.597, 39.162, 39.042, 39.278, 39.404, 39.357, 39.248, 38.9, 38.47, 38.572, 39.26, 39.661, 39.091, 39.178, 40.18, 40.614, 33.243], [33.644, 33.392, 33.132, 32.688, 32.024, 31.384, 30.787, 29.58, 28.145, 27.791, 28.538, 28.835, 27.143, 24.987, 23.885, 23.543, 23.147, 22.27, 21.381, 20.753, 20.097, 19.294, 18.544, 17.148, 13.403, 7.267, 0.0, 7.476, 14.526, 20.019, 23.652, 26.207, 28.268, 29.673, 30.007, 29.721, 30.035, 30.856, 31.221, 31.024, 31.002, 31.762, 33.096, 34.192, 34.492, 34.664, 35.188, 35.843, 36.096, 36.17, 36.385, 36.67, 36.758, 36.606, 36.499, 36.536, 36.583, 36.439, 36.168, 36.326, 37.126, 38.036, 38.919, 39.894, 40.481, 40.457, 40.206, 39.92, 39.445, 38.839, 38.578, 38.761, 38.893, 38.858, 38.726, 38.342, 37.911, 38.087, 38.884, 39.327, 38.673, 38.714, 39.806, 40.291, 33.744], [35.116, 34.968, 34.764, 34.331, 33.64, 32.995, 32.464, 31.437, 30.234, 30.048, 30.89, 31.28, 29.765, 27.823, 26.957, 26.876, 26.675, 25.9, 25.069, 24.538, 24.038, 23.384, 22.72, 21.561, 18.574, 13.666, 7.476, 0.0, 8.399, 15.617, 20.44, 23.553, 25.848, 27.424, 27.909, 27.808, 28.374, 29.361, 29.76, 29.586, 29.733, 30.802, 32.449, 33.721, 34.06, 34.254, 34.838, 35.527, 35.759, 35.81, 36.034, 36.328, 36.382, 36.175, 36.058, 36.134, 36.233, 36.12, 35.865, 36.084, 37.022, 38.108, 39.16, 40.255, 40.896, 40.879, 40.598, 40.245, 39.674, 38.962, 38.621, 38.78, 38.924, 38.899, 38.751, 38.335, 37.881, 38.068, 38.908, 39.375, 38.676, 38.677, 39.811, 40.322, 34.998], [36.503, 36.436, 36.287, 35.89, 35.229, 34.633, 34.209, 33.41, 32.488, 32.446, 33.266, 33.653, 32.359, 30.758, 30.165, 30.275, 30.226, 29.588, 28.856, 28.405, 28.031, 27.517, 26.863, 25.656, 22.976, 19.1, 14.526, 8.399, 0.0, 8.608, 15.102, 19.447, 22.485, 24.465, 25.19, 25.316, 26.16, 27.347, 27.823, 27.724, 28.072, 29.457, 31.416, 32.895, 33.329, 33.578, 34.23, 34.99, 35.281, 35.393, 35.678, 36.015, 36.074, 35.863, 35.765, 35.875, 36.019, 35.968, 35.798, 36.102, 37.095, 38.227, 39.351, 40.519, 41.209, 41.215, 40.929, 40.551, 39.94, 39.187, 38.822, 38.979, 39.13, 39.11, 38.948, 38.5, 37.991, 38.131, 38.952, 39.419, 38.721, 38.716, 39.858, 40.37, 36.252], [37.603, 37.575, 37.495, 37.203, 36.66, 36.177, 35.864, 35.232, 34.507, 34.532, 35.268, 35.604, 34.481, 33.167, 32.784, 33.009, 33.05, 32.519, 31.881, 31.503, 31.243, 30.893, 30.349, 29.175, 26.653, 23.354, 20.019, 15.617, 8.608, 0.0, 7.726, 13.608, 17.909, 20.593, 21.58, 21.889, 23.059, 24.521, 25.124, 25.155, 25.742, 27.401, 29.575, 31.223, 31.784, 32.111, 32.842, 33.723, 34.147, 34.372, 34.743, 35.136, 35.237, 35.096, 35.099, 35.301, 35.532, 35.627, 35.68, 36.164, 37.184, 38.293, 39.449, 40.688, 41.438, 41.484, 41.217, 40.854, 40.259, 39.52, 39.16, 39.315, 39.463, 39.435, 39.262, 38.802, 38.273, 38.378, 39.157, 39.611, 38.967, 38.999, 40.127, 40.634, 37.311], [38.57, 38.544, 38.526, 38.353, 37.935, 37.551, 37.316, 36.787, 36.177, 36.221, 36.877, 37.162, 36.132, 34.966, 34.675, 34.94, 35.019, 34.553, 33.979, 33.655, 33.478, 33.258, 32.846, 31.788, 29.436, 26.399, 23.652, 20.44, 15.102, 7.726, 0.0, 6.898, 12.576, 16.299, 17.753, 18.304, 19.844, 21.601, 22.342, 22.536, 23.408, 25.335, 27.673, 29.45, 30.131, 30.547, 31.374, 32.4, 32.963, 33.279, 33.71, 34.151, 34.31, 34.275, 34.419, 34.74, 35.079, 35.342, 35.653, 36.342, 37.394, 38.457, 39.607, 40.872, 41.647, 41.721, 41.485, 41.158, 40.602, 39.892, 39.537, 39.683, 39.819, 39.778, 39.602, 39.171, 38.687, 38.801, 39.538, 39.972, 39.406, 39.495, 40.6, 41.098, 38.291], [39.368, 39.338, 39.375, 39.313, 38.993, 38.667, 38.479, 38.033, 37.514, 37.577, 38.192, 38.455, 37.484, 36.39, 36.145, 36.457, 36.588, 36.178, 35.65, 35.365, 35.245, 35.117, 34.824, 33.903, 31.716, 28.796, 26.207, 23.553, 19.447, 13.608, 6.898, 0.0, 6.589, 11.478, 13.794, 15.0, 17.112, 19.164, 20.021, 20.39, 21.592, 23.871, 26.468, 28.404, 29.165, 29.645, 30.582, 31.74, 32.372, 32.699, 33.13, 33.59, 33.794, 33.84, 34.087, 34.502, 34.924, 35.291, 35.749, 36.565, 37.668, 38.744, 39.903, 41.168, 41.934, 42.009, 41.79, 41.487, 40.948, 40.24, 39.872, 40.0, 40.126, 40.079, 39.903, 39.506, 39.088, 39.247, 39.978, 40.398, 39.87, 39.994, 41.09, 41.589, 39.066], [39.771, 39.76, 39.841, 39.867, 39.625, 39.338, 39.191, 38.833, 38.412, 38.504, 39.096, 39.362, 38.461, 37.44, 37.255, 37.638, 37.845, 37.499, 37.014, 36.763, 36.68, 36.613, 36.418, 35.632, 33.606, 30.802, 28.268, 25.848, 22.485, 17.909, 12.576, 6.589, 0.0, 5.729, 9.299, 12.013, 15.189, 17.551, 18.441, 18.945, 20.475, 23.113, 25.977, 28.047, 28.833, 29.338, 30.356, 31.576, 32.2, 32.483, 32.869, 33.308, 33.522, 33.611, 33.928, 34.416, 34.898, 35.309, 35.8, 36.651, 37.807, 38.955, 40.177, 41.465, 42.224, 42.289, 42.067, 41.766, 41.218, 40.49, 40.098, 40.208, 40.331, 40.285, 40.11, 39.737, 39.378, 39.592, 40.344, 40.758, 40.227, 40.354, 41.457, 41.964, 39.378], [39.73, 39.75, 39.854, 39.927, 39.73, 39.476, 39.372, 39.09, 38.749, 38.866, 39.436, 39.707, 38.882, 37.952, 37.844, 38.302, 38.578, 38.286, 37.838, 37.616, 37.558, 37.527, 37.409, 36.734, 34.831, 32.127, 29.673, 27.424, 24.465, 20.593, 16.299, 11.478, 5.729, 0.0, 4.719, 9.421, 13.906, 16.622, 17.478, 17.98, 19.69, 22.53, 25.529, 27.658, 28.444, 28.961, 30.017, 31.248, 31.847, 32.094, 32.438, 32.842, 33.045, 33.158, 33.529, 34.079, 34.607, 35.042, 35.536, 36.401, 37.618, 38.869, 40.197, 41.546, 42.322, 42.381, 42.144, 41.83, 41.272, 40.529, 40.121, 40.217, 40.338, 40.301, 40.132, 39.772, 39.45, 39.71, 40.494, 40.914, 40.367, 40.485, 41.604, 42.124, 39.232], [39.32, 39.357, 39.466, 39.551, 39.375, 39.15, 39.083, 38.838, 38.52, 38.642, 39.207, 39.482, 38.679, 37.787, 37.731, 38.245, 38.57, 38.31, 37.884, 37.683, 37.645, 37.641, 37.576, 36.968, 35.104, 32.411, 30.007, 27.909, 25.19, 21.58, 17.753, 13.794, 9.299, 4.719, 0.0, 5.877, 11.457, 14.74, 15.716, 16.105, 17.784, 20.737, 23.883, 26.128, 26.971, 27.535, 28.661, 29.959, 30.591, 30.847, 31.185, 31.582, 31.796, 31.962, 32.418, 33.046, 33.621, 34.083, 34.615, 35.549, 36.863, 38.227, 39.691, 41.159, 41.996, 42.062, 41.81, 41.487, 40.937, 40.206, 39.805, 39.903, 40.028, 40.001, 39.844, 39.494, 39.189, 39.488, 40.317, 40.756, 40.192, 40.306, 41.454, 41.996, 38.756], [38.804, 38.835, 38.941, 39.027, 38.874, 38.684, 38.637, 38.377, 38.022, 38.129, 38.706, 38.98, 38.135, 37.204, 37.14, 37.672, 38.022, 37.785, 37.383, 37.204, 37.182, 37.198, 37.162, 36.574, 34.706, 32.028, 29.721, 27.808, 25.316, 21.889, 18.304, 15.0, 12.013, 9.421, 5.877, 0.0, 6.347, 10.539, 12.089, 12.486, 13.965, 17.047, 20.578, 23.201, 24.244, 24.921, 26.205, 27.704, 28.477, 28.8, 29.171, 29.607, 29.905, 30.215, 30.831, 31.561, 32.168, 32.645, 33.235, 34.27, 35.663, 37.092, 38.668, 40.285, 41.217, 41.304, 41.047, 40.741, 40.253, 39.622, 39.329, 39.491, 39.622, 39.592, 39.459, 39.138, 38.841, 39.161, 40.022, 40.477, 39.897, 40.008, 41.175, 41.741, 38.244], [38.633, 38.653, 38.763, 38.87, 38.771, 38.634, 38.594, 38.301, 37.9, 37.98, 38.562, 38.831, 37.955, 36.984, 36.874, 37.371, 37.723, 37.521, 37.164, 37.016, 37.008, 37.037, 37.015, 36.443, 34.63, 32.105, 30.035, 28.374, 26.16, 23.059, 19.844, 17.112, 15.189, 13.906, 11.457, 6.347, 0.0, 4.983, 7.588, 8.544, 9.965, 13.15, 17.176, 20.353, 21.7, 22.51, 23.977, 25.749, 26.742, 27.174, 27.58, 28.059, 28.479, 28.992, 29.796, 30.618, 31.231, 31.692, 32.314, 33.399, 34.784, 36.161, 37.728, 39.409, 40.414, 40.538, 40.295, 40.018, 39.621, 39.17, 39.098, 39.402, 39.55, 39.494, 39.386, 39.119, 38.844, 39.155, 40.004, 40.452, 39.87, 39.967, 41.1, 41.665, 38.136], [38.883, 38.9, 39.021, 39.157, 39.108, 39.009, 38.972, 38.664, 38.25, 38.316, 38.894, 39.167, 38.308, 37.342, 37.198, 37.649, 37.988, 37.812, 37.49, 37.362, 37.362, 37.393, 37.379, 36.833, 35.107, 32.743, 30.856, 29.361, 27.347, 24.521, 21.601, 19.164, 17.551, 16.622, 14.74, 10.539, 4.983, 0.0, 3.534, 5.682, 7.897, 11.343, 15.567, 19.009, 20.525, 21.407, 22.996, 24.983, 26.17, 26.702, 27.13, 27.627, 28.117, 28.753, 29.666, 30.537, 31.148, 31.594, 32.223, 33.315, 34.658, 35.958, 37.46, 39.125, 40.152, 40.308, 40.089, 39.826, 39.467, 39.117, 39.198, 39.631, 39.818, 39.749, 39.647, 39.424, 39.185, 39.494, 40.317, 40.751, 40.182, 40.26, 41.338, 41.894, 38.433], [39.017, 39.034, 39.162, 39.311, 39.28, 39.195, 39.157, 38.848, 38.44, 38.514, 39.097, 39.378, 38.538, 37.585, 37.438, 37.877, 38.207, 38.032, 37.715, 37.59, 37.588, 37.616, 37.605, 37.08, 35.396, 33.078, 31.221, 29.76, 27.823, 25.124, 22.342, 20.021, 18.441, 17.478, 15.716, 12.089, 7.588, 3.534, 0.0, 3.192, 6.779, 10.87, 15.185, 18.593, 20.092, 20.99, 22.648, 24.742, 26.019, 26.604, 27.052, 27.552, 28.041, 28.682, 29.607, 30.488, 31.1, 31.543, 32.175, 33.277, 34.624, 35.917, 37.407, 39.065, 40.09, 40.255, 40.05, 39.798, 39.438, 39.079, 39.171, 39.646, 39.877, 39.829, 39.727, 39.506, 39.28, 39.598, 40.421, 40.857, 40.294, 40.362, 41.429, 41.988, 38.576], [38.684, 38.701, 38.829, 38.984, 38.965, 38.897, 38.873, 38.565, 38.154, 38.235, 38.829, 39.115, 38.27, 37.324, 37.201, 37.663, 38.002, 37.824, 37.501, 37.374, 37.373, 37.404, 37.404, 36.893, 35.213, 32.885, 31.024, 29.586, 27.724, 25.155, 22.536, 20.39, 18.945, 17.98, 16.105, 12.486, 8.544, 5.682, 3.192, 0.0, 4.402, 9.274, 14.077, 17.672, 19.202, 20.131, 21.854, 24.001, 25.299, 25.894, 26.352, 26.855, 27.337, 27.974, 28.91, 29.803, 30.416, 30.849, 31.482, 32.61, 33.998, 35.331, 36.869, 38.58, 39.637, 39.807, 39.604, 39.369, 39.029, 38.672, 38.749, 39.218, 39.47, 39.46, 39.378, 39.145, 38.898, 39.218, 40.066, 40.519, 39.947, 40.018, 41.11, 41.682, 38.24], [38.104, 38.113, 38.244, 38.416, 38.44, 38.427, 38.448, 38.148, 37.719, 37.781, 38.367, 38.651, 37.804, 36.885, 36.808, 37.306, 37.668, 37.501, 37.182, 37.056, 37.059, 37.105, 37.129, 36.635, 34.981, 32.729, 31.002, 29.733, 28.072, 25.742, 23.408, 21.592, 20.475, 19.69, 17.784, 13.965, 9.965, 7.897, 6.779, 4.402, 0.0, 5.459, 11.108, 15.346, 17.175, 18.225, 20.035, 22.297, 23.685, 24.318, 24.792, 25.326, 25.876, 26.619, 27.66, 28.606, 29.214, 29.623, 30.256, 31.418, 32.842, 34.201, 35.796, 37.607, 38.739, 38.93, 38.728, 38.519, 38.252, 38.0, 38.163, 38.66, 38.913, 38.927, 38.891, 38.671, 38.401, 38.71, 39.576, 40.046, 39.468, 39.554, 40.671, 41.253, 37.677], [37.76, 37.761, 37.898, 38.101, 38.194, 38.273, 38.371, 38.098, 37.653, 37.679, 38.227, 38.497, 37.678, 36.84, 36.834, 37.36, 37.744, 37.605, 37.297, 37.166, 37.17, 37.237, 37.287, 36.822, 35.258, 33.205, 31.762, 30.802, 29.457, 27.401, 25.335, 23.871, 23.113, 22.53, 20.737, 17.047, 13.15, 11.343, 10.87, 9.274, 5.459, 0.0, 6.283, 11.352, 13.817, 15.176, 17.098, 19.587, 21.261, 22.083, 22.654, 23.288, 24.024, 25.024, 26.292, 27.353, 27.977, 28.381, 29.058, 30.295, 31.757, 33.116, 34.747, 36.654, 37.875, 38.103, 37.905, 37.724, 37.556, 37.477, 37.816, 38.402, 38.66, 38.671, 38.672, 38.491, 38.227, 38.528, 39.389, 39.858, 39.295, 39.414, 40.547, 41.135, 37.376], [37.841, 37.84, 37.983, 38.208, 38.357, 38.517, 38.687, 38.453, 38.021, 38.027, 38.521, 38.762, 37.992, 37.267, 37.345, 37.895, 38.298, 38.19, 37.894, 37.755, 37.759, 37.85, 37.931, 37.512, 36.076, 34.252, 33.096, 32.449, 31.416, 29.575, 27.673, 26.468, 25.977, 25.529, 23.883, 20.578, 17.176, 15.567, 15.185, 14.077, 11.108, 6.283, 0.0, 5.729, 9.183, 11.197, 13.297, 16.068, 18.207, 19.397, 20.181, 21.001, 22.03, 23.408, 25.005, 26.248, 26.929, 27.369, 28.162, 29.561, 31.103, 32.468, 34.118, 36.097, 37.396, 37.668, 37.483, 37.322, 37.231, 37.291, 37.785, 38.474, 38.76, 38.762, 38.77, 38.62, 38.392, 38.713, 39.567, 40.024, 39.487, 39.646, 40.801, 41.403, 37.509], [38.025, 38.03, 38.183, 38.421, 38.595, 38.788, 38.989, 38.78, 38.375, 38.393, 38.865, 39.084, 38.341, 37.687, 37.83, 38.416, 38.848, 38.771, 38.49, 38.353, 38.368, 38.484, 38.598, 38.23, 36.892, 35.201, 34.192, 33.721, 32.895, 31.223, 29.45, 28.404, 28.047, 27.658, 26.128, 23.201, 20.353, 19.009, 18.593, 17.672, 15.346, 11.352, 5.729, 0.0, 4.365, 7.294, 9.856, 12.976, 15.478, 16.949, 17.915, 18.911, 20.215, 21.956, 23.883, 25.332, 26.099, 26.585, 27.487, 29.058, 30.724, 32.143, 33.83, 35.864, 37.217, 37.519, 37.34, 37.183, 37.116, 37.221, 37.775, 38.528, 38.854, 38.866, 38.868, 38.732, 38.554, 38.937, 39.828, 40.293, 39.759, 39.933, 41.116, 41.738, 37.71], [37.935, 37.953, 38.119, 38.368, 38.542, 38.729, 38.924, 38.712, 38.315, 38.351, 38.839, 39.065, 38.32, 37.674, 37.845, 38.471, 38.941, 38.889, 38.625, 38.504, 38.536, 38.672, 38.815, 38.483, 37.178, 35.5, 34.492, 34.06, 33.329, 31.784, 30.131, 29.165, 28.833, 28.444, 26.971, 24.244, 21.7, 20.525, 20.092, 19.202, 17.175, 13.817, 9.183, 4.365, 0.0, 3.623, 7.221, 11.091, 13.813, 15.285, 16.237, 17.285, 18.739, 20.708, 22.872, 24.492, 25.345, 25.859, 26.792, 28.448, 30.226, 31.749, 33.52, 35.616, 37.004, 37.311, 37.118, 36.939, 36.847, 36.931, 37.486, 38.267, 38.629, 38.664, 38.668, 38.539, 38.405, 38.871, 39.849, 40.359, 39.812, 39.966, 41.17, 41.807, 37.587], [37.835, 37.866, 38.035, 38.279, 38.442, 38.621, 38.815, 38.608, 38.218, 38.258, 38.752, 38.996, 38.282, 37.669, 37.858, 38.495, 38.981, 38.948, 38.698, 38.589, 38.631, 38.779, 38.94, 38.624, 37.333, 35.665, 34.664, 34.254, 33.578, 32.111, 30.547, 29.645, 29.338, 28.961, 27.535, 24.921, 22.51, 21.407, 20.99, 20.131, 18.225, 15.176, 11.197, 7.294, 3.623, 0.0, 4.457, 9.233, 12.438, 14.07, 15.029, 16.08, 17.631, 19.776, 22.118, 23.855, 24.765, 25.304, 26.264, 27.969, 29.808, 31.395, 33.225, 35.365, 36.776, 37.088, 36.886, 36.691, 36.579, 36.652, 37.215, 38.018, 38.404, 38.455, 38.47, 38.354, 38.246, 38.759, 39.797, 40.355, 39.821, 39.962, 41.161, 41.797, 37.463], [37.715, 37.762, 37.928, 38.153, 38.307, 38.506, 38.741, 38.586, 38.242, 38.288, 38.757, 39.006, 38.381, 37.893, 38.148, 38.791, 39.275, 39.254, 39.017, 38.911, 38.956, 39.113, 39.285, 38.986, 37.731, 36.125, 35.188, 34.838, 34.23, 32.842, 31.374, 30.582, 30.356, 30.017, 28.661, 26.205, 23.977, 22.996, 22.648, 21.854, 20.035, 17.098, 13.297, 9.856, 7.221, 4.457, 0.0, 5.432, 9.513, 11.836, 13.14, 14.335, 16.066, 18.48, 21.063, 22.935, 23.906, 24.501, 25.559, 27.371, 29.273, 30.899, 32.775, 34.965, 36.413, 36.741, 36.543, 36.354, 36.259, 36.36, 36.951, 37.776, 38.177, 38.238, 38.266, 38.165, 38.075, 38.601, 39.651, 40.239, 39.75, 39.92, 41.121, 41.752, 37.343], [37.551, 37.621, 37.787, 37.995, 38.147, 38.372, 38.661, 38.584, 38.313, 38.376, 38.811, 39.056, 38.531, 38.19, 38.539, 39.217, 39.711, 39.699, 39.468, 39.363, 39.412, 39.58, 39.769, 39.495, 38.283, 36.736, 35.843, 35.527, 34.99, 33.723, 32.4, 31.74, 31.576, 31.248, 29.959, 27.704, 25.749, 24.983, 24.742, 24.001, 22.297, 19.587, 16.068, 12.976, 11.091, 9.233, 5.432, 0.0, 4.897, 8.252, 10.273, 11.857, 13.895, 16.689, 19.617, 21.695, 22.769, 23.442, 24.616, 26.574, 28.597, 30.32, 32.29, 34.563, 36.061, 36.405, 36.207, 36.026, 35.957, 36.092, 36.696, 37.517, 37.917, 37.987, 38.027, 37.931, 37.848, 38.385, 39.437, 40.035, 39.586, 39.809, 41.053, 41.703, 37.163], [37.456, 37.542, 37.716, 37.928, 38.076, 38.295, 38.598, 38.551, 38.302, 38.373, 38.81, 39.069, 38.573, 38.274, 38.677, 39.411, 39.939, 39.931, 39.696, 39.594, 39.652, 39.831, 40.038, 39.789, 38.592, 37.032, 36.096, 35.759, 35.281, 34.147, 32.963, 32.372, 32.2, 31.847, 30.591, 28.477, 26.742, 26.17, 26.019, 25.299, 23.685, 21.261, 18.207, 15.478, 13.813, 12.438, 9.513, 4.897, 0.0, 3.997, 6.77, 8.998, 11.562, 14.853, 18.192, 20.523, 21.733, 22.467, 23.675, 25.722, 27.903, 29.808, 31.943, 34.328, 35.876, 36.221, 36.007, 35.811, 35.735, 35.866, 36.453, 37.248, 37.635, 37.711, 37.759, 37.66, 37.593, 38.171, 39.261, 39.866, 39.416, 39.678, 40.994, 41.685, 37.011], [37.526, 37.616, 37.799, 38.027, 38.17, 38.369, 38.657, 38.594, 38.319, 38.382, 38.846, 39.134, 38.623, 38.29, 38.694, 39.467, 40.028, 40.029, 39.797, 39.706, 39.776, 39.966, 40.19, 39.959, 38.763, 37.167, 36.17, 35.81, 35.393, 34.372, 33.279, 32.699, 32.483, 32.094, 30.847, 28.8, 27.174, 26.702, 26.604, 25.894, 24.318, 22.083, 19.397, 16.949, 15.285, 14.07, 11.836, 8.252, 3.997, 0.0, 3.25, 6.217, 9.536, 13.454, 17.198, 19.74, 21.052, 21.813, 23.003, 25.08, 27.378, 29.446, 31.728, 34.21, 35.798, 36.141, 35.908, 35.684, 35.584, 35.7, 36.279, 37.065, 37.445, 37.523, 37.573, 37.476, 37.439, 38.077, 39.216, 39.832, 39.369, 39.644, 41.007, 41.726, 37.03], [37.68, 37.769, 37.958, 38.199, 38.344, 38.534, 38.814, 38.735, 38.433, 38.486, 38.969, 39.281, 38.759, 38.387, 38.77, 39.554, 40.139, 40.163, 39.955, 39.888, 39.974, 40.175, 40.413, 40.197, 39.009, 37.403, 36.385, 36.034, 35.678, 34.743, 33.71, 33.13, 32.869, 32.438, 31.185, 29.171, 27.58, 27.13, 27.052, 26.352, 24.792, 22.654, 20.181, 17.915, 16.237, 15.029, 13.14, 10.273, 6.77, 3.25, 0.0, 3.451, 7.538, 12.179, 16.353, 19.086, 20.479, 21.273, 22.48, 24.597, 26.977, 29.152, 31.545, 34.11, 35.736, 36.081, 35.833, 35.588, 35.473, 35.593, 36.189, 36.991, 37.375, 37.451, 37.501, 37.415, 37.414, 38.098, 39.271, 39.9, 39.441, 39.722, 41.094, 41.819, 37.158], [37.785, 37.876, 38.067, 38.311, 38.456, 38.649, 38.934, 38.852, 38.538, 38.586, 39.08, 39.407, 38.881, 38.486, 38.852, 39.639, 40.243, 40.301, 40.135, 40.101, 40.206, 40.417, 40.667, 40.469, 39.298, 37.694, 36.67, 36.328, 36.015, 35.136, 34.151, 33.59, 33.308, 32.842, 31.582, 29.607, 28.059, 27.627, 27.552, 26.855, 25.326, 23.288, 21.001, 18.911, 17.285, 16.08, 14.335, 11.857, 8.998, 6.217, 3.451, 0.0, 4.613, 10.011, 14.754, 17.803, 19.36, 20.265, 21.591, 23.847, 26.356, 28.658, 31.191, 33.868, 35.547, 35.9, 35.64, 35.376, 35.249, 35.373, 35.995, 36.824, 37.219, 37.293, 37.343, 37.268, 37.295, 38.009, 39.203, 39.849, 39.411, 39.707, 41.082, 41.805, 37.239], [37.729, 37.833, 38.026, 38.266, 38.401, 38.586, 38.872, 38.792, 38.475, 38.527, 39.036, 39.376, 38.846, 38.439, 38.807, 39.609, 40.234, 40.322, 40.193, 40.192, 40.314, 40.531, 40.792, 40.616, 39.458, 37.832, 36.758, 36.382, 36.074, 35.237, 34.31, 33.794, 33.522, 33.045, 31.796, 29.905, 28.479, 28.117, 28.041, 27.337, 25.876, 24.024, 22.03, 20.215, 18.739, 17.631, 16.066, 13.895, 11.562, 9.536, 7.538, 4.613, 0.0, 5.944, 11.395, 15.026, 16.979, 18.144, 19.719, 22.285, 25.086, 27.638, 30.404, 33.263, 35.032, 35.407, 35.135, 34.84, 34.673, 34.77, 35.402, 36.263, 36.676, 36.754, 36.804, 36.73, 36.765, 37.504, 38.728, 39.399, 38.979, 39.296, 40.69, 41.426, 37.14], [37.539, 37.661, 37.864, 38.111, 38.238, 38.398, 38.665, 38.579, 38.263, 38.328, 38.857, 39.204, 38.662, 38.248, 38.636, 39.47, 40.119, 40.221, 40.108, 40.127, 40.261, 40.485, 40.755, 40.593, 39.43, 37.755, 36.606, 36.175, 35.863, 35.096, 34.275, 33.84, 33.611, 33.158, 31.962, 30.215, 28.992, 28.753, 28.682, 27.974, 26.619, 25.024, 23.408, 21.956, 20.708, 19.776, 18.48, 16.689, 14.853, 13.454, 12.179, 10.011, 5.944, 0.0, 6.005, 10.418, 13.062, 14.688, 16.615, 19.642, 22.937, 25.9, 29.013, 32.14, 34.061, 34.491, 34.215, 33.879, 33.645, 33.685, 34.32, 35.223, 35.667, 35.763, 35.82, 35.731, 35.756, 36.525, 37.805, 38.514, 38.093, 38.434, 39.875, 40.651, 36.903], [37.414, 37.544, 37.753, 38.014, 38.144, 38.272, 38.507, 38.413, 38.11, 38.19, 38.726, 39.069, 38.515, 38.107, 38.517, 39.376, 40.041, 40.15, 40.038, 40.063, 40.207, 40.438, 40.71, 40.544, 39.365, 37.667, 36.499, 36.058, 35.765, 35.099, 34.419, 34.087, 33.928, 33.529, 32.418, 30.831, 29.796, 29.666, 29.607, 28.91, 27.66, 26.292, 25.005, 23.883, 22.872, 22.118, 21.063, 19.617, 18.192, 17.198, 16.353, 14.754, 11.395, 6.005, 0.0, 4.985, 8.419, 10.69, 13.071, 16.559, 20.331, 23.703, 27.182, 30.625, 32.747, 33.259, 32.997, 32.641, 32.374, 32.396, 33.064, 34.027, 34.509, 34.627, 34.701, 34.608, 34.638, 35.455, 36.795, 37.536, 37.115, 37.502, 39.018, 39.85, 36.766], [37.37, 37.494, 37.698, 37.958, 38.088, 38.196, 38.41, 38.322, 38.04, 38.133, 38.664, 38.999, 38.453, 38.066, 38.492, 39.357, 40.029, 40.141, 40.031, 40.057, 40.208, 40.447, 40.715, 40.533, 39.342, 37.66, 36.536, 36.134, 35.875, 35.301, 34.74, 34.502, 34.416, 34.079, 33.046, 31.561, 30.618, 30.537, 30.488, 29.803, 28.606, 27.353, 26.248, 25.332, 24.492, 23.855, 22.935, 21.695, 20.523, 19.74, 19.086, 17.803, 15.026, 10.418, 4.985, 0.0, 3.947, 6.935, 9.984, 13.91, 17.911, 21.459, 25.175, 28.902, 31.23, 31.828, 31.589, 31.25, 31.016, 31.099, 31.861, 32.903, 33.418, 33.55, 33.648, 33.586, 33.666, 34.542, 35.918, 36.677, 36.284, 36.755, 38.354, 39.232, 36.746], [37.253, 37.365, 37.557, 37.812, 37.949, 38.062, 38.277, 38.201, 37.938, 38.034, 38.555, 38.886, 38.355, 37.994, 38.435, 39.303, 39.978, 40.097, 39.992, 40.021, 40.176, 40.419, 40.682, 40.487, 39.294, 37.646, 36.583, 36.233, 36.019, 35.532, 35.079, 34.924, 34.898, 34.607, 33.621, 32.168, 31.231, 31.148, 31.1, 30.416, 29.214, 27.977, 26.929, 26.099, 25.345, 24.765, 23.906, 22.769, 21.733, 21.052, 20.479, 19.36, 16.979, 13.062, 8.419, 3.947, 0.0, 3.53, 7.439, 11.958, 16.124, 19.646, 23.387, 27.26, 29.732, 30.396, 30.185, 29.886, 29.727, 29.923, 30.81, 31.939, 32.479, 32.618, 32.742, 32.727, 32.87, 33.797, 35.19, 35.961, 35.62, 36.185, 37.847, 38.747, 36.667], [36.921, 37.024, 37.214, 37.475, 37.63, 37.754, 37.969, 37.888, 37.621, 37.717, 38.24, 38.572, 38.039, 37.687, 38.146, 39.032, 39.721, 39.851, 39.755, 39.79, 39.946, 40.189, 40.453, 40.257, 39.075, 37.462, 36.439, 36.12, 35.968, 35.627, 35.342, 35.291, 35.309, 35.042, 34.083, 32.645, 31.692, 31.594, 31.543, 30.849, 29.623, 28.381, 27.369, 26.585, 25.859, 25.304, 24.501, 23.442, 22.467, 21.813, 21.273, 20.265, 18.144, 14.688, 10.69, 6.935, 3.53, 0.0, 4.522, 9.79, 14.48, 18.195, 21.923, 25.786, 28.297, 28.991, 28.804, 28.551, 28.478, 28.797, 29.815, 31.028, 31.594, 31.744, 31.892, 31.908, 32.097, 33.071, 34.491, 35.283, 34.995, 35.647, 37.357, 38.26, 36.364], [36.456, 36.556, 36.754, 37.032, 37.2, 37.312, 37.5, 37.387, 37.097, 37.196, 37.737, 38.076, 37.521, 37.156, 37.632, 38.554, 39.28, 39.431, 39.348, 39.391, 39.55, 39.792, 40.059, 39.875, 38.722, 37.159, 36.168, 35.865, 35.798, 35.68, 35.653, 35.749, 35.8, 35.536, 34.615, 33.235, 32.314, 32.223, 32.175, 31.482, 30.256, 29.058, 28.162, 27.487, 26.792, 26.264, 25.559, 24.616, 23.675, 23.003, 22.48, 21.591, 19.719, 16.615, 13.071, 9.984, 7.439, 4.522, 0.0, 5.899, 11.565, 16.064, 20.141, 24.054, 26.55, 27.236, 27.062, 26.863, 26.892, 27.361, 28.547, 29.87, 30.475, 30.646, 30.824, 30.866, 31.11, 32.166, 33.648, 34.475, 34.239, 34.995, 36.767, 37.678, 35.904], [36.316, 36.409, 36.61, 36.886, 37.04, 37.125, 37.278, 37.134, 36.826, 36.923, 37.466, 37.803, 37.245, 36.883, 37.366, 38.309, 39.068, 39.252, 39.191, 39.243, 39.401, 39.641, 39.906, 39.733, 38.643, 37.207, 36.326, 36.084, 36.102, 36.164, 36.342, 36.565, 36.651, 36.401, 35.549, 34.27, 33.399, 33.315, 33.277, 32.61, 31.418, 30.295, 29.561, 29.058, 28.448, 27.969, 27.371, 26.574, 25.722, 25.08, 24.597, 23.847, 22.285, 19.642, 16.559, 13.91, 11.958, 9.79, 5.899, 0.0, 6.541, 12.246, 17.245, 21.555, 24.126, 24.791, 24.618, 24.5, 24.697, 25.413, 26.875, 28.385, 29.057, 29.255, 29.481, 29.612, 29.996, 31.183, 32.729, 33.583, 33.431, 34.329, 36.17, 37.104, 35.784], [36.689, 36.766, 36.953, 37.2, 37.33, 37.41, 37.