[[0.0, 5.123, 10.844, 14.753, 16.404, 18.239, 21.743, 25.642, 27.941, 28.777, 29.884, 32.081, 34.211, 35.371, 35.767, 36.19, 37.113, 37.595, 37.568, 38.182, 39.415, 40.437, 40.59, 40.033, 40.054, 40.921, 41.612, 41.578, 41.647, 42.07, 41.901, 41.092, 40.798, 40.85, 40.338, 39.96, 40.364, 40.943, 41.032, 41.1, 41.473, 42.011, 42.675, 43.54, 44.092, 44.16, 44.055, 43.989, 43.818, 43.3, 42.822, 42.727, 42.57, 42.315, 42.408, 42.529, 42.263, 41.859, 41.629, 41.248, 40.604, 40.356, 40.669, 41.55, 42.971, 43.791, 43.645, 43.674, 45.124, 47.531, 49.264, 49.919, 49.624, 48.905, 47.749, 46.154, 44.615, 43.86, 43.459, 41.89, 41.068, 41.476, 41.595, 40.867, 40.034, 39.422, 39.315, 39.805, 40.14, 39.784, 39.406, 39.473, 39.585, 39.313, 38.885, 38.803, 39.113, 39.378, 39.355, 39.297, 39.38, 39.271, 39.038, 39.024, 39.114, 39.037, 39.379, 39.98, 39.79, 39.237, 39.337, 40.36, 40.473, 39.748, 39.422, 39.555, 40.014, 40.692, 41.129, 41.224, 40.763, 40.173, 40.009, 39.926, 39.223, 38.229, 37.91, 38.315, 39.024, 39.688, 40.122, 39.863, 39.359, 39.221, 39.437, 39.857, 40.129, 40.185, 40.641, 41.789, 43.188, 44.289, 45.153, 45.602, 45.208, 44.592, 44.177, 43.991, 43.912, 43.403, 42.191, 42.208, 41.93, 40.336, 40.005, 40.238, 40.086, 40.102, 40.43, 40.507, 40.381, 40.396, 40.747, 41.517, 42.266, 42.473, 42.205, 42.072, 42.013, 41.891, 41.917, 41.804, 41.121, 40.673, 41.344, 41.889, 41.295, 41.68, 43.21, 42.941, 42.35, 43.038, 44.139, 44.581, 44.718, 44.837, 44.568, 44.23, 44.07, 43.916, 43.685, 43.794, 44.019, 43.702, 43.136, 42.395, 41.886, 41.739, 41.388, 40.892, 40.794, 40.964, 41.113, 41.049, 40.251, 5.019], [5.123, 0.0, 6.863, 11.98, 14.162, 15.907, 19.487, 23.773, 26.336, 27.251, 28.414, 30.75, 33.052, 34.341, 34.821, 35.327, 36.327, 36.836, 36.784, 37.372, 38.607, 39.658, 39.846, 39.314, 39.369, 40.301, 41.045, 41.036, 41.167, 41.651, 41.478, 40.642, 40.353, 40.409, 39.835, 39.404, 39.828, 40.444, 40.538, 40.603, 40.979, 41.524, 42.201, 43.089, 43.668, 43.795, 43.754, 43.722, 43.549, 42.992, 42.484, 42.397, 42.25, 41.995, 42.092, 42.217, 41.951, 41.554, 41.328, 40.927, 40.244, 39.964, 40.276, 41.192, 42.662, 43.524, 43.392, 43.435, 44.93, 47.413, 49.211, 49.889, 49.596, 48.887, 47.728, 46.087, 44.476, 43.672, 43.237, 41.61, 40.77, 41.199, 41.315, 40.578, 39.743, 39.108, 38.98, 39.48, 39.82, 39.439, 39.041, 39.112, 39.235, 38.962, 38.518, 38.423, 38.748, 39.025, 38.988, 38.912, 38.995, 38.873, 38.624, 38.616, 38.718, 38.644, 39.005, 39.62, 39.414, 38.819, 38.906, 39.983, 40.115, 39.372, 39.04, 39.172, 39.612, 40.28, 40.718, 40.813, 40.343, 39.744, 39.596, 39.54, 38.83, 37.795, 37.47, 37.887, 38.627, 39.325, 39.785, 39.509, 38.98, 38.84, 39.072, 39.49, 39.759, 39.819, 40.303, 41.507, 42.958, 44.095, 44.992, 45.447, 45.019, 44.381, 43.994, 43.869, 43.815, 43.3, 42.123, 42.199, 41.914, 40.303, 40.02, 40.27, 40.101, 40.123, 40.456, 40.514, 40.369, 40.391, 40.776, 41.58, 42.34, 42.535, 42.25, 42.09, 42.005, 41.878, 41.904, 41.759, 40.993, 40.48, 41.181, 41.742, 41.085, 41.473, 43.103, 42.879, 42.267, 42.948, 44.067, 44.51, 44.649, 44.777, 44.501, 44.141, 43.969, 43.823, 43.605, 43.725, 43.957, 43.634, 43.054, 42.291, 41.735, 41.546, 41.158, 40.624, 40.493, 40.637, 40.771, 40.696, 39.82, 8.732], [10.844, 6.863, 0.0, 6.489, 10.239, 12.848, 16.835, 21.615, 24.528, 25.561, 26.804, 29.344, 31.857, 33.24, 33.722, 34.244, 35.323, 35.885, 35.84, 36.448, 37.73, 38.838, 39.065, 38.53, 38.58, 39.54, 40.306, 40.328, 40.58, 41.183, 41.011, 40.121, 39.853, 39.937, 39.287, 38.797, 39.253, 39.901, 39.974, 40.007, 40.373, 40.941, 41.662, 42.577, 43.157, 43.322, 43.366, 43.381, 43.196, 42.592, 42.065, 42.012, 41.892, 41.632, 41.732, 41.871, 41.602, 41.206, 40.993, 40.571, 39.835, 39.489, 39.784, 40.771, 42.358, 43.296, 43.176, 43.224, 44.761, 47.334, 49.215, 49.933, 49.644, 48.935, 47.757, 46.037, 44.315, 43.446, 42.976, 41.276, 40.363, 40.78, 40.887, 40.144, 39.308, 38.634, 38.476, 39.004, 39.357, 38.934, 38.505, 38.584, 38.724, 38.453, 37.989, 37.886, 38.226, 38.509, 38.443, 38.327, 38.401, 38.279, 38.024, 38.024, 38.129, 38.054, 38.46, 39.129, 38.921, 38.26, 38.285, 39.423, 39.597, 38.823, 38.49, 38.636, 39.059, 39.72, 40.171, 40.261, 39.757, 39.134, 39.012, 38.997, 38.283, 37.198, 36.854, 37.289, 38.092, 38.854, 39.343, 39.038, 38.466, 38.315, 38.572, 38.999, 39.265, 39.337, 39.845, 41.098, 42.606, 43.788, 44.733, 45.2, 44.727, 44.044, 43.656, 43.585, 43.578, 43.056, 41.925, 42.115, 41.831, 40.164, 39.941, 40.224, 40.035, 40.064, 40.425, 40.487, 40.326, 40.373, 40.827, 41.672, 42.422, 42.593, 42.283, 42.077, 41.942, 41.784, 41.793, 41.597, 40.712, 40.121, 40.887, 41.481, 40.737, 41.162, 42.946, 42.797, 42.168, 42.841, 43.992, 44.457, 44.624, 44.794, 44.534, 44.162, 43.968, 43.819, 43.617, 43.767, 44.025, 43.713, 43.142, 42.367, 41.729, 41.47, 41.041, 40.465, 40.29, 40.4, 40.514, 40.42, 39.46, 13.044], [14.753, 11.98, 6.489, 0.0, 5.486, 10.225, 15.193, 20.125, 23.091, 24.207, 25.593, 28.351, 31.025, 32.463, 32.938, 33.462, 34.578, 35.174, 35.178, 35.85, 37.177, 38.327, 38.585, 38.035, 38.062, 39.042, 39.841, 39.904, 40.263, 40.98, 40.846, 39.928, 39.653, 39.76, 39.109, 38.61, 39.081, 39.743, 39.789, 39.771, 40.102, 40.679, 41.434, 42.356, 42.912, 43.07, 43.132, 43.156, 42.964, 42.34, 41.8, 41.754, 41.65, 41.389, 41.485, 41.639, 41.37, 40.976, 40.781, 40.353, 39.591, 39.218, 39.493, 40.51, 42.175, 43.159, 43.039, 43.088, 44.659, 47.291, 49.223, 49.968, 49.679, 48.974, 47.792, 46.023, 44.227, 43.324, 42.851, 41.111, 40.111, 40.49, 40.587, 39.846, 39.013, 38.311, 38.145, 38.711, 39.08, 38.628, 38.174, 38.25, 38.394, 38.11, 37.62, 37.522, 37.879, 38.166, 38.098, 37.985, 38.079, 37.978, 37.737, 37.746, 37.851, 37.773, 38.204, 38.915, 38.72, 38.008, 37.974, 39.165, 39.377, 38.586, 38.246, 38.404, 38.836, 39.511, 39.97, 40.048, 39.521, 38.886, 38.78, 38.771, 38.02, 36.875, 36.493, 36.921, 37.738, 38.518, 39.013, 38.704, 38.119, 37.96, 38.238, 38.694, 38.962, 39.046, 39.571, 40.869, 42.431, 43.641, 44.61, 45.091, 44.594, 43.866, 43.434, 43.346, 43.349, 42.822, 41.706, 41.975, 41.718, 40.01, 39.801, 40.107, 39.926, 39.963, 40.34, 40.406, 40.231, 40.281, 40.762, 41.626, 42.371, 42.533, 42.215, 41.987, 41.831, 41.664, 41.665, 41.448, 40.51, 39.893, 40.718, 41.35, 40.554, 40.966, 42.8, 42.702, 42.117, 42.819, 43.978, 44.454, 44.653, 44.86, 44.616, 44.248, 44.042, 43.878, 43.674, 43.842, 44.125, 43.829, 43.263, 42.475, 41.775, 41.463, 41.009, 40.418, 40.228, 40.318, 40.409, 40.292, 39.298, 16.449], [16.404, 14.162, 10.239, 5.486, 0.0, 6.506, 13.177, 18.757, 21.762, 22.872, 24.454, 27.478, 30.301, 31.834, 32.412, 33.044, 34.223, 34.845, 34.863, 35.543, 36.863, 38.02, 38.296, 37.764, 37.823, 38.86, 39.711, 39.773, 40.123, 40.881, 40.812, 39.919, 39.616, 39.718, 39.112, 38.642, 39.124, 39.797, 39.849, 39.811, 40.118, 40.695, 41.457, 42.38, 42.931, 43.091, 43.15, 43.176, 42.994, 42.372, 41.817, 41.762, 41.669, 41.413, 41.508, 41.667, 41.398, 40.997, 40.805, 40.387, 39.639, 39.278, 39.56, 40.581, 42.244, 43.211, 43.078, 43.137, 44.733, 47.376, 49.301, 50.033, 49.737, 49.039, 47.862, 46.084, 44.268, 43.362, 42.9, 41.161, 40.168, 40.55, 40.638, 39.901, 39.071, 38.364, 38.207, 38.784, 39.153, 38.709, 38.266, 38.341, 38.491, 38.206, 37.715, 37.636, 38.005, 38.292, 38.232, 38.14, 38.247, 38.155, 37.92, 37.931, 38.041, 37.958, 38.36, 39.059, 38.887, 38.178, 38.141, 39.362, 39.574, 38.776, 38.432, 38.585, 39.012, 39.684, 40.139, 40.209, 39.691, 39.081, 38.993, 38.968, 38.156, 36.959, 36.561, 36.965, 37.745, 38.512, 39.016, 38.726, 38.148, 37.987, 38.276, 38.735, 38.993, 39.084, 39.623, 40.935, 42.511, 43.731, 44.705, 45.193, 44.7, 43.972, 43.535, 43.427, 43.412, 42.884, 41.75, 42.007, 41.768, 40.079, 39.838, 40.131, 39.967, 40.008, 40.374, 40.429, 40.239, 40.272, 40.746, 41.605, 42.346, 42.522, 42.228, 42.02, 41.882, 41.734, 41.743, 41.528, 40.599, 40.0, 40.843, 41.484, 40.679, 41.031, 42.805, 42.736, 42.237, 42.968, 44.089, 44.545, 44.761, 44.986, 44.749, 44.38, 44.171, 44.006, 43.805, 43.962, 44.237, 43.94, 43.373, 42.602, 41.912, 41.583, 41.109, 40.518, 40.326, 40.399, 40.464, 40.332, 39.326, 18.192], [18.239, 15.907, 12.848, 10.225, 6.506, 0.0, 8.272, 15.464, 19.176, 20.331, 22.054, 25.514, 28.701, 30.458, 31.238, 32.082, 33.417, 34.1, 34.096, 34.771, 36.11, 37.284, 37.574, 37.102, 37.268, 38.408, 39.317, 39.363, 39.698, 40.483, 40.472, 39.629, 39.357, 39.471, 38.864, 38.401, 38.919, 39.617, 39.696, 39.68, 39.999, 40.594, 41.368, 42.309, 42.903, 43.114, 43.208, 43.25, 43.075, 42.449, 41.882, 41.843, 41.769, 41.504, 41.593, 41.754, 41.478, 41.056, 40.849, 40.44, 39.698, 39.332, 39.625, 40.685, 42.371, 43.338, 43.203, 43.28, 44.913, 47.58, 49.488, 50.202, 49.912, 49.214, 48.028, 46.244, 44.404, 43.478, 43.005, 41.249, 40.288, 40.696, 40.787, 40.051, 39.21, 38.488, 38.322, 38.896, 39.253, 38.805, 38.363, 38.44, 38.607, 38.341, 37.845, 37.753, 38.118, 38.408, 38.331, 38.22, 38.338, 38.256, 38.027, 38.049, 38.165, 38.066, 38.437, 39.108, 38.931, 38.216, 38.156, 39.385, 39.583, 38.755, 38.412, 38.574, 38.996, 39.661, 40.126, 40.196, 39.669, 39.076, 39.025, 39.027, 38.23, 37.063, 36.674, 37.053, 37.827, 38.609, 39.118, 38.812, 38.21, 38.056, 38.37, 38.811, 39.028, 39.115, 39.675, 41.003, 42.581, 43.813, 44.809, 45.306, 44.824, 44.126, 43.734, 43.643, 43.622, 43.091, 41.911, 42.092, 41.84, 40.187, 39.931, 40.203, 40.034, 40.064, 40.411, 40.451, 40.242, 40.246, 40.709, 41.577, 42.312, 42.487, 42.217, 42.03, 41.901, 41.772, 41.801, 41.592, 40.658, 40.059, 40.905, 41.533, 40.725, 41.052, 42.805, 42.778, 42.367, 43.14, 44.249, 44.703, 44.937, 45.177, 44.943, 44.567, 44.359, 44.197, 43.987, 44.126, 44.391, 44.069, 43.476, 42.708, 42.016, 41.652, 41.143, 40.53, 40.306, 40.337, 40.37, 40.22, 39.14, 20.164], [21.743, 19.487, 16.835, 15.193, 13.177, 8.272, 0.0, 8.734, 13.915, 15.544, 17.352, 21.43, 25.34, 27.509, 28.585, 29.764, 31.356, 32.115, 32.103, 32.854, 34.315, 35.577, 35.907, 35.475, 35.752, 37.047, 38.053, 38.149, 38.609, 39.501, 39.52, 38.736, 38.624, 38.84, 38.226, 37.794, 38.417, 39.172, 39.261, 39.257, 39.602, 40.228, 41.027, 41.993, 42.615, 42.865, 43.007, 43.07, 42.894, 42.271, 41.723, 41.706, 41.622, 41.31, 41.379, 41.555, 41.272, 40.813, 40.578, 40.158, 39.377, 38.972, 39.268, 40.415, 42.213, 43.237, 43.117, 43.211, 44.924, 47.685, 49.61, 50.331, 50.074, 49.381, 48.169, 46.332, 44.401, 43.409, 42.898, 41.047, 40.04, 40.487, 40.604, 39.84, 38.946, 38.155, 37.947, 38.536, 38.893, 38.391, 37.894, 37.964, 38.152, 37.876, 37.332, 37.209, 37.592, 37.91, 37.807, 37.639, 37.756, 37.678, 37.441, 37.483, 37.604, 37.467, 37.85, 38.54, 38.323, 37.538, 37.398, 38.683, 38.912, 38.024, 37.649, 37.828, 38.28, 38.962, 39.445, 39.521, 38.976, 38.387, 38.38, 38.452, 37.75, 36.656, 36.238, 36.605, 37.448, 38.271, 38.765, 38.411, 37.759, 37.619, 38.001, 38.463, 38.633, 38.69, 39.309, 40.755, 42.42, 43.691, 44.714, 45.214, 44.705, 44.013, 43.684, 43.633, 43.619, 43.084, 41.849, 41.971, 41.727, 40.066, 39.793, 40.042, 39.848, 39.875, 40.232, 40.265, 40.01, 39.95, 40.398, 41.311, 42.055, 42.203, 41.924, 41.741, 41.614, 41.506, 41.563, 41.362, 40.379, 39.725, 40.601, 41.244, 40.423, 40.816, 42.643, 42.612, 42.225, 43.049, 44.202, 44.68, 44.934, 45.193, 44.966, 44.586, 44.37, 44.183, 43.933, 44.061, 44.335, 43.975, 43.32, 42.485, 41.718, 41.292, 40.74, 40.084, 39.8, 39.775, 39.785, 39.626, 38.406, 23.599], [25.642, 23.773, 21.615, 20.125, 18.757, 15.464, 8.734, 0.0, 6.562, 9.527, 11.959, 16.654, 21.222, 23.819, 25.243, 26.906, 28.871, 29.787, 29.879, 30.799, 32.439, 33.838, 34.235, 33.796, 34.129, 35.605, 36.799, 37.062, 37.737, 38.767, 38.812, 38.075, 38.121, 38.478, 37.949, 37.611, 38.324, 39.108, 39.177, 39.157, 39.514, 40.16, 40.959, 41.89, 42.455, 42.669, 42.813, 42.875, 42.694, 42.093, 41.591, 41.579, 41.43, 41.034, 41.077, 41.271, 40.981, 40.477, 40.214, 39.771, 38.948, 38.519, 38.808, 39.988, 41.862, 42.922, 42.799, 42.91, 44.717, 47.566, 49.495, 50.211, 49.99, 49.326, 48.097, 46.198, 44.18, 43.135, 42.603, 40.675, 39.641, 40.144, 40.286, 39.472, 38.547, 37.706, 37.469, 38.078, 38.44, 37.877, 37.313, 37.364, 37.549, 37.23, 36.615, 36.463, 36.871, 37.221, 37.114, 36.924, 37.051, 36.96, 36.689, 36.736, 36.866, 36.681, 37.083, 37.814, 37.56, 36.724, 36.571, 37.948, 38.222, 37.297, 36.876, 37.06, 37.589, 38.32, 38.806, 38.878, 38.309, 37.695, 37.694, 37.804, 37.15, 36.056, 35.566, 35.916, 36.82, 37.666, 38.165, 37.826, 37.171, 37.04, 37.487, 38.022, 38.188, 38.23, 38.911, 40.487, 42.258, 43.557, 44.573, 45.063, 44.52, 43.808, 43.526, 43.516, 43.519, 42.989, 41.729, 41.83, 41.61, 39.937, 39.614, 39.804, 39.58, 39.635, 40.033, 40.067, 39.755, 39.613, 40.037, 40.989, 41.744, 41.858, 41.554, 41.395, 41.3, 41.204, 41.271, 41.068, 40.023, 39.29, 40.194, 40.862, 40.015, 40.482, 42.38, 42.299, 41.927, 42.797, 43.98, 44.479, 44.733, 44.986, 44.764, 44.385, 44.158, 43.948, 43.681, 43.817, 44.099, 43.709, 42.992, 42.066, 41.228, 40.783, 40.216, 39.522, 39.194, 39.151, 39.166, 39.001, 37.691, 27.318], [27.941, 26.336, 24.528, 23.091, 21.762, 19.176, 13.915, 6.562, 0.0, 4.664, 9.094, 14.459, 18.917, 21.43, 22.99, 25.025, 27.301, 28.431, 28.723, 29.818, 31.605, 33.107, 33.536, 33.07, 33.432, 35.036, 36.379, 36.762, 37.533, 38.632, 38.739, 38.057, 38.129, 38.514, 38.082, 37.845, 38.572, 39.32, 39.37, 39.359, 39.745, 40.414, 41.208, 42.091, 42.578, 42.715, 42.818, 42.866, 42.684, 42.102, 41.624, 41.603, 41.402, 40.938, 40.939, 41.12, 40.812, 40.262, 39.972, 39.521, 38.694, 38.261, 38.524, 39.667, 41.545, 42.613, 42.501, 42.609, 44.412, 47.259, 49.174, 49.88, 49.682, 49.038, 47.814, 45.907, 43.885, 42.838, 42.303, 40.366, 39.365, 39.92, 40.069, 39.213, 38.295, 37.461, 37.225, 37.839, 38.198, 37.618, 37.027, 37.051, 37.226, 36.896, 36.267, 36.113, 36.528, 36.882, 36.777, 36.604, 36.758, 36.673, 36.391, 36.437, 36.573, 36.355, 36.732, 37.457, 37.198, 36.368, 36.248, 37.684, 37.988, 37.068, 36.628, 36.815, 37.395, 38.149, 38.625, 38.687, 38.097, 37.46, 37.454, 37.572, 36.908, 35.772, 35.23, 35.552, 36.461, 37.318, 37.845, 37.552, 36.925, 36.805, 37.282, 37.863, 38.046, 38.1, 38.8, 40.408, 42.213, 43.512, 44.518, 45.015, 44.48, 43.763, 43.477, 43.455, 43.462, 42.939, 41.663, 41.745, 41.529, 39.876, 39.523, 39.668, 39.424, 39.5, 39.935, 39.974, 39.624, 39.436, 39.835, 40.79, 41.551, 41.656, 41.344, 41.213, 41.152, 41.06, 41.124, 40.922, 39.865, 39.123, 40.038, 40.704, 39.838, 40.309, 42.215, 42.105, 41.73, 42.615, 43.81, 44.316, 44.549, 44.78, 44.555, 44.176, 43.944, 43.743, 43.494, 43.636, 43.902, 43.494, 42.755, 41.779, 40.904, 40.463, 39.897, 39.188, 38.846, 38.813, 38.844, 38.681, 37.38, 29.467], [28.777, 27.251, 25.561, 24.207, 22.872, 20.331, 15.544, 9.527, 4.664, 0.0, 6.139, 12.724, 17.437, 19.86, 21.434, 23.628, 26.047, 27.286, 27.698, 28.919, 30.816, 32.393, 32.832, 32.35, 32.746, 34.41, 35.785, 36.181, 36.972, 38.124, 38.309, 37.712, 37.835, 38.238, 37.846, 37.69, 38.461, 39.202, 39.25, 39.25, 39.662, 40.364, 41.182, 42.074, 42.567, 42.691, 42.778, 42.817, 42.632, 42.051, 41.583, 41.569, 41.357, 40.884, 40.882, 41.059, 40.734, 40.159, 39.847, 39.378, 38.526, 38.073, 38.332, 39.489, 41.389, 42.468, 42.354, 42.451, 44.255, 47.11, 49.032, 49.744, 49.557, 48.911, 47.677, 45.753, 43.714, 42.657, 42.112, 40.141, 39.136, 39.726, 39.884, 38.996, 38.065, 37.233, 36.999, 37.628, 37.999, 37.415, 36.815, 36.829, 37.008, 36.689, 36.068, 35.917, 36.336, 36.69, 36.581, 36.41, 36.576, 36.5, 36.219, 36.269, 36.407, 36.171, 36.521, 37.229, 36.967, 36.115, 35.98, 37.443, 37.764, 36.839, 36.394, 36.58, 37.167, 37.921, 38.389, 38.428, 37.811, 37.173, 37.191, 37.319, 36.662, 35.543, 34.997, 35.313, 36.257, 37.156, 37.699, 37.393, 36.76, 36.649, 37.137, 37.729, 37.93, 38.001, 38.707, 40.321, 42.128, 43.42, 44.432, 44.943, 44.415, 43.693, 43.399, 43.36, 43.358, 42.834, 41.54, 41.587, 41.346, 39.708, 39.391, 39.543, 39.285, 39.362, 39.823, 39.879, 39.535, 39.36, 39.775, 40.73, 41.486, 41.586, 41.269, 41.136, 41.078, 40.99, 41.058, 40.853, 39.788, 39.059, 40.001, 40.665, 39.779, 40.234, 42.132, 42.007, 41.632, 42.539, 43.759, 44.269, 44.488, 44.71, 44.483, 44.103, 43.874, 43.682, 43.442, 43.59, 43.85, 43.423, 42.669, 41.666, 40.725, 40.238, 39.65, 38.925, 38.558, 38.506, 38.534, 38.382, 37.086, 30.23], [29.884, 28.414, 26.804, 25.593, 24.454, 22.054, 17.352, 11.959, 9.094, 6.139, 0.0, 7.749, 13.753, 16.934, 18.822, 21.234, 23.865, 25.223, 25.712, 27.084, 29.139, 30.839, 31.319, 30.83, 31.283, 33.042, 34.45, 34.847, 35.715, 36.971, 37.239, 36.766, 37.096, 37.638, 37.287, 37.237, 38.125, 38.904, 38.956, 38.95, 39.362, 40.073, 40.908, 41.839, 42.39, 42.574, 42.717, 42.789, 42.608, 42.013, 41.567, 41.585, 41.365, 40.896, 40.936, 41.146, 40.825, 40.25, 39.926, 39.425, 38.518, 38.02, 38.281, 39.482, 41.4, 42.445, 42.287, 42.405, 44.303, 47.197, 49.111, 49.818, 49.632, 48.99, 47.73, 45.751, 43.642, 42.548, 41.989, 39.976, 38.944, 39.562, 39.741, 38.847, 37.911, 37.064, 36.821, 37.48, 37.875, 37.27, 36.67, 36.721, 36.917, 36.587, 35.95, 35.804, 36.243, 36.607, 36.493, 36.31, 36.465, 36.365, 36.053, 36.104, 36.239, 35.972, 36.285, 36.987, 36.707, 35.794, 35.622, 37.11, 37.415, 36.456, 36.013, 36.183, 36.74, 37.473, 37.927, 37.955, 37.331, 36.707, 36.747, 36.885, 36.284, 35.272, 34.776, 35.106, 36.117, 37.079, 37.639, 37.311, 36.654, 36.545, 37.069, 37.696, 37.903, 37.974, 38.705, 40.361, 42.169, 43.441, 44.441, 44.937, 44.379, 43.646, 43.376, 43.36, 43.361, 42.842, 41.544, 41.552, 41.28, 39.64, 39.384, 39.538, 39.233, 39.295, 39.771, 39.841, 39.5, 39.345, 39.797, 40.772, 41.514, 41.603, 41.295, 41.161, 41.087, 41.0, 41.081, 40.86, 39.746, 38.992, 39.961, 40.627, 39.728, 40.252, 42.169, 41.968, 41.557, 42.477, 43.722, 44.246, 44.462, 44.683, 44.459, 44.087, 43.863, 43.665, 43.42, 43.572, 43.83, 43.385, 42.617, 41.589, 40.597, 40.075, 39.468, 38.718, 38.31, 38.218, 38.24, 38.111, 36.803, 31.254], [32.081, 30.75, 29.344, 28.351, 27.478, 25.514, 21.43, 16.654, 14.459, 12.724, 7.749, 0.0, 7.455, 12.313, 15.245, 18.204, 21.209, 22.908, 23.627, 25.142, 27.323, 29.141, 29.678, 29.197, 29.709, 31.574, 33.068, 33.572, 34.602, 35.961, 36.313, 36.024, 36.622, 37.345, 37.114, 37.239, 38.23, 39.015, 39.076, 39.084, 39.496, 40.18, 40.967, 41.872, 42.456, 42.723, 42.955, 43.058, 42.865, 42.266, 41.865, 41.923, 41.679, 41.184, 41.251, 41.492, 41.179, 40.603, 40.27, 39.766, 38.849, 38.32, 38.569, 39.781, 41.662, 42.624, 42.428, 42.609, 44.596, 47.462, 49.305, 49.966, 49.773, 49.157, 47.904, 45.902, 43.761, 42.65, 42.101, 40.108, 39.088, 39.72, 39.923, 39.06, 38.181, 37.365, 37.119, 37.779, 38.184, 37.573, 36.983, 37.063, 37.257, 36.904, 36.253, 36.111, 36.551, 36.91, 36.803, 36.625, 36.759, 36.63, 36.288, 36.332, 36.463, 36.156, 36.388, 37.046, 36.757, 35.803, 35.573, 37.01, 37.268, 36.318, 35.898, 36.037, 36.547, 37.25, 37.682, 37.718, 37.13, 36.545, 36.591, 36.719, 36.202, 35.376, 35.008, 35.35, 36.386, 37.388, 37.979, 37.673, 37.025, 36.913, 37.454, 38.118, 38.342, 38.402, 39.138, 40.812, 42.577, 43.767, 44.696, 45.145, 44.567, 43.853, 43.632, 43.648, 43.655, 43.154, 41.891, 41.866, 41.568, 39.965, 39.778, 39.911, 39.541, 39.561, 40.026, 40.101, 39.747, 39.573, 40.023, 40.985, 41.693, 41.753, 41.451, 41.334, 41.263, 41.179, 41.265, 41.027, 39.882, 39.101, 40.054, 40.701, 39.814, 40.406, 42.307, 42.032, 41.611, 42.523, 43.743, 44.266, 44.483, 44.693, 44.477, 44.121, 43.898, 43.699, 43.469, 43.619, 43.841, 43.372, 42.627, 41.629, 40.674, 40.185, 39.59, 38.843, 38.414, 38.282, 38.29, 38.198, 36.936, 33.31], [34.211, 33.052, 31.857, 31.025, 30.301, 28.701, 25.34, 21.222, 18.917, 17.437, 13.753, 7.455, 0.0, 6.444, 11.301, 15.492, 18.983, 21.222, 22.459, 24.205, 26.486, 28.39, 28.98, 28.517, 29.035, 30.915, 32.476, 33.162, 34.338, 35.727, 36.163, 36.078, 36.835, 37.613, 37.528, 37.848, 38.862, 39.589, 39.651, 39.692, 40.121, 40.789, 41.523, 42.349, 42.897, 43.182, 43.446, 43.533, 43.306, 42.714, 42.35, 42.424, 42.146, 41.592, 41.633, 41.877, 41.563, 40.973, 40.625, 40.138, 39.256, 38.714, 38.921, 40.114, 41.948, 42.855, 42.677, 42.917, 44.885, 47.671, 49.442, 50.058, 49.868, 49.287, 48.081, 46.12, 44.002, 42.898, 42.371, 40.445, 39.427, 40.02, 40.229, 39.41, 38.601, 37.844, 37.604, 38.237, 38.637, 38.048, 37.463, 37.524, 37.706, 37.348, 36.703, 36.571, 37.005, 37.353, 37.264, 37.115, 37.245, 37.114, 36.772, 36.815, 36.951, 36.624, 36.778, 37.365, 37.08, 36.119, 35.831, 37.162, 37.397, 36.513, 36.127, 36.241, 36.709, 37.373, 37.778, 37.813, 37.274, 36.738, 36.77, 36.873, 36.411, 35.734, 35.51, 35.866, 36.866, 37.864, 38.481, 38.234, 37.63, 37.506, 38.013, 38.685, 38.945, 39.01, 39.706, 41.319, 43.0, 44.091, 44.944, 45.351, 44.784, 44.115, 43.929, 43.931, 43.917, 43.428, 42.209, 42.168, 41.864, 40.346, 40.212, 40.332, 39.939, 39.931, 40.371, 40.448, 40.103, 39.926, 40.351, 41.279, 41.952, 41.979, 41.658, 41.55, 41.487, 41.39, 41.467, 41.228, 40.103, 39.337, 40.242, 40.853, 39.976, 40.563, 42.433, 42.187, 41.834, 42.749, 43.913, 44.409, 44.608, 44.786, 44.561, 44.214, 43.991, 43.799, 43.594, 43.745, 43.927, 43.432, 42.718, 41.772, 40.878, 40.426, 39.856, 39.135, 38.703, 38.544, 38.543, 38.477, 37.289, 35.26], [35.371, 34.341, 33.24, 32.463, 31.834, 30.458, 27.509, 23.819, 21.43, 19.86, 16.934, 12.313, 6.444, 0.0, 6.61, 12.686, 17.09, 19.824, 21.675, 23.968, 26.587, 28.657, 29.303, 28.807, 29.257, 31.095, 32.684, 33.477, 34.688, 36.062, 36.522, 36.519, 37.29, 38.016, 38.002, 38.437, 39.438, 40.107, 40.16, 40.235, 40.703, 41.385, 42.103, 42.88, 43.352, 43.552, 43.749, 43.788, 43.536, 42.957, 42.616, 42.679, 42.356, 41.738, 41.737, 41.978, 41.668, 41.065, 40.703, 40.215, 39.344, 38.796, 38.962, 40.148, 41.98, 42.882, 42.73, 42.994, 44.92, 47.672, 49.427, 50.028, 49.846, 49.281, 48.107, 46.176, 44.072, 42.966, 42.44, 40.529, 39.474, 40.019, 40.214, 39.405, 38.613, 37.877, 37.643, 38.265, 38.665, 38.09, 37.505, 37.556, 37.742, 37.381, 36.727, 36.596, 37.032, 37.379, 37.305, 37.186, 37.329, 37.202, 36.864, 36.918, 37.065, 36.739, 36.889, 37.458, 37.176, 36.221, 35.929, 37.227, 37.459, 36.605, 36.238, 36.345, 36.771, 37.397, 37.784, 37.804, 37.276, 36.755, 36.768, 36.864, 36.415, 35.757, 35.577, 35.966, 36.955, 37.94, 38.565, 38.363, 37.801, 37.677, 38.176, 38.856, 39.138, 39.215, 39.897, 41.457, 43.071, 44.116, 44.946, 45.346, 44.784, 44.132, 43.94, 43.9, 43.865, 43.386, 42.224, 42.263, 42.015, 40.532, 40.402, 40.518, 40.136, 40.133, 40.568, 40.655, 40.343, 40.193, 40.623, 41.544, 42.205, 42.217, 41.877, 41.76, 41.68, 41.55, 41.609, 41.372, 40.229, 39.424, 40.3, 40.901, 40.006, 40.6, 42.516, 42.298, 41.964, 42.882, 44.049, 44.55, 44.73, 44.878, 44.62, 44.249, 44.012, 43.818, 43.619, 43.769, 43.935, 43.432, 42.727, 41.783, 40.893, 40.453, 39.908, 39.2, 38.765, 38.614, 38.627, 38.558, 37.394, 36.253], [35.767, 34.821, 33.722, 32.938, 32.412, 31.238, 28.585, 25.243, 22.99, 21.434, 18.822, 15.245, 11.301, 6.61, 0.0, 7.622, 13.729, 17.438, 20.057, 23.156, 26.372, 28.736, 29.427, 28.827, 29.236, 31.152, 32.825, 33.649, 34.878, 36.257, 36.686, 36.649, 37.403, 38.101, 38.074, 38.52, 39.518, 40.167, 40.209, 40.313, 40.839, 41.566, 42.307, 43.083, 43.495, 43.56, 43.638, 43.626, 43.367, 42.791, 42.45, 42.497, 42.14, 41.47, 41.434, 41.684, 41.369, 40.745, 40.382, 39.878, 38.967, 38.392, 38.557, 39.774, 41.656, 42.584, 42.429, 42.674, 44.575, 47.323, 49.106, 49.732, 49.554, 48.973, 47.78, 45.818, 43.69, 42.574, 42.028, 40.067, 38.99, 39.57, 39.766, 38.894, 38.047, 37.29, 37.073, 37.729, 38.143, 37.561, 36.993, 37.092, 37.304, 36.934, 36.255, 36.107, 36.54, 36.889, 36.819, 36.71, 36.865, 36.727, 36.374, 36.433, 36.587, 36.253, 36.426, 37.033, 36.751, 35.8, 35.563, 36.923, 37.144, 36.235, 35.846, 35.95, 36.348, 36.98, 37.379, 37.401, 36.852, 36.29, 36.266, 36.348, 35.871, 35.12, 34.866, 35.279, 36.314, 37.313, 37.947, 37.753, 37.192, 37.077, 37.612, 38.329, 38.631, 38.715, 39.429, 41.024, 42.66, 43.736, 44.598, 45.019, 44.446, 43.772, 43.555, 43.5, 43.474, 43.012, 41.938, 42.156, 41.984, 40.453, 40.335, 40.493, 40.119, 40.123, 40.583, 40.697, 40.409, 40.284, 40.75, 41.709, 42.389, 42.403, 42.052, 41.913, 41.804, 41.651, 41.702, 41.439, 40.208, 39.318, 40.215, 40.849, 39.893, 40.471, 42.478, 42.23, 41.791, 42.699, 43.929, 44.462, 44.639, 44.782, 44.495, 44.086, 43.822, 43.613, 43.405, 43.572, 43.76, 43.268, 42.566, 41.573, 40.626, 40.195, 39.677, 38.963, 38.531, 38.425, 38.472, 38.388, 37.216, 36.515], [36.19, 35.327, 34.244, 33.462, 33.044, 32.082, 29.764, 26.906, 25.025, 23.628, 21.234, 18.204, 15.492, 12.686, 7.622, 0.0, 7.783, 13.527, 17.688, 21.699, 25.452, 28.077, 28.749, 28.032, 28.501, 30.573, 32.317, 33.132, 34.398, 35.834, 36.292, 36.259, 37.048, 37.788, 37.747, 38.182, 39.199, 39.86, 39.902, 40.019, 40.601, 41.399, 42.197, 43.015, 43.404, 43.357, 43.356, 43.334, 43.08, 42.494, 42.151, 42.201, 41.835, 41.14, 41.092, 41.36, 41.032, 40.385, 40.03, 39.505, 38.529, 37.908, 38.088, 39.319, 41.207, 42.134, 41.967, 42.195, 44.087, 46.82, 48.626, 49.3, 49.131, 48.529, 47.299, 45.277, 43.112, 41.987, 41.412, 39.417, 38.38, 39.043, 39.264, 38.316, 37.408, 36.624, 36.416, 37.12, 37.577, 37.002, 36.437, 36.578, 36.818, 36.452, 35.777, 35.638, 36.072, 36.42, 36.347, 36.241, 36.408, 36.265, 35.903, 35.967, 36.128, 35.793, 35.992, 36.631, 36.353, 35.405, 35.2, 36.593, 36.802, 35.819, 35.368, 35.461, 35.867, 36.537, 36.96, 36.983, 36.412, 35.805, 35.748, 35.803, 35.288, 34.426, 34.05, 34.454, 35.539, 36.548, 37.166, 36.953, 36.381, 36.275, 36.84, 37.594, 37.901, 37.976, 38.721, 40.397, 42.118, 43.272, 44.197, 44.645, 44.053, 43.344, 43.102, 43.042, 43.009, 42.539, 41.537, 41.879, 41.721, 40.141, 40.091, 40.313, 39.931, 39.929, 40.418, 40.556, 40.28, 40.166, 40.661, 41.665, 42.38, 42.407, 42.056, 41.909, 41.791, 41.646, 41.705, 41.417, 40.124, 39.214, 40.175, 40.853, 39.839, 40.363, 42.412, 42.142, 41.583, 42.455, 43.741, 44.275, 44.441, 44.601, 44.325, 43.905, 43.623, 43.403, 43.198, 43.4, 43.631, 43.153, 42.457, 41.425, 40.397, 39.938, 39.428, 38.706, 38.272, 38.19, 38.263, 38.191, 37.044, 36.833], [37.113, 36.327, 35.323, 34.578, 34.223, 33.417, 31.356, 28.871, 27.301, 26.047, 23.865, 21.209, 18.983, 17.09, 13.729, 7.783, 0.0, 8.018, 14.693, 19.807, 23.868, 26.613, 27.27, 26.54, 27.195, 29.432, 31.232, 32.129, 33.497, 35.015, 35.601, 35.734, 36.66, 37.482, 37.481, 37.961, 39.015, 39.695, 39.749, 39.86, 40.441, 41.27, 42.117, 42.979, 43.377, 43.325, 43.356, 43.369, 43.114, 42.513, 42.181, 42.253, 41.903, 41.207, 41.157, 41.436, 41.111, 40.457, 40.093, 39.558, 38.572, 37.94, 38.104, 39.285, 41.096, 41.965, 41.788, 42.055, 43.984, 46.69, 48.467, 49.154, 48.991, 48.379, 47.133, 45.09, 42.919, 41.807, 41.234, 39.283, 38.284, 38.948, 39.199, 38.27, 37.359, 36.566, 36.356, 37.077, 37.568, 37.024, 36.463, 36.602, 36.838, 36.487, 35.875, 35.802, 36.247, 36.573, 36.498, 36.408, 36.581, 36.444, 36.093, 36.163, 36.327, 36.025, 36.245, 36.864, 36.59, 35.627, 35.349, 36.66, 36.838, 35.835, 35.357, 35.441, 35.86, 36.545, 36.958, 36.963, 36.401, 35.834, 35.8, 35.855, 35.372, 34.538, 34.139, 34.519, 35.579, 36.52, 37.065, 36.834, 36.275, 36.176, 36.738, 37.498, 37.804, 37.879, 38.625, 40.309, 42.053, 43.236, 44.179, 44.626, 44.025, 43.31, 43.063, 42.977, 42.904, 42.403, 41.386, 41.692, 41.504, 39.967, 39.997, 40.244, 39.842, 39.824, 40.316, 40.466, 40.205, 40.093, 40.572, 41.571, 42.301, 42.337, 41.985, 41.837, 41.727, 41.594, 41.65, 41.36, 40.098, 39.252, 40.233, 40.911, 39.918, 40.413, 42.386, 42.096, 41.536, 42.376, 43.65, 44.175, 44.346, 44.537, 44.295, 43.889, 43.6, 43.38, 43.188, 43.406, 43.655, 43.195, 42.525, 41.508, 40.457, 39.958, 39.447, 38.747, 38.317, 38.217, 38.289, 38.257, 37.183, 37.695], [37.595, 36.836, 35.885, 35.174, 34.845, 34.1, 32.115, 29.787, 28.431, 27.286, 25.223, 22.908, 21.222, 19.824, 17.438, 13.527, 8.018, 0.0, 8.92, 15.985, 20.963, 24.043, 24.787, 24.194, 25.225, 27.79, 29.852, 31.007, 32.538, 34.141, 34.866, 35.206, 36.291, 37.189, 37.244, 37.749, 38.827, 39.535, 39.592, 39.673, 40.222, 41.042, 41.931, 42.876, 43.356, 43.372, 43.438, 43.46, 43.193, 42.567, 42.222, 42.309, 41.975, 41.283, 41.259, 41.568, 41.244, 40.576, 40.185, 39.627, 38.636, 38.03, 38.205, 39.4, 41.242, 42.108, 41.918, 42.236, 44.24, 46.965, 48.732, 49.415, 49.234, 48.591, 47.303, 45.21, 43.011, 41.904, 41.345, 39.385, 38.368, 39.003, 39.241, 38.328, 37.376, 36.541, 36.335, 37.069, 37.543, 36.986, 36.443, 36.601, 36.828, 36.464, 35.87, 35.833, 36.296, 36.624, 36.554, 36.464, 36.643, 36.52, 36.194, 36.271, 36.422, 36.144, 36.389, 36.99, 36.694, 35.675, 35.342, 36.642, 36.783, 35.766, 35.312, 35.409, 35.846, 36.555, 36.962, 36.97, 36.449, 35.926, 35.922, 36.014, 35.6, 34.807, 34.408, 34.79, 35.841, 36.728, 37.211, 36.941, 36.356, 36.255, 36.843, 37.617, 37.93, 38.032, 38.803, 40.474, 42.184, 43.336, 44.256, 44.695, 44.095, 43.39, 43.144, 43.031, 42.931, 42.42, 41.367, 41.668, 41.514, 39.965, 39.999, 40.263, 39.848, 39.793, 40.268, 40.431, 40.185, 40.073, 40.533, 41.515, 42.237, 42.273, 41.929, 41.788, 41.672, 41.521, 41.561, 41.253, 39.982, 39.139, 40.119, 40.79, 39.821, 40.355, 42.299, 41.926, 41.361, 42.208, 43.489, 44.057, 44.269, 44.488, 44.255, 43.851, 43.569, 43.345, 43.138, 43.351, 43.601, 43.15, 42.497, 41.502, 40.471, 39.974, 39.475, 38.801, 38.383, 38.269, 38.338, 38.327, 37.245, 38.173], [37.568, 36.784, 35.84, 35.178, 34.863, 34.096, 32.103, 29.879, 28.723, 27.698, 25.712, 23.627, 22.459, 21.675, 20.057, 17.688, 14.693, 8.92, 0.0, 9.017, 15.799, 19.843, 20.875, 20.578, 22.204, 25.211, 27.65, 29.193, 30.978, 32.684, 33.51, 33.984, 35.204, 36.232, 36.41, 37.009, 38.181, 38.963, 39.051, 39.162, 39.776, 40.642, 41.548, 42.597, 43.27, 43.444, 43.563, 43.602, 43.338, 42.697, 42.318, 42.408, 42.077, 41.383, 41.376, 41.69, 41.346, 40.655, 40.25, 39.678, 38.677, 38.071, 38.269, 39.524, 41.454, 42.354, 42.148, 42.492, 44.548, 47.289, 49.059, 49.747, 49.551, 48.887, 47.558, 45.424, 43.205, 42.092, 41.524, 39.538, 38.482, 39.072, 39.277, 38.368, 37.372, 36.514, 36.339, 37.069, 37.494, 36.914, 36.418, 36.609, 36.826, 36.455, 35.854, 35.784, 36.223, 36.568, 36.504, 36.36, 36.502, 36.385, 36.077, 36.157, 36.301, 36.026, 36.28, 36.887, 36.593, 35.564, 35.245, 36.56, 36.691, 35.724, 35.342, 35.45, 35.914, 36.665, 37.073, 37.102, 36.633, 36.131, 36.125, 36.215, 35.826, 35.019, 34.578, 34.964, 36.024, 36.91, 37.396, 37.1, 36.48, 36.371, 36.988, 37.774, 38.079, 38.185, 38.97, 40.618, 42.279, 43.411, 44.322, 44.75, 44.157, 43.486, 43.299, 43.251, 43.175, 42.692, 41.633, 41.855, 41.688, 40.094, 40.062, 40.309, 39.887, 39.775, 40.205, 40.375, 40.138, 40.026, 40.498, 41.484, 42.183, 42.193, 41.836, 41.691, 41.557, 41.378, 41.397, 41.054, 39.727, 38.843, 39.818, 40.501, 39.513, 39.985, 41.911, 41.627, 41.131, 41.992, 43.257, 43.878, 44.175, 44.443, 44.224, 43.832, 43.569, 43.351, 43.13, 43.33, 43.571, 43.11, 42.457, 41.476, 40.446, 39.932, 39.425, 38.756, 38.317, 38.163, 38.218, 38.222, 37.139, 38.17], [38.182, 37.372, 36.448, 35.85, 35.543, 34.771, 32.854, 30.799, 29.818, 28.919, 27.084, 25.142, 24.205, 23.968, 23.156, 21.699, 19.807, 15.985, 9.017, 0.0, 8.249, 13.777, 15.547, 15.806, 18.223, 21.728, 24.56, 26.648, 28.869, 30.75, 31.67, 32.235, 33.575, 34.784, 35.166, 35.994, 37.348, 38.228, 38.375, 38.577, 39.336, 40.298, 41.129, 42.127, 43.004, 43.489, 43.801, 43.889, 43.621, 42.996, 42.625, 42.729, 42.427, 41.782, 41.781, 42.055, 41.707, 41.043, 40.637, 40.075, 39.135, 38.546, 38.7, 39.899, 41.771, 42.637, 42.411, 42.768, 44.84, 47.545, 49.258, 49.906, 49.713, 49.1, 47.839, 45.779, 43.634, 42.559, 42.012, 40.173, 39.14, 39.614, 39.787, 38.969, 38.077, 37.316, 37.169, 37.811, 38.193, 37.683, 37.281, 37.444, 37.606, 37.276, 36.75, 36.655, 37.024, 37.357, 37.315, 37.125, 37.174, 37.016, 36.699, 36.761, 36.918, 36.674, 36.851, 37.411, 37.175, 36.187, 35.763, 36.909, 37.048, 36.256, 36.003, 36.098, 36.538, 37.298, 37.691, 37.705, 37.307, 36.919, 36.94, 36.982, 36.629, 35.975, 35.598, 35.951, 36.932, 37.77, 38.251, 37.964, 37.376, 37.266, 37.819, 38.53, 38.81, 38.912, 39.627, 41.141, 42.673, 43.76, 44.627, 45.013, 44.439, 43.832, 43.758, 43.828, 43.788, 43.355, 42.356, 42.422, 42.187, 40.693, 40.626, 40.82, 40.401, 40.236, 40.582, 40.727, 40.498, 40.397, 40.854, 41.789, 42.431, 42.404, 42.016, 41.82, 41.644, 41.431, 41.425, 41.093, 39.833, 38.97, 39.857, 40.517, 39.532, 39.771, 41.591, 41.662, 41.406, 42.24, 43.367, 43.962, 44.34, 44.677, 44.506, 44.146, 43.91, 43.727, 43.53, 43.688, 43.878, 43.416, 42.804, 41.895, 40.878, 40.307, 39.797, 39.171, 38.704, 38.457, 38.466, 38.521, 37.591, 38.79], [39.415, 38.607, 37.73, 37.177, 36.863, 36.11, 34.315, 32.439, 31.605, 30.816, 29.139, 27.323, 26.486, 26.587, 26.372, 25.452, 23.868, 20.963, 15.799, 8.249, 0.0, 6.679, 9.852, 11.576, 15.016, 18.886, 22.071, 24.781, 27.495, 29.545, 30.522, 31.175, 32.607, 33.934, 34.506, 35.562, 37.062, 38.022, 38.237, 38.515, 39.374, 40.411, 41.175, 42.045, 42.995, 43.775, 44.342, 44.508, 44.244, 43.637, 43.251, 43.346, 43.114, 42.582, 42.601, 42.822, 42.492, 41.895, 41.494, 40.953, 40.111, 39.571, 39.643, 40.65, 42.306, 43.065, 42.835, 43.235, 45.319, 47.973, 49.595, 50.167, 49.981, 49.452, 48.3, 46.364, 44.355, 43.358, 42.853, 41.227, 40.291, 40.666, 40.805, 40.086, 39.337, 38.703, 38.563, 39.082, 39.426, 39.018, 38.699, 38.799, 38.885, 38.604, 38.182, 38.099, 38.403, 38.698, 38.681, 38.501, 38.482, 38.279, 37.951, 37.996, 38.178, 37.99, 38.072, 38.553, 38.383, 37.437, 36.844, 37.765, 37.932, 37.333, 37.192, 37.259, 37.615, 38.33, 38.704, 38.685, 38.352, 38.132, 38.224, 38.232, 37.91, 37.483, 37.251, 37.557, 38.426, 39.188, 39.622, 39.333, 38.785, 38.669, 39.114, 39.721, 39.997, 40.116, 40.733, 42.077, 43.467, 44.475, 45.269, 45.599, 45.043, 44.493, 44.499, 44.647, 44.63, 44.233, 43.328, 43.311, 43.043, 41.712, 41.646, 41.796, 41.389, 41.194, 41.463, 41.561, 41.328, 41.232, 41.644, 42.472, 43.029, 42.97, 42.573, 42.341, 42.147, 41.933, 41.922, 41.645, 40.552, 39.771, 40.524, 41.117, 40.187, 40.298, 42.005, 42.287, 42.223, 43.048, 44.044, 44.576, 44.976, 45.347, 45.226, 44.914, 44.708, 44.554, 44.376, 44.483, 44.611, 44.153, 43.591, 42.769, 41.771, 41.121, 40.599, 40.039, 39.575, 39.242, 39.18, 39.257, 38.475, 40.019], [40.437, 39.658, 38.838, 38.327, 38.02, 37.284, 35.577, 33.838, 33.107, 32.393, 30.839, 29.141, 28.39, 28.657, 28.736, 28.077, 26.613, 24.043, 19.843, 13.777, 6.679, 0.0, 4.834, 9.254, 13.991, 17.911, 21.12, 24.168, 27.129, 29.218, 30.19, 30.896, 32.378, 33.752, 34.439, 35.599, 37.132, 38.136, 38.423, 38.748, 39.638, 40.71, 41.475, 42.311, 43.272, 44.152, 44.835, 45.073, 44.847, 44.26, 43.827, 43.88, 43.705, 43.285, 43.338, 43.517, 43.206, 42.684, 42.322, 41.823, 41.072, 40.597, 40.631, 41.45, 42.876, 43.527, 43.304, 43.728, 45.77, 48.345, 49.881, 50.391, 50.212, 49.751, 48.692, 46.863, 44.97, 44.04, 43.566, 42.083, 41.24, 41.588, 41.717, 41.048, 40.37, 39.819, 39.687, 40.12, 40.434, 40.093, 39.813, 39.861, 39.899, 39.653, 39.306, 39.255, 39.53, 39.788, 39.783, 39.625, 39.575, 39.345, 39.011, 39.045, 39.236, 39.084, 39.123, 39.557, 39.429, 38.529, 37.855, 38.61, 38.805, 38.342, 38.265, 38.318, 38.633, 39.316, 39.677, 39.636, 39.339, 39.22, 39.361, 39.351, 39.029, 38.725, 38.582, 38.832, 39.628, 40.353, 40.758, 40.461, 39.924, 39.788, 40.156, 40.701, 40.984, 41.121, 41.662, 42.881, 44.186, 45.144, 45.891, 46.189, 45.654, 45.146, 45.183, 45.352, 45.341, 44.958, 44.106, 44.063, 43.782, 42.563, 42.479, 42.594, 42.203, 42.001, 42.224, 42.285, 42.031, 41.923, 42.295, 43.044, 43.54, 43.473, 43.089, 42.857, 42.679, 42.506, 42.519, 42.285, 41.317, 40.62, 41.296, 41.832, 40.976, 41.102, 42.715, 42.996, 42.99, 43.82, 44.757, 45.249, 45.629, 45.991, 45.893, 45.615, 45.432, 45.287, 45.104, 45.177, 45.278, 44.832, 44.31, 43.558, 42.588, 41.888, 41.357, 40.853, 40.416, 40.047, 39.945, 40.029, 39.329, 41.022], [40.59, 39.846, 39.065, 38.585, 38.296, 37.574, 35.907, 34.235, 33.536, 32.832, 31.319, 29.678, 28.98, 29.303, 29.427, 28.749, 27.27, 24.787, 20.875, 15.547, 9.852, 4.834, 0.0, 6.359, 12.631, 17.081, 20.341, 23.408, 26.425, 28.553, 29.529, 30.233, 31.759, 33.201, 33.954, 35.162, 36.712, 37.734, 38.069, 38.438, 39.365, 40.476, 41.284, 42.168, 43.156, 44.02, 44.715, 45.017, 44.852, 44.302, 43.88, 43.928, 43.766, 43.376, 43.431, 43.591, 43.285, 42.802, 42.478, 42.001, 41.263, 40.8, 40.838, 41.602, 42.954, 43.569, 43.351, 43.757, 45.748, 48.279, 49.79, 50.3, 50.137, 49.683, 48.631, 46.817, 44.941, 44.01, 43.532, 42.067, 41.28, 41.671, 41.815, 41.13, 40.447, 39.913, 39.79, 40.219, 40.535, 40.2, 39.904, 39.938, 39.976, 39.736, 39.398, 39.355, 39.625, 39.87, 39.865, 39.722, 39.68, 39.451, 39.114, 39.142, 39.326, 39.178, 39.228, 39.674, 39.557, 38.685, 38.037, 38.758, 38.961, 38.517, 38.436, 38.496, 38.818, 39.495, 39.857, 39.824, 39.514, 39.366, 39.493, 39.47, 39.128, 38.817, 38.676, 38.915, 39.724, 40.48, 40.903, 40.61, 40.068, 39.913, 40.265, 40.808, 41.093, 41.234, 41.761, 42.966, 44.28, 45.252, 46.001, 46.298, 45.773, 45.278, 45.316, 45.472, 45.455, 45.069, 44.201, 44.148, 43.872, 42.654, 42.529, 42.615, 42.227, 42.035, 42.255, 42.302, 42.038, 41.932, 42.304, 43.044, 43.541, 43.485, 43.111, 42.88, 42.709, 42.558, 42.59, 42.36, 41.405, 40.744, 41.434, 41.963, 41.147, 41.352, 42.951, 43.164, 43.107, 43.934, 44.876, 45.356, 45.71, 46.057, 45.96, 45.69, 45.515, 45.369, 45.181, 45.253, 45.365, 44.935, 44.432, 43.7, 42.734, 42.021, 41.488, 40.988, 40.554, 40.182, 40.077, 40.162, 39.489, 41.159], [40.033, 39.314, 38.53, 38.035, 37.764, 37.102, 35.475, 33.796, 33.07, 32.35, 30.83, 29.197, 28.517, 28.807, 28.827, 28.032, 26.54, 24.194, 20.578, 15.806, 11.576, 9.254, 6.359, 0.0, 7.566, 13.526, 17.675, 21.014, 24.256, 26.567, 27.571, 28.262, 29.893, 31.455, 32.29, 33.654, 35.351, 36.407, 36.741, 37.149, 38.136, 39.305, 40.157, 41.068, 42.085, 43.009, 43.815, 44.212, 44.101, 43.576, 43.226, 43.327, 43.164, 42.749, 42.797, 42.959, 42.64, 42.143, 41.819, 41.311, 40.498, 39.969, 40.014, 40.871, 42.379, 43.093, 42.884, 43.275, 45.323, 47.962, 49.563, 50.127, 49.967, 49.461, 48.331, 46.431, 44.465, 43.477, 42.957, 41.377, 40.558, 40.992, 41.141, 40.413, 39.705, 39.132, 39.005, 39.499, 39.852, 39.48, 39.124, 39.168, 39.236, 38.967, 38.557, 38.475, 38.754, 39.015, 39.013, 38.887, 38.886, 38.671, 38.324, 38.354, 38.535, 38.359, 38.427, 38.921, 38.798, 37.897, 37.291, 38.129, 38.351, 37.817, 37.685, 37.756, 38.068, 38.74, 39.138, 39.123, 38.748, 38.509, 38.614, 38.574, 38.167, 37.776, 37.624, 37.92, 38.82, 39.66, 40.114, 39.8, 39.232, 39.073, 39.453, 40.03, 40.307, 40.431, 41.003, 42.311, 43.716, 44.741, 45.514, 45.812, 45.256, 44.728, 44.757, 44.909, 44.883, 44.479, 43.606, 43.641, 43.395, 42.08, 41.924, 42.002, 41.598, 41.428, 41.691, 41.75, 41.496, 41.424, 41.84, 42.633, 43.163, 43.106, 42.715, 42.471, 42.291, 42.12, 42.14, 41.892, 40.86, 40.133, 40.866, 41.426, 40.561, 40.824, 42.52, 42.672, 42.538, 43.371, 44.355, 44.827, 45.152, 45.497, 45.412, 45.143, 44.959, 44.8, 44.609, 44.718, 44.875, 44.447, 43.931, 43.146, 42.127, 41.406, 40.863, 40.319, 39.862, 39.513, 39.425, 39.497, 38.797, 40.575], [40.054, 39.369, 38.58, 38.062, 37.823, 37.268, 35.752, 34.129, 33.432, 32.746, 31.283, 29.709, 29.035, 29.257, 29.236, 28.501, 27.195, 25.225, 22.204, 18.223, 15.016, 13.991, 12.631, 7.566, 0.0, 7.441, 13.357, 18.062, 22.033, 24.521, 25.534, 26.399, 28.256, 29.897, 30.829, 32.465, 34.369, 35.466, 35.775, 36.186, 37.176, 38.338, 39.177, 40.06, 41.105, 42.207, 43.232, 43.723, 43.618, 43.108, 42.852, 43.034, 42.892, 42.476, 42.551, 42.731, 42.417, 41.921, 41.598, 41.072, 40.215, 39.634, 39.685, 40.652, 42.331, 43.16, 42.975, 43.375, 45.498, 48.264, 49.957, 50.538, 50.358, 49.83, 48.695, 46.789, 44.786, 43.766, 43.213, 41.53, 40.614, 40.955, 41.035, 40.349, 39.723, 39.141, 39.001, 39.525, 39.885, 39.492, 39.123, 39.18, 39.264, 38.958, 38.466, 38.325, 38.597, 38.867, 38.878, 38.775, 38.793, 38.585, 38.24, 38.277, 38.455, 38.247, 38.283, 38.789, 38.692, 37.772, 37.135, 38.041, 38.271, 37.69, 37.557, 37.617, 37.857, 38.48, 38.906, 38.891, 38.481, 38.243, 38.368, 38.314, 37.869, 37.496, 37.421, 37.765, 38.692, 39.565, 39.99, 39.604, 39.003, 38.852, 39.228, 39.783, 40.015, 40.106, 40.