[[0.0, 4.747, 8.601, 12.213, 15.669, 18.692, 20.83, 22.309, 23.794, 25.638, 27.398, 28.536, 29.765, 31.601, 33.822, 35.634, 36.566, 36.916, 37.263, 38.062, 39.362, 40.894, 42.301, 43.275, 43.778, 43.975, 44.098, 44.091, 43.935, 43.785, 43.73, 43.8, 43.889, 43.98, 44.114, 44.238, 44.335, 44.364, 44.187, 43.882, 43.761, 43.804, 43.9, 43.857, 43.509, 42.999, 42.786, 43.107, 43.659, 43.632, 43.43, 43.584, 43.897, 44.015, 43.89, 43.852, 44.126, 44.498, 44.653, 44.457, 44.155, 44.463, 46.009, 48.674, 51.445, 53.272, 53.891, 53.571, 52.568, 51.244, 50.084, 49.539, 49.75, 50.367, 50.833, 51.033, 51.013, 50.818, 50.714, 50.832, 50.973, 51.026, 51.128, 51.744, 53.127, 54.736, 55.93, 56.528, 56.551, 55.868, 54.408, 52.751, 51.97, 52.304, 53.093, 53.036, 51.083, 48.304, 46.686, 46.2, 45.798, 45.013, 44.22, 43.819, 43.654, 43.521, 43.411, 43.269, 43.047, 42.953, 43.29, 43.924, 44.316, 44.239, 44.067, 44.074, 44.063, 43.847, 43.568, 43.402, 43.423, 43.655, 44.042, 44.384, 44.468, 44.251, 43.946, 43.831, 43.815, 43.772, 43.636, 43.31, 43.048, 43.088, 43.128, 42.971, 42.753, 42.645, 42.611, 42.6, 42.647, 42.736, 42.773, 42.71, 42.502, 42.218, 42.038, 41.987, 41.911, 41.806, 41.814, 42.04, 42.316, 42.473, 42.545, 42.51, 42.088, 5.435], [4.747, 0.0, 4.53, 9.176, 13.56, 17.152, 19.529, 21.099, 22.667, 24.62, 26.459, 27.617, 28.84, 30.674, 32.923, 34.791, 35.77, 36.14, 36.493, 37.296, 38.613, 40.195, 41.688, 42.747, 43.304, 43.528, 43.653, 43.633, 43.462, 43.309, 43.258, 43.333, 43.431, 43.54, 43.698, 43.852, 43.982, 44.042, 43.881, 43.569, 43.427, 43.457, 43.56, 43.537, 43.2, 42.696, 42.496, 42.808, 43.339, 43.289, 43.066, 43.205, 43.512, 43.632, 43.518, 43.493, 43.779, 44.148, 44.287, 44.077, 43.78, 44.117, 45.718, 48.454, 51.284, 53.14, 53.758, 53.421, 52.393, 51.038, 49.843, 49.27, 49.468, 50.088, 50.563, 50.765, 50.738, 50.537, 50.439, 50.57, 50.732, 50.817, 50.963, 51.641, 53.089, 54.744, 55.949, 56.529, 56.523, 55.819, 54.352, 52.706, 51.945, 52.3, 53.1, 53.037, 51.053, 48.227, 46.571, 46.066, 45.656, 44.857, 44.038, 43.612, 43.44, 43.318, 43.224, 43.089, 42.863, 42.763, 43.104, 43.746, 44.138, 44.055, 43.874, 43.871, 43.852, 43.624, 43.331, 43.152, 43.164, 43.384, 43.756, 44.083, 44.15, 43.915, 43.596, 43.477, 43.462, 43.42, 43.278, 42.937, 42.672, 42.733, 42.8, 42.65, 42.416, 42.284, 42.232, 42.218, 42.277, 42.385, 42.438, 42.378, 42.167, 41.88, 41.7, 41.651, 41.584, 41.493, 41.523, 41.769, 42.052, 42.201, 42.266, 42.235, 41.817, 9.619], [8.601, 4.53, 0.0, 5.319, 10.731, 15.167, 17.998, 19.777, 21.466, 23.553, 25.523, 26.764, 28.045, 29.937, 32.248, 34.181, 35.21, 35.607, 35.967, 36.77, 38.1, 39.727, 41.294, 42.417, 43.012, 43.249, 43.369, 43.333, 43.153, 43.0, 42.955, 43.036, 43.142, 43.263, 43.444, 43.631, 43.801, 43.895, 43.756, 43.452, 43.304, 43.323, 43.423, 43.411, 43.097, 42.623, 42.446, 42.756, 43.272, 43.215, 42.982, 43.109, 43.408, 43.532, 43.428, 43.415, 43.701, 44.053, 44.164, 43.933, 43.639, 44.001, 45.616, 48.345, 51.158, 53.0, 53.609, 53.267, 52.241, 50.89, 49.692, 49.109, 49.297, 49.907, 50.369, 50.558, 50.524, 50.325, 50.232, 50.368, 50.538, 50.643, 50.819, 51.535, 53.022, 54.702, 55.91, 56.473, 56.445, 55.725, 54.261, 52.634, 51.904, 52.288, 53.102, 53.041, 51.052, 48.224, 46.567, 46.061, 45.645, 44.839, 44.013, 43.584, 43.413, 43.295, 43.205, 43.074, 42.855, 42.767, 43.115, 43.753, 44.136, 44.043, 43.849, 43.836, 43.81, 43.576, 43.28, 43.099, 43.106, 43.317, 43.677, 43.991, 44.047, 43.803, 43.477, 43.353, 43.34, 43.299, 43.156, 42.821, 42.571, 42.656, 42.741, 42.597, 42.355, 42.211, 42.156, 42.147, 42.215, 42.33, 42.388, 42.331, 42.122, 41.837, 41.663, 41.622, 41.566, 41.489, 41.529, 41.781, 42.064, 42.204, 42.261, 42.236, 41.837, 12.63], [12.213, 9.176, 5.319, 0.0, 6.169, 11.567, 15.114, 17.346, 19.293, 21.606, 23.83, 25.273, 26.719, 28.763, 31.205, 33.23, 34.314, 34.735, 35.109, 35.937, 37.315, 39.027, 40.704, 41.917, 42.563, 42.82, 42.933, 42.878, 42.678, 42.518, 42.478, 42.573, 42.695, 42.835, 43.038, 43.257, 43.468, 43.599, 43.49, 43.209, 43.074, 43.098, 43.205, 43.207, 42.915, 42.464, 42.311, 42.65, 43.184, 43.124, 42.881, 43.005, 43.306, 43.436, 43.344, 43.342, 43.632, 43.98, 44.075, 43.821, 43.514, 43.882, 45.505, 48.236, 51.058, 52.922, 53.555, 53.231, 52.219, 50.874, 49.668, 49.079, 49.27, 49.884, 50.342, 50.52, 50.478, 50.279, 50.185, 50.315, 50.482, 50.593, 50.789, 51.541, 53.07, 54.778, 55.994, 56.548, 56.502, 55.76, 54.265, 52.599, 51.852, 52.26, 53.108, 53.064, 51.07, 48.213, 46.519, 45.985, 45.545, 44.709, 43.858, 43.416, 43.238, 43.115, 43.021, 42.887, 42.67, 42.595, 42.96, 43.609, 43.99, 43.881, 43.665, 43.641, 43.612, 43.371, 43.065, 42.876, 42.882, 43.1, 43.47, 43.792, 43.853, 43.611, 43.286, 43.167, 43.152, 43.099, 42.945, 42.61, 42.372, 42.479, 42.582, 42.438, 42.184, 42.034, 41.99, 41.998, 42.081, 42.207, 42.271, 42.216, 42.003, 41.713, 41.54, 41.504, 41.452, 41.377, 41.423, 41.686, 41.98, 42.121, 42.177, 42.159, 41.767, 15.338], [15.669, 13.56, 10.731, 6.169, 0.0, 6.03, 10.399, 13.397, 15.866, 18.564, 21.141, 22.879, 24.593, 26.87, 29.488, 31.622, 32.76, 33.203, 33.605, 34.486, 35.948, 37.795, 39.643, 41.008, 41.745, 42.042, 42.156, 42.077, 41.842, 41.665, 41.634, 41.747, 41.89, 42.052, 42.278, 42.52, 42.761, 42.934, 42.87, 42.631, 42.528, 42.572, 42.7, 42.725, 42.441, 41.987, 41.851, 42.243, 42.834, 42.782, 42.529, 42.657, 42.968, 43.107, 43.026, 43.038, 43.346, 43.711, 43.811, 43.541, 43.205, 43.555, 45.196, 47.99, 50.905, 52.865, 53.566, 53.275, 52.267, 50.9, 49.66, 49.053, 49.254, 49.892, 50.368, 50.551, 50.505, 50.296, 50.195, 50.318, 50.475, 50.576, 50.777, 51.568, 53.153, 54.907, 56.144, 56.702, 56.651, 55.885, 54.329, 52.56, 51.732, 52.144, 53.046, 53.033, 51.014, 48.068, 46.275, 45.685, 45.207, 44.319, 43.413, 42.932, 42.727, 42.588, 42.482, 42.335, 42.104, 42.025, 42.41, 43.089, 43.485, 43.364, 43.125, 43.09, 43.06, 42.805, 42.479, 42.276, 42.281, 42.517, 42.916, 43.266, 43.349, 43.115, 42.794, 42.683, 42.663, 42.593, 42.425, 42.074, 41.826, 41.947, 42.069, 41.924, 41.652, 41.494, 41.466, 41.5, 41.611, 41.761, 41.844, 41.796, 41.576, 41.271, 41.086, 41.044, 40.979, 40.893, 40.948, 41.239, 41.562, 41.721, 41.786, 41.768, 41.353, 18.106], [18.692, 17.152, 15.167, 11.567, 6.03, 0.0, 4.966, 8.899, 12.218, 15.537, 18.506, 20.529, 22.542, 25.06, 27.826, 30.043, 31.223, 31.691, 32.123, 33.05, 34.59, 36.572, 38.607, 40.145, 40.993, 41.34, 41.464, 41.364, 41.094, 40.898, 40.872, 40.994, 41.143, 41.316, 41.551, 41.796, 42.048, 42.259, 42.261, 42.094, 42.037, 42.109, 42.261, 42.308, 42.023, 41.554, 41.432, 41.87, 42.507, 42.459, 42.199, 42.333, 42.656, 42.802, 42.729, 42.756, 43.085, 43.468, 43.58, 43.306, 42.941, 43.266, 44.93, 47.802, 50.831, 52.901, 53.672, 53.408, 52.387, 50.985, 49.711, 49.089, 49.297, 49.955, 50.454, 50.651, 50.604, 50.385, 50.275, 50.396, 50.549, 50.639, 50.837, 51.649, 53.273, 55.062, 56.32, 56.886, 56.837, 56.061, 54.459, 52.6, 51.687, 52.088, 53.036, 53.056, 51.009, 47.974, 46.095, 45.463, 44.95, 44.006, 43.034, 42.502, 42.268, 42.114, 42.001, 41.84, 41.588, 41.494, 41.89, 42.595, 43.0, 42.865, 42.606, 42.558, 42.521, 42.254, 41.913, 41.699, 41.703, 41.951, 42.371, 42.748, 42.855, 42.629, 42.3, 42.18, 42.15, 42.077, 41.91, 41.539, 41.259, 41.38, 41.517, 41.377, 41.096, 40.939, 40.932, 40.991, 41.126, 41.299, 41.401, 41.365, 41.15, 40.843, 40.645, 40.587, 40.504, 40.409, 40.477, 40.798, 41.149, 41.333, 41.413, 41.388, 40.937, 20.718], [20.83, 19.529, 17.998, 15.114, 10.399, 4.966, 0.0, 4.599, 8.922, 13.146, 16.622, 18.916, 21.168, 23.853, 26.708, 28.974, 30.19, 30.681, 31.133, 32.087, 33.681, 35.771, 37.951, 39.622, 40.557, 40.946, 41.077, 40.963, 40.671, 40.459, 40.429, 40.548, 40.697, 40.876, 41.116, 41.356, 41.607, 41.846, 41.914, 41.821, 41.811, 41.911, 42.088, 42.15, 41.865, 41.39, 41.282, 41.74, 42.38, 42.323, 42.06, 42.197, 42.525, 42.679, 42.616, 42.654, 42.995, 43.388, 43.511, 43.239, 42.857, 43.167, 44.855, 47.794, 50.908, 53.051, 53.861, 53.606, 52.57, 51.142, 49.853, 49.228, 49.439, 50.108, 50.624, 50.837, 50.794, 50.567, 50.45, 50.573, 50.735, 50.832, 51.036, 51.857, 53.493, 55.294, 56.555, 57.121, 57.071, 56.287, 54.665, 52.762, 51.795, 52.175, 53.142, 53.18, 51.116, 48.028, 46.098, 45.443, 44.908, 43.92, 42.9, 42.335, 42.087, 41.937, 41.83, 41.667, 41.401, 41.294, 41.694, 42.411, 42.814, 42.667, 42.399, 42.343, 42.298, 42.024, 41.675, 41.455, 41.457, 41.705, 42.128, 42.513, 42.631, 42.409, 42.072, 41.938, 41.896, 41.826, 41.664, 41.278, 40.969, 41.084, 41.231, 41.096, 40.813, 40.664, 40.679, 40.76, 40.908, 41.088, 41.193, 41.165, 40.967, 40.675, 40.477, 40.408, 40.314, 40.215, 40.293, 40.629, 40.99, 41.185, 41.275, 41.247, 40.769, 22.658], [22.309, 21.099, 19.777, 17.346, 13.397, 8.899, 4.599, 0.0, 5.118, 10.435, 14.717, 17.487, 20.013, 22.815, 25.723, 28.042, 29.304, 29.824, 30.298, 31.283, 32.939, 35.129, 37.426, 39.196, 40.195, 40.614, 40.749, 40.627, 40.322, 40.097, 40.058, 40.172, 40.323, 40.516, 40.771, 41.017, 41.272, 41.527, 41.634, 41.59, 41.617, 41.755, 41.977, 42.073, 41.803, 41.33, 41.228, 41.687, 42.311, 42.245, 41.979, 42.115, 42.445, 42.606, 42.55, 42.593, 42.94, 43.341, 43.473, 43.201, 42.807, 43.113, 44.84, 47.854, 51.043, 53.235, 54.065, 53.808, 52.761, 51.319, 50.02, 49.393, 49.61, 50.291, 50.823, 51.049, 51.007, 50.771, 50.648, 50.776, 50.955, 51.074, 51.3, 52.142, 53.793, 55.601, 56.863, 57.425, 57.37, 56.58, 54.946, 53.018, 52.011, 52.365, 53.336, 53.381, 51.306, 48.174, 46.191, 45.503, 44.943, 43.917, 42.859, 42.276, 42.031, 41.899, 41.809, 41.648, 41.372, 41.259, 41.667, 42.392, 42.791, 42.637, 42.37, 42.317, 42.271, 41.992, 41.634, 41.405, 41.401, 41.645, 42.061, 42.438, 42.551, 42.328, 41.998, 41.873, 41.834, 41.763, 41.596, 41.198, 40.875, 40.992, 41.148, 41.011, 40.715, 40.557, 40.583, 40.677, 40.828, 41.0, 41.098, 41.075, 40.897, 40.621, 40.422, 40.345, 40.246, 40.145, 40.224, 40.562, 40.921, 41.112, 41.203, 41.176, 40.693, 24.025], [23.794, 22.667, 21.466, 19.293, 15.866, 12.218, 8.922, 5.118, 0.0, 6.104, 11.429, 15.164, 18.333, 21.387, 24.383, 26.773, 28.101, 28.665, 29.174, 30.213, 31.95, 34.243, 36.649, 38.51, 39.571, 40.017, 40.16, 40.037, 39.732, 39.509, 39.471, 39.583, 39.732, 39.93, 40.195, 40.448, 40.707, 40.972, 41.095, 41.077, 41.141, 41.331, 41.624, 41.795, 41.588, 41.153, 41.058, 41.492, 42.09, 42.02, 41.748, 41.874, 42.197, 42.355, 42.301, 42.348, 42.7, 43.108, 43.24, 42.964, 42.563, 42.868, 44.623, 47.702, 50.963, 53.201, 54.05, 53.797, 52.749, 51.302, 49.998, 49.372, 49.597, 50.285, 50.823, 51.056, 51.013, 50.77, 50.641, 50.771, 50.964, 51.109, 51.368, 52.246, 53.929, 55.757, 57.025, 57.587, 57.53, 56.736, 55.092, 53.141, 52.099, 52.433, 53.41, 53.468, 51.386, 48.21, 46.164, 45.429, 44.837, 43.778, 42.697, 42.111, 41.88, 41.766, 41.69, 41.535, 41.262, 41.165, 41.593, 42.328, 42.727, 42.573, 42.31, 42.268, 42.235, 41.956, 41.588, 41.347, 41.336, 41.579, 41.99, 42.354, 42.451, 42.224, 41.915, 41.827, 41.81, 41.734, 41.553, 41.15, 40.839, 40.971, 41.128, 40.97, 40.634, 40.444, 40.463, 40.556, 40.702, 40.867, 40.961, 40.94, 40.767, 40.488, 40.275, 40.19, 40.092, 39.991, 40.063, 40.394, 40.749, 40.934, 41.017, 40.987, 40.509, 25.371], [25.638, 24.62, 23.553, 21.606, 18.564, 15.537, 13.146, 10.435, 6.104, 0.0, 6.208, 11.446, 15.971, 19.734, 22.98, 25.454, 26.836, 27.442, 27.989, 29.075, 30.87, 33.223, 35.695, 37.622, 38.732, 39.206, 39.359, 39.244, 38.959, 38.77, 38.762, 38.883, 39.022, 39.202, 39.449, 39.688, 39.945, 40.22, 40.359, 40.363, 40.461, 40.696, 41.069, 41.362, 41.295, 40.968, 40.901, 41.281, 41.827, 41.737, 41.443, 41.533, 41.825, 41.966, 41.905, 41.955, 42.312, 42.715, 42.832, 42.551, 42.159, 42.449, 44.169, 47.243, 50.538, 52.817, 53.693, 53.455, 52.417, 50.984, 49.7, 49.095, 49.321, 49.979, 50.479, 50.69, 50.638, 50.388, 50.252, 50.378, 50.575, 50.737, 51.025, 51.942, 53.664, 55.519, 56.801, 57.368, 57.312, 56.52, 54.876, 52.915, 51.854, 52.183, 53.177, 53.259, 51.191, 48.003, 45.929, 45.16, 44.544, 43.479, 42.412, 41.854, 41.648, 41.545, 41.472, 41.329, 41.089, 41.03, 41.476, 42.21, 42.608, 42.464, 42.214, 42.184, 42.165, 41.892, 41.52, 41.272, 41.259, 41.507, 41.921, 42.278, 42.361, 42.131, 41.846, 41.795, 41.802, 41.723, 41.529, 41.131, 40.846, 40.996, 41.147, 40.958, 40.574, 40.355, 40.37, 40.465, 40.607, 40.766, 40.856, 40.83, 40.647, 40.346, 40.109, 40.012, 39.92, 39.822, 39.885, 40.206, 40.56, 40.746, 40.823, 40.782, 40.298, 27.033], [27.398, 26.459, 25.523, 23.83, 21.141, 18.506, 16.622, 14.717, 11.429, 6.208, 0.0, 6.557, 12.829, 17.83, 21.661, 24.31, 25.706, 26.312, 26.868, 27.968, 29.776, 32.143, 34.648, 36.629, 37.793, 38.303, 38.478, 38.382, 38.135, 38.003, 38.049, 38.194, 38.322, 38.476, 38.697, 38.922, 39.184, 39.476, 39.634, 39.654, 39.761, 39.999, 40.416, 40.839, 40.959, 40.793, 40.803, 41.184, 41.695, 41.563, 41.224, 41.267, 41.522, 41.642, 41.575, 41.626, 41.975, 42.355, 42.45, 42.171, 41.79, 42.038, 43.654, 46.654, 49.94, 52.243, 53.146, 52.923, 51.893, 50.479, 49.236, 48.668, 48.883, 49.473, 49.887, 50.039, 49.961, 49.699, 49.554, 49.678, 49.883, 50.064, 50.38, 51.334, 53.096, 54.984, 56.284, 56.857, 56.803, 56.013, 54.377, 52.43, 51.383, 51.727, 52.744, 52.857, 50.822, 47.666, 45.614, 44.839, 44.215, 43.164, 42.133, 41.606, 41.416, 41.311, 41.234, 41.106, 40.904, 40.877, 41.326, 42.049, 42.445, 42.31, 42.073, 42.055, 42.04, 41.766, 41.393, 41.145, 41.136, 41.388, 41.802, 42.155, 42.232, 42.005, 41.736, 41.7, 41.713, 41.625, 41.415, 41.015, 40.744, 40.901, 41.045, 40.835, 40.426, 40.195, 40.212, 40.309, 40.448, 40.605, 40.695, 40.667, 40.474, 40.156, 39.897, 39.787, 39.698, 39.608, 39.673, 39.996, 40.358, 40.557, 40.635, 40.576, 40.068, 28.653], [28.536, 27.617, 26.764, 25.273, 22.879, 20.529, 18.916, 17.487, 15.164, 11.446, 6.557, 0.0, 7.507, 14.034, 18.957, 22.114, 23.598, 24.153, 24.678, 25.801, 27.69, 30.176, 32.83, 34.961, 36.247, 36.843, 37.065, 36.997, 36.785, 36.709, 36.812, 36.987, 37.12, 37.27, 37.499, 37.745, 38.033, 38.358, 38.55, 38.58, 38.666, 38.872, 39.29, 39.8, 40.084, 40.082, 40.249, 40.816, 41.437, 41.274, 40.889, 40.928, 41.201, 41.334, 41.27, 41.32, 41.661, 42.024, 42.102, 41.814, 41.42, 41.621, 43.175, 46.154, 49.462, 51.8, 52.727, 52.508, 51.468, 50.046, 48.808, 48.248, 48.442, 48.969, 49.306, 49.395, 49.279, 48.994, 48.842, 48.978, 49.206, 49.408, 49.747, 50.737, 52.555, 54.495, 55.824, 56.405, 56.347, 55.547, 53.907, 51.969, 50.945, 51.314, 52.362, 52.499, 50.462, 47.293, 45.234, 44.455, 43.82, 42.746, 41.685, 41.133, 40.923, 40.806, 40.728, 40.607, 40.41, 40.379, 40.825, 41.557, 41.959, 41.823, 41.591, 41.589, 41.569, 41.272, 40.885, 40.635, 40.629, 40.884, 41.3, 41.652, 41.728, 41.507, 41.25, 41.218, 41.215, 41.091, 40.838, 40.402, 40.105, 40.258, 40.4, 40.171, 39.724, 39.45, 39.442, 39.532, 39.677, 39.847, 39.953, 39.932, 39.732, 39.396, 39.116, 38.994, 38.902, 38.822, 38.912, 39.269, 39.664, 39.881, 39.965, 39.897, 39.368, 29.718], [29.765, 28.84, 28.045, 26.719, 24.593, 22.542, 21.168, 20.013, 18.333, 15.971, 12.829, 7.507, 0.0, 7.699, 14.027, 18.135, 19.936, 20.446, 20.886, 22.063, 24.161, 26.966, 29.975, 32.401, 33.882, 34.6, 34.898, 34.877, 34.707, 34.69, 34.852, 35.064, 35.216, 35.389, 35.656, 35.95, 36.283, 36.649, 36.871, 36.9, 36.978, 37.198, 37.64, 38.183, 38.559, 38.741, 39.197, 40.149, 41.041, 40.906, 40.497, 40.581, 40.929, 41.11, 41.06, 41.109, 41.45, 41.811, 41.882, 41.573, 41.141, 41.318, 42.908, 45.981, 49.378, 51.772, 52.713, 52.482, 51.412, 49.948, 48.668, 48.076, 48.248, 48.753, 49.055, 49.108, 48.954, 48.644, 48.494, 48.655, 48.907, 49.119, 49.468, 50.494, 52.369, 54.363, 55.726, 56.322, 56.269, 55.466, 53.815, 51.866, 50.836, 51.221, 52.303, 52.455, 50.372, 47.107, 44.97, 44.158, 43.484, 42.321, 41.154, 40.525, 40.278, 40.159, 40.086, 39.954, 39.724, 39.663, 40.109, 40.864, 41.275, 41.122, 40.882, 40.895, 40.874, 40.547, 40.138, 39.881, 39.878, 40.14, 40.562, 40.916, 40.987, 40.759, 40.504, 40.477, 40.456, 40.279, 39.964, 39.472, 39.139, 39.29, 39.437, 39.184, 38.664, 38.298, 38.234, 38.312, 38.473, 38.672, 38.804, 38.798, 38.596, 38.249, 37.961, 37.839, 37.746, 37.672, 37.799, 38.214, 38.652, 38.874, 38.956, 38.905, 38.394, 30.898], [31.601, 30.674, 29.937, 28.763, 26.87, 25.06, 23.853, 22.815, 21.387, 19.734, 17.83, 14.034, 7.699, 0.0, 7.298, 12.54, 15.016, 15.69, 16.082, 17.331, 19.742, 23.03, 26.554, 29.361, 31.056, 31.893, 32.276, 32.314, 32.196, 32.248, 32.485, 32.747, 32.924, 33.118, 33.424, 33.772, 34.157, 34.558, 34.782, 34.805, 34.936, 35.285, 35.863, 36.46, 36.85, 37.176, 38.014, 39.473, 40.707, 40.652, 40.227, 40.332, 40.728, 40.949, 40.914, 40.971, 41.322, 41.691, 41.759, 41.426, 40.952, 41.111, 42.774, 45.991, 49.528, 52.011, 52.979, 52.735, 51.632, 50.118, 48.784, 48.16, 48.334, 48.853, 49.153, 49.179, 48.977, 48.63, 48.485, 48.677, 48.953, 49.17, 49.53, 50.599, 52.535, 54.584, 55.983, 56.602, 56.568, 55.777, 54.128, 52.162, 51.106, 51.487, 52.597, 52.774, 50.653, 47.272, 45.008, 44.111, 43.344, 42.041, 40.738, 40.022, 39.752, 39.655, 39.604, 39.461, 39.196, 39.115, 39.576, 40.354, 40.757, 40.565, 40.288, 40.297, 40.281, 39.945, 39.524, 39.259, 39.252, 39.518, 39.946, 40.302, 40.36, 40.109, 39.845, 39.829, 39.811, 39.608, 39.256, 38.728, 38.385, 38.557, 38.723, 38.455, 37.859, 37.395, 37.28, 37.357, 37.537, 37.764, 37.921, 37.926, 37.72, 37.364, 37.081, 36.977, 36.888, 36.812, 36.964, 37.429, 37.903, 38.123, 38.202, 38.179, 37.704, 32.694], [33.822, 32.923, 32.248, 31.205, 29.488, 27.826, 26.708, 25.723, 24.383, 22.98, 21.661, 18.957, 14.027, 7.298, 0.0, 6.069, 9.519, 10.858, 11.526, 12.912, 15.619, 19.398, 23.449, 26.643, 28.553, 29.507, 29.973, 30.074, 30.016, 30.154, 30.485, 30.81, 31.006, 31.195, 31.502, 31.868, 32.278, 32.695, 32.917, 32.963, 33.213, 33.774, 34.581, 35.321, 35.73, 36.099, 37.203, 39.091, 40.622, 40.654, 40.221, 40.305, 40.694, 40.92, 40.897, 40.971, 41.331, 41.695, 41.751, 41.394, 40.886, 41.024, 42.722, 46.038, 49.697, 52.279, 53.299, 53.064, 51.949, 50.408, 49.046, 48.417, 48.609, 49.138, 49.419, 49.407, 49.151, 48.77, 48.631, 48.852, 49.149, 49.369, 49.734, 50.832, 52.81, 54.901, 56.329, 56.971, 56.962, 56.196, 54.561, 52.587, 51.502, 51.861, 52.983, 53.185, 51.061, 47.614, 45.244, 44.25, 43.386, 41.973, 40.562, 39.77, 39.481, 39.411, 39.394, 39.262, 38.985, 38.893, 39.361, 40.143, 40.522, 40.278, 39.947, 39.932, 39.919, 39.59, 39.17, 38.894, 38.872, 39.124, 39.544, 39.895, 39.942, 39.673, 39.398, 39.393, 39.397, 39.21, 38.859, 38.322, 37.991, 38.198, 38.398, 38.14, 37.515, 37.016, 36.897, 36.986, 37.176, 37.416, 37.592, 37.605, 37.397, 37.038, 36.765, 36.683, 36.594, 36.501, 36.655, 37.15, 37.658, 37.895, 37.985, 37.981, 37.515, 34.86], [35.634, 34.791, 34.181, 33.23, 31.622, 30.043, 28.974, 28.042, 26.773, 25.454, 24.31, 22.114, 18.135, 12.54, 6.069, 0.0, 4.263, 6.729, 8.231, 9.886, 12.647, 16.639, 21.039, 24.54, 26.643, 27.71, 28.259, 28.428, 28.44, 28.674, 29.102, 29.484, 29.687, 29.849, 30.124, 30.471, 30.876, 31.296, 31.533, 31.637, 32.023, 32.777, 33.784, 34.682, 35.178, 35.591, 36.796, 38.882, 40.583, 40.686, 40.263, 40.335, 40.718, 40.946, 40.936, 41.022, 41.383, 41.735, 41.774, 41.4, 40.873, 40.994, 42.695, 46.054, 49.784, 52.44, 53.511, 53.298, 52.185, 50.636, 49.271, 48.651, 48.857, 49.379, 49.628, 49.575, 49.281, 48.88, 48.748, 48.99, 49.303, 49.529, 49.896, 50.996, 52.986, 55.098, 56.545, 57.206, 57.22, 56.479, 54.862, 52.887, 51.781, 52.12, 53.242, 53.458, 51.337, 47.859, 45.427, 44.366, 43.438, 41.956, 40.476, 39.629, 39.325, 39.272, 39.277, 39.158, 38.881, 38.783, 39.249, 40.027, 40.389, 40.119, 39.759, 39.724, 39.706, 39.378, 38.957, 38.669, 38.622, 38.85, 39.254, 39.591, 39.625, 39.345, 39.066, 39.075, 39.106, 38.942, 38.592, 38.043, 37.722, 37.96, 38.186, 37.938, 37.301, 36.794, 36.686, 36.777, 36.959, 37.196, 37.38, 37.403, 37.204, 36.853, 36.594, 36.524, 36.43, 36.322, 36.476, 36.994, 37.535, 37.794, 37.899, 37.912, 37.441, 36.599], [36.566, 35.77, 35.21, 34.314, 32.76, 31.223, 30.19, 29.304, 28.101, 26.836, 25.706, 23.598, 19.936, 15.016, 9.519, 4.263, 0.0, 3.309, 5.842, 8.104, 10.975, 14.955, 19.45, 23.103, 25.327, 26.472, 27.075, 27.29, 27.353, 27.656, 28.15, 28.567, 28.774, 28.925, 29.195, 29.543, 29.948, 30.368, 30.618, 30.774, 31.26, 32.13, 33.242, 34.228, 34.815, 35.319, 36.591, 38.736, 40.499, 40.642, 40.24, 40.328, 40.724, 40.961, 40.954, 41.038, 41.393, 41.737, 41.765, 41.382, 40.844, 40.957, 42.668, 46.061, 49.843, 52.548, 53.653, 53.452, 52.331, 50.771, 49.401, 48.789, 49.007, 49.525, 49.751, 49.664, 49.339, 48.925, 48.801, 49.057, 49.378, 49.602, 49.959, 51.043, 53.031, 55.154, 56.617, 57.294, 57.326, 56.604, 55.002, 53.034, 51.931, 52.271, 53.397, 53.612, 51.477, 47.971, 45.505, 44.416, 43.457, 41.934, 40.403, 39.519, 39.203, 39.155, 39.165, 39.042, 38.757, 38.656, 39.127, 39.909, 40.268, 39.99, 39.623, 39.585, 39.562, 39.228, 38.8, 38.5, 38.438, 38.655, 39.05, 39.378, 39.401, 39.112, 38.834, 38.862, 38.915, 38.758, 38.397, 37.827, 37.502, 37.751, 37.983, 37.728, 37.066, 36.534, 36.415, 36.493, 36.658, 36.885, 37.067, 37.094, 36.899, 36.553, 36.297, 36.227, 36.128, 36.013, 36.168, 36.705, 37.268, 37.542, 37.663, 37.691, 37.217, 37.486], [36.916, 36.14, 35.607, 34.735, 33.203, 31.691, 30.681, 29.824, 28.665, 27.442, 26.312, 24.153, 20.446, 15.69, 10.858, 6.729, 3.309, 0.0, 3.19, 6.313, 9.792, 14.035, 18.63, 22.356, 24.631, 25.802, 26.422, 26.656, 26.747, 27.082, 27.602, 28.037, 28.261, 28.439, 28.746, 29.123, 29.536, 29.95, 30.2, 30.385, 30.913, 31.818, 32.943, 33.937, 34.571, 35.175, 36.541, 38.722, 40.487, 40.641, 40.264, 40.385, 40.805, 41.051, 41.041, 41.116, 41.463, 41.803, 41.829, 41.443, 40.899, 41.008, 42.725, 46.125, 49.915, 52.628, 53.736, 53.532, 52.405, 50.839, 49.467, 48.859, 49.082, 49.607, 49.835, 49.739, 49.403, 48.987, 48.866, 49.126, 49.442, 49.656, 50.0, 51.072, 53.051, 55.175, 56.643, 57.327, 57.366, 56.652, 55.058, 53.098, 52.001, 52.344, 53.469, 53.678, 51.531, 48.018, 45.554, 44.47, 43.513, 41.981, 40.439, 39.551, 39.237, 39.188, 39.19, 39.054, 38.761, 38.663, 39.14, 39.926, 40.285, 40.009, 39.649, 39.62, 39.602, 39.266, 38.836, 38.533, 38.472, 38.689, 39.084, 39.407, 39.422, 39.131, 38.863, 38.905, 38.966, 38.806, 38.435, 37.86, 37.534, 37.782, 38.011, 37.747, 37.068, 36.516, 36.379, 36.443, 36.597, 36.816, 36.991, 37.014, 36.818, 36.472, 36.216, 36.143, 36.043, 35.927, 36.081, 36.619, 37.182, 37.461, 37.591, 37.628, 37.16, 37.824], [37.263, 36.493, 35.967, 35.109, 33.605, 32.123, 31.133, 30.298, 29.174, 27.989, 26.868, 24.678, 20.886, 16.082, 11.526, 8.231, 5.842, 3.19, 0.0, 3.729, 8.022, 12.929, 17.915, 21.819, 24.156, 25.348, 25.99, 26.267, 26.414, 26.792, 27.333, 27.782, 28.021, 28.224, 28.558, 28.949, 29.36, 29.764, 30.02, 30.238, 30.802, 31.717, 32.824, 33.795, 34.451, 35.145, 36.622, 38.851, 40.608, 40.758, 40.398, 40.544, 40.985, 41.241, 41.234, 41.306, 41.648, 41.988, 42.016, 41.632, 41.085, 41.186, 42.886, 46.253, 50.008, 52.696, 53.787, 53.576, 52.451, 50.895, 49.532, 48.925, 49.146, 49.674, 49.912, 49.823, 49.491, 49.079, 48.961, 49.217, 49.527, 49.735, 50.073, 51.138, 53.101, 55.211, 56.674, 57.357, 57.398, 56.689, 55.107, 53.156, 52.061, 52.402, 53.525, 53.735, 51.595, 48.092, 45.637, 44.562, 43.613, 42.094, 40.575, 39.706, 39.397, 39.344, 39.335, 39.191, 38.899, 38.807, 39.282, 40.058, 40.414, 40.144, 39.787, 39.761, 39.749, 39.422, 39.001, 38.706, 38.647, 38.865, 39.255, 39.573, 39.585, 39.297, 39.035, 39.078, 39.132, 38.963, 38.59, 38.021, 37.705, 37.96, 38.196, 37.937, 37.265, 36.712, 36.57, 36.629, 36.779, 36.993, 37.162, 37.181, 36.988, 36.652, 36.403, 36.332, 36.234, 36.123, 36.281, 36.814, 37.369, 37.643, 37.769, 37.806, 37.353, 38.16], [38.062, 37.296, 36.77, 35.937, 34.486, 33.05, 32.087, 31.283, 30.213, 29.075, 27.968, 25.801, 22.063, 17.331, 12.912, 9.886, 8.104, 6.313, 3.729, 0.0, 4.849, 10.572, 16.27, 20.61, 23.144, 24.421, 25.132, 25.498, 25.752, 26.227, 26.831, 27.31, 27.555, 27.75, 28.079, 28.474, 28.894, 29.316, 29.611, 29.904, 30.559, 31.54, 32.668, 33.64, 34.331, 35.128, 36.733, 39.042, 40.82, 40.968, 40.605, 40.753, 41.201, 41.47, 41.479, 41.561, 41.903, 42.244, 42.279, 41.9, 41.346, 41.422, 43.09, 46.423, 50.152, 52.821, 53.9, 53.684, 52.565, 51.019, 49.667, 49.064, 49.279, 49.799, 50.037, 49.948, 49.616, 49.208, 49.093, 49.352, 49.664, 49.873, 50.214, 51.271, 53.214, 55.305, 56.761, 57.444, 57.492, 56.801, 55.245, 53.319, 52.234, 52.576, 53.704, 53.923, 51.797, 48.297, 45.828, 44.738, 43.779, 42.264, 40.761, 39.901, 39.588, 39.527, 39.513, 39.37, 39.087, 38.998, 39.461, 40.221, 40.568, 40.293, 39.918, 39.865, 39.842, 39.524, 39.121, 38.836, 38.774, 38.98, 39.357, 39.664, 39.671, 39.38, 39.111, 39.14, 39.176, 38.995, 38.613, 38.039, 37.726, 38.0, 38.259, 38.015, 37.352, 36.802, 36.664, 36.729, 36.879, 37.091, 37.259, 37.284, 37.106, 36.792, 36.562, 36.498, 36.403, 36.302, 36.474, 37.017, 37.57, 37.836, 37.953, 37.99, 37.561, 38.927], [39.362, 38.613, 38.1, 37.315, 35.948, 34.59, 33.681, 32.939, 31.95, 30.87, 29.776, 27.69, 24.161, 19.742, 15.619, 12.647, 10.975, 9.792, 8.022, 4.849, 0.0, 6.291, 12.825, 17.902, 20.89, 22.401, 23.241, 23.723, 24.138, 24.8, 25.551, 26.102, 26.349, 26.524, 26.867, 27.325, 27.833, 28.345, 28.729, 29.147, 29.97, 31.102, 32.323, 33.346, 34.105, 35.033, 36.789, 39.213, 41.051, 41.205, 40.825, 40.958, 41.405, 41.685, 41.712, 41.811, 42.159, 42.501, 42.539, 42.164, 41.602, 41.649, 43.28, 46.6, 50.33, 53.001, 54.077, 53.855, 52.733, 51.188, 49.844, 49.247, 49.457, 49.96, 50.177, 50.063, 49.709, 49.297, 49.194, 49.468, 49.791, 50.006, 50.351, 51.399, 53.32, 55.395, 56.848, 57.537, 57.6, 56.936, 55.421, 53.542, 52.494, 52.856, 53.995, 54.228, 52.121, 48.628, 46.145, 45.031, 44.049, 42.519, 41.013, 40.146, 39.828, 39.767, 39.757, 39.617, 39.341, 39.257, 39.714, 40.461, 40.798, 40.508, 40.093, 39.983, 39.919, 39.599, 39.216, 38.941, 38.868, 39.048, 39.395, 39.676, 39.668, 39.372, 39.093, 39.105, 39.124, 38.924, 38.515, 37.902, 37.568, 37.855, 38.135, 37.898, 37.216, 36.639, 36.49, 36.554, 36.701, 36.911, 37.09, 37.134, 36.982, 36.701, 36.501, 36.452, 36.364, 36.272, 36.463, 37.024, 37.583, 37.84, 37.95, 38.002, 37.62, 40.172], [40.894, 40.195, 39.727, 39.027, 37.795, 36.572, 35.771, 35.129, 34.243, 33.223, 32.143, 30.176, 26.966, 23.03, 19.398, 16.639, 14.955, 14.035, 12.929, 10.572, 6.291, 0.0, 7.174, 13.211, 16.987, 18.981, 20.062, 20.698, 21.37, 22.37, 23.399, 24.085, 24.348, 24.535, 24.992, 25.651, 26.374, 27.059, 27.569, 28.139, 29.185, 30.54, 31.926, 33.049, 33.908, 34.99, 36.906, 39.451, 41.356, 41.527, 41.138, 41.254, 41.692, 41.971, 42.006, 42.118, 42.474, 42.813, 42.843, 42.466, 41.91, 41.935, 43.521, 46.811, 50.526, 53.185, 54.247, 54.01, 52.874, 51.329, 49.998, 49.418, 49.629, 50.109, 50.277, 50.098, 49.693, 49.272, 49.192, 49.493, 49.825, 50.038, 50.381, 51.414, 53.304, 55.356, 56.804, 57.499, 57.577, 56.943, 55.48, 53.676, 52.704, 53.11, 54.267, 54.515, 52.448, 49.012, 46.564, 45.447, 44.448, 42.907, 41.404, 40.548, 40.245, 40.2, 40.19, 40.043, 39.77, 39.702, 40.166, 40.905, 41.231, 40.926, 40.473, 40.3, 40.184, 39.857, 39.496, 39.231, 39.141, 39.282, 39.58, 39.813, 39.776, 39.477, 39.206, 39.22, 39.237, 39.019, 38.569, 37.906, 37.544, 37.832, 38.119, 37.867, 37.125, 36.47, 36.277, 36.324, 36.461, 36.67, 36.86, 36.926, 36.806, 36.566, 36.408, 36.384, 36.305, 36.22, 36.422, 36.99, 37.543, 37.784, 37.891, 37.973, 37.668, 41.625], [42.301, 41.688, 41.294, 40.704, 39.643, 38.607, 37.951, 37.426, 36.649, 35.695, 34.648, 32.83, 29.975, 26.554, 23.449, 21.039, 19.45, 18.63, 17.915, 16.27, 12.825, 7.174, 0.0, 6.812, 11.593, 14.421, 16.023, 16.952, 18.007, 19.51, 20.944, 21.831, 22.153, 22.443, 23.166, 24.17, 25.187, 26.057, 26.666, 27.362, 28.637, 30.24, 31.816, 33.061, 34.043, 35.296, 37.37, 39.996, 41.91, 42.089, 41.707, 41.812, 42.231, 42.494, 42.52, 42.629, 42.978, 43.307, 43.324, 42.945, 42.403, 42.416, 43.934, 47.136, 50.774, 53.383, 54.415, 54.155, 53.009, 51.473, 50.17, 49.618, 49.836, 50.287, 50.394, 50.127, 49.659, 49.23, 49.179, 49.507, 49.842, 50.044, 50.376, 51.379, 53.216, 55.226, 56.659, 57.354, 57.436, 56.826, 55.417, 53.7, 52.817, 53.269, 54.434, 54.7, 52.698, 49.377, 47.023, 45.941, 44.953, 43.435, 41.974, 41.167, 40.904, 40.874, 40.85, 40.681, 40.411, 40.365, 40.836, 41.559, 41.871, 41.564, 41.104, 40.901, 40.756, 40.434, 40.094, 39.84, 39.733, 39.834, 40.077, 40.252, 40.171, 39.87, 39.626, 39.673, 39.716, 39.495, 39.017, 38.337, 37.988, 38.289, 38.572, 38.286, 37.464, 36.711, 36.451, 36.473, 36.602, 36.808, 36.993, 37.063, 36.965, 36.771, 36.667, 36.68, 36.617, 36.535, 36.732, 37.282, 37.807, 38.02, 38.12, 38.238, 38.019, 42.931], [43.275, 42.747, 42.417, 41.917, 41.008, 40.145, 39.622, 39.196, 38.51, 37.622, 36.629, 34.961, 32.401, 29.361, 26.643, 24.54, 23.103, 22.356, 21.819, 20.61, 17.902, 13.211, 6.812, 0.0, 5.534, 9.444, 12.003, 13.52, 15.05, 17.069, 18.916, 20.026, 20.457, 20.93, 21.988, 23.347, 24.608, 25.571, 26.174, 26.918, 28.382, 30.216, 31.958, 33.303, 34.397, 35.824, 38.05, 40.712, 42.58, 42.749, 42.377, 42.469, 42.864, 43.105, 43.111, 43.195, 43.52, 43.833, 43.844, 43.467, 42.935, 42.937, 44.379, 47.46, 50.993, 53.538, 54.539, 54.259, 53.107, 51.588, 50.318, 49.796, 50.014, 50.435, 50.489, 50.163, 49.658, 49.226, 49.191, 49.532, 49.864, 50.057, 50.375, 51.339, 53.117, 55.086, 56.505, 57.197, 57.281, 56.686, 55.322, 53.673, 52.858, 53.336, 54.497, 54.771, 52.829, 49.62, 47.366, 46.336, 45.384, 43.914, 42.519, 41.773, 41.546, 41.518, 41.472, 41.284, 41.02, 40.991, 41.455, 42.153, 42.455, 42.166, 41.736, 41.542, 41.396, 41.088, 40.767, 40.523, 40.41, 40.489, 40.695, 40.823, 40.702, 40.393, 40.18, 40.265, 40.337, 40.122, 39.634, 38.971, 38.666, 38.988, 39.264, 38.944, 38.061, 37.231, 36.914, 36.919, 37.052, 37.255, 37.422, 37.476, 37.387, 37.23, 37.176, 37.229, 37.186, 37.106, 37.293, 37.818, 38.312, 38.495, 38.584, 38.721, 38.562, 43.807], [43.778, 43.304, 43.012, 42.563, 41.745, 40.993, 40.557, 40.195, 39.571, 38.732, 37.793, 36.247, 33.882, 31.056, 28.553, 26.643, 25.327, 24.631, 24.156, 23.144, 20.89, 16.987, 11.593, 5.534, 0.0, 4.684, 8.316, 10.694, 12.873, 15.382, 17.557, 18.855, 19.396, 20.026, 21.332, 22.93, 24.322, 25.287, 25.826, 26.596, 28.236, 30.268, 32.126, 33.525, 34.687, 36.236, 38.565, 41.24, 43.07, 43.233, 42.867, 42.947, 43.318, 43.54, 43.526, 43.585, 43.883, 44.185, 44.197, 43.823, 43.297, 43.295, 44.683, 47.664, 51.108, 53.601, 54.579, 54.287, 53.131, 51.625, 50.38, 49.877, 50.093, 50.491, 50.516, 50.167, 49.652, 49.222, 49.191, 49.531, 49.858, 50.045, 50.349, 51.282, 53.022, 54.965, 56.373, 57.064, 57.151, 56.571, 55.241, 53.641, 52.871, 53.37, 54.528, 54.803, 52.893, 49.749, 47.56, 46.569, 45.645, 44.217, 42.868, 42.153, 41.936, 41.901, 41.839, 41.644, 41.387, 41.364, 41.813, 42.486, 42.786, 42.523, 42.131, 41.959, 41.821, 41.526, 41.22, 40.985, 40.878, 40.955, 41.149, 41.253, 41.104, 40.788, 40.596, 40.704, 40.788, 40.575, 40.092, 39.462, 39.203, 39.538, 39.802, 39.463, 38.561, 37.707, 37.368, 37.368, 37.507, 37.705, 37.856, 37.897, 37.81, 37.668, 37.631, 37.699, 37.671, 37.596, 37.772, 38.275, 38.748, 38.913, 38.993, 39.129, 38.988, 44.242], [43.975, 43.528, 43.249, 42.82, 42.042, 41.34, 40.946, 40.614, 40.017, 39.206, 38.303, 36.843, 34.6, 31.893, 29.507, 27.71, 26.472, 25.802, 25.348, 24.421, 22.401, 18.981, 14.421, 9.444, 4.684, 0.0, 4.324, 7.653, 10.782, 13.909, 16.391, 17.841, 18.474, 19.222, 20.709, 22.481, 23.977, 24.959, 25.489, 26.335, 28.135, 30.297, 32.212, 33.625, 34.805, 36.401, 38.769, 41.447, 43.261, 43.427, 43.071, 43.144, 43.499, 43.711, 43.695, 43.748, 44.034, 44.327, 44.338, 43.97, 43.456, 43.465, 44.822, 47.731, 51.107, 53.552, 54.509, 54.211, 53.058, 51.564, 50.337, 49.843, 50.055, 50.441, 50.459, 50.111, 49.607, 49.188, 49.159, 49.495, 49.816, 49.998, 50.294, 51.213, 52.937, 54.868, 56.269, 56.956, 57.046, 56.478, 55.171, 53.606, 52.873, 53.393, 54.552, 54.822, 52.925, 49.822, 47.679, 46.712, 45.799, 44.386, 43.057, 42.352, 42.135, 42.095, 42.028, 41.83, 41.573, 41.544, 41.972, 42.622, 42.915, 42.668, 42.301, 42.14, 42.006, 41.72, 41.425, 41.204, 41.108, 41.191, 41.381, 41.47, 41.308, 40.994, 40.82, 40.938, 41.016, 40.796, 40.322, 39.728, 39.507, 39.843, 40.09, 39.747, 38.868, 38.05, 37.734, 37.74, 37.874, 38.063, 38.21, 38.257, 38.179, 38.04, 37.998, 38.061, 38.041, 37.972, 38.135, 38.614, 39.067, 39.224, 39.298, 39.423, 39.277, 44.406], [44.098, 43.653, 43.369, 42.933, 42.156, 41.464, 41.077, 40.749, 40.16, 39.359, 38.478, 37.065, 34.898, 32.276, 29.973, 28.259, 27.075, 26.422, 25.99, 25.132, 23.241, 20.062, 16.023, 12.003, 8.316, 4.324, 0.0, 4.079, 8.271, 12.092, 14.902, 16.506, 17.237, 18.13, 19.834, 21.818, 23.47, 24.549, 25.15, 26.095, 27.994, 30.205, 32.129, 33.535, 34.701, 36.287, 38.66, 41.35, 43.174, 43.349, 43.005, 43.084, 43.441, 43.659, 43.658, 43.729, 44.024, 44.318, 44.326, 43.965, 43.473, 43.505, 44.864, 47.751, 51.093, 53.507, 54.446, 54.147, 53.004, 51.526, 50.312, 49.824, 50.033, 50.415, 50.435, 50.101, 49.614, 49.209, 49.182, 49.513, 49.827, 50.005, 50.3, 51.222, 52.954, 54.889, 56.293, 56.983, 57.075, 56.511, 55.213, 53.665, 52.953, 53.479, 54.631, 54.893, 53.002, 49.924, 47.806, 46.846, 45.925, 44.502, 43.168, 42.464, 42.253, 42.219, 42.155, 41.953, 41.685, 41.643, 42.055, 42.688, 42.972, 42.725, 42.364, 42.207, 42.068, 41.779, 41.489, 41.277, 41.19, 41.277, 41.459, 41.534, 41.365, 41.061, 40.899, 41.016, 41.08, 40.842, 40.362, 39.784, 39.589, 39.925, 40.155, 39.811, 38.962, 38.197, 37.92, 37.933, 38.055, 38.238, 38.4, 38.478, 38.428, 38.299, 38.25, 38.305, 38.287, 38.223, 38.38, 38.843, 39.277, 39.423, 39.497, 39.622, 39.474, 44.522], [44.091, 43.633, 43.333, 42.878, 42.077, 41.364, 40.963, 40.627, 40.037, 39.244, 38.382, 36.997, 34.877, 32.314, 30.074, 28.428, 27.29, 26.656, 26.267, 25.498, 23.723, 20.698, 16.952, 13.52, 10.694, 7.653, 4.079, 0.0, 4.773, 9.161, 12.386, 14.235, 15.119, 16.228, 18.253, 20.544, 22.436, 23.675, 24.382, 25.426, 27.419, 29.701, 31.668, 33.083, 34.224, 35.793, 38.204, 40.961, 42.827, 43.004, 42.658, 42.75, 43.123, 43.357, 43.38, 43.485, 43.816, 44.129, 44.139, 43.779, 43.304, 43.376, 44.799, 47.758, 51.16, 53.609, 54.563, 54.271, 53.129, 51.644, 50.423, 49.932, 50.143, 50.525, 50.547, 50.213, 49.723, 49.312, 49.282, 49.614, 49.931, 50.107, 50.405, 51.349, 53.122, 55.095, 56.524, 57.227, 57.323, 56.758, 55.451, 53.893, 53.167, 53.675, 54.812, 55.063, 53.158, 50.051, 47.892, 46.896, 45.943, 44.482, 43.106, 42.373, 42.159, 42.138, 42.084, 41.877, 41.589, 41.53, 41.945, 42.586, 42.868, 42.611, 42.244, 42.089, 41.944, 41.643, 41.342, 41.126, 41.04, 41.129, 41.311, 41.384, 41.214, 40.909, 40.743, 40.852, 40.905, 40.648, 40.147, 39.55, 39.349, 39.694, 39.926, 39.575, 38.719, 37.956, 37.682, 37.69, 37.81, 38.006, 38.2, 38.318, 38.301, 38.189, 38.145, 38.195, 38.167, 38.098, 38.261, 38.73, 39.16, 39.296, 39.375, 39.518, 39.376, 44.525], [43.935, 43.462, 43.153, 42.678, 41.842, 41.094, 40.671, 40.322, 39.732, 38.959, 38.135, 36.785, 34.707, 32.196, 30.016, 28.44, 27.353, 26.747, 26.414, 25.752, 24.138, 21.37, 18.007, 15.05, 12.873, 10.782, 8.271, 4.773, 0.0, 4.754, 8.496, 10.78, 12.01, 13.53, 16.031, 18.732, 20.93, 22.365, 23.179, 24.333, 26.479, 28.91, 30.972, 32.408, 33.515, 35.069, 37.545, 40.398, 42.313, 42.476, 42.113, 42.215, 42.608, 42.863, 42.912, 43.06, 43.446, 43.798, 43.822, 43.458, 42.988, 43.109, 44.642, 47.743, 51.274, 53.808, 54.8, 54.519, 53.368, 51.859, 50.611, 50.108, 50.318, 50.706, 50.73, 50.388, 49.877, 49.444, 49.405, 49.74, 50.068, 50.249, 50.549, 51.523, 53.359, 55.396, 56.864, 57.587, 57.692, 57.126, 55.806, 54.223, 53.465, 53.938, 55.051, 55.286, 53.348, 50.172, 47.928, 46.872, 45.883, 44.382, 42.949, 42.168, 41.939, 41.928, 41.89, 41.685, 41.378, 41.303, 41.724, 42.384, 42.669, 42.393, 42.007, 41.847, 41.7, 41.386, 41.071, 40.844, 40.755, 40.846, 41.037, 41.126, 40.967, 40.652, 40.456, 40.542, 40.586, 40.325, 39.809, 39.168, 38.925, 39.272, 39.526, 39.18, 38.306, 37.514, 37.215, 37.212, 37.338, 37.559, 37.786, 37.936, 37.944, 37.85, 37.816, 37.865, 37.817, 37.731, 37.902, 38.391, 38.83, 38.965, 39.052, 39.216, 39.075, 44.383], [43.785, 43.309, 43.0, 42.518, 41.665, 40.898, 40.459, 40.097, 39.509, 38.77, 38.003, 36.709, 34.69, 32.248, 30.154, 28.674, 27.656, 27.082, 26.792, 26.227, 24.8, 22.37, 19.51, 17.069, 15.382, 13.909, 12.092, 9.161, 4.754, 0.0, 4.111, 6.935, 8.813, 11.046, 14.122, 17.194, 19.649, 21.241, 22.142, 23.419, 25.759, 28.366, 30.517, 31.952, 33.003, 34.521, 37.035, 39.947, 41.89, 42.037, 41.66, 41.769, 42.181, 42.453, 42.528, 42.722, 43.164, 43.564, 43.612, 43.249, 42.778, 42.943, 44.584, 47.819, 51.463, 54.061, 55.076, 54.796, 53.633, 52.097, 50.822, 50.303, 50.514, 50.916, 50.955, 50.615, 50.09, 49.637, 49.587, 49.923, 50.26, 50.448, 50.753, 51.75, 53.627, 55.701, 57.192, 57.927, 58.041, 57.476, 56.146, 54.541, 53.752, 54.193, 55.282, 55.5, 53.533, 50.3, 47.989, 46.891, 45.889, 44.376, 42.916, 42.101, 41.853, 41.845, 41.822, 41.629, 41.317, 41.228, 41.65, 42.321, 42.605, 42.307, 41.894, 41.723, 41.576, 41.26, 40.939, 40.707, 40.614, 40.703, 40.901, 41.007, 40.865, 40.54, 40.306, 40.358, 40.39, 40.135, 39.616, 38.934, 38.637, 38.977, 39.254, 38.929, 38.063, 37.261, 36.946, 36.937, 37.068, 37.301, 37.543, 37.707, 37.729, 37.647, 37.62, 37.67, 37.608, 37.51, 37.684, 38.191, 38.642, 38.785, 38.884, 39.063, 38.919, 44.24], [43.73, 43.258, 42.955, 42.478, 41.634, 40.872, 40.429, 40.058, 39.471, 38.762, 38.049, 36.812, 34.852, 32.485, 30.485, 29.102, 28.15, 27.602, 27.333, 26.831, 25.551, 23.399, 20.944, 18.916, 17.557, 16.391, 14.902, 12.386, 8.496, 4.111, 0.0, 3.261, 6.004, 9.182, 12.845, 16.181, 18.774, 20.451, 21.43, 22.859, 25.396, 28.14, 30.341, 31.756, 32.752, 34.234, 36.755, 39.684, 41.635, 41.778, 41.4, 41.517, 41.941, 42.229, 42.331, 42.564, 43.049, 43.482, 43.55, 43.192, 42.72, 42.912, 44.616, 47.924, 51.618, 54.236, 55.251, 54.966, 53.795, 52.249, 50.963, 50.435, 50.647, 51.066, 51.129, 50.802, 50.278, 49.82, 49.764, 50.098, 50.438, 50.632, 50.944, 51.949, 53.83, 55.903, 57.391, 58.128, 58.244, 57.678, 56.339, 54.721, 53.916, 54.339, 55.412, 55.618, 53.638, 50.386, 48.052, 46.945, 45.951, 44.454, 42.999, 42.173, 41.911, 41.9, 41.886, 41.706, 41.397, 41.302, 41.717, 42.389, 42.671, 42.361, 41.931, 41.753, 41.61, 41.297, 40.979, 40.75, 40.657, 40.743, 40.939, 41.053, 40.921, 40.592, 40.335, 40.364, 40.385, 40.135, 39.621, 38.922, 38.597, 38.927, 39.215, 38.912, 38.074, 37.296, 36.989, 36.982, 37.113, 37.343, 37.582, 37.745, 37.77, 37.69, 37.665, 37.714, 37.652, 37.553, 37.728, 38.237, 38.694, 38.845, 38.95, 39.133, 38.983, 44.185], [43.8, 43.333, 43.036, 42.573, 41.747, 40.994, 40.548, 40.172, 39.583, 38.883, 38.194, 36.987, 35.064, 32.747, 30.81, 29.484, 28.567, 28.037, 27.782, 27.31, 26.102, 24.085, 21.831, 20.026, 18.855, 17.841, 16.506, 14.235, 10.78, 6.935, 3.261, 0.0, 3.345, 7.329, 11.558, 15.172, 17.887, 19.62, 20.675, 22.271, 25.001, 27.868, 30.118, 31.536, 32.521, 34.007, 36.552, 39.504, 41.473, 41.626, 41.25, 41.371, 41.801, 42.103, 42.228, 42.489, 42.997, 43.442, 43.516, 43.158, 42.685, 42.887, 44.618, 47.955, 51.668, 54.291, 55.305, 55.019, 53.851, 52.309, 51.025, 50.499, 50.714, 51.142, 51.22, 50.905, 50.388, 49.932, 49.875, 50.207, 50.546, 50.744, 51.059, 52.06, 53.928, 55.987, 57.47, 58.206, 58.322, 57.752, 56.407, 54.786, 53.979, 54.399, 55.468, 55.672, 53.695, 50.447, 48.117, 47.012, 46.027, 44.547, 43.104, 42.275, 42.0, 41.982, 41.97, 41.795, 41.491, 41.396, 41.807, 42.477, 42.761, 42.452, 42.024, 41.849, 41.71, 41.403, 41.091, 40.867, 40.775, 40.86, 41.053, 41.166, 41.037, 40.709, 40.449, 40.474, 40.492, 40.242, 39.733, 39.04, 38.717, 39.041, 39.323, 39.023, 38.203, 37.448, 37.155, 37.153, 37.283, 37.509, 37.742, 37.901, 37.925, 37.845, 37.817, 37.863, 37.805, 37.712, 37.886, 38.39, 38.845, 38.994, 39.096, 39.271, 39.116, 44.248], [43.889, 43.431, 43.142, 42.695, 41.89, 41.143, 40.697, 40.323, 39.732, 39.022, 38.322, 37.12, 35.216, 32.924, 31.006, 29.687, 28.774, 28.261, 28.021, 27.555, 26.349, 24.348, 22.153, 20.457, 19.396, 18.474, 17.237, 15.119, 12.01, 8.813, 6.004, 3.345, 0.0, 4.42, 9