[[0.0, 3.771, 6.58, 9.045, 11.116, 14.574, 18.785, 22.056, 24.003, 25.341, 26.226, 26.463, 26.754, 27.7, 28.82, 29.377, 29.459, 29.618, 30.054, 30.605, 31.263, 32.317, 33.527, 34.263, 34.409, 34.475, 34.901, 35.565, 36.018, 36.212, 36.443, 37.6, 40.644, 44.39, 47.711, 50.043, 51.397, 51.811, 50.387, 47.512, 45.133, 43.598, 42.84, 43.391, 44.876, 46.13, 46.366, 45.998, 46.518, 48.079, 49.608, 50.386, 50.445, 50.094, 49.673, 49.429, 49.373, 49.311, 49.148, 48.925, 48.511, 47.945, 47.513, 47.249, 46.742, 45.774, 44.972, 44.81, 44.843, 44.429, 43.865, 43.829, 44.363, 45.079, 45.731, 46.143, 45.759, 44.144, 41.586, 39.842, 40.146, 41.02, 40.97, 40.21, 39.565, 39.457, 39.567, 39.696, 39.727, 39.62, 39.555, 39.699, 39.93, 39.903, 39.442, 38.738, 38.307, 38.359, 38.719, 39.071, 39.406, 39.661, 39.948, 40.718, 42.004, 43.715, 45.637, 47.299, 48.146, 47.8, 47.01, 46.562, 46.68, 47.083, 47.456, 47.664, 47.624, 47.347, 46.994, 46.749, 46.751, 46.862, 46.821, 46.667, 46.628, 46.741, 46.725, 46.429, 45.967, 45.501, 44.951, 43.947, 42.559, 41.291, 40.594, 40.595, 41.073, 41.275, 40.538, 39.174, 38.249, 37.983, 37.787, 37.605, 37.485, 37.598, 37.944, 38.253, 38.453, 38.587, 38.685, 38.823, 38.962, 39.05, 39.178, 39.405, 39.655, 6.041], [3.771, 0.0, 3.827, 7.225, 9.692, 13.173, 17.369, 20.738, 22.79, 24.161, 25.047, 25.358, 25.836, 26.986, 28.232, 28.831, 28.913, 29.072, 29.527, 30.101, 30.768, 31.821, 33.034, 33.776, 33.926, 33.978, 34.371, 35.032, 35.536, 35.81, 36.069, 37.184, 40.256, 44.161, 47.58, 49.938, 51.313, 51.735, 50.304, 47.442, 45.102, 43.584, 42.802, 43.323, 44.789, 46.038, 46.282, 45.923, 46.442, 47.988, 49.503, 50.28, 50.34, 49.987, 49.562, 49.312, 49.249, 49.18, 49.01, 48.782, 48.364, 47.794, 47.359, 47.099, 46.6, 45.638, 44.836, 44.67, 44.706, 44.3, 43.746, 43.719, 44.254, 44.946, 45.551, 45.931, 45.572, 43.996, 41.453, 39.701, 40.006, 40.89, 40.863, 40.132, 39.503, 39.4, 39.514, 39.642, 39.67, 39.558, 39.489, 39.635, 39.868, 39.838, 39.381, 38.691, 38.274, 38.335, 38.7, 39.056, 39.394, 39.656, 39.947, 40.714, 41.998, 43.717, 45.663, 47.345, 48.193, 47.839, 47.05, 46.61, 46.733, 47.136, 47.505, 47.706, 47.659, 47.378, 47.025, 46.781, 46.784, 46.895, 46.853, 46.698, 46.655, 46.768, 46.755, 46.465, 46.005, 45.535, 44.975, 43.965, 42.584, 41.335, 40.658, 40.665, 41.136, 41.339, 40.611, 39.265, 38.364, 38.081, 37.86, 37.668, 37.548, 37.655, 37.979, 38.266, 38.453, 38.584, 38.685, 38.831, 38.977, 39.071, 39.203, 39.433, 39.684, 8.72], [6.58, 3.827, 0.0, 4.094, 7.725, 11.951, 16.302, 19.724, 21.862, 23.304, 24.235, 24.616, 25.2, 26.444, 27.751, 28.395, 28.508, 28.686, 29.148, 29.727, 30.403, 31.468, 32.688, 33.432, 33.594, 33.686, 34.138, 34.843, 35.366, 35.674, 36.022, 37.234, 40.332, 44.234, 47.641, 49.989, 51.358, 51.776, 50.361, 47.542, 45.247, 43.755, 42.99, 43.497, 44.936, 46.163, 46.414, 46.071, 46.584, 48.097, 49.574, 50.33, 50.384, 50.035, 49.615, 49.367, 49.302, 49.231, 49.064, 48.84, 48.429, 47.868, 47.441, 47.188, 46.698, 45.748, 44.954, 44.791, 44.827, 44.431, 43.892, 43.869, 44.389, 45.052, 45.626, 45.989, 45.633, 44.094, 41.609, 39.895, 40.186, 41.045, 41.02, 40.323, 39.731, 39.644, 39.756, 39.875, 39.898, 39.785, 39.716, 39.856, 40.085, 40.061, 39.622, 38.96, 38.573, 38.656, 39.035, 39.396, 39.741, 40.003, 40.278, 41.016, 42.274, 43.954, 45.842, 47.465, 48.277, 47.923, 47.149, 46.716, 46.832, 47.221, 47.579, 47.776, 47.728, 47.446, 47.093, 46.853, 46.857, 46.969, 46.928, 46.773, 46.728, 46.837, 46.826, 46.545, 46.094, 45.63, 45.08, 44.096, 42.76, 41.564, 40.918, 40.919, 41.369, 41.565, 40.857, 39.561, 38.707, 38.45, 38.244, 38.057, 37.94, 38.036, 38.334, 38.586, 38.739, 38.852, 38.949, 39.094, 39.238, 39.327, 39.45, 39.665, 39.905, 10.545], [9.045, 7.225, 4.094, 0.0, 4.735, 10.022, 14.91, 18.536, 20.75, 22.236, 23.236, 23.73, 24.448, 25.792, 27.16, 27.855, 28.018, 28.226, 28.691, 29.256, 29.929, 31.007, 32.244, 32.996, 33.176, 33.327, 33.882, 34.685, 35.248, 35.557, 35.963, 37.324, 40.548, 44.454, 47.813, 50.125, 51.459, 51.856, 50.482, 47.774, 45.596, 44.162, 43.385, 43.834, 45.21, 46.393, 46.651, 46.336, 46.839, 48.299, 49.724, 50.455, 50.509, 50.172, 49.762, 49.519, 49.451, 49.379, 49.215, 48.998, 48.6, 48.053, 47.635, 47.387, 46.909, 45.986, 45.216, 45.055, 45.09, 44.714, 44.211, 44.206, 44.699, 45.303, 45.824, 46.147, 45.78, 44.307, 41.946, 40.304, 40.535, 41.325, 41.315, 40.7, 40.182, 40.118, 40.219, 40.325, 40.343, 40.237, 40.166, 40.291, 40.504, 40.485, 40.081, 39.486, 39.176, 39.305, 39.685, 40.016, 40.339, 40.589, 40.843, 41.536, 42.738, 44.338, 46.12, 47.643, 48.405, 48.063, 47.323, 46.912, 47.027, 47.4, 47.744, 47.941, 47.904, 47.635, 47.294, 47.058, 47.063, 47.174, 47.137, 46.989, 46.944, 47.049, 47.042, 46.777, 46.345, 45.894, 45.361, 44.422, 43.176, 42.086, 41.5, 41.487, 41.896, 42.081, 41.409, 40.193, 39.431, 39.254, 39.109, 38.948, 38.845, 38.941, 39.218, 39.427, 39.52, 39.574, 39.634, 39.76, 39.893, 39.976, 40.084, 40.271, 40.48, 12.522], [11.116, 9.692, 7.725, 4.735, 0.0, 5.975, 11.727, 15.974, 18.471, 20.045, 21.121, 21.768, 22.712, 24.266, 25.768, 26.548, 26.782, 27.048, 27.534, 28.092, 28.768, 29.897, 31.202, 31.996, 32.193, 32.38, 33.014, 33.918, 34.541, 34.847, 35.242, 36.707, 40.159, 44.237, 47.674, 50.002, 51.313, 51.686, 50.344, 47.757, 45.73, 44.376, 43.55, 43.892, 45.182, 46.32, 46.593, 46.32, 46.829, 48.256, 49.653, 50.384, 50.449, 50.12, 49.713, 49.466, 49.392, 49.314, 49.149, 48.937, 48.546, 48.001, 47.577, 47.324, 46.855, 45.954, 45.196, 45.022, 45.045, 44.687, 44.227, 44.255, 44.736, 45.273, 45.702, 45.942, 45.537, 44.114, 41.848, 40.252, 40.425, 41.165, 41.192, 40.674, 40.24, 40.201, 40.292, 40.385, 40.404, 40.305, 40.229, 40.331, 40.522, 40.504, 40.136, 39.62, 39.415, 39.615, 40.01, 40.313, 40.614, 40.863, 41.116, 41.787, 42.953, 44.526, 46.278, 47.766, 48.507, 48.169, 47.447, 47.057, 47.184, 47.553, 47.883, 48.077, 48.052, 47.804, 47.476, 47.244, 47.246, 47.361, 47.337, 47.199, 47.156, 47.258, 47.258, 47.01, 46.593, 46.148, 45.615, 44.691, 43.496, 42.475, 41.927, 41.901, 42.276, 42.452, 41.802, 40.635, 39.946, 39.852, 39.776, 39.656, 39.578, 39.689, 39.949, 40.113, 40.145, 40.136, 40.153, 40.26, 40.384, 40.458, 40.554, 40.723, 40.903, 14.465], [14.574, 13.173, 11.951, 10.022, 5.975, 0.0, 6.445, 11.595, 14.749, 16.643, 17.871, 18.732, 20.057, 22.0, 23.771, 24.715, 25.07, 25.429, 25.96, 26.526, 27.232, 28.449, 29.858, 30.707, 30.923, 31.14, 31.846, 32.859, 33.564, 33.888, 34.253, 35.776, 39.478, 43.835, 47.434, 49.807, 51.104, 51.457, 50.151, 47.711, 45.876, 44.632, 43.756, 43.936, 45.077, 46.135, 46.42, 46.199, 46.718, 48.105, 49.474, 50.207, 50.285, 49.963, 49.554, 49.3, 49.214, 49.126, 48.96, 48.75, 48.363, 47.817, 47.383, 47.124, 46.665, 45.785, 45.031, 44.832, 44.837, 44.502, 44.091, 44.16, 44.633, 45.096, 45.403, 45.536, 45.095, 43.744, 41.583, 40.027, 40.152, 40.863, 40.947, 40.551, 40.225, 40.225, 40.309, 40.391, 40.413, 40.323, 40.237, 40.309, 40.471, 40.451, 40.125, 39.697, 39.612, 39.911, 40.345, 40.636, 40.921, 41.18, 41.444, 42.093, 43.233, 44.821, 46.597, 48.087, 48.825, 48.489, 47.778, 47.4, 47.535, 47.894, 48.201, 48.378, 48.359, 48.13, 47.818, 47.589, 47.589, 47.707, 47.695, 47.565, 47.519, 47.617, 47.627, 47.399, 47.0, 46.561, 46.025, 45.109, 43.948, 42.977, 42.459, 42.426, 42.78, 42.946, 42.314, 41.187, 40.566, 40.544, 40.526, 40.443, 40.388, 40.5, 40.72, 40.823, 40.79, 40.728, 40.714, 40.811, 40.929, 40.987, 41.069, 41.226, 41.38, 17.597], [18.785, 17.369, 16.302, 14.91, 11.727, 6.445, 0.0, 5.863, 9.951, 12.566, 14.186, 15.38, 17.228, 19.702, 21.85, 23.038, 23.565, 24.042, 24.632, 25.225, 25.983, 27.287, 28.772, 29.655, 29.882, 30.135, 30.924, 32.05, 32.842, 33.203, 33.584, 35.184, 39.097, 43.705, 47.439, 49.826, 51.102, 51.445, 50.191, 47.902, 46.251, 45.114, 44.211, 44.224, 45.184, 46.123, 46.391, 46.205, 46.717, 48.048, 49.37, 50.089, 50.17, 49.85, 49.441, 49.181, 49.082, 48.987, 48.823, 48.619, 48.242, 47.7, 47.263, 47.003, 46.555, 45.696, 44.952, 44.74, 44.743, 44.444, 44.086, 44.185, 44.641, 45.031, 45.23, 45.287, 44.851, 43.592, 41.552, 40.06, 40.159, 40.843, 40.958, 40.65, 40.414, 40.454, 40.534, 40.602, 40.627, 40.545, 40.445, 40.484, 40.616, 40.597, 40.321, 39.991, 40.021, 40.408, 40.887, 41.181, 41.462, 41.739, 42.021, 42.642, 43.755, 45.357, 47.149, 48.628, 49.348, 49.013, 48.314, 47.943, 48.072, 48.408, 48.684, 48.841, 48.825, 48.614, 48.318, 48.094, 48.088, 48.204, 48.195, 48.068, 48.016, 48.109, 48.128, 47.922, 47.545, 47.12, 46.596, 45.706, 44.597, 43.692, 43.218, 43.197, 43.542, 43.7, 43.088, 42.013, 41.452, 41.471, 41.479, 41.418, 41.381, 41.485, 41.658, 41.687, 41.581, 41.465, 41.428, 41.517, 41.624, 41.663, 41.73, 41.874, 42.0, 21.378], [22.056, 20.738, 19.724, 18.536, 15.974, 11.595, 5.863, 0.0, 4.843, 8.455, 10.854, 12.634, 15.094, 18.054, 20.514, 21.905, 22.586, 23.174, 23.825, 24.462, 25.285, 26.655, 28.171, 29.053, 29.28, 29.564, 30.424, 31.63, 32.471, 32.861, 33.3, 35.013, 39.068, 43.802, 47.575, 49.943, 51.191, 51.532, 50.331, 48.153, 46.633, 45.578, 44.678, 44.598, 45.436, 46.275, 46.511, 46.337, 46.841, 48.129, 49.409, 50.106, 50.182, 49.865, 49.456, 49.19, 49.082, 48.981, 48.824, 48.631, 48.263, 47.726, 47.289, 47.029, 46.588, 45.743, 45.01, 44.803, 44.82, 44.557, 44.241, 44.352, 44.781, 45.115, 45.25, 45.286, 44.875, 43.665, 41.7, 40.271, 40.371, 41.025, 41.121, 40.837, 40.653, 40.723, 40.798, 40.852, 40.875, 40.794, 40.686, 40.703, 40.816, 40.801, 40.566, 40.311, 40.414, 40.838, 41.332, 41.628, 41.907, 42.201, 42.502, 43.106, 44.201, 45.803, 47.597, 49.064, 49.772, 49.445, 48.765, 48.406, 48.53, 48.848, 49.101, 49.247, 49.235, 49.037, 48.754, 48.533, 48.521, 48.63, 48.62, 48.491, 48.433, 48.521, 48.544, 48.352, 47.992, 47.585, 47.082, 46.226, 45.174, 44.331, 43.899, 43.897, 44.246, 44.397, 43.792, 42.751, 42.222, 42.246, 42.245, 42.181, 42.161, 42.276, 42.42, 42.385, 42.208, 42.043, 41.986, 42.068, 42.166, 42.191, 42.245, 42.376, 42.478, 24.321], [24.003, 22.79, 21.862, 20.75, 18.471, 14.749, 9.951, 4.843, 0.0, 4.321, 7.742, 10.578, 13.879, 17.254, 19.864, 21.329, 22.081, 22.737, 23.436, 24.113, 24.99, 26.412, 27.949, 28.821, 29.04, 29.352, 30.274, 31.539, 32.402, 32.798, 33.284, 35.1, 39.244, 43.982, 47.695, 50.026, 51.252, 51.585, 50.418, 48.322, 46.905, 45.916, 45.008, 44.889, 45.676, 46.469, 46.691, 46.522, 47.017, 48.281, 49.54, 50.226, 50.303, 49.992, 49.586, 49.317, 49.202, 49.094, 48.932, 48.741, 48.377, 47.84, 47.399, 47.137, 46.7, 45.862, 45.132, 44.924, 44.945, 44.701, 44.408, 44.526, 44.935, 45.23, 45.33, 45.361, 44.974, 43.798, 41.88, 40.485, 40.58, 41.2, 41.28, 41.02, 40.879, 40.969, 41.039, 41.082, 41.1, 41.018, 40.902, 40.908, 41.013, 41.003, 40.791, 40.577, 40.719, 41.145, 41.617, 41.888, 42.148, 42.443, 42.753, 43.342, 44.419, 46.015, 47.811, 49.28, 49.995, 49.685, 49.023, 48.68, 48.81, 49.123, 49.368, 49.509, 49.5, 49.311, 49.034, 48.812, 48.795, 48.899, 48.886, 48.756, 48.695, 48.779, 48.802, 48.616, 48.268, 47.876, 47.392, 46.567, 45.563, 44.77, 44.367, 44.375, 44.723, 44.869, 44.267, 43.241, 42.728, 42.752, 42.735, 42.661, 42.656, 42.786, 42.91, 42.826, 42.597, 42.395, 42.326, 42.407, 42.502, 42.526, 42.578, 42.7, 42.787, 26.106], [25.341, 24.161, 23.304, 22.236, 20.045, 16.643, 12.566, 8.455, 4.321, 0.0, 4.219, 8.414, 12.879, 16.815, 19.597, 21.09, 21.845, 22.505, 23.211, 23.897, 24.795, 26.247, 27.799, 28.662, 28.87, 29.207, 30.204, 31.555, 32.463, 32.869, 33.389, 35.309, 39.549, 44.253, 47.859, 50.132, 51.339, 51.659, 50.507, 48.49, 47.188, 46.28, 45.364, 45.189, 45.928, 46.698, 46.925, 46.763, 47.238, 48.468, 49.702, 50.38, 50.46, 50.157, 49.758, 49.493, 49.371, 49.247, 49.067, 48.866, 48.504, 47.973, 47.532, 47.269, 46.84, 46.017, 45.294, 45.077, 45.088, 44.849, 44.573, 44.7, 45.096, 45.36, 45.426, 45.438, 45.082, 43.99, 42.152, 40.771, 40.818, 41.402, 41.508, 41.313, 41.222, 41.329, 41.396, 41.433, 41.446, 41.359, 41.24, 41.24, 41.34, 41.329, 41.124, 40.935, 41.112, 41.55, 42.0, 42.232, 42.464, 42.751, 43.057, 43.623, 44.679, 46.262, 48.045, 49.505, 50.224, 49.932, 49.291, 48.965, 49.101, 49.411, 49.648, 49.783, 49.773, 49.589, 49.316, 49.095, 49.074, 49.173, 49.159, 49.028, 48.965, 49.045, 49.069, 48.889, 48.552, 48.17, 47.696, 46.895, 45.932, 45.183, 44.808, 44.821, 45.161, 45.302, 44.705, 43.693, 43.201, 43.238, 43.22, 43.142, 43.142, 43.271, 43.371, 43.254, 42.991, 42.763, 42.681, 42.76, 42.86, 42.896, 42.959, 43.078, 43.152, 27.42], [26.226, 25.047, 24.235, 23.236, 21.121, 17.871, 14.186, 10.854, 7.742, 4.219, 0.0, 5.161, 10.756, 15.47, 18.658, 20.291, 21.042, 21.658, 22.341, 23.031, 23.95, 25.438, 27.025, 27.894, 28.086, 28.423, 29.479, 30.932, 31.916, 32.35, 32.931, 35.037, 39.495, 44.274, 47.862, 50.12, 51.337, 51.659, 50.503, 48.509, 47.28, 46.461, 45.576, 45.361, 46.06, 46.817, 47.052, 46.894, 47.354, 48.563, 49.784, 50.456, 50.534, 50.231, 49.836, 49.575, 49.451, 49.312, 49.113, 48.898, 48.539, 48.021, 47.59, 47.33, 46.904, 46.093, 45.378, 45.157, 45.159, 44.916, 44.641, 44.769, 45.163, 45.421, 45.472, 45.469, 45.129, 44.091, 42.298, 40.921, 40.946, 41.519, 41.65, 41.49, 41.419, 41.54, 41.614, 41.647, 41.652, 41.562, 41.449, 41.458, 41.561, 41.543, 41.327, 41.136, 41.326, 41.787, 42.246, 42.466, 42.684, 42.962, 43.26, 43.81, 44.86, 46.45, 48.234, 49.696, 50.42, 50.135, 49.5, 49.18, 49.316, 49.622, 49.856, 49.987, 49.975, 49.791, 49.518, 49.297, 49.274, 49.369, 49.349, 49.214, 49.148, 49.227, 49.25, 49.072, 48.738, 48.357, 47.884, 47.085, 46.126, 45.388, 45.029, 45.056, 45.402, 45.536, 44.928, 43.91, 43.411, 43.439, 43.421, 43.343, 43.339, 43.456, 43.537, 43.402, 43.125, 42.887, 42.797, 42.873, 42.984, 43.043, 43.126, 43.248, 43.316, 28.305], [26.463, 25.358, 24.616, 23.73, 21.768, 18.732, 15.38, 12.634, 10.578, 8.414, 5.161, 0.0, 6.26, 11.868, 15.784, 17.797, 18.638, 19.226, 19.896, 20.622, 21.615, 23.215, 24.911, 25.824, 26.002, 26.33, 27.442, 29.003, 30.062, 30.522, 31.194, 33.614, 38.488, 43.57, 47.391, 49.783, 51.075, 51.444, 50.273, 48.206, 46.93, 46.144, 45.339, 45.169, 45.903, 46.696, 46.934, 46.764, 47.238, 48.481, 49.731, 50.414, 50.486, 50.167, 49.758, 49.493, 49.375, 49.243, 49.044, 48.826, 48.467, 47.959, 47.542, 47.285, 46.847, 46.019, 45.301, 45.089, 45.091, 44.827, 44.519, 44.629, 45.034, 45.324, 45.413, 45.433, 45.065, 43.933, 42.04, 40.649, 40.749, 41.371, 41.475, 41.239, 41.106, 41.222, 41.306, 41.337, 41.337, 41.248, 41.144, 41.168, 41.283, 41.264, 41.03, 40.802, 40.947, 41.404, 41.896, 42.143, 42.36, 42.62, 42.917, 43.479, 44.556, 46.188, 48.02, 49.533, 50.288, 49.996, 49.339, 49.005, 49.141, 49.458, 49.705, 49.841, 49.827, 49.638, 49.358, 49.132, 49.107, 49.199, 49.172, 49.032, 48.967, 49.049, 49.068, 48.878, 48.529, 48.136, 47.65, 46.821, 45.812, 45.028, 44.658, 44.716, 45.097, 45.23, 44.586, 43.513, 42.958, 42.948, 42.919, 42.839, 42.829, 42.946, 43.024, 42.882, 42.603, 42.37, 42.282, 42.361, 42.487, 42.57, 42.676, 42.812, 42.888, 28.397], [26.754, 25.836, 25.2, 24.448, 22.712, 20.057, 17.228, 15.094, 13.879, 12.879, 10.756, 6.26, 0.0, 6.25, 10.992, 13.623, 14.785, 15.475, 16.175, 16.958, 18.081, 19.891, 21.777, 22.776, 22.96, 23.318, 24.539, 26.231, 27.334, 27.766, 28.492, 31.24, 36.601, 42.105, 46.334, 48.974, 50.389, 50.835, 49.669, 47.527, 46.197, 45.441, 44.775, 44.735, 45.571, 46.436, 46.679, 46.503, 47.015, 48.324, 49.623, 50.32, 50.383, 50.048, 49.624, 49.358, 49.255, 49.151, 48.982, 48.782, 48.427, 47.927, 47.525, 47.272, 46.815, 45.956, 45.232, 45.045, 45.062, 44.773, 44.417, 44.496, 44.911, 45.246, 45.401, 45.471, 45.039, 43.723, 41.671, 40.295, 40.542, 41.247, 41.293, 40.915, 40.67, 40.751, 40.835, 40.864, 40.861, 40.773, 40.672, 40.705, 40.828, 40.81, 40.567, 40.298, 40.373, 40.786, 41.295, 41.583, 41.816, 42.06, 42.352, 42.927, 44.019, 45.686, 47.567, 49.137, 49.93, 49.63, 48.941, 48.587, 48.725, 49.059, 49.323, 49.465, 49.446, 49.246, 48.957, 48.727, 48.706, 48.801, 48.774, 48.632, 48.571, 48.656, 48.669, 48.463, 48.093, 47.679, 47.168, 46.297, 45.227, 44.385, 43.997, 44.09, 44.52, 44.659, 43.979, 42.851, 42.245, 42.212, 42.178, 42.088, 42.075, 42.208, 42.302, 42.165, 41.895, 41.678, 41.601, 41.688, 41.823, 41.919, 42.041, 42.194, 42.287, 28.331], [27.7, 26.986, 26.444, 25.792, 24.266, 22.0, 19.702, 18.054, 17.254, 16.815, 15.47, 11.868, 6.25, 0.0, 5.252, 8.595, 10.409, 11.482, 12.305, 13.139, 14.415, 16.51, 18.642, 19.748, 19.969, 20.416, 21.808, 23.641, 24.741, 25.071, 25.76, 28.713, 34.423, 40.224, 44.776, 47.626, 49.141, 49.66, 48.539, 46.442, 45.207, 44.591, 44.134, 44.263, 45.196, 46.11, 46.368, 46.22, 46.791, 48.15, 49.469, 50.167, 50.224, 49.885, 49.463, 49.204, 49.116, 49.044, 48.919, 48.754, 48.417, 47.928, 47.539, 47.293, 46.829, 45.957, 45.243, 45.092, 45.133, 44.832, 44.444, 44.496, 44.907, 45.261, 45.455, 45.545, 45.038, 43.583, 41.481, 40.205, 40.581, 41.333, 41.325, 40.851, 40.524, 40.565, 40.637, 40.664, 40.659, 40.567, 40.463, 40.496, 40.62, 40.605, 40.368, 40.09, 40.124, 40.484, 40.974, 41.293, 41.56, 41.808, 42.089, 42.643, 43.693, 45.341, 47.225, 48.805, 49.611, 49.309, 48.609, 48.25, 48.39, 48.728, 48.993, 49.131, 49.104, 48.896, 48.606, 48.385, 48.378, 48.487, 48.47, 48.333, 48.273, 48.355, 48.363, 48.153, 47.773, 47.343, 46.813, 45.922, 44.829, 43.964, 43.563, 43.668, 44.127, 44.278, 43.593, 42.465, 41.872, 41.863, 41.832, 41.73, 41.717, 41.865, 41.972, 41.846, 41.592, 41.395, 41.335, 41.429, 41.561, 41.647, 41.764, 41.925, 42.028, 28.854], [28.82, 28.232, 27.751, 27.16, 25.768, 23.771, 21.85, 20.514, 19.864, 19.597, 18.658, 15.784, 10.992, 5.252, 0.0, 3.883, 6.528, 8.251, 9.35, 10.274, 11.724, 14.124, 16.499, 17.712, 17.979, 18.512, 20.04, 21.968, 23.036, 23.255, 23.866, 26.88, 32.728, 38.626, 43.323, 46.282, 47.849, 48.422, 47.375, 45.406, 44.34, 43.894, 43.632, 43.917, 44.91, 45.833, 46.104, 46.007, 46.644, 48.041, 49.366, 50.061, 50.119, 49.786, 49.371, 49.118, 49.039, 48.988, 48.899, 48.764, 48.446, 47.968, 47.589, 47.35, 46.886, 46.019, 45.329, 45.211, 45.27, 44.966, 44.564, 44.603, 45.005, 45.36, 45.563, 45.642, 45.076, 43.559, 41.507, 40.356, 40.8, 41.55, 41.501, 40.982, 40.617, 40.631, 40.692, 40.717, 40.71, 40.614, 40.508, 40.54, 40.665, 40.655, 40.426, 40.145, 40.154, 40.47, 40.93, 41.263, 41.562, 41.826, 42.099, 42.62, 43.616, 45.229, 47.104, 48.68, 49.484, 49.185, 48.488, 48.136, 48.282, 48.618, 48.876, 49.006, 48.974, 48.763, 48.478, 48.269, 48.279, 48.404, 48.397, 48.267, 48.207, 48.283, 48.288, 48.08, 47.701, 47.267, 46.732, 45.841, 44.749, 43.873, 43.45, 43.537, 43.999, 44.161, 43.489, 42.387, 41.833, 41.853, 41.828, 41.72, 41.71, 41.866, 41.973, 41.849, 41.605, 41.423, 41.378, 41.478, 41.603, 41.67, 41.77, 41.929, 42.035, 29.689], [29.377, 28.831, 28.395, 27.855, 26.548, 24.715, 23.038, 21.905, 21.329, 21.09, 20.291, 17.797, 13.623, 8.595, 3.883, 0.0, 3.173, 5.519, 7.063, 8.276, 9.999, 12.699, 15.297, 16.62, 16.919, 17.463, 19.024, 20.987, 22.048, 22.231, 22.81, 25.846, 31.753, 37.69, 42.455, 45.464, 47.058, 47.666, 46.677, 44.798, 43.815, 43.435, 43.267, 43.66, 44.702, 45.629, 45.903, 45.835, 46.523, 47.961, 49.306, 50.007, 50.069, 49.74, 49.328, 49.075, 48.998, 48.955, 48.877, 48.753, 48.441, 47.969, 47.593, 47.355, 46.891, 46.028, 45.353, 45.253, 45.32, 45.012, 44.605, 44.642, 45.045, 45.41, 45.627, 45.705, 45.117, 43.585, 41.573, 40.486, 40.952, 41.694, 41.619, 41.065, 40.668, 40.663, 40.721, 40.749, 40.739, 40.639, 40.533, 40.57, 40.699, 40.69, 40.457, 40.157, 40.131, 40.412, 40.855, 41.194, 41.505, 41.776, 42.045, 42.557, 43.541, 45.153, 47.046, 48.642, 49.455, 49.156, 48.459, 48.112, 48.264, 48.605, 48.864, 48.992, 48.956, 48.744, 48.462, 48.258, 48.273, 48.402, 48.398, 48.269, 48.209, 48.282, 48.282, 48.073, 47.694, 47.259, 46.722, 45.825, 44.717, 43.816, 43.367, 43.436, 43.895, 44.064, 43.39, 42.284, 41.733, 41.752, 41.721, 41.611, 41.605, 41.769, 41.881, 41.76, 41.519, 41.344, 41.305, 41.41, 41.536, 41.595, 41.686, 41.843, 41.954, 30.14], [29.459, 28.913, 28.508, 28.018, 26.782, 25.07, 23.565, 22.586, 22.081, 21.845, 21.042, 18.638, 14.785, 10.409, 6.528, 3.173, 0.0, 2.71, 4.784, 6.523, 8.667, 11.683, 14.496, 15.941, 16.262, 16.765, 18.301, 20.291, 21.389, 21.6, 22.21, 25.321, 31.331, 37.353, 42.179, 45.217, 46.828, 47.456, 46.483, 44.614, 43.615, 43.201, 43.033, 43.486, 44.577, 45.529, 45.802, 45.732, 46.442, 47.918, 49.293, 50.006, 50.071, 49.742, 49.33, 49.076, 48.998, 48.952, 48.868, 48.74, 48.428, 47.955, 47.578, 47.337, 46.869, 46.004, 45.328, 45.233, 45.301, 44.99, 44.578, 44.617, 45.032, 45.418, 45.655, 45.745, 45.165, 43.639, 41.626, 40.53, 40.994, 41.742, 41.662, 41.083, 40.66, 40.645, 40.708, 40.741, 40.729, 40.624, 40.519, 40.561, 40.693, 40.679, 40.433, 40.11, 40.055, 40.319, 40.757, 41.095, 41.397, 41.661, 41.928, 42.452, 43.452, 45.081, 46.998, 48.618, 49.444, 49.144, 48.445, 48.098, 48.254, 48.603, 48.867, 48.996, 48.957, 48.742, 48.457, 48.25, 48.263, 48.387, 48.377, 48.245, 48.185, 48.258, 48.254, 48.039, 47.656, 47.22, 46.679, 45.768, 44.635, 43.71, 43.248, 43.32, 43.788, 43.958, 43.27, 42.137, 41.56, 41.549, 41.5, 41.385, 41.374, 41.546, 41.675, 41.569, 41.333, 41.157, 41.117, 41.226, 41.359, 41.423, 41.516, 41.678, 41.798, 30.219], [29.618, 29.072, 28.686, 28.226, 27.048, 25.429, 24.042, 23.174, 22.737, 22.505, 21.658, 19.226, 15.475, 11.482, 8.251, 5.519, 2.71, 0.0, 2.441, 4.735, 7.398, 10.784, 13.818, 15.378, 15.725, 16.202, 17.739, 19.784, 20.939, 21.181, 21.839, 25.071, 31.215, 37.329, 42.196, 45.246, 46.87, 47.506, 46.528, 44.648, 43.62, 43.168, 42.985, 43.471, 44.598, 45.571, 45.844, 45.763, 46.474, 47.97, 49.363, 50.086, 50.153, 49.823, 49.411, 49.159, 49.082, 49.032, 48.942, 48.808, 48.496, 48.027, 47.65, 47.407, 46.936, 46.068, 45.39, 45.293, 45.36, 45.046, 44.632, 44.671, 45.095, 45.497, 45.745, 45.837, 45.269, 43.759, 41.743, 40.625, 41.076, 41.832, 41.764, 41.187, 40.76, 40.745, 40.812, 40.848, 40.836, 40.729, 40.621, 40.664, 40.796, 40.776, 40.52, 40.187, 40.126, 40.392, 40.835, 41.165, 41.452, 41.703, 41.966, 42.496, 43.504, 45.132, 47.045, 48.664, 49.489, 49.191, 48.491, 48.144, 48.302, 48.655, 48.922, 49.05, 49.007, 48.788, 48.502, 48.295, 48.307, 48.428, 48.414, 48.28, 48.221, 48.295, 48.291, 48.071, 47.684, 47.245, 46.699, 45.778, 44.635, 43.705, 43.25, 43.334, 43.811, 43.984, 43.292, 42.15, 41.554, 41.517, 41.453, 41.33, 41.307, 41.478, 41.622, 41.532, 41.302, 41.125, 41.083, 41.194, 41.335, 41.408, 41.506, 41.675, 41.801, 30.387], [30.054, 29.527, 29.148, 28.691, 27.534, 25.96, 24.632, 23.825, 23.436, 23.211, 22.341, 19.896, 16.175, 12.305, 9.35, 7.063, 4.784, 2.441, 0.0, 2.643, 5.843, 9.698, 13.008, 14.699, 15.091, 15.606, 17.232, 19.387, 20.604, 20.852, 21.54, 24.897, 31.156, 37.323, 42.2, 45.254, 46.885, 47.525, 46.556, 44.694, 43.681, 43.241, 43.072, 43.568, 44.694, 45.664, 45.942, 45.86, 46.567, 48.06, 49.454, 50.179, 50.248, 49.921, 49.513, 49.264, 49.189, 49.137, 49.044, 48.911, 48.604, 48.142, 47.769, 47.525, 47.054, 46.191, 45.517, 45.418, 45.481, 45.166, 44.752, 44.792, 45.215, 45.616, 45.856, 45.938, 45.377, 43.899, 41.915, 40.799, 41.231, 41.985, 41.942, 41.398, 40.99, 40.982, 41.049, 41.084, 41.071, 40.961, 40.85, 40.888, 41.015, 40.992, 40.737, 40.415, 40.37, 40.651, 41.1, 41.422, 41.696, 41.938, 42.194, 42.713, 43.709, 45.317, 47.198, 48.785, 49.595, 49.299, 48.605, 48.26, 48.418, 48.77, 49.035, 49.159, 49.113, 48.893, 48.609, 48.408, 48.425, 48.549, 48.538, 48.407, 48.351, 48.426, 48.423, 48.204, 47.816, 47.373, 46.823, 45.901, 44.764, 43.848, 43.405, 43.495, 43.971, 44.147, 43.465, 42.343, 41.762, 41.728, 41.665, 41.538, 41.507, 41.671, 41.813, 41.728, 41.502, 41.323, 41.277, 41.389, 41.536, 41.615, 41.715, 41.884, 42.012, 30.8], [30.605, 30.101, 29.727, 29.256, 28.092, 26.526, 25.225, 24.462, 24.113, 23.897, 23.031, 20.622, 16.958, 13.139, 10.274, 8.276, 6.523, 4.735, 2.643, 0.0, 3.559, 7.883, 11.561, 13.465, 13.948, 14.571, 16.398, 18.761, 20.082, 20.336, 21.043, 24.538, 30.948, 37.178, 42.067, 45.127, 46.76, 47.403, 46.463, 44.66, 43.708, 43.316, 43.166, 43.639, 44.731, 45.688, 45.979, 45.912, 46.615, 48.093, 49.475, 50.197, 50.271, 49.952, 49.551, 49.307, 49.231, 49.177, 49.081, 48.949, 48.649, 48.195, 47.827, 47.582, 47.114, 46.265, 45.604, 45.506, 45.566, 45.257, 44.854, 44.897, 45.311, 45.693, 45.918, 45.989, 45.44, 44.01, 42.092, 40.997, 41.401, 42.146, 42.141, 41.654, 41.282, 41.28, 41.343, 41.373, 41.355, 41.241, 41.124, 41.154, 41.275, 41.251, 41.007, 40.713, 40.7, 40.998, 41.445, 41.754, 42.019, 42.257, 42.5, 42.998, 43.971, 45.552, 47.392, 48.936, 49.725, 49.435, 48.752, 48.412, 48.569, 48.915, 49.174, 49.294, 49.246, 49.027, 48.748, 48.554, 48.576, 48.703, 48.696, 48.57, 48.517, 48.593, 48.592, 48.379, 47.996, 47.553, 47.001, 46.086, 44.971, 44.08, 43.657, 43.751, 44.218, 44.391, 43.722, 42.632, 42.09, 42.083, 42.033, 41.909, 41.876, 42.034, 42.167, 42.079, 41.852, 41.666, 41.613, 41.722, 41.872, 41.952, 42.048, 42.211, 42.335, 31.326], [31.263, 30.768, 30.403, 29.929, 28.768, 27.232, 25.983, 25.285, 24.99, 24.795, 23.95, 21.615, 18.081, 14.415, 11.724, 9.999, 8.667, 7.398, 5.843, 3.559, 0.0, 4.628, 8.749, 11.02, 11.69, 12.492, 14.662, 17.4, 18.927, 19.216, 19.972, 23.749, 30.494, 36.892, 41.829, 44.9, 46.536, 47.187, 46.288, 44.568, 43.707, 43.378, 43.233, 43.647, 44.688, 45.63, 45.941, 45.899, 46.599, 48.053, 49.415, 50.133, 50.215, 49.909, 49.522, 49.286, 49.209, 49.148, 49.048, 48.917, 48.625, 48.183, 47.821, 47.577, 47.118, 46.297, 45.667, 45.582, 45.648, 45.357, 44.979, 45.029, 45.424, 45.781, 45.995, 46.071, 45.547, 44.182, 42.348, 41.28, 41.642, 42.368, 42.412, 42.002, 41.673, 41.675, 41.73, 41.753, 41.726, 41.603, 41.48, 41.502, 41.614, 41.589, 41.361, 41.105, 41.132, 41.441, 41.868, 42.146, 42.396, 42.628, 42.853, 43.318, 44.257, 45.799, 47.585, 49.08, 49.849, 49.572, 48.911, 48.582, 48.735, 49.069, 49.318, 49.436, 49.39, 49.176, 48.905, 48.716, 48.736, 48.858, 48.851, 48.728, 48.676, 48.753, 48.757, 48.557, 48.187, 47.751, 47.204, 46.31, 45.238, 44.399, 44.014, 44.12, 44.576, 44.745, 44.088, 43.03, 42.532, 42.555, 42.52, 42.402, 42.376, 42.534, 42.661, 42.578, 42.354, 42.157, 42.09, 42.186, 42.329, 42.406, 42.495, 42.647, 42.763, 31.998], [32.317, 31.821, 31.468, 31.007, 29.897, 28.449, 27.287, 26.655, 26.412, 26.247, 25.438, 23.215, 19.891, 16.51, 14.124, 12.699, 11.683, 10.784, 9.698, 7.883, 4.628, 0.0, 4.503, 7.286, 8.332, 9.508, 12.236, 15.521, 17.338, 17.683, 18.552, 22.82, 30.092, 36.751, 41.748, 44.826, 46.461, 47.122, 46.272, 44.64, 43.869, 43.609, 43.467, 43.815, 44.791, 45.708, 46.036, 46.014, 46.703, 48.119, 49.447, 50.152, 50.241, 49.953, 49.587, 49.365, 49.289, 49.226, 49.126, 49.001, 48.723, 48.303, 47.96, 47.725, 47.282, 46.507, 45.929, 45.871, 45.955, 45.692, 45.347, 45.401, 45.767, 46.095, 46.313, 46.415, 45.927, 44.638, 42.911, 41.888, 42.192, 42.875, 42.961, 42.635, 42.356, 42.362, 42.41, 42.425, 42.387, 42.259, 42.135, 42.152, 42.256, 42.23, 42.019, 41.8, 41.854, 42.156, 42.546, 42.774, 42.991, 43.204, 43.407, 43.828, 44.706, 46.175, 47.878, 49.31, 50.063, 49.815, 49.191, 48.877, 49.02, 49.332, 49.57, 49.689, 49.654, 49.455, 49.197, 49.014, 49.028, 49.141, 49.129, 49.01, 48.96, 49.037, 49.049, 48.866, 48.514, 48.09, 47.559, 46.709, 45.714, 44.962, 44.636, 44.752, 45.194, 45.368, 44.74, 43.726, 43.261, 43.292, 43.27, 43.167, 43.153, 43.306, 43.426, 43.357, 43.147, 42.94, 42.849, 42.921, 43.048, 43.118, 43.201, 43.339, 43.443, 33.102], [33.527, 33.034, 32.688, 32.244, 31.202, 29.858, 28.772, 28.171, 27.949, 27.799, 27.025, 24.911, 21.777, 18.642, 16.499, 15.297, 14.496, 13.818, 13.008, 11.561, 8.749, 4.503, 0.0, 3.199, 4.91, 6.917, 10.385, 14.14, 16.158, 16.524, 17.526, 22.289, 30.03, 36.906, 41.95, 45.024, 46.652, 47.32, 46.518, 44.952, 44.242, 44.036, 43.909, 44.219, 45.147, 46.04, 46.366, 46.346, 47.012, 48.383, 49.672, 50.359, 50.452, 50.184, 49.84, 49.634, 49.565, 49.508, 49.421, 49.309, 49.046, 48.65, 48.333, 48.116, 47.693, 46.959, 46.429, 46.399, 46.498, 46.259, 45.935, 45.981, 46.312, 46.618, 46.856, 46.997, 46.543, 45.317, 43.696, 42.731, 42.987, 43.612, 43.712, 43.443, 43.206, 43.221, 43.265, 43.275, 43.233, 43.107, 42.99, 43.008, 43.107, 43.082, 42.89, 42.691, 42.742, 43.021, 43.378, 43.562, 43.741, 43.931, 44.113, 44.49, 45.304, 46.695, 48.322, 49.701, 50.444, 50.229, 49.642, 49.342, 49.467, 49.754, 49.98, 50.105, 50.087, 49.91, 49.67, 49.495, 49.506, 49.61, 49.596, 49.478, 49.428, 49.502, 49.515, 49.34, 49.0, 48.586, 48.072, 47.271, 46.36, 45.694, 45.414, 45.524, 45.955, 46.148, 45.56, 44.584, 44.129, 44.151, 44.136, 44.048, 44.042, 44.182, 44.287, 44.227, 44.033, 43.821, 43.706, 43.751, 43.864, 43.933, 44.014, 44.138, 44.232, 34.353], [34.263, 33.776, 33.432, 32.996, 31.996, 30.707, 29.655, 29.053, 28.821, 28.662, 27.894, 25.824, 22.776, 19.748, 17.712, 16.62, 15.941, 15.378, 14.699, 13.465, 11.02, 7.286, 3.199, 0.0, 2.407, 5.402, 9.511, 13.542, 15.63, 15.971, 17.068, 22.155, 30.158, 37.129, 42.178, 45.244, 46.864, 47.533, 46.761, 45.237, 44.562, 44.384, 44.266, 44.568, 45.484, 46.368, 46.685, 46.657, 47.3, 48.639, 49.901, 50.577, 50.675, 50.422, 50.093, 49.895, 49.833, 49.787, 49.716, 49.616, 49.361, 48.977, 48.677, 48.474, 48.062, 47.345, 46.836, 46.82, 46.925, 46.695, 46.377, 46.414, 46.723, 47.02, 47.277, 47.448, 47.011, 45.817, 44.26, 43.334, 43.567, 44.154, 44.253, 44.007, 43.791, 43.813, 43.856, 43.861, 43.817, 43.694, 43.584, 43.605, 43.704, 43.683, 43.504, 43.314, 43.352, 43.608, 43.943, 44.107, 44.265, 44.441, 44.61, 44.957, 45.732, 47.083, 48.68, 50.044, 50.788, 50.591, 50.022, 49.726, 49.838, 50.108, 50.328, 50.457, 50.45, 50.286, 50.058, 49.89, 49.902, 50.004, 49.989, 49.872, 49.819, 49.886, 49.895, 49.719, 49.381, 48.972, 48.47, 47.698, 46.83, 46.206, 45.942, 46.042, 46.468, 46.678, 46.117, 45.159, 44.697, 44.714, 44.704, 44.622, 44.616, 44.744, 44.834, 44.777, 44.594, 44.381, 44.253, 44.284, 44.394, 44.47, 44.553, 44.67, 44.759, 35.104], [34.409, 33.926, 33.594, 33.176, 32.193, 30.923, 29.882, 29.28, 29.04, 28.87, 28.086, 26.002, 22.96, 19.969, 17.979, 16.919, 16.262, 15.725, 15.091, 13.948, 11.69, 8.332, 4.91, 2.407, 0.0, 3.502, 8.199, 12.631, 14.876, 15.235, 16.459, 21.877, 30.112, 37.151, 42.197, 45.258, 46.877, 47.543, 46.769, 45.252, 44.591, 44.421, 44.313, 44.638, 45.576, 46.466, 46.78, 46.744, 47.379, 48.71, 49.97, 50.645, 50.744, 50.492, 50.162, 49.965, 49.906, 49.869, 49.811, 49.718, 49.465, 49.08, 48.781, 48.58, 48.17, 47.453, 46.942, 46.927, 47.034, 46.803, 46.484, 46.516, 46.823, 47.126, 47.397, 47.579, 47.141, 45.946, 44.393, 43.475, 43.716, 44.304, 44.397, 44.148, 43.934, 43.961, 44.006, 44.008, 43.958, 43.833, 43.727, 43.755, 43.858, 43.839, 43.659, 43.462, 43.484, 43.72, 44.038, 44.19, 44.339, 44.507, 44.672, 45.008, 45.766, 47.108, 48.709, 50.093, 50.852, 50.658, 50.087, 49.79, 49.898, 50.166, 50.386, 50.516, 50.509, 50.346, 50.12, 49.954, 49.969, 50.071, 50.055, 49.937, 49.884, 49.951, 49.956, 49.777, 49.438, 49.032, 48.535, 47.766, 46.902, 46.282, 46.023, 46.129, 46.558, 46.774, 46.216, 45.253, 44.775, 44.78, 44.767, 44.68, 44.668, 44.791, 44.882, 44.837, 44.671, 44.468, 44.338, 44.366, 44.478, 44.564, 44.655, 44.776, 44.867, 35.258], [34.475, 33.978, 33.686, 33.327, 32.38, 31.14, 30.135, 29.564, 29.352, 29.207, 28.423, 26.33, 23.318, 20.416, 18.512, 17.463, 16.765, 16.202, 15.606, 14.571, 12.492, 9.508, 6.917, 5.402, 3.502, 0.0, 5.11, 10.068, 12.693, 13.251, 14.725, 20.672, 29.346, 36.628, 41.786, 44.892, 46.54, 47.212, 46.412, 44.871, 44.217, 44.082, 44.037, 44.449, 45.435, 46.33, 46.635, 46.6, 47.252, 48.607, 49.883, 50.565, 50.661, 50.404, 50.069, 49.87, 49.815, 49.788, 49.743, 49.661, 49.409, 49.021, 48.722, 48.523, 48.109, 47.381, 46.862, 46.85, 46.963, 46.731, 46.402, 46.427, 46.743, 47.073, 47.372, 47.565, 47.115, 45.877, 44.27, 43.358, 43.663, 44.277, 44.336, 44.031, 43.786, 43.817, 43.872, 43.873, 43.814, 43.681, 43.581, 43.625, 43.739, 43.715, 43.508, 43.266, 43.24, 43.443, 43.747, 43.899, 44.045, 44.207, 44.371, 44.706, 45.459, 46.81, 48.446, 49.878, 50.67, 50.474, 49.89, 49.582, 49.691, 49.969, 50.199, 50.331, 50.319, 50.148, 49.913, 49.742, 49.756, 49.856, 49.837, 49.718, 49.669, 49.738, 49.739, 49.551, 49.205, 48.793, 48.288, 47.504, 46.62, 45.992, 45.744, 45.872, 46.319, 46.543, 45.981, 44.995, 44.476, 44.434, 44.382, 44.275, 44.255, 44.383, 44.498, 44.489, 44.36, 44.179, 44.054, 44.083, 44.2, 44.295, 44.399, 44.534, 44.637, 35.337], [34.901, 34.371, 34.138, 33.882, 33.014, 31.846, 30.924, 30.424, 30.274, 30.204, 29.479, 27.442, 24.539, 21.808, 20.04, 19.024, 18.301, 17.739, 17.232, 16.398, 14.662, 12.236, 10.385, 9.511, 8.199, 5.11, 0.0, 5.372, 8.604, 9.742, 11.668, 18.218, 27.477, 35.236, 40.724, 43.983, 45.706, 46.417, 45.593, 44.009, 43.377, 43.352, 43.491, 44.091, 45.152, 46.039, 46.325, 46.308, 47.019, 48.427, 49.727, 50.414, 50.511, 50.254, 49.919, 49.721, 49.674, 49.664, 49.639, 49.572, 49.328, 48.943, 48.65, 48.457, 48.037, 47.289, 46.759, 46.758, 46.885, 46.647, 46.291, 46.295, 46.628, 47.016, 47.371, 47.584, 47.099, 45.761, 44.051, 43.166, 43.6, 44.252, 44.215, 43.776, 43.456, 43.486, 43.561, 43.568, 43.5, 43.359, 43.268, 43.336, 43.468, 43.431, 43.171, 42.831, 42.704, 42.859, 43.164, 43.34, 43.498, 43.665, 43.826, 44.159, 44.911, 46.299, 48.017, 49.538, 50.382, 50.182, 49.573, 49.252, 49.368, 49.668, 49.922, 50.063, 50.043, 49.852, 49.593, 49.407, 49.416, 49.514, 49.492, 49.373, 49.33, 49.405, 49.4, 49.196, 48.832, 48.402, 47.877, 47.061, 46.134, 45.47, 45.213, 45.358, 45.837, 46.087, 45.526, 44.506, 43.921, 43.791, 43.663, 43.524, 43.501, 43.644, 43.787, 43.823, 43.743, 43.598, 43.49, 43.525, 43.642, 43.739, 43.856, 44.014, 44.135, 35.73], [35.565, 35.032, 34.843, 34.685, 33.918, 32.859, 32.05, 31.63, 31.539, 31.555, 30.932, 29.003, 26.231, 23.641, 21.968, 20.987, 20.291, 19.784, 19.387, 18.761, 17.4, 15.521, 14.14, 13.542, 12.631, 10.068, 5.372, 0.0, 3.851, 6.092, 8.889, 15.803, 25.31, 33.437, 39.313, 42.8, 44.64, 45.421, 44.587, 42.942, 42.337, 42.485, 42.908, 43.764, 44.913, 45.786, 46.048, 46.064, 46.853, 48.318, 49.634, 50.319, 50.421, 50.175, 49.847, 49.652, 49.616, 49.625, 49.623, 49.571, 49.333, 48.953, 48.67, 48.485, 48.056, 47.285, 46.741, 46.754, 46.892, 46.634, 46.233, 46.204, 46.554, 47.006, 47.417, 47.632, 47.07, 45.584, 43.757, 42.919, 43.497, 44.173, 44.009, 43.404, 42.996, 43.026, 43.123, 43.141, 43.071, 42.928, 42.848, 42.939, 43.089, 43.042, 42.723, 42.265, 42.015, 42.12, 42.436, 42.652, 42.835, 43.014, 43.171, 43.501, 44.26, 45.704, 47.531, 49.16, 50.062, 49.859, 49.221, 48.889, 49.018, 49.344, 49.622, 49.772, 49.739, 49.518, 49.229, 49.027, 49.034, 49.136, 49.115, 48.996, 48.96, 49.04, 49.029, 48.81, 48.428, 47.985, 47.451, 46.611, 45.631, 44.898, 44.587, 44.723, 45.237, 45.52, 44.961, 43.903, 43.243, 43.031, 42.838, 42.676, 42.656, 42.81, 42.966, 43.029, 42.986, 42.88, 42.802, 42.852, 42.968, 43.058, 43.18, 43.362, 43.501, 36.248], [36.018, 35.536, 35.366, 35.248, 34.541, 33.564, 32.842, 32.471, 32.402, 32.463, 31.916, 30.062, 27.334, 24.741, 23.036, 22.048, 21.389, 20.939, 20.604, 20.082, 18.927, 17.338, 16.158, 15.63, 14.876, 12.693, 8.604, 3.851, 0.0, 3.242, 7.355, 14.847, 24.307, 32.353, 38.31, 41.923, 43.86, 44.708, 43.872, 42.178, 41.592, 41.877, 42.532, 43.596, 44.823, 45.693, 45.934, 45.971, 46.808, 48.3, 49.616, 50.296, 50.399, 50.164, 49.845, 49.658, 49.633, 49.661, 49.681, 49.643, 49.408, 49.027, 48.748, 48.568, 48.133, 47.345, 46.791, 46.811, 46.95, 46.669, 46.229, 46.171, 46.524, 47.008, 47.443, 47.638, 46.988, 45.378, 43.478, 42.679, 43.334, 44.012, 43.77, 43.071, 42.62, 42.655, 42.764, 42.788, 42.723, 42.585, 42.515, 42.619, 42.778, 42.731, 42.385, 41.86, 41.537, 41.612, 41.934, 42.177, 42.381, 42.568, 42.725, 43.054, 43.812, 45.281, 47.165, 48.856, 49.793, 49.587, 48.931, 48.595, 48.734, 49.073, 49.361, 49.514, 49.473, 49.233, 48.928, 48.718, 48.73, 48.842, 48.825, 48.71, 48.677, 48.759, 48.741, 48.511, 48.12, 47.677, 47.149, 46.303, 45.288, 44.495, 44.127, 44.24, 44.771, 45.069, 44.509, 43.429, 42.734, 42.5, 42.295, 42.129, 42.113, 42.273, 42.436, 42.512, 42.485, 42.404, 42.351, 42.418, 42.537, 42.621, 42.744, 42.937, 43.087, 36.502], [36.212, 35.81, 35.674, 35.557, 34.847, 33.888, 33.203, 32.861, 32.798, 32.869, 32.35, 30.522, 27.766, 25.071, 23.255, 22.231, 21.6, 21.181, 20.852, 20.336, 19.216, 17.683, 16.524, 15.971, 15.235, 13.251, 9.742, 6.092, 3.242, 0.0, 5.243, 13.926, 23.89, 31.94, 37.8, 41.371, 43.327, 44.211, 43.402, 41.742, 41.22, 41.577, 42.302, 43.426, 44.675, 45.539, 45.776, 45.819, 46.661, 48.147, 49.458, 50.14, 50.251, 50.024, 49.717, 49.541, 49.527, 49.573, 49.616, 49.598, 49.37, 48.988, 48.707, 48.529, 48.1, 47.317, 46.767, 46.787, 46.919, 46.63, 46.183, 46.119, 46.47, 46.956, 47.39, 47.567, 46.885, 45.262, 43.379, 42.592, 43.232, 43.898, 43.665, 42.987, 42.556, 42.597, 42.704, 42.727, 42.667, 42.535, 42.465, 42.563, 42.719, 42.677, 42.344, 41.828, 41.517, 41.604, 41.936, 42.183, 42.391, 42.578, 42.739, 43.061, 43.795, 45.242, 47.119, 48.81, 49.75, 49.542, 48.884, 48.548, 48.689, 49.027, 49.314, 49.466, 49.426, 49.186, 48.878, 48.669, 48.686, 48.805, 48.795, 48.686, 48.656, 48.734, 48.709, 48.475, 48.083, 47.64, 47.109, 46.26, 45.243, 44.441, 44.056, 44.152, 44.672, 44.969, 44.416, 43.354, 42.68, 42.469, 42.277, 42.112, 42.097, 42.262, 42.437, 42.523, 42.494, 42.404, 42.349, 42.419, 42.539, 42.624, 42.749, 42.945, 43.089, 36.594], [36.443, 36.069, 36.022, 35.963, 35.242, 34.253, 33.584, 33.3, 33.284, 33.389, 32.931, 31.194, 28.492, 25.76, 23.866, 22.81, 22.21, 21.839, 21.54, 21.043, 19.972, 18.552, 17.526, 17.068, 16.459, 14.725, 11.668, 8.889, 7.355, 5.243, 0.0, 9.696, 20.973, 29.992, 36.336, 40.01, 41.976, 42.908, 42.179, 40.67, 40.349, 40.847, 41.627, 42.746, 43.948, 44.782, 45.045, 45.133, 46.001, 47.496, 48.82, 49.531, 49.664, 49.448, 49.145, 48.973, 48.97, 49.033, 49.104, 49.113, 48.899, 48.518, 48.237, 48.067, 47.657, 46.894, 46.356, 46.374, 46.502, 46.213, 45.775, 45.727, 46.103, 46.614, 47.051, 47.204, 46.519, 44.94, 43.123, 42.357, 42.98, 43.641, 43.437, 42.807, 42.403, 42.452, 42.562, 42.586, 42.526, 42.392, 42.311, 42.395, 42.542, 42.501, 42.174, 41.666, 41.374, 41.501, 41.868, 42.134, 42.356, 42.568, 42.75, 43.07, 43.795, 45.267, 47.194, 48.923, 49.869, 49.649, 48.979, 48.637, 48.775, 49.115, 49.404, 49.555, 49.509, 49.259, 48.939, 48.721, 48.737, 48.861, 48.859, 48.755, 48.724, 48.796, 48.768, 48.535, 48.146, 47.7, 47.157, 46.288, 45.252, 44.431, 44.024, 44.093, 44.6, 44.902, 44.368, 43.344, 42.703, 42.489, 42.275, 42.097, 42.084, 42.25, 42.416, 42.493, 42.449, 42.343, 42.275, 42.333, 42.444, 42.526, 42.658, 42.863, 43.005, 36.854], [37.6, 37.184, 37.234, 37.324, 36.707, 35.776, 35.184, 35.013, 35.1, 35.309, 35.037, 33.614, 31.24, 28.713, 26.88, 25.846, 25.321, 25.071, 24.897, 24.538, 23.749, 22.82, 22.289, 22.155, 21.877, 20.672, 18.218, 15.803, 14.847, 13.926, 9.696, 0.0, 12.803, 24.075, 32.172, 36.528, 38.615, 39.644, 39.117, 37.964, 38.137, 39.108, 40.246, 41.47, 42.544, 43.251, 43.562, 43.818, 44.833, 46.388, 47.732, 48.479, 48.646, 48.442, 48.131, 47.945, 47.945, 48.031, 48.137, 48.182, 47.992, 47.624, 47.36, 47.221, 46.845, 46.108, 45.596, 45.64, 45.778, 45.483, 45.04, 45.016, 45.454, 46.029, 46.454, 46.522, 45.771, 44.189, 42.494, 41.925, 42.67, 43.324, 43.052, 42.385, 41.995, 42.084, 42.222, 42.251, 42.184, 42.04, 41.948, 42.027, 42.171, 42.118, 41.753, 41.158, 40.791, 40.916, 41.302, 41.609, 41.891, 42.195, 42.418, 42.725, 43.457, 45.032, 47.118, 48.963, 49.947, 49.71, 49.014, 48.657, 48.791, 49.136, 49.426, 49.567, 49.491, 49.198, 48.844, 48.611, 48.63, 48.767, 48.774, 48.672, 48.636, 48.701, 48.669, 48.445, 48.074, 47.646, 47.112, 46.227, 45.134, 44.225, 43.726, 43.741, 44.247, 44.562, 44.056, 43.107, 42.526, 42.3, 42.051, 41.866, 41.86, 41.987, 42.057, 42.056, 41.987, 41.896, 41.846, 41.905, 41.995, 42.052, 42.184, 42.417, 42.574, 37.981], [40.644, 40.256, 40.332, 40.548, 40.159, 39.478, 39.097, 39.068, 39.244, 39.549, 39.495, 38.488, 36.601, 34.423, 32.728, 31.753, 31.331, 31.215, 31.156, 30.948, 30.494, 30.092, 30.03, 30.158, 30.112, 29.346, 27.477, 25.31, 24.307, 23.89, 20.973, 12.803, 0.0, 13.697, 24.738, 30.646, 33.077, 34.237, 34.094