[[0.0, 7.112, 15.116, 20.419, 23.144, 25.344, 27.88, 30.203, 31.498, 32.308, 33.849, 35.539, 35.691, 35.616, 36.835, 38.091, 39.239, 39.957, 39.561, 38.704, 37.944, 37.499, 37.476, 37.648, 37.302, 36.79, 37.059, 37.459, 37.475, 37.451, 37.543, 37.452, 37.379, 37.365, 37.02, 36.74, 36.894, 37.464, 37.767, 37.633, 37.443, 37.398, 37.443, 37.159, 37.562, 38.773, 40.035, 40.831, 41.136, 41.547, 41.339, 40.059, 39.655, 40.09, 40.119, 39.697, 39.343, 39.285, 39.42, 39.472, 39.655, 40.183, 40.724, 40.698, 40.634, 40.772, 40.22, 39.107, 39.042, 39.382, 38.537, 38.14, 38.639, 38.41, 37.841, 37.607, 37.104, 35.984, 34.962, 35.107, 35.627, 36.187, 36.735, 36.792, 36.729, 36.596, 36.663, 37.007, 37.356, 37.436, 37.606, 38.185, 38.424, 38.422, 38.472, 38.424, 38.435, 38.666, 39.379, 40.787, 41.871, 42.006, 41.557, 42.624, 45.294, 47.056, 47.2, 46.353, 45.516, 45.317, 45.342, 44.848, 43.915, 42.938, 41.941, 40.892, 40.517, 41.042, 41.039, 40.819, 41.224, 41.292, 40.135, 38.399, 36.815, 35.849, 35.651, 35.795, 35.771, 35.56, 35.578, 35.522, 35.329, 35.145, 35.168, 35.419, 35.707, 35.99, 36.453, 36.839, 36.83, 37.191, 37.882, 37.929, 5.237], [7.112, 0.0, 9.133, 15.587, 18.989, 21.564, 24.79, 27.869, 29.562, 30.574, 32.357, 34.265, 34.483, 34.426, 35.797, 37.254, 38.5, 39.257, 38.889, 38.077, 37.355, 36.924, 36.903, 37.079, 36.704, 36.128, 36.377, 36.806, 36.844, 36.825, 36.934, 36.873, 36.819, 36.806, 36.45, 36.165, 36.335, 36.917, 37.192, 37.029, 36.841, 36.854, 36.976, 36.683, 37.051, 38.269, 39.57, 40.395, 40.707, 41.134, 40.945, 39.663, 39.291, 39.792, 39.848, 39.408, 39.036, 38.997, 39.15, 39.191, 39.368, 39.903, 40.435, 40.398, 40.345, 40.484, 39.882, 38.67, 38.581, 38.942, 38.076, 37.684, 38.247, 38.059, 37.49, 37.252, 36.77, 35.615, 34.453, 34.502, 34.971, 35.512, 36.062, 36.128, 36.086, 35.956, 36.013, 36.376, 36.789, 36.926, 37.143, 37.757, 37.987, 37.955, 37.982, 37.95, 37.988, 38.218, 38.955, 40.424, 41.559, 41.709, 41.24, 42.28, 44.966, 46.788, 46.979, 46.148, 45.316, 45.117, 45.116, 44.591, 43.659, 42.664, 41.613, 40.492, 40.08, 40.622, 40.616, 40.352, 40.741, 40.82, 39.645, 37.882, 36.297, 35.334, 35.151, 35.32, 35.318, 35.117, 35.134, 35.094, 34.944, 34.799, 34.854, 35.109, 35.378, 35.667, 36.164, 36.589, 36.58, 36.937, 37.638, 37.688, 11.052], [15.116, 9.133, 0.0, 7.947, 13.001, 16.675, 21.098, 25.183, 27.423, 28.882, 31.139, 33.287, 33.588, 33.633, 35.206, 36.877, 38.197, 38.996, 38.729, 38.029, 37.382, 37.006, 37.013, 37.199, 36.816, 36.189, 36.392, 36.837, 36.903, 36.885, 36.995, 36.96, 36.929, 36.921, 36.56, 36.264, 36.442, 37.019, 37.289, 37.16, 37.043, 37.158, 37.36, 37.073, 37.393, 38.545, 39.813, 40.62, 40.907, 41.321, 41.144, 39.905, 39.583, 40.132, 40.217, 39.786, 39.41, 39.358, 39.494, 39.516, 39.671, 40.17, 40.658, 40.604, 40.557, 40.686, 40.066, 38.829, 38.727, 39.1, 38.299, 38.007, 38.65, 38.523, 37.994, 37.777, 37.321, 36.171, 34.907, 34.826, 35.223, 35.686, 36.196, 36.296, 36.288, 36.194, 36.292, 36.659, 37.086, 37.268, 37.542, 38.197, 38.434, 38.366, 38.349, 38.332, 38.396, 38.593, 39.263, 40.673, 41.797, 41.955, 41.464, 42.407, 45.007, 46.81, 47.021, 46.23, 45.436, 45.254, 45.236, 44.703, 43.799, 42.795, 41.701, 40.543, 40.113, 40.632, 40.591, 40.284, 40.633, 40.69, 39.528, 37.827, 36.365, 35.513, 35.39, 35.587, 35.606, 35.42, 35.421, 35.395, 35.302, 35.231, 35.332, 35.559, 35.783, 36.082, 36.618, 37.086, 37.092, 37.417, 38.087, 38.152, 17.742], [20.419, 15.587, 7.947, 0.0, 6.76, 12.507, 18.657, 23.542, 26.091, 27.955, 30.671, 32.981, 33.342, 33.521, 35.245, 37.005, 38.361, 39.209, 39.004, 38.367, 37.776, 37.449, 37.468, 37.647, 37.282, 36.662, 36.842, 37.282, 37.36, 37.337, 37.433, 37.401, 37.372, 37.349, 36.99, 36.685, 36.817, 37.344, 37.626, 37.556, 37.492, 37.635, 37.861, 37.611, 37.892, 38.958, 40.173, 40.959, 41.217, 41.601, 41.43, 40.23, 39.916, 40.453, 40.542, 40.129, 39.773, 39.723, 39.856, 39.886, 40.042, 40.524, 40.988, 40.928, 40.883, 41.01, 40.442, 39.283, 39.169, 39.529, 38.821, 38.607, 39.254, 39.162, 38.684, 38.484, 38.044, 36.963, 35.721, 35.558, 35.89, 36.305, 36.782, 36.883, 36.884, 36.827, 36.98, 37.363, 37.785, 37.981, 38.269, 38.924, 39.165, 39.07, 39.011, 38.985, 39.055, 39.252, 39.895, 41.229, 42.297, 42.444, 41.951, 42.831, 45.335, 47.08, 47.281, 46.517, 45.755, 45.579, 45.546, 45.011, 44.127, 43.121, 42.008, 40.85, 40.413, 40.878, 40.803, 40.493, 40.817, 40.85, 39.712, 38.085, 36.745, 35.998, 35.931, 36.144, 36.176, 36.009, 36.028, 36.031, 35.991, 35.973, 36.078, 36.246, 36.448, 36.771, 37.314, 37.795, 37.814, 38.101, 38.724, 38.809, 22.421], [23.144, 18.989, 13.001, 6.76, 0.0, 7.694, 16.149, 22.147, 25.008, 27.176, 30.283, 32.748, 33.197, 33.495, 35.334, 37.181, 38.602, 39.472, 39.237, 38.58, 38.022, 37.732, 37.752, 37.925, 37.582, 36.991, 37.164, 37.587, 37.659, 37.621, 37.699, 37.662, 37.633, 37.609, 37.265, 36.964, 37.053, 37.528, 37.8, 37.751, 37.695, 37.807, 38.035, 37.834, 38.092, 39.077, 40.247, 41.025, 41.266, 41.633, 41.486, 40.308, 39.987, 40.516, 40.599, 40.188, 39.852, 39.826, 39.977, 40.018, 40.173, 40.638, 41.083, 41.013, 40.959, 41.084, 40.574, 39.516, 39.386, 39.71, 39.051, 38.893, 39.543, 39.465, 39.01, 38.822, 38.382, 37.322, 36.101, 35.913, 36.223, 36.651, 37.138, 37.23, 37.222, 37.167, 37.34, 37.754, 38.189, 38.375, 38.647, 39.283, 39.507, 39.398, 39.33, 39.292, 39.371, 39.604, 40.251, 41.534, 42.547, 42.677, 42.191, 43.054, 45.501, 47.2, 47.371, 46.583, 45.826, 45.667, 45.627, 45.079, 44.226, 43.253, 42.134, 40.965, 40.52, 40.953, 40.855, 40.55, 40.875, 40.902, 39.776, 38.194, 36.933, 36.259, 36.221, 36.437, 36.466, 36.29, 36.311, 36.329, 36.302, 36.29, 36.376, 36.519, 36.751, 37.123, 37.696, 38.204, 38.248, 38.509, 39.095, 39.191, 24.937], [25.344, 21.564, 16.675, 12.507, 7.694, 0.0, 10.401, 18.324, 22.168, 24.845, 28.545, 31.35, 31.936, 32.398, 34.516, 36.645, 38.254, 39.163, 38.896, 38.255, 37.751, 37.503, 37.552, 37.751, 37.424, 36.847, 37.037, 37.486, 37.572, 37.522, 37.587, 37.554, 37.546, 37.549, 37.215, 36.891, 36.973, 37.466, 37.728, 37.67, 37.621, 37.709, 37.917, 37.726, 38.024, 39.021, 40.188, 40.986, 41.257, 41.654, 41.515, 40.298, 39.963, 40.503, 40.581, 40.159, 39.821, 39.803, 39.96, 39.997, 40.118, 40.525, 40.929, 40.844, 40.783, 40.898, 40.361, 39.283, 39.127, 39.426, 38.761, 38.659, 39.379, 39.306, 38.824, 38.633, 38.187, 37.048, 35.755, 35.592, 35.977, 36.481, 37.009, 37.137, 37.147, 37.077, 37.211, 37.619, 38.074, 38.249, 38.481, 39.094, 39.305, 39.209, 39.165, 39.124, 39.215, 39.451, 40.07, 41.356, 42.379, 42.508, 42.034, 42.948, 45.456, 47.176, 47.331, 46.497, 45.712, 45.564, 45.518, 44.939, 44.082, 43.11, 41.963, 40.775, 40.338, 40.772, 40.654, 40.336, 40.677, 40.712, 39.572, 37.987, 36.759, 36.11, 36.073, 36.288, 36.302, 36.063, 36.023, 36.029, 35.993, 35.98, 36.075, 36.249, 36.526, 36.924, 37.534, 38.068, 38.119, 38.375, 38.95, 39.042, 26.948], [27.88, 24.79, 21.098, 18.657, 16.149, 10.401, 0.0, 9.997, 16.033, 20.0, 24.636, 28.011, 28.792, 29.513, 32.116, 34.75, 36.788, 37.894, 37.68, 37.127, 36.73, 36.546, 36.654, 36.909, 36.602, 36.035, 36.301, 36.86, 37.009, 36.983, 37.05, 37.017, 37.043, 37.095, 36.772, 36.418, 36.544, 37.174, 37.511, 37.451, 37.383, 37.419, 37.554, 37.328, 37.713, 38.807, 40.032, 40.879, 41.208, 41.65, 41.447, 40.129, 39.8, 40.341, 40.407, 39.986, 39.655, 39.639, 39.792, 39.815, 39.882, 40.205, 40.559, 40.446, 40.359, 40.456, 39.88, 38.732, 38.545, 38.829, 38.111, 38.037, 38.835, 38.736, 38.195, 37.997, 37.53, 36.244, 34.847, 34.801, 35.361, 35.997, 36.578, 36.754, 36.809, 36.715, 36.764, 37.092, 37.501, 37.632, 37.796, 38.389, 38.603, 38.541, 38.54, 38.491, 38.555, 38.763, 39.405, 40.79, 41.862, 41.983, 41.541, 42.633, 45.364, 47.193, 47.363, 46.478, 45.627, 45.457, 45.423, 44.828, 43.893, 42.831, 41.628, 40.435, 40.021, 40.458, 40.342, 40.041, 40.429, 40.486, 39.312, 37.656, 36.363, 35.646, 35.57, 35.786, 35.776, 35.433, 35.272, 35.24, 35.2, 35.206, 35.339, 35.546, 35.828, 36.205, 36.811, 37.337, 37.353, 37.61, 38.219, 38.312, 29.099], [30.203, 27.869, 25.183, 23.542, 22.147, 18.324, 9.997, 0.0, 8.304, 14.725, 20.802, 24.65, 25.604, 26.647, 29.637, 32.688, 35.278, 36.783, 36.748, 36.301, 36.041, 35.98, 36.164, 36.456, 36.177, 35.638, 35.96, 36.589, 36.79, 36.81, 36.9, 36.878, 36.922, 36.997, 36.709, 36.355, 36.5, 37.246, 37.713, 37.689, 37.585, 37.56, 37.633, 37.421, 37.878, 39.008, 40.237, 41.092, 41.435, 41.867, 41.579, 40.221, 39.925, 40.42, 40.457, 40.06, 39.757, 39.745, 39.904, 39.922, 39.97, 40.28, 40.632, 40.503, 40.387, 40.475, 39.929, 38.788, 38.574, 38.833, 38.072, 37.933, 38.681, 38.544, 37.993, 37.806, 37.326, 35.997, 34.672, 34.789, 35.476, 36.196, 36.809, 37.015, 37.094, 36.984, 36.981, 37.212, 37.514, 37.56, 37.641, 38.2, 38.423, 38.392, 38.44, 38.393, 38.376, 38.572, 39.335, 40.778, 41.835, 41.941, 41.532, 42.76, 45.633, 47.545, 47.77, 46.897, 46.011, 45.801, 45.752, 45.156, 44.158, 43.004, 41.768, 40.63, 40.283, 40.703, 40.582, 40.324, 40.731, 40.771, 39.582, 37.895, 36.534, 35.747, 35.65, 35.885, 35.87, 35.462, 35.23, 35.175, 35.116, 35.123, 35.257, 35.47, 35.758, 36.134, 36.71, 37.186, 37.137, 37.354, 37.962, 38.046, 31.088], [31.498, 29.562, 27.423, 26.091, 25.008, 22.168, 16.033, 8.304, 0.0, 8.943, 17.69, 22.435, 23.468, 24.792, 28.225, 31.567, 34.435, 36.238, 36.412, 36.06, 35.843, 35.828, 36.061, 36.38, 36.113, 35.592, 35.942, 36.583, 36.793, 36.828, 36.939, 36.945, 37.004, 37.088, 36.837, 36.502, 36.601, 37.337, 37.859, 37.863, 37.739, 37.674, 37.729, 37.535, 38.007, 39.123, 40.32, 41.16, 41.489, 41.881, 41.563, 40.237, 39.988, 40.46, 40.475, 40.09, 39.803, 39.799, 39.967, 39.978, 40.029, 40.393, 40.8, 40.695, 40.588, 40.693, 40.184, 39.061, 38.829, 39.077, 38.289, 38.04, 38.708, 38.564, 38.009, 37.814, 37.334, 36.027, 34.778, 34.963, 35.643, 36.362, 36.994, 37.215, 37.295, 37.19, 37.198, 37.418, 37.674, 37.674, 37.708, 38.217, 38.426, 38.405, 38.48, 38.438, 38.367, 38.552, 39.414, 40.945, 42.021, 42.114, 41.699, 42.936, 45.814, 47.752, 48.025, 47.2, 46.328, 46.085, 45.992, 45.375, 44.359, 43.174, 41.947, 40.869, 40.588, 41.005, 40.872, 40.624, 41.018, 41.031, 39.868, 38.232, 36.843, 35.998, 35.887, 36.138, 36.125, 35.703, 35.479, 35.433, 35.359, 35.343, 35.455, 35.675, 36.015, 36.443, 36.977, 37.355, 37.228, 37.401, 37.985, 38.053, 32.258], [32.308, 30.574, 28.882, 27.955, 27.176, 24.845, 20.0, 14.725, 8.943, 0.0, 11.549, 18.387, 19.849, 21.264, 25.412, 29.455, 32.706, 34.776, 35.176, 34.974, 34.751, 34.682, 34.937, 35.32, 35.049, 34.476, 34.851, 35.551, 35.778, 35.804, 35.934, 36.009, 36.162, 36.299, 36.055, 35.749, 35.879, 36.647, 37.162, 37.118, 36.964, 36.899, 36.958, 36.716, 37.19, 38.375, 39.639, 40.519, 40.872, 41.257, 40.907, 39.548, 39.347, 39.882, 39.919, 39.526, 39.223, 39.228, 39.419, 39.428, 39.475, 39.877, 40.339, 40.268, 40.202, 40.341, 39.765, 38.483, 38.184, 38.458, 37.616, 37.264, 37.946, 37.821, 37.22, 36.984, 36.492, 35.13, 33.811, 34.035, 34.738, 35.51, 36.21, 36.448, 36.497, 36.36, 36.394, 36.673, 36.962, 36.969, 37.014, 37.525, 37.715, 37.682, 37.774, 37.738, 37.632, 37.787, 38.712, 40.407, 41.592, 41.685, 41.233, 42.481, 45.395, 47.358, 47.647, 46.826, 45.945, 45.701, 45.596, 44.946, 43.894, 42.694, 41.478, 40.409, 40.152, 40.622, 40.508, 40.246, 40.646, 40.657, 39.464, 37.781, 36.291, 35.344, 35.219, 35.481, 35.455, 35.017, 34.814, 34.79, 34.729, 34.718, 34.844, 35.13, 35.578, 36.064, 36.538, 36.786, 36.543, 36.679, 37.269, 37.322, 33.028], [33.849, 32.357, 31.139, 30.671, 30.283, 28.545, 24.636, 20.802, 17.69, 11.549, 0.0, 9.294, 12.356, 14.132, 19.037, 24.465, 28.856, 31.51, 32.316, 32.521, 32.582, 32.642, 33.011, 33.532, 33.327, 32.747, 33.207, 34.058, 34.405, 34.502, 34.683, 34.88, 35.255, 35.509, 35.234, 35.012, 35.407, 36.375, 36.888, 36.761, 36.614, 36.669, 36.751, 36.468, 36.977, 38.24, 39.526, 40.417, 40.81, 41.184, 40.797, 39.401, 39.136, 39.659, 39.728, 39.354, 39.013, 38.972, 39.169, 39.214, 39.282, 39.692, 40.169, 40.122, 40.092, 40.223, 39.515, 38.06, 37.744, 38.056, 37.166, 36.729, 37.376, 37.267, 36.674, 36.409, 35.91, 34.617, 33.367, 33.571, 34.295, 35.124, 35.852, 36.115, 36.164, 35.964, 35.998, 36.341, 36.653, 36.647, 36.672, 37.206, 37.397, 37.332, 37.407, 37.347, 37.196, 37.344, 38.286, 40.042, 41.298, 41.416, 40.92, 42.12, 45.009, 46.949, 47.25, 46.453, 45.591, 45.368, 45.266, 44.563, 43.457, 42.308, 41.167, 40.129, 39.903, 40.44, 40.387, 40.173, 40.603, 40.6, 39.35, 37.584, 36.002, 35.024, 34.94, 35.203, 35.146, 34.695, 34.507, 34.523, 34.505, 34.517, 34.663, 35.014, 35.492, 35.916, 36.31, 36.497, 36.19, 36.282, 36.86, 36.902, 34.513], [35.539, 34.265, 33.287, 32.981, 32.748, 31.35, 28.011, 24.65, 22.435, 18.387, 9.294, 0.0, 5.522, 9.441, 14.764, 20.711, 25.969, 29.182, 30.427, 31.083, 31.58, 31.938, 32.469, 33.098, 33.017, 32.57, 33.109, 34.015, 34.442, 34.63, 34.867, 35.143, 35.661, 36.002, 35.726, 35.611, 36.28, 37.373, 37.863, 37.716, 37.633, 37.817, 37.921, 37.65, 38.115, 39.255, 40.403, 41.226, 41.594, 41.933, 41.551, 40.229, 39.929, 40.394, 40.475, 40.14, 39.797, 39.726, 39.915, 39.983, 40.07, 40.466, 40.91, 40.858, 40.829, 40.927, 40.204, 38.836, 38.611, 38.942, 38.118, 37.725, 38.256, 38.125, 37.608, 37.343, 36.862, 35.828, 34.828, 34.909, 35.52, 36.248, 36.883, 37.15, 37.229, 37.018, 37.014, 37.32, 37.599, 37.573, 37.563, 38.064, 38.26, 38.191, 38.219, 38.106, 37.946, 38.121, 38.991, 40.562, 41.713, 41.854, 41.375, 42.467, 45.197, 47.043, 47.348, 46.626, 45.832, 45.607, 45.473, 44.761, 43.688, 42.645, 41.63, 40.692, 40.496, 40.989, 40.969, 40.854, 41.313, 41.298, 40.098, 38.431, 36.948, 36.064, 36.027, 36.281, 36.207, 35.779, 35.608, 35.647, 35.647, 35.68, 35.849, 36.175, 36.528, 36.811, 37.109, 37.27, 37.003, 37.086, 37.605, 37.647, 36.116], [35.691, 34.483, 33.588, 33.342, 33.197, 31.936, 28.792, 25.604, 23.468, 19.849, 12.356, 5.522, 0.0, 6.313, 13.318, 19.524, 24.782, 28.108, 29.526, 30.298, 30.918, 31.422, 32.065, 32.753, 32.698, 32.287, 32.861, 33.778, 34.199, 34.388, 34.627, 34.906, 35.439, 35.801, 35.534, 35.418, 36.125, 37.289, 37.831, 37.714, 37.65, 37.833, 37.938, 37.677, 38.138, 39.265, 40.404, 41.219, 41.581, 41.919, 41.541, 40.247, 39.965, 40.426, 40.505, 40.177, 39.848, 39.777, 39.953, 40.02, 40.124, 40.543, 40.997, 40.956, 40.945, 41.062, 40.356, 38.996, 38.773, 39.121, 38.3, 37.866, 38.348, 38.207, 37.699, 37.429, 36.935, 35.928, 34.965, 35.043, 35.648, 36.362, 36.981, 37.234, 37.297, 37.061, 37.014, 37.288, 37.557, 37.537, 37.539, 38.039, 38.241, 38.194, 38.233, 38.116, 37.956, 38.136, 38.99, 40.518, 41.647, 41.793, 41.309, 42.39, 45.13, 46.984, 47.273, 46.529, 45.71, 45.465, 45.338, 44.661, 43.591, 42.53, 41.519, 40.595, 40.382, 40.835, 40.809, 40.722, 41.206, 41.207, 40.024, 38.381, 36.927, 36.057, 36.017, 36.274, 36.206, 35.784, 35.616, 35.656, 35.656, 35.688, 35.855, 36.182, 36.536, 36.825, 37.116, 37.277, 37.034, 37.122, 37.634, 37.69, 36.234], [35.616, 34.426, 33.633, 33.521, 33.495, 32.398, 29.513, 26.647, 24.792, 21.264, 14.132, 9.441, 6.313, 0.0, 8.83, 16.896, 22.982, 26.486, 28.075, 29.025, 29.769, 30.394, 31.173, 31.964, 31.941, 31.541, 32.167, 33.138, 33.589, 33.795, 34.044, 34.357, 34.96, 35.366, 35.105, 35.037, 35.797, 36.971, 37.5, 37.39, 37.363, 37.555, 37.656, 37.375, 37.829, 38.992, 40.188, 41.027, 41.4, 41.764, 41.407, 40.091, 39.748, 40.184, 40.275, 39.951, 39.625, 39.574, 39.769, 39.838, 39.955, 40.389, 40.84, 40.8, 40.802, 40.917, 40.177, 38.775, 38.565, 38.929, 38.081, 37.622, 38.12, 37.995, 37.498, 37.233, 36.72, 35.694, 34.718, 34.787, 35.396, 36.127, 36.742, 36.98, 37.047, 36.801, 36.733, 37.003, 37.273, 37.24, 37.25, 37.761, 37.962, 37.92, 37.965, 37.846, 37.677, 37.855, 38.751, 40.331, 41.485, 41.639, 41.139, 42.217, 44.987, 46.864, 47.16, 46.413, 45.577, 45.314, 45.192, 44.52, 43.424, 42.337, 41.327, 40.401, 40.18, 40.661, 40.644, 40.544, 41.032, 41.047, 39.851, 38.145, 36.613, 35.712, 35.698, 35.976, 35.922, 35.518, 35.378, 35.433, 35.434, 35.442, 35.574, 35.892, 36.257, 36.571, 36.9, 37.102, 36.861, 36.947, 37.473, 37.535, 36.147], [36.835, 35.797, 35.206, 35.245, 35.334, 34.516, 32.116, 29.637, 28.225, 25.412, 19.037, 14.764, 13.318, 8.83, 0.0, 10.419, 18.857, 23.466, 25.616, 27.046, 28.233, 29.182, 30.199, 31.181, 31.316, 31.032, 31.723, 32.733, 33.251, 33.536, 33.847, 34.244, 34.975, 35.446, 35.193, 35.27, 36.252, 37.446, 37.875, 37.714, 37.756, 38.1, 38.282, 38.011, 38.391, 39.457, 40.61, 41.45, 41.801, 42.143, 41.801, 40.514, 40.106, 40.494, 40.605, 40.307, 39.974, 39.917, 40.133, 40.22, 40.338, 40.745, 41.15, 41.091, 41.077, 41.146, 40.381, 39.016, 38.858, 39.222, 38.407, 37.988, 38.455, 38.344, 37.927, 37.699, 37.21, 36.381, 35.65, 35.693, 36.202, 36.843, 37.369, 37.58, 37.672, 37.443, 37.333, 37.551, 37.789, 37.732, 37.722, 38.203, 38.399, 38.369, 38.407, 38.284, 38.096, 38.237, 39.121, 40.673, 41.809, 41.982, 41.489, 42.493, 45.146, 46.957, 47.286, 46.633, 45.85, 45.563, 45.407, 44.748, 43.697, 42.671, 41.74, 40.884, 40.694, 41.205, 41.255, 41.217, 41.707, 41.704, 40.516, 38.824, 37.274, 36.382, 36.415, 36.71, 36.673, 36.338, 36.262, 36.353, 36.364, 36.358, 36.46, 36.759, 37.088, 37.342, 37.596, 37.726, 37.43, 37.481, 37.983, 38.025, 37.301], [38.091, 37.254, 36.877, 37.005, 37.181, 36.645, 34.75, 32.688, 31.567, 29.455, 24.465, 20.711, 19.524, 16.896, 10.419, 0.0, 10.787, 17.767, 21.354, 23.564, 25.453, 27.015, 28.456, 29.74, 30.115, 30.025, 30.834, 31.891, 32.48, 32.881, 33.293, 33.76, 34.585, 35.126, 34.871, 35.074, 36.364, 37.692, 38.057, 37.832, 37.938, 38.504, 38.857, 38.642, 38.953, 39.888, 40.995, 41.859, 42.186, 42.486, 42.15, 40.934, 40.499, 40.84, 40.961, 40.679, 40.329, 40.234, 40.436, 40.532, 40.647, 41.02, 41.389, 41.309, 41.262, 41.284, 40.509, 39.201, 39.065, 39.424, 38.677, 38.292, 38.692, 38.586, 38.262, 38.071, 37.604, 37.02, 36.62, 36.706, 37.134, 37.642, 38.05, 38.224, 38.325, 38.13, 37.979, 38.11, 38.298, 38.239, 38.209, 38.645, 38.836, 38.82, 38.845, 38.702, 38.465, 38.523, 39.329, 40.826, 41.954, 42.148, 41.666, 42.615, 45.183, 46.947, 47.309, 46.728, 45.975, 45.662, 45.493, 44.9, 43.952, 43.005, 42.159, 41.393, 41.248, 41.759, 41.889, 41.95, 42.455, 42.427, 41.245, 39.589, 38.057, 37.197, 37.242, 37.538, 37.521, 37.269, 37.247, 37.357, 37.368, 37.353, 37.446, 37.746, 38.058, 38.242, 38.347, 38.314, 37.919, 37.923, 38.389, 38.407, 38.475], [39.239, 38.5, 38.197, 38.361, 38.602, 38.254, 36.788, 35.278, 34.435, 32.706, 28.856, 25.969, 24.782, 22.982, 18.857, 10.787, 0.0, 9.471, 15.762, 19.652, 22.462, 24.747, 26.747, 28.373, 28.98, 29.171, 30.198, 31.333, 32.023, 32.562, 33.039, 33.519, 34.43, 35.076, 34.82, 35.033, 36.526, 38.001, 38.357, 38.108, 38.303, 39.105, 39.651, 39.492, 39.75, 40.58, 41.612, 42.458, 42.772, 43.039, 42.705, 41.591, 41.182, 41.492, 41.604, 41.328, 40.969, 40.844, 41.015, 41.096, 41.201, 41.563, 41.926, 41.841, 41.785, 41.799, 41.049, 39.782, 39.623, 39.962, 39.31, 39.002, 39.379, 39.302, 39.049, 38.888, 38.46, 38.075, 37.839, 37.843, 38.151, 38.515, 38.816, 38.957, 39.058, 38.937, 38.826, 38.9, 39.019, 38.956, 38.94, 39.361, 39.524, 39.467, 39.442, 39.255, 39.003, 39.035, 39.733, 41.127, 42.213, 42.422, 41.963, 42.846, 45.32, 47.035, 47.395, 46.847, 46.116, 45.812, 45.676, 45.164, 44.319, 43.452, 42.684, 41.994, 41.879, 42.378, 42.551, 42.651, 43.133, 43.092, 41.942, 40.342, 38.922, 38.19, 38.249, 38.514, 38.521, 38.347, 38.33, 38.413, 38.403, 38.381, 38.469, 38.75, 39.057, 39.221, 39.256, 39.148, 38.737, 38.737, 39.192, 39.218, 39.573], [39.957, 39.257, 38.996, 39.209, 39.472, 39.163, 37.894, 36.783, 36.238, 34.776, 31.51, 29.182, 28.108, 26.486, 23.466, 17.767, 9.471, 0.0, 8.858, 15.488, 19.686, 22.601, 24.996, 26.876, 27.69, 28.2, 29.492, 30.744, 31.549, 32.199, 32.692, 33.162, 34.18, 34.974, 34.751, 34.917, 36.467, 38.09, 38.562, 38.385, 38.648, 39.543, 40.183, 40.081, 40.336, 41.102, 42.033, 42.82, 43.132, 43.385, 43.057, 42.01, 41.606, 41.85, 41.924, 41.651, 41.307, 41.187, 41.346, 41.406, 41.497, 41.857, 42.218, 42.136, 42.082, 42.098, 41.397, 40.211, 40.057, 40.366, 39.8, 39.615, 40.004, 39.925, 39.696, 39.538, 39.131, 38.858, 38.718, 38.648, 38.849, 39.118, 39.364, 39.486, 39.589, 39.525, 39.491, 39.558, 39.631, 39.569, 39.618, 40.092, 40.247, 40.159, 40.125, 39.939, 39.727, 39.836, 40.507, 41.762, 42.724, 42.898, 42.466, 43.314, 45.738, 47.432, 47.752, 47.183, 46.463, 46.183, 46.088, 45.632, 44.842, 44.022, 43.288, 42.599, 42.444, 42.901, 43.061, 43.134, 43.571, 43.523, 42.384, 40.813, 39.487, 38.836, 38.901, 39.141, 39.143, 38.974, 38.918, 38.963, 38.935, 38.915, 39.009, 39.272, 39.572, 39.748, 39.825, 39.778, 39.431, 39.464, 39.912, 39.957, 40.291], [39.561, 38.889, 38.729, 39.004, 39.237, 38.896, 37.68, 36.748, 36.412, 35.176, 32.316, 30.427, 29.526, 28.075, 25.616, 21.354, 15.762, 8.858, 0.0, 8.836, 15.179, 19.267, 22.085, 24.236, 25.295, 25.998, 27.456, 28.83, 29.756, 30.51, 31.032, 31.499, 32.614, 33.564, 33.391, 33.508, 35.095, 36.965, 37.686, 37.672, 37.965, 38.774, 39.405, 39.392, 39.755, 40.584, 41.524, 42.325, 42.683, 42.975, 42.671, 41.577, 41.083, 41.24, 41.26, 40.972, 40.65, 40.565, 40.732, 40.783, 40.884, 41.274, 41.668, 41.616, 41.571, 41.602, 40.951, 39.823, 39.691, 39.981, 39.43, 39.3, 39.713, 39.601, 39.321, 39.136, 38.695, 38.342, 38.225, 38.265, 38.511, 38.805, 39.072, 39.188, 39.307, 39.277, 39.302, 39.403, 39.481, 39.433, 39.526, 40.026, 40.183, 40.105, 40.101, 39.934, 39.742, 39.897, 40.588, 41.811, 42.711, 42.839, 42.421, 43.343, 45.845, 47.576, 47.846, 47.212, 46.479, 46.219, 46.148, 45.703, 44.916, 44.079, 43.304, 42.563, 42.359, 42.783, 42.896, 42.923, 43.354, 43.3, 42.088, 40.417, 39.05, 38.376, 38.435, 38.673, 38.655, 38.449, 38.359, 38.389, 38.352, 38.31, 38.381, 38.651, 38.973, 39.177, 39.348, 39.441, 39.175, 39.225, 39.666, 39.706, 39.907], [38.704, 38.077, 38.029, 38.367, 38.58, 38.255, 37.127, 36.301, 36.06, 34.974, 32.521, 31.083, 30.298, 29.025, 27.046, 23.564, 19.652, 15.488, 8.836, 0.0, 8.377, 14.585, 18.51, 21.166, 22.518, 23.355, 24.867, 26.264, 27.264, 28.124, 28.687, 29.131, 30.309, 31.401, 31.286, 31.397, 33.07, 35.207, 36.172, 36.327, 36.695, 37.483, 38.13, 38.142, 38.583, 39.543, 40.587, 41.439, 41.837, 42.174, 41.883, 40.705, 40.115, 40.199, 40.161, 39.84, 39.523, 39.469, 39.645, 39.679, 39.784, 40.21, 40.653, 40.626, 40.581, 40.642, 40.03, 38.908, 38.78, 39.054, 38.49, 38.423, 38.93, 38.786, 38.426, 38.239, 37.776, 37.258, 37.044, 37.221, 37.618, 38.027, 38.358, 38.455, 38.569, 38.578, 38.675, 38.835, 38.929, 38.878, 38.975, 39.474, 39.626, 39.561, 39.595, 39.436, 39.224, 39.371, 40.105, 41.394, 42.295, 42.368, 41.96, 43.038, 45.703, 47.482, 47.694, 46.964, 46.171, 45.914, 45.869, 45.427, 44.62, 43.735, 42.888, 42.1, 41.874, 42.27, 42.33, 42.323, 42.772, 42.72, 41.404, 39.555, 38.03, 37.262, 37.306, 37.547, 37.522, 37.293, 37.203, 37.244, 37.225, 37.17, 37.215, 37.527, 37.93, 38.201, 38.467, 38.687, 38.462, 38.49, 38.921, 38.956, 39.025], [37.944, 37.355, 37.382, 37.776, 38.022, 37.751, 36.73, 36.041, 35.843, 34.751, 32.582, 31.58, 30.918, 29.769, 28.233, 25.453, 22.462, 19.686, 15.179, 8.377, 0.0, 8.047, 13.809, 17.485, 19.297, 20.494, 22.28, 23.73, 24.767, 25.738, 26.346, 26.75, 27.968, 29.186, 29.137, 29.336, 31.196, 33.577, 34.724, 35.011, 35.515, 36.451, 37.207, 37.17, 37.569, 38.632, 39.822, 40.747, 41.175, 41.525, 41.202, 39.935, 39.334, 39.454, 39.406, 39.039, 38.704, 38.683, 38.882, 38.894, 38.985, 39.452, 39.951, 39.926, 39.862, 39.937, 39.31, 38.112, 37.959, 38.232, 37.618, 37.591, 38.215, 38.056, 37.631, 37.47, 37.048, 36.427, 36.038, 36.244, 36.745, 37.244, 37.627, 37.686, 37.763, 37.795, 37.979, 38.209, 38.324, 38.265, 38.349, 38.85, 38.995, 38.934, 38.999, 38.848, 38.609, 38.738, 39.557, 40.977, 41.909, 41.94, 41.532, 42.709, 45.473, 47.263, 47.422, 46.613, 45.754, 45.48, 45.443, 44.969, 44.099, 43.175, 42.286, 41.454, 41.196, 41.574, 41.614, 41.593, 42.064, 42.035, 40.666, 38.684, 37.004, 36.139, 36.168, 36.41, 36.373, 36.121, 36.057, 36.128, 36.149, 36.121, 36.17, 36.537, 37.039, 37.4, 37.735, 37.994, 37.736, 37.716, 38.153, 38.204, 38.233], [37.499, 36.924, 37.006, 37.449, 37.732, 37.503, 36.546, 35.98, 35.828, 34.682, 32.642, 31.938, 31.422, 30.394, 29.182, 27.015, 24.747, 22.601, 19.267, 14.585, 8.047, 0.0, 7.258, 12.364, 15.006, 16.915, 19.33, 21.001, 22.105, 23.22, 23.919, 24.32, 25.611, 26.954, 26.999, 27.396, 29.535, 32.124, 33.392, 33.783, 34.381, 35.434, 36.31, 36.3, 36.759, 37.966, 39.326, 40.393, 40.913, 41.316, 40.976, 39.596, 38.964, 39.143, 39.121, 38.723, 38.366, 38.362, 38.585, 38.6, 38.692, 39.197, 39.754, 39.744, 39.668, 39.727, 39.041, 37.722, 37.524, 37.808, 37.092, 36.985, 37.667, 37.524, 37.05, 36.891, 36.518, 35.87, 35.369, 35.612, 36.171, 36.711, 37.12, 37.146, 37.171, 37.177, 37.398, 37.69, 37.862, 37.84, 37.934, 38.448, 38.6, 38.548, 38.617, 38.464, 38.216, 38.339, 39.227, 40.776, 41.783, 41.813, 41.371, 42.553, 45.339, 47.126, 47.254, 46.407, 45.521, 45.244, 45.198, 44.659, 43.696, 42.734, 41.814, 40.92, 40.624, 41.031, 41.085, 41.057, 41.553, 41.564, 40.197, 38.165, 36.421, 35.516, 35.523, 35.75, 35.692, 35.4, 35.342, 35.435, 35.479, 35.48, 35.548, 35.949, 36.496, 36.901, 37.275, 37.533, 37.226, 37.199, 37.685, 37.753, 37.775], [37.476, 36.903, 37.013, 37.468, 37.752, 37.552, 36.654, 36.164, 36.061, 34.937, 33.011, 32.469, 32.065, 31.173, 30.199, 28.456, 26.747, 24.996, 22.085, 18.51, 13.809, 7.258, 0.0, 6.187, 10.121, 13.316, 16.554, 18.477, 19.695, 21.005, 21.823, 22.259, 23.655, 25.127, 25.296, 25.931, 28.35, 31.088, 32.421, 32.863, 33.451, 34.474, 35.41, 35.531, 36.168, 37.537, 39.015, 40.201, 40.843, 41.341, 41.05, 39.627, 38.938, 39.109, 39.089, 38.687, 38.331, 38.327, 38.543, 38.566, 38.672, 39.198, 39.789, 39.804, 39.737, 39.793, 39.096, 37.725, 37.499, 37.787, 37.012, 36.798, 37.461, 37.348, 36.857, 36.674, 36.308, 35.67, 35.172, 35.471, 36.035, 36.57, 36.985, 36.997, 36.994, 36.965, 37.174, 37.488, 37.709, 37.735, 37.862, 38.394, 38.56, 38.525, 38.59, 38.432, 38.19, 38.33, 39.243, 40.823, 41.863, 41.9, 41.422, 42.563, 45.315, 47.089, 47.204, 46.336, 45.447, 45.19, 45.152, 44.571, 43.547, 42.565, 41.641, 40.715, 40.397, 40.837, 40.902, 40.848, 41.342, 41.388, 40.053, 38.043, 36.345, 35.483, 35.496, 35.717, 35.659, 35.36, 35.296, 35.386, 35.429, 35.442, 35.533, 35.936, 36.451, 36.828, 37.217, 37.481, 37.155, 37.14, 37.658, 37.727, 37.757], [37.648, 37.079, 37.199, 37.647, 37.925, 37.751, 36.909, 36.456, 36.38, 35.32, 33.532, 33.098, 32.753, 31.964, 31.181, 29.74, 28.373, 26.876, 24.236, 21.166, 17.485, 12.364, 6.187, 0.0, 5.27, 10.452, 14.633, 16.721, 18.033, 19.539, 20.449, 20.892, 22.354, 23.935, 24.227, 25.055, 27.661, 30.482, 31.837, 32.289, 32.845, 33.824, 34.789, 35.037, 35.833, 37.325, 38.847, 40.062, 40.766, 41.334, 41.104, 39.726, 39.055, 39.213, 39.176, 38.771, 38.421, 38.409, 38.605, 38.624, 38.739, 39.275, 39.886, 39.924, 39.873, 39.942, 39.262, 37.889, 37.649, 37.938, 37.152, 36.865, 37.474, 37.384, 36.901, 36.701, 36.324, 35.676, 35.2, 35.524, 36.058, 36.568, 36.984, 37.007, 37.016, 36.984, 37.174, 37.484, 37.721, 37.779, 37.941, 38.49, 38.665, 38.64, 38.705, 38.549, 38.325, 38.497, 39.43, 40.989, 42.019, 42.055, 41.548, 42.614, 45.302, 47.045, 47.141, 46.249, 45.339, 45.077, 45.046, 44.461, 43.412, 42.427, 41.526, 40.609, 40.283, 40.732, 40.802, 40.731, 41.216, 41.276, 39.981, 38.036, 36.434, 35.644, 35.674, 35.889, 35.839, 35.566, 35.509, 35.596, 35.641, 35.667, 35.791, 36.196, 36.678, 37.023, 37.411, 37.679, 37.346, 37.322, 37.83, 37.894, 37.932], [37.302, 36.704, 36.816, 37.282, 37.582, 37.424, 36.602, 36.177, 36.113, 35.049, 33.327, 33.017, 32.698, 31.941, 31.316, 30.115, 28.98, 27.69, 25.295, 22.518, 19.297, 15.006, 10.121, 5.27, 0.0, 6.606, 11.75, 14.244, 15.684, 17.298, 18.297, 18.823, 20.445, 22.183, 22.596, 23.594, 26.376, 29.313, 30.708, 31.154, 31.699, 32.744, 33.823, 34.143, 35.016, 36.633, 38.253, 39.511, 40.268, 40.918, 40.72, 39.351, 38.755, 38.967, 38.937, 38.518, 38.162, 38.15, 38.344, 38.366, 38.496, 39.049, 39.682, 39.74, 39.715, 39.801, 39.095, 37.658, 37.387, 37.699, 36.89, 36.563, 37.182, 37.102, 36.594, 36.368, 35.959, 35.223, 34.67, 35.007, 35.557, 36.087, 36.526, 36.563, 36.582, 36.538, 36.709, 37.029, 37.284, 37.356, 37.538, 38.104, 38.283, 38.265, 38.342, 38.204, 37.994, 38.176, 39.148, 40.762, 41.829, 41.867, 41.328, 42.36, 45.043, 46.776, 46.848, 45.923, 44.976, 44.687, 44.651, 44.066, 42.993, 41.99, 41.08, 40.143, 39.8, 40.261, 40.344, 40.282, 40.787, 40.857, 39.553, 37.608, 36.027, 35.261, 35.303, 35.524, 35.472, 35.182, 35.102, 35.192, 35.25, 35.29, 35.443, 35.864, 36.348, 36.698, 37.105, 37.392, 37.062, 37.044, 37.554, 37.611, 37.595], [36.79, 36.128, 36.189, 36.662, 36.991, 36.847, 36.035, 35.638, 35.592, 34.476, 32.747, 32.57, 32.287, 31.541, 31.032, 30.025, 29.171, 28.2, 25.998, 23.355, 20.494, 16.915, 13.316, 10.452, 6.606, 0.0, 5.975, 9.545, 11.521, 13.231, 14.384, 15.314, 17.466, 19.514, 20.046, 21.226, 24.269, 27.416, 28.878, 29.292, 29.829, 31.055, 32.37, 32.739, 33.605, 35.311, 37.067, 38.444, 39.345, 40.135, 39.967, 38.566, 38.029, 38.314, 38.3, 37.868, 37.503, 37.499, 37.703, 37.73, 37.868, 38.439, 39.094, 39.179, 39.189, 39.292, 38.543, 37.027, 36.738, 37.06, 36.224, 35.943, 36.675, 36.615, 36.055, 35.78, 35.327, 34.495, 33.841, 34.201, 34.817, 35.407, 35.88, 35.92, 35.933, 35.874, 36.06, 36.433, 36.724, 36.793, 36.961, 37.534, 37.723, 37.722, 37.824, 37.706, 37.49, 37.647, 38.655, 40.389, 41.536, 41.578, 41.035, 42.113, 44.851, 46.616, 46.69, 45.737, 44.756, 44.44, 44.393, 43.805, 42.713, 41.666, 40.699, 39.711, 39.343, 39.819, 39.913, 39.859, 40.393, 40.478, 39.139, 37.129, 35.489, 34.698, 34.746, 34.971, 34.906, 34.554, 34.415, 34.512, 34.606, 34.662, 34.831, 35.278, 35.783, 36.153, 36.594, 36.909, 36.584, 36.584, 37.115, 37.166, 37.087], [37.059, 36.377, 36.392, 36.842, 37.164, 37.037, 36.301, 35.96, 35.942, 34.851, 33.207, 33.109, 32.861, 32.167, 31.723, 30.834, 30.198, 29.492, 27.456, 24.867, 22.28, 19.33, 16.554, 14.633, 11.75, 5.975, 0.0, 4.634, 7.638, 9.794, 11.1, 12.482, 15.257, 17.609, 18.229, 19.587, 22.873, 26.162, 27.637, 28.009, 28.575, 30.052, 31.64, 32.063, 32.839, 34.475, 36.217, 37.631, 38.639, 39.535, 39.424, 38.102, 37.68, 38.031, 38.031, 37.604, 37.249, 37.25, 37.446, 37.462, 37.595, 38.164, 38.821, 38.923, 38.967, 39.101, 38.372, 36.882, 36.605, 36.911, 36.132, 35.997, 36.821, 36.781, 36.211, 35.901, 35.432, 34.622, 33.982, 34.318, 34.92, 35.504, 35.972, 36.003, 35.997, 35.932, 36.125, 36.514, 36.817, 36.887, 37.058, 37.646, 37.858, 37.88, 38.012, 37.928, 37.718, 37.854, 38.837, 40.562, 41.713, 41.756, 41.221, 42.282, 44.98, 46.734, 46.82, 45.872, 44.89, 44.566, 44.513, 43.934, 42.859, 41.798, 40.803, 39.808, 39.438, 39.9, 39.988, 39.928, 40.457, 40.555, 39.244, 37.26, 35.641, 34.891, 34.96, 35.173, 35.1, 34.735, 34.578, 34.689, 34.813, 34.891, 35.07, 35.514, 36.015, 36.388, 36.838, 37.155, 36.838, 36.849, 37.373, 37.414, 37.34], [37.459, 36.806, 36.837, 37.282, 37.587, 37.486, 36.86, 36.589, 36.583, 35.551, 34.058, 34.015, 33.778, 33.138, 32.733, 31.891, 31.333, 30.744, 28.83, 26.264, 23.73, 21.001, 18.477, 16.721, 14.244, 9.545, 4.634, 0.0, 4.012, 7.28, 8.9, 10.346, 13.404, 15.986, 16.733, 18.386, 21.987, 25.394, 26.869, 27.248, 27.898, 29.594, 31.388, 31.884, 32.636, 34.219, 35.922, 37.339, 38.391, 39.346, 39.282, 38.006, 37.627, 38.015, 38.028, 37.602, 37.248, 37.247, 37.431, 37.441, 37.574, 38.143, 38.802, 38.918, 38.985, 39.148, 38.45, 36.985, 36.714, 37.025, 36.302, 36.239, 37.087, 37.062, 36.504, 36.18, 35.719, 34.977, 34.379, 34.681, 35.241, 35.792, 36.243, 36.266, 36.246, 36.175, 36.353, 36.714, 37.002, 37.08, 37.278, 37.889, 38.112, 38.131, 38.26, 38.188, 37.988, 38.121, 39.077, 40.746, 41.868, 41.913, 41.375, 42.388, 45.025, 46.752, 46.847, 45.919, 44.953, 44.627, 44.572, 44.008, 42.953, 41.898, 40.905, 39.927, 39.571, 40.021, 40.102, 40.051, 40.578, 40.678, 39.395, 37.464, 35.903, 35.206, 35.285, 35.485, 35.416, 35.069, 34.928, 35.052, 35.184, 35.269, 35.454, 35.891, 36.38, 36.748, 37.178, 37.469, 37.152, 37.169, 37.68, 37.715, 37.719], [37.475, 36.844, 36.903, 37.36, 37.659, 37.572, 37.009, 36.79, 36.793, 35.778, 34.405, 34.442, 34.199, 33.589, 33.251, 32.48, 32.023, 31.549, 29.756, 27.264, 24.767, 22.105, 19.695, 18.033, 15.684, 11.521, 7.638, 4.012, 0.0, 4.108, 6.38, 8.196, 11.431, 14.147, 15.134, 17.271, 21.224, 24.738, 26.224, 26.624, 27.34, 29.138, 31.023, 31.574, 32.359, 33.969, 35.7, 37.144, 38.225, 39.226, 39.205, 37.929, 37.539, 37.948, 37.981, 37.56, 37.207, 37.208, 37.394, 37.406, 37.536, 38.088, 38.73, 38.834, 38.899, 39.066, 38.36, 36.867, 36.585, 36.914, 36.178, 36.089, 36.95, 36.937, 36.372, 36.034, 35.574, 34.853, 34.273, 34.594, 35.144, 35.689, 36.15, 36.171, 36.138, 36.062, 36.233, 36.584, 36.871, 36.958, 37.178, 37.804, 38.026, 38.031, 38.148, 38.082, 37.889, 38.016, 38.951, 40.604, 41.729, 41.777, 41.234, 42.235, 44.84, 46.542, 46.639, 45.727, 44.776, 44.454, 44.396, 43.833, 42.79, 41.75, 40.763, 39.79, 39.451, 39.92, 39.994, 39.944, 40.486, 40.59, 39.312, 37.411, 35.881, 35.185, 35.253, 35.452, 35.391, 35.052, 34.923, 35.055, 35.183, 35.259, 35.441, 35.878, 36.371, 36.737, 37.144, 37.404, 37.083, 37.11, 37.618, 37.65, 37.73], [37.451, 36.825, 36.885, 37.337, 37.621, 37.522, 36.983, 36.81, 36.828, 35.804, 34.502, 34.63, 34.388, 33.795, 33.536, 32.881, 32.562, 32.199, 30.51, 28.124, 25.738, 23.22, 21.005, 19.539, 17.298, 13.231, 9.794, 7.28, 4.108, 0.0, 3.132, 6.296, 9.999, 12.748, 14.011, 16.607, 20.707, 24.236, 25.748, 26.178, 26.93, 28.748, 30.662, 31.241, 32.044, 33.674, 35.431, 36.889, 37.982, 39.014, 39.034, 37.799, 37.453, 37.893, 37.945, 37.551, 37.231, 37.253, 37.444, 37.453, 37.566, 38.077, 38.672, 38.743, 38.785, 38.944, 38.232, 36.736, 36.453, 36.778, 36.023, 35.941, 36.837, 36.834, 36.257, 35.902, 35.429, 34.683, 34.096, 34.442, 34.986, 35.535, 36.009, 36.026, 35.983, 35.902, 36.078, 36.448, 36.753, 36.845, 37.061, 37.684, 37.911, 37.923, 38.048, 38.001, 37.826, 37.94, 38.838, 40.486, 41.614, 41.658, 41.13, 42.146, 44.724, 46.387, 46.473, 45.569, 44.632, 44.318, 44.259, 43.691, 42.653, 41.63, 40.65, 39.679, 39.358, 39.85, 39.911, 39.846, 40.394, 40.507, 39.248, 37.382, 35.87, 35.157, 35.214, 35.418, 35.36, 35.022, 34.9, 35.034, 35.164, 35.236, 35.409, 35.834, 36.329, 36.702, 37.104, 37.358, 37.048, 37.087, 37.592, 37.617, 37.71], [37.543, 36.934, 36.995, 37.433, 37.699, 37.587, 37.05, 36.9, 36.939, 35.934, 34.683, 34.867, 34.627, 34.044, 33.847, 33.293, 33.039, 32.692, 31.032, 28.687, 26.346, 23.919, 21.823, 20.449, 18.297, 14.384, 11.1, 8.9, 6.38, 3.132, 0.0, 4.14, 8.545, 11.597, 13.071, 15.9, 20.085, 23.683, 25.291, 25.796, 26.588, 28.429, 30.387, 31.0, 31.815, 33.451, 35.223, 36.692, 37.788, 38.831, 38.872, 37.673, 37.381, 37.862, 37.926, 37.554, 37.281, 37.343, 37.551, 37.561, 37.657, 38.141, 38.714, 38.771, 38.802, 38.961, 38.263, 36.791, 36.52, 36.836, 36.083, 36.033, 36.954, 36.957, 36.384, 36.027, 35.537, 34.757, 34.144, 34.479, 35.028, 35.584, 36.057, 36.071, 36.021, 35.928, 36.1, 36.479, 36.788, 36.88, 37.087, 37.703, 37.937, 37.961, 38.099, 38.066, 37.901, 38.016, 38.884, 40.5, 41.609, 41.644, 41.129, 42.168, 44.744, 46.386, 46.457, 45.548, 44.614, 44.309, 44.253, 43.676, 42.622, 41.591, 40.615, 39.655, 39.334, 39.814, 39.871, 39.809, 40.362, 40.483, 39.244, 37.4, 35.902, 35.201, 35.261, 35.462, 35.401, 35.056, 34.934, 35.071, 35.21, 35.298, 35.472, 35.882, 36.373, 36.756, 37.182, 37.455, 37.158, 37.205, 37.707, 37.731, 37.791], [37.452, 36.873, 36.96, 37.401, 37.662, 37.554, 37.017, 36.878, 36.945, 36.009, 34.88, 35.143, 34.906, 34.357, 34.244, 33.76, 33.519, 33.162, 31.499, 29.131, 26.75, 24.32, 22.259, 20.892, 18.823, 15.314, 12.482, 10.346, 8.196, 6.296, 4.14, 0.0, 5.16, 9.042, 11.005, 14.176, 18.666, 22.558, 24.356, 24.969, 25.833, 27.765, 29.828, 30.492, 31.355, 33.066, 34.904, 36.41, 37.523, 38.594, 38.658, 37.451, 37.176, 37.704, 37.78, 37.397, 37.142, 37.255, 37.513, 37.55, 37.641, 38.114, 38.698, 38.767, 38.803, 38.98, 38.302, 36.821, 36.549, 36.868, 36.109, 36.042, 36.958, 36.96, 36.396, 36.05, 35.546, 34.717, 34.047, 34.386, 34.973, 35.557, 36.042, 36.075, 36.032, 35.919, 36.064, 36.425, 36.72, 36.81, 37.013, 37.623, 37.844, 37.85, 37.979, 37.942, 37.771, 37.881, 38.735, 40.321, 41.409, 41.435, 40.929, 42.013, 44.633, 46.283, 46.338, 45.413, 44.476, 44.18, 44.128, 43.533, 42.45, 41.388, 40.4, 39.437, 39.095, 39.549, 39.609, 39.566, 40.135, 40.259, 39.012, 37.163, 35.689, 35.034, 35.107, 35.305, 35.24, 34.876, 34.741, 34.878, 35.027, 35.127, 35.313, 35.723, 36.223, 36.64, 37.119, 37.428, 37.134, 37.177, 37.678, 37.708, 37.675], [37.379, 36.819, 36.929, 37.372, 37.633, 37.546, 37.043, 36.922, 37.004, 36.162, 35.255, 35.661, 35.439, 34.96, 34.975, 34.585, 34.43, 34.18, 32.614, 30.309, 27.968, 25.611, 23.655, 22.354, 20.445, 17.466, 15.257, 13.404, 11.431, 9.999, 8.545, 5.16, 0.0, 4.707, 8.026, 12.201, 17.021, 21.152, 23.103, 23.786, 24.728, 26.816, 29.054, 29.793, 30.72, 32.557, 34.488, 36.034, 37.182, 38.308, 38.401, 37.181, 36.936, 37.519, 37.612, 37.214, 36.962, 37.122, 37.45, 37.547, 37.65, 38.105, 38.689, 38.771, 38.819, 39.028, 38.388, 36.908, 36.624, 36.944, 36.175, 36.064, 36.951, 36.943, 36.382, 36.047, 35.547, 34.687, 33.962, 34.308, 34.932, 35.541, 36.044, 36.107, 36.082, 35.952, 36.059, 36.393, 36.682, 36.779, 36.985, 37.583, 37.785, 37.765, 37.869, 37.832, 37.653, 37.728, 38.543, 40.089, 41.152, 41.173, 40.684, 41.809, 44.447, 46.086, 46.132, 45.209, 44.286, 44.004, 43.946, 43.336, 42.259, 41.199, 40.196, 39.221, 38.872, 39.332, 39.391, 39.346, 39.917, 40.043, 38.816, 37.016, 35.612, 35.015, 35.093, 35.285, 35.222, 34.853, 34.713, 34.844, 34.989, 35.08, 35.257, 35.652, 36.149, 36.603, 37.117, 37.443, 37.154, 37.187, 37.678, 37.71, 37.591], [37.365, 36.806, 36.921, 37.349, 37.609, 37.549, 37.095, 36.997, 37.088, 36.299, 35.509, 36.002, 35.801, 35.366, 35.446, 35.126, 35.076, 34.974, 33.564, 31.401, 29.186, 26.954, 25.127, 23.935, 22.183, 19.514, 17.609, 15.986, 14.147, 12.748, 11.597, 9.042, 4.707, 0.0, 4.954, 10.546, 15.826, 20.115, 22.126, 22.803, 23.742, 25.945, 28.363, 29.202, 30.233, 32.22, 34.245, 35.827, 37.007, 38.18, 38.28, 37.025, 36.781, 37.392, 37.504, 37.121, 36.87, 37.029, 37.394, 37.565, 37.725, 38.188, 38.761, 38.839, 38.892, 39.119, 38.503, 37.027, 36.727, 37.042, 36.262, 36.105, 36.955, 36.939, 36.38, 36.053, 35.568, 34.716, 33.975, 34.315, 34.963, 35.595, 36.109, 36.188, 36.171, 36.035, 36.129, 36.457, 36.743, 36.851, 37.067, 37.655, 37.856, 37.832, 37.926, 37.888, 37.7, 37.729, 38.509, 40.036, 41.087, 41.106, 40.621, 41.735, 44.343, 45.966, 46.031, 45.123, 44.202, 43.922, 43.861, 43.248, 42.189, 41.151, 40.156, 39.183, 38.838, 39.307, 39.365, 39.311, 39.879, 40.014, 38.824, 37.077, 35.707, 35.117, 35.193, 35.387, 35.327, 34.97, 34.845, 34.964, 35.09, 35.165, 35.335, 35.712, 36.187, 36.642, 37.161, 37.497, 37.227, 37.257, 37.739, 37.765, 37.583], [37.02, 36.45, 36.56, 36.99, 37.265, 37.215, 36.772, 36.709, 36.837, 36.055, 35.234, 35.726, 35.534, 35.105, 35.193, 34.871, 34.82, 34.751, 33.391, 31.286, 29.137, 26.999, 25.296, 24.227, 22.596, 20.046, 18.229, 16.733, 15.134, 14.011, 13.071, 11.005, 8.026, 4.954, 0.0, 6.723, 13.396, 18.56, 20.847, 21.54, 22.474, 24.798, 27.375, 28.317, 29.532, 31.733, 33.879, 35.498, 36.685, 37.889, 37.997, 36.674, 36.366, 36.96, 37.088, 36.722, 36.47, 36.612, 36.986, 37.214, 37.468, 38.006, 38.604, 38.668, 38.709, 38.943, 38.308, 36.773, 36.451, 36.781, 35.983, 35.77, 36.589, 36.567, 36.015, 35.698, 35.206, 34.322, 33.566, 33.945, 34.67, 35.371, 35.918, 35.999, 35.965, 35.828, 35.961, 36.316, 36.594, 36.705, 36.93, 37.517, 37.716, 37.706, 37.812, 37.76, 37.552, 37.592, 38.428, 40.014, 41.082, 41.097, 40.597, 41.704, 44.333, 45.994, 46.094, 45.159, 44.18, 43.884, 43.849, 43.236, 42.124, 41.026, 40.012, 39.033, 38.656, 39.078, 39.118, 39.066, 39.644, 39.791, 38.575, 36.753, 35.291, 34.659, 34.758, 34.98, 34.924, 34.559, 34.421, 34.517, 34.624, 34.69, 34.882, 35.307, 35.817, 36.297, 36.874, 37.278, 37.026, 37.052, 37.552, 37.589, 37.236], [36.74, 36.165, 36.264, 36.685, 36.964, 36.891, 36.418, 36.355, 36.502, 35.7