[[0.0, 3.362, 7.93, 11.755, 13.98, 15.87, 18.29, 20.301, 21.587, 23.007, 24.403, 25.671, 27.269, 29.132, 30.848, 32.227, 32.943, 33.403, 33.832, 34.582, 35.595, 36.205, 37.225, 38.376, 37.942, 36.502, 36.718, 38.12, 38.032, 36.816, 36.176, 36.177, 36.263, 36.043, 35.669, 35.669, 35.768, 35.7, 35.999, 35.988, 35.454, 35.192, 34.884, 34.69, 34.62, 34.457, 34.439, 34.644, 34.844, 34.937, 35.047, 35.278, 35.537, 35.855, 36.04, 36.219, 36.643, 37.466, 38.316, 38.825, 38.875, 38.677, 38.729, 39.65, 40.958, 41.588, 42.093, 42.901, 44.244, 46.865, 49.257, 49.577, 49.293, 49.72, 49.698, 49.537, 50.286, 50.03, 47.717, 46.074, 46.751, 47.414, 46.962, 45.355, 43.708, 43.293, 43.589, 43.757, 44.359, 44.678, 43.692, 42.26, 42.705, 47.282, 53.131, 55.71, 55.568, 55.662, 57.556, 60.614, 63.808, 65.206, 64.958, 64.464, 63.83, 62.488, 60.814, 58.764, 56.967, 56.393, 56.16, 55.079, 53.734, 52.747, 52.01, 51.498, 51.506, 51.313, 49.074, 44.213, 38.629, 35.541, 35.589, 36.826, 37.005, 35.48, 33.322, 31.757, 31.977, 33.077, 33.136, 33.459, 34.404, 34.839, 34.724, 34.538, 34.933, 35.826, 36.615, 36.959, 37.471, 37.93, 37.764, 37.734, 38.626, 4.437], [3.362, 0.0, 5.657, 10.27, 12.905, 14.983, 17.553, 19.661, 20.979, 22.416, 23.835, 25.155, 26.833, 28.766, 30.516, 31.909, 32.641, 33.123, 33.575, 34.351, 35.399, 36.043, 37.094, 38.261, 37.815, 36.349, 36.581, 38.024, 37.945, 36.713, 36.062, 36.064, 36.152, 35.92, 35.529, 35.535, 35.641, 35.564, 35.859, 35.85, 35.314, 35.051, 34.734, 34.526, 34.444, 34.277, 34.263, 34.47, 34.671, 34.768, 34.886, 35.118, 35.378, 35.698, 35.886, 36.069, 36.5, 37.338, 38.204, 38.715, 38.763, 38.563, 38.615, 39.548, 40.875, 41.519, 42.035, 42.857, 44.221, 46.871, 49.286, 49.611, 49.325, 49.752, 49.731, 49.569, 50.322, 50.07, 47.752, 46.102, 46.788, 47.456, 46.993, 45.36, 43.69, 43.275, 43.58, 43.753, 44.364, 44.689, 43.692, 42.236, 42.674, 47.276, 53.148, 55.726, 55.575, 55.664, 57.567, 60.639, 63.849, 65.263, 65.023, 64.529, 63.895, 62.554, 60.877, 58.814, 57.003, 56.426, 56.198, 55.116, 53.765, 52.772, 52.03, 51.516, 51.53, 51.346, 49.107, 44.217, 38.57, 35.432, 35.48, 36.747, 36.939, 35.385, 33.176, 31.558, 31.761, 32.887, 32.946, 33.247, 34.184, 34.619, 34.503, 34.314, 34.709, 35.608, 36.403, 36.749, 37.269, 37.741, 37.581, 37.552, 38.461, 6.238], [7.93, 5.657, 0.0, 5.756, 9.655, 12.532, 15.509, 17.861, 19.344, 20.944, 22.524, 24.021, 25.879, 27.949, 29.773, 31.205, 31.983, 32.517, 33.013, 33.851, 34.975, 35.688, 36.781, 37.971, 37.536, 36.079, 36.333, 37.818, 37.76, 36.533, 35.897, 35.917, 36.012, 35.767, 35.37, 35.397, 35.526, 35.466, 35.793, 35.816, 35.295, 35.036, 34.721, 34.513, 34.435, 34.267, 34.241, 34.435, 34.637, 34.743, 34.867, 35.11, 35.372, 35.68, 35.858, 36.04, 36.477, 37.333, 38.214, 38.719, 38.766, 38.574, 38.631, 39.565, 40.881, 41.516, 42.035, 42.862, 44.227, 46.879, 49.302, 49.63, 49.347, 49.778, 49.759, 49.593, 50.343, 50.092, 47.785, 46.155, 46.849, 47.513, 47.038, 45.388, 43.711, 43.305, 43.621, 43.795, 44.409, 44.75, 43.759, 42.285, 42.702, 47.288, 53.14, 55.69, 55.521, 55.607, 57.514, 60.581, 63.785, 65.202, 64.965, 64.469, 63.838, 62.507, 60.83, 58.755, 56.935, 56.359, 56.141, 55.062, 53.7, 52.697, 51.957, 51.453, 51.475, 51.292, 49.056, 44.16, 38.494, 35.365, 35.425, 36.685, 36.872, 35.316, 33.082, 31.43, 31.62, 32.766, 32.84, 33.13, 34.043, 34.481, 34.366, 34.14, 34.508, 35.394, 36.185, 36.534, 37.05, 37.514, 37.356, 37.327, 38.235, 9.686], [11.755, 10.27, 5.756, 0.0, 5.231, 9.699, 13.409, 15.848, 17.467, 19.409, 21.254, 22.892, 24.881, 27.084, 29.001, 30.498, 31.324, 31.897, 32.426, 33.313, 34.506, 35.288, 36.426, 37.658, 37.275, 35.868, 36.123, 37.597, 37.555, 36.378, 35.786, 35.818, 35.909, 35.666, 35.288, 35.332, 35.466, 35.42, 35.784, 35.841, 35.348, 35.101, 34.799, 34.609, 34.545, 34.38, 34.348, 34.542, 34.748, 34.853, 34.97, 35.212, 35.475, 35.785, 35.955, 36.124, 36.56, 37.429, 38.316, 38.815, 38.856, 38.669, 38.726, 39.638, 40.919, 41.529, 42.03, 42.835, 44.176, 46.81, 49.224, 49.556, 49.285, 49.726, 49.712, 49.545, 50.289, 50.037, 47.741, 46.129, 46.826, 47.485, 47.009, 45.369, 43.703, 43.293, 43.603, 43.782, 44.387, 44.719, 43.74, 42.28, 42.683, 47.243, 53.084, 55.634, 55.459, 55.534, 57.425, 60.469, 63.652, 65.061, 64.821, 64.32, 63.691, 62.369, 60.693, 58.619, 56.8, 56.22, 55.997, 54.922, 53.562, 52.556, 51.816, 51.314, 51.332, 51.142, 48.906, 44.022, 38.399, 35.321, 35.375, 36.586, 36.749, 35.228, 33.056, 31.466, 31.664, 32.804, 32.881, 33.148, 34.029, 34.46, 34.352, 34.12, 34.483, 35.358, 36.136, 36.496, 37.018, 37.469, 37.31, 37.281, 38.17, 13.011], [13.98, 12.905, 9.655, 5.231, 0.0, 5.886, 10.955, 13.827, 15.513, 17.812, 20.041, 21.84, 23.903, 26.194, 28.213, 29.811, 30.696, 31.307, 31.884, 32.824, 34.064, 34.884, 36.071, 37.365, 37.062, 35.715, 35.949, 37.384, 37.34, 36.214, 35.672, 35.709, 35.801, 35.582, 35.227, 35.276, 35.407, 35.37, 35.758, 35.84, 35.368, 35.131, 34.841, 34.666, 34.616, 34.451, 34.405, 34.594, 34.807, 34.913, 35.029, 35.265, 35.523, 35.834, 36.0, 36.163, 36.597, 37.465, 38.35, 38.845, 38.882, 38.702, 38.75, 39.625, 40.872, 41.477, 41.976, 42.758, 44.084, 46.713, 49.121, 49.453, 49.188, 49.634, 49.624, 49.453, 50.181, 49.926, 47.636, 46.023, 46.706, 47.361, 46.883, 45.248, 43.596, 43.185, 43.488, 43.667, 44.266, 44.587, 43.61, 42.174, 42.591, 47.156, 53.013, 55.583, 55.412, 55.484, 57.366, 60.396, 63.555, 64.946, 64.696, 64.19, 63.565, 62.247, 60.572, 58.508, 56.704, 56.123, 55.889, 54.811, 53.454, 52.442, 51.696, 51.188, 51.198, 50.996, 48.743, 43.859, 38.283, 35.255, 35.294, 36.44, 36.572, 35.088, 33.001, 31.482, 31.688, 32.82, 32.9, 33.135, 33.977, 34.397, 34.306, 34.101, 34.473, 35.335, 36.1, 36.48, 37.021, 37.474, 37.314, 37.286, 38.162, 14.917], [15.87, 14.983, 12.532, 9.699, 5.886, 0.0, 6.466, 10.627, 12.887, 15.488, 18.173, 20.414, 22.769, 25.218, 27.332, 29.043, 30.029, 30.716, 31.36, 32.362, 33.634, 34.457, 35.656, 36.998, 36.779, 35.476, 35.695, 37.138, 37.107, 35.991, 35.473, 35.534, 35.644, 35.444, 35.098, 35.139, 35.27, 35.249, 35.654, 35.757, 35.295, 35.055, 34.761, 34.588, 34.554, 34.387, 34.311, 34.481, 34.701, 34.825, 34.952, 35.199, 35.466, 35.773, 35.932, 36.104, 36.543, 37.4, 38.281, 38.771, 38.811, 38.641, 38.684, 39.531, 40.766, 41.376, 41.877, 42.659, 44.007, 46.648, 49.058, 49.388, 49.116, 49.561, 49.555, 49.378, 50.094, 49.826, 47.529, 45.912, 46.578, 47.226, 46.742, 45.103, 43.459, 43.053, 43.355, 43.529, 44.127, 44.442, 43.452, 42.03, 42.491, 47.095, 52.967, 55.532, 55.361, 55.442, 57.338, 60.375, 63.531, 64.909, 64.65, 64.138, 63.508, 62.186, 60.511, 58.456, 56.668, 56.097, 55.865, 54.784, 53.418, 52.392, 51.636, 51.126, 51.13, 50.914, 48.636, 43.737, 38.178, 35.183, 35.215, 36.324, 36.428, 34.931, 32.856, 31.352, 31.56, 32.686, 32.762, 32.982, 33.807, 34.233, 34.171, 33.996, 34.37, 35.205, 35.969, 36.365, 36.907, 37.361, 37.202, 37.175, 38.059, 16.543], [18.29, 17.553, 15.509, 13.409, 10.955, 6.466, 0.0, 5.678, 9.7, 13.067, 16.176, 19.023, 21.876, 24.554, 26.746, 28.523, 29.593, 30.353, 31.047, 32.09, 33.363, 34.168, 35.355, 36.708, 36.55, 35.294, 35.522, 36.985, 36.983, 35.874, 35.368, 35.47, 35.609, 35.416, 35.071, 35.101, 35.224, 35.201, 35.608, 35.726, 35.273, 35.019, 34.715, 34.541, 34.517, 34.354, 34.259, 34.403, 34.616, 34.753, 34.883, 35.136, 35.429, 35.751, 35.915, 36.094, 36.532, 37.388, 38.28, 38.774, 38.818, 38.655, 38.702, 39.544, 40.767, 41.366, 41.855, 42.632, 43.986, 46.611, 49.011, 49.347, 49.07, 49.509, 49.507, 49.331, 50.045, 49.772, 47.476, 45.858, 46.508, 47.15, 46.674, 45.048, 43.413, 43.005, 43.309, 43.488, 44.081, 44.383, 43.391, 41.989, 42.465, 47.063, 52.94, 55.504, 55.337, 55.427, 57.331, 60.371, 63.521, 64.889, 64.622, 64.105, 63.464, 62.137, 60.468, 58.427, 56.651, 56.088, 55.858, 54.79, 53.44, 52.415, 51.658, 51.15, 51.15, 50.931, 48.664, 43.798, 38.293, 35.342, 35.372, 36.456, 36.529, 35.001, 32.922, 31.446, 31.644, 32.728, 32.786, 33.004, 33.839, 34.281, 34.235, 34.082, 34.452, 35.243, 35.972, 36.344, 36.855, 37.291, 37.128, 37.098, 37.978, 18.82], [20.301, 19.661, 17.861, 15.848, 13.827, 10.627, 5.678, 0.0, 5.815, 10.873, 14.821, 18.056, 21.159, 24.0, 26.295, 28.13, 29.235, 30.022, 30.774, 31.893, 33.198, 34.003, 35.198, 36.576, 36.469, 35.274, 35.522, 36.966, 36.974, 35.906, 35.427, 35.552, 35.71, 35.542, 35.215, 35.233, 35.338, 35.314, 35.733, 35.866, 35.42, 35.163, 34.867, 34.706, 34.692, 34.542, 34.455, 34.591, 34.799, 34.949, 35.087, 35.333, 35.608, 35.918, 36.088, 36.256, 36.659, 37.487, 38.374, 38.875, 38.919, 38.761, 38.809, 39.639, 40.839, 41.415, 41.88, 42.641, 43.982, 46.579, 48.961, 49.306, 49.038, 49.472, 49.472, 49.298, 49.995, 49.722, 47.458, 45.867, 46.51, 47.147, 46.68, 45.072, 43.453, 43.046, 43.348, 43.53, 44.122, 44.427, 43.451, 42.057, 42.498, 47.051, 52.922, 55.485, 55.312, 55.405, 57.309, 60.333, 63.464, 64.823, 64.555, 64.038, 63.399, 62.081, 60.424, 58.397, 56.635, 56.08, 55.851, 54.798, 53.476, 52.463, 51.706, 51.203, 51.208, 50.998, 48.759, 43.945, 38.511, 35.605, 35.634, 36.677, 36.719, 35.209, 33.206, 31.792, 31.979, 33.016, 33.06, 33.289, 34.139, 34.59, 34.539, 34.389, 34.757, 35.512, 36.173, 36.492, 36.985, 37.423, 37.265, 37.23, 38.102, 20.791], [21.587, 20.979, 19.344, 17.467, 15.513, 12.887, 9.7, 5.815, 0.0, 6.785, 12.578, 16.65, 19.889, 22.799, 25.211, 27.158, 28.342, 29.204, 30.097, 31.394, 32.808, 33.658, 34.869, 36.27, 36.21, 35.098, 35.429, 36.878, 36.873, 35.855, 35.447, 35.6, 35.761, 35.619, 35.344, 35.389, 35.488, 35.467, 35.917, 36.094, 35.684, 35.458, 35.194, 35.052, 35.057, 34.931, 34.857, 34.989, 35.197, 35.361, 35.529, 35.795, 36.019, 36.238, 36.374, 36.522, 36.862, 37.601, 38.439, 38.943, 38.999, 38.844, 38.885, 39.69, 40.859, 41.403, 41.825, 42.561, 43.903, 46.492, 48.865, 49.219, 48.969, 49.413, 49.42, 49.235, 49.886, 49.594, 47.384, 45.87, 46.536, 47.164, 46.696, 45.101, 43.507, 43.109, 43.402, 43.577, 44.175, 44.5, 43.55, 42.155, 42.527, 46.965, 52.745, 55.264, 55.083, 55.181, 57.068, 60.065, 63.184, 64.549, 64.286, 63.776, 63.148, 61.843, 60.195, 58.18, 56.434, 55.885, 55.654, 54.599, 53.272, 52.252, 51.496, 51.008, 51.026, 50.822, 48.605, 43.844, 38.494, 35.692, 35.737, 36.708, 36.727, 35.295, 33.432, 32.106, 32.289, 33.298, 33.355, 33.595, 34.435, 34.881, 34.811, 34.623, 34.953, 35.671, 36.275, 36.53, 36.991, 37.453, 37.33, 37.296, 38.17, 22.069], [23.007, 22.416, 20.944, 19.409, 17.812, 15.488, 13.067, 10.873, 6.785, 0.0, 7.766, 13.875, 18.074, 21.183, 23.64, 25.673, 27.008, 28.062, 29.174, 30.691, 32.271, 33.22, 34.418, 35.785, 35.772, 34.764, 35.242, 36.77, 36.773, 35.792, 35.445, 35.658, 35.86, 35.73, 35.501, 35.625, 35.749, 35.71, 36.152, 36.37, 36.013, 35.815, 35.562, 35.42, 35.439, 35.345, 35.286, 35.401, 35.592, 35.77, 35.972, 36.271, 36.481, 36.624, 36.714, 36.858, 37.175, 37.835, 38.61, 39.098, 39.162, 39.005, 39.038, 39.81, 40.936, 41.44, 41.817, 42.516, 43.842, 46.407, 48.76, 49.103, 48.863, 49.317, 49.327, 49.135, 49.76, 49.441, 47.25, 45.814, 46.513, 47.141, 46.678, 45.096, 43.512, 43.104, 43.394, 43.575, 44.162, 44.477, 43.554, 42.204, 42.582, 46.903, 52.543, 54.994, 54.819, 54.919, 56.776, 59.742, 62.861, 64.237, 63.991, 63.492, 62.873, 61.578, 59.94, 57.938, 56.205, 55.663, 55.442, 54.39, 53.051, 52.017, 51.262, 50.793, 50.823, 50.619, 48.424, 43.738, 38.515, 35.869, 35.938, 36.839, 36.832, 35.453, 33.711, 32.467, 32.596, 33.586, 33.684, 33.892, 34.669, 35.094, 34.995, 34.748, 35.018, 35.683, 36.242, 36.436, 36.813, 37.244, 37.149, 37.123, 37.989, 23.475], [24.403, 23.835, 22.524, 21.254, 20.041, 18.173, 16.176, 14.821, 12.578, 7.766, 0.0, 8.293, 14.673, 18.725, 21.399, 23.516, 25.02, 26.311, 27.654, 29.434, 31.278, 32.406, 33.682, 35.09, 35.144, 34.195, 34.79, 36.426, 36.445, 35.452, 35.108, 35.375, 35.654, 35.542, 35.316, 35.505, 35.684, 35.659, 36.088, 36.303, 35.946, 35.735, 35.477, 35.326, 35.325, 35.236, 35.217, 35.364, 35.554, 35.715, 35.904, 36.213, 36.489, 36.706, 36.806, 36.952, 37.301, 38.002, 38.793, 39.272, 39.326, 39.167, 39.194, 39.949, 41.061, 41.567, 41.962, 42.679, 44.015, 46.568, 48.896, 49.213, 48.956, 49.398, 49.396, 49.218, 49.87, 49.508, 47.238, 45.787, 46.514, 47.156, 46.683, 45.062, 43.433, 43.013, 43.313, 43.517, 44.111, 44.392, 43.438, 42.093, 42.52, 46.863, 52.528, 54.991, 54.82, 54.916, 56.777, 59.763, 62.907, 64.301, 64.077, 63.597, 62.975, 61.679, 60.05, 58.047, 56.308, 55.768, 55.569, 54.538, 53.202, 52.162, 51.397, 50.926, 50.958, 50.754, 48.556, 43.877, 38.669, 36.003, 36.073, 37.001, 36.972, 35.507, 33.715, 32.471, 32.583, 33.605, 33.723, 33.891, 34.625, 35.025, 34.911, 34.654, 34.902, 35.536, 36.088, 36.262, 36.558, 36.901, 36.792, 36.775, 37.644, 24.809], [25.671, 25.155, 24.021, 22.892, 21.84, 20.414, 19.023, 18.056, 16.65, 13.875, 8.293, 0.0, 8.388, 14.314, 17.884, 20.248, 21.864, 23.353, 24.957, 27.114, 29.334, 30.75, 32.279, 33.869, 34.044, 33.176, 33.815, 35.466, 35.472, 34.49, 34.184, 34.496, 34.832, 34.779, 34.577, 34.79, 35.043, 35.12, 35.64, 35.922, 35.596, 35.379, 35.137, 35.007, 34.988, 34.889, 34.919, 35.144, 35.383, 35.537, 35.714, 36.007, 36.295, 36.568, 36.695, 36.848, 37.225, 37.972, 38.793, 39.29, 39.348, 39.189, 39.213, 39.977, 41.126, 41.675, 42.113, 42.867, 44.21, 46.758, 49.079, 49.385, 49.108, 49.541, 49.542, 49.373, 50.031, 49.654, 47.355, 45.865, 46.584, 47.225, 46.733, 45.064, 43.397, 42.984, 43.278, 43.499, 44.137, 44.426, 43.429, 42.036, 42.44, 46.835, 52.587, 55.113, 54.952, 55.038, 56.921, 59.941, 63.093, 64.47, 64.228, 63.739, 63.105, 61.797, 60.16, 58.155, 56.42, 55.877, 55.675, 54.654, 53.322, 52.273, 51.495, 51.01, 51.033, 50.816, 48.581, 43.833, 38.524, 35.759, 35.822, 36.782, 36.73, 35.203, 33.385, 32.185, 32.401, 33.465, 33.566, 33.722, 34.478, 34.883, 34.787, 34.569, 34.844, 35.489, 36.056, 36.244, 36.524, 36.842, 36.709, 36.692, 37.57, 25.953], [27.269, 26.833, 25.879, 24.881, 23.903, 22.769, 21.876, 21.159, 19.889, 18.074, 14.673, 8.388, 0.0, 7.621, 12.914, 16.125, 17.884, 19.504, 21.456, 24.087, 26.716, 28.523, 30.41, 32.204, 32.562, 31.926, 32.642, 34.224, 34.175, 33.271, 33.132, 33.533, 33.89, 33.919, 33.864, 34.163, 34.487, 34.721, 35.477, 35.974, 35.76, 35.553, 35.322, 35.231, 35.233, 35.13, 35.166, 35.43, 35.749, 35.958, 36.151, 36.414, 36.634, 36.841, 36.956, 37.115, 37.456, 38.125, 38.89, 39.398, 39.465, 39.305, 39.331, 40.091, 41.244, 41.792, 42.213, 42.957, 44.283, 46.796, 49.093, 49.405, 49.151, 49.608, 49.64, 49.449, 50.004, 49.611, 47.431, 46.014, 46.709, 47.315, 46.838, 45.218, 43.592, 43.183, 43.45, 43.672, 44.331, 44.631, 43.65, 42.274, 42.596, 46.807, 52.479, 55.007, 54.858, 54.942, 56.791, 59.779, 62.903, 64.242, 63.95, 63.428, 62.789, 61.486, 59.852, 57.866, 56.17, 55.628, 55.396, 54.376, 53.071, 52.033, 51.259, 50.781, 50.803, 50.57, 48.316, 43.578, 38.344, 35.703, 35.789, 36.675, 36.61, 35.192, 33.534, 32.488, 32.778, 33.81, 33.891, 34.062, 34.841, 35.253, 35.175, 35.004, 35.326, 35.998, 36.564, 36.77, 37.075, 37.413, 37.278, 37.253, 38.115, 27.453], [29.132, 28.766, 27.949, 27.084, 26.194, 25.218, 24.554, 24.0, 22.799, 21.183, 18.725, 14.314, 7.621, 0.0, 6.851, 11.692, 14.131, 15.851, 18.102, 21.205, 24.193, 26.408, 28.646, 30.568, 31.094, 30.827, 31.794, 33.36, 33.278, 32.513, 32.598, 33.116, 33.48, 33.571, 33.698, 34.138, 34.506, 34.847, 35.827, 36.57, 36.5, 36.309, 36.072, 36.01, 36.035, 35.924, 35.917, 36.168, 36.548, 36.824, 37.025, 37.271, 37.448, 37.547, 37.607, 37.766, 38.074, 38.644, 39.332, 39.836, 39.92, 39.771, 39.805, 40.531, 41.626, 42.135, 42.509, 43.215, 44.509, 46.945, 49.175, 49.498, 49.289, 49.772, 49.837, 49.623, 50.054, 49.614, 47.556, 46.276, 46.969, 47.536, 47.089, 45.554, 44.004, 43.607, 43.85, 44.061, 44.712, 45.003, 44.047, 42.743, 43.056, 47.004, 52.448, 54.898, 54.755, 54.854, 56.664, 59.601, 62.684, 63.985, 63.659, 63.119, 62.493, 61.214, 59.601, 57.649, 56.001, 55.47, 55.215, 54.202, 52.933, 51.921, 51.175, 50.726, 50.754, 50.511, 48.275, 43.622, 38.588, 36.211, 36.333, 37.073, 36.964, 35.68, 34.249, 33.384, 33.68, 34.648, 34.728, 34.897, 35.639, 36.03, 35.962, 35.807, 36.126, 36.779, 37.315, 37.539, 37.874, 38.233, 38.111, 38.078, 38.902, 29.288], [30.848, 30.516, 29.773, 29.001, 28.213, 27.332, 26.746, 26.295, 25.211, 23.64, 21.399, 17.884, 12.914, 6.851, 0.0, 6.347, 10.321, 12.613, 15.089, 18.61, 21.98, 24.56, 27.057, 29.043, 29.724, 29.857, 31.201, 32.862, 32.814, 32.183, 32.427, 33.048, 33.446, 33.569, 33.81, 34.383, 34.807, 35.189, 36.268, 37.186, 37.281, 37.155, 36.93, 36.872, 36.895, 36.767, 36.716, 36.934, 37.331, 37.642, 37.844, 38.086, 38.254, 38.281, 38.283, 38.44, 38.744, 39.272, 39.929, 40.437, 40.545, 40.41, 40.445, 41.13, 42.166, 42.641, 42.977, 43.641, 44.897, 47.241, 49.381, 49.694, 49.513, 50.007, 50.092, 49.877, 50.254, 49.785, 47.795, 46.622, 47.321, 47.862, 47.426, 45.937, 44.431, 44.041, 44.263, 44.467, 45.111, 45.393, 44.461, 43.217, 43.558, 47.361, 52.595, 54.951, 54.804, 54.916, 56.709, 59.599, 62.627, 63.892, 63.558, 63.021, 62.41, 61.151, 59.554, 57.624, 56.01, 55.495, 55.235, 54.223, 52.969, 51.982, 51.276, 50.857, 50.885, 50.638, 48.439, 43.879, 39.019, 36.872, 37.035, 37.653, 37.484, 36.284, 35.032, 34.299, 34.609, 35.539, 35.62, 35.741, 36.392, 36.74, 36.663, 36.484, 36.741, 37.326, 37.823, 38.063, 38.412, 38.777, 38.677, 38.64, 39.415, 31.004], [32.227, 31.909, 31.205, 30.498, 29.811, 29.043, 28.523, 28.13, 27.158, 25.673, 23.516, 20.248, 16.125, 11.692, 6.347, 0.0, 5.527, 9.259, 12.428, 16.369, 20.132, 23.027, 25.727, 27.831, 28.697, 29.161, 30.854, 32.656, 32.68, 32.149, 32.47, 33.16, 33.608, 33.74, 34.011, 34.66, 35.154, 35.58, 36.664, 37.611, 37.814, 37.778, 37.582, 37.523, 37.542, 37.414, 37.347, 37.537, 37.923, 38.227, 38.424, 38.669, 38.846, 38.851, 38.817, 38.963, 39.261, 39.78, 40.437, 40.953, 41.077, 40.95, 40.978, 41.635, 42.644, 43.107, 43.418, 44.044, 45.244, 47.502, 49.583, 49.882, 49.705, 50.198, 50.296, 50.093, 50.46, 50.0, 48.069, 46.961, 47.659, 48.18, 47.743, 46.268, 44.781, 44.388, 44.583, 44.778, 45.408, 45.675, 44.767, 43.567, 43.929, 47.692, 52.815, 55.103, 54.941, 55.054, 56.823, 59.658, 62.619, 63.847, 63.52, 62.995, 62.398, 61.155, 59.572, 57.662, 56.075, 55.576, 55.32, 54.31, 53.068, 52.111, 51.441, 51.037, 51.06, 50.817, 48.673, 44.216, 39.499, 37.5, 37.685, 38.229, 38.024, 36.874, 35.702, 35.031, 35.334, 36.221, 36.318, 36.403, 36.947, 37.234, 37.149, 36.95, 37.145, 37.666, 38.129, 38.381, 38.74, 39.096, 39.007, 38.977, 39.693, 32.369], [32.943, 32.641, 31.983, 31.324, 30.696, 30.029, 29.593, 29.235, 28.342, 27.008, 25.02, 21.864, 17.884, 14.131, 10.321, 5.527, 0.0, 5.143, 9.958, 14.743, 18.775, 21.866, 24.767, 27.018, 27.988, 28.599, 30.454, 32.314, 32.379, 31.944, 32.343, 33.049, 33.497, 33.63, 33.9, 34.569, 35.12, 35.623, 36.741, 37.664, 37.863, 37.858, 37.706, 37.676, 37.699, 37.575, 37.524, 37.728, 38.122, 38.415, 38.606, 38.864, 39.063, 39.089, 39.061, 39.191, 39.459, 39.94, 40.571, 41.085, 41.211, 41.08, 41.097, 41.734, 42.737, 43.199, 43.494, 44.088, 45.239, 47.448, 49.513, 49.816, 49.636, 50.122, 50.226, 50.023, 50.381, 49.958, 48.097, 47.02, 47.707, 48.22, 47.8, 46.353, 44.883, 44.49, 44.679, 44.868, 45.48, 45.741, 44.854, 43.682, 44.041, 47.747, 52.829, 55.114, 54.957, 55.068, 56.822, 59.624, 62.544, 63.76, 63.439, 62.914, 62.318, 61.085, 59.524, 57.649, 56.089, 55.599, 55.349, 54.351, 53.128, 52.2, 51.552, 51.155, 51.178, 50.943, 48.845, 44.477, 39.851, 37.888, 38.052, 38.567, 38.347, 37.206, 36.065, 35.425, 35.7, 36.537, 36.653, 36.75, 37.251, 37.51, 37.429, 37.237, 37.429, 37.946, 38.397, 38.647, 39.022, 39.379, 39.29, 39.265, 39.948, 33.081], [33.403, 33.123, 32.517, 31.897, 31.307, 30.716, 30.353, 30.022, 29.204, 28.062, 26.311, 23.353, 19.504, 15.851, 12.613, 9.259, 5.143, 0.0, 6.306, 12.425, 17.014, 20.371, 23.488, 25.867, 26.917, 27.678, 29.682, 31.566, 31.655, 31.33, 31.847, 32.578, 33.019, 33.179, 33.483, 34.175, 34.77, 35.358, 36.592, 37.593, 37.807, 37.809, 37.706, 37.727, 37.767, 37.643, 37.6, 37.831, 38.261, 38.574, 38.766, 39.011, 39.183, 39.202, 39.186, 39.308, 39.539, 39.953, 40.522, 41.021, 41.156, 41.028, 41.033, 41.651, 42.637, 43.089, 43.363, 43.93, 45.052, 47.216, 49.241, 49.542, 49.368, 49.857, 49.967, 49.749, 50.083, 49.695, 47.915, 46.881, 47.56, 48.068, 47.692, 46.311, 44.875, 44.488, 44.678, 44.867, 45.479, 45.762, 44.893, 43.733, 44.083, 47.727, 52.773, 55.067, 54.922, 55.042, 56.801, 59.592, 62.489, 63.694, 63.363, 62.825, 62.218, 60.983, 59.432, 57.572, 56.026, 55.54, 55.292, 54.307, 53.1, 52.185, 51.544, 51.155, 51.181, 50.945, 48.851, 44.513, 39.936, 37.985, 38.131, 38.633, 38.411, 37.301, 36.224, 35.653, 35.979, 36.823, 36.931, 37.047, 37.582, 37.855, 37.772, 37.6, 37.821, 38.352, 38.797, 39.056, 39.459, 39.841, 39.755, 39.728, 40.415, 33.54], [33.832, 33.575, 33.013, 32.426, 31.884, 31.36, 31.047, 30.774, 30.097, 29.174, 27.654, 24.957, 21.456, 18.102, 15.089, 12.428, 9.958, 6.306, 0.0, 7.286, 13.239, 17.489, 21.022, 23.587, 24.826, 25.94, 28.321, 30.382, 30.535, 30.284, 30.91, 31.741, 32.245, 32.426, 32.766, 33.511, 34.157, 34.841, 36.237, 37.386, 37.69, 37.734, 37.654, 37.716, 37.793, 37.668, 37.599, 37.827, 38.285, 38.625, 38.83, 39.06, 39.183, 39.16, 39.12, 39.236, 39.458, 39.847, 40.39, 40.895, 41.043, 40.919, 40.923, 41.538, 42.522, 42.981, 43.259, 43.827, 44.947, 47.085, 49.061, 49.348, 49.178, 49.681, 49.798, 49.568, 49.883, 49.499, 47.758, 46.776, 47.463, 47.973, 47.637, 46.296, 44.864, 44.471, 44.657, 44.846, 45.478, 45.789, 44.926, 43.757, 44.106, 47.745, 52.802, 55.09, 54.933, 55.068, 56.848, 59.648, 62.547, 63.747, 63.394, 62.84, 62.225, 60.976, 59.402, 57.507, 55.93, 55.43, 55.175, 54.195, 52.995, 52.075, 51.43, 51.044, 51.071, 50.824, 48.688, 44.289, 39.682, 37.74, 37.895, 38.376, 38.127, 37.035, 36.024, 35.538, 36.007, 36.949, 37.043, 37.16, 37.746, 38.042, 37.962, 37.809, 38.04, 38.562, 39.015, 39.314, 39.762, 40.181, 40.105, 40.071, 40.773, 33.93], [34.582, 34.351, 33.851, 33.313, 32.824, 32.362, 32.09, 31.893, 31.394, 30.691, 29.434, 27.114, 24.087, 21.205, 18.61, 16.369, 14.743, 12.425, 7.286, 0.0, 7.44, 13.441, 17.944, 20.747, 22.169, 23.847, 26.841, 29.21, 29.482, 29.303, 30.058, 31.068, 31.679, 31.863, 32.227, 33.045, 33.756, 34.531, 36.041, 37.285, 37.681, 37.79, 37.725, 37.8, 37.903, 37.788, 37.698, 37.896, 38.342, 38.7, 38.912, 39.136, 39.254, 39.212, 39.137, 39.245, 39.469, 39.852, 40.398, 40.92, 41.085, 40.965, 40.963, 41.559, 42.53, 43.0, 43.29, 43.86, 44.966, 47.065, 48.988, 49.26, 49.095, 49.607, 49.734, 49.514, 49.828, 49.441, 47.713, 46.761, 47.448, 47.955, 47.631, 46.31, 44.887, 44.494, 44.681, 44.873, 45.523, 45.863, 45.027, 43.888, 44.256, 47.873, 52.88, 55.122, 54.949, 55.091, 56.86, 59.639, 62.521, 63.711, 63.353, 62.799, 62.19, 60.934, 59.344, 57.422, 55.819, 55.301, 55.031, 54.051, 52.865, 51.946, 51.299, 50.921, 50.952, 50.691, 48.525, 44.105, 39.543, 37.691, 37.872, 38.304, 38.001, 36.932, 35.982, 35.554, 36.095, 37.07, 37.171, 37.286, 37.868, 38.162, 38.096, 37.96, 38.169, 38.647, 39.1, 39.452, 39.932, 40.354, 40.279, 40.248, 40.928, 34.622], [35.595, 35.399, 34.975, 34.506, 34.064, 33.634, 33.363, 33.198, 32.808, 32.271, 31.278, 29.334, 26.716, 24.193, 21.98, 20.132, 18.775, 17.014, 13.239, 7.44, 0.0, 7.926, 14.269, 17.711, 19.312, 21.7, 25.492, 28.215, 28.63, 28.584, 29.521, 30.727, 31.463, 31.679, 32.083, 32.945, 33.701, 34.554, 36.127, 37.416, 37.888, 38.068, 38.037, 38.117, 38.214, 38.108, 38.031, 38.221, 38.647, 39.009, 39.226, 39.449, 39.569, 39.518, 39.435, 39.549, 39.764, 40.101, 40.605, 41.126, 41.316, 41.21, 41.189, 41.734, 42.654, 43.103, 43.382, 43.93, 44.977, 46.991, 48.857, 49.137, 48.979, 49.486, 49.632, 49.438, 49.771, 49.416, 47.728, 46.791, 47.454, 47.95, 47.633, 46.337, 44.953, 44.583, 44.782, 44.971, 45.63, 46.023, 45.265, 44.195, 44.559, 48.049, 52.884, 55.056, 54.888, 55.029, 56.758, 59.481, 62.307, 63.471, 63.125, 62.584, 61.99, 60.755, 59.181, 57.277, 55.695, 55.183, 54.911, 53.94, 52.773, 51.866, 51.226, 50.858, 50.894, 50.629, 48.481, 44.138, 39.723, 38.019, 38.213, 38.582, 38.251, 37.257, 36.387, 35.995, 36.51, 37.417, 37.537, 37.655, 38.211, 38.489, 38.422, 38.293, 38.473, 38.895, 39.321, 39.689, 40.163, 40.565, 40.492, 40.469, 41.108, 35.595], [36.205, 36.043, 35.688, 35.288, 34.884, 34.457, 34.168, 34.003, 33.658, 33.22, 32.406, 30.75, 28.523, 26.408, 24.56, 23.027, 21.866, 20.371, 17.489, 13.441, 7.926, 0.0, 8.098, 13.113, 15.564, 18.799, 23.54, 26.789, 27.442, 27.586, 28.696, 30.051, 30.898, 31.207, 31.692, 32.569, 33.325, 34.226, 35.852, 37.218, 37.81, 38.089, 38.123, 38.258, 38.384, 38.27, 38.191, 38.422, 38.88, 39.246, 39.486, 39.738, 39.844, 39.748, 39.66, 39.767, 39.94, 40.232, 40.736, 41.276, 41.49, 41.405, 41.382, 41.903, 42.798, 43.222, 43.48, 44.013, 45.034, 47.019, 48.874, 49.144, 48.972, 49.479, 49.643, 49.478, 49.843, 49.526, 47.873, 46.936, 47.577, 48.072, 47.743, 46.435, 45.058, 44.698, 44.901, 45.082, 45.755, 46.206, 45.514, 44.46, 44.757, 48.148, 52.909, 55.065, 54.902, 55.04, 56.764, 59.45, 62.205, 63.326, 62.979, 62.443, 61.867, 60.66, 59.102, 57.201, 55.624, 55.136, 54.897, 53.949, 52.779, 51.859, 51.208, 50.827, 50.86, 50.602, 48.464, 44.133, 39.764, 38.112, 38.278, 38.593, 38.283, 37.391, 36.604, 36.242, 36.734, 37.616, 37.744, 37.861, 38.427, 38.71, 38.625, 38.486, 38.655, 39.064, 39.476, 39.829, 40.303, 40.725, 40.672, 40.647, 41.293, 36.166], [37.225, 37.094, 36.781, 36.426, 36.071, 35.656, 35.355, 35.198, 34.869, 34.418, 33.682, 32.279, 30.41, 28.646, 27.057, 25.727, 24.767, 23.488, 21.022, 17.944, 14.269, 8.098, 0.0, 6.762, 11.624, 16.565, 22.124, 25.726, 26.64, 27.064, 28.346, 29.793, 30.705, 31.15, 31.792, 32.742, 33.502, 34.404, 36.046, 37.51, 38.255, 38.634, 38.725, 38.933, 39.129, 39.014, 38.883, 39.123, 39.651, 40.063, 40.325, 40.573, 40.63, 40.446, 40.318, 40.394, 40.47, 40.691, 41.217, 41.779, 42.004, 41.939, 41.928, 42.448, 43.338, 43.742, 43.948, 44.443, 45.455, 47.415, 49.207, 49.417, 49.233, 49.751, 49.924, 49.77, 50.13, 49.837, 48.272, 47.386, 47.997, 48.483, 48.144, 46.844, 45.503, 45.151, 45.351, 45.536, 46.202, 46.671, 46.024, 44.991, 45.268, 48.584, 53.242, 55.333, 55.155, 55.301, 57.003, 59.59, 62.223, 63.286, 62.933, 62.39, 61.822, 60.648, 59.113, 57.22, 55.659, 55.2, 55.006, 54.103, 52.943, 52.015, 51.354, 50.967, 50.994, 50.736, 48.614, 44.371, 40.186, 38.648, 38.763, 38.961, 38.644, 37.876, 37.238, 36.992, 37.474, 38.314, 38.446, 38.578, 39.132, 39.41, 39.318, 39.16, 39.299, 39.682, 40.073, 40.396, 40.85, 41.288, 41.263, 41.235, 41.881, 37.169], [38.376, 38.261, 37.971, 37.658, 37.365, 36.998, 36.708, 36.576, 36.27, 35.785, 35.09, 33.869, 32.204, 30.568, 29.043, 27.831, 27.018, 25.867, 23.587, 20.747, 17.711, 13.113, 6.762, 0.0, 7.36, 14.976, 21.64, 25.382, 26.34, 26.933, 28.378, 29.904, 30.838, 31.358, 32.121, 33.176, 33.996, 34.913, 36.567, 38.118, 38.982, 39.425, 39.541, 39.781, 40.024, 39.926, 39.76, 39.955, 40.499, 40.975, 41.262, 41.497, 41.546, 41.329, 41.169, 41.221, 41.252, 41.446, 41.968, 42.526, 42.757, 42.707, 42.707, 43.223, 44.098, 44.469, 44.612, 45.048, 46.012, 47.88, 49.566, 49.72, 49.522, 50.035, 50.206, 50.042, 50.385, 50.135, 48.667, 47.819, 48.381, 48.864, 48.553, 47.298, 46.01, 45.669, 45.865, 46.054, 46.699, 47.171, 46.584, 45.616, 45.909, 49.121, 53.605, 55.605, 55.435, 55.598, 57.261, 59.746, 62.273, 63.292, 62.937, 62.399, 61.855, 60.71, 59.196, 57.335, 55.814, 55.37, 55.19, 54.32, 53.189, 52.273, 51.627, 51.258, 51.286, 51.014, 48.928, 44.859, 40.955, 39.587, 39.67, 39.762, 39.418, 38.732, 38.224, 38.094, 38.54, 39.283, 39.419, 39.575, 40.098, 40.351, 40.248, 40.086, 40.194, 40.519, 40.877, 41.197, 41.637, 42.069, 42.066, 42.043, 42.655, 38.333], [37.942, 37.815, 37.536, 37.275, 37.062, 36.779, 36.55, 36.469, 36.21, 35.772, 35.144, 34.044, 32.562, 31.094, 29.724, 28.697, 27.988, 26.917, 24.826, 22.169, 19.312, 15.564, 11.624, 7.36, 0.0, 10.136, 19.088, 23.664, 24.601, 25.041, 26.571, 28.227, 29.267, 29.87, 30.675, 31.808, 32.78, 33.832, 35.559, 37.15, 38.05, 38.541, 38.688, 38.949, 39.219, 39.153, 39.042, 39.264, 39.792, 40.285, 40.616, 40.905, 41.023, 40.865, 40.712, 40.74, 40.782, 41.018, 41.542, 42.094, 42.32, 42.265, 42.272, 42.808, 43.696, 44.068, 44.207, 44.633, 45.56, 47.373, 49.041, 49.195, 48.97, 49.464, 49.624, 49.447, 49.82, 49.594, 48.081, 47.178, 47.757, 48.29, 48.01, 46.746, 45.421, 45.063, 45.27, 45.455, 46.079, 46.571, 46.037, 45.105, 45.443, 48.704, 53.198, 55.209, 55.057, 55.243, 56.938, 59.455, 61.989, 63.013, 62.678, 62.177, 61.652, 60.484, 58.945, 57.079, 55.544, 55.084, 54.894, 54.021, 52.892, 51.974, 51.33, 50.968, 50.997, 50.721, 48.637, 44.578, 40.666, 39.266, 39.348, 39.509, 39.226, 38.543, 38.012, 37.84, 38.261, 38.999, 39.149, 39.299, 39.824, 40.073, 39.937, 39.766, 39.901, 40.235, 40.599, 40.922, 41.36, 41.806, 41.827, 41.818, 42.432, 37.906], [36.502, 36.349, 36.079, 35.868, 35.715, 35.476, 35.294, 35.274, 35.098, 34.764, 34.195, 33.176, 31.926, 30.827, 29.857, 29.161, 28.599, 27.678, 25.94, 23.847, 21.7, 18.799, 16.565, 14.976, 10.136, 0.0, 11.384, 18.088, 19.63, 19.94, 21.699, 23.791, 25.161, 25.951, 26.832, 28.064, 29.282, 30.656, 32.627, 34.332, 35.349, 35.979, 36.196, 36.509, 36.838, 36.835, 36.866, 37.265, 37.851, 38.323, 38.72, 39.155, 39.398, 39.362, 39.265, 39.29, 39.366, 39.664, 40.22, 40.772, 40.971, 40.897, 40.907, 41.466, 42.392, 42.814, 43.014, 43.484, 44.453, 46.344, 48.095, 48.269, 48.021, 48.519, 48.669, 48.488, 48.932, 48.72, 47.036, 45.946, 46.571, 47.19, 46.927, 45.59, 44.156, 43.777, 44.02, 44.208, 44.831, 45.333, 44.787, 43.805, 44.165, 47.655, 52.447, 54.591, 54.436, 54.627, 56.395, 59.018, 61.641, 62.705, 62.385, 61.915, 61.4, 60.196, 58.608, 56.68, 55.078, 54.597, 54.423, 53.561, 52.436, 51.507, 50.827, 50.425, 50.454, 50.214, 48.11, 43.869, 39.599, 37.879, 37.944, 38.332, 38.208, 37.448, 36.694, 36.346, 36.824, 37.71, 37.902, 38.039, 38.612, 38.895, 38.742, 38.57, 38.771, 39.196, 39.61, 39.905, 40.312, 40.761, 40.778, 40.767, 41.443, 36.432], [36.718, 36.581, 36.333, 36.123, 35.949, 35.695, 35.522, 35.522, 35.429, 35.242, 34.79, 33.815, 32.642, 31.794, 31.201, 30.854, 30.454, 29.682, 28.321, 26.841, 25.492, 23.54, 22.124, 21.64, 19.088, 11.384, 0.0, 8.735, 12.164, 13.829, 16.611, 19.501, 21.293, 22.322, 23.437, 24.792, 26.191, 27.949, 30.304, 32.256, 33.524, 34.377, 34.71, 35.1, 35.51, 35.598, 35.789, 36.406, 37.123, 37.599, 38.042, 38.612, 38.966, 39.036, 39.007, 39.051, 39.134, 39.422, 39.939, 40.441, 40.596, 40.522, 40.538, 41.063, 41.934, 42.357, 42.585, 43.031, 43.991, 45.911, 47.663, 47.829, 47.578, 48.101, 48.272, 48.065, 48.46, 48.294, 46.639, 45.421, 45.971, 46.596, 46.376, 45.066, 43.63, 43.243, 43.483, 43.656, 44.252, 44.717, 44.152, 43.213, 43.601, 47.151, 52.102, 54.371, 54.265, 54.444, 56.211, 58.827, 61.41, 62.42, 62.036, 61.533, 61.035, 59.848, 58.263, 56.371, 54.827, 54.374, 54.215, 53.383, 52.295, 51.387, 50.682, 50.235, 50.256, 50.047, 47.962, 43.713, 39.353, 37.456, 37.428, 37.836, 37.786, 37.099, 36.374, 36.122, 36.755, 37.682, 37.855, 38.009, 38.622, 38.937, 38.822, 38.68, 38.895, 39.352, 39.803, 40.084, 40.474, 40.912, 40.907, 40.884, 41.573, 36.612], [38.12, 38.024, 37.818, 37.597, 37.384, 37.138, 36.985, 36.966, 36.878, 36.77, 36.426, 35.466, 34.224, 33.36, 32.862, 32.656, 32.314, 31.566, 30.382, 29.21, 28.215, 26.789, 25.726, 25.382, 23.664, 18.088, 8.735, 0.0, 5.859, 10.744, 15.162, 18.571, 20.505, 21.636, 22.929, 24.33, 25.752, 27.737, 30.388, 32.573, 34.011, 34.96, 35.357, 35.784, 36.217, 36.342, 36.587, 37.275, 38.066, 38.585, 39.007, 39.563, 39.939, 40.029, 40.01, 40.041, 40.067, 40.255, 40.664, 41.094, 41.215, 41.149, 41.171, 41.63, 42.389, 42.758, 42.948, 43.307, 44.157, 45.95, 47.592, 47.738, 47.487, 47.996, 48.177, 47.938, 48.24, 48.138, 46.677, 45.521, 45.986, 46.565, 46.379, 45.163, 43.829, 43.489, 43.727, 43.883, 44.419, 44.828, 44.272, 43.469, 43.929, 47.299, 52.08, 54.358, 54.335, 54.532, 56.255, 58.787, 61.249, 62.151, 61.698, 61.173, 60.707, 59.562, 58.032, 56.266, 54.866, 54.465, 54.307, 53.509, 52.477, 51.597, 50.899, 50.458, 50.475, 50.253, 48.195, 44.08, 39.958, 38.23, 38.169, 38.408, 38.295, 37.798, 37.404, 37.427, 38.136, 38.946, 39.043, 39.2, 39.792, 40.1, 40.013, 39.886, 40.079, 40.504, 40.934, 41.196, 41.584, 42.023, 42.028, 42.004, 42.652, 38.018], [38.032, 37.945, 37.76, 37.555, 37.34, 37.107, 36.983, 36.974, 36.873, 36.773, 36.445, 35.472, 34.175, 33.278, 32.814, 32.68, 32.379, 31.655, 30.535, 29.482, 28.63, 27.442, 26.64, 26.34, 24.601, 19.63, 12.164, 5.859, 0.0, 6.958, 13.198, 17.471, 19.623, 20.769, 22.106, 23.562, 25.082, 27.269, 30.157, 32.512, 34.023, 34.986, 35.399, 35.843, 36.279, 36.391, 36.614, 37.291, 38.108, 38.661, 39.085, 39.651, 40.037, 40.123, 40.102, 40.138, 40.167, 40.36, 40.786, 41.226, 41.339, 41.264, 41.298, 41.776, 42.548, 42.924, 43.127, 43.502, 44.36, 46.152, 47.791, 47.945, 47.71, 48.207, 48.364, 48.124, 48.456, 48.367, 46.909, 45.777, 46.256, 46.83, 46.627, 45.395, 44.067, 43.751, 44.01, 44.177, 44.716, 45.096, 44.504, 43.709, 44.185, 47.517, 52.287, 54.567, 54.533, 54.724, 56.456, 58.996, 61.459, 62.367, 61.927, 61.41, 60.938, 59.798, 58.299, 56.574, 55.196, 54.801, 54.643, 53.846, 52.809, 51.91, 51.193, 50.749, 50.76, 50.513, 48.408, 44.227, 40.054, 38.314, 38.26, 38.516, 38.383, 37.857, 37.499, 37.521, 38.22, 39.032, 39.104, 39.249, 39.855, 40.185, 40.108, 39.988, 40.203, 40.649, 41.081, 41.339, 41.727, 42.167, 42.169, 42.146, 42.809, 37.946], [36.816, 36.713, 36.533, 36.378, 36.214, 35.991, 35.874, 35.906, 35.855, 35.792, 35.452, 34.49, 33.271, 32.513, 32.183, 32.149, 31.944, 31.33, 30.284, 29.303, 28.584, 27.586, 27.064, 26.933, 25.041, 19.94, 13.829, 10.744, 6.958, 0.0, 7.778, 13.576, 16.387, 17.602, 18.972, 20.577, 22.374, 24.947, 28.157, 30.671, 32.249, 33.263, 33.715, 34.199, 34.664, 34.783, 35.004, 35.696, 36.553, 37.147, 37.633, 38.316, 38.806, 38.95, 38.949, 39.031, 39.135, 39.403, 39.906, 40.408, 40.531, 40.435, 40.482, 41.044, 41.917, 42.342, 42.598, 43.068, 44.042, 45.972, 47.726, 47.918, 47.702, 48.219, 48.36, 48.138, 48.552, 48.427, 46.819, 45.62, 46.156, 46.756, 46.52, 45.222, 43.823, 43.471, 43.73, 43.915, 44.488, 44.845, 44.161, 43.248, 43.719, 47.281, 52.268, 54.585, 54.5, 54.669, 56.452, 59.08, 61.64, 62.612, 62.201, 61.694, 61.192, 60.011, 58.486, 56.714, 55.262, 54.826, 54.656, 53.826, 52.75, 51.831, 51.094, 50.617, 50.611, 50.364, 48.209, 43.86, 39.423, 37.483, 37.436, 37.841, 37.78, 37.105, 36.514, 36.368, 37.056, 37.938, 38.001, 38.157, 38.831, 39.194, 39.118, 38.994, 39.231, 39.72, 40.201, 40.481, 40.873, 41.313, 41.306, 41.283, 41.988, 36.722], [36.176, 36.062, 35.897, 35.786, 35.672, 35.473, 35.368, 35.427, 35.447, 35.445, 35.108, 34.184, 33.132, 32.598, 32.427, 32.47, 32.343, 31.847, 30.91, 30.058, 29.521, 28.696, 28.346, 28.378, 26.571, 21.699, 16.611, 15.162, 13.198, 7.778, 0.0, 7.132, 11.246, 13.102, 14.677, 16.546, 18.878, 22.127, 25.723, 28.309, 29.929, 31.046, 31.581, 32.135, 32.655, 32.822, 33.112, 33.885, 34.83, 35.489, 36.028, 36.792, 37.405, 37.656, 37.696, 37.829, 38.025, 38.359, 38.873, 39.379, 39.503, 39.39, 39.432, 40.042, 40.963, 41.385, 41.639, 42.141, 43.151, 45.144, 46.98, 47.199, 46.983, 47.518, 47.661, 47.45, 47.912, 47.781, 46.111, 44.909, 45.52, 46.149, 45.925, 44.648, 43.218, 42.805, 43.038, 43.227, 43.801, 44.117, 43.337, 42.282, 42.725, 46.523, 51.684, 54.041, 53.964, 54.143, 55.97, 58.671, 61.295, 62.296, 61.907, 61.434, 60.926, 59.701, 58.141, 56.328, 54.807, 54.324, 54.144, 53.303, 52.224, 51.33, 50.599, 50.097, 50.09, 49.887, 47.789, 43.452, 38.955, 36.915, 36.86, 37.358, 37.384, 36.65, 35.888, 35.639, 36.329, 37.212, 37.226, 37.408, 38.148, 38.523, 38.445, 38.328, 38.57, 39.073, 39.586, 39.877, 40.266, 40.695, 40.671, 40.642, 41.354, 36.066], [36.177, 36.064, 35.917, 35.818, 35.709, 35.534, 35.47, 35.552, 35.6, 35.658, 35.375, 34.496, 33.533, 33.116, 33.048, 33.16, 33.049, 32.578, 31.741, 31.068, 30.727, 30.051, 29.793, 29.904, 28.227, 23.791, 19.501, 18.571, 17.471, 13.576, 7.132, 0.0, 5.485, 9.017, 11.373, 13.446, 16.294, 20.286, 24.222, 26.774, 28.318, 29.468, 30.079, 30.718, 31.289, 31.499, 31.871, 32.735, 33.77, 34.503, 35.066, 35.817, 36.49, 36.857, 36.952, 37.093, 37.35, 37.754, 38.249, 38.69, 38.8, 38.696, 38.729, 39.33, 40.23, 40.599, 40.797, 41.27, 42.24, 44.193, 46.032, 46.25, 46.008, 46.535, 46.683, 46.484, 46.98, 46.89, 45.245, 44.089, 44.776, 45.438, 45.262, 44.064, 42.663, 42.23, 42.449, 42.621, 43.162, 43.445, 42.607, 41.467, 41.892, 45.799, 51.042, 53.444, 53.421, 53.641, 55.501, 58.245, 60.888, 61.877, 61.502, 61.066, 60.568, 59.323, 57.755, 55.931, 54.377, 53.869, 53.688, 52.853, 51.783, 50.909, 50.19, 49.691, 49.703, 49.554, 47.539, 43.31, 38.9, 36.848, 36.766, 37.283, 37.359, 36.638, 35.829, 35.55, 36.27, 37.153, 37.112, 37.301, 38.068, 38.437, 38.361, 38.259, 38.503, 39.014, 39.535, 39.814, 40.201, 40.631, 40.593, 40.552, 41.254, 36.071], [36.263, 36.152, 36.012, 35.909, 35.801, 35.644, 35.609, 35.71, 35.761, 35.86, 35.654, 34.832, 33.89, 33.48, 33.446, 33.608, 33.497, 33.019, 32.245, 31.679, 31.463, 30.898, 30.705, 30.838, 29.267, 25.161, 21.293, 20.505, 19.623, 16.387, 11.246, 5.485, 0.0, 5.125, 8.913, 11.376, 14.313, 18.719, 22.992, 25.652, 27.23, 28.464, 29.163, 29.875, 30.492, 30.729, 31.131, 32.028, 33.119, 33.915, 34.508, 35.292, 36.045, 36.502, 36.641, 36.776, 37.046, 37.517, 38.082, 38.542, 38.658, 38.57, 38.619, 39.225, 40.118, 40.463, 40.631, 41.094, 42.045, 43.954, 45.767, 45.977, 45.721, 46.235, 46.382, 46.195, 46.719, 46.669, 45.035, 43.877, 44.584, 45.258, 45.088, 43.917, 42.545, 42.125, 42.337, 42.489, 43.014, 43.301, 42.449, 41.274, 41.678, 45.582, 50.834, 53.24, 53.228, 53.462, 55.334, 58.093, 60.737, 61.715, 61.341, 60.921, 60.431, 59.185, 57.613, 55.78, 54.213, 53.698, 53.514, 52.676, 51.601, 50.722, 50.002, 49.511, 49.546, 49.432, 47.462, 43.303, 38.969, 36.909, 36.796, 37.299, 37.368, 36.642, 35.816, 35.519, 36.269, 37.176, 37.121, 37.305, 38.076, 38.45, 38.388, 38.3, 38.549, 39.067, 39.589, 39.868, 40.275, 40.716, 40.657, 40.603, 41.298, 36.176], [36.043, 35.92, 35.767, 35.666, 35.582, 35.444, 35.416, 35.542, 35.619, 35.73, 35.542, 34.779, 33.919, 33.571, 33.569, 33.74, 33.63, 33.179, 32.426, 31.863, 31.679, 31.207, 31.15, 31.358, 29.87, 25.951, 22.322, 21.636, 20.769, 17.602, 13.102, 9.017, 5.125, 0.0, 5.106, 8.817, 12.106, 16.641, 21.198, 24.123, 25.963, 27.428, 28.238, 28.994, 29.651, 29.931, 30.356, 31.261, 32.379, 33.227, 33.874, 34.755, 35.626, 36.145, 36.304, 36.456, 36.759, 37.275, 37.935, 38.505, 38.66, 38.554, 38.613, 39.285, 40.245, 40.628, 40.831, 41.328, 42.3, 44.262, 46.135, 46.367, 46.111, 46.625, 46.767, 46.582, 47.13, 47.074, 45.366, 44.151, 44.849, 45.509, 45.289, 44.062, 42.672, 42.261, 42.48, 42.637, 43.181, 43.486, 42.629, 41.407, 41.767, 45.664, 50.922, 53.308, 53.26, 53.467, 55.341, 58.129, 60.814, 61.821, 61.452, 61.037, 60.558, 59.312, 57.718, 55.855, 54.264, 53.736, 53.541, 52.678, 51.581, 50.694, 49.972, 49.48, 49.526, 49.429, 47.48, 43.326, 38.952, 36.852, 36.744, 37.269, 37.313, 36.517, 35.593, 35.221, 35.938, 36.836, 36.793, 37.005, 37.809, 38.206, 38.157, 38.089, 38.359, 38.886, 39.411, 39.704, 40.128, 40.556, 40.47, 40.413, 41.095, 35.966], [35.669, 35.529, 35.37, 35.288, 35.227, 35.098, 35.071, 35.215, 35.344, 35.501, 35.316, 34.577, 33.864, 33.698, 33.81, 34.011, 33.9, 33.483, 32.766, 32.227, 32.083, 31.692, 31.792, 32.121, 30.675, 26.832, 23.437, 22.929, 22.106, 18.972, 14.677, 11.373, 8.913, 5.106, 0.0, 5.061, 9.661, 14.738, 19.47, 22.555, 24.592, 26.239, 27.158, 27.96, 28.645, 28.971, 29.462, 30.413, 31.538, 32.388, 33.065, 34.043, 35.072, 35.697, 35.874, 36.065, 36.464, 37.049, 37.74, 38.349, 38.539, 38.427, 38.47, 39.178, 40.196, 40.622, 40.89, 41.449, 42.449, 44.475, 46.441, 46.707, 46.435, 46.932, 47.069, 46.896, 47.489, 47.434, 45.649, 44.356, 45.034, 45.691, 45.449, 44.184, 42.77, 42.354, 42.577, 42.744, 43.308, 43.622, 42.741, 41.462, 41.789, 45.754, 51.085, 53.478, 53.382, 53.537, 55.407, 58.243, 60.989, 62.048, 61.697, 61.274, 60.771, 59.506, 57.899, 56.012, 54.39, 53.85, 53.647, 52.754, 51.629, 50.744, 50.029, 49.531, 49.574, 49.482, 47.535, 43.353, 38.873