[[0.0, 5.31, 11.177, 14.933, 17.867, 21.714, 26.23, 28.927, 29.446, 30.307, 32.925, 35.23, 35.786, 35.834, 36.023, 36.067, 35.994, 35.945, 35.796, 35.911, 36.282, 36.433, 36.496, 36.703, 36.911, 37.049, 36.955, 36.937, 37.182, 37.339, 37.11, 36.984, 37.256, 37.415, 37.415, 37.454, 37.608, 37.961, 38.359, 38.408, 38.146, 37.754, 37.66, 37.888, 38.124, 38.359, 38.58, 38.697, 38.703, 38.349, 38.272, 38.416, 38.451, 38.343, 38.176, 37.863, 37.668, 37.697, 37.798, 37.685, 37.639, 38.189, 39.164, 39.631, 39.866, 39.995, 40.229, 40.273, 40.114, 40.118, 39.991, 39.589, 39.271, 39.49, 39.915, 40.003, 39.909, 39.902, 39.949, 39.9, 39.734, 39.571, 39.363, 39.015, 39.06, 39.697, 40.627, 41.196, 41.173, 40.786, 40.773, 40.928, 40.727, 40.6, 40.768, 40.772, 40.73, 40.953, 41.266, 41.39, 41.725, 42.394, 42.675, 42.237, 41.97, 41.782, 41.07, 40.382, 40.479, 40.42, 39.532, 38.829, 38.453, 38.183, 38.123, 38.281, 38.486, 38.144, 37.872, 38.347, 38.644, 38.573, 38.586, 38.382, 38.647, 39.198, 39.405, 39.358, 39.16, 38.733, 38.517, 38.653, 38.8, 38.762, 38.578, 38.525, 38.885, 39.411, 39.768, 39.767, 39.535, 39.284, 39.124, 39.191, 39.228, 4.195], [5.31, 0.0, 7.095, 12.161, 15.677, 19.513, 24.251, 27.31, 28.037, 28.99, 31.769, 34.229, 34.85, 34.936, 35.161, 35.24, 35.197, 35.228, 35.284, 35.64, 36.092, 36.279, 36.516, 36.941, 37.229, 37.369, 37.323, 37.385, 37.65, 37.814, 37.618, 37.51, 37.768, 37.923, 37.925, 37.957, 38.086, 38.397, 38.779, 38.821, 38.562, 38.192, 38.113, 38.329, 38.538, 38.732, 38.922, 39.027, 39.028, 38.723, 38.688, 38.824, 38.838, 38.757, 38.64, 38.372, 38.198, 38.221, 38.31, 38.197, 38.16, 38.687, 39.622, 40.08, 40.298, 40.392, 40.594, 40.613, 40.441, 40.423, 40.296, 39.933, 39.629, 39.801, 40.189, 40.268, 40.188, 40.211, 40.285, 40.257, 40.087, 39.904, 39.696, 39.366, 39.378, 39.911, 40.749, 41.267, 41.243, 40.895, 40.906, 41.063, 40.874, 40.763, 40.933, 40.953, 40.927, 41.139, 41.43, 41.543, 41.856, 42.509, 42.786, 42.383, 42.176, 42.042, 41.383, 40.717, 40.803, 40.732, 39.852, 39.17, 38.838, 38.597, 38.525, 38.646, 38.833, 38.537, 38.297, 38.691, 38.94, 38.886, 38.92, 38.719, 39.004, 39.581, 39.799, 39.76, 39.574, 39.165, 38.962, 39.106, 39.249, 39.206, 39.019, 38.958, 39.279, 39.753, 40.078, 40.066, 39.826, 39.562, 39.397, 39.479, 39.533, 8.04], [11.177, 7.095, 0.0, 6.978, 12.519, 17.165, 22.349, 25.808, 26.812, 27.893, 30.807, 33.407, 34.113, 34.255, 34.526, 34.652, 34.659, 34.802, 35.122, 35.776, 36.322, 36.558, 36.991, 37.642, 38.03, 38.178, 38.157, 38.288, 38.6, 38.785, 38.618, 38.5, 38.734, 38.91, 38.939, 38.969, 39.039, 39.266, 39.618, 39.67, 39.435, 39.115, 39.062, 39.27, 39.459, 39.603, 39.744, 39.832, 39.84, 39.609, 39.606, 39.716, 39.719, 39.664, 39.582, 39.358, 39.198, 39.203, 39.276, 39.165, 39.136, 39.622, 40.47, 40.875, 41.05, 41.115, 41.277, 41.274, 41.112, 41.083, 40.968, 40.669, 40.391, 40.502, 40.803, 40.822, 40.74, 40.785, 40.878, 40.889, 40.746, 40.564, 40.356, 40.055, 40.065, 40.498, 41.246, 41.736, 41.74, 41.455, 41.496, 41.65, 41.476, 41.387, 41.55, 41.58, 41.584, 41.8, 42.077, 42.18, 42.444, 43.041, 43.288, 42.882, 42.688, 42.602, 42.015, 41.384, 41.46, 41.396, 40.572, 39.944, 39.672, 39.471, 39.384, 39.445, 39.572, 39.302, 39.081, 39.354, 39.533, 39.5, 39.558, 39.379, 39.713, 40.31, 40.533, 40.513, 40.37, 40.028, 39.88, 40.058, 40.212, 40.167, 39.98, 39.917, 40.193, 40.594, 40.867, 40.844, 40.623, 40.374, 40.2, 40.275, 40.33, 13.265], [14.933, 12.161, 6.978, 0.0, 7.46, 13.97, 20.095, 23.67, 24.659, 25.846, 29.005, 31.822, 32.626, 32.812, 33.111, 33.27, 33.305, 33.493, 33.871, 34.566, 35.153, 35.43, 35.944, 36.737, 37.266, 37.457, 37.449, 37.634, 37.992, 38.155, 37.949, 37.825, 38.066, 38.246, 38.305, 38.372, 38.439, 38.652, 39.03, 39.117, 38.879, 38.55, 38.512, 38.752, 38.962, 39.123, 39.291, 39.391, 39.406, 39.191, 39.193, 39.304, 39.32, 39.272, 39.204, 38.992, 38.808, 38.793, 38.863, 38.749, 38.741, 39.261, 40.093, 40.475, 40.637, 40.682, 40.807, 40.78, 40.616, 40.592, 40.479, 40.168, 39.884, 40.008, 40.308, 40.311, 40.236, 40.285, 40.38, 40.416, 40.288, 40.105, 39.896, 39.605, 39.625, 40.073, 40.859, 41.39, 41.411, 41.115, 41.142, 41.286, 41.094, 40.992, 41.159, 41.177, 41.176, 41.417, 41.717, 41.814, 42.067, 42.667, 42.915, 42.479, 42.251, 42.151, 41.542, 40.88, 40.961, 40.914, 40.078, 39.439, 39.177, 38.986, 38.902, 38.975, 39.096, 38.748, 38.439, 38.732, 38.956, 38.939, 39.032, 38.892, 39.31, 39.968, 40.206, 40.182, 40.052, 39.724, 39.577, 39.749, 39.898, 39.854, 39.648, 39.547, 39.825, 40.254, 40.552, 40.537, 40.321, 40.085, 39.907, 39.98, 40.025, 16.572], [17.867, 15.677, 12.519, 7.46, 0.0, 8.253, 15.999, 20.06, 20.925, 22.155, 25.867, 29.192, 30.157, 30.394, 30.75, 30.974, 31.054, 31.27, 31.668, 32.392, 33.032, 33.339, 33.91, 34.857, 35.531, 35.761, 35.801, 36.08, 36.486, 36.661, 36.515, 36.477, 36.755, 36.92, 36.995, 37.09, 37.176, 37.417, 37.848, 37.935, 37.649, 37.274, 37.242, 37.508, 37.732, 37.909, 38.113, 38.231, 38.245, 38.035, 38.067, 38.197, 38.214, 38.183, 38.16, 37.956, 37.745, 37.721, 37.803, 37.69, 37.701, 38.269, 39.143, 39.591, 39.822, 39.857, 39.941, 39.881, 39.688, 39.664, 39.55, 39.212, 38.912, 39.058, 39.406, 39.443, 39.375, 39.417, 39.517, 39.566, 39.428, 39.226, 39.017, 38.711, 38.728, 39.213, 40.031, 40.572, 40.571, 40.216, 40.205, 40.35, 40.153, 40.045, 40.23, 40.242, 40.214, 40.472, 40.81, 40.899, 41.173, 41.839, 42.119, 41.675, 41.464, 41.355, 40.682, 39.953, 40.038, 39.977, 39.032, 38.306, 38.006, 37.795, 37.715, 37.813, 37.955, 37.533, 37.133, 37.527, 37.85, 37.859, 37.964, 37.826, 38.361, 39.14, 39.4, 39.355, 39.208, 38.841, 38.663, 38.807, 38.931, 38.88, 38.65, 38.499, 38.759, 39.218, 39.57, 39.57, 39.33, 39.079, 38.911, 39.03, 39.105, 19.255], [21.714, 19.513, 17.165, 13.97, 8.253, 0.0, 9.235, 14.834, 16.373, 17.779, 22.205, 26.296, 27.521, 27.849, 28.314, 28.641, 28.812, 29.167, 29.83, 30.856, 31.63, 32.015, 32.793, 33.992, 34.768, 35.006, 35.135, 35.535, 35.943, 36.116, 36.098, 36.174, 36.476, 36.654, 36.759, 36.847, 36.918, 37.16, 37.617, 37.655, 37.301, 36.898, 36.883, 37.163, 37.379, 37.538, 37.732, 37.84, 37.847, 37.698, 37.817, 37.954, 37.934, 37.938, 38.017, 37.892, 37.708, 37.675, 37.764, 37.657, 37.667, 38.228, 39.102, 39.62, 39.939, 39.949, 39.97, 39.87, 39.652, 39.627, 39.521, 39.213, 38.937, 39.053, 39.367, 39.394, 39.323, 39.361, 39.466, 39.533, 39.378, 39.137, 38.914, 38.593, 38.579, 39.012, 39.764, 40.259, 40.233, 39.861, 39.843, 40.007, 39.841, 39.759, 39.968, 39.989, 39.939, 40.193, 40.553, 40.635, 40.898, 41.572, 41.847, 41.429, 41.313, 41.268, 40.597, 39.839, 39.914, 39.813, 38.776, 38.01, 37.721, 37.538, 37.476, 37.548, 37.67, 37.248, 36.818, 37.235, 37.604, 37.637, 37.734, 37.566, 38.206, 39.082, 39.343, 39.29, 39.135, 38.733, 38.548, 38.693, 38.798, 38.745, 38.531, 38.37, 38.569, 38.973, 39.318, 39.309, 39.031, 38.735, 38.568, 38.758, 38.897, 22.976], [26.23, 24.251, 22.349, 20.095, 15.999, 9.235, 0.0, 7.431, 10.93, 13.137, 18.121, 22.877, 24.404, 24.879, 25.478, 25.901, 26.21, 26.864, 28.002, 29.477, 30.441, 30.977, 32.124, 33.687, 34.609, 34.875, 35.09, 35.61, 36.032, 36.189, 36.225, 36.339, 36.63, 36.83, 36.949, 37.017, 37.1, 37.372, 37.867, 37.862, 37.445, 37.04, 37.085, 37.4, 37.602, 37.744, 37.927, 38.017, 38.012, 37.914, 38.096, 38.233, 38.173, 38.183, 38.337, 38.315, 38.178, 38.127, 38.211, 38.121, 38.143, 38.676, 39.506, 40.088, 40.499, 40.484, 40.425, 40.278, 40.066, 40.066, 39.992, 39.736, 39.473, 39.53, 39.766, 39.763, 39.708, 39.745, 39.839, 39.905, 39.726, 39.445, 39.212, 38.883, 38.812, 39.15, 39.811, 40.255, 40.227, 39.866, 39.84, 40.006, 39.865, 39.814, 40.033, 40.033, 39.935, 40.157, 40.523, 40.605, 40.829, 41.444, 41.671, 41.251, 41.226, 41.312, 40.74, 40.002, 40.064, 39.976, 38.971, 38.267, 38.06, 37.956, 37.923, 37.962, 38.047, 37.647, 37.213, 37.601, 37.972, 37.993, 38.064, 37.878, 38.613, 39.55, 39.799, 39.745, 39.588, 39.165, 39.005, 39.166, 39.236, 39.193, 39.024, 38.88, 39.033, 39.397, 39.725, 39.705, 39.4, 39.057, 38.871, 39.096, 39.259, 27.242], [28.927, 27.31, 25.808, 23.67, 20.06, 14.834, 7.431, 0.0, 5.405, 9.191, 14.769, 19.723, 21.394, 22.033, 22.766, 23.284, 23.725, 24.611, 26.043, 27.782, 28.903, 29.573, 30.979, 32.833, 33.94, 34.25, 34.518, 35.148, 35.645, 35.838, 35.907, 36.035, 36.332, 36.547, 36.678, 36.754, 36.878, 37.212, 37.775, 37.775, 37.33, 36.922, 37.013, 37.354, 37.534, 37.675, 37.878, 37.971, 37.951, 37.837, 38.025, 38.172, 38.107, 38.083, 38.211, 38.195, 38.059, 37.991, 38.063, 37.986, 38.036, 38.558, 39.358, 39.988, 40.461, 40.46, 40.369, 40.208, 40.012, 40.033, 39.974, 39.72, 39.439, 39.486, 39.713, 39.71, 39.682, 39.745, 39.848, 39.911, 39.726, 39.446, 39.231, 38.911, 38.81, 39.126, 39.776, 40.215, 40.181, 39.801, 39.748, 39.895, 39.746, 39.702, 39.921, 39.888, 39.743, 39.941, 40.305, 40.384, 40.593, 41.183, 41.367, 40.885, 40.834, 40.969, 40.464, 39.743, 39.803, 39.771, 38.842, 38.184, 38.021, 37.959, 37.954, 38.016, 38.106, 37.697, 37.257, 37.683, 38.076, 38.069, 38.114, 37.914, 38.679, 39.647, 39.902, 39.849, 39.685, 39.246, 39.097, 39.262, 39.299, 39.255, 39.102, 38.953, 39.101, 39.484, 39.838, 39.842, 39.542, 39.201, 39.022, 39.239, 39.379, 29.669], [29.446, 28.037, 26.812, 24.659, 20.925, 16.373, 10.93, 5.405, 0.0, 5.386, 12.593, 18.047, 19.762, 20.458, 21.3, 21.913, 22.392, 23.25, 24.618, 26.346, 27.518, 28.225, 29.659, 31.609, 32.84, 33.18, 33.453, 34.141, 34.72, 35.0, 35.164, 35.347, 35.675, 35.939, 36.132, 36.247, 36.39, 36.761, 37.373, 37.385, 36.925, 36.5, 36.596, 36.946, 37.125, 37.283, 37.511, 37.614, 37.595, 37.456, 37.625, 37.79, 37.749, 37.69, 37.743, 37.674, 37.512, 37.438, 37.506, 37.427, 37.477, 38.007, 38.844, 39.534, 40.038, 40.046, 39.958, 39.796, 39.591, 39.605, 39.532, 39.253, 38.969, 39.044, 39.296, 39.305, 39.28, 39.355, 39.468, 39.522, 39.333, 39.055, 38.849, 38.531, 38.426, 38.78, 39.472, 39.939, 39.899, 39.483, 39.406, 39.549, 39.396, 39.349, 39.579, 39.554, 39.407, 39.606, 39.971, 40.056, 40.304, 40.937, 41.123, 40.582, 40.447, 40.523, 39.975, 39.229, 39.294, 39.286, 38.359, 37.675, 37.489, 37.408, 37.4, 37.486, 37.604, 37.182, 36.731, 37.231, 37.673, 37.643, 37.644, 37.395, 38.148, 39.148, 39.422, 39.367, 39.196, 38.745, 38.602, 38.779, 38.809, 38.752, 38.583, 38.414, 38.562, 38.965, 39.345, 39.368, 39.071, 38.745, 38.594, 38.82, 38.959, 30.056], [30.307, 28.99, 27.893, 25.846, 22.155, 17.779, 13.137, 9.191, 5.386, 0.0, 8.628, 15.264, 17.451, 18.31, 19.339, 20.111, 20.664, 21.597, 23.087, 24.987, 26.274, 27.054, 28.624, 30.786, 32.165, 32.535, 32.83, 33.595, 34.23, 34.559, 34.837, 35.127, 35.494, 35.803, 36.061, 36.212, 36.391, 36.782, 37.403, 37.414, 36.957, 36.545, 36.637, 36.977, 37.152, 37.311, 37.544, 37.656, 37.645, 37.515, 37.668, 37.825, 37.806, 37.76, 37.774, 37.668, 37.505, 37.446, 37.526, 37.44, 37.48, 38.042, 38.953, 39.695, 40.211, 40.208, 40.105, 39.927, 39.712, 39.72, 39.635, 39.343, 39.076, 39.181, 39.425, 39.417, 39.391, 39.463, 39.559, 39.597, 39.397, 39.104, 38.888, 38.545, 38.391, 38.719, 39.409, 39.874, 39.818, 39.388, 39.301, 39.441, 39.294, 39.251, 39.482, 39.462, 39.317, 39.509, 39.876, 39.98, 40.263, 40.927, 41.125, 40.585, 40.446, 40.515, 39.945, 39.178, 39.238, 39.222, 38.264, 37.548, 37.345, 37.255, 37.243, 37.321, 37.441, 37.04, 36.601, 37.107, 37.571, 37.544, 37.497, 37.156, 37.89, 38.921, 39.195, 39.138, 38.982, 38.549, 38.431, 38.633, 38.663, 38.591, 38.42, 38.255, 38.385, 38.762, 39.117, 39.122, 38.817, 38.508, 38.379, 38.636, 38.799, 30.852], [32.925, 31.769, 30.807, 29.005, 25.867, 22.205, 18.121, 14.769, 12.593, 8.628, 0.0, 8.084, 11.764, 13.432, 14.91, 16.101, 17.107, 18.567, 20.779, 23.419, 25.06, 26.035, 28.035, 30.686, 32.29, 32.691, 33.047, 33.967, 34.684, 35.053, 35.443, 35.829, 36.217, 36.538, 36.824, 37.016, 37.263, 37.662, 38.251, 38.252, 37.841, 37.519, 37.643, 37.944, 38.073, 38.191, 38.407, 38.525, 38.51, 38.41, 38.56, 38.687, 38.682, 38.68, 38.677, 38.554, 38.407, 38.374, 38.473, 38.396, 38.434, 39.003, 39.957, 40.707, 41.21, 41.209, 41.082, 40.883, 40.683, 40.689, 40.587, 40.295, 40.041, 40.14, 40.305, 40.242, 40.249, 40.359, 40.432, 40.445, 40.237, 39.951, 39.746, 39.393, 39.13, 39.3, 39.87, 40.26, 40.184, 39.788, 39.712, 39.841, 39.722, 39.71, 39.924, 39.886, 39.732, 39.882, 40.22, 40.35, 40.645, 41.285, 41.465, 40.948, 40.872, 41.05, 40.597, 39.884, 39.933, 39.918, 39.013, 38.355, 38.193, 38.136, 38.143, 38.199, 38.296, 37.955, 37.551, 37.927, 38.34, 38.346, 38.261, 37.855, 38.579, 39.593, 39.85, 39.812, 39.693, 39.306, 39.23, 39.449, 39.468, 39.388, 39.251, 39.115, 39.212, 39.523, 39.816, 39.792, 39.514, 39.249, 39.124, 39.376, 39.53, 33.378], [35.23, 34.229, 33.407, 31.822, 29.192, 26.296, 22.877, 19.723, 18.047, 15.264, 8.084, 0.0, 5.412, 8.734, 10.984, 12.626, 14.251, 16.378, 19.394, 22.825, 24.829, 25.957, 28.267, 31.258, 32.992, 33.405, 33.805, 34.827, 35.6, 35.993, 36.436, 36.858, 37.237, 37.541, 37.831, 38.036, 38.291, 38.673, 39.234, 39.255, 38.922, 38.685, 38.837, 39.115, 39.203, 39.268, 39.45, 39.567, 39.551, 39.469, 39.628, 39.743, 39.75, 39.783, 39.785, 39.662, 39.526, 39.508, 39.618, 39.559, 39.599, 40.155, 41.096, 41.783, 42.235, 42.252, 42.133, 41.938, 41.764, 41.77, 41.655, 41.36, 41.1, 41.165, 41.268, 41.159, 41.199, 41.355, 41.415, 41.4, 41.191, 40.921, 40.718, 40.371, 40.066, 40.14, 40.605, 40.91, 40.821, 40.466, 40.401, 40.522, 40.444, 40.476, 40.677, 40.63, 40.488, 40.608, 40.902, 41.032, 41.308, 41.91, 42.088, 41.595, 41.536, 41.778, 41.428, 40.784, 40.83, 40.843, 40.049, 39.475, 39.358, 39.321, 39.34, 39.386, 39.46, 39.173, 38.818, 39.063, 39.411, 39.442, 39.353, 38.96, 39.666, 40.612, 40.852, 40.839, 40.745, 40.395, 40.326, 40.509, 40.504, 40.429, 40.321, 40.201, 40.268, 40.523, 40.765, 40.733, 40.505, 40.303, 40.198, 40.417, 40.522, 35.603], [35.786, 34.85, 34.113, 32.626, 30.157, 27.521, 24.404, 21.394, 19.762, 17.451, 11.764, 5.412, 0.0, 4.625, 8.069, 10.236, 12.143, 14.648, 18.161, 22.061, 24.302, 25.495, 27.895, 31.025, 32.822, 33.242, 33.652, 34.714, 35.52, 35.921, 36.367, 36.824, 37.237, 37.556, 37.855, 38.056, 38.306, 38.712, 39.294, 39.344, 39.042, 38.809, 38.959, 39.257, 39.36, 39.421, 39.596, 39.713, 39.707, 39.622, 39.772, 39.889, 39.899, 39.933, 39.931, 39.811, 39.681, 39.664, 39.773, 39.717, 39.757, 40.32, 41.26, 41.917, 42.345, 42.357, 42.235, 42.037, 41.873, 41.887, 41.77, 41.471, 41.207, 41.274, 41.387, 41.275, 41.317, 41.484, 41.531, 41.494, 41.273, 41.006, 40.799, 40.448, 40.133, 40.185, 40.626, 40.915, 40.823, 40.466, 40.396, 40.518, 40.455, 40.502, 40.704, 40.655, 40.526, 40.655, 40.945, 41.071, 41.353, 41.982, 42.194, 41.702, 41.619, 41.84, 41.468, 40.809, 40.851, 40.878, 40.107, 39.559, 39.462, 39.423, 39.438, 39.485, 39.556, 39.279, 38.935, 39.149, 39.491, 39.519, 39.431, 39.056, 39.769, 40.7, 40.938, 40.929, 40.835, 40.48, 40.388, 40.538, 40.525, 40.453, 40.338, 40.207, 40.265, 40.513, 40.745, 40.718, 40.512, 40.34, 40.256, 40.472, 40.557, 36.126], [35.834, 34.936, 34.255, 32.812, 30.394, 27.849, 24.879, 22.033, 20.458, 18.31, 13.432, 8.734, 4.625, 0.0, 4.517, 7.717, 9.977, 12.631, 16.547, 20.898, 23.366, 24.607, 27.053, 30.287, 32.146, 32.573, 32.989, 34.092, 34.94, 35.355, 35.794, 36.286, 36.758, 37.111, 37.429, 37.654, 37.938, 38.376, 38.967, 39.033, 38.739, 38.484, 38.62, 38.944, 39.077, 39.147, 39.322, 39.445, 39.452, 39.367, 39.511, 39.633, 39.646, 39.669, 39.658, 39.54, 39.417, 39.408, 39.522, 39.462, 39.5, 40.084, 41.05, 41.723, 42.157, 42.165, 42.044, 41.839, 41.665, 41.677, 41.565, 41.265, 41.006, 41.089, 41.212, 41.104, 41.142, 41.289, 41.303, 41.236, 40.997, 40.721, 40.503, 40.14, 39.821, 39.879, 40.339, 40.657, 40.581, 40.21, 40.133, 40.256, 40.189, 40.234, 40.439, 40.389, 40.26, 40.395, 40.699, 40.83, 41.133, 41.803, 42.026, 41.52, 41.437, 41.65, 41.244, 40.553, 40.591, 40.609, 39.794, 39.228, 39.149, 39.115, 39.126, 39.171, 39.243, 38.955, 38.608, 38.828, 39.17, 39.178, 39.074, 38.706, 39.449, 40.401, 40.644, 40.638, 40.537, 40.153, 40.034, 40.18, 40.176, 40.103, 39.971, 39.83, 39.896, 40.148, 40.375, 40.343, 40.141, 39.985, 39.915, 40.138, 40.23, 36.154], [36.023, 35.161, 34.526, 33.111, 30.75, 28.314, 25.478, 22.766, 21.3, 19.339, 14.91, 10.984, 8.069, 4.517, 0.0, 4.266, 7.657, 10.803, 14.991, 19.743, 22.459, 23.793, 26.354, 29.711, 31.636, 32.08, 32.492, 33.628, 34.538, 34.973, 35.402, 35.907, 36.41, 36.774, 37.103, 37.374, 37.72, 38.182, 38.772, 38.845, 38.562, 38.3, 38.429, 38.768, 38.92, 38.992, 39.168, 39.285, 39.293, 39.211, 39.353, 39.489, 39.517, 39.534, 39.509, 39.379, 39.253, 39.251, 39.372, 39.309, 39.346, 39.937, 40.912, 41.578, 42.008, 42.03, 41.929, 41.73, 41.547, 41.558, 41.453, 41.153, 40.894, 40.976, 41.095, 40.994, 41.037, 41.173, 41.165, 41.08, 40.834, 40.549, 40.316, 39.953, 39.659, 39.751, 40.242, 40.588, 40.527, 40.15, 40.069, 40.188, 40.112, 40.155, 40.37, 40.33, 40.202, 40.332, 40.632, 40.769, 41.08, 41.751, 41.958, 41.439, 41.374, 41.596, 41.171, 40.468, 40.506, 40.519, 39.677, 39.095, 39.023, 38.997, 39.006, 39.051, 39.124, 38.814, 38.444, 38.654, 38.998, 38.995, 38.878, 38.506, 39.264, 40.227, 40.484, 40.485, 40.369, 39.959, 39.831, 39.983, 39.981, 39.901, 39.758, 39.613, 39.691, 39.948, 40.175, 40.15, 39.963, 39.827, 39.77, 39.996, 40.092, 36.316], [36.067, 35.24, 34.652, 33.27, 30.974, 28.641, 25.901, 23.284, 21.913, 20.111, 16.101, 12.626, 10.236, 7.717, 4.266, 0.0, 4.636, 9.008, 13.656, 18.554, 21.363, 22.795, 25.546, 29.071, 31.072, 31.543, 31.954, 33.121, 34.102, 34.565, 34.993, 35.511, 36.04, 36.433, 36.78, 37.083, 37.474, 37.971, 38.574, 38.645, 38.36, 38.092, 38.215, 38.559, 38.717, 38.799, 38.986, 39.097, 39.102, 39.002, 39.125, 39.279, 39.335, 39.35, 39.301, 39.146, 39.011, 39.012, 39.134, 39.068, 39.107, 39.707, 40.68, 41.316, 41.737, 41.779, 41.699, 41.508, 41.324, 41.348, 41.261, 40.973, 40.719, 40.799, 40.92, 40.827, 40.875, 41.015, 41.013, 40.929, 40.68, 40.383, 40.138, 39.774, 39.506, 39.64, 40.169, 40.541, 40.482, 40.09, 40.004, 40.12, 40.034, 40.078, 40.307, 40.269, 40.135, 40.257, 40.546, 40.683, 41.003, 41.678, 41.888, 41.357, 41.286, 41.497, 41.038, 40.32, 40.363, 40.377, 39.517, 38.908, 38.824, 38.801, 38.813, 38.868, 38.953, 38.617, 38.199, 38.405, 38.777, 38.778, 38.665, 38.303, 39.069, 40.046, 40.321, 40.32, 40.191, 39.781, 39.668, 39.823, 39.807, 39.722, 39.566, 39.396, 39.478, 39.761, 40.018, 40.016, 39.843, 39.711, 39.642, 39.86, 39.953, 36.34], [35.994, 35.197, 34.659, 33.305, 31.054, 28.812, 26.21, 23.725, 22.392, 20.664, 17.107, 14.251, 12.143, 9.977, 7.657, 4.636, 0.0, 5.549, 11.438, 16.875, 19.712, 21.097, 24.002, 27.793, 29.95, 30.455, 30.881, 32.132, 33.218, 33.735, 34.188, 34.76, 35.362, 35.836, 36.242, 36.577, 37.015, 37.567, 38.189, 38.262, 37.97, 37.674, 37.762, 38.1, 38.267, 38.36, 38.568, 38.701, 38.726, 38.606, 38.698, 38.858, 38.93, 38.931, 38.865, 38.699, 38.566, 38.58, 38.712, 38.645, 38.688, 39.312, 40.303, 40.953, 41.388, 41.441, 41.375, 41.18, 40.99, 41.027, 40.947, 40.652, 40.401, 40.501, 40.626, 40.526, 40.566, 40.702, 40.704, 40.631, 40.388, 40.086, 39.835, 39.466, 39.21, 39.385, 39.97, 40.388, 40.332, 39.912, 39.821, 39.951, 39.864, 39.909, 40.141, 40.083, 39.921, 40.042, 40.349, 40.497, 40.828, 41.52, 41.738, 41.191, 41.106, 41.292, 40.779, 40.031, 40.077, 40.083, 39.168, 38.502, 38.391, 38.355, 38.363, 38.429, 38.522, 38.177, 37.758, 38.009, 38.402, 38.394, 38.283, 37.941, 38.714, 39.695, 39.97, 39.955, 39.818, 39.406, 39.294, 39.434, 39.403, 39.313, 39.144, 38.945, 39.022, 39.329, 39.606, 39.607, 39.421, 39.279, 39.196, 39.404, 39.489, 36.249], [35.945, 35.228, 34.802, 33.493, 31.27, 29.167, 26.864, 24.611, 23.25, 21.597, 18.567, 16.378, 14.648, 12.631, 10.803, 9.008, 5.549, 0.0, 7.238, 14.055, 17.429, 18.709, 21.54, 25.626, 28.048, 28.604, 29.033, 30.419, 31.67, 32.277, 32.789, 33.488, 34.216, 34.787, 35.266, 35.664, 36.174, 36.793, 37.432, 37.512, 37.208, 36.86, 36.901, 37.254, 37.463, 37.579, 37.808, 37.978, 38.041, 37.908, 37.995, 38.168, 38.231, 38.2, 38.138, 37.987, 37.847, 37.867, 38.027, 37.968, 37.998, 38.639, 39.687, 40.403, 40.88, 40.947, 40.897, 40.706, 40.503, 40.546, 40.46, 40.121, 39.848, 39.96, 40.086, 39.97, 39.987, 40.11, 40.107, 40.038, 39.805, 39.508, 39.241, 38.829, 38.568, 38.789, 39.44, 39.919, 39.874, 39.414, 39.311, 39.461, 39.379, 39.425, 39.66, 39.581, 39.397, 39.534, 39.878, 40.051, 40.418, 41.136, 41.355, 40.797, 40.694, 40.836, 40.262, 39.482, 39.544, 39.544, 38.565, 37.858, 37.711, 37.64, 37.636, 37.711, 37.807, 37.435, 37.031, 37.363, 37.764, 37.73, 37.607, 37.268, 38.063, 39.053, 39.318, 39.288, 39.132, 38.695, 38.572, 38.702, 38.659, 38.559, 38.383, 38.176, 38.258, 38.575, 38.858, 38.854, 38.657, 38.515, 38.424, 38.613, 38.684, 36.161], [35.796, 35.284, 35.122, 33.871, 31.668, 29.83, 28.002, 26.043, 24.618, 23.087, 20.779, 19.394, 18.161, 16.547, 14.991, 13.656, 11.438, 7.238, 0.0, 8.225, 13.023, 14.683, 17.345, 21.766, 24.668, 25.356, 25.766, 27.34, 28.832, 29.557, 30.201, 31.137, 32.047, 32.726, 33.302, 33.821, 34.453, 35.157, 35.827, 35.915, 35.574, 35.135, 35.125, 35.511, 35.798, 35.995, 36.297, 36.504, 36.577, 36.402, 36.512, 36.73, 36.777, 36.71, 36.657, 36.504, 36.322, 36.344, 36.55, 36.512, 36.533, 37.228, 38.41, 39.232, 39.765, 39.854, 39.836, 39.665, 39.439, 39.489, 39.396, 38.989, 38.662, 38.771, 38.922, 38.799, 38.772, 38.885, 38.888, 38.832, 38.618, 38.33, 38.026, 37.504, 37.221, 37.559, 38.339, 38.916, 38.887, 38.362, 38.236, 38.405, 38.302, 38.331, 38.579, 38.481, 38.271, 38.435, 38.83, 39.055, 39.529, 40.333, 40.571, 39.986, 39.825, 39.872, 39.173, 38.327, 38.424, 38.424, 37.347, 36.558, 36.338, 36.212, 36.202, 36.32, 36.462, 35.989, 35.503, 35.973, 36.432, 36.348, 36.205, 35.871, 36.723, 37.797, 38.083, 38.027, 37.839, 37.357, 37.226, 37.348, 37.275, 37.149, 36.948, 36.722, 36.839, 37.222, 37.561, 37.575, 37.368, 37.225, 37.133, 37.302, 37.356, 35.948], [35.911, 35.64, 35.776, 34.566, 32.392, 30.856, 29.477, 27.782, 26.346, 24.987, 23.419, 22.825, 22.061, 20.898, 19.743, 18.554, 16.875, 14.055, 8.225, 0.0, 6.313, 9.236, 12.314, 17.097, 20.576, 21.519, 21.95, 23.732, 25.511, 26.413, 27.255, 28.452, 29.54, 30.356, 31.089, 31.784, 32.566, 33.375, 34.106, 34.221, 33.863, 33.364, 33.33, 33.75, 34.11, 34.44, 34.879, 35.129, 35.18, 34.941, 35.06, 35.321, 35.359, 35.245, 35.168, 34.976, 34.757, 34.806, 35.053, 35.037, 35.07, 35.844, 37.159, 38.1, 38.688, 38.79, 38.79, 38.634, 38.396, 38.464, 38.372, 37.907, 37.522, 37.654, 37.857, 37.727, 37.651, 37.757, 37.786, 37.754, 37.571, 37.301, 36.973, 36.343, 36.058, 36.594, 37.56, 38.238, 38.209, 37.63, 37.497, 37.675, 37.516, 37.499, 37.756, 37.632, 37.383, 37.574, 38.023, 38.295, 38.881, 39.789, 40.052, 39.419, 39.178, 39.108, 38.246, 37.299, 37.422, 37.419, 36.227, 35.305, 34.974, 34.794, 34.782, 34.954, 35.167, 34.572, 33.949, 34.585, 35.156, 35.028, 34.862, 34.531, 35.446, 36.636, 36.961, 36.868, 36.644, 36.116, 35.945, 36.028, 35.92, 35.758, 35.516, 35.265, 35.445, 35.944, 36.385, 36.439, 36.208, 36.04, 35.958, 36.134, 36.176, 35.997], [36.282, 36.092, 36.322, 35.153, 33.032, 31.63, 30.441, 28.903, 27.518, 26.274, 25.06, 24.829, 24.302, 23.366, 22.459, 21.363, 19.712, 17.429, 13.023, 6.313, 0.0, 4.502, 9.313, 14.606, 18.298, 19.408, 19.905, 21.844, 23.885, 24.997, 25.99, 27.298, 28.467, 29.396, 30.263, 31.082, 31.954, 32.825, 33.566, 33.675, 33.335, 32.876, 32.881, 33.329, 33.711, 34.118, 34.666, 34.962, 34.994, 34.73, 34.839, 35.107, 35.145, 34.996, 34.884, 34.678, 34.474, 34.548, 34.801, 34.787, 34.819, 35.586, 36.905, 37.89, 38.509, 38.617, 38.615, 38.462, 38.23, 38.307, 38.217, 37.742, 37.351, 37.515, 37.739, 37.59, 37.493, 37.588, 37.621, 37.596, 37.423, 37.162, 36.832, 36.166, 35.893, 36.529, 37.568, 38.272, 38.247, 37.68, 37.565, 37.752, 37.581, 37.548, 37.807, 37.679, 37.419, 37.624, 38.094, 38.374, 38.976, 39.908, 40.181, 39.525, 39.26, 39.163, 38.248, 37.256, 37.376, 37.382, 36.16, 35.161, 34.76, 34.556, 34.528, 34.699, 34.922, 34.289, 33.615, 34.294, 34.9, 34.749, 34.56, 34.237, 35.192, 36.429, 36.771, 36.663, 36.433, 35.906, 35.714, 35.768, 35.654, 35.477, 35.219, 34.973, 35.194, 35.749, 36.241, 36.334, 36.11, 35.933, 35.851, 36.026, 36.058, 36.34], [36.433, 36.279, 36.558, 35.43, 33.339, 32.015, 30.977, 29.573, 28.225, 27.054, 26.035, 25.957, 25.495, 24.607, 23.793, 22.795, 21.097, 18.709, 14.683, 9.236, 4.502, 0.0, 6.177, 12.546, 16.711, 17.925, 18.459, 20.592, 22.848, 24.089, 25.174, 26.586, 27.837, 28.823, 29.755, 30.63, 31.571, 32.501, 33.247, 33.343, 32.996, 32.542, 32.58, 33.086, 33.495, 33.92, 34.536, 34.895, 34.947, 34.688, 34.808, 35.083, 35.122, 34.971, 34.877, 34.697, 34.507, 34.579, 34.832, 34.825, 34.852, 35.586, 36.875, 37.863, 38.506, 38.626, 38.63, 38.485, 38.253, 38.327, 38.232, 37.743, 37.35, 37.533, 37.763, 37.609, 37.517, 37.613, 37.639, 37.603, 37.422, 37.16, 36.829, 36.163, 35.899, 36.539, 37.565, 38.268, 38.262, 37.71, 37.601, 37.794, 37.628, 37.591, 37.846, 37.717, 37.455, 37.662, 38.138, 38.418, 39.016, 39.951, 40.232, 39.587, 39.326, 39.208, 38.265, 37.258, 37.377, 37.391, 36.185, 35.186, 34.765, 34.544, 34.503, 34.665, 34.891, 34.256, 33.575, 34.258, 34.852, 34.662, 34.441, 34.126, 35.113, 36.371, 36.716, 36.603, 36.368, 35.832, 35.632, 35.683, 35.574, 35.403, 35.142, 34.892, 35.12, 35.685, 36.183, 36.285, 36.07, 35.896, 35.808, 35.981, 36.022, 36.467], [36.496, 36.516, 36.991, 35.944, 33.91, 32.793, 32.124, 30.979, 29.659, 28.624, 28.035, 28.267, 27.895, 27.053, 26.354, 25.546, 24.002, 21.54, 17.345, 12.314, 9.313, 6.177, 0.0, 7.512, 12.86, 14.464, 14.963, 17.357, 19.946, 21.415, 22.769, 24.488, 25.93, 27.026, 28.084, 29.073, 30.157, 31.233, 32.052, 32.173, 31.8, 31.279, 31.345, 31.97, 32.476, 32.959, 33.639, 34.075, 34.199, 33.966, 34.125, 34.426, 34.453, 34.295, 34.245, 34.097, 33.891, 33.946, 34.213, 34.224, 34.25, 34.985, 36.291, 37.324, 38.011, 38.127, 38.132, 38.01, 37.778, 37.859, 37.775, 37.257, 36.824, 37.011, 37.282, 37.161, 37.078, 37.177, 37.195, 37.151, 36.971, 36.708, 36.368, 35.685, 35.439, 36.127, 37.205, 37.959, 37.967, 37.39, 37.272, 37.477, 37.298, 37.235, 37.485, 37.335, 37.042, 37.261, 37.775, 38.073, 38.701, 39.662, 39.941, 39.291, 39.001, 38.788, 37.735, 36.676, 36.816, 36.84, 35.604, 34.576, 34.109, 33.844, 33.791, 33.982, 34.245, 33.57, 32.853, 33.655, 34.287, 34.024, 33.744, 33.396, 34.393, 35.688, 36.035, 35.907, 35.649, 35.056, 34.813, 34.864, 34.762, 34.594, 34.324, 34.075, 34.348, 34.976, 35.509, 35.609, 35.386, 35.204, 35.116, 35.306, 35.374, 36.464], [36.703, 36.941, 37.642, 36.737, 34.857, 33.992, 33.687, 32.833, 31.609, 30.786, 30.686, 31.258, 31.025, 30.287, 29.711, 29.071, 27.793, 25.626, 21.766, 17.097, 14.606, 12.546, 7.512, 0.0, 6.508, 8.994, 9.682, 12.405, 15.543, 17.608, 19.594, 21.745, 23.409, 24.727, 26.007, 27.15, 28.389, 29.65, 30.6, 30.805, 30.489, 29.976, 30.134, 30.925, 31.57, 32.151, 32.872, 33.337, 33.528, 33.344, 33.559, 33.887, 33.883, 33.71, 33.691, 33.564, 33.344, 33.37, 33.632, 33.645, 33.641, 34.324, 35.601, 36.664, 37.396, 37.486, 37.463, 37.364, 37.144, 37.243, 37.195, 36.683, 36.215, 36.398, 36.736, 36.681, 36.604, 36.693, 36.724, 36.695, 36.52, 36.256, 35.917, 35.23, 35.007, 35.752, 36.898, 37.698, 37.708, 37.118, 37.008, 37.228, 37.024, 36.921, 37.167, 37.0, 36.668, 36.891, 37.443, 37.753, 38.393, 39.352, 39.605, 38.92, 38.581, 38.276, 37.13, 36.029, 36.196, 36.245, 34.966, 33.871, 33.365, 33.068, 32.989, 33.207, 33.51, 32.813, 32.095, 33.064, 33.765, 33.444, 33.093, 32.695, 33.718, 35.074, 35.43, 35.293, 35.026, 34.381, 34.087, 34.146, 34.061, 33.891, 33.608, 33.386, 33.745, 34.481, 35.072, 35.182, 34.972, 34.792, 34.693, 34.888, 34.959, 36.612], [36.911, 37.229, 38.03, 37.266, 35.531, 34.768, 34.609, 33.94, 32.84, 32.165, 32.29, 32.992, 32.822, 32.146, 31.636, 31.072, 29.95, 28.048, 24.668, 20.576, 18.298, 16.711, 12.86, 6.508, 0.0, 3.565, 5.644, 9.187, 12.758, 15.444, 18.068, 20.534, 22.337, 23.832, 25.235, 26.413, 27.678, 29.023, 30.055, 30.333, 30.114, 29.682, 29.927, 30.808, 31.527, 32.169, 32.898, 33.338, 33.545, 33.401, 33.661, 34.005, 33.988, 33.832, 33.839, 33.725, 33.517, 33.529, 33.775, 33.78, 33.741, 34.344, 35.546, 36.561, 37.305, 37.367, 37.311, 37.219, 37.019, 37.128, 37.103, 36.617, 36.145, 36.321, 36.692, 36.672, 36.594, 36.665, 36.708, 36.697, 36.52, 36.255, 35.93, 35.255, 35.022, 35.752, 36.883, 37.668, 37.676, 37.109, 37.03, 37.27, 37.066, 36.948, 37.186, 37.023, 36.689, 36.898, 37.448, 37.757, 38.385, 39.327, 39.572, 38.882, 38.522, 38.193, 37.058, 35.976, 36.143, 36.19, 34.899, 33.774, 33.287, 32.984, 32.867, 33.075, 33.385, 32.732, 32.099, 33.124, 33.825, 33.495, 33.108, 32.703, 33.776, 35.175, 35.54, 35.411, 35.154, 34.494, 34.177, 34.246, 34.178, 34.009, 33.723, 33.521, 33.908, 34.673, 35.275, 35.398, 35.222, 35.048, 34.929, 35.112, 35.176, 36.812], [37.049, 37.369, 38.178, 37.457, 35.761, 35.006, 34.875, 34.25, 33.18, 32.535, 32.691, 33.405, 33.242, 32.573, 32.08, 31.543, 30.455, 28.604, 25.356, 21.519, 19.408, 17.925, 14.464, 8.994, 3.565, 0.0, 3.746, 8.482, 12.268, 15.006, 17.842, 20.51, 22.405, 23.957, 25.386, 26.546, 27.786, 29.133, 30.176, 30.464, 30.262, 29.845, 30.095, 30.977, 31.705, 32.361, 33.092, 33.53, 33.74, 33.611, 33.895, 34.263, 34.262, 34.116, 34.127, 34.015, 33.819, 33.839, 34.083, 34.082, 34.036, 34.628, 35.805, 36.783, 37.526, 37.581, 37.511, 37.419, 37.227, 37.336, 37.306, 36.816, 36.339, 36.503, 36.865, 36.841, 36.752, 36.809, 36.844, 36.834, 36.662, 36.407, 36.09, 35.419, 35.175, 35.884, 36.998, 37.775, 37.789, 37.23, 37.158, 37.409, 37.218, 37.104, 37.34, 37.179, 36.846, 37.045, 37.586, 37.897, 38.524, 39.466, 39.719, 39.044, 38.69, 38.369, 37.258, 36.192, 36.347, 36.378, 35.087, 33.966, 33.485, 33.17, 33.042, 33.246, 33.553, 32.926, 32.348, 33.363, 34.034, 33.714, 33.332, 32.944, 34.014, 35.406, 35.771, 35.643, 35.39, 34.735, 34.425, 34.504, 34.441, 34.265, 33.978, 33.785, 34.158, 34.891, 35.477, 35.604, 35.438, 35.268, 35.148, 35.325, 35.386, 36.955], [36.955, 37.323, 38.157, 37.449, 35.801, 35.135, 35.09, 34.518, 33.453, 32.83, 33.047, 33.805, 33.652, 32.989, 32.492, 31.954, 30.881, 29.033, 25.766, 21.95, 19.905, 18.459, 14.963, 9.682, 5.644, 3.746, 0.0, 5.784, 10.595, 13.877, 16.794, 19.515, 21.522, 23.208, 24.768, 26.025, 27.351, 28.789, 29.9, 30.218, 30.011, 29.571, 29.816, 30.715, 31.465, 32.138, 32.879, 33.329, 33.55, 33.422, 33.704, 34.091, 34.113, 33.954, 33.932, 33.798, 33.595, 33.625, 33.88, 33.877, 33.826, 34.425, 35.615, 36.615, 37.382, 37.447, 37.385, 37.302, 37.108, 37.214, 37.176, 36.666, 36.171, 36.318, 36.667, 36.628, 36.524, 36.576, 36.607, 36.593, 36.428, 36.18, 35.859, 35.198, 34.994, 35.743, 36.886, 37.686, 37.707, 37.134, 37.054, 37.316, 37.131, 37.01, 37.237, 37.065, 36.722, 36.924, 37.474, 37.795, 38.442, 39.397, 39.654, 38.985, 38.634, 38.293, 37.136, 36.023, 36.164, 36.189, 34.875, 33.741, 33.25, 32.926, 32.801, 33.009, 33.312, 32.663, 32.085, 33.132, 33.807, 33.483, 33.097, 32.706, 33.765, 35.149, 35.515, 35.383, 35.124, 34.475, 34.193, 34.292, 34.238, 34.059, 33.761, 33.574, 33.972, 34.719, 35.31, 35.442, 35.28, 35.114, 34.997, 35.168, 35.216, 36.83], [36.937, 37.385, 38.288, 37.634, 36.08, 35.535, 35.61, 35.148, 34.141, 33.595, 33.967, 34.827, 34.714, 34.092, 33.628, 33.121, 32.132, 30.419, 27.34, 23.732, 21.844, 20.592, 17.357, 12.405, 9.187, 8.482, 5.784, 0.0, 6.256, 11.298, 14.778, 17.297, 19.269, 21.213, 23.072, 24.53, 26.035, 27.66, 28.915, 29.32, 29.171, 28.785, 29.116, 30.104, 30.909, 31.613, 32.373, 32.827, 33.053, 32.952, 33.26, 33.659, 33.687, 33.535, 33.511, 33.37, 33.158, 33.186, 33.445, 33.44, 33.386, 33.989, 35.188, 36.213, 37.002, 37.068, 37.018, 36.95, 36.746, 36.85, 36.823, 36.318, 35.811, 35.946, 36.307, 36.276, 36.156, 36.189, 36.213, 36.195, 36.029, 35.775, 35.445, 34.792, 34.653, 35.458, 36.627, 37.443, 37.465, 36.89, 36.82, 37.097, 36.899, 36.748, 36.959, 36.779, 36.431, 36.645, 37.214, 37.537, 38.192, 39.147, 39.393, 38.717, 38.352, 37.967, 36.747, 35.58, 35.705, 35.724, 34.402, 33.278, 32.819, 32.515, 32.372, 32.571, 32.875, 32.215, 31.635, 32.747, 33.465, 33.116, 32.672, 32.26, 33.35, 34.749, 35.118, 34.988, 34.722, 34.063, 33.79, 33.904, 33.861, 33.686, 33.379, 33.198, 33.638, 34.426, 35.036, 35.175, 35.031, 34.892, 34.793, 34.976, 35.03, 36.771], [37.182, 37.65, 38.6, 37.992, 36.486, 35.943, 36.032, 35.645, 34.72, 34.23, 34.684, 35.6, 35.52, 34.94, 34.538, 34.102, 33.218, 31.67, 28.832, 25.511, 23.885, 22.848, 19.946, 15.543, 12.758, 12.268, 10.595, 6.256, 0.0, 6.848, 11.926, 14.847, 16.62, 18.699, 21.017, 22.795, 24.497, 26.344, 27.786, 28.32, 28.255, 27.959, 28.435, 29.561, 30.433, 31.162, 31.932, 32.383, 32.616, 32.569, 32.956, 33.382, 33.409, 33.307, 33.371, 33.299, 33.115, 33.14, 33.394, 33.39, 33.35, 33.971, 35.158, 36.185, 36.958, 37.012, 36.971, 36.909, 36.699, 36.807, 36.803, 36.323, 35.814, 35.932, 36.289, 36.262, 36.129, 36.135, 36.135, 36.105, 35.931, 35.664, 35.319, 34.649, 34.55, 35.407, 36.582, 37.391, 37.413, 36.842, 36.779, 37.048, 36.807, 36.607, 36.802, 36.611, 36.232, 36.432, 37.015, 37.326, 37.936, 38.842, 39.055, 38.374, 38.01, 37.619, 36.397, 35.24, 35.365, 35.369, 34.077, 33.036, 32.657, 32.4, 32.269, 32.473, 32.785, 32.135, 31.559, 32.71, 33.479, 33.12, 32.632, 32.203, 33.29, 34.674, 35.029, 34.899, 34.631, 33.956, 33.661, 33.754, 33.686, 33.512, 33.219, 33.033, 33.45, 34.222, 34.819, 34.937, 34.799, 34.697, 34.638, 34.859, 34.939, 37.014], [37.339, 37.814, 38.785, 38.155, 36.661, 36.116, 36.189, 35.838, 35.0, 34.559, 35.053, 35.993, 35.921, 35.355, 34.973, 34.565, 33.735, 32.277, 29.557, 26.413, 24.997, 24.089, 21.415, 17.608, 15.444, 15.006, 13.877, 11.298, 6.848, 0.0, 6.935, 11.677, 13.828, 15.787, 18.587, 20.935, 22.984, 25.165, 26.911, 27.628, 27.597, 27.309, 27.873, 29.107, 30.046, 30.83, 31.622, 32.062, 32.301, 32.288, 32.738, 33.194, 33.22, 33.142, 33.295, 33.321, 33.182, 33.221, 33.475, 33.472, 33.463, 34.133, 35.313, 36.327, 37.079, 37.144, 37.11, 37.031, 36.808, 36.917, 36.922, 36.452, 35.943, 36.039, 36.343, 36.297, 36.19, 36.205, 36.177, 36.11, 35.916, 35.637, 35.265, 34.549, 34.458, 35.365, 36.558, 37.371, 37.401, 36.816, 36.732, 36.985, 36.72, 36.496, 36.688, 36.481, 36.063, 36.228, 36.802, 37.109, 37.694, 38.567, 38.757, 38.074, 37.743, 37.397, 36.21, 35.077, 35.21, 35.223, 33.98, 33.007, 32.671, 32.465, 32.423, 32.708, 33.056, 32.348, 31.652, 32.777, 33.612, 33.324, 32.909, 32.489, 33.479, 34.764, 35.082, 34.94, 34.66, 33.975, 33.666, 33.733, 33.639, 33.494, 33.226, 33.002, 33.377, 34.139, 34.734, 34.822, 34.645, 34.525, 34.469, 34.719, 34.818, 37.175], [37.11, 37.618, 38.618, 37.949, 36.515, 36.098, 36.225, 35.907, 35.164, 34.837, 35.443, 36.436, 36.367, 35.794, 35.402, 34.993, 34.188, 32.789, 30.201, 27.255, 25.99, 25.174, 22.769, 19.594, 18.068, 17.842, 16.794, 14.778, 11.926, 6.935, 0.0, 6.574, 10.067, 12.213, 15.355, 18.456, 21.073, 23.695, 25.814, 26.724, 26.723, 26.469, 27.134, 28.432, 29.418, 30.283, 31.134, 31.574, 31.811, 31.808, 32.282, 32.765, 32.829, 32.77, 32.956, 33.023, 32.906, 32.975, 33.258, 33.262, 33.277, 33.988, 35.201, 36.237, 37.007, 37.097, 37.06, 36.944, 36.689, 36.779, 36.765, 36.283, 35.787, 35.882, 36.147, 36.089, 36.025, 36.078, 36.032, 35.907, 35.673, 35.387, 35.007, 34.269, 34.191, 35.133, 36.355, 37.181, 37.215, 36.618, 36.521, 36.778, 36.513, 36.29, 36.486, 36.269, 35.853, 36.025, 36.594, 36.892, 37.49, 38.382, 38.592, 37.918, 37.599, 37.259, 36.076, 34.926, 35.043, 35.069, 33.841, 32.872, 32.547, 32.394, 32.449, 32.813, 33.191, 32.383, 31.488, 32.518, 33.389, 33.179, 32.887, 32.556, 33.505, 34.722, 35.022, 34.863, 34.553, 33.868, 33.578, 33.648, 33.573, 33.483, 33.224, 32.952, 33.338, 34.156, 34.781, 34.854, 34.631, 34.441, 34.319, 34.55, 34.639, 36.931], [36.984, 37.51, 38.5, 37.825, 36.477, 36.174, 36.339, 36.035, 35.347, 35.127, 35.829, 36.858, 36.824, 36.286, 35.907, 35.511, 34.76, 33.488, 31.137, 28.452, 27.298, 26.586, 24.488, 21.745, 20.534, 20.51, 19.515, 17.297, 14.847, 11.677, 6.574, 0.0, 5.018, 8.74, 12.694, 16.285, 19.299, 22.25, 24.65, 25.728, 25.827, 25.739, 26.59, 27.959, 28.972, 29.895, 30.778, 31.206, 31.443, 31.466, 31.963, 32.46, 32.583, 32.602, 32.809, 32.863, 32.762, 32.879, 33.187, 33.191, 33.215, 33.94, 35.173, 36.203, 36.969, 37.082, 37.052, 36.909, 36.625, 36.695, 36.67, 36.199, 35.736, 35.848, 36.108, 36.052, 36.005, 36.052, 35.97, 35.799, 35.542, 35.254, 34.884, 34.169, 34.133, 35.097, 36.315, 37.122, 37.147, 36.565, 36.478, 36.727, 36.447, 36.221, 36.427, 36.222, 35.829, 36.029, 36.589, 36.855, 37.432, 38.32, 38.531, 37.852, 37.522, 37.174, 36.004, 34.86, 34.958, 34.983, 33.769, 32.792, 32.474, 32.376, 32.474, 32.841, 33.203, 32.352, 31.362, 32.294, 33.144, 32.945, 32.698, 32.468, 33.457, 34.665, 34.974, 34.807, 34.486, 33.839, 33.61, 33.703, 33.66, 33.603, 33.335, 33.043, 33.455, 34.319, 34.961, 35.033, 34.803, 34.579, 34.412, 34.622, 34.704, 36.795], [37.256, 37.768, 38.734, 38.066, 36.755, 36.476, 36.63, 36.332, 35.675, 35.494, 36.217, 37.237, 37.237, 36.758, 36.41, 36.04, 35.362, 34.216, 32.047, 29.54, 28.467, 27.837, 25.93, 23.409, 22.337, 22.405, 21.522, 19.269, 16.62, 13.828, 10.067, 5.018, 0.0, 5.593, 11.07, 15.126, 18.226, 21.36, 23.962, 25.181, 25.372, 25.405, 26.396, 27.838, 28.877, 29.829, 30.727, 31.155, 31.413, 31.487, 32.023, 32.517, 32.663, 32.774, 33.048, 33.115, 33.04, 33.192, 33.506, 33.505, 33.539, 34.278, 35.493, 36.475, 37.195, 37.298, 37.254, 37.093, 36.803, 36.872, 36.856, 36.411, 35.968, 36.087, 36.352, 36.314, 36.287, 36.335, 36.246, 36.081, 35.836, 35.552, 35.195, 34.515, 34.502, 35.449, 36.618, 37.372, 37.377, 36.813, 36.72, 36.934, 36.626, 36.384, 36.584, 36.377, 35.973, 36.159, 36.698, 36.933, 37.462, 38.3, 38.481, 37.795, 37.47, 37.137, 36.004, 34.899, 34.99, 35.005, 33.82, 32.869, 32.584, 32.528, 32.637, 32.982, 33.326, 32.505, 31.559, 32.468, 33.301, 33.108, 32.86, 32.633, 33.606, 34.793, 35.103, 34.944, 34.63, 34.015, 33.826, 33.94, 33.91, 33.862, 33.6, 33.321, 33.741, 34.602, 35.233, 35.293, 35.059, 34.839, 34.677, 34.891, 34.979, 37.078], [37.415, 37.923, 38.91, 38.246, 36.92, 36.654, 36.83, 36.547, 35.939, 35.803, 36.538, 37.541, 37.556, 37.111, 36.774, 36.433, 35.836, 34.787, 32.726, 30.356, 29.396, 28.823, 27.026, 24.727, 23.832, 23.957, 23.208, 21.213, 18.699, 15.787, 12.213, 8.74, 5.593, 0.0, 6.914, 12.555, 16.432, 19.975, 22.94, 24.359, 24.637, 24.772, 25.895, 27.427, 28.524, 29.519, 30.44, 30.875, 31.152, 31.285, 31.887, 32.392, 32.577, 32.794, 33.164, 33.281, 33.237, 33.397, 33.706, 33.714, 33.774, 34.512, 35.693, 36.656, 37.373, 37.466, 37.387, 37.212, 36.934, 37.011, 36.996, 36.566, 36.135, 36.257, 36.531, 36.516, 36.504, 36.561, 36.475, 36.298, 36.054, 35.784, 35.433, 34.755, 34.74, 35.673, 36.804, 37.515, 37.517, 36.968, 36.864, 37.052, 36.729, 36.48, 36.667, 36.447, 36.023, 36.184, 36.694, 36.904, 37.41, 38.228, 38.416, 37.747, 37.433, 37.114, 36.003, 34.916, 35.005, 35.027, 33.889, 32.986, 32.743, 32.717, 32.838, 33.194, 33.553, 32.743, 31.787, 32.675, 33.523, 33.356, 33.143, 32.963, 33.926, 35.082, 35.381, 35.224, 34.91, 34.286, 34.084, 34.205, 34.188, 34.158, 33.923, 33.657, 34.083, 34.955, 35.583, 35.616, 35.366, 35.146, 34.977, 35.185, 35.269, 37.234], [37.415, 37.925, 38.939, 38.305, 36.995, 36.759, 36.949, 36.678, 36.132, 36.061, 36.824, 37.831, 37.855, 37.429, 37.103, 36.78, 36.242, 35.266, 33.302, 31.089, 30.263, 29.755, 28.084, 26.007, 25.235, 25.386, 24.768, 23.072, 21.017, 18.587, 15.355, 12.694, 11.07, 6.914, 0.0, 7.624, 13.45, 18.078, 21.508, 23.09, 23.485, 23.785, 25.055, 26.662, 27.825, 28.87, 29.803, 30.232, 30.541, 30.773, 31.478, 32.013, 32.256, 32.615, 33.102, 33.26, 33.25, 33.418, 33.72, 33.751, 33.856, 34.591, 35.732, 36.678, 37.426, 37.548, 37.46, 37.274, 37.002, 37.08, 37.061, 36.636, 36.212, 36.352, 36.657, 36.649, 36.597, 36.625, 36.531, 36.343, 36.094, 35.839, 35.486, 34.783, 34.751, 35.659, 36.754, 37.434, 37.435, 36.911, 36.819, 37.001, 36.68, 36.43, 36.605, 36.397, 35.99, 36.131, 36.595, 36.775, 37.274, 38.099, 38.321, 37.687, 37.404, 37.104, 36.012, 34.945, 35.039, 35.083, 34.012, 33.174, 32.972, 32.955, 33.063, 33.402, 33.766, 32.977, 32.004, 32.826, 33.637, 33.48, 33.3