[[0.0, 5.181, 11.582, 16.235, 16.824, 17.844, 20.981, 23.69, 26.462, 29.328, 31.28, 32.461, 33.564, 34.618, 35.627, 36.884, 38.316, 39.351, 39.913, 40.187, 40.089, 39.85, 39.803, 39.843, 39.888, 39.887, 39.867, 39.931, 40.016, 39.987, 39.934, 39.807, 39.922, 40.164, 40.126, 39.954, 39.826, 39.901, 40.224, 40.445, 40.49, 40.571, 40.566, 40.351, 40.037, 39.798, 39.619, 39.516, 39.437, 39.287, 39.324, 39.478, 39.531, 39.76, 40.101, 40.185, 40.151, 40.298, 40.797, 41.213, 41.414, 41.329, 41.079, 40.937, 41.112, 41.559, 41.411, 40.908, 40.768, 40.913, 41.037, 41.195, 41.32, 41.43, 41.395, 41.219, 41.201, 41.292, 41.368, 41.233, 40.804, 40.562, 40.571, 40.577, 40.449, 40.275, 40.276, 40.532, 40.807, 40.733, 40.342, 40.283, 40.789, 41.013, 39.932, 38.714, 38.88, 39.506, 39.748, 39.753, 40.121, 40.649, 40.862, 41.0, 41.079, 41.181, 41.168, 41.259, 41.437, 41.539, 41.676, 41.899, 42.124, 42.377, 42.684, 42.853, 42.901, 42.906, 42.756, 42.378, 42.081, 42.114, 42.037, 41.904, 41.925, 42.239, 42.389, 41.894, 41.615, 42.163, 43.173, 44.047, 44.212, 43.913, 44.096, 44.682, 44.947, 44.585, 44.411, 44.691, 45.064, 45.842, 47.195, 48.228, 48.8, 49.125, 48.225, 45.806, 43.725, 43.321, 43.91, 43.625, 42.444, 41.338, 40.979, 41.164, 41.321, 41.074, 40.814, 40.733, 40.764, 40.721, 40.582, 40.413, 40.361, 40.465, 40.689, 40.934, 41.035, 40.992, 40.783, 40.433, 40.17, 39.902, 39.68, 39.657, 39.752, 39.828, 39.786, 39.927, 40.017, 39.739, 39.186, 38.812, 38.911, 39.102, 39.197, 39.161, 39.204, 39.129, 38.75, 38.47, 38.445, 38.386, 38.312, 38.225, 38.183, 38.174, 38.288, 38.627, 39.258, 39.807, 39.966, 40.264, 40.383, 39.678, 39.264, 39.246, 39.374, 39.474, 39.516, 39.466, 39.347, 39.285, 39.586, 39.94, 40.071, 40.782, 41.732, 41.815, 40.977, 40.853, 41.776, 43.166, 43.608, 42.863, 41.926, 41.431, 41.006, 4.3], [5.181, 0.0, 7.498, 13.111, 13.941, 15.09, 18.657, 21.883, 25.287, 28.562, 30.65, 31.871, 33.01, 34.069, 35.064, 36.399, 37.997, 39.14, 39.719, 39.984, 39.872, 39.617, 39.55, 39.591, 39.659, 39.675, 39.666, 39.749, 39.847, 39.822, 39.775, 39.64, 39.718, 39.94, 39.915, 39.752, 39.626, 39.741, 40.103, 40.326, 40.367, 40.457, 40.463, 40.237, 39.905, 39.663, 39.494, 39.406, 39.333, 39.171, 39.186, 39.32, 39.36, 39.576, 39.916, 40.002, 39.979, 40.159, 40.687, 41.125, 41.347, 41.263, 41.016, 40.886, 41.052, 41.464, 41.284, 40.767, 40.626, 40.775, 40.901, 41.059, 41.181, 41.292, 41.256, 41.073, 41.054, 41.151, 41.234, 41.103, 40.668, 40.434, 40.461, 40.472, 40.351, 40.182, 40.175, 40.417, 40.68, 40.6, 40.193, 40.13, 40.645, 40.872, 39.77, 38.56, 38.754, 39.416, 39.658, 39.654, 40.006, 40.52, 40.736, 40.877, 40.9, 40.949, 40.944, 41.071, 41.277, 41.394, 41.535, 41.753, 41.982, 42.256, 42.579, 42.752, 42.805, 42.813, 42.659, 42.277, 42.006, 42.067, 41.97, 41.808, 41.837, 42.167, 42.308, 41.803, 41.552, 42.131, 43.153, 44.039, 44.215, 43.922, 44.102, 44.653, 44.878, 44.493, 44.299, 44.559, 44.929, 45.746, 47.152, 48.226, 48.811, 49.117, 48.156, 45.674, 43.562, 43.168, 43.79, 43.526, 42.339, 41.235, 40.856, 40.987, 41.146, 40.923, 40.662, 40.562, 40.569, 40.505, 40.364, 40.218, 40.187, 40.298, 40.526, 40.787, 40.906, 40.868, 40.642, 40.274, 40.005, 39.719, 39.474, 39.453, 39.558, 39.643, 39.615, 39.744, 39.816, 39.542, 38.976, 38.579, 38.661, 38.86, 38.951, 38.897, 38.921, 38.84, 38.451, 38.143, 38.085, 38.019, 37.991, 37.98, 37.99, 38.007, 38.146, 38.5, 39.138, 39.701, 39.881, 40.219, 40.368, 39.645, 39.193, 39.152, 39.274, 39.37, 39.395, 39.322, 39.194, 39.144, 39.467, 39.846, 39.99, 40.705, 41.654, 41.736, 40.876, 40.721, 41.667, 43.102, 43.558, 42.795, 41.814, 41.29, 40.861, 8.213], [11.582, 7.498, 0.0, 6.529, 8.153, 10.07, 14.898, 19.477, 24.025, 27.917, 30.269, 31.681, 32.952, 34.011, 34.997, 36.492, 38.353, 39.696, 40.355, 40.619, 40.495, 40.267, 40.222, 40.245, 40.306, 40.334, 40.332, 40.413, 40.513, 40.499, 40.475, 40.342, 40.367, 40.545, 40.552, 40.442, 40.331, 40.45, 40.808, 41.042, 41.097, 41.198, 41.216, 40.995, 40.666, 40.438, 40.287, 40.218, 40.156, 40.006, 40.001, 40.112, 40.168, 40.366, 40.678, 40.763, 40.746, 40.93, 41.415, 41.827, 42.051, 41.976, 41.766, 41.662, 41.793, 42.148, 41.973, 41.49, 41.336, 41.47, 41.593, 41.723, 41.793, 41.87, 41.829, 41.664, 41.655, 41.744, 41.808, 41.688, 41.301, 41.085, 41.104, 41.128, 41.048, 40.91, 40.876, 41.052, 41.262, 41.191, 40.847, 40.813, 41.299, 41.524, 40.509, 39.432, 39.61, 40.201, 40.416, 40.404, 40.695, 41.153, 41.37, 41.516, 41.488, 41.49, 41.505, 41.671, 41.889, 42.009, 42.146, 42.342, 42.556, 42.841, 43.171, 43.333, 43.375, 43.375, 43.229, 42.871, 42.62, 42.677, 42.566, 42.395, 42.428, 42.736, 42.842, 42.372, 42.195, 42.776, 43.743, 44.593, 44.766, 44.474, 44.62, 45.087, 45.24, 44.832, 44.602, 44.805, 45.155, 45.99, 47.396, 48.471, 49.034, 49.294, 48.337, 45.927, 43.88, 43.493, 44.111, 43.886, 42.776, 41.773, 41.419, 41.504, 41.672, 41.504, 41.261, 41.136, 41.111, 41.021, 40.91, 40.847, 40.856, 40.966, 41.179, 41.434, 41.55, 41.509, 41.279, 40.916, 40.655, 40.368, 40.125, 40.115, 40.229, 40.323, 40.286, 40.375, 40.456, 40.254, 39.716, 39.324, 39.398, 39.565, 39.628, 39.554, 39.548, 39.475, 39.134, 38.808, 38.701, 38.639, 38.71, 38.812, 38.899, 38.952, 39.114, 39.459, 40.042, 40.578, 40.765, 41.109, 41.259, 40.55, 40.098, 40.04, 40.135, 40.221, 40.236, 40.144, 40.018, 39.991, 40.311, 40.664, 40.78, 41.424, 42.284, 42.361, 41.548, 41.389, 42.286, 43.659, 44.123, 43.442, 42.525, 42.025, 41.62, 13.359], [16.235, 13.111, 6.529, 0.0, 3.287, 7.087, 13.137, 18.793, 23.987, 28.153, 30.658, 32.215, 33.549, 34.556, 35.493, 37.031, 38.968, 40.4, 41.126, 41.398, 41.268, 41.078, 41.071, 41.095, 41.149, 41.179, 41.18, 41.26, 41.352, 41.344, 41.343, 41.226, 41.222, 41.354, 41.366, 41.285, 41.182, 41.297, 41.643, 41.888, 41.954, 42.053, 42.075, 41.874, 41.568, 41.358, 41.219, 41.156, 41.102, 40.986, 40.989, 41.085, 41.156, 41.351, 41.628, 41.704, 41.694, 41.866, 42.279, 42.63, 42.835, 42.771, 42.589, 42.494, 42.598, 42.923, 42.768, 42.322, 42.151, 42.264, 42.38, 42.487, 42.525, 42.582, 42.542, 42.39, 42.386, 42.461, 42.5, 42.386, 42.043, 41.837, 41.843, 41.882, 41.834, 41.719, 41.665, 41.791, 41.959, 41.904, 41.648, 41.654, 42.089, 42.304, 41.418, 40.491, 40.622, 41.11, 41.296, 41.281, 41.513, 41.911, 42.12, 42.266, 42.235, 42.238, 42.27, 42.447, 42.66, 42.779, 42.914, 43.091, 43.283, 43.565, 43.896, 44.051, 44.076, 44.067, 43.945, 43.623, 43.369, 43.398, 43.295, 43.153, 43.192, 43.476, 43.57, 43.151, 43.017, 43.578, 44.495, 45.309, 45.476, 45.182, 45.291, 45.681, 45.774, 45.364, 45.127, 45.301, 45.633, 46.451, 47.816, 48.861, 49.403, 49.642, 48.727, 46.429, 44.459, 44.057, 44.628, 44.415, 43.37, 42.45, 42.137, 42.227, 42.401, 42.259, 42.032, 41.909, 41.881, 41.791, 41.713, 41.708, 41.741, 41.851, 42.055, 42.294, 42.398, 42.356, 42.133, 41.78, 41.521, 41.247, 41.033, 41.03, 41.128, 41.201, 41.144, 41.215, 41.307, 41.168, 40.68, 40.303, 40.38, 40.519, 40.559, 40.472, 40.453, 40.382, 40.073, 39.755, 39.63, 39.569, 39.691, 39.845, 39.968, 40.029, 40.178, 40.484, 41.006, 41.499, 41.675, 41.995, 42.128, 41.453, 41.032, 40.974, 41.055, 41.13, 41.141, 41.047, 40.929, 40.91, 41.194, 41.498, 41.581, 42.153, 42.927, 43.005, 42.264, 42.141, 42.971, 44.246, 44.721, 44.165, 43.373, 42.929, 42.558, 17.462], [16.824, 13.941, 8.153, 3.287, 0.0, 5.123, 12.185, 18.169, 23.529, 27.799, 30.355, 31.944, 33.295, 34.286, 35.177, 36.666, 38.566, 40.001, 40.752, 41.031, 40.891, 40.7, 40.705, 40.748, 40.817, 40.851, 40.86, 40.955, 41.052, 41.037, 41.045, 40.95, 40.957, 41.083, 41.083, 40.982, 40.873, 41.011, 41.398, 41.664, 41.732, 41.833, 41.862, 41.668, 41.365, 41.152, 41.001, 40.931, 40.877, 40.765, 40.768, 40.851, 40.909, 41.102, 41.374, 41.449, 41.445, 41.616, 42.023, 42.377, 42.584, 42.514, 42.324, 42.234, 42.358, 42.698, 42.538, 42.077, 41.91, 42.031, 42.15, 42.253, 42.293, 42.361, 42.324, 42.164, 42.153, 42.227, 42.268, 42.152, 41.808, 41.612, 41.626, 41.658, 41.597, 41.478, 41.434, 41.578, 41.757, 41.694, 41.411, 41.388, 41.813, 42.024, 41.138, 40.226, 40.363, 40.853, 41.036, 41.017, 41.253, 41.653, 41.857, 42.004, 41.982, 41.993, 42.021, 42.192, 42.407, 42.533, 42.672, 42.851, 43.043, 43.323, 43.656, 43.812, 43.834, 43.823, 43.707, 43.381, 43.111, 43.135, 43.038, 42.907, 42.969, 43.278, 43.386, 42.967, 42.834, 43.411, 44.354, 45.19, 45.365, 45.065, 45.171, 45.566, 45.656, 45.24, 45.01, 45.198, 45.543, 46.376, 47.759, 48.82, 49.382, 49.637, 48.713, 46.371, 44.352, 43.938, 44.497, 44.244, 43.145, 42.198, 41.882, 41.975, 42.141, 41.99, 41.764, 41.65, 41.632, 41.546, 41.462, 41.446, 41.482, 41.6, 41.81, 42.054, 42.16, 42.115, 41.878, 41.505, 41.233, 40.957, 40.745, 40.742, 40.836, 40.9, 40.845, 40.939, 41.034, 40.89, 40.408, 40.019, 40.09, 40.233, 40.274, 40.189, 40.18, 40.101, 39.753, 39.416, 39.295, 39.226, 39.33, 39.479, 39.609, 39.669, 39.802, 40.093, 40.616, 41.112, 41.29, 41.622, 41.772, 41.109, 40.699, 40.645, 40.732, 40.806, 40.811, 40.716, 40.597, 40.573, 40.852, 41.153, 41.246, 41.837, 42.63, 42.715, 41.978, 41.866, 42.71, 43.995, 44.481, 43.94, 43.161, 42.723, 42.349, 17.974], [17.844, 15.09, 10.07, 7.087, 5.123, 0.0, 8.107, 15.434, 21.818, 26.477, 29.126, 30.771, 32.227, 33.279, 34.195, 35.784, 37.83, 39.352, 40.148, 40.447, 40.298, 40.102, 40.13, 40.2, 40.271, 40.303, 40.321, 40.433, 40.539, 40.522, 40.535, 40.459, 40.489, 40.613, 40.575, 40.425, 40.293, 40.45, 40.894, 41.196, 41.279, 41.4, 41.457, 41.274, 40.975, 40.761, 40.597, 40.514, 40.462, 40.366, 40.384, 40.46, 40.509, 40.693, 40.963, 41.031, 41.023, 41.196, 41.622, 42.002, 42.213, 42.114, 41.907, 41.832, 41.999, 42.385, 42.234, 41.741, 41.541, 41.659, 41.784, 41.893, 41.946, 42.036, 42.016, 41.851, 41.832, 41.901, 41.931, 41.798, 41.446, 41.265, 41.274, 41.281, 41.205, 41.093, 41.066, 41.239, 41.446, 41.386, 41.073, 41.012, 41.416, 41.63, 40.714, 39.768, 39.923, 40.441, 40.624, 40.6, 40.858, 41.281, 41.488, 41.636, 41.624, 41.651, 41.683, 41.845, 42.062, 42.198, 42.345, 42.533, 42.733, 43.023, 43.36, 43.516, 43.536, 43.53, 43.421, 43.091, 42.796, 42.819, 42.733, 42.602, 42.655, 42.955, 43.034, 42.566, 42.411, 42.997, 43.959, 44.803, 44.969, 44.673, 44.805, 45.222, 45.316, 44.891, 44.656, 44.843, 45.194, 46.056, 47.495, 48.585, 49.153, 49.418, 48.495, 46.141, 44.097, 43.643, 44.185, 43.911, 42.758, 41.786, 41.471, 41.55, 41.71, 41.562, 41.337, 41.232, 41.221, 41.145, 41.071, 41.049, 41.083, 41.207, 41.432, 41.692, 41.812, 41.774, 41.528, 41.136, 40.854, 40.559, 40.324, 40.316, 40.404, 40.455, 40.403, 40.513, 40.615, 40.455, 39.945, 39.555, 39.663, 39.823, 39.867, 39.785, 39.777, 39.679, 39.278, 38.885, 38.745, 38.687, 38.796, 38.932, 39.063, 39.121, 39.235, 39.515, 40.056, 40.574, 40.768, 41.121, 41.284, 40.61, 40.191, 40.132, 40.226, 40.317, 40.33, 40.236, 40.116, 40.096, 40.4, 40.731, 40.853, 41.502, 42.347, 42.442, 41.694, 41.58, 42.437, 43.757, 44.271, 43.744, 42.954, 42.503, 42.114, 18.891], [20.981, 18.657, 14.898, 13.137, 12.185, 8.107, 0.0, 9.676, 18.377, 24.073, 26.987, 28.739, 30.401, 31.585, 32.618, 34.523, 36.934, 38.67, 39.603, 39.978, 39.837, 39.649, 39.737, 39.899, 40.007, 40.04, 40.072, 40.199, 40.307, 40.302, 40.329, 40.258, 40.303, 40.413, 40.308, 40.099, 39.961, 40.123, 40.569, 40.877, 40.978, 41.124, 41.22, 41.06, 40.77, 40.567, 40.398, 40.293, 40.237, 40.174, 40.215, 40.286, 40.327, 40.502, 40.776, 40.837, 40.81, 40.981, 41.429, 41.834, 42.045, 41.913, 41.695, 41.638, 41.853, 42.304, 42.185, 41.658, 41.401, 41.501, 41.642, 41.769, 41.839, 41.94, 41.922, 41.749, 41.729, 41.792, 41.8, 41.647, 41.304, 41.159, 41.158, 41.124, 41.045, 40.961, 40.943, 41.128, 41.361, 41.324, 41.029, 40.988, 41.386, 41.595, 40.64, 39.629, 39.799, 40.355, 40.535, 40.497, 40.763, 41.205, 41.424, 41.573, 41.568, 41.611, 41.648, 41.798, 42.007, 42.147, 42.299, 42.486, 42.685, 42.978, 43.32, 43.48, 43.508, 43.51, 43.406, 43.074, 42.761, 42.786, 42.717, 42.584, 42.601, 42.859, 42.903, 42.4, 42.225, 42.783, 43.737, 44.57, 44.726, 44.46, 44.638, 45.082, 45.186, 44.755, 44.512, 44.693, 45.037, 45.905, 47.381, 48.499, 49.064, 49.321, 48.397, 46.056, 44.016, 43.51, 44.03, 43.774, 42.596, 41.599, 41.282, 41.345, 41.502, 41.369, 41.157, 41.059, 41.049, 40.984, 40.928, 40.916, 40.956, 41.081, 41.311, 41.597, 41.751, 41.728, 41.477, 41.078, 40.8, 40.492, 40.239, 40.232, 40.316, 40.352, 40.303, 40.437, 40.576, 40.419, 39.877, 39.499, 39.653, 39.837, 39.888, 39.803, 39.77, 39.64, 39.215, 38.783, 38.609, 38.551, 38.676, 38.822, 38.952, 38.999, 39.092, 39.359, 39.904, 40.428, 40.632, 41.017, 41.202, 40.501, 40.051, 39.967, 40.063, 40.182, 40.206, 40.1, 39.974, 39.961, 40.296, 40.675, 40.848, 41.553, 42.442, 42.562, 41.811, 41.669, 42.483, 43.822, 44.389, 43.9, 43.106, 42.642, 42.246, 21.815], [23.69, 21.883, 19.477, 18.793, 18.169, 15.434, 9.676, 0.0, 10.978, 18.712, 22.491, 24.453, 26.32, 27.7, 28.985, 31.448, 34.465, 36.612, 37.844, 38.372, 38.223, 38.005, 38.207, 38.634, 38.917, 38.973, 39.005, 39.156, 39.283, 39.312, 39.374, 39.321, 39.419, 39.586, 39.484, 39.336, 39.342, 39.504, 39.805, 40.012, 40.111, 40.282, 40.377, 40.204, 39.904, 39.689, 39.507, 39.383, 39.309, 39.21, 39.233, 39.315, 39.348, 39.526, 39.826, 39.9, 39.868, 40.052, 40.565, 41.052, 41.331, 41.217, 40.974, 40.895, 41.159, 41.676, 41.548, 40.978, 40.747, 40.894, 41.069, 41.213, 41.281, 41.331, 41.241, 41.018, 40.989, 41.075, 41.125, 41.009, 40.683, 40.574, 40.596, 40.542, 40.457, 40.39, 40.373, 40.557, 40.812, 40.794, 40.463, 40.429, 40.923, 41.131, 40.024, 38.856, 39.022, 39.642, 39.842, 39.772, 40.022, 40.478, 40.712, 40.847, 40.834, 40.865, 40.869, 40.998, 41.207, 41.349, 41.501, 41.684, 41.86, 42.118, 42.454, 42.64, 42.7, 42.732, 42.641, 42.303, 41.983, 42.027, 41.94, 41.796, 41.812, 42.077, 42.166, 41.728, 41.592, 42.139, 43.122, 44.031, 44.237, 43.997, 44.208, 44.703, 44.815, 44.346, 44.108, 44.346, 44.719, 45.59, 47.096, 48.255, 48.849, 49.091, 48.065, 45.556, 43.477, 43.024, 43.554, 43.262, 42.021, 40.911, 40.515, 40.585, 40.767, 40.637, 40.432, 40.353, 40.35, 40.257, 40.143, 40.1, 40.16, 40.298, 40.539, 40.858, 41.044, 41.008, 40.698, 40.24, 39.943, 39.626, 39.359, 39.381, 39.508, 39.564, 39.528, 39.734, 39.958, 39.797, 39.209, 38.81, 38.952, 39.161, 39.241, 39.155, 39.104, 38.931, 38.467, 38.102, 38.0, 37.93, 38.024, 38.182, 38.307, 38.337, 38.435, 38.71, 39.246, 39.749, 39.944, 40.363, 40.559, 39.85, 39.414, 39.355, 39.482, 39.622, 39.633, 39.499, 39.364, 39.347, 39.693, 40.109, 40.329, 41.079, 42.016, 42.153, 41.327, 41.066, 41.82, 43.177, 43.787, 43.294, 42.468, 41.99, 41.589, 24.28], [26.462, 25.287, 24.025, 23.987, 23.529, 21.818, 18.377, 10.978, 0.0, 9.715, 15.246, 18.019, 20.13, 21.671, 23.32, 26.667, 30.742, 33.674, 35.304, 35.938, 35.719, 35.477, 35.941, 36.774, 37.265, 37.319, 37.331, 37.495, 37.641, 37.728, 37.87, 37.914, 38.147, 38.458, 38.56, 38.832, 39.263, 39.446, 39.47, 39.476, 39.575, 39.781, 39.854, 39.67, 39.367, 39.113, 38.897, 38.762, 38.668, 38.499, 38.478, 38.564, 38.625, 38.864, 39.213, 39.299, 39.271, 39.485, 40.059, 40.603, 40.941, 40.865, 40.586, 40.444, 40.717, 41.261, 41.123, 40.549, 40.359, 40.523, 40.695, 40.861, 40.943, 40.934, 40.758, 40.493, 40.471, 40.604, 40.737, 40.683, 40.342, 40.21, 40.271, 40.26, 40.206, 40.144, 40.124, 40.297, 40.536, 40.518, 40.177, 40.197, 40.859, 41.11, 39.882, 38.536, 38.605, 39.185, 39.368, 39.231, 39.41, 39.858, 40.116, 40.245, 40.209, 40.237, 40.215, 40.314, 40.505, 40.63, 40.771, 40.932, 41.059, 41.265, 41.593, 41.807, 41.896, 41.976, 41.962, 41.682, 41.369, 41.398, 41.282, 41.151, 41.211, 41.511, 41.687, 41.408, 41.36, 41.88, 42.879, 43.888, 44.148, 43.9, 44.1, 44.6, 44.697, 44.166, 43.896, 44.148, 44.521, 45.372, 46.86, 48.015, 48.592, 48.757, 47.612, 45.033, 43.088, 42.77, 43.208, 42.793, 41.596, 40.465, 39.941, 40.044, 40.321, 40.192, 39.956, 39.904, 39.952, 39.854, 39.663, 39.54, 39.577, 39.726, 39.985, 40.312, 40.507, 40.455, 40.102, 39.6, 39.274, 38.959, 38.722, 38.79, 38.97, 39.065, 39.032, 39.3, 39.639, 39.523, 38.934, 38.5, 38.596, 38.813, 38.912, 38.832, 38.796, 38.615, 38.135, 37.912, 37.971, 37.911, 37.872, 37.9, 37.936, 37.923, 38.019, 38.287, 38.766, 39.156, 39.26, 39.627, 39.761, 39.069, 38.706, 38.696, 38.822, 38.947, 38.988, 38.916, 38.809, 38.777, 39.103, 39.517, 39.718, 40.443, 41.38, 41.507, 40.602, 40.254, 40.955, 42.263, 42.862, 42.401, 41.649, 41.237, 40.876, 26.745], [29.328, 28.562, 27.917, 28.153, 27.799, 26.477, 24.073, 18.712, 9.715, 0.0, 7.2, 11.82, 15.068, 16.88, 18.781, 23.13, 28.415, 32.143, 34.057, 34.706, 34.429, 34.235, 34.96, 36.059, 36.63, 36.653, 36.636, 36.78, 36.915, 37.053, 37.288, 37.443, 37.801, 38.221, 38.528, 39.283, 40.151, 40.397, 40.243, 40.101, 40.191, 40.407, 40.436, 40.237, 39.964, 39.717, 39.495, 39.363, 39.259, 39.071, 39.045, 39.125, 39.223, 39.519, 39.918, 40.018, 39.974, 40.181, 40.78, 41.319, 41.659, 41.6, 41.312, 41.136, 41.393, 41.929, 41.807, 41.26, 41.016, 41.082, 41.189, 41.365, 41.503, 41.523, 41.353, 41.108, 41.108, 41.258, 41.418, 41.371, 40.981, 40.775, 40.822, 40.859, 40.842, 40.761, 40.731, 40.895, 41.103, 41.089, 40.821, 40.971, 41.753, 42.036, 40.786, 39.329, 39.254, 39.704, 39.835, 39.655, 39.776, 40.226, 40.499, 40.645, 40.625, 40.666, 40.65, 40.739, 40.91, 41.017, 41.139, 41.267, 41.361, 41.544, 41.872, 42.108, 42.224, 42.35, 42.416, 42.212, 41.878, 41.81, 41.637, 41.522, 41.592, 41.849, 42.046, 41.908, 41.963, 42.464, 43.413, 44.42, 44.698, 44.43, 44.557, 44.979, 45.037, 44.486, 44.191, 44.397, 44.713, 45.512, 46.943, 48.056, 48.568, 48.616, 47.449, 45.089, 43.502, 43.304, 43.591, 43.108, 42.085, 41.052, 40.428, 40.514, 40.875, 40.774, 40.473, 40.368, 40.415, 40.332, 40.138, 39.975, 39.954, 40.092, 40.367, 40.689, 40.884, 40.857, 40.556, 40.112, 39.813, 39.535, 39.389, 39.5, 39.704, 39.858, 39.828, 40.072, 40.41, 40.319, 39.783, 39.354, 39.41, 39.59, 39.665, 39.565, 39.512, 39.376, 38.996, 38.871, 38.997, 38.977, 38.86, 38.719, 38.643, 38.604, 38.685, 38.896, 39.29, 39.552, 39.545, 39.816, 39.904, 39.252, 38.951, 38.963, 39.039, 39.112, 39.182, 39.199, 39.146, 39.109, 39.409, 39.813, 39.973, 40.607, 41.452, 41.559, 40.701, 40.451, 41.174, 42.378, 42.882, 42.488, 41.892, 41.574, 41.253, 29.418], [31.28, 30.65, 30.269, 30.658, 30.355, 29.126, 26.987, 22.491, 15.246, 7.2, 0.0, 6.455, 11.895, 14.544, 16.619, 21.647, 27.721, 31.881, 33.954, 34.638, 34.338, 34.113, 34.893, 36.072, 36.669, 36.682, 36.654, 36.793, 36.929, 37.102, 37.403, 37.623, 38.029, 38.489, 38.862, 39.796, 40.853, 41.171, 41.009, 40.826, 40.905, 41.108, 41.098, 40.886, 40.642, 40.427, 40.228, 40.106, 40.011, 39.851, 39.855, 39.95, 40.07, 40.377, 40.787, 40.889, 40.829, 41.02, 41.625, 42.162, 42.483, 42.409, 42.125, 41.956, 42.222, 42.757, 42.659, 42.142, 41.864, 41.862, 41.908, 42.064, 42.237, 42.31, 42.179, 41.956, 41.962, 42.107, 42.26, 42.204, 41.811, 41.581, 41.583, 41.615, 41.601, 41.504, 41.483, 41.657, 41.855, 41.832, 41.602, 41.81, 42.597, 42.881, 41.653, 40.132, 39.916, 40.266, 40.371, 40.166, 40.232, 40.663, 40.932, 41.08, 41.062, 41.106, 41.109, 41.213, 41.393, 41.507, 41.621, 41.725, 41.808, 41.984, 42.298, 42.537, 42.678, 42.834, 42.943, 42.791, 42.457, 42.328, 42.133, 42.056, 42.132, 42.321, 42.499, 42.438, 42.56, 43.065, 43.99, 44.961, 45.243, 44.975, 45.059, 45.422, 45.459, 44.916, 44.617, 44.785, 45.051, 45.805, 47.182, 48.247, 48.714, 48.715, 47.577, 45.384, 43.997, 43.854, 44.087, 43.619, 42.732, 41.819, 41.18, 41.229, 41.603, 41.522, 41.191, 41.033, 41.05, 40.974, 40.809, 40.649, 40.593, 40.719, 40.995, 41.306, 41.496, 41.477, 41.199, 40.796, 40.54, 40.314, 40.23, 40.372, 40.605, 40.818, 40.802, 40.975, 41.231, 41.125, 40.614, 40.214, 40.259, 40.397, 40.441, 40.326, 40.247, 40.149, 39.863, 39.744, 39.841, 39.859, 39.752, 39.541, 39.415, 39.386, 39.473, 39.648, 39.995, 40.205, 40.147, 40.344, 40.391, 39.755, 39.488, 39.535, 39.614, 39.672, 39.744, 39.795, 39.77, 39.729, 40.014, 40.415, 40.551, 41.121, 41.916, 42.06, 41.318, 41.182, 41.938, 43.092, 43.522, 43.137, 42.598, 42.304, 41.991, 31.339], [32.461, 31.871, 31.681, 32.215, 31.944, 30.771, 28.739, 24.453, 18.019, 11.82, 6.455, 0.0, 7.053, 10.951, 13.626, 19.203, 25.913, 30.479, 32.725, 33.483, 33.178, 32.875, 33.67, 34.996, 35.706, 35.746, 35.718, 35.867, 36.022, 36.227, 36.572, 36.829, 37.278, 37.779, 38.184, 39.168, 40.304, 40.702, 40.658, 40.559, 40.66, 40.851, 40.831, 40.629, 40.403, 40.197, 39.993, 39.858, 39.769, 39.64, 39.678, 39.799, 39.926, 40.236, 40.647, 40.759, 40.703, 40.861, 41.437, 41.972, 42.286, 42.2, 41.929, 41.78, 42.041, 42.573, 42.475, 41.965, 41.689, 41.674, 41.689, 41.816, 41.998, 42.112, 42.017, 41.796, 41.788, 41.927, 42.072, 42.006, 41.61, 41.373, 41.356, 41.375, 41.341, 41.217, 41.198, 41.393, 41.583, 41.541, 41.298, 41.486, 42.241, 42.524, 41.312, 39.789, 39.589, 39.948, 40.044, 39.832, 39.902, 40.314, 40.56, 40.732, 40.751, 40.8, 40.796, 40.894, 41.071, 41.19, 41.317, 41.434, 41.536, 41.727, 42.044, 42.288, 42.441, 42.596, 42.698, 42.564, 42.255, 42.127, 41.918, 41.841, 41.926, 42.111, 42.286, 42.214, 42.32, 42.846, 43.804, 44.787, 45.068, 44.796, 44.878, 45.25, 45.291, 44.741, 44.444, 44.603, 44.839, 45.578, 46.959, 48.023, 48.503, 48.521, 47.359, 45.101, 43.68, 43.559, 43.809, 43.349, 42.498, 41.666, 41.077, 41.123, 41.476, 41.39, 41.068, 40.922, 40.948, 40.887, 40.731, 40.568, 40.502, 40.62, 40.895, 41.197, 41.379, 41.363, 41.091, 40.681, 40.409, 40.175, 40.094, 40.238, 40.463, 40.693, 40.721, 40.866, 41.042, 40.886, 40.361, 39.993, 40.074, 40.231, 40.282, 40.176, 40.091, 39.981, 39.681, 39.541, 39.615, 39.638, 39.547, 39.35, 39.232, 39.208, 39.306, 39.506, 39.876, 40.08, 40.004, 40.161, 40.163, 39.496, 39.21, 39.259, 39.343, 39.4, 39.47, 39.531, 39.506, 39.459, 39.758, 40.178, 40.3, 40.831, 41.631, 41.829, 41.143, 41.038, 41.81, 42.998, 43.429, 43.013, 42.432, 42.112, 41.792, 32.51], [33.564, 33.01, 32.952, 33.549, 33.295, 32.227, 30.401, 26.32, 20.13, 15.068, 11.895, 7.053, 0.0, 5.029, 9.241, 15.756, 23.053, 28.079, 30.557, 31.399, 31.083, 30.735, 31.614, 33.172, 34.044, 34.119, 34.087, 34.241, 34.409, 34.639, 35.014, 35.315, 35.845, 36.428, 36.919, 38.027, 39.28, 39.746, 39.823, 39.864, 40.038, 40.244, 40.234, 40.053, 39.834, 39.605, 39.369, 39.214, 39.124, 39.0, 39.058, 39.211, 39.346, 39.669, 40.091, 40.227, 40.187, 40.299, 40.821, 41.332, 41.633, 41.538, 41.276, 41.138, 41.382, 41.902, 41.782, 41.245, 40.958, 40.934, 40.94, 41.056, 41.244, 41.378, 41.294, 41.064, 41.047, 41.188, 41.337, 41.242, 40.789, 40.517, 40.523, 40.553, 40.496, 40.341, 40.323, 40.539, 40.714, 40.637, 40.355, 40.515, 41.258, 41.524, 40.31, 38.9, 38.874, 39.285, 39.371, 39.18, 39.308, 39.711, 39.923, 40.143, 40.233, 40.291, 40.26, 40.343, 40.509, 40.627, 40.773, 40.918, 41.049, 41.264, 41.597, 41.851, 42.006, 42.158, 42.253, 42.114, 41.804, 41.685, 41.456, 41.345, 41.427, 41.645, 41.823, 41.706, 41.771, 42.32, 43.321, 44.338, 44.608, 44.308, 44.397, 44.804, 44.857, 44.301, 44.023, 44.204, 44.446, 45.21, 46.645, 47.749, 48.268, 48.312, 47.095, 44.693, 43.146, 42.999, 43.261, 42.772, 41.879, 41.067, 40.539, 40.611, 40.953, 40.853, 40.545, 40.447, 40.523, 40.501, 40.338, 40.145, 40.066, 40.174, 40.448, 40.739, 40.906, 40.895, 40.64, 40.235, 39.948, 39.688, 39.581, 39.692, 39.857, 40.058, 40.141, 40.308, 40.416, 40.171, 39.592, 39.23, 39.379, 39.618, 39.71, 39.606, 39.526, 39.366, 39.002, 38.88, 38.968, 38.977, 38.88, 38.718, 38.614, 38.579, 38.682, 38.922, 39.338, 39.566, 39.495, 39.64, 39.63, 38.932, 38.596, 38.604, 38.664, 38.706, 38.781, 38.855, 38.82, 38.768, 39.105, 39.561, 39.682, 40.197, 41.02, 41.244, 40.539, 40.42, 41.213, 42.464, 42.922, 42.481, 41.843, 41.495, 41.17, 33.578], [34.618, 34.069, 34.011, 34.556, 34.286, 33.279, 31.585, 27.7, 21.671, 16.88, 14.544, 10.951, 5.029, 0.0, 5.661, 13.428, 21.359, 26.73, 29.371, 30.263, 29.935, 29.605, 30.592, 32.298, 33.252, 33.348, 33.326, 33.481, 33.641, 33.897, 34.323, 34.671, 35.258, 35.903, 36.478, 37.729, 39.102, 39.595, 39.681, 39.781, 40.014, 40.237, 40.226, 40.049, 39.827, 39.577, 39.323, 39.168, 39.077, 38.939, 39.0, 39.19, 39.348, 39.675, 40.099, 40.254, 40.226, 40.313, 40.811, 41.308, 41.591, 41.487, 41.227, 41.096, 41.334, 41.849, 41.726, 41.163, 40.837, 40.789, 40.796, 40.91, 41.095, 41.231, 41.144, 40.912, 40.893, 41.034, 41.182, 41.064, 40.574, 40.283, 40.307, 40.35, 40.286, 40.118, 40.096, 40.312, 40.47, 40.382, 40.113, 40.293, 41.025, 41.253, 40.057, 38.785, 38.86, 39.265, 39.338, 39.176, 39.332, 39.714, 39.903, 40.156, 40.289, 40.347, 40.289, 40.356, 40.51, 40.621, 40.771, 40.921, 41.061, 41.286, 41.623, 41.878, 42.03, 42.181, 42.28, 42.14, 41.823, 41.7, 41.459, 41.334, 41.41, 41.634, 41.804, 41.676, 41.745, 42.306, 43.305, 44.319, 44.579, 44.259, 44.332, 44.733, 44.782, 44.236, 43.985, 44.179, 44.426, 45.205, 46.664, 47.788, 48.323, 48.367, 47.126, 44.704, 43.139, 42.957, 43.198, 42.688, 41.776, 40.98, 40.486, 40.575, 40.92, 40.819, 40.51, 40.421, 40.518, 40.521, 40.362, 40.158, 40.071, 40.173, 40.448, 40.729, 40.881, 40.869, 40.629, 40.248, 39.982, 39.731, 39.622, 39.717, 39.849, 40.033, 40.13, 40.303, 40.386, 40.111, 39.512, 39.156, 39.346, 39.624, 39.73, 39.613, 39.521, 39.325, 38.939, 38.852, 38.954, 38.961, 38.871, 38.734, 38.64, 38.605, 38.713, 38.96, 39.377, 39.611, 39.547, 39.691, 39.694, 39.007, 38.652, 38.624, 38.662, 38.696, 38.776, 38.855, 38.814, 38.76, 39.12, 39.599, 39.722, 40.229, 41.055, 41.288, 40.583, 40.469, 41.264, 42.522, 42.975, 42.523, 41.868, 41.512, 41.191, 34.628], [35.627, 35.064, 34.997, 35.493, 35.177, 34.195, 32.618, 28.985, 23.32, 18.781, 16.619, 13.626, 9.241, 5.661, 0.0, 9.028, 18.448, 24.731, 27.734, 28.752, 28.416, 28.07, 29.197, 31.117, 32.195, 32.326, 32.331, 32.509, 32.662, 32.954, 33.471, 33.899, 34.558, 35.259, 35.886, 37.242, 38.748, 39.336, 39.497, 39.654, 39.925, 40.168, 40.167, 39.984, 39.738, 39.468, 39.209, 39.061, 38.968, 38.813, 38.875, 39.087, 39.262, 39.577, 39.988, 40.173, 40.176, 40.238, 40.712, 41.217, 41.497, 41.375, 41.104, 40.983, 41.24, 41.774, 41.661, 41.08, 40.724, 40.653, 40.65, 40.749, 40.924, 41.069, 40.995, 40.764, 40.735, 40.869, 41.014, 40.882, 40.377, 40.091, 40.135, 40.175, 40.069, 39.874, 39.859, 40.097, 40.257, 40.149, 39.87, 40.059, 40.78, 40.968, 39.789, 38.644, 38.801, 39.201, 39.262, 39.124, 39.295, 39.648, 39.827, 40.131, 40.327, 40.372, 40.25, 40.271, 40.4, 40.494, 40.637, 40.79, 40.942, 41.177, 41.52, 41.771, 41.913, 42.052, 42.149, 42.004, 41.688, 41.566, 41.31, 41.164, 41.245, 41.498, 41.671, 41.536, 41.634, 42.239, 43.238, 44.248, 44.527, 44.21, 44.268, 44.655, 44.692, 44.14, 43.89, 44.072, 44.308, 45.101, 46.591, 47.756, 48.322, 48.366, 47.08, 44.605, 42.981, 42.747, 42.966, 42.433, 41.483, 40.73, 40.289, 40.374, 40.703, 40.601, 40.293, 40.197, 40.297, 40.322, 40.177, 39.978, 39.904, 40.014, 40.299, 40.583, 40.73, 40.722, 40.496, 40.131, 39.882, 39.639, 39.538, 39.632, 39.755, 39.949, 40.067, 40.204, 40.223, 39.928, 39.328, 38.984, 39.197, 39.487, 39.601, 39.482, 39.379, 39.153, 38.766, 38.71, 38.814, 38.817, 38.734, 38.621, 38.549, 38.524, 38.639, 38.894, 39.323, 39.56, 39.511, 39.694, 39.726, 39.012, 38.609, 38.536, 38.548, 38.567, 38.63, 38.695, 38.648, 38.606, 38.999, 39.501, 39.612, 40.112, 40.963, 41.22, 40.526, 40.419, 41.258, 42.566, 43.027, 42.543, 41.841, 41.454, 41.114, 35.629], [36.884, 36.399, 36.492, 37.031, 36.666, 35.784, 34.523, 31.448, 26.667, 23.13, 21.647, 19.203, 15.756, 13.428, 9.028, 0.0, 11.096, 19.249, 23.264, 24.618, 24.279, 23.914, 25.369, 27.8, 29.21, 29.415, 29.423, 29.649, 29.848, 30.223, 30.877, 31.459, 32.319, 33.196, 33.908, 35.332, 37.029, 37.921, 38.433, 38.788, 39.102, 39.375, 39.444, 39.282, 38.988, 38.681, 38.408, 38.25, 38.136, 37.953, 38.023, 38.231, 38.366, 38.646, 39.049, 39.281, 39.333, 39.33, 39.709, 40.174, 40.412, 40.257, 39.978, 39.868, 40.133, 40.67, 40.522, 39.895, 39.535, 39.454, 39.444, 39.532, 39.72, 39.921, 39.9, 39.682, 39.634, 39.763, 39.916, 39.757, 39.182, 38.878, 38.983, 39.029, 38.833, 38.593, 38.639, 38.97, 39.163, 38.981, 38.556, 38.641, 39.313, 39.438, 38.267, 37.327, 37.728, 38.212, 38.279, 38.177, 38.415, 38.735, 38.875, 39.274, 39.608, 39.65, 39.412, 39.343, 39.429, 39.49, 39.623, 39.815, 40.02, 40.277, 40.632, 40.888, 41.018, 41.143, 41.226, 41.059, 40.757, 40.678, 40.391, 40.165, 40.268, 40.646, 40.84, 40.605, 40.683, 41.41, 42.49, 43.556, 43.9, 43.615, 43.692, 44.119, 44.149, 43.56, 43.305, 43.488, 43.736, 44.584, 46.153, 47.391, 48.056, 48.192, 46.841, 44.086, 42.138, 41.832, 42.068, 41.424, 40.272, 39.508, 39.155, 39.21, 39.462, 39.318, 39.028, 38.979, 39.127, 39.187, 39.017, 38.805, 38.782, 38.912, 39.222, 39.529, 39.693, 39.711, 39.5, 39.11, 38.828, 38.559, 38.443, 38.489, 38.541, 38.723, 38.911, 39.03, 38.925, 38.555, 37.938, 37.58, 37.846, 38.215, 38.391, 38.312, 38.246, 37.989, 37.547, 37.546, 37.683, 37.654, 37.582, 37.576, 37.586, 37.568, 37.681, 37.983, 38.49, 38.788, 38.804, 39.108, 39.218, 38.424, 37.872, 37.681, 37.626, 37.576, 37.549, 37.548, 37.48, 37.465, 37.93, 38.471, 38.539, 39.001, 39.914, 40.216, 39.459, 39.312, 40.296, 41.822, 42.36, 41.788, 40.938, 40.459, 40.056, 36.784], [38.316, 37.997, 38.353, 38.968, 38.566, 37.83, 36.934, 34.465, 30.742, 28.415, 27.721, 25.913, 23.053, 21.359, 18.448, 11.096, 0.0, 10.164, 16.183, 18.436, 18.277, 18.176, 20.371, 23.573, 25.477, 25.834, 25.827, 26.09, 26.421, 26.984, 27.808, 28.598, 29.758, 30.948, 31.768, 33.119, 34.917, 36.149, 37.096, 37.71, 38.042, 38.327, 38.483, 38.362, 38.024, 37.677, 37.392, 37.219, 37.073, 36.866, 36.998, 37.205, 37.206, 37.412, 37.804, 38.049, 38.131, 38.057, 38.293, 38.655, 38.816, 38.639, 38.368, 38.233, 38.416, 38.886, 38.659, 37.982, 37.647, 37.585, 37.593, 37.69, 37.908, 38.191, 38.253, 38.066, 37.998, 38.131, 38.32, 38.152, 37.498, 37.189, 37.399, 37.473, 37.187, 36.908, 37.048, 37.511, 37.765, 37.499, 36.863, 36.766, 37.355, 37.414, 36.249, 35.537, 36.246, 36.889, 36.987, 36.921, 37.247, 37.512, 37.561, 38.036, 38.517, 38.569, 38.238, 38.098, 38.148, 38.181, 38.313, 38.571, 38.864, 39.157, 39.506, 39.751, 39.869, 39.985, 40.048, 39.86, 39.611, 39.616, 39.306, 38.989, 39.126, 39.675, 39.903, 39.528, 39.546, 40.426, 41.648, 42.809, 43.226, 42.983, 43.125, 43.634, 43.669, 43.063, 42.841, 43.054, 43.334, 44.24, 45.869, 47.148, 47.936, 48.232, 46.845, 43.726, 41.344, 40.984, 41.269, 40.457, 38.978, 38.071, 37.785, 37.774, 37.864, 37.64, 37.396, 37.431, 37.639, 37.722, 37.494, 37.278, 37.328, 37.47, 37.793, 38.131, 38.327, 38.371, 38.136, 37.668, 37.334, 37.041, 36.893, 36.865, 36.82, 36.961, 37.224, 37.398, 37.228, 36.778, 36.13, 35.71, 36.036, 36.542, 36.807, 36.765, 36.778, 36.517, 35.951, 35.969, 36.182, 36.118, 36.084, 36.282, 36.442, 36.44, 36.534, 36.861, 37.432, 37.823, 37.95, 38.39, 38.585, 37.751, 37.052, 36.713, 36.581, 36.463, 36.334, 36.227, 36.106, 36.121, 36.673, 37.244, 37.244, 37.626, 38.583, 38.925, 38.05, 37.806, 38.934, 40.703, 41.339, 40.663, 39.636, 39.052, 38.577, 38.091], [39.351, 39.14, 39.696, 40.4, 40.001, 39.352, 38.67, 36.612, 33.674, 32.143, 31.881, 30.479, 28.079, 26.73, 24.731, 19.249, 10.164, 0.0, 7.974, 11.89, 12.514, 13.156, 16.453, 20.477, 22.866, 23.472, 23.526, 23.819, 24.314, 25.108, 26.076, 27.011, 28.375, 29.816, 30.763, 31.994, 33.724, 35.111, 36.337, 37.099, 37.395, 37.661, 37.85, 37.728, 37.356, 36.999, 36.73, 36.566, 36.391, 36.168, 36.389, 36.636, 36.524, 36.657, 37.015, 37.24, 37.319, 37.192, 37.367, 37.712, 37.849, 37.647, 37.35, 37.154, 37.215, 37.586, 37.283, 36.594, 36.306, 36.266, 36.281, 36.391, 36.642, 36.974, 37.077, 36.905, 36.828, 36.969, 37.191, 37.024, 36.327, 36.045, 36.364, 36.454, 36.089, 35.764, 35.95, 36.483, 36.772, 36.454, 35.677, 35.475, 36.035, 36.057, 34.888, 34.369, 35.306, 36.083, 36.201, 36.162, 36.587, 36.843, 36.798, 37.287, 37.872, 37.943, 37.555, 37.371, 37.397, 37.418, 37.563, 37.891, 38.291, 38.643, 38.973, 39.178, 39.269, 39.354, 39.365, 39.163, 39.01, 39.125, 38.82, 38.449, 38.608, 39.296, 39.603, 39.139, 39.076, 40.049, 41.408, 42.648, 43.094, 42.875, 43.079, 43.647, 43.693, 43.104, 42.931, 43.188, 43.501, 44.435, 46.088, 47.376, 48.226, 48.618, 47.212, 43.871, 41.203, 40.783, 41.102, 40.214, 38.488, 37.394, 37.111, 37.032, 36.96, 36.67, 36.454, 36.514, 36.721, 36.789, 36.512, 36.298, 36.381, 36.509, 36.822, 37.168, 37.375, 37.418, 37.141, 36.602, 36.234, 35.932, 35.75, 35.679, 35.617, 35.752, 36.042, 36.27, 36.123, 35.66, 35.008, 34.561, 34.931, 35.518, 35.812, 35.763, 35.828, 35.584, 34.904, 34.87, 35.129, 35.042, 35.04, 35.393, 35.677, 35.695, 35.767, 36.093, 36.709, 37.189, 37.424, 37.964, 38.22, 37.385, 36.615, 36.183, 35.996, 35.841, 35.652, 35.472, 35.306, 35.34, 35.955, 36.544, 36.496, 36.807, 37.751, 38.095, 37.122, 36.795, 38.0, 39.918, 40.627, 39.883, 38.733, 38.087, 37.576, 39.091], [39.913, 39.719, 40.355, 41.126, 40.752, 40.148, 39.603, 37.844, 35.304, 34.057, 33.954, 32.725, 30.557, 29.371, 27.734, 23.264, 16.183, 7.974, 0.0, 5.345, 7.435, 9.412, 13.737, 18.375, 21.116, 21.934, 22.09, 22.45, 23.075, 24.012, 25.081, 26.105, 27.572, 29.173, 30.28, 31.539, 33.224, 34.661, 36.003, 36.801, 37.066, 37.319, 37.511, 37.38, 37.008, 36.688, 36.459, 36.315, 36.139, 35.914, 36.167, 36.452, 36.332, 36.467, 36.829, 37.043, 37.092, 36.927, 37.117, 37.489, 37.628, 37.41, 37.094, 36.877, 36.88, 37.18, 36.82, 36.131, 35.884, 35.857, 35.859, 35.962, 36.229, 36.584, 36.699, 36.523, 36.44, 36.588, 36.821, 36.64, 35.899, 35.589, 35.941, 36.045, 35.641, 35.286, 35.488, 36.034, 36.316, 35.968, 35.136, 34.906, 35.469, 35.466, 34.278, 33.874, 34.915, 35.721, 35.835, 35.838, 36.368, 36.654, 36.574, 37.09, 37.751, 37.84, 37.429, 37.218, 37.219, 37.225, 37.379, 37.742, 38.197, 38.584, 38.901, 39.076, 39.153, 39.219, 39.192, 38.981, 38.903, 39.094, 38.79, 38.399, 38.598, 39.384, 39.739, 39.195, 39.053, 40.07, 41.504, 42.77, 43.207, 42.987, 43.217, 43.809, 43.862, 43.29, 43.142, 43.421, 43.746, 44.684, 46.337, 47.62, 48.477, 48.892, 47.477, 44.065, 41.304, 40.853, 41.173, 40.256, 38.436, 37.283, 37.001, 36.905, 36.785, 36.469, 36.233, 36.271, 36.452, 36.494, 36.193, 35.973, 36.055, 36.182, 36.492, 36.818, 37.011, 37.058, 36.787, 36.229, 35.833, 35.527, 35.327, 35.221, 35.172, 35.332, 35.61, 35.821, 35.684, 35.228, 34.586, 34.162, 34.591, 35.216, 35.513, 35.459, 35.54, 35.31, 34.587, 34.514, 34.783, 34.681, 34.673, 35.063, 35.382, 35.404, 35.46, 35.788, 36.438, 36.968, 37.274, 37.889, 38.19, 37.359, 36.563, 36.075, 35.819, 35.62, 35.412, 35.219, 35.042, 35.083, 35.715, 36.303, 36.219, 36.461, 37.352, 37.671, 36.661, 36.32, 37.565, 39.553, 40.303, 39.533, 38.332, 37.668, 37.148, 39.666], [40.187, 39.984, 40.619, 41.398, 41.031, 40.447, 39.978, 38.372, 35.938, 34.706, 34.638, 33.483, 31.399, 30.263, 28.752, 24.618, 18.436, 11.89, 5.345, 0.0, 3.607, 7.576, 12.583, 17.31, 20.135, 21.032, 21.256, 21.68, 22.358, 23.35, 24.496, 25.578, 27.094, 28.773, 29.999, 31.381, 33.107, 34.544, 35.9, 36.704, 36.971, 37.237, 37.454, 37.34, 36.976, 36.679, 36.478, 36.351, 36.178, 35.954, 36.213, 36.524, 36.426, 36.577, 36.945, 37.14, 37.162, 36.997, 37.203, 37.569, 37.701, 37.483, 37.171, 36.959, 36.957, 37.249, 36.883, 36.207, 35.976, 35.954, 35.956, 36.055, 36.32, 36.68, 36.801, 36.626, 36.541, 36.689, 36.92, 36.729, 35.956, 35.595, 35.928, 36.053, 35.665, 35.302, 35.498, 36.034, 36.302, 35.948, 35.114, 34.876, 35.429, 35.417, 34.227, 33.812, 34.825, 35.604, 35.713, 35.737, 36.311, 36.626, 36.551, 37.086, 37.788, 37.92, 37.533, 37.321, 37.318, 37.324, 37.476, 37.83, 38.274, 38.658, 38.975, 39.152, 39.234, 39.31, 39.292, 39.089, 39.024, 39.232, 38.937, 38.565, 38.797, 39.612, 39.956, 39.367, 39.188, 40.206, 41.639, 42.898, 43.321, 43.096, 43.334, 43.937, 43.992, 43.427, 43.294, 43.591, 43.931, 44.87, 46.508, 47.77, 48.609, 49.018, 47.615, 44.216, 41.455, 40.989, 41.302, 40.392, 38.571, 37.397, 37.104, 37.036, 36.942, 36.615, 36.35, 36.367, 36.528, 36.552, 36.242, 36.016, 36.098, 36.232, 36.542, 36.851, 37.026, 37.074, 36.826, 36.295, 35.92, 35.634, 35.429, 35.289, 35.23, 35.403, 35.675, 35.866, 35.725, 35.26, 34.6, 34.165, 34.611, 35.249, 35.548, 35.489, 35.568, 35.345, 34.635, 34.579, 34.862, 34.757, 34.724, 35.082, 35.386, 35.404, 35.451, 35.771, 36.421, 36.956, 37.265, 37.898, 38.222, 37.409, 36.622, 36.118, 35.81, 35.566, 35.351, 35.173, 35.003, 35.036, 35.652, 36.229, 36.14, 36.353, 37.21, 37.525, 36.549, 36.273, 37.574, 39.599, 40.365, 39.591, 38.38, 37.708, 37.185, 39.944], [40.089, 39.872, 40.495, 41.268, 40.891, 40.298, 39.837, 38.223, 35.719, 34.429, 34.338, 33.178, 31.083, 29.935, 28.416, 24.279, 18.277, 12.514, 7.435, 3.607, 0.0, 5.345, 11.376, 16.477, 19.334, 20.22, 20.502, 20.975, 21.668, 22.716, 23.926, 25.041, 26.597, 28.331, 29.62, 31.106, 32.933, 34.393, 35.737, 36.544, 36.828, 37.112, 37.348, 37.246, 36.879, 36.574, 36.376, 36.258, 36.084, 35.844, 36.103, 36.435, 36.356, 36.511, 36.88, 37.071, 37.095, 36.943, 37.15, 37.497, 37.612, 37.391, 37.079, 36.871, 36.881, 37.198, 36.853, 36.183, 35.961, 35.945, 35.95, 36.05, 36.308, 36.665, 36.786, 36.605, 36.51, 36.653, 36.887, 36.7, 35.927, 35.561, 35.896, 36.035, 35.661, 35.295, 35.489, 36.03, 36.306, 35.96, 35.117, 34.854, 35.4, 35.388, 34.183, 33.716, 34.674, 35.434, 35.542, 35.564, 36.145, 36.484, 36.425, 36.952, 37.645, 37.796, 37.432, 37.224, 37.224, 37.232, 37.381, 37.728, 38.156, 38.528, 38.848, 39.038, 39.133, 39.224, 39.229, 39.041, 38.977, 39.19, 38.901, 38.546, 38.803, 39.633, 39.97, 39.376, 39.198, 40.211, 41.638, 42.909, 43.336, 43.102, 43.335, 43.941, 43.995, 43.424, 43.292, 43.598, 43.944, 44.886, 46.526, 47.792, 48.627, 49.031, 47.629, 44.228, 41.45, 40.978, 41.299, 40.391, 38.547, 37.342, 37.038, 36.994, 36.928, 36.598, 36.324, 36.341, 36.502, 36.524, 36.21, 35.973, 36.053, 36.196, 36.514, 36.824, 36.995, 37.042, 36.799, 36.285, 35.932, 35.65, 35.437, 35.29, 35.217, 35.384, 35.657, 35.838, 35.675, 35.191, 34.515, 34.068, 34.505, 35.139, 35.439, 35.383, 35.464, 35.232, 34.522, 34.495, 34.796, 34.684, 34.628, 34.969, 35.265, 35.283, 35.332, 35.656, 36.306, 36.83, 37.122, 37.755, 38.094, 37.292, 36.517, 36.027, 35.719, 35.46, 35.236, 35.06, 34.89, 34.914, 35.518, 36.092, 36.008, 36.229, 37.102, 37.438, 36.48, 36.236, 37.588, 39.646, 40.423, 39.645, 38.42, 37.737, 37.211, 39.855], [39.85, 39.617, 40.267, 41.078, 40.7, 40.102, 39.649, 38.005, 35.477, 34.235, 34.113, 32.875, 30.735, 29.605, 28.07, 23.914, 18.176, 13.156, 9.412, 7.576, 5.345, 0.0, 7.273, 13.734, 17.189, 18.181, 18.56, 19.148, 19.899, 21.055, 22.388, 23.589, 25.293, 27.191, 28.577, 30.165, 32.168, 33.762, 35.17, 36.014, 36.317, 36.613, 36.854, 36.746, 36.38, 36.087, 35.889, 35.774, 35.63, 35.426, 35.709, 36.049, 35.973, 36.123, 36.499, 36.71, 36.757, 36.617, 36.824, 37.158, 37.266, 37.043, 36.714, 36.505, 36.55, 36.896, 36.551, 35.868, 35.676, 35.684, 35.685, 35.77, 36.022, 36.382, 36.5, 36.296, 36.179, 36.33, 36.587, 36.416, 35.651, 35.314, 35.687, 35.829, 35.432, 35.049, 35.252, 35.816, 36.109, 35.749, 34.855, 34.544, 35.091, 35.109, 33.891, 33.37, 34.297, 35.085, 35.208, 35.222, 35.801, 36.173, 36.144, 36.647, 37.289, 37.431, 37.079, 36.878, 36.884, 36.896, 37.046, 37.397, 37.829, 38.207, 38.541, 38.75, 38.863, 38.955, 38.946, 38.741, 38.692, 38.935, 38.649, 38.293, 38.58, 39.451, 39.807, 39.208, 39.026, 40.056, 41.517, 42.82, 43.261, 43.03, 43.276, 43.896, 43.949, 43.369, 43.233, 43.541, 43.891, 44.851, 46.527, 47.823, 48.676, 49.089, 47.659, 44.172, 41.31, 40.845, 41.205, 40.246, 38.304, 37.079, 36.777, 36.71, 36.634, 36.297, 36.023, 36.05, 36.23, 36.262, 35.936, 35.676, 35.748, 35.901, 36.242, 36.577, 36.765, 36.814, 36.563, 36.033, 35.66, 35.344, 35.106, 34.963, 34.88, 35.033, 35.322, 35.498, 35.283, 34.771, 34.094, 33.665, 34.12, 34.766, 35.077, 35.03, 35.108, 34.838, 34.092, 34.081, 34.392, 34.275, 34.23, 34.596, 34.902, 34.921, 34.988, 35.349, 36.031, 36.566, 36.87, 37.531, 37.881, 37.062, 36.273, 35.792, 35.512, 35.27, 35.036, 34.839, 34.655, 34.679, 35.297, 35.889, 35.81, 36.065, 36.997, 37.349, 36.319, 36.004, 37.387, 39.51, 40.315, 39.517, 38.244, 37.537, 36.991, 39.633], [39.803, 39.55, 40.222, 41.071, 40.705, 40.13, 39.737, 38.207, 35.941, 34.96, 34.893, 33.67, 31.614, 30.592, 29.197, 25.369, 20.371, 16.453, 13.73