[[0.0, 3.793, 7.717, 10.926, 14.359, 16.664, 17.692, 20.608, 24.087, 25.542, 26.185, 27.298, 28.066, 28.601, 29.686, 32.029, 34.357, 35.48, 35.513, 35.021, 34.715, 35.033, 35.463, 35.578, 35.135, 34.367, 33.829, 33.582, 33.611, 33.953, 34.55, 35.058, 35.225, 35.882, 37.46, 38.358, 38.307, 37.771, 36.52, 35.553, 34.905, 33.505, 32.292, 32.663, 33.281, 33.242, 32.821, 33.129, 34.065, 34.359, 33.932, 33.183, 32.489, 32.343, 32.436, 32.558, 32.671, 32.541, 32.348, 32.178, 31.823, 31.789, 32.111, 32.135, 32.487, 33.527, 33.86, 33.382, 34.09, 35.09, 34.09, 32.41, 32.606, 33.492, 33.351, 33.041, 33.312, 33.385, 33.109, 33.153, 33.294, 33.073, 32.959, 33.225, 33.806, 34.132, 33.902, 33.237, 32.89, 33.095, 33.318, 33.587, 34.145, 34.155, 33.376, 32.934, 33.451, 34.073, 34.347, 34.187, 33.871, 34.078, 34.844, 34.475, 33.975, 34.235, 34.484, 34.208, 34.015, 34.301, 34.584, 34.5, 34.087, 33.613, 32.896, 32.45, 32.591, 32.629, 31.802, 30.947, 30.738, 30.863, 30.783, 30.689, 30.866, 30.894, 30.528, 30.197, 30.076, 30.139, 30.252, 30.457, 30.984, 31.514, 31.391, 31.204, 31.49, 32.41, 33.032, 32.703, 32.069, 31.847, 31.672, 31.272, 31.209, 31.533, 32.18, 32.996, 33.402, 33.355, 33.078, 33.282, 33.329, 32.852, 32.442, 32.385, 32.51, 32.567, 32.585, 33.126, 34.036, 34.677, 35.527, 36.287, 36.219, 35.615, 34.503, 33.37, 33.09, 33.299, 33.687, 34.5, 35.819, 36.988, 37.677, 37.783, 37.825, 38.132, 38.629, 39.129, 40.071, 40.884, 40.87, 40.432, 40.65, 41.16, 40.638, 38.505, 36.733, 35.515, 34.705, 34.394, 33.686, 35.36, 38.829, 40.433, 40.555, 40.996, 41.521, 41.315, 40.573, 39.996, 39.741, 39.207, 38.451, 38.036, 38.034, 38.308, 38.38, 37.759, 37.005, 37.178, 38.56, 39.842, 40.068, 39.665, 39.425, 39.737, 40.305, 39.309, 36.222, 34.021, 33.876, 34.284, 34.6, 34.873, 35.703, 36.542, 36.647, 5.157], [3.793, 0.0, 5.085, 9.39, 13.204, 15.593, 16.868, 20.028, 23.601, 25.09, 25.753, 26.889, 27.68, 28.226, 29.345, 31.759, 34.131, 35.264, 35.298, 34.803, 34.493, 34.815, 35.254, 35.38, 34.954, 34.209, 33.702, 33.508, 33.565, 33.908, 34.498, 35.016, 35.219, 35.887, 37.448, 38.342, 38.292, 37.745, 36.487, 35.521, 34.874, 33.491, 32.325, 32.731, 33.344, 33.294, 32.874, 33.178, 34.108, 34.395, 33.963, 33.22, 32.545, 32.411, 32.504, 32.623, 32.728, 32.598, 32.405, 32.231, 31.873, 31.838, 32.159, 32.181, 32.52, 33.542, 33.874, 33.406, 34.116, 35.112, 34.116, 32.449, 32.639, 33.507, 33.354, 33.044, 33.31, 33.378, 33.11, 33.166, 33.316, 33.108, 32.999, 33.264, 33.845, 34.173, 33.948, 33.279, 32.909, 33.101, 33.326, 33.594, 34.156, 34.17, 33.401, 32.981, 33.506, 34.132, 34.406, 34.239, 33.92, 34.119, 34.876, 34.508, 34.012, 34.273, 34.519, 34.237, 34.034, 34.303, 34.572, 34.481, 34.055, 33.569, 32.848, 32.395, 32.516, 32.535, 31.687, 30.821, 30.616, 30.747, 30.679, 30.6, 30.776, 30.795, 30.434, 30.119, 30.018, 30.091, 30.198, 30.42, 30.997, 31.553, 31.43, 31.223, 31.491, 32.402, 33.033, 32.724, 32.108, 31.892, 31.713, 31.319, 31.257, 31.578, 32.225, 33.043, 33.453, 33.402, 33.108, 33.304, 33.356, 32.884, 32.475, 32.417, 32.546, 32.612, 32.622, 33.139, 34.036, 34.674, 35.512, 36.261, 36.19, 35.574, 34.444, 33.305, 33.032, 33.257, 33.649, 34.45, 35.751, 36.914, 37.608, 37.723, 37.773, 38.083, 38.586, 39.096, 40.043, 40.856, 40.848, 40.423, 40.643, 41.148, 40.633, 38.525, 36.767, 35.553, 34.739, 34.427, 33.717, 35.381, 38.837, 40.437, 40.566, 41.012, 41.533, 41.322, 40.58, 40.007, 39.753, 39.22, 38.466, 38.049, 38.042, 38.317, 38.389, 37.769, 37.021, 37.201, 38.588, 39.865, 40.092, 39.694, 39.453, 39.755, 40.319, 39.325, 36.225, 33.987, 33.84, 34.246, 34.562, 34.842, 35.684, 36.53, 36.633, 7.416], [7.717, 5.085, 0.0, 6.015, 11.122, 13.937, 15.552, 19.194, 23.019, 24.623, 25.404, 26.607, 27.433, 27.98, 29.122, 31.586, 33.979, 35.119, 35.166, 34.695, 34.429, 34.786, 35.239, 35.375, 34.99, 34.307, 33.842, 33.669, 33.731, 34.069, 34.652, 35.167, 35.378, 36.034, 37.562, 38.441, 38.399, 37.861, 36.622, 35.676, 35.036, 33.693, 32.601, 33.04, 33.638, 33.572, 33.142, 33.437, 34.348, 34.619, 34.183, 33.46, 32.814, 32.684, 32.773, 32.889, 32.993, 32.88, 32.698, 32.523, 32.179, 32.141, 32.445, 32.466, 32.795, 33.782, 34.115, 33.687, 34.375, 35.333, 34.364, 32.757, 32.953, 33.808, 33.65, 33.334, 33.598, 33.673, 33.409, 33.464, 33.617, 33.422, 33.326, 33.584, 34.134, 34.448, 34.235, 33.577, 33.186, 33.352, 33.564, 33.795, 34.308, 34.332, 33.624, 33.253, 33.777, 34.395, 34.663, 34.485, 34.172, 34.368, 35.102, 34.737, 34.258, 34.517, 34.746, 34.458, 34.249, 34.493, 34.748, 34.662, 34.242, 33.755, 33.053, 32.619, 32.738, 32.739, 31.887, 31.062, 30.893, 31.027, 30.968, 30.891, 31.056, 31.075, 30.738, 30.453, 30.371, 30.449, 30.555, 30.763, 31.309, 31.838, 31.713, 31.513, 31.763, 32.628, 33.243, 32.969, 32.394, 32.193, 32.022, 31.657, 31.623, 31.945, 32.575, 33.374, 33.778, 33.727, 33.435, 33.629, 33.691, 33.233, 32.835, 32.785, 32.91, 32.969, 32.962, 33.428, 34.289, 34.923, 35.733, 36.455, 36.402, 35.822, 34.719, 33.571, 33.275, 33.513, 33.909, 34.668, 35.905, 37.037, 37.735, 37.859, 37.906, 38.201, 38.701, 39.219, 40.166, 40.961, 40.931, 40.495, 40.709, 41.202, 40.693, 38.634, 36.926, 35.749, 34.956, 34.654, 33.969, 35.582, 38.934, 40.484, 40.616, 41.061, 41.568, 41.353, 40.619, 40.061, 39.824, 39.312, 38.576, 38.163, 38.154, 38.426, 38.497, 37.882, 37.148, 37.337, 38.702, 39.943, 40.163, 39.781, 39.545, 39.837, 40.39, 39.414, 36.369, 34.167, 34.025, 34.418, 34.72, 34.985, 35.82, 36.664, 36.765, 9.974], [10.926, 9.39, 6.015, 0.0, 6.434, 10.457, 12.545, 16.824, 21.213, 23.055, 23.978, 25.333, 26.228, 26.795, 28.068, 30.778, 33.35, 34.57, 34.645, 34.194, 33.995, 34.439, 34.936, 35.085, 34.734, 34.128, 33.774, 33.674, 33.74, 34.094, 34.749, 35.319, 35.512, 36.161, 37.715, 38.608, 38.569, 38.033, 36.799, 35.862, 35.235, 33.909, 32.821, 33.242, 33.84, 33.761, 33.293, 33.558, 34.455, 34.716, 34.272, 33.533, 32.863, 32.723, 32.815, 32.95, 33.083, 32.989, 32.8, 32.626, 32.306, 32.28, 32.579, 32.6, 32.943, 33.934, 34.253, 33.813, 34.471, 35.42, 34.46, 32.84, 33.009, 33.87, 33.726, 33.395, 33.655, 33.741, 33.473, 33.528, 33.693, 33.51, 33.421, 33.673, 34.21, 34.525, 34.319, 33.64, 33.208, 33.352, 33.565, 33.797, 34.309, 34.353, 33.689, 33.347, 33.877, 34.497, 34.756, 34.554, 34.245, 34.468, 35.208, 34.837, 34.357, 34.608, 34.833, 34.55, 34.33, 34.543, 34.786, 34.708, 34.296, 33.816, 33.127, 32.684, 32.779, 32.762, 31.918, 31.117, 30.964, 31.094, 31.023, 30.936, 31.097, 31.126, 30.805, 30.521, 30.426, 30.491, 30.604, 30.829, 31.397, 31.939, 31.798, 31.571, 31.826, 32.708, 33.325, 33.07, 32.532, 32.347, 32.178, 31.834, 31.83, 32.142, 32.757, 33.559, 33.961, 33.906, 33.612, 33.806, 33.873, 33.421, 33.022, 32.971, 33.09, 33.143, 33.135, 33.583, 34.431, 35.075, 35.876, 36.579, 36.544, 35.994, 34.906, 33.735, 33.393, 33.633, 34.071, 34.853, 36.08, 37.208, 37.915, 38.036, 38.082, 38.396, 38.901, 39.414, 40.358, 41.138, 41.071, 40.616, 40.84, 41.338, 40.816, 38.755, 37.059, 35.89, 35.104, 34.797, 34.043, 35.564, 38.903, 40.47, 40.61, 41.053, 41.556, 41.34, 40.594, 40.01, 39.762, 39.264, 38.548, 38.149, 38.155, 38.438, 38.512, 37.899, 37.161, 37.337, 38.684, 39.917, 40.126, 39.731, 39.496, 39.786, 40.34, 39.403, 36.421, 34.251, 34.111, 34.492, 34.779, 35.028, 35.864, 36.712, 36.816, 13.117], [14.359, 13.204, 11.122, 6.434, 0.0, 5.403, 9.575, 15.089, 19.78, 21.82, 22.965, 24.498, 25.453, 26.053, 27.483, 30.398, 33.089, 34.365, 34.468, 34.051, 33.913, 34.414, 34.932, 35.093, 34.787, 34.28, 34.073, 34.083, 34.178, 34.543, 35.241, 35.834, 36.005, 36.608, 38.125, 39.018, 38.981, 38.44, 37.225, 36.33, 35.748, 34.481, 33.431, 33.804, 34.377, 34.313, 33.864, 34.108, 34.959, 35.204, 34.778, 34.057, 33.398, 33.257, 33.341, 33.473, 33.613, 33.533, 33.355, 33.205, 32.926, 32.91, 33.197, 33.21, 33.54, 34.505, 34.823, 34.408, 35.027, 35.939, 35.023, 33.473, 33.594, 34.399, 34.286, 33.964, 34.183, 34.26, 34.011, 34.062, 34.228, 34.065, 33.975, 34.19, 34.683, 34.984, 34.79, 34.108, 33.642, 33.762, 33.979, 34.228, 34.767, 34.852, 34.26, 33.958, 34.456, 35.055, 35.308, 35.085, 34.782, 34.996, 35.684, 35.319, 34.869, 35.112, 35.321, 35.049, 34.836, 35.023, 35.232, 35.148, 34.756, 34.304, 33.655, 33.236, 33.316, 33.29, 32.484, 31.714, 31.573, 31.713, 31.662, 31.574, 31.697, 31.706, 31.402, 31.13, 31.03, 31.084, 31.195, 31.431, 32.032, 32.589, 32.422, 32.154, 32.4, 33.26, 33.856, 33.634, 33.171, 33.033, 32.878, 32.562, 32.568, 32.853, 33.422, 34.182, 34.563, 34.498, 34.184, 34.336, 34.387, 33.962, 33.586, 33.538, 33.655, 33.714, 33.711, 34.121, 34.91, 35.497, 36.222, 36.864, 36.825, 36.305, 35.287, 34.177, 33.822, 34.032, 34.48, 35.279, 36.492, 37.598, 38.3, 38.419, 38.475, 38.829, 39.369, 39.884, 40.796, 41.538, 41.455, 41.016, 41.254, 41.749, 41.242, 39.23, 37.572, 36.447, 35.697, 35.394, 34.584, 35.89, 39.105, 40.647, 40.788, 41.222, 41.715, 41.504, 40.777, 40.207, 39.962, 39.488, 38.811, 38.441, 38.464, 38.753, 38.836, 38.25, 37.535, 37.699, 38.998, 40.187, 40.384, 39.997, 39.767, 40.035, 40.575, 39.714, 36.868, 34.788, 34.651, 35.005, 35.264, 35.483, 36.29, 37.114, 37.21, 16.52], [16.664, 15.593, 13.937, 10.457, 5.403, 0.0, 6.786, 13.943, 18.9, 20.98, 22.333, 24.059, 25.087, 25.725, 27.238, 30.236, 32.981, 34.298, 34.428, 34.033, 33.927, 34.463, 34.994, 35.166, 34.889, 34.435, 34.303, 34.389, 34.52, 34.891, 35.585, 36.168, 36.33, 36.901, 38.369, 39.252, 39.22, 38.672, 37.467, 36.601, 36.045, 34.815, 33.804, 34.17, 34.724, 34.665, 34.246, 34.503, 35.333, 35.568, 35.161, 34.463, 33.826, 33.686, 33.758, 33.874, 34.007, 33.937, 33.772, 33.646, 33.396, 33.387, 33.664, 33.67, 33.974, 34.897, 35.209, 34.832, 35.443, 36.329, 35.441, 33.966, 34.073, 34.829, 34.72, 34.397, 34.587, 34.657, 34.422, 34.464, 34.617, 34.463, 34.374, 34.564, 35.02, 35.306, 35.116, 34.449, 33.986, 34.108, 34.342, 34.61, 35.168, 35.276, 34.724, 34.438, 34.9, 35.468, 35.702, 35.467, 35.162, 35.336, 35.964, 35.612, 35.198, 35.444, 35.646, 35.384, 35.191, 35.384, 35.588, 35.514, 35.155, 34.729, 34.108, 33.73, 33.827, 33.778, 32.963, 32.206, 32.075, 32.228, 32.205, 32.13, 32.221, 32.201, 31.904, 31.651, 31.566, 31.628, 31.741, 31.966, 32.553, 33.101, 32.914, 32.609, 32.812, 33.623, 34.196, 34.0, 33.594, 33.496, 33.353, 33.053, 33.072, 33.371, 33.929, 34.656, 35.023, 34.96, 34.638, 34.745, 34.776, 34.375, 34.02, 33.97, 34.093, 34.162, 34.155, 34.527, 35.262, 35.79, 36.459, 37.063, 37.012, 36.5, 35.517, 34.441, 34.089, 34.27, 34.701, 35.505, 36.724, 37.819, 38.52, 38.642, 38.701, 39.066, 39.627, 40.152, 41.043, 41.767, 41.693, 41.271, 41.496, 41.979, 41.491, 39.505, 37.867, 36.792, 36.082, 35.79, 34.998, 36.173, 39.252, 40.743, 40.876, 41.305, 41.787, 41.573, 40.87, 40.337, 40.112, 39.652, 38.991, 38.634, 38.66, 38.947, 39.038, 38.472, 37.78, 37.952, 39.227, 40.384, 40.587, 40.226, 40.0, 40.257, 40.79, 39.956, 37.167, 35.146, 35.036, 35.382, 35.625, 35.836, 36.645, 37.461, 37.55, 18.567], [17.692, 16.868, 15.552, 12.545, 9.575, 6.786, 0.0, 8.721, 15.16, 17.65, 19.08, 21.145, 22.409, 23.171, 24.956, 28.404, 31.502, 32.996, 33.179, 32.76, 32.655, 33.286, 33.882, 34.082, 33.823, 33.37, 33.253, 33.367, 33.504, 33.902, 34.669, 35.336, 35.574, 36.297, 37.911, 38.833, 38.795, 38.244, 37.0, 36.084, 35.49, 34.187, 33.121, 33.535, 34.122, 34.033, 33.567, 33.845, 34.726, 34.961, 34.514, 33.768, 33.081, 32.926, 32.995, 33.13, 33.291, 33.226, 33.043, 32.891, 32.606, 32.587, 32.892, 32.912, 33.224, 34.169, 34.463, 34.034, 34.681, 35.632, 34.685, 33.093, 33.229, 34.038, 33.882, 33.499, 33.705, 33.804, 33.548, 33.583, 33.735, 33.55, 33.444, 33.663, 34.17, 34.482, 34.276, 33.566, 33.1, 33.257, 33.523, 33.85, 34.462, 34.551, 33.924, 33.601, 34.108, 34.685, 34.898, 34.677, 34.373, 34.559, 35.259, 34.916, 34.456, 34.689, 34.913, 34.661, 34.459, 34.657, 34.906, 34.86, 34.492, 34.054, 33.396, 32.982, 33.077, 33.005, 32.119, 31.291, 31.109, 31.25, 31.212, 31.132, 31.253, 31.255, 30.947, 30.68, 30.581, 30.644, 30.783, 31.031, 31.652, 32.256, 32.076, 31.739, 31.947, 32.817, 33.434, 33.236, 32.805, 32.666, 32.496, 32.167, 32.183, 32.53, 33.178, 33.989, 34.383, 34.321, 34.003, 34.141, 34.194, 33.765, 33.36, 33.283, 33.4, 33.477, 33.483, 33.901, 34.706, 35.304, 36.079, 36.754, 36.694, 36.089, 34.951, 33.743, 33.383, 33.624, 34.101, 34.953, 36.235, 37.391, 38.11, 38.232, 38.286, 38.63, 39.145, 39.643, 40.556, 41.325, 41.282, 40.843, 41.053, 41.552, 41.043, 38.966, 37.257, 36.103, 35.344, 35.073, 34.32, 35.683, 38.977, 40.56, 40.692, 41.136, 41.643, 41.425, 40.682, 40.099, 39.832, 39.314, 38.58, 38.175, 38.185, 38.471, 38.559, 37.965, 37.233, 37.396, 38.728, 39.952, 40.172, 39.802, 39.572, 39.852, 40.425, 39.537, 36.554, 34.335, 34.201, 34.581, 34.857, 35.116, 36.027, 36.903, 36.989, 19.407], [20.608, 20.028, 19.194, 16.824, 15.089, 13.943, 8.721, 0.0, 8.229, 11.974, 13.896, 16.52, 18.195, 19.266, 21.66, 25.932, 29.558, 31.275, 31.533, 31.098, 31.0, 31.757, 32.442, 32.693, 32.514, 32.147, 32.083, 32.195, 32.288, 32.713, 33.603, 34.412, 34.808, 35.768, 37.554, 38.511, 38.468, 37.931, 36.683, 35.732, 35.107, 33.77, 32.697, 33.165, 33.783, 33.673, 33.159, 33.448, 34.361, 34.56, 34.051, 33.281, 32.562, 32.368, 32.426, 32.579, 32.763, 32.708, 32.508, 32.318, 32.001, 31.992, 32.34, 32.394, 32.725, 33.664, 33.896, 33.426, 34.128, 35.132, 34.113, 32.409, 32.606, 33.489, 33.269, 32.804, 33.024, 33.158, 32.866, 32.885, 33.035, 32.815, 32.688, 32.925, 33.474, 33.816, 33.591, 32.805, 32.274, 32.438, 32.743, 33.127, 33.758, 33.802, 33.087, 32.736, 33.301, 33.905, 34.142, 33.961, 33.668, 33.886, 34.68, 34.345, 33.812, 34.016, 34.262, 34.013, 33.776, 33.956, 34.244, 34.22, 33.819, 33.371, 32.679, 32.188, 32.255, 32.197, 31.293, 30.4, 30.134, 30.246, 30.198, 30.116, 30.267, 30.314, 30.024, 29.743, 29.617, 29.665, 29.828, 30.103, 30.756, 31.418, 31.27, 30.943, 31.209, 32.168, 32.856, 32.717, 32.295, 32.091, 31.866, 31.497, 31.491, 31.863, 32.608, 33.519, 33.932, 33.868, 33.556, 33.751, 33.864, 33.426, 32.961, 32.848, 32.942, 33.012, 33.045, 33.502, 34.356, 35.034, 35.927, 36.667, 36.568, 35.846, 34.591, 33.314, 32.978, 33.295, 33.795, 34.642, 35.92, 37.093, 37.812, 37.936, 37.986, 38.282, 38.725, 39.193, 40.124, 40.939, 40.924, 40.472, 40.681, 41.211, 40.701, 38.601, 36.862, 35.592, 34.761, 34.518, 33.798, 35.386, 38.903, 40.594, 40.745, 41.204, 41.733, 41.512, 40.722, 40.074, 39.772, 39.219, 38.437, 38.003, 38.02, 38.321, 38.401, 37.776, 37.013, 37.164, 38.532, 39.793, 39.993, 39.577, 39.34, 39.618, 40.206, 39.304, 36.216, 33.757, 33.463, 33.854, 34.164, 34.454, 35.437, 36.357, 36.45, 22.076], [24.087, 23.601, 23.019, 21.213, 19.78, 18.9, 15.16, 8.229, 0.0, 5.604, 9.942, 13.69, 15.679, 17.059, 20.017, 24.799, 28.668, 30.498, 30.822, 30.429, 30.355, 31.159, 31.901, 32.197, 32.105, 31.875, 31.896, 32.017, 32.101, 32.563, 33.506, 34.378, 34.879, 35.915, 37.699, 38.66, 38.64, 38.124, 36.909, 35.986, 35.386, 34.11, 33.095, 33.565, 34.159, 34.042, 33.544, 33.822, 34.683, 34.835, 34.315, 33.571, 32.877, 32.671, 32.714, 32.856, 33.039, 33.009, 32.827, 32.644, 32.373, 32.402, 32.766, 32.838, 33.163, 34.056, 34.248, 33.795, 34.474, 35.446, 34.456, 32.8, 33.027, 33.917, 33.682, 33.192, 33.4, 33.549, 33.242, 33.233, 33.365, 33.14, 33.005, 33.208, 33.723, 34.062, 33.834, 33.021, 32.45, 32.621, 32.97, 33.367, 33.941, 33.929, 33.201, 32.863, 33.426, 34.014, 34.275, 34.133, 33.865, 34.088, 34.887, 34.549, 33.981, 34.159, 34.4, 34.14, 33.886, 34.051, 34.339, 34.313, 33.908, 33.479, 32.803, 32.295, 32.342, 32.313, 31.497, 30.649, 30.362, 30.455, 30.415, 30.332, 30.462, 30.513, 30.259, 30.001, 29.861, 29.878, 30.035, 30.299, 30.9, 31.534, 31.407, 31.106, 31.371, 32.311, 33.014, 32.953, 32.608, 32.418, 32.183, 31.812, 31.821, 32.228, 33.009, 33.92, 34.315, 34.247, 33.941, 34.125, 34.243, 33.822, 33.363, 33.254, 33.334, 33.388, 33.419, 33.85, 34.663, 35.319, 36.189, 36.899, 36.744, 35.981, 34.79, 33.613, 33.312, 33.619, 34.077, 34.883, 36.103, 37.207, 37.886, 37.999, 38.029, 38.309, 38.759, 39.241, 40.155, 40.938, 40.919, 40.473, 40.679, 41.212, 40.727, 38.693, 37.004, 35.737, 34.92, 34.699, 33.993, 35.593, 39.107, 40.823, 40.992, 41.444, 41.975, 41.773, 41.009, 40.394, 40.132, 39.615, 38.849, 38.432, 38.472, 38.79, 38.867, 38.238, 37.488, 37.633, 38.948, 40.157, 40.323, 39.881, 39.645, 39.897, 40.437, 39.56, 36.562, 34.084, 33.654, 33.999, 34.317, 34.605, 35.544, 36.433, 36.53, 25.295], [25.542, 25.09, 24.623, 23.055, 21.82, 20.98, 17.65, 11.974, 5.604, 0.0, 6.534, 11.656, 14.084, 15.507, 18.686, 23.843, 27.907, 29.816, 30.201, 29.875, 29.859, 30.701, 31.479, 31.811, 31.763, 31.6, 31.679, 31.845, 31.967, 32.462, 33.438, 34.357, 34.93, 36.024, 37.82, 38.792, 38.801, 38.316, 37.12, 36.202, 35.614, 34.364, 33.346, 33.786, 34.364, 34.249, 33.753, 34.002, 34.818, 34.95, 34.438, 33.708, 33.021, 32.816, 32.862, 33.002, 33.199, 33.198, 33.034, 32.86, 32.609, 32.654, 33.025, 33.106, 33.43, 34.294, 34.465, 33.996, 34.625, 35.567, 34.607, 32.999, 33.24, 34.129, 33.9, 33.41, 33.62, 33.781, 33.477, 33.461, 33.594, 33.384, 33.263, 33.462, 33.968, 34.316, 34.105, 33.311, 32.753, 32.924, 33.258, 33.616, 34.151, 34.133, 33.431, 33.104, 33.663, 34.242, 34.489, 34.337, 34.079, 34.312, 35.107, 34.765, 34.185, 34.341, 34.562, 34.296, 34.045, 34.207, 34.491, 34.465, 34.066, 33.651, 32.983, 32.473, 32.517, 32.495, 31.717, 30.916, 30.658, 30.758, 30.711, 30.618, 30.737, 30.791, 30.561, 30.331, 30.197, 30.197, 30.333, 30.566, 31.129, 31.734, 31.615, 31.327, 31.585, 32.508, 33.207, 33.144, 32.805, 32.624, 32.407, 32.053, 32.072, 32.5, 33.294, 34.189, 34.573, 34.504, 34.202, 34.378, 34.487, 34.074, 33.629, 33.522, 33.596, 33.645, 33.671, 34.1, 34.903, 35.538, 36.378, 37.078, 36.929, 36.172, 34.996, 33.827, 33.508, 33.784, 34.22, 35.017, 36.22, 37.294, 37.953, 38.057, 38.075, 38.358, 38.824, 39.31, 40.201, 40.953, 40.924, 40.493, 40.699, 41.229, 40.754, 38.731, 37.06, 35.826, 35.043, 34.816, 34.102, 35.729, 39.251, 40.956, 41.116, 41.561, 42.092, 41.907, 41.174, 40.587, 40.335, 39.819, 39.059, 38.652, 38.698, 39.018, 39.099, 38.469, 37.717, 37.853, 39.142, 40.337, 40.516, 40.091, 39.859, 40.1, 40.614, 39.73, 36.771, 34.339, 33.896, 34.208, 34.516, 34.815, 35.746, 36.615, 36.705, 26.665], [26.185, 25.753, 25.404, 23.978, 22.965, 22.333, 19.08, 13.896, 9.942, 6.534, 0.0, 6.37, 9.988, 11.682, 15.083, 21.089, 25.722, 27.837, 28.304, 28.039, 28.132, 29.118, 29.972, 30.359, 30.4, 30.347, 30.55, 30.815, 30.945, 31.451, 32.547, 33.601, 34.302, 35.58, 37.491, 38.469, 38.506, 38.104, 36.976, 36.048, 35.444, 34.221, 33.264, 33.773, 34.401, 34.287, 33.759, 33.955, 34.737, 34.857, 34.347, 33.624, 32.922, 32.708, 32.762, 32.915, 33.13, 33.147, 32.986, 32.798, 32.526, 32.569, 32.944, 33.042, 33.37, 34.189, 34.291, 33.781, 34.432, 35.389, 34.399, 32.795, 33.062, 33.942, 33.689, 33.209, 33.441, 33.6, 33.298, 33.3, 33.451, 33.263, 33.169, 33.386, 33.894, 34.254, 34.062, 33.285, 32.746, 32.916, 33.199, 33.499, 34.046, 34.064, 33.384, 33.061, 33.622, 34.205, 34.44, 34.27, 34.026, 34.305, 35.119, 34.769, 34.172, 34.299, 34.518, 34.274, 34.007, 34.126, 34.406, 34.4, 33.989, 33.557, 32.879, 32.352, 32.374, 32.34, 31.545, 30.748, 30.503, 30.606, 30.562, 30.493, 30.649, 30.74, 30.533, 30.309, 30.166, 30.159, 30.284, 30.514, 31.097, 31.702, 31.586, 31.317, 31.606, 32.552, 33.26, 33.191, 32.836, 32.602, 32.36, 32.02, 32.023, 32.429, 33.237, 34.154, 34.545, 34.479, 34.184, 34.381, 34.509, 34.097, 33.639, 33.516, 33.582, 33.638, 33.681, 34.112, 34.923, 35.581, 36.44, 37.166, 37.046, 36.279, 35.028, 33.8, 33.478, 33.776, 34.212, 34.994, 36.196, 37.281, 37.945, 38.051, 38.068, 38.344, 38.788, 39.247, 40.134, 40.91, 40.915, 40.508, 40.728, 41.265, 40.801, 38.768, 37.056, 35.795, 35.006, 34.763, 34.045, 35.746, 39.313, 41.008, 41.158, 41.601, 42.128, 41.941, 41.21, 40.611, 40.32, 39.762, 38.998, 38.594, 38.63, 38.937, 39.016, 38.385, 37.633, 37.773, 39.081, 40.295, 40.489, 40.077, 39.846, 40.082, 40.6, 39.711, 36.747, 34.315, 33.885, 34.198, 34.5, 34.811, 35.752, 36.613, 36.702, 27.321], [27.298, 26.889, 26.607, 25.333, 24.498, 24.059, 21.145, 16.52, 13.69, 11.656, 6.37, 0.0, 4.817, 7.499, 11.567, 18.259, 23.325, 25.646, 26.215, 26.017, 26.235, 27.392, 28.33, 28.769, 28.925, 29.047, 29.452, 29.839, 29.931, 30.404, 31.635, 32.843, 33.668, 35.114, 37.125, 38.094, 38.139, 37.828, 36.816, 35.915, 35.303, 34.169, 33.4, 34.046, 34.729, 34.615, 34.059, 34.196, 34.908, 34.997, 34.497, 33.785, 33.078, 32.877, 32.946, 33.101, 33.32, 33.367, 33.232, 33.046, 32.756, 32.782, 33.142, 33.245, 33.562, 34.315, 34.344, 33.827, 34.526, 35.495, 34.47, 32.848, 33.12, 33.983, 33.697, 33.213, 33.456, 33.604, 33.288, 33.294, 33.455, 33.298, 33.245, 33.459, 33.924, 34.267, 34.087, 33.317, 32.779, 32.939, 33.2, 33.482, 34.059, 34.125, 33.485, 33.18, 33.726, 34.308, 34.543, 34.357, 34.133, 34.471, 35.303, 34.953, 34.363, 34.484, 34.72, 34.502, 34.213, 34.275, 34.534, 34.548, 34.142, 33.704, 33.024, 32.469, 32.438, 32.37, 31.553, 30.764, 30.528, 30.62, 30.592, 30.563, 30.749, 30.863, 30.673, 30.452, 30.299, 30.288, 30.426, 30.674, 31.278, 31.891, 31.786, 31.534, 31.858, 32.834, 33.56, 33.5, 33.145, 32.877, 32.604, 32.27, 32.266, 32.634, 33.423, 34.345, 34.734, 34.673, 34.392, 34.609, 34.757, 34.362, 33.898, 33.759, 33.814, 33.877, 33.939, 34.359, 35.159, 35.836, 36.694, 37.42, 37.314, 36.529, 35.232, 34.001, 33.723, 34.051, 34.47, 35.216, 36.388, 37.45, 38.088, 38.187, 38.204, 38.463, 38.882, 39.315, 40.196, 40.996, 41.03, 40.645, 40.882, 41.435, 40.985, 38.952, 37.189, 35.897, 35.12, 34.87, 34.136, 35.851, 39.42, 41.109, 41.265, 41.701, 42.213, 42.014, 41.273, 40.656, 40.336, 39.753, 38.996, 38.607, 38.64, 38.936, 39.012, 38.394, 37.665, 37.818, 39.125, 40.335, 40.519, 40.105, 39.874, 40.098, 40.609, 39.735, 36.807, 34.392, 33.98, 34.296, 34.593, 34.902, 35.825, 36.673, 36.769, 28.39], [28.066, 27.68, 27.433, 26.228, 25.453, 25.087, 22.409, 18.195, 15.679, 14.084, 9.988, 4.817, 0.0, 4.174, 10.007, 17.155, 22.201, 24.514, 25.153, 25.036, 25.336, 26.596, 27.595, 28.071, 28.299, 28.549, 29.104, 29.577, 29.658, 30.117, 31.407, 32.68, 33.557, 35.058, 37.102, 38.074, 38.112, 37.819, 36.848, 35.962, 35.35, 34.253, 33.585, 34.298, 34.997, 34.883, 34.318, 34.436, 35.11, 35.175, 34.673, 33.947, 33.209, 33.004, 33.083, 33.236, 33.451, 33.518, 33.408, 33.233, 32.938, 32.955, 33.306, 33.408, 33.723, 34.457, 34.475, 33.967, 34.696, 35.681, 34.647, 32.987, 33.231, 34.092, 33.804, 33.31, 33.561, 33.707, 33.371, 33.369, 33.541, 33.41, 33.378, 33.578, 34.005, 34.329, 34.152, 33.385, 32.843, 32.996, 33.257, 33.545, 34.146, 34.239, 33.614, 33.302, 33.833, 34.424, 34.669, 34.471, 34.254, 34.633, 35.479, 35.131, 34.56, 34.697, 34.943, 34.725, 34.419, 34.448, 34.677, 34.681, 34.275, 33.838, 33.156, 32.576, 32.506, 32.42, 31.589, 30.807, 30.584, 30.677, 30.665, 30.66, 30.857, 30.971, 30.776, 30.548, 30.389, 30.373, 30.507, 30.748, 31.343, 31.96, 31.871, 31.631, 31.962, 32.957, 33.696, 33.643, 33.306, 33.057, 32.781, 32.443, 32.437, 32.775, 33.525, 34.437, 34.822, 34.764, 34.497, 34.734, 34.905, 34.527, 34.057, 33.902, 33.946, 34.014, 34.091, 34.512, 35.315, 36.008, 36.865, 37.576, 37.47, 36.688, 35.377, 34.131, 33.85, 34.195, 34.618, 35.35, 36.506, 37.554, 38.175, 38.275, 38.299, 38.555, 38.971, 39.4, 40.291, 41.102, 41.134, 40.746, 40.994, 41.56, 41.115, 39.074, 37.291, 35.998, 35.238, 34.984, 34.206, 35.853, 39.401, 41.098, 41.26, 41.688, 42.192, 41.991, 41.246, 40.629, 40.311, 39.729, 38.981, 38.6, 38.637, 38.933, 39.013, 38.399, 37.679, 37.848, 39.159, 40.359, 40.527, 40.103, 39.871, 40.088, 40.589, 39.727, 36.826, 34.429, 34.037, 34.349, 34.641, 34.958, 35.89, 36.743, 36.848, 29.112], [28.601, 28.226, 27.98, 26.795, 26.053, 25.725, 23.171, 19.266, 17.059, 15.507, 11.682, 7.499, 4.174, 0.0, 7.25, 15.444, 20.867, 23.242, 23.937, 23.983, 24.508, 25.952, 27.041, 27.565, 27.855, 28.191, 28.826, 29.348, 29.45, 29.932, 31.26, 32.572, 33.476, 35.006, 37.066, 38.037, 38.09, 37.825, 36.885, 36.02, 35.426, 34.375, 33.778, 34.503, 35.18, 35.067, 34.506, 34.601, 35.237, 35.286, 34.79, 34.069, 33.329, 33.124, 33.2, 33.344, 33.564, 33.656, 33.556, 33.38, 33.087, 33.114, 33.474, 33.587, 33.911, 34.65, 34.667, 34.151, 34.856, 35.826, 34.814, 33.182, 33.415, 34.254, 33.975, 33.509, 33.782, 33.931, 33.594, 33.595, 33.773, 33.648, 33.613, 33.8, 34.209, 34.525, 34.355, 33.608, 33.071, 33.207, 33.435, 33.667, 34.246, 34.377, 33.808, 33.516, 34.027, 34.602, 34.83, 34.618, 34.404, 34.805, 35.654, 35.31, 34.757, 34.902, 35.144, 34.92, 34.598, 34.603, 34.807, 34.8, 34.388, 33.949, 33.279, 32.711, 32.633, 32.538, 31.705, 30.941, 30.758, 30.885, 30.887, 30.895, 31.104, 31.226, 31.04, 30.824, 30.681, 30.659, 30.752, 30.948, 31.502, 32.095, 32.011, 31.773, 32.077, 33.042, 33.78, 33.753, 33.444, 33.198, 32.924, 32.597, 32.599, 32.931, 33.66, 34.556, 34.934, 34.874, 34.62, 34.878, 35.06, 34.684, 34.216, 34.057, 34.092, 34.163, 34.255, 34.671, 35.458, 36.148, 37.008, 37.716, 37.61, 36.828, 35.523, 34.286, 34.02, 34.374, 34.797, 35.517, 36.65, 37.681, 38.296, 38.399, 38.426, 38.676, 39.079, 39.5, 40.386, 41.19, 41.217, 40.83, 41.078, 41.641, 41.202, 39.193, 37.444, 36.177, 35.428, 35.177, 34.403, 35.992, 39.462, 41.124, 41.287, 41.707, 42.202, 42.005, 41.273, 40.662, 40.343, 39.766, 39.025, 38.645, 38.679, 38.974, 39.056, 38.455, 37.754, 37.939, 39.249, 40.435, 40.596, 40.174, 39.944, 40.156, 40.645, 39.794, 36.938, 34.578, 34.194, 34.487, 34.767, 35.067, 35.957, 36.782, 36.882, 29.619], [29.686, 29.345, 29.122, 28.068, 27.483, 27.238, 24.956, 21.66, 20.017, 18.686, 15.083, 11.567, 10.007, 7.25, 0.0, 9.38, 16.063, 19.144, 20.146, 20.601, 21.805, 23.77, 25.049, 25.641, 26.008, 26.469, 27.254, 27.878, 28.0, 28.502, 29.92, 31.352, 32.335, 33.953, 36.114, 37.107, 37.212, 37.11, 36.335, 35.533, 34.992, 34.178, 33.917, 34.784, 35.468, 35.341, 34.751, 34.794, 35.376, 35.408, 34.951, 34.316, 33.667, 33.509, 33.582, 33.698, 33.927, 34.058, 33.974, 33.802, 33.531, 33.585, 33.954, 34.086, 34.425, 35.138, 35.093, 34.54, 35.217, 36.147, 35.156, 33.606, 33.855, 34.639, 34.361, 33.96, 34.271, 34.428, 34.11, 34.123, 34.285, 34.146, 34.107, 34.27, 34.632, 34.933, 34.79, 34.111, 33.637, 33.763, 33.947, 34.098, 34.595, 34.698, 34.135, 33.83, 34.3, 34.826, 35.004, 34.803, 34.621, 35.015, 35.854, 35.539, 35.02, 35.184, 35.438, 35.23, 34.916, 34.919, 35.133, 35.15, 34.757, 34.32, 33.689, 33.184, 33.109, 32.959, 32.104, 31.389, 31.299, 31.499, 31.507, 31.488, 31.68, 31.813, 31.655, 31.47, 31.349, 31.331, 31.399, 31.545, 32.021, 32.556, 32.472, 32.226, 32.458, 33.34, 34.039, 34.021, 33.741, 33.504, 33.243, 32.941, 32.971, 33.317, 34.047, 34.926, 35.296, 35.239, 35.007, 35.282, 35.465, 35.09, 34.65, 34.515, 34.538, 34.603, 34.715, 35.115, 35.852, 36.502, 37.337, 38.044, 37.955, 37.166, 35.836, 34.622, 34.421, 34.782, 35.172, 35.845, 36.903, 37.848, 38.404, 38.481, 38.48, 38.684, 39.041, 39.429, 40.278, 41.053, 41.08, 40.702, 40.935, 41.482, 41.049, 39.095, 37.416, 36.207, 35.485, 35.271, 34.635, 36.28, 39.618, 41.183, 41.36, 41.777, 42.244, 42.053, 41.349, 40.756, 40.449, 39.887, 39.16, 38.79, 38.83, 39.12, 39.191, 38.607, 37.964, 38.184, 39.485, 40.634, 40.763, 40.344, 40.126, 40.34, 40.809, 39.966, 37.196, 34.931, 34.587, 34.863, 35.117, 35.328, 36.062, 36.804, 36.884, 30.595], [32.029, 31.759, 31.586, 30.778, 30.398, 30.236, 28.404, 25.932, 24.799, 23.843, 21.089, 18.259, 17.155, 15.444, 9.38, 0.0, 7.995, 12.506, 14.493, 15.931, 18.379, 21.107, 22.599, 23.244, 23.718, 24.396, 25.429, 26.201, 26.342, 26.836, 28.292, 29.852, 30.933, 32.56, 34.763, 35.768, 35.935, 36.08, 35.594, 34.933, 34.494, 34.148, 34.593, 35.75, 36.44, 36.31, 35.721, 35.738, 36.246, 36.247, 35.866, 35.401, 34.929, 34.846, 34.911, 34.986, 35.205, 35.368, 35.302, 35.139, 34.915, 34.992, 35.347, 35.492, 35.823, 36.449, 36.309, 35.74, 36.392, 37.261, 36.331, 34.927, 35.191, 35.878, 35.602, 35.284, 35.608, 35.772, 35.495, 35.509, 35.636, 35.498, 35.471, 35.594, 35.862, 36.125, 36.037, 35.499, 35.143, 35.246, 35.373, 35.464, 35.862, 35.895, 35.304, 34.947, 35.345, 35.807, 35.929, 35.773, 35.653, 35.985, 36.752, 36.491, 36.041, 36.223, 36.485, 36.309, 36.038, 36.064, 36.303, 36.37, 36.04, 35.635, 35.078, 34.674, 34.596, 34.349, 33.475, 32.846, 32.856, 33.129, 33.155, 33.086, 33.211, 33.316, 33.193, 33.066, 32.968, 32.936, 32.99, 33.1, 33.465, 33.909, 33.846, 33.606, 33.707, 34.408, 35.009, 34.969, 34.731, 34.567, 34.366, 34.117, 34.214, 34.57, 35.22, 36.015, 36.353, 36.303, 36.125, 36.416, 36.601, 36.25, 35.869, 35.778, 35.782, 35.829, 35.976, 36.365, 37.011, 37.557, 38.284, 38.939, 38.899, 38.173, 36.87, 35.684, 35.508, 35.834, 36.159, 36.731, 37.623, 38.369, 38.768, 38.771, 38.702, 38.816, 39.128, 39.475, 40.238, 40.928, 40.932, 40.56, 40.752, 41.253, 40.845, 39.028, 37.525, 36.483, 35.854, 35.709, 35.292, 36.996, 40.098, 41.495, 41.695, 42.105, 42.53, 42.354, 41.705, 41.163, 40.91, 40.412, 39.735, 39.396, 39.447, 39.726, 39.779, 39.233, 38.685, 38.957, 40.205, 41.267, 41.358, 40.963, 40.772, 40.984, 41.41, 40.571, 37.954, 35.956, 35.754, 36.016, 36.211, 36.297, 36.81, 37.433, 37.488, 32.721], [34.357, 34.131, 33.979, 33.35, 33.089, 32.981, 31.502, 29.558, 28.668, 27.907, 25.722, 23.325, 22.201, 20.867, 16.063, 7.995, 0.0, 5.758, 9.513, 12.774, 16.583, 19.79, 21.325, 21.98, 22.624, 23.608, 24.903, 25.788, 25.936, 26.425, 27.88, 29.5, 30.634, 32.163, 34.246, 35.197, 35.378, 35.666, 35.416, 34.923, 34.575, 34.572, 35.592, 36.952, 37.599, 37.483, 36.946, 36.951, 37.37, 37.349, 37.054, 36.731, 36.412, 36.405, 36.473, 36.518, 36.724, 36.899, 36.837, 36.677, 36.482, 36.55, 36.869, 37.009, 37.315, 37.864, 37.674, 37.102, 37.675, 38.471, 37.666, 36.452, 36.708, 37.313, 37.061, 36.79, 37.088, 37.255, 37.018, 37.023, 37.12, 36.993, 36.971, 37.067, 37.268, 37.496, 37.461, 37.043, 36.756, 36.804, 36.854, 36.865, 37.186, 37.228, 36.715, 36.383, 36.719, 37.132, 37.246, 37.152, 37.073, 37.328, 37.996, 37.776, 37.381, 37.546, 37.779, 37.614, 37.375, 37.405, 37.641, 37.736, 37.462, 37.093, 36.606, 36.289, 36.207, 35.897, 35.031, 34.458, 34.513, 34.828, 34.894, 34.814, 34.879, 34.941, 34.85, 34.792, 34.73, 34.685, 34.716, 34.813, 35.12, 35.494, 35.444, 35.214, 35.214, 35.737, 36.234, 36.173, 35.985, 35.909, 35.771, 35.593, 35.767, 36.112, 36.637, 37.314, 37.608, 37.557, 37.419, 37.708, 37.89, 37.578, 37.263, 37.213, 37.209, 37.248, 37.429, 37.82, 38.391, 38.829, 39.43, 40.015, 40.019, 39.396, 38.18, 37.023, 36.819, 37.097, 37.352, 37.813, 38.545, 39.118, 39.387, 39.332, 39.2, 39.232, 39.507, 39.818, 40.484, 41.064, 41.028, 40.663, 40.804, 41.237, 40.86, 39.227, 37.961, 37.131, 36.606, 36.488, 36.237, 37.933, 40.732, 41.916, 42.114, 42.512, 42.896, 42.741, 42.155, 41.67, 41.469, 41.05, 40.46, 40.162, 40.207, 40.462, 40.505, 39.998, 39.527, 39.837, 41.017, 41.981, 42.053, 41.704, 41.533, 41.74, 42.134, 41.307, 38.855, 37.171, 37.133, 37.386, 37.538, 37.565, 37.927, 38.443, 38.482, 34.893], [35.48, 35.264, 35.119, 34.57, 34.365, 34.298, 32.996, 31.275, 30.498, 29.816, 27.837, 25.646, 24.514, 23.242, 19.144, 12.506, 5.758, 0.0, 5.281, 10.64, 15.754, 19.228, 20.678, 21.29, 22.091, 23.346, 24.845, 25.802, 25.92, 26.391, 27.871, 29.53, 30.687, 32.168, 34.149, 35.031, 35.211, 35.57, 35.433, 35.032, 34.736, 34.817, 36.004, 37.439, 38.072, 37.967, 37.456, 37.435, 37.784, 37.752, 37.498, 37.232, 36.99, 37.045, 37.127, 37.163, 37.37, 37.558, 37.505, 37.351, 37.158, 37.216, 37.525, 37.666, 37.953, 38.453, 38.235, 37.66, 38.197, 38.969, 38.247, 37.135, 37.381, 37.962, 37.736, 37.47, 37.735, 37.893, 37.673, 37.675, 37.764, 37.64, 37.611, 37.689, 37.865, 38.084, 38.072, 37.706, 37.445, 37.47, 37.477, 37.424, 37.696, 37.753, 37.31, 37.028, 37.34, 37.727, 37.852, 37.799, 37.74, 37.956, 38.57, 38.359, 37.981, 38.132, 38.34, 38.167, 37.93, 37.945, 38.159, 38.257, 38.002, 37.647, 37.194, 36.914, 36.829, 36.498, 35.637, 35.092, 35.176, 35.511, 35.599, 35.522, 35.56, 35.6, 35.526, 35.51, 35.486, 35.45, 35.468, 35.566, 35.879, 36.241, 36.182, 35.954, 35.93, 36.383, 36.831, 36.764, 36.61, 36.57, 36.45, 36.323, 36.536, 36.843, 37.295, 37.918, 38.192, 38.133, 37.99, 38.26, 38.437, 38.151, 37.868, 37.838, 37.842, 37.886, 38.086, 38.48, 39.021, 39.407, 39.951, 40.496, 40.5, 39.912, 38.759, 37.639, 37.428, 37.693, 37.917, 38.323, 38.978, 39.485, 39.722, 39.664, 39.524, 39.53, 39.785, 40.074, 40.69, 41.211, 41.15, 40.795, 40.915, 41.315, 40.955, 39.412, 38.268, 37.546, 37.07, 36.95, 36.769, 38.445, 41.053, 42.086, 42.266, 42.652, 43.01, 42.867, 42.325, 41.875, 41.69, 41.312, 40.787, 40.518, 40.56, 40.805, 40.842, 40.343, 39.899, 40.229, 41.374, 42.284, 42.352, 42.03, 41.868, 42.083, 42.475, 41.668, 39.297, 37.75, 37.778, 38.035, 38.179, 38.193, 38.49, 38.948, 38.983, 35.97], [35.513, 35.298, 35.166, 34.645, 34.468, 34.428, 33.179, 31.533, 30.822, 30.201, 28.304, 26.215, 25.153, 23.937, 20.146, 14.493, 9.513, 5.281, 0.0, 6.841, 13.512, 17.679, 19.194, 19.745, 20.64, 22.108, 23.797, 24.865, 25.008, 25.516, 27.078, 28.807, 30.028, 31.591, 33.612, 34.486, 34.686, 35.09, 34.975, 34.59, 34.324, 34.419, 35.62, 37.104, 37.752, 37.644, 37.14, 37.137, 37.486, 37.445, 37.177, 36.884, 36.615, 36.667, 36.752, 36.789, 37.004, 37.207, 37.167, 37.021, 36.83, 36.912, 37.246, 37.397, 37.683, 38.169, 37.931, 37.348, 37.929, 38.747, 38.028, 36.891, 37.129, 37.728, 37.501, 37.227, 37.485, 37.636, 37.408, 37.409, 37.505, 37.382, 37.347, 37.415, 37.589, 37.809, 37.785, 37.401, 37.14, 37.179, 37.2, 37.159, 37.426, 37.461, 36.996, 36.707, 37.018, 37.399, 37.517, 37.467, 37.416, 37.654, 38.28, 38.046, 37.658, 37.821, 38.025, 37.847, 37.608, 37.613, 37.818, 37.919, 37.665, 37.307, 36.851, 36.566, 36.474, 36.142, 35.278, 34.741, 34.837, 35.17, 35.242, 35.15, 35.183, 35.228, 35.161, 35.157, 35.148, 35.111, 35.123, 35.231, 35.578, 35.967, 35.909, 35.682, 35.668, 36.125, 36.574, 36.508, 36.349, 36.298, 36.16, 36.036, 36.258, 36.558, 37.018, 37.654, 37.937, 37.875, 37.697, 37.937, 38.107, 37.82, 37.53, 37.498, 37.511, 37.566, 37.768, 38.155, 38.687, 39.076, 39.629, 40.17, 40.16, 39.569, 38.451, 37.367, 37.178, 37.452, 37.684, 38.1, 38.76, 39.278, 39.531, 39.478, 39.35, 39.372, 39.627, 39.908, 40.531, 41.062, 40.996, 40.623, 40.73, 41.131, 40.781, 39.26, 38.129, 37.385, 36.887, 36.786, 36.618, 38.253, 40.852, 41.875, 42.046, 42.433, 42.791, 42.643, 42.097, 41.644, 41.458, 41.079, 40.554, 40.285, 40.333, 40.586, 40.618, 40.102, 39.648, 39.991, 41.152, 42.061, 42.118, 41.786, 41.625, 41.855, 42.266, 41.46, 39.08, 37.508, 37.53, 37.803, 37.958, 37.97, 38.263, 38.72, 38.758, 36.023], [35.021, 34.803, 34.695, 34.194, 34.051, 34.033, 32.76, 31.098, 30.429, 29.875, 28.039, 26.017, 25.036, 23.983, 20.601, 15.931, 12.774, 10.64, 6.841, 0.0, 7.996, 13.559, 15.62, 16.221, 17.281, 19.154, 21.223, 22.538, 22.881, 23.653, 25.484, 27.408, 28.8, 30.587, 32.811, 33.77, 33.997, 34.399, 34.224, 33.788, 33.526, 33.626, 34.826, 36.352, 37.015, 36.9, 36.422, 36.53, 37.005, 36.997, 36.682, 36.306, 35.907, 35.856, 35.922, 35.974, 36.181, 36.353, 36.296, 36.146, 35.952, 36.054, 36.41, 36.559, 36.86, 37.383, 37.174, 36.594, 37.236, 38.113, 37.34, 36.108, 36.358, 37.016, 36.763, 36.465, 36.741, 36.899, 36.646, 36.642, 36.746, 36.613, 36.579, 36.666, 36.868, 37.098, 37.047, 36.594, 36.29, 36.349, 36.411, 36.455, 36.789, 36.821, 36.295, 35.963, 36.283, 36.682, 36.796, 36.723, 36.66, 36.952, 37.635, 37.361, 36.939, 37.119, 37.33, 37.152, 36.921, 36.937, 37.159, 37.277, 37.033, 36.673, 36.172, 35.833, 35.756, 35.477, 34.602, 33.989, 34.004, 34.275, 34.301, 34.186, 34.241, 34.321, 34.256, 34.235, 34.201, 34.15, 34.187, 34.343, 34.738, 35.165, 35.111, 34.878, 34.881, 35.38, 35.852, 35.768, 35.559, 35.476, 35.31, 35.129, 35.33, 35.669, 36.191, 36.87, 37.174, 37.121, 36.916, 37.134, 37.292, 36.984, 36.664, 36.614, 36.636, 36.704, 36.893, 37.279, 37.844, 38.298, 38.903, 39.458, 39.451, 38.887, 37.81, 36.755, 36.59, 36.881, 37.143, 37.625, 38.366, 38.957, 39.243, 39.19, 39.081, 39.138, 39.398, 39.678, 40.348, 40.944, 40.886, 40.461, 40.547, 40.974, 40.626, 39.058, 37.834, 36.954, 36.376, 36.315, 36.103, 37.62, 40.37, 41.56, 41.75, 42.152, 42.539, 42.375, 41.772, 41.271, 41.067, 40.651, 40.064, 39.755, 39.801, 40.063, 40.089, 39.548, 39.057, 39.386, 40.59, 41.547, 41.595, 41.23, 41.062, 41.293, 41.729, 40.922, 38.464, 36.755, 36.73, 37.021, 37.195, 37.226, 37.584, 38.101, 38.145, 35.575], [34.715, 34.493, 34.429, 33.995, 33.913, 33.927, 32.655, 31.0, 30.355, 29.859, 28.132, 26.235, 25.336, 24.508, 21.805, 18.379, 16.583, 15.754, 13.512, 7.996, 0.0, 6.952, 10.133, 11.213, 12.758, 15.535, 18.347, 20.074, 20.782, 22.031, 24.294, 26.519, 28.141, 30.157, 32.584, 33.651, 33.905, 34.278, 34.017, 33.52, 33.244, 33.287, 34.39, 35.874, 36.535, 36.418, 35.967, 36.17, 36.764, 36.798, 36.445, 35.993, 35.482, 35.335, 35.389, 35.46, 35.637, 35.747, 35.665, 35.523, 35.334, 35.431, 35.781, 35.91, 36.217, 36.79, 36.648, 36.099, 36.78, 37.689, 36.869, 35.566, 35.832, 36.559, 36.292, 35.953, 36.238, 36.405, 36.137, 36.129, 36.237, 36.094, 36.064, 36.185, 36.421, 36.652, 36.577, 36.062, 35.699, 35.765, 35.869, 36.003, 36.413, 36.46, 35.903, 35.548, 35.872, 36.292, 36.431, 36.36, 36.281, 36.599, 37.323, 37.039, 36.606, 36.804, 37.027, 36.847, 36.635, 36.684, 36.933, 37.065, 36.833, 36.472, 35.904, 35.5, 35.471, 35.294, 34.418, 33.679, 33.551, 33.718, 33.693, 33.57, 33.645, 33.744, 33.665, 33.599, 33.511, 33.462, 33.577, 33.804, 34.224, 34.661, 34.613, 34.393, 34.434, 34.981, 35.463, 35.342, 35.065, 34.938, 34.748, 34.499, 34.654, 35.024, 35.592, 36.3, 36.619, 36.576, 36.352, 36.542, 36.675, 36.343, 36.001, 35.938, 35.96, 36.019, 36.168, 36.543, 37.142, 37.659, 38.303, 38.852, 38.854, 38.347, 37.339, 36.35, 36.234, 36.535, 36.811, 37.352, 38.186, 38.854, 39.162, 39.107, 39.005, 39.072, 39.329, 39.608, 40.3, 40.953, 40.925, 40.463, 40.526, 40.976, 40.62, 38.975, 37.643, 36.648, 36.011, 35.964, 35.691, 37.131, 40.079, 41.497, 41.721, 42.132, 42.55, 42.371, 41.701, 41.144, 40.915, 40.455, 39.798, 39.444, 39.477, 39.733, 39.753, 39.205, 38.681, 38.953, 40.141, 41.134, 41.193, 40.813, 40.652, 40.864, 41.298, 40.52, 38.032, 36.202, 36.086, 36.359, 36.549, 36.619, 37.08, 37.681, 37.737, 35.287], [35.033, 34.815, 34.786, 34.439, 34.414, 34.463, 33.286, 31.757, 31.159, 30.701, 29.118, 27.392, 26.596, 25.952, 23.77, 21.107, 19.79, 19.228, 17.679, 13.559, 6.952, 0.0, 4.299, 6.645, 9.327, 13.32, 16.916, 19.017, 20.029, 21.644, 24.198, 26.61, 28.372, 30.489, 32.971, 34.074, 34.34, 34.701, 34.423, 33.929, 33.648, 33.636, 34.645, 36.054, 36.693, 36.587, 36.156, 36.363, 36.946, 36.974, 36.612, 36.147, 35.632, 35.488, 35.549, 35.62, 35.767, 35.847, 35.764, 35.645, 35.47, 35.554, 35.88, 35.991, 36.279, 36.846, 36.738, 36.236, 36.954, 37.868, 37.054, 35.76, 36.031, 36.787, 36.534, 36.164, 36.43, 36.596, 36.337, 36.33, 36.442, 36.306, 36.279, 36.411, 36.654, 36.869, 36.784, 36.268, 35.891, 35.953, 36.092, 36.26, 36.659, 36.703, 36.173, 35.842, 36.158, 36.577, 36.75, 36.688, 36.583, 36.888, 37.604, 37.332, 36.929, 37.146, 37.365, 37.175, 36.975, 37.046, 37.305, 37.439, 37.221, 36.864, 36.274, 35.854, 35.863, 35.755, 34.911, 34.127, 33.922, 34.025, 33.982, 33.868, 33.947, 34.039, 33.949, 33.856, 33.735, 33.704, 33.885, 34.145, 34.541, 34.955, 34.912, 34.725, 34.797, 35.328, 35.766, 35.619, 35.314, 35.16, 34.957, 34.694, 34.822, 35.184, 35.738, 36.434, 36.754, 36.71, 36.475, 36.641, 36.752, 36.421, 36.094, 36.039, 36.053, 36.08, 36.178, 36.52, 37.102, 37.608, 38.233, 38.766, 38.771, 38.301, 37.368, 36.465, 36.397, 36.689, 36.947, 37.484, 38.328, 39.008, 39.31, 39.253, 39.138, 39.182, 39.431, 39.697, 40.356, 41.008, 41.003, 40.534, 40.572, 41.02, 40.664, 39.012, 37.714, 36.762, 36.137, 36.079, 35.819, 37.277, 40.278, 41.767, 42.007, 42.414, 42.833, 42.647, 41.962, 41.396, 41.164, 40.694, 40.016, 39.647, 39.666, 39.911, 39.932, 39.398, 38.869, 39.095, 40.22, 41.187, 41.264, 40.904, 40.749, 40.933, 41.327, 40.57, 38.137, 36.336, 36.168, 36.397, 36.585, 36.672, 37.169, 37.796, 37.854, 35.57], [35.463, 35.254, 35.239, 34.936, 34.932, 34.994, 33.882, 32.442, 31.901, 31.479, 29.972, 28.33, 27.595, 27.041, 25.049, 22.599, 21.325, 20.678, 19.194, 15.62, 10.133, 4.299, 0.0, 3.56, 7.697,