[[0.0, 5.196, 10.521, 15.426, 19.374, 22.631, 25.131, 26.826, 27.852, 28.288, 28.456, 29.004, 30.018, 31.012, 31.759, 32.34, 32.854, 33.34, 33.701, 33.853, 33.889, 34.031, 34.432, 34.953, 35.359, 35.674, 36.017, 36.373, 36.555, 36.839, 37.615, 38.449, 38.952, 39.253, 40.102, 41.357, 41.939, 41.586, 40.826, 40.414, 40.399, 40.618, 41.028, 41.542, 41.906, 41.888, 41.532, 40.979, 40.387, 40.038, 40.075, 40.38, 40.619, 40.599, 40.488, 40.399, 40.171, 39.683, 39.128, 38.883, 39.106, 39.373, 39.105, 38.206, 37.343, 37.086, 37.091, 36.922, 36.596, 36.48, 36.658, 37.051, 37.492, 37.707, 37.736, 37.701, 37.626, 37.572, 37.753, 38.082, 38.332, 38.62, 39.019, 39.377, 39.46, 39.193, 38.768, 38.325, 37.947, 37.719, 37.671, 37.817, 38.089, 38.129, 38.394, 39.764, 41.831, 43.572, 44.551, 45.111, 45.733, 46.647, 47.644, 48.31, 48.659, 48.712, 48.851, 49.132, 48.926, 48.203, 47.698, 47.681, 47.79, 47.602, 47.303, 47.268, 47.317, 46.932, 46.168, 45.431, 44.634, 43.326, 41.697, 40.405, 39.776, 39.822, 39.74, 39.112, 38.36, 37.753, 37.379, 37.274, 37.291, 37.409, 37.42, 37.205, 36.801, 36.372, 36.091, 36.015, 36.128, 36.342, 36.486, 36.513, 36.543, 36.612, 36.592, 36.482, 36.528, 36.695, 36.767, 36.755, 36.768, 36.91, 37.16, 37.477, 37.811, 4.323], [5.196, 0.0, 6.04, 11.782, 16.334, 19.961, 22.668, 24.502, 25.627, 26.126, 26.351, 27.012, 28.178, 29.301, 30.137, 30.787, 31.362, 31.9, 32.294, 32.453, 32.485, 32.64, 33.092, 33.675, 34.12, 34.459, 34.836, 35.243, 35.461, 35.794, 36.659, 37.57, 38.115, 38.455, 39.409, 40.775, 41.401, 41.033, 40.226, 39.767, 39.719, 39.93, 40.365, 40.925, 41.32, 41.287, 40.883, 40.281, 39.649, 39.279, 39.325, 39.657, 39.91, 39.884, 39.764, 39.675, 39.437, 38.913, 38.314, 38.049, 38.292, 38.585, 38.312, 37.364, 36.447, 36.159, 36.14, 35.949, 35.614, 35.522, 35.729, 36.136, 36.574, 36.771, 36.787, 36.755, 36.691, 36.649, 36.846, 37.189, 37.453, 37.769, 38.21, 38.602, 38.695, 38.408, 37.946, 37.461, 37.053, 36.812, 36.771, 36.938, 37.232, 37.272, 37.568, 39.076, 41.307, 43.167, 44.211, 44.807, 45.463, 46.415, 47.452, 48.159, 48.55, 48.622, 48.773, 49.066, 48.846, 48.095, 47.574, 47.557, 47.666, 47.465, 47.151, 47.114, 47.165, 46.756, 45.951, 45.178, 44.346, 42.975, 41.253, 39.878, 39.205, 39.251, 39.171, 38.503, 37.665, 36.971, 36.553, 36.437, 36.455, 36.584, 36.596, 36.355, 35.897, 35.401, 35.065, 34.967, 35.095, 35.328, 35.466, 35.477, 35.529, 35.643, 35.644, 35.525, 35.581, 35.787, 35.89, 35.881, 35.889, 36.043, 36.312, 36.649, 37.025, 8.349], [10.521, 6.04, 0.0, 6.335, 11.841, 16.371, 19.577, 21.623, 22.866, 23.499, 23.934, 24.907, 26.387, 27.731, 28.714, 29.477, 30.144, 30.749, 31.185, 31.36, 31.395, 31.572, 32.074, 32.704, 33.168, 33.522, 33.934, 34.383, 34.621, 34.996, 35.964, 36.973, 37.558, 37.908, 38.917, 40.365, 41.046, 40.695, 39.881, 39.397, 39.317, 39.514, 39.966, 40.557, 40.97, 40.924, 40.487, 39.862, 39.223, 38.858, 38.921, 39.279, 39.55, 39.534, 39.42, 39.334, 39.081, 38.516, 37.875, 37.6, 37.865, 38.179, 37.906, 36.945, 36.017, 35.718, 35.689, 35.507, 35.206, 35.144, 35.357, 35.745, 36.152, 36.319, 36.322, 36.299, 36.254, 36.227, 36.429, 36.773, 37.042, 37.374, 37.84, 38.255, 38.359, 38.066, 37.579, 37.058, 36.626, 36.392, 36.376, 36.57, 36.876, 36.908, 37.21, 38.758, 41.037, 42.931, 43.989, 44.591, 45.251, 46.208, 47.256, 47.985, 48.408, 48.501, 48.664, 48.957, 48.719, 47.957, 47.437, 47.423, 47.531, 47.329, 47.02, 46.997, 47.055, 46.638, 45.814, 45.025, 44.184, 42.802, 41.064, 39.675, 38.997, 39.05, 38.974, 38.289, 37.426, 36.716, 36.294, 36.183, 36.209, 36.346, 36.355, 36.098, 35.606, 35.062, 34.678, 34.557, 34.69, 34.927, 35.038, 35.01, 35.057, 35.192, 35.204, 35.079, 35.137, 35.364, 35.48, 35.475, 35.492, 35.661, 35.932, 36.264, 36.661, 12.757], [15.426, 11.782, 6.335, 0.0, 6.425, 12.204, 16.255, 18.721, 20.156, 20.962, 21.714, 23.167, 25.082, 26.701, 27.845, 28.718, 29.467, 30.129, 30.602, 30.798, 30.849, 31.05, 31.587, 32.238, 32.703, 33.062, 33.5, 33.985, 34.232, 34.618, 35.648, 36.728, 37.34, 37.689, 38.711, 40.203, 40.937, 40.617, 39.814, 39.314, 39.213, 39.405, 39.869, 40.472, 40.888, 40.828, 40.37, 39.74, 39.113, 38.763, 38.84, 39.21, 39.499, 39.504, 39.405, 39.321, 39.053, 38.459, 37.796, 37.518, 37.793, 38.111, 37.84, 36.892, 35.987, 35.696, 35.666, 35.505, 35.246, 35.218, 35.441, 35.819, 36.196, 36.335, 36.331, 36.319, 36.294, 36.28, 36.482, 36.824, 37.096, 37.433, 37.903, 38.326, 38.444, 38.165, 37.67, 37.123, 36.667, 36.431, 36.426, 36.628, 36.931, 36.953, 37.252, 38.782, 41.035, 42.911, 43.957, 44.547, 45.194, 46.138, 47.183, 47.924, 48.368, 48.475, 48.652, 48.95, 48.7, 47.933, 47.42, 47.411, 47.524, 47.325, 47.022, 47.007, 47.072, 46.652, 45.819, 45.021, 44.184, 42.826, 41.126, 39.772, 39.104, 39.147, 39.07, 38.395, 37.542, 36.843, 36.429, 36.334, 36.383, 36.536, 36.549, 36.293, 35.796, 35.235, 34.83, 34.694, 34.827, 35.062, 35.144, 35.073, 35.095, 35.227, 35.244, 35.117, 35.173, 35.404, 35.528, 35.544, 35.593, 35.777, 36.036, 36.349, 36.753, 17.015], [19.374, 16.334, 11.841, 6.425, 0.0, 6.68, 11.864, 15.219, 17.125, 18.18, 19.306, 21.347, 23.772, 25.692, 26.998, 27.965, 28.772, 29.474, 29.977, 30.196, 30.264, 30.491, 31.062, 31.742, 32.224, 32.602, 33.077, 33.61, 33.875, 34.253, 35.297, 36.413, 37.056, 37.413, 38.444, 39.963, 40.728, 40.421, 39.61, 39.09, 38.975, 39.176, 39.665, 40.286, 40.705, 40.627, 40.143, 39.503, 38.878, 38.536, 38.619, 38.993, 39.288, 39.304, 39.219, 39.144, 38.869, 38.258, 37.591, 37.315, 37.589, 37.904, 37.63, 36.688, 35.793, 35.499, 35.454, 35.295, 35.068, 35.079, 35.334, 35.731, 36.105, 36.229, 36.221, 36.217, 36.202, 36.199, 36.412, 36.766, 37.047, 37.383, 37.846, 38.271, 38.411, 38.16, 37.669, 37.098, 36.614, 36.35, 36.318, 36.493, 36.777, 36.792, 37.101, 38.656, 40.94, 42.845, 43.908, 44.507, 45.156, 46.104, 47.162, 47.928, 48.397, 48.518, 48.713, 49.028, 48.772, 47.995, 47.482, 47.483, 47.605, 47.407, 47.092, 47.068, 47.131, 46.7, 45.843, 45.021, 44.17, 42.805, 41.111, 39.77, 39.098, 39.121, 39.041, 38.371, 37.485, 36.738, 36.31, 36.233, 36.31, 36.487, 36.512, 36.257, 35.755, 35.181, 34.758, 34.612, 34.751, 34.994, 35.065, 34.963, 34.962, 35.092, 35.118, 34.999, 35.06, 35.301, 35.451, 35.511, 35.608, 35.81, 36.059, 36.367, 36.792, 20.565], [22.631, 19.961, 16.371, 12.204, 6.68, 0.0, 6.158, 10.746, 13.535, 15.156, 16.867, 19.578, 22.508, 24.718, 26.185, 27.245, 28.106, 28.841, 29.373, 29.612, 29.693, 29.937, 30.542, 31.274, 31.814, 32.242, 32.768, 33.351, 33.627, 33.974, 34.989, 36.112, 36.786, 37.163, 38.216, 39.76, 40.544, 40.232, 39.397, 38.852, 38.72, 38.924, 39.435, 40.08, 40.509, 40.413, 39.9, 39.245, 38.622, 38.29, 38.379, 38.75, 39.039, 39.051, 38.972, 38.913, 38.652, 38.051, 37.397, 37.122, 37.391, 37.708, 37.436, 36.494, 35.6, 35.292, 35.215, 35.038, 34.829, 34.884, 35.175, 35.59, 35.957, 36.063, 36.05, 36.053, 36.044, 36.052, 36.284, 36.655, 36.942, 37.27, 37.723, 38.149, 38.315, 38.098, 37.616, 37.026, 36.512, 36.214, 36.148, 36.297, 36.566, 36.568, 36.88, 38.49, 40.855, 42.824, 43.925, 44.545, 45.212, 46.18, 47.263, 48.06, 48.56, 48.697, 48.907, 49.238, 48.978, 48.189, 47.674, 47.682, 47.812, 47.604, 47.263, 47.22, 47.275, 46.831, 45.949, 45.103, 44.231, 42.837, 41.112, 39.751, 39.066, 39.077, 39.002, 38.332, 37.387, 36.548, 36.075, 36.002, 36.095, 36.287, 36.317, 36.061, 35.552, 34.966, 34.525, 34.367, 34.511, 34.766, 34.839, 34.724, 34.712, 34.846, 34.889, 34.787, 34.862, 35.122, 35.302, 35.402, 35.538, 35.755, 36.0, 36.31, 36.761, 23.654], [25.131, 22.668, 19.577, 16.255, 11.864, 6.158, 0.0, 5.471, 9.383, 12.109, 14.864, 18.319, 21.641, 24.06, 25.655, 26.798, 27.716, 28.495, 29.066, 29.332, 29.425, 29.673, 30.294, 31.077, 31.69, 32.181, 32.749, 33.356, 33.626, 33.932, 34.903, 36.011, 36.697, 37.089, 38.173, 39.755, 40.57, 40.265, 39.419, 38.864, 38.718, 38.909, 39.417, 40.069, 40.503, 40.4, 39.876, 39.217, 38.613, 38.306, 38.405, 38.769, 39.046, 39.048, 38.966, 38.919, 38.686, 38.116, 37.482, 37.207, 37.469, 37.791, 37.533, 36.612, 35.741, 35.433, 35.329, 35.134, 34.94, 35.034, 35.352, 35.758, 36.087, 36.157, 36.137, 36.151, 36.153, 36.166, 36.399, 36.767, 37.045, 37.361, 37.801, 38.221, 38.394, 38.199, 37.734, 37.142, 36.615, 36.303, 36.232, 36.389, 36.66, 36.649, 36.936, 38.548, 40.936, 42.923, 44.034, 44.662, 45.339, 46.315, 47.403, 48.209, 48.725, 48.88, 49.106, 49.448, 49.186, 48.388, 47.872, 47.888, 48.021, 47.803, 47.445, 47.391, 47.443, 47.003, 46.124, 45.28, 44.415, 43.024, 41.292, 39.923, 39.227, 39.221, 39.149, 38.494, 37.534, 36.643, 36.12, 36.031, 36.131, 36.325, 36.354, 36.1, 35.599, 35.021, 34.574, 34.401, 34.531, 34.786, 34.871, 34.763, 34.744, 34.867, 34.911, 34.818, 34.905, 35.178, 35.37, 35.481, 35.63, 35.852, 36.093, 36.393, 36.84, 26.11], [26.826, 24.502, 21.623, 18.721, 15.219, 10.746, 5.471, 0.0, 4.769, 8.931, 13.152, 17.468, 21.135, 23.703, 25.392, 26.605, 27.583, 28.421, 29.046, 29.357, 29.475, 29.724, 30.34, 31.144, 31.808, 32.346, 32.932, 33.531, 33.776, 34.036, 34.952, 36.027, 36.706, 37.107, 38.219, 39.841, 40.705, 40.437, 39.617, 39.078, 38.931, 39.115, 39.611, 40.255, 40.689, 40.588, 40.066, 39.414, 38.832, 38.553, 38.66, 39.011, 39.274, 39.267, 39.18, 39.134, 38.923, 38.385, 37.773, 37.503, 37.758, 38.077, 37.835, 36.958, 36.143, 35.861, 35.75, 35.552, 35.388, 35.518, 35.848, 36.229, 36.51, 36.547, 36.523, 36.552, 36.567, 36.576, 36.792, 37.142, 37.406, 37.705, 38.125, 38.527, 38.696, 38.516, 38.074, 37.499, 36.982, 36.684, 36.644, 36.836, 37.117, 37.09, 37.329, 38.865, 41.182, 43.115, 44.197, 44.814, 45.484, 46.445, 47.509, 48.289, 48.796, 48.967, 49.208, 49.552, 49.285, 48.487, 47.981, 48.006, 48.144, 47.926, 47.57, 47.519, 47.575, 47.152, 46.296, 45.471, 44.626, 43.275, 41.59, 40.256, 39.567, 39.541, 39.466, 38.846, 37.925, 37.047, 36.509, 36.408, 36.506, 36.693, 36.719, 36.474, 35.993, 35.439, 35.009, 34.831, 34.939, 35.184, 35.286, 35.194, 35.166, 35.263, 35.291, 35.201, 35.292, 35.561, 35.743, 35.839, 35.979, 36.195, 36.424, 36.701, 37.115, 27.78], [27.852, 25.627, 22.866, 20.156, 17.125, 13.535, 9.383, 4.769, 0.0, 5.168, 10.796, 16.146, 20.335, 23.134, 24.936, 26.228, 27.284, 28.202, 28.9, 29.268, 29.425, 29.694, 30.318, 31.136, 31.83, 32.395, 32.989, 33.571, 33.78, 33.983, 34.832, 35.869, 36.547, 36.969, 38.116, 39.779, 40.696, 40.479, 39.696, 39.168, 39.012, 39.194, 39.695, 40.345, 40.785, 40.682, 40.148, 39.482, 38.899, 38.629, 38.735, 39.071, 39.318, 39.301, 39.208, 39.164, 38.965, 38.45, 37.856, 37.598, 37.85, 38.166, 37.944, 37.124, 36.37, 36.116, 36.007, 35.814, 35.679, 35.838, 36.177, 36.542, 36.794, 36.814, 36.792, 36.831, 36.85, 36.856, 37.063, 37.408, 37.668, 37.956, 38.358, 38.745, 38.909, 38.741, 38.318, 37.76, 37.259, 36.982, 36.976, 37.196, 37.477, 37.434, 37.643, 39.123, 41.382, 43.273, 44.333, 44.941, 45.603, 46.55, 47.591, 48.347, 48.847, 49.029, 49.277, 49.615, 49.341, 48.549, 48.055, 48.086, 48.225, 48.014, 47.666, 47.618, 47.676, 47.262, 46.421, 45.6, 44.76, 43.433, 41.786, 40.479, 39.795, 39.758, 39.686, 39.091, 38.202, 37.347, 36.825, 36.73, 36.821, 36.995, 37.015, 36.772, 36.303, 35.772, 35.368, 35.198, 35.293, 35.532, 35.65, 35.57, 35.527, 35.599, 35.614, 35.521, 35.604, 35.862, 36.035, 36.121, 36.254, 36.46, 36.677, 36.935, 37.322, 28.765], [28.288, 26.126, 23.499, 20.962, 18.18, 15.156, 12.109, 8.931, 5.168, 0.0, 6.491, 12.959, 17.992, 21.282, 23.344, 24.805, 26.018, 27.084, 27.89, 28.324, 28.531, 28.864, 29.572, 30.472, 31.225, 31.826, 32.441, 33.025, 33.2, 33.347, 34.153, 35.178, 35.882, 36.36, 37.601, 39.351, 40.326, 40.151, 39.379, 38.83, 38.64, 38.809, 39.336, 40.032, 40.506, 40.402, 39.833, 39.108, 38.467, 38.156, 38.239, 38.559, 38.793, 38.761, 38.66, 38.619, 38.427, 37.911, 37.318, 37.064, 37.321, 37.647, 37.453, 36.671, 35.947, 35.696, 35.579, 35.379, 35.242, 35.41, 35.761, 36.13, 36.379, 36.393, 36.367, 36.406, 36.425, 36.432, 36.653, 37.017, 37.29, 37.585, 37.993, 38.38, 38.539, 38.365, 37.94, 37.382, 36.88, 36.608, 36.615, 36.844, 37.125, 37.082, 37.344, 38.944, 41.314, 43.269, 44.358, 44.979, 45.653, 46.614, 47.67, 48.44, 48.95, 49.144, 49.394, 49.727, 49.443, 48.642, 48.143, 48.171, 48.309, 48.096, 47.739, 47.679, 47.724, 47.294, 46.431, 45.586, 44.715, 43.346, 41.646, 40.287, 39.571, 39.538, 39.479, 38.868, 37.932, 37.038, 36.51, 36.425, 36.511, 36.676, 36.686, 36.424, 35.934, 35.396, 35.0, 34.839, 34.939, 35.19, 35.327, 35.247, 35.196, 35.267, 35.285, 35.189, 35.26, 35.512, 35.692, 35.786, 35.92, 36.125, 36.342, 36.601, 36.999, 29.148], [28.456, 26.351, 23.934, 21.714, 19.306, 16.867, 14.864, 13.152, 10.796, 6.491, 0.0, 7.285, 13.351, 17.464, 20.078, 21.933, 23.476, 24.803, 25.771, 26.281, 26.548, 27.001, 27.897, 28.981, 29.854, 30.527, 31.196, 31.808, 31.954, 32.062, 32.873, 33.93, 34.688, 35.25, 36.652, 38.566, 39.631, 39.496, 38.72, 38.143, 37.92, 38.069, 38.619, 39.384, 39.932, 39.858, 39.261, 38.465, 37.72, 37.307, 37.333, 37.641, 37.873, 37.827, 37.715, 37.675, 37.478, 36.938, 36.318, 36.048, 36.311, 36.663, 36.494, 35.714, 34.975, 34.709, 34.575, 34.351, 34.178, 34.332, 34.697, 35.092, 35.352, 35.348, 35.301, 35.339, 35.371, 35.399, 35.652, 36.046, 36.342, 36.663, 37.102, 37.508, 37.662, 37.469, 37.02, 36.438, 35.915, 35.632, 35.634, 35.863, 36.153, 36.133, 36.539, 38.441, 41.083, 43.199, 44.358, 45.007, 45.711, 46.719, 47.827, 48.633, 49.16, 49.358, 49.613, 49.951, 49.657, 48.829, 48.304, 48.323, 48.46, 48.238, 47.86, 47.778, 47.797, 47.321, 46.405, 45.517, 44.594, 43.127, 41.295, 39.818, 39.044, 39.026, 38.979, 38.303, 37.239, 36.228, 35.65, 35.553, 35.632, 35.797, 35.795, 35.492, 34.945, 34.361, 33.948, 33.794, 33.92, 34.204, 34.355, 34.269, 34.228, 34.327, 34.365, 34.271, 34.339, 34.598, 34.791, 34.9, 35.044, 35.261, 35.492, 35.769, 36.209, 29.267], [29.004, 27.012, 24.907, 23.167, 21.347, 19.578, 18.319, 17.468, 16.146, 12.959, 7.285, 0.0, 6.809, 11.886, 15.379, 17.978, 20.101, 21.811, 22.98, 23.578, 23.921, 24.535, 25.676, 26.996, 28.036, 28.831, 29.598, 30.258, 30.384, 30.491, 31.372, 32.514, 33.335, 33.957, 35.514, 37.618, 38.803, 38.729, 37.974, 37.425, 37.224, 37.366, 37.902, 38.697, 39.324, 39.328, 38.777, 37.978, 37.159, 36.638, 36.594, 36.893, 37.135, 37.081, 36.958, 36.916, 36.708, 36.141, 35.488, 35.185, 35.441, 35.812, 35.655, 34.851, 34.081, 33.805, 33.665, 33.417, 33.203, 33.34, 33.722, 34.148, 34.41, 34.365, 34.271, 34.3, 34.367, 34.444, 34.736, 35.151, 35.464, 35.811, 36.285, 36.715, 36.872, 36.669, 36.204, 35.595, 35.043, 34.744, 34.742, 34.977, 35.283, 35.298, 35.856, 38.05, 40.952, 43.222, 44.449, 45.127, 45.867, 46.931, 48.094, 48.929, 49.46, 49.649, 49.902, 50.252, 49.954, 49.098, 48.542, 48.551, 48.69, 48.462, 48.067, 47.969, 47.964, 47.433, 46.46, 45.536, 44.572, 43.018, 41.066, 39.485, 38.662, 38.652, 38.607, 37.859, 36.667, 35.543, 34.91, 34.775, 34.819, 34.972, 34.958, 34.617, 34.01, 33.373, 32.937, 32.794, 32.952, 33.266, 33.42, 33.324, 33.304, 33.431, 33.482, 33.394, 33.476, 33.745, 33.936, 34.042, 34.187, 34.413, 34.655, 34.944, 35.422, 29.771], [30.018, 28.178, 26.387, 25.082, 23.772, 22.508, 21.641, 21.135, 20.335, 17.992, 13.351, 6.809, 0.0, 5.712, 10.166, 13.787, 16.707, 18.872, 20.244, 20.932, 21.364, 22.138, 23.506, 25.05, 26.273, 27.215, 28.088, 28.802, 28.94, 29.095, 30.087, 31.333, 32.204, 32.837, 34.473, 36.709, 37.998, 37.991, 37.294, 36.832, 36.713, 36.873, 37.361, 38.118, 38.782, 38.885, 38.453, 37.739, 36.93, 36.359, 36.266, 36.551, 36.798, 36.741, 36.613, 36.57, 36.354, 35.769, 35.093, 34.76, 34.992, 35.358, 35.194, 34.366, 33.577, 33.302, 33.17, 32.923, 32.703, 32.844, 33.235, 33.659, 33.905, 33.822, 33.688, 33.708, 33.816, 33.956, 34.287, 34.714, 35.035, 35.398, 35.889, 36.331, 36.494, 36.299, 35.843, 35.228, 34.657, 34.35, 34.352, 34.594, 34.913, 34.958, 35.597, 37.926, 40.951, 43.307, 44.581, 45.281, 46.043, 47.139, 48.334, 49.184, 49.71, 49.884, 50.13, 50.488, 50.193, 49.322, 48.747, 48.745, 48.884, 48.654, 48.254, 48.151, 48.13, 47.564, 46.555, 45.617, 44.641, 43.053, 41.058, 39.442, 38.606, 38.602, 38.551, 37.76, 36.501, 35.318, 34.654, 34.48, 34.468, 34.587, 34.558, 34.2, 33.564, 32.898, 32.457, 32.328, 32.504, 32.828, 32.975, 32.873, 32.866, 32.998, 33.041, 32.953, 33.048, 33.322, 33.501, 33.589, 33.72, 33.941, 34.181, 34.472, 34.968, 30.735], [31.012, 29.301, 27.731, 26.701, 25.692, 24.718, 24.06, 23.703, 23.134, 21.282, 17.464, 11.886, 5.712, 0.0, 5.085, 9.68, 13.45, 16.108, 17.69, 18.462, 18.969, 19.886, 21.464, 23.233, 24.661, 25.761, 26.732, 27.506, 27.701, 27.95, 29.062, 30.401, 31.308, 31.944, 33.623, 35.931, 37.286, 37.33, 36.692, 36.322, 36.288, 36.473, 36.911, 37.599, 38.254, 38.437, 38.143, 37.56, 36.83, 36.277, 36.173, 36.451, 36.699, 36.64, 36.511, 36.467, 36.247, 35.658, 34.973, 34.622, 34.833, 35.18, 35.001, 34.163, 33.371, 33.104, 32.984, 32.751, 32.551, 32.715, 33.112, 33.521, 33.745, 33.642, 33.49, 33.511, 33.649, 33.835, 34.193, 34.627, 34.952, 35.32, 35.815, 36.258, 36.425, 36.242, 35.798, 35.181, 34.599, 34.291, 34.3, 34.542, 34.86, 34.914, 35.571, 37.927, 40.983, 43.375, 44.678, 45.394, 46.162, 47.263, 48.468, 49.324, 49.843, 50.006, 50.248, 50.612, 50.325, 49.453, 48.87, 48.861, 48.996, 48.767, 48.367, 48.26, 48.229, 47.647, 46.625, 45.684, 44.712, 43.124, 41.129, 39.518, 38.695, 38.7, 38.645, 37.838, 36.557, 35.351, 34.672, 34.474, 34.42, 34.507, 34.468, 34.106, 33.459, 32.782, 32.343, 32.225, 32.408, 32.731, 32.867, 32.759, 32.759, 32.888, 32.911, 32.816, 32.92, 33.197, 33.376, 33.453, 33.566, 33.777, 34.013, 34.306, 34.806, 31.685], [31.759, 30.137, 28.714, 27.845, 26.998, 26.185, 25.655, 25.392, 24.936, 23.344, 20.078, 15.379, 10.166, 5.085, 0.0, 5.174, 9.716, 12.964, 14.862, 15.749, 16.313, 17.367, 19.195, 21.257, 22.954, 24.25, 25.341, 26.204, 26.495, 26.868, 28.104, 29.526, 30.47, 31.126, 32.857, 35.216, 36.606, 36.679, 36.081, 35.778, 35.803, 36.002, 36.401, 37.026, 37.652, 37.883, 37.706, 37.265, 36.656, 36.186, 36.124, 36.418, 36.671, 36.612, 36.481, 36.434, 36.216, 35.637, 34.96, 34.608, 34.806, 35.14, 34.954, 34.119, 33.34, 33.086, 32.976, 32.75, 32.567, 32.756, 33.17, 33.577, 33.79, 33.676, 33.519, 33.547, 33.706, 33.917, 34.291, 34.729, 35.054, 35.419, 35.911, 36.351, 36.52, 36.344, 35.905, 35.28, 34.681, 34.367, 34.38, 34.62, 34.93, 34.979, 35.625, 37.967, 41.016, 43.409, 44.721, 45.442, 46.208, 47.305, 48.513, 49.373, 49.889, 50.049, 50.292, 50.663, 50.386, 49.514, 48.928, 48.914, 49.047, 48.818, 48.417, 48.307, 48.271, 47.682, 46.657, 45.72, 44.754, 43.172, 41.183, 39.579, 38.767, 38.781, 38.728, 37.919, 36.636, 35.42, 34.724, 34.508, 34.437, 34.517, 34.478, 34.118, 33.468, 32.785, 32.347, 32.235, 32.421, 32.744, 32.877, 32.768, 32.773, 32.896, 32.902, 32.799, 32.905, 33.186, 33.373, 33.448, 33.55, 33.754, 33.989, 34.284, 34.78, 32.402], [32.34, 30.787, 29.477, 28.718, 27.965, 27.245, 26.798, 26.605, 26.228, 24.805, 21.933, 17.978, 13.787, 9.68, 5.174, 0.0, 5.062, 8.986, 11.405, 12.547, 13.183, 14.351, 16.471, 18.925, 20.99, 22.554, 23.819, 24.811, 25.222, 25.739, 27.112, 28.621, 29.609, 30.298, 32.088, 34.491, 35.895, 35.976, 35.393, 35.129, 35.19, 35.394, 35.765, 36.343, 36.939, 37.191, 37.099, 36.797, 36.348, 36.031, 36.08, 36.426, 36.695, 36.635, 36.501, 36.453, 36.249, 35.701, 35.052, 34.709, 34.901, 35.227, 35.043, 34.222, 33.471, 33.236, 33.131, 32.901, 32.727, 32.94, 33.377, 33.797, 34.008, 33.888, 33.73, 33.767, 33.942, 34.167, 34.546, 34.984, 35.305, 35.665, 36.151, 36.587, 36.756, 36.585, 36.15, 35.517, 34.899, 34.566, 34.573, 34.81, 35.116, 35.15, 35.758, 38.047, 41.047, 43.408, 44.703, 45.416, 46.174, 47.263, 48.469, 49.336, 49.859, 50.022, 50.268, 50.646, 50.38, 49.511, 48.923, 48.907, 49.038, 48.807, 48.404, 48.292, 48.254, 47.668, 46.651, 45.724, 44.769, 43.203, 41.232, 39.646, 38.847, 38.871, 38.826, 38.024, 36.749, 35.537, 34.828, 34.59, 34.509, 34.596, 34.57, 34.219, 33.571, 32.89, 32.454, 32.343, 32.531, 32.859, 32.998, 32.892, 32.893, 33.004, 32.994, 32.888, 32.995, 33.273, 33.463, 33.539, 33.637, 33.839, 34.074, 34.37, 34.86, 32.957], [32.854, 31.362, 30.144, 29.467, 28.772, 28.106, 27.716, 27.583, 27.284, 26.018, 23.476, 20.101, 16.707, 13.45, 9.716, 5.062, 0.0, 4.39, 7.42, 9.023, 9.843, 11.082, 13.437, 16.293, 18.789, 20.695, 22.191, 23.341, 23.893, 24.596, 26.147, 27.76, 28.801, 29.524, 31.362, 33.798, 35.202, 35.273, 34.683, 34.432, 34.512, 34.723, 35.077, 35.627, 36.203, 36.458, 36.419, 36.234, 35.96, 35.84, 36.054, 36.493, 36.793, 36.736, 36.599, 36.555, 36.377, 35.878, 35.272, 34.943, 35.126, 35.444, 35.266, 34.473, 33.755, 33.54, 33.436, 33.203, 33.037, 33.267, 33.724, 34.157, 34.364, 34.235, 34.073, 34.114, 34.292, 34.511, 34.876, 35.302, 35.617, 35.973, 36.452, 36.881, 37.047, 36.881, 36.458, 35.832, 35.203, 34.847, 34.84, 35.076, 35.385, 35.396, 35.936, 38.124, 41.03, 43.324, 44.585, 45.283, 46.026, 47.1, 48.299, 49.175, 49.712, 49.88, 50.124, 50.508, 50.259, 49.402, 48.817, 48.797, 48.923, 48.689, 48.285, 48.173, 48.138, 47.56, 46.56, 45.652, 44.721, 43.188, 41.266, 39.732, 38.966, 39.005, 38.969, 38.185, 36.94, 35.762, 35.062, 34.799, 34.697, 34.787, 34.775, 34.439, 33.806, 33.136, 32.706, 32.592, 32.776, 33.106, 33.249, 33.141, 33.13, 33.227, 33.212, 33.109, 33.212, 33.477, 33.659, 33.731, 33.825, 34.029, 34.267, 34.565, 35.044, 33.442], [33.34, 31.9, 30.749, 30.129, 29.474, 28.841, 28.495, 28.421, 28.202, 27.084, 24.803, 21.811, 18.872, 16.108, 12.964, 8.986, 4.39, 0.0, 3.436, 5.603, 6.845, 8.256, 10.765, 13.902, 16.766, 19.004, 20.733, 22.038, 22.741, 23.662, 25.417, 27.145, 28.237, 28.984, 30.854, 33.313, 34.723, 34.789, 34.196, 33.954, 34.047, 34.265, 34.614, 35.151, 35.72, 35.974, 35.961, 35.854, 35.701, 35.733, 36.095, 36.633, 36.977, 36.932, 36.797, 36.757, 36.602, 36.146, 35.578, 35.26, 35.433, 35.743, 35.572, 34.805, 34.117, 33.915, 33.817, 33.59, 33.43, 33.666, 34.133, 34.568, 34.764, 34.622, 34.45, 34.482, 34.643, 34.833, 35.164, 35.569, 35.879, 36.232, 36.701, 37.116, 37.275, 37.117, 36.716, 36.113, 35.488, 35.115, 35.095, 35.335, 35.649, 35.637, 36.111, 38.191, 40.992, 43.215, 44.44, 45.12, 45.846, 46.901, 48.091, 48.974, 49.524, 49.696, 49.936, 50.324, 50.095, 49.258, 48.678, 48.654, 48.774, 48.539, 48.136, 48.026, 47.993, 47.426, 46.446, 45.564, 44.661, 43.171, 41.316, 39.852, 39.133, 39.189, 39.163, 38.409, 37.214, 36.088, 35.406, 35.12, 34.996, 35.082, 35.077, 34.758, 34.147, 33.496, 33.074, 32.952, 33.127, 33.453, 33.593, 33.48, 33.456, 33.543, 33.527, 33.424, 33.516, 33.763, 33.933, 33.997, 34.088, 34.296, 34.539, 34.838, 35.304, 33.901], [33.701, 32.294, 31.185, 30.602, 29.977, 29.373, 29.066, 29.046, 28.9, 27.89, 25.771, 22.98, 20.244, 17.69, 14.862, 11.405, 7.42, 3.436, 0.0, 2.597, 4.469, 6.373, 9.109, 12.365, 15.402, 17.843, 19.734, 21.157, 21.986, 23.087, 25.009, 26.833, 27.963, 28.723, 30.614, 33.099, 34.533, 34.62, 34.041, 33.813, 33.916, 34.136, 34.478, 35.012, 35.581, 35.831, 35.828, 35.754, 35.649, 35.736, 36.16, 36.758, 37.141, 37.116, 36.989, 36.951, 36.8, 36.361, 35.812, 35.502, 35.67, 35.977, 35.81, 35.056, 34.38, 34.187, 34.101, 33.881, 33.719, 33.947, 34.41, 34.84, 35.023, 34.87, 34.688, 34.705, 34.839, 34.996, 35.298, 35.688, 35.997, 36.348, 36.807, 37.209, 37.361, 37.211, 36.83, 36.246, 35.624, 35.238, 35.209, 35.454, 35.777, 35.755, 36.192, 38.21, 40.947, 43.124, 44.324, 44.991, 45.705, 46.751, 47.94, 48.828, 49.382, 49.555, 49.791, 50.181, 49.968, 49.148, 48.577, 48.552, 48.668, 48.433, 48.032, 47.923, 47.891, 47.332, 46.368, 45.504, 44.623, 43.163, 41.355, 39.942, 39.257, 39.326, 39.311, 38.586, 37.434, 36.348, 35.676, 35.378, 35.245, 35.327, 35.326, 35.018, 34.424, 33.788, 33.368, 33.238, 33.404, 33.726, 33.862, 33.746, 33.714, 33.796, 33.778, 33.669, 33.748, 33.982, 34.143, 34.201, 34.29, 34.502, 34.751, 35.052, 35.511, 34.247], [33.853, 32.453, 31.36, 30.798, 30.196, 29.612, 29.332, 29.357, 29.268, 28.324, 26.281, 23.578, 20.932, 18.462, 15.749, 12.547, 9.023, 5.603, 2.597, 0.0, 2.369, 4.969, 8.175, 11.604, 14.711, 17.224, 19.193, 20.694, 21.603, 22.794, 24.805, 26.68, 27.83, 28.602, 30.52, 33.039, 34.505, 34.618, 34.051, 33.828, 33.932, 34.147, 34.485, 35.023, 35.594, 35.835, 35.826, 35.758, 35.659, 35.745, 36.171, 36.782, 37.182, 37.174, 37.06, 37.022, 36.863, 36.413, 35.862, 35.555, 35.73, 36.04, 35.871, 35.11, 34.425, 34.23, 34.147, 33.923, 33.743, 33.952, 34.407, 34.835, 35.014, 34.856, 34.669, 34.677, 34.796, 34.935, 35.227, 35.614, 35.926, 36.279, 36.735, 37.132, 37.28, 37.131, 36.751, 36.169, 35.544, 35.148, 35.115, 35.367, 35.702, 35.684, 36.115, 38.127, 40.864, 43.04, 44.236, 44.9, 45.614, 46.667, 47.867, 48.761, 49.313, 49.484, 49.712, 50.099, 49.89, 49.077, 48.51, 48.485, 48.601, 48.365, 47.964, 47.854, 47.821, 47.261, 46.299, 45.441, 44.565, 43.109, 41.307, 39.901, 39.225, 39.306, 39.305, 38.595, 37.453, 36.373, 35.703, 35.407, 35.28, 35.365, 35.366, 35.061, 34.469, 33.831, 33.405, 33.267, 33.433, 33.756, 33.892, 33.774, 33.741, 33.824, 33.807, 33.692, 33.761, 33.99, 34.151, 34.207, 34.295, 34.512, 34.77, 35.079, 35.541, 34.393], [33.889, 32.485, 31.395, 30.849, 30.264, 29.693, 29.425, 29.475, 29.425, 28.531, 26.548, 23.921, 21.364, 18.969, 16.313, 13.183, 9.843, 6.845, 4.469, 2.369, 0.0, 3.079, 6.874, 10.738, 14.084, 16.708, 18.744, 20.309, 21.273, 22.511, 24.567, 26.47, 27.634, 28.425, 30.38, 32.938, 34.433, 34.566, 34.001, 33.775, 33.877, 34.092, 34.435, 34.983, 35.558, 35.789, 35.77, 35.708, 35.63, 35.736, 36.172, 36.785, 37.184, 37.18, 37.075, 37.041, 36.871, 36.406, 35.843, 35.537, 35.72, 36.036, 35.863, 35.086, 34.377, 34.167, 34.073, 33.835, 33.63, 33.817, 34.267, 34.7, 34.879, 34.719, 34.53, 34.538, 34.657, 34.795, 35.09, 35.481, 35.797, 36.155, 36.615, 37.014, 37.16, 37.003, 36.613, 36.02, 35.389, 34.993, 34.966, 35.228, 35.572, 35.557, 35.985, 38.012, 40.772, 42.968, 44.175, 44.845, 45.569, 46.636, 47.848, 48.748, 49.299, 49.462, 49.682, 50.062, 49.848, 49.03, 48.461, 48.436, 48.552, 48.313, 47.908, 47.795, 47.759, 47.195, 46.23, 45.369, 44.49, 43.026, 41.212, 39.792, 39.111, 39.203, 39.214, 38.502, 37.347, 36.254, 35.58, 35.29, 35.17, 35.263, 35.265, 34.958, 34.359, 33.711, 33.276, 33.137, 33.308, 33.636, 33.772, 33.655, 33.626, 33.714, 33.697, 33.58, 33.649, 33.881, 34.042, 34.096, 34.185, 34.411, 34.683, 35.006, 35.477, 34.424], [34.031, 32.64, 31.572, 31.05, 30.491, 29.937, 29.673, 29.724, 29.694, 28.864, 27.001, 24.535, 22.138, 19.886, 17.367, 14.351, 11.082, 8.256, 6.373, 4.969, 3.079, 0.0, 4.201, 8.665, 12.568, 15.546, 17.747, 19.392, 20.44, 21.799, 23.972, 25.939, 27.133, 27.943, 29.928, 32.526, 34.062, 34.233, 33.687, 33.471, 33.584, 33.815, 34.176, 34.736, 35.316, 35.548, 35.541, 35.522, 35.517, 35.713, 36.221, 36.865, 37.266, 37.26, 37.158, 37.129, 36.965, 36.506, 35.947, 35.642, 35.824, 36.139, 35.968, 35.192, 34.475, 34.248, 34.141, 33.891, 33.669, 33.839, 34.286, 34.722, 34.901, 34.736, 34.544, 34.551, 34.671, 34.807, 35.101, 35.497, 35.818, 36.178, 36.637, 37.034, 37.176, 37.013, 36.617, 36.021, 35.394, 35.008, 34.993, 35.266, 35.61, 35.582, 35.982, 37.971, 40.708, 42.895, 44.104, 44.781, 45.511, 46.581, 47.793, 48.692, 49.241, 49.402, 49.618, 49.995, 49.78, 48.962, 48.391, 48.364, 48.479, 48.239, 47.832, 47.718, 47.683, 47.123, 46.164, 45.31, 44.438, 42.987, 41.189, 39.782, 39.105, 39.201, 39.21, 38.49, 37.336, 36.251, 35.579, 35.287, 35.17, 35.269, 35.277, 34.97, 34.373, 33.731, 33.302, 33.165, 33.333, 33.656, 33.789, 33.678, 33.659, 33.748, 33.731, 33.615, 33.688, 33.921, 34.077, 34.123, 34.212, 34.446, 34.731, 35.068, 35.543, 34.552], [34.432, 33.092, 32.074, 31.587, 31.062, 30.542, 30.294, 30.34, 30.318, 29.572, 27.897, 25.676, 23.506, 21.464, 19.195, 16.471, 13.437, 10.765, 9.109, 8.175, 6.874, 4.201, 0.0, 4.951, 9.628, 13.271, 15.827, 17.612, 18.791, 20.397, 22.825, 24.933, 26.177, 26.984, 28.977, 31.621, 33.227, 33.479, 32.994, 32.816, 32.959, 33.226, 33.621, 34.196, 34.787, 35.036, 35.07, 35.139, 35.268, 35.621, 36.262, 36.981, 37.41, 37.412, 37.312, 37.289, 37.153, 36.739, 36.222, 35.934, 36.106, 36.408, 36.247, 35.509, 34.827, 34.605, 34.491, 34.234, 34.009, 34.174, 34.623, 35.06, 35.228, 35.053, 34.851, 34.847, 34.953, 35.071, 35.348, 35.744, 36.07, 36.425, 36.867, 37.246, 37.382, 37.227, 36.846, 36.267, 35.653, 35.275, 35.27, 35.549, 35.886, 35.833, 36.168, 38.043, 40.68, 42.81, 44.0, 44.674, 45.398, 46.451, 47.648, 48.54, 49.087, 49.249, 49.463, 49.84, 49.636, 48.841, 48.281, 48.251, 48.361, 48.125, 47.728, 47.621, 47.592, 47.048, 46.113, 45.283, 44.438, 43.033, 41.304, 39.96, 39.317, 39.414, 39.408, 38.692, 37.574, 36.534, 35.881, 35.587, 35.475, 35.579, 35.591, 35.298, 34.725, 34.113, 33.706, 33.569, 33.724, 34.028, 34.151, 34.049, 34.036, 34.118, 34.094, 33.975, 34.046, 34.27, 34.414, 34.451, 34.536, 34.77, 35.06, 35.402, 35.863, 34.926], [34.953, 33.675, 32.704, 32.238, 31.742, 31.274, 31.077, 31.144, 31.136, 30.472, 28.981, 26.996, 25.05, 23.233, 21.257, 18.925, 16.293, 13.902, 12.365, 11.604, 10.738, 8.665, 4.951, 0.0, 5.277, 9.727, 12.887, 14.989, 16.344, 18.24, 21.028, 23.359, 24.675, 25.443, 27.435, 30.165, 31.892, 32.264, 31.867, 31.74, 31.921, 32.239, 32.687, 33.302, 33.922, 34.197, 34.279, 34.448, 34.729, 35.259, 36.057, 36.884, 37.373, 37.405, 37.315, 37.3, 37.2, 36.862, 36.429, 36.194, 36.372, 36.658, 36.51, 35.839, 35.235, 35.045, 34.924, 34.658, 34.441, 34.621, 35.088, 35.527, 35.669, 35.468, 35.249, 35.224, 35.304, 35.395, 35.652, 36.045, 36.377, 36.723, 37.135, 37.488, 37.624, 37.49, 37.135, 36.575, 35.965, 35.58, 35.562, 35.836, 36.163, 36.084, 36.345, 38.092, 40.617, 42.685, 43.853, 44.519, 45.227, 46.255, 47.435, 48.324, 48.874, 49.04, 49.248, 49.623, 49.443, 48.693, 48.16, 48.127, 48.23, 48.002, 47.625, 47.534, 47.514, 46.987, 46.081, 45.278, 44.465, 43.116, 41.472, 40.214, 39.621, 39.721, 39.702, 39.001, 37.931, 36.943, 36.319, 36.037, 35.938, 36.038, 36.049, 35.774, 35.238, 34.666, 34.277, 34.135, 34.276, 34.564, 34.674, 34.567, 34.544, 34.611, 34.574, 34.446, 34.502, 34.708, 34.84, 34.878, 34.968, 35.201, 35.485, 35.818, 36.261, 35.415], [35.359, 34.12, 33.168, 32.703, 32.224, 31.814, 31.69, 31.808, 31.83, 31.225, 29.854, 28.036, 26.273, 24.661, 22.954, 20.99, 18.789, 16.766, 15.402, 14.711, 14.084, 12.568, 9.628, 5.277, 0.0, 5.021, 8.953, 11.684, 13.334, 15.476, 18.642, 21.253, 22.674, 23.384, 25.406, 28.306, 30.216, 30.732, 30.422, 30.341, 30.557, 30.934, 31.467, 32.163, 32.847, 33.154, 33.263, 33.494, 33.884, 34.544, 35.469, 36.403, 36.967, 37.05, 36.986, 36.98, 36.903, 36.632, 36.307, 36.176, 36.406, 36.693, 36.552, 35.945, 35.432, 35.288, 35.156, 34.868, 34.656, 34.873, 35.38, 35.827, 35.934, 35.694, 35.446, 35.395, 35.448, 35.521, 35.776, 36.182, 36.527, 36.863, 37.245, 37.577, 37.72, 37.608, 37.269, 36.707, 36.08, 35.667, 35.62, 35.871, 36.183, 36.084, 36.302, 37.989, 40.471, 42.526, 43.698, 44.363, 45.057, 46.065, 47.237, 48.138, 48.707, 48.883, 49.087, 49.458, 49.299, 48.596, 48.094, 48.063, 48.156, 47.932, 47.572, 47.497, 47.488, 46.973, 46.078, 45.29, 44.5, 43.187, 41.596, 40.391, 39.828, 39.92, 39.887, 39.198, 38.152, 37.181, 36.573, 36.316, 36.236, 36.331, 36.337, 36.072, 35.562, 35.016, 34.63, 34.48, 34.619, 34.905, 35.003, 34.87, 34.817, 34.869, 34.827, 34.689, 34.726, 34.915, 35.043, 35.094, 35.206, 35.447, 35.723, 36.042, 36.475, 35.792], [35.674, 34.459, 33.522, 33.062, 32.602, 32.242, 32.181, 32.346, 32.395, 31.826, 30.527, 28.831, 27.215, 25.761, 24.25, 22.554, 20.695, 19.004, 17.843, 17.224, 16.708, 15.546, 13.271, 9.727, 5.021, 0.0, 4.511, 8.037, 10.247, 12.794, 16.339, 19.189, 20.717, 21.384, 23.467, 26.567, 28.677, 29.353, 29.144, 29.119, 29.375, 29.816, 30.449, 31.249, 32.01, 32.352, 32.472, 32.722, 33.146, 33.851, 34.832, 35.824, 36.435, 36.562, 36.537, 36.549, 36.478, 36.245, 36.017, 36.007, 36.319, 36.624, 36.484, 35.918, 35.48, 35.382, 35.239, 34.92, 34.706, 34.964, 35.518, 35.977, 36.057, 35.781, 35.504, 35.428, 35.461, 35.529, 35.802, 36.236, 36.593, 36.918, 37.274, 37.588, 37.736, 37.639, 37.308, 36.736, 36.086, 35.654, 35.586, 35.812, 36.101, 35.989, 36.202, 37.885, 40.374, 42.444, 43.632, 44.301, 44.985, 45.977, 47.145, 48.061, 48.654, 48.847, 49.053, 49.422, 49.277, 48.605, 48.126, 48.095, 48.184, 47.962, 47.606, 47.536, 47.535, 47.03, 46.14, 45.354, 44.574, 43.276, 41.698, 40.507, 39.944, 40.012, 39.96, 39.278, 38.233, 37.246, 36.633, 36.398, 36.343, 36.447, 36.453, 36.193, 35.699, 35.166, 34.776, 34.616, 34.756, 35.047, 35.137, 34.977, 34.893, 34.935, 34.896, 34.757, 34.785, 34.966, 35.093, 35.158, 35.294, 35.546, 35.815, 36.12, 36.548, 36.086], [36.017, 34.836, 33.934, 33.5, 33.077, 32.768, 32.749, 32.932, 32.989, 32.441, 31.196, 29.598, 28.088, 26.732, 25.341, 23.819, 22.191, 20.733, 19.734, 19.193, 18.744, 17.747, 15.827, 12.887, 8.953, 4.511, 0.0, 4.094, 7.196, 10.752, 14.858, 17.877, 19.451, 20.105, 22.234, 25.456, 27.722, 28.581, 28.526, 28.592, 28.892, 29.38, 30.081, 30.943, 31.743, 32.11, 32.247, 32.502, 32.92, 33.616, 34.596, 35.59, 36.204, 36.35, 36.357, 36.391, 36.324, 36.106, 35.932, 36.007, 36.387, 36.715, 36.574, 36.031, 35.641, 35.573, 35.424, 35.091, 34.875, 35.152, 35.73, 36.198, 36.269, 35.979, 35.689, 35.597, 35.619, 35.688, 35.977, 36.426, 36.786, 37.1, 37.437, 37.735, 37.879, 37.787, 37.461, 36.893, 36.246, 35.822, 35.757, 35.97, 36.24, 36.125, 36.339, 38.0, 40.464, 42.523, 43.706, 44.371, 45.044, 46.022, 47.185, 48.106, 48.712, 48.916, 49.127, 49.498, 49.36, 48.707, 48.239, 48.21, 48.3, 48.085, 47.732, 47.657, 47.661, 47.177, 46.305, 45.523, 44.742, 43.447, 41.873, 40.685, 40.121, 40.172, 40.1, 39.418, 38.377, 37.386, 36.765, 36.539, 36.504, 36.625, 36.64, 36.389, 35.908, 35.391, 35.007, 34.843, 34.979, 35.264, 35.352, 35.182, 35.074, 35.098, 35.058, 34.925, 34.952, 35.126, 35.247, 35.318, 35.469, 35.728, 35.987, 36.28, 36.7, 36.411], [36.373, 35.243, 34.383, 33.985, 33.61, 33.351, 33.356, 33.531, 33.571, 33.025, 31.808, 30.258, 28.802, 27.506, 26.204, 24.811, 23.341, 22.038, 21.157, 20.694, 20.309, 19.392, 17.612, 14.989, 11.684, 8.037, 4.094, 0.0, 4.052, 9.057, 13.953, 17.219, 18.824, 19.447, 21.582, 24.889, 27.314, 28.383, 28.5, 28.649, 28.969, 29.469, 30.19, 31.062, 31.862, 32.237, 32.384, 32.637, 33.043, 33.722, 34.69, 35.675, 36.283, 36.431, 36.45, 36.497, 36.441, 36.233, 36.076, 36.183, 36.595, 36.939, 36.809, 36.29, 35.927, 35.871, 35.729, 35.411, 35.21, 35.486, 36.062, 36.531, 36.599, 36.309, 36.018, 35.922, 35.938, 36.008, 36.298, 36.743, 37.094, 37.397, 37.72, 38.006, 38.142, 38.048, 37.73, 37.181, 36.562, 36.165, 36.117, 36.325, 36.589, 36.487, 36.704, 38.31, 40.704, 42.714, 43.867, 44.514, 45.173, 46.138, 47.293, 48.213, 48.819, 49.024, 49.233, 49.599, 49.463, 48.82, 48.358, 48.328, 48.421, 48.217, 47.871, 47.791, 47.794, 47.337, 46.498, 45.73, 44.947, 43.653, 42.088, 40.912, 40.357, 40.404, 40.319, 39.633, 38.608, 37.641, 37.032, 36.805, 36.779, 36.908, 36.931, 36.689, 36.226, 35.731, 35.369, 35.216, 35.346, 35.619, 35.706, 35.541, 35.42, 35.424, 35.38, 35.254, 35.278, 35.439, 35.549, 35.624, 35.789, 36.052, 36.303, 36.584, 36.995, 36.743], [36.555, 35.461, 34.621, 34.232, 33.875, 33.627, 33.626, 33.776, 33.78, 33.2, 31.954, 30.384, 28.94, 27.701, 26.495, 25.222, 23.893, 22.741, 21.986, 21.603, 21.273, 20.44, 18.791, 16.344, 13.334, 10.247, 7.196, 4.052, 0.0, 5.863, 11.584, 15.397, 17.239, 17.829, 20.053, 23.671, 26.43, 27.767, 28.029, 28.222, 28.541, 29.044, 29.777, 30.659, 31.466, 31.847, 31.99, 32.23, 32.631, 33.316, 34.313, 35.34, 35.979, 36.14, 36.163, 36.219, 36.184, 36.005, 35.873, 35.995, 36.416, 36.773, 36.671, 36.192, 35.866, 35.825, 35.695, 35.406, 35.24, 35.545, 36.136, 36.606, 36.663, 36.362, 36.066, 35.975, 36.004, 36.082, 36.37, 36.806, 37.149, 37.446, 37.763, 38.04, 38.168, 38.072, 37.759, 37.221, 36.619, 36.243, 36.207, 36.415, 36.683, 36.608, 36.857, 38.47, 40.861, 42.862, 44.004, 44.64, 45.293, 46.258, 47.416, 48.337, 48.944, 49.15, 49.363, 49.73, 49.591, 48.94, 48.471, 48.438, 48.53, 48.325, 47.976, 47.892, 47.894, 47.448, 46.623, 45.854, 45.064, 43.766, 42.195, 41.008, 40.446, 40.489, 40.401, 39.71, 38.678, 37.705, 37.093, 36.863, 36.832, 36.957, 36.978, 36.738, 36.281, 35.798, 35.449, 35.307, 35.435, 35.698, 35.787, 35.634, 35.52, 35.526, 35.485, 35.366, 35.394, 35.554, 35.664, 35.746, 35.925, 36.199, 36.448, 36.72, 37.129, 36.9], [36.839, 35.794, 34.996, 34.618, 34.253, 33.974, 33.932, 34.036, 33.983, 33.347, 32.062, 30.491, 29.095, 27.95, 26.868, 25.739, 24.596, 23.662, 23.087, 22.794, 22.511, 21.799, 20.397, 18.24, 15.476, 12.794, 10.752, 9.057, 5.863, 0.0, 6.353, 11.011, 13.48, 14.154, 16.724, 21.037, 24.39, 26.129, 26.594, 26.863, 27.189, 27.693, 28.449, 29.365, 30.214, 30.618, 30.755, 30.976, 31.375, 32.089, 33.155, 34.274, 34.983, 35.18, 35.217, 35.297, 35.307, 35.198, 35.149, 35.327, 35.765, 36.131, 36.071, 35.688, 35.478, 35.502, 35.386, 35.118, 35.018, 35.42, 36.079, 36.562, 36.598, 36.272, 35.972, 35.902, 35.96, 36.055, 36.341, 36.768, 37.107, 37.397, 37.701, 37.961, 38.076, 37.976, 37.662, 37.121, 36.518, 36.149, 36.112, 36.309, 36.567, 36.517, 36.83, 38.517, 40.976, 43.015, 44.166, 44.798, 45.451, 46.427, 47.588, 48.5, 49.101, 49.315, 49.548, 49.934, 49.794, 49.129, 48.646, 48.61, 48.701, 48.488, 48.132, 48.048, 48.056, 47.614, 46.775, 45.99, 45.197, 43.907, 42.331, 41.117, 40.523, 40.547, 40.458, 39.769, 38.714, 37.695, 37.049, 36.811, 36.771, 36.884, 36.895, 36.648, 36.187, 35.704, 35.362, 35.23, 35.354, 35.605, 35.694, 35.552, 35.457, 35.484, 35.457, 35.352, 35.402, 35.593, 35.716, 35.797, 35.98, 36.263, 36.515, 36.779, 37.184, 37.16], [37.615, 36.659, 35.964, 35.648, 35.297, 34.989, 34.903, 34.952, 34.832, 34.153, 32.873, 31.372, 30.087, 29.062, 28.104, 27.112, 26.147, 25.417, 25.009, 24.805, 24.567, 23.972, 22.825, 21.028, 18.642, 16.339, 14.858, 13.953, 11.584, 6.353, 0.0, 5.367, 8.788, 10.013, 13.458, 18.502, 22.287, 24.385, 25.143, 25.584, 25.939, 26.409, 27.148, 28.086, 28.981, 29.42, 29.561, 29.77, 30.168, 30.906, 32.025, 33.21, 33.972, 34.198, 34.258, 34.38, 34.461, 34.464, 34.553, 34.839, 35.319, 35.688, 35.67, 35.428, 35.415, 35.557, 35.46, 35.197, 35.164, 35.678, 36.419, 36.927, 36.954, 36.622, 36.336, 36.292, 36.374, 36.477, 36.751, 37.163, 37.493, 37.771, 38.05, 38.278, 38.369, 38.267, 37.964, 37.432, 36.837, 36.467, 36.413, 36.576, 36.804, 36.758, 37.113, 38.84, 41.333, 43.384, 44.517, 45.126, 45.77, 46.744, 47.889, 48.769, 49.346, 49.562, 49.813, 50.218, 50.087, 49.418, 48.928, 48.888, 48.981, 48.771, 48.417, 48.337, 48.354, 47.919, 47.074, 46.287, 45.513, 44.258, 42.707, 41.486, 40.865, 40.864, 40.776, 40.108, 39.053, 38.0, 37.321, 37.068, 37.025, 37.132, 37.139, 36.891, 36.434, 35.962, 35.639, 35.521, 35.635, 35.865, 35.948, 35.815, 35.737, 35.778, 35.767, 35.693, 35.786, 36.017, 36.154, 36.222, 36.393, 36.676, 36.926, 37.179, 37.571, 37.919], [38.449, 37.57, 36.973, 36.728, 36.413, 36.112, 36.011, 36.027, 35.869, 35.178, 33.93, 32.514, 31.333, 30.401, 29.526, 28.621, 27.76, 27.145, 26.833, 26.68, 26.47, 25.939, 24.933, 23.359, 21.253, 19.189, 17.877, 17.219, 15.397, 11.011, 5.367, 0.0, 4.265, 7.111, 12.353, 17.788, 21.472, 23.583, 24.535, 25.155, 25.542, 25.936, 26.59, 27.498, 28.417, 28.893, 29.06, 29.28, 29.69, 30.445, 31.583, 32.788, 33.564, 33.798, 33.869, 34.021, 34.169, 34.275, 34.481, 34.856, 35.368, 35.731, 35.724, 35.565, 35.688, 35.92, 35.844, 35.577, 35.56, 36.116, 36.904, 37.443, 37.482, 37.157, 36.88, 36.85, 36.943, 37.047, 37.308, 37.698, 38.015, 38.283, 38.541, 38.738, 38.804, 38.702, 38.415, 37.903, 37.325, 36.954, 36.878, 37.011, 37.208, 37.141, 37.491, 39.217, 41.705, 43.74, 44.843, 45.428, 46.063, 47.032, 48.158, 49.006, 49.557, 49.768, 50.024, 50.433, 50.31, 49.65, 49.16, 49.115, 49.208, 49.004, 48.653, 48.571, 48.592, 48.16, 47.323, 46.554, 45.808, 44.586, 43.06, 41.844, 41.207, 41.192, 41.112, 40.47, 39.428, 38.361, 37.657, 37.401, 37.373, 37.495, 37.511, 37.273, 36.833, 36.383, 36.081, 35.972, 36.075, 36.284, 36.357, 36.229, 36.157, 36.203, 36.206, 36.161, 36.289, 36.545, 36.69, 36.747, 36.904, 37.185, 37.439, 37.692, 38.076, 38.742], [38.952, 38.115, 37.558, 37.34, 37.056, 36.786, 36.697, 36.706, 36.547, 35.882, 34.688, 33.335, 32.204, 31.308, 30.47, 29.609, 28.801, 28.237, 27.963, 27.83, 27.634, 27.133, 26.177, 24.675, 22.674, 20.717, 19.451, 18.