[[0.0, 10.354, 23.124, 24.038, 25.441, 26.984, 27.648, 29.39, 30.784, 31.831, 33.148, 33.747, 33.946, 33.513, 33.392, 34.395, 35.535, 36.079, 36.084, 36.628, 36.864, 37.29, 37.25, 37.097, 37.43, 37.665, 37.463, 37.617, 38.253, 38.71, 38.787, 38.718, 39.154, 39.638, 39.124, 38.791, 38.73, 37.918, 36.929, 37.459, 37.942, 37.971, 37.964, 38.057, 38.847, 38.987, 38.663, 38.169, 38.172, 37.942, 37.556, 38.238, 38.626, 38.502, 37.914, 37.447, 37.253, 37.018, 36.646, 36.263, 36.941, 36.819, 37.077, 37.493, 37.145, 36.633, 36.479, 36.467, 36.349, 36.438, 36.382, 35.708, 35.37, 35.687, 36.184, 36.258, 36.022, 35.858, 35.483, 35.343, 35.443, 35.109, 35.218, 35.604, 35.676, 35.609, 35.266, 34.734, 34.646, 34.869, 34.678, 34.505, 34.747, 34.241, 35.055, 36.637, 37.151, 37.122, 37.151, 37.806, 37.558, 37.81, 38.16, 37.595, 39.111, 41.443, 41.347, 40.937, 41.321, 41.294, 40.855, 40.876, 40.552, 39.793, 39.482, 39.515, 39.146, 39.058, 39.205, 40.332, 40.98, 39.745, 38.852, 39.28, 38.454, 36.869, 37.267, 36.561, 35.84, 35.982, 36.144, 12.694], [10.354, 0.0, 16.126, 18.941, 21.706, 23.734, 24.474, 26.654, 28.479, 29.799, 31.202, 31.929, 32.38, 32.103, 32.409, 33.81, 35.276, 35.969, 36.014, 36.532, 36.709, 37.076, 36.997, 36.933, 37.072, 37.03, 36.771, 36.966, 37.66, 38.135, 38.215, 38.161, 38.626, 39.113, 38.496, 38.071, 38.004, 37.132, 36.063, 36.626, 37.124, 37.223, 37.312, 37.406, 38.192, 38.317, 37.996, 37.435, 37.324, 37.09, 36.633, 37.258, 37.686, 37.561, 36.892, 36.351, 36.047, 35.728, 35.29, 34.757, 35.523, 35.393, 35.683, 36.145, 35.763, 35.209, 35.06, 35.027, 34.881, 34.984, 35.002, 34.43, 34.043, 34.321, 34.909, 35.142, 34.926, 34.733, 34.434, 34.384, 34.497, 34.21, 34.361, 34.812, 34.786, 34.638, 34.41, 34.0, 34.011, 34.279, 34.064, 33.914, 34.163, 33.613, 34.443, 35.978, 36.463, 36.333, 36.214, 36.857, 36.579, 36.777, 37.121, 36.506, 38.012, 40.595, 40.462, 39.876, 40.334, 40.316, 39.842, 39.887, 39.528, 38.66, 38.343, 38.383, 37.98, 37.929, 38.096, 39.293, 40.047, 38.74, 37.796, 38.277, 37.372, 35.773, 36.321, 35.538, 34.68, 34.825, 35.042, 15.194], [23.124, 16.126, 0.0, 10.349, 17.753, 20.59, 21.546, 24.52, 27.045, 28.895, 30.392, 31.323, 32.074, 31.972, 32.629, 34.081, 35.575, 36.38, 36.582, 37.108, 37.259, 37.578, 37.52, 37.605, 37.489, 37.118, 36.8, 36.953, 37.6, 38.099, 38.226, 38.194, 38.633, 39.106, 38.459, 37.959, 37.939, 37.008, 35.82, 36.334, 36.842, 36.989, 37.166, 37.334, 38.105, 38.175, 37.833, 37.319, 37.211, 36.937, 36.34, 36.885, 37.311, 37.162, 36.459, 35.858, 35.408, 34.966, 34.456, 33.731, 34.511, 34.409, 34.685, 35.137, 34.674, 34.043, 33.889, 33.865, 33.751, 33.87, 34.019, 33.66, 33.307, 33.656, 34.289, 34.65, 34.562, 34.5, 34.297, 34.332, 34.526, 34.29, 34.438, 34.892, 34.764, 34.504, 34.443, 34.256, 34.399, 34.713, 34.483, 34.378, 34.676, 34.252, 35.496, 37.381, 37.885, 37.611, 37.315, 37.838, 37.441, 37.398, 37.595, 36.866, 38.229, 41.013, 40.898, 39.939, 40.348, 40.286, 39.654, 39.733, 39.371, 38.31, 37.845, 37.721, 37.197, 37.15, 37.329, 38.507, 39.311, 38.15, 37.184, 37.501, 36.612, 35.144, 35.796, 34.944, 34.22, 34.467, 34.706, 25.92], [24.038, 18.941, 10.349, 0.0, 10.56, 15.512, 17.011, 20.635, 23.555, 25.61, 27.421, 28.426, 29.227, 29.007, 29.488, 31.129, 32.831, 33.799, 34.073, 34.716, 35.093, 35.7, 35.624, 35.772, 36.081, 35.997, 35.676, 35.892, 36.569, 37.1, 37.274, 37.206, 37.685, 38.245, 37.618, 37.209, 37.245, 36.251, 34.962, 35.507, 36.061, 36.286, 36.505, 36.705, 37.67, 37.755, 37.354, 36.781, 36.588, 36.228, 35.614, 36.241, 36.731, 36.578, 35.783, 35.127, 34.632, 34.124, 33.575, 32.734, 33.552, 33.452, 33.775, 34.309, 33.836, 33.187, 33.024, 32.974, 32.818, 32.957, 33.08, 32.586, 32.093, 32.486, 33.278, 33.704, 33.594, 33.575, 33.326, 33.268, 33.422, 33.203, 33.336, 33.811, 33.712, 33.375, 33.309, 33.165, 33.339, 33.672, 33.4, 33.259, 33.542, 33.074, 34.623, 36.834, 37.501, 37.246, 36.895, 37.395, 36.992, 36.976, 37.151, 36.358, 37.966, 40.998, 40.886, 39.875, 40.222, 40.125, 39.482, 39.582, 39.254, 38.19, 37.689, 37.549, 36.991, 36.891, 37.082, 38.334, 39.121, 37.827, 36.772, 37.11, 36.162, 34.456, 35.058, 34.059, 33.148, 33.427, 33.723, 27.08], [25.441, 21.706, 17.753, 10.56, 0.0, 7.959, 11.662, 16.006, 19.168, 21.308, 23.594, 25.002, 26.17, 26.144, 26.589, 28.64, 30.769, 31.946, 32.413, 33.199, 33.748, 34.731, 34.637, 34.848, 35.671, 35.992, 35.796, 36.1, 36.787, 37.298, 37.473, 37.361, 37.809, 38.368, 37.812, 37.555, 37.633, 36.705, 35.516, 36.058, 36.622, 36.906, 37.099, 37.284, 38.259, 38.348, 37.947, 37.412, 37.237, 36.881, 36.292, 36.909, 37.398, 37.281, 36.507, 35.86, 35.426, 34.953, 34.437, 33.671, 34.375, 34.262, 34.528, 35.016, 34.574, 33.989, 33.859, 33.856, 33.718, 33.839, 33.939, 33.44, 32.951, 33.263, 34.066, 34.501, 34.354, 34.314, 34.103, 34.007, 34.052, 33.845, 33.951, 34.358, 34.264, 33.954, 33.871, 33.735, 33.914, 34.212, 33.934, 33.745, 33.975, 33.556, 34.905, 36.985, 37.622, 37.365, 37.03, 37.476, 37.071, 37.077, 37.255, 36.496, 38.141, 41.083, 40.945, 40.059, 40.366, 40.296, 39.731, 39.847, 39.559, 38.612, 38.21, 38.162, 37.66, 37.53, 37.701, 38.883, 39.573, 38.27, 37.293, 37.659, 36.75, 35.098, 35.63, 34.645, 33.738, 34.01, 34.275, 28.043], [26.984, 23.734, 20.59, 15.512, 7.959, 0.0, 6.769, 13.175, 16.716, 19.034, 21.738, 23.627, 25.173, 25.495, 26.453, 28.958, 31.238, 32.452, 33.042, 33.889, 34.445, 35.404, 35.311, 35.533, 36.298, 36.593, 36.468, 36.78, 37.408, 37.877, 38.033, 37.905, 38.332, 38.872, 38.338, 38.08, 38.151, 37.286, 36.19, 36.728, 37.261, 37.505, 37.658, 37.814, 38.733, 38.808, 38.428, 37.943, 37.79, 37.441, 36.854, 37.429, 37.893, 37.785, 37.058, 36.465, 36.086, 35.649, 35.174, 34.505, 35.202, 35.107, 35.339, 35.797, 35.378, 34.813, 34.687, 34.704, 34.57, 34.696, 34.811, 34.369, 33.958, 34.23, 34.946, 35.337, 35.176, 35.126, 34.966, 34.897, 34.916, 34.723, 34.815, 35.178, 35.079, 34.802, 34.72, 34.576, 34.75, 35.041, 34.798, 34.63, 34.821, 34.377, 35.637, 37.653, 38.25, 37.969, 37.65, 38.091, 37.688, 37.65, 37.823, 37.083, 38.601, 41.429, 41.306, 40.426, 40.725, 40.658, 40.078, 40.198, 39.934, 39.032, 38.669, 38.622, 38.089, 37.928, 38.094, 39.206, 39.809, 38.583, 37.713, 38.067, 37.205, 35.668, 36.194, 35.241, 34.453, 34.758, 35.003, 29.202], [27.648, 24.474, 21.546, 17.011, 11.662, 6.769, 0.0, 8.61, 13.488, 16.534, 19.566, 21.679, 23.565, 24.272, 25.68, 28.554, 31.062, 32.37, 32.974, 33.923, 34.627, 35.603, 35.511, 35.762, 36.524, 36.771, 36.65, 36.985, 37.665, 38.177, 38.321, 38.192, 38.619, 39.14, 38.592, 38.296, 38.349, 37.478, 36.351, 36.868, 37.397, 37.569, 37.685, 37.856, 38.754, 38.819, 38.44, 37.944, 37.759, 37.357, 36.771, 37.331, 37.772, 37.665, 36.966, 36.412, 36.084, 35.664, 35.196, 34.605, 35.343, 35.251, 35.502, 35.97, 35.569, 35.013, 34.867, 34.829, 34.67, 34.845, 34.984, 34.513, 34.123, 34.385, 35.043, 35.404, 35.213, 35.129, 34.992, 34.962, 34.999, 34.808, 34.898, 35.252, 35.157, 34.893, 34.802, 34.645, 34.818, 35.108, 34.857, 34.683, 34.832, 34.344, 35.589, 37.544, 38.096, 37.821, 37.483, 37.88, 37.435, 37.351, 37.515, 36.766, 38.191, 40.965, 40.882, 40.106, 40.508, 40.443, 39.849, 40.005, 39.775, 38.908, 38.556, 38.458, 37.877, 37.719, 37.886, 39.006, 39.658, 38.567, 37.827, 38.192, 37.313, 35.81, 36.342, 35.36, 34.49, 34.738, 34.996, 29.593], [29.39, 26.654, 24.52, 20.635, 16.006, 13.175, 8.61, 0.0, 7.313, 12.632, 16.108, 18.592, 21.451, 23.01, 24.896, 28.113, 30.974, 32.495, 33.215, 34.235, 34.972, 35.999, 35.924, 36.235, 37.133, 37.463, 37.347, 37.728, 38.507, 39.068, 39.199, 39.069, 39.463, 39.935, 39.421, 39.186, 39.261, 38.464, 37.399, 37.849, 38.384, 38.566, 38.659, 38.837, 39.655, 39.73, 39.363, 38.878, 38.703, 38.289, 37.739, 38.267, 38.657, 38.557, 37.903, 37.39, 37.126, 36.762, 36.319, 35.818, 36.522, 36.44, 36.659, 37.086, 36.72, 36.22, 36.074, 36.016, 35.854, 35.999, 36.123, 35.636, 35.273, 35.493, 36.064, 36.356, 36.149, 36.088, 35.984, 35.97, 36.027, 35.866, 35.942, 36.266, 36.191, 35.936, 35.836, 35.709, 35.876, 36.138, 35.877, 35.672, 35.777, 35.323, 36.299, 37.981, 38.407, 38.155, 37.811, 38.083, 37.623, 37.529, 37.699, 37.051, 38.38, 40.958, 40.91, 40.363, 40.854, 40.799, 40.289, 40.503, 40.297, 39.494, 39.168, 39.067, 38.534, 38.411, 38.572, 39.634, 40.293, 39.331, 38.68, 38.987, 38.177, 36.819, 37.298, 36.411, 35.564, 35.735, 35.979, 30.968], [30.784, 28.479, 27.045, 23.555, 19.168, 16.716, 13.488, 7.313, 0.0, 7.65, 12.55, 15.391, 19.173, 21.571, 23.933, 27.565, 30.651, 32.366, 33.316, 34.37, 35.04, 36.064, 36.008, 36.354, 37.355, 37.809, 37.745, 38.11, 38.868, 39.4, 39.529, 39.407, 39.786, 40.254, 39.783, 39.592, 39.692, 39.0, 38.102, 38.558, 39.051, 39.291, 39.408, 39.559, 40.336, 40.403, 40.042, 39.577, 39.467, 39.116, 38.579, 39.031, 39.365, 39.26, 38.619, 38.131, 37.905, 37.6, 37.212, 36.681, 37.303, 37.254, 37.424, 37.81, 37.491, 37.033, 36.898, 36.865, 36.723, 36.828, 36.881, 36.413, 36.124, 36.379, 36.905, 37.108, 36.893, 36.852, 36.753, 36.728, 36.8, 36.674, 36.748, 37.066, 37.038, 36.791, 36.663, 36.55, 36.701, 36.933, 36.675, 36.473, 36.561, 36.153, 37.065, 38.63, 38.999, 38.768, 38.421, 38.62, 38.218, 38.197, 38.393, 37.793, 39.075, 41.543, 41.485, 40.97, 41.412, 41.354, 40.891, 41.104, 40.893, 40.135, 39.844, 39.814, 39.371, 39.259, 39.426, 40.459, 41.056, 40.091, 39.394, 39.635, 38.871, 37.515, 37.902, 37.144, 36.424, 36.605, 36.81, 32.309], [31.831, 29.799, 28.895, 25.61, 21.308, 19.034, 16.534, 12.632, 7.65, 0.0, 7.315, 11.905, 16.342, 19.401, 22.439, 26.571, 29.941, 31.826, 32.968, 34.157, 34.875, 35.97, 35.923, 36.331, 37.442, 37.988, 37.994, 38.363, 39.088, 39.593, 39.73, 39.618, 39.999, 40.477, 40.04, 39.877, 40.0, 39.402, 38.636, 39.139, 39.606, 39.853, 39.983, 40.139, 40.907, 40.944, 40.584, 40.119, 40.031, 39.721, 39.179, 39.558, 39.873, 39.777, 39.15, 38.67, 38.468, 38.192, 37.856, 37.284, 37.783, 37.737, 37.873, 38.232, 37.926, 37.469, 37.308, 37.261, 37.139, 37.238, 37.244, 36.768, 36.552, 36.838, 37.309, 37.472, 37.262, 37.23, 37.151, 37.155, 37.25, 37.139, 37.201, 37.512, 37.533, 37.308, 37.151, 37.037, 37.176, 37.373, 37.116, 36.918, 36.993, 36.646, 37.557, 39.064, 39.398, 39.167, 38.798, 38.931, 38.544, 38.615, 38.855, 38.257, 39.538, 41.954, 41.868, 41.326, 41.709, 41.666, 41.237, 41.425, 41.208, 40.488, 40.228, 40.232, 39.834, 39.73, 39.889, 40.902, 41.457, 40.503, 39.81, 40.026, 39.282, 37.974, 38.328, 37.632, 37.006, 37.184, 37.359, 33.173], [33.148, 31.202, 30.392, 27.421, 23.594, 21.738, 19.566, 16.108, 12.55, 7.315, 0.0, 7.773, 14.31, 17.983, 21.634, 26.193, 29.869, 31.958, 33.174, 34.51, 35.37, 36.459, 36.397, 36.877, 38.008, 38.56, 38.617, 39.028, 39.786, 40.276, 40.405, 40.321, 40.667, 41.099, 40.683, 40.512, 40.648, 40.14, 39.448, 39.955, 40.391, 40.599, 40.755, 40.9, 41.585, 41.606, 41.258, 40.79, 40.669, 40.347, 39.831, 40.215, 40.517, 40.422, 39.828, 39.371, 39.206, 38.949, 38.626, 38.078, 38.514, 38.479, 38.614, 38.964, 38.675, 38.24, 38.074, 38.015, 37.912, 38.012, 38.013, 37.53, 37.32, 37.585, 37.996, 38.142, 37.935, 37.913, 37.869, 37.876, 37.959, 37.834, 37.885, 38.186, 38.193, 37.99, 37.881, 37.799, 37.926, 38.091, 37.829, 37.62, 37.687, 37.372, 38.078, 39.398, 39.669, 39.464, 39.053, 39.093, 38.718, 38.853, 39.137, 38.61, 39.892, 42.228, 42.186, 41.734, 42.114, 42.082, 41.728, 41.952, 41.764, 41.106, 40.886, 40.87, 40.476, 40.383, 40.53, 41.526, 42.095, 41.243, 40.638, 40.822, 40.077, 38.862, 39.211, 38.47, 37.76, 37.855, 38.013, 34.224], [33.747, 31.929, 31.323, 28.426, 25.002, 23.627, 21.679, 18.592, 15.391, 11.905, 7.773, 0.0, 9.462, 15.124, 19.316, 24.389, 28.588, 30.943, 32.308, 33.807, 34.833, 36.039, 35.996, 36.499, 37.706, 38.348, 38.426, 38.872, 39.712, 40.244, 40.381, 40.309, 40.639, 41.06, 40.632, 40.463, 40.636, 40.157, 39.489, 40.013, 40.441, 40.638, 40.824, 40.945, 41.587, 41.6, 41.245, 40.769, 40.644, 40.325, 39.826, 40.192, 40.485, 40.39, 39.815, 39.377, 39.209, 38.952, 38.61, 38.041, 38.458, 38.428, 38.572, 38.922, 38.635, 38.208, 38.039, 38.003, 37.937, 38.033, 37.998, 37.535, 37.339, 37.624, 38.044, 38.186, 37.999, 37.992, 37.931, 37.909, 37.954, 37.826, 37.895, 38.176, 38.182, 38.004, 37.892, 37.802, 37.933, 38.097, 37.829, 37.616, 37.657, 37.295, 37.925, 39.193, 39.431, 39.228, 38.788, 38.812, 38.495, 38.679, 38.981, 38.488, 39.808, 42.141, 42.158, 41.817, 42.201, 42.177, 41.86, 42.09, 41.921, 41.288, 41.098, 41.125, 40.759, 40.669, 40.821, 41.86, 42.449, 41.592, 40.975, 41.144, 40.353, 39.044, 39.355, 38.577, 37.743, 37.773, 37.918, 34.763], [33.946, 32.38, 32.074, 29.227, 26.17, 25.173, 23.565, 21.451, 19.173, 16.342, 14.31, 9.462, 0.0, 9.046, 15.379, 21.044, 25.647, 28.23, 29.87, 31.682, 32.99, 34.52, 34.553, 35.071, 36.384, 37.087, 37.147, 37.67, 38.65, 39.317, 39.491, 39.386, 39.773, 40.313, 39.892, 39.753, 39.977, 39.409, 38.635, 39.193, 39.656, 39.867, 40.039, 40.172, 40.898, 40.899, 40.518, 40.005, 39.872, 39.523, 38.948, 39.343, 39.688, 39.571, 38.95, 38.498, 38.277, 37.956, 37.605, 36.97, 37.367, 37.315, 37.492, 37.867, 37.551, 37.101, 36.908, 36.87, 36.832, 36.97, 36.913, 36.434, 36.242, 36.557, 37.037, 37.248, 37.086, 37.052, 36.943, 36.916, 36.95, 36.839, 36.937, 37.242, 37.251, 37.045, 36.887, 36.748, 36.891, 37.086, 36.806, 36.59, 36.613, 36.168, 36.919, 38.371, 38.722, 38.496, 38.009, 38.109, 37.835, 38.112, 38.431, 37.875, 39.373, 41.856, 41.874, 41.492, 41.843, 41.831, 41.506, 41.716, 41.528, 40.834, 40.64, 40.712, 40.337, 40.206, 40.383, 41.526, 42.094, 41.08, 40.358, 40.565, 39.714, 38.178, 38.467, 37.675, 36.775, 36.808, 36.949, 35.0], [33.513, 32.103, 31.972, 29.007, 26.144, 25.495, 24.272, 23.01, 21.571, 19.401, 17.983, 15.124, 9.046, 0.0, 9.793, 17.583, 22.542, 25.159, 27.0, 29.17, 30.856, 32.712, 32.787, 33.356, 34.818, 35.602, 35.687, 36.286, 37.36, 38.118, 38.342, 38.258, 38.704, 39.301, 38.927, 38.838, 39.068, 38.37, 37.456, 38.088, 38.567, 38.8, 38.98, 39.142, 39.99, 39.991, 39.6, 39.065, 38.919, 38.558, 37.929, 38.38, 38.775, 38.632, 37.917, 37.395, 37.11, 36.743, 36.364, 35.592, 36.031, 35.967, 36.177, 36.608, 36.266, 35.773, 35.573, 35.533, 35.48, 35.623, 35.547, 34.998, 34.716, 35.044, 35.684, 35.992, 35.821, 35.768, 35.631, 35.571, 35.619, 35.535, 35.645, 36.01, 36.004, 35.729, 35.549, 35.401, 35.565, 35.77, 35.457, 35.221, 35.243, 34.766, 35.702, 37.337, 37.821, 37.637, 37.127, 37.32, 37.068, 37.423, 37.766, 37.144, 38.867, 41.611, 41.581, 41.005, 41.275, 41.254, 40.911, 41.122, 40.916, 40.145, 39.953, 40.068, 39.663, 39.503, 39.707, 40.936, 41.529, 40.359, 39.485, 39.724, 38.84, 37.109, 37.404, 36.523, 35.453, 35.489, 35.64, 34.742], [33.392, 32.409, 32.629, 29.488, 26.589, 26.453, 25.68, 24.896, 23.933, 22.439, 21.634, 19.316, 15.379, 9.793, 0.0, 10.497, 17.441, 20.479, 22.533, 25.221, 27.63, 30.094, 30.273, 30.956, 32.963, 34.31, 34.544, 35.249, 36.458, 37.345, 37.629, 37.604, 38.148, 38.757, 38.496, 38.714, 39.064, 38.319, 37.333, 37.988, 38.508, 38.776, 38.903, 39.095, 39.998, 39.998, 39.607, 39.046, 38.905, 38.57, 37.908, 38.367, 38.796, 38.646, 37.89, 37.316, 37.012, 36.63, 36.25, 35.506, 36.023, 35.941, 36.134, 36.577, 36.214, 35.7, 35.493, 35.47, 35.404, 35.536, 35.48, 34.851, 34.468, 34.786, 35.511, 35.83, 35.661, 35.608, 35.401, 35.257, 35.287, 35.22, 35.283, 35.613, 35.642, 35.361, 35.154, 35.002, 35.185, 35.394, 35.055, 34.782, 34.818, 34.442, 35.641, 37.439, 38.036, 37.97, 37.544, 37.805, 37.539, 37.843, 38.148, 37.484, 39.18, 41.909, 41.902, 41.224, 41.418, 41.387, 41.005, 41.21, 41.013, 40.212, 39.979, 40.073, 39.649, 39.455, 39.654, 40.895, 41.479, 40.25, 39.326, 39.563, 38.718, 37.007, 37.321, 36.438, 35.425, 35.47, 35.615, 34.696], [34.395, 33.81, 34.081, 31.129, 28.64, 28.958, 28.554, 28.113, 27.565, 26.571, 26.193, 24.389, 21.044, 17.583, 10.497, 0.0, 9.864, 14.634, 17.347, 20.878, 24.527, 27.804, 28.152, 29.049, 31.512, 33.276, 33.646, 34.542, 35.947, 36.984, 37.305, 37.307, 37.955, 38.634, 38.45, 38.935, 39.415, 38.632, 37.574, 38.216, 38.829, 39.164, 39.251, 39.464, 40.384, 40.368, 39.961, 39.386, 39.216, 38.818, 38.136, 38.706, 39.186, 39.025, 38.242, 37.631, 37.304, 36.876, 36.511, 35.806, 36.322, 36.278, 36.511, 36.948, 36.56, 36.028, 35.826, 35.813, 35.732, 35.87, 35.83, 35.149, 34.788, 35.122, 35.806, 36.136, 36.006, 35.963, 35.681, 35.498, 35.507, 35.441, 35.489, 35.791, 35.861, 35.594, 35.35, 35.173, 35.363, 35.568, 35.219, 34.946, 35.018, 34.758, 36.226, 38.161, 38.845, 38.825, 38.454, 38.772, 38.478, 38.711, 38.961, 38.262, 39.894, 42.532, 42.559, 41.808, 41.955, 41.904, 41.435, 41.609, 41.454, 40.674, 40.389, 40.393, 39.934, 39.707, 39.909, 41.147, 41.667, 40.379, 39.45, 39.68, 38.879, 37.239, 37.558, 36.767, 35.933, 36.026, 36.148, 35.735], [35.535, 35.276, 35.575, 32.831, 30.769, 31.238, 31.062, 30.974, 30.651, 29.941, 29.869, 28.588, 25.647, 22.542, 17.441, 9.864, 0.0, 7.786, 13.088, 17.37, 22.309, 26.301, 26.832, 27.986, 30.58, 32.429, 32.875, 33.851, 35.282, 36.369, 36.715, 36.734, 37.453, 38.187, 38.076, 38.68, 39.205, 38.452, 37.396, 38.023, 38.632, 38.955, 39.029, 39.246, 40.188, 40.17, 39.76, 39.199, 39.038, 38.64, 37.976, 38.607, 39.102, 38.931, 38.143, 37.551, 37.247, 36.793, 36.431, 35.755, 36.248, 36.231, 36.492, 36.926, 36.529, 35.995, 35.823, 35.879, 35.818, 35.921, 35.847, 35.134, 34.833, 35.203, 35.853, 36.197, 36.107, 36.096, 35.768, 35.535, 35.573, 35.535, 35.587, 35.875, 35.932, 35.679, 35.458, 35.284, 35.465, 35.659, 35.342, 35.109, 35.196, 34.959, 36.541, 38.578, 39.364, 39.324, 38.934, 39.313, 39.088, 39.331, 39.556, 38.833, 40.499, 43.164, 43.166, 42.315, 42.383, 42.294, 41.764, 41.91, 41.779, 41.007, 40.691, 40.669, 40.195, 39.934, 40.144, 41.366, 41.817, 40.468, 39.451, 39.644, 38.87, 37.175, 37.489, 36.73, 35.943, 36.086, 36.18, 37.006], [36.079, 35.969, 36.38, 33.799, 31.946, 32.452, 32.37, 32.495, 32.366, 31.826, 31.958, 30.943, 28.23, 25.159, 20.479, 14.634, 7.786, 0.0, 8.831, 14.911, 20.555, 25.042, 25.664, 26.976, 29.798, 31.818, 32.348, 33.42, 34.91, 36.062, 36.435, 36.469, 37.224, 37.958, 37.877, 38.587, 39.165, 38.438, 37.388, 38.036, 38.669, 38.957, 38.998, 39.241, 40.197, 40.185, 39.778, 39.215, 39.077, 38.672, 37.97, 38.585, 39.083, 38.912, 38.146, 37.579, 37.288, 36.825, 36.463, 35.826, 36.321, 36.273, 36.528, 36.946, 36.536, 36.028, 35.881, 35.944, 35.882, 35.989, 35.917, 35.207, 34.939, 35.294, 35.926, 36.293, 36.223, 36.21, 35.852, 35.61, 35.657, 35.626, 35.67, 35.939, 35.991, 35.759, 35.563, 35.41, 35.606, 35.8, 35.499, 35.295, 35.393, 35.162, 36.74, 38.772, 39.617, 39.591, 39.186, 39.591, 39.388, 39.572, 39.769, 39.057, 40.738, 43.395, 43.397, 42.522, 42.55, 42.452, 41.905, 42.034, 41.9, 41.115, 40.793, 40.777, 40.291, 40.009, 40.219, 41.409, 41.814, 40.473, 39.456, 39.64, 38.901, 37.213, 37.506, 36.755, 35.963, 36.11, 36.198, 37.535], [36.084, 36.014, 36.582, 34.073, 32.413, 33.042, 32.974, 33.215, 33.316, 32.968, 33.174, 32.308, 29.87, 27.0, 22.533, 17.347, 13.088, 8.831, 0.0, 9.782, 17.924, 23.073, 23.734, 25.222, 28.33, 30.499, 31.094, 32.332, 34.009, 35.308, 35.72, 35.776, 36.594, 37.373, 37.299, 38.088, 38.76, 38.025, 36.932, 37.679, 38.397, 38.667, 38.694, 38.957, 39.949, 39.95, 39.528, 38.939, 38.794, 38.341, 37.644, 38.299, 38.83, 38.674, 37.916, 37.356, 37.048, 36.561, 36.19, 35.557, 36.052, 36.02, 36.354, 36.823, 36.438, 35.954, 35.808, 35.838, 35.733, 35.857, 35.82, 35.026, 34.648, 34.96, 35.585, 35.954, 35.875, 35.842, 35.479, 35.27, 35.338, 35.287, 35.321, 35.621, 35.687, 35.468, 35.284, 35.127, 35.321, 35.523, 35.215, 34.999, 35.11, 34.9, 36.504, 38.591, 39.503, 39.499, 39.109, 39.549, 39.338, 39.513, 39.694, 38.984, 40.675, 43.348, 43.4, 42.513, 42.532, 42.43, 41.865, 41.985, 41.852, 41.06, 40.724, 40.66, 40.115, 39.818, 40.042, 41.231, 41.646, 40.279, 39.257, 39.453, 38.721, 37.075, 37.369, 36.596, 35.753, 35.871, 35.982, 37.492], [36.628, 36.532, 37.108, 34.716, 33.199, 33.889, 33.923, 34.235, 34.37, 34.157, 34.51, 33.807, 31.682, 29.17, 25.221, 20.878, 17.37, 14.911, 9.782, 0.0, 13.028, 20.21, 21.1, 22.743, 26.053, 28.399, 29.195, 30.747, 32.712, 34.212, 34.72, 34.852, 35.802, 36.627, 36.591, 37.545, 38.382, 37.738, 36.697, 37.454, 38.177, 38.583, 38.646, 38.884, 39.901, 39.921, 39.494, 38.881, 38.7, 38.238, 37.652, 38.357, 38.884, 38.738, 37.951, 37.391, 37.091, 36.594, 36.223, 35.585, 36.046, 36.027, 36.361, 36.853, 36.493, 35.994, 35.856, 35.939, 35.847, 35.95, 35.915, 35.118, 34.711, 35.055, 35.688, 36.023, 35.935, 35.928, 35.574, 35.34, 35.414, 35.376, 35.383, 35.668, 35.714, 35.476, 35.302, 35.154, 35.349, 35.553, 35.229, 34.991, 35.063, 34.808, 36.365, 38.511, 39.473, 39.469, 39.105, 39.582, 39.403, 39.628, 39.798, 39.101, 40.784, 43.44, 43.51, 42.597, 42.601, 42.508, 41.968, 42.091, 41.934, 41.127, 40.779, 40.713, 40.233, 39.957, 40.177, 41.389, 41.842, 40.424, 39.301, 39.494, 38.738, 36.977, 37.327, 36.734, 35.99, 36.15, 36.251, 37.921], [36.864, 36.709, 37.259, 35.093, 33.748, 34.445, 34.627, 34.972, 35.04, 34.875, 35.37, 34.833, 32.99, 30.856, 27.63, 24.527, 22.309, 20.555, 17.924, 13.028, 0.0, 10.119, 12.513, 14.603, 18.7, 21.887, 23.473, 26.053, 28.636, 30.446, 31.168, 31.485, 32.751, 33.866, 33.906, 35.298, 36.756, 36.412, 35.598, 36.36, 37.232, 38.277, 38.608, 38.857, 39.93, 39.946, 39.46, 38.853, 38.655, 38.182, 37.704, 38.442, 38.978, 38.846, 38.003, 37.427, 37.107, 36.588, 36.212, 35.527, 35.953, 35.932, 36.27, 36.75, 36.387, 35.901, 35.782, 35.874, 35.805, 35.878, 35.81, 35.019, 34.646, 35.063, 35.77, 36.069, 35.929, 35.877, 35.491, 35.228, 35.204, 35.175, 35.164, 35.408, 35.445, 35.148, 34.967, 34.897, 35.138, 35.346, 35.013, 34.736, 34.795, 34.525, 36.069, 38.179, 39.13, 39.139, 38.869, 39.439, 39.303, 39.546, 39.706, 39.044, 40.905, 43.643, 43.651, 42.573, 42.441, 42.36, 41.75, 41.688, 41.461, 40.592, 40.194, 40.246, 39.872, 39.556, 39.811, 41.048, 41.469, 39.897, 38.514, 38.67, 38.007, 36.232, 36.55, 36.23, 35.94, 36.285, 36.408, 38.149], [37.29, 37.076, 37.578, 35.7, 34.731, 35.404, 35.603, 35.999, 36.064, 35.97, 36.459, 36.039, 34.52, 32.712, 30.094, 27.804, 26.301, 25.042, 23.073, 20.21, 10.119, 0.0, 5.752, 9.987, 14.277, 17.996, 20.268, 23.475, 26.129, 27.858, 28.633, 29.081, 30.431, 31.686, 31.759, 33.278, 35.078, 35.068, 34.739, 35.653, 36.484, 37.962, 38.592, 38.849, 39.868, 39.9, 39.422, 38.867, 38.745, 38.318, 37.96, 38.728, 39.255, 39.143, 38.367, 37.849, 37.562, 37.075, 36.722, 36.057, 36.46, 36.452, 36.787, 37.261, 36.911, 36.443, 36.336, 36.394, 36.301, 36.347, 36.257, 35.486, 35.111, 35.498, 36.176, 36.393, 36.205, 36.128, 35.761, 35.492, 35.437, 35.402, 35.403, 35.633, 35.664, 35.373, 35.2, 35.138, 35.364, 35.582, 35.286, 35.031, 35.086, 34.777, 36.434, 38.489, 39.331, 39.344, 39.145, 39.79, 39.695, 39.939, 40.162, 39.555, 41.442, 44.172, 44.144, 43.042, 42.859, 42.77, 42.076, 41.855, 41.549, 40.652, 40.241, 40.335, 39.986, 39.669, 39.955, 41.171, 41.591, 40.013, 38.573, 38.718, 38.102, 36.389, 36.655, 36.357, 36.287, 36.717, 36.852, 38.592], [37.25, 36.997, 37.52, 35.624, 34.637, 35.311, 35.511, 35.924, 36.008, 35.923, 36.397, 35.996, 34.553, 32.787, 30.273, 28.152, 26.832, 25.664, 23.734, 21.1, 12.513, 5.752, 0.0, 7.078, 13.262, 17.2, 19.552, 22.954, 25.632, 27.349, 28.098, 28.541, 29.815, 30.985, 31.027, 32.569, 34.411, 34.46, 34.269, 35.292, 36.098, 37.618, 38.365, 38.693, 39.72, 39.742, 39.279, 38.737, 38.623, 38.215, 37.883, 38.677, 39.21, 39.108, 38.357, 37.846, 37.563, 37.08, 36.712, 36.022, 36.412, 36.398, 36.73, 37.207, 36.872, 36.413, 36.314, 36.359, 36.249, 36.306, 36.233, 35.484, 35.11, 35.46, 36.12, 36.338, 36.137, 36.044, 35.694, 35.438, 35.404, 35.367, 35.368, 35.619, 35.665, 35.359, 35.185, 35.138, 35.36, 35.583, 35.287, 35.031, 35.074, 34.787, 36.458, 38.502, 39.322, 39.322, 39.106, 39.747, 39.617, 39.831, 40.047, 39.431, 41.318, 44.063, 44.034, 42.912, 42.715, 42.615, 41.924, 41.701, 41.394, 40.519, 40.11, 40.159, 39.781, 39.47, 39.769, 41.025, 41.481, 39.954, 38.568, 38.759, 38.119, 36.378, 36.636, 36.268, 36.112, 36.532, 36.668, 38.502], [37.097, 36.933, 37.605, 35.772, 34.848, 35.533, 35.762, 36.235, 36.354, 36.331, 36.877, 36.499, 35.071, 33.356, 30.956, 29.049, 27.986, 26.976, 25.222, 22.743, 14.603, 9.987, 7.078, 0.0, 8.906, 14.228, 16.909, 20.938, 24.021, 26.013, 26.805, 27.289, 28.733, 30.073, 30.206, 31.868, 33.839, 33.988, 33.894, 34.981, 35.819, 37.433, 38.192, 38.559, 39.696, 39.75, 39.297, 38.797, 38.731, 38.343, 38.028, 38.82, 39.358, 39.257, 38.481, 37.955, 37.672, 37.188, 36.817, 36.125, 36.551, 36.522, 36.818, 37.284, 36.951, 36.471, 36.33, 36.366, 36.277, 36.354, 36.278, 35.505, 35.162, 35.56, 36.257, 36.482, 36.266, 36.147, 35.766, 35.486, 35.43, 35.367, 35.371, 35.627, 35.69, 35.352, 35.147, 35.086, 35.283, 35.498, 35.19, 34.911, 34.938, 34.639, 36.202, 38.215, 39.066, 39.107, 38.899, 39.58, 39.452, 39.679, 39.887, 39.268, 41.22, 43.98, 43.969, 42.805, 42.549, 42.436, 41.761, 41.545, 41.241, 40.343, 39.926, 40.004, 39.641, 39.295, 39.607, 40.921, 41.395, 39.833, 38.387, 38.6, 38.006, 36.223, 36.524, 36.264, 36.183, 36.624, 36.761, 38.367], [37.43, 37.072, 37.489, 36.081, 35.671, 36.298, 36.524, 37.133, 37.355, 37.442, 38.008, 37.706, 36.384, 34.818, 32.963, 31.512, 30.58, 29.798, 28.33, 26.053, 18.7, 14.277, 13.262, 8.906, 0.0, 7.603, 12.688, 17.943, 21.514, 23.929, 24.854, 25.561, 27.496, 29.161, 29.329, 31.025, 33.186, 33.509, 33.546, 34.651, 35.48, 37.199, 38.034, 38.34, 39.422, 39.532, 39.116, 38.627, 38.56, 38.179, 37.905, 38.686, 39.208, 39.103, 38.339, 37.833, 37.554, 37.071, 36.709, 36.046, 36.515, 36.508, 36.817, 37.277, 36.926, 36.436, 36.288, 36.317, 36.242, 36.316, 36.229, 35.442, 35.131, 35.549, 36.208, 36.415, 36.242, 36.18, 35.837, 35.568, 35.522, 35.472, 35.534, 35.801, 35.847, 35.542, 35.345, 35.231, 35.381, 35.592, 35.323, 35.092, 35.115, 34.659, 36.0, 38.022, 38.882, 38.901, 38.694, 39.448, 39.371, 39.608, 39.842, 39.263, 41.245, 44.009, 44.0, 42.811, 42.523, 42.399, 41.729, 41.508, 41.183, 40.224, 39.803, 39.944, 39.592, 39.226, 39.566, 40.87, 41.329, 39.718, 38.143, 38.29, 37.724, 35.973, 36.338, 36.191, 36.314, 36.806, 36.959, 38.621], [37.665, 37.03, 37.118, 35.997, 35.992, 36.593, 36.771, 37.463, 37.809, 37.988, 38.56, 38.348, 37.087, 35.602, 34.31, 33.276, 32.429, 31.818, 30.499, 28.399, 21.887, 17.996, 17.2, 14.228, 7.603, 0.0, 8.234, 15.594, 19.785, 22.449, 23.472, 24.374, 26.637, 28.537, 28.678, 30.293, 32.543, 32.939, 33.026, 34.156, 34.978, 36.701, 37.589, 37.922, 38.989, 39.118, 38.738, 38.246, 38.14, 37.751, 37.494, 38.309, 38.832, 38.713, 37.93, 37.411, 37.094, 36.582, 36.213, 35.524, 35.988, 36.002, 36.372, 36.867, 36.493, 35.989, 35.87, 35.897, 35.799, 35.864, 35.761, 34.945, 34.647, 35.143, 35.792, 36.007, 35.883, 35.885, 35.588, 35.337, 35.33, 35.304, 35.397, 35.683, 35.721, 35.442, 35.255, 35.121, 35.275, 35.511, 35.269, 35.071, 35.07, 34.507, 35.761, 37.792, 38.648, 38.654, 38.478, 39.28, 39.233, 39.487, 39.724, 39.142, 41.127, 43.907, 43.88, 42.68, 42.386, 42.248, 41.57, 41.354, 41.011, 40.029, 39.61, 39.735, 39.358, 39.008, 39.354, 40.635, 41.093, 39.453, 37.831, 37.928, 37.3, 35.545, 35.931, 35.756, 35.991, 36.545, 36.712, 38.732], [37.463, 36.771, 36.8, 35.676, 35.796, 36.468, 36.65, 37.347, 37.745, 37.994, 38.617, 38.426, 37.147, 35.687, 34.544, 33.646, 32.875, 32.348, 31.094, 29.195, 23.473, 20.268, 19.552, 16.909, 12.688, 8.234, 0.0, 9.833, 15.892, 19.357, 20.597, 21.642, 24.134, 26.367, 26.614, 28.295, 30.659, 31.168, 31.442, 32.743, 33.591, 35.392, 36.404, 36.816, 38.138, 38.337, 37.951, 37.59, 37.668, 37.313, 37.018, 37.854, 38.395, 38.279, 37.49, 36.962, 36.585, 36.015, 35.623, 34.957, 35.469, 35.486, 35.894, 36.406, 35.998, 35.476, 35.36, 35.365, 35.224, 35.266, 35.146, 34.283, 33.971, 34.555, 35.173, 35.288, 35.092, 35.044, 34.719, 34.48, 34.446, 34.39, 34.475, 34.773, 34.836, 34.577, 34.438, 34.349, 34.535, 34.78, 34.552, 34.426, 34.455, 33.897, 35.291, 37.396, 38.322, 38.38, 38.244, 39.077, 39.048, 39.337, 39.56, 38.952, 41.008, 43.897, 43.854, 42.618, 42.32, 42.152, 41.448, 41.233, 40.859, 39.853, 39.424, 39.514, 39.105, 38.769, 39.115, 40.405, 40.866, 39.172, 37.524, 37.607, 36.952, 35.111, 35.428, 35.182, 35.367, 35.958, 36.161, 38.55], [37.617, 36.966, 36.953, 35.892, 36.1, 36.78, 36.985, 37.728, 38.11, 38.363, 39.028, 38.872, 37.67, 36.286, 35.249, 34.542, 33.851, 33.42, 32.332, 30.747, 26.053, 23.475, 22.954, 20.938, 17.943, 15.594, 9.833, 0.0, 8.784, 14.271, 16.005, 17.197, 20.054, 22.764, 23.306, 25.265, 27.876, 28.73, 29.502, 31.021, 31.845, 33.889, 35.127, 35.529, 37.154, 37.511, 37.094, 36.94, 37.398, 37.163, 36.848, 37.581, 38.079, 37.984, 37.253, 36.787, 36.401, 35.821, 35.466, 34.965, 35.523, 35.573, 35.973, 36.464, 36.075, 35.578, 35.503, 35.51, 35.336, 35.373, 35.288, 34.437, 34.087, 34.65, 35.113, 34.979, 34.651, 34.56, 34.196, 33.939, 33.894, 33.801, 33.875, 34.142, 34.223, 34.045, 33.985, 33.944, 34.124, 34.342, 34.173, 34.205, 34.318, 33.7, 35.319, 37.589, 38.557, 38.659, 38.59, 39.468, 39.463, 39.749, 39.941, 39.348, 41.411, 44.291, 44.238, 42.932, 42.602, 42.415, 41.674, 41.449, 41.07, 40.044, 39.566, 39.606, 39.168, 38.837, 39.178, 40.45, 40.885, 39.186, 37.524, 37.56, 36.914, 35.029, 35.217, 34.945, 35.112, 35.765, 35.999, 38.719], [38.253, 37.66, 37.6, 36.569, 36.787, 37.408, 37.665, 38.507, 38.868, 39.088, 39.786, 39.712, 38.65, 37.36, 36.458, 35.947, 35.282, 34.91, 34.009, 32.712, 28.636, 26.129, 25.632, 24.021, 21.514, 19.785, 15.892, 8.784, 0.0, 7.46, 10.408, 11.896, 15.292, 18.742, 19.831, 22.307, 25.292, 26.732, 28.265, 29.965, 30.678, 33.074, 34.569, 34.932, 36.714, 37.219, 36.827, 36.79, 37.579, 37.529, 37.26, 37.889, 38.329, 38.247, 37.595, 37.21, 36.844, 36.293, 35.998, 35.582, 36.111, 36.213, 36.596, 37.058, 36.711, 36.264, 36.246, 36.272, 36.101, 36.198, 36.151, 35.295, 34.909, 35.427, 35.779, 35.501, 35.099, 35.014, 34.651, 34.346, 34.322, 34.219, 34.307, 34.558, 34.66, 34.563, 34.556, 34.532, 34.658, 34.833, 34.734, 34.885, 35.06, 34.335, 35.929, 38.183, 39.066, 39.152, 39.135, 40.066, 40.077, 40.369, 40.603, 40.048, 42.041, 44.864, 44.807, 43.47, 43.088, 42.893, 42.14, 41.859, 41.458, 40.423, 39.936, 40.055, 39.675, 39.359, 39.683, 40.87, 41.248, 39.553, 37.88, 37.912, 37.308, 35.443, 35.581, 35.306, 35.429, 36.148, 36.384, 39.354], [38.71, 38.135, 38.099, 37.1, 37.298, 37.877, 38.177, 39.068, 39.4, 39.593, 40.276, 40.244, 39.317, 38.118, 37.345, 36.984, 36.369, 36.062, 35.308, 34.212, 30.446, 27.858, 27.349, 26.013, 23.929, 22.449, 19.357, 14.271, 7.46, 0.0, 4.869, 7.749, 11.84, 16.169, 17.9, 20.794, 24.003, 25.736, 27.758, 29.598, 30.212, 32.933, 34.632, 34.978, 36.806, 37.359, 36.989, 36.924, 37.737, 37.825, 37.698, 38.264, 38.656, 38.559, 37.947, 37.607, 37.267, 36.77, 36.509, 36.132, 36.629, 36.741, 37.113, 37.559, 37.242, 36.814, 36.837, 36.897, 36.747, 36.875, 36.81, 35.925, 35.5, 36.001, 36.324, 36.013, 35.607, 35.58, 35.271, 34.954, 34.983, 34.889, 34.992, 35.232, 35.331, 35.291, 35.31, 35.269, 35.35, 35.493, 35.418, 35.615, 35.807, 35.041, 36.523, 38.626, 39.365, 39.434, 39.427, 40.358, 40.384, 40.671, 40.935, 40.433, 42.363, 45.099, 45.012, 43.705, 43.311, 43.134, 42.408, 42.067, 41.624, 40.606, 40.146, 40.346, 40.073, 39.81, 40.104, 41.2, 41.546, 39.851, 38.177, 38.228, 37.663, 35.838, 35.936, 35.664, 35.748, 36.51, 36.729, 39.787], [38.787, 38.215, 38.226, 37.274, 37.473, 38.033, 38.321, 39.199, 39.529, 39.73, 40.405, 40.381, 39.491, 38.342, 37.629, 37.305, 36.715, 36.435, 35.72, 34.72, 31.168, 28.633, 28.098, 26.805, 24.854, 23.472, 20.597, 16.005, 10.408, 4.869, 0.0, 4.786, 10.362, 15.235, 17.365, 20.46, 23.733, 25.588, 27.861, 29.823, 30.39, 33.067, 34.755, 35.09, 36.907, 37.459, 37.09, 37.016, 37.813, 37.876, 37.777, 38.352, 38.729, 38.608, 37.998, 37.679, 37.362, 36.895, 36.648, 36.281, 36.753, 36.863, 37.248, 37.701, 37.393, 36.986, 37.031, 37.096, 36.945, 37.078, 37.015, 36.118, 35.663, 36.15, 36.464, 36.154, 35.753, 35.729, 35.442, 35.125, 35.154, 35.039, 35.139, 35.365, 35.454, 35.453, 35.489, 35.416, 35.473, 35.612, 35.528, 35.721, 35.929, 35.213, 36.718, 38.76, 39.432, 39.497, 39.477, 40.386, 40.412, 40.704, 40.983, 40.499, 42.397, 45.073, 45.012, 43.757, 43.385, 43.22, 42.496, 42.137, 41.678, 40.673, 40.226, 40.416, 40.18, 39.963, 40.255, 41.331, 41.663, 39.972, 38.307, 38.347, 37.798, 36.015, 36.103, 35.802, 35.879, 36.654, 36.86, 39.836], [38.718, 38.161, 38.194, 37.206, 37.361, 37.905, 38.192, 39.069, 39.407, 39.618, 40.321, 40.309, 39.386, 38.258, 37.604, 37.307, 36.734, 36.469, 35.776, 34.852, 31.485, 29.081, 28.541, 27.289, 25.561, 24.374, 21.642, 17.197, 11.896, 7.749, 4.786, 0.0, 7.386, 13.318, 15.813, 19.285, 22.844, 24.938, 27.453, 29.521, 30.095, 32.767, 34.485, 34.836, 36.682, 37.241, 36.864, 36.805, 37.639, 37.728, 37.627, 38.227, 38.623, 38.509, 37.908, 37.588, 37.275, 36.81, 36.587, 36.21, 36.637, 36.753, 37.149, 37.606, 37.307, 36.912, 36.966, 37.021, 36.861, 37.008, 36.959, 36.079, 35.611, 36.069, 36.374, 36.058, 35.654, 35.6, 35.305, 35.014, 35.023, 34.885, 34.994, 35.228, 35.309, 35.296, 35.33, 35.243, 35.289, 35.442, 35.366, 35.573, 35.801, 35.133, 36.75, 38.836, 39.515, 39.579, 39.54, 40.427, 40.43, 40.735, 41.033, 40.54, 42.462, 45.178, 45.122, 43.843, 43.477, 43.325, 42.576, 42.199, 41.74, 40.733, 40.282, 40.427, 40.15, 39.934, 40.233, 41.311, 41.617, 39.9, 38.197, 38.192, 37.659, 35.869, 35.968, 35.64, 35.711, 36.521, 36.722, 39.746], [39.154, 38.626, 38.633, 37.685, 37.809, 38.332, 38.619, 39.463, 39.786, 39.999, 40.667, 40.639, 39.773, 38.704, 38.148, 37.955, 37.453, 37.224, 36.594, 35.802, 32.751, 30.431, 29.815, 28.733, 27.496, 26.637, 24.134, 20.054, 15.292, 11.84, 10.362, 7.386, 0.0, 7.696, 11.783, 15.987, 20.148, 22.93, 26.144, 28.488, 29.077, 31.989, 33.997, 34.444, 36.333, 36.919, 36.586, 36.606, 37.518, 37.742, 37.77, 38.391, 38.807, 38.746, 38.23, 37.928, 37.615, 37.177, 36.98, 36.609, 36.973, 37.09, 37.465, 37.906, 37.621, 37.241, 37.331, 37.403, 37.234, 37.368, 37.305, 36.467, 36.031, 36.444, 36.692, 36.341, 35.926, 35.843, 35.553, 35.312, 35.336, 35.189, 35.305, 35.543, 35.622, 35.608, 35.666, 35.622, 35.663, 35.792, 35.741, 36.014, 36.253, 35.602, 37.199, 39.223, 39.887, 39.976, 39.925, 40.749, 40.703, 41.0, 41.312, 40.854, 42.725, 45.386, 45.309, 44.01, 43.628, 43.489, 42.731, 42.32, 41.865, 40.886, 40.462, 40.621, 40.343, 40.137, 40.42, 41.443, 41.741, 40.091, 38.389, 38.299, 37.793, 36.062, 36.154, 35.834, 35.928, 36.784, 36.963, 40.154], [39.638, 39.113, 39.106, 38.245, 38.368, 38.872, 39.14, 39.935, 40.254, 40.477, 41.099, 41.06, 40.313, 39.301, 38.757, 38.634, 38.187, 37.958, 37.373, 36.627, 33.866, 31.686, 30.985, 30.073, 29.161, 28.537, 26.367, 22.764, 18.742, 16.169, 15.235, 13.318, 7.696, 0.0, 6.72, 12.806, 17.619, 21.01, 24.802, 27.373, 27.934, 30.945, 33.218, 33.804, 35.711, 36.32, 36.082, 36.176, 37.149, 37.544, 37.75, 38.423, 38.837, 38.869, 38.527, 38.301, 38.0, 37.594, 37.42, 37.061, 37.417, 37.513, 37.861, 38.28, 38.005, 37.662, 37.777, 37.866, 37.697, 37.815, 37.751, 36.945, 36.541, 36.9, 37.066, 36.7, 36.28, 36.194, 35.909, 35.683, 35.748, 35.61, 35.715, 35.924, 35.998, 36.008, 36.083, 36.076, 36.128, 36.243, 36.202, 36.524, 36.767, 36.125, 37.665, 39.569, 40.179, 40.311, 40.277, 41.049, 40.998, 41.305, 41.658, 41.223, 42.937, 45.476, 45.392, 44.109, 43.746, 43.623, 42.87, 42.464, 42.037, 41.094, 40.698, 40.862, 40.59, 40.417, 40.671, 41.621, 41.927, 40.389, 38.776, 38.645, 38.14, 36.542, 36.631, 36.318, 36.442, 37.295, 37.454, 40.613], [39.124, 38.496, 38.459, 37.618, 37.812, 38.338, 38.592, 39.421, 39.783, 40.04, 40.683, 40.632, 39.892, 38.927, 38.496, 38.45, 38.076, 37.877, 37.299, 36.591, 33.906, 31.759, 31.027, 30.206, 29.329, 28.678, 26.614, 23.306, 19.831, 17.9, 17.365, 15.813, 11.783, 6.72, 0.0, 8.372, 14.767, 18.5, 22.533, 25.34, 25.972, 29.203, 31.686, 32.312, 34.251, 34.898, 34.721, 34.841, 35.914, 36.445, 36.747, 37.541, 38.021, 38.103, 37.85, 37.705, 37.406, 36.983, 36.775, 36.336, 36.72, 36.797, 37.162, 37.601, 37.319, 36.967, 37.071, 37.144, 36.949, 37.064, 37.004, 36.199, 35.801, 36.079, 36.206, 35.917, 35.514, 35.43, 35.161, 34.954, 35.05, 34.901, 35.029, 35.281, 35.344, 35.33, 35.384, 35.361, 35.44, 35.595, 35.558, 35.893, 36.127, 35.417, 37.0, 38.951, 39.551, 39.676, 39.632, 40.422, 40.362, 40.734, 41.151, 40.685, 42.436, 45.097, 44.986, 43.682, 43.356, 43.228, 42.465, 42.094, 41.685, 40.71, 40.293, 40.471, 40.212, 40.044, 40.297, 41.28, 41.629, 40.066, 38.42, 38.303, 37.722, 36.015, 36.109, 35.76, 35.738, 36.557, 36.731, 40.137], [38.791, 38.071, 37.959, 37.209, 37.555, 38.08, 38.296, 39.186, 39.592, 39.877, 40.512, 40.463, 39.753, 38.838, 38.714, 38.935, 38.68, 38.587, 38.088, 37.545, 35.298, 33.278, 32.569, 31.868, 31.025, 30.293, 28.295, 25.265, 22.307, 20.794, 20.46, 19.285, 15.987, 12.806, 8.372, 0.0, 8.54, 13.986, 19.321, 22.875, 23.621, 27.137, 30.013, 30.654, 32.568, 33.285, 33.175, 33.396, 34.732, 35.463, 35.838, 36.732, 37.275, 37.396, 37.221, 37.168, 36.906, 36.512, 36.267, 35.774, 36.201, 36.263, 36.635, 37.107, 36.814, 36.422, 36.531, 36.617, 36.392, 36.508, 36.436, 35.597, 35.189, 35.429, 35.492, 35.264, 34.884, 34.833, 34.645, 34.494, 34.579, 34.405, 34.603, 34.911, 34.945, 34.932, 34.988, 34.916, 34.956, 35.117, 35.114, 35.502, 35.736, 34.916, 36.411, 38.348, 38.928, 39.018, 38.933, 39.705, 39.583, 40.008, 40.499, 40.013, 41.777, 44.538, 44.402, 43.094, 42.811, 42.663, 41.926, 41.624, 41.251, 40.269, 39.843, 40.06, 39.845, 39.697, 39.962, 41.0, 41.413, 39.862, 38.169, 38.057, 37.411, 35.575, 35.624, 35.195, 34.969, 35.774, 35.961, 39.854], [38.73, 38.004, 37.939, 37.245, 37.633, 38.151, 38.349, 39.261, 39.692, 40.0, 40.648, 40.636, 39.977, 39.068, 39.064, 39.415, 39.205, 39.165, 38.76, 38.382, 36.756, 35.078, 34.411, 33.839, 33.186, 32.543, 30.659, 27.876, 25.292, 24.003, 23.733, 22.844, 20.148, 17.619, 14.767, 8.54, 0.0, 8.186, 16.279, 20.817, 21.484, 25.292, 28.628, 29.362, 31.342, 32.148, 32.091, 32.438, 33.958, 34.842, 35.318, 36.261, 36.801, 36.955, 36.883, 36.903, 36.682, 36.346, 36.116, 35.691, 36.163, 36.232, 36.616, 37.119, 36.826, 36.419, 36.536, 36.658, 36.43, 36.539, 36.469, 35.664, 35.259, 35.464, 35.433, 35.164, 34.786, 34.796, 34.678, 34.559, 34.633, 34.434, 34.665, 34.962, 34.977, 35.002, 35.069, 34.966, 34.949, 35.05, 35.062, 35.527, 35.762, 34.885, 36.24, 38.053, 38.612, 38.694, 38.599, 39.346, 39.207, 39.67, 40.194, 39.698, 41.421, 44.156, 44.011, 42.751, 42.517, 42.368, 41.652, 41.382, 41.008, 40.05, 39.654, 39.892, 39.722, 39.612, 39.861, 40.911, 41.34, 39.782, 38.115, 38.028, 37.377, 35.518, 35.498, 35.086, 34.848, 35.638, 35.813, 39.795], [37.918, 37.132, 37.008, 36.251, 36.705, 37.286, 37.478, 38.464, 39.0, 39.402, 40.14, 40.157, 39.409, 38.37, 38.319, 38.632, 38.452, 38.438, 38.025, 37.738, 36.412, 35.068, 34.46, 33.988, 33.509, 32.939, 31.168, 28.73, 26.732, 25.736, 25.588, 24.938, 22.93, 21.01, 18.5, 13.986, 8.186, 0.0, 10.702, 17.099, 17.999, 22.243, 26.052, 26.923, 29.215, 30.156, 30.093, 30.462, 32.093, 33.164, 33.848, 34.986, 35.579, 35.748, 35.702, 35.739, 35.485, 35.095, 34.845, 34.469, 35.056, 35.104, 35.599, 36.192, 35.875, 35.403, 35.477, 35.58, 35.346, 35.483, 35.447, 34.674, 34.26, 34.466, 34.528, 34.312, 33.907, 33.874, 33.721, 33.651, 33.733, 33.473, 33.703, 34.041, 34.035, 34.019, 34.058, 33.929, 33.932, 34.05, 34.003, 34.459, 34.714, 33.831, 35.341, 37.333, 38.008, 38.075, 37.968, 38.75, 38.599, 39.061, 39.553, 38.959, 40.786, 43.705, 43.551, 42.228, 42.027, 41.861, 41.086, 40.824, 40.434, 39.43, 39.035, 39.24, 39.013, 38.891, 39.148, 40.282, 40.732, 39.068, 37.349, 37.308, 36.601, 34.595, 34.564, 34.101, 33.811, 34.565, 34.755, 39.116], [36.929, 36.063, 35.82, 34.962, 35.516, 36.19, 36.351, 37.399, 38.102, 38.636, 39.448, 39.489, 38.635, 37.456, 37.333, 37.574, 37.396, 37.388, 36.932, 36.697, 35.598, 34.739, 34.269, 33.894, 33.546, 33.026, 31.442, 29.502, 28.265, 27.758, 27.861, 27.453, 26.144, 24.802, 22.533, 19.321, 16.279, 10.702, 0.0, 9.151, 12.101, 16.927, 21.141, 22.186, 25.071, 26.302, 26.169, 26.562, 28.519, 29.936, 30.996, 32.572, 33.311, 33.55, 33.648, 33.895, 33.688, 33.183, 32.869, 32.794, 33.722, 33.717, 34.395, 35.102, 34.74, 34.198, 34.211, 34.265, 34.035, 34.20