[[0.0, 3.759, 8.759, 13.579, 16.881, 18.836, 19.995, 20.568, 20.955, 22.503, 25.094, 27.435, 28.956, 29.631, 30.034, 30.707, 31.79, 32.996, 34.241, 35.238, 35.784, 35.884, 35.935, 36.473, 37.536, 38.534, 39.085, 39.045, 38.616, 38.391, 38.764, 39.549, 40.077, 40.088, 39.994, 39.948, 39.876, 39.853, 40.074, 40.503, 40.73, 40.246, 39.181, 38.211, 37.911, 38.458, 39.162, 39.525, 39.797, 40.233, 40.67, 40.704, 40.194, 39.557, 39.387, 39.806, 40.302, 40.389, 40.159, 39.989, 40.198, 40.628, 40.783, 40.642, 40.566, 40.776, 41.236, 41.835, 42.46, 42.924, 43.017, 42.578, 41.71, 40.673, 39.766, 39.276, 39.045, 38.692, 37.911, 36.824, 35.716, 34.781, 34.236, 34.109, 34.189, 34.143, 34.17, 34.639, 35.173, 35.249, 34.923, 34.662, 34.959, 35.826, 36.481, 36.675, 36.602, 36.49, 36.454, 36.316, 36.02, 35.746, 35.492, 35.053, 34.505, 34.221, 34.188, 34.048, 33.624, 33.254, 33.355, 34.251, 35.905, 37.414, 38.043, 37.983, 37.653, 37.637, 38.143, 38.976, 39.783, 40.274, 40.427, 40.27, 39.863, 39.278, 38.78, 38.561, 38.362, 37.983, 37.489, 37.097, 37.006, 37.128, 37.183, 36.979, 36.585, 36.221, 36.058, 36.098, 36.194, 36.121, 35.82, 35.458, 35.107, 34.637, 34.04, 33.582, 33.565, 33.925, 34.04, 33.587, 32.932, 32.712, 33.116, 33.594, 33.728, 3.729], [3.759, 0.0, 5.524, 11.034, 14.907, 17.218, 18.533, 19.204, 19.86, 21.878, 24.779, 27.232, 28.772, 29.428, 29.825, 30.525, 31.651, 32.889, 34.135, 35.113, 35.646, 35.747, 35.804, 36.348, 37.419, 38.423, 38.971, 38.926, 38.5, 38.291, 38.678, 39.46, 39.978, 39.993, 39.909, 39.874, 39.809, 39.783, 39.994, 40.411, 40.635, 40.155, 39.096, 38.124, 37.819, 38.368, 39.08, 39.452, 39.736, 40.181, 40.625, 40.66, 40.149, 39.508, 39.336, 39.757, 40.254, 40.341, 40.115, 39.953, 40.169, 40.603, 40.764, 40.63, 40.555, 40.767, 41.235, 41.844, 42.467, 42.918, 43.006, 42.575, 41.721, 40.697, 39.783, 39.264, 39.001, 38.628, 37.845, 36.768, 35.664, 34.707, 34.13, 33.983, 34.059, 34.017, 34.043, 34.502, 35.023, 35.088, 34.753, 34.479, 34.765, 35.638, 36.302, 36.499, 36.429, 36.328, 36.307, 36.18, 35.886, 35.614, 35.365, 34.929, 34.384, 34.1, 34.06, 33.903, 33.467, 33.104, 33.241, 34.185, 35.871, 37.394, 38.025, 37.959, 37.618, 37.58, 38.061, 38.884, 39.697, 40.198, 40.349, 40.176, 39.758, 39.17, 38.671, 38.451, 38.252, 37.883, 37.396, 36.996, 36.888, 36.993, 37.04, 36.838, 36.446, 36.078, 35.91, 35.95, 36.049, 35.98, 35.681, 35.317, 34.961, 34.482, 33.873, 33.405, 33.381, 33.74, 33.866, 33.438, 32.823, 32.634, 33.046, 33.523, 33.659, 6.169], [8.759, 5.524, 0.0, 6.138, 10.944, 14.073, 15.806, 16.66, 17.735, 20.523, 23.939, 26.611, 28.23, 28.906, 29.32, 30.07, 31.275, 32.59, 33.872, 34.85, 35.386, 35.503, 35.573, 36.125, 37.208, 38.22, 38.765, 38.711, 38.291, 38.119, 38.556, 39.363, 39.88, 39.893, 39.807, 39.778, 39.723, 39.707, 39.916, 40.315, 40.529, 40.054, 39.009, 38.048, 37.743, 38.289, 39.002, 39.382, 39.679, 40.136, 40.588, 40.633, 40.128, 39.487, 39.314, 39.734, 40.23, 40.319, 40.1, 39.952, 40.179, 40.62, 40.789, 40.662, 40.589, 40.806, 41.286, 41.907, 42.527, 42.959, 43.033, 42.613, 41.789, 40.799, 39.879, 39.316, 38.995, 38.587, 37.814, 36.779, 35.702, 34.729, 34.107, 33.919, 33.98, 33.94, 33.954, 34.384, 34.871, 34.917, 34.579, 34.298, 34.571, 35.442, 36.101, 36.288, 36.217, 36.132, 36.139, 36.03, 35.74, 35.471, 35.233, 34.817, 34.289, 34.012, 33.967, 33.791, 33.333, 32.965, 33.132, 34.133, 35.858, 37.398, 38.035, 37.973, 37.623, 37.545, 37.97, 38.761, 39.582, 40.104, 40.261, 40.076, 39.641, 39.041, 38.534, 38.303, 38.103, 37.748, 37.274, 36.863, 36.723, 36.797, 36.838, 36.65, 36.272, 35.905, 35.73, 35.767, 35.865, 35.791, 35.485, 35.119, 34.767, 34.284, 33.664, 33.179, 33.14, 33.498, 33.647, 33.28, 32.758, 32.646, 33.082, 33.557, 33.698, 10.084], [13.579, 11.034, 6.138, 0.0, 5.648, 9.94, 12.446, 13.641, 15.133, 18.709, 22.706, 25.682, 27.453, 28.208, 28.69, 29.538, 30.854, 32.272, 33.609, 34.607, 35.17, 35.313, 35.396, 35.949, 37.033, 38.039, 38.574, 38.515, 38.119, 38.003, 38.496, 39.332, 39.847, 39.851, 39.758, 39.729, 39.687, 39.694, 39.918, 40.307, 40.519, 40.057, 39.038, 38.102, 37.805, 38.335, 39.029, 39.4, 39.69, 40.137, 40.591, 40.65, 40.167, 39.545, 39.378, 39.793, 40.283, 40.376, 40.171, 40.041, 40.285, 40.733, 40.904, 40.775, 40.703, 40.926, 41.416, 42.047, 42.668, 43.084, 43.143, 42.735, 41.949, 41.004, 40.094, 39.491, 39.106, 38.661, 37.916, 36.951, 35.935, 34.989, 34.354, 34.131, 34.174, 34.127, 34.11, 34.487, 34.923, 34.944, 34.607, 34.323, 34.583, 35.438, 36.073, 36.236, 36.156, 36.083, 36.114, 36.022, 35.738, 35.477, 35.257, 34.871, 34.377, 34.12, 34.079, 33.901, 33.435, 33.05, 33.208, 34.21, 35.925, 37.457, 38.105, 38.063, 37.725, 37.619, 37.978, 38.723, 39.542, 40.081, 40.247, 40.061, 39.62, 39.014, 38.502, 38.26, 38.058, 37.724, 37.275, 36.873, 36.716, 36.767, 36.806, 36.638, 36.284, 35.928, 35.754, 35.787, 35.879, 35.793, 35.472, 35.104, 34.765, 34.296, 33.682, 33.193, 33.143, 33.495, 33.662, 33.357, 32.933, 32.893, 33.349, 33.817, 33.957, 14.401], [16.881, 14.907, 10.944, 5.648, 0.0, 5.118, 8.569, 10.394, 12.267, 16.369, 20.849, 24.18, 26.176, 27.063, 27.674, 28.707, 30.2, 31.735, 33.134, 34.17, 34.769, 34.936, 35.035, 35.599, 36.688, 37.696, 38.23, 38.178, 37.815, 37.755, 38.299, 39.163, 39.683, 39.68, 39.578, 39.543, 39.51, 39.546, 39.799, 40.205, 40.43, 39.982, 38.979, 38.059, 37.767, 38.278, 38.943, 39.291, 39.563, 39.994, 40.441, 40.513, 40.056, 39.459, 39.307, 39.72, 40.202, 40.299, 40.109, 39.999, 40.26, 40.717, 40.884, 40.749, 40.679, 40.91, 41.408, 42.051, 42.691, 43.11, 43.159, 42.752, 41.983, 41.055, 40.146, 39.515, 39.083, 38.609, 37.878, 36.953, 35.984, 35.083, 34.474, 34.257, 34.3, 34.237, 34.176, 34.498, 34.899, 34.906, 34.563, 34.267, 34.517, 35.369, 35.996, 36.145, 36.057, 35.989, 36.035, 35.954, 35.676, 35.42, 35.208, 34.837, 34.363, 34.123, 34.096, 33.937, 33.483, 33.079, 33.193, 34.144, 35.827, 37.359, 38.027, 38.011, 37.696, 37.595, 37.935, 38.661, 39.478, 40.02, 40.19, 40.012, 39.576, 38.973, 38.457, 38.207, 38.006, 37.689, 37.267, 36.886, 36.736, 36.785, 36.827, 36.668, 36.327, 35.979, 35.806, 35.836, 35.918, 35.819, 35.483, 35.106, 34.767, 34.304, 33.693, 33.203, 33.15, 33.501, 33.67, 33.375, 32.965, 32.94, 33.407, 33.874, 34.008, 17.48], [18.836, 17.218, 14.073, 9.94, 5.118, 0.0, 4.174, 6.967, 9.596, 14.193, 18.967, 22.545, 24.72, 25.726, 26.49, 27.76, 29.475, 31.128, 32.58, 33.643, 34.261, 34.446, 34.568, 35.157, 36.267, 37.286, 37.829, 37.791, 37.454, 37.432, 38.008, 38.893, 39.424, 39.422, 39.315, 39.274, 39.241, 39.293, 39.575, 40.012, 40.257, 39.812, 38.809, 37.897, 37.617, 38.128, 38.777, 39.103, 39.351, 39.765, 40.203, 40.277, 39.836, 39.26, 39.125, 39.542, 40.017, 40.111, 39.929, 39.834, 40.106, 40.563, 40.723, 40.581, 40.517, 40.76, 41.268, 41.923, 42.579, 43.008, 43.048, 42.629, 41.849, 40.913, 40.003, 39.366, 38.912, 38.414, 37.669, 36.743, 35.793, 34.935, 34.374, 34.195, 34.253, 34.172, 34.071, 34.357, 34.749, 34.759, 34.404, 34.086, 34.331, 35.196, 35.835, 35.988, 35.898, 35.829, 35.881, 35.806, 35.532, 35.277, 35.062, 34.691, 34.221, 33.989, 33.973, 33.833, 33.396, 32.988, 33.065, 33.962, 35.624, 37.173, 37.865, 37.866, 37.57, 37.492, 37.856, 38.6, 39.423, 39.967, 40.138, 39.963, 39.53, 38.924, 38.402, 38.148, 37.949, 37.635, 37.22, 36.853, 36.714, 36.768, 36.809, 36.644, 36.298, 35.949, 35.774, 35.8, 35.876, 35.769, 35.422, 35.032, 34.681, 34.208, 33.588, 33.09, 33.034, 33.39, 33.561, 33.247, 32.801, 32.751, 33.22, 33.694, 33.825, 19.29], [19.995, 18.533, 15.806, 12.446, 8.569, 4.174, 0.0, 3.646, 7.549, 12.999, 17.993, 21.608, 23.793, 24.821, 25.662, 27.093, 28.994, 30.755, 32.254, 33.324, 33.938, 34.132, 34.274, 34.89, 36.025, 37.055, 37.605, 37.576, 37.256, 37.25, 37.833, 38.722, 39.259, 39.262, 39.16, 39.121, 39.085, 39.137, 39.436, 39.902, 40.167, 39.724, 38.714, 37.803, 37.539, 38.065, 38.714, 39.029, 39.261, 39.66, 40.088, 40.159, 39.724, 39.164, 39.043, 39.464, 39.936, 40.024, 39.841, 39.747, 40.019, 40.471, 40.624, 40.48, 40.42, 40.67, 41.181, 41.837, 42.493, 42.922, 42.951, 42.511, 41.713, 40.765, 39.857, 39.227, 38.774, 38.267, 37.507, 36.568, 35.622, 34.798, 34.283, 34.135, 34.203, 34.112, 33.991, 34.26, 34.651, 34.669, 34.312, 33.988, 34.236, 35.108, 35.756, 35.916, 35.825, 35.757, 35.812, 35.743, 35.47, 35.21, 34.99, 34.614, 34.145, 33.916, 33.904, 33.771, 33.344, 32.947, 33.019, 33.892, 35.544, 37.101, 37.797, 37.793, 37.497, 37.437, 37.829, 38.596, 39.428, 39.974, 40.147, 39.971, 39.531, 38.92, 38.397, 38.146, 37.945, 37.621, 37.197, 36.829, 36.69, 36.741, 36.777, 36.605, 36.252, 35.901, 35.726, 35.75, 35.822, 35.709, 35.351, 34.946, 34.58, 34.097, 33.472, 32.969, 32.912, 33.275, 33.455, 33.139, 32.675, 32.612, 33.083, 33.563, 33.693, 20.346], [20.568, 19.204, 16.66, 13.641, 10.394, 6.967, 3.646, 0.0, 4.975, 11.568, 17.104, 20.921, 23.144, 24.153, 24.991, 26.492, 28.515, 30.366, 31.916, 33.0, 33.618, 33.824, 33.98, 34.616, 35.773, 36.818, 37.376, 37.357, 37.051, 37.056, 37.643, 38.535, 39.078, 39.09, 38.998, 38.967, 38.933, 38.991, 39.314, 39.812, 40.1, 39.662, 38.646, 37.735, 37.484, 38.022, 38.673, 38.983, 39.21, 39.604, 40.03, 40.107, 39.682, 39.135, 39.024, 39.447, 39.918, 40.004, 39.819, 39.723, 39.991, 40.441, 40.591, 40.446, 40.39, 40.642, 41.15, 41.798, 42.451, 42.881, 42.904, 42.45, 41.631, 40.665, 39.744, 39.115, 38.67, 38.165, 37.394, 36.437, 35.491, 34.697, 34.219, 34.091, 34.161, 34.07, 33.948, 34.217, 34.609, 34.625, 34.27, 33.956, 34.216, 35.097, 35.749, 35.907, 35.814, 35.745, 35.803, 35.74, 35.468, 35.205, 34.978, 34.598, 34.128, 33.899, 33.887, 33.754, 33.329, 32.936, 33.005, 33.867, 35.506, 37.058, 37.751, 37.738, 37.431, 37.368, 37.766, 38.534, 39.363, 39.905, 40.08, 39.909, 39.472, 38.863, 38.342, 38.091, 37.884, 37.55, 37.12, 36.747, 36.602, 36.646, 36.676, 36.5, 36.147, 35.794, 35.618, 35.638, 35.707, 35.59, 35.223, 34.806, 34.429, 33.944, 33.325, 32.827, 32.775, 33.145, 33.335, 33.027, 32.57, 32.517, 32.995, 33.481, 33.61, 20.854], [20.955, 19.86, 17.735, 15.133, 12.267, 9.596, 7.549, 4.975, 0.0, 7.427, 13.984, 18.654, 21.329, 22.476, 23.364, 25.004, 27.212, 29.193, 30.842, 32.012, 32.704, 32.954, 33.129, 33.794, 35.0, 36.094, 36.687, 36.695, 36.415, 36.454, 37.085, 38.025, 38.6, 38.623, 38.536, 38.513, 38.497, 38.596, 38.979, 39.533, 39.856, 39.427, 38.402, 37.482, 37.232, 37.769, 38.417, 38.726, 38.956, 39.358, 39.799, 39.89, 39.476, 38.933, 38.823, 39.247, 39.722, 39.811, 39.625, 39.523, 39.792, 40.252, 40.409, 40.264, 40.209, 40.465, 40.975, 41.628, 42.301, 42.76, 42.799, 42.334, 41.479, 40.457, 39.493, 38.858, 38.428, 37.929, 37.138, 36.139, 35.167, 34.383, 33.937, 33.842, 33.928, 33.83, 33.707, 33.991, 34.398, 34.404, 34.018, 33.694, 33.982, 34.905, 35.583, 35.743, 35.636, 35.554, 35.606, 35.544, 35.275, 35.011, 34.78, 34.388, 33.904, 33.668, 33.661, 33.533, 33.103, 32.689, 32.723, 33.539, 35.154, 36.716, 37.432, 37.431, 37.125, 37.068, 37.479, 38.256, 39.084, 39.617, 39.789, 39.632, 39.215, 38.617, 38.098, 37.843, 37.626, 37.28, 36.84, 36.461, 36.315, 36.359, 36.382, 36.195, 35.831, 35.475, 35.295, 35.31, 35.373, 35.251, 34.877, 34.446, 34.058, 33.568, 32.947, 32.452, 32.409, 32.792, 32.981, 32.648, 32.159, 32.101, 32.602, 33.107, 33.239, 21.073], [22.503, 21.878, 20.523, 18.709, 16.369, 14.193, 12.999, 11.568, 7.427, 0.0, 7.648, 13.772, 17.446, 19.082, 20.225, 22.176, 24.725, 26.954, 28.787, 30.117, 30.961, 31.327, 31.566, 32.276, 33.549, 34.722, 35.391, 35.465, 35.242, 35.359, 36.107, 37.171, 37.824, 37.861, 37.773, 37.759, 37.771, 37.92, 38.378, 39.013, 39.384, 38.98, 37.974, 37.083, 36.864, 37.408, 38.039, 38.337, 38.578, 39.014, 39.487, 39.601, 39.202, 38.664, 38.55, 38.969, 39.442, 39.536, 39.35, 39.24, 39.499, 39.956, 40.114, 39.967, 39.908, 40.166, 40.679, 41.343, 42.05, 42.563, 42.646, 42.194, 41.314, 40.226, 39.201, 38.544, 38.124, 37.65, 36.877, 35.869, 34.877, 34.1, 33.683, 33.632, 33.739, 33.628, 33.49, 33.787, 34.22, 34.218, 33.779, 33.415, 33.716, 34.67, 35.371, 35.533, 35.409, 35.303, 35.344, 35.289, 35.037, 34.783, 34.549, 34.152, 33.665, 33.435, 33.449, 33.357, 32.954, 32.536, 32.511, 33.212, 34.751, 36.316, 37.079, 37.118, 36.839, 36.819, 37.274, 38.084, 38.918, 39.44, 39.609, 39.469, 39.078, 38.504, 38.004, 37.76, 37.54, 37.176, 36.722, 36.341, 36.199, 36.244, 36.253, 36.041, 35.658, 35.297, 35.116, 35.12, 35.165, 35.034, 34.656, 34.22, 33.828, 33.334, 32.709, 32.213, 32.187, 32.59, 32.762, 32.358, 31.763, 31.642, 32.154, 32.686, 32.815, 22.289], [25.094, 24.779, 23.939, 22.706, 20.849, 18.967, 17.993, 17.104, 13.984, 7.648, 0.0, 7.089, 11.867, 14.421, 16.243, 18.7, 21.629, 24.118, 26.117, 27.559, 28.55, 29.102, 29.488, 30.256, 31.523, 32.7, 33.429, 33.59, 33.459, 33.683, 34.572, 35.779, 36.526, 36.597, 36.533, 36.548, 36.576, 36.74, 37.259, 37.988, 38.426, 38.077, 37.174, 36.459, 36.432, 37.069, 37.67, 37.898, 38.109, 38.56, 39.062, 39.208, 38.848, 38.352, 38.263, 38.671, 39.113, 39.197, 39.031, 38.945, 39.207, 39.638, 39.773, 39.619, 39.56, 39.815, 40.314, 40.957, 41.652, 42.175, 42.286, 41.876, 41.038, 39.966, 38.915, 38.19, 37.708, 37.216, 36.491, 35.578, 34.697, 34.027, 33.673, 33.628, 33.721, 33.608, 33.473, 33.761, 34.191, 34.193, 33.746, 33.366, 33.643, 34.552, 35.224, 35.382, 35.256, 35.152, 35.208, 35.188, 34.977, 34.75, 34.537, 34.175, 33.731, 33.53, 33.581, 33.571, 33.286, 32.956, 32.902, 33.422, 34.766, 36.239, 37.007, 37.092, 36.864, 36.901, 37.409, 38.244, 39.076, 39.588, 39.756, 39.624, 39.244, 38.694, 38.231, 38.013, 37.802, 37.442, 36.998, 36.63, 36.488, 36.517, 36.505, 36.274, 35.886, 35.529, 35.349, 35.342, 35.371, 35.237, 34.869, 34.446, 34.072, 33.608, 33.017, 32.554, 32.552, 32.956, 33.106, 32.644, 31.948, 31.715, 32.166, 32.688, 32.808, 24.66], [27.435, 27.232, 26.611, 25.682, 24.18, 22.545, 21.608, 20.921, 18.654, 13.772, 7.089, 0.0, 5.572, 9.402, 12.525, 15.874, 19.203, 21.833, 23.89, 25.372, 26.456, 27.174, 27.719, 28.551, 29.778, 30.905, 31.656, 31.901, 31.87, 32.188, 33.171, 34.469, 35.288, 35.406, 35.398, 35.478, 35.546, 35.721, 36.281, 37.086, 37.584, 37.283, 36.485, 35.981, 36.21, 37.007, 37.605, 37.744, 37.868, 38.272, 38.761, 38.918, 38.598, 38.158, 38.115, 38.523, 38.934, 39.001, 38.857, 38.815, 39.096, 39.507, 39.618, 39.463, 39.408, 39.659, 40.139, 40.749, 41.402, 41.888, 41.977, 41.571, 40.773, 39.75, 38.708, 37.919, 37.342, 36.784, 36.069, 35.266, 34.553, 34.041, 33.763, 33.697, 33.755, 33.65, 33.527, 33.791, 34.193, 34.197, 33.778, 33.422, 33.696, 34.56, 35.196, 35.35, 35.234, 35.146, 35.229, 35.249, 35.073, 34.871, 34.681, 34.359, 33.963, 33.791, 33.871, 33.941, 33.795, 33.587, 33.537, 33.903, 35.03, 36.356, 37.077, 37.178, 37.005, 37.119, 37.692, 38.56, 39.398, 39.911, 40.08, 39.941, 39.548, 39.008, 38.576, 38.381, 38.182, 37.841, 37.423, 37.075, 36.933, 36.949, 36.925, 36.695, 36.318, 35.975, 35.803, 35.794, 35.825, 35.701, 35.344, 34.924, 34.554, 34.124, 33.59, 33.18, 33.197, 33.586, 33.722, 33.246, 32.503, 32.171, 32.531, 33.016, 33.126, 26.944], [28.956, 28.772, 28.23, 27.453, 26.176, 24.72, 23.793, 23.144, 21.329, 17.446, 11.867, 5.572, 0.0, 4.829, 9.453, 14.061, 18.026, 20.816, 22.838, 24.249, 25.312, 26.084, 26.716, 27.618, 28.869, 29.99, 30.759, 31.057, 31.095, 31.466, 32.488, 33.824, 34.685, 34.844, 34.881, 35.021, 35.141, 35.341, 35.933, 36.782, 37.298, 36.989, 36.195, 35.775, 36.162, 37.099, 37.744, 37.851, 37.906, 38.245, 38.695, 38.838, 38.526, 38.119, 38.117, 38.546, 38.947, 38.997, 38.854, 38.832, 39.127, 39.524, 39.614, 39.45, 39.395, 39.645, 40.121, 40.718, 41.351, 41.809, 41.86, 41.417, 40.603, 39.587, 38.551, 37.745, 37.128, 36.522, 35.779, 35.007, 34.393, 33.994, 33.777, 33.704, 33.743, 33.641, 33.524, 33.769, 34.144, 34.142, 33.748, 33.438, 33.757, 34.623, 35.248, 35.4, 35.293, 35.216, 35.315, 35.352, 35.185, 34.986, 34.803, 34.496, 34.119, 33.959, 34.05, 34.158, 34.086, 33.947, 33.904, 34.198, 35.212, 36.454, 37.134, 37.235, 37.1, 37.28, 37.914, 38.819, 39.68, 40.205, 40.368, 40.205, 39.781, 39.228, 38.804, 38.617, 38.425, 38.098, 37.694, 37.354, 37.213, 37.228, 37.207, 36.987, 36.623, 36.291, 36.126, 36.123, 36.169, 36.065, 35.712, 35.274, 34.882, 34.457, 33.961, 33.592, 33.62, 33.994, 34.127, 33.666, 32.925, 32.548, 32.849, 33.303, 33.398, 28.482], [29.631, 29.428, 28.906, 28.208, 27.063, 25.726, 24.821, 24.153, 22.476, 19.082, 14.421, 9.402, 4.829, 0.0, 5.624, 11.64, 16.749, 20.13, 22.283, 23.6, 24.561, 25.305, 25.969, 26.944, 28.277, 29.45, 30.245, 30.554, 30.604, 30.996, 32.05, 33.424, 34.323, 34.503, 34.551, 34.703, 34.839, 35.061, 35.696, 36.588, 37.103, 36.733, 35.849, 35.383, 35.809, 36.837, 37.565, 37.721, 37.789, 38.124, 38.56, 38.68, 38.339, 37.921, 37.937, 38.396, 38.812, 38.856, 38.698, 38.669, 38.969, 39.364, 39.429, 39.237, 39.163, 39.411, 39.896, 40.504, 41.147, 41.614, 41.66, 41.191, 40.339, 39.289, 38.228, 37.424, 36.833, 36.252, 35.505, 34.702, 34.074, 33.699, 33.514, 33.455, 33.499, 33.401, 33.29, 33.536, 33.906, 33.911, 33.541, 33.272, 33.625, 34.507, 35.136, 35.287, 35.176, 35.096, 35.194, 35.227, 35.05, 34.842, 34.652, 34.339, 33.957, 33.796, 33.887, 33.994, 33.93, 33.807, 33.779, 34.093, 35.127, 36.371, 37.029, 37.109, 36.975, 37.178, 37.842, 38.772, 39.651, 40.185, 40.338, 40.144, 39.693, 39.122, 38.688, 38.497, 38.302, 37.974, 37.566, 37.218, 37.075, 37.097, 37.088, 36.875, 36.513, 36.184, 36.023, 36.026, 36.086, 35.995, 35.632, 35.164, 34.736, 34.294, 33.811, 33.466, 33.501, 33.87, 34.008, 33.568, 32.845, 32.47, 32.764, 33.212, 33.293, 29.176], [30.034, 29.825, 29.32, 28.69, 27.674, 26.49, 25.662, 24.991, 23.364, 20.225, 16.243, 12.525, 9.453, 5.624, 0.0, 7.06, 13.65, 18.225, 20.987, 22.473, 23.444, 24.187, 24.884, 25.919, 27.342, 28.613, 29.476, 29.796, 29.823, 30.224, 31.343, 32.807, 33.771, 33.968, 34.004, 34.128, 34.23, 34.443, 35.115, 36.058, 36.589, 36.18, 35.223, 34.697, 35.118, 36.194, 37.004, 37.275, 37.471, 37.911, 38.399, 38.516, 38.135, 37.676, 37.677, 38.148, 38.587, 38.643, 38.47, 38.416, 38.71, 39.108, 39.157, 38.931, 38.824, 39.053, 39.541, 40.164, 40.828, 41.325, 41.411, 40.977, 40.14, 39.073, 37.969, 37.131, 36.559, 36.057, 35.391, 34.587, 33.89, 33.439, 33.208, 33.147, 33.209, 33.124, 33.018, 33.273, 33.661, 33.7, 33.372, 33.134, 33.489, 34.364, 34.986, 35.127, 35.0, 34.901, 34.982, 34.998, 34.805, 34.583, 34.38, 34.059, 33.679, 33.526, 33.62, 33.714, 33.626, 33.494, 33.496, 33.897, 35.034, 36.317, 36.94, 36.965, 36.791, 36.963, 37.606, 38.522, 39.393, 39.925, 40.07, 39.861, 39.411, 38.848, 38.42, 38.227, 38.024, 37.687, 37.265, 36.899, 36.75, 36.779, 36.784, 36.576, 36.208, 35.873, 35.711, 35.713, 35.771, 35.671, 35.284, 34.788, 34.333, 33.873, 33.396, 33.066, 33.11, 33.481, 33.628, 33.204, 32.497, 32.143, 32.468, 32.933, 33.007, 29.566], [30.707, 30.525, 30.07, 29.538, 28.707, 27.76, 27.093, 26.492, 25.004, 22.176, 18.7, 15.874, 14.061, 11.64, 7.06, 0.0, 7.766, 13.974, 18.017, 20.27, 21.639, 22.549, 23.323, 24.396, 25.878, 27.265, 28.25, 28.614, 28.603, 28.991, 30.208, 31.831, 32.91, 33.141, 33.175, 33.28, 33.353, 33.546, 34.231, 35.215, 35.804, 35.471, 34.614, 34.18, 34.655, 35.745, 36.58, 36.955, 37.336, 37.952, 38.541, 38.691, 38.309, 37.827, 37.788, 38.23, 38.667, 38.739, 38.564, 38.488, 38.768, 39.175, 39.236, 39.002, 38.872, 39.07, 39.538, 40.155, 40.816, 41.326, 41.461, 41.116, 40.377, 39.364, 38.24, 37.321, 36.69, 36.234, 35.7, 34.991, 34.272, 33.696, 33.328, 33.208, 33.284, 33.231, 33.137, 33.39, 33.792, 33.881, 33.614, 33.391, 33.714, 34.543, 35.133, 35.253, 35.104, 34.976, 35.03, 35.027, 34.827, 34.599, 34.393, 34.086, 33.737, 33.611, 33.716, 33.805, 33.709, 33.581, 33.611, 34.08, 35.291, 36.584, 37.166, 37.15, 36.931, 37.045, 37.625, 38.48, 39.305, 39.821, 39.966, 39.766, 39.343, 38.821, 38.424, 38.24, 38.033, 37.695, 37.266, 36.882, 36.717, 36.743, 36.755, 36.549, 36.172, 35.826, 35.652, 35.641, 35.676, 35.549, 35.145, 34.656, 34.216, 33.768, 33.305, 32.992, 33.049, 33.426, 33.579, 33.167, 32.468, 32.122, 32.464, 32.942, 33.012, 30.206], [31.79, 31.651, 31.275, 30.854, 30.2, 29.475, 28.994, 28.515, 27.212, 24.725, 21.629, 19.203, 18.026, 16.749, 13.65, 7.766, 0.0, 7.595, 13.397, 17.115, 19.443, 20.799, 21.723, 22.826, 24.325, 25.793, 26.903, 27.349, 27.319, 27.658, 28.938, 30.722, 31.937, 32.232, 32.293, 32.424, 32.531, 32.751, 33.449, 34.449, 35.112, 34.959, 34.38, 34.22, 34.851, 35.95, 36.73, 37.107, 37.581, 38.316, 38.991, 39.206, 38.887, 38.443, 38.384, 38.774, 39.179, 39.254, 39.091, 39.024, 39.306, 39.72, 39.808, 39.598, 39.475, 39.657, 40.097, 40.686, 41.318, 41.803, 41.949, 41.666, 41.015, 40.07, 38.964, 37.996, 37.285, 36.803, 36.333, 35.729, 35.074, 34.471, 34.015, 33.823, 33.882, 33.864, 33.808, 34.068, 34.473, 34.593, 34.362, 34.125, 34.403, 35.186, 35.744, 35.847, 35.679, 35.52, 35.547, 35.534, 35.339, 35.122, 34.938, 34.678, 34.379, 34.275, 34.381, 34.49, 34.443, 34.359, 34.389, 34.821, 35.977, 37.208, 37.747, 37.727, 37.503, 37.592, 38.128, 38.928, 39.705, 40.207, 40.368, 40.197, 39.802, 39.309, 38.931, 38.742, 38.534, 38.213, 37.803, 37.424, 37.252, 37.27, 37.274, 37.061, 36.681, 36.332, 36.153, 36.129, 36.146, 36.004, 35.61, 35.163, 34.775, 34.372, 33.937, 33.64, 33.703, 34.077, 34.231, 33.833, 33.14, 32.767, 33.082, 33.545, 33.606, 31.276], [32.996, 32.889, 32.59, 32.272, 31.735, 31.128, 30.755, 30.366, 29.193, 26.954, 24.118, 21.833, 20.816, 20.13, 18.225, 13.974, 7.595, 0.0, 7.172, 12.662, 16.397, 18.525, 19.744, 20.914, 22.445, 23.994, 25.254, 25.867, 25.948, 26.312, 27.618, 29.491, 30.809, 31.197, 31.318, 31.5, 31.685, 31.995, 32.743, 33.758, 34.475, 34.493, 34.213, 34.368, 35.195, 36.323, 37.025, 37.315, 37.744, 38.486, 39.209, 39.509, 39.3, 38.942, 38.901, 39.26, 39.637, 39.715, 39.589, 39.568, 39.862, 40.261, 40.348, 40.154, 40.052, 40.239, 40.657, 41.21, 41.806, 42.26, 42.395, 42.131, 41.506, 40.583, 39.513, 38.576, 37.862, 37.342, 36.844, 36.281, 35.743, 35.267, 34.868, 34.648, 34.665, 34.671, 34.682, 34.969, 35.366, 35.482, 35.252, 35.001, 35.262, 36.025, 36.57, 36.669, 36.496, 36.321, 36.333, 36.322, 36.141, 35.941, 35.785, 35.567, 35.307, 35.213, 35.314, 35.459, 35.499, 35.486, 35.492, 35.792, 36.769, 37.88, 38.385, 38.385, 38.187, 38.286, 38.818, 39.603, 40.365, 40.861, 41.042, 40.907, 40.537, 40.061, 39.69, 39.493, 39.282, 38.976, 38.592, 38.239, 38.077, 38.089, 38.075, 37.853, 37.481, 37.151, 36.985, 36.963, 36.985, 36.86, 36.499, 36.09, 35.747, 35.4, 35.017, 34.752, 34.816, 35.175, 35.329, 34.952, 34.265, 33.832, 34.073, 34.503, 34.56, 32.511], [34.241, 34.135, 33.872, 33.609, 33.134, 32.58, 32.254, 31.916, 30.842, 28.787, 26.117, 23.89, 22.838, 22.283, 20.987, 18.017, 13.397, 7.172, 0.0, 6.756, 12.025, 15.22, 16.934, 18.188, 19.753, 21.484, 23.027, 23.922, 24.255, 24.786, 26.156, 28.066, 29.447, 29.943, 30.148, 30.388, 30.653, 31.085, 31.942, 33.012, 33.759, 33.864, 33.797, 34.233, 35.28, 36.48, 37.135, 37.328, 37.667, 38.379, 39.154, 39.559, 39.471, 39.205, 39.203, 39.552, 39.905, 39.988, 39.923, 39.982, 40.302, 40.662, 40.698, 40.481, 40.385, 40.575, 40.971, 41.483, 42.041, 42.466, 42.591, 42.342, 41.731, 40.814, 39.774, 38.893, 38.222, 37.701, 37.171, 36.636, 36.243, 35.972, 35.712, 35.512, 35.494, 35.525, 35.62, 35.963, 36.359, 36.456, 36.212, 35.969, 36.245, 37.001, 37.537, 37.64, 37.473, 37.296, 37.301, 37.296, 37.133, 36.948, 36.803, 36.602, 36.362, 36.269, 36.358, 36.52, 36.626, 36.667, 36.65, 36.823, 37.602, 38.577, 39.063, 39.097, 38.925, 39.021, 39.537, 40.308, 41.052, 41.532, 41.719, 41.621, 41.285, 40.837, 40.487, 40.304, 40.099, 39.803, 39.437, 39.102, 38.946, 38.948, 38.922, 38.706, 38.361, 38.063, 37.919, 37.907, 37.94, 37.838, 37.506, 37.109, 36.784, 36.487, 36.176, 35.966, 36.037, 36.368, 36.514, 36.168, 35.519, 35.05, 35.21, 35.602, 35.666, 33.813], [35.238, 35.113, 34.85, 34.607, 34.17, 33.643, 33.324, 33.0, 32.012, 30.117, 27.559, 25.372, 24.249, 23.6, 22.473, 20.27, 17.115, 12.662, 6.756, 0.0, 6.276, 10.62, 13.12, 14.643, 16.304, 18.279, 20.162, 21.378, 22.029, 22.836, 24.358, 26.324, 27.758, 28.358, 28.664, 28.966, 29.284, 29.83, 30.843, 32.034, 32.815, 32.927, 32.965, 33.633, 34.926, 36.261, 36.917, 37.033, 37.292, 37.988, 38.824, 39.325, 39.347, 39.194, 39.282, 39.668, 40.009, 40.083, 40.067, 40.215, 40.592, 40.94, 40.928, 40.678, 40.578, 40.774, 41.163, 41.649, 42.175, 42.568, 42.666, 42.403, 41.78, 40.857, 39.827, 38.963, 38.3, 37.762, 37.204, 36.707, 36.466, 36.406, 36.3, 36.14, 36.106, 36.155, 36.323, 36.732, 37.141, 37.212, 36.934, 36.694, 36.998, 37.76, 38.292, 38.399, 38.246, 38.084, 38.094, 38.096, 37.943, 37.767, 37.625, 37.424, 37.184, 37.083, 37.162, 37.328, 37.456, 37.517, 37.499, 37.623, 38.288, 39.182, 39.669, 39.728, 39.564, 39.638, 40.124, 40.867, 41.579, 42.03, 42.21, 42.133, 41.818, 41.381, 41.044, 40.877, 40.685, 40.401, 40.044, 39.71, 39.547, 39.536, 39.502, 39.297, 38.974, 38.698, 38.568, 38.563, 38.6, 38.507, 38.177, 37.77, 37.445, 37.186, 36.945, 36.802, 36.894, 37.205, 37.344, 37.037, 36.455, 35.999, 36.109, 36.472, 36.554, 34.866], [35.784, 35.646, 35.386, 35.17, 34.769, 34.261, 33.938, 33.618, 32.704, 30.961, 28.55, 26.456, 25.312, 24.561, 23.444, 21.639, 19.443, 16.397, 12.025, 6.276, 0.0, 5.164, 8.658, 10.903, 13.017, 15.305, 17.459, 18.922, 19.849, 20.938, 22.648, 24.693, 26.17, 26.84, 27.234, 27.604, 27.979, 28.625, 29.793, 31.125, 31.968, 32.08, 32.145, 32.933, 34.393, 35.849, 36.539, 36.619, 36.829, 37.509, 38.362, 38.898, 38.982, 38.943, 39.171, 39.655, 40.025, 40.084, 40.075, 40.279, 40.725, 41.105, 41.086, 40.815, 40.703, 40.904, 41.3, 41.784, 42.295, 42.661, 42.718, 42.406, 41.74, 40.792, 39.746, 38.86, 38.165, 37.592, 37.004, 36.523, 36.38, 36.474, 36.5, 36.391, 36.356, 36.41, 36.621, 37.083, 37.509, 37.553, 37.231, 36.975, 37.298, 38.074, 38.606, 38.71, 38.569, 38.432, 38.459, 38.468, 38.317, 38.145, 38.006, 37.797, 37.547, 37.44, 37.522, 37.692, 37.819, 37.878, 37.881, 38.011, 38.634, 39.492, 39.968, 40.019, 39.85, 39.921, 40.398, 41.122, 41.81, 42.242, 42.413, 42.337, 42.023, 41.577, 41.237, 41.08, 40.903, 40.631, 40.279, 39.945, 39.781, 39.769, 39.738, 39.541, 39.226, 38.955, 38.828, 38.825, 38.867, 38.779, 38.45, 38.029, 37.697, 37.454, 37.254, 37.155, 37.264, 37.567, 37.711, 37.436, 36.902, 36.465, 36.55, 36.893, 36.98, 35.448], [35.884, 35.747, 35.503, 35.313, 34.936, 34.446, 34.132, 33.824, 32.954, 31.327, 29.102, 27.174, 26.084, 25.305, 24.187, 22.549, 20.799, 18.525, 15.22, 10.62, 5.164, 0.0, 4.209, 7.56, 10.705, 13.512, 15.814, 17.323, 18.369, 19.65, 21.52, 23.653, 25.17, 25.87, 26.306, 26.731, 27.18, 27.932, 29.215, 30.647, 31.56, 31.702, 31.764, 32.548, 34.028, 35.533, 36.273, 36.366, 36.566, 37.235, 38.082, 38.605, 38.679, 38.675, 38.995, 39.587, 40.025, 40.087, 40.051, 40.254, 40.736, 41.156, 41.161, 40.89, 40.765, 40.962, 41.366, 41.861, 42.377, 42.736, 42.764, 42.404, 41.686, 40.701, 39.636, 38.736, 38.02, 37.424, 36.803, 36.303, 36.179, 36.329, 36.417, 36.346, 36.322, 36.38, 36.609, 37.093, 37.522, 37.544, 37.192, 36.926, 37.262, 38.051, 38.586, 38.689, 38.552, 38.426, 38.462, 38.471, 38.317, 38.146, 38.008, 37.794, 37.535, 37.427, 37.512, 37.676, 37.781, 37.827, 37.847, 38.009, 38.652, 39.513, 39.975, 40.006, 39.833, 39.911, 40.392, 41.108, 41.788, 42.217, 42.383, 42.303, 41.984, 41.528, 41.179, 41.028, 40.864, 40.597, 40.245, 39.912, 39.754, 39.752, 39.731, 39.538, 39.222, 38.949, 38.82, 38.82, 38.87, 38.795, 38.476, 38.051, 37.709, 37.461, 37.258, 37.159, 37.264, 37.563, 37.71, 37.443, 36.919, 36.492, 36.581, 36.921, 37.005, 35.564], [35.935, 35.804, 35.573, 35.396, 35.035, 34.568, 34.274, 33.98, 33.129, 31.566, 29.488, 27.719, 26.716, 25.969, 24.884, 23.323, 21.723, 19.744, 16.934, 13.12, 8.658, 4.209, 0.0, 4.226, 8.551, 12.127, 14.692, 16.213, 17.308, 18.749, 20.791, 23.032, 24.597, 25.315, 25.767, 26.22, 26.726, 27.562, 28.912, 30.382, 31.331, 31.512, 31.599, 32.384, 33.863, 35.389, 36.159, 36.269, 36.464, 37.121, 37.958, 38.469, 38.528, 38.518, 38.867, 39.524, 40.028, 40.118, 40.071, 40.255, 40.737, 41.175, 41.202, 40.935, 40.796, 40.981, 41.387, 41.891, 42.418, 42.782, 42.805, 42.43, 41.691, 40.688, 39.626, 38.742, 38.04, 37.446, 36.814, 36.302, 36.171, 36.314, 36.405, 36.349, 36.343, 36.409, 36.635, 37.11, 37.525, 37.532, 37.173, 36.915, 37.263, 38.06, 38.6, 38.705, 38.568, 38.439, 38.471, 38.477, 38.318, 38.145, 38.005, 37.788, 37.525, 37.414, 37.493, 37.64, 37.724, 37.758, 37.784, 37.972, 38.645, 39.52, 39.974, 39.988, 39.808, 39.888, 40.365, 41.076, 41.756, 42.184, 42.347, 42.266, 41.947, 41.49, 41.142, 41.0, 40.846, 40.584, 40.233, 39.907, 39.759, 39.765, 39.75, 39.562, 39.25, 38.98, 38.853, 38.857, 38.913, 38.847, 38.537, 38.112, 37.764, 37.503, 37.282, 37.161, 37.247, 37.538, 37.682, 37.411, 36.889, 36.477, 36.583, 36.929, 37.008, 35.618], [36.473, 36.348, 36.125, 35.949, 35.599, 35.157, 34.89, 34.616, 33.794, 32.276, 30.256, 28.551, 27.618, 26.944, 25.919, 24.396, 22.826, 20.914, 18.188, 14.643, 10.903, 7.56, 4.226, 0.0, 5.018, 9.487, 12.709, 14.543, 15.819, 17.497, 19.79, 22.196, 23.841, 24.594, 25.078, 25.549, 26.072, 26.964, 28.368, 29.855, 30.814, 31.046, 31.248, 32.176, 33.763, 35.334, 36.088, 36.16, 36.329, 36.983, 37.834, 38.373, 38.465, 38.48, 38.839, 39.513, 40.056, 40.202, 40.211, 40.429, 40.914, 41.347, 41.373, 41.106, 40.96, 41.132, 41.528, 42.025, 42.543, 42.899, 42.924, 42.57, 41.869, 40.907, 39.872, 38.999, 38.301, 37.709, 37.098, 36.639, 36.568, 36.746, 36.843, 36.791, 36.795, 36.869, 37.088, 37.545, 37.947, 37.949, 37.595, 37.346, 37.701, 38.495, 39.03, 39.136, 38.998, 38.862, 38.885, 38.888, 38.731, 38.558, 38.419, 38.21, 37.954, 37.839, 37.908, 38.054, 38.149, 38.188, 38.204, 38.375, 39.025, 39.873, 40.31, 40.318, 40.136, 40.206, 40.663, 41.354, 42.017, 42.433, 42.595, 42.52, 42.212, 41.767, 41.43, 41.297, 41.152, 40.904, 40.572, 40.263, 40.125, 40.135, 40.125, 39.951, 39.657, 39.401, 39.278, 39.28, 39.33, 39.253, 38.935, 38.511, 38.171, 37.923, 37.718, 37.607, 37.692, 37.972, 38.108, 37.844, 37.351, 36.969, 37.083, 37.426, 37.506, 36.159], [37.536, 37.419, 37.208, 37.033, 36.688, 36.267, 36.025, 35.773, 35.0, 33.549, 31.523, 29.778, 28.869, 28.277, 27.342, 25.878, 24.325, 22.445, 19.753, 16.304, 13.017, 10.705, 8.551, 5.018, 0.0, 5.18, 9.344, 11.904, 13.645, 15.669, 18.226, 20.803, 22.551, 23.377, 23.937, 24.44, 24.968, 25.927, 27.434, 28.982, 29.964, 30.271, 30.688, 31.908, 33.707, 35.34, 36.033, 36.009, 36.125, 36.786, 37.675, 38.271, 38.439, 38.522, 38.913, 39.586, 40.137, 40.346, 40.471, 40.799, 41.328, 41.755, 41.77, 41.503, 41.37, 41.546, 41.932, 42.404, 42.891, 43.217, 43.227, 42.896, 42.258, 41.378, 40.39, 39.504, 38.762, 38.14, 37.561, 37.209, 37.281, 37.575, 37.726, 37.673, 37.667, 37.747, 37.97, 38.419, 38.815, 38.822, 38.474, 38.216, 38.549, 39.317, 39.835, 39.933, 39.79, 39.643, 39.655, 39.658, 39.512, 39.348, 39.221, 39.035, 38.802, 38.694, 38.769, 38.949, 39.099, 39.17, 39.166, 39.263, 39.806, 40.564, 40.965, 40.979, 40.809, 40.87, 41.297, 41.955, 42.588, 42.982, 43.14, 43.074, 42.78, 42.354, 42.031, 41.899, 41.763, 41.541, 41.241, 40.95, 40.811, 40.814, 40.81, 40.66, 40.392, 40.153, 40.033, 40.024, 40.054, 39.952, 39.621, 39.206, 38.895, 38.701, 38.568, 38.522, 38.63, 38.904, 39.037, 38.796, 38.348, 37.999, 38.102, 38.429, 38.518, 37.236], [38.534, 38.423, 38.22, 38.039, 37.696, 37.286, 37.055, 36.818, 36.094, 34.722, 32.7, 30.905, 29.99, 29.45, 28.613, 27.265, 25.793, 23.994, 21.484, 18.279, 15.305, 13.512, 12.127, 9.487, 5.18, 0.0, 4.842, 8.338, 10.917, 13.477, 16.26, 18.926, 20.758, 21.69, 22.365, 22.933, 23.518, 24.626, 26.336, 28.033, 29.088, 29.487, 30.128, 31.641, 33.651, 35.341, 35.978, 35.853, 35.903, 36.565, 37.493, 38.142, 38.376, 38.536, 38.988, 39.681, 40.233, 40.48, 40.715, 41.178, 41.794, 42.248, 42.259, 41.997, 41.893, 42.101, 42.495, 42.949, 43.407, 43.705, 43.689, 43.342, 42.713, 41.878, 40.924, 40.015, 39.213, 38.535, 37.946, 37.659, 37.861, 38.288, 38.519, 38.469, 38.443, 38.527, 38.77, 39.227, 39.618, 39.625, 39.271, 38.979, 39.263, 39.992, 40.487, 40.571, 40.413, 40.248, 40.247, 40.252, 40.123, 39.976, 39.867, 39.708, 39.506, 39.417, 39.516, 39.745, 39.962, 40.085, 40.081, 40.095, 40.501, 41.15, 41.514, 41.536, 41.381, 41.44, 41.852, 42.499, 43.124, 43.504, 43.652, 43.588, 43.303, 42.89, 42.574, 42.439, 42.311, 42.116, 41.84, 41.554, 41.399, 41.385, 41.382, 41.248, 40.999, 40.77, 40.648, 40.627, 40.638, 40.517, 40.175, 39.771, 39.494, 39.367, 39.328, 39.359, 39.493, 39.758, 39.895, 39.68, 39.265, 38.927, 39.013, 39.324, 39.418, 38.253], [39.085, 38.971, 38.765, 38.574, 38.23, 37.829, 37.605, 37.376, 36.687, 35.391, 33.429, 31.656, 30.759, 30.245, 29.476, 28.25, 26.903, 25.254, 23.027, 20.162, 17.459, 15.814, 14.692, 12.709, 9.344, 4.842, 0.0, 4.217, 7.871, 11.264, 14.405, 17.134, 18.971, 19.952, 20.708, 21.354, 22.056, 23.381, 25.355, 27.263, 28.433, 28.903, 29.665, 31.344, 33.495, 35.252, 35.888, 35.713, 35.71, 36.355, 37.301, 37.979, 38.24, 38.442, 38.961, 39.713, 40.287, 40.544, 40.827, 41.39, 42.109, 42.624, 42.651, 42.393, 42.311, 42.558, 42.979, 43.442, 43.899, 44.195, 44.166, 43.78, 43.101, 42.239, 41.284, 40.368, 39.534, 38.805, 38.157, 37.846, 38.091, 38.596, 38.894, 38.863, 38.831, 38.92, 39.18, 39.646, 40.03, 40.021, 39.642, 39.3, 39.535, 40.235, 40.718, 40.792, 40.62, 40.442, 40.432, 40.442, 40.329, 40.198, 40.103, 39.96, 39.781, 39.714, 39.833, 40.087, 40.339, 40.509, 40.528, 40.496, 40.809, 41.388, 41.725, 41.744, 41.596, 41.662, 42.08, 42.745, 43.39, 43.768, 43.903, 43.834, 43.557, 43.154, 42.84, 42.702, 42.581, 42.4, 42.133, 41.84, 41.668, 41.64, 41.638, 41.512, 41.27, 41.042, 40.915, 40.886, 40.892, 40.766, 40.42, 40.02, 39.76, 39.674, 39.696, 39.772, 39.913, 40.169, 40.308, 40.107, 39.703, 39.359, 39.429, 39.732, 39.826, 38.819], [39.045, 38.926, 38.711, 38.515, 38.178, 37.791, 37.576, 37.357, 36.695, 35.465, 33.59, 31.901, 31.057, 30.554, 29.796, 28.614, 27.349, 25.867, 23.922, 21.378, 18.922, 17.323, 16.213, 14.543, 11.904, 8.338, 4.217, 0.0, 4.384, 8.702, 12.53, 15.559, 17.399, 18.276, 18.991, 19.693, 20.526, 22.04, 24.228, 26.317, 27.601, 28.119, 28.91, 30.642, 32.868, 34.706, 35.399, 35.241, 35.227, 35.861, 36.812, 37.496, 37.748, 37.946, 38.502, 39.322, 39.941, 40.201, 40.486, 41.097, 41.906, 42.504, 42.572, 42.322, 42.243, 42.504, 42.955, 43.45, 43.933, 44.252, 44.233, 43.825, 43.095, 42.178, 41.19, 40.267, 39.439, 38.703, 38.017, 37.649, 37.855, 38.357, 38.684, 38.686, 38.675, 38.768, 39.026, 39.496, 39.878, 39.855, 39.446, 39.07, 39.282, 39.978, 40.464, 40.538, 40.364, 40.185, 40.181, 40.199, 40.091, 39.966, 39.875, 39.734, 39.558, 39.5, 39.627, 39.882, 40.132, 40.31, 40.344, 40.326, 40.651, 41.232, 41.556, 41.559, 41.406, 41.479, 41.905, 42.583, 43.242, 43.625, 43.754, 43.679, 43.405, 43.009, 42.698, 42.564, 42.447, 42.267, 41.993, 41.69, 41.507, 41.474, 41.475, 41.353, 41.11, 40.874, 40.739, 40.708, 40.72, 40.601, 40.254, 39.85, 39.588, 39.502, 39.526, 39.601, 39.737, 39.99, 40.13, 39.93, 39.529, 39.183, 39.252, 39.555, 39.647, 38.776], [38.616, 38.5, 38.291, 38.119, 37.815, 37.454, 37.256, 37.051, 36.415, 35.242, 33.459, 31.87, 31.095, 30.604, 29.823, 28.603, 27.319, 25.948, 24.255, 22.029, 19.849, 18.369, 17.308, 15.819, 13.645, 10.917, 7.871, 4.384, 0.0, 4.963, 9.707, 13.449, 15.54, 16.311, 16.906, 17.64, 18.613, 20.294, 22.646, 24.861, 26.229, 26.803, 27.649, 29.448, 31.747, 33.669, 34.441, 34.338, 34.358, 35.019, 35.992, 36.678, 36.908, 37.078, 37.638, 38.498, 39.155, 39.426, 39.709, 40.341, 41.21, 41.89, 42.027, 41.813, 41.74, 41.996, 42.459, 42.985, 43.505, 43.853, 43.851, 43.437, 42.681, 41.728, 40.708, 39.772, 38.949, 38.227, 37.547, 37.159, 37.323, 37.786, 38.099, 38.116, 38.13, 38.235, 38.489, 38.963, 39.355, 39.34, 38.937, 38.575, 38.805, 39.513, 40.005, 40.082, 39.912, 39.74, 39.748, 39.768, 39.653, 39.52, 39.424, 39.274, 39.086, 39.022, 39.145, 39.389, 39.617, 39.775, 39.808, 39.842, 40.261, 40.906, 41.231, 41.212, 41.045, 41.114, 41.541, 42.214, 42.866, 43.253, 43.385, 43.301, 43.022, 42.625, 42.314, 42.18, 42.061, 41.873, 41.586, 41.268, 41.076, 41.042, 41.044, 40.919, 40.669, 40.424, 40.28, 40.247, 40.262, 40.144, 39.792, 39.385, 39.116, 39.01, 39.005, 39.058, 39.19, 39.451, 39.592, 39.387, 38.986, 38.649, 38.729, 39.036, 39.125, 38.325], [38.391, 38.291, 38.119, 38.003, 37.755, 37.432, 37.25, 37.056, 36.454, 35.359, 33.683, 32.188, 31.466, 30.996, 30.224, 28.991, 27.658, 26.312, 24.786, 22.836, 20.938, 19.65, 18.749, 17.497, 15.669, 13.477, 11.264, 8.702, 4.963, 0.0, 5.431, 10.09, 12.81, 13.783, 14.377, 15.168, 16.363, 18.351, 20.972, 23.332, 24.753, 25.397, 26.393, 28.375, 30.805, 32.811, 33.647, 33.59, 33.659, 34.377, 35.398, 36.1, 36.316, 36.465, 37.011, 37.87, 38.528, 38.804, 39.106, 39.76, 40.655, 41.379, 41.58, 41.437, 41.412, 41.673, 42.119, 42.641, 43.175, 43.542, 43.55, 43.128, 42.355, 41.391, 40.376, 39.442, 38.604, 37.86, 37.182, 36.816, 36.998, 37.458, 37.747, 37.74, 37.755, 37.886, 38.169, 38.658, 39.059, 39.063, 38.703, 38.398, 38.665, 39.378, 39.862, 39.936, 39.765, 39.593, 39.598, 39.612, 39.489, 39.35, 39.251, 39.098, 38.9, 38.825, 38.939, 39.174, 39.394, 39.546, 39.584, 39.649, 40.128, 40.809, 41.133, 41.1, 40.917, 40.975, 41.395, 42.056, 42.697, 43.083, 43.219, 43.13, 42.843, 42.443, 42.133, 41.993, 41.868, 41.675, 41.377, 41.042, 40.835, 40.794, 40.793, 40.664, 40.41, 40.16, 40.013, 39.975, 39.988, 39.865, 39.504, 39.1, 38.837, 38.726, 38.71, 38.756, 38.891, 39.161, 39.304, 39.096, 38.694, 38.365, 38.448, 38.748, 38.828, 38.088], [38.764, 38.678, 38.556, 38.496, 38.299, 38.008, 37.833, 37.643, 37.085, 36.107, 34.572, 33.171, 32.488, 32.05, 31.343, 30.208, 28.938, 27.618, 26.156, 24.358, 22.648, 21.52, 20.791, 19.79, 18.226, 16.26, 14.405, 12.53, 9.707, 5.431, 0.0, 5.326, 8.939, 10.642, 11.593, 12.532, 14.044, 16.579, 19.699, 22.321, 23.815, 24.53, 25.726, 27.957, 30.57, 32.663, 33.53, 33.473, 33.549, 34.305, 35.374, 36.107, 36.332, 36.483, 37.028, 37.873, 38.51, 38.785, 39.123, 39.819, 40.726, 41.446, 41.673, 41.604, 41.664, 41.964, 42.385, 42.859, 43.363, 43.726, 43.739, 43.313, 42.526, 41.556, 40.568, 39.67, 38.836, 38.056, 37.345, 36.995, 37.23, 37.742, 38.045, 38.003, 37.992, 38.153, 38.505, 39.034, 39.433, 39.43, 39.095, 38.832, 39.111, 39.803, 40.266, 40.326, 40.147, 39.962, 39.949, 39.953, 39.834, 39.702, 39.61, 39.465, 39.275, 39.196, 39.303, 39.544, 39.787, 39.973, 40.03, 40.08, 40.511, 41.143, 41.447, 41.414, 41.235, 41.291, 41.704, 42.35, 42.975, 43.352, 43.484, 43.393, 43.101, 42.701, 42.392, 42.249, 42.126, 41.939, 41.64, 41.292, 41.063, 41.005, 40.998, 40.871, 40.621, 40.375, 40.227, 40.187, 40.196, 40.068, 39.701, 39.307, 39.064, 38.977, 38.986, 39.052, 39.193, 39.462, 39.605, 39.404, 39.006, 38.669, 38.733, 39.014, 39.081, 38.482], [39.549, 39.46, 39.363, 39.332, 39.163, 38.893, 38.722, 38.535, 38.025, 37.171, 35.779, 34.469, 33.824, 33.424, 32.807, 31.831, 30.722, 29.491, 28.066, 26.324, 24.693, 23.653, 23.032, 22.196, 20.803, 18.926, 17.134, 15.559, 13.449, 10.09, 5.326, 0.0, 4.368, 7.226, 8.991, 10.274, 12.135, 15.307, 19.03, 21.993, 23.619, 24.404, 25.732, 28.131, 30.885, 33.044, 33.912, 33.813, 33.844, 34.59, 35.685, 36.45, 36.7, 36.873, 37.439, 38.29, 38.923, 39.207, 39.588, 40.335, 41.261, 41.969, 42.194, 42.165, 42.289, 42.637, 43.054, 43.481, 43.935, 44.268, 44.28, 43.863, 43.071, 42.091, 41.119, 40.268, 39.476, 38.697, 37.954, 37.588, 37.849, 38.422, 38.778, 38.737, 38.708, 38.889, 39.307, 39.885, 40.283, 40.257, 39.903, 39.623, 39.87, 40.529, 40.976, 41.03, 40.843, 40.642, 40.61, 40.608, 40.502, 40.384, 40.304, 40.173, 40.0, 39.928, 40.037, 40.293, 40.569, 40.792, 40.866, 40.868, 41.182, 41.709, 41.972, 41.944, 41.78, 41.847, 42.26, 42.894, 43.498, 43.85, 43.967, 43.872, 43.581, 43.184, 42.88, 42.744, 42.634, 42.462, 42.172, 41.826, 41.589, 41.518, 41.506, 41.385, 41.146, 40.906, 40.76, 40.719, 40.729, 40.604, 40.243, 39.863, 39.644, 39.597, 39.65, 39.747, 39.891, 40.149, 40.293, 40.106, 39.717, 39.367, 39.404, 39.667, 39.723, 39.306], [40.077, 39.978, 39.88, 39.847, 39.683, 39.424, 39.259, 39.078, 38.6, 37.824, 36.526, 35.288, 34.685, 34.323, 33.771, 32.91, 31.937, 30.809, 29.447, 27.758, 26.17, 25.17, 24.597, 23.841, 22.551, 20.758, 18.971, 17.399, 15.54, 12.81, 8.939, 4.368, 0.0