[[0.0, 5.294, 15.565, 21.75, 23.734, 25.309, 27.63, 28.935, 30.42, 32.041, 32.882, 34.206, 34.954, 35.669, 35.623, 35.988, 36.745, 36.228, 36.628, 37.372, 37.252, 37.859, 39.165, 39.017, 39.146, 40.564, 41.404, 41.355, 40.913, 41.581, 42.6, 42.253, 41.828, 41.608, 42.289, 43.227, 43.477, 43.337, 42.955, 42.698, 44.057, 43.927, 42.205, 41.637, 41.48, 40.221, 39.203, 39.187, 38.963, 39.074, 38.327, 38.952, 39.666, 39.443, 39.554, 39.669, 39.561, 38.931, 37.489, 36.977, 37.175, 37.091, 37.059, 37.263, 37.037, 36.142, 35.765, 35.896, 35.482, 35.186, 35.345, 35.326, 35.544, 35.77, 36.214, 36.034, 35.168, 34.537, 34.377, 34.503, 35.673, 37.135, 37.263, 37.354, 36.849, 36.395, 36.472, 36.625, 36.726, 37.266, 38.446, 39.483, 41.306, 41.717, 41.404, 41.126, 40.729, 39.298, 36.948, 36.682, 36.441, 35.36, 35.279, 35.921, 36.678, 35.979, 7.686], [5.294, 0.0, 12.054, 19.572, 21.802, 23.54, 26.246, 27.748, 29.363, 31.197, 32.152, 33.6, 34.4, 35.164, 35.096, 35.454, 36.266, 35.692, 36.039, 36.818, 36.711, 37.354, 38.716, 38.527, 38.696, 40.205, 41.079, 41.028, 40.594, 41.307, 42.389, 42.029, 41.584, 41.332, 41.998, 42.957, 43.218, 43.044, 42.645, 42.409, 43.815, 43.692, 41.921, 41.36, 41.184, 39.847, 38.829, 38.836, 38.655, 38.801, 38.026, 38.703, 39.437, 39.206, 39.328, 39.432, 39.3, 38.647, 37.133, 36.552, 36.743, 36.657, 36.618, 36.863, 36.647, 35.643, 35.215, 35.363, 34.868, 34.501, 34.67, 34.687, 34.981, 35.213, 35.665, 35.495, 34.616, 33.935, 33.776, 33.903, 35.154, 36.765, 36.89, 36.95, 36.404, 35.935, 36.017, 36.178, 36.261, 36.835, 38.118, 39.207, 41.095, 41.525, 41.165, 40.884, 40.478, 38.986, 36.517, 36.218, 35.992, 34.8, 34.708, 35.482, 36.374, 35.656, 8.825], [15.565, 12.054, 0.0, 10.565, 14.302, 16.549, 20.752, 23.264, 25.44, 28.071, 29.432, 31.434, 32.453, 33.402, 33.378, 33.749, 34.65, 34.005, 34.309, 35.159, 35.048, 35.891, 37.489, 37.191, 37.48, 39.322, 40.316, 40.205, 39.803, 40.75, 42.035, 41.639, 41.114, 40.836, 41.555, 42.517, 42.799, 42.526, 41.927, 41.669, 43.254, 43.123, 41.143, 40.531, 40.385, 38.775, 37.517, 37.478, 37.385, 37.701, 36.932, 37.757, 38.554, 38.308, 38.451, 38.559, 38.371, 37.575, 35.765, 34.971, 35.148, 35.085, 35.057, 35.406, 35.188, 33.868, 33.265, 33.468, 32.764, 32.132, 32.349, 32.59, 33.16, 33.48, 33.971, 33.809, 32.863, 32.077, 31.919, 32.027, 33.495, 35.544, 35.682, 35.663, 35.008, 34.501, 34.608, 34.756, 34.726, 35.356, 36.967, 38.25, 40.355, 40.802, 40.38, 40.159, 39.72, 38.047, 35.142, 34.741, 34.561, 32.92, 32.797, 34.004, 35.245, 34.45, 16.395], [21.75, 19.572, 10.565, 0.0, 6.045, 9.914, 15.45, 18.948, 21.719, 25.029, 26.824, 29.293, 30.572, 31.713, 31.809, 32.192, 33.103, 32.73, 33.363, 34.246, 34.13, 35.208, 36.949, 36.656, 37.111, 39.142, 40.235, 40.137, 39.73, 40.778, 42.167, 41.77, 41.182, 40.885, 41.65, 42.566, 42.844, 42.565, 41.801, 41.475, 43.118, 42.919, 40.798, 40.099, 40.029, 38.368, 36.933, 36.832, 36.758, 37.181, 36.563, 37.523, 38.34, 38.117, 38.278, 38.373, 38.187, 37.316, 35.339, 34.48, 34.656, 34.617, 34.598, 34.967, 34.709, 33.243, 32.574, 32.782, 31.988, 31.18, 31.314, 31.664, 32.371, 32.75, 33.219, 33.027, 32.034, 31.263, 31.138, 31.286, 32.826, 35.044, 35.189, 35.165, 34.471, 33.946, 34.057, 34.175, 34.096, 34.738, 36.49, 37.814, 39.967, 40.413, 40.012, 39.85, 39.376, 37.581, 34.407, 33.98, 33.857, 32.035, 31.895, 33.278, 34.678, 33.836, 22.047], [23.734, 21.802, 14.302, 6.045, 0.0, 6.598, 13.623, 17.16, 20.071, 23.812, 25.875, 28.48, 29.851, 31.068, 31.228, 31.653, 32.566, 32.283, 33.073, 33.97, 33.867, 35.074, 36.856, 36.522, 37.028, 39.164, 40.306, 40.205, 39.808, 40.923, 42.35, 41.946, 41.332, 41.018, 41.784, 42.672, 42.946, 42.678, 41.865, 41.528, 43.198, 42.972, 40.815, 40.119, 40.108, 38.465, 36.998, 36.836, 36.706, 37.121, 36.503, 37.482, 38.299, 38.077, 38.235, 38.321, 38.156, 37.256, 35.202, 34.311, 34.495, 34.467, 34.446, 34.83, 34.553, 33.038, 32.358, 32.567, 31.767, 30.917, 30.986, 31.335, 32.046, 32.454, 32.928, 32.731, 31.732, 30.993, 30.908, 31.089, 32.609, 34.855, 35.015, 35.005, 34.296, 33.743, 33.836, 33.953, 33.861, 34.519, 36.327, 37.639, 39.791, 40.225, 39.792, 39.628, 39.142, 37.294, 34.011, 33.592, 33.505, 31.659, 31.572, 33.057, 34.532, 33.659, 23.887], [25.309, 23.54, 16.549, 9.914, 6.598, 0.0, 8.998, 13.68, 16.7, 20.801, 23.144, 25.927, 27.468, 28.984, 29.358, 29.83, 30.782, 30.74, 31.947, 33.016, 32.944, 34.317, 36.284, 36.113, 36.737, 38.962, 40.238, 40.25, 39.808, 40.889, 42.346, 41.952, 41.329, 41.004, 41.777, 42.666, 42.925, 42.662, 41.866, 41.546, 43.207, 42.931, 40.764, 40.089, 40.103, 38.477, 37.051, 36.936, 36.76, 37.099, 36.489, 37.537, 38.36, 38.131, 38.278, 38.38, 38.239, 37.306, 35.2, 34.305, 34.494, 34.511, 34.509, 34.873, 34.56, 33.009, 32.344, 32.547, 31.745, 30.916, 30.925, 31.179, 31.859, 32.278, 32.747, 32.532, 31.558, 30.879, 30.786, 30.98, 32.502, 34.713, 34.924, 35.007, 34.337, 33.807, 33.896, 34.022, 33.935, 34.614, 36.483, 37.775, 39.927, 40.368, 39.894, 39.701, 39.234, 37.343, 33.93, 33.489, 33.402, 31.507, 31.427, 32.959, 34.487, 33.643, 25.297], [27.63, 26.246, 20.752, 15.45, 13.623, 8.998, 0.0, 7.325, 12.038, 16.371, 19.189, 22.427, 24.194, 26.118, 26.808, 27.277, 28.437, 29.098, 31.09, 32.404, 32.28, 33.663, 35.807, 36.03, 36.784, 38.83, 40.248, 40.548, 40.04, 40.907, 42.248, 41.883, 41.303, 40.983, 41.752, 42.649, 42.876, 42.637, 41.903, 41.571, 43.093, 42.719, 40.631, 39.994, 40.001, 38.572, 37.355, 37.413, 37.236, 37.497, 37.007, 38.079, 38.881, 38.681, 38.811, 38.885, 38.794, 37.969, 36.012, 35.196, 35.339, 35.362, 35.34, 35.615, 35.278, 33.843, 33.293, 33.486, 32.759, 32.093, 32.072, 32.15, 32.661, 33.044, 33.455, 33.236, 32.356, 31.751, 31.639, 31.835, 33.326, 35.398, 35.677, 35.875, 35.276, 34.823, 34.938, 35.055, 35.022, 35.65, 37.441, 38.687, 40.718, 41.159, 40.675, 40.417, 39.949, 38.096, 34.792, 34.307, 34.21, 32.497, 32.356, 33.667, 35.047, 34.286, 27.405], [28.935, 27.748, 23.264, 18.948, 17.16, 13.68, 7.325, 0.0, 7.969, 14.131, 17.025, 20.4, 22.475, 24.741, 25.745, 26.291, 27.69, 28.705, 30.918, 32.261, 32.087, 33.39, 35.536, 35.855, 36.608, 38.521, 39.924, 40.36, 39.925, 40.736, 42.05, 41.71, 41.155, 40.877, 41.662, 42.57, 42.787, 42.543, 41.821, 41.501, 42.978, 42.577, 40.566, 39.99, 39.978, 38.659, 37.577, 37.692, 37.479, 37.679, 37.162, 38.172, 38.972, 38.794, 38.889, 38.908, 38.827, 38.067, 36.221, 35.443, 35.536, 35.508, 35.459, 35.699, 35.34, 33.998, 33.513, 33.695, 33.029, 32.503, 32.54, 32.575, 33.006, 33.396, 33.809, 33.606, 32.767, 32.165, 32.038, 32.224, 33.703, 35.741, 36.028, 36.213, 35.627, 35.187, 35.297, 35.403, 35.38, 35.96, 37.655, 38.888, 40.896, 41.339, 40.813, 40.544, 40.081, 38.269, 35.115, 34.618, 34.498, 32.899, 32.761, 33.987, 35.315, 34.585, 28.612], [30.42, 29.363, 25.44, 21.719, 20.071, 16.7, 12.038, 7.969, 0.0, 8.874, 13.011, 16.389, 19.073, 22.181, 23.624, 24.263, 25.872, 27.203, 29.806, 31.321, 31.194, 32.63, 34.916, 35.409, 36.314, 38.266, 39.748, 40.252, 39.878, 40.737, 42.028, 41.678, 41.11, 40.824, 41.603, 42.515, 42.723, 42.473, 41.765, 41.465, 42.93, 42.525, 40.53, 39.966, 39.974, 38.659, 37.594, 37.704, 37.47, 37.678, 37.171, 38.134, 38.933, 38.78, 38.856, 38.884, 38.812, 38.014, 36.191, 35.409, 35.455, 35.411, 35.375, 35.603, 35.238, 33.897, 33.409, 33.571, 32.902, 32.476, 32.583, 32.62, 33.143, 33.55, 33.953, 33.755, 32.926, 32.34, 32.174, 32.32, 33.777, 35.736, 36.012, 36.207, 35.658, 35.26, 35.346, 35.452, 35.418, 35.946, 37.579, 38.757, 40.706, 41.116, 40.583, 40.326, 39.91, 38.106, 35.059, 34.635, 34.523, 33.001, 32.935, 34.154, 35.466, 34.75, 30.15], [32.041, 31.197, 28.071, 25.029, 23.812, 20.801, 16.371, 14.131, 8.874, 0.0, 6.91, 11.739, 14.705, 18.941, 21.027, 21.773, 23.643, 25.647, 28.999, 30.735, 30.678, 32.31, 34.736, 35.573, 36.691, 38.594, 40.17, 40.82, 40.439, 41.164, 42.344, 42.014, 41.469, 41.188, 41.949, 42.828, 42.987, 42.792, 42.185, 41.887, 43.262, 42.86, 40.937, 40.401, 40.408, 39.194, 38.26, 38.503, 38.286, 38.502, 38.167, 39.091, 39.83, 39.703, 39.766, 39.818, 39.772, 38.985, 37.219, 36.459, 36.481, 36.464, 36.449, 36.624, 36.218, 34.91, 34.479, 34.629, 34.022, 33.691, 33.74, 33.71, 34.233, 34.616, 34.938, 34.745, 33.99, 33.477, 33.323, 33.488, 34.781, 36.463, 36.759, 37.056, 36.598, 36.27, 36.368, 36.493, 36.499, 36.976, 38.521, 39.61, 41.419, 41.81, 41.313, 41.016, 40.633, 38.888, 36.004, 35.63, 35.475, 34.088, 34.033, 35.122, 36.316, 35.662, 31.935], [32.882, 32.152, 29.432, 26.824, 25.875, 23.144, 19.189, 17.025, 13.011, 6.91, 0.0, 7.459, 11.718, 16.62, 19.175, 19.943, 22.046, 24.527, 28.308, 30.269, 30.333, 32.045, 34.506, 35.489, 36.694, 38.596, 40.202, 40.895, 40.523, 41.21, 42.371, 42.067, 41.536, 41.28, 42.047, 42.937, 43.077, 42.864, 42.281, 41.992, 43.328, 42.943, 41.058, 40.529, 40.559, 39.411, 38.517, 38.83, 38.678, 38.879, 38.526, 39.383, 40.093, 39.963, 40.016, 40.084, 40.044, 39.289, 37.561, 36.833, 36.863, 36.832, 36.846, 37.004, 36.574, 35.288, 34.828, 34.972, 34.381, 34.028, 34.044, 33.986, 34.506, 34.911, 35.211, 35.013, 34.28, 33.798, 33.632, 33.789, 35.089, 36.753, 37.047, 37.35, 36.923, 36.611, 36.718, 36.86, 36.904, 37.407, 38.942, 40.014, 41.809, 42.207, 41.677, 41.349, 40.954, 39.215, 36.363, 35.98, 35.8, 34.404, 34.314, 35.383, 36.565, 35.922, 32.799], [34.206, 33.6, 31.434, 29.293, 28.48, 25.927, 22.427, 20.4, 16.389, 11.739, 7.459, 0.0, 7.563, 14.869, 18.321, 19.406, 21.455, 24.275, 28.365, 30.541, 30.839, 32.615, 35.042, 36.205, 37.506, 39.34, 40.885, 41.577, 41.189, 41.731, 42.772, 42.506, 42.003, 41.751, 42.46, 43.278, 43.405, 43.238, 42.744, 42.499, 43.78, 43.458, 41.669, 41.121, 41.185, 40.154, 39.363, 39.684, 39.554, 39.733, 39.373, 40.111, 40.779, 40.676, 40.707, 40.76, 40.744, 40.087, 38.499, 37.85, 37.906, 37.866, 37.864, 37.97, 37.552, 36.388, 35.957, 36.063, 35.529, 35.234, 35.232, 35.126, 35.591, 35.996, 36.279, 36.067, 35.396, 35.032, 34.866, 34.974, 36.234, 37.697, 37.983, 38.317, 37.921, 37.608, 37.677, 37.806, 37.857, 38.32, 39.744, 40.79, 42.498, 42.858, 42.359, 42.046, 41.688, 40.032, 37.413, 37.085, 36.866, 35.648, 35.591, 36.51, 37.58, 36.968, 34.131], [34.954, 34.4, 32.453, 30.572, 29.851, 27.468, 24.194, 22.475, 19.073, 14.705, 11.718, 7.563, 0.0, 10.116, 15.474, 17.488, 20.093, 23.402, 27.967, 30.214, 30.519, 32.383, 34.875, 36.182, 37.592, 39.433, 40.974, 41.711, 41.347, 41.872, 42.909, 42.654, 42.167, 41.922, 42.64, 43.438, 43.554, 43.424, 42.957, 42.714, 44.006, 43.72, 41.961, 41.424, 41.482, 40.458, 39.75, 40.09, 39.922, 40.069, 39.701, 40.427, 41.117, 41.02, 41.04, 41.102, 41.09, 40.451, 38.879, 38.22, 38.312, 38.289, 38.287, 38.396, 37.964, 36.823, 36.452, 36.557, 36.015, 35.735, 35.756, 35.604, 36.013, 36.4, 36.665, 36.467, 35.824, 35.472, 35.335, 35.438, 36.571, 37.857, 38.154, 38.515, 38.122, 37.783, 37.847, 37.967, 37.978, 38.442, 39.89, 40.923, 42.626, 42.983, 42.49, 42.143, 41.788, 40.146, 37.621, 37.328, 37.09, 36.009, 36.026, 36.887, 37.928, 37.361, 34.846], [35.669, 35.164, 33.402, 31.713, 31.068, 28.984, 26.118, 24.741, 22.181, 18.941, 16.62, 14.869, 10.116, 0.0, 8.611, 13.28, 17.414, 21.578, 26.867, 29.349, 29.724, 31.742, 34.37, 35.852, 37.363, 39.247, 40.805, 41.591, 41.286, 41.869, 42.882, 42.609, 42.123, 41.887, 42.69, 43.542, 43.649, 43.529, 43.061, 42.799, 44.062, 43.786, 42.043, 41.517, 41.612, 40.595, 39.898, 40.207, 39.944, 40.039, 39.675, 40.344, 41.027, 40.908, 40.908, 41.006, 41.003, 40.378, 38.83, 38.139, 38.238, 38.228, 38.25, 38.401, 37.98, 36.867, 36.528, 36.644, 36.085, 35.764, 35.836, 35.774, 36.199, 36.6, 36.869, 36.68, 36.024, 35.67, 35.579, 35.662, 36.726, 37.983, 38.252, 38.492, 38.104, 37.788, 37.896, 38.034, 38.004, 38.485, 39.885, 40.848, 42.581, 42.987, 42.475, 42.099, 41.754, 40.104, 37.604, 37.35, 37.11, 36.071, 36.112, 36.97, 37.965, 37.426, 35.548], [35.623, 35.096, 33.378, 31.809, 31.228, 29.358, 26.808, 25.745, 23.624, 21.027, 19.175, 18.321, 15.474, 8.611, 0.0, 8.277, 14.817, 18.972, 24.82, 27.85, 28.364, 30.551, 33.391, 34.965, 36.561, 38.524, 40.118, 40.956, 40.762, 41.49, 42.549, 42.28, 41.798, 41.557, 42.441, 43.412, 43.553, 43.4, 42.941, 42.733, 44.002, 43.714, 41.956, 41.461, 41.553, 40.447, 39.688, 39.965, 39.702, 39.858, 39.544, 40.205, 40.873, 40.737, 40.761, 40.903, 40.873, 40.173, 38.527, 37.754, 37.831, 37.829, 37.875, 38.09, 37.7, 36.563, 36.191, 36.329, 35.753, 35.354, 35.437, 35.489, 35.954, 36.317, 36.574, 36.368, 35.644, 35.272, 35.208, 35.31, 36.434, 37.792, 38.007, 38.168, 37.796, 37.508, 37.647, 37.807, 37.782, 38.296, 39.715, 40.694, 42.437, 42.828, 42.327, 42.001, 41.689, 40.03, 37.404, 37.138, 36.95, 35.821, 35.826, 36.761, 37.753, 37.227, 35.515], [35.988, 35.454, 33.749, 32.192, 31.653, 29.83, 27.277, 26.291, 24.263, 21.773, 19.943, 19.406, 17.488, 13.28, 8.277, 0.0, 9.899, 15.986, 22.496, 26.201, 26.937, 29.108, 32.11, 33.839, 35.593, 37.647, 39.385, 40.349, 40.199, 41.04, 42.185, 41.941, 41.492, 41.278, 42.153, 43.193, 43.381, 43.161, 42.695, 42.548, 43.79, 43.49, 41.796, 41.338, 41.386, 40.296, 39.622, 39.944, 39.687, 39.895, 39.678, 40.373, 41.02, 40.892, 40.94, 41.098, 41.062, 40.374, 38.763, 38.01, 38.08, 38.07, 38.12, 38.315, 37.895, 36.781, 36.422, 36.577, 36.056, 35.642, 35.634, 35.611, 36.018, 36.359, 36.595, 36.418, 35.743, 35.391, 35.281, 35.442, 36.718, 38.138, 38.334, 38.526, 38.189, 37.919, 38.039, 38.18, 38.179, 38.678, 40.079, 41.028, 42.739, 43.144, 42.671, 42.38, 42.053, 40.39, 37.704, 37.408, 37.232, 36.002, 35.891, 36.841, 37.877, 37.4, 35.841], [36.745, 36.266, 34.65, 33.103, 32.566, 30.782, 28.437, 27.69, 25.872, 23.643, 22.046, 21.455, 20.093, 17.414, 14.817, 9.899, 0.0, 11.029, 20.266, 24.577, 25.745, 28.338, 31.541, 33.498, 35.573, 37.839, 39.641, 40.639, 40.509, 41.33, 42.49, 42.274, 41.836, 41.691, 42.602, 43.577, 43.791, 43.604, 43.104, 42.951, 44.18, 43.896, 42.228, 41.747, 41.844, 40.804, 40.088, 40.38, 40.167, 40.402, 40.185, 40.848, 41.458, 41.315, 41.353, 41.501, 41.504, 40.886, 39.269, 38.486, 38.566, 38.577, 38.595, 38.747, 38.322, 37.241, 36.933, 37.094, 36.629, 36.275, 36.197, 36.098, 36.5, 36.845, 37.086, 36.977, 36.418, 36.155, 36.029, 36.221, 37.47, 38.796, 38.967, 39.161, 38.836, 38.57, 38.666, 38.781, 38.798, 39.291, 40.705, 41.628, 43.299, 43.672, 43.182, 42.907, 42.523, 40.898, 38.292, 38.029, 37.913, 36.691, 36.547, 37.51, 38.564, 38.11, 36.544], [36.228, 35.692, 34.005, 32.73, 32.283, 30.74, 29.098, 28.705, 27.203, 25.647, 24.527, 24.275, 23.402, 21.578, 18.972, 15.986, 11.029, 0.0, 13.325, 19.999, 21.341, 24.459, 28.245, 30.453, 33.061, 35.699, 37.597, 38.713, 38.689, 39.844, 41.416, 41.247, 40.805, 40.732, 41.745, 42.864, 43.188, 42.947, 42.504, 42.53, 43.851, 43.561, 41.91, 41.474, 41.542, 40.376, 39.601, 39.899, 39.741, 39.982, 39.655, 40.245, 40.829, 40.653, 40.734, 40.94, 40.992, 40.355, 38.678, 37.864, 37.939, 37.877, 37.868, 38.106, 37.724, 36.592, 36.238, 36.392, 35.879, 35.413, 35.261, 35.089, 35.555, 35.879, 36.115, 36.041, 35.494, 35.211, 35.069, 35.241, 36.58, 38.084, 38.303, 38.509, 38.185, 37.906, 37.987, 38.121, 38.153, 38.676, 40.055, 41.043, 42.814, 43.171, 42.69, 42.422, 42.051, 40.489, 37.913, 37.654, 37.583, 36.283, 36.109, 37.16, 38.304, 37.846, 36.032], [36.628, 36.039, 34.309, 33.363, 33.073, 31.947, 31.09, 30.918, 29.806, 28.999, 28.308, 28.365, 27.967, 26.867, 24.82, 22.496, 20.266, 13.325, 0.0, 10.709, 14.08, 17.754, 21.955, 24.635, 28.591, 32.087, 34.215, 35.503, 35.776, 37.633, 39.817, 39.722, 39.338, 39.352, 40.338, 41.726, 42.315, 42.003, 41.697, 42.186, 43.72, 43.439, 41.945, 41.637, 41.61, 40.378, 39.648, 39.998, 39.911, 40.169, 39.785, 40.294, 40.839, 40.631, 40.699, 40.991, 41.136, 40.546, 38.979, 38.202, 38.234, 38.079, 38.023, 38.331, 37.996, 36.874, 36.465, 36.55, 36.082, 35.536, 35.192, 34.838, 35.284, 35.509, 35.669, 35.686, 35.249, 34.953, 34.737, 34.864, 36.254, 37.976, 38.334, 38.561, 38.243, 37.961, 38.004, 38.131, 38.184, 38.628, 39.885, 40.947, 42.828, 43.194, 42.66, 42.416, 42.102, 40.636, 38.172, 37.903, 37.816, 36.444, 36.209, 37.287, 38.493, 38.054, 36.471], [37.372, 36.818, 35.159, 34.246, 33.97, 33.016, 32.404, 32.261, 31.321, 30.735, 30.269, 30.541, 30.214, 29.349, 27.85, 26.201, 24.577, 19.999, 10.709, 0.0, 7.676, 14.433, 18.973, 21.665, 26.442, 30.698, 33.084, 34.423, 34.865, 36.991, 39.343, 39.258, 38.893, 38.956, 39.935, 41.411, 42.131, 41.879, 41.624, 42.302, 43.955, 43.708, 42.285, 42.037, 42.011, 40.752, 39.959, 40.274, 40.24, 40.515, 40.091, 40.583, 41.126, 40.919, 40.934, 41.276, 41.474, 40.898, 39.395, 38.625, 38.599, 38.432, 38.385, 38.687, 38.381, 37.29, 36.886, 36.936, 36.495, 36.0, 35.64, 35.198, 35.613, 35.808, 35.912, 35.984, 35.676, 35.444, 35.267, 35.363, 36.628, 38.371, 38.798, 39.055, 38.746, 38.463, 38.48, 38.597, 38.624, 38.993, 40.207, 41.306, 43.223, 43.612, 43.002, 42.735, 42.423, 40.995, 38.628, 38.374, 38.216, 36.772, 36.534, 37.666, 38.9, 38.443, 37.161], [37.252, 36.711, 35.048, 34.13, 33.867, 32.944, 32.28, 32.087, 31.194, 30.678, 30.333, 30.839, 30.519, 29.724, 28.364, 26.937, 25.745, 21.341, 14.08, 7.676, 0.0, 10.208, 16.673, 19.535, 24.27, 28.753, 31.377, 32.911, 33.5, 35.881, 38.436, 38.379, 38.04, 38.192, 39.262, 40.815, 41.606, 41.458, 41.278, 42.013, 43.803, 43.59, 42.137, 41.915, 41.903, 40.666, 39.849, 40.084, 39.972, 40.2, 39.678, 40.157, 40.721, 40.502, 40.496, 40.815, 40.971, 40.383, 38.958, 38.262, 38.244, 38.069, 38.033, 38.33, 38.017, 36.937, 36.56, 36.604, 36.154, 35.708, 35.42, 35.03, 35.431, 35.617, 35.721, 35.803, 35.511, 35.223, 35.04, 35.147, 36.408, 38.163, 38.587, 38.865, 38.562, 38.286, 38.324, 38.443, 38.458, 38.798, 39.944, 41.02, 42.933, 43.37, 42.772, 42.475, 42.174, 40.731, 38.358, 38.111, 37.945, 36.457, 36.224, 37.373, 38.564, 38.103, 37.043], [37.859, 37.354, 35.891, 35.208, 35.074, 34.317, 33.663, 33.39, 32.63, 32.31, 32.045, 32.615, 32.383, 31.742, 30.551, 29.108, 28.338, 24.459, 17.754, 14.433, 10.208, 0.0, 9.335, 14.84, 20.012, 24.348, 27.289, 29.41, 30.378, 33.433, 36.504, 36.521, 36.316, 36.617, 37.682, 39.385, 40.327, 40.112, 40.096, 41.202, 43.11, 42.878, 41.766, 41.833, 41.708, 40.625, 40.168, 40.53, 40.324, 40.475, 39.94, 40.354, 40.905, 40.671, 40.614, 40.954, 41.107, 40.569, 39.435, 38.958, 38.953, 38.727, 38.738, 39.059, 38.781, 37.887, 37.575, 37.603, 37.23, 36.862, 36.661, 36.305, 36.641, 36.785, 36.865, 36.97, 36.675, 36.254, 35.974, 36.064, 37.313, 39.029, 39.447, 39.713, 39.439, 39.198, 39.249, 39.352, 39.369, 39.579, 40.544, 41.603, 43.398, 43.82, 43.295, 42.992, 42.711, 41.342, 39.081, 38.789, 38.629, 37.233, 36.947, 37.966, 39.014, 38.618, 37.718], [39.165, 38.716, 37.489, 36.949, 36.856, 36.284, 35.807, 35.536, 34.916, 34.736, 34.506, 35.042, 34.875, 34.37, 33.391, 32.11, 31.541, 28.245, 21.955, 18.973, 16.673, 9.335, 0.0, 9.89, 17.711, 22.106, 24.721, 27.033, 28.467, 32.127, 35.596, 35.68, 35.611, 36.023, 36.947, 38.696, 39.741, 39.451, 39.634, 41.133, 43.157, 42.903, 42.101, 42.484, 42.291, 41.205, 40.971, 41.461, 41.258, 41.395, 40.951, 41.277, 41.8, 41.558, 41.431, 41.828, 42.006, 41.494, 40.534, 40.147, 40.103, 39.832, 39.878, 40.218, 39.999, 39.279, 38.992, 38.987, 38.706, 38.351, 38.073, 37.637, 37.965, 38.109, 38.143, 38.3, 38.071, 37.648, 37.354, 37.452, 38.604, 40.185, 40.619, 40.9, 40.65, 40.423, 40.438, 40.519, 40.556, 40.676, 41.522, 42.544, 44.197, 44.583, 44.104, 43.833, 43.623, 42.402, 40.303, 39.991, 39.825, 38.548, 38.232, 39.145, 40.122, 39.845, 39.073], [39.017, 38.527, 37.191, 36.656, 36.522, 36.113, 36.03, 35.855, 35.409, 35.573, 35.489, 36.205, 36.182, 35.852, 34.965, 33.839, 33.498, 30.453, 24.635, 21.665, 19.535, 14.84, 9.89, 0.0, 11.713, 18.598, 21.098, 22.974, 24.919, 29.482, 33.563, 33.761, 33.711, 34.278, 35.193, 37.025, 38.213, 37.974, 38.357, 40.155, 42.421, 42.213, 41.343, 41.86, 41.846, 40.724, 40.399, 40.904, 40.789, 40.996, 40.543, 40.88, 41.401, 41.125, 40.997, 41.438, 41.634, 41.095, 40.032, 39.544, 39.479, 39.205, 39.227, 39.588, 39.363, 38.531, 38.203, 38.212, 37.884, 37.474, 37.112, 36.621, 37.026, 37.251, 37.325, 37.521, 37.335, 36.958, 36.707, 36.814, 38.034, 39.728, 40.194, 40.447, 40.119, 39.845, 39.872, 39.985, 40.009, 40.177, 41.05, 42.08, 43.795, 44.215, 43.727, 43.446, 43.218, 41.994, 39.763, 39.398, 39.273, 37.865, 37.512, 38.572, 39.678, 39.372, 38.911], [39.146, 38.696, 37.48, 37.111, 37.028, 36.737, 36.784, 36.608, 36.314, 36.691, 36.694, 37.506, 37.592, 37.363, 36.561, 35.593, 35.573, 33.061, 28.591, 26.442, 24.27, 20.012, 17.711, 11.713, 0.0, 9.865, 14.245, 16.619, 18.849, 24.899, 29.927, 30.326, 30.391, 31.325, 32.385, 34.304, 35.529, 35.206, 35.796, 37.939, 40.445, 40.369, 39.74, 40.436, 40.636, 40.055, 40.073, 40.616, 40.487, 40.648, 40.147, 40.494, 40.976, 40.692, 40.599, 41.031, 41.249, 40.79, 39.81, 39.334, 39.246, 38.956, 38.966, 39.325, 39.125, 38.359, 38.069, 38.094, 37.798, 37.492, 37.265, 36.889, 37.226, 37.462, 37.607, 37.803, 37.647, 37.229, 36.946, 37.04, 38.219, 39.953, 40.45, 40.684, 40.326, 40.042, 40.133, 40.282, 40.271, 40.358, 41.13, 42.142, 43.803, 44.31, 43.966, 43.688, 43.411, 42.21, 40.023, 39.624, 39.47, 38.071, 37.717, 38.737, 39.79, 39.422, 39.025], [40.564, 40.205, 39.322, 39.142, 39.164, 38.962, 38.83, 38.521, 38.266, 38.594, 38.596, 39.34, 39.433, 39.247, 38.524, 37.647, 37.839, 35.699, 32.087, 30.698, 28.753, 24.348, 22.106, 18.598, 9.865, 0.0, 7.302, 12.387, 15.268, 22.289, 27.857, 28.385, 28.662, 29.843, 30.933, 32.936, 34.058, 33.545, 34.351, 36.723, 39.222, 39.239, 39.099, 40.065, 40.175, 40.141, 40.862, 41.617, 41.437, 41.444, 40.964, 41.254, 41.706, 41.459, 41.344, 41.711, 41.889, 41.563, 40.897, 40.548, 40.415, 40.078, 40.092, 40.408, 40.282, 39.845, 39.721, 39.713, 39.549, 39.56, 39.524, 39.129, 39.342, 39.529, 39.659, 39.839, 39.751, 39.326, 38.988, 39.072, 40.024, 41.532, 42.019, 42.22, 41.903, 41.666, 41.777, 41.94, 41.925, 41.83, 42.359, 43.303, 44.791, 45.293, 45.107, 44.87, 44.644, 43.643, 41.785, 41.382, 41.208, 40.068, 39.704, 40.417, 41.226, 40.972, 40.504], [41.404, 41.079, 40.316, 40.235, 40.306, 40.238, 40.248, 39.924, 39.748, 40.17, 40.202, 40.885, 40.974, 40.805, 40.118, 39.385, 39.641, 37.597, 34.215, 33.084, 31.377, 27.289, 24.721, 21.098, 14.245, 7.302, 0.0, 7.58, 13.433, 21.06, 26.663, 27.278, 27.686, 28.956, 30.012, 32.121, 33.283, 32.776, 33.831, 36.391, 38.982, 39.09, 39.14, 40.36, 40.459, 40.395, 41.356, 42.267, 42.086, 42.052, 41.672, 41.971, 42.406, 42.141, 41.983, 42.332, 42.473, 42.152, 41.562, 41.226, 41.067, 40.702, 40.673, 40.966, 40.872, 40.546, 40.495, 40.461, 40.321, 40.45, 40.414, 39.97, 40.213, 40.407, 40.503, 40.693, 40.653, 40.276, 39.92, 40.006, 40.917, 42.324, 42.796, 42.949, 42.627, 42.408, 42.54, 42.741, 42.74, 42.605, 43.072, 43.999, 45.414, 45.875, 45.747, 45.532, 45.34, 44.441, 42.732, 42.313, 42.132, 41.1, 40.704, 41.294, 42.001, 41.802, 41.411], [41.355, 41.028, 40.205, 40.137, 40.205, 40.25, 40.548, 40.36, 40.252, 40.82, 40.895, 41.577, 41.711, 41.591, 40.956, 40.349, 40.639, 38.713, 35.503, 34.423, 32.911, 29.41, 27.033, 22.974, 16.619, 12.387, 7.58, 0.0, 10.21, 19.965, 25.61, 26.165, 26.573, 27.986, 29.105, 31.292, 32.614, 32.266, 33.512, 36.127, 38.814, 39.008, 39.052, 40.365, 40.633, 40.511, 41.293, 42.17, 42.08, 42.131, 41.704, 41.96, 42.386, 42.105, 41.937, 42.31, 42.455, 42.075, 41.399, 41.018, 40.855, 40.495, 40.447, 40.741, 40.655, 40.257, 40.131, 40.083, 39.905, 39.97, 39.861, 39.437, 39.792, 40.054, 40.179, 40.387, 40.338, 39.953, 39.602, 39.652, 40.564, 42.004, 42.491, 42.629, 42.287, 42.063, 42.21, 42.419, 42.404, 42.302, 42.814, 43.752, 45.173, 45.642, 45.522, 45.298, 45.076, 44.151, 42.427, 41.999, 41.797, 40.793, 40.458, 41.113, 41.835, 41.565, 41.415], [40.913, 40.594, 39.803, 39.73, 39.808, 39.808, 40.04, 39.925, 39.878, 40.439, 40.523, 41.189, 41.347, 41.286, 40.762, 40.199, 40.509, 38.689, 35.776, 34.865, 33.5, 30.378, 28.467, 24.919, 18.849, 15.268, 13.433, 10.21, 0.0, 13.433, 21.297, 22.043, 22.366, 24.211, 25.551, 27.86, 29.3, 29.142, 30.925, 33.91, 36.68, 36.848, 37.0, 38.442, 38.961, 39.209, 40.177, 41.163, 41.235, 41.489, 41.126, 41.43, 41.866, 41.669, 41.57, 41.9, 42.103, 41.805, 41.083, 40.677, 40.525, 40.185, 40.205, 40.488, 40.355, 39.901, 39.735, 39.711, 39.525, 39.506, 39.378, 39.003, 39.371, 39.638, 39.774, 39.962, 39.889, 39.449, 39.058, 39.109, 40.002, 41.428, 41.893, 42.035, 41.67, 41.448, 41.601, 41.793, 41.749, 41.645, 42.266, 43.248, 44.657, 45.143, 45.052, 44.823, 44.577, 43.622, 41.883, 41.459, 41.254, 40.361, 40.132, 40.836, 41.604, 41.175, 40.942], [41.581, 41.307, 40.75, 40.778, 40.923, 40.889, 40.907, 40.736, 40.737, 41.164, 41.21, 41.731, 41.872, 41.869, 41.49, 41.04, 41.33, 39.844, 37.633, 36.991, 35.881, 33.433, 32.127, 29.482, 24.899, 22.289, 21.06, 19.965, 13.433, 0.0, 11.149, 13.312, 13.649, 16.571, 18.765, 21.577, 23.3, 23.77, 26.717, 30.182, 32.979, 33.183, 33.464, 35.179, 36.103, 37.029, 38.696, 40.197, 40.526, 41.176, 41.622, 42.292, 42.697, 42.606, 42.575, 42.761, 43.071, 43.009, 42.28, 41.763, 41.547, 41.194, 41.179, 41.372, 41.204, 40.739, 40.62, 40.656, 40.453, 40.46, 40.435, 40.175, 40.507, 40.689, 40.717, 40.885, 40.89, 40.477, 40.068, 40.218, 41.063, 42.217, 42.575, 42.687, 42.327, 42.177, 42.387, 42.626, 42.6, 42.424, 43.08, 44.052, 45.326, 45.719, 45.652, 45.445, 45.217, 44.305, 42.693, 42.202, 41.965, 41.392, 41.285, 41.855, 42.545, 41.959, 41.586], [42.6, 42.389, 42.035, 42.167, 42.35, 42.346, 42.248, 42.05, 42.028, 42.344, 42.371, 42.772, 42.909, 42.882, 42.549, 42.185, 42.49, 41.416, 39.817, 39.343, 38.436, 36.504, 35.596, 33.563, 29.927, 27.857, 26.663, 25.61, 21.297, 11.149, 0.0, 4.546, 6.505, 10.372, 13.693, 17.398, 19.467, 20.855, 24.665, 27.926, 30.555, 30.995, 31.393, 33.306, 34.506, 35.814, 37.938, 39.825, 40.371, 41.272, 42.344, 43.245, 43.613, 43.534, 43.519, 43.672, 44.03, 44.092, 43.466, 42.97, 42.734, 42.361, 42.297, 42.39, 42.248, 41.857, 41.738, 41.761, 41.523, 41.557, 41.68, 41.616, 41.95, 42.089, 42.067, 42.226, 42.274, 41.905, 41.576, 41.803, 42.538, 43.378, 43.603, 43.666, 43.351, 43.266, 43.531, 43.832, 43.822, 43.58, 44.196, 45.16, 46.307, 46.607, 46.568, 46.383, 46.177, 45.319, 43.886, 43.329, 43.043, 42.782, 42.76, 43.149, 43.679, 43.003, 42.641], [42.253, 42.029, 41.639, 41.77, 41.946, 41.952, 41.883, 41.71, 41.678, 42.014, 42.067, 42.506, 42.654, 42.609, 42.28, 41.941, 42.274, 41.247, 39.722, 39.258, 38.379, 36.521, 35.68, 33.761, 30.326, 28.385, 27.278, 26.165, 22.043, 13.312, 4.546, 0.0, 4.355, 8.776, 12.204, 16.218, 18.39, 20.057, 24.044, 27.215, 29.893, 30.441, 30.857, 32.817, 34.048, 35.384, 37.529, 39.436, 40.035, 40.968, 41.994, 42.886, 43.285, 43.202, 43.189, 43.377, 43.744, 43.786, 43.136, 42.641, 42.414, 42.028, 41.942, 42.024, 41.879, 41.484, 41.352, 41.374, 41.125, 41.179, 41.324, 41.287, 41.685, 41.845, 41.831, 41.975, 41.986, 41.593, 41.256, 41.496, 42.245, 43.076, 43.285, 43.346, 43.03, 42.942, 43.208, 43.52, 43.516, 43.29, 43.943, 44.936, 46.116, 46.406, 46.36, 46.177, 45.96, 45.062, 43.61, 43.061, 42.769, 42.496, 42.475, 42.882, 43.425, 42.737, 42.303], [41.828, 41.584, 41.114, 41.182, 41.332, 41.329, 41.303, 41.155, 41.11, 41.469, 41.536, 42.003, 42.167, 42.123, 41.798, 41.492, 41.836, 40.805, 39.338, 38.893, 38.04, 36.316, 35.611, 33.711, 30.391, 28.662, 27.686, 26.573, 22.366, 13.649, 6.505, 4.355, 0.0, 6.32, 10.694, 14.704, 16.944, 18.869, 23.003, 26.197, 28.99, 29.583, 29.9, 31.873, 33.213, 34.543, 36.651, 38.577, 39.203, 40.239, 41.377, 42.349, 42.764, 42.743, 42.769, 42.945, 43.337, 43.371, 42.656, 42.125, 41.905, 41.532, 41.441, 41.522, 41.362, 40.908, 40.743, 40.777, 40.523, 40.578, 40.753, 40.742, 41.176, 41.356, 41.348, 41.494, 41.492, 41.067, 40.739, 40.956, 41.713, 42.603, 42.796, 42.829, 42.483, 42.392, 42.668, 42.974, 42.95, 42.737, 43.457, 44.481, 45.718, 46.025, 45.962, 45.786, 45.551, 44.617, 43.097, 42.54, 42.257, 41.932, 41.916, 42.377, 42.949, 42.21, 41.84], [41.608, 41.332, 40.836, 40.885, 41.018, 41.004, 40.983, 40.877, 40.824, 41.188, 41.28, 41.751, 41.922, 41.887, 41.557, 41.278, 41.691, 40.732, 39.352, 38.956, 38.192, 36.617, 36.023, 34.278, 31.325, 29.843, 28.956, 27.986, 24.211, 16.571, 10.372, 8.776, 6.32, 0.0, 6.241, 12.074, 14.404, 16.741, 21.509, 24.741, 27.53, 28.277, 28.686, 30.756, 32.107, 33.435, 35.726, 37.84, 38.529, 39.676, 41.024, 42.211, 42.651, 42.656, 42.808, 43.028, 43.395, 43.431, 42.68, 42.114, 41.899, 41.534, 41.434, 41.521, 41.361, 40.875, 40.672, 40.685, 40.434, 40.475, 40.609, 40.605, 41.022, 41.189, 41.18, 41.323, 41.293, 40.827, 40.511, 40.743, 41.522, 42.468, 42.675, 42.691, 42.322, 42.222, 42.498, 42.809, 42.78, 42.575, 43.345, 44.403, 45.709, 46.032, 45.972, 45.804, 45.571, 44.626, 43.05, 42.476, 42.195, 41.81, 41.764, 42.263, 42.836, 42.026, 41.59], [42.289, 41.998, 41.555, 41.65, 41.784, 41.777, 41.752, 41.662, 41.603, 41.949, 42.047, 42.46, 42.64, 42.69, 42.441, 42.153, 42.602, 41.745, 40.338, 39.935, 39.262, 37.682, 36.947, 35.193, 32.385, 30.933, 30.012, 29.105, 25.551, 18.765, 13.693, 12.204, 10.694, 6.241, 0.0, 8.097, 11.259, 14.039, 19.881, 23.729, 26.709, 27.732, 28.569, 30.972, 32.383, 33.702, 36.094, 38.339, 39.11, 40.258, 41.596, 42.82, 43.275, 43.29, 43.5, 43.818, 44.189, 44.227, 43.533, 42.994, 42.763, 42.393, 42.314, 42.409, 42.262, 41.819, 41.616, 41.596, 41.38, 41.435, 41.463, 41.372, 41.778, 41.971, 41.947, 42.088, 42.07, 41.622, 41.283, 41.542, 42.318, 43.202, 43.441, 43.489, 43.126, 43.016, 43.262, 43.555, 43.52, 43.28, 44.008, 45.069, 46.349, 46.66, 46.595, 46.41, 46.18, 45.299, 43.834, 43.305, 43.032, 42.648, 42.595, 43.116, 43.696, 42.9, 42.285], [43.227, 42.957, 42.517, 42.566, 42.672, 42.666, 42.649, 42.57, 42.515, 42.828, 42.937, 43.278, 43.438, 43.542, 43.412, 43.193, 43.577, 42.864, 41.726, 41.411, 40.815, 39.385, 38.696, 37.025, 34.304, 32.936, 32.121, 31.292, 27.86, 21.577, 17.398, 16.218, 14.704, 12.074, 8.097, 0.0, 5.844, 11.661, 18.03, 22.163, 25.534, 26.818, 27.969, 30.772, 32.607, 34.192, 36.617, 38.835, 39.672, 40.853, 42.185, 43.374, 43.829, 43.901, 44.116, 44.446, 44.88, 44.944, 44.287, 43.775, 43.544, 43.215, 43.181, 43.259, 43.115, 42.714, 42.526, 42.497, 42.319, 42.412, 42.411, 42.314, 42.791, 43.043, 43.027, 43.15, 43.141, 42.691, 42.348, 42.634, 43.306, 43.999, 44.178, 44.215, 43.852, 43.741, 43.991, 44.26, 44.179, 43.874, 44.582, 45.618, 46.809, 47.11, 47.058, 46.854, 46.614, 45.815, 44.509, 44.002, 43.746, 43.513, 43.515, 43.995, 44.517, 43.722, 43.181], [43.477, 43.218, 42.799, 42.844, 42.946, 42.925, 42.876, 42.787, 42.723, 42.987, 43.077, 43.405, 43.554, 43.649, 43.553, 43.381, 43.791, 43.188, 42.315, 42.131, 41.606, 40.327, 39.741, 38.213, 35.529, 34.058, 33.283, 32.614, 29.3, 23.3, 19.467, 18.39, 16.944, 14.404, 11.259, 5.844, 0.0, 9.138, 16.807, 20.796, 24.011, 25.507, 26.82, 29.747, 31.823, 33.78, 36.496, 38.829, 39.69, 40.865, 42.248, 43.476, 43.926, 44.032, 44.305, 44.655, 45.113, 45.222, 44.575, 44.041, 43.808, 43.503, 43.464, 43.529, 43.396, 43.012, 42.826, 42.795, 42.626, 42.719, 42.717, 42.622, 43.114, 43.405, 43.402, 43.516, 43.507, 43.051, 42.721, 43.012, 43.65, 44.302, 44.445, 44.439, 44.058, 43.935, 44.196, 44.47, 44.387, 44.079, 44.782, 45.8, 46.974, 47.282, 47.234, 47.026, 46.789, 46.015, 44.768, 44.242, 43.965, 43.775, 43.785, 44.208, 44.682, 43.937, 43.395], [43.337, 43.044, 42.526, 42.565, 42.678, 42.662, 42.637, 42.543, 42.473, 42.792, 42.864, 43.238, 43.424, 43.529, 43.4, 43.161, 43.604, 42.947, 42.003, 41.879, 41.458, 40.112, 39.451, 37.974, 35.206, 33.545, 32.776, 32.266, 29.142, 23.77, 20.855, 20.057, 18.869, 16.741, 14.039, 11.661, 9.138, 0.0, 10.305, 16.197, 19.886, 21.639, 23.692, 27.164, 29.212, 31.479, 34.858, 37.566, 38.482, 39.692, 41.295, 42.864, 43.385, 43.49, 43.833, 44.303, 44.795, 44.894, 44.281, 43.79, 43.558, 43.251, 43.194, 43.271, 43.17, 42.793, 42.567, 42.525, 42.356, 42.438, 42.411, 42.263, 42.739, 43.023, 43.023, 43.144, 43.135, 42.689, 42.373, 42.68, 43.351, 44.097, 44.231, 44.198, 43.788, 43.658, 43.907, 44.161, 44.086, 43.808, 44.543, 45.593, 46.813, 47.112, 47.046, 46.864, 46.614, 45.809, 44.514, 43.982, 43.743, 43.433, 43.423, 43.982, 44.575, 43.838, 43.254], [42.955, 42.645, 41.927, 41.801, 41.865, 41.866, 41.903, 41.821, 41.765, 42.185, 42.281, 42.744, 42.957, 43.061, 42.941, 42.695, 43.104, 42.504, 41.697, 41.624, 41.278, 40.096, 39.634, 38.357, 35.796, 34.351, 33.831, 33.512, 30.925, 26.717, 24.665, 24.044, 23.003, 21.509, 19.881, 18.03, 16.807, 10.305, 0.0, 8.824, 15.013, 16.854, 19.406, 23.684, 25.721, 28.17, 32.061, 34.945, 35.913, 37.358, 39.358, 41.408, 42.059, 42.143, 42.479, 43.009, 43.6, 43.695, 43.184, 42.933, 42.852, 42.619, 42.607, 42.685, 42.586, 42.207, 41.962, 41.928, 41.748, 41.811, 41.812, 41.722, 42.204, 42.418, 42.441, 42.565, 42.486, 42.0, 41.716, 42.05, 42.706, 43.471, 43.506, 43.385, 42.938, 42.822, 43.076, 43.29, 43.185, 42.967, 43.879, 45.0, 46.293, 46.623, 46.51, 46.345, 46.061, 45.18, 43.787, 43.268, 43.094, 42.711, 42.697, 43.382, 44.069, 43.195, 42.81], [42.698, 42.409, 41.669, 41.475, 41.528, 41.546, 41.571, 41.501, 41.465, 41.887, 41.992, 42.499, 42.714, 42.799, 42.733, 42.548, 42.951, 42.53, 42.186, 42.302, 42.013, 41.202, 41.133, 40.155, 37.939, 36.723, 36.391, 36.127, 33.91, 30.182, 27.926, 27.215, 26.197, 24.741, 23.729, 22.163, 20.796, 16.197, 8.824, 0.0, 8.762, 12.134, 14.875, 19.654, 22.031, 25.09, 29.519, 32.544, 33.666, 35.414, 37.942, 40.407, 41.144, 41.23, 41.568, 42.084, 42.772, 42.955, 42.524, 42.436, 42.518, 42.377, 42.396, 42.463, 42.351, 41.977, 41.745, 41.738, 41.555, 41.61, 41.7, 41.729, 42.196, 42.381, 42.422, 42.535, 42.422, 41.916, 41.702, 42.053, 42.595, 43.266, 43.168, 42.921, 42.45, 42.352, 42.652, 42.877, 42.734, 42.565, 43.577, 44.678, 45.98, 46.394, 46.305, 46.138, 45.862, 44.978, 43.595, 43.061, 42.881, 42.561, 42.534, 43.162, 43.791, 42.799, 42.521], [44.057, 43.815, 43.254, 43.118, 43.198, 43.207, 43.093, 42.978, 42.93, 43.262, 43.328, 43.78, 44.006, 44.062, 44.002, 43.79, 44.18, 43.851, 43.72, 43.955, 43.803, 43.11, 43.157, 42.421, 40.445, 39.222, 38.982, 38.814, 36.68, 32.979, 30.555, 29.893, 28.99, 27.53, 26.709, 25.534, 24.011, 19.886, 15.013, 8.762, 0.0, 6.844, 11.712, 16.775, 19.465, 23.765, 29.127, 32.44, 33.77, 35.681, 38.56, 41.196, 41.945, 42.073, 42.487, 43.033, 43.733, 44.041, 43.82, 43.821, 43.921, 43.802, 43.809, 43.854, 43.794, 43.524, 43.332, 43.336, 43.18, 43.289, 43.446, 43.45, 43.814, 43.994, 44.018, 44.12, 44.075, 43.629, 43.46, 43.776, 44.224, 44.768, 44.58, 44.283, 43.851, 43.804, 44.141, 44.391, 44.267, 44.063, 44.872, 45.809, 46.991, 47.426, 47.41, 47.275, 47.041, 46.295, 45.093, 44.498, 44.305, 44.137, 44.054, 44.52, 45.057, 44.093, 43.916], [43.927, 43.692, 43.123, 42.919, 42.972, 42.931, 42.719, 42.577, 42.525, 42.86, 42.943, 43.458, 43.72, 43.786, 43.714, 43.49, 43.896, 43.561, 43.439, 43.708, 43.59, 42.878, 42.903, 42.213, 40.369, 39.239, 39.09, 39.008, 36.848, 33.183, 30.995, 30.441, 29.583, 28.277, 27.732, 26.818, 25.507, 21.639, 16.854, 12.134, 6.844, 0.0, 7.672, 14.516, 17.171, 21.713, 27.597, 31.174, 32.675, 34.818, 37.86, 40.621, 41.403, 41.534, 41.952, 42.504, 43.215, 43.543, 43.416, 43.554, 43.695, 43.557, 43.585, 43.652, 43.603, 43.34, 43.131, 43.145, 42.99, 43.111, 43.275, 43.218, 43.569, 43.748, 43.778, 43.875, 43.813, 43.385, 43.207, 43.501, 44.081, 44.708, 44.511, 44.25, 43.829, 43.77, 44.09, 44.342, 44.266, 44.1, 44.885, 45.816, 47.013, 47.395, 47.349, 47.22, 46.972, 46.184, 44.862, 44.242, 44.075, 43.873, 43.763, 44.196, 44.74, 43.785, 43.771], [42.205, 41.921, 41.143, 40.798, 40.815, 40.764, 40.631, 40.566, 40.53, 40.937, 41.058, 41.669, 41.961, 42.043, 41.956, 41.796, 42.228, 41.91, 41.945, 42.285, 42.137, 41.766, 42.101, 41.343, 39.74, 39.099, 39.14, 39.052, 37.0, 33.464, 31.393, 30.857, 29.9, 28.686, 28.569, 27.969, 26.82, 23.692, 19.406, 14.875, 11.712, 7.672, 0.0, 8.925, 13.221, 17.929, 23.675, 27.451, 29.431, 32.171, 35.624, 38.728, 39.591, 39.732, 40.186, 40.74, 41.509, 41.828, 41.579, 41.716, 41.901, 41.79, 41.834, 41.965, 41.908, 41.447, 41.141, 41.194, 40.964, 40.95, 41.163, 41.233, 41.698, 41.886, 41.949, 42.027, 41.877, 41.431, 41.276, 41.568, 42.286, 43.051, 42.809, 42.514, 42.055, 41.975, 42.323, 42.587, 42.519, 42.463, 43.438, 44.398, 45.655, 46.027, 45.917, 45.785, 45.514, 44.556, 42.954, 42.288, 42.127, 41.856, 41.747, 42.244, 42.839, 41.796, 41.997], [41.637, 41.36, 40.531, 40.099, 40.119, 40.089, 39.994, 39.99, 39.966, 40.401, 40.529, 41.121, 41.424, 41.517, 41.461, 41.338, 41.747, 41.474, 41.637, 42.037, 41.915, 41.833, 42.484, 41.86, 40.436, 40.065, 40.36, 40.365, 38.442, 35.179, 33.306, 32.817, 31.873, 30.756, 30.972, 30.772, 29.747, 27.164, 23.684, 19.654, 16.775, 14.516, 8.925, 0.0, 8.229, 15.98, 21.894, 25.378, 27.601, 30.701, 34.569, 38.017, 38.949, 39.105, 39.633, 40.141, 40.88, 41.22, 40.958, 41.118, 41.311, 41.233, 41.299, 41.455, 41.473, 40.977, 40.637, 40.707, 40.433, 40.358, 40.595, 40.712, 41.221, 41.43, 41.503, 41.554, 41.407, 40.971, 40.819, 41.032, 41.76, 42.603, 42.336, 42.014, 41.56, 41.493, 41.865, 42.117, 42.073, 42.058, 43.001, 43.891, 45.15, 45.513, 45.395, 45.285, 45.017, 44.044, 42.351, 41.603, 41.437, 41.186, 41.053, 41.554, 42.148, 41.055, 41.418], [41.48, 41.184, 40.385, 40.029, 40.108, 40.103, 40.001, 39.978, 39.974, 40.408, 40.559, 41.185, 41.482, 41.612, 41.553, 41.386, 41.844, 41.542, 41.61, 42.011, 41.903, 41.708, 42.291, 41.846, 40.636, 40.175, 40.459, 40.633, 38.961, 36.103, 34.506, 34.048, 33.213, 32.107, 32.383, 32.607, 31.823, 29.212, 25.721, 22.031, 19.465, 17.171, 13.221, 8.229, 0.0, 11.505, 20.029, 23.776, 25.702, 29.028, 33.483, 37.444, 38.495, 38.635, 39.252, 39.801, 40.434, 40.727, 40.565, 40.899, 41.186, 41.092, 41.202, 41.354, 41.4, 41.093, 40.855, 40.921, 40.675, 40.706, 40.948, 40.952, 41.349, 41.493, 41.54, 41.608, 41.446, 41.008, 40.848, 41.022, 41.776, 42.683, 42.448, 42.141, 41.691, 41.613, 41.961, 42.205, 42.17, 42.14, 42.982, 43.851, 45.136, 45.498, 45.391, 45.273, 45.004, 44.074, 42.374, 41.609, 41.441, 41.153, 40.981, 41.446, 42.026, 40.955, 41.346], [40.221, 39.847, 38.775, 38.368, 38.465, 38.477, 38.572, 38.659, 38.659, 39.194, 39.411, 40.154, 40.458, 40.595, 40.447, 40.296, 40.804, 40.376, 40.378, 40.752, 40.666, 40.625, 41.205, 40.724, 40.055, 40.141, 40.395, 40.511, 39.209, 37.029, 35.814, 35.384, 34.543, 33.435, 33.702, 34.192, 33.78, 31.479, 28.17, 25.09, 23.765, 21.713, 17.929, 15.98, 11.505, 0.0, 11.842, 17.814, 21.056, 25.963, 31.428, 35.956, 37.216, 37.365, 38.037, 38.756, 39.337, 39.408, 39.043, 39.375, 39.762, 39.679, 39.805, 40.073, 40.127, 39.756, 39.537, 39.637, 39.321, 39.249, 39.546, 39.585, 39.974, 40.071, 40.13, 40.201, 39.893, 39.435, 39.328, 39.535, 40.446, 41.449, 41.222, 40.922, 40.469, 40.379, 40.707, 40.949, 40.894, 40.974, 42.045, 43.024, 44.409, 44.783, 44.621, 44.481, 44.189, 43.088, 41.129, 40.428, 40.248, 39.817, 39.65, 40.155, 40.756, 39.64, 40.109], [39.203, 38.829, 37.517, 36.933, 36.998, 37.051, 37.355, 37.577, 37.594, 38.26, 38.517, 39.363, 39.75, 39.898, 39.688, 39.622, 40.088, 39.601, 39.648, 39.959, 39.849, 40.168, 40.971, 40.399, 40.073, 40.862, 41.356, 41.293, 40.177, 38.696, 37.938, 37.529, 36.651, 35.726, 36.094, 36.617, 36.496, 34.858, 32.061, 29.519, 29.127, 27.597, 23.675, 21.894, 20.029, 11.842, 0.0, 9.554, 17.37, 24.353, 30.284, 35.048, 36.413, 36.587, 37.235, 37.983, 38.57, 38.484, 37.878, 38.133, 38.566, 38.535, 38.656, 39.068, 39.183, 38.567, 38.228, 38.374, 37.946, 37.629, 37.886, 38.0, 38.445, 38.541, 38.624, 38.652, 38.24, 37.765, 37.751, 38.039, 38.974, 39.963, 39.684, 39.369, 38.908, 38.823, 39.178, 39.428, 39.383, 39.584, 40.886, 41.935, 43.42, 43.883, 43.735, 43.638, 43.308, 42.012, 39.797, 39.151, 38.966, 38.421, 38.327, 38.941, 39.515, 38.286, 39.053], [39.187, 38.836, 37.478, 36.832, 36.836, 36.936, 37.413, 37.692, 37.704, 38.503, 38.83, 39.684, 40.09, 40.207, 39.965, 39.944, 40.38, 39.899, 39.998, 40.274, 40.084, 40.53, 41.461, 40.904, 40.616, 41.617, 42.267, 42.17, 41.163, 40.197, 39.825, 39.436, 38.577, 37.84, 38.339, 38.835, 38.829, 37.566, 34.945, 32.544, 32.44, 31.174, 27.451, 25.378, 23.776, 17.814, 9.554, 0.0, 12.018, 21.186, 27.832, 33.182, 34.728, 34.937, 35.679, 36.397, 36.965, 36.9