[[0.0, 9.955, 23.963, 30.765, 34.551, 36.423, 38.227, 39.649, 40.472, 41.916, 42.782, 43.044, 44.415, 45.864, 45.64, 45.107, 45.891, 45.978, 44.836, 44.368, 44.894, 45.564, 46.155, 45.89, 44.102, 42.362, 42.162, 42.154, 43.153, 42.073, 42.115, 42.527, 42.148, 41.815, 43.169, 45.236, 44.803, 44.41, 44.834, 44.845, 44.361, 44.009, 43.529, 43.242, 43.559, 43.291, 42.994, 43.099, 42.55, 42.672, 42.728, 41.669, 41.38, 41.59, 41.211, 40.371, 40.511, 40.629, 40.628, 40.689, 40.35, 39.331, 38.639, 38.272, 38.254, 38.301, 38.474, 39.186, 39.363, 39.41, 39.598, 39.543, 39.262, 39.599, 39.524, 39.509, 39.786, 40.427, 41.504, 42.019, 41.854, 41.234, 41.958, 42.935, 42.594, 42.948, 42.624, 42.089, 42.772, 43.124, 43.054, 43.384, 43.956, 44.264, 44.122, 44.109, 45.061, 45.364, 8.108], [9.955, 0.0, 17.081, 26.252, 31.052, 33.367, 35.615, 37.465, 38.538, 40.433, 41.803, 42.321, 43.806, 45.267, 45.09, 44.566, 45.33, 45.373, 44.161, 43.661, 44.187, 44.852, 45.454, 45.259, 43.459, 41.661, 41.527, 41.569, 42.588, 41.731, 42.234, 42.743, 42.351, 42.193, 43.521, 45.543, 45.064, 44.558, 44.93, 44.938, 44.436, 44.094, 43.64, 43.354, 43.665, 43.388, 43.084, 43.201, 42.652, 42.745, 42.758, 41.691, 41.458, 41.661, 41.297, 40.56, 40.683, 40.811, 40.788, 40.861, 40.557, 39.434, 38.671, 38.322, 38.284, 38.314, 38.441, 39.075, 39.164, 39.101, 39.271, 39.215, 38.877, 39.149, 38.944, 38.889, 39.151, 39.637, 40.614, 41.09, 40.906, 40.453, 41.308, 42.35, 42.194, 42.634, 42.311, 41.895, 42.626, 43.004, 42.991, 43.345, 43.95, 44.255, 44.171, 44.291, 45.289, 45.603, 12.192], [23.963, 17.081, 0.0, 15.321, 23.908, 27.272, 30.577, 33.782, 35.62, 38.428, 40.762, 41.668, 43.244, 44.665, 44.638, 44.189, 44.788, 44.717, 43.523, 43.066, 43.578, 44.194, 44.798, 44.761, 43.169, 41.656, 41.794, 41.972, 42.925, 42.419, 43.382, 44.052, 43.702, 43.701, 44.826, 46.643, 46.097, 45.39, 45.642, 45.642, 45.156, 44.836, 44.363, 44.058, 44.388, 44.191, 43.938, 44.012, 43.472, 43.51, 43.502, 42.624, 42.441, 42.503, 42.224, 41.804, 41.891, 42.023, 42.024, 42.052, 41.628, 40.188, 39.302, 39.088, 39.227, 39.318, 39.176, 39.5, 39.521, 39.287, 39.38, 39.323, 38.904, 39.056, 38.766, 38.754, 38.963, 39.114, 39.9, 40.29, 40.186, 40.229, 41.404, 42.485, 42.485, 42.912, 42.55, 42.315, 43.094, 43.468, 43.536, 43.929, 44.559, 44.888, 44.91, 45.168, 46.187, 46.501, 24.2], [30.765, 26.252, 15.321, 0.0, 13.175, 19.263, 23.841, 28.696, 31.717, 35.407, 38.856, 40.542, 42.505, 44.141, 44.234, 43.783, 44.284, 44.038, 42.814, 42.465, 43.071, 43.779, 44.464, 44.637, 43.294, 41.985, 42.302, 42.511, 43.423, 42.995, 43.924, 44.642, 44.365, 44.606, 46.088, 47.846, 47.319, 46.476, 46.599, 46.586, 46.124, 45.791, 45.255, 44.909, 45.27, 45.242, 45.084, 45.119, 44.588, 44.6, 44.571, 43.588, 43.31, 43.281, 43.048, 42.655, 42.651, 42.766, 42.802, 42.769, 42.026, 40.174, 39.212, 39.107, 39.395, 39.665, 39.407, 39.626, 39.684, 39.336, 39.356, 39.279, 38.752, 38.617, 38.433, 38.665, 38.764, 38.638, 39.318, 39.616, 39.537, 39.958, 41.418, 42.442, 42.587, 43.141, 42.794, 42.675, 43.502, 43.807, 43.836, 44.194, 44.847, 45.215, 45.245, 45.57, 46.588, 46.894, 30.362], [34.551, 31.052, 23.908, 13.175, 0.0, 9.8, 17.524, 24.048, 28.461, 33.188, 37.417, 39.546, 41.794, 43.686, 43.832, 43.416, 43.975, 43.664, 42.375, 42.027, 42.672, 43.437, 44.163, 44.395, 43.205, 42.239, 42.765, 43.006, 44.019, 43.62, 44.487, 45.255, 44.958, 45.442, 47.22, 48.884, 48.452, 47.744, 47.727, 47.64, 47.204, 46.902, 46.389, 46.123, 46.563, 46.587, 46.479, 46.543, 46.038, 46.041, 45.962, 44.998, 44.71, 44.656, 44.408, 43.923, 43.856, 43.978, 43.989, 43.953, 43.1, 41.084, 40.12, 40.04, 40.228, 40.479, 40.264, 40.503, 40.504, 40.13, 40.1, 40.006, 39.422, 39.033, 38.987, 39.383, 39.356, 39.135, 39.748, 40.042, 39.924, 40.481, 42.031, 42.935, 43.152, 43.819, 43.508, 43.395, 44.19, 44.45, 44.425, 44.73, 45.354, 45.669, 45.651, 45.946, 46.907, 47.233, 33.766], [36.423, 33.367, 27.272, 19.263, 9.8, 0.0, 11.428, 20.458, 25.853, 31.429, 36.331, 38.887, 41.326, 43.254, 43.452, 43.042, 43.511, 43.144, 41.899, 41.593, 42.213, 42.96, 43.686, 43.968, 42.912, 42.186, 42.892, 43.147, 44.122, 43.839, 44.861, 45.712, 45.452, 46.032, 47.878, 49.476, 49.124, 48.549, 48.441, 48.284, 47.865, 47.591, 47.089, 46.868, 47.352, 47.385, 47.286, 47.354, 46.861, 46.859, 46.737, 45.82, 45.528, 45.447, 45.201, 44.723, 44.608, 44.739, 44.755, 44.749, 43.892, 41.72, 40.67, 40.598, 40.768, 41.035, 40.849, 41.055, 41.021, 40.643, 40.55, 40.447, 39.843, 39.363, 39.355, 39.753, 39.686, 39.424, 40.076, 40.507, 40.454, 41.15, 42.858, 43.732, 43.948, 44.619, 44.259, 44.135, 44.914, 45.17, 45.143, 45.442, 46.031, 46.296, 46.25, 46.536, 47.482, 47.857, 35.476], [38.227, 35.615, 30.577, 23.841, 17.524, 11.428, 0.0, 12.2, 20.687, 28.333, 34.517, 37.774, 40.524, 42.631, 42.918, 42.417, 42.607, 41.947, 40.574, 40.318, 40.958, 41.732, 42.505, 42.904, 42.033, 41.423, 42.325, 42.682, 43.562, 43.436, 44.837, 45.706, 45.448, 46.175, 48.105, 49.699, 49.483, 48.96, 48.748, 48.554, 48.157, 47.911, 47.406, 47.145, 47.587, 47.609, 47.493, 47.527, 47.028, 47.021, 46.824, 45.907, 45.681, 45.614, 45.42, 45.046, 44.902, 44.986, 45.029, 44.999, 44.035, 41.684, 40.501, 40.424, 40.521, 40.743, 40.571, 40.778, 40.752, 40.384, 40.29, 40.216, 39.633, 39.241, 39.411, 39.84, 39.811, 39.792, 40.702, 41.337, 41.34, 42.002, 43.811, 44.736, 44.912, 45.579, 45.204, 45.057, 45.811, 46.056, 46.048, 46.376, 46.975, 47.244, 47.128, 47.279, 48.15, 48.506, 37.277], [39.649, 37.465, 33.782, 28.696, 24.048, 20.458, 12.2, 0.0, 12.365, 23.336, 31.113, 35.195, 38.615, 41.203, 41.536, 40.92, 40.923, 40.008, 38.51, 38.328, 39.042, 39.925, 40.806, 41.247, 40.448, 39.874, 40.854, 41.229, 42.252, 42.408, 44.159, 45.065, 44.865, 45.752, 47.803, 49.477, 49.346, 48.803, 48.488, 48.24, 47.831, 47.598, 47.055, 46.662, 47.015, 46.973, 46.807, 46.835, 46.302, 46.314, 46.085, 45.052, 44.87, 44.838, 44.627, 44.217, 44.048, 44.067, 44.125, 44.146, 43.192, 40.841, 39.626, 39.613, 39.516, 39.634, 39.658, 40.132, 40.23, 39.917, 39.917, 39.903, 39.401, 39.137, 39.37, 39.762, 39.893, 40.331, 41.481, 42.156, 42.002, 42.191, 43.831, 44.781, 44.92, 45.674, 45.297, 45.026, 45.786, 46.045, 46.02, 46.382, 47.051, 47.343, 47.137, 47.185, 48.1, 48.442, 38.659], [40.472, 38.538, 35.62, 31.717, 28.461, 25.853, 20.687, 12.365, 0.0, 14.147, 25.114, 30.918, 35.157, 38.131, 38.579, 37.787, 37.571, 36.514, 35.225, 35.423, 36.224, 37.11, 38.049, 38.583, 37.97, 37.716, 38.957, 39.305, 40.434, 41.083, 43.174, 44.175, 44.201, 45.274, 47.542, 49.325, 49.189, 48.678, 48.432, 48.174, 47.69, 47.422, 46.881, 46.424, 46.752, 46.626, 46.318, 46.322, 45.763, 45.776, 45.513, 44.361, 44.165, 44.117, 43.778, 43.168, 42.959, 42.948, 43.008, 43.1, 42.136, 39.723, 38.625, 38.754, 38.532, 38.673, 38.942, 39.687, 39.918, 39.651, 39.702, 39.724, 39.271, 38.972, 39.202, 39.543, 39.799, 40.368, 41.581, 42.2, 41.849, 41.786, 43.387, 44.326, 44.328, 45.089, 44.598, 44.202, 45.02, 45.294, 45.244, 45.64, 46.354, 46.639, 46.44, 46.623, 47.752, 48.139, 39.306], [41.916, 40.433, 38.428, 35.407, 33.188, 31.429, 28.333, 23.336, 14.147, 0.0, 15.352, 24.976, 30.63, 33.965, 34.66, 33.601, 33.254, 32.619, 32.411, 33.531, 34.411, 34.976, 35.757, 36.436, 36.459, 37.032, 38.643, 39.042, 40.042, 40.913, 43.163, 44.221, 44.398, 45.504, 48.044, 50.001, 49.778, 49.235, 49.1, 48.841, 48.26, 47.937, 47.446, 46.959, 47.217, 46.992, 46.487, 46.415, 45.835, 45.86, 45.526, 44.167, 43.883, 43.783, 43.293, 42.36, 42.034, 41.963, 41.993, 42.072, 40.954, 38.389, 37.552, 37.861, 37.59, 37.855, 38.352, 39.252, 39.57, 39.341, 39.424, 39.504, 39.089, 38.768, 39.203, 39.534, 39.875, 40.474, 41.676, 42.192, 41.66, 41.616, 43.282, 44.175, 44.032, 44.738, 44.109, 43.658, 44.582, 44.902, 44.838, 45.263, 46.033, 46.282, 46.096, 46.486, 47.93, 48.367, 40.416], [42.782, 41.803, 40.762, 38.856, 37.417, 36.331, 34.517, 31.113, 25.114, 15.352, 0.0, 15.061, 24.14, 28.512, 29.547, 28.906, 29.382, 30.249, 31.377, 33.019, 33.896, 34.177, 34.747, 35.363, 35.968, 37.26, 38.92, 39.468, 40.685, 41.519, 43.623, 44.676, 44.822, 45.714, 48.124, 50.139, 49.907, 49.402, 49.352, 49.074, 48.477, 48.138, 47.657, 47.078, 47.225, 46.947, 46.344, 46.211, 45.585, 45.64, 45.251, 43.649, 43.271, 43.153, 42.624, 41.504, 41.101, 40.992, 40.942, 40.926, 39.806, 37.609, 37.142, 37.538, 37.325, 37.571, 38.026, 38.923, 39.229, 39.062, 39.178, 39.262, 38.891, 38.709, 39.278, 39.541, 39.94, 40.687, 41.883, 42.252, 41.7, 41.579, 43.032, 43.858, 43.654, 44.344, 43.756, 43.386, 44.385, 44.763, 44.694, 45.1, 45.891, 46.138, 45.964, 46.347, 47.849, 48.324, 41.069], [43.044, 42.321, 41.668, 40.542, 39.546, 38.887, 37.774, 35.195, 30.918, 24.976, 15.061, 0.0, 13.154, 20.593, 21.814, 22.693, 26.137, 28.694, 30.069, 31.589, 32.714, 33.206, 33.811, 34.291, 34.826, 36.261, 37.744, 38.66, 40.6, 41.715, 43.708, 44.728, 44.754, 45.434, 47.345, 49.102, 48.861, 48.498, 48.55, 48.271, 47.672, 47.347, 46.903, 46.366, 46.48, 46.239, 45.677, 45.521, 44.921, 45.014, 44.647, 43.116, 42.688, 42.567, 42.105, 41.002, 40.575, 40.486, 40.452, 40.391, 39.627, 38.227, 37.988, 38.289, 38.172, 38.285, 38.544, 39.403, 39.663, 39.561, 39.719, 39.769, 39.475, 39.461, 39.907, 40.095, 40.463, 41.241, 42.362, 42.644, 42.201, 41.912, 42.83, 43.467, 43.23, 43.869, 43.421, 43.146, 44.072, 44.452, 44.359, 44.675, 45.414, 45.659, 45.382, 45.587, 46.996, 47.461, 41.488], [44.415, 43.806, 43.244, 42.505, 41.794, 41.326, 40.524, 38.615, 35.157, 30.63, 24.14, 13.154, 0.0, 10.323, 12.747, 16.513, 23.185, 26.957, 28.775, 30.564, 31.857, 32.432, 33.048, 33.594, 34.45, 36.273, 37.612, 38.906, 41.344, 42.78, 44.688, 45.643, 45.627, 46.261, 47.836, 49.319, 49.053, 48.86, 49.0, 48.763, 48.214, 47.937, 47.577, 47.146, 47.253, 47.065, 46.553, 46.376, 45.88, 45.953, 45.663, 44.485, 44.114, 43.948, 43.613, 42.754, 42.304, 42.219, 42.172, 42.155, 41.808, 40.53, 40.327, 40.623, 40.522, 40.656, 40.919, 41.595, 41.766, 41.737, 41.852, 41.866, 41.62, 41.561, 41.904, 42.077, 42.336, 42.82, 43.784, 44.139, 43.803, 43.67, 44.407, 44.983, 44.788, 45.263, 44.877, 44.55, 45.252, 45.574, 45.49, 45.714, 46.356, 46.585, 46.296, 46.455, 47.745, 48.17, 43.167], [45.864, 45.267, 44.665, 44.141, 43.686, 43.254, 42.631, 41.203, 38.131, 33.965, 28.512, 20.593, 10.323, 0.0, 5.956, 14.072, 21.416, 25.438, 27.857, 30.057, 31.325, 31.854, 32.486, 33.127, 34.561, 37.072, 38.558, 40.013, 42.489, 43.974, 45.875, 46.816, 46.828, 47.495, 49.071, 50.485, 50.214, 50.083, 50.222, 50.008, 49.512, 49.26, 48.942, 48.567, 48.677, 48.571, 48.142, 47.949, 47.505, 47.539, 47.299, 46.361, 46.098, 45.847, 45.56, 44.945, 44.506, 44.406, 44.31, 44.339, 44.155, 42.666, 42.401, 42.75, 42.646, 42.807, 43.083, 43.529, 43.625, 43.664, 43.73, 43.724, 43.485, 43.353, 43.658, 43.86, 44.046, 44.31, 45.163, 45.581, 45.284, 45.301, 46.147, 46.813, 46.704, 47.086, 46.708, 46.298, 46.878, 47.164, 47.1, 47.304, 47.887, 48.103, 47.907, 48.111, 49.309, 49.707, 44.748], [45.64, 45.09, 44.638, 44.234, 43.832, 43.452, 42.918, 41.536, 38.579, 34.66, 29.547, 21.814, 12.747, 5.956, 0.0, 10.649, 19.492, 24.096, 26.64, 28.903, 30.281, 30.852, 31.484, 32.144, 33.628, 36.142, 37.536, 38.979, 41.513, 43.128, 45.256, 46.325, 46.422, 47.115, 48.796, 50.303, 50.064, 49.96, 50.123, 49.906, 49.412, 49.163, 48.803, 48.361, 48.456, 48.376, 47.941, 47.745, 47.296, 47.336, 47.097, 46.14, 45.874, 45.649, 45.359, 44.678, 44.226, 44.149, 44.051, 44.089, 43.922, 42.454, 42.196, 42.524, 42.419, 42.56, 42.794, 43.236, 43.339, 43.408, 43.496, 43.484, 43.236, 43.141, 43.447, 43.625, 43.824, 44.121, 44.986, 45.381, 45.066, 45.121, 46.003, 46.651, 46.568, 46.959, 46.576, 46.198, 46.802, 47.081, 47.002, 47.204, 47.785, 47.997, 47.787, 47.982, 49.174, 49.568, 44.511], [45.107, 44.566, 44.189, 43.783, 43.416, 43.042, 42.417, 40.92, 37.787, 33.601, 28.906, 22.693, 16.513, 14.072, 10.649, 0.0, 11.49, 18.515, 22.517, 25.563, 27.157, 27.456, 27.919, 28.846, 30.925, 33.948, 35.498, 36.849, 39.201, 41.061, 43.675, 44.969, 45.375, 46.44, 48.492, 50.129, 49.871, 49.731, 49.946, 49.732, 49.22, 48.944, 48.483, 47.9, 47.988, 47.944, 47.408, 47.186, 46.733, 46.746, 46.471, 45.451, 45.102, 44.892, 44.622, 43.789, 43.271, 43.231, 43.151, 43.12, 42.785, 41.183, 40.973, 41.352, 41.27, 41.53, 41.698, 42.076, 42.207, 42.233, 42.317, 42.333, 42.073, 42.134, 42.589, 42.779, 43.045, 43.427, 44.333, 44.668, 44.349, 44.524, 45.604, 46.259, 46.197, 46.614, 46.182, 45.883, 46.555, 46.858, 46.785, 46.972, 47.517, 47.701, 47.5, 47.749, 48.973, 49.378, 43.908], [45.891, 45.33, 44.788, 44.284, 43.975, 43.511, 42.607, 40.923, 37.571, 33.254, 29.382, 26.137, 23.185, 21.416, 19.492, 11.49, 0.0, 9.868, 17.018, 21.602, 23.212, 23.113, 23.5, 24.824, 28.181, 32.789, 35.241, 36.596, 38.355, 40.26, 43.211, 44.55, 45.244, 46.902, 49.335, 50.914, 50.687, 50.513, 50.652, 50.439, 49.947, 49.664, 49.17, 48.555, 48.66, 48.719, 48.237, 48.025, 47.605, 47.557, 47.289, 46.393, 46.08, 45.793, 45.533, 44.838, 44.296, 44.265, 44.199, 44.13, 43.613, 41.69, 41.398, 41.883, 41.765, 42.075, 42.199, 42.45, 42.587, 42.608, 42.723, 42.8, 42.552, 42.698, 43.268, 43.51, 43.747, 44.092, 44.937, 45.264, 45.016, 45.277, 46.494, 47.159, 47.063, 47.417, 46.976, 46.714, 47.363, 47.672, 47.622, 47.786, 48.258, 48.395, 48.272, 48.617, 49.798, 50.184, 44.703], [45.978, 45.373, 44.717, 44.038, 43.664, 43.144, 41.947, 40.008, 36.514, 32.619, 30.249, 28.694, 26.957, 25.438, 24.096, 18.515, 9.868, 0.0, 9.566, 15.798, 17.769, 17.954, 18.882, 20.591, 24.684, 30.767, 34.205, 35.783, 37.306, 39.19, 42.322, 43.547, 44.256, 46.307, 49.162, 50.833, 50.676, 50.486, 50.533, 50.318, 49.856, 49.587, 49.116, 48.557, 48.737, 48.872, 48.48, 48.333, 47.912, 47.841, 47.635, 46.76, 46.512, 46.204, 45.877, 45.286, 44.774, 44.74, 44.704, 44.677, 44.138, 42.077, 41.546, 41.987, 41.816, 42.032, 42.157, 42.397, 42.54, 42.61, 42.811, 42.917, 42.701, 42.79, 43.288, 43.522, 43.74, 44.145, 45.025, 45.396, 45.19, 45.391, 46.565, 47.199, 47.008, 47.323, 46.944, 46.692, 47.327, 47.643, 47.61, 47.806, 48.288, 48.41, 48.321, 48.736, 49.908, 50.273, 44.776], [44.836, 44.161, 43.523, 42.814, 42.375, 41.899, 40.574, 38.51, 35.225, 32.411, 31.377, 30.069, 28.775, 27.857, 26.64, 22.517, 17.018, 9.566, 0.0, 7.394, 10.715, 12.207, 14.183, 16.262, 20.252, 27.076, 31.185, 33.101, 34.758, 36.858, 40.419, 41.641, 42.254, 44.546, 47.855, 49.824, 49.739, 49.511, 49.507, 49.309, 48.902, 48.657, 48.177, 47.625, 47.858, 48.004, 47.652, 47.563, 47.109, 47.042, 46.88, 45.876, 45.612, 45.367, 44.982, 44.379, 43.906, 43.888, 43.903, 43.932, 43.456, 41.462, 40.718, 41.026, 40.879, 40.97, 41.073, 41.412, 41.566, 41.711, 42.005, 42.08, 41.887, 41.961, 42.301, 42.499, 42.732, 43.285, 44.312, 44.723, 44.515, 44.58, 45.664, 46.306, 45.987, 46.309, 46.003, 45.728, 46.382, 46.703, 46.671, 46.937, 47.471, 47.605, 47.485, 47.851, 48.97, 49.312, 43.615], [44.368, 43.661, 43.066, 42.465, 42.027, 41.593, 40.318, 38.328, 35.423, 33.531, 33.019, 31.589, 30.564, 30.057, 28.903, 25.563, 21.602, 15.798, 7.394, 0.0, 5.113, 8.658, 11.778, 14.018, 17.592, 24.579, 29.032, 31.301, 33.224, 35.607, 39.461, 40.741, 41.289, 43.693, 47.218, 49.343, 49.326, 49.117, 49.05, 48.85, 48.512, 48.296, 47.824, 47.284, 47.532, 47.684, 47.366, 47.308, 46.839, 46.77, 46.636, 45.536, 45.215, 45.039, 44.633, 44.058, 43.657, 43.663, 43.712, 43.76, 43.366, 41.534, 40.716, 40.908, 40.776, 40.771, 40.804, 41.162, 41.301, 41.493, 41.83, 41.856, 41.661, 41.754, 41.988, 42.147, 42.378, 43.005, 44.095, 44.512, 44.343, 44.332, 45.325, 45.994, 45.607, 45.908, 45.667, 45.39, 46.019, 46.33, 46.303, 46.596, 47.137, 47.273, 47.116, 47.401, 48.434, 48.746, 43.188], [44.894, 44.187, 43.578, 43.071, 42.672, 42.213, 40.958, 39.042, 36.224, 34.411, 33.896, 32.714, 31.857, 31.325, 30.281, 27.157, 23.212, 17.769, 10.715, 5.113, 0.0, 5.184, 9.685, 12.217, 16.387, 24.126, 29.026, 31.601, 33.643, 36.072, 39.831, 41.07, 41.644, 44.105, 47.604, 49.641, 49.651, 49.495, 49.388, 49.179, 48.871, 48.672, 48.252, 47.758, 48.002, 48.152, 47.858, 47.809, 47.355, 47.268, 47.131, 46.084, 45.788, 45.614, 45.216, 44.743, 44.393, 44.399, 44.451, 44.487, 44.091, 42.277, 41.455, 41.63, 41.483, 41.451, 41.477, 41.774, 41.878, 42.086, 42.403, 42.406, 42.199, 42.245, 42.439, 42.586, 42.791, 43.381, 44.438, 44.873, 44.737, 44.712, 45.715, 46.403, 45.995, 46.256, 46.041, 45.804, 46.41, 46.713, 46.708, 47.007, 47.527, 47.648, 47.509, 47.799, 48.803, 49.094, 43.747], [45.564, 44.852, 44.194, 43.779, 43.437, 42.96, 41.732, 39.925, 37.11, 34.976, 34.177, 33.206, 32.432, 31.854, 30.852, 27.456, 23.113, 17.954, 12.207, 8.658, 5.184, 0.0, 5.53, 9.175, 15.076, 24.032, 29.41, 32.182, 34.04, 36.438, 40.317, 41.579, 42.228, 44.761, 48.175, 50.068, 50.106, 50.039, 49.964, 49.775, 49.483, 49.291, 48.916, 48.465, 48.704, 48.851, 48.545, 48.492, 48.076, 47.969, 47.812, 46.863, 46.624, 46.411, 46.058, 45.68, 45.314, 45.337, 45.387, 45.358, 44.9, 43.003, 42.224, 42.439, 42.289, 42.294, 42.32, 42.547, 42.614, 42.816, 43.104, 43.114, 42.884, 42.844, 43.05, 43.188, 43.36, 43.843, 44.811, 45.229, 45.103, 45.198, 46.288, 46.948, 46.575, 46.833, 46.611, 46.438, 47.05, 47.344, 47.371, 47.67, 48.156, 48.242, 48.117, 48.43, 49.453, 49.738, 44.433], [46.155, 45.454, 44.798, 44.464, 44.163, 43.686, 42.505, 40.806, 38.049, 35.757, 34.747, 33.811, 33.048, 32.486, 31.484, 27.919, 23.5, 18.882, 14.183, 11.778, 9.685, 5.53, 0.0, 5.641, 13.671, 23.566, 29.286, 32.251, 33.857, 36.218, 40.389, 41.735, 42.417, 45.048, 48.472, 50.298, 50.37, 50.39, 50.355, 50.185, 49.913, 49.731, 49.393, 48.996, 49.24, 49.39, 49.079, 49.024, 48.649, 48.526, 48.365, 47.501, 47.307, 47.052, 46.733, 46.398, 45.985, 46.039, 46.085, 46.0, 45.536, 43.622, 42.889, 43.127, 42.967, 43.006, 43.038, 43.233, 43.284, 43.496, 43.768, 43.791, 43.555, 43.457, 43.701, 43.829, 43.974, 44.347, 45.215, 45.592, 45.469, 45.7, 46.821, 47.416, 47.115, 47.392, 47.17, 47.045, 47.652, 47.932, 47.968, 48.25, 48.694, 48.75, 48.603, 48.907, 49.948, 50.236, 45.037], [45.89, 45.259, 44.761, 44.637, 44.395, 43.968, 42.904, 41.247, 38.583, 36.436, 35.363, 34.291, 33.594, 33.127, 32.144, 28.846, 24.824, 20.591, 16.262, 14.018, 12.217, 9.175, 5.641, 0.0, 10.057, 21.77, 28.206, 31.558, 33.304, 35.546, 39.689, 41.086, 41.726, 44.411, 47.871, 49.699, 49.768, 49.823, 49.813, 49.633, 49.35, 49.163, 48.831, 48.457, 48.698, 48.826, 48.542, 48.503, 48.11, 47.992, 47.857, 47.022, 46.865, 46.631, 46.276, 45.923, 45.537, 45.575, 45.602, 45.528, 45.148, 43.416, 42.714, 42.902, 42.682, 42.661, 42.734, 42.985, 43.059, 43.318, 43.614, 43.634, 43.454, 43.396, 43.619, 43.718, 43.889, 44.325, 45.208, 45.595, 45.459, 45.579, 46.598, 47.177, 46.806, 47.064, 46.869, 46.704, 47.295, 47.586, 47.6, 47.868, 48.322, 48.374, 48.177, 48.421, 49.462, 49.745, 44.741], [44.102, 43.459, 43.169, 43.294, 43.205, 42.912, 42.033, 40.448, 37.97, 36.459, 35.968, 34.826, 34.45, 34.561, 33.628, 30.925, 28.181, 24.684, 20.252, 17.592, 16.387, 15.076, 13.671, 10.057, 0.0, 14.14, 22.574, 26.849, 29.438, 32.072, 36.941, 38.703, 39.321, 42.234, 45.969, 48.07, 48.132, 48.105, 48.107, 47.902, 47.587, 47.391, 47.023, 46.638, 46.91, 46.999, 46.709, 46.709, 46.251, 46.175, 46.099, 45.147, 44.964, 44.863, 44.439, 43.905, 43.603, 43.701, 43.783, 43.815, 43.431, 41.733, 40.871, 40.914, 40.614, 40.489, 40.583, 41.007, 41.142, 41.395, 41.697, 41.693, 41.588, 41.669, 41.848, 41.88, 42.131, 42.802, 43.889, 44.334, 44.109, 43.981, 44.988, 45.675, 45.128, 45.399, 45.219, 44.956, 45.57, 45.894, 45.868, 46.166, 46.703, 46.783, 46.548, 46.788, 47.877, 48.177, 42.859], [42.362, 41.661, 41.656, 41.985, 42.239, 42.186, 41.423, 39.874, 37.716, 37.032, 37.26, 36.261, 36.273, 37.072, 36.142, 33.948, 32.789, 30.767, 27.076, 24.579, 24.126, 24.032, 23.566, 21.77, 14.14, 0.0, 11.528, 18.355, 23.066, 27.285, 34.065, 36.583, 37.254, 40.331, 44.46, 47.076, 47.126, 46.876, 46.904, 46.706, 46.359, 46.158, 45.701, 45.223, 45.497, 45.544, 45.23, 45.281, 44.766, 44.762, 44.695, 43.448, 43.136, 43.239, 42.846, 42.018, 41.736, 41.945, 42.115, 42.259, 41.767, 39.917, 38.805, 38.702, 38.395, 38.235, 38.392, 39.081, 39.274, 39.468, 39.707, 39.668, 39.601, 39.84, 39.944, 39.868, 40.199, 41.064, 42.418, 42.958, 42.614, 42.273, 43.359, 44.28, 43.673, 43.995, 43.773, 43.41, 44.071, 44.418, 44.394, 44.773, 45.388, 45.526, 45.316, 45.595, 46.756, 47.083, 41.085], [42.162, 41.527, 41.794, 42.302, 42.765, 42.892, 42.325, 40.854, 38.957, 38.643, 38.92, 37.744, 37.612, 38.558, 37.536, 35.498, 35.241, 34.205, 31.185, 29.032, 29.026, 29.41, 29.286, 28.206, 22.574, 11.528, 0.0, 10.962, 19.03, 25.331, 33.596, 36.598, 37.341, 40.332, 44.489, 47.306, 47.34, 47.013, 47.088, 46.909, 46.554, 46.345, 45.838, 45.264, 45.491, 45.555, 45.229, 45.285, 44.775, 44.794, 44.715, 43.343, 42.876, 43.033, 42.782, 41.844, 41.473, 41.692, 41.873, 41.999, 41.47, 39.674, 38.601, 38.455, 38.199, 38.098, 38.306, 39.133, 39.378, 39.575, 39.77, 39.695, 39.599, 39.916, 40.06, 39.932, 40.246, 41.163, 42.577, 43.115, 42.845, 42.51, 43.48, 44.478, 43.922, 44.221, 43.978, 43.593, 44.228, 44.561, 44.541, 44.9, 45.505, 45.662, 45.447, 45.704, 46.843, 47.186, 40.995], [42.154, 41.569, 41.972, 42.511, 43.006, 43.147, 42.682, 41.229, 39.305, 39.042, 39.468, 38.66, 38.906, 40.013, 38.979, 36.849, 36.596, 35.783, 33.101, 31.301, 31.601, 32.182, 32.251, 31.558, 26.849, 18.355, 10.962, 0.0, 11.923, 20.723, 30.804, 34.579, 35.741, 39.418, 44.144, 47.166, 47.245, 46.902, 46.944, 46.749, 46.398, 46.177, 45.592, 44.855, 45.028, 45.17, 44.831, 44.852, 44.393, 44.442, 44.379, 43.119, 42.731, 42.882, 42.656, 41.613, 41.183, 41.442, 41.616, 41.718, 41.1, 39.202, 38.106, 38.035, 37.847, 37.822, 38.125, 39.088, 39.389, 39.601, 39.806, 39.721, 39.599, 39.921, 40.104, 40.011, 40.266, 41.157, 42.607, 43.134, 42.821, 42.502, 43.54, 44.55, 44.054, 44.408, 44.136, 43.699, 44.339, 44.669, 44.634, 44.999, 45.599, 45.768, 45.611, 45.886, 46.991, 47.35, 41.007], [43.153, 42.588, 42.925, 43.423, 44.019, 44.122, 43.562, 42.252, 40.434, 40.042, 40.685, 40.6, 41.344, 42.489, 41.513, 39.201, 38.355, 37.306, 34.758, 33.224, 33.643, 34.04, 33.857, 33.304, 29.438, 23.066, 19.03, 11.923, 0.0, 15.8, 29.245, 33.409, 35.069, 39.663, 44.974, 48.027, 48.269, 48.0, 47.912, 47.706, 47.412, 47.199, 46.621, 45.928, 46.145, 46.376, 46.086, 46.114, 45.727, 45.787, 45.759, 44.705, 44.406, 44.429, 44.257, 43.225, 42.737, 43.053, 43.275, 43.277, 42.361, 40.161, 39.048, 39.064, 38.892, 38.934, 39.215, 40.081, 40.362, 40.605, 40.846, 40.763, 40.606, 41.006, 41.308, 41.238, 41.434, 42.14, 43.499, 43.998, 43.674, 43.579, 44.745, 45.624, 45.212, 45.585, 45.296, 44.937, 45.592, 45.908, 45.866, 46.207, 46.748, 46.895, 46.8, 47.167, 48.232, 48.615, 42.057], [42.073, 41.731, 42.419, 42.995, 43.62, 43.839, 43.436, 42.408, 41.083, 40.913, 41.519, 41.715, 42.78, 43.974, 43.128, 41.061, 40.26, 39.19, 36.858, 35.607, 36.072, 36.438, 36.218, 35.546, 32.072, 27.285, 25.331, 20.723, 15.8, 0.0, 19.691, 26.862, 28.773, 35.13, 42.145, 45.763, 46.202, 45.998, 45.975, 45.831, 45.541, 45.314, 44.754, 44.014, 44.239, 44.501, 44.235, 44.316, 43.996, 44.098, 44.239, 43.561, 43.511, 43.614, 43.39, 42.361, 41.942, 42.236, 42.38, 42.369, 41.584, 39.593, 38.484, 38.386, 38.064, 38.033, 38.514, 39.447, 39.713, 40.035, 40.329, 40.25, 40.062, 40.271, 40.47, 40.425, 40.619, 41.477, 42.931, 43.545, 43.28, 42.956, 43.956, 44.975, 44.601, 45.015, 44.779, 44.293, 44.913, 45.233, 45.203, 45.608, 46.169, 46.318, 46.199, 46.429, 47.445, 47.758, 40.918], [42.115, 42.234, 43.382, 43.924, 44.487, 44.861, 44.837, 44.159, 43.174, 43.163, 43.623, 43.708, 44.688, 45.875, 45.256, 43.675, 43.211, 42.322, 40.419, 39.461, 39.831, 40.317, 40.389, 39.689, 36.941, 34.065, 33.596, 30.804, 29.245, 19.691, 0.0, 13.406, 16.799, 25.263, 35.792, 40.572, 41.115, 41.394, 42.037, 42.185, 41.927, 41.676, 41.088, 40.388, 40.848, 41.245, 41.071, 41.341, 41.381, 41.589, 42.215, 42.679, 42.993, 43.135, 42.864, 41.817, 41.579, 41.766, 41.802, 41.87, 41.495, 40.017, 39.084, 38.966, 38.645, 38.617, 39.246, 40.079, 40.27, 40.488, 40.689, 40.597, 40.376, 40.503, 40.665, 40.615, 40.888, 41.856, 43.185, 43.8, 43.504, 42.739, 43.346, 44.404, 44.146, 44.643, 44.546, 43.999, 44.576, 44.91, 44.896, 45.329, 45.921, 46.068, 45.824, 45.845, 46.897, 47.167, 40.954], [42.527, 42.743, 44.052, 44.642, 45.255, 45.712, 45.706, 45.065, 44.175, 44.221, 44.676, 44.728, 45.643, 46.816, 46.325, 44.969, 44.55, 43.547, 41.641, 40.741, 41.07, 41.579, 41.735, 41.086, 38.703, 36.583, 36.598, 34.579, 33.409, 26.862, 13.406, 0.0, 8.241, 19.301, 31.647, 37.04, 37.793, 38.846, 40.021, 40.387, 40.252, 40.015, 39.454, 38.965, 39.746, 40.244, 40.143, 40.544, 40.755, 41.046, 41.787, 42.698, 43.397, 43.59, 43.172, 42.253, 42.248, 42.385, 42.439, 42.535, 42.275, 40.958, 40.024, 39.859, 39.566, 39.496, 40.038, 40.811, 40.968, 41.124, 41.278, 41.139, 41.035, 41.307, 41.518, 41.59, 41.909, 42.85, 44.036, 44.518, 44.14, 43.225, 43.593, 44.548, 44.343, 44.875, 44.81, 44.254, 44.842, 45.191, 45.149, 45.56, 46.137, 46.26, 45.951, 45.934, 46.99, 47.242, 41.465], [42.148, 42.351, 43.702, 44.365, 44.958, 45.452, 45.448, 44.865, 44.201, 44.398, 44.822, 44.754, 45.627, 46.828, 46.422, 45.375, 45.244, 44.256, 42.254, 41.289, 41.644, 42.228, 42.417, 41.726, 39.321, 37.254, 37.341, 35.741, 35.069, 28.773, 16.799, 8.241, 0.0, 15.411, 29.72, 35.549, 36.304, 37.508, 38.85, 39.292, 39.219, 39.01, 38.522, 38.258, 39.184, 39.66, 39.596, 40.016, 40.188, 40.537, 41.332, 42.14, 42.823, 43.122, 42.705, 41.743, 41.798, 41.901, 41.925, 42.039, 41.986, 40.975, 40.088, 39.827, 39.486, 39.321, 39.849, 40.64, 40.788, 40.953, 41.106, 40.973, 40.955, 41.227, 41.324, 41.385, 41.722, 42.75, 43.932, 44.363, 44.035, 42.998, 43.153, 44.114, 43.951, 44.47, 44.447, 43.853, 44.422, 44.791, 44.747, 45.157, 45.734, 45.865, 45.483, 45.325, 46.333, 46.578, 41.041], [41.815, 42.193, 43.701, 44.606, 45.442, 46.032, 46.175, 45.752, 45.274, 45.504, 45.714, 45.434, 46.261, 47.495, 47.115, 46.44, 46.902, 46.307, 44.546, 43.693, 44.105, 44.761, 45.048, 44.411, 42.234, 40.331, 40.332, 39.418, 39.663, 35.13, 25.263, 19.301, 15.411, 0.0, 19.433, 27.933, 28.803, 30.892, 33.584, 34.446, 34.527, 34.358, 33.855, 33.983, 35.394, 35.913, 36.043, 36.759, 36.995, 37.39, 38.534, 39.92, 40.911, 41.358, 41.012, 40.237, 40.591, 40.687, 40.721, 40.862, 40.965, 40.461, 39.727, 39.323, 39.113, 39.02, 39.547, 40.355, 40.528, 40.632, 40.779, 40.707, 40.765, 41.089, 41.042, 41.097, 41.48, 42.547, 43.685, 44.013, 43.603, 42.325, 42.168, 43.05, 42.928, 43.5, 43.54, 42.928, 43.504, 43.922, 43.9, 44.405, 45.066, 45.206, 44.673, 44.269, 45.281, 45.501, 40.622], [43.169, 43.521, 44.826, 46.088, 47.22, 47.878, 48.105, 47.803, 47.542, 48.044, 48.124, 47.345, 47.836, 49.071, 48.796, 48.492, 49.335, 49.162, 47.855, 47.218, 47.604, 48.175, 48.472, 47.871, 45.969, 44.46, 44.489, 44.144, 44.974, 42.145, 35.792, 31.647, 29.72, 19.433, 0.0, 12.642, 15.998, 21.668, 27.108, 28.718, 28.998, 28.966, 28.591, 29.387, 31.219, 31.391, 31.748, 32.946, 33.366, 33.656, 34.976, 37.479, 39.447, 40.06, 39.853, 40.478, 41.562, 41.692, 41.836, 42.056, 42.179, 42.038, 41.53, 41.059, 41.007, 41.057, 41.408, 42.066, 42.282, 42.35, 42.371, 42.288, 42.369, 42.83, 42.71, 42.749, 43.126, 43.993, 44.932, 45.089, 44.575, 43.299, 42.864, 43.522, 43.364, 43.827, 43.846, 43.303, 43.761, 44.132, 44.11, 44.673, 45.407, 45.513, 44.938, 44.475, 45.317, 45.475, 42.033], [45.236, 45.543, 46.643, 47.846, 48.884, 49.476, 49.699, 49.477, 49.325, 50.001, 50.139, 49.102, 49.319, 50.485, 50.303, 50.129, 50.914, 50.833, 49.824, 49.343, 49.641, 50.068, 50.298, 49.699, 48.07, 47.076, 47.306, 47.166, 48.027, 45.763, 40.572, 37.04, 35.549, 27.933, 12.642, 0.0, 9.594, 20.613, 27.218, 29.073, 29.376, 29.405, 29.228, 30.383, 32.206, 31.998, 32.311, 33.603, 34.156, 34.371, 35.602, 38.836, 41.257, 41.904, 41.787, 42.918, 44.255, 44.404, 44.529, 44.731, 44.795, 44.653, 44.308, 43.934, 43.849, 43.923, 44.176, 44.666, 44.853, 44.912, 44.85, 44.731, 44.761, 45.173, 45.124, 45.154, 45.442, 46.008, 46.625, 46.653, 46.186, 45.062, 44.475, 44.877, 44.699, 45.055, 45.101, 44.699, 45.063, 45.371, 45.349, 45.898, 46.613, 46.653, 46.102, 45.682, 46.344, 46.435, 44.248], [44.803, 45.064, 46.097, 47.319, 48.452, 49.124, 49.483, 49.346, 49.189, 49.778, 49.907, 48.861, 49.053, 50.214, 50.064, 49.871, 50.687, 50.676, 49.739, 49.326, 49.651, 50.106, 50.37, 49.768, 48.132, 47.126, 47.34, 47.245, 48.269, 46.202, 41.115, 37.793, 36.304, 28.803, 15.998, 9.594, 0.0, 14.459, 23.279, 25.604, 25.851, 25.891, 26.014, 28.106, 30.377, 30.275, 30.991, 32.445, 33.071, 33.213, 34.597, 38.285, 40.975, 41.671, 41.488, 42.464, 43.716, 43.9, 44.08, 44.374, 44.498, 44.323, 43.929, 43.521, 43.385, 43.488, 43.803, 44.301, 44.488, 44.519, 44.448, 44.308, 44.344, 44.805, 44.768, 44.811, 45.128, 45.739, 46.37, 46.358, 45.83, 44.655, 44.033, 44.382, 44.196, 44.572, 44.635, 44.234, 44.628, 44.958, 44.942, 45.51, 46.263, 46.305, 45.744, 45.405, 46.16, 46.239, 43.82], [44.41, 44.558, 45.39, 46.476, 47.744, 48.549, 48.96, 48.803, 48.678, 49.235, 49.402, 48.498, 48.86, 50.083, 49.96, 49.731, 50.513, 50.486, 49.511, 49.117, 49.495, 50.039, 50.39, 49.823, 48.105, 46.876, 47.013, 46.902, 48.0, 45.998, 41.394, 38.846, 37.508, 30.892, 21.668, 20.613, 14.459, 0.0, 11.907, 15.898, 16.723, 17.131, 17.977, 21.924, 24.961, 25.387, 27.202, 28.993, 29.788, 29.945, 31.827, 36.094, 39.136, 39.906, 39.776, 40.947, 42.205, 42.469, 42.916, 43.453, 43.65, 43.416, 42.818, 42.367, 42.241, 42.327, 42.77, 43.348, 43.598, 43.668, 43.686, 43.555, 43.544, 44.038, 43.928, 44.007, 44.401, 45.21, 46.049, 46.105, 45.514, 44.186, 43.629, 44.062, 43.761, 44.113, 44.146, 43.614, 43.992, 44.335, 44.352, 44.984, 45.771, 45.858, 45.355, 45.163, 46.117, 46.206, 43.397], [44.834, 44.93, 45.642, 46.599, 47.727, 48.441, 48.748, 48.488, 48.432, 49.1, 49.352, 48.55, 49.0, 50.222, 50.123, 49.946, 50.652, 50.533, 49.507, 49.05, 49.388, 49.964, 50.355, 49.813, 48.107, 46.904, 47.088, 46.944, 47.912, 45.975, 42.037, 40.021, 38.85, 33.584, 27.108, 27.218, 23.279, 11.907, 0.0, 6.254, 9.362, 10.633, 12.695, 18.38, 21.909, 23.032, 25.77, 27.689, 28.566, 28.859, 31.103, 35.559, 38.714, 39.45, 39.425, 40.821, 42.089, 42.394, 43.024, 43.71, 43.914, 43.555, 42.857, 42.467, 42.289, 42.263, 42.744, 43.322, 43.586, 43.728, 43.824, 43.697, 43.589, 43.99, 43.886, 43.978, 44.367, 45.266, 46.223, 46.381, 45.82, 44.508, 44.078, 44.567, 44.199, 44.533, 44.557, 43.908, 44.209, 44.512, 44.503, 45.127, 45.893, 46.026, 45.561, 45.343, 46.246, 46.33, 43.87], [44.845, 44.938, 45.642, 46.586, 47.64, 48.284, 48.554, 48.24, 48.174, 48.841, 49.074, 48.271, 48.763, 50.008, 49.906, 49.732, 50.439, 50.318, 49.309, 48.85, 49.179, 49.775, 50.185, 49.633, 47.902, 46.706, 46.909, 46.749, 47.706, 45.831, 42.185, 40.387, 39.292, 34.446, 28.718, 29.073, 25.604, 15.898, 6.254, 0.0, 5.082, 7.383, 10.297, 16.873, 20.761, 22.272, 25.344, 27.307, 28.128, 28.463, 30.784, 35.21, 38.393, 39.109, 39.082, 40.459, 41.735, 42.059, 42.704, 43.46, 43.683, 43.319, 42.624, 42.254, 42.055, 41.967, 42.449, 43.032, 43.286, 43.451, 43.574, 43.451, 43.3, 43.673, 43.575, 43.65, 44.052, 45.021, 46.039, 46.228, 45.673, 44.388, 44.018, 44.518, 44.143, 44.5, 44.521, 43.835, 44.139, 44.441, 44.406, 44.998, 45.759, 45.928, 45.459, 45.195, 46.078, 46.176, 43.861], [44.361, 44.436, 45.156, 46.124, 47.204, 47.865, 48.157, 47.831, 47.69, 48.26, 48.477, 47.672, 48.214, 49.512, 49.412, 49.22, 49.947, 49.856, 48.902, 48.512, 48.871, 49.483, 49.913, 49.35, 47.587, 46.359, 46.554, 46.398, 47.412, 45.541, 41.927, 40.252, 39.219, 34.527, 28.998, 29.376, 25.851, 16.723, 9.362, 5.082, 0.0, 3.71, 8.534, 15.887, 19.989, 21.608, 24.753, 26.72, 27.469, 27.777, 30.004, 34.415, 37.641, 38.353, 38.301, 39.648, 40.927, 41.256, 41.906, 42.714, 42.933, 42.596, 41.932, 41.548, 41.356, 41.281, 41.769, 42.367, 42.606, 42.753, 42.874, 42.75, 42.613, 43.029, 42.923, 42.98, 43.412, 44.435, 45.503, 45.713, 45.137, 43.82, 43.486, 44.014, 43.612, 43.993, 43.996, 43.282, 43.632, 43.969, 43.933, 44.536, 45.331, 45.517, 45.038, 44.772, 45.691, 45.815, 43.319], [44.009, 44.094, 44.836, 45.791, 46.902, 47.591, 47.911, 47.598, 47.422, 47.937, 48.138, 47.347, 47.937, 49.26, 49.163, 48.944, 49.664, 49.587, 48.657, 48.296, 48.672, 49.291, 49.731, 49.163, 47.391, 46.158, 46.345, 46.177, 47.199, 45.314, 41.676, 40.015, 39.01, 34.358, 28.966, 29.405, 25.891, 17.131, 10.633, 7.383, 3.71, 0.0, 6.869, 15.271, 19.598, 21.248, 24.401, 26.349, 27.044, 27.336, 29.584, 33.982, 37.211, 37.93, 37.853, 39.162, 40.441, 40.774, 41.427, 42.246, 42.457, 42.122, 41.468, 41.076, 40.884, 40.825, 41.32, 41.919, 42.16, 42.303, 42.424, 42.296, 42.176, 42.611, 42.491, 42.545, 42.992, 44.038, 45.129, 45.346, 44.756, 43.402, 43.07, 43.616, 43.209, 43.61, 43.608, 42.878, 43.242, 43.592, 43.553, 44.169, 44.988, 45.178, 44.7, 44.436, 45.368, 45.498, 42.934], [43.529, 43.64, 44.363, 45.255, 46.389, 47.089, 47.406, 47.055, 46.881, 47.446, 47.657, 46.903, 47.577, 48.942, 48.803, 48.483, 49.17, 49.116, 48.177, 47.824, 48.252, 48.916, 49.393, 48.831, 47.023, 45.701, 45.838, 45.592, 46.621, 44.754, 41.088, 39.454, 38.522, 33.855, 28.591, 29.228, 26.014, 17.977, 12.695, 10.297, 8.534, 6.869, 0.0, 10.06, 15.634, 17.719, 21.284, 23.461, 24.26, 24.574, 27.061, 31.957, 35.56, 36.315, 36.321, 37.802, 39.233, 39.611, 40.29, 41.18, 41.51, 41.188, 40.461, 40.123, 40.038, 39.997, 40.488, 41.174, 41.453, 41.609, 41.761, 41.64, 41.53, 41.927, 41.765, 41.837, 42.316, 43.419, 44.579, 44.833, 44.216, 42.77, 42.476, 43.085, 42.661, 43.112, 43.125, 42.336, 42.709, 43.054, 42.995, 43.646, 44.49, 44.691, 44.252, 44.053, 45.021, 45.15, 42.403], [43.242, 43.354, 44.058, 44.909, 46.123, 46.868, 47.145, 46.662, 46.424, 46.959, 47.078, 46.366, 47.146, 48.567, 48.361, 47.9, 48.555, 48.557, 47.625, 47.284, 47.758, 48.465, 48.996, 48.457, 46.638, 45.223, 45.264, 44.855, 45.928, 44.014, 40.388, 38.965, 38.258, 33.983, 29.387, 30.383, 28.106, 21.924, 18.38, 16.873, 15.887, 15.271, 10.06, 0.0, 7.411, 11.017, 15.253, 17.753, 18.946, 19.408, 22.244, 28.199, 32.512, 33.305, 33.509, 35.538, 37.354, 37.725, 38.434, 39.487, 40.03, 39.815, 39.066, 38.863, 39.058, 39.106, 39.561, 40.407, 40.752, 40.896, 41.083, 40.993, 40.923, 41.278, 41.091, 41.199, 41.721, 42.886, 44.136, 44.428, 43.791, 42.238, 42.022, 42.71, 42.234, 42.725, 42.74, 41.893, 42.285, 42.619, 42.528, 43.23, 44.107, 44.316, 43.928, 43.846, 44.873, 44.999, 42.069], [43.559, 43.665, 44.388, 45.27, 46.563, 47.352, 47.587, 47.015, 46.752, 47.217, 47.225, 46.48, 47.253, 48.677, 48.456, 47.988, 48.66, 48.737, 47.858, 47.532, 48.002, 48.704, 49.24, 48.698, 46.91, 45.497, 45.491, 45.028, 46.145, 44.239, 40.848, 39.746, 39.184, 35.394, 31.219, 32.206, 30.377, 24.961, 21.909, 20.761, 19.989, 19.598, 15.634, 7.411, 0.0, 6.411, 12.49, 14.956, 16.37, 16.915, 19.849, 26.423, 31.121, 32.035, 32.349, 34.753, 36.848, 37.212, 37.879, 38.944, 39.626, 39.618, 38.967, 38.782, 39.11, 39.266, 39.725, 40.621, 41.0, 41.147, 41.345, 41.265, 41.224, 41.566, 41.363, 41.491, 42.024, 43.188, 44.443, 44.73, 44.084, 42.516, 42.322, 43.0, 42.505, 42.963, 42.954, 42.132, 42.515, 42.827, 42.723, 43.428, 44.307, 44.517, 44.151, 44.134, 45.194, 45.314, 42.419], [43.291, 43.388, 44.191, 45.242, 46.587, 47.385, 47.609, 46.973, 46.626, 46.992, 46.947, 46.239, 47.065, 48.571, 48.376, 47.944, 48.719, 48.872, 48.004, 47.684, 48.152, 48.851, 49.39, 48.826, 46.999, 45.544, 45.555, 45.17, 46.376, 44.501, 41.245, 40.244, 39.66, 35.913, 31.391, 31.998, 30.275, 25.387, 23.032, 22.272, 21.608, 21.248, 17.719, 11.017, 6.411, 0.0, 8.177, 11.724, 13.224, 13.918, 17.268, 24.787, 29.88, 31.038, 31.347, 33.801, 36.122, 36.49, 37.147, 38.205, 38.956, 39.163, 38.635, 38.405, 38.731, 38.918, 39.446, 40.421, 40.814, 40.991, 41.195, 41.123, 41.124, 41.529, 41.296, 41.401, 41.969, 43.147, 44.398, 44.659, 43.963, 42.326, 42.1, 42.771, 42.238, 42.67, 42.638, 41.817, 42.23, 42.564, 42.474, 43.221, 44.137, 44.332, 43.937, 43.909, 44.991, 45.117, 42.098], [42.994, 43.084, 43.938, 45.084, 46.479, 47.286, 47.493, 46.807, 46.318, 46.487, 46.344, 45.677, 46.553, 48.142, 47.941, 47.408, 48.237, 48.48, 47.652, 47.366, 47.858, 48.545, 49.079, 48.542, 46.709, 45.23, 45.229, 44.831, 46.086, 44.235, 41.071, 40.143, 39.596, 36.043, 31.748, 32.311, 30.991, 27.202, 25.77, 25.344, 24.753, 24.401, 21.284, 15.253, 12.49, 8.177, 0.0, 5.727, 8.481, 9.595, 13.759, 22.49, 27.953, 29.123, 29.46, 31.973, 34.597, 34.962, 35.699, 36.854, 37.791, 38.216, 37.768, 37.584, 38.013, 38.225, 38.807, 39.919, 40.339, 40.503, 40.712, 40.689, 40.74, 41.166, 40.948, 41.042, 41.638, 42.839, 44.105, 44.33, 43.582, 41.912, 41.716, 42.406, 41.84, 42.311, 42.26, 41.424, 41.905, 42.287, 42.221, 42.998, 43.921, 44.096, 43.697, 43.677, 44.817, 44.978, 41.718], [43.099, 43.201, 44.012, 45.119, 46.543, 47.354, 47.527, 46.835, 46.322, 46.415, 46.211, 45.521, 46.376, 47.949, 47.745, 47.186, 48.025, 48.333, 47.563, 47.308, 47.809, 48.492, 49.024, 48.503, 46.709, 45.281, 45.285, 44.852, 46.114, 44.316, 41.341, 40.544, 40.016, 36.759, 32.946, 33.603, 32.445, 28.993, 27.689, 27.307, 26.72, 26.349, 23.461, 17.753, 14.956, 11.724, 5.727, 0.0, 4.961, 6.943, 11.113, 20.813, 26.688, 27.823, 28.145, 30.88, 33.765, 34.158, 34.929, 36.19, 37.318, 37.843, 37.41, 37.298, 37.83, 38.067, 38.643, 39.821, 40.293, 40.472, 40.683, 40.679, 40.744, 41.137, 40.896, 41.002, 41.587, 42.769, 44.073, 44.318, 43.574, 41.926, 41.768, 42.473, 41.908, 42.397, 42.322, 41.474, 41.967, 42.354, 42.291, 43.064, 43.975, 44.165, 43.779, 43.75, 44.887, 45.071, 41.812], [42.55, 42.652, 43.472, 44.588, 46.038, 46.861, 47.028, 46.302, 45.763, 45.835, 45.585, 44.921, 45.88, 47.505, 47.296, 46.733, 47.605, 47.912, 47.109, 46.839, 47.355, 48.076, 48.649, 48.11, 46.251, 44.766, 44.775, 44.393, 45.727, 43.996, 41.381, 40.755, 40.188, 36.995, 33.366, 34.156, 33.071, 29.788, 28.566, 28.128, 27.469, 27.044, 24.26, 18.946, 16.37, 13.224, 8.481, 4.961, 0.0, 3.967, 8.813, 18.515, 24.82, 26.157, 26.436, 29.23, 32.337, 32.773, 33.564, 34.929, 36.168, 36.803, 36.373, 36.246, 36.779, 36.997, 37.589, 38.809, 39.343, 39.6, 39.874, 39.888, 39.977, 40.389, 40.079, 40.191, 40.824, 42.11, 43.522, 43.812, 43.069, 41.344, 41.196, 41.966, 41.338, 41.826, 41.719, 40.823, 41.363, 41.771, 41.684, 42.476, 43.432, 43.648, 43.241, 43.16, 44.3, 44.489, 41.166], [42.672, 42.745, 43.51, 44.6, 46.041, 46.859, 47.021, 46.314, 45.776, 45.86, 45.64, 45.014, 45.953, 47.539, 47.336, 46.746, 47.557, 47.841, 47.042, 46.77, 47.268, 47.969, 48.526, 47.992, 46.175, 44.762, 44.794, 44.442, 45.787, 44.098, 41.589, 41.046, 40.537, 37.39, 33.656, 34.371, 33.213, 29.945, 28.859, 28.463, 27.777, 27.336, 24.574, 19.408, 16.915, 13.918, 9.595, 6.943, 3.967, 0.0, 7.036, 17.794, 24.37, 25.762, 26.307, 29.57, 32.657, 33.043, 33.807, 35.165, 36.439, 37.044, 36.579, 36.454, 36.98, 37.207, 37.82, 39.02, 39.541, 39.818, 40.107, 40.118, 40.207, 40.585, 40.284, 40.408, 41.018, 42.268, 43.643, 43.934, 43.214, 41.513, 41.349, 42.128, 41.5, 41.967, 41.864, 40.974, 41.495, 41.893, 41.819, 42.632, 43.59, 43.801, 43.425, 43.356, 44.448, 44.63, 41.308], [42.728, 42.758, 43.502, 44.571, 45.962, 46.737, 46.824, 46.085, 45.513, 45.526, 45.251, 44.647, 45.663, 47.299, 47.097, 46.471, 47.289, 47.635, 46.88, 46.636, 47.131, 47.812, 48.365, 47.857, 46.099, 44.695, 44.715, 44.379, 45.759, 44.239, 42.215, 41.787, 41.332, 38.534, 34.976, 35.602, 34.597, 31.827, 31.103, 30.784, 30.004, 29.584, 27.061, 22.244, 19.849, 17.268, 13.759, 11.113, 8.813, 7.036, 0.0, 13.917, 22.189, 23.866, 24.762, 28.768, 32.147, 32.461, 33.153, 34.577, 35.956, 36.691, 36.322, 36.295, 36.939, 37.188, 37.804, 39.063, 39.599, 39.91, 40.201, 40.209, 40.288, 40.588, 40.246, 40.361, 40.929, 42.134, 43.515, 43.811, 43.099, 41.433, 41.298, 42.077, 41.49, 41.964, 41.829, 40.985, 41.533, 41.93, 41.903, 42.765, 43.74, 43.981, 43.678, 43.606, 44.601, 44.803, 41.342], [41.669, 41.691, 42.624, 43.588, 44.998, 45.82, 45.907, 45.052, 44.361, 44.167, 43.649, 43.116, 44.485, 46.361, 46.14, 45.451, 46.393, 46.76, 45.876, 45.536, 46.084, 46.863, 47.501, 47.022, 45.147, 43.448, 43.343, 43.119, 44.