[[0.0, 3.452, 8.784, 11.545, 13.839, 17.44, 21.185, 23.804, 25.74, 27.082, 27.627, 28.403, 29.711, 30.336, 29.668, 29.23, 29.852, 30.371, 31.084, 33.034, 36.97, 40.561, 41.949, 42.581, 44.009, 45.667, 46.474, 46.252, 46.398, 46.642, 45.905, 45.302, 45.154, 44.732, 44.557, 45.059, 45.239, 44.906, 44.484, 44.266, 44.095, 43.427, 43.133, 43.495, 43.458, 43.142, 43.273, 43.66, 43.889, 43.944, 43.605, 43.057, 42.772, 42.587, 42.139, 41.773, 41.417, 41.058, 41.176, 41.903, 42.352, 42.089, 41.472, 40.909, 40.948, 41.344, 41.296, 41.203, 41.789, 42.278, 42.044, 41.957, 42.381, 42.798, 42.786, 42.61, 42.345, 41.759, 41.237, 41.211, 41.466, 41.326, 41.302, 41.546, 41.417, 40.825, 40.096, 39.866, 39.612, 39.192, 39.046, 39.316, 39.654, 39.698, 39.808, 40.156, 40.441, 40.363, 39.992, 39.746, 39.573, 39.342, 39.701, 40.459, 40.184, 38.967, 38.634, 38.84, 38.519, 38.466, 38.601, 38.213, 37.667, 37.556, 37.865, 38.088, 38.077, 37.891, 37.801, 37.778, 37.42, 36.837, 36.362, 36.052, 35.926, 36.192, 36.53, 36.679, 36.644, 36.671, 37.512, 38.481, 38.916, 38.56, 37.973, 37.726, 37.709, 37.863, 38.203, 38.55, 38.611, 38.65, 39.274, 39.591, 39.267, 39.165, 39.231, 38.632, 38.096, 38.021, 37.729, 37.565, 37.532, 37.389, 37.185, 36.957, 36.799, 36.966, 37.408, 37.918, 38.395, 38.668, 38.604, 38.497, 38.567, 38.702, 38.536, 38.281, 38.057, 38.49, 40.369, 42.415, 42.824, 42.63, 43.063, 43.568, 43.779, 43.752, 43.212, 42.526, 42.071, 41.857, 42.133, 42.761, 43.207, 43.108, 42.647, 42.476, 42.789, 43.418, 42.924, 40.537, 38.65, 38.392, 38.666, 38.741, 38.688, 38.801, 39.419, 39.614, 39.149, 38.653, 38.321, 38.651, 38.568, 3.697], [3.452, 0.0, 6.008, 9.702, 12.877, 16.959, 20.929, 23.663, 25.695, 27.085, 27.633, 28.407, 29.728, 30.366, 29.677, 29.198, 29.818, 30.355, 31.069, 33.032, 36.979, 40.561, 41.956, 42.603, 44.039, 45.713, 46.545, 46.332, 46.475, 46.714, 45.98, 45.37, 45.207, 44.784, 44.624, 45.131, 45.303, 44.982, 44.583, 44.376, 44.216, 43.578, 43.291, 43.641, 43.613, 43.315, 43.462, 43.852, 44.074, 44.119, 43.785, 43.257, 42.988, 42.811, 42.374, 42.015, 41.67, 41.315, 41.399, 42.092, 42.528, 42.267, 41.655, 41.101, 41.129, 41.495, 41.44, 41.348, 41.912, 42.381, 42.154, 42.08, 42.505, 42.923, 42.923, 42.758, 42.501, 41.926, 41.43, 41.444, 41.711, 41.576, 41.559, 41.814, 41.705, 41.137, 40.412, 40.166, 39.914, 39.511, 39.364, 39.607, 39.92, 39.951, 40.044, 40.367, 40.639, 40.566, 40.22, 39.991, 39.826, 39.608, 39.957, 40.685, 40.423, 39.254, 38.931, 39.127, 38.829, 38.788, 38.906, 38.53, 38.029, 37.932, 38.234, 38.449, 38.431, 38.248, 38.178, 38.172, 37.836, 37.275, 36.777, 36.433, 36.262, 36.458, 36.775, 36.919, 36.868, 36.89, 37.733, 38.707, 39.158, 38.825, 38.256, 38.028, 38.03, 38.182, 38.513, 38.853, 38.911, 38.951, 39.57, 39.88, 39.547, 39.441, 39.519, 38.934, 38.405, 38.343, 38.077, 37.93, 37.906, 37.774, 37.59, 37.378, 37.222, 37.365, 37.761, 38.226, 38.671, 38.929, 38.864, 38.773, 38.848, 38.976, 38.8, 38.546, 38.331, 38.751, 40.569, 42.556, 42.953, 42.765, 43.188, 43.678, 43.874, 43.849, 43.338, 42.678, 42.235, 42.026, 42.297, 42.914, 43.354, 43.258, 42.804, 42.636, 42.938, 43.55, 43.061, 40.744, 38.969, 38.718, 38.933, 38.985, 38.941, 39.051, 39.654, 39.847, 39.397, 38.939, 38.64, 38.964, 38.895, 5.384], [8.784, 6.008, 0.0, 5.598, 11.116, 16.501, 20.956, 23.899, 26.051, 27.444, 27.975, 28.773, 30.099, 30.743, 30.06, 29.545, 30.127, 30.694, 31.418, 33.356, 37.272, 40.811, 42.19, 42.87, 44.349, 46.037, 46.878, 46.678, 46.825, 47.068, 46.348, 45.736, 45.548, 45.115, 44.964, 45.464, 45.633, 45.34, 44.981, 44.8, 44.68, 44.117, 43.834, 44.156, 44.153, 43.903, 44.088, 44.49, 44.696, 44.716, 44.4, 43.929, 43.696, 43.539, 43.144, 42.806, 42.488, 42.155, 42.188, 42.821, 43.234, 42.983, 42.405, 41.901, 41.911, 42.208, 42.153, 42.067, 42.559, 42.961, 42.729, 42.638, 43.026, 43.434, 43.457, 43.312, 43.075, 42.529, 42.076, 42.129, 42.389, 42.267, 42.257, 42.51, 42.437, 41.928, 41.238, 40.998, 40.771, 40.403, 40.254, 40.46, 40.742, 40.758, 40.821, 41.102, 41.358, 41.295, 40.986, 40.789, 40.643, 40.449, 40.776, 41.431, 41.208, 40.2, 39.93, 40.088, 39.831, 39.809, 39.88, 39.518, 39.085, 38.981, 39.26, 39.467, 39.438, 39.25, 39.203, 39.234, 38.957, 38.421, 37.837, 37.414, 37.17, 37.245, 37.516, 37.646, 37.578, 37.613, 38.444, 39.369, 39.794, 39.486, 38.973, 38.806, 38.856, 39.013, 39.341, 39.687, 39.754, 39.788, 40.371, 40.662, 40.335, 40.228, 40.325, 39.801, 39.334, 39.311, 39.102, 38.989, 38.975, 38.861, 38.713, 38.536, 38.386, 38.476, 38.778, 39.168, 39.56, 39.776, 39.698, 39.617, 39.675, 39.778, 39.583, 39.327, 39.136, 39.543, 41.24, 43.118, 43.498, 43.326, 43.72, 44.172, 44.351, 44.344, 43.891, 43.286, 42.867, 42.659, 42.913, 43.497, 43.915, 43.818, 43.383, 43.227, 43.504, 44.067, 43.591, 41.445, 39.919, 39.711, 39.824, 39.801, 39.727, 39.798, 40.349, 40.53, 40.124, 39.758, 39.534, 39.84, 39.79, 9.906], [11.545, 9.702, 5.598, 0.0, 6.966, 13.821, 19.15, 22.514, 24.874, 26.307, 26.82, 27.709, 29.154, 29.816, 29.082, 28.568, 29.179, 29.792, 30.576, 32.587, 36.645, 40.291, 41.716, 42.441, 43.999, 45.763, 46.644, 46.457, 46.641, 46.919, 46.201, 45.607, 45.437, 44.975, 44.794, 45.298, 45.471, 45.171, 44.818, 44.651, 44.568, 44.037, 43.755, 44.076, 44.082, 43.853, 44.057, 44.457, 44.644, 44.642, 44.312, 43.838, 43.61, 43.459, 43.062, 42.721, 42.387, 42.026, 42.081, 42.775, 43.217, 42.949, 42.363, 41.87, 41.888, 42.174, 42.117, 42.018, 42.497, 42.881, 42.615, 42.502, 42.9, 43.325, 43.35, 43.2, 42.956, 42.395, 41.933, 41.974, 42.212, 42.074, 42.054, 42.293, 42.222, 41.716, 41.014, 40.766, 40.541, 40.17, 40.013, 40.235, 40.554, 40.576, 40.64, 40.95, 41.23, 41.166, 40.847, 40.649, 40.501, 40.298, 40.629, 41.289, 41.057, 40.051, 39.815, 39.984, 39.705, 39.666, 39.741, 39.344, 38.854, 38.72, 38.996, 39.196, 39.154, 38.945, 38.879, 38.904, 38.618, 38.057, 37.416, 36.944, 36.688, 36.762, 37.036, 37.166, 37.088, 37.142, 38.046, 39.036, 39.481, 39.155, 38.623, 38.461, 38.524, 38.702, 39.057, 39.427, 39.504, 39.534, 40.124, 40.427, 40.108, 40.001, 40.102, 39.597, 39.152, 39.143, 38.945, 38.841, 38.817, 38.682, 38.522, 38.349, 38.207, 38.312, 38.623, 39.009, 39.406, 39.636, 39.546, 39.436, 39.488, 39.632, 39.492, 39.268, 39.087, 39.511, 41.269, 43.203, 43.588, 43.416, 43.818, 44.275, 44.469, 44.47, 43.996, 43.355, 42.914, 42.701, 42.975, 43.594, 44.037, 43.939, 43.495, 43.337, 43.616, 44.191, 43.724, 41.533, 39.886, 39.65, 39.777, 39.731, 39.609, 39.631, 40.142, 40.307, 39.893, 39.517, 39.281, 39.589, 39.535, 12.921], [13.839, 12.877, 11.116, 6.966, 0.0, 8.234, 15.298, 19.738, 22.622, 24.244, 24.782, 25.767, 27.417, 28.169, 27.379, 26.872, 27.561, 28.235, 29.106, 31.233, 35.49, 39.336, 40.839, 41.586, 43.237, 45.13, 46.073, 45.903, 46.131, 46.442, 45.715, 45.151, 45.035, 44.56, 44.334, 44.836, 45.03, 44.722, 44.347, 44.174, 44.115, 43.592, 43.324, 43.664, 43.668, 43.438, 43.652, 44.05, 44.228, 44.221, 43.863, 43.342, 43.096, 42.931, 42.492, 42.135, 41.755, 41.311, 41.414, 42.216, 42.697, 42.4, 41.778, 41.259, 41.292, 41.614, 41.553, 41.432, 41.967, 42.398, 42.099, 41.997, 42.466, 42.932, 42.95, 42.79, 42.525, 41.923, 41.427, 41.461, 41.699, 41.53, 41.497, 41.74, 41.645, 41.089, 40.342, 40.065, 39.801, 39.383, 39.21, 39.484, 39.861, 39.867, 39.929, 40.321, 40.655, 40.584, 40.22, 39.976, 39.793, 39.561, 39.911, 40.654, 40.411, 39.26, 38.997, 39.227, 38.893, 38.806, 38.924, 38.496, 37.925, 37.797, 38.1, 38.301, 38.254, 38.037, 37.939, 37.928, 37.586, 37.005, 36.402, 35.938, 35.699, 35.844, 36.144, 36.286, 36.17, 36.147, 37.112, 38.242, 38.787, 38.464, 37.892, 37.696, 37.732, 37.918, 38.295, 38.668, 38.733, 38.764, 39.394, 39.715, 39.383, 39.259, 39.327, 38.758, 38.268, 38.265, 38.088, 38.001, 37.972, 37.808, 37.614, 37.428, 37.282, 37.413, 37.782, 38.204, 38.63, 38.912, 38.811, 38.642, 38.703, 38.939, 38.912, 38.776, 38.595, 39.0, 40.891, 42.97, 43.387, 43.207, 43.653, 44.161, 44.387, 44.378, 43.825, 43.096, 42.616, 42.401, 42.713, 43.409, 43.906, 43.808, 43.343, 43.181, 43.483, 44.107, 43.646, 41.294, 39.339, 39.059, 39.29, 39.29, 39.151, 39.148, 39.615, 39.739, 39.287, 38.819, 38.478, 38.779, 38.717, 15.353], [17.44, 16.959, 16.501, 13.821, 8.234, 0.0, 8.795, 15.122, 19.181, 21.311, 21.954, 23.001, 24.898, 25.811, 25.066, 24.844, 25.844, 26.616, 27.659, 30.163, 34.823, 38.959, 40.567, 41.296, 42.955, 44.908, 45.877, 45.708, 45.969, 46.296, 45.55, 44.996, 44.938, 44.508, 44.297, 44.809, 44.993, 44.633, 44.173, 43.953, 43.85, 43.197, 42.848, 43.18, 43.181, 42.934, 43.158, 43.552, 43.712, 43.709, 43.316, 42.719, 42.433, 42.233, 41.72, 41.328, 40.878, 40.34, 40.546, 41.507, 42.049, 41.708, 41.022, 40.49, 40.61, 41.059, 41.026, 40.883, 41.494, 42.007, 41.694, 41.603, 42.167, 42.683, 42.681, 42.514, 42.229, 41.557, 41.008, 41.03, 41.25, 41.042, 41.004, 41.247, 41.094, 40.434, 39.587, 39.243, 38.913, 38.417, 38.203, 38.507, 38.918, 38.859, 38.89, 39.37, 39.756, 39.685, 39.306, 39.041, 38.835, 38.573, 38.924, 39.773, 39.539, 38.188, 37.846, 38.136, 37.771, 37.657, 37.837, 37.395, 36.765, 36.682, 37.048, 37.268, 37.233, 37.028, 36.889, 36.8, 36.356, 35.774, 35.322, 34.964, 34.8, 35.092, 35.45, 35.625, 35.526, 35.479, 36.506, 37.728, 38.354, 38.058, 37.45, 37.172, 37.134, 37.322, 37.729, 38.1, 38.141, 38.157, 38.806, 39.137, 38.799, 38.659, 38.649, 37.921, 37.265, 37.168, 36.955, 36.887, 36.877, 36.687, 36.429, 36.204, 36.046, 36.213, 36.681, 37.18, 37.662, 38.025, 37.944, 37.706, 37.77, 38.053, 38.062, 37.936, 37.699, 38.059, 40.085, 42.323, 42.787, 42.602, 43.098, 43.674, 43.951, 43.937, 43.3, 42.509, 42.018, 41.808, 42.166, 42.942, 43.469, 43.337, 42.833, 42.667, 43.019, 43.714, 43.253, 40.776, 38.678, 38.485, 38.896, 39.044, 39.008, 39.091, 39.586, 39.668, 39.098, 38.402, 37.855, 38.152, 38.052, 18.83], [21.185, 20.929, 20.956, 19.15, 15.298, 8.795, 0.0, 8.338, 14.498, 17.748, 18.541, 19.571, 21.737, 22.803, 22.233, 22.79, 24.46, 25.378, 26.627, 29.747, 35.0, 39.453, 41.193, 41.915, 43.481, 45.381, 46.312, 46.116, 46.38, 46.723, 45.981, 45.432, 45.425, 45.102, 44.989, 45.529, 45.639, 45.144, 44.547, 44.253, 44.04, 43.106, 42.52, 42.791, 42.796, 42.514, 42.692, 43.038, 43.148, 43.128, 42.703, 42.044, 41.717, 41.489, 40.932, 40.509, 39.998, 39.439, 39.814, 40.961, 41.574, 41.187, 40.447, 39.956, 40.217, 40.831, 40.85, 40.706, 41.379, 41.972, 41.672, 41.587, 42.209, 42.747, 42.704, 42.523, 42.222, 41.487, 40.885, 40.862, 41.009, 40.752, 40.708, 40.909, 40.665, 39.883, 38.903, 38.47, 38.096, 37.559, 37.299, 37.557, 37.929, 37.801, 37.79, 38.307, 38.725, 38.666, 38.332, 38.107, 37.916, 37.64, 37.969, 38.872, 38.626, 37.125, 36.688, 37.008, 36.665, 36.592, 36.825, 36.375, 35.716, 35.665, 36.084, 36.334, 36.322, 36.132, 35.963, 35.806, 35.279, 34.71, 34.422, 34.216, 34.168, 34.601, 35.005, 35.199, 35.205, 35.3, 36.401, 37.612, 38.222, 37.915, 37.239, 36.849, 36.745, 36.959, 37.387, 37.736, 37.759, 37.786, 38.457, 38.821, 38.525, 38.42, 38.369, 37.503, 36.637, 36.326, 35.99, 35.93, 35.942, 35.718, 35.372, 35.095, 34.969, 35.24, 35.852, 36.469, 37.036, 37.479, 37.455, 37.176, 37.199, 37.44, 37.377, 37.145, 36.793, 37.102, 39.179, 41.475, 41.951, 41.755, 42.272, 42.888, 43.195, 43.185, 42.534, 41.77, 41.311, 41.118, 41.525, 42.339, 42.836, 42.647, 42.097, 41.917, 42.304, 43.05, 42.58, 40.079, 38.077, 38.057, 38.613, 38.92, 39.048, 39.29, 39.903, 39.989, 39.276, 38.326, 37.609, 37.949, 37.802, 22.422], [23.804, 23.663, 23.899, 22.514, 19.738, 15.122, 8.338, 0.0, 8.149, 13.117, 14.32, 15.259, 17.649, 18.883, 18.799, 20.607, 23.09, 24.188, 25.589, 29.21, 34.996, 39.732, 41.614, 42.359, 43.854, 45.715, 46.614, 46.394, 46.651, 47.002, 46.273, 45.736, 45.779, 45.557, 45.545, 46.099, 46.151, 45.586, 44.92, 44.578, 44.285, 43.182, 42.419, 42.635, 42.639, 42.314, 42.414, 42.724, 42.814, 42.778, 42.33, 41.647, 41.309, 41.069, 40.497, 40.062, 39.523, 38.971, 39.451, 40.71, 41.36, 40.967, 40.235, 39.773, 40.078, 40.741, 40.792, 40.69, 41.429, 42.093, 41.824, 41.74, 42.378, 42.928, 42.857, 42.656, 42.352, 41.601, 40.972, 40.926, 41.045, 40.765, 40.712, 40.877, 40.578, 39.724, 38.67, 38.193, 37.808, 37.276, 37.01, 37.228, 37.549, 37.364, 37.293, 37.796, 38.24, 38.211, 37.917, 37.714, 37.537, 37.255, 37.559, 38.458, 38.148, 36.521, 35.989, 36.325, 36.011, 35.977, 36.226, 35.78, 35.159, 35.174, 35.643, 35.905, 35.885, 35.69, 35.517, 35.346, 34.815, 34.282, 34.116, 34.058, 34.118, 34.632, 35.068, 35.252, 35.278, 35.424, 36.524, 37.708, 38.309, 38.008, 37.309, 36.863, 36.724, 36.958, 37.377, 37.678, 37.683, 37.719, 38.404, 38.802, 38.548, 38.475, 38.427, 37.5, 36.496, 36.039, 35.633, 35.584, 35.604, 35.359, 34.963, 34.658, 34.566, 34.906, 35.572, 36.198, 36.761, 37.227, 37.257, 37.006, 37.011, 37.213, 37.125, 36.844, 36.401, 36.664, 38.744, 41.036, 41.503, 41.309, 41.847, 42.474, 42.766, 42.753, 42.128, 41.413, 40.985, 40.805, 41.253, 42.097, 42.586, 42.385, 41.827, 41.634, 42.026, 42.785, 42.292, 39.773, 37.83, 37.881, 38.485, 38.879, 39.112, 39.461, 40.176, 40.277, 39.489, 38.443, 37.692, 38.059, 37.882, 24.948], [25.74, 25.695, 26.051, 24.874, 22.622, 19.181, 14.498, 8.149, 0.0, 6.463, 9.036, 10.765, 13.287, 14.597, 15.63, 18.986, 22.021, 23.242, 24.772, 28.651, 34.692, 39.587, 41.564, 42.338, 43.844, 45.731, 46.65, 46.43, 46.684, 47.043, 46.325, 45.791, 45.845, 45.663, 45.711, 46.285, 46.339, 45.789, 45.127, 44.778, 44.452, 43.306, 42.515, 42.723, 42.713, 42.345, 42.383, 42.696, 42.812, 42.776, 42.312, 41.616, 41.264, 41.014, 40.429, 39.979, 39.424, 38.878, 39.361, 40.624, 41.306, 40.953, 40.235, 39.771, 40.077, 40.729, 40.798, 40.74, 41.496, 42.176, 41.933, 41.851, 42.474, 43.025, 42.946, 42.731, 42.433, 41.688, 41.049, 40.999, 41.135, 40.863, 40.807, 40.963, 40.656, 39.787, 38.719, 38.242, 37.864, 37.347, 37.098, 37.319, 37.624, 37.428, 37.326, 37.775, 38.195, 38.181, 37.904, 37.711, 37.552, 37.274, 37.561, 38.423, 38.026, 36.309, 35.754, 36.12, 35.81, 35.759, 35.997, 35.574, 35.024, 35.099, 35.584, 35.836, 35.798, 35.602, 35.439, 35.274, 34.761, 34.268, 34.168, 34.191, 34.294, 34.832, 35.282, 35.46, 35.449, 35.535, 36.566, 37.731, 38.326, 38.026, 37.348, 36.913, 36.756, 36.982, 37.385, 37.669, 37.67, 37.696, 38.369, 38.771, 38.523, 38.449, 38.406, 37.483, 36.469, 35.994, 35.569, 35.518, 35.546, 35.296, 34.883, 34.57, 34.474, 34.815, 35.463, 36.044, 36.562, 37.03, 37.092, 36.863, 36.847, 37.003, 36.919, 36.675, 36.247, 36.519, 38.629, 40.925, 41.392, 41.205, 41.761, 42.412, 42.72, 42.715, 42.101, 41.394, 40.963, 40.79, 41.262, 42.12, 42.618, 42.424, 41.857, 41.653, 42.047, 42.817, 42.334, 39.806, 37.828, 37.855, 38.48, 38.904, 39.139, 39.472, 40.187, 40.272, 39.476, 38.443, 37.709, 38.072, 37.896, 26.821], [27.082, 27.085, 27.444, 26.307, 24.244, 21.311, 17.748, 13.117, 6.463, 0.0, 4.568, 8.83, 11.78, 12.818, 14.657, 18.801, 21.906, 23.14, 24.749, 28.661, 34.648, 39.473, 41.421, 42.224, 43.782, 45.7, 46.646, 46.448, 46.71, 47.085, 46.388, 45.844, 45.874, 45.695, 45.771, 46.376, 46.461, 45.933, 45.292, 44.957, 44.626, 43.501, 42.764, 42.997, 42.969, 42.567, 42.586, 42.897, 43.026, 42.999, 42.539, 41.851, 41.494, 41.237, 40.654, 40.2, 39.632, 39.087, 39.533, 40.75, 41.425, 41.085, 40.369, 39.904, 40.197, 40.816, 40.891, 40.859, 41.59, 42.235, 41.993, 41.912, 42.519, 43.055, 42.969, 42.749, 42.456, 41.722, 41.084, 41.039, 41.195, 40.952, 40.911, 41.07, 40.766, 39.906, 38.855, 38.394, 38.026, 37.515, 37.276, 37.512, 37.824, 37.638, 37.532, 37.936, 38.308, 38.276, 38.0, 37.811, 37.66, 37.404, 37.702, 38.555, 38.154, 36.469, 35.966, 36.359, 36.067, 36.013, 36.239, 35.82, 35.281, 35.334, 35.796, 36.042, 35.999, 35.811, 35.664, 35.515, 35.036, 34.573, 34.454, 34.449, 34.517, 35.018, 35.46, 35.636, 35.607, 35.66, 36.652, 37.801, 38.383, 38.071, 37.406, 36.995, 36.847, 37.064, 37.463, 37.751, 37.749, 37.765, 38.421, 38.801, 38.526, 38.44, 38.427, 37.573, 36.614, 36.134, 35.663, 35.598, 35.646, 35.407, 35.007, 34.736, 34.681, 35.042, 35.686, 36.248, 36.734, 37.172, 37.215, 36.97, 36.913, 37.007, 36.903, 36.693, 36.327, 36.624, 38.711, 40.972, 41.43, 41.243, 41.791, 42.447, 42.775, 42.778, 42.172, 41.471, 41.041, 40.873, 41.348, 42.192, 42.684, 42.49, 41.923, 41.72, 42.106, 42.862, 42.383, 39.879, 37.938, 37.979, 38.599, 39.02, 39.235, 39.522, 40.207, 40.275, 39.512, 38.527, 37.794, 38.125, 37.96, 28.14], [27.627, 27.633, 27.975, 26.82, 24.782, 21.954, 18.541, 14.32, 9.036, 4.568, 0.0, 6.01, 10.1, 11.366, 13.302, 17.811, 21.103, 22.409, 24.08, 28.139, 34.282, 39.155, 41.129, 41.988, 43.586, 45.522, 46.478, 46.29, 46.558, 46.947, 46.269, 45.728, 45.761, 45.59, 45.676, 46.311, 46.427, 45.922, 45.288, 44.952, 44.631, 43.525, 42.808, 43.044, 43.01, 42.61, 42.643, 42.961, 43.088, 43.055, 42.591, 41.904, 41.543, 41.278, 40.698, 40.246, 39.665, 39.114, 39.568, 40.786, 41.443, 41.093, 40.38, 39.909, 40.169, 40.761, 40.844, 40.822, 41.551, 42.189, 41.936, 41.851, 42.469, 43.007, 42.918, 42.691, 42.394, 41.652, 41.009, 40.975, 41.14, 40.897, 40.857, 41.018, 40.714, 39.847, 38.788, 38.324, 37.95, 37.427, 37.179, 37.423, 37.748, 37.56, 37.444, 37.842, 38.205, 38.161, 37.885, 37.694, 37.548, 37.316, 37.637, 38.498, 38.105, 36.44, 35.947, 36.35, 36.072, 36.037, 36.267, 35.829, 35.266, 35.313, 35.776, 36.02, 35.971, 35.773, 35.62, 35.473, 35.0, 34.532, 34.399, 34.39, 34.457, 34.95, 35.388, 35.556, 35.515, 35.547, 36.552, 37.72, 38.312, 38.012, 37.362, 36.962, 36.813, 37.038, 37.451, 37.747, 37.74, 37.75, 38.401, 38.77, 38.491, 38.415, 38.43, 37.61, 36.661, 36.147, 35.627, 35.557, 35.624, 35.391, 35.002, 34.758, 34.729, 35.123, 35.803, 36.371, 36.824, 37.213, 37.226, 36.975, 36.924, 37.011, 36.896, 36.678, 36.323, 36.64, 38.734, 40.984, 41.426, 41.234, 41.769, 42.405, 42.722, 42.718, 42.105, 41.394, 40.96, 40.795, 41.271, 42.111, 42.592, 42.392, 41.827, 41.63, 42.023, 42.781, 42.281, 39.741, 37.807, 37.891, 38.53, 38.97, 39.212, 39.517, 40.222, 40.293, 39.53, 38.536, 37.782, 38.104, 37.953, 28.657], [28.403, 28.407, 28.773, 27.709, 25.767, 23.001, 19.571, 15.259, 10.765, 8.83, 6.01, 0.0, 5.444, 8.297, 10.973, 15.969, 19.557, 20.961, 22.67, 26.913, 33.326, 38.407, 40.531, 41.477, 43.114, 45.089, 46.059, 45.883, 46.162, 46.561, 45.898, 45.386, 45.46, 45.342, 45.472, 46.113, 46.235, 45.772, 45.164, 44.83, 44.528, 43.452, 42.744, 42.978, 42.964, 42.593, 42.642, 42.98, 43.114, 43.076, 42.614, 41.932, 41.573, 41.308, 40.73, 40.285, 39.717, 39.175, 39.624, 40.82, 41.449, 41.099, 40.403, 39.915, 40.128, 40.698, 40.778, 40.753, 41.483, 42.124, 41.865, 41.791, 42.416, 42.957, 42.87, 42.645, 42.343, 41.594, 40.966, 40.965, 41.143, 40.895, 40.842, 41.003, 40.718, 39.868, 38.823, 38.365, 37.985, 37.448, 37.186, 37.423, 37.749, 37.564, 37.443, 37.833, 38.207, 38.185, 37.921, 37.73, 37.582, 37.348, 37.648, 38.469, 38.07, 36.413, 35.888, 36.275, 36.003, 35.962, 36.189, 35.767, 35.218, 35.26, 35.713, 35.958, 35.932, 35.741, 35.577, 35.422, 34.941, 34.496, 34.426, 34.448, 34.516, 35.002, 35.436, 35.595, 35.536, 35.527, 36.51, 37.672, 38.29, 38.051, 37.463, 37.076, 36.923, 37.158, 37.564, 37.846, 37.843, 37.851, 38.481, 38.845, 38.595, 38.544, 38.553, 37.731, 36.791, 36.279, 35.749, 35.677, 35.746, 35.518, 35.141, 34.897, 34.839, 35.201, 35.888, 36.462, 36.891, 37.25, 37.272, 37.062, 37.047, 37.145, 37.047, 36.851, 36.485, 36.785, 38.879, 41.127, 41.563, 41.37, 41.896, 42.508, 42.803, 42.797, 42.176, 41.441, 40.989, 40.818, 41.291, 42.133, 42.623, 42.424, 41.857, 41.661, 42.061, 42.824, 42.311, 39.736, 37.749, 37.814, 38.453, 38.917, 39.198, 39.528, 40.238, 40.315, 39.556, 38.555, 37.804, 38.125, 37.985, 29.343], [29.711, 29.728, 30.099, 29.154, 27.417, 24.898, 21.737, 17.649, 13.287, 11.78, 10.1, 5.444, 0.0, 4.873, 9.864, 15.781, 19.406, 20.719, 22.424, 26.724, 33.1, 38.162, 40.334, 41.318, 42.955, 44.92, 45.888, 45.737, 46.028, 46.43, 45.787, 45.3, 45.392, 45.318, 45.495, 46.128, 46.245, 45.816, 45.246, 44.923, 44.624, 43.589, 42.914, 43.158, 43.159, 42.793, 42.818, 43.144, 43.284, 43.257, 42.815, 42.157, 41.81, 41.56, 41.002, 40.566, 40.025, 39.524, 39.948, 41.067, 41.66, 41.325, 40.645, 40.148, 40.34, 40.887, 40.962, 40.942, 41.65, 42.273, 42.016, 41.941, 42.532, 43.051, 42.963, 42.744, 42.448, 41.717, 41.125, 41.161, 41.356, 41.123, 41.071, 41.231, 40.969, 40.152, 39.15, 38.726, 38.358, 37.827, 37.575, 37.803, 38.117, 37.945, 37.834, 38.194, 38.562, 38.578, 38.336, 38.148, 37.995, 37.754, 38.015, 38.767, 38.37, 36.786, 36.274, 36.652, 36.417, 36.356, 36.551, 36.182, 35.694, 35.725, 36.141, 36.381, 36.377, 36.203, 36.041, 35.886, 35.418, 35.024, 35.015, 35.047, 35.088, 35.53, 35.954, 36.112, 36.042, 36.014, 36.937, 38.036, 38.632, 38.419, 37.88, 37.519, 37.381, 37.61, 37.982, 38.235, 38.239, 38.252, 38.846, 39.188, 38.955, 38.905, 38.905, 38.123, 37.239, 36.747, 36.225, 36.149, 36.216, 36.005, 35.652, 35.417, 35.342, 35.649, 36.294, 36.852, 37.266, 37.603, 37.638, 37.47, 37.467, 37.54, 37.447, 37.288, 36.934, 37.197, 39.216, 41.405, 41.828, 41.638, 42.148, 42.741, 43.025, 43.025, 42.427, 41.717, 41.276, 41.107, 41.558, 42.379, 42.87, 42.684, 42.128, 41.933, 42.319, 43.06, 42.554, 40.033, 38.077, 38.124, 38.74, 39.204, 39.487, 39.781, 40.425, 40.486, 39.771, 38.823, 38.098, 38.399, 38.267, 30.574], [30.336, 30.366, 30.743, 29.816, 28.169, 25.811, 22.803, 18.883, 14.597, 12.818, 11.366, 8.297, 4.873, 0.0, 7.455, 15.173, 19.23, 20.468, 22.215, 26.783, 33.287, 38.338, 40.482, 41.455, 43.074, 45.011, 45.969, 45.821, 46.11, 46.516, 45.885, 45.395, 45.479, 45.409, 45.59, 46.231, 46.366, 45.943, 45.378, 45.062, 44.768, 43.73, 43.026, 43.246, 43.243, 42.862, 42.848, 43.136, 43.256, 43.219, 42.775, 42.126, 41.785, 41.537, 40.994, 40.56, 40.003, 39.513, 39.971, 41.112, 41.716, 41.383, 40.704, 40.237, 40.472, 41.036, 41.117, 41.107, 41.815, 42.428, 42.155, 42.058, 42.626, 43.128, 43.034, 42.812, 42.516, 41.791, 41.205, 41.264, 41.468, 41.245, 41.204, 41.367, 41.102, 40.28, 39.283, 38.877, 38.519, 37.989, 37.741, 37.978, 38.296, 38.133, 38.029, 38.376, 38.735, 38.756, 38.524, 38.338, 38.176, 37.925, 38.184, 38.926, 38.516, 36.966, 36.483, 36.879, 36.677, 36.618, 36.807, 36.443, 35.959, 35.994, 36.404, 36.625, 36.602, 36.414, 36.249, 36.093, 35.619, 35.206, 35.175, 35.213, 35.269, 35.701, 36.113, 36.28, 36.244, 36.268, 37.191, 38.254, 38.807, 38.56, 38.006, 37.652, 37.527, 37.748, 38.108, 38.365, 38.381, 38.402, 38.998, 39.34, 39.108, 39.061, 39.07, 38.3, 37.404, 36.879, 36.342, 36.263, 36.337, 36.137, 35.782, 35.551, 35.505, 35.836, 36.475, 37.033, 37.448, 37.772, 37.795, 37.627, 37.622, 37.692, 37.562, 37.349, 36.974, 37.23, 39.229, 41.398, 41.817, 41.63, 42.137, 42.73, 43.018, 43.019, 42.44, 41.774, 41.368, 41.21, 41.651, 42.448, 42.922, 42.738, 42.194, 42.0, 42.379, 43.112, 42.607, 40.112, 38.201, 38.276, 38.901, 39.359, 39.639, 39.921, 40.53, 40.566, 39.86, 38.929, 38.204, 38.501, 38.363, 31.187], [29.668, 29.677, 30.06, 29.082, 27.379, 25.066, 22.233, 18.799, 15.63, 14.657, 13.302, 10.973, 9.864, 7.455, 0.0, 9.51, 15.014, 16.715, 18.534, 23.834, 31.366, 37.028, 39.404, 40.508, 42.318, 44.434, 45.443, 45.278, 45.58, 46.006, 45.369, 44.888, 45.0, 44.941, 45.143, 45.826, 45.96, 45.512, 44.93, 44.623, 44.359, 43.316, 42.589, 42.788, 42.789, 42.442, 42.497, 42.806, 42.912, 42.859, 42.385, 41.694, 41.344, 41.096, 40.522, 40.079, 39.512, 38.964, 39.423, 40.635, 41.267, 40.894, 40.175, 39.709, 40.014, 40.664, 40.734, 40.691, 41.438, 42.083, 41.786, 41.675, 42.263, 42.783, 42.695, 42.46, 42.145, 41.4, 40.799, 40.841, 41.039, 40.799, 40.75, 40.925, 40.669, 39.846, 38.821, 38.383, 38.003, 37.437, 37.166, 37.428, 37.792, 37.641, 37.543, 37.916, 38.26, 38.249, 38.015, 37.844, 37.691, 37.429, 37.709, 38.512, 38.114, 36.505, 36.0, 36.383, 36.128, 36.06, 36.283, 35.881, 35.327, 35.343, 35.764, 36.0, 35.985, 35.787, 35.622, 35.48, 34.979, 34.469, 34.333, 34.328, 34.393, 34.854, 35.255, 35.423, 35.421, 35.478, 36.461, 37.596, 38.185, 37.939, 37.359, 36.996, 36.87, 37.095, 37.481, 37.772, 37.789, 37.808, 38.448, 38.817, 38.575, 38.519, 38.512, 37.674, 36.732, 36.231, 35.743, 35.685, 35.756, 35.526, 35.141, 34.889, 34.858, 35.255, 35.963, 36.553, 36.971, 37.297, 37.305, 37.109, 37.116, 37.218, 37.054, 36.752, 36.309, 36.57, 38.698, 40.998, 41.45, 41.248, 41.761, 42.362, 42.643, 42.627, 42.013, 41.314, 40.901, 40.738, 41.188, 42.018, 42.518, 42.34, 41.787, 41.587, 41.982, 42.748, 42.248, 39.682, 37.645, 37.683, 38.297, 38.735, 39.021, 39.327, 39.976, 40.039, 39.296, 38.3, 37.569, 37.914, 37.761, 30.532], [29.23, 29.198, 29.545, 28.568, 26.872, 24.844, 22.79, 20.607, 18.986, 18.801, 17.811, 15.969, 15.781, 15.173, 9.51, 0.0, 7.146, 10.328, 12.236, 17.805, 26.665, 33.339, 36.208, 37.605, 39.76, 42.222, 43.391, 43.247, 43.576, 44.04, 43.429, 43.033, 43.244, 43.23, 43.511, 44.277, 44.423, 44.054, 43.593, 43.359, 43.226, 42.463, 42.023, 42.302, 42.31, 42.089, 42.336, 42.714, 42.836, 42.804, 42.329, 41.601, 41.259, 41.04, 40.439, 39.991, 39.474, 38.867, 39.142, 40.218, 40.806, 40.444, 39.723, 39.187, 39.463, 40.135, 40.168, 40.081, 40.846, 41.501, 41.194, 41.097, 41.715, 42.264, 42.207, 41.987, 41.66, 40.91, 40.344, 40.403, 40.622, 40.38, 40.323, 40.538, 40.344, 39.599, 38.621, 38.173, 37.785, 37.208, 36.916, 37.2, 37.621, 37.513, 37.446, 37.84, 38.16, 38.108, 37.854, 37.701, 37.582, 37.34, 37.609, 38.42, 38.075, 36.49, 35.977, 36.28, 35.893, 35.733, 35.953, 35.56, 34.952, 34.869, 35.245, 35.517, 35.567, 35.404, 35.272, 35.188, 34.729, 34.187, 33.919, 33.732, 33.67, 34.085, 34.437, 34.557, 34.465, 34.349, 35.249, 36.455, 37.174, 37.071, 36.613, 36.314, 36.208, 36.446, 36.872, 37.196, 37.19, 37.161, 37.799, 38.169, 37.904, 37.819, 37.763, 36.891, 36.06, 35.794, 35.516, 35.555, 35.625, 35.365, 35.007, 34.777, 34.699, 35.053, 35.756, 36.312, 36.668, 36.945, 36.926, 36.718, 36.693, 36.78, 36.685, 36.505, 36.128, 36.403, 38.589, 40.963, 41.429, 41.196, 41.692, 42.276, 42.52, 42.476, 41.807, 40.978, 40.477, 40.306, 40.762, 41.636, 42.207, 42.064, 41.501, 41.295, 41.692, 42.482, 42.019, 39.42, 37.224, 37.132, 37.645, 37.994, 38.208, 38.441, 39.071, 39.192, 38.484, 37.516, 36.829, 37.175, 37.026, 30.041], [29.852, 29.818, 30.127, 29.179, 27.561, 25.844, 24.46, 23.09, 22.021, 21.906, 21.103, 19.557, 19.406, 19.23, 15.014, 7.146, 0.0, 4.903, 7.986, 13.482, 22.772, 29.97, 33.143, 34.74, 37.161, 39.878, 41.175, 41.075, 41.433, 41.926, 41.359, 41.068, 41.376, 41.389, 41.707, 42.533, 42.751, 42.555, 42.287, 42.139, 42.126, 41.727, 41.704, 42.121, 42.13, 42.034, 42.468, 42.923, 43.07, 43.076, 42.628, 41.891, 41.551, 41.363, 40.762, 40.312, 39.85, 39.24, 39.337, 40.215, 40.719, 40.384, 39.687, 39.087, 39.276, 39.889, 39.883, 39.781, 40.549, 41.194, 40.881, 40.795, 41.419, 41.987, 41.964, 41.766, 41.439, 40.691, 40.166, 40.275, 40.523, 40.29, 40.23, 40.494, 40.381, 39.725, 38.809, 38.383, 38.015, 37.457, 37.168, 37.463, 37.914, 37.844, 37.819, 38.23, 38.543, 38.487, 38.219, 38.058, 37.945, 37.723, 37.976, 38.747, 38.425, 36.922, 36.448, 36.704, 36.229, 35.963, 36.136, 35.782, 35.2, 35.106, 35.461, 35.738, 35.825, 35.691, 35.574, 35.514, 35.102, 34.585, 34.24, 33.901, 33.718, 34.059, 34.349, 34.399, 34.181, 33.859, 34.583, 35.757, 36.55, 36.565, 36.23, 36.01, 35.941, 36.205, 36.671, 37.018, 36.991, 36.908, 37.504, 37.856, 37.576, 37.485, 37.442, 36.65, 36.009, 35.966, 35.829, 35.922, 35.993, 35.73, 35.419, 35.235, 35.104, 35.342, 35.958, 36.434, 36.691, 36.887, 36.836, 36.627, 36.564, 36.625, 36.625, 36.622, 36.376, 36.684, 38.834, 41.182, 41.655, 41.425, 41.905, 42.462, 42.679, 42.614, 41.9, 40.975, 40.414, 40.242, 40.675, 41.547, 42.169, 42.061, 41.508, 41.315, 41.722, 42.521, 42.097, 39.527, 37.275, 37.079, 37.506, 37.801, 37.968, 38.112, 38.662, 38.799, 38.168, 37.329, 36.7, 37.01, 36.896, 30.592], [30.371, 30.355, 30.694, 29.792, 28.235, 26.616, 25.378, 24.188, 23.242, 23.14, 22.409, 20.961, 20.719, 20.468, 16.715, 10.328, 4.903, 0.0, 5.036, 12.241, 21.8, 28.941, 32.111, 33.745, 36.271, 39.105, 40.438, 40.348, 40.722, 41.221, 40.667, 40.422, 40.773, 40.792, 41.101, 41.947, 42.213, 42.068, 41.851, 41.727, 41.724, 41.393, 41.507, 42.002, 42.017, 41.943, 42.433, 42.93, 43.098, 43.122, 42.686, 41.946, 41.595, 41.414, 40.82, 40.366, 39.907, 39.3, 39.376, 40.237, 40.736, 40.406, 39.712, 39.103, 39.283, 39.885, 39.857, 39.741, 40.515, 41.165, 40.844, 40.744, 41.363, 41.93, 41.909, 41.714, 41.381, 40.626, 40.105, 40.223, 40.468, 40.215, 40.146, 40.438, 40.358, 39.722, 38.811, 38.386, 38.029, 37.482, 37.187, 37.476, 37.931, 37.874, 37.869, 38.291, 38.618, 38.583, 38.323, 38.157, 38.036, 37.809, 38.051, 38.804, 38.464, 36.945, 36.492, 36.771, 36.282, 35.976, 36.133, 35.791, 35.223, 35.14, 35.496, 35.769, 35.863, 35.738, 35.617, 35.553, 35.147, 34.615, 34.233, 33.85, 33.634, 33.961, 34.235, 34.264, 34.035, 33.71, 34.424, 35.593, 36.396, 36.414, 36.076, 35.872, 35.816, 36.083, 36.566, 36.925, 36.899, 36.819, 37.416, 37.762, 37.464, 37.364, 37.347, 36.61, 36.013, 35.988, 35.83, 35.888, 35.956, 35.698, 35.386, 35.202, 35.054, 35.265, 35.856, 36.312, 36.553, 36.756, 36.726, 36.521, 36.454, 36.517, 36.53, 36.53, 36.288, 36.615, 38.767, 41.11, 41.601, 41.387, 41.882, 42.454, 42.684, 42.622, 41.896, 40.96, 40.396, 40.226, 40.637, 41.487, 42.113, 42.007, 41.447, 41.25, 41.66, 42.463, 42.041, 39.468, 37.212, 37.0, 37.429, 37.742, 37.916, 38.052, 38.589, 38.724, 38.101, 37.284, 36.662, 36.966, 36.854, 31.109], [31.084, 31.069, 31.418, 30.576, 29.106, 27.659, 26.627, 25.589, 24.772, 24.749, 24.08, 22.67, 22.424, 22.215, 18.534, 12.236, 7.986, 5.036, 0.0, 9.223, 20.238, 27.878, 31.199, 32.979, 35.639, 38.561, 39.949, 39.871, 40.236, 40.749, 40.239, 40.031, 40.4, 40.445, 40.795, 41.666, 41.945, 41.835, 41.679, 41.594, 41.655, 41.445, 41.634, 42.15, 42.194, 42.153, 42.657, 43.17, 43.353, 43.39, 42.973, 42.248, 41.902, 41.726, 41.147, 40.705, 40.256, 39.648, 39.696, 40.505, 40.971, 40.663, 39.996, 39.39, 39.567, 40.158, 40.14, 40.035, 40.793, 41.423, 41.104, 41.0, 41.606, 42.162, 42.136, 41.939, 41.611, 40.883, 40.396, 40.514, 40.754, 40.506, 40.424, 40.704, 40.626, 40.014, 39.148, 38.754, 38.418, 37.895, 37.614, 37.893, 38.336, 38.299, 38.303, 38.69, 39.007, 38.985, 38.723, 38.554, 38.445, 38.241, 38.473, 39.175, 38.816, 37.317, 36.865, 37.118, 36.608, 36.286, 36.439, 36.127, 35.582, 35.481, 35.825, 36.093, 36.184, 36.069, 35.974, 35.936, 35.551, 35.052, 34.696, 34.311, 34.073, 34.373, 34.634, 34.64, 34.382, 33.999, 34.641, 35.778, 36.581, 36.631, 36.336, 36.157, 36.105, 36.355, 36.827, 37.179, 37.155, 37.084, 37.669, 38.001, 37.698, 37.585, 37.551, 36.821, 36.266, 36.3, 36.215, 36.332, 36.417, 36.162, 35.851, 35.664, 35.511, 35.699, 36.237, 36.643, 36.85, 37.055, 37.062, 36.886, 36.807, 36.859, 36.905, 36.951, 36.706, 36.969, 39.007, 41.269, 41.754, 41.559, 42.06, 42.632, 42.855, 42.79, 42.085, 41.17, 40.614, 40.447, 40.853, 41.697, 42.32, 42.222, 41.668, 41.464, 41.85, 42.634, 42.237, 39.757, 37.597, 37.396, 37.813, 38.107, 38.252, 38.362, 38.861, 38.976, 38.369, 37.57, 36.951, 37.233, 37.127, 31.788], [33.034, 33.032, 33.356, 32.587, 31.233, 30.163, 29.747, 29.21, 28.651, 28.661, 28.139, 26.913, 26.724, 26.783, 23.834, 17.805, 13.482, 12.241, 9.223, 0.0, 12.76, 22.159, 26.397, 28.535, 31.585, 34.877, 36.514, 36.575, 36.998, 37.579, 37.192, 37.137, 37.654, 37.843, 38.387, 39.393, 39.783, 39.959, 40.117, 40.171, 40.485, 40.935, 41.708, 42.368, 42.446, 42.618, 43.348, 43.949, 44.189, 44.289, 43.914, 43.204, 42.893, 42.757, 42.184, 41.746, 41.38, 40.764, 40.533, 40.962, 41.245, 41.011, 40.436, 39.739, 39.722, 40.212, 40.192, 40.117, 40.881, 41.486, 41.138, 41.035, 41.632, 42.209, 42.223, 42.043, 41.735, 41.061, 40.667, 40.856, 41.121, 40.921, 40.843, 41.119, 41.081, 40.559, 39.83, 39.522, 39.24, 38.791, 38.565, 38.842, 39.269, 39.262, 39.288, 39.631, 39.927, 39.91, 39.612, 39.416, 39.322, 39.149, 39.333, 39.92, 39.61, 38.361, 38.009, 38.148, 37.522, 37.076, 37.15, 36.926, 36.479, 36.396, 36.713, 36.964, 37.065, 36.974, 36.928, 36.952, 36.634, 36.251, 35.949, 35.494, 35.147, 35.292, 35.496, 35.452, 34.979, 34.191, 34.416, 35.382, 36.209, 36.436, 36.393, 36.368, 36.368, 36.604, 37.073, 37.433, 37.414, 37.328, 37.845, 38.125, 37.811, 37.685, 37.633, 37.013, 36.751, 37.134, 37.359, 37.647, 37.753, 37.502, 37.246, 37.093, 36.885, 36.897, 37.244, 37.51, 37.586, 37.661, 37.625, 37.48, 37.325, 37.298, 37.497, 37.859, 37.782, 37.949, 39.737, 41.818, 42.268, 42.107, 42.604, 43.117, 43.269, 43.175, 42.453, 41.487, 40.919, 40.761, 41.146, 42.007, 42.695, 42.665, 42.201, 42.068, 42.446, 43.212, 42.902, 40.585, 38.471, 38.183, 38.48, 38.643, 38.674, 38.653, 38.975, 39.042, 38.588, 38.014, 37.488, 37.705, 37.688, 33.639], [36.97, 36.979, 37.272, 36.645, 35.49, 34.823, 35.0, 34.996, 34.692, 34.648, 34.282, 33.326, 33.1, 33.287, 31.366, 26.665, 22.772, 21.8, 20.238, 12.76, 0.0, 11.452, 17.831, 20.733, 24.104, 28.021, 30.187, 30.606, 31.235, 31.939, 31.745, 32.009, 32.863, 33.37, 34.313, 35.585, 36.202, 36.984, 37.743, 38.021, 38.672, 40.181, 42.024, 43.0, 43.098, 43.594, 44.72, 45.489, 45.828, 46.015, 45.695, 45.028, 44.761, 44.679, 44.144, 43.721, 43.462, 42.863, 42.215, 42.04, 42.023, 41.893, 41.434, 40.578, 40.213, 40.505, 40.455, 40.396, 41.127, 41.671, 41.293, 41.211, 41.781, 42.371, 42.453, 42.322, 42.048, 41.448, 41.194, 41.548, 41.861, 41.714, 41.631, 41.935, 41.997, 41.607, 41.068, 40.885, 40.694, 40.366, 40.243, 40.541, 40.949, 40.974, 41.041, 41.354, 41.625, 41.637, 41.329, 41.093, 40.971, 40.769, 40.839, 41.267, 41.072, 40.264, 40.113, 40.124, 39.357, 38.671, 38.575, 38.499, 38.264, 38.254, 38.502, 38.714, 38.848, 38.794, 38.796, 38.89, 38.672, 38.443, 38.149, 37.561, 37.073, 36.975, 37.096, 37.028, 36.302, 35.01, 34.643, 35.316, 36.124, 36.564, 36.878, 37.106, 37.191, 37.379, 37.815, 38.177, 38.162, 38.068, 38.49, 38.677, 38.332, 38.185, 38.144, 37.776, 37.97, 38.815, 39.371, 39.78, 39.893, 39.666, 39.485, 39.382, 39.099, 38.868, 38.966, 39.074, 39.018, 38.91, 38.775, 38.659, 38.428, 38.313, 38.691, 39.433, 39.592, 39.646, 40.991, 42.708, 43.086, 42.98, 43.447, 43.859, 43.921, 43.795, 43.061, 42.052, 41.493, 41.356, 41.659, 42.486, 43.263, 43.34, 43.032, 43.03, 43.408, 44.134, 43.937, 41.854, 39.778, 39.309, 39.421, 39.437, 39.361, 39.199, 39.293, 39.282, 39.085, 38.974, 38.673, 38.802, 38.927, 37.392], [40.561, 40.561, 40.811, 40.291, 39.336, 38.959, 39.453, 39.732, 39.587, 39.473, 39.155, 38.407, 38.162, 38.338, 37.028, 33.339, 29.97, 28.941, 27.878, 22.159, 11.452, 0.0, 8.628, 13.383, 17.051, 21.178, 23.891, 24.76, 25.638, 26.477, 26.513, 27.162, 28.391, 29.207, 30.537, 32.082, 32.969, 34.523, 36.052, 36.613, 37.525, 39.952, 42.755, 44.034, 44.154, 44.875, 46.302, 47.189, 47.57, 47.784, 47.518, 46.937, 46.715, 46.67, 46.225, 45.848, 45.663, 45.141, 44.262, 43.654, 43.39, 43.318, 42.939, 42.005, 41.367, 41.394, 41.28, 41.221, 41.814, 42.225, 41.854, 41.814, 42.339, 42.901, 43.017, 42.923, 42.682, 42.146, 42.02, 42.59, 43.016, 42.9, 42.797, 43.151, 43.328, 43.077, 42.726, 42.661, 42.536, 42.294, 42.243, 42.573, 42.982, 43.045, 43.15, 43.419, 43.652, 43.666, 43.374, 43.129, 42.985, 42.79, 42.806, 43.132, 43.023, 42.502, 42.439, 42.375, 41.556, 40.716, 40.499, 40.554, 40.489, 40.496, 40.669, 40.871, 41.039, 41.012, 41.029, 41.171, 41.077, 40.98, 40.605, 39.852, 39.225, 38.93, 38.979, 38.909, 38.054, 36.457, 35.668, 36.11, 36.872, 37.437, 38.031, 38.485, 38.61, 38.708, 39.092, 39.445, 39.416, 39.307, 39.632, 39.706, 39.338, 39.172, 39.139, 39.013, 39.56, 40.697, 41.423, 41.854, 41.975, 41.791, 41.67, 41.621, 41.343, 41.012, 40.948, 40.932, 40.772, 40.531, 40.322, 40.247, 40.052, 39.984, 40.473, 41.404, 41.711, 41.664, 42.513, 43.786, 44.093, 44.051, 44.475, 44.792, 44.783, 44.633, 43.886, 42.838, 42.291, 42.184, 42.4, 43.154, 43.994, 44.173, 44.004, 44.085, 44.409, 45.038, 44.901, 43.053, 41.126, 40.514, 40.429, 40.347, 40.229, 39.95, 39.847, 39.775, 39.782, 40.103, 40.07, 40.122, 40.349, 40.79], [41.949, 41.956, 42.19, 41.716, 40.839, 40.567, 41.193, 41.614, 41.564, 41.421, 41.129, 40.531, 40.334, 40.482, 39.404, 36.208, 33.143, 32.111, 31.199, 26.397, 17.831, 8.628, 0.0, 7.177, 12.687, 17.147, 19.85, 20.805, 21.809, 22.789, 23.043, 23.96, 25.444, 26.446, 27.964, 29.656, 30.786, 32.981, 35.125, 35.917, 36.947, 39.835, 43.132, 44.567, 44.705, 45.524, 47.111, 48.039, 48.404, 48.614, 48.374, 47.843, 47.65, 47.63, 47.24, 46.885, 46.735, 46.303, 45.382, 44.602, 44.228, 44.172, 43.824, 42.883, 42.153, 42.025, 41.861, 41.803, 42.293, 42.586, 42.211, 42.213, 42.746, 43.307, 43.451, 43.374, 43.137, 42.613, 42.536, 43.217, 43.732, 43.646, 43.54, 43.915, 44.154, 44.012, 43.812, 43.81, 43.684, 43.455, 43.417, 43.76, 44.183, 44.265, 44.375, 44.61, 44.818, 44.807, 44.509, 44.26, 44.112, 43.953, 43.987, 44.308, 44.23, 43.771, 43.712, 43.633, 42.823, 41.954, 41.702, 41.822, 41.832, 41.804, 41.93, 42.144, 42.329, 42.303, 42.311, 42.469, 42.454, 42.425, 41.995, 41.159, 40.449, 40.051, 40.07, 39.999, 39.124, 37.435, 36.462, 36.775, 37.495, 38.103, 38.833, 39.398, 39.527, 39.578, 39.963, 40.325, 40.269, 40.128, 40.389, 40.393, 40.006, 39.828, 39.795, 39.753, 40.418, 41.679, 42.492, 42.918, 43.05, 42.903, 42.805, 42.778, 42.532, 42.212, 42.1, 42.031, 41.796, 41.47, 41.206, 41.131, 40.977, 40.969, 41.484, 42.467, 42.813, 42.714, 43.328, 44.408, 44.706, 44.71, 45.138, 45.437, 45.408, 45.24, 44.438, 43.317, 42.775, 42.704, 42.888, 43.589, 44.442, 44.67, 44.585, 44.705, 44.969, 45.513, 45.364, 43.606, 41.806, 41.13, 40.922, 40.807, 40.723, 40.391, 40.176, 40.083, 40.193, 40.73, 40.846, 40.843, 41.103, 42.092], [42.581, 42.603, 42.87, 42.441, 41.586, 41.296, 41.915, 42.359, 42.338, 42.224, 41.988, 41.477, 41.318, 41.455, 40.508, 37.605, 34.74, 33.745, 32.979, 28.535, 20.733, 13.383, 7.177, 0.0, 7.821, 14.316, 17.307, 17.982, 19.016, 20.21, 20.628, 21.7, 23.41, 24.641, 26.326, 28.056, 29.295, 31.86, 34.307, 35.187, 36.223, 39.27, 42.799, 44.319, 44.46, 45.349, 47.06, 48.052, 48.449, 48.701, 48.487, 47.962, 47.774, 47.77, 47.381, 47.011, 46.852, 46.433, 45.505, 44.694, 44.311, 44.271, 43.923, 42.954, 42.184, 42.03, 41.857, 41.81, 42.309, 42.593, 42.221, 42.255, 42.83, 43.399, 43.547, 43.475, 43.229, 42.71, 42.66, 43.38, 43.923, 43.861, 43.777, 44.149, 44.384, 44.278, 44.13, 44.126, 43.967, 43.718, 43.675, 44.011, 44.416, 44.477, 44.573, 44.798, 45.008, 45.0, 44.683, 44.422, 44.272, 44.106, 44.143, 44.49, 44.426, 43.96, 43.919, 43.873, 43.079, 42.201, 41.934, 42.048, 42.074, 42.049, 42.174, 42.399, 42.591, 42.567, 42.559, 42.718, 42.734, 42.733, 42.317, 41.469, 40.701, 40.209, 40.201, 40.135, 39.267, 37.577, 36.559, 36.836, 37.574, 38.213, 38.97, 39.541, 39.665, 39.712, 40.116, 40.485, 40.396, 40.237, 40.509, 40.508, 40.097, 39.903, 39.883, 39.861, 40.54, 41.867, 42.747, 43.177, 43.314, 43.185, 43.082, 43.045, 42.822, 42.525, 42.402, 42.311, 42.053, 41.705, 41.421, 41.315, 41.129, 41.081, 41.578, 42.588, 42.93, 42.814, 43.457, 44.59, 44.917, 44.93, 45.375, 45.701, 45.693, 45.526, 44.687, 43.525, 42.982, 42.926, 43.109, 43.785, 44.624, 44.863, 44.816, 44.963, 45.222, 45.749, 45.576, 43.783, 41.991, 41.298, 41.087, 40.998, 40.993, 40.698, 40.485, 40.384, 40.5, 41.045, 41.122, 41.072, 41.307, 42.724], [44.009, 44.039, 44.349, 43.999, 43.237, 42.955, 43.481, 43.854, 43.844, 43.782, 43.586, 43.114, 42.955, 43.074, 42.318, 39.76, 37.161, 36.271, 35.639, 31.585, 24.104, 17.051, 12.687, 7.821, 0.0, 8.647, 13.092, 14.002, 15.055, 16.538, 17.26, 18.664, 20.744, 22.339, 24.386, 26.298, 27.688, 30.682, 33.459, 34.436, 35.544, 38.837, 42.636, 44.257, 44.418, 45.375, 47.164, 48.193, 48.621, 48.927, 48.763, 48.263, 48.072, 48.073, 47.707, 47.34, 47.169, 46.754, 45.817, 44.963, 44.582, 44.581, 44.265, 43.285, 42.436, 42.248, 42.123, 42.145, 42.698, 43.002, 42.643, 42.694, 43.285, 43.844, 43.978, 43.907, 43.676, 43.184, 43.163, 43.906, 44.44, 44.375, 44.283, 44.62, 44.834, 44.725, 44.563, 44.541, 44.379, 44.143, 44.102, 44.419, 44.784, 44.819, 44.914, 45.133, 45.334, 45.323, 44.996, 44.736, 44.598, 44.441, 44.462, 44.772, 44.714, 44.322, 44.295, 44.23, 43.461, 42.611, 42.34, 42.436, 42.476, 42.504, 42.651, 42.87, 43.068, 43.058, 43.053, 43.209, 43.239, 43.284, 42.93, 42.11, 41.328, 40.791, 40.765, 40.69, 39.804, 38.073, 36.93, 37.089, 37.807, 38.486, 39.2