[[0.0, 5.651, 12.888, 19.158, 22.996, 26.61, 34.763, 47.708, 58.91, 61.994, 61.923, 61.0, 59.386, 57.835, 57.294, 57.128, 56.79, 56.579, 56.661, 56.518, 56.064, 55.613, 55.262, 54.955, 54.784, 54.9, 55.227, 55.333, 54.93, 54.338, 54.015, 53.729, 53.13, 52.783, 53.17, 53.54, 53.798, 53.787, 52.954, 52.083, 51.852, 51.543, 51.683, 51.846, 52.11, 50.86, 50.593, 53.313, 53.338, 53.267, 53.871, 54.748, 55.328, 55.32, 54.953, 54.569, 54.195, 53.824, 53.613, 53.644, 53.628, 53.411, 53.159, 53.052, 53.133, 53.312, 53.502, 53.687, 53.73, 53.483, 53.459, 53.875, 54.255, 53.787, 53.264, 52.866, 53.038, 53.84, 54.089, 53.618, 53.012, 52.963, 53.032, 53.154, 53.077, 52.486, 52.059, 52.19, 52.893, 53.91, 54.657, 54.564, 53.842, 53.036, 52.68, 52.777, 52.764, 52.743, 53.106, 53.165, 53.206, 53.219, 53.292, 53.381, 53.465, 53.458, 53.315, 53.255, 53.311, 53.316, 53.243, 53.315, 53.692, 53.711, 53.476, 53.572, 54.28, 55.171, 55.076, 54.356, 53.818, 53.904, 53.99, 53.841, 53.474, 53.514, 53.486, 53.4, 53.38, 53.453, 53.574, 53.811, 54.145, 54.39, 54.5, 54.563, 54.666, 54.722, 54.611, 54.531, 54.655, 54.911, 54.75, 54.405, 53.978, 53.053, 52.455, 52.23, 52.419, 52.59, 52.674, 52.745, 52.725, 52.569, 52.208, 52.269, 52.583, 52.787, 52.922, 52.686, 52.382, 52.367, 52.685, 52.999, 53.152, 53.225, 53.354, 53.3, 53.162, 53.22, 53.179, 52.97, 53.007, 53.516, 54.311, 54.687, 54.373, 54.094, 53.879, 53.588, 53.448, 53.203, 52.876, 51.599, 51.135, 52.747, 53.463, 53.304, 53.881, 54.933, 55.374, 55.587, 55.912, 56.096, 56.11, 55.996, 55.738, 55.696, 56.597, 58.198, 58.732, 58.13, 57.644, 57.575, 57.929, 5.102], [5.651, 0.0, 8.159, 15.437, 19.838, 23.673, 32.35, 46.337, 58.569, 61.972, 61.855, 60.921, 59.308, 57.719, 57.126, 56.93, 56.572, 56.345, 56.427, 56.294, 55.83, 55.351, 54.971, 54.646, 54.477, 54.61, 54.952, 55.049, 54.613, 53.98, 53.624, 53.294, 52.603, 52.18, 52.571, 52.989, 53.26, 53.254, 52.39, 51.424, 51.109, 50.825, 51.07, 51.281, 51.504, 50.405, 50.476, 53.23, 53.149, 53.088, 53.764, 54.646, 55.161, 55.086, 54.672, 54.261, 53.867, 53.482, 53.272, 53.314, 53.301, 53.079, 52.821, 52.715, 52.798, 52.978, 53.177, 53.383, 53.427, 53.167, 53.153, 53.533, 53.855, 53.425, 52.936, 52.431, 52.412, 53.187, 53.585, 53.194, 52.589, 52.51, 52.496, 52.561, 52.512, 51.906, 51.434, 51.56, 52.266, 53.356, 54.176, 54.133, 53.416, 52.586, 52.212, 52.296, 52.223, 52.167, 52.553, 52.615, 52.651, 52.671, 52.754, 52.851, 52.935, 52.926, 52.793, 52.747, 52.809, 52.812, 52.722, 52.756, 53.11, 53.158, 52.919, 52.977, 53.727, 54.678, 54.6, 53.851, 53.299, 53.409, 53.488, 53.271, 52.864, 52.903, 52.878, 52.793, 52.764, 52.832, 52.954, 53.182, 53.51, 53.769, 53.901, 53.984, 54.106, 54.194, 54.114, 54.034, 54.162, 54.474, 54.37, 54.009, 53.46, 52.425, 51.785, 51.595, 51.817, 52.009, 52.095, 52.153, 52.14, 51.995, 51.661, 51.766, 52.108, 52.301, 52.403, 52.154, 51.837, 51.781, 52.109, 52.45, 52.594, 52.662, 52.799, 52.748, 52.603, 52.661, 52.628, 52.411, 52.437, 52.976, 53.825, 54.23, 53.929, 53.65, 53.427, 53.13, 52.977, 52.697, 52.304, 50.907, 50.414, 52.184, 52.982, 52.796, 53.369, 54.474, 54.978, 55.237, 55.591, 55.775, 55.777, 55.664, 55.413, 55.394, 56.343, 57.991, 58.535, 57.915, 57.415, 57.339, 57.701, 9.443], [12.888, 8.159, 0.0, 8.529, 14.337, 18.708, 28.206, 43.999, 57.939, 61.91, 61.772, 60.85, 59.256, 57.656, 57.047, 56.827, 56.441, 56.198, 56.287, 56.168, 55.702, 55.191, 54.781, 54.44, 54.272, 54.412, 54.751, 54.831, 54.37, 53.704, 53.299, 52.917, 52.15, 51.662, 51.99, 52.398, 52.692, 52.703, 51.811, 50.743, 50.31, 50.031, 50.44, 50.737, 50.943, 50.11, 50.547, 53.287, 53.055, 52.998, 53.826, 54.727, 55.129, 54.943, 54.456, 54.002, 53.575, 53.175, 52.974, 53.03, 53.021, 52.798, 52.539, 52.43, 52.511, 52.685, 52.897, 53.135, 53.186, 52.9, 52.897, 53.254, 53.49, 53.115, 52.728, 52.111, 51.824, 52.536, 53.068, 52.756, 52.165, 52.054, 51.929, 51.924, 51.916, 51.299, 50.779, 50.924, 51.635, 52.801, 53.706, 53.697, 52.967, 52.115, 51.718, 51.786, 51.66, 51.588, 51.999, 52.057, 52.084, 52.108, 52.203, 52.309, 52.396, 52.384, 52.264, 52.237, 52.307, 52.303, 52.19, 52.18, 52.528, 52.63, 52.39, 52.4, 53.207, 54.25, 54.233, 53.474, 52.903, 53.019, 53.072, 52.777, 52.329, 52.373, 52.351, 52.262, 52.216, 52.27, 52.382, 52.598, 52.932, 53.223, 53.388, 53.499, 53.646, 53.765, 53.702, 53.606, 53.742, 54.109, 54.042, 53.639, 52.953, 51.804, 51.094, 50.922, 51.17, 51.394, 51.511, 51.557, 51.554, 51.452, 51.168, 51.308, 51.668, 51.839, 51.884, 51.62, 51.297, 51.213, 51.566, 51.939, 52.068, 52.131, 52.282, 52.239, 52.081, 52.132, 52.126, 51.92, 51.922, 52.465, 53.354, 53.789, 53.514, 53.243, 53.013, 52.713, 52.549, 52.239, 51.768, 50.201, 49.654, 51.629, 52.533, 52.306, 52.882, 54.081, 54.681, 55.002, 55.395, 55.586, 55.58, 55.476, 55.248, 55.261, 56.262, 57.958, 58.517, 57.887, 57.381, 57.308, 57.68, 15.196], [19.158, 15.437, 8.529, 0.0, 7.467, 13.247, 24.151, 41.633, 57.001, 61.462, 61.325, 60.433, 58.869, 57.287, 56.685, 56.456, 56.058, 55.806, 55.891, 55.786, 55.321, 54.777, 54.334, 53.979, 53.819, 53.964, 54.296, 54.368, 53.91, 53.258, 52.846, 52.426, 51.581, 51.012, 51.244, 51.626, 51.948, 51.982, 51.089, 49.984, 49.51, 49.203, 49.714, 50.119, 50.323, 49.722, 50.589, 53.397, 53.047, 52.981, 54.0, 54.961, 55.273, 54.998, 54.448, 53.949, 53.487, 53.068, 52.873, 52.944, 52.946, 52.725, 52.458, 52.35, 52.44, 52.62, 52.848, 53.122, 53.178, 52.865, 52.882, 53.223, 53.301, 52.862, 52.629, 51.964, 51.393, 51.963, 52.564, 52.368, 51.825, 51.691, 51.472, 51.434, 51.475, 50.831, 50.196, 50.341, 51.031, 52.224, 53.21, 53.252, 52.541, 51.695, 51.293, 51.346, 51.164, 51.124, 51.588, 51.63, 51.633, 51.646, 51.735, 51.845, 51.934, 51.903, 51.763, 51.741, 51.827, 51.832, 51.705, 51.654, 51.977, 52.102, 51.848, 51.806, 52.629, 53.713, 53.737, 52.979, 52.393, 52.501, 52.521, 52.16, 51.69, 51.769, 51.752, 51.65, 51.598, 51.645, 51.748, 51.957, 52.303, 52.614, 52.792, 52.917, 53.074, 53.219, 53.201, 53.106, 53.234, 53.651, 53.639, 53.255, 52.501, 51.296, 50.529, 50.348, 50.618, 50.883, 51.05, 51.06, 51.013, 50.955, 50.719, 50.844, 51.188, 51.349, 51.355, 51.089, 50.796, 50.741, 51.128, 51.52, 51.627, 51.694, 51.862, 51.81, 51.62, 51.661, 51.673, 51.47, 51.474, 52.061, 52.986, 53.418, 53.145, 52.896, 52.662, 52.32, 52.121, 51.778, 51.252, 49.562, 48.872, 50.897, 51.879, 51.663, 52.233, 53.492, 54.173, 54.546, 54.973, 55.171, 55.159, 55.065, 54.857, 54.906, 55.965, 57.707, 58.272, 57.624, 57.112, 57.041, 57.419, 20.674], [22.996, 19.838, 14.337, 7.467, 0.0, 8.323, 23.019, 41.604, 56.956, 61.324, 61.174, 60.367, 58.893, 57.383, 56.822, 56.593, 56.209, 55.985, 56.079, 55.984, 55.545, 55.016, 54.579, 54.245, 54.113, 54.264, 54.588, 54.666, 54.248, 53.681, 53.332, 52.899, 51.981, 51.339, 51.569, 51.989, 52.323, 52.354, 51.523, 50.503, 50.097, 49.708, 50.166, 50.639, 50.841, 50.243, 51.3, 54.057, 53.649, 53.646, 54.75, 55.674, 55.905, 55.602, 55.055, 54.564, 54.106, 53.686, 53.486, 53.553, 53.556, 53.341, 53.078, 52.978, 53.082, 53.267, 53.499, 53.775, 53.816, 53.509, 53.537, 53.782, 53.688, 53.193, 53.047, 52.337, 51.697, 52.365, 53.07, 52.986, 52.542, 52.438, 52.203, 52.208, 52.303, 51.659, 50.921, 51.042, 51.666, 52.724, 53.664, 53.726, 53.076, 52.298, 51.915, 51.961, 51.758, 51.701, 52.194, 52.254, 52.252, 52.257, 52.336, 52.433, 52.504, 52.44, 52.264, 52.222, 52.311, 52.327, 52.207, 52.143, 52.416, 52.51, 52.254, 52.184, 52.901, 53.891, 53.886, 53.155, 52.597, 52.698, 52.69, 52.318, 51.877, 51.983, 51.966, 51.862, 51.82, 51.879, 51.991, 52.196, 52.525, 52.817, 52.985, 53.104, 53.243, 53.431, 53.531, 53.469, 53.551, 53.991, 54.089, 53.829, 53.139, 52.028, 51.309, 51.057, 51.289, 51.57, 51.75, 51.696, 51.578, 51.554, 51.326, 51.388, 51.686, 51.855, 51.872, 51.618, 51.362, 51.322, 51.68, 52.054, 52.147, 52.216, 52.378, 52.303, 52.101, 52.145, 52.16, 51.971, 51.995, 52.591, 53.489, 53.894, 53.603, 53.371, 53.155, 52.797, 52.594, 52.272, 51.796, 50.113, 49.092, 50.815, 51.811, 51.69, 52.192, 53.376, 54.034, 54.4, 54.82, 55.02, 55.018, 54.933, 54.72, 54.752, 55.782, 57.491, 58.037, 57.38, 56.872, 56.806, 57.184, 24.371], [26.61, 23.673, 18.708, 13.247, 8.323, 0.0, 18.6, 39.938, 56.31, 60.898, 60.779, 60.046, 58.697, 57.286, 56.735, 56.454, 56.063, 55.898, 56.051, 55.986, 55.569, 55.062, 54.642, 54.321, 54.208, 54.374, 54.71, 54.811, 54.445, 53.957, 53.647, 53.2, 52.256, 51.597, 51.908, 52.415, 52.761, 52.774, 52.005, 51.088, 50.703, 50.261, 50.719, 51.243, 51.423, 50.778, 51.801, 54.441, 54.05, 54.044, 55.148, 56.078, 56.299, 55.97, 55.4, 54.901, 54.452, 54.048, 53.856, 53.918, 53.914, 53.703, 53.451, 53.355, 53.456, 53.633, 53.859, 54.137, 54.185, 53.884, 53.903, 54.119, 53.979, 53.503, 53.418, 52.692, 52.036, 52.733, 53.476, 53.458, 53.11, 53.027, 52.802, 52.838, 52.951, 52.34, 51.6, 51.752, 52.354, 53.294, 54.134, 54.162, 53.538, 52.779, 52.393, 52.441, 52.251, 52.164, 52.62, 52.696, 52.702, 52.696, 52.757, 52.837, 52.887, 52.806, 52.625, 52.588, 52.685, 52.711, 52.599, 52.532, 52.791, 52.89, 52.647, 52.564, 53.223, 54.162, 54.146, 53.436, 52.912, 53.001, 52.95, 52.571, 52.159, 52.274, 52.253, 52.159, 52.134, 52.205, 52.324, 52.54, 52.877, 53.165, 53.329, 53.446, 53.576, 53.784, 53.929, 53.872, 53.918, 54.347, 54.478, 54.332, 53.808, 52.785, 52.013, 51.63, 51.817, 52.104, 52.305, 52.245, 52.073, 52.064, 51.866, 51.895, 52.145, 52.293, 52.311, 52.072, 51.874, 51.917, 52.306, 52.659, 52.72, 52.781, 52.939, 52.856, 52.658, 52.696, 52.699, 52.512, 52.541, 53.138, 53.98, 54.308, 53.949, 53.711, 53.52, 53.162, 52.972, 52.685, 52.266, 50.599, 49.342, 50.859, 51.883, 51.808, 52.256, 53.408, 54.071, 54.447, 54.873, 55.069, 55.064, 54.985, 54.783, 54.812, 55.807, 57.479, 58.009, 57.35, 56.847, 56.785, 57.163, 27.858], [34.763, 32.35, 28.206, 24.151, 23.019, 18.6, 0.0, 27.218, 50.173, 57.353, 57.413, 56.6, 55.367, 54.17, 53.632, 53.277, 52.844, 52.682, 52.898, 52.896, 52.438, 51.79, 51.242, 50.837, 50.689, 50.875, 51.288, 51.513, 51.279, 50.818, 50.372, 49.882, 49.21, 48.859, 49.364, 50.013, 50.405, 50.391, 49.589, 48.699, 48.169, 47.796, 48.506, 49.141, 49.282, 49.11, 51.012, 54.129, 53.716, 53.417, 54.709, 55.945, 56.233, 55.779, 55.029, 54.387, 53.858, 53.434, 53.267, 53.361, 53.371, 53.179, 52.945, 52.865, 52.977, 53.16, 53.416, 53.784, 53.886, 53.499, 53.54, 53.916, 53.544, 52.686, 52.863, 52.326, 51.005, 50.796, 51.27, 51.484, 51.306, 51.176, 50.746, 50.618, 50.769, 50.269, 49.576, 49.761, 50.354, 51.393, 52.403, 52.542, 51.921, 51.054, 50.638, 50.638, 50.377, 50.436, 50.883, 50.842, 50.786, 50.763, 50.8, 50.883, 50.95, 50.875, 50.716, 50.732, 50.882, 50.934, 50.787, 50.567, 50.746, 50.978, 50.737, 50.571, 51.381, 52.466, 52.521, 51.758, 51.214, 51.284, 51.154, 50.653, 50.185, 50.341, 50.35, 50.252, 50.235, 50.292, 50.38, 50.605, 51.019, 51.393, 51.581, 51.699, 51.878, 52.095, 52.174, 52.072, 52.149, 52.651, 52.775, 52.676, 52.148, 50.907, 49.847, 49.499, 49.754, 50.074, 50.384, 50.383, 50.192, 50.176, 50.047, 50.103, 50.38, 50.518, 50.443, 50.221, 50.115, 50.256, 50.713, 51.04, 51.035, 51.108, 51.322, 51.278, 51.068, 51.077, 51.072, 50.85, 50.941, 51.678, 52.521, 52.676, 52.273, 52.09, 51.869, 51.331, 50.98, 50.568, 49.956, 48.322, 47.456, 49.309, 50.397, 50.225, 50.73, 52.097, 52.951, 53.467, 53.985, 54.165, 54.1, 54.035, 53.917, 54.085, 55.254, 57.059, 57.617, 56.967, 56.494, 56.432, 56.803, 35.562], [47.708, 46.337, 43.999, 41.633, 41.604, 39.938, 27.218, 0.0, 31.031, 43.545, 44.835, 44.553, 44.26, 44.225, 44.44, 44.554, 44.396, 44.317, 44.625, 44.856, 44.567, 43.917, 43.476, 43.32, 43.273, 43.356, 43.744, 44.346, 44.931, 45.232, 44.968, 44.782, 45.682, 47.391, 49.264, 50.473, 51.004, 50.805, 50.04, 49.75, 49.567, 49.094, 49.493, 50.048, 50.208, 50.377, 52.569, 55.601, 55.234, 54.782, 55.939, 57.061, 57.322, 56.954, 56.335, 55.79, 55.347, 55.029, 54.94, 55.045, 55.056, 54.907, 54.74, 54.726, 54.854, 55.024, 55.265, 55.598, 55.655, 55.207, 55.214, 55.617, 55.071, 53.386, 53.627, 53.749, 52.678, 51.539, 51.365, 52.111, 52.418, 52.424, 52.032, 51.782, 51.795, 51.53, 50.881, 50.85, 51.219, 51.739, 52.582, 52.881, 52.596, 51.948, 51.568, 51.423, 51.156, 51.438, 51.983, 51.883, 51.849, 51.97, 52.103, 52.176, 52.172, 51.993, 51.698, 51.628, 51.756, 51.827, 51.678, 51.22, 51.072, 51.397, 51.472, 51.599, 52.334, 53.132, 52.907, 51.971, 51.503, 51.608, 51.288, 50.404, 49.725, 49.8, 49.815, 49.698, 49.684, 49.732, 49.789, 50.029, 50.491, 50.886, 51.031, 51.046, 51.136, 51.442, 51.754, 51.798, 51.849, 52.359, 52.798, 53.061, 52.631, 51.945, 51.57, 51.462, 51.633, 51.841, 52.141, 52.124, 51.949, 51.97, 51.794, 51.703, 51.951, 52.19, 52.131, 51.998, 52.137, 52.286, 52.154, 51.94, 51.745, 51.841, 52.055, 52.052, 51.943, 52.011, 52.031, 51.98, 52.368, 53.095, 53.461, 53.132, 52.666, 52.563, 52.298, 51.554, 51.142, 50.852, 50.442, 49.495, 48.861, 49.762, 50.718, 50.703, 51.03, 52.1, 52.818, 53.266, 53.654, 53.705, 53.627, 53.64, 53.577, 53.668, 54.595, 56.189, 56.745, 56.249, 55.989, 56.059, 56.45, 48.077], [58.91, 58.569, 57.939, 57.001, 56.956, 56.31, 50.173, 31.031, 0.0, 20.011, 25.394, 27.268, 29.865, 33.03, 35.445, 36.825, 37.455, 37.793, 38.289, 38.831, 39.061, 39.132, 39.684, 40.446, 40.692, 40.568, 40.889, 42.102, 43.989, 45.668, 46.179, 46.681, 49.442, 53.581, 57.036, 58.565, 58.882, 58.379, 57.968, 58.914, 59.815, 59.241, 58.904, 59.061, 59.195, 58.474, 58.463, 59.981, 59.878, 59.609, 60.178, 60.887, 61.275, 61.256, 61.031, 60.847, 60.717, 60.662, 60.698, 60.774, 60.775, 60.721, 60.674, 60.719, 60.811, 60.915, 61.065, 61.233, 61.22, 60.917, 60.818, 61.056, 61.168, 59.393, 59.448, 60.149, 60.269, 59.299, 58.668, 59.742, 60.467, 60.709, 60.889, 61.035, 60.91, 60.7, 60.123, 59.942, 59.932, 59.418, 59.47, 59.545, 59.632, 59.543, 59.277, 59.091, 59.085, 59.291, 59.712, 59.754, 59.923, 60.205, 60.429, 60.433, 60.238, 59.826, 59.245, 58.932, 58.941, 58.985, 58.904, 58.599, 58.482, 58.762, 59.233, 59.855, 60.094, 60.264, 59.655, 58.66, 58.411, 58.519, 58.08, 57.137, 56.307, 56.113, 56.04, 55.94, 55.981, 56.082, 56.166, 56.455, 56.888, 57.116, 57.06, 56.815, 56.615, 56.852, 57.353, 57.59, 57.543, 57.539, 57.866, 58.682, 59.272, 60.312, 61.319, 61.282, 61.241, 61.279, 61.48, 61.394, 61.203, 61.364, 61.168, 60.856, 60.952, 61.234, 61.325, 61.28, 61.566, 61.574, 60.695, 59.919, 59.62, 59.687, 59.754, 59.746, 59.88, 60.102, 60.087, 60.267, 60.876, 61.241, 60.96, 60.298, 59.579, 59.291, 59.016, 58.313, 58.138, 58.355, 58.752, 58.577, 57.142, 56.133, 57.011, 57.305, 57.176, 57.388, 57.538, 57.624, 57.673, 57.585, 57.585, 57.682, 57.595, 57.39, 57.567, 58.39, 58.822, 58.61, 58.611, 58.816, 59.173, 59.011], [61.994, 61.972, 61.91, 61.462, 61.324, 60.898, 57.353, 43.545, 20.011, 0.0, 10.975, 17.056, 22.731, 28.187, 31.836, 33.755, 34.747, 35.3, 35.813, 36.4, 36.906, 37.589, 38.916, 40.282, 40.738, 40.631, 41.073, 42.633, 44.983, 47.126, 48.092, 48.887, 52.009, 56.952, 61.077, 62.747, 62.971, 62.393, 62.167, 63.577, 64.927, 64.393, 63.837, 63.856, 64.018, 62.681, 61.643, 62.695, 62.728, 62.475, 62.743, 63.366, 63.859, 63.962, 63.888, 63.868, 63.862, 63.88, 63.934, 63.991, 63.995, 63.977, 63.975, 64.05, 64.143, 64.232, 64.358, 64.491, 64.505, 64.302, 64.185, 64.381, 64.715, 63.075, 62.89, 63.552, 64.208, 63.655, 62.698, 63.495, 64.314, 64.754, 65.275, 65.626, 65.459, 65.235, 64.866, 64.883, 64.742, 63.843, 63.855, 63.97, 64.14, 64.131, 63.823, 63.664, 63.703, 63.698, 63.991, 64.082, 64.333, 64.626, 64.836, 64.809, 64.546, 64.05, 63.366, 62.955, 62.923, 62.959, 62.938, 62.783, 62.746, 62.972, 63.51, 64.191, 64.207, 64.059, 63.301, 62.402, 62.31, 62.444, 62.079, 61.277, 60.421, 60.062, 59.891, 59.787, 59.847, 59.967, 60.07, 60.4, 60.806, 60.896, 60.715, 60.358, 60.022, 60.124, 60.471, 60.636, 60.479, 60.223, 60.476, 61.545, 62.896, 64.803, 66.328, 66.287, 66.201, 66.221, 66.331, 66.069, 65.768, 65.974, 65.801, 65.44, 65.483, 65.783, 65.942, 65.915, 66.254, 66.266, 65.251, 64.392, 64.152, 64.243, 64.253, 64.219, 64.41, 64.653, 64.574, 64.71, 65.276, 65.509, 65.038, 64.124, 63.131, 62.718, 62.51, 61.874, 61.728, 62.083, 62.772, 62.973, 61.497, 60.051, 60.815, 61.133, 60.885, 60.892, 60.864, 60.785, 60.676, 60.528, 60.574, 60.737, 60.685, 60.417, 60.347, 60.894, 61.289, 61.188, 61.252, 61.468, 61.793, 62.047], [61.923, 61.855, 61.772, 61.325, 61.174, 60.779, 57.413, 44.835, 25.394, 10.975, 0.0, 9.871, 18.827, 25.446, 29.174, 30.967, 31.965, 32.552, 33.09, 33.77, 34.367, 35.152, 36.682, 38.277, 38.873, 38.855, 39.393, 41.059, 43.497, 45.75, 46.859, 47.693, 50.791, 55.955, 60.268, 62.041, 62.299, 61.761, 61.537, 62.853, 64.188, 63.724, 63.206, 63.267, 63.46, 62.185, 61.446, 62.799, 62.808, 62.464, 62.758, 63.48, 64.025, 64.104, 63.982, 63.921, 63.872, 63.844, 63.871, 63.928, 63.931, 63.896, 63.879, 63.952, 64.055, 64.159, 64.301, 64.456, 64.487, 64.283, 64.199, 64.437, 64.646, 62.884, 62.634, 63.152, 63.763, 63.34, 62.312, 63.03, 63.846, 64.323, 64.771, 65.056, 64.918, 64.723, 64.395, 64.446, 64.364, 63.587, 63.707, 63.87, 63.984, 63.847, 63.48, 63.297, 63.245, 63.226, 63.515, 63.58, 63.821, 64.108, 64.309, 64.284, 64.02, 63.495, 62.773, 62.347, 62.318, 62.355, 62.353, 62.262, 62.286, 62.52, 63.026, 63.678, 63.72, 63.568, 62.819, 61.966, 61.886, 62.042, 61.708, 60.912, 60.083, 59.744, 59.574, 59.496, 59.579, 59.7, 59.803, 60.131, 60.508, 60.556, 60.354, 59.996, 59.669, 59.784, 60.12, 60.254, 60.062, 59.81, 60.131, 61.165, 62.5, 64.36, 65.745, 65.669, 65.593, 65.61, 65.711, 65.439, 65.12, 65.325, 65.206, 64.904, 64.976, 65.29, 65.441, 65.399, 65.766, 65.86, 64.955, 64.168, 63.945, 64.05, 64.075, 64.025, 64.182, 64.392, 64.262, 64.331, 64.854, 65.084, 64.633, 63.695, 62.663, 62.254, 62.048, 61.387, 61.171, 61.461, 62.054, 62.328, 61.095, 59.862, 60.671, 60.956, 60.755, 60.849, 60.855, 60.782, 60.677, 60.529, 60.577, 60.742, 60.686, 60.418, 60.382, 60.986, 61.418, 61.339, 61.414, 61.634, 61.968, 61.99], [61.0, 60.921, 60.85, 60.433, 60.367, 60.046, 56.6, 44.553, 27.268, 17.056, 9.871, 0.0, 11.857, 20.772, 25.312, 27.12, 28.095, 28.796, 29.338, 29.987, 30.678, 31.589, 33.285, 35.105, 35.836, 35.878, 36.516, 38.316, 40.865, 43.214, 44.436, 45.395, 48.691, 54.085, 58.633, 60.611, 61.019, 60.579, 60.248, 61.33, 62.584, 62.231, 61.775, 61.784, 61.998, 60.747, 60.191, 61.744, 61.726, 61.318, 61.685, 62.519, 63.132, 63.203, 63.031, 62.912, 62.807, 62.731, 62.733, 62.783, 62.774, 62.719, 62.684, 62.75, 62.866, 62.988, 63.142, 63.301, 63.332, 63.126, 63.057, 63.294, 63.476, 61.81, 61.554, 61.985, 62.536, 62.085, 61.054, 61.718, 62.436, 62.828, 63.217, 63.5, 63.385, 63.195, 62.909, 62.988, 62.905, 62.242, 62.498, 62.72, 62.793, 62.566, 62.184, 62.028, 61.923, 61.874, 62.174, 62.221, 62.435, 62.698, 62.881, 62.87, 62.636, 62.123, 61.391, 60.968, 60.954, 60.999, 61.0, 60.904, 60.934, 61.16, 61.635, 62.303, 62.483, 62.45, 61.748, 60.902, 60.787, 60.952, 60.649, 59.853, 59.053, 58.757, 58.577, 58.482, 58.563, 58.683, 58.795, 59.141, 59.56, 59.668, 59.517, 59.191, 58.874, 58.947, 59.233, 59.36, 59.196, 58.969, 59.227, 60.162, 61.374, 63.002, 64.216, 64.162, 64.099, 64.089, 64.177, 63.95, 63.643, 63.793, 63.694, 63.458, 63.563, 63.877, 64.018, 63.967, 64.29, 64.367, 63.528, 62.779, 62.559, 62.687, 62.744, 62.695, 62.839, 63.074, 62.95, 62.942, 63.433, 63.755, 63.391, 62.428, 61.381, 60.987, 60.766, 60.089, 59.845, 60.074, 60.57, 60.825, 59.871, 59.031, 59.867, 60.122, 60.069, 60.3, 60.353, 60.307, 60.232, 60.094, 60.133, 60.287, 60.224, 59.992, 60.072, 60.798, 61.261, 61.162, 61.212, 61.411, 61.752, 61.061], [59.386, 59.308, 59.256, 58.869, 58.893, 58.697, 55.367, 44.26, 29.865, 22.731, 18.827, 11.857, 0.0, 11.536, 18.502, 21.27, 22.294, 23.04, 23.633, 24.195, 24.921, 25.941, 27.73, 29.71, 30.549, 30.63, 31.381, 33.343, 35.994, 38.405, 39.708, 40.794, 44.391, 50.333, 55.515, 57.852, 58.491, 58.182, 57.715, 58.476, 59.573, 59.279, 58.883, 58.897, 59.049, 57.846, 57.847, 59.86, 59.749, 59.208, 59.784, 60.878, 61.566, 61.572, 61.296, 61.087, 60.898, 60.742, 60.694, 60.721, 60.689, 60.608, 60.545, 60.603, 60.748, 60.918, 61.112, 61.306, 61.348, 61.102, 61.058, 61.338, 61.385, 59.725, 59.568, 59.932, 60.221, 59.637, 58.596, 59.186, 59.746, 59.996, 60.287, 60.564, 60.492, 60.294, 60.041, 60.222, 59.996, 59.28, 59.718, 60.043, 60.109, 59.784, 59.373, 59.237, 59.119, 59.179, 59.572, 59.588, 59.76, 59.995, 60.156, 60.164, 59.97, 59.464, 58.701, 58.273, 58.294, 58.362, 58.365, 58.236, 58.21, 58.399, 58.859, 59.637, 60.064, 60.178, 59.507, 58.657, 58.531, 58.777, 58.53, 57.648, 56.804, 56.535, 56.324, 56.165, 56.194, 56.285, 56.383, 56.727, 57.186, 57.365, 57.286, 57.024, 56.761, 56.809, 57.016, 57.127, 57.017, 56.869, 57.065, 57.821, 58.877, 60.2, 61.268, 61.3, 61.322, 61.357, 61.445, 61.216, 60.888, 60.928, 60.813, 60.666, 60.827, 61.106, 61.201, 61.135, 61.375, 61.378, 60.623, 59.958, 59.746, 59.882, 59.978, 59.95, 60.058, 60.279, 60.188, 60.13, 60.554, 60.964, 60.729, 59.747, 58.668, 58.267, 58.03, 57.327, 57.032, 57.165, 57.54, 57.812, 57.346, 57.221, 58.052, 58.294, 58.55, 59.068, 59.234, 59.238, 59.212, 59.091, 59.118, 59.279, 59.257, 59.105, 59.375, 60.317, 60.836, 60.668, 60.634, 60.78, 61.132, 59.428], [57.835, 57.719, 57.656, 57.287, 57.383, 57.286, 54.17, 44.225, 33.03, 28.187, 25.446, 20.772, 11.536, 0.0, 9.383, 14.235, 15.881, 16.592, 17.409, 18.197, 19.026, 20.149, 21.943, 23.973, 24.948, 25.094, 25.868, 27.852, 30.512, 33.06, 34.555, 35.676, 39.381, 45.977, 52.117, 54.982, 55.829, 55.618, 55.136, 55.745, 56.721, 56.437, 56.131, 56.279, 56.376, 55.316, 56.132, 58.609, 58.362, 57.707, 58.485, 59.778, 60.467, 60.392, 60.016, 59.708, 59.435, 59.213, 59.128, 59.14, 59.093, 58.996, 58.917, 58.968, 59.136, 59.349, 59.593, 59.84, 59.895, 59.595, 59.574, 59.877, 59.683, 57.857, 57.767, 58.141, 58.203, 57.474, 56.407, 56.941, 57.456, 57.694, 57.87, 57.991, 57.905, 57.688, 57.402, 57.611, 57.265, 56.467, 56.958, 57.335, 57.427, 57.059, 56.629, 56.502, 56.417, 56.596, 57.081, 57.101, 57.261, 57.49, 57.647, 57.667, 57.486, 56.971, 56.18, 55.76, 55.819, 55.915, 55.935, 55.78, 55.662, 55.789, 56.223, 57.086, 57.675, 57.823, 57.112, 56.275, 56.216, 56.58, 56.359, 55.33, 54.405, 54.153, 53.919, 53.712, 53.717, 53.787, 53.864, 54.222, 54.726, 54.937, 54.89, 54.695, 54.503, 54.541, 54.689, 54.803, 54.724, 54.642, 54.868, 55.581, 56.557, 57.63, 58.545, 58.589, 58.666, 58.775, 58.862, 58.597, 58.236, 58.204, 58.064, 57.959, 58.147, 58.387, 58.418, 58.358, 58.637, 58.7, 58.11, 57.579, 57.374, 57.479, 57.58, 57.56, 57.598, 57.724, 57.595, 57.49, 57.862, 58.31, 58.142, 57.145, 56.03, 55.638, 55.421, 54.657, 54.251, 54.302, 54.615, 54.944, 54.757, 55.108, 55.951, 56.215, 56.712, 57.485, 57.775, 57.837, 57.851, 57.731, 57.751, 57.953, 58.014, 57.957, 58.363, 59.448, 60.002, 59.78, 59.682, 59.797, 60.163, 57.909], [57.294, 57.126, 57.047, 56.685, 56.822, 56.735, 53.632, 44.44, 35.445, 31.836, 29.174, 25.312, 18.502, 9.383, 0.0, 6.589, 9.697, 11.1, 12.401, 13.659, 14.796, 16.106, 17.966, 20.068, 21.197, 21.428, 22.179, 24.104, 26.732, 29.412, 31.122, 32.247, 35.97, 43.093, 50.009, 53.307, 54.294, 54.11, 53.625, 54.24, 55.216, 54.993, 54.831, 55.083, 55.152, 54.31, 55.792, 58.529, 58.175, 57.476, 58.359, 59.716, 60.373, 60.233, 59.782, 59.391, 59.046, 58.776, 58.674, 58.692, 58.65, 58.55, 58.471, 58.529, 58.711, 58.945, 59.221, 59.513, 59.581, 59.253, 59.257, 59.531, 59.078, 57.075, 57.022, 57.433, 57.355, 56.503, 55.414, 55.994, 56.513, 56.775, 56.873, 56.876, 56.771, 56.517, 56.176, 56.354, 56.021, 55.227, 55.663, 56.03, 56.113, 55.719, 55.268, 55.082, 55.063, 55.433, 56.004, 56.039, 56.2, 56.417, 56.566, 56.59, 56.414, 55.896, 55.098, 54.683, 54.763, 54.881, 54.899, 54.677, 54.483, 54.572, 54.976, 55.822, 56.456, 56.616, 55.88, 55.045, 55.029, 55.457, 55.22, 54.069, 53.103, 52.876, 52.638, 52.419, 52.431, 52.497, 52.559, 52.932, 53.489, 53.738, 53.702, 53.538, 53.395, 53.421, 53.518, 53.624, 53.58, 53.577, 53.851, 54.581, 55.571, 56.509, 57.269, 57.26, 57.336, 57.485, 57.58, 57.28, 56.864, 56.809, 56.687, 56.582, 56.752, 56.988, 56.994, 56.943, 57.314, 57.498, 57.055, 56.604, 56.41, 56.5, 56.607, 56.578, 56.558, 56.619, 56.415, 56.234, 56.6, 57.132, 56.98, 55.891, 54.725, 54.361, 54.17, 53.337, 52.834, 52.844, 53.108, 53.396, 53.265, 53.803, 54.732, 55.01, 55.592, 56.511, 56.903, 57.034, 57.092, 56.978, 56.999, 57.224, 57.323, 57.318, 57.808, 58.967, 59.525, 59.27, 59.152, 59.259, 59.629, 57.401], [57.128, 56.93, 56.827, 56.456, 56.593, 56.454, 53.277, 44.554, 36.825, 33.755, 30.967, 27.12, 21.27, 14.235, 6.589, 0.0, 4.489, 7.569, 9.672, 11.179, 12.478, 13.917, 15.936, 18.227, 19.482, 19.795, 20.586, 22.473, 25.032, 27.731, 29.579, 30.745, 34.389, 41.71, 48.968, 52.47, 53.528, 53.364, 52.85, 53.432, 54.391, 54.224, 54.207, 54.519, 54.567, 53.888, 55.733, 58.573, 58.15, 57.459, 58.403, 59.766, 60.386, 60.197, 59.7, 59.263, 58.87, 58.567, 58.457, 58.489, 58.46, 58.362, 58.283, 58.346, 58.535, 58.774, 59.063, 59.374, 59.444, 59.107, 59.137, 59.377, 58.766, 56.724, 56.677, 57.039, 56.832, 55.969, 54.899, 55.515, 56.006, 56.261, 56.328, 56.312, 56.207, 55.923, 55.574, 55.772, 55.493, 54.741, 55.153, 55.487, 55.509, 55.064, 54.599, 54.351, 54.353, 54.89, 55.529, 55.57, 55.728, 55.932, 56.07, 56.098, 55.93, 55.412, 54.603, 54.175, 54.256, 54.384, 54.392, 54.126, 53.918, 54.013, 54.412, 55.24, 55.908, 56.113, 55.385, 54.521, 54.495, 54.949, 54.707, 53.499, 52.523, 52.319, 52.084, 51.865, 51.88, 51.942, 52.001, 52.38, 52.96, 53.236, 53.211, 53.065, 52.955, 52.995, 53.089, 53.197, 53.188, 53.241, 53.548, 54.255, 55.196, 56.051, 56.693, 56.643, 56.713, 56.867, 56.965, 56.642, 56.181, 56.094, 55.971, 55.852, 56.003, 56.242, 56.24, 56.19, 56.602, 56.858, 56.504, 56.09, 55.891, 55.983, 56.119, 56.097, 56.059, 56.105, 55.865, 55.621, 55.964, 56.553, 56.412, 55.234, 54.003, 53.652, 53.483, 52.646, 52.125, 52.116, 52.336, 52.558, 52.488, 53.181, 54.194, 54.464, 55.065, 56.063, 56.529, 56.721, 56.821, 56.713, 56.727, 56.946, 57.038, 57.056, 57.619, 58.845, 59.394, 59.099, 58.962, 59.058, 59.424, 57.239], [56.79, 56.572, 56.441, 56.058, 56.209, 56.063, 52.844, 44.396, 37.455, 34.747, 31.965, 28.095, 22.294, 15.881, 9.697, 4.489, 0.0, 4.316, 7.434, 9.331, 10.588, 12.037, 14.261, 16.781, 18.133, 18.462, 19.269, 21.162, 23.704, 26.425, 28.365, 29.575, 33.167, 40.534, 47.928, 51.547, 52.66, 52.532, 52.01, 52.542, 53.444, 53.305, 53.4, 53.778, 53.818, 53.259, 55.358, 58.313, 57.84, 57.164, 58.176, 59.558, 60.156, 59.934, 59.407, 58.939, 58.512, 58.178, 58.054, 58.088, 58.065, 57.964, 57.882, 57.944, 58.135, 58.379, 58.674, 58.99, 59.053, 58.708, 58.757, 58.988, 58.289, 56.236, 56.196, 56.497, 56.166, 55.293, 54.227, 54.836, 55.294, 55.537, 55.582, 55.57, 55.489, 55.187, 54.822, 55.041, 54.777, 54.101, 54.574, 54.9, 54.857, 54.357, 53.889, 53.63, 53.617, 54.214, 54.895, 54.934, 55.082, 55.277, 55.412, 55.445, 55.283, 54.763, 53.941, 53.506, 53.592, 53.726, 53.73, 53.452, 53.254, 53.365, 53.749, 54.564, 55.269, 55.507, 54.779, 53.892, 53.859, 54.336, 54.096, 52.862, 51.893, 51.709, 51.479, 51.259, 51.267, 51.324, 51.384, 51.774, 52.369, 52.652, 52.63, 52.501, 52.419, 52.461, 52.537, 52.645, 52.665, 52.755, 53.08, 53.759, 54.634, 55.39, 55.945, 55.89, 55.963, 56.116, 56.21, 55.882, 55.418, 55.311, 55.176, 55.062, 55.222, 55.451, 55.43, 55.386, 55.806, 56.065, 55.736, 55.344, 55.153, 55.269, 55.438, 55.429, 55.374, 55.4, 55.165, 54.921, 55.236, 55.84, 55.742, 54.558, 53.303, 52.948, 52.783, 51.955, 51.445, 51.411, 51.576, 51.763, 51.807, 52.653, 53.711, 53.967, 54.603, 55.672, 56.191, 56.421, 56.552, 56.453, 56.459, 56.667, 56.751, 56.776, 57.395, 58.691, 59.243, 58.907, 58.74, 58.821, 59.188, 56.9], [56.579, 56.345, 56.198, 55.806, 55.985, 55.898, 52.682, 44.317, 37.793, 35.3, 32.552, 28.796, 23.04, 16.592, 11.1, 7.569, 4.316, 0.0, 4.036, 6.948, 8.563, 10.13, 12.582, 15.265, 16.665, 16.976, 17.772, 19.747, 22.41, 25.21, 27.189, 28.442, 32.149, 39.662, 47.162, 50.845, 51.993, 51.891, 51.361, 51.847, 52.73, 52.64, 52.792, 53.211, 53.274, 52.77, 55.008, 58.087, 57.599, 56.912, 57.967, 59.381, 59.985, 59.755, 59.213, 58.726, 58.282, 57.935, 57.801, 57.834, 57.807, 57.703, 57.619, 57.681, 57.876, 58.126, 58.423, 58.746, 58.816, 58.464, 58.516, 58.769, 58.067, 55.966, 55.93, 56.233, 55.804, 54.875, 53.79, 54.372, 54.799, 55.033, 55.063, 55.052, 54.992, 54.672, 54.285, 54.503, 54.243, 53.649, 54.204, 54.547, 54.46, 53.91, 53.441, 53.2, 53.175, 53.808, 54.531, 54.567, 54.702, 54.894, 55.032, 55.068, 54.914, 54.401, 53.579, 53.148, 53.241, 53.378, 53.382, 53.109, 52.918, 53.033, 53.399, 54.198, 54.924, 55.184, 54.45, 53.539, 53.497, 53.986, 53.728, 52.449, 51.476, 51.306, 51.086, 50.866, 50.874, 50.929, 50.989, 51.379, 51.979, 52.261, 52.233, 52.114, 52.054, 52.094, 52.143, 52.235, 52.269, 52.389, 52.711, 53.366, 54.211, 54.896, 55.403, 55.365, 55.457, 55.622, 55.722, 55.396, 54.945, 54.845, 54.724, 54.621, 54.791, 55.012, 54.974, 54.93, 55.341, 55.585, 55.259, 54.875, 54.693, 54.83, 55.018, 55.008, 54.935, 54.943, 54.719, 54.488, 54.798, 55.412, 55.351, 54.2, 52.968, 52.626, 52.457, 51.613, 51.084, 51.014, 51.122, 51.32, 51.483, 52.401, 53.453, 53.688, 54.353, 55.472, 56.024, 56.274, 56.422, 56.331, 56.33, 56.529, 56.606, 56.631, 57.277, 58.614, 59.175, 58.815, 58.625, 58.698, 59.072, 56.694], [56.661, 56.427, 56.287, 55.891, 56.079, 56.051, 52.898, 44.625, 38.289, 35.813, 33.09, 29.338, 23.633, 17.409, 12.401, 9.672, 7.434, 4.036, 0.0, 3.802, 6.379, 8.542, 11.299, 14.161, 15.637, 15.984, 16.825, 18.915, 21.739, 24.627, 26.638, 27.977, 31.871, 39.546, 47.099, 50.782, 51.931, 51.862, 51.336, 51.779, 52.664, 52.62, 52.758, 53.154, 53.258, 52.766, 55.01, 58.123, 57.643, 56.936, 57.968, 59.366, 59.972, 59.75, 59.209, 58.717, 58.269, 57.924, 57.792, 57.825, 57.795, 57.689, 57.607, 57.676, 57.876, 58.126, 58.421, 58.748, 58.833, 58.489, 58.536, 58.81, 58.16, 56.031, 55.98, 56.317, 55.884, 54.943, 53.821, 54.357, 54.751, 54.987, 55.041, 55.044, 54.975, 54.636, 54.27, 54.5, 54.25, 53.675, 54.253, 54.599, 54.5, 53.936, 53.474, 53.246, 53.232, 53.901, 54.658, 54.698, 54.827, 55.016, 55.153, 55.193, 55.046, 54.535, 53.706, 53.27, 53.362, 53.501, 53.505, 53.228, 53.031, 53.153, 53.525, 54.334, 55.066, 55.326, 54.585, 53.655, 53.61, 54.103, 53.826, 52.516, 51.531, 51.372, 51.164, 50.948, 50.957, 51.014, 51.073, 51.461, 52.064, 52.352, 52.317, 52.198, 52.146, 52.188, 52.22, 52.29, 52.325, 52.461, 52.788, 53.461, 54.289, 54.943, 55.446, 55.422, 55.509, 55.674, 55.779, 55.442, 54.995, 54.904, 54.783, 54.671, 54.844, 55.073, 55.035, 54.994, 55.4, 55.639, 55.315, 54.922, 54.735, 54.886, 55.084, 55.068, 54.987, 54.998, 54.771, 54.526, 54.831, 55.439, 55.36, 54.198, 52.968, 52.637, 52.479, 51.64, 51.108, 51.03, 51.13, 51.361, 51.611, 52.547, 53.569, 53.787, 54.457, 55.591, 56.157, 56.417, 56.57, 56.481, 56.477, 56.667, 56.73, 56.747, 57.395, 58.748, 59.321, 58.957, 58.755, 58.821, 59.193, 56.779], [56.518, 56.294, 56.168, 55.786, 55.984, 55.986, 52.896, 44.856, 38.831, 36.4, 33.77, 29.987, 24.195, 18.197, 13.659, 11.179, 9.331, 6.948, 3.802, 0.0, 3.53, 6.7, 9.974, 13.12, 14.768, 15.244, 16.214, 18.397, 21.265, 24.174, 26.23, 27.643, 31.602, 39.286, 46.838, 50.535, 51.694, 51.654, 51.142, 51.563, 52.439, 52.413, 52.531, 52.899, 53.028, 52.577, 54.882, 58.019, 57.533, 56.816, 57.832, 59.205, 59.802, 59.582, 59.045, 58.549, 58.089, 57.73, 57.593, 57.624, 57.591, 57.483, 57.402, 57.475, 57.681, 57.934, 58.23, 58.564, 58.657, 58.319, 58.366, 58.639, 58.008, 55.883, 55.797, 56.122, 55.706, 54.796, 53.626, 54.104, 54.477, 54.722, 54.805, 54.819, 54.737, 54.387, 54.053, 54.306, 54.068, 53.5, 54.085, 54.427, 54.335, 53.786, 53.338, 53.118, 53.116, 53.798, 54.565, 54.609, 54.735, 54.915, 55.042, 55.082, 54.937, 54.416, 53.566, 53.116, 53.206, 53.347, 53.346, 53.063, 52.868, 52.994, 53.364, 54.193, 54.945, 55.207, 54.456, 53.522, 53.488, 53.989, 53.707, 52.392, 51.4, 51.247, 51.044, 50.824, 50.824, 50.876, 50.939, 51.334, 51.95, 52.247, 52.209, 52.083, 52.032, 52.066, 52.073, 52.132, 52.167, 52.298, 52.661, 53.406, 54.221, 54.839, 55.317, 55.29, 55.354, 55.509, 55.609, 55.254, 54.806, 54.713, 54.575, 54.447, 54.632, 54.867, 54.826, 54.791, 55.205, 55.462, 55.149, 54.75, 54.562, 54.725, 54.931, 54.91, 54.823, 54.834, 54.6, 54.336, 54.623, 55.218, 55.11, 53.896, 52.625, 52.279, 52.127, 51.313, 50.807, 50.738, 50.846, 51.096, 51.441, 52.44, 53.431, 53.641, 54.331, 55.476, 56.041, 56.302, 56.459, 56.376, 56.373, 56.555, 56.606, 56.618, 57.284, 58.675, 59.268, 58.896, 58.674, 58.722, 59.084, 56.638], [56.064, 55.83, 55.702, 55.321, 55.545, 55.569, 52.438, 44.567, 39.061, 36.906, 34.367, 30.678, 24.921, 19.026, 14.796, 12.478, 10.588, 8.563, 6.379, 3.53, 0.0, 3.943, 8.042, 11.662, 13.525, 14.151, 15.281, 17.522, 20.343, 23.24, 25.336, 26.774, 30.731, 38.405, 45.97, 49.718, 50.902, 50.853, 50.312, 50.685, 51.545, 51.539, 51.676, 52.051, 52.186, 51.815, 54.324, 57.587, 57.094, 56.367, 57.432, 58.841, 59.447, 59.22, 58.668, 58.158, 57.676, 57.289, 57.135, 57.166, 57.138, 57.027, 56.938, 57.007, 57.217, 57.476, 57.779, 58.124, 58.219, 57.868, 57.922, 58.212, 57.55, 55.396, 55.292, 55.56, 55.064, 54.153, 52.965, 53.408, 53.761, 53.997, 54.057, 54.054, 53.984, 53.623, 53.269, 53.508, 53.289, 52.801, 53.436, 53.787, 53.689, 53.138, 52.689, 52.466, 52.458, 53.167, 53.956, 53.994, 54.111, 54.285, 54.407, 54.449, 54.31, 53.785, 52.918, 52.461, 52.559, 52.705, 52.699, 52.412, 52.233, 52.365, 52.709, 53.534, 54.333, 54.634, 53.886, 52.938, 52.891, 53.392, 53.103, 51.76, 50.763, 50.615, 50.41, 50.181, 50.167, 50.212, 50.279, 50.688, 51.324, 51.633, 51.592, 51.467, 51.428, 51.458, 51.431, 51.474, 51.513, 51.641, 52.028, 52.821, 53.624, 54.175, 54.561, 54.533, 54.609, 54.763, 54.851, 54.488, 54.042, 53.936, 53.789, 53.669, 53.864, 54.091, 54.03, 53.995, 54.418, 54.694, 54.413, 54.033, 53.86, 54.035, 54.244, 54.222, 54.126, 54.126, 53.895, 53.625, 53.899, 54.512, 54.42, 53.175, 51.874, 51.516, 51.351, 50.536, 50.028, 49.926, 49.976, 50.232, 50.722, 51.865, 52.859, 53.062, 53.8, 54.983, 55.549, 55.808, 55.979, 55.906, 55.899, 56.071, 56.113, 56.129, 56.847, 58.318, 58.945, 58.547, 58.284, 58.304, 58.66, 56.19], [55.613, 55.351, 55.191, 54.777, 55.016, 55.062, 51.79, 43.917, 39.132, 37.589, 35.152, 31.589, 25.941, 20.149, 16.106, 13.917, 12.037, 10.13, 8.542, 6.7, 3.943, 0.0, 4.792, 9.1, 11.355, 12.163, 13.43, 15.758, 18.615, 21.58, 23.723, 25.161, 29.184, 37.012, 44.712, 48.574, 49.831, 49.797, 49.21, 49.51, 50.354, 50.363, 50.511, 50.909, 51.046, 50.754, 53.546, 57.019, 56.523, 55.773, 56.923, 58.415, 59.038, 58.791, 58.202, 57.658, 57.152, 56.743, 56.575, 56.611, 56.592, 56.48, 56.378, 56.434, 56.646, 56.912, 57.224, 57.582, 57.679, 57.304, 57.366, 57.689, 56.971, 54.774, 54.711, 54.935, 54.285, 53.307, 52.132, 52.587, 52.909, 53.116, 53.107, 53.049, 52.988, 52.625, 52.217, 52.408, 52.228, 51.856, 52.56, 52.923, 52.803, 52.222, 51.767, 51.536, 51.504, 52.271, 53.11, 53.134, 53.231, 53.399, 53.52, 53.569, 53.443, 52.926, 52.062, 51.615, 51.73, 51.885, 51.873, 51.569, 51.382, 51.513, 51.818, 52.621, 53.489, 53.852, 53.121, 52.155, 52.075, 52.566, 52.256, 50.849, 49.831, 49.701, 49.505, 49.272, 49.248, 49.284, 49.351, 49.77, 50.425, 50.752, 50.726, 50.622, 50.616, 50.669, 50.655, 50.693, 50.743, 50.907, 51.314, 52.073, 52.789, 53.222, 53.496, 53.491, 53.597, 53.752, 53.837, 53.472, 53.017, 52.889, 52.747, 52.638, 52.835, 53.049, 52.965, 52.928, 53.359, 53.649, 53.395, 53.036, 52.872, 53.053, 53.273, 53.257, 53.153, 53.143, 52.915, 52.649, 52.931, 53.578, 53.516, 52.267, 50.99, 50.66, 50.484, 49.636, 49.083, 48.908, 48.853, 49.1, 49.759, 51.098, 52.12, 52.33, 53.155, 54.427, 55.025, 55.293, 55.48, 55.411, 55.39, 55.552, 55.59, 55.623, 56.411, 57.977, 58.635, 58.208, 57.908, 57.913, 58.278, 55.748], [55.262, 54.971, 54.781, 54.334, 54.579, 54.642, 51.242, 43.476, 39.684, 38.916, 36.682, 33.285, 27.73, 21.943, 17.966, 15.936, 14.261, 12.582, 11.299, 9.974, 8.042, 4.792, 0.0, 4.9, 7.848, 9.075, 10.555, 13.068, 16.103, 19.221, 21.418, 22.812, 26.912, 35.044, 43.076, 47.163, 48.576, 48.632, 48.052, 48.31, 49.149, 49.177, 49.334, 49.756, 49.873, 49.677, 52.806, 56.468, 55.938, 55.165, 56.398, 57.961, 58.589, 58.313, 57.674, 57.081, 56.543, 56.115, 55.939, 55.979, 55.972, 55.864, 55.751, 55.797, 56.011, 56.286, 56.61, 56.986, 57.091, 56.696, 56.763, 57.112, 56.343, 54.167, 54.19, 54.379, 53.56, 52.476, 51.318, 51.789, 52.075, 52.243, 52.157, 52.035, 51.976, 51.62, 51.184, 51.34, 51.189, 50.911, 51.684, 52.057, 51.9, 51.276, 50.824, 50.596, 50.544, 51.348, 52.227, 52.238, 52.308, 52.459, 52.57, 52.623, 52.511, 52.012, 51.171, 50.747, 50.879, 51.042, 51.025, 50.696, 50.475, 50.589, 50.845, 51.627, 52.581, 53.006, 52.297, 51.328, 51.221, 51.707, 51.372, 49.89, 48.843, 48.736, 48.56, 48.327, 48.296, 48.321, 48.383, 48.804, 49.47, 49.817, 49.816, 49.754, 49.79, 49.878, 49.912, 49.976, 50.044, 50.267, 50.706, 51.391, 51.974, 52.239, 52.409, 52.431, 52.564, 52.732, 52.829, 52.45, 51.965, 51.823, 51.688, 51.577, 51.764, 51.969, 51.866, 51.82, 52.261, 52.58, 52.373, 52.027, 51.85, 52.03, 52.262, 52.252, 52.143, 52.12, 51.877, 51.608, 51.906, 52.586, 52.538, 51.279, 50.031, 49.744, 49.572, 48.686, 48.081, 47.845, 47.703, 47.931, 48.746, 50.288, 51.328, 51.562, 52.509, 53.909, 54.57, 54.868, 55.077, 55.01, 54.973, 55.128, 55.176, 55.244, 56.119, 57.782, 58.466, 58.014, 57.69, 57.693, 58.074, 55.408], [54.955, 54.646, 54.44, 53.979, 54.245, 54.321, 50.837, 43.32, 40.446, 40.282, 38.277, 35.105, 29.71, 23.973, 20.068, 18.227, 16.781, 15.265, 14.161, 13.12, 11.662, 9.1, 4.9, 0.0, 3.597, 5.619, 7.668, 10.535, 13.803, 17.023, 19.22, 20.553, 24.725, 33.209, 41.572, 45.855, 47.402, 47.544, 46.985, 47.22, 48.059, 48.125, 48.303, 48.716, 48.795, 48.716, 52.129, 55.914, 55.35, 54.567, 55.859, 57.477, 58.116, 57.822, 57.146, 56.512, 55.943, 55.498, 55.319, 55.369, 55.373, 55.266, 55.147, 55.188, 55.406, 55.691, 56.027, 56.423, 56.539, 56.129, 56.197, 56.581, 55.825, 53.704, 53.781, 53.933, 52.954, 51.763, 50.63, 51.1, 51.353, 51.486, 51.338, 51.186, 51.151, 50.81, 50.375, 50.525, 50.365, 50.146, 50.976, 51.365, 51.176, 50.505, 50.049, 49.828, 49.762, 50.596, 51.508, 51.508, 51.555, 51.689, 51.789, 51.841, 51.741, 51.259, 50.447, 50.049, 50.193, 50.358, 50.331, 49.99, 49.765, 49.882, 50.098, 50.855, 51.883, 52.376, 51.692, 50.714, 50.57, 51.048, 50.695, 49.158, 48.083, 47.993, 47.832, 47.6, 47.56, 47.577, 47.635, 48.049, 48.714, 49.072, 49.091, 49.063, 49.137, 49.248, 49.307, 49.395, 49.492, 49.764, 50.205, 50.818, 51.323, 51.433, 51.492, 51.518, 51.689, 51.891, 52.012, 51.616, 51.107, 50.968, 50.836, 50.72, 50.903, 51.094, 50.966, 50.905, 51.329, 51.654, 51.504, 51.184, 50.998, 51.173, 51.415, 51.409, 51.291, 51.25, 50.989, 50.701, 51.005, 51.725, 51.7, 50.433, 49.196, 48.942, 48.779, 47.856, 47.203, 46.921, 46.719, 46.941, 47.907, 49.629, 50.657, 50.904, 51.954, 53.465, 54.191, 54.529, 54.771, 54.714, 54.666, 54.812, 54.869, 54.975, 55.934, 57.69, 58.398, 57.926, 57.583, 57.586, 57.981, 55.112], [54.784, 54.477, 54.272, 53.819, 54.113, 54.208, 50.689, 43.273, 40.692, 40.738, 38.873, 35.836, 30.549, 24.948, 21.197, 19.482, 18.133, 16.665, 15.637, 14.768, 13.525, 11.355, 7.848, 3.597, 0.0, 2.761, 5.657, 9.037, 12.58, 15.886, 18.104, 19.499, 23.876, 32.639, 41.13, 45.429, 46.975, 47.126, 46.556, 46.759, 47.579, 47.65, 47.817, 48.196, 48.261, 48.233, 51.763, 55.618, 55.053, 54.275, 55.603, 57.262, 57.918, 57.622, 56.934, 56.288, 55.71, 55.261, 55.085, 55.142, 55.147, 55.037, 54.914, 54.953, 55.174, 55.463, 55.803, 56.204, 56.323, 55.905, 55.972, 56.39, 55.676, 53.573, 53.654, 53.786, 52.721, 51.479, 50.374, 50.849, 51.095, 51.204, 51.025, 50.876, 50.871, 50.547, 50.129, 50.288, 50.099, 49.886, 50.741, 51.139, 50.934, 50.24, 49.773, 49.549, 49.472, 50.321, 51.243, 51.232, 51.272, 51.401, 51.496, 51.545, 51.448, 50.97, 50.167, 49.784, 49.936, 50.099, 50.066, 49.724, 49.519, 49.655, 49.858, 50.592, 51.633, 52.149, 51.475, 50.487, 50.31, 50.773, 50.436, 48.918, 47.837, 47.748, 47.595, 47.363, 47.317, 47.328, 47.385, 47.794, 48.458, 48.825, 48.858, 48.848, 48.939, 49.062, 49.127, 49.221, 49.3