[[0.0, 7.02, 15.874, 23.04, 25.606, 27.264, 28.666, 30.207, 31.902, 32.218, 31.765, 32.371, 33.138, 33.201, 33.432, 34.404, 35.421, 36.193, 36.67, 37.113, 37.551, 37.672, 38.332, 39.71, 39.97, 40.025, 42.675, 46.226, 46.72, 46.474, 48.295, 50.387, 51.173, 51.211, 50.915, 50.431, 49.978, 49.639, 49.188, 48.414, 47.577, 46.392, 45.416, 45.251, 45.411, 45.339, 44.932, 45.208, 46.369, 47.566, 48.786, 48.673, 45.516, 42.571, 42.642, 42.989, 42.419, 41.889, 41.819, 41.754, 41.576, 41.66, 42.01, 42.185, 42.541, 43.796, 44.746, 44.577, 44.462, 44.576, 44.372, 43.791, 43.453, 42.638, 40.537, 39.207, 39.531, 39.59, 39.233, 39.082, 39.76, 40.79, 42.046, 42.975, 43.114, 43.133, 43.422, 43.604, 43.682, 43.886, 43.719, 43.375, 43.593, 44.019, 43.808, 43.313, 43.458, 44.087, 44.384, 44.323, 43.917, 43.432, 43.351, 43.397, 43.82, 44.522, 43.811, 41.222, 39.186, 38.732, 38.832, 39.118, 39.702, 39.785, 39.374, 39.016, 38.841, 38.975, 39.434, 39.705, 39.681, 39.678, 39.776, 39.416, 38.768, 38.394, 38.424, 39.001, 39.377, 38.97, 38.44, 38.25, 38.389, 38.67, 39.042, 39.281, 39.235, 39.446, 39.892, 40.244, 40.752, 41.044, 40.905, 41.052, 41.594, 41.604, 41.507, 42.141, 43.43, 43.977, 43.522, 43.171, 43.364, 43.5, 43.549, 43.677, 43.859, 43.319, 42.436, 41.856, 41.504, 41.398, 40.905, 40.116, 39.819, 39.857, 39.767, 39.788, 39.593, 38.683, 38.083, 37.999, 37.663, 37.311, 37.189, 37.045, 37.282, 37.677, 37.807, 38.131, 38.754, 38.681, 38.426, 38.728, 39.313, 40.65, 42.095, 41.811, 40.348, 40.045, 40.602, 40.591, 40.443, 40.582, 40.772, 41.564, 42.364, 42.259, 43.075, 46.267, 48.892, 49.193, 48.749, 48.76, 48.199, 5.864], [7.02, 0.0, 10.391, 18.975, 22.077, 23.97, 25.578, 27.283, 29.133, 29.522, 29.194, 30.212, 31.43, 31.708, 32.095, 33.275, 34.439, 35.308, 35.82, 36.239, 36.658, 36.782, 37.535, 39.024, 39.287, 39.336, 42.152, 45.833, 46.357, 46.103, 47.952, 50.105, 50.938, 50.987, 50.681, 50.174, 49.698, 49.335, 48.877, 48.096, 47.231, 45.974, 44.914, 44.757, 44.951, 44.869, 44.449, 44.762, 45.99, 47.258, 48.546, 48.435, 45.14, 42.007, 42.052, 42.412, 41.822, 41.277, 41.212, 41.159, 40.987, 41.081, 41.446, 41.624, 41.996, 43.316, 44.305, 44.119, 44.012, 44.164, 43.943, 43.315, 42.948, 42.087, 39.9, 38.507, 38.839, 38.888, 38.558, 38.462, 39.195, 40.315, 41.586, 42.494, 42.616, 42.639, 42.939, 43.116, 43.202, 43.408, 43.212, 42.839, 43.058, 43.501, 43.3, 42.805, 42.966, 43.611, 43.939, 43.896, 43.473, 42.97, 42.886, 42.943, 43.37, 44.107, 43.421, 40.768, 38.581, 38.04, 38.147, 38.453, 39.08, 39.188, 38.754, 38.369, 38.185, 38.316, 38.792, 39.062, 39.018, 39.02, 39.122, 38.723, 38.045, 37.67, 37.701, 38.316, 38.722, 38.277, 37.69, 37.484, 37.647, 37.943, 38.317, 38.537, 38.507, 38.78, 39.259, 39.623, 40.146, 40.438, 40.287, 40.443, 41.019, 41.019, 40.895, 41.571, 42.939, 43.526, 43.053, 42.676, 42.89, 43.09, 43.184, 43.347, 43.544, 42.944, 41.978, 41.357, 40.985, 40.842, 40.289, 39.42, 39.094, 39.146, 39.072, 39.112, 38.909, 37.926, 37.259, 37.154, 36.806, 36.407, 36.22, 36.041, 36.314, 36.751, 36.904, 37.294, 37.971, 37.848, 37.536, 37.834, 38.426, 39.873, 41.493, 41.261, 39.733, 39.409, 40.028, 40.01, 39.813, 39.939, 40.106, 40.89, 41.737, 41.614, 42.423, 45.752, 48.548, 48.894, 48.42, 48.426, 47.873, 10.556], [15.874, 10.391, 0.0, 10.446, 15.471, 18.493, 20.923, 23.432, 25.757, 26.233, 26.355, 28.371, 30.437, 31.136, 31.891, 33.409, 34.748, 35.704, 36.245, 36.581, 36.934, 37.063, 37.85, 39.351, 39.625, 39.632, 42.374, 45.962, 46.499, 46.238, 47.994, 50.092, 50.92, 50.962, 50.659, 50.153, 49.663, 49.26, 48.793, 48.043, 47.175, 45.876, 44.797, 44.667, 44.858, 44.743, 44.335, 44.676, 45.887, 47.148, 48.456, 48.36, 45.076, 41.933, 41.971, 42.334, 41.774, 41.262, 41.223, 41.192, 41.028, 41.104, 41.432, 41.57, 41.947, 43.315, 44.331, 44.144, 44.043, 44.188, 43.922, 43.281, 42.897, 42.037, 39.945, 38.666, 38.997, 39.034, 38.76, 38.718, 39.433, 40.551, 41.743, 42.55, 42.629, 42.671, 42.994, 43.155, 43.23, 43.425, 43.205, 42.813, 43.02, 43.458, 43.29, 42.845, 43.018, 43.596, 43.895, 43.862, 43.464, 42.993, 42.902, 42.915, 43.262, 43.949, 43.336, 40.804, 38.686, 38.132, 38.199, 38.469, 39.085, 39.192, 38.769, 38.42, 38.252, 38.365, 38.818, 39.054, 38.988, 39.006, 39.112, 38.717, 38.1, 37.796, 37.828, 38.382, 38.756, 38.308, 37.718, 37.512, 37.652, 37.918, 38.259, 38.437, 38.428, 38.767, 39.252, 39.596, 40.115, 40.424, 40.297, 40.462, 41.073, 41.087, 40.936, 41.596, 42.97, 43.57, 43.106, 42.742, 43.025, 43.331, 43.506, 43.731, 43.935, 43.272, 42.249, 41.625, 41.254, 41.049, 40.434, 39.534, 39.201, 39.248, 39.162, 39.187, 39.002, 38.024, 37.336, 37.213, 36.889, 36.486, 36.252, 36.065, 36.346, 36.757, 36.9, 37.331, 38.023, 37.851, 37.499, 37.752, 38.242, 39.664, 41.425, 41.337, 39.852, 39.516, 40.135, 40.107, 39.875, 39.949, 40.064, 40.82, 41.678, 41.545, 42.32, 45.572, 48.361, 48.737, 48.26, 48.269, 47.756, 17.648], [23.04, 18.975, 10.446, 0.0, 7.542, 12.63, 16.519, 20.186, 23.065, 23.751, 24.69, 27.829, 30.525, 31.478, 32.501, 34.226, 35.626, 36.563, 37.071, 37.337, 37.645, 37.766, 38.524, 39.995, 40.287, 40.262, 42.873, 46.34, 46.898, 46.649, 48.292, 50.289, 51.075, 51.09, 50.796, 50.323, 49.834, 49.389, 48.901, 48.2, 47.35, 46.051, 45.024, 44.916, 45.058, 44.911, 44.527, 44.853, 45.983, 47.188, 48.475, 48.393, 45.235, 42.23, 42.275, 42.651, 42.145, 41.662, 41.632, 41.615, 41.453, 41.488, 41.748, 41.857, 42.244, 43.591, 44.576, 44.396, 44.31, 44.461, 44.17, 43.519, 43.13, 42.321, 40.383, 39.231, 39.557, 39.586, 39.325, 39.252, 39.863, 40.93, 42.071, 42.837, 42.911, 42.992, 43.345, 43.502, 43.584, 43.795, 43.593, 43.219, 43.416, 43.822, 43.662, 43.263, 43.447, 43.959, 44.208, 44.139, 43.741, 43.308, 43.218, 43.186, 43.447, 44.051, 43.51, 41.164, 39.221, 38.711, 38.74, 38.978, 39.572, 39.645, 39.239, 38.959, 38.836, 38.95, 39.383, 39.59, 39.508, 39.524, 39.617, 39.226, 38.672, 38.432, 38.46, 38.92, 39.237, 38.812, 38.256, 38.064, 38.164, 38.368, 38.68, 38.867, 38.899, 39.259, 39.709, 40.001, 40.499, 40.831, 40.737, 40.92, 41.544, 41.568, 41.4, 42.026, 43.363, 43.945, 43.475, 43.114, 43.425, 43.746, 43.929, 44.181, 44.399, 43.737, 42.729, 42.137, 41.774, 41.522, 40.859, 39.946, 39.608, 39.652, 39.554, 39.546, 39.397, 38.524, 37.909, 37.795, 37.529, 37.201, 36.971, 36.783, 37.036, 37.4, 37.515, 37.94, 38.608, 38.406, 38.047, 38.256, 38.626, 39.925, 41.695, 41.683, 40.277, 39.991, 40.593, 40.541, 40.316, 40.401, 40.516, 41.245, 42.08, 41.961, 42.735, 45.842, 48.497, 48.857, 48.4, 48.422, 47.929, 23.973], [25.606, 22.077, 15.471, 7.542, 0.0, 6.564, 12.082, 16.902, 20.32, 21.248, 22.734, 26.604, 29.708, 30.719, 31.741, 33.608, 35.096, 36.038, 36.54, 36.812, 37.107, 37.214, 38.0, 39.557, 39.874, 39.837, 42.517, 46.081, 46.672, 46.438, 48.116, 50.139, 50.926, 50.921, 50.612, 50.134, 49.623, 49.151, 48.655, 47.95, 47.082, 45.769, 44.741, 44.644, 44.803, 44.668, 44.284, 44.618, 45.784, 47.031, 48.353, 48.277, 45.067, 41.962, 41.973, 42.362, 41.838, 41.321, 41.281, 41.27, 41.11, 41.141, 41.394, 41.519, 41.945, 43.322, 44.307, 44.121, 44.045, 44.211, 43.888, 43.195, 42.798, 41.975, 39.996, 38.785, 39.103, 39.144, 38.878, 38.76, 39.3, 40.354, 41.483, 42.255, 42.338, 42.456, 42.849, 43.023, 43.124, 43.361, 43.176, 42.816, 43.023, 43.438, 43.279, 42.877, 43.079, 43.629, 43.937, 43.891, 43.473, 43.036, 42.954, 42.917, 43.171, 43.774, 43.248, 40.937, 38.959, 38.373, 38.392, 38.655, 39.274, 39.347, 38.917, 38.637, 38.525, 38.636, 39.077, 39.287, 39.186, 39.181, 39.262, 38.843, 38.255, 37.999, 38.038, 38.53, 38.859, 38.421, 37.84, 37.66, 37.79, 37.983, 38.3, 38.525, 38.58, 38.938, 39.363, 39.636, 40.155, 40.515, 40.421, 40.613, 41.249, 41.258, 41.084, 41.75, 43.14, 43.746, 43.255, 42.871, 43.175, 43.47, 43.606, 43.827, 44.043, 43.36, 42.32, 41.713, 41.331, 41.045, 40.33, 39.376, 39.043, 39.098, 38.993, 38.99, 38.862, 38.0, 37.402, 37.296, 37.045, 36.743, 36.506, 36.294, 36.552, 36.934, 37.05, 37.483, 38.176, 37.972, 37.609, 37.822, 38.186, 39.47, 41.259, 41.234, 39.808, 39.545, 40.166, 40.081, 39.857, 40.021, 40.196, 40.938, 41.783, 41.668, 42.471, 45.609, 48.271, 48.634, 48.192, 48.225, 47.701, 26.311], [27.264, 23.97, 18.493, 12.63, 6.564, 0.0, 6.9, 13.453, 17.811, 18.973, 20.818, 25.284, 28.743, 29.862, 30.995, 33.07, 34.671, 35.65, 36.195, 36.515, 36.805, 36.917, 37.774, 39.414, 39.752, 39.719, 42.421, 46.0, 46.598, 46.368, 48.054, 50.086, 50.869, 50.848, 50.539, 50.075, 49.558, 49.065, 48.559, 47.861, 47.009, 45.717, 44.689, 44.584, 44.765, 44.673, 44.308, 44.648, 45.845, 47.128, 48.466, 48.389, 45.165, 42.007, 41.978, 42.365, 41.826, 41.275, 41.219, 41.213, 41.059, 41.088, 41.337, 41.479, 41.932, 43.305, 44.271, 44.077, 43.999, 44.155, 43.802, 43.076, 42.671, 41.852, 39.872, 38.629, 38.912, 38.95, 38.674, 38.509, 38.952, 39.925, 41.009, 41.77, 41.862, 42.009, 42.421, 42.603, 42.712, 42.957, 42.787, 42.447, 42.658, 43.073, 42.917, 42.524, 42.732, 43.303, 43.68, 43.69, 43.275, 42.832, 42.749, 42.717, 43.01, 43.651, 43.149, 40.916, 38.954, 38.307, 38.324, 38.609, 39.222, 39.292, 38.841, 38.55, 38.448, 38.552, 38.974, 39.176, 39.073, 39.063, 39.147, 38.729, 38.117, 37.85, 37.901, 38.413, 38.742, 38.282, 37.671, 37.487, 37.644, 37.829, 38.134, 38.375, 38.452, 38.799, 39.194, 39.45, 39.976, 40.346, 40.254, 40.448, 41.086, 41.084, 40.902, 41.596, 43.025, 43.649, 43.145, 42.752, 43.061, 43.339, 43.418, 43.592, 43.796, 43.109, 42.062, 41.446, 41.056, 40.769, 40.048, 39.078, 38.738, 38.779, 38.66, 38.664, 38.559, 37.733, 37.15, 37.038, 36.805, 36.548, 36.318, 36.083, 36.335, 36.741, 36.872, 37.293, 37.969, 37.779, 37.449, 37.7, 38.081, 39.332, 41.109, 41.089, 39.655, 39.4, 40.037, 39.939, 39.721, 39.934, 40.122, 40.813, 41.625, 41.513, 42.29, 45.377, 48.029, 48.412, 47.996, 48.028, 47.479, 27.934], [28.666, 25.578, 20.923, 16.519, 12.082, 6.9, 0.0, 8.136, 14.033, 15.817, 18.082, 23.332, 27.324, 28.69, 30.078, 32.426, 34.181, 35.228, 35.81, 36.18, 36.495, 36.629, 37.555, 39.23, 39.581, 39.568, 42.292, 45.88, 46.496, 46.261, 47.924, 49.953, 50.742, 50.728, 50.432, 49.99, 49.487, 48.987, 48.476, 47.788, 46.955, 45.679, 44.631, 44.506, 44.702, 44.646, 44.295, 44.639, 45.849, 47.139, 48.493, 48.432, 45.19, 41.953, 41.879, 42.275, 41.742, 41.178, 41.113, 41.105, 40.947, 40.972, 41.226, 41.389, 41.86, 43.218, 44.16, 43.953, 43.867, 44.026, 43.688, 42.967, 42.572, 41.77, 39.816, 38.576, 38.811, 38.83, 38.533, 38.34, 38.755, 39.651, 40.677, 41.409, 41.491, 41.651, 42.055, 42.219, 42.338, 42.609, 42.454, 42.118, 42.333, 42.759, 42.612, 42.226, 42.437, 42.999, 43.377, 43.386, 42.948, 42.478, 42.403, 42.421, 42.787, 43.499, 43.049, 40.88, 38.926, 38.234, 38.21, 38.451, 39.039, 39.127, 38.67, 38.348, 38.245, 38.361, 38.787, 38.996, 38.904, 38.901, 38.981, 38.55, 37.907, 37.619, 37.665, 38.161, 38.481, 38.019, 37.415, 37.258, 37.452, 37.635, 37.915, 38.144, 38.242, 38.604, 38.991, 39.219, 39.728, 40.095, 40.008, 40.224, 40.887, 40.884, 40.69, 41.418, 42.895, 43.534, 43.012, 42.607, 42.931, 43.219, 43.284, 43.43, 43.616, 42.914, 41.854, 41.228, 40.829, 40.539, 39.819, 38.828, 38.467, 38.506, 38.412, 38.438, 38.353, 37.572, 36.99, 36.871, 36.668, 36.449, 36.205, 35.934, 36.171, 36.589, 36.718, 37.108, 37.758, 37.574, 37.268, 37.55, 37.959, 39.248, 41.085, 41.091, 39.63, 39.365, 40.022, 39.92, 39.692, 39.919, 40.087, 40.718, 41.493, 41.38, 42.132, 45.17, 47.825, 48.242, 47.842, 47.853, 47.28, 29.333], [30.207, 27.283, 23.432, 20.186, 16.902, 13.453, 8.136, 0.0, 7.379, 10.799, 14.416, 20.729, 25.395, 27.117, 28.842, 31.553, 33.531, 34.678, 35.271, 35.656, 36.012, 36.194, 37.172, 38.889, 39.266, 39.265, 42.073, 45.771, 46.45, 46.218, 47.879, 49.914, 50.715, 50.731, 50.451, 50.009, 49.511, 49.014, 48.501, 47.814, 46.995, 45.723, 44.648, 44.509, 44.715, 44.658, 44.293, 44.635, 45.836, 47.099, 48.475, 48.454, 45.171, 41.8, 41.676, 42.099, 41.591, 41.042, 40.983, 40.973, 40.81, 40.837, 41.107, 41.289, 41.767, 43.119, 44.063, 43.849, 43.757, 43.936, 43.643, 42.954, 42.57, 41.771, 39.845, 38.657, 38.875, 38.876, 38.582, 38.394, 38.794, 39.655, 40.615, 41.285, 41.332, 41.483, 41.859, 41.987, 42.109, 42.384, 42.206, 41.853, 42.086, 42.535, 42.396, 42.012, 42.224, 42.752, 43.089, 43.089, 42.646, 42.159, 42.094, 42.171, 42.616, 43.413, 43.021, 40.851, 38.855, 38.132, 38.057, 38.225, 38.781, 38.898, 38.448, 38.092, 37.995, 38.153, 38.613, 38.856, 38.801, 38.822, 38.892, 38.439, 37.781, 37.487, 37.513, 37.961, 38.253, 37.786, 37.186, 37.063, 37.317, 37.522, 37.778, 37.973, 38.094, 38.509, 38.915, 39.11, 39.584, 39.95, 39.872, 40.117, 40.823, 40.836, 40.645, 41.416, 42.946, 43.604, 43.06, 42.64, 42.986, 43.311, 43.403, 43.548, 43.71, 42.964, 41.873, 41.231, 40.826, 40.525, 39.763, 38.689, 38.278, 38.345, 38.313, 38.376, 38.312, 37.553, 36.943, 36.823, 36.643, 36.403, 36.091, 35.777, 36.003, 36.416, 36.526, 36.896, 37.545, 37.347, 37.034, 37.318, 37.754, 39.152, 41.125, 41.163, 39.673, 39.417, 40.126, 40.023, 39.768, 40.004, 40.181, 40.815, 41.592, 41.471, 42.228, 45.281, 47.974, 48.441, 48.037, 48.016, 47.431, 30.86], [31.902, 29.133, 25.757, 23.065, 20.32, 17.811, 14.033, 7.379, 0.0, 5.833, 12.491, 19.713, 24.555, 26.481, 28.508, 31.543, 33.708, 34.931, 35.524, 35.896, 36.273, 36.521, 37.494, 39.186, 39.596, 39.594, 42.348, 46.031, 46.751, 46.534, 48.164, 50.157, 50.941, 50.97, 50.705, 50.27, 49.778, 49.274, 48.746, 48.078, 47.304, 46.092, 45.068, 44.948, 45.161, 45.101, 44.733, 45.059, 46.207, 47.389, 48.72, 48.732, 45.53, 42.176, 42.017, 42.447, 41.976, 41.453, 41.392, 41.378, 41.214, 41.221, 41.471, 41.659, 42.124, 43.433, 44.375, 44.169, 44.059, 44.213, 43.933, 43.281, 42.904, 42.124, 40.324, 39.31, 39.574, 39.584, 39.312, 39.141, 39.497, 40.267, 41.138, 41.757, 41.79, 41.925, 42.262, 42.364, 42.473, 42.717, 42.504, 42.147, 42.376, 42.805, 42.672, 42.318, 42.534, 43.01, 43.301, 43.309, 42.915, 42.452, 42.377, 42.459, 42.928, 43.739, 43.387, 41.308, 39.403, 38.715, 38.635, 38.784, 39.3, 39.41, 38.988, 38.648, 38.579, 38.762, 39.222, 39.484, 39.467, 39.504, 39.569, 39.133, 38.513, 38.249, 38.279, 38.669, 38.905, 38.436, 37.851, 37.737, 38.005, 38.213, 38.443, 38.618, 38.743, 39.157, 39.554, 39.722, 40.138, 40.463, 40.38, 40.612, 41.296, 41.323, 41.148, 41.922, 43.445, 44.107, 43.573, 43.159, 43.51, 43.842, 43.933, 44.076, 44.224, 43.477, 42.416, 41.806, 41.423, 41.114, 40.315, 39.192, 38.744, 38.805, 38.79, 38.864, 38.829, 38.145, 37.56, 37.438, 37.289, 37.067, 36.746, 36.432, 36.639, 37.028, 37.134, 37.494, 38.113, 37.897, 37.598, 37.896, 38.304, 39.622, 41.542, 41.598, 40.186, 39.979, 40.698, 40.607, 40.356, 40.597, 40.793, 41.443, 42.212, 42.089, 42.828, 45.785, 48.414, 48.897, 48.506, 48.477, 47.912, 32.519], [32.218, 29.522, 26.233, 23.751, 21.248, 18.973, 15.817, 10.799, 5.833, 0.0, 9.044, 17.982, 23.486, 25.598, 27.815, 31.13, 33.489, 34.8, 35.402, 35.756, 36.149, 36.438, 37.433, 39.154, 39.589, 39.591, 42.341, 46.038, 46.774, 46.559, 48.19, 50.195, 50.986, 51.021, 50.777, 50.359, 49.873, 49.385, 48.859, 48.175, 47.396, 46.198, 45.179, 45.05, 45.255, 45.195, 44.826, 45.168, 46.344, 47.525, 48.837, 48.841, 45.595, 42.172, 41.988, 42.411, 41.92, 41.378, 41.303, 41.281, 41.111, 41.098, 41.326, 41.517, 42.005, 43.352, 44.319, 44.106, 43.965, 44.069, 43.764, 43.121, 42.738, 41.942, 40.18, 39.263, 39.58, 39.611, 39.352, 39.184, 39.518, 40.238, 41.079, 41.703, 41.738, 41.865, 42.202, 42.305, 42.416, 42.66, 42.449, 42.095, 42.321, 42.739, 42.607, 42.286, 42.54, 43.013, 43.283, 43.286, 42.895, 42.435, 42.354, 42.426, 42.885, 43.683, 43.336, 41.295, 39.425, 38.736, 38.654, 38.833, 39.372, 39.483, 39.063, 38.732, 38.667, 38.853, 39.321, 39.584, 39.558, 39.593, 39.664, 39.221, 38.575, 38.283, 38.314, 38.715, 38.933, 38.437, 37.838, 37.733, 38.014, 38.229, 38.468, 38.647, 38.75, 39.139, 39.514, 39.674, 40.079, 40.388, 40.286, 40.488, 41.153, 41.178, 40.998, 41.77, 43.308, 43.994, 43.479, 43.08, 43.461, 43.824, 43.925, 44.078, 44.229, 43.476, 42.407, 41.805, 41.428, 41.098, 40.265, 39.123, 38.666, 38.693, 38.647, 38.709, 38.68, 38.011, 37.438, 37.304, 37.155, 36.978, 36.7, 36.403, 36.613, 36.999, 37.094, 37.453, 38.089, 37.863, 37.568, 37.892, 38.275, 39.497, 41.362, 41.439, 40.062, 39.864, 40.578, 40.503, 40.265, 40.516, 40.737, 41.417, 42.193, 42.065, 42.817, 45.756, 48.354, 48.835, 48.47, 48.46, 47.892, 32.757], [31.765, 29.194, 26.355, 24.69, 22.734, 20.818, 18.082, 14.416, 12.491, 9.044, 0.0, 11.29, 18.93, 21.85, 24.5, 28.493, 31.35, 32.896, 33.61, 34.08, 34.575, 34.921, 36.091, 38.02, 38.485, 38.527, 41.528, 45.456, 46.242, 46.024, 47.711, 49.797, 50.643, 50.713, 50.489, 50.077, 49.625, 49.235, 48.788, 48.071, 47.24, 45.97, 44.857, 44.7, 44.935, 44.9, 44.519, 44.888, 46.149, 47.409, 48.767, 48.737, 45.293, 41.646, 41.429, 41.86, 41.321, 40.738, 40.657, 40.63, 40.461, 40.468, 40.708, 40.889, 41.397, 42.833, 43.857, 43.624, 43.451, 43.528, 43.189, 42.497, 42.091, 41.251, 39.38, 38.39, 38.707, 38.733, 38.481, 38.36, 38.777, 39.594, 40.507, 41.173, 41.209, 41.311, 41.64, 41.745, 41.866, 42.136, 41.936, 41.551, 41.766, 42.214, 42.1, 41.778, 42.066, 42.602, 42.886, 42.854, 42.402, 41.899, 41.821, 41.915, 42.401, 43.24, 42.837, 40.626, 38.595, 37.831, 37.739, 37.969, 38.592, 38.733, 38.279, 37.893, 37.794, 37.995, 38.517, 38.798, 38.754, 38.793, 38.877, 38.401, 37.693, 37.344, 37.34, 37.777, 38.032, 37.496, 36.821, 36.71, 37.065, 37.351, 37.642, 37.817, 37.885, 38.27, 38.618, 38.782, 39.255, 39.608, 39.487, 39.683, 40.375, 40.406, 40.242, 41.082, 42.722, 43.469, 42.97, 42.6, 43.035, 43.423, 43.515, 43.668, 43.828, 43.027, 41.865, 41.196, 40.802, 40.473, 39.609, 38.411, 37.939, 37.974, 37.933, 37.991, 37.926, 37.156, 36.52, 36.371, 36.187, 35.977, 35.677, 35.366, 35.603, 36.008, 36.083, 36.442, 37.124, 36.892, 36.581, 36.937, 37.376, 38.684, 40.647, 40.743, 39.309, 39.097, 39.856, 39.775, 39.5, 39.752, 39.969, 40.644, 41.445, 41.308, 42.104, 45.201, 47.915, 48.397, 48.042, 48.051, 47.451, 32.215], [32.371, 30.212, 28.371, 27.829, 26.604, 25.284, 23.332, 20.729, 19.713, 17.982, 11.29, 0.0, 9.776, 14.612, 18.991, 24.466, 28.138, 29.984, 30.864, 31.647, 32.408, 32.871, 34.238, 36.403, 36.948, 37.12, 40.511, 44.756, 45.637, 45.45, 47.218, 49.38, 50.273, 50.396, 50.202, 49.809, 49.43, 49.131, 48.697, 48.013, 47.243, 46.009, 44.91, 44.766, 45.021, 45.019, 44.651, 44.999, 46.234, 47.481, 48.819, 48.779, 45.387, 41.81, 41.602, 42.023, 41.502, 40.936, 40.852, 40.817, 40.653, 40.676, 40.923, 41.086, 41.532, 42.897, 43.9, 43.663, 43.475, 43.548, 43.235, 42.536, 42.138, 41.337, 39.472, 38.398, 38.633, 38.645, 38.402, 38.323, 38.797, 39.67, 40.658, 41.365, 41.427, 41.512, 41.81, 41.918, 42.012, 42.262, 42.073, 41.678, 41.86, 42.304, 42.223, 41.897, 42.15, 42.713, 43.01, 42.968, 42.529, 42.043, 41.964, 42.048, 42.538, 43.375, 42.893, 40.544, 38.457, 37.723, 37.659, 37.923, 38.575, 38.737, 38.294, 37.871, 37.714, 37.897, 38.431, 38.734, 38.707, 38.755, 38.848, 38.379, 37.679, 37.35, 37.339, 37.748, 38.01, 37.479, 36.776, 36.657, 37.052, 37.395, 37.715, 37.92, 37.988, 38.338, 38.641, 38.792, 39.286, 39.637, 39.501, 39.708, 40.404, 40.438, 40.297, 41.18, 42.863, 43.618, 43.136, 42.826, 43.294, 43.65, 43.696, 43.838, 44.002, 43.171, 41.958, 41.241, 40.853, 40.567, 39.711, 38.511, 38.049, 38.109, 38.091, 38.158, 38.08, 37.292, 36.641, 36.499, 36.303, 36.035, 35.703, 35.393, 35.62, 36.016, 36.099, 36.444, 37.12, 36.929, 36.652, 37.028, 37.511, 38.87, 40.782, 40.809, 39.386, 39.218, 39.994, 39.889, 39.569, 39.788, 39.962, 40.539, 41.276, 41.144, 41.909, 45.014, 47.774, 48.225, 47.854, 47.875, 47.281, 32.766], [33.138, 31.43, 30.437, 30.525, 29.708, 28.743, 27.324, 25.395, 24.555, 23.486, 18.93, 9.776, 0.0, 6.988, 14.551, 21.724, 26.0, 27.997, 29.004, 30.1, 31.123, 31.706, 33.169, 35.465, 36.101, 36.424, 40.107, 44.556, 45.496, 45.344, 47.179, 49.378, 50.286, 50.439, 50.273, 49.911, 49.568, 49.277, 48.795, 48.148, 47.465, 46.328, 45.305, 45.176, 45.428, 45.439, 45.079, 45.401, 46.584, 47.758, 49.027, 48.999, 45.766, 42.379, 42.2, 42.601, 42.113, 41.58, 41.484, 41.428, 41.259, 41.273, 41.512, 41.678, 42.073, 43.307, 44.232, 44.001, 43.804, 43.872, 43.651, 43.034, 42.686, 41.935, 40.118, 38.992, 39.146, 39.161, 38.937, 38.866, 39.296, 40.113, 41.121, 41.865, 41.969, 42.058, 42.336, 42.452, 42.504, 42.698, 42.5, 42.123, 42.28, 42.674, 42.594, 42.281, 42.483, 43.013, 43.324, 43.324, 42.974, 42.561, 42.502, 42.574, 43.051, 43.852, 43.303, 40.898, 38.867, 38.242, 38.224, 38.502, 39.133, 39.276, 38.865, 38.465, 38.31, 38.48, 38.978, 39.293, 39.306, 39.345, 39.427, 38.988, 38.311, 38.002, 38.02, 38.389, 38.613, 38.067, 37.363, 37.254, 37.647, 37.998, 38.319, 38.563, 38.629, 38.934, 39.227, 39.361, 39.812, 40.123, 39.992, 40.209, 40.882, 40.918, 40.795, 41.67, 43.324, 44.048, 43.579, 43.307, 43.765, 44.092, 44.136, 44.287, 44.453, 43.633, 42.439, 41.719, 41.343, 41.093, 40.257, 39.091, 38.652, 38.708, 38.684, 38.76, 38.701, 37.975, 37.365, 37.238, 37.033, 36.729, 36.403, 36.114, 36.312, 36.684, 36.787, 37.114, 37.733, 37.611, 37.422, 37.827, 38.313, 39.599, 41.261, 41.122, 39.737, 39.658, 40.454, 40.363, 40.036, 40.23, 40.433, 41.026, 41.713, 41.58, 42.306, 45.3, 47.992, 48.406, 48.018, 48.035, 47.467, 33.511], [33.201, 31.708, 31.136, 31.478, 30.719, 29.862, 28.69, 27.117, 26.481, 25.598, 21.85, 14.612, 6.988, 0.0, 9.728, 18.502, 23.485, 25.797, 27.039, 28.366, 29.55, 30.241, 31.848, 34.323, 35.029, 35.441, 39.403, 44.087, 45.068, 44.925, 46.861, 49.143, 50.088, 50.262, 50.107, 49.749, 49.406, 49.143, 48.674, 48.003, 47.298, 46.147, 45.112, 44.982, 45.229, 45.226, 44.846, 45.188, 46.415, 47.601, 48.868, 48.832, 45.541, 42.095, 41.926, 42.336, 41.825, 41.274, 41.171, 41.102, 40.917, 40.937, 41.19, 41.365, 41.769, 43.007, 43.918, 43.679, 43.488, 43.587, 43.414, 42.816, 42.477, 41.694, 39.772, 38.534, 38.669, 38.684, 38.463, 38.394, 38.834, 39.694, 40.765, 41.584, 41.721, 41.801, 42.095, 42.236, 42.277, 42.45, 42.244, 41.874, 42.037, 42.421, 42.311, 41.97, 42.151, 42.671, 43.016, 43.044, 42.698, 42.306, 42.316, 42.435, 42.92, 43.728, 43.14, 40.621, 38.479, 37.813, 37.815, 38.151, 38.83, 38.962, 38.522, 38.114, 37.957, 38.117, 38.63, 38.969, 38.97, 38.98, 39.058, 38.599, 37.869, 37.524, 37.568, 37.999, 38.258, 37.678, 36.903, 36.751, 37.136, 37.491, 37.843, 38.13, 38.225, 38.564, 38.888, 39.021, 39.47, 39.787, 39.667, 39.92, 40.618, 40.654, 40.541, 41.45, 43.142, 43.876, 43.394, 43.106, 43.542, 43.852, 43.898, 44.046, 44.201, 43.372, 42.164, 41.418, 41.019, 40.769, 39.93, 38.765, 38.341, 38.4, 38.362, 38.44, 38.372, 37.591, 36.944, 36.819, 36.568, 36.197, 35.857, 35.568, 35.776, 36.183, 36.327, 36.679, 37.292, 37.193, 37.025, 37.441, 37.989, 39.376, 41.014, 40.768, 39.293, 39.222, 40.075, 39.998, 39.665, 39.885, 40.151, 40.815, 41.535, 41.386, 42.132, 45.207, 47.942, 48.347, 47.947, 47.958, 47.367, 33.497], [33.432, 32.095, 31.891, 32.501, 31.741, 30.995, 30.078, 28.842, 28.508, 27.815, 24.5, 18.991, 14.551, 9.728, 0.0, 10.676, 17.382, 20.777, 22.494, 24.108, 25.587, 26.48, 28.377, 31.291, 32.154, 32.625, 37.119, 42.379, 43.495, 43.376, 45.551, 48.055, 49.104, 49.36, 49.266, 48.914, 48.601, 48.488, 48.139, 47.422, 46.647, 45.43, 44.317, 44.172, 44.429, 44.407, 43.99, 44.373, 45.7, 46.97, 48.294, 48.222, 44.703, 41.015, 40.841, 41.266, 40.686, 40.085, 39.985, 39.906, 39.695, 39.736, 40.05, 40.261, 40.711, 42.052, 43.01, 42.749, 42.581, 42.769, 42.591, 41.91, 41.535, 40.651, 38.481, 37.119, 37.327, 37.335, 37.106, 37.075, 37.658, 38.712, 39.913, 40.845, 40.996, 41.031, 41.343, 41.503, 41.549, 41.749, 41.565, 41.189, 41.384, 41.83, 41.711, 41.318, 41.545, 42.191, 42.594, 42.552, 42.078, 41.628, 41.682, 41.813, 42.256, 43.061, 42.401, 39.647, 37.209, 36.385, 36.416, 36.869, 37.674, 37.81, 37.284, 36.815, 36.613, 36.762, 37.356, 37.74, 37.693, 37.67, 37.748, 37.196, 36.327, 35.935, 36.043, 36.646, 37.024, 36.422, 35.555, 35.345, 35.73, 36.1, 36.512, 36.803, 36.893, 37.292, 37.662, 37.8, 38.289, 38.659, 38.551, 38.853, 39.612, 39.63, 39.493, 40.463, 42.261, 43.045, 42.53, 42.196, 42.607, 42.908, 42.96, 43.094, 43.228, 42.364, 41.102, 40.303, 39.852, 39.574, 38.704, 37.495, 37.076, 37.163, 37.133, 37.229, 37.122, 36.163, 35.438, 35.321, 34.996, 34.584, 34.295, 34.024, 34.29, 34.786, 34.991, 35.411, 36.086, 35.94, 35.661, 36.023, 36.677, 38.356, 40.192, 39.918, 38.258, 38.072, 38.964, 38.875, 38.512, 38.775, 39.079, 39.777, 40.566, 40.395, 41.21, 44.594, 47.522, 47.92, 47.48, 47.479, 46.812, 33.482], [34.404, 33.275, 33.409, 34.226, 33.608, 33.07, 32.426, 31.553, 31.543, 31.13, 28.493, 24.466, 21.724, 18.502, 10.676, 0.0, 8.543, 13.965, 16.616, 18.449, 20.285, 21.52, 23.81, 27.215, 28.298, 28.78, 33.718, 39.552, 40.818, 40.745, 43.206, 45.968, 47.133, 47.499, 47.507, 47.184, 46.947, 47.072, 46.918, 46.221, 45.476, 44.329, 43.253, 43.097, 43.348, 43.35, 42.941, 43.322, 44.659, 45.994, 47.375, 47.274, 43.693, 40.067, 39.98, 40.371, 39.728, 39.091, 38.982, 38.904, 38.697, 38.778, 39.157, 39.373, 39.793, 41.159, 42.144, 41.858, 41.704, 41.961, 41.758, 40.961, 40.53, 39.623, 37.34, 35.921, 36.225, 36.255, 36.03, 36.03, 36.771, 38.032, 39.38, 40.432, 40.623, 40.639, 40.957, 41.124, 41.176, 41.394, 41.227, 40.852, 41.062, 41.543, 41.416, 40.991, 41.264, 42.027, 42.448, 42.31, 41.745, 41.263, 41.302, 41.36, 41.673, 42.407, 41.682, 38.772, 36.179, 35.334, 35.44, 35.999, 36.904, 37.047, 36.459, 35.965, 35.774, 35.948, 36.591, 36.969, 36.858, 36.817, 36.89, 36.231, 35.228, 34.843, 35.071, 35.828, 36.303, 35.756, 34.959, 34.784, 35.137, 35.492, 35.897, 36.089, 36.023, 36.361, 36.776, 36.943, 37.461, 37.88, 37.757, 37.951, 38.621, 38.613, 38.443, 39.337, 41.079, 41.84, 41.327, 40.971, 41.312, 41.574, 41.661, 41.817, 41.955, 41.103, 39.864, 39.071, 38.617, 38.38, 37.561, 36.349, 35.912, 36.032, 36.059, 36.171, 36.026, 35.047, 34.434, 34.37, 34.007, 33.692, 33.577, 33.357, 33.635, 34.173, 34.437, 34.88, 35.565, 35.4, 35.027, 35.305, 36.009, 37.864, 39.82, 39.581, 37.833, 37.458, 38.243, 38.118, 37.704, 37.885, 38.072, 38.648, 39.447, 39.288, 40.117, 43.694, 46.763, 47.135, 46.648, 46.642, 45.947, 34.277], [35.421, 34.439, 34.748, 35.626, 35.096, 34.671, 34.181, 33.531, 33.708, 33.489, 31.35, 28.138, 26.0, 23.485, 17.382, 8.543, 0.0, 7.214, 11.809, 14.655, 16.674, 18.06, 20.895, 24.756, 26.03, 26.604, 31.7, 37.692, 38.962, 38.916, 41.547, 44.454, 45.693, 46.138, 46.211, 45.9, 45.725, 46.024, 46.003, 45.348, 44.649, 43.579, 42.594, 42.458, 42.664, 42.659, 42.273, 42.629, 43.944, 45.352, 46.783, 46.665, 43.151, 39.768, 39.822, 40.182, 39.495, 38.824, 38.693, 38.616, 38.424, 38.542, 38.957, 39.163, 39.542, 40.884, 41.858, 41.56, 41.403, 41.673, 41.435, 40.543, 40.087, 39.228, 36.899, 35.401, 35.772, 35.85, 35.635, 35.674, 36.55, 37.943, 39.372, 40.487, 40.733, 40.759, 41.071, 41.246, 41.299, 41.515, 41.356, 40.986, 41.19, 41.668, 41.528, 41.088, 41.355, 42.143, 42.566, 42.403, 41.834, 41.345, 41.339, 41.331, 41.578, 42.259, 41.475, 38.507, 35.933, 35.194, 35.411, 36.043, 36.976, 37.115, 36.502, 36.01, 35.847, 36.041, 36.689, 37.046, 36.902, 36.843, 36.907, 36.231, 35.184, 34.778, 35.051, 35.866, 36.393, 35.912, 35.179, 35.012, 35.332, 35.652, 36.016, 36.143, 35.907, 36.127, 36.595, 36.808, 37.329, 37.772, 37.639, 37.724, 38.272, 38.247, 38.082, 38.878, 40.485, 41.169, 40.655, 40.29, 40.557, 40.77, 40.887, 41.08, 41.241, 40.419, 39.226, 38.469, 38.054, 37.898, 37.158, 35.959, 35.501, 35.652, 35.761, 35.905, 35.727, 34.78, 34.317, 34.326, 33.947, 33.676, 33.666, 33.497, 33.769, 34.298, 34.581, 35.021, 35.692, 35.54, 35.17, 35.451, 36.219, 38.175, 40.152, 39.883, 38.075, 37.586, 38.28, 38.14, 37.692, 37.76, 37.789, 38.206, 38.968, 38.813, 39.629, 43.251, 46.362, 46.711, 46.18, 46.158, 45.465, 35.263], [36.193, 35.308, 35.704, 36.563, 36.038, 35.65, 35.228, 34.678, 34.931, 34.8, 32.896, 29.984, 27.997, 25.797, 20.777, 13.965, 7.214, 0.0, 6.937, 12.488, 15.289, 16.506, 19.718, 24.011, 25.422, 26.216, 31.563, 37.58, 38.795, 38.748, 41.42, 44.343, 45.591, 46.066, 46.174, 45.893, 45.747, 46.047, 46.005, 45.371, 44.693, 43.627, 42.685, 42.568, 42.732, 42.696, 42.315, 42.647, 43.926, 45.345, 46.777, 46.657, 43.207, 39.945, 40.049, 40.412, 39.735, 39.067, 38.931, 38.857, 38.671, 38.787, 39.197, 39.385, 39.737, 41.055, 42.025, 41.735, 41.565, 41.83, 41.651, 40.795, 40.377, 39.548, 37.165, 35.57, 35.942, 36.068, 35.888, 35.961, 36.892, 38.308, 39.714, 40.803, 41.074, 41.113, 41.405, 41.572, 41.609, 41.804, 41.639, 41.273, 41.468, 41.927, 41.786, 41.348, 41.587, 42.352, 42.784, 42.631, 42.088, 41.613, 41.586, 41.567, 41.838, 42.496, 41.66, 38.717, 36.255, 35.623, 35.893, 36.526, 37.425, 37.549, 36.946, 36.475, 36.336, 36.531, 37.161, 37.516, 37.385, 37.319, 37.373, 36.726, 35.688, 35.256, 35.511, 36.288, 36.779, 36.28, 35.529, 35.359, 35.687, 35.982, 36.31, 36.423, 36.11, 36.282, 36.782, 37.004, 37.498, 37.933, 37.822, 37.911, 38.429, 38.392, 38.242, 39.024, 40.587, 41.242, 40.722, 40.347, 40.591, 40.797, 40.93, 41.139, 41.314, 40.503, 39.304, 38.559, 38.195, 38.085, 37.348, 36.126, 35.658, 35.83, 35.986, 36.164, 35.99, 35.072, 34.679, 34.742, 34.369, 34.055, 34.021, 33.871, 34.138, 34.626, 34.88, 35.323, 36.0, 35.879, 35.577, 35.913, 36.703, 38.648, 40.542, 40.209, 38.412, 37.981, 38.709, 38.586, 38.15, 38.183, 38.146, 38.511, 39.26, 39.092, 39.924, 43.554, 46.637, 46.966, 46.408, 46.373, 45.685, 36.028], [36.67, 35.82, 36.245, 37.071, 36.54, 36.195, 35.81, 35.271, 35.524, 35.402, 33.61, 30.864, 29.004, 27.039, 22.494, 16.616, 11.809, 6.937, 0.0, 7.903, 12.464, 13.96, 17.082, 21.733, 23.346, 24.315, 30.235, 36.689, 38.026, 37.968, 40.713, 43.729, 45.001, 45.499, 45.66, 45.403, 45.242, 45.562, 45.582, 44.991, 44.341, 43.298, 42.378, 42.315, 42.553, 42.584, 42.226, 42.569, 43.851, 45.236, 46.644, 46.552, 43.129, 39.844, 39.903, 40.253, 39.612, 38.962, 38.821, 38.752, 38.58, 38.707, 39.116, 39.265, 39.572, 40.905, 41.908, 41.608, 41.397, 41.629, 41.488, 40.678, 40.293, 39.475, 37.101, 35.555, 35.973, 36.133, 35.997, 36.103, 37.061, 38.504, 39.915, 41.02, 41.316, 41.356, 41.624, 41.771, 41.791, 41.971, 41.797, 41.425, 41.608, 42.055, 41.924, 41.499, 41.739, 42.509, 42.941, 42.763, 42.216, 41.763, 41.744, 41.71, 41.956, 42.585, 41.709, 38.734, 36.27, 35.672, 35.985, 36.634, 37.542, 37.679, 37.1, 36.655, 36.537, 36.75, 37.384, 37.727, 37.593, 37.533, 37.576, 36.894, 35.836, 35.446, 35.725, 36.452, 36.868, 36.319, 35.559, 35.397, 35.74, 36.029, 36.328, 36.403, 36.016, 36.179, 36.711, 36.938, 37.433, 37.876, 37.746, 37.787, 38.286, 38.25, 38.076, 38.854, 40.478, 41.198, 40.689, 40.288, 40.548, 40.843, 41.06, 41.309, 41.505, 40.715, 39.495, 38.715, 38.353, 38.237, 37.438, 36.136, 35.633, 35.791, 35.936, 36.114, 35.982, 35.144, 34.8, 34.873, 34.51, 34.204, 34.168, 34.018, 34.274, 34.748, 34.987, 35.423, 36.119, 36.026, 35.737, 36.063, 36.792, 38.663, 40.534, 40.223, 38.452, 38.005, 38.717, 38.603, 38.192, 38.241, 38.195, 38.558, 39.331, 39.168, 40.012, 43.661, 46.744, 47.063, 46.504, 46.487, 45.809, 36.478], [37.113, 36.239, 36.581, 37.337, 36.812, 36.515, 36.18, 35.656, 35.896, 35.756, 34.08, 31.647, 30.1, 28.366, 24.108, 18.449, 14.655, 12.488, 7.903, 0.0, 6.422, 9.575, 12.88, 17.513, 19.301, 20.39, 26.794, 33.815, 35.378, 35.353, 38.259, 41.479, 42.828, 43.383, 43.596, 43.29, 43.119, 43.65, 43.917, 43.376, 42.788, 41.88, 41.059, 41.093, 41.51, 41.714, 41.427, 41.791, 43.083, 44.439, 45.835, 45.787, 42.427, 39.213, 39.263, 39.568, 38.935, 38.294, 38.141, 38.071, 37.923, 38.105, 38.533, 38.621, 38.878, 40.253, 41.302, 40.982, 40.727, 40.857, 40.528, 39.586, 39.156, 38.37, 36.222, 35.079, 35.683, 35.832, 35.695, 35.856, 36.893, 38.406, 39.895, 41.074, 41.405, 41.457, 41.724, 41.86, 41.883, 42.083, 41.928, 41.565, 41.751, 42.19, 42.06, 41.644, 41.896, 42.677, 43.09, 42.882, 42.315, 41.869, 41.859, 41.789, 41.883, 42.382, 41.452, 38.411, 35.843, 35.255, 35.662, 36.365, 37.337, 37.526, 36.952, 36.512, 36.399, 36.616, 37.256, 37.554, 37.358, 37.295, 37.327, 36.566, 35.494, 35.226, 35.561, 36.238, 36.604, 36.112, 35.506, 35.457, 35.827, 36.112, 36.37, 36.342, 35.776, 35.775, 36.286, 36.583, 37.16, 37.623, 37.386, 37.23, 37.634, 37.609, 37.376, 38.04, 39.634, 40.403, 39.942, 39.517, 39.748, 40.132, 40.481, 40.802, 41.032, 40.302, 39.154, 38.395, 38.023, 37.883, 37.059, 35.741, 35.195, 35.283, 35.374, 35.522, 35.415, 34.714, 34.494, 34.558, 34.211, 34.072, 34.182, 34.059, 34.279, 34.768, 35.051, 35.468, 36.162, 36.081, 35.729, 35.948, 36.526, 38.265, 40.232, 40.11, 38.36, 37.666, 38.167, 38.033, 37.608, 37.609, 37.487, 37.732, 38.472, 38.338, 39.124, 42.714, 45.811, 46.134, 45.574, 45.586, 44.937, 36.905], [37.551, 36.658, 36.934, 37.645, 37.107, 36.805, 36.495, 36.012, 36.273, 36.149, 34.575, 32.408, 31.123, 29.55, 25.587, 20.285, 16.674, 15.289, 12.464, 6.422, 0.0, 5.383, 10.873, 15.772, 17.435, 18.757, 25.279, 32.285, 33.878, 33.912, 36.894, 40.191, 41.573, 42.14, 42.353, 42.005, 41.829, 42.454, 42.822, 42.288, 41.746, 40.967, 40.265, 40.376, 40.907, 41.262, 41.071, 41.441, 42.718, 44.102, 45.517, 45.463, 42.145, 39.054, 39.158, 39.435, 38.783, 38.143, 37.994, 37.928, 37.791, 38.014, 38.458, 38.518, 38.766, 40.191, 41.277, 40.954, 40.702, 40.773, 40.248, 39.106, 38.59, 37.837, 35.879, 34.999, 35.669, 35.784, 35.608, 35.777, 36.866, 38.394, 39.908, 41.128, 41.463, 41.511, 41.807, 41.967, 41.995, 42.213, 42.075, 41.718, 41.916, 42.372, 42.237, 41.808, 42.07, 42.872, 43.302, 43.105, 42.532, 42.067, 42.017, 41.885, 41.845, 42.217, 41.241, 38.195, 35.585, 34.976, 35.448, 36.212, 37.233, 37.46, 36.881, 36.446, 36.332, 36.532, 37.174, 37.454, 37.206, 37.127, 37.159, 36.376, 35.3, 35.07, 35.42, 36.109, 36.502, 36.097, 35.645, 35.71, 36.104, 36.378, 36.621, 36.567, 35.897, 35.703, 36.132, 36.467, 37.112, 37.594, 37.301, 37.057, 37.419, 37.403, 37.139, 37.693, 39.183, 39.92, 39.484, 39.068, 39.261, 39.628, 39.998, 40.339, 40.58, 39.885, 38.811, 38.107, 37.747, 37.608, 36.82, 35.563, 35.027, 35.072, 35.143, 35.288, 35.159, 34.5, 34.364, 34.431, 34.108, 34.11, 34.34, 34.249, 34.462, 34.966, 35.277, 35.676, 36.356, 36.276, 35.872, 36.012, 36.516, 38.202, 40.259, 40.263, 38.521, 37.657, 37.99, 37.835, 37.381, 37.305, 37.05, 37.08, 37.718, 37.598, 38.312, 41.809, 44.906, 45.237, 44.684, 44.728, 44.102, 37.355], [37.672, 36.782, 37.063, 37.766, 37.214, 36.917, 36.629, 36.194, 36.521, 36.438, 34.921, 32.871, 31.706, 30.241, 26.48, 21.52, 18.06, 16.506, 13.96, 9.575, 5.383, 0.0, 7.781, 14.095, 15.926, 17.338, 24.501, 31.835, 33.481, 33.547, 36.629, 39.999, 41.402, 41.96, 42.169, 41.824, 41.653, 42.276, 42.635, 42.095, 41.542, 40.748, 40.054, 40.19, 40.733, 41.094, 40.923, 41.326, 42.646, 44.074, 45.52, 45.464, 42.093, 38.943, 39.061, 39.342, 38.653, 37.987, 37.837, 37.772, 37.639, 37.881, 38.347, 38.427, 38.694, 40.155, 41.27, 40.943, 40.708, 40.843, 40.358, 39.169, 38.618, 37.842, 35.801, 34.828, 35.485, 35.597, 35.406, 35.573, 36.717, 38.294, 39.813, 41.04, 41.36, 41.379, 41.69, 41.867, 41.897, 42.122, 41.989, 41.63, 41.847, 42.333, 42.207, 41.77, 42.035, 42.87, 43.352, 43.189, 42.627, 42.159, 42.093, 41.949, 41.899, 42.243, 41.228, 38.113, 35.418, 34.761, 35.253, 36.052, 37.104, 37.336, 36.758, 36.325, 36.201, 36.401, 37.064, 37.353, 37.083, 36.982, 37.018, 36.234, 35.116, 34.831, 35.177, 35.907, 36.324, 35.899, 35.419, 35.492, 35.903, 36.175, 36.42, 36.385, 35.705, 35.484, 35.901, 36.227, 36.885, 37.403, 37.147, 36.956, 37.358, 37.35, 37.096, 37.655, 39.135, 39.857, 39.406, 38.981, 39.167, 39.501, 39.84, 40.182, 40.429, 39.715, 38.592, 37.856, 37.5, 37.384, 36.612, 35.345, 34.803, 34.849, 34.933, 35.089, 34.947, 34.263, 34.128, 34.2, 33.878, 33.892, 34.133, 34.055, 34.298, 34.808, 35.1, 35.495, 36.189, 36.11, 35.695, 35.843, 36.389, 38.13, 40.188, 40.147, 38.354, 37.48, 37.834, 37.671, 37.2, 37.139, 36.879, 36.865, 37.496, 37.375, 38.097, 41.655, 44.825, 45.161, 44.598, 44.645, 44.016, 37.457], [38.332, 37.535, 37.85, 38.524, 38.0, 37.774, 37.555, 37.172, 37.494, 37.433, 36.091, 34.238, 33.169, 31.848, 28.377, 23.81, 20.895, 19.718, 17.082, 12.88, 10.873, 7.781, 0.0, 7.96, 10.857, 12.204, 20.339, 28.82, 30.873, 30.988, 34.323, 37.953, 39.45, 40.071, 40.315, 39.944, 39.841, 40.714, 41.303, 40.86, 40.383, 39.7, 39.109, 39.33, 39.957, 40.357, 40.186, 40.615, 41.942, 43.28, 44.655, 44.666, 41.445, 38.423, 38.537, 38.773, 38.099, 37.462, 37.304, 37.225, 37.105, 37.365, 37.828, 37.871, 38.054, 39.437, 40.553, 40.222, 39.929, 40.025, 39.589, 38.458, 37.938, 37.241, 35.462, 34.935, 35.846, 35.998, 35.822, 36.021, 37.182, 38.73, 40.204, 41.408, 41.725, 41.752, 42.067, 42.218, 42.248, 42.509, 42.403, 42.064, 42.286, 42.761, 42.657, 42.248, 42.505, 43.342, 43.84, 43.67, 43.128, 42.695, 42.62, 42.431, 42.307, 42.571, 41.494, 38.322, 35.628, 35.036, 35.556, 36.335, 37.396, 37.634, 37.048, 36.613, 36.493, 36.699, 37.36, 37.647, 37.373, 37.263, 37.289, 36.514, 35.464, 35.273, 35.617, 36.225, 36.561, 36.174, 35.754, 35.866, 36.298, 36.558, 36.755, 36.662, 35.902, 35.64, 36.076, 36.419, 37.08, 37.589, 37.334, 37.126, 37.493, 37.478, 37.236, 37.794, 39.241, 39.945, 39.482, 39.021, 39.187, 39.567, 39.978, 40.358, 40.625, 39.949, 38.865, 38.142, 37.798, 37.701, 36.934, 35.636, 35.037, 35.021, 35.064, 35.188, 35.078, 34.552, 34.553, 34.631, 34.286, 34.332, 34.642, 34.59, 34.781, 35.245, 35.534, 35.911, 36.572, 36.512, 36.123, 36.271, 36.756, 38.35, 40.291, 40.248, 38.481, 37.561, 37.845, 37.668, 37.194, 37.128, 36.905, 36.939, 37.587, 37.481, 38.231, 41.771, 44.909, 45.224, 44.647, 44.694, 44.093, 38.053], [39.71, 39.024, 39.351, 39.995, 39.557, 39.414, 39.23, 38.889, 39.186, 39.154, 38.02, 36.403, 35.465, 34.323, 31.291, 27.215, 24.756, 24.011, 21.733, 17.513, 15.772, 14.095, 7.96, 0.0, 4.547, 7.325, 15.632, 24.471, 26.874, 27.108, 30.601, 34.436, 36.062, 36.852, 37.23, 36.86, 36.884, 38.186, 39.207, 38.96, 38.634, 38.181, 37.814, 38.203, 39.037, 39.63, 39.539, 39.912, 41.128, 42.361, 43.646, 43.734, 40.93, 38.447, 38.636, 38.773, 38.178, 37.665, 37.531, 37.439, 37.306, 37.533, 37.946, 37.918, 37.993, 39.23, 40.285, 39.956, 39.579, 39.499, 38.943, 37.814, 37.316, 36.824, 35.686, 35.977, 37.189, 37.36, 37.179, 37.41, 38.535, 39.888, 41.234, 42.388, 42.7, 42.724, 43.023, 43.136, 43.157, 43.443, 43.362, 43.032, 43.24, 43.696, 43.621, 43.259, 43.522, 44.347, 44.811, 44.586, 44.054, 43.645, 43.509, 43.194, 42.846, 42.899, 41.799, 38.789, 36.337, 35.903, 36.441, 37.156, 38.158, 38.417, 37.877, 37.473, 37.368, 37.554, 38.164, 38.422, 38.145, 38.031, 38.035, 37.329, 36.515, 36.542, 36.839, 37.197, 37.433, 37.243, 37.074, 37.297, 37.732, 37.977, 38.101, 37.935, 37.035, 36.554, 36.937, 37.356, 38.037, 38.493, 38.171, 37.84, 38.085, 38.061, 37.819, 38.282, 39.584, 40.223, 39.78, 39.314, 39.439, 39.879, 40.396, 40.819, 41.119, 40.562, 39.627, 38.985, 38.668, 38.583, 37.883, 36.694, 36.104, 35.997, 35.963, 36.031, 35.952, 35.69, 35.928, 36.014, 35.671, 35.839, 36.272, 36.244, 36.321, 36.692, 36.995, 37.348, 37.944, 37.916, 37.558, 37.645, 37.917, 39.132, 40.879, 41.001, 39.428, 38.38, 38.388, 38.188, 37.774, 37.654, 37.38, 37.35, 37.921, 37.839, 38.548, 41.875, 44.824, 45.079, 44.519, 44.59, 44.062, 39.415], [39.97, 39.287, 39.625, 40.287, 39.874, 39.752, 39.581, 39.266, 39.596, 39.589, 38.485, 36.948, 36.101, 35.029, 32.154, 28.298, 26.03, 25.422, 23.346, 19.301, 17.435, 15.926, 10.857, 4.547, 0.0, 5.532, 14.895, 23.592, 25.903, 26.196, 29.739, 33.598, 35.25, 36.074, 36.496, 36.136, 36.167, 37.511, 38.589, 38.373, 38.067, 37.629, 37.281, 37.711, 38.624, 39.312, 39.287, 39.66, 40.864, 42.148, 43.498, 43.602, 40.824, 38.441, 38.7, 38.825, 38.224, 37.731, 37.604, 37.509, 37.369, 37.587, 37.996, 37.975, 38.083, 39.361, 40.432, 40.108, 39.729, 39.608, 38.971, 37.778, 37.237, 36.743, 35.684, 36.108, 37.397, 37.566, 37.356, 37.586, 38.725, 40.053, 41.349, 42.491, 42.8, 42.798, 43.094, 43.211, 43.231, 43.528, 43.454, 43.111, 43.321, 43.801, 43.732, 43.363, 43.645, 44.494, 44.946, 44.681, 44.13, 43.714, 43.558, 43.208, 42.776, 42.746, 41.633, 38.666, 36.283, 35.869, 36.413, 37.15, 38.157, 38.416, 37.873, 37.455, 37.328, 37.508, 38.123, 38.373, 38.084, 37.975, 37.984, 37.304, 36.57, 36.654, 36.894, 37.137, 37.336, 37.217, 37.145, 37.431, 37.889, 38.147, 3