[[0.0, 5.365, 10.293, 13.365, 17.75, 21.857, 23.596, 24.918, 28.121, 29.619, 30.975, 32.033, 31.904, 32.308, 33.141, 33.41, 33.746, 34.674, 35.825, 36.392, 36.69, 36.75, 36.172, 35.876, 34.89, 33.525, 33.746, 34.006, 34.593, 34.935, 35.18, 35.394, 35.604, 35.806, 35.924, 35.792, 35.292, 35.115, 35.115, 34.554, 34.135, 33.877, 33.92, 35.115, 35.766, 35.722, 36.086, 36.216, 35.392, 35.7, 36.305, 36.987, 38.449, 38.641, 38.646, 38.076, 38.264, 40.795, 42.142, 42.299, 43.203, 43.908, 43.944, 43.754, 43.866, 44.733, 45.541, 45.355, 43.922, 43.18, 43.281, 43.869, 44.038, 42.49, 41.795, 41.918, 40.523, 38.375, 38.29, 39.101, 38.914, 37.337, 36.05, 35.146, 34.565, 34.141, 34.124, 35.224, 35.88, 36.05, 35.92, 35.449, 35.146, 35.071, 35.558, 35.503, 35.451, 35.662, 4.926], [5.365, 0.0, 6.02, 10.485, 16.038, 20.693, 22.664, 24.199, 27.57, 29.15, 30.576, 31.719, 31.708, 32.192, 33.029, 33.304, 33.674, 34.718, 35.94, 36.517, 36.798, 36.861, 36.307, 36.033, 35.056, 33.712, 33.939, 34.194, 34.75, 35.08, 35.331, 35.56, 35.752, 35.933, 36.037, 35.917, 35.471, 35.314, 35.297, 34.743, 34.333, 34.08, 34.133, 35.31, 35.941, 35.894, 36.259, 36.411, 35.608, 35.93, 36.509, 37.129, 38.534, 38.735, 38.756, 38.173, 38.33, 40.826, 42.164, 42.318, 43.227, 43.946, 43.983, 43.785, 43.885, 44.717, 45.487, 45.279, 43.852, 43.121, 43.223, 43.815, 43.986, 42.434, 41.724, 41.847, 40.497, 38.41, 38.306, 39.06, 38.871, 37.313, 36.041, 35.21, 34.695, 34.275, 34.244, 35.335, 36.006, 36.192, 36.062, 35.582, 35.287, 35.231, 35.708, 35.662, 35.636, 35.863, 8.6], [10.293, 6.02, 0.0, 6.5, 13.997, 19.257, 21.518, 23.496, 27.13, 28.87, 30.407, 31.61, 31.732, 32.332, 33.189, 33.482, 33.883, 35.007, 36.275, 36.858, 37.134, 37.186, 36.62, 36.359, 35.428, 34.163, 34.405, 34.64, 35.14, 35.46, 35.735, 35.961, 36.128, 36.29, 36.39, 36.284, 35.881, 35.736, 35.691, 35.153, 34.752, 34.499, 34.597, 35.754, 36.347, 36.311, 36.68, 36.859, 36.109, 36.432, 36.979, 37.533, 38.878, 39.1, 39.128, 38.52, 38.62, 40.976, 42.266, 42.404, 43.24, 43.896, 43.905, 43.701, 43.812, 44.597, 45.275, 45.027, 43.617, 42.906, 43.021, 43.605, 43.777, 42.258, 41.558, 41.683, 40.401, 38.406, 38.331, 39.088, 38.908, 37.404, 36.27, 35.585, 35.148, 34.753, 34.721, 35.778, 36.444, 36.629, 36.508, 36.04, 35.775, 35.734, 36.143, 36.074, 36.059, 36.278, 12.401], [13.365, 10.485, 6.5, 0.0, 9.263, 15.774, 18.67, 21.323, 25.685, 27.812, 29.526, 30.849, 31.161, 31.906, 32.784, 33.076, 33.477, 34.678, 36.047, 36.674, 36.993, 37.057, 36.434, 36.175, 35.303, 34.174, 34.548, 34.813, 35.28, 35.573, 35.846, 36.069, 36.219, 36.371, 36.46, 36.363, 35.976, 35.855, 35.792, 35.229, 34.798, 34.503, 34.638, 35.833, 36.401, 36.375, 36.768, 36.962, 36.249, 36.578, 37.121, 37.673, 39.044, 39.281, 39.313, 38.673, 38.706, 40.952, 42.227, 42.381, 43.146, 43.72, 43.725, 43.557, 43.703, 44.515, 45.17, 44.896, 43.483, 42.772, 42.903, 43.494, 43.668, 42.165, 41.474, 41.623, 40.388, 38.441, 38.422, 39.227, 39.047, 37.526, 36.443, 35.85, 35.463, 35.069, 35.03, 36.106, 36.763, 36.918, 36.798, 36.338, 36.099, 36.071, 36.452, 36.367, 36.359, 36.571, 14.945], [17.75, 16.038, 13.997, 9.263, 0.0, 8.422, 13.143, 16.857, 22.37, 25.129, 27.142, 28.657, 29.29, 30.363, 31.313, 31.63, 32.037, 33.369, 34.96, 35.635, 35.993, 36.112, 35.496, 35.269, 34.581, 33.891, 34.661, 35.014, 35.449, 35.726, 36.029, 36.245, 36.361, 36.485, 36.535, 36.421, 36.045, 35.959, 35.888, 35.285, 34.806, 34.472, 34.674, 35.958, 36.447, 36.35, 36.699, 36.88, 36.182, 36.513, 37.039, 37.554, 38.923, 39.144, 39.161, 38.485, 38.504, 40.764, 42.047, 42.247, 43.057, 43.604, 43.596, 43.477, 43.634, 44.457, 45.146, 44.903, 43.506, 42.799, 42.928, 43.537, 43.738, 42.252, 41.581, 41.781, 40.621, 38.776, 38.845, 39.644, 39.426, 37.836, 36.678, 36.109, 35.741, 35.319, 35.267, 36.394, 37.054, 37.178, 37.041, 36.608, 36.442, 36.446, 36.809, 36.718, 36.735, 36.936, 18.824], [21.857, 20.693, 19.257, 15.774, 8.422, 0.0, 6.997, 13.128, 19.627, 22.905, 25.321, 26.889, 27.934, 29.482, 30.545, 30.91, 31.333, 32.75, 34.45, 35.116, 35.456, 35.613, 35.075, 34.889, 34.449, 34.404, 35.648, 36.09, 36.469, 36.738, 37.052, 37.24, 37.306, 37.37, 37.359, 37.215, 36.874, 36.845, 36.777, 36.185, 35.721, 35.403, 35.702, 36.985, 37.294, 37.057, 37.277, 37.425, 36.78, 37.088, 37.525, 37.849, 39.14, 39.395, 39.344, 38.565, 38.529, 40.724, 41.983, 42.22, 43.093, 43.63, 43.56, 43.431, 43.555, 44.309, 44.938, 44.669, 43.328, 42.683, 42.805, 43.41, 43.654, 42.265, 41.644, 41.845, 40.807, 39.158, 39.313, 40.103, 39.874, 38.342, 37.349, 36.916, 36.548, 36.128, 36.061, 37.115, 37.764, 37.92, 37.796, 37.408, 37.341, 37.425, 37.744, 37.657, 37.702, 37.858, 22.622], [23.596, 22.664, 21.518, 18.67, 13.143, 6.997, 0.0, 9.38, 17.817, 21.557, 24.43, 26.181, 27.449, 29.308, 30.492, 30.912, 31.374, 32.897, 34.623, 35.26, 35.609, 35.822, 35.346, 35.172, 34.794, 34.928, 36.328, 36.823, 37.237, 37.504, 37.759, 37.917, 37.97, 38.019, 37.995, 37.835, 37.491, 37.457, 37.352, 36.741, 36.293, 35.998, 36.356, 37.654, 37.894, 37.596, 37.749, 37.866, 37.271, 37.561, 37.928, 38.167, 39.449, 39.746, 39.644, 38.762, 38.636, 40.82, 42.097, 42.351, 43.265, 43.82, 43.701, 43.531, 43.639, 44.375, 44.942, 44.629, 43.284, 42.649, 42.773, 43.377, 43.644, 42.338, 41.766, 41.952, 40.973, 39.431, 39.644, 40.43, 40.2, 38.736, 37.896, 37.532, 37.135, 36.716, 36.616, 37.596, 38.223, 38.376, 38.251, 37.875, 37.84, 37.964, 38.255, 38.165, 38.21, 38.338, 24.277], [24.918, 24.199, 23.496, 21.323, 16.857, 13.128, 9.38, 0.0, 11.276, 16.869, 20.697, 23.146, 25.092, 27.509, 28.924, 29.456, 29.988, 31.777, 33.773, 34.465, 34.877, 35.242, 34.9, 34.754, 34.506, 34.878, 36.353, 36.83, 37.352, 37.687, 37.849, 37.971, 38.03, 38.077, 38.046, 37.88, 37.506, 37.424, 37.292, 36.644, 36.14, 35.815, 36.131, 37.477, 37.784, 37.496, 37.594, 37.657, 37.063, 37.313, 37.666, 37.918, 39.171, 39.459, 39.384, 38.515, 38.399, 40.757, 42.108, 42.354, 43.321, 43.896, 43.743, 43.57, 43.667, 44.359, 44.928, 44.643, 43.315, 42.664, 42.755, 43.353, 43.642, 42.351, 41.812, 42.012, 41.056, 39.604, 39.922, 40.706, 40.448, 39.014, 38.189, 37.768, 37.304, 36.961, 36.901, 37.762, 38.334, 38.427, 38.229, 37.821, 37.747, 37.815, 38.077, 37.974, 37.978, 38.085, 25.574], [28.121, 27.57, 27.13, 25.685, 22.37, 19.627, 17.817, 11.276, 0.0, 9.009, 14.907, 18.27, 21.694, 25.041, 26.822, 27.656, 28.402, 30.478, 32.793, 33.541, 33.963, 34.467, 34.343, 34.321, 34.412, 35.441, 37.2, 37.658, 38.237, 38.699, 38.869, 39.006, 39.098, 39.155, 39.131, 38.979, 38.602, 38.503, 38.38, 37.771, 37.256, 36.919, 37.161, 38.366, 38.613, 38.295, 38.321, 38.319, 37.745, 37.947, 38.237, 38.347, 39.45, 39.734, 39.706, 38.888, 38.846, 41.22, 42.529, 42.742, 43.759, 44.456, 44.34, 44.176, 44.26, 44.882, 45.376, 45.017, 43.772, 43.202, 43.264, 43.857, 44.16, 42.907, 42.367, 42.537, 41.661, 40.259, 40.553, 41.318, 41.083, 39.788, 39.132, 38.816, 38.366, 38.15, 38.223, 38.984, 39.491, 39.549, 39.31, 38.896, 38.805, 38.818, 39.007, 38.866, 38.84, 38.945, 28.683], [29.619, 29.15, 28.87, 27.812, 25.129, 22.905, 21.557, 16.869, 9.009, 0.0, 8.417, 13.511, 17.685, 21.662, 23.88, 25.037, 26.027, 28.347, 30.906, 31.689, 32.102, 32.627, 32.66, 32.751, 32.965, 34.398, 36.531, 37.069, 37.719, 38.376, 38.717, 38.967, 39.12, 39.21, 39.19, 39.043, 38.671, 38.535, 38.377, 37.826, 37.374, 37.069, 37.302, 38.47, 38.68, 38.321, 38.357, 38.293, 37.656, 37.857, 38.15, 38.184, 39.222, 39.493, 39.498, 38.738, 38.795, 41.296, 42.631, 42.867, 43.958, 44.838, 44.799, 44.618, 44.693, 45.289, 45.691, 45.234, 44.009, 43.448, 43.502, 44.114, 44.381, 43.058, 42.457, 42.599, 41.748, 40.23, 40.42, 41.225, 41.01, 39.703, 39.045, 38.797, 38.358, 38.163, 38.26, 39.04, 39.551, 39.599, 39.342, 38.915, 38.818, 38.827, 38.987, 38.813, 38.777, 38.913, 30.152], [30.975, 30.576, 30.407, 29.526, 27.142, 25.321, 24.43, 20.697, 14.907, 8.417, 0.0, 7.838, 14.029, 18.508, 20.966, 22.346, 23.536, 26.223, 29.082, 29.897, 30.292, 30.799, 30.932, 31.135, 31.422, 33.091, 35.619, 36.323, 37.026, 37.855, 38.416, 38.852, 39.076, 39.181, 39.166, 39.018, 38.645, 38.508, 38.362, 37.863, 37.43, 37.095, 37.335, 38.567, 38.797, 38.392, 38.391, 38.277, 37.544, 37.741, 38.039, 37.91, 38.813, 39.051, 39.094, 38.415, 38.579, 41.201, 42.6, 42.856, 43.949, 44.956, 45.04, 44.882, 44.93, 45.466, 45.797, 45.309, 44.132, 43.591, 43.661, 44.289, 44.514, 43.159, 42.537, 42.65, 41.751, 40.142, 40.247, 41.033, 40.786, 39.376, 38.707, 38.673, 38.308, 38.165, 38.334, 39.131, 39.621, 39.663, 39.412, 38.966, 38.868, 38.907, 39.07, 38.87, 38.834, 39.01, 31.503], [32.033, 31.719, 31.61, 30.849, 28.657, 26.889, 26.181, 23.146, 18.27, 13.511, 7.838, 0.0, 9.268, 15.319, 18.098, 19.667, 21.122, 24.235, 27.442, 28.309, 28.676, 29.247, 29.574, 29.944, 30.426, 32.415, 35.262, 36.095, 36.84, 37.792, 38.446, 38.948, 39.242, 39.378, 39.37, 39.222, 38.835, 38.676, 38.518, 38.04, 37.614, 37.247, 37.475, 38.679, 38.807, 38.306, 38.227, 38.104, 37.381, 37.554, 37.778, 37.48, 38.321, 38.563, 38.62, 37.96, 38.128, 40.831, 42.259, 42.502, 43.624, 44.761, 44.954, 44.8, 44.835, 45.323, 45.587, 45.055, 43.888, 43.362, 43.423, 44.061, 44.308, 42.958, 42.354, 42.472, 41.563, 39.994, 40.113, 40.89, 40.635, 39.2, 38.584, 38.656, 38.311, 38.247, 38.474, 39.301, 39.824, 39.878, 39.636, 39.203, 39.083, 39.092, 39.207, 38.956, 38.911, 39.091, 32.505], [31.904, 31.708, 31.732, 31.161, 29.29, 27.934, 27.449, 25.092, 21.694, 17.685, 14.029, 9.268, 0.0, 8.147, 12.753, 15.496, 17.999, 21.783, 25.288, 26.247, 26.609, 27.25, 27.811, 28.369, 28.927, 31.008, 33.997, 34.887, 35.693, 36.719, 37.426, 37.961, 38.344, 38.589, 38.628, 38.481, 38.05, 37.807, 37.608, 37.14, 36.768, 36.452, 36.657, 37.829, 37.933, 37.402, 37.342, 37.229, 36.474, 36.623, 36.884, 36.75, 37.701, 37.901, 37.94, 37.338, 37.635, 40.44, 41.907, 42.183, 43.309, 44.463, 44.689, 44.492, 44.524, 45.041, 45.363, 44.921, 43.734, 43.156, 43.191, 43.848, 44.11, 42.723, 42.113, 42.235, 41.251, 39.609, 39.766, 40.609, 40.353, 38.866, 38.06, 37.912, 37.487, 37.417, 37.664, 38.542, 39.079, 39.11, 38.857, 38.418, 38.248, 38.21, 38.343, 38.072, 37.996, 38.208, 32.257], [32.308, 32.192, 32.332, 31.906, 30.363, 29.482, 29.308, 27.509, 25.041, 21.662, 18.508, 15.319, 8.147, 0.0, 6.855, 11.646, 15.638, 20.258, 24.005, 25.062, 25.426, 26.118, 26.838, 27.492, 27.987, 30.029, 33.093, 34.008, 34.835, 35.921, 36.723, 37.339, 37.771, 38.096, 38.215, 38.112, 37.658, 37.363, 37.18, 36.756, 36.406, 36.1, 36.248, 37.409, 37.649, 37.231, 37.257, 37.208, 36.411, 36.579, 36.959, 37.021, 37.996, 38.11, 38.103, 37.605, 38.015, 40.729, 42.175, 42.48, 43.552, 44.617, 44.817, 44.587, 44.609, 45.143, 45.52, 45.15, 43.996, 43.416, 43.446, 44.094, 44.34, 42.951, 42.348, 42.469, 41.416, 39.712, 39.864, 40.746, 40.522, 38.994, 37.965, 37.625, 37.155, 37.054, 37.336, 38.188, 38.678, 38.684, 38.434, 38.002, 37.814, 37.776, 37.965, 37.714, 37.618, 37.862, 32.618], [33.141, 33.029, 33.189, 32.784, 31.313, 30.545, 30.492, 28.924, 26.822, 23.88, 20.966, 18.098, 12.753, 6.855, 0.0, 6.674, 12.672, 18.531, 22.74, 23.907, 24.291, 25.124, 26.039, 26.749, 27.277, 29.493, 32.678, 33.625, 34.466, 35.624, 36.534, 37.228, 37.676, 38.009, 38.17, 38.135, 37.716, 37.413, 37.243, 36.861, 36.554, 36.263, 36.353, 37.434, 37.728, 37.379, 37.447, 37.481, 36.701, 36.879, 37.286, 37.372, 38.292, 38.366, 38.327, 37.821, 38.195, 40.813, 42.209, 42.502, 43.539, 44.532, 44.755, 44.564, 44.596, 45.206, 45.714, 45.4, 44.278, 43.715, 43.733, 44.349, 44.584, 43.212, 42.621, 42.787, 41.781, 40.12, 40.255, 41.102, 40.903, 39.391, 38.233, 37.801, 37.361, 37.274, 37.579, 38.41, 38.856, 38.814, 38.564, 38.157, 37.961, 37.903, 38.114, 37.899, 37.79, 38.028, 33.458], [33.41, 33.304, 33.482, 33.076, 31.63, 30.91, 30.912, 29.456, 27.656, 25.037, 22.346, 19.667, 15.496, 11.646, 6.674, 0.0, 7.867, 15.576, 20.6, 21.916, 22.433, 23.547, 24.652, 25.368, 25.911, 28.415, 31.84, 32.837, 33.724, 35.021, 36.111, 36.905, 37.386, 37.714, 37.866, 37.86, 37.483, 37.2, 37.041, 36.66, 36.385, 36.117, 36.165, 37.202, 37.536, 37.224, 37.307, 37.384, 36.606, 36.802, 37.219, 37.318, 38.228, 38.285, 38.208, 37.59, 37.876, 40.502, 41.889, 42.17, 43.209, 44.177, 44.44, 44.311, 44.393, 45.114, 45.759, 45.508, 44.38, 43.814, 43.817, 44.401, 44.626, 43.229, 42.631, 42.859, 41.902, 40.244, 40.371, 41.195, 40.979, 39.43, 38.207, 37.756, 37.356, 37.272, 37.569, 38.433, 38.871, 38.788, 38.541, 38.161, 37.965, 37.872, 38.078, 37.882, 37.774, 38.011, 33.729], [33.746, 33.674, 33.883, 33.477, 32.037, 31.333, 31.374, 29.988, 28.402, 26.027, 23.536, 21.122, 17.999, 15.638, 12.672, 7.867, 0.0, 10.026, 16.913, 18.584, 19.367, 21.075, 22.515, 23.216, 23.879, 26.991, 30.855, 31.951, 32.876, 34.309, 35.548, 36.421, 36.936, 37.289, 37.424, 37.411, 37.089, 36.906, 36.823, 36.437, 36.179, 35.923, 35.901, 36.875, 37.239, 36.958, 37.041, 37.164, 36.402, 36.587, 36.991, 37.098, 38.037, 38.099, 37.994, 37.243, 37.337, 39.925, 41.328, 41.581, 42.606, 43.561, 43.852, 43.787, 43.937, 44.772, 45.526, 45.327, 44.192, 43.639, 43.632, 44.187, 44.434, 43.023, 42.404, 42.676, 41.781, 40.178, 40.307, 41.093, 40.861, 39.278, 38.027, 37.61, 37.263, 37.176, 37.441, 38.327, 38.779, 38.689, 38.438, 38.09, 37.904, 37.752, 37.935, 37.765, 37.672, 37.89, 34.041], [34.674, 34.718, 35.007, 34.678, 33.369, 32.75, 32.897, 31.777, 30.478, 28.347, 26.223, 24.235, 21.783, 20.258, 18.531, 15.576, 10.026, 0.0, 9.276, 12.275, 13.405, 16.055, 18.543, 19.628, 20.744, 25.025, 29.644, 30.907, 31.867, 33.464, 34.898, 35.896, 36.484, 36.877, 37.014, 37.028, 36.777, 36.733, 36.863, 36.63, 36.43, 36.234, 36.161, 36.969, 37.269, 36.977, 37.053, 37.151, 36.338, 36.484, 36.845, 36.888, 37.792, 37.867, 37.773, 36.975, 36.899, 39.423, 40.863, 41.095, 42.071, 43.019, 43.323, 43.273, 43.471, 44.343, 45.146, 44.982, 43.876, 43.377, 43.378, 43.902, 44.176, 42.8, 42.187, 42.488, 41.672, 40.194, 40.34, 41.086, 40.857, 39.329, 38.153, 37.777, 37.443, 37.308, 37.483, 38.346, 38.788, 38.678, 38.426, 38.095, 37.898, 37.751, 37.968, 37.799, 37.685, 37.856, 34.873], [35.825, 35.94, 36.275, 36.047, 34.96, 34.45, 34.623, 33.773, 32.793, 30.906, 29.082, 27.442, 25.288, 24.005, 22.74, 20.6, 16.913, 9.276, 0.0, 5.246, 7.882, 11.468, 15.517, 17.453, 19.137, 24.302, 29.472, 30.86, 31.785, 33.421, 34.98, 36.104, 36.77, 37.203, 37.375, 37.428, 37.23, 37.292, 37.628, 37.572, 37.442, 37.284, 37.217, 37.916, 38.099, 37.769, 37.832, 37.855, 37.012, 37.153, 37.485, 37.448, 38.263, 38.33, 38.243, 37.494, 37.37, 39.712, 41.145, 41.372, 42.323, 43.316, 43.628, 43.569, 43.795, 44.595, 45.301, 45.112, 44.058, 43.603, 43.612, 44.104, 44.37, 43.082, 42.507, 42.789, 42.026, 40.647, 40.77, 41.47, 41.261, 39.823, 38.79, 38.484, 38.16, 37.996, 38.112, 38.914, 39.318, 39.209, 38.999, 38.676, 38.478, 38.41, 38.659, 38.474, 38.346, 38.493, 36.005], [36.392, 36.517, 36.858, 36.674, 35.635, 35.116, 35.26, 34.465, 33.541, 31.689, 29.897, 28.309, 26.247, 25.062, 23.907, 21.916, 18.584, 12.275, 5.246, 0.0, 5.029, 9.957, 14.725, 16.89, 18.787, 24.244, 29.595, 31.045, 31.935, 33.601, 35.22, 36.402, 37.102, 37.56, 37.744, 37.804, 37.639, 37.74, 38.115, 38.099, 37.999, 37.85, 37.807, 38.5, 38.614, 38.247, 38.268, 38.269, 37.474, 37.637, 37.969, 37.883, 38.639, 38.706, 38.608, 37.851, 37.675, 39.885, 41.293, 41.509, 42.459, 43.534, 43.845, 43.768, 44.015, 44.774, 45.387, 45.169, 44.134, 43.689, 43.692, 44.169, 44.435, 43.19, 42.635, 42.912, 42.192, 40.887, 41.025, 41.714, 41.507, 40.11, 39.15, 38.872, 38.568, 38.427, 38.535, 39.291, 39.688, 39.609, 39.42, 39.105, 38.943, 38.915, 39.121, 38.912, 38.782, 38.924, 36.57], [36.69, 36.798, 37.134, 36.993, 35.993, 35.456, 35.609, 34.877, 33.963, 32.102, 30.292, 28.676, 26.609, 25.426, 24.291, 22.433, 19.367, 13.405, 7.882, 5.029, 0.0, 6.927, 13.121, 15.588, 17.683, 23.646, 29.363, 30.926, 31.815, 33.618, 35.393, 36.631, 37.33, 37.782, 37.958, 38.028, 37.878, 37.988, 38.383, 38.379, 38.285, 38.177, 38.184, 38.878, 38.962, 38.571, 38.554, 38.505, 37.693, 37.86, 38.201, 38.072, 38.736, 38.792, 38.714, 38.011, 37.927, 40.18, 41.571, 41.79, 42.793, 43.925, 44.25, 44.164, 44.388, 45.108, 45.672, 45.426, 44.398, 43.965, 43.98, 44.452, 44.713, 43.48, 42.932, 43.184, 42.42, 41.093, 41.205, 41.885, 41.695, 40.326, 39.359, 39.07, 38.768, 38.612, 38.684, 39.391, 39.759, 39.675, 39.493, 39.193, 39.044, 39.039, 39.266, 39.068, 38.946, 39.091, 36.86], [36.75, 36.861, 37.186, 37.057, 36.112, 35.613, 35.822, 35.242, 34.467, 32.627, 30.799, 29.247, 27.25, 26.118, 25.124, 23.547, 21.075, 16.055, 11.468, 9.957, 6.927, 0.0, 8.14, 11.918, 14.702, 21.7, 28.123, 29.901, 30.878, 32.906, 34.927, 36.313, 37.07, 37.549, 37.737, 37.827, 37.692, 37.827, 38.299, 38.348, 38.245, 38.147, 38.244, 39.044, 39.153, 38.742, 38.72, 38.638, 37.809, 37.967, 38.34, 38.229, 38.863, 38.89, 38.862, 38.3, 38.331, 40.62, 42.006, 42.24, 43.26, 44.347, 44.649, 44.556, 44.76, 45.455, 45.97, 45.708, 44.683, 44.241, 44.283, 44.78, 45.024, 43.766, 43.218, 43.464, 42.63, 41.219, 41.304, 41.997, 41.834, 40.491, 39.524, 39.253, 38.976, 38.762, 38.758, 39.443, 39.78, 39.685, 39.533, 39.24, 39.088, 39.086, 39.327, 39.141, 39.027, 39.169, 36.911], [36.172, 36.307, 36.62, 36.434, 35.496, 35.075, 35.346, 34.9, 34.343, 32.66, 30.932, 29.574, 27.811, 26.838, 26.039, 24.652, 22.515, 18.543, 15.517, 14.725, 13.121, 8.14, 0.0, 5.717, 10.45, 18.715, 25.764, 27.74, 28.8, 31.04, 33.388, 35.001, 35.851, 36.404, 36.63, 36.749, 36.668, 36.886, 37.494, 37.621, 37.514, 37.377, 37.583, 38.626, 38.874, 38.481, 38.488, 38.389, 37.55, 37.716, 38.112, 38.093, 38.804, 38.828, 38.837, 38.372, 38.446, 40.723, 42.12, 42.333, 43.271, 44.187, 44.425, 44.375, 44.549, 45.233, 45.785, 45.578, 44.542, 44.068, 44.151, 44.694, 44.942, 43.647, 43.085, 43.342, 42.461, 41.011, 41.16, 41.905, 41.721, 40.344, 39.346, 39.065, 38.786, 38.503, 38.431, 39.138, 39.471, 39.369, 39.228, 38.909, 38.759, 38.749, 38.993, 38.8, 38.686, 38.838, 36.313], [35.876, 36.033, 36.359, 36.175, 35.269, 34.889, 35.172, 34.754, 34.321, 32.751, 31.135, 29.944, 28.369, 27.492, 26.749, 25.368, 23.216, 19.628, 17.453, 16.89, 15.588, 11.918, 5.717, 0.0, 7.279, 17.069, 24.439, 26.438, 27.521, 29.879, 32.472, 34.241, 35.131, 35.715, 35.968, 36.112, 36.092, 36.372, 37.036, 37.203, 37.114, 36.972, 37.211, 38.358, 38.686, 38.348, 38.373, 38.252, 37.445, 37.624, 38.018, 38.076, 38.836, 38.872, 38.905, 38.463, 38.452, 40.611, 42.02, 42.209, 43.03, 43.819, 44.036, 44.04, 44.18, 44.834, 45.444, 45.285, 44.219, 43.739, 43.841, 44.388, 44.638, 43.353, 42.794, 43.062, 42.202, 40.812, 41.052, 41.836, 41.628, 40.234, 39.218, 38.908, 38.626, 38.3, 38.2, 38.919, 39.258, 39.145, 38.984, 38.646, 38.515, 38.51, 38.754, 38.576, 38.486, 38.644, 36.011], [34.89, 35.056, 35.428, 35.303, 34.581, 34.449, 34.794, 34.506, 34.412, 32.965, 31.422, 30.426, 28.927, 27.987, 27.277, 25.911, 23.879, 20.744, 19.137, 18.787, 17.683, 14.702, 10.45, 7.279, 0.0, 11.976, 20.829, 23.155, 24.32, 27.225, 30.471, 32.59, 33.596, 34.222, 34.53, 34.735, 34.797, 35.148, 35.864, 36.055, 35.968, 35.839, 36.105, 37.356, 37.752, 37.484, 37.647, 37.566, 36.755, 36.983, 37.408, 37.588, 38.474, 38.518, 38.562, 38.155, 38.172, 40.343, 41.801, 42.019, 42.813, 43.544, 43.71, 43.719, 43.873, 44.54, 45.166, 45.006, 43.872, 43.353, 43.466, 44.027, 44.236, 42.892, 42.336, 42.604, 41.682, 40.214, 40.466, 41.32, 41.113, 39.609, 38.44, 38.052, 37.755, 37.37, 37.321, 38.112, 38.443, 38.297, 38.122, 37.768, 37.631, 37.646, 37.952, 37.787, 37.693, 37.882, 35.018], [33.525, 33.712, 34.163, 34.174, 33.891, 34.404, 34.928, 34.878, 35.441, 34.398, 33.091, 32.415, 31.008, 30.029, 29.493, 28.415, 26.991, 25.025, 24.302, 24.244, 23.646, 21.7, 18.715, 17.069, 11.976, 0.0, 11.363, 15.332, 16.871, 21.251, 26.172, 29.089, 30.386, 31.152, 31.57, 31.856, 32.045, 32.478, 33.284, 33.585, 33.566, 33.564, 34.051, 35.604, 36.213, 36.153, 36.69, 36.879, 36.109, 36.356, 36.876, 37.283, 38.377, 38.427, 38.502, 38.17, 38.311, 40.526, 41.988, 42.183, 42.915, 43.581, 43.663, 43.599, 43.771, 44.5, 45.208, 45.16, 44.034, 43.423, 43.539, 44.16, 44.307, 42.856, 42.304, 42.556, 41.502, 39.906, 40.134, 41.01, 40.812, 39.199, 37.725, 37.079, 36.696, 36.261, 36.289, 37.208, 37.544, 37.364, 37.177, 36.815, 36.649, 36.591, 36.931, 36.776, 36.654, 36.88, 33.629], [33.746, 33.939, 34.405, 34.548, 34.661, 35.648, 36.328, 36.353, 37.2, 36.531, 35.619, 35.262, 33.997, 33.093, 32.678, 31.84, 30.855, 29.644, 29.472, 29.595, 29.363, 28.123, 25.764, 24.439, 20.829, 11.363, 0.0, 6.692, 9.775, 15.482, 22.214, 26.043, 27.618, 28.518, 29.056, 29.425, 29.803, 30.33, 31.27, 31.836, 32.019, 32.207, 32.929, 34.8, 35.679, 35.902, 36.8, 37.27, 36.647, 36.865, 37.463, 38.096, 39.329, 39.363, 39.42, 39.169, 39.408, 41.515, 42.892, 43.041, 43.677, 44.182, 44.148, 44.03, 44.172, 44.898, 45.655, 45.699, 44.609, 43.95, 44.056, 44.691, 44.811, 43.359, 42.836, 43.052, 41.956, 40.411, 40.673, 41.522, 41.372, 39.867, 38.314, 37.462, 37.038, 36.604, 36.606, 37.539, 37.865, 37.634, 37.426, 37.068, 36.847, 36.654, 36.924, 36.785, 36.635, 36.846, 33.818], [34.006, 34.194, 34.64, 34.813, 35.014, 36.09, 36.823, 36.83, 37.658, 37.069, 36.323, 36.095, 34.887, 34.008, 33.625, 32.837, 31.951, 30.907, 30.86, 31.045, 30.926, 29.901, 27.74, 26.438, 23.155, 15.332, 6.692, 0.0, 6.161, 13.432, 20.433, 24.505, 26.189, 27.129, 27.715, 28.127, 28.683, 29.346, 30.384, 31.092, 31.344, 31.563, 32.307, 34.303, 35.398, 35.808, 36.789, 37.374, 36.862, 37.09, 37.772, 38.509, 39.77, 39.796, 39.837, 39.625, 39.928, 42.029, 43.384, 43.494, 44.069, 44.501, 44.413, 44.274, 44.408, 45.106, 45.841, 45.907, 44.828, 44.16, 44.275, 44.907, 44.99, 43.528, 43.014, 43.191, 42.083, 40.554, 40.807, 41.655, 41.54, 40.091, 38.559, 37.646, 37.178, 36.748, 36.732, 37.641, 37.96, 37.704, 37.473, 37.103, 36.847, 36.601, 36.819, 36.664, 36.485, 36.671, 34.056], [34.593, 34.75, 35.14, 35.28, 35.449, 36.469, 37.237, 37.352, 38.237, 37.719, 37.026, 36.84, 35.693, 34.835, 34.466, 33.724, 32.876, 31.867, 31.785, 31.935, 31.815, 30.878, 28.8, 27.521, 24.32, 16.871, 9.775, 6.161, 0.0, 10.242, 19.238, 23.854, 25.614, 26.682, 27.394, 27.827, 28.529, 29.309, 30.406, 31.188, 31.503, 31.789, 32.583, 34.588, 35.679, 36.147, 37.209, 37.817, 37.327, 37.562, 38.229, 38.917, 40.111, 40.141, 40.201, 40.014, 40.297, 42.305, 43.624, 43.713, 44.269, 44.71, 44.621, 44.472, 44.58, 45.223, 45.926, 45.999, 44.954, 44.313, 44.429, 45.032, 45.086, 43.636, 43.122, 43.295, 42.25, 40.823, 41.1, 41.944, 41.85, 40.418, 38.886, 37.962, 37.482, 37.029, 36.994, 37.867, 38.186, 37.935, 37.703, 37.337, 37.097, 36.874, 37.101, 36.964, 36.799, 36.955, 34.655], [34.935, 35.08, 35.46, 35.573, 35.726, 36.738, 37.504, 37.687, 38.699, 38.376, 37.855, 37.792, 36.719, 35.921, 35.624, 35.021, 34.309, 33.464, 33.421, 33.601, 33.618, 32.906, 31.04, 29.879, 27.225, 21.251, 15.482, 13.432, 10.242, 0.0, 12.214, 18.807, 21.134, 22.639, 23.858, 24.455, 25.548, 26.763, 28.234, 29.428, 29.977, 30.403, 31.328, 33.682, 35.024, 35.622, 36.906, 37.693, 37.286, 37.545, 38.318, 39.155, 40.387, 40.422, 40.462, 40.294, 40.587, 42.477, 43.764, 43.866, 44.377, 44.743, 44.729, 44.643, 44.689, 45.363, 46.14, 46.221, 45.14, 44.495, 44.623, 45.229, 45.31, 43.91, 43.403, 43.562, 42.54, 41.199, 41.481, 42.265, 42.137, 40.719, 39.186, 38.288, 37.851, 37.434, 37.395, 38.246, 38.574, 38.337, 38.12, 37.766, 37.552, 37.343, 37.529, 37.378, 37.233, 37.381, 35.002], [35.18, 35.331, 35.735, 35.846, 36.029, 37.052, 37.759, 37.849, 38.869, 38.717, 38.416, 38.446, 37.426, 36.723, 36.534, 36.111, 35.548, 34.898, 34.98, 35.22, 35.393, 34.927, 33.388, 32.472, 30.471, 26.172, 22.214, 20.433, 19.238, 12.214, 0.0, 8.966, 13.019, 15.423, 17.451, 18.471, 20.187, 22.085, 24.142, 25.999, 26.845, 27.273, 28.059, 30.762, 32.659, 33.578, 35.182, 36.418, 36.292, 36.59, 37.664, 39.052, 40.604, 40.65, 40.633, 40.456, 40.794, 42.705, 43.985, 44.069, 44.535, 44.797, 44.848, 44.82, 44.834, 45.599, 46.501, 46.633, 45.527, 44.872, 45.013, 45.625, 45.747, 44.383, 43.883, 44.013, 42.947, 41.574, 41.791, 42.48, 42.298, 40.868, 39.338, 38.481, 38.073, 37.708, 37.638, 38.465, 38.802, 38.594, 38.396, 38.065, 37.856, 37.62, 37.748, 37.549, 37.396, 37.559, 35.232], [35.394, 35.56, 35.961, 36.069, 36.245, 37.24, 37.917, 37.971, 39.006, 38.967, 38.852, 38.948, 37.961, 37.339, 37.228, 36.905, 36.421, 35.896, 36.104, 36.402, 36.631, 36.313, 35.001, 34.241, 32.59, 29.089, 26.043, 24.505, 23.854, 18.807, 8.966, 0.0, 5.94, 10.017, 13.01, 14.449, 16.549, 18.863, 21.3, 23.584, 24.608, 25.035, 25.684, 28.507, 30.839, 32.089, 33.865, 35.41, 35.551, 35.847, 37.056, 38.939, 40.829, 40.923, 40.883, 40.634, 40.891, 42.818, 44.09, 44.132, 44.596, 44.839, 44.94, 44.951, 44.954, 45.759, 46.729, 46.864, 45.739, 45.083, 45.226, 45.83, 45.965, 44.616, 44.106, 44.22, 43.129, 41.725, 41.886, 42.54, 42.34, 40.925, 39.456, 38.623, 38.225, 37.856, 37.711, 38.501, 38.87, 38.699, 38.51, 38.201, 38.005, 37.768, 37.882, 37.675, 37.523, 37.673, 35.457], [35.604, 35.752, 36.128, 36.219, 36.361, 37.306, 37.97, 38.03, 39.098, 39.12, 39.076, 39.242, 38.344, 37.771, 37.676, 37.386, 36.936, 36.484, 36.77, 37.102, 37.33, 37.07, 35.851, 35.131, 33.596, 30.386, 27.618, 26.189, 25.614, 21.134, 13.019, 5.94, 0.0, 5.94, 10.503, 12.482, 15.037, 17.759, 20.405, 22.801, 23.895, 24.465, 25.268, 28.275, 30.844, 32.241, 34.005, 35.591, 35.776, 36.053, 37.238, 39.124, 41.047, 41.17, 41.144, 40.846, 41.039, 42.946, 44.193, 44.206, 44.655, 44.881, 44.97, 44.983, 44.961, 45.766, 46.752, 46.857, 45.715, 45.063, 45.221, 45.83, 45.97, 44.63, 44.106, 44.215, 43.128, 41.708, 41.828, 42.489, 42.303, 40.903, 39.49, 38.725, 38.366, 37.986, 37.809, 38.615, 39.028, 38.879, 38.694, 38.389, 38.207, 37.997, 38.121, 37.94, 37.801, 37.931, 35.708], [35.806, 35.933, 36.29, 36.371, 36.485, 37.37, 38.019, 38.077, 39.155, 39.21, 39.181, 39.378, 38.589, 38.096, 38.009, 37.714, 37.289, 36.877, 37.203, 37.56, 37.782, 37.549, 36.404, 35.715, 34.222, 31.152, 28.518, 27.129, 26.682, 22.639, 15.423, 10.017, 5.94, 0.0, 6.001, 9.239, 12.821, 16.124, 19.108, 21.747, 22.98, 23.743, 24.75, 27.962, 30.742, 32.255, 34.032, 35.634, 35.864, 36.143, 37.331, 39.229, 41.15, 41.279, 41.264, 40.969, 41.193, 43.102, 44.319, 44.345, 44.81, 45.009, 45.027, 45.013, 44.988, 45.769, 46.715, 46.783, 45.643, 45.0, 45.156, 45.746, 45.863, 44.524, 43.995, 44.097, 43.041, 41.661, 41.789, 42.471, 42.315, 40.935, 39.552, 38.849, 38.518, 38.156, 37.972, 38.747, 39.169, 39.044, 38.867, 38.558, 38.368, 38.162, 38.298, 38.153, 38.031, 38.131, 35.928], [35.924, 36.037, 36.39, 36.46, 36.535, 37.359, 37.995, 38.046, 39.131, 39.19, 39.166, 39.37, 38.628, 38.215, 38.17, 37.866, 37.424, 37.014, 37.375, 37.744, 37.958, 37.737, 36.63, 35.968, 34.53, 31.57, 29.056, 27.715, 27.394, 23.858, 17.451, 13.01, 10.503, 6.001, 0.0, 5.134, 10.508, 14.292, 17.54, 20.527, 22.009, 22.982, 24.145, 27.493, 30.379, 31.938, 33.753, 35.371, 35.622, 35.913, 37.107, 39.076, 41.074, 41.199, 41.167, 40.886, 41.136, 43.039, 44.241, 44.289, 44.787, 44.99, 44.966, 44.965, 44.974, 45.743, 46.656, 46.716, 45.596, 44.958, 45.098, 45.66, 45.748, 44.394, 43.852, 43.958, 42.956, 41.64, 41.803, 42.501, 42.367, 41.005, 39.629, 38.94, 38.631, 38.297, 38.094, 38.834, 39.248, 39.132, 38.96, 38.647, 38.447, 38.23, 38.367, 38.24, 38.134, 38.216, 36.044], [35.792, 35.917, 36.284, 36.363, 36.421, 37.215, 37.835, 37.88, 38.979, 39.043, 39.018, 39.222, 38.481, 38.112, 38.135, 37.86, 37.411, 37.028, 37.428, 37.804, 38.028, 37.827, 36.749, 36.112, 34.735, 31.856, 29.425, 28.127, 27.827, 24.455, 18.471, 14.449, 12.482, 9.239, 5.134, 0.0, 7.054, 12.102, 15.93, 19.269, 21.011, 22.163, 23.504, 27.094, 30.054, 31.631, 33.52, 35.175, 35.389, 35.686, 36.882, 38.831, 40.855, 40.972, 40.951, 40.677, 40.928, 42.871, 44.068, 44.112, 44.636, 44.882, 44.853, 44.88, 44.936, 45.736, 46.657, 46.711, 45.579, 44.932, 45.079, 45.634, 45.708, 44.341, 43.772, 43.874, 42.895, 41.531, 41.65, 42.362, 42.237, 40.88, 39.516, 38.83, 38.55, 38.231, 38.015, 38.76, 39.196, 39.099, 38.941, 38.632, 38.429, 38.208, 38.345, 38.231, 38.142, 38.228, 35.91], [35.292, 35.471, 35.881, 35.976, 36.045, 36.874, 37.491, 37.506, 38.602, 38.671, 38.645, 38.835, 38.05, 37.658, 37.716, 37.483, 37.089, 36.777, 37.23, 37.639, 37.878, 37.692, 36.668, 36.092, 34.797, 32.045, 29.803, 28.683, 28.529, 25.548, 20.187, 16.549, 15.037, 12.821, 10.508, 7.054, 0.0, 6.801, 12.521, 16.781, 18.947, 20.312, 21.779, 25.769, 28.926, 30.532, 32.559, 34.363, 34.571, 34.866, 36.075, 38.131, 40.274, 40.394, 40.395, 40.081, 40.307, 42.395, 43.627, 43.687, 44.294, 44.599, 44.602, 44.663, 44.751, 45.585, 46.527, 46.563, 45.394, 44.725, 44.888, 45.477, 45.564, 44.171, 43.575, 43.665, 42.638, 41.136, 41.186, 41.936, 41.817, 40.416, 39.042, 38.336, 38.021, 37.711, 37.566, 38.337, 38.796, 38.712, 38.555, 38.255, 38.041, 37.78, 37.922, 37.795, 37.699, 37.802, 35.381], [35.115, 35.314, 35.736, 35.855, 35.959, 36.845, 37.457, 37.424, 38.503, 38.535, 38.508, 38.676, 37.807, 37.363, 37.413, 37.2, 36.906, 36.733, 37.292, 37.74, 37.988, 37.827, 36.886, 36.372, 35.148, 32.478, 30.33, 29.346, 29.309, 26.763, 22.085, 18.863, 17.759, 16.124, 14.292, 12.102, 6.801, 0.0, 7.83, 13.812, 16.745, 18.45, 20.015, 24.352, 27.725, 29.376, 31.6, 33.577, 33.839, 34.142, 35.363, 37.578, 39.854, 39.979, 39.968, 39.622, 39.834, 42.004, 43.271, 43.364, 44.023, 44.338, 44.373, 44.475, 44.569, 45.422, 46.421, 46.496, 45.309, 44.613, 44.767, 45.382, 45.506, 44.101, 43.502, 43.588, 42.506, 40.946, 41.019, 41.814, 41.703, 40.279, 38.902, 38.155, 37.762, 37.487, 37.466, 38.264, 38.704, 38.596, 38.432, 38.127, 37.884, 37.558, 37.671, 37.514, 37.388, 37.492, 35.172], [35.115, 35.297, 35.691, 35.792, 35.888, 36.777, 37.352, 37.292, 38.38, 38.377, 38.362, 38.518, 37.608, 37.18, 37.243, 37.041, 36.823, 36.863, 37.628, 38.115, 38.383, 38.299, 37.494, 37.036, 35.864, 33.284, 31.27, 30.384, 30.406, 28.234, 24.142, 21.3, 20.405, 19.108, 17.54, 15.93, 12.521, 7.83, 0.0, 8.167, 12.866, 15.449, 17.505, 22.573, 26.406, 28.271, 30.784, 32.957, 33.34, 33.693, 34.976, 37.35, 39.713, 39.84, 39.823, 39.442, 39.59, 41.724, 43.003, 43.119, 43.788, 44.078, 44.121, 44.235, 44.35, 45.25, 46.303, 46.407, 45.193, 44.48, 44.623, 45.23, 45.383, 44.004, 43.431, 43.518, 42.397, 40.776, 40.889, 41.773, 41.698, 40.298, 38.961, 38.167, 37.704, 37.483, 37.596, 38.42, 38.818, 38.719, 38.591, 38.293, 38.032, 37.656, 37.719, 37.541, 37.397, 37.502, 35.16], [34.554, 34.743, 35.153, 35.229, 35.285, 36.185, 36.741, 36.644, 37.771, 37.826, 37.863, 38.04, 37.14, 36.756, 36.861, 36.66, 36.437, 36.63, 37.572, 38.099, 38.379, 38.348, 37.621, 37.203, 36.055, 33.585, 31.836, 31.092, 31.188, 29.428, 25.999, 23.584, 22.801, 21.747, 20.527, 19.269, 16.781, 13.812, 8.167, 0.0, 6.912, 11.325, 14.318, 20.402, 24.833, 26.902, 29.574, 31.912, 32.38, 32.815, 34.181, 36.732, 39.219, 39.36, 39.371, 38.999, 39.148, 41.368, 42.671, 42.845, 43.647, 43.983, 44.042, 44.125, 44.243, 45.154, 46.164, 46.219, 44.968, 44.239, 44.377, 44.992, 45.159, 43.779, 43.233, 43.338, 42.142, 40.394, 40.489, 41.438, 41.393, 39.992, 38.652, 37.807, 37.295, 37.086, 37.314, 38.224, 38.611, 38.498, 38.373, 38.086, 37.825, 37.42, 37.462, 37.252, 37.087, 37.209, 34.576], [34.135, 34.333, 34.752, 34.798, 34.806, 35.721, 36.293, 36.14, 37.256, 37.374, 37.43, 37.614, 36.768, 36.406, 36.554, 36.385, 36.179, 36.43, 37.442, 37.999, 38.285, 38.245, 37.514, 37.114, 35.968, 33.566, 32.019, 31.344, 31.503, 29.977, 26.845, 24.608, 23.895, 22.98, 22.009, 21.011, 18.947, 16.745, 12.866, 6.912, 0.0, 6.285, 11.135, 18.31, 23.28, 25.646, 28.476, 30.951, 31.47, 31.962, 33.392, 36.12, 38.697, 38.845, 38.89, 38.562, 38.824, 41.203, 42.558, 42.753, 43.601, 44.005, 44.105, 44.151, 44.244, 45.156, 46.154, 46.164, 44.873, 44.115, 44.241, 44.869, 45.037, 43.634, 43.096, 43.211, 41.993, 40.217, 40.278, 41.181, 41.106, 39.688, 38.38, 37.573, 37.068, 36.845, 37.09, 38.037, 38.44, 38.306, 38.157, 37.872, 37.615, 37.218, 37.268, 37.024, 36.837, 36.968, 34.148], [33.877, 34.08, 34.499, 34.503, 34.472, 35.403, 35.998, 35.815, 36.919, 37.069, 37.095, 37.247, 36.452, 36.1, 36.263, 36.117, 35.923, 36.234, 37.284, 37.85, 38.177, 38.147, 37.377, 36.972, 35.839, 33.564, 32.207, 31.563, 31.789, 30.403, 27.273, 25.035, 24.465, 23.743, 22.982, 22.163, 20.312, 18.45, 15.449, 11.325, 6.285, 0.0, 7.172, 16.135, 21.599, 24.201, 27.293, 30.023, 30.643, 31.165, 32.659, 35.583, 38.282, 38.44, 38.497, 38.18, 38.52, 41.004, 42.401, 42.587, 43.426, 43.866, 44.05, 44.128, 44.215, 45.157, 46.168, 46.158, 44.87, 44.108, 44.225, 44.858, 45.0, 43.556, 43.015, 43.14, 41.908, 40.128, 40.163, 40.998, 40.864, 39.418, 38.154, 37.402, 36.919, 36.681, 36.908, 37.863, 38.29, 38.176, 38.03, 37.74, 37.486, 37.12, 37.201, 36.948, 36.765, 36.914, 33.901], [33.92, 34.133, 34.597, 34.638, 34.674, 35.702, 36.356, 36.131, 37.161, 37.302, 37.335, 37.475, 36.657, 36.248, 36.353, 36.165, 35.901, 36.161, 37.217, 37.807, 38.184, 38.244, 37.583, 37.211, 36.105, 34.051, 32.929, 32.307, 32.583, 31.328, 28.059, 25.684, 25.268, 24.75, 24.145, 23.504, 21.779, 20.015, 17.505, 14.318, 11.135, 7.172, 0.0, 10.941, 18.233, 21.66, 25.273, 28.567, 29.419, 29.927, 31.581, 34.949, 37.924, 38.105, 38.196, 37.929, 38.329, 40.887, 42.288, 42.459, 43.288, 43.718, 44.042, 44.225, 44.356, 45.405, 46.508, 46.565, 45.322, 44.581, 44.704, 45.323, 45.457, 43.995, 43.455, 43.589, 42.318, 40.518, 40.512, 41.27, 41.086, 39.591, 38.225, 37.364, 36.876, 36.652, 36.886, 37.87, 38.305, 38.167, 38.0, 37.705, 37.421, 37.03, 37.146, 36.906, 36.722, 36.886, 33.956], [35.115, 35.31, 35.754, 35.833, 35.958, 36.985, 37.654, 37.477, 38.366, 38.47, 38.567, 38.679, 37.829, 37.409, 37.434, 37.202, 36.875, 36.969, 37.916, 38.5, 38.878, 39.044, 38.626, 38.358, 37.356, 35.604, 34.8, 34.303, 34.588, 33.682, 30.762, 28.507, 28.275, 27.962, 27.493, 27.094, 25.769, 24.352, 22.573, 20.402, 18.31, 16.135, 10.941, 0.0, 10.828, 17.248, 22.043, 26.168, 27.633, 28.123, 29.946, 34.114, 37.597, 37.855, 37.95, 37.784, 38.322, 40.869, 42.215, 42.371, 43.177, 43.682, 44.247, 44.517, 44.698, 45.863, 47.076, 47.241, 46.12, 45.429, 45.523, 46.08, 46.226, 44.831, 44.327, 44.495, 43.297, 41.609, 41.553, 42.121, 41.886, 40.435, 39.046, 38.127, 37.708, 37.572, 37.768, 38.686, 39.079, 38.873, 38.708, 38.442, 38.15, 37.728, 37.839, 37.626, 37.435, 37.572, 35.134], [35.766, 35.941, 36.347, 36.401, 36.447, 37.294, 37.894, 37.784, 38.613, 38.68, 38.797, 38.807, 37.933, 37.649, 37.728, 37.536, 37.239, 37.269, 38.099, 38.614, 38.962, 39.153, 38.874, 38.686, 37.752, 36.213, 35.679, 35.398, 35.679, 35.024, 32.659, 30.839, 30.844, 30.742, 30.379, 30.054, 28.926, 27.725, 26.406, 24.833, 23.28, 21.599, 18.233, 10.828, 0.0, 9.704, 16.938, 21.998, 24.147, 24.929, 26.828, 31.873, 36.121, 36.488, 36.482, 36.319, 37.106, 39.895, 41.34, 41.604, 42.584, 43.437, 44.25, 44.595, 44.815, 45.942, 47.063, 47.213, 46.139, 45.496, 45.567, 46.105, 46.285, 44.952, 44.466, 44.653, 43.521, 41.93, 41.891, 42.355, 42.078, 40.628, 39.284, 38.444, 38.093, 38.028, 38.255, 39.131, 39.527, 39.359, 39.19, 38.923, 38.685, 38.294, 38.385, 38.167, 37.979, 38.099, 35.788], [35.722, 35.894, 36.311, 36.375, 36.35, 37.057, 37.596, 37.496, 38.295, 38.321, 38.392, 38.306, 37.402, 37.231, 37.379, 37.224, 36.958, 36.977, 37.769, 38.247, 38.571, 38.742, 38.481, 38.348, 37.484, 36.153, 35.902, 35.808, 36.147, 35.622, 33.578, 32.089, 32.241, 32.255, 31.938, 31.631, 30.532, 29.376, 28.271, 26.902, 25.646, 24.201, 21.66, 17.248, 9.704, 0.0, 10.17, 17.36, 19.934, 21.013, 23.266, 28.925, 33.78, 34.217, 34.15, 34.048, 35.236, 38.415, 39.977, 40.384, 41.639, 42.852, 43.947, 44.428, 44.69, 45.819, 46.915, 47.052, 45.963, 45.332, 45.402, 45.964, 46.168, 44.857, 44.386, 44.571, 43.475, 41.929, 41.92, 42.407, 42.115, 40.625, 39.261, 38.424, 38.061, 38.006, 38.296, 39.191, 39.595, 39.458, 39.263, 38.975, 38.774, 38.413, 38.498, 38.248, 38.05, 38.174, 35.723], [36.086, 36.259, 36.68, 36.768, 36.699, 37.277, 37.749, 37.594, 38.321, 38.357, 38.391, 38.227, 37.342, 37.257, 37.447, 37.307, 37.041, 37.053, 37.832, 38.268, 38.554, 38.72, 38.488, 38.373, 37.647, 36.69, 36.8, 36.789, 37.209, 36.906, 35.182, 33.865, 34.005, 34.032, 33.753, 33.52, 32.559, 31.6, 30.784, 29.574, 28.476, 27.293, 25.273, 22.043, 16.938, 10.17, 0.0, 10.529, 14.96, 15.977, 19.2, 26.069, 31.487, 31.979, 31.984, 32.15, 33.76, 37.163, 38.78, 39.326, 40.817, 42.231, 43.568, 44.182, 44.495, 45.658, 46.768, 46.901, 45.861, 45.272, 45.294, 45.822, 46.017, 44.728, 44.271, 44.46, 43.435, 41.979, 41.989, 42.486, 42.216, 40.77, 39.44, 38.566, 38.192, 38.178, 38.452, 39.285, 39.697, 39.587, 39.388, 39.112, 38.928, 38.571, 38.657, 38.431, 38.24, 38.342, 36.078], [36.216, 36.411, 36.859, 36.962, 36.88, 37.425, 37.866, 37.657, 38.319, 38.293, 38.277, 38.104, 37.229, 37.208, 37.481, 37.384, 37.164, 37.151, 37.855, 38.269, 38.505, 38.638, 38.389, 38.252, 37.566, 36.879, 37.27, 37.374, 37.817, 37.693, 36.418, 35.41, 35.591, 35.634, 35.371, 35.175, 34.363, 33.577, 32.957, 31.912, 30.951, 30.023, 28.567, 26.168, 21.998, 17.36, 10.529, 0.0, 7.773, 9.976, 13.827, 22.74, 29.11, 29.73, 30.002, 30.6, 32.647, 36.413, 38.226, 38.894, 40.472, 41.961, 43.373, 44.038, 44.406, 45.526, 46.599, 46.732, 45.738, 45.194, 45.204, 45.726, 45.938, 44.672, 44.219, 44.425, 43.456, 42.049, 42.094, 42.628, 42.393, 40.997, 39.69, 38.836, 38.431, 38.385, 38.645, 39.43, 39.813, 39.697, 39.5, 39.181, 38.965, 38.645, 38.77, 38.544, 38.352, 38.454, 36.213], [35.392, 35.608, 36.109, 36.249, 36.182, 36.78, 37.271, 37.063, 37.745, 37.656, 37.544, 37.381, 36.474, 36.411, 36.701, 36.606, 36.402, 36.338, 37.012, 37.474, 37.693, 37.809, 37.55, 37.445, 36.755, 36.109, 36.647, 36.862, 37.327, 37.286, 36.292, 35.551, 35.776, 35.864, 35.622, 35.389, 34.571, 33.839, 33.34, 32.38, 31.47, 30.643, 29.419, 27.633, 24.147, 19.934, 14.96, 7.773, 0.0, 5.644, 11.115, 19.998, 26.637, 27.346, 27.717, 28.532, 31.126, 35.478, 37.461, 38.169, 39.847, 41.429, 42.844, 43.513, 43.916, 45.066, 46.144, 46.228, 45.214, 44.69, 44.75, 45.336, 45.578, 44.295, 43.836, 44.065, 43.049, 41.524, 41.556, 42.171, 41.971, 40.554, 39.209, 38.384, 37.965, 37.872, 38.131, 38.975, 39.375, 39.241, 39.046, 38.708, 38.449, 38.125, 38.274, 38.027, 37.837, 37.977, 35.38], [35.7, 35.93, 36.432, 36.578, 36.513, 37.088, 37.561, 37.313, 37.947, 37.857, 37.741, 37.554, 36.623, 36.579, 36.879, 36.802, 36.587, 36.484, 37.153, 37.637, 37.86, 37.967, 37.716, 37.624, 36.983, 36.356, 36.865, 37.09, 37.562, 37.545, 36.59, 35.847, 36.053, 36.143, 35.913, 35.686, 34.866, 34.142, 33.693, 32.815, 31.962, 31.165, 29.927, 28.123, 24.929, 21.013, 15.977, 9.976, 5.644, 0.0, 8.309, 18.693, 25.693, 26.42, 26.831, 27.853, 30.705, 35.281, 37.305, 38.027, 39.792, 41.458, 42.909, 43.562, 43.957, 45.096, 46.176, 46.272, 45.283, 44.773, 44.84, 45.423, 45.681, 44.426, 43.983, 44.226, 43.228, 41.731, 41.761, 42.382, 42.206, 40.804, 39.446, 38.588, 38.169, 38.083, 38.309, 39.141, 39.556, 39.415, 39.216, 38.898, 38.63, 38.28, 38.408, 38.165, 37.978, 38.113, 35.665], [36.305, 36.509, 36.979, 37.121, 37.039, 37.525, 37.928, 37.666, 38.237, 38.15, 38.039, 37.778, 36.884, 36.959, 37.286, 37.219, 36.991, 36.845, 37.485, 37.969, 38.201, 38.34, 38.112, 38.018, 37.408, 36.876, 37.463, 37.772, 38.229, 38.318, 37.664, 37.056, 37.238, 37.331, 37.107, 36.882, 36.075, 35.363, 34.976, 34.181, 33.392, 32.659, 31.581, 29.946, 26.828, 23.266, 19.2, 13.827, 11.115, 8.309, 0.0, 13.466, 22.422, 23.504, 23.993, 25.495, 29.005, 34.296, 36.624, 37.489, 39.537, 41.492, 43.04, 43.677, 44.087, 45.183, 46.188, 46.234, 45.258, 44.767, 44.852, 45.492, 45.814, 44.615, 44.2, 44.484, 43.593, 42.185, 42.203, 42.772, 42.574, 41.159, 39.84, 39.025, 38.589, 38.505, 38.721, 39.45, 39.796, 39.658, 39.461, 39.155, 38.882, 38.537, 38.689, 38.489, 38.315, 38.419, 36.278], [36.987, 37.129, 37.533, 37.673, 37.554, 37.849, 38.167, 37.918, 38.347, 38.184, 37.91, 37.48, 36.75, 37.021, 37.372, 37.318, 37.098, 36.888, 37.448, 37.883, 38.072, 38.229, 38.093, 38.076, 37.588, 37.283, 38.096, 38.509, 38.917, 39.155, 39.052, 38.939, 39.124, 39.229, 39.076, 38.831, 38.131, 37.578, 37.35, 36.732, 36.12, 35.583, 34.949, 34.114, 3