[[0.0, 10.931, 21.068, 27.505, 30.211, 30.549, 30.803, 32.475, 34.776, 36.793, 37.802, 37.949, 38.225, 38.604, 38.537, 38.131, 37.858, 37.842, 37.976, 38.328, 38.676, 38.859, 39.269, 40.303, 41.688, 43.153, 44.387, 44.244, 43.052, 42.326, 42.288, 42.093, 41.363, 40.23, 39.765, 39.859, 39.799, 39.241, 38.942, 39.08, 38.605, 37.609, 37.415, 38.055, 38.501, 39.831, 42.014, 42.298, 41.978, 42.193, 41.833, 41.164, 40.841, 40.588, 40.19, 39.831, 39.734, 39.116, 38.172, 37.723, 37.429, 37.117, 37.07, 37.092, 37.05, 37.022, 37.2, 37.884, 39.018, 40.117, 40.36, 39.875, 39.798, 39.644, 39.016, 38.454, 38.124, 37.645, 37.241, 37.131, 37.271, 37.368, 37.235, 36.977, 36.728, 36.435, 36.477, 36.768, 36.746, 36.607, 36.93, 37.269, 37.279, 37.241, 37.81, 38.385, 38.378, 38.218, 38.444, 38.352, 37.919, 37.691, 37.847, 37.977, 37.731, 37.599, 37.871, 38.207, 38.508, 38.782, 38.749, 38.38, 38.538, 38.655, 37.962, 36.659, 35.879, 35.67, 35.663, 35.782, 35.914, 36.705, 36.898, 36.499, 36.562, 37.024, 37.447, 38.046, 39.071, 40.191, 40.71, 39.954, 38.16, 36.569, 36.002, 36.137, 36.117, 35.563, 35.235, 35.371, 35.63, 35.552, 35.409, 35.778, 36.674, 37.41, 37.842, 38.387, 38.477, 38.684, 39.811, 40.342, 39.557, 38.25, 37.403, 37.41, 37.706, 37.638, 37.289, 36.878, 36.61, 37.211, 38.348, 38.926, 38.424, 37.934, 38.651, 39.431, 39.271, 38.13, 36.673, 35.859, 35.85, 35.927, 35.912, 35.583, 35.248, 35.482, 35.883, 35.763, 35.429, 35.596, 36.137, 36.636, 36.852, 36.899, 36.754, 36.295, 35.941, 35.887, 35.641, 35.525, 36.017, 36.801, 37.449, 37.996, 38.4, 38.746, 39.214, 39.293, 38.548, 37.496, 36.989, 37.236, 37.208, 9.147], [10.931, 0.0, 12.802, 21.673, 25.594, 26.228, 26.633, 28.677, 31.343, 33.65, 34.894, 35.228, 35.697, 36.21, 36.169, 35.758, 35.508, 35.504, 35.651, 36.062, 36.513, 36.768, 37.224, 38.366, 39.934, 41.612, 43.098, 43.214, 42.213, 41.564, 41.562, 41.402, 40.692, 39.486, 38.933, 39.015, 38.974, 38.433, 38.142, 38.276, 37.758, 36.747, 36.568, 37.194, 37.601, 39.021, 41.331, 41.622, 41.324, 41.586, 41.189, 40.433, 40.052, 39.753, 39.323, 38.982, 38.919, 38.272, 37.278, 36.821, 36.533, 36.221, 36.165, 36.164, 36.101, 36.077, 36.274, 36.972, 38.139, 39.188, 39.231, 38.551, 38.367, 38.17, 37.52, 37.016, 36.751, 36.309, 35.978, 35.97, 36.167, 36.287, 36.161, 35.906, 35.654, 35.342, 35.395, 35.731, 35.739, 35.622, 35.997, 36.374, 36.374, 36.29, 36.852, 37.477, 37.582, 37.619, 38.094, 38.121, 37.696, 37.434, 37.555, 37.64, 37.359, 37.2, 37.413, 37.701, 38.009, 38.305, 38.249, 37.838, 37.98, 38.075, 37.305, 35.913, 35.161, 35.043, 35.067, 35.176, 35.26, 36.02, 36.231, 35.878, 35.968, 36.447, 36.888, 37.523, 38.591, 39.743, 40.279, 39.54, 37.766, 36.176, 35.612, 35.763, 35.735, 35.145, 34.765, 34.828, 35.023, 34.908, 34.717, 35.022, 35.926, 36.694, 37.157, 37.813, 38.014, 38.254, 39.402, 39.934, 39.12, 37.743, 36.836, 36.845, 37.171, 37.101, 36.723, 36.31, 36.1, 36.788, 38.027, 38.654, 38.112, 37.542, 38.284, 39.118, 38.955, 37.774, 36.276, 35.46, 35.474, 35.601, 35.669, 35.404, 35.064, 35.246, 35.614, 35.48, 35.137, 35.307, 35.869, 36.378, 36.585, 36.633, 36.498, 36.045, 35.67, 35.587, 35.332, 35.232, 35.727, 36.508, 37.145, 37.709, 38.157, 38.564, 39.097, 39.21, 38.434, 37.273, 36.674, 36.954, 36.931, 17.275], [21.068, 12.802, 0.0, 11.351, 17.716, 19.703, 20.857, 23.554, 26.6, 29.085, 30.539, 31.259, 32.249, 33.088, 33.062, 32.626, 32.443, 32.452, 32.575, 32.997, 33.508, 33.799, 34.249, 35.468, 37.235, 39.153, 40.955, 41.502, 41.073, 40.894, 41.086, 40.935, 40.181, 38.886, 38.242, 38.325, 38.354, 37.878, 37.611, 37.742, 37.244, 36.306, 36.195, 36.778, 37.112, 38.589, 40.982, 41.242, 41.003, 41.429, 41.114, 40.342, 39.919, 39.57, 39.165, 38.921, 38.892, 38.209, 37.225, 36.852, 36.67, 36.428, 36.381, 36.338, 36.235, 36.207, 36.383, 37.031, 38.17, 39.101, 38.842, 37.704, 37.175, 36.94, 36.273, 35.712, 35.479, 35.194, 35.123, 35.385, 35.692, 35.812, 35.659, 35.392, 35.185, 34.925, 34.994, 35.357, 35.397, 35.306, 35.688, 36.063, 36.042, 35.885, 36.355, 37.021, 37.352, 37.767, 38.566, 38.657, 38.226, 37.956, 38.008, 38.009, 37.696, 37.512, 37.637, 37.845, 38.13, 38.415, 38.316, 37.86, 37.95, 37.995, 37.188, 35.825, 35.2, 35.219, 35.279, 35.342, 35.346, 36.023, 36.258, 36.024, 36.169, 36.62, 37.026, 37.652, 38.718, 39.828, 40.286, 39.564, 37.996, 36.705, 36.357, 36.554, 36.539, 36.04, 35.72, 35.736, 35.855, 35.717, 35.505, 35.708, 36.492, 37.224, 37.677, 38.222, 38.33, 38.494, 39.551, 40.069, 39.306, 37.951, 37.032, 36.999, 37.314, 37.273, 36.918, 36.541, 36.431, 37.195, 38.468, 39.13, 38.576, 37.982, 38.704, 39.53, 39.386, 38.279, 36.893, 36.175, 36.19, 36.28, 36.352, 36.157, 35.872, 36.033, 36.354, 36.241, 35.966, 36.162, 36.685, 37.135, 37.313, 37.369, 37.264, 36.864, 36.51, 36.429, 36.175, 36.059, 36.489, 37.168, 37.683, 38.152, 38.564, 38.989, 39.563, 39.728, 39.022, 37.87, 37.213, 37.492, 37.453, 24.724], [27.505, 21.673, 11.351, 0.0, 8.574, 13.243, 16.55, 20.39, 23.759, 26.216, 27.709, 28.811, 30.336, 31.473, 31.483, 31.095, 31.053, 31.13, 31.262, 31.685, 32.185, 32.442, 32.846, 34.059, 35.926, 37.946, 39.771, 40.485, 40.615, 41.098, 41.603, 41.515, 40.791, 39.498, 38.812, 38.887, 38.951, 38.501, 38.225, 38.352, 37.919, 37.075, 37.024, 37.557, 37.865, 39.385, 41.746, 41.943, 41.759, 42.332, 42.133, 41.381, 40.942, 40.585, 40.234, 40.077, 40.059, 39.352, 38.376, 38.076, 38.0, 37.824, 37.795, 37.745, 37.629, 37.591, 37.731, 38.316, 39.403, 40.229, 39.737, 38.196, 37.33, 37.083, 36.457, 35.855, 35.648, 35.497, 35.62, 36.049, 36.394, 36.491, 36.321, 36.044, 35.885, 35.728, 35.843, 36.208, 36.267, 36.21, 36.581, 36.925, 36.906, 36.745, 37.148, 37.823, 38.304, 38.933, 39.86, 39.96, 39.511, 39.224, 39.209, 39.147, 38.836, 38.661, 38.735, 38.874, 39.124, 39.403, 39.257, 38.716, 38.71, 38.692, 37.837, 36.487, 35.982, 36.112, 36.179, 36.198, 36.182, 36.826, 37.081, 36.929, 37.113, 37.526, 37.854, 38.4, 39.408, 40.45, 40.82, 40.132, 38.835, 37.936, 37.848, 38.09, 38.101, 37.742, 37.541, 37.542, 37.605, 37.47, 37.275, 37.425, 38.082, 38.732, 39.126, 39.533, 39.53, 39.596, 40.534, 41.037, 40.361, 39.091, 38.192, 38.096, 38.364, 38.342, 38.014, 37.663, 37.576, 38.282, 39.435, 40.043, 39.522, 39.005, 39.668, 40.404, 40.261, 39.275, 38.086, 37.508, 37.527, 37.56, 37.605, 37.448, 37.226, 37.401, 37.69, 37.605, 37.401, 37.599, 38.055, 38.457, 38.634, 38.704, 38.622, 38.289, 37.987, 37.906, 37.647, 37.499, 37.842, 38.405, 38.822, 39.225, 39.581, 39.957, 40.494, 40.689, 40.093, 39.043, 38.418, 38.68, 38.628, 29.949], [30.211, 25.594, 17.716, 8.574, 0.0, 7.103, 13.309, 18.535, 22.166, 24.571, 26.103, 27.518, 29.386, 30.65, 30.707, 30.456, 30.585, 30.767, 30.956, 31.414, 31.922, 32.172, 32.572, 33.795, 35.714, 37.782, 39.567, 40.25, 40.542, 41.346, 42.043, 42.031, 41.384, 40.169, 39.501, 39.584, 39.677, 39.252, 38.98, 39.106, 38.694, 37.878, 37.831, 38.331, 38.65, 40.14, 42.398, 42.562, 42.41, 43.02, 42.882, 42.174, 41.752, 41.41, 41.084, 40.96, 40.951, 40.234, 39.262, 38.998, 38.958, 38.801, 38.77, 38.725, 38.618, 38.572, 38.682, 39.208, 40.245, 41.059, 40.554, 38.951, 38.044, 37.81, 37.229, 36.651, 36.435, 36.28, 36.389, 36.785, 37.084, 37.15, 36.969, 36.668, 36.499, 36.396, 36.551, 36.916, 36.987, 36.964, 37.343, 37.673, 37.657, 37.517, 37.903, 38.549, 39.057, 39.712, 40.632, 40.76, 40.338, 40.051, 40.006, 39.93, 39.637, 39.467, 39.541, 39.667, 39.902, 40.176, 40.0, 39.402, 39.349, 39.29, 38.38, 37.006, 36.549, 36.721, 36.774, 36.771, 36.804, 37.479, 37.738, 37.599, 37.787, 38.17, 38.435, 38.901, 39.85, 40.853, 41.187, 40.516, 39.33, 38.598, 38.607, 38.862, 38.878, 38.574, 38.428, 38.409, 38.434, 38.3, 38.132, 38.287, 38.907, 39.51, 39.87, 40.266, 40.274, 40.34, 41.253, 41.759, 41.121, 39.91, 39.045, 38.93, 39.165, 39.144, 38.836, 38.503, 38.409, 39.047, 40.102, 40.664, 40.186, 39.742, 40.365, 41.034, 40.885, 39.953, 38.848, 38.319, 38.328, 38.336, 38.359, 38.195, 37.981, 38.15, 38.425, 38.349, 38.17, 38.366, 38.784, 39.161, 39.346, 39.429, 39.361, 39.072, 38.814, 38.718, 38.447, 38.297, 38.616, 39.127, 39.518, 39.921, 40.262, 40.595, 41.076, 41.265, 40.718, 39.716, 39.118, 39.37, 39.332, 32.344], [30.549, 26.228, 19.703, 13.243, 7.103, 0.0, 8.066, 14.764, 19.14, 21.895, 23.613, 25.255, 27.384, 28.754, 28.853, 28.776, 29.076, 29.345, 29.6, 30.122, 30.674, 30.946, 31.377, 32.67, 34.69, 36.885, 38.788, 39.5, 39.759, 40.611, 41.42, 41.487, 40.897, 39.773, 39.196, 39.329, 39.452, 39.109, 38.931, 39.078, 38.626, 37.771, 37.709, 38.237, 38.583, 39.974, 42.117, 42.287, 42.155, 42.737, 42.61, 41.936, 41.536, 41.199, 40.858, 40.717, 40.702, 39.991, 39.042, 38.78, 38.712, 38.534, 38.497, 38.454, 38.351, 38.305, 38.429, 38.977, 40.022, 40.862, 40.416, 38.929, 38.128, 37.896, 37.315, 36.762, 36.53, 36.334, 36.384, 36.709, 36.963, 37.001, 36.807, 36.488, 36.271, 36.15, 36.315, 36.676, 36.733, 36.707, 37.097, 37.428, 37.398, 37.253, 37.641, 38.252, 38.714, 39.332, 40.239, 40.406, 40.034, 39.774, 39.75, 39.697, 39.426, 39.284, 39.396, 39.546, 39.788, 40.068, 39.901, 39.305, 39.275, 39.229, 38.303, 36.902, 36.44, 36.604, 36.648, 36.644, 36.708, 37.436, 37.728, 37.591, 37.767, 38.14, 38.404, 38.881, 39.85, 40.867, 41.208, 40.525, 39.27, 38.445, 38.412, 38.658, 38.656, 38.329, 38.162, 38.117, 38.129, 37.981, 37.789, 37.928, 38.559, 39.182, 39.563, 39.996, 40.024, 40.12, 41.078, 41.585, 40.925, 39.71, 38.859, 38.762, 38.998, 38.977, 38.673, 38.334, 38.239, 38.88, 39.951, 40.53, 40.07, 39.651, 40.303, 40.997, 40.854, 39.896, 38.733, 38.157, 38.137, 38.129, 38.133, 37.93, 37.663, 37.798, 38.064, 37.969, 37.774, 37.987, 38.424, 38.804, 38.99, 39.073, 39.01, 38.748, 38.529, 38.434, 38.155, 38.032, 38.385, 38.905, 39.31, 39.738, 40.09, 40.423, 40.901, 41.076, 40.51, 39.497, 38.912, 39.17, 39.137, 32.609], [30.803, 26.633, 20.857, 16.55, 13.309, 8.066, 0.0, 7.863, 13.739, 17.602, 19.756, 21.529, 23.977, 25.578, 25.723, 25.83, 26.354, 26.699, 26.983, 27.573, 28.186, 28.489, 28.957, 30.305, 32.415, 34.767, 36.89, 37.763, 38.091, 39.022, 39.985, 40.182, 39.719, 38.788, 38.435, 38.689, 38.844, 38.566, 38.465, 38.639, 38.188, 37.28, 37.152, 37.705, 38.108, 39.509, 41.666, 41.856, 41.741, 42.342, 42.24, 41.585, 41.186, 40.845, 40.496, 40.333, 40.29, 39.579, 38.652, 38.372, 38.264, 38.068, 38.03, 37.991, 37.892, 37.855, 38.018, 38.668, 39.813, 40.665, 40.151, 38.615, 37.795, 37.555, 36.926, 36.276, 35.98, 35.793, 35.896, 36.274, 36.549, 36.559, 36.341, 36.023, 35.804, 35.676, 35.829, 36.161, 36.183, 36.141, 36.535, 36.873, 36.845, 36.707, 37.083, 37.635, 38.043, 38.674, 39.61, 39.761, 39.36, 39.098, 39.106, 39.068, 38.802, 38.688, 38.838, 39.019, 39.284, 39.59, 39.466, 38.919, 38.941, 38.944, 38.074, 36.731, 36.303, 36.454, 36.496, 36.495, 36.537, 37.298, 37.679, 37.589, 37.748, 38.113, 38.425, 39.007, 40.074, 41.128, 41.467, 40.773, 39.444, 38.461, 38.33, 38.56, 38.55, 38.175, 37.934, 37.867, 37.893, 37.721, 37.466, 37.566, 38.204, 38.868, 39.291, 39.713, 39.671, 39.735, 40.735, 41.241, 40.537, 39.274, 38.398, 38.317, 38.569, 38.546, 38.242, 37.908, 37.852, 38.561, 39.695, 40.282, 39.782, 39.31, 39.969, 40.71, 40.595, 39.616, 38.398, 37.784, 37.756, 37.759, 37.766, 37.55, 37.252, 37.377, 37.667, 37.57, 37.343, 37.549, 37.987, 38.344, 38.497, 38.56, 38.478, 38.191, 37.967, 37.873, 37.592, 37.49, 37.883, 38.447, 38.89, 39.332, 39.679, 40.019, 40.528, 40.712, 40.118, 39.095, 38.564, 38.864, 38.826, 32.664], [32.475, 28.677, 23.554, 20.39, 18.535, 14.764, 7.863, 0.0, 7.157, 12.52, 15.514, 17.618, 20.55, 22.51, 22.751, 23.085, 23.91, 24.341, 24.609, 25.239, 25.917, 26.26, 26.74, 28.061, 30.136, 32.505, 34.755, 35.835, 36.401, 37.545, 38.664, 38.995, 38.813, 38.318, 38.309, 38.711, 38.887, 38.623, 38.527, 38.721, 38.356, 37.452, 37.212, 37.717, 38.178, 39.673, 41.902, 42.111, 41.994, 42.628, 42.58, 41.96, 41.552, 41.2, 40.871, 40.729, 40.668, 39.973, 39.093, 38.818, 38.713, 38.53, 38.506, 38.484, 38.398, 38.369, 38.535, 39.235, 40.452, 41.275, 40.625, 38.944, 38.044, 37.826, 37.175, 36.377, 35.973, 35.822, 36.036, 36.518, 36.823, 36.796, 36.549, 36.245, 36.066, 35.969, 36.106, 36.38, 36.363, 36.306, 36.684, 37.02, 37.027, 36.941, 37.266, 37.702, 38.081, 38.803, 39.792, 39.908, 39.478, 39.243, 39.27, 39.228, 38.96, 38.853, 39.004, 39.182, 39.445, 39.752, 39.668, 39.189, 39.239, 39.266, 38.487, 37.292, 36.975, 37.162, 37.214, 37.214, 37.219, 37.964, 38.424, 38.406, 38.55, 38.886, 39.231, 39.89, 41.002, 42.038, 42.349, 41.688, 40.417, 39.42, 39.241, 39.45, 39.443, 39.057, 38.772, 38.693, 38.733, 38.554, 38.262, 38.308, 38.886, 39.53, 39.946, 40.302, 40.186, 40.188, 41.169, 41.679, 40.988, 39.73, 38.847, 38.76, 39.007, 38.99, 38.704, 38.409, 38.422, 39.177, 40.305, 40.868, 40.328, 39.748, 40.274, 40.982, 40.915, 39.997, 38.85, 38.309, 38.331, 38.36, 38.372, 38.178, 37.917, 38.051, 38.361, 38.309, 38.094, 38.265, 38.629, 38.9, 38.999, 39.041, 38.943, 38.625, 38.375, 38.273, 37.991, 37.883, 38.271, 38.842, 39.291, 39.716, 40.029, 40.341, 40.846, 41.048, 40.478, 39.524, 39.097, 39.436, 39.389, 34.016], [34.776, 31.343, 26.6, 23.759, 22.166, 19.14, 13.739, 7.157, 0.0, 6.482, 10.855, 14.083, 17.819, 20.194, 20.579, 21.147, 22.269, 22.785, 22.997, 23.629, 24.378, 24.768, 25.214, 26.43, 28.392, 30.673, 32.963, 34.273, 35.196, 36.653, 37.925, 38.332, 38.39, 38.325, 38.635, 39.171, 39.373, 39.1, 38.957, 39.138, 38.866, 38.01, 37.687, 38.111, 38.591, 40.176, 42.464, 42.69, 42.566, 43.23, 43.237, 42.654, 42.241, 41.873, 41.573, 41.487, 41.43, 40.754, 39.938, 39.709, 39.652, 39.509, 39.507, 39.505, 39.437, 39.416, 39.548, 40.202, 41.41, 42.177, 41.41, 39.601, 38.623, 38.445, 37.818, 36.939, 36.474, 36.38, 36.728, 37.322, 37.656, 37.614, 37.357, 37.054, 36.891, 36.825, 36.961, 37.199, 37.17, 37.103, 37.441, 37.752, 37.791, 37.741, 37.986, 38.314, 38.697, 39.518, 40.565, 40.657, 40.213, 40.025, 40.057, 40.0, 39.736, 39.625, 39.743, 39.886, 40.117, 40.397, 40.324, 39.896, 39.935, 39.942, 39.228, 38.197, 38.031, 38.29, 38.363, 38.358, 38.332, 39.036, 39.529, 39.559, 39.687, 39.991, 40.332, 40.986, 42.053, 43.022, 43.308, 42.715, 41.572, 40.682, 40.536, 40.732, 40.73, 40.382, 40.117, 40.029, 40.054, 39.88, 39.587, 39.573, 40.037, 40.613, 40.982, 41.262, 41.135, 41.126, 42.063, 42.563, 41.92, 40.727, 39.881, 39.786, 40.022, 40.018, 39.753, 39.494, 39.554, 40.293, 41.344, 41.866, 41.328, 40.688, 41.047, 41.669, 41.636, 40.827, 39.824, 39.406, 39.499, 39.538, 39.541, 39.382, 39.182, 39.318, 39.622, 39.621, 39.449, 39.585, 39.863, 40.056, 40.121, 40.164, 40.076, 39.766, 39.505, 39.384, 39.092, 38.962, 39.308, 39.837, 40.252, 40.639, 40.91, 41.176, 41.653, 41.879, 41.374, 40.521, 40.179, 40.521, 40.453, 36.035], [36.793, 33.65, 29.085, 26.216, 24.571, 21.895, 17.602, 12.52, 6.482, 0.0, 5.746, 10.999, 16.067, 18.864, 19.336, 20.109, 21.476, 22.04, 22.16, 22.748, 23.529, 23.941, 24.327, 25.413, 27.266, 29.47, 31.783, 33.311, 34.599, 36.387, 37.816, 38.234, 38.309, 38.384, 38.865, 39.509, 39.772, 39.512, 39.322, 39.463, 39.231, 38.437, 38.113, 38.486, 38.957, 40.587, 42.897, 43.132, 43.018, 43.728, 43.795, 43.24, 42.823, 42.445, 42.176, 42.152, 42.119, 41.457, 40.696, 40.542, 40.55, 40.44, 40.449, 40.462, 40.416, 40.412, 40.519, 41.107, 42.25, 42.945, 42.095, 40.182, 39.117, 38.967, 38.379, 37.488, 37.027, 36.997, 37.461, 38.163, 38.545, 38.513, 38.259, 37.951, 37.777, 37.712, 37.848, 38.086, 38.072, 37.998, 38.286, 38.566, 38.612, 38.549, 38.711, 38.99, 39.395, 40.26, 41.334, 41.432, 40.98, 40.798, 40.811, 40.743, 40.489, 40.365, 40.459, 40.58, 40.786, 41.041, 40.957, 40.546, 40.564, 40.543, 39.854, 38.931, 38.898, 39.236, 39.331, 39.31, 39.26, 39.945, 40.464, 40.516, 40.63, 40.913, 41.232, 41.84, 42.83, 43.724, 43.98, 43.434, 42.401, 41.638, 41.551, 41.736, 41.729, 41.429, 41.211, 41.122, 41.114, 40.941, 40.668, 40.621, 40.998, 41.513, 41.847, 42.076, 41.954, 41.966, 42.86, 43.318, 42.707, 41.583, 40.794, 40.713, 40.946, 40.946, 40.694, 40.466, 40.54, 41.227, 42.186, 42.669, 42.169, 41.559, 41.838, 42.386, 42.357, 41.634, 40.751, 40.42, 40.538, 40.547, 40.527, 40.402, 40.253, 40.396, 40.686, 40.709, 40.574, 40.706, 40.949, 41.104, 41.157, 41.212, 41.145, 40.856, 40.587, 40.438, 40.138, 39.998, 40.311, 40.801, 41.17, 41.505, 41.734, 41.972, 42.428, 42.66, 42.201, 41.417, 41.114, 41.442, 41.352, 37.834], [37.802, 34.894, 30.539, 27.709, 26.103, 23.613, 19.756, 15.514, 10.855, 5.746, 0.0, 6.924, 13.657, 17.13, 17.709, 18.71, 20.38, 21.031, 21.095, 21.658, 22.445, 22.853, 23.22, 24.279, 26.133, 28.354, 30.715, 32.373, 33.875, 35.907, 37.514, 37.999, 38.07, 38.178, 38.751, 39.468, 39.809, 39.647, 39.501, 39.612, 39.36, 38.621, 38.375, 38.765, 39.2, 40.716, 42.931, 43.157, 43.054, 43.789, 43.897, 43.363, 42.949, 42.587, 42.335, 42.317, 42.293, 41.665, 40.959, 40.854, 40.875, 40.757, 40.761, 40.791, 40.773, 40.794, 40.922, 41.517, 42.632, 43.285, 42.418, 40.509, 39.42, 39.261, 38.677, 37.79, 37.342, 37.314, 37.771, 38.476, 38.877, 38.861, 38.611, 38.313, 38.141, 38.049, 38.16, 38.4, 38.402, 38.322, 38.579, 38.83, 38.862, 38.791, 38.935, 39.208, 39.6, 40.427, 41.484, 41.625, 41.225, 41.051, 41.057, 40.995, 40.752, 40.636, 40.749, 40.886, 41.093, 41.342, 41.246, 40.827, 40.828, 40.798, 40.108, 39.183, 39.167, 39.544, 39.648, 39.608, 39.559, 40.272, 40.816, 40.868, 40.979, 41.267, 41.582, 42.168, 43.119, 43.975, 44.199, 43.643, 42.641, 41.93, 41.859, 42.031, 42.011, 41.717, 41.531, 41.456, 41.43, 41.246, 40.98, 40.941, 41.316, 41.825, 42.17, 42.396, 42.249, 42.246, 43.103, 43.531, 42.924, 41.827, 41.077, 41.03, 41.273, 41.272, 41.033, 40.827, 40.894, 41.518, 42.413, 42.887, 42.422, 41.862, 42.14, 42.663, 42.628, 41.927, 41.081, 40.784, 40.891, 40.847, 40.794, 40.684, 40.548, 40.691, 40.97, 40.99, 40.882, 41.057, 41.325, 41.483, 41.531, 41.593, 41.543, 41.27, 40.987, 40.817, 40.518, 40.386, 40.706, 41.195, 41.532, 41.823, 42.028, 42.262, 42.703, 42.916, 42.463, 41.7, 41.41, 41.736, 41.645, 38.678], [37.949, 35.228, 31.259, 28.811, 27.518, 25.255, 21.529, 17.618, 14.083, 10.999, 6.924, 0.0, 8.037, 12.695, 13.803, 15.152, 17.347, 18.302, 18.462, 19.147, 20.043, 20.482, 20.9, 22.119, 24.186, 26.547, 28.965, 30.607, 32.101, 34.295, 36.18, 36.899, 37.168, 37.499, 38.269, 39.061, 39.468, 39.496, 39.541, 39.691, 39.397, 38.661, 38.509, 38.999, 39.383, 40.616, 42.616, 42.822, 42.717, 43.406, 43.484, 42.942, 42.536, 42.222, 41.971, 41.872, 41.794, 41.215, 40.583, 40.487, 40.452, 40.289, 40.287, 40.333, 40.332, 40.361, 40.533, 41.22, 42.42, 43.115, 42.296, 40.524, 39.525, 39.318, 38.683, 37.828, 37.434, 37.356, 37.66, 38.21, 38.559, 38.57, 38.349, 38.068, 37.9, 37.776, 37.847, 38.07, 38.079, 38.008, 38.264, 38.498, 38.52, 38.498, 38.719, 39.01, 39.32, 40.033, 41.026, 41.203, 40.917, 40.835, 40.891, 40.851, 40.626, 40.566, 40.744, 40.91, 41.121, 41.383, 41.298, 40.879, 40.891, 40.88, 40.187, 39.174, 39.019, 39.348, 39.442, 39.398, 39.394, 40.167, 40.708, 40.729, 40.847, 41.167, 41.511, 42.115, 43.073, 43.946, 44.185, 43.599, 42.523, 41.734, 41.606, 41.76, 41.726, 41.386, 41.191, 41.154, 41.15, 40.954, 40.675, 40.672, 41.106, 41.646, 42.022, 42.276, 42.099, 42.068, 42.921, 43.359, 42.746, 41.638, 40.904, 40.894, 41.158, 41.15, 40.906, 40.702, 40.761, 41.342, 42.198, 42.667, 42.216, 41.682, 41.994, 42.533, 42.498, 41.766, 40.873, 40.589, 40.709, 40.634, 40.546, 40.405, 40.232, 40.352, 40.605, 40.601, 40.525, 40.762, 41.08, 41.257, 41.3, 41.355, 41.314, 41.058, 40.78, 40.598, 40.291, 40.163, 40.511, 41.013, 41.34, 41.626, 41.84, 42.073, 42.5, 42.696, 42.219, 41.44, 41.185, 41.55, 41.477, 38.715], [38.225, 35.697, 32.249, 30.336, 29.386, 27.384, 23.977, 20.55, 17.819, 16.067, 13.657, 8.037, 0.0, 5.959, 8.511, 10.546, 13.356, 14.84, 15.452, 16.57, 17.742, 18.27, 18.765, 20.183, 22.491, 24.946, 27.265, 28.656, 29.92, 32.164, 34.305, 35.283, 35.854, 36.592, 37.691, 38.579, 39.003, 39.242, 39.616, 39.915, 39.607, 38.843, 38.793, 39.415, 39.743, 40.6, 42.309, 42.511, 42.416, 42.98, 42.971, 42.446, 42.086, 41.84, 41.597, 41.379, 41.207, 40.698, 40.175, 40.092, 39.996, 39.783, 39.779, 39.838, 39.844, 39.852, 40.016, 40.761, 42.072, 42.851, 42.114, 40.557, 39.769, 39.531, 38.85, 38.114, 37.838, 37.712, 37.821, 38.14, 38.385, 38.439, 38.275, 37.99, 37.791, 37.645, 37.701, 37.912, 37.93, 37.876, 38.14, 38.371, 38.414, 38.471, 38.78, 39.08, 39.275, 39.82, 40.689, 40.864, 40.705, 40.766, 40.893, 40.866, 40.666, 40.68, 40.926, 41.117, 41.327, 41.592, 41.534, 41.149, 41.188, 41.205, 40.525, 39.444, 39.112, 39.327, 39.387, 39.351, 39.403, 40.218, 40.729, 40.712, 40.832, 41.18, 41.547, 42.144, 43.079, 43.961, 44.252, 43.683, 42.533, 41.646, 41.449, 41.576, 41.535, 41.171, 40.971, 40.973, 41.001, 40.804, 40.528, 40.549, 41.006, 41.562, 41.944, 42.194, 42.029, 42.025, 42.894, 43.352, 42.75, 41.666, 40.964, 40.961, 41.22, 41.204, 40.951, 40.732, 40.782, 41.305, 42.091, 42.554, 42.135, 41.614, 41.922, 42.461, 42.435, 41.683, 40.756, 40.483, 40.636, 40.575, 40.466, 40.278, 40.075, 40.158, 40.359, 40.334, 40.31, 40.599, 40.939, 41.132, 41.181, 41.23, 41.203, 41.0, 40.754, 40.556, 40.238, 40.114, 40.457, 40.937, 41.252, 41.553, 41.773, 41.98, 42.381, 42.569, 42.069, 41.279, 41.083, 41.5, 41.453, 38.922], [38.604, 36.21, 33.088, 31.473, 30.65, 28.754, 25.578, 22.51, 20.194, 18.864, 17.13, 12.695, 5.959, 0.0, 4.191, 7.875, 11.45, 13.236, 14.304, 15.934, 17.326, 17.885, 18.402, 19.879, 22.241, 24.675, 26.863, 28.026, 29.073, 31.268, 33.474, 34.523, 35.189, 36.123, 37.435, 38.417, 38.819, 39.087, 39.639, 40.099, 39.853, 39.077, 39.063, 39.738, 40.068, 40.841, 42.484, 42.707, 42.611, 43.089, 43.037, 42.544, 42.202, 41.978, 41.745, 41.478, 41.251, 40.772, 40.303, 40.225, 40.102, 39.859, 39.847, 39.907, 39.905, 39.89, 40.032, 40.763, 42.087, 42.894, 42.181, 40.699, 40.04, 39.82, 39.131, 38.446, 38.217, 38.076, 38.113, 38.347, 38.552, 38.61, 38.469, 38.188, 37.971, 37.833, 37.922, 38.144, 38.15, 38.081, 38.342, 38.585, 38.655, 38.741, 39.063, 39.351, 39.493, 39.964, 40.774, 40.908, 40.73, 40.803, 40.939, 40.91, 40.719, 40.765, 41.048, 41.263, 41.476, 41.741, 41.708, 41.355, 41.407, 41.444, 40.788, 39.699, 39.287, 39.424, 39.455, 39.417, 39.49, 40.326, 40.834, 40.8, 40.913, 41.261, 41.638, 42.241, 43.171, 44.056, 44.372, 43.822, 42.644, 41.71, 41.483, 41.596, 41.56, 41.205, 41.008, 41.03, 41.078, 40.893, 40.633, 40.672, 41.132, 41.694, 42.07, 42.296, 42.148, 42.18, 43.067, 43.531, 42.925, 41.847, 41.145, 41.119, 41.363, 41.35, 41.092, 40.855, 40.878, 41.35, 42.097, 42.584, 42.205, 41.68, 41.951, 42.475, 42.453, 41.7, 40.761, 40.48, 40.641, 40.605, 40.508, 40.298, 40.069, 40.134, 40.316, 40.292, 40.294, 40.606, 40.963, 41.172, 41.226, 41.27, 41.253, 41.083, 40.846, 40.63, 40.32, 40.216, 40.547, 41.006, 41.328, 41.651, 41.873, 42.054, 42.439, 42.621, 42.096, 41.292, 41.12, 41.551, 41.524, 39.261], [38.537, 36.169, 33.062, 31.483, 30.707, 28.853, 25.723, 22.751, 20.579, 19.336, 17.709, 13.803, 8.511, 4.191, 0.0, 5.43, 10.146, 12.218, 13.403, 15.273, 16.804, 17.373, 17.906, 19.447, 21.877, 24.362, 26.604, 27.799, 28.845, 31.038, 33.233, 34.246, 34.861, 35.769, 37.121, 38.16, 38.576, 38.778, 39.293, 39.821, 39.648, 38.866, 38.804, 39.462, 39.831, 40.759, 42.544, 42.786, 42.673, 43.168, 43.121, 42.602, 42.239, 42.007, 41.784, 41.538, 41.311, 40.801, 40.294, 40.203, 40.079, 39.827, 39.808, 39.861, 39.848, 39.826, 39.962, 40.678, 41.99, 42.799, 42.053, 40.494, 39.815, 39.633, 38.952, 38.215, 37.953, 37.824, 37.899, 38.182, 38.413, 38.457, 38.299, 38.019, 37.809, 37.679, 37.79, 38.031, 38.022, 37.917, 38.165, 38.422, 38.504, 38.576, 38.876, 39.157, 39.303, 39.795, 40.623, 40.706, 40.436, 40.447, 40.567, 40.536, 40.335, 40.375, 40.665, 40.889, 41.11, 41.381, 41.354, 41.0, 41.054, 41.101, 40.456, 39.382, 38.988, 39.128, 39.16, 39.115, 39.18, 40.037, 40.573, 40.548, 40.657, 41.004, 41.39, 42.018, 42.974, 43.875, 44.199, 43.642, 42.435, 41.468, 41.23, 41.345, 41.311, 40.956, 40.755, 40.782, 40.839, 40.657, 40.396, 40.436, 40.907, 41.485, 41.867, 42.083, 41.934, 41.989, 42.908, 43.367, 42.733, 41.625, 40.898, 40.864, 41.111, 41.099, 40.838, 40.595, 40.601, 41.085, 41.865, 42.379, 42.006, 41.479, 41.748, 42.274, 42.256, 41.496, 40.54, 40.24, 40.397, 40.374, 40.298, 40.079, 39.816, 39.879, 40.086, 40.066, 40.033, 40.325, 40.692, 40.917, 40.978, 41.028, 41.01, 40.825, 40.572, 40.352, 40.044, 39.945, 40.276, 40.741, 41.083, 41.429, 41.654, 41.834, 42.235, 42.421, 41.867, 41.029, 40.837, 41.256, 41.227, 39.154], [38.131, 35.758, 32.626, 31.095, 30.456, 28.776, 25.83, 23.085, 21.147, 20.109, 18.71, 15.152, 10.546, 7.875, 5.43, 0.0, 5.87, 8.838, 10.392, 12.502, 14.272, 14.944, 15.566, 17.336, 20.051, 22.735, 25.106, 26.376, 27.493, 29.786, 32.057, 33.1, 33.729, 34.639, 36.061, 37.192, 37.665, 37.905, 38.469, 39.039, 38.88, 38.121, 38.095, 38.769, 39.152, 40.163, 42.057, 42.293, 42.164, 42.691, 42.645, 42.096, 41.737, 41.514, 41.296, 41.069, 40.87, 40.303, 39.708, 39.585, 39.459, 39.207, 39.191, 39.248, 39.236, 39.212, 39.34, 40.07, 41.431, 42.268, 41.482, 39.848, 39.157, 39.0, 38.322, 37.578, 37.305, 37.161, 37.252, 37.578, 37.85, 37.912, 37.733, 37.425, 37.219, 37.075, 37.173, 37.435, 37.433, 37.297, 37.53, 37.796, 37.892, 37.959, 38.27, 38.579, 38.743, 39.255, 40.105, 40.16, 39.854, 39.839, 39.952, 39.923, 39.701, 39.712, 39.978, 40.193, 40.422, 40.7, 40.656, 40.286, 40.361, 40.42, 39.762, 38.669, 38.299, 38.471, 38.519, 38.495, 38.578, 39.477, 40.047, 40.028, 40.143, 40.508, 40.912, 41.561, 42.542, 43.465, 43.795, 43.221, 41.96, 40.924, 40.659, 40.783, 40.747, 40.36, 40.137, 40.158, 40.205, 40.001, 39.717, 39.761, 40.269, 40.871, 41.258, 41.48, 41.327, 41.413, 42.388, 42.844, 42.17, 41.027, 40.293, 40.279, 40.529, 40.497, 40.227, 39.992, 40.018, 40.551, 41.366, 41.882, 41.5, 40.961, 41.241, 41.789, 41.775, 40.982, 39.98, 39.662, 39.844, 39.845, 39.781, 39.548, 39.261, 39.332, 39.558, 39.519, 39.431, 39.703, 40.091, 40.345, 40.425, 40.484, 40.471, 40.268, 40.005, 39.793, 39.474, 39.361, 39.714, 40.212, 40.569, 40.921, 41.153, 41.351, 41.786, 41.984, 41.395, 40.482, 40.253, 40.679, 40.648, 38.719], [37.858, 35.508, 32.443, 31.053, 30.585, 29.076, 26.354, 23.91, 22.269, 21.476, 20.38, 17.347, 13.356, 11.45, 10.146, 5.87, 0.0, 4.049, 6.846, 9.637, 11.67, 12.426, 13.126, 15.171, 18.251, 21.169, 23.639, 24.936, 26.097, 28.453, 30.733, 31.738, 32.351, 33.27, 34.773, 35.992, 36.511, 36.852, 37.609, 38.259, 38.039, 37.332, 37.476, 38.237, 38.613, 39.551, 41.421, 41.651, 41.506, 42.011, 41.981, 41.489, 41.188, 40.987, 40.757, 40.511, 40.334, 39.759, 39.123, 38.98, 38.849, 38.598, 38.59, 38.663, 38.668, 38.652, 38.786, 39.539, 40.936, 41.798, 41.021, 39.385, 38.708, 38.544, 37.865, 37.163, 36.892, 36.699, 36.747, 37.057, 37.353, 37.447, 37.253, 36.92, 36.716, 36.561, 36.641, 36.91, 36.909, 36.751, 36.973, 37.243, 37.348, 37.434, 37.787, 38.138, 38.325, 38.856, 39.726, 39.799, 39.524, 39.535, 39.661, 39.634, 39.392, 39.364, 39.593, 39.786, 40.007, 40.28, 40.222, 39.852, 39.953, 40.007, 39.304, 38.153, 37.775, 37.959, 38.009, 38.016, 38.146, 39.085, 39.666, 39.634, 39.747, 40.13, 40.552, 41.215, 42.217, 43.15, 43.463, 42.853, 41.536, 40.451, 40.175, 40.311, 40.272, 39.862, 39.628, 39.645, 39.675, 39.437, 39.138, 39.218, 39.774, 40.383, 40.758, 40.988, 40.841, 40.949, 41.967, 42.431, 41.717, 40.537, 39.801, 39.802, 40.045, 39.99, 39.704, 39.478, 39.549, 40.119, 40.944, 41.456, 41.059, 40.51, 40.8, 41.362, 41.339, 40.504, 39.45, 39.11, 39.32, 39.355, 39.306, 39.068, 38.783, 38.867, 39.098, 39.041, 38.919, 39.188, 39.599, 39.877, 39.968, 40.028, 40.009, 39.796, 39.537, 39.343, 39.039, 38.936, 39.31, 39.82, 40.164, 40.497, 40.726, 40.934, 41.389, 41.595, 40.983, 40.023, 39.778, 40.22, 40.203, 38.414], [37.842, 35.504, 32.452, 31.13, 30.767, 29.345, 26.699, 24.341, 22.785, 22.04, 21.031, 18.302, 14.84, 13.236, 12.218, 8.838, 4.049, 0.0, 3.928, 7.724, 10.162, 10.951, 11.6, 13.793, 17.142, 20.265, 22.88, 24.295, 25.554, 27.938, 30.183, 31.133, 31.716, 32.646, 34.196, 35.467, 36.014, 36.375, 37.211, 37.931, 37.688, 36.962, 37.174, 37.999, 38.407, 39.367, 41.258, 41.481, 41.32, 41.825, 41.817, 41.346, 41.054, 40.847, 40.607, 40.348, 40.171, 39.598, 38.962, 38.819, 38.694, 38.448, 38.441, 38.519, 38.536, 38.531, 38.685, 39.465, 40.877, 41.745, 40.975, 39.32, 38.619, 38.447, 37.752, 37.024, 36.73, 36.521, 36.56, 36.87, 37.179, 37.281, 37.075, 36.731, 36.529, 36.376, 36.448, 36.712, 36.697, 36.515, 36.722, 36.989, 37.09, 37.177, 37.544, 37.91, 38.116, 38.682, 39.586, 39.673, 39.413, 39.44, 39.567, 39.542, 39.302, 39.261, 39.472, 39.654, 39.869, 40.135, 40.073, 39.72, 39.837, 39.878, 39.147, 37.976, 37.61, 37.801, 37.847, 37.872, 38.03, 39.002, 39.605, 39.566, 39.665, 40.05, 40.486, 41.162, 42.18, 43.124, 43.424, 42.788, 41.445, 40.357, 40.094, 40.242, 40.206, 39.787, 39.544, 39.556, 39.58, 39.326, 39.008, 39.094, 39.662, 40.27, 40.635, 40.852, 40.686, 40.79, 41.83, 42.306, 41.572, 40.358, 39.597, 39.587, 39.824, 39.767, 39.475, 39.246, 39.34, 39.954, 40.825, 41.363, 40.963, 40.401, 40.691, 41.257, 41.226, 40.362, 39.261, 38.891, 39.107, 39.164, 39.136, 38.906, 38.62, 38.707, 38.944, 38.884, 38.74, 38.998, 39.418, 39.704, 39.792, 39.845, 39.811, 39.575, 39.304, 39.12, 38.835, 38.75, 39.14, 39.664, 40.011, 40.338, 40.563, 40.773, 41.238, 41.451, 40.829, 39.856, 39.617, 40.066, 40.063, 38.368], [37.976, 35.651, 32.575, 31.262, 30.956, 29.6, 26.983, 24.609, 22.997, 22.16, 21.095, 18.462, 15.452, 14.304, 13.403, 10.392, 6.846, 3.928, 0.0, 4.53, 7.656, 8.708, 9.295, 11.659, 15.428, 18.896, 21.784, 23.417, 24.827, 27.283, 29.573, 30.534, 31.12, 32.097, 33.715, 35.03, 35.622, 36.009, 36.835, 37.575, 37.369, 36.655, 36.87, 37.723, 38.178, 39.238, 41.217, 41.441, 41.272, 41.8, 41.803, 41.319, 41.007, 40.781, 40.548, 40.316, 40.151, 39.566, 38.914, 38.77, 38.661, 38.426, 38.417, 38.496, 38.518, 38.525, 38.7, 39.502, 40.921, 41.77, 40.963, 39.26, 38.518, 38.345, 37.646, 36.89, 36.582, 36.389, 36.468, 36.825, 37.165, 37.275, 37.059, 36.698, 36.486, 36.322, 36.381, 36.642, 36.625, 36.428, 36.618, 36.877, 36.97, 37.05, 37.406, 37.755, 37.966, 38.565, 39.499, 39.593, 39.33, 39.35, 39.466, 39.442, 39.215, 39.177, 39.39, 39.578, 39.795, 40.058, 39.998, 39.661, 39.781, 39.811, 39.094, 37.967, 37.647, 37.856, 37.906, 37.923, 38.073, 39.06, 39.686, 39.652, 39.743, 40.124, 40.566, 41.247, 42.27, 43.212, 43.504, 42.864, 41.533, 40.46, 40.206, 40.359, 40.325, 39.907, 39.65, 39.639, 39.654, 39.399, 39.07, 39.139, 39.691, 40.294, 40.656, 40.854, 40.652, 40.724, 41.754, 42.23, 41.492, 40.267, 39.495, 39.479, 39.716, 39.67, 39.386, 39.149, 39.242, 39.896, 40.815, 41.37, 40.97, 40.406, 40.693, 41.256, 41.229, 40.371, 39.279, 38.922, 39.15, 39.212, 39.194, 38.984, 38.712, 38.8, 39.037, 38.971, 38.797, 39.022, 39.429, 39.705, 39.787, 39.839, 39.803, 39.557, 39.279, 39.101, 38.819, 38.728, 39.125, 39.666, 40.02, 40.345, 40.57, 40.788, 41.26, 41.478, 40.86, 39.887, 39.65, 40.102, 40.101, 38.474], [38.328, 36.062, 32.997, 31.685, 31.414, 30.122, 27.573, 25.239, 23.629, 22.748, 21.658, 19.147, 16.57, 15.934, 15.273, 12.502, 9.637, 7.724, 4.53, 0.0, 3.712, 5.35, 6.094, 8.704, 12.987, 16.881, 20.079, 21.926, 23.531, 26.166, 28.582, 29.587, 30.193, 31.248, 32.941, 34.284, 34.916, 35.366, 36.222, 36.968, 36.804, 36.195, 36.488, 37.365, 37.853, 38.99, 41.048, 41.278, 41.103, 41.658, 41.692, 41.231, 40.937, 40.709, 40.481, 40.29, 40.159, 39.56, 38.865, 38.713, 38.628, 38.415, 38.413, 38.497, 38.521, 38.54, 38.737, 39.563, 40.975, 41.769, 40.888, 39.122, 38.344, 38.176, 37.491, 36.734, 36.426, 36.25, 36.382, 36.818, 37.213, 37.342, 37.121, 36.741, 36.518, 36.342, 36.386, 36.647, 36.638, 36.44, 36.621, 36.868, 36.955, 37.033, 37.376, 37.701, 37.919, 38.548, 39.498, 39.602, 39.335, 39.345, 39.461, 39.448, 39.234, 39.195, 39.405, 39.603, 39.822, 40.077, 40.016, 39.691, 39.81, 39.834, 39.147, 38.091, 37.827, 38.053, 38.102, 38.109, 38.233, 39.191, 39.82, 39.803, 39.899, 40.278, 40.723, 41.405, 42.419, 43.34, 43.607, 42.971, 41.672, 40.618, 40.362, 40.513, 40.474, 40.056, 39.795, 39.763, 39.757, 39.504, 39.196, 39.27, 39.803, 40.389, 40.744, 40.924, 40.682, 40.711, 41.704, 42.163, 41.431, 40.224, 39.475, 39.475, 39.712, 39.672, 39.402, 39.17, 39.261, 39.921, 40.842, 41.387, 40.987, 40.438, 40.723, 41.273, 41.248, 40.423, 39.39, 39.093, 39.345, 39.404, 39.389, 39.206, 38.964, 39.056, 39.283, 39.204, 39.009, 39.203, 39.58, 39.837, 39.913, 39.971, 39.944, 39.702, 39.43, 39.26, 38.977, 38.867, 39.256, 39.798, 40.141, 40.45, 40.679, 40.917, 41.395, 41.613, 41.014, 40.06, 39.825, 40.272, 40.264, 38.774], [38.676, 36.513, 33.508, 32.185, 31.922, 30.674, 28.186, 25.917, 24.378, 23.529, 22.445, 20.043, 17.742, 17.326, 16.804, 14.272, 11.67, 10.162, 7.656, 3.712, 0.0, 2.239, 3.661, 6.7, 11.189, 15.249, 18.6, 20.553, 22.338, 25.221, 27.776, 28.803, 29.435, 30.576, 32.334, 33.692, 34.342, 34.832, 35.716, 36.471, 36.328, 35.8, 36.183, 37.101, 37.626, 38.841, 40.987, 41.24, 41.056, 41.635, 41.702, 41.268, 41.003, 40.785, 40.556, 40.381, 40.265, 39.656, 38.928, 38.762, 38.687, 38.483, 38.488, 38.579, 38.604, 38.627, 38.842, 39.701, 41.116, 41.878, 40.944, 39.118, 38.304, 38.144, 37.458, 36.67, 36.345, 36.179, 36.343, 36.828, 37.26, 37.4, 37.171, 36.785, 36.567, 36.394, 36.435, 36.696, 36.687, 36.488, 36.672, 36.917, 37.0, 37.073, 37.409, 37.724, 37.949, 38.604, 39.567, 39.673, 39.398, 39.408, 39.533, 39.531, 39.319, 39.273, 39.477, 39.684, 39.906, 40.154, 40.083, 39.759, 39.878, 39.902, 39.226, 38.195, 37.95, 38.174, 38.218, 38.219, 38.333, 39.275, 39.913, 39.912, 40.013, 40.39, 40.838, 41.528, 42.546, 43.459, 43.711, 43.072, 41.788, 40.735, 40.47, 40.621, 40.576, 40.149, 39.89, 39.854, 39.837, 39.582, 39.293, 39.388, 39.923, 40.505, 40.86, 41.026, 40.759, 40.768, 41.742, 42.188, 41.451, 40.246, 39.506, 39.515, 39.753, 39.714, 39.452, 39.225, 39.318, 39.973, 40.881, 41.414, 41.022, 40.485, 40.762, 41.291, 41.26, 40.448, 39.442, 39.183, 39.455, 39.517, 39.506, 39.339, 39.113, 39.209, 39.427, 39.342, 39.141, 39.326, 39.695, 39.945, 40.019, 40.082, 40.063, 39.825, 39.553, 39.383, 39.098, 38.976, 39.359, 39.904, 40.247, 40.553, 40.79, 41.043, 41.526, 41.741, 41.143, 40.191, 39.962, 40.409, 40.397, 39.058], [38.859, 36.768, 33.799, 32.442, 32.172, 30.946, 28.489, 26.26, 24.768, 23.941, 22.853, 20.482, 18.27, 17.885, 17.373, 14.944, 12.426, 10.951, 8.708, 5.35, 2.239, 0.0, 2.246, 6.034, 10.67, 14.691, 18.023, 20.015, 21.908, 24.924, 27.536, 28.56, 29.2, 30.387, 32.187, 33.561, 34.223, 34.731, 35.632, 36.395, 36.258, 35.744, 36.164, 37.109, 37.651, 38.902, 41.088, 41.362, 41.183, 41.767, 41.833, 41.396, 41.136, 40.92, 40.693, 40.518, 40.393, 39.779, 39.057, 38.896, 38.819, 38.614, 38.621, 38.714, 38.738, 38.756, 38.973, 39.843, 41.266, 42.034, 41.103, 39.259, 38.42, 38.261, 37.569, 36.752, 36.413, 36.249, 36.415, 36.9, 37.329, 37.464, 37.232, 36.85, 36.639, 36.474, 36.523, 36.784, 36.769, 36.566, 36.752, 36.999, 37.08, 37.152, 37.484, 37.8, 38.032, 38.7, 39.663, 39.759, 39.476, 39.484, 39.606, 39.605, 39.389, 39.335, 39.534, 39.741, 39.965, 40.209, 40.129, 39.798, 39.912, 39.932, 39.25, 38.216, 37.974, 38.199, 38.242, 38.242, 38.355, 39.303, 39.952, 39.956, 40.057, 40.433, 40.882, 41.572, 42.59, 43.505, 43.759, 43.123, 41.844, 40.801, 40.549, 40.704, 40.659, 40.232, 39.973, 39.931, 39.908, 39.65, 39.363, 39.462, 40.005, 40.594, 40.947, 41.104, 40.835, 40.851, 41.831, 42.274, 41.532, 40.321, 39.576, 39.579, 39.814, 39.776, 39.511, 39.281, 39.375, 40.03, 40.933, 41.465, 41.086, 40.56, 40.831, 41.35, 41.313, 40.495, 39.485, 39.23, 39.506, 39.564, 39.548, 39.378, 39.156, 39.253, 39.469, 39.384, 39.183, 39.368, 39.737, 39.987, 40.062, 40.126, 40.111, 39.879, 39.613, 39.445, 39.158, 39.035, 39.418, 39.967, 40.318, 40.633, 40.877, 41.133, 41.615, 41.83, 41.227, 40.267, 40.045, 40.497, 40.484, 39.202], [39.269, 37.224, 34.249, 32.846, 32.572, 31.377, 28.957, 26.74, 25.214, 24.327, 23.22, 20.9, 18.765, 18.402, 17.906, 15.566, 13.126, 11.6, 9.295, 6.094, 3.661, 2.246, 0.0, 4.398, 9.59, 13.932, 17.439, 19.618, 21.72, 24.863, 27.524, 28.561, 29.203, 30.411, 32.234, 33.627, 34.314, 34.859, 35.799, 36.582, 36.457, 35.966, 36.403, 37.337, 37.858, 39.081, 41.24, 41.511, 41.351, 41.95, 42.029, 41.603, 41.34, 41.113, 40.888, 40.726, 40.598, 39.986, 39.291, 39.158, 39.101, 38.909, 38.922, 39.013, 39.033, 39.054, 39.272, 40.129, 41.532, 42.277, 41.344, 39.487, 38.618, 38.453, 37.767, 36.956, 36.634, 36.501, 36.704, 37.217, 37.654, 37.792, 37.572, 37.198, 36.987, 36.825, 36.872, 37.13, 37.115, 36.905, 37.069, 37.301, 37.379, 37.446, 37.762, 38.068, 38.315, 38.996, 39.951, 40.04, 39.757, 39.749, 39.848, 39.846, 39.643, 39.585, 39.768, 39.962, 40.18, 40.419, 40.34, 40.008, 40.11, 40.122, 39.456, 38.479, 38.298, 38.547, 38.592, 38.586, 38.676, 39.583, 40.218, 40.228, 40.333, 40.703, 41.141, 41.814, 42.809, 43.701, 43.945, 43.324, 42.089, 41.105, 40.883, 41.037, 40.999, 40.595, 40.342, 40.284, 40.247, 39.995, 39.719, 39.814, 40.333, 40.901, 41.242, 41.384, 41.105, 41.114, 42.073, 42.509, 41.782, 40.597, 39.869, 39.869, 40.098, 40.067, 39.813, 39.589, 39.684, 40.33, 41.214, 41.734, 41.363, 40.85, 41.113, 41.616, 41.58, 40.786, 39.818, 39.593, 39.864, 39.903, 39.881, 39.726, 39.524, 39.624, 39.836, 39.753, 39.553, 39.714, 40.05, 40.283, 40.356, 40.423, 40.41, 40.191, 39.94, 39.78, 39.5, 39.373, 39.736, 40.259, 40.59, 40.895, 41.138, 41.39, 41.86, 42.077, 41.506, 40.59, 40.382, 40.824, 40.808, 39.589], [40.303, 38.366, 35.468, 34.059, 33.795, 32.67, 30.305, 28.061, 26.43, 25.413, 24.279, 22.119, 20.183, 19.879, 19.447, 17.336, 15.171, 13.793, 11.659, 8.704, 6.7, 6.034, 4.398, 0.0, 5.814, 11.045, 15.302, 18.013, 20.617, 24.175, 27.059, 28.181, 28.924, 30.304, 32.219, 33.645, 34.369, 34.98, 35.982, 36.798, 36.711, 36.279, 36.729, 37.63, 38.132, 39.34, 41.475, 41.735, 41.603, 42.288, 42.459, 42.082, 41.814, 41.562, 41.336, 41.203, 41.092, 40.486, 39.81, 39.712, 39.702, 39.55, 39.575, 39.664, 39.688, 39.727, 39.969, 40.821, 42.167, 42.823, 41.828, 39.904, 38.983, 38.822, 38.142, 37.321, 37.024, 36.982, 37.313, 37.946, 38.441, 38.602, 38.406, 38.046, 37.84, 37.693, 37.726, 37.962, 37.949, 37.726, 37.837, 38.031, 38.092, 38.125, 38.37, 38.636, 38.912, 39.63, 40.578, 40.658, 40.367, 40.338, 40.414, 40.431, 40.27, 40.208, 40.358, 40.528, 40.732, 40.959, 40.885, 40.573, 40.658, 40.665, 40.08, 39.276, 39.233, 39.521, 39.567, 39.548, 39.575, 40.369, 40.972, 41.005, 41.108, 41.45, 41.862, 42.502, 43.446, 44.274, 44.478, 43.891, 42.762, 41.88, 41.686, 41.826, 41.802, 41.443, 41.211, 41.136, 41.074, 40.832, 40.594, 40.688, 41.135, 41.641, 41.957, 42.055, 41.732, 41.692, 42.576, 42.983, 42.291, 41.171, 40.492, 40.496, 40.72, 40.714, 40.501, 40.312, 40.423, 41.038, 41.85, 42.311, 41.937, 41.447, 41.682, 42.138, 42.108, 41.396, 40.564, 40.437, 40.711, 40.725, 40.708, 40.604, 40.459, 40.576, 40.781, 40.709, 40.515, 40.621, 40.882, 41.073, 41.141, 41.209, 41.2, 41.0, 40.761, 40.601, 40.33, 40.193, 40.5, 40.956, 41.235, 41.502, 41.729, 41.967, 42.407, 42.631, 42.147, 41.345, 41.168, 41.574, 41.55, 40.59], [41.688, 39.934, 37.235, 35.926, 35.714, 34.69, 32.415, 30.136, 28.392, 27.266, 26.133, 24.186, 22.491, 22.241, 21.877, 20.051, 18.251, 17.142, 15.428, 12.987, 11.189, 10.67, 9.59, 5.814, 0.0, 6.139, 11.609, 15.253, 18.608, 22.753, 25.969, 27.236, 28.246, 30.074, 32.248, 33.738, 34.488, 35.157, 36.207, 37.041, 37.01, 36.649, 37.092, 37.958, 38.498, 39.772, 41.915, 42.167, 42.069, 42.888, 43.198, 42.882, 42.618, 42.351, 42.132, 42.037, 41.949, 41.354, 40.697, 40.627, 40.668, 40.558, 40.593, 40.687, 40.719, 40.779, 41.045, 41.898, 43.167, 43.702, 42.617, 40.62, 39.652, 39.516, 38.853, 37.994, 37.698, 37.764, 38.25, 39.015, 39.567, 39.745, 39.571, 39.227, 39.046, 38.94, 38.968, 39.175, 39.16, 38.921, 38.981, 39.139, 39.187, 39.167, 39.289, 39.484, 39.789, 40.563, 41.505, 41.559, 41.255, 41.223, 41.299, 41.356, 41.241, 41.164, 41.266, 41.408, 41.599, 41.804, 41.726, 41.432, 41.495, 41.505, 41.032, 40.433, 40.531, 40.85, 40.897, 40.867, 40.835, 41.517, 42.098, 42.159, 42.252, 42.552, 42.93, 43.526, 44.391, 45.123, 45.278, 44.746, 43.759, 42.985, 42.801, 42.918, 42.913, 42.612, 42.41, 42.325, 42.24, 42.007, 41.806, 41.893, 42.256, 42.687, 4