[[0.0, 5.518, 13.232, 18.045, 19.75, 20.423, 22.54, 26.301, 29.167, 30.385, 31.854, 33.86, 34.608, 35.198, 36.241, 36.681, 36.912, 38.212, 39.633, 40.489, 40.933, 41.043, 40.825, 40.635, 40.945, 41.045, 40.909, 40.988, 41.13, 41.63, 42.495, 42.537, 42.385, 42.595, 42.905, 43.308, 43.769, 43.859, 43.584, 43.29, 43.272, 43.368, 43.632, 43.584, 43.277, 43.224, 43.228, 43.042, 42.982, 43.175, 43.18, 42.746, 42.649, 42.787, 42.444, 41.893, 41.739, 41.961, 42.074, 41.99, 42.02, 42.116, 41.921, 41.625, 41.41, 41.182, 40.995, 41.127, 41.469, 41.855, 42.33, 42.758, 42.926, 43.183, 43.569, 43.555, 43.126, 42.674, 42.365, 42.428, 42.982, 43.174, 42.764, 42.514, 42.664, 42.601, 42.426, 42.556, 42.897, 42.772, 42.106, 41.899, 42.251, 42.369, 42.23, 42.116, 42.046, 41.963, 41.869, 41.675, 41.507, 41.763, 42.149, 42.34, 42.301, 42.169, 42.23, 42.472, 42.646, 42.179, 41.513, 41.71, 41.854, 41.528, 41.771, 43.224, 44.305, 44.368, 44.115, 43.686, 43.124, 43.082, 42.86, 41.974, 41.788, 41.901, 41.852, 41.615, 41.24, 41.091, 41.182, 41.172, 40.973, 41.14, 41.615, 41.748, 41.587, 41.712, 41.905, 41.773, 41.433, 41.283, 41.208, 40.901, 40.558, 40.492, 40.708, 40.96, 40.983, 40.724, 40.773, 41.028, 40.971, 40.835, 40.627, 40.54, 40.448, 40.582, 40.654, 40.38, 40.295, 40.683, 41.685, 42.559, 42.719, 42.435, 42.411, 42.609, 42.707, 42.727, 43.075, 43.889, 44.742, 45.056, 45.163, 45.687, 46.227, 46.053, 45.798, 46.161, 47.106, 47.577, 46.486, 44.965, 45.416, 46.699, 47.142, 46.087, 44.623, 44.224, 44.307, 43.449, 42.417, 42.052, 41.781, 41.632, 41.539, 41.049, 40.712, 41.029, 41.614, 41.738, 41.594, 41.687, 41.998, 3.796], [5.518, 0.0, 8.927, 15.58, 18.685, 19.596, 21.363, 25.003, 27.941, 29.209, 30.681, 32.712, 33.491, 34.176, 35.31, 35.82, 36.186, 37.642, 39.122, 39.945, 40.357, 40.473, 40.248, 39.984, 40.237, 40.291, 40.137, 40.268, 40.389, 40.695, 41.426, 41.456, 41.31, 41.51, 41.823, 42.277, 42.794, 42.898, 42.617, 42.337, 42.334, 42.42, 42.703, 42.673, 42.355, 42.308, 42.315, 42.108, 42.05, 42.286, 42.311, 41.851, 41.759, 41.908, 41.539, 40.949, 40.786, 41.026, 41.141, 41.053, 41.113, 41.243, 41.031, 40.707, 40.459, 40.204, 40.029, 40.2, 40.559, 40.928, 41.405, 41.873, 42.041, 42.273, 42.69, 42.733, 42.315, 41.845, 41.511, 41.562, 42.175, 42.399, 41.976, 41.722, 41.879, 41.803, 41.615, 41.745, 42.092, 41.962, 41.279, 41.078, 41.425, 41.51, 41.341, 41.213, 41.124, 41.007, 40.89, 40.661, 40.429, 40.674, 41.072, 41.274, 41.248, 41.129, 41.227, 41.51, 41.708, 41.234, 40.557, 40.79, 40.939, 40.602, 40.896, 42.432, 43.525, 43.584, 43.334, 42.898, 42.317, 42.272, 42.043, 41.14, 40.972, 41.1, 41.037, 40.768, 40.358, 40.197, 40.295, 40.282, 40.078, 40.264, 40.762, 40.885, 40.699, 40.83, 41.048, 40.913, 40.538, 40.367, 40.297, 39.986, 39.625, 39.582, 39.866, 40.162, 40.176, 39.81, 39.721, 39.951, 39.899, 39.759, 39.56, 39.526, 39.54, 39.764, 39.864, 39.557, 39.442, 39.845, 40.939, 41.882, 42.034, 41.711, 41.699, 41.934, 42.046, 42.071, 42.436, 43.274, 44.142, 44.447, 44.554, 45.111, 45.681, 45.512, 45.273, 45.669, 46.661, 47.125, 45.944, 44.41, 44.931, 46.267, 46.75, 45.684, 44.157, 43.723, 43.812, 42.906, 41.766, 41.354, 41.108, 40.987, 40.913, 40.349, 39.947, 40.301, 40.913, 41.004, 40.842, 40.962, 41.304, 6.667], [13.232, 8.927, 0.0, 9.359, 15.493, 17.214, 18.42, 21.936, 25.172, 26.677, 28.305, 30.539, 31.52, 32.577, 34.013, 34.635, 35.231, 37.044, 38.731, 39.576, 39.972, 40.117, 39.918, 39.656, 39.929, 39.972, 39.777, 39.964, 40.187, 40.45, 41.021, 40.999, 40.868, 41.063, 41.325, 41.761, 42.308, 42.437, 42.159, 41.925, 41.97, 42.048, 42.326, 42.333, 42.052, 42.029, 42.048, 41.827, 41.77, 42.034, 42.058, 41.569, 41.45, 41.573, 41.176, 40.59, 40.477, 40.757, 40.876, 40.825, 40.974, 41.165, 40.923, 40.567, 40.323, 40.08, 39.917, 40.093, 40.431, 40.749, 41.2, 41.703, 41.889, 42.139, 42.596, 42.682, 42.299, 41.845, 41.49, 41.496, 42.112, 42.373, 41.996, 41.796, 41.959, 41.87, 41.697, 41.829, 42.156, 42.03, 41.388, 41.228, 41.55, 41.569, 41.346, 41.191, 41.094, 40.966, 40.836, 40.591, 40.27, 40.408, 40.757, 40.946, 40.937, 40.832, 40.96, 41.277, 41.493, 41.041, 40.319, 40.488, 40.649, 40.334, 40.63, 42.147, 43.217, 43.287, 43.052, 42.594, 41.983, 41.913, 41.639, 40.683, 40.571, 40.753, 40.658, 40.318, 39.867, 39.697, 39.806, 39.797, 39.555, 39.697, 40.203, 40.369, 40.28, 40.509, 40.758, 40.607, 40.237, 40.099, 40.048, 39.726, 39.354, 39.335, 39.63, 39.918, 39.936, 39.545, 39.438, 39.695, 39.647, 39.519, 39.377, 39.411, 39.504, 39.758, 39.85, 39.556, 39.379, 39.606, 40.608, 41.538, 41.702, 41.387, 41.399, 41.648, 41.741, 41.747, 42.119, 42.954, 43.767, 44.03, 44.151, 44.735, 45.296, 45.127, 44.952, 45.397, 46.36, 46.719, 45.446, 44.025, 44.64, 45.938, 46.405, 45.365, 43.941, 43.598, 43.714, 42.819, 41.673, 41.224, 40.966, 40.844, 40.822, 40.264, 39.825, 40.186, 40.826, 40.933, 40.782, 40.923, 41.272, 13.478], [18.045, 15.58, 9.359, 0.0, 8.407, 11.731, 13.549, 17.291, 20.913, 22.891, 25.065, 27.763, 28.91, 30.17, 31.818, 32.461, 33.184, 35.31, 37.221, 38.158, 38.604, 38.795, 38.686, 38.626, 39.096, 39.239, 39.063, 39.33, 39.89, 40.659, 41.424, 41.393, 41.261, 41.492, 41.759, 42.167, 42.687, 42.801, 42.52, 42.31, 42.385, 42.47, 42.735, 42.731, 42.45, 42.444, 42.476, 42.251, 42.175, 42.4, 42.373, 41.845, 41.67, 41.714, 41.266, 40.684, 40.605, 40.897, 41.018, 41.009, 41.229, 41.492, 41.279, 40.903, 40.673, 40.45, 40.29, 40.445, 40.755, 41.086, 41.575, 42.097, 42.282, 42.559, 43.039, 43.129, 42.767, 42.326, 41.971, 41.973, 42.548, 42.81, 42.466, 42.292, 42.438, 42.337, 42.17, 42.309, 42.644, 42.517, 41.871, 41.703, 42.017, 42.035, 41.803, 41.628, 41.531, 41.42, 41.294, 41.047, 40.727, 40.813, 41.111, 41.313, 41.323, 41.207, 41.329, 41.675, 41.944, 41.557, 40.793, 40.826, 40.973, 40.654, 40.867, 42.327, 43.391, 43.446, 43.209, 42.753, 42.126, 42.035, 41.718, 40.632, 40.467, 40.685, 40.596, 40.246, 39.792, 39.598, 39.68, 39.669, 39.418, 39.533, 40.013, 40.184, 40.215, 40.564, 40.836, 40.676, 40.338, 40.244, 40.196, 39.847, 39.464, 39.462, 39.739, 39.997, 40.042, 39.772, 39.874, 40.211, 40.162, 40.045, 39.915, 39.951, 39.99, 40.16, 40.212, 39.946, 39.748, 39.843, 40.701, 41.585, 41.775, 41.485, 41.488, 41.719, 41.804, 41.807, 42.172, 42.978, 43.729, 43.974, 44.12, 44.711, 45.243, 45.04, 44.87, 45.304, 46.192, 46.493, 45.217, 43.856, 44.484, 45.717, 46.128, 45.07, 43.773, 43.551, 43.686, 42.862, 41.856, 41.422, 41.095, 40.935, 40.936, 40.419, 39.968, 40.261, 40.895, 41.056, 40.928, 41.059, 41.407, 18.418], [19.75, 18.685, 15.493, 8.407, 0.0, 5.407, 10.041, 14.772, 18.443, 20.595, 23.243, 26.321, 27.521, 28.612, 30.134, 30.699, 31.441, 33.681, 35.681, 36.717, 37.261, 37.478, 37.43, 37.6, 38.254, 38.491, 38.416, 38.762, 39.601, 40.968, 42.096, 42.131, 42.001, 42.26, 42.578, 42.999, 43.492, 43.589, 43.333, 43.128, 43.191, 43.293, 43.562, 43.528, 43.228, 43.215, 43.251, 43.049, 42.975, 43.16, 43.099, 42.575, 42.381, 42.341, 41.848, 41.286, 41.207, 41.461, 41.561, 41.553, 41.759, 42.034, 41.901, 41.571, 41.349, 41.121, 40.963, 41.097, 41.386, 41.744, 42.25, 42.724, 42.867, 43.131, 43.57, 43.624, 43.279, 42.854, 42.5, 42.491, 42.984, 43.212, 42.867, 42.665, 42.792, 42.702, 42.536, 42.673, 43.029, 42.923, 42.267, 42.07, 42.391, 42.458, 42.274, 42.134, 42.073, 41.994, 41.88, 41.665, 41.443, 41.564, 41.836, 42.052, 42.077, 41.942, 42.033, 42.367, 42.651, 42.31, 41.572, 41.53, 41.638, 41.299, 41.43, 42.825, 43.874, 43.895, 43.65, 43.244, 42.662, 42.595, 42.285, 41.149, 40.895, 41.084, 41.013, 40.718, 40.328, 40.137, 40.175, 40.148, 39.938, 40.105, 40.57, 40.695, 40.731, 41.087, 41.35, 41.196, 40.879, 40.796, 40.739, 40.391, 40.021, 39.999, 40.238, 40.477, 40.532, 40.387, 40.643, 40.989, 40.952, 40.85, 40.687, 40.668, 40.613, 40.713, 40.751, 40.519, 40.382, 40.537, 41.358, 42.193, 42.37, 42.093, 42.072, 42.272, 42.365, 42.371, 42.689, 43.437, 44.174, 44.432, 44.576, 45.139, 45.638, 45.404, 45.173, 45.533, 46.372, 46.735, 45.57, 44.191, 44.744, 45.945, 46.334, 45.246, 43.954, 43.757, 43.887, 43.134, 42.283, 41.935, 41.585, 41.376, 41.343, 40.887, 40.488, 40.699, 41.258, 41.423, 41.29, 41.394, 41.724, 20.351], [20.423, 19.596, 17.214, 11.731, 5.407, 0.0, 6.534, 12.824, 17.022, 19.103, 21.844, 25.244, 26.726, 27.926, 29.49, 30.166, 31.019, 33.362, 35.488, 36.654, 37.274, 37.494, 37.423, 37.583, 38.206, 38.443, 38.435, 38.788, 39.574, 41.049, 42.374, 42.475, 42.337, 42.595, 42.935, 43.348, 43.813, 43.904, 43.658, 43.447, 43.503, 43.605, 43.859, 43.821, 43.532, 43.522, 43.563, 43.371, 43.307, 43.504, 43.45, 42.926, 42.728, 42.669, 42.178, 41.64, 41.576, 41.825, 41.915, 41.896, 42.081, 42.347, 42.25, 41.952, 41.726, 41.486, 41.331, 41.461, 41.733, 42.063, 42.552, 43.023, 43.163, 43.399, 43.792, 43.83, 43.49, 43.054, 42.68, 42.666, 43.13, 43.336, 42.989, 42.781, 42.902, 42.813, 42.648, 42.78, 43.143, 43.057, 42.424, 42.237, 42.564, 42.64, 42.479, 42.374, 42.33, 42.249, 42.143, 41.957, 41.784, 41.921, 42.191, 42.419, 42.447, 42.314, 42.407, 42.749, 43.043, 42.707, 42.006, 41.988, 42.077, 41.728, 41.886, 43.285, 44.293, 44.278, 44.04, 43.645, 43.074, 43.025, 42.739, 41.626, 41.36, 41.53, 41.455, 41.171, 40.792, 40.603, 40.639, 40.613, 40.423, 40.63, 41.111, 41.222, 41.217, 41.535, 41.795, 41.66, 41.349, 41.249, 41.183, 40.851, 40.487, 40.434, 40.632, 40.853, 40.88, 40.702, 40.925, 41.254, 41.224, 41.131, 40.954, 40.932, 40.904, 41.041, 41.098, 40.878, 40.765, 40.943, 41.779, 42.619, 42.795, 42.53, 42.521, 42.731, 42.831, 42.832, 43.126, 43.848, 44.573, 44.828, 44.963, 45.516, 46.006, 45.765, 45.521, 45.857, 46.691, 47.078, 45.947, 44.531, 45.025, 46.235, 46.645, 45.574, 44.251, 44.016, 44.136, 43.386, 42.535, 42.208, 41.897, 41.71, 41.659, 41.197, 40.82, 41.037, 41.563, 41.694, 41.551, 41.66, 41.996, 21.034], [22.54, 21.363, 18.42, 13.549, 10.041, 6.534, 0.0, 7.793, 13.434, 16.139, 19.161, 22.984, 24.973, 26.694, 28.581, 29.482, 30.569, 33.12, 35.418, 36.695, 37.343, 37.558, 37.478, 37.595, 38.161, 38.38, 38.396, 38.75, 39.441, 40.79, 42.105, 42.224, 42.071, 42.314, 42.642, 43.046, 43.502, 43.577, 43.301, 43.089, 43.182, 43.281, 43.494, 43.45, 43.18, 43.189, 43.235, 43.028, 42.964, 43.191, 43.151, 42.612, 42.417, 42.389, 41.906, 41.364, 41.309, 41.569, 41.659, 41.64, 41.831, 42.106, 42.014, 41.712, 41.479, 41.239, 41.092, 41.229, 41.496, 41.798, 42.286, 42.802, 42.955, 43.148, 43.539, 43.627, 43.306, 42.847, 42.467, 42.468, 42.951, 43.162, 42.818, 42.624, 42.745, 42.635, 42.46, 42.596, 42.961, 42.863, 42.223, 42.056, 42.402, 42.459, 42.277, 42.167, 42.105, 42.002, 41.896, 41.706, 41.493, 41.603, 41.891, 42.142, 42.166, 42.044, 42.184, 42.596, 42.938, 42.575, 41.84, 41.87, 41.957, 41.575, 41.786, 43.275, 44.294, 44.257, 44.025, 43.616, 43.022, 42.972, 42.69, 41.583, 41.347, 41.547, 41.473, 41.163, 40.744, 40.548, 40.609, 40.604, 40.419, 40.621, 41.092, 41.19, 41.148, 41.43, 41.69, 41.579, 41.276, 41.16, 41.096, 40.763, 40.37, 40.299, 40.5, 40.715, 40.709, 40.435, 40.589, 40.913, 40.862, 40.757, 40.596, 40.623, 40.681, 40.874, 40.943, 40.72, 40.575, 40.687, 41.499, 42.348, 42.521, 42.232, 42.226, 42.467, 42.573, 42.56, 42.851, 43.576, 44.287, 44.53, 44.681, 45.256, 45.739, 45.504, 45.311, 45.694, 46.573, 46.97, 45.806, 44.382, 44.873, 46.082, 46.517, 45.504, 44.197, 43.929, 44.042, 43.272, 42.351, 41.983, 41.676, 41.515, 41.485, 40.975, 40.539, 40.752, 41.283, 41.406, 41.288, 41.428, 41.776, 23.059], [26.301, 25.003, 21.936, 17.291, 14.772, 12.824, 7.793, 0.0, 7.105, 11.716, 15.912, 20.111, 22.445, 24.713, 26.877, 27.924, 29.317, 32.156, 34.6, 35.95, 36.614, 36.819, 36.771, 36.958, 37.557, 37.794, 37.856, 38.253, 38.99, 40.422, 41.779, 41.899, 41.732, 41.975, 42.311, 42.728, 43.195, 43.265, 42.974, 42.771, 42.889, 42.973, 43.14, 43.068, 42.791, 42.805, 42.853, 42.635, 42.567, 42.799, 42.756, 42.213, 42.022, 42.005, 41.507, 40.963, 40.914, 41.167, 41.251, 41.236, 41.433, 41.712, 41.633, 41.337, 41.111, 40.89, 40.766, 40.91, 41.176, 41.469, 41.954, 42.493, 42.643, 42.785, 43.183, 43.319, 43.021, 42.568, 42.219, 42.238, 42.716, 42.934, 42.578, 42.368, 42.486, 42.376, 42.202, 42.339, 42.707, 42.597, 41.937, 41.782, 42.148, 42.198, 42.007, 41.892, 41.825, 41.72, 41.613, 41.407, 41.148, 41.223, 41.513, 41.767, 41.784, 41.673, 41.858, 42.326, 42.699, 42.309, 41.495, 41.521, 41.615, 41.202, 41.406, 42.929, 43.963, 43.911, 43.689, 43.304, 42.709, 42.646, 42.361, 41.257, 41.054, 41.301, 41.245, 40.927, 40.487, 40.284, 40.357, 40.362, 40.194, 40.402, 40.866, 40.97, 40.932, 41.212, 41.471, 41.37, 41.08, 40.965, 40.904, 40.566, 40.136, 40.043, 40.242, 40.445, 40.437, 40.138, 40.267, 40.575, 40.502, 40.383, 40.234, 40.282, 40.393, 40.619, 40.693, 40.471, 40.317, 40.391, 41.169, 41.999, 42.152, 41.817, 41.776, 42.024, 42.134, 42.107, 42.39, 43.103, 43.795, 44.031, 44.192, 44.77, 45.238, 45.018, 44.875, 45.291, 46.199, 46.622, 45.458, 44.083, 44.609, 45.77, 46.203, 45.236, 43.963, 43.695, 43.813, 43.052, 42.104, 41.713, 41.402, 41.256, 41.25, 40.71, 40.195, 40.355, 40.888, 41.028, 40.945, 41.106, 41.451, 26.727], [29.167, 27.941, 25.172, 20.913, 18.443, 17.022, 13.434, 7.105, 0.0, 6.691, 12.898, 17.747, 20.222, 22.844, 25.261, 26.407, 27.96, 30.972, 33.55, 35.015, 35.726, 35.903, 35.866, 36.164, 36.847, 37.109, 37.225, 37.678, 38.52, 40.213, 41.766, 41.929, 41.763, 42.019, 42.401, 42.86, 43.348, 43.427, 43.153, 42.954, 43.043, 43.093, 43.227, 43.136, 42.854, 42.856, 42.901, 42.698, 42.635, 42.842, 42.781, 42.264, 42.094, 42.092, 41.593, 41.056, 41.008, 41.245, 41.315, 41.297, 41.492, 41.753, 41.658, 41.367, 41.154, 40.956, 40.857, 41.005, 41.268, 41.557, 42.018, 42.53, 42.681, 42.821, 43.198, 43.316, 43.036, 42.621, 42.298, 42.293, 42.723, 42.937, 42.58, 42.346, 42.455, 42.37, 42.219, 42.352, 42.714, 42.624, 41.991, 41.847, 42.201, 42.245, 42.065, 41.976, 41.941, 41.853, 41.755, 41.574, 41.318, 41.359, 41.614, 41.839, 41.842, 41.735, 41.926, 42.379, 42.73, 42.322, 41.451, 41.419, 41.519, 41.129, 41.291, 42.73, 43.734, 43.685, 43.481, 43.143, 42.582, 42.52, 42.238, 41.185, 41.001, 41.253, 41.215, 40.921, 40.51, 40.331, 40.407, 40.41, 40.262, 40.498, 40.984, 41.125, 41.115, 41.389, 41.634, 41.535, 41.256, 41.137, 41.064, 40.717, 40.27, 40.156, 40.333, 40.522, 40.538, 40.3, 40.441, 40.723, 40.646, 40.537, 40.398, 40.438, 40.547, 40.781, 40.86, 40.654, 40.54, 40.655, 41.426, 42.231, 42.373, 42.014, 41.92, 42.133, 42.239, 42.201, 42.449, 43.125, 43.797, 44.018, 44.156, 44.704, 45.152, 44.946, 44.804, 45.186, 46.055, 46.476, 45.342, 43.997, 44.514, 45.623, 46.044, 45.083, 43.819, 43.565, 43.69, 42.979, 42.091, 41.72, 41.42, 41.299, 41.326, 40.827, 40.328, 40.473, 40.983, 41.111, 41.031, 41.194, 41.529, 29.52], [30.385, 29.209, 26.677, 22.891, 20.595, 19.103, 16.139, 11.716, 6.691, 0.0, 7.983, 14.415, 17.735, 20.888, 23.718, 25.039, 26.606, 29.685, 32.419, 34.054, 34.848, 35.004, 34.948, 35.313, 36.056, 36.318, 36.464, 36.959, 37.834, 39.712, 41.537, 41.797, 41.644, 41.918, 42.345, 42.839, 43.344, 43.43, 43.146, 42.938, 43.032, 43.107, 43.257, 43.19, 42.94, 42.953, 43.01, 42.818, 42.76, 42.971, 42.913, 42.401, 42.244, 42.276, 41.797, 41.251, 41.182, 41.398, 41.458, 41.426, 41.605, 41.841, 41.719, 41.427, 41.221, 41.017, 40.902, 41.038, 41.318, 41.612, 42.045, 42.524, 42.69, 42.865, 43.216, 43.296, 43.024, 42.637, 42.302, 42.249, 42.646, 42.866, 42.53, 42.31, 42.42, 42.338, 42.188, 42.306, 42.661, 42.607, 42.034, 41.889, 42.207, 42.243, 42.074, 42.023, 42.031, 41.949, 41.84, 41.674, 41.425, 41.454, 41.707, 41.905, 41.887, 41.792, 41.988, 42.419, 42.731, 42.286, 41.425, 41.41, 41.522, 41.166, 41.35, 42.769, 43.759, 43.721, 43.539, 43.229, 42.691, 42.637, 42.361, 41.341, 41.173, 41.399, 41.343, 41.044, 40.638, 40.472, 40.561, 40.582, 40.456, 40.722, 41.247, 41.418, 41.396, 41.633, 41.871, 41.779, 41.49, 41.341, 41.246, 40.889, 40.434, 40.311, 40.479, 40.67, 40.686, 40.445, 40.543, 40.806, 40.724, 40.636, 40.53, 40.581, 40.7, 40.96, 41.057, 40.859, 40.754, 40.904, 41.701, 42.519, 42.661, 42.294, 42.167, 42.352, 42.454, 42.418, 42.648, 43.301, 43.969, 44.174, 44.28, 44.815, 45.28, 45.082, 44.917, 45.266, 46.102, 46.506, 45.375, 43.993, 44.456, 45.553, 45.968, 45.009, 43.743, 43.482, 43.595, 42.913, 42.088, 41.738, 41.482, 41.404, 41.442, 40.972, 40.527, 40.697, 41.181, 41.26, 41.15, 41.304, 41.638, 30.668], [31.854, 30.681, 28.305, 25.065, 23.243, 21.844, 19.161, 15.912, 12.898, 7.983, 0.0, 8.127, 13.765, 18.376, 21.778, 23.298, 24.907, 28.113, 31.066, 32.921, 33.836, 34.0, 33.946, 34.383, 35.168, 35.397, 35.564, 36.123, 37.009, 38.975, 41.055, 41.462, 41.34, 41.616, 42.067, 42.585, 43.104, 43.195, 42.901, 42.716, 42.866, 42.994, 43.196, 43.185, 42.967, 43.001, 43.088, 42.899, 42.855, 43.132, 43.115, 42.597, 42.439, 42.479, 42.015, 41.47, 41.375, 41.549, 41.59, 41.542, 41.694, 41.9, 41.773, 41.514, 41.336, 41.129, 40.967, 41.07, 41.381, 41.686, 42.086, 42.539, 42.703, 42.889, 43.253, 43.341, 43.073, 42.683, 42.353, 42.316, 42.718, 42.938, 42.625, 42.432, 42.541, 42.445, 42.281, 42.383, 42.731, 42.699, 42.148, 41.997, 42.307, 42.349, 42.185, 42.154, 42.192, 42.114, 41.981, 41.784, 41.476, 41.502, 41.771, 41.952, 41.915, 41.834, 42.041, 42.46, 42.743, 42.217, 41.341, 41.372, 41.497, 41.169, 41.397, 42.841, 43.834, 43.799, 43.625, 43.33, 42.825, 42.794, 42.531, 41.582, 41.492, 41.719, 41.624, 41.292, 40.864, 40.692, 40.794, 40.842, 40.718, 40.971, 41.525, 41.731, 41.681, 41.87, 42.097, 42.007, 41.702, 41.531, 41.436, 41.075, 40.615, 40.495, 40.665, 40.862, 40.873, 40.558, 40.575, 40.828, 40.707, 40.6, 40.517, 40.566, 40.709, 41.032, 41.199, 41.041, 40.915, 41.041, 41.831, 42.636, 42.757, 42.376, 42.228, 42.378, 42.463, 42.454, 42.726, 43.402, 44.093, 44.291, 44.374, 44.939, 45.466, 45.28, 45.128, 45.491, 46.329, 46.737, 45.603, 44.197, 44.622, 45.732, 46.181, 45.253, 44.0, 43.711, 43.791, 43.11, 42.313, 41.984, 41.78, 41.726, 41.744, 41.242, 40.785, 40.967, 41.456, 41.495, 41.358, 41.505, 41.829, 32.037], [33.86, 32.712, 30.539, 27.763, 26.321, 25.244, 22.984, 20.111, 17.747, 14.415, 8.127, 0.0, 8.397, 15.393, 19.659, 21.341, 23.054, 26.477, 29.667, 31.733, 32.765, 32.948, 32.946, 33.562, 34.487, 34.744, 34.941, 35.59, 36.608, 38.721, 40.952, 41.476, 41.417, 41.689, 42.114, 42.648, 43.212, 43.347, 43.088, 42.935, 43.109, 43.246, 43.47, 43.487, 43.267, 43.278, 43.353, 43.158, 43.124, 43.443, 43.456, 42.941, 42.783, 42.81, 42.349, 41.826, 41.712, 41.836, 41.861, 41.826, 41.988, 42.189, 42.082, 41.89, 41.746, 41.538, 41.353, 41.434, 41.749, 42.057, 42.433, 42.867, 43.01, 43.168, 43.554, 43.675, 43.423, 43.051, 42.774, 42.798, 43.195, 43.412, 43.11, 42.913, 43.001, 42.905, 42.745, 42.832, 43.165, 43.129, 42.565, 42.404, 42.733, 42.793, 42.627, 42.595, 42.641, 42.558, 42.409, 42.187, 41.814, 41.794, 42.032, 42.187, 42.155, 42.086, 42.273, 42.656, 42.925, 42.361, 41.433, 41.445, 41.6, 41.326, 41.534, 42.93, 43.926, 43.899, 43.722, 43.453, 43.007, 43.016, 42.768, 41.878, 41.866, 42.118, 42.001, 41.646, 41.224, 41.072, 41.183, 41.237, 41.09, 41.292, 41.855, 42.121, 42.102, 42.301, 42.524, 42.44, 42.15, 41.998, 41.917, 41.559, 41.098, 40.984, 41.161, 41.354, 41.371, 41.025, 41.0, 41.234, 41.074, 40.944, 40.853, 40.866, 40.984, 41.322, 41.541, 41.445, 41.312, 41.39, 42.15, 42.91, 42.991, 42.607, 42.472, 42.606, 42.679, 42.704, 43.033, 43.748, 44.451, 44.628, 44.69, 45.285, 45.872, 45.708, 45.579, 45.98, 46.849, 47.272, 46.168, 44.816, 45.246, 46.313, 46.753, 45.823, 44.575, 44.294, 44.37, 43.715, 42.965, 42.656, 42.437, 42.353, 42.335, 41.798, 41.277, 41.431, 41.95, 42.004, 41.866, 42.005, 42.294, 33.996], [34.608, 33.491, 31.52, 28.91, 27.521, 26.726, 24.973, 22.445, 20.222, 17.735, 13.765, 8.397, 0.0, 8.977, 14.96, 17.274, 19.25, 23.21, 26.805, 29.107, 30.277, 30.502, 30.581, 31.49, 32.736, 33.161, 33.401, 34.147, 35.443, 37.897, 40.311, 40.904, 40.894, 41.193, 41.651, 42.295, 42.992, 43.198, 42.962, 42.779, 42.914, 43.027, 43.28, 43.304, 43.022, 42.973, 43.002, 42.784, 42.734, 43.038, 43.042, 42.496, 42.343, 42.334, 41.802, 41.207, 41.038, 41.152, 41.175, 41.141, 41.33, 41.568, 41.483, 41.285, 41.122, 40.904, 40.731, 40.846, 41.186, 41.537, 41.956, 42.424, 42.569, 42.737, 43.202, 43.398, 43.136, 42.726, 42.464, 42.555, 43.021, 43.259, 42.901, 42.647, 42.739, 42.634, 42.45, 42.537, 42.884, 42.816, 42.185, 41.997, 42.351, 42.437, 42.261, 42.184, 42.187, 42.072, 41.888, 41.603, 41.192, 41.204, 41.467, 41.623, 41.567, 41.464, 41.647, 42.042, 42.333, 41.801, 40.913, 40.972, 41.16, 40.845, 41.036, 42.538, 43.622, 43.605, 43.399, 43.117, 42.648, 42.661, 42.394, 41.363, 41.286, 41.547, 41.431, 41.065, 40.632, 40.47, 40.582, 40.647, 40.523, 40.755, 41.331, 41.584, 41.576, 41.821, 42.078, 42.002, 41.696, 41.525, 41.43, 41.049, 40.575, 40.484, 40.714, 40.922, 40.934, 40.574, 40.581, 40.854, 40.721, 40.594, 40.469, 40.46, 40.555, 40.905, 41.104, 40.918, 40.739, 40.871, 41.765, 42.603, 42.678, 42.276, 42.152, 42.31, 42.401, 42.429, 42.771, 43.533, 44.285, 44.461, 44.495, 45.101, 45.743, 45.586, 45.418, 45.826, 46.725, 47.179, 46.075, 44.682, 45.182, 46.352, 46.811, 45.813, 44.459, 44.139, 44.224, 43.566, 42.772, 42.398, 42.073, 41.906, 41.822, 41.207, 40.637, 40.802, 41.332, 41.392, 41.265, 41.43, 41.738, 34.784], [35.198, 34.176, 32.577, 30.17, 28.612, 27.926, 26.694, 24.713, 22.844, 20.888, 18.376, 15.393, 8.977, 0.0, 7.736, 11.599, 14.731, 19.504, 23.291, 25.668, 26.995, 27.301, 27.531, 28.862, 30.534, 31.204, 31.524, 32.35, 33.913, 36.81, 39.521, 40.174, 40.146, 40.488, 41.037, 41.784, 42.578, 42.829, 42.609, 42.396, 42.474, 42.561, 42.85, 42.888, 42.553, 42.46, 42.453, 42.208, 42.112, 42.35, 42.305, 41.724, 41.599, 41.542, 40.896, 40.17, 39.921, 40.042, 40.076, 40.029, 40.242, 40.553, 40.499, 40.235, 40.0, 39.761, 39.605, 39.777, 40.174, 40.612, 41.099, 41.573, 41.701, 41.881, 42.401, 42.668, 42.376, 41.869, 41.559, 41.695, 42.267, 42.519, 42.077, 41.789, 41.932, 41.817, 41.593, 41.697, 42.096, 42.003, 41.291, 41.079, 41.454, 41.571, 41.403, 41.277, 41.226, 41.085, 40.845, 40.447, 40.014, 40.135, 40.461, 40.636, 40.564, 40.444, 40.658, 41.079, 41.363, 40.926, 40.259, 40.462, 40.625, 40.204, 40.473, 42.212, 43.39, 43.346, 43.074, 42.743, 42.226, 42.247, 41.97, 40.747, 40.528, 40.74, 40.637, 40.281, 39.792, 39.568, 39.655, 39.723, 39.676, 40.029, 40.607, 40.744, 40.639, 40.875, 41.172, 41.096, 40.727, 40.492, 40.372, 39.979, 39.527, 39.482, 39.753, 39.953, 39.93, 39.542, 39.573, 39.887, 39.815, 39.702, 39.569, 39.616, 39.765, 40.2, 40.374, 40.014, 39.789, 40.086, 41.211, 42.165, 42.232, 41.789, 41.656, 41.822, 41.924, 41.945, 42.276, 43.088, 43.951, 44.201, 44.206, 44.779, 45.465, 45.319, 45.077, 45.422, 46.309, 46.799, 45.661, 44.086, 44.624, 46.032, 46.567, 45.479, 43.942, 43.519, 43.597, 42.901, 41.978, 41.49, 41.095, 40.884, 40.737, 40.034, 39.479, 39.717, 40.24, 40.261, 40.109, 40.299, 40.667, 35.436], [36.241, 35.31, 34.013, 31.818, 30.134, 29.49, 28.581, 26.877, 25.261, 23.718, 21.778, 19.659, 14.96, 7.736, 0.0, 5.9, 12.027, 17.994, 21.65, 23.812, 25.171, 25.55, 25.968, 27.654, 29.599, 30.426, 30.829, 31.723, 33.439, 36.591, 39.442, 40.097, 40.03, 40.379, 40.951, 41.69, 42.483, 42.748, 42.541, 42.305, 42.343, 42.416, 42.716, 42.77, 42.414, 42.31, 42.298, 42.037, 41.91, 42.125, 42.056, 41.448, 41.334, 41.242, 40.555, 39.782, 39.489, 39.592, 39.63, 39.589, 39.816, 40.173, 40.163, 39.885, 39.605, 39.351, 39.229, 39.455, 39.889, 40.366, 40.861, 41.292, 41.389, 41.565, 42.094, 42.387, 42.081, 41.523, 41.187, 41.334, 41.939, 42.197, 41.72, 41.424, 41.605, 41.485, 41.243, 41.358, 41.779, 41.677, 40.941, 40.741, 41.129, 41.253, 41.088, 40.941, 40.874, 40.737, 40.474, 40.017, 39.593, 39.775, 40.103, 40.29, 40.241, 40.135, 40.369, 40.777, 41.033, 40.701, 40.244, 40.515, 40.606, 40.12, 40.436, 42.25, 43.426, 43.35, 43.034, 42.665, 42.118, 42.144, 41.888, 40.62, 40.344, 40.522, 40.431, 40.103, 39.569, 39.278, 39.344, 39.408, 39.431, 39.905, 40.497, 40.544, 40.353, 40.566, 40.865, 40.777, 40.361, 40.081, 39.949, 39.579, 39.191, 39.2, 39.475, 39.639, 39.591, 39.183, 39.18, 39.466, 39.423, 39.321, 39.201, 39.317, 39.535, 40.068, 40.27, 39.828, 39.584, 40.012, 41.284, 42.291, 42.335, 41.854, 41.706, 41.869, 41.973, 41.995, 42.317, 43.144, 44.081, 44.394, 44.374, 44.9, 45.594, 45.453, 45.162, 45.431, 46.289, 46.818, 45.674, 43.957, 44.461, 45.992, 46.598, 45.451, 43.751, 43.247, 43.306, 42.569, 41.58, 41.062, 40.715, 40.542, 40.371, 39.633, 39.103, 39.375, 39.878, 39.874, 39.685, 39.86, 40.256, 36.502], [36.681, 35.82, 34.635, 32.461, 30.699, 30.166, 29.482, 27.924, 26.407, 25.039, 23.298, 21.341, 17.274, 11.599, 5.9, 0.0, 8.32, 15.773, 19.939, 22.19, 23.6, 24.01, 24.541, 26.538, 28.756, 29.701, 30.138, 31.12, 33.081, 36.528, 39.506, 40.194, 40.155, 40.512, 41.063, 41.795, 42.608, 42.908, 42.724, 42.462, 42.481, 42.585, 42.925, 42.982, 42.624, 42.518, 42.502, 42.247, 42.125, 42.329, 42.254, 41.656, 41.537, 41.441, 40.797, 40.082, 39.807, 39.894, 39.927, 39.895, 40.119, 40.459, 40.451, 40.206, 39.973, 39.742, 39.626, 39.853, 40.302, 40.809, 41.296, 41.682, 41.755, 41.945, 42.478, 42.744, 42.439, 41.919, 41.62, 41.769, 42.337, 42.604, 42.161, 41.89, 42.078, 41.96, 41.721, 41.842, 42.246, 42.137, 41.417, 41.212, 41.588, 41.715, 41.553, 41.409, 41.344, 41.208, 40.955, 40.515, 40.095, 40.263, 40.568, 40.76, 40.731, 40.62, 40.823, 41.19, 41.426, 41.124, 40.679, 40.892, 40.959, 40.476, 40.72, 42.426, 43.581, 43.524, 43.213, 42.854, 42.321, 42.342, 42.095, 40.87, 40.606, 40.778, 40.697, 40.38, 39.844, 39.554, 39.618, 39.666, 39.679, 40.157, 40.765, 40.843, 40.707, 40.953, 41.239, 41.141, 40.732, 40.458, 40.324, 39.965, 39.614, 39.651, 39.928, 40.089, 40.059, 39.704, 39.717, 39.973, 39.921, 39.812, 39.69, 39.796, 39.976, 40.477, 40.684, 40.266, 40.044, 40.496, 41.725, 42.662, 42.667, 42.179, 42.033, 42.197, 42.304, 42.318, 42.623, 43.445, 44.375, 44.662, 44.605, 45.107, 45.785, 45.623, 45.318, 45.587, 46.442, 46.985, 45.89, 44.257, 44.801, 46.312, 46.917, 45.762, 44.032, 43.524, 43.581, 42.838, 41.852, 41.35, 41.0, 40.786, 40.572, 39.85, 39.332, 39.585, 40.089, 40.12, 39.937, 40.086, 40.463, 36.933], [36.912, 36.186, 35.231, 33.184, 31.441, 31.019, 30.569, 29.317, 27.96, 26.606, 24.907, 23.054, 19.25, 14.731, 12.027, 8.32, 0.0, 8.918, 14.729, 18.129, 19.97, 20.32, 20.87, 23.465, 26.279, 27.452, 27.927, 29.058, 31.454, 35.497, 38.875, 39.692, 39.708, 40.125, 40.769, 41.611, 42.509, 42.875, 42.749, 42.512, 42.537, 42.712, 43.141, 43.188, 42.808, 42.687, 42.653, 42.422, 42.317, 42.469, 42.364, 41.808, 41.734, 41.7, 41.131, 40.452, 40.174, 40.255, 40.272, 40.199, 40.355, 40.615, 40.537, 40.293, 40.165, 40.022, 39.878, 40.019, 40.479, 41.094, 41.654, 42.041, 42.117, 42.32, 42.803, 42.967, 42.659, 42.208, 41.923, 42.046, 42.607, 42.888, 42.466, 42.215, 42.415, 42.296, 42.057, 42.189, 42.594, 42.484, 41.762, 41.542, 41.923, 42.08, 41.933, 41.792, 41.718, 41.56, 41.321, 40.914, 40.518, 40.706, 41.03, 41.21, 41.172, 41.044, 41.192, 41.518, 41.746, 41.37, 40.76, 40.89, 40.988, 40.505, 40.631, 42.254, 43.458, 43.45, 43.163, 42.85, 42.365, 42.367, 42.119, 40.967, 40.723, 40.89, 40.832, 40.512, 40.003, 39.777, 39.861, 39.898, 39.86, 40.265, 40.854, 40.966, 40.872, 41.132, 41.411, 41.319, 40.944, 40.711, 40.584, 40.236, 39.947, 40.026, 40.325, 40.519, 40.517, 40.249, 40.34, 40.582, 40.527, 40.412, 40.278, 40.309, 40.323, 40.661, 40.817, 40.414, 40.211, 40.672, 41.845, 42.72, 42.7, 42.215, 42.058, 42.21, 42.302, 42.278, 42.537, 43.343, 44.275, 44.53, 44.437, 44.923, 45.577, 45.38, 45.052, 45.344, 46.248, 46.842, 45.862, 44.432, 45.059, 46.533, 47.154, 46.069, 44.376, 43.854, 43.907, 43.155, 42.136, 41.631, 41.2, 40.857, 40.571, 39.89, 39.393, 39.607, 40.114, 40.187, 40.041, 40.169, 40.505, 37.163], [38.212, 37.642, 37.044, 35.31, 33.681, 33.362, 33.12, 32.156, 30.972, 29.685, 28.113, 26.477, 23.21, 19.504, 17.994, 15.773, 8.918, 0.0, 7.608, 13.217, 16.067, 16.297, 16.876, 20.392, 23.949, 25.38, 25.931, 27.202, 29.925, 34.493, 38.282, 39.206, 39.238, 39.725, 40.512, 41.492, 42.487, 42.922, 42.864, 42.68, 42.697, 42.905, 43.416, 43.485, 43.097, 42.949, 42.874, 42.649, 42.539, 42.605, 42.43, 41.89, 41.867, 41.9, 41.385, 40.695, 40.378, 40.446, 40.462, 40.348, 40.433, 40.637, 40.524, 40.268, 40.201, 40.13, 39.975, 40.039, 40.503, 41.237, 41.884, 42.267, 42.355, 42.565, 42.96, 43.026, 42.736, 42.336, 42.015, 42.088, 42.678, 42.958, 42.508, 42.266, 42.502, 42.374, 42.119, 42.263, 42.684, 42.581, 41.862, 41.666, 42.075, 42.267, 42.148, 42.007, 41.912, 41.731, 41.489, 41.089, 40.714, 40.926, 41.265, 41.423, 41.37, 41.247, 41.346, 41.619, 41.843, 41.42, 40.699, 40.804, 40.94, 40.432, 40.466, 42.088, 43.384, 43.429, 43.146, 42.87, 42.441, 42.445, 42.224, 41.167, 40.912, 41.047, 41.015, 40.698, 40.19, 39.995, 40.094, 40.136, 40.098, 40.466, 40.984, 41.017, 40.828, 41.024, 41.316, 41.244, 40.88, 40.68, 40.575, 40.277, 40.117, 40.286, 40.614, 40.821, 40.831, 40.657, 40.837, 41.059, 41.023, 40.937, 40.811, 40.762, 40.586, 40.747, 40.837, 40.405, 40.201, 40.726, 41.95, 42.836, 42.81, 42.318, 42.143, 42.272, 42.338, 42.276, 42.479, 43.242, 44.185, 44.473, 44.379, 44.811, 45.414, 45.219, 44.853, 45.108, 46.049, 46.729, 45.899, 44.611, 45.247, 46.667, 47.307, 46.313, 44.659, 44.124, 44.167, 43.391, 42.356, 41.876, 41.412, 40.98, 40.659, 40.044, 39.586, 39.73, 40.2, 40.285, 40.155, 40.254, 40.555, 38.481], [39.633, 39.122, 38.731, 37.221, 35.681, 35.488, 35.418, 34.6, 33.55, 32.419, 31.066, 29.667, 26.805, 23.291, 21.65, 19.939, 14.729, 7.608, 0.0, 7.347, 11.513, 11.967, 12.858, 17.576, 21.922, 23.631, 24.324, 25.769, 28.798, 33.839, 37.901, 38.811, 38.821, 39.362, 40.226, 41.289, 42.381, 42.887, 42.876, 42.708, 42.703, 42.915, 43.484, 43.607, 43.234, 43.062, 42.945, 42.704, 42.574, 42.576, 42.325, 41.743, 41.715, 41.74, 41.211, 40.48, 40.134, 40.202, 40.225, 40.095, 40.147, 40.356, 40.277, 40.028, 39.972, 39.94, 39.803, 39.842, 40.312, 41.143, 41.869, 42.246, 42.328, 42.55, 42.908, 42.941, 42.669, 42.287, 41.929, 41.964, 42.572, 42.848, 42.372, 42.149, 42.433, 42.312, 42.058, 42.224, 42.648, 42.532, 41.802, 41.627, 42.054, 42.253, 42.138, 41.985, 41.872, 41.685, 41.436, 41.013, 40.643, 40.874, 41.222, 41.383, 41.331, 41.212, 41.3, 41.544, 41.763, 41.373, 40.644, 40.707, 40.813, 40.246, 40.211, 41.843, 43.184, 43.244, 42.928, 42.637, 42.234, 42.266, 42.082, 41.078, 40.801, 40.907, 40.885, 40.578, 40.056, 39.845, 39.947, 40.008, 40.023, 40.408, 40.846, 40.776, 40.516, 40.696, 41.018, 40.973, 40.614, 40.429, 40.35, 40.126, 40.107, 40.366, 40.712, 40.903, 40.922, 40.816, 41.008, 41.19, 41.18, 41.124, 41.006, 40.933, 40.658, 40.715, 40.746, 40.255, 40.044, 40.672, 41.994, 42.92, 42.89, 42.371, 42.176, 42.293, 42.347, 42.253, 42.397, 43.119, 44.078, 44.425, 44.357, 44.722, 45.273, 45.123, 44.753, 44.946, 45.897, 46.657, 45.926, 44.661, 45.242, 46.628, 47.277, 46.316, 44.646, 44.086, 44.117, 43.305, 42.275, 41.861, 41.422, 40.944, 40.611, 40.075, 39.674, 39.747, 40.148, 40.228, 40.101, 40.18, 40.482, 39.921], [40.489, 39.945, 39.576, 38.158, 36.717, 36.654, 36.695, 35.95, 35.015, 34.054, 32.921, 31.733, 29.107, 25.668, 23.812, 22.19, 18.129, 13.217, 7.347, 0.0, 5.195, 6.692, 8.396, 14.3, 19.439, 21.489, 22.309, 23.924, 27.376, 33.034, 37.4, 38.292, 38.271, 38.87, 39.787, 40.903, 42.078, 42.65, 42.674, 42.499, 42.476, 42.714, 43.355, 43.525, 43.148, 42.968, 42.834, 42.576, 42.442, 42.432, 42.142, 41.515, 41.464, 41.441, 40.873, 40.121, 39.775, 39.845, 39.864, 39.734, 39.793, 40.043, 40.025, 39.794, 39.727, 39.717, 39.599, 39.627, 40.093, 40.982, 41.774, 42.166, 42.252, 42.494, 42.851, 42.854, 42.579, 42.218, 41.847, 41.855, 42.459, 42.751, 42.282, 42.074, 42.383, 42.278, 42.036, 42.216, 42.641, 42.506, 41.75, 41.57, 41.999, 42.173, 42.018, 41.833, 41.702, 41.497, 41.238, 40.815, 40.486, 40.764, 41.121, 41.297, 41.266, 41.156, 41.254, 41.515, 41.751, 41.423, 40.684, 40.654, 40.693, 40.08, 39.974, 41.55, 42.854, 42.884, 42.534, 42.204, 41.776, 41.804, 41.624, 40.62, 40.351, 40.457, 40.43, 40.136, 39.634, 39.429, 39.539, 39.63, 39.696, 40.103, 40.497, 40.4, 40.201, 40.472, 40.837, 40.809, 40.477, 40.316, 40.255, 40.085, 40.146, 40.454, 40.824, 41.009, 41.019, 40.916, 41.062, 41.207, 41.204, 41.158, 41.04, 40.978, 40.682, 40.684, 40.659, 40.129, 39.916, 40.597, 41.956, 42.894, 42.852, 42.302, 42.101, 42.233, 42.287, 42.158, 42.251, 42.945, 43.891, 44.255, 44.205, 44.525, 45.039, 44.935, 44.598, 44.788, 45.767, 46.581, 45.927, 44.705, 45.263, 46.628, 47.264, 46.277, 44.549, 43.964, 43.992, 43.154, 42.106, 41.746, 41.341, 40.826, 40.498, 40.028, 39.674, 39.72, 40.075, 40.146, 40.014, 40.075, 40.384, 40.767], [40.933, 40.357, 39.972, 38.604, 37.261, 37.274, 37.343, 36.614, 35.726, 34.848, 33.836, 32.765, 30.277, 26.995, 25.171, 23.6, 19.97, 16.067, 11.513, 5.195, 0.0, 3.046, 6.112, 12.639, 18.099, 20.346, 21.201, 22.832, 26.503, 32.537, 37.097, 37.992, 37.956, 38.589, 39.544, 40.688, 41.894, 42.489, 42.526, 42.35, 42.319, 42.581, 43.265, 43.446, 43.06, 42.887, 42.764, 42.503, 42.374, 42.381, 42.094, 41.458, 41.41, 41.397, 40.841, 40.104, 39.768, 39.833, 39.849, 39.727, 39.796, 40.06, 40.058, 39.83, 39.742, 39.73, 39.625, 39.655, 40.108, 40.995, 41.801, 42.201, 42.296, 42.543, 42.887, 42.848, 42.561, 42.228, 41.861, 41.841, 42.433, 42.74, 42.278, 42.073, 42.394, 42.299, 42.056, 42.236, 42.662, 42.516, 41.749, 41.558, 41.981, 42.135, 41.95, 41.75, 41.611, 41.381, 41.108, 40.704, 40.425, 40.743, 41.099, 41.272, 41.261, 41.164, 41.261, 41.53, 41.781, 41.485, 40.728, 40.636, 40.658, 40.045, 39.894, 41.401, 42.667, 42.689, 42.333, 41.981, 41.53, 41.539, 41.351, 40.364, 40.135, 40.261, 40.228, 39.935, 39.454, 39.264, 39.379, 39.486, 39.577, 40.005, 40.399, 40.318, 40.182, 40.513, 40.895, 40.871, 40.553, 40.396, 40.329, 40.17, 40.257, 40.588, 40.977, 41.165, 41.169, 41.056, 41.166, 41.297, 41.301, 41.253, 41.133, 41.088, 40.797, 40.773, 40.718, 40.181, 39.962, 40.635, 41.975, 42.896, 42.838, 42.272, 42.076, 42.226, 42.281, 42.132, 42.206, 42.884, 43.807, 44.162, 44.118, 44.416, 44.896, 44.794, 44.477, 44.689, 45.697, 46.536, 45.927, 44.78, 45.366, 46.712, 47.332, 46.319, 44.547, 43.946, 43.977, 43.134, 42.064, 41.712, 41.306, 40.771, 40.46, 40.025, 39.686, 39.731, 40.08, 40.148, 40.011, 40.064, 40.371, 41.192], [41.043, 40.473, 40.117, 38.795, 37.478, 37.494, 37.558, 36.819, 35.903, 35.004, 34.0, 32.948, 30.502, 27.301, 25.55, 24.01, 20.32, 16.297, 11.967, 6.692, 3.046, 0.0, 4.472, 12.097, 17.786, 20.08, 20.989, 22.612, 26.272, 32.4, 37.034, 37.943, 37.907, 38.545, 39.522, 40.681, 41.883, 42.464, 42.495, 42.32, 42.293, 42.563, 43.24, 43.405, 43.013, 42.843, 42.719, 42.458, 42.332, 42.344, 42.059, 41.423, 41.401, 41.424, 40.874, 40.126, 39.781, 39.845, 39.863, 39.731, 39.78, 40.019, 40.003, 39.777, 39.689, 39.68, 39.584, 39.621, 40.078, 40.975, 41.789, 42.187, 42.279, 42.517, 42.848, 42.803, 42.518, 42.18, 41.795, 41.761, 42.358, 42.663, 42.191, 41.98, 42.31, 42.215, 41.972, 42.163, 42.603, 42.461, 41.689, 41.49, 41.905, 42.056, 41.87, 41.672, 41.535, 41.304, 41.037, 40.647, 40.382, 40.698, 41.05, 41.216, 41.195, 41.088, 41.179, 41.449, 41.698, 41.398, 40.629, 40.538, 40.571, 39.948, 39.788, 41.316, 42.616, 42.661, 42.316, 41.962, 41.503, 41.508, 41.324, 40.356, 40.136, 40.265, 40.233, 39.929, 39.432, 39.238, 39.35, 39.457, 39.55, 39.975, 40.356, 40.258, 40.103, 40.413, 40.791, 40.77, 40.455, 40.293, 40.214, 40.049, 40.149, 40.494, 40.883, 41.069, 41.08, 40.981, 41.091, 41.232, 41.249, 41.196, 41.073, 41.033, 40.743, 40.717, 40.662, 40.12, 39.899, 40.579, 41.921, 42.839, 42.771, 42.194, 41.99, 42.134, 42.183, 42.025, 42.088, 42.755, 43.671, 44.028, 43.995, 44.293, 44.755, 44.641, 44.315, 44.525, 45.547, 46.402, 45.804, 44.669, 45.262, 46.605, 47.226, 46.214, 44.424, 43.809, 43.838, 43.004, 41.946, 41.588, 41.153, 40.605, 40.305, 39.878, 39.549, 39.6, 39.953, 40.027, 39.906, 39.971, 40.283, 41.298], [40.825, 40.248, 39.918, 38.686, 37.43, 37.423, 37.478, 36.771, 35.866, 34.948, 33.946, 32.946, 30.581, 27.531, 25.968, 24.541, 20.87, 16.876, 12.858, 8.396, 6.112, 4.472, 0.0, 8.55, 15.006, 17.718, 18.764, 20.46, 24.374, 31.007, 36.035, 37.044, 37.009, 37.676, 38.741, 40.006, 41.296, 41.924, 41.974, 41.812, 41.806, 42.109, 42.831, 43.019, 42.619, 42.439, 42.306, 42.034, 41.91, 41.948, 41.673, 41.022, 41.031, 41.103, 40.55, 39.771, 39.415, 39.5, 39.524, 39.37, 39.401, 39.638, 39.612, 39.372, 39.279, 39.266, 39.163, 39.2, 39.67, 40.582, 41.397, 41.79, 41.884, 42.112, 42.426, 42.376, 42.089, 41.746, 41.351, 41.319, 41.937, 42.25, 41.756, 41.519, 41.848, 41.758, 41.513, 41.711, 42.173, 42.046, 41.27, 41.074, 41.499, 41.654, 41.464, 41.251, 41.106, 40.875, 40.61, 40.228, 39.972, 40.299, 40.666, 40.827, 40.79, 40.678, 40.781, 41.069, 41.326, 40.997, 40.194, 40.126, 40.173, 39.526, 39.367, 40.954, 42.301, 42.358, 42.007, 41.65, 41.184, 41.175, 40.988, 40.01, 39.752, 39.856, 39.816, 39.497, 38.972, 38.755, 38.852, 38.949, 39.035, 39.465, 39.862, 39.769, 39.602, 39.911, 40.31, 40.306, 39.992, 39.819, 39.729, 39.561, 39.653, 39.985, 40.378, 40.578, 40.588, 40.478, 40.595, 40.757, 40.785, 40.74, 40.625, 40.599, 40.318, 40.304, 40.253, 39.686, 39.461, 40.172, 41.572, 42.536, 42.484, 41.893, 41.678, 41.827, 41.879, 41.719, 41.782, 42.458, 43.382, 43.752, 43.743, 44.062, 44.537, 44.432, 44.102, 44.303, 45.327, 46.184, 45.574, 44.391, 44.984, 46.361, 46.996, 45.987, 44.168, 43.525, 43.541, 42.676, 41.598, 41.228, 40.778, 40.219, 39.898, 39.435, 39.104, 39.179, 39.535, 39.606, 39.488, 39.563, 39.888, 41.067], [40.635, 39.984, 39.656, 38.626, 37.6, 37.583, 37.595, 36.958, 36.164, 35.313, 34.383, 33.562, 31.49, 28.862, 27.654, 26.538, 23.465, 20.392, 17.576, 14.3, 12.639, 12.097, 8.55, 0.0, 7.582, 11.511, 12.944, 14.62, 19.153, 27.023, 33.01, 34.299, 34.268, 35.026, 36.308, 37.837, 39.377, 40.153, 40.271, 40.186, 40.274, 40.673, 41.541, 41.84, 41.439, 41.267, 41.159, 40.868, 40.76, 40.919, 40.719, 40.024, 40.078, 40.284, 39.784, 38.994, 38.644, 38.785, 38.826, 38.65, 38.695, 38.977, 38.952, 38.672, 38.518, 38.465, 38.351, 38.396, 38.871, 39.76, 40.563, 40.978, 41.087, 41.273, 41.527, 41.438, 41.12, 40.768, 40.365, 40.342, 41.035, 41.377, 40.831, 40.537, 40.859, 40.766, 40.491, 40.673, 41.167, 41.073, 40.3, 40.123, 40.569, 40.721, 40.511, 40.278, 40.12, 39.855, 39.55, 39.155, 38.926, 39.321, 39.727, 39.889, 39.853, 39.765, 39.914, 40.257, 40.549, 40.175, 39.31, 39.29, 39.345, 38.685, 38.594, 40.295, 41.671, 41.706, 41.32, 40.931, 40.435, 40.403, 40.203, 39.182, 38.881, 38.953, 38.881, 38.528, 37.955, 37.689, 37.766, 37.856, 37.946, 38.432, 38.914, 38.871, 38.708, 39.037, 39.485, 39.499, 39.166, 38.955, 38.846, 38.662, 38.698, 38.993, 39.406, 39.631, 39.608, 39.394, 39.469, 39.651, 39.692, 39.678, 39.595, 39.627, 39.44, 39.504, 39.462, 38.833, 38.584, 39.324, 40.854, 41.957, 41.971, 41.372, 41.161, 41.343, 41.413, 41.28, 41.391, 42.1, 43.043, 43.449, 43.485, 43.847, 44.366, 44.283, 43.954, 44.146, 45.166, 45.996, 45.305, 43.984, 44.574, 46.038, 46.692, 45.643, 43.768, 43.078, 43.066, 42.113, 40.927, 40.508, 40.081, 39.552, 39.209, 38.627, 38.235, 38.363, 38.725, 38.741, 38.578, 38.664, 39.023, 40.831], [40.945, 40.237, 39.929, 39.096, 38.254, 38.206, 38.161, 37.557, 36.847, 36.056, 35.168, 34.487, 32.736, 30.534, 29.599, 28.756, 26.279, 23.949, 21.922, 19.439, 18.099, 17.786, 15.006, 7.582, 0.0, 5.217, 7.967, 9.799, 14.433, 23.248, 30.157, 31.793, 31.791, 32.63, 34.1, 35.833, 37.567, 38.472, 38.677, 38.733, 38.977, 39.484, 40.458, 40.864, 40.499, 40.376, 40.342, 40.058, 39.971, 40.269, 40.153, 39.43, 39.507, 39.809, 39.372, 38.606, 38.294, 38.493, 38.545, 38.35, 38.409, 38.727, 38.729, 38.432, 38.22, 38.125, 38.006, 38.052, 38.518, 39.371, 40.167, 40.62, 40.735, 40.847, 41.04, 40.933, 40.594, 40.206, 39.765, 39.737, 40.482, 40.833, 40.24, 39.905, 40.221, 40.115, 39.809, 39.972, 40.498, 40.448, 39.709, 39.562, 40.007, 40.143, 39.929, 39.707, 39.56, 39.268, 38.926, 38.531, 38.329, 38.751, 39.17, 39.34, 39.303, 39.228, 39.415, 39.808, 40.13, 39.728, 38.88, 38.942, 38.983, 38.331, 38.365, 40.16, 41.495, 41.472, 41.069, 40.663, 40.153, 40.132, 39.928, 38.87, 38.573, 38.647, 38.55, 38.175, 37.585, 37.296, 37.374, 37.468, 37.572, 38.09,