[[0.0, 3.295, 8.101, 12.059, 14.421, 17.114, 21.072, 24.176, 25.104, 25.476, 25.983, 26.039, 25.783, 25.922, 26.654, 27.663, 28.645, 29.916, 32.314, 33.353, 33.312, 33.082, 33.841, 35.165, 35.574, 35.199, 35.009, 35.039, 35.303, 35.577, 35.501, 35.127, 35.003, 35.303, 35.789, 36.096, 35.942, 35.736, 35.7, 35.684, 35.675, 35.711, 35.668, 35.651, 35.949, 36.394, 36.603, 36.634, 36.538, 36.273, 36.033, 36.663, 37.307, 37.308, 37.044, 36.824, 36.404, 35.739, 35.444, 35.619, 35.712, 35.448, 35.467, 35.528, 35.368, 35.16, 35.26, 35.448, 35.373, 35.465, 35.586, 35.508, 35.681, 36.532, 37.808, 38.681, 38.48, 37.936, 38.145, 38.803, 39.8, 41.392, 42.877, 43.978, 44.834, 45.436, 45.831, 46.128, 46.862, 48.191, 49.416, 48.804, 46.913, 45.37, 44.942, 45.275, 45.538, 45.084, 43.799, 41.796, 39.542, 38.084, 37.909, 38.377, 39.105, 39.97, 40.487, 40.406, 40.334, 40.078, 39.472, 39.129, 38.772, 37.917, 37.245, 36.867, 36.451, 35.668, 35.597, 36.084, 35.955, 35.648, 35.712, 35.781, 35.674, 35.489, 35.283, 35.166, 35.236, 35.448, 35.441, 35.17, 35.11, 35.28, 35.397, 35.511, 35.728, 35.896, 35.98, 36.087, 36.357, 36.777, 37.083, 37.17, 36.996, 36.702, 36.867, 37.153, 37.482, 37.849, 37.429, 37.227, 37.452, 36.924, 36.324, 37.06, 37.42, 37.24, 37.257, 37.181, 36.884, 36.848, 37.158, 37.373, 37.33, 37.339, 37.42, 37.415, 37.379, 37.173, 36.866, 37.021, 37.108, 36.825, 36.901, 37.539, 37.789, 37.51, 37.619, 37.797, 37.713, 37.787, 37.763, 37.955, 38.332, 38.323, 37.731, 37.238, 37.001, 36.849, 37.593, 39.061, 40.016, 40.11, 40.096, 39.966, 39.775, 39.851, 40.16, 40.294, 40.114, 39.9, 39.751, 39.76, 39.822, 39.837, 40.181, 40.815, 41.368, 41.701, 41.653, 41.054, 40.42, 40.55, 41.272, 41.527, 40.859, 40.028, 39.86, 40.16, 40.27, 40.028, 39.429, 39.059, 39.205, 39.484, 39.726, 39.68, 38.363, 3.905], [3.295, 0.0, 5.284, 9.705, 12.57, 15.854, 20.291, 23.587, 24.561, 24.95, 25.47, 25.543, 25.328, 25.541, 26.359, 27.407, 28.381, 29.682, 32.172, 33.283, 33.271, 33.06, 33.83, 35.149, 35.545, 35.169, 34.984, 35.016, 35.285, 35.566, 35.496, 35.135, 35.027, 35.343, 35.837, 36.136, 35.97, 35.76, 35.717, 35.692, 35.681, 35.718, 35.675, 35.658, 35.955, 36.394, 36.599, 36.624, 36.523, 36.265, 36.041, 36.675, 37.313, 37.307, 37.047, 36.832, 36.407, 35.743, 35.453, 35.63, 35.725, 35.46, 35.482, 35.537, 35.37, 35.161, 35.252, 35.431, 35.354, 35.44, 35.558, 35.485, 35.67, 36.529, 37.812, 38.685, 38.487, 37.952, 38.166, 38.831, 39.826, 41.394, 42.847, 43.922, 44.767, 45.372, 45.77, 46.062, 46.785, 48.097, 49.305, 48.69, 46.811, 45.283, 44.863, 45.202, 45.476, 45.035, 43.761, 41.763, 39.508, 38.056, 37.888, 38.353, 39.072, 39.929, 40.449, 40.374, 40.306, 40.055, 39.461, 39.123, 38.771, 37.926, 37.248, 36.862, 36.437, 35.668, 35.611, 36.089, 35.959, 35.66, 35.726, 35.793, 35.688, 35.509, 35.309, 35.192, 35.258, 35.462, 35.443, 35.159, 35.09, 35.26, 35.389, 35.516, 35.737, 35.903, 35.99, 36.101, 36.372, 36.79, 37.09, 37.163, 36.972, 36.66, 36.831, 37.136, 37.461, 37.822, 37.408, 37.22, 37.447, 36.928, 36.362, 37.116, 37.475, 37.294, 37.316, 37.25, 36.952, 36.902, 37.198, 37.405, 37.36, 37.372, 37.456, 37.446, 37.4, 37.185, 36.874, 37.025, 37.106, 36.819, 36.886, 37.518, 37.769, 37.487, 37.59, 37.775, 37.686, 37.757, 37.748, 37.95, 38.325, 38.307, 37.712, 37.223, 36.986, 36.817, 37.529, 38.975, 39.923, 40.014, 39.994, 39.858, 39.665, 39.744, 40.057, 40.188, 40.006, 39.795, 39.65, 39.656, 39.711, 39.724, 40.069, 40.694, 41.233, 41.561, 41.519, 40.93, 40.3, 40.428, 41.152, 41.418, 40.771, 39.968, 39.825, 40.134, 40.238, 40.003, 39.421, 39.052, 39.19, 39.459, 39.691, 39.637, 38.325, 5.879], [8.101, 5.284, 0.0, 5.125, 9.264, 13.893, 19.218, 22.829, 23.857, 24.243, 24.8, 24.954, 24.852, 25.208, 26.172, 27.292, 28.258, 29.584, 32.202, 33.436, 33.509, 33.389, 34.189, 35.456, 35.827, 35.481, 35.302, 35.312, 35.56, 35.836, 35.779, 35.452, 35.375, 35.708, 36.195, 36.47, 36.295, 36.078, 36.016, 35.975, 35.96, 35.993, 35.942, 35.92, 36.2, 36.612, 36.804, 36.822, 36.714, 36.485, 36.304, 36.933, 37.542, 37.524, 37.271, 37.059, 36.628, 35.981, 35.714, 35.891, 35.978, 35.717, 35.757, 35.816, 35.65, 35.447, 35.511, 35.666, 35.595, 35.678, 35.787, 35.716, 35.91, 36.759, 38.021, 38.884, 38.705, 38.205, 38.423, 39.076, 40.025, 41.505, 42.886, 43.915, 44.731, 45.318, 45.71, 45.995, 46.705, 47.979, 49.146, 48.555, 46.725, 45.24, 44.845, 45.196, 45.492, 45.084, 43.844, 41.887, 39.694, 38.303, 38.161, 38.61, 39.294, 40.118, 40.629, 40.559, 40.498, 40.267, 39.701, 39.367, 39.024, 38.218, 37.552, 37.154, 36.722, 35.979, 35.925, 36.353, 36.216, 35.947, 36.004, 36.052, 35.954, 35.794, 35.612, 35.507, 35.571, 35.764, 35.739, 35.458, 35.385, 35.552, 35.693, 35.837, 36.06, 36.216, 36.294, 36.399, 36.657, 37.052, 37.338, 37.397, 37.193, 36.869, 37.043, 37.351, 37.652, 37.987, 37.58, 37.409, 37.629, 37.13, 36.638, 37.418, 37.775, 37.595, 37.62, 37.569, 37.274, 37.205, 37.47, 37.66, 37.615, 37.635, 37.73, 37.722, 37.672, 37.461, 37.157, 37.298, 37.38, 37.103, 37.153, 37.754, 37.998, 37.72, 37.821, 38.011, 37.917, 37.983, 37.99, 38.189, 38.543, 38.52, 37.938, 37.464, 37.234, 37.037, 37.673, 39.044, 39.95, 40.022, 39.99, 39.846, 39.656, 39.742, 40.052, 40.17, 39.982, 39.779, 39.641, 39.642, 39.685, 39.694, 40.035, 40.64, 41.154, 41.477, 41.457, 40.908, 40.306, 40.439, 41.163, 41.446, 40.841, 40.092, 40.0, 40.325, 40.417, 40.194, 39.647, 39.288, 39.411, 39.67, 39.898, 39.838, 38.562, 9.429], [12.059, 9.705, 5.125, 0.0, 5.313, 11.38, 17.692, 21.708, 22.818, 23.206, 23.819, 24.102, 24.162, 24.698, 25.86, 27.118, 28.155, 29.549, 32.288, 33.616, 33.762, 33.703, 34.481, 35.711, 36.066, 35.728, 35.547, 35.545, 35.782, 36.055, 36.011, 35.704, 35.64, 35.978, 36.449, 36.692, 36.496, 36.266, 36.189, 36.148, 36.143, 36.174, 36.105, 36.064, 36.332, 36.731, 36.917, 36.924, 36.81, 36.603, 36.443, 37.065, 37.66, 37.637, 37.382, 37.158, 36.719, 36.072, 35.801, 35.962, 36.028, 35.751, 35.797, 35.87, 35.725, 35.542, 35.583, 35.724, 35.671, 35.764, 35.871, 35.808, 36.016, 36.86, 38.111, 38.971, 38.804, 38.329, 38.555, 39.208, 40.134, 41.559, 42.901, 43.913, 44.716, 45.292, 45.678, 45.963, 46.674, 47.935, 49.085, 48.526, 46.722, 45.251, 44.861, 45.211, 45.52, 45.128, 43.898, 41.954, 39.794, 38.443, 38.319, 38.758, 39.414, 40.211, 40.712, 40.65, 40.602, 40.39, 39.839, 39.501, 39.154, 38.365, 37.715, 37.31, 36.861, 36.127, 36.05, 36.428, 36.288, 36.044, 36.1, 36.135, 36.053, 35.91, 35.742, 35.647, 35.704, 35.883, 35.854, 35.578, 35.507, 35.672, 35.816, 35.964, 36.184, 36.327, 36.394, 36.493, 36.745, 37.138, 37.426, 37.48, 37.276, 36.965, 37.133, 37.426, 37.716, 38.041, 37.632, 37.471, 37.69, 37.204, 36.745, 37.531, 37.891, 37.715, 37.738, 37.688, 37.391, 37.307, 37.555, 37.736, 37.692, 37.728, 37.846, 37.845, 37.794, 37.59, 37.287, 37.418, 37.503, 37.228, 37.257, 37.836, 38.076, 37.812, 37.926, 38.126, 38.034, 38.116, 38.139, 38.322, 38.651, 38.62, 38.041, 37.565, 37.335, 37.128, 37.733, 39.059, 39.93, 39.988, 39.95, 39.798, 39.604, 39.69, 40.002, 40.12, 39.932, 39.731, 39.599, 39.602, 39.642, 39.648, 39.989, 40.59, 41.099, 41.428, 41.427, 40.901, 40.321, 40.467, 41.201, 41.495, 40.911, 40.194, 40.14, 40.481, 40.565, 40.347, 39.812, 39.455, 39.579, 39.851, 40.089, 40.029, 38.765, 12.958], [14.421, 12.57, 9.264, 5.313, 0.0, 6.952, 14.393, 19.17, 20.52, 20.953, 21.677, 22.14, 22.403, 23.195, 24.683, 26.212, 27.494, 29.193, 32.197, 33.635, 33.818, 33.734, 34.449, 35.684, 36.026, 35.647, 35.45, 35.469, 35.735, 36.021, 35.986, 35.678, 35.596, 35.919, 36.37, 36.574, 36.352, 36.119, 36.051, 36.038, 36.06, 36.094, 35.993, 35.924, 36.2, 36.609, 36.788, 36.786, 36.671, 36.474, 36.308, 36.927, 37.53, 37.509, 37.245, 37.008, 36.565, 35.902, 35.592, 35.718, 35.759, 35.452, 35.47, 35.528, 35.403, 35.257, 35.315, 35.47, 35.436, 35.54, 35.643, 35.584, 35.813, 36.677, 37.937, 38.795, 38.619, 38.159, 38.442, 39.153, 40.127, 41.589, 42.958, 43.998, 44.819, 45.398, 45.778, 46.058, 46.778, 48.047, 49.19, 48.618, 46.791, 45.291, 44.869, 45.196, 45.493, 45.074, 43.801, 41.808, 39.605, 38.225, 38.109, 38.571, 39.242, 40.041, 40.539, 40.472, 40.426, 40.217, 39.657, 39.309, 38.957, 38.173, 37.547, 37.141, 36.661, 35.908, 35.782, 36.134, 35.997, 35.767, 35.839, 35.876, 35.802, 35.665, 35.492, 35.392, 35.434, 35.594, 35.556, 35.28, 35.224, 35.4, 35.532, 35.658, 35.867, 36.011, 36.079, 36.175, 36.426, 36.834, 37.13, 37.178, 36.98, 36.715, 36.909, 37.199, 37.495, 37.814, 37.398, 37.238, 37.469, 36.983, 36.491, 37.258, 37.62, 37.438, 37.453, 37.393, 37.084, 36.996, 37.25, 37.435, 37.385, 37.433, 37.569, 37.565, 37.51, 37.308, 36.992, 37.122, 37.215, 36.936, 36.956, 37.538, 37.776, 37.511, 37.638, 37.847, 37.763, 37.864, 37.892, 38.063, 38.377, 38.332, 37.742, 37.249, 37.01, 36.829, 37.49, 38.85, 39.725, 39.781, 39.744, 39.586, 39.379, 39.455, 39.78, 39.921, 39.744, 39.542, 39.421, 39.441, 39.495, 39.505, 39.852, 40.458, 40.969, 41.309, 41.309, 40.768, 40.18, 40.329, 41.066, 41.359, 40.759, 40.01, 39.939, 40.284, 40.374, 40.156, 39.611, 39.251, 39.392, 39.692, 39.944, 39.878, 38.588, 15.21], [17.114, 15.854, 13.893, 11.38, 6.952, 0.0, 8.431, 14.446, 16.397, 16.987, 17.898, 18.645, 19.253, 20.539, 22.617, 24.604, 26.325, 28.665, 32.167, 33.784, 33.989, 33.806, 34.435, 35.688, 36.034, 35.622, 35.42, 35.472, 35.78, 36.084, 36.05, 35.725, 35.617, 35.912, 36.33, 36.496, 36.263, 36.045, 35.998, 36.012, 36.053, 36.094, 35.973, 35.883, 36.172, 36.579, 36.736, 36.727, 36.619, 36.435, 36.267, 36.875, 37.48, 37.462, 37.197, 36.957, 36.53, 35.861, 35.497, 35.565, 35.578, 35.255, 35.224, 35.245, 35.138, 35.059, 35.178, 35.363, 35.345, 35.446, 35.537, 35.479, 35.73, 36.604, 37.846, 38.685, 38.494, 38.053, 38.423, 39.217, 40.26, 41.802, 43.235, 44.33, 45.181, 45.76, 46.118, 46.386, 47.108, 48.37, 49.478, 48.851, 46.999, 45.474, 45.014, 45.309, 45.577, 45.106, 43.763, 41.699, 39.437, 37.998, 37.889, 38.404, 39.118, 39.936, 40.428, 40.34, 40.281, 40.066, 39.488, 39.128, 38.78, 38.042, 37.474, 37.065, 36.548, 35.784, 35.596, 35.922, 35.797, 35.571, 35.635, 35.648, 35.559, 35.42, 35.243, 35.136, 35.159, 35.298, 35.254, 34.993, 34.969, 35.157, 35.264, 35.353, 35.55, 35.704, 35.781, 35.867, 36.104, 36.518, 36.815, 36.849, 36.664, 36.498, 36.779, 37.078, 37.364, 37.658, 37.254, 37.112, 37.368, 36.888, 36.333, 37.039, 37.39, 37.191, 37.184, 37.104, 36.775, 36.685, 36.957, 37.155, 37.105, 37.157, 37.291, 37.275, 37.226, 37.034, 36.707, 36.843, 36.949, 36.672, 36.691, 37.271, 37.488, 37.191, 37.299, 37.51, 37.431, 37.537, 37.562, 37.73, 38.033, 37.975, 37.381, 36.881, 36.641, 36.513, 37.287, 38.736, 39.636, 39.687, 39.656, 39.503, 39.286, 39.35, 39.688, 39.852, 39.678, 39.478, 39.376, 39.418, 39.495, 39.516, 39.86, 40.464, 40.976, 41.324, 41.324, 40.763, 40.152, 40.278, 40.993, 41.27, 40.628, 39.797, 39.65, 39.973, 40.076, 39.858, 39.299, 38.943, 39.104, 39.438, 39.709, 39.638, 38.335, 17.803], [21.072, 20.291, 19.218, 17.692, 14.393, 8.431, 0.0, 7.29, 10.483, 11.569, 12.71, 13.903, 15.238, 17.47, 20.477, 23.103, 25.383, 28.537, 32.643, 34.474, 34.705, 34.436, 34.945, 36.156, 36.499, 36.101, 35.931, 36.026, 36.372, 36.69, 36.666, 36.345, 36.218, 36.47, 36.839, 36.977, 36.748, 36.555, 36.529, 36.56, 36.603, 36.645, 36.53, 36.44, 36.718, 37.093, 37.213, 37.188, 37.072, 36.89, 36.744, 37.325, 37.906, 37.889, 37.632, 37.408, 37.025, 36.393, 35.994, 35.991, 35.973, 35.677, 35.619, 35.598, 35.499, 35.477, 35.644, 35.847, 35.839, 35.934, 36.017, 35.977, 36.25, 37.095, 38.252, 39.043, 38.847, 38.41, 38.813, 39.639, 40.697, 42.266, 43.736, 44.865, 45.724, 46.277, 46.593, 46.837, 47.544, 48.779, 49.842, 49.16, 47.332, 45.836, 45.365, 45.624, 45.851, 45.337, 43.97, 41.916, 39.695, 38.257, 38.144, 38.688, 39.43, 40.253, 40.724, 40.617, 40.55, 40.336, 39.762, 39.401, 39.063, 38.415, 37.938, 37.536, 37.009, 36.282, 36.054, 36.338, 36.236, 36.028, 36.062, 36.032, 35.922, 35.783, 35.611, 35.499, 35.502, 35.615, 35.577, 35.357, 35.363, 35.543, 35.616, 35.667, 35.848, 36.011, 36.085, 36.142, 36.333, 36.717, 36.998, 37.026, 36.88, 36.843, 37.208, 37.476, 37.72, 37.983, 37.617, 37.5, 37.764, 37.307, 36.732, 37.383, 37.721, 37.508, 37.472, 37.369, 37.029, 36.941, 37.227, 37.431, 37.389, 37.431, 37.536, 37.514, 37.49, 37.327, 37.013, 37.16, 37.275, 37.006, 37.014, 37.557, 37.73, 37.385, 37.443, 37.645, 37.576, 37.688, 37.726, 37.898, 38.182, 38.109, 37.531, 37.058, 36.838, 36.763, 37.622, 39.138, 40.05, 40.094, 40.071, 39.943, 39.741, 39.791, 40.11, 40.261, 40.08, 39.892, 39.8, 39.836, 39.93, 39.98, 40.327, 40.92, 41.414, 41.754, 41.759, 41.205, 40.59, 40.68, 41.342, 41.6, 40.942, 40.034, 39.77, 40.04, 40.154, 39.94, 39.387, 39.052, 39.23, 39.589, 39.868, 39.783, 38.525, 21.623], [24.176, 23.587, 22.829, 21.708, 19.17, 14.446, 7.29, 0.0, 4.582, 6.777, 8.329, 10.012, 12.324, 15.509, 19.182, 22.22, 24.856, 28.561, 33.125, 35.127, 35.401, 35.144, 35.609, 36.791, 37.116, 36.739, 36.61, 36.747, 37.116, 37.441, 37.433, 37.129, 36.981, 37.181, 37.519, 37.653, 37.432, 37.253, 37.238, 37.273, 37.297, 37.318, 37.218, 37.143, 37.407, 37.76, 37.862, 37.815, 37.663, 37.471, 37.342, 37.895, 38.444, 38.424, 38.177, 37.972, 37.626, 37.043, 36.66, 36.643, 36.622, 36.353, 36.278, 36.219, 36.088, 36.05, 36.214, 36.413, 36.417, 36.524, 36.621, 36.625, 36.943, 37.765, 38.844, 39.591, 39.392, 38.942, 39.315, 40.113, 41.143, 42.687, 44.145, 45.26, 46.089, 46.609, 46.897, 47.116, 47.802, 49.012, 50.04, 49.345, 47.566, 46.115, 45.643, 45.87, 46.07, 45.549, 44.211, 42.233, 40.115, 38.752, 38.653, 39.188, 39.922, 40.737, 41.196, 41.09, 41.026, 40.824, 40.276, 39.912, 39.566, 38.979, 38.565, 38.169, 37.649, 36.966, 36.736, 36.987, 36.901, 36.72, 36.739, 36.685, 36.573, 36.445, 36.291, 36.181, 36.169, 36.267, 36.245, 36.07, 36.088, 36.246, 36.298, 36.338, 36.514, 36.681, 36.751, 36.781, 36.922, 37.26, 37.525, 37.56, 37.444, 37.459, 37.798, 38.019, 38.235, 38.465, 38.108, 37.997, 38.251, 37.818, 37.281, 37.937, 38.287, 38.088, 38.041, 37.915, 37.558, 37.46, 37.741, 37.936, 37.894, 37.928, 38.018, 38.005, 38.004, 37.861, 37.565, 37.724, 37.856, 37.61, 37.613, 38.111, 38.25, 37.88, 37.903, 38.097, 38.056, 38.199, 38.266, 38.444, 38.709, 38.623, 38.069, 37.631, 37.436, 37.375, 38.215, 39.689, 40.567, 40.605, 40.59, 40.484, 40.304, 40.35, 40.625, 40.726, 40.523, 40.346, 40.253, 40.266, 40.351, 40.409, 40.756, 41.33, 41.798, 42.132, 42.155, 41.636, 41.055, 41.141, 41.762, 42.017, 41.398, 40.505, 40.2, 40.435, 40.551, 40.35, 39.825, 39.507, 39.692, 40.098, 40.427, 40.359, 39.154, 24.615], [25.104, 24.561, 23.857, 22.818, 20.52, 16.397, 10.483, 4.582, 0.0, 3.279, 5.933, 8.139, 10.895, 14.399, 18.222, 21.36, 24.131, 28.084, 32.923, 35.055, 35.363, 35.134, 35.621, 36.818, 37.156, 36.785, 36.669, 36.828, 37.207, 37.538, 37.534, 37.224, 37.052, 37.237, 37.584, 37.737, 37.529, 37.354, 37.338, 37.368, 37.38, 37.385, 37.28, 37.207, 37.474, 37.827, 37.924, 37.861, 37.702, 37.522, 37.402, 37.955, 38.499, 38.475, 38.228, 38.024, 37.672, 37.084, 36.705, 36.697, 36.68, 36.398, 36.298, 36.216, 36.058, 36.004, 36.169, 36.369, 36.388, 36.514, 36.628, 36.663, 37.027, 37.862, 38.935, 39.682, 39.483, 39.011, 39.348, 40.122, 41.154, 42.708, 44.169, 45.274, 46.09, 46.611, 46.904, 47.123, 47.809, 49.013, 50.02, 49.328, 47.553, 46.108, 45.634, 45.847, 46.037, 45.514, 44.188, 42.239, 40.157, 38.825, 38.741, 39.268, 40.002, 40.824, 41.289, 41.193, 41.136, 40.937, 40.391, 40.005, 39.628, 39.034, 38.625, 38.224, 37.706, 37.033, 36.809, 37.06, 36.968, 36.78, 36.795, 36.735, 36.623, 36.5, 36.359, 36.259, 36.25, 36.35, 36.339, 36.18, 36.203, 36.358, 36.406, 36.445, 36.622, 36.793, 36.865, 36.89, 37.019, 37.347, 37.612, 37.653, 37.541, 37.547, 37.84, 38.037, 38.251, 38.466, 38.093, 37.995, 38.263, 37.83, 37.297, 37.968, 38.332, 38.144, 38.093, 37.949, 37.575, 37.468, 37.742, 37.929, 37.883, 37.921, 38.019, 38.006, 38.005, 37.866, 37.573, 37.74, 37.89, 37.662, 37.666, 38.151, 38.284, 37.917, 37.951, 38.158, 38.139, 38.313, 38.397, 38.578, 38.839, 38.742, 38.184, 37.747, 37.552, 37.485, 38.302, 39.738, 40.588, 40.618, 40.608, 40.505, 40.327, 40.367, 40.618, 40.687, 40.46, 40.268, 40.163, 40.167, 40.242, 40.285, 40.622, 41.194, 41.672, 42.035, 42.094, 41.604, 41.043, 41.144, 41.775, 42.04, 41.438, 40.565, 40.279, 40.521, 40.635, 40.435, 39.909, 39.59, 39.79, 40.247, 40.641, 40.609, 39.402, 25.446], [25.476, 24.95, 24.243, 23.206, 20.953, 16.987, 11.569, 6.777, 3.279, 0.0, 3.608, 6.662, 9.888, 13.647, 17.619, 20.842, 23.683, 27.714, 32.68, 34.914, 35.257, 35.062, 35.604, 36.804, 37.138, 36.775, 36.668, 36.831, 37.206, 37.534, 37.53, 37.216, 37.044, 37.237, 37.591, 37.753, 37.55, 37.374, 37.354, 37.389, 37.407, 37.412, 37.301, 37.229, 37.499, 37.846, 37.931, 37.86, 37.715, 37.561, 37.457, 38.015, 38.558, 38.534, 38.284, 38.07, 37.697, 37.085, 36.696, 36.686, 36.66, 36.367, 36.274, 36.194, 36.04, 35.998, 36.168, 36.366, 36.393, 36.523, 36.639, 36.683, 37.051, 37.871, 38.93, 39.674, 39.477, 38.998, 39.314, 40.075, 41.107, 42.661, 44.121, 45.225, 46.041, 46.567, 46.867, 47.084, 47.761, 48.947, 49.947, 49.285, 47.519, 46.074, 45.596, 45.798, 45.975, 45.453, 44.149, 42.238, 40.192, 38.879, 38.797, 39.319, 40.054, 40.881, 41.349, 41.26, 41.207, 41.005, 40.451, 40.047, 39.646, 39.031, 38.616, 38.222, 37.716, 37.056, 36.845, 37.096, 36.987, 36.785, 36.809, 36.765, 36.661, 36.536, 36.394, 36.295, 36.294, 36.4, 36.391, 36.231, 36.252, 36.404, 36.455, 36.498, 36.679, 36.85, 36.924, 36.952, 37.076, 37.394, 37.655, 37.691, 37.555, 37.536, 37.811, 37.993, 38.201, 38.412, 38.042, 37.961, 38.242, 37.816, 37.294, 37.973, 38.34, 38.149, 38.092, 37.949, 37.583, 37.481, 37.751, 37.932, 37.882, 37.913, 38.007, 37.992, 37.993, 37.858, 37.569, 37.735, 37.886, 37.663, 37.667, 38.147, 38.28, 37.925, 37.976, 38.192, 38.179, 38.358, 38.434, 38.602, 38.858, 38.76, 38.196, 37.748, 37.545, 37.48, 38.297, 39.742, 40.593, 40.618, 40.61, 40.508, 40.326, 40.36, 40.606, 40.669, 40.432, 40.221, 40.103, 40.109, 40.184, 40.221, 40.55, 41.119, 41.603, 41.982, 42.064, 41.589, 41.036, 41.138, 41.776, 42.054, 41.457, 40.578, 40.289, 40.533, 40.645, 40.435, 39.901, 39.59, 39.806, 40.282, 40.701, 40.689, 39.475, 25.771], [25.983, 25.47, 24.8, 23.819, 21.677, 17.898, 12.71, 8.329, 5.933, 3.608, 0.0, 4.024, 8.371, 12.779, 17.075, 20.468, 23.427, 27.561, 32.607, 34.903, 35.278, 35.128, 35.749, 36.966, 37.266, 36.903, 36.815, 36.98, 37.341, 37.659, 37.652, 37.348, 37.191, 37.399, 37.754, 37.91, 37.705, 37.534, 37.515, 37.559, 37.587, 37.593, 37.483, 37.415, 37.687, 38.028, 38.105, 38.029, 37.888, 37.738, 37.637, 38.189, 38.726, 38.703, 38.453, 38.229, 37.843, 37.221, 36.831, 36.816, 36.778, 36.484, 36.402, 36.33, 36.193, 36.172, 36.346, 36.545, 36.579, 36.71, 36.823, 36.873, 37.244, 38.053, 39.089, 39.813, 39.612, 39.133, 39.442, 40.193, 41.209, 42.738, 44.183, 45.281, 46.091, 46.61, 46.906, 47.112, 47.764, 48.917, 49.911, 49.289, 47.547, 46.106, 45.624, 45.816, 45.986, 45.474, 44.202, 42.336, 40.324, 39.016, 38.923, 39.436, 40.166, 40.988, 41.456, 41.375, 41.332, 41.132, 40.588, 40.19, 39.776, 39.142, 38.722, 38.344, 37.862, 37.234, 37.058, 37.319, 37.198, 36.985, 37.016, 36.988, 36.89, 36.765, 36.627, 36.522, 36.513, 36.617, 36.607, 36.443, 36.457, 36.604, 36.658, 36.709, 36.892, 37.064, 37.14, 37.172, 37.283, 37.58, 37.837, 37.861, 37.693, 37.661, 37.925, 38.099, 38.304, 38.513, 38.144, 38.058, 38.331, 37.919, 37.417, 38.108, 38.476, 38.283, 38.229, 38.096, 37.739, 37.638, 37.898, 38.069, 38.007, 38.024, 38.116, 38.113, 38.128, 37.999, 37.718, 37.88, 38.026, 37.799, 37.795, 38.263, 38.393, 38.045, 38.099, 38.309, 38.298, 38.481, 38.56, 38.721, 38.97, 38.878, 38.319, 37.873, 37.676, 37.626, 38.444, 39.901, 40.761, 40.791, 40.784, 40.682, 40.497, 40.526, 40.771, 40.842, 40.611, 40.39, 40.258, 40.255, 40.323, 40.353, 40.678, 41.236, 41.703, 42.072, 42.155, 41.688, 41.144, 41.246, 41.879, 42.166, 41.586, 40.709, 40.407, 40.641, 40.745, 40.532, 40.011, 39.712, 39.923, 40.391, 40.811, 40.802, 39.591, 26.302], [26.039, 25.543, 24.954, 24.102, 22.14, 18.645, 13.903, 10.012, 8.139, 6.662, 4.024, 0.0, 5.32, 10.714, 15.638, 19.322, 22.468, 26.868, 32.139, 34.504, 34.904, 34.821, 35.54, 36.809, 37.091, 36.716, 36.639, 36.805, 37.158, 37.47, 37.46, 37.155, 37.006, 37.237, 37.614, 37.776, 37.569, 37.406, 37.401, 37.456, 37.484, 37.486, 37.368, 37.295, 37.571, 37.918, 37.997, 37.925, 37.788, 37.632, 37.529, 38.102, 38.657, 38.637, 38.383, 38.149, 37.743, 37.102, 36.701, 36.684, 36.649, 36.348, 36.25, 36.169, 36.033, 36.016, 36.201, 36.407, 36.443, 36.576, 36.694, 36.754, 37.153, 38.003, 39.069, 39.8, 39.589, 39.096, 39.401, 40.158, 41.182, 42.717, 44.167, 45.272, 46.089, 46.616, 46.919, 47.123, 47.767, 48.92, 49.915, 49.293, 47.539, 46.09, 45.603, 45.798, 45.974, 45.464, 44.195, 42.319, 40.272, 38.912, 38.792, 39.304, 40.042, 40.877, 41.359, 41.293, 41.267, 41.07, 40.519, 40.117, 39.689, 39.026, 38.592, 38.217, 37.744, 37.126, 36.967, 37.25, 37.124, 36.904, 36.937, 36.915, 36.819, 36.693, 36.555, 36.446, 36.43, 36.528, 36.508, 36.335, 36.345, 36.496, 36.562, 36.619, 36.804, 36.983, 37.071, 37.107, 37.214, 37.505, 37.763, 37.789, 37.622, 37.597, 37.855, 38.035, 38.253, 38.456, 38.062, 37.956, 38.219, 37.8, 37.275, 37.976, 38.355, 38.168, 38.121, 37.985, 37.612, 37.492, 37.743, 37.909, 37.836, 37.846, 37.946, 37.958, 37.984, 37.853, 37.564, 37.73, 37.882, 37.652, 37.647, 38.127, 38.268, 37.932, 38.001, 38.208, 38.197, 38.389, 38.477, 38.646, 38.899, 38.802, 38.243, 37.807, 37.617, 37.565, 38.386, 39.862, 40.735, 40.771, 40.767, 40.663, 40.47, 40.495, 40.747, 40.834, 40.606, 40.368, 40.215, 40.197, 40.257, 40.289, 40.624, 41.182, 41.637, 41.994, 42.068, 41.596, 41.054, 41.164, 41.801, 42.092, 41.521, 40.65, 40.346, 40.581, 40.682, 40.458, 39.94, 39.645, 39.844, 40.286, 40.699, 40.691, 39.47, 26.375], [25.783, 25.328, 24.852, 24.162, 22.403, 19.253, 15.238, 12.324, 10.895, 9.888, 8.371, 5.32, 0.0, 6.395, 12.597, 17.095, 20.616, 25.408, 31.084, 33.581, 34.023, 34.042, 34.924, 36.292, 36.586, 36.186, 36.095, 36.252, 36.596, 36.906, 36.887, 36.561, 36.415, 36.689, 37.116, 37.3, 37.091, 36.928, 36.94, 37.015, 37.05, 37.049, 36.914, 36.822, 37.098, 37.458, 37.551, 37.492, 37.379, 37.242, 37.137, 37.75, 38.355, 38.35, 38.095, 37.845, 37.398, 36.711, 36.279, 36.255, 36.227, 35.899, 35.755, 35.654, 35.521, 35.51, 35.708, 35.923, 35.952, 36.081, 36.202, 36.27, 36.689, 37.599, 38.746, 39.518, 39.292, 38.763, 39.056, 39.829, 40.889, 42.469, 43.958, 45.102, 45.958, 46.513, 46.836, 47.047, 47.703, 48.896, 49.94, 49.315, 47.508, 46.012, 45.504, 45.702, 45.879, 45.35, 44.053, 42.127, 40.008, 38.582, 38.432, 38.948, 39.712, 40.58, 41.082, 41.033, 41.025, 40.82, 40.237, 39.82, 39.378, 38.659, 38.191, 37.809, 37.33, 36.687, 36.535, 36.855, 36.723, 36.495, 36.528, 36.506, 36.414, 36.283, 36.128, 36.008, 35.989, 36.086, 36.06, 35.871, 35.875, 36.036, 36.116, 36.18, 36.366, 36.557, 36.654, 36.691, 36.804, 37.11, 37.38, 37.419, 37.265, 37.25, 37.517, 37.714, 37.953, 38.153, 37.706, 37.583, 37.865, 37.422, 36.838, 37.549, 37.944, 37.759, 37.712, 37.561, 37.166, 37.029, 37.279, 37.454, 37.383, 37.4, 37.511, 37.523, 37.551, 37.411, 37.096, 37.258, 37.415, 37.174, 37.175, 37.698, 37.871, 37.559, 37.665, 37.89, 37.886, 38.092, 38.191, 38.37, 38.617, 38.495, 37.915, 37.473, 37.275, 37.209, 38.054, 39.575, 40.471, 40.506, 40.503, 40.401, 40.206, 40.23, 40.497, 40.599, 40.367, 40.104, 39.927, 39.906, 39.978, 40.019, 40.375, 40.953, 41.418, 41.779, 41.847, 41.358, 40.806, 40.931, 41.59, 41.884, 41.294, 40.406, 40.101, 40.35, 40.447, 40.202, 39.663, 39.362, 39.564, 39.999, 40.421, 40.433, 39.18, 26.11], [25.922, 25.541, 25.208, 24.698, 23.195, 20.539, 17.47, 15.509, 14.399, 13.647, 12.779, 10.714, 6.395, 0.0, 7.538, 13.667, 18.122, 23.411, 29.624, 32.365, 32.933, 33.132, 34.207, 35.697, 36.042, 35.625, 35.517, 35.676, 36.023, 36.337, 36.315, 35.969, 35.826, 36.156, 36.651, 36.864, 36.656, 36.482, 36.5, 36.593, 36.647, 36.662, 36.517, 36.398, 36.663, 37.029, 37.134, 37.086, 37.004, 36.893, 36.776, 37.415, 38.068, 38.085, 37.826, 37.555, 37.073, 36.35, 35.889, 35.856, 35.835, 35.462, 35.25, 35.122, 35.0, 35.002, 35.226, 35.464, 35.49, 35.618, 35.748, 35.815, 36.227, 37.151, 38.355, 39.173, 38.941, 38.372, 38.64, 39.421, 40.523, 42.15, 43.675, 44.843, 45.726, 46.31, 46.66, 46.883, 47.556, 48.798, 49.912, 49.305, 47.447, 45.91, 45.377, 45.556, 45.705, 45.143, 43.822, 41.867, 39.711, 38.254, 38.08, 38.591, 39.375, 40.266, 40.776, 40.741, 40.744, 40.528, 39.927, 39.514, 39.067, 38.287, 37.776, 37.386, 36.896, 36.229, 36.101, 36.465, 36.333, 36.09, 36.107, 36.075, 35.978, 35.838, 35.667, 35.534, 35.509, 35.612, 35.593, 35.404, 35.409, 35.574, 35.655, 35.718, 35.913, 36.116, 36.211, 36.232, 36.334, 36.657, 36.952, 37.009, 36.848, 36.84, 37.144, 37.348, 37.606, 37.842, 37.351, 37.21, 37.518, 37.059, 36.418, 37.137, 37.547, 37.375, 37.339, 37.186, 36.785, 36.649, 36.902, 37.085, 37.025, 37.064, 37.19, 37.187, 37.203, 37.055, 36.72, 36.877, 37.031, 36.772, 36.784, 37.352, 37.551, 37.257, 37.398, 37.646, 37.654, 37.865, 37.951, 38.106, 38.324, 38.171, 37.559, 37.09, 36.869, 36.791, 37.683, 39.26, 40.18, 40.217, 40.219, 40.126, 39.937, 39.972, 40.263, 40.385, 40.157, 39.879, 39.685, 39.673, 39.766, 39.806, 40.158, 40.745, 41.232, 41.619, 41.7, 41.196, 40.625, 40.76, 41.446, 41.732, 41.103, 40.185, 39.888, 40.149, 40.237, 39.972, 39.41, 39.099, 39.313, 39.768, 40.221, 40.268, 38.998, 26.226], [26.654, 26.359, 26.172, 25.86, 24.683, 22.617, 20.477, 19.182, 18.222, 17.619, 17.075, 15.638, 12.597, 7.538, 0.0, 8.007, 14.451, 20.951, 27.872, 30.927, 31.706, 32.195, 33.518, 35.104, 35.51, 35.111, 35.022, 35.207, 35.568, 35.9, 35.891, 35.539, 35.388, 35.75, 36.324, 36.613, 36.46, 36.286, 36.295, 36.391, 36.461, 36.503, 36.376, 36.265, 36.532, 36.899, 36.995, 36.944, 36.885, 36.767, 36.614, 37.249, 37.914, 37.937, 37.683, 37.415, 36.934, 36.217, 35.775, 35.778, 35.787, 35.402, 35.143, 35.0, 34.874, 34.865, 35.12, 35.398, 35.429, 35.561, 35.702, 35.762, 36.139, 37.019, 38.207, 39.034, 38.808, 38.233, 38.493, 39.273, 40.389, 42.018, 43.528, 44.672, 45.54, 46.127, 46.494, 46.726, 47.4, 48.646, 49.76, 49.15, 47.274, 45.739, 45.202, 45.358, 45.491, 44.922, 43.606, 41.682, 39.546, 38.066, 37.856, 38.361, 39.15, 40.029, 40.526, 40.498, 40.503, 40.267, 39.657, 39.246, 38.796, 38.011, 37.508, 37.132, 36.651, 36.003, 35.891, 36.263, 36.133, 35.906, 35.941, 35.916, 35.819, 35.668, 35.491, 35.366, 35.352, 35.475, 35.472, 35.298, 35.313, 35.476, 35.546, 35.609, 35.818, 36.026, 36.106, 36.097, 36.162, 36.474, 36.788, 36.852, 36.66, 36.651, 37.009, 37.214, 37.468, 37.774, 37.315, 37.168, 37.48, 37.013, 36.354, 37.08, 37.511, 37.375, 37.369, 37.22, 36.812, 36.669, 36.918, 37.103, 37.056, 37.112, 37.247, 37.225, 37.212, 37.055, 36.732, 36.906, 37.063, 36.803, 36.829, 37.411, 37.59, 37.266, 37.385, 37.621, 37.633, 37.822, 37.871, 37.98, 38.149, 37.981, 37.388, 36.923, 36.68, 36.599, 37.511, 39.097, 40.024, 40.067, 40.07, 39.981, 39.803, 39.858, 40.175, 40.322, 40.113, 39.845, 39.648, 39.646, 39.764, 39.805, 40.121, 40.688, 41.188, 41.602, 41.701, 41.201, 40.623, 40.757, 41.455, 41.723, 41.065, 40.149, 39.874, 40.146, 40.234, 39.964, 39.393, 39.079, 39.294, 39.756, 40.228, 40.301, 39.051, 26.915], [27.663, 27.407, 27.292, 27.118, 26.212, 24.604, 23.103, 22.22, 21.36, 20.842, 20.468, 19.322, 17.095, 13.667, 8.007, 0.0, 8.672, 17.93, 26.265, 29.718, 30.706, 31.542, 33.221, 34.923, 35.368, 35.006, 34.942, 35.132, 35.491, 35.837, 35.852, 35.523, 35.37, 35.74, 36.38, 36.76, 36.679, 36.533, 36.548, 36.648, 36.716, 36.763, 36.662, 36.583, 36.853, 37.211, 37.286, 37.209, 37.151, 37.026, 36.858, 37.474, 38.121, 38.148, 37.932, 37.711, 37.25, 36.55, 36.158, 36.227, 36.288, 35.92, 35.638, 35.492, 35.342, 35.301, 35.566, 35.871, 35.911, 36.04, 36.188, 36.252, 36.619, 37.477, 38.632, 39.433, 39.207, 38.641, 38.886, 39.608, 40.646, 42.203, 43.659, 44.768, 45.611, 46.181, 46.548, 46.78, 47.432, 48.639, 49.704, 49.071, 47.21, 45.705, 45.186, 45.347, 45.496, 44.953, 43.673, 41.82, 39.76, 38.291, 38.039, 38.522, 39.298, 40.157, 40.646, 40.63, 40.635, 40.387, 39.782, 39.382, 38.947, 38.192, 37.716, 37.351, 36.878, 36.278, 36.177, 36.534, 36.405, 36.211, 36.272, 36.249, 36.145, 35.978, 35.783, 35.665, 35.661, 35.785, 35.789, 35.645, 35.671, 35.813, 35.864, 35.931, 36.143, 36.343, 36.412, 36.385, 36.403, 36.673, 36.985, 37.056, 36.858, 36.865, 37.271, 37.49, 37.725, 38.054, 37.666, 37.549, 37.855, 37.409, 36.811, 37.54, 37.964, 37.841, 37.852, 37.709, 37.28, 37.096, 37.311, 37.488, 37.441, 37.486, 37.612, 37.582, 37.56, 37.406, 37.114, 37.311, 37.485, 37.246, 37.288, 37.868, 38.03, 37.672, 37.734, 37.946, 37.958, 38.127, 38.168, 38.25, 38.379, 38.217, 37.678, 37.257, 37.028, 36.93, 37.779, 39.289, 40.184, 40.225, 40.227, 40.141, 39.958, 39.998, 40.304, 40.452, 40.25, 39.99, 39.789, 39.773, 39.887, 39.923, 40.211, 40.749, 41.226, 41.623, 41.722, 41.253, 40.712, 40.86, 41.549, 41.809, 41.187, 40.33, 40.084, 40.365, 40.462, 40.184, 39.616, 39.315, 39.529, 39.991, 40.479, 40.559, 39.346, 27.852], [28.645, 28.381, 28.258, 28.155, 27.494, 26.325, 25.383, 24.856, 24.131, 23.683, 23.427, 22.468, 20.616, 18.122, 14.451, 8.672, 0.0, 12.132, 23.047, 27.625, 28.992, 30.245, 32.429, 34.325, 34.838, 34.571, 34.557, 34.744, 35.1, 35.457, 35.492, 35.188, 35.067, 35.505, 36.247, 36.71, 36.662, 36.507, 36.498, 36.571, 36.628, 36.69, 36.642, 36.618, 36.902, 37.251, 37.322, 37.245, 37.204, 37.112, 36.989, 37.63, 38.275, 38.308, 38.142, 37.986, 37.52, 36.775, 36.384, 36.493, 36.567, 36.157, 35.825, 35.681, 35.513, 35.452, 35.725, 36.024, 36.055, 36.186, 36.348, 36.425, 36.8, 37.683, 38.882, 39.699, 39.469, 38.891, 39.083, 39.716, 40.67, 42.189, 43.64, 44.759, 45.613, 46.199, 46.581, 46.807, 47.428, 48.616, 49.695, 49.068, 47.199, 45.695, 45.192, 45.365, 45.53, 45.011, 43.77, 41.961, 39.944, 38.503, 38.222, 38.67, 39.436, 40.294, 40.792, 40.8, 40.812, 40.535, 39.932, 39.561, 39.117, 38.321, 37.831, 37.481, 37.021, 36.437, 36.391, 36.815, 36.697, 36.492, 36.538, 36.499, 36.365, 36.138, 35.89, 35.757, 35.756, 35.877, 35.887, 35.777, 35.814, 35.936, 35.98, 36.066, 36.287, 36.481, 36.555, 36.529, 36.53, 36.78, 37.095, 37.183, 37.008, 37.033, 37.44, 37.651, 37.887, 38.239, 37.863, 37.735, 38.027, 37.589, 37.031, 37.731, 38.091, 37.926, 37.937, 37.82, 37.405, 37.213, 37.417, 37.592, 37.536, 37.575, 37.706, 37.697, 37.698, 37.556, 37.27, 37.474, 37.67, 37.454, 37.506, 38.106, 38.33, 38.042, 38.119, 38.309, 38.297, 38.46, 38.507, 38.561, 38.653, 38.491, 37.978, 37.583, 37.362, 37.212, 37.957, 39.373, 40.229, 40.261, 40.266, 40.186, 39.998, 40.01, 40.274, 40.397, 40.189, 39.917, 39.696, 39.68, 39.795, 39.811, 40.088, 40.642, 41.143, 41.571, 41.72, 41.31, 40.829, 41.034, 41.742, 41.999, 41.385, 40.558, 40.37, 40.695, 40.79, 40.475, 39.874, 39.555, 39.739, 40.164, 40.665, 40.769, 39.572, 28.797], [29.916, 29.682, 29.584, 29.549, 29.193, 28.665, 28.537, 28.561, 28.084, 27.714, 27.561, 26.868, 25.408, 23.411, 20.951, 17.93, 12.132, 0.0, 13.792, 21.249, 24.068, 26.234, 29.359, 31.665, 32.339, 32.297, 32.466, 32.71, 33.08, 33.452, 33.48, 33.156, 33.101, 33.707, 34.615, 35.147, 35.101, 34.93, 34.867, 34.836, 34.847, 34.962, 35.005, 35.085, 35.484, 35.926, 36.058, 36.036, 36.08, 36.043, 35.934, 36.632, 37.33, 37.375, 37.264, 37.202, 36.718, 35.868, 35.448, 35.584, 35.601, 35.016, 34.575, 34.449, 34.296, 34.249, 34.545, 34.807, 34.784, 34.916, 35.088, 35.139, 35.465, 36.377, 37.732, 38.671, 38.479, 37.911, 38.053, 38.635, 39.621, 41.223, 42.755, 43.948, 44.872, 45.537, 45.986, 46.243, 46.892, 48.161, 49.364, 48.756, 46.761, 45.192, 44.738, 44.969, 45.162, 44.664, 43.429, 41.571, 39.465, 37.967, 37.598, 37.958, 38.7, 39.569, 40.104, 40.183, 40.256, 39.979, 39.35, 38.943, 38.393, 37.419, 36.841, 36.506, 36.075, 35.424, 35.59, 36.241, 36.11, 35.865, 35.957, 35.963, 35.801, 35.469, 35.137, 34.987, 35.003, 35.145, 35.18, 35.094, 35.132, 35.24, 35.286, 35.416, 35.677, 35.871, 35.941, 35.925, 35.971, 36.264, 36.596, 36.704, 36.479, 36.284, 36.511, 36.663, 36.938, 37.345, 36.911, 36.773, 37.084, 36.592, 36.002, 36.742, 37.063, 36.837, 36.812, 36.705, 36.405, 36.37, 36.651, 36.849, 36.819, 36.906, 37.089, 37.123, 37.129, 36.945, 36.588, 36.741, 36.921, 36.689, 36.748, 37.413, 37.726, 37.536, 37.695, 37.886, 37.807, 37.914, 37.961, 38.033, 38.144, 38.028, 37.52, 37.066, 36.78, 36.582, 37.297, 38.715, 39.608, 39.671, 39.674, 39.579, 39.383, 39.409, 39.673, 39.805, 39.617, 39.307, 39.051, 39.089, 39.258, 39.242, 39.522, 40.162, 40.783, 41.31, 41.503, 41.075, 40.59, 40.867, 41.645, 41.9, 41.232, 40.345, 40.186, 40.574, 40.664, 40.304, 39.635, 39.272, 39.451, 39.826, 40.287, 40.401, 39.076, 30.084], [32.314, 32.172, 32.202, 32.288, 32.197, 32.167, 32.643, 33.125, 32.923, 32.68, 32.607, 32.139, 31.084, 29.624, 27.872, 26.265, 23.047, 13.792, 0.0, 11.379, 17.371, 21.529, 26.156, 29.283, 30.337, 30.559, 30.911, 31.176, 31.496, 31.838, 31.829, 31.469, 31.511, 32.34, 33.416, 33.984, 33.924, 33.741, 33.636, 33.493, 33.433, 33.586, 33.706, 33.905, 34.476, 35.103, 35.363, 35.401, 35.504, 35.48, 35.297, 35.949, 36.675, 36.734, 36.659, 36.672, 36.202, 35.316, 34.929, 35.129, 35.129, 34.438, 33.926, 33.753, 33.6, 33.598, 33.919, 34.143, 34.054, 34.153, 34.273, 34.192, 34.372, 35.288, 36.825, 37.902, 37.735, 37.185, 37.313, 37.907, 38.982, 40.658, 42.222, 43.446, 44.414, 45.131, 45.631, 45.941, 46.643, 47.967, 49.265, 48.725, 46.662, 45.024, 44.581, 44.855, 45.098, 44.646, 43.403, 41.484, 39.334, 37.823, 37.359, 37.598, 38.28, 39.16, 39.759, 39.918, 40.052, 39.784, 39.131, 38.702, 38.07, 36.926, 36.203, 35.827, 35.409, 34.684, 35.13, 35.973, 35.808, 35.576, 35.855, 36.042, 35.904, 35.479, 35.06, 34.917, 34.994, 35.19, 35.249, 35.157, 35.184, 35.29, 35.349, 35.522, 35.818, 36.001, 36.053, 36.075, 36.211, 36.536, 36.844, 36.939, 36.576, 35.961, 35.908, 36.072, 36.42, 36.862, 36.409, 36.263, 36.608, 36.072, 35.391, 36.149, 36.501, 36.272, 36.211, 36.084, 35.91, 36.071, 36.461, 36.7, 36.731, 36.887, 37.141, 37.226, 37.196, 36.896, 36.388, 36.428, 36.569, 36.329, 36.393, 37.098, 37.43, 37.235, 37.41, 37.622, 37.495, 37.546, 37.652, 37.837, 38.019, 37.933, 37.404, 36.897, 36.565, 36.397, 37.234, 38.794, 39.769, 39.866, 39.852, 39.732, 39.548, 39.618, 39.9, 40.035, 39.845, 39.506, 39.247, 39.336, 39.559, 39.559, 39.863, 40.547, 41.231, 41.784, 41.929, 41.381, 40.8, 41.097, 41.93, 42.184, 41.458, 40.465, 40.22, 40.595, 40.694, 40.342, 39.653, 39.283, 39.48, 39.797, 40.165, 40.255, 38.805, 32.432], [33.353, 33.283, 33.436, 33.616, 33.635, 33.784, 34.474, 35.127, 35.055, 34.914, 34.903, 34.504, 33.581, 32.365, 30.927, 29.718, 27.625, 21.249, 11.379, 0.0, 9.389, 17.187, 23.95, 28.071, 29.55, 29.849, 30.214, 30.45, 30.721, 31.033, 30.991, 30.609, 30.707, 31.68, 32.888, 33.515, 33.453, 33.243, 33.109, 32.927, 32.853, 33.031, 33.189, 33.439, 34.064, 34.773, 35.115, 35.185, 35.243, 35.133, 34.87, 35.484, 36.208, 36.284, 36.188, 36.169, 35.685, 34.788, 34.432, 34.698, 34.788, 34.169, 33.669, 33.452, 33.273, 33.215, 33.476, 33.687, 33.577, 33.638, 33.712, 33.532, 33.602, 34.516, 36.135, 37.264, 37.078, 36.519, 36.699, 37.351, 38.446, 40.122, 41.677, 42.894, 43.879, 44.626, 45.163, 45.516, 46.262, 47.622, 48.99, 48.509, 46.447, 44.756, 44.283, 44.578, 44.875, 44.468, 43.216, 41.258, 39.092, 37.578, 37.065, 37.277, 37.96, 38.885, 39.547, 39.733, 39.862, 39.56, 38.867, 38.453, 37.855, 36.662, 35.825, 35.361, 34.895, 34.173, 34.738, 35.618, 35.407, 35.172, 35.576, 35.901, 35.783, 35.308, 34.839, 34.694, 34.796, 35.006, 35.041, 34.911, 34.923, 35.047, 35.146, 35.357, 35.665, 35.832, 35.878, 35.935, 36.129, 36.474, 36.776, 36.863, 36.425, 35.653, 35.484, 35.698, 36.092, 36.492, 36.048, 35.905, 36.268, 35.735, 34.986, 35.695, 36.06, 35.83, 35.759, 35.655, 35.537, 35.74, 36.158, 36.435, 36.511, 36.692, 36.964, 37.078, 37.037, 36.685, 36.112, 36.121, 36.287, 36.074, 36.148, 36.902, 37.285, 37.114, 37.31, 37.527, 37.392, 37.439, 37.549, 37.757, 37.959, 37.852, 37.256, 36.691, 36.324, 36.156, 37.059, 38.708, 39.714, 39.809, 39.778, 39.632, 39.437, 39.52, 39.815, 39.951, 39.762, 39.442, 39.229, 39.368, 39.625, 39.644, 39.953, 40.634, 41.298, 41.791, 41.862, 41.254, 40.631, 40.93, 41.789, 42.048, 41.276, 40.219, 39.909, 40.254, 40.352, 39.983, 39.265, 38.881, 39.091, 39.406, 39.749, 39.854, 38.395, 33.416], [33.312, 33.271, 33.509, 33.762, 33.818, 33.989, 34.705, 35.401, 35.363, 35.257, 35.278, 34.904, 34.023, 32.933, 31.706, 30.706, 28.992, 24.068, 17.371, 9.389, 0.0, 11.156, 20.999, 26.342, 28.127, 28.488, 28.9, 29.207, 29.566, 29.904, 29.839, 29.461, 29.629, 30.726, 32.068, 32.788, 32.747, 32.515, 32.371, 32.204, 32.185, 32.417, 32.606, 32.885, 33.527, 34.252, 34.631, 34.776, 34.875, 34.731, 34.431, 35.062, 35.801, 35.879, 35.75, 35.659, 35.115, 34.186, 33.812, 34.078, 34.222, 33.693, 33.249, 33.056, 32.88, 32.735, 32.921, 33.135, 33.028, 33.086, 33.172, 32.966, 32.998, 33.941, 35.59, 36.725, 36.533, 35.98, 36.24, 36.996, 38.137, 39.833, 41.389, 42.602, 43.601, 44.358, 44.902, 45.271, 46.026, 47.414, 48.834, 48.353, 46.269, 44.521, 44.022, 44.342, 44.639, 44.193, 42.89, 40.857, 38.615, 37.08, 36.605, 36.878, 37.588, 38.526, 39.183, 39.329, 39.425, 39.113, 38.409, 38.012, 37.464, 36.312, 35.476, 34.967, 34.445, 33.682, 34.222, 35.129, 34.934, 34.662, 35.051, 35.379, 35.246, 34.742, 34.249, 34.081, 34.169, 34.373, 34.398, 34.249, 34.248, 34.38, 34.503, 34.732, 35.045, 35.215, 35.272, 35.346, 35.575, 35.968, 36.3, 36.388, 35.937, 35.151, 34.976, 35.219, 35.624, 36.0, 35.531, 35.397, 35.789, 35.259, 34.483, 35.177, 35.518, 35.241, 35.147, 35.059, 34.943, 35.134, 35.567, 35.872, 35.956, 36.123, 36.39, 36.523, 36.508, 36.175, 35.626, 35.65, 35.821, 35.606, 35.685, 36.473, 36.903, 36.779, 37.012, 37.213, 37.058, 37.095, 37.149, 37.331, 37.551, 37.445, 36.808, 36.181, 35.781, 35.611, 36.539, 38.215, 39.228, 39.312, 39.274, 39.122, 38.93, 39.02, 39.32, 39.466, 39.286, 38.96, 38.746, 38.907, 39.187, 39.219, 39.528, 40.201, 40.828, 41.252, 41.279, 40.68, 40.075, 40.388, 41.272, 41.543, 40.758, 39.703, 39.404, 39.754, 39.853, 39.473, 38.733, 38.345, 38.565, 38.893, 39.256, 39.384, 37.9, 33.362], [33.082, 33.06, 33.389, 33.703, 33.734, 33.806, 34.436, 35.144, 35.134, 35.062, 35.128, 34.821, 34.042, 33.132, 32.195, 31.542, 30.245, 26.234, 21.529, 17.187, 11.156, 0.0, 13.321, 21.407, 24.339, 25.064, 25.72, 26.423, 27.211, 27.77, 27.752, 27.385, 27.621, 28.86, 30.359, 31.193, 31.196, 30.966, 30.862, 30.798, 30.914, 31.256, 31.487, 31.79, 32.512, 33.313, 33.726, 33.99, 34.277, 34.24, 33.941, 34.584, 35.345, 35.435, 35.297, 35.157, 34.568, 33.607, 33.172, 33.351, 33.484, 33.015, 32.664, 32.57, 32.413, 32.179, 32.335, 32.588, 32.51, 32.6, 32.704, 32.48, 32.513, 33.513, 35.201, 36.355, 36.161, 35.632, 35.998, 36.867, 38.063, 39.806, 41.392, 42.62, 43.628, 44.381, 44.909, 45.271, 46.019, 47.443, 48.893, 48.357, 46.237, 44.441, 43.897, 44.199, 44.446, 43.927, 42.554, 40.428, 38.065, 36.482, 36.075, 36.439, 37.191, 38.123, 38.742, 38.836, 38.896, 38.582, 37.888, 37.493, 36.96, 35.873, 35.102, 34.583, 34.001, 33.173, 33.699, 34.684, 34.563, 34.257, 34.544, 34.767, 34.586, 34.065, 33.553, 33.349, 33.412, 33.631, 33.699, 33.564, 33.569, 33.721, 33.861, 34.086, 34.389, 34.56, 34.64, 34.738, 35.015, 35.471, 35.83, 35.901, 35.44, 34.613, 34.425, 34.706, 35.143, 35.554, 35.03, 34.855, 35.282, 34.704, 33.834, 34.559, 34.897, 34.578, 34.497, 34.446, 34.318, 34.492, 34.953, 35.28, 35.355, 35.509, 35.765, 35.879, 35.844, 35.511, 34.976, 35.014, 35.161, 34.913, 35.01, 35.85, 36.329, 36.25, 36.49, 36.653, 36.469, 36.487, 36.486, 36.66, 36.918, 36.83, 36.194, 35.537, 35.141, 35.074, 36.132, 37.878, 38.913, 38.991, 38.955, 38.809, 38.619, 38.701, 38.981, 39.107, 38.889, 38.498, 38.255, 38.425, 38.728, 38.776, 39.082, 39.748, 40.367, 40.77, 40.79, 40.204, 39.615, 39.961, 40.9, 41.189, 40.37, 39.31, 39.047, 39.404, 39.5, 39.128, 38.375, 37.98, 38.203, 38.524, 38.879, 39.004, 37.465, 33.126], [33.841, 33.83, 34.189, 34.481, 34.449, 34.435, 34.945, 35.609, 35.621, 35.604, 35.749, 35.54, 34.924, 34.207, 33.518, 33.221, 32.429, 29.359, 26.156, 23.95, 20.999, 13.