[[0.0, 7.738, 15.074, 18.49, 19.845, 22.128, 24.679, 25.694, 26.725, 28.679, 30.535, 32.385, 32.812, 34.086, 35.343, 36.127, 37.04, 39.694, 42.206, 42.208, 41.101, 41.579, 42.036, 42.085, 42.897, 43.263, 42.797, 43.148, 43.778, 43.359, 42.314, 41.02, 40.21, 39.365, 38.498, 38.804, 38.43, 37.908, 37.715, 37.986, 37.928, 37.926, 39.57, 41.408, 42.188, 42.221, 41.868, 41.775, 41.58, 41.501, 41.293, 41.107, 41.381, 42.074, 42.291, 42.563, 42.704, 42.984, 42.832, 42.211, 41.936, 42.232, 42.555, 41.848, 41.491, 40.977, 39.998, 39.472, 39.307, 39.375, 39.841, 39.48, 38.953, 38.597, 38.777, 38.745, 38.773, 38.924, 39.076, 39.819, 40.397, 40.071, 40.368, 40.413, 40.28, 40.849, 40.19, 39.752, 39.726, 39.262, 39.49, 39.575, 39.178, 39.261, 39.778, 39.709, 38.975, 40.048, 42.631, 43.906, 44.794, 44.798, 44.853, 46.408, 47.103, 46.214, 45.846, 45.506, 44.485, 43.738, 43.837, 42.691, 41.786, 41.934, 42.137, 42.799, 43.032, 42.322, 41.47, 41.682, 41.295, 41.337, 41.067, 40.863, 41.842, 41.761, 7.792], [7.738, 0.0, 9.521, 15.287, 17.156, 19.482, 22.491, 23.758, 25.03, 27.286, 29.324, 31.266, 31.726, 33.099, 34.392, 35.243, 36.032, 38.409, 40.854, 40.913, 39.9, 40.558, 41.149, 41.193, 41.948, 42.307, 41.875, 42.284, 42.936, 42.544, 41.584, 40.367, 39.541, 38.656, 37.922, 38.445, 38.124, 37.578, 37.432, 37.743, 37.712, 37.738, 39.274, 40.979, 41.686, 41.763, 41.521, 41.454, 41.28, 41.235, 41.051, 40.886, 41.16, 41.854, 42.054, 42.312, 42.457, 42.771, 42.648, 42.036, 41.779, 42.119, 42.452, 41.699, 41.365, 40.85, 39.817, 39.272, 39.176, 39.36, 39.872, 39.505, 39.037, 38.751, 38.946, 38.913, 38.932, 39.071, 39.182, 39.865, 40.433, 40.094, 40.352, 40.403, 40.277, 40.853, 40.155, 39.737, 39.739, 39.248, 39.393, 39.463, 39.06, 39.154, 39.711, 39.664, 39.035, 40.228, 42.806, 44.105, 44.986, 44.927, 44.823, 46.185, 46.72, 45.803, 45.507, 45.165, 44.155, 43.479, 43.625, 42.496, 41.588, 41.725, 41.904, 42.593, 42.864, 42.146, 41.292, 41.682, 41.368, 41.388, 41.146, 40.877, 41.866, 41.8, 12.084], [15.074, 9.521, 0.0, 9.073, 13.106, 15.365, 18.717, 20.513, 21.624, 24.289, 27.418, 29.852, 30.148, 31.874, 33.454, 34.284, 35.473, 38.067, 40.397, 40.365, 39.29, 40.082, 40.773, 40.899, 41.733, 42.059, 41.591, 42.007, 42.648, 42.293, 41.274, 39.934, 39.098, 37.982, 37.006, 37.492, 37.101, 36.271, 35.727, 35.885, 35.845, 35.882, 37.474, 39.249, 39.859, 39.855, 39.655, 39.597, 39.42, 39.36, 39.162, 39.031, 39.327, 40.103, 40.316, 40.564, 40.721, 41.067, 40.955, 40.335, 40.054, 40.399, 40.759, 39.907, 39.578, 39.053, 37.937, 37.391, 37.322, 37.678, 38.302, 37.917, 37.541, 37.346, 37.589, 37.59, 37.595, 37.762, 37.854, 38.565, 39.213, 38.832, 39.015, 39.065, 38.961, 39.564, 38.791, 38.349, 38.318, 37.87, 37.953, 38.0, 37.607, 37.747, 38.395, 38.366, 37.766, 39.348, 42.264, 43.664, 44.591, 44.481, 44.356, 45.882, 46.451, 45.492, 45.225, 44.813, 43.774, 43.109, 43.124, 41.807, 40.811, 40.88, 40.929, 41.593, 41.858, 40.924, 39.843, 40.511, 40.206, 40.153, 39.928, 39.568, 40.75, 40.694, 18.091], [18.49, 15.287, 9.073, 0.0, 7.425, 11.597, 15.351, 17.956, 19.061, 21.926, 25.829, 28.761, 29.241, 31.621, 33.678, 34.532, 36.307, 39.499, 41.911, 41.751, 40.517, 41.299, 41.945, 42.151, 43.19, 43.548, 43.016, 43.303, 43.863, 43.509, 42.3, 40.697, 39.798, 38.422, 36.859, 36.929, 36.403, 35.242, 34.131, 34.052, 33.99, 34.018, 35.752, 37.84, 38.621, 38.593, 38.211, 38.094, 37.872, 37.672, 37.404, 37.275, 37.636, 38.589, 38.87, 39.132, 39.3, 39.607, 39.43, 38.782, 38.486, 38.777, 39.157, 38.181, 37.681, 37.108, 35.909, 35.381, 35.271, 35.705, 36.429, 36.012, 35.682, 35.531, 35.843, 35.887, 35.865, 36.082, 36.211, 37.087, 37.874, 37.473, 37.647, 37.704, 37.647, 38.306, 37.431, 36.884, 36.812, 36.398, 36.517, 36.585, 36.17, 36.296, 36.983, 36.933, 36.191, 37.986, 41.292, 42.837, 43.836, 43.755, 43.86, 45.858, 46.772, 45.823, 45.423, 44.973, 43.838, 43.04, 42.936, 41.308, 40.134, 40.199, 40.189, 40.828, 41.066, 39.911, 38.449, 39.058, 38.668, 38.551, 38.371, 38.064, 39.465, 39.387, 21.382], [19.845, 17.156, 13.106, 7.425, 0.0, 7.145, 13.37, 16.47, 17.845, 20.98, 24.706, 27.595, 28.241, 30.944, 33.229, 34.189, 35.99, 39.285, 41.876, 41.798, 40.552, 41.284, 41.927, 42.156, 43.234, 43.624, 43.1, 43.349, 43.874, 43.508, 42.302, 40.68, 39.729, 38.328, 36.67, 36.643, 36.2, 35.107, 33.959, 33.894, 33.854, 33.919, 35.71, 37.844, 38.664, 38.671, 38.229, 38.126, 37.885, 37.596, 37.307, 37.183, 37.576, 38.594, 38.904, 39.191, 39.348, 39.601, 39.382, 38.718, 38.464, 38.796, 39.165, 38.174, 37.622, 37.021, 35.789, 35.223, 35.094, 35.49, 36.187, 35.781, 35.456, 35.293, 35.604, 35.655, 35.646, 35.898, 36.039, 36.935, 37.733, 37.312, 37.498, 37.543, 37.492, 38.168, 37.218, 36.669, 36.624, 36.184, 36.314, 36.391, 35.952, 36.022, 36.697, 36.642, 35.882, 37.748, 41.1, 42.633, 43.64, 43.596, 43.734, 45.711, 46.665, 45.765, 45.38, 44.929, 43.789, 42.968, 42.886, 41.253, 40.078, 40.185, 40.197, 40.866, 41.138, 39.993, 38.49, 39.031, 38.586, 38.455, 38.293, 38.001, 39.382, 39.272, 22.241], [22.128, 19.482, 15.365, 11.597, 7.145, 0.0, 8.995, 13.41, 15.146, 19.071, 23.428, 26.459, 27.067, 29.973, 32.388, 33.379, 35.244, 38.532, 41.157, 41.111, 39.879, 40.639, 41.324, 41.614, 42.711, 43.103, 42.642, 43.02, 43.611, 43.266, 42.072, 40.452, 39.559, 38.116, 36.444, 36.462, 36.043, 34.928, 33.714, 33.592, 33.532, 33.575, 35.404, 37.567, 38.227, 38.081, 37.628, 37.531, 37.281, 36.978, 36.671, 36.571, 36.983, 38.044, 38.379, 38.671, 38.804, 39.042, 38.84, 38.18, 37.963, 38.342, 38.683, 37.667, 37.173, 36.581, 35.331, 34.752, 34.661, 35.102, 35.845, 35.389, 35.054, 34.927, 35.273, 35.355, 35.364, 35.647, 35.802, 36.665, 37.445, 36.97, 37.081, 37.121, 37.076, 37.738, 36.779, 36.233, 36.142, 35.765, 35.876, 35.931, 35.516, 35.651, 36.372, 36.306, 35.679, 37.868, 41.325, 42.875, 43.88, 43.842, 43.955, 45.901, 46.769, 45.871, 45.572, 45.071, 43.945, 43.221, 43.148, 41.492, 40.313, 40.389, 40.298, 40.905, 41.193, 39.988, 38.337, 38.933, 38.475, 38.315, 38.131, 37.761, 39.155, 39.03, 24.118], [24.679, 22.491, 18.717, 15.351, 13.37, 8.995, 0.0, 6.878, 11.198, 16.38, 21.486, 24.893, 26.1, 29.594, 32.177, 33.227, 35.304, 38.677, 41.169, 40.998, 39.729, 40.526, 41.215, 41.513, 42.665, 43.102, 42.749, 43.349, 44.044, 43.727, 42.515, 40.881, 40.034, 38.489, 36.649, 36.66, 36.229, 34.972, 33.614, 33.429, 33.342, 33.338, 35.11, 37.268, 37.928, 37.682, 37.145, 37.028, 36.786, 36.497, 36.168, 36.069, 36.484, 37.524, 37.885, 38.175, 38.295, 38.564, 38.404, 37.777, 37.591, 37.967, 38.315, 37.262, 36.731, 36.13, 34.834, 34.226, 34.178, 34.67, 35.473, 34.962, 34.649, 34.595, 34.962, 35.058, 35.019, 35.29, 35.464, 36.341, 37.117, 36.673, 36.792, 36.847, 36.869, 37.54, 36.639, 36.053, 35.865, 35.517, 35.61, 35.663, 35.292, 35.482, 36.208, 36.129, 35.558, 37.877, 41.442, 43.041, 44.059, 44.079, 44.329, 46.408, 47.342, 46.437, 46.07, 45.524, 44.35, 43.587, 43.513, 41.833, 40.598, 40.64, 40.481, 41.003, 41.269, 39.984, 38.022, 38.512, 38.039, 37.854, 37.709, 37.357, 38.834, 38.714, 26.416], [25.694, 23.758, 20.513, 17.956, 16.47, 13.41, 6.878, 0.0, 7.798, 14.895, 20.43, 24.018, 25.646, 29.399, 32.011, 33.161, 35.202, 38.536, 40.99, 40.797, 39.535, 40.298, 40.98, 41.256, 42.372, 42.802, 42.477, 43.213, 44.037, 43.732, 42.536, 40.946, 40.103, 38.612, 36.846, 36.907, 36.533, 35.342, 34.114, 33.991, 33.897, 33.923, 35.688, 37.687, 38.305, 38.081, 37.575, 37.451, 37.222, 36.961, 36.644, 36.538, 36.894, 37.84, 38.188, 38.507, 38.648, 38.942, 38.812, 38.204, 38.002, 38.377, 38.744, 37.712, 37.199, 36.63, 35.37, 34.785, 34.744, 35.205, 35.972, 35.467, 35.171, 35.142, 35.497, 35.538, 35.467, 35.716, 35.867, 36.713, 37.447, 37.017, 37.178, 37.232, 37.265, 37.931, 37.067, 36.512, 36.324, 35.953, 36.038, 36.088, 35.728, 35.901, 36.592, 36.544, 36.001, 38.19, 41.668, 43.217, 44.208, 44.232, 44.467, 46.465, 47.358, 46.467, 46.089, 45.551, 44.38, 43.586, 43.526, 41.956, 40.77, 40.791, 40.637, 41.143, 41.415, 40.202, 38.285, 38.752, 38.313, 38.127, 38.011, 37.678, 39.11, 39.023, 27.22], [26.725, 25.03, 21.624, 19.061, 17.845, 15.146, 11.198, 7.798, 0.0, 10.033, 18.385, 22.724, 24.019, 28.077, 30.924, 31.981, 34.234, 37.902, 40.509, 40.27, 38.896, 39.682, 40.396, 40.756, 42.039, 42.512, 42.155, 42.886, 43.734, 43.535, 42.385, 40.706, 39.841, 38.293, 36.422, 36.403, 36.014, 34.806, 33.393, 33.155, 33.049, 33.078, 35.134, 37.364, 37.872, 37.507, 36.957, 36.739, 36.463, 36.147, 35.778, 35.665, 36.049, 37.109, 37.509, 37.866, 38.04, 38.33, 38.169, 37.519, 37.252, 37.607, 38.031, 36.945, 36.377, 35.769, 34.443, 33.885, 33.783, 34.275, 35.054, 34.496, 34.172, 34.13, 34.504, 34.531, 34.455, 34.741, 34.941, 35.881, 36.668, 36.183, 36.322, 36.393, 36.429, 37.153, 36.218, 35.598, 35.4, 35.064, 35.188, 35.232, 34.861, 35.06, 35.793, 35.75, 35.149, 37.475, 41.185, 42.81, 43.823, 43.822, 44.07, 46.217, 47.128, 46.11, 45.72, 45.18, 44.018, 43.278, 43.189, 41.541, 40.333, 40.365, 40.165, 40.64, 40.931, 39.653, 37.631, 38.117, 37.646, 37.439, 37.267, 36.952, 38.562, 38.507, 28.265], [28.679, 27.286, 24.289, 21.926, 20.98, 19.071, 16.38, 14.895, 10.033, 0.0, 11.641, 18.353, 20.23, 25.323, 28.898, 30.104, 32.822, 37.003, 39.787, 39.516, 38.04, 38.886, 39.662, 40.069, 41.541, 42.106, 41.713, 42.393, 43.166, 42.984, 41.93, 40.335, 39.438, 37.793, 35.806, 35.61, 35.176, 33.991, 32.529, 32.381, 32.317, 32.304, 34.542, 36.969, 37.529, 37.16, 36.579, 36.327, 36.016, 35.686, 35.285, 35.143, 35.548, 36.705, 37.162, 37.537, 37.729, 38.021, 37.805, 37.111, 36.857, 37.242, 37.687, 36.537, 35.901, 35.23, 33.799, 33.255, 33.137, 33.617, 34.377, 33.802, 33.465, 33.372, 33.702, 33.739, 33.655, 33.932, 34.156, 35.206, 36.079, 35.589, 35.75, 35.845, 35.917, 36.671, 35.715, 35.061, 34.851, 34.56, 34.702, 34.752, 34.442, 34.665, 35.394, 35.336, 34.707, 37.044, 40.813, 42.493, 43.541, 43.526, 43.787, 46.039, 46.989, 45.901, 45.5, 44.957, 43.818, 43.091, 42.97, 41.251, 40.018, 40.076, 39.845, 40.268, 40.576, 39.241, 37.072, 37.577, 37.052, 36.757, 36.586, 36.348, 38.127, 38.08, 29.907], [30.535, 29.324, 27.418, 25.829, 24.706, 23.428, 21.486, 20.43, 18.385, 11.641, 0.0, 10.184, 15.943, 22.478, 26.843, 28.765, 31.495, 35.83, 38.698, 38.518, 37.122, 37.894, 38.705, 39.066, 40.467, 41.089, 40.687, 41.368, 42.219, 41.97, 41.067, 39.861, 38.989, 37.349, 35.535, 35.424, 35.061, 34.058, 33.084, 33.323, 33.35, 33.318, 35.308, 37.396, 38.11, 38.095, 37.711, 37.601, 37.271, 37.003, 36.7, 36.571, 36.907, 37.904, 38.316, 38.673, 38.819, 39.102, 38.888, 38.191, 38.055, 38.557, 38.913, 37.795, 37.269, 36.705, 35.314, 34.756, 34.706, 35.091, 35.744, 35.246, 34.939, 34.784, 34.994, 35.009, 34.953, 35.119, 35.255, 36.256, 37.088, 36.667, 36.912, 37.007, 37.063, 37.777, 36.919, 36.319, 36.156, 35.843, 35.97, 36.037, 35.785, 35.973, 36.576, 36.475, 35.933, 37.925, 41.261, 42.82, 43.784, 43.691, 43.741, 45.671, 46.513, 45.526, 45.216, 44.669, 43.54, 42.963, 43.036, 41.47, 40.309, 40.41, 40.222, 40.615, 40.941, 39.747, 37.845, 38.451, 38.059, 37.782, 37.673, 37.476, 39.056, 38.99, 31.251], [32.385, 31.266, 29.852, 28.761, 27.595, 26.459, 24.893, 24.018, 22.724, 18.353, 10.184, 0.0, 11.372, 20.39, 24.88, 27.166, 29.806, 34.214, 37.209, 37.109, 35.853, 36.696, 37.592, 37.923, 39.29, 39.983, 39.642, 40.485, 41.499, 41.288, 40.481, 39.46, 38.661, 37.058, 35.369, 35.407, 35.151, 34.304, 33.633, 34.172, 34.289, 34.27, 36.155, 38.014, 38.658, 38.723, 38.498, 38.503, 38.197, 37.959, 37.696, 37.57, 37.865, 38.732, 39.075, 39.376, 39.475, 39.757, 39.599, 38.93, 38.789, 39.293, 39.62, 38.54, 38.033, 37.535, 36.221, 35.658, 35.699, 36.097, 36.685, 36.183, 35.848, 35.65, 35.815, 35.829, 35.78, 35.879, 35.981, 36.947, 37.741, 37.32, 37.579, 37.702, 37.725, 38.408, 37.632, 37.041, 36.87, 36.532, 36.631, 36.697, 36.424, 36.549, 37.07, 36.961, 36.393, 38.158, 41.272, 42.721, 43.636, 43.486, 43.399, 45.195, 46.012, 45.127, 44.886, 44.31, 43.155, 42.674, 42.834, 41.356, 40.261, 40.397, 40.242, 40.609, 40.935, 39.894, 38.368, 39.065, 38.746, 38.619, 38.577, 38.374, 39.779, 39.687, 32.958], [32.812, 31.726, 30.148, 29.241, 28.241, 27.067, 26.1, 25.646, 24.019, 20.23, 15.943, 11.372, 0.0, 12.66, 18.676, 20.987, 24.432, 30.176, 33.968, 33.998, 32.639, 33.717, 34.757, 35.149, 36.716, 37.501, 37.174, 38.168, 39.302, 39.238, 38.579, 37.553, 36.793, 35.39, 34.14, 34.403, 34.153, 33.291, 32.183, 32.562, 32.725, 32.719, 34.984, 37.306, 37.949, 37.778, 37.41, 37.322, 37.022, 36.755, 36.389, 36.18, 36.514, 37.559, 37.96, 38.298, 38.456, 38.747, 38.541, 37.834, 37.666, 38.154, 38.532, 37.405, 36.856, 36.272, 34.799, 34.174, 34.195, 34.618, 35.269, 34.775, 34.414, 34.182, 34.363, 34.357, 34.251, 34.399, 34.547, 35.546, 36.451, 35.959, 36.155, 36.311, 36.32, 37.057, 36.149, 35.53, 35.353, 35.009, 35.108, 35.141, 34.87, 35.053, 35.661, 35.579, 34.906, 36.934, 40.403, 41.962, 42.963, 42.864, 42.896, 44.893, 45.769, 44.796, 44.516, 43.889, 42.688, 42.187, 42.312, 40.657, 39.416, 39.537, 39.37, 39.806, 40.18, 38.99, 37.251, 37.912, 37.397, 37.313, 37.268, 36.924, 38.535, 38.43, 33.428], [34.086, 33.099, 31.874, 31.621, 30.944, 29.973, 29.594, 29.399, 28.077, 25.323, 22.478, 20.39, 12.66, 0.0, 8.962, 13.386, 17.671, 25.343, 30.12, 30.313, 28.93, 30.058, 31.034, 31.318, 32.877, 33.708, 33.338, 34.413, 35.729, 35.795, 35.641, 35.084, 34.381, 33.772, 34.209, 35.016, 34.862, 34.416, 33.556, 33.776, 33.954, 34.009, 36.204, 38.324, 38.89, 38.701, 38.393, 38.35, 38.073, 37.845, 37.48, 37.205, 37.389, 38.264, 38.623, 38.961, 39.105, 39.419, 39.262, 38.588, 38.454, 38.992, 39.373, 38.309, 37.923, 37.481, 36.18, 35.641, 35.59, 35.862, 36.407, 36.019, 35.744, 35.49, 35.605, 35.525, 35.387, 35.549, 35.672, 36.539, 37.342, 36.855, 37.022, 37.17, 37.215, 37.959, 37.047, 36.51, 36.41, 36.089, 36.089, 36.052, 35.844, 36.042, 36.55, 36.503, 35.865, 37.564, 40.709, 42.238, 43.233, 43.087, 43.077, 44.966, 45.81, 44.944, 44.718, 44.137, 42.986, 42.468, 42.693, 41.206, 40.029, 40.18, 40.136, 40.691, 41.08, 39.884, 38.209, 38.741, 38.271, 38.178, 38.086, 37.714, 39.159, 39.056, 34.547], [35.343, 34.392, 33.454, 33.678, 33.229, 32.388, 32.177, 32.011, 30.924, 28.898, 26.843, 24.88, 18.676, 8.962, 0.0, 7.506, 13.378, 22.154, 27.628, 27.939, 26.557, 27.774, 28.675, 28.84, 30.384, 31.263, 31.016, 32.342, 33.769, 33.935, 34.174, 33.989, 33.294, 33.076, 34.575, 35.823, 35.762, 35.636, 35.162, 35.499, 35.691, 35.748, 37.763, 39.607, 40.064, 39.884, 39.688, 39.695, 39.396, 39.174, 38.807, 38.497, 38.61, 39.342, 39.65, 39.953, 40.065, 40.389, 40.285, 39.658, 39.499, 40.02, 40.406, 39.433, 39.12, 38.783, 37.659, 37.168, 37.118, 37.288, 37.717, 37.409, 37.119, 36.874, 36.995, 36.881, 36.74, 36.927, 37.08, 37.876, 38.568, 38.096, 38.269, 38.411, 38.47, 39.18, 38.331, 37.851, 37.779, 37.47, 37.406, 37.344, 37.19, 37.381, 37.803, 37.754, 37.094, 38.41, 41.2, 42.648, 43.623, 43.396, 43.288, 45.072, 45.876, 45.116, 44.927, 44.372, 43.263, 42.717, 42.993, 41.732, 40.727, 40.9, 40.972, 41.617, 41.99, 40.896, 39.474, 39.927, 39.492, 39.397, 39.262, 38.882, 40.121, 40.003, 35.752], [36.127, 35.243, 34.284, 34.532, 34.189, 33.379, 33.227, 33.161, 31.981, 30.104, 28.765, 27.166, 20.987, 13.386, 7.506, 0.0, 9.642, 20.571, 26.658, 27.064, 25.48, 26.693, 27.668, 28.0, 29.648, 30.565, 30.474, 31.891, 33.193, 33.485, 33.94, 33.797, 33.071, 32.945, 34.561, 35.841, 35.823, 35.79, 35.316, 35.658, 35.801, 35.85, 37.88, 39.696, 40.088, 39.923, 39.7, 39.671, 39.363, 39.091, 38.677, 38.36, 38.48, 39.229, 39.558, 39.853, 39.976, 40.304, 40.172, 39.543, 39.399, 39.92, 40.312, 39.379, 39.09, 38.751, 37.633, 37.096, 36.998, 37.196, 37.63, 37.34, 37.032, 36.773, 36.907, 36.815, 36.653, 36.881, 37.089, 37.881, 38.588, 38.11, 38.252, 38.387, 38.425, 39.111, 38.246, 37.768, 37.686, 37.361, 37.304, 37.228, 37.116, 37.351, 37.771, 37.678, 36.944, 38.237, 41.08, 42.512, 43.495, 43.289, 43.194, 44.938, 45.723, 44.963, 44.752, 44.191, 43.093, 42.528, 42.752, 41.553, 40.628, 40.759, 40.789, 41.446, 41.848, 40.792, 39.465, 39.871, 39.337, 39.237, 39.049, 38.648, 39.961, 39.85, 36.527], [37.04, 36.032, 35.473, 36.307, 35.99, 35.244, 35.304, 35.202, 34.234, 32.822, 31.495, 29.806, 24.432, 17.671, 13.378, 9.642, 0.0, 14.357, 22.512, 23.817, 22.43, 23.589, 24.921, 25.38, 26.831, 27.888, 27.951, 29.474, 30.846, 31.266, 32.33, 32.679, 32.07, 32.48, 34.894, 36.616, 36.772, 37.281, 37.625, 38.288, 38.491, 38.575, 40.322, 41.769, 42.042, 41.982, 41.91, 41.932, 41.645, 41.418, 41.068, 40.778, 40.845, 41.446, 41.721, 41.995, 42.091, 42.398, 42.322, 41.767, 41.677, 42.19, 42.475, 41.717, 41.647, 41.44, 40.533, 40.085, 39.994, 40.084, 40.384, 40.107, 39.746, 39.447, 39.537, 39.395, 39.238, 39.374, 39.551, 40.224, 40.823, 40.434, 40.632, 40.779, 40.793, 41.379, 40.638, 40.227, 40.081, 39.718, 39.707, 39.601, 39.552, 39.809, 40.086, 39.909, 39.164, 39.98, 42.297, 43.519, 44.408, 44.157, 43.697, 44.691, 45.155, 44.538, 44.461, 44.005, 43.062, 42.618, 42.955, 42.168, 41.543, 41.664, 41.84, 42.595, 43.029, 42.267, 41.46, 41.904, 41.527, 41.414, 41.141, 40.804, 41.805, 41.722, 37.325], [39.694, 38.409, 38.067, 39.499, 39.285, 38.532, 38.677, 38.536, 37.902, 37.003, 35.83, 34.214, 30.176, 25.343, 22.154, 20.571, 14.357, 0.0, 11.574, 15.448, 15.428, 17.926, 20.505, 21.118, 22.476, 23.951, 24.249, 26.3, 28.026, 28.488, 30.042, 30.798, 30.501, 31.522, 35.019, 37.739, 38.323, 39.33, 40.869, 42.302, 42.569, 42.651, 43.977, 45.013, 45.189, 45.171, 45.236, 45.28, 44.979, 44.837, 44.544, 44.271, 44.325, 44.764, 44.964, 45.207, 45.257, 45.49, 45.467, 45.032, 44.987, 45.451, 45.608, 45.019, 45.092, 44.973, 44.338, 44.02, 44.003, 43.985, 44.149, 43.959, 43.581, 43.248, 43.241, 43.058, 42.956, 43.01, 43.152, 43.692, 44.164, 43.898, 44.193, 44.36, 44.366, 44.852, 44.282, 43.991, 43.761, 43.345, 43.411, 43.314, 43.325, 43.636, 43.862, 43.631, 42.945, 43.358, 45.039, 45.987, 46.708, 46.378, 45.561, 45.757, 45.811, 45.242, 45.277, 44.937, 44.153, 43.927, 44.482, 44.147, 43.814, 43.886, 44.189, 45.002, 45.431, 44.968, 44.627, 45.174, 45.045, 44.822, 44.493, 44.159, 44.709, 44.643, 40.029], [42.206, 40.854, 40.397, 41.911, 41.876, 41.157, 41.169, 40.99, 40.509, 39.787, 38.698, 37.209, 33.968, 30.12, 27.628, 26.658, 22.512, 11.574, 0.0, 6.946, 11.2, 16.555, 20.141, 20.85, 22.268, 23.833, 24.208, 26.597, 28.504, 28.909, 30.324, 31.058, 31.075, 32.177, 35.643, 38.762, 39.7, 40.727, 42.752, 44.633, 44.878, 44.891, 45.812, 46.416, 46.552, 46.628, 46.779, 46.9, 46.622, 46.514, 46.264, 46.034, 46.074, 46.377, 46.548, 46.755, 46.74, 46.901, 46.919, 46.58, 46.543, 46.97, 47.062, 46.543, 46.671, 46.666, 46.21, 45.938, 45.98, 45.99, 46.109, 46.013, 45.681, 45.344, 45.244, 45.021, 44.976, 44.968, 45.075, 45.574, 45.975, 45.8, 46.142, 46.317, 46.329, 46.765, 46.326, 46.1, 45.876, 45.581, 45.678, 45.556, 45.596, 45.894, 46.083, 45.857, 45.225, 45.398, 46.678, 47.446, 48.054, 47.693, 46.779, 46.654, 46.493, 45.919, 45.972, 45.671, 44.921, 44.877, 45.604, 45.499, 45.282, 45.3, 45.542, 46.309, 46.74, 46.396, 46.305, 47.035, 47.063, 46.82, 46.53, 46.107, 46.319, 46.262, 42.568], [42.208, 40.913, 40.365, 41.751, 41.798, 41.111, 40.998, 40.797, 40.27, 39.516, 38.518, 37.109, 33.998, 30.313, 27.939, 27.064, 23.817, 15.448, 6.946, 0.0, 7.846, 15.281, 19.129, 19.814, 21.52, 23.227, 23.697, 26.433, 28.492, 28.895, 30.183, 30.732, 30.715, 31.826, 35.345, 38.514, 39.506, 40.447, 42.245, 44.098, 44.376, 44.378, 45.313, 45.903, 46.03, 46.014, 46.114, 46.25, 45.98, 45.863, 45.607, 45.377, 45.421, 45.71, 45.883, 46.091, 46.081, 46.255, 46.274, 45.931, 45.857, 46.279, 46.403, 45.851, 45.949, 45.977, 45.494, 45.21, 45.251, 45.294, 45.436, 45.336, 45.016, 44.671, 44.54, 44.318, 44.29, 44.292, 44.42, 44.972, 45.413, 45.235, 45.599, 45.787, 45.816, 46.294, 45.862, 45.605, 45.388, 45.128, 45.201, 45.09, 45.124, 45.402, 45.603, 45.389, 44.749, 45.003, 46.396, 47.215, 47.867, 47.556, 46.789, 46.904, 46.767, 46.059, 46.022, 45.648, 44.794, 44.716, 45.432, 45.261, 44.996, 45.005, 45.174, 45.888, 46.322, 45.932, 45.763, 46.499, 46.503, 46.297, 46.048, 45.587, 45.83, 45.769, 42.6], [41.101, 39.9, 39.29, 40.517, 40.552, 39.879, 39.729, 39.535, 38.896, 38.04, 37.122, 35.853, 32.639, 28.93, 26.557, 25.48, 22.43, 15.428, 11.2, 7.846, 0.0, 8.932, 13.724, 14.855, 17.548, 19.802, 20.345, 23.558, 25.874, 26.394, 27.846, 28.442, 28.412, 29.565, 33.406, 36.8, 37.859, 38.823, 40.447, 42.232, 42.561, 42.675, 43.922, 44.821, 44.987, 44.91, 44.89, 44.918, 44.619, 44.482, 44.188, 43.927, 43.979, 44.34, 44.522, 44.75, 44.772, 44.967, 44.926, 44.509, 44.429, 44.868, 45.041, 44.408, 44.414, 44.356, 43.755, 43.468, 43.489, 43.533, 43.72, 43.596, 43.246, 42.879, 42.813, 42.615, 42.546, 42.603, 42.757, 43.378, 43.905, 43.706, 44.065, 44.245, 44.289, 44.826, 44.313, 43.993, 43.754, 43.448, 43.53, 43.447, 43.489, 43.821, 44.089, 43.864, 43.201, 43.729, 45.48, 46.448, 47.205, 46.941, 46.27, 46.6, 46.527, 45.706, 45.594, 45.164, 44.239, 44.025, 44.607, 44.269, 43.909, 43.919, 44.063, 44.77, 45.2, 44.688, 44.29, 44.977, 44.892, 44.623, 44.346, 43.909, 44.378, 44.321, 41.417], [41.579, 40.558, 40.082, 41.299, 41.284, 40.639, 40.526, 40.298, 39.682, 38.886, 37.894, 36.696, 33.717, 30.058, 27.774, 26.693, 23.589, 17.926, 16.555, 15.281, 8.932, 0.0, 6.253, 8.822, 12.958, 16.036, 16.82, 20.51, 23.189, 23.943, 25.911, 27.105, 27.407, 28.811, 32.967, 36.415, 37.501, 38.687, 40.529, 42.375, 42.751, 43.003, 44.426, 45.454, 45.579, 45.52, 45.438, 45.39, 45.088, 44.95, 44.668, 44.405, 44.408, 44.739, 44.896, 45.133, 45.158, 45.336, 45.271, 44.827, 44.74, 45.175, 45.357, 44.739, 44.731, 44.652, 44.088, 43.876, 43.9, 43.896, 44.036, 43.921, 43.525, 43.127, 43.122, 42.926, 42.828, 42.896, 43.036, 43.64, 44.151, 43.959, 44.318, 44.478, 44.528, 45.055, 44.544, 44.23, 43.984, 43.657, 43.773, 43.694, 43.787, 44.18, 44.433, 44.188, 43.541, 44.056, 45.803, 46.778, 47.555, 47.279, 46.57, 46.852, 46.782, 45.998, 45.878, 45.469, 44.61, 44.357, 44.838, 44.52, 44.194, 44.174, 44.311, 45.012, 45.393, 44.873, 44.527, 45.25, 45.17, 44.851, 44.525, 44.099, 44.59, 44.541, 41.643], [42.036, 41.149, 40.773, 41.945, 41.927, 41.324, 41.215, 40.98, 40.396, 39.662, 38.705, 37.592, 34.757, 31.034, 28.675, 27.668, 24.921, 20.505, 20.141, 19.129, 13.724, 6.253, 0.0, 4.719, 10.794, 14.437, 15.579, 19.802, 22.782, 23.657, 25.839, 27.337, 27.739, 29.297, 33.598, 36.91, 37.927, 39.138, 40.938, 42.715, 43.108, 43.363, 44.796, 45.854, 45.962, 45.877, 45.751, 45.685, 45.392, 45.244, 44.962, 44.722, 44.715, 45.02, 45.161, 45.398, 45.437, 45.623, 45.552, 45.107, 44.979, 45.356, 45.544, 44.938, 44.913, 44.875, 44.365, 44.183, 44.225, 44.21, 44.32, 44.208, 43.813, 43.431, 43.446, 43.23, 43.124, 43.211, 43.342, 43.929, 44.426, 44.224, 44.558, 44.701, 44.778, 45.297, 44.787, 44.498, 44.286, 43.951, 44.052, 43.984, 44.089, 44.473, 44.699, 44.461, 43.849, 44.306, 46.006, 46.994, 47.777, 47.507, 46.896, 47.298, 47.304, 46.569, 46.405, 45.977, 45.155, 44.878, 45.265, 44.899, 44.56, 44.523, 44.621, 45.279, 45.629, 45.107, 44.769, 45.448, 45.341, 45.02, 44.706, 44.28, 44.77, 44.726, 41.986], [42.085, 41.193, 40.899, 42.151, 42.156, 41.614, 41.513, 41.256, 40.756, 40.069, 39.066, 37.923, 35.149, 31.318, 28.84, 28.0, 25.38, 21.118, 20.85, 19.814, 14.855, 8.822, 4.719, 0.0, 7.58, 12.074, 13.644, 18.633, 22.018, 22.928, 25.191, 26.825, 27.259, 29.113, 33.814, 37.237, 38.274, 39.472, 41.224, 42.978, 43.395, 43.652, 45.07, 46.054, 46.233, 46.226, 46.112, 46.052, 45.76, 45.612, 45.337, 45.103, 45.074, 45.325, 45.446, 45.681, 45.731, 45.933, 45.867, 45.432, 45.312, 45.689, 45.87, 45.266, 45.249, 45.25, 44.756, 44.561, 44.613, 44.588, 44.67, 44.578, 44.223, 43.842, 43.835, 43.588, 43.48, 43.572, 43.678, 44.254, 44.737, 44.558, 44.918, 45.047, 45.122, 45.638, 45.146, 44.903, 44.719, 44.357, 44.403, 44.345, 44.436, 44.774, 44.995, 44.778, 44.213, 44.63, 46.24, 47.194, 47.938, 47.658, 47.052, 47.393, 47.36, 46.644, 46.505, 46.07, 45.214, 44.932, 45.358, 45.029, 44.696, 44.656, 44.74, 45.37, 45.723, 45.255, 44.98, 45.663, 45.597, 45.29, 44.997, 44.59, 45.031, 44.981, 42.014], [42.897, 41.948, 41.733, 43.19, 43.234, 42.711, 42.665, 42.372, 42.039, 41.541, 40.467, 39.29, 36.716, 32.877, 30.384, 29.648, 26.831, 22.476, 22.268, 21.52, 17.548, 12.958, 10.794, 7.58, 0.0, 6.19, 9.881, 16.315, 20.179, 21.179, 23.93, 26.084, 26.609, 29.005, 34.389, 37.998, 39.109, 40.411, 42.227, 44.078, 44.576, 44.876, 46.283, 47.12, 47.336, 47.455, 47.402, 47.375, 47.097, 46.984, 46.748, 46.512, 46.414, 46.534, 46.599, 46.836, 46.889, 47.101, 47.066, 46.664, 46.596, 47.013, 47.166, 46.616, 46.684, 46.736, 46.307, 46.109, 46.127, 46.081, 46.109, 46.065, 45.767, 45.367, 45.305, 45.021, 44.937, 45.019, 45.06, 45.597, 46.033, 45.895, 46.289, 46.391, 46.43, 46.892, 46.448, 46.305, 46.171, 45.8, 45.775, 45.697, 45.778, 46.068, 46.27, 46.08, 45.574, 45.891, 47.27, 48.104, 48.764, 48.415, 47.614, 47.597, 47.384, 46.767, 46.744, 46.332, 45.437, 45.204, 45.784, 45.688, 45.474, 45.413, 45.483, 46.097, 46.461, 46.118, 46.106, 46.921, 46.924, 46.643, 46.36, 45.94, 46.221, 46.173, 42.735], [43.263, 42.307, 42.059, 43.548, 43.624, 43.103, 43.102, 42.802, 42.512, 42.106, 41.089, 39.983, 37.501, 33.708, 31.263, 30.565, 27.888, 23.951, 23.833, 23.227, 19.802, 16.036, 14.437, 12.074, 6.19, 0.0, 6.498, 14.628, 18.85, 19.982, 23.009, 25.476, 26.059, 28.707, 34.411, 38.034, 39.174, 40.506, 42.284, 44.218, 44.775, 45.107, 46.562, 47.339, 47.499, 47.655, 47.656, 47.645, 47.369, 47.271, 47.041, 46.799, 46.676, 46.783, 46.831, 47.06, 47.117, 47.342, 47.324, 46.929, 46.868, 47.284, 47.428, 46.895, 46.995, 47.066, 46.651, 46.45, 46.439, 46.404, 46.434, 46.414, 46.133, 45.75, 45.687, 45.379, 45.308, 45.405, 45.403, 45.944, 46.392, 46.267, 46.651, 46.736, 46.758, 47.196, 46.767, 46.644, 46.539, 46.189, 46.131, 46.042, 46.11, 46.38, 46.579, 46.383, 45.876, 46.215, 47.576, 48.369, 49.013, 48.635, 47.744, 47.567, 47.219, 46.638, 46.684, 46.274, 45.335, 45.124, 45.824, 45.843, 45.679, 45.589, 45.607, 46.214, 46.605, 46.269, 46.323, 47.208, 47.172, 46.93, 46.644, 46.152, 46.421, 46.388, 43.03], [42.797, 41.875, 41.591, 43.016, 43.1, 42.642, 42.749, 42.477, 42.155, 41.713, 40.687, 39.642, 37.174, 33.338, 31.016, 30.474, 27.951, 24.249, 24.208, 23.697, 20.345, 16.82, 15.579, 13.644, 9.881, 6.498, 0.0, 9.953, 15.508, 16.854, 20.1, 22.975, 23.788, 26.741, 32.911, 36.743, 37.921, 39.356, 41.282, 43.392, 43.996, 44.363, 45.909, 46.706, 46.888, 47.091, 47.115, 47.098, 46.815, 46.721, 46.485, 46.237, 46.139, 46.318, 46.397, 46.597, 46.606, 46.817, 46.805, 46.4, 46.333, 46.766, 46.929, 46.383, 46.487, 46.54, 46.084, 45.882, 45.864, 45.812, 45.84, 45.82, 45.547, 45.164, 45.118, 44.814, 44.747, 44.85, 44.863, 45.465, 45.929, 45.784, 46.174, 46.276, 46.294, 46.736, 46.311, 46.16, 46.031, 45.691, 45.659, 45.579, 45.657, 45.946, 46.149, 45.932, 45.366, 45.675, 47.069, 47.892, 48.577, 48.193, 47.295, 47.151, 46.78, 46.162, 46.224, 45.819, 44.836, 44.614, 45.36, 45.336, 45.143, 45.05, 45.093, 45.743, 46.129, 45.779, 45.844, 46.741, 46.721, 46.49, 46.191, 45.693, 46.009, 45.964, 42.618], [43.148, 42.284, 42.007, 43.303, 43.349, 43.02, 43.349, 43.213, 42.886, 42.393, 41.368, 40.485, 38.168, 34.413, 32.342, 31.891, 29.474, 26.3, 26.597, 26.433, 23.558, 20.51, 19.802, 18.633, 16.315, 14.628, 9.953, 0.0, 7.529, 10.01, 14.775, 19.114, 20.457, 24.057, 30.977, 35.12, 36.364, 38.066, 40.396, 42.884, 43.635, 44.103, 45.69, 46.519, 46.859, 47.229, 47.304, 47.308, 47.063, 46.945, 46.711, 46.463, 46.352, 46.556, 46.649, 46.824, 46.779, 46.962, 46.965, 46.562, 46.515, 46.96, 47.105, 46.599, 46.747, 46.783, 46.363, 46.219, 46.161, 46.101, 46.106, 46.079, 45.816, 45.46, 45.457, 45.162, 45.086, 45.183, 45.212, 45.837, 46.274, 46.103, 46.477, 46.583, 46.553, 46.917, 46.534, 46.41, 46.287, 45.964, 45.936, 45.823, 45.94, 46.25, 46.441, 46.22, 45.609, 45.734, 46.946, 47.723, 48.406, 47.993, 46.955, 46.633, 46.197, 45.643, 45.759, 45.366, 44.324, 44.07, 44.836, 44.846, 44.688, 44.594, 44.779, 45.581, 45.934, 45.689, 46.066, 47.077, 47.111, 46.944, 46.648, 46.152, 46.409, 46.351, 43.014], [43.778, 42.936, 42.648, 43.863, 43.874, 43.611, 44.044, 44.037, 43.734, 43.166, 42.219, 41.499, 39.302, 35.729, 33.769, 33.193, 30.846, 28.026, 28.504, 28.492, 25.874, 23.189, 22.782, 22.018, 20.179, 18.85, 15.508, 7.529, 0.0, 5.565, 13.08, 18.052, 19.569, 23.467, 30.456, 34.528, 35.739, 37.584, 40.15, 42.847, 43.673, 44.201, 45.786, 46.651, 47.086, 47.533, 47.607, 47.636, 47.433, 47.274, 47.018, 46.763, 46.65, 46.859, 46.95, 47.121, 47.075, 47.248, 47.252, 46.855, 46.823, 47.237, 47.353, 46.889, 47.026, 47.047, 46.688, 46.58, 46.477, 46.42, 46.395, 46.367, 46.119, 45.775, 45.787, 45.508, 45.432, 45.549, 45.585, 46.191, 46.621, 46.45, 46.776, 46.881, 46.845, 47.153, 46.808, 46.715, 46.607, 46.309, 46.273, 46.135, 46.287, 46.595, 46.768, 46.553, 45.902, 45.904, 47.035, 47.76, 48.417, 47.993, 46.863, 46.406, 45.953, 45.489, 45.649, 45.265, 44.216, 43.954, 44.72, 44.778, 44.636, 44.51, 44.776, 45.682, 46.01, 45.818, 46.362, 47.423, 47.423, 47.322, 47.058, 46.579, 46.838, 46.779, 43.609], [43.359, 42.544, 42.293, 43.509, 43.508, 43.266, 43.727, 43.732, 43.535, 42.984, 41.97, 41.288, 39.238, 35.795, 33.935, 33.485, 31.266, 28.488, 28.909, 28.895, 26.394, 23.943, 23.657, 22.928, 21.179, 19.982, 16.854, 10.01, 5.565, 0.0, 9.465, 15.685, 17.409, 21.653, 29.294, 33.591, 34.829, 36.771, 39.481, 42.301, 43.183, 43.733, 45.316, 46.211, 46.74, 47.219, 47.251, 47.272, 47.103, 46.971, 46.745, 46.504, 46.386, 46.6, 46.687, 46.857, 46.803, 46.955, 46.954, 46.558, 46.541, 46.991, 47.112, 46.651, 46.808, 46.832, 46.447, 46.314, 46.217, 46.191, 46.183, 46.142, 45.896, 45.553, 45.575, 45.31, 45.245, 45.368, 45.405, 46.008, 46.436, 46.258, 46.553, 46.647, 46.614, 46.921, 46.586, 46.502, 46.392, 46.08, 46.055, 45.94, 46.087, 46.385, 46.563, 46.336, 45.663, 45.665, 46.792, 47.499, 48.144, 47.694, 46.529, 46.049, 45.597, 45.169, 45.344, 44.96, 43.89, 43.623, 44.439, 44.484, 44.316, 44.179, 44.458, 45.39, 45.722, 45.549, 46.132, 47.233, 47.248, 47.14, 46.896, 46.413, 46.634, 46.563, 43.188], [42.314, 41.584, 41.274, 42.3, 42.302, 42.072, 42.515, 42.536, 42.385, 41.93, 41.067, 40.481, 38.579, 35.641, 34.174, 33.94, 32.33, 30.042, 30.324, 30.183, 27.846, 25.911, 25.839, 25.191, 23.93, 23.009, 20.1, 14.775, 13.08, 9.465, 0.0, 8.674, 12.694, 18.14, 26.622, 31.393, 32.733, 34.565, 37.27, 40.332, 41.338, 41.947, 43.653, 44.624, 45.215, 45.809, 45.814, 45.779, 45.652, 45.538, 45.345, 45.158, 45.073, 45.357, 45.441, 45.614, 45.555, 45.654, 45.643, 45.25, 45.244, 45.753, 45.881, 45.401, 45.619, 45.626, 45.116, 44.918, 44.843, 44.868, 44.949, 44.879, 44.627, 44.34, 44.434, 44.195, 44.15, 44.294, 44.328, 44.988, 45.449, 45.244, 45.495, 45.588, 45.562, 45.897, 45.563, 45.394, 45.227, 44.871, 44.844, 44.768, 44.904, 45.238, 45.494, 45.227, 44.511, 44.692, 45.986, 46.753, 47.442, 46.993, 45.925, 45.619, 45.164, 44.663, 44.83, 44.409, 43.289, 43.018, 43.85, 43.729, 43.449, 43.295, 43.513, 44.446, 44.766, 44.533, 45.067, 46.195, 46.229, 46.117, 45.868, 45.329, 45.571, 45.464, 42.283], [41.02, 40.367, 39.934, 40.697, 40.68, 40.452, 40.881, 40.946, 40.706, 40.335, 39.861, 39.46, 37.553, 35.084, 33.989, 33.797, 32.679, 30.798, 31.058, 30.732, 28.442, 27.105, 27.337, 26.825, 26.084, 25.476, 22.975, 19.114, 18.052, 15.685, 8.674, 0.0, 7.755, 15.362, 24.127, 29.163, 30.61, 32.263, 34.877, 38.11, 39.159, 39.813, 41.687, 42.804, 43.444, 43.99, 43.92, 43.84, 43.722, 43.599, 43.4, 43.244, 43.269, 43.72, 43.855, 44.047, 44.007, 44.104, 44.088, 43.689, 43.633, 44.116, 44.27, 43.729, 43.893, 43.838, 43.212, 42.964, 42.893, 42.946, 43.125, 42.991, 42.724, 42.49, 42.658, 42.473, 42.458, 42.635, 42.679, 43.398, 43.928, 43.655, 43.842, 43.954, 43.942, 44.339, 43.99, 43.731, 43.491, 43.111, 43.124, 43.082, 43.179, 43.514, 43.82, 43.535, 42.762, 43.232, 44.908, 45.819, 46.57, 46.212, 45.391, 45.467, 45.162, 44.527, 44.632, 44.169, 42.991, 42.644, 43.337, 42.998, 42.597, 42.448, 42.64, 43.582, 43.883, 43.497, 43.736, 44.707, 44.673, 44.558, 44.299, 43.792, 44.175, 44.044, 41.127], [40.21, 39.541, 39.098, 39.798, 39.729, 39.559, 40.034, 40.103, 39.841, 39.438, 38.989, 38.661, 36.793, 34.381, 33.294, 33.071, 32.07, 30.501, 31.075, 30.715, 28.412, 27.407, 27.739, 27.259, 26.609, 26.059, 23.788, 20.457, 19.569, 17.409, 12.694, 7.755, 0.0, 10.106, 21.242, 27.015, 28.686, 30.628, 33.3, 36.659, 37.79, 38.538, 40.562, 41.81, 42.589, 43.248, 43.234, 43.178, 43.048, 42.919, 42.725, 42.554, 42.632, 43.215, 43.436, 43.653, 43.656, 43.82, 43.792, 43.373, 43.308, 43.788, 43.992, 43.393, 43.441, 43.291, 42.597, 42.331, 42.217, 42.244, 42.45, 42.268, 41.986, 41.746, 41.895, 41.735, 41.726, 41.925, 41.994, 42.743, 43.294, 42.983, 43.18, 43.296, 43.302, 43.773, 43.378, 43.139, 42.965, 42.583, 42.64, 42.609, 42.618, 42.887, 43.186, 42.895, 42.069, 42.521, 44.248, 45.19, 45.965, 45.648, 44.908, 45.132, 44.954, 44.338, 44.379, 43.866, 42.657, 42.213, 42.781, 42.338, 41.886, 41.821, 42.121, 43.139, 43.481, 43.106, 43.214, 44.067, 43.988, 43.789, 43.544, 43.096, 43.559, 43.433, 40.286], [39.365, 38.656, 37.982, 38.422, 38.328, 38.116, 38.489, 38.612, 38.293, 37.793, 37.349, 37.058, 35.39, 33.772, 33.076, 32.945, 32.48, 31.522, 32.177, 31.826, 29.565, 28.811, 29.297, 29.113, 29.005, 28.707, 26.741, 24.057, 23.467, 21.653, 18.14, 15.362, 10.106, 0.0, 13.876, 21.596, 23.943, 26.318, 29.438, 33.522, 34.878, 35.857, 38.375, 40.216, 41.246, 41.959, 41.944, 41.848, 41.708, 41.573, 41.357, 41.192, 41.368, 42.164, 42.521, 42.807, 42.849, 43.019, 42.938, 42.448, 42.363, 42.869, 43.119, 42.395, 42.243, 41.87, 41.004, 40.726, 40.597, 40.71, 41.053, 40.794, 40.461, 40.244, 40.446, 40.349, 40.33, 40.527, 40.637, 41.493, 42.135, 41.806, 42.015, 42.133, 42.139, 42.708, 42.233, 41.878, 41.679, 41.295, 41.422, 41.409, 41.351, 41.623, 41.991, 41.674, 40.715, 41.322, 43.358, 44.413, 45.241, 44.961, 44.262, 44.722, 44.729, 44.072, 43.99, 43.373, 42.091, 41.601, 42.129, 41.47, 40.841, 40.832, 41.167, 42.224, 42.595, 42.129, 41.995, 42.872, 42.707, 42.432, 42.206, 41.799, 42.47, 42.336, 39.475], [38.498, 37.922, 37.006, 36.859, 36.67, 36.444, 36.649, 36.846, 36.422, 35.806, 35.535, 35.369, 34.14, 34.209, 34.575, 34.561, 34.894, 35.019, 35.643, 35.345, 33.406, 32.967, 33.598, 33.814, 34.389, 34.411, 32.911, 30.977, 30.456, 29.294, 26.622, 24.127, 21.242, 13.876, 0.0, 10.968, 15.867, 19.307, 23.932, 29.614, 31.245, 32.588, 35.682, 38.135, 39.395, 40.124, 40.075, 39.955, 39.836, 39.667, 39.396, 39.322, 39.677, 40.682, 41.148, 41.499, 41.541, 41.635, 41.487, 40.933, 40.813, 41.26, 41.488, 40.638, 40.264, 39.637, 38.683, 38.512, 38.361, 38.566, 39.078, 38.695, 38.264, 38.084, 38.384, 38.357, 38.349, 38.502, 38.644, 39.574, 40.264, 39.91, 40.1, 40.203, 40.154, 40.755, 40.29, 39.835, 39.55, 39.204, 39.437, 39.441, 39.344, 39.63, 40.071, 39.756, 38.741, 39.702, 42.233, 43.451, 44.318, 44.115, 43.547, 44.345, 44.592, 43.85, 43.613, 42.919, 41.659, 41.127, 41.488, 40.563, 39.771, 39.765, 39.938, 40.882, 41.225, 40.615, 40.152, 41.112, 40.831, 40.543, 40.373, 40.099, 41.024, 40.886, 38.718], [38.804, 38.445, 37.492, 36.929, 36.643, 36.462, 36.66, 36.907, 36.403, 35.61, 35.424, 35.407, 34.403, 35.016, 35.823, 35.841, 36.616, 37.739, 38.762, 38.514, 36.8, 36.415, 36.91, 37.237, 37.998, 38.034, 36.743, 35.12, 34.528, 33.591, 31.393, 29.163, 27.015, 21.596, 10.968, 0.0, 8.996, 15.274, 21.34, 27.764, 29.55, 31.215, 34.773, 37.446, 38.686, 39.436, 39.39, 39.302, 39.212, 39.012, 38.725, 38.703, 39.137, 40.204, 40.676, 41.021, 41.034, 41.081, 40.893, 40.305, 40.167, 40.581, 40.806, 39.956, 39.543, 38.86, 37.958, 37.862, 37.62, 37.806, 38.356, 37.905, 37.469, 37.306, 37.61, 37.599, 37.618, 37.778, 37.906, 38.83, 39.491, 39.105, 39.267, 39.333, 39.283, 39.88, 39.497, 39.063, 38.797, 38.53, 38.753, 38.764, 38.699, 38.998, 39.431, 39.151, 38.225, 39.321, 41.977, 43.228, 44.106, 43.91, 43.459, 44.549, 44.933, 44.229, 43.953, 43.249, 42.064, 41.42, 41.557, 40.509, 39.703, 39.666, 39.676, 40.483, 40.768, 40.113, 39.514, 40.438, 40.066, 39.791, 39.68, 39.454, 40.461, 40.331, 38.994], [38.43, 38.124, 37.101, 36.403, 36.2, 36.043, 36.229, 36.533, 36.014, 35.176, 35.061, 35.151, 34.153, 34.862, 35.762, 35.823, 36.772, 38.323, 39.7, 39.506, 37.859, 37.501, 37.927, 38.274, 39.109, 39.174, 37.921, 36.364, 35.739, 34.829, 32.733, 30.61, 28.686, 23.943, 15.867, 8.996, 0.0, 9.148, 17.634, 24.841, 26.89, 28.896, 32.957, 36.033, 37.499, 38.387, 38.409, 38.369, 38.294, 38.022, 37.72, 37.715, 38.235, 39.469, 40.022, 40.396, 40.441, 40.574, 40.38, 39.751, 39.616, 40.045, 40.293, 39.449, 39.05, 38.33, 37.37, 37.247, 36.915, 37.13, 37.784, 37.304, 36.881, 36.685, 36.974, 36.988, 37.015, 37.182, 37.323, 38.261, 38.939, 38.532, 38.678, 38.754, 38.712, 39.344, 38.924, 38.455, 38.182, 37.916, 38.202, 38.228, 38.151, 38.476, 38.932, 38.675, 37.749, 38.924, 41.701, 43.032, 43.981, 43.75, 43.359, 44.711, 45.267, 44.532, 44.2, 43.486, 42.239, 41.468, 41.542, 40.36, 39.489, 39.436, 39.427, 40.215, 40.468, 39.741, 39.015, 39.925, 39.52, 39.266, 39.138, 38.901, 40.031, 39.897, 38.622], [37.908, 37.578, 36.271, 35.242, 35.107, 34.928, 34.972, 35.342, 34.806, 33.991, 34.058, 34.304, 33.291, 34.416, 35.636, 35.79, 37.281, 39.33, 40.727, 40.447, 38.823, 38.687, 39.138, 39.472, 40.411, 40.506, 39.356, 38.066, 37.584, 36.771, 34.565, 32.263, 30.628, 26.318, 19.307, 15.274, 9.148, 0.0, 11.312, 20.546, 23.049, 25.377, 30.188, 33.979, 35.919, 37.037, 37.115, 37.11, 36.984, 36.529, 36.2, 36.231, 36.864, 38.304, 38.958, 39.42, 39.528, 39.731, 39.491, 38.788, 38.642, 39.073, 39.375, 38.433, 37.929, 37.129, 35.968, 35.722, 35.344, 35.687, 36.525, 36.086, 35.716, 35.532, 35.849, 35.844, 35.822, 35.999, 36.133, 37.137, 37.919, 37.479, 37.592, 37.684, 37.699, 38.439, 37.865, 37.309, 37.089, 36.843, 37.157, 37.19, 37.046, 37.34, 37.905, 37.695, 36.722, 38.109, 41.152, 42.574, 43.566, 43.333, 43.142, 44.925, 45.76, 44.958, 44.593, 43.853, 42.481, 41.681, 41.793, 40.331, 39.222, 39.158, 39.091, 39.841, 40.119, 39.18, 38.003, 38.808, 38.324, 38.064, 37.964, 37.765, 39.137, 39.0, 38.183], [37.715, 37.432, 35.727, 34.131, 33.959, 33.714, 33.614, 34.114, 33.393, 32.529, 33.084, 33.633, 32.183, 33.556, 35.162, 35.316, 37.625, 40.869, 42.752, 42.245, 40.447, 40.529, 40.938, 41.224, 42.227, 42.284, 41.282, 40.396, 40.15, 39.481, 37.27, 34.877, 33.3, 29.438, 23.932, 21.34, 17.634, 11.312, 0.0, 12.154, 16.478, 19.319, 25.608, 30.906, 33.557, 34.938, 35.02, 35.01, 34.868, 34.281, 33.923, 34.012, 34.824, 36.589, 37.365, 37.907, 38.139, 38.442, 38.101, 37.265, 37.072, 37.49, 37.913, 36.802, 36.108, 35.208, 33.655, 33.144, 32.708, 33.231, 34.255, 33.892, 33.625, 33.425, 33.786, 33.79, 33.67, 33.962, 34.145, 35.275, 36.266, 35.789, 35.874, 35.956, 36.05, 36.942, 36.084, 35.38, 35.264, 35.026, 35.212, 35.227, 35.011, 35.267, 35.99, 35.831, 34.783, 36.605, 40.145, 41.708, 42.804, 42.638, 42.854, 45.371, 46.573, 45.657, 45.218, 44.443, 42.989, 42.131, 42.125, 40.177, 38.74, 38.711, 38.613, 39.379, 39.698, 38.425, 36.565, 37.151, 36.436, 36.247, 36.221, 35.922, 37.749, 37.672, 38.08], [37.986, 37.743, 35.885, 34.052, 33.894, 33.592, 33.429, 33.991, 33.155, 32.381, 33.323, 34.172, 32.562, 33.776, 35.499, 35.658, 38.288, 42.302, 44.633, 44.098, 42.232, 42.375, 42.715, 42.978, 44.078, 44.218, 43.392, 42.884, 42.847, 42.301, 40.332, 38.11, 36.659, 33.522, 29.614, 27.764, 24.841, 20.546, 12.154, 0.0, 7.812, 13.223, 21.146, 28.033, 31.522, 33.37, 33.549, 33.645, 33.504, 32.913, 32.654, 32.824, 33.807, 35.781, 36.616, 37.173, 37.481, 37.849, 37.454, 36.562, 36.389, 36.796, 37.265, 36.142, 35.415, 34.462, 32.736, 32.111, 31.69, 32.337, 33.407, 33.11, 32.918, 32.657, 32.957, 33.014, 32.912, 33.262, 33.504, 34.649, 35.666, 35.198, 35.272, 35.344, 35.461, 36.373, 35.39, 34.603, 34.497, 34.295, 34.355, 34.331, 34.119, 34.365, 35.109, 35.004, 33.97, 35.924, 39.583, 41.11, 42.243, 42.122, 42.584, 45.544, 47.055, 46.188, 45.679, 44.926, 43.53, 42.549, 42.291, 39.996, 38.422, 38.456, 38.39, 39.19, 39.501, 38.031, 35.886, 36.364, 35.652, 35.578, 35.608, 35.253, 37.298, 37.35, 38.388], [37.928, 37.712, 35.845, 33.99