[[0.0, 6.342, 11.308, 14.371, 15.55, 16.408, 18.386, 21.45, 25.07, 29.362, 34.194, 38.478, 40.983, 41.8, 41.803, 41.386, 40.718, 40.097, 39.853, 39.808, 39.962, 40.689, 41.878, 42.914, 43.456, 43.655, 43.786, 43.85, 43.718, 43.557, 43.526, 43.394, 42.658, 41.396, 40.399, 40.219, 40.579, 40.534, 39.626, 38.281, 37.269, 36.944, 36.913, 36.586, 35.78, 35.164, 35.011, 34.927, 34.682, 34.336, 34.14, 34.01, 33.77, 33.401, 33.186, 33.267, 33.703, 34.037, 34.269, 36.721, 40.785, 43.282, 43.899, 44.308, 45.708, 47.923, 49.805, 50.396, 49.872, 49.134, 48.692, 48.212, 47.377, 46.528, 46.188, 46.509, 46.978, 47.284, 47.766, 48.43, 48.802, 48.885, 49.14, 49.477, 49.493, 49.369, 49.457, 49.788, 50.318, 51.305, 52.309, 51.777, 49.316, 45.938, 43.682, 42.964, 42.366, 42.141, 41.454, 39.541, 37.085, 35.898, 36.129, 36.552, 37.113, 37.506, 37.686, 38.266, 39.411, 40.184, 40.452, 40.763, 41.159, 41.273, 40.744, 40.195, 40.237, 40.683, 40.953, 40.834, 40.831, 41.29, 41.796, 41.878, 41.277, 40.311, 39.579, 39.222, 39.093, 39.193, 39.419, 39.561, 39.653, 39.773, 39.817, 39.851, 40.129, 40.783, 41.723, 42.416, 42.228, 41.205, 39.666, 38.517, 38.887, 40.678, 43.127, 45.667, 47.222, 47.148, 45.99, 45.208, 46.305, 48.796, 51.065, 52.079, 51.716, 7.256], [6.342, 0.0, 5.528, 9.275, 11.014, 12.337, 14.788, 18.386, 22.595, 27.362, 32.474, 36.919, 39.531, 40.469, 40.608, 40.303, 39.737, 39.228, 39.1, 39.138, 39.293, 39.917, 40.957, 41.879, 42.36, 42.539, 42.677, 42.751, 42.618, 42.456, 42.428, 42.31, 41.653, 40.627, 39.999, 40.134, 40.67, 40.718, 39.871, 38.575, 37.613, 37.331, 37.326, 37.023, 36.262, 35.682, 35.534, 35.449, 35.214, 34.895, 34.701, 34.544, 34.291, 33.95, 33.78, 33.879, 34.311, 34.655, 34.868, 37.154, 41.014, 43.401, 43.994, 44.388, 45.74, 47.902, 49.759, 50.349, 49.842, 49.128, 48.709, 48.255, 47.448, 46.622, 46.295, 46.612, 47.076, 47.387, 47.871, 48.529, 48.897, 48.983, 49.24, 49.579, 49.603, 49.484, 49.567, 49.888, 50.404, 51.341, 52.283, 51.773, 49.409, 46.147, 43.928, 43.227, 42.684, 42.489, 41.856, 40.074, 37.785, 36.673, 36.82, 37.085, 37.531, 37.858, 37.999, 38.524, 39.601, 40.363, 40.674, 41.016, 41.39, 41.472, 41.008, 40.561, 40.623, 41.025, 41.238, 41.084, 41.058, 41.486, 41.964, 42.036, 41.466, 40.562, 39.883, 39.557, 39.439, 39.531, 39.738, 39.869, 39.954, 40.064, 40.103, 40.127, 40.377, 40.985, 41.873, 42.538, 42.365, 41.396, 39.94, 38.873, 39.244, 40.927, 43.247, 45.718, 47.272, 47.23, 46.142, 45.445, 46.567, 49.017, 51.234, 52.218, 51.876, 12.903], [11.308, 5.528, 0.0, 4.242, 6.862, 9.233, 12.523, 16.665, 21.28, 26.239, 31.361, 35.78, 38.396, 39.404, 39.66, 39.476, 39.035, 38.646, 38.618, 38.711, 38.852, 39.382, 40.294, 41.114, 41.538, 41.705, 41.857, 41.95, 41.828, 41.672, 41.655, 41.557, 40.967, 40.128, 39.789, 40.176, 40.857, 40.986, 40.214, 38.994, 38.102, 37.871, 37.896, 37.644, 36.983, 36.498, 36.385, 36.315, 36.113, 35.84, 35.658, 35.489, 35.246, 34.957, 34.841, 34.962, 35.374, 35.715, 35.946, 38.102, 41.743, 44.002, 44.563, 44.941, 46.239, 48.321, 50.111, 50.675, 50.189, 49.513, 49.12, 48.688, 47.912, 47.118, 46.806, 47.11, 47.556, 47.862, 48.332, 48.963, 49.314, 49.396, 49.644, 49.973, 49.999, 49.886, 49.965, 50.273, 50.767, 51.645, 52.518, 52.029, 49.774, 46.65, 44.488, 43.812, 43.325, 43.16, 42.588, 40.959, 38.86, 37.854, 37.953, 38.117, 38.481, 38.752, 38.859, 39.333, 40.338, 41.078, 41.409, 41.743, 42.065, 42.108, 41.706, 41.351, 41.431, 41.796, 41.969, 41.804, 41.765, 42.15, 42.583, 42.636, 42.096, 41.259, 40.637, 40.344, 40.24, 40.326, 40.515, 40.632, 40.698, 40.784, 40.805, 40.809, 41.022, 41.574, 42.394, 43.01, 42.849, 41.953, 40.632, 39.703, 40.069, 41.57, 43.677, 46.026, 47.549, 47.539, 46.535, 45.92, 47.014, 49.353, 51.466, 52.403, 52.081, 17.066], [14.371, 9.275, 4.242, 0.0, 3.449, 7.112, 11.435, 16.126, 20.953, 25.899, 30.901, 35.212, 37.781, 38.81, 39.136, 39.041, 38.7, 38.404, 38.44, 38.56, 38.686, 39.162, 40.002, 40.761, 41.152, 41.308, 41.468, 41.574, 41.461, 41.313, 41.306, 41.224, 40.673, 39.923, 39.718, 40.234, 41.003, 41.191, 40.474, 39.31, 38.468, 38.269, 38.314, 38.093, 37.509, 37.12, 37.045, 36.984, 36.808, 36.58, 36.423, 36.256, 36.027, 35.78, 35.707, 35.851, 36.256, 36.591, 36.828, 38.878, 42.361, 44.527, 45.061, 45.427, 46.686, 48.7, 50.431, 50.978, 50.519, 49.883, 49.512, 49.094, 48.339, 47.571, 47.272, 47.564, 47.991, 48.287, 48.743, 49.35, 49.687, 49.763, 50.002, 50.32, 50.345, 50.24, 50.32, 50.623, 51.103, 51.944, 52.775, 52.299, 50.124, 47.116, 45.03, 44.39, 43.945, 43.801, 43.279, 41.759, 39.783, 38.847, 38.928, 39.057, 39.382, 39.615, 39.703, 40.154, 41.115, 41.837, 42.178, 42.495, 42.774, 42.79, 42.424, 42.118, 42.202, 42.544, 42.699, 42.538, 42.494, 42.844, 43.239, 43.276, 42.759, 41.967, 41.382, 41.108, 41.017, 41.108, 41.292, 41.395, 41.432, 41.48, 41.474, 41.459, 41.641, 42.148, 42.909, 43.478, 43.321, 42.483, 41.269, 40.449, 40.804, 42.152, 44.094, 46.353, 47.848, 47.857, 46.914, 46.35, 47.403, 49.639, 51.666, 52.567, 52.261, 19.566], [15.55, 11.014, 6.862, 3.449, 0.0, 4.392, 9.625, 15.049, 20.319, 25.482, 30.566, 34.882, 37.435, 38.463, 38.814, 38.763, 38.468, 38.21, 38.274, 38.412, 38.552, 39.032, 39.864, 40.613, 40.995, 41.142, 41.294, 41.393, 41.271, 41.116, 41.106, 41.026, 40.483, 39.745, 39.559, 40.108, 40.92, 41.14, 40.444, 39.295, 38.466, 38.275, 38.318, 38.093, 37.521, 37.168, 37.119, 37.062, 36.887, 36.671, 36.53, 36.373, 36.151, 35.908, 35.844, 36.002, 36.419, 36.763, 36.987, 38.984, 42.426, 44.574, 45.103, 45.466, 46.716, 48.72, 50.447, 50.998, 50.553, 49.934, 49.572, 49.159, 48.411, 47.649, 47.351, 47.64, 48.062, 48.357, 48.811, 49.415, 49.75, 49.826, 50.064, 50.381, 50.407, 50.305, 50.39, 50.698, 51.18, 52.016, 52.84, 52.366, 50.211, 47.24, 45.185, 44.56, 44.126, 43.988, 43.477, 41.963, 39.975, 39.029, 39.107, 39.238, 39.556, 39.769, 39.842, 40.293, 41.243, 41.956, 42.306, 42.627, 42.899, 42.911, 42.552, 42.258, 42.348, 42.687, 42.836, 42.676, 42.634, 42.982, 43.371, 43.405, 42.892, 42.108, 41.531, 41.265, 41.181, 41.281, 41.471, 41.572, 41.594, 41.622, 41.601, 41.58, 41.761, 42.265, 43.015, 43.573, 43.409, 42.578, 41.381, 40.579, 40.934, 42.26, 44.178, 46.412, 47.893, 47.903, 46.967, 46.402, 47.431, 49.638, 51.646, 52.543, 52.243, 20.469], [16.408, 12.337, 9.233, 7.112, 4.392, 0.0, 5.815, 12.157, 18.373, 24.282, 29.832, 34.361, 36.973, 38.018, 38.396, 38.381, 38.104, 37.844, 37.914, 38.088, 38.288, 38.821, 39.681, 40.443, 40.832, 40.982, 41.125, 41.202, 41.052, 40.872, 40.848, 40.763, 40.224, 39.499, 39.333, 39.905, 40.734, 40.96, 40.257, 39.104, 38.278, 38.087, 38.118, 37.867, 37.259, 36.886, 36.848, 36.809, 36.618, 36.369, 36.217, 36.074, 35.861, 35.607, 35.535, 35.703, 36.147, 36.526, 36.752, 38.746, 42.222, 44.406, 44.95, 45.315, 46.574, 48.606, 50.363, 50.919, 50.456, 49.818, 49.449, 49.032, 48.279, 47.508, 47.204, 47.493, 47.92, 48.221, 48.682, 49.293, 49.633, 49.712, 49.959, 50.283, 50.31, 50.204, 50.291, 50.605, 51.093, 51.939, 52.772, 52.295, 50.119, 47.115, 45.026, 44.372, 43.922, 43.78, 43.243, 41.651, 39.559, 38.549, 38.621, 38.749, 39.069, 39.279, 39.343, 39.793, 40.74, 41.443, 41.794, 42.13, 42.416, 42.436, 42.073, 41.789, 41.9, 42.251, 42.393, 42.223, 42.193, 42.567, 42.975, 43.013, 42.494, 41.705, 41.13, 40.868, 40.785, 40.886, 41.084, 41.201, 41.244, 41.289, 41.274, 41.262, 41.467, 42.009, 42.801, 43.378, 43.198, 42.329, 41.086, 40.251, 40.626, 42.026, 44.001, 46.224, 47.687, 47.684, 46.723, 46.118, 47.143, 49.381, 51.42, 52.334, 52.031, 21.088], [18.386, 14.788, 12.523, 11.435, 9.625, 5.815, 0.0, 7.12, 14.712, 21.989, 28.478, 33.472, 36.233, 37.331, 37.777, 37.835, 37.585, 37.309, 37.385, 37.618, 37.917, 38.528, 39.42, 40.198, 40.609, 40.782, 40.932, 40.992, 40.806, 40.594, 40.551, 40.461, 39.947, 39.299, 39.24, 39.885, 40.729, 40.933, 40.205, 39.053, 38.245, 38.07, 38.111, 37.858, 37.214, 36.779, 36.727, 36.726, 36.527, 36.216, 36.018, 35.887, 35.712, 35.478, 35.414, 35.6, 36.077, 36.507, 36.766, 38.805, 42.351, 44.594, 45.165, 45.53, 46.801, 48.873, 50.657, 51.204, 50.7, 50.024, 49.633, 49.206, 48.44, 47.659, 47.346, 47.635, 48.066, 48.372, 48.843, 49.464, 49.806, 49.887, 50.141, 50.476, 50.506, 50.396, 50.48, 50.798, 51.292, 52.142, 52.977, 52.494, 50.289, 47.215, 45.015, 44.272, 43.784, 43.636, 43.047, 41.326, 39.079, 37.952, 37.985, 38.08, 38.39, 38.6, 38.656, 39.085, 40.006, 40.69, 41.034, 41.383, 41.688, 41.715, 41.36, 41.12, 41.288, 41.671, 41.804, 41.606, 41.585, 41.991, 42.422, 42.468, 41.953, 41.18, 40.626, 40.372, 40.283, 40.373, 40.583, 40.751, 40.874, 40.987, 41.008, 41.023, 41.276, 41.883, 42.741, 43.353, 43.153, 42.23, 40.919, 40.034, 40.427, 41.917, 43.961, 46.16, 47.592, 47.566, 46.571, 45.917, 46.942, 49.222, 51.297, 52.228, 51.916, 22.621], [21.45, 18.386, 16.665, 16.126, 15.049, 12.157, 7.12, 0.0, 8.818, 17.909, 25.883, 31.704, 34.78, 35.998, 36.567, 36.761, 36.59, 36.324, 36.414, 36.714, 37.121, 37.828, 38.772, 39.585, 40.038, 40.262, 40.454, 40.529, 40.335, 40.107, 40.053, 39.965, 39.507, 39.004, 39.131, 39.895, 40.765, 40.946, 40.198, 39.07, 38.316, 38.197, 38.318, 38.153, 37.549, 37.072, 36.986, 37.021, 36.832, 36.462, 36.209, 36.106, 36.018, 35.857, 35.82, 36.006, 36.478, 36.925, 37.233, 39.383, 43.015, 45.309, 45.897, 46.259, 47.547, 49.647, 51.433, 51.961, 51.432, 50.735, 50.331, 49.892, 49.117, 48.329, 48.01, 48.293, 48.719, 49.027, 49.508, 50.139, 50.478, 50.546, 50.793, 51.132, 51.171, 51.067, 51.149, 51.463, 51.957, 52.805, 53.625, 53.127, 50.895, 47.744, 45.412, 44.553, 44.025, 43.873, 43.224, 41.378, 38.992, 37.719, 37.667, 37.723, 38.019, 38.226, 38.273, 38.661, 39.534, 40.204, 40.537, 40.889, 41.202, 41.23, 40.895, 40.731, 40.99, 41.427, 41.555, 41.321, 41.29, 41.708, 42.149, 42.202, 41.711, 40.981, 40.457, 40.209, 40.112, 40.192, 40.42, 40.657, 40.883, 41.078, 41.146, 41.201, 41.499, 42.151, 43.044, 43.675, 43.462, 42.502, 41.143, 40.216, 40.596, 42.119, 44.192, 46.352, 47.734, 47.672, 46.643, 45.948, 46.959, 49.249, 51.328, 52.26, 51.94, 25.071], [25.07, 22.595, 21.28, 20.953, 20.319, 18.373, 14.712, 8.818, 0.0, 10.592, 20.454, 27.61, 31.365, 32.895, 33.695, 34.158, 34.223, 34.065, 34.167, 34.496, 35.006, 35.851, 36.909, 37.806, 38.337, 38.65, 38.94, 39.105, 38.979, 38.795, 38.764, 38.698, 38.326, 38.026, 38.406, 39.355, 40.312, 40.529, 39.836, 38.816, 38.195, 38.218, 38.537, 38.617, 38.236, 37.852, 37.746, 37.787, 37.621, 37.239, 36.967, 36.909, 36.945, 36.902, 36.896, 37.041, 37.448, 37.855, 38.203, 40.432, 44.069, 46.343, 46.922, 47.278, 48.565, 50.646, 52.382, 52.879, 52.363, 51.699, 51.313, 50.876, 50.104, 49.319, 48.996, 49.254, 49.651, 49.949, 50.43, 51.054, 51.371, 51.404, 51.618, 51.946, 52.002, 51.916, 51.988, 52.273, 52.742, 53.574, 54.377, 53.873, 51.648, 48.472, 46.064, 45.137, 44.6, 44.448, 43.766, 41.91, 39.588, 38.299, 38.186, 38.251, 38.556, 38.782, 38.84, 39.178, 39.994, 40.659, 40.97, 41.279, 41.554, 41.564, 41.251, 41.138, 41.441, 41.903, 42.04, 41.81, 41.772, 42.163, 42.579, 42.628, 42.173, 41.498, 40.997, 40.753, 40.667, 40.756, 40.987, 41.228, 41.455, 41.645, 41.722, 41.798, 42.098, 42.712, 43.546, 44.137, 43.926, 42.998, 41.686, 40.786, 41.12, 42.528, 44.48, 46.525, 47.819, 47.718, 46.698, 46.009, 46.965, 49.168, 51.166, 52.06, 51.737, 28.061], [29.362, 27.362, 26.239, 25.899, 25.482, 24.282, 21.989, 17.909, 10.592, 0.0, 11.226, 19.964, 24.889, 27.167, 28.48, 29.468, 30.032, 30.15, 30.296, 30.627, 31.254, 32.299, 33.539, 34.564, 35.204, 35.648, 36.107, 36.455, 36.499, 36.443, 36.494, 36.487, 36.233, 36.191, 36.911, 38.138, 39.25, 39.582, 39.074, 38.329, 38.003, 38.29, 38.945, 39.475, 39.613, 39.542, 39.463, 39.49, 39.378, 39.055, 38.795, 38.755, 38.893, 38.992, 39.049, 39.173, 39.514, 39.876, 40.266, 42.407, 45.825, 47.959, 48.501, 48.837, 50.06, 52.02, 53.625, 54.062, 53.593, 53.023, 52.696, 52.285, 51.539, 50.782, 50.455, 50.655, 50.986, 51.251, 51.694, 52.252, 52.505, 52.492, 52.661, 52.964, 53.037, 52.968, 53.013, 53.238, 53.647, 54.422, 55.188, 54.725, 52.645, 49.624, 47.174, 46.18, 45.682, 45.544, 44.897, 43.252, 41.32, 40.269, 40.146, 40.227, 40.564, 40.854, 40.953, 41.227, 41.96, 42.595, 42.847, 43.046, 43.214, 43.187, 42.926, 42.829, 43.062, 43.456, 43.595, 43.42, 43.39, 43.704, 44.043, 44.074, 43.675, 43.08, 42.622, 42.41, 42.375, 42.5, 42.712, 42.88, 43.0, 43.095, 43.137, 43.202, 43.454, 43.962, 44.651, 45.143, 44.957, 44.167, 43.051, 42.291, 42.533, 43.622, 45.238, 47.067, 48.25, 48.164, 47.269, 46.657, 47.438, 49.311, 51.017, 51.774, 51.445, 31.814], [34.194, 32.474, 31.361, 30.901, 30.566, 29.832, 28.478, 25.883, 20.454, 11.226, 0.0, 9.875, 16.275, 19.884, 22.209, 24.026, 25.303, 25.873, 26.187, 26.57, 27.305, 28.539, 29.97, 31.131, 31.882, 32.467, 33.126, 33.706, 33.974, 34.1, 34.275, 34.358, 34.246, 34.492, 35.59, 37.098, 38.332, 38.774, 38.534, 38.217, 38.33, 38.945, 39.947, 40.993, 41.806, 42.195, 42.211, 42.234, 42.192, 41.956, 41.714, 41.652, 41.843, 42.08, 42.239, 42.395, 42.682, 42.978, 43.379, 45.334, 48.4, 50.314, 50.8, 51.109, 52.233, 54.008, 55.422, 55.78, 55.376, 54.926, 54.675, 54.311, 53.622, 52.917, 52.588, 52.707, 52.95, 53.167, 53.542, 53.99, 54.163, 54.111, 54.239, 54.51, 54.596, 54.543, 54.558, 54.717, 55.054, 55.732, 56.416, 56.022, 54.205, 51.505, 49.082, 48.034, 47.602, 47.486, 46.922, 45.596, 44.151, 43.423, 43.304, 43.365, 43.742, 44.111, 44.248, 44.446, 45.072, 45.632, 45.808, 45.894, 45.944, 45.874, 45.694, 45.627, 45.752, 46.021, 46.121, 45.986, 45.936, 46.132, 46.367, 46.375, 46.055, 45.579, 45.211, 45.07, 45.098, 45.257, 45.442, 45.532, 45.543, 45.548, 45.564, 45.62, 45.817, 46.219, 46.762, 47.141, 46.988, 46.387, 45.549, 44.972, 45.079, 45.761, 46.999, 48.655, 49.801, 49.82, 49.14, 48.631, 49.122, 50.467, 51.729, 52.295, 51.961, 36.254], [38.478, 36.919, 35.78, 35.212, 34.882, 34.361, 33.472, 31.704, 27.61, 19.964, 9.875, 0.0, 7.531, 12.784, 16.565, 19.386, 21.404, 22.545, 23.247, 23.857, 24.714, 26.055, 27.601, 28.841, 29.646, 30.305, 31.074, 31.791, 32.208, 32.464, 32.728, 32.871, 32.862, 33.335, 34.723, 36.412, 37.682, 38.189, 38.231, 38.385, 38.955, 39.842, 41.035, 42.449, 43.876, 44.777, 44.972, 45.004, 45.004, 44.84, 44.616, 44.529, 44.742, 45.058, 45.28, 45.466, 45.729, 45.973, 46.328, 48.073, 50.8, 52.494, 52.923, 53.215, 54.265, 55.881, 57.128, 57.427, 57.084, 56.726, 56.529, 56.215, 55.6, 54.959, 54.636, 54.692, 54.864, 55.038, 55.355, 55.728, 55.853, 55.777, 55.868, 56.108, 56.203, 56.167, 56.163, 56.272, 56.554, 57.146, 57.746, 57.413, 55.849, 53.484, 51.176, 50.137, 49.77, 49.671, 49.168, 48.063, 46.946, 46.448, 46.332, 46.363, 46.77, 47.19, 47.339, 47.47, 48.004, 48.49, 48.613, 48.63, 48.595, 48.486, 48.375, 48.34, 48.374, 48.529, 48.588, 48.479, 48.397, 48.485, 48.634, 48.633, 48.39, 48.021, 47.735, 47.658, 47.73, 47.9, 48.053, 48.08, 48.011, 47.954, 47.956, 48.003, 48.155, 48.487, 48.938, 49.241, 49.112, 48.672, 48.069, 47.641, 47.62, 47.955, 48.898, 50.472, 51.651, 51.811, 51.338, 50.899, 51.093, 51.944, 52.832, 53.262, 52.93, 40.261], [40.983, 39.531, 38.396, 37.781, 37.435, 36.973, 36.233, 34.78, 31.365, 24.889, 16.275, 7.531, 0.0, 6.364, 11.513, 15.356, 18.105, 19.818, 20.964, 21.903, 22.976, 24.465, 26.12, 27.413, 28.224, 28.873, 29.645, 30.391, 30.864, 31.179, 31.477, 31.622, 31.627, 32.2, 33.755, 35.56, 36.862, 37.436, 37.707, 38.212, 39.104, 40.157, 41.403, 42.966, 44.762, 46.054, 46.443, 46.515, 46.54, 46.414, 46.203, 46.115, 46.341, 46.661, 46.87, 47.048, 47.323, 47.57, 47.897, 49.5, 52.026, 53.596, 53.991, 54.275, 55.285, 56.806, 57.952, 58.225, 57.917, 57.6, 57.418, 57.126, 56.558, 55.961, 55.649, 55.677, 55.81, 55.958, 56.254, 56.607, 56.723, 56.639, 56.703, 56.917, 57.009, 56.983, 56.973, 57.061, 57.319, 57.865, 58.407, 58.105, 56.686, 54.543, 52.384, 51.405, 51.085, 50.992, 50.504, 49.471, 48.477, 48.081, 47.969, 47.984, 48.391, 48.812, 48.95, 49.055, 49.562, 50.041, 50.163, 50.154, 50.072, 49.937, 49.855, 49.828, 49.804, 49.894, 49.943, 49.865, 49.77, 49.798, 49.906, 49.907, 49.699, 49.36, 49.09, 49.029, 49.109, 49.268, 49.386, 49.361, 49.23, 49.127, 49.11, 49.139, 49.254, 49.545, 49.958, 50.235, 50.123, 49.768, 49.294, 48.955, 48.862, 48.988, 49.757, 51.301, 52.515, 52.767, 52.409, 51.98, 51.972, 52.539, 53.251, 53.635, 53.305, 42.561], [41.8, 40.469, 39.404, 38.81, 38.463, 38.018, 37.331, 35.998, 32.895, 27.167, 19.884, 12.784, 6.364, 0.0, 5.949, 10.87, 14.574, 16.88, 18.337, 19.482, 20.792, 22.56, 24.453, 25.88, 26.719, 27.337, 28.08, 28.833, 29.349, 29.718, 30.054, 30.201, 30.19, 30.794, 32.455, 34.389, 35.781, 36.437, 36.85, 37.539, 38.605, 39.768, 41.045, 42.64, 44.557, 46.044, 46.573, 46.702, 46.751, 46.637, 46.432, 46.352, 46.57, 46.851, 47.014, 47.172, 47.482, 47.776, 48.137, 49.739, 52.249, 53.808, 54.198, 54.479, 55.479, 56.966, 58.074, 58.344, 58.043, 57.72, 57.52, 57.216, 56.651, 56.062, 55.751, 55.772, 55.896, 56.04, 56.339, 56.7, 56.824, 56.741, 56.799, 57.0, 57.084, 57.057, 57.051, 57.145, 57.41, 57.957, 58.49, 58.188, 56.794, 54.709, 52.632, 51.71, 51.405, 51.309, 50.81, 49.747, 48.719, 48.308, 48.195, 48.218, 48.628, 49.036, 49.159, 49.271, 49.805, 50.315, 50.452, 50.439, 50.345, 50.204, 50.114, 50.076, 50.04, 50.125, 50.192, 50.136, 50.031, 50.035, 50.135, 50.142, 49.928, 49.555, 49.246, 49.165, 49.232, 49.373, 49.465, 49.408, 49.239, 49.108, 49.076, 49.096, 49.202, 49.492, 49.915, 50.207, 50.102, 49.76, 49.309, 48.981, 48.86, 48.937, 49.692, 51.277, 52.517, 52.796, 52.446, 51.976, 51.876, 52.375, 53.084, 53.489, 53.157, 43.199], [41.803, 40.608, 39.66, 39.136, 38.814, 38.396, 37.777, 36.567, 33.695, 28.48, 22.209, 16.565, 11.513, 5.949, 0.0, 5.762, 10.566, 13.672, 15.574, 16.882, 18.313, 20.326, 22.498, 24.114, 25.009, 25.594, 26.306, 27.086, 27.674, 28.122, 28.518, 28.687, 28.653, 29.225, 30.914, 32.957, 34.467, 35.207, 35.698, 36.484, 37.67, 38.943, 40.285, 41.907, 43.861, 45.44, 46.053, 46.224, 46.292, 46.194, 46.009, 45.937, 46.13, 46.358, 46.483, 46.648, 47.009, 47.351, 47.764, 49.434, 52.003, 53.596, 53.994, 54.276, 55.277, 56.764, 57.874, 58.148, 57.836, 57.486, 57.257, 56.928, 56.347, 55.748, 55.43, 55.448, 55.576, 55.727, 56.038, 56.41, 56.542, 56.465, 56.529, 56.732, 56.81, 56.777, 56.773, 56.878, 57.16, 57.735, 58.293, 57.982, 56.554, 54.439, 52.386, 51.498, 51.19, 51.085, 50.57, 49.46, 48.367, 47.91, 47.793, 47.834, 48.251, 48.654, 48.768, 48.897, 49.47, 50.005, 50.145, 50.127, 50.035, 49.901, 49.794, 49.732, 49.697, 49.798, 49.887, 49.842, 49.732, 49.731, 49.836, 49.85, 49.623, 49.21, 48.86, 48.754, 48.805, 48.928, 49.002, 48.924, 48.734, 48.59, 48.553, 48.576, 48.695, 49.01, 49.467, 49.788, 49.69, 49.332, 48.861, 48.513, 48.384, 48.49, 49.288, 50.924, 52.176, 52.448, 52.066, 51.549, 51.429, 51.965, 52.746, 53.198, 52.864, 43.064], [41.386, 40.303, 39.476, 39.041, 38.763, 38.381, 37.835, 36.761, 34.158, 29.468, 24.026, 19.386, 15.356, 10.87, 5.762, 0.0, 5.559, 9.723, 12.634, 14.501, 16.062, 18.146, 20.486, 22.264, 23.224, 23.783, 24.467, 25.288, 25.965, 26.503, 26.964, 27.157, 27.074, 27.534, 29.163, 31.285, 32.921, 33.732, 34.257, 35.102, 36.391, 37.765, 39.172, 40.834, 42.828, 44.473, 45.143, 45.34, 45.427, 45.367, 45.233, 45.192, 45.368, 45.545, 45.642, 45.829, 46.24, 46.611, 47.047, 48.806, 51.476, 53.122, 53.529, 53.815, 54.834, 56.35, 57.489, 57.772, 57.443, 57.063, 56.811, 56.466, 55.868, 55.252, 54.923, 54.944, 55.08, 55.242, 55.567, 55.957, 56.098, 56.028, 56.106, 56.322, 56.401, 56.362, 56.358, 56.469, 56.761, 57.365, 57.959, 57.642, 56.16, 53.965, 51.877, 50.993, 50.668, 50.554, 50.025, 48.871, 47.73, 47.253, 47.157, 47.223, 47.652, 48.057, 48.172, 48.322, 48.931, 49.48, 49.615, 49.598, 49.51, 49.383, 49.262, 49.167, 49.122, 49.234, 49.338, 49.295, 49.177, 49.181, 49.3, 49.328, 49.096, 48.655, 48.271, 48.144, 48.178, 48.288, 48.349, 48.257, 48.055, 47.905, 47.87, 47.901, 48.043, 48.397, 48.9, 49.256, 49.159, 48.773, 48.264, 47.886, 47.766, 47.925, 48.767, 50.448, 51.718, 51.981, 51.562, 51.018, 50.934, 51.563, 52.448, 52.957, 52.623, 42.564], [40.718, 39.737, 39.035, 38.7, 38.468, 38.104, 37.585, 36.59, 34.223, 30.032, 25.303, 21.404, 18.105, 14.574, 10.566, 5.559, 0.0, 5.068, 9.332, 12.253, 14.288, 16.491, 18.907, 20.774, 21.781, 22.327, 22.987, 23.839, 24.598, 25.221, 25.745, 25.966, 25.836, 26.175, 27.729, 29.916, 31.661, 32.504, 32.991, 33.822, 35.146, 36.559, 37.983, 39.639, 41.617, 43.267, 43.968, 44.19, 44.291, 44.273, 44.224, 44.259, 44.453, 44.591, 44.651, 44.845, 45.29, 45.674, 46.101, 47.953, 50.758, 52.481, 52.907, 53.2, 54.245, 55.809, 56.989, 57.28, 56.928, 56.521, 56.258, 55.911, 55.3, 54.664, 54.325, 54.355, 54.506, 54.677, 55.018, 55.431, 55.584, 55.518, 55.611, 55.846, 55.929, 55.886, 55.884, 56.005, 56.305, 56.933, 57.568, 57.255, 55.705, 53.373, 51.173, 50.249, 49.898, 49.776, 49.234, 48.042, 46.859, 46.383, 46.334, 46.437, 46.896, 47.312, 47.433, 47.612, 48.265, 48.829, 48.963, 48.951, 48.874, 48.757, 48.622, 48.493, 48.435, 48.556, 48.669, 48.615, 48.479, 48.49, 48.635, 48.682, 48.438, 47.951, 47.515, 47.356, 47.374, 47.477, 47.536, 47.443, 47.241, 47.095, 47.065, 47.103, 47.263, 47.658, 48.219, 48.619, 48.522, 48.088, 47.506, 47.071, 46.971, 47.223, 48.158, 49.914, 51.226, 51.483, 51.022, 50.46, 50.451, 51.206, 52.203, 52.765, 52.43, 41.827], [40.097, 39.228, 38.646, 38.404, 38.21, 37.844, 37.309, 36.324, 34.065, 30.15, 25.873, 22.545, 19.818, 16.88, 13.672, 9.723, 5.068, 0.0, 5.114, 9.215, 12.327, 15.21, 17.934, 19.916, 20.968, 21.52, 22.171, 23.043, 23.864, 24.565, 25.158, 25.424, 25.312, 25.645, 27.201, 29.433, 31.221, 32.03, 32.42, 33.166, 34.436, 35.814, 37.209, 38.806, 40.673, 42.239, 42.944, 43.2, 43.302, 43.292, 43.31, 43.439, 43.683, 43.807, 43.824, 43.991, 44.445, 44.835, 45.264, 47.208, 50.153, 51.964, 52.415, 52.714, 53.778, 55.382, 56.601, 56.898, 56.524, 56.094, 55.828, 55.482, 54.863, 54.213, 53.868, 53.915, 54.085, 54.265, 54.618, 55.045, 55.201, 55.133, 55.235, 55.485, 55.57, 55.522, 55.527, 55.663, 55.974, 56.617, 57.286, 56.981, 55.373, 52.891, 50.53, 49.527, 49.14, 49.009, 48.444, 47.201, 45.96, 45.477, 45.469, 45.611, 46.115, 46.555, 46.685, 46.89, 47.58, 48.161, 48.294, 48.286, 48.225, 48.12, 47.972, 47.812, 47.744, 47.881, 48.004, 47.932, 47.773, 47.788, 47.958, 48.021, 47.752, 47.205, 46.705, 46.505, 46.508, 46.614, 46.684, 46.599, 46.402, 46.266, 46.248, 46.296, 46.473, 46.904, 47.521, 47.968, 47.874, 47.389, 46.716, 46.208, 46.133, 46.501, 47.564, 49.41, 50.774, 51.033, 50.527, 49.948, 50.033, 50.924, 52.016, 52.612, 52.271, 41.116], [39.853, 39.1, 38.618, 38.44, 38.274, 37.914, 37.385, 36.414, 34.167, 30.296, 26.187, 23.247, 20.964, 18.337, 15.574, 12.634, 9.332, 5.114, 0.0, 5.044, 9.633, 13.753, 17.156, 19.4, 20.535, 21.124, 21.804, 22.707, 23.578, 24.343, 24.988, 25.302, 25.265, 25.687, 27.274, 29.483, 31.232, 31.982, 32.286, 32.946, 34.141, 35.47, 36.848, 38.404, 40.172, 41.659, 42.375, 42.682, 42.794, 42.764, 42.788, 42.968, 43.261, 43.403, 43.4, 43.537, 43.98, 44.372, 44.828, 46.853, 49.896, 51.771, 52.244, 52.544, 53.619, 55.252, 56.5, 56.809, 56.422, 55.973, 55.7, 55.357, 54.735, 54.08, 53.738, 53.801, 53.989, 54.173, 54.527, 54.954, 55.105, 55.034, 55.142, 55.398, 55.482, 55.43, 55.441, 55.59, 55.911, 56.566, 57.255, 56.961, 55.323, 52.743, 50.246, 49.15, 48.721, 48.58, 47.985, 46.685, 45.379, 44.878, 44.889, 45.062, 45.607, 46.076, 46.219, 46.434, 47.14, 47.734, 47.865, 47.856, 47.806, 47.71, 47.549, 47.366, 47.296, 47.452, 47.59, 47.509, 47.336, 47.35, 47.529, 47.59, 47.293, 46.702, 46.157, 45.926, 45.924, 46.042, 46.129, 46.048, 45.853, 45.732, 45.733, 45.798, 45.993, 46.447, 47.095, 47.57, 47.484, 46.974, 46.241, 45.673, 45.611, 46.068, 47.233, 49.137, 50.531, 50.79, 50.25, 49.654, 49.798, 50.779, 51.927, 52.536, 52.186, 40.77], [39.808, 39.138, 38.711, 38.56, 38.412, 38.088, 37.618, 36.714, 34.496, 30.627, 26.57, 23.857, 21.903, 19.482, 16.882, 14.501, 12.253, 9.215, 5.044, 0.0, 5.581, 10.927, 15.239, 17.957, 19.284, 19.953, 20.71, 21.705, 22.658, 23.479, 24.162, 24.523, 24.572, 25.082, 26.697, 28.888, 30.619, 31.349, 31.622, 32.252, 33.439, 34.791, 36.223, 37.831, 39.636, 41.159, 41.932, 42.306, 42.461, 42.428, 42.431, 42.611, 42.931, 43.113, 43.132, 43.264, 43.697, 44.098, 44.607, 46.702, 49.793, 51.693, 52.171, 52.476, 53.571, 55.242, 56.524, 56.848, 56.455, 55.991, 55.71, 55.365, 54.744, 54.09, 53.754, 53.827, 54.022, 54.207, 54.559, 54.989, 55.147, 55.084, 55.194, 55.447, 55.526, 55.474, 55.488, 55.648, 55.984, 56.659, 57.365, 57.073, 55.419, 52.795, 50.22, 49.049, 48.588, 48.438, 47.819, 46.469, 45.103, 44.561, 44.564, 44.755, 45.32, 45.801, 45.943, 46.145, 46.852, 47.456, 47.582, 47.571, 47.529, 47.442, 47.272, 47.087, 47.037, 47.221, 47.378, 47.3, 47.125, 47.134, 47.301, 47.342, 47.024, 46.424, 45.876, 45.639, 45.639, 45.771, 45.873, 45.803, 45.625, 45.534, 45.561, 45.643, 45.852, 46.317, 46.973, 47.455, 47.374, 46.862, 46.106, 45.505, 45.448, 45.962, 47.203, 49.143, 50.533, 50.775, 50.209, 49.585, 49.729, 50.74, 51.916, 52.535, 52.182, 40.646], [39.962, 39.293, 38.852, 38.686, 38.552, 38.288, 37.917, 37.121, 35.006, 31.254, 27.305, 24.714, 22.976, 20.792, 18.313, 16.062, 14.288, 12.327, 9.633, 5.581, 0.0, 6.091, 11.328, 14.703, 16.379, 17.206, 18.109, 19.306, 20.442, 21.378, 22.133, 22.581, 22.75, 23.402, 25.153, 27.458, 29.266, 30.034, 30.325, 30.992, 32.267, 33.722, 35.259, 36.982, 38.929, 40.584, 41.452, 41.896, 42.116, 42.126, 42.13, 42.296, 42.639, 42.894, 43.0, 43.188, 43.627, 44.029, 44.584, 46.727, 49.813, 51.693, 52.16, 52.471, 53.599, 55.316, 56.631, 56.967, 56.575, 56.106, 55.826, 55.489, 54.877, 54.229, 53.898, 53.972, 54.164, 54.345, 54.697, 55.137, 55.312, 55.258, 55.364, 55.609, 55.685, 55.633, 55.647, 55.808, 56.157, 56.851, 57.568, 57.269, 55.607, 52.974, 50.365, 49.141, 48.667, 48.516, 47.884, 46.527, 45.172, 44.633, 44.623, 44.805, 45.352, 45.821, 45.953, 46.133, 46.826, 47.434, 47.561, 47.552, 47.516, 47.437, 47.27, 47.097, 47.073, 47.279, 47.447, 47.376, 47.201, 47.197, 47.342, 47.368, 47.052, 46.477, 45.954, 45.725, 45.729, 45.869, 45.983, 45.924, 45.763, 45.689, 45.726, 45.811, 46.018, 46.475, 47.119, 47.59, 47.509, 47.007, 46.267, 45.678, 45.633, 46.167, 47.445, 49.407, 50.783, 51.006, 50.434, 49.804, 49.93, 50.935, 52.118, 52.747, 52.403, 40.799], [40.689, 39.917, 39.382, 39.162, 39.032, 38.821, 38.528, 37.828, 35.851, 32.299, 28.539, 26.055, 24.465, 22.56, 20.326, 18.146, 16.491, 15.21, 13.753, 10.927, 6.091, 0.0, 5.792, 9.803, 11.975, 13.133, 14.359, 15.947, 17.422, 18.567, 19.449, 20.026, 20.408, 21.414, 23.586, 26.235, 28.243, 29.103, 29.457, 30.211, 31.604, 33.162, 34.76, 36.537, 38.576, 40.343, 41.298, 41.792, 42.075, 42.163, 42.215, 42.388, 42.751, 43.091, 43.347, 43.673, 44.16, 44.551, 45.092, 47.168, 50.129, 51.922, 52.36, 52.67, 53.809, 55.541, 56.867, 57.212, 56.834, 56.38, 56.115, 55.802, 55.215, 54.587, 54.264, 54.332, 54.508, 54.677, 55.027, 55.474, 55.659, 55.606, 55.703, 55.938, 56.011, 55.956, 55.962, 56.116, 56.467, 57.164, 57.876, 57.576, 55.935, 53.354, 50.761, 49.502, 49.038, 48.901, 48.289, 46.998, 45.755, 45.293, 45.277, 45.424, 45.92, 46.358, 46.473, 46.624, 47.279, 47.874, 48.007, 48.0, 47.958, 47.876, 47.728, 47.578, 47.562, 47.76, 47.92, 47.852, 47.672, 47.648, 47.772, 47.794, 47.507, 46.977, 46.493, 46.287, 46.303, 46.454, 46.577, 46.517, 46.345, 46.254, 46.273, 46.343, 46.528, 46.956, 47.567, 48.014, 47.926, 47.45, 46.777, 46.258, 46.237, 46.734, 47.952, 49.88, 51.232, 51.444, 50.905, 50.338, 50.486, 51.468, 52.62, 53.242, 52.919, 41.618], [41.878, 40.957, 40.294, 40.002, 39.864, 39.681, 39.42, 38.772, 36.909, 33.539, 29.97, 27.601, 26.12, 24.453, 22.498, 20.486, 18.907, 17.934, 17.156, 15.239, 11.328, 5.792, 0.0, 4.414, 7.155, 8.901, 10.744, 12.911, 14.8, 16.183, 17.189, 17.882, 18.534, 20.088, 22.906, 26.043, 28.312, 29.296, 29.736, 30.561, 32.003, 33.578, 35.155, 36.887, 38.903, 40.701, 41.702, 42.212, 42.527, 42.686, 42.805, 43.0, 43.367, 43.755, 44.136, 44.608, 45.167, 45.553, 46.052, 47.962, 50.7, 52.364, 52.771, 53.071, 54.181, 55.88, 57.194, 57.547, 57.189, 56.756, 56.51, 56.226, 55.675, 55.074, 54.762, 54.823, 54.981, 55.131, 55.471, 55.915, 56.102, 56.045, 56.131, 56.357, 56.425, 56.363, 56.356, 56.497, 56.844, 57.533, 58.228, 57.932, 56.342, 53.868, 51.339, 50.072, 49.629, 49.514, 48.951, 47.768, 46.663, 46.286, 46.256, 46.353, 46.785, 47.178, 47.268, 47.383, 47.985, 48.557, 48.698, 48.69, 48.634, 48.544, 48.422, 48.304, 48.288, 48.461, 48.599, 48.528, 48.35, 48.314, 48.423, 48.443, 48.186, 47.701, 47.261, 47.088, 47.127, 47.292, 47.418, 47.349, 47.151, 47.025, 47.016, 47.062, 47.218, 47.612, 48.192, 48.617, 48.527, 48.081, 47.486, 47.055, 47.058, 47.484, 48.582, 50.425, 51.736, 51.939, 51.453, 50.98, 51.169, 52.111, 53.202, 53.796, 53.497, 42.921], [42.914, 41.879, 41.114, 40.761, 40.613, 40.443, 40.198, 39.585, 37.806, 34.564, 31.131, 28.841, 27.413, 25.88, 24.114, 22.264, 20.774, 19.916, 19.4, 17.957, 14.703, 9.803, 4.414, 0.0, 3.137, 5.584, 8.211, 10.949, 13.163, 14.728, 15.826, 16.583, 17.443, 19.495, 22.893, 26.447, 28.938, 30.045, 30.569, 31.421, 32.828, 34.358, 35.879, 37.543, 39.501, 41.297, 42.316, 42.817, 43.13, 43.324, 43.486, 43.697, 44.055, 44.448, 44.877, 45.422, 46.02, 46.41, 46.878, 48.635, 51.178, 52.742, 53.129, 53.416, 54.486, 56.141, 57.434, 57.792, 57.451, 57.035, 56.802, 56.54, 56.015, 55.436, 55.133, 55.191, 55.337, 55.473, 55.797, 56.231, 56.413, 56.352, 56.432, 56.651, 56.716, 56.648, 56.629, 56.76, 57.101, 57.779, 58.455, 58.166, 56.63, 54.262, 51.807, 50.549, 50.124, 50.024, 49.511, 48.428, 47.427, 47.097, 47.049, 47.102, 47.477, 47.828, 47.894, 47.982, 48.543, 49.101, 49.246, 49.238, 49.174, 49.077, 48.971, 48.876, 48.861, 49.018, 49.138, 49.067, 48.901, 48.871, 48.976, 48.996, 48.759, 48.306, 47.899, 47.749, 47.799, 47.968, 48.092, 48.012, 47.791, 47.637, 47.608, 47.64, 47.777, 48.154, 48.72, 49.139, 49.056, 48.63, 48.075, 47.691, 47.703, 48.082, 49.097, 50.872, 52.141, 52.328, 51.879, 51.467, 51.665, 52.555, 53.583, 54.149, 53.864, 44.031], [43.456, 42.36, 41.538, 41.152, 40.995, 40.832, 40.609, 40.038, 38.337, 35.204, 31.882, 29.646, 28.224, 26.719, 25.009, 23.224, 21.781, 20.968, 20.535, 19.284, 16.379, 11.975, 7.155, 3.137, 0.0, 2.918, 6.17, 9.365, 11.849, 13.584, 14.788, 15.602, 16.59, 18.967, 22.757, 26.601, 29.269, 30.498, 31.102, 31.962, 33.32, 34.8, 36.276, 37.9, 39.834, 41.646, 42.679, 43.167, 43.468, 43.673, 43.853, 44.067, 44.41, 44.789, 45.218, 45.774, 46.377, 46.765, 47.207, 48.865, 51.304, 52.82, 53.199, 53.478, 54.524, 56.151, 57.429, 57.79, 57.459, 57.053, 56.826, 56.573, 56.062, 55.493, 55.196, 55.255, 55.4, 55.53, 55.843, 56.267, 56.445, 56.383, 56.459, 56.675, 56.739, 56.669, 56.645, 56.77, 57.109, 57.781, 58.447, 58.165, 56.664, 54.367, 51.97, 50.732, 50.319, 50.226, 49.746, 48.725, 47.779, 47.465, 47.405, 47.435, 47.777, 48.104, 48.155, 48.228, 48.772, 49.325, 49.472, 49.463, 49.396, 49.292, 49.188, 49.099, 49.085, 49.236, 49.346, 49.274, 49.118, 49.098, 49.206, 49.226, 49.001, 48.568, 48.177, 48.033, 48.082, 48.248, 48.367, 48.279, 48.044, 47.874, 47.838, 47.868, 48.005, 48.383, 48.948, 49.369, 49.296, 48.879, 48.333, 47.959, 47.977, 48.347, 49.329, 51.064, 52.298, 52.466, 52.028, 51.633, 51.814, 52.662, 53.657, 54.211, 53.932, 44.608], [43.655, 42.539, 41.705, 41.308, 41.142, 40.982, 40.782, 40.262, 38.65, 35.648, 32.467, 30.305, 28.873, 27.337, 25.594, 23.783, 22.327, 21.52, 21.124, 19.953, 17.206, 13.133, 8.901, 5.584, 2.918, 0.0, 3.547, 7.113, 9.941, 11.961, 13.366, 14.309, 15.455, 18.113, 22.208, 26.279, 29.099, 30.44, 31.12, 31.999, 33.334, 34.786, 36.232, 37.837, 39.784, 41.634, 42.693, 43.18, 43.475, 43.69, 43.886, 44.101, 44.425, 44.782, 45.202, 45.758, 46.364, 46.751, 47.167, 48.766, 51.164, 52.665, 53.043, 53.32, 54.357, 55.969, 57.238, 57.6, 57.273, 56.868, 56.642, 56.391, 55.884, 55.318, 55.023, 55.087, 55.238, 55.368, 55.675, 56.093, 56.271, 56.208, 56.281, 56.496, 56.561, 56.493, 56.47, 56.596, 56.938, 57.611, 58.279, 58.003, 56.518, 54.256, 51.908, 50.698, 50.29, 50.199, 49.737, 48.745, 47.817, 47.502, 47.437, 47.46, 47.79, 48.106, 48.149, 48.217, 48.757, 49.307, 49.451, 49.439, 49.37, 49.262, 49.149, 49.054, 49.041, 49.193, 49.3, 49.225, 49.073, 49.06, 49.169, 49.19, 48.97, 48.546, 48.158, 48.008, 48.049, 48.209, 48.325, 48.235, 47.997, 47.825, 47.79, 47.825, 47.969, 48.356, 48.925, 49.351, 49.286, 48.875, 48.327, 47.954, 47.986, 48.378, 49.35, 51.057, 52.257, 52.403, 51.96, 51.555, 51.709, 52.537, 53.529, 54.087, 53.811, 44.812], [43.786, 42.677, 41.857, 41.468, 41.294, 41.125, 40.932, 40.454, 38.94, 36.107, 33.126, 31.074, 29.645, 28.08, 26.306, 24.467, 22.987, 22.171, 21.804, 20.71, 18.109, 14.359, 10.744, 8.211, 6.17, 3.547, 0.0, 3.822, 7.085, 9.585, 11.364, 12.559, 13.984, 17.043, 21.492, 25.787, 28.737, 30.161, 30.901, 31.803, 33.134, 34.57, 35.99, 37.583, 39.55, 41.444, 42.542, 43.04, 43.336, 43.566, 43.783, 44.0, 44.302, 44.633, 45.047, 45.614, 46.238, 46.634, 47.03, 48.588, 50.969, 52.471, 52.853, 53.134, 54.164, 55.766, 57.028, 57.389, 57.062, 56.654, 56.424, 56.173, 55.669, 55.103, 54.808, 54.878, 55.038, 55.17, 55.473, 55.891, 56.07, 56.007, 56.079, 56.295, 56.361, 56.295, 56.276, 56.408, 56.758, 57.44, 58.117, 57.845, 56.367, 54.123, 51.819, 50.638, 50.227, 50.132, 49.678, 48.694, 47.753, 47.426, 47.362, 47.38, 47.705, 48.017, 48.058, 48.126, 48.664, 49.209, 49.346, 49.333, 49.265, 49.153, 49.028, 48.928, 48.918, 49.078, 49.187, 49.111, 48.961, 48.952, 49.062, 49.082, 48.862, 48.436, 48.04, 47.878, 47.909, 48.062, 48.176, 48.092, 47.866, 47.705, 47.676, 47.716, 47.866, 48.256, 48.827, 49.256, 49.2, 48.791, 48.24, 47.867, 47.921, 48.348, 49.324, 51.006, 52.17, 52.287, 51.83, 51.406, 51.535, 52.353, 53.353, 53.92, 53.644, 44.93], [43.85, 42.751, 41.95, 41.574, 41.393, 41.202, 40.992, 40.529, 39.105, 36.455, 33.706, 31.791, 30.391, 28.833, 27.086, 25.288, 23.839, 23.043, 22.707, 21.705, 19.306, 15.947, 12.911, 10.949, 9.365, 7.113, 3.822, 0.0, 3.616, 6.706, 9.023, 10.584, 12.386, 15.959, 20.841, 25.385, 28.451, 29.928, 30.694, 31.593, 32.904, 34.325, 35.725, 37.306, 39.286, 41.213, 42.346, 42.857, 43.152, 43.389, 43.615, 43.826, 44.101, 44.408, 44.817, 45.397, 46.042, 46.456, 46.846, 48.38, 50.762, 52.277, 52.672, 52.957, 53.986, 55.587, 56.848, 57.209, 56.878, 56.461, 56.224, 55.972, 55.466, 54.896, 54.601, 54.678, 54.848, 54.983, 55.287, 55.709, 55.892, 55.828, 55.901, 56.12, 56.187, 56.121, 56.107, 56.249, 56.609, 57.305, 57.994, 57.726, 56.244, 53.999, 51.716, 50.551, 50.132, 50.032, 49.578, 48.583, 47.611, 47.265, 47.203, 47.216, 47.535, 47.845, 47.889, 47.964, 48.499, 49.038, 49.176, 49.17, 49.108, 48.993, 48.858, 48.756, 48.757, 48.929, 49.046, 48.972, 48.828, 48.829, 48.943, 48.962, 48.735, 48.301, 47.892, 47.715, 47.735, 47.88, 47.995, 47.926, 47.724, 47.584, 47.565, 47.607, 47.759, 48.15, 48.722, 49.155, 49.105, 48.692, 48.128, 47.75, 47.824, 48.29, 49.284, 50.949, 52.081, 52.166, 51.684, 51.235, 51.346, 52.162, 53.172, 53.744, 53.466, 44.973], [43.718, 42.618, 41.828, 41.461, 41.271, 41.052, 40.806, 40.335, 38.979, 36.499, 33.974, 32.208, 30.864, 29.349, 27.674, 25.965, 24.598, 23.864, 23.578, 22.658, 20.442, 17.422, 14.8, 13.163, 11.849, 9.941, 7.085, 3.616, 0.0, 3.488, 6.339, 8.362, 10.635, 14.782, 20.137, 24.968, 28.178, 29.711, 30.469, 31.322, 32.595, 34.005, 35.398, 36.973, 38.956, 40.901, 42.056, 42.573, 42.863, 43.097, 43.317, 43.508, 43.758, 44.052, 44.465, 45.051, 45.709, 46.144, 46.538, 48.061, 50.456, 51.991, 52.401, 52.694, 53.73, 55.343, 56.618, 56.981, 56.64, 56.209, 55.963, 55.706, 55.193, 54.615, 54.315, 54.399, 54.578, 54.718, 55.025, 55.456, 55.646, 55.584, 55.658, 55.88, 55.946, 55.879, 55.87, 56.023, 56.396, 57.105, 57.807, 57.535, 56.037, 53.767, 51.479, 50.318, 49.889, 49.785, 49.33, 48.319, 47.315, 46.945, 46.881, 46.894, 47.212, 47.522, 47.575, 47.662, 48.2, 48.74, 48.887, 48.894, 48.839, 48.722, 48.578, 48.479, 48.492, 48.679, 48.804, 48.735, 48.599, 48.613, 48.737, 48.756, 48.525, 48.084, 47.664, 47.472, 47.479, 47.617, 47.735, 47.684, 47.512, 47.396, 47.386, 47.433, 47.589, 47.987, 48.566, 49.006, 48.955, 48.532, 47.951, 47.566, 47.654, 48.158, 49.177, 50.829, 51.931, 51.983, 51.472, 50.994, 51.096, 51.924, 52.948, 53.525, 53.244, 44.825], [43.557, 42.456, 41.672, 41.313, 41.116, 40.872, 40.594, 40.107, 38.795, 36.443, 34.1, 32.464, 31.179, 29.718, 28.122, 26.503, 25.221, 24.565, 24.343, 23.479, 21.378, 18.567, 16.183, 14.728, 13.584, 11.961, 9.585, 6.706, 3.488, 0.0, 3.2, 5.785, 8.78, 13.628, 19.448, 24.548, 27.911, 29.515, 30.254, 31.049, 32.289, 33.705, 35.103, 36.67, 38.652, 40.609, 41.777, 42.296, 42.585, 42.819, 43.03, 43.199, 43.432, 43.731, 44.16, 44.753, 45.415, 45.861, 46.256, 47.767, 50.167, 51.714, 52.135, 52.438, 53.485, 55.113, 56.403, 56.77, 56.417, 55.971, 55.716, 55.454, 54.933, 54.344, 54.039, 54.124, 54.309, 54.452, 54.762, 55.198, 55.394, 55.335, 55.413, 55.636, 55.7, 55.634, 55.63, 55.792, 56.175, 56.895, 57.605, 57.326, 55.805, 53.508, 51.216, 50.059, 49.626, 49.519, 49.069, 48.052, 47.027, 46.637, 46.566, 46.584, 46.909, 47.227, 47.293, 47.389, 47.929, 48.475, 48.632, 48.647, 48.594, 48.476, 48.33, 48.233, 48.256, 48.452, 48.582, 48.514, 48.382, 48.404, 48.535, 48.559, 48.33, 47.889, 47.461, 47.258, 47.256, 47.39, 47.509, 47.473, 47.328, 47.237, 47.239, 47.292, 47.457, 47.867, 48.46, 48.906, 48.847, 48.413, 47.828, 47.446, 47.545, 48.073, 49.107, 50.737, 51.808, 51.835, 51.301, 50.803, 50.903, 51.749, 52.79, 53.371, 53.089, 44.651], [43.526, 42.428, 41.655, 41.306, 41.106, 40.848, 40.551, 40.053, 38.764, 36.494, 34.275, 32.728, 31.477, 30.054, 28.518, 26.964, 25.745, 25.158, 24.988, 24.162, 22.133, 19.449, 17.189, 15.826, 14.788, 13.366, 11.364, 9.023, 6.339, 3.2, 0.0, 3.07, 6.973, 12.629, 18.888, 24.204, 27.697, 29.376, 30.116, 30.872, 32.1, 33.534, 34.936, 36.485, 38.456, 40.424, 41.609, 42.134, 42.426, 42.666, 42.875, 43.032, 43.26, 43.573, 44.024, 44.634, 45.301, 45.743, 46.127, 47.639, 50.047, 51.6, 52.026, 52.339, 53.397, 55.036, 56.335, 56.702, 56.341, 55.884, 55.622, 55.357, 54.832, 54.238, 53.928, 54.012, 54.199, 54.343, 54.653, 55.09, 55.29, 55.234, 55.315, 55.538, 55.601, 55.535, 55.537, 55.704, 56.091, 56.818, 57.533, 57.248, 55.706, 53.389, 51.095, 49.943, 49.503, 49.393, 48.949, 47.93, 46.888, 46.479, 46.396, 46.421, 46.761, 47.095, 47.171, 47.269, 47.807, 48.364, 48.534, 48.553, 48.5, 48.384, 48.239, 48.144, 48.172, 48.373, 48.506, 48.437, 48.306, 48.334, 48.47, 48.498, 48.272, 47.829, 47.395, 47.183, 47.178, 47.31, 47.431, 47.404, 47.28, 47.212, 47.229, 47.287, 47.459, 47.883, 48.494, 48.946, 48.881, 48.434, 47.843, 47.463, 47.563, 48.096, 49.136, 50.752, 51.804, 51.815, 51.269, 50.759, 50.861, 51.728, 52.785, 53.37, 53.09, 44.606], [43.394, 42.31, 41.557, 41.224, 41.026, 40.763, 40.461, 39.965, 38.698, 36.487, 34.358, 32.871, 31.622, 30.201, 28.687, 27.157, 25.966, 25.424, 25.302, 24.523, 22.581, 20.026, 17.882, 16.583, 15.602, 14.309, 12.559, 10.584, 8.362, 5.785, 3.07, 0.0, 4.518, 10.928, 17.726, 23.377, 27.083, 28.889, 29.675, 30.429, 31.665, 33.125, 34.538, 36.073, 38.037, 40.036, 41.258, 41.8, 42.097, 42.342, 42.558, 42.719, 42.953, 43.277, 43.751, 44.391, 45.08, 45.521, 45.898, 47.448, 49.915, 51.501, 51.936, 52.256, 53.328, 54.985, 56.295, 56.662, 56.295, 55.832, 55.567, 55.3, 54.768, 54.168, 53.855, 53.942, 54.133, 54.281, 54.595, 55.038, 55.242, 55.19, 55.274, 55.497, 55.556, 55.489, 55.494, 55.665, 56.05, 56.782, 57.512, 57.227, 55.661, 53.297, 50.98, 49.826, 49.374, 49.257, 48.81, 47.772, 46.696, 46.258, 46.171, 46.217, 46.583, 46.933, 47.014, 47.116, 47.672, 48.256, 48.447, 48.478, 48.434, 48.323, 48.168, 48.059, 48.085, 48.292, 48.432, 48.367, 48.244, 48.286, 48.435, 48.468, 48.235, 47.776, 47.321, 47.094, 47.081, 47.212, 47.337, 47.318, 47.208, 47.155, 47.179, 47.236, 47.409, 47.85, 48.488, 48.96, 48.891, 48.419, 47.793, 47.39, 47.48, 48.019, 49.084, 50.715, 51.768, 51.774, 51.207, 50.669, 50.776, 51.68, 52.774, 53.373, 53.092, 44.451], [42.658, 41.653, 40.967, 40.673, 40.483, 40.224, 39.947, 39.507, 38.326, 36.233, 34.246, 32.862, 31.627, 30.19, 28.653, 27.074, 25.836, 25.312, 25.265, 24.572, 22.75, 20.408, 18.534, 17.443, 16.59, 15.455, 13.984, 12.386, 1