[[0.0, 8.772, 17.463, 20.037, 23.202, 26.801, 29.363, 30.148, 30.93, 32.562, 33.419, 34.11, 35.553, 37.827, 40.051, 40.106, 39.88, 41.12, 41.871, 42.093, 42.444, 42.489, 42.66, 43.073, 43.341, 42.157, 40.691, 41.078, 41.508, 42.052, 42.179, 42.508, 43.153, 43.33, 43.009, 43.048, 43.419, 43.737, 43.773, 43.639, 43.779, 43.97, 44.038, 44.158, 43.918, 43.698, 43.272, 43.044, 43.386, 43.383, 43.473, 43.422, 42.879, 42.795, 42.543, 42.684, 42.775, 42.926, 42.992, 42.832, 43.022, 43.09, 42.938, 42.641, 42.477, 42.629, 42.745, 42.498, 42.484, 42.465, 41.919, 41.7, 41.734, 41.505, 41.892, 42.255, 42.526, 42.459, 41.639, 41.406, 42.617, 43.366, 43.585, 43.52, 43.299, 43.134, 43.22, 43.629, 43.949, 44.059, 43.969, 43.392, 43.034, 43.008, 42.8, 42.656, 42.863, 43.032, 5.273], [8.772, 0.0, 10.546, 14.749, 18.784, 23.602, 26.85, 27.816, 28.787, 30.673, 31.667, 32.438, 34.0, 36.465, 38.859, 39.008, 39.013, 40.455, 41.286, 41.635, 42.105, 42.251, 42.502, 42.953, 43.264, 42.178, 40.705, 41.088, 41.513, 42.028, 42.169, 42.539, 43.255, 43.44, 43.106, 43.139, 43.508, 43.814, 43.836, 43.69, 43.837, 44.068, 44.143, 44.241, 44.0, 43.768, 43.329, 43.104, 43.44, 43.399, 43.505, 43.481, 42.958, 42.932, 42.686, 42.823, 42.881, 43.054, 43.116, 42.958, 43.259, 43.32, 43.187, 42.908, 42.76, 42.886, 43.006, 42.792, 42.77, 42.753, 42.204, 41.973, 41.996, 41.762, 42.12, 42.459, 42.642, 42.526, 41.766, 41.572, 42.689, 43.316, 43.532, 43.47, 43.256, 43.112, 43.206, 43.614, 43.932, 44.051, 43.944, 43.372, 43.053, 43.067, 42.887, 42.814, 43.128, 43.36, 10.403], [17.463, 10.546, 0.0, 8.133, 15.502, 22.375, 26.413, 27.551, 28.674, 30.65, 31.621, 32.314, 33.846, 36.503, 39.048, 39.312, 39.739, 41.408, 42.257, 42.869, 43.597, 43.86, 44.194, 44.717, 45.112, 44.328, 43.136, 43.465, 43.74, 44.069, 44.193, 44.634, 45.31, 45.526, 45.267, 45.307, 45.657, 45.92, 45.92, 45.782, 45.879, 46.06, 46.123, 46.159, 45.951, 45.762, 45.393, 45.175, 45.435, 45.37, 45.358, 45.359, 45.064, 45.085, 44.925, 45.044, 44.878, 45.08, 45.201, 45.135, 45.478, 45.513, 45.397, 45.151, 45.024, 45.045, 45.095, 44.96, 44.942, 44.935, 44.46, 44.234, 44.249, 44.009, 44.204, 44.448, 44.481, 44.311, 43.749, 43.71, 44.743, 45.206, 45.393, 45.341, 45.163, 45.05, 45.102, 45.446, 45.753, 45.902, 45.78, 45.292, 45.066, 45.107, 45.0, 44.968, 45.283, 45.451, 18.091], [20.037, 14.749, 8.133, 0.0, 11.32, 20.788, 25.427, 26.708, 28.012, 30.02, 30.999, 31.657, 33.118, 35.996, 38.78, 39.105, 39.667, 41.476, 42.344, 43.161, 44.209, 44.568, 44.909, 45.478, 45.977, 45.385, 44.508, 44.883, 45.011, 45.243, 45.399, 45.924, 46.578, 46.814, 46.635, 46.677, 47.018, 47.287, 47.303, 47.182, 47.239, 47.355, 47.443, 47.494, 47.325, 47.182, 46.86, 46.645, 46.849, 46.779, 46.693, 46.691, 46.543, 46.561, 46.418, 46.564, 46.247, 46.421, 46.571, 46.454, 46.706, 46.741, 46.621, 46.374, 46.24, 46.241, 46.258, 46.146, 46.149, 46.166, 45.751, 45.532, 45.548, 45.373, 45.533, 45.702, 45.715, 45.563, 45.054, 45.09, 46.119, 46.481, 46.635, 46.591, 46.439, 46.354, 46.387, 46.691, 46.991, 47.154, 47.034, 46.644, 46.486, 46.535, 46.471, 46.405, 46.676, 46.795, 20.904], [23.202, 18.784, 15.502, 11.32, 0.0, 13.226, 20.03, 21.866, 23.352, 25.722, 27.041, 27.975, 29.458, 32.57, 35.815, 36.186, 36.765, 38.912, 39.871, 40.948, 42.591, 43.128, 43.503, 44.119, 44.741, 44.221, 43.412, 43.966, 43.973, 44.227, 44.448, 45.003, 45.689, 45.912, 45.767, 45.793, 46.117, 46.404, 46.427, 46.3, 46.358, 46.507, 46.665, 46.759, 46.567, 46.432, 46.083, 45.861, 46.069, 45.951, 45.899, 45.895, 45.655, 45.746, 45.615, 45.828, 45.651, 45.841, 46.031, 45.898, 46.064, 46.052, 45.97, 45.733, 45.589, 45.601, 45.658, 45.531, 45.539, 45.58, 45.161, 44.946, 44.939, 44.812, 45.009, 45.149, 45.221, 45.133, 44.619, 44.526, 45.298, 45.567, 45.724, 45.695, 45.53, 45.44, 45.527, 45.881, 46.205, 46.37, 46.252, 45.861, 45.623, 45.629, 45.655, 45.627, 45.893, 46.053, 24.028], [26.801, 23.602, 22.375, 20.788, 13.226, 0.0, 9.875, 13.491, 14.648, 17.598, 20.059, 21.995, 23.725, 26.986, 30.868, 31.27, 31.648, 34.173, 35.235, 36.455, 38.767, 39.664, 40.179, 40.926, 41.628, 41.185, 40.887, 42.185, 42.17, 42.573, 42.804, 43.151, 43.869, 44.124, 43.995, 44.029, 44.357, 44.643, 44.615, 44.457, 44.598, 44.9, 45.099, 45.198, 44.922, 44.72, 44.259, 44.0, 44.263, 44.122, 44.201, 44.186, 43.692, 43.849, 43.708, 43.937, 44.067, 44.302, 44.448, 44.241, 44.361, 44.345, 44.312, 44.094, 43.951, 44.021, 44.142, 43.97, 43.971, 44.021, 43.574, 43.385, 43.344, 43.201, 43.467, 43.662, 43.862, 43.825, 43.227, 43.036, 43.647, 43.863, 44.028, 43.999, 43.755, 43.61, 43.8, 44.234, 44.554, 44.724, 44.639, 44.163, 43.804, 43.778, 43.868, 43.873, 44.094, 44.325, 27.24], [29.363, 26.85, 26.413, 25.427, 20.03, 9.875, 0.0, 5.607, 7.765, 11.463, 15.052, 18.372, 20.789, 24.419, 28.666, 29.073, 29.344, 31.988, 33.034, 34.273, 36.854, 37.96, 38.577, 39.339, 39.951, 39.556, 40.213, 42.559, 42.754, 43.287, 43.608, 43.966, 44.671, 44.897, 44.752, 44.731, 44.991, 45.284, 45.248, 45.086, 45.231, 45.539, 45.779, 45.873, 45.573, 45.371, 44.883, 44.572, 44.828, 44.711, 44.861, 44.865, 44.27, 44.416, 44.282, 44.469, 44.644, 44.906, 45.063, 44.799, 44.857, 44.882, 44.86, 44.629, 44.506, 44.626, 44.756, 44.579, 44.577, 44.598, 44.133, 43.913, 43.867, 43.705, 43.966, 44.127, 44.353, 44.362, 43.674, 43.459, 44.2, 44.447, 44.618, 44.573, 44.304, 44.107, 44.287, 44.711, 45.014, 45.172, 45.113, 44.679, 44.358, 44.34, 44.371, 44.31, 44.479, 44.702, 29.726], [30.148, 27.816, 27.551, 26.708, 21.866, 13.491, 5.607, 0.0, 5.094, 10.107, 14.017, 18.038, 21.043, 24.991, 29.23, 29.612, 29.883, 32.48, 33.514, 34.727, 37.232, 38.303, 38.917, 39.644, 40.206, 39.766, 40.549, 43.145, 43.496, 44.069, 44.397, 44.799, 45.481, 45.682, 45.522, 45.455, 45.657, 45.946, 45.922, 45.776, 45.88, 46.141, 46.403, 46.505, 46.216, 46.042, 45.568, 45.249, 45.499, 45.388, 45.524, 45.537, 44.978, 45.153, 45.041, 45.224, 45.365, 45.609, 45.795, 45.519, 45.55, 45.582, 45.553, 45.307, 45.18, 45.295, 45.413, 45.245, 45.247, 45.255, 44.777, 44.529, 44.489, 44.334, 44.581, 44.704, 44.903, 44.92, 44.205, 43.981, 44.818, 45.107, 45.277, 45.227, 44.964, 44.76, 44.886, 45.266, 45.561, 45.704, 45.644, 45.274, 45.02, 45.033, 45.029, 44.91, 45.071, 45.274, 30.49], [30.93, 28.787, 28.674, 28.012, 23.352, 14.648, 7.765, 5.094, 0.0, 6.499, 12.014, 16.887, 20.047, 24.077, 28.496, 28.861, 29.034, 31.689, 32.749, 34.011, 36.609, 37.709, 38.35, 39.094, 39.671, 39.295, 40.274, 42.996, 43.338, 43.967, 44.302, 44.652, 45.333, 45.528, 45.366, 45.322, 45.553, 45.851, 45.812, 45.653, 45.774, 46.054, 46.321, 46.421, 46.118, 45.949, 45.466, 45.127, 45.381, 45.27, 45.412, 45.436, 44.859, 45.032, 44.909, 45.078, 45.261, 45.5, 45.682, 45.39, 45.433, 45.462, 45.435, 45.188, 45.062, 45.179, 45.289, 45.11, 45.11, 45.114, 44.63, 44.382, 44.336, 44.173, 44.426, 44.558, 44.773, 44.784, 44.032, 43.847, 44.655, 44.907, 45.085, 45.042, 44.774, 44.563, 44.699, 45.079, 45.386, 45.529, 45.472, 45.103, 44.848, 44.872, 44.895, 44.791, 44.948, 45.16, 31.229], [32.562, 30.673, 30.65, 30.02, 25.722, 17.598, 11.463, 10.107, 6.499, 0.0, 7.691, 14.198, 17.58, 21.748, 26.567, 27.032, 27.304, 30.19, 31.252, 32.655, 35.538, 36.742, 37.421, 38.153, 38.767, 38.629, 40.127, 43.301, 43.671, 44.348, 44.795, 45.223, 45.941, 46.14, 45.976, 45.925, 46.159, 46.457, 46.386, 46.218, 46.346, 46.619, 46.897, 46.986, 46.688, 46.553, 46.074, 45.708, 45.951, 45.84, 45.979, 46.006, 45.407, 45.573, 45.459, 45.627, 45.823, 46.073, 46.221, 45.895, 45.889, 45.918, 45.889, 45.649, 45.532, 45.648, 45.755, 45.59, 45.585, 45.58, 45.115, 44.867, 44.821, 44.668, 44.92, 45.017, 45.222, 45.237, 44.413, 44.227, 45.046, 45.282, 45.464, 45.41, 45.127, 44.91, 45.027, 45.388, 45.697, 45.839, 45.787, 45.456, 45.247, 45.29, 45.359, 45.276, 45.412, 45.608, 32.823], [33.419, 31.667, 31.621, 30.999, 27.041, 20.059, 15.052, 14.017, 12.014, 7.691, 0.0, 8.189, 12.941, 17.7, 22.963, 23.904, 24.816, 28.033, 29.079, 30.689, 33.781, 35.028, 35.828, 36.696, 37.406, 37.391, 39.004, 42.527, 43.126, 43.871, 44.444, 45.065, 45.826, 46.004, 45.863, 45.857, 46.091, 46.36, 46.265, 46.111, 46.241, 46.492, 46.777, 46.872, 46.587, 46.488, 46.052, 45.715, 45.97, 45.871, 45.983, 45.945, 45.317, 45.495, 45.396, 45.552, 45.722, 45.971, 46.097, 45.78, 45.718, 45.723, 45.709, 45.478, 45.364, 45.516, 45.653, 45.506, 45.499, 45.474, 45.037, 44.802, 44.762, 44.639, 44.91, 44.984, 45.169, 45.185, 44.278, 44.02, 44.865, 45.112, 45.305, 45.251, 44.944, 44.692, 44.721, 45.035, 45.345, 45.497, 45.446, 45.118, 44.944, 45.018, 45.11, 44.986, 45.132, 45.313, 33.564], [34.11, 32.438, 32.314, 31.657, 27.975, 21.995, 18.372, 18.038, 16.887, 14.198, 8.189, 0.0, 6.746, 13.42, 19.41, 20.814, 22.677, 26.401, 27.439, 29.239, 32.483, 33.721, 34.625, 35.699, 36.569, 36.639, 38.177, 41.801, 42.607, 43.418, 44.049, 44.822, 45.614, 45.784, 45.681, 45.752, 46.027, 46.271, 46.175, 46.032, 46.155, 46.392, 46.677, 46.775, 46.515, 46.451, 46.079, 45.807, 46.069, 45.976, 46.044, 45.932, 45.338, 45.534, 45.444, 45.603, 45.739, 45.984, 46.099, 45.816, 45.722, 45.683, 45.693, 45.475, 45.359, 45.532, 45.722, 45.599, 45.577, 45.535, 45.133, 44.925, 44.883, 44.778, 45.04, 45.112, 45.299, 45.322, 44.441, 44.113, 44.849, 45.063, 45.278, 45.238, 44.943, 44.669, 44.641, 44.939, 45.247, 45.424, 45.374, 45.003, 44.793, 44.868, 45.001, 44.862, 44.994, 45.142, 34.157], [35.553, 34.0, 33.846, 33.118, 29.458, 23.725, 20.789, 21.043, 20.047, 17.58, 12.941, 6.746, 0.0, 8.843, 16.384, 18.07, 20.387, 24.68, 25.733, 27.698, 31.399, 32.796, 33.702, 34.848, 35.882, 36.262, 38.172, 41.995, 42.749, 43.522, 44.172, 45.007, 45.851, 46.064, 46.007, 46.105, 46.417, 46.659, 46.556, 46.414, 46.54, 46.773, 47.082, 47.195, 46.95, 46.94, 46.63, 46.368, 46.595, 46.523, 46.575, 46.435, 45.879, 46.042, 45.966, 46.149, 46.236, 46.469, 46.611, 46.346, 46.262, 46.207, 46.229, 46.043, 45.927, 46.068, 46.257, 46.165, 46.157, 46.14, 45.774, 45.574, 45.52, 45.444, 45.663, 45.705, 45.909, 45.945, 45.123, 44.812, 45.384, 45.502, 45.715, 45.676, 45.397, 45.126, 45.101, 45.395, 45.707, 45.923, 45.878, 45.493, 45.259, 45.323, 45.549, 45.49, 45.597, 45.685, 35.659], [37.827, 36.465, 36.503, 35.996, 32.57, 26.986, 24.419, 24.991, 24.077, 21.748, 17.7, 13.42, 8.843, 0.0, 9.43, 12.568, 15.384, 20.219, 21.456, 23.696, 28.136, 29.847, 30.856, 32.218, 33.458, 34.229, 36.78, 40.931, 41.613, 42.448, 43.197, 44.14, 45.108, 45.391, 45.378, 45.535, 45.9, 46.142, 46.027, 45.876, 46.036, 46.308, 46.618, 46.759, 46.484, 46.47, 46.176, 45.9, 46.136, 46.088, 46.162, 45.981, 45.393, 45.513, 45.426, 45.59, 45.64, 45.827, 45.974, 45.77, 45.795, 45.735, 45.776, 45.638, 45.539, 45.689, 45.875, 45.793, 45.794, 45.786, 45.457, 45.313, 45.236, 45.162, 45.441, 45.555, 45.803, 45.812, 44.975, 44.697, 45.114, 45.101, 45.292, 45.247, 44.925, 44.616, 44.577, 44.836, 45.142, 45.421, 45.39, 44.949, 44.701, 44.776, 45.065, 45.036, 45.132, 45.231, 37.962], [40.051, 38.859, 39.048, 38.78, 35.815, 30.868, 28.666, 29.23, 28.496, 26.567, 22.963, 19.41, 16.384, 9.43, 0.0, 6.109, 11.465, 16.645, 17.942, 20.588, 25.518, 27.374, 28.486, 30.094, 31.536, 32.652, 35.817, 40.264, 40.974, 41.932, 42.812, 43.899, 44.958, 45.278, 45.313, 45.561, 45.961, 46.188, 46.09, 45.952, 46.112, 46.381, 46.655, 46.793, 46.509, 46.497, 46.223, 45.95, 46.183, 46.152, 46.204, 45.986, 45.47, 45.579, 45.482, 45.619, 45.561, 45.695, 45.847, 45.693, 45.795, 45.732, 45.78, 45.664, 45.57, 45.735, 45.919, 45.854, 45.867, 45.853, 45.575, 45.489, 45.393, 45.314, 45.628, 45.764, 46.0, 45.977, 45.139, 44.864, 45.244, 45.203, 45.37, 45.323, 44.982, 44.646, 44.567, 44.77, 45.054, 45.373, 45.349, 44.894, 44.684, 44.781, 45.063, 45.015, 45.095, 45.199, 40.133], [40.106, 39.008, 39.312, 39.105, 36.186, 31.27, 29.073, 29.612, 28.861, 27.032, 23.904, 20.814, 18.07, 12.568, 6.109, 0.0, 8.238, 14.801, 16.093, 18.843, 24.214, 26.198, 27.259, 28.84, 30.397, 31.67, 35.211, 39.98, 40.739, 41.761, 42.675, 43.784, 44.879, 45.222, 45.263, 45.56, 45.999, 46.251, 46.157, 46.015, 46.195, 46.449, 46.705, 46.843, 46.554, 46.536, 46.24, 45.939, 46.162, 46.115, 46.151, 45.93, 45.431, 45.546, 45.435, 45.593, 45.572, 45.708, 45.853, 45.669, 45.77, 45.709, 45.732, 45.595, 45.476, 45.63, 45.813, 45.747, 45.792, 45.803, 45.507, 45.396, 45.294, 45.218, 45.513, 45.63, 45.883, 45.869, 45.021, 44.715, 45.124, 45.132, 45.299, 45.251, 44.925, 44.602, 44.562, 44.795, 45.092, 45.424, 45.408, 44.935, 44.714, 44.805, 45.091, 45.081, 45.177, 45.29, 40.197], [39.88, 39.013, 39.739, 39.667, 36.765, 31.648, 29.344, 29.883, 29.034, 27.304, 24.816, 22.677, 20.387, 15.384, 11.465, 8.238, 0.0, 8.59, 11.095, 13.829, 20.223, 22.847, 24.07, 25.768, 27.478, 28.808, 32.795, 38.038, 38.824, 39.991, 40.872, 41.882, 43.132, 43.577, 43.632, 43.987, 44.517, 44.824, 44.716, 44.53, 44.792, 45.123, 45.371, 45.521, 45.143, 45.001, 44.561, 44.189, 44.493, 44.423, 44.493, 44.259, 43.564, 43.648, 43.467, 43.653, 43.901, 44.038, 44.112, 43.991, 44.207, 44.145, 44.153, 44.019, 43.893, 44.072, 44.244, 44.114, 44.182, 44.221, 43.851, 43.718, 43.585, 43.456, 43.796, 44.046, 44.444, 44.437, 43.496, 43.152, 43.522, 43.546, 43.723, 43.666, 43.306, 42.997, 43.116, 43.449, 43.778, 44.133, 44.13, 43.527, 43.167, 43.211, 43.52, 43.591, 43.747, 43.991, 40.012], [41.12, 40.455, 41.408, 41.476, 38.912, 34.173, 31.988, 32.48, 31.689, 30.19, 28.033, 26.401, 24.68, 20.219, 16.645, 14.801, 8.59, 0.0, 5.028, 9.477, 16.57, 19.733, 21.449, 23.498, 25.327, 26.883, 31.528, 37.213, 38.044, 39.272, 40.125, 41.085, 42.447, 42.996, 43.076, 43.432, 43.973, 44.283, 44.181, 43.984, 44.273, 44.642, 44.859, 45.014, 44.583, 44.362, 43.868, 43.444, 43.767, 43.678, 43.787, 43.58, 42.857, 42.886, 42.69, 42.859, 43.185, 43.311, 43.284, 43.215, 43.58, 43.547, 43.553, 43.451, 43.339, 43.534, 43.669, 43.496, 43.569, 43.608, 43.229, 43.128, 42.981, 42.828, 43.193, 43.496, 43.965, 43.962, 43.005, 42.635, 42.93, 42.965, 43.141, 43.083, 42.718, 42.432, 42.643, 43.019, 43.345, 43.691, 43.69, 43.043, 42.642, 42.641, 42.909, 43.014, 43.208, 43.531, 41.197], [41.871, 41.286, 42.257, 42.344, 39.871, 35.235, 33.034, 33.514, 32.749, 31.252, 29.079, 27.439, 25.733, 21.456, 17.942, 16.093, 11.095, 5.028, 0.0, 7.49, 15.964, 19.171, 20.854, 23.002, 24.926, 26.834, 31.951, 37.834, 38.727, 39.957, 40.854, 41.894, 43.227, 43.766, 43.859, 44.189, 44.698, 45.005, 44.916, 44.733, 44.993, 45.328, 45.554, 45.7, 45.283, 45.088, 44.64, 44.238, 44.546, 44.468, 44.554, 44.348, 43.704, 43.755, 43.567, 43.747, 43.999, 44.107, 44.057, 43.969, 44.352, 44.346, 44.351, 44.241, 44.122, 44.286, 44.406, 44.244, 44.306, 44.347, 43.987, 43.896, 43.764, 43.651, 44.019, 44.279, 44.739, 44.752, 43.804, 43.44, 43.771, 43.821, 43.985, 43.926, 43.588, 43.315, 43.489, 43.835, 44.143, 44.466, 44.454, 43.866, 43.521, 43.513, 43.744, 43.81, 43.987, 44.284, 41.96], [42.093, 41.635, 42.869, 43.161, 40.948, 36.455, 34.273, 34.727, 34.011, 32.655, 30.689, 29.239, 27.698, 23.696, 20.588, 18.843, 13.829, 9.477, 7.49, 0.0, 10.562, 15.395, 17.264, 19.301, 21.471, 23.922, 30.076, 36.547, 37.569, 39.058, 40.07, 41.148, 42.547, 43.074, 43.156, 43.575, 44.15, 44.459, 44.377, 44.183, 44.481, 44.858, 45.074, 45.229, 44.808, 44.558, 44.038, 43.645, 43.975, 43.911, 44.085, 43.852, 43.086, 43.1, 42.904, 43.049, 43.398, 43.528, 43.398, 43.34, 43.813, 43.817, 43.813, 43.706, 43.584, 43.744, 43.864, 43.674, 43.723, 43.767, 43.368, 43.27, 43.153, 43.01, 43.433, 43.791, 44.296, 44.328, 43.378, 43.056, 43.459, 43.509, 43.667, 43.607, 43.263, 43.003, 43.218, 43.595, 43.878, 44.189, 44.165, 43.481, 43.059, 43.04, 43.25, 43.269, 43.391, 43.703, 42.162], [42.444, 42.105, 43.597, 44.209, 42.591, 38.767, 36.854, 37.232, 36.609, 35.538, 33.781, 32.483, 31.399, 28.136, 25.518, 24.214, 20.223, 16.57, 15.964, 10.562, 0.0, 7.672, 11.468, 13.797, 16.309, 19.547, 27.11, 34.376, 35.731, 37.583, 38.689, 39.68, 41.158, 41.76, 41.863, 42.395, 43.037, 43.334, 43.268, 43.056, 43.376, 43.806, 43.971, 44.118, 43.697, 43.346, 42.712, 42.3, 42.636, 42.566, 42.82, 42.534, 41.7, 41.665, 41.455, 41.552, 42.01, 42.152, 41.906, 41.967, 42.66, 42.703, 42.667, 42.553, 42.45, 42.654, 42.781, 42.534, 42.573, 42.614, 42.173, 42.065, 41.956, 41.745, 42.187, 42.635, 43.169, 43.197, 42.249, 41.946, 42.347, 42.442, 42.637, 42.599, 42.275, 42.029, 42.348, 42.822, 43.06, 43.3, 43.254, 42.439, 41.922, 41.898, 42.052, 42.037, 42.146, 42.474, 42.307], [42.489, 42.251, 43.86, 44.568, 43.128, 39.664, 37.96, 38.303, 37.709, 36.742, 35.028, 33.721, 32.796, 29.847, 27.374, 26.198, 22.847, 19.733, 19.171, 15.395, 7.672, 0.0, 6.179, 10.134, 13.09, 16.727, 24.842, 32.705, 34.46, 36.535, 37.761, 38.823, 40.356, 41.045, 41.203, 41.741, 42.382, 42.686, 42.631, 42.43, 42.726, 43.144, 43.301, 43.439, 43.009, 42.638, 41.974, 41.559, 41.922, 41.838, 42.028, 41.688, 40.941, 40.962, 40.727, 40.835, 41.311, 41.403, 41.056, 41.185, 42.007, 42.073, 42.015, 41.886, 41.808, 42.037, 42.176, 41.896, 41.917, 41.967, 41.522, 41.422, 41.317, 41.107, 41.581, 42.041, 42.611, 42.645, 41.662, 41.324, 41.715, 41.883, 42.115, 42.092, 41.787, 41.546, 41.886, 42.378, 42.577, 42.755, 42.693, 41.865, 41.331, 41.303, 41.453, 41.399, 41.51, 41.861, 42.248], [42.66, 42.502, 44.194, 44.909, 43.503, 40.179, 38.577, 38.917, 38.35, 37.421, 35.828, 34.625, 33.702, 30.856, 28.486, 27.259, 24.07, 21.449, 20.854, 17.264, 11.468, 6.179, 0.0, 5.787, 10.021, 14.524, 23.451, 31.908, 33.937, 36.178, 37.544, 38.74, 40.348, 41.09, 41.285, 41.821, 42.461, 42.771, 42.714, 42.527, 42.828, 43.24, 43.396, 43.546, 43.124, 42.759, 42.105, 41.694, 42.061, 41.988, 42.188, 41.834, 41.145, 41.205, 40.967, 41.109, 41.552, 41.615, 41.187, 41.283, 42.14, 42.204, 42.141, 42.024, 41.952, 42.147, 42.276, 41.984, 41.979, 42.04, 41.595, 41.492, 41.397, 41.214, 41.712, 42.155, 42.737, 42.802, 41.809, 41.459, 41.869, 42.068, 42.287, 42.26, 41.959, 41.736, 42.042, 42.51, 42.7, 42.867, 42.8, 41.984, 41.467, 41.435, 41.608, 41.564, 41.662, 42.016, 42.462], [43.073, 42.953, 44.717, 45.478, 44.119, 40.926, 39.339, 39.644, 39.094, 38.153, 36.696, 35.699, 34.848, 32.218, 30.094, 28.84, 25.768, 23.498, 23.002, 19.301, 13.797, 10.134, 5.787, 0.0, 5.991, 12.727, 23.048, 32.127, 34.367, 36.745, 38.233, 39.441, 41.008, 41.757, 41.962, 42.48, 43.077, 43.372, 43.326, 43.16, 43.485, 43.896, 44.062, 44.228, 43.833, 43.477, 42.821, 42.414, 42.743, 42.684, 42.971, 42.655, 41.978, 42.035, 41.792, 41.932, 42.346, 42.393, 41.95, 41.985, 42.777, 42.833, 42.769, 42.65, 42.577, 42.726, 42.832, 42.559, 42.537, 42.58, 42.137, 42.012, 41.928, 41.771, 42.246, 42.669, 43.27, 43.366, 42.4, 42.088, 42.537, 42.76, 42.956, 42.935, 42.659, 42.458, 42.747, 43.198, 43.382, 43.533, 43.462, 42.641, 42.132, 42.087, 42.234, 42.198, 42.266, 42.586, 42.911], [43.341, 43.264, 45.112, 45.977, 44.741, 41.628, 39.951, 40.206, 39.671, 38.767, 37.406, 36.569, 35.882, 33.458, 31.536, 30.397, 27.478, 25.327, 24.926, 21.471, 16.309, 13.09, 10.021, 5.991, 0.0, 9.575, 22.047, 31.805, 34.333, 36.825, 38.373, 39.596, 41.131, 41.901, 42.141, 42.643, 43.193, 43.46, 43.431, 43.293, 43.644, 44.066, 44.249, 44.433, 44.035, 43.666, 42.999, 42.604, 42.919, 42.862, 43.226, 42.961, 42.246, 42.302, 42.072, 42.182, 42.582, 42.625, 42.159, 42.127, 42.888, 42.95, 42.886, 42.771, 42.705, 42.853, 42.948, 42.679, 42.658, 42.687, 42.258, 42.134, 42.045, 41.902, 42.392, 42.826, 43.481, 43.604, 42.648, 42.356, 42.824, 43.072, 43.265, 43.246, 42.988, 42.789, 43.07, 43.512, 43.689, 43.819, 43.746, 42.934, 42.421, 42.35, 42.435, 42.356, 42.386, 42.713, 43.158], [42.157, 42.178, 44.328, 45.385, 44.221, 41.185, 39.556, 39.766, 39.295, 38.629, 37.391, 36.639, 36.262, 34.229, 32.652, 31.67, 28.808, 26.883, 26.834, 23.922, 19.547, 16.727, 14.524, 12.727, 9.575, 0.0, 15.398, 27.593, 30.897, 33.726, 35.428, 36.761, 38.508, 39.365, 39.644, 40.227, 40.835, 41.094, 41.042, 40.886, 41.325, 41.843, 42.059, 42.305, 41.829, 41.375, 40.663, 40.3, 40.725, 40.678, 41.141, 40.888, 40.003, 40.109, 39.886, 39.942, 40.428, 40.474, 40.024, 39.926, 40.709, 40.821, 40.76, 40.636, 40.584, 40.827, 40.975, 40.644, 40.622, 40.644, 40.167, 40.048, 39.939, 39.764, 40.364, 40.911, 41.684, 41.833, 40.787, 40.451, 40.974, 41.275, 41.478, 41.462, 41.165, 40.926, 41.24, 41.703, 41.874, 41.998, 41.949, 41.067, 40.473, 40.385, 40.41, 40.294, 40.398, 40.813, 41.861], [40.691, 40.705, 43.136, 44.508, 43.412, 40.887, 40.213, 40.549, 40.274, 40.127, 39.004, 38.177, 38.172, 36.78, 35.817, 35.211, 32.795, 31.528, 31.951, 30.076, 27.11, 24.842, 23.451, 23.048, 22.047, 15.398, 0.0, 16.557, 22.716, 26.582, 28.756, 30.702, 33.106, 34.153, 34.541, 35.422, 36.282, 36.605, 36.586, 36.404, 37.053, 37.835, 38.038, 38.353, 37.788, 37.243, 36.46, 36.161, 36.782, 36.789, 37.437, 37.125, 35.918, 36.082, 35.767, 35.672, 36.463, 36.55, 36.105, 35.957, 36.836, 36.986, 36.939, 36.789, 36.729, 37.123, 37.442, 37.015, 36.906, 36.869, 36.219, 36.109, 35.987, 35.703, 36.503, 37.29, 38.211, 38.325, 37.037, 36.596, 37.237, 37.685, 37.913, 37.901, 37.537, 37.223, 37.566, 38.094, 38.251, 38.352, 38.316, 37.246, 36.558, 36.54, 36.468, 36.381, 36.778, 37.408, 40.072], [41.078, 41.088, 43.465, 44.883, 43.966, 42.185, 42.559, 43.145, 42.996, 43.301, 42.527, 41.801, 41.995, 40.931, 40.264, 39.98, 38.038, 37.213, 37.834, 36.547, 34.376, 32.705, 31.908, 32.127, 31.805, 27.593, 16.557, 0.0, 12.109, 19.374, 22.288, 25.565, 29.131, 30.62, 31.3, 32.484, 33.611, 34.044, 34.135, 33.948, 34.755, 35.777, 35.993, 36.333, 35.768, 35.251, 34.434, 34.118, 34.813, 34.853, 35.656, 35.348, 33.936, 33.991, 33.597, 33.276, 34.322, 34.704, 34.18, 34.056, 35.064, 35.211, 35.215, 35.016, 34.883, 35.284, 35.698, 35.208, 35.061, 35.028, 34.282, 34.244, 34.099, 33.657, 34.56, 35.579, 36.561, 36.627, 35.428, 35.11, 35.622, 36.001, 36.254, 36.274, 35.882, 35.507, 35.878, 36.481, 36.625, 36.719, 36.672, 35.506, 34.783, 34.823, 34.683, 34.634, 35.249, 36.018, 40.209], [41.508, 41.513, 43.74, 45.011, 43.973, 42.17, 42.754, 43.496, 43.338, 43.671, 43.126, 42.607, 42.749, 41.613, 40.974, 40.739, 38.824, 38.044, 38.727, 37.569, 35.731, 34.46, 33.937, 34.367, 34.333, 30.897, 22.716, 12.109, 0.0, 11.175, 15.998, 20.574, 25.608, 27.874, 29.126, 30.74, 32.064, 32.581, 32.762, 32.638, 33.474, 34.611, 34.901, 35.3, 34.76, 34.289, 33.603, 33.412, 34.141, 34.207, 34.958, 34.622, 33.281, 33.408, 33.069, 32.759, 34.007, 34.608, 34.04, 33.832, 34.802, 34.921, 34.995, 34.852, 34.736, 35.037, 35.401, 34.89, 34.721, 34.714, 34.016, 34.077, 33.949, 33.4, 34.061, 35.068, 36.099, 36.168, 35.21, 35.121, 35.434, 35.536, 35.809, 35.861, 35.467, 35.144, 35.631, 36.254, 36.382, 36.483, 36.408, 35.169, 34.374, 34.39, 34.297, 34.297, 34.862, 35.56, 40.664], [42.052, 42.028, 44.069, 45.243, 44.227, 42.573, 43.287, 44.069, 43.967, 44.348, 43.871, 43.418, 43.522, 42.448, 41.932, 41.761, 39.991, 39.272, 39.957, 39.058, 37.583, 36.535, 36.178, 36.745, 36.825, 33.726, 26.582, 19.374, 11.175, 0.0, 8.112, 15.171, 21.652, 24.957, 26.94, 29.09, 30.63, 31.208, 31.501, 31.522, 32.413, 33.607, 34.007, 34.523, 34.073, 33.717, 33.359, 33.572, 34.407, 34.599, 35.338, 34.943, 33.739, 33.966, 33.686, 33.463, 34.622, 35.176, 34.673, 34.54, 35.45, 35.513, 35.615, 35.532, 35.425, 35.657, 35.969, 35.502, 35.37, 35.383, 34.754, 34.872, 34.795, 34.235, 34.63, 35.455, 36.437, 36.521, 35.661, 35.613, 35.933, 35.967, 36.229, 36.297, 35.944, 35.685, 36.184, 36.804, 36.924, 37.04, 36.963, 35.747, 34.991, 35.002, 34.933, 35.023, 35.603, 36.243, 41.249], [42.179, 42.169, 44.193, 45.399, 44.448, 42.804, 43.608, 44.397, 44.302, 44.795, 44.444, 44.049, 44.172, 43.197, 42.812, 42.675, 40.872, 40.125, 40.854, 40.07, 38.689, 37.761, 37.544, 38.233, 38.373, 35.428, 28.756, 22.288, 15.998, 8.112, 0.0, 9.86, 18.34, 22.274, 24.629, 27.282, 29.121, 29.803, 30.174, 30.251, 31.29, 32.665, 33.094, 33.654, 33.215, 32.81, 32.508, 32.793, 33.656, 33.929, 34.81, 34.412, 33.094, 33.285, 33.019, 32.814, 34.127, 34.683, 34.22, 34.331, 35.357, 35.393, 35.516, 35.467, 35.346, 35.579, 35.882, 35.413, 35.32, 35.379, 34.74, 34.816, 34.717, 34.072, 34.328, 35.098, 35.999, 36.007, 35.177, 35.019, 35.203, 35.28, 35.566, 35.64, 35.316, 35.113, 35.717, 36.385, 36.491, 36.613, 36.545, 35.312, 34.556, 34.581, 34.505, 34.661, 35.329, 36.023, 41.35], [42.508, 42.539, 44.634, 45.924, 45.003, 43.151, 43.966, 44.799, 44.652, 45.223, 45.065, 44.822, 45.007, 44.14, 43.899, 43.784, 41.882, 41.085, 41.894, 41.148, 39.68, 38.823, 38.74, 39.441, 39.596, 36.761, 30.702, 25.565, 20.574, 15.171, 9.86, 0.0, 10.88, 16.548, 19.994, 23.715, 26.061, 26.887, 27.383, 27.556, 28.806, 30.454, 30.935, 31.567, 31.202, 30.884, 30.736, 31.161, 32.09, 32.583, 33.65, 33.215, 31.767, 31.915, 31.626, 31.43, 33.004, 33.559, 33.134, 33.528, 34.618, 34.63, 34.794, 34.8, 34.725, 34.962, 35.263, 34.795, 34.731, 34.793, 34.126, 34.178, 34.084, 33.418, 33.595, 34.404, 35.268, 35.191, 34.468, 34.22, 34.145, 34.26, 34.578, 34.667, 34.351, 34.204, 35.065, 35.843, 35.893, 35.967, 35.907, 34.542, 33.628, 33.595, 33.537, 33.818, 34.488, 35.241, 41.607], [43.153, 43.255, 45.31, 46.578, 45.689, 43.869, 44.671, 45.481, 45.333, 45.941, 45.826, 45.614, 45.851, 45.108, 44.958, 44.879, 43.132, 42.447, 43.227, 42.547, 41.158, 40.356, 40.348, 41.008, 41.131, 38.508, 33.106, 29.131, 25.608, 21.652, 18.34, 10.88, 0.0, 8.767, 15.415, 20.912, 23.792, 24.695, 25.377, 25.743, 27.22, 28.984, 29.598, 30.356, 30.188, 30.225, 30.425, 31.112, 32.001, 32.774, 34.056, 33.599, 32.278, 32.45, 32.159, 31.976, 33.589, 34.118, 33.671, 34.16, 35.128, 35.123, 35.314, 35.369, 35.351, 35.586, 35.894, 35.492, 35.432, 35.453, 34.844, 34.908, 34.856, 34.282, 34.372, 35.085, 35.873, 35.768, 35.149, 34.785, 34.529, 34.685, 35.0, 35.096, 34.825, 34.701, 35.632, 36.466, 36.498, 36.548, 36.512, 35.145, 34.184, 34.073, 34.053, 34.435, 34.956, 35.665, 42.212], [43.33, 43.44, 45.526, 46.814, 45.912, 44.124, 44.897, 45.682, 45.528, 46.14, 46.004, 45.784, 46.064, 45.391, 45.278, 45.222, 43.577, 42.996, 43.766, 43.074, 41.76, 41.045, 41.09, 41.757, 41.901, 39.365, 34.153, 30.62, 27.874, 24.957, 22.274, 16.548, 8.767, 0.0, 9.964, 18.022, 21.755, 22.813, 23.726, 24.265, 26.086, 28.15, 28.994, 29.87, 29.763, 29.937, 30.243, 30.922, 31.733, 32.685, 34.306, 33.939, 32.643, 32.767, 32.458, 32.274, 33.916, 34.416, 33.934, 34.357, 35.276, 35.276, 35.48, 35.549, 35.556, 35.829, 36.134, 35.729, 35.65, 35.652, 35.052, 35.11, 35.068, 34.5, 34.579, 35.253, 35.994, 35.891, 35.242, 34.862, 34.568, 34.706, 35.029, 35.121, 34.865, 34.746, 35.675, 36.538, 36.603, 36.685, 36.662, 35.323, 34.379, 34.246, 34.226, 34.673, 35.182, 35.895, 42.384], [43.009, 43.106, 45.267, 46.635, 45.767, 43.995, 44.752, 45.522, 45.366, 45.976, 45.863, 45.681, 46.007, 45.378, 45.313, 45.263, 43.632, 43.076, 43.859, 43.156, 41.863, 41.203, 41.285, 41.962, 42.141, 39.644, 34.541, 31.3, 29.126, 26.94, 24.629, 19.994, 15.415, 9.964, 0.0, 10.748, 16.294, 17.773, 19.239, 20.226, 22.402, 24.938, 26.319, 27.45, 27.429, 27.749, 28.187, 28.997, 29.823, 30.963, 33.127, 33.085, 32.027, 32.253, 31.971, 31.92, 33.603, 34.097, 33.615, 34.017, 34.914, 34.907, 35.115, 35.177, 35.206, 35.49, 35.797, 35.388, 35.275, 35.282, 34.674, 34.735, 34.72, 34.124, 34.224, 34.931, 35.674, 35.584, 34.911, 34.521, 34.221, 34.401, 34.728, 34.83, 34.57, 34.45, 35.394, 36.262, 36.332, 36.409, 36.373, 35.054, 34.11, 33.966, 33.929, 34.404, 34.958, 35.679, 42.057], [43.048, 43.139, 45.307, 46.677, 45.793, 44.029, 44.731, 45.455, 45.322, 45.925, 45.857, 45.752, 46.105, 45.535, 45.561, 45.56, 43.987, 43.432, 44.189, 43.575, 42.395, 41.741, 41.821, 42.48, 42.643, 40.227, 35.422, 32.484, 30.74, 29.09, 27.282, 23.715, 20.912, 18.022, 10.748, 0.0, 7.474, 10.189, 13.24, 15.194, 17.423, 20.382, 22.42, 23.945, 24.174, 24.917, 25.682, 26.922, 27.899, 29.119, 31.683, 32.134, 31.708, 32.255, 32.055, 32.205, 33.764, 34.275, 33.864, 34.271, 35.074, 35.094, 35.327, 35.41, 35.467, 35.679, 35.942, 35.546, 35.413, 35.45, 34.905, 34.981, 34.983, 34.433, 34.552, 35.237, 35.989, 35.936, 35.357, 34.937, 34.614, 34.865, 35.167, 35.266, 35.002, 34.874, 35.767, 36.548, 36.603, 36.652, 36.607, 35.426, 34.585, 34.44, 34.393, 34.845, 35.392, 36.08, 42.147], [43.419, 43.508, 45.657, 47.018, 46.117, 44.357, 44.991, 45.657, 45.553, 46.159, 46.091, 46.027, 46.417, 45.9, 45.961, 45.999, 44.517, 43.973, 44.698, 44.15, 43.037, 42.382, 42.461, 43.077, 43.193, 40.835, 36.282, 33.611, 32.064, 30.63, 29.121, 26.061, 23.792, 21.755, 16.294, 7.474, 0.0, 5.192, 10.643, 13.356, 15.47, 18.532, 20.823, 22.543, 22.951, 23.985, 25.0, 26.516, 27.596, 28.801, 31.491, 32.234, 32.187, 32.966, 32.844, 33.043, 34.407, 34.853, 34.518, 34.903, 35.598, 35.663, 35.91, 36.011, 36.084, 36.28, 36.537, 36.136, 35.994, 36.042, 35.567, 35.654, 35.642, 35.152, 35.271, 35.877, 36.632, 36.607, 36.08, 35.665, 35.4, 35.647, 35.901, 35.991, 35.724, 35.583, 36.39, 37.103, 37.164, 37.213, 37.172, 36.106, 35.357, 35.2, 35.094, 35.462, 35.973, 36.605, 42.559], [43.737, 43.814, 45.92, 47.287, 46.404, 44.643, 45.284, 45.946, 45.851, 46.457, 46.36, 46.271, 46.659, 46.142, 46.188, 46.251, 44.824, 44.283, 45.005, 44.459, 43.334, 42.686, 42.771, 43.372, 43.46, 41.094, 36.605, 34.044, 32.581, 31.208, 29.803, 26.887, 24.695, 22.813, 17.773, 10.189, 5.192, 0.0, 7.054, 10.739, 13.326, 16.847, 19.48, 21.454, 22.027, 23.212, 24.436, 26.175, 27.283, 28.555, 31.382, 32.243, 32.27, 33.121, 33.087, 33.263, 34.564, 34.958, 34.615, 35.08, 35.755, 35.808, 36.07, 36.182, 36.262, 36.45, 36.712, 36.316, 36.172, 36.219, 35.784, 35.894, 35.885, 35.413, 35.524, 36.079, 36.823, 36.83, 36.352, 35.913, 35.634, 35.929, 36.168, 36.26, 35.996, 35.84, 36.627, 37.32, 37.366, 37.417, 37.385, 36.356, 35.638, 35.476, 35.341, 35.675, 36.185, 36.803, 42.869], [43.773, 43.836, 45.92, 47.303, 46.427, 44.615, 45.248, 45.922, 45.812, 46.386, 46.265, 46.175, 46.556, 46.027, 46.09, 46.157, 44.716, 44.181, 44.916, 44.377, 43.268, 42.631, 42.714, 43.326, 43.431, 41.042, 36.586, 34.135, 32.762, 31.501, 30.174, 27.383, 25.377, 23.726, 19.239, 13.24, 10.643, 7.054, 0.0, 5.669, 9.965, 14.276, 17.496, 19.869, 20.672, 22.027, 23.433, 25.334, 26.5, 27.836, 30.824, 31.765, 31.835, 32.758, 32.791, 33.025, 34.39, 34.759, 34.369, 34.975, 35.732, 35.738, 35.995, 36.106, 36.195, 36.378, 36.645, 36.253, 36.109, 36.142, 35.692, 35.812, 35.808, 35.332, 35.456, 36.022, 36.779, 36.807, 36.352, 35.874, 35.519, 35.872, 36.119, 36.206, 35.928, 35.77, 36.554, 37.241, 37.277, 37.331, 37.31, 36.284, 35.584, 35.437, 35.296, 35.599, 36.123, 36.752, 42.877], [43.639, 43.69, 45.782, 47.182, 46.3, 44.457, 45.086, 45.776, 45.653, 46.218, 46.111, 46.032, 46.414, 45.876, 45.952, 46.015, 44.53, 43.984, 44.733, 44.183, 43.056, 42.43, 42.527, 43.16, 43.293, 40.886, 36.404, 33.948, 32.638, 31.522, 30.251, 27.556, 25.743, 24.265, 20.226, 15.194, 13.356, 10.739, 5.669, 0.0, 6.772, 12.39, 15.941, 18.484, 19.381, 20.89, 22.502, 24.499, 25.64, 27.009, 30.196, 31.232, 31.25, 32.233, 32.281, 32.567, 34.075, 34.459, 34.002, 34.591, 35.426, 35.45, 35.694, 35.799, 35.891, 36.107, 36.376, 35.965, 35.832, 35.865, 35.384, 35.501, 35.484, 35.006, 35.167, 35.756, 36.544, 36.568, 36.099, 35.577, 35.205, 35.586, 35.847, 35.941, 35.657, 35.484, 36.266, 36.967, 37.018, 37.08, 37.06, 36.0, 35.27, 35.123, 34.988, 35.279, 35.812, 36.464, 42.714], [43.779, 43.837, 45.879, 47.239, 46.358, 44.598, 45.231, 45.88, 45.774, 46.346, 46.241, 46.155, 46.54, 46.036, 46.112, 46.195, 44.792, 44.273, 44.993, 44.481, 43.376, 42.726, 42.828, 43.485, 43.644, 41.325, 37.053, 34.755, 33.474, 32.413, 31.29, 28.806, 27.22, 26.086, 22.402, 17.423, 15.47, 13.326, 9.965, 6.772, 0.0, 7.701, 12.777, 15.779, 17.097, 19.058, 21.171, 23.738, 25.048, 26.441, 29.657, 30.866, 31.269, 32.455, 32.556, 32.947, 34.438, 34.838, 34.447, 34.956, 35.632, 35.715, 36.008, 36.104, 36.211, 36.384, 36.607, 36.214, 36.088, 36.151, 35.728, 35.862, 35.865, 35.402, 35.502, 36.047, 36.825, 36.861, 36.488, 36.021, 35.702, 36.094, 36.354, 36.45, 36.17, 35.979, 36.718, 37.364, 37.377, 37.422, 37.399, 36.401, 35.695, 35.545, 35.392, 35.591, 36.088, 36.716, 42.869], [43.97, 44.068, 46.06, 47.355, 46.507, 44.9, 45.539, 46.141, 46.054, 46.619, 46.492, 46.392, 46.773, 46.308, 46.381, 46.449, 45.123, 44.642, 45.328, 44.858, 43.806, 43.144, 43.24, 43.896, 44.066, 41.843, 37.835, 35.777, 34.611, 33.607, 32.665, 30.454, 28.984, 28.15, 24.938, 20.382, 18.532, 16.847, 14.276, 12.39, 7.701, 0.0, 8.287, 13.1, 15.073, 17.644, 20.22, 23.419, 25.069, 26.556, 29.718, 30.949, 31.694, 33.006, 33.134, 33.58, 34.996, 35.406, 35.031, 35.48, 36.065, 36.122, 36.453, 36.578, 36.707, 36.855, 37.044, 36.668, 36.526, 36.592, 36.253, 36.426, 36.452, 36.027, 36.112, 36.627, 37.399, 37.467, 37.176, 36.716, 36.394, 36.757, 36.986, 37.08, 36.802, 36.603, 37.323, 37.934, 37.915, 37.935, 37.909, 36.965, 36.26, 36.071, 35.914, 36.087, 36.597, 37.158, 43.08], [44.038, 44.143, 46.123, 47.443, 46.665, 45.099, 45.779, 46.403, 46.321, 46.897, 46.777, 46.677, 47.082, 46.618, 46.655, 46.705, 45.371, 44.859, 45.554, 45.074, 43.971, 43.301, 43.396, 44.062, 44.249, 42.059, 38.038, 35.993, 34.901, 34.007, 33.094, 30.935, 29.598, 28.994, 26.319, 22.42, 20.823, 19.48, 17.496, 15.941, 12.777, 8.287, 0.0, 7.298, 10.785, 14.245, 17.748, 21.609, 23.571, 25.312, 28.719, 30.008, 30.977, 32.51, 32.653, 33.216, 34.771, 35.202, 34.773, 35.239, 35.882, 35.956, 36.29, 36.467, 36.637, 36.786, 36.968, 36.583, 36.444, 36.491, 36.13, 36.279, 36.293, 35.817, 35.858, 36.417, 37.187, 37.209, 36.937, 36.456, 36.131, 36.535, 36.759, 36.831, 36.513, 36.329, 37.114, 37.734, 37.702, 37.71, 37.678, 36.729, 35.99, 35.777, 35.64, 35.842, 36.377, 36.96, 43.144], [44.158, 44.241, 46.159, 47.494, 46.759, 45.198, 45.873, 46.505, 46.421, 46.986, 46.872, 46.775, 47.195, 46.759, 46.793, 46.843, 45.521, 45.014, 45.7, 45.229, 44.118, 43.439, 43.546, 44.228, 44.433, 42.305, 38.353, 36.333, 35.3, 34.523, 33.654, 31.567, 30.356, 29.87, 27.45, 23.945, 22.543, 21.454, 19.869, 18.484, 15.779, 13.1, 7.298, 0.0, 6.089, 11.246, 15.377, 19.875, 22.061, 24.026, 27.743, 29.089, 30.28, 32.128, 32.334, 33.129, 34.906, 35.324, 34.91, 35.5, 36.172, 36.29, 36.615, 36.793, 37.01, 37.166, 37.336, 36.969, 36.831, 36.857, 36.455, 36.543, 36.538, 36.034, 36.016, 36.551, 37.228, 37.193, 36.964, 36.52, 36.235, 36.659, 36.882, 36.931, 36.609, 36.433, 37.189, 37.779, 37.739, 37.746, 37.708, 36.782, 36.076, 35.889, 35.749, 35.932, 36.475, 37.072, 43.253], [43.918, 44.0, 45.951, 47.325, 46.567, 44.922, 45.573, 46.216, 46.118, 46.688, 46.587, 46.515, 46.95, 46.484, 46.509, 46.554, 45.143, 44.583, 45.283, 44.808, 43.697, 43.009, 43.124, 43.833, 44.035, 41.829, 37.788, 35.768, 34.76, 34.073, 33.215, 31.202, 30.188, 29.763, 27.429, 24.174, 22.951, 22.027, 20.672, 19.381, 17.097, 15.073, 10.785, 6.089, 0.0, 7.356, 12.627, 17.633, 20.202, 22.285, 26.182, 27.558, 28.749, 30.769, 31.012, 31.938, 33.987, 34.457, 34.096, 34.761, 35.519, 35.666, 35.998, 36.183, 36.434, 36.671, 36.891, 36.515, 36.39, 36.419, 35.978, 36.044, 36.006, 35.452, 35.411, 36.006, 36.739, 36.695, 36.474, 36.084, 35.809, 36.25, 36.482, 36.526, 36.174, 35.982, 36.764, 37.386, 37.363, 37.384, 37.347, 36.363, 35.616, 35.444, 35.296, 35.456, 36.026, 36.658, 42.98], [43.698, 43.768, 45.762, 47.182, 46.432, 44.72, 45.371, 46.042, 45.949, 46.553, 46.488, 46.451, 46.94, 46.47, 46.497, 46.536, 45.001, 44.362, 45.088, 44.558, 43.346, 42.638, 42.759, 43.477, 43.666, 41.375, 37.243, 35.251, 34.289, 33.717, 32.81, 30.884, 30.225, 29.937, 27.749, 24.917, 23.985, 23.212, 22.027, 20.89, 19.058, 17.644, 14.245, 11.246, 7.356, 0.0, 7.743, 14.691, 17.842, 19.996, 24.156, 25.615, 26.884, 29.178, 29.451, 30.525, 32.862, 33.429, 33.176, 33.99, 34.875, 35.038, 35.373, 35.569, 35.825, 36.143, 36.447, 36.063, 35.929, 35.964, 35.499, 35.563, 35.516, 34.89, 34.855, 35.553, 36.339, 36.248, 35.939, 35.508, 35.225, 35.682, 35.931, 35.974, 35.589, 35.399, 36.245, 36.911, 36.903, 36.933, 36.905, 35.864, 35.065, 34.913, 34.743, 34.84, 35.41, 36.092, 42.731], [43.272, 43.329, 45.393, 46.86, 46.083, 44.259, 44.883, 45.568, 45.466, 46.074, 46.052, 46.079, 46.63, 46.176, 46.223, 46.24, 44.561, 43.868, 44.64, 44.038, 42.712, 41.974, 42.105, 42.821, 42.999, 40.663, 36.46, 34.434, 33.603, 33.359, 32.508, 30.736, 30.425, 30.243, 28.187, 25.682, 25.0, 24.436, 23.433, 22.502, 21.171, 20.22, 17.748, 15.377, 12.627, 7.743, 0.0, 9.411, 14.036, 16.419, 21.267, 23.148, 24.565, 27.156, 27.47, 28.748, 31.494, 32.241, 32.127, 33.016, 33.963, 34.155, 34.474, 34.663, 34.935, 35.305, 35.661, 35.284, 35.163, 35.206, 34.681, 34.731, 34.673, 33.982, 34.03, 34.86, 35.666, 35.552, 35.127, 34.642, 34.345, 34.814, 35.075, 35.112, 34.685, 34.453, 35.329, 36.029, 36.037, 36.076, 36.06, 34.952, 34.097, 33.961, 33.779, 33.85, 34.434, 35.186, 42.292], [43.044, 43.104, 45.175, 46.645, 45.861, 44.0, 44.572, 45.249, 45.127, 45.708, 45.715, 45.807, 46.368, 45.9, 45.95, 45.939, 44.189, 43.444, 44.238, 43.645, 42.3, 41.559, 41.694, 42.414, 42.604, 40.3, 36.161, 34.118, 33.412, 33.572, 32.793, 31.161, 31.112, 30.922, 28.997, 26.922, 26.516, 26.175, 25.334, 24.499, 23.738, 23.419, 21.609, 19.875, 17.633, 14.691, 9.411, 0.0, 7.107, 11.515, 17.708, 20.565, 22.542, 25.403, 25.797, 27.248, 30.266, 31.224, 31.259, 32.232, 33.308, 33.528, 33.834, 34.01, 34.296, 34.761, 35.144, 34.797, 34.785, 34.863, 34.282, 34.311, 34.23, 33.493, 33.606, 34.457, 35.236, 35.113, 34.589, 34.143, 33.875, 34.319, 34.594, 34.607, 34.118, 33.833, 34.743, 35.495, 35.556, 35.63, 35.624, 34.52, 33.697, 33.578, 33.381, 33.547, 34.203, 34.988, 42.072], [43.386, 43.44, 45.435, 46.849, 46.069, 44.263, 44.828, 45.499, 45.381, 45.951, 45.97, 46.069, 46.595, 46.136, 46.183, 46.162, 44.493, 43.767, 44.546, 43.975, 42.636, 41.922, 42.061, 42.743, 42.919, 40.725, 36.782, 34.813, 34.141, 34.407, 33.656, 32.09, 32.001, 31.733, 29.823, 27.899, 27.596, 27.283, 26.5, 25.64, 25.048, 25.069, 23.571, 22.061, 20.202, 17.842, 14.036, 7.107, 0.0, 7.858, 16.464, 20.128, 22.624, 25.586, 26.057, 27.551, 30.525, 31.565, 31.682, 32.592, 33.631, 33.895, 34.206, 34.376, 34.671, 35.121, 35.493, 35.217, 35.319, 35.455, 34.931, 34.952, 34.848, 34.152, 34.258, 34.964, 35.652, 35.528, 34.99, 34.534, 34.267, 34.719, 34.989, 34.998, 34.538, 34.274, 35.178, 35.936, 36.008, 36.071, 36.057, 35.016, 34.27, 34.13, 33.872, 34.115, 34.82, 35.534, 42.418], [43.383, 43.399, 45.37, 46.779, 45.951, 44.122, 44.711, 45.388, 45.27, 45.84, 45.871, 45.976, 46.523, 46.088, 46.152, 46.115, 44.423, 43.678, 44.468, 43.911, 42.566, 41.838, 41.988, 42.684, 42.862, 40.678, 36.789, 34.853, 34.207, 34.599, 33.929, 32.583, 32.774, 32.685, 30.963, 29.119, 28.801, 28.555, 27.836, 27.009, 26.441, 26.556, 25.312, 24.026, 22.285, 19.996, 16.419, 11.515, 7.858, 0.0, 11.334, 16.925, 20.332, 23.873, 24.499, 26.292, 29.617, 30.94, 31.367, 32.383, 33.406, 33.704, 34.041, 34.209, 34.491, 34.934, 35.33, 35.097, 35.282, 35.498, 35.019, 35.047, 34.927, 34.254, 34.402, 35.13, 35.802, 35.679, 35.117, 34.534, 34.275, 34.807, 35.089, 35.084, 34.605, 34.351, 35.251, 35.95, 35.981, 35.998, 35.984, 34.96, 34.219, 34.092, 33.802, 34.012, 34.774, 35.504, 42.424], [43.473, 43.505, 45.358, 46.693, 45.899, 44.201, 44.861, 45.524, 45.412, 45.979, 45.983, 46.044, 46.575, 46.162, 46.204, 46.151, 44.493, 43.787, 44.554, 44.085, 42.82, 42.028, 42.188, 42.971, 43.226, 41.141, 37.437, 35.656, 34.958, 35.338, 34.81, 33.65, 34.056, 34.306, 33.127, 31.683, 31.491, 31.382, 30.824, 30.196, 29.657, 29.718, 28.719, 27.743, 26.182, 24.156, 21.267, 17.708, 16.464, 11.334, 0.0, 9.727, 16.795, 21.405, 22.3, 24.816, 28.614, 30.352, 31.348, 32.686, 33.678, 33.995, 34.365, 34.529, 34.807, 35.2, 35.562, 35.397, 35.69, 35.969, 35.494, 35.506, 35.396, 34.774, 35.007, 35.841, 36.455, 36.295, 35.871, 35.39, 35.151, 35.705, 35.984, 35.978, 35.457, 35.158, 36.042, 36.653, 36.646, 36.649, 36.636, 35.67, 34.933, 34.837, 34.598, 34.656, 35.343, 36.061, 42.535], [43.422, 43.481, 45.359, 46.691, 45.895, 44.186, 44.865, 45.537, 45.436, 46.006, 45.945, 45.932, 46.435, 45.981, 45.986, 45.93, 44.259, 43.58, 44.348, 43.852, 42.534, 41.688, 41.834, 42.655, 42.961, 40.888, 37.125, 35.348, 34.622, 34.943, 34.412, 33.215, 33.599, 33.939, 33.085, 32