[[0.0, 6.926, 14.6, 20.989, 25.137, 28.535, 29.955, 29.899, 30.482, 32.335, 34.314, 35.09, 35.526, 36.637, 37.959, 38.758, 39.179, 39.428, 39.676, 39.758, 39.568, 39.572, 40.196, 40.787, 40.906, 41.235, 41.461, 41.161, 41.019, 40.956, 40.726, 40.771, 40.871, 40.985, 41.431, 41.606, 41.091, 41.098, 41.579, 41.442, 41.232, 41.666, 42.078, 42.24, 42.764, 43.531, 44.21, 45.057, 45.627, 45.466, 44.822, 44.524, 44.687, 44.295, 43.535, 43.337, 43.627, 43.874, 43.941, 44.057, 44.124, 43.553, 42.183, 40.744, 40.125, 40.077, 39.83, 39.675, 39.559, 38.965, 38.474, 39.068, 39.639, 39.73, 39.872, 40.544, 41.831, 42.617, 42.778, 42.638, 41.994, 41.564, 41.561, 41.445, 41.314, 41.51, 42.24, 43.018, 43.322, 43.112, 43.191, 43.462, 43.513, 43.576, 43.868, 43.771, 43.209, 42.914, 42.857, 42.599, 42.204, 41.82, 41.257, 40.946, 41.223, 41.479, 41.504, 41.161, 40.725, 41.62, 42.773, 42.541, 41.612, 41.569, 42.525, 43.23, 43.209, 43.037, 43.073, 43.258, 43.423, 43.613, 44.016, 44.068, 43.611, 43.42, 43.4, 43.211, 43.011, 42.64, 42.424, 42.453, 42.439, 42.628, 43.113, 43.451, 43.619, 43.487, 43.012, 42.532, 42.13, 41.911, 41.95, 42.412, 42.66, 42.146, 41.238, 40.66, 40.307, 40.334, 40.802, 40.867, 40.702, 40.847, 40.94, 40.792, 40.831, 40.635, 40.424, 40.277, 40.24, 40.176, 40.47, 41.444, 42.186, 42.266, 41.948, 41.782, 41.997, 42.573, 43.119, 42.824, 42.492, 42.547, 43.173, 43.929, 43.866, 43.548, 43.587, 43.491, 43.21, 42.955, 42.744, 42.386, 41.833, 41.213, 41.758, 44.611, 47.506, 48.001, 47.346, 47.545, 48.126, 48.608, 49.029, 49.135, 49.114, 49.219, 49.516, 49.637, 49.081, 48.253, 47.997, 48.353, 48.671, 7.842], [6.926, 0.0, 9.373, 17.302, 22.431, 26.359, 27.958, 27.941, 28.59, 30.475, 32.456, 33.266, 33.824, 35.144, 36.636, 37.512, 37.987, 38.314, 38.662, 38.839, 38.734, 38.869, 39.686, 40.402, 40.56, 40.92, 41.199, 40.946, 40.824, 40.749, 40.489, 40.516, 40.578, 40.635, 41.085, 41.313, 40.899, 41.018, 41.566, 41.46, 41.258, 41.714, 42.169, 42.365, 42.902, 43.681, 44.378, 45.217, 45.745, 45.55, 44.903, 44.596, 44.735, 44.332, 43.568, 43.342, 43.613, 43.87, 43.94, 44.04, 44.086, 43.494, 42.088, 40.576, 39.929, 39.866, 39.568, 39.352, 39.197, 38.575, 38.061, 38.661, 39.229, 39.311, 39.483, 40.246, 41.61, 42.401, 42.542, 42.39, 41.76, 41.341, 41.312, 41.183, 41.06, 41.266, 41.996, 42.788, 43.117, 42.928, 43.026, 43.267, 43.3, 43.374, 43.674, 43.553, 42.974, 42.698, 42.668, 42.431, 42.042, 41.647, 41.06, 40.757, 41.08, 41.345, 41.326, 40.935, 40.521, 41.442, 42.583, 42.331, 41.398, 41.311, 42.217, 42.932, 42.934, 42.757, 42.797, 42.995, 43.177, 43.401, 43.852, 43.915, 43.406, 43.151, 43.084, 42.879, 42.692, 42.31, 42.064, 42.069, 42.052, 42.243, 42.73, 43.074, 43.232, 43.05, 42.551, 42.09, 41.689, 41.433, 41.461, 41.968, 42.252, 41.689, 40.728, 40.197, 39.941, 40.073, 40.594, 40.627, 40.414, 40.568, 40.692, 40.565, 40.681, 40.612, 40.5, 40.387, 40.39, 40.32, 40.541, 41.424, 42.104, 42.16, 41.835, 41.667, 41.881, 42.455, 43.003, 42.674, 42.268, 42.301, 42.914, 43.649, 43.605, 43.343, 43.415, 43.273, 42.929, 42.645, 42.423, 42.077, 41.537, 40.908, 41.437, 44.295, 47.233, 47.761, 47.117, 47.293, 47.832, 48.282, 48.69, 48.814, 48.808, 48.921, 49.225, 49.353, 48.796, 47.97, 47.725, 48.089, 48.388, 12.871], [14.6, 9.373, 0.0, 9.799, 17.248, 22.663, 24.794, 24.886, 25.747, 28.107, 30.525, 31.407, 31.901, 33.345, 34.982, 35.882, 36.365, 36.747, 37.191, 37.461, 37.414, 37.63, 38.582, 39.401, 39.605, 40.005, 40.326, 40.113, 40.03, 39.928, 39.574, 39.533, 39.532, 39.534, 40.022, 40.285, 39.925, 40.242, 40.963, 40.888, 40.663, 41.166, 41.726, 41.996, 42.568, 43.402, 44.211, 45.115, 45.57, 45.281, 44.578, 44.254, 44.4, 43.983, 43.194, 42.936, 43.195, 43.462, 43.521, 43.572, 43.577, 42.932, 41.377, 39.629, 38.887, 38.815, 38.471, 38.191, 37.993, 37.344, 36.876, 37.625, 38.205, 38.143, 38.287, 39.164, 40.685, 41.607, 41.759, 41.468, 40.732, 40.322, 40.308, 40.161, 40.054, 40.326, 41.132, 42.004, 42.419, 42.279, 42.414, 42.674, 42.732, 42.847, 43.18, 43.033, 42.418, 42.16, 42.179, 41.994, 41.644, 41.28, 40.662, 40.323, 40.683, 40.944, 40.765, 40.177, 39.689, 40.672, 41.866, 41.588, 40.608, 40.493, 41.399, 42.136, 42.144, 41.954, 42.008, 42.247, 42.47, 42.726, 43.224, 43.286, 42.652, 42.253, 42.082, 41.826, 41.645, 41.221, 40.884, 40.812, 40.765, 41.001, 41.572, 41.984, 42.177, 41.983, 41.459, 40.978, 40.542, 40.243, 40.282, 40.873, 41.176, 40.528, 39.477, 38.963, 38.788, 39.012, 39.599, 39.621, 39.335, 39.489, 39.667, 39.561, 39.754, 39.862, 39.893, 39.84, 39.923, 39.86, 39.939, 40.705, 41.32, 41.323, 40.957, 40.754, 40.924, 41.502, 42.129, 41.785, 41.227, 41.236, 41.912, 42.699, 42.706, 42.552, 42.723, 42.552, 42.113, 41.758, 41.489, 41.156, 40.627, 39.907, 40.373, 43.356, 46.51, 47.153, 46.518, 46.686, 47.218, 47.663, 48.087, 48.264, 48.298, 48.397, 48.671, 48.776, 48.164, 47.268, 46.992, 47.379, 47.684, 18.607], [20.989, 17.302, 9.799, 0.0, 9.874, 17.606, 20.711, 21.038, 22.382, 25.718, 28.967, 30.083, 30.494, 31.939, 33.605, 34.497, 35.089, 35.647, 36.24, 36.615, 36.601, 36.811, 37.781, 38.641, 38.857, 39.256, 39.587, 39.404, 39.386, 39.334, 38.993, 38.952, 38.922, 38.89, 39.377, 39.663, 39.375, 39.808, 40.6, 40.539, 40.323, 40.847, 41.472, 41.803, 42.397, 43.251, 44.117, 45.045, 45.427, 45.065, 44.33, 43.989, 44.119, 43.697, 42.917, 42.652, 42.89, 43.157, 43.214, 43.24, 43.231, 42.596, 41.011, 39.196, 38.45, 38.434, 38.15, 37.896, 37.684, 37.039, 36.645, 37.509, 38.073, 37.834, 37.869, 38.763, 40.299, 41.28, 41.448, 41.038, 40.173, 39.723, 39.721, 39.563, 39.452, 39.735, 40.544, 41.41, 41.867, 41.822, 42.034, 42.347, 42.454, 42.603, 42.95, 42.795, 42.184, 41.953, 41.999, 41.826, 41.5, 41.191, 40.603, 40.236, 40.571, 40.789, 40.472, 39.745, 39.197, 40.208, 41.434, 41.149, 40.168, 40.061, 40.938, 41.63, 41.625, 41.443, 41.515, 41.782, 42.035, 42.293, 42.795, 42.862, 42.174, 41.699, 41.461, 41.193, 41.07, 40.641, 40.228, 40.105, 40.052, 40.323, 40.94, 41.411, 41.656, 41.481, 40.944, 40.445, 40.011, 39.722, 39.758, 40.329, 40.597, 39.951, 38.947, 38.495, 38.345, 38.534, 39.108, 39.142, 38.815, 38.945, 39.173, 39.116, 39.327, 39.511, 39.627, 39.615, 39.726, 39.693, 39.716, 40.375, 40.911, 40.864, 40.468, 40.213, 40.31, 40.866, 41.569, 41.242, 40.591, 40.676, 41.493, 42.319, 42.345, 42.277, 42.549, 42.389, 41.896, 41.485, 41.184, 40.877, 40.391, 39.599, 39.922, 42.861, 46.101, 46.832, 46.214, 46.371, 46.886, 47.312, 47.748, 47.974, 48.052, 48.125, 48.331, 48.367, 47.687, 46.725, 46.42, 46.825, 47.135, 23.962], [25.137, 22.431, 17.248, 9.874, 0.0, 9.352, 13.793, 14.714, 16.719, 21.276, 25.769, 27.737, 28.68, 30.365, 32.192, 33.33, 34.275, 35.168, 36.001, 36.498, 36.486, 36.61, 37.496, 38.329, 38.478, 38.801, 39.126, 38.976, 39.002, 39.116, 39.131, 39.412, 39.468, 39.344, 39.739, 40.062, 39.868, 40.251, 40.932, 40.899, 40.82, 41.378, 41.962, 42.259, 42.826, 43.635, 44.439, 45.308, 45.692, 45.395, 44.733, 44.416, 44.521, 44.078, 43.324, 43.09, 43.316, 43.576, 43.673, 43.745, 43.768, 43.195, 41.703, 39.986, 39.338, 39.468, 39.303, 39.088, 38.892, 38.287, 37.886, 38.685, 39.275, 39.03, 38.902, 39.703, 41.218, 42.182, 42.329, 41.964, 41.105, 40.505, 40.429, 40.281, 40.147, 40.346, 41.012, 41.732, 42.103, 42.096, 42.344, 42.672, 42.788, 42.936, 43.27, 43.121, 42.538, 42.307, 42.303, 42.07, 41.736, 41.447, 40.901, 40.533, 40.761, 40.926, 40.731, 40.163, 39.698, 40.697, 41.9, 41.646, 40.71, 40.603, 41.405, 41.989, 41.947, 41.759, 41.811, 42.071, 42.335, 42.577, 43.039, 43.15, 42.599, 42.27, 42.102, 41.882, 41.832, 41.473, 41.094, 41.004, 41.001, 41.263, 41.823, 42.263, 42.499, 42.322, 41.774, 41.27, 40.842, 40.573, 40.598, 41.082, 41.307, 40.751, 39.88, 39.49, 39.31, 39.391, 39.871, 39.887, 39.586, 39.703, 39.904, 39.878, 40.083, 40.18, 40.262, 40.271, 40.33, 40.323, 40.435, 41.052, 41.537, 41.481, 41.081, 40.771, 40.797, 41.311, 42.025, 41.698, 41.055, 41.218, 42.04, 42.816, 42.825, 42.725, 42.965, 42.803, 42.321, 41.927, 41.655, 41.398, 40.975, 40.228, 40.534, 43.281, 46.348, 47.04, 46.441, 46.607, 47.116, 47.53, 47.973, 48.229, 48.331, 48.387, 48.549, 48.564, 47.916, 46.961, 46.63, 47.01, 47.311, 27.436], [28.535, 26.359, 22.663, 17.606, 9.352, 0.0, 5.711, 8.138, 11.208, 16.519, 22.167, 25.381, 27.306, 29.42, 31.501, 32.998, 34.326, 35.515, 36.532, 37.1, 37.07, 37.071, 37.787, 38.507, 38.555, 38.798, 39.143, 39.02, 39.016, 39.264, 39.773, 40.551, 40.765, 40.553, 40.807, 41.113, 40.984, 41.313, 41.888, 41.904, 42.001, 42.626, 43.156, 43.386, 43.899, 44.638, 45.335, 46.118, 46.538, 46.346, 45.774, 45.498, 45.593, 45.134, 44.41, 44.221, 44.443, 44.684, 44.816, 44.921, 44.94, 44.411, 43.016, 41.413, 40.858, 41.081, 40.974, 40.776, 40.628, 40.083, 39.605, 40.227, 40.855, 40.719, 40.463, 41.13, 42.639, 43.586, 43.696, 43.447, 42.715, 42.018, 41.874, 41.759, 41.613, 41.735, 42.271, 42.845, 43.099, 43.067, 43.266, 43.546, 43.644, 43.778, 44.098, 43.988, 43.464, 43.231, 43.155, 42.867, 42.517, 42.216, 41.682, 41.312, 41.428, 41.56, 41.575, 41.246, 40.925, 41.875, 42.989, 42.776, 41.907, 41.795, 42.506, 42.987, 42.888, 42.66, 42.671, 42.921, 43.19, 43.406, 43.817, 43.975, 43.621, 43.528, 43.496, 43.332, 43.313, 43.031, 42.753, 42.737, 42.794, 43.034, 43.506, 43.873, 44.056, 43.85, 43.301, 42.81, 42.383, 42.111, 42.113, 42.512, 42.714, 42.263, 41.524, 41.157, 40.93, 40.954, 41.357, 41.317, 41.06, 41.212, 41.358, 41.317, 41.505, 41.481, 41.513, 41.557, 41.571, 41.561, 41.76, 42.346, 42.794, 42.754, 42.37, 42.014, 41.971, 42.412, 43.09, 42.812, 42.253, 42.442, 43.167, 43.864, 43.879, 43.724, 43.862, 43.664, 43.231, 42.89, 42.648, 42.422, 42.059, 41.409, 41.779, 44.271, 47.023, 47.609, 47.03, 47.201, 47.71, 48.132, 48.574, 48.828, 48.933, 48.999, 49.165, 49.21, 48.67, 47.796, 47.45, 47.778, 48.074, 30.234], [29.955, 27.958, 24.794, 20.711, 13.793, 5.711, 0.0, 4.216, 9.115, 14.732, 20.621, 24.369, 26.807, 29.156, 31.368, 33.057, 34.55, 35.805, 36.837, 37.396, 37.346, 37.287, 37.913, 38.566, 38.555, 38.775, 39.164, 39.059, 39.014, 39.29, 40.011, 41.027, 41.342, 41.127, 41.293, 41.527, 41.399, 41.735, 42.289, 42.321, 42.479, 43.138, 43.653, 43.85, 44.329, 45.033, 45.683, 46.449, 46.912, 46.779, 46.253, 46.005, 46.105, 45.642, 44.938, 44.778, 45.003, 45.227, 45.372, 45.488, 45.486, 44.963, 43.601, 42.031, 41.491, 41.731, 41.631, 41.431, 41.314, 40.794, 40.255, 40.786, 41.442, 41.377, 41.087, 41.69, 43.203, 44.148, 44.244, 44.049, 43.399, 42.71, 42.562, 42.471, 42.318, 42.42, 42.943, 43.496, 43.718, 43.658, 43.803, 44.033, 44.121, 44.259, 44.575, 44.486, 43.991, 43.755, 43.659, 43.384, 43.052, 42.749, 42.209, 41.837, 41.939, 42.072, 42.122, 41.835, 41.562, 42.471, 43.518, 43.32, 42.507, 42.429, 43.129, 43.581, 43.46, 43.224, 43.228, 43.469, 43.723, 43.915, 44.295, 44.438, 44.125, 44.122, 44.166, 44.028, 43.988, 43.729, 43.513, 43.533, 43.609, 43.851, 44.306, 44.659, 44.829, 44.61, 44.058, 43.572, 43.143, 42.869, 42.856, 43.216, 43.396, 42.974, 42.28, 41.9, 41.644, 41.672, 42.074, 42.0, 41.754, 41.942, 42.077, 42.014, 42.176, 42.103, 42.131, 42.197, 42.2, 42.168, 42.367, 42.931, 43.374, 43.355, 42.98, 42.607, 42.53, 42.923, 43.581, 43.354, 42.845, 43.028, 43.704, 44.368, 44.4, 44.236, 44.321, 44.096, 43.701, 43.393, 43.144, 42.902, 42.552, 41.956, 42.366, 44.733, 47.322, 47.856, 47.286, 47.448, 47.953, 48.379, 48.82, 49.08, 49.202, 49.306, 49.506, 49.559, 49.042, 48.199, 47.847, 48.151, 48.446, 31.394], [29.899, 27.941, 24.886, 21.038, 14.714, 8.138, 4.216, 0.0, 6.383, 13.258, 19.657, 23.402, 25.812, 28.264, 30.606, 32.354, 33.841, 35.064, 36.074, 36.623, 36.566, 36.504, 37.153, 37.831, 37.826, 38.069, 38.489, 38.379, 38.32, 38.602, 39.339, 40.39, 40.751, 40.603, 40.85, 41.099, 40.944, 41.31, 41.907, 41.927, 42.054, 42.716, 43.251, 43.456, 43.936, 44.642, 45.313, 46.123, 46.605, 46.461, 45.92, 45.672, 45.777, 45.299, 44.578, 44.42, 44.653, 44.882, 45.032, 45.146, 45.139, 44.605, 43.195, 41.536, 40.93, 41.155, 41.051, 40.849, 40.735, 40.198, 39.646, 40.221, 40.893, 40.8, 40.507, 41.12, 42.658, 43.63, 43.737, 43.521, 42.848, 42.166, 42.036, 41.95, 41.785, 41.875, 42.403, 42.995, 43.248, 43.176, 43.298, 43.519, 43.609, 43.754, 44.08, 43.994, 43.487, 43.244, 43.157, 42.903, 42.598, 42.32, 41.777, 41.397, 41.527, 41.675, 41.672, 41.332, 41.036, 41.958, 43.016, 42.815, 42.013, 41.987, 42.746, 43.217, 43.097, 42.874, 42.89, 43.131, 43.371, 43.548, 43.929, 44.055, 43.684, 43.636, 43.674, 43.537, 43.488, 43.207, 42.983, 42.994, 43.062, 43.329, 43.832, 44.235, 44.434, 44.213, 43.638, 43.14, 42.712, 42.441, 42.439, 42.808, 42.965, 42.492, 41.758, 41.374, 41.13, 41.176, 41.609, 41.544, 41.279, 41.466, 41.621, 41.548, 41.694, 41.649, 41.704, 41.772, 41.781, 41.748, 41.92, 42.492, 42.952, 42.924, 42.52, 42.137, 42.062, 42.459, 43.135, 42.9, 42.343, 42.49, 43.175, 43.866, 43.917, 43.774, 43.872, 43.644, 43.245, 42.934, 42.673, 42.406, 42.032, 41.425, 41.852, 44.277, 46.91, 47.445, 46.864, 47.041, 47.576, 48.027, 48.483, 48.757, 48.903, 49.036, 49.257, 49.298, 48.732, 47.839, 47.468, 47.784, 48.089, 31.312], [30.482, 28.59, 25.747, 22.382, 16.719, 11.208, 9.115, 6.383, 0.0, 8.46, 16.371, 20.716, 23.352, 26.052, 28.668, 30.566, 32.145, 33.487, 34.611, 35.249, 35.25, 35.226, 35.934, 36.688, 36.752, 37.059, 37.523, 37.426, 37.362, 37.681, 38.52, 39.671, 40.065, 40.0, 40.473, 40.869, 40.708, 41.081, 41.713, 41.742, 41.847, 42.506, 43.055, 43.266, 43.741, 44.443, 45.129, 45.954, 46.408, 46.219, 45.626, 45.347, 45.447, 44.937, 44.17, 44.0, 44.243, 44.484, 44.633, 44.732, 44.716, 44.164, 42.695, 40.956, 40.313, 40.515, 40.405, 40.215, 40.1, 39.532, 38.969, 39.583, 40.266, 40.185, 39.912, 40.545, 42.132, 43.162, 43.284, 43.045, 42.319, 41.582, 41.452, 41.358, 41.16, 41.214, 41.729, 42.363, 42.659, 42.58, 42.678, 42.86, 42.918, 43.06, 43.399, 43.301, 42.76, 42.503, 42.42, 42.176, 41.894, 41.65, 41.118, 40.724, 40.85, 41.031, 41.082, 40.755, 40.43, 41.398, 42.506, 42.281, 41.418, 41.387, 42.201, 42.72, 42.62, 42.405, 42.425, 42.667, 42.898, 43.083, 43.488, 43.632, 43.253, 43.189, 43.198, 43.035, 42.992, 42.696, 42.436, 42.422, 42.471, 42.724, 43.226, 43.639, 43.83, 43.581, 43.003, 42.524, 42.101, 41.837, 41.85, 42.224, 42.371, 41.862, 41.085, 40.716, 40.505, 40.573, 41.022, 40.971, 40.715, 40.915, 41.066, 40.979, 41.141, 41.131, 41.176, 41.237, 41.265, 41.25, 41.412, 41.988, 42.46, 42.413, 41.97, 41.582, 41.516, 41.922, 42.593, 42.346, 41.774, 41.895, 42.591, 43.324, 43.406, 43.28, 43.401, 43.185, 42.766, 42.444, 42.193, 41.933, 41.536, 40.894, 41.372, 43.949, 46.692, 47.234, 46.628, 46.824, 47.398, 47.882, 48.36, 48.641, 48.787, 48.917, 49.135, 49.179, 48.601, 47.679, 47.295, 47.627, 47.946, 31.832], [32.335, 30.475, 28.107, 25.718, 21.276, 16.519, 14.732, 13.258, 8.46, 0.0, 9.363, 15.556, 19.61, 22.92, 25.905, 28.173, 30.144, 31.875, 33.329, 34.233, 34.447, 34.602, 35.495, 36.395, 36.549, 36.954, 37.553, 37.541, 37.46, 37.781, 38.798, 40.122, 40.527, 40.456, 41.043, 41.556, 41.459, 41.808, 42.402, 42.484, 42.653, 43.303, 43.819, 44.015, 44.44, 45.074, 45.714, 46.45, 46.834, 46.652, 46.057, 45.739, 45.811, 45.303, 44.536, 44.362, 44.6, 44.832, 44.975, 45.072, 45.028, 44.457, 43.045, 41.435, 40.869, 41.056, 40.957, 40.788, 40.679, 40.13, 39.537, 40.01, 40.678, 40.803, 40.618, 41.177, 42.755, 43.798, 43.91, 43.719, 43.017, 42.204, 42.051, 41.953, 41.727, 41.768, 42.316, 43.013, 43.334, 43.221, 43.248, 43.331, 43.319, 43.447, 43.767, 43.628, 43.053, 42.787, 42.695, 42.458, 42.207, 41.998, 41.481, 41.074, 41.167, 41.416, 41.652, 41.423, 41.131, 42.129, 43.211, 42.904, 41.941, 41.861, 42.659, 43.186, 43.128, 42.957, 42.985, 43.204, 43.417, 43.64, 44.081, 44.228, 43.887, 43.863, 43.851, 43.642, 43.598, 43.327, 43.066, 43.032, 43.051, 43.224, 43.625, 43.968, 44.112, 43.855, 43.35, 42.941, 42.52, 42.245, 42.232, 42.55, 42.699, 42.245, 41.553, 41.249, 41.063, 41.128, 41.551, 41.486, 41.295, 41.549, 41.679, 41.598, 41.772, 41.703, 41.686, 41.749, 41.767, 41.717, 41.867, 42.408, 42.872, 42.833, 42.389, 42.027, 41.982, 42.362, 42.96, 42.742, 42.312, 42.483, 43.145, 43.854, 43.946, 43.811, 43.897, 43.657, 43.248, 42.99, 42.799, 42.568, 42.18, 41.558, 42.085, 44.693, 47.445, 47.976, 47.35, 47.515, 48.048, 48.497, 48.967, 49.256, 49.396, 49.532, 49.767, 49.833, 49.281, 48.382, 48.012, 48.33, 48.643, 33.566], [34.314, 32.456, 30.525, 28.967, 25.769, 22.167, 20.621, 19.657, 16.371, 9.363, 0.0, 8.321, 14.831, 19.292, 22.689, 25.383, 27.897, 30.091, 31.936, 33.191, 33.716, 34.186, 35.413, 36.523, 36.746, 37.22, 37.978, 38.102, 38.023, 38.279, 39.317, 40.695, 41.096, 40.988, 41.565, 42.116, 42.122, 42.499, 43.078, 43.213, 43.443, 44.077, 44.569, 44.773, 45.142, 45.698, 46.297, 46.919, 47.204, 47.051, 46.499, 46.155, 46.191, 45.715, 44.995, 44.816, 45.032, 45.244, 45.376, 45.458, 45.38, 44.815, 43.532, 42.132, 41.681, 41.885, 41.823, 41.665, 41.555, 41.081, 40.534, 40.819, 41.404, 41.744, 41.685, 42.14, 43.589, 44.561, 44.65, 44.495, 43.827, 42.999, 42.838, 42.737, 42.505, 42.576, 43.204, 43.978, 44.324, 44.157, 44.094, 44.08, 44.013, 44.127, 44.423, 44.248, 43.646, 43.369, 43.272, 43.06, 42.876, 42.726, 42.211, 41.775, 41.867, 42.186, 42.533, 42.359, 42.106, 43.115, 44.143, 43.749, 42.734, 42.638, 43.402, 43.9, 43.899, 43.816, 43.873, 44.067, 44.266, 44.533, 45.017, 45.158, 44.812, 44.756, 44.681, 44.423, 44.38, 44.14, 43.881, 43.815, 43.793, 43.889, 44.208, 44.481, 44.591, 44.362, 43.945, 43.587, 43.166, 42.864, 42.795, 43.027, 43.167, 42.792, 42.246, 42.055, 41.916, 41.977, 42.368, 42.298, 42.149, 42.427, 42.554, 42.51, 42.672, 42.542, 42.506, 42.584, 42.575, 42.467, 42.582, 43.045, 43.45, 43.393, 42.985, 42.704, 42.689, 43.032, 43.555, 43.357, 43.05, 43.243, 43.821, 44.46, 44.556, 44.404, 44.445, 44.201, 43.851, 43.682, 43.546, 43.323, 42.931, 42.314, 42.84, 45.45, 48.191, 48.713, 48.082, 48.212, 48.684, 49.069, 49.523, 49.833, 49.977, 50.126, 50.387, 50.469, 49.922, 49.069, 48.761, 49.08, 49.391, 35.472], [35.09, 33.266, 31.407, 30.083, 27.737, 25.381, 24.369, 23.402, 20.716, 15.556, 8.321, 0.0, 8.228, 14.333, 18.554, 21.564, 24.499, 27.141, 29.377, 30.957, 31.733, 32.481, 34.078, 35.454, 35.792, 36.343, 37.191, 37.387, 37.336, 37.493, 38.307, 39.544, 39.926, 39.859, 40.51, 41.1, 41.138, 41.618, 42.309, 42.463, 42.657, 43.303, 43.855, 44.112, 44.499, 45.08, 45.72, 46.32, 46.546, 46.362, 45.781, 45.412, 45.449, 44.991, 44.287, 44.097, 44.305, 44.522, 44.634, 44.683, 44.593, 44.013, 42.706, 41.326, 40.948, 41.171, 41.101, 40.927, 40.78, 40.333, 39.919, 40.222, 40.68, 41.015, 41.095, 41.567, 42.863, 43.765, 43.85, 43.586, 42.834, 42.058, 41.928, 41.816, 41.584, 41.675, 42.351, 43.175, 43.552, 43.374, 43.303, 43.306, 43.248, 43.36, 43.682, 43.521, 42.91, 42.633, 42.553, 42.38, 42.274, 42.189, 41.647, 41.16, 41.307, 41.658, 41.888, 41.608, 41.333, 42.386, 43.439, 43.016, 41.994, 41.945, 42.762, 43.298, 43.35, 43.332, 43.421, 43.613, 43.814, 44.104, 44.628, 44.778, 44.352, 44.154, 43.965, 43.659, 43.616, 43.337, 43.014, 42.878, 42.798, 42.886, 43.236, 43.527, 43.664, 43.468, 43.047, 42.665, 42.257, 41.956, 41.869, 42.096, 42.221, 41.808, 41.234, 41.072, 40.98, 41.069, 41.489, 41.45, 41.276, 41.527, 41.677, 41.627, 41.759, 41.703, 41.738, 41.83, 41.837, 41.72, 41.766, 42.191, 42.556, 42.443, 42.032, 41.822, 41.843, 42.203, 42.758, 42.558, 42.219, 42.395, 42.996, 43.659, 43.768, 43.644, 43.72, 43.495, 43.13, 42.916, 42.733, 42.485, 42.066, 41.359, 41.823, 44.573, 47.485, 48.064, 47.423, 47.562, 48.072, 48.493, 48.969, 49.281, 49.419, 49.561, 49.825, 49.896, 49.314, 48.48, 48.236, 48.593, 48.914, 36.248], [35.526, 33.824, 31.901, 30.494, 28.68, 27.306, 26.807, 25.812, 23.352, 19.61, 14.831, 8.228, 0.0, 7.644, 13.431, 17.129, 20.576, 23.786, 26.53, 28.465, 29.432, 30.367, 32.268, 33.913, 34.424, 35.102, 36.002, 36.193, 36.157, 36.237, 36.784, 37.809, 38.135, 38.145, 38.992, 39.655, 39.626, 40.212, 41.097, 41.269, 41.36, 42.007, 42.656, 42.988, 43.425, 44.074, 44.799, 45.457, 45.675, 45.439, 44.777, 44.377, 44.439, 43.988, 43.26, 43.053, 43.277, 43.513, 43.606, 43.636, 43.554, 42.941, 41.525, 40.05, 39.691, 39.9, 39.794, 39.611, 39.414, 38.915, 38.584, 38.997, 39.338, 39.529, 39.695, 40.237, 41.451, 42.372, 42.498, 42.034, 41.094, 40.399, 40.337, 40.22, 40.005, 40.108, 40.813, 41.686, 42.114, 41.965, 41.928, 42.007, 41.999, 42.124, 42.479, 42.326, 41.699, 41.451, 41.449, 41.352, 41.31, 41.283, 40.726, 40.195, 40.401, 40.768, 40.776, 40.244, 39.849, 40.948, 42.065, 41.633, 40.597, 40.578, 41.46, 42.064, 42.145, 42.136, 42.24, 42.445, 42.656, 42.945, 43.48, 43.632, 43.113, 42.786, 42.517, 42.18, 42.15, 41.813, 41.398, 41.189, 41.051, 41.175, 41.619, 42.0, 42.213, 42.052, 41.597, 41.174, 40.777, 40.491, 40.408, 40.667, 40.774, 40.261, 39.544, 39.32, 39.223, 39.326, 39.793, 39.782, 39.557, 39.772, 39.968, 39.924, 40.06, 40.129, 40.242, 40.334, 40.381, 40.278, 40.243, 40.676, 41.058, 40.921, 40.479, 40.292, 40.372, 40.813, 41.46, 41.259, 40.845, 41.039, 41.744, 42.472, 42.587, 42.524, 42.683, 42.439, 41.957, 41.626, 41.382, 41.138, 40.732, 39.951, 40.357, 43.295, 46.46, 47.141, 46.48, 46.621, 47.179, 47.656, 48.154, 48.452, 48.584, 48.718, 48.961, 48.988, 48.334, 47.464, 47.221, 47.611, 47.935, 36.649], [36.637, 35.144, 33.345, 31.939, 30.365, 29.42, 29.156, 28.264, 26.052, 22.92, 19.292, 14.333, 7.644, 0.0, 7.429, 13.051, 17.919, 21.935, 25.16, 27.407, 28.586, 29.688, 31.743, 33.51, 34.116, 34.886, 35.853, 36.068, 36.025, 36.035, 36.427, 37.338, 37.626, 37.663, 38.634, 39.368, 39.292, 39.851, 40.768, 40.965, 41.037, 41.677, 42.355, 42.698, 43.135, 43.823, 44.597, 45.244, 45.433, 45.187, 44.505, 44.083, 44.145, 43.703, 42.959, 42.742, 42.977, 43.219, 43.297, 43.328, 43.254, 42.642, 41.257, 39.837, 39.505, 39.699, 39.616, 39.471, 39.261, 38.749, 38.46, 38.885, 39.164, 39.33, 39.543, 40.106, 41.296, 42.252, 42.404, 41.859, 40.853, 40.222, 40.196, 40.08, 39.878, 39.965, 40.654, 41.513, 41.937, 41.815, 41.803, 41.894, 41.879, 42.0, 42.335, 42.125, 41.44, 41.202, 41.286, 41.289, 41.295, 41.273, 40.719, 40.197, 40.422, 40.81, 40.766, 40.124, 39.659, 40.766, 41.888, 41.438, 40.396, 40.395, 41.265, 41.839, 41.904, 41.895, 42.004, 42.201, 42.406, 42.699, 43.23, 43.373, 42.834, 42.466, 42.161, 41.831, 41.828, 41.479, 41.033, 40.817, 40.659, 40.77, 41.231, 41.646, 41.896, 41.772, 41.335, 40.913, 40.52, 40.248, 40.168, 40.4, 40.477, 39.95, 39.221, 38.986, 38.883, 38.986, 39.439, 39.417, 39.198, 39.422, 39.64, 39.609, 39.752, 39.861, 39.979, 40.073, 40.13, 40.01, 39.943, 40.358, 40.727, 40.587, 40.139, 39.956, 40.072, 40.553, 41.232, 41.024, 40.578, 40.753, 41.434, 42.114, 42.221, 42.199, 42.394, 42.127, 41.583, 41.22, 40.969, 40.741, 40.385, 39.661, 40.09, 43.08, 46.321, 47.06, 46.41, 46.535, 47.065, 47.522, 48.01, 48.302, 48.444, 48.593, 48.826, 48.814, 48.116, 47.218, 46.961, 47.354, 47.671, 37.613], [37.959, 36.636, 34.982, 33.605, 32.192, 31.501, 31.368, 30.606, 28.668, 25.905, 22.689, 18.554, 13.431, 7.429, 0.0, 8.034, 15.234, 20.409, 24.122, 26.653, 28.069, 29.353, 31.541, 33.379, 34.005, 34.827, 35.916, 36.232, 36.194, 36.162, 36.54, 37.495, 37.849, 37.932, 38.946, 39.733, 39.68, 40.169, 40.982, 41.135, 41.211, 41.837, 42.485, 42.776, 43.189, 43.935, 44.719, 45.294, 45.434, 45.193, 44.528, 44.095, 44.143, 43.696, 42.951, 42.736, 42.976, 43.217, 43.294, 43.349, 43.292, 42.701, 41.415, 40.161, 39.899, 40.099, 40.066, 39.991, 39.802, 39.309, 39.068, 39.464, 39.701, 39.918, 40.184, 40.718, 41.852, 42.803, 42.959, 42.379, 41.406, 40.878, 40.886, 40.763, 40.551, 40.611, 41.294, 42.139, 42.551, 42.432, 42.414, 42.476, 42.426, 42.531, 42.832, 42.563, 41.817, 41.561, 41.692, 41.771, 41.81, 41.763, 41.195, 40.677, 40.898, 41.291, 41.248, 40.608, 40.159, 41.272, 42.359, 41.866, 40.835, 40.876, 41.701, 42.183, 42.219, 42.243, 42.365, 42.533, 42.711, 43.012, 43.541, 43.685, 43.19, 42.835, 42.497, 42.186, 42.208, 41.845, 41.381, 41.169, 41.001, 41.072, 41.504, 41.912, 42.179, 42.071, 41.625, 41.197, 40.802, 40.551, 40.485, 40.68, 40.724, 40.225, 39.558, 39.361, 39.287, 39.403, 39.818, 39.775, 39.571, 39.806, 40.025, 40.002, 40.101, 40.171, 40.275, 40.36, 40.376, 40.238, 40.232, 40.676, 41.028, 40.892, 40.475, 40.328, 40.46, 40.917, 41.58, 41.373, 40.922, 41.077, 41.733, 42.347, 42.423, 42.408, 42.62, 42.379, 41.862, 41.517, 41.246, 40.976, 40.613, 39.922, 40.342, 43.272, 46.472, 47.219, 46.594, 46.709, 47.197, 47.597, 48.038, 48.318, 48.492, 48.681, 48.931, 48.917, 48.22, 47.333, 47.085, 47.477, 47.789, 38.787], [38.758, 37.512, 35.882, 34.497, 33.33, 32.998, 33.057, 32.354, 30.566, 28.173, 25.383, 21.564, 17.129, 13.051, 8.034, 0.0, 9.018, 15.998, 20.826, 23.981, 25.741, 27.252, 29.706, 31.788, 32.525, 33.471, 34.767, 35.236, 35.24, 35.224, 35.647, 36.703, 37.171, 37.332, 38.427, 39.321, 39.373, 39.953, 40.799, 40.91, 40.957, 41.603, 42.303, 42.624, 43.076, 43.895, 44.71, 45.278, 45.399, 45.127, 44.432, 43.978, 44.023, 43.56, 42.793, 42.565, 42.8, 43.046, 43.123, 43.19, 43.154, 42.57, 41.266, 40.019, 39.779, 39.977, 39.962, 39.932, 39.751, 39.256, 39.097, 39.581, 39.761, 39.881, 40.177, 40.71, 41.775, 42.748, 42.941, 42.246, 41.186, 40.755, 40.825, 40.689, 40.457, 40.533, 41.28, 42.184, 42.649, 42.52, 42.474, 42.553, 42.531, 42.641, 42.944, 42.685, 41.931, 41.675, 41.836, 41.943, 42.003, 41.963, 41.375, 40.83, 41.064, 41.463, 41.346, 40.615, 40.088, 41.186, 42.275, 41.742, 40.671, 40.706, 41.499, 41.937, 41.954, 42.012, 42.16, 42.327, 42.505, 42.832, 43.383, 43.535, 43.034, 42.631, 42.225, 41.9, 41.952, 41.566, 41.045, 40.778, 40.58, 40.641, 41.088, 41.507, 41.793, 41.702, 41.247, 40.796, 40.383, 40.151, 40.131, 40.341, 40.333, 39.792, 39.149, 38.992, 38.949, 39.089, 39.522, 39.482, 39.253, 39.474, 39.714, 39.735, 39.829, 39.866, 39.93, 39.967, 39.959, 39.839, 39.868, 40.385, 40.784, 40.664, 40.263, 40.155, 40.326, 40.789, 41.456, 41.233, 40.765, 40.994, 41.795, 42.464, 42.518, 42.517, 42.778, 42.561, 42.027, 41.658, 41.364, 41.078, 40.706, 39.945, 40.235, 43.175, 46.47, 47.268, 46.641, 46.75, 47.24, 47.633, 48.035, 48.27, 48.461, 48.677, 48.935, 48.906, 48.198, 47.333, 47.102, 47.502, 47.82, 39.538], [39.179, 37.987, 36.365, 35.089, 34.275, 34.326, 34.55, 33.841, 32.145, 30.144, 27.897, 24.499, 20.576, 17.919, 15.234, 9.018, 0.0, 8.521, 14.954, 19.26, 21.724, 23.686, 26.576, 29.048, 30.024, 31.195, 32.745, 33.383, 33.467, 33.502, 33.955, 35.067, 35.605, 35.853, 37.082, 38.136, 38.386, 39.231, 40.3, 40.461, 40.491, 41.235, 42.114, 42.558, 43.036, 43.86, 44.709, 45.32, 45.427, 45.071, 44.291, 43.804, 43.853, 43.394, 42.608, 42.347, 42.564, 42.814, 42.888, 42.952, 42.924, 42.336, 40.97, 39.6, 39.298, 39.469, 39.435, 39.408, 39.232, 38.734, 38.662, 39.287, 39.438, 39.407, 39.719, 40.296, 41.329, 42.321, 42.559, 41.807, 40.651, 40.249, 40.357, 40.207, 39.973, 40.106, 40.919, 41.87, 42.375, 42.234, 42.175, 42.299, 42.326, 42.457, 42.775, 42.531, 41.787, 41.557, 41.756, 41.879, 41.955, 41.947, 41.379, 40.843, 41.118, 41.523, 41.305, 40.481, 39.898, 41.001, 42.126, 41.571, 40.43, 40.443, 41.252, 41.692, 41.697, 41.763, 41.922, 42.096, 42.283, 42.626, 43.203, 43.358, 42.794, 42.296, 41.823, 41.46, 41.514, 41.123, 40.564, 40.241, 40.005, 40.075, 40.548, 40.978, 41.283, 41.254, 40.828, 40.337, 39.886, 39.654, 39.665, 39.922, 39.886, 39.278, 38.64, 38.518, 38.486, 38.625, 39.094, 39.084, 38.841, 39.062, 39.329, 39.361, 39.452, 39.496, 39.522, 39.508, 39.521, 39.427, 39.381, 39.899, 40.354, 40.267, 39.86, 39.742, 39.914, 40.407, 41.097, 40.831, 40.328, 40.647, 41.604, 42.373, 42.426, 42.448, 42.761, 42.558, 42.004, 41.628, 41.355, 41.112, 40.754, 39.921, 40.14, 43.208, 46.688, 47.559, 46.919, 47.033, 47.556, 47.984, 48.398, 48.594, 48.733, 48.909, 49.148, 49.109, 48.383, 47.512, 47.278, 47.686, 48.016, 39.923], [39.428, 38.314, 36.747, 35.647, 35.168, 35.515, 35.805, 35.064, 33.487, 31.875, 30.091, 27.141, 23.786, 21.935, 20.409, 15.998, 8.521, 0.0, 7.594, 13.357, 17.001, 19.778, 23.275, 26.177, 27.424, 28.838, 30.624, 31.416, 31.599, 31.704, 32.166, 33.265, 33.83, 34.196, 35.583, 36.774, 37.22, 38.349, 39.678, 39.958, 40.004, 40.84, 41.909, 42.498, 42.988, 43.779, 44.642, 45.296, 45.387, 44.956, 44.117, 43.624, 43.69, 43.256, 42.469, 42.184, 42.384, 42.632, 42.7, 42.758, 42.716, 42.123, 40.746, 39.286, 38.897, 39.054, 38.998, 38.946, 38.779, 38.282, 38.227, 38.925, 39.083, 38.977, 39.296, 39.874, 40.87, 41.853, 42.125, 41.398, 40.209, 39.81, 39.94, 39.778, 39.554, 39.755, 40.632, 41.624, 42.138, 41.96, 41.875, 42.001, 42.053, 42.208, 42.543, 42.299, 41.556, 41.338, 41.56, 41.715, 41.822, 41.867, 41.349, 40.847, 41.161, 41.566, 41.256, 40.364, 39.776, 40.883, 42.028, 41.48, 40.323, 40.353, 41.201, 41.658, 41.674, 41.761, 41.93, 42.097, 42.271, 42.59, 43.163, 43.305, 42.682, 42.126, 41.64, 41.274, 41.304, 40.911, 40.365, 40.029, 39.777, 39.878, 40.386, 40.83, 41.155, 41.169, 40.755, 40.227, 39.734, 39.479, 39.478, 39.765, 39.75, 39.115, 38.461, 38.333, 38.282, 38.402, 38.911, 38.952, 38.71, 38.929, 39.209, 39.212, 39.272, 39.344, 39.382, 39.358, 39.396, 39.294, 39.122, 39.578, 40.075, 40.042, 39.661, 39.544, 39.708, 40.215, 40.929, 40.62, 40.015, 40.29, 41.304, 42.142, 42.191, 42.208, 42.542, 42.35, 41.818, 41.478, 41.253, 41.055, 40.714, 39.876, 40.15, 43.336, 46.922, 47.834, 47.186, 47.298, 47.833, 48.269, 48.702, 48.903, 49.008, 49.138, 49.36, 49.322, 48.57, 47.649, 47.382, 47.799, 48.148, 40.123], [39.676, 38.662, 37.191, 36.24, 36.001, 36.532, 36.837, 36.074, 34.611, 33.329, 31.936, 29.377, 26.53, 25.16, 24.122, 20.826, 14.954, 7.594, 0.0, 6.825, 11.871, 15.831, 20.176, 23.607, 25.156, 26.772, 28.745, 29.7, 30.039, 30.279, 30.764, 31.797, 32.377, 32.922, 34.492, 35.795, 36.405, 37.771, 39.291, 39.665, 39.731, 40.621, 41.816, 42.53, 43.071, 43.87, 44.746, 45.433, 45.515, 45.033, 44.177, 43.709, 43.808, 43.402, 42.615, 42.317, 42.505, 42.743, 42.806, 42.855, 42.793, 42.196, 40.831, 39.32, 38.853, 38.998, 38.937, 38.867, 38.705, 38.208, 38.134, 38.856, 39.029, 38.867, 39.154, 39.698, 40.642, 41.589, 41.877, 41.209, 40.035, 39.636, 39.773, 39.615, 39.398, 39.625, 40.523, 41.505, 41.988, 41.784, 41.691, 41.817, 41.879, 42.051, 42.407, 42.172, 41.418, 41.177, 41.374, 41.538, 41.681, 41.792, 41.336, 40.868, 41.198, 41.594, 41.241, 40.34, 39.772, 40.851, 41.992, 41.477, 40.347, 40.395, 41.257, 41.717, 41.737, 41.841, 42.018, 42.179, 42.33, 42.607, 43.159, 43.291, 42.654, 42.103, 41.652, 41.308, 41.299, 40.907, 40.411, 40.097, 39.851, 39.982, 40.511, 40.959, 41.272, 41.262, 40.834, 40.293, 39.794, 39.534, 39.518, 39.817, 39.835, 39.213, 38.544, 38.391, 38.326, 38.461, 39.021, 39.098, 38.844, 39.048, 39.323, 39.275, 39.3, 39.428, 39.511, 39.489, 39.563, 39.456, 39.174, 39.565, 40.087, 40.111, 39.775, 39.679, 39.849, 40.358, 41.076, 40.727, 39.995, 40.137, 41.117, 41.986, 42.052, 42.072, 42.403, 42.223, 41.722, 41.407, 41.206, 41.025, 40.691, 39.9, 40.255, 43.476, 47.071, 47.993, 47.339, 47.436, 47.958, 48.384, 48.816, 49.02, 49.104, 49.203, 49.409, 49.382, 48.631, 47.678, 47.392, 47.815, 48.181, 40.337], [39.758, 38.839, 37.461, 36.615, 36.498, 37.1, 37.396, 36.623, 35.249, 34.233, 33.191, 30.957, 28.465, 27.407, 26.653, 23.981, 19.26, 13.357, 6.825, 0.0, 6.121, 11.506, 17.0, 21.104, 23.0, 24.761, 26.838, 27.971, 28.545, 29.013, 29.607, 30.657, 31.327, 32.112, 33.87, 35.26, 35.987, 37.499, 39.113, 39.525, 39.597, 40.505, 41.739, 42.499, 43.101, 43.945, 44.839, 45.55, 45.632, 45.122, 44.265, 43.831, 43.965, 43.573, 42.786, 42.487, 42.67, 42.897, 42.952, 42.988, 42.911, 42.316, 40.957, 39.426, 38.916, 39.059, 39.0, 38.918, 38.748, 38.235, 38.128, 38.861, 39.047, 38.825, 39.062, 39.594, 40.52, 41.426, 41.714, 41.11, 39.975, 39.563, 39.688, 39.546, 39.336, 39.545, 40.417, 41.355, 41.789, 41.585, 41.53, 41.688, 41.752, 41.935, 42.316, 42.093, 41.321, 41.042, 41.19, 41.332, 41.487, 41.642, 41.235, 40.791, 41.11, 41.47, 41.118, 40.275, 39.753, 40.788, 41.905, 41.426, 40.332, 40.386, 41.243, 41.686, 41.686, 41.783, 41.958, 42.108, 42.242, 42.495, 43.033, 43.161, 42.532, 42.023, 41.62, 41.29, 41.249, 40.867, 40.421, 40.144, 39.919, 40.07, 40.61, 41.066, 41.36, 41.301, 40.845, 40.312, 39.839, 39.59, 39.563, 39.866, 39.91, 39.319, 38.649, 38.483, 38.432, 38.605, 39.206, 39.298, 39.026, 39.213, 39.48, 39.394, 39.381, 39.549, 39.677, 39.656, 39.75, 39.634, 39.284, 39.632, 40.17, 40.24, 39.947, 39.873, 40.046, 40.559, 41.276, 40.907, 40.094, 40.105, 40.999, 41.862, 41.96, 42.003, 42.326, 42.156, 41.689, 41.375, 41.164, 40.974, 40.638, 39.901, 40.323, 43.522, 47.072, 47.976, 47.316, 47.401, 47.916, 48.34, 48.771, 48.96, 49.012, 49.07, 49.25, 49.223, 48.483, 47.54, 47.276, 47.703, 48.078, 40.387], [39.568, 38.734, 37.414, 36.601, 36.486, 37.07, 37.346, 36.566, 35.25, 34.447, 33.716, 31.733, 29.432, 28.586, 28.069, 25.741, 21.724, 17.001, 11.871, 6.121, 0.0, 6.41, 13.192, 18.126, 20.412, 22.326, 24.505, 25.806, 26.638, 27.404, 28.235, 29.476, 30.343, 31.387, 33.329, 34.782, 35.552, 37.152, 38.825, 39.242, 39.321, 40.251, 41.491, 42.261, 42.924, 43.811, 44.723, 45.467, 45.57, 45.051, 44.181, 43.769, 43.926, 43.522, 42.719, 42.434, 42.626, 42.848, 42.889, 42.91, 42.833, 42.234, 40.843, 39.273, 38.743, 38.891, 38.825, 38.727, 38.535, 37.978, 37.827, 38.59, 38.786, 38.498, 38.705, 39.272, 40.234, 41.145, 41.444, 40.86, 39.712, 39.245, 39.35, 39.224, 39.024, 39.203, 40.033, 40.952, 41.373, 41.175, 41.172, 41.397, 41.477, 41.67, 42.089, 41.895, 41.123, 40.824, 40.927, 41.026, 41.162, 41.326, 40.929, 40.481, 40.774, 41.096, 40.757, 39.975, 39.484, 40.505, 41.626, 41.17, 40.078, 40.116, 40.966, 41.407, 41.388, 41.466, 41.633, 41.775, 41.907, 42.166, 42.712, 42.836, 42.198, 41.713, 41.336, 41.007, 40.963, 40.587, 40.154, 39.891, 39.676, 39.85, 40.421, 40.913, 41.217, 41.124, 40.616, 40.074, 39.64, 39.416, 39.391, 39.701, 39.755, 39.169, 38.473, 38.289, 38.237, 38.424, 39.063, 39.174, 38.885, 39.052, 39.32, 39.221, 39.18, 39.347, 39.488, 39.462, 39.552, 39.417, 39.029, 39.394, 39.977, 40.079, 39.797, 39.74, 39.927, 40.466, 41.209, 40.85, 40.015, 39.973, 40.813, 41.662, 41.776, 41.842, 42.174, 42.019, 41.556, 41.213, 40.975, 40.778, 40.448, 39.736, 40.192, 43.406, 46.958, 47.845, 47.162, 47.245, 47.77, 48.202, 48.629, 48.794, 48.805, 48.816, 48.956, 48.906, 48.156, 47.226, 46.995, 47.426, 47.809, 40.152], [39.572, 38.869, 37.63, 36.811, 36.61, 37.071, 37.287, 36.504, 35.226, 34.602, 34.186, 32.481, 30.367, 29.688, 29.353, 27.252, 23.686, 19.778, 15.831, 11.506, 6.41, 0.0, 7.71, 13.659, 16.564, 18.739, 21.16, 22.743, 23.881, 25.053, 26.375, 28.107, 29.333, 30.634, 32.72, 34.215, 35.035, 36.751, 38.477, 38.89, 39.013, 40.009, 41.275, 42.077, 42.795, 43.695, 44.593, 45.351, 45.495, 45.007, 44.141, 43.752, 43.925, 43.486, 42.673, 42.426, 42.64, 42.855, 42.885, 42.905, 42.845, 42.243, 40.82, 39.236, 38.715, 38.881, 38.811, 38.697, 38.49, 37.895, 37.699, 38.496, 38.724, 38.399, 38.599, 39.205, 40.203, 41.164, 41.501, 40.901, 39.715, 39.204, 39.29, 39.174, 38.988, 39.138, 39.901, 40.783, 41.197, 40.982, 40.979, 41.244, 41.341, 41.546, 42.008, 41.87, 41.13, 40.826, 40.891, 40.946, 41.059, 41.222, 40.814, 40.334, 40.592, 40.909, 40.606, 39.859, 39.369, 40.373, 41.5, 41.067, 39.975, 39.99, 40.842, 41.291, 41.249, 41.289, 41.44, 41.583, 41.721, 41.992, 42.544, 42.662, 42.018, 41.559, 41.225, 40.918, 40.881, 40.517, 40.096, 39.84, 39.623, 39.81, 40.412, 40.944, 41.272, 41.165, 40.605, 40.034, 39.617, 39.416, 39.398, 39.716, 39.78, 39.186, 38.448, 38.229, 38.149, 38.312, 38.97, 39.104, 38.806, 38.948, 39.207, 39.098, 39.028, 39.147, 39.245, 39.197, 39.267, 39.122, 38.747, 39.187, 39.852, 39.992, 39.701, 39.636, 39.829, 40.384, 41.151, 40.821, 40.012, 39.982, 40.815, 41.658, 41.77, 41.833, 42.173, 42.038, 41.575, 41.208, 40.946, 40.753, 40.448, 39.751, 40.205, 43.438, 47.007, 47.88, 47.172, 47.258, 47.8, 48.231, 48.645, 48.791, 48.782, 48.762, 48.87, 48.8, 48.043, 47.114, 46.886, 47.308, 47.696, 40.037], [40.196, 39.686, 38.582, 37.781, 37.496, 37.787, 37.913, 37.153, 35.934, 35.495, 35.413, 34.078, 32.268, 31.743, 31.541, 29.706, 26.576, 23.275, 20.176, 17.0, 13.192, 7.71, 0.0, 6.907, 10.937, 13.63, 16.388, 18.434, 20.007, 21.752, 23.932, 26.539, 28.332, 29.892, 32.025, 33.543, 34.525, 36.411, 38.168, 38.582, 38.807, 39.907, 41.218, 42.091, 42.892, 43.806, 44.666, 45.414, 45.623, 45.219, 44.406, 44.063, 44.245, 43.789, 43.017, 42.836, 43.07, 43.276, 43.306, 43.339, 43.302, 42.726, 41.343, 39.835, 39.35, 39.538, 39.477, 39.362, 39.16, 38.555, 38.292, 39.06, 39.331, 39.018, 39.198, 39.794, 40.762, 41.739, 42.113, 41.517, 40.375, 39.905, 39.986, 39.869, 39.698, 39.843, 40.527, 41.313, 41.667, 41.407, 41.326, 41.537, 41.622, 41.837, 42.318, 42.23, 41.551, 41.261, 41.297, 41.317, 41.414, 41.584, 41.198, 40.702, 40.913, 41.237, 41.004, 40.294, 39.782, 40.692, 41.776, 41.398, 40.359, 40.361, 41.196, 41.634, 41.556, 41.538, 41.667, 41.825, 41.974, 42.233, 42.752, 42.855, 42.261, 41.893, 41.653, 41.399, 41.354, 41.024, 40.67, 40.46, 40.253, 40.43, 41.03, 41.561, 41.875, 41.748, 41.171, 40.586, 40.171, 39.98, 39.963, 40.28, 40.361, 39.792, 39.056, 38.811, 38.714, 38.849, 39.474, 39.61, 39.333, 39.458, 39.676, 39.532, 39.435, 39.498, 39.52, 39.429, 39.468, 39.338, 39.03, 39.544, 40.268, 40.447, 40.165, 40.075, 40.249, 40.782, 41.542, 41.267, 40.518, 40.515, 41.334, 42.141, 42.235, 42.262, 42.583, 42.477, 42.056, 41.701, 41.43, 41.246, 40.988, 40.347, 40.754, 43.839, 47.284, 48.112, 47.41, 47.501, 48.031, 48.436, 48.822, 48.961, 48.955, 48.924, 49.008, 48.932, 48.203, 47.291, 47.061, 47.472, 47.85, 40.494], [40.787, 40.402, 39.401, 38.641, 38.329, 38.507, 38.566, 37.831, 36.688, 36.395, 36.523, 35.454, 33.913, 33.51, 33.379, 31.788, 29.048, 26.177, 23.607, 21.104, 18.126, 13.659, 6.907, 0.0, 5.121, 8.707, 12.002, 14.412, 16.269, 18.523, 21.612, 25.129, 27.456, 29.167, 31.239, 32.769, 33.959, 36.001, 37.766, 38.199, 38.547, 39.747, 41.103, 42.061, 42.976, 43.937, 44.778, 45.539, 45.838, 45.515, 44.749, 44.439, 44.619, 44.167, 43.463, 43.341, 43.588, 43.797, 43.838, 43.88, 43.864, 43.334, 42.014, 40.577, 40.109, 40.301, 40.252, 40.151, 39.968, 39.347, 38.987, 39.669, 39.963, 39.672, 39.805, 40.377, 41.312, 42.264, 42.638, 42.058, 40.998, 40.597, 40.68, 40.555, 40.409, 40.58, 41.225, 41.928, 42.216, 41.92, 41.763, 41.903, 41.973, 42.189, 42.651, 42.585, 41.971, 41.724, 41.756, 41.745, 41.809, 41.965, 41.607, 41.135, 41.312, 41.625, 41.438, 40.744, 40.204, 41.018, 42.056, 41.732, 40.76, 40.753, 41.55, 41.977, 41.896, 41.852, 41.968, 42.141, 42.302, 42.532, 43.001, 43.091, 42.559, 42.288, 42.125, 41.912, 41.859, 41.561, 41.276, 41.121, 40.941, 41.115, 41.701, 42.211, 42.495, 42.353, 41.784, 41.209, 40.801, 40.624, 40.621, 40.937, 41.016, 40.471, 39.761, 39.501, 39.394, 39.513, 40.089, 40.211, 39.964, 40.09, 40.272, 40.092, 39.992, 40.038, 40.022, 39.908, 39.927, 39.804, 39.542, 40.083, 40.795, 40.971, 40.707, 40.609, 40.763, 41.272, 42.029, 41.824, 41.157, 41.197, 42.01, 42.769, 42.835, 42.823, 43.122, 43.035, 42.648, 42.301, 42.015, 41.825, 41.594, 41.005, 41.355, 44.218, 47.457, 48.221, 47.543, 47.638, 48.151, 48.538, 48.9, 49.031, 49.036, 49.012, 49.091, 49.022, 48.34, 47.462, 47.245, 47.662, 48.031, 41.001], [40.906, 40.56, 39.605, 38.857, 38.478, 38.555, 38.555, 37.826, 36.752, 36.549, 36.746, 35.792, 34.424, 34.116, 34.005, 32.525, 30.024, 27.424, 25.156, 23.0, 20.412, 16.564, 10.937, 5.121, 0.0, 4.591, 9.099, 11.972, 13.852, 16.274, 19.964, 24.16, 26.865, 28.613, 30.568, 32.063, 33.372, 35.492, 37.229, 37.676, 38.158, 39.451, 40.808, 41.793, 42.788, 43.798, 44.64, 45.432, 45.815, 45.565, 44.855, 44.584, 44.765, 44.303, 43.632, 43.551, 43.816, 44.034, 44.091, 44.146, 44.146, 43.646, 42.361, 40.946, 40.479, 40.685, 40.651, 40.563, 40.399, 39.772, 39.343, 39.961, 40.28, 40.026, 40.118, 40.678, 41.633, 42.576, 42.929, 42.358, 41.33, 40.952, 41.036, 40.907, 40.785, 40.985, 41.621, 42.295, 42.55, 42.221, 42.019, 42.125, 42.2, 42.42, 42.858, 42.788, 42.2, 41.976, 42.014, 41.989, 42.024, 42.153, 41.797, 41.339, 41.504, 41.813, 41.651, 40.948, 40.381, 41.167, 42.2, 41.894, 40.936, 40.923, 41.699, 42.124, 42.062, 42.02, 42.125, 42.301, 42.467, 42.674, 43.112, 43.205, 42.717, 42.499, 42.364, 42.158, 42.102, 41.825, 41.574, 41.448, 41.3