[[0.0, 6.186, 10.507, 12.22, 13.699, 17.135, 21.294, 24.355, 25.799, 27.372, 29.712, 31.151, 31.631, 32.753, 34.922, 37.553, 40.339, 42.088, 42.878, 43.246, 42.233, 40.773, 40.043, 39.559, 38.985, 38.159, 37.113, 36.213, 35.736, 35.883, 36.001, 35.263, 35.007, 36.044, 36.503, 36.792, 37.271, 37.755, 37.915, 38.021, 38.554, 39.182, 39.768, 40.385, 40.727, 40.452, 40.154, 40.265, 39.698, 38.887, 38.639, 39.355, 39.906, 39.203, 38.199, 38.146, 38.621, 38.299, 37.345, 37.687, 38.884, 38.133, 36.505, 36.476, 37.377, 37.87, 37.195, 35.964, 35.419, 35.734, 36.09, 35.565, 34.601, 33.962, 33.548, 33.649, 34.337, 34.91, 35.487, 36.361, 36.718, 36.16, 36.455, 37.967, 38.926, 38.793, 38.584, 38.636, 38.987, 39.872, 41.0, 41.765, 42.267, 42.332, 41.75, 41.202, 41.358, 41.358, 41.049, 41.07, 41.011, 40.292, 39.78, 39.915, 40.847, 41.834, 42.473, 42.406, 40.737, 38.513, 38.311, 39.396, 39.314, 38.474, 38.135, 37.777, 37.315, 36.939, 37.041, 37.413, 37.506, 36.922, 36.53, 36.424, 36.16, 35.739, 35.548, 35.608, 35.157, 34.133, 33.918, 35.194, 36.117, 36.157, 35.972, 36.168, 36.765, 37.31, 37.296, 37.163, 37.4, 37.786, 37.995, 37.538, 36.252, 35.444, 35.477, 35.558, 35.369, 35.331, 36.338, 38.786, 40.661, 39.952, 38.759, 39.068, 39.995, 40.724, 41.329, 41.758, 41.645, 41.298, 40.582, 39.844, 39.22, 38.701, 37.994, 37.907, 38.356, 38.501, 38.426, 39.312, 40.565, 41.447, 42.427, 43.131, 42.83, 41.614, 40.866, 41.15, 41.356, 40.314, 38.664, 37.552, 36.118, 34.724, 35.228, 37.063, 38.347, 38.343, 37.494, 37.353, 38.113, 38.592, 38.403, 38.759, 39.761, 40.047, 39.419, 38.809, 38.248, 37.645, 37.221, 37.412, 37.878, 7.07], [6.186, 0.0, 5.468, 8.238, 10.045, 13.827, 18.823, 22.559, 24.176, 25.694, 28.158, 29.802, 30.361, 31.436, 33.541, 36.164, 39.016, 40.805, 41.599, 42.044, 41.193, 39.953, 39.402, 38.986, 38.427, 37.699, 36.862, 36.151, 35.735, 35.858, 35.999, 35.326, 35.051, 35.987, 36.403, 36.682, 37.156, 37.614, 37.758, 37.898, 38.489, 39.12, 39.635, 40.181, 40.51, 40.237, 39.91, 40.012, 39.486, 38.71, 38.449, 39.119, 39.622, 38.909, 37.934, 37.901, 38.367, 38.037, 37.08, 37.395, 38.571, 37.834, 36.248, 36.25, 37.13, 37.608, 36.964, 35.791, 35.29, 35.604, 35.922, 35.397, 34.523, 33.996, 33.631, 33.7, 34.322, 34.902, 35.575, 36.507, 36.886, 36.36, 36.627, 38.092, 39.04, 38.924, 38.731, 38.789, 39.143, 40.02, 41.131, 41.889, 42.397, 42.493, 41.969, 41.459, 41.607, 41.596, 41.274, 41.278, 41.214, 40.506, 39.993, 40.054, 40.886, 41.814, 42.441, 42.395, 40.773, 38.583, 38.353, 39.413, 39.328, 38.439, 38.035, 37.672, 37.227, 36.856, 36.965, 37.326, 37.39, 36.84, 36.526, 36.474, 36.247, 35.863, 35.685, 35.733, 35.336, 34.469, 34.372, 35.654, 36.556, 36.592, 36.419, 36.648, 37.265, 37.801, 37.776, 37.656, 37.9, 38.257, 38.449, 38.006, 36.757, 35.974, 36.005, 36.086, 35.897, 35.857, 36.832, 39.217, 41.046, 40.367, 39.246, 39.561, 40.373, 40.898, 41.325, 41.686, 41.57, 41.213, 40.465, 39.706, 39.08, 38.563, 37.86, 37.792, 38.242, 38.36, 38.262, 39.131, 40.36, 41.226, 42.185, 42.879, 42.588, 41.383, 40.617, 40.887, 41.077, 40.054, 38.556, 37.66, 36.392, 35.12, 35.661, 37.452, 38.677, 38.65, 37.829, 37.713, 38.441, 38.883, 38.692, 39.028, 39.997, 40.285, 39.687, 39.104, 38.566, 37.983, 37.575, 37.755, 38.186, 11.854], [10.507, 5.468, 0.0, 4.0, 7.195, 11.736, 17.27, 21.48, 23.282, 24.74, 27.214, 28.975, 29.617, 30.71, 32.832, 35.471, 38.347, 40.153, 40.963, 41.476, 40.756, 39.669, 39.227, 38.862, 38.327, 37.637, 36.895, 36.299, 35.933, 36.033, 36.181, 35.601, 35.377, 36.244, 36.618, 36.877, 37.338, 37.779, 37.918, 38.061, 38.658, 39.281, 39.76, 40.267, 40.589, 40.32, 39.964, 40.025, 39.506, 38.748, 38.477, 39.128, 39.617, 38.919, 37.986, 37.984, 38.444, 38.117, 37.198, 37.521, 38.677, 37.979, 36.473, 36.526, 37.404, 37.877, 37.268, 36.156, 35.691, 35.999, 36.29, 35.755, 34.908, 34.423, 34.08, 34.119, 34.667, 35.216, 35.897, 36.824, 37.218, 36.746, 37.016, 38.433, 39.356, 39.263, 39.091, 39.152, 39.498, 40.348, 41.426, 42.168, 42.662, 42.761, 42.275, 41.805, 41.957, 41.951, 41.647, 41.652, 41.586, 40.895, 40.386, 40.397, 41.168, 42.076, 42.695, 42.66, 41.102, 38.979, 38.74, 39.752, 39.652, 38.764, 38.348, 37.987, 37.556, 37.201, 37.312, 37.655, 37.702, 37.159, 36.845, 36.788, 36.575, 36.203, 36.004, 36.014, 35.641, 34.888, 34.863, 36.11, 36.983, 37.023, 36.857, 37.094, 37.716, 38.247, 38.209, 38.092, 38.338, 38.664, 38.841, 38.418, 37.22, 36.475, 36.523, 36.626, 36.451, 36.399, 37.323, 39.622, 41.397, 40.754, 39.688, 39.99, 40.733, 41.157, 41.493, 41.808, 41.693, 41.356, 40.628, 39.88, 39.278, 38.791, 38.108, 38.057, 38.509, 38.618, 38.522, 39.364, 40.534, 41.354, 42.279, 42.961, 42.665, 41.458, 40.686, 40.944, 41.122, 40.142, 38.769, 37.993, 36.826, 35.629, 36.156, 37.871, 39.043, 39.013, 38.218, 38.105, 38.795, 39.213, 39.034, 39.363, 40.306, 40.586, 40.003, 39.437, 38.916, 38.351, 37.964, 38.143, 38.549, 14.831], [12.22, 8.238, 4.0, 0.0, 4.847, 10.915, 16.949, 21.234, 23.062, 24.528, 26.969, 28.72, 29.386, 30.494, 32.614, 35.246, 38.121, 39.928, 40.736, 41.259, 40.565, 39.497, 39.062, 38.694, 38.171, 37.509, 36.776, 36.164, 35.788, 35.901, 36.067, 35.497, 35.277, 36.16, 36.535, 36.774, 37.231, 37.684, 37.832, 37.973, 38.559, 39.178, 39.658, 40.165, 40.483, 40.2, 39.835, 39.899, 39.386, 38.638, 38.386, 39.06, 39.571, 38.897, 37.991, 38.005, 38.467, 38.14, 37.243, 37.592, 38.749, 38.064, 36.581, 36.651, 37.526, 37.992, 37.395, 36.292, 35.819, 36.125, 36.426, 35.89, 35.023, 34.513, 34.157, 34.182, 34.714, 35.266, 35.945, 36.848, 37.233, 36.799, 37.113, 38.536, 39.451, 39.36, 39.193, 39.259, 39.61, 40.459, 41.525, 42.257, 42.741, 42.818, 42.314, 41.838, 41.987, 41.983, 41.688, 41.697, 41.631, 40.949, 40.454, 40.476, 41.241, 42.156, 42.795, 42.769, 41.196, 39.065, 38.848, 39.861, 39.755, 38.902, 38.53, 38.175, 37.739, 37.4, 37.52, 37.86, 37.91, 37.353, 37.001, 36.913, 36.697, 36.322, 36.104, 36.103, 35.741, 34.993, 34.94, 36.155, 37.0, 37.027, 36.859, 37.085, 37.686, 38.204, 38.153, 38.01, 38.229, 38.536, 38.706, 38.29, 37.109, 36.378, 36.437, 36.558, 36.403, 36.364, 37.307, 39.633, 41.421, 40.781, 39.708, 39.993, 40.714, 41.114, 41.43, 41.739, 41.628, 41.299, 40.589, 39.857, 39.247, 38.756, 38.089, 38.053, 38.507, 38.629, 38.568, 39.429, 40.583, 41.373, 42.275, 42.952, 42.652, 41.433, 40.653, 40.909, 41.09, 40.134, 38.798, 38.021, 36.859, 35.661, 36.174, 37.878, 39.063, 39.043, 38.245, 38.119, 38.794, 39.209, 39.029, 39.354, 40.291, 40.564, 39.972, 39.398, 38.861, 38.285, 37.898, 38.078, 38.486, 15.96], [13.699, 10.045, 7.195, 4.847, 0.0, 7.592, 15.173, 20.105, 21.978, 23.381, 25.904, 27.771, 28.5, 29.645, 31.787, 34.441, 37.353, 39.183, 40.008, 40.573, 39.909, 38.847, 38.435, 38.075, 37.549, 36.922, 36.259, 35.704, 35.359, 35.524, 35.777, 35.281, 35.121, 36.026, 36.412, 36.677, 37.138, 37.573, 37.712, 37.87, 38.467, 39.08, 39.548, 40.041, 40.34, 40.04, 39.68, 39.786, 39.301, 38.555, 38.318, 39.026, 39.559, 38.882, 37.956, 37.956, 38.419, 38.081, 37.152, 37.498, 38.661, 37.97, 36.485, 36.561, 37.447, 37.907, 37.291, 36.191, 35.739, 36.056, 36.356, 35.818, 34.95, 34.434, 34.067, 34.082, 34.62, 35.191, 35.882, 36.794, 37.191, 36.782, 37.109, 38.531, 39.439, 39.347, 39.184, 39.251, 39.594, 40.428, 41.479, 42.196, 42.68, 42.766, 42.26, 41.772, 41.91, 41.899, 41.601, 41.606, 41.531, 40.837, 40.352, 40.397, 41.146, 42.033, 42.681, 42.669, 41.064, 38.89, 38.685, 39.735, 39.624, 38.731, 38.342, 37.995, 37.552, 37.203, 37.334, 37.69, 37.741, 37.174, 36.82, 36.731, 36.52, 36.153, 35.942, 35.947, 35.601, 34.879, 34.84, 36.065, 36.925, 36.959, 36.787, 37.009, 37.621, 38.151, 38.112, 37.977, 38.207, 38.521, 38.693, 38.279, 37.088, 36.34, 36.385, 36.496, 36.332, 36.288, 37.273, 39.685, 41.532, 40.89, 39.798, 40.094, 40.818, 41.186, 41.468, 41.765, 41.653, 41.315, 40.581, 39.825, 39.198, 38.7, 38.038, 38.009, 38.473, 38.609, 38.561, 39.427, 40.582, 41.371, 42.279, 42.967, 42.661, 41.42, 40.627, 40.889, 41.077, 40.107, 38.734, 37.902, 36.714, 35.521, 36.042, 37.762, 38.962, 38.929, 38.11, 37.987, 38.669, 39.073, 38.873, 39.196, 40.132, 40.392, 39.791, 39.213, 38.668, 38.075, 37.674, 37.855, 38.265, 17.224], [17.135, 13.827, 11.736, 10.915, 7.592, 0.0, 9.371, 15.93, 18.373, 19.634, 22.193, 24.334, 25.238, 26.514, 28.885, 31.807, 34.905, 36.789, 37.696, 38.447, 37.928, 36.964, 36.683, 36.424, 35.941, 35.415, 34.999, 34.75, 34.587, 34.81, 35.21, 35.082, 35.287, 36.254, 36.647, 36.965, 37.417, 37.789, 37.902, 38.067, 38.656, 39.245, 39.691, 40.141, 40.392, 40.078, 39.738, 39.889, 39.462, 38.74, 38.517, 39.244, 39.796, 39.109, 38.129, 38.093, 38.549, 38.207, 37.258, 37.575, 38.722, 38.043, 36.53, 36.542, 37.423, 37.889, 37.264, 36.201, 35.835, 36.191, 36.466, 35.911, 35.073, 34.616, 34.286, 34.299, 34.806, 35.347, 35.978, 36.863, 37.32, 36.967, 37.233, 38.537, 39.377, 39.303, 39.179, 39.247, 39.544, 40.297, 41.271, 41.937, 42.409, 42.513, 42.044, 41.593, 41.735, 41.716, 41.401, 41.381, 41.285, 40.578, 40.106, 40.189, 40.978, 41.873, 42.503, 42.487, 40.943, 38.824, 38.594, 39.629, 39.517, 38.53, 38.005, 37.653, 37.247, 36.862, 36.949, 37.306, 37.341, 36.737, 36.369, 36.274, 36.069, 35.742, 35.563, 35.547, 35.184, 34.572, 34.665, 35.924, 36.825, 36.907, 36.746, 36.986, 37.659, 38.251, 38.269, 38.23, 38.546, 38.886, 39.059, 38.658, 37.484, 36.718, 36.705, 36.75, 36.548, 36.483, 37.443, 39.824, 41.668, 41.038, 39.957, 40.291, 41.065, 41.449, 41.728, 42.004, 41.88, 41.568, 40.839, 40.054, 39.434, 38.96, 38.286, 38.242, 38.715, 38.857, 38.755, 39.528, 40.642, 41.453, 42.38, 43.062, 42.761, 41.582, 40.87, 41.159, 41.356, 40.392, 38.976, 38.028, 36.761, 35.537, 35.954, 37.585, 38.747, 38.716, 37.895, 37.778, 38.484, 38.92, 38.739, 39.061, 40.001, 40.258, 39.662, 39.113, 38.596, 38.018, 37.626, 37.815, 38.22, 20.182], [21.294, 18.823, 17.27, 16.949, 15.173, 9.371, 0.0, 8.132, 11.927, 13.53, 16.005, 18.267, 19.432, 21.136, 24.207, 27.806, 31.282, 33.227, 34.21, 35.202, 34.896, 34.061, 33.953, 33.919, 33.641, 33.293, 33.17, 33.327, 33.478, 33.794, 34.278, 34.685, 35.548, 36.741, 37.205, 37.542, 37.934, 38.245, 38.342, 38.471, 38.99, 39.529, 39.966, 40.382, 40.575, 40.253, 39.965, 40.151, 39.763, 39.092, 38.898, 39.617, 40.175, 39.494, 38.473, 38.386, 38.821, 38.503, 37.589, 37.893, 38.999, 38.347, 36.832, 36.716, 37.531, 38.005, 37.387, 36.366, 36.114, 36.572, 36.871, 36.322, 35.524, 35.137, 34.867, 34.897, 35.361, 35.806, 36.227, 36.921, 37.37, 37.087, 37.27, 38.352, 39.046, 38.983, 38.907, 38.98, 39.23, 39.892, 40.763, 41.356, 41.785, 41.866, 41.414, 41.017, 41.175, 41.134, 40.788, 40.737, 40.619, 39.913, 39.473, 39.666, 40.661, 41.682, 42.296, 42.259, 40.858, 38.948, 38.752, 39.737, 39.64, 38.649, 38.012, 37.627, 37.279, 36.897, 36.919, 37.264, 37.309, 36.641, 36.186, 36.047, 35.83, 35.533, 35.376, 35.3, 34.827, 34.205, 34.328, 35.526, 36.415, 36.539, 36.405, 36.645, 37.343, 38.004, 38.111, 38.21, 38.637, 39.015, 39.188, 38.799, 37.705, 36.978, 36.896, 36.853, 36.624, 36.556, 37.427, 39.656, 41.435, 40.823, 39.769, 40.129, 41.011, 41.542, 41.924, 42.204, 42.064, 41.822, 41.199, 40.45, 39.837, 39.373, 38.671, 38.584, 39.043, 39.189, 39.007, 39.598, 40.62, 41.469, 42.411, 43.066, 42.813, 41.793, 41.234, 41.564, 41.756, 40.8, 39.313, 38.193, 36.79, 35.395, 35.525, 36.978, 38.119, 38.119, 37.306, 37.174, 37.914, 38.481, 38.424, 38.771, 39.734, 40.018, 39.444, 38.926, 38.441, 37.904, 37.552, 37.76, 38.174, 23.649], [24.355, 22.559, 21.48, 21.234, 20.105, 15.93, 8.132, 0.0, 5.261, 8.414, 11.317, 13.41, 14.739, 17.095, 21.05, 25.297, 29.069, 31.075, 32.129, 33.277, 33.087, 32.337, 32.362, 32.525, 32.455, 32.254, 32.25, 32.547, 32.899, 33.346, 33.799, 34.438, 35.777, 37.228, 37.805, 38.134, 38.457, 38.741, 38.835, 38.909, 39.339, 39.823, 40.255, 40.668, 40.845, 40.55, 40.355, 40.592, 40.215, 39.568, 39.377, 40.057, 40.596, 39.923, 38.895, 38.762, 39.171, 38.886, 38.015, 38.318, 39.387, 38.717, 37.208, 37.021, 37.779, 38.243, 37.625, 36.629, 36.442, 36.97, 37.314, 36.801, 36.041, 35.671, 35.425, 35.491, 35.957, 36.324, 36.584, 37.114, 37.498, 37.241, 37.404, 38.347, 38.932, 38.855, 38.788, 38.851, 39.078, 39.708, 40.541, 41.104, 41.514, 41.565, 41.088, 40.7, 40.86, 40.796, 40.428, 40.359, 40.221, 39.517, 39.118, 39.399, 40.518, 41.585, 42.169, 42.112, 40.825, 39.155, 39.079, 40.037, 39.953, 39.053, 38.458, 38.054, 37.715, 37.352, 37.343, 37.662, 37.742, 37.088, 36.596, 36.432, 36.199, 35.895, 35.748, 35.648, 35.08, 34.338, 34.379, 35.494, 36.34, 36.487, 36.386, 36.591, 37.232, 37.906, 38.051, 38.173, 38.623, 39.031, 39.205, 38.809, 37.769, 37.099, 37.01, 36.947, 36.728, 36.656, 37.441, 39.562, 41.298, 40.702, 39.672, 40.001, 40.894, 41.524, 41.997, 42.294, 42.15, 41.949, 41.41, 40.714, 40.101, 39.631, 38.927, 38.812, 39.256, 39.416, 39.204, 39.667, 40.6, 41.458, 42.402, 43.039, 42.837, 41.952, 41.508, 41.864, 42.039, 41.065, 39.48, 38.243, 36.796, 35.292, 35.236, 36.606, 37.785, 37.806, 36.978, 36.847, 37.643, 38.292, 38.325, 38.695, 39.654, 39.945, 39.387, 38.874, 38.393, 37.878, 37.548, 37.749, 38.156, 26.221], [25.799, 24.176, 23.282, 23.062, 21.978, 18.373, 11.927, 5.261, 0.0, 4.758, 9.165, 11.737, 13.148, 15.691, 20.038, 24.57, 28.441, 30.481, 31.615, 32.871, 32.762, 32.085, 32.169, 32.388, 32.372, 32.232, 32.327, 32.699, 33.088, 33.587, 34.062, 34.672, 35.984, 37.446, 38.07, 38.411, 38.703, 38.975, 39.069, 39.119, 39.506, 39.967, 40.389, 40.805, 40.993, 40.712, 40.549, 40.812, 40.442, 39.805, 39.613, 40.265, 40.773, 40.1, 39.093, 38.96, 39.361, 39.087, 38.24, 38.569, 39.633, 38.94, 37.44, 37.271, 38.02, 38.474, 37.866, 36.893, 36.713, 37.223, 37.553, 37.056, 36.332, 35.978, 35.745, 35.827, 36.31, 36.69, 36.949, 37.452, 37.8, 37.542, 37.709, 38.593, 39.125, 39.025, 38.93, 38.959, 39.162, 39.775, 40.591, 41.145, 41.554, 41.607, 41.131, 40.744, 40.902, 40.839, 40.466, 40.385, 40.243, 39.556, 39.159, 39.394, 40.472, 41.544, 42.124, 42.055, 40.822, 39.279, 39.27, 40.221, 40.132, 39.257, 38.701, 38.32, 37.986, 37.635, 37.628, 37.924, 38.006, 37.396, 36.94, 36.788, 36.542, 36.226, 36.076, 35.981, 35.416, 34.658, 34.694, 35.816, 36.67, 36.833, 36.753, 36.949, 37.551, 38.199, 38.34, 38.45, 38.887, 39.291, 39.455, 39.052, 38.021, 37.354, 37.255, 37.183, 36.952, 36.862, 37.614, 39.699, 41.408, 40.815, 39.81, 40.13, 40.99, 41.611, 42.075, 42.353, 42.201, 41.999, 41.468, 40.788, 40.191, 39.74, 39.065, 38.961, 39.402, 39.567, 39.378, 39.854, 40.767, 41.607, 42.549, 43.174, 42.953, 42.082, 41.65, 42.01, 42.181, 41.201, 39.596, 38.366, 36.997, 35.558, 35.499, 36.866, 38.071, 38.11, 37.284, 37.147, 37.947, 38.601, 38.645, 39.004, 39.94, 40.231, 39.683, 39.17, 38.686, 38.172, 37.847, 38.036, 38.42, 27.538], [27.372, 25.694, 24.74, 24.528, 23.381, 19.634, 13.53, 8.414, 4.758, 0.0, 5.775, 9.644, 11.651, 14.231, 18.812, 23.64, 27.614, 29.638, 30.825, 32.254, 32.369, 31.85, 31.977, 32.219, 32.233, 32.158, 32.442, 33.045, 33.543, 34.046, 34.601, 35.363, 36.661, 37.983, 38.567, 38.911, 39.166, 39.386, 39.457, 39.506, 39.878, 40.313, 40.69, 41.058, 41.22, 40.926, 40.742, 40.991, 40.651, 40.066, 39.914, 40.56, 41.036, 40.38, 39.423, 39.304, 39.686, 39.414, 38.611, 38.941, 39.948, 39.287, 37.899, 37.783, 38.524, 38.971, 38.411, 37.518, 37.373, 37.863, 38.157, 37.665, 36.995, 36.705, 36.501, 36.564, 37.002, 37.376, 37.636, 38.096, 38.423, 38.194, 38.32, 39.071, 39.503, 39.398, 39.301, 39.295, 39.448, 39.992, 40.737, 41.242, 41.617, 41.668, 41.23, 40.883, 41.04, 40.978, 40.606, 40.502, 40.364, 39.716, 39.314, 39.493, 40.539, 41.605, 42.169, 42.109, 40.989, 39.593, 39.611, 40.522, 40.428, 39.561, 38.989, 38.621, 38.323, 37.993, 37.98, 38.253, 38.321, 37.746, 37.326, 37.166, 36.903, 36.601, 36.461, 36.35, 35.813, 35.176, 35.315, 36.416, 37.252, 37.416, 37.344, 37.566, 38.18, 38.796, 38.942, 39.106, 39.556, 39.932, 40.077, 39.683, 38.701, 38.042, 37.891, 37.758, 37.489, 37.367, 38.023, 39.954, 41.563, 41.008, 40.098, 40.454, 41.312, 41.937, 42.393, 42.64, 42.473, 42.286, 41.788, 41.133, 40.568, 40.17, 39.551, 39.469, 39.899, 40.059, 39.879, 40.339, 41.217, 42.03, 42.942, 43.539, 43.303, 42.462, 42.035, 42.384, 42.548, 41.607, 40.085, 38.9, 37.622, 36.295, 36.219, 37.514, 38.691, 38.76, 37.989, 37.853, 38.602, 39.241, 39.294, 39.617, 40.504, 40.793, 40.273, 39.787, 39.332, 38.842, 38.537, 38.724, 39.075, 29.065], [29.712, 28.158, 27.214, 26.969, 25.904, 22.193, 16.005, 11.317, 9.165, 5.775, 0.0, 5.221, 8.662, 12.056, 17.128, 22.284, 26.367, 28.394, 29.657, 31.287, 31.637, 31.267, 31.464, 31.791, 31.896, 31.902, 32.326, 33.134, 33.788, 34.313, 34.941, 36.01, 37.545, 38.846, 39.405, 39.741, 39.962, 40.134, 40.181, 40.221, 40.565, 40.968, 41.304, 41.614, 41.731, 41.437, 41.275, 41.529, 41.219, 40.683, 40.572, 41.213, 41.677, 41.058, 40.132, 39.977, 40.318, 40.06, 39.307, 39.593, 40.494, 39.883, 38.641, 38.573, 39.318, 39.777, 39.265, 38.461, 38.374, 38.871, 39.171, 38.716, 38.088, 37.83, 37.633, 37.674, 38.045, 38.341, 38.504, 38.84, 39.128, 38.953, 39.037, 39.623, 39.927, 39.838, 39.777, 39.767, 39.882, 40.345, 40.993, 41.43, 41.75, 41.759, 41.328, 41.014, 41.156, 41.07, 40.69, 40.567, 40.435, 39.83, 39.459, 39.731, 40.891, 41.975, 42.512, 42.465, 41.475, 40.256, 40.314, 41.16, 41.08, 40.293, 39.729, 39.33, 39.06, 38.775, 38.749, 39.008, 39.08, 38.503, 38.054, 37.849, 37.573, 37.304, 37.184, 37.043, 36.517, 35.996, 36.205, 37.199, 37.971, 38.111, 38.023, 38.241, 38.838, 39.427, 39.591, 39.815, 40.276, 40.643, 40.779, 40.392, 39.474, 38.864, 38.687, 38.495, 38.19, 38.047, 38.579, 40.287, 41.75, 41.238, 40.433, 40.797, 41.657, 42.355, 42.89, 43.153, 42.986, 42.835, 42.424, 41.834, 41.292, 40.919, 40.334, 40.247, 40.65, 40.813, 40.624, 40.985, 41.778, 42.568, 43.449, 44.024, 43.836, 43.119, 42.77, 43.119, 43.266, 42.368, 40.919, 39.718, 38.451, 37.131, 36.931, 38.096, 39.221, 39.31, 38.599, 38.485, 39.204, 39.839, 39.909, 40.195, 41.033, 41.312, 40.82, 40.372, 39.962, 39.519, 39.256, 39.442, 39.764, 31.207], [31.151, 29.802, 28.975, 28.72, 27.771, 24.334, 18.267, 13.41, 11.737, 9.644, 5.221, 0.0, 4.787, 9.863, 15.717, 21.001, 25.123, 27.27, 28.755, 30.569, 30.985, 30.648, 30.919, 31.348, 31.543, 31.589, 32.004, 32.822, 33.53, 34.081, 34.742, 36.005, 37.785, 39.188, 39.784, 40.122, 40.354, 40.556, 40.624, 40.652, 40.967, 41.362, 41.716, 42.034, 42.147, 41.882, 41.782, 42.058, 41.743, 41.191, 41.054, 41.656, 42.114, 41.527, 40.608, 40.411, 40.726, 40.489, 39.769, 40.039, 40.892, 40.276, 39.043, 38.962, 39.69, 40.144, 39.652, 38.889, 38.832, 39.348, 39.668, 39.228, 38.602, 38.338, 38.142, 38.185, 38.54, 38.8, 38.885, 39.122, 39.366, 39.225, 39.328, 39.863, 40.117, 40.037, 40.002, 40.01, 40.13, 40.564, 41.169, 41.581, 41.874, 41.842, 41.381, 41.055, 41.185, 41.081, 40.693, 40.569, 40.439, 39.851, 39.522, 39.873, 41.084, 42.163, 42.68, 42.621, 41.666, 40.542, 40.656, 41.475, 41.398, 40.679, 40.146, 39.716, 39.441, 39.175, 39.141, 39.396, 39.481, 38.901, 38.434, 38.23, 37.982, 37.739, 37.627, 37.467, 36.917, 36.399, 36.605, 37.52, 38.231, 38.354, 38.268, 38.465, 39.012, 39.578, 39.755, 39.995, 40.467, 40.847, 40.983, 40.602, 39.728, 39.175, 39.031, 38.854, 38.554, 38.415, 38.911, 40.538, 41.944, 41.446, 40.678, 41.007, 41.834, 42.577, 43.191, 43.494, 43.328, 43.192, 42.841, 42.304, 41.761, 41.369, 40.776, 40.669, 41.054, 41.215, 40.999, 41.255, 41.96, 42.732, 43.613, 44.186, 44.036, 43.382, 43.081, 43.444, 43.591, 42.695, 41.236, 40.03, 38.761, 37.406, 37.137, 38.236, 39.326, 39.407, 38.707, 38.609, 39.342, 39.976, 40.043, 40.316, 41.143, 41.413, 40.922, 40.486, 40.105, 39.7, 39.471, 39.655, 39.955, 32.467], [31.631, 30.361, 29.617, 29.386, 28.5, 25.238, 19.432, 14.739, 13.148, 11.651, 8.662, 4.787, 0.0, 6.45, 13.373, 19.087, 23.4, 25.811, 27.68, 29.714, 30.186, 29.945, 30.357, 30.866, 31.135, 31.317, 31.836, 32.664, 33.366, 33.925, 34.565, 35.817, 37.651, 39.117, 39.756, 40.124, 40.404, 40.665, 40.783, 40.849, 41.18, 41.577, 41.943, 42.28, 42.409, 42.158, 42.065, 42.32, 41.989, 41.424, 41.247, 41.793, 42.226, 41.65, 40.75, 40.544, 40.848, 40.628, 39.943, 40.243, 41.101, 40.479, 39.218, 39.107, 39.803, 40.242, 39.774, 39.054, 39.011, 39.523, 39.836, 39.41, 38.834, 38.618, 38.445, 38.492, 38.841, 39.095, 39.181, 39.398, 39.62, 39.483, 39.581, 40.099, 40.36, 40.291, 40.262, 40.279, 40.403, 40.823, 41.415, 41.824, 42.112, 42.079, 41.628, 41.302, 41.427, 41.323, 40.938, 40.818, 40.687, 40.103, 39.769, 40.072, 41.218, 42.262, 42.758, 42.693, 41.744, 40.639, 40.754, 41.548, 41.458, 40.756, 40.239, 39.806, 39.531, 39.271, 39.238, 39.489, 39.584, 39.043, 38.616, 38.447, 38.234, 38.018, 37.912, 37.754, 37.227, 36.736, 36.941, 37.804, 38.467, 38.576, 38.503, 38.704, 39.219, 39.754, 39.919, 40.154, 40.626, 41.002, 41.125, 40.755, 39.918, 39.391, 39.271, 39.135, 38.873, 38.738, 39.204, 40.789, 42.17, 41.697, 40.967, 41.293, 42.085, 42.813, 43.432, 43.738, 43.568, 43.425, 43.082, 42.561, 42.023, 41.618, 41.019, 40.906, 41.27, 41.402, 41.154, 41.365, 42.03, 42.779, 43.65, 44.222, 44.077, 43.416, 43.11, 43.48, 43.631, 42.727, 41.265, 40.111, 38.927, 37.656, 37.443, 38.559, 39.642, 39.717, 39.029, 38.941, 39.677, 40.3, 40.352, 40.615, 41.437, 41.7, 41.202, 40.77, 40.407, 40.019, 39.798, 39.975, 40.256, 32.943], [32.753, 31.436, 30.71, 30.494, 29.645, 26.514, 21.136, 17.095, 15.691, 14.231, 12.056, 9.863, 6.45, 0.0, 7.863, 14.742, 19.823, 22.637, 25.004, 27.49, 28.289, 28.499, 29.349, 30.007, 30.388, 30.995, 32.002, 33.024, 33.744, 34.298, 34.898, 36.059, 37.841, 39.294, 39.926, 40.351, 40.716, 41.012, 41.169, 41.345, 41.759, 42.145, 42.449, 42.747, 42.873, 42.605, 42.439, 42.606, 42.278, 41.744, 41.537, 42.011, 42.391, 41.825, 40.974, 40.791, 41.078, 40.868, 40.246, 40.571, 41.4, 40.826, 39.655, 39.565, 40.194, 40.586, 40.179, 39.579, 39.589, 40.088, 40.356, 39.97, 39.573, 39.521, 39.403, 39.435, 39.741, 39.986, 40.111, 40.334, 40.557, 40.454, 40.526, 40.996, 41.239, 41.178, 41.15, 41.165, 41.28, 41.663, 42.215, 42.6, 42.858, 42.826, 42.418, 42.12, 42.23, 42.132, 41.774, 41.663, 41.532, 40.954, 40.584, 40.766, 41.792, 42.762, 43.208, 43.154, 42.28, 41.248, 41.33, 42.062, 41.968, 41.275, 40.738, 40.312, 40.064, 39.812, 39.777, 40.014, 40.102, 39.631, 39.284, 39.142, 38.95, 38.775, 38.693, 38.57, 38.185, 37.872, 38.103, 38.833, 39.395, 39.473, 39.426, 39.689, 40.192, 40.643, 40.765, 41.016, 41.491, 41.826, 41.908, 41.55, 40.772, 40.273, 40.137, 40.011, 39.794, 39.661, 40.057, 41.521, 42.793, 42.337, 41.688, 42.055, 42.828, 43.481, 44.026, 44.297, 44.133, 43.994, 43.664, 43.166, 42.643, 42.227, 41.633, 41.533, 41.858, 41.909, 41.597, 41.781, 42.426, 43.125, 43.928, 44.46, 44.322, 43.707, 43.432, 43.822, 43.965, 43.052, 41.673, 40.63, 39.642, 38.627, 38.549, 39.695, 40.778, 40.865, 40.25, 40.221, 40.932, 41.508, 41.537, 41.768, 42.529, 42.776, 42.305, 41.898, 41.568, 41.209, 40.996, 41.148, 41.391, 34.198], [34.922, 33.541, 32.832, 32.614, 31.787, 28.885, 24.207, 21.05, 20.038, 18.812, 17.128, 15.717, 13.373, 7.863, 0.0, 8.048, 14.448, 17.991, 20.876, 23.912, 25.249, 26.233, 27.85, 28.792, 29.307, 30.497, 32.217, 33.539, 34.252, 34.772, 35.362, 36.47, 38.225, 39.677, 40.287, 40.772, 41.267, 41.613, 41.791, 42.093, 42.628, 43.009, 43.235, 43.481, 43.602, 43.327, 43.095, 43.178, 42.884, 42.4, 42.134, 42.498, 42.821, 42.306, 41.548, 41.409, 41.667, 41.452, 40.881, 41.181, 41.92, 41.394, 40.329, 40.253, 40.772, 41.083, 40.738, 40.282, 40.381, 40.881, 41.105, 40.769, 40.594, 40.741, 40.698, 40.706, 40.941, 41.164, 41.316, 41.521, 41.757, 41.737, 41.812, 42.232, 42.452, 42.398, 42.396, 42.451, 42.579, 42.91, 43.386, 43.725, 43.942, 43.897, 43.535, 43.29, 43.402, 43.316, 42.992, 42.903, 42.787, 42.227, 41.849, 41.962, 42.877, 43.74, 44.122, 44.098, 43.318, 42.35, 42.372, 43.022, 42.922, 42.196, 41.586, 41.156, 40.949, 40.709, 40.669, 40.889, 40.962, 40.56, 40.304, 40.2, 40.054, 39.94, 39.882, 39.798, 39.602, 39.523, 39.771, 40.335, 40.776, 40.816, 40.812, 41.154, 41.629, 41.96, 42.028, 42.32, 42.819, 43.11, 43.154, 42.815, 42.111, 41.659, 41.514, 41.383, 41.205, 41.099, 41.447, 42.755, 43.853, 43.384, 42.791, 43.163, 43.883, 44.417, 44.839, 45.054, 44.908, 44.781, 44.473, 44.016, 43.528, 43.107, 42.517, 42.435, 42.722, 42.679, 42.281, 42.416, 43.023, 43.654, 44.356, 44.821, 44.694, 44.162, 43.949, 44.373, 44.511, 43.616, 42.41, 41.546, 40.772, 40.015, 40.056, 41.208, 42.265, 42.357, 41.845, 41.907, 42.583, 43.079, 43.077, 43.264, 43.925, 44.132, 43.706, 43.342, 43.056, 42.747, 42.558, 42.681, 42.869, 36.466], [37.553, 36.164, 35.471, 35.246, 34.441, 31.807, 27.806, 25.297, 24.57, 23.64, 22.284, 21.001, 19.087, 14.742, 8.048, 0.0, 7.585, 12.652, 16.691, 20.305, 22.184, 24.094, 26.589, 27.887, 28.563, 30.254, 32.591, 34.202, 34.909, 35.381, 36.003, 37.16, 38.953, 40.415, 41.023, 41.537, 42.126, 42.52, 42.709, 43.075, 43.67, 44.031, 44.201, 44.412, 44.53, 44.282, 44.067, 44.124, 43.869, 43.416, 43.082, 43.317, 43.584, 43.136, 42.468, 42.352, 42.575, 42.361, 41.839, 42.1, 42.741, 42.251, 41.259, 41.152, 41.556, 41.796, 41.495, 41.158, 41.35, 41.866, 42.064, 41.771, 41.749, 42.026, 42.042, 42.033, 42.2, 42.39, 42.529, 42.685, 42.929, 42.998, 43.083, 43.453, 43.658, 43.621, 43.659, 43.768, 43.911, 44.173, 44.549, 44.835, 45.017, 44.959, 44.645, 44.466, 44.595, 44.522, 44.22, 44.144, 44.043, 43.517, 43.184, 43.309, 44.143, 44.889, 45.213, 45.217, 44.504, 43.575, 43.526, 44.091, 43.997, 43.274, 42.63, 42.208, 42.028, 41.802, 41.774, 41.99, 42.054, 41.704, 41.524, 41.46, 41.362, 41.296, 41.252, 41.17, 41.049, 41.096, 41.354, 41.775, 42.113, 42.135, 42.172, 42.536, 42.954, 43.192, 43.228, 43.555, 44.075, 44.321, 44.332, 44.03, 43.426, 43.049, 42.923, 42.805, 42.662, 42.585, 42.871, 43.985, 44.892, 44.416, 43.877, 44.207, 44.832, 45.278, 45.623, 45.79, 45.654, 45.542, 45.263, 44.854, 44.416, 44.011, 43.441, 43.375, 43.634, 43.536, 43.091, 43.154, 43.687, 44.248, 44.859, 45.26, 45.157, 44.715, 44.57, 45.011, 45.142, 44.312, 43.307, 42.628, 42.041, 41.455, 41.512, 42.567, 43.558, 43.684, 43.281, 43.387, 43.998, 44.424, 44.408, 44.549, 45.105, 45.267, 44.881, 44.564, 44.328, 44.077, 43.925, 44.031, 44.157, 39.036], [40.339, 39.016, 38.347, 38.121, 37.353, 34.905, 31.282, 29.069, 28.441, 27.614, 26.367, 25.123, 23.4, 19.823, 14.448, 7.585, 0.0, 7.003, 13.417, 18.125, 20.622, 23.353, 26.491, 28.055, 28.905, 30.931, 33.612, 35.393, 36.132, 36.583, 37.238, 38.51, 40.362, 41.793, 42.397, 42.89, 43.473, 43.861, 44.049, 44.427, 45.004, 45.314, 45.421, 45.577, 45.671, 45.46, 45.298, 45.363, 45.143, 44.73, 44.399, 44.558, 44.78, 44.386, 43.777, 43.653, 43.839, 43.64, 43.177, 43.401, 43.961, 43.538, 42.661, 42.531, 42.85, 43.054, 42.799, 42.563, 42.832, 43.351, 43.523, 43.266, 43.317, 43.635, 43.679, 43.664, 43.78, 43.922, 44.001, 44.07, 44.29, 44.428, 44.522, 44.818, 44.982, 44.961, 45.019, 45.137, 45.263, 45.451, 45.725, 45.951, 46.099, 46.042, 45.778, 45.651, 45.778, 45.703, 45.417, 45.346, 45.251, 44.767, 44.49, 44.635, 45.41, 46.07, 46.34, 46.35, 45.719, 44.907, 44.839, 45.325, 45.26, 44.625, 44.027, 43.633, 43.468, 43.248, 43.221, 43.437, 43.503, 43.18, 43.03, 42.974, 42.881, 42.834, 42.809, 42.718, 42.591, 42.699, 42.997, 43.294, 43.537, 43.565, 43.629, 43.975, 44.345, 44.548, 44.587, 44.933, 45.45, 45.65, 45.631, 45.359, 44.851, 44.546, 44.436, 44.321, 44.202, 44.139, 44.329, 45.228, 45.958, 45.503, 45.044, 45.337, 45.876, 46.279, 46.602, 46.74, 46.609, 46.526, 46.297, 45.944, 45.544, 45.158, 44.621, 44.566, 44.794, 44.672, 44.215, 44.195, 44.622, 45.118, 45.661, 46.012, 45.936, 45.602, 45.544, 45.976, 46.083, 45.342, 44.504, 43.948, 43.532, 43.098, 43.111, 43.997, 44.914, 45.103, 44.782, 44.849, 45.353, 45.724, 45.708, 45.807, 46.274, 46.411, 46.074, 45.8, 45.604, 45.41, 45.312, 45.418, 45.497, 41.664], [42.088, 40.805, 40.153, 39.928, 39.183, 36.789, 33.227, 31.075, 30.481, 29.638, 28.394, 27.27, 25.811, 22.637, 17.991, 12.652, 7.003, 0.0, 8.418, 14.97, 18.633, 22.042, 25.588, 27.399, 28.424, 30.707, 33.661, 35.62, 36.46, 36.939, 37.625, 39.026, 41.004, 42.447, 43.057, 43.562, 44.142, 44.515, 44.707, 45.126, 45.724, 45.999, 46.043, 46.149, 46.227, 46.018, 45.868, 45.957, 45.773, 45.391, 45.095, 45.244, 45.444, 45.073, 44.504, 44.381, 44.551, 44.375, 43.947, 44.144, 44.68, 44.333, 43.547, 43.385, 43.636, 43.819, 43.592, 43.417, 43.737, 44.258, 44.404, 44.16, 44.241, 44.565, 44.62, 44.604, 44.701, 44.823, 44.869, 44.883, 45.08, 45.261, 45.358, 45.589, 45.714, 45.708, 45.771, 45.868, 45.976, 46.139, 46.373, 46.569, 46.708, 46.669, 46.447, 46.337, 46.438, 46.353, 46.074, 46.001, 45.903, 45.435, 45.168, 45.267, 45.983, 46.6, 46.837, 46.831, 46.254, 45.551, 45.51, 45.968, 45.936, 45.356, 44.775, 44.402, 44.255, 44.038, 44.001, 44.224, 44.313, 44.022, 43.9, 43.853, 43.759, 43.724, 43.714, 43.62, 43.489, 43.64, 43.988, 44.244, 44.445, 44.488, 44.563, 44.917, 45.313, 45.533, 45.586, 45.949, 46.468, 46.652, 46.615, 46.339, 45.859, 45.567, 45.444, 45.308, 45.177, 45.109, 45.275, 46.13, 46.813, 46.383, 45.975, 46.282, 46.783, 47.082, 47.313, 47.419, 47.301, 47.235, 47.016, 46.679, 46.283, 45.882, 45.347, 45.286, 45.485, 45.349, 44.902, 44.85, 45.229, 45.702, 46.228, 46.548, 46.442, 46.127, 46.106, 46.536, 46.617, 45.902, 45.162, 44.665, 44.295, 43.933, 43.993, 44.849, 45.764, 45.984, 45.687, 45.732, 46.178, 46.505, 46.492, 46.581, 47.002, 47.126, 46.823, 46.576, 46.398, 46.227, 46.155, 46.276, 46.346, 43.311], [42.878, 41.599, 40.963, 40.736, 40.008, 37.696, 34.21, 32.129, 31.615, 30.825, 29.657, 28.755, 27.68, 25.004, 20.876, 16.691, 13.417, 8.418, 0.0, 8.374, 14.316, 19.085, 23.236, 25.415, 26.663, 29.178, 32.471, 34.701, 35.663, 36.162, 36.884, 38.4, 40.535, 42.041, 42.676, 43.264, 43.918, 44.297, 44.5, 45.012, 45.723, 46.012, 46.001, 46.088, 46.197, 46.008, 45.868, 45.982, 45.814, 45.423, 45.115, 45.271, 45.477, 45.125, 44.6, 44.494, 44.653, 44.496, 44.102, 44.301, 44.857, 44.579, 43.826, 43.601, 43.782, 43.939, 43.718, 43.564, 43.905, 44.429, 44.567, 44.33, 44.423, 44.748, 44.803, 44.781, 44.873, 45.003, 45.049, 45.039, 45.242, 45.445, 45.503, 45.681, 45.804, 45.819, 45.882, 45.977, 46.103, 46.285, 46.53, 46.725, 46.864, 46.831, 46.631, 46.528, 46.615, 46.535, 46.266, 46.186, 46.083, 45.621, 45.344, 45.369, 45.986, 46.55, 46.785, 46.784, 46.218, 45.525, 45.471, 45.918, 45.907, 45.334, 44.751, 44.398, 44.278, 44.073, 44.043, 44.28, 44.397, 44.136, 44.029, 44.0, 43.945, 43.936, 43.92, 43.832, 43.764, 43.986, 44.394, 44.688, 44.885, 44.911, 44.957, 45.314, 45.731, 45.946, 45.991, 46.356, 46.863, 47.04, 46.997, 46.714, 46.237, 45.947, 45.828, 45.694, 45.549, 45.462, 45.652, 46.568, 47.292, 46.892, 46.498, 46.816, 47.273, 47.415, 47.507, 47.581, 47.473, 47.406, 47.169, 46.826, 46.423, 45.987, 45.417, 45.323, 45.497, 45.353, 44.917, 44.867, 45.25, 45.731, 46.262, 46.576, 46.42, 46.04, 46.009, 46.453, 46.512, 45.817, 45.211, 44.787, 44.385, 44.04, 44.241, 45.164, 46.075, 46.286, 46.002, 46.071, 46.479, 46.75, 46.754, 46.85, 47.231, 47.337, 47.056, 46.84, 46.69, 46.523, 46.44, 46.57, 46.648, 44.057], [43.246, 42.044, 41.476, 41.259, 40.573, 38.447, 35.202, 33.277, 32.871, 32.254, 31.287, 30.569, 29.714, 27.49, 23.912, 20.305, 18.125, 14.97, 8.374, 0.0, 8.304, 15.455, 20.852, 23.56, 25.044, 27.697, 31.171, 33.538, 34.535, 35.038, 35.808, 37.367, 39.609, 41.215, 41.888, 42.558, 43.323, 43.734, 43.943, 44.528, 45.366, 45.713, 45.686, 45.78, 45.94, 45.826, 45.804, 46.007, 45.834, 45.409, 45.082, 45.247, 45.48, 45.167, 44.676, 44.569, 44.71, 44.559, 44.19, 44.392, 44.947, 44.693, 43.956, 43.699, 43.84, 43.973, 43.748, 43.595, 43.935, 44.471, 44.633, 44.38, 44.429, 44.724, 44.77, 44.735, 44.806, 44.922, 44.966, 44.965, 45.189, 45.393, 45.422, 45.608, 45.77, 45.806, 45.869, 45.979, 46.128, 46.33, 46.611, 46.836, 46.979, 46.936, 46.733, 46.62, 46.698, 46.639, 46.397, 46.325, 46.218, 45.762, 45.504, 45.536, 46.093, 46.607, 46.855, 46.875, 46.279, 45.511, 45.418, 45.867, 45.862, 45.293, 44.744, 44.405, 44.285, 44.093, 44.084, 44.328, 44.439, 44.172, 44.067, 44.057, 44.03, 44.023, 43.999, 43.942, 43.929, 44.161, 44.58, 44.91, 45.09, 45.058, 45.05, 45.377, 45.75, 45.91, 45.93, 46.276, 46.762, 46.937, 46.899, 46.618, 46.146, 45.881, 45.802, 45.697, 45.549, 45.442, 45.629, 46.559, 47.287, 46.886, 46.491, 46.796, 47.191, 47.257, 47.327, 47.432, 47.348, 47.275, 47.025, 46.681, 46.261, 45.778, 45.163, 45.034, 45.175, 45.014, 44.569, 44.489, 44.846, 45.326, 45.882, 46.213, 46.045, 45.628, 45.612, 46.065, 46.1, 45.434, 44.952, 44.653, 44.304, 44.017, 44.353, 45.356, 46.255, 46.424, 46.136, 46.221, 46.575, 46.793, 46.812, 46.924, 47.283, 47.372, 47.107, 46.921, 46.792, 46.62, 46.51, 46.626, 46.7, 44.361], [42.233, 41.193, 40.756, 40.565, 39.909, 37.928, 34.896, 33.087, 32.762, 32.369, 31.637, 30.985, 30.186, 28.289, 25.249, 22.184, 20.622, 18.633, 14.316, 8.304, 0.0, 9.174, 16.515, 20.153, 21.776, 24.417, 28.009, 30.514, 31.607, 32.191, 33.031, 34.642, 37.13, 39.008, 39.772, 40.539, 41.458, 41.947, 42.166, 42.787, 43.74, 44.211, 44.277, 44.441, 44.655, 44.631, 44.797, 45.205, 45.053, 44.566, 44.251, 44.502, 44.799, 44.474, 43.923, 43.783, 43.937, 43.79, 43.384, 43.584, 44.173, 43.848, 42.996, 42.722, 42.915, 43.063, 42.782, 42.546, 42.818, 43.338, 43.53, 43.222, 43.163, 43.406, 43.441, 43.405, 43.472, 43.558, 43.615, 43.721, 44.014, 44.194, 44.246, 44.543, 44.774, 44.8, 44.854, 44.97, 45.132, 45.384, 45.765, 46.073, 46.262, 46.228, 45.998, 45.855, 45.928, 45.867, 45.631, 45.577, 45.469, 44.971, 44.713, 44.855, 45.524, 46.105, 46.384, 46.387, 45.658, 44.716, 44.619, 45.147, 45.135, 44.497, 43.935, 43.576, 43.422, 43.22, 43.224, 43.477, 43.584, 43.298, 43.194, 43.205, 43.176, 43.129, 43.093, 43.071, 43.027, 43.091, 43.378, 43.761, 44.003, 43.947, 43.885, 44.177, 44.548, 44.716, 44.739, 45.069, 45.562, 45.779, 45.769, 45.472, 44.93, 44.628, 44.558, 44.451, 44.271, 44.148, 44.392, 45.442, 46.243, 45.785, 45.337, 45.659, 46.053, 46.131, 46.264, 46.456, 46.407, 46.324, 46.024, 45.621, 45.152, 44.617, 43.955, 43.825, 43.98, 43.816, 43.356, 43.27, 43.621, 44.137, 44.802, 45.187, 44.974, 44.477, 44.476, 44.957, 44.994, 44.274, 43.708, 43.414, 43.038, 42.697, 43.088, 44.198, 45.15, 45.288, 44.937, 45.029, 45.435, 45.683, 45.703, 45.855, 46.286, 46.407, 46.128, 45.925, 45.766, 45.56, 45.422, 45.532, 45.62, 43.241], [40.773, 39.953, 39.669, 39.497, 38.847, 36.964, 34.061, 32.337, 32.085, 31.85, 31.267, 30.648, 29.945, 28.499, 26.233, 24.094, 23.353, 22.042, 19.085, 15.455, 9.174, 0.0, 8.838, 13.981, 16.146, 18.831, 22.856, 26.023, 27.672, 28.577, 29.564, 31.417, 34.421, 36.679, 37.566, 38.457, 39.535, 40.102, 40.331, 40.96, 41.989, 42.593, 42.798, 43.057, 43.297, 43.293, 43.542, 44.104, 43.989, 43.437, 43.141, 43.54, 43.937, 43.533, 42.834, 42.642, 42.827, 42.657, 42.155, 42.365, 43.015, 42.602, 41.62, 41.363, 41.635, 41.791, 41.44, 41.115, 41.329, 41.821, 42.007, 41.625, 41.43, 41.573, 41.563, 41.532, 41.627, 41.691, 41.716, 41.902, 42.274, 42.449, 42.563, 42.975, 43.249, 43.254, 43.309, 43.432, 43.597, 43.924, 44.429, 44.816, 45.042, 45.013, 44.743, 44.571, 44.646, 44.561, 44.297, 44.257, 44.15, 43.582, 43.293, 43.562, 44.415, 45.117, 45.426, 45.383, 44.501, 43.374, 43.286, 43.905, 43.858, 43.104, 42.476, 42.078, 41.898, 41.695, 41.687, 41.93, 42.048, 41.774, 41.699, 41.732, 41.693, 41.622, 41.58, 41.551, 41.393, 41.238, 41.407, 41.946, 42.374, 42.386, 42.3, 42.584, 43.061, 43.346, 43.4, 43.711, 44.2, 44.453, 44.491, 44.176, 43.528, 43.144, 43.059, 42.907, 42.645, 42.499, 42.847, 44.068, 44.98, 44.455, 43.924, 44.329, 44.874, 45.093, 45.369, 45.655, 45.617, 45.525, 45.18, 44.697, 44.184, 43.641, 42.954, 42.829, 43.052, 42.951, 42.503, 42.433, 42.825, 43.423, 44.198, 44.641, 44.386, 43.776, 43.692, 44.184, 44.263, 43.419, 42.551, 42.003, 41.328, 40.723, 41.085, 42.301, 43.328, 43.427, 42.99, 43.117, 43.665, 43.991, 43.994, 44.18, 44.722, 44.889, 44.582, 44.351, 44.151, 43.901, 43.736, 43.866, 43.993, 41.604], [40.043, 39.402, 39.227, 39.062, 38.435, 36.683, 33.953, 32.362, 32.169, 31.977, 31.464, 30.919, 30.357, 29.349, 27.85, 26.589, 26.491, 25.588, 23.236, 20.852, 16.515, 8.838, 0.0, 6.706, 10.522, 13.97, 18.67, 22.788, 25.308, 26.673, 27.817, 29.926, 33.334, 35.783, 36.727, 37.7, 38.859, 39.44, 39.665, 40.292, 41.34, 41.99, 42.233, 42.516, 42.754, 42.697, 42.844, 43.377, 43.286, 42.755, 42.516, 43.017, 43.477, 43.025, 42.218, 41.98, 42.18, 41.971, 41.376, 41.567, 42.242, 41.813, 40.845, 40.676, 40.994, 41.137, 40.769, 40.443, 40.662, 41.135, 41.291, 40.838, 40.506, 40.525, 40.454, 40.414, 40.529, 40.585, 40.561, 40.749, 41.17, 41.368, 41.529, 41.989, 42.279, 42.279, 42.347, 42.477, 42.641, 43.007, 43.575, 43.986, 44.207, 44.158, 43.867, 43.686, 43.768, 43.671, 43.39, 43.362, 43.269, 42.675, 42.364, 42.659, 43.559, 44.279, 44.601, 44.575, 43.652, 42.42, 42.31, 42.965, 42.892, 42.078, 41.418, 40.992, 40.812, 40.63, 40.613, 40.837, 40.957, 40.686, 40.625, 40.665, 40.63, 40.575, 40.548, 40.486, 40.217, 39.951, 40.151, 40.906, 41.532, 41.638, 41.554, 41.849, 42.442, 42.84, 42.909, 43.168, 43.598, 43.823, 43.882, 43.56, 42.84, 42.4, 42.307, 42.109, 41.759, 41.58, 41.975, 43.251, 44.2, 43.657, 43.091, 43.59, 44.336, 44.749, 45.176, 45.514, 45.469, 45.371, 45.014, 44.511, 43.985, 43.453, 42.782, 42.666, 42.944, 42.92, 42.517, 42.476, 42.92, 43.576, 44.378, 44.836, 44.588, 43.947, 43.759, 44.221, 44.345, 43.439, 42.336, 41.503, 40.506, 39.635, 39.911, 41.172, 42.237, 42.296, 41.797, 41.945, 42.575, 42.935, 42.919, 43.114, 43.713, 43.907, 43.59, 43.353, 43.134, 42.853, 42.669, 42.82, 42.984, 40.726], [39.559, 38.986, 38.862, 38.694, 38.075, 36.424, 33.919, 32.525, 32.388, 32.219, 31.791, 31.348, 30.866, 30.007, 28.792, 27.887, 28.055, 27.399, 25.415, 23.56, 20.153, 13.981, 6.706, 0.0, 5.713, 11.047, 16.546, 21.026, 23.944, 25.574, 26.796, 29.005, 32.582, 35.099, 36.05, 37.053, 38.266, 38.862, 39.098, 39.779, 40.898, 41.56, 41.767, 42.044, 42.304, 42.222, 42.268, 42.728, 42.648, 42.198, 42.05, 42.608, 43.098, 42.654, 41.837, 41.605, 41.814, 41.569, 40.902, 41.068, 41.754, 41.327, 40.403, 40.315, 40.662, 40.794, 40.425, 40.125, 40.37, 40.832, 40.958, 40.466, 40.063, 40.008, 39.897, 39.852, 39.981, 40.041, 40.001, 40.2, 40.647, 40.845, 41.016, 41.513, 41.832, 41.836, 41.904, 42.034, 42.199, 42.571, 43.144, 43.552, 43.768, 43.711, 43.411, 43.234, 43.337, 43.253, 42.969, 42.953, 42.883, 42.296, 41.976, 42.24, 43.087, 43.768, 44.119, 44.159, 43.236, 41.922, 41.769, 42.438, 42.366, 41.522, 40.841, 40.401, 40.226, 40.053, 40.037, 40.264, 40.377, 40.07, 39.973, 39.995, 39.971, 39.94, 39.928, 39.864, 39.584, 39.329, 39.597, 40.463, 41.182, 41.339, 41.266, 41.571, 42.212, 42.657, 42.719, 42.929, 43.307, 43.504, 43.559, 43.222, 42.46, 41.987, 41.895, 41.689, 41.305, 41.108, 41.529, 42.837, 43.796, 43.242, 42.648, 43.183, 44.046, 44.556, 45.036, 45.391, 45.359, 45.247, 44.856, 44.345, 43.8, 43.253, 42.611, 42.518, 42.816, 42.835, 42.499, 42.53, 43.027, 43.702, 44.495, 44.948, 44.704, 44.05, 43.796, 44.234, 44.385, 43.475, 42.289, 41.323, 40.213, 39.26, 39.483, 40.751, 41.842, 41.897, 41.367, 41.503, 42.15, 42.509, 42.47, 42.672, 43.3, 43.502, 43.175, 42.925, 42.685, 42.377, 42.178, 42.339, 42.526, 40.218], [38.985, 38.427, 38.327, 38.171, 37.549, 35.941, 33.641, 32.455, 32.372, 32.233, 31.896, 31.543, 31.135, 30.388, 29.307, 28.563, 28.905, 28.424, 26.663, 25.044, 21.776, 16.146, 10.522, 5.713, 0.0, 6.937, 13.735, 18.749, 21.895, 23.68, 24.973, 27.294, 31.172, 33.915, 34.902, 35.944, 37.263, 37.909, 38.159, 38.909, 40.135, 40.836, 41.051, 41.369, 41.679, 41.635, 41.733, 42.239, 42.143, 41.701, 41.642, 42.301, 42.829, 42.369, 41.53, 41.318, 41.556, 41.298, 40.592, 40.773, 41.501, 41.039, 40.076, 40.011, 40.403, 40.552, 40.158, 39.824, 40.061, 40.533, 40.669, 40.171, 39.727, 39.614, 39.468, 39.426, 39.583, 39.643, 39.592, 39.83, 40.3, 40.459, 40.632, 41.191, 41.55, 41.549, 41.602, 41.731, 41.903, 42.277, 42.857, 43.293, 43.542, 43.486, 43.162, 42.979, 43.106, 43.035, 42.746, 42.734, 42.673, 42.083, 41.757, 42.044, 42.926, 43.652, 44.058, 44.118, 43.13, 41.718, 41.542, 42.236, 42.156, 41.252, 40.528, 40.063, 39.869, 39.677, 39.67, 39.923, 40.047, 39.721, 39.597, 39.592, 39.549, 39.514, 39.5, 39.443, 39.178, 38.927, 39.177, 40.056, 40.817