[[0.0, 3.906, 10.524, 15.962, 18.551, 19.988, 20.946, 21.53, 22.353, 24.264, 26.221, 27.679, 28.828, 29.675, 29.993, 29.992, 30.538, 31.097, 31.135, 31.84, 33.133, 34.453, 35.355, 36.039, 36.557, 36.892, 37.125, 37.369, 37.843, 38.639, 38.76, 38.454, 38.72, 39.129, 39.292, 39.386, 39.235, 38.828, 38.53, 38.326, 38.013, 37.392, 36.755, 36.808, 36.926, 36.509, 35.433, 34.065, 34.295, 35.228, 35.199, 34.956, 35.548, 36.019, 35.955, 36.079, 36.642, 36.907, 36.794, 36.811, 36.729, 36.34, 36.079, 36.087, 36.07, 35.993, 35.981, 35.885, 35.821, 35.686, 35.416, 35.443, 35.555, 35.305, 34.905, 34.823, 35.772, 36.932, 37.379, 37.213, 37.099, 36.804, 36.628, 36.711, 36.671, 36.55, 36.616, 36.771, 36.73, 36.629, 37.162, 38.419, 39.309, 39.553, 39.999, 40.601, 40.752, 40.795, 40.668, 40.611, 41.176, 41.529, 41.543, 41.541, 40.968, 40.354, 40.294, 39.68, 38.34, 37.446, 37.247, 37.07, 36.538, 36.103, 36.268, 36.403, 36.083, 35.607, 35.712, 36.372, 36.709, 36.294, 35.47, 35.074, 34.705, 34.105, 34.287, 34.649, 34.799, 35.638, 37.177, 38.547, 39.303, 39.344, 38.889, 38.239, 37.498, 37.06, 36.441, 35.998, 36.047, 36.135, 36.13, 36.222, 36.31, 36.388, 36.316, 36.243, 36.166, 36.019, 36.34, 36.65, 36.089, 35.378, 35.417, 35.462, 35.379, 36.064, 38.302, 40.038, 40.607, 40.774, 41.406, 42.1, 41.767, 40.892, 40.486, 40.458, 40.204, 39.447, 38.765, 39.088, 40.005, 40.727, 40.763, 40.293, 39.84, 39.679, 39.776, 39.921, 39.404, 38.074, 37.033, 37.152, 36.933, 34.784, 34.182, 35.321, 35.398, 35.567, 35.966, 36.302, 36.537, 36.532, 36.241, 36.116, 36.143, 36.223, 36.374, 36.528, 36.425, 36.207, 36.157, 36.308, 36.348, 36.329, 36.368, 36.206, 35.867, 35.665, 35.669, 35.532, 35.214, 35.658, 36.246, 36.492, 36.663, 36.809, 36.697, 36.458, 36.194, 36.107, 36.189, 36.183, 36.194, 36.424, 36.53, 36.575, 36.371, 3.869], [3.906, 0.0, 7.537, 13.731, 16.693, 18.258, 19.251, 19.859, 20.794, 22.951, 25.128, 26.712, 27.929, 28.83, 29.183, 29.198, 29.776, 30.369, 30.432, 31.191, 32.557, 33.946, 34.891, 35.601, 36.144, 36.492, 36.722, 36.984, 37.522, 38.387, 38.519, 38.204, 38.481, 38.903, 39.073, 39.174, 39.018, 38.595, 38.286, 38.077, 37.753, 37.105, 36.443, 36.499, 36.616, 36.179, 35.056, 33.642, 33.917, 34.907, 34.872, 34.608, 35.213, 35.698, 35.626, 35.737, 36.31, 36.586, 36.476, 36.498, 36.416, 36.017, 35.749, 35.754, 35.734, 35.655, 35.642, 35.544, 35.478, 35.336, 35.057, 35.087, 35.203, 34.931, 34.494, 34.402, 35.416, 36.643, 37.102, 36.922, 36.803, 36.503, 36.322, 36.411, 36.371, 36.253, 36.333, 36.503, 36.467, 36.366, 36.924, 38.229, 39.151, 39.397, 39.852, 40.477, 40.644, 40.681, 40.531, 40.46, 41.039, 41.408, 41.435, 41.434, 40.848, 40.225, 40.166, 39.535, 38.159, 37.247, 37.05, 36.87, 36.318, 35.856, 36.008, 36.144, 35.808, 35.304, 35.41, 36.092, 36.445, 36.012, 35.125, 34.677, 34.276, 33.64, 33.826, 34.206, 34.369, 35.232, 36.816, 38.228, 39.009, 39.053, 38.589, 37.927, 37.176, 36.736, 36.105, 35.665, 35.728, 35.82, 35.821, 35.923, 36.021, 36.096, 36.011, 35.93, 35.847, 35.692, 36.019, 36.326, 35.73, 34.997, 35.058, 35.114, 35.028, 35.745, 38.068, 39.869, 40.459, 40.633, 41.284, 41.993, 41.646, 40.737, 40.307, 40.271, 40.021, 39.249, 38.538, 38.861, 39.795, 40.525, 40.554, 40.072, 39.611, 39.446, 39.547, 39.694, 39.153, 37.77, 36.683, 36.805, 36.592, 34.388, 33.772, 34.972, 35.054, 35.229, 35.636, 35.972, 36.216, 36.214, 35.908, 35.781, 35.817, 35.895, 36.046, 36.211, 36.108, 35.882, 35.833, 35.99, 36.03, 36.013, 36.064, 35.907, 35.56, 35.347, 35.344, 35.199, 34.854, 35.283, 35.879, 36.136, 36.332, 36.496, 36.381, 36.134, 35.86, 35.765, 35.843, 35.834, 35.852, 36.096, 36.206, 36.248, 36.045, 5.84], [10.524, 7.537, 0.0, 7.38, 11.547, 13.923, 15.307, 16.133, 17.665, 20.754, 23.586, 25.418, 26.731, 27.745, 28.168, 28.207, 28.868, 29.565, 29.702, 30.568, 32.06, 33.561, 34.563, 35.286, 35.844, 36.221, 36.458, 36.728, 37.333, 38.289, 38.467, 38.164, 38.439, 38.868, 39.05, 39.167, 39.014, 38.58, 38.262, 38.054, 37.732, 37.074, 36.393, 36.43, 36.538, 36.102, 34.972, 33.537, 33.834, 34.852, 34.817, 34.527, 35.121, 35.631, 35.576, 35.675, 36.236, 36.517, 36.427, 36.446, 36.346, 35.94, 35.668, 35.639, 35.585, 35.507, 35.508, 35.405, 35.347, 35.226, 34.96, 35.003, 35.131, 34.85, 34.395, 34.259, 35.263, 36.511, 36.964, 36.778, 36.666, 36.367, 36.183, 36.27, 36.235, 36.132, 36.236, 36.433, 36.412, 36.316, 36.897, 38.25, 39.199, 39.441, 39.9, 40.562, 40.776, 40.832, 40.671, 40.583, 41.158, 41.569, 41.654, 41.657, 41.045, 40.422, 40.371, 39.734, 38.369, 37.476, 37.281, 37.097, 36.548, 36.073, 36.187, 36.294, 35.928, 35.393, 35.466, 36.122, 36.482, 36.041, 35.09, 34.539, 34.051, 33.357, 33.515, 33.893, 34.054, 34.895, 36.451, 37.837, 38.6, 38.641, 38.179, 37.547, 36.865, 36.499, 35.921, 35.514, 35.589, 35.698, 35.722, 35.827, 35.938, 36.028, 35.936, 35.847, 35.77, 35.627, 35.952, 36.225, 35.602, 34.888, 34.985, 35.05, 34.974, 35.716, 38.056, 39.867, 40.462, 40.648, 41.301, 41.991, 41.622, 40.688, 40.23, 40.16, 39.895, 39.116, 38.397, 38.717, 39.644, 40.364, 40.393, 39.917, 39.459, 39.299, 39.402, 39.539, 38.981, 37.587, 36.509, 36.638, 36.444, 34.303, 33.756, 35.006, 35.084, 35.234, 35.612, 35.932, 36.182, 36.189, 35.871, 35.75, 35.807, 35.902, 36.068, 36.253, 36.16, 35.923, 35.86, 36.009, 36.05, 36.051, 36.124, 35.983, 35.634, 35.401, 35.38, 35.206, 34.782, 35.138, 35.743, 36.021, 36.238, 36.411, 36.305, 36.065, 35.791, 35.686, 35.752, 35.749, 35.787, 36.039, 36.15, 36.193, 36.002, 11.677], [15.962, 13.731, 7.38, 0.0, 5.484, 9.476, 11.843, 13.132, 15.399, 19.375, 22.767, 24.802, 26.163, 27.254, 27.733, 27.799, 28.519, 29.29, 29.501, 30.44, 31.976, 33.524, 34.547, 35.272, 35.838, 36.242, 36.508, 36.786, 37.388, 38.356, 38.591, 38.357, 38.641, 39.066, 39.251, 39.373, 39.234, 38.815, 38.501, 38.298, 37.993, 37.373, 36.742, 36.789, 36.897, 36.478, 35.397, 34.028, 34.297, 35.257, 35.219, 34.931, 35.499, 36.017, 35.998, 36.105, 36.64, 36.906, 36.823, 36.819, 36.677, 36.264, 36.001, 35.941, 35.855, 35.781, 35.8, 35.701, 35.655, 35.564, 35.328, 35.38, 35.51, 35.247, 34.817, 34.642, 35.532, 36.716, 37.155, 36.98, 36.872, 36.584, 36.431, 36.538, 36.514, 36.431, 36.55, 36.75, 36.73, 36.627, 37.189, 38.516, 39.451, 39.682, 40.132, 40.812, 41.067, 41.145, 40.988, 40.893, 41.437, 41.861, 41.977, 41.97, 41.349, 40.747, 40.709, 40.099, 38.801, 37.95, 37.753, 37.582, 37.059, 36.585, 36.664, 36.744, 36.376, 35.84, 35.864, 36.441, 36.783, 36.363, 35.399, 34.781, 34.264, 33.587, 33.729, 34.087, 34.234, 34.996, 36.443, 37.743, 38.464, 38.505, 38.067, 37.497, 36.903, 36.615, 36.099, 35.717, 35.797, 35.941, 35.99, 36.072, 36.181, 36.298, 36.213, 36.12, 36.053, 35.93, 36.237, 36.476, 35.895, 35.265, 35.384, 35.439, 35.382, 36.136, 38.404, 40.141, 40.708, 40.894, 41.516, 42.147, 41.771, 40.879, 40.436, 40.337, 40.054, 39.282, 38.572, 38.878, 39.759, 40.44, 40.472, 40.02, 39.585, 39.442, 39.543, 39.661, 39.104, 37.761, 36.753, 36.877, 36.688, 34.705, 34.249, 35.455, 35.51, 35.601, 35.925, 36.218, 36.455, 36.465, 36.157, 36.054, 36.135, 36.257, 36.443, 36.644, 36.576, 36.357, 36.289, 36.419, 36.459, 36.47, 36.543, 36.409, 36.076, 35.834, 35.78, 35.575, 35.098, 35.377, 35.979, 36.281, 36.495, 36.661, 36.571, 36.359, 36.103, 35.985, 36.028, 36.044, 36.127, 36.394, 36.504, 36.541, 36.36, 16.862], [18.551, 16.693, 11.547, 5.484, 0.0, 5.185, 8.861, 11.099, 14.101, 18.649, 22.457, 24.676, 26.064, 27.197, 27.721, 27.863, 28.685, 29.497, 29.74, 30.724, 32.25, 33.784, 34.823, 35.577, 36.166, 36.59, 36.872, 37.147, 37.7, 38.609, 38.87, 38.73, 39.071, 39.501, 39.67, 39.781, 39.656, 39.255, 38.945, 38.75, 38.467, 37.898, 37.326, 37.394, 37.498, 37.097, 36.061, 34.724, 34.897, 35.752, 35.72, 35.456, 35.996, 36.501, 36.509, 36.632, 37.137, 37.373, 37.289, 37.286, 37.136, 36.734, 36.493, 36.438, 36.349, 36.27, 36.283, 36.195, 36.177, 36.123, 35.91, 35.956, 36.081, 35.843, 35.465, 35.279, 36.029, 37.106, 37.523, 37.355, 37.246, 36.979, 36.857, 36.976, 36.956, 36.888, 36.996, 37.167, 37.134, 37.021, 37.533, 38.782, 39.672, 39.897, 40.342, 41.033, 41.323, 41.431, 41.285, 41.18, 41.684, 42.098, 42.231, 42.246, 41.66, 41.08, 41.052, 40.494, 39.294, 38.505, 38.312, 38.153, 37.649, 37.175, 37.226, 37.285, 36.927, 36.398, 36.366, 36.862, 37.194, 36.82, 35.87, 35.198, 34.649, 34.023, 34.182, 34.525, 34.657, 35.361, 36.717, 37.95, 38.654, 38.707, 38.285, 37.742, 37.189, 36.921, 36.429, 36.062, 36.136, 36.297, 36.373, 36.452, 36.571, 36.718, 36.644, 36.544, 36.48, 36.388, 36.69, 36.903, 36.367, 35.836, 35.987, 36.045, 36.003, 36.746, 38.905, 40.549, 41.079, 41.252, 41.837, 42.427, 42.068, 41.221, 40.791, 40.69, 40.418, 39.672, 38.986, 39.285, 40.12, 40.764, 40.803, 40.385, 39.977, 39.847, 39.943, 40.042, 39.489, 38.197, 37.248, 37.36, 37.152, 35.269, 34.88, 36.027, 36.052, 36.095, 36.377, 36.634, 36.841, 36.848, 36.553, 36.461, 36.556, 36.687, 36.877, 37.083, 37.043, 36.859, 36.805, 36.929, 36.966, 36.97, 37.028, 36.898, 36.587, 36.353, 36.285, 36.076, 35.602, 35.845, 36.425, 36.734, 36.942, 37.102, 37.028, 36.838, 36.593, 36.471, 36.518, 36.561, 36.658, 36.918, 37.021, 37.049, 36.865, 19.328], [19.988, 18.258, 13.923, 9.476, 5.185, 0.0, 4.793, 8.462, 12.5, 17.664, 21.952, 24.426, 25.867, 27.016, 27.566, 27.784, 28.729, 29.605, 29.883, 30.92, 32.467, 34.006, 35.085, 35.876, 36.482, 36.92, 37.208, 37.481, 38.023, 38.907, 39.155, 39.055, 39.459, 39.918, 40.083, 40.186, 40.065, 39.667, 39.359, 39.17, 38.904, 38.358, 37.798, 37.859, 37.958, 37.575, 36.568, 35.226, 35.314, 36.085, 36.066, 35.834, 36.363, 36.853, 36.862, 36.983, 37.465, 37.683, 37.604, 37.622, 37.49, 37.106, 36.879, 36.831, 36.743, 36.656, 36.652, 36.575, 36.589, 36.569, 36.378, 36.426, 36.553, 36.337, 36.004, 35.833, 36.515, 37.527, 37.926, 37.769, 37.671, 37.427, 37.311, 37.417, 37.4, 37.339, 37.429, 37.579, 37.542, 37.427, 37.899, 39.08, 39.934, 40.161, 40.604, 41.297, 41.604, 41.73, 41.594, 41.476, 41.954, 42.366, 42.512, 42.542, 41.979, 41.409, 41.391, 40.874, 39.742, 38.984, 38.787, 38.63, 38.136, 37.661, 37.7, 37.733, 37.36, 36.836, 36.775, 37.221, 37.548, 37.213, 36.28, 35.557, 34.947, 34.342, 34.541, 34.887, 35.008, 35.71, 37.054, 38.266, 38.968, 39.026, 38.599, 38.054, 37.513, 37.245, 36.759, 36.397, 36.451, 36.594, 36.679, 36.773, 36.911, 37.083, 37.023, 36.914, 36.842, 36.768, 37.077, 37.278, 36.754, 36.269, 36.457, 36.543, 36.511, 37.233, 39.319, 40.91, 41.422, 41.588, 42.152, 42.731, 42.391, 41.558, 41.112, 41.004, 40.749, 40.034, 39.376, 39.68, 40.496, 41.124, 41.174, 40.778, 40.382, 40.256, 40.35, 40.438, 39.884, 38.602, 37.652, 37.753, 37.529, 35.664, 35.313, 36.441, 36.448, 36.479, 36.75, 36.976, 37.151, 37.152, 36.863, 36.771, 36.873, 37.001, 37.182, 37.398, 37.378, 37.22, 37.188, 37.324, 37.361, 37.352, 37.397, 37.274, 36.986, 36.767, 36.701, 36.502, 36.046, 36.287, 36.86, 37.17, 37.381, 37.542, 37.474, 37.296, 37.057, 36.935, 36.995, 37.046, 37.122, 37.36, 37.463, 37.488, 37.286, 20.658], [20.946, 19.251, 15.307, 11.843, 8.861, 4.793, 0.0, 4.826, 10.252, 16.334, 21.141, 23.865, 25.395, 26.581, 27.149, 27.392, 28.4, 29.34, 29.662, 30.73, 32.314, 33.88, 34.987, 35.798, 36.407, 36.851, 37.148, 37.431, 38.006, 38.923, 39.161, 39.04, 39.466, 39.965, 40.15, 40.254, 40.128, 39.723, 39.415, 39.236, 38.977, 38.429, 37.861, 37.918, 38.014, 37.642, 36.658, 35.323, 35.389, 36.142, 36.133, 35.915, 36.447, 36.93, 36.917, 37.017, 37.49, 37.713, 37.649, 37.683, 37.559, 37.176, 36.938, 36.877, 36.782, 36.685, 36.666, 36.59, 36.609, 36.592, 36.404, 36.456, 36.583, 36.373, 36.052, 35.915, 36.653, 37.691, 38.087, 37.929, 37.848, 37.617, 37.486, 37.574, 37.554, 37.496, 37.585, 37.736, 37.705, 37.599, 38.076, 39.259, 40.118, 40.35, 40.791, 41.478, 41.788, 41.924, 41.798, 41.678, 42.151, 42.557, 42.683, 42.69, 42.108, 41.528, 41.51, 40.997, 39.867, 39.1, 38.892, 38.733, 38.238, 37.764, 37.801, 37.819, 37.421, 36.894, 36.838, 37.279, 37.596, 37.266, 36.331, 35.605, 34.979, 34.342, 34.548, 34.913, 35.044, 35.782, 37.168, 38.396, 39.096, 39.146, 38.71, 38.158, 37.605, 37.325, 36.833, 36.469, 36.511, 36.632, 36.71, 36.815, 36.965, 37.138, 37.074, 36.954, 36.867, 36.778, 37.081, 37.28, 36.741, 36.244, 36.454, 36.554, 36.519, 37.24, 39.334, 40.935, 41.458, 41.631, 42.201, 42.79, 42.455, 41.611, 41.15, 41.038, 40.782, 40.075, 39.428, 39.747, 40.576, 41.212, 41.269, 40.874, 40.476, 40.353, 40.453, 40.538, 39.972, 38.67, 37.688, 37.779, 37.554, 35.673, 35.323, 36.448, 36.446, 36.498, 36.788, 37.014, 37.187, 37.188, 36.895, 36.8, 36.897, 37.008, 37.173, 37.395, 37.377, 37.218, 37.202, 37.354, 37.388, 37.368, 37.406, 37.282, 36.992, 36.78, 36.729, 36.537, 36.096, 36.378, 36.975, 37.294, 37.52, 37.69, 37.614, 37.437, 37.204, 37.079, 37.135, 37.17, 37.221, 37.444, 37.552, 37.589, 37.383, 21.54], [21.53, 19.859, 16.133, 13.132, 11.099, 8.462, 4.826, 0.0, 6.576, 13.943, 19.603, 22.737, 24.418, 25.676, 26.29, 26.54, 27.556, 28.529, 28.9, 30.035, 31.692, 33.286, 34.387, 35.204, 35.83, 36.29, 36.6, 36.902, 37.533, 38.527, 38.781, 38.607, 38.992, 39.498, 39.706, 39.823, 39.695, 39.278, 38.964, 38.794, 38.535, 37.97, 37.385, 37.44, 37.535, 37.155, 36.162, 34.833, 34.981, 35.816, 35.811, 35.574, 36.109, 36.582, 36.538, 36.608, 37.086, 37.322, 37.276, 37.322, 37.19, 36.777, 36.507, 36.438, 36.345, 36.244, 36.225, 36.146, 36.142, 36.09, 35.88, 35.932, 36.041, 35.804, 35.461, 35.356, 36.211, 37.334, 37.733, 37.553, 37.479, 37.244, 37.091, 37.173, 37.15, 37.095, 37.199, 37.366, 37.345, 37.257, 37.78, 39.028, 39.926, 40.162, 40.606, 41.292, 41.59, 41.719, 41.594, 41.478, 41.968, 42.368, 42.454, 42.419, 41.795, 41.198, 41.175, 40.62, 39.432, 38.659, 38.47, 38.308, 37.81, 37.338, 37.386, 37.413, 37.001, 36.462, 36.427, 36.885, 37.188, 36.822, 35.855, 35.163, 34.56, 33.865, 34.062, 34.46, 34.623, 35.423, 36.871, 38.141, 38.857, 38.902, 38.452, 37.866, 37.263, 36.957, 36.439, 36.064, 36.126, 36.249, 36.303, 36.406, 36.573, 36.742, 36.658, 36.521, 36.418, 36.296, 36.583, 36.782, 36.213, 35.665, 35.868, 35.959, 35.916, 36.655, 38.827, 40.515, 41.084, 41.267, 41.852, 42.462, 42.128, 41.271, 40.798, 40.681, 40.418, 39.691, 39.021, 39.357, 40.23, 40.896, 40.944, 40.531, 40.129, 40.012, 40.115, 40.194, 39.61, 38.276, 37.236, 37.309, 37.099, 35.169, 34.805, 35.956, 35.956, 36.043, 36.369, 36.626, 36.827, 36.84, 36.538, 36.424, 36.492, 36.583, 36.747, 36.98, 36.947, 36.77, 36.763, 36.935, 36.97, 36.943, 36.983, 36.845, 36.526, 36.308, 36.282, 36.096, 35.633, 35.931, 36.552, 36.884, 37.133, 37.316, 37.225, 37.038, 36.806, 36.675, 36.715, 36.73, 36.779, 37.014, 37.134, 37.188, 36.987, 22.096], [22.353, 20.794, 17.665, 15.399, 14.101, 12.5, 10.252, 6.576, 0.0, 8.587, 16.026, 20.403, 22.456, 23.732, 24.413, 24.703, 25.743, 26.777, 27.236, 28.549, 30.367, 32.017, 33.136, 34.002, 34.703, 35.224, 35.567, 35.889, 36.584, 37.691, 37.986, 37.756, 38.089, 38.586, 38.814, 38.955, 38.838, 38.412, 38.079, 37.893, 37.615, 37.013, 36.391, 36.453, 36.552, 36.125, 35.024, 33.624, 33.933, 34.944, 34.933, 34.67, 35.251, 35.724, 35.642, 35.697, 36.21, 36.467, 36.444, 36.541, 36.41, 35.942, 35.624, 35.559, 35.5, 35.402, 35.378, 35.303, 35.273, 35.157, 34.901, 34.961, 35.033, 34.714, 34.309, 34.212, 35.212, 36.477, 36.903, 36.683, 36.595, 36.323, 36.139, 36.238, 36.217, 36.154, 36.282, 36.479, 36.467, 36.39, 36.977, 38.335, 39.299, 39.543, 40.003, 40.706, 40.998, 41.12, 40.986, 40.862, 41.381, 41.79, 41.85, 41.783, 41.108, 40.49, 40.465, 39.839, 38.554, 37.794, 37.665, 37.508, 37.001, 36.541, 36.621, 36.687, 36.263, 35.686, 35.644, 36.115, 36.41, 35.985, 34.922, 34.202, 33.58, 32.813, 33.033, 33.485, 33.69, 34.602, 36.183, 37.542, 38.301, 38.35, 37.876, 37.207, 36.483, 36.111, 35.532, 35.113, 35.187, 35.314, 35.347, 35.455, 35.647, 35.831, 35.745, 35.586, 35.46, 35.315, 35.612, 35.824, 35.207, 34.561, 34.724, 34.801, 34.749, 35.543, 37.92, 39.815, 40.469, 40.657, 41.278, 41.943, 41.627, 40.743, 40.241, 40.115, 39.849, 39.074, 38.314, 38.627, 39.579, 40.306, 40.332, 39.878, 39.457, 39.33, 39.431, 39.511, 38.899, 37.494, 36.34, 36.398, 36.206, 34.075, 33.642, 34.933, 34.962, 35.09, 35.46, 35.749, 35.973, 35.995, 35.673, 35.522, 35.574, 35.673, 35.84, 36.076, 36.022, 35.823, 35.822, 36.026, 36.072, 36.046, 36.095, 35.944, 35.589, 35.357, 35.362, 35.182, 34.654, 34.916, 35.549, 35.887, 36.167, 36.372, 36.259, 36.052, 35.818, 35.692, 35.729, 35.725, 35.782, 36.057, 36.198, 36.274, 36.073, 22.885], [24.264, 22.951, 20.754, 19.375, 18.649, 17.664, 16.334, 13.943, 8.587, 0.0, 9.573, 16.279, 19.243, 20.568, 21.382, 21.856, 23.025, 24.202, 24.835, 26.47, 28.611, 30.415, 31.652, 32.655, 33.501, 34.126, 34.521, 34.862, 35.61, 36.832, 37.187, 36.939, 37.262, 37.768, 38.015, 38.179, 38.083, 37.664, 37.305, 37.073, 36.758, 36.095, 35.404, 35.478, 35.605, 35.105, 33.818, 32.268, 32.699, 33.878, 33.853, 33.579, 34.237, 34.718, 34.605, 34.672, 35.261, 35.562, 35.559, 35.724, 35.612, 35.083, 34.7, 34.634, 34.616, 34.51, 34.467, 34.398, 34.357, 34.184, 33.886, 33.963, 34.003, 33.592, 33.105, 32.975, 34.092, 35.484, 35.93, 35.667, 35.544, 35.198, 35.009, 35.183, 35.168, 35.08, 35.241, 35.481, 35.48, 35.41, 36.047, 37.505, 38.542, 38.802, 39.285, 40.023, 40.322, 40.435, 40.287, 40.166, 40.711, 41.123, 41.183, 41.13, 40.44, 39.813, 39.794, 39.115, 37.716, 36.932, 36.851, 36.698, 36.184, 35.752, 35.886, 36.0, 35.558, 34.927, 34.848, 35.313, 35.599, 35.118, 33.946, 33.173, 32.55, 31.761, 32.04, 32.539, 32.785, 33.856, 35.641, 37.118, 37.925, 37.982, 37.49, 36.728, 35.849, 35.37, 34.697, 34.218, 34.287, 34.39, 34.393, 34.503, 34.685, 34.852, 34.764, 34.593, 34.436, 34.267, 34.602, 34.859, 34.208, 33.449, 33.54, 33.589, 33.524, 34.401, 37.049, 39.174, 39.898, 40.079, 40.752, 41.484, 41.172, 40.245, 39.707, 39.565, 39.295, 38.474, 37.601, 37.856, 38.889, 39.684, 39.687, 39.183, 38.729, 38.58, 38.683, 38.775, 38.133, 36.628, 35.338, 35.398, 35.215, 32.824, 32.313, 33.835, 33.938, 34.15, 34.61, 34.947, 35.166, 35.168, 34.812, 34.605, 34.649, 34.765, 34.901, 35.111, 35.031, 34.808, 34.814, 35.057, 35.119, 35.084, 35.136, 34.979, 34.589, 34.33, 34.375, 34.219, 33.632, 33.852, 34.489, 34.807, 35.096, 35.322, 35.177, 34.939, 34.698, 34.582, 34.621, 34.598, 34.663, 34.984, 35.155, 35.256, 35.065, 24.681], [26.221, 25.128, 23.586, 22.767, 22.457, 21.952, 21.141, 19.603, 16.026, 9.573, 0.0, 8.977, 13.756, 15.838, 17.094, 18.047, 19.613, 21.074, 22.011, 24.132, 26.769, 28.866, 30.274, 31.406, 32.388, 33.116, 33.567, 33.945, 34.757, 36.084, 36.509, 36.296, 36.659, 37.218, 37.488, 37.658, 37.589, 37.202, 36.837, 36.579, 36.242, 35.523, 34.735, 34.785, 34.936, 34.352, 32.898, 31.241, 31.762, 33.057, 33.015, 32.719, 33.426, 33.959, 33.865, 33.955, 34.619, 34.985, 34.972, 35.119, 34.993, 34.401, 33.945, 33.866, 33.877, 33.779, 33.733, 33.654, 33.586, 33.367, 33.044, 33.137, 33.187, 32.736, 32.191, 32.051, 33.315, 34.834, 35.291, 35.0, 34.838, 34.415, 34.231, 34.465, 34.442, 34.336, 34.529, 34.793, 34.8, 34.746, 35.418, 36.94, 38.03, 38.299, 38.802, 39.585, 39.897, 39.989, 39.812, 39.709, 40.304, 40.708, 40.757, 40.731, 40.049, 39.409, 39.393, 38.679, 37.133, 36.255, 36.191, 36.041, 35.505, 35.078, 35.256, 35.4, 34.924, 34.213, 34.09, 34.546, 34.813, 34.285, 33.069, 32.31, 31.741, 31.045, 31.463, 32.0, 32.294, 33.597, 35.658, 37.266, 38.1, 38.173, 37.686, 36.853, 35.845, 35.261, 34.502, 33.996, 34.077, 34.121, 34.047, 34.127, 34.242, 34.317, 34.192, 34.021, 33.835, 33.623, 33.987, 34.301, 33.634, 32.786, 32.821, 32.835, 32.758, 33.729, 36.589, 38.839, 39.576, 39.744, 40.466, 41.238, 40.872, 39.866, 39.299, 39.153, 38.876, 38.015, 37.062, 37.279, 38.357, 39.197, 39.203, 38.67, 38.176, 37.995, 38.093, 38.194, 37.521, 35.924, 34.558, 34.633, 34.471, 31.973, 31.416, 33.095, 33.278, 33.628, 34.25, 34.684, 34.914, 34.884, 34.48, 34.197, 34.173, 34.225, 34.285, 34.444, 34.325, 34.084, 34.096, 34.354, 34.418, 34.383, 34.456, 34.316, 33.897, 33.579, 33.619, 33.471, 32.851, 33.052, 33.717, 34.049, 34.331, 34.544, 34.352, 34.072, 33.816, 33.7, 33.736, 33.714, 33.807, 34.179, 34.369, 34.46, 34.263, 26.494], [27.679, 26.712, 25.418, 24.802, 24.676, 24.426, 23.865, 22.737, 20.403, 16.279, 8.977, 0.0, 6.521, 10.504, 12.786, 14.422, 16.69, 18.611, 19.947, 22.641, 25.714, 28.083, 29.643, 30.847, 31.899, 32.724, 33.255, 33.691, 34.556, 35.939, 36.424, 36.289, 36.712, 37.316, 37.599, 37.756, 37.705, 37.369, 37.036, 36.793, 36.47, 35.766, 34.966, 34.993, 35.126, 34.49, 32.935, 31.226, 31.776, 33.089, 33.028, 32.727, 33.462, 34.028, 33.958, 34.052, 34.719, 35.114, 35.071, 35.152, 35.016, 34.421, 33.934, 33.826, 33.835, 33.776, 33.768, 33.67, 33.565, 33.32, 32.989, 33.088, 33.166, 32.753, 32.228, 32.117, 33.48, 35.078, 35.543, 35.252, 35.102, 34.658, 34.421, 34.613, 34.579, 34.488, 34.694, 34.961, 34.978, 34.941, 35.632, 37.169, 38.268, 38.54, 39.048, 39.843, 40.172, 40.27, 40.07, 39.963, 40.593, 40.986, 41.0, 40.962, 40.296, 39.664, 39.642, 38.902, 37.261, 36.287, 36.194, 36.046, 35.492, 35.056, 35.236, 35.365, 34.874, 34.144, 33.997, 34.442, 34.709, 34.175, 32.989, 32.241, 31.67, 31.089, 31.638, 32.206, 32.521, 33.924, 36.135, 37.803, 38.633, 38.718, 38.253, 37.413, 36.362, 35.726, 34.945, 34.455, 34.55, 34.549, 34.414, 34.471, 34.534, 34.521, 34.343, 34.159, 33.955, 33.717, 34.084, 34.41, 33.74, 32.907, 32.999, 33.055, 32.97, 33.943, 36.883, 39.165, 39.878, 40.038, 40.799, 41.599, 41.19, 40.123, 39.557, 39.447, 39.171, 38.291, 37.323, 37.523, 38.588, 39.427, 39.441, 38.904, 38.376, 38.155, 38.238, 38.338, 37.646, 36.014, 34.657, 34.74, 34.583, 32.11, 31.547, 33.232, 33.448, 33.898, 34.614, 35.106, 35.355, 35.311, 34.889, 34.586, 34.504, 34.455, 34.426, 34.525, 34.373, 34.135, 34.152, 34.392, 34.445, 34.424, 34.529, 34.415, 34.0, 33.658, 33.672, 33.505, 32.854, 33.011, 33.711, 34.101, 34.371, 34.536, 34.314, 34.018, 33.75, 33.64, 33.706, 33.731, 33.872, 34.296, 34.511, 34.586, 34.379, 27.891], [28.828, 27.929, 26.731, 26.163, 26.064, 25.867, 25.395, 24.418, 22.456, 19.243, 13.756, 6.521, 0.0, 5.513, 9.098, 11.603, 14.586, 16.97, 18.703, 21.872, 25.237, 27.774, 29.447, 30.731, 31.857, 32.768, 33.365, 33.832, 34.704, 36.092, 36.608, 36.529, 36.99, 37.607, 37.89, 38.043, 38.01, 37.719, 37.418, 37.185, 36.881, 36.221, 35.452, 35.464, 35.579, 34.948, 33.372, 31.65, 32.179, 33.454, 33.379, 33.088, 33.827, 34.398, 34.348, 34.449, 35.088, 35.464, 35.402, 35.47, 35.358, 34.8, 34.317, 34.193, 34.205, 34.172, 34.18, 34.078, 33.967, 33.721, 33.388, 33.487, 33.585, 33.213, 32.731, 32.642, 33.985, 35.556, 36.01, 35.753, 35.654, 35.216, 34.912, 35.052, 35.017, 34.923, 35.108, 35.375, 35.412, 35.386, 36.056, 37.552, 38.625, 38.894, 39.395, 40.179, 40.521, 40.641, 40.442, 40.316, 40.938, 41.323, 41.309, 41.242, 40.595, 39.984, 39.951, 39.202, 37.558, 36.559, 36.444, 36.296, 35.75, 35.325, 35.494, 35.604, 35.118, 34.405, 34.251, 34.68, 34.939, 34.425, 33.31, 32.577, 31.973, 31.436, 32.023, 32.586, 32.88, 34.254, 36.476, 38.156, 38.979, 39.064, 38.607, 37.777, 36.714, 36.043, 35.255, 34.766, 34.857, 34.845, 34.701, 34.755, 34.817, 34.801, 34.617, 34.426, 34.22, 34.002, 34.377, 34.682, 34.031, 33.266, 33.407, 33.507, 33.423, 34.36, 37.297, 39.567, 40.256, 40.413, 41.168, 41.961, 41.555, 40.489, 39.94, 39.856, 39.584, 38.704, 37.742, 37.922, 38.949, 39.768, 39.782, 39.252, 38.715, 38.479, 38.551, 38.646, 37.953, 36.334, 35.007, 35.096, 34.927, 32.491, 31.95, 33.619, 33.838, 34.288, 34.978, 35.456, 35.698, 35.656, 35.244, 34.96, 34.889, 34.826, 34.78, 34.86, 34.706, 34.482, 34.503, 34.734, 34.787, 34.779, 34.894, 34.789, 34.386, 34.046, 34.044, 33.869, 33.205, 33.304, 33.996, 34.42, 34.688, 34.825, 34.597, 34.31, 34.045, 33.941, 34.025, 34.081, 34.258, 34.708, 34.93, 35.009, 34.822, 29.027], [29.675, 28.83, 27.745, 27.254, 27.197, 27.016, 26.581, 25.676, 23.732, 20.568, 15.838, 10.504, 5.513, 0.0, 4.7, 8.663, 12.659, 15.468, 17.49, 21.052, 24.69, 27.345, 29.086, 30.457, 31.689, 32.691, 33.334, 33.81, 34.69, 36.1, 36.638, 36.589, 37.088, 37.729, 38.023, 38.185, 38.164, 37.882, 37.578, 37.339, 37.046, 36.398, 35.622, 35.621, 35.742, 35.127, 33.556, 31.832, 32.356, 33.61, 33.517, 33.22, 33.959, 34.529, 34.482, 34.587, 35.216, 35.569, 35.499, 35.588, 35.498, 34.951, 34.478, 34.38, 34.424, 34.392, 34.381, 34.296, 34.207, 33.962, 33.627, 33.727, 33.825, 33.453, 32.976, 32.884, 34.19, 35.721, 36.161, 35.921, 35.841, 35.4, 35.069, 35.189, 35.153, 35.035, 35.188, 35.457, 35.508, 35.47, 36.095, 37.555, 38.616, 38.883, 39.375, 40.151, 40.504, 40.64, 40.446, 40.311, 40.927, 41.311, 41.291, 41.219, 40.582, 39.978, 39.938, 39.198, 37.573, 36.588, 36.483, 36.338, 35.812, 35.418, 35.596, 35.703, 35.22, 34.518, 34.367, 34.794, 35.046, 34.54, 33.46, 32.739, 32.102, 31.532, 32.113, 32.662, 32.928, 34.277, 36.505, 38.213, 39.057, 39.143, 38.672, 37.824, 36.738, 36.042, 35.238, 34.729, 34.809, 34.799, 34.661, 34.718, 34.793, 34.803, 34.64, 34.45, 34.246, 34.048, 34.427, 34.717, 34.074, 33.342, 33.482, 33.588, 33.511, 34.443, 37.388, 39.674, 40.374, 40.526, 41.267, 42.059, 41.672, 40.624, 40.077, 39.996, 39.738, 38.865, 37.895, 38.063, 39.081, 39.89, 39.898, 39.366, 38.833, 38.598, 38.668, 38.772, 38.099, 36.487, 35.146, 35.234, 35.063, 32.6, 32.043, 33.761, 33.996, 34.418, 35.061, 35.518, 35.753, 35.716, 35.311, 35.036, 34.981, 34.935, 34.897, 34.974, 34.822, 34.605, 34.635, 34.873, 34.929, 34.914, 35.015, 34.899, 34.503, 34.178, 34.179, 34.005, 33.354, 33.435, 34.1, 34.518, 34.788, 34.93, 34.701, 34.417, 34.161, 34.055, 34.125, 34.171, 34.363, 34.827, 35.056, 35.145, 34.977, 29.848], [29.993, 29.183, 28.168, 27.733, 27.721, 27.566, 27.149, 26.29, 24.413, 21.382, 17.094, 12.786, 9.098, 4.7, 0.0, 5.33, 10.677, 14.034, 16.16, 19.979, 23.907, 26.713, 28.5, 29.931, 31.269, 32.368, 33.059, 33.55, 34.46, 35.921, 36.504, 36.509, 37.063, 37.735, 38.048, 38.229, 38.221, 37.946, 37.635, 37.383, 37.09, 36.442, 35.657, 35.649, 35.776, 35.166, 33.589, 31.834, 32.333, 33.574, 33.466, 33.145, 33.882, 34.467, 34.415, 34.505, 35.124, 35.466, 35.391, 35.482, 35.385, 34.834, 34.379, 34.321, 34.391, 34.354, 34.332, 34.259, 34.183, 33.94, 33.603, 33.701, 33.796, 33.412, 32.923, 32.821, 34.11, 35.617, 36.048, 35.809, 35.728, 35.291, 34.968, 35.089, 35.048, 34.917, 35.069, 35.342, 35.388, 35.33, 35.925, 37.37, 38.431, 38.698, 39.183, 39.955, 40.315, 40.462, 40.274, 40.142, 40.756, 41.144, 41.139, 41.08, 40.444, 39.832, 39.793, 39.067, 37.453, 36.477, 36.379, 36.235, 35.723, 35.35, 35.536, 35.642, 35.163, 34.471, 34.325, 34.762, 35.021, 34.51, 33.427, 32.706, 32.048, 31.443, 32.021, 32.569, 32.819, 34.156, 36.396, 38.135, 39.008, 39.1, 38.612, 37.741, 36.637, 35.932, 35.122, 34.604, 34.678, 34.662, 34.517, 34.575, 34.657, 34.682, 34.536, 34.35, 34.144, 33.949, 34.334, 34.621, 33.963, 33.223, 33.359, 33.466, 33.395, 34.343, 37.325, 39.654, 40.379, 40.536, 41.281, 42.076, 41.696, 40.653, 40.101, 40.029, 39.791, 38.92, 37.941, 38.118, 39.151, 39.968, 39.975, 39.436, 38.899, 38.664, 38.738, 38.861, 38.207, 36.579, 35.19, 35.262, 35.095, 32.572, 31.923, 33.684, 33.945, 34.348, 34.96, 35.413, 35.652, 35.613, 35.211, 34.949, 34.91, 34.87, 34.825, 34.89, 34.733, 34.518, 34.552, 34.796, 34.852, 34.827, 34.916, 34.794, 34.41, 34.122, 34.152, 33.984, 33.35, 33.441, 34.085, 34.488, 34.759, 34.899, 34.654, 34.367, 34.123, 34.024, 34.083, 34.123, 34.336, 34.829, 35.065, 35.155, 34.989, 30.143], [29.992, 29.198, 28.207, 27.799, 27.863, 27.784, 27.392, 26.54, 24.703, 21.856, 18.047, 14.422, 11.603, 8.663, 5.33, 0.0, 6.522, 11.033, 13.688, 17.799, 22.115, 25.265, 27.202, 28.728, 30.19, 31.417, 32.193, 32.74, 33.717, 35.269, 35.929, 35.997, 36.599, 37.301, 37.639, 37.846, 37.864, 37.625, 37.34, 37.09, 36.799, 36.154, 35.377, 35.398, 35.53, 34.908, 33.334, 31.578, 32.09, 33.339, 33.216, 32.873, 33.618, 34.22, 34.161, 34.236, 34.854, 35.194, 35.113, 35.19, 35.072, 34.517, 34.08, 34.034, 34.104, 34.072, 34.058, 33.985, 33.911, 33.679, 33.35, 33.458, 33.559, 33.159, 32.642, 32.519, 33.812, 35.349, 35.8, 35.553, 35.473, 35.063, 34.769, 34.908, 34.864, 34.737, 34.915, 35.187, 35.206, 35.134, 35.738, 37.196, 38.257, 38.523, 39.012, 39.781, 40.136, 40.275, 40.071, 39.921, 40.52, 40.918, 40.946, 40.901, 40.247, 39.616, 39.571, 38.836, 37.204, 36.218, 36.115, 35.968, 35.451, 35.075, 35.265, 35.381, 34.906, 34.223, 34.102, 34.571, 34.833, 34.295, 33.18, 32.448, 31.802, 31.183, 31.751, 32.312, 32.562, 33.884, 36.125, 37.866, 38.738, 38.839, 38.355, 37.469, 36.346, 35.645, 34.846, 34.331, 34.411, 34.396, 34.248, 34.308, 34.39, 34.419, 34.283, 34.102, 33.895, 33.689, 34.078, 34.376, 33.701, 32.929, 33.06, 33.17, 33.098, 34.057, 37.066, 39.416, 40.149, 40.304, 41.052, 41.851, 41.469, 40.42, 39.864, 39.797, 39.572, 38.7, 37.707, 37.897, 38.956, 39.787, 39.792, 39.244, 38.705, 38.473, 38.556, 38.687, 38.018, 36.339, 34.9, 34.961, 34.806, 32.249, 31.544, 33.338, 33.628, 34.034, 34.661, 35.143, 35.401, 35.369, 34.967, 34.715, 34.689, 34.64, 34.565, 34.607, 34.443, 34.238, 34.284, 34.536, 34.599, 34.589, 34.684, 34.556, 34.182, 33.932, 33.997, 33.837, 33.202, 33.301, 33.947, 34.353, 34.629, 34.749, 34.471, 34.176, 33.946, 33.861, 33.924, 33.956, 34.181, 34.7, 34.943, 35.036, 34.867, 30.133], [30.538, 29.776, 28.868, 28.519, 28.685, 28.729, 28.4, 27.556, 25.743, 23.025, 19.613, 16.69, 14.586, 12.659, 10.677, 6.522, 0.0, 5.927, 10.516, 15.522, 20.009, 23.403, 25.581, 27.272, 28.849, 30.183, 31.057, 31.688, 32.747, 34.394, 35.107, 35.176, 35.774, 36.492, 36.854, 37.082, 37.113, 36.908, 36.671, 36.448, 36.164, 35.532, 34.811, 34.926, 35.087, 34.463, 32.96, 31.357, 31.981, 33.241, 33.105, 32.755, 33.498, 34.105, 34.044, 34.109, 34.722, 35.06, 34.981, 35.053, 34.932, 34.377, 33.935, 33.871, 33.937, 33.909, 33.9, 33.82, 33.735, 33.504, 33.198, 33.351, 33.467, 33.035, 32.471, 32.34, 33.675, 35.266, 35.736, 35.471, 35.387, 35.015, 34.767, 34.934, 34.899, 34.788, 34.99, 35.249, 35.236, 35.163, 35.792, 37.259, 38.301, 38.557, 39.05, 39.817, 40.158, 40.279, 40.06, 39.883, 40.431, 40.815, 40.86, 40.814, 40.141, 39.507, 39.455, 38.688, 37.035, 36.05, 35.94, 35.785, 35.264, 34.886, 35.081, 35.213, 34.741, 34.061, 33.976, 34.479, 34.737, 34.172, 33.037, 32.318, 31.719, 31.119, 31.677, 32.236, 32.485, 33.804, 36.04, 37.749, 38.592, 38.703, 38.252, 37.366, 36.225, 35.525, 34.724, 34.212, 34.327, 34.336, 34.175, 34.218, 34.299, 34.334, 34.195, 34.012, 33.799, 33.575, 33.954, 34.272, 33.595, 32.785, 32.878, 32.982, 32.912, 33.863, 36.838, 39.149, 39.871, 40.022, 40.77, 41.588, 41.206, 40.14, 39.575, 39.512, 39.3, 38.435, 37.419, 37.593, 38.652, 39.471, 39.46, 38.92, 38.398, 38.174, 38.262, 38.388, 37.692, 35.971, 34.515, 34.576, 34.438, 31.957, 31.368, 33.17, 33.474, 33.882, 34.532, 35.026, 35.289, 35.277, 34.886, 34.623, 34.579, 34.518, 34.438, 34.478, 34.31, 34.113, 34.177, 34.435, 34.501, 34.511, 34.616, 34.469, 34.07, 33.815, 33.9, 33.737, 33.071, 33.167, 33.834, 34.245, 34.531, 34.655, 34.355, 34.045, 33.819, 33.739, 33.795, 33.797, 34.005, 34.535, 34.793, 34.903, 34.753, 30.675], [31.097, 30.369, 29.565, 29.29, 29.497, 29.605, 29.34, 28.529, 26.777, 24.202, 21.074, 18.611, 16.97, 15.468, 14.034, 11.033, 5.927, 0.0, 6.831, 13.733, 18.723, 22.191, 24.502, 26.336, 28.01, 29.428, 30.375, 31.06, 32.162, 33.853, 34.585, 34.653, 35.273, 36.022, 36.402, 36.643, 36.685, 36.485, 36.257, 36.05, 35.773, 35.144, 34.46, 34.65, 34.854, 34.239, 32.749, 31.18, 31.843, 33.127, 32.994, 32.624, 33.357, 33.977, 33.922, 33.981, 34.6, 34.947, 34.876, 34.959, 34.844, 34.278, 33.809, 33.729, 33.799, 33.772, 33.756, 33.665, 33.567, 33.326, 33.031, 33.223, 33.354, 32.896, 32.295, 32.169, 33.563, 35.205, 35.698, 35.43, 35.342, 34.974, 34.744, 34.93, 34.909, 34.804, 35.0, 35.241, 35.217, 35.146, 35.779, 37.239, 38.263, 38.508, 39.005, 39.771, 40.097, 40.209, 39.998, 39.829, 40.358, 40.725, 40.769, 40.722, 40.044, 39.408, 39.351, 38.564, 36.887, 35.882, 35.762, 35.602, 35.077, 34.698, 34.903, 35.048, 34.583, 33.915, 33.836, 34.336, 34.582, 34.008, 32.876, 32.185, 31.607, 30.998, 31.556, 32.11, 32.351, 33.672, 35.909, 37.62, 38.464, 38.58, 38.137, 37.247, 36.103, 35.408, 34.593, 34.08, 34.229, 34.25, 34.063, 34.094, 34.19, 34.237, 34.096, 33.902, 33.675, 33.448, 33.833, 34.157, 33.472, 32.631, 32.695, 32.798, 32.735, 33.694, 36.675, 38.97, 39.682, 39.836, 40.601, 41.446, 41.066, 39.98, 39.402, 39.34, 39.131, 38.257, 37.206, 37.353, 38.412, 39.223, 39.203, 38.661, 38.141, 37.916, 37.998, 38.121, 37.434, 35.728, 34.292, 34.365, 34.231, 31.791, 31.298, 33.125, 33.436, 33.849, 34.493, 34.95, 35.18, 35.174, 34.784, 34.5, 34.423, 34.352, 34.288, 34.351, 34.195, 33.995, 34.056, 34.314, 34.38, 34.387, 34.489, 34.328, 33.89, 33.597, 33.68, 33.509, 32.806, 32.886, 33.571, 33.983, 34.296, 34.476, 34.205, 33.892, 33.668, 33.597, 33.643, 33.607, 33.798, 34.336, 34.606, 34.734, 34.606, 31.232], [31.135, 30.432, 29.702, 29.501, 29.74, 29.883, 29.662, 28.9, 27.236, 24.835, 22.011, 19.947, 18.703, 17.49, 16.16, 13.688, 10.516, 6.831, 0.0, 8.948, 16.008, 20.514, 23.02, 24.884, 26.697, 28.285, 29.348, 30.095, 31.232, 32.971, 33.756, 33.901, 34.621, 35.44, 35.842, 36.111, 36.205, 36.036, 35.802, 35.587, 35.322, 34.726, 34.114, 34.405, 34.68, 34.086, 32.541, 30.803, 31.373, 32.696, 32.589, 32.208, 32.946, 33.58, 33.522, 33.582, 34.233, 34.581, 34.501, 34.622, 34.523, 33.954, 33.478, 33.373, 33.417, 33.392, 33.39, 33.289, 33.184, 32.944, 32.64, 32.832, 32.995, 32.574, 31.988, 31.88, 33.294, 34.952, 35.454, 35.2, 35.123, 34.757, 34.53, 34.741, 34.726, 34.597, 34.773, 35.018, 35.001, 34.918, 35.543, 37.02, 38.057, 38.297, 38.799, 39.589, 39.924, 40.02, 39.803, 39.661, 40.243, 40.635, 40.67, 40.614, 39.928, 39.272, 39.214, 38.427, 36.719, 35.673, 35.542, 35.383, 34.848, 34.448, 34.65, 34.824, 34.407, 33.776, 33.699, 34.187, 34.427, 33.837, 32.691, 32.0, 31.4, 30.724, 31.259, 31.831, 32.07, 33.339, 35.508, 37.204, 38.062, 38.172, 37.697, 36.786, 35.669, 35.017, 34.217, 33.704, 33.838, 33.841, 33.663, 33.705, 33.788, 33.836, 33.718, 33.535, 33.308, 33.099, 33.519, 33.838, 33.146, 32.313, 32.392, 32.508, 32.463, 33.456, 36.495, 38.811, 39.508, 39.655, 40.417, 41.236, 40.843, 39.763, 39.185, 39.114, 38.897, 38.002, 36.911, 37.053, 38.152, 38.994, 38.965, 38.398, 37.871, 37.657, 37.752, 37.884, 37.216, 35.525, 34.096, 34.179, 34.041, 31.531, 30.991, 32.9, 33.239, 33.661, 34.284, 34.712, 34.935, 34.929, 34.53, 34.231, 34.142, 34.071, 34.006, 34.069, 33.922, 33.718, 33.756, 34.002, 34.064, 34.061, 34.164, 34.021, 33.597, 33.308, 33.387, 33.204, 32.465, 32.514, 33.187, 33.602, 33.93, 34.14, 33.912, 33.612, 33.381, 33.315, 33.364, 33.311, 33.496, 34.045, 34.323, 34.459, 34.329, 31.259], [31.84, 31.191, 30.568, 30.44, 30.724, 30.92, 30.73, 30.035, 28.549, 26.47, 24.132, 22.641, 21.872, 21.052, 19.979, 17.799, 15.522, 13.733, 8.948, 0.0, 9.638, 16.493, 19.828, 21.717, 23.586, 25.398, 26.704, 27.619, 28.84, 30.679, 31.563, 31.819, 32.67, 33.603, 34.066, 34.392, 34.588, 34.523, 34.342, 34.145, 33.916, 33.464, 33.151, 33.726, 34.106, 33.638, 32.387, 30.866, 31.386, 32.642, 32.586, 32.283, 33.047, 33.655, 33.568, 33.642, 34.316, 34.648, 34.563, 34.724, 34.655, 34.124, 33.711, 33.616, 33.632, 33.604, 33.619, 33.524, 33.421, 33.197, 32.927, 33.144, 33.361, 33.022, 32.504, 32.425, 33.77, 35.339, 35.783, 35.521, 35.46, 35.151, 34.961, 35.18, 35.166, 35.008, 35.15, 35.382, 35.357, 35.259, 35.869, 37.323, 38.347, 38.575, 39.076, 39.895, 40.27, 40.377, 40.17, 40.032, 40.601, 40.994, 41.002, 40.895, 40.179, 39.536, 39.487, 38.719, 37.074, 36.074, 35.92, 35.759, 35.274, 34.889, 35.057, 35.251, 34.922, 34.394, 34.398, 34.925, 35.161, 34.548, 33.38, 32.685, 32.1, 31.39, 31.868, 32.439, 32.666, 33.786, 35.718, 37.207, 37.962, 38.053, 37.583, 36.7, 35.688, 35.168, 34.43, 33.895, 33.99, 34.034, 33.924, 33.974, 34.052, 34.14, 34.075, 33.923, 33.714, 33.514, 33.92, 34.22, 33.548, 32.722, 32.775, 32.893, 32.879, 33.83, 36.699, 38.889, 39.548, 39.685, 40.391, 41.103, 40.679, 39.668, 39.14, 39.065, 38.837, 37.969, 36.894, 37.047, 38.133, 38.94, 38.881, 38.334, 37.862, 37.697, 37.805, 37.931, 37.283, 35.655, 34.276, 34.342, 34.234, 31.858, 31.364, 33.159, 33.474, 33.862, 34.466, 34.901, 35.16, 35.182, 34.805, 34.528, 34.485, 34.473, 34.439, 34.477, 34.304, 34.091, 34.114, 34.335, 34.374, 34.354, 34.447, 34.319, 33.953, 33.717, 33.784, 33.579, 32.888, 32.975, 33.584, 33.938, 34.233, 34.42, 34.21, 33.938, 33.711, 33.646, 33.696, 33.619, 33.752, 34.258, 34.518, 34.642, 34.482, 31.954], [33.133, 32.557, 32.06, 31.976, 32.25, 32.467, 32.314, 31.692, 30.367, 28.611, 26.769, 25.714, 25.237, 24.69, 23.907, 22.115, 20.009, 18.723, 16.008, 9.638, 0.0, 8.971, 14.246, 16.887, 18.862, 20.926, 22.606, 23.736, 25.02, 26.964, 27.934, 28.304, 29.39, 30.559, 31.135, 31.516, 31.815, 31.889, 31.815, 31.7, 31.553, 31.31, 31.459, 32.495, 33.023, 32.673, 31.957, 31.208, 32.004, 33.158, 33.107, 32.906, 33.707, 34.296, 34.201, 34.278, 34.924, 35.261, 35.197, 35.355, 35.302, 34.797, 34.426, 34.372, 34.417, 34.404, 34.417, 34.33, 34.229, 34.007, 33.772, 34.021, 34.262, 33.957, 33.463, 33.402, 34.662, 36.118, 36.502, 36.232, 36.169, 35.916, 35.771, 35.96, 35.935, 35.774, 35.895, 36.098, 36.057, 35.972, 36.579, 37.981, 38.979, 39.209, 39.703, 40.516, 40.901, 41.038, 40.876, 40.751, 41.258, 41.593, 41.546, 41.372, 40.619, 39.99, 39.939, 39.177, 37.619, 36.683, 36.495, 36.329, 35.901, 35.562, 35.711, 35.89, 35.612, 35.188, 35.277, 35.817, 36.044, 35.467, 34.327, 33.624, 33.079, 32.432, 32.887, 33.425, 33.63, 34.635, 36.396, 37.737, 38.424, 38.515, 38.089, 37.26, 36.31, 35.854, 35.17, 34.639, 34.723, 34.832, 34.762, 34.796, 34.9, 35.032, 34.968, 34.815, 34.635, 34.439, 34.769, 35.045, 34.408, 33.539, 33.519, 33.64, 33.628, 34.442, 37.053, 39.114, 39.775, 39.928, 40.602, 41.257, 40.808, 39.827, 39.32, 39.266, 39.058, 38.241, 37.23, 37.404, 38.407, 39.136, 39.069, 38.572, 38.163, 38.028, 38.116, 38.211, 37.588, 36.086, 34.811, 34.852, 34.781, 32.649, 32.206, 33.725, 33.939, 34.248, 34.826, 35.262, 35.558, 35.633, 35.293, 35.046, 35.036, 35.072, 35.087, 35.126, 34.93, 34.71, 34.746, 34.964, 34.989, 34.953, 35.025, 34.897, 34.555, 34.343, 34.408, 34.21, 33.627, 33.839, 34.439, 34.705, 34.92, 35.09, 34.902, 34.652, 34.423, 34.344, 34.388, 34.3, 34.384, 34.84, 35.078, 35.199, 35.032, 33.24], [34.453, 33.946, 33.561, 33.524, 33.784, 34.006, 33.88, 33.286, 32.017, 30.415, 28.866, 28.083, 27.774, 27.345, 26.713, 25.265, 23.403, 22.191, 20.514, 16.493, 8.971, 0.0, 7.197, 11.563, 14.306, 16.876, 19.056, 20.444, 21.809, 23.921, 25.006, 25.439, 26.707, 28.114, 28.828, 29.274, 29.667, 29.884, 29.947, 29.942, 29.872, 29.729, 30.116, 31.456, 32.129, 31.809, 31.349, 31.3, 32.632, 33.819, 33.699, 33.529, 34.364, 34.947, 34.854, 34.922, 35.527, 35.878, 35.85, 35.99, 35.923, 35.394, 34.995, 34.953, 35.043, 35.064, 35.076, 34.982, 34.859, 34.608, 34.376, 34.645, 34.896, 34.556, 33.999, 33.939, 35.209, 36.629, 36.995, 36.718, 36.651, 36.449, 36.345, 36.507, 36.475, 36.332, 36.464, 36.66, 36.614, 36.542, 37.15, 38.515, 39.498, 39.742, 40.227, 40.996, 41.336, 41.473, 41.332, 41.2, 41.646, 41.938, 41.86, 41.642, 40.872, 40.244, 40.179, 39.409, 37.895, 36.986, 36.784, 36.62, 36.221, 35.918, 36.071, 36.234, 35.943, 35.531, 35.643, 36.196, 36.426, 35.885, 34.794, 34.129, 33.639, 33.057, 33.511, 34.016, 34.217, 35.227, 36.959, 38.272, 38.956, 39.057, 38.674, 37.86, 36.845, 36.342, 35.684, 35.173, 35.262, 35.396, 35.327, 35.347, 35.464, 35.596, 35.493, 35.32, 35.153, 34.94, 35.207, 35.491, 34.905, 34.002, 33.902, 33.977, 33.941, 34.645, 37.091, 39.105, 39.781, 39.936, 40.618, 41.292, 40.835, 39.851, 39.347, 39.313, 39.134, 38.344, 37.36, 37.526, 38.482, 39.179, 39.117, 38.652, 38.284, 38.17, 38.239, 38.312, 37.721, 36.34, 35.183, 35.23, 35.172, 33.201, 32.778, 34.112, 34.237, 34.474, 35.036, 35.47, 35.791, 35.908, 35.589, 35.34, 35.324, 35.389, 35.459, 35.522, 35.308, 35.07, 35.114, 35.345, 35.37, 35.306, 35.349, 35.211, 34.861, 34.641, 34.711, 34.534, 34.02, 34.316, 34.941, 35.157, 35.319, 35.498, 35.32, 35.074, 34.846, 34.745, 34.764, 34.659, 34.719, 35.146, 35.369, 35.495, 35.352, 34.517], [35.355, 34.891, 34.563, 34.547, 34.823, 35.085, 34.987, 34.387, 33.136, 31.652, 30.274, 29.643, 29.447, 29.086, 28.5, 27.202, 25.581, 24.502, 23.02, 19.828, 