[[0.0, 8.109, 13.933, 19.24, 22.16, 22.971, 23.88, 24.91, 25.518, 26.801, 27.481, 27.729, 28.558, 28.877, 29.411, 30.503, 31.584, 33.112, 34.342, 34.248, 34.7, 36.229, 37.221, 38.459, 40.672, 41.966, 42.172, 42.88, 43.211, 44.131, 44.387, 43.464, 42.328, 41.33, 41.096, 41.319, 40.873, 39.795, 39.343, 39.027, 38.91, 39.233, 40.035, 40.132, 38.855, 37.649, 36.393, 36.347, 35.538, 34.614, 34.967, 35.659, 34.976, 34.341, 34.92, 34.232, 34.46, 35.256, 35.185, 36.084, 36.511, 35.834, 36.126, 36.533, 36.1, 35.81, 35.776, 35.418, 35.383, 34.975, 35.334, 36.031, 36.694, 37.025, 37.404, 38.064, 37.637, 37.288, 36.835, 36.641, 36.403, 36.537, 37.841, 38.544, 36.666, 34.289, 33.582, 33.517, 33.832, 34.772, 34.916, 35.259, 37.197, 37.953, 37.203, 37.302, 37.99, 37.914, 37.767, 37.97, 37.942, 38.861, 38.918, 38.392, 38.776, 38.553, 38.594, 38.761, 38.488, 38.833, 39.221, 38.986, 38.522, 38.984, 39.434, 39.348, 40.047, 39.352, 38.044, 38.479, 38.2, 35.882, 34.818, 35.295, 34.263, 34.406, 11.846], [8.109, 0.0, 9.113, 16.597, 20.025, 21.161, 22.939, 24.557, 25.155, 26.51, 27.337, 27.639, 28.454, 28.991, 29.863, 31.066, 32.314, 33.957, 35.163, 35.09, 35.617, 37.106, 37.929, 39.042, 41.16, 42.435, 42.624, 43.309, 43.617, 44.461, 44.623, 43.674, 42.572, 41.646, 41.397, 41.552, 41.184, 40.217, 39.769, 39.463, 39.325, 39.592, 40.358, 40.479, 39.336, 38.233, 37.033, 37.0, 36.248, 35.459, 35.676, 36.254, 35.746, 35.188, 35.72, 35.151, 35.47, 36.197, 36.067, 36.902, 37.314, 36.7, 36.977, 37.335, 36.935, 36.658, 36.602, 36.227, 36.179, 35.834, 36.163, 36.787, 37.348, 37.666, 38.087, 38.743, 38.286, 37.897, 37.454, 37.204, 36.906, 36.987, 38.165, 38.82, 37.181, 35.18, 34.521, 34.518, 34.864, 35.632, 35.777, 36.141, 37.798, 38.439, 37.802, 37.879, 38.512, 38.497, 38.331, 38.501, 38.581, 39.472, 39.537, 39.03, 39.398, 39.213, 39.226, 39.376, 39.086, 39.368, 39.776, 39.559, 39.066, 39.528, 39.967, 39.847, 40.539, 39.905, 38.574, 38.991, 38.866, 36.836, 35.85, 36.249, 35.34, 35.427, 16.836], [13.933, 9.113, 0.0, 10.767, 15.961, 17.524, 20.093, 22.39, 23.166, 24.811, 25.846, 26.228, 27.083, 27.826, 28.991, 30.331, 31.803, 33.59, 34.772, 34.703, 35.309, 36.89, 37.764, 38.932, 41.129, 42.437, 42.625, 43.276, 43.559, 44.453, 44.631, 43.71, 42.625, 41.689, 41.432, 41.574, 41.183, 40.252, 39.837, 39.55, 39.408, 39.682, 40.495, 40.664, 39.578, 38.491, 37.24, 37.176, 36.468, 35.698, 35.85, 36.476, 36.028, 35.443, 35.929, 35.335, 35.695, 36.428, 36.27, 37.105, 37.509, 36.912, 37.177, 37.499, 37.063, 36.717, 36.649, 36.208, 36.089, 35.729, 36.059, 36.692, 37.257, 37.602, 38.05, 38.715, 38.219, 37.767, 37.327, 37.096, 36.783, 36.887, 38.104, 38.784, 37.197, 35.252, 34.565, 34.559, 34.887, 35.636, 35.814, 36.179, 37.763, 38.347, 37.747, 37.833, 38.501, 38.504, 38.302, 38.528, 38.737, 39.699, 39.724, 39.208, 39.612, 39.414, 39.395, 39.522, 39.22, 39.495, 39.891, 39.65, 39.156, 39.621, 40.062, 39.97, 40.67, 40.049, 38.684, 39.108, 39.037, 36.938, 35.805, 36.225, 35.318, 35.369, 19.823], [19.24, 16.597, 10.767, 0.0, 7.923, 11.372, 15.78, 19.359, 20.727, 23.041, 24.344, 24.824, 25.755, 26.788, 28.352, 29.793, 31.513, 33.552, 34.764, 34.719, 35.443, 37.046, 37.89, 39.13, 41.422, 42.733, 42.913, 43.565, 43.883, 44.838, 45.0, 44.069, 42.98, 42.052, 41.803, 41.906, 41.492, 40.576, 40.153, 39.841, 39.675, 39.957, 40.762, 40.978, 39.983, 38.89, 37.636, 37.532, 36.885, 36.169, 36.3, 36.914, 36.487, 35.967, 36.432, 35.865, 36.26, 36.978, 36.896, 37.755, 38.14, 37.633, 37.93, 38.235, 37.803, 37.45, 37.378, 36.946, 36.871, 36.512, 36.833, 37.514, 38.129, 38.471, 38.827, 39.436, 38.917, 38.398, 37.96, 37.756, 37.465, 37.608, 38.73, 39.306, 37.756, 35.758, 34.984, 34.948, 35.162, 35.821, 35.996, 36.303, 37.779, 38.293, 37.751, 37.845, 38.46, 38.48, 38.365, 38.629, 38.857, 39.812, 39.827, 39.333, 39.75, 39.57, 39.587, 39.709, 39.421, 39.716, 40.135, 39.939, 39.512, 39.996, 40.381, 40.257, 40.972, 40.377, 38.956, 39.36, 39.323, 37.27, 36.172, 36.641, 35.729, 35.727, 23.894], [22.16, 20.025, 15.961, 7.923, 0.0, 6.569, 13.867, 18.226, 20.027, 22.695, 24.103, 24.614, 25.56, 26.711, 28.492, 30.012, 31.795, 33.923, 35.149, 35.128, 35.895, 37.458, 38.259, 39.466, 41.695, 42.976, 43.154, 43.748, 44.033, 44.992, 45.182, 44.258, 43.165, 42.294, 42.106, 42.191, 41.749, 40.857, 40.446, 40.131, 39.964, 40.219, 40.97, 41.179, 40.211, 39.116, 37.899, 37.801, 37.207, 36.589, 36.754, 37.31, 36.886, 36.413, 36.87, 36.346, 36.763, 37.468, 37.45, 38.292, 38.644, 38.182, 38.486, 38.777, 38.375, 38.047, 37.992, 37.597, 37.536, 37.21, 37.519, 38.171, 38.781, 39.108, 39.388, 39.953, 39.435, 38.892, 38.454, 38.255, 37.964, 38.091, 39.126, 39.646, 38.122, 36.181, 35.451, 35.437, 35.623, 36.255, 36.443, 36.656, 38.02, 38.539, 38.064, 38.143, 38.723, 38.778, 38.699, 38.913, 39.131, 40.06, 40.081, 39.614, 40.033, 39.86, 39.891, 40.023, 39.745, 40.017, 40.413, 40.227, 39.825, 40.318, 40.695, 40.553, 41.271, 40.706, 39.295, 39.682, 39.639, 37.651, 36.629, 37.083, 36.161, 36.102, 26.254], [22.971, 21.161, 17.524, 11.372, 6.569, 0.0, 9.949, 15.76, 17.969, 21.004, 22.588, 23.176, 24.233, 25.587, 27.622, 29.323, 31.211, 33.408, 34.706, 34.708, 35.512, 37.153, 37.992, 39.199, 41.457, 42.777, 42.982, 43.572, 43.855, 44.907, 45.15, 44.221, 43.115, 42.229, 42.024, 42.078, 41.596, 40.699, 40.298, 39.97, 39.789, 40.05, 40.797, 40.982, 39.996, 38.881, 37.657, 37.567, 36.988, 36.367, 36.547, 37.149, 36.727, 36.264, 36.724, 36.167, 36.585, 37.294, 37.269, 38.103, 38.453, 38.007, 38.33, 38.62, 38.187, 37.85, 37.813, 37.391, 37.288, 36.944, 37.277, 37.936, 38.574, 38.917, 39.167, 39.744, 39.22, 38.655, 38.238, 38.044, 37.723, 37.852, 38.91, 39.434, 37.892, 35.938, 35.188, 35.172, 35.384, 36.075, 36.303, 36.547, 37.957, 38.474, 37.995, 38.072, 38.661, 38.751, 38.658, 38.838, 39.015, 39.974, 40.0, 39.519, 39.947, 39.764, 39.774, 39.918, 39.642, 39.894, 40.276, 40.08, 39.687, 40.197, 40.592, 40.458, 41.179, 40.595, 39.171, 39.57, 39.527, 37.512, 36.48, 36.959, 35.986, 35.864, 26.743], [23.88, 22.939, 20.093, 15.78, 13.867, 9.949, 0.0, 8.612, 12.977, 16.772, 18.632, 19.405, 20.733, 22.46, 24.915, 26.866, 28.957, 31.393, 32.901, 32.929, 33.791, 35.733, 36.817, 38.183, 40.59, 41.978, 42.221, 42.896, 43.234, 44.454, 44.818, 43.89, 42.73, 41.732, 41.481, 41.559, 41.026, 40.057, 39.675, 39.348, 39.162, 39.455, 40.253, 40.444, 39.411, 38.296, 37.032, 36.907, 36.277, 35.456, 35.608, 36.334, 35.798, 35.256, 35.738, 35.104, 35.47, 36.196, 36.214, 37.124, 37.507, 37.052, 37.391, 37.695, 37.23, 36.884, 36.873, 36.43, 36.256, 35.845, 36.182, 36.866, 37.619, 38.011, 38.209, 38.821, 38.296, 37.72, 37.31, 37.109, 36.782, 36.932, 38.08, 38.648, 36.986, 34.839, 34.03, 33.979, 34.257, 35.133, 35.305, 35.528, 37.195, 37.836, 37.261, 37.353, 38.017, 38.095, 37.994, 38.3, 38.379, 39.306, 39.297, 38.779, 39.208, 39.008, 39.019, 39.162, 38.893, 39.195, 39.582, 39.393, 39.051, 39.588, 40.009, 39.905, 40.633, 39.998, 38.583, 39.025, 38.901, 36.638, 35.555, 36.119, 35.038, 34.894, 26.623], [24.91, 24.557, 22.39, 19.359, 18.226, 15.76, 8.612, 0.0, 7.75, 13.368, 15.468, 16.305, 17.728, 19.655, 22.463, 24.434, 26.531, 29.261, 31.039, 31.099, 31.962, 34.144, 35.457, 36.999, 39.603, 41.087, 41.387, 42.236, 42.652, 43.837, 44.13, 43.148, 41.938, 40.876, 40.587, 40.679, 40.133, 39.121, 38.734, 38.402, 38.225, 38.563, 39.468, 39.69, 38.601, 37.499, 36.19, 36.017, 35.36, 34.499, 34.817, 35.645, 34.992, 34.375, 34.888, 34.231, 34.637, 35.385, 35.427, 36.454, 36.861, 36.375, 36.721, 37.059, 36.566, 36.177, 36.187, 35.734, 35.589, 35.139, 35.491, 36.208, 37.0, 37.428, 37.654, 38.326, 37.776, 37.158, 36.754, 36.539, 36.166, 36.287, 37.459, 38.01, 36.218, 33.823, 32.985, 32.93, 33.217, 34.157, 34.286, 34.51, 36.414, 37.178, 36.536, 36.622, 37.354, 37.437, 37.322, 37.616, 37.692, 38.702, 38.716, 38.212, 38.686, 38.47, 38.482, 38.61, 38.318, 38.673, 39.077, 38.842, 38.475, 39.03, 39.492, 39.376, 40.119, 39.462, 38.006, 38.493, 38.353, 35.869, 34.696, 35.29, 34.099, 33.954, 26.796], [25.518, 25.155, 23.166, 20.727, 20.027, 17.969, 12.977, 7.75, 0.0, 7.847, 11.348, 12.391, 13.947, 16.416, 20.159, 22.507, 24.747, 27.711, 29.562, 29.683, 30.775, 33.218, 34.622, 36.203, 38.961, 40.521, 40.855, 41.832, 42.253, 43.396, 43.645, 42.59, 41.404, 40.395, 40.097, 40.133, 39.568, 38.603, 38.222, 37.868, 37.697, 38.078, 39.063, 39.312, 38.213, 37.098, 35.709, 35.488, 34.835, 34.161, 34.699, 35.554, 34.926, 34.232, 34.684, 33.988, 34.376, 35.131, 35.16, 36.195, 36.621, 36.145, 36.501, 36.871, 36.387, 35.987, 36.022, 35.672, 35.602, 35.15, 35.522, 36.236, 36.976, 37.426, 37.719, 38.379, 37.801, 37.137, 36.697, 36.455, 36.029, 36.131, 37.343, 37.926, 36.113, 33.605, 32.728, 32.656, 32.874, 33.836, 34.05, 34.362, 36.318, 37.15, 36.534, 36.618, 37.425, 37.547, 37.331, 37.541, 37.726, 38.866, 38.894, 38.415, 38.897, 38.663, 38.64, 38.751, 38.457, 38.796, 39.194, 38.944, 38.519, 39.052, 39.505, 39.367, 40.104, 39.4, 37.859, 38.315, 38.178, 35.715, 34.53, 35.095, 33.884, 33.705, 27.19], [26.801, 26.51, 24.811, 23.041, 22.695, 21.004, 16.772, 13.368, 7.847, 0.0, 5.373, 7.673, 9.843, 13.228, 17.887, 20.721, 23.302, 26.521, 28.438, 28.685, 30.079, 32.725, 34.229, 35.902, 38.752, 40.308, 40.628, 41.733, 42.201, 43.35, 43.72, 42.714, 41.566, 40.604, 40.282, 40.28, 39.709, 38.806, 38.482, 38.15, 38.01, 38.384, 39.35, 39.612, 38.471, 37.274, 35.821, 35.578, 34.937, 34.439, 35.03, 35.853, 35.246, 34.477, 34.855, 34.147, 34.411, 35.133, 35.186, 36.141, 36.565, 36.142, 36.513, 36.893, 36.461, 36.118, 36.156, 35.916, 35.903, 35.464, 35.791, 36.471, 37.217, 37.66, 37.978, 38.6, 38.019, 37.378, 36.876, 36.658, 36.319, 36.429, 37.682, 38.346, 36.555, 34.011, 33.158, 33.07, 33.219, 34.219, 34.43, 34.701, 36.65, 37.484, 36.899, 37.02, 37.871, 37.937, 37.615, 37.869, 38.077, 39.128, 39.102, 38.652, 39.141, 38.902, 38.871, 38.996, 38.729, 39.069, 39.466, 39.248, 38.843, 39.368, 39.782, 39.647, 40.39, 39.657, 38.154, 38.622, 38.438, 36.016, 34.908, 35.448, 34.231, 34.038, 28.209], [27.481, 27.337, 25.846, 24.344, 24.103, 22.588, 18.632, 15.468, 11.348, 5.373, 0.0, 3.957, 7.526, 11.752, 16.952, 19.948, 22.543, 25.788, 27.766, 28.069, 29.523, 32.226, 33.815, 35.587, 38.5, 40.057, 40.362, 41.521, 42.054, 43.184, 43.604, 42.686, 41.538, 40.547, 40.212, 40.211, 39.629, 38.724, 38.427, 38.114, 37.996, 38.36, 39.318, 39.591, 38.389, 37.095, 35.621, 35.394, 34.74, 34.249, 34.872, 35.712, 35.056, 34.282, 34.7, 34.004, 34.245, 34.982, 35.022, 35.946, 36.355, 35.932, 36.343, 36.743, 36.3, 35.949, 35.974, 35.715, 35.704, 35.244, 35.553, 36.251, 37.051, 37.506, 37.808, 38.437, 37.861, 37.223, 36.688, 36.518, 36.255, 36.373, 37.648, 38.343, 36.48, 33.82, 32.991, 32.904, 33.027, 34.094, 34.257, 34.513, 36.609, 37.489, 36.847, 36.999, 37.87, 37.85, 37.509, 37.819, 37.991, 38.938, 38.854, 38.406, 38.913, 38.674, 38.652, 38.782, 38.515, 38.882, 39.296, 39.083, 38.68, 39.207, 39.618, 39.489, 40.24, 39.481, 38.024, 38.565, 38.342, 35.843, 34.704, 35.234, 34.015, 33.854, 28.619], [27.729, 27.639, 26.228, 24.824, 24.614, 23.176, 19.405, 16.305, 12.391, 7.673, 3.957, 0.0, 5.095, 10.475, 16.248, 19.386, 21.977, 25.287, 27.336, 27.657, 29.122, 31.885, 33.521, 35.337, 38.314, 39.907, 40.227, 41.378, 41.899, 43.021, 43.431, 42.532, 41.398, 40.393, 40.062, 40.068, 39.469, 38.553, 38.259, 37.945, 37.831, 38.206, 39.169, 39.425, 38.204, 36.881, 35.386, 35.162, 34.489, 33.952, 34.612, 35.471, 34.793, 34.004, 34.445, 33.75, 33.997, 34.754, 34.804, 35.75, 36.155, 35.705, 36.125, 36.545, 36.099, 35.732, 35.753, 35.481, 35.481, 35.012, 35.328, 36.059, 36.876, 37.344, 37.668, 38.32, 37.745, 37.103, 36.567, 36.399, 36.132, 36.25, 37.54, 38.248, 36.336, 33.592, 32.75, 32.66, 32.763, 33.849, 33.995, 34.251, 36.404, 37.313, 36.635, 36.811, 37.71, 37.669, 37.339, 37.686, 37.88, 38.829, 38.72, 38.266, 38.795, 38.558, 38.562, 38.702, 38.433, 38.817, 39.239, 39.02, 38.612, 39.148, 39.57, 39.432, 40.18, 39.409, 37.93, 38.48, 38.252, 35.68, 34.491, 35.018, 33.769, 33.622, 28.745], [28.558, 28.454, 27.083, 25.755, 25.56, 24.233, 20.733, 17.728, 13.947, 9.843, 7.526, 5.095, 0.0, 7.619, 15.274, 18.797, 21.591, 25.101, 27.162, 27.505, 29.021, 31.789, 33.447, 35.307, 38.311, 39.92, 40.272, 41.442, 41.942, 43.009, 43.397, 42.506, 41.403, 40.456, 40.157, 40.161, 39.585, 38.7, 38.427, 38.134, 38.034, 38.415, 39.349, 39.566, 38.348, 37.077, 35.608, 35.366, 34.722, 34.275, 34.946, 35.751, 35.102, 34.337, 34.755, 34.084, 34.32, 35.031, 35.074, 36.004, 36.402, 35.964, 36.387, 36.804, 36.373, 36.019, 36.041, 35.796, 35.82, 35.369, 35.684, 36.413, 37.196, 37.653, 38.02, 38.666, 38.09, 37.457, 36.941, 36.79, 36.533, 36.623, 37.829, 38.479, 36.581, 33.875, 33.03, 32.934, 33.003, 34.026, 34.169, 34.446, 36.562, 37.454, 36.817, 37.007, 37.922, 37.913, 37.579, 37.891, 38.064, 38.962, 38.861, 38.456, 39.005, 38.78, 38.797, 38.961, 38.704, 39.073, 39.503, 39.32, 38.916, 39.412, 39.805, 39.665, 40.385, 39.622, 38.146, 38.65, 38.438, 35.974, 34.867, 35.36, 34.104, 33.929, 29.604], [28.877, 28.991, 27.826, 26.788, 26.711, 25.587, 22.46, 19.655, 16.416, 13.228, 11.752, 10.475, 7.619, 0.0, 10.193, 15.443, 19.192, 23.381, 25.774, 26.172, 27.681, 30.572, 32.458, 34.564, 37.745, 39.435, 39.838, 41.074, 41.588, 42.632, 42.999, 42.091, 40.958, 40.025, 39.841, 39.955, 39.377, 38.433, 38.138, 37.83, 37.729, 38.135, 39.091, 39.28, 37.991, 36.673, 35.137, 34.88, 34.165, 33.702, 34.457, 35.269, 34.602, 33.881, 34.316, 33.606, 33.85, 34.598, 34.651, 35.655, 36.071, 35.552, 35.935, 36.359, 35.925, 35.559, 35.604, 35.427, 35.525, 35.119, 35.459, 36.206, 37.024, 37.495, 37.863, 38.512, 37.935, 37.274, 36.732, 36.596, 36.34, 36.438, 37.706, 38.342, 36.358, 33.555, 32.689, 32.547, 32.568, 33.611, 33.838, 34.232, 36.459, 37.411, 36.758, 36.931, 37.838, 37.805, 37.427, 37.72, 37.853, 38.729, 38.653, 38.277, 38.839, 38.59, 38.573, 38.715, 38.445, 38.814, 39.221, 39.005, 38.539, 38.975, 39.358, 39.209, 39.931, 39.165, 37.672, 38.155, 37.936, 35.454, 34.374, 34.876, 33.62, 33.508, 29.694], [29.411, 29.863, 28.991, 28.352, 28.492, 27.622, 24.915, 22.463, 20.159, 17.887, 16.952, 16.248, 15.274, 10.193, 0.0, 8.159, 14.913, 20.504, 23.572, 24.262, 25.753, 28.709, 30.975, 33.527, 36.951, 38.732, 39.166, 40.511, 41.099, 42.164, 42.534, 41.586, 40.447, 39.494, 39.448, 39.906, 39.43, 38.37, 38.035, 37.731, 37.633, 38.057, 39.024, 39.202, 37.879, 36.508, 34.894, 34.66, 33.837, 33.237, 34.081, 34.922, 34.201, 33.466, 33.921, 33.19, 33.457, 34.287, 34.378, 35.412, 35.891, 35.26, 35.5, 35.897, 35.466, 35.085, 35.151, 35.031, 35.197, 34.901, 35.242, 36.006, 36.947, 37.423, 37.75, 38.407, 37.856, 37.181, 36.623, 36.555, 36.338, 36.447, 37.836, 38.52, 36.502, 33.659, 32.794, 32.644, 32.603, 33.594, 33.815, 34.227, 36.484, 37.448, 36.733, 36.931, 37.835, 37.661, 37.29, 37.684, 37.732, 38.568, 38.544, 38.13, 38.682, 38.441, 38.351, 38.433, 38.153, 38.543, 38.919, 38.668, 38.169, 38.552, 38.94, 38.802, 39.502, 38.769, 37.363, 37.847, 37.586, 34.973, 33.902, 34.436, 33.185, 33.156, 29.749], [30.503, 31.066, 30.331, 29.793, 30.012, 29.323, 26.866, 24.434, 22.507, 20.721, 19.948, 19.386, 18.797, 15.443, 8.159, 0.0, 9.737, 17.355, 21.249, 22.192, 23.8, 26.809, 29.228, 32.134, 35.908, 37.819, 38.287, 39.788, 40.547, 41.65, 41.954, 40.941, 39.869, 38.956, 38.862, 39.523, 39.276, 38.243, 37.891, 37.586, 37.473, 37.88, 38.86, 39.066, 37.804, 36.503, 34.948, 34.726, 33.897, 33.223, 34.068, 34.933, 34.208, 33.483, 33.951, 33.267, 33.629, 34.489, 34.604, 35.645, 36.165, 35.556, 35.763, 36.13, 35.673, 35.301, 35.353, 35.182, 35.351, 35.076, 35.408, 36.218, 37.197, 37.65, 37.969, 38.628, 38.096, 37.433, 36.864, 36.782, 36.594, 36.727, 38.084, 38.765, 36.804, 34.01, 33.11, 32.969, 32.893, 33.74, 33.838, 34.208, 36.365, 37.236, 36.532, 36.762, 37.691, 37.524, 37.186, 37.617, 37.608, 38.416, 38.443, 38.034, 38.592, 38.37, 38.268, 38.343, 38.063, 38.453, 38.833, 38.613, 38.148, 38.518, 38.91, 38.78, 39.475, 38.756, 37.377, 37.846, 37.605, 35.001, 33.946, 34.474, 33.234, 33.196, 30.567], [31.584, 32.314, 31.803, 31.513, 31.795, 31.211, 28.957, 26.531, 24.747, 23.302, 22.543, 21.977, 21.591, 19.192, 14.913, 9.737, 0.0, 10.16, 16.203, 17.636, 19.455, 23.09, 25.705, 28.681, 32.948, 35.2, 35.782, 37.553, 38.7, 40.038, 40.282, 39.219, 38.255, 37.4, 37.257, 37.991, 37.964, 37.128, 36.92, 36.645, 36.518, 36.925, 38.021, 38.303, 37.158, 35.993, 34.539, 34.361, 33.499, 32.731, 33.607, 34.521, 33.746, 33.07, 33.6, 32.937, 33.466, 34.397, 34.507, 35.654, 36.227, 35.593, 35.818, 36.164, 35.584, 35.172, 35.215, 34.907, 34.978, 34.637, 34.968, 35.816, 36.811, 37.248, 37.559, 38.268, 37.73, 37.08, 36.543, 36.43, 36.229, 36.419, 37.81, 38.506, 36.494, 33.689, 32.849, 32.691, 32.693, 33.597, 33.584, 33.877, 36.113, 36.959, 36.18, 36.448, 37.371, 37.208, 36.885, 37.333, 37.354, 38.167, 38.149, 37.73, 38.346, 38.073, 37.956, 38.055, 37.77, 38.162, 38.524, 38.3, 37.857, 38.249, 38.658, 38.538, 39.244, 38.492, 37.083, 37.601, 37.415, 34.69, 33.518, 34.035, 32.766, 32.761, 31.201], [33.112, 33.957, 33.59, 33.552, 33.923, 33.408, 31.393, 29.261, 27.711, 26.521, 25.788, 25.287, 25.101, 23.381, 20.504, 17.355, 10.16, 0.0, 8.441, 11.302, 13.444, 17.981, 21.108, 23.896, 28.465, 31.159, 32.01, 34.043, 35.529, 37.361, 37.804, 36.894, 36.097, 35.28, 35.311, 36.297, 36.365, 35.756, 35.986, 35.966, 35.907, 36.288, 37.444, 37.804, 36.864, 35.964, 34.695, 34.576, 33.74, 33.066, 33.944, 34.829, 34.01, 33.397, 33.97, 33.374, 33.93, 34.835, 34.933, 36.061, 36.648, 35.989, 36.175, 36.505, 35.895, 35.437, 35.51, 35.14, 34.969, 34.576, 34.851, 35.645, 36.623, 37.007, 37.213, 37.928, 37.458, 36.837, 36.412, 36.386, 36.175, 36.338, 37.667, 38.275, 36.272, 33.794, 33.256, 33.127, 33.189, 34.198, 34.281, 34.47, 36.643, 37.53, 36.684, 36.909, 37.812, 37.639, 37.278, 37.718, 37.748, 38.417, 38.296, 37.86, 38.437, 38.108, 37.945, 38.048, 37.806, 38.171, 38.459, 38.238, 37.842, 38.237, 38.655, 38.577, 39.222, 38.474, 37.239, 37.725, 37.489, 34.877, 33.759, 34.183, 32.985, 32.991, 32.203], [34.342, 35.163, 34.772, 34.764, 35.149, 34.706, 32.901, 31.039, 29.562, 28.438, 27.766, 27.336, 27.162, 25.774, 23.572, 21.249, 16.203, 8.441, 0.0, 5.119, 9.18, 14.568, 18.429, 21.216, 25.728, 28.472, 29.485, 31.527, 32.875, 35.083, 35.92, 35.293, 34.608, 33.782, 34.023, 35.3, 35.419, 34.886, 35.442, 35.77, 35.88, 36.235, 37.376, 37.742, 36.922, 36.234, 35.141, 35.055, 34.324, 33.921, 34.891, 35.705, 34.901, 34.336, 34.917, 34.414, 34.908, 35.737, 35.826, 36.85, 37.41, 36.758, 36.902, 37.242, 36.697, 36.206, 36.342, 36.106, 35.784, 35.343, 35.591, 36.303, 37.229, 37.578, 37.65, 38.283, 37.865, 37.203, 36.83, 36.885, 36.69, 36.799, 37.993, 38.493, 36.577, 34.471, 34.174, 34.103, 34.149, 35.106, 35.315, 35.508, 37.523, 38.44, 37.634, 37.769, 38.654, 38.561, 38.139, 38.505, 38.547, 39.127, 39.021, 38.634, 39.116, 38.778, 38.598, 38.702, 38.496, 38.792, 39.01, 38.801, 38.436, 38.817, 39.243, 39.194, 39.785, 39.087, 37.953, 38.287, 38.013, 35.702, 34.682, 34.956, 33.88, 33.809, 33.294], [34.248, 35.09, 34.703, 34.719, 35.128, 34.708, 32.929, 31.099, 29.683, 28.685, 28.069, 27.657, 27.505, 26.172, 24.262, 22.192, 17.636, 11.302, 5.119, 0.0, 6.151, 12.899, 17.145, 20.196, 24.98, 27.852, 28.993, 31.011, 32.208, 34.411, 35.311, 34.756, 34.055, 33.153, 33.427, 34.754, 34.863, 34.294, 34.863, 35.329, 35.575, 35.972, 37.113, 37.475, 36.646, 35.978, 34.964, 34.914, 34.179, 33.708, 34.697, 35.566, 34.741, 34.164, 34.769, 34.278, 34.773, 35.608, 35.719, 36.759, 37.308, 36.666, 36.83, 37.188, 36.643, 36.141, 36.275, 36.028, 35.683, 35.194, 35.46, 36.166, 37.092, 37.447, 37.498, 38.14, 37.725, 37.058, 36.688, 36.732, 36.519, 36.624, 37.822, 38.325, 36.384, 34.254, 33.949, 33.864, 33.889, 34.874, 35.131, 35.363, 37.444, 38.373, 37.536, 37.631, 38.511, 38.461, 38.028, 38.366, 38.451, 39.096, 38.998, 38.605, 39.102, 38.764, 38.611, 38.734, 38.529, 38.83, 39.046, 38.82, 38.458, 38.883, 39.339, 39.28, 39.9, 39.211, 37.998, 38.294, 38.025, 35.649, 34.531, 34.772, 33.659, 33.57, 33.202], [34.7, 35.617, 35.309, 35.443, 35.895, 35.512, 33.791, 31.962, 30.775, 30.079, 29.523, 29.122, 29.021, 27.681, 25.753, 23.8, 19.455, 13.444, 9.18, 6.151, 0.0, 8.439, 13.865, 17.571, 23.054, 26.406, 27.814, 30.047, 31.448, 33.657, 34.492, 33.992, 33.318, 32.34, 32.676, 34.172, 34.289, 33.67, 34.263, 34.818, 35.138, 35.632, 36.847, 37.222, 36.409, 35.775, 34.861, 34.833, 34.074, 33.438, 34.411, 35.359, 34.473, 33.914, 34.57, 34.111, 34.665, 35.531, 35.658, 36.705, 37.256, 36.586, 36.738, 37.072, 36.493, 35.986, 36.129, 35.84, 35.449, 34.939, 35.201, 35.868, 36.783, 37.137, 37.164, 37.827, 37.448, 36.814, 36.48, 36.524, 36.291, 36.389, 37.58, 38.079, 36.074, 33.904, 33.641, 33.533, 33.554, 34.574, 34.831, 35.114, 37.332, 38.238, 37.326, 37.44, 38.275, 38.19, 37.805, 38.159, 38.173, 38.749, 38.618, 38.21, 38.724, 38.391, 38.247, 38.371, 38.162, 38.473, 38.705, 38.51, 38.158, 38.594, 39.062, 38.999, 39.628, 38.972, 37.773, 38.05, 37.78, 35.375, 34.266, 34.489, 33.351, 33.308, 33.429], [36.229, 37.106, 36.89, 37.046, 37.458, 37.153, 35.733, 34.144, 33.218, 32.725, 32.226, 31.885, 31.789, 30.572, 28.709, 26.809, 23.09, 17.981, 14.568, 12.899, 8.439, 0.0, 7.617, 13.63, 20.262, 24.043, 25.574, 28.138, 30.139, 32.448, 33.141, 32.764, 32.253, 31.404, 31.944, 33.813, 34.184, 33.625, 34.302, 35.005, 35.355, 35.894, 37.208, 37.649, 36.984, 36.471, 35.691, 35.674, 34.998, 34.426, 35.355, 36.253, 35.4, 34.997, 35.665, 35.312, 35.896, 36.669, 36.776, 37.734, 38.265, 37.63, 37.752, 38.044, 37.501, 37.008, 37.186, 36.935, 36.495, 36.047, 36.289, 36.881, 37.718, 38.021, 37.993, 38.602, 38.284, 37.67, 37.39, 37.484, 37.279, 37.326, 38.35, 38.793, 36.953, 35.02, 34.836, 34.758, 34.713, 35.518, 35.665, 36.026, 38.231, 39.076, 38.211, 38.355, 39.103, 38.998, 38.675, 38.953, 38.802, 39.2, 39.087, 38.753, 39.236, 38.923, 38.767, 38.879, 38.681, 38.951, 39.211, 39.131, 38.819, 39.168, 39.587, 39.529, 40.116, 39.544, 38.428, 38.59, 38.367, 36.307, 35.368, 35.502, 34.508, 34.458, 34.993], [37.221, 37.929, 37.764, 37.89, 38.259, 37.992, 36.817, 35.457, 34.622, 34.229, 33.815, 33.521, 33.447, 32.458, 30.975, 29.228, 25.705, 21.108, 18.429, 17.145, 13.865, 7.617, 0.0, 9.096, 18.009, 22.431, 23.97, 26.795, 29.404, 31.714, 32.086, 31.686, 31.345, 30.691, 31.209, 33.116, 33.78, 33.465, 34.232, 35.006, 35.348, 35.865, 37.224, 37.818, 37.481, 37.164, 36.49, 36.465, 35.905, 35.487, 36.322, 37.12, 36.365, 36.119, 36.765, 36.523, 37.211, 37.892, 37.943, 38.803, 39.308, 38.757, 38.884, 39.156, 38.657, 38.207, 38.378, 38.095, 37.661, 37.271, 37.514, 38.108, 38.886, 39.133, 39.093, 39.678, 39.418, 38.856, 38.61, 38.684, 38.464, 38.476, 39.331, 39.683, 38.005, 36.3, 36.105, 36.017, 35.933, 36.496, 36.513, 36.986, 39.174, 39.951, 39.15, 39.315, 39.979, 39.908, 39.666, 39.869, 39.602, 39.883, 39.801, 39.538, 40.003, 39.7, 39.494, 39.563, 39.382, 39.597, 39.868, 39.892, 39.609, 39.84, 40.154, 40.046, 40.594, 40.098, 39.011, 39.09, 38.972, 37.273, 36.5, 36.603, 35.749, 35.703, 36.277], [38.459, 39.042, 38.932, 39.13, 39.466, 39.199, 38.183, 36.999, 36.203, 35.902, 35.587, 35.337, 35.307, 34.564, 33.527, 32.134, 28.681, 23.896, 21.216, 20.196, 17.571, 13.63, 9.096, 0.0, 11.399, 17.618, 19.877, 23.353, 26.92, 29.872, 30.273, 29.941, 29.784, 29.261, 29.721, 31.559, 32.393, 32.428, 33.496, 34.427, 34.801, 35.32, 36.695, 37.444, 37.618, 37.793, 37.4, 37.407, 36.981, 36.789, 37.57, 38.171, 37.517, 37.384, 37.994, 37.867, 38.6, 39.187, 39.164, 39.872, 40.36, 39.865, 39.977, 40.238, 39.78, 39.372, 39.553, 39.293, 38.734, 38.359, 38.577, 39.123, 39.838, 40.023, 39.927, 40.515, 40.296, 39.749, 39.576, 39.687, 39.461, 39.422, 40.129, 40.342, 38.721, 37.361, 37.339, 37.285, 37.286, 37.769, 37.779, 38.197, 40.19, 40.93, 40.226, 40.375, 40.939, 40.948, 40.79, 40.944, 40.712, 40.925, 40.879, 40.675, 41.05, 40.721, 40.466, 40.508, 40.363, 40.518, 40.762, 40.878, 40.626, 40.743, 40.976, 40.819, 41.254, 40.8, 39.768, 39.755, 39.702, 38.334, 37.772, 37.875, 37.204, 37.173, 37.636], [40.672, 41.16, 41.129, 41.422, 41.695, 41.457, 40.59, 39.603, 38.961, 38.752, 38.5, 38.314, 38.311, 37.745, 36.951, 35.908, 32.948, 28.465, 25.728, 24.98, 23.054, 20.262, 18.009, 11.399, 0.0, 8.425, 12.84, 17.563, 23.086, 27.437, 28.335, 28.445, 28.421, 27.882, 28.553, 30.74, 31.739, 32.026, 33.449, 34.625, 35.059, 35.507, 36.933, 37.754, 38.336, 39.102, 39.144, 39.258, 38.983, 39.027, 39.9, 40.414, 39.819, 39.749, 40.353, 40.302, 40.873, 41.314, 41.267, 41.789, 42.236, 41.812, 41.873, 42.106, 41.747, 41.357, 41.59, 41.452, 40.648, 40.226, 40.396, 40.799, 41.421, 41.57, 41.338, 41.881, 41.728, 41.177, 41.116, 41.361, 41.199, 41.084, 41.625, 41.707, 40.228, 39.41, 39.65, 39.644, 39.739, 40.085, 40.08, 40.409, 42.079, 42.786, 42.232, 42.36, 42.819, 42.857, 42.728, 42.803, 42.608, 42.755, 42.799, 42.652, 42.885, 42.544, 42.254, 42.3, 42.211, 42.309, 42.512, 42.68, 42.438, 42.416, 42.593, 42.461, 42.768, 42.388, 41.569, 41.473, 41.402, 40.386, 39.995, 40.043, 39.59, 39.497, 39.909], [41.966, 42.435, 42.437, 42.733, 42.976, 42.777, 41.978, 41.087, 40.521, 40.308, 40.057, 39.907, 39.92, 39.435, 38.732, 37.819, 35.2, 31.159, 28.472, 27.852, 26.406, 24.043, 22.431, 17.618, 8.425, 0.0, 6.925, 13.689, 21.249, 26.61, 28.034, 28.463, 28.419, 27.75, 28.565, 31.038, 32.154, 32.491, 34.005, 35.238, 35.685, 36.036, 37.535, 38.392, 38.967, 39.925, 40.199, 40.404, 40.186, 40.403, 41.397, 41.891, 41.321, 41.261, 41.9, 41.873, 42.299, 42.648, 42.566, 42.998, 43.428, 43.048, 43.078, 43.292, 42.992, 42.604, 42.855, 42.806, 41.958, 41.519, 41.675, 42.012, 42.554, 42.708, 42.441, 42.894, 42.774, 42.234, 42.168, 42.48, 42.407, 42.288, 42.782, 42.849, 41.456, 40.842, 41.172, 41.163, 41.255, 41.506, 41.467, 41.77, 43.306, 44.02, 43.552, 43.658, 44.077, 44.088, 43.929, 43.989, 43.801, 43.937, 44.047, 43.937, 44.12, 43.795, 43.478, 43.502, 43.428, 43.486, 43.642, 43.783, 43.52, 43.429, 43.599, 43.53, 43.81, 43.466, 42.821, 42.724, 42.606, 41.757, 41.387, 41.358, 40.996, 40.8, 41.2], [42.172, 42.624, 42.625, 42.913, 43.154, 42.982, 42.221, 41.387, 40.855, 40.628, 40.362, 40.227, 40.272, 39.838, 39.166, 38.287, 35.782, 32.01, 29.485, 28.993, 27.814, 25.574, 23.97, 19.877, 12.84, 6.925, 0.0, 9.525, 20.017, 26.328, 28.166, 28.608, 28.57, 28.087, 29.014, 31.545, 32.808, 33.183, 34.676, 35.837, 36.228, 36.49, 37.988, 38.903, 39.406, 40.319, 40.583, 40.839, 40.588, 40.76, 41.684, 42.12, 41.578, 41.508, 42.128, 42.112, 42.518, 42.809, 42.655, 43.067, 43.506, 43.119, 43.132, 43.333, 43.042, 42.66, 42.909, 42.894, 42.102, 41.724, 41.897, 42.248, 42.808, 42.985, 42.754, 43.164, 43.034, 42.469, 42.338, 42.651, 42.612, 42.497, 43.023, 43.126, 41.731, 41.134, 41.482, 41.475, 41.577, 41.818, 41.678, 41.921, 43.481, 44.238, 43.784, 43.887, 44.336, 44.326, 44.15, 44.205, 43.994, 44.135, 44.256, 44.16, 44.371, 44.051, 43.677, 43.661, 43.584, 43.632, 43.785, 43.94, 43.696, 43.602, 43.778, 43.764, 44.077, 43.705, 43.1, 43.043, 42.898, 42.021, 41.57, 41.504, 41.179, 40.986, 41.437], [42.88, 43.309, 43.276, 43.565, 43.748, 43.572, 42.896, 42.236, 41.832, 41.733, 41.521, 41.378, 41.442, 41.074, 40.511, 39.788, 37.553, 34.043, 31.527, 31.011, 30.047, 28.138, 26.795, 23.353, 17.563, 13.689, 9.525, 0.0, 14.615, 23.668, 26.728, 27.724, 27.825, 27.599, 28.903, 31.544, 32.815, 33.386, 35.084, 36.381, 36.846, 37.04, 38.468, 39.361, 39.917, 40.955, 41.32, 41.607, 41.439, 41.684, 42.523, 42.992, 42.472, 42.359, 42.955, 42.957, 43.328, 43.568, 43.356, 43.69, 44.117, 43.73, 43.699, 43.864, 43.582, 43.191, 43.455, 43.509, 42.714, 42.359, 42.56, 42.893, 43.46, 43.624, 43.334, 43.702, 43.578, 42.997, 42.893, 43.264, 43.252, 43.141, 43.658, 43.709, 42.323, 41.854, 42.222, 42.233, 42.404, 42.595, 42.342, 42.507, 44.029, 44.828, 44.403, 44.527, 45.009, 45.006, 44.81, 44.874, 44.642, 44.697, 44.807, 44.746, 44.959, 44.621, 44.203, 44.191, 44.132, 44.144, 44.262, 44.456, 44.298, 44.235, 44.432, 44.455, 44.738, 44.37, 43.829, 43.795, 43.647, 42.783, 42.305, 42.217, 41.963, 41.826, 42.132], [43.211, 43.617, 43.559, 43.883, 44.033, 43.855, 43.234, 42.652, 42.253, 42.201, 42.054, 41.899, 41.942, 41.588, 41.099, 40.547, 38.7, 35.529, 32.875, 32.208, 31.448, 30.139, 29.404, 26.92, 23.086, 21.249, 20.017, 14.615, 0.0, 13.845, 20.124, 22.366, 22.942, 23.226, 25.671, 28.904, 29.941, 30.58, 32.591, 34.274, 35.097, 35.4, 36.924, 37.75, 38.378, 39.766, 40.612, 41.052, 40.984, 41.58, 42.81, 43.405, 42.929, 42.777, 43.368, 43.376, 43.632, 43.867, 43.716, 43.971, 44.37, 43.985, 43.896, 44.039, 43.768, 43.396, 43.654, 43.848, 43.122, 42.771, 43.015, 43.277, 43.75, 43.855, 43.487, 43.765, 43.632, 43.118, 43.063, 43.482, 43.509, 43.393, 43.845, 43.87, 42.432, 41.903, 42.299, 42.354, 42.52, 42.73, 42.616, 42.828, 44.272, 45.094, 44.734, 44.869, 45.409, 45.382, 45.062, 45.093, 44.979, 44.974, 45.012, 45.019, 45.177, 44.853, 44.493, 44.498, 44.455, 44.449, 44.473, 44.583, 44.468, 44.48, 44.693, 44.679, 44.892, 44.566, 44.078, 44.071, 43.931, 43.123, 42.858, 42.806, 42.604, 42.476, 42.426], [44.131, 44.461, 44.453, 44.838, 44.992, 44.907, 44.454, 43.837, 43.396, 43.35, 43.184, 43.021, 43.009, 42.632, 42.164, 41.65, 40.038, 37.361, 35.083, 34.411, 33.657, 32.448, 31.714, 29.872, 27.437, 26.61, 26.328, 23.668, 13.845, 0.0, 9.852, 14.506, 15.934, 17.191, 21.03, 25.425, 26.892, 27.465, 29.422, 31.294, 32.412, 33.011, 34.949, 35.874, 36.578, 38.123, 39.432, 40.039, 40.011, 41.338, 43.423, 44.122, 43.701, 43.586, 44.135, 44.207, 44.347, 44.527, 44.471, 44.695, 45.047, 44.757, 44.686, 44.795, 44.563, 44.276, 44.486, 44.784, 44.242, 43.892, 44.094, 44.326, 44.696, 44.758, 44.45, 44.715, 44.589, 44.189, 44.122, 44.399, 44.4, 44.242, 44.49, 44.496, 43.159, 42.562, 42.973, 43.114, 43.145, 43.195, 43.115, 43.444, 44.837, 45.683, 45.372, 45.536, 46.16, 46.132, 45.694, 45.611, 45.505, 45.296, 45.206, 45.34, 45.543, 45.226, 45.026, 45.112, 45.072, 45.104, 45.137, 45.232, 45.151, 45.165, 45.301, 45.252, 45.448, 45.127, 44.706, 44.744, 44.665, 44.019, 43.9, 43.865, 43.67, 43.527, 43.523], [44.387, 44.623, 44.631, 45.0, 45.182, 45.15, 44.818, 44.13, 43.645, 43.72, 43.604, 43.431, 43.397, 42.999, 42.534, 41.954, 40.282, 37.804, 35.92, 35.311, 34.492, 33.141, 32.086, 30.273, 28.335, 28.034, 28.166, 26.728, 20.124, 9.852, 0.0, 7.642, 10.909, 13.261, 17.878, 22.928, 25.168, 25.921, 27.696, 29.479, 30.605, 31.424, 33.731, 34.91, 35.854, 37.46, 38.774, 39.397, 39.357, 40.79, 43.144, 43.942, 43.536, 43.527, 44.112, 44.258, 44.573, 44.779, 44.729, 45.049, 45.391, 45.111, 45.097, 45.239, 44.992, 44.697, 44.893, 45.107, 44.575, 44.207, 44.386, 44.645, 45.028, 45.072, 44.791, 45.16, 45.053, 44.68, 44.644, 44.801, 44.691, 44.532, 44.709, 44.692, 43.472, 42.933, 43.273, 43.427, 43.371, 43.206, 43.021, 43.492, 44.935, 45.702, 45.35, 45.529, 46.116, 46.139, 45.757, 45.564, 45.354, 45.074, 44.965, 45.126, 45.399, 45.107, 45.012, 45.154, 45.088, 45.153, 45.271, 45.421, 45.337, 45.34, 45.43, 45.332, 45.568, 45.228, 44.654, 44.616, 44.651, 44.166, 44.061, 44.042, 43.805, 43.714, 44.004], [43.464, 43.674, 43.71, 44.069, 44.258, 44.221, 43.89, 43.148, 42.59, 42.714, 42.686, 42.532, 42.506, 42.091, 41.586, 40.941, 39.219, 36.894, 35.293, 34.756, 33.992, 32.764, 31.686, 29.941, 28.445, 28.463, 28.608, 27.724, 22.366, 14.506, 7.642, 0.0, 6.043, 10.876, 16.363, 21.826, 24.421, 25.21, 26.852, 28.425, 29.474, 30.334, 32.726, 33.949, 34.813, 36.398, 37.568, 38.198, 38.094, 39.552, 41.966, 42.748, 42.392, 42.377, 42.948, 43.095, 43.501, 43.73, 43.676, 44.115, 44.48, 44.157, 44.161, 44.337, 44.052, 43.754, 43.941, 44.06, 43.547, 43.192, 43.4, 43.695, 44.113, 44.144, 43.912, 44.34, 44.224, 43.904, 43.866, 43.962, 43.805, 43.656, 43.856, 43.885, 42.696, 42.086, 42.365, 42.518, 42.428, 42.184, 41.962, 42.507, 44.051, 44.776, 44.383, 44.578, 45.135, 45.157, 44.831, 44.608, 44.358, 44.169, 44.08, 44.209, 44.542, 44.266, 44.225, 44.383, 44.28, 44.401, 44.585, 44.717, 44.608, 44.676, 44.808, 44.676, 44.977, 44.632, 43.928, 43.898, 43.96, 43.344, 43.128, 43.12, 42.793, 42.743, 43.165], [42.328, 42.572, 42.625, 42.98, 43.165, 43.115, 42.73, 41.938, 41.404, 41.566, 41.538, 41.398, 41.403, 40.958, 40.447, 39.869, 38.255, 36.097, 34.608, 34.055, 33.318, 32.253, 31.345, 29.784, 28.421, 28.419, 28.57, 27.825, 22.942, 15.934, 10.909, 6.043, 0.0, 7.439, 14.86, 20.641, 23.138, 23.804, 25.411, 26.975, 28.04, 28.935, 31.483, 32.752, 33.464, 35.003, 36.187, 36.842, 36.678, 38.139, 40.66, 41.507, 41.157, 41.225, 41.859, 41.983, 42.418, 42.699, 42.636, 43.121, 43.507, 43.161, 43.17, 43.355, 43.016, 42.704, 42.898, 42.985, 42.482, 42.128, 42.385, 42.706, 43.164, 43.206, 42.975, 43.417, 43.268, 42.932, 42.85, 42.924, 42.763, 42.638, 42.922, 42.984, 41.731, 40.943, 41.185, 41.353, 41.26, 41.108, 40.913, 41.517, 43.219, 43.963, 43.511, 43.723, 44.288, 44.255, 43.928, 43.765, 43.535, 43.441, 43.357, 43.461, 43.839, 43.556, 43.528, 43.686, 43.544, 43.678, 43.869, 43.946, 43.775, 43.856, 44.032, 43.908, 44.238, 43.856, 43.11, 43.124, 43.134, 42.346, 42.05, 42.075, 41.672, 41.634, 42.016], [41.33, 41.646, 41.689, 42.052, 42.294, 42.229, 41.732, 40.876, 40.395, 40.604, 40.547, 40.393, 40.456, 40.025, 39.494, 38.956, 37.4, 35.28, 33.782, 33.153, 32.34, 31.404, 30.691, 29.261, 27.882, 27.75, 28.087, 27.599, 23.226, 17.191, 13.261, 10.876, 7.439, 0.0, 10.441, 17.828, 20.273, 20.705, 22.508, 24.405, 25.664, 26.674, 29.418, 30.723, 31.429, 33.125, 34.576, 35.297, 35.12, 36.555, 39.229, 40.248, 39.852, 39.957, 40.783, 40.922, 41.38, 41.752, 41.719, 42.246, 42.653, 42.286, 42.313, 42.513, 42.163, 41.844, 42.044, 42.108, 41.56, 41.142, 41.401, 41.73, 42.21, 42.263, 42.021, 42.465, 42.284, 41.922, 41.804, 41.861, 41.717, 41.667, 42.067, 42.16, 40.804, 39.825, 40.033, 40.21, 40.121, 40.101, 39.987, 40.574, 42.351, 43.142, 42.608, 42.774, 43.375, 43.345, 42.994, 42.903, 42.715, 42.708, 42.632, 42.719, 43.122, 42.834, 42.805, 42.957, 42.804, 42.961, 43.146, 43.163, 42.94, 43.022, 43.211, 43.119, 43.502, 43.087, 42.301, 42.325, 42.303, 41.354, 40.947, 40.974, 40.492, 40.478, 40.902], [41.096, 41.397, 41.432, 41.803, 42.106, 42.024, 41.481, 40.587, 40.097, 40.282, 40.212, 40.062, 40.157, 39.841, 39.448, 38.862, 37.257, 35.311, 34.023, 33.427, 32.676, 31.944, 31.209, 29.721, 28.553, 28.565, 29.014, 28.903, 25.671, 21.03, 17.878, 16.363, 14.86, 10.441, 0.0, 10.461, 15.235, 16.15, 18.241, 20.592, 22.037, 23.201, 26.328, 28.054, 29.331, 31.476, 33.347, 34.114, 33.993, 35.488, 38.288, 39.525, 39.123, 39.209, 40.129, 40.375, 41.005, 41.401, 41.366, 41.98, 42.433, 42.144, 42.224, 42.417, 42.126, 41.869, 42.034, 42.114, 41.617, 41.117, 41.322, 41.685, 42.142, 42.169, 41.993, 42.47, 42.292, 41.982, 41.846, 41.819, 41.644, 41.645, 42.078, 42.17, 40.803, 39.734, 39.823, 39.967, 39.838, 39.77, 39.684, 40.26, 42.005, 42.705, 42.162, 42.273, 42.883, 43.003, 42.71, 42.642, 42.475, 42.484, 42.44, 42.544, 42.944, 42.631, 42.601, 42.767, 42.615, 42.791, 42.999, 43.029, 42.814, 42.876, 43.002, 42.862, 43.289, 42.881, 41.961, 41.918, 41.983, 41.065, 40.638, 40.658, 40.116, 40.169, 40.663], [41.319, 41.552, 41.574, 41.906, 42.191, 42.078, 41.559, 40.679, 40.133, 40.28, 40.211, 40.068, 40.161, 39.955, 39.906, 39.523, 37.991, 36.297, 35.3, 34.754, 34.172, 33.813, 33.116, 31.559, 30.74, 31.038, 31.545, 31.544, 28.904, 25.425, 22.928, 21.826, 20.641, 17.828, 10.461, 0.0, 8.189, 11.621, 14.357, 17.136, 18.897, 20.065, 23.269, 25.468, 27.55, 30.239, 32.541, 33.379, 33.419, 34.89, 37.497, 38.782, 38.396, 38.595, 39.54, 39.912, 40.835, 41.285, 41.219, 41.875, 42.38, 42.175, 42.303, 42.488, 42.236, 42.033, 42.156, 42.246, 41.871, 41.401, 41.61, 42.025, 42.432, 42.445, 42.318, 42.789, 42.584, 42.302, 42.175, 42.102, 41.938, 41.965, 42.358, 42.401, 41.07, 39.982, 39.922, 40.042, 39.865, 39.684, 39.612, 40.248, 41.991, 42.634, 42.124, 42.224, 42.823, 43.042, 42.831, 42.791, 42.653, 42.647, 42.596, 42.695, 43.065, 42.743, 42.72, 42.877, 42.714, 42.88, 43.102, 43.15, 42.92, 42.955, 43.011, 42.774, 43.196, 42.806, 41.755, 41.632, 41.799, 41.023, 40.696, 40.725, 40.187, 40.308, 40.964], [40.873, 41.184, 41.183, 41.492, 41.749, 41.596, 41.026, 40.133, 39.568, 39.709, 39.629, 39.469, 39.585, 39.377, 39.43, 39.276, 37.964, 36.365, 35.419, 34.863, 34.289, 34.184, 33.78, 32.393, 31.739, 32.154, 32.808, 32.815, 29.941, 26.892, 25.168, 24.421, 23.138, 20.273, 15.235, 8.189, 0.0, 6.675, 11.281, 14.453, 16.548, 17.949, 20.927, 22.965, 25.188, 28.188, 30.917, 31.877, 32.032, 33.5, 36.25, 37.692, 37.292, 37.541, 38.595, 38.958, 39.964, 40.579, 40.599, 41.275, 41.78, 41.558, 41.7, 41.895, 41.63, 41.422, 41.542, 41.634, 41.278, 40.827, 41.081, 41.51, 41.955, 42.004, 41.837, 42.298, 42.063, 41.743, 41.584, 41.532, 41.395, 41.446, 41.907, 41.947, 40.512, 39.235, 39.114, 39.245, 39.065, 38.952, 38.979, 39.659, 41.473, 42.167, 41.627, 41.715, 42.345, 42.538, 42.323, 42.331, 42.3, 42.45, 42.412, 42.475, 42.855, 42.547, 42.523, 42.663, 42.491, 42.648, 42.826, 42.784, 42.505, 42.596, 42.71, 42.474, 42.902, 42.504, 41.416, 41.311, 41.433, 40.467, 40.042, 40.091, 39.543, 39.686, 40.378], [39.795, 40.217, 40.252, 40.576, 40.857, 40.699, 40.057, 39.121, 38.603, 38.806, 38.724, 38.553, 38.7, 38.433, 38.37, 38.243, 37.128, 35.756, 34.886, 34.294, 33.67, 33.625, 33.465, 32.428, 32.026, 32.491, 33.183, 33.386, 30.58, 27.465, 25.921, 25.21, 23.804, 20.705, 16.15, 11.621, 6.675, 0.0, 6.418, 10.981, 13.606, 15.373, 18.784, 20.717, 22.612, 25.63, 28.617, 29.677, 29.764, 31.289, 34.45, 36.194, 35.728, 36.041, 37.274, 37.68, 38.729, 39.461, 39.61, 40.423, 40.929, 40.647, 40.823, 41.06, 40.754, 40.508, 40.642, 40.738, 40.366, 39.876, 40.19, 40.655, 41.166, 41.251, 41.064, 41.552, 41.289, 40.916, 40.676, 40.584, 40.417, 40.469, 41.019, 41.141, 39.611, 38.083, 37.936, 38.064, 37.809, 37.762, 37.83, 38.571, 40.564, 41.323, 40.728, 40.824, 41.501, 41.691, 41.471, 41.491, 41.453, 41.723, 41.7, 41.74, 42.171, 41.866, 41.889, 42.051, 41.858, 42.053, 42.255, 42.16, 41.809, 41.928, 42.127, 41.952, 42.434, 41.985, 40.866, 40.846, 40.899, 39.643, 39.028, 39.128, 38.506, 38.622, 39.213], [39.343, 39.769, 39.837, 40.153, 40.446, 40.298, 39.675, 38.734, 38.222, 38.482, 38.427, 38.259, 38.427, 38.138, 38.035, 37.891, 36.92, 35.986, 35.442, 34.863, 34.263, 34.302, 34.232, 33.496, 33.449, 34.005, 34.676, 35.084, 32.591, 29.422, 27.696, 26.852, 25.411, 22.508, 18.241, 14.357, 11.281, 6.418, 0.0, 6.487, 10.379, 12.477, 16.406, 18.503, 20.344, 23.428, 26.74, 27.946, 28.025, 29.726, 33.314, 35.298, 34.815, 35.26, 36.601, 37.105, 38.253, 38.996, 39.184, 40.103, 40.617, 40.342, 40.567, 40.833, 40.522, 40.279, 40.411, 40.508, 40.154, 39.65, 39.986, 40.466, 40.977, 41.081, 40.93, 41.432, 41.165, 40.784, 40.485, 40.337, 40.148, 40.199, 40.77, 40.956, 39.42, 37.794, 37.555, 37.66, 37.298, 37.148, 37.213, 38.093, 40.205, 40.996, 40.382, 40.492, 41.187, 41.399, 41.193, 41.172, 41.077, 41.374, 41.365, 41.398, 41.845, 41.555, 41.596, 41.759, 41.54, 41.744, 41.98, 41.879, 41.464, 41.549, 41.775, 41.606, 42.11, 41.642, 40.443, 40.439, 40.525, 39.266, 38.627, 38.76, 38.123, 38.25, 38.848], [39.027, 39.463, 39.55, 39.841, 40.131, 39.97, 39.348, 38.402, 37.868, 38.15, 38.114, 37.945, 38.134, 37.83, 37.731, 37.586, 36.645, 35.966, 35.77, 35.329, 34.818, 35.005, 35.006, 34.427, 34.625, 35.238, 35.837, 36.381, 34.274, 31.294, 29.479, 28.425, 26.975, 24.405, 20.592, 17.136, 14.453, 10.981, 6.487, 0.0, 5.401, 8.878, 13.624, 16.227, 18.3, 21.441, 24.951, 26.327, 26.331, 28.161, 32.278, 34.455, 34.032, 34.609, 35.981, 36.575, 37.868, 38.659, 38.845, 39.826, 40.355, 40.072, 40.318, 40.584, 40.253, 40.005, 40.139, 40.187, 39.827, 39.352, 39.692, 40.172, 40.711, 40.851, 40.732, 41.252, 40.986, 40.598, 40.271, 40.095, 39.906, 39.981, 40.62, 40.876, 39.329, 37.642, 37.274, 37.336, 36.928, 36.699, 36.743, 37.717, 39.897, 40.705, 40.061, 40.172, 40.9, 41.098, 40.908, 40.902, 40.776, 41.091, 41.081, 41.098, 41.563, 41.291, 41.331, 41.482, 41.237, 41.424, 41.664, 41.555, 41.122, 41.194, 41.434, 41.275, 41.781, 41.307, 40.028, 40.003, 40.172, 38.962, 38.278, 38.444, 37.829, 37.968, 38.568], [38.91, 39.325, 39.408, 39.675, 39.964, 3