[[0.0, 5.958, 13.926, 17.814, 19.0, 20.477, 22.809, 25.484, 27.985, 30.295, 32.299, 33.284, 33.473, 34.072, 35.361, 36.327, 35.9, 35.133, 34.919, 35.118, 35.313, 35.628, 36.013, 35.855, 35.773, 36.31, 36.62, 36.275, 35.838, 35.785, 36.061, 36.298, 36.298, 36.372, 36.39, 36.049, 35.546, 35.392, 35.561, 35.44, 35.477, 35.991, 36.188, 35.903, 35.816, 35.809, 35.577, 35.494, 35.772, 35.793, 35.822, 36.098, 35.947, 35.465, 35.203, 34.993, 34.916, 34.997, 34.817, 34.626, 35.025, 36.163, 37.324, 37.308, 36.992, 37.793, 39.915, 41.355, 41.561, 41.489, 41.663, 41.542, 40.757, 40.236, 40.215, 40.485, 40.692, 40.462, 40.549, 40.765, 40.431, 39.885, 39.942, 40.589, 40.737, 40.029, 38.887, 37.423, 36.776, 37.025, 37.147, 36.645, 36.583, 36.889, 37.253, 37.585, 37.729, 37.381, 36.213, 35.41, 35.644, 35.954, 35.881, 35.997, 36.299, 36.432, 36.666, 37.073, 37.23, 37.286, 37.599, 38.108, 38.411, 38.44, 38.274, 38.345, 38.369, 38.284, 38.264, 38.278, 38.377, 38.487, 38.599, 38.924, 39.125, 38.677, 38.203, 38.011, 37.985, 37.95, 37.863, 37.957, 38.02, 37.794, 37.808, 38.09, 38.051, 37.962, 38.332, 38.379, 37.182, 36.436, 36.923, 37.429, 3.662], [5.958, 0.0, 9.045, 13.821, 15.512, 17.27, 19.852, 22.786, 25.508, 28.014, 30.185, 31.289, 31.557, 32.219, 33.597, 34.696, 34.371, 33.675, 33.528, 33.819, 34.125, 34.564, 35.098, 35.133, 35.253, 35.872, 36.21, 35.98, 35.66, 35.641, 35.935, 36.174, 36.162, 36.221, 36.232, 35.89, 35.409, 35.255, 35.395, 35.27, 35.336, 35.852, 36.025, 35.736, 35.656, 35.644, 35.428, 35.409, 35.695, 35.691, 35.707, 35.999, 35.865, 35.386, 35.101, 34.871, 34.8, 34.901, 34.718, 34.502, 34.883, 36.009, 37.16, 37.148, 36.852, 37.692, 39.854, 41.315, 41.528, 41.463, 41.642, 41.525, 40.736, 40.183, 40.15, 40.406, 40.58, 40.303, 40.352, 40.56, 40.248, 39.715, 39.763, 40.41, 40.568, 39.857, 38.718, 37.271, 36.627, 36.864, 36.987, 36.494, 36.432, 36.746, 37.176, 37.569, 37.709, 37.35, 36.228, 35.459, 35.664, 35.956, 35.892, 35.999, 36.27, 36.353, 36.56, 36.972, 37.145, 37.21, 37.516, 38.011, 38.294, 38.312, 38.178, 38.303, 38.321, 38.213, 38.188, 38.203, 38.288, 38.407, 38.541, 38.872, 39.084, 38.661, 38.202, 38.007, 37.973, 37.92, 37.817, 37.902, 37.966, 37.756, 37.777, 38.064, 38.029, 37.943, 38.314, 38.361, 37.171, 36.429, 36.898, 37.396, 7.405], [13.926, 9.045, 0.0, 6.091, 9.368, 11.981, 14.97, 18.323, 21.44, 24.237, 26.627, 27.959, 28.468, 29.309, 30.829, 32.168, 32.133, 31.698, 31.711, 32.165, 32.685, 33.303, 34.022, 34.543, 35.377, 36.268, 36.576, 36.494, 36.477, 36.622, 36.971, 37.178, 37.107, 37.117, 37.112, 36.812, 36.443, 36.32, 36.379, 36.261, 36.397, 36.861, 37.0, 36.791, 36.763, 36.74, 36.595, 36.708, 36.973, 36.905, 36.839, 37.06, 36.939, 36.541, 36.236, 35.934, 35.867, 36.003, 35.813, 35.545, 35.806, 36.741, 37.748, 37.746, 37.524, 38.346, 40.399, 41.788, 41.966, 41.902, 42.105, 42.002, 41.192, 40.584, 40.556, 40.805, 40.942, 40.641, 40.62, 40.773, 40.524, 40.082, 40.111, 40.71, 40.892, 40.257, 39.236, 37.957, 37.387, 37.578, 37.652, 37.213, 37.173, 37.449, 37.914, 38.369, 38.483, 38.113, 37.186, 36.63, 36.838, 37.101, 37.082, 37.228, 37.473, 37.501, 37.67, 38.06, 38.238, 38.314, 38.588, 39.013, 39.239, 39.231, 39.118, 39.278, 39.291, 39.179, 39.166, 39.162, 39.188, 39.277, 39.415, 39.731, 39.974, 39.638, 39.247, 39.074, 39.018, 38.923, 38.798, 38.87, 38.941, 38.762, 38.758, 39.03, 39.047, 39.016, 39.377, 39.432, 38.365, 37.71, 38.127, 38.564, 14.396], [17.814, 13.821, 6.091, 0.0, 4.797, 8.987, 12.665, 16.156, 19.338, 22.205, 24.662, 26.122, 26.798, 27.758, 29.365, 30.862, 31.019, 30.745, 30.814, 31.313, 31.932, 32.648, 33.47, 34.348, 35.731, 36.857, 37.143, 37.109, 37.299, 37.595, 37.99, 38.175, 38.065, 38.028, 38.002, 37.735, 37.427, 37.318, 37.328, 37.205, 37.357, 37.777, 37.915, 37.772, 37.784, 37.758, 37.638, 37.78, 38.02, 37.944, 37.849, 38.011, 37.885, 37.549, 37.245, 36.902, 36.839, 36.989, 36.795, 36.511, 36.707, 37.492, 38.371, 38.376, 38.209, 38.988, 40.908, 42.203, 42.333, 42.256, 42.473, 42.382, 41.545, 40.905, 40.883, 41.129, 41.269, 41.002, 40.951, 41.053, 40.836, 40.451, 40.46, 41.014, 41.21, 40.635, 39.712, 38.572, 38.074, 38.232, 38.263, 37.858, 37.848, 38.081, 38.526, 39.01, 39.109, 38.731, 37.959, 37.57, 37.777, 38.017, 38.034, 38.208, 38.431, 38.425, 38.572, 38.956, 39.156, 39.248, 39.5, 39.875, 40.059, 40.035, 39.933, 40.113, 40.143, 40.046, 40.047, 40.028, 40.005, 40.062, 40.189, 40.496, 40.757, 40.457, 40.094, 39.94, 39.869, 39.754, 39.63, 39.705, 39.779, 39.614, 39.593, 39.853, 39.89, 39.876, 40.223, 40.289, 39.315, 38.732, 39.129, 39.522, 18.044], [19.0, 15.512, 9.368, 4.797, 0.0, 5.679, 10.688, 14.71, 18.005, 20.947, 23.486, 25.033, 25.796, 26.836, 28.523, 30.099, 30.302, 30.057, 30.128, 30.618, 31.262, 32.022, 32.898, 33.965, 35.64, 36.937, 37.246, 37.209, 37.449, 37.816, 38.243, 38.436, 38.321, 38.259, 38.203, 37.929, 37.622, 37.516, 37.522, 37.378, 37.508, 37.926, 38.074, 37.943, 37.975, 37.952, 37.809, 37.934, 38.181, 38.113, 38.027, 38.197, 38.068, 37.734, 37.44, 37.098, 37.042, 37.189, 36.984, 36.696, 36.885, 37.639, 38.482, 38.493, 38.363, 39.164, 41.05, 42.305, 42.402, 42.309, 42.533, 42.442, 41.574, 40.922, 40.909, 41.153, 41.304, 41.076, 41.025, 41.105, 40.887, 40.505, 40.495, 41.038, 41.248, 40.69, 39.778, 38.666, 38.208, 38.377, 38.396, 37.98, 37.98, 38.215, 38.632, 39.102, 39.198, 38.805, 38.056, 37.725, 37.941, 38.181, 38.219, 38.407, 38.61, 38.588, 38.739, 39.142, 39.372, 39.469, 39.71, 40.075, 40.252, 40.229, 40.135, 40.332, 40.381, 40.302, 40.318, 40.288, 40.244, 40.291, 40.403, 40.7, 40.958, 40.645, 40.263, 40.106, 40.033, 39.928, 39.809, 39.88, 39.949, 39.782, 39.755, 40.015, 40.045, 40.017, 40.363, 40.434, 39.465, 38.895, 39.305, 39.69, 19.215], [20.477, 17.27, 11.981, 8.987, 5.679, 0.0, 6.22, 11.537, 15.606, 18.926, 21.693, 23.388, 24.239, 25.418, 27.319, 29.065, 29.332, 29.113, 29.177, 29.627, 30.269, 31.075, 31.991, 33.154, 35.062, 36.521, 36.875, 36.89, 37.186, 37.598, 38.055, 38.283, 38.194, 38.132, 38.055, 37.758, 37.445, 37.347, 37.348, 37.181, 37.305, 37.747, 37.906, 37.765, 37.795, 37.77, 37.6, 37.714, 37.979, 37.899, 37.804, 37.995, 37.877, 37.534, 37.247, 36.92, 36.868, 37.017, 36.806, 36.513, 36.71, 37.504, 38.378, 38.392, 38.291, 39.157, 41.065, 42.309, 42.388, 42.276, 42.502, 42.406, 41.521, 40.878, 40.876, 41.126, 41.289, 41.073, 41.03, 41.127, 40.92, 40.537, 40.518, 41.053, 41.279, 40.731, 39.791, 38.644, 38.196, 38.4, 38.434, 37.99, 37.977, 38.245, 38.659, 39.102, 39.196, 38.792, 38.018, 37.684, 37.904, 38.16, 38.201, 38.381, 38.563, 38.546, 38.724, 39.151, 39.398, 39.503, 39.742, 40.108, 40.297, 40.281, 40.171, 40.343, 40.387, 40.329, 40.36, 40.314, 40.265, 40.335, 40.446, 40.73, 40.982, 40.656, 40.244, 40.067, 39.998, 39.924, 39.833, 39.894, 39.95, 39.784, 39.776, 40.049, 40.066, 40.027, 40.379, 40.444, 39.429, 38.823, 39.229, 39.624, 20.728], [22.809, 19.852, 14.97, 12.665, 10.688, 6.22, 0.0, 6.471, 11.828, 15.914, 19.007, 20.884, 21.862, 23.27, 25.547, 27.64, 28.129, 28.046, 28.148, 28.595, 29.255, 30.114, 31.112, 32.451, 34.646, 36.244, 36.631, 36.778, 37.25, 37.718, 38.175, 38.446, 38.431, 38.412, 38.354, 38.05, 37.759, 37.685, 37.672, 37.487, 37.6, 38.022, 38.176, 38.043, 38.066, 38.042, 37.895, 38.039, 38.301, 38.191, 38.062, 38.244, 38.146, 37.828, 37.54, 37.214, 37.176, 37.326, 37.117, 36.837, 37.042, 37.841, 38.712, 38.739, 38.659, 39.516, 41.366, 42.575, 42.652, 42.54, 42.765, 42.674, 41.815, 41.191, 41.193, 41.45, 41.615, 41.378, 41.316, 41.435, 41.274, 40.921, 40.891, 41.389, 41.614, 41.109, 40.2, 39.058, 38.603, 38.811, 38.848, 38.389, 38.333, 38.571, 38.972, 39.408, 39.493, 39.1, 38.414, 38.171, 38.391, 38.631, 38.665, 38.845, 39.013, 38.988, 39.166, 39.582, 39.83, 39.944, 40.177, 40.524, 40.713, 40.694, 40.556, 40.669, 40.672, 40.632, 40.682, 40.632, 40.586, 40.681, 40.803, 41.07, 41.329, 41.033, 40.625, 40.439, 40.38, 40.33, 40.262, 40.314, 40.35, 40.187, 40.195, 40.481, 40.509, 40.48, 40.822, 40.873, 39.87, 39.27, 39.646, 40.032, 23.04], [25.484, 22.786, 18.323, 16.156, 14.71, 11.537, 6.471, 0.0, 6.415, 11.628, 15.305, 17.445, 18.662, 20.458, 23.217, 25.726, 26.574, 26.796, 27.052, 27.589, 28.344, 29.29, 30.433, 32.123, 34.743, 36.489, 36.874, 37.145, 37.82, 38.363, 38.805, 39.086, 39.131, 39.162, 39.156, 38.869, 38.61, 38.561, 38.531, 38.336, 38.423, 38.767, 38.902, 38.813, 38.847, 38.821, 38.727, 38.938, 39.201, 39.073, 38.905, 39.061, 38.983, 38.699, 38.396, 38.052, 38.025, 38.184, 37.993, 37.736, 37.915, 38.635, 39.455, 39.505, 39.443, 40.24, 41.963, 43.088, 43.147, 43.038, 43.264, 43.18, 42.34, 41.714, 41.714, 41.978, 42.139, 41.874, 41.762, 41.876, 41.782, 41.491, 41.451, 41.891, 42.106, 41.682, 40.891, 39.837, 39.382, 39.553, 39.577, 39.129, 39.016, 39.146, 39.496, 39.946, 40.021, 39.647, 39.142, 39.092, 39.31, 39.504, 39.544, 39.754, 39.909, 39.846, 39.977, 40.349, 40.585, 40.707, 40.928, 41.242, 41.41, 41.377, 41.232, 41.31, 41.278, 41.252, 41.323, 41.278, 41.232, 41.329, 41.447, 41.689, 41.955, 41.717, 41.351, 41.175, 41.126, 41.087, 41.026, 41.074, 41.104, 40.942, 40.953, 41.26, 41.334, 41.337, 41.663, 41.713, 40.788, 40.255, 40.604, 40.945, 25.652], [27.985, 25.508, 21.44, 19.338, 18.005, 15.606, 11.828, 6.415, 0.0, 6.189, 10.981, 13.844, 15.431, 17.619, 20.905, 23.841, 25.033, 25.576, 26.029, 26.709, 27.605, 28.65, 29.928, 31.967, 35.012, 36.9, 37.264, 37.594, 38.403, 39.019, 39.469, 39.73, 39.781, 39.842, 39.882, 39.623, 39.405, 39.37, 39.316, 39.122, 39.214, 39.504, 39.627, 39.594, 39.657, 39.626, 39.573, 39.855, 40.134, 39.99, 39.788, 39.927, 39.87, 39.606, 39.276, 38.895, 38.865, 39.046, 38.884, 38.623, 38.728, 39.338, 40.101, 40.164, 40.118, 40.882, 42.53, 43.598, 43.635, 43.517, 43.736, 43.658, 42.825, 42.179, 42.175, 42.451, 42.616, 42.349, 42.206, 42.304, 42.259, 42.026, 41.985, 42.387, 42.589, 42.219, 41.541, 40.597, 40.15, 40.263, 40.274, 39.853, 39.689, 39.698, 39.998, 40.477, 40.546, 40.19, 39.873, 40.0, 40.2, 40.357, 40.429, 40.673, 40.808, 40.701, 40.774, 41.099, 41.327, 41.452, 41.663, 41.964, 42.119, 42.072, 41.937, 42.005, 41.938, 41.914, 42.002, 41.957, 41.898, 41.991, 42.1, 42.318, 42.575, 42.367, 42.039, 41.882, 41.837, 41.799, 41.741, 41.795, 41.837, 41.683, 41.687, 42.014, 42.143, 42.174, 42.484, 42.536, 41.68, 41.204, 41.544, 41.842, 28.107], [30.295, 28.014, 24.237, 22.205, 20.947, 18.926, 15.914, 11.628, 6.189, 0.0, 5.933, 10.212, 12.565, 14.964, 18.657, 22.063, 23.605, 24.438, 25.08, 25.922, 26.977, 28.113, 29.521, 31.945, 35.455, 37.503, 37.857, 38.233, 39.163, 39.851, 40.314, 40.549, 40.583, 40.654, 40.724, 40.515, 40.38, 40.371, 40.292, 40.122, 40.251, 40.496, 40.613, 40.652, 40.755, 40.723, 40.705, 41.033, 41.313, 41.154, 40.907, 41.013, 40.983, 40.752, 40.385, 39.955, 39.925, 40.126, 39.971, 39.68, 39.68, 40.141, 40.839, 40.937, 40.919, 41.654, 43.261, 44.301, 44.316, 44.176, 44.379, 44.309, 43.474, 42.787, 42.783, 43.07, 43.234, 42.971, 42.82, 42.917, 42.926, 42.75, 42.703, 43.068, 43.277, 42.964, 42.381, 41.545, 41.113, 41.161, 41.163, 40.781, 40.576, 40.471, 40.708, 41.206, 41.267, 40.933, 40.805, 41.102, 41.284, 41.418, 41.536, 41.79, 41.886, 41.751, 41.789, 42.09, 42.324, 42.454, 42.651, 42.936, 43.084, 43.03, 42.904, 42.945, 42.839, 42.815, 42.911, 42.852, 42.771, 42.855, 42.952, 43.143, 43.387, 43.198, 42.893, 42.748, 42.701, 42.67, 42.625, 42.683, 42.745, 42.612, 42.604, 42.925, 43.088, 43.136, 43.425, 43.483, 42.695, 42.258, 42.572, 42.834, 30.392], [32.299, 30.185, 26.627, 24.662, 23.486, 21.693, 19.007, 15.305, 10.981, 5.933, 0.0, 5.635, 9.495, 12.536, 16.362, 20.038, 21.97, 23.165, 24.03, 25.055, 26.275, 27.52, 29.138, 32.092, 36.186, 38.442, 38.808, 39.232, 40.282, 41.04, 41.508, 41.719, 41.751, 41.839, 41.94, 41.792, 41.785, 41.854, 41.778, 41.629, 41.79, 41.979, 42.08, 42.182, 42.315, 42.287, 42.31, 42.647, 42.89, 42.721, 42.441, 42.501, 42.495, 42.301, 41.891, 41.415, 41.391, 41.591, 41.422, 41.105, 40.985, 41.247, 41.872, 42.039, 42.061, 42.763, 44.319, 45.322, 45.309, 45.146, 45.338, 45.28, 44.446, 43.726, 43.736, 44.035, 44.178, 43.901, 43.726, 43.82, 43.899, 43.794, 43.727, 44.029, 44.245, 44.006, 43.507, 42.743, 42.319, 42.314, 42.305, 41.977, 41.749, 41.557, 41.725, 42.218, 42.272, 41.954, 41.987, 42.46, 42.632, 42.724, 42.867, 43.12, 43.179, 43.021, 43.037, 43.312, 43.548, 43.688, 43.869, 44.128, 44.273, 44.23, 44.13, 44.151, 44.024, 44.016, 44.112, 44.033, 43.932, 44.008, 44.096, 44.265, 44.519, 44.384, 44.113, 43.965, 43.911, 43.892, 43.854, 43.89, 43.954, 43.845, 43.818, 44.107, 44.289, 44.359, 44.628, 44.694, 43.99, 43.606, 43.864, 44.07, 32.37], [33.284, 31.289, 27.959, 26.122, 25.033, 23.388, 20.884, 17.445, 13.844, 10.212, 5.635, 0.0, 5.376, 10.087, 14.414, 18.113, 20.208, 21.68, 22.769, 23.939, 25.238, 26.59, 28.475, 31.889, 36.408, 38.828, 39.221, 39.66, 40.754, 41.547, 42.018, 42.221, 42.289, 42.437, 42.579, 42.465, 42.563, 42.747, 42.69, 42.528, 42.707, 42.882, 42.97, 43.09, 43.226, 43.208, 43.246, 43.542, 43.738, 43.568, 43.304, 43.358, 43.359, 43.176, 42.744, 42.251, 42.229, 42.423, 42.245, 41.915, 41.73, 41.881, 42.478, 42.696, 42.734, 43.415, 44.947, 45.932, 45.915, 45.751, 45.937, 45.893, 45.079, 44.354, 44.37, 44.676, 44.805, 44.496, 44.273, 44.345, 44.464, 44.404, 44.329, 44.584, 44.789, 44.589, 44.121, 43.361, 42.926, 42.898, 42.882, 42.575, 42.315, 42.082, 42.235, 42.718, 42.77, 42.461, 42.552, 43.107, 43.277, 43.327, 43.471, 43.736, 43.808, 43.654, 43.65, 43.895, 44.112, 44.252, 44.428, 44.679, 44.835, 44.819, 44.757, 44.799, 44.687, 44.696, 44.785, 44.686, 44.585, 44.661, 44.752, 44.924, 45.196, 45.108, 44.87, 44.717, 44.657, 44.657, 44.64, 44.668, 44.726, 44.621, 44.576, 44.838, 45.025, 45.117, 45.379, 45.427, 44.747, 44.39, 44.599, 44.753, 33.345], [33.473, 31.557, 28.468, 26.798, 25.796, 24.239, 21.862, 18.662, 15.431, 12.565, 9.495, 5.376, 0.0, 6.339, 12.294, 16.648, 18.754, 20.242, 21.477, 22.758, 24.096, 25.531, 27.608, 31.247, 35.91, 38.386, 38.806, 39.264, 40.383, 41.194, 41.658, 41.853, 41.968, 42.178, 42.346, 42.241, 42.392, 42.657, 42.622, 42.444, 42.632, 42.819, 42.907, 43.023, 43.152, 43.138, 43.167, 43.434, 43.621, 43.45, 43.197, 43.256, 43.254, 43.065, 42.636, 42.154, 42.137, 42.329, 42.153, 41.83, 41.654, 41.811, 42.425, 42.666, 42.697, 43.352, 44.894, 45.903, 45.909, 45.755, 45.939, 45.912, 45.134, 44.416, 44.421, 44.724, 44.852, 44.524, 44.269, 44.324, 44.441, 44.383, 44.312, 44.564, 44.753, 44.539, 44.049, 43.253, 42.788, 42.76, 42.746, 42.408, 42.089, 41.84, 42.031, 42.523, 42.569, 42.259, 42.344, 42.922, 43.122, 43.167, 43.309, 43.598, 43.703, 43.564, 43.551, 43.772, 43.969, 44.094, 44.264, 44.523, 44.704, 44.717, 44.668, 44.729, 44.621, 44.627, 44.713, 44.617, 44.529, 44.61, 44.708, 44.896, 45.165, 45.073, 44.838, 44.676, 44.617, 44.648, 44.671, 44.719, 44.775, 44.669, 44.631, 44.888, 45.065, 45.162, 45.421, 45.436, 44.725, 44.364, 44.556, 44.693, 33.554], [34.072, 32.219, 29.309, 27.758, 26.836, 25.418, 23.27, 20.458, 17.619, 14.964, 12.536, 10.087, 6.339, 0.0, 7.885, 13.967, 16.807, 18.49, 19.828, 21.319, 22.913, 24.498, 26.673, 30.509, 35.366, 37.911, 38.346, 38.867, 40.109, 41.007, 41.461, 41.615, 41.736, 41.977, 42.147, 42.062, 42.278, 42.592, 42.56, 42.401, 42.63, 42.789, 42.884, 43.052, 43.198, 43.173, 43.214, 43.518, 43.728, 43.553, 43.244, 43.243, 43.259, 43.108, 42.692, 42.22, 42.215, 42.409, 42.251, 41.952, 41.781, 41.902, 42.498, 42.755, 42.792, 43.406, 44.921, 45.924, 45.932, 45.777, 45.964, 45.949, 45.18, 44.438, 44.429, 44.723, 44.826, 44.474, 44.182, 44.216, 44.342, 44.289, 44.211, 44.453, 44.628, 44.394, 43.903, 43.135, 42.696, 42.656, 42.609, 42.239, 41.898, 41.629, 41.842, 42.358, 42.394, 42.061, 42.17, 42.828, 43.08, 43.129, 43.291, 43.622, 43.754, 43.624, 43.607, 43.821, 44.011, 44.122, 44.279, 44.541, 44.732, 44.747, 44.688, 44.757, 44.664, 44.681, 44.777, 44.686, 44.606, 44.698, 44.801, 44.989, 45.264, 45.184, 44.958, 44.791, 44.726, 44.767, 44.806, 44.855, 44.912, 44.821, 44.799, 45.051, 45.21, 45.293, 45.539, 45.556, 44.855, 44.489, 44.668, 44.796, 34.155], [35.361, 33.597, 30.829, 29.365, 28.523, 27.319, 25.547, 23.217, 20.905, 18.657, 16.362, 14.414, 12.294, 7.885, 0.0, 7.843, 12.699, 15.496, 17.099, 18.967, 21.157, 23.089, 25.408, 29.584, 34.854, 37.589, 38.016, 38.585, 40.023, 41.103, 41.574, 41.667, 41.786, 42.078, 42.256, 42.233, 42.602, 42.998, 42.951, 42.837, 43.182, 43.338, 43.43, 43.668, 43.837, 43.795, 43.864, 44.212, 44.429, 44.257, 43.874, 43.786, 43.849, 43.762, 43.357, 42.887, 42.876, 43.063, 42.937, 42.663, 42.424, 42.315, 42.771, 43.021, 43.1, 43.735, 45.199, 46.135, 46.102, 45.942, 46.137, 46.112, 45.316, 44.524, 44.505, 44.778, 44.828, 44.448, 44.103, 44.086, 44.247, 44.235, 44.118, 44.305, 44.476, 44.262, 43.82, 43.192, 42.888, 42.839, 42.714, 42.336, 42.05, 41.784, 41.951, 42.452, 42.489, 42.121, 42.236, 42.994, 43.281, 43.309, 43.524, 43.935, 44.095, 43.971, 43.978, 44.208, 44.391, 44.495, 44.64, 44.894, 45.065, 45.055, 44.998, 45.083, 45.032, 45.087, 45.185, 45.081, 44.999, 45.1, 45.212, 45.401, 45.707, 45.696, 45.533, 45.395, 45.321, 45.334, 45.342, 45.359, 45.398, 45.303, 45.257, 45.485, 45.634, 45.698, 45.931, 45.983, 45.345, 45.006, 45.209, 45.307, 35.41], [36.327, 34.696, 32.168, 30.862, 30.099, 29.065, 27.64, 25.726, 23.841, 22.063, 20.038, 18.113, 16.648, 13.967, 7.843, 0.0, 6.923, 11.729, 14.142, 16.361, 19.068, 21.448, 23.973, 28.366, 33.937, 36.888, 37.317, 37.886, 39.476, 40.732, 41.256, 41.304, 41.407, 41.755, 41.986, 42.065, 42.61, 43.131, 43.112, 43.015, 43.454, 43.678, 43.773, 44.018, 44.181, 44.125, 44.189, 44.529, 44.75, 44.603, 44.207, 44.088, 44.175, 44.119, 43.724, 43.258, 43.237, 43.428, 43.331, 43.055, 42.759, 42.497, 42.817, 43.026, 43.133, 43.817, 45.269, 46.165, 46.104, 45.933, 46.122, 46.083, 45.296, 44.518, 44.498, 44.753, 44.785, 44.395, 44.013, 43.96, 44.131, 44.125, 43.965, 44.11, 44.287, 44.087, 43.68, 43.154, 42.935, 42.886, 42.73, 42.357, 42.117, 41.854, 41.93, 42.384, 42.432, 42.044, 42.137, 42.951, 43.243, 43.235, 43.486, 43.959, 44.128, 43.988, 43.993, 44.217, 44.39, 44.495, 44.637, 44.878, 45.028, 45.013, 44.996, 45.102, 45.086, 45.167, 45.251, 45.134, 45.07, 45.184, 45.299, 45.495, 45.839, 45.918, 45.828, 45.715, 45.637, 45.622, 45.592, 45.575, 45.594, 45.477, 45.399, 45.613, 45.771, 45.841, 46.07, 46.13, 45.535, 45.248, 45.475, 45.538, 36.349], [35.9, 34.371, 32.133, 31.019, 30.302, 29.332, 28.129, 26.574, 25.033, 23.605, 21.97, 20.208, 18.754, 16.807, 12.699, 6.923, 0.0, 6.31, 10.248, 13.263, 16.263, 18.923, 21.664, 26.251, 32.052, 35.196, 35.663, 36.217, 37.889, 39.255, 39.845, 39.878, 39.953, 40.316, 40.584, 40.728, 41.378, 42.027, 42.095, 42.002, 42.483, 42.855, 42.998, 43.19, 43.323, 43.265, 43.297, 43.603, 43.85, 43.725, 43.376, 43.307, 43.402, 43.328, 42.935, 42.483, 42.464, 42.665, 42.578, 42.279, 41.962, 41.738, 42.082, 42.274, 42.369, 43.088, 44.61, 45.546, 45.481, 45.288, 45.463, 45.424, 44.648, 43.882, 43.849, 44.101, 44.149, 43.78, 43.438, 43.422, 43.563, 43.505, 43.35, 43.529, 43.712, 43.484, 43.033, 42.438, 42.168, 42.146, 42.036, 41.665, 41.436, 41.204, 41.291, 41.752, 41.816, 41.419, 41.43, 42.151, 42.384, 42.344, 42.585, 43.041, 43.19, 43.035, 43.036, 43.265, 43.443, 43.548, 43.694, 43.949, 44.101, 44.113, 44.144, 44.278, 44.296, 44.38, 44.433, 44.308, 44.282, 44.419, 44.533, 44.747, 45.124, 45.262, 45.216, 45.11, 45.028, 45.007, 44.971, 44.953, 44.973, 44.848, 44.79, 45.016, 45.147, 45.186, 45.412, 45.455, 44.79, 44.448, 44.677, 44.749, 35.918], [35.133, 33.675, 31.698, 30.745, 30.057, 29.113, 28.046, 26.796, 25.576, 24.438, 23.165, 21.68, 20.242, 18.49, 15.496, 11.729, 6.31, 0.0, 5.398, 9.85, 13.285, 15.975, 18.78, 23.632, 29.725, 33.06, 33.572, 34.121, 35.879, 37.35, 37.999, 38.05, 38.138, 38.504, 38.76, 38.915, 39.601, 40.327, 40.461, 40.381, 40.913, 41.448, 41.657, 41.812, 41.935, 41.884, 41.886, 42.166, 42.448, 42.334, 42.008, 41.984, 42.078, 41.971, 41.577, 41.142, 41.138, 41.365, 41.294, 40.986, 40.657, 40.498, 40.912, 41.117, 41.221, 42.015, 43.669, 44.677, 44.61, 44.392, 44.555, 44.519, 43.731, 42.948, 42.893, 43.151, 43.224, 42.889, 42.615, 42.641, 42.742, 42.639, 42.517, 42.762, 42.947, 42.665, 42.118, 41.391, 41.08, 41.127, 41.07, 40.683, 40.471, 40.325, 40.507, 40.991, 41.068, 40.664, 40.528, 41.024, 41.161, 41.122, 41.341, 41.735, 41.869, 41.746, 41.778, 42.042, 42.244, 42.354, 42.517, 42.81, 42.982, 43.018, 43.068, 43.227, 43.281, 43.365, 43.393, 43.255, 43.247, 43.401, 43.515, 43.752, 44.145, 44.286, 44.259, 44.163, 44.068, 44.053, 44.038, 44.028, 44.046, 43.92, 43.891, 44.127, 44.197, 44.165, 44.374, 44.405, 43.64, 43.178, 43.396, 43.52, 35.16], [34.919, 33.528, 31.711, 30.814, 30.128, 29.177, 28.148, 27.052, 26.029, 25.08, 24.03, 22.769, 21.477, 19.828, 17.099, 14.142, 10.248, 5.398, 0.0, 5.517, 10.024, 13.297, 16.134, 20.999, 27.333, 30.91, 31.487, 32.089, 34.041, 35.675, 36.371, 36.457, 36.617, 37.038, 37.297, 37.437, 38.118, 38.869, 39.007, 38.918, 39.51, 40.154, 40.39, 40.55, 40.703, 40.659, 40.628, 40.902, 41.221, 41.12, 40.782, 40.751, 40.839, 40.713, 40.313, 39.882, 39.899, 40.167, 40.129, 39.85, 39.554, 39.429, 39.854, 40.061, 40.206, 41.096, 42.865, 43.932, 43.874, 43.646, 43.796, 43.752, 42.963, 42.203, 42.142, 42.4, 42.499, 42.199, 41.966, 41.996, 42.064, 41.93, 41.821, 42.118, 42.31, 41.964, 41.331, 40.546, 40.269, 40.366, 40.318, 39.896, 39.713, 39.659, 39.894, 40.36, 40.436, 40.016, 39.731, 40.045, 40.146, 40.147, 40.358, 40.716, 40.869, 40.795, 40.861, 41.16, 41.385, 41.49, 41.664, 41.993, 42.182, 42.215, 42.264, 42.415, 42.45, 42.522, 42.552, 42.404, 42.388, 42.548, 42.671, 42.923, 43.305, 43.404, 43.361, 43.26, 43.156, 43.139, 43.119, 43.098, 43.11, 42.985, 42.979, 43.229, 43.263, 43.191, 43.397, 43.434, 42.63, 42.124, 42.374, 42.575, 34.964], [35.118, 33.819, 32.165, 31.313, 30.618, 29.627, 28.595, 27.589, 26.709, 25.922, 25.055, 23.939, 22.758, 21.319, 18.967, 16.361, 13.263, 9.85, 5.517, 0.0, 5.806, 10.562, 13.91, 18.534, 24.982, 28.875, 29.593, 30.305, 32.501, 34.324, 35.066, 35.204, 35.48, 36.009, 36.308, 36.429, 37.105, 37.894, 38.043, 37.928, 38.551, 39.282, 39.544, 39.71, 39.897, 39.869, 39.806, 40.067, 40.412, 40.334, 39.997, 39.954, 40.031, 39.888, 39.485, 39.049, 39.068, 39.357, 39.34, 39.099, 38.857, 38.774, 39.21, 39.403, 39.571, 40.527, 42.371, 43.482, 43.447, 43.218, 43.354, 43.294, 42.526, 41.842, 41.787, 42.027, 42.151, 41.884, 41.69, 41.729, 41.771, 41.607, 41.501, 41.834, 42.036, 41.648, 40.96, 40.146, 39.89, 40.005, 39.963, 39.521, 39.358, 39.36, 39.602, 40.047, 40.124, 39.684, 39.3, 39.532, 39.655, 39.707, 39.904, 40.231, 40.396, 40.349, 40.431, 40.745, 40.969, 41.051, 41.217, 41.563, 41.753, 41.781, 41.83, 41.949, 41.915, 41.951, 41.985, 41.842, 41.83, 41.997, 42.126, 42.379, 42.736, 42.794, 42.722, 42.605, 42.51, 42.495, 42.455, 42.421, 42.438, 42.317, 42.331, 42.596, 42.614, 42.535, 42.757, 42.796, 41.968, 41.469, 41.767, 42.028, 35.187], [35.313, 34.125, 32.685, 31.932, 31.262, 30.269, 29.255, 28.344, 27.605, 26.977, 26.275, 25.238, 24.096, 22.913, 21.157, 19.068, 16.263, 13.285, 10.024, 5.806, 0.0, 6.085, 10.859, 16.093, 22.847, 27.052, 27.951, 28.773, 31.156, 33.152, 33.935, 34.116, 34.501, 35.138, 35.478, 35.608, 36.335, 37.218, 37.419, 37.301, 37.954, 38.797, 39.128, 39.3, 39.5, 39.505, 39.444, 39.689, 40.047, 39.983, 39.664, 39.635, 39.698, 39.526, 39.115, 38.672, 38.678, 38.966, 38.944, 38.712, 38.515, 38.55, 39.071, 39.254, 39.395, 40.371, 42.264, 43.407, 43.372, 43.122, 43.238, 43.17, 42.415, 41.785, 41.743, 41.978, 42.12, 41.874, 41.727, 41.801, 41.834, 41.656, 41.559, 41.902, 42.109, 41.717, 40.978, 40.067, 39.778, 39.925, 39.917, 39.473, 39.298, 39.308, 39.553, 40.014, 40.109, 39.663, 39.248, 39.45, 39.591, 39.672, 39.841, 40.122, 40.288, 40.259, 40.352, 40.659, 40.863, 40.924, 41.081, 41.427, 41.623, 41.665, 41.71, 41.785, 41.706, 41.705, 41.722, 41.592, 41.596, 41.754, 41.873, 42.121, 42.459, 42.498, 42.416, 42.299, 42.218, 42.207, 42.169, 42.147, 42.179, 42.061, 42.087, 42.357, 42.354, 42.267, 42.5, 42.532, 41.67, 41.148, 41.445, 41.727, 35.38], [35.628, 34.564, 33.303, 32.648, 32.022, 31.075, 30.114, 29.29, 28.65, 28.113, 27.52, 26.59, 25.531, 24.498, 23.089, 21.448, 18.923, 15.975, 13.297, 10.562, 6.085, 0.0, 6.311, 13.441, 21.15, 25.637, 26.614, 27.498, 30.05, 32.225, 33.063, 33.246, 33.673, 34.373, 34.742, 34.926, 35.77, 36.754, 36.993, 36.896, 37.615, 38.568, 38.981, 39.205, 39.436, 39.468, 39.454, 39.746, 40.136, 40.061, 39.721, 39.683, 39.737, 39.559, 39.149, 38.7, 38.706, 39.002, 38.971, 38.735, 38.565, 38.691, 39.271, 39.457, 39.565, 40.489, 42.35, 43.484, 43.439, 43.171, 43.268, 43.197, 42.443, 41.812, 41.771, 42.011, 42.161, 41.923, 41.795, 41.881, 41.927, 41.762, 41.672, 42.01, 42.216, 41.838, 41.095, 40.159, 39.87, 40.044, 40.055, 39.62, 39.435, 39.443, 39.706, 40.181, 40.289, 39.862, 39.456, 39.628, 39.744, 39.826, 39.99, 40.254, 40.414, 40.394, 40.491, 40.787, 40.985, 41.053, 41.214, 41.558, 41.771, 41.83, 41.864, 41.92, 41.853, 41.85, 41.844, 41.716, 41.719, 41.854, 41.956, 42.2, 42.542, 42.594, 42.533, 42.437, 42.355, 42.332, 42.297, 42.287, 42.322, 42.197, 42.222, 42.49, 42.473, 42.375, 42.605, 42.638, 41.784, 41.25, 41.518, 41.798, 35.654], [36.013, 35.098, 34.022, 33.47, 32.898, 31.991, 31.112, 30.433, 29.928, 29.521, 29.138, 28.475, 27.608, 26.673, 25.408, 23.973, 21.664, 18.78, 16.134, 13.91, 10.859, 6.311, 0.0, 8.973, 18.38, 23.564, 24.612, 25.529, 28.37, 30.804, 31.725, 31.933, 32.416, 33.174, 33.576, 33.821, 34.761, 35.803, 36.06, 35.99, 36.79, 37.846, 38.315, 38.598, 38.893, 38.936, 38.923, 39.293, 39.765, 39.692, 39.302, 39.232, 39.273, 39.099, 38.707, 38.262, 38.277, 38.609, 38.624, 38.425, 38.286, 38.437, 39.0, 39.168, 39.268, 40.152, 41.97, 43.092, 43.059, 42.798, 42.882, 42.798, 42.049, 41.428, 41.374, 41.613, 41.782, 41.569, 41.467, 41.555, 41.601, 41.439, 41.356, 41.709, 41.909, 41.516, 40.791, 39.913, 39.681, 39.863, 39.872, 39.455, 39.315, 39.394, 39.685, 40.126, 40.227, 39.825, 39.342, 39.345, 39.368, 39.451, 39.635, 39.894, 40.031, 40.012, 40.117, 40.438, 40.662, 40.743, 40.915, 41.28, 41.508, 41.567, 41.605, 41.694, 41.667, 41.679, 41.66, 41.52, 41.514, 41.635, 41.734, 41.982, 42.333, 42.4, 42.363, 42.287, 42.202, 42.165, 42.118, 42.108, 42.131, 41.987, 42.024, 42.308, 42.271, 42.155, 42.388, 42.438, 41.599, 41.058, 41.333, 41.65, 36.02], [35.855, 35.133, 34.543, 34.348, 33.965, 33.154, 32.451, 32.123, 31.967, 31.945, 32.092, 31.889, 31.247, 30.509, 29.584, 28.366, 26.251, 23.632, 20.999, 18.534, 16.093, 13.441, 8.973, 0.0, 11.078, 17.809, 19.411, 20.463, 23.779, 26.647, 27.75, 28.176, 28.955, 29.943, 30.428, 30.689, 31.642, 32.758, 33.112, 33.062, 33.933, 35.187, 35.727, 35.987, 36.33, 36.397, 36.317, 36.734, 37.37, 37.383, 37.039, 37.025, 37.025, 36.773, 36.437, 36.05, 36.033, 36.399, 36.528, 36.448, 36.455, 36.744, 37.323, 37.399, 37.46, 38.42, 40.398, 41.648, 41.676, 41.422, 41.47, 41.356, 40.668, 40.174, 40.092, 40.295, 40.523, 40.382, 40.409, 40.551, 40.489, 40.226, 40.187, 40.642, 40.821, 40.295, 39.442, 38.509, 38.34, 38.616, 38.666, 38.235, 38.23, 38.551, 38.903, 39.258, 39.363, 38.947, 38.04, 37.455, 37.312, 37.462, 37.612, 37.776, 37.886, 37.906, 38.06, 38.447, 38.724, 38.815, 39.024, 39.462, 39.719, 39.746, 39.755, 39.904, 39.924, 39.919, 39.883, 39.752, 39.777, 39.925, 40.057, 40.347, 40.697, 40.727, 40.674, 40.601, 40.552, 40.55, 40.518, 40.535, 40.538, 40.371, 40.503, 40.871, 40.773, 40.571, 40.829, 40.911, 39.973, 39.299, 39.568, 39.978, 35.937], [35.773, 35.253, 35.377, 35.731, 35.64, 35.062, 34.646, 34.743, 35.012, 35.455, 36.186, 36.408, 35.91, 35.366, 34.854, 33.937, 32.052, 29.725, 27.333, 24.982, 22.847, 21.15, 18.38, 11.078, 0.0, 8.562, 11.745, 13.475, 17.222, 20.552, 22.008, 22.921, 24.288, 25.717, 26.364, 26.631, 27.536, 28.785, 29.361, 29.39, 30.376, 31.975, 32.653, 32.83, 33.177, 33.304, 33.212, 33.673, 34.461, 34.604, 34.463, 34.651, 34.586, 34.18, 33.941, 33.685, 33.593, 33.93, 34.17, 34.222, 34.454, 35.047, 35.761, 35.733, 35.695, 36.697, 38.873, 40.311, 40.446, 40.234, 40.246, 40.117, 39.612, 39.387, 39.295, 39.433, 39.712, 39.673, 39.919, 40.168, 39.902, 39.43, 39.473, 40.097, 40.242, 39.493, 38.383, 37.262, 37.098, 37.535, 37.645, 37.121, 37.238, 37.876, 38.343, 38.606, 38.738, 38.303, 36.811, 35.413, 35.078, 35.342, 35.395, 35.33, 35.367, 35.452, 35.66, 36.069, 36.366, 36.48, 36.745, 37.267, 37.553, 37.514, 37.437, 37.607, 37.67, 37.622, 37.57, 37.488, 37.591, 37.797, 37.989, 38.337, 38.683, 38.655, 38.561, 38.486, 38.491, 38.527, 38.515, 38.576, 38.551, 38.369, 38.634, 39.112, 38.938, 38.619, 38.909, 39.018, 37.913, 37.042, 37.29, 37.805, 35.945], [36.31, 35.872, 36.268, 36.857, 36.937, 36.521, 36.244, 36.489, 36.9, 37.503, 38.442, 38.828, 38.386, 37.911, 37.589, 36.888, 35.196, 33.06, 30.91, 28.875, 27.052, 25.637, 23.564, 17.809, 8.562, 0.0, 5.257, 8.997, 13.278, 16.726, 18.476, 19.862, 21.728, 23.479, 24.251, 24.577, 25.511, 26.875, 27.63, 27.819, 28.98, 30.814, 31.621, 31.832, 32.211, 32.39, 32.401, 32.972, 33.787, 33.962, 33.957, 34.307, 34.219, 33.726, 33.53, 33.343, 33.208, 33.498, 33.761, 33.846, 34.133, 34.841, 35.629, 35.595, 35.534, 36.511, 38.709, 40.198, 40.378, 40.198, 40.204, 40.073, 39.664, 39.551, 39.452, 39.554, 39.836, 39.838, 40.18, 40.474, 40.128, 39.579, 39.669, 40.359, 40.479, 39.658, 38.465, 37.268, 37.073, 37.556, 37.681, 37.1, 37.213, 37.936, 38.476, 38.73, 38.871, 38.451, 36.809, 35.146, 34.763, 35.093, 35.095, 34.896, 34.886, 35.014, 35.235, 35.607, 35.89, 36.034, 36.325, 36.861, 37.153, 37.084, 36.944, 37.085, 37.146, 37.068, 37.009, 36.953, 37.081, 37.297, 37.5, 37.857, 38.2, 38.153, 38.051, 37.986, 38.001, 38.024, 38.002, 38.079, 38.05, 37.866, 38.171, 38.67, 38.473, 38.122, 38.415, 38.524, 37.373, 36.452, 36.691, 37.237, 36.464], [36.62, 36.21, 36.576, 37.143, 37.246, 36.875, 36.631, 36.874, 37.264, 37.857, 38.808, 39.221, 38.806, 38.346, 38.016, 37.317, 35.663, 33.572, 31.487, 29.593, 27.951, 26.614, 24.612, 19.411, 11.745, 5.257, 0.0, 5.654, 11.42, 15.332, 17.1, 18.532, 20.614, 22.548, 23.41, 23.834, 24.89, 26.346, 27.173, 27.447, 28.724, 30.659, 31.532, 31.812, 32.231, 32.418, 32.475, 33.12, 33.955, 34.128, 34.122, 34.503, 34.436, 33.932, 33.726, 33.53, 33.39, 33.681, 33.944, 34.032, 34.305, 34.984, 35.739, 35.691, 35.637, 36.611, 38.782, 40.248, 40.413, 40.22, 40.223, 40.092, 39.68, 39.558, 39.449, 39.549, 39.837, 39.855, 40.212, 40.509, 40.17, 39.639, 39.741, 40.427, 40.539, 39.734, 38.571, 37.408, 37.232, 37.718, 37.838, 37.264, 37.384, 38.102, 38.655, 38.927, 39.071, 38.654, 37.039, 35.39, 35.006, 35.345, 35.348, 35.13, 35.099, 35.215, 35.422, 35.77, 36.045, 36.207, 36.507, 37.028, 37.316, 37.257, 37.12, 37.255, 37.309, 37.225, 37.166, 37.11, 37.232, 37.433, 37.617, 37.961, 38.309, 38.27, 38.175, 38.119, 38.126, 38.128, 38.094, 38.17, 38.137, 37.936, 38.218, 38.705, 38.523, 38.188, 38.471, 38.584, 37.478, 36.587, 36.816, 37.355, 36.716], [36.275, 35.98, 36.494, 37.109, 37.209, 36.89, 36.778, 37.145, 37.594, 38.233, 39.232, 39.66, 39.264, 38.867, 38.585, 37.886, 36.217, 34.121, 32.089, 30.305, 28.773, 27.498, 25.529, 20.463, 13.475, 8.997, 5.654, 0.0, 7.221, 12.477, 14.655, 16.001, 18.215, 20.482, 21.565, 22.114, 23.363, 25.055, 26.049, 26.378, 27.726, 29.821, 30.788, 31.092, 31.529, 31.721, 31.789, 32.491, 33.392, 33.607, 33.653, 34.068, 33.986, 33.46, 33.282, 33.122, 32.989, 33.275, 33.542, 33.656, 34.011, 34.774, 35.529, 35.423, 35.316, 36.253, 38.411, 39.885, 40.062, 39.879, 39.881, 39.751, 39.351, 39.234, 39.119, 39.227, 39.522, 39.539, 39.919, 40.231, 39.866, 39.306, 39.421, 40.139, 40.253, 39.422, 38.22, 37.018, 36.846, 37.374, 37.503, 36.91, 37.067, 37.844, 38.407, 38.647, 38.78, 38.37, 36.701, 34.941, 34.502, 34.84, 34.858, 34.65, 34.604, 34.701, 34.914, 35.27, 35.547, 35.716, 36.027, 36.552, 36.838, 36.777, 36.643, 36.836, 36.977, 36.93, 36.855, 36.776, 36.9, 37.105, 37.286, 37.645, 37.999, 37.937, 37.83, 37.786, 37.798, 37.793, 37.748, 37.832, 37.791, 37.565, 37.838, 38.328, 38.15, 37.81, 38.088, 38.207, 37.095, 36.191, 36.441, 37.008, 36.34], [35.838, 35.66, 36.477, 37.299, 37.449, 37.186, 37.25, 37.82, 38.403, 39.163, 40.282, 40.754, 40.383, 40.109, 40.023, 39.476, 37.889, 35.879, 34.041, 32.501, 31.156, 30.05, 28.37, 23.779, 17.222, 13.278, 11.42, 7.221, 0.0, 6.688, 10.179, 12.18, 14.646, 17.339, 18.879, 19.649, 21.01, 22.996, 24.362, 24.86, 26.251, 28.541, 29.651, 29.939, 30.354, 30.557, 30.679, 31.485, 32.464, 32.726, 32.915, 33.47, 33.357, 32.762, 32.647, 32.582, 32.45, 32.692, 32.945, 33.091, 33.587, 34.557, 35.397, 35.255, 35.065, 35.911, 38.037, 39.539, 39.759, 39.62, 39.627, 39.485, 39.128, 39.054, 38.949, 39.057, 39.333, 39.326, 39.734, 40.076, 39.648, 39.015, 39.157, 39.934, 40.043, 39.163, 37.878, 36.578, 36.361, 36.943, 37.1, 36.479, 36.654, 37.501, 38.092, 38.29, 38.416, 38.026, 36.258, 34.298, 33.779, 34.136, 34.153, 33.912, 33.844, 33.954, 34.203, 34.58, 34.859, 35.029, 35.349, 35.899, 36.206, 36.135, 35.961, 36.189, 36.421, 36.417, 36.327, 36.215, 36.338, 36.561, 36.766, 37.149, 37.489, 37.368, 37.236, 37.214, 37.251, 37.238, 37.164, 37.246, 37.204, 36.965, 37.238, 37.728, 37.536, 37.173, 37.452, 37.573, 36.427, 35.494, 35.781, 36.396, 35.928], [35.785, 35.641, 36.622, 37.595, 37.816, 37.598, 37.718, 38.363, 39.019, 39.851, 41.04, 41.547, 41.194, 41.007, 41.103, 40.732, 39.255, 37.35, 35.675, 34.324, 33.152, 32.225, 30.804, 26.647, 20.552, 16.726, 15.332, 12.477, 6.688, 0.0, 5.222, 9.24, 12.538, 15.455, 17.344, 18.311, 19.613, 21.735, 23.473, 24.172, 25.529, 27.883, 29.08, 29.338, 29.71, 29.928, 30.125, 31.027, 32.042, 32.317, 32.607, 33.297, 33.209, 32.568, 32.473, 32.464, 32.332, 32.543, 32.771, 32.93, 33.522, 34.667, 35.626, 35.493, 35.241, 36.017, 38.115, 39.638, 39.907, 39.826, 39.854, 39.701, 39.379, 39.357, 39.278, 39.38, 39.621, 39.57, 39.979, 40.338, 39.866, 39.183, 39.337, 40.129, 40.219, 39.322, 37.993, 36.598, 36.3, 36.887, 37.092, 36.513, 36.672, 37.497, 38.093, 38.293, 38.422, 38.047, 36.259, 34.221, 33.674, 34.05, 34.039, 33.728, 33.622, 33.75, 34.031, 34.406, 34.672, 34.847, 35.178, 35.753, 36.087, 36.016, 35.793, 35.977, 36.191, 36.184, 36.098, 35.989, 36.117, 36.347, 36.569, 36.962, 37.283, 37.129, 36.986, 36.973, 37.024, 37.008, 36.916, 36.989, 36.947, 36.7, 36.95, 37.42, 37.23, 36.88, 37.174, 37.292, 36.126, 35.189, 35.5, 36.133, 35.902], [36.061, 35.935, 36.971, 37.99, 38.243, 38.055, 38.175, 38.805, 39.469, 40.314, 41.508, 42.018, 41.658, 41.461, 41.574, 41.256, 39.845, 37.999, 36.371, 35.066, 33.935, 33.063, 31.725, 27.75, 22.008, 18.476, 17.1, 14.655, 10.179, 5.222, 0.0, 5.694, 10.704, 14.324, 16.318, 17.423, 18.908, 21.127, 22.969, 23.79, 25.23, 27.623, 28.856, 29.17, 29.572, 29.791, 30.02, 30.993, 32.044, 32.339, 32.641, 33.356, 33.307, 32.693, 32.601, 32.596, 32.495, 32.737, 32.973, 33.15, 33.788, 34.999, 36.001, 35.858, 35.578, 36.322, 38.372, 39.864, 40.149, 40.112, 40.162, 40.008, 39.707, 39.716, 39.644, 39.74, 39.975, 39.91, 40.31, 40.685, 40.222, 39.531, 39.678, 40.457, 40.533, 39.634, 38.298, 36.874, 36.543, 37.106, 37.31, 36.786, 36.956, 37.731, 38.283, 38.475, 38.607, 38.243, 36.498, 34.508, 33.978, 34.35, 34.34, 34.022, 33.908, 34.041, 34.32, 34.68, 34.931, 35.104, 35.442, 36.024, 36.358, 36.295, 36.069, 36.237, 36.428, 36.384, 36.294, 36.216, 36.356, 36.57, 36.791, 37.184, 37.494, 37.316, 37.149, 37.129, 37.179, 37.172, 37.087, 37.152, 37.097, 36.842, 37.075, 37.534, 37.356, 37.032, 37.336, 37.451, 36.294, 35.382, 35.687, 36.307, 36.188], [36.298, 36.174, 37.178, 38.175, 38.436, 38.283, 38.446, 39.086, 39.73, 40.549, 41.719, 42.221, 41.853, 41.615, 41.667, 41.304, 39.878, 38.05, 36.457, 35.204, 34.116, 33.246, 31.933, 28.176, 22.921, 19.862, 18.532, 16.001, 12.18, 9.24, 5.694, 0.0, 6.512, 11.622, 14.373, 15.923, 17.936, 20.437, 22.278, 23.208, 24.927, 27.465, 28.728, 29.122, 29.585, 29.789, 30.038, 31.106, 32.23, 32.543, 32.799, 33.458, 33.429, 32.897, 32.812, 32.76, 32.699, 33.023, 33.278, 33.43, 34.031, 35.177, 36.116, 35.958, 35.712, 36.451, 38.43, 39.866, 40.139, 40.099, 40.139, 39.988, 39.7, 39.702, 39.625, 39.731, 39.981, 39.923, 40.294, 40.66, 40.236, 39.575, 39.706, 40.461, 40.534, 39.646, 38.354, 37.012, 36.726, 37.268, 37.426, 36.912, 37.119, 37.883, 38.4, 38.579, 38.709, 38.351, 36.666, 34.762, 34.248, 34.606, 34.628, 34.352, 34.248, 34.366, 34.625, 34.985, 35.239, 35.413, 35.754, 36.324, 36.65, 36.602, 36.403, 36.597, 36.789, 36.733, 36.637, 36.56, 36.68, 36.875, 37.092, 37.482, 37.781, 37.58, 37.4, 37.382, 37.421, 37.4, 37.312, 37.365, 37.299, 37.056, 37.295, 37.749, 37.585, 37.28, 37.574, 37.682, 36.568, 35.726, 36.032, 36.617, 36.41], [36.298, 36.162, 37.107, 38.065, 38.321, 38.194, 38.431, 39.131, 39.781, 40.583, 41.751, 42.289, 41.968, 41.736, 41.786, 41.407, 39.953, 38.138, 36.617, 35.48, 34.501, 33.673, 32.416, 28.955, 24.288, 21.728, 20.614, 18.215, 14.646, 12.538, 10.704, 6.512, 0.0, 6.637, 11.339, 14.013, 16.511, 19.319, 21.392, 22.578, 24.617, 27.368, 28.7, 29.112, 29.569, 29.758, 30.053, 31.207, 32.388, 32.713, 32.927, 33.54, 33.525, 33.046, 32.958, 32.862, 32.816, 33.189, 33.447, 33.571, 34.123, 35.184, 36.034, 35.859, 35.653, 36.365, 38.254, 39.641, 39.893, 39.824, 39.84, 39.692, 39.415, 39.399, 39.321, 39.454, 39.717, 39.655, 39.983, 40.32, 39.923, 39.289, 39.404, 40.133, 40.213, 39.348, 38.101, 36.843, 36.609, 37.151, 37.287, 36.76, 36.987, 37.766, 38.3, 38.498, 38.625, 38.263, 36.624, 34.767, 34.242, 34.588, 34.627, 34.377, 34.274, 34.374, 34.623, 34.99, 35.254, 35.435, 35.776, 36.329, 36.648, 36.61, 36.419, 36.606, 36.766, 36.714, 36.628, 36.516, 36.586, 36.77, 36.982, 37.365, 37.657, 37.44, 37.27, 37.264, 37.285, 37.235, 37.138, 37.184, 37.118, 36.896, 37.151, 37.608, 37.455, 37.16, 37.439, 37.553, 36.508, 35.759, 36.091, 36.654, 36.393], [36.372, 36.221, 37.117, 38.028, 38.259, 38.132, 38.412, 39.162, 39.842, 40.654, 41.839, 42.437, 42.178, 41.977, 42.078, 41.755, 40.316, 38.504, 37.038, 36.009, 35.138, 34.373, 33.174, 29.943, 25.717, 23.479, 22.548, 20.482, 17.339, 15.455, 14.324, 11.622, 6.637, 0.0, 6.862, 11.486, 14.669, 17.614, 20.004, 21.592, 23.956, 26.941, 28.427, 28.915, 29.38, 29.567, 29.935, 31.17, 32.379, 32.728, 32.932, 33.529, 33.512, 33.037, 32.951, 32.859, 32.818, 33.196, 33.452, 33.587, 34.15, 35.192, 35.979, 35.797, 35.613, 36.258, 38.033, 39.368, 39.598, 39.511, 39.522, 39.379, 39.118, 39.113, 39.043, 39.202, 39.481, 39.409, 39.714, 40.039, 39.659, 39.036, 39.142, 39.852, 39.935, 39.091, 37.872, 36.658, 36.457, 37.025, 37.175, 36.646, 36.881, 37.672, 38.237, 38.475, 38.603, 38.226, 36.594, 34.73, 34.169, 34.501, 34.549, 34.296, 34.182, 34.285, 34.54, 34.911, 35.182, 35.376, 35.716, 36.247, 36.556, 36.517, 36.317, 36.479, 36.608, 36.55, 36.467, 36.317, 36.347, 36.526, 36.735, 37.122, 37.412, 37.178, 37.008, 37.009, 37.021, 36.96, 36.864, 36.901, 36.821, 36.603, 36.86, 37.316, 37.167, 36.864, 37.131, 37.267, 36.28, 35.6, 35.969, 36.539, 36.454], [36.39, 36.232, 37.112, 38.002, 38.203, 38.055, 38.354, 39.156, 39.882, 40.724, 41.94, 42.579, 42.346, 42.147, 42.256, 41.986, 40.584, 38.76, 37.297, 36.308, 35.478, 34.742, 33.576, 30.428, 26.364, 24.251, 23.41, 21.565, 18.879, 17.344, 16.318, 14.373, 11.339, 6.862, 0.0, 6.633, 11.682, 15.334, 17.831, 19.563, 22.265, 25.586, 27.289, 27.942, 28.514, 28.719, 29.141, 30.527, 31.841, 32.214, 32.409, 33.044, 33.039, 32.552, 32.51, 32.468, 32.436, 32.823, 33.096, 33.267, 33.888, 34.995, 35.808, 35.627, 35.445, 36.083, 37.862, 39.213, 39.453, 39.376, 39.401, 39.258, 39.013, 39.054, 38.991, 39.13, 39.421, 39.374, 39.698, 40.034, 39.65, 39.012, 39.11, 39.831, 39.922, 39.056, 37.801, 36.572, 36.385, 36.982, 37.148, 36.607, 36.833, 37.641, 38.226, 38.463, 38.587, 38.189, 36.495, 34.577, 33.987, 34.322, 34.395, 34.152, 34.036, 34.145, 34.427, 34.829, 35.117, 35.315, 35.658, 36.195, 36.51, 36.471, 36.276, 36.462, 36.625, 36.554, 36.464, 36.32, 36.358, 36.563, 36.792, 37.196, 37.509, 37.278, 37.085, 37.076, 37.097, 37.062, 37.004, 37.048, 36.944, 36.714, 36.974, 37.439, 37.277, 36.946, 37.215, 37.353, 36.294, 35.517, 35.877, 36.486, 36.458], [36.049, 35.89, 36.812, 37.735, 37.929, 37.758, 38.05, 3