[[0.0, 11.036, 21.057, 23.668, 25.421, 29.53, 32.743, 33.477, 34.035, 35.44, 36.858, 37.617, 38.321, 39.649, 41.278, 42.042, 41.671, 41.94, 42.151, 42.321, 42.578, 42.372, 41.753, 41.678, 42.234, 42.217, 42.209, 42.235, 42.401, 42.418, 42.26, 42.272, 41.679, 40.802, 40.506, 40.891, 41.087, 40.352, 40.322, 41.118, 41.903, 42.547, 42.521, 40.836, 40.363, 40.856, 40.955, 40.539, 39.559, 39.134, 39.981, 40.585, 7.571], [11.036, 0.0, 12.982, 17.66, 20.627, 26.499, 30.673, 31.606, 32.332, 34.045, 35.654, 36.421, 37.146, 38.662, 40.606, 41.716, 41.533, 41.779, 41.953, 42.145, 42.447, 42.351, 41.778, 41.721, 42.273, 42.244, 42.176, 42.115, 42.279, 42.344, 42.239, 42.256, 41.674, 40.858, 40.567, 40.929, 41.133, 40.454, 40.458, 41.179, 41.852, 42.437, 42.469, 40.942, 40.603, 41.152, 41.239, 40.78, 39.772, 39.364, 40.245, 40.86, 14.373], [21.057, 12.982, 0.0, 8.154, 14.286, 22.342, 27.911, 29.409, 30.343, 32.266, 33.99, 34.807, 35.635, 37.351, 39.606, 40.974, 41.021, 41.498, 41.743, 41.972, 42.349, 42.337, 41.954, 42.192, 42.868, 42.848, 42.774, 42.632, 42.794, 42.907, 42.851, 42.873, 42.343, 41.665, 41.473, 41.87, 42.069, 41.498, 41.571, 42.128, 42.728, 43.259, 43.305, 41.687, 41.147, 41.729, 41.943, 41.573, 40.617, 40.195, 41.063, 41.649, 22.647], [23.668, 17.66, 8.154, 0.0, 9.368, 19.612, 25.798, 27.629, 28.678, 30.571, 32.27, 33.142, 34.093, 35.951, 38.354, 39.782, 39.885, 40.511, 40.817, 41.062, 41.457, 41.419, 41.055, 41.427, 42.241, 42.294, 42.286, 42.19, 42.363, 42.462, 42.391, 42.429, 41.96, 41.358, 41.274, 41.75, 41.946, 41.433, 41.578, 42.056, 42.701, 43.285, 43.316, 41.383, 40.462, 41.067, 41.431, 41.195, 40.381, 40.041, 40.933, 41.569, 24.726], [25.421, 20.627, 14.286, 9.368, 0.0, 13.31, 21.826, 24.316, 25.348, 27.296, 29.092, 30.123, 31.359, 33.513, 36.096, 37.589, 37.621, 38.409, 38.84, 39.22, 39.714, 39.661, 39.258, 39.64, 40.495, 40.654, 40.806, 40.904, 41.155, 41.242, 41.125, 41.132, 40.688, 40.154, 40.189, 40.773, 40.996, 40.554, 40.787, 41.214, 41.943, 42.702, 42.774, 40.466, 39.077, 39.744, 40.267, 40.078, 39.342, 39.211, 40.123, 40.767, 26.224], [29.53, 26.499, 22.342, 19.612, 13.31, 0.0, 12.521, 17.087, 18.271, 20.555, 22.871, 24.219, 25.915, 28.612, 31.75, 33.576, 33.737, 35.22, 36.056, 36.618, 37.287, 37.209, 36.859, 37.523, 38.562, 38.787, 39.217, 39.699, 40.088, 40.122, 40.007, 39.998, 39.564, 39.154, 39.422, 40.238, 40.467, 40.029, 40.302, 40.616, 41.407, 42.3, 42.336, 39.536, 37.528, 38.418, 39.369, 39.397, 38.764, 38.728, 39.534, 40.037, 30.084], [32.743, 30.673, 27.911, 25.798, 21.826, 12.521, 0.0, 7.254, 9.833, 12.614, 15.936, 18.038, 20.141, 23.369, 27.684, 30.483, 31.314, 33.524, 34.708, 35.363, 36.068, 35.932, 35.603, 36.5, 37.754, 37.998, 38.669, 39.521, 40.011, 39.97, 39.859, 39.834, 39.438, 39.174, 39.669, 40.651, 40.838, 40.324, 40.607, 40.826, 41.61, 42.48, 42.478, 39.538, 37.161, 38.095, 39.282, 39.471, 38.988, 39.036, 39.755, 40.207, 33.109], [33.477, 31.606, 29.409, 27.629, 24.316, 17.087, 7.254, 0.0, 4.889, 9.312, 13.145, 15.711, 18.121, 21.686, 26.628, 29.776, 30.846, 33.27, 34.539, 35.24, 35.95, 35.81, 35.44, 36.315, 37.618, 37.887, 38.621, 39.629, 40.205, 40.153, 40.021, 39.953, 39.56, 39.369, 39.917, 40.917, 41.08, 40.537, 40.857, 41.082, 41.85, 42.697, 42.721, 39.787, 37.255, 38.099, 39.293, 39.458, 38.933, 39.008, 39.749, 40.17, 33.762], [34.035, 32.332, 30.343, 28.678, 25.348, 18.271, 9.833, 4.889, 0.0, 6.39, 11.174, 13.964, 16.702, 20.579, 25.778, 29.031, 30.194, 32.736, 34.088, 34.835, 35.567, 35.456, 35.118, 36.02, 37.34, 37.648, 38.43, 39.48, 40.095, 40.069, 39.939, 39.849, 39.462, 39.321, 39.904, 40.923, 41.101, 40.602, 40.972, 41.178, 41.953, 42.817, 42.831, 39.811, 37.155, 37.988, 39.231, 39.428, 38.949, 39.078, 39.831, 40.263, 34.3], [35.44, 34.045, 32.266, 30.571, 27.296, 20.555, 12.614, 9.312, 6.39, 0.0, 6.257, 10.465, 13.894, 18.255, 23.828, 27.27, 28.678, 31.635, 33.204, 34.004, 34.794, 34.705, 34.463, 35.51, 36.924, 37.282, 38.113, 39.237, 39.889, 39.853, 39.709, 39.605, 39.266, 39.269, 40.008, 41.134, 41.339, 40.904, 41.335, 41.464, 42.285, 43.211, 43.184, 39.91, 36.897, 37.808, 39.235, 39.582, 39.272, 39.462, 40.186, 40.649, 35.694], [36.858, 35.654, 33.99, 32.27, 29.092, 22.871, 15.936, 13.145, 11.174, 6.257, 0.0, 5.971, 10.768, 15.815, 21.876, 25.541, 27.29, 30.745, 32.53, 33.376, 34.253, 34.243, 34.109, 35.27, 36.747, 37.133, 38.01, 39.203, 39.901, 39.85, 39.689, 39.611, 39.316, 39.407, 40.225, 41.42, 41.651, 41.26, 41.737, 41.814, 42.652, 43.614, 43.545, 40.084, 36.8, 37.775, 39.35, 39.812, 39.588, 39.779, 40.481, 40.967, 37.12], [37.617, 36.421, 34.807, 33.142, 30.123, 24.219, 18.038, 15.711, 13.964, 10.465, 5.971, 0.0, 6.378, 12.906, 19.924, 24.015, 26.227, 30.084, 32.002, 32.889, 33.835, 33.947, 33.966, 35.23, 36.723, 37.113, 38.052, 39.287, 40.001, 39.95, 39.788, 39.743, 39.462, 39.567, 40.395, 41.596, 41.83, 41.442, 41.911, 41.965, 42.788, 43.737, 43.634, 40.103, 36.758, 37.773, 39.401, 39.905, 39.698, 39.9, 40.613, 41.14, 37.932], [38.321, 37.146, 35.635, 34.093, 31.359, 25.915, 20.141, 18.121, 16.702, 13.894, 10.768, 6.378, 0.0, 8.215, 17.055, 21.951, 24.863, 29.246, 31.281, 32.209, 33.245, 33.488, 33.763, 35.28, 36.861, 37.265, 38.272, 39.558, 40.281, 40.24, 40.1, 40.072, 39.781, 39.899, 40.743, 41.916, 42.13, 41.736, 42.193, 42.252, 43.058, 43.996, 43.883, 40.351, 37.055, 38.091, 39.72, 40.232, 40.016, 40.182, 40.865, 41.394, 38.667], [39.649, 38.662, 37.351, 35.951, 33.513, 28.612, 23.369, 21.686, 20.579, 18.255, 15.815, 12.906, 8.215, 0.0, 11.182, 17.957, 22.195, 27.571, 29.943, 30.976, 32.193, 32.643, 33.366, 35.401, 37.147, 37.594, 38.719, 40.085, 40.824, 40.789, 40.655, 40.629, 40.327, 40.452, 41.31, 42.458, 42.667, 42.307, 42.781, 42.852, 43.663, 44.603, 44.461, 40.922, 37.745, 38.742, 40.313, 40.814, 40.597, 40.703, 41.327, 41.82, 39.962], [41.278, 40.606, 39.606, 38.354, 36.096, 31.75, 27.684, 26.628, 25.778, 23.828, 21.876, 19.924, 17.055, 11.182, 0.0, 9.718, 17.869, 25.041, 28.003, 29.215, 30.669, 31.501, 32.935, 35.666, 37.522, 38.009, 39.262, 40.663, 41.426, 41.398, 41.24, 41.214, 40.955, 41.064, 41.89, 43.016, 43.226, 42.902, 43.356, 43.433, 44.255, 45.152, 44.931, 41.383, 38.403, 39.305, 40.764, 41.236, 41.049, 41.194, 41.847, 42.278, 41.505], [42.042, 41.716, 40.974, 39.782, 37.589, 33.576, 30.483, 29.776, 29.031, 27.27, 25.541, 24.015, 21.951, 17.957, 9.718, 0.0, 13.165, 22.732, 26.226, 27.679, 29.366, 30.423, 32.358, 35.598, 37.516, 38.03, 39.387, 40.791, 41.59, 41.587, 41.428, 41.399, 41.177, 41.306, 42.096, 43.19, 43.408, 43.098, 43.526, 43.622, 44.504, 45.38, 45.113, 41.584, 38.681, 39.594, 41.047, 41.522, 41.322, 41.437, 42.09, 42.491, 42.139], [41.671, 41.533, 41.021, 39.885, 37.621, 33.737, 31.314, 30.846, 30.194, 28.678, 27.29, 26.227, 24.863, 22.195, 17.869, 13.165, 0.0, 13.347, 19.003, 20.986, 23.135, 24.401, 26.851, 31.043, 33.401, 34.048, 35.884, 37.834, 38.927, 39.06, 39.022, 39.06, 38.941, 39.293, 40.304, 41.543, 41.867, 41.972, 42.863, 42.975, 43.898, 44.855, 44.584, 40.88, 37.836, 39.004, 40.6, 41.129, 40.916, 40.939, 41.552, 41.98, 41.702], [41.94, 41.779, 41.498, 40.511, 38.409, 35.22, 33.524, 33.27, 32.736, 31.635, 30.745, 30.084, 29.246, 27.571, 25.041, 22.732, 13.347, 0.0, 8.82, 12.82, 15.44, 17.489, 20.674, 25.64, 28.338, 29.246, 31.745, 34.397, 35.816, 36.113, 36.369, 36.622, 36.73, 37.457, 38.788, 40.141, 40.475, 41.313, 43.139, 43.396, 44.208, 45.097, 44.837, 41.352, 38.558, 39.655, 41.008, 41.382, 41.145, 41.051, 41.623, 42.022, 41.991], [42.151, 41.953, 41.743, 40.817, 38.84, 36.056, 34.708, 34.539, 34.088, 33.204, 32.53, 32.002, 31.281, 29.943, 28.003, 26.226, 19.003, 8.82, 0.0, 7.151, 11.69, 14.852, 18.749, 24.171, 27.063, 28.08, 30.756, 33.48, 34.898, 35.26, 35.681, 36.046, 36.193, 36.963, 38.347, 39.692, 39.982, 40.968, 43.107, 43.447, 44.241, 45.083, 44.83, 41.552, 38.982, 39.981, 41.185, 41.492, 41.188, 41.035, 41.559, 41.899, 42.147], [42.321, 42.145, 41.972, 41.062, 39.22, 36.618, 35.363, 35.24, 34.835, 34.004, 33.376, 32.889, 32.209, 30.976, 29.215, 27.679, 20.986, 12.82, 7.151, 0.0, 6.917, 11.875, 16.828, 23.049, 26.175, 27.277, 30.123, 32.922, 34.367, 34.764, 35.248, 35.695, 35.876, 36.648, 38.089, 39.495, 39.769, 40.776, 42.947, 43.278, 44.134, 45.009, 44.765, 41.504, 38.993, 40.022, 41.228, 41.584, 41.327, 41.118, 41.613, 41.966, 42.277], [42.578, 42.447, 42.349, 41.457, 39.714, 37.287, 36.068, 35.95, 35.567, 34.794, 34.253, 33.835, 33.245, 32.193, 30.669, 29.366, 23.135, 15.44, 11.69, 6.917, 0.0, 7.1, 14.008, 21.047, 24.341, 25.632, 28.831, 31.923, 33.492, 33.921, 34.509, 35.021, 35.236, 36.13, 37.72, 39.195, 39.458, 40.637, 43.001, 43.334, 44.19, 45.102, 44.925, 41.711, 39.226, 40.24, 41.39, 41.708, 41.489, 41.279, 41.806, 42.21, 42.489], [42.372, 42.351, 42.337, 41.419, 39.661, 37.209, 35.932, 35.81, 35.456, 34.705, 34.243, 33.947, 33.488, 32.643, 31.501, 30.423, 24.401, 17.489, 14.852, 11.875, 7.1, 0.0, 9.297, 18.041, 21.693, 23.135, 26.852, 30.468, 32.205, 32.652, 33.376, 33.93, 34.191, 35.244, 36.96, 38.472, 38.745, 40.031, 42.538, 42.901, 43.748, 44.761, 44.756, 41.462, 38.72, 39.776, 41.025, 41.368, 41.118, 40.962, 41.582, 42.018, 42.216], [41.753, 41.778, 41.954, 41.055, 39.258, 36.859, 35.603, 35.44, 35.118, 34.463, 34.109, 33.966, 33.763, 33.366, 32.935, 32.358, 26.851, 20.674, 18.749, 16.828, 14.008, 9.297, 0.0, 10.924, 15.971, 17.35, 21.86, 26.709, 28.834, 29.391, 30.474, 31.223, 31.615, 32.956, 34.955, 36.585, 36.854, 38.369, 41.34, 41.885, 42.786, 43.957, 44.212, 40.963, 37.931, 38.949, 40.261, 40.57, 40.244, 40.19, 40.927, 41.386, 41.618], [41.678, 41.721, 42.192, 41.427, 39.64, 37.523, 36.5, 36.315, 36.02, 35.51, 35.27, 35.23, 35.28, 35.401, 35.666, 35.598, 31.043, 25.64, 24.171, 23.049, 21.047, 18.041, 10.924, 0.0, 7.549, 9.763, 15.171, 21.837, 24.699, 25.485, 27.086, 28.205, 28.797, 30.563, 33.025, 34.869, 35.191, 37.005, 40.491, 41.246, 42.204, 43.482, 43.858, 40.842, 37.987, 38.95, 40.135, 40.304, 39.892, 39.95, 40.798, 41.316, 41.562], [42.234, 42.273, 42.868, 42.241, 40.495, 38.562, 37.754, 37.618, 37.34, 36.924, 36.747, 36.723, 36.861, 37.147, 37.522, 37.516, 33.401, 28.338, 27.063, 26.175, 24.341, 21.693, 15.971, 7.549, 0.0, 5.679, 13.708, 21.104, 24.278, 25.166, 26.865, 28.134, 28.906, 30.838, 33.339, 35.159, 35.512, 37.422, 40.927, 41.658, 42.567, 43.878, 44.36, 41.546, 38.868, 39.702, 40.72, 40.845, 40.47, 40.597, 41.468, 42.005, 42.102], [42.217, 42.244, 42.848, 42.294, 40.654, 38.787, 37.998, 37.887, 37.648, 37.282, 37.133, 37.113, 37.265, 37.594, 38.009, 38.03, 34.048, 29.246, 28.08, 27.277, 25.632, 23.135, 17.35, 9.763, 5.679, 0.0, 10.561, 19.361, 22.825, 23.77, 25.69, 27.1, 27.908, 29.919, 32.501, 34.346, 34.668, 36.599, 40.254, 41.077, 42.024, 43.409, 44.041, 41.502, 39.01, 39.829, 40.841, 40.955, 40.511, 40.577, 41.429, 41.937, 42.089], [42.209, 42.176, 42.774, 42.286, 40.806, 39.217, 38.669, 38.621, 38.43, 38.113, 38.01, 38.052, 38.272, 38.719, 39.262, 39.387, 35.884, 31.745, 30.756, 30.123, 28.831, 26.852, 21.86, 15.171, 13.708, 10.561, 0.0, 11.357, 16.485, 17.728, 20.247, 22.381, 23.447, 25.867, 28.922, 31.038, 31.487, 33.792, 38.087, 39.1, 40.103, 41.549, 42.301, 40.408, 38.751, 39.79, 40.781, 40.971, 40.516, 40.352, 41.137, 41.67, 42.096], [42.235, 42.115, 42.632, 42.19, 40.904, 39.699, 39.521, 39.629, 39.48, 39.237, 39.203, 39.287, 39.558, 40.085, 40.663, 40.791, 37.834, 34.397, 33.48, 32.922, 31.923, 30.468, 26.709, 21.837, 21.104, 19.361, 11.357, 0.0, 7.447, 10.154, 13.209, 16.474, 18.329, 21.184, 24.651, 27.129, 27.832, 30.583, 35.65, 36.831, 37.799, 39.226, 39.913, 38.655, 38.189, 39.654, 40.618, 41.027, 40.864, 40.471, 41.076, 41.735, 42.151], [42.401, 42.279, 42.794, 42.363, 41.155, 40.088, 40.011, 40.205, 40.095, 39.889, 39.901, 40.001, 40.281, 40.824, 41.426, 41.59, 38.927, 35.816, 34.898, 34.367, 33.492, 32.205, 28.834, 24.699, 24.278, 22.825, 16.485, 7.447, 0.0, 5.178, 10.06, 13.992, 16.429, 19.575, 23.193, 25.852, 26.612, 29.39, 34.778, 36.105, 37.076, 38.476, 39.06, 37.986, 37.986, 39.66, 40.623, 41.06, 41.089, 40.739, 41.227, 41.941, 42.33], [42.418, 42.344, 42.907, 42.462, 41.242, 40.122, 39.97, 40.153, 40.069, 39.853, 39.85, 39.95, 40.24, 40.789, 41.398, 41.587, 39.06, 36.113, 35.26, 34.764, 33.921, 32.652, 29.391, 25.485, 25.166, 23.77, 17.728, 10.154, 5.178, 0.0, 6.989, 12.178, 15.216, 18.842, 22.759, 25.542, 26.25, 28.941, 34.353, 35.713, 36.733, 38.17, 38.732, 37.609, 37.626, 39.367, 40.413, 40.936, 41.024, 40.756, 41.301, 42.044, 42.335], [42.26, 42.239, 42.851, 42.391, 41.125, 40.007, 39.859, 40.021, 39.939, 39.709, 39.689, 39.788, 40.1, 40.655, 41.24, 41.428, 39.022, 36.369, 35.681, 35.248, 34.509, 33.376, 30.474, 27.086, 26.865, 25.69, 20.247, 13.209, 10.06, 6.989, 0.0, 7.266, 12.255, 16.781, 21.181, 24.284, 25.022, 27.714, 33.282, 34.669, 35.703, 37.215, 37.731, 36.523, 36.645, 38.556, 39.724, 40.472, 40.801, 40.622, 41.243, 42.14, 42.158], [42.272, 42.256, 42.873, 42.429, 41.132, 39.998, 39.834, 39.953, 39.849, 39.605, 39.611, 39.743, 40.072, 40.629, 41.214, 41.399, 39.06, 36.622, 36.046, 35.695, 35.021, 33.93, 31.223, 28.205, 28.134, 27.1, 22.381, 16.474, 13.992, 12.178, 7.266, 0.0, 7.576, 14.327, 19.536, 22.951, 23.725, 26.562, 32.433, 33.885, 34.926, 36.498, 36.963, 35.621, 35.736, 37.674, 38.87, 39.724, 40.273, 40.308, 40.995, 41.986, 42.167], [41.679, 41.674, 42.343, 41.96, 40.688, 39.564, 39.438, 39.56, 39.462, 39.266, 39.316, 39.462, 39.781, 40.327, 40.955, 41.177, 38.941, 36.73, 36.193, 35.876, 35.236, 34.191, 31.615, 28.797, 28.906, 27.908, 23.447, 18.329, 16.429, 15.216, 12.255, 7.576, 0.0, 8.913, 15.644, 19.749, 20.765, 24.06, 30.611, 32.269, 33.342, 34.964, 35.428, 34.227, 34.655, 36.563, 37.618, 38.39, 38.96, 39.187, 40.0, 41.018, 41.57], [40.802, 40.858, 41.665, 41.358, 40.154, 39.154, 39.174, 39.369, 39.321, 39.269, 39.407, 39.567, 39.899, 40.452, 41.064, 41.306, 39.293, 37.457, 36.963, 36.648, 36.13, 35.244, 32.956, 30.563, 30.838, 29.919, 25.867, 21.184, 19.575, 18.842, 16.781, 14.327, 8.913, 0.0, 8.361, 14.003, 15.573, 19.323, 26.865, 28.982, 30.16, 31.983, 32.608, 31.988, 33.331, 35.31, 36.1, 36.726, 37.249, 37.543, 38.481, 39.597, 40.67], [40.506, 40.567, 41.473, 41.274, 40.189, 39.422, 39.669, 39.917, 39.904, 40.008, 40.225, 40.395, 40.743, 41.31, 41.89, 42.096, 40.304, 38.788, 38.347, 38.089, 37.72, 36.96, 34.955, 33.025, 33.339, 32.501, 28.922, 24.651, 23.193, 22.759, 21.181, 19.536, 15.644, 8.361, 0.0, 7.102, 10.021, 14.652, 23.243, 26.002, 27.144, 29.201, 30.234, 30.499, 32.876, 34.789, 35.19, 35.637, 36.125, 36.401, 37.365, 38.547, 40.383], [40.891, 40.929, 41.87, 41.75, 40.773, 40.238, 40.651, 40.917, 40.923, 41.134, 41.42, 41.596, 41.916, 42.458, 43.016, 43.19, 41.543, 40.141, 39.692, 39.495, 39.195, 38.472, 36.585, 34.869, 35.159, 34.346, 31.038, 27.129, 25.852, 25.542, 24.284, 22.951, 19.749, 14.003, 7.102, 0.0, 5.542, 12.646, 21.857, 25.099, 26.193, 28.376, 30.002, 31.065, 33.865, 35.468, 35.51, 35.746, 36.098, 36.282, 37.24, 38.401, 40.79], [41.087, 41.133, 42.069, 41.946, 40.996, 40.467, 40.838, 41.08, 41.101, 41.339, 41.651, 41.83, 42.13, 42.667, 43.226, 43.408, 41.867, 40.475, 39.982, 39.769, 39.458, 38.745, 36.854, 35.191, 35.512, 34.668, 31.487, 27.832, 26.612, 26.25, 25.022, 23.725, 20.765, 15.573, 10.021, 5.542, 0.0, 9.592, 20.443, 24.11, 25.565, 28.129, 30.095, 31.376, 34.097, 35.538, 35.494, 35.658, 35.971, 36.192, 37.165, 38.335, 40.977], [40.352, 40.454, 41.498, 41.433, 40.554, 40.029, 40.324, 40.537, 40.602, 40.904, 41.26, 41.442, 41.736, 42.307, 42.902, 43.098, 41.972, 41.313, 40.968, 40.776, 40.637, 40.031, 38.369, 37.005, 37.422, 36.599, 33.792, 30.583, 29.39, 28.941, 27.714, 26.562, 24.06, 19.323, 14.652, 12.646, 9.592, 0.0, 13.724, 19.127, 21.306, 24.672, 27.091, 29.095, 32.683, 34.353, 34.283, 34.462, 34.788, 35.018, 36.005, 37.243, 40.195], [40.322, 40.458, 41.571, 41.578, 40.787, 40.302, 40.607, 40.857, 40.972, 41.335, 41.737, 41.911, 42.193, 42.781, 43.356, 43.526, 42.863, 43.139, 43.107, 42.947, 43.001, 42.538, 41.34, 40.491, 40.927, 40.254, 38.087, 35.65, 34.778, 34.353, 33.282, 32.433, 30.611, 26.865, 23.243, 21.857, 20.443, 13.724, 0.0, 8.906, 13.545, 18.55, 22.539, 26.042, 31.274, 33.475, 33.537, 33.885, 34.221, 34.348, 35.312, 36.705, 40.133], [41.118, 41.179, 42.128, 42.056, 41.214, 40.616, 40.826, 41.082, 41.178, 41.464, 41.814, 41.965, 42.252, 42.852, 43.433, 43.622, 42.975, 43.396, 43.447, 43.278, 43.334, 42.901, 41.885, 41.246, 41.658, 41.077, 39.1, 36.831, 36.105, 35.713, 34.669, 33.885, 32.269, 28.982, 26.002, 25.099, 24.11, 19.127, 8.906, 0.0, 8.158, 15.224, 20.337, 24.4, 30.228, 32.856, 33.259, 33.927, 34.452, 34.511, 35.345, 36.802, 40.946], [41.903, 41.852, 42.728, 42.701, 41.943, 41.407, 41.61, 41.85, 41.953, 42.285, 42.652, 42.788, 43.058, 43.663, 44.255, 44.504, 43.898, 44.208, 44.241, 44.134, 44.19, 43.748, 42.786, 42.204, 42.567, 42.024, 40.103, 37.799, 37.076, 36.733, 35.703, 34.926, 33.342, 30.16, 27.144, 26.193, 25.565, 21.306, 13.545, 8.158, 0.0, 9.396, 16.429, 22.287, 29.775, 32.69, 32.92, 33.54, 34.116, 34.035, 34.774, 36.276, 41.778], [42.547, 42.437, 43.259, 43.285, 42.702, 42.3, 42.48, 42.697, 42.817, 43.211, 43.614, 43.737, 43.996, 44.603, 45.152, 45.38, 44.855, 45.097, 45.083, 45.009, 45.102, 44.761, 43.957, 43.482, 43.878, 43.409, 41.549, 39.226, 38.476, 38.17, 37.215, 36.498, 34.964, 31.983, 29.201, 28.376, 28.129, 24.672, 18.55, 15.224, 9.396, 0.0, 10.075, 19.5, 29.316, 32.738, 32.841, 33.284, 33.834, 33.677, 34.291, 35.729, 42.446], [42.521, 42.469, 43.305, 43.316, 42.774, 42.336, 42.478, 42.721, 42.831, 43.184, 43.545, 43.634, 43.883, 44.461, 44.931, 45.113, 44.584, 44.837, 44.83, 44.765, 44.925, 44.756, 44.212, 43.858, 44.36, 44.041, 42.301, 39.913, 39.06, 38.732, 37.731, 36.963, 35.428, 32.608, 30.234, 30.002, 30.095, 27.091, 22.539, 20.337, 16.429, 10.075, 0.0, 13.788, 27.361, 31.674, 31.981, 32.559, 33.308, 33.298, 33.812, 35.179, 42.451], [40.836, 40.942, 41.687, 41.383, 40.466, 39.536, 39.538, 39.787, 39.811, 39.91, 40.084, 40.103, 40.351, 40.922, 41.383, 41.584, 40.88, 41.352, 41.552, 41.504, 41.711, 41.462, 40.963, 40.842, 41.546, 41.502, 40.408, 38.655, 37.986, 37.609, 36.523, 35.621, 34.227, 31.988, 30.499, 31.065, 31.376, 29.095, 26.042, 24.4, 22.287, 19.5, 13.788, 0.0, 17.193, 24.126, 25.846, 27.625, 29.642, 30.855, 32.126, 33.843, 40.769], [40.363, 40.603, 41.147, 40.462, 39.077, 37.528, 37.161, 37.255, 37.155, 36.897, 36.8, 36.758, 37.055, 37.745, 38.403, 38.681, 37.836, 38.558, 38.982, 38.993, 39.226, 38.72, 37.931, 37.987, 38.868, 39.01, 38.751, 38.189, 37.986, 37.626, 36.645, 35.736, 34.655, 33.331, 32.876, 33.865, 34.097, 32.683, 31.274, 30.228, 29.775, 29.316, 27.361, 17.193, 0.0, 11.914, 17.853, 22.199, 26.632, 30.201, 32.72, 34.805, 40.227], [40.856, 41.152, 41.729, 41.067, 39.744, 38.418, 38.095, 38.099, 37.988, 37.808, 37.775, 37.773, 38.091, 38.742, 39.305, 39.594, 39.004, 39.655, 39.981, 40.022, 40.24, 39.776, 38.949, 38.95, 39.702, 39.829, 39.79, 39.654, 39.66, 39.367, 38.556, 37.674, 36.563, 35.31, 34.789, 35.468, 35.538, 34.353, 33.475, 32.856, 32.69, 32.738, 31.674, 24.126, 11.914, 0.0, 10.003, 17.181, 23.817, 29.452, 32.881, 35.258, 40.621], [40.955, 41.239, 41.943, 41.431, 40.267, 39.369, 39.282, 39.293, 39.231, 39.235, 39.35, 39.401, 39.72, 40.313, 40.764, 41.047, 40.6, 41.008, 41.185, 41.228, 41.39, 41.025, 40.261, 40.135, 40.72, 40.841, 40.781, 40.618, 40.623, 40.413, 39.724, 38.87, 37.618, 36.1, 35.19, 35.51, 35.494, 34.283, 33.537, 33.259, 32.92, 32.841, 31.981, 25.846, 17.853, 10.003, 0.0, 9.827, 19.22, 26.683, 30.93, 33.645, 40.686], [40.539, 40.78, 41.573, 41.195, 40.078, 39.397, 39.471, 39.458, 39.428, 39.582, 39.812, 39.905, 40.232, 40.814, 41.236, 41.522, 41.129, 41.382, 41.492, 41.584, 41.708, 41.368, 40.57, 40.304, 40.845, 40.955, 40.971, 41.027, 41.06, 40.936, 40.472, 39.724, 38.39, 36.726, 35.637, 35.746, 35.658, 34.462, 33.885, 33.927, 33.54, 33.284, 32.559, 27.625, 22.199, 17.181, 9.827, 0.0, 12.374, 22.744, 27.865, 30.736, 40.266], [39.559, 39.772, 40.617, 40.381, 39.342, 38.764, 38.988, 38.933, 38.949, 39.272, 39.588, 39.698, 40.016, 40.597, 41.049, 41.322, 40.916, 41.145, 41.188, 41.327, 41.489, 41.118, 40.244, 39.892, 40.47, 40.511, 40.516, 40.864, 41.089, 41.024, 40.801, 40.273, 38.96, 37.249, 36.125, 36.098, 35.971, 34.788, 34.221, 34.452, 34.116, 33.834, 33.308, 29.642, 26.632, 23.817, 19.22, 12.374, 0.0, 14.371, 21.77, 24.75, 39.243], [39.134, 39.364, 40.195, 40.041, 39.211, 38.728, 39.036, 39.008, 39.078, 39.462, 39.779, 39.9, 40.182, 40.703, 41.194, 41.437, 40.939, 41.051, 41.035, 41.118, 41.279, 40.962, 40.19, 39.95, 40.597, 40.577, 40.352, 40.471, 40.739, 40.756, 40.622, 40.308, 39.187, 37.543, 36.401, 36.282, 36.192, 35.018, 34.348, 34.511, 34.035, 33.677, 33.298, 30.855, 30.201, 29.452, 26.683, 22.744, 14.371, 0.0, 10.187, 15.396, 38.935], [39.981, 40.245, 41.063, 40.933, 40.123, 39.534, 39.755, 39.749, 39.831, 40.186, 40.481, 40.613, 40.865, 41.327, 41.847, 42.09, 41.552, 41.623, 41.559, 41.613, 41.806, 41.582, 40.927, 40.798, 41.468, 41.429, 41.137, 41.076, 41.227, 41.301, 41.243, 40.995, 40.0, 38.481, 37.365, 37.24, 37.165, 36.005, 35.312, 35.345, 34.774, 34.291, 33.812, 32.126, 32.72, 32.881, 30.93, 27.865, 21.77, 10.187, 0.0, 9.72, 39.889], [40.585, 40.86, 41.649, 41.569, 40.767, 40.037, 40.207, 40.17, 40.263, 40.649, 40.967, 41.14, 41.394, 41.82, 42.278, 42.491, 41.98, 42.022, 41.899, 41.966, 42.21, 42.018, 41.386, 41.316, 42.005, 41.937, 41.67, 41.735, 41.941, 42.044, 42.14, 41.986, 41.018, 39.597, 38.547, 38.401, 38.335, 37.243, 36.705, 36.802, 36.276, 35.729, 35.179, 33.843, 34.805, 35.258, 33.645, 30.736, 24.75, 15.396, 9.72, 0.0, 40.529], [7.571, 14.373, 22.647, 24.726, 26.224, 30.084, 33.109, 33.762, 34.3, 35.694, 37.12, 37.932, 38.667, 39.962, 41.505, 42.139, 41.702, 41.991, 42.147, 42.277, 42.489, 42.216, 41.618, 41.562, 42.102, 42.089, 42.096, 42.151, 42.33, 42.335, 42.158, 42.167, 41.57, 40.67, 40.383, 40.79, 40.977, 40.195, 40.133, 40.946, 41.778, 42.446, 42.451, 40.769, 40.227, 40.621, 40.686, 40.266, 39.243, 38.935, 39.889, 40.529, 0.0]]