[[0.0, 5.696, 10.03, 13.34, 15.91, 17.807, 19.249, 20.455, 21.775, 23.358, 24.938, 26.259, 27.399, 28.431, 29.541, 30.868, 32.022, 32.63, 32.744, 32.713, 32.865, 33.235, 33.668, 34.021, 34.21, 34.407, 34.86, 35.599, 36.434, 37.06, 37.254, 37.263, 37.578, 38.277, 38.912, 39.324, 39.55, 39.541, 39.316, 39.094, 38.964, 38.822, 38.622, 38.338, 38.049, 37.983, 38.301, 38.919, 39.548, 39.785, 39.75, 39.839, 40.236, 40.777, 41.155, 41.298, 41.211, 41.018, 40.958, 41.147, 41.596, 41.978, 42.065, 41.963, 41.879, 41.922, 42.161, 42.649, 43.146, 43.444, 43.395, 42.831, 41.903, 41.065, 40.532, 40.242, 40.104, 40.03, 40.012, 40.041, 39.992, 39.877, 39.87, 39.937, 39.972, 39.975, 39.872, 39.626, 39.488, 39.697, 40.078, 40.239, 39.899, 39.218, 38.651, 38.458, 38.438, 38.425, 38.405, 38.332, 38.127, 37.879, 37.789, 37.823, 37.782, 37.578, 37.331, 37.288, 37.525, 38.095, 39.004, 39.74, 39.925, 39.811, 39.86, 40.233, 40.644, 40.835, 40.783, 40.559, 40.267, 40.04, 40.031, 40.236, 40.453, 40.555, 40.511, 40.541, 40.842, 41.188, 41.174, 40.866, 40.674, 40.679, 40.611, 40.169, 39.587, 39.271, 39.211, 39.315, 39.516, 39.661, 39.551, 39.273, 39.133, 39.183, 39.235, 39.147, 38.997, 38.923, 38.964, 38.897, 38.546, 38.106, 37.96, 38.1, 38.018, 7.011], [5.696, 0.0, 5.152, 9.604, 12.972, 15.218, 16.834, 18.147, 19.512, 21.117, 22.759, 24.215, 25.551, 26.776, 28.058, 29.563, 30.896, 31.651, 31.845, 31.829, 31.968, 32.345, 32.824, 33.256, 33.559, 33.913, 34.554, 35.503, 36.539, 37.305, 37.555, 37.572, 37.928, 38.736, 39.469, 39.92, 40.157, 40.155, 39.955, 39.768, 39.649, 39.49, 39.28, 39.013, 38.733, 38.631, 38.883, 39.462, 40.081, 40.312, 40.273, 40.346, 40.707, 41.207, 41.554, 41.69, 41.626, 41.465, 41.425, 41.617, 42.053, 42.42, 42.499, 42.393, 42.305, 42.338, 42.562, 43.034, 43.52, 43.801, 43.737, 43.175, 42.27, 41.465, 40.952, 40.671, 40.543, 40.483, 40.474, 40.506, 40.486, 40.425, 40.442, 40.49, 40.504, 40.503, 40.41, 40.181, 40.051, 40.252, 40.618, 40.777, 40.464, 39.842, 39.339, 39.177, 39.155, 39.127, 39.091, 39.01, 38.808, 38.558, 38.442, 38.455, 38.42, 38.239, 38.008, 37.935, 38.095, 38.59, 39.445, 40.156, 40.348, 40.251, 40.301, 40.652, 41.036, 41.215, 41.155, 40.926, 40.638, 40.421, 40.424, 40.634, 40.854, 40.963, 40.923, 40.947, 41.232, 41.57, 41.574, 41.296, 41.126, 41.149, 41.113, 40.729, 40.211, 39.931, 39.868, 39.944, 40.12, 40.266, 40.177, 39.915, 39.772, 39.811, 39.866, 39.79, 39.642, 39.56, 39.6, 39.548, 39.224, 38.793, 38.626, 38.727, 38.638, 11.64], [10.03, 5.152, 0.0, 5.207, 9.518, 12.512, 14.55, 16.009, 17.396, 19.045, 20.781, 22.366, 23.874, 25.302, 26.808, 28.532, 30.037, 30.9, 31.145, 31.138, 31.272, 31.651, 32.154, 32.628, 32.996, 33.438, 34.178, 35.243, 36.411, 37.29, 37.609, 37.651, 38.02, 38.872, 39.674, 40.174, 40.427, 40.429, 40.239, 40.068, 39.96, 39.801, 39.592, 39.337, 39.067, 38.952, 39.169, 39.728, 40.35, 40.587, 40.554, 40.622, 40.962, 41.435, 41.761, 41.89, 41.838, 41.697, 41.672, 41.86, 42.271, 42.615, 42.684, 42.568, 42.465, 42.485, 42.705, 43.18, 43.67, 43.948, 43.88, 43.323, 42.428, 41.635, 41.126, 40.846, 40.726, 40.68, 40.677, 40.708, 40.702, 40.679, 40.722, 40.766, 40.765, 40.753, 40.658, 40.43, 40.301, 40.497, 40.854, 41.016, 40.732, 40.155, 39.691, 39.544, 39.518, 39.48, 39.434, 39.349, 39.153, 38.903, 38.772, 38.773, 38.745, 38.581, 38.36, 38.266, 38.377, 38.823, 39.64, 40.329, 40.523, 40.438, 40.491, 40.828, 41.194, 41.367, 41.301, 41.071, 40.791, 40.589, 40.609, 40.827, 41.053, 41.167, 41.128, 41.151, 41.435, 41.778, 41.798, 41.536, 41.376, 41.408, 41.391, 41.037, 40.548, 40.279, 40.201, 40.252, 40.408, 40.553, 40.473, 40.204, 40.044, 40.077, 40.141, 40.077, 39.935, 39.857, 39.906, 39.877, 39.58, 39.16, 38.987, 39.067, 38.968, 14.758], [13.34, 9.604, 5.207, 0.0, 5.021, 9.11, 12.036, 13.909, 15.397, 17.095, 18.923, 20.618, 22.262, 23.866, 25.591, 27.534, 29.198, 30.154, 30.442, 30.45, 30.596, 30.994, 31.525, 32.031, 32.437, 32.934, 33.738, 34.879, 36.123, 37.066, 37.43, 37.51, 37.919, 38.819, 39.666, 40.191, 40.446, 40.445, 40.255, 40.095, 39.997, 39.843, 39.643, 39.398, 39.143, 39.043, 39.264, 39.828, 40.46, 40.708, 40.684, 40.754, 41.089, 41.557, 41.883, 42.016, 41.972, 41.836, 41.816, 42.003, 42.402, 42.732, 42.792, 42.673, 42.568, 42.584, 42.798, 43.272, 43.764, 44.041, 43.972, 43.42, 42.529, 41.734, 41.217, 40.932, 40.815, 40.777, 40.775, 40.803, 40.794, 40.775, 40.821, 40.862, 40.853, 40.836, 40.738, 40.508, 40.378, 40.568, 40.91, 41.065, 40.799, 40.254, 39.812, 39.667, 39.635, 39.59, 39.538, 39.45, 39.257, 39.007, 38.87, 38.866, 38.838, 38.681, 38.47, 38.382, 38.493, 38.931, 39.727, 40.396, 40.583, 40.501, 40.555, 40.88, 41.231, 41.398, 41.329, 41.103, 40.834, 40.642, 40.667, 40.889, 41.116, 41.228, 41.184, 41.199, 41.478, 41.824, 41.855, 41.601, 41.44, 41.472, 41.465, 41.132, 40.667, 40.408, 40.319, 40.35, 40.496, 40.646, 40.572, 40.298, 40.125, 40.153, 40.224, 40.168, 40.032, 39.958, 40.015, 40.001, 39.723, 39.308, 39.131, 39.206, 39.101, 17.149], [15.91, 12.972, 9.518, 5.021, 0.0, 4.96, 8.968, 11.561, 13.367, 15.169, 17.045, 18.792, 20.526, 22.272, 24.178, 26.308, 28.119, 29.172, 29.51, 29.539, 29.705, 30.134, 30.706, 31.252, 31.701, 32.265, 33.161, 34.394, 35.708, 36.689, 37.074, 37.192, 37.685, 38.682, 39.584, 40.122, 40.371, 40.369, 40.185, 40.037, 39.946, 39.799, 39.608, 39.369, 39.123, 39.039, 39.272, 39.843, 40.48, 40.734, 40.715, 40.785, 41.12, 41.595, 41.936, 42.083, 42.048, 41.912, 41.89, 42.081, 42.482, 42.809, 42.868, 42.758, 42.662, 42.674, 42.874, 43.336, 43.822, 44.096, 44.025, 43.474, 42.584, 41.786, 41.264, 40.976, 40.863, 40.828, 40.828, 40.855, 40.844, 40.82, 40.859, 40.893, 40.885, 40.873, 40.779, 40.553, 40.426, 40.613, 40.94, 41.08, 40.821, 40.295, 39.86, 39.711, 39.673, 39.626, 39.572, 39.483, 39.287, 39.035, 38.892, 38.882, 38.846, 38.683, 38.476, 38.41, 38.551, 39.01, 39.811, 40.475, 40.655, 40.569, 40.617, 40.935, 41.278, 41.439, 41.37, 41.152, 40.894, 40.707, 40.734, 40.957, 41.186, 41.295, 41.246, 41.257, 41.534, 41.884, 41.923, 41.675, 41.515, 41.548, 41.547, 41.226, 40.772, 40.515, 40.418, 40.435, 40.573, 40.727, 40.663, 40.395, 40.223, 40.25, 40.323, 40.271, 40.138, 40.061, 40.115, 40.1, 39.82, 39.394, 39.206, 39.277, 39.174, 19.279], [17.807, 15.218, 12.512, 9.11, 4.96, 0.0, 4.735, 8.179, 10.653, 12.842, 14.84, 16.59, 18.381, 20.261, 22.338, 24.638, 26.586, 27.731, 28.117, 28.166, 28.35, 28.811, 29.426, 30.019, 30.523, 31.176, 32.194, 33.554, 34.973, 36.019, 36.434, 36.584, 37.17, 38.313, 39.326, 39.911, 40.178, 40.19, 40.013, 39.866, 39.77, 39.628, 39.442, 39.196, 38.94, 38.849, 39.08, 39.642, 40.27, 40.521, 40.501, 40.571, 40.906, 41.388, 41.745, 41.91, 41.883, 41.748, 41.727, 41.923, 42.326, 42.658, 42.728, 42.632, 42.542, 42.543, 42.722, 43.174, 43.659, 43.932, 43.858, 43.296, 42.39, 41.584, 41.063, 40.781, 40.672, 40.64, 40.643, 40.677, 40.673, 40.65, 40.684, 40.718, 40.717, 40.714, 40.625, 40.406, 40.291, 40.489, 40.822, 40.962, 40.702, 40.169, 39.712, 39.543, 39.501, 39.46, 39.414, 39.324, 39.12, 38.859, 38.712, 38.696, 38.651, 38.475, 38.262, 38.213, 38.387, 38.885, 39.723, 40.412, 40.599, 40.507, 40.554, 40.878, 41.229, 41.392, 41.326, 41.115, 40.864, 40.682, 40.71, 40.938, 41.172, 41.286, 41.245, 41.271, 41.567, 41.93, 41.975, 41.727, 41.566, 41.601, 41.6, 41.264, 40.782, 40.503, 40.397, 40.407, 40.535, 40.684, 40.622, 40.359, 40.195, 40.231, 40.311, 40.263, 40.129, 40.049, 40.099, 40.072, 39.761, 39.292, 39.075, 39.143, 39.047, 20.969], [19.249, 16.834, 14.55, 12.036, 8.968, 4.735, 0.0, 4.043, 7.378, 10.296, 12.611, 14.382, 16.18, 18.143, 20.352, 22.795, 24.853, 26.063, 26.481, 26.549, 26.753, 27.244, 27.905, 28.55, 29.112, 29.847, 30.967, 32.445, 33.983, 35.123, 35.581, 35.745, 36.382, 37.646, 38.801, 39.478, 39.794, 39.83, 39.66, 39.506, 39.405, 39.277, 39.093, 38.828, 38.549, 38.446, 38.667, 39.214, 39.829, 40.077, 40.058, 40.129, 40.462, 40.947, 41.32, 41.499, 41.479, 41.344, 41.327, 41.528, 41.937, 42.284, 42.376, 42.289, 42.198, 42.188, 42.358, 42.811, 43.302, 43.576, 43.494, 42.907, 41.966, 41.139, 40.617, 40.339, 40.233, 40.204, 40.218, 40.267, 40.272, 40.246, 40.274, 40.311, 40.317, 40.319, 40.234, 40.021, 39.921, 40.142, 40.496, 40.645, 40.375, 39.818, 39.329, 39.143, 39.101, 39.07, 39.037, 38.952, 38.738, 38.465, 38.316, 38.301, 38.252, 38.061, 37.832, 37.784, 37.977, 38.513, 39.404, 40.137, 40.343, 40.255, 40.31, 40.653, 41.025, 41.198, 41.139, 40.934, 40.685, 40.503, 40.535, 40.766, 41.003, 41.122, 41.089, 41.132, 41.447, 41.82, 41.857, 41.59, 41.421, 41.457, 41.449, 41.08, 40.548, 40.236, 40.124, 40.135, 40.252, 40.388, 40.313, 40.042, 39.883, 39.942, 40.038, 39.996, 39.863, 39.786, 39.841, 39.805, 39.461, 38.95, 38.709, 38.774, 38.674, 22.165], [20.455, 18.147, 16.009, 13.909, 11.561, 8.179, 4.043, 0.0, 3.908, 7.571, 10.418, 12.434, 14.333, 16.348, 18.623, 21.178, 23.345, 24.63, 25.092, 25.19, 25.419, 25.945, 26.664, 27.378, 28.011, 28.821, 30.017, 31.577, 33.207, 34.429, 34.93, 35.105, 35.759, 37.092, 38.348, 39.107, 39.471, 39.528, 39.358, 39.195, 39.097, 38.989, 38.811, 38.528, 38.23, 38.118, 38.332, 38.868, 39.476, 39.725, 39.709, 39.781, 40.113, 40.601, 40.986, 41.179, 41.164, 41.031, 41.018, 41.223, 41.636, 41.996, 42.101, 42.015, 41.919, 41.906, 42.079, 42.544, 43.04, 43.309, 43.213, 42.604, 41.638, 40.798, 40.272, 39.99, 39.878, 39.848, 39.875, 39.939, 39.945, 39.906, 39.923, 39.957, 39.963, 39.968, 39.885, 39.677, 39.588, 39.826, 40.2, 40.359, 40.083, 39.514, 39.015, 38.827, 38.79, 38.766, 38.745, 38.667, 38.447, 38.163, 38.015, 38.004, 37.954, 37.753, 37.51, 37.45, 37.646, 38.205, 39.132, 39.899, 40.122, 40.042, 40.107, 40.464, 40.848, 41.029, 40.975, 40.772, 40.523, 40.343, 40.381, 40.616, 40.851, 40.967, 40.932, 40.98, 41.301, 41.671, 41.69, 41.4, 41.219, 41.256, 41.244, 40.85, 40.282, 39.948, 39.837, 39.852, 39.959, 40.076, 39.986, 39.705, 39.551, 39.633, 39.746, 39.707, 39.575, 39.5, 39.561, 39.528, 39.179, 38.659, 38.406, 38.467, 38.355, 23.133], [21.775, 19.512, 17.396, 15.397, 13.367, 10.653, 7.378, 3.908, 0.0, 4.115, 7.607, 10.253, 12.591, 14.784, 17.122, 19.797, 22.13, 23.556, 24.104, 24.243, 24.499, 25.07, 25.881, 26.703, 27.434, 28.337, 29.618, 31.25, 32.943, 34.214, 34.746, 34.944, 35.63, 37.006, 38.303, 39.089, 39.471, 39.539, 39.372, 39.208, 39.118, 39.026, 38.857, 38.572, 38.269, 38.151, 38.361, 38.894, 39.503, 39.755, 39.742, 39.814, 40.142, 40.626, 41.017, 41.222, 41.218, 41.089, 41.073, 41.275, 41.69, 42.051, 42.155, 42.066, 41.966, 41.952, 42.131, 42.6, 43.092, 43.345, 43.232, 42.614, 41.653, 40.823, 40.303, 40.015, 39.894, 39.861, 39.891, 39.957, 39.954, 39.906, 39.914, 39.937, 39.937, 39.942, 39.862, 39.658, 39.574, 39.82, 40.202, 40.367, 40.097, 39.543, 39.064, 38.897, 38.871, 38.849, 38.828, 38.753, 38.531, 38.239, 38.085, 38.072, 38.021, 37.82, 37.572, 37.503, 37.692, 38.252, 39.18, 39.949, 40.177, 40.1, 40.167, 40.52, 40.9, 41.078, 41.023, 40.822, 40.577, 40.401, 40.444, 40.683, 40.92, 41.033, 40.995, 41.041, 41.359, 41.722, 41.731, 41.432, 41.248, 41.286, 41.278, 40.884, 40.314, 39.983, 39.879, 39.893, 39.985, 40.084, 39.983, 39.7, 39.548, 39.637, 39.756, 39.718, 39.584, 39.508, 39.572, 39.547, 39.214, 38.71, 38.459, 38.511, 38.393, 24.314], [23.358, 21.117, 19.045, 17.095, 15.169, 12.842, 10.296, 7.571, 4.115, 0.0, 4.01, 7.547, 10.689, 13.294, 15.771, 18.585, 21.12, 22.728, 23.383, 23.564, 23.84, 24.465, 25.389, 26.342, 27.186, 28.203, 29.598, 31.318, 33.06, 34.355, 34.902, 35.129, 35.867, 37.287, 38.591, 39.365, 39.741, 39.815, 39.664, 39.521, 39.448, 39.363, 39.199, 38.923, 38.627, 38.508, 38.712, 39.244, 39.851, 40.1, 40.087, 40.157, 40.474, 40.946, 41.332, 41.546, 41.557, 41.433, 41.411, 41.608, 42.026, 42.384, 42.48, 42.389, 42.285, 42.27, 42.447, 42.907, 43.38, 43.611, 43.483, 42.874, 41.939, 41.138, 40.63, 40.341, 40.214, 40.179, 40.207, 40.262, 40.25, 40.206, 40.222, 40.238, 40.231, 40.235, 40.16, 39.969, 39.896, 40.142, 40.519, 40.681, 40.422, 39.896, 39.458, 39.329, 39.32, 39.295, 39.269, 39.194, 38.975, 38.677, 38.505, 38.48, 38.429, 38.233, 37.989, 37.915, 38.096, 38.641, 39.542, 40.291, 40.513, 40.435, 40.491, 40.826, 41.191, 41.359, 41.3, 41.101, 40.863, 40.69, 40.731, 40.973, 41.217, 41.336, 41.302, 41.348, 41.659, 42.015, 42.028, 41.74, 41.564, 41.608, 41.607, 41.232, 40.689, 40.381, 40.289, 40.297, 40.366, 40.45, 40.346, 40.065, 39.91, 39.993, 40.112, 40.072, 39.935, 39.856, 39.919, 39.899, 39.585, 39.103, 38.859, 38.898, 38.78, 25.84], [24.938, 22.759, 20.781, 18.923, 17.045, 14.84, 12.611, 10.418, 7.607, 4.01, 0.0, 4.198, 8.181, 11.427, 14.305, 17.399, 20.146, 21.9, 22.635, 22.847, 23.146, 23.824, 24.843, 25.898, 26.839, 27.968, 29.486, 31.301, 33.099, 34.421, 34.982, 35.227, 36.006, 37.479, 38.806, 39.573, 39.94, 40.023, 39.903, 39.804, 39.76, 39.679, 39.512, 39.241, 38.956, 38.84, 39.04, 39.564, 40.16, 40.402, 40.387, 40.453, 40.759, 41.215, 41.593, 41.808, 41.824, 41.704, 41.68, 41.875, 42.293, 42.65, 42.743, 42.65, 42.543, 42.519, 42.686, 43.13, 43.584, 43.799, 43.667, 43.073, 42.164, 41.387, 40.891, 40.603, 40.476, 40.443, 40.471, 40.522, 40.51, 40.477, 40.509, 40.53, 40.519, 40.521, 40.457, 40.29, 40.237, 40.483, 40.849, 41.004, 40.755, 40.252, 39.847, 39.751, 39.758, 39.734, 39.704, 39.632, 39.417, 39.111, 38.916, 38.874, 38.821, 38.631, 38.393, 38.317, 38.486, 39.01, 39.882, 40.614, 40.834, 40.753, 40.794, 41.111, 41.469, 41.633, 41.569, 41.369, 41.135, 40.962, 41.0, 41.244, 41.497, 41.628, 41.603, 41.654, 41.963, 42.316, 42.337, 42.068, 41.904, 41.953, 41.959, 41.603, 41.087, 40.803, 40.723, 40.722, 40.769, 40.842, 40.741, 40.461, 40.294, 40.364, 40.482, 40.444, 40.309, 40.232, 40.295, 40.278, 39.971, 39.495, 39.25, 39.274, 39.159, 27.336], [26.259, 24.215, 22.366, 20.618, 18.792, 16.59, 14.382, 12.434, 10.253, 7.547, 4.198, 0.0, 4.499, 8.545, 12.306, 16.056, 19.117, 20.981, 21.75, 21.983, 22.318, 23.052, 24.133, 25.246, 26.252, 27.477, 29.103, 31.01, 32.88, 34.258, 34.847, 35.093, 35.875, 37.389, 38.766, 39.552, 39.92, 40.014, 39.93, 39.883, 39.879, 39.81, 39.641, 39.365, 39.085, 38.978, 39.183, 39.698, 40.275, 40.509, 40.496, 40.56, 40.854, 41.294, 41.657, 41.859, 41.863, 41.74, 41.724, 41.922, 42.333, 42.685, 42.781, 42.69, 42.575, 42.539, 42.695, 43.125, 43.566, 43.773, 43.646, 43.065, 42.171, 41.406, 40.915, 40.628, 40.5, 40.471, 40.51, 40.575, 40.575, 40.554, 40.603, 40.636, 40.623, 40.623, 40.572, 40.437, 40.412, 40.667, 41.029, 41.185, 40.947, 40.459, 40.066, 39.983, 40.001, 39.982, 39.956, 39.888, 39.676, 39.36, 39.143, 39.083, 39.027, 38.84, 38.609, 38.527, 38.67, 39.161, 40.011, 40.742, 40.972, 40.892, 40.918, 41.224, 41.588, 41.757, 41.693, 41.493, 41.261, 41.086, 41.122, 41.367, 41.627, 41.766, 41.75, 41.807, 42.115, 42.463, 42.488, 42.228, 42.071, 42.121, 42.129, 41.787, 41.292, 41.022, 40.947, 40.938, 40.972, 41.043, 40.948, 40.665, 40.479, 40.532, 40.648, 40.619, 40.497, 40.43, 40.501, 40.49, 40.186, 39.707, 39.453, 39.466, 39.352, 28.493], [27.399, 25.551, 23.874, 22.262, 20.526, 18.381, 16.18, 14.333, 12.591, 10.689, 8.181, 4.499, 0.0, 4.708, 9.611, 14.327, 17.876, 19.912, 20.728, 20.992, 21.381, 22.181, 23.328, 24.493, 25.556, 26.865, 28.594, 30.599, 32.557, 34.007, 34.634, 34.879, 35.646, 37.18, 38.604, 39.42, 39.797, 39.908, 39.862, 39.866, 39.907, 39.868, 39.709, 39.427, 39.141, 39.045, 39.267, 39.783, 40.346, 40.575, 40.568, 40.634, 40.918, 41.339, 41.683, 41.865, 41.85, 41.722, 41.716, 41.92, 42.328, 42.679, 42.784, 42.696, 42.573, 42.528, 42.672, 43.087, 43.517, 43.722, 43.602, 43.029, 42.141, 41.379, 40.889, 40.599, 40.463, 40.431, 40.482, 40.569, 40.586, 40.576, 40.641, 40.687, 40.677, 40.678, 40.641, 40.538, 40.553, 40.833, 41.204, 41.363, 41.129, 40.644, 40.25, 40.169, 40.192, 40.178, 40.158, 40.097, 39.888, 39.567, 39.337, 39.266, 39.206, 39.02, 38.789, 38.695, 38.809, 39.264, 40.097, 40.836, 41.082, 41.005, 41.022, 41.323, 41.697, 41.875, 41.818, 41.622, 41.391, 41.215, 41.249, 41.492, 41.751, 41.892, 41.876, 41.934, 42.239, 42.58, 42.598, 42.334, 42.175, 42.221, 42.231, 41.903, 41.427, 41.165, 41.088, 41.074, 41.102, 41.174, 41.087, 40.806, 40.609, 40.646, 40.755, 40.737, 40.633, 40.579, 40.659, 40.656, 40.357, 39.876, 39.611, 39.612, 39.493, 29.424], [28.431, 26.776, 25.302, 23.866, 22.272, 20.261, 18.143, 16.348, 14.784, 13.294, 11.427, 8.545, 4.708, 0.0, 5.655, 11.274, 15.477, 17.879, 18.856, 19.194, 19.654, 20.559, 21.838, 23.129, 24.294, 25.718, 27.591, 29.738, 31.815, 33.347, 34.009, 34.265, 35.061, 36.653, 38.137, 38.998, 39.404, 39.546, 39.536, 39.581, 39.668, 39.675, 39.542, 39.261, 38.964, 38.874, 39.128, 39.674, 40.247, 40.484, 40.483, 40.553, 40.838, 41.257, 41.598, 41.774, 41.748, 41.61, 41.602, 41.814, 42.242, 42.624, 42.749, 42.666, 42.544, 42.493, 42.629, 43.035, 43.457, 43.664, 43.545, 42.964, 42.063, 41.286, 40.786, 40.486, 40.334, 40.288, 40.339, 40.435, 40.462, 40.46, 40.53, 40.578, 40.573, 40.581, 40.557, 40.477, 40.529, 40.846, 41.241, 41.399, 41.139, 40.618, 40.191, 40.092, 40.116, 40.108, 40.097, 40.047, 39.839, 39.513, 39.279, 39.206, 39.144, 38.948, 38.7, 38.59, 38.699, 39.17, 40.033, 40.801, 41.06, 40.983, 41.0, 41.312, 41.705, 41.897, 41.851, 41.658, 41.423, 41.242, 41.272, 41.512, 41.767, 41.903, 41.882, 41.944, 42.26, 42.604, 42.605, 42.316, 42.142, 42.187, 42.199, 41.87, 41.385, 41.108, 41.026, 41.018, 41.047, 41.113, 41.024, 40.747, 40.559, 40.598, 40.705, 40.692, 40.598, 40.552, 40.637, 40.629, 40.313, 39.81, 39.522, 39.505, 39.371, 30.269], [29.541, 28.058, 26.808, 25.591, 24.178, 22.338, 20.352, 18.623, 17.122, 15.771, 14.305, 12.306, 9.611, 5.655, 0.0, 6.162, 11.101, 14.126, 15.481, 15.988, 16.546, 17.607, 19.138, 20.691, 22.065, 23.682, 25.769, 28.111, 30.335, 31.953, 32.643, 32.933, 33.842, 35.593, 37.195, 38.136, 38.6, 38.789, 38.813, 38.887, 39.023, 39.092, 38.996, 38.721, 38.417, 38.333, 38.63, 39.235, 39.856, 40.121, 40.124, 40.197, 40.499, 40.945, 41.311, 41.502, 41.474, 41.323, 41.3, 41.519, 41.995, 42.44, 42.599, 42.527, 42.413, 42.362, 42.494, 42.9, 43.32, 43.528, 43.402, 42.795, 41.856, 41.043, 40.518, 40.199, 40.03, 39.967, 40.004, 40.094, 40.12, 40.112, 40.171, 40.205, 40.201, 40.218, 40.198, 40.12, 40.183, 40.534, 40.963, 41.119, 40.806, 40.203, 39.702, 39.566, 39.587, 39.589, 39.597, 39.566, 39.364, 39.031, 38.799, 38.728, 38.657, 38.435, 38.147, 38.017, 38.155, 38.707, 39.662, 40.49, 40.763, 40.679, 40.706, 41.053, 41.484, 41.699, 41.66, 41.461, 41.215, 41.027, 41.057, 41.299, 41.553, 41.683, 41.658, 41.737, 42.086, 42.445, 42.424, 42.095, 41.896, 41.941, 41.955, 41.595, 41.05, 40.727, 40.64, 40.648, 40.68, 40.73, 40.618, 40.338, 40.182, 40.257, 40.373, 40.352, 40.254, 40.211, 40.294, 40.264, 39.9, 39.344, 39.023, 38.994, 38.836, 31.239], [30.868, 29.563, 28.532, 27.534, 26.308, 24.638, 22.795, 21.178, 19.797, 18.585, 17.399, 16.056, 14.327, 11.274, 6.162, 0.0, 5.459, 9.198, 11.145, 11.991, 12.702, 13.929, 15.77, 17.688, 19.366, 21.233, 23.541, 26.048, 28.384, 30.066, 30.78, 31.124, 32.21, 34.205, 35.991, 37.054, 37.603, 37.849, 37.904, 38.007, 38.206, 38.348, 38.295, 38.037, 37.744, 37.679, 38.016, 38.678, 39.359, 39.663, 39.674, 39.75, 40.074, 40.559, 40.961, 41.173, 41.152, 40.99, 40.95, 41.172, 41.688, 42.192, 42.381, 42.315, 42.207, 42.157, 42.286, 42.698, 43.125, 43.338, 43.205, 42.569, 41.586, 40.732, 40.179, 39.844, 39.664, 39.587, 39.612, 39.696, 39.716, 39.692, 39.729, 39.741, 39.727, 39.747, 39.725, 39.632, 39.675, 40.03, 40.489, 40.652, 40.293, 39.608, 39.029, 38.851, 38.868, 38.886, 38.916, 38.91, 38.724, 38.399, 38.178, 38.113, 38.024, 37.762, 37.428, 37.275, 37.434, 38.063, 39.114, 40.003, 40.29, 40.201, 40.244, 40.638, 41.118, 41.36, 41.323, 41.111, 40.854, 40.665, 40.702, 40.952, 41.209, 41.336, 41.318, 41.422, 41.804, 42.177, 42.135, 41.767, 41.545, 41.591, 41.601, 41.194, 40.57, 40.191, 40.099, 40.126, 40.161, 40.19, 40.048, 39.765, 39.654, 39.784, 39.911, 39.876, 39.767, 39.724, 39.8, 39.739, 39.321, 38.714, 38.372, 38.353, 38.178, 32.42], [32.022, 30.896, 30.037, 29.198, 28.119, 26.586, 24.853, 23.345, 22.13, 21.12, 20.146, 19.117, 17.876, 15.477, 11.101, 5.459, 0.0, 4.199, 6.793, 8.185, 9.199, 10.577, 12.647, 14.877, 16.844, 18.944, 21.399, 23.977, 26.361, 28.088, 28.833, 29.237, 30.486, 32.722, 34.718, 35.926, 36.571, 36.878, 36.968, 37.107, 37.373, 37.588, 37.578, 37.343, 37.079, 37.051, 37.42, 38.114, 38.838, 39.178, 39.205, 39.289, 39.632, 40.147, 40.578, 40.809, 40.794, 40.628, 40.578, 40.794, 41.323, 41.856, 42.061, 41.992, 41.883, 41.831, 41.966, 42.394, 42.84, 43.07, 42.939, 42.282, 41.259, 40.364, 39.789, 39.447, 39.262, 39.178, 39.201, 39.292, 39.312, 39.274, 39.294, 39.287, 39.259, 39.275, 39.25, 39.138, 39.148, 39.487, 39.958, 40.129, 39.743, 39.005, 38.37, 38.162, 38.18, 38.213, 38.262, 38.273, 38.1, 37.79, 37.589, 37.532, 37.424, 37.128, 36.761, 36.588, 36.743, 37.404, 38.515, 39.45, 39.75, 39.66, 39.722, 40.162, 40.687, 40.947, 40.904, 40.678, 40.414, 40.228, 40.275, 40.537, 40.799, 40.93, 40.921, 41.043, 41.443, 41.818, 41.757, 41.362, 41.126, 41.169, 41.17, 40.724, 40.038, 39.62, 39.526, 39.57, 39.615, 39.634, 39.475, 39.193, 39.123, 39.3, 39.438, 39.391, 39.277, 39.232, 39.298, 39.21, 38.751, 38.108, 37.763, 37.768, 37.591, 33.389], [32.63, 31.651, 30.9, 30.154, 29.172, 27.731, 26.063, 24.63, 23.556, 22.728, 21.9, 20.981, 19.912, 17.879, 14.126, 9.198, 4.199, 0.0, 3.03, 5.073, 6.625, 8.25, 10.438, 12.793, 14.907, 17.155, 19.691, 22.29, 24.708, 26.501, 27.302, 27.75, 29.081, 31.458, 33.61, 34.94, 35.665, 36.022, 36.144, 36.314, 36.63, 36.894, 36.913, 36.693, 36.456, 36.471, 36.871, 37.585, 38.331, 38.696, 38.743, 38.842, 39.202, 39.74, 40.188, 40.43, 40.418, 40.25, 40.199, 40.41, 40.937, 41.484, 41.701, 41.627, 41.507, 41.454, 41.602, 42.058, 42.533, 42.788, 42.667, 41.997, 40.935, 39.998, 39.402, 39.053, 38.866, 38.778, 38.803, 38.903, 38.925, 38.88, 38.892, 38.874, 38.833, 38.846, 38.819, 38.693, 38.68, 39.006, 39.483, 39.659, 39.256, 38.479, 37.8, 37.574, 37.596, 37.642, 37.703, 37.719, 37.543, 37.234, 37.043, 36.991, 36.872, 36.559, 36.178, 35.995, 36.147, 36.826, 37.978, 38.947, 39.26, 39.173, 39.252, 39.728, 40.288, 40.557, 40.501, 40.259, 39.988, 39.802, 39.855, 40.126, 40.394, 40.528, 40.522, 40.649, 41.057, 41.435, 41.363, 40.953, 40.706, 40.745, 40.738, 40.267, 39.542, 39.102, 39.008, 39.068, 39.127, 39.148, 38.982, 38.698, 38.65, 38.859, 39.005, 38.957, 38.846, 38.806, 38.871, 38.77, 38.283, 37.612, 37.262, 37.287, 37.108, 33.822], [32.744, 31.845, 31.145, 30.442, 29.51, 28.117, 26.481, 25.092, 24.104, 23.383, 22.635, 21.75, 20.728, 18.856, 15.481, 11.145, 6.793, 3.03, 0.0, 2.503, 4.683, 6.792, 9.215, 11.621, 13.737, 16.02, 18.594, 21.222, 23.698, 25.573, 26.436, 26.906, 28.242, 30.66, 32.884, 34.282, 35.052, 35.44, 35.584, 35.771, 36.104, 36.386, 36.415, 36.193, 35.962, 36.001, 36.425, 37.154, 37.912, 38.291, 38.355, 38.471, 38.851, 39.406, 39.867, 40.114, 40.1, 39.932, 39.886, 40.096, 40.619, 41.176, 41.406, 41.33, 41.2, 41.145, 41.305, 41.787, 42.288, 42.564, 42.453, 41.773, 40.68, 39.706, 39.088, 38.732, 38.543, 38.454, 38.48, 38.585, 38.61, 38.561, 38.567, 38.538, 38.486, 38.495, 38.466, 38.331, 38.309, 38.639, 39.129, 39.312, 38.897, 38.089, 37.379, 37.141, 37.166, 37.218, 37.287, 37.301, 37.112, 36.789, 36.59, 36.534, 36.41, 36.09, 35.706, 35.525, 35.687, 36.389, 37.575, 38.572, 38.895, 38.813, 38.904, 39.403, 39.984, 40.257, 40.192, 39.936, 39.656, 39.464, 39.516, 39.792, 40.062, 40.195, 40.184, 40.308, 40.72, 41.108, 41.038, 40.621, 40.369, 40.407, 40.397, 39.913, 39.169, 38.716, 38.624, 38.694, 38.763, 38.788, 38.617, 38.327, 38.285, 38.509, 38.66, 38.615, 38.512, 38.484, 38.557, 38.457, 37.958, 37.268, 36.907, 36.937, 36.755, 33.833], [32.713, 31.829, 31.138, 30.45, 29.539, 28.166, 26.549, 25.19, 24.243, 23.564, 22.847, 21.983, 20.992, 19.194, 15.988, 11.991, 8.185, 5.073, 2.503, 0.0, 2.598, 5.342, 8.297, 10.94, 13.077, 15.338, 17.934, 20.616, 23.161, 25.097, 25.996, 26.474, 27.812, 30.255, 32.519, 33.951, 34.745, 35.153, 35.316, 35.513, 35.849, 36.135, 36.164, 35.935, 35.698, 35.736, 36.166, 36.902, 37.668, 38.055, 38.131, 38.261, 38.654, 39.22, 39.687, 39.934, 39.918, 39.749, 39.709, 39.918, 40.435, 40.994, 41.231, 41.157, 41.022, 40.963, 41.126, 41.62, 42.132, 42.416, 42.309, 41.625, 40.518, 39.525, 38.895, 38.533, 38.344, 38.258, 38.288, 38.398, 38.429, 38.383, 38.385, 38.344, 38.278, 38.28, 38.25, 38.112, 38.087, 38.425, 38.932, 39.123, 38.7, 37.877, 37.152, 36.91, 36.935, 36.988, 37.059, 37.075, 36.88, 36.542, 36.33, 36.264, 36.132, 35.808, 35.423, 35.25, 35.427, 36.147, 37.351, 38.362, 38.691, 38.612, 38.709, 39.216, 39.804, 40.078, 40.01, 39.749, 39.462, 39.262, 39.312, 39.59, 39.861, 39.99, 39.973, 40.091, 40.507, 40.905, 40.842, 40.427, 40.175, 40.214, 40.204, 39.719, 38.974, 38.518, 38.428, 38.503, 38.575, 38.599, 38.425, 38.13, 38.087, 38.313, 38.466, 38.422, 38.324, 38.303, 38.384, 38.29, 37.791, 37.095, 36.726, 36.755, 36.574, 33.77], [32.865, 31.968, 31.272, 30.596, 29.705, 28.35, 26.753, 25.419, 24.499, 23.84, 23.146, 22.318, 21.381, 19.654, 16.546, 12.702, 9.199, 6.625, 4.683, 2.598, 0.0, 3.206, 6.792, 9.897, 12.248, 14.592, 17.278, 20.062, 22.697, 24.688, 25.608, 26.101, 27.479, 29.993, 32.325, 33.802, 34.623, 35.055, 35.237, 35.451, 35.801, 36.101, 36.14, 35.912, 35.67, 35.699, 36.121, 36.856, 37.625, 38.018, 38.1, 38.233, 38.627, 39.194, 39.66, 39.904, 39.887, 39.72, 39.681, 39.887, 40.394, 40.944, 41.179, 41.105, 40.971, 40.911, 41.075, 41.568, 42.078, 42.36, 42.253, 41.572, 40.467, 39.475, 38.846, 38.484, 38.296, 38.214, 38.25, 38.368, 38.41, 38.376, 38.379, 38.329, 38.249, 38.242, 38.212, 38.077, 38.052, 38.394, 38.908, 39.1, 38.673, 37.847, 37.125, 36.885, 36.909, 36.961, 37.034, 37.059, 36.871, 36.531, 36.31, 36.233, 36.093, 35.763, 35.38, 35.213, 35.392, 36.11, 37.311, 38.32, 38.649, 38.569, 38.664, 39.17, 39.755, 40.03, 39.964, 39.705, 39.417, 39.218, 39.268, 39.547, 39.817, 39.942, 39.922, 40.038, 40.452, 40.852, 40.794, 40.386, 40.14, 40.18, 40.17, 39.691, 38.955, 38.506, 38.419, 38.496, 38.567, 38.587, 38.413, 38.12, 38.075, 38.297, 38.445, 38.398, 38.297, 38.275, 38.356, 38.265, 37.776, 37.087, 36.718, 36.742, 36.567, 33.913], [33.235, 32.345, 31.651, 30.994, 30.134, 28.811, 27.244, 25.945, 25.07, 24.465, 23.824, 23.052, 22.181, 20.559, 17.607, 13.929, 10.577, 8.25, 6.792, 5.342, 3.206, 0.0, 3.994, 7.634, 10.459, 13.195, 16.176, 19.167, 21.951, 24.04, 25.007, 25.525, 26.956, 29.577, 32.022, 33.574, 34.442, 34.902, 35.103, 35.338, 35.722, 36.06, 36.124, 35.91, 35.675, 35.704, 36.12, 36.851, 37.624, 38.024, 38.109, 38.241, 38.628, 39.19, 39.655, 39.899, 39.887, 39.724, 39.685, 39.885, 40.378, 40.912, 41.14, 41.065, 40.931, 40.873, 41.041, 41.536, 42.049, 42.334, 42.231, 41.554, 40.455, 39.47, 38.846, 38.488, 38.302, 38.223, 38.261, 38.385, 38.443, 38.425, 38.437, 38.383, 38.293, 38.281, 38.254, 38.123, 38.101, 38.441, 38.946, 39.128, 38.693, 37.868, 37.146, 36.902, 36.927, 36.984, 37.066, 37.103, 36.926, 36.591, 36.366, 36.281, 36.135, 35.807, 35.429, 35.261, 35.423, 36.12, 37.307, 38.311, 38.638, 38.555, 38.646, 39.15, 39.736, 40.01, 39.945, 39.689, 39.408, 39.213, 39.263, 39.538, 39.804, 39.928, 39.908, 40.022, 40.431, 40.823, 40.765, 40.365, 40.125, 40.166, 40.158, 39.686, 38.961, 38.521, 38.441, 38.521, 38.591, 38.61, 38.444, 38.163, 38.122, 38.337, 38.476, 38.42, 38.311, 38.283, 38.358, 38.267, 37.789, 37.111, 36.742, 36.76, 36.59, 34.249], [33.668, 32.824, 32.154, 31.525, 30.706, 29.426, 27.905, 26.664, 25.881, 25.389, 24.843, 24.133, 23.328, 21.838, 19.138, 15.77, 12.647, 10.438, 9.215, 8.297, 6.792, 3.994, 0.0, 4.031, 7.542, 11.079, 14.644, 17.975, 20.979, 23.225, 24.277, 24.821, 26.27, 28.968, 31.525, 33.167, 34.089, 34.575, 34.788, 35.04, 35.465, 35.85, 35.947, 35.755, 35.538, 35.584, 36.011, 36.749, 37.529, 37.937, 38.027, 38.158, 38.542, 39.104, 39.571, 39.822, 39.821, 39.669, 39.634, 39.829, 40.305, 40.824, 41.046, 40.965, 40.826, 40.768, 40.943, 41.452, 41.982, 42.286, 42.195, 41.519, 40.418, 39.43, 38.809, 38.458, 38.275, 38.194, 38.227, 38.355, 38.424, 38.416, 38.431, 38.377, 38.285, 38.274, 38.248, 38.119, 38.098, 38.431, 38.919, 39.078, 38.626, 37.793, 37.058, 36.801, 36.826, 36.895, 36.99, 37.036, 36.864, 36.534, 36.314, 36.229, 36.087, 35.77, 35.403, 35.228, 35.365, 36.039, 37.22, 38.227, 38.555, 38.469, 38.557, 39.065, 39.657, 39.927, 39.856, 39.6, 39.325, 39.134, 39.175, 39.437, 39.697, 39.822, 39.804, 39.917, 40.321, 40.704, 40.64, 40.244, 40.009, 40.05, 40.043, 39.578, 38.857, 38.423, 38.356, 38.448, 38.525, 38.553, 38.406, 38.145, 38.117, 38.332, 38.457, 38.389, 38.271, 38.232, 38.298, 38.205, 37.728, 37.046, 36.664, 36.674, 36.509, 34.6], [34.021, 33.256, 32.628, 32.031, 31.252, 30.019, 28.55, 27.378, 26.703, 26.342, 25.898, 25.246, 24.493, 23.129, 20.691, 17.688, 14.877, 12.793, 11.621, 10.94, 9.897, 7.634, 4.031, 0.0, 4.106, 8.597, 12.91, 16.704, 19.993, 22.427, 23.59, 24.164, 25.586, 28.29, 30.919, 32.635, 33.6, 34.101, 34.314, 34.576, 35.031, 35.452, 35.574, 35.397, 35.196, 35.269, 35.724, 36.485, 37.282, 37.699, 37.795, 37.929, 38.32, 38.894, 39.374, 39.636, 39.65, 39.517, 39.495, 39.693, 40.162, 40.675, 40.899, 40.813, 40.666, 40.605, 40.79, 41.324, 41.883, 42.213, 42.131, 41.449, 40.332, 39.326, 38.697, 38.346, 38.162, 38.075, 38.103, 38.235, 38.309, 38.298, 38.304, 38.249, 38.162, 38.153, 38.126, 37.991, 37.963, 38.291, 38.764, 38.902, 38.429, 37.576, 36.816, 36.537, 36.563, 36.649, 36.755, 36.799, 36.62, 36.294, 36.083, 36.007, 35.875, 35.574, 35.218, 35.041, 35.17, 35.843, 37.038, 38.06, 38.39, 38.297, 38.38, 38.893, 39.493, 39.76, 39.681, 39.422, 39.149, 38.955, 38.982, 39.227, 39.481, 39.608, 39.594, 39.71, 40.118, 40.497, 40.422, 40.019, 39.784, 39.824, 39.814, 39.343, 38.612, 38.178, 38.124, 38.235, 38.329, 38.372, 38.242, 38.0, 37.991, 38.211, 38.325, 38.244, 38.118, 38.071, 38.13, 38.031, 37.539, 36.831, 36.423, 36.428, 36.268, 34.833], [34.21, 33.559, 32.996, 32.437, 31.701, 30.523, 29.112, 28.011, 27.434, 27.186, 26.839, 26.252, 25.556, 24.294, 22.065, 19.366, 16.844, 14.907, 13.737, 13.077, 12.248, 10.459, 7.542, 4.106, 0.0, 5.095, 10.176, 14.648, 18.41, 21.11, 22.406, 23.042, 24.471, 27.195, 29.895, 31.693, 32.707, 33.224, 33.44, 33.716, 34.206, 34.669, 34.813, 34.641, 34.452, 34.56, 35.065, 35.874, 36.707, 37.141, 37.243, 37.386, 37.797, 38.4, 38.902, 39.177, 39.199, 39.079, 39.079, 39.299, 39.785, 40.312, 40.544, 40.455, 40.303, 40.244, 40.445, 41.008, 41.601, 41.955, 41.878, 41.178, 40.025, 38.979, 38.325, 37.961, 37.764, 37.668, 37.696, 37.838, 37.92, 37.906, 37.909, 37.856, 37.773, 37.767, 37.737, 37.588, 37.548, 37.876, 38.356, 38.489, 37.991, 37.093, 36.28, 35.97, 35.998, 36.1, 36.216, 36.25, 36.053, 35.719, 35.516, 35.453, 35.331, 35.037, 34.687, 34.523, 34.687, 35.413, 36.662, 37.713, 38.042, 37.935, 38.008, 38.523, 39.128, 39.397, 39.317, 39.054, 38.774, 38.571, 38.59, 38.83, 39.082, 39.211, 39.2, 39.322, 39.746, 40.131, 40.039, 39.614, 39.37, 39.41, 39.39, 38.887, 38.109, 37.651, 37.603, 37.735, 37.85, 37.9, 37.764, 37.519, 37.521, 37.75, 37.854, 37.761, 37.628, 37.574, 37.624, 37.515, 36.997, 36.254, 35.825, 35.839, 35.685, 34.857], [34.407, 33.913, 33.438, 32.934, 32.265, 31.176, 29.847, 28.821, 28.337, 28.203, 27.968, 27.477, 26.865, 25.718, 23.682, 21.233, 18.944, 17.155, 16.02, 15.338, 14.592, 13.195, 11.079, 8.597, 5.095, 0.0, 5.674, 11.022, 15.562, 18.728, 20.228, 20.965, 22.492, 25.345, 28.195, 30.132, 31.238, 31.799, 32.037, 32.359, 32.933, 33.485, 33.681, 33.523, 33.351, 33.513, 34.098, 34.988, 35.88, 36.341, 36.452, 36.608, 37.056, 37.705, 38.241, 38.524, 38.539, 38.414, 38.432, 38.69, 39.221, 39.784, 40.029, 39.936, 39.786, 39.741, 39.965, 40.561, 41.189, 41.57, 41.5, 40.777, 39.571, 38.466, 37.776, 37.39, 37.176, 37.067, 37.095, 37.248, 37.341, 37.334, 37.344, 37.293, 37.21, 37.205, 37.167, 36.99, 36.922, 37.253, 37.759, 37.906, 37.381, 36.409, 35.499, 35.129, 35.154, 35.276, 35.407, 35.439, 35.222, 34.872, 34.682, 34.639, 34.523, 34.222, 33.866, 33.73, 33.969, 34.794, 36.13, 37.224, 37.55, 37.423, 37.491, 38.015, 38.632, 38.91, 38.833, 38.564, 38.274, 38.068, 38.095, 38.348, 38.608, 38.74, 38.728, 38.857, 39.302, 39.701, 39.591, 39.136, 38.877, 38.913, 38.871, 38.303, 37.439, 36.917, 36.854, 37.009, 37.146, 37.186, 37.011, 36.73, 36.722, 36.957, 37.048, 36.94, 36.797, 36.732, 36.772, 36.648, 36.1, 35.324, 34.891, 34.933, 34.792, 34.816], [34.86, 34.554, 34.178, 33.738, 33.161, 32.194, 30.967, 30.017, 29.618, 29.598, 29.486, 29.103, 28.594, 27.591, 25.769, 23.541, 21.399, 19.691, 18.594, 17.934, 17.278, 16.176, 14.644, 12.91, 10.176, 5.674, 0.0, 5.985, 11.426, 15.302, 17.172, 18.075, 19.764, 22.857, 25.97, 28.148, 29.422, 30.069, 30.35, 30.746, 31.455, 32.142, 32.429, 32.315, 32.185, 32.423, 33.112, 34.105, 35.072, 35.569, 35.692, 35.87, 36.367, 37.084, 37.669, 37.97, 37.971, 37.824, 37.844, 38.143, 38.734, 39.341, 39.603, 39.511, 39.365, 39.329, 39.569, 40.197, 40.861, 41.274, 41.218, 40.478, 39.223, 38.064, 37.347, 36.954, 36.734, 36.608, 36.627, 36.78, 36.875, 36.868, 36.881, 36.832, 36.748, 36.738, 36.68, 36.456, 36.339, 36.658, 37.189, 37.36, 36.815, 35.768, 34.752, 34.312, 34.329, 34.472, 34.625, 34.667, 34.444, 34.091, 33.926, 33.914, 33.804, 33.486, 33.114, 32.999, 33.307, 34.22, 35.633, 36.761, 37.081, 36.94, 37.016, 37.567, 38.205, 38.496, 38.422, 38.148, 37.853, 37.653, 37.702, 37.982, 38.263, 38.407, 38.398, 38.531, 38.989, 39.399, 39.274, 38.791, 38.516, 38.547, 38.48, 37.845, 36.888, 36.286, 36.192, 36.363, 36.52, 36.541, 36.315, 35.983, 35.958, 36.199, 36.28, 36.155, 36.0, 35.924, 35.953, 35.817, 35.242, 34.441, 34.015, 34.091, 33.962, 34.97], [35.599, 35.503, 35.243, 34.879, 34.394, 33.554, 32.445, 31.577, 31.25, 31.318, 31.301, 31.01, 30.599, 29.738, 28.111, 26.048, 23.977, 22.29, 21.222, 20.616, 20.062, 19.167, 17.975, 16.704, 14.648, 11.022, 5.985, 0.0, 6.066, 10.76, 13.276, 14.592, 16.577, 19.966, 23.409, 25.922, 27.448, 28.227, 28.569, 29.056, 29.918, 30.758, 31.172, 31.146, 31.09, 31.418, 32.217, 33.327, 34.385, 34.932, 35.073, 35.274, 35.827, 36.621, 37.268, 37.6, 37.602, 37.43, 37.433, 37.762, 38.415, 39.071, 39.358, 39.28, 39.14, 39.093, 39.32, 39.954, 40.643, 41.085, 41.045, 40.3, 39.023, 37.831, 37.097, 36.712, 36.498, 36.361, 36.359, 36.499, 36.578, 36.553, 36.561, 36.518, 36.435, 36.416, 36.328, 36.054, 35.886, 36.183, 36.725, 36.913, 36.36, 35.27, 34.2, 33.725, 33.738, 33.892, 34.058, 34.11, 33.89, 33.548, 33.424, 33.459, 33.368, 33.037, 32.639, 32.52, 32.862, 33.824, 35.272, 36.407, 36.716, 36.568, 36.661, 37.243, 37.901, 38.2, 38.127, 37.856, 37.566, 37.372, 37.434, 37.74, 38.052, 38.219, 38.22, 38.356, 38.815, 39.22, 39.076, 38.57, 38.284, 38.313, 38.234, 37.554, 36.528, 35.865, 35.755, 35.943, 36.108, 36.103, 35.838, 35.48, 35.464, 35.727, 35.808, 35.667, 35.494, 35.404, 35.42, 35.269, 34.682, 33.872, 33.459, 33.565, 33.442, 35.406], [36.434, 36.539, 36.411, 36.123, 35.708, 34.973, 33.983, 33.207, 32.943, 33.06, 33.099, 32.88, 32.557, 31.815, 30.335, 28.384, 26.361, 24.708, 23.698, 23.161, 22.697, 21.951, 20.979, 19.993, 18.41, 15.562, 11.426, 6.066, 0.0, 5.28, 8.69, 10.933, 13.608, 17.354, 21.051, 23.856, 25.643, 26.576, 26.999, 27.584, 28.579, 29.559, 30.107, 30.193, 30.226, 30.638, 31.532, 32.749, 33.894, 34.491, 34.656, 34.877, 35.473, 36.332, 37.039, 37.413, 37.432, 37.251, 37.236, 37.583, 38.29, 38.993, 39.307, 39.251, 39.113, 39.039, 39.223, 39.83, 40.524, 40.986, 40.962, 40.226, 38.952, 37.745, 36.996, 36.617, 36.418, 36.279, 36.257, 36.367, 36.412, 36.356, 36.35, 36.319, 36.248, 36.22, 36.107, 35.799, 35.599, 35.876, 36.411, 36.599, 36.049, 34.967, 33.921, 33.471, 33.488, 33.633, 33.794, 33.848, 33.634, 33.307, 33.227, 33.317, 33.256, 32.922, 32.501, 32.366, 32.714, 33.69, 35.134, 36.25, 36.544, 36.397, 36.506, 37.105, 37.766, 38.058, 37.986, 37.725, 37.449, 37.261, 37.325, 37.646, 37.982, 38.17, 38.185, 38.323, 38.77, 39.156, 38.992, 38.472, 38.186, 38.22, 38.137, 37.433, 36.371, 35.686, 35.583, 35.782, 35.94, 35.908, 35.622, 35.271, 35.292, 35.589, 35.675, 35.519, 35.326, 35.22, 35.219, 35.053, 34.467, 33.671, 33.28, 33.407, 33.282, 36.001], [37.06, 37.305, 37.29, 37.066, 36.689, 36.019, 35.123, 34.429, 34.214, 34.355, 34.421, 34.258, 34.007, 33.347, 31.953, 30.066, 28.088, 26.501, 25.573, 25.097, 24.688, 24.04, 23.225, 22.427, 21.11, 18.728, 15.302, 10.76, 5.28, 0.0, 4.19, 7.745, 11.604, 15.886, 19.711, 22.598, 24.502, 25.537, 26.045, 26.718, 27.798, 28.855, 29.488, 29.659, 29.761, 30.227, 31.174, 32.447, 33.639, 34.264, 34.448, 34.682, 35.299, 36.188, 36.929, 37.333, 37.37, 37.193, 37.174, 37.54, 38.29, 39.028, 39.366, 39.332, 39.203, 39.112, 39.262, 39.84, 40.524, 40.996, 40.987, 40.266, 38.998, 37.782, 37.021, 36.643, 36.457, 36.326, 36.29, 36.365, 36.375, 36.292, 36.277, 36.257, 36.201, 36.174, 36.051, 35.735, 35.533, 35.805, 36.326, 36.498, 35.946, 34.885, 33.886, 33.478, 33.504, 33.638, 33.79, 33.842, 33.633, 33.315, 33.26, 33.385, 33.348, 33.015, 32.578, 32.431, 32.784, 33.763, 35.194, 36.293, 36.578, 36.432, 36.547, 37.144, 37.796, 38.079, 38.006, 37.756, 37.492, 37.31, 37.371, 37.688, 38.025, 38.218, 38.245, 38.386, 38.826, 39.198, 39.023, 38.502, 38.22, 38.26, 38.175, 37.458, 36.384, 35.702, 35.607, 35.803, 35.948, 35.899, 35.603, 35.262, 35.312, 35.637, 35.733, 35.569, 35.361, 35.242, 35.23, 35.053, 34.465, 33.68, 33.308, 33.446, 33.32, 36.503], [37.254, 37.555, 37.609, 37.43, 37.074, 36.434, 35.581, 34.93, 34.746, 34.902, 34.982, 34.847, 34.634, 34.009, 32.643, 30.78, 28.833, 27.302, 26.436, 25.996, 25.608, 25.007, 24.277, 23.59, 22.406, 20.228, 17.172, 13.276, 8.69, 4.19, 0.0, 4.468, 9.571, 14.729, 18.918, 21.876, 23.772, 24.83, 25.404, 26.159, 27.294, 28.373, 29.03, 29.24, 29.381, 29.871, 30.832, 32.118, 33.327, 33.97, 34.17, 34.417, 35.039, 35.933, 36.684, 37.099, 37.14, 36.966, 36.96, 37.359, 38.149, 38.916, 39.272, 39.254, 39.14, 39.06, 39.214, 39.793, 40.481, 40.964, 40.97, 40.251, 38.971, 37.743, 36.978, 36.602, 36.42, 36.292, 36.252, 36.316, 36.319, 36.238, 36.228, 36.216, 36.168, 36.148, 36.029, 35.722, 35.531, 35.811, 36.33, 36.485, 35.907, 34.821, 33.813, 33.414, 33.456, 33.601, 33.757, 33.812, 33.601, 33.27, 33.204, 33.33, 33.298, 32.964, 32.516, 32.362, 32.725, 33.721, 35.166, 36.273, 36.561, 36.412, 36.518, 37.108, 37.759, 38.044, 37.972, 37.725, 37.463, 37.28, 37.334, 37.631, 37.955, 38.15, 38.187, 38.341, 38.791, 39.171, 38.997, 38.474, 38.191, 38.232, 38.146, 37.422, 36.341, 35.656, 35.556, 35.748, 35.891, 35.839, 35.532, 35.18, 35.233, 35.578, 35.688, 35.519, 35.302, 35.178, 35.161, 34.971, 34.359, 33.557, 33.181, 33.317, 33.187, 36.682], [37.263, 37.572, 37.651, 37.51, 37.192, 36.584, 35.745, 35.105, 34.944, 35.129, 35.227, 35.093, 34.879, 34.265, 32.933, 31.124, 29.237, 27.75, 26.906, 26.474, 26.101, 25.525, 24.821, 24.164, 23.042, 20.965, 18.075, 14.592, 10.933, 7.745, 4.468, 0.0, 5.903, 12.155, 17.242, 20.649, 22.652, 23.718, 24.352, 25.224, 26.473, 27.614, 28.304, 28.548, 28.719, 29.23, 30.209, 31.514, 32.754, 33.433, 33.664, 33.929, 34.557, 35.457, 36.221, 36.647, 36.69, 36.522, 36.545, 36.993, 37.83, 38.631, 39.006, 38.991, 38.883, 38.821, 39.01, 39.626, 40.346, 40.86, 40.888, 40.16, 38.845, 37.591, 36.822, 36.446, 36.259, 36.126, 36.092, 36.172, 36.199, 36.146, 36.156, 36.156, 36.112, 36.097, 35.986, 35.685, 35.502, 35.797, 36.328, 36.476, 35.855, 34.69, 33.608, 33.186, 33.248, 33.422, 33.596, 33.656, 33.433, 33.069, 32.967, 33.071, 33.031, 32.696, 32.242, 32.081, 32.447, 33.463, 34.947, 36.086, 36.382, 36.221, 36.309, 36.892, 37.551, 37.848, 37.781, 37.534, 37.271, 37.084, 37.123, 37.399, 37.71, 37.912, 37.963, 38.133, 38.606, 39.002, 38.831, 38.301, 38.012, 38.053, 37.972, 37.25, 36.162, 35.464, 35.357, 35.554, 35.708, 35.663, 35.348, 34.973, 35.013, 35.376, 35.502, 35.33, 35.108, 34.984, 34.965, 34.755, 34.106, 33.264, 32.86, 32.975, 32.82, 36.684], [37.578, 37.928, 38.02, 37.919, 37.685, 37.17, 36.382, 35.759, 35.63, 35.867, 36.006, 35.875, 35.646, 35.061, 33.842, 32.21, 30.486, 29.081, 28.242, 27.812, 27.479, 26.956, 26.27, 25.586, 24.471, 22.492, 19.764, 16.577, 13.608, 11.604, 9.571, 5.903, 0.0, 7.141, 13.569, 17.991, 20.443, 21.624, 22.35, 2