[[0.0, 6.487, 15.844, 21.993, 24.284, 25.564, 27.684, 30.406, 32.238, 33.778, 35.769, 36.416, 36.536, 37.02, 37.556, 37.457, 37.516, 38.159, 38.478, 38.095, 37.872, 38.032, 38.284, 38.594, 39.301, 40.089, 40.328, 39.922, 39.516, 39.89, 40.448, 40.495, 40.45, 40.483, 40.613, 40.67, 40.52, 40.343, 40.307, 40.074, 39.915, 39.899, 40.045, 40.001, 39.891, 39.834, 39.741, 39.553, 39.211, 39.028, 39.152, 39.356, 39.26, 39.004, 39.023, 39.224, 39.058, 38.641, 38.562, 38.893, 39.584, 40.102, 39.991, 39.994, 40.149, 39.91, 39.856, 40.35, 40.909, 40.977, 41.064, 41.525, 41.958, 42.045, 41.831, 41.797, 41.705, 41.295, 40.951, 40.852, 40.899, 40.99, 41.134, 41.226, 41.153, 40.959, 40.576, 40.518, 40.82, 41.009, 41.334, 41.478, 41.212, 40.895, 40.896, 41.175, 41.235, 41.09, 41.26, 41.845, 42.286, 42.278, 41.817, 41.518, 41.803, 42.102, 41.633, 41.089, 41.181, 41.967, 42.032, 41.532, 41.43, 41.41, 41.264, 41.971, 43.793, 45.749, 46.692, 46.544, 46.126, 45.725, 45.046, 44.8, 45.195, 45.496, 45.322, 44.706, 44.022, 43.213, 42.544, 42.392, 42.548, 42.672, 42.816, 43.08, 43.198, 42.722, 42.128, 42.204, 42.488, 42.555, 42.626, 42.228, 41.825, 42.175, 42.296, 41.301, 40.706, 40.791, 40.815, 40.231, 39.82, 39.863, 39.931, 39.764, 39.359, 39.221, 39.525, 39.843, 40.024, 40.226, 40.411, 40.393, 40.164, 40.036, 40.433, 41.045, 41.309, 41.299, 41.783, 42.185, 41.952, 41.754, 41.625, 41.142, 40.836, 40.824, 41.34, 42.505, 43.351, 43.669, 43.939, 43.971, 44.049, 44.389, 44.527, 44.35, 44.554, 44.969, 44.83, 44.328, 44.442, 44.397, 43.839, 43.652, 42.974, 41.512, 41.052, 41.246, 40.588, 40.034, 40.471, 41.012, 40.923, 5.609], [6.487, 0.0, 11.16, 18.966, 21.837, 23.091, 25.231, 28.13, 30.114, 31.889, 34.159, 34.884, 35.06, 35.681, 36.332, 36.27, 36.349, 37.048, 37.413, 37.038, 36.828, 36.994, 37.254, 37.619, 38.404, 39.245, 39.533, 39.18, 38.789, 39.172, 39.709, 39.712, 39.664, 39.674, 39.807, 39.909, 39.779, 39.598, 39.578, 39.351, 39.178, 39.155, 39.297, 39.245, 39.146, 39.115, 39.043, 38.866, 38.502, 38.281, 38.381, 38.58, 38.482, 38.236, 38.281, 38.492, 38.31, 37.831, 37.671, 37.994, 38.773, 39.37, 39.266, 39.257, 39.405, 39.114, 39.03, 39.551, 40.131, 40.196, 40.292, 40.79, 41.246, 41.315, 41.089, 41.088, 41.015, 40.581, 40.198, 40.071, 40.103, 40.192, 40.34, 40.449, 40.396, 40.203, 39.784, 39.707, 40.024, 40.213, 40.553, 40.737, 40.504, 40.191, 40.187, 40.454, 40.499, 40.34, 40.48, 41.042, 41.497, 41.531, 41.048, 40.673, 40.942, 41.28, 40.805, 40.228, 40.348, 41.201, 41.269, 40.742, 40.642, 40.641, 40.552, 41.385, 43.33, 45.353, 46.327, 46.194, 45.78, 45.372, 44.651, 44.36, 44.749, 45.069, 44.886, 44.23, 43.522, 42.696, 41.985, 41.801, 41.953, 42.086, 42.236, 42.492, 42.592, 42.082, 41.463, 41.536, 41.815, 41.859, 41.927, 41.549, 41.195, 41.631, 41.761, 40.683, 40.052, 40.202, 40.3, 39.722, 39.274, 39.325, 39.417, 39.209, 38.7, 38.516, 38.821, 39.133, 39.312, 39.537, 39.754, 39.724, 39.452, 39.311, 39.706, 40.303, 40.566, 40.563, 41.041, 41.428, 41.19, 40.983, 40.85, 40.388, 40.117, 40.114, 40.626, 41.785, 42.628, 42.954, 43.22, 43.218, 43.287, 43.663, 43.827, 43.623, 43.809, 44.266, 44.165, 43.652, 43.757, 43.72, 43.171, 42.997, 42.319, 40.823, 40.348, 40.564, 39.889, 39.257, 39.678, 40.23, 40.139, 9.374], [15.844, 11.16, 0.0, 10.313, 15.155, 17.046, 19.534, 23.041, 25.503, 27.867, 30.764, 31.667, 32.023, 33.009, 33.926, 33.917, 34.025, 34.857, 35.38, 35.102, 34.957, 35.156, 35.441, 35.887, 36.825, 37.797, 38.166, 37.903, 37.637, 38.239, 38.877, 38.867, 38.849, 38.838, 38.943, 39.083, 38.985, 38.785, 38.732, 38.465, 38.285, 38.293, 38.469, 38.419, 38.355, 38.392, 38.346, 38.154, 37.729, 37.448, 37.531, 37.726, 37.623, 37.391, 37.475, 37.705, 37.51, 36.966, 36.705, 37.037, 37.931, 38.584, 38.473, 38.481, 38.652, 38.316, 38.203, 38.747, 39.321, 39.363, 39.471, 40.015, 40.5, 40.56, 40.33, 40.358, 40.291, 39.825, 39.392, 39.22, 39.232, 39.319, 39.468, 39.584, 39.549, 39.362, 38.904, 38.795, 39.114, 39.292, 39.641, 39.834, 39.601, 39.298, 39.333, 39.654, 39.732, 39.599, 39.75, 40.355, 40.935, 41.07, 40.552, 40.09, 40.312, 40.635, 40.114, 39.475, 39.629, 40.569, 40.676, 40.146, 40.005, 39.929, 39.747, 40.58, 42.633, 44.753, 45.784, 45.684, 45.269, 44.843, 44.088, 43.76, 44.14, 44.478, 44.296, 43.634, 42.937, 42.123, 41.396, 41.196, 41.351, 41.492, 41.647, 41.895, 41.992, 41.464, 40.847, 40.964, 41.278, 41.322, 41.407, 41.091, 40.826, 41.381, 41.548, 40.383, 39.631, 39.79, 39.971, 39.42, 38.924, 38.953, 39.022, 38.704, 38.057, 37.839, 38.15, 38.445, 38.602, 38.844, 39.101, 39.058, 38.717, 38.502, 38.877, 39.477, 39.743, 39.726, 40.222, 40.636, 40.386, 40.157, 40.011, 39.554, 39.349, 39.4, 39.946, 41.12, 41.964, 42.303, 42.577, 42.529, 42.549, 42.942, 43.152, 42.955, 43.147, 43.656, 43.6, 43.097, 43.214, 43.165, 42.623, 42.48, 41.807, 40.247, 39.731, 39.971, 39.253, 38.433, 38.754, 39.31, 39.222, 17.169], [21.993, 18.966, 10.313, 0.0, 6.993, 10.891, 14.948, 19.525, 22.432, 25.118, 28.468, 29.563, 30.024, 31.232, 32.37, 32.433, 32.592, 33.533, 34.177, 34.01, 33.957, 34.216, 34.523, 35.012, 36.112, 37.271, 37.693, 37.439, 37.38, 38.389, 39.283, 39.324, 39.306, 39.323, 39.441, 39.564, 39.486, 39.3, 39.2, 38.897, 38.728, 38.751, 38.929, 38.863, 38.791, 38.817, 38.752, 38.529, 38.089, 37.834, 37.95, 38.142, 38.027, 37.796, 37.881, 38.112, 37.909, 37.361, 37.111, 37.449, 38.305, 38.873, 38.722, 38.755, 38.974, 38.7, 38.637, 39.157, 39.671, 39.71, 39.854, 40.401, 40.861, 40.905, 40.676, 40.704, 40.634, 40.186, 39.784, 39.645, 39.675, 39.761, 39.887, 39.964, 39.921, 39.753, 39.31, 39.206, 39.523, 39.672, 39.981, 40.144, 39.929, 39.658, 39.724, 40.107, 40.242, 40.136, 40.332, 41.034, 41.69, 41.771, 41.191, 40.817, 41.119, 41.422, 40.857, 40.218, 40.443, 41.418, 41.518, 40.984, 40.819, 40.693, 40.356, 40.945, 42.902, 45.069, 46.147, 46.044, 45.605, 45.172, 44.458, 44.186, 44.598, 44.93, 44.749, 44.126, 43.457, 42.654, 41.939, 41.734, 41.885, 42.02, 42.169, 42.432, 42.553, 42.038, 41.428, 41.574, 41.934, 41.995, 42.061, 41.751, 41.517, 42.09, 42.288, 41.185, 40.426, 40.555, 40.732, 40.185, 39.655, 39.642, 39.676, 39.313, 38.636, 38.411, 38.713, 38.996, 39.128, 39.35, 39.608, 39.579, 39.224, 38.934, 39.243, 39.83, 40.084, 40.038, 40.55, 41.009, 40.766, 40.554, 40.42, 39.939, 39.744, 39.844, 40.398, 41.543, 42.384, 42.742, 43.037, 42.973, 42.951, 43.321, 43.57, 43.433, 43.63, 44.119, 44.067, 43.596, 43.75, 43.716, 43.199, 43.062, 42.404, 40.817, 40.233, 40.465, 39.738, 38.78, 38.971, 39.5, 39.422, 23.121], [24.284, 21.837, 15.155, 6.993, 0.0, 6.279, 13.087, 18.91, 22.103, 24.897, 28.41, 29.492, 29.878, 31.225, 32.571, 32.703, 32.894, 33.903, 34.597, 34.457, 34.425, 34.693, 34.989, 35.494, 36.671, 37.935, 38.384, 38.049, 37.946, 39.09, 40.18, 40.306, 40.212, 40.175, 40.33, 40.49, 40.447, 40.283, 40.178, 39.87, 39.684, 39.667, 39.807, 39.729, 39.662, 39.666, 39.567, 39.33, 38.905, 38.687, 38.827, 38.999, 38.864, 38.615, 38.658, 38.854, 38.637, 38.126, 37.951, 38.324, 39.166, 39.698, 39.528, 39.565, 39.815, 39.577, 39.531, 40.037, 40.504, 40.522, 40.679, 41.233, 41.685, 41.715, 41.487, 41.53, 41.469, 41.038, 40.671, 40.58, 40.629, 40.711, 40.827, 40.882, 40.818, 40.644, 40.206, 40.116, 40.438, 40.562, 40.844, 41.025, 40.835, 40.565, 40.628, 41.012, 41.138, 41.013, 41.219, 41.943, 42.562, 42.568, 42.006, 41.752, 42.138, 42.442, 41.876, 41.279, 41.565, 42.564, 42.664, 42.118, 41.956, 41.891, 41.586, 42.006, 43.789, 45.91, 46.984, 46.873, 46.426, 46.007, 45.352, 45.139, 45.573, 45.892, 45.712, 45.107, 44.427, 43.596, 42.886, 42.685, 42.828, 42.95, 43.068, 43.312, 43.429, 42.902, 42.264, 42.406, 42.799, 42.879, 42.914, 42.579, 42.35, 42.91, 43.114, 42.087, 41.409, 41.562, 41.732, 41.188, 40.658, 40.629, 40.655, 40.305, 39.636, 39.394, 39.66, 39.932, 40.062, 40.271, 40.531, 40.527, 40.186, 39.869, 40.148, 40.719, 40.958, 40.922, 41.478, 41.961, 41.721, 41.541, 41.428, 40.906, 40.656, 40.727, 41.226, 42.331, 43.18, 43.558, 43.869, 43.807, 43.747, 44.072, 44.333, 44.251, 44.449, 44.887, 44.796, 44.341, 44.52, 44.515, 44.031, 43.904, 43.271, 41.707, 41.088, 41.295, 40.596, 39.652, 39.833, 40.35, 40.256, 25.514], [25.564, 23.091, 17.046, 10.891, 6.279, 0.0, 8.622, 15.853, 19.744, 23.056, 26.961, 28.061, 28.403, 29.945, 31.517, 31.724, 31.993, 33.118, 33.903, 33.844, 33.874, 34.161, 34.463, 34.993, 36.216, 37.573, 38.146, 37.872, 37.744, 38.892, 40.093, 40.381, 40.367, 40.329, 40.494, 40.674, 40.625, 40.441, 40.342, 40.074, 39.904, 39.865, 39.992, 39.922, 39.873, 39.901, 39.807, 39.56, 39.125, 38.887, 39.009, 39.176, 39.05, 38.811, 38.835, 39.001, 38.767, 38.283, 38.148, 38.516, 39.338, 39.872, 39.708, 39.749, 40.0, 39.757, 39.707, 40.213, 40.677, 40.688, 40.837, 41.398, 41.874, 41.932, 41.709, 41.743, 41.679, 41.25, 40.884, 40.793, 40.839, 40.916, 41.028, 41.077, 41.023, 40.867, 40.44, 40.35, 40.679, 40.8, 41.062, 41.246, 41.062, 40.788, 40.862, 41.256, 41.388, 41.258, 41.467, 42.209, 42.827, 42.807, 42.237, 41.985, 42.376, 42.66, 42.082, 41.487, 41.753, 42.724, 42.817, 42.273, 42.099, 42.024, 41.723, 42.136, 43.927, 46.059, 47.14, 47.038, 46.596, 46.184, 45.55, 45.349, 45.773, 46.073, 45.891, 45.291, 44.608, 43.757, 43.021, 42.798, 42.933, 43.072, 43.207, 43.448, 43.54, 42.972, 42.301, 42.436, 42.83, 42.902, 42.917, 42.555, 42.337, 42.922, 43.119, 42.091, 41.463, 41.682, 41.871, 41.331, 40.802, 40.78, 40.791, 40.415, 39.723, 39.459, 39.693, 39.956, 40.088, 40.284, 40.537, 40.544, 40.233, 39.952, 40.259, 40.855, 41.105, 41.086, 41.664, 42.151, 41.894, 41.731, 41.626, 41.029, 40.689, 40.726, 41.194, 42.269, 43.109, 43.477, 43.784, 43.718, 43.637, 43.932, 44.195, 44.151, 44.39, 44.855, 44.769, 44.302, 44.463, 44.454, 43.959, 43.84, 43.286, 41.816, 41.196, 41.385, 40.749, 39.894, 40.088, 40.584, 40.486, 26.84], [27.684, 25.231, 19.534, 14.948, 13.087, 8.622, 0.0, 8.379, 13.65, 18.608, 23.535, 24.818, 25.245, 27.06, 28.879, 29.228, 29.675, 30.96, 31.888, 32.007, 32.188, 32.536, 32.851, 33.397, 34.65, 36.106, 36.893, 36.906, 37.002, 38.143, 39.327, 39.912, 40.35, 40.559, 40.765, 40.915, 40.839, 40.661, 40.596, 40.41, 40.307, 40.287, 40.421, 40.382, 40.36, 40.423, 40.332, 40.076, 39.672, 39.425, 39.507, 39.67, 39.591, 39.414, 39.452, 39.593, 39.355, 38.887, 38.703, 38.934, 39.612, 40.11, 40.003, 40.066, 40.287, 40.067, 40.04, 40.515, 40.987, 41.03, 41.147, 41.655, 42.119, 42.195, 41.979, 41.989, 41.906, 41.472, 41.087, 40.976, 41.005, 41.056, 41.154, 41.23, 41.21, 41.076, 40.693, 40.63, 40.955, 41.041, 41.227, 41.391, 41.25, 41.005, 41.109, 41.538, 41.687, 41.57, 41.774, 42.521, 43.184, 43.2, 42.621, 42.296, 42.573, 42.774, 42.201, 41.585, 41.651, 42.393, 42.431, 41.932, 41.711, 41.492, 41.141, 41.679, 43.573, 45.721, 46.812, 46.741, 46.317, 45.914, 45.317, 45.129, 45.495, 45.725, 45.528, 44.976, 44.387, 43.638, 42.941, 42.69, 42.806, 43.012, 43.269, 43.543, 43.6, 43.016, 42.356, 42.461, 42.801, 42.828, 42.815, 42.426, 42.23, 42.844, 43.015, 41.919, 41.266, 41.5, 41.686, 41.185, 40.725, 40.742, 40.737, 40.348, 39.703, 39.473, 39.669, 39.895, 40.009, 40.166, 40.374, 40.394, 40.184, 40.024, 40.364, 40.943, 41.185, 41.149, 41.663, 42.129, 41.865, 41.684, 41.558, 40.914, 40.508, 40.524, 40.953, 41.92, 42.66, 42.963, 43.212, 43.082, 42.966, 43.262, 43.522, 43.474, 43.725, 44.245, 44.245, 43.834, 44.008, 43.975, 43.421, 43.278, 42.89, 41.69, 41.145, 41.313, 40.783, 40.094, 40.287, 40.7, 40.629, 28.827], [30.406, 28.13, 23.041, 19.525, 18.91, 15.853, 8.379, 0.0, 6.891, 14.634, 20.938, 22.4, 22.97, 25.19, 27.336, 27.904, 28.536, 29.93, 31.002, 31.34, 31.674, 32.051, 32.338, 32.848, 34.06, 35.553, 36.551, 36.92, 37.304, 38.38, 39.45, 40.33, 41.326, 41.921, 42.223, 42.331, 42.232, 42.092, 42.057, 41.929, 41.867, 41.849, 41.98, 41.989, 42.013, 42.104, 42.006, 41.76, 41.438, 41.219, 41.248, 41.379, 41.349, 41.243, 41.279, 41.375, 41.146, 40.718, 40.456, 40.472, 40.942, 41.391, 41.373, 41.461, 41.637, 41.463, 41.469, 41.87, 42.296, 42.364, 42.452, 42.874, 43.282, 43.343, 43.152, 43.184, 43.104, 42.688, 42.317, 42.214, 42.231, 42.241, 42.309, 42.415, 42.432, 42.314, 41.994, 41.976, 42.269, 42.28, 42.349, 42.473, 42.373, 42.159, 42.283, 42.721, 42.853, 42.733, 42.881, 43.511, 44.169, 44.285, 43.77, 43.394, 43.492, 43.599, 43.098, 42.513, 42.318, 42.731, 42.71, 42.304, 42.06, 41.72, 41.412, 42.115, 44.01, 46.053, 47.088, 47.046, 46.655, 46.265, 45.719, 45.541, 45.816, 45.947, 45.733, 45.259, 44.817, 44.258, 43.697, 43.456, 43.545, 43.808, 44.178, 44.46, 44.469, 43.913, 43.321, 43.384, 43.628, 43.586, 43.53, 43.148, 42.997, 43.585, 43.72, 42.642, 41.994, 42.187, 42.334, 41.911, 41.579, 41.647, 41.628, 41.264, 40.736, 40.58, 40.741, 40.917, 40.993, 41.066, 41.171, 41.194, 41.142, 41.199, 41.596, 42.086, 42.285, 42.267, 42.708, 43.111, 42.844, 42.638, 42.463, 41.77, 41.297, 41.292, 41.653, 42.446, 43.027, 43.242, 43.415, 43.214, 43.054, 43.319, 43.553, 43.5, 43.743, 44.273, 44.367, 44.054, 44.228, 44.155, 43.569, 43.392, 43.17, 42.349, 41.933, 42.064, 41.696, 41.275, 41.479, 41.763, 41.73, 31.401], [32.238, 30.114, 25.503, 22.432, 22.103, 19.744, 13.65, 6.891, 0.0, 9.489, 17.101, 19.049, 19.956, 22.651, 25.256, 26.109, 26.916, 28.453, 29.697, 30.214, 30.675, 31.073, 31.334, 31.865, 33.144, 34.757, 35.938, 36.546, 37.15, 38.304, 39.372, 40.377, 41.655, 42.525, 42.966, 43.106, 43.015, 42.886, 42.866, 42.759, 42.701, 42.683, 42.802, 42.829, 42.882, 42.992, 42.896, 42.654, 42.355, 42.146, 42.164, 42.28, 42.271, 42.198, 42.245, 42.323, 42.075, 41.62, 41.285, 41.195, 41.572, 41.985, 41.991, 42.091, 42.245, 42.094, 42.141, 42.521, 42.918, 43.011, 43.121, 43.518, 43.888, 43.934, 43.752, 43.783, 43.708, 43.309, 42.948, 42.861, 42.903, 42.918, 42.98, 43.103, 43.154, 43.046, 42.744, 42.734, 43.003, 43.006, 43.045, 43.103, 42.97, 42.761, 42.864, 43.258, 43.384, 43.268, 43.346, 43.86, 44.519, 44.736, 44.273, 43.852, 43.828, 43.879, 43.41, 42.843, 42.553, 42.878, 42.892, 42.531, 42.278, 41.922, 41.659, 42.405, 44.301, 46.303, 47.278, 47.226, 46.844, 46.461, 45.942, 45.761, 45.989, 46.075, 45.843, 45.39, 45.027, 44.595, 44.127, 43.881, 43.938, 44.222, 44.634, 44.91, 44.904, 44.373, 43.824, 43.871, 44.069, 44.011, 43.963, 43.633, 43.535, 44.128, 44.258, 43.184, 42.519, 42.683, 42.813, 42.413, 42.105, 42.17, 42.141, 41.78, 41.284, 41.149, 41.294, 41.449, 41.523, 41.584, 41.655, 41.662, 41.645, 41.781, 42.231, 42.706, 42.887, 42.891, 43.325, 43.702, 43.442, 43.255, 43.092, 42.408, 41.919, 41.91, 42.259, 42.995, 43.513, 43.697, 43.849, 43.633, 43.473, 43.725, 43.909, 43.817, 44.06, 44.593, 44.703, 44.429, 44.605, 44.51, 43.947, 43.78, 43.585, 42.856, 42.451, 42.555, 42.252, 41.89, 42.029, 42.238, 42.227, 33.16], [33.778, 31.889, 27.867, 25.118, 24.897, 23.056, 18.608, 14.634, 9.489, 0.0, 8.897, 12.373, 14.412, 17.506, 20.602, 21.892, 22.982, 24.776, 26.294, 27.049, 27.688, 28.126, 28.403, 29.09, 30.654, 32.536, 33.883, 34.629, 35.49, 36.972, 38.168, 39.134, 40.443, 41.466, 42.064, 42.299, 42.22, 42.061, 42.048, 41.959, 41.937, 41.975, 42.093, 42.098, 42.145, 42.268, 42.193, 41.953, 41.615, 41.401, 41.464, 41.611, 41.607, 41.539, 41.642, 41.755, 41.473, 40.926, 40.52, 40.446, 40.852, 41.201, 41.124, 41.213, 41.354, 41.188, 41.275, 41.69, 42.108, 42.245, 42.422, 42.853, 43.223, 43.277, 43.08, 43.045, 42.947, 42.545, 42.176, 42.101, 42.203, 42.282, 42.375, 42.496, 42.568, 42.469, 42.134, 42.092, 42.384, 42.482, 42.567, 42.523, 42.322, 42.132, 42.188, 42.52, 42.687, 42.609, 42.662, 43.176, 43.895, 44.14, 43.661, 43.187, 43.114, 43.12, 42.597, 42.018, 41.798, 42.253, 42.381, 42.018, 41.732, 41.382, 41.059, 41.726, 43.739, 45.847, 46.78, 46.674, 46.283, 45.905, 45.365, 45.148, 45.364, 45.452, 45.212, 44.74, 44.393, 44.019, 43.567, 43.286, 43.316, 43.611, 44.03, 44.317, 44.338, 43.83, 43.307, 43.386, 43.604, 43.592, 43.638, 43.433, 43.386, 43.994, 44.115, 42.984, 42.249, 42.388, 42.525, 42.076, 41.676, 41.671, 41.598, 41.176, 40.612, 40.456, 40.612, 40.765, 40.871, 41.024, 41.169, 41.152, 41.02, 41.021, 41.451, 42.007, 42.227, 42.214, 42.646, 43.048, 42.822, 42.674, 42.585, 42.021, 41.63, 41.633, 42.029, 42.844, 43.42, 43.643, 43.843, 43.693, 43.612, 43.905, 44.043, 43.885, 44.15, 44.723, 44.807, 44.52, 44.726, 44.664, 44.145, 43.992, 43.662, 42.649, 42.063, 42.155, 41.785, 41.187, 41.134, 41.329, 41.323, 34.59], [35.769, 34.159, 30.764, 28.468, 28.41, 26.961, 23.535, 20.938, 17.101, 8.897, 0.0, 5.753, 10.07, 13.634, 17.053, 18.777, 20.123, 22.035, 23.797, 24.966, 25.907, 26.407, 26.688, 27.494, 29.275, 31.329, 32.75, 33.562, 34.597, 36.295, 37.577, 38.548, 39.89, 41.001, 41.69, 41.973, 41.904, 41.742, 41.724, 41.639, 41.675, 41.792, 41.925, 41.899, 41.91, 42.036, 41.986, 41.756, 41.402, 41.189, 41.283, 41.458, 41.463, 41.408, 41.555, 41.699, 41.412, 40.847, 40.427, 40.384, 40.816, 41.109, 40.958, 41.026, 41.139, 40.926, 40.999, 41.414, 41.837, 42.001, 42.218, 42.67, 43.045, 43.115, 42.9, 42.808, 42.691, 42.292, 41.923, 41.853, 41.986, 42.107, 42.233, 42.354, 42.423, 42.315, 41.953, 41.882, 42.198, 42.387, 42.526, 42.434, 42.2, 42.037, 42.069, 42.36, 42.564, 42.532, 42.599, 43.143, 43.892, 44.116, 43.63, 43.162, 43.086, 43.051, 42.477, 41.912, 41.761, 42.277, 42.464, 42.111, 41.809, 41.457, 41.095, 41.718, 43.795, 45.951, 46.833, 46.69, 46.307, 45.938, 45.378, 45.124, 45.314, 45.389, 45.141, 44.666, 44.327, 43.966, 43.504, 43.203, 43.231, 43.55, 43.985, 44.289, 44.331, 43.86, 43.376, 43.488, 43.721, 43.738, 43.846, 43.732, 43.697, 44.268, 44.366, 43.205, 42.422, 42.537, 42.674, 42.207, 41.769, 41.715, 41.579, 41.091, 40.498, 40.359, 40.525, 40.648, 40.74, 40.94, 41.142, 41.126, 40.948, 40.895, 41.314, 41.903, 42.145, 42.126, 42.545, 42.982, 42.804, 42.668, 42.618, 42.166, 41.872, 41.887, 42.308, 43.174, 43.786, 44.025, 44.234, 44.118, 44.099, 44.432, 44.537, 44.33, 44.594, 45.163, 45.22, 44.932, 45.154, 45.135, 44.659, 44.501, 44.074, 42.866, 42.142, 42.209, 41.821, 41.105, 40.928, 41.121, 41.113, 36.435], [36.416, 34.884, 31.667, 29.563, 29.492, 28.061, 24.818, 22.4, 19.049, 12.373, 5.753, 0.0, 5.823, 11.245, 15.747, 17.736, 19.089, 21.051, 23.004, 24.486, 25.673, 26.284, 26.561, 27.31, 29.073, 31.154, 32.612, 33.433, 34.417, 36.072, 37.398, 38.519, 40.007, 41.217, 41.928, 42.186, 42.135, 42.023, 42.007, 41.914, 41.971, 42.11, 42.25, 42.209, 42.197, 42.309, 42.241, 42.001, 41.651, 41.431, 41.51, 41.692, 41.713, 41.665, 41.8, 41.937, 41.663, 41.14, 40.755, 40.726, 41.16, 41.441, 41.281, 41.366, 41.492, 41.242, 41.252, 41.627, 42.028, 42.179, 42.401, 42.865, 43.252, 43.328, 43.096, 42.994, 42.891, 42.506, 42.156, 42.108, 42.252, 42.369, 42.486, 42.606, 42.673, 42.565, 42.211, 42.141, 42.441, 42.612, 42.76, 42.69, 42.465, 42.316, 42.372, 42.68, 42.898, 42.888, 42.966, 43.492, 44.215, 44.443, 43.968, 43.513, 43.446, 43.401, 42.817, 42.253, 42.071, 42.527, 42.706, 42.372, 42.048, 41.682, 41.358, 41.975, 44.021, 46.18, 47.085, 46.956, 46.574, 46.203, 45.657, 45.429, 45.629, 45.69, 45.425, 44.955, 44.62, 44.242, 43.752, 43.433, 43.459, 43.797, 44.259, 44.575, 44.618, 44.156, 43.682, 43.799, 44.032, 44.043, 44.125, 43.991, 43.946, 44.489, 44.586, 43.477, 42.739, 42.873, 43.007, 42.543, 42.121, 42.07, 41.923, 41.429, 40.848, 40.72, 40.871, 40.962, 41.014, 41.178, 41.366, 41.351, 41.186, 41.175, 41.629, 42.204, 42.431, 42.426, 42.851, 43.294, 43.122, 42.968, 42.895, 42.432, 42.146, 42.177, 42.594, 43.449, 44.051, 44.276, 44.463, 44.322, 44.287, 44.608, 44.71, 44.516, 44.791, 45.339, 45.358, 45.044, 45.245, 45.215, 44.745, 44.582, 44.191, 43.066, 42.385, 42.446, 42.111, 41.478, 41.329, 41.535, 41.52, 37.06], [36.536, 35.06, 32.023, 30.024, 29.878, 28.403, 25.245, 22.97, 19.956, 14.412, 10.07, 5.823, 0.0, 7.353, 13.375, 15.906, 17.331, 19.403, 21.536, 23.204, 24.603, 25.42, 25.779, 26.488, 28.247, 30.385, 31.894, 32.71, 33.668, 35.376, 36.793, 37.977, 39.524, 40.854, 41.632, 41.876, 41.813, 41.725, 41.725, 41.65, 41.73, 41.871, 42.009, 41.959, 41.927, 41.998, 41.885, 41.631, 41.28, 41.054, 41.138, 41.34, 41.367, 41.309, 41.433, 41.577, 41.323, 40.82, 40.45, 40.426, 40.847, 41.1, 40.92, 41.025, 41.19, 40.941, 40.904, 41.256, 41.664, 41.822, 42.063, 42.553, 42.959, 43.043, 42.796, 42.684, 42.594, 42.222, 41.894, 41.877, 42.039, 42.156, 42.255, 42.353, 42.421, 42.332, 41.991, 41.92, 42.194, 42.336, 42.473, 42.413, 42.208, 42.078, 42.152, 42.499, 42.751, 42.77, 42.876, 43.406, 44.105, 44.34, 43.869, 43.384, 43.297, 43.239, 42.639, 42.048, 41.815, 42.238, 42.428, 42.093, 41.74, 41.364, 41.039, 41.613, 43.663, 45.872, 46.834, 46.73, 46.344, 45.958, 45.408, 45.219, 45.466, 45.539, 45.268, 44.805, 44.483, 44.088, 43.549, 43.19, 43.204, 43.552, 44.041, 44.388, 44.441, 43.972, 43.486, 43.605, 43.851, 43.88, 43.945, 43.733, 43.615, 44.124, 44.219, 43.145, 42.46, 42.631, 42.747, 42.261, 41.842, 41.803, 41.669, 41.178, 40.586, 40.451, 40.597, 40.682, 40.729, 40.889, 41.07, 41.047, 40.872, 40.842, 41.281, 41.86, 42.098, 42.079, 42.496, 42.965, 42.801, 42.636, 42.568, 42.134, 41.866, 41.903, 42.326, 43.199, 43.817, 44.042, 44.236, 44.094, 44.048, 44.357, 44.462, 44.29, 44.592, 45.142, 45.121, 44.767, 44.963, 44.918, 44.417, 44.245, 43.878, 42.774, 42.112, 42.178, 41.85, 41.236, 41.126, 41.364, 41.337, 37.171], [37.02, 35.681, 33.009, 31.232, 31.225, 29.945, 27.06, 25.19, 22.651, 17.506, 13.634, 11.245, 7.353, 0.0, 7.179, 11.003, 13.068, 15.252, 17.525, 19.532, 21.361, 22.527, 23.088, 23.888, 25.781, 28.054, 29.625, 30.473, 31.61, 33.631, 35.183, 36.266, 37.813, 39.329, 40.275, 40.604, 40.556, 40.461, 40.492, 40.474, 40.606, 40.767, 40.906, 40.85, 40.813, 40.841, 40.683, 40.413, 40.029, 39.8, 39.945, 40.201, 40.21, 40.119, 40.273, 40.469, 40.225, 39.68, 39.278, 39.267, 39.673, 39.866, 39.623, 39.71, 39.898, 39.674, 39.646, 40.037, 40.528, 40.747, 41.027, 41.547, 41.961, 42.055, 41.793, 41.647, 41.545, 41.159, 40.819, 40.793, 40.962, 41.093, 41.179, 41.246, 41.314, 41.241, 40.887, 40.801, 41.08, 41.244, 41.386, 41.309, 41.114, 41.009, 41.076, 41.443, 41.758, 41.811, 41.951, 42.558, 43.28, 43.467, 42.978, 42.444, 42.319, 42.237, 41.594, 40.966, 40.75, 41.253, 41.483, 41.116, 40.739, 40.34, 39.894, 40.491, 42.738, 45.08, 46.067, 45.95, 45.55, 45.138, 44.527, 44.329, 44.617, 44.707, 44.42, 43.957, 43.667, 43.282, 42.681, 42.258, 42.263, 42.63, 43.159, 43.568, 43.651, 43.174, 42.671, 42.808, 43.089, 43.169, 43.272, 43.018, 42.799, 43.282, 43.367, 42.176, 41.421, 41.576, 41.674, 41.143, 40.684, 40.62, 40.452, 39.914, 39.284, 39.157, 39.341, 39.448, 39.537, 39.777, 40.018, 40.001, 39.786, 39.66, 40.036, 40.678, 40.976, 40.881, 41.232, 41.739, 41.607, 41.442, 41.455, 41.182, 41.027, 41.045, 41.481, 42.445, 43.151, 43.431, 43.679, 43.602, 43.624, 43.986, 44.083, 43.878, 44.21, 44.813, 44.78, 44.408, 44.664, 44.665, 44.134, 43.935, 43.482, 42.134, 41.31, 41.363, 40.941, 40.116, 39.912, 40.161, 40.12, 37.552], [37.556, 36.332, 33.926, 32.37, 32.571, 31.517, 28.879, 27.336, 25.256, 20.602, 17.053, 15.747, 13.375, 7.179, 0.0, 5.229, 8.599, 11.166, 13.56, 15.95, 18.265, 19.759, 20.495, 21.39, 23.392, 25.761, 27.39, 28.289, 29.587, 31.825, 33.435, 34.434, 36.057, 37.799, 38.929, 39.36, 39.369, 39.304, 39.37, 39.4, 39.594, 39.803, 39.959, 39.9, 39.865, 39.878, 39.7, 39.416, 38.999, 38.768, 38.965, 39.26, 39.25, 39.145, 39.349, 39.602, 39.367, 38.77, 38.331, 38.336, 38.735, 38.879, 38.586, 38.648, 38.833, 38.622, 38.618, 39.062, 39.634, 39.909, 40.214, 40.747, 41.162, 41.262, 40.985, 40.795, 40.664, 40.258, 39.884, 39.815, 39.968, 40.111, 40.196, 40.239, 40.295, 40.225, 39.856, 39.762, 40.072, 40.272, 40.42, 40.322, 40.133, 40.057, 40.126, 40.516, 40.887, 40.96, 41.114, 41.806, 42.563, 42.672, 42.149, 41.578, 41.413, 41.308, 40.632, 39.997, 39.84, 40.44, 40.698, 40.302, 39.915, 39.469, 38.901, 39.57, 42.03, 44.493, 45.495, 45.35, 44.929, 44.497, 43.832, 43.592, 43.884, 43.979, 43.677, 43.207, 42.943, 42.585, 41.957, 41.489, 41.482, 41.864, 42.422, 42.872, 42.969, 42.484, 41.973, 42.129, 42.438, 42.559, 42.728, 42.522, 42.288, 42.794, 42.888, 41.552, 40.67, 40.783, 40.883, 40.323, 39.817, 39.711, 39.491, 38.897, 38.232, 38.12, 38.347, 38.479, 38.612, 38.935, 39.235, 39.218, 38.954, 38.734, 39.056, 39.759, 40.109, 39.942, 40.204, 40.697, 40.587, 40.427, 40.497, 40.361, 40.336, 40.374, 40.847, 41.898, 42.675, 43.007, 43.314, 43.316, 43.419, 43.843, 43.937, 43.691, 44.044, 44.717, 44.694, 44.308, 44.628, 44.694, 44.14, 43.904, 43.354, 41.775, 40.771, 40.801, 40.28, 39.206, 38.838, 39.06, 39.004, 37.974], [37.457, 36.27, 33.917, 32.433, 32.703, 31.724, 29.228, 27.904, 26.109, 21.892, 18.777, 17.736, 15.906, 11.003, 5.229, 0.0, 4.507, 8.313, 11.338, 13.915, 16.403, 18.035, 18.81, 19.705, 21.763, 24.208, 25.909, 26.842, 28.142, 30.408, 32.049, 33.066, 34.784, 36.688, 37.954, 38.464, 38.536, 38.532, 38.618, 38.65, 38.911, 39.221, 39.424, 39.352, 39.3, 39.313, 39.139, 38.847, 38.406, 38.163, 38.371, 38.678, 38.662, 38.56, 38.782, 39.06, 38.83, 38.198, 37.73, 37.744, 38.144, 38.273, 37.961, 38.017, 38.203, 37.995, 38.003, 38.482, 39.09, 39.376, 39.686, 40.23, 40.65, 40.75, 40.454, 40.225, 40.066, 39.648, 39.259, 39.163, 39.3, 39.444, 39.535, 39.572, 39.625, 39.557, 39.192, 39.114, 39.458, 39.675, 39.822, 39.716, 39.531, 39.465, 39.537, 39.948, 40.361, 40.453, 40.614, 41.348, 42.127, 42.205, 41.654, 41.071, 40.911, 40.811, 40.121, 39.486, 39.369, 40.023, 40.291, 39.886, 39.497, 39.021, 38.408, 39.104, 41.643, 44.153, 45.163, 45.003, 44.563, 44.12, 43.436, 43.174, 43.458, 43.553, 43.249, 42.765, 42.491, 42.132, 41.489, 40.999, 40.985, 41.368, 41.928, 42.391, 42.496, 42.006, 41.488, 41.657, 41.983, 42.127, 42.353, 42.204, 42.001, 42.549, 42.655, 41.247, 40.292, 40.395, 40.51, 39.941, 39.408, 39.28, 39.05, 38.44, 37.748, 37.631, 37.877, 38.027, 38.184, 38.545, 38.87, 38.84, 38.53, 38.252, 38.544, 39.272, 39.642, 39.448, 39.662, 40.124, 40.018, 39.867, 39.938, 39.821, 39.839, 39.909, 40.432, 41.551, 42.374, 42.728, 43.06, 43.092, 43.219, 43.662, 43.764, 43.505, 43.856, 44.546, 44.504, 44.094, 44.43, 44.513, 43.941, 43.69, 43.108, 41.449, 40.387, 40.4, 39.817, 38.651, 38.255, 38.48, 38.411, 37.819], [37.516, 36.349, 34.025, 32.592, 32.894, 31.993, 29.675, 28.536, 26.916, 22.982, 20.123, 19.089, 17.331, 13.068, 8.599, 4.507, 0.0, 4.987, 9.233, 12.451, 15.129, 16.828, 17.634, 18.511, 20.603, 23.129, 24.92, 25.916, 27.263, 29.588, 31.262, 32.293, 34.056, 36.05, 37.422, 38.006, 38.12, 38.142, 38.231, 38.254, 38.565, 38.975, 39.237, 39.163, 39.089, 39.096, 38.931, 38.638, 38.177, 37.916, 38.124, 38.436, 38.418, 38.316, 38.544, 38.834, 38.605, 37.946, 37.452, 37.467, 37.87, 37.991, 37.667, 37.726, 37.916, 37.708, 37.723, 38.211, 38.829, 39.116, 39.421, 39.954, 40.369, 40.47, 40.162, 39.908, 39.737, 39.327, 38.95, 38.862, 39.001, 39.143, 39.231, 39.273, 39.339, 39.285, 38.932, 38.864, 39.211, 39.436, 39.593, 39.47, 39.27, 39.213, 39.272, 39.672, 40.123, 40.254, 40.433, 41.173, 41.96, 42.035, 41.463, 40.881, 40.732, 40.64, 39.94, 39.295, 39.188, 39.851, 40.115, 39.715, 39.333, 38.846, 38.22, 38.916, 41.462, 43.969, 44.968, 44.799, 44.351, 43.9, 43.207, 42.945, 43.225, 43.318, 43.013, 42.526, 42.249, 41.884, 41.235, 40.736, 40.716, 41.097, 41.656, 42.132, 42.256, 41.779, 41.27, 41.454, 41.792, 41.964, 42.237, 42.123, 41.932, 42.491, 42.6, 41.177, 40.189, 40.279, 40.402, 39.836, 39.297, 39.168, 38.95, 38.349, 37.649, 37.518, 37.76, 37.917, 38.094, 38.48, 38.815, 38.759, 38.397, 38.08, 38.356, 39.098, 39.472, 39.265, 39.467, 39.921, 39.818, 39.672, 39.739, 39.631, 39.67, 39.748, 40.289, 41.432, 42.273, 42.642, 42.986, 43.035, 43.18, 43.635, 43.741, 43.481, 43.827, 44.506, 44.445, 44.019, 44.337, 44.396, 43.81, 43.552, 42.95, 41.251, 40.181, 40.189, 39.566, 38.378, 38.025, 38.281, 38.211, 37.857], [38.159, 37.048, 34.857, 33.533, 33.903, 33.118, 30.96, 29.93, 28.453, 24.776, 22.035, 21.051, 19.403, 15.252, 11.166, 8.313, 4.987, 0.0, 5.435, 10.221, 13.664, 15.538, 16.421, 17.353, 19.512, 22.146, 24.052, 25.18, 26.709, 29.16, 30.823, 31.832, 33.691, 35.822, 37.295, 37.953, 38.091, 38.083, 38.16, 38.183, 38.502, 38.947, 39.246, 39.193, 39.123, 39.121, 38.952, 38.665, 38.198, 37.932, 38.151, 38.469, 38.445, 38.35, 38.603, 38.91, 38.685, 38.007, 37.497, 37.512, 37.907, 38.001, 37.65, 37.694, 37.876, 37.666, 37.681, 38.158, 38.778, 39.091, 39.398, 39.895, 40.283, 40.379, 40.071, 39.812, 39.649, 39.255, 38.895, 38.82, 38.968, 39.111, 39.179, 39.218, 39.3, 39.254, 38.901, 38.825, 39.174, 39.424, 39.591, 39.435, 39.221, 39.189, 39.229, 39.589, 40.061, 40.232, 40.435, 41.175, 41.946, 42.012, 41.431, 40.845, 40.677, 40.578, 39.873, 39.226, 39.127, 39.791, 40.043, 39.65, 39.285, 38.795, 38.145, 38.834, 41.373, 43.865, 44.849, 44.68, 44.238, 43.781, 43.072, 42.806, 43.087, 43.178, 42.875, 42.405, 42.146, 41.79, 41.141, 40.632, 40.597, 40.972, 41.538, 42.03, 42.17, 41.714, 41.23, 41.425, 41.766, 41.959, 42.279, 42.207, 42.027, 42.592, 42.712, 41.296, 40.272, 40.317, 40.429, 39.866, 39.327, 39.199, 38.986, 38.393, 37.701, 37.562, 37.782, 37.932, 38.128, 38.545, 38.888, 38.804, 38.395, 38.048, 38.327, 39.1, 39.477, 39.243, 39.439, 39.903, 39.814, 39.668, 39.763, 39.722, 39.81, 39.879, 40.399, 41.519, 42.351, 42.73, 43.096, 43.192, 43.391, 43.87, 43.971, 43.7, 44.047, 44.732, 44.68, 44.255, 44.555, 44.584, 43.98, 43.708, 43.075, 41.322, 40.215, 40.219, 39.564, 38.317, 37.96, 38.239, 38.183, 38.486], [38.478, 37.413, 35.38, 34.177, 34.597, 33.903, 31.888, 31.002, 29.697, 26.294, 23.797, 23.004, 21.536, 17.525, 13.56, 11.338, 9.233, 5.435, 0.0, 6.155, 10.736, 13.097, 14.153, 15.222, 17.592, 20.448, 22.525, 23.811, 25.582, 28.235, 29.907, 30.873, 32.878, 35.236, 36.847, 37.577, 37.734, 37.716, 37.799, 37.814, 38.117, 38.565, 38.87, 38.823, 38.76, 38.75, 38.579, 38.296, 37.818, 37.561, 37.816, 38.15, 38.111, 38.016, 38.309, 38.651, 38.434, 37.734, 37.205, 37.228, 37.632, 37.695, 37.292, 37.31, 37.485, 37.272, 37.289, 37.773, 38.412, 38.762, 39.086, 39.566, 39.923, 39.986, 39.649, 39.382, 39.234, 38.849, 38.492, 38.42, 38.582, 38.736, 38.786, 38.801, 38.884, 38.843, 38.468, 38.362, 38.726, 39.021, 39.197, 39.027, 38.834, 38.836, 38.876, 39.221, 39.695, 39.872, 40.096, 40.873, 41.641, 41.681, 41.08, 40.497, 40.329, 40.225, 39.506, 38.86, 38.806, 39.523, 39.778, 39.368, 39.004, 38.52, 37.854, 38.552, 41.121, 43.632, 44.618, 44.446, 44.003, 43.534, 42.799, 42.526, 42.828, 42.943, 42.659, 42.202, 41.939, 41.546, 40.85, 40.324, 40.282, 40.646, 41.213, 41.725, 41.875, 41.421, 40.944, 41.147, 41.49, 41.692, 42.052, 42.009, 41.826, 42.411, 42.559, 41.136, 40.073, 40.08, 40.178, 39.6, 39.039, 38.889, 38.659, 38.047, 37.325, 37.165, 37.379, 37.528, 37.74, 38.194, 38.551, 38.451, 38.005, 37.611, 37.881, 38.697, 39.092, 38.827, 39.002, 39.473, 39.393, 39.241, 39.363, 39.398, 39.541, 39.602, 40.12, 41.262, 42.113, 42.506, 42.905, 43.063, 43.309, 43.802, 43.896, 43.612, 43.963, 44.671, 44.642, 44.232, 44.547, 44.582, 43.973, 43.697, 43.029, 41.175, 40.007, 40.022, 39.29, 37.905, 37.529, 37.85, 37.807, 38.794], [38.095, 37.038, 35.102, 34.01, 34.457, 33.844, 32.007, 31.34, 30.214, 27.049, 24.966, 24.486, 23.204, 19.532, 15.95, 13.915, 12.451, 10.221, 6.155, 0.0, 5.465, 8.765, 10.407, 11.831, 14.65, 17.863, 20.127, 21.485, 23.447, 26.407, 28.2, 29.112, 31.241, 33.869, 35.673, 36.473, 36.649, 36.706, 36.858, 36.872, 37.178, 37.658, 37.973, 37.914, 37.873, 37.903, 37.765, 37.488, 36.99, 36.743, 37.044, 37.404, 37.341, 37.22, 37.538, 37.921, 37.708, 36.979, 36.442, 36.506, 36.963, 37.032, 36.574, 36.561, 36.751, 36.534, 36.55, 37.083, 37.771, 38.132, 38.458, 38.958, 39.305, 39.317, 38.916, 38.621, 38.474, 38.065, 37.677, 37.589, 37.763, 37.941, 37.992, 37.971, 38.039, 37.997, 37.58, 37.433, 37.816, 38.148, 38.336, 38.181, 38.031, 38.062, 38.126, 38.506, 38.996, 39.16, 39.401, 40.26, 41.069, 41.082, 40.441, 39.861, 39.723, 39.62, 38.876, 38.222, 38.233, 39.053, 39.327, 38.872, 38.495, 38.028, 37.332, 38.044, 40.711, 43.299, 44.309, 44.126, 43.665, 43.179, 42.415, 42.137, 42.473, 42.63, 42.37, 41.907, 41.603, 41.123, 40.323, 39.769, 39.735, 40.089, 40.646, 41.181, 41.352, 40.879, 40.374, 40.58, 40.946, 41.173, 41.561, 41.505, 41.284, 41.9, 42.08, 40.623, 39.536, 39.545, 39.637, 39.023, 38.424, 38.252, 38.001, 37.344, 36.53, 36.305, 36.528, 36.698, 36.93, 37.416, 37.788, 37.671, 37.183, 36.71, 36.926, 37.78, 38.213, 37.923, 38.055, 38.524, 38.451, 38.291, 38.419, 38.504, 38.699, 38.763, 39.322, 40.565, 41.481, 41.897, 42.332, 42.533, 42.793, 43.288, 43.381, 43.078, 43.423, 44.161, 44.161, 43.761, 44.115, 44.199, 43.609, 43.34, 42.62, 40.614, 39.384, 39.428, 38.583, 37.045, 36.692, 37.075, 37.034, 38.385], [37.872, 36.828, 34.957, 33.957, 34.425, 33.874, 32.188, 31.674, 30.675, 27.688, 25.907, 25.673, 24.603, 21.361, 18.265, 16.403, 15.129, 13.664, 10.736, 5.465, 0.0, 4.181, 6.907, 9.158, 12.612, 16.132, 18.468, 19.738, 21.712, 24.908, 26.869, 27.791, 29.992, 32.814, 34.792, 35.652, 35.846, 35.984, 36.222, 36.267, 36.602, 37.121, 37.458, 37.408, 37.409, 37.522, 37.453, 37.202, 36.708, 36.471, 36.789, 37.161, 37.09, 36.948, 37.268, 37.662, 37.445, 36.716, 36.212, 36.328, 36.829, 36.925, 36.447, 36.411, 36.626, 36.409, 36.409, 36.962, 37.671, 38.017, 38.328, 38.84, 39.186, 39.165, 38.727, 38.421, 38.273, 37.833, 37.41, 37.307, 37.487, 37.675, 37.729, 37.689, 37.736, 37.678, 37.231, 37.06, 37.444, 37.779, 37.961, 37.823, 37.701, 37.753, 37.84, 38.246, 38.747, 38.906, 39.158, 40.072, 40.914, 40.91, 40.251, 39.693, 39.589, 39.491, 38.732, 38.075, 38.124, 38.987, 39.257, 38.774, 38.397, 37.944, 37.209, 37.913, 40.621, 43.23, 44.248, 44.062, 43.593, 43.104, 42.332, 42.057, 42.413, 42.591, 42.343, 41.874, 41.542, 41.002, 40.135, 39.567, 39.551, 39.903, 40.451, 41.001, 41.19, 40.707, 40.175, 40.376, 40.76, 41.009, 41.403, 41.322, 41.075, 41.7, 41.894, 40.441, 39.36, 39.371, 39.456, 38.82, 38.214, 38.049, 37.795, 37.114, 36.235, 35.938, 36.141, 36.32, 36.565, 37.063, 37.426, 37.291, 36.786, 36.261, 36.427, 37.299, 37.757, 37.455, 37.563, 38.027, 37.961, 37.802, 37.927, 38.033, 38.257, 38.321, 38.896, 40.201, 41.163, 41.595, 42.058, 42.285, 42.553, 43.048, 43.144, 42.825, 43.145, 43.884, 43.913, 43.536, 43.925, 44.056, 43.48, 43.21, 42.456, 40.362, 39.101, 39.161, 38.267, 36.683, 36.368, 36.779, 36.742, 38.117], [38.032, 36.994, 35.156, 34.216, 34.693, 34.161, 32.536, 32.051, 31.073, 28.126, 26.407, 26.284, 25.42, 22.527, 19.759, 18.035, 16.828, 15.538, 13.097, 8.765, 4.181, 0.0, 3.626, 7.156, 11.526, 15.37, 17.778, 18.982, 20.877, 24.117, 26.168, 27.174, 29.443, 32.363, 34.454, 35.369, 35.588, 35.773, 36.052, 36.123, 36.49, 37.034, 37.382, 37.344, 37.371, 37.542, 37.539, 37.327, 36.85, 36.618, 36.93, 37.3, 37.239, 37.1, 37.417, 37.802, 37.576, 36.858, 36.381, 36.515, 37.018, 37.122, 36.644, 36.6, 36.828, 36.618, 36.609, 37.14, 37.831, 38.177, 38.485, 38.989, 39.33, 39.295, 38.846, 38.549, 38.416, 37.975, 37.545, 37.446, 37.63, 37.815, 37.864, 37.824, 37.869, 37.804, 37.352, 37.176, 37.556, 37.892, 38.064, 37.91, 37.781, 37.838, 37.911, 38.289, 38.784, 38.945, 39.194, 40.103, 40.945, 40.938, 40.29, 39.763, 39.678, 39.588, 38.834, 38.186, 38.241, 39.098, 39.361, 38.873, 38.502, 38.059, 37.326, 38.025, 40.708, 43.271, 44.261, 44.077, 43.618, 43.131, 42.364, 42.101, 42.466, 42.647, 42.409, 41.954, 41.622, 41.072, 40.199, 39.644, 39.64, 39.99, 40.527, 41.071, 41.263, 40.779, 40.241, 40.435, 40.816, 41.063, 41.446, 41.357, 41.123, 41.753, 41.948, 40.514, 39.434, 39.425, 39.495, 38.862, 38.274, 38.124, 37.868, 37.185, 36.295, 35.954, 36.115, 36.28, 36.526, 37.021, 37.37, 37.228, 36.738, 36.217, 36.371, 37.237, 37.697, 37.415, 37.536, 37.994, 37.925, 37.771, 37.896, 37.994, 38.213, 38.28, 38.851, 40.157, 41.126, 41.563, 42.027, 42.26, 42.537, 43.036, 43.13, 42.8, 43.097, 43.821, 43.866, 43.509, 43.907, 44.062, 43.499, 43.223, 42.468, 40.383, 39.137, 39.203, 38.316, 36.762, 36.481, 36.894, 36.866, 38.254], [38.284, 37.254, 35.441, 34.523, 34.989, 34.463, 32.851, 32.338, 31.334, 28.403, 26.688, 26.561, 25.779, 23.088, 20.495, 18.81, 17.634, 16.421, 14.153, 10.407, 6.907, 3.626, 0.0, 4.601, 10.009, 14.398, 17.043, 18.319, 20.212, 23.448, 25.535, 26.638, 29.019, 32.06, 34.256, 35.222, 35.472, 35.697, 36.0, 36.079, 36.467, 37.034, 37.388, 37.352, 37.384, 37.574, 37.6, 37.412, 36.954, 36.735, 37.051, 37.423, 37.372, 37.244, 37.564, 37.938, 37.705, 36.999, 36.533, 36.662, 37.154, 37.259, 36.793, 36.756, 36.985, 36.774, 36.757, 37.264, 37.938, 38.288, 38.591, 39.077, 39.413, 39.377, 38.924, 38.64, 38.525, 38.099, 37.676, 37.583, 37.763, 37.94, 37.984, 37.946, 37.992, 37.933, 37.501, 37.342, 37.722, 38.051, 38.216, 38.052, 37.911, 37.955, 38.006, 38.355, 38.837, 38.997, 39.243, 40.128, 40.947, 40.946, 40.315, 39.8, 39.712, 39.621, 38.879, 38.234, 38.276, 39.117, 39.378, 38.893, 38.522, 38.083, 37.357, 38.045, 40.683, 43.2, 44.167, 43.992, 43.546, 43.061, 42.309, 42.082, 42.465, 42.644, 42.408, 41.966, 41.648, 41.115, 40.262, 39.722, 39.722, 40.064, 40.591, 41.125, 41.314, 40.827, 40.285, 40.471, 40.848, 41.092, 41.466, 41.371, 41.14, 41.766, 41.963, 40.549, 39.478, 39.459, 39.514, 38.89, 38.323, 38.178, 37.917, 37.239, 36.366, 36.012, 36.141, 36.288, 36.528, 37.014, 37.351, 37.208, 36.742, 36.256, 36.419, 37.263, 37.707, 37.451, 37.587, 38.034, 37.962, 37.816, 37.943, 38.021, 38.217, 38.29, 38.868, 40.169, 41.136, 41.573, 42.026, 42.244, 42.517, 43.016, 43.106, 42.769, 43.052, 43.763, 43.807, 43.454, 43.846, 44.008, 43.459, 43.179, 42.431, 40.399, 39.205, 39.276, 38.405, 36.903, 36.657, 37.065, 37.045, 38.502], [38.594, 37.619, 35.887, 35.012, 35.494, 34.993, 33.397, 32.848, 31.865, 29.09, 27.494, 27.31, 26.488, 23.888, 21.39, 19.705, 18.511, 17.353, 15.222, 11.831, 9.158, 7.156, 4.601, 0.0, 6.126, 11.455, 14.795, 16.398, 18.53, 22.01, 24.26, 25.539, 28.155, 31.486, 33.899, 34.948, 35.244, 35.525, 35.884, 35.996, 36.41, 37.008, 37.378, 37.343, 37.382, 37.597, 37.633, 37.441, 36.993, 36.799, 37.154, 37.551, 37.506, 37.384, 37.706, 38.077, 37.842, 37.141, 36.672, 36.773, 37.223, 37.319, 36.882, 36.859, 37.072, 36.848, 36.822, 37.316, 37.984, 38.329, 38.615, 39.083, 39.418, 39.392, 38.952, 38.685, 38.583, 38.171, 37.763, 37.677, 37.848, 38.017, 38.063, 38.028, 38.072, 38.027, 37.64, 37.519, 37.896, 38.208, 38.366, 38.219, 38.088, 38.115, 38.159, 38.512, 38.975, 39.119, 39.369, 40.245, 41.016, 40.99, 40.354, 39.828, 39.726, 39.633, 38.901, 38.26, 38.295, 39.113, 39.359, 38.88, 38.518, 38.054, 37.264, 37.913, 40.509, 43.004, 43.97, 43.803, 43.357, 42.864, 42.13, 41.95, 42.363, 42.539, 42.296, 41.861, 41.564, 41.054, 40.219, 39.682, 39.676, 40.013, 40.544, 41.091, 41.286, 40.793, 40.244, 40.427, 40.807, 41.067, 41.463, 41.373, 41.125, 41.734, 41.94, 40.559, 39.521, 39.506, 39.545, 38.926, 38.371, 38.215, 37.938, 37.266, 36.422, 36.087, 36.205, 36.335, 36.564, 37.029, 37.339, 37.185, 36.734, 36.264, 36.424, 37.256, 37.689, 37.424, 37.558, 37.995, 37.913, 37.771, 37.887, 37.936, 38.106, 38.181, 38.774, 40.086, 41.061, 41.504, 41.973, 42.211, 42.493, 42.993, 43.089, 42.761, 43.052, 43.758, 43.789, 43.439, 43.848, 44.019, 43.469, 43.183, 42.434, 40.438, 39.286, 39.352, 38.484, 37.022, 36.8, 37.205, 37.194, 38.779], [39.301, 38.404, 36.825, 36.112, 36.671, 36.216, 34.65, 34.06, 33.144, 30.654, 29.275, 29.073, 28.247, 25.781, 23.392, 21.763, 20.603, 19.512, 17.592, 14.65, 12.612, 11.526, 10.009, 6.126, 0.0, 6.312, 10.881, 13.274, 15.966, 19.912, 22.436, 23.978, 26.967, 30.716, 33.448, 34.646, 35.021, 35.376, 35.83, 36.011, 36.469, 37.113, 37.511, 37.48, 37.531, 37.783, 37.838, 37.63, 37.179, 37.016, 37.433, 37.871, 37.834, 37.718, 38.042, 38.414, 38.188, 37.482, 36.985, 37.032, 37.42, 37.497, 37.094, 37.084, 37.255, 37.004, 36.971, 37.466, 38.142, 38.487, 38.761, 39.225, 39.562, 39.543, 39.124, 38.879, 38.783, 38.381, 37.987, 37.906, 38.076, 38.247, 38.298, 38.271, 38.324, 38.307, 37.97, 37.875, 38.236, 38.536, 38.679, 38.532, 38.407, 38.421, 38.463, 38.825, 39.263, 39.371, 39.615, 40.484, 41.199, 41.135, 40.512, 39.992, 39.878, 39.79, 39.078, 38.468, 38.532, 39.332, 39.546, 39.075, 38.734, 38.24, 37.386, 38.028, 40.606, 43.074, 44.027, 43.853, 43.394, 42.881, 42.141, 41.976, 42.399, 42.571, 42.324, 41.893, 41.613, 41.124, 40.295, 39.747, 39.728, 40.062, 40.614, 41.189, 41.388, 