[[0.0, 4.575, 11.825, 18.133, 21.965, 24.322, 25.986, 28.936, 32.716, 34.504, 35.16, 36.39, 37.691, 37.925, 37.769, 38.17, 38.271, 38.552, 39.24, 39.591, 39.714, 39.678, 39.354, 39.111, 38.921, 38.79, 38.746, 38.785, 38.568, 38.229, 38.272, 38.607, 38.608, 38.695, 39.042, 39.1, 38.839, 38.508, 38.256, 38.127, 38.239, 38.325, 38.642, 39.389, 39.511, 39.283, 39.166, 39.284, 39.427, 39.755, 40.297, 40.763, 40.765, 40.666, 40.574, 40.425, 40.432, 40.535, 40.537, 40.537, 40.787, 41.032, 41.032, 41.461, 41.801, 41.757, 41.88, 41.064, 38.751, 37.882, 38.58, 39.788, 40.663, 40.764, 40.679, 40.538, 40.619, 41.415, 42.019, 41.269, 40.884, 41.259, 41.484, 40.994, 40.424, 40.262, 40.249, 40.297, 40.76, 41.244, 41.228, 40.437, 39.448, 38.982, 38.984, 39.289, 39.943, 41.071, 42.269, 42.68, 42.568, 42.484, 42.446, 42.342, 42.518, 43.192, 44.092, 44.534, 44.41, 43.966, 43.685, 43.921, 44.282, 44.494, 44.648, 44.739, 44.986, 44.437, 42.996, 42.197, 42.086, 42.116, 42.038, 41.727, 41.155, 40.78, 41.309, 42.208, 42.514, 42.635, 42.824, 42.948, 43.254, 43.103, 42.292, 41.897, 42.053, 42.194, 42.315, 42.557, 42.329, 42.203, 42.687, 42.414, 41.065, 40.022, 39.425, 38.879, 38.831, 39.309, 39.806, 39.633, 39.51, 40.288, 40.65, 40.329, 40.234, 40.143, 39.917, 40.097, 40.458, 40.583, 40.558, 40.63, 40.908, 41.241, 41.491, 41.509, 41.294, 41.345, 41.542, 41.52, 41.381, 41.455, 41.73, 41.895, 41.941, 42.266, 42.655, 42.545, 41.773, 41.07, 41.386, 41.612, 41.504, 41.387, 41.294, 41.341, 41.511, 41.551, 41.477, 41.509, 41.623, 41.597, 41.471, 41.59, 41.714, 41.638, 41.66, 41.907, 42.149, 42.263, 42.213, 42.251, 42.015, 6.149], [4.575, 0.0, 8.74, 16.284, 20.602, 22.955, 24.642, 27.925, 32.055, 33.979, 34.702, 35.993, 37.305, 37.536, 37.448, 37.949, 38.096, 38.419, 39.147, 39.508, 39.653, 39.659, 39.339, 39.066, 38.86, 38.765, 38.772, 38.838, 38.631, 38.293, 38.347, 38.715, 38.748, 38.828, 39.173, 39.24, 38.964, 38.623, 38.383, 38.264, 38.371, 38.463, 38.777, 39.508, 39.632, 39.411, 39.285, 39.393, 39.539, 39.861, 40.389, 40.856, 40.866, 40.766, 40.674, 40.526, 40.537, 40.639, 40.64, 40.645, 40.894, 41.132, 41.149, 41.602, 41.934, 41.866, 41.969, 41.171, 38.919, 38.095, 38.757, 39.87, 40.661, 40.742, 40.667, 40.537, 40.616, 41.391, 41.982, 41.234, 40.848, 41.21, 41.422, 40.934, 40.357, 40.186, 40.172, 40.227, 40.694, 41.188, 41.186, 40.416, 39.455, 39.0, 39.014, 39.333, 39.979, 41.11, 42.344, 42.793, 42.701, 42.624, 42.588, 42.488, 42.673, 43.34, 44.22, 44.66, 44.539, 44.084, 43.788, 44.022, 44.378, 44.566, 44.693, 44.778, 45.037, 44.496, 43.08, 42.31, 42.216, 42.234, 42.159, 41.879, 41.314, 40.895, 41.339, 42.166, 42.45, 42.568, 42.753, 42.877, 43.182, 43.038, 42.233, 41.841, 42.005, 42.153, 42.273, 42.519, 42.303, 42.179, 42.652, 42.374, 41.047, 40.039, 39.466, 38.916, 38.799, 39.177, 39.615, 39.485, 39.496, 40.414, 40.849, 40.535, 40.435, 40.346, 40.123, 40.289, 40.637, 40.764, 40.747, 40.815, 41.074, 41.387, 41.641, 41.664, 41.441, 41.483, 41.684, 41.661, 41.515, 41.594, 41.897, 42.076, 42.115, 42.434, 42.828, 42.727, 41.961, 41.275, 41.603, 41.837, 41.738, 41.626, 41.531, 41.583, 41.754, 41.79, 41.714, 41.744, 41.843, 41.794, 41.665, 41.796, 41.925, 41.841, 41.853, 42.1, 42.351, 42.469, 42.421, 42.463, 42.228, 8.424], [11.825, 8.74, 0.0, 9.712, 16.258, 19.316, 21.027, 25.122, 30.263, 32.572, 33.443, 34.923, 36.376, 36.648, 36.609, 37.241, 37.471, 37.836, 38.622, 39.045, 39.248, 39.315, 39.036, 38.765, 38.601, 38.56, 38.594, 38.684, 38.501, 38.153, 38.2, 38.59, 38.666, 38.725, 39.049, 39.105, 38.829, 38.51, 38.281, 38.158, 38.248, 38.344, 38.715, 39.507, 39.656, 39.404, 39.233, 39.338, 39.491, 39.761, 40.217, 40.662, 40.675, 40.575, 40.468, 40.293, 40.301, 40.416, 40.421, 40.429, 40.691, 40.912, 40.902, 41.361, 41.722, 41.675, 41.784, 41.014, 38.778, 37.933, 38.658, 39.927, 40.816, 40.981, 40.913, 40.774, 40.888, 41.665, 42.201, 41.413, 41.0, 41.358, 41.567, 41.065, 40.461, 40.292, 40.313, 40.399, 40.896, 41.433, 41.435, 40.595, 39.52, 38.987, 39.002, 39.305, 39.869, 40.921, 42.121, 42.6, 42.534, 42.485, 42.474, 42.387, 42.606, 43.334, 44.261, 44.732, 44.629, 44.137, 43.765, 43.971, 44.315, 44.471, 44.588, 44.699, 45.0, 44.446, 42.968, 42.177, 42.116, 42.158, 42.091, 41.835, 41.274, 40.83, 41.23, 42.001, 42.271, 42.378, 42.56, 42.672, 42.953, 42.819, 42.028, 41.626, 41.79, 42.004, 42.241, 42.571, 42.364, 42.221, 42.702, 42.422, 41.065, 40.012, 39.355, 38.721, 38.544, 38.877, 39.284, 39.166, 39.212, 40.211, 40.727, 40.401, 40.278, 40.196, 39.971, 40.091, 40.397, 40.507, 40.49, 40.561, 40.79, 41.056, 41.317, 41.353, 41.127, 41.16, 41.338, 41.301, 41.165, 41.239, 41.526, 41.702, 41.733, 42.057, 42.488, 42.412, 41.631, 40.98, 41.39, 41.645, 41.537, 41.43, 41.337, 41.381, 41.541, 41.566, 41.497, 41.542, 41.613, 41.504, 41.364, 41.532, 41.673, 41.548, 41.536, 41.787, 42.051, 42.165, 42.111, 42.157, 41.921, 14.188], [18.133, 16.284, 9.712, 0.0, 8.859, 13.737, 15.786, 20.639, 27.184, 30.184, 31.345, 33.108, 34.765, 35.139, 35.239, 36.092, 36.439, 36.838, 37.66, 38.141, 38.418, 38.606, 38.494, 38.375, 38.349, 38.376, 38.422, 38.523, 38.346, 37.944, 37.914, 38.249, 38.317, 38.363, 38.69, 38.735, 38.474, 38.217, 38.016, 37.879, 37.963, 38.079, 38.517, 39.396, 39.547, 39.241, 39.084, 39.256, 39.404, 39.588, 39.992, 40.436, 40.445, 40.338, 40.222, 40.023, 40.037, 40.185, 40.2, 40.197, 40.463, 40.64, 40.563, 40.998, 41.38, 41.355, 41.475, 40.643, 38.275, 37.397, 38.231, 39.706, 40.622, 40.783, 40.72, 40.564, 40.722, 41.502, 41.974, 41.176, 40.793, 41.165, 41.383, 40.884, 40.272, 40.117, 40.183, 40.327, 40.894, 41.482, 41.461, 40.539, 39.372, 38.815, 38.836, 39.069, 39.556, 40.575, 41.741, 42.192, 42.094, 42.052, 42.064, 41.984, 42.215, 42.994, 44.006, 44.547, 44.48, 43.965, 43.527, 43.732, 44.103, 44.243, 44.336, 44.468, 44.8, 44.207, 42.6, 41.743, 41.679, 41.729, 41.648, 41.361, 40.782, 40.335, 40.756, 41.511, 41.726, 41.799, 41.973, 42.031, 42.26, 42.15, 41.374, 40.955, 41.129, 41.444, 41.873, 42.365, 42.181, 41.984, 42.44, 42.137, 40.671, 39.474, 38.735, 38.075, 37.932, 38.322, 38.74, 38.594, 38.614, 39.717, 40.318, 39.983, 39.835, 39.759, 39.529, 39.591, 39.841, 39.927, 39.904, 39.974, 40.185, 40.422, 40.664, 40.691, 40.485, 40.531, 40.656, 40.599, 40.517, 40.615, 40.868, 41.029, 41.084, 41.434, 41.875, 41.783, 40.958, 40.327, 40.801, 41.065, 40.933, 40.808, 40.696, 40.727, 40.874, 40.883, 40.819, 40.881, 40.944, 40.813, 40.674, 40.873, 41.028, 40.896, 40.883, 41.134, 41.398, 41.509, 41.453, 41.49, 41.248, 20.414], [21.965, 20.602, 16.258, 8.859, 0.0, 6.799, 10.76, 17.275, 25.01, 28.602, 30.025, 32.0, 33.746, 34.233, 34.658, 35.814, 36.266, 36.74, 37.629, 38.149, 38.466, 38.766, 38.841, 38.901, 38.989, 39.07, 39.151, 39.251, 39.051, 38.66, 38.673, 39.026, 39.118, 39.206, 39.564, 39.636, 39.41, 39.189, 39.005, 38.868, 38.946, 39.067, 39.477, 40.305, 40.421, 40.135, 40.043, 40.249, 40.389, 40.542, 40.896, 41.299, 41.302, 41.195, 41.08, 40.881, 40.882, 41.018, 41.029, 41.031, 41.282, 41.415, 41.318, 41.735, 42.087, 42.043, 42.161, 41.271, 38.863, 38.104, 38.91, 40.099, 40.576, 40.501, 40.414, 40.27, 40.429, 41.111, 41.483, 40.748, 40.479, 40.856, 41.064, 40.64, 40.131, 40.009, 40.067, 40.266, 40.93, 41.523, 41.437, 40.549, 39.59, 39.258, 39.339, 39.516, 40.016, 41.153, 42.414, 42.845, 42.739, 42.692, 42.676, 42.584, 42.813, 43.577, 44.572, 45.111, 45.074, 44.593, 44.14, 44.327, 44.69, 44.8, 44.86, 45.001, 45.322, 44.716, 43.128, 42.201, 42.042, 42.056, 41.975, 41.707, 41.136, 40.605, 40.863, 41.45, 41.522, 41.554, 41.704, 41.689, 41.848, 41.763, 41.037, 40.623, 40.794, 41.154, 41.696, 42.324, 42.213, 41.982, 42.369, 42.056, 40.587, 39.306, 38.603, 38.112, 38.066, 38.421, 38.757, 38.618, 38.896, 40.339, 41.035, 40.745, 40.611, 40.536, 40.326, 40.387, 40.617, 40.704, 40.685, 40.75, 40.961, 41.198, 41.407, 41.4, 41.195, 41.24, 41.344, 41.28, 41.229, 41.355, 41.609, 41.774, 41.852, 42.184, 42.571, 42.455, 41.675, 41.089, 41.533, 41.778, 41.648, 41.506, 41.369, 41.387, 41.5, 41.478, 41.396, 41.42, 41.487, 41.385, 41.248, 41.435, 41.609, 41.538, 41.537, 41.77, 42.025, 42.129, 42.094, 42.121, 41.862, 24.1], [24.322, 22.955, 19.316, 13.737, 6.799, 0.0, 6.757, 16.192, 24.824, 28.551, 29.904, 31.857, 33.623, 34.246, 34.951, 36.292, 36.807, 37.381, 38.357, 38.88, 39.161, 39.499, 39.679, 39.797, 39.854, 39.915, 40.039, 40.148, 39.941, 39.61, 39.768, 40.273, 40.486, 40.643, 41.013, 41.107, 40.916, 40.701, 40.511, 40.39, 40.467, 40.579, 40.94, 41.648, 41.717, 41.473, 41.42, 41.608, 41.727, 41.866, 42.161, 42.509, 42.515, 42.418, 42.317, 42.147, 42.143, 42.248, 42.258, 42.294, 42.529, 42.633, 42.558, 42.967, 43.284, 43.234, 43.364, 42.533, 40.282, 39.653, 40.374, 41.274, 41.34, 40.991, 40.852, 40.722, 40.848, 41.425, 41.749, 41.102, 40.909, 41.253, 41.433, 41.086, 40.674, 40.567, 40.583, 40.779, 41.47, 42.045, 41.93, 41.108, 40.362, 40.25, 40.427, 40.615, 41.089, 42.244, 43.556, 43.967, 43.882, 43.849, 43.8, 43.688, 43.92, 44.659, 45.573, 46.049, 46.015, 45.567, 45.109, 45.244, 45.55, 45.619, 45.666, 45.815, 46.131, 45.554, 44.079, 43.131, 42.914, 42.911, 42.868, 42.685, 42.148, 41.533, 41.597, 41.999, 41.995, 42.03, 42.154, 42.089, 42.21, 42.165, 41.505, 41.097, 41.242, 41.596, 42.139, 42.804, 42.782, 42.599, 42.95, 42.672, 41.343, 40.089, 39.405, 39.055, 39.039, 39.256, 39.457, 39.369, 39.94, 41.601, 42.311, 42.089, 42.004, 41.921, 41.734, 41.837, 42.067, 42.16, 42.162, 42.231, 42.443, 42.692, 42.887, 42.856, 42.64, 42.668, 42.776, 42.726, 42.68, 42.832, 43.125, 43.301, 43.373, 43.672, 44.01, 43.89, 43.19, 42.643, 43.021, 43.239, 43.122, 42.977, 42.828, 42.832, 42.902, 42.852, 42.748, 42.717, 42.765, 42.681, 42.557, 42.729, 42.901, 42.859, 42.843, 43.062, 43.313, 43.403, 43.371, 43.388, 43.118, 26.157], [25.986, 24.642, 21.027, 15.786, 10.76, 6.757, 0.0, 11.488, 21.896, 26.387, 27.904, 29.937, 31.784, 32.514, 33.417, 34.974, 35.632, 36.34, 37.43, 38.003, 38.299, 38.676, 38.961, 39.151, 39.176, 39.232, 39.414, 39.578, 39.391, 39.047, 39.204, 39.79, 40.127, 40.334, 40.704, 40.775, 40.59, 40.424, 40.29, 40.214, 40.289, 40.341, 40.66, 41.349, 41.411, 41.153, 41.091, 41.286, 41.403, 41.53, 41.821, 42.178, 42.194, 42.11, 42.006, 41.826, 41.829, 41.946, 41.956, 42.005, 42.243, 42.331, 42.269, 42.688, 42.993, 42.939, 43.102, 42.354, 40.188, 39.574, 40.32, 41.335, 41.459, 41.093, 40.954, 40.812, 40.913, 41.491, 41.842, 41.21, 41.002, 41.32, 41.469, 41.068, 40.6, 40.474, 40.484, 40.644, 41.305, 41.895, 41.79, 40.956, 40.192, 40.078, 40.265, 40.481, 40.939, 42.028, 43.297, 43.689, 43.572, 43.533, 43.486, 43.361, 43.585, 44.333, 45.246, 45.709, 45.655, 45.184, 44.719, 44.854, 45.151, 45.214, 45.276, 45.439, 45.765, 45.186, 43.729, 42.843, 42.709, 42.733, 42.69, 42.508, 41.974, 41.403, 41.583, 42.093, 42.137, 42.179, 42.311, 42.288, 42.447, 42.379, 41.692, 41.286, 41.433, 41.767, 42.271, 42.922, 42.913, 42.734, 43.066, 42.816, 41.583, 40.348, 39.549, 39.096, 39.028, 39.212, 39.366, 39.178, 39.653, 41.294, 41.991, 41.772, 41.714, 41.641, 41.446, 41.552, 41.796, 41.896, 41.905, 41.983, 42.229, 42.529, 42.762, 42.731, 42.49, 42.496, 42.604, 42.569, 42.529, 42.691, 43.013, 43.191, 43.254, 43.559, 43.894, 43.764, 43.038, 42.445, 42.791, 43.0, 42.877, 42.717, 42.555, 42.564, 42.643, 42.595, 42.503, 42.453, 42.462, 42.385, 42.299, 42.49, 42.654, 42.603, 42.576, 42.781, 43.018, 43.098, 43.063, 43.086, 42.827, 27.776], [28.936, 27.925, 25.122, 20.639, 17.275, 16.192, 11.488, 0.0, 12.582, 19.19, 21.93, 24.7, 26.919, 27.872, 29.115, 31.144, 32.092, 33.008, 34.324, 35.091, 35.515, 35.956, 36.383, 36.806, 36.988, 37.162, 37.461, 37.761, 37.648, 37.318, 37.43, 37.939, 38.246, 38.482, 38.888, 38.919, 38.691, 38.612, 38.666, 38.708, 38.752, 38.664, 38.932, 39.711, 39.791, 39.46, 39.36, 39.606, 39.787, 39.96, 40.275, 40.65, 40.66, 40.594, 40.465, 40.212, 40.225, 40.424, 40.46, 40.476, 40.703, 40.78, 40.71, 41.146, 41.436, 41.36, 41.614, 40.968, 38.737, 37.983, 38.855, 40.407, 41.177, 41.166, 41.102, 40.908, 40.996, 41.665, 42.042, 41.302, 41.003, 41.319, 41.449, 40.873, 40.19, 39.997, 40.036, 40.146, 40.722, 41.319, 41.216, 40.257, 39.205, 38.82, 38.898, 39.099, 39.493, 40.404, 41.542, 41.988, 41.82, 41.768, 41.791, 41.705, 41.901, 42.648, 43.642, 44.194, 44.144, 43.636, 43.192, 43.404, 43.763, 43.89, 44.019, 44.227, 44.589, 43.953, 42.381, 41.603, 41.627, 41.688, 41.601, 41.352, 40.799, 40.389, 40.995, 41.962, 42.188, 42.215, 42.386, 42.562, 42.925, 42.785, 41.972, 41.604, 41.85, 42.167, 42.554, 43.074, 42.935, 42.658, 42.951, 42.637, 41.257, 39.828, 38.745, 38.004, 37.888, 38.244, 38.444, 37.816, 37.719, 39.292, 40.107, 39.831, 39.738, 39.717, 39.482, 39.505, 39.782, 39.914, 39.903, 39.975, 40.264, 40.65, 40.974, 40.984, 40.737, 40.756, 40.883, 40.846, 40.786, 40.925, 41.251, 41.434, 41.495, 41.83, 42.2, 42.059, 41.191, 40.43, 40.766, 41.0, 40.865, 40.686, 40.509, 40.564, 40.737, 40.749, 40.704, 40.675, 40.619, 40.518, 40.461, 40.681, 40.844, 40.779, 40.762, 40.945, 41.158, 41.246, 41.202, 41.231, 40.97, 30.681], [32.716, 32.055, 30.263, 27.184, 25.01, 24.824, 21.896, 12.582, 0.0, 9.15, 14.714, 19.321, 22.301, 23.62, 25.02, 27.299, 28.435, 29.576, 31.21, 32.268, 32.844, 33.245, 33.673, 34.34, 34.793, 35.19, 35.642, 36.096, 36.102, 35.917, 36.175, 36.662, 36.811, 37.031, 37.533, 37.559, 37.258, 37.236, 37.489, 37.669, 37.693, 37.502, 37.756, 38.632, 38.7, 38.293, 38.173, 38.481, 38.756, 38.994, 39.318, 39.692, 39.691, 39.637, 39.501, 39.221, 39.263, 39.568, 39.662, 39.603, 39.754, 39.857, 39.791, 40.186, 40.437, 40.361, 40.769, 40.324, 38.001, 36.928, 37.883, 40.066, 41.728, 42.196, 42.182, 41.921, 41.977, 42.728, 43.143, 42.303, 41.907, 42.23, 42.382, 41.684, 40.801, 40.535, 40.594, 40.631, 41.08, 41.663, 41.584, 40.488, 39.062, 38.294, 38.23, 38.405, 38.666, 39.251, 40.107, 40.57, 40.361, 40.299, 40.422, 40.415, 40.581, 41.276, 42.305, 42.944, 42.908, 42.376, 41.972, 42.257, 42.682, 42.935, 43.185, 43.427, 43.828, 43.167, 41.47, 40.811, 40.976, 41.056, 40.961, 40.703, 40.155, 39.93, 40.957, 42.375, 42.808, 42.805, 42.991, 43.39, 44.031, 43.87, 42.949, 42.633, 43.019, 43.351, 43.572, 43.863, 43.558, 43.211, 43.489, 43.075, 41.465, 39.824, 38.48, 37.422, 37.232, 37.787, 38.104, 37.064, 36.298, 37.67, 38.614, 38.316, 38.168, 38.207, 37.948, 37.877, 38.179, 38.343, 38.306, 38.348, 38.625, 39.039, 39.425, 39.484, 39.246, 39.296, 39.452, 39.404, 39.313, 39.445, 39.798, 39.998, 40.056, 40.419, 40.83, 40.689, 39.655, 38.65, 38.937, 39.209, 39.094, 38.932, 38.766, 38.878, 39.167, 39.252, 39.238, 39.227, 39.094, 38.925, 38.862, 39.112, 39.289, 39.201, 39.206, 39.397, 39.619, 39.73, 39.668, 39.685, 39.394, 34.192], [34.504, 33.979, 32.572, 30.184, 28.602, 28.551, 26.387, 19.19, 9.15, 0.0, 8.27, 15.699, 19.904, 21.335, 22.339, 24.491, 25.678, 27.0, 28.932, 30.225, 30.86, 31.187, 31.587, 32.354, 32.933, 33.491, 34.047, 34.563, 34.641, 34.666, 35.255, 35.904, 35.989, 36.222, 36.842, 36.889, 36.57, 36.592, 36.894, 37.09, 37.125, 36.936, 37.189, 38.11, 38.181, 37.735, 37.585, 37.908, 38.206, 38.46, 38.803, 39.201, 39.196, 39.135, 38.99, 38.699, 38.743, 39.101, 39.239, 39.143, 39.271, 39.417, 39.343, 39.682, 39.902, 39.814, 40.291, 39.994, 37.655, 36.366, 37.317, 39.843, 41.978, 42.611, 42.558, 42.262, 42.309, 43.115, 43.594, 42.741, 42.306, 42.635, 42.821, 42.113, 41.168, 40.877, 40.947, 40.957, 41.365, 41.975, 41.948, 40.8, 39.179, 38.19, 38.045, 38.252, 38.51, 38.975, 39.678, 40.097, 39.856, 39.807, 39.98, 39.991, 40.125, 40.757, 41.741, 42.369, 42.314, 41.772, 41.388, 41.684, 42.131, 42.457, 42.751, 42.974, 43.378, 42.695, 40.879, 40.197, 40.387, 40.478, 40.434, 40.245, 39.723, 39.571, 40.741, 42.325, 42.854, 42.859, 43.037, 43.518, 44.33, 44.227, 43.273, 42.962, 43.411, 43.774, 43.929, 44.11, 43.745, 43.396, 43.7, 43.273, 41.614, 39.939, 38.494, 37.26, 36.982, 37.585, 37.969, 36.858, 35.873, 37.06, 37.991, 37.679, 37.5, 37.565, 37.305, 37.184, 37.485, 37.657, 37.607, 37.634, 37.874, 38.231, 38.6, 38.666, 38.419, 38.474, 38.643, 38.582, 38.442, 38.543, 38.924, 39.139, 39.183, 39.55, 39.979, 39.856, 38.772, 37.65, 37.927, 38.233, 38.117, 37.951, 37.812, 37.972, 38.328, 38.46, 38.457, 38.439, 38.265, 38.058, 37.994, 38.271, 38.462, 38.375, 38.435, 38.7, 38.953, 39.067, 38.993, 39.002, 38.713, 35.773], [35.16, 34.702, 33.443, 31.345, 30.025, 29.904, 27.904, 21.93, 14.714, 8.27, 0.0, 9.513, 15.53, 17.879, 19.029, 21.297, 22.715, 24.493, 26.847, 28.31, 28.992, 29.424, 30.033, 30.949, 31.543, 32.176, 32.863, 33.421, 33.493, 33.649, 34.554, 35.508, 35.779, 36.147, 36.836, 36.912, 36.632, 36.692, 36.993, 37.171, 37.179, 36.997, 37.273, 38.186, 38.251, 37.813, 37.662, 37.956, 38.182, 38.376, 38.714, 39.128, 39.117, 39.046, 38.9, 38.616, 38.648, 38.991, 39.144, 39.077, 39.212, 39.338, 39.263, 39.613, 39.828, 39.724, 40.177, 39.888, 37.66, 36.518, 37.449, 39.932, 42.069, 42.629, 42.513, 42.233, 42.319, 43.146, 43.657, 42.843, 42.391, 42.726, 42.948, 42.275, 41.335, 41.031, 41.1, 41.126, 41.535, 42.138, 42.133, 40.997, 39.331, 38.268, 38.102, 38.367, 38.685, 39.18, 39.876, 40.238, 39.971, 39.914, 40.064, 40.071, 40.219, 40.847, 41.8, 42.4, 42.353, 41.867, 41.521, 41.8, 42.225, 42.537, 42.808, 43.026, 43.411, 42.673, 40.797, 40.044, 40.195, 40.279, 40.255, 40.108, 39.628, 39.417, 40.421, 41.941, 42.53, 42.576, 42.725, 43.176, 44.01, 43.941, 43.002, 42.677, 43.109, 43.474, 43.636, 43.84, 43.52, 43.206, 43.516, 43.105, 41.459, 39.758, 38.318, 37.102, 36.786, 37.306, 37.604, 36.551, 35.849, 37.21, 38.157, 37.857, 37.663, 37.722, 37.511, 37.435, 37.728, 37.884, 37.848, 37.896, 38.104, 38.364, 38.67, 38.744, 38.505, 38.537, 38.7, 38.649, 38.486, 38.556, 38.945, 39.159, 39.201, 39.569, 39.998, 39.923, 38.951, 37.903, 38.194, 38.502, 38.374, 38.177, 38.047, 38.23, 38.589, 38.726, 38.74, 38.746, 38.592, 38.403, 38.344, 38.614, 38.797, 38.699, 38.769, 39.087, 39.354, 39.451, 39.364, 39.351, 39.092, 36.323], [36.39, 35.993, 34.923, 33.108, 32.0, 31.857, 29.937, 24.7, 19.321, 15.699, 9.513, 0.0, 7.959, 12.774, 15.368, 18.036, 19.74, 22.263, 25.106, 26.642, 27.398, 28.086, 29.061, 30.286, 31.04, 31.83, 32.715, 33.363, 33.394, 33.512, 34.538, 35.761, 36.308, 36.858, 37.566, 37.675, 37.464, 37.578, 37.938, 38.144, 38.058, 37.827, 38.159, 39.035, 39.044, 38.63, 38.532, 38.806, 38.93, 39.004, 39.279, 39.667, 39.644, 39.571, 39.444, 39.207, 39.256, 39.559, 39.704, 39.682, 39.797, 39.867, 39.857, 40.3, 40.542, 40.469, 40.894, 40.523, 38.444, 37.627, 38.547, 40.766, 42.602, 42.976, 42.824, 42.581, 42.696, 43.493, 43.99, 43.207, 42.748, 43.092, 43.337, 42.697, 41.775, 41.456, 41.515, 41.569, 41.972, 42.515, 42.501, 41.426, 39.804, 38.746, 38.595, 38.904, 39.236, 39.735, 40.421, 40.742, 40.481, 40.411, 40.506, 40.52, 40.704, 41.337, 42.256, 42.822, 42.784, 42.36, 42.065, 42.335, 42.729, 43.0, 43.239, 43.461, 43.811, 43.054, 41.283, 40.588, 40.736, 40.789, 40.724, 40.573, 40.136, 39.83, 40.602, 42.036, 42.712, 42.791, 42.91, 43.318, 44.101, 44.02, 43.106, 42.778, 43.161, 43.472, 43.597, 43.818, 43.566, 43.289, 43.57, 43.153, 41.519, 39.816, 38.477, 37.39, 37.063, 37.433, 37.591, 36.66, 36.382, 38.033, 39.069, 38.823, 38.64, 38.685, 38.523, 38.505, 38.775, 38.909, 38.898, 38.963, 39.155, 39.369, 39.629, 39.721, 39.516, 39.527, 39.676, 39.664, 39.544, 39.63, 40.025, 40.226, 40.269, 40.625, 41.036, 40.997, 40.156, 39.228, 39.496, 39.775, 39.645, 39.445, 39.331, 39.505, 39.809, 39.907, 39.929, 39.964, 39.839, 39.685, 39.641, 39.887, 40.045, 39.925, 39.971, 40.293, 40.574, 40.683, 40.598, 40.559, 40.364, 37.498], [37.691, 37.305, 36.376, 34.765, 33.746, 33.623, 31.784, 26.919, 22.301, 19.904, 15.53, 7.959, 0.0, 7.152, 12.435, 16.306, 18.142, 20.953, 23.994, 25.504, 26.321, 27.25, 28.519, 29.994, 30.999, 32.042, 33.103, 33.813, 33.858, 33.97, 35.016, 36.356, 37.085, 37.783, 38.517, 38.658, 38.491, 38.651, 39.099, 39.371, 39.243, 38.955, 39.286, 40.101, 40.044, 39.632, 39.569, 39.831, 39.907, 39.909, 40.118, 40.458, 40.425, 40.363, 40.244, 40.033, 40.095, 40.36, 40.487, 40.514, 40.636, 40.665, 40.713, 41.237, 41.486, 41.432, 41.835, 41.42, 39.48, 38.855, 39.727, 41.681, 43.242, 43.509, 43.377, 43.151, 43.268, 44.027, 44.483, 43.705, 43.264, 43.61, 43.859, 43.247, 42.356, 42.038, 42.092, 42.176, 42.592, 43.089, 43.053, 42.038, 40.499, 39.485, 39.356, 39.671, 39.983, 40.451, 41.083, 41.353, 41.106, 41.036, 41.093, 41.092, 41.278, 41.911, 42.803, 43.328, 43.276, 42.895, 42.661, 42.933, 43.288, 43.517, 43.736, 43.947, 44.262, 43.527, 41.917, 41.338, 41.492, 41.52, 41.429, 41.276, 40.881, 40.568, 41.264, 42.66, 43.359, 43.453, 43.559, 43.915, 44.619, 44.519, 43.634, 43.318, 43.663, 43.908, 43.969, 44.178, 43.979, 43.742, 43.995, 43.571, 41.992, 40.377, 39.155, 38.161, 37.812, 38.069, 38.139, 37.287, 37.213, 38.976, 40.069, 39.861, 39.703, 39.754, 39.611, 39.605, 39.863, 39.997, 40.002, 40.074, 40.276, 40.505, 40.737, 40.815, 40.632, 40.64, 40.797, 40.842, 40.779, 40.892, 41.291, 41.477, 41.515, 41.844, 42.218, 42.173, 41.41, 40.553, 40.758, 41.007, 40.872, 40.662, 40.566, 40.73, 40.985, 41.056, 41.077, 41.106, 40.973, 40.836, 40.812, 41.045, 41.189, 41.071, 41.105, 41.416, 41.696, 41.811, 41.737, 41.698, 41.563, 38.761], [37.925, 37.536, 36.648, 35.139, 34.233, 34.246, 32.514, 27.872, 23.62, 21.335, 17.879, 12.774, 7.152, 0.0, 7.63, 13.593, 16.09, 18.816, 21.933, 23.626, 24.534, 25.506, 26.853, 28.46, 29.687, 30.949, 32.104, 32.846, 32.965, 33.223, 34.412, 35.838, 36.638, 37.461, 38.281, 38.429, 38.283, 38.494, 38.997, 39.342, 39.275, 38.964, 39.242, 40.043, 39.97, 39.513, 39.42, 39.675, 39.769, 39.789, 39.977, 40.286, 40.248, 40.191, 40.048, 39.798, 39.843, 40.1, 40.218, 40.26, 40.425, 40.466, 40.495, 41.003, 41.241, 41.171, 41.58, 41.207, 39.297, 38.639, 39.54, 41.547, 43.149, 43.458, 43.332, 43.086, 43.188, 43.949, 44.39, 43.594, 43.175, 43.525, 43.774, 43.161, 42.267, 41.961, 42.023, 42.103, 42.528, 43.046, 43.004, 41.954, 40.381, 39.338, 39.199, 39.523, 39.857, 40.336, 40.933, 41.16, 40.905, 40.854, 40.934, 40.914, 41.061, 41.705, 42.636, 43.158, 43.078, 42.706, 42.518, 42.801, 43.143, 43.38, 43.625, 43.819, 44.114, 43.383, 41.789, 41.26, 41.432, 41.471, 41.391, 41.242, 40.861, 40.621, 41.432, 42.883, 43.551, 43.637, 43.757, 44.079, 44.724, 44.602, 43.711, 43.394, 43.72, 43.935, 43.978, 44.172, 43.959, 43.743, 44.028, 43.6, 42.026, 40.459, 39.237, 38.194, 37.818, 38.108, 38.238, 37.405, 37.188, 38.746, 39.772, 39.543, 39.398, 39.459, 39.29, 39.28, 39.57, 39.719, 39.73, 39.815, 40.039, 40.291, 40.528, 40.598, 40.415, 40.43, 40.604, 40.69, 40.652, 40.771, 41.171, 41.36, 41.392, 41.715, 42.082, 42.023, 41.263, 40.405, 40.6, 40.863, 40.719, 40.49, 40.401, 40.568, 40.822, 40.909, 40.946, 40.97, 40.81, 40.66, 40.637, 40.872, 41.016, 40.909, 40.944, 41.248, 41.516, 41.614, 41.541, 41.526, 41.417, 38.937], [37.769, 37.448, 36.609, 35.239, 34.658, 34.951, 33.417, 29.115, 25.02, 22.339, 19.029, 15.368, 12.435, 7.63, 0.0, 7.644, 11.816, 15.199, 18.583, 20.668, 21.735, 22.543, 23.801, 25.545, 27.009, 28.442, 29.638, 30.436, 30.663, 31.064, 32.445, 33.994, 34.807, 35.719, 36.665, 36.801, 36.672, 36.979, 37.526, 37.92, 37.951, 37.653, 37.939, 38.86, 38.833, 38.311, 38.168, 38.465, 38.615, 38.662, 38.865, 39.183, 39.135, 39.065, 38.881, 38.553, 38.568, 38.852, 38.976, 38.981, 39.182, 39.287, 39.252, 39.691, 39.945, 39.889, 40.35, 40.023, 38.027, 37.194, 38.245, 40.691, 42.622, 43.065, 42.923, 42.621, 42.679, 43.477, 43.963, 43.137, 42.683, 43.041, 43.289, 42.613, 41.646, 41.336, 41.413, 41.469, 41.897, 42.478, 42.468, 41.312, 39.55, 38.338, 38.116, 38.44, 38.813, 39.289, 39.809, 39.992, 39.732, 39.712, 39.831, 39.815, 39.941, 40.58, 41.537, 42.078, 41.987, 41.608, 41.443, 41.757, 42.139, 42.445, 42.739, 42.915, 43.211, 42.459, 40.739, 40.201, 40.408, 40.471, 40.41, 40.26, 39.858, 39.676, 40.738, 42.432, 43.163, 43.247, 43.39, 43.756, 44.444, 44.301, 43.34, 42.999, 43.346, 43.585, 43.642, 43.798, 43.507, 43.285, 43.639, 43.21, 41.558, 39.946, 38.616, 37.378, 36.93, 37.34, 37.649, 36.866, 36.306, 37.366, 38.193, 37.902, 37.733, 37.794, 37.603, 37.591, 37.921, 38.08, 38.09, 38.194, 38.422, 38.659, 38.928, 39.031, 38.85, 38.872, 39.047, 39.137, 39.093, 39.213, 39.631, 39.845, 39.885, 40.24, 40.655, 40.6, 39.755, 38.812, 39.041, 39.328, 39.161, 38.93, 38.85, 39.022, 39.303, 39.425, 39.478, 39.506, 39.318, 39.143, 39.119, 39.385, 39.535, 39.405, 39.471, 39.82, 40.097, 40.167, 40.064, 40.078, 39.976, 38.688], [38.17, 37.949, 37.241, 36.092, 35.814, 36.292, 34.974, 31.144, 27.299, 24.491, 21.297, 18.036, 16.306, 13.593, 7.644, 0.0, 6.43, 11.979, 16.053, 18.373, 19.591, 20.291, 21.476, 23.39, 25.101, 26.691, 27.921, 28.743, 29.047, 29.511, 30.967, 32.604, 33.453, 34.448, 35.5, 35.643, 35.56, 36.011, 36.634, 37.039, 37.145, 36.901, 37.254, 38.285, 38.303, 37.757, 37.605, 37.94, 38.132, 38.196, 38.413, 38.744, 38.688, 38.605, 38.398, 38.036, 38.039, 38.337, 38.458, 38.416, 38.594, 38.725, 38.652, 39.03, 39.309, 39.305, 39.814, 39.499, 37.466, 36.524, 37.633, 40.337, 42.479, 43.043, 42.916, 42.581, 42.601, 43.413, 43.938, 43.102, 42.614, 42.974, 43.212, 42.496, 41.503, 41.193, 41.277, 41.332, 41.772, 42.392, 42.42, 41.24, 39.392, 38.076, 37.754, 38.011, 38.371, 38.814, 39.24, 39.397, 39.163, 39.147, 39.254, 39.237, 39.348, 39.952, 40.88, 41.401, 41.297, 40.914, 40.762, 41.088, 41.498, 41.861, 42.18, 42.333, 42.629, 41.87, 40.077, 39.528, 39.75, 39.816, 39.754, 39.611, 39.213, 39.054, 40.284, 42.205, 43.051, 43.148, 43.3, 43.731, 44.5, 44.367, 43.364, 43.008, 43.381, 43.642, 43.694, 43.813, 43.484, 43.269, 43.664, 43.242, 41.558, 39.946, 38.58, 37.212, 36.713, 37.2, 37.604, 36.827, 36.019, 36.692, 37.371, 37.051, 36.864, 36.929, 36.746, 36.724, 37.048, 37.201, 37.209, 37.327, 37.554, 37.771, 38.043, 38.162, 37.979, 37.994, 38.158, 38.248, 38.188, 38.295, 38.713, 38.945, 39.005, 39.398, 39.866, 39.831, 38.947, 37.977, 38.24, 38.539, 38.365, 38.135, 38.054, 38.219, 38.512, 38.648, 38.697, 38.722, 38.524, 38.351, 38.341, 38.629, 38.761, 38.58, 38.662, 39.049, 39.334, 39.398, 39.261, 39.26, 39.168, 39.002], [38.271, 38.096, 37.471, 36.439, 36.266, 36.807, 35.632, 32.092, 28.435, 25.678, 22.715, 19.74, 18.142, 16.09, 11.816, 6.43, 0.0, 7.308, 12.718, 15.46, 16.753, 17.642, 19.145, 21.379, 23.413, 25.253, 26.568, 27.382, 27.72, 28.289, 29.844, 31.551, 32.445, 33.5, 34.623, 34.803, 34.736, 35.256, 35.954, 36.394, 36.536, 36.349, 36.805, 37.934, 37.973, 37.41, 37.248, 37.6, 37.824, 37.913, 38.147, 38.489, 38.43, 38.341, 38.142, 37.8, 37.818, 38.128, 38.239, 38.154, 38.305, 38.44, 38.349, 38.685, 38.961, 38.98, 39.517, 39.212, 37.142, 36.129, 37.236, 40.017, 42.235, 42.82, 42.682, 42.343, 42.364, 43.2, 43.746, 42.89, 42.4, 42.796, 43.039, 42.308, 41.319, 41.016, 41.095, 41.154, 41.62, 42.259, 42.289, 41.098, 39.227, 37.893, 37.548, 37.769, 38.123, 38.577, 39.018, 39.207, 38.976, 38.934, 39.023, 39.001, 39.088, 39.642, 40.543, 41.06, 40.948, 40.553, 40.398, 40.723, 41.139, 41.516, 41.827, 41.957, 42.256, 41.492, 39.651, 39.094, 39.334, 39.399, 39.324, 39.185, 38.823, 38.709, 39.986, 41.973, 42.84, 42.931, 43.079, 43.535, 44.347, 44.224, 43.197, 42.829, 43.212, 43.479, 43.522, 43.627, 43.287, 43.072, 43.464, 43.031, 41.331, 39.729, 38.374, 36.979, 36.48, 37.018, 37.471, 36.677, 35.748, 36.276, 36.936, 36.63, 36.451, 36.525, 36.349, 36.326, 36.658, 36.802, 36.793, 36.915, 37.148, 37.366, 37.647, 37.771, 37.585, 37.603, 37.765, 37.861, 37.806, 37.904, 38.313, 38.56, 38.623, 39.017, 39.506, 39.484, 38.607, 37.668, 37.989, 38.31, 38.127, 37.879, 37.787, 37.963, 38.28, 38.421, 38.463, 38.494, 38.31, 38.125, 38.098, 38.384, 38.497, 38.272, 38.35, 38.75, 39.045, 39.125, 38.97, 38.938, 38.846, 39.066], [38.552, 38.419, 37.836, 36.838, 36.74, 37.381, 36.34, 33.008, 29.576, 27.0, 24.493, 22.263, 20.953, 18.816, 15.199, 11.979, 7.308, 0.0, 6.742, 10.675, 12.367, 13.65, 16.096, 19.273, 22.008, 24.187, 25.555, 26.394, 26.771, 27.401, 29.025, 30.752, 31.635, 32.699, 33.863, 34.065, 34.004, 34.543, 35.265, 35.746, 35.92, 35.747, 36.25, 37.478, 37.542, 36.944, 36.757, 37.127, 37.381, 37.497, 37.761, 38.122, 38.064, 37.973, 37.78, 37.451, 37.488, 37.828, 37.93, 37.817, 37.99, 38.158, 38.023, 38.296, 38.565, 38.597, 39.174, 38.916, 36.824, 35.713, 36.884, 39.849, 42.203, 42.81, 42.663, 42.314, 42.323, 43.192, 43.77, 42.892, 42.402, 42.824, 43.063, 42.298, 41.289, 40.987, 41.058, 41.106, 41.586, 42.253, 42.291, 41.049, 39.053, 37.62, 37.272, 37.518, 37.863, 38.272, 38.694, 38.891, 38.638, 38.593, 38.711, 38.695, 38.763, 39.287, 40.183, 40.717, 40.598, 40.178, 40.017, 40.353, 40.778, 41.175, 41.509, 41.619, 41.905, 41.156, 39.302, 38.781, 39.061, 39.12, 39.016, 38.864, 38.52, 38.485, 39.866, 41.939, 42.794, 42.858, 43.009, 43.462, 44.275, 44.145, 43.094, 42.715, 43.109, 43.399, 43.468, 43.558, 43.182, 42.969, 43.376, 42.931, 41.199, 39.603, 38.25, 36.825, 36.322, 36.925, 37.503, 36.765, 35.597, 35.787, 36.374, 36.082, 35.913, 35.978, 35.784, 35.765, 36.113, 36.233, 36.205, 36.335, 36.573, 36.796, 37.098, 37.238, 37.057, 37.092, 37.253, 37.346, 37.313, 37.422, 37.828, 38.089, 38.15, 38.538, 39.037, 39.008, 38.088, 37.119, 37.48, 37.835, 37.641, 37.382, 37.299, 37.509, 37.871, 38.03, 38.079, 38.137, 37.972, 37.761, 37.705, 37.989, 38.1, 37.862, 37.951, 38.374, 38.678, 38.755, 38.596, 38.578, 38.495, 39.3], [39.24, 39.147, 38.622, 37.66, 37.629, 38.357, 37.43, 34.324, 31.21, 28.932, 26.847, 25.106, 23.994, 21.933, 18.583, 16.053, 12.718, 6.742, 0.0, 5.211, 8.25, 10.622, 14.392, 18.722, 22.136, 24.49, 25.814, 26.664, 27.064, 27.577, 29.015, 30.643, 31.506, 32.55, 33.7, 33.908, 33.868, 34.437, 35.166, 35.66, 35.854, 35.679, 36.16, 37.402, 37.47, 36.861, 36.68, 37.084, 37.35, 37.464, 37.739, 38.111, 38.06, 37.971, 37.784, 37.467, 37.523, 37.874, 37.978, 37.884, 38.091, 38.26, 38.089, 38.339, 38.623, 38.685, 39.276, 39.03, 36.968, 35.824, 37.011, 40.054, 42.484, 43.158, 43.055, 42.699, 42.687, 43.568, 44.174, 43.304, 42.811, 43.23, 43.453, 42.662, 41.63, 41.322, 41.394, 41.431, 41.891, 42.558, 42.621, 41.371, 39.283, 37.746, 37.374, 37.63, 37.942, 38.242, 38.546, 38.671, 38.396, 38.354, 38.487, 38.475, 38.541, 39.043, 39.91, 40.434, 40.311, 39.886, 39.724, 40.061, 40.49, 40.907, 41.269, 41.371, 41.634, 40.933, 39.19, 38.782, 39.089, 39.11, 38.967, 38.806, 38.48, 38.508, 39.981, 42.123, 42.986, 43.042, 43.194, 43.627, 44.409, 44.265, 43.218, 42.847, 43.258, 43.57, 43.65, 43.724, 43.332, 43.138, 43.571, 43.131, 41.398, 39.849, 38.549, 37.104, 36.548, 37.146, 37.807, 37.188, 35.9, 35.779, 36.256, 35.976, 35.81, 35.852, 35.649, 35.64, 35.98, 36.068, 36.025, 36.157, 36.395, 36.619, 36.914, 37.055, 36.877, 36.916, 37.067, 37.151, 37.126, 37.246, 37.654, 37.922, 37.993, 38.391, 38.895, 38.856, 37.899, 36.89, 37.217, 37.574, 37.385, 37.131, 37.062, 37.292, 37.669, 37.835, 37.89, 37.96, 37.806, 37.603, 37.554, 37.845, 37.952, 37.705, 37.804, 38.248, 38.558, 38.627, 38.475, 38.485, 38.432, 39.96], [39.591, 39.508, 39.045, 38.141, 38.149, 38.88, 38.003, 35.091, 32.268, 30.225, 28.31, 26.642, 25.504, 23.626, 20.668, 18.373, 15.46, 10.675, 5.211, 0.0, 4.622, 9.025, 14.048, 18.863, 22.49, 24.905, 26.241, 27.103, 27.508, 27.92, 29.182, 30.736, 31.635, 32.71, 33.838, 34.04, 34.01, 34.58, 35.312, 35.813, 36.015, 35.862, 36.365, 37.598, 37.646, 37.035, 36.888, 37.32, 37.579, 37.679, 37.951, 38.319, 38.269, 38.184, 38.008, 37.712, 37.789, 38.138, 38.235, 38.165, 38.387, 38.528, 38.362, 38.646, 38.956, 39.042, 39.624, 39.324, 37.242, 36.11, 37.268, 40.246, 42.628, 43.312, 43.234, 42.879, 42.867, 43.759, 44.385, 43.531, 43.048, 43.474, 43.691, 42.886, 41.839, 41.527, 41.599, 41.629, 42.071, 42.717, 42.779, 41.558, 39.493, 37.963, 37.598, 37.863, 38.184, 38.46, 38.706, 38.772, 38.483, 38.436, 38.558, 38.55, 38.631, 39.128, 39.971, 40.482, 40.363, 39.95, 39.774, 40.086, 40.513, 40.934, 41.284, 41.373, 41.619, 40.931, 39.249, 38.884, 39.178, 39.151, 38.959, 38.787, 38.483, 38.515, 39.944, 42.029, 42.872, 42.939, 43.09, 43.492, 44.249, 44.115, 43.091, 42.734, 43.156, 43.475, 43.556, 43.637, 43.267, 43.095, 43.536, 43.108, 41.411, 39.937, 38.739, 37.328, 36.718, 37.252, 37.92, 37.41, 36.212, 36.048, 36.507, 36.263, 36.1, 36.115, 35.92, 35.936, 36.275, 36.348, 36.293, 36.416, 36.655, 36.886, 37.169, 37.302, 37.126, 37.159, 37.303, 37.386, 37.357, 37.481, 37.901, 38.184, 38.27, 38.682, 39.194, 39.148, 38.182, 37.164, 37.458, 37.81, 37.63, 37.377, 37.316, 37.549, 37.909, 38.061, 38.116, 38.188, 38.033, 37.835, 37.788, 38.076, 38.173, 37.92, 38.03, 38.502, 38.826, 38.897, 38.745, 38.755, 38.721, 40.315], [39.714, 39.653, 39.248, 38.418, 38.466, 39.161, 38.299, 35.515, 32.844, 30.86, 28.992, 27.398, 26.321, 24.534, 21.735, 19.591, 16.753, 12.367, 8.25, 4.622, 0.0, 6.058, 12.643, 18.0, 21.691, 24.172, 25.591, 26.488, 26.907, 27.336, 28.647, 30.293, 31.305, 32.497, 33.667, 33.879, 33.882, 34.464, 35.185, 35.697, 35.924, 35.799, 36.357, 37.628, 37.677, 37.066, 36.95, 37.415, 37.688, 37.801, 38.08, 38.436, 38.381, 38.297, 38.124, 37.839, 37.93, 38.28, 38.371, 38.306, 38.54, 38.691, 38.51, 38.771, 39.077, 39.17, 39.754, 39.446, 37.339, 36.184, 37.358, 40.373, 42.763, 43.409, 43.294, 42.926, 42.916, 43.825, 44.475, 43.639, 43.167, 43.595, 43.8, 42.963, 41.889, 41.571, 41.639, 41.665, 42.115, 42.757, 42.804, 41.586, 39.54, 38.036, 37.695, 37.99, 38.334, 38.632, 38.899, 38.96, 38.669, 38.628, 38.749, 38.744, 38.84, 39.359, 40.212, 40.731, 40.619, 40.212, 40.022, 40.308, 40.732, 41.146, 41.472, 41.537, 41.772, 41.067, 39.33, 38.908, 39.181, 39.14, 38.93, 38.748, 38.449, 38.476, 39.871, 41.92, 42.746, 42.823, 42.975, 43.353, 44.092, 43.963, 42.948, 42.589, 42.996, 43.313, 43.42, 43.532, 43.19, 43.047, 43.494, 43.078, 41.426, 40.017, 38.865, 37.492, 36.894, 37.408, 38.065, 37.576, 36.39, 36.192, 36.63, 36.392, 36.237, 36.236, 36.039, 36.073, 36.414, 36.481, 36.417, 36.534, 36.774, 37.012, 37.302, 37.445, 37.284, 37.318, 37.447, 37.519, 37.487, 37.618, 38.049, 38.35, 38.445, 38.859, 39.372, 39.318, 38.337, 37.308, 37.617, 37.982, 37.805, 37.552, 37.504, 37.749, 38.109, 38.257, 38.309, 38.377, 38.211, 37.996, 37.93, 38.21, 38.313, 38.073, 38.205, 38.698, 39.024, 39.082, 38.917, 38.921, 38.888, 40.402], [39.678, 39.659, 39.315, 38.606, 38.766, 39.499, 38.676, 35.956, 33.245, 31.187, 29.424, 28.086, 27.25, 25.506, 22.543, 20.291, 17.642, 13.65, 10.622, 9.025, 6.058, 0.0, 8.033, 14.952, 19.496, 22.232, 23.689, 24.652, 25.176, 25.766, 27.301, 29.103, 30.217, 31.551, 32.839, 33.087, 33.146, 33.812, 34.573, 35.112, 35.391, 35.296, 35.926, 37.306, 37.4, 36.785, 36.685, 37.218, 37.558, 37.699, 37.978, 38.315, 38.245, 38.155, 37.975, 37.667, 37.742, 38.093, 38.196, 38.127, 38.371, 38.566, 38.337, 38.517, 38.822, 38.94, 39.563, 39.316, 37.184, 35.898, 37.117, 40.371, 42.91, 43.553, 43.397, 43.013, 42.983, 43.895, 44.569, 43.737, 43.247, 43.659, 43.843, 42.965, 41.855, 41.529, 41.598, 41.612, 42.044, 42.674, 42.704, 41.45, 39.37, 37.835, 37.47, 37.77, 38.115, 38.39, 38.621, 38.668, 38.377, 38.351, 38.497, 38.506, 38.62, 39.177, 40.064, 40.602, 40.492, 40.068, 39.883, 40.186, 40.617, 41.046, 41.397, 41.462, 41.699, 40.993, 39.209, 38.777, 39.083, 39.082, 38.911, 38.728, 38.407, 38.498, 40.05, 42.211, 43.051, 43.108, 43.27, 43.671, 44.404, 44.244, 43.202, 42.844, 43.253, 43.573, 43.679, 43.76, 43.38, 43.22, 43.67, 43.267, 41.646, 40.254, 39.051, 37.655, 37.113, 37.701, 38.422, 37.911, 36.532, 36.042, 36.33, 36.043, 35.875, 35.87, 35.675, 35.717, 36.063, 36.125, 36.055, 36.171, 36.402, 36.632, 36.925, 37.076, 36.923, 36.961, 37.067, 37.112, 37.056, 37.17, 37.594, 37.904, 37.997, 38.404, 38.921, 38.861, 37.849, 36.799, 37.146, 37.529, 37.357, 37.117, 37.072, 37.318, 37.702, 37.869, 37.913, 37.976, 37.8, 37.556, 37.472, 37.768, 37.888, 37.661, 37.823, 38.333, 38.659, 38.705, 38.518, 38.522, 38.47, 40.288], [39.354, 39.339, 39.036, 38.494, 38.841, 39.679, 38.961, 36.383, 33.673, 31.587, 30.033, 29.061, 28.519, 26.853, 23.801, 21.476, 19.145, 16.096, 14.392, 14.048, 12.643, 8.033, 0.0, 8.799, 15.481, 19.179, 20.723, 21.759, 22.589, 23.705, 25.772, 27.759, 28.869, 30.327, 31.806, 32.149, 32.256, 33.037, 33.916, 34.53, 34.878, 34.818, 35.546, 37.055, 37.192, 36.562, 36.447, 37.031, 37.472, 37.687, 37.967, 38.259, 38.156, 38.06, 37.878, 37.531, 37.561, 37.897, 38.011, 37.936, 38.189, 38.431, 38.178, 38.316, 38.641, 38.779, 39.406, 39.171, 36.968, 35.539, 36.725, 40.092, 42.736, 43.42, 43.278, 42.897, 42.848, 43.748, 44.417, 43.565, 43.056, 43.475, 43.666, 42.781, 41.666, 41.332, 41.399, 41.403, 41.801, 42.393, 42.385, 41.096, 39.018, 37.469, 37.065, 37.357, 37.737, 38.02, 38.201, 38.244, 37.974, 37.968, 38.156, 38.206, 38.333, 38.899, 39.806, 40.371, 40.267, 39.822, 39.663, 40.013, 40.459, 40.912, 41.319, 41.401, 41.641, 40.969, 39.193, 38.776, 39.121, 39.158, 39.033, 38.871, 38.525, 38.639, 40.279, 42.478, 43.286, 43.297, 43.473, 43.942, 44.719, 44.552, 43.484, 43.127, 43.565, 43.888, 43.941, 43.935, 43.472, 43.259, 43.704, 43.327, 41.757, 40.415, 39.191, 37.768, 37.255, 37.919, 38.717, 38.219, 36.695, 35.92, 36.05, 35.738, 35.563, 35.542, 35.362, 35.458, 35.839, 35.9, 35.835, 35.953, 36.151, 36.328, 36.592, 36.735, 36.594, 36.647, 36.744, 36.763, 36.659, 36.726, 37.139, 37.463, 37.553, 37.965, 38.494, 38.422, 37.399, 36.381, 36.784, 37.169, 36.995, 36.778, 36.726, 36.959, 37.367, 37.551, 37.583, 37.642, 37.46, 37.169, 37.054, 37.375, 37.515, 37.287, 37.468, 38.003, 38.352, 38.416, 38.226, 38.221, 38.133, 39.928], [39.111, 39.066, 38.765, 38.375, 38.901, 39.797, 39.151, 36.806, 34.34, 32.354, 30.949, 30.286, 29.994, 28.46, 25.545, 23.39, 21.379, 19.273, 18.722, 18.863, 18.0, 14.952, 8.799, 0.0, 8.761, 14.237, 16.352, 17.486, 18.809, 20.886, 23.838, 26.206, 27.423, 29.133, 30.873, 31.353, 31.543, 32.43, 33.453, 34.225, 34.679, 34.614, 35.4, 37.025, 37.211, 36.564, 36.389, 36.955, 37.519, 37.9, 38.235, 38.502, 38.377, 38.282, 38.095, 37.723, 37.724, 38.048, 38.145, 38.034, 38.277, 38.55, 38.302, 38.42, 38.729, 38.81, 39.352, 39.104, 36.912, 35.472, 36.536, 39.758, 42.398, 43.129, 42.985, 42.6, 42.561, 43.473, 44.128, 43.236, 42.728, 43.185, 43.41, 42.537, 41.42, 41.071, 41.122, 41.123, 41.504, 42.07, 42.032, 40.719, 38.669, 37.169, 36.776, 37.084, 37.547, 37.953, 38.273, 38.421, 38.178, 38.174, 38.386, 38.47, 38.594, 39.129, 40.027, 40.622, 40.534, 40.092, 39.954, 40.328, 40.765, 41.208, 41.641, 41.739, 41.977, 41.304, 39.484, 38.989, 39.319, 39.358, 39.243, 39.11, 38.777, 38.836, 40.369, 42.469, 43.232, 43.22, 43.4, 43.931, 44.788, 44.659, 43.574, 43.194, 43.619, 43.923, 43.956, 43.937, 43.457, 43.23, 43.694, 43.37, 41.865, 40.573, 39.368, 37.975, 37.503, 38.193, 38.984, 38.478, 36.973, 36.139, 36.181, 35.889, 35.737, 35.678, 35.5, 35.681, 36.119, 36.187, 36.131, 36.254, 36.421, 36.558, 36.811, 36.949, 36.838, 36.923, 37.025, 37.029, 36.905, 36.937, 37.332, 37.672, 37.783, 38.222, 38.763, 38.684, 37.689, 36.741, 37.206, 37.59, 37.418, 37.202, 37.128, 37.344, 37.759, 37.95, 37.98, 38.048, 37.865, 37.532, 37.385, 37.708, 37.847, 37.606, 37.783, 38.32, 38.668, 38.751, 38.575, 38.547, 38.433, 39.696], [38.921, 38.86, 38.601, 38.349, 38.989, 39.854, 39.176, 36.988, 34.793, 32.933, 31.543, 31.04, 30.999, 29.687, 27.009, 25.101, 23.413, 22.008, 22.136, 22.49, 21.691, 19.496, 15.481, 8.761, 0.0, 7.019, 10.458, 11.974, 13.716, 16.892, 20.908, 23.9, 25.532, 27.692, 29.677, 30.266, 30.59, 31.534, 32.618, 33.609, 34.244, 34.161, 34.948, 36.678, 36.941, 36.319, 36.123, 36.663, 37.326, 37.92, 38.378, 38.673, 38.556, 38.461, 38.256, 37.87, 37.875, 38.209, 38.273, 38.081, 38.251, 38.534, 38.29, 38.319, 38.538, 38.51, 38.936, 38.716, 36.699, 35.424, 36.347, 39.344, 41.929, 42.668, 42.508, 42.12, 42.101, 43.028, 43.675, 42.757, 42.254, 42.735, 42.993, 42.122, 40.978, 40.608, 40.643, 40.623, 41.007, 41.583, 41.557, 40.28, 38.315, 36.938, 36.598, 36.916, 37.46, 38.059, 38.647, 38.935, 38.681, 38.643, 38.847, 38.943, 39.043, 39.526, 40.414, 41.027, 40.93, 40.459, 40.293, 40.637, 41.046, 41.454, 41.871, 42.003, 42.27, 41.534, 39.601, 38.961, 39.235, 39.272, 39.153, 39.034, 38.735, 38.78, 40.237, 42.276, 43.033, 43.032, 43.201, 43.74, 44.632, 44.513, 43.402, 42.98, 43.341, 43.585, 43.625, 43.675, 43.237, 