[[0.0, 12.314, 27.064, 33.826, 34.782, 35.335, 37.159, 38.269, 38.955, 40.298, 39.745, 39.549, 39.625, 39.875, 40.349, 40.66, 41.932, 42.546, 42.416, 42.347, 42.311, 42.39, 43.384, 43.127, 42.467, 42.343, 42.504, 42.67, 42.211, 42.362, 43.02, 43.237, 43.317, 43.66, 44.139, 43.843, 43.684, 43.437, 43.594, 43.527, 42.837, 42.802, 42.923, 42.605, 43.06, 43.744, 43.826, 44.142, 44.299, 44.716, 44.844, 44.73, 7.058], [12.314, 0.0, 17.993, 27.503, 29.002, 29.303, 31.335, 32.915, 34.005, 35.775, 35.315, 35.17, 35.431, 36.198, 37.223, 37.782, 39.451, 40.429, 40.584, 40.747, 40.759, 41.156, 42.704, 42.686, 41.933, 41.631, 41.751, 41.919, 41.522, 41.672, 42.186, 42.279, 42.357, 42.713, 43.145, 42.781, 42.715, 42.681, 43.002, 42.974, 42.248, 42.227, 42.359, 41.948, 42.31, 42.957, 43.047, 43.303, 43.423, 44.005, 44.134, 43.781, 16.723], [27.064, 17.993, 0.0, 13.58, 16.613, 16.98, 20.243, 23.427, 25.389, 28.061, 28.498, 28.939, 29.885, 32.199, 34.553, 35.692, 38.016, 39.69, 40.306, 41.096, 41.36, 41.93, 44.192, 44.964, 44.746, 44.533, 44.581, 44.88, 44.805, 45.078, 45.433, 45.415, 45.437, 45.668, 45.873, 45.436, 45.402, 45.575, 46.036, 46.05, 45.473, 45.435, 45.524, 45.145, 45.171, 45.557, 45.599, 45.708, 45.873, 46.424, 46.527, 46.056, 29.232], [33.826, 27.503, 13.58, 0.0, 5.723, 9.185, 14.436, 18.951, 21.309, 24.215, 25.792, 27.062, 28.371, 31.211, 34.064, 35.497, 38.062, 40.037, 40.846, 42.085, 42.645, 43.268, 45.856, 47.477, 48.022, 48.063, 48.066, 48.498, 48.65, 48.971, 49.332, 49.392, 49.429, 49.558, 49.588, 49.128, 49.04, 49.232, 49.666, 49.668, 49.271, 49.225, 49.284, 49.004, 48.94, 49.28, 49.358, 49.387, 49.611, 49.988, 50.038, 49.713, 35.196], [34.782, 29.002, 16.613, 5.723, 0.0, 6.649, 13.715, 18.801, 21.002, 23.618, 25.447, 27.128, 28.669, 31.478, 34.234, 35.701, 38.377, 40.43, 41.247, 42.525, 43.121, 43.681, 46.231, 47.982, 48.742, 48.907, 48.929, 49.413, 49.607, 49.906, 50.285, 50.378, 50.436, 50.551, 50.536, 50.072, 49.963, 50.134, 50.534, 50.528, 50.139, 50.057, 50.116, 49.849, 49.816, 50.28, 50.465, 50.474, 50.718, 51.085, 51.072, 50.754, 35.958], [35.335, 29.303, 16.98, 9.185, 6.649, 0.0, 8.716, 15.269, 18.418, 21.995, 24.097, 25.892, 27.851, 31.103, 33.961, 35.412, 38.161, 40.294, 41.113, 42.318, 42.903, 43.498, 45.98, 47.522, 48.18, 48.348, 48.391, 48.84, 49.014, 49.325, 49.689, 49.744, 49.78, 49.867, 49.829, 49.391, 49.317, 49.516, 49.953, 49.946, 49.533, 49.452, 49.499, 49.2, 49.127, 49.556, 49.728, 49.763, 50.014, 50.407, 50.416, 50.05, 36.578], [37.159, 31.335, 20.243, 14.436, 13.715, 8.716, 0.0, 8.342, 14.48, 20.423, 22.955, 24.663, 26.937, 30.638, 33.668, 35.111, 37.845, 40.009, 40.845, 42.047, 42.666, 43.365, 45.852, 47.25, 47.844, 48.045, 48.099, 48.471, 48.651, 49.023, 49.367, 49.382, 49.372, 49.415, 49.353, 48.973, 48.954, 49.202, 49.713, 49.711, 49.33, 49.316, 49.329, 48.996, 48.834, 49.043, 49.048, 49.092, 49.326, 49.67, 49.714, 49.357, 38.496], [38.269, 32.915, 23.427, 18.951, 18.801, 15.269, 8.342, 0.0, 9.458, 18.192, 21.255, 22.724, 25.004, 28.946, 32.128, 33.611, 36.378, 38.556, 39.398, 40.683, 41.383, 42.116, 44.665, 46.092, 46.77, 47.087, 47.181, 47.476, 47.671, 48.131, 48.468, 48.451, 48.403, 48.434, 48.396, 48.055, 48.062, 48.319, 48.881, 48.898, 48.532, 48.577, 48.578, 48.221, 48.023, 48.063, 47.954, 48.051, 48.214, 48.508, 48.615, 48.226, 39.551], [38.955, 34.005, 25.389, 21.309, 21.002, 18.418, 14.48, 9.458, 0.0, 10.94, 15.903, 17.916, 20.409, 25.016, 28.594, 30.187, 33.142, 35.511, 36.418, 37.934, 38.912, 39.671, 42.352, 44.241, 45.507, 46.048, 46.204, 46.521, 46.778, 47.331, 47.702, 47.671, 47.637, 47.729, 47.786, 47.428, 47.379, 47.57, 48.095, 48.117, 47.708, 47.726, 47.756, 47.427, 47.299, 47.387, 47.377, 47.611, 47.72, 47.996, 48.117, 47.625, 40.025], [40.298, 35.775, 28.061, 24.215, 23.618, 21.995, 20.423, 18.192, 10.94, 0.0, 8.416, 12.719, 15.823, 21.181, 25.319, 27.03, 30.047, 32.65, 33.71, 35.46, 36.76, 37.665, 40.597, 43.206, 45.263, 46.002, 46.158, 46.542, 46.89, 47.519, 47.987, 48.008, 48.028, 48.205, 48.362, 48.0, 47.871, 47.973, 48.414, 48.42, 47.994, 48.011, 48.096, 47.81, 47.806, 48.031, 48.1, 48.434, 48.597, 48.794, 48.813, 48.293, 41.146], [39.745, 35.315, 28.498, 25.792, 25.447, 24.097, 22.955, 21.255, 15.903, 8.416, 0.0, 6.755, 11.794, 18.009, 22.61, 24.392, 27.451, 30.157, 31.286, 33.073, 34.366, 35.442, 38.79, 41.677, 43.788, 44.5, 44.612, 44.953, 45.298, 46.009, 46.591, 46.668, 46.715, 46.967, 47.213, 46.864, 46.73, 46.763, 47.161, 47.157, 46.712, 46.811, 46.947, 46.647, 46.696, 46.912, 46.944, 47.38, 47.581, 47.775, 47.785, 47.222, 40.588], [39.549, 35.17, 28.939, 27.062, 27.128, 25.892, 24.663, 22.724, 17.916, 12.719, 6.755, 0.0, 7.82, 16.1, 21.158, 22.948, 26.07, 28.847, 30.071, 31.884, 33.169, 34.434, 38.098, 40.966, 42.756, 43.315, 43.388, 43.645, 43.949, 44.734, 45.375, 45.451, 45.521, 45.817, 46.088, 45.716, 45.583, 45.594, 45.973, 45.971, 45.509, 45.619, 45.773, 45.451, 45.467, 45.641, 45.719, 46.237, 46.407, 46.658, 46.696, 46.057, 40.441], [39.625, 35.431, 29.885, 28.371, 28.669, 27.851, 26.937, 25.004, 20.409, 15.823, 11.794, 7.82, 0.0, 10.506, 17.262, 19.422, 22.69, 25.805, 27.223, 29.279, 30.793, 32.421, 36.612, 39.887, 41.826, 42.342, 42.388, 42.635, 42.956, 43.852, 44.553, 44.626, 44.723, 45.098, 45.412, 45.01, 44.862, 44.885, 45.298, 45.298, 44.825, 44.946, 45.123, 44.782, 44.756, 44.884, 44.975, 45.509, 45.649, 45.97, 46.014, 45.352, 40.525], [39.875, 36.198, 32.199, 31.211, 31.478, 31.103, 30.638, 28.946, 25.016, 21.181, 18.009, 16.1, 10.506, 0.0, 8.969, 12.753, 17.18, 21.376, 23.184, 25.647, 27.454, 29.471, 34.288, 38.141, 40.64, 41.284, 41.314, 41.647, 42.118, 43.216, 44.065, 44.228, 44.368, 44.853, 45.276, 44.955, 44.85, 44.886, 45.313, 45.302, 44.846, 45.009, 45.216, 44.936, 44.946, 45.04, 45.026, 45.484, 45.642, 45.974, 45.984, 45.389, 40.775], [40.349, 37.223, 34.553, 34.064, 34.234, 33.961, 33.668, 32.128, 28.594, 25.319, 22.61, 21.158, 17.262, 8.969, 0.0, 6.463, 13.858, 19.536, 21.675, 24.222, 26.153, 28.293, 33.2, 37.025, 39.717, 40.434, 40.436, 40.856, 41.485, 42.79, 43.815, 44.064, 44.248, 44.806, 45.367, 45.205, 45.149, 45.145, 45.504, 45.477, 45.035, 45.204, 45.431, 45.206, 45.249, 45.312, 45.274, 45.748, 45.932, 46.248, 46.226, 45.658, 41.189], [40.66, 37.782, 35.692, 35.497, 35.701, 35.412, 35.111, 33.611, 30.187, 27.03, 24.392, 22.948, 19.422, 12.753, 6.463, 0.0, 9.626, 16.742, 19.141, 21.692, 23.904, 26.403, 31.58, 35.644, 38.601, 39.377, 39.375, 39.826, 40.519, 41.939, 43.048, 43.305, 43.509, 44.118, 44.757, 44.66, 44.685, 44.745, 45.109, 45.078, 44.65, 44.842, 45.066, 44.819, 44.825, 44.811, 44.789, 45.317, 45.487, 45.778, 45.74, 45.168, 41.425], [41.932, 39.451, 38.016, 38.062, 38.377, 38.161, 37.845, 36.378, 33.142, 30.047, 27.451, 26.07, 22.69, 17.18, 13.858, 9.626, 0.0, 8.752, 12.253, 15.228, 18.35, 21.964, 28.084, 33.204, 37.079, 38.188, 38.265, 38.71, 39.499, 41.003, 42.147, 42.431, 42.654, 43.291, 43.971, 43.88, 44.003, 44.326, 44.875, 44.849, 44.482, 44.739, 44.935, 44.675, 44.656, 44.553, 44.495, 44.982, 45.14, 45.342, 45.292, 44.794, 42.556], [42.546, 40.429, 39.69, 40.037, 40.43, 40.294, 40.009, 38.556, 35.511, 32.65, 30.157, 28.847, 25.805, 21.376, 19.536, 16.742, 8.752, 0.0, 5.314, 9.586, 13.361, 17.772, 24.642, 30.774, 35.621, 37.122, 37.297, 37.693, 38.448, 39.917, 41.055, 41.36, 41.585, 42.237, 42.977, 42.901, 43.015, 43.442, 44.147, 44.145, 43.809, 44.157, 44.369, 44.118, 44.137, 44.011, 43.928, 44.381, 44.509, 44.679, 44.666, 44.224, 43.015], [42.416, 40.584, 40.306, 40.846, 41.247, 41.113, 40.845, 39.398, 36.418, 33.71, 31.286, 30.071, 27.223, 23.184, 21.675, 19.141, 12.253, 5.314, 0.0, 6.137, 10.862, 15.037, 21.92, 28.68, 34.302, 36.076, 36.311, 36.675, 37.423, 38.969, 40.139, 40.436, 40.654, 41.351, 42.181, 42.118, 42.218, 42.612, 43.323, 43.324, 42.989, 43.39, 43.629, 43.392, 43.442, 43.29, 43.219, 43.716, 43.815, 43.992, 43.978, 43.541, 42.757], [42.347, 40.747, 41.096, 42.085, 42.525, 42.318, 42.047, 40.683, 37.934, 35.46, 33.073, 31.884, 29.279, 25.647, 24.222, 21.692, 15.228, 9.586, 6.137, 0.0, 6.823, 12.395, 18.85, 25.852, 32.139, 34.172, 34.474, 34.794, 35.688, 37.463, 38.754, 39.081, 39.297, 40.053, 40.995, 40.961, 41.149, 41.7, 42.478, 42.465, 42.208, 42.708, 42.957, 42.751, 42.796, 42.544, 42.44, 42.894, 42.897, 43.074, 43.084, 42.67, 42.643], [42.311, 40.759, 41.36, 42.645, 43.121, 42.903, 42.666, 41.383, 38.912, 36.76, 34.366, 33.169, 30.793, 27.454, 26.153, 23.904, 18.35, 13.361, 10.862, 6.823, 0.0, 8.162, 16.04, 23.479, 30.418, 32.774, 33.143, 33.41, 34.393, 36.404, 37.84, 38.271, 38.498, 39.275, 40.286, 40.29, 40.511, 41.09, 41.932, 41.943, 41.746, 42.4, 42.682, 42.488, 42.536, 42.195, 41.973, 42.362, 42.305, 42.498, 42.563, 42.163, 42.582], [42.39, 41.156, 41.93, 43.268, 43.681, 43.498, 43.365, 42.116, 39.671, 37.665, 35.442, 34.434, 32.421, 29.471, 28.293, 26.403, 21.964, 17.772, 15.037, 12.395, 8.162, 0.0, 11.01, 20.858, 29.158, 32.011, 32.497, 32.818, 33.853, 35.929, 37.393, 37.911, 38.129, 38.881, 39.997, 40.043, 40.195, 40.643, 41.49, 41.549, 41.337, 42.062, 42.398, 42.207, 42.285, 41.939, 41.724, 42.165, 42.091, 42.295, 42.359, 41.936, 42.417], [43.384, 42.704, 44.192, 45.856, 46.231, 45.98, 45.852, 44.665, 42.352, 40.597, 38.79, 38.098, 36.612, 34.288, 33.2, 31.58, 28.084, 24.642, 21.92, 18.85, 16.04, 11.01, 0.0, 14.054, 26.302, 30.236, 30.975, 31.424, 32.817, 35.067, 36.496, 37.033, 37.206, 37.934, 39.217, 39.363, 39.519, 39.975, 40.857, 40.97, 40.886, 41.73, 42.105, 42.059, 42.307, 41.899, 41.611, 41.914, 41.706, 41.835, 41.895, 41.553, 43.182], [43.127, 42.686, 44.964, 47.477, 47.982, 47.522, 47.25, 46.092, 44.241, 43.206, 41.677, 40.966, 39.887, 38.141, 37.025, 35.644, 33.204, 30.774, 28.68, 25.852, 23.479, 20.858, 14.054, 0.0, 16.79, 23.367, 24.709, 25.405, 27.713, 30.76, 32.604, 33.402, 33.586, 34.428, 36.06, 36.475, 36.788, 37.321, 38.289, 38.395, 38.444, 39.515, 39.957, 40.139, 40.745, 40.398, 40.111, 40.486, 40.161, 40.254, 40.452, 40.143, 42.907], [42.467, 41.933, 44.746, 48.022, 48.742, 48.18, 47.844, 46.77, 45.507, 45.263, 43.788, 42.756, 41.826, 40.64, 39.717, 38.601, 37.079, 35.621, 34.302, 32.139, 30.418, 29.158, 26.302, 16.79, 0.0, 10.483, 13.61, 14.692, 18.764, 23.497, 26.264, 27.658, 28.096, 29.289, 31.525, 32.477, 33.25, 34.166, 35.36, 35.407, 35.537, 36.785, 37.344, 37.721, 38.667, 38.675, 38.752, 39.468, 39.037, 39.195, 39.555, 39.092, 42.399], [42.343, 41.631, 44.533, 48.063, 48.907, 48.348, 48.045, 47.087, 46.048, 46.002, 44.5, 43.315, 42.342, 41.284, 40.434, 39.377, 38.188, 37.122, 36.076, 34.172, 32.774, 32.011, 30.236, 23.367, 10.483, 0.0, 5.292, 7.9, 13.034, 18.786, 22.341, 24.162, 24.92, 26.443, 28.931, 30.066, 31.115, 32.352, 33.733, 33.74, 33.838, 35.151, 35.787, 36.177, 37.24, 37.848, 38.527, 39.437, 39.002, 39.237, 39.613, 39.032, 42.421], [42.504, 41.751, 44.581, 48.066, 48.929, 48.391, 48.099, 47.181, 46.204, 46.158, 44.612, 43.388, 42.388, 41.314, 40.436, 39.375, 38.265, 37.297, 36.311, 34.474, 33.143, 32.497, 30.975, 24.709, 13.61, 5.292, 0.0, 5.659, 11.828, 17.416, 21.182, 23.19, 24.084, 25.783, 28.359, 29.542, 30.609, 31.816, 33.212, 33.213, 33.297, 34.656, 35.328, 35.726, 36.821, 37.651, 38.666, 39.756, 39.367, 39.592, 39.98, 39.358, 42.587], [42.67, 41.919, 44.88, 48.498, 49.413, 48.84, 48.471, 47.476, 46.521, 46.542, 44.953, 43.645, 42.635, 41.647, 40.856, 39.826, 38.71, 37.693, 36.675, 34.794, 33.41, 32.818, 31.424, 25.405, 14.692, 7.9, 5.659, 0.0, 8.484, 15.645, 19.534, 21.486, 22.426, 24.298, 27.05, 28.38, 29.563, 30.81, 32.275, 32.299, 32.406, 33.839, 34.513, 34.845, 35.924, 36.804, 37.947, 39.128, 38.766, 39.125, 39.53, 38.82, 42.779], [42.211, 41.522, 44.805, 48.65, 49.607, 49.014, 48.651, 47.671, 46.778, 46.89, 45.298, 43.949, 42.956, 42.118, 41.485, 40.519, 39.499, 38.448, 37.423, 35.688, 34.393, 33.853, 32.817, 27.713, 18.764, 13.034, 11.828, 8.484, 0.0, 10.034, 15.855, 18.017, 18.936, 21.183, 24.436, 26.074, 27.377, 28.618, 30.205, 30.233, 30.259, 31.845, 32.546, 32.723, 33.895, 35.182, 36.726, 38.016, 37.703, 38.5, 39.042, 38.193, 42.324], [42.362, 41.672, 45.078, 48.971, 49.906, 49.325, 49.023, 48.131, 47.331, 47.519, 46.009, 44.734, 43.852, 43.216, 42.79, 41.939, 41.003, 39.917, 38.969, 37.463, 36.404, 35.929, 35.067, 30.76, 23.497, 18.786, 17.416, 15.645, 10.034, 0.0, 8.81, 12.66, 13.65, 16.396, 20.61, 23.005, 24.577, 25.864, 27.77, 27.787, 27.768, 29.583, 30.297, 30.404, 31.843, 33.646, 35.795, 37.439, 37.128, 38.193, 39.109, 38.254, 42.463], [43.02, 42.186, 45.433, 49.332, 50.285, 49.689, 49.367, 48.468, 47.702, 47.987, 46.591, 45.375, 44.553, 44.065, 43.815, 43.048, 42.147, 41.055, 40.139, 38.754, 37.84, 37.393, 36.496, 32.604, 26.264, 22.341, 21.182, 19.534, 15.855, 8.81, 0.0, 5.967, 8.019, 11.216, 16.356, 19.569, 21.612, 23.228, 25.535, 25.628, 25.737, 27.748, 28.487, 28.662, 30.18, 32.001, 34.424, 36.409, 36.177, 37.331, 38.536, 37.927, 43.159], [43.237, 42.279, 45.415, 49.392, 50.378, 49.744, 49.382, 48.451, 47.671, 48.008, 46.668, 45.451, 44.626, 44.228, 44.064, 43.305, 42.431, 41.36, 40.436, 39.081, 38.271, 37.911, 37.033, 33.402, 27.658, 24.162, 23.19, 21.486, 18.017, 12.66, 5.967, 0.0, 4.168, 8.802, 14.197, 17.661, 19.926, 21.687, 24.148, 24.306, 24.476, 26.521, 27.234, 27.455, 29.022, 30.789, 33.315, 35.484, 35.362, 36.742, 38.021, 37.511, 43.394], [43.317, 42.357, 45.437, 49.429, 50.436, 49.78, 49.372, 48.403, 47.637, 48.028, 46.715, 45.521, 44.723, 44.368, 44.248, 43.509, 42.654, 41.585, 40.654, 39.297, 38.498, 38.129, 37.206, 33.586, 28.096, 24.92, 24.084, 22.426, 18.936, 13.65, 8.019, 4.168, 0.0, 6.317, 12.845, 16.595, 18.986, 20.921, 23.58, 23.75, 23.949, 26.064, 26.739, 26.958, 28.499, 30.075, 32.518, 34.723, 34.592, 36.081, 37.53, 37.045, 43.444], [43.66, 42.713, 45.668, 49.558, 50.551, 49.867, 49.415, 48.434, 47.729, 48.205, 46.967, 45.817, 45.098, 44.853, 44.806, 44.118, 43.291, 42.237, 41.351, 40.053, 39.275, 38.881, 37.934, 34.428, 29.289, 26.443, 25.783, 24.298, 21.183, 16.396, 11.216, 8.802, 6.317, 0.0, 8.399, 13.746, 16.758, 19.336, 22.535, 22.783, 23.216, 25.458, 26.174, 26.605, 28.084, 29.43, 31.788, 33.93, 33.788, 35.28, 36.89, 36.704, 43.775], [44.139, 43.145, 45.873, 49.588, 50.536, 49.829, 49.353, 48.396, 47.786, 48.362, 47.213, 46.088, 45.412, 45.276, 45.367, 44.757, 43.971, 42.977, 42.181, 40.995, 40.286, 39.997, 39.217, 36.06, 31.525, 28.931, 28.359, 27.05, 24.436, 20.61, 16.356, 14.197, 12.845, 8.399, 0.0, 8.046, 12.813, 16.513, 20.612, 21.002, 21.935, 24.327, 25.07, 25.902, 27.433, 28.897, 31.328, 33.341, 33.318, 34.817, 36.545, 36.707, 44.277], [43.843, 42.781, 45.436, 49.128, 50.072, 49.391, 48.973, 48.055, 47.428, 48.0, 46.864, 45.716, 45.01, 44.955, 45.205, 44.66, 43.88, 42.901, 42.118, 40.961, 40.29, 40.043, 39.363, 36.475, 32.477, 30.066, 29.542, 28.38, 26.074, 23.005, 19.569, 17.661, 16.595, 13.746, 8.046, 0.0, 6.972, 12.797, 17.997, 18.571, 19.757, 22.297, 23.061, 24.096, 25.86, 27.755, 30.496, 32.533, 32.55, 34.164, 35.924, 36.127, 43.976], [43.684, 42.715, 45.402, 49.04, 49.963, 49.317, 48.954, 48.062, 47.379, 47.871, 46.73, 45.583, 44.862, 44.85, 45.149, 44.685, 44.003, 43.015, 42.218, 41.149, 40.511, 40.195, 39.519, 36.788, 33.25, 31.115, 30.609, 29.563, 27.377, 24.577, 21.612, 19.926, 18.986, 16.758, 12.813, 6.972, 0.0, 8.425, 15.2, 16.037, 17.378, 20.173, 21.157, 22.587, 24.779, 27.069, 30.174, 32.43, 32.499, 34.233, 36.013, 36.164, 43.758], [43.437, 42.681, 45.575, 49.232, 50.134, 49.516, 49.202, 48.319, 47.57, 47.973, 46.763, 45.594, 44.885, 44.886, 45.145, 44.745, 44.326, 43.442, 42.612, 41.7, 41.09, 40.643, 39.975, 37.321, 34.166, 32.352, 31.816, 30.81, 28.618, 25.864, 23.228, 21.687, 20.921, 19.336, 16.513, 12.797, 8.425, 0.0, 8.3, 10.013, 11.968, 15.933, 17.582, 19.767, 22.662, 25.456, 29.312, 32.154, 32.411, 34.324, 36.123, 36.136, 43.428], [43.594, 43.002, 46.036, 49.666, 50.534, 49.953, 49.713, 48.881, 48.095, 48.414, 47.161, 45.973, 45.298, 45.313, 45.504, 45.109, 44.875, 44.147, 43.323, 42.478, 41.932, 41.49, 40.857, 38.289, 35.36, 33.733, 33.212, 32.275, 30.205, 27.77, 25.535, 24.148, 23.58, 22.535, 20.612, 17.997, 15.2, 8.3, 0.0, 3.746, 7.692, 12.7, 15.283, 18.275, 21.674, 24.853, 29.339, 32.592, 32.943, 34.953, 36.607, 36.436, 43.531], [43.527, 42.974, 46.05, 49.668, 50.528, 49.946, 49.711, 48.898, 48.117, 48.42, 47.157, 45.971, 45.298, 45.302, 45.477, 45.078, 44.849, 44.145, 43.324, 42.465, 41.943, 41.549, 40.97, 38.395, 35.407, 33.74, 33.213, 32.299, 30.233, 27.787, 25.628, 24.306, 23.75, 22.783, 21.002, 18.571, 16.037, 10.013, 3.746, 0.0, 5.991, 11.633, 14.297, 17.35, 20.875, 24.274, 29.016, 32.361, 32.686, 34.741, 36.438, 36.249, 43.452], [42.837, 42.248, 45.473, 49.271, 50.139, 49.533, 49.33, 48.532, 47.708, 47.994, 46.712, 45.509, 44.825, 44.846, 45.035, 44.65, 44.482, 43.809, 42.989, 42.208, 41.746, 41.337, 40.886, 38.444, 35.537, 33.838, 33.297, 32.406, 30.259, 27.768, 25.737, 24.476, 23.949, 23.216, 21.935, 19.757, 17.378, 11.968, 7.692, 5.991, 0.0, 7.423, 11.22, 14.14, 18.334, 22.867, 28.473, 32.071, 32.35, 34.54, 36.209, 35.858, 42.765], [42.802, 42.227, 45.435, 49.225, 50.057, 49.452, 49.316, 48.577, 47.726, 48.011, 46.811, 45.619, 44.946, 45.009, 45.204, 44.842, 44.739, 44.157, 43.39, 42.708, 42.4, 42.062, 41.73, 39.515, 36.785, 35.151, 34.656, 33.839, 31.845, 29.583, 27.748, 26.521, 26.064, 25.458, 24.327, 22.297, 20.173, 15.933, 12.7, 11.633, 7.423, 0.0, 6.383, 10.972, 16.007, 22.056, 28.657, 32.461, 32.733, 35.012, 36.582, 36.148, 42.698], [42.923, 42.359, 45.524, 49.284, 50.116, 49.499, 49.329, 48.578, 47.756, 48.096, 46.947, 45.773, 45.123, 45.216, 45.431, 45.066, 44.935, 44.369, 43.629, 42.957, 42.682, 42.398, 42.105, 39.957, 37.344, 35.787, 35.328, 34.513, 32.546, 30.297, 28.487, 27.234, 26.739, 26.174, 25.07, 23.061, 21.157, 17.582, 15.283, 14.297, 11.22, 6.383, 0.0, 7.582, 14.098, 20.669, 27.786, 31.73, 32.058, 34.495, 36.159, 35.796, 42.798], [42.605, 41.948, 45.145, 49.004, 49.849, 49.2, 48.996, 48.221, 47.427, 47.81, 46.647, 45.451, 44.782, 44.936, 45.206, 44.819, 44.675, 44.118, 43.392, 42.751, 42.488, 42.207, 42.059, 40.139, 37.721, 36.177, 35.726, 34.845, 32.723, 30.404, 28.662, 27.455, 26.958, 26.605, 25.902, 24.096, 22.587, 19.767, 18.275, 17.35, 14.14, 10.972, 7.582, 0.0, 8.948, 17.73, 25.887, 30.166, 30.558, 33.298, 35.136, 34.754, 42.542], [43.06, 42.31, 45.171, 48.94, 49.816, 49.127, 48.834, 48.023, 47.299, 47.806, 46.696, 45.467, 44.756, 44.946, 45.249, 44.825, 44.656, 44.137, 43.442, 42.796, 42.536, 42.285, 42.307, 40.745, 38.667, 37.24, 36.821, 35.924, 33.895, 31.843, 30.18, 29.022, 28.499, 28.084, 27.433, 25.86, 24.779, 22.662, 21.674, 20.875, 18.334, 16.007, 14.098, 8.948, 0.0, 12.042, 22.736, 27.787, 28.228, 31.403, 33.718, 33.538, 43.023], [43.744, 42.957, 45.557, 49.28, 50.28, 49.556, 49.043, 48.063, 47.387, 48.031, 46.912, 45.641, 44.884, 45.04, 45.312, 44.811, 44.553, 44.011, 43.29, 42.544, 42.195, 41.939, 41.899, 40.398, 38.675, 37.848, 37.651, 36.804, 35.182, 33.646, 32.001, 30.789, 30.075, 29.43, 28.897, 27.755, 27.069, 25.456, 24.853, 24.274, 22.867, 22.056, 20.669, 17.73, 12.042, 0.0, 14.204, 21.733, 22.415, 26.374, 29.889, 30.244, 43.707], [43.826, 43.047, 45.599, 49.358, 50.465, 49.728, 49.048, 47.954, 47.377, 48.1, 46.944, 45.719, 44.975, 45.026, 45.274, 44.789, 44.495, 43.928, 43.219, 42.44, 41.973, 41.724, 41.611, 40.111, 38.752, 38.527, 38.666, 37.947, 36.726, 35.795, 34.424, 33.315, 32.518, 31.788, 31.328, 30.496, 30.174, 29.312, 29.339, 29.016, 28.473, 28.657, 27.786, 25.887, 22.736, 14.204, 0.0, 11.074, 13.654, 18.149, 23.344, 24.839, 43.923], [44.142, 43.303, 45.708, 49.387, 50.474, 49.763, 49.092, 48.051, 47.611, 48.434, 47.38, 46.237, 45.509, 45.484, 45.748, 45.317, 44.982, 44.381, 43.716, 42.894, 42.362, 42.165, 41.914, 40.486, 39.468, 39.437, 39.756, 39.128, 38.016, 37.439, 36.409, 35.484, 34.723, 33.93, 33.341, 32.533, 32.43, 32.154, 32.592, 32.361, 32.071, 32.461, 31.73, 30.166, 27.787, 21.733, 11.074, 0.0, 7.162, 13.888, 19.567, 22.038, 44.353], [44.299, 43.423, 45.873, 49.611, 50.718, 50.014, 49.326, 48.214, 47.72, 48.597, 47.581, 46.407, 45.649, 45.642, 45.932, 45.487, 45.14, 44.509, 43.815, 42.897, 42.305, 42.091, 41.706, 40.161, 39.037, 39.002, 39.367, 38.766, 37.703, 37.128, 36.177, 35.362, 34.592, 33.788, 33.318, 32.55, 32.499, 32.411, 32.943, 32.686, 32.35, 32.733, 32.058, 30.558, 28.228, 22.415, 13.654, 7.162, 0.0, 11.04, 18.328, 20.462, 44.496], [44.716, 44.005, 46.424, 49.988, 51.085, 50.407, 49.67, 48.508, 47.996, 48.794, 47.775, 46.658, 45.97, 45.974, 46.248, 45.778, 45.342, 44.679, 43.992, 43.074, 42.498, 42.295, 41.835, 40.254, 39.195, 39.237, 39.592, 39.125, 38.5, 38.193, 37.331, 36.742, 36.081, 35.28, 34.817, 34.164, 34.233, 34.324, 34.953, 34.741, 34.54, 35.012, 34.495, 33.298, 31.403, 26.374, 18.149, 13.888, 11.04, 0.0, 11.29, 15.843, 44.888], [44.844, 44.134, 46.527, 50.038, 51.072, 50.416, 49.714, 48.615, 48.117, 48.813, 47.785, 46.696, 46.014, 45.984, 46.226, 45.74, 45.292, 44.666, 43.978, 43.084, 42.563, 42.359, 41.895, 40.452, 39.555, 39.613, 39.98, 39.53, 39.042, 39.109, 38.536, 38.021, 37.53, 36.89, 36.545, 35.924, 36.013, 36.123, 36.607, 36.438, 36.209, 36.582, 36.159, 35.136, 33.718, 29.889, 23.344, 19.567, 18.328, 11.29, 0.0, 9.219, 44.982], [44.73, 43.781, 46.056, 49.713, 50.754, 50.05, 49.357, 48.226, 47.625, 48.293, 47.222, 46.057, 45.352, 45.389, 45.658, 45.168, 44.794, 44.224, 43.541, 42.67, 42.163, 41.936, 41.553, 40.143, 39.092, 39.032, 39.358, 38.82, 38.193, 38.254, 37.927, 37.511, 37.045, 36.704, 36.707, 36.127, 36.164, 36.136, 36.436, 36.249, 35.858, 36.148, 35.796, 34.754, 33.538, 30.244, 24.839, 22.038, 20.462, 15.843, 9.219, 0.0, 44.839], [7.058, 16.723, 29.232, 35.196, 35.958, 36.578, 38.496, 39.551, 40.025, 41.146, 40.588, 40.441, 40.525, 40.775, 41.189, 41.425, 42.556, 43.015, 42.757, 42.643, 42.582, 42.417, 43.182, 42.907, 42.399, 42.421, 42.587, 42.779, 42.324, 42.463, 43.159, 43.394, 43.444, 43.775, 44.277, 43.976, 43.758, 43.428, 43.531, 43.452, 42.765, 42.698, 42.798, 42.542, 43.023, 43.707, 43.923, 44.353, 44.496, 44.888, 44.982, 44.839, 0.0]]