[[0.0, 9.488, 16.324, 20.202, 22.612, 24.864, 27.051, 28.748, 29.89, 30.81, 31.632, 32.09, 32.172, 32.382, 33.3, 34.658, 35.527, 35.901, 36.32, 36.834, 37.179, 37.124, 36.729, 36.377, 36.608, 37.716, 39.199, 40.344, 40.928, 40.956, 40.601, 40.342, 40.322, 39.969, 38.651, 37.124, 36.731, 37.079, 37.216, 37.144, 36.929, 37.006, 37.371, 37.661, 37.676, 37.545, 37.488, 37.782, 38.427, 38.938, 39.221, 39.412, 39.633, 39.849, 40.091, 40.695, 41.736, 42.537, 42.583, 42.141, 41.658, 41.312, 41.122, 41.067, 41.164, 41.5, 42.133, 42.738, 42.953, 42.923, 42.906, 42.93, 42.93, 42.984, 43.067, 43.039, 42.857, 42.551, 42.126, 41.608, 40.749, 39.519, 38.424, 37.965, 38.008, 38.09, 37.877, 37.347, 36.903, 37.173, 37.871, 38.366, 38.604, 38.605, 38.24, 37.786, 37.651, 37.611, 37.555, 37.624, 37.765, 37.82, 37.697, 37.459, 37.221, 37.077, 37.11, 37.251, 37.339, 37.359, 37.36, 37.252, 36.967, 36.671, 36.529, 36.475, 36.457, 36.488, 36.598, 36.758, 36.996, 37.494, 38.179, 38.561, 38.543, 38.544, 38.857, 39.521, 40.461, 41.259, 41.54, 41.245, 40.703, 40.45, 40.388, 40.304, 40.178, 40.015, 39.613, 38.924, 38.283, 38.032, 38.011, 37.913, 37.731, 37.592, 37.586, 37.733, 38.002, 38.359, 38.723, 38.969, 38.998, 38.795, 38.714, 38.819, 38.631, 8.419], [9.488, 0.0, 8.012, 13.31, 16.782, 19.423, 21.675, 23.506, 24.894, 26.042, 27.011, 27.556, 27.672, 27.864, 28.779, 30.223, 31.212, 31.658, 32.091, 32.608, 33.003, 33.063, 32.831, 32.668, 33.117, 34.497, 36.323, 37.823, 38.616, 38.644, 38.231, 37.976, 37.988, 37.744, 36.827, 36.082, 36.359, 36.943, 37.091, 37.008, 36.845, 36.961, 37.311, 37.561, 37.53, 37.377, 37.356, 37.745, 38.48, 39.031, 39.316, 39.501, 39.706, 39.9, 40.128, 40.702, 41.712, 42.522, 42.593, 42.144, 41.621, 41.248, 41.065, 41.024, 41.117, 41.432, 42.037, 42.616, 42.813, 42.795, 42.825, 42.887, 42.891, 42.935, 43.01, 42.976, 42.795, 42.518, 42.15, 41.673, 40.799, 39.483, 38.267, 37.734, 37.75, 37.815, 37.596, 37.1, 36.736, 37.044, 37.675, 38.128, 38.401, 38.434, 38.04, 37.51, 37.316, 37.286, 37.235, 37.282, 37.412, 37.48, 37.375, 37.15, 36.92, 36.775, 36.794, 36.916, 36.996, 37.019, 37.022, 36.914, 36.638, 36.35, 36.198, 36.116, 36.072, 36.114, 36.262, 36.428, 36.63, 37.117, 37.832, 38.244, 38.245, 38.286, 38.675, 39.43, 40.427, 41.229, 41.504, 41.209, 40.649, 40.355, 40.243, 40.118, 39.966, 39.788, 39.373, 38.662, 37.986, 37.708, 37.689, 37.604, 37.432, 37.301, 37.3, 37.451, 37.746, 38.154, 38.561, 38.806, 38.834, 38.679, 38.653, 38.762, 38.49, 16.663], [16.324, 8.012, 0.0, 6.4, 11.284, 14.752, 17.152, 18.955, 20.499, 21.936, 23.151, 23.823, 23.959, 24.107, 24.999, 26.514, 27.615, 28.157, 28.669, 29.277, 29.805, 30.059, 30.078, 30.188, 30.858, 32.376, 34.329, 35.997, 36.912, 36.936, 36.507, 36.323, 36.403, 36.26, 35.813, 36.026, 37.039, 37.847, 38.016, 37.898, 37.771, 37.947, 38.284, 38.478, 38.402, 38.232, 38.226, 38.627, 39.338, 39.855, 40.119, 40.292, 40.466, 40.61, 40.785, 41.263, 42.148, 42.896, 42.979, 42.548, 42.029, 41.661, 41.497, 41.475, 41.565, 41.845, 42.394, 42.93, 43.115, 43.106, 43.151, 43.218, 43.217, 43.247, 43.304, 43.257, 43.069, 42.81, 42.5, 42.092, 41.287, 40.058, 38.932, 38.46, 38.482, 38.52, 38.3, 37.881, 37.62, 37.944, 38.5, 38.904, 39.173, 39.217, 38.838, 38.314, 38.124, 38.121, 38.084, 38.109, 38.219, 38.29, 38.2, 37.994, 37.791, 37.676, 37.701, 37.802, 37.858, 37.871, 37.865, 37.759, 37.497, 37.221, 37.06, 36.954, 36.881, 36.917, 37.069, 37.194, 37.273, 37.592, 38.193, 38.58, 38.595, 38.657, 39.058, 39.816, 40.8, 41.569, 41.814, 41.517, 40.969, 40.665, 40.518, 40.361, 40.191, 40.012, 39.626, 38.97, 38.335, 38.069, 38.068, 38.023, 37.889, 37.775, 37.765, 37.905, 38.214, 38.664, 39.097, 39.325, 39.339, 39.243, 39.307, 39.463, 39.169, 22.32], [20.202, 13.31, 6.4, 0.0, 5.834, 10.479, 13.64, 15.767, 17.513, 19.221, 20.729, 21.583, 21.752, 21.869, 22.784, 24.42, 25.676, 26.39, 27.122, 27.986, 28.751, 29.199, 29.394, 29.68, 30.499, 32.1, 34.085, 35.773, 36.69, 36.673, 36.205, 36.038, 36.158, 36.059, 35.805, 36.443, 37.804, 38.728, 38.917, 38.794, 38.699, 38.916, 39.248, 39.416, 39.325, 39.151, 39.129, 39.476, 40.102, 40.556, 40.798, 40.969, 41.133, 41.245, 41.364, 41.75, 42.526, 43.212, 43.286, 42.862, 42.35, 41.99, 41.839, 41.825, 41.907, 42.156, 42.655, 43.156, 43.33, 43.316, 43.345, 43.396, 43.386, 43.41, 43.457, 43.398, 43.197, 42.932, 42.646, 42.294, 41.587, 40.518, 39.574, 39.219, 39.265, 39.282, 39.053, 38.68, 38.481, 38.826, 39.389, 39.798, 40.046, 40.071, 39.722, 39.266, 39.126, 39.133, 39.09, 39.093, 39.191, 39.266, 39.195, 39.008, 38.821, 38.721, 38.751, 38.845, 38.892, 38.898, 38.885, 38.78, 38.516, 38.228, 38.044, 37.912, 37.812, 37.834, 37.975, 38.065, 38.037, 38.169, 38.613, 38.943, 38.952, 39.0, 39.358, 40.076, 41.038, 41.783, 42.004, 41.694, 41.153, 40.862, 40.718, 40.56, 40.392, 40.228, 39.891, 39.316, 38.757, 38.531, 38.552, 38.537, 38.435, 38.338, 38.328, 38.467, 38.793, 39.271, 39.718, 39.933, 39.931, 39.865, 39.992, 40.205, 39.957, 25.468], [22.612, 16.782, 11.284, 5.834, 0.0, 5.562, 9.869, 12.855, 15.05, 17.008, 18.757, 19.816, 20.071, 20.183, 21.128, 22.909, 24.384, 25.363, 26.404, 27.583, 28.601, 29.217, 29.51, 29.859, 30.739, 32.409, 34.447, 36.146, 37.029, 36.958, 36.439, 36.24, 36.363, 36.303, 36.119, 36.84, 38.25, 39.188, 39.398, 39.345, 39.321, 39.558, 39.868, 40.023, 39.946, 39.783, 39.739, 40.02, 40.559, 40.956, 41.177, 41.34, 41.494, 41.584, 41.669, 42.01, 42.741, 43.396, 43.454, 43.024, 42.511, 42.154, 42.01, 41.998, 42.07, 42.29, 42.745, 43.214, 43.378, 43.352, 43.356, 43.384, 43.369, 43.399, 43.456, 43.408, 43.209, 42.933, 42.649, 42.34, 41.726, 40.806, 40.022, 39.754, 39.806, 39.8, 39.56, 39.204, 39.022, 39.392, 40.015, 40.467, 40.703, 40.699, 40.372, 39.988, 39.9, 39.898, 39.83, 39.805, 39.888, 39.971, 39.926, 39.765, 39.59, 39.492, 39.524, 39.627, 39.681, 39.687, 39.67, 39.556, 39.27, 38.953, 38.746, 38.595, 38.487, 38.509, 38.655, 38.734, 38.643, 38.636, 38.937, 39.193, 39.182, 39.205, 39.49, 40.121, 41.03, 41.756, 41.969, 41.65, 41.109, 40.833, 40.716, 40.578, 40.422, 40.279, 39.99, 39.492, 39.011, 38.83, 38.865, 38.861, 38.78, 38.708, 38.718, 38.874, 39.225, 39.726, 40.18, 40.386, 40.375, 40.317, 40.472, 40.718, 40.512, 27.505], [24.864, 19.423, 14.752, 10.479, 5.562, 0.0, 5.107, 9.124, 12.072, 14.417, 16.391, 17.642, 18.028, 18.16, 19.094, 20.982, 22.695, 23.972, 25.302, 26.722, 27.938, 28.722, 29.141, 29.557, 30.461, 32.17, 34.297, 36.082, 36.981, 36.874, 36.331, 36.129, 36.258, 36.251, 36.237, 37.169, 38.644, 39.546, 39.766, 39.837, 39.949, 40.209, 40.468, 40.599, 40.545, 40.406, 40.353, 40.589, 41.075, 41.44, 41.643, 41.787, 41.916, 41.984, 42.049, 42.365, 43.074, 43.715, 43.765, 43.339, 42.837, 42.49, 42.353, 42.345, 42.414, 42.616, 43.036, 43.475, 43.628, 43.596, 43.587, 43.598, 43.58, 43.622, 43.705, 43.691, 43.518, 43.252, 42.98, 42.706, 42.162, 41.354, 40.68, 40.457, 40.495, 40.469, 40.231, 39.894, 39.717, 40.086, 40.734, 41.212, 41.441, 41.413, 41.082, 40.722, 40.652, 40.641, 40.548, 40.491, 40.552, 40.642, 40.625, 40.494, 40.335, 40.24, 40.276, 40.388, 40.45, 40.457, 40.435, 40.309, 40.006, 39.676, 39.466, 39.316, 39.22, 39.268, 39.436, 39.518, 39.398, 39.315, 39.518, 39.708, 39.681, 39.689, 39.893, 40.384, 41.175, 41.851, 42.062, 41.753, 41.221, 40.952, 40.848, 40.725, 40.58, 40.453, 40.203, 39.769, 39.347, 39.19, 39.221, 39.222, 39.166, 39.127, 39.162, 39.333, 39.7, 40.211, 40.659, 40.854, 40.833, 40.779, 40.942, 41.185, 40.992, 29.514], [27.051, 21.675, 17.152, 13.64, 9.869, 5.107, 0.0, 4.65, 8.395, 11.366, 13.71, 15.178, 15.703, 15.896, 16.845, 18.816, 20.706, 22.22, 23.762, 25.33, 26.682, 27.634, 28.222, 28.745, 29.669, 31.371, 33.572, 35.501, 36.494, 36.4, 35.876, 35.729, 35.88, 35.903, 36.099, 37.409, 39.09, 39.978, 40.181, 40.343, 40.594, 40.902, 41.112, 41.201, 41.153, 41.032, 40.977, 41.187, 41.645, 41.998, 42.191, 42.317, 42.426, 42.482, 42.536, 42.83, 43.515, 44.141, 44.188, 43.775, 43.296, 42.966, 42.837, 42.835, 42.906, 43.097, 43.489, 43.898, 44.037, 44.005, 43.995, 43.995, 43.972, 44.022, 44.13, 44.155, 44.022, 43.79, 43.541, 43.285, 42.779, 42.049, 41.461, 41.274, 41.302, 41.262, 41.035, 40.723, 40.544, 40.878, 41.492, 41.959, 42.183, 42.14, 41.799, 41.439, 41.366, 41.354, 41.253, 41.175, 41.214, 41.305, 41.305, 41.194, 41.05, 40.959, 40.995, 41.107, 41.166, 41.173, 41.149, 41.021, 40.723, 40.408, 40.215, 40.076, 39.999, 40.071, 40.256, 40.336, 40.2, 40.082, 40.234, 40.396, 40.37, 40.374, 40.52, 40.884, 41.55, 42.164, 42.367, 42.075, 41.561, 41.288, 41.172, 41.045, 40.903, 40.783, 40.557, 40.165, 39.776, 39.615, 39.63, 39.637, 39.61, 39.601, 39.651, 39.824, 40.191, 40.698, 41.133, 41.311, 41.276, 41.221, 41.385, 41.612, 41.41, 31.402], [28.748, 23.506, 18.955, 15.767, 12.855, 9.124, 4.65, 0.0, 4.269, 7.968, 10.894, 12.694, 13.379, 13.677, 14.743, 16.853, 18.874, 20.54, 22.236, 23.927, 25.398, 26.495, 27.232, 27.855, 28.784, 30.455, 32.716, 34.808, 35.947, 35.92, 35.448, 35.382, 35.572, 35.579, 35.865, 37.452, 39.346, 40.265, 40.451, 40.632, 40.963, 41.32, 41.509, 41.566, 41.512, 41.398, 41.336, 41.522, 41.96, 42.307, 42.497, 42.616, 42.721, 42.781, 42.835, 43.12, 43.802, 44.429, 44.476, 44.067, 43.6, 43.281, 43.157, 43.157, 43.228, 43.412, 43.782, 44.168, 44.296, 44.264, 44.252, 44.244, 44.216, 44.272, 44.397, 44.451, 44.355, 44.154, 43.92, 43.664, 43.166, 42.482, 41.959, 41.813, 41.847, 41.804, 41.587, 41.284, 41.086, 41.367, 41.929, 42.377, 42.597, 42.546, 42.201, 41.839, 41.766, 41.762, 41.666, 41.581, 41.605, 41.687, 41.689, 41.58, 41.439, 41.35, 41.384, 41.489, 41.54, 41.545, 41.524, 41.405, 41.124, 40.833, 40.657, 40.533, 40.468, 40.55, 40.736, 40.81, 40.664, 40.531, 40.67, 40.836, 40.823, 40.831, 40.961, 41.269, 41.861, 42.434, 42.625, 42.34, 41.834, 41.55, 41.412, 41.271, 41.125, 41.003, 40.783, 40.404, 40.017, 39.836, 39.829, 39.838, 39.831, 39.841, 39.899, 40.073, 40.437, 40.942, 41.372, 41.536, 41.484, 41.424, 41.59, 41.804, 41.575, 32.768], [29.89, 24.894, 20.499, 17.513, 15.05, 12.072, 8.395, 4.269, 0.0, 4.17, 7.699, 9.956, 10.896, 11.356, 12.625, 14.952, 17.098, 18.874, 20.72, 22.574, 24.181, 25.392, 26.223, 26.894, 27.807, 29.453, 31.785, 34.044, 35.343, 35.405, 34.991, 34.997, 35.241, 35.233, 35.494, 37.153, 39.164, 40.131, 40.321, 40.502, 40.86, 41.249, 41.453, 41.514, 41.465, 41.356, 41.289, 41.458, 41.887, 42.239, 42.433, 42.551, 42.66, 42.732, 42.803, 43.121, 43.854, 44.514, 44.556, 44.131, 43.654, 43.329, 43.202, 43.2, 43.27, 43.447, 43.804, 44.176, 44.298, 44.26, 44.239, 44.223, 44.196, 44.261, 44.396, 44.463, 44.381, 44.186, 43.944, 43.67, 43.162, 42.488, 41.999, 41.889, 41.942, 41.905, 41.694, 41.379, 41.135, 41.355, 41.873, 42.309, 42.526, 42.465, 42.105, 41.733, 41.66, 41.67, 41.586, 41.504, 41.519, 41.591, 41.582, 41.46, 41.307, 41.214, 41.249, 41.351, 41.396, 41.399, 41.385, 41.277, 41.011, 40.735, 40.573, 40.463, 40.407, 40.488, 40.67, 40.748, 40.616, 40.511, 40.678, 40.861, 40.859, 40.879, 41.032, 41.349, 41.923, 42.478, 42.662, 42.373, 41.86, 41.558, 41.4, 41.244, 41.088, 40.955, 40.72, 40.322, 39.91, 39.698, 39.668, 39.671, 39.669, 39.686, 39.749, 39.924, 40.29, 40.801, 41.236, 41.395, 41.328, 41.255, 41.42, 41.622, 41.351, 33.631], [30.81, 26.042, 21.936, 19.221, 17.008, 14.417, 11.366, 7.968, 4.17, 0.0, 3.902, 6.661, 8.044, 8.826, 10.362, 12.903, 15.144, 17.014, 19.022, 21.071, 22.844, 24.162, 25.059, 25.748, 26.631, 28.258, 30.665, 33.078, 34.524, 34.673, 34.311, 34.384, 34.695, 34.711, 34.957, 36.631, 38.697, 39.7, 39.911, 40.106, 40.475, 40.877, 41.11, 41.2, 41.17, 41.071, 41.01, 41.184, 41.628, 41.999, 42.199, 42.315, 42.422, 42.509, 42.617, 43.008, 43.834, 44.547, 44.586, 44.137, 43.642, 43.308, 43.174, 43.167, 43.232, 43.403, 43.752, 44.117, 44.23, 44.185, 44.157, 44.136, 44.115, 44.19, 44.33, 44.395, 44.307, 44.1, 43.837, 43.54, 43.009, 42.31, 41.809, 41.706, 41.769, 41.741, 41.539, 41.206, 40.904, 41.059, 41.535, 41.958, 42.172, 42.094, 41.704, 41.303, 41.222, 41.247, 41.183, 41.113, 41.126, 41.189, 41.166, 41.024, 40.855, 40.753, 40.787, 40.89, 40.932, 40.934, 40.928, 40.83, 40.574, 40.31, 40.163, 40.071, 40.027, 40.104, 40.285, 40.377, 40.287, 40.25, 40.474, 40.679, 40.684, 40.72, 40.917, 41.273, 41.851, 42.404, 42.585, 42.292, 41.766, 41.44, 41.262, 41.093, 40.925, 40.775, 40.511, 40.077, 39.627, 39.389, 39.345, 39.341, 39.332, 39.348, 39.411, 39.584, 39.947, 40.463, 40.904, 41.06, 40.983, 40.897, 41.062, 41.247, 40.922, 34.355], [31.632, 27.011, 23.151, 20.729, 18.757, 16.391, 13.71, 10.894, 7.699, 3.902, 0.0, 3.132, 5.136, 6.548, 8.519, 11.188, 13.362, 15.21, 17.322, 19.542, 21.474, 22.903, 23.869, 24.584, 25.442, 27.041, 29.497, 32.035, 33.606, 33.831, 33.517, 33.662, 34.047, 34.111, 34.396, 36.14, 38.267, 39.289, 39.512, 39.729, 40.112, 40.516, 40.766, 40.883, 40.873, 40.789, 40.745, 40.945, 41.422, 41.817, 42.022, 42.131, 42.236, 42.339, 42.493, 42.966, 43.882, 44.644, 44.682, 44.219, 43.716, 43.378, 43.236, 43.22, 43.281, 43.449, 43.796, 44.158, 44.264, 44.216, 44.19, 44.171, 44.154, 44.234, 44.376, 44.436, 44.339, 44.121, 43.842, 43.526, 42.965, 42.217, 41.666, 41.536, 41.591, 41.571, 41.38, 41.039, 40.696, 40.795, 41.22, 41.617, 41.824, 41.728, 41.301, 40.86, 40.761, 40.798, 40.758, 40.707, 40.724, 40.78, 40.744, 40.587, 40.406, 40.295, 40.319, 40.417, 40.456, 40.459, 40.459, 40.371, 40.129, 39.883, 39.757, 39.686, 39.653, 39.728, 39.906, 40.015, 39.974, 40.011, 40.291, 40.514, 40.525, 40.578, 40.814, 41.203, 41.785, 42.334, 42.513, 42.221, 41.69, 41.346, 41.15, 40.969, 40.792, 40.624, 40.334, 39.866, 39.391, 39.143, 39.103, 39.099, 39.082, 39.089, 39.148, 39.313, 39.664, 40.173, 40.612, 40.763, 40.683, 40.591, 40.754, 40.922, 40.547, 35.036], [32.09, 27.556, 23.823, 21.583, 19.816, 17.642, 15.178, 12.694, 9.956, 6.661, 3.132, 0.0, 2.512, 4.759, 7.419, 10.258, 12.242, 13.885, 15.964, 18.276, 20.326, 21.845, 22.876, 23.627, 24.479, 26.06, 28.549, 31.181, 32.852, 33.131, 32.846, 33.042, 33.485, 33.577, 33.887, 35.711, 37.914, 38.953, 39.175, 39.402, 39.797, 40.201, 40.453, 40.58, 40.583, 40.514, 40.496, 40.727, 41.236, 41.653, 41.865, 41.975, 42.085, 42.207, 42.397, 42.924, 43.894, 44.684, 44.725, 44.255, 43.746, 43.404, 43.256, 43.231, 43.286, 43.457, 43.812, 44.181, 44.288, 44.243, 44.225, 44.211, 44.194, 44.274, 44.416, 44.475, 44.374, 44.151, 43.865, 43.532, 42.94, 42.138, 41.529, 41.361, 41.402, 41.384, 41.203, 40.859, 40.497, 40.562, 40.945, 41.316, 41.516, 41.408, 40.956, 40.483, 40.364, 40.407, 40.383, 40.348, 40.369, 40.422, 40.376, 40.212, 40.027, 39.906, 39.917, 40.004, 40.037, 40.039, 40.046, 39.969, 39.744, 39.516, 39.408, 39.353, 39.328, 39.398, 39.573, 39.695, 39.687, 39.769, 40.08, 40.317, 40.333, 40.394, 40.654, 41.07, 41.66, 42.202, 42.375, 42.088, 41.564, 41.218, 41.012, 40.823, 40.638, 40.458, 40.15, 39.665, 39.18, 38.941, 38.915, 38.915, 38.889, 38.884, 38.935, 39.092, 39.43, 39.927, 40.358, 40.507, 40.424, 40.327, 40.487, 40.645, 40.242, 35.403], [32.172, 27.672, 23.959, 21.752, 20.071, 18.028, 15.703, 13.379, 10.896, 8.044, 5.136, 2.512, 0.0, 2.821, 6.224, 9.498, 11.533, 13.022, 14.994, 17.328, 19.46, 21.055, 22.137, 22.92, 23.791, 25.395, 27.931, 30.635, 32.374, 32.681, 32.395, 32.604, 33.07, 33.166, 33.476, 35.355, 37.629, 38.687, 38.903, 39.127, 39.53, 39.938, 40.188, 40.316, 40.321, 40.268, 40.283, 40.547, 41.082, 41.515, 41.739, 41.86, 41.981, 42.114, 42.322, 42.872, 43.856, 44.65, 44.692, 44.218, 43.704, 43.357, 43.206, 43.179, 43.234, 43.408, 43.774, 44.156, 44.272, 44.235, 44.224, 44.212, 44.193, 44.269, 44.408, 44.465, 44.362, 44.137, 43.847, 43.503, 42.886, 42.042, 41.386, 41.188, 41.219, 41.204, 41.025, 40.679, 40.309, 40.36, 40.725, 41.084, 41.281, 41.17, 40.709, 40.223, 40.094, 40.139, 40.121, 40.087, 40.109, 40.163, 40.114, 39.947, 39.761, 39.638, 39.64, 39.718, 39.745, 39.746, 39.758, 39.691, 39.476, 39.256, 39.155, 39.106, 39.083, 39.15, 39.326, 39.455, 39.457, 39.55, 39.872, 40.117, 40.136, 40.199, 40.472, 40.914, 41.523, 42.065, 42.235, 41.954, 41.442, 41.104, 40.898, 40.702, 40.511, 40.325, 40.009, 39.514, 39.025, 38.79, 38.773, 38.773, 38.738, 38.721, 38.766, 38.921, 39.255, 39.742, 40.166, 40.313, 40.227, 40.124, 40.279, 40.432, 40.02, 35.457], [32.382, 27.864, 24.107, 21.869, 20.183, 18.16, 15.896, 13.677, 11.356, 8.826, 6.548, 4.759, 2.821, 0.0, 3.867, 7.739, 10.275, 12.023, 14.057, 16.433, 18.668, 20.381, 21.551, 22.394, 23.323, 24.993, 27.596, 30.358, 32.137, 32.456, 32.161, 32.362, 32.833, 32.954, 33.333, 35.329, 37.677, 38.745, 38.954, 39.175, 39.591, 40.013, 40.265, 40.389, 40.391, 40.35, 40.396, 40.69, 41.24, 41.678, 41.91, 42.04, 42.164, 42.293, 42.5, 43.041, 44.0, 44.769, 44.803, 44.334, 43.827, 43.488, 43.346, 43.328, 43.385, 43.557, 43.92, 44.304, 44.43, 44.403, 44.397, 44.386, 44.364, 44.434, 44.565, 44.614, 44.505, 44.281, 43.997, 43.661, 43.047, 42.198, 41.531, 41.319, 41.345, 41.331, 41.157, 40.819, 40.456, 40.502, 40.862, 41.219, 41.409, 41.294, 40.841, 40.362, 40.234, 40.282, 40.265, 40.223, 40.239, 40.291, 40.243, 40.078, 39.898, 39.783, 39.794, 39.874, 39.899, 39.898, 39.912, 39.852, 39.641, 39.42, 39.314, 39.259, 39.236, 39.309, 39.491, 39.619, 39.612, 39.692, 40.01, 40.261, 40.28, 40.339, 40.611, 41.064, 41.681, 42.222, 42.395, 42.123, 41.624, 41.294, 41.089, 40.891, 40.699, 40.513, 40.198, 39.705, 39.213, 38.972, 38.946, 38.942, 38.903, 38.882, 38.921, 39.074, 39.405, 39.886, 40.299, 40.437, 40.347, 40.238, 40.382, 40.527, 40.124, 35.675], [33.3, 28.779, 24.999, 22.784, 21.128, 19.094, 16.845, 14.743, 12.625, 10.362, 8.519, 7.419, 6.224, 3.867, 0.0, 4.354, 7.772, 10.404, 12.935, 15.515, 17.906, 19.809, 21.154, 22.132, 23.17, 24.924, 27.585, 30.388, 32.195, 32.53, 32.244, 32.449, 32.931, 33.122, 33.691, 35.927, 38.37, 39.433, 39.631, 39.86, 40.303, 40.74, 40.99, 41.103, 41.099, 41.065, 41.122, 41.423, 41.964, 42.394, 42.622, 42.747, 42.858, 42.969, 43.155, 43.651, 44.54, 45.256, 45.275, 44.822, 44.345, 44.038, 43.919, 43.913, 43.972, 44.131, 44.47, 44.837, 44.964, 44.946, 44.945, 44.932, 44.909, 44.973, 45.093, 45.132, 45.019, 44.8, 44.54, 44.241, 43.675, 42.879, 42.251, 42.055, 42.082, 42.07, 41.906, 41.592, 41.247, 41.286, 41.636, 41.988, 42.163, 42.04, 41.612, 41.167, 41.047, 41.093, 41.079, 41.029, 41.03, 41.071, 41.024, 40.87, 40.703, 40.607, 40.639, 40.734, 40.76, 40.756, 40.77, 40.719, 40.517, 40.298, 40.186, 40.118, 40.092, 40.177, 40.367, 40.488, 40.461, 40.516, 40.814, 41.058, 41.075, 41.125, 41.376, 41.799, 42.384, 42.908, 43.082, 42.824, 42.338, 42.012, 41.806, 41.61, 41.424, 41.247, 40.944, 40.469, 39.989, 39.736, 39.693, 39.686, 39.656, 39.64, 39.673, 39.816, 40.138, 40.609, 41.003, 41.125, 41.028, 40.917, 41.048, 41.184, 40.812, 36.565], [34.658, 30.223, 26.514, 24.42, 22.909, 20.982, 18.816, 16.853, 14.952, 12.903, 11.188, 10.258, 9.498, 7.739, 4.354, 0.0, 4.267, 8.133, 11.537, 14.544, 17.151, 19.261, 20.819, 21.969, 23.125, 24.939, 27.626, 30.461, 32.301, 32.661, 32.403, 32.639, 33.153, 33.423, 34.198, 36.691, 39.238, 40.294, 40.476, 40.714, 41.186, 41.635, 41.871, 41.971, 41.966, 41.93, 41.978, 42.262, 42.783, 43.201, 43.424, 43.539, 43.636, 43.736, 43.904, 44.353, 45.175, 45.84, 45.846, 45.409, 44.967, 44.698, 44.601, 44.602, 44.658, 44.805, 45.118, 45.464, 45.587, 45.572, 45.572, 45.559, 45.536, 45.597, 45.71, 45.746, 45.636, 45.429, 45.194, 44.934, 44.42, 43.688, 43.117, 42.958, 43.001, 42.995, 42.847, 42.557, 42.219, 42.232, 42.556, 42.898, 43.06, 42.931, 42.526, 42.115, 41.997, 42.04, 42.034, 41.988, 41.981, 42.004, 41.952, 41.811, 41.662, 41.58, 41.624, 41.727, 41.753, 41.747, 41.762, 41.723, 41.537, 41.331, 41.224, 41.147, 41.113, 41.201, 41.393, 41.512, 41.478, 41.519, 41.797, 42.025, 42.037, 42.083, 42.311, 42.686, 43.216, 43.709, 43.878, 43.629, 43.154, 42.828, 42.62, 42.427, 42.247, 42.075, 41.784, 41.33, 40.862, 40.598, 40.542, 40.54, 40.525, 40.514, 40.54, 40.671, 40.985, 41.446, 41.824, 41.931, 41.828, 41.72, 41.844, 41.975, 41.637, 37.815], [35.527, 31.212, 27.615, 25.676, 24.384, 22.695, 20.706, 18.874, 17.098, 15.144, 13.362, 12.242, 11.533, 10.275, 7.772, 4.267, 0.0, 4.641, 8.933, 12.622, 15.643, 18.01, 19.756, 21.042, 22.279, 24.128, 26.862, 29.773, 31.687, 32.094, 31.878, 32.176, 32.747, 33.065, 33.946, 36.615, 39.274, 40.343, 40.508, 40.745, 41.233, 41.683, 41.904, 41.999, 41.995, 41.956, 41.997, 42.281, 42.809, 43.24, 43.472, 43.591, 43.689, 43.797, 43.972, 44.424, 45.257, 45.933, 45.943, 45.507, 45.074, 44.82, 44.73, 44.728, 44.782, 44.928, 45.239, 45.579, 45.695, 45.681, 45.688, 45.681, 45.66, 45.722, 45.837, 45.878, 45.776, 45.577, 45.345, 45.085, 44.572, 43.838, 43.267, 43.121, 43.18, 43.187, 43.054, 42.774, 42.423, 42.393, 42.671, 42.993, 43.156, 43.03, 42.624, 42.209, 42.083, 42.134, 42.144, 42.116, 42.118, 42.136, 42.074, 41.929, 41.783, 41.7, 41.731, 41.819, 41.833, 41.828, 41.853, 41.826, 41.655, 41.469, 41.379, 41.304, 41.252, 41.323, 41.511, 41.64, 41.624, 41.688, 41.979, 42.206, 42.22, 42.277, 42.52, 42.888, 43.391, 43.869, 44.034, 43.788, 43.315, 42.986, 42.776, 42.577, 42.391, 42.21, 41.91, 41.444, 40.959, 40.685, 40.63, 40.635, 40.622, 40.606, 40.623, 40.748, 41.059, 41.519, 41.897, 42.004, 41.904, 41.803, 41.931, 42.06, 41.721, 38.551], [35.901, 31.658, 28.157, 26.39, 25.363, 23.972, 22.22, 20.54, 18.874, 17.014, 15.21, 13.885, 13.022, 12.023, 10.404, 8.133, 4.641, 0.0, 4.866, 9.377, 13.107, 15.929, 17.903, 19.288, 20.549, 22.417, 25.24, 28.297, 30.346, 30.84, 30.703, 31.11, 31.774, 32.132, 33.059, 35.855, 38.629, 39.721, 39.869, 40.096, 40.589, 41.036, 41.25, 41.348, 41.347, 41.313, 41.377, 41.705, 42.284, 42.752, 43.006, 43.142, 43.256, 43.384, 43.592, 44.104, 45.024, 45.768, 45.797, 45.346, 44.894, 44.631, 44.537, 44.531, 44.586, 44.743, 45.071, 45.421, 45.536, 45.528, 45.554, 45.561, 45.543, 45.606, 45.725, 45.765, 45.663, 45.464, 45.221, 44.929, 44.363, 43.552, 42.901, 42.71, 42.758, 42.772, 42.653, 42.375, 42.006, 41.928, 42.139, 42.424, 42.595, 42.477, 42.045, 41.582, 41.434, 41.503, 41.54, 41.54, 41.565, 41.594, 41.518, 41.349, 41.187, 41.093, 41.101, 41.159, 41.157, 41.153, 41.192, 41.178, 41.023, 40.858, 40.788, 40.72, 40.652, 40.694, 40.873, 41.02, 41.037, 41.152, 41.495, 41.752, 41.783, 41.866, 42.163, 42.585, 43.113, 43.597, 43.765, 43.522, 43.051, 42.724, 42.508, 42.295, 42.091, 41.893, 41.567, 41.055, 40.525, 40.239, 40.196, 40.202, 40.176, 40.144, 40.151, 40.275, 40.588, 41.053, 41.437, 41.553, 41.465, 41.376, 41.513, 41.633, 41.244, 38.835], [36.32, 32.091, 28.669, 27.122, 26.404, 25.302, 23.762, 22.236, 20.72, 19.022, 17.322, 15.964, 14.994, 14.057, 12.935, 11.537, 8.933, 4.866, 0.0, 5.101, 9.68, 13.248, 15.68, 17.264, 18.558, 20.429, 23.348, 26.58, 28.806, 29.434, 29.428, 29.992, 30.776, 31.212, 32.261, 35.257, 38.157, 39.261, 39.388, 39.602, 40.098, 40.549, 40.77, 40.88, 40.883, 40.862, 40.971, 41.368, 42.009, 42.51, 42.777, 42.926, 43.054, 43.205, 43.462, 44.047, 45.046, 45.842, 45.884, 45.421, 44.95, 44.675, 44.576, 44.568, 44.624, 44.787, 45.132, 45.497, 45.618, 45.623, 45.674, 45.702, 45.688, 45.747, 45.86, 45.891, 45.776, 45.574, 45.323, 45.006, 44.39, 43.495, 42.745, 42.482, 42.503, 42.52, 42.412, 42.139, 41.758, 41.632, 41.765, 41.998, 42.168, 42.053, 41.585, 41.061, 40.881, 40.971, 41.041, 41.071, 41.117, 41.152, 41.062, 40.869, 40.691, 40.59, 40.588, 40.63, 40.612, 40.603, 40.65, 40.65, 40.514, 40.366, 40.304, 40.243, 40.164, 40.185, 40.357, 40.52, 40.574, 40.746, 41.151, 41.452, 41.505, 41.614, 41.974, 42.475, 43.053, 43.555, 43.728, 43.493, 43.033, 42.714, 42.494, 42.267, 42.05, 41.835, 41.479, 40.918, 40.337, 40.034, 40.0, 40.006, 39.965, 39.915, 39.912, 40.034, 40.347, 40.814, 41.2, 41.32, 41.246, 41.172, 41.316, 41.416, 40.958, 39.209], [36.834, 32.608, 29.277, 27.986, 27.583, 26.722, 25.33, 23.927, 22.574, 21.071, 19.542, 18.276, 17.328, 16.433, 15.515, 14.544, 12.622, 9.377, 5.101, 0.0, 5.214, 9.696, 12.901, 14.952, 16.424, 18.343, 21.358, 24.77, 27.193, 27.98, 28.125, 28.856, 29.761, 30.3, 31.568, 34.883, 37.958, 39.082, 39.183, 39.385, 39.899, 40.365, 40.602, 40.726, 40.734, 40.726, 40.875, 41.326, 42.009, 42.526, 42.794, 42.942, 43.076, 43.249, 43.553, 44.184, 45.203, 46.001, 46.048, 45.591, 45.117, 44.838, 44.74, 44.734, 44.788, 44.946, 45.294, 45.669, 45.799, 45.821, 45.9, 45.955, 45.949, 46.003, 46.108, 46.124, 45.994, 45.789, 45.539, 45.216, 44.579, 43.635, 42.816, 42.5, 42.502, 42.52, 42.421, 42.154, 41.775, 41.622, 41.69, 41.877, 42.044, 41.932, 41.442, 40.871, 40.666, 40.771, 40.871, 40.921, 40.977, 41.014, 40.916, 40.709, 40.521, 40.42, 40.423, 40.46, 40.426, 40.404, 40.449, 40.463, 40.348, 40.204, 40.136, 40.074, 39.992, 40.004, 40.172, 40.346, 40.43, 40.651, 41.11, 41.452, 41.525, 41.646, 42.049, 42.618, 43.25, 43.779, 43.96, 43.73, 43.283, 42.977, 42.763, 42.535, 42.313, 42.087, 41.708, 41.111, 40.494, 40.171, 40.135, 40.141, 40.091, 40.024, 40.005, 40.119, 40.431, 40.898, 41.282, 41.402, 41.34, 41.285, 41.436, 41.523, 41.016, 39.694], [37.179, 33.003, 29.805, 28.751, 28.601, 27.938, 26.682, 25.398, 24.181, 22.844, 21.474, 20.326, 19.46, 18.668, 17.906, 17.151, 15.643, 13.107, 9.68, 5.214, 0.0, 5.142, 9.233, 12.007, 13.909, 16.032, 19.185, 22.762, 25.367, 26.302, 26.584, 27.469, 28.491, 29.12, 30.587, 34.223, 37.518, 38.703, 38.791, 38.993, 39.546, 40.042, 40.296, 40.438, 40.456, 40.456, 40.625, 41.106, 41.816, 42.349, 42.623, 42.777, 42.927, 43.133, 43.471, 44.115, 45.118, 45.897, 45.944, 45.499, 45.034, 44.76, 44.671, 44.673, 44.722, 44.867, 45.211, 45.594, 45.734, 45.772, 45.877, 45.958, 45.963, 46.015, 46.11, 46.11, 45.966, 45.758, 45.509, 45.184, 44.536, 43.556, 42.688, 42.345, 42.343, 42.367, 42.269, 42.002, 41.634, 41.49, 41.53, 41.688, 41.855, 41.754, 41.268, 40.688, 40.472, 40.585, 40.701, 40.763, 40.825, 40.865, 40.763, 40.551, 40.358, 40.252, 40.254, 40.286, 40.236, 40.201, 40.247, 40.271, 40.162, 40.005, 39.923, 39.856, 39.771, 39.777, 39.941, 40.123, 40.233, 40.498, 41.004, 41.383, 41.47, 41.591, 42.015, 42.637, 43.323, 43.883, 44.072, 43.843, 43.405, 43.113, 42.911, 42.691, 42.472, 42.238, 41.837, 41.215, 40.575, 40.239, 40.197, 40.196, 40.135, 40.052, 40.016, 40.121, 40.432, 40.904, 41.293, 41.419, 41.37, 41.332, 41.491, 41.577, 41.05, 40.001], [37.124, 33.063, 30.059, 29.199, 29.217, 28.722, 27.634, 26.495, 25.392, 24.162, 22.903, 21.845, 21.055, 20.381, 19.809, 19.261, 18.01, 15.929, 13.248, 9.696, 5.142, 0.0, 4.675, 8.222, 10.836, 13.468, 16.867, 20.563, 23.282, 24.316, 24.689, 25.711, 26.869, 27.572, 29.103, 32.906, 36.41, 37.703, 37.795, 38.008, 38.615, 39.165, 39.461, 39.63, 39.657, 39.658, 39.843, 40.364, 41.118, 41.686, 41.988, 42.166, 42.35, 42.598, 42.966, 43.63, 44.654, 45.449, 45.497, 45.045, 44.573, 44.3, 44.221, 44.229, 44.274, 44.413, 44.763, 45.159, 45.308, 45.352, 45.47, 45.57, 45.584, 45.634, 45.718, 45.698, 45.535, 45.319, 45.062, 44.725, 44.047, 43.007, 42.072, 41.702, 41.709, 41.744, 41.643, 41.366, 41.02, 40.925, 40.975, 41.112, 41.28, 41.192, 40.706, 40.108, 39.878, 40.0, 40.133, 40.21, 40.281, 40.322, 40.214, 39.991, 39.781, 39.656, 39.644, 39.67, 39.618, 39.582, 39.632, 39.661, 39.541, 39.359, 39.259, 39.186, 39.097, 39.092, 39.249, 39.443, 39.586, 39.905, 40.469, 40.885, 40.982, 41.1, 41.544, 42.23, 42.989, 43.591, 43.793, 43.561, 43.123, 42.842, 42.65, 42.437, 42.22, 41.976, 41.545, 40.882, 40.214, 39.873, 39.833, 39.819, 39.738, 39.635, 39.589, 39.692, 40.009, 40.495, 40.901, 41.04, 41.002, 40.969, 41.128, 41.211, 40.667, 39.894], [36.729, 32.831, 30.078, 29.394, 29.51, 29.141, 28.222, 27.232, 26.223, 25.059, 23.869, 22.876, 22.137, 21.551, 21.154, 20.819, 19.756, 17.903, 15.68, 12.901, 9.233, 4.675, 0.0, 4.051, 7.503, 10.985, 14.864, 18.696, 21.455, 22.523, 22.943, 24.077, 25.369, 26.112, 27.539, 31.278, 34.902, 36.31, 36.423, 36.646, 37.302, 37.926, 38.292, 38.499, 38.532, 38.534, 38.746, 39.329, 40.155, 40.776, 41.118, 41.334, 41.555, 41.839, 42.241, 42.966, 44.084, 44.946, 45.002, 44.521, 44.017, 43.727, 43.643, 43.648, 43.694, 43.842, 44.213, 44.63, 44.781, 44.819, 44.937, 45.046, 45.065, 45.111, 45.183, 45.143, 44.964, 44.739, 44.467, 44.1, 43.366, 42.232, 41.201, 40.791, 40.809, 40.861, 40.754, 40.453, 40.116, 40.072, 40.146, 40.276, 40.448, 40.364, 39.848, 39.19, 38.927, 39.063, 39.222, 39.323, 39.406, 39.442, 39.315, 39.066, 38.828, 38.677, 38.651, 38.681, 38.64, 38.615, 38.676, 38.707, 38.572, 38.364, 38.246, 38.168, 38.075, 38.057, 38.206, 38.416, 38.604, 38.997, 39.636, 40.093, 40.198, 40.32, 40.798, 41.56, 42.399, 43.048, 43.265, 43.027, 42.576, 42.292, 42.103, 41.893, 41.674, 41.418, 40.947, 40.224, 39.509, 39.156, 39.118, 39.089, 38.984, 38.867, 38.82, 38.932, 39.261, 39.763, 40.189, 40.346, 40.314, 40.268, 40.414, 40.489, 39.915, 39.444], [36.377, 32.668, 30.188, 29.68, 29.859, 29.557, 28.745, 27.855, 26.894, 25.748, 24.584, 23.627, 22.92, 22.394, 22.132, 21.969, 21.042, 19.288, 17.264, 14.952, 12.007, 8.222, 4.051, 0.0, 4.046, 8.455, 13.1, 17.32, 20.218, 21.334, 21.805, 23.034, 24.416, 25.142, 26.362, 29.891, 33.531, 35.02, 35.168, 35.422, 36.124, 36.816, 37.252, 37.501, 37.546, 37.558, 37.799, 38.433, 39.322, 39.992, 40.372, 40.621, 40.871, 41.182, 41.625, 42.442, 43.686, 44.636, 44.706, 44.192, 43.648, 43.328, 43.224, 43.22, 43.266, 43.427, 43.82, 44.254, 44.405, 44.433, 44.544, 44.653, 44.672, 44.716, 44.781, 44.73, 44.541, 44.307, 44.013, 43.606, 42.81, 41.583, 40.467, 40.016, 40.038, 40.104, 39.991, 39.655, 39.293, 39.261, 39.349, 39.481, 39.658, 39.567, 39.003, 38.273, 37.976, 38.129, 38.319, 38.447, 38.544, 38.575, 38.426, 38.148, 37.879, 37.705, 37.675, 37.714, 37.686, 37.673, 37.747, 37.784, 37.643, 37.42, 37.291, 37.215, 37.122, 37.09, 37.227, 37.45, 37.689, 38.169, 38.885, 39.38, 39.495, 39.63, 40.144, 40.953, 41.836, 42.515, 42.747, 42.501, 42.025, 41.723, 41.529, 41.318, 41.095, 40.826, 40.32, 39.537, 38.767, 38.388, 38.343, 38.301, 38.178, 38.056, 38.018, 38.145, 38.487, 39.002, 39.448, 39.621, 39.591, 39.52, 39.64, 39.694, 39.072, 39.007], [36.608, 33.117, 30.858, 30.499, 30.739, 30.461, 29.669, 28.784, 27.807, 26.631, 25.442, 24.479, 23.791, 23.323, 23.17, 23.125, 22.279, 20.549, 18.558, 16.424, 13.909, 10.836, 7.503, 4.046, 0.0, 5.017, 10.559, 15.565, 18.946, 20.292, 20.919, 22.311, 23.792, 24.495, 25.569, 28.984, 32.637, 34.166, 34.354, 34.661, 35.415, 36.153, 36.63, 36.905, 36.966, 36.998, 37.264, 37.923, 38.845, 39.548, 39.954, 40.221, 40.483, 40.807, 41.294, 42.211, 43.575, 44.604, 44.692, 44.16, 43.591, 43.244, 43.118, 43.102, 43.145, 43.306, 43.705, 44.145, 44.295, 44.318, 44.427, 44.533, 44.55, 44.594, 44.659, 44.609, 44.418, 44.175, 43.857, 43.41, 42.561, 41.272, 40.102, 39.619, 39.625, 39.689, 39.573, 39.213, 38.813, 38.751, 38.823, 38.952, 39.134, 39.028, 38.409, 37.611, 37.288, 37.462, 37.68, 37.835, 37.951, 37.984, 37.823, 37.521, 37.23, 37.043, 37.012, 37.055, 37.029, 37.02, 37.104, 37.152, 37.023, 36.81, 36.688, 36.624, 36.534, 36.484, 36.6, 36.829, 37.115, 37.666, 38.439, 38.963, 39.094, 39.249, 39.786, 40.6, 41.479, 42.163, 42.404, 42.157, 41.666, 41.349, 41.144, 40.925, 40.694, 40.414, 39.884, 39.061, 38.248, 37.842, 37.787, 37.736, 37.607, 37.486, 37.456, 37.593, 37.942, 38.467, 38.928, 39.115, 39.086, 38.993, 39.085, 39.1, 38.415, 39.059], [37.716, 34.497, 32.376, 32.1, 32.409, 32.17, 31.371, 30.455, 29.453, 28.258, 27.041, 26.06, 25.395, 24.993, 24.924, 24.939, 24.128, 22.417, 20.429, 18.343, 16.032, 13.468, 10.985, 8.455, 5.017, 0.0, 6.229, 12.281, 16.587, 18.52, 19.545, 21.28, 22.984, 23.779, 24.959, 28.583, 32.371, 33.934, 34.161, 34.519, 35.31, 36.061, 36.54, 36.816, 36.88, 36.932, 37.227, 37.904, 38.838, 39.554, 39.969, 40.237, 40.492, 40.813, 41.33, 42.325, 43.774, 44.853, 44.96, 44.436, 43.873, 43.521, 43.384, 43.358, 43.389, 43.528, 43.904, 44.331, 44.477, 44.508, 44.628, 44.741, 44.757, 44.799, 44.866, 44.822, 44.637, 44.394, 44.063, 43.594, 42.717, 41.401, 40.204, 39.687, 39.657, 39.702, 39.59, 39.241, 38.834, 38.738, 38.767, 38.873, 39.054, 38.936, 38.271, 37.405, 37.048, 37.235, 37.483, 37.667, 37.804, 37.847, 37.683, 37.373, 37.075, 36.888, 36.854, 36.885, 36.844, 36.832, 36.923, 36.99, 36.894, 36.714, 36.613, 36.561, 36.468, 36.396, 36.493, 36.721, 37.029, 37.612, 38.409, 38.954, 39.105, 39.276, 39.831, 40.645, 41.507, 42.185, 42.432, 42.198, 41.721, 41.404, 41.187, 40.953, 40.711, 40.421, 39.878, 39.038, 38.214, 37.807, 37.757, 37.708, 37.575, 37.446, 37.41, 37.54, 37.877, 38.394, 38.86, 39.056, 39.037, 38.945, 39.022, 39.001, 38.263, 39.866], [39.199, 36.323, 34.329, 34.085, 34.447, 34.297, 33.572, 32.716, 31.785, 30.665, 29.497, 28.549, 27.931, 27.596, 27.585, 27.626, 26.862, 25.24, 23.348, 21.358, 19.185, 16.867, 14.864, 13.1, 10.559, 6.229, 0.0, 6.874, 12.382, 15.35, 17.171, 19.532, 21.646, 22.745, 24.346, 28.492, 32.553, 34.186, 34.458, 34.846, 35.629, 36.357, 36.818, 37.079, 37.128, 37.186, 37.522, 38.236, 39.174, 39.883, 40.292, 40.555, 40.798, 41.107, 41.635, 42.666, 44.152, 45.249, 45.365, 44.864, 44.336, 44.01, 43.881, 43.852, 43.87, 43.981, 44.319, 44.718, 44.856, 44.899, 45.041, 45.168, 45.186, 45.221, 45.284, 45.241, 45.057, 44.819, 44.492, 44.022, 43.144, 41.83, 40.62, 40.065, 39.995, 40.018, 39.918, 39.611, 39.248, 39.161, 39.154, 39.221, 39.386, 39.267, 38.589, 37.678, 37.28, 37.462, 37.734, 37.949, 38.106, 38.156, 37.998, 37.697, 37.411, 37.23, 37.181, 37.18, 37.116, 37.097, 37.195, 37.281, 37.22, 37.071, 36.984, 36.925, 36.814, 36.73, 36.82, 37.039, 37.334, 37.903, 38.694, 39.253, 39.416, 39.594, 40.175, 41.027, 41.906, 42.588, 42.838, 42.619, 42.171, 41.87, 41.649, 41.407, 41.159, 40.86, 40.304, 39.462, 38.659, 38.286, 38.267, 38.235, 38.097, 37.95, 37.894, 38.002, 38.313, 38.806, 39.26, 39.461, 39.466, 39.403, 39.492, 39.469, 38.731, 40.986], [40.344, 37.823, 35.997, 35.773, 36.146, 36.082, 35.501, 34.808, 34.044, 33.078, 32.035, 31.181, 30.635, 30.358, 30.388, 30.461, 29.773, 28.297, 26.58, 24.77, 22.762, 20.563, 18.696, 17.32, 15.565, 12.281, 6.874, 0.0, 6.46, 10.809, 13.964, 17.301, 20.002, 21.59, 23.789, 28.511, 32.882, 34.634, 34.972, 35.395, 36.144, 36.824, 37.26, 37.505, 37.54, 37.6, 37.976, 38.734, 39.673, 40.358, 40.748, 41.006, 41.252, 41.56, 42.075, 43.083, 44.548, 45.633, 45.746, 45.266, 44.78, 44.497, 44.392, 44.369, 44.385, 44.487, 44.807, 45.185, 45.315, 45.362, 45.514, 45.653, 45.676, 45.706, 45.757, 45.7, 45.502, 45.255, 44.934, 44.478, 43.623, 42.34, 41.141, 40.559, 40.461, 40.479, 40.397, 40.137, 39.84, 39.8, 39.793, 39.827, 39.964, 39.851, 39.204, 38.305, 37.882, 38.043, 38.324, 38.558, 38.722, 38.769, 38.615, 38.33, 38.063, 37.894, 37.837, 37.817, 37.738, 37.711, 37.804, 37.892, 37.835, 37.681, 37.582, 37.497, 37.364, 37.278, 37.369, 37.565, 37.813, 38.325, 39.081, 39.635, 39.801, 39.976, 40.575, 41.479, 42.4, 43.1, 43.352, 43.136, 42.703, 42.419, 42.21, 41.982, 41.746, 41.451, 40.892, 40.058, 39.287, 38.956, 38.976, 38.969, 38.838, 38.685, 38.614, 38.706, 38.999, 39.47, 39.905, 40.106, 40.128, 40.094, 40.208, 40.216, 39.529, 41.824], [40.928, 38.616, 36.912, 36.69, 37.029, 36.981, 36.494, 35.947, 35.343, 34.524, 33.606, 32.852, 32.374, 32.137, 32.195, 32.301, 31.687, 30.346, 28.806, 27.193, 25.367, 23.282, 21.455, 20.218, 18.946, 16.587, 12.382, 6.46, 0.0, 5.506, 10.309, 14.869, 18.241, 20.341, 23.06, 28.24, 32.921, 34.839, 35.266, 35.763, 36.53, 37.191, 37.606, 37.845, 37.883, 37.953, 38.357, 39.136, 40.065, 40.726, 41.097, 41.354, 41.618, 41.939, 42.424, 43.365, 44.772, 45.829, 45.938, 45.471, 45.016, 44.769, 44.689, 44.678, 44.702, 44.813, 45.139, 45.515, 45.641, 45.684, 45.83, 45.966, 45.99, 46.017, 46.055, 45.974, 45.752, 45.49, 45.171, 44.734, 43.909, 42.667, 41.506, 40.932, 40.83, 40.861, 40.795, 40.562, 40.309, 40.319, 40.345, 40.374, 40.49, 40.382, 39.781, 38.931, 38.51, 38.646, 38.913, 39.145, 39.297, 39.333, 39.179, 38.903, 38.648, 38.498, 38.456, 38.436, 38.353, 38.317, 38.394, 38.463, 38.379, 38.201, 38.09, 37.992, 37.846, 37.763, 37.857, 38.031, 38.225, 38.658, 39.352, 39.881, 40.041, 40.207, 40.793, 41.707, 42.653, 43.373, 43.629, 43.409, 42.979, 42.708, 42.516, 42.307, 42.09, 41.814, 41.272, 40.458, 39.717, 39.419, 39.463, 39.474, 39.355, 39.207, 39.131, 39.216, 39.504, 39.968, 40.392, 40.583, 40.599, 40.57, 40.706, 40.751, 40.118, 42.261], [40.956, 38.644, 36.936, 36.673, 36.958, 36.874, 36.4, 35.92, 35.405, 34.673, 33.831, 33.131, 32.681, 32.456, 32.53, 32.661, 32.094, 30.84, 29.434, 27.98, 26.302, 24.316, 22.523, 21.334, 20.292, 18.52, 15.35, 10.809, 5.506, 0.0, 5.835, 11.485, 15.591, 18.183, 21.343, 27.019, 32.104, 34.216, 34.723, 35.33, 36.218, 36.942, 37.372, 37.618, 37.669, 37.756, 38.177, 38.97, 39.904, 40.562, 40.932, 41.195, 41.485, 41.839, 42.324, 43.23, 44.599, 45.633, 45.731, 45.262, 44.816, 44.592, 44.536, 44.542, 44.578, 44.706, 45.049, 45.432, 45.56, 45.598, 45.733, 45.857, 45.873, 45.896, 45.925, 45.828, 45.59, 45.317, 44.996, 44.566, 43.752, 42.533, 41.414, 40.886, 40.819, 40.863, 40.793, 40.551, 40.3, 40.339, 40.404, 40.455, 40.575, 40.473, 39.893, 39.074, 38.668, 38.79, 39.035, 39.246, 39.382, 39.408, 39.25, 38.968, 38.711, 38.569, 38.54, 38.517, 38.429, 38.391, 38.462, 38.515, 38.407, 38.221, 38.119, 38.029, 37.883, 37.806, 37.91, 38.083, 38.257, 38.654, 39.311, 39.811, 39.953, 40.112, 40.685, 41.591, 42.553, 43.294, 43.562, 43.343, 42.91, 42.641, 42.452, 42.244, 42.031, 41.764, 41.236, 40.441, 39.722, 39.44, 39.491, 39.499, 39.376, 39.225, 39.145, 39.226, 39.514, 39.978, 40.398, 40.578, 40.578, 40.539, 40.682, 40.755, 40.163, 42.304], [40.601, 38.231, 36.507, 36.205, 36.439, 36.331, 35.876, 35.448, 34.991, 34.311, 33.517, 32.846, 32.395, 32.161, 32.244, 32.403, 31.878, 30.703, 29.428, 28.125, 26.584, 24.689, 22.943, 21.805, 20.919, 19.545, 17.171, 13.964, 10.309, 5.835, 0.0, 6.319, 11.251, 14.585, 18.451, 24.86, 30.453, 32.774, 33.344, 34.087, 35.177, 36.053, 36.553, 36.826, 36.891, 36.992, 37.435, 38.262, 39.231, 39.915, 40.303, 40.586, 40.908, 41.306, 41.823, 42.733, 44.085, 45.095, 45.175, 44.693, 44.248, 44.044, 44.018, 44.052, 44.114, 44.275, 44.649, 45.05, 45.181, 45.21, 45.328, 45.437, 45.446, 45.468, 45.492, 45.382, 45.131, 44.852, 44.532, 44.106, 43.298, 42.095, 41.02, 40.563, 40.549, 40.603, 40.511, 40.233, 39.963, 40.022, 40.121, 40.199, 40.341, 40.255, 39.68, 38.868, 38.473, 38.59, 38.813, 38.996, 39.113, 39.133, 38.971, 38.681, 38.417, 38.277, 38.251, 38.223, 38.132, 38.098, 38.181, 38.238, 38.116, 37.917, 37.809, 37.715, 37.567, 37.498, 37.617, 37.799, 37.979, 38.386, 39.044, 39.52, 39.634, 39.789, 40.364, 41.259, 42.221, 42.971, 43.25, 43.04, 42.608, 42.335, 42.141, 41.929, 41.71, 41.442, 40.924, 40.152, 39.456, 39.19, 39.24, 39.236, 39.096, 38.932, 38.845, 38.921, 39.207, 39.672, 40.092, 40.267, 40.251, 40.193, 40.33, 40.421, 39.874, 42.029], [40.342, 37.976, 36.323, 36.038, 36.24, 36.129, 35.729, 35.382, 34.997, 34.384, 33.662, 33.042, 32.604, 32.362, 32.449, 32.639, 32.176, 31.11, 29.992, 28.856, 27.469, 25.711, 24.077, 23.034, 22.311, 21.28, 19.532, 17.301, 14.869, 11.485, 6.319, 0.0, 5.628, 10.13, 15.276, 22.667, 28.738, 31.233, 31.853, 32.734, 34.065, 35.146, 35.751, 36.068, 36.153, 36.268, 36.727, 37.59, 38.597, 39.309, 39.719, 40.028, 40.382, 40.813, 41.346, 42.249, 43.571, 44.55, 44.615, 44.129, 43.695, 43.518, 43.528, 43.603, 43.709, 43.92, 44.336, 44.759, 44.898, 44.918, 45.016, 45.107, 45.11, 45.134, 45.158, 45.04, 44.778, 44.496, 44.183, 43.773, 42.989, 41.829, 40.817, 40.441, 40.488, 40.555, 40.444, 40.136, 39.844, 39.919, 40.049, 40.155, 40.318, 40.257, 39.707, 38.918, 38.543, 38.655, 38.846, 38.986, 39.081, 39.106, 38.954, 38.668, 38.406, 38.273, 38.253, 38.227, 38.138, 38.108, 38.206, 38.277, 38.147, 37.925, 37.788, 37.665, 37.502, 37.439, 37.568, 37.754, 37.937, 38.352, 39.004, 39.444, 39.522, 39.667, 40.236, 41.101, 42.03, 42.756, 43.029, 42.831, 42.409, 42.139, 41.95, 41.744, 41.527, 41.26, 40.765, 40.037, 39.382, 39.136, 39.186, 39.171, 39.022, 38.848, 38.752, 38.824, 39.115, 39.591, 40.017, 40.187, 40.159, 40.087, 40.215, 40.321, 39.824, 41.83], [40.322, 37.988, 36.403, 36.158, 36.363, 36.258, 35.88, 35.572, 35.241, 34.695, 34.047, 33.485, 33.07, 32.833, 32.931, 33.153, 32.747, 31.774, 30.776, 29.761, 28.491, 26.869, 25.369, 24.416, 23.792, 22.984, 21.646, 20.002, 18.241, 15.591, 11.251, 5.628, 0.0, 5.