[[0.0, 6.992, 12.781, 14.65, 16.935, 18.799, 20.106, 23.165, 23.87, 25.297, 29.134, 29.268, 35.229, 45.704, 46.43, 48.576, 52.224, 52.798, 52.977, 54.181, 54.753, 54.831, 54.816, 55.11, 55.092, 55.227, 55.574, 56.181, 56.649, 56.547, 56.43, 56.532, 56.595, 56.624, 56.376, 56.85, 57.44, 55.471, 55.137, 55.239, 55.515, 56.311, 56.832, 56.778, 56.501, 56.705, 56.491, 55.307, 54.826, 54.913, 54.798, 54.543, 4.148], [6.992, 0.0, 7.167, 10.263, 13.205, 15.482, 17.236, 20.695, 21.469, 22.975, 26.913, 27.335, 33.564, 44.098, 44.912, 47.11, 50.939, 51.609, 51.951, 53.295, 53.879, 53.975, 54.054, 54.397, 54.425, 54.6, 54.945, 55.581, 56.089, 55.977, 55.866, 55.974, 56.024, 56.063, 55.795, 56.336, 56.955, 54.843, 54.481, 54.683, 55.07, 55.963, 56.5, 56.417, 56.109, 56.298, 56.021, 54.671, 54.159, 54.243, 54.145, 53.871, 8.985], [12.781, 7.167, 0.0, 5.27, 9.86, 12.265, 14.322, 18.321, 19.141, 20.844, 24.804, 25.496, 32.063, 42.546, 43.457, 45.752, 49.678, 50.477, 50.971, 52.433, 53.058, 53.161, 53.315, 53.76, 53.848, 54.029, 54.376, 55.036, 55.579, 55.476, 55.386, 55.517, 55.556, 55.601, 55.338, 55.937, 56.601, 54.454, 54.069, 54.345, 54.808, 55.759, 56.302, 56.202, 55.855, 56.013, 55.707, 54.26, 53.76, 53.847, 53.741, 53.458, 13.977], [14.65, 10.263, 5.27, 0.0, 6.518, 10.001, 12.22, 16.466, 17.352, 18.683, 22.607, 23.464, 30.119, 40.753, 41.673, 44.018, 48.135, 49.105, 49.654, 51.118, 51.745, 51.846, 52.001, 52.484, 52.675, 52.986, 53.352, 54.03, 54.612, 54.501, 54.418, 54.563, 54.606, 54.666, 54.41, 55.082, 55.79, 53.561, 53.136, 53.433, 53.981, 55.048, 55.627, 55.511, 55.096, 55.227, 54.888, 53.341, 52.863, 52.923, 52.772, 52.458, 15.693], [16.935, 13.205, 9.86, 6.518, 0.0, 5.276, 8.804, 13.685, 14.69, 15.309, 19.285, 20.52, 27.132, 38.192, 39.265, 41.442, 45.886, 47.141, 47.715, 49.174, 49.802, 49.896, 50.076, 50.54, 50.842, 51.451, 51.882, 52.587, 53.228, 53.072, 52.972, 53.13, 53.18, 53.285, 53.007, 53.758, 54.501, 52.015, 51.553, 51.869, 52.49, 53.723, 54.372, 54.236, 53.743, 53.846, 53.442, 51.726, 51.247, 51.271, 51.129, 50.759, 17.994], [18.799, 15.482, 12.265, 10.001, 5.276, 0.0, 5.459, 11.748, 12.805, 13.814, 17.975, 19.314, 26.107, 37.132, 38.296, 40.514, 45.061, 46.396, 47.035, 48.545, 49.219, 49.32, 49.517, 50.021, 50.305, 50.943, 51.435, 52.16, 52.813, 52.654, 52.547, 52.708, 52.748, 52.87, 52.633, 53.412, 54.13, 51.612, 51.18, 51.511, 52.143, 53.4, 54.068, 53.941, 53.461, 53.558, 53.146, 51.446, 50.957, 50.965, 50.849, 50.458, 19.802], [20.106, 17.236, 14.322, 12.22, 8.804, 5.459, 0.0, 7.347, 8.786, 10.698, 15.727, 16.993, 25.063, 36.737, 37.846, 40.355, 45.132, 46.506, 47.289, 48.878, 49.567, 49.67, 49.858, 50.39, 50.656, 51.22, 51.729, 52.517, 53.222, 53.097, 52.989, 53.137, 53.167, 53.278, 53.08, 53.88, 54.57, 52.17, 51.738, 51.994, 52.531, 53.711, 54.365, 54.246, 53.78, 53.886, 53.515, 51.97, 51.536, 51.538, 51.393, 51.006, 20.969], [23.165, 20.695, 18.321, 16.466, 13.685, 11.748, 7.347, 0.0, 3.051, 7.166, 12.695, 13.832, 24.195, 36.81, 37.876, 40.619, 45.584, 46.978, 47.938, 49.598, 50.254, 50.357, 50.548, 51.085, 51.367, 51.902, 52.403, 53.243, 54.013, 53.922, 53.812, 53.942, 53.96, 54.064, 53.877, 54.667, 55.316, 53.102, 52.671, 52.83, 53.234, 54.297, 54.926, 54.802, 54.327, 54.439, 54.103, 52.723, 52.361, 52.376, 52.21, 51.847, 23.89], [23.87, 21.469, 19.141, 17.352, 14.69, 12.805, 8.786, 3.051, 0.0, 6.963, 12.854, 13.408, 23.989, 36.79, 37.771, 40.599, 45.662, 47.046, 48.052, 49.756, 50.415, 50.523, 50.724, 51.27, 51.538, 52.048, 52.55, 53.411, 54.215, 54.147, 54.039, 54.164, 54.191, 54.296, 54.101, 54.862, 55.488, 53.356, 52.951, 53.106, 53.488, 54.497, 55.116, 54.988, 54.517, 54.639, 54.313, 52.948, 52.573, 52.598, 52.436, 52.09, 24.565], [25.297, 22.975, 20.844, 18.683, 15.309, 13.814, 10.698, 7.166, 6.963, 0.0, 8.051, 10.206, 19.014, 32.793, 34.391, 36.882, 42.346, 44.309, 45.356, 47.006, 47.683, 47.774, 47.993, 48.464, 48.813, 49.555, 50.075, 50.977, 51.876, 51.77, 51.689, 51.875, 51.924, 52.076, 51.776, 52.663, 53.441, 50.885, 50.481, 50.847, 51.625, 53.007, 53.71, 53.514, 52.893, 52.983, 52.505, 50.738, 50.389, 50.353, 50.2, 49.716, 26.162], [29.134, 26.913, 24.804, 22.607, 19.285, 17.975, 15.727, 12.695, 12.854, 8.051, 0.0, 6.726, 16.86, 29.887, 31.632, 34.255, 39.809, 42.041, 43.417, 45.107, 45.744, 45.833, 46.073, 46.581, 47.075, 48.0, 48.564, 49.5, 50.447, 50.308, 50.242, 50.475, 50.515, 50.701, 50.399, 51.406, 52.239, 49.428, 48.96, 49.446, 50.428, 52.026, 52.777, 52.539, 51.788, 51.825, 51.267, 49.302, 48.991, 48.959, 48.799, 48.259, 30.06], [29.268, 27.335, 25.496, 23.464, 20.52, 19.314, 16.993, 13.832, 13.408, 10.206, 6.726, 0.0, 16.193, 30.724, 31.64, 34.448, 40.462, 42.577, 43.997, 45.807, 46.469, 46.576, 46.778, 47.268, 47.725, 48.585, 49.161, 50.159, 51.161, 51.061, 50.987, 51.232, 51.32, 51.506, 51.184, 52.128, 52.91, 50.152, 49.644, 50.076, 50.931, 52.36, 53.061, 52.829, 52.136, 52.219, 51.697, 49.757, 49.376, 49.356, 49.155, 48.683, 30.147], [35.229, 33.564, 32.063, 30.119, 27.132, 26.107, 25.063, 24.195, 23.989, 19.014, 16.86, 16.193, 0.0, 19.743, 23.022, 24.088, 32.239, 36.32, 37.769, 39.644, 40.535, 40.616, 40.826, 41.125, 41.639, 42.899, 43.553, 44.766, 46.086, 45.941, 45.977, 46.473, 46.756, 47.122, 46.651, 47.924, 48.913, 45.185, 44.898, 45.907, 47.828, 50.127, 51.023, 50.626, 49.684, 49.762, 48.913, 46.14, 45.838, 45.623, 45.544, 44.724, 36.203], [45.704, 44.098, 42.546, 40.753, 38.192, 37.132, 36.737, 36.81, 36.79, 32.793, 29.887, 30.724, 19.743, 0.0, 10.491, 14.426, 23.358, 29.051, 31.871, 34.329, 35.417, 35.477, 35.851, 36.444, 37.289, 38.925, 39.808, 41.211, 42.694, 42.523, 42.646, 43.235, 43.53, 44.063, 43.793, 45.384, 46.305, 42.177, 42.122, 43.566, 46.438, 49.493, 50.511, 50.017, 48.958, 48.939, 47.888, 44.745, 44.486, 44.163, 44.191, 43.129, 46.721], [46.43, 44.912, 43.457, 41.673, 39.265, 38.296, 37.846, 37.876, 37.771, 34.391, 31.632, 31.64, 23.022, 10.491, 0.0, 13.952, 25.162, 29.387, 32.279, 35.139, 36.156, 36.255, 36.581, 37.186, 38.123, 39.769, 40.695, 42.173, 43.686, 43.552, 43.636, 44.164, 44.439, 44.943, 44.713, 46.213, 47.039, 42.919, 42.717, 44.043, 46.745, 49.656, 50.664, 50.165, 49.156, 49.178, 48.182, 45.177, 44.8, 44.5, 44.521, 43.481, 47.481], [48.576, 47.11, 45.752, 44.018, 41.442, 40.514, 40.355, 40.619, 40.599, 36.882, 34.255, 34.448, 24.088, 14.426, 13.952, 0.0, 17.338, 25.584, 28.567, 31.217, 32.403, 32.489, 32.918, 33.349, 34.381, 36.404, 37.373, 38.968, 40.685, 40.585, 40.754, 41.475, 41.912, 42.587, 42.334, 44.116, 45.151, 40.679, 40.682, 42.182, 45.251, 48.521, 49.635, 49.112, 47.995, 48.024, 46.88, 43.389, 43.178, 42.871, 42.978, 41.83, 49.571], [52.224, 50.939, 49.678, 48.135, 45.886, 45.061, 45.132, 45.584, 45.662, 42.346, 39.809, 40.462, 32.239, 23.358, 25.162, 17.338, 0.0, 15.039, 22.239, 25.641, 26.97, 27.008, 27.754, 28.752, 29.834, 31.846, 32.963, 34.288, 35.708, 35.66, 36.002, 37.058, 37.732, 38.531, 38.582, 40.475, 41.782, 39.233, 40.124, 41.499, 44.81, 48.277, 49.419, 48.938, 47.973, 48.04, 46.88, 43.655, 43.602, 43.452, 43.673, 42.648, 53.073], [52.798, 51.609, 50.477, 49.105, 47.141, 46.396, 46.506, 46.978, 47.046, 44.309, 42.041, 42.577, 36.32, 29.051, 29.387, 25.584, 15.039, 0.0, 14.398, 21.815, 23.562, 23.718, 24.493, 26.741, 28.602, 30.546, 32.158, 33.773, 35.023, 34.928, 35.297, 36.419, 37.093, 37.794, 38.268, 40.415, 41.548, 39.912, 41.361, 42.645, 45.581, 48.828, 49.975, 49.528, 48.68, 48.749, 47.6, 44.658, 44.39, 44.275, 44.581, 43.681, 53.575], [52.977, 51.951, 50.971, 49.654, 47.715, 47.035, 47.289, 47.938, 48.052, 45.356, 43.417, 43.997, 37.769, 31.871, 32.279, 28.567, 22.239, 14.398, 0.0, 11.826, 15.983, 16.544, 17.533, 20.826, 23.639, 26.14, 28.544, 30.909, 32.464, 32.367, 32.845, 34.211, 35.037, 35.806, 36.434, 39.158, 40.443, 38.556, 40.247, 41.784, 44.735, 47.997, 49.178, 48.703, 47.842, 47.942, 46.749, 43.878, 43.708, 43.556, 43.887, 43.057, 53.701], [54.181, 53.295, 52.433, 51.118, 49.174, 48.545, 48.878, 49.598, 49.756, 47.006, 45.107, 45.807, 39.644, 34.329, 35.139, 31.217, 25.641, 21.815, 11.826, 0.0, 7.079, 8.787, 10.351, 15.145, 19.16, 22.384, 25.159, 27.792, 29.552, 29.402, 29.684, 31.024, 31.913, 32.716, 33.555, 36.893, 38.565, 37.098, 39.101, 40.873, 44.193, 47.626, 48.824, 48.325, 47.439, 47.544, 46.33, 43.468, 43.526, 43.433, 43.776, 43.031, 54.867], [54.753, 53.879, 53.058, 51.745, 49.802, 49.219, 49.567, 50.254, 50.415, 47.683, 45.744, 46.469, 40.535, 35.417, 36.156, 32.403, 26.97, 23.562, 15.983, 7.079, 0.0, 3.425, 6.41, 12.446, 17.685, 21.488, 24.182, 26.693, 28.485, 28.37, 28.582, 29.846, 30.724, 31.521, 32.495, 36.144, 37.996, 36.843, 38.981, 40.735, 44.147, 47.666, 48.89, 48.394, 47.518, 47.611, 46.425, 43.624, 43.746, 43.675, 44.01, 43.257, 55.424], [54.831, 53.975, 53.161, 51.846, 49.896, 49.32, 49.67, 50.357, 50.523, 47.774, 45.833, 46.576, 40.616, 35.477, 36.255, 32.489, 27.008, 23.718, 16.544, 8.787, 3.425, 0.0, 5.098, 11.729, 17.156, 21.212, 23.934, 26.398, 28.206, 28.098, 28.321, 29.611, 30.505, 31.334, 32.303, 35.959, 37.847, 36.695, 38.844, 40.606, 44.042, 47.617, 48.893, 48.407, 47.533, 47.634, 46.451, 43.646, 43.771, 43.691, 44.026, 43.246, 55.483], [54.816, 54.054, 53.315, 52.001, 50.076, 49.517, 49.858, 50.548, 50.724, 47.993, 46.073, 46.778, 40.826, 35.851, 36.581, 32.918, 27.754, 24.493, 17.533, 10.351, 6.41, 5.098, 0.0, 8.485, 15.221, 19.58, 22.521, 25.233, 27.236, 27.249, 27.504, 28.824, 29.779, 30.751, 31.853, 35.567, 37.42, 36.333, 38.59, 40.38, 43.783, 47.335, 48.623, 48.174, 47.305, 47.402, 46.236, 43.47, 43.624, 43.544, 43.869, 43.098, 55.462], [55.11, 54.397, 53.76, 52.484, 50.54, 50.021, 50.39, 51.085, 51.27, 48.464, 46.581, 47.268, 41.125, 36.444, 37.186, 33.349, 28.752, 26.741, 20.826, 15.145, 12.446, 11.729, 8.485, 0.0, 8.873, 14.969, 18.31, 21.493, 24.181, 24.537, 24.887, 26.329, 27.478, 28.772, 29.959, 33.909, 36.06, 35.183, 37.624, 39.51, 43.137, 46.88, 48.208, 47.771, 46.928, 47.076, 45.918, 43.16, 43.413, 43.292, 43.624, 42.788, 55.797], [55.092, 54.425, 53.848, 52.675, 50.842, 50.305, 50.656, 51.367, 51.538, 48.813, 47.075, 47.725, 41.639, 37.289, 38.123, 34.381, 29.834, 28.602, 23.639, 19.16, 17.685, 17.156, 15.221, 8.873, 0.0, 8.328, 13.298, 17.389, 20.867, 21.747, 22.349, 24.085, 25.609, 27.141, 28.272, 32.317, 34.796, 34.793, 37.483, 39.332, 43.036, 46.803, 48.145, 47.703, 46.889, 47.12, 46.04, 43.45, 43.751, 43.647, 44.014, 43.151, 55.796], [55.227, 54.6, 54.029, 52.986, 51.451, 50.943, 51.22, 51.902, 52.048, 49.555, 48.0, 48.585, 42.899, 38.925, 39.769, 36.404, 31.846, 30.546, 26.14, 22.384, 21.488, 21.212, 19.58, 14.969, 8.328, 0.0, 7.588, 13.657, 18.39, 20.416, 21.543, 23.652, 25.563, 27.157, 28.498, 32.728, 35.374, 36.302, 39.031, 40.694, 44.113, 47.584, 48.845, 48.401, 47.582, 47.825, 46.879, 44.574, 44.876, 44.841, 45.18, 44.383, 55.906], [55.574, 54.945, 54.376, 53.352, 51.882, 51.435, 51.729, 52.403, 52.55, 50.075, 48.564, 49.161, 43.553, 39.808, 40.695, 37.373, 32.963, 32.158, 28.544, 25.159, 24.182, 23.934, 22.521, 18.31, 13.298, 7.588, 0.0, 7.839, 14.596, 17.923, 19.736, 22.39, 24.739, 26.535, 27.885, 32.211, 35.13, 36.497, 39.253, 40.819, 44.268, 47.764, 49.024, 48.559, 47.696, 47.923, 47.012, 44.802, 45.179, 45.17, 45.481, 44.682, 56.238], [56.181, 55.581, 55.036, 54.03, 52.587, 52.16, 52.517, 53.243, 53.411, 50.977, 49.5, 50.159, 44.766, 41.211, 42.173, 38.968, 34.288, 33.773, 30.909, 27.792, 26.693, 26.398, 25.233, 21.493, 17.389, 13.657, 7.839, 0.0, 8.325, 13.291, 16.346, 19.778, 22.724, 24.815, 26.074, 30.434, 33.798, 36.27, 39.356, 40.839, 44.373, 47.948, 49.241, 48.827, 48.035, 48.27, 47.397, 45.399, 45.868, 45.89, 46.234, 45.422, 56.832], [56.649, 56.089, 55.579, 54.612, 53.228, 52.813, 53.222, 54.013, 54.215, 51.876, 50.447, 51.161, 46.086, 42.694, 43.686, 40.685, 35.708, 35.023, 32.464, 29.552, 28.485, 28.206, 27.236, 24.181, 20.867, 18.39, 14.596, 8.325, 0.0, 7.241, 12.657, 17.047, 20.526, 22.862, 24.224, 28.772, 32.562, 36.294, 39.846, 41.278, 44.769, 48.317, 49.619, 49.304, 48.645, 48.879, 48.029, 46.205, 46.694, 46.742, 47.159, 46.379, 57.293], [56.547, 55.977, 55.476, 54.501, 53.072, 52.654, 53.097, 53.922, 54.147, 51.77, 50.308, 51.061, 45.941, 42.523, 43.552, 40.585, 35.66, 34.928, 32.367, 29.402, 28.37, 28.098, 27.249, 24.537, 21.747, 20.416, 17.923, 13.291, 7.241, 0.0, 7.289, 12.997, 16.974, 19.525, 21.023, 26.156, 30.358, 34.649, 38.716, 40.363, 44.186, 47.916, 49.246, 48.937, 48.303, 48.552, 47.662, 45.741, 46.218, 46.288, 46.792, 46.021, 57.194], [56.43, 55.866, 55.386, 54.418, 52.972, 52.547, 52.989, 53.812, 54.039, 51.689, 50.242, 50.987, 45.977, 42.646, 43.636, 40.754, 36.002, 35.297, 32.845, 29.684, 28.582, 28.321, 27.504, 24.887, 22.349, 21.543, 19.736, 16.346, 12.657, 7.289, 0.0, 6.945, 11.933, 14.904, 16.937, 23.343, 28.098, 32.99, 37.517, 39.467, 43.692, 47.542, 48.871, 48.54, 47.934, 48.227, 47.388, 45.495, 45.964, 46.081, 46.63, 45.912, 57.075], [56.532, 55.974, 55.517, 54.563, 53.13, 52.708, 53.137, 53.942, 54.164, 51.875, 50.475, 51.232, 46.473, 43.235, 44.164, 41.475, 37.058, 36.419, 34.211, 31.024, 29.846, 29.611, 28.824, 26.329, 24.085, 23.652, 22.39, 19.778, 17.047, 12.997, 6.945, 0.0, 6.366, 10.331, 13.164, 21.07, 26.403, 31.864, 36.775, 38.973, 43.475, 47.361, 48.664, 48.359, 47.86, 48.189, 47.45, 45.745, 46.209, 46.352, 46.92, 46.256, 57.174], [56.595, 56.024, 55.556, 54.606, 53.18, 52.748, 53.167, 53.96, 54.191, 51.924, 50.515, 51.32, 46.756, 43.53, 44.439, 41.912, 37.732, 37.093, 35.037, 31.913, 30.724, 30.505, 29.779, 27.478, 25.609, 25.563, 24.739, 22.724, 20.526, 16.974, 11.933, 6.366, 0.0, 5.482, 10.306, 19.399, 25.225, 31.014, 36.129, 38.55, 43.24, 47.168, 48.451, 48.163, 47.738, 48.072, 47.372, 45.829, 46.316, 46.464, 47.051, 46.419, 57.236], [56.624, 56.063, 55.601, 54.666, 53.285, 52.87, 53.278, 54.064, 54.296, 52.076, 50.701, 51.506, 47.122, 44.063, 44.943, 42.587, 38.531, 37.794, 35.806, 32.716, 31.521, 31.334, 30.751, 28.772, 27.141, 27.157, 26.535, 24.815, 22.862, 19.525, 14.904, 10.331, 5.482, 0.0, 8.005, 18.831, 25.212, 31.478, 36.683, 39.111, 43.803, 47.68, 48.923, 48.611, 48.2, 48.527, 47.836, 46.372, 46.872, 47.012, 47.563, 46.935, 57.254], [56.376, 55.795, 55.338, 54.41, 53.007, 52.633, 53.08, 53.877, 54.101, 51.776, 50.399, 51.184, 46.651, 43.793, 44.713, 42.334, 38.582, 38.268, 36.434, 33.555, 32.495, 32.303, 31.853, 29.959, 28.272, 28.498, 27.885, 26.074, 24.224, 21.023, 16.937, 13.164, 10.306, 8.005, 0.0, 13.085, 21.353, 28.908, 34.814, 37.514, 42.818, 46.959, 48.195, 47.817, 47.422, 47.827, 47.115, 45.667, 46.277, 46.465, 47.064, 46.43, 57.0], [56.85, 56.336, 55.937, 55.082, 53.758, 53.412, 53.88, 54.667, 54.862, 52.663, 51.406, 52.128, 47.924, 45.384, 46.213, 44.116, 40.475, 40.415, 39.158, 36.893, 36.144, 35.959, 35.567, 33.909, 32.317, 32.728, 32.211, 30.434, 28.772, 26.156, 23.343, 21.07, 19.399, 18.831, 13.085, 0.0, 12.354, 25.287, 32.378, 35.146, 41.377, 45.808, 46.993, 46.532, 46.365, 47.028, 46.296, 45.368, 46.338, 46.678, 47.456, 46.976, 57.407], [57.44, 56.955, 56.601, 55.79, 54.501, 54.13, 54.57, 55.316, 55.488, 53.441, 52.239, 52.91, 48.913, 46.305, 47.039, 45.151, 41.782, 41.548, 40.443, 38.565, 37.996, 37.847, 37.42, 36.06, 34.796, 35.374, 35.13, 33.798, 32.562, 30.358, 28.098, 26.403, 25.225, 25.212, 21.353, 12.354, 0.0, 20.361, 29.916, 32.445, 39.405, 44.16, 45.327, 44.893, 45.123, 46.09, 45.377, 44.794, 45.991, 46.364, 47.222, 46.9, 57.979], [55.471, 54.843, 54.454, 53.561, 52.015, 51.612, 52.17, 53.102, 53.356, 50.885, 49.428, 50.152, 45.185, 42.177, 42.919, 40.679, 39.233, 39.912, 38.556, 37.098, 36.843, 36.695, 36.333, 35.183, 34.793, 36.302, 36.497, 36.27, 36.294, 34.649, 32.99, 31.864, 31.014, 31.478, 28.908, 25.287, 20.361, 0.0, 14.673, 19.505, 27.866, 34.142, 35.561, 35.191, 35.755, 36.948, 36.239, 36.018, 37.812, 38.152, 39.394, 39.275, 56.117], [55.137, 54.481, 54.069, 53.136, 51.553, 51.18, 51.738, 52.671, 52.951, 50.481, 48.96, 49.644, 44.898, 42.122, 42.717, 40.682, 40.124, 41.361, 40.247, 39.101, 38.981, 38.844, 38.59, 37.624, 37.483, 39.031, 39.253, 39.356, 39.846, 38.716, 37.517, 36.775, 36.129, 36.683, 34.814, 32.378, 29.916, 14.673, 0.0, 9.528, 20.224, 27.422, 29.077, 28.801, 29.66, 31.117, 30.647, 32.462, 35.291, 35.611, 37.098, 37.216, 55.785], [55.239, 54.683, 54.345, 53.433, 51.869, 51.511, 51.994, 52.83, 53.106, 50.847, 49.446, 50.076, 45.907, 43.566, 44.043, 42.182, 41.499, 42.645, 41.784, 40.873, 40.735, 40.606, 40.38, 39.51, 39.332, 40.694, 40.819, 40.839, 41.278, 40.363, 39.467, 38.973, 38.55, 39.111, 37.514, 35.146, 32.445, 19.505, 9.528, 0.0, 14.357, 22.825, 24.777, 24.713, 26.384, 28.436, 28.173, 31.418, 34.843, 35.232, 36.794, 37.141, 55.834], [55.515, 55.07, 54.808, 53.981, 52.49, 52.143, 52.531, 53.234, 53.488, 51.625, 50.428, 50.931, 47.828, 46.438, 46.745, 45.251, 44.81, 45.581, 44.735, 44.193, 44.147, 44.042, 43.783, 43.137, 43.036, 44.113, 44.268, 44.373, 44.769, 44.186, 43.692, 43.475, 43.24, 43.803, 42.818, 41.377, 39.405, 27.866, 20.224, 14.357, 0.0, 10.111, 13.151, 13.882, 17.876, 20.805, 21.478, 28.757, 33.308, 34.057, 36.008, 37.04, 56.03], [56.311, 55.963, 55.759, 55.048, 53.723, 53.4, 53.711, 54.297, 54.497, 53.007, 52.026, 52.36, 50.127, 49.493, 49.656, 48.521, 48.277, 48.828, 47.997, 47.626, 47.666, 47.617, 47.335, 46.88, 46.803, 47.584, 47.764, 47.948, 48.317, 47.916, 47.542, 47.361, 47.168, 47.68, 46.959, 45.808, 44.16, 34.142, 27.422, 22.825, 10.111, 0.0, 4.892, 8.039, 14.655, 18.01, 19.629, 29.512, 34.556, 35.564, 37.594, 39.135, 56.747], [56.832, 56.5, 56.302, 55.627, 54.372, 54.068, 54.365, 54.926, 55.116, 53.71, 52.777, 53.061, 51.023, 50.511, 50.664, 49.635, 49.419, 49.975, 49.178, 48.824, 48.89, 48.893, 48.623, 48.208, 48.145, 48.845, 49.024, 49.241, 49.619, 49.246, 48.871, 48.664, 48.451, 48.923, 48.195, 46.993, 45.327, 35.561, 29.077, 24.777, 13.151, 4.892, 0.0, 6.031, 13.965, 17.298, 19.216, 29.851, 35.042, 36.123, 38.156, 39.844, 57.252], [56.778, 56.417, 56.202, 55.511, 54.236, 53.941, 54.246, 54.802, 54.988, 53.514, 52.539, 52.829, 50.626, 50.017, 50.165, 49.112, 48.938, 49.528, 48.703, 48.325, 48.394, 48.407, 48.174, 47.771, 47.703, 48.401, 48.559, 48.827, 49.304, 48.937, 48.54, 48.359, 48.163, 48.611, 47.817, 46.532, 44.893, 35.191, 28.801, 24.713, 13.882, 8.039, 6.031, 0.0, 9.936, 14.546, 16.731, 28.42, 33.969, 35.153, 37.255, 38.952, 57.206], [56.501, 56.109, 55.855, 55.096, 53.743, 53.461, 53.78, 54.327, 54.517, 52.893, 51.788, 52.136, 49.684, 48.958, 49.156, 47.995, 47.973, 48.68, 47.842, 47.439, 47.518, 47.533, 47.305, 46.928, 46.889, 47.582, 47.696, 48.035, 48.645, 48.303, 47.934, 47.86, 47.738, 48.2, 47.422, 46.365, 45.123, 35.755, 29.66, 26.384, 17.876, 14.655, 13.965, 9.936, 0.0, 6.587, 10.427, 24.413, 30.869, 32.276, 34.516, 36.378, 56.933], [56.705, 56.298, 56.013, 55.227, 53.846, 53.558, 53.886, 54.439, 54.639, 52.983, 51.825, 52.219, 49.762, 48.939, 49.178, 48.024, 48.04, 48.749, 47.942, 47.544, 47.611, 47.634, 47.402, 47.076, 47.12, 47.825, 47.923, 48.27, 48.879, 48.552, 48.227, 48.189, 48.072, 48.527, 47.827, 47.028, 46.09, 36.948, 31.117, 28.436, 20.805, 18.01, 17.298, 14.546, 6.587, 0.0, 7.767, 23.243, 29.957, 31.426, 33.688, 35.669, 57.134], [56.491, 56.021, 55.707, 54.888, 53.442, 53.146, 53.515, 54.103, 54.313, 52.505, 51.267, 51.697, 48.913, 47.888, 48.182, 46.88, 46.88, 47.6, 46.749, 46.33, 46.425, 46.451, 46.236, 45.918, 46.04, 46.879, 47.012, 47.397, 48.029, 47.662, 47.388, 47.45, 47.372, 47.836, 47.115, 46.296, 45.377, 36.239, 30.647, 28.173, 21.478, 19.629, 19.216, 16.731, 10.427, 7.767, 0.0, 18.158, 25.952, 27.501, 29.926, 32.17, 56.958], [55.307, 54.671, 54.26, 53.341, 51.726, 51.446, 51.97, 52.723, 52.948, 50.738, 49.302, 49.757, 46.14, 44.745, 45.177, 43.389, 43.655, 44.658, 43.878, 43.468, 43.624, 43.646, 43.47, 43.16, 43.45, 44.574, 44.802, 45.399, 46.205, 45.741, 45.495, 45.745, 45.829, 46.372, 45.667, 45.368, 44.794, 36.018, 32.462, 31.418, 28.757, 29.512, 29.851, 28.42, 24.413, 23.243, 18.158, 0.0, 10.602, 14.078, 16.582, 20.269, 55.874], [54.826, 54.159, 53.76, 52.863, 51.247, 50.957, 51.536, 52.361, 52.573, 50.389, 48.991, 49.376, 45.838, 44.486, 44.8, 43.178, 43.602, 44.39, 43.708, 43.526, 43.746, 43.771, 43.624, 43.413, 43.751, 44.876, 45.179, 45.868, 46.694, 46.218, 45.964, 46.209, 46.316, 46.872, 46.277, 46.338, 45.991, 37.812, 35.291, 34.843, 33.308, 34.556, 35.042, 33.969, 30.869, 29.957, 25.952, 10.602, 0.0, 8.087, 11.981, 16.049, 55.421], [54.913, 54.243, 53.847, 52.923, 51.271, 50.965, 51.538, 52.376, 52.598, 50.353, 48.959, 49.356, 45.623, 44.163, 44.5, 42.871, 43.452, 44.275, 43.556, 43.433, 43.675, 43.691, 43.544, 43.292, 43.647, 44.841, 45.17, 45.89, 46.742, 46.288, 46.081, 46.352, 46.464, 47.012, 46.465, 46.678, 46.364, 38.152, 35.611, 35.232, 34.057, 35.564, 36.123, 35.153, 32.276, 31.426, 27.501, 14.078, 8.087, 0.0, 6.406, 10.967, 55.534], [54.798, 54.145, 53.741, 52.772, 51.129, 50.849, 51.393, 52.21, 52.436, 50.2, 48.799, 49.155, 45.544, 44.191, 44.521, 42.978, 43.673, 44.581, 43.887, 43.776, 44.01, 44.026, 43.869, 43.624, 44.014, 45.18, 45.481, 46.234, 47.159, 46.792, 46.63, 46.92, 47.051, 47.563, 47.064, 47.456, 47.222, 39.394, 37.098, 36.794, 36.008, 37.594, 38.156, 37.255, 34.516, 33.688, 29.926, 16.582, 11.981, 6.406, 0.0, 8.183, 55.418], [54.543, 53.871, 53.458, 52.458, 50.759, 50.458, 51.006, 51.847, 52.09, 49.716, 48.259, 48.683, 44.724, 43.129, 43.481, 41.83, 42.648, 43.681, 43.057, 43.031, 43.257, 43.246, 43.098, 42.788, 43.151, 44.383, 44.682, 45.422, 46.379, 46.021, 45.912, 46.256, 46.419, 46.935, 46.43, 46.976, 46.9, 39.275, 37.216, 37.141, 37.04, 39.135, 39.844, 38.952, 36.378, 35.669, 32.17, 20.269, 16.049, 10.967, 8.183, 0.0, 55.175], [4.148, 8.985, 13.977, 15.693, 17.994, 19.802, 20.969, 23.89, 24.565, 26.162, 30.06, 30.147, 36.203, 46.721, 47.481, 49.571, 53.073, 53.575, 53.701, 54.867, 55.424, 55.483, 55.462, 55.797, 55.796, 55.906, 56.238, 56.832, 57.293, 57.194, 57.075, 57.174, 57.236, 57.254, 57.0, 57.407, 57.979, 56.117, 55.785, 55.834, 56.03, 56.747, 57.252, 57.206, 56.933, 57.134, 56.958, 55.874, 55.421, 55.534, 55.418, 55.175, 0.0]]