[[0.0, 7.806, 13.656, 16.333, 18.267, 20.322, 22.137, 26.709, 30.661, 31.663, 32.076, 33.642, 34.377, 34.816, 35.759, 36.431, 36.124, 36.576, 37.221, 37.611, 38.01, 38.046, 38.376, 39.827, 40.447, 40.489, 40.372, 39.518, 40.216, 40.741, 40.208, 41.213, 41.642, 40.516, 40.212, 39.928, 39.43, 38.972, 38.185, 37.271, 37.606, 37.959, 37.449, 36.903, 36.315, 35.802, 35.679, 35.947, 35.883, 36.151, 36.561, 36.826, 37.147, 37.169, 36.776, 36.687, 37.147, 37.111, 36.806, 37.122, 37.611, 37.561, 37.818, 37.556, 36.65, 36.856, 36.554, 36.542, 36.672, 36.819, 36.951, 37.235, 37.492, 37.796, 38.135, 38.342, 38.539, 39.207, 39.82, 39.345, 38.841, 38.756, 38.68, 38.858, 38.94, 38.406, 37.211, 36.545, 37.517, 38.623, 39.178, 39.411, 40.753, 41.773, 41.34, 40.712, 40.793, 41.042, 42.158, 42.68, 41.527, 41.639, 42.123, 41.453, 41.826, 41.532, 10.75], [7.806, 0.0, 7.998, 11.924, 14.251, 16.561, 18.626, 23.887, 28.458, 29.654, 30.097, 31.827, 32.687, 33.249, 34.268, 34.952, 34.637, 35.143, 35.891, 36.345, 36.799, 36.981, 37.538, 39.173, 39.833, 39.898, 39.819, 38.952, 39.749, 40.302, 39.733, 40.807, 41.252, 40.083, 39.808, 39.516, 38.944, 38.338, 37.412, 36.411, 36.733, 37.13, 36.572, 35.957, 35.304, 34.711, 34.548, 34.846, 34.781, 35.054, 35.519, 35.823, 36.185, 36.219, 35.778, 35.658, 36.134, 36.101, 35.838, 36.245, 36.739, 36.688, 36.973, 36.669, 35.67, 35.871, 35.544, 35.639, 35.831, 35.998, 36.126, 36.381, 36.611, 36.895, 37.254, 37.544, 37.841, 38.592, 39.248, 38.754, 38.23, 38.152, 38.083, 38.261, 38.352, 37.79, 36.415, 35.511, 36.499, 37.721, 38.318, 38.581, 40.084, 41.239, 40.777, 40.077, 40.18, 40.396, 41.521, 42.053, 40.731, 40.782, 41.354, 40.642, 41.042, 40.737, 14.331], [13.656, 7.998, 0.0, 6.351, 11.28, 14.228, 16.392, 22.075, 26.891, 28.16, 28.638, 30.565, 31.648, 32.38, 33.438, 34.083, 33.839, 34.448, 35.28, 35.813, 36.312, 36.54, 37.213, 38.977, 39.678, 39.746, 39.678, 38.833, 39.7, 40.28, 39.677, 40.74, 41.199, 40.015, 39.678, 39.391, 38.841, 38.187, 37.186, 36.133, 36.419, 36.816, 36.24, 35.565, 34.851, 34.222, 34.045, 34.324, 34.271, 34.559, 35.034, 35.33, 35.69, 35.725, 35.234, 35.051, 35.519, 35.486, 35.285, 35.766, 36.261, 36.234, 36.541, 36.207, 35.158, 35.383, 35.058, 35.166, 35.38, 35.63, 35.745, 35.971, 36.217, 36.506, 36.881, 37.247, 37.662, 38.479, 39.146, 38.612, 38.059, 37.991, 37.924, 38.081, 38.167, 37.647, 36.235, 35.223, 36.079, 37.256, 37.842, 38.063, 39.608, 40.857, 40.433, 39.731, 39.851, 40.039, 41.158, 41.726, 40.343, 40.276, 40.879, 40.211, 40.661, 40.364, 17.864], [16.333, 11.924, 6.351, 0.0, 7.879, 12.402, 14.834, 20.705, 25.741, 27.069, 27.597, 29.745, 30.953, 31.727, 32.781, 33.416, 33.259, 33.979, 34.869, 35.448, 36.003, 36.253, 36.955, 38.81, 39.574, 39.658, 39.568, 38.705, 39.615, 40.21, 39.59, 40.676, 41.145, 39.924, 39.523, 39.233, 38.687, 37.996, 36.96, 35.902, 36.186, 36.575, 35.981, 35.279, 34.537, 33.878, 33.674, 33.927, 33.878, 34.183, 34.685, 34.997, 35.351, 35.383, 34.868, 34.653, 35.101, 35.057, 34.898, 35.403, 35.919, 35.934, 36.234, 35.882, 34.85, 35.123, 34.794, 34.949, 35.26, 35.574, 35.673, 35.87, 36.094, 36.381, 36.78, 37.19, 37.65, 38.498, 39.158, 38.595, 38.049, 38.02, 37.954, 38.094, 38.166, 37.591, 36.123, 35.079, 35.831, 36.927, 37.516, 37.77, 39.395, 40.702, 40.268, 39.529, 39.666, 39.833, 40.914, 41.523, 40.119, 39.974, 40.592, 39.897, 40.348, 40.049, 19.828], [18.267, 14.251, 11.28, 7.879, 0.0, 6.79, 11.491, 18.558, 24.324, 25.88, 26.608, 29.119, 30.406, 31.116, 32.194, 32.922, 32.849, 33.635, 34.541, 35.146, 35.789, 36.14, 36.867, 38.715, 39.509, 39.661, 39.607, 38.768, 39.675, 40.268, 39.693, 40.833, 41.304, 40.081, 39.688, 39.366, 38.786, 38.064, 36.977, 35.877, 36.146, 36.541, 35.974, 35.309, 34.58, 33.926, 33.733, 33.957, 33.865, 34.169, 34.689, 35.005, 35.346, 35.379, 34.89, 34.697, 35.166, 35.187, 35.035, 35.48, 35.965, 35.926, 36.157, 35.84, 34.926, 35.243, 34.93, 35.222, 35.67, 35.967, 36.05, 36.276, 36.496, 36.781, 37.167, 37.526, 37.942, 38.771, 39.412, 38.885, 38.399, 38.417, 38.355, 38.502, 38.575, 37.892, 36.371, 35.357, 36.109, 37.079, 37.652, 37.977, 39.61, 40.888, 40.413, 39.661, 39.8, 39.947, 40.97, 41.536, 40.101, 40.034, 40.689, 39.961, 40.387, 40.099, 21.547], [20.322, 16.561, 14.228, 12.402, 6.79, 0.0, 7.568, 16.813, 23.328, 25.021, 25.826, 28.514, 29.922, 30.681, 31.796, 32.547, 32.456, 33.241, 34.161, 34.782, 35.465, 35.903, 36.709, 38.552, 39.332, 39.553, 39.604, 38.815, 39.696, 40.267, 39.71, 40.869, 41.339, 40.1, 39.707, 39.402, 38.851, 38.133, 37.03, 35.946, 36.214, 36.604, 36.058, 35.408, 34.695, 34.037, 33.825, 34.048, 33.944, 34.25, 34.771, 35.074, 35.43, 35.475, 34.986, 34.807, 35.277, 35.303, 35.162, 35.604, 36.047, 35.973, 36.199, 35.885, 34.962, 35.266, 34.977, 35.312, 35.744, 36.029, 36.115, 36.356, 36.596, 36.879, 37.242, 37.565, 37.976, 38.821, 39.461, 38.932, 38.469, 38.511, 38.456, 38.609, 38.691, 38.006, 36.478, 35.468, 36.247, 37.199, 37.748, 38.126, 39.782, 41.048, 40.583, 39.848, 39.995, 40.158, 41.192, 41.736, 40.29, 40.244, 40.93, 40.197, 40.59, 40.312, 22.954], [22.137, 18.626, 16.392, 14.834, 11.491, 7.568, 0.0, 11.373, 19.499, 21.628, 22.455, 25.628, 27.49, 28.564, 29.81, 30.556, 30.49, 31.439, 32.485, 33.195, 33.961, 34.496, 35.491, 37.485, 38.306, 38.567, 38.652, 37.875, 38.884, 39.484, 38.879, 40.117, 40.601, 39.232, 38.767, 38.461, 37.967, 37.256, 36.1, 35.086, 35.407, 35.82, 35.223, 34.509, 33.742, 33.01, 32.718, 32.946, 32.872, 33.22, 33.776, 34.091, 34.482, 34.527, 33.948, 33.674, 34.101, 34.054, 33.951, 34.479, 34.956, 34.924, 35.193, 34.834, 33.792, 34.108, 33.779, 34.168, 34.724, 35.083, 35.163, 35.413, 35.622, 35.852, 36.24, 36.671, 37.223, 38.181, 38.873, 38.29, 37.806, 37.854, 37.786, 37.915, 38.012, 37.359, 35.707, 34.564, 35.32, 36.316, 36.891, 37.282, 39.057, 40.363, 39.805, 38.994, 39.165, 39.342, 40.45, 41.057, 39.531, 39.455, 40.215, 39.418, 39.819, 39.524, 24.076], [26.709, 23.887, 22.075, 20.705, 18.558, 16.813, 11.373, 0.0, 10.45, 14.109, 15.371, 19.996, 23.238, 25.348, 26.94, 27.767, 28.06, 29.444, 30.63, 31.48, 32.454, 33.136, 34.313, 36.467, 37.346, 37.674, 37.788, 37.123, 38.428, 39.14, 38.509, 39.806, 40.297, 38.79, 38.157, 37.722, 37.229, 36.576, 35.483, 34.629, 35.019, 35.456, 34.812, 34.06, 33.271, 32.525, 32.182, 32.344, 32.316, 32.715, 33.249, 33.556, 33.934, 33.945, 33.25, 32.804, 33.202, 33.192, 33.205, 33.81, 34.307, 34.333, 34.643, 34.285, 33.181, 33.482, 33.078, 33.475, 34.239, 34.711, 34.742, 35.004, 35.168, 35.296, 35.685, 36.256, 36.978, 38.022, 38.752, 38.144, 37.676, 37.745, 37.668, 37.733, 37.807, 37.195, 35.426, 34.183, 34.868, 35.795, 36.408, 36.812, 38.569, 39.788, 39.105, 38.277, 38.471, 38.586, 39.765, 40.507, 38.883, 38.669, 39.409, 38.505, 38.895, 38.592, 27.932], [30.661, 28.458, 26.891, 25.741, 24.324, 23.328, 19.499, 10.45, 0.0, 5.849, 9.661, 16.144, 20.928, 24.389, 26.243, 27.075, 27.778, 29.395, 30.543, 31.42, 32.49, 33.23, 34.443, 36.587, 37.441, 37.78, 37.982, 37.519, 38.918, 39.665, 39.066, 40.265, 40.739, 39.295, 38.53, 38.021, 37.598, 37.025, 36.046, 35.346, 35.772, 36.224, 35.628, 34.922, 34.219, 33.59, 33.316, 33.412, 33.394, 33.827, 34.268, 34.505, 34.81, 34.788, 34.108, 33.598, 33.934, 33.98, 34.059, 34.636, 35.086, 35.154, 35.462, 35.114, 34.096, 34.356, 34.0, 34.306, 35.043, 35.552, 35.566, 35.786, 35.92, 35.977, 36.277, 36.779, 37.432, 38.396, 39.103, 38.541, 38.129, 38.211, 38.124, 38.149, 38.229, 37.721, 36.046, 34.846, 35.522, 36.413, 37.079, 37.53, 39.115, 40.137, 39.46, 38.736, 38.922, 38.939, 40.084, 40.931, 39.36, 38.912, 39.429, 38.567, 38.946, 38.669, 31.431], [31.663, 29.654, 28.16, 27.069, 25.88, 25.021, 21.628, 14.109, 5.849, 0.0, 7.393, 15.612, 20.905, 24.648, 26.513, 27.358, 28.236, 29.923, 31.06, 31.891, 32.901, 33.599, 34.798, 36.913, 37.73, 38.017, 38.243, 37.852, 39.205, 39.914, 39.339, 40.504, 40.956, 39.563, 38.814, 38.348, 37.993, 37.439, 36.43, 35.742, 36.174, 36.619, 36.051, 35.358, 34.675, 34.067, 33.808, 33.9, 33.868, 34.303, 34.725, 34.927, 35.194, 35.171, 34.544, 34.068, 34.345, 34.355, 34.432, 34.996, 35.448, 35.508, 35.793, 35.414, 34.431, 34.684, 34.389, 34.715, 35.431, 35.956, 35.979, 36.166, 36.274, 36.305, 36.555, 36.982, 37.558, 38.474, 39.162, 38.611, 38.207, 38.28, 38.19, 38.223, 38.321, 37.847, 36.216, 35.035, 35.746, 36.663, 37.344, 37.824, 39.375, 40.336, 39.644, 38.925, 39.111, 39.076, 40.142, 41.023, 39.527, 39.001, 39.399, 38.668, 39.155, 38.881, 32.208], [32.076, 30.097, 28.638, 27.597, 26.608, 25.826, 22.455, 15.371, 9.661, 7.393, 0.0, 10.37, 17.592, 22.342, 24.454, 25.427, 26.791, 28.931, 30.328, 31.235, 32.21, 32.896, 34.193, 36.415, 37.312, 37.648, 37.847, 37.41, 38.851, 39.582, 38.974, 40.199, 40.691, 39.287, 38.552, 38.123, 37.748, 37.175, 36.143, 35.399, 35.793, 36.231, 35.647, 34.902, 34.177, 33.519, 33.148, 33.2, 33.167, 33.559, 33.981, 34.202, 34.495, 34.492, 33.868, 33.404, 33.712, 33.657, 33.675, 34.303, 34.827, 34.982, 35.335, 34.938, 33.859, 34.09, 33.777, 34.096, 34.844, 35.403, 35.434, 35.657, 35.785, 35.807, 36.092, 36.601, 37.205, 38.156, 38.855, 38.297, 37.89, 37.961, 37.882, 37.942, 38.027, 37.503, 35.82, 34.576, 35.258, 36.2, 36.882, 37.406, 39.036, 40.056, 39.44, 38.751, 38.947, 38.985, 40.151, 41.047, 39.505, 38.964, 39.394, 38.644, 39.173, 38.884, 32.386], [33.642, 31.827, 30.565, 29.745, 29.119, 28.514, 25.628, 19.996, 16.144, 15.612, 10.37, 0.0, 10.618, 18.534, 21.313, 22.394, 24.682, 27.548, 29.329, 30.412, 31.415, 32.193, 33.678, 36.013, 36.995, 37.448, 37.695, 37.241, 38.752, 39.55, 38.924, 40.135, 40.693, 39.351, 38.622, 38.206, 37.832, 37.347, 36.436, 35.725, 36.087, 36.48, 35.931, 35.211, 34.522, 33.909, 33.478, 33.465, 33.442, 33.809, 34.18, 34.338, 34.613, 34.642, 34.027, 33.484, 33.795, 33.725, 33.656, 34.272, 34.796, 35.015, 35.414, 35.017, 33.896, 34.093, 33.827, 34.145, 34.905, 35.497, 35.519, 35.76, 35.925, 35.908, 36.201, 36.849, 37.505, 38.428, 39.1, 38.589, 38.229, 38.297, 38.225, 38.307, 38.39, 37.853, 36.173, 34.834, 35.378, 36.3, 36.966, 37.528, 39.149, 40.17, 39.699, 39.139, 39.329, 39.419, 40.676, 41.552, 39.991, 39.441, 39.883, 39.149, 39.657, 39.38, 33.773], [34.377, 32.687, 31.648, 30.953, 30.406, 29.922, 27.49, 23.238, 20.928, 20.905, 17.592, 10.618, 0.0, 11.24, 15.667, 17.276, 21.059, 25.176, 27.482, 28.78, 29.884, 30.835, 32.578, 35.11, 36.207, 36.772, 37.181, 36.867, 38.447, 39.3, 38.693, 39.905, 40.561, 39.427, 38.856, 38.442, 38.09, 37.686, 36.831, 36.11, 36.478, 36.853, 36.333, 35.669, 35.014, 34.429, 33.989, 33.98, 33.949, 34.32, 34.688, 34.782, 35.02, 35.066, 34.476, 33.943, 34.239, 34.186, 34.116, 34.646, 35.111, 35.186, 35.492, 35.085, 34.073, 34.32, 34.082, 34.494, 35.284, 35.836, 35.843, 36.029, 36.153, 36.116, 36.392, 37.059, 37.734, 38.625, 39.287, 38.809, 38.457, 38.504, 38.421, 38.515, 38.585, 38.047, 36.414, 35.018, 35.475, 36.378, 36.994, 37.585, 39.228, 40.253, 39.789, 39.242, 39.429, 39.471, 40.684, 41.503, 39.96, 39.545, 40.122, 39.519, 40.013, 39.718, 34.533], [34.816, 33.249, 32.38, 31.727, 31.116, 30.681, 28.564, 25.348, 24.389, 24.648, 22.342, 18.534, 11.24, 0.0, 6.878, 10.925, 16.463, 21.939, 24.901, 26.383, 27.569, 28.736, 30.724, 33.45, 34.803, 35.6, 36.188, 36.031, 37.741, 38.647, 38.106, 39.434, 40.151, 39.388, 39.299, 38.983, 38.596, 38.13, 37.362, 36.662, 36.975, 37.313, 36.792, 36.211, 35.597, 35.015, 34.614, 34.627, 34.579, 34.92, 35.259, 35.352, 35.598, 35.644, 35.085, 34.623, 34.927, 34.919, 34.904, 35.371, 35.819, 35.848, 36.09, 35.687, 34.742, 34.975, 34.736, 35.164, 35.925, 36.433, 36.426, 36.546, 36.614, 36.56, 36.823, 37.415, 37.996, 38.817, 39.458, 38.987, 38.599, 38.598, 38.49, 38.608, 38.676, 38.02, 36.357, 35.072, 35.602, 36.499, 37.036, 37.652, 39.389, 40.501, 40.06, 39.516, 39.694, 39.711, 40.855, 41.607, 40.127, 39.919, 40.654, 40.166, 40.566, 40.252, 35.045], [35.759, 34.268, 33.438, 32.781, 32.194, 31.796, 29.81, 26.94, 26.243, 26.513, 24.454, 21.313, 15.667, 6.878, 0.0, 7.102, 14.897, 20.85, 23.977, 25.553, 26.789, 28.083, 30.149, 32.866, 34.339, 35.285, 35.956, 35.856, 37.598, 38.535, 38.047, 39.442, 40.151, 39.493, 39.652, 39.444, 39.057, 38.537, 37.856, 37.243, 37.532, 37.837, 37.327, 36.803, 36.225, 35.672, 35.31, 35.321, 35.249, 35.555, 35.869, 35.955, 36.195, 36.24, 35.725, 35.314, 35.627, 35.605, 35.546, 35.94, 36.386, 36.452, 36.656, 36.239, 35.357, 35.572, 35.379, 35.803, 36.519, 37.005, 36.976, 37.074, 37.145, 37.074, 37.33, 37.895, 38.447, 39.236, 39.846, 39.402, 39.032, 39.033, 38.944, 39.089, 39.191, 38.517, 36.843, 35.565, 36.005, 36.853, 37.353, 37.925, 39.634, 40.751, 40.356, 39.854, 40.022, 40.021, 41.1, 41.812, 40.381, 40.186, 40.89, 40.507, 40.903, 40.612, 35.964], [36.431, 34.952, 34.083, 33.416, 32.922, 32.547, 30.556, 27.767, 27.075, 27.358, 25.427, 22.394, 17.276, 10.925, 7.102, 0.0, 10.704, 18.331, 21.939, 23.729, 25.205, 26.708, 29.008, 31.951, 33.582, 34.642, 35.356, 35.365, 37.174, 38.131, 37.661, 39.098, 39.853, 39.239, 39.42, 39.236, 38.881, 38.364, 37.723, 37.159, 37.458, 37.765, 37.277, 36.742, 36.161, 35.631, 35.256, 35.263, 35.208, 35.501, 35.815, 35.907, 36.156, 36.208, 35.69, 35.266, 35.543, 35.476, 35.408, 35.829, 36.289, 36.336, 36.53, 36.098, 35.239, 35.474, 35.295, 35.785, 36.492, 36.94, 36.909, 36.961, 37.005, 36.948, 37.202, 37.733, 38.284, 39.101, 39.713, 39.263, 38.901, 38.935, 38.875, 39.009, 39.106, 38.485, 36.881, 35.547, 35.85, 36.731, 37.251, 37.841, 39.62, 40.775, 40.407, 39.907, 40.067, 40.066, 41.175, 41.893, 40.417, 40.137, 40.806, 40.391, 40.76, 40.466, 36.506], [36.124, 34.637, 33.839, 33.259, 32.849, 32.456, 30.49, 28.06, 27.778, 28.236, 26.791, 24.682, 21.059, 16.463, 14.897, 10.704, 0.0, 10.023, 15.382, 17.824, 19.776, 21.797, 24.689, 28.246, 30.287, 31.611, 32.481, 32.8, 35.081, 36.204, 35.74, 37.309, 38.199, 37.923, 38.697, 38.662, 38.291, 37.811, 37.246, 36.683, 36.928, 37.2, 36.682, 36.099, 35.484, 34.928, 34.543, 34.563, 34.513, 34.81, 35.138, 35.266, 35.566, 35.618, 35.068, 34.637, 34.901, 34.844, 34.858, 35.369, 35.86, 35.889, 36.118, 35.734, 34.849, 35.09, 34.877, 35.378, 35.976, 36.381, 36.378, 36.335, 36.337, 36.322, 36.563, 37.047, 37.554, 38.326, 38.933, 38.465, 38.049, 38.079, 38.046, 38.176, 38.25, 37.631, 35.988, 34.588, 34.959, 35.948, 36.53, 37.213, 39.215, 40.562, 40.293, 39.782, 39.953, 40.079, 41.314, 42.002, 40.435, 40.117, 40.801, 40.218, 40.432, 40.119, 36.098], [36.576, 35.143, 34.448, 33.979, 33.635, 33.241, 31.439, 29.444, 29.395, 29.923, 28.931, 27.548, 25.176, 21.939, 20.85, 18.331, 10.023, 0.0, 7.221, 11.019, 13.51, 16.096, 19.63, 23.709, 26.072, 27.723, 28.993, 29.776, 32.597, 34.036, 33.616, 35.155, 36.14, 36.251, 37.823, 38.109, 37.745, 37.548, 37.35, 36.922, 37.116, 37.342, 36.82, 36.298, 35.73, 35.197, 34.869, 34.886, 34.84, 35.185, 35.532, 35.672, 35.967, 36.007, 35.466, 35.072, 35.402, 35.408, 35.416, 35.929, 36.362, 36.364, 36.64, 36.31, 35.45, 35.643, 35.41, 35.862, 36.313, 36.621, 36.63, 36.541, 36.524, 36.563, 36.789, 37.139, 37.499, 38.119, 38.655, 38.26, 37.892, 37.945, 37.949, 38.085, 38.139, 37.519, 35.968, 34.68, 35.142, 36.169, 36.748, 37.371, 39.341, 40.758, 40.628, 40.14, 40.289, 40.557, 41.867, 42.508, 40.95, 40.575, 41.168, 40.433, 40.428, 40.119, 36.512], [37.221, 35.891, 35.28, 34.869, 34.541, 34.161, 32.485, 30.63, 30.543, 31.06, 30.328, 29.329, 27.482, 24.901, 23.977, 21.939, 15.382, 7.221, 0.0, 5.547, 9.462, 12.402, 16.215, 20.615, 23.147, 25.028, 26.644, 27.848, 31.056, 32.748, 32.431, 33.933, 34.931, 35.18, 37.109, 37.56, 37.194, 37.261, 37.378, 37.106, 37.311, 37.544, 37.053, 36.599, 36.086, 35.601, 35.325, 35.341, 35.317, 35.719, 36.081, 36.218, 36.49, 36.514, 35.982, 35.605, 35.991, 36.041, 36.013, 36.498, 36.854, 36.845, 37.154, 36.856, 36.045, 36.203, 35.94, 36.38, 36.783, 37.024, 37.045, 36.962, 36.934, 37.015, 37.232, 37.482, 37.761, 38.296, 38.781, 38.443, 38.119, 38.179, 38.182, 38.309, 38.351, 37.751, 36.307, 35.174, 35.702, 36.719, 37.252, 37.781, 39.619, 40.979, 40.889, 40.417, 40.54, 40.84, 42.17, 42.799, 41.27, 40.868, 41.412, 40.576, 40.41, 40.123, 37.087], [37.611, 36.345, 35.813, 35.448, 35.146, 34.782, 33.195, 31.48, 31.42, 31.891, 31.235, 30.412, 28.78, 26.383, 25.553, 23.729, 17.824, 11.019, 5.547, 0.0, 5.838, 10.207, 14.199, 18.653, 21.321, 23.38, 25.212, 26.705, 30.208, 32.05, 31.807, 33.326, 34.349, 34.692, 36.781, 37.281, 36.893, 37.07, 37.3, 37.076, 37.305, 37.557, 37.073, 36.648, 36.165, 35.706, 35.468, 35.501, 35.487, 35.899, 36.253, 36.389, 36.65, 36.664, 36.131, 35.758, 36.161, 36.226, 36.185, 36.685, 36.994, 36.973, 37.287, 37.016, 36.221, 36.334, 36.062, 36.494, 36.894, 37.127, 37.153, 37.088, 37.054, 37.14, 37.371, 37.627, 37.913, 38.418, 38.889, 38.56, 38.236, 38.282, 38.269, 38.393, 38.425, 37.805, 36.361, 35.325, 35.94, 36.9, 37.404, 37.949, 39.729, 41.036, 40.919, 40.444, 40.559, 40.86, 42.183, 42.814, 41.309, 40.908, 41.45, 40.6, 40.377, 40.118, 37.43], [38.01, 36.799, 36.312, 36.003, 35.789, 35.465, 33.961, 32.454, 32.49, 32.901, 32.21, 31.415, 29.884, 27.569, 26.789, 25.205, 19.776, 13.51, 9.462, 5.838, 0.0, 6.578, 12.118, 16.936, 19.696, 21.869, 23.956, 25.742, 29.531, 31.478, 31.249, 32.769, 33.825, 34.284, 36.576, 37.187, 36.824, 37.083, 37.387, 37.201, 37.454, 37.711, 37.237, 36.825, 36.356, 35.911, 35.701, 35.748, 35.741, 36.162, 36.498, 36.622, 36.873, 36.887, 36.354, 35.962, 36.341, 36.384, 36.339, 36.867, 37.16, 37.132, 37.463, 37.203, 36.385, 36.479, 36.235, 36.68, 37.084, 37.31, 37.326, 37.274, 37.224, 37.284, 37.531, 37.792, 38.012, 38.443, 38.904, 38.597, 38.288, 38.325, 38.291, 38.413, 38.436, 37.79, 36.351, 35.347, 35.981, 36.903, 37.395, 37.966, 39.753, 41.049, 40.915, 40.439, 40.558, 40.878, 42.197, 42.849, 41.416, 41.025, 41.536, 40.676, 40.407, 40.166, 37.767], [38.046, 36.981, 36.54, 36.253, 36.14, 35.903, 34.496, 33.136, 33.23, 33.599, 32.896, 32.193, 30.835, 28.736, 28.083, 26.708, 21.797, 16.096, 12.402, 10.207, 6.578, 0.0, 7.959, 14.346, 17.437, 19.632, 22.039, 24.219, 28.366, 30.512, 30.348, 31.846, 32.902, 33.446, 35.957, 36.698, 36.419, 36.874, 37.299, 37.15, 37.433, 37.712, 37.268, 36.85, 36.37, 35.936, 35.726, 35.762, 35.772, 36.216, 36.551, 36.685, 36.938, 36.953, 36.419, 35.996, 36.343, 36.34, 36.288, 36.818, 37.09, 37.051, 37.387, 37.133, 36.316, 36.418, 36.188, 36.681, 37.096, 37.302, 37.312, 37.262, 37.191, 37.235, 37.486, 37.727, 37.877, 38.266, 38.719, 38.423, 38.122, 38.153, 38.114, 38.246, 38.279, 37.636, 36.218, 35.262, 35.941, 36.866, 37.352, 37.888, 39.672, 40.958, 40.807, 40.327, 40.454, 40.769, 42.091, 42.797, 41.474, 41.106, 41.545, 40.718, 40.564, 40.316, 37.726], [38.376, 37.538, 37.213, 36.955, 36.867, 36.709, 35.491, 34.313, 34.443, 34.798, 34.193, 33.678, 32.578, 30.724, 30.149, 29.008, 24.689, 19.63, 16.215, 14.199, 12.118, 7.959, 0.0, 8.488, 12.935, 15.869, 18.844, 21.681, 26.479, 29.057, 29.075, 30.522, 31.63, 32.448, 35.319, 36.213, 36.086, 36.903, 37.599, 37.55, 37.86, 38.154, 37.734, 37.375, 36.938, 36.538, 36.366, 36.392, 36.414, 36.833, 37.11, 37.245, 37.477, 37.478, 36.966, 36.542, 36.876, 36.9, 36.842, 37.347, 37.55, 37.431, 37.719, 37.504, 36.745, 36.792, 36.613, 37.093, 37.467, 37.639, 37.642, 37.607, 37.557, 37.627, 37.884, 38.101, 38.226, 38.54, 38.946, 38.68, 38.399, 38.433, 38.418, 38.576, 38.611, 37.951, 36.614, 35.851, 36.572, 37.391, 37.816, 38.269, 39.899, 41.093, 40.945, 40.489, 40.586, 40.917, 42.234, 42.933, 41.712, 41.369, 41.704, 40.963, 40.993, 40.77, 38.018], [39.827, 39.173, 38.977, 38.81, 38.715, 38.552, 37.485, 36.467, 36.587, 36.913, 36.415, 36.013, 35.11, 33.45, 32.866, 31.951, 28.246, 23.709, 20.615, 18.653, 16.936, 14.346, 8.488, 0.0, 6.642, 12.085, 16.086, 19.698, 25.186, 28.194, 28.433, 29.864, 31.036, 32.162, 35.458, 36.596, 36.639, 37.8, 38.838, 39.024, 39.335, 39.588, 39.223, 38.956, 38.581, 38.242, 38.14, 38.16, 38.161, 38.523, 38.714, 38.809, 38.982, 38.975, 38.526, 38.144, 38.485, 38.573, 38.519, 38.951, 39.117, 38.974, 39.22, 39.052, 38.355, 38.318, 38.224, 38.653, 38.944, 39.079, 39.059, 39.01, 38.982, 39.066, 39.262, 39.381, 39.455, 39.697, 40.06, 39.875, 39.659, 39.718, 39.73, 39.89, 39.914, 39.276, 38.087, 37.515, 38.183, 38.824, 39.15, 39.511, 40.943, 42.032, 41.926, 41.525, 41.586, 41.948, 43.224, 43.856, 42.695, 42.374, 42.679, 42.017, 42.038, 41.85, 39.544], [40.447, 39.833, 39.678, 39.574, 39.509, 39.332, 38.306, 37.346, 37.441, 37.73, 37.312, 36.995, 36.207, 34.803, 34.339, 33.582, 30.287, 26.072, 23.147, 21.321, 19.696, 17.437, 12.935, 6.642, 0.0, 7.798, 13.599, 17.659, 23.37, 26.763, 27.224, 28.714, 29.964, 31.178, 34.751, 36.125, 36.254, 37.686, 39.093, 39.452, 39.732, 39.997, 39.672, 39.433, 39.101, 38.846, 38.835, 38.879, 38.878, 39.247, 39.415, 39.488, 39.633, 39.616, 39.17, 38.793, 39.165, 39.315, 39.258, 39.649, 39.814, 39.676, 39.896, 39.743, 39.076, 39.014, 38.934, 39.336, 39.597, 39.715, 39.689, 39.666, 39.665, 39.769, 39.95, 40.022, 40.067, 40.266, 40.613, 40.486, 40.312, 40.361, 40.354, 40.499, 40.52, 39.877, 38.693, 38.156, 38.793, 39.358, 39.648, 40.0, 41.401, 42.469, 42.369, 41.979, 42.022, 42.421, 43.702, 44.306, 43.161, 42.836, 43.093, 42.432, 42.429, 42.251, 40.199], [40.489, 39.898, 39.746, 39.658, 39.661, 39.553, 38.567, 37.674, 37.78, 38.017, 37.648, 37.448, 36.772, 35.6, 35.285, 34.642, 31.611, 27.723, 25.028, 23.38, 21.869, 19.632, 15.869, 12.085, 7.798, 0.0, 8.289, 14.252, 20.395, 24.148, 24.949, 26.554, 28.02, 29.471, 33.38, 34.977, 35.21, 36.923, 38.592, 39.069, 39.424, 39.777, 39.47, 39.226, 38.935, 38.777, 38.896, 39.006, 39.017, 39.411, 39.568, 39.633, 39.765, 39.737, 39.282, 38.885, 39.258, 39.435, 39.351, 39.714, 39.892, 39.729, 39.906, 39.773, 39.191, 39.137, 39.052, 39.467, 39.708, 39.819, 39.797, 39.791, 39.794, 39.897, 40.084, 40.154, 40.162, 40.3, 40.648, 40.537, 40.374, 40.402, 40.341, 40.455, 40.475, 39.816, 38.538, 37.922, 38.6, 39.193, 39.5, 39.879, 41.319, 42.41, 42.27, 41.845, 41.9, 42.303, 43.557, 44.18, 43.119, 42.777, 42.966, 42.34, 42.438, 42.265, 40.246], [40.372, 39.819, 39.678, 39.568, 39.607, 39.604, 38.652, 37.788, 37.982, 38.243, 37.847, 37.695, 37.181, 36.188, 35.956, 35.356, 32.481, 28.993, 26.644, 25.212, 23.956, 22.039, 18.844, 16.086, 13.599, 8.289, 0.0, 9.417, 17.684, 21.64, 22.549, 24.464, 26.246, 28.024, 32.247, 34.015, 34.31, 36.12, 37.864, 38.448, 38.868, 39.248, 38.953, 38.697, 38.403, 38.282, 38.487, 38.696, 38.752, 39.115, 39.257, 39.325, 39.457, 39.428, 38.988, 38.603, 38.979, 39.166, 39.052, 39.388, 39.582, 39.42, 39.602, 39.506, 38.953, 38.9, 38.795, 39.183, 39.437, 39.537, 39.51, 39.51, 39.517, 39.639, 39.858, 39.943, 39.941, 40.076, 40.437, 40.316, 40.134, 40.144, 40.049, 40.133, 40.136, 39.483, 38.204, 37.557, 38.264, 38.906, 39.241, 39.614, 41.066, 42.167, 41.997, 41.541, 41.605, 42.013, 43.238, 43.863, 42.865, 42.588, 42.818, 42.19, 42.323, 42.146, 40.131], [39.518, 38.952, 38.833, 38.705, 38.768, 38.815, 37.875, 37.123, 37.519, 37.852, 37.41, 37.241, 36.867, 36.031, 35.856, 35.365, 32.8, 29.776, 27.848, 26.705, 25.742, 24.219, 21.681, 19.698, 17.659, 14.252, 9.417, 0.0, 11.56, 17.258, 18.157, 20.424, 22.552, 24.611, 29.524, 31.667, 31.951, 33.983, 36.204, 37.024, 37.457, 37.865, 37.586, 37.349, 37.07, 36.993, 37.256, 37.57, 37.767, 38.193, 38.332, 38.44, 38.616, 38.572, 38.102, 37.736, 38.148, 38.329, 38.178, 38.523, 38.719, 38.531, 38.719, 38.622, 37.991, 37.954, 37.817, 38.188, 38.501, 38.588, 38.55, 38.605, 38.652, 38.834, 39.113, 39.22, 39.257, 39.479, 39.869, 39.717, 39.511, 39.514, 39.428, 39.516, 39.487, 38.79, 37.545, 37.028, 37.745, 38.422, 38.817, 39.166, 40.657, 41.803, 41.651, 41.204, 41.276, 41.754, 43.084, 43.703, 42.61, 42.412, 42.714, 42.054, 42.147, 41.938, 39.255], [40.216, 39.749, 39.7, 39.615, 39.675, 39.696, 38.884, 38.428, 38.918, 39.205, 38.851, 38.752, 38.447, 37.741, 37.598, 37.174, 35.081, 32.597, 31.056, 30.208, 29.531, 28.366, 26.479, 25.186, 23.37, 20.395, 17.684, 11.56, 0.0, 8.514, 11.302, 13.737, 16.211, 19.468, 26.089, 29.011, 29.392, 32.021, 35.198, 36.53, 37.03, 37.467, 37.372, 37.322, 37.234, 37.417, 37.924, 38.271, 38.594, 39.288, 39.508, 39.643, 39.835, 39.776, 39.338, 39.052, 39.472, 39.631, 39.472, 39.751, 39.843, 39.624, 39.796, 39.712, 39.132, 39.081, 38.961, 39.206, 39.459, 39.492, 39.435, 39.53, 39.568, 39.765, 40.072, 40.095, 39.984, 40.213, 40.621, 40.468, 40.291, 40.306, 40.2, 40.247, 40.184, 39.484, 38.388, 38.225, 38.954, 39.548, 39.924, 40.215, 41.544, 42.638, 42.599, 42.214, 42.239, 42.785, 44.168, 44.74, 43.718, 43.523, 43.753, 43.123, 43.115, 42.855, 39.952], [40.741, 40.302, 40.28, 40.21, 40.268, 40.267, 39.484, 39.14, 39.665, 39.914, 39.582, 39.55, 39.3, 38.647, 38.535, 38.131, 36.204, 34.036, 32.748, 32.05, 31.478, 30.512, 29.057, 28.194, 26.763, 24.148, 21.64, 17.258, 8.514, 0.0, 5.805, 10.087, 12.676, 16.659, 24.418, 27.861, 28.372, 31.26, 34.753, 36.336, 36.952, 37.395, 37.374, 37.418, 37.407, 37.672, 38.285, 38.685, 39.017, 39.797, 40.092, 40.246, 40.428, 40.369, 39.957, 39.689, 40.074, 40.185, 40.006, 40.231, 40.268, 40.062, 40.239, 40.194, 39.667, 39.644, 39.545, 39.812, 40.064, 40.097, 40.075, 40.194, 40.205, 40.37, 40.668, 40.699, 40.568, 40.821, 41.27, 41.116, 40.93, 40.932, 40.802, 40.797, 40.712, 40.037, 38.935, 38.703, 39.432, 40.08, 40.427, 40.694, 41.984, 43.057, 43.027, 42.629, 42.655, 43.184, 44.495, 45.041, 44.076, 43.831, 44.027, 43.411, 43.404, 43.135, 40.491], [40.208, 39.733, 39.677, 39.59, 39.693, 39.71, 38.879, 38.509, 39.066, 39.339, 38.974, 38.924, 38.693, 38.106, 38.047, 37.661, 35.74, 33.616, 32.431, 31.807, 31.249, 30.348, 29.075, 28.433, 27.224, 24.949, 22.549, 18.157, 11.302, 5.805, 0.0, 7.124, 10.812, 14.707, 22.909, 26.691, 27.315, 30.324, 33.913, 35.5, 36.178, 36.673, 36.59, 36.617, 36.614, 36.843, 37.428, 37.905, 38.274, 39.032, 39.362, 39.554, 39.752, 39.693, 39.255, 38.941, 39.328, 39.456, 39.28, 39.527, 39.589, 39.371, 39.552, 39.512, 38.951, 38.956, 38.841, 39.152, 39.434, 39.452, 39.444, 39.557, 39.547, 39.724, 40.033, 40.06, 39.922, 40.185, 40.644, 40.476, 40.277, 40.274, 40.152, 40.147, 40.048, 39.375, 38.28, 37.965, 38.73, 39.538, 39.954, 40.226, 41.577, 42.679, 42.642, 42.246, 42.285, 42.772, 44.082, 44.657, 43.645, 43.409, 43.643, 42.995, 43.02, 42.733, 39.938], [41.213, 40.807, 40.74, 40.676, 40.833, 40.869, 40.117, 39.806, 40.265, 40.504, 40.199, 40.135, 39.905, 39.434, 39.442, 39.098, 37.309, 35.155, 33.933, 33.326, 32.769, 31.846, 30.522, 29.864, 28.714, 26.554, 24.464, 20.424, 13.737, 10.087, 7.124, 0.0, 5.961, 12.504, 21.761, 26.052, 26.883, 30.385, 34.407, 36.131, 36.784, 37.277, 37.256, 37.357, 37.427, 37.728, 38.377, 38.869, 39.277, 40.091, 40.451, 40.679, 40.894, 40.846, 40.451, 40.196, 40.627, 40.799, 40.666, 40.927, 40.954, 40.653, 40.771, 40.741, 40.237, 40.219, 40.123, 40.334, 40.52, 40.463, 40.435, 40.52, 40.486, 40.684, 40.976, 40.878, 40.617, 40.839, 41.256, 41.103, 40.958, 40.978, 40.862, 40.865, 40.762, 40.088, 39.155, 39.017, 39.772, 40.556, 40.945, 41.124, 42.296, 43.283, 43.26, 42.915, 42.904, 43.392, 44.754, 45.321, 44.367, 44.226, 44.518, 43.932, 43.933, 43.66, 40.961], [41.642, 41.252, 41.199, 41.145, 41.304, 41.339, 40.601, 40.297, 40.739, 40.956, 40.691, 40.693, 40.561, 40.151, 40.151, 39.853, 38.199, 36.14, 34.931, 34.349, 33.825, 32.902, 31.63, 31.036, 29.964, 28.02, 26.246, 22.552, 16.211, 12.676, 10.812, 5.961, 0.0, 9.391, 20.359, 25.112, 26.083, 29.892, 34.189, 36.105, 36.868, 37.389, 37.397, 37.563, 37.703, 38.061, 38.738, 39.219, 39.667, 40.563, 40.963, 41.213, 41.438, 41.396, 41.03, 40.834, 41.297, 41.456, 41.325, 41.576, 41.581, 41.275, 41.366, 41.328, 40.838, 40.819, 40.724, 40.869, 41.001, 40.946, 40.92, 40.999, 40.967, 41.163, 41.435, 41.32, 41.05, 41.282, 41.691, 41.541, 41.428, 41.455, 41.327, 41.32, 41.232, 40.596, 39.709, 39.565, 40.238, 40.973, 41.333, 41.444, 42.524, 43.466, 43.439, 43.098, 43.072, 43.578, 44.97, 45.523, 44.575, 44.458, 44.788, 44.251, 44.268, 44.007, 41.45], [40.516, 40.083, 40.015, 39.924, 40.081, 40.1, 39.232, 38.79, 39.295, 39.563, 39.287, 39.351, 39.427, 39.388, 39.493, 39.239, 37.923, 36.251, 35.18, 34.692, 34.284, 33.446, 32.448, 32.162, 31.178, 29.471, 28.024, 24.611, 19.468, 16.659, 14.707, 12.504, 9.391, 0.0, 13.383, 19.752, 21.013, 25.623, 30.974, 33.479, 34.623, 35.385, 35.39, 35.589, 35.877, 36.358, 37.099, 37.64, 38.192, 39.254, 39.743, 40.01, 40.246, 40.195, 39.793, 39.573, 40.058, 40.175, 39.986, 40.281, 40.34, 40.073, 40.177, 40.065, 39.5, 39.554, 39.433, 39.658, 39.944, 39.991, 39.998, 40.137, 40.133, 40.318, 40.604, 40.514, 40.232, 40.494, 40.938, 40.777, 40.721, 40.796, 40.655, 40.634, 40.558, 39.925, 38.93, 38.59, 39.161, 39.981, 40.395, 40.484, 41.63, 42.582, 42.483, 42.063, 42.047, 42.545, 43.975, 44.606, 43.607, 43.425, 43.691, 43.146, 43.335, 43.046, 40.311], [40.212, 39.808, 39.678, 39.523, 39.688, 39.707, 38.767, 38.157, 38.53, 38.814, 38.552, 38.622, 38.856, 39.299, 39.652, 39.42, 38.697, 37.823, 37.109, 36.781, 36.576, 35.957, 35.319, 35.458, 34.751, 33.38, 32.247, 29.524, 26.089, 24.418, 22.909, 21.761, 20.359, 13.383, 0.0, 9.451, 12.746, 18.921, 26.002, 29.73, 31.483, 32.568, 32.627, 32.935, 33.633, 34.441, 35.443, 36.188, 36.897, 38.232, 38.863, 39.159, 39.439, 39.394, 39.04, 38.915, 39.399, 39.482, 39.316, 39.681, 39.818, 39.64, 39.76, 39.548, 38.914, 38.951, 38.8, 39.062, 39.455, 39.593, 39.642, 39.821, 39.85, 40.027, 40.293, 40.225, 39.967, 40.277, 40.746, 40.596, 40.659, 40.829, 40.661, 40.581, 40.516, 39.917, 38.866, 38.386, 38.809, 39.555, 39.966, 40.02, 41.08, 41.943, 41.748, 41.278, 41.292, 41.771, 43.22, 43.959, 43.048, 42.815, 42.899, 42.393, 42.88, 42.59, 39.843], [39.928, 39.516, 39.391, 39.233, 39.366, 39.402, 38.461, 37.722, 38.021, 38.348, 38.123, 38.206, 38.442, 38.983, 39.444, 39.236, 38.662, 38.109, 37.56, 37.281, 37.187, 36.698, 36.213, 36.596, 36.125, 34.977, 34.015, 31.667, 29.011, 27.861, 26.691, 26.052, 25.112, 19.752, 9.451, 0.0, 7.626, 16.044, 22.94, 26.945, 29.23, 30.508, 30.613, 30.96, 31.872, 32.925, 34.174, 35.115, 35.94, 37.458, 38.218, 38.547, 38.87, 38.841, 38.499, 38.486, 39.047, 39.148, 38.985, 39.373, 39.533, 39.349, 39.435, 39.187, 38.53, 38.569, 38.375, 38.599, 38.976, 39.127, 39.179, 39.368, 39.412, 39.572, 39.847, 39.83, 39.668, 40.086, 40.581, 40.432, 40.531, 40.716, 40.533, 40.421, 40.36, 39.816, 38.672, 38.01, 38.453, 39.184, 39.588, 39.64, 40.676, 41.535, 41.317, 40.835, 40.872, 41.335, 42.768, 43.506, 42.643, 42.471, 42.524, 41.998, 42.59, 42.29, 39.53], [39.43, 38.944, 38.841, 38.687, 38.786, 38.851, 37.967, 37.229, 37.598, 37.993, 37.748, 37.832, 38.09, 38.596, 39.057, 38.881, 38.291, 37.745, 37.194, 36.893, 36.824, 36.419, 36.086, 36.639, 36.254, 35.21, 34.31, 31.951, 29.392, 28.372, 27.315, 26.883, 26.083, 21.013, 12.746, 7.626, 0.0, 11.913, 21.151, 25.3, 27.418, 28.775, 28.93, 29.409, 30.457, 31.664, 33.028, 34.053, 34.964, 36.558, 37.383, 37.753, 38.131, 38.122, 37.78, 37.841, 38.522, 38.715, 38.622, 39.043, 39.165, 39.004, 39.094, 38.839, 38.192, 38.258, 38.042, 38.256, 38.621, 38.789, 38.827, 39.047, 39.101, 39.223, 39.516, 39.555, 39.38, 39.761, 40.266, 40.15, 40.269, 40.492, 40.357, 40.264, 40.213, 39.666, 38.468, 37.893, 38.464, 39.185, 39.627, 39.758, 40.863, 41.783, 41.547, 41.037, 41.084, 41.516, 42.881, 43.607, 42.712, 42.495, 42.599, 41.987, 42.412, 42.093, 39.142], [38.972, 38.338, 38.187, 37.996, 38.064, 38.133, 37.256, 36.576, 37.025, 37.439, 37.175, 37.347, 37.686, 38.13, 38.537, 38.364, 37.811, 37.548, 37.261, 37.07, 37.083, 36.874, 36.903, 37.8, 37.686, 36.923, 36.12, 33.983, 32.021, 31.26, 30.324, 30.385, 29.892, 25.623, 18.921, 16.044, 11.913, 0.0, 13.66, 20.41, 22.691, 24.112, 24.402, 25.222, 26.764, 28.275, 29.852, 31.162, 32.255, 34.083, 35.151, 35.639, 36.15, 36.231, 36.067, 36.455, 37.236, 37.452, 37.678, 38.268, 38.426, 38.487, 38.669, 38.331, 37.614, 37.671, 37.4, 37.502, 37.826, 38.068, 38.097, 38.309, 38.383, 38.486, 38.803, 38.952, 38.858, 39.272, 39.824, 39.693, 39.83, 40.098, 39.982, 39.876, 39.866, 39.381, 38.085, 37.453, 38.102, 38.826, 39.345, 39.599, 40.826, 41.842, 41.576, 41.043, 41.156, 41.582, 42.865, 43.562, 42.573, 42.245, 42.381, 41.742, 42.072, 41.774, 38.69], [38.185, 37.412, 37.186, 36.96, 36.977, 37.03, 36.1, 35.483, 36.046, 36.43, 36.143, 36.436, 36.831, 37.362, 37.856, 37.723, 37.246, 37.35, 37.378, 37.3, 37.387, 37.299, 37.599, 38.838, 39.093, 38.592, 37.864, 36.204, 35.198, 34.753, 33.913, 34.407, 34.189, 30.974, 26.002, 22.94, 21.151, 13.66, 0.0, 11.163, 16.36, 18.185, 18.528, 19.395, 21.417, 23.454, 25.624, 27.446, 28.723, 30.861, 32.314, 32.947, 33.572, 33.814, 33.911, 34.677, 35.616, 35.691, 36.052, 36.849, 37.2, 37.392, 37.565, 37.148, 36.4, 36.503, 36.116, 36.103, 36.423, 36.742, 36.795, 37.016, 37.12, 37.223, 37.559, 37.832, 37.991, 38.681, 39.327, 39.09, 39.159, 39.407, 39.296, 39.186, 39.225, 38.872, 37.443, 36.368, 37.043, 37.871, 38.486, 38.846, 40.226, 41.318, 40.911, 40.245, 40.449, 40.839, 41.987, 42.635, 41.568, 41.151, 41.239, 40.551, 41.072, 40.765, 37.748], [37.271, 36.411, 36.133, 35.902, 35.877, 35.946, 35.086, 34.629, 35.346, 35.742, 35.399, 35.725, 36.11, 36.662, 37.243, 37.159, 36.683, 36.922, 37.106, 37.076, 37.201, 37.15, 37.55, 39.024, 39.452, 39.069, 38.448, 37.024, 36.53, 36.336, 35.5, 36.131, 36.105, 33.479, 29.73, 26.945, 25.3, 20.41, 11.163, 0.0, 9.303, 12.939, 13.216, 14.352, 16.827, 19.39, 22.25, 24.518, 25.992, 28.363, 30.042, 30.83, 31.584, 31.94, 32.144, 33.092, 34.273, 34.432, 34.769, 35.814, 36.374, 36.596, 36.756, 36.349, 35.607, 35.705, 35.225, 35.264, 35.559, 35.844, 35.92, 36.143, 36.271, 36.422, 36.766, 37.027, 37.251, 38.067, 38.734, 38.441, 38.48, 38.765, 38.708, 38.651, 38.717, 38.345, 36.874, 35.763, 36.51, 37.356, 38.038, 38.506, 39.993, 41.106, 40.603, 39.831, 40.04, 40.356, 41.41, 42.041, 40.962, 40.584, 40.625, 39.823, 40.445, 40.128, 36.704], [37.606, 36.733, 36.419, 36.186, 36.146, 36.214, 35.407, 35.019, 35.772, 36.174, 35.793, 36.087, 36.478, 36.975, 37.532, 37.458, 36.928, 37.116, 37.311, 37.305, 37.454, 37.433, 37.86, 39.335, 39.732, 39.424, 38.868, 37.457, 37.03, 36.952, 36.178, 36.784, 36.868, 34.623, 31.483, 29.23, 27.418, 22.691, 16.36, 9.303, 0.0, 6.268, 8.325, 10.373, 13.548, 16.673, 20.102, 22.624, 24.249, 26.872, 28.645, 29.519, 30.4, 30.843, 31.093, 32.205, 33.578, 34.008, 34.736, 35.986, 36.692, 37.122, 37.297, 36.898, 36.159, 36.201, 35.745, 35.761, 36.037, 36.285, 36.334, 36.549, 36.677, 36.846, 37.189, 37.371, 37.579, 38.417, 39.058, 38.77, 38.797, 39.085, 39.032, 39.013, 39.061, 38.567, 37.19, 36.357, 37.132, 37.907, 38.517, 39.008, 40.469, 41.534, 41.051, 40.329, 40.519, 40.862, 41.962, 42.598, 41.502, 41.163, 41.285, 40.388, 40.772, 40.484, 37.055], [37.959, 37.13, 36.816, 36.575, 36.541, 36.604, 35.82, 35.456, 36.224, 36.619, 36.231, 36.48, 36.853, 37.313, 37.837, 37.765, 37.2, 37.342, 37.544, 37.557, 37.711, 37.712, 38.154, 39.588, 39.997, 39.777, 39.248, 37.865, 37.467, 37.395, 36.673, 37.277, 37.389, 35.385, 32.568, 30.508, 28.775, 24.112, 18.185, 12.939, 6.268, 0.0, 5.326, 9.212, 12.4, 15.462, 19.077, 21.788, 23.401, 26.044, 27.859, 28.693, 29.6, 30.073, 30.315, 31.557, 33.056, 33.58, 34.596, 35.993, 36.71, 37.27, 37.502, 37.126, 36.396, 36.443, 36.038, 36.061, 36.367, 36.637, 36.683, 36.918, 37.058, 37.202, 37.549, 37.785, 38.019, 38.829, 39.447, 39.168, 39.188, 39.464, 39.418, 39.4, 39.447, 38.938, 37.609, 36.861, 37.577, 38.28, 38.856, 39.328, 40.738, 41.787, 41.344, 40.664, 40.852, 41.208, 42.302, 42.928, 41.83, 41.487, 41.669, 40.775, 41.057, 40.788, 37.411], [37.449, 36.572, 36.24, 35.981, 35.974, 36.058, 35.223, 34.812, 35.628, 36.051, 35.647, 35.931, 36.333, 36.792, 37.327, 37.277, 36.682, 36.82, 37.053, 37.073, 37.237, 37.268, 37.734, 39.223, 39.672, 39.47, 38.953, 37.586, 37.372, 37.374, 36.59, 37.256, 37.397, 35.39, 32.627, 30.613, 28.93, 24.402, 18.528, 13.216, 8.325, 5.326, 0.0, 6.268, 10.707, 13.84, 17.477, 20.424, 22.146, 24.788, 26.689, 27.592, 28.561, 29.039, 29.242, 30.502, 32.034, 32.55, 33.602, 35.076, 35.881, 36.477, 36.747, 36.426, 35.679, 35.714, 35.243, 35.299, 35.633, 35.908, 35.959, 36.205, 36.355, 36.502, 36.849, 37.153, 37.472, 38.279, 38.909, 38.615, 38.63, 38.915, 38.87, 38.849, 38.895, 38.37, 36.961, 36.156, 36.915, 37.659, 38.299, 38.826, 40.318, 41.419, 40.948, 40.224, 40.427, 40.776, 41.875, 42.52, 41.403, 41.004, 41.173, 40.277, 40.635, 40.355, 36.875], [36.903, 35.957, 35.565, 35.279, 35.309, 35.408, 34.509, 34.06, 34.922, 35.358, 34.902, 35.211, 35.669, 36.211, 36.803, 36.742, 36.099, 36.298, 36.599, 36.648, 36.825, 36.85, 37.375, 38.956, 39.433, 39.226, 38.697, 37.349, 37.322, 37.418, 36.617, 37.357, 37.563, 35.589, 32.935, 30.96, 29.409, 25.222, 19.395, 14.352, 10.373, 9.212, 6.268, 0.0, 6.243, 10.824, 14.932, 18.057, 19.947, 22.736, 24.791, 25.832, 26.88, 27.414, 27.705, 29.132, 30.808, 31.342, 32.425, 34.007, 34.932, 35.684, 36.013, 35.693, 35.0, 35.09, 34.546, 34.588, 34.947, 35.227, 35.267, 35.498, 35.65, 35.809, 36.137, 36.439, 36.853, 37.71, 38.354, 38.031, 38.012, 38.299, 38.272, 38.266, 38.292, 37.73, 36.256, 35.383, 36.169, 36.958, 37.657, 38.232, 39.831, 40.949, 40.395, 39.628, 39.872, 40.218, 41.349, 42.027, 40.89, 40.472, 40.619, 39.674, 40.146, 39.846, 36.228], [36.315, 35.304, 34.851, 34.537, 34.58, 34.695, 33.742, 33.271, 34.219, 34.675, 34.177, 34.522, 35.014, 35.597, 36.225, 36.161, 35.484, 35.73, 36.086, 36.165, 36.356, 36.37, 36.938, 38.581, 39.101, 38.935, 38.403, 37.07, 37.234, 37.407, 36.614, 37.427, 37.703, 35.877, 33.633, 31.872, 30.457, 26.764, 21.417, 16.827, 13.548, 12.4, 10.707, 6.243, 0.0, 6.386, 11.918, 15.456, 17.459, 20.404, 22.638, 23.825, 24.963, 25.563, 25.895, 27.488, 29.373, 29.973, 31.132, 32.858, 33.877, 34.768, 35.232, 34.896, 34.23, 34.446, 33.9, 33.922, 34.319, 34.612, 34.644, 34.892, 35.051, 35.209, 35.548, 35.894, 36.389, 37.301, 37.959, 37.591, 37.506, 37.773, 37.753, 37.766, 37.804, 37.225, 35.68, 34.821, 35.636, 36.441, 37.185, 37.779, 39.463, 40.619, 40.018, 39.215, 39.488, 39.848, 41.017, 41.735, 40.55, 40.129, 40.296, 39.294, 39.8, 39.494, 35.577], [35.802, 34.711, 34.222, 33.878, 33.926, 34.037, 33.01, 32.525, 33.59, 34.067, 33.519, 33.909, 34.429, 35.015, 35.672, 35.631, 34.928, 35.197, 35.601, 35.706, 35.911, 35.936, 36.538, 38.242, 38.846, 38.777, 38.282, 36.993, 37.417, 37.672, 36.843, 37.728, 38.061, 36.358, 34.441, 32.925, 31.664, 28.275, 23.454, 19.39, 16.673, 15.462, 13.84, 10.824, 6.386, 0.0, 7.445, 12.506, 14.724, 17.684, 20.222, 21.621, 22.884, 23.543, 23.885, 25.682, 27.764, 28.355, 29.626, 31.547, 32.708, 33.745, 34.367, 34.079, 33.344, 33.629, 33.089, 33.163, 33.617, 33.937, 33.987, 34.251, 34.424, 34.604, 34.972, 35.388, 35.965, 36.92, 37.612, 37.193, 37.035, 37.294, 37.289, 37.313, 37.362, 36.765, 35.14, 34.301, 35.208, 36.043, 36.816, 37.44, 39.199, 40.419, 39.809, 38.97, 39.26, 39.645, 40.849, 41.614, 40.365, 39.903, 40.095, 38.993, 39.501, 39.193, 35.031], [35.679, 34.548, 34.045, 33.674, 33.733, 33.825, 32.718, 32.182, 33.316, 33.808, 33.148, 33.478, 33.989, 34.614, 35.31, 35.256, 34.543, 34.869, 35.325, 35.468, 35.701, 35.726, 36.366, 38.14, 38.835, 38.896, 38.487, 37.256, 37.924, 38.285, 37.428, 38.377, 38.738, 37.099, 35.443, 34.174, 33.028, 29.852, 25.624, 22.25, 20.102, 19.077, 17.477, 14.932, 11.918, 7.445, 0.0, 7.093, 10.832, 13.912, 16.745, 18.534, 20.017, 20.809, 21.334, 23.54, 25.879, 26.462, 27.949, 30.175, 31.472, 32.652, 33.426, 33.212, 32.435, 32.775, 32.247, 32.504, 33.198, 33.584, 33.647, 33.927, 34.113, 34.332, 34.736, 35.188, 35.777, 36.709, 37.4, 36.947, 36.758, 37.054, 37.096, 37.139, 37.192, 36.627, 35.061, 34.249, 35.124, 35.947, 36.701, 37.392, 39.223, 40.491, 39.909, 39.055, 39.361, 39.779, 41.024, 41.844, 40.532, 40.003, 40.201, 38.993, 39.478, 39.182, 34.86], [35.947, 34.846, 34.324, 33.927, 33.957, 34.048, 32.946, 32.344, 33.412, 33.9, 33.2, 33.465, 33.98, 34.627, 35.321, 35.263, 34.563, 34.886, 35.341, 35.501, 35.748, 35.762, 36.392, 38.16, 38.879, 39.006, 38.696, 37.57, 38.271, 38.685, 37.905, 38.869, 39.219, 37.64, 36.188, 35.115, 34.053, 31.162, 27.446, 24.518, 22.624, 21.788, 20.424, 18.057, 15.456, 12.506, 7.093, 0.0, 6.371, 11.03, 13.91, 15.866, 17.627, 18.575, 19.374, 21.996, 24.604, 