[[0.0, 8.697, 17.777, 22.243, 22.963, 23.657, 25.582, 28.565, 31.313, 32.264, 32.425, 32.793, 33.353, 33.86, 34.131, 34.468, 35.558, 36.696, 37.201, 37.552, 37.79, 37.768, 37.512, 37.52, 37.256, 36.764, 36.773, 37.507, 38.071, 38.15, 38.201, 38.107, 37.902, 37.801, 38.019, 38.56, 38.845, 38.754, 38.556, 38.379, 38.218, 38.107, 38.094, 38.044, 38.038, 38.154, 38.238, 38.1, 38.019, 38.227, 38.414, 38.541, 38.406, 38.178, 38.135, 37.899, 37.375, 36.82, 36.877, 37.112, 37.195, 37.077, 37.146, 37.723, 37.784, 38.281, 40.08, 40.553, 41.514, 44.371, 46.717, 47.22, 47.354, 47.282, 47.578, 49.016, 50.434, 51.204, 51.381, 51.201, 51.808, 52.935, 51.769, 48.694, 47.016, 46.756, 46.314, 45.652, 44.739, 43.84, 42.708, 41.038, 40.178, 39.817, 38.998, 38.498, 39.064, 39.682, 39.69, 39.042, 38.546, 38.66, 39.234, 39.715, 39.81, 39.65, 39.69, 40.023, 40.102, 39.773, 39.246, 38.975, 38.936, 38.829, 38.639, 38.596, 38.5, 38.33, 38.122, 37.975, 37.849, 37.73, 37.742, 37.641, 37.378, 37.187, 37.026, 37.199, 37.361, 37.54, 37.891, 38.343, 38.658, 38.894, 39.131, 39.025, 38.968, 38.917, 38.762, 38.868, 39.067, 39.39, 39.63, 39.593, 39.679, 39.939, 40.473, 41.007, 41.194, 41.507, 42.17, 41.789, 40.942, 41.199, 41.755, 41.849, 41.555, 41.341, 41.252, 41.158, 41.2, 40.898, 40.508, 41.069, 41.643, 41.935, 42.786, 44.311, 45.253, 45.123, 44.372, 44.223, 44.627, 44.769, 44.722, 44.767, 44.497, 43.908, 43.697, 43.745, 43.127, 42.425, 42.248, 42.058, 41.685, 41.612, 42.119, 42.19, 41.58, 41.736, 42.303, 42.331, 42.136, 42.605, 43.124, 43.094, 43.322, 44.074, 44.299, 44.258, 44.248, 43.289, 41.975, 41.827, 42.228, 6.761], [8.697, 0.0, 10.808, 17.249, 19.555, 20.788, 22.627, 26.187, 29.805, 31.054, 31.069, 31.316, 32.058, 32.885, 33.436, 34.116, 35.493, 36.678, 37.206, 37.656, 37.987, 38.095, 37.995, 37.983, 37.643, 37.183, 37.48, 38.604, 39.427, 39.552, 39.554, 39.445, 39.284, 39.207, 39.392, 39.842, 40.067, 40.016, 39.879, 39.729, 39.619, 39.603, 39.612, 39.543, 39.563, 39.7, 39.752, 39.639, 39.656, 39.888, 39.986, 40.049, 39.948, 39.734, 39.646, 39.393, 38.857, 38.226, 38.124, 38.261, 38.31, 38.157, 38.154, 38.622, 38.411, 38.132, 39.357, 39.73, 40.594, 43.167, 45.299, 45.717, 45.851, 45.851, 46.254, 47.739, 49.111, 49.824, 49.968, 49.764, 50.332, 51.442, 50.351, 47.467, 45.989, 45.846, 45.437, 44.756, 43.797, 42.927, 42.042, 40.888, 40.486, 40.176, 39.486, 39.436, 40.165, 40.722, 40.695, 40.053, 39.519, 39.542, 40.062, 40.528, 40.669, 40.595, 40.639, 40.882, 40.883, 40.538, 40.053, 39.757, 39.711, 39.633, 39.4, 39.292, 39.226, 39.112, 38.96, 38.876, 38.834, 38.843, 38.959, 38.948, 38.711, 38.569, 38.505, 38.597, 38.697, 38.87, 39.171, 39.524, 39.775, 39.954, 40.154, 40.056, 40.039, 40.04, 39.911, 40.012, 40.197, 40.439, 40.561, 40.479, 40.53, 40.714, 41.167, 41.582, 41.704, 42.086, 42.766, 42.388, 41.69, 42.124, 42.686, 42.736, 42.379, 42.137, 42.101, 42.089, 42.124, 41.728, 41.33, 41.909, 42.462, 42.707, 43.517, 44.965, 45.833, 45.71, 45.034, 44.923, 45.316, 45.435, 45.361, 45.396, 45.145, 44.573, 44.355, 44.39, 43.819, 43.171, 43.028, 42.859, 42.434, 42.202, 42.581, 42.626, 42.019, 42.216, 42.795, 42.833, 42.694, 43.174, 43.638, 43.614, 43.855, 44.579, 44.834, 44.816, 44.764, 43.816, 42.59, 42.471, 42.828, 13.727], [17.777, 10.808, 0.0, 8.969, 14.755, 17.419, 19.077, 23.327, 28.177, 29.832, 29.595, 29.714, 30.795, 32.124, 33.182, 34.534, 36.438, 37.744, 38.303, 38.866, 39.297, 39.506, 39.574, 39.57, 39.148, 38.629, 39.098, 40.557, 41.697, 41.979, 42.002, 41.922, 41.839, 41.817, 41.982, 42.323, 42.469, 42.47, 42.418, 42.317, 42.271, 42.345, 42.371, 42.297, 42.345, 42.489, 42.519, 42.482, 42.629, 42.854, 42.874, 42.923, 42.862, 42.663, 42.528, 42.245, 41.673, 40.943, 40.665, 40.701, 40.721, 40.545, 40.454, 40.765, 40.172, 38.778, 39.053, 39.263, 39.957, 41.985, 43.702, 43.982, 44.108, 44.204, 44.728, 46.239, 47.492, 48.07, 48.174, 47.977, 48.496, 49.571, 48.622, 46.123, 44.971, 44.949, 44.601, 43.97, 43.07, 42.339, 41.812, 41.36, 41.546, 41.303, 40.803, 41.338, 42.268, 42.729, 42.68, 42.104, 41.585, 41.55, 42.033, 42.486, 42.646, 42.638, 42.672, 42.808, 42.763, 42.472, 42.104, 41.841, 41.83, 41.826, 41.612, 41.451, 41.422, 41.4, 41.343, 41.344, 41.384, 41.452, 41.57, 41.624, 41.425, 41.321, 41.344, 41.323, 41.35, 41.49, 41.673, 41.857, 41.962, 41.995, 42.066, 41.959, 41.991, 42.057, 41.959, 42.039, 42.157, 42.213, 42.148, 42.038, 42.0, 41.992, 42.303, 42.525, 42.511, 42.946, 43.641, 43.361, 42.999, 43.727, 44.375, 44.47, 44.136, 43.889, 43.922, 44.01, 44.0, 43.514, 43.204, 43.822, 44.352, 44.564, 45.271, 46.561, 47.307, 47.196, 46.63, 46.537, 46.881, 46.964, 46.856, 46.88, 46.686, 46.192, 45.993, 46.024, 45.551, 45.0, 44.878, 44.741, 44.313, 43.913, 44.077, 44.042, 43.36, 43.487, 44.086, 44.16, 44.049, 44.467, 44.827, 44.827, 45.132, 45.813, 46.062, 46.043, 45.906, 44.954, 43.866, 43.77, 44.059, 21.008], [22.243, 17.249, 8.969, 0.0, 8.321, 12.652, 14.465, 19.147, 24.851, 26.788, 26.414, 26.611, 28.103, 29.84, 31.203, 32.963, 35.278, 36.749, 37.359, 38.022, 38.571, 38.868, 39.095, 39.281, 38.923, 38.347, 38.823, 40.405, 41.713, 42.159, 42.324, 42.308, 42.219, 42.211, 42.411, 42.775, 42.887, 42.843, 42.797, 42.719, 42.656, 42.709, 42.73, 42.662, 42.703, 42.837, 42.867, 42.838, 42.967, 43.139, 43.163, 43.255, 43.203, 43.016, 42.892, 42.615, 42.044, 41.314, 41.045, 41.086, 41.105, 40.95, 40.864, 41.127, 40.417, 38.803, 38.883, 39.073, 39.749, 41.666, 43.261, 43.485, 43.594, 43.71, 44.261, 45.781, 46.987, 47.495, 47.544, 47.323, 47.816, 48.87, 47.956, 45.597, 44.588, 44.604, 44.256, 43.659, 42.828, 42.19, 41.722, 41.332, 41.603, 41.348, 40.786, 41.375, 42.387, 42.851, 42.809, 42.263, 41.768, 41.768, 42.308, 42.788, 42.924, 42.889, 42.923, 43.063, 43.054, 42.838, 42.497, 42.234, 42.26, 42.297, 42.112, 41.944, 41.922, 41.96, 41.958, 41.984, 42.066, 42.181, 42.272, 42.297, 42.101, 41.983, 41.971, 41.896, 41.906, 42.026, 42.149, 42.264, 42.274, 42.197, 42.173, 42.061, 42.114, 42.196, 42.076, 42.107, 42.178, 42.147, 42.031, 41.925, 41.829, 41.711, 41.947, 42.109, 42.057, 42.482, 43.177, 42.954, 42.689, 43.498, 44.241, 44.44, 44.198, 44.013, 44.101, 44.227, 44.258, 43.796, 43.489, 44.109, 44.651, 44.866, 45.554, 46.825, 47.547, 47.433, 46.874, 46.751, 47.061, 47.144, 47.058, 47.109, 46.964, 46.519, 46.342, 46.394, 45.953, 45.413, 45.274, 45.147, 44.742, 44.325, 44.439, 44.336, 43.561, 43.616, 44.244, 44.35, 44.193, 44.56, 44.914, 44.933, 45.308, 46.016, 46.235, 46.176, 46.002, 45.021, 43.942, 43.852, 44.139, 24.545], [22.963, 19.555, 14.755, 8.321, 0.0, 5.678, 9.075, 15.069, 21.229, 23.229, 22.915, 23.371, 25.069, 26.869, 28.275, 30.22, 32.808, 34.413, 35.053, 35.792, 36.47, 36.814, 37.032, 37.348, 37.106, 36.569, 37.055, 38.636, 39.953, 40.486, 40.775, 40.789, 40.636, 40.611, 40.858, 41.302, 41.427, 41.312, 41.214, 41.123, 41.011, 41.016, 41.041, 40.978, 40.998, 41.124, 41.155, 41.069, 41.095, 41.234, 41.314, 41.435, 41.358, 41.182, 41.096, 40.839, 40.303, 39.638, 39.496, 39.612, 39.628, 39.49, 39.474, 39.791, 39.226, 38.254, 38.923, 39.222, 40.027, 42.314, 44.161, 44.447, 44.553, 44.62, 45.089, 46.583, 47.824, 48.353, 48.356, 48.091, 48.599, 49.671, 48.688, 46.156, 45.029, 45.0, 44.6, 43.974, 43.14, 42.466, 41.787, 40.937, 40.888, 40.597, 39.828, 40.035, 41.01, 41.56, 41.528, 40.931, 40.39, 40.413, 41.009, 41.512, 41.631, 41.549, 41.593, 41.801, 41.84, 41.633, 41.219, 40.924, 40.973, 40.987, 40.779, 40.616, 40.59, 40.652, 40.647, 40.654, 40.745, 40.904, 40.997, 40.969, 40.755, 40.614, 40.527, 40.471, 40.514, 40.636, 40.772, 40.913, 40.937, 40.884, 40.88, 40.767, 40.799, 40.854, 40.703, 40.709, 40.796, 40.81, 40.741, 40.642, 40.607, 40.597, 40.866, 41.098, 41.14, 41.555, 42.238, 41.988, 41.575, 42.228, 42.967, 43.218, 43.033, 42.912, 43.017, 43.09, 43.189, 42.818, 42.404, 42.955, 43.53, 43.774, 44.511, 45.896, 46.706, 46.586, 45.956, 45.798, 46.124, 46.231, 46.179, 46.258, 46.089, 45.587, 45.389, 45.455, 44.958, 44.336, 44.154, 43.998, 43.581, 43.254, 43.497, 43.389, 42.603, 42.707, 43.352, 43.444, 43.231, 43.614, 44.048, 44.065, 44.432, 45.176, 45.393, 45.318, 45.168, 44.13, 42.929, 42.821, 43.142, 24.923], [23.657, 20.788, 17.419, 12.652, 5.678, 0.0, 5.571, 13.533, 20.237, 22.266, 21.981, 22.56, 24.263, 25.964, 27.371, 29.491, 32.238, 33.867, 34.483, 35.238, 35.978, 36.347, 36.512, 36.806, 36.611, 36.14, 36.698, 38.296, 39.588, 40.129, 40.457, 40.476, 40.302, 40.279, 40.532, 40.978, 41.107, 40.985, 40.878, 40.785, 40.667, 40.665, 40.702, 40.653, 40.676, 40.79, 40.81, 40.7, 40.693, 40.847, 40.965, 41.093, 41.012, 40.851, 40.794, 40.551, 40.022, 39.364, 39.258, 39.381, 39.376, 39.242, 39.252, 39.582, 39.067, 38.333, 39.216, 39.557, 40.383, 42.767, 44.707, 45.044, 45.168, 45.213, 45.631, 47.093, 48.343, 48.88, 48.864, 48.59, 49.112, 50.191, 49.207, 46.65, 45.497, 45.463, 45.057, 44.418, 43.577, 42.875, 42.111, 41.093, 40.918, 40.624, 39.808, 39.874, 40.807, 41.371, 41.336, 40.736, 40.192, 40.195, 40.759, 41.253, 41.398, 41.332, 41.386, 41.602, 41.639, 41.429, 41.004, 40.709, 40.757, 40.75, 40.52, 40.345, 40.306, 40.355, 40.34, 40.347, 40.436, 40.599, 40.72, 40.703, 40.487, 40.354, 40.272, 40.24, 40.287, 40.414, 40.568, 40.722, 40.781, 40.788, 40.814, 40.691, 40.708, 40.756, 40.605, 40.615, 40.717, 40.74, 40.675, 40.589, 40.593, 40.64, 40.94, 41.201, 41.276, 41.687, 42.355, 42.093, 41.64, 42.237, 42.946, 43.216, 43.055, 42.951, 43.052, 43.083, 43.192, 42.86, 42.367, 42.836, 43.406, 43.651, 44.385, 45.796, 46.637, 46.518, 45.869, 45.701, 46.033, 46.151, 46.1, 46.172, 45.98, 45.441, 45.223, 45.279, 44.763, 44.12, 43.928, 43.763, 43.343, 43.052, 43.347, 43.261, 42.533, 42.724, 43.371, 43.445, 43.233, 43.61, 44.05, 44.061, 44.385, 45.102, 45.323, 45.265, 45.137, 44.093, 42.862, 42.73, 43.036, 25.555], [25.582, 22.627, 19.077, 14.465, 9.075, 5.571, 0.0, 9.615, 17.774, 20.4, 20.237, 21.04, 23.14, 25.062, 26.579, 28.941, 31.905, 33.589, 34.207, 34.993, 35.787, 36.226, 36.495, 36.877, 36.734, 36.281, 36.912, 38.612, 39.973, 40.537, 40.894, 40.939, 40.773, 40.745, 40.987, 41.421, 41.54, 41.428, 41.341, 41.253, 41.127, 41.12, 41.169, 41.134, 41.158, 41.262, 41.28, 41.177, 41.175, 41.329, 41.444, 41.581, 41.519, 41.357, 41.302, 41.07, 40.548, 39.862, 39.679, 39.745, 39.726, 39.605, 39.601, 39.873, 39.262, 38.343, 39.091, 39.418, 40.22, 42.524, 44.41, 44.731, 44.879, 44.98, 45.441, 46.924, 48.174, 48.701, 48.686, 48.41, 48.921, 49.995, 49.042, 46.576, 45.527, 45.563, 45.2, 44.584, 43.773, 43.102, 42.372, 41.429, 41.323, 41.014, 40.177, 40.287, 41.214, 41.737, 41.704, 41.153, 40.659, 40.673, 41.206, 41.678, 41.827, 41.767, 41.832, 42.05, 42.101, 41.924, 41.539, 41.266, 41.327, 41.34, 41.114, 40.906, 40.847, 40.926, 40.942, 40.941, 41.028, 41.206, 41.336, 41.318, 41.104, 40.971, 40.89, 40.833, 40.863, 40.979, 41.111, 41.25, 41.316, 41.311, 41.295, 41.169, 41.213, 41.263, 41.086, 41.067, 41.154, 41.157, 41.083, 41.013, 41.0, 40.99, 41.269, 41.517, 41.556, 41.924, 42.583, 42.355, 41.934, 42.542, 43.25, 43.533, 43.384, 43.279, 43.372, 43.398, 43.523, 43.227, 42.738, 43.183, 43.746, 43.986, 44.692, 46.058, 46.87, 46.748, 46.114, 45.951, 46.275, 46.395, 46.343, 46.418, 46.255, 45.748, 45.537, 45.595, 45.096, 44.458, 44.251, 44.093, 43.68, 43.335, 43.584, 43.527, 42.83, 43.019, 43.677, 43.778, 43.588, 43.947, 44.367, 44.383, 44.72, 45.432, 45.638, 45.568, 45.436, 44.402, 43.218, 43.105, 43.407, 27.445], [28.565, 26.187, 23.327, 19.147, 15.069, 13.533, 9.615, 0.0, 9.685, 13.8, 14.553, 16.051, 18.974, 21.382, 23.019, 25.701, 29.165, 31.115, 31.792, 32.703, 33.694, 34.235, 34.62, 35.272, 35.345, 34.987, 35.639, 37.454, 38.977, 39.635, 40.07, 40.173, 39.972, 39.921, 40.234, 40.779, 40.891, 40.694, 40.558, 40.451, 40.261, 40.178, 40.223, 40.201, 40.196, 40.273, 40.308, 40.197, 40.131, 40.217, 40.331, 40.505, 40.456, 40.278, 40.207, 39.98, 39.505, 38.852, 38.626, 38.69, 38.708, 38.64, 38.684, 38.982, 38.47, 37.875, 38.896, 39.272, 40.177, 42.725, 44.741, 45.051, 45.228, 45.412, 45.899, 47.431, 48.778, 49.397, 49.427, 49.124, 49.635, 50.722, 49.688, 47.096, 46.003, 46.061, 45.721, 45.123, 44.335, 43.651, 42.791, 41.574, 41.255, 40.893, 39.897, 39.745, 40.549, 41.079, 41.078, 40.549, 40.088, 40.186, 40.752, 41.179, 41.261, 41.121, 41.195, 41.49, 41.634, 41.522, 41.136, 40.886, 41.005, 41.058, 40.857, 40.638, 40.566, 40.745, 40.817, 40.75, 40.827, 41.078, 41.189, 41.072, 40.845, 40.693, 40.514, 40.412, 40.491, 40.628, 40.731, 40.882, 40.954, 40.882, 40.78, 40.667, 40.768, 40.771, 40.461, 40.327, 40.421, 40.51, 40.488, 40.38, 40.348, 40.299, 40.516, 40.799, 40.881, 41.128, 41.753, 41.585, 41.045, 41.46, 42.144, 42.514, 42.467, 42.41, 42.484, 42.536, 42.858, 42.758, 42.246, 42.597, 43.161, 43.448, 44.16, 45.511, 46.323, 46.193, 45.532, 45.345, 45.672, 45.815, 45.798, 45.905, 45.762, 45.258, 45.053, 45.134, 44.61, 43.901, 43.629, 43.451, 43.054, 42.716, 42.977, 42.962, 42.292, 42.485, 43.193, 43.336, 43.134, 43.508, 43.983, 44.001, 44.383, 45.173, 45.361, 45.246, 45.131, 44.077, 42.89, 42.839, 43.219, 30.12], [31.313, 29.805, 28.177, 24.851, 21.229, 20.237, 17.774, 9.685, 0.0, 5.905, 9.098, 11.852, 15.002, 17.478, 19.157, 22.253, 26.341, 28.639, 29.392, 30.406, 31.533, 32.057, 32.415, 33.31, 33.653, 33.461, 34.109, 35.944, 37.537, 38.276, 38.809, 38.965, 38.716, 38.679, 39.122, 39.804, 39.902, 39.591, 39.379, 39.248, 38.993, 38.825, 38.86, 38.835, 38.791, 38.836, 38.889, 38.762, 38.612, 38.623, 38.747, 38.956, 38.899, 38.703, 38.619, 38.391, 37.978, 37.439, 37.292, 37.415, 37.476, 37.449, 37.583, 37.983, 37.726, 37.818, 39.343, 39.786, 40.802, 43.676, 45.908, 46.288, 46.495, 46.674, 47.11, 48.638, 50.071, 50.789, 50.846, 50.514, 51.035, 52.12, 50.974, 48.174, 46.932, 46.941, 46.584, 45.993, 45.22, 44.486, 43.424, 41.798, 41.15, 40.773, 39.647, 39.088, 39.687, 40.254, 40.279, 39.733, 39.26, 39.385, 39.942, 40.323, 40.348, 40.125, 40.195, 40.567, 40.795, 40.718, 40.292, 40.056, 40.222, 40.299, 40.146, 39.979, 39.93, 40.197, 40.312, 40.193, 40.267, 40.572, 40.628, 40.398, 40.169, 40.008, 39.735, 39.633, 39.804, 39.983, 40.079, 40.261, 40.353, 40.244, 40.085, 39.984, 40.128, 40.064, 39.607, 39.351, 39.456, 39.673, 39.744, 39.572, 39.529, 39.528, 39.708, 40.038, 40.234, 40.378, 40.936, 40.796, 40.097, 40.258, 40.869, 41.312, 41.387, 41.405, 41.459, 41.533, 42.054, 42.154, 41.603, 41.842, 42.384, 42.71, 43.428, 44.783, 45.63, 45.504, 44.79, 44.559, 44.889, 45.047, 45.07, 45.216, 45.057, 44.507, 44.29, 44.388, 43.821, 43.033, 42.69, 42.474, 42.109, 41.883, 42.242, 42.23, 41.6, 41.874, 42.628, 42.776, 42.555, 42.955, 43.485, 43.495, 43.894, 44.75, 44.932, 44.789, 44.719, 43.682, 42.465, 42.457, 42.92, 32.54], [32.264, 31.054, 29.832, 26.788, 23.229, 22.266, 20.4, 13.8, 5.905, 0.0, 5.182, 9.434, 12.821, 15.148, 16.942, 20.586, 25.167, 27.684, 28.505, 29.554, 30.688, 31.167, 31.502, 32.483, 32.905, 32.745, 33.413, 35.289, 36.912, 37.691, 38.284, 38.478, 38.226, 38.217, 38.745, 39.5, 39.601, 39.26, 39.016, 38.873, 38.598, 38.412, 38.451, 38.426, 38.38, 38.434, 38.497, 38.366, 38.202, 38.18, 38.292, 38.519, 38.463, 38.259, 38.165, 37.92, 37.517, 37.032, 36.938, 37.085, 37.144, 37.106, 37.271, 37.723, 37.544, 37.822, 39.471, 39.926, 40.954, 43.88, 46.165, 46.588, 46.817, 46.984, 47.398, 48.911, 50.354, 51.09, 51.153, 50.822, 51.338, 52.409, 51.242, 48.399, 47.119, 47.102, 46.733, 46.156, 45.395, 44.643, 43.53, 41.808, 41.08, 40.717, 39.584, 38.921, 39.458, 40.044, 40.067, 39.5, 38.995, 39.112, 39.67, 40.046, 40.066, 39.829, 39.9, 40.286, 40.526, 40.456, 40.023, 39.795, 39.977, 40.057, 39.925, 39.794, 39.773, 40.072, 40.208, 40.093, 40.184, 40.492, 40.499, 40.24, 40.023, 39.858, 39.566, 39.483, 39.691, 39.883, 39.982, 40.171, 40.262, 40.147, 39.969, 39.871, 40.033, 39.948, 39.441, 39.145, 39.246, 39.498, 39.599, 39.381, 39.302, 39.34, 39.539, 39.876, 40.114, 40.246, 40.769, 40.619, 39.886, 39.979, 40.559, 41.013, 41.115, 41.153, 41.214, 41.303, 41.856, 41.966, 41.392, 41.62, 42.162, 42.487, 43.19, 44.551, 45.423, 45.302, 44.566, 44.313, 44.637, 44.79, 44.818, 44.975, 44.811, 44.248, 44.029, 44.133, 43.558, 42.757, 42.405, 42.189, 41.843, 41.67, 42.084, 42.058, 41.425, 41.728, 42.48, 42.611, 42.391, 42.798, 43.337, 43.342, 43.731, 44.594, 44.777, 44.634, 44.59, 43.58, 42.357, 42.352, 42.823, 33.395], [32.425, 31.069, 29.595, 26.414, 22.915, 21.981, 20.237, 14.553, 9.098, 5.182, 0.0, 5.643, 10.539, 13.525, 15.64, 19.898, 24.932, 27.575, 28.426, 29.501, 30.665, 31.204, 31.611, 32.581, 32.921, 32.709, 33.456, 35.466, 37.182, 38.003, 38.613, 38.829, 38.608, 38.614, 39.151, 39.917, 40.049, 39.753, 39.52, 39.375, 39.12, 38.961, 39.003, 38.983, 38.969, 39.062, 39.127, 38.998, 38.866, 38.85, 38.926, 39.145, 39.107, 38.912, 38.812, 38.556, 38.137, 37.637, 37.55, 37.695, 37.74, 37.684, 37.838, 38.305, 38.069, 38.067, 39.497, 39.925, 40.924, 43.7, 45.859, 46.224, 46.443, 46.659, 47.133, 48.657, 50.064, 50.768, 50.83, 50.505, 50.992, 52.039, 50.906, 48.133, 46.891, 46.873, 46.499, 45.932, 45.184, 44.45, 43.405, 41.841, 41.258, 40.936, 39.899, 39.411, 39.985, 40.53, 40.529, 39.969, 39.452, 39.561, 40.139, 40.532, 40.567, 40.355, 40.425, 40.779, 40.992, 40.927, 40.51, 40.27, 40.45, 40.538, 40.39, 40.233, 40.207, 40.5, 40.629, 40.533, 40.654, 40.962, 40.962, 40.736, 40.529, 40.354, 40.079, 39.984, 40.172, 40.354, 40.452, 40.624, 40.705, 40.6, 40.438, 40.342, 40.51, 40.463, 40.004, 39.738, 39.836, 40.046, 40.095, 39.855, 39.753, 39.769, 39.965, 40.274, 40.496, 40.676, 41.21, 41.054, 40.392, 40.565, 41.158, 41.588, 41.644, 41.646, 41.715, 41.819, 42.314, 42.344, 41.753, 42.002, 42.546, 42.85, 43.534, 44.885, 45.741, 45.613, 44.89, 44.648, 44.97, 45.125, 45.142, 45.281, 45.128, 44.603, 44.404, 44.51, 43.958, 43.199, 42.889, 42.702, 42.357, 42.148, 42.532, 42.487, 41.828, 42.096, 42.814, 42.924, 42.705, 43.099, 43.615, 43.616, 43.986, 44.817, 45.009, 44.887, 44.834, 43.829, 42.636, 42.622, 43.056, 33.593], [32.793, 31.316, 29.714, 26.611, 23.371, 22.56, 21.04, 16.051, 11.852, 9.434, 5.643, 0.0, 6.374, 10.771, 13.803, 18.942, 24.558, 27.379, 28.262, 29.335, 30.512, 31.14, 31.624, 32.546, 32.811, 32.635, 33.476, 35.541, 37.304, 38.166, 38.796, 39.026, 38.834, 38.871, 39.42, 40.182, 40.327, 40.06, 39.843, 39.7, 39.465, 39.321, 39.36, 39.343, 39.362, 39.487, 39.559, 39.435, 39.321, 39.333, 39.398, 39.598, 39.56, 39.378, 39.285, 39.026, 38.586, 38.076, 38.061, 38.259, 38.319, 38.258, 38.411, 38.905, 38.671, 38.483, 39.737, 40.152, 41.138, 43.799, 45.843, 46.143, 46.352, 46.645, 47.217, 48.773, 50.155, 50.827, 50.881, 50.549, 51.011, 52.04, 50.921, 48.163, 46.897, 46.849, 46.459, 45.887, 45.138, 44.407, 43.408, 41.986, 41.543, 41.276, 40.346, 39.977, 40.53, 41.026, 41.005, 40.455, 39.932, 39.994, 40.556, 40.963, 41.013, 40.825, 40.901, 41.228, 41.417, 41.356, 40.958, 40.715, 40.882, 40.971, 40.814, 40.628, 40.565, 40.828, 40.932, 40.827, 40.951, 41.274, 41.297, 41.098, 40.891, 40.714, 40.459, 40.348, 40.527, 40.72, 40.815, 40.967, 41.041, 40.955, 40.821, 40.722, 40.886, 40.87, 40.439, 40.184, 40.298, 40.49, 40.479, 40.212, 40.132, 40.148, 40.315, 40.589, 40.807, 41.037, 41.592, 41.445, 40.861, 41.127, 41.723, 42.114, 42.115, 42.08, 42.139, 42.233, 42.682, 42.686, 42.075, 42.304, 42.841, 43.132, 43.789, 45.102, 45.926, 45.788, 45.068, 44.832, 45.167, 45.343, 45.365, 45.491, 45.343, 44.843, 44.655, 44.754, 44.215, 43.492, 43.22, 43.048, 42.689, 42.445, 42.793, 42.736, 42.084, 42.367, 43.084, 43.181, 42.955, 43.317, 43.795, 43.781, 44.132, 44.928, 45.126, 45.025, 44.962, 43.961, 42.818, 42.82, 43.235, 34.003], [33.353, 32.058, 30.795, 28.103, 25.069, 24.263, 23.14, 18.974, 15.002, 12.821, 10.539, 6.374, 0.0, 5.672, 10.586, 17.345, 23.666, 26.718, 27.684, 28.731, 29.847, 30.503, 31.016, 31.886, 32.135, 32.072, 32.952, 34.884, 36.534, 37.403, 38.075, 38.322, 38.137, 38.213, 38.821, 39.617, 39.756, 39.468, 39.251, 39.116, 38.88, 38.724, 38.76, 38.753, 38.789, 38.931, 39.024, 38.896, 38.764, 38.806, 38.911, 39.107, 39.048, 38.874, 38.805, 38.552, 38.103, 37.633, 37.764, 38.062, 38.147, 38.075, 38.237, 38.772, 38.616, 38.548, 39.9, 40.341, 41.338, 44.055, 46.158, 46.491, 46.716, 47.028, 47.611, 49.176, 50.56, 51.214, 51.231, 50.875, 51.353, 52.405, 51.259, 48.411, 47.048, 46.95, 46.54, 45.948, 45.175, 44.411, 43.369, 41.91, 41.445, 41.205, 40.316, 39.858, 40.304, 40.796, 40.774, 40.203, 39.662, 39.682, 40.216, 40.621, 40.679, 40.493, 40.58, 40.927, 41.143, 41.092, 40.698, 40.472, 40.633, 40.711, 40.571, 40.395, 40.294, 40.529, 40.617, 40.487, 40.573, 40.87, 40.878, 40.663, 40.444, 40.277, 40.037, 39.927, 40.119, 40.328, 40.423, 40.574, 40.66, 40.603, 40.501, 40.396, 40.548, 40.518, 40.054, 39.778, 39.916, 40.141, 40.135, 39.848, 39.796, 39.868, 40.04, 40.306, 40.547, 40.808, 41.37, 41.225, 40.669, 40.955, 41.538, 41.913, 41.895, 41.861, 41.904, 41.956, 42.404, 42.438, 41.793, 41.976, 42.52, 42.823, 43.451, 44.744, 45.567, 45.424, 44.68, 44.443, 44.796, 44.988, 45.018, 45.133, 44.962, 44.443, 44.246, 44.337, 43.786, 43.068, 42.814, 42.64, 42.27, 42.038, 42.41, 42.353, 41.728, 42.072, 42.806, 42.891, 42.652, 42.998, 43.465, 43.433, 43.759, 44.543, 44.74, 44.649, 44.603, 43.614, 42.484, 42.502, 42.936, 34.519], [33.86, 32.885, 32.124, 29.84, 26.869, 25.964, 25.062, 21.382, 17.478, 15.148, 13.525, 10.771, 5.672, 0.0, 6.663, 15.213, 22.264, 25.531, 26.596, 27.673, 28.764, 29.443, 30.006, 30.898, 31.167, 31.196, 32.104, 33.929, 35.459, 36.318, 37.034, 37.298, 37.094, 37.174, 37.833, 38.683, 38.82, 38.496, 38.261, 38.137, 37.904, 37.734, 37.782, 37.797, 37.833, 37.969, 38.069, 37.93, 37.772, 37.84, 37.994, 38.196, 38.118, 37.951, 37.894, 37.639, 37.196, 36.779, 37.011, 37.375, 37.472, 37.392, 37.568, 38.14, 38.08, 38.298, 39.916, 40.405, 41.449, 44.34, 46.601, 47.0, 47.238, 47.508, 48.019, 49.542, 50.939, 51.612, 51.615, 51.252, 51.779, 52.864, 51.663, 48.701, 47.264, 47.146, 46.733, 46.13, 45.316, 44.499, 43.383, 41.773, 41.159, 40.899, 39.976, 39.313, 39.633, 40.148, 40.136, 39.526, 38.961, 38.995, 39.519, 39.905, 39.969, 39.777, 39.874, 40.271, 40.541, 40.504, 40.099, 39.884, 40.049, 40.113, 39.982, 39.83, 39.708, 39.939, 40.028, 39.879, 39.929, 40.188, 40.165, 39.914, 39.676, 39.513, 39.264, 39.173, 39.38, 39.591, 39.694, 39.873, 39.994, 39.973, 39.9, 39.802, 39.958, 39.899, 39.388, 39.087, 39.255, 39.551, 39.609, 39.319, 39.269, 39.399, 39.618, 39.925, 40.197, 40.434, 40.966, 40.79, 40.164, 40.36, 40.912, 41.292, 41.285, 41.272, 41.29, 41.294, 41.771, 41.837, 41.136, 41.275, 41.836, 42.162, 42.802, 44.145, 45.011, 44.865, 44.094, 43.863, 44.23, 44.43, 44.468, 44.57, 44.36, 43.805, 43.598, 43.692, 43.118, 42.375, 42.112, 41.933, 41.571, 41.392, 41.827, 41.789, 41.204, 41.615, 42.362, 42.431, 42.175, 42.529, 43.019, 42.969, 43.268, 44.059, 44.243, 44.149, 44.128, 43.136, 41.987, 42.019, 42.484, 34.933], [34.131, 33.436, 33.182, 31.203, 28.275, 27.371, 26.579, 23.019, 19.157, 16.942, 15.64, 13.803, 10.586, 6.663, 0.0, 9.89, 18.232, 22.136, 23.378, 24.623, 25.901, 26.708, 27.48, 28.692, 29.143, 29.33, 30.423, 32.424, 34.01, 34.882, 35.652, 35.933, 35.696, 35.757, 36.456, 37.392, 37.572, 37.198, 36.901, 36.779, 36.571, 36.402, 36.468, 36.498, 36.525, 36.651, 36.741, 36.581, 36.407, 36.515, 36.714, 36.91, 36.809, 36.64, 36.574, 36.294, 35.876, 35.532, 35.776, 36.141, 36.246, 36.18, 36.392, 36.977, 36.998, 37.651, 39.665, 40.213, 41.333, 44.483, 46.933, 47.378, 47.608, 47.832, 48.288, 49.791, 51.242, 52.002, 52.046, 51.712, 52.308, 53.405, 52.101, 49.021, 47.548, 47.431, 47.032, 46.438, 45.593, 44.73, 43.525, 41.69, 40.853, 40.559, 39.519, 38.524, 38.658, 39.186, 39.187, 38.533, 37.934, 38.005, 38.523, 38.858, 38.91, 38.712, 38.823, 39.289, 39.63, 39.607, 39.155, 38.931, 39.099, 39.151, 39.033, 38.916, 38.793, 39.031, 39.119, 38.95, 38.968, 39.202, 39.156, 38.859, 38.609, 38.433, 38.147, 38.113, 38.358, 38.572, 38.707, 38.96, 39.145, 39.142, 39.057, 38.976, 39.134, 39.024, 38.461, 38.137, 38.351, 38.758, 38.922, 38.64, 38.578, 38.745, 39.023, 39.432, 39.736, 39.884, 40.397, 40.181, 39.335, 39.298, 39.816, 40.235, 40.27, 40.285, 40.258, 40.227, 40.783, 40.871, 40.076, 40.173, 40.743, 41.081, 41.803, 43.291, 44.238, 44.085, 43.275, 43.044, 43.439, 43.669, 43.738, 43.846, 43.608, 43.014, 42.804, 42.922, 42.306, 41.48, 41.169, 40.972, 40.616, 40.493, 41.004, 40.989, 40.445, 40.925, 41.691, 41.758, 41.463, 41.813, 42.345, 42.291, 42.583, 43.402, 43.579, 43.481, 43.484, 42.466, 41.27, 41.322, 41.832, 35.149], [34.468, 34.116, 34.534, 32.963, 30.22, 29.491, 28.941, 25.701, 22.253, 20.586, 19.898, 18.942, 17.345, 15.213, 9.89, 0.0, 9.841, 15.225, 16.999, 18.506, 20.277, 21.481, 22.753, 24.816, 25.884, 26.461, 27.876, 30.192, 31.903, 32.79, 33.639, 33.942, 33.668, 33.722, 34.476, 35.547, 35.82, 35.381, 35.001, 34.867, 34.698, 34.594, 34.744, 34.786, 34.786, 34.936, 35.051, 34.849, 34.651, 34.821, 35.042, 35.184, 35.039, 34.881, 34.801, 34.464, 34.103, 33.89, 34.077, 34.405, 34.547, 34.509, 34.769, 35.344, 35.487, 36.862, 39.47, 40.106, 41.313, 44.792, 47.451, 47.93, 48.144, 48.331, 48.748, 50.262, 51.824, 52.735, 52.868, 52.591, 53.252, 54.334, 52.906, 49.72, 48.229, 48.095, 47.695, 47.108, 46.238, 45.331, 44.02, 41.87, 40.678, 40.315, 39.1, 37.606, 37.464, 38.007, 38.033, 37.321, 36.671, 36.775, 37.283, 37.536, 37.525, 37.285, 37.409, 37.939, 38.329, 38.3, 37.781, 37.542, 37.71, 37.747, 37.658, 37.605, 37.505, 37.75, 37.827, 37.621, 37.587, 37.808, 37.754, 37.406, 37.15, 36.944, 36.594, 36.661, 36.972, 37.203, 37.395, 37.777, 38.069, 38.089, 37.981, 37.915, 38.037, 37.836, 37.213, 36.872, 37.146, 37.705, 38.014, 37.773, 37.744, 37.955, 38.3, 38.869, 39.209, 39.216, 39.708, 39.453, 38.257, 37.839, 38.328, 38.84, 38.945, 38.969, 38.883, 38.849, 39.55, 39.66, 38.736, 38.791, 39.353, 39.693, 40.556, 42.237, 43.287, 43.124, 42.248, 42.003, 42.449, 42.734, 42.85, 42.982, 42.721, 42.07, 41.856, 42.011, 41.336, 40.399, 40.025, 39.791, 39.427, 39.367, 39.958, 39.971, 39.449, 39.959, 40.737, 40.804, 40.427, 40.757, 41.361, 41.323, 41.627, 42.493, 42.663, 42.552, 42.6, 41.596, 40.352, 40.423, 40.996, 35.419], [35.558, 35.493, 36.438, 35.278, 32.808, 32.238, 31.905, 29.165, 26.341, 25.167, 24.932, 24.558, 23.666, 22.264, 18.232, 9.841, 0.0, 6.889, 10.187, 12.66, 15.245, 17.199, 19.225, 22.245, 24.147, 25.289, 26.979, 29.332, 30.978, 31.88, 32.832, 33.162, 32.869, 32.932, 33.696, 34.786, 35.084, 34.624, 34.244, 34.114, 33.959, 33.957, 34.247, 34.33, 34.298, 34.46, 34.611, 34.407, 34.21, 34.408, 34.586, 34.637, 34.457, 34.32, 34.227, 33.879, 33.635, 33.578, 33.711, 34.001, 34.176, 34.169, 34.452, 34.97, 35.217, 37.13, 40.12, 40.817, 42.034, 45.623, 48.351, 48.85, 49.07, 49.243, 49.585, 51.041, 52.659, 53.683, 53.894, 53.677, 54.349, 55.386, 53.934, 50.782, 49.327, 49.182, 48.777, 48.178, 47.272, 46.349, 45.022, 42.701, 41.186, 40.729, 39.443, 37.624, 37.245, 37.774, 37.839, 37.14, 36.505, 36.606, 37.045, 37.192, 37.116, 36.862, 36.993, 37.506, 37.857, 37.824, 37.321, 37.103, 37.248, 37.259, 37.204, 37.232, 37.173, 37.438, 37.532, 37.293, 37.183, 37.362, 37.316, 36.959, 36.704, 36.464, 36.081, 36.226, 36.572, 36.813, 37.045, 37.497, 37.836, 37.86, 37.735, 37.68, 37.773, 37.502, 36.84, 36.491, 36.775, 37.397, 37.786, 37.598, 37.622, 37.883, 38.284, 38.96, 39.303, 39.19, 39.619, 39.341, 37.961, 37.292, 37.742, 38.327, 38.463, 38.472, 38.364, 38.363, 39.15, 39.281, 38.318, 38.327, 38.856, 39.212, 40.145, 41.866, 42.95, 42.793, 41.882, 41.61, 42.075, 42.401, 42.557, 42.707, 42.436, 41.765, 41.556, 41.725, 41.034, 40.066, 39.667, 39.416, 39.064, 39.062, 39.699, 39.749, 39.247, 39.721, 40.472, 40.534, 40.099, 40.38, 41.006, 40.984, 41.294, 42.178, 42.324, 42.186, 42.277, 41.364, 40.168, 40.253, 40.851, 36.424], [36.696, 36.678, 37.744, 36.749, 34.413, 33.867, 33.589, 31.115, 28.639, 27.684, 27.575, 27.379, 26.718, 25.531, 22.136, 15.225, 6.889, 0.0, 5.299, 9.861, 13.479, 16.029, 18.589, 22.016, 24.306, 25.751, 27.567, 29.821, 31.34, 32.252, 33.291, 33.654, 33.355, 33.406, 34.128, 35.118, 35.354, 34.899, 34.567, 34.471, 34.324, 34.352, 34.707, 34.855, 34.855, 35.012, 35.17, 35.022, 34.848, 35.012, 35.162, 35.198, 35.017, 34.878, 34.775, 34.472, 34.328, 34.351, 34.478, 34.741, 34.911, 34.926, 35.207, 35.66, 35.917, 37.862, 40.824, 41.521, 42.698, 46.17, 48.825, 49.324, 49.551, 49.708, 49.984, 51.373, 52.987, 54.038, 54.27, 54.081, 54.745, 55.755, 54.329, 51.243, 49.835, 49.705, 49.308, 48.7, 47.787, 46.877, 45.583, 43.275, 41.676, 41.181, 39.943, 38.128, 37.67, 38.154, 38.234, 37.606, 37.059, 37.155, 37.479, 37.528, 37.457, 37.258, 37.396, 37.859, 38.176, 38.169, 37.729, 37.542, 37.669, 37.668, 37.633, 37.703, 37.658, 37.932, 38.056, 37.815, 37.657, 37.806, 37.774, 37.442, 37.21, 36.976, 36.577, 36.711, 37.059, 37.305, 37.529, 37.954, 38.266, 38.261, 38.113, 38.068, 38.171, 37.885, 37.228, 36.885, 37.147, 37.741, 38.116, 37.936, 37.972, 38.248, 38.663, 39.358, 39.697, 39.542, 39.921, 39.648, 38.299, 37.612, 38.007, 38.581, 38.718, 38.726, 38.633, 38.652, 39.436, 39.573, 38.645, 38.63, 39.128, 39.481, 40.382, 42.033, 43.094, 42.956, 42.047, 41.75, 42.203, 42.54, 42.713, 42.874, 42.611, 41.952, 41.751, 41.921, 41.244, 40.291, 39.893, 39.656, 39.347, 39.383, 40.013, 40.076, 39.609, 40.06, 40.779, 40.845, 40.423, 40.651, 41.219, 41.188, 41.49, 42.359, 42.497, 42.347, 42.441, 41.581, 40.45, 40.54, 41.115, 37.541], [37.201, 37.206, 38.303, 37.359, 35.053, 34.483, 34.207, 31.792, 29.392, 28.505, 28.426, 28.262, 27.684, 26.596, 23.378, 16.999, 10.187, 5.299, 0.0, 6.103, 11.225, 14.553, 17.403, 21.096, 23.624, 25.18, 27.049, 29.368, 30.932, 31.89, 32.991, 33.395, 33.104, 33.156, 33.881, 34.869, 35.085, 34.619, 34.289, 34.204, 34.079, 34.125, 34.501, 34.712, 34.808, 35.016, 35.179, 35.035, 34.863, 35.002, 35.139, 35.181, 35.013, 34.883, 34.787, 34.521, 34.451, 34.523, 34.659, 34.902, 35.064, 35.093, 35.381, 35.82, 36.072, 38.008, 40.962, 41.667, 42.841, 46.271, 48.897, 49.394, 49.616, 49.759, 50.025, 51.408, 53.031, 54.084, 54.301, 54.101, 54.768, 55.775, 54.336, 51.245, 49.838, 49.712, 49.315, 48.704, 47.792, 46.882, 45.585, 43.268, 41.661, 41.155, 39.93, 38.158, 37.714, 38.199, 38.281, 37.657, 37.129, 37.247, 37.541, 37.541, 37.454, 37.262, 37.406, 37.863, 38.18, 38.165, 37.725, 37.554, 37.693, 37.695, 37.669, 37.736, 37.676, 37.956, 38.095, 37.845, 37.687, 37.862, 37.843, 37.508, 37.301, 37.091, 36.663, 36.771, 37.132, 37.389, 37.604, 38.015, 38.323, 38.317, 38.169, 38.122, 38.229, 37.939, 37.278, 36.933, 37.189, 37.778, 38.136, 37.943, 37.969, 38.237, 38.655, 39.365, 39.704, 39.536, 39.915, 39.647, 38.306, 37.613, 37.983, 38.549, 38.696, 38.715, 38.626, 38.64, 39.435, 39.588, 38.677, 38.677, 39.179, 39.528, 40.432, 42.08, 43.131, 42.991, 42.077, 41.76, 42.193, 42.513, 42.675, 42.828, 42.558, 41.889, 41.681, 41.855, 41.186, 40.232, 39.836, 39.613, 39.329, 39.381, 40.008, 40.082, 39.627, 40.065, 40.767, 40.839, 40.429, 40.654, 41.212, 41.169, 41.452, 42.315, 42.464, 42.32, 42.403, 41.522, 40.37, 40.456, 41.029, 38.014], [37.552, 37.656, 38.866, 38.022, 35.792, 35.238, 34.993, 32.703, 30.406, 29.554, 29.501, 29.335, 28.731, 27.673, 24.623, 18.506, 12.66, 9.861, 6.103, 0.0, 6.553, 11.425, 15.082, 19.089, 21.867, 23.667, 25.723, 28.203, 29.871, 30.896, 32.05, 32.5, 32.229, 32.305, 33.102, 34.202, 34.459, 33.975, 33.629, 33.533, 33.428, 33.544, 33.982, 34.231, 34.411, 34.728, 34.929, 34.73, 34.515, 34.659, 34.775, 34.779, 34.597, 34.489, 34.417, 34.16, 34.124, 34.253, 34.417, 34.672, 34.846, 34.881, 35.194, 35.658, 35.936, 38.001, 41.078, 41.814, 43.029, 46.54, 49.21, 49.705, 49.919, 50.055, 50.335, 51.742, 53.384, 54.437, 54.644, 54.436, 55.112, 56.118, 54.65, 51.521, 50.085, 49.95, 49.554, 48.93, 47.983, 47.045, 45.719, 43.34, 41.684, 41.16, 39.897, 38.059, 37.601, 38.126, 38.215, 37.545, 36.978, 37.12, 37.464, 37.474, 37.34, 37.092, 37.246, 37.745, 38.059, 37.994, 37.511, 37.324, 37.462, 37.463, 37.438, 37.499, 37.417, 37.696, 37.828, 37.553, 37.399, 37.604, 37.594, 37.242, 37.039, 36.838, 36.402, 36.536, 36.924, 37.195, 37.426, 37.863, 38.204, 38.23, 38.108, 38.054, 38.142, 37.842, 37.162, 36.807, 37.087, 37.708, 38.077, 37.884, 37.921, 38.203, 38.64, 39.38, 39.729, 39.559, 39.952, 39.67, 38.262, 37.497, 37.863, 38.433, 38.568, 38.576, 38.483, 38.491, 39.307, 39.47, 38.549, 38.585, 39.127, 39.492, 40.437, 42.136, 43.192, 43.033, 42.106, 41.782, 42.202, 42.513, 42.668, 42.811, 42.521, 41.833, 41.62, 41.806, 41.134, 40.177, 39.797, 39.58, 39.287, 39.336, 39.977, 40.071, 39.618, 40.039, 40.729, 40.788, 40.342, 40.568, 41.158, 41.104, 41.36, 42.219, 42.367, 42.228, 42.317, 41.412, 40.224, 40.324, 40.925, 38.299], [37.79, 37.987, 39.297, 38.571, 36.47, 35.978, 35.787, 33.694, 31.533, 30.688, 30.665, 30.512, 29.847, 28.764, 25.901, 20.277, 15.245, 13.479, 11.225, 6.553, 0.0, 6.489, 12.239, 17.164, 20.02, 22.021, 24.467, 27.201, 28.925, 29.974, 31.184, 31.69, 31.443, 31.555, 32.473, 33.695, 33.958, 33.435, 33.1, 33.039, 32.961, 33.129, 33.618, 33.873, 34.075, 34.485, 34.771, 34.565, 34.315, 34.483, 34.62, 34.593, 34.377, 34.269, 34.219, 33.959, 33.918, 34.064, 34.223, 34.487, 34.672, 34.716, 35.068, 35.565, 35.86, 37.994, 41.136, 41.88, 43.131, 46.715, 49.417, 49.904, 50.116, 50.254, 50.565, 52.014, 53.676, 54.733, 54.943, 54.735, 55.416, 56.417, 54.926, 51.771, 50.311, 50.174, 49.786, 49.15, 48.169, 47.216, 45.889, 43.481, 41.786, 41.248, 39.97, 38.057, 37.548, 38.09, 38.192, 37.506, 36.919, 37.061, 37.447, 37.489, 37.305, 36.993, 37.16, 37.71, 38.03, 37.934, 37.414, 37.199, 37.332, 37.336, 37.306, 37.36, 37.269, 37.534, 37.634, 37.326, 37.179, 37.41, 37.405, 37.042, 36.822, 36.606, 36.192, 36.367, 36.76, 37.032, 37.286, 37.749, 38.101, 38.128, 38.013, 37.962, 38.037, 37.731, 37.044, 36.684, 36.988, 37.639, 38.014, 37.824, 37.884, 38.176, 38.608, 39.367, 39.718, 39.535, 39.938, 39.65, 38.189, 37.375, 37.761, 38.324, 38.434, 38.442, 38.37, 38.416, 39.257, 39.441, 38.529, 38.597, 39.178, 39.563, 40.528, 42.255, 43.317, 43.153, 42.22, 41.896, 42.313, 42.629, 42.786, 42.913, 42.604, 41.91, 41.701, 41.888, 41.211, 40.27, 39.91, 39.684, 39.368, 39.425, 40.082, 40.162, 39.665, 40.052, 40.737, 40.777, 40.297, 40.53, 41.149, 41.087, 41.319, 42.166, 42.305, 42.158, 42.241, 41.329, 40.148, 40.283, 40.93, 38.456], [37.768, 38.095, 39.506, 38.868, 36.814, 36.347, 36.226, 34.235, 32.057, 31.167, 31.204, 31.14, 30.503, 29.443, 26.708, 21.481, 17.199, 16.029, 14.553, 11.425, 6.489, 0.0, 7.849, 14.569, 17.894, 19.953, 22.674, 25.784, 27.659, 28.755, 30.061, 30.648, 30.421, 30.592, 31.66, 32.984, 33.23, 32.652, 32.316, 32.315, 32.296, 32.483, 32.981, 33.233, 33.407, 33.845, 34.235, 34.107, 33.867, 34.059, 34.25, 34.254, 34.029, 33.911, 33.871, 33.616, 33.567, 33.688, 33.827, 34.088, 34.275, 34.338, 34.72, 35.233, 35.55, 37.795, 41.026, 41.778, 43.05, 46.703, 49.449, 49.944, 50.149, 50.267, 50.585, 52.061, 53.734, 54.801, 55.031, 54.826, 55.5, 56.496, 54.993, 51.797, 50.3, 50.157, 49.765, 49.121, 48.137, 47.193, 45.856, 43.4, 41.668, 41.128, 39.837, 37.883, 37.359, 37.901, 38.016, 37.332, 36.717, 36.844, 37.257, 37.314, 37.089, 36.733, 36.911, 37.479, 37.795, 37.686, 37.131, 36.904, 37.059, 37.071, 37.031, 37.07, 36.972, 37.236, 37.321, 36.984, 36.829, 37.086, 37.094, 36.716, 36.479, 36.253, 35.854, 36.05, 36.43, 36.683, 36.95, 37.429, 37.773, 37.784, 37.666, 37.623, 37.689, 37.368, 36.671, 36.3, 36.613, 37.289, 37.679, 37.49, 37.569, 37.87, 38.285, 39.043, 39.382, 39.171, 39.578, 39.295, 37.787, 36.932, 37.363, 37.96, 38.09, 38.127, 38.075, 38.142, 38.999, 39.199, 38.288, 38.358, 38.958, 39.352, 40.315, 42.07, 43.164, 43.01, 42.065, 41.724, 42.142, 42.481, 42.658, 42.784, 42.463, 41.767, 41.557, 41.731, 41.036, 40.094, 39.728, 39.463, 39.118, 39.212, 39.916, 39.963, 39.406, 39.771, 40.468, 40.51, 40.029, 40.282, 40.928, 40.863, 41.091, 41.94, 42.069, 41.901, 41.964, 41.034, 39.839, 39.99, 40.672, 38.305], [37.512, 37.995, 39.574, 39.095, 37.032, 36.512, 36.495, 34.62, 32.415, 31.502, 31.611, 31.624, 31.016, 30.006, 27.48, 22.753, 19.225, 18.589, 17.403, 15.082, 12.239, 7.849, 0.0, 8.474, 13.651, 16.691, 19.681, 23.181, 25.418, 26.691, 28.114, 28.791, 28.573, 28.821, 30.083, 31.575, 31.913, 31.343, 30.96, 30.958, 31.021, 31.304, 31.864, 32.138, 32.312, 32.749, 33.178, 33.102, 32.916, 33.16, 33.389, 33.434, 33.238, 33.133, 33.092, 32.82, 32.777, 32.894, 33.089, 33.389, 33.587, 33.654, 34.039, 34.573, 35.041, 37.681, 41.173, 41.974, 43.29, 47.082, 49.928, 50.449, 50.644, 50.722, 50.956, 52.382, 54.032, 55.083, 55.31, 55.097, 55.766, 56.778, 55.269, 51.976, 50.381, 50.209, 49.797, 49.135, 48.142, 47.171, 45.753, 43.128, 41.282, 40.743, 39.412, 37.388, 36.888, 37.443, 37.552, 36.846, 36.202, 36.31, 36.716, 36.775, 36.545, 36.169, 36.358, 36.947, 37.252, 37.113, 36.52, 36.284, 36.455, 36.455, 36.385, 36.402, 36.275, 36.546, 36.653, 36.307, 36.102, 36.348, 36.378, 35.982, 35.736, 35.528, 35.131, 35.334, 35.705, 35.94, 36.207, 36.694, 37.049, 37.103, 37.054, 37.015, 37.066, 36.743, 36.04, 35.671, 35.998, 36.74, 37.183, 36.98, 37.1, 37.503, 37.948, 38.699, 39.062, 38.881, 39.282, 38.963, 37.404, 36.5, 36.918, 37.534, 37.671, 37.701, 37.63, 37.68, 38.545, 38.713, 37.718, 37.759, 38.379, 38.772, 39.693, 41.455, 42.58, 42.409, 41.414, 41.054, 41.484, 41.843, 42.049, 42.188, 41.826, 41.082, 40.859, 41.017, 40.271, 39.288, 38.911, 38.613, 38.24, 38.386, 39.194, 39.271, 38.77, 39.24, 39.962, 39.985, 39.48, 39.708, 40.359, 40.289, 40.497, 41.336, 41.441, 41.258, 41.326, 40.389, 39.178, 39.327, 40.004, 37.952], [37.52, 37.983, 39.57, 39.281, 37.348, 36.806, 36.877, 35.272, 33.31, 32.483, 32.581, 32.546, 31.886, 30.898, 28.692, 24.816, 22.245, 22.016, 21.096, 19.089, 17.164, 14.569, 8.474, 0.0, 7.695, 13.1, 17.077, 20.877, 23.427, 24.91, 26.403, 27.167, 27.0, 27.307, 28.736, 30.428, 30.953, 30.505, 30.122, 30.096, 30.269, 30.749, 31.422, 31.729, 31.949, 32.429, 32.845, 32.756, 32.673, 33.058, 33.331, 33.385, 33.208, 33.115, 33.059, 32.754, 32.683, 32.797, 33.053, 33.388, 33.58, 33.621, 33.985, 34.549, 35.154, 37.98, 41.57, 42.399, 43.746, 47.58, 50.468, 51.002, 51.192, 51.256, 51.411, 52.756, 54.362, 55.373, 55.572, 55.353, 56.039, 57.076, 55.554, 52.182, 50.521, 50.349, 49.944, 49.265, 48.232, 47.214, 45.74, 43.015, 41.107, 40.591, 39.291, 37.267, 36.778, 37.337, 37.421, 36.687, 36.036, 36.12, 36.474, 36.516, 36.328, 35.992, 36.184, 36.786, 37.112, 36.958, 36.345, 36.108, 36.281, 36.265, 36.17, 36.183, 36.054, 36.329, 36.456, 36.135, 35.906, 36.117, 36.149, 35.762, 35.528, 35.357, 35.002, 35.204, 35.549, 35.764, 36.023, 36.498, 36.865, 36.989, 37.021, 36.978, 37.029, 36.735, 36.046, 35.69, 36.037, 36.833, 37.292, 37.051, 37.219, 37.743, 38.217, 38.945, 39.356, 39.255, 39.657, 39.299, 37.774, 36.913, 37.287, 37.837, 37.886, 37.823, 37.695, 37.754, 38.616, 38.713, 37.64, 37.665, 38.287, 38.664, 39.512, 41.212, 42.322, 42.135, 41.125, 40.789, 41.231, 41.584, 41.787, 41.918, 41.514, 40.728, 40.503, 40.649, 39.873, 38.892, 38.56, 38.284, 37.917, 38.097, 38.958, 39.07, 38.663, 39.252, 39.964, 39.925, 39.373, 39.517, 40.113, 40.027, 40.171, 40.927, 40.989, 40.816, 40.895, 39.976, 38.812, 38.969, 39.605, 37.975], [37.256, 37.643, 39.148, 38.923, 37.106, 36.611, 36.734, 35.345, 33.653, 32.905, 32.921, 32.811, 32.135, 31.167, 29.143, 25.884, 24.147, 24.306, 23.624, 21.867, 20.02, 17.894, 13.651, 7.695, 0.0, 7.52, 13.567, 18.398, 21.43, 23.217, 24.886, 25.775, 25.683, 26.035, 27.62, 29.508, 30.16, 29.822, 29.495, 29.472, 29.717, 30.302, 31.021, 31.337, 31.582, 32.163, 32.677, 32.617, 32.573, 33.094, 33.484, 33.598, 33.416, 33.286, 33.207, 32.854, 32.685, 32.741, 32.999, 33.352, 33.536, 33.56, 33.93, 34.556, 35.162, 37.866, 41.404, 42.236, 43.605, 47.454, 50.367, 50.91, 51.085, 51.133, 51.307, 52.672, 54.268, 55.244, 55.413, 55.188, 55.908, 56.972, 55.429, 52.015, 50.35, 50.212, 49.82, 49.121, 48.057, 47.025, 45.555, 42.862, 41.022, 40.536, 39.257, 37.299, 36.883, 37.465, 37.531, 36.752, 36.063, 36.149, 36.515, 36.553, 36.371, 36.043, 36.216, 36.803, 37.133, 36.964, 36.35, 36.136, 36.339, 36.338, 36.247, 36.258, 36.156, 36.461, 36.584, 36.256, 36.022, 36.215, 36.212, 35.803, 35.57, 35.419, 35.096, 35.272, 35.575, 35.771, 36.035, 36.507, 3