[[0.0, 3.58, 8.001, 12.65, 15.688, 18.727, 20.836, 21.687, 22.301, 23.434, 25.177, 26.982, 27.53, 27.834, 29.028, 30.148, 30.719, 31.27, 32.115, 33.035, 33.785, 34.46, 35.15, 35.713, 36.077, 36.283, 37.089, 38.425, 38.811, 38.291, 38.109, 38.45, 38.551, 38.331, 38.486, 39.043, 39.413, 39.525, 39.63, 39.771, 39.898, 40.081, 40.345, 40.498, 40.161, 38.917, 37.484, 37.548, 38.665, 39.011, 38.51, 37.873, 37.388, 36.966, 36.687, 36.406, 35.746, 35.345, 35.521, 35.719, 35.707, 35.828, 36.047, 35.939, 35.838, 36.035, 36.147, 36.146, 36.316, 36.559, 36.486, 35.922, 35.469, 35.574, 35.604, 35.097, 35.045, 35.315, 35.148, 34.981, 35.433, 35.898, 36.04, 36.183, 36.247, 36.337, 36.59, 36.688, 36.607, 36.515, 36.377, 36.551, 37.059, 37.453, 37.09, 36.295, 36.246, 36.951, 37.293, 36.638, 36.158, 36.543, 37.199, 37.271, 37.038, 36.843, 36.235, 35.348, 34.957, 34.972, 35.166, 35.655, 36.064, 36.029, 36.079, 36.741, 36.923, 36.437, 35.955, 35.742, 35.819, 36.325, 37.038, 37.486, 37.658, 37.682, 37.674, 37.42, 37.267, 37.128, 37.128, 37.248, 37.294, 36.993, 36.882, 36.791, 36.487, 36.246, 36.021, 35.837, 35.716, 35.338, 34.99, 35.174, 35.084, 5.252], [3.58, 0.0, 5.816, 11.401, 14.671, 17.757, 19.975, 20.898, 21.52, 22.688, 24.513, 26.369, 26.904, 27.212, 28.464, 29.628, 30.217, 30.796, 31.678, 32.624, 33.391, 34.102, 34.844, 35.446, 35.802, 35.985, 36.79, 38.144, 38.538, 38.008, 37.803, 38.124, 38.225, 38.013, 38.164, 38.715, 39.08, 39.192, 39.299, 39.442, 39.562, 39.738, 40.007, 40.169, 39.831, 38.58, 37.169, 37.275, 38.425, 38.777, 38.266, 37.623, 37.127, 36.696, 36.421, 36.141, 35.458, 35.049, 35.237, 35.441, 35.42, 35.537, 35.759, 35.656, 35.558, 35.759, 35.878, 35.888, 36.075, 36.335, 36.272, 35.705, 35.243, 35.346, 35.369, 34.843, 34.793, 35.078, 34.907, 34.748, 35.229, 35.698, 35.83, 35.989, 36.063, 36.15, 36.397, 36.484, 36.396, 36.298, 36.139, 36.295, 36.801, 37.205, 36.846, 36.037, 35.962, 36.652, 37.0, 36.341, 35.845, 36.229, 36.897, 36.973, 36.749, 36.573, 35.962, 35.051, 34.645, 34.673, 34.9, 35.421, 35.85, 35.828, 35.892, 36.576, 36.792, 36.333, 35.844, 35.602, 35.65, 36.156, 36.897, 37.361, 37.533, 37.551, 37.541, 37.279, 37.115, 36.95, 36.91, 36.998, 37.04, 36.755, 36.67, 36.592, 36.278, 36.03, 35.8, 35.61, 35.481, 35.104, 34.763, 34.948, 34.844, 7.333], [8.001, 5.816, 0.0, 6.828, 11.836, 16.079, 18.662, 19.719, 20.526, 21.954, 24.028, 26.047, 26.712, 27.197, 28.601, 29.825, 30.456, 31.132, 32.111, 33.074, 33.805, 34.496, 35.258, 35.898, 36.284, 36.466, 37.219, 38.517, 38.907, 38.396, 38.188, 38.479, 38.566, 38.361, 38.494, 39.004, 39.339, 39.441, 39.548, 39.694, 39.818, 40.0, 40.278, 40.442, 40.117, 38.913, 37.579, 37.684, 38.785, 39.132, 38.649, 38.022, 37.534, 37.132, 36.928, 36.703, 36.054, 35.672, 35.846, 36.025, 35.986, 36.089, 36.295, 36.192, 36.101, 36.296, 36.413, 36.422, 36.58, 36.794, 36.715, 36.173, 35.747, 35.859, 35.875, 35.347, 35.287, 35.558, 35.372, 35.166, 35.584, 36.049, 36.214, 36.383, 36.458, 36.555, 36.819, 36.92, 36.854, 36.775, 36.622, 36.761, 37.242, 37.625, 37.273, 36.492, 36.406, 37.039, 37.359, 36.742, 36.292, 36.666, 37.305, 37.383, 37.19, 37.032, 36.443, 35.571, 35.166, 35.139, 35.313, 35.804, 36.229, 36.226, 36.305, 36.969, 37.193, 36.795, 36.348, 36.109, 36.15, 36.64, 37.359, 37.83, 38.03, 38.049, 38.014, 37.742, 37.571, 37.401, 37.364, 37.466, 37.525, 37.257, 37.172, 37.106, 36.802, 36.53, 36.291, 36.101, 35.98, 35.641, 35.332, 35.5, 35.388, 9.948], [12.65, 11.401, 6.828, 0.0, 7.175, 13.356, 16.595, 17.856, 18.958, 20.79, 23.213, 25.482, 26.367, 27.08, 28.637, 29.933, 30.624, 31.388, 32.468, 33.479, 34.184, 34.846, 35.648, 36.374, 36.845, 37.063, 37.766, 39.013, 39.417, 38.941, 38.734, 38.994, 39.062, 38.862, 38.986, 39.467, 39.773, 39.865, 39.975, 40.118, 40.246, 40.444, 40.715, 40.843, 40.522, 39.378, 38.108, 38.208, 39.277, 39.641, 39.21, 38.61, 38.118, 37.746, 37.587, 37.389, 36.794, 36.431, 36.571, 36.722, 36.681, 36.772, 36.963, 36.871, 36.787, 36.97, 37.094, 37.108, 37.233, 37.397, 37.308, 36.795, 36.403, 36.534, 36.57, 36.064, 35.98, 36.222, 36.037, 35.805, 36.157, 36.633, 36.854, 37.015, 37.071, 37.176, 37.462, 37.59, 37.541, 37.475, 37.33, 37.448, 37.891, 38.242, 37.896, 37.149, 37.057, 37.636, 37.907, 37.31, 36.906, 37.272, 37.861, 37.92, 37.741, 37.579, 37.015, 36.195, 35.799, 35.727, 35.85, 36.294, 36.694, 36.7, 36.79, 37.42, 37.621, 37.256, 36.845, 36.618, 36.672, 37.17, 37.858, 38.303, 38.502, 38.526, 38.483, 38.219, 38.052, 37.9, 37.921, 38.084, 38.169, 37.892, 37.779, 37.713, 37.418, 37.122, 36.871, 36.691, 36.585, 36.27, 35.98, 36.121, 35.988, 14.036], [15.688, 14.671, 11.836, 7.175, 0.0, 7.559, 11.91, 13.727, 15.112, 17.504, 20.523, 23.21, 24.337, 25.227, 26.929, 28.317, 29.057, 29.882, 31.095, 32.253, 33.036, 33.751, 34.685, 35.578, 36.198, 36.522, 37.327, 38.664, 39.097, 38.615, 38.426, 38.741, 38.839, 38.637, 38.779, 39.284, 39.583, 39.671, 39.786, 39.927, 40.046, 40.244, 40.511, 40.617, 40.287, 39.126, 37.794, 37.874, 38.981, 39.373, 38.954, 38.339, 37.813, 37.422, 37.244, 37.032, 36.434, 36.039, 36.16, 36.324, 36.303, 36.387, 36.573, 36.488, 36.4, 36.572, 36.699, 36.725, 36.864, 37.046, 36.956, 36.428, 36.049, 36.229, 36.308, 35.812, 35.716, 35.955, 35.807, 35.637, 36.029, 36.516, 36.734, 36.869, 36.896, 36.971, 37.243, 37.356, 37.281, 37.2, 37.051, 37.166, 37.605, 37.954, 37.603, 36.847, 36.766, 37.375, 37.653, 37.022, 36.586, 36.956, 37.554, 37.589, 37.368, 37.179, 36.605, 35.774, 35.396, 35.377, 35.562, 36.059, 36.474, 36.465, 36.551, 37.195, 37.378, 36.964, 36.512, 36.258, 36.31, 36.842, 37.541, 37.936, 38.084, 38.102, 38.064, 37.794, 37.625, 37.473, 37.513, 37.71, 37.805, 37.498, 37.359, 37.278, 36.952, 36.635, 36.381, 36.217, 36.118, 35.782, 35.466, 35.593, 35.469, 17.266], [18.727, 17.757, 16.079, 13.356, 7.559, 0.0, 5.597, 8.801, 10.922, 14.021, 17.715, 20.901, 22.32, 23.38, 25.182, 26.63, 27.397, 28.279, 29.626, 30.921, 31.767, 32.539, 33.585, 34.625, 35.396, 35.852, 36.792, 38.24, 38.702, 38.214, 38.088, 38.529, 38.681, 38.46, 38.617, 39.172, 39.491, 39.575, 39.684, 39.828, 39.957, 40.167, 40.44, 40.555, 40.236, 39.06, 37.654, 37.653, 38.738, 39.124, 38.702, 38.084, 37.558, 37.183, 37.008, 36.786, 36.158, 35.725, 35.85, 36.036, 36.023, 36.084, 36.248, 36.162, 36.073, 36.23, 36.325, 36.318, 36.458, 36.672, 36.587, 36.036, 35.672, 35.915, 36.052, 35.574, 35.474, 35.713, 35.623, 35.549, 35.98, 36.446, 36.626, 36.726, 36.721, 36.74, 36.967, 37.059, 36.964, 36.868, 36.722, 36.85, 37.286, 37.636, 37.289, 36.543, 36.494, 37.155, 37.477, 36.855, 36.401, 36.764, 37.384, 37.411, 37.129, 36.875, 36.26, 35.434, 35.114, 35.151, 35.355, 35.864, 36.281, 36.249, 36.301, 36.936, 37.096, 36.638, 36.145, 35.879, 35.944, 36.484, 37.163, 37.507, 37.626, 37.66, 37.643, 37.364, 37.191, 37.047, 37.127, 37.384, 37.503, 37.172, 36.985, 36.87, 36.532, 36.248, 36.025, 35.875, 35.77, 35.408, 35.06, 35.176, 35.066, 20.333], [20.836, 19.975, 18.662, 16.595, 11.91, 5.597, 0.0, 4.574, 8.42, 12.33, 16.16, 19.619, 21.419, 22.762, 24.666, 26.124, 26.891, 27.86, 29.357, 30.746, 31.62, 32.429, 33.542, 34.656, 35.498, 36.006, 36.956, 38.415, 38.898, 38.428, 38.346, 38.864, 39.053, 38.82, 38.986, 39.575, 39.909, 39.987, 40.089, 40.238, 40.377, 40.586, 40.842, 40.944, 40.637, 39.494, 38.102, 38.033, 39.029, 39.383, 38.973, 38.385, 37.886, 37.556, 37.437, 37.234, 36.593, 36.131, 36.26, 36.459, 36.434, 36.454, 36.586, 36.498, 36.412, 36.549, 36.602, 36.551, 36.661, 36.869, 36.781, 36.228, 35.892, 36.207, 36.418, 35.981, 35.872, 36.089, 36.023, 35.972, 36.361, 36.792, 36.983, 37.07, 37.05, 37.057, 37.273, 37.367, 37.272, 37.179, 37.056, 37.191, 37.6, 37.926, 37.58, 36.864, 36.847, 37.521, 37.871, 37.32, 36.921, 37.278, 37.886, 37.917, 37.614, 37.315, 36.687, 35.913, 35.641, 35.648, 35.75, 36.157, 36.514, 36.461, 36.499, 37.108, 37.245, 36.777, 36.282, 36.047, 36.155, 36.682, 37.301, 37.597, 37.717, 37.787, 37.798, 37.521, 37.348, 37.246, 37.424, 37.775, 37.927, 37.587, 37.351, 37.208, 36.893, 36.65, 36.462, 36.327, 36.219, 35.851, 35.5, 35.607, 35.507, 22.335], [21.687, 20.898, 19.719, 17.856, 13.727, 8.801, 4.574, 0.0, 5.472, 10.471, 14.454, 17.977, 20.095, 21.833, 23.985, 25.505, 26.264, 27.308, 28.956, 30.461, 31.404, 32.279, 33.471, 34.642, 35.497, 36.016, 36.979, 38.462, 38.972, 38.516, 38.445, 38.996, 39.223, 39.016, 39.224, 39.847, 40.188, 40.268, 40.372, 40.523, 40.663, 40.865, 41.104, 41.187, 40.879, 39.754, 38.374, 38.275, 39.232, 39.57, 39.158, 38.581, 38.085, 37.762, 37.667, 37.478, 36.832, 36.335, 36.452, 36.657, 36.617, 36.607, 36.721, 36.625, 36.528, 36.651, 36.693, 36.642, 36.749, 36.946, 36.84, 36.278, 35.959, 36.317, 36.569, 36.146, 36.024, 36.229, 36.163, 36.107, 36.479, 36.903, 37.119, 37.22, 37.197, 37.204, 37.436, 37.547, 37.455, 37.368, 37.255, 37.396, 37.802, 38.117, 37.761, 37.049, 37.053, 37.737, 38.086, 37.561, 37.213, 37.585, 38.189, 38.221, 37.904, 37.59, 36.968, 36.214, 35.945, 35.917, 35.969, 36.334, 36.662, 36.593, 36.638, 37.267, 37.418, 36.94, 36.422, 36.196, 36.337, 36.869, 37.467, 37.738, 37.865, 37.971, 38.006, 37.732, 37.557, 37.479, 37.697, 38.074, 38.221, 37.864, 37.6, 37.429, 37.093, 36.829, 36.646, 36.523, 36.416, 36.043, 35.691, 35.796, 35.702, 23.088], [22.301, 21.52, 20.526, 18.958, 15.112, 10.922, 8.42, 5.472, 0.0, 6.146, 11.385, 15.507, 17.816, 19.857, 22.397, 24.133, 24.939, 25.979, 27.692, 29.301, 30.346, 31.311, 32.59, 33.831, 34.715, 35.266, 36.298, 37.855, 38.393, 37.924, 37.851, 38.428, 38.688, 38.533, 38.833, 39.545, 39.933, 40.028, 40.136, 40.288, 40.44, 40.655, 40.904, 41.002, 40.702, 39.549, 38.124, 38.028, 39.033, 39.375, 38.934, 38.338, 37.826, 37.469, 37.339, 37.139, 36.492, 35.991, 36.113, 36.318, 36.273, 36.273, 36.396, 36.28, 36.167, 36.299, 36.359, 36.327, 36.46, 36.677, 36.56, 35.958, 35.583, 35.913, 36.148, 35.7, 35.574, 35.797, 35.737, 35.68, 36.08, 36.514, 36.732, 36.851, 36.814, 36.797, 37.028, 37.142, 37.057, 36.97, 36.837, 36.979, 37.411, 37.746, 37.386, 36.657, 36.657, 37.338, 37.672, 37.124, 36.782, 37.181, 37.809, 37.84, 37.513, 37.229, 36.631, 35.867, 35.593, 35.585, 35.678, 36.092, 36.447, 36.383, 36.433, 37.092, 37.27, 36.786, 36.247, 35.994, 36.111, 36.646, 37.284, 37.597, 37.744, 37.855, 37.885, 37.604, 37.418, 37.305, 37.462, 37.788, 37.909, 37.531, 37.259, 37.065, 36.686, 36.398, 36.214, 36.092, 35.978, 35.583, 35.201, 35.287, 35.185, 23.63], [23.434, 22.688, 21.954, 20.79, 17.504, 14.021, 12.33, 10.471, 6.146, 0.0, 6.727, 12.314, 15.24, 17.475, 20.33, 22.421, 23.414, 24.502, 26.294, 28.042, 29.249, 30.366, 31.736, 33.028, 33.948, 34.52, 35.582, 37.183, 37.737, 37.254, 37.181, 37.777, 38.052, 37.928, 38.317, 39.152, 39.622, 39.737, 39.84, 39.995, 40.154, 40.361, 40.604, 40.732, 40.461, 39.28, 37.786, 37.681, 38.725, 39.064, 38.589, 37.981, 37.491, 37.144, 36.98, 36.747, 36.089, 35.609, 35.755, 35.966, 35.923, 35.943, 36.078, 35.952, 35.843, 36.001, 36.076, 36.048, 36.196, 36.446, 36.339, 35.699, 35.253, 35.537, 35.751, 35.286, 35.169, 35.422, 35.382, 35.321, 35.715, 36.143, 36.363, 36.498, 36.448, 36.403, 36.614, 36.717, 36.637, 36.556, 36.425, 36.568, 37.009, 37.355, 37.0, 36.269, 36.256, 36.922, 37.265, 36.712, 36.351, 36.764, 37.433, 37.477, 37.149, 36.894, 36.322, 35.556, 35.264, 35.236, 35.318, 35.739, 36.097, 36.031, 36.09, 36.767, 36.942, 36.447, 35.902, 35.632, 35.716, 36.224, 36.873, 37.228, 37.399, 37.501, 37.512, 37.215, 37.022, 36.874, 36.986, 37.307, 37.433, 37.029, 36.749, 36.574, 36.227, 35.982, 35.823, 35.705, 35.579, 35.168, 34.76, 34.832, 34.729, 24.769], [25.177, 24.513, 24.028, 23.213, 20.523, 17.715, 16.16, 14.454, 11.385, 6.727, 0.0, 7.02, 11.54, 14.577, 17.743, 20.192, 21.522, 22.923, 25.056, 27.152, 28.683, 30.053, 31.527, 32.831, 33.755, 34.355, 35.458, 37.075, 37.628, 37.146, 37.08, 37.685, 37.954, 37.825, 38.25, 39.153, 39.679, 39.824, 39.932, 40.083, 40.233, 40.422, 40.647, 40.783, 40.534, 39.342, 37.791, 37.617, 38.607, 38.909, 38.397, 37.766, 37.294, 37.001, 36.873, 36.63, 35.952, 35.465, 35.62, 35.844, 35.805, 35.83, 35.971, 35.856, 35.77, 35.952, 36.037, 36.01, 36.162, 36.431, 36.33, 35.683, 35.225, 35.486, 35.678, 35.199, 35.082, 35.352, 35.326, 35.244, 35.606, 36.028, 36.272, 36.421, 36.374, 36.331, 36.549, 36.665, 36.608, 36.552, 36.432, 36.561, 36.982, 37.326, 36.989, 36.308, 36.337, 37.019, 37.386, 36.857, 36.5, 36.903, 37.579, 37.631, 37.292, 37.026, 36.454, 35.689, 35.37, 35.28, 35.292, 35.665, 35.993, 35.904, 35.967, 36.665, 36.847, 36.33, 35.757, 35.485, 35.582, 36.079, 36.689, 37.033, 37.231, 37.373, 37.424, 37.153, 36.96, 36.792, 36.9, 37.257, 37.404, 36.974, 36.672, 36.518, 36.231, 36.039, 35.907, 35.804, 35.678, 35.269, 34.869, 34.956, 34.865, 26.537], [26.982, 26.369, 26.047, 25.482, 23.21, 20.901, 19.619, 17.977, 15.507, 12.314, 7.02, 0.0, 6.261, 11.13, 15.102, 17.79, 19.338, 21.152, 23.772, 26.293, 28.162, 29.756, 31.324, 32.644, 33.599, 34.306, 35.529, 37.189, 37.748, 37.271, 37.206, 37.812, 38.078, 37.946, 38.365, 39.258, 39.803, 39.986, 40.12, 40.269, 40.415, 40.611, 40.843, 40.977, 40.721, 39.517, 37.932, 37.692, 38.631, 38.909, 38.371, 37.715, 37.23, 36.952, 36.859, 36.621, 35.928, 35.418, 35.551, 35.761, 35.721, 35.766, 35.933, 35.832, 35.765, 35.973, 36.076, 36.063, 36.221, 36.497, 36.404, 35.779, 35.329, 35.574, 35.754, 35.275, 35.164, 35.447, 35.421, 35.344, 35.752, 36.212, 36.469, 36.639, 36.609, 36.573, 36.801, 36.94, 36.914, 36.88, 36.749, 36.85, 37.255, 37.605, 37.292, 36.642, 36.696, 37.384, 37.733, 37.179, 36.807, 37.183, 37.846, 37.894, 37.536, 37.248, 36.657, 35.869, 35.536, 35.449, 35.475, 35.863, 36.194, 36.093, 36.139, 36.838, 37.034, 36.507, 35.904, 35.611, 35.714, 36.227, 36.835, 37.161, 37.376, 37.566, 37.666, 37.425, 37.239, 37.06, 37.13, 37.443, 37.581, 37.171, 36.907, 36.773, 36.483, 36.268, 36.115, 36.007, 35.886, 35.486, 35.096, 35.192, 35.107, 28.304], [27.53, 26.904, 26.712, 26.367, 24.337, 22.32, 21.419, 20.095, 17.816, 15.24, 11.54, 6.261, 0.0, 6.487, 12.017, 15.329, 16.964, 18.958, 21.928, 24.778, 26.884, 28.622, 30.256, 31.599, 32.618, 33.483, 34.882, 36.644, 37.222, 36.725, 36.642, 37.254, 37.539, 37.442, 37.898, 38.808, 39.369, 39.583, 39.744, 39.896, 40.031, 40.228, 40.488, 40.641, 40.354, 39.092, 37.443, 37.194, 38.176, 38.469, 37.913, 37.233, 36.727, 36.413, 36.274, 36.014, 35.303, 34.797, 34.935, 35.133, 35.1, 35.198, 35.414, 35.325, 35.268, 35.507, 35.639, 35.659, 35.851, 36.155, 36.082, 35.473, 34.999, 35.207, 35.363, 34.882, 34.799, 35.1, 35.056, 35.012, 35.539, 36.053, 36.271, 36.455, 36.449, 36.404, 36.613, 36.741, 36.714, 36.676, 36.526, 36.625, 37.054, 37.426, 37.11, 36.415, 36.432, 37.115, 37.435, 36.806, 36.365, 36.723, 37.396, 37.43, 37.046, 36.754, 36.137, 35.295, 34.955, 34.937, 35.075, 35.567, 35.945, 35.843, 35.875, 36.572, 36.749, 36.2, 35.591, 35.271, 35.339, 35.864, 36.533, 36.891, 37.092, 37.258, 37.354, 37.119, 36.939, 36.741, 36.732, 36.966, 37.085, 36.712, 36.527, 36.416, 36.085, 35.831, 35.632, 35.489, 35.358, 34.943, 34.53, 34.646, 34.596, 28.857], [27.834, 27.212, 27.197, 27.08, 25.227, 23.38, 22.762, 21.833, 19.857, 17.475, 14.577, 11.13, 6.487, 0.0, 6.917, 11.654, 14.068, 16.421, 19.711, 22.894, 25.275, 27.202, 28.902, 30.267, 31.344, 32.321, 33.866, 35.745, 36.355, 35.84, 35.75, 36.392, 36.724, 36.694, 37.232, 38.201, 38.784, 39.002, 39.176, 39.34, 39.461, 39.636, 39.912, 40.11, 39.815, 38.494, 36.762, 36.487, 37.504, 37.805, 37.23, 36.526, 36.014, 35.692, 35.51, 35.217, 34.494, 34.025, 34.208, 34.423, 34.412, 34.55, 34.799, 34.72, 34.672, 34.944, 35.096, 35.122, 35.324, 35.645, 35.597, 34.993, 34.49, 34.658, 34.77, 34.278, 34.236, 34.565, 34.504, 34.485, 35.094, 35.629, 35.805, 36.004, 36.02, 35.958, 36.137, 36.242, 36.192, 36.125, 35.945, 36.034, 36.49, 36.897, 36.575, 35.843, 35.83, 36.516, 36.84, 36.178, 35.682, 36.033, 36.729, 36.748, 36.342, 36.052, 35.417, 34.539, 34.199, 34.236, 34.457, 35.035, 35.451, 35.344, 35.372, 36.084, 36.242, 35.657, 35.028, 34.689, 34.73, 35.258, 35.975, 36.371, 36.559, 36.707, 36.803, 36.576, 36.404, 36.17, 36.083, 36.258, 36.367, 36.008, 35.855, 35.757, 35.411, 35.168, 34.966, 34.807, 34.661, 34.225, 33.79, 33.933, 33.908, 29.198], [29.028, 28.464, 28.601, 28.637, 26.929, 25.182, 24.666, 23.985, 22.397, 20.33, 17.743, 15.102, 12.017, 6.917, 0.0, 6.319, 10.704, 14.297, 17.997, 21.391, 24.088, 26.318, 28.119, 29.513, 30.634, 31.678, 33.279, 35.193, 35.835, 35.355, 35.315, 36.027, 36.433, 36.471, 37.058, 38.04, 38.626, 38.839, 39.016, 39.202, 39.346, 39.523, 39.795, 40.025, 39.77, 38.481, 36.763, 36.456, 37.436, 37.727, 37.149, 36.436, 35.924, 35.622, 35.449, 35.143, 34.442, 34.024, 34.235, 34.47, 34.489, 34.641, 34.89, 34.812, 34.776, 35.069, 35.224, 35.23, 35.405, 35.699, 35.644, 35.055, 34.568, 34.721, 34.798, 34.297, 34.271, 34.614, 34.539, 34.503, 35.108, 35.645, 35.821, 36.028, 36.045, 35.954, 36.109, 36.218, 36.163, 36.083, 35.894, 35.962, 36.409, 36.834, 36.535, 35.833, 35.825, 36.497, 36.825, 36.191, 35.718, 36.078, 36.77, 36.784, 36.384, 36.101, 35.476, 34.603, 34.268, 34.326, 34.575, 35.173, 35.598, 35.493, 35.526, 36.247, 36.417, 35.82, 35.166, 34.817, 34.859, 35.385, 36.093, 36.483, 36.684, 36.867, 36.985, 36.758, 36.577, 36.329, 36.209, 36.345, 36.445, 36.104, 35.942, 35.83, 35.483, 35.253, 35.077, 34.936, 34.781, 34.348, 33.936, 34.089, 34.04, 30.337], [30.148, 29.628, 29.825, 29.933, 28.317, 26.63, 26.124, 25.505, 24.133, 22.421, 20.192, 17.79, 15.329, 11.654, 6.319, 0.0, 6.272, 11.863, 16.354, 19.867, 22.839, 25.459, 27.45, 28.91, 30.063, 31.181, 32.857, 34.818, 35.505, 35.073, 35.097, 35.891, 36.37, 36.45, 37.042, 38.012, 38.6, 38.83, 39.021, 39.227, 39.412, 39.634, 39.928, 40.161, 39.923, 38.676, 37.02, 36.734, 37.688, 37.969, 37.4, 36.704, 36.203, 35.894, 35.726, 35.428, 34.745, 34.332, 34.526, 34.749, 34.766, 34.912, 35.151, 35.065, 35.025, 35.308, 35.456, 35.455, 35.617, 35.882, 35.798, 35.226, 34.801, 35.001, 35.089, 34.588, 34.557, 34.893, 34.816, 34.767, 35.36, 35.914, 36.108, 36.307, 36.303, 36.181, 36.307, 36.411, 36.355, 36.276, 36.098, 36.17, 36.613, 37.039, 36.761, 36.097, 36.114, 36.789, 37.116, 36.513, 36.084, 36.455, 37.125, 37.131, 36.731, 36.443, 35.818, 34.938, 34.607, 34.69, 34.968, 35.575, 36.015, 35.925, 35.943, 36.645, 36.823, 36.217, 35.542, 35.194, 35.244, 35.758, 36.422, 36.783, 37.011, 37.231, 37.36, 37.119, 36.926, 36.692, 36.572, 36.675, 36.756, 36.43, 36.271, 36.136, 35.762, 35.516, 35.353, 35.227, 35.068, 34.641, 34.263, 34.416, 34.351, 31.361], [30.719, 30.217, 30.456, 30.624, 29.057, 27.397, 26.891, 26.264, 24.939, 23.414, 21.522, 19.338, 16.964, 14.068, 10.704, 6.272, 0.0, 7.136, 13.019, 17.273, 20.734, 23.775, 26.077, 27.726, 28.99, 30.25, 32.112, 34.234, 34.991, 34.58, 34.655, 35.524, 36.046, 36.147, 36.754, 37.735, 38.342, 38.6, 38.81, 39.022, 39.218, 39.48, 39.828, 40.065, 39.792, 38.503, 36.841, 36.61, 37.612, 37.902, 37.327, 36.648, 36.179, 35.852, 35.631, 35.317, 34.609, 34.151, 34.335, 34.558, 34.567, 34.708, 34.936, 34.838, 34.788, 35.049, 35.168, 35.158, 35.323, 35.584, 35.483, 34.919, 34.561, 34.842, 34.972, 34.489, 34.46, 34.79, 34.716, 34.696, 35.345, 35.957, 36.161, 36.352, 36.327, 36.172, 36.252, 36.319, 36.25, 36.16, 35.964, 36.036, 36.497, 36.93, 36.64, 35.974, 36.018, 36.72, 37.034, 36.41, 35.981, 36.358, 37.03, 37.031, 36.606, 36.278, 35.609, 34.696, 34.388, 34.52, 34.827, 35.454, 35.916, 35.822, 35.794, 36.454, 36.596, 35.952, 35.272, 34.943, 35.001, 35.501, 36.138, 36.484, 36.743, 36.984, 37.117, 36.879, 36.684, 36.46, 36.344, 36.433, 36.5, 36.158, 36.007, 35.87, 35.477, 35.23, 35.054, 34.906, 34.734, 34.293, 33.902, 34.054, 34.025, 31.87], [31.27, 30.796, 31.132, 31.388, 29.882, 28.279, 27.86, 27.308, 25.979, 24.502, 22.923, 21.152, 18.958, 16.421, 14.297, 11.863, 7.136, 0.0, 7.199, 13.161, 17.824, 21.419, 24.002, 25.851, 27.32, 28.809, 30.936, 33.29, 34.144, 33.751, 33.883, 34.836, 35.396, 35.527, 36.212, 37.274, 37.93, 38.218, 38.446, 38.657, 38.837, 39.097, 39.48, 39.739, 39.432, 38.067, 36.343, 36.165, 37.272, 37.6, 36.994, 36.285, 35.826, 35.487, 35.186, 34.802, 34.03, 33.527, 33.735, 33.98, 34.001, 34.154, 34.379, 34.269, 34.213, 34.458, 34.547, 34.535, 34.72, 35.004, 34.901, 34.324, 34.0, 34.352, 34.521, 34.04, 34.019, 34.362, 34.292, 34.308, 35.038, 35.701, 35.883, 36.068, 36.033, 35.859, 35.906, 35.934, 35.854, 35.761, 35.542, 35.61, 36.088, 36.521, 36.199, 35.507, 35.563, 36.271, 36.541, 35.839, 35.355, 35.732, 36.436, 36.436, 35.976, 35.623, 34.917, 33.972, 33.703, 33.927, 34.3, 34.968, 35.457, 35.351, 35.287, 35.909, 35.978, 35.262, 34.579, 34.268, 34.323, 34.832, 35.498, 35.862, 36.147, 36.392, 36.524, 36.297, 36.1, 35.844, 35.691, 35.758, 35.826, 35.477, 35.349, 35.217, 34.808, 34.552, 34.318, 34.114, 33.921, 33.453, 33.01, 33.169, 33.218, 32.383], [32.115, 31.678, 32.111, 32.468, 31.095, 29.626, 29.357, 28.956, 27.692, 26.294, 25.056, 23.772, 21.928, 19.711, 17.997, 16.354, 13.019, 7.199, 0.0, 7.604, 14.131, 18.757, 21.608, 23.507, 25.131, 26.868, 29.291, 31.915, 32.91, 32.558, 32.757, 33.818, 34.459, 34.671, 35.498, 36.678, 37.396, 37.724, 37.976, 38.202, 38.401, 38.667, 39.06, 39.36, 39.075, 37.691, 35.94, 35.83, 37.056, 37.438, 36.818, 36.078, 35.625, 35.298, 34.945, 34.48, 33.654, 33.144, 33.373, 33.63, 33.666, 33.836, 34.068, 33.955, 33.888, 34.117, 34.193, 34.186, 34.389, 34.699, 34.603, 34.009, 33.686, 34.079, 34.282, 33.799, 33.778, 34.138, 34.061, 34.084, 34.882, 35.602, 35.75, 35.912, 35.883, 35.709, 35.736, 35.745, 35.667, 35.577, 35.339, 35.394, 35.866, 36.286, 35.948, 35.24, 35.291, 35.992, 36.233, 35.461, 34.907, 35.272, 35.999, 36.003, 35.529, 35.18, 34.468, 33.501, 33.278, 33.624, 34.091, 34.81, 35.332, 35.227, 35.136, 35.722, 35.745, 34.992, 34.311, 33.997, 34.036, 34.56, 35.267, 35.66, 35.944, 36.165, 36.287, 36.064, 35.857, 35.556, 35.338, 35.345, 35.398, 35.067, 34.961, 34.816, 34.37, 34.094, 33.806, 33.554, 33.333, 32.852, 32.394, 32.575, 32.685, 33.16], [33.035, 32.624, 33.074, 33.479, 32.253, 30.921, 30.746, 30.461, 29.301, 28.042, 27.152, 26.293, 24.778, 22.894, 21.391, 19.867, 17.273, 13.161, 7.604, 0.0, 8.145, 14.528, 18.216, 20.343, 22.098, 24.089, 26.869, 29.855, 31.076, 30.812, 31.087, 32.266, 33.03, 33.391, 34.41, 35.743, 36.537, 36.909, 37.198, 37.47, 37.764, 38.135, 38.586, 38.936, 38.721, 37.431, 35.812, 35.86, 37.19, 37.621, 37.017, 36.285, 35.855, 35.529, 35.158, 34.677, 33.867, 33.385, 33.61, 33.859, 33.9, 34.067, 34.286, 34.165, 34.077, 34.278, 34.347, 34.341, 34.55, 34.867, 34.783, 34.204, 33.876, 34.262, 34.483, 34.023, 34.01, 34.367, 34.267, 34.256, 35.064, 35.836, 35.991, 36.129, 36.108, 35.944, 35.969, 35.981, 35.907, 35.807, 35.537, 35.553, 36.001, 36.417, 36.086, 35.377, 35.407, 36.085, 36.316, 35.532, 34.951, 35.3, 36.016, 36.019, 35.561, 35.218, 34.512, 33.545, 33.354, 33.777, 34.308, 35.06, 35.616, 35.531, 35.412, 35.964, 36.002, 35.291, 34.632, 34.3, 34.309, 34.82, 35.55, 35.986, 36.254, 36.441, 36.54, 36.301, 36.088, 35.788, 35.536, 35.477, 35.504, 35.214, 35.124, 34.963, 34.487, 34.201, 33.914, 33.645, 33.399, 32.919, 32.488, 32.673, 32.778, 33.966], [33.785, 33.391, 33.805, 34.184, 33.036, 31.767, 31.62, 31.404, 30.346, 29.249, 28.683, 28.162, 26.884, 25.275, 24.088, 22.839, 20.734, 17.824, 14.131, 8.145, 0.0, 7.927, 13.243, 16.435, 18.609, 20.835, 24.035, 27.53, 29.063, 28.928, 29.304, 30.613, 31.494, 31.994, 33.197, 34.684, 35.542, 35.931, 36.244, 36.571, 37.007, 37.582, 38.169, 38.549, 38.365, 37.244, 35.938, 36.232, 37.622, 38.068, 37.484, 36.752, 36.296, 35.93, 35.551, 35.112, 34.362, 33.911, 34.121, 34.361, 34.408, 34.567, 34.77, 34.644, 34.531, 34.695, 34.76, 34.761, 34.958, 35.259, 35.187, 34.645, 34.306, 34.625, 34.831, 34.422, 34.441, 34.785, 34.664, 34.631, 35.409, 36.184, 36.378, 36.529, 36.512, 36.355, 36.371, 36.361, 36.264, 36.145, 35.861, 35.855, 36.288, 36.71, 36.404, 35.717, 35.741, 36.382, 36.58, 35.801, 35.223, 35.555, 36.223, 36.202, 35.772, 35.453, 34.767, 33.8, 33.601, 34.058, 34.634, 35.392, 35.948, 35.877, 35.751, 36.281, 36.351, 35.723, 35.112, 34.764, 34.729, 35.203, 35.951, 36.434, 36.678, 36.838, 36.905, 36.639, 36.434, 36.166, 35.922, 35.837, 35.87, 35.661, 35.617, 35.452, 34.95, 34.65, 34.383, 34.118, 33.853, 33.365, 32.952, 33.101, 33.163, 34.604], [34.46, 34.102, 34.496, 34.846, 33.751, 32.539, 32.429, 32.279, 31.311, 30.366, 30.053, 29.756, 28.622, 27.202, 26.318, 25.459, 23.775, 21.419, 18.757, 14.528, 7.927, 0.0, 6.896, 12.037, 15.429, 18.2, 21.908, 25.907, 27.697, 27.649, 28.13, 29.567, 30.517, 31.071, 32.377, 33.968, 34.859, 35.238, 35.553, 35.925, 36.479, 37.229, 37.945, 38.343, 38.149, 37.15, 36.144, 36.679, 38.11, 38.555, 37.979, 37.237, 36.748, 36.355, 35.973, 35.561, 34.853, 34.422, 34.62, 34.85, 34.909, 35.081, 35.278, 35.151, 35.031, 35.173, 35.241, 35.257, 35.446, 35.723, 35.659, 35.158, 34.814, 35.048, 35.219, 34.868, 34.923, 35.254, 35.129, 35.094, 35.807, 36.523, 36.695, 36.833, 36.812, 36.656, 36.65, 36.611, 36.5, 36.375, 36.113, 36.135, 36.576, 37.005, 36.734, 36.099, 36.153, 36.782, 36.941, 36.152, 35.578, 35.892, 36.499, 36.437, 36.015, 35.728, 35.083, 34.137, 33.93, 34.404, 35.01, 35.754, 36.285, 36.216, 36.088, 36.597, 36.69, 36.139, 35.579, 35.226, 35.145, 35.568, 36.311, 36.799, 37.016, 37.175, 37.218, 36.934, 36.741, 36.497, 36.256, 36.165, 36.235, 36.126, 36.126, 35.941, 35.41, 35.09, 34.823, 34.565, 34.3, 33.818, 33.407, 33.53, 33.577, 35.19], [35.15, 34.844, 35.258, 35.648, 34.685, 33.585, 33.542, 33.471, 32.59, 31.736, 31.527, 31.324, 30.256, 28.902, 28.119, 27.45, 26.077, 24.002, 21.608, 18.216, 13.243, 6.896, 0.0, 6.79, 12.187, 16.374, 20.882, 25.234, 27.098, 27.046, 27.581, 29.098, 30.068, 30.628, 31.988, 33.64, 34.559, 34.938, 35.257, 35.646, 36.231, 37.047, 37.829, 38.245, 38.039, 37.083, 36.24, 36.921, 38.381, 38.837, 38.282, 37.551, 37.072, 36.712, 36.345, 35.938, 35.243, 34.822, 35.003, 35.224, 35.302, 35.497, 35.698, 35.573, 35.46, 35.598, 35.667, 35.689, 35.868, 36.126, 36.059, 35.593, 35.281, 35.481, 35.623, 35.313, 35.398, 35.732, 35.614, 35.56, 36.185, 36.821, 36.918, 37.003, 36.971, 36.806, 36.781, 36.741, 36.635, 36.503, 36.245, 36.291, 36.74, 37.175, 36.932, 36.35, 36.447, 37.08, 37.211, 36.423, 35.862, 36.166, 36.742, 36.664, 36.253, 36.001, 35.399, 34.488, 34.297, 34.77, 35.362, 36.085, 36.614, 36.557, 36.425, 36.91, 37.006, 36.479, 35.948, 35.613, 35.501, 35.855, 36.547, 37.014, 37.223, 37.39, 37.421, 37.13, 36.933, 36.673, 36.401, 36.29, 36.389, 36.35, 36.369, 36.166, 35.644, 35.358, 35.115, 34.863, 34.606, 34.153, 33.77, 33.896, 33.943, 35.802], [35.713, 35.446, 35.898, 36.374, 35.578, 34.625, 34.656, 34.642, 33.831, 33.028, 32.831, 32.644, 31.599, 30.267, 29.513, 28.91, 27.726, 25.851, 23.507, 20.343, 16.435, 12.037, 6.79, 0.0, 7.367, 13.912, 19.845, 24.693, 26.64, 26.581, 27.128, 28.665, 29.63, 30.22, 31.682, 33.423, 34.377, 34.776, 35.127, 35.531, 36.102, 36.9, 37.681, 38.115, 37.924, 37.004, 36.225, 36.943, 38.428, 38.921, 38.418, 37.728, 37.283, 36.959, 36.613, 36.218, 35.52, 35.095, 35.27, 35.482, 35.561, 35.762, 35.964, 35.845, 35.742, 35.876, 35.929, 35.939, 36.119, 36.37, 36.292, 35.847, 35.557, 35.721, 35.832, 35.546, 35.652, 35.996, 35.883, 35.813, 36.411, 37.03, 37.087, 37.141, 37.116, 36.961, 36.937, 36.907, 36.798, 36.642, 36.347, 36.364, 36.79, 37.214, 36.982, 36.439, 36.572, 37.201, 37.323, 36.56, 36.01, 36.287, 36.843, 36.781, 36.41, 36.19, 35.621, 34.763, 34.599, 35.05, 35.598, 36.277, 36.799, 36.765, 36.642, 37.1, 37.171, 36.645, 36.137, 35.836, 35.723, 36.016, 36.627, 37.058, 37.278, 37.432, 37.438, 37.152, 36.955, 36.67, 36.381, 36.252, 36.343, 36.32, 36.353, 36.179, 35.707, 35.475, 35.264, 35.026, 34.78, 34.354, 34.0, 34.127, 34.15, 36.312], [36.077, 35.802, 36.284, 36.845, 36.198, 35.396, 35.498, 35.497, 34.715, 33.948, 33.755, 33.599, 32.618, 31.344, 30.634, 30.063, 28.99, 27.32, 25.131, 22.098, 18.609, 15.429, 12.187, 7.367, 0.0, 8.73, 16.816, 22.815, 25.166, 25.163, 25.668, 27.23, 28.272, 28.979, 30.654, 32.58, 33.609, 34.051, 34.465, 34.906, 35.483, 36.276, 37.082, 37.566, 37.428, 36.607, 35.958, 36.776, 38.317, 38.852, 38.411, 37.809, 37.432, 37.113, 36.78, 36.4, 35.706, 35.298, 35.485, 35.687, 35.748, 35.938, 36.127, 36.002, 35.905, 36.048, 36.094, 36.08, 36.231, 36.451, 36.356, 35.911, 35.606, 35.73, 35.815, 35.528, 35.647, 36.009, 35.884, 35.783, 36.392, 37.057, 37.145, 37.215, 37.218, 37.083, 37.047, 37.0, 36.878, 36.725, 36.402, 36.371, 36.765, 37.183, 36.971, 36.452, 36.583, 37.178, 37.287, 36.555, 36.018, 36.277, 36.827, 36.796, 36.491, 36.309, 35.763, 34.952, 34.81, 35.233, 35.72, 36.351, 36.865, 36.852, 36.74, 37.175, 37.232, 36.718, 36.223, 35.938, 35.83, 36.098, 36.661, 37.089, 37.339, 37.475, 37.463, 37.19, 37.015, 36.739, 36.461, 36.332, 36.396, 36.33, 36.359, 36.236, 35.827, 35.627, 35.442, 35.226, 34.995, 34.573, 34.219, 34.336, 34.331, 36.63], [36.283, 35.985, 36.466, 37.063, 36.522, 35.852, 36.006, 36.016, 35.266, 34.52, 34.355, 34.306, 33.483, 32.321, 31.678, 31.181, 30.25, 28.809, 26.868, 24.089, 20.835, 18.2, 16.374, 13.912, 8.73, 0.0, 10.042, 17.978, 21.331, 21.544, 21.997, 23.738, 25.065, 25.982, 27.962, 30.228, 31.405, 31.886, 32.369, 32.91, 33.591, 34.471, 35.366, 35.957, 35.943, 35.336, 35.021, 36.192, 37.902, 38.487, 38.118, 37.679, 37.46, 37.171, 36.845, 36.46, 35.777, 35.408, 35.622, 35.828, 35.876, 36.053, 36.237, 36.117, 36.026, 36.19, 36.264, 36.229, 36.308, 36.46, 36.359, 35.913, 35.552, 35.6, 35.635, 35.312, 35.434, 35.809, 35.627, 35.419, 35.97, 36.625, 36.736, 36.81, 36.822, 36.698, 36.63, 36.549, 36.453, 36.353, 36.062, 36.014, 36.391, 36.832, 36.671, 36.175, 36.273, 36.811, 36.901, 36.228, 35.784, 36.078, 36.611, 36.607, 36.408, 36.323, 35.827, 35.031, 34.887, 35.295, 35.734, 36.326, 36.833, 36.843, 36.755, 37.176, 37.227, 36.731, 36.266, 35.997, 35.905, 36.202, 36.793, 37.302, 37.616, 37.757, 37.739, 37.472, 37.318, 37.079, 36.817, 36.676, 36.71, 36.596, 36.601, 36.5, 36.126, 35.943, 35.774, 35.567, 35.352, 34.921, 34.544, 34.646, 34.627, 36.834], [37.089, 36.79, 37.219, 37.766, 37.327, 36.792, 36.956, 36.979, 36.298, 35.582, 35.458, 35.529, 34.882, 33.866, 33.279, 32.857, 32.112, 30.936, 29.291, 26.869, 24.035, 21.908, 20.882, 19.845, 16.816, 10.042, 0.0, 9.59, 14.443, 15.35, 16.023, 18.32, 20.283, 21.575, 24.003, 26.787, 28.204, 28.701, 29.229, 29.953, 30.853, 31.873, 32.886, 33.671, 33.89, 33.641, 33.946, 35.745, 37.695, 38.296, 37.976, 37.776, 37.86, 37.73, 37.46, 37.075, 36.428, 36.128, 36.361, 36.544, 36.572, 36.755, 36.956, 36.858, 36.765, 36.936, 37.049, 37.009, 37.021, 37.113, 37.035, 36.625, 36.192, 36.094, 36.007, 35.606, 35.685, 36.032, 35.782, 35.464, 35.877, 36.407, 36.487, 36.538, 36.521, 36.365, 36.234, 36.151, 36.149, 36.164, 35.961, 35.905, 36.224, 36.671, 36.594, 36.155, 36.196, 36.626, 36.756, 36.316, 36.089, 36.413, 36.857, 36.857, 36.773, 36.804, 36.426, 35.755, 35.662, 36.051, 36.421, 36.921, 37.373, 37.406, 37.33, 37.677, 37.713, 37.304, 36.925, 36.71, 36.67, 36.998, 37.612, 38.234, 38.634, 38.74, 38.68, 38.418, 38.283, 38.064, 37.793, 37.624, 37.639, 37.56, 37.616, 37.553, 37.206, 37.011, 36.83, 36.615, 36.405, 36.003, 35.658, 35.758, 35.737, 37.606], [38.425, 38.144, 38.517, 39.013, 38.664, 38.24, 38.415, 38.462, 37.855, 37.183, 37.075, 37.189, 36.644, 35.745, 35.193, 34.818, 34.234, 33.29, 31.915, 29.855, 27.53, 25.907, 25.234, 24.693, 22.815, 17.978, 9.59, 0.0, 6.133, 8.499, 10.1, 13.329, 16.04, 17.748, 20.692, 24.076, 25.802, 26.319, 26.837, 27.722, 28.849, 30.001, 31.122, 32.102, 32.543, 32.62, 33.497, 35.859, 38.016, 38.611, 38.286, 38.255, 38.661, 38.792, 38.622, 38.243, 37.635, 37.389, 37.62, 37.76, 37.759, 37.949, 38.166, 38.094, 38.007, 38.189, 38.329, 38.288, 38.274, 38.346, 38.3, 37.923, 37.413, 37.153, 36.921, 36.446, 36.482, 36.803, 36.527, 36.183, 36.54, 36.992, 37.044, 37.07, 37.017, 36.814, 36.647, 36.607, 36.701, 36.809, 36.672, 36.609, 36.866, 37.299, 37.272, 36.871, 36.858, 37.202, 37.396, 37.179, 37.12, 37.449, 37.815, 37.821, 37.79, 37.855, 37.575, 37.058, 37.041, 37.415, 37.708, 38.089, 38.468, 38.513, 38.432, 38.688, 38.691, 38.342, 38.023, 37.858, 37.867, 38.191, 38.767, 39.425, 39.872, 39.933, 39.837, 39.596, 39.489, 39.275, 38.999, 38.831, 38.854, 38.839, 38.962, 38.942, 38.641, 38.468, 38.291, 38.08, 37.874, 37.519, 37.241, 37.361, 37.359, 38.869], [38.811, 38.538, 38.907, 39.417, 39.097, 38.702, 38.898, 38.972, 38.393, 37.737, 37.628, 37.748, 37.222, 36.355, 35.835, 35.505, 34.991, 34.144, 32.91, 31.076, 29.063, 27.697, 27.098, 26.64, 25.166, 21.331, 14.443, 6.133, 0.0, 3.744, 6.953, 11.151, 14.116, 15.888, 19.104, 22.846, 24.779, 25.32, 25.796, 26.703, 27.904, 29.119, 30.304, 31.354, 31.853, 31.971, 32.972, 35.567, 37.881, 38.506, 38.15, 38.11, 38.636, 38.967, 38.901, 38.542, 37.928, 37.686, 37.926, 38.049, 38.019, 38.206, 38.434, 38.372, 38.294, 38.494, 38.65, 38.61, 38.603, 38.693, 38.671, 38.299, 37.744, 37.412, 37.108, 36.593, 36.612, 36.921, 36.623, 36.279, 36.66, 37.122, 37.174, 37.211, 37.151, 36.927, 36.771, 36.764, 36.891, 37.036, 36.924, 36.864, 37.116, 37.552, 37.522, 37.105, 37.085, 37.437, 37.664, 37.487, 37.45, 37.788, 38.156, 38.173, 38.14, 38.206, 37.951, 37.476, 37.489, 37.872, 38.137, 38.47, 38.822, 38.865, 38.785, 39.027, 39.019, 38.657, 38.321, 38.154, 38.171, 38.496, 39.061, 39.714, 40.164, 40.215, 40.11, 39.872, 39.777, 39.568, 39.291, 39.127, 39.159, 39.166, 39.313, 39.317, 39.052, 38.905, 38.717, 38.499, 38.295, 37.952, 37.693, 37.835, 37.865, 39.232], [38.291, 38.008, 38.396, 38.941, 38.615, 38.214, 38.428, 38.516, 37.924, 37.254, 37.146, 37.271, 36.725, 35.84, 35.355, 35.073, 34.58, 33.751, 32.558, 30.812, 28.928, 27.649, 27.046, 26.581, 25.163, 21.544, 15.35, 8.499, 3.744, 0.0, 4.449, 9.723, 12.971, 14.677, 17.966, 21.887, 23.932, 24.505, 24.97, 25.849, 27.022, 28.251, 29.488, 30.575, 31.068, 31.108, 32.058, 34.755, 37.199, 37.874, 37.505, 37.42, 37.948, 38.357, 38.337, 37.981, 37.337, 37.073, 37.317, 37.443, 37.404, 37.594, 37.835, 37.768, 37.691, 37.909, 38.075, 38.041, 38.058, 38.18, 38.168, 37.784, 37.224, 36.901, 36.592, 36.052, 36.065, 36.38, 36.063, 35.701, 36.093, 36.567, 36.622, 36.686, 36.626, 36.394, 36.255, 36.251, 36.374, 36.523, 36.41, 36.363, 36.642, 37.099, 37.057, 36.612, 36.603, 36.994, 37.24, 37.034, 36.962, 37.312, 37.717, 37.742, 37.704, 37.784, 37.516, 37.006, 37.018, 37.416, 37.687, 38.042, 38.414, 38.455, 38.375, 38.642, 38.647, 38.257, 37.878, 37.684, 37.682, 38.009, 38.603, 39.271, 39.726, 39.782, 39.673, 39.421, 39.322, 39.109, 38.821, 38.647, 38.679, 38.675, 38.823, 38.836, 38.579, 38.434, 38.223, 37.987, 37.779, 37.43, 37.16, 37.316, 37.365, 38.736], [38.109, 37.803, 38.188, 38.734, 38.426, 38.088, 38.346, 38.445, 37.851, 37.181, 37.08, 37.206, 36.642, 35.75, 35.315, 35.097, 34.655, 33.883, 32.757, 31.087, 29.304, 28.13, 27.581, 27.128, 25.668, 21.997, 16.023, 10.1, 6.953, 4.449, 0.0, 6.112, 10.239, 12.416, 15.967, 20.176, 22.379, 23.014, 23.567, 24.531, 25.73, 26.984, 28.304, 29.483, 30.046, 30.157, 31.244, 34.135, 36.709, 37.438, 37.105, 37.085, 37.68, 38.132, 38.118, 37.75, 37.114, 36.868, 37.114, 37.229, 37.193, 37.393, 37.638, 37.569, 37.498, 37.735, 37.914, 37.89, 37.92, 38.052, 38.041, 37.657, 37.109, 36.807, 36.498, 35.937, 35.941, 36.272, 35.959, 35.572, 35.922, 36.355, 36.408, 36.495, 36.433, 36.193, 36.057, 36.055, 36.175, 36.312, 36.188, 36.134, 36.404, 36.855, 36.821, 36.383, 36.365, 36.733, 36.966, 36.773, 36.72, 37.086, 37.499, 37.519, 37.495, 37.62, 37.376, 36.873, 36.888, 37.28, 37.545, 37.915, 38.304, 38.351, 38.276, 38.55, 38.559, 38.161, 37.765, 37.555, 37.542, 37.868, 38.49, 39.21, 39.709, 39.767, 39.642, 39.387, 39.287, 39.062, 38.75, 38.556, 38.575, 38.562, 38.718, 38.74, 38.488, 38.34, 38.123, 37.884, 37.682, 37.335, 37.061, 37.222, 37.273, 38.583], [38.45, 38.124, 38.479, 38.994, 38.741, 38.529, 38.864, 38.996, 38.428, 37.777, 37.685, 37.812, 37.254, 36.392, 36.027, 35.891, 35.524, 34.836, 33.818, 32.266, 30.613, 29.567, 29.098, 28.665, 27.23, 23.738, 18.32, 13.329, 11.151, 9.723, 6.112, 0.0, 5.272, 8.919, 13.427, 18.062, 20.433, 21.135, 21.812, 22.937, 24.223, 25.517, 26.933, 28.223, 28.895, 29.188, 30.593, 33.78, 36.493, 37.269, 36.991, 37.087, 37.802, 38.34, 38.361, 37.994, 37.4, 37.217, 37.486, 37.579, 37.532, 37.732, 37.975, 37.912, 37.857, 38.116, 38.32, 38.308, 38.342, 38.472, 38.461, 38.086, 37.556, 37.256, 36.934, 36.365, 36.367, 36.707, 36.396, 35.953, 36.214, 36.601, 36.684, 36.796, 36.733, 36.494, 36.367, 36.381, 36.501, 36.62, 36.483, 36.402, 36.621, 37.039, 37.021, 36.619, 36.58, 36.867, 37.051, 36.904, 36.922, 37.298, 37.679, 37.689, 37.702, 37.893, 37.728, 37.281, 37.293, 37.652, 37.882, 38.222, 38.597, 38.649, 38.583, 38.838, 38.812, 38.411, 38.039, 37.835, 37.818, 38.141, 38.792, 39.586, 40.142, 40.199, 40.06, 39.814, 39.719, 39.477, 39.141, 38.926, 38.931, 38.925, 39.095, 39.13, 38.903, 38.771, 38.553, 38.308, 38.109, 37.771, 37.504, 37.658, 37.701, 38.944], [38.551, 38.225, 38.566, 39.062, 38.839, 38.681, 39.053, 39.223, 38.688, 38.052, 37.954, 38.078, 37.539, 36.724, 36.433, 36.37, 36.046, 35.396, 34.459, 33.03, 31.494, 30.517, 30.068, 29.63, 28.272, 25.065, 20.283, 16.04, 14.116, 12.971, 10.239, 5.272, 0.0, 5.229, 11.387, 16.654, 19.137, 19.825, 20.52, 21.733, 23.084, 24.394, 25.842, 27.18, 27.914, 28.313, 29.936, 33.342, 36.157, 36.958, 36.698, 36.832, 37.608, 38.25, 38.354, 38.016, 37.436, 37.292, 37.606, 37.706, 37.639, 37.826, 38.068, 38.017, 37.979, 38.259, 38.484, 38.485, 38.528, 38.663, 38.655, 38.277, 37.737, 37.414, 37.076, 36.508, 36.505, 36.836, 36.504, 35.985, 36.168, 36.552, 36.686, 36.818, 36.749, 36.52, 36.418, 36.449, 36.564, 36.677, 36.544, 36.455, 36.655, 37.066, 37.06, 36.678, 36.638, 36.895, 37.058, 36.935, 37.004, 37.403, 37.773, 37.792, 37.838, 38.064, 37.935, 37.497, 37.48, 37.806, 38.002, 38.303, 38.651, 38.695, 38.633, 38.876, 38.794, 38.354, 37.99, 37.801, 37.787, 38.117, 38.793, 39.629, 40.205, 40.259, 40.123, 39.887, 39.799, 39.555, 39.219, 39.013, 39.023, 39.015, 39.184, 39.23, 39.036, 38.921, 38.689, 38.428, 38.223, 37.886, 37.62, 37.769, 37.817, 39.061], [38.331, 38.013, 38.361, 38.862, 38.637, 38.46, 38.82, 39.016, 38.533, 37.928, 37.825, 37.946, 37.442, 36.694, 36.471, 36.45, 36.147, 35.527, 34.671, 33.391, 31.994, 31.071, 30.628, 30.22, 28.979, 25.982, 21.575, 17.748, 15.888, 14.677, 12.416, 8.919, 5.229, 0.0, 7.49, 13.986, 16.979, 17.712, 18.443, 19.852, 21.419, 22.896, 24.456, 25.88, 26.722, 27.262, 29.093, 32.707, 35.619, 36.45, 36.203, 36.351, 37.166, 37.895, 38.082, 37.776, 37.18, 37.038, 37.395, 37.53, 37.463, 37.642, 37.892, 37.85, 37.821, 38.118, 38.362, 38.367, 38.4, 38.527, 38.52, 38.138, 37.573, 37.224, 36.874, 36.292, 36.275, 36.589, 36.23, 35.654, 35.796, 36.188, 36.346, 36.475, 36.395, 36.179, 36.104, 36.147, 36.273, 36.406, 36.298, 36.232, 36.447, 36.87, 36.87, 36.488, 36.46, 36.728, 36.892, 36.772, 36.865, 37.293, 37.674, 37.705, 37.774, 38.002, 37.856, 37.382, 37.333, 37.646, 37.836, 38.132, 38.473, 38.512, 38.453, 38.705, 38.598, 38.117, 37.733, 37.555, 37.557, 37.908, 38.603, 39.442, 40.028, 40.09, 39.959, 39.725, 39.635, 39.385, 39.055, 38.873, 38.894, 38.861, 39.01, 39.055, 38.873, 38.759, 38.511, 38.244, 38.034, 37.693, 37.423, 37.583, 37.64, 38.859], [38.486, 38.164, 38.494, 38.986, 38.779, 38.617, 38.986, 39.224, 38.833, 38.317, 38.25, 38.365, 37.898, 37.232, 37.058, 37.042, 36.754, 36.212, 35.498, 34.41, 33.197, 32.377, 31.988, 31.682, 30.654, 27.962, 24.003, 20.692, 19.104, 17.966, 15.967, 13.427, 11.387, 7.49, 0.0, 7.805, 11.911, 13.015, 13.977, 15.926, 18.092, 20.076, 22.016, 23.724, 24.848, 25.757, 28.052, 32.049, 35.12, 36.002, 35.806, 36.024, 36.921, 37.75, 38.033, 37.782, 37.233, 37.154, 37.545, 37.708, 37.684, 37.896, 38.159, 38.121, 38.099, 38.41, 38.664, 38.664, 38.678, 38.791, 38.793, 38.419, 37.839, 37.458, 37.103, 36.535, 36.529, 36.831, 36.46, 35.851, 35.923, 36.286, 36.471, 36.607, 36.521, 36.313, 36.239, 36.275, 36.418, 36.575, 36.483, 36.413, 36.608, 37.015, 37.019, 36.652, 36.617, 36.843, 36.973, 36.857, 36.981, 37.428, 37.804, 37.841, 37.946, 38.188, 38.042, 37.565, 37.501, 37.816, 38.02, 38.329, 38.682, 38.727, 38.672, 38.93, 38.849, 38.404, 38.035, 37.856, 37.