[[0.0, 6.027, 12.646, 17.229, 20.392, 23.43, 26.189, 28.156, 29.126, 29.62, 30.688, 32.608, 35.298, 39.868, 44.728, 46.896, 46.946, 47.793, 50.074, 51.693, 51.754, 50.918, 50.185, 50.27, 51.238, 52.079, 52.168, 52.403, 53.553, 55.329, 56.779, 56.349, 54.423, 53.056, 53.154, 54.007, 54.621, 54.477, 53.204, 50.811, 48.676, 47.567, 47.395, 47.376, 46.28, 44.191, 42.903, 42.749, 42.905, 42.817, 42.099, 41.055, 40.405, 40.158, 39.146, 36.587, 34.548, 34.644, 36.72, 40.932, 44.875, 46.705, 46.752, 46.528, 46.358, 45.989, 45.759, 45.364, 44.729, 44.5, 44.978, 45.602, 45.796, 45.445, 45.502, 45.575, 45.346, 45.793, 46.385, 45.617, 44.701, 45.177, 46.065, 46.603, 46.102, 43.938, 42.066, 42.203, 42.501, 41.901, 41.269, 40.308, 38.918, 38.565, 38.449, 37.766, 37.1, 36.398, 35.537, 34.976, 34.799, 34.403, 33.064, 31.978, 32.221, 32.821, 33.257, 33.643, 33.89, 33.996, 34.144, 34.459, 34.925, 35.148, 35.057, 35.214, 35.65, 35.85, 36.024, 36.851, 37.524, 37.731, 37.746, 37.968, 38.052, 37.494, 36.503, 36.017, 36.016, 35.667, 35.709, 36.761, 37.603, 38.597, 39.796, 40.087, 39.675, 39.434, 39.24, 38.656, 38.183, 38.193, 38.087, 37.43, 36.732, 36.287, 35.906, 35.489, 34.901, 34.608, 34.118, 33.486, 33.497, 34.076, 34.689, 34.939, 35.144, 35.599, 36.264, 36.833, 37.203, 37.485, 37.609, 37.418, 37.522, 38.444, 39.602, 40.157, 40.05, 39.635, 38.851, 37.876, 37.182, 37.107, 37.564, 37.388, 36.816, 36.324, 35.621, 34.782, 34.702, 35.112, 35.348, 35.512, 35.264, 34.946, 34.805, 34.391, 34.218, 34.244, 33.881, 33.795, 35.243, 38.446, 40.909, 41.866, 42.162, 42.623, 43.34, 43.673, 43.831, 44.548, 45.788, 46.566, 46.695, 5.133], [6.027, 0.0, 7.826, 13.672, 17.672, 21.202, 24.41, 26.696, 27.871, 28.566, 29.85, 31.903, 34.619, 39.185, 44.097, 46.356, 46.459, 47.317, 49.618, 51.29, 51.408, 50.587, 49.836, 49.926, 50.937, 51.821, 51.929, 52.177, 53.352, 55.159, 56.628, 56.192, 54.25, 52.869, 52.965, 53.819, 54.427, 54.272, 52.993, 50.599, 48.433, 47.296, 47.135, 47.123, 46.034, 43.991, 42.728, 42.556, 42.693, 42.608, 41.9, 40.829, 40.13, 39.891, 38.941, 36.415, 34.378, 34.481, 36.569, 40.76, 44.684, 46.505, 46.555, 46.35, 46.217, 45.889, 45.677, 45.273, 44.637, 44.415, 44.89, 45.512, 45.719, 45.372, 45.42, 45.501, 45.287, 45.734, 46.34, 45.588, 44.646, 45.079, 45.934, 46.446, 45.929, 43.759, 41.883, 41.997, 42.28, 41.681, 41.046, 40.072, 38.685, 38.353, 38.255, 37.585, 36.923, 36.221, 35.371, 34.823, 34.637, 34.23, 32.914, 31.861, 32.089, 32.66, 33.083, 33.48, 33.74, 33.849, 34.006, 34.329, 34.793, 34.997, 34.881, 35.026, 35.453, 35.637, 35.805, 36.644, 37.327, 37.544, 37.574, 37.802, 37.893, 37.342, 36.369, 35.921, 35.951, 35.599, 35.632, 36.691, 37.512, 38.491, 39.683, 39.965, 39.555, 39.317, 39.117, 38.54, 38.099, 38.138, 38.056, 37.413, 36.706, 36.239, 35.838, 35.402, 34.774, 34.453, 33.957, 33.319, 33.345, 33.953, 34.565, 34.797, 35.007, 35.481, 36.158, 36.727, 37.093, 37.374, 37.501, 37.315, 37.422, 38.33, 39.46, 39.995, 39.873, 39.455, 38.692, 37.738, 37.047, 36.972, 37.436, 37.247, 36.648, 36.113, 35.372, 34.585, 34.592, 35.062, 35.3, 35.435, 35.165, 34.851, 34.715, 34.294, 34.123, 34.139, 33.763, 33.707, 35.187, 38.36, 40.79, 41.731, 42.023, 42.491, 43.221, 43.557, 43.716, 44.448, 45.71, 46.5, 46.63, 9.49], [12.646, 7.826, 0.0, 7.335, 13.165, 17.936, 21.938, 24.68, 26.153, 27.198, 28.872, 31.156, 33.895, 38.395, 43.337, 45.7, 45.863, 46.7, 48.988, 50.709, 50.878, 50.056, 49.288, 49.421, 50.524, 51.476, 51.601, 51.846, 53.051, 54.93, 56.472, 56.049, 54.07, 52.646, 52.723, 53.572, 54.183, 54.038, 52.796, 50.485, 48.356, 47.206, 47.043, 47.05, 45.998, 44.003, 42.73, 42.51, 42.609, 42.5, 41.772, 40.659, 39.912, 39.707, 38.883, 36.489, 34.48, 34.552, 36.606, 40.741, 44.616, 46.409, 46.464, 46.3, 46.246, 45.995, 45.807, 45.392, 44.747, 44.511, 44.961, 45.57, 45.79, 45.44, 45.461, 45.538, 45.347, 45.812, 46.427, 45.674, 44.71, 45.114, 45.977, 46.501, 45.992, 43.855, 41.989, 42.074, 42.331, 41.723, 41.066, 40.097, 38.741, 38.422, 38.331, 37.685, 37.047, 36.368, 35.543, 35.006, 34.811, 34.432, 33.158, 32.119, 32.362, 32.961, 33.386, 33.762, 34.009, 34.105, 34.249, 34.552, 34.988, 35.169, 35.055, 35.214, 35.618, 35.76, 35.916, 36.752, 37.434, 37.658, 37.699, 37.929, 38.023, 37.48, 36.523, 36.098, 36.129, 35.736, 35.705, 36.705, 37.447, 38.394, 39.596, 39.893, 39.508, 39.29, 39.089, 38.533, 38.152, 38.257, 38.228, 37.621, 36.943, 36.488, 36.09, 35.66, 35.023, 34.697, 34.195, 33.537, 33.57, 34.185, 34.764, 34.965, 35.182, 35.674, 36.348, 36.898, 37.251, 37.527, 37.651, 37.465, 37.566, 38.435, 39.519, 40.034, 39.896, 39.469, 38.744, 37.834, 37.151, 37.072, 37.544, 37.338, 36.726, 36.189, 35.454, 34.73, 34.799, 35.282, 35.502, 35.611, 35.33, 35.022, 34.88, 34.466, 34.342, 34.372, 33.98, 33.939, 35.471, 38.599, 40.959, 41.859, 42.139, 42.622, 43.388, 43.753, 43.937, 44.708, 46.004, 46.816, 46.945, 14.625], [17.229, 13.672, 7.335, 0.0, 7.642, 14.345, 19.515, 22.775, 24.511, 25.882, 27.956, 30.5, 33.304, 37.781, 42.756, 45.192, 45.4, 46.217, 48.488, 50.24, 50.43, 49.595, 48.831, 49.029, 50.217, 51.226, 51.374, 51.614, 52.836, 54.781, 56.409, 56.018, 54.008, 52.545, 52.618, 53.482, 54.107, 53.978, 52.772, 50.546, 48.495, 47.363, 47.188, 47.205, 46.197, 44.236, 42.937, 42.669, 42.721, 42.547, 41.746, 40.561, 39.777, 39.609, 38.879, 36.589, 34.596, 34.619, 36.575, 40.614, 44.434, 46.207, 46.26, 46.108, 46.104, 45.915, 45.748, 45.343, 44.719, 44.493, 44.926, 45.531, 45.775, 45.435, 45.45, 45.526, 45.341, 45.823, 46.432, 45.654, 44.667, 45.065, 45.963, 46.517, 46.046, 44.004, 42.218, 42.307, 42.554, 41.95, 41.292, 40.351, 39.022, 38.68, 38.574, 37.949, 37.33, 36.662, 35.85, 35.304, 35.078, 34.743, 33.554, 32.557, 32.824, 33.45, 33.883, 34.223, 34.434, 34.498, 34.608, 34.881, 35.292, 35.456, 35.352, 35.531, 35.931, 36.052, 36.181, 36.976, 37.644, 37.874, 37.913, 38.133, 38.226, 37.699, 36.753, 36.311, 36.327, 35.921, 35.829, 36.74, 37.434, 38.38, 39.601, 39.923, 39.57, 39.38, 39.195, 38.651, 38.292, 38.432, 38.433, 37.859, 37.224, 36.8, 36.429, 36.018, 35.403, 35.085, 34.565, 33.888, 33.911, 34.461, 34.939, 35.099, 35.333, 35.828, 36.486, 37.023, 37.373, 37.642, 37.749, 37.555, 37.652, 38.499, 39.558, 40.066, 39.924, 39.51, 38.835, 37.965, 37.29, 37.22, 37.715, 37.492, 36.853, 36.333, 35.665, 35.028, 35.102, 35.537, 35.745, 35.856, 35.561, 35.239, 35.078, 34.674, 34.591, 34.637, 34.263, 34.246, 35.798, 38.919, 41.252, 42.128, 42.388, 42.863, 43.641, 44.021, 44.217, 45.004, 46.31, 47.129, 47.253, 18.582], [20.392, 17.672, 13.165, 7.642, 0.0, 8.51, 15.443, 19.691, 21.841, 23.577, 26.112, 28.968, 31.879, 36.433, 41.53, 44.06, 44.324, 45.177, 47.495, 49.304, 49.534, 48.71, 47.973, 48.236, 49.488, 50.55, 50.745, 51.007, 52.26, 54.293, 56.041, 55.714, 53.695, 52.206, 52.29, 53.192, 53.848, 53.735, 52.548, 50.369, 48.401, 47.32, 47.136, 47.138, 46.152, 44.234, 42.934, 42.614, 42.595, 42.335, 41.436, 40.147, 39.296, 39.141, 38.487, 36.277, 34.291, 34.282, 36.184, 40.179, 43.975, 45.734, 45.762, 45.582, 45.579, 45.424, 45.276, 44.862, 44.241, 44.047, 44.489, 45.087, 45.347, 45.045, 45.109, 45.183, 44.941, 45.412, 46.044, 45.275, 44.243, 44.577, 45.459, 46.024, 45.614, 43.723, 42.083, 42.202, 42.452, 41.855, 41.211, 40.309, 38.984, 38.592, 38.471, 37.869, 37.262, 36.596, 35.795, 35.244, 34.979, 34.678, 33.612, 32.738, 33.006, 33.623, 34.08, 34.402, 34.576, 34.618, 34.705, 34.95, 35.34, 35.501, 35.399, 35.578, 35.985, 36.102, 36.203, 36.956, 37.604, 37.832, 37.851, 38.059, 38.162, 37.671, 36.754, 36.299, 36.296, 35.874, 35.745, 36.624, 37.34, 38.33, 39.583, 39.911, 39.566, 39.398, 39.241, 38.709, 38.337, 38.469, 38.476, 37.925, 37.308, 36.892, 36.527, 36.115, 35.513, 35.2, 34.664, 33.972, 33.963, 34.405, 34.767, 34.903, 35.172, 35.68, 36.334, 36.872, 37.221, 37.475, 37.553, 37.341, 37.429, 38.241, 39.253, 39.736, 39.588, 39.206, 38.594, 37.771, 37.115, 37.069, 37.592, 37.332, 36.639, 36.17, 35.653, 35.168, 35.256, 35.65, 35.828, 35.91, 35.594, 35.252, 35.057, 34.607, 34.501, 34.541, 34.19, 34.187, 35.696, 38.804, 41.131, 41.983, 42.213, 42.676, 43.461, 43.848, 44.039, 44.809, 46.09, 46.895, 47.013, 21.436], [23.43, 21.202, 17.936, 14.345, 8.51, 0.0, 8.406, 14.222, 17.372, 19.829, 22.966, 26.13, 29.074, 33.736, 39.068, 41.76, 42.101, 43.042, 45.48, 47.407, 47.753, 47.014, 46.308, 46.584, 47.87, 48.978, 49.221, 49.531, 50.853, 53.001, 54.901, 54.69, 52.722, 51.226, 51.296, 52.218, 52.901, 52.803, 51.634, 49.516, 47.695, 46.712, 46.524, 46.523, 45.587, 43.758, 42.527, 42.209, 42.165, 41.874, 40.934, 39.571, 38.641, 38.463, 37.916, 35.893, 34.076, 34.155, 36.105, 40.062, 43.791, 45.515, 45.529, 45.329, 45.303, 45.146, 45.001, 44.557, 43.892, 43.684, 44.126, 44.708, 44.953, 44.651, 44.734, 44.81, 44.539, 45.005, 45.691, 44.986, 43.927, 44.18, 45.013, 45.576, 45.231, 43.475, 41.937, 42.037, 42.28, 41.716, 41.094, 40.222, 38.928, 38.524, 38.408, 37.834, 37.246, 36.601, 35.833, 35.288, 35.004, 34.734, 33.799, 33.073, 33.341, 33.955, 34.437, 34.744, 34.896, 34.938, 35.021, 35.237, 35.598, 35.762, 35.666, 35.824, 36.213, 36.318, 36.411, 37.149, 37.771, 37.979, 37.98, 38.172, 38.274, 37.806, 36.921, 36.484, 36.486, 36.059, 35.923, 36.809, 37.542, 38.532, 39.789, 40.107, 39.753, 39.58, 39.416, 38.902, 38.566, 38.716, 38.737, 38.219, 37.626, 37.209, 36.838, 36.433, 35.846, 35.516, 34.979, 34.291, 34.217, 34.537, 34.8, 34.917, 35.223, 35.76, 36.424, 36.956, 37.281, 37.5, 37.541, 37.303, 37.387, 38.172, 39.132, 39.585, 39.437, 39.102, 38.6, 37.872, 37.241, 37.222, 37.787, 37.501, 36.751, 36.316, 35.937, 35.609, 35.727, 36.085, 36.208, 36.241, 35.925, 35.608, 35.408, 34.869, 34.638, 34.607, 34.227, 34.186, 35.608, 38.671, 40.988, 41.821, 42.024, 42.474, 43.268, 43.668, 43.867, 44.614, 45.846, 46.619, 46.736, 24.248], [26.189, 24.41, 21.938, 19.515, 15.443, 8.406, 0.0, 7.091, 11.819, 15.716, 19.695, 23.083, 25.997, 30.843, 36.493, 39.327, 39.704, 40.761, 43.368, 45.43, 45.945, 45.37, 44.713, 44.949, 46.203, 47.29, 47.523, 47.869, 49.239, 51.377, 53.285, 53.173, 51.36, 49.969, 50.056, 50.967, 51.651, 51.554, 50.391, 48.317, 46.65, 45.784, 45.583, 45.544, 44.624, 42.872, 41.745, 41.502, 41.504, 41.267, 40.395, 39.109, 38.226, 38.044, 37.565, 35.802, 34.343, 34.612, 36.562, 40.399, 44.002, 45.673, 45.682, 45.472, 45.418, 45.236, 45.08, 44.617, 43.919, 43.687, 44.11, 44.662, 44.888, 44.586, 44.654, 44.744, 44.53, 45.033, 45.745, 45.064, 44.009, 44.231, 45.034, 45.595, 45.284, 43.593, 42.116, 42.21, 42.456, 41.907, 41.27, 40.41, 39.195, 38.838, 38.752, 38.214, 37.657, 37.053, 36.328, 35.8, 35.524, 35.277, 34.425, 33.777, 34.019, 34.611, 35.088, 35.365, 35.49, 35.524, 35.599, 35.783, 36.106, 36.272, 36.201, 36.345, 36.693, 36.783, 36.877, 37.599, 38.188, 38.374, 38.375, 38.552, 38.641, 38.198, 37.362, 36.957, 36.973, 36.564, 36.444, 37.331, 38.057, 38.999, 40.227, 40.547, 40.198, 40.014, 39.83, 39.328, 39.042, 39.211, 39.235, 38.75, 38.192, 37.788, 37.43, 37.045, 36.472, 36.115, 35.585, 34.923, 34.798, 35.038, 35.244, 35.327, 35.62, 36.156, 36.813, 37.329, 37.631, 37.821, 37.838, 37.591, 37.662, 38.407, 39.325, 39.765, 39.619, 39.319, 38.926, 38.297, 37.695, 37.694, 38.281, 38.018, 37.284, 36.858, 36.538, 36.307, 36.455, 36.781, 36.869, 36.869, 36.567, 36.303, 36.134, 35.53, 35.158, 35.048, 34.639, 34.553, 35.915, 38.899, 41.187, 42.024, 42.214, 42.633, 43.42, 43.826, 44.022, 44.724, 45.883, 46.621, 46.749, 26.805], [28.156, 26.696, 24.68, 22.775, 19.691, 14.222, 7.091, 0.0, 6.091, 11.907, 17.128, 20.965, 24.053, 29.203, 35.091, 37.946, 38.311, 39.478, 42.201, 44.308, 44.924, 44.481, 43.876, 44.069, 45.251, 46.259, 46.432, 46.78, 48.165, 50.219, 51.996, 51.869, 50.197, 48.989, 49.167, 50.079, 50.744, 50.626, 49.436, 47.337, 45.72, 44.915, 44.698, 44.586, 43.603, 41.873, 40.846, 40.7, 40.783, 40.646, 39.901, 38.776, 38.029, 37.881, 37.415, 35.827, 34.654, 35.05, 36.892, 40.548, 44.035, 45.659, 45.649, 45.421, 45.345, 45.145, 44.983, 44.523, 43.83, 43.596, 44.01, 44.542, 44.758, 44.465, 44.528, 44.644, 44.514, 45.058, 45.754, 45.062, 44.034, 44.283, 45.085, 45.639, 45.331, 43.657, 42.23, 42.375, 42.643, 42.077, 41.407, 40.538, 39.379, 39.075, 39.022, 38.506, 37.96, 37.373, 36.667, 36.156, 35.907, 35.675, 34.833, 34.172, 34.366, 34.937, 35.413, 35.683, 35.79, 35.816, 35.895, 36.064, 36.355, 36.512, 36.473, 36.633, 36.961, 37.052, 37.156, 37.85, 38.406, 38.579, 38.587, 38.751, 38.822, 38.394, 37.599, 37.219, 37.236, 36.838, 36.739, 37.642, 38.378, 39.287, 40.491, 40.812, 40.464, 40.268, 40.065, 39.562, 39.287, 39.441, 39.445, 38.975, 38.429, 38.029, 37.674, 37.292, 36.724, 36.353, 35.833, 35.203, 35.076, 35.313, 35.535, 35.623, 35.888, 36.392, 37.023, 37.519, 37.809, 37.985, 37.997, 37.757, 37.814, 38.516, 39.407, 39.841, 39.694, 39.419, 39.087, 38.499, 37.903, 37.909, 38.499, 38.27, 37.588, 37.194, 36.904, 36.689, 36.805, 37.101, 37.174, 37.155, 36.869, 36.65, 36.501, 35.862, 35.443, 35.318, 34.913, 34.839, 36.233, 39.168, 41.408, 42.243, 42.421, 42.812, 43.587, 43.992, 44.177, 44.839, 45.941, 46.658, 46.806, 28.584], [29.126, 27.871, 26.153, 24.511, 21.841, 17.372, 11.819, 6.091, 0.0, 7.101, 13.827, 18.792, 22.712, 28.54, 34.688, 37.505, 37.83, 39.082, 41.877, 43.957, 44.558, 44.145, 43.57, 43.756, 44.901, 45.859, 45.994, 46.347, 47.755, 49.797, 51.508, 51.32, 49.657, 48.549, 48.843, 49.828, 50.522, 50.4, 49.163, 46.971, 45.277, 44.453, 44.23, 44.064, 42.982, 41.184, 40.17, 40.081, 40.239, 40.185, 39.522, 38.476, 37.801, 37.672, 37.149, 35.507, 34.346, 34.746, 36.511, 40.144, 43.69, 45.349, 45.317, 45.063, 44.967, 44.746, 44.576, 44.126, 43.452, 43.231, 43.662, 44.226, 44.461, 44.166, 44.228, 44.368, 44.284, 44.842, 45.528, 44.829, 43.818, 44.109, 44.936, 45.483, 45.147, 43.421, 41.976, 42.181, 42.476, 41.875, 41.185, 40.289, 39.091, 38.794, 38.752, 38.214, 37.629, 36.998, 36.249, 35.729, 35.506, 35.258, 34.317, 33.549, 33.712, 34.311, 34.824, 35.129, 35.257, 35.305, 35.404, 35.576, 35.863, 36.023, 36.004, 36.197, 36.554, 36.68, 36.834, 37.557, 38.126, 38.311, 38.326, 38.485, 38.538, 38.073, 37.23, 36.824, 36.839, 36.421, 36.319, 37.298, 38.107, 39.066, 40.308, 40.631, 40.255, 40.031, 39.81, 39.277, 38.942, 39.045, 39.016, 38.519, 37.935, 37.514, 37.141, 36.723, 36.124, 35.745, 35.224, 34.587, 34.489, 34.802, 35.117, 35.263, 35.531, 36.025, 36.652, 37.155, 37.454, 37.636, 37.659, 37.424, 37.468, 38.17, 39.085, 39.539, 39.397, 39.131, 38.794, 38.17, 37.541, 37.534, 38.125, 37.897, 37.23, 36.899, 36.635, 36.337, 36.356, 36.619, 36.684, 36.652, 36.36, 36.15, 35.993, 35.324, 34.949, 34.873, 34.468, 34.449, 36.003, 39.041, 41.303, 42.144, 42.319, 42.701, 43.472, 43.87, 44.047, 44.716, 45.835, 46.558, 46.722, 29.387], [29.62, 28.566, 27.198, 25.882, 23.577, 19.829, 15.716, 11.907, 7.101, 0.0, 8.017, 14.84, 20.504, 27.596, 34.224, 37.072, 37.338, 38.642, 41.526, 43.597, 44.142, 43.703, 43.164, 43.422, 44.634, 45.625, 45.763, 46.139, 47.616, 49.762, 51.536, 51.337, 49.608, 48.482, 48.847, 49.941, 50.719, 50.633, 49.361, 47.048, 45.228, 44.341, 44.123, 43.955, 42.798, 40.869, 39.778, 39.71, 39.936, 39.943, 39.304, 38.246, 37.561, 37.435, 36.808, 34.92, 33.555, 33.926, 35.754, 39.577, 43.338, 45.101, 45.059, 44.778, 44.662, 44.406, 44.22, 43.775, 43.094, 42.852, 43.299, 43.932, 44.215, 43.904, 43.953, 44.108, 44.041, 44.606, 45.311, 44.615, 43.588, 43.906, 44.773, 45.333, 44.952, 43.095, 41.515, 41.741, 42.063, 41.429, 40.734, 39.8, 38.511, 38.196, 38.138, 37.544, 36.895, 36.179, 35.33, 34.767, 34.565, 34.273, 33.156, 32.229, 32.395, 33.067, 33.64, 34.008, 34.198, 34.307, 34.436, 34.617, 34.923, 35.112, 35.106, 35.326, 35.725, 35.89, 36.117, 36.948, 37.596, 37.818, 37.832, 37.978, 38.008, 37.457, 36.472, 35.98, 36.004, 35.585, 35.498, 36.569, 37.455, 38.492, 39.817, 40.155, 39.739, 39.473, 39.23, 38.666, 38.272, 38.332, 38.27, 37.709, 37.049, 36.591, 36.182, 35.702, 35.031, 34.628, 34.078, 33.384, 33.307, 33.721, 34.148, 34.358, 34.648, 35.168, 35.832, 36.374, 36.703, 36.908, 36.955, 36.724, 36.77, 37.528, 38.525, 39.031, 38.912, 38.655, 38.262, 37.532, 36.837, 36.818, 37.437, 37.209, 36.532, 36.259, 35.985, 35.502, 35.378, 35.609, 35.679, 35.649, 35.326, 35.095, 34.924, 34.226, 33.915, 33.895, 33.484, 33.53, 35.302, 38.558, 40.921, 41.797, 41.987, 42.372, 43.131, 43.516, 43.69, 44.405, 45.605, 46.357, 46.52, 29.758], [30.688, 29.85, 28.872, 27.956, 26.112, 22.966, 19.695, 17.128, 13.827, 8.017, 0.0, 8.608, 16.71, 25.512, 32.788, 35.765, 35.98, 37.305, 40.301, 42.442, 43.019, 42.605, 42.134, 42.523, 43.866, 44.925, 45.074, 45.474, 47.027, 49.296, 51.195, 51.092, 49.384, 48.25, 48.645, 49.824, 50.714, 50.72, 49.487, 47.157, 45.306, 44.411, 44.227, 44.091, 42.92, 40.914, 39.754, 39.696, 39.956, 39.995, 39.381, 38.341, 37.677, 37.576, 36.898, 34.865, 33.384, 33.773, 35.717, 39.692, 43.564, 45.367, 45.32, 45.029, 44.892, 44.598, 44.405, 43.974, 43.266, 42.96, 43.387, 44.066, 44.404, 44.107, 44.135, 44.279, 44.208, 44.783, 45.518, 44.821, 43.747, 44.023, 44.891, 45.473, 45.062, 43.093, 41.381, 41.567, 41.911, 41.283, 40.594, 39.651, 38.348, 38.034, 37.962, 37.348, 36.679, 35.92, 35.016, 34.436, 34.244, 33.929, 32.757, 31.817, 32.017, 32.722, 33.295, 33.68, 33.912, 34.069, 34.213, 34.381, 34.694, 34.915, 34.926, 35.143, 35.532, 35.702, 35.954, 36.842, 37.546, 37.794, 37.802, 37.932, 37.947, 37.344, 36.265, 35.699, 35.719, 35.365, 35.337, 36.414, 37.282, 38.333, 39.692, 40.039, 39.618, 39.339, 39.077, 38.526, 38.159, 38.229, 38.152, 37.564, 36.88, 36.41, 35.988, 35.483, 34.782, 34.373, 33.812, 33.098, 33.005, 33.428, 33.887, 34.114, 34.404, 34.931, 35.601, 36.146, 36.483, 36.7, 36.766, 36.548, 36.603, 37.388, 38.426, 38.956, 38.864, 38.621, 38.181, 37.363, 36.643, 36.644, 37.283, 37.046, 36.366, 36.119, 35.84, 35.243, 35.024, 35.223, 35.295, 35.266, 34.925, 34.688, 34.524, 33.819, 33.503, 33.486, 33.105, 33.197, 35.029, 38.352, 40.786, 41.717, 41.929, 42.302, 43.025, 43.381, 43.546, 44.279, 45.524, 46.286, 46.436, 30.762], [32.608, 31.903, 31.156, 30.5, 28.968, 26.13, 23.083, 20.965, 18.792, 14.84, 8.608, 0.0, 10.184, 21.085, 29.38, 32.681, 32.884, 34.218, 37.36, 39.699, 40.499, 40.238, 39.861, 40.406, 41.942, 43.115, 43.29, 43.702, 45.274, 47.559, 49.53, 49.584, 48.049, 47.017, 47.438, 48.657, 49.664, 49.835, 48.784, 46.652, 44.982, 44.193, 44.048, 43.958, 42.895, 41.031, 39.933, 39.88, 40.131, 40.182, 39.604, 38.634, 38.032, 37.955, 37.354, 35.578, 34.401, 34.883, 36.745, 40.509, 44.168, 45.864, 45.82, 45.559, 45.437, 45.154, 44.976, 44.583, 43.883, 43.524, 43.904, 44.583, 44.961, 44.703, 44.7, 44.809, 44.738, 45.335, 46.102, 45.425, 44.328, 44.524, 45.342, 45.928, 45.528, 43.587, 41.905, 42.041, 42.386, 41.827, 41.194, 40.326, 39.146, 38.869, 38.812, 38.263, 37.671, 36.994, 36.169, 35.637, 35.448, 35.162, 34.154, 33.38, 33.547, 34.126, 34.574, 34.891, 35.101, 35.253, 35.383, 35.513, 35.785, 35.993, 36.013, 36.199, 36.536, 36.675, 36.88, 37.699, 38.358, 38.606, 38.641, 38.765, 38.775, 38.228, 37.26, 36.754, 36.762, 36.464, 36.456, 37.419, 38.191, 39.164, 40.441, 40.773, 40.4, 40.155, 39.901, 39.405, 39.109, 39.193, 39.121, 38.598, 37.993, 37.548, 37.16, 36.72, 36.096, 35.728, 35.225, 34.581, 34.42, 34.722, 35.119, 35.309, 35.537, 35.993, 36.579, 37.046, 37.344, 37.535, 37.587, 37.386, 37.405, 38.075, 39.015, 39.503, 39.407, 39.188, 38.807, 38.071, 37.431, 37.477, 38.071, 37.772, 37.125, 36.92, 36.708, 36.217, 36.044, 36.228, 36.278, 36.242, 35.922, 35.721, 35.591, 34.92, 34.564, 34.512, 34.195, 34.302, 35.931, 38.969, 41.301, 42.251, 42.477, 42.825, 43.504, 43.826, 43.963, 44.631, 45.79, 46.494, 46.616, 32.699], [35.298, 34.619, 33.895, 33.304, 31.879, 29.074, 25.997, 24.053, 22.712, 20.504, 16.71, 10.184, 0.0, 12.532, 22.318, 26.417, 26.797, 28.132, 31.488, 34.235, 35.545, 35.623, 35.363, 36.076, 37.895, 39.294, 39.584, 40.034, 41.583, 43.832, 45.89, 46.169, 44.916, 44.068, 44.514, 45.713, 46.793, 47.193, 46.549, 44.953, 43.78, 43.24, 43.123, 43.121, 42.36, 40.903, 40.03, 39.992, 40.218, 40.299, 39.806, 38.941, 38.388, 38.321, 37.998, 36.962, 36.491, 37.088, 38.643, 41.816, 44.905, 46.318, 46.276, 46.11, 46.085, 45.88, 45.725, 45.359, 44.692, 44.295, 44.59, 45.199, 45.574, 45.337, 45.268, 45.346, 45.339, 45.973, 46.758, 46.151, 45.099, 45.222, 45.949, 46.497, 46.164, 44.478, 43.037, 43.117, 43.424, 42.992, 42.487, 41.775, 40.817, 40.606, 40.582, 40.149, 39.71, 39.222, 38.588, 38.156, 37.98, 37.77, 37.094, 36.612, 36.659, 36.981, 37.246, 37.434, 37.548, 37.648, 37.746, 37.822, 38.018, 38.177, 38.192, 38.315, 38.563, 38.65, 38.763, 39.414, 39.943, 40.165, 40.254, 40.378, 40.375, 39.963, 39.272, 38.928, 38.925, 38.711, 38.787, 39.627, 40.257, 41.012, 42.037, 42.305, 42.016, 41.827, 41.586, 41.137, 40.884, 40.933, 40.828, 40.406, 39.943, 39.565, 39.259, 38.957, 38.499, 38.218, 37.844, 37.364, 37.127, 37.225, 37.498, 37.637, 37.78, 38.126, 38.586, 38.937, 39.16, 39.3, 39.323, 39.147, 39.103, 39.556, 40.291, 40.685, 40.554, 40.362, 40.144, 39.643, 39.167, 39.247, 39.719, 39.368, 38.827, 38.682, 38.579, 38.389, 38.386, 38.56, 38.555, 38.499, 38.227, 38.08, 38.014, 37.483, 37.124, 37.009, 36.753, 36.82, 37.946, 40.314, 42.347, 43.265, 43.506, 43.836, 44.474, 44.764, 44.853, 45.369, 46.296, 46.87, 46.955, 35.487], [39.868, 39.185, 38.395, 37.781, 36.433, 33.736, 30.843, 29.203, 28.54, 27.596, 25.512, 21.085, 12.532, 0.0, 11.058, 16.572, 17.777, 19.277, 22.907, 26.365, 28.625, 29.358, 29.335, 30.219, 32.34, 34.079, 34.67, 35.265, 36.742, 38.923, 41.199, 41.842, 41.007, 40.424, 40.877, 41.958, 42.991, 43.581, 43.522, 42.874, 42.652, 42.646, 42.588, 42.675, 42.376, 41.603, 41.173, 41.187, 41.348, 41.446, 41.068, 40.326, 39.783, 39.712, 39.845, 39.864, 40.281, 40.972, 42.035, 44.265, 46.45, 47.384, 47.345, 47.328, 47.441, 47.34, 47.188, 46.831, 46.228, 45.823, 45.986, 46.433, 46.739, 46.505, 46.358, 46.441, 46.579, 47.265, 48.075, 47.629, 46.704, 46.72, 47.289, 47.762, 47.563, 46.352, 45.305, 45.266, 45.516, 45.29, 44.973, 44.482, 43.854, 43.743, 43.748, 43.455, 43.208, 42.947, 42.543, 42.245, 42.143, 42.085, 41.873, 41.8, 41.728, 41.773, 41.843, 41.857, 41.827, 41.846, 41.899, 41.92, 42.028, 42.125, 42.126, 42.156, 42.265, 42.259, 42.261, 42.7, 43.045, 43.198, 43.338, 43.467, 43.447, 43.19, 42.836, 42.689, 42.684, 42.631, 42.851, 43.529, 43.966, 44.375, 44.978, 45.123, 44.947, 44.852, 44.639, 44.232, 44.01, 43.993, 43.808, 43.483, 43.209, 42.946, 42.757, 42.639, 42.411, 42.253, 42.046, 41.803, 41.523, 41.367, 41.467, 41.564, 41.653, 41.891, 42.215, 42.431, 42.544, 42.6, 42.584, 42.459, 42.385, 42.61, 43.085, 43.334, 43.141, 42.975, 42.968, 42.782, 42.53, 42.645, 42.97, 42.622, 42.205, 42.092, 42.098, 42.273, 42.448, 42.609, 42.548, 42.464, 42.247, 42.154, 42.158, 41.866, 41.564, 41.378, 41.201, 41.201, 41.584, 42.972, 44.534, 45.36, 45.592, 45.874, 46.442, 46.691, 46.731, 47.043, 47.64, 48.044, 48.109, 40.163], [44.728, 44.097, 43.337, 42.756, 41.53, 39.068, 36.493, 35.091, 34.688, 34.224, 32.788, 29.38, 22.318, 11.058, 0.0, 6.895, 9.931, 12.283, 16.022, 20.007, 23.253, 24.793, 25.165, 26.224, 28.566, 30.635, 31.603, 32.399, 33.771, 35.82, 38.287, 39.26, 38.821, 38.507, 38.967, 39.916, 40.85, 41.483, 41.82, 42.039, 42.839, 43.471, 43.477, 43.571, 43.635, 43.488, 43.488, 43.571, 43.642, 43.684, 43.35, 42.68, 42.14, 42.082, 42.566, 43.339, 44.394, 45.165, 45.778, 47.119, 48.507, 49.044, 49.012, 49.085, 49.26, 49.219, 49.067, 48.725, 48.201, 47.825, 47.885, 48.166, 48.371, 48.113, 47.895, 48.002, 48.289, 49.025, 49.887, 49.649, 48.892, 48.826, 49.24, 49.631, 49.547, 48.742, 48.016, 47.873, 48.103, 48.06, 47.896, 47.597, 47.254, 47.208, 47.217, 47.028, 46.911, 46.792, 46.546, 46.359, 46.346, 46.424, 46.565, 46.792, 46.672, 46.58, 46.537, 46.438, 46.324, 46.306, 46.34, 46.327, 46.374, 46.43, 46.439, 46.409, 46.402, 46.335, 46.292, 46.598, 46.808, 46.898, 47.056, 47.183, 47.158, 47.003, 46.85, 46.811, 46.795, 46.84, 47.135, 47.659, 47.929, 48.041, 48.275, 48.29, 48.187, 48.169, 47.988, 47.613, 47.422, 47.384, 47.168, 46.925, 46.808, 46.655, 46.56, 46.582, 46.537, 46.474, 46.37, 46.295, 45.998, 45.645, 45.587, 45.663, 45.739, 45.899, 46.106, 46.212, 46.232, 46.215, 46.165, 46.088, 46.031, 46.127, 46.407, 46.526, 46.281, 46.144, 46.314, 46.371, 46.274, 46.405, 46.632, 46.295, 45.945, 45.867, 45.975, 46.393, 46.638, 46.777, 46.688, 46.594, 46.433, 46.375, 46.404, 46.285, 46.052, 45.845, 45.737, 45.705, 45.585, 46.235, 47.397, 48.135, 48.339, 48.532, 48.998, 49.202, 49.205, 49.356, 49.685, 49.955, 50.019, 45.044], [46.896, 46.356, 45.7, 45.192, 44.06, 41.76, 39.327, 37.946, 37.505, 37.072, 35.765, 32.681, 26.417, 16.572, 6.895, 0.0, 4.877, 9.121, 13.289, 17.208, 20.677, 22.592, 23.242, 24.426, 26.867, 29.11, 30.291, 31.234, 32.602, 34.603, 37.159, 38.284, 38.023, 37.849, 38.339, 39.255, 40.168, 40.798, 41.209, 41.712, 42.986, 43.954, 43.97, 44.022, 44.191, 44.28, 44.482, 44.643, 44.698, 44.702, 44.37, 43.725, 43.202, 43.165, 43.769, 44.814, 46.161, 47.028, 47.447, 48.387, 49.455, 49.846, 49.817, 49.908, 50.08, 50.046, 49.901, 49.579, 49.106, 48.767, 48.808, 49.034, 49.2, 48.929, 48.676, 48.795, 49.158, 49.933, 50.83, 50.7, 50.045, 49.974, 50.325, 50.668, 50.622, 49.939, 49.304, 49.13, 49.371, 49.397, 49.285, 49.054, 48.806, 48.761, 48.749, 48.587, 48.508, 48.424, 48.219, 48.067, 48.09, 48.215, 48.461, 48.77, 48.657, 48.55, 48.472, 48.33, 48.194, 48.172, 48.203, 48.181, 48.206, 48.254, 48.275, 48.226, 48.178, 48.107, 48.082, 48.356, 48.518, 48.585, 48.744, 48.867, 48.85, 48.733, 48.629, 48.61, 48.58, 48.639, 48.943, 49.402, 49.622, 49.636, 49.734, 49.692, 49.589, 49.576, 49.406, 49.044, 48.871, 48.849, 48.641, 48.429, 48.369, 48.267, 48.212, 48.281, 48.302, 48.273, 48.2, 48.18, 47.879, 47.455, 47.336, 47.41, 47.487, 47.614, 47.778, 47.844, 47.822, 47.77, 47.705, 47.652, 47.622, 47.698, 47.918, 47.98, 47.71, 47.592, 47.83, 47.956, 47.897, 48.031, 48.224, 47.888, 47.554, 47.495, 47.631, 48.108, 48.366, 48.499, 48.403, 48.306, 48.169, 48.124, 48.154, 48.089, 47.896, 47.703, 47.622, 47.589, 47.348, 47.766, 48.773, 49.479, 49.674, 49.809, 50.208, 50.384, 50.364, 50.441, 50.651, 50.86, 50.929, 47.176], [46.946, 46.459, 45.863, 45.4, 44.324, 42.101, 39.704, 38.311, 37.83, 37.338, 35.98, 32.884, 26.797, 17.777, 9.931, 4.877, 0.0, 5.833, 11.326, 15.683, 19.134, 21.032, 21.768, 23.037, 25.535, 27.836, 29.053, 30.037, 31.508, 33.663, 36.379, 37.597, 37.366, 37.224, 37.767, 38.76, 39.77, 40.485, 40.919, 41.376, 42.645, 43.671, 43.74, 43.818, 43.965, 44.015, 44.218, 44.404, 44.468, 44.466, 44.134, 43.5, 42.992, 42.972, 43.589, 44.63, 45.976, 46.853, 47.259, 48.196, 49.29, 49.692, 49.657, 49.737, 49.894, 49.846, 49.7, 49.383, 48.914, 48.589, 48.653, 48.906, 49.103, 48.859, 48.627, 48.751, 49.115, 49.903, 50.819, 50.696, 50.04, 49.966, 50.313, 50.653, 50.602, 49.878, 49.185, 48.999, 49.253, 49.272, 49.152, 48.918, 48.665, 48.619, 48.602, 48.432, 48.349, 48.264, 48.055, 47.897, 47.913, 48.028, 48.261, 48.564, 48.46, 48.363, 48.286, 48.141, 48.012, 48.0, 48.031, 48.007, 48.031, 48.081, 48.103, 48.05, 47.997, 47.928, 47.925, 48.212, 48.379, 48.45, 48.606, 48.729, 48.727, 48.612, 48.491, 48.46, 48.429, 48.476, 48.749, 49.184, 49.406, 49.441, 49.558, 49.522, 49.409, 49.378, 49.202, 48.853, 48.707, 48.715, 48.525, 48.319, 48.26, 48.162, 48.106, 48.165, 48.171, 48.133, 48.054, 48.021, 47.699, 47.261, 47.146, 47.223, 47.291, 47.413, 47.577, 47.646, 47.626, 47.574, 47.51, 47.464, 47.446, 47.534, 47.762, 47.825, 47.552, 47.43, 47.663, 47.772, 47.702, 47.838, 48.025, 47.669, 47.339, 47.308, 47.45, 47.914, 48.18, 48.319, 48.217, 48.116, 47.977, 47.941, 47.978, 47.903, 47.697, 47.501, 47.418, 47.388, 47.171, 47.594, 48.59, 49.296, 49.497, 49.63, 50.018, 50.188, 50.159, 50.226, 50.428, 50.628, 50.691, 47.184], [47.793, 47.317, 46.7, 46.217, 45.177, 43.042, 40.761, 39.478, 39.082, 38.642, 37.305, 34.218, 28.132, 19.277, 12.283, 9.121, 5.833, 0.0, 6.723, 12.504, 16.781, 18.931, 19.777, 21.198, 23.901, 26.385, 27.666, 28.602, 30.099, 32.458, 35.446, 36.811, 36.622, 36.493, 37.078, 38.166, 39.33, 40.245, 40.895, 41.544, 42.927, 44.005, 44.153, 44.373, 44.646, 44.729, 44.873, 45.005, 45.042, 45.024, 44.68, 44.04, 43.537, 43.56, 44.258, 45.332, 46.581, 47.345, 47.67, 48.539, 49.615, 50.012, 49.964, 50.034, 50.204, 50.172, 50.027, 49.716, 49.245, 48.899, 48.944, 49.189, 49.391, 49.17, 48.952, 49.061, 49.382, 50.143, 51.08, 51.004, 50.359, 50.247, 50.55, 50.873, 50.838, 50.159, 49.489, 49.288, 49.532, 49.564, 49.476, 49.274, 49.053, 49.026, 49.023, 48.876, 48.814, 48.761, 48.591, 48.463, 48.479, 48.597, 48.881, 49.233, 49.092, 48.956, 48.852, 48.692, 48.567, 48.56, 48.586, 48.553, 48.562, 48.599, 48.617, 48.561, 48.488, 48.4, 48.382, 48.645, 48.798, 48.879, 49.035, 49.142, 49.147, 49.067, 48.978, 48.949, 48.919, 48.983, 49.25, 49.626, 49.768, 49.729, 49.798, 49.758, 49.668, 49.651, 49.478, 49.169, 49.078, 49.112, 48.94, 48.775, 48.765, 48.696, 48.658, 48.731, 48.751, 48.721, 48.641, 48.603, 48.265, 47.794, 47.655, 47.708, 47.753, 47.85, 47.977, 48.023, 48.007, 47.959, 47.893, 47.855, 47.835, 47.885, 48.078, 48.134, 47.864, 47.742, 47.992, 48.142, 48.108, 48.251, 48.412, 48.035, 47.727, 47.742, 47.957, 48.498, 48.781, 48.9, 48.768, 48.651, 48.52, 48.503, 48.554, 48.487, 48.268, 48.051, 47.983, 47.968, 47.7, 47.967, 48.862, 49.549, 49.754, 49.885, 50.262, 50.425, 50.395, 50.448, 50.631, 50.815, 50.861, 48.014], [50.074, 49.618, 48.988, 48.488, 47.495, 45.48, 43.368, 42.201, 41.877, 41.526, 40.301, 37.36, 31.488, 22.907, 16.022, 13.289, 11.326, 6.723, 0.0, 7.131, 12.94, 16.013, 17.26, 18.957, 22.026, 24.884, 26.374, 27.293, 28.745, 31.22, 34.455, 35.978, 35.869, 35.752, 36.317, 37.428, 38.711, 39.833, 40.779, 41.849, 43.65, 44.943, 45.122, 45.445, 45.984, 46.345, 46.544, 46.623, 46.606, 46.555, 46.177, 45.5, 44.959, 45.012, 45.873, 47.179, 48.523, 49.237, 49.359, 49.884, 50.726, 51.033, 50.974, 51.052, 51.258, 51.273, 51.14, 50.848, 50.407, 50.049, 50.041, 50.224, 50.399, 50.191, 49.968, 50.06, 50.366, 51.104, 52.079, 52.129, 51.578, 51.448, 51.683, 51.954, 51.949, 51.435, 50.922, 50.717, 50.939, 51.005, 50.959, 50.818, 50.684, 50.661, 50.651, 50.547, 50.532, 50.528, 50.423, 50.353, 50.401, 50.547, 50.92, 51.353, 51.179, 50.981, 50.818, 50.618, 50.481, 50.475, 50.504, 50.461, 50.44, 50.446, 50.465, 50.407, 50.312, 50.222, 50.198, 50.404, 50.519, 50.606, 50.764, 50.832, 50.829, 50.816, 50.81, 50.799, 50.753, 50.842, 51.109, 51.368, 51.341, 51.096, 51.002, 50.925, 50.876, 50.892, 50.73, 50.475, 50.456, 50.523, 50.372, 50.276, 50.372, 50.38, 50.392, 50.508, 50.594, 50.616, 50.571, 50.581, 50.249, 49.713, 49.517, 49.551, 49.574, 49.617, 49.667, 49.666, 49.639, 49.576, 49.497, 49.469, 49.439, 49.421, 49.535, 49.551, 49.279, 49.184, 49.482, 49.708, 49.744, 49.899, 50.027, 49.644, 49.341, 49.36, 49.678, 50.36, 50.65, 50.729, 50.56, 50.416, 50.303, 50.314, 50.37, 50.343, 50.17, 49.96, 49.935, 49.961, 49.602, 49.607, 50.342, 51.006, 51.203, 51.287, 51.611, 51.753, 51.715, 51.717, 51.807, 51.935, 51.966, 50.286], [51.693, 51.29, 50.709, 50.24, 49.304, 47.407, 45.43, 44.308, 43.957, 43.597, 42.442, 39.699, 34.235, 26.365, 20.007, 17.208, 15.683, 12.504, 7.131, 0.0, 6.991, 11.5, 13.792, 16.108, 19.63, 22.897, 24.626, 25.599, 27.094, 29.746, 33.231, 34.894, 34.806, 34.636, 35.135, 36.249, 37.625, 38.857, 39.945, 41.348, 43.612, 45.192, 45.392, 45.725, 46.465, 47.137, 47.486, 47.573, 47.526, 47.425, 46.984, 46.228, 45.592, 45.608, 46.576, 48.109, 49.657, 50.477, 50.472, 50.691, 51.348, 51.608, 51.554, 51.634, 51.848, 51.885, 51.758, 51.475, 51.068, 50.728, 50.696, 50.84, 50.998, 50.818, 50.623, 50.731, 51.066, 51.843, 52.894, 53.065, 52.623, 52.539, 52.769, 53.013, 53.018, 52.576, 52.127, 51.92, 52.142, 52.214, 52.153, 52.029, 51.95, 51.914, 51.881, 51.782, 51.773, 51.778, 51.687, 51.638, 51.709, 51.853, 52.205, 52.64, 52.481, 52.289, 52.098, 51.87, 51.726, 51.731, 51.777, 51.736, 51.697, 51.691, 51.719, 51.676, 51.592, 51.546, 51.584, 51.81, 51.931, 52.041, 52.197, 52.225, 52.199, 52.197, 52.201, 52.177, 52.106, 52.159, 52.357, 52.523, 52.387, 51.995, 51.793, 51.694, 51.668, 51.694, 51.518, 51.284, 51.314, 51.412, 51.291, 51.239, 51.4, 51.473, 51.525, 51.654, 51.769, 51.825, 51.805, 51.844, 51.517, 50.932, 50.702, 50.754, 50.788, 50.793, 50.783, 50.766, 50.743, 50.672, 50.579, 50.552, 50.517, 50.477, 50.566, 50.569, 50.305, 50.232, 50.536, 50.765, 50.837, 51.007, 51.143, 50.759, 50.393, 50.356, 50.73, 51.493, 51.794, 51.853, 51.658, 51.497, 51.4, 51.436, 51.483, 51.452, 51.336, 51.169, 51.182, 51.257, 50.928, 50.887, 51.587, 52.25, 52.433, 52.463, 52.727, 52.842, 52.795, 52.774, 52.812, 52.904, 52.926, 51.859], [51.754, 51.408, 50.878, 50.43, 49.534, 47.753, 45.945, 44.924, 44.558, 44.142, 43.019, 40.499, 35.545, 28.625, 23.253, 20.677, 19.134, 16.781, 12.94, 6.991, 0.0, 5.763, 9.765, 13.372, 17.524, 21.095, 22.966, 23.997, 25.604, 28.556, 32.389, 34.213, 34.055, 33.736, 34.145, 35.267, 36.689, 37.896, 38.908, 40.366, 42.876, 44.661, 44.905, 45.233, 46.048, 46.863, 47.347, 47.489, 47.43, 47.267, 46.741, 45.872, 45.104, 45.048, 46.032, 47.624, 49.266, 50.199, 50.167, 50.314, 51.005, 51.329, 51.298, 51.373, 51.581, 51.62, 51.493, 51.203, 50.797, 50.465, 50.445, 50.608, 50.783, 50.635, 50.501, 50.65, 51.003, 51.842, 52.996, 53.24, 52.832, 52.782, 53.037, 53.305, 53.32, 52.802, 52.237, 52.001, 52.235, 52.296, 52.206, 52.054, 51.962, 51.91, 51.852, 51.717, 51.677, 51.657, 51.533, 51.463, 51.531, 51.651, 51.914, 52.289, 52.16, 52.017, 51.841, 51.616, 51.483, 51.504, 51.566, 51.53, 51.49, 51.492, 51.532, 51.51, 51.457, 51.459, 51.575, 51.874, 52.042, 52.18, 52.324, 52.329, 52.289, 52.254, 52.194, 52.123, 52.043, 52.037, 52.145, 52.28, 52.118, 51.685, 51.474, 51.383, 51.354, 51.357, 51.153, 50.926, 51.002, 51.149, 51.064, 51.022, 51.192, 51.29, 51.35, 51.457, 51.545, 51.591, 51.556, 51.576, 51.248, 50.648, 50.408, 50.485, 50.55, 50.558, 50.538, 50.54, 50.542, 50.475, 50.378, 50.349, 50.325, 50.316, 50.438, 50.463, 50.216, 50.148, 50.411, 50.586, 50.653, 50.831, 50.991, 50.599, 50.139, 50.024, 50.393, 51.172, 51.509, 51.575, 51.37, 51.213, 51.135, 51.186, 51.214, 51.132, 51.042, 50.922, 50.947, 51.056, 50.874, 50.994, 51.77, 52.441, 52.61, 52.623, 52.876, 52.987, 52.946, 52.956, 53.027, 53.127, 53.146, 51.85], [50.918, 50.587, 50.056, 49.595, 48.71, 47.014, 45.37, 44.481, 44.145, 43.703, 42.605, 40.238, 35.623, 29.358, 24.793, 22.592, 21.032, 18.931, 16.013, 11.5, 5.763, 0.0, 5.471, 10.926, 16.197, 20.127, 22.042, 23.115, 24.831, 28.014, 32.078, 33.963, 33.686, 33.233, 33.603, 34.748, 36.182, 37.35, 38.274, 39.632, 42.109, 43.937, 44.251, 44.629, 45.437, 46.205, 46.692, 46.865, 46.809, 46.622, 46.055, 45.115, 44.268, 44.171, 45.132, 46.67, 48.267, 49.215, 49.204, 49.447, 50.276, 50.687, 50.674, 50.751, 50.972, 51.023, 50.902, 50.599, 50.164, 49.809, 49.805, 50.022, 50.237, 50.103, 50.012, 50.196, 50.537, 51.386, 52.583, 52.83, 52.393, 52.333, 52.606, 52.917, 52.959, 52.347, 51.628, 51.353, 51.588, 51.634, 51.538, 51.353, 51.209, 51.137, 51.061, 50.891, 50.822, 50.773, 50.614, 50.518, 50.571, 50.679, 50.893, 51.222, 51.092, 50.969, 50.81, 50.605, 50.492, 50.525, 50.587, 50.55, 50.519, 50.531, 50.575, 50.573, 50.54, 50.557, 50.702, 51.044, 51.245, 51.394, 51.527, 51.525, 51.49, 51.435, 51.319, 51.201, 51.119, 51.103, 51.185, 51.327, 51.187, 50.794, 50.632, 50.557, 50.513, 50.49, 50.273, 50.056, 50.168, 50.353, 50.287, 50.235, 50.382, 50.469, 50.52, 50.604, 50.657, 50.673, 50.612, 50.6, 50.275, 49.695, 49.467, 49.546, 49.622, 49.652, 49.656, 49.682, 49.697, 49.634, 49.539, 49.514, 49.501, 49.516, 49.661, 49.698, 49.458, 49.384, 49.609, 49.75, 49.81, 49.982, 50.149, 49.737, 49.234, 49.102, 49.451, 50.202, 50.556, 50.629, 50.432, 50.294, 50.228, 50.283, 50.298, 50.165, 50.07, 49.97, 49.989, 50.119, 50.071, 50.336, 51.175, 51.847, 52.008, 52.037, 52.322, 52.449, 52.422, 52.473, 52.596, 52.718, 52.734, 50.973], [50.185, 49.836, 49.288, 48.831, 47.973, 46.308, 44.713, 43.876, 43.57, 43.164, 42.134, 39.861, 35.363, 29.335, 25.165, 23.242, 21.768, 19.777, 17.26, 13.792, 9.765, 5.471, 0.0, 6.78, 13.486, 18.248, 20.458, 21.611, 23.402, 26.757, 31.001, 32.914, 32.591, 32.144, 32.577, 33.78, 35.237, 36.425, 37.386, 38.735, 41.147, 42.95, 43.337, 43.809, 44.643, 45.386, 45.878, 46.102, 46.112, 46.003, 45.495, 44.578, 43.737, 43.635, 44.579, 46.085, 47.659, 48.61, 48.643, 48.987, 49.889, 50.326, 50.327, 50.417, 50.661, 50.738, 50.629, 50.311, 49.836, 49.439, 49.436, 49.697, 49.939, 49.787, 49.681, 49.876, 50.199, 51.016, 52.203, 52.431, 51.956, 51.864, 52.134, 52.472, 52.533, 51.88, 51.074, 50.76, 50.975, 51.018, 50.931, 50.737, 50.564, 50.48, 50.396, 50.214, 50.14, 50.087, 49.918, 49.805, 49.843, 49.96, 50.192, 50.517, 50.374, 50.239, 50.077, 49.88, 49.778, 49.817, 49.875, 49.837, 49.812, 49.83, 49.879, 49.89, 49.86, 49.864, 49.998, 50.335, 50.531, 50.679, 50.808, 50.804, 50.781, 50.738, 50.62, 50.489, 50.407, 50.421, 50.543, 50.716, 50.607, 50.255, 50.116, 50.043, 49.99, 49.96, 49.742, 49.524, 49.63, 49.813, 49.745, 49.688, 49.813, 49.877, 49.917, 49.995, 50.022, 50.016, 49.956, 49.949, 49.635, 49.066, 48.839, 48.909, 48.983, 49.025, 49.049, 49.078, 49.083, 49.014, 48.922, 48.896, 48.882, 48.89, 49.019, 49.035, 48.781, 48.71, 48.935, 49.092, 49.163, 49.324, 49.48, 49.064, 48.59, 48.5, 48.845, 49.572, 49.919, 49.989, 49.808, 49.674, 49.595, 49.647, 49.669, 49.532, 49.431, 49.33, 49.344, 49.476, 49.45, 49.709, 50.533, 51.195, 51.355, 51.405, 51.723, 51.873, 51.855, 51.912, 52.045, 52.173, 52.19, 50.246], [50.27, 49.926, 49.421, 49.029, 48.236, 46.584, 44.949, 44.069, 43.756, 43.422, 42.523, 40.406, 36.076, 30.219, 26.224, 24.426, 23.037, 21.198, 18.957, 16.108, 13.372, 10.926, 6.78, 0.0, 7.749, 13.781, 16.814, 18.212, 20.039, 23.675, 28.35, 30.479, 30.303, 30.048, 30.657, 31.966, 33.471, 34.703, 35.757, 37.216, 39.716, 41.561, 42.004, 42.575, 43.537, 44.439, 45.099, 45.452, 45.594, 45.663, 45.34, 44.563, 43.792, 43.688, 44.634, 46.206, 47.867, 48.841, 48.872, 49.176, 50.003, 50.399, 50.418, 50.534, 50.793, 50.886, 50.784, 50.456, 49.947, 49.516, 49.512, 49.794, 50.047, 49.882, 49.753, 49.959, 50.28, 51.073, 52.276, 52.54, 52.048, 51.895, 52.119, 52.458, 52.542, 51.906, 51.07, 50.694, 50.886, 50.949, 50.865, 50.681, 50.535, 50.459, 50.373, 50.195, 50.139, 50.115, 49.965, 49.844, 49.872, 50.012, 50.31, 50.673, 50.539, 50.407, 50.236, 50.023, 49.915, 49.96, 50.022, 49.987, 49.965, 49.99, 50.046, 50.059, 50.016, 50.006, 50.13, 50.44, 50.607, 50.74, 50.852, 50.838, 50.826, 50.806, 50.708, 50.59, 50.505, 50.549, 50.719, 50.909, 50.804, 50.419, 50.226, 50.136, 50.095, 50.075, 49.862, 49.641, 49.729, 49.896, 49.834, 49.793, 49.914, 49.965, 50.008, 50.094, 50.108, 50.091, 50.052, 50.087, 49.777, 49.172, 48.912, 48.982, 49.063, 49.101, 49.124, 49.146, 49.135, 49.055, 48.963, 48.942, 48.931, 48.93, 49.036, 49.018, 48.746, 48.71, 48.973, 49.153, 49.229, 49.374, 49.513, 49.133, 48.732, 48.694, 49.033, 49.748, 50.079, 50.143, 49.975, 49.828, 49.728, 49.78, 49.827, 49.726, 49.629, 49.523, 49.541, 49.657, 49.542, 49.669, 50.418, 51.056, 51.207, 51.257, 51.583, 51.747, 51.734, 51.765, 51.866, 51.985, 52.011, 50.338], [51.238, 50.937, 50.524, 50.217, 49.488, 47.87, 46.203, 45.251, 44.901, 44.634, 43.866, 41.942, 37.895, 32.34, 28.566, 26.867, 25.535, 23.901, 22.026, 19.63, 17.524, 16.197, 13.486, 7.749, 0.0, 7.098, 11.413, 13.528, 15.601, 19.626, 24.947, 27.536, 27.765, 27.883, 28.737, 30.174, 31.73, 32.97, 34.07, 35.642, 38.318, 40.266, 40.739, 41.394, 42.553, 43.722, 44.641, 45.177, 45.462, 45.724, 45.656, 45.138, 44.513, 44.4, 45.338, 47.032, 48.826, 49.8, 49.774, 49.916, 50.528, 50.811, 50.837, 50.984, 51.258, 51.357, 51.255, 50.933, 50.415, 49.972, 49.972, 50.265, 50.529, 50.376, 50.244, 50.471, 50.81, 51.589, 52.804, 53.119, 52.641, 52.436, 52.6, 52.926, 53.048, 52.486, 51.684, 51.249, 51.424, 51.512, 51.423, 51.248, 51.157, 51.106, 51.027, 50.858, 50.823, 50.838, 50.729, 50.622, 50.652, 50.816, 51.198, 51.63, 51.51, 51.384, 51.211, 50.98, 50.856, 50.906, 50.979, 50.945, 50.917, 50.947, 51.018, 51.025, 50.958, 50.943, 51.076, 51.356, 51.483, 51.58, 51.652, 51.624, 51.623, 51.628, 51.555, 51.456, 51.36, 51.42, 51.615, 51.784,