[[0.0, 5.977, 11.956, 15.649, 17.973, 21.231, 23.655, 23.821, 24.406, 29.014, 32.992, 33.26, 35.561, 38.661, 38.793, 38.247, 38.575, 38.675, 38.419, 37.668, 37.144, 37.231, 37.387, 37.824, 38.583, 39.575, 39.664, 39.461, 39.405, 37.633, 35.168, 36.045, 37.271, 36.839, 37.919, 39.252, 38.109, 37.368, 36.962, 36.665, 36.249, 36.635, 36.653, 35.769, 35.627, 36.52, 35.805, 35.137, 35.058, 35.17, 35.108, 33.559, 33.034, 33.272, 32.911, 33.719, 34.328, 35.017, 35.754, 36.032, 36.043, 36.456, 36.789, 36.605, 36.222, 35.873, 35.151, 34.381, 34.326, 34.134, 33.93, 33.672, 34.258, 34.721, 33.892, 33.798, 33.986, 33.674, 33.953, 34.031, 33.893, 34.073, 34.637, 35.061, 34.937, 34.573, 34.628, 34.23, 33.415, 33.406, 35.234, 36.253, 36.236, 36.354, 35.527, 36.743, 37.375, 37.251, 36.94, 37.07, 37.68, 38.468, 38.739, 37.56, 37.063, 37.277, 7.275], [5.977, 0.0, 8.352, 13.451, 15.971, 19.57, 22.385, 22.67, 23.36, 28.266, 32.337, 32.637, 35.034, 38.233, 38.372, 37.804, 38.151, 38.269, 38.029, 37.292, 36.756, 36.883, 37.155, 37.672, 38.457, 39.477, 39.573, 39.375, 39.317, 37.482, 34.905, 35.757, 36.998, 36.557, 37.695, 39.066, 37.916, 37.157, 36.742, 36.446, 35.995, 36.356, 36.389, 35.492, 35.327, 36.237, 35.496, 34.815, 34.736, 34.855, 34.81, 33.222, 32.675, 32.948, 32.603, 33.441, 34.048, 34.756, 35.532, 35.829, 35.842, 36.258, 36.58, 36.381, 35.989, 35.642, 34.904, 34.109, 34.053, 33.889, 33.701, 33.424, 34.05, 34.557, 33.728, 33.631, 33.812, 33.5, 33.762, 33.822, 33.686, 33.864, 34.441, 34.889, 34.783, 34.414, 34.457, 34.034, 33.154, 33.089, 34.961, 35.998, 35.962, 36.096, 35.277, 36.523, 37.181, 37.069, 36.736, 36.878, 37.503, 38.319, 38.612, 37.406, 36.891, 37.102, 10.133], [11.956, 8.352, 0.0, 7.48, 12.379, 16.746, 19.83, 20.406, 21.524, 27.244, 31.532, 31.839, 34.507, 37.978, 38.197, 37.634, 37.999, 38.108, 37.883, 37.239, 36.816, 36.944, 37.287, 38.066, 39.015, 40.04, 40.159, 39.984, 39.93, 38.199, 35.736, 36.513, 37.652, 37.25, 38.263, 39.485, 38.365, 37.672, 37.294, 37.005, 36.59, 36.995, 37.061, 36.226, 36.06, 36.893, 36.197, 35.52, 35.438, 35.547, 35.508, 34.006, 33.369, 33.58, 33.321, 34.123, 34.694, 35.392, 36.165, 36.425, 36.422, 36.812, 37.079, 36.866, 36.503, 36.191, 35.506, 34.768, 34.742, 34.636, 34.476, 34.225, 34.825, 35.264, 34.439, 34.358, 34.56, 34.295, 34.585, 34.712, 34.616, 34.752, 35.247, 35.647, 35.527, 35.159, 35.197, 34.805, 33.946, 33.754, 35.348, 36.374, 36.418, 36.573, 35.843, 36.971, 37.505, 37.384, 37.067, 37.235, 37.851, 38.623, 38.918, 37.796, 37.342, 37.515, 14.209], [15.649, 13.451, 7.48, 0.0, 7.595, 13.627, 17.075, 17.906, 19.64, 26.564, 31.195, 31.455, 34.376, 38.137, 38.441, 37.885, 38.25, 38.344, 38.152, 37.607, 37.353, 37.557, 37.939, 38.934, 40.088, 41.098, 41.218, 41.047, 40.986, 39.396, 37.143, 37.868, 38.895, 38.524, 39.371, 40.399, 39.315, 38.731, 38.399, 38.125, 37.805, 38.272, 38.336, 37.546, 37.392, 38.128, 37.482, 36.808, 36.704, 36.809, 36.746, 35.311, 34.7, 34.858, 34.636, 35.354, 35.89, 36.542, 37.251, 37.488, 37.469, 37.83, 38.078, 37.881, 37.556, 37.27, 36.66, 36.013, 35.966, 35.852, 35.685, 35.467, 35.987, 36.318, 35.478, 35.34, 35.595, 35.394, 35.706, 35.846, 35.753, 35.897, 36.322, 36.64, 36.524, 36.174, 36.16, 35.788, 34.988, 34.745, 36.138, 37.172, 37.32, 37.501, 36.847, 37.796, 38.17, 38.056, 37.777, 37.933, 38.515, 39.216, 39.493, 38.537, 38.182, 38.329, 17.968], [17.973, 15.971, 12.379, 7.595, 0.0, 8.305, 13.312, 14.591, 17.076, 25.65, 30.73, 30.973, 34.111, 38.058, 38.341, 37.771, 38.149, 38.23, 38.052, 37.56, 37.398, 37.733, 38.19, 39.176, 40.397, 41.445, 41.586, 41.418, 41.353, 39.777, 37.521, 38.198, 39.184, 38.796, 39.559, 40.52, 39.451, 38.929, 38.602, 38.321, 38.035, 38.522, 38.579, 37.778, 37.612, 38.311, 37.663, 37.008, 36.896, 37.0, 36.936, 35.52, 34.933, 35.047, 34.832, 35.516, 36.019, 36.67, 37.364, 37.622, 37.608, 37.967, 38.242, 38.051, 37.736, 37.458, 36.86, 36.248, 36.192, 36.032, 35.821, 35.592, 36.099, 36.409, 35.523, 35.315, 35.603, 35.465, 35.799, 35.915, 35.817, 36.014, 36.475, 36.797, 36.698, 36.344, 36.261, 35.848, 35.014, 34.708, 36.101, 37.144, 37.296, 37.481, 36.846, 37.818, 38.216, 38.127, 37.852, 37.996, 38.593, 39.32, 39.593, 38.672, 38.34, 38.519, 20.354], [21.231, 19.57, 16.746, 13.627, 8.305, 0.0, 7.108, 10.474, 14.749, 25.114, 30.521, 30.787, 34.124, 38.176, 38.496, 37.99, 38.386, 38.463, 38.331, 37.945, 37.873, 38.273, 38.807, 39.768, 40.889, 41.898, 42.08, 41.934, 41.87, 40.407, 38.322, 38.927, 39.805, 39.425, 40.066, 40.905, 39.881, 39.438, 39.157, 38.891, 38.668, 39.179, 39.26, 38.525, 38.374, 39.015, 38.411, 37.786, 37.651, 37.733, 37.679, 36.376, 35.765, 35.792, 35.66, 36.28, 36.739, 37.351, 37.993, 38.222, 38.186, 38.516, 38.78, 38.587, 38.291, 38.041, 37.481, 36.924, 36.894, 36.673, 36.393, 36.17, 36.635, 36.9, 36.06, 35.86, 36.158, 36.079, 36.436, 36.586, 36.513, 36.716, 37.17, 37.49, 37.404, 37.075, 36.975, 36.576, 35.784, 35.453, 36.724, 37.728, 37.884, 38.061, 37.462, 38.334, 38.718, 38.684, 38.437, 38.572, 39.153, 39.837, 40.065, 39.198, 38.89, 39.083, 23.213], [23.655, 22.385, 19.83, 17.075, 13.312, 7.108, 0.0, 6.173, 13.053, 24.624, 30.265, 30.565, 34.014, 38.123, 38.508, 38.055, 38.466, 38.562, 38.467, 38.181, 38.17, 38.611, 39.231, 40.249, 41.367, 42.333, 42.523, 42.401, 42.367, 41.015, 39.033, 39.554, 40.35, 39.982, 40.591, 41.361, 40.369, 39.965, 39.72, 39.463, 39.281, 39.806, 39.914, 39.235, 39.1, 39.705, 39.118, 38.493, 38.352, 38.421, 38.358, 37.162, 36.627, 36.669, 36.593, 37.218, 37.698, 38.264, 38.841, 39.03, 38.97, 39.28, 39.528, 39.322, 39.016, 38.768, 38.231, 37.684, 37.642, 37.39, 37.055, 36.838, 37.26, 37.473, 36.659, 36.432, 36.707, 36.669, 37.028, 37.193, 37.143, 37.36, 37.783, 38.086, 38.013, 37.699, 37.602, 37.214, 36.454, 36.191, 37.451, 38.451, 38.641, 38.815, 38.189, 38.883, 39.204, 39.207, 38.976, 39.088, 39.649, 40.278, 40.465, 39.648, 39.363, 39.537, 25.23], [23.821, 22.67, 20.406, 17.906, 14.591, 10.474, 6.173, 0.0, 9.809, 23.394, 29.355, 29.642, 33.216, 37.447, 37.822, 37.361, 37.806, 37.907, 37.803, 37.518, 37.492, 37.955, 38.617, 39.712, 40.956, 41.992, 42.18, 42.055, 42.051, 40.67, 38.549, 39.054, 39.866, 39.487, 40.155, 40.956, 39.901, 39.478, 39.227, 38.962, 38.764, 39.277, 39.38, 38.665, 38.514, 39.133, 38.511, 37.897, 37.786, 37.858, 37.793, 36.599, 36.166, 36.289, 36.186, 36.897, 37.439, 38.027, 38.616, 38.797, 38.734, 39.061, 39.325, 39.101, 38.745, 38.459, 37.908, 37.326, 37.277, 37.039, 36.675, 36.431, 36.862, 37.079, 36.223, 35.954, 36.22, 36.17, 36.528, 36.681, 36.63, 36.87, 37.315, 37.622, 37.55, 37.214, 37.096, 36.676, 35.827, 35.514, 36.918, 38.008, 38.235, 38.415, 37.747, 38.461, 38.747, 38.738, 38.523, 38.64, 39.237, 39.909, 40.111, 39.257, 38.958, 39.145, 25.172], [24.406, 23.36, 21.524, 19.64, 17.076, 14.749, 13.053, 9.809, 0.0, 17.347, 24.771, 25.208, 29.516, 34.72, 35.324, 34.959, 35.556, 35.659, 35.55, 35.366, 35.444, 36.014, 36.788, 38.128, 39.736, 41.024, 41.253, 41.145, 41.175, 39.793, 37.809, 38.58, 39.465, 39.092, 39.818, 40.647, 39.475, 39.027, 38.773, 38.521, 38.284, 38.747, 38.81, 38.023, 37.872, 38.541, 37.863, 37.254, 37.177, 37.271, 37.205, 35.89, 35.473, 35.739, 35.627, 36.437, 37.026, 37.653, 38.309, 38.518, 38.447, 38.786, 39.082, 38.84, 38.432, 38.118, 37.537, 36.909, 36.893, 36.703, 36.339, 36.064, 36.526, 36.786, 35.909, 35.683, 35.983, 35.903, 36.261, 36.394, 36.332, 36.565, 36.998, 37.291, 37.228, 36.883, 36.76, 36.324, 35.374, 34.906, 36.362, 37.542, 37.791, 37.998, 37.298, 38.164, 38.528, 38.462, 38.21, 38.364, 39.031, 39.767, 40.009, 39.104, 38.8, 39.029, 25.481], [29.014, 28.266, 27.244, 26.564, 25.65, 25.114, 24.624, 23.394, 17.347, 0.0, 10.002, 11.599, 17.006, 24.357, 26.074, 26.326, 27.302, 27.555, 27.678, 27.897, 28.56, 29.683, 31.065, 33.176, 35.596, 37.421, 37.853, 37.984, 38.156, 37.429, 37.504, 38.95, 39.691, 39.501, 40.309, 41.112, 40.045, 39.642, 39.409, 39.18, 38.932, 39.336, 39.378, 38.638, 38.517, 39.193, 38.469, 37.895, 37.887, 38.043, 38.026, 36.764, 36.355, 36.703, 36.645, 37.335, 37.898, 38.433, 39.03, 39.28, 39.209, 39.471, 39.704, 39.46, 39.056, 38.785, 38.253, 37.602, 37.538, 37.409, 37.145, 36.843, 37.165, 37.403, 36.698, 36.55, 36.722, 36.604, 36.836, 36.892, 36.82, 36.943, 37.312, 37.623, 37.597, 37.301, 37.187, 36.803, 36.055, 35.778, 37.008, 38.06, 38.336, 38.544, 37.845, 38.668, 39.007, 38.918, 38.72, 38.961, 39.604, 40.283, 40.519, 39.674, 39.425, 39.567, 29.631], [32.992, 32.337, 31.532, 31.195, 30.73, 30.521, 30.265, 29.355, 24.771, 10.002, 0.0, 4.979, 12.321, 19.931, 22.165, 22.897, 23.987, 24.443, 24.836, 25.444, 26.613, 27.976, 29.632, 32.065, 34.715, 36.659, 37.181, 37.418, 37.63, 37.301, 38.658, 40.372, 40.998, 40.89, 41.673, 42.41, 41.559, 41.275, 41.095, 40.882, 40.678, 41.063, 41.115, 40.489, 40.395, 40.986, 40.323, 39.788, 39.782, 39.929, 39.934, 38.862, 38.44, 38.722, 38.716, 39.242, 39.73, 40.171, 40.658, 40.884, 40.807, 40.986, 41.167, 40.97, 40.61, 40.385, 39.959, 39.376, 39.263, 39.157, 38.964, 38.702, 38.876, 39.023, 38.473, 38.329, 38.388, 38.285, 38.447, 38.463, 38.38, 38.442, 38.764, 39.052, 39.057, 38.85, 38.759, 38.482, 37.994, 37.894, 38.84, 39.747, 40.001, 40.174, 39.555, 40.218, 40.465, 40.434, 40.295, 40.532, 41.104, 41.701, 41.906, 41.188, 41.02, 41.086, 33.466], [33.26, 32.637, 31.839, 31.455, 30.973, 30.787, 30.565, 29.642, 25.208, 11.599, 4.979, 0.0, 10.122, 18.972, 21.288, 21.957, 23.076, 23.573, 24.121, 24.893, 26.136, 27.538, 29.292, 31.875, 34.613, 36.58, 37.109, 37.34, 37.543, 37.206, 38.539, 40.262, 40.917, 40.809, 41.584, 42.315, 41.45, 41.18, 40.995, 40.762, 40.534, 40.91, 40.962, 40.309, 40.2, 40.801, 40.136, 39.619, 39.639, 39.792, 39.805, 38.722, 38.303, 38.574, 38.553, 39.089, 39.593, 40.063, 40.583, 40.819, 40.726, 40.887, 41.052, 40.849, 40.487, 40.264, 39.836, 39.252, 39.148, 39.029, 38.829, 38.559, 38.728, 38.88, 38.299, 38.141, 38.199, 38.078, 38.217, 38.236, 38.172, 38.232, 38.552, 38.843, 38.838, 38.618, 38.527, 38.229, 37.704, 37.631, 38.674, 39.627, 39.888, 40.055, 39.403, 40.085, 40.304, 40.234, 40.107, 40.358, 40.957, 41.581, 41.811, 41.097, 40.926, 40.989, 33.71], [35.561, 35.034, 34.507, 34.376, 34.111, 34.124, 34.014, 33.216, 29.516, 17.006, 12.321, 10.122, 0.0, 11.157, 15.49, 16.877, 18.098, 18.723, 19.634, 20.813, 22.42, 24.109, 26.239, 29.303, 32.433, 34.669, 35.325, 35.62, 35.851, 36.03, 38.487, 40.348, 40.952, 41.006, 41.787, 42.537, 41.717, 41.447, 41.263, 40.987, 40.748, 41.117, 41.172, 40.585, 40.491, 41.055, 40.406, 39.963, 40.025, 40.193, 40.224, 39.235, 38.814, 39.045, 39.037, 39.528, 40.052, 40.491, 40.959, 41.168, 41.074, 41.21, 41.356, 41.2, 40.863, 40.642, 40.248, 39.709, 39.65, 39.6, 39.466, 39.184, 39.322, 39.5, 39.067, 39.118, 39.162, 39.006, 39.051, 39.002, 38.906, 38.876, 39.17, 39.47, 39.451, 39.214, 39.13, 38.848, 38.353, 38.29, 39.151, 39.955, 40.185, 40.318, 39.711, 40.592, 40.951, 40.892, 40.763, 41.02, 41.583, 42.16, 42.35, 41.604, 41.393, 41.442, 35.812], [38.661, 38.233, 37.978, 38.137, 38.058, 38.176, 38.123, 37.447, 34.72, 24.357, 19.931, 18.972, 11.157, 0.0, 7.758, 11.277, 12.71, 13.73, 15.187, 17.297, 19.836, 21.834, 24.327, 27.672, 30.963, 33.426, 34.237, 34.58, 34.866, 35.606, 39.251, 41.327, 41.894, 42.085, 42.918, 43.687, 42.962, 42.712, 42.566, 42.291, 42.097, 42.452, 42.518, 42.052, 41.991, 42.491, 41.887, 41.473, 41.51, 41.666, 41.712, 40.844, 40.315, 40.45, 40.466, 40.857, 41.355, 41.726, 42.089, 42.223, 42.119, 42.225, 42.358, 42.268, 41.965, 41.745, 41.42, 40.987, 41.046, 41.06, 40.987, 40.73, 40.798, 40.923, 40.628, 40.846, 40.886, 40.756, 40.783, 40.695, 40.538, 40.436, 40.715, 41.019, 40.977, 40.756, 40.703, 40.501, 40.191, 40.319, 40.938, 41.437, 41.57, 41.639, 41.133, 42.114, 42.56, 42.537, 42.392, 42.615, 43.083, 43.557, 43.668, 42.953, 42.73, 42.729, 38.722], [38.793, 38.372, 38.197, 38.441, 38.341, 38.496, 38.508, 37.822, 35.324, 26.074, 22.165, 21.288, 15.49, 7.758, 0.0, 5.495, 8.469, 10.108, 12.099, 15.176, 18.436, 20.655, 23.292, 26.751, 30.152, 32.675, 33.502, 33.886, 34.218, 34.93, 38.645, 40.91, 41.548, 41.748, 42.641, 43.488, 42.769, 42.497, 42.336, 42.06, 41.852, 42.22, 42.282, 41.777, 41.71, 42.237, 41.582, 41.173, 41.238, 41.378, 41.428, 40.527, 39.967, 40.114, 40.088, 40.513, 41.045, 41.429, 41.78, 41.905, 41.815, 41.932, 42.078, 41.985, 41.655, 41.42, 41.079, 40.624, 40.717, 40.764, 40.713, 40.434, 40.517, 40.673, 40.371, 40.577, 40.655, 40.569, 40.665, 40.595, 40.426, 40.329, 40.642, 40.983, 40.894, 40.609, 40.549, 40.345, 40.024, 40.244, 41.001, 41.408, 41.44, 41.486, 40.952, 41.983, 42.466, 42.414, 42.253, 42.477, 42.958, 43.463, 43.585, 42.857, 42.606, 42.601, 38.772], [38.247, 37.804, 37.634, 37.885, 37.771, 37.99, 38.055, 37.361, 34.959, 26.326, 22.897, 21.957, 16.877, 11.277, 5.495, 0.0, 4.812, 7.486, 9.962, 13.69, 17.185, 19.492, 22.337, 25.978, 29.583, 32.197, 33.022, 33.43, 33.753, 34.288, 37.818, 40.127, 40.78, 40.998, 41.922, 42.817, 42.111, 41.842, 41.651, 41.365, 41.133, 41.514, 41.569, 41.04, 40.978, 41.521, 40.85, 40.465, 40.557, 40.698, 40.739, 39.804, 39.307, 39.487, 39.419, 39.889, 40.447, 40.848, 41.214, 41.359, 41.293, 41.433, 41.584, 41.471, 41.12, 40.87, 40.505, 40.007, 40.051, 40.112, 40.093, 39.8, 39.908, 40.103, 39.767, 39.917, 40.019, 39.934, 40.03, 39.967, 39.827, 39.757, 40.08, 40.427, 40.307, 39.966, 39.888, 39.648, 39.275, 39.491, 40.33, 40.745, 40.767, 40.838, 40.283, 41.382, 41.883, 41.804, 41.634, 41.852, 42.358, 42.907, 43.049, 42.293, 42.029, 42.032, 38.185], [38.575, 38.151, 37.999, 38.25, 38.149, 38.386, 38.466, 37.806, 35.556, 27.302, 23.987, 23.076, 18.098, 12.71, 8.469, 4.812, 0.0, 4.243, 8.135, 12.695, 16.599, 19.042, 22.184, 25.935, 29.582, 32.299, 33.178, 33.62, 33.926, 34.402, 37.944, 40.18, 40.784, 41.031, 41.94, 42.812, 42.139, 41.897, 41.712, 41.43, 41.203, 41.589, 41.646, 41.133, 41.073, 41.593, 40.942, 40.577, 40.669, 40.805, 40.834, 39.927, 39.457, 39.612, 39.535, 39.992, 40.564, 40.961, 41.323, 41.481, 41.427, 41.57, 41.714, 41.604, 41.265, 41.017, 40.66, 40.165, 40.181, 40.239, 40.233, 39.957, 40.061, 40.242, 39.924, 40.072, 40.175, 40.097, 40.163, 40.082, 39.962, 39.907, 40.212, 40.536, 40.407, 40.051, 39.957, 39.711, 39.346, 39.571, 40.359, 40.758, 40.796, 40.874, 40.348, 41.483, 41.974, 41.88, 41.707, 41.911, 42.419, 42.962, 43.095, 42.352, 42.094, 42.097, 38.501], [38.675, 38.269, 38.108, 38.344, 38.23, 38.463, 38.562, 37.907, 35.659, 27.555, 24.443, 23.573, 18.723, 13.73, 10.108, 7.486, 4.243, 0.0, 5.607, 11.498, 15.791, 18.308, 21.638, 25.561, 29.271, 32.046, 32.975, 33.441, 33.772, 34.284, 37.881, 40.118, 40.698, 40.982, 41.891, 42.752, 42.092, 41.872, 41.71, 41.442, 41.196, 41.56, 41.622, 41.121, 41.049, 41.558, 40.894, 40.509, 40.597, 40.72, 40.754, 39.881, 39.42, 39.551, 39.486, 39.98, 40.569, 40.98, 41.354, 41.513, 41.468, 41.613, 41.747, 41.632, 41.298, 41.051, 40.689, 40.192, 40.207, 40.261, 40.243, 39.969, 40.07, 40.249, 39.932, 40.069, 40.162, 40.082, 40.157, 40.081, 39.964, 39.908, 40.201, 40.491, 40.349, 39.992, 39.885, 39.633, 39.262, 39.488, 40.256, 40.641, 40.704, 40.787, 40.259, 41.379, 41.847, 41.76, 41.603, 41.807, 42.309, 42.833, 42.962, 42.231, 41.986, 42.003, 38.578], [38.419, 38.029, 37.883, 38.152, 38.052, 38.331, 38.467, 37.803, 35.55, 27.678, 24.836, 24.121, 19.634, 15.187, 12.099, 9.962, 8.135, 5.607, 0.0, 7.646, 13.478, 16.279, 19.591, 23.934, 27.997, 30.902, 31.886, 32.398, 32.779, 33.311, 37.111, 39.626, 40.249, 40.567, 41.574, 42.529, 41.878, 41.66, 41.493, 41.218, 40.979, 41.36, 41.409, 40.889, 40.814, 41.333, 40.658, 40.238, 40.316, 40.45, 40.493, 39.591, 39.128, 39.263, 39.201, 39.735, 40.322, 40.735, 41.126, 41.281, 41.231, 41.384, 41.527, 41.405, 41.061, 40.808, 40.435, 39.924, 39.931, 39.99, 39.976, 39.697, 39.815, 40.011, 39.678, 39.806, 39.91, 39.84, 39.938, 39.875, 39.767, 39.721, 40.021, 40.3, 40.149, 39.776, 39.679, 39.453, 39.077, 39.245, 39.995, 40.377, 40.439, 40.515, 39.968, 41.086, 41.567, 41.491, 41.343, 41.565, 42.061, 42.563, 42.68, 41.925, 41.687, 41.699, 38.29], [37.668, 37.292, 37.239, 37.607, 37.56, 37.945, 38.181, 37.518, 35.366, 27.897, 25.444, 24.893, 20.813, 17.297, 15.176, 13.69, 12.695, 11.498, 7.646, 0.0, 7.872, 12.114, 15.694, 20.506, 25.258, 28.526, 29.623, 30.212, 30.672, 31.194, 35.418, 38.486, 39.204, 39.543, 40.747, 41.889, 41.229, 40.977, 40.799, 40.554, 40.352, 40.765, 40.789, 40.22, 40.145, 40.713, 40.01, 39.55, 39.624, 39.771, 39.828, 38.828, 38.309, 38.481, 38.392, 38.953, 39.559, 39.992, 40.414, 40.579, 40.538, 40.718, 40.881, 40.757, 40.403, 40.141, 39.758, 39.221, 39.234, 39.332, 39.334, 39.029, 39.21, 39.472, 39.115, 39.234, 39.346, 39.278, 39.38, 39.318, 39.217, 39.171, 39.491, 39.789, 39.641, 39.251, 39.167, 38.936, 38.522, 38.605, 39.38, 39.742, 39.753, 39.812, 39.264, 40.464, 40.993, 40.9, 40.752, 41.005, 41.509, 42.029, 42.143, 41.305, 41.029, 41.038, 37.511], [37.144, 36.756, 36.816, 37.353, 37.398, 37.873, 38.17, 37.492, 35.444, 28.56, 26.613, 26.136, 22.42, 19.836, 18.436, 17.185, 16.599, 15.791, 13.478, 7.872, 0.0, 6.58, 12.11, 17.195, 22.216, 25.831, 27.074, 27.731, 28.245, 28.804, 33.559, 37.119, 37.907, 38.314, 39.749, 41.064, 40.43, 40.163, 39.979, 39.758, 39.553, 39.963, 39.985, 39.385, 39.326, 39.976, 39.264, 38.787, 38.86, 39.012, 39.086, 37.989, 37.396, 37.632, 37.518, 38.14, 38.787, 39.268, 39.715, 39.874, 39.844, 40.064, 40.24, 40.1, 39.725, 39.451, 39.039, 38.453, 38.498, 38.658, 38.669, 38.331, 38.572, 38.932, 38.582, 38.723, 38.84, 38.744, 38.837, 38.763, 38.652, 38.577, 38.895, 39.2, 39.034, 38.632, 38.545, 38.263, 37.759, 37.765, 38.604, 38.96, 38.945, 38.991, 38.431, 39.753, 40.308, 40.221, 40.083, 40.324, 40.845, 41.423, 41.541, 40.597, 40.27, 40.3, 36.886], [37.231, 36.883, 36.944, 37.557, 37.733, 38.273, 38.611, 37.955, 36.014, 29.683, 27.976, 27.538, 24.109, 21.834, 20.655, 19.492, 19.042, 18.308, 16.279, 12.114, 6.58, 0.0, 8.085, 14.966, 20.131, 23.635, 24.962, 25.717, 26.301, 27.034, 32.389, 36.317, 37.143, 37.659, 39.251, 40.662, 40.102, 39.888, 39.731, 39.522, 39.353, 39.818, 39.867, 39.273, 39.223, 39.905, 39.205, 38.695, 38.736, 38.894, 38.981, 37.881, 37.296, 37.571, 37.475, 38.119, 38.769, 39.279, 39.736, 39.861, 39.807, 40.026, 40.192, 40.052, 39.693, 39.432, 39.017, 38.43, 38.492, 38.647, 38.656, 38.329, 38.581, 38.962, 38.638, 38.82, 38.956, 38.844, 38.946, 38.885, 38.779, 38.695, 38.991, 39.273, 39.066, 38.649, 38.562, 38.278, 37.758, 37.702, 38.456, 38.807, 38.847, 38.897, 38.357, 39.707, 40.248, 40.176, 40.049, 40.275, 40.789, 41.367, 41.474, 40.501, 40.169, 40.212, 36.864], [37.387, 37.155, 37.287, 37.939, 38.19, 38.807, 39.231, 38.617, 36.788, 31.065, 29.632, 29.292, 26.239, 24.327, 23.292, 22.337, 22.184, 21.638, 19.591, 15.694, 12.11, 8.085, 0.0, 9.76, 16.861, 20.502, 21.741, 22.717, 23.516, 24.472, 30.629, 35.235, 36.133, 36.794, 38.522, 40.084, 39.629, 39.494, 39.372, 39.222, 39.162, 39.66, 39.708, 39.176, 39.162, 39.829, 39.134, 38.621, 38.651, 38.814, 38.902, 37.85, 37.321, 37.632, 37.579, 38.233, 38.867, 39.391, 39.858, 39.972, 39.907, 40.115, 40.285, 40.165, 39.83, 39.581, 39.161, 38.589, 38.676, 38.809, 38.817, 38.481, 38.723, 39.081, 38.736, 38.938, 39.073, 38.947, 39.072, 39.023, 38.919, 38.855, 39.178, 39.484, 39.264, 38.814, 38.721, 38.453, 37.981, 37.927, 38.605, 38.887, 38.916, 38.972, 38.431, 39.831, 40.463, 40.417, 40.281, 40.493, 41.001, 41.574, 41.67, 40.675, 40.329, 40.393, 36.932], [37.824, 37.672, 38.066, 38.934, 39.176, 39.768, 40.249, 39.712, 38.128, 33.176, 32.065, 31.875, 29.303, 27.672, 26.751, 25.978, 25.935, 25.561, 23.934, 20.506, 17.195, 14.966, 9.76, 0.0, 9.836, 15.414, 16.899, 18.067, 19.352, 20.653, 27.845, 33.318, 34.379, 35.225, 37.23, 39.03, 38.767, 38.769, 38.728, 38.693, 38.808, 39.389, 39.448, 39.0, 39.119, 39.812, 39.159, 38.745, 38.813, 38.971, 39.034, 38.031, 37.496, 37.765, 37.719, 38.385, 39.007, 39.515, 39.989, 40.121, 40.081, 40.303, 40.494, 40.378, 40.034, 39.781, 39.364, 38.789, 38.863, 38.991, 38.995, 38.661, 38.879, 39.182, 38.8, 38.99, 39.111, 38.976, 39.105, 39.058, 38.933, 38.873, 39.232, 39.576, 39.357, 38.897, 38.806, 38.524, 38.11, 38.123, 38.754, 38.942, 38.906, 38.986, 38.452, 39.852, 40.492, 40.478, 40.355, 40.528, 40.994, 41.546, 41.63, 40.626, 40.262, 40.335, 37.339], [38.583, 38.457, 39.015, 40.088, 40.397, 40.889, 41.367, 40.956, 39.736, 35.596, 34.715, 34.613, 32.433, 30.963, 30.152, 29.583, 29.582, 29.271, 27.997, 25.258, 22.216, 20.131, 16.861, 9.836, 0.0, 8.267, 11.314, 12.7, 14.584, 16.625, 25.441, 31.893, 33.191, 34.18, 36.539, 38.522, 38.403, 38.521, 38.549, 38.611, 38.912, 39.665, 39.795, 39.354, 39.548, 40.321, 39.711, 39.342, 39.413, 39.565, 39.626, 38.639, 38.061, 38.252, 38.17, 38.801, 39.361, 39.843, 40.331, 40.473, 40.434, 40.656, 40.861, 40.761, 40.422, 40.161, 39.768, 39.254, 39.362, 39.462, 39.447, 39.171, 39.363, 39.626, 39.235, 39.431, 39.587, 39.45, 39.599, 39.572, 39.417, 39.335, 39.698, 40.04, 39.823, 39.389, 39.317, 39.027, 38.617, 38.64, 39.255, 39.459, 39.402, 39.487, 39.003, 40.308, 40.914, 40.943, 40.818, 40.973, 41.384, 41.885, 41.963, 40.97, 40.599, 40.669, 38.091], [39.575, 39.477, 40.04, 41.098, 41.445, 41.898, 42.333, 41.992, 41.024, 37.421, 36.659, 36.58, 34.669, 33.426, 32.675, 32.197, 32.299, 32.046, 30.902, 28.526, 25.831, 23.635, 20.502, 15.414, 8.267, 0.0, 5.161, 8.003, 10.635, 13.781, 24.317, 31.413, 32.792, 33.895, 36.45, 38.519, 38.513, 38.706, 38.763, 38.875, 39.289, 40.164, 40.378, 40.005, 40.227, 41.046, 40.503, 40.145, 40.212, 40.362, 40.418, 39.477, 38.935, 39.14, 39.087, 39.662, 40.186, 40.658, 41.128, 41.251, 41.187, 41.377, 41.569, 41.494, 41.196, 40.955, 40.588, 40.142, 40.287, 40.387, 40.371, 40.122, 40.3, 40.559, 40.206, 40.447, 40.591, 40.438, 40.588, 40.551, 40.383, 40.312, 40.665, 40.983, 40.797, 40.416, 40.357, 40.079, 39.656, 39.627, 40.231, 40.49, 40.453, 40.512, 40.051, 41.253, 41.83, 41.908, 41.778, 41.924, 42.313, 42.769, 42.835, 41.884, 41.513, 41.575, 39.073], [39.664, 39.573, 40.159, 41.218, 41.586, 42.08, 42.523, 42.18, 41.253, 37.853, 37.181, 37.109, 35.325, 34.237, 33.502, 33.022, 33.178, 32.975, 31.886, 29.623, 27.074, 24.962, 21.741, 16.899, 11.314, 5.161, 0.0, 4.823, 8.728, 12.373, 23.582, 30.895, 32.249, 33.374, 36.077, 38.251, 38.298, 38.504, 38.549, 38.655, 39.06, 39.945, 40.195, 39.895, 40.17, 41.021, 40.524, 40.183, 40.258, 40.403, 40.442, 39.511, 39.004, 39.227, 39.184, 39.76, 40.283, 40.759, 41.226, 41.345, 41.278, 41.465, 41.657, 41.586, 41.3, 41.07, 40.698, 40.249, 40.399, 40.534, 40.528, 40.279, 40.487, 40.754, 40.401, 40.655, 40.797, 40.63, 40.763, 40.713, 40.544, 40.482, 40.834, 41.148, 40.978, 40.617, 40.567, 40.297, 39.865, 39.814, 40.441, 40.73, 40.692, 40.744, 40.273, 41.456, 42.006, 42.085, 41.945, 42.074, 42.454, 42.907, 42.974, 42.051, 41.691, 41.747, 39.164], [39.461, 39.375, 39.984, 41.047, 41.418, 41.934, 42.401, 42.055, 41.145, 37.984, 37.418, 37.34, 35.62, 34.58, 33.886, 33.43, 33.62, 33.441, 32.398, 30.212, 27.731, 25.717, 22.717, 18.067, 12.7, 8.003, 4.823, 0.0, 5.389, 10.545, 22.526, 30.182, 31.586, 32.803, 35.684, 37.914, 37.948, 38.147, 38.187, 38.301, 38.72, 39.624, 39.897, 39.627, 39.962, 40.863, 40.359, 40.005, 40.1, 40.257, 40.289, 39.34, 38.819, 39.02, 38.968, 39.542, 40.055, 40.532, 40.997, 41.129, 41.083, 41.289, 41.478, 41.405, 41.129, 40.902, 40.524, 40.071, 40.236, 40.392, 40.392, 40.141, 40.36, 40.628, 40.257, 40.499, 40.646, 40.473, 40.613, 40.565, 40.386, 40.326, 40.687, 40.989, 40.824, 40.478, 40.422, 40.154, 39.716, 39.615, 40.207, 40.53, 40.537, 40.593, 40.116, 41.302, 41.83, 41.889, 41.75, 41.886, 42.253, 42.703, 42.772, 41.848, 41.502, 41.547, 38.969], [39.405, 39.317, 39.93, 40.986, 41.353, 41.87, 42.367, 42.051, 41.175, 38.156, 37.63, 37.543, 35.851, 34.866, 34.218, 33.753, 33.926, 33.772, 32.779, 30.672, 28.245, 26.301, 23.516, 19.352, 14.584, 10.635, 8.728, 5.389, 0.0, 7.735, 21.479, 29.579, 31.04, 32.433, 35.456, 37.702, 37.727, 37.908, 37.949, 38.062, 38.499, 39.434, 39.72, 39.46, 39.812, 40.757, 40.259, 39.876, 39.99, 40.192, 40.226, 39.247, 38.704, 38.888, 38.837, 39.39, 39.9, 40.374, 40.825, 40.963, 40.938, 41.164, 41.352, 41.286, 41.031, 40.816, 40.446, 40.017, 40.207, 40.375, 40.377, 40.107, 40.329, 40.611, 40.248, 40.496, 40.64, 40.473, 40.612, 40.535, 40.32, 40.254, 40.627, 40.928, 40.784, 40.453, 40.391, 40.126, 39.683, 39.56, 40.123, 40.475, 40.512, 40.554, 40.079, 41.321, 41.87, 41.89, 41.751, 41.902, 42.26, 42.702, 42.77, 41.837, 41.489, 41.535, 38.915], [37.633, 37.482, 38.199, 39.396, 39.777, 40.407, 41.015, 40.67, 39.793, 37.429, 37.301, 37.206, 36.03, 35.606, 34.93, 34.288, 34.402, 34.284, 33.311, 31.194, 28.804, 27.034, 24.472, 20.653, 16.625, 13.781, 12.373, 10.545, 7.735, 0.0, 16.245, 26.211, 28.233, 29.54, 33.076, 35.666, 35.656, 35.811, 35.835, 35.973, 36.454, 37.513, 37.829, 37.479, 37.832, 38.924, 38.407, 38.023, 38.164, 38.395, 38.469, 37.357, 36.815, 37.046, 36.899, 37.532, 38.059, 38.582, 39.086, 39.257, 39.263, 39.559, 39.797, 39.695, 39.382, 39.131, 38.695, 38.205, 38.413, 38.6, 38.614, 38.287, 38.598, 38.984, 38.536, 38.742, 38.91, 38.722, 38.879, 38.817, 38.608, 38.543, 38.956, 39.301, 39.151, 38.758, 38.702, 38.385, 37.819, 37.738, 38.675, 39.12, 39.083, 39.142, 38.53, 39.81, 40.452, 40.431, 40.23, 40.4, 40.842, 41.37, 41.483, 40.422, 40.004, 40.089, 37.112], [35.168, 34.905, 35.736, 37.143, 37.521, 38.322, 39.033, 38.549, 37.809, 37.504, 38.658, 38.539, 38.487, 39.251, 38.645, 37.818, 37.944, 37.881, 37.111, 35.418, 33.559, 32.389, 30.629, 27.845, 25.441, 24.317, 23.582, 22.526, 21.479, 16.245, 0.0, 14.929, 19.626, 20.778, 26.247, 30.016, 30.37, 30.866, 31.02, 31.459, 32.325, 33.814, 34.334, 34.02, 34.617, 36.073, 35.602, 35.299, 35.514, 35.778, 35.914, 34.715, 34.371, 34.631, 34.297, 35.055, 35.539, 36.158, 36.743, 36.946, 37.041, 37.461, 37.751, 37.573, 37.2, 36.901, 36.34, 35.749, 35.946, 36.163, 36.221, 35.77, 36.234, 36.743, 36.03, 36.043, 36.201, 35.98, 36.245, 36.301, 36.149, 36.112, 36.554, 36.952, 36.855, 36.421, 36.324, 35.874, 35.122, 35.091, 36.604, 37.266, 37.148, 37.235, 36.376, 37.496, 38.218, 38.183, 37.831, 37.976, 38.548, 39.188, 39.343, 38.11, 37.609, 37.756, 34.592], [36.045, 35.757, 36.513, 37.868, 38.198, 38.927, 39.554, 39.054, 38.58, 38.95, 40.372, 40.262, 40.348, 41.327, 40.91, 40.127, 40.18, 40.118, 39.626, 38.486, 37.119, 36.317, 35.235, 33.318, 31.893, 31.413, 30.895, 30.182, 29.579, 26.211, 14.929, 0.0, 8.404, 11.252, 18.592, 23.398, 25.011, 26.508, 26.964, 27.696, 29.082, 31.141, 31.898, 31.942, 33.016, 34.692, 34.529, 34.586, 34.961, 35.262, 35.457, 34.742, 35.187, 35.612, 35.227, 35.998, 36.484, 37.041, 37.535, 37.727, 37.861, 38.245, 38.48, 38.269, 37.885, 37.609, 37.092, 36.544, 36.696, 36.865, 36.943, 36.518, 36.955, 37.401, 36.699, 36.677, 36.773, 36.582, 36.88, 36.989, 36.877, 36.827, 37.218, 37.588, 37.541, 37.227, 37.114, 36.639, 35.895, 35.609, 36.734, 37.444, 37.384, 37.445, 36.605, 37.585, 38.18, 38.258, 37.993, 38.125, 38.729, 39.39, 39.557, 38.435, 37.995, 38.15, 35.479], [37.271, 36.998, 37.652, 38.895, 39.184, 39.805, 40.35, 39.866, 39.465, 39.691, 40.998, 40.917, 40.952, 41.894, 41.548, 40.78, 40.784, 40.698, 40.249, 39.204, 37.907, 37.143, 36.133, 34.379, 33.191, 32.792, 32.249, 31.586, 31.04, 28.233, 19.626, 8.404, 0.0, 8.367, 16.86, 21.225, 23.395, 25.477, 26.082, 26.836, 28.333, 30.553, 31.421, 31.717, 32.964, 34.579, 34.516, 34.769, 35.184, 35.485, 35.682, 35.232, 36.324, 36.952, 36.594, 37.332, 37.799, 38.291, 38.718, 38.897, 39.0, 39.324, 39.512, 39.288, 38.909, 38.662, 38.199, 37.699, 37.854, 37.982, 38.046, 37.644, 38.001, 38.38, 37.737, 37.668, 37.717, 37.563, 37.846, 37.971, 37.861, 37.757, 38.086, 38.435, 38.38, 38.141, 38.048, 37.606, 36.96, 36.635, 37.421, 38.007, 37.994, 38.08, 37.317, 38.167, 38.583, 38.76, 38.629, 38.772, 39.355, 39.994, 40.164, 39.171, 38.809, 38.962, 36.715], [36.839, 36.557, 37.25, 38.524, 38.796, 39.425, 39.982, 39.487, 39.092, 39.501, 40.89, 40.809, 41.006, 42.085, 41.748, 40.998, 41.031, 40.982, 40.567, 39.543, 38.314, 37.659, 36.794, 35.225, 34.18, 33.895, 33.374, 32.803, 32.433, 29.54, 20.778, 11.252, 8.367, 0.0, 11.949, 17.943, 20.605, 23.069, 23.826, 24.755, 26.639, 29.238, 30.216, 30.587, 31.973, 33.728, 33.724, 34.011, 34.462, 34.763, 35.001, 34.647, 35.794, 36.496, 36.152, 36.99, 37.443, 37.965, 38.442, 38.629, 38.735, 39.043, 39.24, 39.005, 38.57, 38.275, 37.79, 37.215, 37.292, 37.431, 37.51, 37.127, 37.561, 37.975, 37.311, 37.232, 37.289, 37.132, 37.42, 37.549, 37.468, 37.424, 37.827, 38.19, 38.106, 37.875, 37.824, 37.356, 36.616, 36.304, 37.332, 38.071, 38.056, 38.134, 37.282, 38.104, 38.594, 38.681, 38.438, 38.58, 39.166, 39.8, 39.995, 39.001, 38.616, 38.739, 36.301], [37.919, 37.695, 38.263, 39.371, 39.559, 40.066, 40.591, 40.155, 39.818, 40.309, 41.673, 41.584, 41.787, 42.918, 42.641, 41.922, 41.94, 41.891, 41.574, 40.747, 39.749, 39.251, 38.522, 37.23, 36.539, 36.45, 36.077, 35.684, 35.456, 33.076, 26.247, 18.592, 16.86, 11.949, 0.0, 9.131, 14.84, 18.794, 20.062, 21.348, 24.095, 27.491, 28.673, 29.248, 30.834, 32.565, 32.77, 33.467, 34.05, 34.311, 34.566, 34.869, 36.593, 37.341, 37.144, 38.008, 38.427, 38.997, 39.486, 39.673, 39.777, 40.032, 40.189, 39.946, 39.515, 39.255, 38.828, 38.268, 38.266, 38.394, 38.473, 38.144, 38.632, 39.019, 38.406, 38.25, 38.207, 38.045, 38.31, 38.477, 38.46, 38.44, 38.829, 39.161, 39.081, 38.914, 38.84, 38.356, 37.576, 36.932, 37.801, 38.661, 38.7, 38.8, 38.006, 38.862, 39.319, 39.364, 39.161, 39.278, 39.85, 40.521, 40.764, 39.854, 39.508, 39.645, 37.468], [39.252, 39.066, 39.485, 40.399, 40.52, 40.905, 41.361, 40.956, 40.647, 41.112, 42.41, 42.315, 42.537, 43.687, 43.488, 42.817, 42.812, 42.752, 42.529, 41.889, 41.064, 40.662, 40.084, 39.03, 38.522, 38.519, 38.251, 37.914, 37.702, 35.666, 30.016, 23.398, 21.225, 17.943, 9.131, 0.0, 9.601, 15.685, 17.61, 19.431, 22.951, 26.86, 28.21, 29.024, 30.738, 32.419, 32.807, 33.784, 34.451, 34.706, 34.958, 35.632, 37.78, 38.557, 38.427, 39.239, 39.604, 40.14, 40.597, 40.79, 40.885, 41.116, 41.234, 40.977, 40.57, 40.349, 39.972, 39.482, 39.504, 39.619, 39.678, 39.375, 39.827, 40.134, 39.563, 39.372, 39.288, 39.153, 39.404, 39.59, 39.606, 39.563, 39.885, 40.175, 40.121, 40.032, 39.938, 39.47, 38.762, 38.035, 38.64, 39.439, 39.507, 39.615, 38.902, 39.627, 39.927, 39.983, 39.864, 40.007, 40.548, 41.176, 41.42, 40.65, 40.385, 40.524, 38.873], [38.109, 37.916, 38.365, 39.315, 39.451, 39.881, 40.369, 39.901, 39.475, 40.045, 41.559, 41.45, 41.717, 42.962, 42.769, 42.111, 42.139, 42.092, 41.878, 41.229, 40.43, 40.102, 39.629, 38.767, 38.403, 38.513, 38.298, 37.948, 37.727, 35.656, 30.37, 25.011, 23.395, 20.605, 14.84, 9.601, 0.0, 8.227, 11.723, 14.302, 18.806, 23.579, 25.199, 26.156, 28.022, 29.885, 30.46, 31.721, 32.569, 32.907, 33.14, 33.726, 36.045, 36.97, 36.898, 37.842, 38.295, 38.938, 39.503, 39.718, 39.816, 40.081, 40.208, 39.905, 39.451, 39.183, 38.746, 38.202, 38.247, 38.376, 38.388, 38.057, 38.557, 38.903, 38.288, 38.148, 38.124, 38.0, 38.291, 38.487, 38.508, 38.506, 38.868, 39.177, 39.12, 38.984, 38.861, 38.364, 37.544, 36.811, 37.643, 38.462, 38.452, 38.564, 37.867, 38.674, 39.012, 38.994, 38.803, 38.981, 39.553, 40.204, 40.45, 39.608, 39.295, 39.456, 37.738], [37.368, 37.157, 37.672, 38.731, 38.929, 39.438, 39.965, 39.478, 39.027, 39.642, 41.275, 41.18, 41.447, 42.712, 42.497, 41.842, 41.897, 41.872, 41.66, 40.977, 40.163, 39.888, 39.494, 38.769, 38.521, 38.706, 38.504, 38.147, 37.908, 35.811, 30.866, 26.508, 25.477, 23.069, 18.794, 15.685, 8.227, 0.0, 5.772, 10.084, 15.236, 20.596, 22.469, 23.592, 25.587, 27.587, 28.393, 30.003, 31.041, 31.424, 31.651, 32.17, 34.505, 35.596, 35.655, 36.724, 37.254, 38.014, 38.699, 38.959, 39.081, 39.385, 39.536, 39.22, 38.748, 38.454, 37.974, 37.387, 37.446, 37.598, 37.602, 37.239, 37.772, 38.152, 37.494, 37.408, 37.45, 37.332, 37.655, 37.859, 37.888, 37.922, 38.298, 38.619, 38.563, 38.363, 38.214, 37.673, 36.757, 36.049, 37.046, 37.865, 37.792, 37.912, 37.223, 38.161, 38.591, 38.529, 38.261, 38.435, 39.017, 39.71, 39.974, 39.045, 38.68, 38.854, 36.984], [36.962, 36.742, 37.294, 38.399, 38.602, 39.157, 39.72, 39.227, 38.773, 39.409, 41.095, 40.995, 41.263, 42.566, 42.336, 41.651, 41.712, 41.71, 41.493, 40.799, 39.979, 39.731, 39.372, 38.728, 38.549, 38.763, 38.549, 38.187, 37.949, 35.835, 31.02, 26.964, 26.082, 23.826, 20.062, 17.61, 11.723, 5.772, 0.0, 6.183, 12.822, 18.766, 20.719, 21.834, 23.992, 26.116, 26.996, 28.891, 30.075, 30.483, 30.737, 31.307, 33.74, 34.869, 34.928, 36.061, 36.633, 37.427, 38.19, 38.512, 38.641, 38.96, 39.134, 38.809, 38.324, 38.023, 37.523, 36.908, 36.969, 37.145, 37.171, 36.787, 37.327, 37.736, 37.062, 36.973, 37.014, 36.88, 37.198, 37.404, 37.439, 37.49, 37.86, 38.159, 38.058, 37.818, 37.669, 37.092, 36.159, 35.496, 36.533, 37.359, 37.269, 37.392, 36.681, 37.703, 38.212, 38.146, 37.86, 38.067, 38.674, 39.398, 39.679, 38.695, 38.296, 38.482, 36.538], [36.665, 36.446, 37.005, 38.125, 38.321, 38.891, 39.463, 38.962, 38.521, 39.18, 40.882, 40.762, 40.987, 42.291, 42.06, 41.365, 41.43, 41.442, 41.218, 40.554, 39.758, 39.522, 39.222, 38.693, 38.611, 38.875, 38.655, 38.301, 38.062, 35.973, 31.459, 27.696, 26.836, 24.755, 21.348, 19.431, 14.302, 10.084, 6.183, 0.0, 8.902, 16.379, 18.505, 19.597, 22.106, 24.415, 25.409, 27.586, 28.896, 29.348, 29.665, 30.472, 33.209, 34.394, 34.442, 35.661, 36.293, 37.12, 37.918, 38.263, 38.406, 38.746, 38.929, 38.58, 38.082, 37.795, 37.278, 36.642, 36.697, 36.851, 36.873, 36.479, 37.014, 37.441, 36.745, 36.619, 36.629, 36.459, 36.754, 36.981, 37.044, 37.105, 37.505, 37.835, 37.706, 37.425, 37.286, 36.703, 35.788, 35.189, 36.245, 37.076, 36.983, 37.095, 36.347, 37.41, 37.988, 37.927, 37.621, 37.857, 38.49, 39.221, 39.513, 38.505, 38.088, 38.286, 36.204], [36.249, 35.995, 36.59, 37.805, 38.035, 38.668, 39.281, 38.764, 38.284, 38.932, 40.678, 40.534, 40.748, 42.097, 41.852, 41.133, 41.203, 41.196, 40.979, 40.352, 39.553, 39.353, 39.162, 38.808, 38.912, 39.289, 39.06, 38.72, 38.499, 36.454, 32.325, 29.082, 28.333, 26.639, 24.095, 22.951, 18.806, 15.236, 12.822, 8.902, 0.0, 9.118, 12.408, 14.239, 17.407, 20.224, 21.868, 24.819, 26.415, 26.962, 27.462, 28.722, 31.929, 33.362, 33.539, 34.871, 35.592, 36.546, 37.417, 37.764, 37.928, 38.333, 38.568, 38.23, 37.731, 37.45, 36.886, 36.206, 36.268, 36.383, 36.382, 35.966, 36.507, 36.948, 36.216, 36.1, 36.116, 35.898, 36.168, 36.408, 36.508, 36.558, 36.982, 37.382, 37.287, 36.978, 36.826, 36.216, 35.248, 34.712, 35.908, 36.714, 36.526, 36.642, 35.92, 37.169, 37.848, 37.745, 37.4, 37.644, 38.319, 39.096, 39.421, 38.366, 37.896, 38.102, 35.74], [36.635, 36.356, 36.995, 38.272, 38.522, 39.179, 39.806, 39.277, 38.747, 39.336, 41.063, 40.91, 41.117, 42.452, 42.22, 41.514, 41.589, 41.56, 41.36, 40.765, 39.963, 39.818, 39.66, 39.389, 39.665, 40.164, 39.945, 39.624, 39.434, 37.513, 33.814, 31.141, 30.553, 29.238, 27.491, 26.86, 23.579, 20.596, 18.766, 16.379, 9.118, 0.0, 5.514, 9.683, 13.215, 16.274, 18.915, 22.851, 24.733, 25.351, 26.035, 27.75, 31.38, 33.049, 33.397, 34.758, 35.506, 36.549, 37.489, 37.855, 38.016, 38.468, 38.766, 38.475, 38.0, 37.726, 37.148, 36.462, 36.55, 36.645, 36.61, 36.2, 36.728, 37.17, 36.461, 36.341, 36.329, 36.102, 36.341, 36.575, 36.715, 36.776, 37.203, 37.639, 37.583, 37.29, 37.119, 36.487, 35.49, 34.977, 36.259, 37.065, 36.782, 36.873, 36.22, 37.602, 38.297, 38.165, 37.819, 38.044, 38.726, 39.504, 39.833, 38.792, 38.304, 38.51, 36.085], [36.653, 36.389, 37.061, 38.336, 38.579, 39.26, 39.914, 39.38, 38.81, 39.378, 41.115, 40.962, 41.172, 42.518, 42.282, 41.569, 41.646, 41.622, 41.409, 40.789, 39.985, 39.867, 39.708, 39.448, 39.795, 40.378, 40.195, 39.897, 39.72, 37.829, 34.334, 31.898, 31.421, 30.216, 28.673, 28.21, 25.199, 22.469, 20.719, 18.505, 12.408, 5.514, 0.0, 6.403, 11.039, 14.04, 16.924, 21.442, 23.526, 24.195, 24.997, 26.996, 30.919, 32.72, 33.136, 34.567, 35.347, 36.426, 37.411, 37.794, 37.955, 38.425, 38.755, 38.469, 37.977, 37.697, 37.111, 36.412, 36.492, 36.585, 36.548, 36.144, 36.688, 37.154, 36.462, 36.342, 36.343, 36.127, 36.359, 36.603, 36.756, 36.811, 37.243, 37.691, 37.635, 37.335, 37.153, 36.496, 35.485, 34.958, 36.242, 37.07, 36.774, 36.83, 36.173, 37.622, 38.333, 38.194, 37.844, 38.074, 38.773, 39.562, 39.908, 38.877, 38.395, 38.618, 36.075], [35.769, 35.492, 36.226, 37.546, 37.778, 38.525, 39.235, 38.665, 38.023, 38.638, 40.489, 40.309, 40.585, 42.052, 41.777, 41.04, 41.133, 41.121, 40.889, 40.22, 39.385, 39.273, 39.176, 39.0, 39.354, 40.005, 39.895, 39.627, 39.46, 37.479, 34.02, 31.942, 31.717, 30.587, 29.248, 29.024, 26.156, 23.592, 21.834, 19.597, 14.239, 9.683, 6.403, 0.0, 6.696, 11.336, 14.063, 18.893, 21.222, 22.025, 23.005, 25.176, 29.389, 31.351, 31.757, 33.345, 34.21, 35.386, 36.456, 36.836, 36.989, 37.504, 37.881, 37.596, 37.079, 36.792, 36.162, 35.433, 35.578, 35.714, 35.695, 35.275, 35.877, 36.421, 35.705, 35.602, 35.662, 35.419, 35.666, 35.928, 36.086, 36.146, 36.585, 37.055, 37.02, 36.683, 36.49, 35.784, 34.697, 34.148, 35.555, 36.334, 35.962, 35.998, 35.331, 36.99, 37.791, 37.587, 37.177, 37.421, 38.167, 39.022, 39.403, 38.269, 37.751, 38.024, 35.175], [35.627, 35.327, 36.06, 37.392, 37.612, 38.374, 39.1, 38.514, 37.872, 38.517, 40.395, 40.2, 40.491, 41.991, 41.71, 40.978, 41.073, 41.049, 40.814, 40.145, 39.326, 39.223, 39.162, 39.119, 39.548, 40.227, 40.17, 39.962, 39.812, 37.832, 34.617, 33.016, 32.964, 31.973, 30.834, 30.738, 28.022, 25.587, 23.992, 22.106, 17.407, 13.215, 11.039, 6.696, 0.0, 6.9, 10.979, 16.478, 19.008, 19.961, 21.192, 23.753, 28.339, 30.5, 31.041, 32.714, 33.614, 34.881, 36.028, 36.41, 36.545, 37.101, 37.53, 37.273, 36.785, 36.54, 35.889, 35.162, 35.402, 35.561, 35.548, 35.134, 35.752, 36.316, 35.615, 35.533, 35.633, 35.399, 35.641, 35.912, 36.093, 36.162, 36.592, 37.063, 37.066, 36.747, 36.54, 35.82, 34.721, 34.161, 35.596, 36.283, 35.846, 35.882, 35.293, 37.071, 37.889, 37.593, 37.129, 37.35, 38.095, 38.941, 39.307, 38.153, 37.64, 37.939, 35.043], [36.52, 36.237, 36.893, 38.128, 38.311, 39.015, 39.705, 39.133, 38.541, 39.193, 40.986, 40.801, 41.055, 42.491, 42.237, 41.521, 41.593, 41.558, 41.333, 40.713, 39.976, 39.905, 39.829, 39.812, 40.321, 41.046, 41.021, 40.863, 40.757, 38.924, 36.073, 34.692, 34.579, 33.728, 32.565, 32.419, 29.885, 27.587, 26.116, 24.415, 20.224, 16.274, 14.04, 11.336, 6.9, 0.0, 7.944, 15.539, 18.291, 19.272, 20.66, 23.769, 28.832, 31.147, 31.844, 33.489, 34.361, 35.624, 36.772, 37.168, 37.295, 37.831, 38.269, 38.04, 37.58, 37.352, 36.743, 36.061, 36.241, 36.35, 36.343, 35.945, 36.477, 36.971, 36.319, 36.258, 36.379, 36.197, 36.447, 36.734, 36.926, 36.985, 37.377, 37.821, 37.828, 37.541, 37.316, 36.626, 35.615, 35.031, 36.285, 36.934, 36.5, 36.543, 36.06, 37.798, 38.571, 38.225, 37.744, 37.927, 38.639, 39.414, 39.738, 38.698, 38.248, 38.557, 36.008], [35.805, 35.496, 36.197, 37.482, 37.663, 38.411, 39.118, 38.511, 37.863, 38.469, 40.323, 40.136, 40.406, 41.887, 41.582, 40.85, 40.942, 40.894, 40.658, 40.01, 39.264, 39.205, 39.134, 39.159, 39.711, 40.503, 40.524, 40.359, 40.259, 38.407, 35.602, 34.529, 34.516, 33.724, 32.77, 32.807, 30.46, 28.393, 26.996, 25.409, 21.868, 18.915, 16.924, 14.063, 10.979, 7.944, 0.0, 9.69, 13.686, 14.946, 16.637, 20.54, 26.435, 29.203, 30.013, 31.883, 32.891, 34.277, 35.607, 36.095, 36.282, 36.883, 37.382, 37.193, 36.775, 36.571, 35.932, 35.271, 35.543, 35.71, 35.72, 35.302, 35.905, 36.468, 35.815, 35.795, 35.908, 35.702, 35.97, 36.25, 36.38, 36.373, 36.752, 37.223, 37.232, 36.913, 36.674, 35.925, 34.851, 34.271, 35.592, 36.2, 35.745, 35.829, 35.289, 37.065, 37.839, 37.468, 37.011, 37.24, 37.978, 38.774, 39.107, 38.002, 37.527, 37.854, 35.305], [35.137, 34.815, 35.52, 36.808, 37.008, 37.786, 38.493, 37.897, 37.254, 37.895, 39.788, 39.619, 39.963, 41.473, 41.173, 40.465, 40.577, 40.509, 40.238, 39.55, 38.787, 38.695, 38.621, 38.745, 39.342, 40.145, 40.183, 40.005, 39.876, 38.023, 35.299, 34.586, 34.769, 34.011, 33.467, 33.784, 31.721, 30.003, 28.891, 27.586, 24.819, 22.851, 21.442, 18.893, 16.478, 15.539, 9.69, 0.0, 6.206, 8.753, 10.933, 16.109, 22.833, 26.244, 27.416, 29.619, 30.872, 32.375