[[0.0, 7.888, 13.075, 15.25, 19.283, 24.679, 28.19, 29.124, 29.63, 32.47, 35.82, 37.603, 38.303, 38.797, 39.382, 40.003, 40.464, 40.9, 41.388, 41.624, 41.554, 41.605, 42.482, 43.672, 44.144, 44.192, 44.374, 44.847, 45.082, 45.168, 45.35, 45.297, 45.336, 45.905, 46.26, 45.798, 44.449, 43.466, 43.243, 43.189, 42.706, 42.369, 42.674, 42.798, 42.751, 43.107, 43.752, 43.772, 43.33, 43.028, 43.149, 43.326, 43.231, 43.199, 43.538, 43.645, 43.403, 43.185, 43.221, 43.458, 43.685, 43.563, 43.318, 43.305, 43.437, 43.163, 42.71, 42.785, 43.311, 43.674, 43.648, 43.408, 43.368, 43.321, 43.326, 43.505, 43.722, 43.735, 43.845, 44.216, 43.978, 43.543, 43.455, 43.658, 43.143, 41.542, 40.33, 40.158, 40.257, 40.313, 40.497, 40.947, 41.176, 41.176, 41.105, 41.01, 40.883, 40.714, 40.971, 41.96, 42.627, 42.708, 42.772, 42.918, 42.796, 42.611, 42.416, 42.144, 42.141, 42.611, 42.897, 42.757, 43.245, 44.152, 44.643, 44.733, 44.785, 44.997, 45.048, 44.758, 44.398, 44.292, 44.356, 44.345, 44.268, 44.511, 44.759, 44.577, 44.339, 44.166, 43.943, 43.864, 43.887, 43.892, 43.514, 42.919, 42.971, 43.188, 42.885, 42.663, 42.46, 42.132, 42.205, 42.63, 42.755, 9.811], [7.888, 0.0, 7.051, 10.922, 16.033, 22.116, 26.202, 27.452, 28.129, 31.35, 34.975, 36.835, 37.6, 38.192, 38.869, 39.567, 40.072, 40.507, 40.988, 41.239, 41.213, 41.322, 42.217, 43.424, 43.92, 43.979, 44.215, 44.739, 44.974, 45.051, 45.209, 45.13, 45.151, 45.728, 46.095, 45.593, 44.105, 43.086, 42.908, 42.838, 42.31, 41.939, 42.216, 42.342, 42.328, 42.66, 43.253, 43.295, 42.918, 42.623, 42.691, 42.842, 42.753, 42.715, 43.025, 43.112, 42.885, 42.675, 42.705, 42.975, 43.247, 43.127, 42.89, 42.939, 43.128, 42.878, 42.444, 42.542, 43.067, 43.445, 43.464, 43.255, 43.202, 43.129, 43.118, 43.316, 43.553, 43.534, 43.599, 43.955, 43.78, 43.429, 43.386, 43.572, 43.016, 41.388, 40.249, 40.207, 40.343, 40.351, 40.514, 40.971, 41.177, 41.137, 41.052, 40.955, 40.831, 40.675, 40.948, 41.92, 42.552, 42.624, 42.691, 42.853, 42.778, 42.619, 42.399, 42.089, 42.062, 42.506, 42.75, 42.536, 42.919, 43.76, 44.227, 44.316, 44.375, 44.599, 44.675, 44.408, 44.053, 43.935, 43.995, 43.994, 43.912, 44.146, 44.451, 44.356, 44.165, 44.014, 43.762, 43.622, 43.637, 43.653, 43.251, 42.632, 42.705, 42.948, 42.656, 42.443, 42.213, 41.866, 41.989, 42.479, 42.658, 15.277], [13.075, 7.051, 0.0, 6.339, 14.111, 21.111, 25.588, 27.045, 27.877, 31.337, 35.096, 37.005, 37.839, 38.452, 39.112, 39.825, 40.353, 40.79, 41.287, 41.576, 41.601, 41.755, 42.651, 43.864, 44.398, 44.453, 44.646, 45.136, 45.385, 45.481, 45.635, 45.569, 45.608, 46.168, 46.515, 46.03, 44.559, 43.553, 43.408, 43.358, 42.873, 42.496, 42.69, 42.783, 42.785, 43.107, 43.706, 43.787, 43.469, 43.208, 43.278, 43.424, 43.348, 43.311, 43.601, 43.688, 43.475, 43.268, 43.287, 43.532, 43.768, 43.641, 43.428, 43.504, 43.698, 43.463, 43.064, 43.172, 43.657, 44.006, 44.044, 43.861, 43.804, 43.732, 43.736, 43.942, 44.173, 44.146, 44.211, 44.571, 44.387, 44.025, 43.984, 44.172, 43.632, 42.008, 40.848, 40.792, 40.947, 40.967, 41.093, 41.501, 41.672, 41.583, 41.473, 41.389, 41.271, 41.1, 41.364, 42.313, 42.918, 42.979, 43.045, 43.209, 43.134, 42.963, 42.739, 42.456, 42.419, 42.778, 42.998, 42.83, 43.255, 44.102, 44.561, 44.642, 44.689, 44.904, 44.999, 44.782, 44.472, 44.362, 44.414, 44.412, 44.34, 44.569, 44.886, 44.824, 44.646, 44.483, 44.224, 44.074, 44.087, 44.104, 43.713, 43.126, 43.199, 43.435, 43.152, 42.964, 42.764, 42.409, 42.492, 42.942, 43.115, 18.39], [15.25, 10.922, 6.339, 0.0, 9.724, 18.225, 23.428, 25.044, 26.003, 29.819, 33.824, 35.862, 36.769, 37.406, 38.086, 38.822, 39.363, 39.807, 40.339, 40.703, 40.776, 40.896, 41.727, 42.96, 43.572, 43.675, 43.892, 44.398, 44.691, 44.859, 45.061, 45.012, 45.078, 45.67, 46.041, 45.594, 44.144, 43.068, 42.868, 42.826, 42.334, 41.935, 42.125, 42.243, 42.237, 42.551, 43.215, 43.334, 43.009, 42.732, 42.812, 42.971, 42.887, 42.841, 43.161, 43.262, 43.035, 42.822, 42.843, 43.081, 43.319, 43.19, 42.958, 43.001, 43.162, 42.886, 42.433, 42.502, 42.992, 43.356, 43.385, 43.184, 43.137, 43.074, 43.085, 43.309, 43.561, 43.541, 43.615, 43.979, 43.796, 43.433, 43.383, 43.565, 43.028, 41.383, 40.208, 40.139, 40.261, 40.274, 40.453, 40.931, 41.129, 41.032, 40.899, 40.817, 40.708, 40.51, 40.732, 41.668, 42.288, 42.36, 42.438, 42.619, 42.556, 42.38, 42.131, 41.819, 41.792, 42.197, 42.467, 42.284, 42.69, 43.566, 44.061, 44.16, 44.208, 44.424, 44.522, 44.317, 44.018, 43.916, 43.981, 43.985, 43.902, 44.138, 44.502, 44.446, 44.244, 44.036, 43.737, 43.561, 43.556, 43.573, 43.177, 42.553, 42.618, 42.898, 42.609, 42.392, 42.163, 41.807, 41.913, 42.399, 42.593, 20.199], [19.283, 16.033, 14.111, 9.724, 0.0, 10.53, 17.736, 20.131, 21.198, 25.77, 30.496, 32.825, 33.804, 34.513, 35.322, 36.161, 36.759, 37.24, 37.858, 38.359, 38.502, 38.536, 39.26, 40.604, 41.41, 41.645, 42.022, 42.66, 43.003, 43.236, 43.511, 43.454, 43.529, 44.2, 44.602, 44.128, 42.651, 41.548, 41.299, 41.228, 40.649, 40.237, 40.516, 40.74, 40.752, 41.048, 41.779, 41.968, 41.619, 41.23, 41.227, 41.374, 41.252, 41.18, 41.567, 41.702, 41.45, 41.232, 41.268, 41.549, 41.849, 41.727, 41.437, 41.425, 41.561, 41.209, 40.623, 40.635, 41.186, 41.61, 41.637, 41.419, 41.397, 41.327, 41.308, 41.555, 41.879, 41.861, 41.897, 42.231, 42.129, 41.894, 41.877, 42.022, 41.457, 39.848, 38.843, 38.916, 38.974, 38.911, 39.215, 39.891, 40.169, 40.083, 39.911, 39.798, 39.72, 39.542, 39.68, 40.522, 41.133, 41.211, 41.284, 41.492, 41.497, 41.371, 41.073, 40.632, 40.602, 41.185, 41.545, 41.19, 41.382, 42.238, 42.773, 42.918, 42.99, 43.22, 43.309, 43.06, 42.732, 42.649, 42.753, 42.794, 42.716, 42.979, 43.448, 43.438, 43.2, 42.905, 42.458, 42.121, 42.048, 42.085, 41.627, 40.834, 40.883, 41.261, 40.97, 40.666, 40.311, 39.953, 40.214, 40.885, 41.178, 24.234], [24.679, 22.116, 21.111, 18.225, 10.53, 0.0, 9.155, 13.344, 14.978, 20.243, 25.922, 28.772, 29.842, 30.524, 31.414, 32.359, 33.015, 33.541, 34.293, 35.009, 35.286, 35.231, 35.815, 37.328, 38.435, 38.862, 39.452, 40.293, 40.701, 40.986, 41.387, 41.388, 41.505, 42.313, 42.788, 42.204, 40.551, 39.361, 39.11, 39.058, 38.413, 38.045, 38.466, 38.816, 38.854, 39.097, 39.885, 40.182, 39.842, 39.337, 39.214, 39.32, 39.152, 39.063, 39.563, 39.766, 39.477, 39.253, 39.342, 39.67, 40.007, 39.879, 39.523, 39.464, 39.634, 39.225, 38.456, 38.364, 38.98, 39.481, 39.513, 39.255, 39.234, 39.148, 39.085, 39.33, 39.722, 39.714, 39.722, 40.049, 40.11, 40.05, 40.063, 40.129, 39.461, 37.926, 37.258, 37.564, 37.506, 37.343, 37.834, 38.747, 39.107, 39.028, 38.783, 38.593, 38.552, 38.452, 38.522, 39.233, 39.821, 39.911, 39.948, 40.142, 40.227, 40.205, 39.886, 39.31, 39.321, 40.124, 40.521, 39.893, 39.78, 40.564, 41.11, 41.302, 41.397, 41.63, 41.7, 41.403, 41.076, 41.061, 41.229, 41.319, 41.289, 41.652, 42.296, 42.397, 42.183, 41.806, 41.117, 40.526, 40.399, 40.466, 39.82, 38.695, 38.655, 39.074, 38.719, 38.303, 37.851, 37.51, 37.938, 38.811, 39.207, 29.218], [28.19, 26.202, 25.588, 23.428, 17.736, 9.155, 0.0, 6.129, 9.888, 16.146, 22.574, 26.003, 27.252, 27.831, 28.635, 29.57, 30.235, 30.814, 31.698, 32.598, 33.002, 32.913, 33.433, 35.095, 36.416, 36.97, 37.688, 38.667, 39.166, 39.538, 40.026, 40.055, 40.227, 41.203, 41.77, 41.017, 39.072, 37.715, 37.443, 37.444, 36.799, 36.472, 36.987, 37.42, 37.462, 37.665, 38.511, 38.89, 38.561, 37.987, 37.804, 37.887, 37.687, 37.624, 38.264, 38.544, 38.21, 37.967, 38.11, 38.477, 38.837, 38.697, 38.273, 38.176, 38.385, 37.914, 36.985, 36.826, 37.522, 38.096, 38.127, 37.819, 37.782, 37.68, 37.596, 37.855, 38.284, 38.281, 38.284, 38.613, 38.795, 38.833, 38.83, 38.809, 38.033, 36.541, 36.117, 36.561, 36.376, 36.179, 36.875, 37.976, 38.382, 38.299, 37.993, 37.738, 37.724, 37.703, 37.752, 38.394, 38.983, 39.094, 39.101, 39.261, 39.372, 39.4, 39.064, 38.436, 38.537, 39.513, 39.924, 39.123, 38.804, 39.508, 40.062, 40.279, 40.369, 40.591, 40.641, 40.308, 39.986, 40.031, 40.248, 40.364, 40.348, 40.786, 41.566, 41.755, 41.608, 41.245, 40.43, 39.673, 39.517, 39.605, 38.807, 37.424, 37.325, 37.765, 37.35, 36.851, 36.367, 36.007, 36.504, 37.484, 37.918, 32.312], [29.124, 27.452, 27.045, 25.044, 20.131, 13.344, 6.129, 0.0, 6.359, 14.765, 21.811, 25.403, 26.758, 27.375, 28.096, 28.936, 29.59, 30.215, 31.141, 32.066, 32.484, 32.417, 33.021, 34.813, 36.209, 36.794, 37.525, 38.513, 39.058, 39.509, 40.01, 40.007, 40.197, 41.235, 41.825, 41.023, 39.012, 37.611, 37.297, 37.313, 36.708, 36.409, 36.933, 37.371, 37.384, 37.565, 38.422, 38.801, 38.451, 37.858, 37.676, 37.763, 37.565, 37.522, 38.197, 38.496, 38.15, 37.891, 38.043, 38.415, 38.766, 38.62, 38.186, 38.098, 38.328, 37.841, 36.888, 36.743, 37.465, 38.045, 38.073, 37.758, 37.715, 37.608, 37.535, 37.811, 38.239, 38.232, 38.239, 38.572, 38.759, 38.785, 38.76, 38.716, 37.941, 36.465, 36.013, 36.413, 36.186, 36.006, 36.749, 37.864, 38.269, 38.194, 37.893, 37.64, 37.638, 37.642, 37.697, 38.346, 38.947, 39.068, 39.065, 39.197, 39.275, 39.28, 38.937, 38.315, 38.421, 39.414, 39.848, 39.064, 38.741, 39.425, 39.985, 40.202, 40.281, 40.496, 40.546, 40.214, 39.9, 39.955, 40.172, 40.281, 40.256, 40.687, 41.47, 41.666, 41.536, 41.211, 40.441, 39.704, 39.547, 39.631, 38.848, 37.514, 37.464, 37.904, 37.49, 36.981, 36.495, 36.116, 36.593, 37.555, 37.974, 32.952], [29.63, 28.129, 27.877, 26.003, 21.198, 14.978, 9.888, 6.359, 0.0, 10.643, 19.332, 23.491, 24.953, 25.759, 26.703, 27.642, 28.351, 29.017, 29.969, 30.923, 31.336, 31.262, 31.989, 33.996, 35.501, 36.092, 36.839, 37.87, 38.451, 38.995, 39.636, 39.689, 39.859, 40.911, 41.582, 40.933, 39.077, 37.765, 37.464, 37.458, 36.809, 36.511, 37.061, 37.5, 37.475, 37.632, 38.491, 38.86, 38.459, 37.815, 37.588, 37.667, 37.465, 37.369, 37.968, 38.247, 37.902, 37.635, 37.783, 38.146, 38.473, 38.322, 37.906, 37.828, 38.066, 37.601, 36.662, 36.524, 37.266, 37.853, 37.869, 37.545, 37.516, 37.415, 37.324, 37.586, 38.035, 38.064, 38.084, 38.422, 38.6, 38.623, 38.62, 38.596, 37.838, 36.251, 35.634, 36.012, 35.816, 35.596, 36.248, 37.335, 37.76, 37.687, 37.376, 37.135, 37.159, 37.181, 37.227, 37.887, 38.519, 38.651, 38.647, 38.786, 38.865, 38.847, 38.476, 37.809, 37.806, 38.704, 39.158, 38.477, 38.288, 39.04, 39.59, 39.805, 39.908, 40.143, 40.197, 39.862, 39.545, 39.592, 39.794, 39.905, 39.907, 40.361, 41.14, 41.329, 41.167, 40.784, 40.011, 39.312, 39.163, 39.227, 38.514, 37.396, 37.506, 37.955, 37.54, 36.999, 36.469, 36.09, 36.568, 37.499, 37.903, 33.155], [32.47, 31.35, 31.337, 29.819, 25.77, 20.243, 16.146, 14.765, 10.643, 0.0, 10.959, 17.093, 19.357, 20.508, 21.953, 23.274, 24.124, 24.806, 25.866, 27.081, 27.648, 27.464, 28.153, 30.448, 32.21, 32.903, 33.808, 35.042, 35.706, 36.44, 37.53, 37.88, 38.102, 39.291, 40.287, 40.018, 38.436, 37.237, 37.021, 37.061, 36.328, 36.006, 36.658, 37.199, 37.188, 37.295, 38.143, 38.537, 38.095, 37.323, 36.981, 37.024, 36.781, 36.62, 37.189, 37.476, 37.111, 36.843, 36.987, 37.298, 37.564, 37.396, 36.953, 36.817, 37.061, 36.597, 35.58, 35.388, 36.183, 36.835, 36.842, 36.472, 36.459, 36.371, 36.219, 36.421, 36.893, 36.969, 36.995, 37.313, 37.544, 37.67, 37.741, 37.704, 36.858, 35.111, 34.561, 35.127, 34.918, 34.575, 35.178, 36.332, 36.842, 36.796, 36.449, 36.192, 36.277, 36.384, 36.44, 37.104, 37.805, 37.978, 37.944, 38.067, 38.187, 38.199, 37.773, 37.002, 36.91, 37.766, 38.212, 37.5, 37.347, 38.181, 38.716, 38.972, 39.159, 39.43, 39.468, 39.091, 38.745, 38.783, 38.974, 39.111, 39.182, 39.723, 40.554, 40.733, 40.536, 40.019, 39.101, 38.347, 38.193, 38.238, 37.553, 36.585, 36.844, 37.339, 36.875, 36.235, 35.601, 35.181, 35.74, 36.718, 37.109, 35.627], [35.82, 34.975, 35.096, 33.824, 30.496, 25.922, 22.574, 21.811, 19.332, 10.959, 0.0, 8.306, 12.641, 14.932, 16.906, 18.494, 19.43, 20.095, 21.342, 23.044, 24.004, 23.731, 24.12, 26.451, 28.418, 29.284, 30.368, 31.784, 32.503, 33.28, 34.666, 35.387, 35.786, 37.065, 38.364, 38.746, 37.934, 37.195, 37.061, 37.096, 36.36, 36.033, 36.74, 37.381, 37.437, 37.532, 38.318, 38.717, 38.285, 37.429, 36.997, 37.006, 36.735, 36.546, 37.098, 37.392, 37.017, 36.739, 36.852, 37.108, 37.346, 37.195, 36.735, 36.547, 36.791, 36.333, 35.29, 35.051, 35.823, 36.503, 36.519, 36.102, 36.066, 35.999, 35.825, 35.956, 36.383, 36.475, 36.503, 36.774, 37.058, 37.331, 37.489, 37.41, 36.455, 34.814, 34.678, 35.506, 35.223, 34.749, 35.345, 36.534, 37.086, 37.107, 36.787, 36.514, 36.632, 36.807, 36.852, 37.421, 38.084, 38.26, 38.173, 38.241, 38.387, 38.429, 37.949, 37.109, 36.975, 37.79, 38.183, 37.373, 37.121, 37.912, 38.431, 38.777, 39.091, 39.399, 39.414, 39.022, 38.708, 38.796, 38.993, 39.136, 39.277, 39.93, 40.808, 40.999, 40.802, 40.199, 39.171, 38.374, 38.219, 38.24, 37.547, 36.619, 36.861, 37.333, 36.825, 36.13, 35.433, 34.96, 35.592, 36.633, 37.013, 38.68], [37.603, 36.835, 37.005, 35.862, 32.825, 28.772, 26.003, 25.403, 23.491, 17.093, 8.306, 0.0, 6.498, 11.08, 13.92, 15.546, 16.48, 17.233, 18.766, 20.941, 22.303, 22.15, 22.441, 24.757, 26.803, 27.7, 28.771, 30.193, 30.87, 31.529, 32.909, 33.765, 34.263, 35.554, 36.897, 37.521, 37.303, 37.181, 37.277, 37.301, 36.553, 36.221, 36.934, 37.591, 37.679, 37.807, 38.539, 38.904, 38.484, 37.624, 37.16, 37.151, 36.884, 36.688, 37.211, 37.497, 37.12, 36.838, 36.955, 37.232, 37.523, 37.407, 36.945, 36.743, 37.0, 36.575, 35.561, 35.295, 36.021, 36.689, 36.71, 36.261, 36.178, 36.124, 35.972, 36.078, 36.486, 36.597, 36.623, 36.863, 37.173, 37.531, 37.731, 37.666, 36.746, 35.294, 35.386, 36.292, 35.986, 35.459, 36.023, 37.193, 37.736, 37.762, 37.45, 37.169, 37.293, 37.495, 37.509, 37.955, 38.529, 38.67, 38.557, 38.629, 38.804, 38.847, 38.337, 37.487, 37.348, 38.148, 38.505, 37.638, 37.304, 37.999, 38.473, 38.851, 39.214, 39.531, 39.541, 39.163, 38.891, 39.027, 39.246, 39.377, 39.505, 40.158, 41.056, 41.299, 41.137, 40.505, 39.434, 38.656, 38.555, 38.585, 37.898, 37.03, 37.277, 37.71, 37.2, 36.496, 35.772, 35.297, 35.997, 37.109, 37.504, 40.289], [38.303, 37.6, 37.839, 36.769, 33.804, 29.842, 27.252, 26.758, 24.953, 19.357, 12.641, 6.498, 0.0, 6.339, 10.567, 12.683, 13.779, 14.769, 16.568, 18.995, 20.655, 20.829, 21.471, 24.094, 26.258, 27.07, 27.973, 29.256, 29.838, 30.451, 31.87, 32.789, 33.324, 34.672, 36.048, 36.605, 36.479, 36.727, 37.156, 37.285, 36.528, 36.202, 36.933, 37.582, 37.657, 37.801, 38.535, 38.894, 38.475, 37.619, 37.147, 37.126, 36.874, 36.722, 37.272, 37.558, 37.172, 36.889, 37.03, 37.363, 37.715, 37.619, 37.141, 36.932, 37.206, 36.802, 35.804, 35.537, 36.258, 36.928, 36.956, 36.495, 36.378, 36.32, 36.178, 36.272, 36.672, 36.78, 36.795, 37.042, 37.399, 37.784, 37.956, 37.892, 37.01, 35.575, 35.631, 36.518, 36.208, 35.648, 36.186, 37.366, 37.891, 37.862, 37.518, 37.235, 37.365, 37.573, 37.582, 38.002, 38.557, 38.692, 38.6, 38.717, 38.913, 38.94, 38.416, 37.58, 37.464, 38.29, 38.645, 37.77, 37.446, 38.13, 38.577, 38.936, 39.288, 39.597, 39.604, 39.226, 38.946, 39.082, 39.317, 39.446, 39.54, 40.176, 41.094, 41.368, 41.248, 40.629, 39.547, 38.795, 38.748, 38.814, 38.131, 37.254, 37.531, 37.965, 37.452, 36.755, 36.026, 35.552, 36.291, 37.418, 37.791, 40.896], [38.797, 38.192, 38.452, 37.406, 34.513, 30.524, 27.831, 27.375, 25.759, 20.508, 14.932, 11.08, 6.339, 0.0, 5.405, 8.622, 10.314, 11.67, 13.699, 16.213, 18.08, 18.657, 19.879, 23.051, 25.471, 26.284, 27.057, 28.2, 28.72, 29.376, 30.893, 31.92, 32.569, 34.013, 35.475, 36.134, 36.064, 36.363, 36.974, 37.33, 36.706, 36.419, 37.137, 37.758, 37.808, 37.934, 38.673, 39.057, 38.68, 37.875, 37.445, 37.437, 37.211, 37.116, 37.699, 37.976, 37.584, 37.305, 37.436, 37.733, 38.052, 37.956, 37.486, 37.271, 37.522, 37.111, 36.138, 35.898, 36.598, 37.253, 37.293, 36.839, 36.707, 36.631, 36.463, 36.521, 36.883, 36.969, 36.98, 37.257, 37.675, 38.063, 38.175, 38.058, 37.159, 35.72, 35.728, 36.552, 36.207, 35.66, 36.248, 37.448, 37.938, 37.865, 37.522, 37.256, 37.375, 37.558, 37.562, 38.002, 38.582, 38.75, 38.716, 38.87, 39.048, 39.055, 38.559, 37.796, 37.766, 38.626, 38.955, 38.066, 37.751, 38.457, 38.925, 39.273, 39.6, 39.896, 39.903, 39.524, 39.231, 39.356, 39.595, 39.726, 39.825, 40.491, 41.42, 41.694, 41.615, 41.052, 40.006, 39.256, 39.202, 39.277, 38.581, 37.612, 37.826, 38.251, 37.707, 37.03, 36.371, 35.936, 36.655, 37.721, 38.035, 41.27], [39.382, 38.869, 39.112, 38.086, 35.322, 31.414, 28.635, 28.096, 26.703, 21.953, 16.906, 13.92, 10.567, 5.405, 0.0, 4.13, 6.784, 8.723, 11.098, 13.814, 15.892, 16.752, 18.381, 21.975, 24.674, 25.617, 26.391, 27.496, 28.029, 28.722, 30.267, 31.368, 32.142, 33.643, 35.102, 35.911, 36.114, 36.454, 37.022, 37.529, 37.113, 36.899, 37.569, 38.144, 38.178, 38.297, 39.027, 39.43, 39.12, 38.412, 38.06, 38.075, 37.874, 37.82, 38.41, 38.666, 38.276, 38.001, 38.096, 38.294, 38.524, 38.426, 37.995, 37.784, 37.987, 37.57, 36.647, 36.432, 37.062, 37.662, 37.707, 37.277, 37.144, 37.059, 36.871, 36.889, 37.204, 37.281, 37.299, 37.568, 37.976, 38.351, 38.427, 38.244, 37.334, 36.014, 36.069, 36.811, 36.423, 35.943, 36.598, 37.774, 38.225, 38.164, 37.865, 37.621, 37.727, 37.88, 37.855, 38.276, 38.856, 39.051, 39.051, 39.2, 39.34, 39.343, 38.906, 38.231, 38.282, 39.161, 39.461, 38.567, 38.251, 38.954, 39.444, 39.778, 40.075, 40.356, 40.363, 39.99, 39.7, 39.821, 40.057, 40.184, 40.291, 40.958, 41.856, 42.118, 42.056, 41.544, 40.562, 39.837, 39.76, 39.815, 39.125, 38.132, 38.267, 38.65, 38.09, 37.448, 36.89, 36.52, 37.198, 38.192, 38.456, 41.708], [40.003, 39.567, 39.825, 38.822, 36.161, 32.359, 29.57, 28.936, 27.642, 23.274, 18.494, 15.546, 12.683, 8.622, 4.13, 0.0, 3.401, 6.153, 9.144, 12.26, 14.574, 15.516, 17.243, 21.017, 23.879, 24.933, 25.756, 26.898, 27.492, 28.216, 29.765, 30.934, 31.822, 33.375, 34.807, 35.683, 36.154, 36.633, 37.15, 37.685, 37.383, 37.232, 37.898, 38.469, 38.512, 38.641, 39.371, 39.78, 39.496, 38.837, 38.531, 38.553, 38.356, 38.322, 38.917, 39.159, 38.768, 38.491, 38.571, 38.728, 38.92, 38.825, 38.419, 38.209, 38.384, 37.978, 37.096, 36.878, 37.453, 38.013, 38.057, 37.641, 37.512, 37.434, 37.25, 37.252, 37.55, 37.638, 37.665, 37.905, 38.277, 38.648, 38.717, 38.503, 37.594, 36.373, 36.49, 37.193, 36.778, 36.332, 37.014, 38.166, 38.607, 38.575, 38.306, 38.072, 38.175, 38.319, 38.271, 38.662, 39.229, 39.427, 39.429, 39.563, 39.685, 39.693, 39.289, 38.652, 38.731, 39.622, 39.927, 39.059, 38.742, 39.404, 39.884, 40.21, 40.497, 40.77, 40.769, 40.392, 40.1, 40.214, 40.445, 40.571, 40.676, 41.308, 42.163, 42.411, 42.345, 41.843, 40.893, 40.195, 40.113, 40.151, 39.481, 38.516, 38.633, 38.998, 38.459, 37.841, 37.326, 36.991, 37.64, 38.597, 38.842, 42.229], [40.464, 40.072, 40.353, 39.363, 36.759, 33.015, 30.235, 29.59, 28.351, 24.124, 19.43, 16.48, 13.779, 10.314, 6.784, 3.401, 0.0, 3.459, 7.325, 11.013, 13.563, 14.437, 16.058, 19.912, 22.884, 23.999, 24.859, 26.061, 26.715, 27.448, 29.012, 30.258, 31.238, 32.841, 34.287, 35.22, 35.854, 36.449, 36.981, 37.541, 37.27, 37.151, 37.871, 38.504, 38.593, 38.732, 39.454, 39.856, 39.561, 38.9, 38.6, 38.621, 38.419, 38.387, 38.986, 39.218, 38.816, 38.532, 38.611, 38.763, 38.946, 38.852, 38.452, 38.237, 38.401, 38.001, 37.132, 36.904, 37.465, 38.022, 38.067, 37.655, 37.532, 37.464, 37.283, 37.281, 37.579, 37.677, 37.713, 37.95, 38.339, 38.746, 38.82, 38.585, 37.665, 36.481, 36.65, 37.365, 36.922, 36.457, 37.155, 38.316, 38.762, 38.738, 38.476, 38.243, 38.346, 38.486, 38.427, 38.799, 39.358, 39.557, 39.551, 39.677, 39.798, 39.807, 39.4, 38.756, 38.839, 39.749, 40.065, 39.202, 38.867, 39.485, 39.955, 40.286, 40.582, 40.859, 40.851, 40.464, 40.17, 40.283, 40.513, 40.647, 40.762, 41.382, 42.222, 42.464, 42.39, 41.869, 40.907, 40.214, 40.139, 40.177, 39.513, 38.561, 38.679, 39.049, 38.523, 37.913, 37.404, 37.054, 37.671, 38.618, 38.862, 42.655], [40.9, 40.507, 40.79, 39.807, 37.24, 33.541, 30.814, 30.215, 29.017, 24.806, 20.095, 17.233, 14.769, 11.67, 8.723, 6.153, 3.459, 0.0, 4.56, 9.134, 12.268, 13.132, 14.534, 18.489, 21.638, 22.857, 23.795, 25.076, 25.757, 26.477, 28.095, 29.44, 30.486, 32.132, 33.653, 34.72, 35.491, 36.148, 36.716, 37.324, 37.058, 36.927, 37.697, 38.426, 38.597, 38.759, 39.463, 39.859, 39.558, 38.887, 38.576, 38.592, 38.39, 38.354, 38.938, 39.162, 38.752, 38.456, 38.528, 38.663, 38.825, 38.731, 38.343, 38.122, 38.266, 37.861, 36.996, 36.758, 37.309, 37.868, 37.916, 37.501, 37.379, 37.315, 37.132, 37.122, 37.42, 37.53, 37.573, 37.816, 38.251, 38.714, 38.803, 38.553, 37.626, 36.477, 36.708, 37.452, 36.985, 36.495, 37.205, 38.384, 38.834, 38.81, 38.545, 38.311, 38.414, 38.55, 38.485, 38.84, 39.39, 39.59, 39.579, 39.695, 39.814, 39.818, 39.397, 38.735, 38.809, 39.707, 40.0, 39.122, 38.779, 39.388, 39.856, 40.201, 40.517, 40.807, 40.796, 40.402, 40.108, 40.225, 40.454, 40.59, 40.726, 41.367, 42.21, 42.453, 42.373, 41.826, 40.839, 40.132, 40.055, 40.094, 39.423, 38.464, 38.582, 38.965, 38.432, 37.821, 37.321, 36.955, 37.543, 38.483, 38.725, 43.085], [41.388, 40.988, 41.287, 40.339, 37.858, 34.293, 31.698, 31.141, 29.969, 25.866, 21.342, 18.766, 16.568, 13.699, 11.098, 9.144, 7.325, 4.56, 0.0, 5.478, 9.778, 11.2, 12.836, 17.114, 20.449, 21.75, 22.775, 24.104, 24.769, 25.498, 27.234, 28.708, 29.843, 31.566, 33.223, 34.501, 35.425, 36.103, 36.697, 37.379, 37.148, 37.002, 37.785, 38.576, 38.836, 39.047, 39.735, 40.129, 39.85, 39.198, 38.882, 38.898, 38.72, 38.684, 39.231, 39.447, 39.048, 38.742, 38.797, 38.909, 39.041, 38.948, 38.592, 38.387, 38.505, 38.093, 37.258, 37.032, 37.556, 38.101, 38.15, 37.738, 37.618, 37.559, 37.374, 37.351, 37.64, 37.761, 37.8, 38.035, 38.49, 38.989, 39.094, 38.848, 37.947, 36.837, 37.077, 37.806, 37.341, 36.863, 37.569, 38.728, 39.162, 39.133, 38.878, 38.656, 38.751, 38.867, 38.802, 39.147, 39.681, 39.884, 39.883, 39.994, 40.092, 40.072, 39.648, 39.0, 39.051, 39.878, 40.138, 39.291, 38.991, 39.61, 40.076, 40.429, 40.763, 41.062, 41.051, 40.662, 40.373, 40.487, 40.705, 40.829, 40.982, 41.64, 42.465, 42.702, 42.628, 42.096, 41.128, 40.418, 40.328, 40.361, 39.69, 38.725, 38.816, 39.196, 38.657, 38.057, 37.591, 37.256, 37.821, 38.712, 38.929, 43.544], [41.624, 41.239, 41.576, 40.703, 38.359, 35.009, 32.598, 32.066, 30.923, 27.081, 23.044, 20.941, 18.995, 16.213, 13.814, 12.26, 11.013, 9.134, 5.478, 0.0, 5.392, 8.313, 11.791, 17.025, 20.436, 21.585, 22.518, 23.764, 24.37, 25.142, 27.001, 28.566, 29.779, 31.571, 33.301, 34.696, 35.735, 36.413, 37.003, 37.788, 37.664, 37.549, 38.312, 39.064, 39.335, 39.614, 40.31, 40.68, 40.413, 39.806, 39.52, 39.561, 39.426, 39.39, 39.88, 40.083, 39.713, 39.408, 39.456, 39.569, 39.691, 39.6, 39.283, 39.124, 39.234, 38.829, 38.056, 37.876, 38.37, 38.882, 38.934, 38.545, 38.43, 38.378, 38.206, 38.182, 38.459, 38.58, 38.611, 38.825, 39.245, 39.72, 39.816, 39.598, 38.74, 37.592, 37.686, 38.329, 37.906, 37.478, 38.156, 39.244, 39.637, 39.61, 39.394, 39.203, 39.27, 39.336, 39.273, 39.629, 40.148, 40.353, 40.381, 40.51, 40.581, 40.52, 40.118, 39.526, 39.549, 40.277, 40.527, 39.792, 39.592, 40.225, 40.688, 41.026, 41.35, 41.643, 41.635, 41.266, 40.992, 41.102, 41.307, 41.419, 41.574, 42.201, 42.966, 43.185, 43.128, 42.652, 41.77, 41.11, 41.02, 41.052, 40.417, 39.478, 39.531, 39.877, 39.357, 38.798, 38.385, 38.079, 38.57, 39.344, 39.501, 43.693], [41.554, 41.213, 41.601, 40.776, 38.502, 35.286, 33.002, 32.484, 31.336, 27.648, 24.004, 22.303, 20.655, 18.08, 15.892, 14.574, 13.563, 12.268, 9.778, 5.392, 0.0, 4.784, 11.053, 17.584, 21.174, 22.155, 22.94, 24.104, 24.697, 25.522, 27.428, 28.99, 30.205, 32.009, 33.704, 35.039, 36.07, 36.725, 37.253, 38.072, 38.041, 37.992, 38.755, 39.442, 39.638, 39.965, 40.723, 41.065, 40.763, 40.171, 39.92, 39.989, 39.867, 39.818, 40.261, 40.447, 40.099, 39.811, 39.873, 40.012, 40.142, 40.048, 39.751, 39.631, 39.744, 39.354, 38.622, 38.461, 38.933, 39.419, 39.47, 39.094, 38.968, 38.918, 38.769, 38.757, 39.033, 39.158, 39.191, 39.401, 39.773, 40.19, 40.267, 40.085, 39.235, 37.974, 37.886, 38.459, 38.087, 37.706, 38.372, 39.421, 39.802, 39.801, 39.627, 39.456, 39.495, 39.526, 39.482, 39.867, 40.394, 40.598, 40.648, 40.802, 40.868, 40.797, 40.423, 39.863, 39.863, 40.55, 40.817, 40.173, 40.043, 40.681, 41.14, 41.455, 41.758, 42.041, 42.032, 41.68, 41.423, 41.536, 41.742, 41.861, 42.013, 42.587, 43.293, 43.484, 43.414, 42.958, 42.128, 41.504, 41.417, 41.459, 40.866, 39.952, 39.982, 40.299, 39.802, 39.286, 38.899, 38.569, 38.966, 39.646, 39.757, 43.544], [41.605, 41.322, 41.755, 40.896, 38.536, 35.231, 32.913, 32.417, 31.262, 27.464, 23.731, 22.15, 20.829, 18.657, 16.752, 15.516, 14.437, 13.132, 11.2, 8.313, 4.784, 0.0, 7.57, 15.243, 19.511, 20.812, 21.846, 23.265, 23.99, 24.883, 26.869, 28.457, 29.679, 31.529, 33.27, 34.642, 35.705, 36.311, 36.703, 37.418, 37.358, 37.383, 38.269, 39.038, 39.224, 39.509, 40.304, 40.67, 40.345, 39.715, 39.448, 39.511, 39.353, 39.274, 39.712, 39.875, 39.503, 39.22, 39.29, 39.427, 39.562, 39.46, 39.135, 38.986, 39.101, 38.71, 37.941, 37.736, 38.227, 38.742, 38.784, 38.379, 38.243, 38.194, 38.045, 38.045, 38.345, 38.485, 38.528, 38.748, 39.142, 39.588, 39.693, 39.525, 38.622, 37.298, 37.283, 37.951, 37.575, 37.175, 37.9, 39.031, 39.462, 39.496, 39.32, 39.132, 39.174, 39.219, 39.184, 39.576, 40.118, 40.324, 40.355, 40.503, 40.606, 40.585, 40.213, 39.596, 39.572, 40.306, 40.598, 39.897, 39.684, 40.281, 40.743, 41.082, 41.408, 41.702, 41.682, 41.308, 41.047, 41.182, 41.407, 41.54, 41.706, 42.302, 43.028, 43.21, 43.097, 42.569, 41.642, 40.93, 40.806, 40.848, 40.226, 39.258, 39.266, 39.601, 39.097, 38.57, 38.16, 37.775, 38.162, 38.886, 39.026, 43.644], [42.482, 42.217, 42.651, 41.727, 39.26, 35.815, 33.433, 33.021, 31.989, 28.153, 24.12, 22.441, 21.471, 19.879, 18.381, 17.243, 16.058, 14.534, 12.836, 11.791, 11.053, 7.57, 0.0, 8.64, 14.272, 16.682, 18.581, 20.681, 21.666, 22.628, 24.844, 26.656, 27.989, 29.927, 31.821, 33.484, 34.827, 35.468, 35.714, 36.247, 36.08, 36.176, 37.25, 38.197, 38.466, 38.655, 39.411, 39.83, 39.532, 38.872, 38.58, 38.619, 38.397, 38.283, 38.735, 38.86, 38.426, 38.125, 38.185, 38.277, 38.397, 38.298, 37.93, 37.71, 37.811, 37.411, 36.58, 36.324, 36.864, 37.44, 37.469, 37.016, 36.885, 36.835, 36.656, 36.646, 36.973, 37.126, 37.183, 37.413, 37.906, 38.502, 38.689, 38.496, 37.518, 36.336, 36.72, 37.602, 37.163, 36.704, 37.531, 38.796, 39.302, 39.368, 39.17, 38.957, 39.028, 39.109, 39.061, 39.4, 39.921, 40.128, 40.126, 40.246, 40.404, 40.466, 40.078, 39.363, 39.317, 40.145, 40.446, 39.553, 39.076, 39.531, 39.98, 40.381, 40.761, 41.069, 41.033, 40.622, 40.353, 40.515, 40.755, 40.898, 41.1, 41.773, 42.57, 42.778, 42.62, 41.972, 40.859, 39.982, 39.798, 39.819, 39.102, 38.006, 37.968, 38.351, 37.823, 37.249, 36.823, 36.426, 36.873, 37.74, 37.971, 44.657], [43.672, 43.424, 43.864, 42.96, 40.604, 37.328, 35.095, 34.813, 33.996, 30.448, 26.451, 24.757, 24.094, 23.051, 21.975, 21.017, 19.912, 18.489, 17.114, 17.025, 17.584, 15.243, 8.64, 0.0, 7.102, 11.457, 14.846, 17.875, 19.216, 20.286, 22.835, 25.099, 26.636, 28.565, 30.571, 32.622, 34.424, 35.274, 35.468, 35.869, 35.652, 35.812, 36.987, 38.015, 38.349, 38.484, 39.16, 39.584, 39.315, 38.671, 38.399, 38.43, 38.186, 38.064, 38.493, 38.564, 38.087, 37.774, 37.809, 37.837, 37.927, 37.85, 37.487, 37.241, 37.314, 36.929, 36.124, 35.868, 36.422, 37.022, 37.045, 36.585, 36.487, 36.442, 36.229, 36.186, 36.496, 36.647, 36.716, 36.942, 37.5, 38.217, 38.459, 38.232, 37.246, 36.367, 37.154, 38.163, 37.685, 37.192, 38.037, 39.327, 39.863, 39.946, 39.754, 39.547, 39.646, 39.75, 39.706, 39.982, 40.446, 40.651, 40.637, 40.734, 40.915, 41.015, 40.626, 39.884, 39.835, 40.701, 40.991, 39.978, 39.285, 39.556, 39.96, 40.401, 40.81, 41.112, 41.063, 40.649, 40.387, 40.548, 40.773, 40.912, 41.148, 41.854, 42.661, 42.892, 42.712, 41.996, 40.781, 39.811, 39.608, 39.615, 38.841, 37.669, 37.563, 37.965, 37.44, 36.845, 36.473, 36.166, 36.664, 37.601, 37.888, 45.898], [44.144, 43.92, 44.398, 43.572, 41.41, 38.435, 36.416, 36.209, 35.501, 32.21, 28.418, 26.803, 26.258, 25.471, 24.674, 23.879, 22.884, 21.638, 20.449, 20.436, 21.174, 19.511, 14.272, 7.102, 0.0, 6.014, 11.106, 15.165, 16.955, 18.333, 21.343, 24.119, 25.875, 27.773, 29.846, 32.1, 34.192, 35.326, 35.604, 35.99, 35.807, 36.021, 37.202, 38.221, 38.577, 38.731, 39.377, 39.777, 39.508, 38.902, 38.676, 38.738, 38.523, 38.402, 38.774, 38.815, 38.348, 38.042, 38.07, 38.078, 38.159, 38.101, 37.767, 37.539, 37.603, 37.234, 36.479, 36.249, 36.791, 37.379, 37.411, 36.98, 36.91, 36.879, 36.674, 36.628, 36.913, 37.055, 37.129, 37.365, 37.932, 38.647, 38.871, 38.635, 37.673, 36.89, 37.732, 38.727, 38.249, 37.754, 38.559, 39.802, 40.329, 40.43, 40.268, 40.08, 40.184, 40.298, 40.275, 40.536, 40.963, 41.162, 41.166, 41.269, 41.444, 41.528, 41.141, 40.417, 40.358, 41.211, 41.518, 40.553, 39.861, 40.058, 40.431, 40.882, 41.297, 41.588, 41.541, 41.151, 40.909, 41.058, 41.26, 41.389, 41.635, 42.307, 43.047, 43.258, 43.07, 42.358, 41.157, 40.205, 40.027, 40.054, 39.311, 38.153, 37.997, 38.395, 37.881, 37.274, 36.971, 36.765, 37.266, 38.165, 38.437, 46.342], [44.192, 43.979, 44.453, 43.675, 41.645, 38.862, 36.97, 36.794, 36.092, 32.903, 29.284, 27.7, 27.07, 26.284, 25.617, 24.933, 23.999, 22.857, 21.75, 21.585, 22.155, 20.812, 16.682, 11.457, 6.014, 0.0, 6.229, 11.447, 13.816, 15.569, 19.121, 22.417, 24.471, 26.558, 28.814, 31.153, 33.314, 34.693, 35.192, 35.707, 35.614, 35.882, 37.073, 38.095, 38.492, 38.739, 39.462, 39.874, 39.597, 39.01, 38.836, 38.951, 38.78, 38.668, 39.036, 39.096, 38.646, 38.343, 38.395, 38.433, 38.525, 38.473, 38.15, 37.93, 37.983, 37.6, 36.847, 36.616, 37.135, 37.704, 37.739, 37.323, 37.263, 37.247, 37.066, 37.034, 37.315, 37.446, 37.516, 37.76, 38.31, 38.988, 39.18, 38.933, 37.987, 37.124, 37.824, 38.748, 38.261, 37.773, 38.576, 39.803, 40.315, 40.42, 40.281, 40.11, 40.205, 40.307, 40.291, 40.556, 40.979, 41.181, 41.213, 41.343, 41.512, 41.576, 41.184, 40.475, 40.435, 41.303, 41.642, 40.723, 40.066, 40.275, 40.661, 41.114, 41.519, 41.801, 41.757, 41.392, 41.175, 41.321, 41.515, 41.645, 41.89, 42.526, 43.223, 43.416, 43.225, 42.52, 41.344, 40.426, 40.272, 40.323, 39.623, 38.491, 38.311, 38.696, 38.186, 37.584, 37.313, 37.142, 37.637, 38.504, 38.747, 46.311], [44.374, 44.215, 44.646, 43.892, 42.022, 39.452, 37.688, 37.525, 36.839, 33.808, 30.368, 28.771, 27.973, 27.057, 26.391, 25.756, 24.859, 23.795, 22.775, 22.518, 22.94, 21.846, 18.581, 14.846, 11.106, 6.229, 0.0, 6.109, 9.421, 11.794, 15.904, 19.835, 22.348, 24.771, 27.331, 29.852, 32.185, 33.933, 34.775, 35.505, 35.559, 35.894, 37.094, 38.119, 38.558, 38.915, 39.73, 40.162, 39.882, 39.308, 39.17, 39.328, 39.199, 39.106, 39.479, 39.561, 39.117, 38.804, 38.868, 38.929, 39.015, 38.967, 38.673, 38.466, 38.5, 38.117, 37.395, 37.163, 37.633, 38.172, 38.207, 37.805, 37.756, 37.753, 37.589, 37.563, 37.825, 37.935, 38.0, 38.253, 38.764, 39.388, 39.543, 39.287, 38.381, 37.481, 38.032, 38.844, 38.345, 37.871, 38.656, 39.848, 40.325, 40.413, 40.301, 40.165, 40.255, 40.335, 40.316, 40.566, 40.975, 41.186, 41.25, 41.401, 41.558, 41.601, 41.212, 40.552, 40.561, 41.426, 41.751, 40.857, 40.244, 40.487, 40.889, 41.332, 41.716, 41.985, 41.946, 41.602, 41.399, 41.539, 41.727, 41.855, 42.1, 42.715, 43.394, 43.591, 43.413, 42.719, 41.582, 40.716, 40.589, 40.655, 40.003, 38.924, 38.733, 39.083, 38.578, 38.002, 37.766, 37.616, 38.082, 38.891, 39.084, 46.328], [44.847, 44.739, 45.136, 44.398, 42.66, 40.293, 38.667, 38.513, 37.87, 35.042, 31.784, 30.193, 29.256, 28.2, 27.496, 26.898, 26.061, 25.076, 24.104, 23.764, 24.104, 23.265, 20.681, 17.875, 15.165, 11.447, 6.109, 0.0, 4.584, 8.553, 13.516, 17.998, 20.864, 23.482, 26.246, 28.951, 31.509, 33.641, 34.824, 35.77, 35.972, 36.342, 37.518, 38.534, 39.002, 39.434, 40.302, 40.742, 40.477, 39.935, 39.82, 39.989, 39.889, 39.823, 40.184, 40.267, 39.838, 39.526, 39.595, 39.666, 39.745, 39.708, 39.459, 39.289, 39.321, 38.97, 38.316, 38.098, 38.504, 39.007, 39.045, 38.664, 38.628, 38.633, 38.474, 38.435, 38.66, 38.752, 38.812, 39.063, 39.526, 40.089, 40.205, 39.952, 39.12, 38.265, 38.706, 39.393, 38.9, 38.447, 39.166, 40.264, 40.685, 40.757, 40.694, 40.607, 40.696, 40.767, 40.757, 40.974, 41.346, 41.562, 41.654, 41.818, 41.967, 41.994, 41.612, 41.014, 41.069, 41.878, 42.142, 41.267, 40.717, 41.001, 41.409, 41.826, 42.184, 42.438, 42.403, 42.079, 41.875, 41.991, 42.161, 42.287, 42.546, 43.154, 43.804, 44.012, 43.865, 43.225, 42.179, 41.398, 41.306, 41.381, 40.79, 39.79, 39.579, 39.888, 39.398, 38.86, 38.671, 38.559, 38.969, 39.683, 39.829, 46.644], [45.082, 44.974, 45.385, 44.691, 43.003, 40.701, 39.166, 39.058, 38.451, 35.706, 32.503, 30.87, 29.838, 28.72, 28.029, 27.492, 26.715, 25.757, 24.769, 24.37, 24.697, 23.99, 21.666, 19.216, 16.955, 13.816, 9.421, 4.584, 0.0, 5.568, 12.048, 17.157, 20.133, 22.766, 25.592, 28.408, 31.107, 33.421, 34.813, 35.922, 36.189, 36.546, 37.713, 38.742, 39.236, 39.713, 40.594, 41.023, 40.756, 40.228, 40.115, 40.272, 40.181, 40.135, 40.482, 40.553, 40.143, 39.851, 39.927, 39.999, 40.079, 40.053, 39.828, 39.679, 39.717, 39.386, 38.763, 38.548, 38.926, 39.413, 39.446, 39.067, 39.042, 39.056, 38.894, 38.84, 39.051, 39.145, 39.199, 39.438, 39.886, 40.444, 40.573, 40.349, 39.563, 38.743, 39.15, 39.8, 39.33, 38.874, 39.544, 40.589, 40.985, 41.058, 41.024, 40.946, 41.026, 41.103, 41.1, 41.283, 41.621, 41.834, 41.938, 42.116, 42.276, 42.301, 41.913, 41.328, 41.389, 42.167, 42.407, 41.528, 40.981, 41.271, 41.68, 42.087, 42.43, 42.672, 42.641, 42.335, 42.142, 42.25, 42.409, 42.534, 42.818, 43.449, 44.094, 44.305, 44.167, 43.55, 42.548, 41.812, 41.744, 41.828, 41.271, 40.309, 40.072, 40.366, 39.893, 39.369, 39.195, 39.095, 39.474, 40.154, 40.296, 46.836], [45.168, 45.051, 45.481, 44.859, 43.236, 40.986, 39.538, 39.509, 38.995, 36.44, 33.28, 31.529, 30.451, 29.376, 28.722, 28.216, 27.448, 26.477, 25.498, 25.142, 25.522, 24.883, 22.628, 20.286, 18.333, 15.569, 11.794, 8.553, 5.568, 0.0, 7.876, 14.335, 17.916, 20.723, 23.786, 27.042, 30.244, 32.936, 34.532, 35.742, 36.08, 36.504, 37.737, 38.808, 39.347, 39.84, 40.677, 41.06, 40.767, 40.225, 40.098, 40.254, 40.176, 40.153, 40.513, 40.598, 40.213, 39.936, 40.003, 40.048, 40.098, 40.064, 39.854, 39.702, 39.707, 39.375, 38.783, 38.574, 38.924, 39.397, 39.421, 39.038, 39.021, 39.054, 38.91, 38.858, 39.062, 39.162, 39.213, 39.451, 39.956, 40.585, 40.755, 40.553, 39.77, 39.019, 39.502, 40.167, 39.714, 39.255, 39.91, 40.935, 41.324, 41.403, 41.357, 41.244, 41.299, 41.377, 41.366, 41.499, 41.792, 41.995, 42.095, 42.266, 42.43, 42.464, 42.073, 41.479, 41.538, 42.313, 42.546, 41.645, 41.035, 41.263, 41.659, 42.071, 42.415, 42.653, 42.626, 42.339, 42.178, 42.31, 42.475, 42.602, 42.913, 43.576, 44.234, 44.456, 44.307, 43.67, 42.651, 41.917, 41.873, 41.97, 41.414, 40.435, 40.143, 40.415, 39.956, 39.44, 39.283, 39.209, 39.583, 40.279, 40.45, 46.911], [45.35, 45.209, 45.635, 45.061, 43.511, 41.387, 40.026, 40.01, 39.636, 37.53, 34.666, 32.909, 31.87, 30.893, 30.267, 29.765, 29.012, 28.095, 27.234, 27.001, 27.428, 26.869, 24.844, 22.835, 21.343, 19.121, 15.904, 13.516, 12.048, 7.876, 0.0, 8.044, 13.181, 16.678, 20.106, 24.048, 28.287, 31.815, 33.738, 35.057, 35.522, 36.088, 37.427, 38.568, 39.177, 39.723, 40.566, 40.932, 40.608, 40.036, 39.899, 40.081, 40.028, 40.029, 40.439, 40.572, 40.209, 39.936, 40.002, 40.036, 40.056, 40.003, 39.809, 39.666, 39.64, 39.294, 38.721, 38.515, 38.844, 39.299, 39.32, 38.951, 38.944, 38.99, 38.871, 38.828, 39.021, 39.112, 39.158, 39.397, 39.98, 40.692, 40.885, 40.661, 39.873, 39.243, 39.841, 40.512, 40.055, 39.621, 40.294, 41.309, 41.684, 41.759, 41.701, 41.559, 41.585, 41.657, 41.644, 41.748, 42.003, 42.182, 42.262, 42.401, 42.549, 42.587, 42.195, 41.596, 41.691, 42.478, 42.661, 41.684, 40.985, 41.148, 41.531, 41.939, 42.279, 42.523, 42.499, 42.222, 42.088, 42.254, 42.44, 42.567, 42.869, 43.541, 44.218, 44.458, 44.316, 43.669, 42.638, 41.917, 41.906, 42.011, 41.435, 40.427, 40.078, 40.313, 39.876, 39.365, 39.234, 39.232, 39.623, 40.357, 40.565, 47.072], [45.297, 45.13, 45.569, 45.012, 43.454, 41.388, 40.055, 40.007, 39.689, 37.88, 35.387, 33.765, 32.789, 31.92, 31.368, 30.934, 30.258, 29.44, 28.708, 28.566, 28.99, 28.457, 26.656, 25.099, 24.119, 22.417, 19.835, 17.998, 17.157, 14.335, 8.044, 0.0, 6.788, 11.884, 15.918, 20.203, 25.441, 30.01, 32.353, 33.769, 34.306, 34.981, 36.44, 37.671, 38.356, 39.003, 39.926, 40.318, 39.977, 39.356, 39.195, 39.401, 39.344, 39.336, 39.78, 39.932, 39.56, 39.291, 39.381, 39.45, 39.498, 39.444, 39.248, 39.109, 39.101, 38.742, 38.119, 37.896, 38.254, 38.726, 38.746, 38.378, 38.377, 38.423, 38.312, 38.291, 38.503, 38.586, 38.619, 38.859, 39.502, 40.25, 40.452, 40.218, 39.453, 38.879, 39.542, 40.244, 39.77, 39.343, 40.054, 41.105, 41.474, 41.529, 41.465, 41.308, 41.327, 41.417, 41.424, 41.551, 41.819, 41.981, 42.026, 42.131, 42.266, 42.31, 41.905, 41.279, 41.398, 42.212, 42.341, 41.266, 40.512, 40.7, 41.094, 41.485, 41.819, 42.085, 42.062, 41.765, 41.624, 41.81, 42.023, 42.144, 42.377, 43.013, 43.714, 43.966, 43.832, 43.198, 42.191, 41.505, 41.521, 41.624, 41.029, 40.024, 39.678, 39.911, 39.493, 38.954, 38.774, 38.812, 39.266, 40.065, 40.297, 47.046], [45.336, 45.151, 45.608, 45.078, 43.529, 41.505, 40.227, 40.197, 39.859, 38.102, 35.786, 34.263, 33.324, 32.569, 32.142, 31.822, 31.238, 30.486, 29.843, 29.779, 30.205, 29.679, 27.989, 26.636, 25.875, 24.471, 22.348, 20.864, 20.133, 17.916, 13.181, 6.788, 0.0, 6.676, 12.27, 17.457, 23.589, 29.018, 31.728, 33.156, 33.676, 34.391, 35.923, 37.196, 37.91, 38.623, 39.598, 40.004, 39.656, 39.017, 38.844, 39.048, 38.98, 38.958, 39.395, 39.524, 39.138, 38.875, 38.983, 39.094, 39.204, 39.183, 38.997, 38.854, 38.869, 38.525, 37.894, 37.683, 38.081, 38.574, 38.589, 38.191, 38.154, 38.188, 38.08, 38.079, 38.325, 38.426, 38.454, 38.695, 39.358, 40.118, 40.328, 40.112, 39.393, 38.809, 39.445, 40.151, 39.663, 39.196, 39.884, 40.948, 41.309, 41.352, 41.297, 41.15, 41.183, 41.288, 41.299, 41.422, 41.686, 41.845, 41.876, 41.967, 42.096, 42.132, 41.709, 41.06, 41.166, 41.951, 42.038, 40.95, 40.225, 40.444, 40.835, 41.22, 41.571, 41.861, 41.836, 41.515, 41.356, 41.547, 41.771, 41.874, 42.046, 42.656, 43.371, 43.637, 43.505, 42.884, 41.93, 41.31, 41.355, 41.454, 40.9, 40.013, 39.708, 39.93, 39.527, 39.007, 38.759, 38.765, 39.253, 40.078, 40.302, 47.085], [45.905, 45.728, 46.168, 45.67, 44.2, 42.313, 41.203, 41.235, 40.911, 39.291, 37.065, 35.554, 34.672, 34.013, 33.643, 33.375, 32.841, 32.132, 31.566, 31.571, 32.009, 31.529, 29.927, 28.565, 27.773, 26.558, 24.771, 23.482, 22.766, 20.723, 16.678, 11.884, 6.676, 0.0, 7.489, 15.178, 23.062, 29.255, 32.174, 33.555, 34.077, 34.788, 36.285, 37.547, 38.287, 39.055, 40.06, 40.484, 40.179, 39.627, 39.504, 39.72, 39.682, 39.676, 40.068, 40.155, 39.774, 39.527, 39.649, 39.793, 39.948, 39.967, 39.817, 39.671, 39.666, 39.369, 38.836, 38.67, 39.041, 39.496, 39.513, 39.118, 39.04, 39.053, 38.948, 38.936, 39.157, 39.272, 39.311, 39.536, 40.195, 40.989, 41.21, 40.994, 40.316, 39.807, 40.45, 41.115, 40.635, 40.156, 40.762, 41.736, 42.055, 42.088, 42.052, 41.932, 41.976, 42.074, 42.077, 42.158, 42.365, 42.497, 42.516, 42.598, 42.717, 42.731, 42.31, 41.697, 41.786, 42.473, 42.515, 41.496, 40.847, 41.033, 41.382, 41.743, 42.099, 42.394, 42.369, 42.067, 41.925, 42.113, 42.329, 42.425, 42.594, 43.168, 43.813, 44.072, 43.94, 43.329, 42.454, 41.945, 42.041, 42.134, 41.674, 40.986, 40.716, 40.875, 40.499, 40.052, 39.808, 39.815, 40.287, 41.049, 41.25, 47.541], [46.26, 46.095, 46.515, 46.041, 44.602, 42.788, 41.77, 41.825, 41.582, 40.287, 38.364, 36.897, 36.048, 35.475, 35.102, 34.807, 34.287, 33.653, 33.223, 33.301, 33.704, 33.27, 31.821, 30.571, 29.846, 28.814, 27.331, 26.246, 25.592, 23.786, 20.106, 15.918, 12.27, 7.489, 0.0, 10.04, 20.812, 28.526, 31.734, 33.057, 33.657, 34.452, 35.931, 37.189, 38.005, 38.901, 40.005, 40.489, 40.253, 39.801, 39.748, 39.99, 39.977, 40.016, 40.42, 40.477, 40.086, 39.87, 40.032, 40.216, 40.425, 40.471, 40.335, 40.207, 40.212, 39.959, 39.491, 39.355, 39.711, 40.128, 40.148, 39.796, 39.721, 39.714, 39.625, 39.636, 39.843, 39.939, 39.986, 40.207, 40.854, 41.681, 41.908, 41.649, 40.934, 40.507, 41.226, 41.898, 41.433, 40.982, 41.557, 42.464, 42.748, 42.77, 42.739, 42.621, 42.658, 42.747, 42.751, 42.835, 43.006, 43.085, 43.078, 43.155, 43.272, 43.296, 42.915, 42.348, 42.437, 43.109, 43.154, 42.157, 41.516, 41.675, 41.995, 42.298, 42.6