[[0.0, 5.352, 9.536, 14.855, 23.123, 29.88, 32.361, 34.201, 36.125, 37.952, 39.647, 40.846, 41.612, 41.961, 42.33, 42.805, 43.355, 43.706, 43.823, 44.095, 44.876, 45.822, 46.278, 46.245, 46.292, 46.638, 47.381, 47.775, 47.871, 48.186, 48.672, 48.856, 48.938, 49.061, 49.1, 49.168, 49.188, 48.986, 48.775, 48.766, 48.688, 48.62, 48.66, 48.766, 49.086, 49.387, 49.447, 49.619, 49.936, 50.033, 50.022, 49.861, 49.624, 49.539, 49.452, 49.096, 48.733, 48.834, 48.874, 48.55, 48.367, 48.21, 47.782, 47.565, 47.735, 47.942, 48.15, 48.252, 48.378, 48.643, 48.676, 48.645, 48.684, 48.698, 48.659, 48.64, 48.614, 48.573, 48.529, 48.626, 48.989, 49.36, 49.506, 49.661, 50.128, 50.451, 50.362, 50.359, 50.325, 50.196, 50.213, 50.392, 50.447, 50.334, 50.258, 50.052, 49.624, 49.596, 49.784, 49.756, 49.44, 49.104, 49.088, 49.275, 49.235, 49.349, 49.539, 49.55, 49.381, 49.245, 49.197, 49.018, 48.986, 49.463, 49.99, 50.241, 50.207, 49.663, 49.217, 49.179, 49.199, 49.28, 49.414, 49.231, 49.09, 49.357, 49.901, 50.133, 49.945, 49.568, 49.106, 48.668, 48.172, 47.696, 47.629, 47.592, 47.9, 48.211, 48.275, 48.355, 48.407, 48.237, 48.254, 48.741, 49.241, 49.163, 48.808, 48.74, 49.306, 49.757, 49.97, 50.228, 50.994, 52.422, 53.354, 52.629, 51.324, 51.408, 51.766, 51.59, 51.203, 50.929, 50.737, 50.497, 50.174, 50.092, 50.62, 51.401, 51.452, 51.15, 51.071, 51.071, 51.203, 51.232, 50.887, 50.809, 51.779, 52.659, 52.227, 51.2, 51.071, 51.218, 51.33, 51.716, 52.476, 53.366, 53.512, 53.215, 53.143, 53.212, 53.145, 53.452, 53.577, 52.736, 51.846, 51.454, 51.748, 52.567, 53.707, 54.187, 53.751, 53.604, 54.798, 55.633, 55.308, 9.921], [5.352, 0.0, 6.147, 12.385, 20.629, 27.254, 29.795, 31.912, 34.085, 36.1, 37.99, 39.386, 40.341, 40.817, 41.255, 41.849, 42.582, 43.04, 43.205, 43.572, 44.519, 45.668, 46.258, 46.249, 46.296, 46.798, 47.77, 48.266, 48.38, 48.741, 49.306, 49.55, 49.674, 49.819, 49.858, 49.919, 49.932, 49.712, 49.464, 49.428, 49.327, 49.246, 49.32, 49.468, 49.809, 50.13, 50.198, 50.353, 50.661, 50.756, 50.738, 50.598, 50.383, 50.311, 50.251, 49.929, 49.595, 49.687, 49.704, 49.361, 49.169, 49.014, 48.584, 48.343, 48.495, 48.703, 48.9, 48.982, 49.103, 49.377, 49.41, 49.358, 49.381, 49.39, 49.343, 49.322, 49.307, 49.292, 49.271, 49.376, 49.752, 50.142, 50.294, 50.447, 50.929, 51.246, 51.112, 51.086, 51.084, 50.977, 50.997, 51.183, 51.229, 51.105, 51.039, 50.829, 50.393, 50.37, 50.561, 50.502, 50.141, 49.808, 49.8, 49.938, 49.887, 50.026, 50.209, 50.159, 49.886, 49.667, 49.601, 49.432, 49.409, 49.897, 50.427, 50.679, 50.633, 50.085, 49.641, 49.601, 49.627, 49.717, 49.866, 49.713, 49.579, 49.808, 50.324, 50.593, 50.451, 50.081, 49.608, 49.101, 48.549, 48.101, 48.087, 48.108, 48.455, 48.776, 48.839, 48.913, 48.971, 48.828, 48.867, 49.355, 49.843, 49.725, 49.283, 49.092, 49.568, 49.993, 50.208, 50.452, 51.139, 52.43, 53.271, 52.564, 51.365, 51.543, 51.93, 51.769, 51.419, 51.174, 50.986, 50.767, 50.471, 50.368, 50.808, 51.516, 51.575, 51.309, 51.239, 51.246, 51.414, 51.508, 51.246, 51.205, 52.123, 52.967, 52.573, 51.603, 51.51, 51.669, 51.777, 52.137, 52.835, 53.674, 53.807, 53.513, 53.432, 53.492, 53.414, 53.683, 53.787, 53.007, 52.188, 51.79, 52.029, 52.819, 53.985, 54.52, 54.123, 54.002, 55.163, 55.961, 55.654, 13.57], [9.536, 6.147, 0.0, 8.305, 18.432, 25.476, 27.789, 29.823, 32.148, 34.348, 36.358, 37.802, 38.83, 39.385, 39.867, 40.533, 41.384, 41.912, 42.08, 42.459, 43.457, 44.652, 45.25, 45.237, 45.285, 45.858, 46.983, 47.564, 47.691, 48.128, 48.819, 49.151, 49.271, 49.355, 49.359, 49.429, 49.474, 49.3, 49.092, 49.074, 48.991, 48.944, 49.076, 49.28, 49.64, 49.95, 49.99, 50.122, 50.397, 50.454, 50.42, 50.272, 50.008, 49.89, 49.837, 49.541, 49.204, 49.234, 49.213, 48.867, 48.678, 48.521, 48.082, 47.824, 47.978, 48.162, 48.315, 48.372, 48.475, 48.729, 48.735, 48.659, 48.676, 48.69, 48.656, 48.657, 48.651, 48.633, 48.611, 48.711, 49.079, 49.461, 49.616, 49.778, 50.264, 50.568, 50.418, 50.378, 50.372, 50.28, 50.322, 50.517, 50.549, 50.42, 50.361, 50.149, 49.707, 49.68, 49.875, 49.803, 49.457, 49.234, 49.364, 49.56, 49.483, 49.574, 49.742, 49.693, 49.422, 49.223, 49.187, 49.031, 48.994, 49.457, 49.972, 50.215, 50.163, 49.602, 49.146, 49.107, 49.126, 49.168, 49.276, 49.112, 48.975, 49.184, 49.684, 49.95, 49.816, 49.439, 48.954, 48.458, 47.889, 47.414, 47.428, 47.509, 47.882, 48.208, 48.271, 48.344, 48.4, 48.244, 48.27, 48.765, 49.25, 49.105, 48.65, 48.458, 48.885, 49.253, 49.454, 49.686, 50.343, 51.646, 52.511, 51.792, 50.582, 50.777, 51.177, 51.016, 50.652, 50.403, 50.235, 50.031, 49.738, 49.637, 50.066, 50.768, 50.846, 50.593, 50.529, 50.55, 50.739, 50.845, 50.577, 50.536, 51.46, 52.306, 51.905, 50.96, 50.956, 51.163, 51.255, 51.566, 52.253, 53.113, 53.245, 52.94, 52.865, 52.938, 52.852, 53.111, 53.217, 52.446, 51.605, 51.195, 51.465, 52.275, 53.44, 54.019, 53.652, 53.493, 54.642, 55.478, 55.17, 15.764], [14.855, 12.385, 8.305, 0.0, 11.883, 20.425, 23.532, 25.881, 28.361, 30.786, 33.047, 34.782, 36.139, 37.0, 37.805, 38.864, 40.054, 40.751, 41.024, 41.493, 42.583, 43.9, 44.614, 44.665, 44.729, 45.47, 46.869, 47.547, 47.671, 48.211, 49.085, 49.558, 49.718, 49.753, 49.728, 49.827, 49.919, 49.792, 49.61, 49.583, 49.481, 49.441, 49.62, 49.873, 50.261, 50.577, 50.604, 50.705, 50.93, 50.959, 50.923, 50.762, 50.448, 50.305, 50.286, 50.026, 49.666, 49.607, 49.521, 49.171, 48.986, 48.833, 48.368, 48.028, 48.157, 48.368, 48.535, 48.586, 48.678, 48.915, 48.923, 48.846, 48.856, 48.865, 48.845, 48.862, 48.862, 48.841, 48.802, 48.882, 49.233, 49.597, 49.76, 49.961, 50.486, 50.792, 50.622, 50.575, 50.583, 50.511, 50.562, 50.77, 50.806, 50.658, 50.608, 50.436, 50.012, 49.966, 50.158, 50.073, 49.691, 49.51, 49.787, 50.104, 50.041, 50.099, 50.293, 50.304, 50.068, 49.832, 49.729, 49.553, 49.493, 49.87, 50.309, 50.525, 50.446, 49.819, 49.325, 49.289, 49.287, 49.289, 49.398, 49.24, 49.084, 49.257, 49.729, 49.977, 49.792, 49.353, 48.881, 48.398, 47.79, 47.329, 47.423, 47.59, 47.992, 48.317, 48.369, 48.441, 48.504, 48.36, 48.4, 48.929, 49.443, 49.286, 48.798, 48.544, 48.896, 49.24, 49.441, 49.645, 50.227, 51.437, 52.241, 51.512, 50.32, 50.513, 50.919, 50.776, 50.404, 50.139, 49.983, 49.797, 49.514, 49.404, 49.784, 50.454, 50.576, 50.367, 50.297, 50.312, 50.516, 50.67, 50.5, 50.541, 51.464, 52.318, 51.962, 51.079, 51.158, 51.399, 51.485, 51.787, 52.495, 53.372, 53.493, 53.19, 53.136, 53.23, 53.145, 53.383, 53.489, 52.742, 51.897, 51.483, 51.735, 52.499, 53.641, 54.226, 53.876, 53.681, 54.701, 55.464, 55.172, 20.881], [23.123, 20.629, 18.432, 11.883, 0.0, 10.188, 15.992, 20.277, 23.125, 25.665, 28.397, 30.952, 33.182, 34.73, 36.197, 38.11, 40.101, 41.17, 41.681, 42.429, 43.779, 45.447, 46.531, 46.688, 46.761, 47.874, 49.761, 50.574, 50.708, 51.386, 52.481, 53.137, 53.434, 53.51, 53.49, 53.6, 53.691, 53.522, 53.249, 53.114, 52.901, 52.783, 52.966, 53.248, 53.663, 54.015, 54.088, 54.161, 54.319, 54.345, 54.333, 54.215, 53.968, 53.914, 54.0, 53.816, 53.481, 53.398, 53.247, 52.856, 52.667, 52.561, 52.101, 51.634, 51.693, 52.004, 52.274, 52.337, 52.416, 52.674, 52.742, 52.689, 52.659, 52.634, 52.626, 52.661, 52.686, 52.73, 52.735, 52.825, 53.175, 53.529, 53.713, 53.971, 54.591, 54.907, 54.629, 54.517, 54.591, 54.564, 54.592, 54.815, 54.855, 54.675, 54.638, 54.503, 54.061, 53.984, 54.175, 54.076, 53.59, 53.265, 53.503, 53.812, 53.807, 53.956, 54.191, 54.11, 53.618, 53.021, 52.696, 52.497, 52.438, 52.731, 53.083, 53.267, 53.126, 52.437, 51.934, 51.894, 51.887, 51.958, 52.208, 52.164, 52.0, 52.056, 52.438, 52.734, 52.559, 52.094, 51.68, 51.134, 50.439, 50.077, 50.327, 50.642, 51.104, 51.412, 51.438, 51.497, 51.588, 51.553, 51.674, 52.242, 52.788, 52.624, 52.001, 51.477, 51.598, 51.889, 52.103, 52.25, 52.539, 53.25, 53.739, 53.096, 52.188, 52.486, 52.863, 52.749, 52.479, 52.277, 52.117, 51.965, 51.763, 51.627, 51.803, 52.252, 52.386, 52.303, 52.249, 52.238, 52.453, 52.759, 52.917, 53.111, 53.832, 54.578, 54.401, 53.771, 53.987, 54.27, 54.408, 54.742, 55.339, 56.041, 56.102, 55.822, 55.773, 55.857, 55.745, 55.868, 55.987, 55.473, 54.876, 54.489, 54.524, 55.047, 56.111, 56.724, 56.434, 56.263, 57.005, 57.454, 57.233, 28.875], [29.88, 27.254, 25.476, 20.425, 10.188, 0.0, 8.887, 15.961, 19.511, 21.903, 24.82, 28.1, 31.219, 33.422, 35.365, 37.908, 40.647, 42.085, 42.758, 43.765, 45.394, 47.398, 48.829, 49.057, 49.136, 50.597, 52.919, 53.862, 54.023, 54.832, 56.112, 56.901, 57.284, 57.413, 57.419, 57.509, 57.548, 57.303, 56.93, 56.703, 56.407, 56.219, 56.388, 56.671, 57.067, 57.432, 57.56, 57.615, 57.719, 57.751, 57.762, 57.695, 57.554, 57.609, 57.784, 57.666, 57.403, 57.378, 57.247, 56.848, 56.655, 56.589, 56.168, 55.646, 55.66, 56.023, 56.339, 56.389, 56.445, 56.711, 56.82, 56.775, 56.704, 56.656, 56.675, 56.732, 56.771, 56.869, 56.932, 57.053, 57.411, 57.765, 57.964, 58.241, 58.908, 59.205, 58.802, 58.613, 58.741, 58.753, 58.768, 59.007, 59.045, 58.847, 58.817, 58.668, 58.185, 58.092, 58.292, 58.173, 57.604, 57.168, 57.336, 57.553, 57.544, 57.785, 58.043, 57.818, 57.0, 56.038, 55.549, 55.354, 55.307, 55.586, 55.916, 56.083, 55.9, 55.231, 54.776, 54.732, 54.74, 54.903, 55.299, 55.393, 55.237, 55.18, 55.504, 55.911, 55.832, 55.419, 55.064, 54.468, 53.718, 53.415, 53.73, 54.126, 54.625, 54.917, 54.92, 54.946, 55.038, 55.089, 55.274, 55.839, 56.379, 56.219, 55.498, 54.766, 54.686, 54.888, 55.099, 55.211, 55.222, 55.446, 55.651, 55.126, 54.512, 54.908, 55.218, 55.126, 54.993, 54.874, 54.704, 54.593, 54.499, 54.364, 54.35, 54.559, 54.667, 54.687, 54.659, 54.622, 54.819, 55.213, 55.609, 55.91, 56.437, 57.062, 57.065, 56.747, 57.17, 57.507, 57.685, 57.999, 58.414, 58.905, 58.915, 58.657, 58.593, 58.653, 58.499, 58.483, 58.606, 58.337, 57.998, 57.604, 57.389, 57.645, 58.6, 59.252, 59.021, 58.874, 59.448, 59.654, 59.482, 34.964], [32.361, 29.795, 27.789, 23.532, 15.992, 8.887, 0.0, 8.774, 14.006, 17.192, 20.226, 23.877, 27.688, 30.425, 32.651, 35.465, 38.631, 40.361, 41.112, 42.235, 44.033, 46.247, 47.909, 48.226, 48.337, 50.027, 52.691, 53.77, 53.931, 54.869, 56.349, 57.24, 57.597, 57.702, 57.73, 57.802, 57.782, 57.485, 57.092, 56.852, 56.536, 56.344, 56.526, 56.791, 57.118, 57.451, 57.616, 57.67, 57.737, 57.771, 57.803, 57.751, 57.64, 57.733, 57.926, 57.831, 57.64, 57.719, 57.681, 57.327, 57.125, 57.057, 56.661, 56.146, 56.157, 56.51, 56.794, 56.802, 56.82, 57.086, 57.216, 57.17, 57.071, 57.029, 57.094, 57.169, 57.187, 57.265, 57.325, 57.45, 57.802, 58.156, 58.362, 58.623, 59.274, 59.542, 59.069, 58.836, 58.987, 59.02, 59.031, 59.276, 59.312, 59.112, 59.077, 58.905, 58.39, 58.29, 58.493, 58.331, 57.699, 57.307, 57.567, 57.792, 57.72, 57.95, 58.236, 58.021, 57.119, 56.051, 55.538, 55.347, 55.289, 55.59, 55.95, 56.118, 55.937, 55.309, 54.88, 54.832, 54.844, 55.011, 55.421, 55.556, 55.409, 55.326, 55.675, 56.175, 56.186, 55.81, 55.453, 54.856, 54.098, 53.775, 54.061, 54.442, 54.943, 55.234, 55.224, 55.22, 55.287, 55.342, 55.536, 56.081, 56.609, 56.478, 55.773, 55.039, 54.939, 55.095, 55.297, 55.415, 55.362, 55.477, 55.64, 55.173, 54.634, 55.034, 55.296, 55.218, 55.12, 54.997, 54.818, 54.737, 54.707, 54.609, 54.556, 54.669, 54.743, 54.786, 54.785, 54.768, 54.933, 55.258, 55.602, 55.899, 56.426, 57.02, 57.055, 56.915, 57.543, 57.917, 58.062, 58.309, 58.646, 59.096, 59.111, 58.855, 58.764, 58.812, 58.645, 58.573, 58.665, 58.413, 58.082, 57.642, 57.342, 57.511, 58.396, 59.033, 58.804, 58.661, 59.259, 59.416, 59.215, 36.768], [34.201, 31.912, 29.823, 25.881, 20.277, 15.961, 8.774, 0.0, 7.207, 12.331, 16.013, 19.861, 24.098, 27.257, 29.78, 32.827, 36.236, 38.166, 38.986, 40.134, 41.948, 44.257, 46.095, 46.524, 46.662, 48.448, 51.317, 52.493, 52.637, 53.692, 55.365, 56.366, 56.696, 56.768, 56.822, 56.9, 56.846, 56.539, 56.187, 55.984, 55.693, 55.552, 55.777, 56.03, 56.288, 56.566, 56.734, 56.791, 56.832, 56.857, 56.905, 56.856, 56.73, 56.808, 56.994, 56.904, 56.741, 56.876, 56.914, 56.595, 56.375, 56.286, 55.897, 55.389, 55.396, 55.733, 55.995, 55.97, 55.96, 56.237, 56.396, 56.36, 56.246, 56.208, 56.306, 56.395, 56.388, 56.426, 56.457, 56.556, 56.875, 57.219, 57.44, 57.695, 58.32, 58.573, 58.09, 57.846, 58.003, 58.052, 58.057, 58.288, 58.318, 58.12, 58.084, 57.915, 57.406, 57.311, 57.518, 57.31, 56.634, 56.323, 56.71, 57.01, 56.909, 57.093, 57.412, 57.303, 56.507, 55.51, 55.018, 54.811, 54.726, 55.014, 55.372, 55.53, 55.368, 54.772, 54.344, 54.292, 54.301, 54.419, 54.763, 54.863, 54.713, 54.647, 55.017, 55.533, 55.584, 55.219, 54.828, 54.231, 53.468, 53.129, 53.4, 53.747, 54.196, 54.477, 54.469, 54.463, 54.525, 54.566, 54.747, 55.273, 55.799, 55.709, 55.06, 54.406, 54.362, 54.512, 54.709, 54.829, 54.814, 55.022, 55.265, 54.83, 54.265, 54.604, 54.842, 54.778, 54.641, 54.478, 54.311, 54.251, 54.234, 54.156, 54.126, 54.248, 54.325, 54.365, 54.378, 54.389, 54.548, 54.789, 54.976, 55.207, 55.766, 56.342, 56.29, 56.151, 56.857, 57.236, 57.343, 57.561, 57.909, 58.384, 58.408, 58.133, 58.018, 58.07, 57.915, 57.852, 57.921, 57.591, 57.17, 56.719, 56.476, 56.698, 57.566, 58.158, 57.907, 57.755, 58.407, 58.589, 58.345, 38.0], [36.125, 34.085, 32.148, 28.361, 23.125, 19.511, 14.006, 7.207, 0.0, 6.766, 12.295, 17.034, 21.533, 24.84, 27.576, 30.941, 34.662, 36.77, 37.705, 38.92, 40.72, 43.095, 45.113, 45.648, 45.785, 47.611, 50.598, 51.827, 51.947, 53.057, 54.846, 55.925, 56.258, 56.315, 56.391, 56.496, 56.433, 56.111, 55.774, 55.596, 55.322, 55.207, 55.454, 55.706, 55.926, 56.165, 56.315, 56.363, 56.394, 56.42, 56.476, 56.432, 56.303, 56.387, 56.592, 56.508, 56.337, 56.477, 56.543, 56.227, 55.988, 55.896, 55.507, 54.991, 54.995, 55.337, 55.618, 55.603, 55.595, 55.899, 56.1, 56.093, 55.982, 55.944, 56.064, 56.17, 56.15, 56.165, 56.185, 56.265, 56.553, 56.888, 57.119, 57.369, 57.982, 58.249, 57.792, 57.551, 57.69, 57.727, 57.721, 57.931, 57.941, 57.738, 57.702, 57.533, 57.05, 56.982, 57.191, 56.963, 56.261, 55.975, 56.403, 56.737, 56.64, 56.813, 57.154, 57.103, 56.352, 55.382, 54.897, 54.685, 54.585, 54.835, 55.156, 55.293, 55.138, 54.557, 54.127, 54.073, 54.082, 54.182, 54.503, 54.588, 54.436, 54.376, 54.742, 55.248, 55.306, 54.96, 54.576, 53.959, 53.192, 52.885, 53.172, 53.491, 53.869, 54.122, 54.13, 54.137, 54.207, 54.258, 54.441, 54.957, 55.477, 55.401, 54.794, 54.188, 54.149, 54.273, 54.459, 54.566, 54.573, 54.841, 55.127, 54.689, 54.082, 54.379, 54.614, 54.547, 54.373, 54.197, 54.053, 54.005, 53.985, 53.901, 53.868, 54.013, 54.111, 54.152, 54.16, 54.17, 54.343, 54.593, 54.768, 54.997, 55.552, 56.093, 55.969, 55.794, 56.501, 56.893, 57.007, 57.24, 57.616, 58.105, 58.119, 57.82, 57.682, 57.736, 57.582, 57.518, 57.595, 57.246, 56.782, 56.337, 56.153, 56.439, 57.341, 57.928, 57.658, 57.494, 58.158, 58.348, 58.081, 39.526], [37.952, 36.1, 34.348, 30.786, 25.665, 21.903, 17.192, 12.331, 6.766, 0.0, 7.53, 14.425, 19.936, 23.405, 26.18, 29.838, 33.948, 36.232, 37.245, 38.569, 40.459, 42.946, 45.115, 45.696, 45.816, 47.718, 50.843, 52.118, 52.226, 53.376, 55.246, 56.372, 56.712, 56.754, 56.835, 56.97, 56.92, 56.579, 56.221, 56.032, 55.747, 55.622, 55.875, 56.137, 56.357, 56.587, 56.729, 56.771, 56.802, 56.833, 56.893, 56.857, 56.743, 56.852, 57.09, 57.016, 56.821, 56.933, 56.985, 56.682, 56.462, 56.377, 55.984, 55.444, 55.442, 55.802, 56.101, 56.093, 56.091, 56.4, 56.611, 56.624, 56.525, 56.484, 56.616, 56.738, 56.717, 56.733, 56.769, 56.85, 57.118, 57.445, 57.682, 57.932, 58.546, 58.828, 58.381, 58.136, 58.268, 58.294, 58.277, 58.47, 58.461, 58.245, 58.204, 58.024, 57.547, 57.49, 57.693, 57.464, 56.765, 56.505, 56.955, 57.284, 57.178, 57.36, 57.71, 57.632, 56.805, 55.779, 55.286, 55.09, 54.975, 55.165, 55.44, 55.561, 55.397, 54.811, 54.382, 54.326, 54.33, 54.438, 54.791, 54.907, 54.759, 54.672, 55.027, 55.571, 55.667, 55.368, 55.015, 54.377, 53.614, 53.343, 53.628, 53.914, 54.248, 54.48, 54.494, 54.501, 54.563, 54.629, 54.831, 55.35, 55.864, 55.789, 55.188, 54.588, 54.532, 54.635, 54.824, 54.904, 54.833, 55.009, 55.245, 54.798, 54.197, 54.498, 54.728, 54.671, 54.514, 54.347, 54.211, 54.182, 54.178, 54.077, 53.996, 54.108, 54.208, 54.263, 54.261, 54.25, 54.423, 54.723, 54.986, 55.276, 55.836, 56.362, 56.255, 56.138, 56.899, 57.324, 57.451, 57.696, 58.073, 58.549, 58.557, 58.26, 58.116, 58.163, 58.002, 57.913, 57.971, 57.631, 57.19, 56.752, 56.557, 56.831, 57.734, 58.324, 58.048, 57.908, 58.611, 58.792, 58.512, 41.089], [39.647, 37.99, 36.358, 33.047, 28.397, 24.82, 20.226, 16.013, 12.295, 7.53, 0.0, 9.155, 16.76, 21.099, 24.039, 27.956, 32.552, 35.107, 36.182, 37.6, 39.648, 42.317, 44.643, 45.264, 45.374, 47.381, 50.694, 52.047, 52.146, 53.357, 55.342, 56.55, 56.908, 56.943, 57.034, 57.191, 57.172, 56.885, 56.58, 56.393, 56.088, 55.953, 56.202, 56.452, 56.656, 56.889, 57.036, 57.073, 57.109, 57.163, 57.236, 57.201, 57.088, 57.201, 57.45, 57.383, 57.172, 57.243, 57.278, 57.04, 56.863, 56.784, 56.406, 55.85, 55.825, 56.185, 56.465, 56.438, 56.438, 56.73, 56.91, 56.907, 56.807, 56.765, 56.902, 57.034, 57.019, 57.05, 57.1, 57.175, 57.415, 57.728, 57.977, 58.232, 58.84, 59.103, 58.628, 58.37, 58.518, 58.558, 58.53, 58.699, 58.668, 58.444, 58.399, 58.213, 57.75, 57.698, 57.891, 57.666, 57.011, 56.857, 57.398, 57.75, 57.602, 57.756, 58.113, 58.004, 57.082, 55.974, 55.455, 55.274, 55.141, 55.268, 55.508, 55.625, 55.452, 54.86, 54.444, 54.39, 54.37, 54.471, 54.844, 54.968, 54.808, 54.691, 55.034, 55.626, 55.792, 55.55, 55.221, 54.615, 53.893, 53.643, 53.915, 54.158, 54.468, 54.69, 54.695, 54.684, 54.713, 54.765, 54.974, 55.491, 56.014, 55.973, 55.397, 54.829, 54.777, 54.849, 55.05, 55.105, 54.88, 54.897, 55.086, 54.666, 54.079, 54.329, 54.522, 54.513, 54.417, 54.268, 54.135, 54.124, 54.146, 54.051, 53.949, 54.024, 54.108, 54.171, 54.166, 54.139, 54.298, 54.618, 54.923, 55.246, 55.829, 56.37, 56.334, 56.322, 57.168, 57.603, 57.719, 57.95, 58.324, 58.799, 58.815, 58.543, 58.405, 58.446, 58.298, 58.199, 58.215, 57.855, 57.427, 57.006, 56.817, 57.087, 57.989, 58.579, 58.285, 58.164, 58.941, 59.133, 58.81, 42.545], [40.846, 39.386, 37.802, 34.782, 30.952, 28.1, 23.877, 19.861, 17.034, 14.425, 9.155, 0.0, 9.307, 15.314, 19.105, 23.433, 28.569, 31.506, 32.768, 34.347, 36.565, 39.445, 41.998, 42.713, 42.838, 44.968, 48.529, 50.026, 50.098, 51.352, 53.527, 54.938, 55.367, 55.411, 55.533, 55.728, 55.775, 55.639, 55.503, 55.371, 55.081, 54.965, 55.204, 55.428, 55.606, 55.84, 55.981, 56.003, 56.035, 56.119, 56.21, 56.152, 55.981, 56.044, 56.272, 56.206, 55.974, 55.977, 56.012, 55.879, 55.746, 55.671, 55.338, 54.836, 54.823, 55.148, 55.378, 55.343, 55.354, 55.639, 55.797, 55.775, 55.667, 55.632, 55.778, 55.926, 55.914, 55.929, 55.958, 56.002, 56.201, 56.484, 56.723, 56.963, 57.533, 57.762, 57.288, 57.033, 57.156, 57.19, 57.156, 57.279, 57.217, 57.006, 56.962, 56.776, 56.366, 56.33, 56.511, 56.305, 55.731, 55.668, 56.292, 56.709, 56.548, 56.644, 57.001, 56.929, 56.019, 54.903, 54.38, 54.198, 54.062, 54.166, 54.384, 54.496, 54.334, 53.753, 53.351, 53.302, 53.258, 53.316, 53.65, 53.724, 53.537, 53.446, 53.838, 54.421, 54.57, 54.363, 54.089, 53.575, 52.909, 52.666, 52.919, 53.139, 53.44, 53.653, 53.645, 53.636, 53.64, 53.645, 53.836, 54.333, 54.848, 54.849, 54.348, 53.879, 53.847, 53.843, 54.02, 54.08, 53.826, 53.874, 54.134, 53.693, 52.952, 53.027, 53.184, 53.229, 53.154, 53.016, 52.891, 52.863, 52.887, 52.834, 52.803, 52.94, 53.041, 53.106, 53.104, 53.071, 53.207, 53.505, 53.801, 54.15, 54.802, 55.41, 55.418, 55.421, 56.245, 56.658, 56.746, 56.94, 57.344, 57.899, 57.955, 57.691, 57.554, 57.608, 57.471, 57.392, 57.419, 57.012, 56.506, 56.073, 55.957, 56.305, 57.247, 57.83, 57.481, 57.302, 58.121, 58.401, 58.012, 43.46], [41.612, 40.341, 38.83, 36.139, 33.182, 31.219, 27.688, 24.098, 21.533, 19.936, 16.76, 9.307, 0.0, 7.461, 12.841, 18.182, 23.829, 27.013, 28.554, 30.417, 32.806, 35.887, 38.704, 39.561, 39.742, 42.006, 45.822, 47.485, 47.522, 48.788, 51.171, 52.833, 53.364, 53.446, 53.617, 53.851, 53.961, 53.974, 53.988, 53.915, 53.661, 53.573, 53.801, 53.997, 54.144, 54.373, 54.522, 54.548, 54.576, 54.67, 54.771, 54.699, 54.475, 54.489, 54.683, 54.616, 54.377, 54.333, 54.395, 54.352, 54.239, 54.16, 53.884, 53.489, 53.52, 53.811, 54.014, 54.002, 54.025, 54.302, 54.461, 54.451, 54.356, 54.326, 54.473, 54.635, 54.618, 54.6, 54.598, 54.617, 54.784, 55.032, 55.234, 55.44, 55.965, 56.168, 55.729, 55.49, 55.566, 55.567, 55.525, 55.612, 55.536, 55.346, 55.302, 55.102, 54.712, 54.686, 54.863, 54.692, 54.197, 54.14, 54.739, 55.173, 55.025, 55.084, 55.427, 55.406, 54.574, 53.53, 53.052, 52.881, 52.76, 52.867, 53.079, 53.19, 53.045, 52.472, 52.072, 52.03, 51.978, 51.98, 52.242, 52.275, 52.087, 52.049, 52.512, 53.077, 53.174, 53.005, 52.82, 52.398, 51.784, 51.545, 51.772, 51.958, 52.237, 52.446, 52.431, 52.434, 52.429, 52.395, 52.569, 53.051, 53.552, 53.582, 53.174, 52.822, 52.837, 52.793, 52.943, 53.033, 52.879, 53.074, 53.418, 52.89, 51.909, 51.803, 51.937, 51.985, 51.891, 51.753, 51.625, 51.562, 51.566, 51.549, 51.618, 51.856, 51.982, 52.041, 52.049, 52.008, 52.11, 52.368, 52.653, 53.046, 53.779, 54.44, 54.443, 54.407, 55.15, 55.545, 55.617, 55.782, 56.235, 56.89, 56.981, 56.701, 56.56, 56.62, 56.463, 56.404, 56.466, 56.011, 55.4, 54.941, 54.898, 55.327, 56.289, 56.838, 56.443, 56.197, 57.008, 57.39, 56.976, 43.909], [41.961, 40.817, 39.385, 37.0, 34.73, 33.422, 30.425, 27.257, 24.84, 23.405, 21.099, 15.314, 7.461, 0.0, 6.789, 13.864, 20.387, 23.756, 25.428, 27.5, 30.096, 33.468, 36.557, 37.539, 37.764, 40.09, 44.046, 45.821, 45.843, 47.115, 49.644, 51.49, 52.103, 52.231, 52.446, 52.705, 52.85, 52.943, 53.032, 52.999, 52.781, 52.714, 52.922, 53.074, 53.176, 53.399, 53.574, 53.624, 53.664, 53.766, 53.872, 53.803, 53.575, 53.582, 53.757, 53.685, 53.452, 53.399, 53.486, 53.498, 53.398, 53.318, 53.085, 52.77, 52.833, 53.104, 53.295, 53.301, 53.335, 53.609, 53.768, 53.773, 53.7, 53.676, 53.809, 53.964, 53.941, 53.905, 53.892, 53.905, 54.054, 54.282, 54.458, 54.636, 55.128, 55.317, 54.897, 54.665, 54.708, 54.685, 54.639, 54.71, 54.641, 54.469, 54.422, 54.193, 53.77, 53.738, 53.915, 53.756, 53.312, 53.277, 53.84, 54.269, 54.132, 54.167, 54.501, 54.534, 53.794, 52.831, 52.399, 52.252, 52.148, 52.257, 52.476, 52.601, 52.48, 51.912, 51.502, 51.466, 51.411, 51.356, 51.532, 51.528, 51.354, 51.348, 51.836, 52.379, 52.429, 52.272, 52.155, 51.821, 51.254, 51.01, 51.211, 51.343, 51.585, 51.795, 51.789, 51.799, 51.788, 51.735, 51.909, 52.394, 52.883, 52.922, 52.58, 52.322, 52.405, 52.381, 52.533, 52.653, 52.589, 52.894, 53.296, 52.699, 51.549, 51.337, 51.455, 51.477, 51.366, 51.234, 51.107, 51.035, 51.02, 51.003, 51.129, 51.436, 51.552, 51.588, 51.607, 51.566, 51.64, 51.862, 52.138, 52.563, 53.344, 54.018, 54.0, 53.924, 54.617, 55.012, 55.083, 55.235, 55.722, 56.445, 56.561, 56.276, 56.133, 56.186, 56.015, 55.984, 56.066, 55.561, 54.882, 54.426, 54.432, 54.898, 55.849, 56.357, 55.935, 55.661, 56.475, 56.921, 56.5, 43.991], [42.33, 41.255, 39.867, 37.805, 36.197, 35.365, 32.651, 29.78, 27.576, 26.18, 24.039, 19.105, 12.841, 6.789, 0.0, 8.535, 16.613, 20.693, 22.397, 24.465, 27.393, 31.319, 34.775, 35.849, 36.073, 38.443, 42.488, 44.345, 44.38, 45.681, 48.33, 50.325, 51.01, 51.186, 51.445, 51.73, 51.908, 52.039, 52.153, 52.145, 51.963, 51.919, 52.099, 52.196, 52.246, 52.465, 52.66, 52.72, 52.772, 52.888, 52.993, 52.939, 52.736, 52.758, 52.922, 52.843, 52.628, 52.622, 52.768, 52.846, 52.775, 52.696, 52.498, 52.239, 52.313, 52.55, 52.711, 52.713, 52.759, 53.019, 53.148, 53.144, 53.085, 53.07, 53.18, 53.311, 53.284, 53.238, 53.218, 53.221, 53.351, 53.585, 53.761, 53.909, 54.372, 54.558, 54.139, 53.9, 53.921, 53.888, 53.844, 53.909, 53.84, 53.682, 53.641, 53.377, 52.909, 52.882, 53.058, 52.885, 52.494, 52.549, 53.119, 53.528, 53.374, 53.373, 53.703, 53.793, 53.146, 52.268, 51.884, 51.765, 51.671, 51.78, 52.013, 52.164, 52.086, 51.559, 51.156, 51.126, 51.067, 50.95, 51.046, 51.016, 50.862, 50.875, 51.36, 51.868, 51.895, 51.761, 51.677, 51.376, 50.84, 50.594, 50.742, 50.776, 50.968, 51.184, 51.192, 51.204, 51.179, 51.103, 51.269, 51.742, 52.209, 52.25, 51.96, 51.792, 51.943, 51.926, 52.069, 52.216, 52.216, 52.602, 53.053, 52.406, 51.15, 50.909, 51.049, 51.071, 50.953, 50.817, 50.697, 50.633, 50.611, 50.595, 50.759, 51.097, 51.162, 51.148, 51.177, 51.149, 51.206, 51.393, 51.648, 52.075, 52.872, 53.548, 53.521, 53.427, 54.107, 54.52, 54.586, 54.718, 55.239, 56.028, 56.183, 55.912, 55.771, 55.821, 55.643, 55.621, 55.698, 55.161, 54.425, 53.953, 53.998, 54.495, 55.425, 55.886, 55.431, 55.155, 55.985, 56.487, 56.047, 44.142], [42.805, 41.849, 40.533, 38.864, 38.11, 37.908, 35.465, 32.827, 30.941, 29.838, 27.956, 23.433, 18.182, 13.864, 8.535, 0.0, 9.551, 15.107, 17.3, 19.344, 22.696, 27.445, 31.426, 32.606, 32.851, 35.392, 39.642, 41.605, 41.658, 43.052, 45.883, 48.042, 48.801, 49.048, 49.367, 49.686, 49.916, 50.125, 50.304, 50.339, 50.195, 50.175, 50.344, 50.398, 50.382, 50.599, 50.811, 50.87, 50.938, 51.072, 51.162, 51.099, 50.908, 50.938, 51.095, 51.015, 50.839, 50.94, 51.18, 51.328, 51.308, 51.236, 51.083, 50.91, 51.0, 51.174, 51.285, 51.279, 51.327, 51.542, 51.609, 51.588, 51.542, 51.539, 51.629, 51.732, 51.693, 51.629, 51.59, 51.576, 51.693, 51.943, 52.121, 52.23, 52.647, 52.83, 52.427, 52.197, 52.192, 52.152, 52.115, 52.168, 52.095, 51.96, 51.931, 51.642, 51.147, 51.139, 51.305, 51.124, 50.844, 51.002, 51.581, 51.971, 51.793, 51.735, 52.035, 52.184, 51.688, 50.973, 50.659, 50.553, 50.476, 50.599, 50.841, 51.014, 51.009, 50.573, 50.205, 50.182, 50.123, 49.956, 49.978, 49.915, 49.779, 49.845, 50.344, 50.77, 50.753, 50.679, 50.625, 50.31, 49.778, 49.533, 49.622, 49.537, 49.668, 49.898, 49.929, 49.932, 49.871, 49.747, 49.862, 50.266, 50.692, 50.738, 50.497, 50.435, 50.68, 50.66, 50.77, 50.964, 51.112, 51.669, 52.195, 51.468, 50.073, 49.821, 50.032, 50.068, 49.907, 49.744, 49.619, 49.549, 49.524, 49.552, 49.816, 50.215, 50.225, 50.15, 50.193, 50.182, 50.211, 50.335, 50.522, 50.904, 51.702, 52.408, 52.376, 52.219, 52.821, 53.219, 53.253, 53.36, 53.949, 54.846, 55.066, 54.822, 54.702, 54.76, 54.562, 54.513, 54.552, 53.962, 53.118, 52.581, 52.692, 53.257, 54.164, 54.578, 54.08, 53.789, 54.617, 55.18, 54.697, 44.369], [43.355, 42.582, 41.384, 40.054, 40.101, 40.647, 38.631, 36.236, 34.662, 33.948, 32.552, 28.569, 23.829, 20.387, 16.613, 9.551, 0.0, 7.097, 10.929, 13.6, 17.077, 22.301, 26.703, 28.036, 28.35, 31.125, 35.69, 37.815, 37.863, 39.392, 42.509, 44.906, 45.789, 46.136, 46.515, 46.891, 47.247, 47.654, 48.0, 48.121, 48.02, 48.032, 48.235, 48.301, 48.244, 48.434, 48.633, 48.703, 48.803, 48.948, 49.017, 48.91, 48.651, 48.612, 48.734, 48.656, 48.488, 48.631, 48.921, 49.11, 49.145, 49.088, 48.957, 48.863, 48.986, 49.097, 49.16, 49.15, 49.194, 49.353, 49.366, 49.362, 49.353, 49.373, 49.46, 49.548, 49.481, 49.376, 49.296, 49.25, 49.336, 49.567, 49.74, 49.825, 50.16, 50.317, 49.995, 49.825, 49.792, 49.76, 49.737, 49.753, 49.686, 49.596, 49.574, 49.297, 48.82, 48.813, 48.951, 48.767, 48.617, 48.869, 49.468, 49.903, 49.727, 49.577, 49.818, 50.067, 49.855, 49.448, 49.245, 49.13, 49.077, 49.237, 49.475, 49.645, 49.721, 49.381, 49.042, 49.024, 48.966, 48.757, 48.679, 48.52, 48.366, 48.521, 49.067, 49.356, 49.208, 49.147, 49.168, 48.969, 48.47, 48.156, 48.181, 48.014, 48.069, 48.3, 48.368, 48.377, 48.296, 48.124, 48.161, 48.473, 48.86, 48.923, 48.782, 48.902, 49.303, 49.329, 49.411, 49.66, 50.079, 50.968, 51.625, 50.771, 49.106, 48.722, 48.996, 49.014, 48.742, 48.52, 48.383, 48.293, 48.24, 48.306, 48.719, 49.271, 49.302, 49.187, 49.24, 49.251, 49.256, 49.292, 49.336, 49.632, 50.47, 51.242, 51.118, 50.715, 51.101, 51.433, 51.432, 51.545, 52.266, 53.324, 53.593, 53.352, 53.267, 53.337, 53.117, 53.085, 53.103, 52.383, 51.352, 50.788, 51.106, 51.873, 52.808, 53.189, 52.639, 52.262, 53.06, 53.702, 53.17, 44.627], [43.706, 43.04, 41.912, 40.751, 41.17, 42.085, 40.361, 38.166, 36.77, 36.232, 35.107, 31.506, 27.013, 23.756, 20.693, 15.107, 7.097, 0.0, 5.664, 9.914, 13.431, 18.399, 22.986, 24.521, 24.919, 27.872, 32.734, 35.052, 35.111, 36.731, 40.116, 42.785, 43.82, 44.234, 44.635, 45.066, 45.549, 46.134, 46.633, 46.834, 46.783, 46.843, 47.085, 47.182, 47.126, 47.288, 47.457, 47.543, 47.667, 47.807, 47.87, 47.731, 47.385, 47.258, 47.343, 47.262, 47.052, 47.132, 47.405, 47.61, 47.668, 47.62, 47.472, 47.391, 47.538, 47.627, 47.668, 47.658, 47.705, 47.858, 47.871, 47.898, 47.925, 47.974, 48.089, 48.187, 48.09, 47.948, 47.842, 47.776, 47.837, 48.04, 48.216, 48.307, 48.584, 48.712, 48.46, 48.341, 48.275, 48.245, 48.235, 48.216, 48.143, 48.08, 48.059, 47.802, 47.36, 47.348, 47.465, 47.252, 47.133, 47.466, 48.108, 48.586, 48.41, 48.179, 48.391, 48.752, 48.753, 48.541, 48.399, 48.266, 48.225, 48.413, 48.646, 48.8, 48.912, 48.606, 48.269, 48.254, 48.198, 47.953, 47.806, 47.573, 47.386, 47.59, 48.191, 48.421, 48.147, 48.035, 48.113, 48.068, 47.635, 47.239, 47.185, 46.979, 46.996, 47.219, 47.306, 47.327, 47.252, 47.059, 47.055, 47.323, 47.689, 47.766, 47.719, 47.991, 48.487, 48.531, 48.594, 48.873, 49.463, 50.577, 51.335, 50.41, 48.548, 48.021, 48.306, 48.296, 47.938, 47.676, 47.543, 47.458, 47.404, 47.473, 47.935, 48.587, 48.676, 48.56, 48.618, 48.653, 48.677, 48.682, 48.628, 48.891, 49.819, 50.656, 50.431, 49.814, 50.042, 50.322, 50.31, 50.447, 51.252, 52.398, 52.669, 52.414, 52.348, 52.418, 52.184, 52.188, 52.211, 51.403, 50.257, 49.694, 50.174, 51.117, 52.11, 52.482, 51.89, 51.42, 52.212, 52.929, 52.374, 44.783], [43.823, 43.205, 42.08, 41.024, 41.681, 42.758, 41.112, 38.986, 37.705, 37.245, 36.182, 32.768, 28.554, 25.428, 22.397, 17.3, 10.929, 5.664, 0.0, 5.636, 10.357, 15.739, 20.546, 22.229, 22.661, 25.733, 30.812, 33.297, 33.436, 35.146, 38.698, 41.561, 42.693, 43.124, 43.524, 43.982, 44.513, 45.172, 45.752, 46.01, 46.016, 46.146, 46.421, 46.522, 46.485, 46.677, 46.842, 46.943, 47.095, 47.232, 47.286, 47.132, 46.749, 46.588, 46.658, 46.567, 46.33, 46.385, 46.665, 46.884, 46.93, 46.863, 46.678, 46.58, 46.732, 46.81, 46.834, 46.814, 46.849, 46.995, 47.009, 47.036, 47.073, 47.139, 47.273, 47.374, 47.264, 47.106, 46.994, 46.928, 46.988, 47.189, 47.366, 47.47, 47.751, 47.872, 47.629, 47.515, 47.428, 47.397, 47.39, 47.354, 47.281, 47.24, 47.227, 46.989, 46.577, 46.574, 46.68, 46.42, 46.253, 46.65, 47.373, 47.911, 47.73, 47.435, 47.655, 48.123, 48.227, 48.068, 47.929, 47.779, 47.721, 47.904, 48.136, 48.282, 48.393, 48.069, 47.707, 47.69, 47.636, 47.365, 47.179, 46.916, 46.729, 46.962, 47.601, 47.844, 47.536, 47.377, 47.438, 47.453, 47.052, 46.623, 46.536, 46.297, 46.286, 46.501, 46.593, 46.626, 46.555, 46.337, 46.319, 46.583, 46.938, 47.013, 47.009, 47.373, 47.921, 47.945, 47.992, 48.297, 48.972, 50.211, 51.048, 50.121, 48.19, 47.58, 47.859, 47.856, 47.473, 47.186, 47.06, 46.992, 46.946, 47.011, 47.479, 48.157, 48.248, 48.117, 48.181, 48.242, 48.288, 48.273, 48.156, 48.402, 49.403, 50.29, 50.025, 49.329, 49.502, 49.749, 49.727, 49.872, 50.703, 51.878, 52.149, 51.897, 51.844, 51.909, 51.666, 51.701, 51.733, 50.878, 49.681, 49.122, 49.668, 50.685, 51.701, 52.064, 51.442, 50.916, 51.731, 52.509, 51.945, 44.763], [44.095, 43.572, 42.459, 41.493, 42.429, 43.765, 42.235, 40.134, 38.92, 38.569, 37.6, 34.347, 30.417, 27.5, 24.465, 19.344, 13.6, 9.914, 5.636, 0.0, 6.303, 13.151, 18.55, 20.404, 20.781, 23.76, 28.91, 31.502, 31.701, 33.48, 37.125, 40.083, 41.23, 41.648, 42.053, 42.528, 43.083, 43.797, 44.459, 44.784, 44.864, 45.093, 45.417, 45.511, 45.467, 45.694, 45.869, 45.984, 46.177, 46.319, 46.349, 46.173, 45.757, 45.564, 45.616, 45.52, 45.28, 45.344, 45.653, 45.888, 45.909, 45.802, 45.583, 45.479, 45.623, 45.665, 45.674, 45.656, 45.671, 45.785, 45.767, 45.778, 45.825, 45.893, 46.01, 46.104, 46.0, 45.828, 45.697, 45.622, 45.681, 45.879, 46.053, 46.17, 46.465, 46.609, 46.4, 46.296, 46.184, 46.15, 46.151, 46.093, 46.012, 46.009, 46.008, 45.785, 45.409, 45.417, 45.502, 45.207, 45.028, 45.495, 46.313, 46.954, 46.776, 46.405, 46.63, 47.215, 47.475, 47.423, 47.306, 47.144, 47.065, 47.232, 47.46, 47.601, 47.717, 47.384, 47.006, 46.988, 46.926, 46.617, 46.36, 46.038, 45.859, 46.148, 46.824, 47.058, 46.731, 46.526, 46.562, 46.653, 46.286, 45.818, 45.705, 45.411, 45.333, 45.534, 45.643, 45.699, 45.642, 45.397, 45.35, 45.603, 45.941, 46.014, 46.06, 46.526, 47.165, 47.205, 47.243, 47.567, 48.373, 49.822, 50.78, 49.852, 47.826, 47.1, 47.36, 47.366, 46.936, 46.602, 46.486, 46.426, 46.352, 46.404, 46.922, 47.675, 47.771, 47.602, 47.662, 47.742, 47.786, 47.711, 47.485, 47.683, 48.734, 49.647, 49.31, 48.504, 48.61, 48.831, 48.784, 48.923, 49.795, 51.026, 51.319, 51.081, 51.049, 51.111, 50.86, 50.925, 50.966, 50.043, 48.754, 48.194, 48.845, 49.946, 50.966, 51.305, 50.648, 50.043, 50.858, 51.717, 51.142, 44.813], [44.876, 44.519, 43.457, 42.583, 43.779, 45.394, 44.033, 41.948, 40.72, 40.459, 39.648, 36.565, 32.806, 30.096, 27.393, 22.696, 17.077, 13.431, 10.357, 6.303, 0.0, 8.295, 15.313, 17.959, 18.298, 21.029, 26.399, 29.208, 29.407, 31.274, 35.133, 38.232, 39.343, 39.685, 40.081, 40.603, 41.238, 42.069, 42.853, 43.251, 43.4, 43.73, 44.128, 44.246, 44.157, 44.333, 44.495, 44.643, 44.877, 45.019, 45.025, 44.813, 44.334, 44.081, 44.102, 43.991, 43.722, 43.742, 44.081, 44.357, 44.364, 44.226, 43.991, 43.894, 44.025, 44.02, 44.018, 44.026, 44.037, 44.113, 44.073, 44.104, 44.181, 44.257, 44.371, 44.468, 44.349, 44.141, 43.976, 43.873, 43.892, 44.06, 44.232, 44.359, 44.637, 44.81, 44.684, 44.607, 44.447, 44.412, 44.434, 44.329, 44.22, 44.259, 44.266, 44.063, 43.75, 43.768, 43.822, 43.5, 43.342, 43.888, 44.789, 45.537, 45.367, 44.908, 45.137, 45.877, 46.38, 46.548, 46.509, 46.34, 46.26, 46.446, 46.677, 46.794, 46.935, 46.638, 46.262, 46.241, 46.167, 45.811, 45.458, 45.042, 44.847, 45.211, 45.947, 46.135, 45.721, 45.465, 45.526, 45.776, 45.519, 44.998, 44.787, 44.377, 44.186, 44.359, 44.479, 44.542, 44.504, 44.245, 44.151, 44.354, 44.665, 44.777, 44.949, 45.582, 46.356, 46.46, 46.502, 46.828, 47.779, 49.495, 50.606, 49.641, 47.42, 46.494, 46.723, 46.715, 46.168, 45.761, 45.68, 45.641, 45.542, 45.594, 46.2, 47.098, 47.268, 47.083, 47.135, 47.233, 47.269, 47.113, 46.735, 46.857, 47.975, 48.921, 48.45, 47.441, 47.43, 47.621, 47.551, 47.698, 48.643, 49.958, 50.284, 50.052, 50.036, 50.088, 49.818, 49.916, 49.954, 48.909, 47.468, 46.932, 47.786, 49.051, 50.081, 50.375, 49.685, 48.991, 49.768, 50.695, 50.108, 45.247], [45.822, 45.668, 44.652, 43.9, 45.447, 47.398, 46.247, 44.257, 43.095, 42.946, 42.317, 39.445, 35.887, 33.468, 31.319, 27.445, 22.301, 18.399, 15.739, 13.151, 8.295, 0.0, 8.699, 12.836, 13.493, 15.954, 21.801, 25.02, 25.245, 27.349, 31.677, 35.132, 36.35, 36.681, 37.093, 37.742, 38.573, 39.639, 40.63, 41.135, 41.382, 41.838, 42.339, 42.529, 42.444, 42.557, 42.673, 42.891, 43.203, 43.342, 43.317, 43.028, 42.411, 42.041, 42.011, 41.862, 41.514, 41.424, 41.776, 42.115, 42.133, 41.975, 41.697, 41.605, 41.76, 41.708, 41.667, 41.709, 41.767, 41.829, 41.794, 41.879, 42.003, 42.099, 42.241, 42.349, 42.167, 41.874, 41.651, 41.506, 41.464, 41.571, 41.727, 41.845, 42.054, 42.237, 42.251, 42.241, 42.003, 41.952, 42.001, 41.833, 41.697, 41.79, 41.817, 41.658, 41.448, 41.49, 41.523, 41.184, 41.06, 41.725, 42.73, 43.584, 43.421, 42.852, 43.06, 43.962, 44.771, 45.265, 45.37, 45.194, 45.103, 45.313, 45.542, 45.621, 45.796, 45.548, 45.18, 45.156, 45.067, 44.639, 44.164, 43.633, 43.411, 43.868, 44.716, 44.866, 44.313, 43.995, 44.133, 44.605, 44.473, 43.851, 43.494, 42.965, 42.659, 42.797, 42.932, 42.997, 42.955, 42.658, 42.503, 42.639, 42.909, 43.063, 43.438, 44.361, 45.334, 45.503, 45.551, 45.91, 47.059, 49.082, 50.362, 49.313, 46.777, 45.566, 45.775, 45.757, 45.067, 44.574, 44.531, 44.506, 44.376, 44.432, 45.142, 46.224, 46.513, 46.331, 46.389, 46.528, 46.579, 46.354, 45.821, 45.906, 47.224, 48.324, 47.757, 46.536, 46.388, 46.529, 46.421, 46.583, 47.649, 49.102, 49.43, 49.148, 49.129, 49.177, 48.887, 49.038, 49.093, 47.837, 46.122, 45.586, 46.708, 48.222, 49.277, 49.511, 48.785, 48.019, 48.792, 49.811, 49.205, 45.801], [46.278, 46.258, 45.25, 44.614, 46.531, 48.829, 47.909, 46.095, 45.113, 45.115, 44.643, 41.998, 38.704, 36.557, 34.775, 31.426, 26.703, 22.986, 20.546, 18.55, 15.313, 8.699, 0.0, 5.562, 7.445, 10.141, 16.415, 19.938, 20.286, 22.82, 27.698, 31.575, 33.077, 33.593, 34.071, 34.852, 35.946, 37.316, 38.544, 39.17, 39.51, 40.065, 40.656, 40.961, 41.029, 41.217, 41.299, 41.597, 42.057, 42.232, 42.192, 41.831, 41.067, 40.562, 40.472, 40.302, 39.889, 39.71, 40.033, 40.377, 40.409, 40.251, 39.92, 39.816, 40.01, 39.925, 39.831, 39.895, 40.02, 40.094, 40.06, 40.163, 40.314, 40.418, 40.569, 40.689, 40.471, 40.106, 39.822, 39.634, 39.544, 39.592, 39.723, 39.836, 39.984, 40.172, 40.338, 40.416, 40.129, 40.053, 40.113, 39.909, 39.777, 39.909, 39.952, 39.83, 39.687, 39.749, 39.794, 39.485, 39.417, 40.151, 41.224, 42.168, 42.013, 41.351, 41.503, 42.478, 43.502, 44.25, 44.476, 44.295, 44.182, 44.381, 44.592, 44.657, 44.855, 44.622, 44.258, 44.238, 44.137, 43.658, 43.1, 42.466, 42.206, 42.724, 43.649, 43.744, 43.076, 42.675, 42.884, 43.557, 43.459, 42.692, 42.279, 41.786, 41.477, 41.61, 41.782, 41.881, 41.836, 41.482, 41.282, 41.39, 41.62, 41.746, 42.239, 43.416, 44.568, 44.771, 44.819, 45.259, 46.629, 48.9, 50.29, 49.166, 46.402, 45.0, 45.208, 45.189, 44.425, 43.861, 43.799, 43.739, 43.543, 43.573, 44.337, 45.53, 45.889, 45.694, 45.755, 45.932, 46.01, 45.737, 45.089, 45.137, 46.636, 47.888, 47.266, 45.901, 45.673, 45.782, 45.634, 45.795, 46.965, 48.537, 48.835, 48.48, 48.463, 48.539, 48.26, 48.484, 48.604, 47.227, 45.33, 44.796, 46.111, 47.818, 48.91, 49.118, 48.385, 47.597, 48.419, 49.543, 48.924, 46.031], [46.245, 46.249, 45.237, 44.665, 46.688, 49.057, 48.226, 46.524, 45.648, 45.696, 45.264, 42.713, 39.561, 37.539, 35.849, 32.606, 28.036, 24.521, 22.229, 20.404, 17.959, 12.836, 5.562, 0.0, 3.619, 8.138, 14.759, 18.185, 18.633, 21.45, 26.541, 30.586, 32.256, 32.92, 33.442, 34.247, 35.443, 36.918, 38.18, 38.805, 39.142, 39.702, 40.312, 40.673, 40.863, 41.159, 41.252, 41.58, 42.144, 42.381, 42.358, 42.0, 41.229, 40.711, 40.619, 40.449, 40.027, 39.842, 40.12, 40.427, 40.493, 40.372, 40.04, 39.93, 40.142, 40.084, 39.996, 40.061, 40.202, 40.289, 40.244, 40.332, 40.477, 40.573, 40.717, 40.849, 40.645, 40.289, 40.013, 39.823, 39.718, 39.751, 39.873, 39.973, 40.096, 40.27, 40.453, 40.547, 40.275, 40.19, 40.24, 40.048, 39.932, 40.06, 40.106, 39.987, 39.843, 39.909, 39.97, 39.706, 39.67, 40.353, 41.371, 42.283, 42.124, 41.474, 41.598, 42.5, 43.462, 44.184, 44.415, 44.241, 44.123, 44.302, 44.499, 44.564, 44.755, 44.512, 44.148, 44.132, 44.038, 43.574, 43.039, 42.402, 42.121, 42.621, 43.526, 43.602, 42.94, 42.518, 42.704, 43.373, 43.221, 42.405, 42.063, 41.692, 41.45, 41.594, 41.786, 41.911, 41.868, 41.505, 41.307, 41.42, 41.633, 41.691, 42.111, 43.272, 44.422, 44.616, 44.664, 45.141, 46.564, 48.861, 50.251, 49.144, 46.448, 45.119, 45.349, 45.338, 44.613, 44.049, 43.951, 43.854, 43.632, 43.643, 44.362, 45.509, 45.859, 45.662, 45.712, 45.887, 45.979, 45.712, 45.037, 45.014, 46.462, 47.703, 47.074, 45.72, 45.532, 45.665, 45.526, 45.697, 46.865, 48.406, 48.674, 48.303, 48.295, 48.387, 48.124, 48.369, 48.535, 47.226, 45.416, 44.908, 46.191, 47.885, 48.999, 49.233, 48.524, 47.763, 48.59, 49.712, 49.103, 45.993], [46.292, 46.296, 45.285, 44.729, 46.761, 49.136, 48.337, 46.662, 45.785, 45.816, 45.374, 42.838, 39.742, 37.764, 36.073, 32.851, 28.35, 24.919, 22.661, 20.781, 18.298, 13.493, 7.445, 3.619, 0.0, 6.292, 14.044, 17.786, 18.191, 21.005, 26.24, 30.422, 32.136, 32.796, 33.327, 34.157, 35.388, 36.887, 38.153, 38.773, 39.102, 39.663, 40.275, 40.639, 40.835, 41.139, 41.228, 41.554, 42.141, 42.399, 42.386, 42.042, 41.28, 40.768, 40.689, 40.525, 40.085, 39.87, 40.132, 40.441, 40.527, 40.411, 40.072, 39.961, 40.184, 40.145, 40.068, 40.129, 40.265, 40.355, 40.314, 40.403, 40.551, 40.641, 40.787, 40.933, 40.739, 40.391, 40.121, 39.924, 39.796, 39.821, 39.942, 40.034, 40.151, 40.33, 40.508, 40.599, 40.34, 40.268, 40.32, 40.134, 40.026, 40.153, 40.199, 40.089, 39.956, 40.018, 40.064, 39.79, 39.741, 40.412, 41.44, 42.362, 42.196, 41.553, 41.681, 42.56, 43.488, 44.191, 44.416, 44.245, 44.124, 44.287, 44.473, 44.534, 44.719, 44.478, 44.126, 44.114, 44.018, 43.558, 43.037, 42.399, 42.101, 42.584, 43.476, 43.551, 42.903, 42.479, 42.64, 43.307, 43.137, 42.316, 42.024, 41.695, 41.448, 41.579,